Rotating speed,Vibration of bearing in position 1 of car 1,Shock of bearing in position 1 of car 1,Vibration of bearing in position 2 of car 1,Shock of bearing in position 2 of car 1,Vibration of bearing in position 3 of car 1,Shock of bearing in position 3 of car 1,Vibration of bearing in position 4 of car 1,Shock of bearing in position 4 of car 1,Vibration of bearing in position 5 of car 1,Shock of bearing in position 5 of car 1,Vibration of bearing in position 6 of car 1,Shock of bearing in position 6 of car 1,Vibration of bearing in position 7 of car 1,Shock of bearing in position 7 of car 1,Vibration of bearing in position 8 of car 1,Shock of bearing in position 8 of car 1,Vibration of bearing in position 1 of car 2,Shock of bearing in position 1 of car 2,Vibration of bearing in position 2 of car 2,Shock of bearing in position 2 of car 2,Vibration of bearing in position 3 of car 2,Shock of bearing in position 3 of car 2,Vibration of bearing in position 4 of car 2,Shock of bearing in position 4 of car 2,Vibration of bearing in position 5 of car 2,Shock of bearing in position 5 of car 2,Vibration of bearing in position 6 of car 2,Shock of bearing in position 6 of car 2,Vibration of bearing in position 7 of car 2,Shock of bearing in position 7 of car 2,Vibration of bearing in position 8 of car 2,Shock of bearing in position 8 of car 2,Vibration of bearing in position 1 of car 3,Shock of bearing in position 1 of car 3,Vibration of bearing in position 2 of car 3,Shock of bearing in position 2 of car 3,Vibration of bearing in position 3 of car 3,Shock of bearing in position 3 of car 3,Vibration of bearing in position 4 of car 3,Shock of bearing in position 4 of car 3,Vibration of bearing in position 5 of car 3,Shock of bearing in position 5 of car 3,Vibration of bearing in position 6 of car 3,Shock of bearing in position 6 of car 3,Vibration of bearing in position 7 of car 3,Shock of bearing in position 7 of car 3,Vibration of bearing in position 8 of car 3,Shock of bearing in position 8 of car 3,Vibration of bearing in position 1 of car 4,Shock of bearing in position 1 of car 4,Vibration of bearing in position 2 of car 4,Shock of bearing in position 2 of car 4,Vibration of bearing in position 3 of car 4,Shock of bearing in position 3 of car 4,Vibration of bearing in position 4 of car 4,Shock of bearing in position 4 of car 4,Vibration of bearing in position 5 of car 4,Shock of bearing in position 5 of car 4,Vibration of bearing in position 6 of car 4,Shock of bearing in position 6 of car 4,Vibration of bearing in position 7 of car 4,Shock of bearing in position 7 of car 4,Vibration of bearing in position 8 of car 4,Shock of bearing in position 8 of car 4,Vibration of bearing in position 1 of car 5,Shock of bearing in position 1 of car 5,Vibration of bearing in position 2 of car 5,Shock of bearing in position 2 of car 5,Vibration of bearing in position 3 of car 5,Shock of bearing in position 3 of car 5,Vibration of bearing in position 4 of car 5,Shock of bearing in position 4 of car 5,Vibration of bearing in position 5 of car 5,Shock of bearing in position 5 of car 5,Vibration of bearing in position 6 of car 5,Shock of bearing in position 6 of car 5,Vibration of bearing in position 7 of car 5,Shock of bearing in position 7 of car 5,Vibration of bearing in position 8 of car 5,Shock of bearing in position 8 of car 5,Vibration of bearing in position 1 of car 6,Shock of bearing in position 1 of car 6,Vibration of bearing in position 2 of car 6,Shock of bearing in position 2 of car 6,Vibration of bearing in position 3 of car 6,Shock of bearing in position 3 of car 6,Vibration of bearing in position 4 of car 6,Shock of bearing in position 4 of car 6,Vibration of bearing in position 5 of car 6,Shock of bearing in position 5 of car 6,Vibration of bearing in position 6 of car 6,Shock of bearing in position 6 of car 6,Vibration of bearing in position 7 of car 6,Shock of bearing in position 7 of car 6,Vibration of bearing in position 8 of car 6,Shock of bearing in position 8 of car 6,Vibration of bearing in position 1 of car 7,Shock of bearing in position 1 of car 7,Vibration of bearing in position 2 of car 7,Shock of bearing in position 2 of car 7,Vibration of bearing in position 3 of car 7,Shock of bearing in position 3 of car 7,Vibration of bearing in position 4 of car 7,Shock of bearing in position 4 of car 7,Vibration of bearing in position 5 of car 7,Shock of bearing in position 5 of car 7,Vibration of bearing in position 6 of car 7,Shock of bearing in position 6 of car 7,Vibration of bearing in position 7 of car 7,Shock of bearing in position 7 of car 7,Vibration of bearing in position 8 of car 7,Shock of bearing in position 8 of car 7,Vibration of bearing in position 1 of car 8,Shock of bearing in position 1 of car 8,Vibration of bearing in position 2 of car 8,Shock of bearing in position 2 of car 8,Vibration of bearing in position 3 of car 8,Shock of bearing in position 3 of car 8,Vibration of bearing in position 4 of car 8,Shock of bearing in position 4 of car 8,Vibration of bearing in position 5 of car 8,Shock of bearing in position 5 of car 8,Vibration of bearing in position 6 of car 8,Shock of bearing in position 6 of car 8,Vibration of bearing in position 7 of car 8,Shock of bearing in position 7 of car 8,Vibration of bearing in position 8 of car 8,Shock of bearing in position 8 of car 8
0,-0.37841796875,-0.2685546875,0.29296875,-0.20751953125,-0.20751953125,-0.3173828125,0.03662109375,-0.0244140625,0.28076171875,0.48828125,-0.13427734375,-0.57373046875,-0.2197265625,3.6865234375,-0.09765625,0.390625,0.01220703125,-0.8056640625,0.2197265625,-0.30517578125,-0.03662109375,0.7080078125,0.2197265625,-0.7568359375,-0.1708984375,-0.08544921875,0.03662109375,-0.74462890625,-0.03662109375,0.96435546875,0.2197265625,0.2685546875,-0.03662109375,-0.28076171875,0.048828125,-0.79345703125,-0.146484375,-0.341796875,-0.10986328125,-0.6591796875,0.23193359375,-0.1708984375,-0.42724609375,-0.72021484375,-0.4150390625,-0.48828125,0.1708984375,0.5126953125,0.732421875,1.2451171875,0.09765625,0.54931640625,0.3173828125,-0.09765625,-0.2685546875,0.78125,-0.09765625,0.6591796875,0.048828125,0.4638671875,-0.3173828125,0.5615234375,0.23193359375,0.1708984375,-0.2197265625,0.59814453125,-0.10986328125,1.06201171875,-0.146484375,0.29296875,-0.1708984375,0.23193359375,-0.2197265625,0.32958984375,0.08544921875,0.830078125,-0.03662109375,0.048828125,0.0732421875,1.33056640625,-0.06103515625,-0.91552734375,-0.10986328125,-0.29296875,-0.06103515625,-0.927734375,-0.1953125,-0.732421875,0.13427734375,-1.50146484375,0,-0.20751953125,0.439453125,-0.25634765625,-0.1708984375,-1.123046875,0.146484375,-0.86669921875,-0.06103515625,-0.537109375,-0.18310546875,-0.69580078125,-0.2197265625,0.01220703125,-0.0244140625,-0.7080078125,0.0732421875,-1.42822265625,-0.1953125,-0.9765625,-0.08544921875,0.4638671875,-0.146484375,0.68359375,-0.03662109375,0.29296875,-0.06103515625,0.1220703125,-0.13427734375,0.40283203125,0.23193359375,-0.01220703125,-0.0732421875,0.86669921875,-0.3662109375,-0.439453125,-0.25634765625,-0.439453125
0,-0.32958984375,-0.2685546875,0.28076171875,-0.2197265625,-0.2197265625,-0.32958984375,0.0244140625,-0.01220703125,0.2685546875,0.42724609375,-0.13427734375,-0.6591796875,-0.20751953125,3.50341796875,-0.09765625,0.30517578125,-0.08544921875,-0.86669921875,0.1953125,-0.4150390625,-0.18310546875,0.67138671875,0.2197265625,-0.79345703125,-0.1953125,-0.09765625,0.09765625,-0.74462890625,0.048828125,0.9521484375,0.25634765625,0.25634765625,-0.146484375,-0.2685546875,0.048828125,-0.76904296875,-0.09765625,-0.29296875,-0.0732421875,-0.64697265625,0.2685546875,-0.13427734375,-0.3662109375,-0.67138671875,-0.37841796875,-0.50048828125,0.244140625,0.48828125,0.78125,1.23291015625,0.0244140625,0.5859375,0.29296875,-0.10986328125,-0.30517578125,0.79345703125,-0.09765625,0.6591796875,0.1220703125,0.47607421875,-0.13427734375,0.5615234375,0.20751953125,0.1953125,-0.439453125,0.79345703125,-0.09765625,1.06201171875,-0.1220703125,0.29296875,-0.20751953125,0.20751953125,-0.244140625,0.341796875,0.08544921875,0.87890625,0,0.048828125,0.048828125,1.3427734375,-0.1220703125,-0.93994140625,-0.0732421875,-0.30517578125,0,-0.93994140625,-0.1220703125,-0.732421875,0.1220703125,-1.4892578125,0.01220703125,-0.2197265625,0.244140625,-0.29296875,-0.18310546875,-1.1474609375,0.146484375,-0.830078125,0,-0.5126953125,-0.2197265625,-0.7080078125,-0.18310546875,0,0.048828125,-0.72021484375,0.0732421875,-1.416015625,-0.2197265625,-0.98876953125,-0.1708984375,0.45166015625,-0.1953125,0.830078125,-0.09765625,0.4150390625,-0.09765625,0.1953125,-0.15869140625,0.5126953125,0.20751953125,-0.0244140625,-0.09765625,0.9033203125,-0.42724609375,-0.42724609375,-0.2685546875,-0.42724609375
1,-0.30517578125,-0.28076171875,0.244140625,-0.20751953125,-0.23193359375,-0.341796875,0.01220703125,-0.0244140625,0.23193359375,0.35400390625,-0.13427734375,-0.7080078125,-0.1220703125,3.30810546875,-0.10986328125,0.2197265625,-0.15869140625,-0.927734375,0.06103515625,-0.54931640625,-0.29296875,0.634765625,0.1220703125,-0.84228515625,-0.18310546875,-0.10986328125,0.1708984375,-0.74462890625,0.10986328125,0.93994140625,0.23193359375,0.25634765625,-0.18310546875,-0.2685546875,0.13427734375,-0.78125,-0.06103515625,-0.2685546875,-0.0244140625,-0.6591796875,0.28076171875,-0.1220703125,-0.2685546875,-0.69580078125,-0.4150390625,-0.4638671875,0.2197265625,0.42724609375,0.72021484375,1.2451171875,-0.0244140625,0.5859375,0.28076171875,-0.1220703125,-0.341796875,0.8056640625,-0.01220703125,0.6591796875,0.15869140625,0.4638671875,0.0244140625,0.5615234375,0.18310546875,0.1953125,-0.52490234375,1.03759765625,-0.09765625,1.07421875,-0.13427734375,0.29296875,-0.2197265625,0.2197265625,-0.25634765625,0.3662109375,0.09765625,0.87890625,0.0244140625,0.03662109375,0.048828125,1.35498046875,-0.18310546875,-0.927734375,0.01220703125,-0.30517578125,0.03662109375,-0.9033203125,-0.0244140625,-0.74462890625,0.09765625,-1.4892578125,-0.0244140625,-0.23193359375,0.13427734375,-0.30517578125,-0.20751953125,-1.15966796875,0.13427734375,-0.7568359375,0.0244140625,-0.5126953125,-0.2685546875,-0.69580078125,-0.15869140625,0,0.146484375,-0.732421875,0.048828125,-1.416015625,-0.23193359375,-0.98876953125,-0.2197265625,0.45166015625,-0.1708984375,0.98876953125,-0.0732421875,0.57373046875,-0.0244140625,0.28076171875,-0.1220703125,0.64697265625,0.15869140625,-0.01220703125,-0.0732421875,0.927734375,-0.439453125,-0.40283203125,-0.29296875,-0.439453125
1,-0.30517578125,-0.30517578125,0.1953125,-0.23193359375,-0.20751953125,-0.3662109375,0.0244140625,-0.0244140625,0.244140625,0.2685546875,-0.10986328125,-0.74462890625,-0.1220703125,3.1005859375,-0.09765625,0.15869140625,-0.10986328125,-0.98876953125,0,-0.6591796875,-0.28076171875,0.634765625,0.0732421875,-0.89111328125,-0.13427734375,-0.09765625,0.15869140625,-0.72021484375,0.15869140625,0.9765625,0.18310546875,0.25634765625,-0.2197265625,-0.25634765625,0.2197265625,-0.79345703125,-0.03662109375,-0.28076171875,0.0244140625,-0.6591796875,0.29296875,-0.13427734375,-0.1708984375,-0.68359375,-0.4638671875,-0.4638671875,0.1708984375,0.40283203125,0.69580078125,1.23291015625,-0.0732421875,0.59814453125,0.2685546875,-0.10986328125,-0.42724609375,0.76904296875,0.0244140625,0.64697265625,0.15869140625,0.47607421875,0.1220703125,0.5615234375,0.146484375,0.1953125,-0.6591796875,1.2939453125,-0.09765625,1.08642578125,-0.1220703125,0.2685546875,-0.23193359375,0.2197265625,-0.23193359375,0.35400390625,0.1220703125,0.86669921875,0.0244140625,0.048828125,0.09765625,1.37939453125,-0.23193359375,-0.91552734375,0.09765625,-0.29296875,0.0732421875,-0.91552734375,0.048828125,-0.74462890625,0.10986328125,-1.4892578125,-0.0732421875,-0.25634765625,0.01220703125,-0.29296875,-0.28076171875,-1.15966796875,0.13427734375,-0.68359375,0.08544921875,-0.52490234375,-0.2685546875,-0.69580078125,-0.0732421875,-0.01220703125,0.23193359375,-0.7080078125,0.06103515625,-1.40380859375,-0.244140625,-1.0009765625,-0.25634765625,0.45166015625,-0.244140625,1.11083984375,-0.10986328125,0.6591796875,-0.0732421875,0.341796875,-0.1708984375,0.7080078125,0.13427734375,-0.0244140625,-0.0244140625,0.927734375,-0.4150390625,-0.40283203125,-0.30517578125,-0.4150390625
1,-0.25634765625,-0.3173828125,0.244140625,-0.23193359375,-0.23193359375,-0.37841796875,0.01220703125,-0.0244140625,0.20751953125,0.146484375,-0.13427734375,-0.79345703125,-0.10986328125,2.880859375,-0.13427734375,0.0732421875,-0.09765625,-1.01318359375,-0.10986328125,-0.74462890625,-0.23193359375,0.64697265625,-0.0732421875,-0.87890625,-0.03662109375,-0.10986328125,0.146484375,-0.72021484375,0.18310546875,0.9521484375,0.1220703125,0.25634765625,-0.20751953125,-0.2685546875,0.28076171875,-0.79345703125,-0.0244140625,-0.30517578125,0.03662109375,-0.67138671875,0.29296875,-0.146484375,-0.10986328125,-0.72021484375,-0.47607421875,-0.42724609375,0.1708984375,0.3662109375,0.6591796875,1.23291015625,-0.146484375,0.59814453125,0.20751953125,-0.10986328125,-0.4638671875,0.76904296875,0.08544921875,0.6591796875,0.15869140625,0.47607421875,0.1708984375,0.54931640625,0.0732421875,0.18310546875,-0.732421875,1.5380859375,-0.06103515625,1.08642578125,-0.1220703125,0.28076171875,-0.244140625,0.20751953125,-0.20751953125,0.35400390625,0.146484375,0.89111328125,0.0244140625,0.048828125,0.13427734375,1.37939453125,-0.28076171875,-0.927734375,0.18310546875,-0.28076171875,0.1708984375,-0.91552734375,0.1220703125,-0.76904296875,0.0732421875,-1.4892578125,-0.10986328125,-0.244140625,-0.03662109375,-0.28076171875,-0.3173828125,-1.15966796875,0.10986328125,-0.54931640625,0.06103515625,-0.537109375,-0.244140625,-0.7080078125,0.0244140625,-0.03662109375,0.2685546875,-0.69580078125,0.0244140625,-1.416015625,-0.2197265625,-1.025390625,-0.23193359375,0.439453125,-0.23193359375,1.123046875,-0.048828125,0.68359375,-0.01220703125,0.3173828125,-0.146484375,0.72021484375,0.10986328125,-0.01220703125,0,0.927734375,-0.35400390625,-0.40283203125,-0.3173828125,-0.42724609375
1,-0.2685546875,-0.35400390625,0.2197265625,-0.28076171875,-0.2197265625,-0.4150390625,0.0244140625,-0.01220703125,0.2197265625,0.03662109375,-0.10986328125,-0.84228515625,-0.048828125,2.587890625,-0.13427734375,-0.01220703125,0,-1.0009765625,-0.25634765625,-0.7568359375,-0.18310546875,0.68359375,-0.29296875,-0.8544921875,0.08544921875,-0.09765625,0.08544921875,-0.732421875,0.1953125,0.9765625,0.06103515625,0.23193359375,-0.1220703125,-0.28076171875,0.35400390625,-0.8056640625,-0.01220703125,-0.341796875,0.03662109375,-0.7080078125,0.2685546875,-0.1708984375,-0.0732421875,-0.69580078125,-0.4638671875,-0.4150390625,0.25634765625,0.35400390625,0.634765625,1.220703125,-0.1953125,0.5615234375,0.1708984375,-0.13427734375,-0.47607421875,0.7568359375,0.10986328125,0.64697265625,0.18310546875,0.47607421875,0.10986328125,0.537109375,0.06103515625,0.15869140625,-0.59814453125,1.7822265625,-0.01220703125,1.07421875,-0.13427734375,0.2685546875,-0.2197265625,0.20751953125,-0.1708984375,0.341796875,0.15869140625,0.8544921875,0.01220703125,0.048828125,0.18310546875,1.3916015625,-0.28076171875,-0.927734375,0.244140625,-0.28076171875,0.2197265625,-0.9033203125,0.13427734375,-0.7568359375,0.0244140625,-1.47705078125,-0.15869140625,-0.28076171875,0.03662109375,-0.25634765625,-0.37841796875,-1.171875,0,-0.37841796875,-0.0244140625,-0.537109375,-0.1708984375,-0.69580078125,0.08544921875,-0.06103515625,0.28076171875,-0.68359375,0,-1.4404296875,-0.1708984375,-1.0498046875,-0.18310546875,0.42724609375,-0.2685546875,1.07421875,-0.0732421875,0.634765625,0,0.28076171875,-0.20751953125,0.68359375,0.13427734375,-0.01220703125,0.0732421875,0.927734375,-0.30517578125,-0.390625,-0.29296875,-0.45166015625
1,-0.244140625,-0.35400390625,0.20751953125,-0.3173828125,-0.20751953125,-0.40283203125,-0.0244140625,0,0.244140625,-0.09765625,-0.10986328125,-0.927734375,-0.03662109375,2.25830078125,-0.13427734375,-0.10986328125,0.1220703125,-0.93994140625,-0.28076171875,-0.68359375,-0.09765625,0.74462890625,-0.40283203125,-0.79345703125,0.146484375,-0.10986328125,0.03662109375,-0.7568359375,0.15869140625,0.98876953125,-0.01220703125,0.23193359375,-0.01220703125,-0.28076171875,0.40283203125,-0.8056640625,-0.01220703125,-0.35400390625,0,-0.69580078125,0.244140625,-0.1953125,-0.06103515625,-0.7080078125,-0.439453125,-0.4150390625,0.18310546875,0.3662109375,0.5859375,1.220703125,-0.20751953125,0.537109375,0.09765625,-0.15869140625,-0.45166015625,0.74462890625,0.08544921875,0.6591796875,0.1953125,0.4638671875,0,0.52490234375,0.048828125,0.1708984375,-0.67138671875,1.953125,0.03662109375,1.06201171875,-0.13427734375,0.28076171875,-0.1708984375,0.2197265625,-0.146484375,0.32958984375,0.1708984375,0.81787109375,-0.048828125,0.06103515625,0.28076171875,1.3916015625,-0.25634765625,-0.927734375,0.28076171875,-0.29296875,0.2197265625,-0.927734375,0.15869140625,-0.76904296875,-0.01220703125,-1.4892578125,-0.18310546875,-0.28076171875,0.10986328125,-0.2685546875,-0.4150390625,-1.20849609375,0.03662109375,-0.146484375,-0.10986328125,-0.52490234375,-0.048828125,-0.6591796875,0.13427734375,-0.03662109375,0.1953125,-0.69580078125,0,-1.45263671875,-0.10986328125,-1.025390625,-0.08544921875,0.45166015625,-0.2685546875,0.93994140625,-0.06103515625,0.5126953125,0.06103515625,0.20751953125,-0.23193359375,0.5615234375,0.1708984375,-0.0244140625,0.09765625,0.91552734375,-0.2685546875,-0.4150390625,-0.23193359375,-0.42724609375
1,-0.244140625,-0.35400390625,0.13427734375,-0.341796875,-0.20751953125,-0.42724609375,-0.048828125,-0.01220703125,0.244140625,-0.20751953125,-0.10986328125,-1.0009765625,-0.0244140625,1.8798828125,-0.1220703125,-0.20751953125,0.1953125,-0.84228515625,-0.3173828125,-0.5859375,-0.09765625,0.79345703125,-0.4638671875,-0.72021484375,0.2197265625,-0.1220703125,-0.01220703125,-0.74462890625,0.0732421875,1.01318359375,-0.08544921875,0.2197265625,0.09765625,-0.29296875,0.45166015625,-0.8056640625,-0.08544921875,-0.4150390625,-0.0244140625,-0.72021484375,0.18310546875,-0.23193359375,-0.09765625,-0.7080078125,-0.4150390625,-0.42724609375,0.2685546875,0.3662109375,0.5859375,1.23291015625,-0.20751953125,0.537109375,0.06103515625,-0.15869140625,-0.4150390625,0.72021484375,0.09765625,0.67138671875,0.13427734375,0.47607421875,-0.18310546875,0.5126953125,0.0732421875,0.15869140625,-0.54931640625,2.05078125,0.09765625,1.07421875,-0.146484375,0.28076171875,-0.10986328125,0.244140625,-0.1220703125,0.3173828125,0.1953125,0.830078125,-0.06103515625,0.06103515625,0.30517578125,1.40380859375,-0.1708984375,-0.927734375,0.2685546875,-0.29296875,0.1953125,-0.9521484375,0.18310546875,-0.7568359375,-0.03662109375,-1.47705078125,-0.1953125,-0.25634765625,0.25634765625,-0.2685546875,-0.37841796875,-1.18408203125,-0.06103515625,0.18310546875,-0.23193359375,-0.50048828125,0.03662109375,-0.59814453125,0.18310546875,0.0244140625,0.10986328125,-0.7080078125,-0.01220703125,-1.416015625,-0.048828125,-1.025390625,-0.0244140625,0.45166015625,-0.25634765625,0.76904296875,-0.06103515625,0.35400390625,0.10986328125,0.1220703125,-0.244140625,0.42724609375,0.23193359375,-0.03662109375,0.09765625,0.89111328125,-0.25634765625,-0.42724609375,-0.20751953125,-0.42724609375
1,-0.23193359375,-0.341796875,0.10986328125,-0.35400390625,-0.20751953125,-0.40283203125,-0.06103515625,0,0.25634765625,-0.30517578125,-0.09765625,-1.06201171875,0.01220703125,1.50146484375,-0.10986328125,-0.29296875,0.23193359375,-0.72021484375,-0.28076171875,-0.42724609375,-0.09765625,0.86669921875,-0.42724609375,-0.634765625,0.2197265625,-0.1220703125,-0.048828125,-0.7568359375,0,0.98876953125,-0.13427734375,0.2197265625,0.18310546875,-0.32958984375,0.50048828125,-0.830078125,-0.13427734375,-0.439453125,-0.0244140625,-0.72021484375,0.10986328125,-0.23193359375,-0.18310546875,-0.7080078125,-0.390625,-0.45166015625,0.28076171875,0.390625,0.45166015625,1.25732421875,-0.1953125,0.537109375,0.06103515625,-0.1708984375,-0.42724609375,0.732421875,0.0732421875,0.67138671875,0.06103515625,0.47607421875,-0.42724609375,0.50048828125,0.0732421875,0.15869140625,-0.62255859375,2.06298828125,0.15869140625,1.08642578125,-0.1220703125,0.25634765625,-0.06103515625,0.25634765625,-0.06103515625,0.32958984375,0.20751953125,0.8056640625,-0.08544921875,0.06103515625,0.35400390625,1.416015625,-0.1220703125,-0.9521484375,0.2197265625,-0.29296875,0.146484375,-0.93994140625,0.18310546875,-0.74462890625,-0.0244140625,-1.47705078125,-0.20751953125,-0.25634765625,0.40283203125,-0.2685546875,-0.3173828125,-1.1962890625,-0.048828125,0.6103515625,-0.29296875,-0.4150390625,0.08544921875,-0.54931640625,0.18310546875,0.10986328125,-0.01220703125,-0.7080078125,0.01220703125,-1.40380859375,0.03662109375,-1.03759765625,0.048828125,0.45166015625,-0.2685546875,0.5859375,-0.10986328125,0.20751953125,0.1220703125,0.0732421875,-0.2685546875,0.29296875,0.35400390625,-0.0244140625,0.0732421875,0.87890625,-0.244140625,-0.4150390625,-0.18310546875,-0.4638671875
1,-0.1953125,-0.341796875,0.146484375,-0.35400390625,-0.18310546875,-0.4150390625,-0.08544921875,0.01220703125,0.25634765625,-0.3662109375,-0.10986328125,-1.0986328125,0.01220703125,1.18408203125,-0.10986328125,-0.341796875,0.244140625,-0.57373046875,-0.13427734375,-0.25634765625,-0.06103515625,0.91552734375,-0.20751953125,-0.57373046875,0.146484375,-0.10986328125,-0.0732421875,-0.7568359375,-0.048828125,0.98876953125,-0.1953125,0.23193359375,0.2197265625,-0.341796875,0.439453125,-0.84228515625,-0.18310546875,-0.42724609375,-0.01220703125,-0.7080078125,0.0244140625,-0.25634765625,-0.23193359375,-0.72021484375,-0.37841796875,-0.48828125,0.20751953125,0.40283203125,0.341796875,1.25732421875,-0.146484375,0.54931640625,0.048828125,-0.146484375,-0.37841796875,0.7080078125,0,0.69580078125,0.0244140625,0.48828125,-0.54931640625,0.48828125,0.03662109375,0.146484375,-0.537109375,1.96533203125,0.18310546875,1.08642578125,-0.10986328125,0.2685546875,-0.0244140625,0.28076171875,-0.048828125,0.341796875,0.23193359375,0.8056640625,-0.09765625,0.06103515625,0.37841796875,1.3916015625,-0.01220703125,-0.93994140625,0.18310546875,-0.29296875,0.09765625,-0.96435546875,0.1708984375,-0.74462890625,-0.01220703125,-1.46484375,-0.18310546875,-0.244140625,0.5126953125,-0.29296875,-0.20751953125,-1.18408203125,-0.0244140625,1.13525390625,-0.30517578125,-0.28076171875,0.13427734375,-0.45166015625,0.1708984375,0.23193359375,-0.13427734375,-0.7080078125,0,-1.40380859375,0.0732421875,-1.0009765625,0.08544921875,0.45166015625,-0.2685546875,0.48828125,-0.09765625,0.1220703125,0.15869140625,0.10986328125,-0.244140625,0.1953125,0.40283203125,-0.0244140625,0.06103515625,0.8544921875,-0.244140625,-0.439453125,-0.146484375,-0.439453125
1,-0.15869140625,-0.341796875,0.18310546875,-0.341796875,-0.1708984375,-0.40283203125,-0.10986328125,0,0.2685546875,-0.390625,-0.0732421875,-1.13525390625,-0.01220703125,1.0009765625,-0.09765625,-0.37841796875,0.1708984375,-0.45166015625,-0.03662109375,-0.0732421875,-0.09765625,0.9765625,-0.03662109375,-0.48828125,0.03662109375,-0.13427734375,-0.048828125,-0.78125,-0.09765625,0.9765625,-0.23193359375,0.25634765625,0.2685546875,-0.3173828125,0.4150390625,-0.84228515625,-0.25634765625,-0.439453125,-0.01220703125,-0.69580078125,-0.09765625,-0.2685546875,-0.30517578125,-0.7080078125,-0.390625,-0.48828125,0.2197265625,0.4638671875,0.30517578125,1.25732421875,-0.10986328125,0.537109375,0.06103515625,-0.13427734375,-0.3662109375,0.72021484375,-0.048828125,0.69580078125,0,0.45166015625,-0.5859375,0.50048828125,0.0244140625,0.15869140625,-0.4150390625,1.81884765625,0.1708984375,1.07421875,-0.0732421875,0.28076171875,-0.01220703125,0.2685546875,0,0.35400390625,0.244140625,0.81787109375,-0.08544921875,0.0732421875,0.35400390625,1.37939453125,0.01220703125,-0.93994140625,0.13427734375,-0.28076171875,0.048828125,-0.9521484375,0.1220703125,-0.72021484375,0,-1.46484375,-0.146484375,-0.20751953125,0.5126953125,-0.28076171875,-0.08544921875,-1.18408203125,0.10986328125,1.72119140625,-0.1708984375,-0.1220703125,0.09765625,-0.32958984375,0.13427734375,0.40283203125,-0.25634765625,-0.72021484375,-0.03662109375,-1.416015625,0.08544921875,-0.98876953125,0.08544921875,0.4638671875,-0.2685546875,0.52490234375,-0.0732421875,0.13427734375,0.1220703125,0.244140625,-0.25634765625,0.244140625,0.4638671875,0,0.0244140625,0.84228515625,-0.18310546875,-0.439453125,-0.1220703125,-0.47607421875
1,-0.15869140625,-0.3173828125,0.08544921875,-0.32958984375,-0.146484375,-0.3662109375,-0.146484375,0,0.28076171875,-0.35400390625,-0.06103515625,-1.123046875,-0.01220703125,1.01318359375,-0.09765625,-0.390625,0.13427734375,-0.35400390625,0.1220703125,0.048828125,-0.09765625,1.0009765625,0.1708984375,-0.42724609375,-0.13427734375,-0.1220703125,-0.0732421875,-0.7568359375,-0.1220703125,0.96435546875,-0.2685546875,0.25634765625,0.28076171875,-0.32958984375,0.37841796875,-0.830078125,-0.3173828125,-0.439453125,-0.03662109375,-0.69580078125,-0.13427734375,-0.23193359375,-0.37841796875,-0.72021484375,-0.439453125,-0.50048828125,0.25634765625,0.5126953125,0.20751953125,1.25732421875,-0.0732421875,0.5615234375,0.1220703125,-0.10986328125,-0.32958984375,0.732421875,-0.1220703125,0.69580078125,-0.01220703125,0.48828125,-0.57373046875,0.50048828125,0.06103515625,0.18310546875,-0.341796875,1.57470703125,0.18310546875,1.08642578125,-0.06103515625,0.2685546875,-0.048828125,0.28076171875,0.08544921875,0.3662109375,0.28076171875,0.81787109375,-0.08544921875,0.0732421875,0.35400390625,1.3916015625,0.01220703125,-0.93994140625,0.13427734375,-0.29296875,-0.03662109375,-0.9521484375,0.0244140625,-0.7080078125,0,-1.47705078125,-0.06103515625,-0.1953125,0.48828125,-0.28076171875,0.0244140625,-1.171875,0.1708984375,2.38037109375,-0.03662109375,0.0732421875,0.0244140625,-0.1953125,0.06103515625,0.6103515625,-0.3173828125,-0.7080078125,-0.1220703125,-1.416015625,0.06103515625,-0.96435546875,0.048828125,0.45166015625,-0.25634765625,0.7080078125,-0.06103515625,0.29296875,0.01220703125,0.54931640625,-0.2685546875,0.40283203125,0.4638671875,0.01220703125,-0.01220703125,0.830078125,-0.1220703125,-0.439453125,-0.146484375,-0.45166015625
1,-0.1220703125,-0.30517578125,0.146484375,-0.3173828125,-0.15869140625,-0.3662109375,-0.15869140625,-0.0244140625,0.28076171875,-0.25634765625,-0.06103515625,-1.07421875,0.0244140625,1.220703125,-0.10986328125,-0.32958984375,0.09765625,-0.2685546875,0.2197265625,0.13427734375,-0.08544921875,1.01318359375,0.3173828125,-0.37841796875,-0.29296875,-0.1220703125,-0.048828125,-0.7568359375,-0.15869140625,0.9521484375,-0.30517578125,0.2685546875,0.2197265625,-0.3173828125,0.3662109375,-0.8056640625,-0.35400390625,-0.42724609375,-0.048828125,-0.67138671875,-0.13427734375,-0.23193359375,-0.40283203125,-0.72021484375,-0.48828125,-0.50048828125,0.29296875,0.5615234375,0.20751953125,1.25732421875,-0.0244140625,0.54931640625,0.15869140625,-0.10986328125,-0.30517578125,0.74462890625,-0.18310546875,0.69580078125,-0.01220703125,0.4638671875,-0.57373046875,0.50048828125,0.10986328125,0.1708984375,-0.15869140625,1.2939453125,0.1953125,1.06201171875,-0.0244140625,0.25634765625,-0.0732421875,0.2685546875,0.1708984375,0.3662109375,0.3173828125,0.87890625,-0.08544921875,0.08544921875,0.3173828125,1.3671875,-0.06103515625,-0.927734375,0.10986328125,-0.29296875,-0.0732421875,-0.93994140625,-0.09765625,-0.7080078125,0,-1.46484375,0.03662109375,-0.1708984375,0.390625,-0.29296875,0.146484375,-1.13525390625,0.28076171875,3.06396484375,0.0732421875,0.28076171875,-0.03662109375,-0.06103515625,0.03662109375,0.8056640625,-0.3173828125,-0.74462890625,-0.1953125,-1.3916015625,-0.01220703125,-0.98876953125,0,0.4638671875,-0.28076171875,1.07421875,-0.06103515625,0.6103515625,-0.0732421875,1.0009765625,-0.30517578125,0.72021484375,0.45166015625,0.01220703125,-0.0244140625,0.81787109375,-0.09765625,-0.45166015625,-0.1953125,-0.439453125
1,-0.1220703125,-0.29296875,0.09765625,-0.28076171875,-0.146484375,-0.35400390625,-0.1708984375,-0.0244140625,0.29296875,-0.10986328125,-0.0732421875,-0.96435546875,0.06103515625,1.69677734375,-0.09765625,-0.20751953125,0.0732421875,-0.244140625,0.28076171875,0.1220703125,0.0244140625,1.01318359375,0.35400390625,-0.3662109375,-0.42724609375,-0.1220703125,-0.0732421875,-0.74462890625,-0.20751953125,0.927734375,-0.30517578125,0.28076171875,0.1220703125,-0.28076171875,0.3173828125,-0.79345703125,-0.3662109375,-0.390625,-0.03662109375,-0.67138671875,-0.10986328125,-0.20751953125,-0.390625,-0.72021484375,-0.57373046875,-0.48828125,0.32958984375,0.64697265625,0.25634765625,1.25732421875,-0.03662109375,0.54931640625,0.18310546875,-0.0732421875,-0.28076171875,0.7568359375,-0.25634765625,0.69580078125,0.0244140625,0.47607421875,-0.48828125,0.54931640625,0.1708984375,0.1708984375,-0.0244140625,1.01318359375,0.1953125,1.07421875,0.0244140625,0.244140625,-0.1220703125,0.25634765625,0.25634765625,0.341796875,0.3662109375,0.89111328125,-0.09765625,0.08544921875,0.2685546875,1.37939453125,-0.15869140625,-0.9033203125,0.13427734375,-0.28076171875,-0.08544921875,-0.927734375,-0.23193359375,-0.72021484375,0.01220703125,-1.4404296875,0.1220703125,-0.146484375,0.29296875,-0.29296875,0.23193359375,-1.1474609375,0.341796875,3.6865234375,0.13427734375,0.45166015625,-0.10986328125,0.08544921875,-0.01220703125,1.0009765625,-0.23193359375,-0.72021484375,-0.30517578125,-1.40380859375,-0.0732421875,-0.98876953125,-0.048828125,0.45166015625,-0.25634765625,1.57470703125,-0.0244140625,1.0498046875,-0.01220703125,1.57470703125,-0.28076171875,1.171875,0.4150390625,0,-0.06103515625,0.81787109375,-0.0732421875,-0.47607421875,-0.244140625,-0.45166015625
1,-0.10986328125,-0.30517578125,0.0732421875,-0.244140625,-0.13427734375,-0.35400390625,-0.18310546875,-0.048828125,0.244140625,0.0732421875,-0.08544921875,-0.79345703125,-0.03662109375,2.3681640625,-0.1220703125,-0.0244140625,0.0732421875,-0.2685546875,0.2685546875,0.0732421875,0.13427734375,0.9765625,0.30517578125,-0.37841796875,-0.48828125,-0.1220703125,-0.10986328125,-0.74462890625,-0.20751953125,0.93994140625,-0.244140625,0.29296875,-0.0244140625,-0.25634765625,0.37841796875,-0.8056640625,-0.341796875,-0.37841796875,-0.0244140625,-0.67138671875,-0.01220703125,-0.20751953125,-0.341796875,-0.7080078125,-0.64697265625,-0.45166015625,0.40283203125,0.732421875,0.244140625,1.2939453125,-0.0732421875,0.537109375,0.146484375,-0.09765625,-0.23193359375,0.76904296875,-0.29296875,0.67138671875,0.10986328125,0.4638671875,-0.35400390625,0.537109375,0.25634765625,0.146484375,0.09765625,0.74462890625,0.1708984375,1.07421875,0.03662109375,0.23193359375,-0.13427734375,0.25634765625,0.29296875,0.341796875,0.37841796875,0.93994140625,-0.06103515625,0.08544921875,0.1953125,1.37939453125,-0.2685546875,-0.91552734375,0.1708984375,-0.28076171875,-0.146484375,-0.93994140625,-0.32958984375,-0.72021484375,0.0244140625,-1.4404296875,0.1708984375,-0.13427734375,0.1953125,-0.29296875,0.23193359375,-1.13525390625,0.29296875,4.2724609375,0.1953125,0.6103515625,-0.13427734375,0.1953125,-0.06103515625,1.13525390625,-0.08544921875,-0.7080078125,-0.341796875,-1.37939453125,-0.15869140625,-0.98876953125,-0.09765625,0.4638671875,-0.28076171875,2.197265625,-0.0244140625,1.62353515625,0,2.25830078125,-0.28076171875,1.74560546875,0.37841796875,0,-0.0732421875,0.8056640625,-0.0244140625,-0.4638671875,-0.29296875,-0.45166015625
1,-0.0732421875,-0.29296875,0.09765625,-0.23193359375,-0.1220703125,-0.37841796875,-0.1708984375,-0.03662109375,0.2197265625,0.3173828125,-0.0732421875,-0.5859375,0.03662109375,3.173828125,-0.1220703125,0.244140625,0.13427734375,-0.29296875,0.18310546875,-0.01220703125,0.25634765625,0.9521484375,0.2197265625,-0.4150390625,-0.5126953125,-0.13427734375,-0.146484375,-0.732421875,-0.18310546875,0.93994140625,-0.13427734375,0.28076171875,-0.1708984375,-0.25634765625,0.37841796875,-0.78125,-0.2685546875,-0.3662109375,0,-0.6591796875,0.0732421875,-0.18310546875,-0.29296875,-0.69580078125,-0.74462890625,-0.42724609375,0.42724609375,0.84228515625,0.28076171875,1.30615234375,-0.09765625,0.54931640625,0.1220703125,-0.15869140625,-0.20751953125,0.76904296875,-0.28076171875,0.64697265625,0.1708984375,0.47607421875,-0.29296875,0.54931640625,0.32958984375,0.146484375,0.1953125,0.54931640625,0.146484375,1.06201171875,0.048828125,0.23193359375,-0.1220703125,0.25634765625,0.3173828125,0.32958984375,0.40283203125,0.9765625,-0.06103515625,0.06103515625,0.1220703125,1.37939453125,-0.37841796875,-0.89111328125,0.15869140625,-0.28076171875,-0.1953125,-0.93994140625,-0.40283203125,-0.732421875,0.06103515625,-1.45263671875,0.2197265625,-0.18310546875,0.146484375,-0.2685546875,0.18310546875,-1.123046875,0.3662109375,4.6875,0.244140625,0.732421875,-0.13427734375,0.244140625,-0.10986328125,1.2451171875,0.0732421875,-0.7080078125,-0.35400390625,-1.40380859375,-0.244140625,-1.0009765625,-0.146484375,0.45166015625,-0.29296875,2.86865234375,-0.03662109375,2.24609375,0.03662109375,3.03955078125,-0.25634765625,2.33154296875,0.35400390625,0,-0.09765625,0.79345703125,-0.01220703125,-0.439453125,-0.35400390625,-0.45166015625
0,-0.03662109375,-0.3173828125,0.0244140625,-0.18310546875,-0.13427734375,-0.37841796875,-0.18310546875,-0.03662109375,0.20751953125,0.54931640625,-0.08544921875,-0.35400390625,0.03662109375,4.06494140625,-0.146484375,0.54931640625,0.20751953125,-0.341796875,0.048828125,-0.1220703125,0.35400390625,0.9033203125,0.09765625,-0.4638671875,-0.45166015625,-0.13427734375,-0.2197265625,-0.732421875,-0.13427734375,0.9765625,0,0.28076171875,-0.341796875,-0.2685546875,0.3173828125,-0.78125,-0.20751953125,-0.35400390625,-0.01220703125,-0.67138671875,0.146484375,-0.18310546875,-0.25634765625,-0.69580078125,-0.78125,-0.42724609375,0.45166015625,0.9521484375,0.3173828125,1.318359375,-0.13427734375,0.52490234375,0.048828125,-0.18310546875,-0.2685546875,0.7568359375,-0.30517578125,0.64697265625,0.23193359375,0.4638671875,-0.20751953125,0.5615234375,0.341796875,0.10986328125,0.1708984375,0.439453125,0.1220703125,1.07421875,0.048828125,0.23193359375,-0.1220703125,0.2685546875,0.3173828125,0.32958984375,0.40283203125,0.98876953125,-0.048828125,0.0732421875,0.048828125,1.40380859375,-0.45166015625,-0.89111328125,0.1708984375,-0.28076171875,-0.18310546875,-0.927734375,-0.390625,-0.732421875,0.0732421875,-1.4404296875,0.2197265625,-0.18310546875,0.1220703125,-0.23193359375,0.08544921875,-1.123046875,0.37841796875,4.91943359375,0.244140625,0.78125,-0.13427734375,0.3173828125,-0.15869140625,1.30615234375,0.1953125,-0.7080078125,-0.29296875,-1.40380859375,-0.28076171875,-1.01318359375,-0.15869140625,0.439453125,-0.244140625,3.50341796875,-0.048828125,2.89306640625,0.09765625,3.857421875,-0.2197265625,2.94189453125,0.29296875,-0.03662109375,-0.08544921875,0.81787109375,0.0244140625,-0.45166015625,-0.40283203125,-0.4638671875
0,0,-0.341796875,0,-0.1708984375,-0.08544921875,-0.40283203125,-0.1708984375,-0.03662109375,0.20751953125,0.79345703125,-0.08544921875,-0.09765625,0.03662109375,4.9072265625,-0.1953125,0.84228515625,0.25634765625,-0.40283203125,-0.06103515625,-0.244140625,0.390625,0.86669921875,-0.06103515625,-0.50048828125,-0.341796875,-0.1220703125,-0.25634765625,-0.72021484375,-0.06103515625,0.9765625,0.09765625,0.25634765625,-0.48828125,-0.2685546875,0.25634765625,-0.78125,-0.1220703125,-0.35400390625,0,-0.6591796875,0.2197265625,-0.1953125,-0.20751953125,-0.69580078125,-0.732421875,-0.42724609375,0.37841796875,1.06201171875,0.35400390625,1.3671875,-0.15869140625,0.5126953125,-0.01220703125,-0.2197265625,-0.35400390625,0.74462890625,-0.3173828125,0.6591796875,0.3173828125,0.4638671875,-0.09765625,0.54931640625,0.40283203125,0.09765625,0.29296875,0.3662109375,0.1220703125,1.07421875,0.048828125,0.23193359375,-0.08544921875,0.2685546875,0.28076171875,0.3173828125,0.439453125,0.9521484375,-0.03662109375,0.048828125,-0.0244140625,1.40380859375,-0.48828125,-0.86669921875,0.146484375,-0.2685546875,-0.1220703125,-0.93994140625,-0.30517578125,-0.732421875,0.08544921875,-1.46484375,0.1708984375,-0.20751953125,0.15869140625,-0.25634765625,-0.06103515625,-1.123046875,0.40283203125,4.98046875,0.20751953125,0.76904296875,-0.0732421875,0.3173828125,-0.1953125,1.2939453125,0.2685546875,-0.69580078125,-0.15869140625,-1.40380859375,-0.29296875,-1.03759765625,-0.146484375,0.42724609375,-0.2685546875,4.08935546875,-0.06103515625,3.47900390625,0.01220703125,4.58984375,-0.23193359375,3.45458984375,0.2685546875,-0.06103515625,-0.10986328125,0.81787109375,0,-0.45166015625,-0.439453125,-0.47607421875
0,0,-0.35400390625,-0.03662109375,-0.15869140625,-0.0732421875,-0.439453125,-0.1953125,-0.03662109375,0.1953125,1.0009765625,-0.08544921875,0.10986328125,0.09765625,5.6884765625,-0.1953125,1.0986328125,0.28076171875,-0.47607421875,-0.13427734375,-0.3173828125,0.35400390625,0.84228515625,-0.18310546875,-0.5615234375,-0.244140625,-0.13427734375,-0.28076171875,-0.732421875,-0.0244140625,0.98876953125,0.13427734375,0.244140625,-0.537109375,-0.25634765625,0.146484375,-0.78125,-0.06103515625,-0.341796875,0.0244140625,-0.67138671875,0.3173828125,-0.18310546875,-0.20751953125,-0.68359375,-0.62255859375,-0.439453125,0.390625,1.18408203125,0.341796875,1.3916015625,-0.20751953125,0.52490234375,-0.09765625,-0.1953125,-0.4150390625,0.76904296875,-0.3173828125,0.67138671875,0.40283203125,0.47607421875,0.03662109375,0.52490234375,0.439453125,0.10986328125,0.30517578125,0.390625,0.06103515625,1.0986328125,0.048828125,0.244140625,-0.048828125,0.2685546875,0.2685546875,0.32958984375,0.439453125,0.96435546875,-0.03662109375,0.03662109375,-0.08544921875,1.416015625,-0.50048828125,-0.86669921875,0.10986328125,-0.28076171875,-0.09765625,-0.927734375,-0.1953125,-0.72021484375,0.09765625,-1.45263671875,0.10986328125,-0.20751953125,0.2197265625,-0.25634765625,-0.25634765625,-1.13525390625,0.4150390625,4.8583984375,0.146484375,0.72021484375,0,0.29296875,-0.20751953125,1.23291015625,0.23193359375,-0.68359375,0,-1.3916015625,-0.28076171875,-1.03759765625,-0.10986328125,0.439453125,-0.1953125,4.5166015625,-0.0244140625,3.94287109375,0,5.21240234375,-0.1953125,3.89404296875,0.2685546875,-0.08544921875,-0.09765625,0.84228515625,-0.048828125,-0.42724609375,-0.4150390625,-0.4638671875
0,0.0244140625,-0.3662109375,-0.01220703125,-0.146484375,-0.048828125,-0.42724609375,-0.1953125,-0.0244140625,0.18310546875,1.171875,-0.0732421875,0.25634765625,0.03662109375,6.2744140625,-0.20751953125,1.33056640625,0.28076171875,-0.52490234375,-0.13427734375,-0.3662109375,0.25634765625,0.81787109375,-0.28076171875,-0.59814453125,-0.10986328125,-0.1220703125,-0.2685546875,-0.732421875,-0.03662109375,0.9765625,0.1220703125,0.23193359375,-0.5126953125,-0.28076171875,0.048828125,-0.78125,0,-0.3662109375,0.08544921875,-0.69580078125,0.37841796875,-0.20751953125,-0.1953125,-0.67138671875,-0.439453125,-0.45166015625,0.32958984375,1.25732421875,0.30517578125,1.40380859375,-0.244140625,0.5126953125,-0.15869140625,-0.1953125,-0.45166015625,0.76904296875,-0.30517578125,0.69580078125,0.4150390625,0.48828125,0.146484375,0.5126953125,0.4638671875,0.09765625,0.25634765625,0.42724609375,0.0244140625,1.08642578125,0.0244140625,0.25634765625,0,0.25634765625,0.2197265625,0.32958984375,0.45166015625,0.96435546875,-0.0244140625,0.048828125,-0.13427734375,1.416015625,-0.439453125,-0.89111328125,0.06103515625,-0.28076171875,-0.09765625,-0.9033203125,-0.0732421875,-0.732421875,0.09765625,-1.45263671875,0.01220703125,-0.20751953125,0.244140625,-0.2685546875,-0.42724609375,-1.15966796875,0.28076171875,4.52880859375,0.09765625,0.62255859375,0.01220703125,0.244140625,-0.18310546875,1.15966796875,0.18310546875,-0.68359375,0.1220703125,-1.416015625,-0.23193359375,-1.03759765625,-0.10986328125,0.45166015625,-0.2197265625,4.77294921875,-0.09765625,4.26025390625,0,5.6884765625,-0.2197265625,4.18701171875,0.29296875,-0.1220703125,-0.10986328125,0.8544921875,-0.08544921875,-0.439453125,-0.390625,-0.47607421875
0,0.0244140625,-0.37841796875,-0.048828125,-0.146484375,-0.03662109375,-0.42724609375,-0.1953125,-0.0244140625,0.1708984375,1.318359375,-0.06103515625,0.341796875,-0.0244140625,6.6162109375,-0.23193359375,1.47705078125,0.244140625,-0.5615234375,-0.1953125,-0.37841796875,0.08544921875,0.79345703125,-0.341796875,-0.59814453125,-0.0244140625,-0.10986328125,-0.20751953125,-0.74462890625,0,0.98876953125,0.01220703125,0.2197265625,-0.42724609375,-0.29296875,0.048828125,-0.78125,0,-0.40283203125,0.18310546875,-0.68359375,0.40283203125,-0.23193359375,-0.1708984375,-0.68359375,-0.32958984375,-0.47607421875,0.30517578125,1.318359375,0.2685546875,1.3916015625,-0.25634765625,0.5126953125,-0.15869140625,-0.1708984375,-0.439453125,0.76904296875,-0.20751953125,0.69580078125,0.3662109375,0.4638671875,0.146484375,0.5126953125,0.45166015625,0.1220703125,0.2685546875,0.50048828125,-0.048828125,1.06201171875,0.048828125,0.244140625,0.03662109375,0.2685546875,0.18310546875,0.32958984375,0.40283203125,0.927734375,-0.0244140625,0.06103515625,-0.1708984375,1.40380859375,-0.40283203125,-0.89111328125,0,-0.2685546875,-0.10986328125,-0.93994140625,0.0244140625,-0.732421875,0.09765625,-1.46484375,-0.09765625,-0.23193359375,0.2197265625,-0.2685546875,-0.537109375,-1.15966796875,0.1953125,4.11376953125,0.06103515625,0.52490234375,0.048828125,0.1708984375,-0.146484375,1.06201171875,0.13427734375,-0.68359375,0.244140625,-1.42822265625,-0.1953125,-1.03759765625,-0.08544921875,0.45166015625,-0.18310546875,4.89501953125,-0.08544921875,4.443359375,0.06103515625,5.9814453125,-0.1953125,4.3212890625,0.341796875,-0.1220703125,-0.09765625,0.87890625,-0.09765625,-0.45166015625,-0.35400390625,-0.48828125
0,0.048828125,-0.37841796875,-0.06103515625,-0.15869140625,-0.048828125,-0.45166015625,-0.1953125,-0.03662109375,0.146484375,1.35498046875,-0.06103515625,0.35400390625,-0.01220703125,6.7138671875,-0.23193359375,1.50146484375,0.18310546875,-0.5859375,-0.20751953125,-0.35400390625,-0.048828125,0.8056640625,-0.32958984375,-0.62255859375,0,-0.10986328125,-0.13427734375,-0.7568359375,-0.0244140625,1.0009765625,-0.03662109375,0.23193359375,-0.32958984375,-0.29296875,0.08544921875,-0.81787109375,0,-0.4150390625,0.244140625,-0.69580078125,0.439453125,-0.244140625,-0.20751953125,-0.68359375,-0.18310546875,-0.48828125,0.28076171875,1.2939453125,0.15869140625,1.3671875,-0.30517578125,0.52490234375,-0.15869140625,-0.13427734375,-0.3662109375,0.76904296875,-0.1708984375,0.69580078125,0.29296875,0.4638671875,0.13427734375,0.5126953125,0.35400390625,0.146484375,0.09765625,0.57373046875,-0.10986328125,1.07421875,0.03662109375,0.25634765625,0.06103515625,0.2685546875,0.1708984375,0.35400390625,0.35400390625,0.89111328125,-0.0244140625,0.06103515625,-0.2197265625,1.42822265625,-0.29296875,-0.91552734375,-0.0244140625,-0.2685546875,-0.048828125,-0.927734375,0.08544921875,-0.732421875,0.10986328125,-1.4892578125,-0.1708984375,-0.2197265625,0.1953125,-0.28076171875,-0.54931640625,-1.15966796875,0.0732421875,3.5888671875,0.0732421875,0.42724609375,0.06103515625,0.09765625,-0.0732421875,0.9521484375,0.09765625,-0.69580078125,0.25634765625,-1.40380859375,-0.146484375,-1.025390625,-0.0732421875,0.439453125,-0.13427734375,4.84619140625,-0.09765625,4.4677734375,0,6.09130859375,-0.15869140625,4.3212890625,0.3662109375,-0.10986328125,-0.09765625,0.89111328125,-0.10986328125,-0.45166015625,-0.30517578125,-0.48828125
0,0.06103515625,-0.341796875,-0.0732421875,-0.1220703125,-0.048828125,-0.45166015625,-0.15869140625,-0.048828125,0.13427734375,1.35498046875,-0.06103515625,0.28076171875,-0.048828125,6.57958984375,-0.2685546875,1.45263671875,0.10986328125,-0.57373046875,-0.18310546875,-0.3173828125,-0.2197265625,0.8056640625,-0.30517578125,-0.6103515625,-0.01220703125,-0.10986328125,-0.06103515625,-0.7568359375,0,0.98876953125,-0.0732421875,0.2197265625,-0.23193359375,-0.30517578125,0.1708984375,-0.84228515625,-0.03662109375,-0.4150390625,0.3173828125,-0.69580078125,0.42724609375,-0.25634765625,-0.18310546875,-0.69580078125,-0.1220703125,-0.47607421875,0.3173828125,1.23291015625,0.0732421875,1.318359375,-0.28076171875,0.54931640625,-0.146484375,-0.10986328125,-0.28076171875,0.7568359375,-0.146484375,0.69580078125,0.25634765625,0.4638671875,0.1220703125,0.52490234375,0.2685546875,0.1708984375,0.146484375,0.634765625,-0.1708984375,1.07421875,0.0244140625,0.244140625,0.0732421875,0.28076171875,0.15869140625,0.341796875,0.244140625,0.9033203125,-0.01220703125,0.06103515625,-0.244140625,1.40380859375,-0.244140625,-0.927734375,0.01220703125,-0.2685546875,0,-0.927734375,0.10986328125,-0.72021484375,0.08544921875,-1.4892578125,-0.2197265625,-0.244140625,0.08544921875,-0.28076171875,-0.45166015625,-1.15966796875,-0.09765625,3.1005859375,0.06103515625,0.32958984375,0,0.03662109375,0,0.8544921875,0.08544921875,-0.69580078125,0.20751953125,-1.40380859375,-0.13427734375,-0.98876953125,-0.048828125,0.45166015625,-0.10986328125,4.67529296875,-0.10986328125,4.345703125,-0.0732421875,6.01806640625,-0.15869140625,4.18701171875,0.37841796875,-0.06103515625,-0.048828125,0.9033203125,-0.08544921875,-0.45166015625,-0.244140625,-0.4638671875
0,0.03662109375,-0.341796875,-0.13427734375,-0.09765625,-0.03662109375,-0.4150390625,-0.1953125,-0.0244140625,0.13427734375,1.33056640625,-0.03662109375,0.1708984375,-0.0732421875,6.25,-0.2685546875,1.318359375,0.01220703125,-0.6103515625,-0.2197265625,-0.29296875,-0.341796875,0.81787109375,-0.30517578125,-0.634765625,-0.048828125,-0.13427734375,0.0244140625,-0.7568359375,0.01220703125,0.9765625,-0.1220703125,0.244140625,-0.146484375,-0.28076171875,0.2685546875,-0.84228515625,-0.10986328125,-0.4150390625,0.341796875,-0.69580078125,0.390625,-0.2685546875,-0.1953125,-0.7080078125,-0.18310546875,-0.45166015625,0.32958984375,1.13525390625,0,1.28173828125,-0.23193359375,0.5615234375,-0.0732421875,-0.06103515625,-0.1953125,0.7568359375,-0.1220703125,0.68359375,0.15869140625,0.4638671875,0.03662109375,0.52490234375,0.18310546875,0.18310546875,0.03662109375,0.634765625,-0.244140625,1.0498046875,0.03662109375,0.244140625,0.06103515625,0.2685546875,0.146484375,0.35400390625,0.1953125,0.91552734375,-0.01220703125,0.06103515625,-0.2197265625,1.37939453125,-0.1708984375,-0.93994140625,0.048828125,-0.28076171875,0.0244140625,-0.93994140625,0.146484375,-0.7568359375,0.03662109375,-1.50146484375,-0.244140625,-0.244140625,-0.01220703125,-0.29296875,-0.28076171875,-1.1474609375,-0.244140625,2.67333984375,0.0732421875,0.28076171875,-0.06103515625,-0.0244140625,0.08544921875,0.79345703125,0.09765625,-0.72021484375,0.15869140625,-1.416015625,-0.13427734375,-0.98876953125,0.01220703125,0.4638671875,-0.10986328125,4.45556640625,-0.10986328125,4.1259765625,-0.09765625,5.79833984375,-0.15869140625,3.96728515625,0.3662109375,-0.048828125,0.01220703125,0.89111328125,-0.03662109375,-0.439453125,-0.2197265625,-0.4638671875
0,0.06103515625,-0.35400390625,-0.1220703125,-0.0244140625,-0.0244140625,-0.390625,-0.20751953125,-0.01220703125,0.13427734375,1.20849609375,-0.01220703125,0.0244140625,-0.09765625,5.810546875,-0.25634765625,1.18408203125,0.0244140625,-0.6103515625,-0.146484375,-0.28076171875,-0.3173828125,0.81787109375,-0.23193359375,-0.6591796875,-0.10986328125,-0.146484375,0.06103515625,-0.7568359375,0.01220703125,0.9521484375,-0.13427734375,0.2685546875,-0.09765625,-0.29296875,0.37841796875,-0.84228515625,-0.15869140625,-0.439453125,0.390625,-0.7080078125,0.29296875,-0.25634765625,-0.1953125,-0.7080078125,-0.20751953125,-0.42724609375,0.390625,1.0009765625,-0.03662109375,1.2451171875,-0.1953125,0.54931640625,-0.01220703125,-0.0244140625,-0.1708984375,0.7568359375,-0.08544921875,0.68359375,0.048828125,0.45166015625,-0.048828125,0.54931640625,0.10986328125,0.18310546875,-0.01220703125,0.62255859375,-0.30517578125,1.07421875,0.01220703125,0.2685546875,0,0.25634765625,0.13427734375,0.3662109375,0.1708984375,0.927734375,0,0.06103515625,-0.23193359375,1.3916015625,-0.13427734375,-0.9521484375,0.13427734375,-0.28076171875,0.0244140625,-0.93994140625,0.09765625,-0.7568359375,-0.0244140625,-1.4892578125,-0.244140625,-0.23193359375,-0.0732421875,-0.30517578125,-0.08544921875,-1.1474609375,-0.2685546875,2.40478515625,0.0732421875,0.2685546875,-0.10986328125,-0.048828125,0.15869140625,0.732421875,0.10986328125,-0.69580078125,0.06103515625,-1.416015625,-0.13427734375,-0.9765625,0.0732421875,0.48828125,-0.10986328125,4.19921875,-0.09765625,3.857421875,-0.1220703125,5.46875,-0.1953125,3.69873046875,0.32958984375,-0.01220703125,0.09765625,0.87890625,0.0244140625,-0.45166015625,-0.18310546875,-0.439453125
0,0.03662109375,-0.32958984375,-0.13427734375,0,-0.048828125,-0.390625,-0.2197265625,0.01220703125,0.1220703125,1.0986328125,-0.01220703125,-0.13427734375,-0.09765625,5.31005859375,-0.2685546875,1.0009765625,0,-0.6591796875,-0.13427734375,-0.28076171875,-0.244140625,0.84228515625,-0.2197265625,-0.64697265625,-0.15869140625,-0.15869140625,0.048828125,-0.76904296875,-0.01220703125,0.9521484375,-0.15869140625,0.2685546875,-0.13427734375,-0.2685546875,0.48828125,-0.8544921875,-0.20751953125,-0.40283203125,0.40283203125,-0.69580078125,0.1953125,-0.25634765625,-0.1708984375,-0.7080078125,-0.3173828125,-0.439453125,0.45166015625,0.830078125,-0.0732421875,1.220703125,-0.146484375,0.5615234375,0.03662109375,-0.048828125,-0.13427734375,0.74462890625,-0.09765625,0.6591796875,-0.06103515625,0.45166015625,-0.18310546875,0.5859375,0.08544921875,0.18310546875,-0.048828125,0.5859375,-0.341796875,1.06201171875,0.01220703125,0.2685546875,-0.06103515625,0.25634765625,0.09765625,0.35400390625,0.15869140625,0.96435546875,0.03662109375,0.06103515625,-0.23193359375,1.3916015625,-0.1220703125,-0.96435546875,0.20751953125,-0.29296875,0,-0.927734375,0.06103515625,-0.7568359375,-0.0732421875,-1.4892578125,-0.20751953125,-0.2685546875,-0.1220703125,-0.29296875,0.10986328125,-1.15966796875,-0.32958984375,2.28271484375,0.0244140625,0.2685546875,-0.10986328125,-0.06103515625,0.1953125,0.74462890625,0.09765625,-0.7080078125,-0.06103515625,-1.416015625,-0.15869140625,-0.98876953125,0.15869140625,0.47607421875,-0.10986328125,3.9306640625,-0.09765625,3.57666015625,-0.146484375,5.06591796875,-0.1953125,3.4423828125,0.2685546875,0.01220703125,0.15869140625,0.89111328125,0.048828125,-0.42724609375,-0.146484375,-0.439453125
0,0.0732421875,-0.30517578125,-0.15869140625,0.03662109375,-0.03662109375,-0.37841796875,-0.23193359375,0.01220703125,0.08544921875,0.9521484375,0,-0.28076171875,-0.09765625,4.78515625,-0.25634765625,0.8056640625,0.0732421875,-0.68359375,-0.146484375,-0.29296875,-0.10986328125,0.830078125,-0.1953125,-0.67138671875,-0.20751953125,-0.18310546875,0.0244140625,-0.7568359375,-0.06103515625,0.93994140625,-0.1708984375,0.2685546875,-0.1708984375,-0.23193359375,0.5126953125,-0.84228515625,-0.29296875,-0.3662109375,0.3662109375,-0.68359375,0.08544921875,-0.23193359375,-0.13427734375,-0.72021484375,-0.3662109375,-0.4150390625,0.62255859375,0.6591796875,-0.146484375,1.18408203125,-0.10986328125,0.54931640625,0.0244140625,-0.0732421875,-0.10986328125,0.7568359375,-0.048828125,0.67138671875,-0.13427734375,0.4638671875,-0.2685546875,0.6103515625,0.09765625,0.1708984375,-0.25634765625,0.52490234375,-0.40283203125,1.07421875,0.0244140625,0.28076171875,-0.1220703125,0.244140625,0.06103515625,0.35400390625,0.146484375,0.93994140625,0.06103515625,0.048828125,-0.244140625,1.3916015625,-0.08544921875,-0.96435546875,0.29296875,-0.29296875,0,-0.927734375,0.01220703125,-0.76904296875,-0.146484375,-1.4892578125,-0.13427734375,-0.2685546875,-0.06103515625,-0.29296875,0.20751953125,-1.1474609375,-0.2685546875,2.3681640625,-0.06103515625,0.3173828125,-0.09765625,-0.03662109375,0.1708984375,0.76904296875,0.06103515625,-0.7080078125,-0.146484375,-1.3916015625,-0.1708984375,-1.01318359375,0.2197265625,0.45166015625,-0.10986328125,3.7109375,-0.0732421875,3.2958984375,-0.06103515625,4.6630859375,-0.20751953125,3.21044921875,0.1953125,0.0244140625,0.2197265625,0.87890625,0.06103515625,-0.439453125,-0.13427734375,-0.42724609375
0,0.06103515625,-0.30517578125,-0.20751953125,0.06103515625,0,-0.390625,-0.23193359375,0,0.08544921875,0.8056640625,0.01220703125,-0.40283203125,-0.10986328125,4.35791015625,-0.25634765625,0.64697265625,0.15869140625,-0.7080078125,-0.09765625,-0.30517578125,0.06103515625,0.84228515625,-0.13427734375,-0.67138671875,-0.20751953125,-0.1708984375,-0.048828125,-0.7568359375,-0.146484375,0.91552734375,-0.244140625,0.2685546875,-0.18310546875,-0.244140625,0.5126953125,-0.81787109375,-0.30517578125,-0.341796875,0.30517578125,-0.67138671875,-0.048828125,-0.2197265625,-0.10986328125,-0.69580078125,-0.50048828125,-0.40283203125,0.6591796875,0.50048828125,-0.1953125,1.20849609375,-0.08544921875,0.5126953125,0.03662109375,-0.15869140625,-0.0244140625,0.74462890625,-0.06103515625,0.6591796875,-0.1953125,0.4638671875,-0.341796875,0.6591796875,0.146484375,0.15869140625,-0.3173828125,0.47607421875,-0.40283203125,1.0986328125,0.01220703125,0.29296875,-0.1708984375,0.25634765625,0,0.35400390625,0.10986328125,0.9521484375,0.10986328125,0.048828125,-0.28076171875,1.3671875,-0.10986328125,-0.9765625,0.341796875,-0.28076171875,-0.03662109375,-0.927734375,-0.06103515625,-0.7568359375,-0.18310546875,-1.46484375,-0.0732421875,-0.25634765625,0.06103515625,-0.28076171875,0.2197265625,-1.15966796875,-0.1953125,2.5390625,-0.146484375,0.37841796875,-0.0732421875,0.01220703125,0.08544921875,0.81787109375,-0.0244140625,-0.7080078125,-0.23193359375,-1.40380859375,-0.18310546875,-1.03759765625,0.244140625,0.439453125,-0.10986328125,3.52783203125,-0.0732421875,3.06396484375,-0.09765625,4.30908203125,-0.1708984375,3.01513671875,0.13427734375,0.0244140625,0.23193359375,0.86669921875,0.09765625,-0.42724609375,-0.09765625,-0.439453125
0,0.09765625,-0.30517578125,-0.1953125,0.0732421875,0,-0.390625,-0.25634765625,-0.01220703125,0.06103515625,0.6591796875,-0.0244140625,-0.52490234375,-0.10986328125,3.96728515625,-0.29296875,0.48828125,0.25634765625,-0.69580078125,-0.09765625,-0.32958984375,0.20751953125,0.830078125,-0.1220703125,-0.67138671875,-0.1953125,-0.18310546875,-0.13427734375,-0.74462890625,-0.18310546875,0.93994140625,-0.28076171875,0.25634765625,-0.146484375,-0.244140625,0.47607421875,-0.81787109375,-0.29296875,-0.3173828125,0.244140625,-0.6591796875,-0.146484375,-0.18310546875,-0.1220703125,-0.68359375,-0.6103515625,-0.42724609375,0.6591796875,0.37841796875,-0.30517578125,1.23291015625,-0.06103515625,0.50048828125,0.06103515625,-0.20751953125,0,0.7568359375,-0.09765625,0.6591796875,-0.244140625,0.4638671875,-0.439453125,0.67138671875,0.1708984375,0.146484375,-0.45166015625,0.45166015625,-0.37841796875,1.08642578125,-0.01220703125,0.28076171875,-0.20751953125,0.1953125,-0.03662109375,0.341796875,0.08544921875,0.91552734375,0.13427734375,0.03662109375,-0.30517578125,1.3671875,-0.10986328125,-0.927734375,0.35400390625,-0.28076171875,-0.10986328125,-0.9521484375,-0.10986328125,-0.7568359375,-0.1953125,-1.47705078125,-0.0244140625,-0.25634765625,0.18310546875,-0.28076171875,0.18310546875,-1.1474609375,-0.09765625,2.79541015625,-0.10986328125,0.40283203125,-0.048828125,0.03662109375,0.01220703125,0.84228515625,-0.0732421875,-0.732421875,-0.23193359375,-1.416015625,-0.1708984375,-1.03759765625,0.23193359375,0.42724609375,-0.1220703125,3.43017578125,-0.0732421875,2.9052734375,-0.13427734375,4.04052734375,-0.18310546875,2.89306640625,0.08544921875,0.01220703125,0.1953125,0.8544921875,0.0732421875,-0.42724609375,-0.06103515625,-0.42724609375
0,0.10986328125,-0.3173828125,-0.20751953125,0.08544921875,0.01220703125,-0.4150390625,-0.2685546875,-0.01220703125,0.048828125,0.537109375,0.0244140625,-0.6103515625,-0.10986328125,3.6376953125,-0.2685546875,0.3662109375,0.30517578125,-0.69580078125,-0.048828125,-0.3173828125,0.3173828125,0.8544921875,-0.08544921875,-0.67138671875,-0.2197265625,-0.1708984375,-0.1953125,-0.74462890625,-0.1953125,0.93994140625,-0.244140625,0.2685546875,-0.09765625,-0.25634765625,0.37841796875,-0.8056640625,-0.29296875,-0.32958984375,0.1708984375,-0.64697265625,-0.1953125,-0.15869140625,-0.1708984375,-0.68359375,-0.6591796875,-0.45166015625,0.6103515625,0.30517578125,-0.35400390625,1.28173828125,-0.048828125,0.48828125,0.08544921875,-0.2197265625,0.01220703125,0.7568359375,-0.1220703125,0.67138671875,-0.23193359375,0.4638671875,-0.4638671875,0.7080078125,0.15869140625,0.10986328125,-0.59814453125,0.4150390625,-0.3662109375,1.0986328125,-0.03662109375,0.29296875,-0.23193359375,0.2197265625,-0.03662109375,0.32958984375,0.13427734375,0.87890625,0.18310546875,0.06103515625,-0.3662109375,1.35498046875,-0.10986328125,-0.91552734375,0.3173828125,-0.29296875,-0.13427734375,-0.93994140625,-0.1953125,-0.74462890625,-0.18310546875,-1.47705078125,0.01220703125,-0.244140625,0.32958984375,-0.2685546875,0.08544921875,-1.1474609375,0,2.99072265625,-0.09765625,0.42724609375,0,0.048828125,-0.09765625,0.84228515625,-0.1708984375,-0.7080078125,-0.1708984375,-1.40380859375,-0.15869140625,-1.025390625,0.1953125,0.42724609375,-0.10986328125,3.3447265625,-0.048828125,2.8076171875,-0.1220703125,3.8330078125,-0.1953125,2.81982421875,0.01220703125,0,0.1708984375,0.830078125,0.03662109375,-0.42724609375,-0.048828125,-0.45166015625
1,0.1220703125,-0.341796875,-0.2197265625,0.09765625,0.03662109375,-0.4150390625,-0.28076171875,-0.01220703125,0.03662109375,0.390625,0.03662109375,-0.7080078125,-0.13427734375,3.2958984375,-0.29296875,0.25634765625,0.3173828125,-0.67138671875,0.0244140625,-0.29296875,0.35400390625,0.87890625,-0.0732421875,-0.62255859375,-0.1953125,-0.15869140625,-0.25634765625,-0.7568359375,-0.2197265625,0.93994140625,-0.15869140625,0.244140625,-0.0244140625,-0.2685546875,0.3173828125,-0.81787109375,-0.2685546875,-0.341796875,0.146484375,-0.6591796875,-0.1953125,-0.18310546875,-0.20751953125,-0.67138671875,-0.64697265625,-0.439453125,0.57373046875,0.25634765625,-0.390625,1.30615234375,-0.048828125,0.48828125,0.08544921875,-0.23193359375,0.03662109375,0.74462890625,-0.2197265625,0.67138671875,-0.1953125,0.47607421875,-0.48828125,0.72021484375,0.146484375,0.10986328125,-0.62255859375,0.40283203125,-0.3173828125,1.0986328125,-0.048828125,0.28076171875,-0.23193359375,0.2197265625,-0.06103515625,0.3173828125,0.15869140625,0.89111328125,0.1708984375,0.0732421875,-0.341796875,1.3671875,-0.10986328125,-0.9033203125,0.23193359375,-0.28076171875,-0.18310546875,-0.9521484375,-0.25634765625,-0.732421875,-0.1708984375,-1.47705078125,0.01220703125,-0.20751953125,0.439453125,-0.2685546875,0,-1.1474609375,0.13427734375,3.03955078125,-0.0732421875,0.390625,-0.01220703125,0.06103515625,-0.18310546875,0.81787109375,-0.1953125,-0.7080078125,-0.03662109375,-1.3916015625,-0.1953125,-1.025390625,0.15869140625,0.40283203125,-0.10986328125,3.30810546875,-0.048828125,2.7587890625,-0.13427734375,3.7353515625,-0.2197265625,2.8076171875,-0.03662109375,0,0.1220703125,0.830078125,-0.06103515625,-0.439453125,0.0244140625,-0.45166015625
1,0.13427734375,-0.341796875,-0.2685546875,0.10986328125,0.06103515625,-0.4150390625,-0.2685546875,0,0.01220703125,0.25634765625,0.03662109375,-0.79345703125,-0.15869140625,2.96630859375,-0.2685546875,0.15869140625,0.29296875,-0.634765625,0.15869140625,-0.23193359375,0.35400390625,0.9033203125,-0.0244140625,-0.5859375,-0.2197265625,-0.146484375,-0.25634765625,-0.74462890625,-0.18310546875,0.96435546875,-0.06103515625,0.25634765625,0.06103515625,-0.30517578125,0.2197265625,-0.81787109375,-0.244140625,-0.3662109375,0.10986328125,-0.67138671875,-0.146484375,-0.2197265625,-0.20751953125,-0.67138671875,-0.6103515625,-0.47607421875,0.52490234375,0.25634765625,-0.439453125,1.3427734375,-0.09765625,0.5126953125,0.0732421875,-0.1953125,0.048828125,0.78125,-0.244140625,0.7080078125,-0.146484375,0.48828125,-0.439453125,0.74462890625,0.146484375,0.10986328125,-0.74462890625,0.4150390625,-0.3173828125,1.07421875,-0.08544921875,0.2685546875,-0.28076171875,0.20751953125,-0.048828125,0.3173828125,0.1953125,0.89111328125,0.15869140625,0.09765625,-0.30517578125,1.35498046875,-0.10986328125,-0.9033203125,0.13427734375,-0.30517578125,-0.25634765625,-0.9521484375,-0.30517578125,-0.74462890625,-0.10986328125,-1.46484375,-0.06103515625,-0.1953125,0.48828125,-0.28076171875,-0.0732421875,-1.1474609375,0.1220703125,2.89306640625,0.01220703125,0.30517578125,-0.048828125,0,-0.2197265625,0.74462890625,-0.18310546875,-0.7080078125,0.03662109375,-1.40380859375,-0.20751953125,-1.0009765625,0.1220703125,0.40283203125,-0.1220703125,3.25927734375,-0.06103515625,2.7099609375,-0.146484375,3.69873046875,-0.2197265625,2.77099609375,-0.08544921875,-0.01220703125,0.06103515625,0.81787109375,-0.146484375,-0.45166015625,0.048828125,-0.48828125
1,0.15869140625,-0.3662109375,-0.28076171875,0.09765625,0.0732421875,-0.4150390625,-0.25634765625,0.01220703125,-0.0244140625,0.10986328125,0.048828125,-0.87890625,-0.15869140625,2.5634765625,-0.2685546875,0.06103515625,0.25634765625,-0.54931640625,0.4150390625,-0.1708984375,0.28076171875,0.91552734375,0.048828125,-0.54931640625,-0.25634765625,-0.1220703125,-0.25634765625,-0.74462890625,-0.13427734375,0.96435546875,0.03662109375,0.25634765625,0.06103515625,-0.30517578125,0.15869140625,-0.81787109375,-0.244140625,-0.40283203125,0.0732421875,-0.67138671875,-0.06103515625,-0.2197265625,-0.23193359375,-0.67138671875,-0.57373046875,-0.48828125,0.47607421875,0.29296875,-0.48828125,1.33056640625,-0.1220703125,0.52490234375,0.048828125,-0.146484375,0,0.7568359375,-0.244140625,0.72021484375,-0.06103515625,0.47607421875,-0.45166015625,0.76904296875,0.15869140625,0.13427734375,-0.68359375,0.42724609375,-0.244140625,1.07421875,-0.09765625,0.3173828125,-0.25634765625,0.23193359375,-0.048828125,0.32958984375,0.1953125,0.9033203125,0.15869140625,0.10986328125,-0.25634765625,1.35498046875,-0.146484375,-0.9033203125,0.048828125,-0.30517578125,-0.29296875,-0.9521484375,-0.28076171875,-0.72021484375,-0.03662109375,-1.47705078125,-0.10986328125,-0.18310546875,0.42724609375,-0.2685546875,-0.09765625,-1.1474609375,0.1953125,2.47802734375,0.10986328125,0.15869140625,-0.09765625,-0.09765625,-0.244140625,0.6103515625,-0.15869140625,-0.69580078125,0.06103515625,-1.40380859375,-0.244140625,-0.9765625,0.08544921875,0.42724609375,-0.10986328125,3.18603515625,-0.048828125,2.69775390625,-0.08544921875,3.62548828125,-0.25634765625,2.734375,-0.13427734375,-0.01220703125,0.0244140625,0.81787109375,-0.2197265625,-0.439453125,0.048828125,-0.50048828125
1,0.1953125,-0.35400390625,-0.29296875,0.08544921875,0.0732421875,-0.42724609375,-0.25634765625,0.01220703125,-0.03662109375,-0.048828125,0.06103515625,-0.98876953125,-0.1708984375,2.11181640625,-0.25634765625,-0.09765625,0.20751953125,-0.47607421875,0.45166015625,-0.09765625,0.10986328125,0.9521484375,0.1220703125,-0.5126953125,-0.25634765625,-0.09765625,-0.20751953125,-0.7568359375,-0.0732421875,0.96435546875,0.10986328125,0.244140625,0.01220703125,-0.3173828125,0.1220703125,-0.830078125,-0.20751953125,-0.439453125,0.0732421875,-0.68359375,0.03662109375,-0.25634765625,-0.244140625,-0.69580078125,-0.537109375,-0.5126953125,0.42724609375,0.35400390625,-0.52490234375,1.318359375,-0.10986328125,0.5615234375,0.01220703125,-0.10986328125,-0.03662109375,0.78125,-0.244140625,0.72021484375,0.01220703125,0.47607421875,-0.5126953125,0.78125,0.18310546875,0.15869140625,-0.72021484375,0.4150390625,-0.2197265625,1.06201171875,-0.10986328125,0.3173828125,-0.20751953125,0.20751953125,-0.03662109375,0.32958984375,0.244140625,0.93994140625,0.09765625,0.10986328125,-0.1708984375,1.3427734375,-0.1953125,-0.9033203125,-0.048828125,-0.29296875,-0.2685546875,-0.9521484375,-0.2685546875,-0.7080078125,0.048828125,-1.47705078125,-0.146484375,-0.18310546875,0.3173828125,-0.2685546875,-0.09765625,-1.13525390625,0.2197265625,1.89208984375,0.25634765625,0,-0.1708984375,-0.2197265625,-0.20751953125,0.4638671875,-0.08544921875,-0.7080078125,0.10986328125,-1.40380859375,-0.29296875,-0.9765625,0.03662109375,0.42724609375,-0.146484375,3.06396484375,-0.0732421875,2.587890625,-0.0732421875,3.515625,-0.25634765625,2.64892578125,-0.15869140625,-0.0244140625,-0.0244140625,0.830078125,-0.25634765625,-0.4638671875,0.06103515625,-0.50048828125
1,0.20751953125,-0.341796875,-0.2685546875,0.048828125,0.09765625,-0.40283203125,-0.2197265625,0.0244140625,-0.048828125,-0.2197265625,0.0732421875,-1.123046875,-0.1708984375,1.611328125,-0.2685546875,-0.25634765625,0.10986328125,-0.4150390625,0.42724609375,0,-0.06103515625,0.98876953125,0.146484375,-0.4638671875,-0.28076171875,-0.1220703125,-0.13427734375,-0.74462890625,0.0244140625,0.98876953125,0.1220703125,0.2685546875,-0.06103515625,-0.30517578125,0.0732421875,-0.81787109375,-0.15869140625,-0.47607421875,0.09765625,-0.69580078125,0.1220703125,-0.28076171875,-0.2197265625,-0.69580078125,-0.50048828125,-0.5126953125,0.32958984375,0.4150390625,-0.5859375,1.26953125,-0.15869140625,0.57373046875,-0.06103515625,-0.09765625,-0.01220703125,0.79345703125,-0.23193359375,0.732421875,0.0732421875,0.47607421875,-0.537109375,0.78125,0.2197265625,0.18310546875,-0.74462890625,0.390625,-0.1708984375,1.0498046875,-0.13427734375,0.32958984375,-0.15869140625,0.23193359375,-0.048828125,0.341796875,0.2685546875,0.93994140625,0.09765625,0.10986328125,-0.0732421875,1.37939453125,-0.23193359375,-0.91552734375,-0.09765625,-0.29296875,-0.20751953125,-0.93994140625,-0.23193359375,-0.72021484375,0.1220703125,-1.47705078125,-0.20751953125,-0.18310546875,0.1953125,-0.244140625,-0.1220703125,-1.123046875,0.25634765625,1.08642578125,0.3662109375,-0.1953125,-0.2197265625,-0.40283203125,-0.1220703125,0.29296875,0.0244140625,-0.69580078125,0.08544921875,-1.42822265625,-0.3662109375,-0.9521484375,0.01220703125,0.439453125,-0.1220703125,2.880859375,-0.048828125,2.40478515625,0.0244140625,3.271484375,-0.2197265625,2.4658203125,-0.2197265625,-0.048828125,-0.0244140625,0.8056640625,-0.244140625,-0.45166015625,0.048828125,-0.5126953125
1,0.20751953125,-0.3173828125,-0.28076171875,0.0244140625,0.10986328125,-0.3662109375,-0.2197265625,-0.01220703125,-0.048828125,-0.3662109375,0.0732421875,-1.25732421875,-0.15869140625,1.08642578125,-0.25634765625,-0.4638671875,0.048828125,-0.37841796875,0.4638671875,0.048828125,-0.1953125,0.9765625,0.15869140625,-0.4638671875,-0.2685546875,-0.1220703125,-0.08544921875,-0.7568359375,0.09765625,0.9765625,0.1220703125,0.2685546875,-0.146484375,-0.29296875,0.0244140625,-0.830078125,-0.1220703125,-0.4638671875,0.146484375,-0.72021484375,0.1708984375,-0.28076171875,-0.15869140625,-0.68359375,-0.45166015625,-0.50048828125,0.30517578125,0.45166015625,-0.6103515625,1.23291015625,-0.10986328125,0.5859375,-0.08544921875,-0.0732421875,0.01220703125,0.7568359375,-0.244140625,0.72021484375,0.15869140625,0.4638671875,-0.54931640625,0.78125,0.2197265625,0.1953125,-0.74462890625,0.3662109375,-0.09765625,1.0498046875,-0.15869140625,0.32958984375,-0.1220703125,0.2197265625,-0.06103515625,0.35400390625,0.30517578125,0.927734375,0.048828125,0.1220703125,0.0244140625,1.3671875,-0.25634765625,-0.89111328125,-0.1220703125,-0.29296875,-0.1220703125,-0.927734375,-0.15869140625,-0.72021484375,0.1708984375,-1.47705078125,-0.244140625,-0.18310546875,0.03662109375,-0.23193359375,-0.1708984375,-1.123046875,0.1953125,0.244140625,0.4150390625,-0.37841796875,-0.25634765625,-0.59814453125,-0.06103515625,0.10986328125,0.09765625,-0.72021484375,0.06103515625,-1.40380859375,-0.4150390625,-0.9765625,0.01220703125,0.45166015625,-0.1220703125,2.6123046875,-0.048828125,2.13623046875,0.0732421875,2.91748046875,-0.20751953125,2.18505859375,-0.20751953125,-0.03662109375,0.01220703125,0.81787109375,-0.23193359375,-0.439453125,0.0244140625,-0.5126953125
1,0.23193359375,-0.2685546875,-0.30517578125,-0.0244140625,0.13427734375,-0.35400390625,-0.20751953125,-0.0244140625,-0.0732421875,-0.50048828125,0.0732421875,-1.40380859375,-0.146484375,0.57373046875,-0.23193359375,-0.6591796875,0.03662109375,-0.35400390625,0.28076171875,0.03662109375,-0.28076171875,0.9765625,0.09765625,-0.4638671875,-0.244140625,-0.1220703125,-0.0244140625,-0.78125,0.1953125,0.9521484375,0.09765625,0.2685546875,-0.1708984375,-0.2685546875,0.08544921875,-0.81787109375,-0.0732421875,-0.42724609375,0.1708984375,-0.69580078125,0.1708984375,-0.2685546875,-0.0732421875,-0.68359375,-0.50048828125,-0.48828125,0.3662109375,0.4638671875,-0.6591796875,1.1962890625,-0.09765625,0.57373046875,-0.09765625,-0.08544921875,0.03662109375,0.78125,-0.23193359375,0.7080078125,0.18310546875,0.47607421875,-0.6103515625,0.732421875,0.20751953125,0.1953125,-0.732421875,0.35400390625,-0.048828125,1.0498046875,-0.15869140625,0.3173828125,-0.09765625,0.23193359375,-0.06103515625,0.341796875,0.3173828125,0.93994140625,0.0244140625,0.09765625,0.1220703125,1.3671875,-0.1953125,-0.9033203125,-0.08544921875,-0.2685546875,-0.03662109375,-0.91552734375,-0.08544921875,-0.7080078125,0.2197265625,-1.45263671875,-0.2685546875,-0.1953125,-0.10986328125,-0.244140625,-0.23193359375,-1.11083984375,0.1708984375,-0.537109375,0.390625,-0.54931640625,-0.25634765625,-0.74462890625,0.048828125,-0.048828125,0.18310546875,-0.72021484375,0.01220703125,-1.4404296875,-0.4150390625,-0.9765625,0.01220703125,0.45166015625,-0.13427734375,2.28271484375,0.01220703125,1.7822265625,0.08544921875,2.4169921875,-0.1953125,1.84326171875,-0.2685546875,-0.03662109375,0.03662109375,0.81787109375,-0.146484375,-0.439453125,0,-0.48828125
1,0.25634765625,-0.25634765625,-0.3173828125,-0.08544921875,0.1220703125,-0.35400390625,-0.20751953125,-0.048828125,-0.06103515625,-0.634765625,0.0244140625,-1.52587890625,-0.15869140625,0.146484375,-0.28076171875,-0.81787109375,0.09765625,-0.37841796875,0.146484375,0.03662109375,-0.25634765625,0.96435546875,-0.01220703125,-0.47607421875,-0.1953125,-0.13427734375,0,-0.76904296875,0.2685546875,0.93994140625,0.09765625,0.2685546875,-0.1953125,-0.25634765625,0.1220703125,-0.830078125,-0.0244140625,-0.4150390625,0.2197265625,-0.7080078125,0.20751953125,-0.2197265625,0,-0.68359375,-0.52490234375,-0.4638671875,0.4150390625,0.4638671875,-0.67138671875,1.171875,-0.0732421875,0.5615234375,-0.09765625,-0.09765625,0.06103515625,0.76904296875,-0.1953125,0.68359375,0.2197265625,0.47607421875,-0.6591796875,0.69580078125,0.18310546875,0.1953125,-0.6103515625,0.30517578125,-0.01220703125,1.06201171875,-0.13427734375,0.30517578125,-0.08544921875,0.2197265625,-0.0732421875,0.3662109375,0.29296875,0.91552734375,0.01220703125,0.09765625,0.18310546875,1.3916015625,-0.1708984375,-0.91552734375,-0.048828125,-0.2685546875,0.01220703125,-0.91552734375,-0.01220703125,-0.732421875,0.18310546875,-1.45263671875,-0.29296875,-0.2197265625,-0.20751953125,-0.244140625,-0.30517578125,-1.123046875,0.15869140625,-1.13525390625,0.3173828125,-0.69580078125,-0.18310546875,-0.8544921875,0.1220703125,-0.146484375,0.20751953125,-0.732421875,-0.03662109375,-1.4404296875,-0.40283203125,-0.9765625,0.0244140625,0.439453125,-0.13427734375,1.8798828125,0.048828125,1.37939453125,0.09765625,1.8310546875,-0.1953125,1.45263671875,-0.30517578125,-0.03662109375,0.0732421875,0.84228515625,-0.1220703125,-0.439453125,-0.03662109375,-0.47607421875
1,0.2685546875,-0.2685546875,-0.35400390625,-0.15869140625,0.146484375,-0.341796875,-0.2197265625,-0.03662109375,-0.0732421875,-0.7080078125,0.048828125,-1.59912109375,-0.1220703125,-0.146484375,-0.23193359375,-0.927734375,0.10986328125,-0.439453125,0.01220703125,0,-0.23193359375,0.927734375,-0.1953125,-0.537109375,-0.09765625,-0.146484375,0,-0.76904296875,0.30517578125,0.927734375,0.08544921875,0.25634765625,-0.10986328125,-0.2685546875,0.1708984375,-0.81787109375,-0.01220703125,-0.42724609375,0.20751953125,-0.7080078125,0.20751953125,-0.20751953125,0.06103515625,-0.67138671875,-0.48828125,-0.4638671875,0.50048828125,0.45166015625,-0.7080078125,1.1962890625,-0.08544921875,0.537109375,-0.08544921875,-0.13427734375,0.08544921875,0.74462890625,-0.1220703125,0.67138671875,0.146484375,0.4638671875,-0.7080078125,0.634765625,0.1220703125,0.1953125,-0.54931640625,0.28076171875,-0.03662109375,1.07421875,-0.1220703125,0.29296875,-0.08544921875,0.2197265625,-0.048828125,0.341796875,0.28076171875,0.93994140625,-0.01220703125,0.0732421875,0.2197265625,1.3916015625,-0.13427734375,-0.927734375,0.01220703125,-0.2685546875,0.048828125,-0.9033203125,0.03662109375,-0.74462890625,0.13427734375,-1.4404296875,-0.28076171875,-0.23193359375,-0.18310546875,-0.244140625,-0.32958984375,-1.123046875,0.0732421875,-1.40380859375,0.2197265625,-0.7080078125,-0.09765625,-0.91552734375,0.1708984375,-0.1953125,0.15869140625,-0.72021484375,-0.06103515625,-1.4404296875,-0.32958984375,-1.0009765625,0.048828125,0.439453125,-0.146484375,1.513671875,0.048828125,0.9765625,0.09765625,1.23291015625,-0.1953125,1.06201171875,-0.29296875,-0.01220703125,0.09765625,0.8544921875,-0.0732421875,-0.439453125,-0.0732421875,-0.45166015625
1,0.30517578125,-0.29296875,-0.40283203125,-0.2197265625,0.146484375,-0.35400390625,-0.1953125,-0.0244140625,-0.0732421875,-0.7568359375,0.048828125,-1.62353515625,-0.09765625,-0.29296875,-0.23193359375,-0.96435546875,0.146484375,-0.50048828125,-0.048828125,-0.048828125,-0.146484375,0.86669921875,-0.3662109375,-0.57373046875,-0.01220703125,-0.15869140625,-0.01220703125,-0.7568359375,0.2685546875,0.93994140625,0.08544921875,0.25634765625,-0.01220703125,-0.244140625,0.2197265625,-0.8056640625,0.0244140625,-0.4150390625,0.244140625,-0.7080078125,0.23193359375,-0.20751953125,0.0732421875,-0.67138671875,-0.439453125,-0.4638671875,0.5859375,0.3662109375,-0.72021484375,1.20849609375,-0.09765625,0.52490234375,-0.06103515625,-0.15869140625,0.1708984375,0.732421875,-0.13427734375,0.64697265625,0.06103515625,0.4638671875,-0.64697265625,0.5859375,0.0732421875,0.1953125,-0.341796875,0.28076171875,-0.048828125,1.07421875,-0.06103515625,0.25634765625,-0.10986328125,0.23193359375,0.0244140625,0.341796875,0.244140625,0.89111328125,-0.0244140625,0.06103515625,0.23193359375,1.40380859375,-0.10986328125,-0.91552734375,0.0732421875,-0.28076171875,0.048828125,-0.9033203125,0.09765625,-0.732421875,0.06103515625,-1.45263671875,-0.2685546875,-0.2685546875,-0.09765625,-0.25634765625,-0.3662109375,-1.123046875,0.01220703125,-1.2939453125,0.08544921875,-0.68359375,0.0244140625,-0.9033203125,0.18310546875,-0.1708984375,0.13427734375,-0.72021484375,-0.0732421875,-1.45263671875,-0.244140625,-1.03759765625,0.09765625,0.42724609375,-0.15869140625,1.18408203125,0.08544921875,0.62255859375,0.1220703125,0.6591796875,-0.1708984375,0.7568359375,-0.25634765625,0,0.13427734375,0.89111328125,-0.048828125,-0.439453125,-0.08544921875,-0.439453125
1,0.3173828125,-0.3173828125,-0.390625,-0.2685546875,0.146484375,-0.35400390625,-0.18310546875,-0.0244140625,-0.09765625,-0.7568359375,0.0732421875,-1.59912109375,-0.09765625,-0.244140625,-0.23193359375,-0.927734375,0.1220703125,-0.57373046875,-0.09765625,-0.01220703125,-0.09765625,0.86669921875,-0.537109375,-0.62255859375,0.06103515625,-0.146484375,-0.048828125,-0.74462890625,0.20751953125,0.927734375,0.06103515625,0.25634765625,0.08544921875,-0.25634765625,0.2197265625,-0.8056640625,0.06103515625,-0.4150390625,0.244140625,-0.72021484375,0.20751953125,-0.18310546875,0.06103515625,-0.68359375,-0.40283203125,-0.45166015625,0.5859375,0.341796875,-0.7568359375,1.23291015625,-0.0732421875,0.48828125,-0.0244140625,-0.18310546875,0.15869140625,0.7568359375,-0.08544921875,0.6591796875,0.01220703125,0.45166015625,-0.6103515625,0.52490234375,0.03662109375,0.18310546875,-0.1953125,0.2685546875,-0.01220703125,1.08642578125,-0.01220703125,0.2685546875,-0.10986328125,0.23193359375,0.08544921875,0.341796875,0.20751953125,0.8544921875,-0.06103515625,0.03662109375,0.1708984375,1.416015625,-0.08544921875,-0.91552734375,0.13427734375,-0.29296875,0.01220703125,-0.91552734375,0.13427734375,-0.7568359375,-0.03662109375,-1.4404296875,-0.25634765625,-0.29296875,0,-0.2685546875,-0.32958984375,-1.1474609375,0.03662109375,-0.87890625,-0.0244140625,-0.5615234375,0.13427734375,-0.79345703125,0.13427734375,-0.048828125,0.0732421875,-0.7080078125,-0.048828125,-1.4404296875,-0.15869140625,-1.025390625,0.10986328125,0.42724609375,-0.13427734375,1.01318359375,0.09765625,0.42724609375,0.09765625,0.28076171875,-0.13427734375,0.5615234375,-0.23193359375,-0.01220703125,0.1220703125,0.9033203125,-0.01220703125,-0.439453125,-0.08544921875,-0.42724609375
1,0.32958984375,-0.32958984375,-0.390625,-0.32958984375,0.15869140625,-0.37841796875,-0.20751953125,0,-0.10986328125,-0.72021484375,0.048828125,-1.52587890625,-0.09765625,-0.03662109375,-0.23193359375,-0.8544921875,0.09765625,-0.57373046875,-0.06103515625,0.09765625,-0.10986328125,0.87890625,-0.59814453125,-0.6103515625,0.09765625,-0.146484375,-0.048828125,-0.732421875,0.10986328125,0.927734375,0.0732421875,0.2685546875,0.18310546875,-0.29296875,0.28076171875,-0.81787109375,0.048828125,-0.42724609375,0.2197265625,-0.69580078125,0.18310546875,-0.20751953125,0.048828125,-0.69580078125,-0.4150390625,-0.439453125,0.5615234375,0.3173828125,-0.84228515625,1.28173828125,-0.06103515625,0.47607421875,0.048828125,-0.20751953125,0.13427734375,0.7568359375,-0.048828125,0.6591796875,-0.06103515625,0.47607421875,-0.54931640625,0.48828125,-0.03662109375,0.15869140625,-0.06103515625,0.30517578125,-0.03662109375,1.0986328125,0.0244140625,0.25634765625,-0.1220703125,0.23193359375,0.15869140625,0.32958984375,0.20751953125,0.8544921875,-0.048828125,0.06103515625,0.13427734375,1.42822265625,-0.03662109375,-0.91552734375,0.146484375,-0.29296875,-0.03662109375,-0.93994140625,0.15869140625,-0.7568359375,-0.08544921875,-1.46484375,-0.244140625,-0.2685546875,0.13427734375,-0.28076171875,-0.23193359375,-1.15966796875,0.09765625,-0.1220703125,-0.01220703125,-0.40283203125,0.1953125,-0.634765625,0.0732421875,0.13427734375,-0.048828125,-0.68359375,-0.01220703125,-1.4404296875,-0.06103515625,-1.025390625,0.10986328125,0.4150390625,-0.15869140625,0.96435546875,0.10986328125,0.390625,0.03662109375,0.146484375,-0.146484375,0.537109375,-0.20751953125,-0.01220703125,0.0732421875,0.89111328125,0,-0.45166015625,-0.0732421875,-0.42724609375
1,0.3173828125,-0.35400390625,-0.40283203125,-0.3662109375,0.1708984375,-0.390625,-0.2197265625,0,-0.146484375,-0.64697265625,0.0732421875,-1.4404296875,-0.09765625,0.2685546875,-0.25634765625,-0.7568359375,0.048828125,-0.5126953125,0.048828125,0.35400390625,-0.10986328125,0.9033203125,-0.5126953125,-0.54931640625,0.0732421875,-0.13427734375,-0.03662109375,-0.732421875,0.03662109375,0.9521484375,0.06103515625,0.28076171875,0.2685546875,-0.3173828125,0.3173828125,-0.8056640625,0.01220703125,-0.45166015625,0.20751953125,-0.69580078125,0.0732421875,-0.2197265625,0.01220703125,-0.69580078125,-0.439453125,-0.439453125,0.68359375,0.30517578125,-0.86669921875,1.33056640625,-0.048828125,0.47607421875,0.09765625,-0.20751953125,0.1220703125,0.78125,-0.03662109375,0.67138671875,-0.08544921875,0.48828125,-0.4638671875,0.48828125,-0.01220703125,0.15869140625,0.08544921875,0.3662109375,0,1.123046875,0.06103515625,0.25634765625,-0.09765625,0.244140625,0.1708984375,0.341796875,0.20751953125,0.81787109375,-0.03662109375,0.03662109375,0.0244140625,1.416015625,-0.01220703125,-0.927734375,0.15869140625,-0.3173828125,-0.0732421875,-0.96435546875,0.1953125,-0.78125,-0.1220703125,-1.46484375,-0.244140625,-0.29296875,0.1708984375,-0.29296875,-0.146484375,-1.18408203125,0.048828125,0.87890625,-0.03662109375,-0.15869140625,0.20751953125,-0.390625,0,0.37841796875,-0.1708984375,-0.68359375,-0.01220703125,-1.45263671875,0.01220703125,-1.025390625,0.10986328125,0.4150390625,-0.146484375,1.13525390625,0.10986328125,0.5859375,0.048828125,0.35400390625,-0.1220703125,0.732421875,-0.18310546875,0,0.06103515625,0.89111328125,-0.01220703125,-0.439453125,-0.0732421875,-0.42724609375
1,0.3173828125,-0.35400390625,-0.42724609375,-0.3662109375,0.15869140625,-0.40283203125,-0.20751953125,-0.01220703125,-0.13427734375,-0.5126953125,0.06103515625,-1.3427734375,-0.09765625,0.6103515625,-0.2197265625,-0.62255859375,-0.048828125,-0.390625,0.0732421875,0.74462890625,-0.146484375,1.025390625,-0.3662109375,-0.42724609375,0.01220703125,-0.146484375,-0.03662109375,-0.74462890625,-0.03662109375,0.9521484375,0.01220703125,0.29296875,0.30517578125,-0.3173828125,0.29296875,-0.79345703125,-0.03662109375,-0.47607421875,0.1953125,-0.69580078125,-0.03662109375,-0.244140625,-0.0244140625,-0.69580078125,-0.40283203125,-0.42724609375,0.6103515625,0.3173828125,-0.78125,1.3671875,-0.048828125,0.48828125,0.10986328125,-0.1953125,0.10986328125,0.78125,-0.08544921875,0.67138671875,-0.1220703125,0.48828125,-0.37841796875,0.47607421875,-0.0244140625,0.18310546875,0.25634765625,0.390625,-0.01220703125,1.11083984375,0.0732421875,0.23193359375,-0.08544921875,0.25634765625,0.1708984375,0.32958984375,0.2197265625,0.81787109375,-0.03662109375,0.03662109375,-0.06103515625,1.416015625,0.01220703125,-0.927734375,0.15869140625,-0.3173828125,-0.1220703125,-0.98876953125,0.146484375,-0.78125,-0.146484375,-1.4892578125,-0.2197265625,-0.29296875,0.20751953125,-0.30517578125,-0.0732421875,-1.171875,0,1.98974609375,-0.0244140625,0.0732421875,0.1708984375,-0.18310546875,-0.03662109375,0.634765625,-0.32958984375,-0.69580078125,-0.03662109375,-1.45263671875,0.03662109375,-1.025390625,0.10986328125,0.42724609375,-0.10986328125,1.55029296875,0.13427734375,1.01318359375,0.06103515625,0.9033203125,-0.06103515625,1.1474609375,-0.1708984375,0.0244140625,0.0244140625,0.87890625,-0.0244140625,-0.45166015625,-0.1220703125,-0.42724609375
0,0.3173828125,-0.35400390625,-0.439453125,-0.3662109375,0.15869140625,-0.42724609375,-0.20751953125,-0.01220703125,-0.13427734375,-0.439453125,0.06103515625,-1.25732421875,-0.06103515625,0.91552734375,-0.2197265625,-0.537109375,-0.1220703125,-0.1220703125,0.29296875,1.318359375,-0.18310546875,1.18408203125,-0.1220703125,-0.23193359375,-0.08544921875,-0.10986328125,-0.0244140625,-0.74462890625,-0.06103515625,0.96435546875,-0.03662109375,0.28076171875,0.32958984375,-0.341796875,0.28076171875,-0.78125,-0.146484375,-0.5126953125,0.146484375,-0.7080078125,-0.1953125,-0.25634765625,-0.0732421875,-0.68359375,-0.439453125,-0.45166015625,0.57373046875,0.3173828125,-0.79345703125,1.3916015625,-0.1220703125,0.5126953125,0.06103515625,-0.146484375,0.13427734375,0.76904296875,-0.15869140625,0.68359375,-0.1220703125,0.50048828125,-0.244140625,0.48828125,0.0244140625,0.1708984375,0.32958984375,0.45166015625,0.0244140625,1.11083984375,0.06103515625,0.23193359375,-0.0732421875,0.244140625,0.15869140625,0.35400390625,0.2197265625,0.8544921875,-0.0244140625,0.048828125,-0.146484375,1.3916015625,0.048828125,-0.93994140625,0.13427734375,-0.3173828125,-0.15869140625,-1.01318359375,0.08544921875,-0.79345703125,-0.13427734375,-1.513671875,-0.1953125,-0.28076171875,0.2197265625,-0.29296875,0.03662109375,-1.171875,0.0732421875,3.11279296875,0.0732421875,0.35400390625,0.0732421875,0.0732421875,-0.03662109375,0.91552734375,-0.4150390625,-0.68359375,-0.09765625,-1.4404296875,0.03662109375,-0.98876953125,0.0732421875,0.439453125,-0.09765625,2.13623046875,0.10986328125,1.611328125,-0.048828125,1.77001953125,-0.048828125,1.708984375,-0.18310546875,0.0244140625,0,0.87890625,-0.01220703125,-0.45166015625,-0.13427734375,-0.45166015625
0,0.341796875,-0.341796875,-0.47607421875,-0.3173828125,0.18310546875,-0.42724609375,-0.1953125,0,-0.15869140625,-0.3662109375,0.03662109375,-1.220703125,0.01220703125,1.13525390625,-0.20751953125,-0.439453125,-0.1953125,0.1953125,0.439453125,2.001953125,-0.18310546875,1.3916015625,0.1220703125,0.01220703125,-0.18310546875,-0.1220703125,-0.03662109375,-0.7568359375,-0.0732421875,0.9765625,-0.1220703125,0.28076171875,0.25634765625,-0.341796875,0.244140625,-0.79345703125,-0.20751953125,-0.48828125,0.1220703125,-0.7080078125,-0.3173828125,-0.2685546875,-0.09765625,-0.69580078125,-0.52490234375,-0.45166015625,0.42724609375,0.341796875,-0.78125,1.416015625,-0.10986328125,0.52490234375,-0.01220703125,-0.10986328125,0.10986328125,0.78125,-0.20751953125,0.68359375,-0.13427734375,0.4638671875,-0.1708984375,0.5126953125,0.13427734375,0.1708984375,0.40283203125,0.48828125,0.0244140625,1.11083984375,0.06103515625,0.23193359375,-0.0244140625,0.2685546875,0.10986328125,0.3662109375,0.1953125,0.81787109375,-0.0244140625,0.0732421875,-0.2197265625,1.416015625,0,-0.9521484375,0.1220703125,-0.3173828125,-0.2197265625,-0.98876953125,-0.03662109375,-0.7568359375,-0.08544921875,-1.4892578125,-0.13427734375,-0.2685546875,0.1953125,-0.30517578125,0.15869140625,-1.18408203125,0.08544921875,4.08935546875,0.146484375,0.59814453125,-0.03662109375,0.28076171875,-0.06103515625,1.15966796875,-0.40283203125,-0.68359375,-0.1708984375,-1.46484375,-0.0244140625,-0.98876953125,0.048828125,0.439453125,-0.1220703125,2.8564453125,0.10986328125,2.3681640625,-0.09765625,2.89306640625,-0.01220703125,2.42919921875,-0.1953125,0.048828125,-0.0244140625,0.8544921875,0.0244140625,-0.45166015625,-0.1953125,-0.439453125
0,0.35400390625,-0.35400390625,-0.45166015625,-0.2685546875,0.1708984375,-0.4150390625,-0.20751953125,-0.01220703125,-0.1708984375,-0.341796875,0.048828125,-1.220703125,0,1.1962890625,-0.2197265625,-0.40283203125,-0.20751953125,0.5859375,0.439453125,2.7587890625,-0.146484375,1.64794921875,0.32958984375,0.30517578125,-0.28076171875,-0.13427734375,-0.09765625,-0.76904296875,-0.09765625,0.98876953125,-0.2197265625,0.28076171875,0.1708984375,-0.3173828125,0.20751953125,-0.79345703125,-0.244140625,-0.48828125,0.06103515625,-0.7080078125,-0.37841796875,-0.2685546875,-0.08544921875,-0.68359375,-0.62255859375,-0.4638671875,0.341796875,0.37841796875,-0.8056640625,1.416015625,-0.13427734375,0.54931640625,-0.15869140625,-0.08544921875,0.01220703125,0.7568359375,-0.244140625,0.69580078125,-0.13427734375,0.48828125,-0.09765625,0.537109375,0.18310546875,0.15869140625,0.37841796875,0.48828125,-0.048828125,1.123046875,0.0244140625,0.244140625,0.01220703125,0.25634765625,0.1220703125,0.35400390625,0.1953125,0.86669921875,-0.0244140625,0.06103515625,-0.2685546875,1.416015625,-0.08544921875,-0.927734375,0.09765625,-0.3173828125,-0.20751953125,-1.0009765625,-0.1708984375,-0.7568359375,-0.03662109375,-1.4892578125,-0.09765625,-0.25634765625,0.1708984375,-0.29296875,0.244140625,-1.171875,0.03662109375,4.87060546875,0.25634765625,0.830078125,-0.146484375,0.439453125,-0.06103515625,1.3671875,-0.30517578125,-0.7080078125,-0.28076171875,-1.45263671875,-0.10986328125,-0.9765625,0,0.439453125,-0.10986328125,3.64990234375,0.10986328125,3.18603515625,-0.0732421875,4.08935546875,0.0244140625,3.21044921875,-0.20751953125,0.048828125,-0.03662109375,0.84228515625,0.048828125,-0.439453125,-0.2197265625,-0.47607421875
0,0.35400390625,-0.341796875,-0.50048828125,-0.20751953125,0.18310546875,-0.40283203125,-0.1953125,-0.01220703125,-0.1708984375,-0.341796875,0.0732421875,-1.220703125,-0.01220703125,1.1474609375,-0.20751953125,-0.42724609375,-0.146484375,1.0009765625,0.4638671875,3.564453125,-0.08544921875,1.904296875,0.4150390625,0.6103515625,-0.3662109375,-0.13427734375,-0.13427734375,-0.732421875,-0.09765625,0.9765625,-0.3173828125,0.28076171875,0.0732421875,-0.3173828125,0.1708984375,-0.8056640625,-0.244140625,-0.45166015625,0.03662109375,-0.72021484375,-0.37841796875,-0.25634765625,-0.06103515625,-0.69580078125,-0.732421875,-0.47607421875,0.32958984375,0.4150390625,-0.8544921875,1.42822265625,-0.09765625,0.5615234375,-0.30517578125,-0.08544921875,-0.0244140625,0.76904296875,-0.28076171875,0.68359375,-0.13427734375,0.47607421875,0.01220703125,0.57373046875,0.23193359375,0.15869140625,0.3173828125,0.439453125,-0.0732421875,1.11083984375,0,0.25634765625,0.06103515625,0.25634765625,0.0732421875,0.3662109375,0.146484375,0.9033203125,0.01220703125,0.048828125,-0.32958984375,1.3916015625,-0.146484375,-0.93994140625,0.06103515625,-0.30517578125,-0.23193359375,-0.98876953125,-0.32958984375,-0.74462890625,0.01220703125,-1.4892578125,-0.048828125,-0.23193359375,0.10986328125,-0.29296875,0.29296875,-1.171875,-0.03662109375,5.43212890625,0.29296875,1.0009765625,-0.2197265625,0.5859375,-0.03662109375,1.5380859375,-0.1708984375,-0.72021484375,-0.3173828125,-1.45263671875,-0.18310546875,-0.9765625,0.01220703125,0.45166015625,-0.09765625,4.43115234375,0.1220703125,3.99169921875,-0.01220703125,5.26123046875,0.0732421875,3.955078125,-0.2197265625,0.0732421875,-0.0244140625,0.830078125,0.0732421875,-0.47607421875,-0.20751953125,-0.48828125
0,0.32958984375,-0.3173828125,-0.47607421875,-0.146484375,0.2197265625,-0.40283203125,-0.1708984375,-0.0244140625,-0.18310546875,-0.390625,0.048828125,-1.2939453125,-0.048828125,0.96435546875,-0.2197265625,-0.48828125,-0.08544921875,1.37939453125,0.4638671875,4.30908203125,0.048828125,2.1484375,0.3173828125,0.89111328125,-0.40283203125,-0.1220703125,-0.1953125,-0.7568359375,-0.15869140625,0.96435546875,-0.341796875,0.2685546875,-0.0732421875,-0.28076171875,0.1220703125,-0.79345703125,-0.1953125,-0.439453125,0.03662109375,-0.7080078125,-0.32958984375,-0.244140625,-0.048828125,-0.68359375,-0.84228515625,-0.50048828125,0.32958984375,0.45166015625,-0.89111328125,1.3916015625,-0.03662109375,0.57373046875,-0.439453125,-0.0732421875,-0.0732421875,0.7568359375,-0.35400390625,0.67138671875,-0.1220703125,0.47607421875,0.0732421875,0.5859375,0.2685546875,0.1708984375,0.32958984375,0.37841796875,-0.10986328125,1.123046875,-0.01220703125,0.25634765625,0.08544921875,0.244140625,0.0732421875,0.341796875,0.048828125,0.9033203125,0.01220703125,0.06103515625,-0.37841796875,1.3916015625,-0.18310546875,-0.93994140625,0.048828125,-0.3173828125,-0.2685546875,-0.98876953125,-0.40283203125,-0.76904296875,0.0732421875,-1.47705078125,0.01220703125,-0.2197265625,0.06103515625,-0.28076171875,0.28076171875,-1.171875,-0.10986328125,5.74951171875,0.29296875,1.123046875,-0.2197265625,0.6591796875,-0.048828125,1.66015625,0.01220703125,-0.72021484375,-0.35400390625,-1.4404296875,-0.25634765625,-0.9765625,-0.01220703125,0.45166015625,-0.09765625,5.126953125,0.1220703125,4.69970703125,-0.01220703125,6.31103515625,0.0732421875,4.6142578125,-0.25634765625,0.08544921875,-0.0244140625,0.8056640625,0.08544921875,-0.45166015625,-0.1953125,-0.48828125
0,0.32958984375,-0.32958984375,-0.47607421875,-0.10986328125,0.23193359375,-0.40283203125,-0.1708984375,-0.01220703125,-0.2197265625,-0.4638671875,0.0244140625,-1.35498046875,-0.0732421875,0.69580078125,-0.244140625,-0.57373046875,0.0244140625,1.72119140625,0.37841796875,4.99267578125,0.18310546875,2.3681640625,0.20751953125,1.13525390625,-0.390625,-0.15869140625,-0.28076171875,-0.7568359375,-0.146484375,0.93994140625,-0.3173828125,0.2685546875,-0.1708984375,-0.25634765625,0.10986328125,-0.8056640625,-0.146484375,-0.390625,0.03662109375,-0.69580078125,-0.2685546875,-0.2197265625,0.01220703125,-0.68359375,-0.98876953125,-0.50048828125,0.30517578125,0.47607421875,-0.93994140625,1.37939453125,-0.01220703125,0.54931640625,-0.50048828125,-0.08544921875,-0.10986328125,0.74462890625,-0.32958984375,0.67138671875,-0.146484375,0.4638671875,0.146484375,0.6103515625,0.25634765625,0.146484375,0.28076171875,0.30517578125,-0.15869140625,1.11083984375,-0.03662109375,0.25634765625,0.0732421875,0.2197265625,0.0732421875,0.3173828125,0,0.91552734375,0.01220703125,0.048828125,-0.341796875,1.37939453125,-0.18310546875,-0.91552734375,0.0244140625,-0.30517578125,-0.3173828125,-0.9765625,-0.439453125,-0.74462890625,0.09765625,-1.46484375,0.03662109375,-0.20751953125,-0.01220703125,-0.28076171875,0.23193359375,-1.1474609375,-0.13427734375,5.810546875,0.2197265625,1.171875,-0.18310546875,0.6591796875,-0.048828125,1.69677734375,0.1220703125,-0.732421875,-0.28076171875,-1.45263671875,-0.28076171875,-0.98876953125,0.01220703125,0.45166015625,-0.0732421875,5.62744140625,0.10986328125,5.224609375,-0.03662109375,7.06787109375,0.08544921875,5.09033203125,-0.28076171875,0.08544921875,-0.03662109375,0.79345703125,0.1220703125,-0.48828125,-0.146484375,-0.50048828125
0,0.32958984375,-0.30517578125,-0.50048828125,-0.1220703125,0.23193359375,-0.37841796875,-0.13427734375,-0.0244140625,-0.2197265625,-0.54931640625,0.06103515625,-1.42822265625,-0.048828125,0.45166015625,-0.23193359375,-0.6591796875,0.1220703125,1.9775390625,0.146484375,5.4931640625,0.3173828125,2.5390625,0.048828125,1.33056640625,-0.341796875,-0.1708984375,-0.35400390625,-0.7568359375,-0.146484375,0.9521484375,-0.23193359375,0.2685546875,-0.244140625,-0.244140625,0,-0.81787109375,-0.06103515625,-0.35400390625,0.03662109375,-0.7080078125,-0.18310546875,-0.20751953125,0.08544921875,-0.69580078125,-0.93994140625,-0.50048828125,0.3173828125,0.48828125,-1.03759765625,1.3427734375,0.03662109375,0.54931640625,-0.52490234375,-0.10986328125,-0.10986328125,0.74462890625,-0.29296875,0.64697265625,-0.18310546875,0.4638671875,0.2197265625,0.59814453125,0.23193359375,0.13427734375,0.30517578125,0.28076171875,-0.2197265625,1.08642578125,-0.03662109375,0.25634765625,0.06103515625,0.23193359375,0.048828125,0.3173828125,-0.09765625,0.91552734375,0.01220703125,0.048828125,-0.35400390625,1.37939453125,-0.1953125,-0.927734375,-0.01220703125,-0.28076171875,-0.341796875,-0.9521484375,-0.37841796875,-0.74462890625,0.08544921875,-1.47705078125,0.03662109375,-0.1953125,-0.03662109375,-0.29296875,0.1708984375,-1.13525390625,-0.10986328125,5.67626953125,0.1708984375,1.171875,-0.1220703125,0.634765625,-0.048828125,1.6845703125,0.1953125,-0.72021484375,-0.1708984375,-1.45263671875,-0.25634765625,-0.98876953125,0.0244140625,0.45166015625,-0.08544921875,5.87158203125,0.09765625,5.4931640625,-0.10986328125,7.50732421875,0.0732421875,5.322265625,-0.2685546875,0.08544921875,-0.0244140625,0.81787109375,0.09765625,-0.4638671875,-0.10986328125,-0.48828125
0,0.341796875,-0.30517578125,-0.45166015625,-0.13427734375,0.25634765625,-0.3662109375,-0.13427734375,-0.03662109375,-0.23193359375,-0.5859375,0.0732421875,-1.4404296875,-0.06103515625,0.2685546875,-0.2197265625,-0.72021484375,0.1953125,2.13623046875,0.0732421875,5.8349609375,0.37841796875,2.6611328125,-0.1220703125,1.47705078125,-0.29296875,-0.18310546875,-0.40283203125,-0.74462890625,-0.146484375,0.927734375,-0.1220703125,0.2685546875,-0.32958984375,-0.244140625,-0.13427734375,-0.8056640625,-0.01220703125,-0.35400390625,0.06103515625,-0.72021484375,-0.09765625,-0.1953125,0.1220703125,-0.7080078125,-0.8544921875,-0.50048828125,0.3173828125,0.50048828125,-1.123046875,1.33056640625,0.06103515625,0.5126953125,-0.54931640625,-0.1220703125,-0.09765625,0.7568359375,-0.2685546875,0.64697265625,-0.18310546875,0.47607421875,0.15869140625,0.5859375,0.1220703125,0.13427734375,0.244140625,0.2685546875,-0.3173828125,1.08642578125,-0.048828125,0.2685546875,0,0.23193359375,0.01220703125,0.30517578125,-0.15869140625,0.9033203125,-0.048828125,0.03662109375,-0.3173828125,1.37939453125,-0.1708984375,-0.927734375,-0.0732421875,-0.28076171875,-0.3173828125,-0.9521484375,-0.25634765625,-0.7568359375,0.06103515625,-1.46484375,0.03662109375,-0.18310546875,-0.01220703125,-0.2685546875,0.0244140625,-1.123046875,-0.1220703125,5.38330078125,0.10986328125,1.0986328125,-0.01220703125,0.5615234375,-0.06103515625,1.5869140625,0.1953125,-0.7080078125,-0.01220703125,-1.45263671875,-0.2197265625,-1.03759765625,0.0244140625,0.439453125,-0.08544921875,5.89599609375,0.06103515625,5.52978515625,-0.1220703125,7.55615234375,0.06103515625,5.2978515625,-0.23193359375,0.0732421875,-0.03662109375,0.79345703125,0.09765625,-0.4638671875,-0.048828125,-0.48828125
0,0.37841796875,-0.3173828125,-0.4638671875,-0.18310546875,0.2685546875,-0.40283203125,-0.10986328125,-0.0244140625,-0.2685546875,-0.634765625,0.03662109375,-1.4404296875,-0.09765625,0.1708984375,-0.25634765625,-0.7568359375,0.18310546875,2.197265625,0,6.01806640625,0.3173828125,2.72216796875,-0.28076171875,1.50146484375,-0.2197265625,-0.18310546875,-0.439453125,-0.7568359375,-0.09765625,0.93994140625,-0.048828125,0.2685546875,-0.341796875,-0.25634765625,-0.244140625,-0.79345703125,0.08544921875,-0.37841796875,0.10986328125,-0.72021484375,-0.01220703125,-0.18310546875,0.15869140625,-0.72021484375,-0.81787109375,-0.48828125,0.29296875,0.52490234375,-1.11083984375,1.30615234375,0.0732421875,0.48828125,-0.50048828125,-0.1708984375,-0.01220703125,0.7568359375,-0.244140625,0.634765625,-0.1953125,0.47607421875,0.08544921875,0.54931640625,-0.0244140625,0.13427734375,0.1220703125,0.29296875,-0.37841796875,1.06201171875,-0.06103515625,0.244140625,-0.01220703125,0.244140625,-0.06103515625,0.3173828125,-0.1953125,0.87890625,-0.0244140625,0.03662109375,-0.29296875,1.3671875,-0.18310546875,-0.927734375,-0.13427734375,-0.29296875,-0.29296875,-0.93994140625,-0.146484375,-0.7568359375,0.03662109375,-1.4892578125,0,-0.20751953125,-0.048828125,-0.28076171875,-0.10986328125,-1.123046875,-0.1220703125,4.94384765625,0.08544921875,0.927734375,0.06103515625,0.4638671875,-0.10986328125,1.47705078125,0.13427734375,-0.69580078125,0.1220703125,-1.42822265625,-0.1708984375,-1.0498046875,0.01220703125,0.42724609375,-0.0732421875,5.65185546875,0.0244140625,5.2978515625,-0.15869140625,7.23876953125,0.03662109375,5.06591796875,-0.18310546875,0.048828125,-0.048828125,0.78125,0.08544921875,-0.4638671875,0.03662109375,-0.47607421875
0,0.35400390625,-0.32958984375,-0.439453125,-0.23193359375,0.25634765625,-0.390625,-0.09765625,-0.03662109375,-0.25634765625,-0.5859375,0.06103515625,-1.416015625,-0.08544921875,0.1953125,-0.23193359375,-0.72021484375,0.1220703125,2.18505859375,0,6.0302734375,0.20751953125,2.72216796875,-0.35400390625,1.4892578125,-0.146484375,-0.1708984375,-0.40283203125,-0.78125,-0.10986328125,0.9521484375,-0.0244140625,0.2685546875,-0.3173828125,-0.25634765625,-0.28076171875,-0.78125,0.146484375,-0.4150390625,0.146484375,-0.7080078125,0.048828125,-0.23193359375,0.2197265625,-0.7080078125,-0.74462890625,-0.45166015625,0.3173828125,0.5126953125,-1.123046875,1.26953125,0.08544921875,0.48828125,-0.37841796875,-0.15869140625,0.09765625,0.76904296875,-0.244140625,0.64697265625,-0.15869140625,0.47607421875,0,0.54931640625,-0.10986328125,0.146484375,0.01220703125,0.341796875,-0.439453125,1.07421875,-0.0732421875,0.23193359375,-0.08544921875,0.23193359375,-0.09765625,0.3173828125,-0.2197265625,0.84228515625,0,0,-0.28076171875,1.37939453125,-0.146484375,-0.91552734375,-0.1708984375,-0.2685546875,-0.28076171875,-0.9521484375,-0.03662109375,-0.7568359375,-0.01220703125,-1.4892578125,-0.06103515625,-0.23193359375,-0.09765625,-0.244140625,-0.20751953125,-1.11083984375,-0.1708984375,4.40673828125,0.09765625,0.7568359375,0.09765625,0.3173828125,-0.146484375,1.318359375,0.08544921875,-0.69580078125,0.2197265625,-1.4404296875,-0.146484375,-1.06201171875,-0.03662109375,0.4150390625,-0.03662109375,5.17578125,-0.01220703125,4.8583984375,-0.1708984375,6.62841796875,0.01220703125,4.58984375,-0.13427734375,0.0244140625,-0.0244140625,0.8056640625,0.0732421875,-0.439453125,0.08544921875,-0.47607421875
0,0.390625,-0.32958984375,-0.439453125,-0.29296875,0.29296875,-0.390625,-0.09765625,-0.0244140625,-0.244140625,-0.52490234375,0.048828125,-1.3427734375,-0.10986328125,0.32958984375,-0.2685546875,-0.67138671875,0.048828125,2.11181640625,-0.048828125,5.89599609375,0.06103515625,2.685546875,-0.3662109375,1.4404296875,-0.10986328125,-0.18310546875,-0.32958984375,-0.78125,-0.048828125,0.91552734375,-0.048828125,0.28076171875,-0.23193359375,-0.28076171875,-0.25634765625,-0.78125,0.15869140625,-0.439453125,0.20751953125,-0.72021484375,0.0732421875,-0.23193359375,0.244140625,-0.7080078125,-0.5859375,-0.45166015625,0.29296875,0.537109375,-1.0986328125,1.26953125,0.10986328125,0.50048828125,-0.2197265625,-0.1708984375,0.1220703125,0.8056640625,-0.244140625,0.67138671875,-0.13427734375,0.47607421875,-0.09765625,0.537109375,-0.18310546875,0.15869140625,-0.1708984375,0.42724609375,-0.48828125,1.06201171875,-0.08544921875,0.244140625,-0.13427734375,0.244140625,-0.1708984375,0.30517578125,-0.244140625,0.8056640625,0.048828125,0,-0.2685546875,1.37939453125,-0.1220703125,-0.9521484375,-0.1953125,-0.29296875,-0.23193359375,-0.96435546875,0.0244140625,-0.7568359375,-0.08544921875,-1.50146484375,-0.15869140625,-0.2197265625,-0.1953125,-0.2685546875,-0.28076171875,-1.13525390625,-0.244140625,3.7841796875,0.1220703125,0.537109375,0.13427734375,0.15869140625,-0.13427734375,1.13525390625,0.08544921875,-0.68359375,0.244140625,-1.42822265625,-0.0732421875,-1.025390625,-0.048828125,0.439453125,-0.0244140625,4.57763671875,-0.03662109375,4.2236328125,-0.15869140625,5.79833984375,-0.01220703125,4.00390625,-0.10986328125,0.01220703125,-0.0244140625,0.81787109375,0.048828125,-0.439453125,0.1708984375,-0.48828125
0,0.3173828125,-0.32958984375,-0.45166015625,-0.32958984375,0.30517578125,-0.37841796875,-0.08544921875,-0.01220703125,-0.244140625,-0.439453125,0.06103515625,-1.26953125,-0.146484375,0.537109375,-0.28076171875,-0.5859375,-0.08544921875,1.98974609375,-0.10986328125,5.70068359375,-0.15869140625,2.6123046875,-0.35400390625,1.3671875,-0.0732421875,-0.1708984375,-0.23193359375,-0.7568359375,0.01220703125,0.927734375,-0.048828125,0.29296875,-0.146484375,-0.2685546875,-0.18310546875,-0.79345703125,0.1220703125,-0.4638671875,0.244140625,-0.732421875,0.08544921875,-0.244140625,0.2685546875,-0.72021484375,-0.4638671875,-0.42724609375,0.35400390625,0.54931640625,-1.025390625,1.220703125,0.1220703125,0.52490234375,-0.08544921875,-0.146484375,0.1953125,0.79345703125,-0.29296875,0.68359375,-0.09765625,0.47607421875,-0.15869140625,0.5126953125,-0.1708984375,0.1708984375,-0.28076171875,0.537109375,-0.45166015625,1.06201171875,-0.08544921875,0.244140625,-0.18310546875,0.23193359375,-0.2197265625,0.341796875,-0.2685546875,0.76904296875,0.09765625,0,-0.2685546875,1.3671875,-0.048828125,-0.927734375,-0.15869140625,-0.28076171875,-0.1708984375,-0.9765625,0.03662109375,-0.74462890625,-0.10986328125,-1.4892578125,-0.2197265625,-0.244140625,-0.32958984375,-0.244140625,-0.2685546875,-1.13525390625,-0.37841796875,3.125,0.10986328125,0.30517578125,0.1220703125,-0.0244140625,-0.0732421875,0.927734375,0.0732421875,-0.68359375,0.23193359375,-1.45263671875,-0.03662109375,-1.025390625,-0.0732421875,0.42724609375,-0.01220703125,3.86962890625,-0.0732421875,3.515625,-0.146484375,4.87060546875,-0.06103515625,3.3447265625,-0.1220703125,-0.01220703125,-0.0244140625,0.81787109375,0.0732421875,-0.45166015625,0.2197265625,-0.48828125
0,0.30517578125,-0.341796875,-0.439453125,-0.35400390625,0.29296875,-0.37841796875,-0.0732421875,-0.01220703125,-0.2197265625,-0.341796875,0.09765625,-1.1962890625,-0.1220703125,0.76904296875,-0.244140625,-0.5126953125,-0.1953125,1.8310546875,-0.1220703125,5.4443359375,-0.3662109375,2.5390625,-0.3173828125,1.25732421875,-0.0732421875,-0.146484375,-0.13427734375,-0.78125,0.0732421875,0.93994140625,-0.06103515625,0.25634765625,-0.03662109375,-0.28076171875,-0.10986328125,-0.79345703125,0.048828125,-0.45166015625,0.29296875,-0.7080078125,0.08544921875,-0.244140625,0.25634765625,-0.69580078125,-0.37841796875,-0.4150390625,0.4150390625,0.5615234375,-1.08642578125,1.18408203125,0.13427734375,0.537109375,-0.01220703125,-0.13427734375,0.25634765625,0.8056640625,-0.3173828125,0.69580078125,-0.0732421875,0.47607421875,-0.1708984375,0.5126953125,-0.1220703125,0.18310546875,-0.32958984375,0.634765625,-0.45166015625,1.0498046875,-0.0732421875,0.244140625,-0.244140625,0.2685546875,-0.23193359375,0.32958984375,-0.28076171875,0.76904296875,0.13427734375,0.0244140625,-0.29296875,1.37939453125,0,-0.9521484375,-0.08544921875,-0.29296875,-0.13427734375,-1.0009765625,0.03662109375,-0.7568359375,-0.13427734375,-1.50146484375,-0.25634765625,-0.23193359375,-0.4150390625,-0.244140625,-0.15869140625,-1.123046875,-0.48828125,2.4169921875,0.08544921875,0.09765625,0.048828125,-0.20751953125,-0.03662109375,0.7080078125,0.10986328125,-0.7080078125,0.146484375,-1.42822265625,-0.01220703125,-0.98876953125,-0.048828125,0.4150390625,-0.0244140625,3.173828125,-0.0732421875,2.783203125,-0.146484375,3.91845703125,-0.1220703125,2.6611328125,-0.146484375,-0.048828125,0,0.830078125,0.0732421875,-0.439453125,0.2685546875,-0.47607421875
0,0.3173828125,-0.341796875,-0.4638671875,-0.390625,0.29296875,-0.37841796875,-0.0732421875,-0.01220703125,-0.23193359375,-0.23193359375,0.06103515625,-1.13525390625,-0.15869140625,0.9765625,-0.25634765625,-0.439453125,-0.2685546875,1.72119140625,-0.09765625,5.16357421875,-0.54931640625,2.42919921875,-0.29296875,1.13525390625,-0.08544921875,-0.146484375,-0.03662109375,-0.76904296875,0.13427734375,0.93994140625,-0.06103515625,0.2685546875,0.03662109375,-0.3173828125,0.01220703125,-0.78125,-0.01220703125,-0.439453125,0.30517578125,-0.69580078125,0.048828125,-0.244140625,0.3173828125,-0.68359375,-0.35400390625,-0.4150390625,0.439453125,0.5615234375,-1.08642578125,1.18408203125,0.15869140625,0.54931640625,0.0732421875,-0.1220703125,0.3173828125,0.79345703125,-0.3173828125,0.69580078125,-0.03662109375,0.47607421875,-0.18310546875,0.5126953125,-0.0244140625,0.1708984375,-0.3662109375,0.7080078125,-0.45166015625,1.06201171875,-0.08544921875,0.25634765625,-0.25634765625,0.2685546875,-0.244140625,0.37841796875,-0.30517578125,0.76904296875,0.18310546875,0.03662109375,-0.3173828125,1.37939453125,0.048828125,-0.9521484375,0.01220703125,-0.29296875,-0.1220703125,-1.0009765625,0.0244140625,-0.732421875,-0.1708984375,-1.50146484375,-0.2685546875,-0.244140625,-0.47607421875,-0.25634765625,-0.0244140625,-1.11083984375,-0.5615234375,1.72119140625,0.0732421875,-0.10986328125,-0.01220703125,-0.3662109375,0.0244140625,0.47607421875,0.1220703125,-0.7080078125,0.0244140625,-1.42822265625,0,-0.96435546875,0.01220703125,0.439453125,0.01220703125,2.50244140625,-0.0732421875,2.11181640625,-0.146484375,3.01513671875,-0.1220703125,2.0263671875,-0.2197265625,-0.0732421875,0.0244140625,0.84228515625,0.10986328125,-0.439453125,0.2685546875,-0.47607421875
1,0.28076171875,-0.341796875,-0.439453125,-0.3662109375,0.28076171875,-0.37841796875,-0.08544921875,-0.0244140625,-0.2685546875,-0.1708984375,0.048828125,-1.0986328125,-0.15869140625,1.11083984375,-0.2197265625,-0.390625,-0.28076171875,1.59912109375,-0.08544921875,4.91943359375,-0.5615234375,2.33154296875,-0.25634765625,1.0498046875,-0.10986328125,-0.10986328125,0.0244140625,-0.76904296875,0.18310546875,0.93994140625,-0.09765625,0.28076171875,0.048828125,-0.30517578125,0.048828125,-0.8056640625,-0.0732421875,-0.439453125,0.2685546875,-0.7080078125,-0.0244140625,-0.23193359375,0.32958984375,-0.68359375,-0.439453125,-0.439453125,0.4150390625,0.5859375,-1.0498046875,1.171875,0.10986328125,0.537109375,0.15869140625,-0.13427734375,0.35400390625,0.79345703125,-0.3662109375,0.69580078125,-0.03662109375,0.4638671875,-0.146484375,0.537109375,0.0244140625,0.18310546875,-0.42724609375,0.74462890625,-0.439453125,1.0498046875,-0.0732421875,0.2685546875,-0.2685546875,0.244140625,-0.20751953125,0.3662109375,-0.341796875,0.78125,0.20751953125,0.048828125,-0.32958984375,1.3916015625,0.01220703125,-0.927734375,0.1220703125,-0.30517578125,-0.10986328125,-1.0009765625,0.01220703125,-0.732421875,-0.20751953125,-1.50146484375,-0.28076171875,-0.25634765625,-0.52490234375,-0.25634765625,0.146484375,-1.123046875,-0.57373046875,1.03759765625,0.08544921875,-0.3173828125,-0.06103515625,-0.537109375,0.06103515625,0.244140625,0.146484375,-0.7080078125,-0.09765625,-1.45263671875,-0.03662109375,-0.9521484375,0.0732421875,0.45166015625,0.01220703125,1.9287109375,-0.06103515625,1.5380859375,-0.15869140625,2.30712890625,-0.1220703125,1.50146484375,-0.30517578125,-0.08544921875,0.0244140625,0.86669921875,0.1220703125,-0.42724609375,0.244140625,-0.47607421875
1,0.25634765625,-0.341796875,-0.4150390625,-0.3662109375,0.244140625,-0.390625,-0.09765625,0,-0.28076171875,-0.146484375,0.048828125,-1.08642578125,-0.1708984375,1.13525390625,-0.18310546875,-0.3662109375,-0.244140625,1.47705078125,0,4.69970703125,-0.48828125,2.25830078125,-0.244140625,0.9765625,-0.09765625,-0.13427734375,0.03662109375,-0.7568359375,0.15869140625,0.93994140625,-0.146484375,0.2685546875,0.048828125,-0.3173828125,0.08544921875,-0.81787109375,-0.146484375,-0.4150390625,0.2197265625,-0.68359375,-0.10986328125,-0.2197265625,0.3173828125,-0.6591796875,-0.48828125,-0.439453125,0.390625,0.5859375,-1.03759765625,1.1962890625,0.08544921875,0.537109375,0.1708984375,-0.1220703125,0.40283203125,0.78125,-0.30517578125,0.68359375,-0.01220703125,0.47607421875,-0.0732421875,0.54931640625,0.048828125,0.1708984375,-0.45166015625,0.69580078125,-0.4150390625,1.0498046875,-0.0732421875,0.244140625,-0.2685546875,0.244140625,-0.20751953125,0.37841796875,-0.3173828125,0.78125,0.244140625,0.0732421875,-0.30517578125,1.3916015625,0,-0.9033203125,0.244140625,-0.30517578125,-0.08544921875,-0.9765625,-0.0244140625,-0.72021484375,-0.2197265625,-1.4892578125,-0.2197265625,-0.25634765625,-0.50048828125,-0.25634765625,0.30517578125,-1.13525390625,-0.50048828125,0.439453125,0.0732421875,-0.4638671875,-0.06103515625,-0.6591796875,0.06103515625,0.0732421875,0.09765625,-0.7080078125,-0.1953125,-1.45263671875,-0.048828125,-0.96435546875,0.146484375,0.45166015625,0.0244140625,1.50146484375,-0.048828125,1.08642578125,-0.146484375,1.69677734375,-0.09765625,1.123046875,-0.32958984375,-0.0732421875,0.0244140625,0.89111328125,0.13427734375,-0.45166015625,0.23193359375,-0.4638671875
1,0.244140625,-0.341796875,-0.439453125,-0.3173828125,0.2685546875,-0.37841796875,-0.09765625,-0.01220703125,-0.25634765625,-0.146484375,0.0244140625,-1.13525390625,-0.15869140625,1.06201171875,-0.1953125,-0.3662109375,-0.18310546875,1.416015625,-0.0244140625,4.5166015625,-0.32958984375,2.1728515625,-0.2197265625,0.91552734375,-0.0732421875,-0.13427734375,0.01220703125,-0.76904296875,0.15869140625,0.93994140625,-0.18310546875,0.2685546875,0.048828125,-0.30517578125,0.0732421875,-0.8056640625,-0.18310546875,-0.37841796875,0.146484375,-0.68359375,-0.244140625,-0.20751953125,0.35400390625,-0.68359375,-0.52490234375,-0.439453125,0.2197265625,0.5615234375,-1.025390625,1.20849609375,0.048828125,0.52490234375,0.1708984375,-0.13427734375,0.40283203125,0.76904296875,-0.29296875,0.67138671875,0,0.47607421875,0.03662109375,0.57373046875,0.0732421875,0.1708984375,-0.4638671875,0.634765625,-0.35400390625,1.06201171875,-0.0732421875,0.2685546875,-0.23193359375,0.23193359375,-0.2197265625,0.3662109375,-0.29296875,0.79345703125,0.23193359375,0.06103515625,-0.29296875,1.3916015625,0,-0.927734375,0.30517578125,-0.28076171875,-0.10986328125,-0.96435546875,-0.048828125,-0.732421875,-0.20751953125,-1.4892578125,-0.18310546875,-0.244140625,-0.40283203125,-0.2685546875,0.40283203125,-1.13525390625,-0.32958984375,-0.0732421875,-0.01220703125,-0.6103515625,-0.06103515625,-0.7568359375,0.03662109375,-0.09765625,0.01220703125,-0.7080078125,-0.244140625,-1.4404296875,-0.06103515625,-0.9765625,0.146484375,0.45166015625,0.0244140625,1.20849609375,-0.03662109375,0.7568359375,-0.146484375,1.26953125,-0.048828125,0.830078125,-0.35400390625,-0.0732421875,0.01220703125,0.89111328125,0.15869140625,-0.439453125,0.20751953125,-0.4638671875
1,0.23193359375,-0.341796875,-0.390625,-0.29296875,0.2685546875,-0.37841796875,-0.08544921875,-0.0244140625,-0.244140625,-0.18310546875,0.01220703125,-1.171875,-0.15869140625,0.9033203125,-0.18310546875,-0.40283203125,-0.10986328125,1.35498046875,-0.06103515625,4.33349609375,-0.1220703125,2.11181640625,-0.20751953125,0.8544921875,-0.03662109375,-0.13427734375,-0.06103515625,-0.7568359375,0.08544921875,0.91552734375,-0.2197265625,0.28076171875,0.0732421875,-0.2685546875,0.03662109375,-0.830078125,-0.18310546875,-0.37841796875,0.06103515625,-0.69580078125,-0.341796875,-0.1953125,0.35400390625,-0.68359375,-0.5859375,-0.42724609375,0.1708984375,0.52490234375,-1.06201171875,1.2451171875,0.0244140625,0.50048828125,0.1708984375,-0.1708984375,0.390625,0.7568359375,-0.25634765625,0.67138671875,-0.01220703125,0.48828125,0.1708984375,0.5859375,0.0732421875,0.13427734375,-0.439453125,0.5126953125,-0.3173828125,1.0498046875,-0.09765625,0.25634765625,-0.2197265625,0.23193359375,-0.2197265625,0.35400390625,-0.23193359375,0.8056640625,0.2197265625,0.06103515625,-0.23193359375,1.3916015625,0.03662109375,-0.9521484375,0.341796875,-0.2685546875,-0.146484375,-0.93994140625,-0.08544921875,-0.7080078125,-0.1953125,-1.4892578125,-0.10986328125,-0.25634765625,-0.28076171875,-0.28076171875,0.390625,-1.1474609375,-0.18310546875,-0.50048828125,-0.0732421875,-0.7080078125,-0.03662109375,-0.8056640625,0.01220703125,-0.20751953125,-0.048828125,-0.7080078125,-0.244140625,-1.416015625,-0.06103515625,-0.9765625,0.15869140625,0.47607421875,0.0244140625,1.0009765625,-0.03662109375,0.537109375,-0.13427734375,1.0009765625,-0.03662109375,0.634765625,-0.4150390625,-0.06103515625,-0.0244140625,0.89111328125,0.146484375,-0.42724609375,0.1708984375,-0.47607421875
1,0.20751953125,-0.32958984375,-0.32958984375,-0.2685546875,0.29296875,-0.3662109375,-0.0732421875,-0.01220703125,-0.244140625,-0.28076171875,0.01220703125,-1.220703125,-0.146484375,0.732421875,-0.15869140625,-0.4150390625,-0.03662109375,1.2939453125,-0.048828125,4.16259765625,0.09765625,2.05078125,-0.15869140625,0.81787109375,0,-0.146484375,-0.10986328125,-0.76904296875,-0.01220703125,0.927734375,-0.2685546875,0.2685546875,0.13427734375,-0.244140625,-0.0244140625,-0.84228515625,-0.1953125,-0.35400390625,-0.0244140625,-0.68359375,-0.439453125,-0.1953125,0.3173828125,-0.68359375,-0.62255859375,-0.4150390625,0.10986328125,0.50048828125,-1.07421875,1.26953125,0,0.47607421875,0.0732421875,-0.1953125,0.32958984375,0.7568359375,-0.1708984375,0.6591796875,-0.01220703125,0.50048828125,0.30517578125,0.5859375,0.08544921875,0.13427734375,-0.390625,0.37841796875,-0.244140625,1.06201171875,-0.10986328125,0.25634765625,-0.1708984375,0.244140625,-0.244140625,0.341796875,-0.18310546875,0.830078125,0.18310546875,0.06103515625,-0.13427734375,1.40380859375,0.0732421875,-0.93994140625,0.3173828125,-0.25634765625,-0.20751953125,-0.9521484375,-0.09765625,-0.732421875,-0.146484375,-1.46484375,-0.06103515625,-0.244140625,-0.13427734375,-0.2685546875,0.3662109375,-1.171875,-0.0732421875,-0.8056640625,-0.15869140625,-0.76904296875,0,-0.81787109375,-0.048828125,-0.2685546875,-0.146484375,-0.732421875,-0.20751953125,-1.416015625,-0.03662109375,-0.98876953125,0.15869140625,0.45166015625,0.01220703125,0.86669921875,-0.0244140625,0.40283203125,-0.146484375,0.8056640625,0,0.52490234375,-0.47607421875,-0.048828125,-0.0732421875,0.87890625,0.146484375,-0.4150390625,0.146484375,-0.439453125
1,0.2197265625,-0.32958984375,-0.40283203125,-0.25634765625,0.2685546875,-0.3662109375,-0.048828125,-0.0244140625,-0.23193359375,-0.3662109375,0.01220703125,-1.2451171875,-0.1220703125,0.57373046875,-0.13427734375,-0.47607421875,0.0244140625,1.2451171875,-0.01220703125,3.96728515625,0.28076171875,1.9775390625,-0.1220703125,0.76904296875,0.0244140625,-0.15869140625,-0.1953125,-0.76904296875,-0.0732421875,0.927734375,-0.29296875,0.28076171875,0.23193359375,-0.244140625,-0.1220703125,-0.830078125,-0.18310546875,-0.32958984375,-0.1220703125,-0.7080078125,-0.4638671875,-0.18310546875,0.25634765625,-0.67138671875,-0.68359375,-0.37841796875,0.03662109375,0.439453125,-1.0986328125,1.2939453125,0.01220703125,0.48828125,-0.01220703125,-0.2197265625,0.28076171875,0.76904296875,-0.10986328125,0.64697265625,-0.03662109375,0.50048828125,0.32958984375,0.5859375,0.09765625,0.13427734375,-0.28076171875,0.23193359375,-0.1708984375,1.06201171875,-0.15869140625,0.28076171875,-0.13427734375,0.2197265625,-0.20751953125,0.341796875,-0.15869140625,0.830078125,0.1220703125,0.0732421875,-0.03662109375,1.37939453125,0.08544921875,-0.96435546875,0.244140625,-0.23193359375,-0.2685546875,-0.927734375,-0.1220703125,-0.732421875,-0.1220703125,-1.46484375,-0.03662109375,-0.244140625,-0.01220703125,-0.28076171875,0.29296875,-1.18408203125,-0.048828125,-0.9765625,-0.13427734375,-0.8056640625,-0.01220703125,-0.830078125,-0.10986328125,-0.28076171875,-0.1953125,-0.7080078125,-0.10986328125,-1.4404296875,-0.0732421875,-1.0009765625,0.1220703125,0.48828125,0.03662109375,0.72021484375,0,0.30517578125,-0.13427734375,0.6591796875,0.0244140625,0.42724609375,-0.52490234375,-0.048828125,-0.10986328125,0.9033203125,0.09765625,-0.40283203125,0.10986328125,-0.45166015625
1,0.2197265625,-0.341796875,-0.3662109375,-0.2685546875,0.28076171875,-0.3662109375,-0.0732421875,-0.03662109375,-0.25634765625,-0.42724609375,0.01220703125,-1.26953125,-0.146484375,0.42724609375,-0.10986328125,-0.52490234375,0.048828125,1.13525390625,0.048828125,3.74755859375,0.37841796875,1.91650390625,-0.048828125,0.68359375,0.01220703125,-0.1708984375,-0.25634765625,-0.76904296875,-0.1220703125,0.91552734375,-0.2197265625,0.28076171875,0.29296875,-0.23193359375,-0.18310546875,-0.830078125,-0.18310546875,-0.3662109375,-0.1953125,-0.69580078125,-0.42724609375,-0.18310546875,0.15869140625,-0.69580078125,-0.67138671875,-0.32958984375,0,0.40283203125,-1.0986328125,1.30615234375,0,0.4638671875,-0.15869140625,-0.2197265625,0.244140625,0.78125,-0.0732421875,0.6591796875,-0.03662109375,0.48828125,0.3662109375,0.5615234375,0.0732421875,0.146484375,-0.244140625,0.13427734375,-0.09765625,1.08642578125,-0.1708984375,0.2685546875,-0.10986328125,0.2197265625,-0.18310546875,0.341796875,-0.10986328125,0.86669921875,0.09765625,0.08544921875,0.048828125,1.3671875,0.1220703125,-0.9765625,0.15869140625,-0.2685546875,-0.30517578125,-0.927734375,-0.146484375,-0.732421875,-0.048828125,-1.45263671875,-0.03662109375,-0.2685546875,0.06103515625,-0.2685546875,0.244140625,-1.18408203125,-0.08544921875,-1.11083984375,-0.0244140625,-0.830078125,-0.06103515625,-0.79345703125,-0.18310546875,-0.2685546875,-0.1953125,-0.68359375,-0.01220703125,-1.42822265625,-0.08544921875,-1.025390625,0.09765625,0.4638671875,0.01220703125,0.5859375,0.01220703125,0.18310546875,-0.13427734375,0.5126953125,0.048828125,0.341796875,-0.54931640625,-0.0244140625,-0.15869140625,0.89111328125,0.01220703125,-0.37841796875,0.1220703125,-0.45166015625
1,0.20751953125,-0.341796875,-0.3173828125,-0.29296875,0.29296875,-0.35400390625,-0.0244140625,-0.048828125,-0.2685546875,-0.4638671875,0,-1.2939453125,-0.13427734375,0.3662109375,-0.09765625,-0.5615234375,0.03662109375,1.025390625,0.13427734375,3.45458984375,0.42724609375,1.806640625,-0.01220703125,0.59814453125,0.01220703125,-0.15869140625,-0.29296875,-0.7568359375,-0.1708984375,0.927734375,-0.18310546875,0.28076171875,0.30517578125,-0.244140625,-0.28076171875,-0.81787109375,-0.1708984375,-0.35400390625,-0.23193359375,-0.69580078125,-0.32958984375,-0.18310546875,0.146484375,-0.68359375,-0.6591796875,-0.29296875,-0.2197265625,0.37841796875,-1.123046875,1.30615234375,0.03662109375,0.48828125,-0.244140625,-0.20751953125,0.28076171875,0.79345703125,-0.048828125,0.6591796875,-0.0244140625,0.50048828125,0.2197265625,0.5615234375,0.0244140625,0.1708984375,-0.18310546875,0.0732421875,-0.03662109375,1.0986328125,-0.18310546875,0.25634765625,-0.08544921875,0.2197265625,-0.18310546875,0.32958984375,-0.09765625,0.8544921875,0.0732421875,0.08544921875,0.13427734375,1.3916015625,0.10986328125,-0.96435546875,0.03662109375,-0.28076171875,-0.341796875,-0.93994140625,-0.15869140625,-0.76904296875,0.01220703125,-1.47705078125,-0.048828125,-0.25634765625,0.0732421875,-0.28076171875,0.1953125,-1.171875,-0.10986328125,-1.15966796875,0.03662109375,-0.84228515625,-0.08544921875,-0.7568359375,-0.1953125,-0.244140625,-0.1708984375,-0.67138671875,0.048828125,-1.416015625,-0.15869140625,-1.025390625,0.0244140625,0.45166015625,0.01220703125,0.40283203125,0,0.03662109375,-0.13427734375,0.30517578125,0.08544921875,0.20751953125,-0.54931640625,0,-0.1953125,0.9033203125,-0.03662109375,-0.37841796875,0.146484375,-0.45166015625
1,0.2197265625,-0.32958984375,-0.32958984375,-0.3173828125,0.29296875,-0.35400390625,0,-0.03662109375,-0.25634765625,-0.48828125,0,-1.2939453125,-0.06103515625,0.390625,-0.1220703125,-0.5859375,-0.01220703125,0.8544921875,0.3173828125,3.13720703125,0.3662109375,1.69677734375,0.048828125,0.4638671875,-0.01220703125,-0.146484375,-0.30517578125,-0.7568359375,-0.1708984375,0.927734375,-0.0732421875,0.28076171875,0.25634765625,-0.25634765625,-0.35400390625,-0.81787109375,-0.13427734375,-0.35400390625,-0.244140625,-0.7080078125,-0.20751953125,-0.1708984375,0.1220703125,-0.69580078125,-0.57373046875,-0.30517578125,-0.25634765625,0.3662109375,-1.123046875,1.318359375,0.06103515625,0.5126953125,-0.32958984375,-0.18310546875,0.25634765625,0.8056640625,-0.06103515625,0.67138671875,0,0.4638671875,0.06103515625,0.5615234375,-0.0244140625,0.20751953125,-0.1708984375,0.06103515625,0,1.11083984375,-0.1708984375,0.244140625,-0.0732421875,0.2197265625,-0.10986328125,0.35400390625,-0.048828125,0.830078125,0.048828125,0.09765625,0.1708984375,1.37939453125,0.146484375,-0.93994140625,-0.08544921875,-0.28076171875,-0.3173828125,-0.9521484375,-0.2197265625,-0.76904296875,0.08544921875,-1.513671875,-0.08544921875,-0.25634765625,0.01220703125,-0.2685546875,0.1953125,-1.171875,-0.146484375,-1.13525390625,0.1708984375,-0.86669921875,-0.146484375,-0.72021484375,-0.1708984375,-0.23193359375,-0.0732421875,-0.68359375,0.09765625,-1.42822265625,-0.23193359375,-1.03759765625,0,0.42724609375,0.03662109375,0.18310546875,0.01220703125,-0.15869140625,-0.1220703125,0.048828125,0.10986328125,0.03662109375,-0.5859375,0,-0.20751953125,0.91552734375,-0.048828125,-0.390625,0.1708984375,-0.45166015625
1,0.2197265625,-0.341796875,-0.25634765625,-0.32958984375,0.3173828125,-0.37841796875,0.01220703125,-0.048828125,-0.23193359375,-0.47607421875,-0.01220703125,-1.25732421875,-0.10986328125,0.47607421875,-0.09765625,-0.57373046875,-0.09765625,0.67138671875,0.30517578125,2.685546875,0.244140625,1.5625,0.146484375,0.32958984375,-0.03662109375,-0.146484375,-0.28076171875,-0.76904296875,-0.1220703125,0.93994140625,0.01220703125,0.29296875,0.15869140625,-0.28076171875,-0.3662109375,-0.830078125,-0.10986328125,-0.37841796875,-0.1953125,-0.72021484375,-0.09765625,-0.1953125,0.13427734375,-0.69580078125,-0.54931640625,-0.2685546875,-0.244140625,0.37841796875,-1.1474609375,1.318359375,0.06103515625,0.52490234375,-0.40283203125,-0.15869140625,0.25634765625,0.81787109375,-0.0244140625,0.69580078125,0,0.47607421875,-0.10986328125,0.57373046875,-0.0732421875,0.20751953125,-0.0244140625,0.1220703125,0.048828125,1.08642578125,-0.13427734375,0.244140625,-0.09765625,0.2197265625,-0.0732421875,0.341796875,-0.03662109375,0.830078125,0.06103515625,0.10986328125,0.1953125,1.37939453125,0.146484375,-0.96435546875,-0.1708984375,-0.30517578125,-0.25634765625,-0.9521484375,-0.20751953125,-0.78125,0.15869140625,-1.52587890625,-0.1220703125,-0.23193359375,-0.08544921875,-0.28076171875,0.1708984375,-1.15966796875,-0.1708984375,-1.123046875,0.25634765625,-0.87890625,-0.2197265625,-0.69580078125,-0.10986328125,-0.23193359375,0.0244140625,-0.67138671875,0.09765625,-1.3916015625,-0.30517578125,-1.0009765625,-0.0244140625,0.42724609375,-0.06103515625,-0.06103515625,-0.0244140625,-0.37841796875,-0.1953125,-0.23193359375,0.06103515625,-0.1708984375,-0.5615234375,0.0244140625,-0.20751953125,0.9033203125,-0.06103515625,-0.4150390625,0.146484375,-0.45166015625
1,0.1953125,-0.341796875,-0.30517578125,-0.32958984375,0.3173828125,-0.3662109375,0.048828125,-0.01220703125,-0.2197265625,-0.42724609375,-0.01220703125,-1.2451171875,-0.10986328125,0.5859375,-0.08544921875,-0.537109375,-0.15869140625,0.48828125,0.37841796875,2.20947265625,0.09765625,1.42822265625,0.2197265625,0.15869140625,-0.06103515625,-0.146484375,-0.244140625,-0.78125,-0.048828125,0.9521484375,0.06103515625,0.28076171875,0.048828125,-0.30517578125,-0.4150390625,-0.8056640625,-0.10986328125,-0.42724609375,-0.15869140625,-0.72021484375,-0.0244140625,-0.1953125,0.18310546875,-0.68359375,-0.48828125,-0.28076171875,-0.1953125,0.40283203125,-1.11083984375,1.318359375,0.08544921875,0.537109375,-0.42724609375,-0.146484375,0.32958984375,0.8056640625,-0.06103515625,0.69580078125,-0.0244140625,0.4638671875,-0.29296875,0.57373046875,-0.09765625,0.20751953125,0.13427734375,0.1953125,0.0732421875,1.0986328125,-0.08544921875,0.25634765625,-0.13427734375,0.2197265625,-0.01220703125,0.341796875,-0.03662109375,0.81787109375,0,0.10986328125,0.1708984375,1.3916015625,0.1708984375,-0.93994140625,-0.2197265625,-0.30517578125,-0.1953125,-0.96435546875,-0.1708984375,-0.76904296875,0.1953125,-1.52587890625,-0.146484375,-0.23193359375,-0.1953125,-0.28076171875,0.15869140625,-1.1474609375,-0.25634765625,-1.0986328125,0.28076171875,-0.86669921875,-0.244140625,-0.7080078125,-0.06103515625,-0.1953125,0.10986328125,-0.67138671875,0.0732421875,-1.3916015625,-0.341796875,-0.96435546875,-0.06103515625,0.45166015625,-0.03662109375,-0.29296875,-0.0244140625,-0.59814453125,-0.20751953125,-0.52490234375,0.08544921875,-0.3662109375,-0.57373046875,0,-0.1708984375,0.89111328125,0,-0.40283203125,0.10986328125,-0.4638671875
1,0.18310546875,-0.30517578125,-0.15869140625,-0.3173828125,0.30517578125,-0.3662109375,0.0732421875,-0.01220703125,-0.20751953125,-0.3662109375,-0.03662109375,-1.2451171875,-0.146484375,0.68359375,-0.06103515625,-0.52490234375,-0.20751953125,0.244140625,0.3662109375,1.708984375,-0.0732421875,1.2939453125,0.2685546875,0,-0.06103515625,-0.146484375,-0.20751953125,-0.78125,0.0732421875,0.9521484375,0.08544921875,0.28076171875,-0.03662109375,-0.29296875,-0.40283203125,-0.81787109375,-0.08544921875,-0.439453125,-0.09765625,-0.732421875,0.0244140625,-0.2197265625,0.2197265625,-0.67138671875,-0.3662109375,-0.28076171875,-0.06103515625,0.4150390625,-1.20849609375,1.318359375,0.146484375,0.5615234375,-0.40283203125,-0.13427734375,0.37841796875,0.8056640625,-0.13427734375,0.68359375,-0.01220703125,0.47607421875,-0.390625,0.57373046875,-0.0732421875,0.1953125,0.40283203125,0.29296875,0.0732421875,1.0986328125,-0.0732421875,0.25634765625,-0.146484375,0.244140625,0.03662109375,0.341796875,0.01220703125,0.81787109375,-0.01220703125,0.10986328125,0.13427734375,1.3916015625,0.18310546875,-0.93994140625,-0.2197265625,-0.3173828125,-0.10986328125,-0.96435546875,-0.1220703125,-0.74462890625,0.18310546875,-1.52587890625,-0.15869140625,-0.23193359375,-0.341796875,-0.29296875,0.0732421875,-1.123046875,-0.341796875,-1.11083984375,0.32958984375,-0.87890625,-0.25634765625,-0.72021484375,0.0244140625,-0.2197265625,0.18310546875,-0.6591796875,0.0244140625,-1.416015625,-0.37841796875,-0.96435546875,-0.06103515625,0.45166015625,-0.048828125,-0.4638671875,0.01220703125,-0.8056640625,-0.1708984375,-0.79345703125,0.08544921875,-0.537109375,-0.57373046875,0,-0.1220703125,0.87890625,0.048828125,-0.42724609375,0.0732421875,-0.4638671875
1,0.20751953125,-0.3173828125,-0.20751953125,-0.28076171875,0.29296875,-0.390625,0.06103515625,0,-0.2197265625,-0.341796875,-0.08544921875,-1.220703125,-0.15869140625,0.76904296875,-0.0732421875,-0.4638671875,-0.2197265625,0.0244140625,0.29296875,1.20849609375,-0.1708984375,1.13525390625,0.244140625,-0.18310546875,-0.03662109375,-0.13427734375,-0.146484375,-0.78125,0.1220703125,0.927734375,0.1220703125,0.2685546875,-0.09765625,-0.28076171875,-0.40283203125,-0.830078125,-0.0732421875,-0.42724609375,-0.0244140625,-0.74462890625,0.01220703125,-0.20751953125,0.30517578125,-0.67138671875,-0.3662109375,-0.29296875,-0.06103515625,0.47607421875,-1.2451171875,1.30615234375,0.1708984375,0.5615234375,-0.32958984375,-0.1220703125,0.4150390625,0.79345703125,-0.18310546875,0.67138671875,-0.0244140625,0.4638671875,-0.52490234375,0.57373046875,-0.06103515625,0.1953125,0.5859375,0.37841796875,0.06103515625,1.08642578125,-0.01220703125,0.2685546875,-0.146484375,0.25634765625,0.0244140625,0.341796875,0,0.84228515625,-0.01220703125,0.1220703125,0.09765625,1.37939453125,0.13427734375,-0.93994140625,-0.1953125,-0.3173828125,-0.09765625,-0.96435546875,-0.06103515625,-0.74462890625,0.15869140625,-1.52587890625,-0.1708984375,-0.2197265625,-0.439453125,-0.2685546875,-0.01220703125,-1.13525390625,-0.439453125,-1.11083984375,0.25634765625,-0.86669921875,-0.20751953125,-0.74462890625,0.09765625,-0.23193359375,0.20751953125,-0.67138671875,-0.048828125,-1.416015625,-0.32958984375,-0.9521484375,-0.03662109375,0.439453125,-0.06103515625,-0.57373046875,0.01220703125,-0.927734375,-0.146484375,-0.9521484375,0.09765625,-0.634765625,-0.57373046875,-0.0244140625,-0.06103515625,0.86669921875,0.08544921875,-0.42724609375,0.06103515625,-0.4638671875
1,0.2197265625,-0.32958984375,-0.1708984375,-0.25634765625,0.25634765625,-0.3662109375,0.0732421875,-0.01220703125,-0.1953125,-0.3173828125,-0.06103515625,-1.220703125,-0.13427734375,0.81787109375,-0.03662109375,-0.42724609375,-0.244140625,-0.146484375,0.20751953125,0.74462890625,-0.1708984375,1.025390625,0.146484375,-0.32958984375,-0.01220703125,-0.13427734375,-0.10986328125,-0.78125,0.18310546875,0.9521484375,0.146484375,0.25634765625,-0.10986328125,-0.28076171875,-0.35400390625,-0.8056640625,-0.048828125,-0.40283203125,0.01220703125,-0.72021484375,-0.01220703125,-0.20751953125,0.35400390625,-0.69580078125,-0.2685546875,-0.3173828125,-0.08544921875,0.5126953125,-1.2939453125,1.28173828125,0.2197265625,0.52490234375,-0.28076171875,-0.1220703125,0.42724609375,0.76904296875,-0.23193359375,0.6591796875,-0.06103515625,0.4638671875,-0.537109375,0.57373046875,-0.0244140625,0.18310546875,0.69580078125,0.439453125,0.048828125,1.0986328125,0,0.28076171875,-0.13427734375,0.2685546875,0,0.35400390625,0.01220703125,0.79345703125,-0.0244140625,0.09765625,0.0244140625,1.40380859375,0.09765625,-0.9521484375,-0.13427734375,-0.30517578125,-0.06103515625,-0.9521484375,0,-0.72021484375,0.08544921875,-1.52587890625,-0.1708984375,-0.2197265625,-0.48828125,-0.28076171875,-0.09765625,-1.11083984375,-0.50048828125,-1.123046875,0.10986328125,-0.86669921875,-0.13427734375,-0.76904296875,0.10986328125,-0.244140625,0.18310546875,-0.68359375,-0.048828125,-1.40380859375,-0.25634765625,-0.9521484375,-0.01220703125,0.45166015625,-0.03662109375,-0.59814453125,0.0244140625,-0.9765625,-0.13427734375,-1.025390625,0.10986328125,-0.67138671875,-0.52490234375,-0.06103515625,-0.03662109375,0.8544921875,0.09765625,-0.45166015625,0.08544921875,-0.4638671875
0,0.2197265625,-0.3173828125,-0.13427734375,-0.20751953125,0.23193359375,-0.390625,0.09765625,-0.01220703125,-0.18310546875,-0.29296875,-0.06103515625,-1.23291015625,-0.146484375,0.84228515625,-0.06103515625,-0.439453125,-0.28076171875,-0.29296875,0.08544921875,0.390625,-0.1220703125,0.9521484375,-0.03662109375,-0.45166015625,0.03662109375,-0.13427734375,-0.0732421875,-0.78125,0.244140625,0.93994140625,0.1708984375,0.2685546875,-0.0732421875,-0.29296875,-0.30517578125,-0.830078125,-0.03662109375,-0.40283203125,0.0244140625,-0.72021484375,0.0244140625,-0.2197265625,0.37841796875,-0.69580078125,-0.25634765625,-0.32958984375,-0.01220703125,0.52490234375,-1.220703125,1.2939453125,0.20751953125,0.52490234375,-0.23193359375,-0.09765625,0.4150390625,0.76904296875,-0.25634765625,0.634765625,-0.03662109375,0.48828125,-0.48828125,0.57373046875,0.03662109375,0.1708984375,0.69580078125,0.48828125,0.0732421875,1.07421875,0.01220703125,0.28076171875,-0.1220703125,0.2685546875,-0.0244140625,0.35400390625,0.0244140625,0.81787109375,-0.01220703125,0.08544921875,-0.01220703125,1.416015625,0.10986328125,-0.9521484375,-0.03662109375,-0.3173828125,-0.048828125,-0.927734375,0.06103515625,-0.72021484375,0,-1.4892578125,-0.18310546875,-0.2197265625,-0.439453125,-0.29296875,-0.1220703125,-1.0986328125,-0.47607421875,-1.0986328125,-0.06103515625,-0.84228515625,-0.01220703125,-0.79345703125,0.10986328125,-0.25634765625,0.18310546875,-0.69580078125,-0.01220703125,-1.416015625,-0.15869140625,-0.93994140625,0.0244140625,0.4638671875,-0.03662109375,-0.5126953125,0.0244140625,-0.9521484375,-0.13427734375,-0.96435546875,0.13427734375,-0.6103515625,-0.48828125,-0.0732421875,0,0.8544921875,0.1220703125,-0.439453125,0.13427734375,-0.48828125
0,0.1953125,-0.30517578125,-0.13427734375,-0.1708984375,0.2197265625,-0.390625,0.0732421875,0,-0.146484375,-0.30517578125,-0.06103515625,-1.2451171875,-0.13427734375,0.79345703125,-0.06103515625,-0.45166015625,-0.29296875,-0.35400390625,0.048828125,0.20751953125,-0.048828125,0.91552734375,-0.1953125,-0.48828125,0.09765625,-0.13427734375,-0.06103515625,-0.78125,0.20751953125,0.93994140625,0.20751953125,0.25634765625,-0.01220703125,-0.2685546875,-0.244140625,-0.8056640625,-0.01220703125,-0.40283203125,0,-0.72021484375,0.0244140625,-0.2197265625,0.40283203125,-0.68359375,-0.244140625,-0.32958984375,0.09765625,0.5615234375,-1.171875,1.30615234375,0.1953125,0.5126953125,-0.1708984375,-0.1220703125,0.42724609375,0.78125,-0.244140625,0.634765625,-0.03662109375,0.48828125,-0.40283203125,0.57373046875,0.06103515625,0.146484375,0.68359375,0.439453125,0.03662109375,1.08642578125,0.0244140625,0.28076171875,-0.0732421875,0.30517578125,-0.0244140625,0.35400390625,0.01220703125,0.84228515625,-0.03662109375,0.0732421875,-0.048828125,1.3916015625,0.09765625,-0.9521484375,0.03662109375,-0.29296875,-0.08544921875,-0.91552734375,0.13427734375,-0.69580078125,-0.03662109375,-1.4892578125,-0.18310546875,-0.2197265625,-0.37841796875,-0.28076171875,-0.13427734375,-1.0986328125,-0.47607421875,-1.08642578125,-0.20751953125,-0.79345703125,0.10986328125,-0.8056640625,0.10986328125,-0.2685546875,0.09765625,-0.7080078125,0.01220703125,-1.416015625,-0.03662109375,-0.96435546875,0.03662109375,0.47607421875,-0.048828125,-0.3662109375,0.0244140625,-0.84228515625,-0.13427734375,-0.830078125,0.13427734375,-0.5126953125,-0.42724609375,-0.09765625,0,0.81787109375,0.0732421875,-0.42724609375,0.1708984375,-0.50048828125
0,0.15869140625,-0.32958984375,-0.10986328125,-0.13427734375,0.1953125,-0.390625,0.06103515625,-0.01220703125,-0.146484375,-0.3173828125,-0.0732421875,-1.28173828125,-0.1708984375,0.72021484375,-0.06103515625,-0.47607421875,-0.32958984375,-0.32958984375,-0.09765625,0.23193359375,0,0.927734375,-0.37841796875,-0.47607421875,0.146484375,-0.1220703125,-0.0244140625,-0.7568359375,0.146484375,0.93994140625,0.2197265625,0.2685546875,0.06103515625,-0.23193359375,-0.18310546875,-0.8056640625,-0.01220703125,-0.37841796875,-0.03662109375,-0.7080078125,0.01220703125,-0.20751953125,0.341796875,-0.7080078125,-0.15869140625,-0.341796875,0.1220703125,0.5859375,-1.123046875,1.2939453125,0.146484375,0.50048828125,-0.18310546875,-0.13427734375,0.439453125,0.79345703125,-0.28076171875,0.64697265625,-0.0732421875,0.50048828125,-0.23193359375,0.5859375,0.10986328125,0.1220703125,0.6591796875,0.439453125,0.01220703125,1.0986328125,0,0.28076171875,-0.0244140625,0.3173828125,-0.03662109375,0.37841796875,0.0244140625,0.84228515625,-0.03662109375,0.0732421875,-0.10986328125,1.3916015625,0.15869140625,-0.9521484375,0.08544921875,-0.29296875,-0.1220703125,-0.91552734375,0.1708984375,-0.72021484375,-0.0732421875,-1.4892578125,-0.1953125,-0.2197265625,-0.28076171875,-0.25634765625,-0.06103515625,-1.07421875,-0.4150390625,-1.03759765625,-0.2685546875,-0.8056640625,0.15869140625,-0.81787109375,0.10986328125,-0.244140625,-0.01220703125,-0.69580078125,0.0732421875,-1.45263671875,0.048828125,-0.98876953125,0.06103515625,0.48828125,-0.01220703125,-0.146484375,0,-0.634765625,-0.13427734375,-0.634765625,0.15869140625,-0.341796875,-0.390625,-0.0732421875,0.0244140625,0.81787109375,0.0732421875,-0.42724609375,0.244140625,-0.48828125
0,0.146484375,-0.341796875,-0.09765625,-0.08544921875,0.18310546875,-0.390625,0.06103515625,-0.01220703125,-0.1708984375,-0.341796875,-0.0732421875,-1.26953125,-0.1953125,0.64697265625,-0.0732421875,-0.48828125,-0.32958984375,-0.1953125,-0.01220703125,0.50048828125,0,1.025390625,-0.48828125,-0.35400390625,0.20751953125,-0.1220703125,-0.01220703125,-0.74462890625,0.048828125,0.93994140625,0.25634765625,0.28076171875,0.10986328125,-0.20751953125,-0.146484375,-0.79345703125,-0.0244140625,-0.3662109375,-0.09765625,-0.69580078125,-0.048828125,-0.20751953125,0.3173828125,-0.69580078125,-0.146484375,-0.32958984375,0.08544921875,0.5615234375,-1.06201171875,1.2939453125,0.08544921875,0.5126953125,-0.2197265625,-0.146484375,0.35400390625,0.8056640625,-0.29296875,0.6591796875,-0.09765625,0.50048828125,-0.0244140625,0.57373046875,0.1708984375,0.146484375,0.7080078125,0.35400390625,0.01220703125,1.0986328125,-0.0244140625,0.25634765625,0.0244140625,0.28076171875,-0.0732421875,0.341796875,-0.01220703125,0.8544921875,-0.03662109375,0.03662109375,-0.146484375,1.37939453125,0.18310546875,-0.93994140625,0.10986328125,-0.3173828125,-0.13427734375,-0.927734375,0.1708984375,-0.72021484375,-0.0732421875,-1.513671875,-0.20751953125,-0.2197265625,-0.18310546875,-0.2685546875,0.0244140625,-1.08642578125,-0.4150390625,-1.0009765625,-0.2685546875,-0.78125,0.18310546875,-0.78125,0.08544921875,-0.23193359375,-0.13427734375,-0.72021484375,0.0732421875,-1.4404296875,0.1220703125,-1.01318359375,0.03662109375,0.47607421875,0,0.03662109375,0,-0.45166015625,-0.08544921875,-0.4150390625,0.1220703125,-0.18310546875,-0.341796875,-0.0732421875,-0.0244140625,0.81787109375,0.0732421875,-0.4150390625,0.2685546875,-0.50048828125
0,0.146484375,-0.3662109375,-0.06103515625,-0.048828125,0.18310546875,-0.40283203125,0.0732421875,-0.0244140625,-0.146484375,-0.3662109375,-0.0732421875,-1.30615234375,-0.18310546875,0.6103515625,-0.06103515625,-0.50048828125,-0.35400390625,0.01220703125,0.09765625,0.98876953125,-0.01220703125,1.1962890625,-0.4638671875,-0.20751953125,0.23193359375,-0.1220703125,-0.01220703125,-0.7568359375,-0.048828125,0.96435546875,0.20751953125,0.28076171875,0.146484375,-0.20751953125,-0.10986328125,-0.79345703125,-0.09765625,-0.390625,-0.1220703125,-0.69580078125,-0.1220703125,-0.20751953125,0.244140625,-0.7080078125,-0.10986328125,-0.32958984375,0,0.54931640625,-1.01318359375,1.28173828125,0.048828125,0.52490234375,-0.30517578125,-0.1708984375,0.28076171875,0.81787109375,-0.25634765625,0.67138671875,-0.1220703125,0.50048828125,0.1953125,0.54931640625,0.23193359375,0.13427734375,0.69580078125,0.29296875,-0.0244140625,1.11083984375,-0.0244140625,0.25634765625,0.048828125,0.28076171875,-0.09765625,0.3173828125,-0.0732421875,0.830078125,-0.048828125,0.03662109375,-0.1220703125,1.3671875,0.2197265625,-0.927734375,0.08544921875,-0.32958984375,-0.15869140625,-0.93994140625,0.146484375,-0.74462890625,-0.08544921875,-1.52587890625,-0.18310546875,-0.2197265625,-0.10986328125,-0.25634765625,0.15869140625,-1.08642578125,-0.42724609375,-0.9521484375,-0.15869140625,-0.7568359375,0.10986328125,-0.78125,0.06103515625,-0.1953125,-0.2685546875,-0.69580078125,0.03662109375,-1.42822265625,0.1953125,-1.01318359375,0.01220703125,0.4638671875,0.048828125,0.20751953125,0.01220703125,-0.25634765625,-0.03662109375,-0.23193359375,0.1220703125,-0.0244140625,-0.35400390625,-0.0732421875,-0.048828125,0.81787109375,0.048828125,-0.42724609375,0.2685546875,-0.5126953125
0,0.15869140625,-0.341796875,-0.0732421875,-0.03662109375,0.15869140625,-0.40283203125,0.0732421875,-0.01220703125,-0.15869140625,-0.37841796875,-0.1220703125,-1.2939453125,-0.20751953125,0.62255859375,-0.06103515625,-0.5126953125,-0.4150390625,0.30517578125,0.1953125,1.69677734375,-0.0732421875,1.416015625,-0.3662109375,0.03662109375,0.20751953125,-0.1220703125,-0.048828125,-0.732421875,-0.13427734375,0.9521484375,0.146484375,0.2685546875,0.13427734375,-0.23193359375,-0.1708984375,-0.78125,-0.15869140625,-0.40283203125,-0.1953125,-0.69580078125,-0.1953125,-0.20751953125,0.1953125,-0.7080078125,-0.08544921875,-0.3173828125,-0.1953125,0.52490234375,-0.927734375,1.2939453125,0.01220703125,0.5126953125,-0.390625,-0.15869140625,0.23193359375,0.8056640625,-0.1953125,0.64697265625,-0.1708984375,0.50048828125,0.50048828125,0.537109375,0.23193359375,0.13427734375,0.72021484375,0.28076171875,-0.08544921875,1.13525390625,-0.0244140625,0.2197265625,0.06103515625,0.28076171875,-0.13427734375,0.32958984375,-0.15869140625,0.830078125,-0.048828125,0.03662109375,-0.1220703125,1.3671875,0.28076171875,-0.927734375,0.06103515625,-0.341796875,-0.146484375,-0.9521484375,0.06103515625,-0.732421875,-0.06103515625,-1.5380859375,-0.20751953125,-0.244140625,0,-0.25634765625,0.244140625,-1.13525390625,-0.40283203125,-0.9033203125,-0.03662109375,-0.7568359375,0.048828125,-0.7568359375,0.0732421875,-0.15869140625,-0.37841796875,-0.69580078125,-0.01220703125,-1.42822265625,0.1708984375,-1.025390625,-0.03662109375,0.45166015625,0.0244140625,0.28076171875,0.03662109375,-0.1220703125,-0.0732421875,-0.1220703125,0.15869140625,0.0732421875,-0.3662109375,-0.048828125,-0.048828125,0.81787109375,0.03662109375,-0.42724609375,0.2685546875,-0.50048828125
0,0.146484375,-0.3662109375,-0.09765625,0,0.15869140625,-0.4150390625,0.08544921875,0,-0.10986328125,-0.390625,-0.10986328125,-1.25732421875,-0.15869140625,0.64697265625,-0.048828125,-0.47607421875,-0.4150390625,0.67138671875,0.23193359375,2.60009765625,-0.10986328125,1.67236328125,-0.15869140625,0.3173828125,0.15869140625,-0.10986328125,-0.0732421875,-0.732421875,-0.1708984375,0.96435546875,0.01220703125,0.28076171875,0.09765625,-0.244140625,-0.1220703125,-0.79345703125,-0.244140625,-0.439453125,-0.2685546875,-0.7080078125,-0.32958984375,-0.2197265625,0.20751953125,-0.68359375,-0.146484375,-0.30517578125,-0.23193359375,0.50048828125,-0.89111328125,1.2939453125,0,0.52490234375,-0.47607421875,-0.15869140625,0.1708984375,0.81787109375,-0.10986328125,0.6591796875,-0.15869140625,0.47607421875,0.62255859375,0.52490234375,0.244140625,0.13427734375,0.62255859375,0.2685546875,-0.15869140625,1.123046875,-0.0244140625,0.1953125,0.03662109375,0.25634765625,-0.146484375,0.3173828125,-0.244140625,0.84228515625,-0.03662109375,0.048828125,-0.0732421875,1.3671875,0.29296875,-0.91552734375,0.01220703125,-0.32958984375,-0.146484375,-0.9765625,-0.03662109375,-0.76904296875,-0.03662109375,-1.5380859375,-0.15869140625,-0.2685546875,0,-0.25634765625,0.35400390625,-1.15966796875,-0.390625,-0.89111328125,0.03662109375,-0.74462890625,-0.08544921875,-0.7568359375,0.0732421875,-0.1220703125,-0.3662109375,-0.68359375,-0.1220703125,-1.4404296875,0.08544921875,-1.01318359375,-0.09765625,0.439453125,0.08544921875,0.3173828125,0.08544921875,-0.08544921875,-0.06103515625,-0.09765625,0.23193359375,0.09765625,-0.35400390625,-0.03662109375,-0.0732421875,0.8056640625,0.0244140625,-0.45166015625,0.244140625,-0.50048828125
0,0.13427734375,-0.35400390625,-0.03662109375,0.0244140625,0.18310546875,-0.42724609375,0.09765625,0.01220703125,-0.1220703125,-0.35400390625,-0.09765625,-1.20849609375,-0.08544921875,0.7080078125,-0.03662109375,-0.439453125,-0.390625,1.08642578125,0.32958984375,3.57666015625,-0.13427734375,2.001953125,0.06103515625,0.634765625,0.08544921875,-0.10986328125,-0.13427734375,-0.74462890625,-0.18310546875,0.96435546875,-0.1220703125,0.25634765625,0.08544921875,-0.2685546875,-0.10986328125,-0.8056640625,-0.29296875,-0.42724609375,-0.3173828125,-0.68359375,-0.439453125,-0.2197265625,0.1953125,-0.69580078125,-0.1708984375,-0.32958984375,-0.37841796875,0.4638671875,-0.9033203125,1.33056640625,0.0244140625,0.52490234375,-0.54931640625,-0.146484375,0.13427734375,0.81787109375,-0.06103515625,0.67138671875,-0.1953125,0.47607421875,0.76904296875,0.5126953125,0.18310546875,0.146484375,0.5126953125,0.28076171875,-0.2685546875,1.123046875,-0.048828125,0.1708984375,0.0244140625,0.244140625,-0.1953125,0.32958984375,-0.29296875,0.830078125,-0.01220703125,0.048828125,-0.06103515625,1.40380859375,0.29296875,-0.93994140625,-0.03662109375,-0.341796875,-0.15869140625,-0.98876953125,-0.1708984375,-0.76904296875,0.01220703125,-1.55029296875,-0.09765625,-0.25634765625,0,-0.25634765625,0.42724609375,-1.171875,-0.40283203125,-0.87890625,0.09765625,-0.74462890625,-0.1953125,-0.732421875,0.03662109375,-0.09765625,-0.28076171875,-0.67138671875,-0.2197265625,-1.4404296875,0,-1.0009765625,-0.1220703125,0.42724609375,0.01220703125,0.2685546875,0.0244140625,-0.08544921875,-0.15869140625,-0.10986328125,0.15869140625,0.0732421875,-0.37841796875,-0.0244140625,-0.048828125,0.79345703125,0.0244140625,-0.4638671875,0.244140625,-0.48828125
0,0.10986328125,-0.341796875,-0.01220703125,0.0732421875,0.1953125,-0.439453125,0.09765625,0.0244140625,-0.09765625,-0.32958984375,-0.10986328125,-1.18408203125,-0.1220703125,0.81787109375,-0.0244140625,-0.42724609375,-0.3662109375,1.50146484375,0.29296875,4.58984375,-0.13427734375,2.3193359375,0.25634765625,0.9765625,0.0244140625,-0.09765625,-0.1953125,-0.74462890625,-0.20751953125,0.9521484375,-0.28076171875,0.25634765625,0.048828125,-0.3173828125,-0.1708984375,-0.79345703125,-0.30517578125,-0.4638671875,-0.35400390625,-0.69580078125,-0.47607421875,-0.23193359375,0.20751953125,-0.7080078125,-0.23193359375,-0.3173828125,-0.48828125,0.42724609375,-0.93994140625,1.35498046875,0.0244140625,0.5126953125,-0.6103515625,-0.13427734375,0.09765625,0.8056640625,-0.0244140625,0.68359375,-0.2197265625,0.4638671875,0.79345703125,0.52490234375,0.0732421875,0.15869140625,0.4150390625,0.29296875,-0.30517578125,1.123046875,-0.0732421875,0.1708984375,0,0.2685546875,-0.23193359375,0.32958984375,-0.3173828125,0.81787109375,0,0.048828125,-0.03662109375,1.40380859375,0.28076171875,-0.93994140625,-0.08544921875,-0.32958984375,-0.15869140625,-0.98876953125,-0.32958984375,-0.78125,0.048828125,-1.52587890625,-0.0244140625,-0.25634765625,-0.0244140625,-0.25634765625,0.4638671875,-1.15966796875,-0.30517578125,-0.9033203125,0.1708984375,-0.74462890625,-0.23193359375,-0.72021484375,0.0732421875,-0.08544921875,-0.146484375,-0.68359375,-0.30517578125,-1.42822265625,-0.1220703125,-1.01318359375,-0.13427734375,0.439453125,0.01220703125,0.1708984375,0.06103515625,-0.15869140625,-0.13427734375,-0.23193359375,0.2197265625,0,-0.42724609375,-0.01220703125,-0.06103515625,0.76904296875,0.0732421875,-0.48828125,0.25634765625,-0.47607421875
0,0.10986328125,-0.35400390625,0.01220703125,0.1220703125,0.1953125,-0.439453125,0.1220703125,0,-0.10986328125,-0.30517578125,-0.1220703125,-1.1474609375,-0.09765625,0.87890625,-0.0244140625,-0.4150390625,-0.2685546875,1.8798828125,0.3173828125,5.517578125,-0.08544921875,2.62451171875,0.35400390625,1.26953125,-0.03662109375,-0.09765625,-0.2685546875,-0.7568359375,-0.18310546875,0.9521484375,-0.390625,0.25634765625,0,-0.30517578125,-0.20751953125,-0.81787109375,-0.30517578125,-0.47607421875,-0.37841796875,-0.7080078125,-0.47607421875,-0.23193359375,0.244140625,-0.7080078125,-0.244140625,-0.32958984375,-0.537109375,0.390625,-0.9521484375,1.3671875,0.10986328125,0.50048828125,-0.64697265625,-0.146484375,0.13427734375,0.78125,-0.0244140625,0.6591796875,-0.30517578125,0.4638671875,0.78125,0.537109375,-0.03662109375,0.1708984375,0.3173828125,0.341796875,-0.341796875,1.11083984375,-0.08544921875,0.18310546875,-0.048828125,0.29296875,-0.244140625,0.341796875,-0.30517578125,0.8544921875,0.0244140625,0.048828125,-0.01220703125,1.416015625,0.25634765625,-0.9521484375,-0.13427734375,-0.32958984375,-0.1953125,-1.0009765625,-0.42724609375,-0.79345703125,0.0732421875,-1.50146484375,0.06103515625,-0.25634765625,-0.09765625,-0.2685546875,0.47607421875,-1.171875,-0.28076171875,-0.927734375,0.15869140625,-0.74462890625,-0.25634765625,-0.72021484375,0.0732421875,-0.09765625,0.03662109375,-0.69580078125,-0.32958984375,-1.42822265625,-0.18310546875,-0.98876953125,-0.13427734375,0.439453125,0.0732421875,0.08544921875,0.08544921875,-0.2685546875,-0.08544921875,-0.35400390625,0.2685546875,-0.08544921875,-0.45166015625,-0.01220703125,-0.048828125,0.79345703125,0.08544921875,-0.50048828125,0.2685546875,-0.48828125
0,0.09765625,-0.30517578125,0.048828125,0.18310546875,0.1953125,-0.42724609375,0.146484375,-0.01220703125,-0.08544921875,-0.28076171875,-0.13427734375,-1.13525390625,-0.06103515625,0.927734375,0.01220703125,-0.40283203125,-0.1708984375,2.23388671875,0.23193359375,6.298828125,0.03662109375,2.880859375,0.341796875,1.5625,-0.08544921875,-0.13427734375,-0.30517578125,-0.76904296875,-0.2197265625,0.96435546875,-0.439453125,0.25634765625,-0.03662109375,-0.30517578125,-0.2685546875,-0.8056640625,-0.28076171875,-0.4638671875,-0.390625,-0.69580078125,-0.439453125,-0.244140625,0.29296875,-0.69580078125,-0.25634765625,-0.341796875,-0.54931640625,0.3662109375,-0.98876953125,1.416015625,0.1953125,0.50048828125,-0.62255859375,-0.13427734375,0.1953125,0.76904296875,-0.0244140625,0.6591796875,-0.30517578125,0.4638671875,0.69580078125,0.54931640625,-0.146484375,0.146484375,0.2197265625,0.390625,-0.32958984375,1.0986328125,-0.09765625,0.20751953125,-0.08544921875,0.29296875,-0.28076171875,0.35400390625,-0.3173828125,0.81787109375,0.09765625,0.048828125,0.01220703125,1.42822265625,0.1708984375,-0.91552734375,-0.1708984375,-0.3173828125,-0.2685546875,-0.9765625,-0.47607421875,-0.76904296875,0.048828125,-1.4892578125,0.13427734375,-0.23193359375,-0.1708984375,-0.2685546875,0.42724609375,-1.171875,-0.2685546875,-0.93994140625,0.1220703125,-0.7080078125,-0.244140625,-0.732421875,0.0732421875,-0.08544921875,0.13427734375,-0.7080078125,-0.30517578125,-1.42822265625,-0.20751953125,-0.98876953125,-0.08544921875,0.45166015625,0,0.01220703125,0.0244140625,-0.35400390625,-0.1708984375,-0.47607421875,0.1708984375,-0.146484375,-0.5126953125,-0.048828125,-0.0244140625,0.76904296875,0.09765625,-0.5126953125,0.29296875,-0.5126953125
0,0.09765625,-0.30517578125,0.06103515625,0.2197265625,0.18310546875,-0.4150390625,0.146484375,0,-0.048828125,-0.23193359375,-0.13427734375,-1.13525390625,-0.0732421875,0.9521484375,0.0244140625,-0.40283203125,-0.08544921875,2.4658203125,0.10986328125,6.84814453125,0.18310546875,3.0517578125,0.2197265625,1.74560546875,-0.10986328125,-0.10986328125,-0.341796875,-0.76904296875,-0.2197265625,0.93994140625,-0.42724609375,0.244140625,-0.09765625,-0.29296875,-0.3173828125,-0.81787109375,-0.244140625,-0.439453125,-0.42724609375,-0.7080078125,-0.3173828125,-0.244140625,0.3173828125,-0.69580078125,-0.28076171875,-0.32958984375,-0.48828125,0.35400390625,-0.927734375,1.40380859375,0.2685546875,0.47607421875,-0.59814453125,-0.15869140625,0.25634765625,0.76904296875,-0.0244140625,0.6591796875,-0.3173828125,0.45166015625,0.54931640625,0.54931640625,-0.18310546875,0.15869140625,0.13427734375,0.4150390625,-0.3173828125,1.08642578125,-0.09765625,0.2197265625,-0.146484375,0.28076171875,-0.28076171875,0.3662109375,-0.341796875,0.8056640625,0.15869140625,0.048828125,0.01220703125,1.42822265625,0.1220703125,-0.9521484375,-0.18310546875,-0.3173828125,-0.28076171875,-0.96435546875,-0.439453125,-0.7568359375,0.01220703125,-1.46484375,0.1953125,-0.25634765625,-0.18310546875,-0.28076171875,0.341796875,-1.171875,-0.18310546875,-0.927734375,0.0732421875,-0.68359375,-0.15869140625,-0.7080078125,0.0732421875,-0.0732421875,0.1708984375,-0.732421875,-0.1953125,-1.416015625,-0.1953125,-0.96435546875,-0.08544921875,0.45166015625,0.03662109375,0.01220703125,0.08544921875,-0.390625,-0.146484375,-0.54931640625,0.18310546875,-0.1708984375,-0.50048828125,-0.09765625,-0.03662109375,0.79345703125,0.10986328125,-0.47607421875,0.3173828125,-0.52490234375
0,0.08544921875,-0.3173828125,0.09765625,0.29296875,0.18310546875,-0.40283203125,0.15869140625,-0.0244140625,-0.06103515625,-0.25634765625,-0.13427734375,-1.15966796875,-0.10986328125,0.9521484375,0.01220703125,-0.42724609375,-0.0244140625,2.62451171875,0.0244140625,7.14111328125,0.28076171875,3.11279296875,0.09765625,1.84326171875,-0.15869140625,-0.1220703125,-0.3662109375,-0.76904296875,-0.20751953125,0.9521484375,-0.29296875,0.23193359375,-0.20751953125,-0.29296875,-0.3173828125,-0.81787109375,-0.2197265625,-0.439453125,-0.40283203125,-0.7080078125,-0.2685546875,-0.244140625,0.341796875,-0.68359375,-0.30517578125,-0.3662109375,-0.3662109375,0.35400390625,-0.9033203125,1.40380859375,0.341796875,0.48828125,-0.52490234375,-0.15869140625,0.28076171875,0.76904296875,-0.0244140625,0.6591796875,-0.37841796875,0.4638671875,0.32958984375,0.537109375,-0.15869140625,0.1708984375,0,0.390625,-0.32958984375,1.0986328125,-0.08544921875,0.23193359375,-0.20751953125,0.28076171875,-0.30517578125,0.3662109375,-0.3173828125,0.81787109375,0.20751953125,0.048828125,-0.01220703125,1.416015625,0.048828125,-0.93994140625,-0.2197265625,-0.2685546875,-0.25634765625,-0.96435546875,-0.35400390625,-0.74462890625,-0.01220703125,-1.45263671875,0.244140625,-0.20751953125,-0.244140625,-0.25634765625,0.2685546875,-1.15966796875,-0.18310546875,-0.9033203125,-0.0244140625,-0.634765625,-0.10986328125,-0.68359375,-0.03662109375,-0.048828125,0.1708984375,-0.732421875,-0.06103515625,-1.416015625,-0.18310546875,-0.96435546875,-0.09765625,0.4638671875,0.03662109375,0.08544921875,0.06103515625,-0.390625,-0.146484375,-0.54931640625,0.146484375,-0.13427734375,-0.47607421875,-0.08544921875,-0.03662109375,0.8056640625,0.06103515625,-0.4638671875,0.32958984375,-0.537109375
0,0.06103515625,-0.30517578125,0.13427734375,0.3173828125,0.1708984375,-0.40283203125,0.1708984375,0,-0.03662109375,-0.29296875,-0.146484375,-1.1962890625,-0.0244140625,0.9033203125,0.01220703125,-0.439453125,-0.06103515625,2.64892578125,-0.048828125,7.1533203125,0.35400390625,3.1005859375,-0.048828125,1.84326171875,-0.1708984375,-0.1220703125,-0.37841796875,-0.78125,-0.244140625,0.9521484375,-0.1220703125,0.23193359375,-0.28076171875,-0.244140625,-0.4150390625,-0.81787109375,-0.146484375,-0.4150390625,-0.341796875,-0.7080078125,-0.1708984375,-0.244140625,0.37841796875,-0.68359375,-0.2685546875,-0.3662109375,-0.390625,0.37841796875,-0.9521484375,1.37939453125,0.42724609375,0.50048828125,-0.4638671875,-0.18310546875,0.32958984375,0.7568359375,-0.03662109375,0.64697265625,-0.390625,0.47607421875,0.13427734375,0.54931640625,-0.146484375,0.146484375,-0.146484375,0.37841796875,-0.3173828125,1.08642578125,-0.08544921875,0.25634765625,-0.244140625,0.28076171875,-0.30517578125,0.3662109375,-0.3173828125,0.81787109375,0.244140625,0.0732421875,0.01220703125,1.416015625,0.0244140625,-0.96435546875,-0.23193359375,-0.25634765625,-0.2197265625,-0.9765625,-0.23193359375,-0.72021484375,-0.048828125,-1.46484375,0.20751953125,-0.23193359375,-0.25634765625,-0.25634765625,0.09765625,-1.171875,-0.13427734375,-0.86669921875,-0.09765625,-0.5859375,-0.06103515625,-0.68359375,-0.08544921875,-0.01220703125,0.10986328125,-0.72021484375,0.0732421875,-1.40380859375,-0.13427734375,-0.9765625,-0.10986328125,0.4638671875,0.048828125,0.23193359375,0.06103515625,-0.28076171875,-0.15869140625,-0.4638671875,0.1220703125,-0.0244140625,-0.45166015625,-0.09765625,-0.048828125,0.830078125,0.048828125,-0.45166015625,0.37841796875,-0.50048828125
1,0.03662109375,-0.32958984375,0.146484375,0.30517578125,0.1953125,-0.4150390625,0.1708984375,0,-0.048828125,-0.32958984375,-0.15869140625,-1.220703125,-0.0244140625,0.86669921875,0.0244140625,-0.45166015625,-0.09765625,2.55126953125,-0.06103515625,6.884765625,0.32958984375,3.0029296875,-0.1708984375,1.77001953125,-0.1708984375,-0.1220703125,-0.32958984375,-0.78125,-0.244140625,0.9765625,0.06103515625,0.244140625,-0.32958984375,-0.23193359375,-0.47607421875,-0.830078125,-0.08544921875,-0.40283203125,-0.29296875,-0.7080078125,-0.08544921875,-0.244140625,0.390625,-0.68359375,-0.2197265625,-0.37841796875,-0.341796875,0.35400390625,-0.9521484375,1.3671875,0.50048828125,0.5126953125,-0.40283203125,-0.1708984375,0.390625,0.76904296875,-0.0732421875,0.64697265625,-0.42724609375,0.4638671875,0.01220703125,0.54931640625,-0.1220703125,0.15869140625,-0.2685546875,0.3173828125,-0.2685546875,1.08642578125,-0.09765625,0.25634765625,-0.28076171875,0.28076171875,-0.30517578125,0.35400390625,-0.30517578125,0.8544921875,0.244140625,0.048828125,0.03662109375,1.40380859375,0.03662109375,-0.9521484375,-0.2197265625,-0.28076171875,-0.1708984375,-0.9521484375,-0.1220703125,-0.732421875,-0.06103515625,-1.46484375,0.13427734375,-0.1953125,-0.30517578125,-0.28076171875,-0.06103515625,-1.171875,-0.13427734375,-0.81787109375,-0.09765625,-0.537109375,-0.0244140625,-0.68359375,-0.10986328125,0.03662109375,0.10986328125,-0.69580078125,0.18310546875,-1.3916015625,-0.10986328125,-0.96435546875,-0.18310546875,0.45166015625,0.09765625,0.42724609375,0.06103515625,-0.10986328125,-0.10986328125,-0.30517578125,0.146484375,0.146484375,-0.37841796875,-0.10986328125,-0.0732421875,0.8544921875,0.048828125,-0.45166015625,0.37841796875,-0.48828125
1,0.0244140625,-0.341796875,0.18310546875,0.23193359375,0.1953125,-0.4150390625,0.1708984375,-0.01220703125,-0.048828125,-0.341796875,-0.1708984375,-1.2451171875,0,0.9033203125,0.03662109375,-0.48828125,-0.18310546875,2.34375,-0.08544921875,6.4208984375,0.20751953125,2.83203125,-0.23193359375,1.57470703125,-0.10986328125,-0.1220703125,-0.29296875,-0.7568359375,-0.20751953125,0.9521484375,0.18310546875,0.244140625,-0.29296875,-0.20751953125,-0.48828125,-0.84228515625,-0.06103515625,-0.390625,-0.244140625,-0.69580078125,-0.0244140625,-0.2197265625,0.40283203125,-0.67138671875,-0.0244140625,-0.37841796875,-0.30517578125,0.37841796875,-0.927734375,1.318359375,0.54931640625,0.5126953125,-0.3173828125,-0.1708984375,0.42724609375,0.7568359375,-0.13427734375,0.64697265625,-0.47607421875,0.47607421875,-0.09765625,0.54931640625,-0.048828125,0.146484375,-0.28076171875,0.30517578125,-0.23193359375,1.11083984375,-0.10986328125,0.2685546875,-0.29296875,0.28076171875,-0.30517578125,0.3662109375,-0.28076171875,0.86669921875,0.244140625,0.06103515625,0.048828125,1.40380859375,0.048828125,-0.9521484375,-0.1953125,-0.2685546875,-0.146484375,-0.93994140625,-0.01220703125,-0.732421875,-0.08544921875,-1.45263671875,0.01220703125,-0.20751953125,-0.3662109375,-0.28076171875,-0.15869140625,-1.171875,-0.23193359375,-0.74462890625,-0.0732421875,-0.47607421875,0.01220703125,-0.6591796875,-0.10986328125,0.06103515625,0.0732421875,-0.69580078125,0.20751953125,-1.416015625,-0.0244140625,-0.9765625,-0.2197265625,0.47607421875,0.06103515625,0.67138671875,-0.01220703125,0.09765625,-0.13427734375,-0.10986328125,0.08544921875,0.35400390625,-0.341796875,-0.08544921875,-0.08544921875,0.86669921875,0.048828125,-0.439453125,0.3662109375,-0.50048828125
1,0.0244140625,-0.341796875,0.13427734375,0.1220703125,0.1708984375,-0.40283203125,0.1708984375,-0.0244140625,-0.0244140625,-0.32958984375,-0.1708984375,-1.2451171875,0.0244140625,1.0498046875,0.03662109375,-0.4638671875,-0.30517578125,2.06298828125,-0.0732421875,5.7861328125,0.03662109375,2.587890625,-0.2197265625,1.35498046875,-0.08544921875,-0.146484375,-0.1953125,-0.7568359375,-0.15869140625,0.9521484375,0.244140625,0.25634765625,-0.2197265625,-0.2197265625,-0.47607421875,-0.84228515625,-0.03662109375,-0.40283203125,-0.2197265625,-0.69580078125,0.01220703125,-0.244140625,0.45166015625,-0.69580078125,0.10986328125,-0.3662109375,-0.28076171875,0.390625,-0.8544921875,1.2939453125,0.52490234375,0.5126953125,-0.23193359375,-0.146484375,0.439453125,0.76904296875,-0.13427734375,0.634765625,-0.47607421875,0.4638671875,-0.09765625,0.537109375,-0.0244140625,0.146484375,-0.244140625,0.23193359375,-0.15869140625,1.0986328125,-0.1220703125,0.244140625,-0.29296875,0.244140625,-0.30517578125,0.341796875,-0.2685546875,0.89111328125,0.20751953125,0.06103515625,0.1220703125,1.3671875,0.0732421875,-0.9521484375,-0.1708984375,-0.29296875,-0.048828125,-0.9521484375,0.0244140625,-0.732421875,-0.08544921875,-1.46484375,-0.0732421875,-0.18310546875,-0.439453125,-0.30517578125,-0.18310546875,-1.171875,-0.3662109375,-0.68359375,-0.06103515625,-0.439453125,-0.01220703125,-0.6591796875,-0.08544921875,0.09765625,0.10986328125,-0.6591796875,0.1953125,-1.416015625,0.048828125,-0.98876953125,-0.244140625,0.48828125,0.09765625,0.927734375,0,0.341796875,-0.146484375,0.09765625,0.08544921875,0.537109375,-0.341796875,-0.06103515625,-0.0732421875,0.89111328125,0.03662109375,-0.42724609375,0.341796875,-0.48828125
1,0.03662109375,-0.341796875,0.1220703125,-0.03662109375,0.146484375,-0.40283203125,0.1953125,-0.01220703125,0,-0.2685546875,-0.20751953125,-1.18408203125,0,1.33056640625,0.048828125,-0.439453125,-0.40283203125,1.708984375,-0.06103515625,5.01708984375,-0.146484375,2.3193359375,-0.1953125,1.07421875,-0.048828125,-0.13427734375,-0.09765625,-0.74462890625,-0.0732421875,0.96435546875,0.244140625,0.2685546875,-0.13427734375,-0.23193359375,-0.4150390625,-0.84228515625,-0.0732421875,-0.4150390625,-0.244140625,-0.68359375,0.048828125,-0.2197265625,0.439453125,-0.68359375,0.23193359375,-0.37841796875,-0.2197265625,0.40283203125,-0.86669921875,1.25732421875,0.50048828125,0.52490234375,-0.1953125,-0.146484375,0.4150390625,0.76904296875,-0.146484375,0.64697265625,-0.45166015625,0.45166015625,-0.03662109375,0.52490234375,0,0.146484375,-0.1953125,0.18310546875,-0.06103515625,1.0986328125,-0.13427734375,0.25634765625,-0.25634765625,0.244140625,-0.30517578125,0.341796875,-0.244140625,0.9033203125,0.18310546875,0.0732421875,0.20751953125,1.37939453125,0.10986328125,-0.927734375,-0.09765625,-0.28076171875,0.0244140625,-0.9521484375,0.03662109375,-0.732421875,-0.09765625,-1.46484375,-0.146484375,-0.18310546875,-0.47607421875,-0.29296875,-0.10986328125,-1.1474609375,-0.48828125,-0.64697265625,-0.06103515625,-0.439453125,-0.08544921875,-0.64697265625,-0.08544921875,0.1220703125,0.13427734375,-0.64697265625,0.13427734375,-1.416015625,0.0732421875,-1.01318359375,-0.244140625,0.47607421875,0.09765625,1.11083984375,0.01220703125,0.5615234375,-0.1220703125,0.30517578125,0.06103515625,0.74462890625,-0.37841796875,-0.03662109375,-0.0732421875,0.87890625,0.03662109375,-0.42724609375,0.35400390625,-0.48828125
1,0.01220703125,-0.32958984375,0.15869140625,-0.1953125,0.08544921875,-0.40283203125,0.1953125,-0.0244140625,0.0244140625,-0.1708984375,-0.20751953125,-1.0986328125,0.01220703125,1.708984375,0.06103515625,-0.35400390625,-0.4638671875,1.33056640625,-0.06103515625,4.2236328125,-0.3173828125,2.0263671875,-0.15869140625,0.74462890625,-0.01220703125,-0.146484375,-0.0244140625,-0.7568359375,0,0.96435546875,0.1953125,0.28076171875,-0.048828125,-0.28076171875,-0.35400390625,-0.84228515625,-0.10986328125,-0.439453125,-0.244140625,-0.69580078125,0.08544921875,-0.23193359375,0.45166015625,-0.69580078125,0.3173828125,-0.3662109375,-0.2685546875,0.42724609375,-0.830078125,1.25732421875,0.4150390625,0.52490234375,-0.13427734375,-0.13427734375,0.37841796875,0.76904296875,-0.146484375,0.6591796875,-0.4150390625,0.4638671875,-0.01220703125,0.5126953125,0,0.15869140625,-0.18310546875,0.1708984375,0.048828125,1.0986328125,-0.15869140625,0.244140625,-0.2197265625,0.25634765625,-0.3173828125,0.32958984375,-0.1953125,0.91552734375,0.15869140625,0.0732421875,0.28076171875,1.37939453125,0.13427734375,-0.9033203125,-0.048828125,-0.29296875,0.06103515625,-0.9521484375,0.03662109375,-0.7080078125,-0.08544921875,-1.47705078125,-0.1708984375,-0.15869140625,-0.5126953125,-0.30517578125,0,-1.1474609375,-0.59814453125,-0.6591796875,-0.1220703125,-0.439453125,-0.13427734375,-0.634765625,-0.048828125,0.10986328125,0.13427734375,-0.6591796875,0.0244140625,-1.40380859375,0.0732421875,-1.025390625,-0.20751953125,0.45166015625,0.09765625,1.23291015625,0.01220703125,0.72021484375,-0.10986328125,0.45166015625,0.0732421875,0.86669921875,-0.42724609375,-0.0244140625,-0.048828125,0.86669921875,0.048828125,-0.42724609375,0.3173828125,-0.47607421875
1,-0.0244140625,-0.32958984375,0.1953125,-0.32958984375,0.08544921875,-0.40283203125,0.18310546875,-0.0244140625,0.03662109375,-0.01220703125,-0.18310546875,-0.9521484375,-0.03662109375,2.197265625,0.0732421875,-0.20751953125,-0.50048828125,0.9521484375,-0.08544921875,3.38134765625,-0.4150390625,1.74560546875,-0.1708984375,0.439453125,0.048828125,-0.15869140625,0.03662109375,-0.7568359375,0.0732421875,0.96435546875,0.10986328125,0.2685546875,0.0244140625,-0.3173828125,-0.29296875,-0.830078125,-0.13427734375,-0.439453125,-0.28076171875,-0.69580078125,0.03662109375,-0.25634765625,0.45166015625,-0.69580078125,0.3662109375,-0.37841796875,-0.30517578125,0.4150390625,-0.76904296875,1.25732421875,0.30517578125,0.52490234375,-0.08544921875,-0.15869140625,0.341796875,0.7568359375,-0.146484375,0.6591796875,-0.37841796875,0.4638671875,0.13427734375,0.5126953125,-0.048828125,0.146484375,-0.20751953125,0.18310546875,0.08544921875,1.0986328125,-0.146484375,0.23193359375,-0.23193359375,0.25634765625,-0.28076171875,0.3173828125,-0.20751953125,0.9033203125,0.1220703125,0.08544921875,0.4150390625,1.3671875,0.1953125,-0.9033203125,0.03662109375,-0.29296875,0.09765625,-0.96435546875,0.03662109375,-0.7080078125,-0.10986328125,-1.47705078125,-0.1708984375,-0.15869140625,-0.5126953125,-0.3173828125,0.13427734375,-1.123046875,-0.57373046875,-0.732421875,-0.1953125,-0.48828125,-0.18310546875,-0.6591796875,0.01220703125,0.0732421875,0.146484375,-0.64697265625,-0.0732421875,-1.416015625,0.048828125,-1.01318359375,-0.1708984375,0.45166015625,0.10986328125,1.28173828125,0.03662109375,0.84228515625,-0.10986328125,0.5126953125,0.06103515625,0.927734375,-0.47607421875,-0.01220703125,-0.03662109375,0.86669921875,0.048828125,-0.439453125,0.30517578125,-0.48828125
1,-0.0244140625,-0.35400390625,0.20751953125,-0.439453125,0.0732421875,-0.390625,0.1953125,-0.01220703125,0.06103515625,0.18310546875,-0.20751953125,-0.78125,-0.10986328125,2.79541015625,0.06103515625,0,-0.48828125,0.5615234375,-0.1220703125,2.587890625,-0.4638671875,1.4892578125,-0.18310546875,0.146484375,0.09765625,-0.13427734375,0.0732421875,-0.7568359375,0.13427734375,0.9765625,0.01220703125,0.25634765625,0.03662109375,-0.341796875,-0.2685546875,-0.84228515625,-0.146484375,-0.4638671875,-0.32958984375,-0.69580078125,0,-0.244140625,0.439453125,-0.69580078125,0.4150390625,-0.42724609375,-0.390625,0.4150390625,-0.76904296875,1.26953125,0.18310546875,0.5126953125,-0.09765625,-0.15869140625,0.25634765625,0.74462890625,-0.09765625,0.67138671875,-0.3173828125,0.47607421875,0.2197265625,0.5126953125,-0.0244140625,0.146484375,-0.13427734375,0.23193359375,0.13427734375,1.123046875,-0.15869140625,0.2197265625,-0.1953125,0.28076171875,-0.28076171875,0.341796875,-0.15869140625,0.93994140625,0.10986328125,0.0732421875,0.439453125,1.3916015625,0.244140625,-0.89111328125,0.08544921875,-0.29296875,0.10986328125,-0.9765625,0.03662109375,-0.7080078125,-0.1220703125,-1.46484375,-0.146484375,-0.146484375,-0.47607421875,-0.3173828125,0.29296875,-1.13525390625,-0.47607421875,-0.8056640625,-0.28076171875,-0.5615234375,-0.20751953125,-0.6591796875,0.03662109375,0.0244140625,0.10986328125,-0.6591796875,-0.18310546875,-1.416015625,0.01220703125,-1.0009765625,-0.1220703125,0.45166015625,0.1220703125,1.2451171875,0.03662109375,0.8544921875,-0.10986328125,0.47607421875,0.0732421875,0.9033203125,-0.47607421875,-0.01220703125,-0.06103515625,0.8544921875,0.06103515625,-0.4150390625,0.23193359375,-0.5126953125
1,-0.048828125,-0.35400390625,0.20751953125,-0.50048828125,0.06103515625,-0.40283203125,0.20751953125,-0.01220703125,0.048828125,0.40283203125,-0.2197265625,-0.59814453125,-0.18310546875,3.41796875,0.06103515625,0.23193359375,-0.45166015625,0.20751953125,-0.1708984375,1.85546875,-0.390625,1.2451171875,-0.20751953125,-0.1220703125,0.13427734375,-0.1220703125,0.08544921875,-0.79345703125,0.13427734375,0.96435546875,-0.08544921875,0.25634765625,0.0732421875,-0.3662109375,-0.25634765625,-0.84228515625,-0.1708984375,-0.47607421875,-0.35400390625,-0.7080078125,-0.09765625,-0.244140625,0.45166015625,-0.68359375,0.42724609375,-0.439453125,-0.42724609375,0.390625,-0.74462890625,1.28173828125,0.09765625,0.50048828125,-0.15869140625,-0.15869140625,0.15869140625,0.76904296875,-0.10986328125,0.6591796875,-0.25634765625,0.47607421875,0.32958984375,0.52490234375,0,0.146484375,-0.01220703125,0.25634765625,0.1220703125,1.11083984375,-0.146484375,0.23193359375,-0.1708984375,0.2685546875,-0.25634765625,0.3173828125,-0.1708984375,0.927734375,0.06103515625,0.08544921875,0.45166015625,1.40380859375,0.29296875,-0.91552734375,0.1220703125,-0.30517578125,0.09765625,-0.98876953125,0.0244140625,-0.7080078125,-0.146484375,-1.46484375,-0.09765625,-0.15869140625,-0.37841796875,-0.3173828125,0.390625,-1.123046875,-0.28076171875,-0.91552734375,-0.341796875,-0.5859375,-0.1953125,-0.7080078125,0.048828125,-0.048828125,0.03662109375,-0.6591796875,-0.25634765625,-1.42822265625,0.01220703125,-0.9765625,-0.03662109375,0.45166015625,0.10986328125,1.13525390625,0.06103515625,0.8056640625,-0.09765625,0.40283203125,0.08544921875,0.830078125,-0.5126953125,-0.01220703125,-0.06103515625,0.89111328125,0.08544921875,-0.40283203125,0.15869140625,-0.52490234375
1,-0.03662109375,-0.37841796875,0.20751953125,-0.5126953125,0.048828125,-0.4150390625,0.1953125,-0.01220703125,0.09765625,0.6103515625,-0.23193359375,-0.37841796875,-0.06103515625,4.06494140625,0.0732421875,0.48828125,-0.35400390625,-0.09765625,-0.23193359375,1.220703125,-0.25634765625,1.0498046875,-0.23193359375,-0.3662109375,0.1708984375,-0.10986328125,0.0732421875,-0.79345703125,0.10986328125,0.96435546875,-0.15869140625,0.25634765625,0.0732421875,-0.35400390625,-0.25634765625,-0.84228515625,-0.18310546875,-0.4638671875,-0.4638671875,-0.72021484375,-0.20751953125,-0.23193359375,0.439453125,-0.7080078125,0.37841796875,-0.45166015625,-0.439453125,0.390625,-0.68359375,1.30615234375,0.03662109375,0.47607421875,-0.20751953125,-0.15869140625,0.0732421875,0.76904296875,-0.1220703125,0.6591796875,-0.20751953125,0.48828125,0.4150390625,0.537109375,-0.01220703125,0.146484375,0.09765625,0.3173828125,0.1708984375,1.123046875,-0.1220703125,0.23193359375,-0.15869140625,0.30517578125,-0.18310546875,0.32958984375,-0.1220703125,0.91552734375,0.03662109375,0.0732421875,0.4638671875,1.416015625,0.32958984375,-0.927734375,0.13427734375,-0.3173828125,0.03662109375,-0.98876953125,0.01220703125,-0.7080078125,-0.1708984375,-1.45263671875,-0.03662109375,-0.15869140625,-0.244140625,-0.30517578125,0.42724609375,-1.123046875,-0.244140625,-1.01318359375,-0.37841796875,-0.634765625,-0.1953125,-0.732421875,0.048828125,-0.10986328125,-0.01220703125,-0.68359375,-0.23193359375,-1.4404296875,0,-0.9765625,0,0.45166015625,0.10986328125,0.98876953125,0.06103515625,0.67138671875,-0.10986328125,0.25634765625,0.1220703125,0.69580078125,-0.5126953125,-0.0244140625,-0.09765625,0.9033203125,0.08544921875,-0.390625,0.15869140625,-0.52490234375
1,-0.03662109375,-0.3662109375,0.20751953125,-0.47607421875,0.0244140625,-0.42724609375,0.18310546875,0.01220703125,0.09765625,0.81787109375,-0.2197265625,-0.18310546875,-0.048828125,4.6630859375,0.06103515625,0.68359375,-0.2685546875,-0.3662109375,-0.23193359375,0.6103515625,-0.048828125,0.87890625,-0.2197265625,-0.54931640625,0.18310546875,-0.1220703125,0.03662109375,-0.79345703125,0,0.9521484375,-0.18310546875,0.2685546875,0.08544921875,-0.341796875,-0.244140625,-0.84228515625,-0.20751953125,-0.439453125,-0.54931640625,-0.7080078125,-0.32958984375,-0.2197265625,0.42724609375,-0.7080078125,0.4150390625,-0.48828125,-0.537109375,0.35400390625,-0.64697265625,1.2939453125,-0.01220703125,0.47607421875,-0.2685546875,-0.1220703125,0.06103515625,0.76904296875,-0.10986328125,0.6591796875,-0.18310546875,0.48828125,0.42724609375,0.537109375,-0.0244140625,0.146484375,0.32958984375,0.341796875,0.1953125,1.0986328125,-0.0732421875,0.23193359375,-0.1953125,0.29296875,-0.146484375,0.3173828125,-0.09765625,0.91552734375,-0.0244140625,0.06103515625,0.48828125,1.40380859375,0.35400390625,-0.93994140625,0.10986328125,-0.3173828125,-0.03662109375,-0.98876953125,0,-0.7080078125,-0.20751953125,-1.46484375,0.048828125,-0.18310546875,-0.1220703125,-0.28076171875,0.390625,-1.123046875,-0.1708984375,-1.07421875,-0.40283203125,-0.6591796875,-0.13427734375,-0.76904296875,0.03662109375,-0.15869140625,-0.08544921875,-0.7080078125,-0.18310546875,-1.42822265625,0.01220703125,-0.9521484375,0.01220703125,0.45166015625,0.146484375,0.84228515625,0.1220703125,0.537109375,-0.08544921875,0.0732421875,0.1708984375,0.537109375,-0.5126953125,-0.03662109375,-0.1220703125,0.89111328125,0.08544921875,-0.37841796875,0.1220703125,-0.48828125
1,-0.03662109375,-0.35400390625,0.1953125,-0.390625,0.048828125,-0.45166015625,0.1708984375,-0.01220703125,0.10986328125,1.025390625,-0.20751953125,-0.06103515625,-0.048828125,5.17578125,0.08544921875,0.9033203125,-0.1953125,-0.6103515625,-0.20751953125,0.1220703125,0.13427734375,0.74462890625,-0.146484375,-0.72021484375,0.1953125,-0.10986328125,-0.0244140625,-0.79345703125,-0.09765625,0.9521484375,-0.20751953125,0.244140625,0.08544921875,-0.32958984375,-0.23193359375,-0.830078125,-0.20751953125,-0.42724609375,-0.59814453125,-0.72021484375,-0.42724609375,-0.23193359375,0.3662109375,-0.69580078125,0.32958984375,-0.48828125,-0.57373046875,0.3173828125,-0.64697265625,1.30615234375,-0.01220703125,0.50048828125,-0.30517578125,-0.13427734375,0.048828125,0.79345703125,-0.1220703125,0.64697265625,-0.18310546875,0.48828125,0.40283203125,0.52490234375,-0.03662109375,0.1708984375,0.4150390625,0.390625,0.1953125,1.0986328125,-0.0244140625,0.2197265625,-0.244140625,0.3173828125,-0.06103515625,0.32958984375,-0.03662109375,0.91552734375,-0.03662109375,0.06103515625,0.45166015625,1.416015625,0.390625,-0.927734375,0.08544921875,-0.30517578125,-0.10986328125,-0.9765625,-0.03662109375,-0.7080078125,-0.23193359375,-1.46484375,0.08544921875,-0.1953125,0.0244140625,-0.2685546875,0.32958984375,-1.11083984375,-0.1708984375,-1.11083984375,-0.42724609375,-0.6591796875,-0.146484375,-0.7568359375,-0.0244140625,-0.1953125,-0.15869140625,-0.69580078125,-0.1220703125,-1.4404296875,-0.0244140625,-0.9521484375,0.01220703125,0.45166015625,0.08544921875,0.7080078125,0.09765625,0.40283203125,-0.048828125,-0.08544921875,0.146484375,0.390625,-0.52490234375,-0.048828125,-0.13427734375,0.927734375,0.06103515625,-0.390625,0.10986328125,-0.4638671875
1,-0.03662109375,-0.341796875,0.244140625,-0.30517578125,0.048828125,-0.47607421875,0.18310546875,-0.0244140625,0.1220703125,1.18408203125,-0.1953125,0.048828125,-0.0732421875,5.57861328125,0.08544921875,1.06201171875,-0.15869140625,-0.830078125,-0.1708984375,-0.3173828125,0.29296875,0.62255859375,-0.08544921875,-0.86669921875,0.146484375,-0.13427734375,-0.0732421875,-0.78125,-0.23193359375,0.96435546875,-0.1953125,0.25634765625,0.10986328125,-0.29296875,-0.2197265625,-0.84228515625,-0.25634765625,-0.42724609375,-0.5859375,-0.72021484375,-0.50048828125,-0.2197265625,0.3173828125,-0.69580078125,0.3173828125,-0.48828125,-0.57373046875,0.32958984375,-0.5859375,1.2939453125,0.01220703125,0.50048828125,-0.3662109375,-0.1220703125,0.03662109375,0.79345703125,-0.0732421875,0.68359375,-0.2197265625,0.50048828125,0.35400390625,0.537109375,-0.06103515625,0.18310546875,0.5615234375,0.40283203125,0.23193359375,1.11083984375,0.01220703125,0.2197265625,-0.2685546875,0.30517578125,-0.0244140625,0.3662109375,0,0.91552734375,-0.048828125,0.0732421875,0.40283203125,1.40380859375,0.4150390625,-0.93994140625,0.01220703125,-0.29296875,-0.1220703125,-0.9765625,-0.0732421875,-0.72021484375,-0.20751953125,-1.4892578125,0.1220703125,-0.2197265625,0.146484375,-0.244140625,0.2685546875,-1.11083984375,-0.1708984375,-1.08642578125,-0.40283203125,-0.6591796875,-0.18310546875,-0.78125,-0.09765625,-0.1953125,-0.1708984375,-0.72021484375,-0.048828125,-1.416015625,-0.0732421875,-0.96435546875,-0.0244140625,0.4638671875,0.1220703125,0.6103515625,0.10986328125,0.30517578125,-0.048828125,-0.1953125,0.15869140625,0.28076171875,-0.5126953125,-0.048828125,-0.1708984375,0.927734375,0.03662109375,-0.35400390625,0.1220703125,-0.45166015625
1,-0.0732421875,-0.32958984375,0.25634765625,-0.20751953125,0.06103515625,-0.4638671875,0.2197265625,-0.0244140625,0.1220703125,1.30615234375,-0.1953125,0.13427734375,-0.146484375,5.859375,0.06103515625,1.15966796875,-0.18310546875,-1.0009765625,-0.048828125,-0.67138671875,0.37841796875,0.5615234375,-0.01220703125,-0.9521484375,0.1220703125,-0.1220703125,-0.13427734375,-0.7568359375,-0.341796875,0.9765625,-0.1220703125,0.244140625,0.09765625,-0.2685546875,-0.20751953125,-0.84228515625,-0.29296875,-0.42724609375,-0.50048828125,-0.7080078125,-0.50048828125,-0.20751953125,0.25634765625,-0.69580078125,0.28076171875,-0.4638671875,-0.52490234375,0.32958984375,-0.52490234375,1.25732421875,0.06103515625,0.52490234375,-0.3662109375,-0.1220703125,0.0244140625,0.8056640625,-0.06103515625,0.68359375,-0.2685546875,0.50048828125,0.23193359375,0.54931640625,-0.08544921875,0.1708984375,0.5859375,0.40283203125,0.25634765625,1.0986328125,0,0.23193359375,-0.23193359375,0.30517578125,0.01220703125,0.35400390625,0.01220703125,0.89111328125,-0.08544921875,0.0732421875,0.341796875,1.40380859375,0.42724609375,-0.9521484375,-0.048828125,-0.28076171875,-0.146484375,-0.96435546875,-0.1220703125,-0.732421875,-0.15869140625,-1.52587890625,0.1220703125,-0.23193359375,0.18310546875,-0.25634765625,0.18310546875,-1.13525390625,-0.13427734375,-1.0009765625,-0.3173828125,-0.634765625,-0.1953125,-0.76904296875,-0.08544921875,-0.15869140625,-0.13427734375,-0.72021484375,-0.0244140625,-1.42822265625,-0.10986328125,-0.9765625,-0.08544921875,0.47607421875,0.13427734375,0.54931640625,0.10986328125,0.23193359375,-0.03662109375,-0.244140625,0.18310546875,0.23193359375,-0.47607421875,-0.03662109375,-0.20751953125,0.91552734375,0.01220703125,-0.3662109375,0.1220703125,-0.42724609375
1,-0.06103515625,-0.341796875,0.29296875,-0.13427734375,0.06103515625,-0.45166015625,0.244140625,-0.0244140625,0.146484375,1.3916015625,-0.20751953125,0.146484375,-0.0732421875,5.99365234375,0.08544921875,1.23291015625,-0.2197265625,-1.13525390625,0.048828125,-0.927734375,0.390625,0.5126953125,0.0732421875,-1.01318359375,0.0732421875,-0.146484375,-0.1708984375,-0.76904296875,-0.4150390625,0.9765625,-0.03662109375,0.244140625,0.048828125,-0.23193359375,-0.1953125,-0.84228515625,-0.29296875,-0.37841796875,-0.4638671875,-0.732421875,-0.4638671875,-0.1953125,0.1953125,-0.69580078125,0.29296875,-0.439453125,-0.42724609375,0.3173828125,-0.50048828125,1.23291015625,0.146484375,0.537109375,-0.341796875,-0.13427734375,0.048828125,0.76904296875,-0.0732421875,0.67138671875,-0.30517578125,0.48828125,0.1953125,0.57373046875,-0.146484375,0.1708984375,0.62255859375,0.3662109375,0.2685546875,1.123046875,-0.01220703125,0.23193359375,-0.23193359375,0.30517578125,0,0.3662109375,0.0732421875,0.87890625,-0.09765625,0.06103515625,0.23193359375,1.3671875,0.3662109375,-0.96435546875,-0.09765625,-0.29296875,-0.13427734375,-0.9765625,-0.146484375,-0.732421875,-0.10986328125,-1.513671875,0.08544921875,-0.244140625,0.13427734375,-0.28076171875,0.1220703125,-1.1474609375,-0.1953125,-0.927734375,-0.20751953125,-0.59814453125,-0.244140625,-0.76904296875,-0.13427734375,-0.13427734375,-0.03662109375,-0.69580078125,0.03662109375,-1.416015625,-0.1708984375,-1.0009765625,-0.146484375,0.4638671875,0.146484375,0.5615234375,0.10986328125,0.23193359375,-0.048828125,-0.244140625,0.20751953125,0.20751953125,-0.45166015625,-0.048828125,-0.20751953125,0.89111328125,0.0244140625,-0.390625,0.1220703125,-0.4150390625
1,-0.09765625,-0.3173828125,0.3173828125,-0.0732421875,0.0732421875,-0.4150390625,0.23193359375,-0.0244140625,0.1953125,1.40380859375,-0.20751953125,0.146484375,-0.09765625,6.01806640625,0.0732421875,1.2451171875,-0.25634765625,-1.220703125,0.09765625,-1.0986328125,0.30517578125,0.50048828125,0.13427734375,-1.0498046875,0.0244140625,-0.13427734375,-0.1953125,-0.74462890625,-0.40283203125,0.98876953125,0.06103515625,0.244140625,-0.0244140625,-0.23193359375,-0.2197265625,-0.84228515625,-0.28076171875,-0.390625,-0.390625,-0.732421875,-0.3662109375,-0.20751953125,0.13427734375,-0.68359375,0.37841796875,-0.42724609375,-0.42724609375,0.341796875,-0.52490234375,1.23291015625,0.244140625,0.5126953125,-0.29296875,-0.15869140625,0.03662109375,0.76904296875,-0.08544921875,0.6591796875,-0.390625,0.48828125,0.10986328125,0.5859375,-0.1953125,0.146484375,0.72021484375,0.3662109375,0.29296875,1.123046875,-0.01220703125,0.244140625,-0.1953125,0.29296875,-0.0244140625,0.37841796875,0.0732421875,0.86669921875,-0.1220703125,0.048828125,0.18310546875,1.3916015625,0.341796875,-0.96435546875,-0.146484375,-0.28076171875,-0.0732421875,-1.01318359375,-0.18310546875,-0.74462890625,-0.03662109375,-1.5380859375,0.0732421875,-0.244140625,0.06103515625,-0.28076171875,0.09765625,-1.15966796875,-0.25634765625,-0.84228515625,-0.09765625,-0.59814453125,-0.28076171875,-0.732421875,-0.0732421875,-0.10986328125,0.0732421875,-0.69580078125,0.01220703125,-1.42822265625,-0.1953125,-1.025390625,-0.2197265625,0.45166015625,0.0732421875,0.59814453125,0.06103515625,0.2197265625,-0.1220703125,-0.2197265625,0.13427734375,0.25634765625,-0.439453125,-0.048828125,-0.18310546875,0.87890625,0.0244140625,-0.390625,0.08544921875,-0.42724609375
0,-0.0732421875,-0.341796875,0.35400390625,-0.0732421875,0.0244140625,-0.42724609375,0.244140625,-0.01220703125,0.23193359375,1.3671875,-0.2197265625,0.09765625,-0.1953125,5.92041015625,0.08544921875,1.220703125,-0.29296875,-1.25732421875,0.20751953125,-1.1474609375,0.23193359375,0.50048828125,0.25634765625,-1.03759765625,0,-0.1220703125,-0.18310546875,-0.76904296875,-0.32958984375,1.0009765625,0.13427734375,0.244140625,-0.13427734375,-0.20751953125,-0.244140625,-0.84228515625,-0.244140625,-0.3662109375,-0.35400390625,-0.72021484375,-0.25634765625,-0.1953125,0.048828125,-0.69580078125,0.390625,-0.42724609375,-0.4150390625,0.341796875,-0.50048828125,1.23291015625,0.30517578125,0.5126953125,-0.2685546875,-0.15869140625,0.01220703125,0.74462890625,-0.09765625,0.64697265625,-0.439453125,0.4638671875,0.08544921875,0.5859375,-0.1953125,0.1708984375,0.76904296875,0.32958984375,0.23193359375,1.13525390625,-0.03662109375,0.23193359375,-0.146484375,0.28076171875,-0.01220703125,0.37841796875,0.09765625,0.89111328125,-0.1708984375,0.03662109375,0.146484375,1.37939453125,0.28076171875,-0.96435546875,-0.18310546875,-0.28076171875,-0.03662109375,-0.98876953125,-0.15869140625,-0.76904296875,0.01220703125,-1.50146484375,0.03662109375,-0.28076171875,-0.06103515625,-0.28076171875,0.06103515625,-1.18408203125,-0.3173828125,-0.76904296875,-0.01220703125,-0.5859375,-0.28076171875,-0.72021484375,-0.03662109375,-0.08544921875,0.18310546875,-0.69580078125,-0.0244140625,-1.416015625,-0.20751953125,-1.025390625,-0.25634765625,0.439453125,0.1220703125,0.634765625,0.06103515625,0.244140625,-0.10986328125,-0.146484375,0.18310546875,0.29296875,-0.439453125,-0.06103515625,-0.15869140625,0.86669921875,0,-0.40283203125,0.048828125,-0.42724609375
0,-0.06103515625,-0.341796875,0.35400390625,-0.1220703125,0.03662109375,-0.40283203125,0.244140625,-0.0244140625,0.244140625,1.25732421875,-0.20751953125,0.048828125,-0.25634765625,5.74951171875,0.06103515625,1.13525390625,-0.3173828125,-1.2451171875,0.2685546875,-1.0986328125,0.10986328125,0.5615234375,0.341796875,-1.01318359375,-0.03662109375,-0.1220703125,-0.1708984375,-0.78125,-0.2197265625,1.0009765625,0.1708984375,0.244140625,-0.23193359375,-0.1953125,-0.28076171875,-0.84228515625,-0.2197265625,-0.35400390625,-0.2685546875,-0.72021484375,-0.146484375,-0.1953125,0.03662109375,-0.68359375,0.48828125,-0.390625,-0.390625,0.37841796875,-0.30517578125,1.2451171875,0.40283203125,0.50048828125,-0.2197265625,-0.1708984375,0.01220703125,0.7568359375,-0.1220703125,0.6591796875,-0.4150390625,0.4638671875,0.048828125,0.59814453125,-0.1708984375,0.146484375,0.8056640625,0.29296875,0.18310546875,1.11083984375,-0.03662109375,0.244140625,-0.09765625,0.25634765625,-0.0244140625,0.3662109375,0.0732421875,0.9033203125,-0.1708984375,0.03662109375,0.06103515625,1.37939453125,0.2197265625,-0.91552734375,-0.13427734375,-0.28076171875,0.0244140625,-1.0009765625,-0.09765625,-0.74462890625,0.0244140625,-1.513671875,0.01220703125,-0.244140625,-0.1708984375,-0.28076171875,0.03662109375,-1.18408203125,-0.45166015625,-0.732421875,0.01220703125,-0.5859375,-0.2685546875,-0.67138671875,0,-0.0732421875,0.244140625,-0.68359375,0.01220703125,-1.42822265625,-0.20751953125,-1.025390625,-0.29296875,0.42724609375,0.10986328125,0.67138671875,0.03662109375,0.23193359375,-0.08544921875,-0.06103515625,0.18310546875,0.341796875,-0.390625,-0.06103515625,-0.13427734375,0.87890625,0.03662109375,-0.40283203125,-0.0244140625,-0.439453125
0,-0.09765625,-0.35400390625,0.3173828125,-0.18310546875,0,-0.390625,0.23193359375,-0.0244140625,0.244140625,1.13525390625,-0.2197265625,-0.0244140625,-0.28076171875,5.46875,0.0732421875,1.0498046875,-0.30517578125,-1.18408203125,0.25634765625,-1.0009765625,0.01220703125,0.6103515625,0.3662109375,-0.96435546875,-0.048828125,-0.1220703125,-0.146484375,-0.78125,-0.08544921875,1.0009765625,0.18310546875,0.244140625,-0.30517578125,-0.2197265625,-0.3173828125,-0.84228515625,-0.1708984375,-0.341796875,-0.1953125,-0.72021484375,-0.09765625,-0.18310546875,0.06103515625,-0.68359375,0.634765625,-0.37841796875,-0.3662109375,0.40283203125,-0.20751953125,1.28173828125,0.42724609375,0.48828125,-0.2197265625,-0.18310546875,0.01220703125,0.74462890625,-0.15869140625,0.6591796875,-0.390625,0.4638671875,0.03662109375,0.6103515625,-0.1220703125,0.15869140625,0.76904296875,0.25634765625,0.13427734375,1.11083984375,-0.01220703125,0.244140625,-0.0732421875,0.244140625,-0.01220703125,0.35400390625,0,0.91552734375,-0.1708984375,0.0244140625,0.06103515625,1.37939453125,0.1708984375,-0.927734375,-0.10986328125,-0.28076171875,0.0244140625,-1.01318359375,-0.0244140625,-0.74462890625,0.0244140625,-1.513671875,0,-0.244140625,-0.2685546875,-0.30517578125,-0.03662109375,-1.20849609375,-0.48828125,-0.7080078125,-0.08544921875,-0.5859375,-0.2197265625,-0.6591796875,0.03662109375,-0.06103515625,0.30517578125,-0.68359375,-0.06103515625,-1.416015625,-0.1708984375,-1.03759765625,-0.3173828125,0.439453125,0.06103515625,0.64697265625,0.0244140625,0.18310546875,-0.13427734375,0,0.10986328125,0.35400390625,-0.37841796875,-0.048828125,-0.09765625,0.87890625,0.01220703125,-0.40283203125,-0.03662109375,-0.42724609375
0,-0.1220703125,-0.3662109375,0.29296875,-0.244140625,0.01220703125,-0.37841796875,0.20751953125,-0.0244140625,0.23193359375,0.98876953125,-0.2197265625,-0.1220703125,-0.3173828125,5.2001953125,0.08544921875,0.93994140625,-0.29296875,-1.0986328125,0.18310546875,-0.81787109375,-0.10986328125,0.67138671875,0.341796875,-0.9033203125,-0.03662109375,-0.10986328125,-0.10986328125,-0.74462890625,0.048828125,1.01318359375,0.1708984375,0.244140625,-0.341796875,-0.23193359375,-0.29296875,-0.830078125,-0.10986328125,-0.341796875,-0.15869140625,-0.68359375,-0.08544921875,-0.1708984375,0.06103515625,-0.68359375,0.69580078125,-0.3662109375,-0.32958984375,0.42724609375,-0.1708984375,1.318359375,0.4150390625,0.48828125,-0.20751953125,-0.1953125,0.0244140625,0.7568359375,-0.244140625,0.64697265625,-0.29296875,0.4638671875,0.08544921875,0.59814453125,-0.08544921875,0.13427734375,0.72021484375,0.25634765625,0.048828125,1.11083984375,-0.01220703125,0.244140625,-0.0732421875,0.244140625,-0.0244140625,0.32958984375,-0.048828125,0.91552734375,-0.18310546875,0.0244140625,0.048828125,1.3916015625,0.13427734375,-0.91552734375,-0.0244140625,-0.28076171875,0.06103515625,-1.01318359375,0.048828125,-0.74462890625,0,-1.4892578125,0,-0.244140625,-0.35400390625,-0.29296875,-0.09765625,-1.171875,-0.537109375,-0.72021484375,-0.2197265625,-0.59814453125,-0.15869140625,-0.62255859375,0.048828125,-0.0732421875,0.3173828125,-0.67138671875,-0.03662109375,-1.416015625,-0.10986328125,-1.0009765625,-0.32958984375,0.42724609375,0.08544921875,0.6103515625,0.048828125,0.146484375,-0.09765625,0.01220703125,0.13427734375,0.341796875,-0.32958984375,-0.03662109375,-0.0732421875,0.87890625,-0.01220703125,-0.40283203125,-0.0244140625,-0.45166015625
0,-0.146484375,-0.37841796875,0.32958984375,-0.3173828125,-0.01220703125,-0.35400390625,0.1708984375,-0.03662109375,0.2197265625,0.830078125,-0.23193359375,-0.20751953125,-0.28076171875,4.9072265625,0.048828125,0.84228515625,-0.2685546875,-0.9765625,0.0732421875,-0.59814453125,-0.146484375,0.7080078125,0.25634765625,-0.8544921875,0.01220703125,-0.08544921875,-0.03662109375,-0.74462890625,0.13427734375,1.0009765625,0.15869140625,0.25634765625,-0.341796875,-0.23193359375,-0.29296875,-0.84228515625,-0.01220703125,-0.341796875,-0.15869140625,-0.68359375,-0.0732421875,-0.15869140625,0.10986328125,-0.6591796875,0.84228515625,-0.3173828125,-0.37841796875,0.42724609375,-0.09765625,1.3671875,0.390625,0.48828125,-0.2685546875,-0.18310546875,0.03662109375,0.7568359375,-0.3173828125,0.6591796875,-0.1953125,0.4638671875,0.10986328125,0.5859375,0.01220703125,0.15869140625,0.7080078125,0.2197265625,-0.0244140625,1.0986328125,-0.01220703125,0.244140625,-0.08544921875,0.23193359375,-0.03662109375,0.3173828125,-0.13427734375,0.93994140625,-0.1708984375,0.0244140625,0.048828125,1.37939453125,0.146484375,-0.91552734375,0.048828125,-0.29296875,0.10986328125,-0.98876953125,0.1220703125,-0.732421875,-0.0244140625,-1.47705078125,-0.03662109375,-0.244140625,-0.35400390625,-0.32958984375,-0.13427734375,-1.171875,-0.50048828125,-0.78125,-0.30517578125,-0.6103515625,-0.06103515625,-0.6103515625,0.048828125,-0.048828125,0.2685546875,-0.68359375,0,-1.416015625,-0.0244140625,-1.01318359375,-0.29296875,0.439453125,0.08544921875,0.5615234375,0.03662109375,0.0732421875,-0.09765625,0.01220703125,0.08544921875,0.3173828125,-0.28076171875,-0.03662109375,-0.06103515625,0.87890625,-0.01220703125,-0.42724609375,0.0244140625,-0.4638671875
0,-0.1708984375,-0.37841796875,0.341796875,-0.3662109375,-0.03662109375,-0.3662109375,0.1953125,-0.01220703125,0.25634765625,0.7080078125,-0.18310546875,-0.29296875,-0.23193359375,4.60205078125,0.06103515625,0.7568359375,-0.23193359375,-0.89111328125,-0.03662109375,-0.40283203125,-0.13427734375,0.74462890625,0.08544921875,-0.79345703125,0.048828125,-0.09765625,0.01220703125,-0.76904296875,0.1708984375,0.98876953125,0.10986328125,0.23193359375,-0.28076171875,-0.25634765625,-0.25634765625,-0.84228515625,0.03662109375,-0.341796875,-0.1708984375,-0.68359375,-0.09765625,-0.15869140625,0.08544921875,-0.67138671875,0.86669921875,-0.28076171875,-0.45166015625,0.42724609375,0.048828125,1.3916015625,0.390625,0.50048828125,-0.32958984375,-0.146484375,-0.0244140625,0.76904296875,-0.37841796875,0.634765625,-0.10986328125,0.4638671875,0.18310546875,0.59814453125,0.06103515625,0.15869140625,0.6591796875,0.23193359375,-0.10986328125,1.08642578125,-0.01220703125,0.244140625,-0.08544921875,0.244140625,-0.0732421875,0.28076171875,-0.18310546875,0.9033203125,-0.1953125,0.01220703125,0.0732421875,1.3671875,0.1953125,-0.927734375,0.10986328125,-0.29296875,0.10986328125,-0.9765625,0.1953125,-0.732421875,-0.0732421875,-1.4892578125,-0.048828125,-0.20751953125,-0.29296875,-0.32958984375,-0.146484375,-1.171875,-0.390625,-0.8056640625,-0.40283203125,-0.6103515625,0.03662109375,-0.59814453125,0.09765625,-0.0732421875,0.23193359375,-0.69580078125,0.01220703125,-1.42822265625,0.08544921875,-0.98876953125,-0.28076171875,0.42724609375,0.048828125,0.5126953125,0.0244140625,0.0244140625,-0.10986328125,-0.03662109375,0.0732421875,0.28076171875,-0.23193359375,-0.03662109375,-0.08544921875,0.89111328125,-0.0244140625,-0.42724609375,0.09765625,-0.50048828125
0,-0.18310546875,-0.37841796875,0.341796875,-0.35400390625,-0.048828125,-0.3662109375,0.15869140625,-0.01220703125,0.25634765625,0.5859375,-0.1708984375,-0.37841796875,-0.2685546875,4.30908203125,0.06103515625,0.67138671875,-0.1953125,-0.830078125,-0.1220703125,-0.25634765625,-0.09765625,0.7568359375,-0.08544921875,-0.7568359375,0.13427734375,-0.10986328125,0.06103515625,-0.78125,0.15869140625,0.9765625,0.1220703125,0.25634765625,-0.20751953125,-0.25634765625,-0.20751953125,-0.830078125,0.03662109375,-0.35400390625,-0.13427734375,-0.69580078125,-0.1220703125,-0.20751953125,0.09765625,-0.69580078125,0.927734375,-0.23193359375,-0.50048828125,0.4150390625,0.18310546875,1.416015625,0.35400390625,0.50048828125,-0.390625,-0.146484375,-0.06103515625,0.79345703125,-0.4638671875,0.68359375,-0.048828125,0.47607421875,0.25634765625,0.59814453125,0.13427734375,0.1708984375,0.59814453125,0.25634765625,-0.1953125,1.08642578125,-0.0244140625,0.244140625,-0.09765625,0.25634765625,-0.09765625,0.29296875,-0.20751953125,0.927734375,-0.1953125,0.0244140625,0.06103515625,1.37939453125,0.244140625,-0.927734375,0.13427734375,-0.30517578125,0.08544921875,-0.96435546875,0.25634765625,-0.72021484375,-0.1220703125,-1.50146484375,-0.08544921875,-0.20751953125,-0.18310546875,-0.3173828125,-0.13427734375,-1.171875,-0.28076171875,-0.8544921875,-0.45166015625,-0.59814453125,0.09765625,-0.6103515625,0.09765625,-0.08544921875,0.10986328125,-0.69580078125,0.048828125,-1.4404296875,0.18310546875,-0.98876953125,-0.244140625,0.42724609375,0.0244140625,0.48828125,-0.03662109375,0.03662109375,-0.146484375,-0.06103515625,0.0244140625,0.28076171875,-0.2197265625,-0.06103515625,-0.0732421875,0.9033203125,-0.06103515625,-0.45166015625,0.146484375,-0.48828125
0,-0.20751953125,-0.3662109375,0.341796875,-0.32958984375,-0.06103515625,-0.37841796875,0.146484375,0.01220703125,0.25634765625,0.47607421875,-0.18310546875,-0.439453125,-0.25634765625,4.052734375,0.06103515625,0.62255859375,-0.2197265625,-0.76904296875,-0.13427734375,-0.18310546875,-0.0732421875,0.7568359375,-0.25634765625,-0.74462890625,0.1953125,-0.1220703125,0.0732421875,-0.76904296875,0.08544921875,0.9765625,0.1220703125,0.244140625,-0.18310546875,-0.244140625,-0.146484375,-0.830078125,0.0732421875,-0.3662109375,-0.1220703125,-0.68359375,-0.1708984375,-0.20751953125,0.1220703125,-0.68359375,1.01318359375,-0.18310546875,-0.52490234375,0.390625,0.244140625,1.416015625,0.32958984375,0.5126953125,-0.4638671875,-0.13427734375,-0.1220703125,0.79345703125,-0.47607421875,0.6591796875,0.01220703125,0.4638671875,0.37841796875,0.59814453125,0.2197265625,0.1708984375,0.48828125,0.23193359375,-0.2197265625,1.06201171875,-0.01220703125,0.244140625,-0.146484375,0.25634765625,-0.1708984375,0.29296875,-0.23193359375,0.9033203125,-0.1708984375,0.03662109375,0.08544921875,1.3671875,0.30517578125,-0.927734375,0.146484375,-0.28076171875,0.0732421875,-0.9765625,0.2685546875,-0.7080078125,-0.13427734375,-1.52587890625,-0.146484375,-0.1953125,-0.06103515625,-0.30517578125,-0.0732421875,-1.13525390625,-0.1953125,-0.87890625,-0.45166015625,-0.5615234375,0.08544921875,-0.634765625,0.10986328125,-0.0732421875,-0.01220703125,-0.69580078125,0.06103515625,-1.42822265625,0.244140625,-0.98876953125,-0.1953125,0.42724609375,0.0732421875,0.52490234375,-0.01220703125,0.09765625,-0.10986328125,-0.06103515625,0.06103515625,0.30517578125,-0.1953125,-0.08544921875,-0.10986328125,0.89111328125,-0.09765625,-0.45166015625,0.146484375,-0.48828125
0,-0.244140625,-0.32958984375,0.28076171875,-0.30517578125,-0.08544921875,-0.390625,0.15869140625,0,0.25634765625,0.4150390625,-0.18310546875,-0.48828125,-0.25634765625,3.8330078125,0.06103515625,0.52490234375,-0.20751953125,-0.78125,-0.15869140625,-0.20751953125,-0.048828125,0.72021484375,-0.37841796875,-0.7568359375,0.23193359375,-0.1220703125,0.0732421875,-0.74462890625,-0.01220703125,0.9521484375,0.146484375,0.25634765625,-0.1953125,-0.25634765625,-0.0732421875,-0.830078125,0.03662109375,-0.37841796875,-0.1220703125,-0.68359375,-0.23193359375,-0.2197265625,0.08544921875,-0.69580078125,1.06201171875,-0.1220703125,-0.537109375,0.37841796875,0.2685546875,1.3916015625,0.28076171875,0.50048828125,-0.5126953125,-0.13427734375,-0.1953125,0.79345703125,-0.4150390625,0.68359375,0.0732421875,0.4638671875,0.537109375,0.6103515625,0.18310546875,0.18310546875,0.3173828125,0.23193359375,-0.2685546875,1.07421875,0,0.244140625,-0.1708984375,0.25634765625,-0.20751953125,0.29296875,-0.20751953125,0.87890625,-0.09765625,0.0244140625,0.08544921875,1.37939453125,0.35400390625,-0.91552734375,0.10986328125,-0.28076171875,0.048828125,-0.9521484375,0.2197265625,-0.7080078125,-0.13427734375,-1.5380859375,-0.1708984375,-0.1953125,0.06103515625,-0.29296875,-0.01220703125,-1.123046875,-0.146484375,-0.9033203125,-0.3662109375,-0.5615234375,0.0732421875,-0.634765625,0.10986328125,-0.06103515625,-0.1220703125,-0.69580078125,0.01220703125,-1.4404296875,0.244140625,-1.0009765625,-0.20751953125,0.439453125,0.0732421875,0.6103515625,-0.01220703125,0.18310546875,0,-0.03662109375,0.08544921875,0.37841796875,-0.1708984375,-0.08544921875,-0.09765625,0.87890625,-0.08544921875,-0.45166015625,0.13427734375,-0.48828125
0,-0.2685546875,-0.29296875,0.32958984375,-0.2685546875,-0.08544921875,-0.37841796875,0.1220703125,0.0244140625,0.2685546875,0.37841796875,-0.18310546875,-0.52490234375,-0.23193359375,3.64990234375,0.048828125,0.45166015625,-0.2197265625,-0.8056640625,-0.146484375,-0.2685546875,-0.0732421875,0.68359375,-0.40283203125,-0.78125,0.25634765625,-0.13427734375,0.06103515625,-0.74462890625,-0.10986328125,0.9521484375,0.13427734375,0.28076171875,-0.23193359375,-0.2197265625,-0.08544921875,-0.81787109375,-0.048828125,-0.40283203125,-0.09765625,-0.68359375,-0.2685546875,-0.20751953125,0.03662109375,-0.7080078125,0.98876953125,-0.10986328125,-0.537109375,0.3662109375,0.28076171875,1.37939453125,0.25634765625,0.5126953125,-0.54931640625,-0.10986328125,-0.18310546875,0.78125,-0.3662109375,0.68359375,0.0732421875,0.4638671875,0.62255859375,0.6103515625,0.18310546875,0.18310546875,0.20751953125,0.244140625,-0.244140625,1.07421875,0,0.25634765625,-0.2197265625,0.2685546875,-0.244140625,0.30517578125,-0.2197265625,0.9033203125,-0.01220703125,0.03662109375,0.0732421875,1.37939453125,0.4150390625,-0.927734375,0.0732421875,-0.2685546875,0.08544921875,-0.927734375,0.1953125,-0.7080078125,-0.10986328125,-1.5625,-0.15869140625,-0.2197265625,0.1953125,-0.28076171875,0.03662109375,-1.123046875,-0.146484375,-0.9033203125,-0.28076171875,-0.537109375,-0.0244140625,-0.67138671875,0.09765625,-0.048828125,-0.244140625,-0.69580078125,-0.0244140625,-1.40380859375,0.2197265625,-0.98876953125,-0.1953125,0.4638671875,0.06103515625,0.732421875,-0.0244140625,0.341796875,-0.06103515625,0.03662109375,0.08544921875,0.48828125,-0.15869140625,-0.08544921875,-0.1220703125,0.8544921875,-0.0732421875,-0.45166015625,0.09765625,-0.48828125
0,-0.25634765625,-0.29296875,0.3173828125,-0.2685546875,-0.06103515625,-0.40283203125,0.1220703125,0.01220703125,0.244140625,0.32958984375,-0.18310546875,-0.5615234375,-0.23193359375,3.50341796875,0.06103515625,0.3662109375,-0.23193359375,-0.86669921875,-0.09765625,-0.390625,-0.146484375,0.6591796875,-0.35400390625,-0.81787109375,0.28076171875,-0.13427734375,0.06103515625,-0.732421875,-0.1953125,0.9521484375,0.08544921875,0.2685546875,-0.2197265625,-0.20751953125,-0.1220703125,-0.81787109375,-0.13427734375,-0.3662109375,-0.08544921875,-0.69580078125,-0.3173828125,-0.2197265625,-0.01220703125,-0.7080078125,0.91552734375,-0.09765625,-0.5615234375,0.37841796875,0.35400390625,1.35498046875,0.2197265625,0.5126953125,-0.537109375,-0.10986328125,-0.13427734375,0.7568359375,-0.30517578125,0.67138671875,0.0244140625,0.439453125,0.64697265625,0.59814453125,0.10986328125,0.15869140625,0.0732421875,0.244140625,-0.1953125,1.08642578125,0.0244140625,0.2685546875,-0.25634765625,0.28076171875,-0.25634765625,0.341796875,-0.20751953125,0.9033203125,0.06103515625,0.06103515625,0.0244140625,1.3671875,0.439453125,-0.93994140625,0.03662109375,-0.28076171875,0.06103515625,-0.93994140625,0.10986328125,-0.7080078125,-0.08544921875,-1.55029296875,-0.10986328125,-0.23193359375,0.2685546875,-0.2685546875,0.10986328125,-1.11083984375,-0.03662109375,-0.8544921875,-0.1220703125,-0.54931640625,-0.1220703125,-0.69580078125,0.1220703125,-0.0244140625,-0.23193359375,-0.68359375,-0.09765625,-1.40380859375,0.13427734375,-1.01318359375,-0.244140625,0.45166015625,0.06103515625,0.87890625,-0.06103515625,0.50048828125,-0.09765625,0.1220703125,0.048828125,0.59814453125,-0.1708984375,-0.08544921875,-0.10986328125,0.8544921875,-0.06103515625,-0.439453125,0.0732421875,-0.48828125
0,-0.2685546875,-0.28076171875,0.32958984375,-0.25634765625,-0.03662109375,-0.37841796875,0.146484375,-0.01220703125,0.23193359375,0.32958984375,-0.2197265625,-0.634765625,-0.09765625,3.3203125,0.06103515625,0.2685546875,-0.2685546875,-0.93994140625,-0.08544921875,-0.537109375,-0.244140625,0.6103515625,-0.28076171875,-0.84228515625,0.2685546875,-0.13427734375,0.01220703125,-0.732421875,-0.20751953125,0.927734375,-0.0244140625,0.2685546875,-0.1953125,-0.1953125,-0.146484375,-0.8056640625,-0.1953125,-0.390625,-0.08544921875,-0.68359375,-0.40283203125,-0.20751953125,-0.06103515625,-0.7080078125,0.9521484375,-0.1220703125,-0.57373046875,0.37841796875,0.42724609375,1.3427734375,0.1953125,0.52490234375,-0.47607421875,-0.10986328125,-0.09765625,0.7568359375,-0.244140625,0.67138671875,-0.0244140625,0.4638671875,0.72021484375,0.59814453125,-0.01220703125,0.15869140625,-0.01220703125,0.23193359375,-0.146484375,1.0986328125,0.0244140625,0.28076171875,-0.28076171875,0.28076171875,-0.29296875,0.35400390625,-0.20751953125,0.89111328125,0.10986328125,0.06103515625,0,1.3671875,0.42724609375,-0.93994140625,0.0244140625,-0.28076171875,0.0244140625,-0.927734375,0.01220703125,-0.7080078125,-0.048828125,-1.5380859375,-0.0244140625,-0.244140625,0.2685546875,-0.244140625,0.146484375,-1.0986328125,0,-0.79345703125,0.01220703125,-0.537109375,-0.23193359375,-0.72021484375,0.10986328125,-0.0244140625,-0.15869140625,-0.68359375,-0.1953125,-1.40380859375,0.03662109375,-1.025390625,-0.2197265625,0.45166015625,0.08544921875,1.01318359375,-0.01220703125,0.64697265625,-0.01220703125,0.1953125,0.0732421875,0.7080078125,-0.1708984375,-0.06103515625,-0.09765625,0.84228515625,-0.01220703125,-0.439453125,0.0244140625,-0.47607421875
0,-0.25634765625,-0.2685546875,0.3173828125,-0.2685546875,-0.01220703125,-0.3662109375,0.10986328125,-0.03662109375,0.2685546875,0.30517578125,-0.20751953125,-0.68359375,-0.09765625,3.13720703125,0.06103515625,0.15869140625,-0.20751953125,-0.98876953125,0.01220703125,-0.64697265625,-0.2197265625,0.59814453125,-0.0732421875,-0.8544921875,0.23193359375,-0.13427734375,0.01220703125,-0.7568359375,-0.18310546875,0.9521484375,-0.1220703125,0.2685546875,-0.13427734375,-0.18310546875,-0.15869140625,-0.830078125,-0.23193359375,-0.3662109375,-0.10986328125,-0.68359375,-0.439453125,-0.20751953125,-0.10986328125,-0.7080078125,0.9033203125,-0.1708984375,-0.57373046875,0.37841796875,0.50048828125,1.35498046875,0.18310546875,0.5126953125,-0.37841796875,-0.1220703125,-0.06103515625,0.7568359375,-0.1708984375,0.6591796875,-0.0732421875,0.4638671875,0.78125,0.57373046875,-0.09765625,0.146484375,-0.13427734375,0.25634765625,-0.08544921875,1.08642578125,0.03662109375,0.28076171875,-0.3173828125,0.28076171875,-0.28076171875,0.3662109375,-0.1953125,0.9033203125,0.09765625,0.08544921875,-0.0244140625,1.37939453125,0.35400390625,-0.927734375,0.01220703125,-0.28076171875,0.0244140625,-0.93994140625,-0.1220703125,-0.7080078125,-0.0244140625,-1.5380859375,0.03662109375,-0.244140625,0.23193359375,-0.23193359375,0.244140625,-1.123046875,0.18310546875,-0.732421875,0.0732421875,-0.52490234375,-0.2685546875,-0.74462890625,0.146484375,-0.01220703125,-0.03662109375,-0.69580078125,-0.244140625,-1.416015625,-0.048828125,-1.01318359375,-0.23193359375,0.439453125,0.08544921875,1.07421875,-0.06103515625,0.74462890625,-0.0732421875,0.2685546875,0.048828125,0.74462890625,-0.1953125,-0.01220703125,-0.1220703125,0.84228515625,-0.01220703125,-0.42724609375,-0.03662109375,-0.48828125
0,-0.29296875,-0.28076171875,0.29296875,-0.30517578125,0,-0.341796875,0.10986328125,-0.048828125,0.2685546875,0.25634765625,-0.20751953125,-0.74462890625,-0.06103515625,2.89306640625,0.0244140625,0.09765625,-0.1953125,-1.0009765625,0.08544921875,-0.732421875,-0.1953125,0.59814453125,0.10986328125,-0.8544921875,0.15869140625,-0.13427734375,-0.0244140625,-0.76904296875,-0.1708984375,0.93994140625,-0.244140625,0.25634765625,-0.06103515625,-0.2197265625,-0.2197265625,-0.830078125,-0.23193359375,-0.37841796875,-0.10986328125,-0.69580078125,-0.45166015625,-0.1953125,-0.18310546875,-0.7080078125,0.927734375,-0.28076171875,-0.537109375,0.390625,0.59814453125,1.40380859375,0.146484375,0.50048828125,-0.28076171875,-0.1220703125,-0.06103515625,0.7568359375,-0.0732421875,0.67138671875,-0.13427734375,0.45166015625,0.74462890625,0.54931640625,-0.13427734375,0.13427734375,-0.20751953125,0.2685546875,-0.03662109375,1.08642578125,0,0.25634765625,-0.3173828125,0.28076171875,-0.25634765625,0.341796875,-0.1953125,0.87890625,0.10986328125,0.08544921875,0,1.37939453125,0.244140625,-0.91552734375,0.0244140625,-0.28076171875,-0.03662109375,-0.9521484375,-0.25634765625,-0.732421875,-0.048828125,-1.52587890625,0.15869140625,-0.23193359375,0.18310546875,-0.2685546875,0.28076171875,-1.123046875,0.28076171875,-0.59814453125,0.10986328125,-0.54931640625,-0.244140625,-0.732421875,0.1220703125,-0.0244140625,0.1220703125,-0.68359375,-0.29296875,-1.40380859375,-0.13427734375,-1.0009765625,-0.244140625,0.42724609375,0.10986328125,1.0986328125,-0.01220703125,0.7568359375,-0.01220703125,0.2685546875,0.048828125,0.74462890625,-0.15869140625,0,-0.08544921875,0.8056640625,-0.0244140625,-0.42724609375,-0.08544921875,-0.4638671875
1,-0.29296875,-0.30517578125,0.32958984375,-0.32958984375,0,-0.37841796875,0.0732421875,-0.048828125,0.25634765625,0.1708984375,-0.18310546875,-0.830078125,0,2.60009765625,0.06103515625,0,-0.146484375,-0.98876953125,0.06103515625,-0.74462890625,-0.1953125,0.62255859375,0.23193359375,-0.84228515625,0.06103515625,-0.10986328125,-0.06103515625,-0.74462890625,-0.146484375,0.9521484375,-0.341796875,0.2685546875,-0.03662109375,-0.2197265625,-0.3173828125,-0.84228515625,-0.2685546875,-0.3662109375,-0.13427734375,-0.7080078125,-0.439453125,-0.1953125,-0.20751953125,-0.732421875,0.89111328125,-0.341796875,-0.4638671875,0.390625,0.634765625,1.4404296875,0.146484375,0.4638671875,-0.1953125,-0.1220703125,-0.06103515625,0.7568359375,-0.0244140625,0.64697265625,-0.1708984375,0.4638671875,0.62255859375,0.54931640625,-0.15869140625,0.13427734375,-0.2197265625,0.29296875,0.048828125,1.0986328125,0.01220703125,0.23193359375,-0.3173828125,0.25634765625,-0.244140625,0.32958984375,-0.146484375,0.89111328125,0.09765625,0.0732421875,0.01220703125,1.3916015625,0.13427734375,-0.91552734375,0.03662109375,-0.28076171875,-0.10986328125,-0.9521484375,-0.29296875,-0.72021484375,-0.06103515625,-1.50146484375,0.25634765625,-0.244140625,0.10986328125,-0.2685546875,0.3173828125,-1.1474609375,0.30517578125,-0.42724609375,0.01220703125,-0.5615234375,-0.2197265625,-0.72021484375,0.0244140625,-0.0244140625,0.244140625,-0.68359375,-0.25634765625,-1.40380859375,-0.15869140625,-1.025390625,-0.25634765625,0.42724609375,0.09765625,1.025390625,-0.0244140625,0.7080078125,0.01220703125,0.244140625,0.0244140625,0.67138671875,-0.20751953125,0.03662109375,-0.08544921875,0.81787109375,-0.0244140625,-0.42724609375,-0.146484375,-0.50048828125
1,-0.30517578125,-0.341796875,0.30517578125,-0.35400390625,0.01220703125,-0.35400390625,0.03662109375,-0.03662109375,0.25634765625,0.09765625,-0.1953125,-0.89111328125,0,2.24609375,0.01220703125,-0.08544921875,-0.08544921875,-0.927734375,0.10986328125,-0.68359375,-0.0244140625,0.67138671875,0.32958984375,-0.79345703125,-0.048828125,-0.09765625,-0.10986328125,-0.74462890625,-0.146484375,0.96435546875,-0.390625,0.28076171875,-0.03662109375,-0.2197265625,-0.3662109375,-0.84228515625,-0.244140625,-0.37841796875,-0.1220703125,-0.732421875,-0.35400390625,-0.18310546875,-0.1953125,-0.7080078125,0.830078125,-0.439453125,-0.3662109375,0.390625,0.6591796875,1.513671875,0.1708984375,0.47607421875,-0.10986328125,-0.1220703125,0,0.7568359375,0,0.67138671875,-0.18310546875,0.4638671875,0.50048828125,0.54931640625,-0.10986328125,0.13427734375,-0.25634765625,0.3173828125,0.09765625,1.11083984375,-0.0244140625,0.23193359375,-0.29296875,0.25634765625,-0.244140625,0.32958984375,-0.13427734375,0.8544921875,0.08544921875,0.10986328125,0.06103515625,1.40380859375,0.03662109375,-0.87890625,0.048828125,-0.28076171875,-0.15869140625,-0.96435546875,-0.30517578125,-0.7080078125,-0.048828125,-1.4892578125,0.3173828125,-0.23193359375,0.06103515625,-0.2685546875,0.3173828125,-1.15966796875,0.390625,-0.1953125,-0.06103515625,-0.5859375,-0.15869140625,-0.67138671875,-0.03662109375,-0.0244140625,0.341796875,-0.68359375,-0.1708984375,-1.416015625,-0.18310546875,-1.01318359375,-0.30517578125,0.439453125,0.09765625,0.87890625,-0.0244140625,0.54931640625,0.0732421875,0.15869140625,-0.01220703125,0.537109375,-0.20751953125,0.048828125,-0.08544921875,0.79345703125,-0.048828125,-0.42724609375,-0.15869140625,-0.5126953125
1,-0.3173828125,-0.341796875,0.35400390625,-0.40283203125,0.03662109375,-0.35400390625,0.048828125,-0.0244140625,0.2685546875,-0.06103515625,-0.18310546875,-0.98876953125,0.048828125,1.8798828125,-0.01220703125,-0.20751953125,-0.0732421875,-0.830078125,0.0732421875,-0.54931640625,0.0732421875,0.732421875,0.28076171875,-0.7080078125,-0.15869140625,-0.09765625,-0.10986328125,-0.7568359375,-0.2197265625,0.98876953125,-0.32958984375,0.25634765625,-0.09765625,-0.244140625,-0.40283203125,-0.830078125,-0.20751953125,-0.390625,-0.09765625,-0.72021484375,-0.30517578125,-0.18310546875,-0.146484375,-0.7080078125,0.84228515625,-0.5126953125,-0.30517578125,0.37841796875,0.634765625,1.5380859375,0.15869140625,0.47607421875,-0.08544921875,-0.1220703125,0.048828125,0.76904296875,0,0.67138671875,-0.1953125,0.47607421875,0.40283203125,0.5615234375,-0.03662109375,0.13427734375,-0.29296875,0.35400390625,0.13427734375,1.11083984375,-0.06103515625,0.2197265625,-0.28076171875,0.2685546875,-0.2685546875,0.29296875,-0.0732421875,0.86669921875,0.09765625,0.09765625,0.10986328125,1.40380859375,0,-0.87890625,0.048828125,-0.28076171875,-0.1708984375,-0.9521484375,-0.23193359375,-0.72021484375,-0.03662109375,-1.50146484375,0.3173828125,-0.23193359375,0.0732421875,-0.28076171875,0.2685546875,-1.15966796875,0.28076171875,0.146484375,-0.10986328125,-0.52490234375,-0.13427734375,-0.62255859375,-0.13427734375,0.0244140625,0.35400390625,-0.69580078125,-0.048828125,-1.416015625,-0.1708984375,-1.0009765625,-0.35400390625,0.439453125,0.10986328125,0.7080078125,0,0.341796875,0.10986328125,0.09765625,0,0.37841796875,-0.1708984375,0.0244140625,-0.08544921875,0.8056640625,-0.06103515625,-0.42724609375,-0.1953125,-0.50048828125
1,-0.32958984375,-0.35400390625,0.3173828125,-0.390625,0.048828125,-0.3662109375,0.03662109375,0,0.30517578125,-0.15869140625,-0.1708984375,-1.03759765625,0.08544921875,1.50146484375,-0.03662109375,-0.29296875,-0.03662109375,-0.7080078125,0.03662109375,-0.390625,0.23193359375,0.8056640625,0.2197265625,-0.634765625,-0.1953125,-0.10986328125,-0.146484375,-0.74462890625,-0.23193359375,0.98876953125,-0.2197265625,0.28076171875,-0.1953125,-0.244140625,-0.4150390625,-0.84228515625,-0.146484375,-0.390625,-0.08544921875,-0.74462890625,-0.23193359375,-0.2197265625,-0.08544921875,-0.7080078125,0.91552734375,-0.57373046875,-0.2685546875,0.390625,0.6591796875,1.5869140625,0.18310546875,0.48828125,-0.048828125,-0.1220703125,0.09765625,0.78125,-0.048828125,0.67138671875,-0.2197265625,0.48828125,0.29296875,0.57373046875,0.03662109375,0.146484375,-0.29296875,0.35400390625,0.20751953125,1.11083984375,-0.09765625,0.20751953125,-0.244140625,0.25634765625,-0.244140625,0.29296875,-0.03662109375,0.89111328125,0.0732421875,0.0732421875,0.18310546875,1.3916015625,-0.0244140625,-0.87890625,0,-0.2685546875,-0.1220703125,-0.9521484375,-0.13427734375,-0.72021484375,-0.0244140625,-1.45263671875,0.28076171875,-0.2197265625,0.06103515625,-0.29296875,0.15869140625,-1.171875,0.1953125,0.57373046875,-0.13427734375,-0.439453125,-0.0732421875,-0.5126953125,-0.20751953125,0.1220703125,0.30517578125,-0.69580078125,0.08544921875,-1.4404296875,-0.13427734375,-1.0009765625,-0.439453125,0.439453125,0.09765625,0.5615234375,-0.01220703125,0.1708984375,0.1220703125,0.06103515625,-0.0732421875,0.23193359375,-0.13427734375,0.01220703125,-0.10986328125,0.79345703125,-0.0732421875,-0.45166015625,-0.20751953125,-0.48828125
1,-0.30517578125,-0.35400390625,0.3173828125,-0.37841796875,0.0244140625,-0.3662109375,0.0244140625,0.01220703125,0.3173828125,-0.23193359375,-0.146484375,-1.0986328125,0.0732421875,1.1962890625,-0.06103515625,-0.35400390625,-0.0244140625,-0.5615234375,0.03662109375,-0.1953125,0.37841796875,0.86669921875,0.146484375,-0.54931640625,-0.25634765625,-0.08544921875,-0.13427734375,-0.74462890625,-0.2685546875,0.96435546875,-0.03662109375,0.28076171875,-0.29296875,-0.2685546875,-0.42724609375,-0.8544921875,-0.09765625,-0.42724609375,-0.03662109375,-0.732421875,-0.146484375,-0.2197265625,-0.06103515625,-0.69580078125,0.93994140625,-0.62255859375,-0.244140625,0.390625,0.64697265625,1.59912109375,0.1708984375,0.5126953125,-0.048828125,-0.1220703125,0.13427734375,0.78125,-0.0732421875,0.67138671875,-0.2197265625,0.47607421875,0.20751953125,0.6103515625,0.08544921875,0.15869140625,-0.2685546875,0.3662109375,0.30517578125,1.11083984375,-0.1220703125,0.20751953125,-0.244140625,0.25634765625,-0.2197265625,0.28076171875,0.01220703125,0.8544921875,-0.01220703125,0.0732421875,0.25634765625,1.3916015625,-0.01220703125,-0.9033203125,-0.0244140625,-0.25634765625,-0.09765625,-0.9521484375,0.01220703125,-0.72021484375,0.01220703125,-1.4404296875,0.18310546875,-0.23193359375,0.10986328125,-0.29296875,-0.03662109375,-1.18408203125,0.1220703125,1.08642578125,-0.1220703125,-0.30517578125,-0.03662109375,-0.42724609375,-0.2197265625,0.25634765625,0.2685546875,-0.7080078125,0.20751953125,-1.42822265625,-0.09765625,-1.0009765625,-0.50048828125,0.439453125,0.10986328125,0.47607421875,0,0.06103515625,0.13427734375,0.0732421875,-0.03662109375,0.1708984375,-0.10986328125,-0.0244140625,-0.1220703125,0.78125,-0.06103515625,-0.4638671875,-0.25634765625,-0.50048828125
1,-0.32958984375,-0.3662109375,0.30517578125,-0.35400390625,0.01220703125,-0.390625,-0.01220703125,0,0.37841796875,-0.2685546875,-0.1220703125,-1.13525390625,0.01220703125,1.03759765625,-0.0244140625,-0.390625,-0.0732421875,-0.42724609375,-0.0244140625,-0.03662109375,0.341796875,0.91552734375,0,-0.48828125,-0.244140625,-0.09765625,-0.146484375,-0.732421875,-0.28076171875,0.9765625,0.13427734375,0.29296875,-0.32958984375,-0.2685546875,-0.40283203125,-0.8544921875,-0.03662109375,-0.42724609375,0.0244140625,-0.732421875,-0.08544921875,-0.244140625,-0.03662109375,-0.69580078125,0.96435546875,-0.6103515625,-0.2197265625,0.3662109375,0.52490234375,1.5869140625,0.18310546875,0.52490234375,-0.06103515625,-0.13427734375,0.15869140625,0.79345703125,-0.0732421875,0.68359375,-0.1953125,0.47607421875,0.2197265625,0.64697265625,0.1220703125,0.18310546875,-0.1708984375,0.35400390625,0.341796875,1.0986328125,-0.08544921875,0.23193359375,-0.2197265625,0.25634765625,-0.2197265625,0.29296875,0.01220703125,0.84228515625,-0.01220703125,0.0732421875,0.28076171875,1.40380859375,0.01220703125,-0.9033203125,-0.09765625,-0.25634765625,-0.03662109375,-0.9521484375,0.08544921875,-0.732421875,0.01220703125,-1.4404296875,0.048828125,-0.2197265625,0.13427734375,-0.29296875,-0.1953125,-1.18408203125,0.0732421875,1.708984375,-0.1708984375,-0.1220703125,-0.0244140625,-0.29296875,-0.20751953125,0.40283203125,0.2197265625,-0.7080078125,0.244140625,-1.42822265625,-0.03662109375,-1.0009765625,-0.48828125,0.439453125,0.13427734375,0.52490234375,0,0.0732421875,0.13427734375,0.25634765625,-0.03662109375,0.20751953125,-0.1220703125,-0.06103515625,-0.13427734375,0.78125,-0.0732421875,-0.4638671875,-0.25634765625,-0.48828125
1,-0.35400390625,-0.3662109375,0.28076171875,-0.3173828125,-0.0244140625,-0.390625,-0.06103515625,0.0244140625,0.341796875,-0.244140625,-0.13427734375,-1.123046875,0.01220703125,1.0498046875,-0.03662109375,-0.3662109375,-0.10986328125,-0.32958984375,-0.08544921875,0.08544921875,0.28076171875,0.96435546875,-0.06103515625,-0.42724609375,-0.20751953125,-0.09765625,-0.1708984375,-0.732421875,-0.244140625,0.96435546875,0.29296875,0.29296875,-0.35400390625,-0.2685546875,-0.3662109375,-0.84228515625,-0.03662109375,-0.4150390625,0.10986328125,-0.732421875,-0.08544921875,-0.244140625,-0.0244140625,-0.67138671875,1.0498046875,-0.57373046875,-0.20751953125,0.35400390625,0.50048828125,1.5625,0.13427734375,0.52490234375,-0.09765625,-0.13427734375,0.09765625,0.81787109375,-0.03662109375,0.67138671875,-0.15869140625,0.48828125,0.20751953125,0.67138671875,0.15869140625,0.18310546875,-0.1220703125,0.341796875,0.341796875,1.08642578125,-0.0244140625,0.23193359375,-0.244140625,0.2685546875,-0.13427734375,0.29296875,0.0244140625,0.8544921875,0,0.0732421875,0.28076171875,1.37939453125,0.08544921875,-0.927734375,-0.1220703125,-0.25634765625,0.0244140625,-0.927734375,0.10986328125,-0.732421875,0.03662109375,-1.45263671875,-0.0732421875,-0.2197265625,0.10986328125,-0.28076171875,-0.3173828125,-1.18408203125,-0.0244140625,2.35595703125,-0.23193359375,0.06103515625,-0.08544921875,-0.15869140625,-0.15869140625,0.5859375,0.244140625,-0.69580078125,0.2197265625,-1.416015625,0.0244140625,-1.0009765625,-0.48828125,0.439453125,0.13427734375,0.7568359375,-0.0244140625,0.2197265625,0.0244140625,0.57373046875,-0.03662109375,0.4150390625,-0.10986328125,-0.08544921875,-0.08544921875,0.78125,-0.06103515625,-0.4638671875,-0.2685546875,-0.47607421875
1,-0.3662109375,-0.32958984375,0.29296875,-0.25634765625,-0.01220703125,-0.390625,-0.06103515625,0.0244140625,0.35400390625,-0.1220703125,-0.1220703125,-1.07421875,0.06103515625,1.30615234375,-0.03662109375,-0.25634765625,-0.1220703125,-0.2685546875,-0.15869140625,0.146484375,0.146484375,0.98876953125,-0.0732421875,-0.37841796875,-0.1220703125,-0.10986328125,-0.18310546875,-0.72021484375,-0.2197265625,0.93994140625,0.30517578125,0.29296875,-0.341796875,-0.2685546875,-0.3173828125,-0.84228515625,-0.0244140625,-0.390625,0.1708984375,-0.72021484375,-0.08544921875,-0.23193359375,0,-0.68359375,1.08642578125,-0.5126953125,-0.23193359375,0.35400390625,0.4638671875,1.5380859375,0.146484375,0.52490234375,-0.18310546875,-0.146484375,0.0244140625,0.8056640625,0.01220703125,0.67138671875,-0.13427734375,0.48828125,0.28076171875,0.67138671875,0.13427734375,0.18310546875,-0.0732421875,0.35400390625,0.35400390625,1.08642578125,0.01220703125,0.244140625,-0.28076171875,0.29296875,-0.048828125,0.32958984375,0.048828125,0.830078125,0.01220703125,0.0732421875,0.25634765625,1.3916015625,0.18310546875,-0.9521484375,-0.13427734375,-0.244140625,0.09765625,-0.96435546875,0.1220703125,-0.732421875,0.03662109375,-1.45263671875,-0.1708984375,-0.23193359375,0.0732421875,-0.2685546875,-0.341796875,-1.1962890625,-0.13427734375,3.0517578125,-0.2685546875,0.29296875,-0.13427734375,-0.03662109375,-0.10986328125,0.78125,0.23193359375,-0.7080078125,0.1708984375,-1.416015625,0.03662109375,-0.98876953125,-0.47607421875,0.45166015625,0.1220703125,1.123046875,-0.03662109375,0.537109375,-0.06103515625,1.025390625,-0.0732421875,0.74462890625,-0.09765625,-0.09765625,-0.09765625,0.78125,-0.048828125,-0.47607421875,-0.25634765625,-0.48828125
1,-0.37841796875,-0.32958984375,0.2685546875,-0.1953125,-0.048828125,-0.390625,-0.06103515625,0.0244140625,0.3662109375,0.03662109375,-0.08544921875,-0.927734375,0.0244140625,1.77001953125,-0.03662109375,-0.08544921875,-0.146484375,-0.23193359375,-0.20751953125,0.146484375,0.01220703125,1.0009765625,-0.09765625,-0.37841796875,-0.048828125,-0.1220703125,-0.146484375,-0.72021484375,-0.13427734375,0.927734375,0.244140625,0.28076171875,-0.23193359375,-0.244140625,-0.29296875,-0.830078125,-0.03662109375,-0.37841796875,0.23193359375,-0.7080078125,-0.0244140625,-0.2197265625,-0.03662109375,-0.69580078125,1.171875,-0.439453125,-0.28076171875,0.341796875,0.48828125,1.47705078125,0.1220703125,0.5126953125,-0.28076171875,-0.146484375,-0.146484375,0.76904296875,0.03662109375,0.64697265625,-0.08544921875,0.47607421875,0.28076171875,0.69580078125,0.10986328125,0.1708984375,0.01220703125,0.35400390625,0.30517578125,1.08642578125,0.08544921875,0.2685546875,-0.3173828125,0.29296875,0.01220703125,0.32958984375,0.048828125,0.830078125,0.01220703125,0.0732421875,0.23193359375,1.3916015625,0.244140625,-0.9521484375,-0.10986328125,-0.244140625,0.10986328125,-0.96435546875,0.10986328125,-0.732421875,0.01220703125,-1.45263671875,-0.1953125,-0.23193359375,0.06103515625,-0.28076171875,-0.29296875,-1.18408203125,-0.1953125,3.662109375,-0.2685546875,0.50048828125,-0.20751953125,0.0732421875,-0.03662109375,0.96435546875,0.25634765625,-0.69580078125,0.048828125,-1.42822265625,0.01220703125,-1.01318359375,-0.37841796875,0.45166015625,0.1220703125,1.611328125,-0.03662109375,1.01318359375,-0.01220703125,1.59912109375,-0.048828125,1.20849609375,-0.146484375,-0.09765625,-0.0732421875,0.7568359375,-0.03662109375,-0.47607421875,-0.23193359375,-0.439453125
1,-0.35400390625,-0.3173828125,0.23193359375,-0.18310546875,-0.03662109375,-0.40283203125,-0.0732421875,0.0244140625,0.29296875,0.25634765625,-0.09765625,-0.74462890625,-0.0244140625,2.4658203125,-0.03662109375,0.1708984375,-0.146484375,-0.2685546875,-0.2685546875,0.0732421875,-0.146484375,0.96435546875,-0.13427734375,-0.40283203125,0.048828125,-0.146484375,-0.146484375,-0.7080078125,-0.03662109375,0.93994140625,0.09765625,0.25634765625,-0.10986328125,-0.2197265625,-0.28076171875,-0.830078125,-0.0244140625,-0.37841796875,0.2685546875,-0.7080078125,-0.0244140625,-0.2197265625,-0.06103515625,-0.69580078125,1.23291015625,-0.3662109375,-0.20751953125,0.341796875,0.48828125,1.4404296875,0.146484375,0.5126953125,-0.341796875,-0.10986328125,-0.2197265625,0.7568359375,0.0732421875,0.634765625,-0.048828125,0.48828125,0.25634765625,0.68359375,0.10986328125,0.1708984375,0.1220703125,0.32958984375,0.28076171875,1.07421875,0.10986328125,0.244140625,-0.35400390625,0.29296875,0.09765625,0.32958984375,0.08544921875,0.8544921875,-0.01220703125,0.0732421875,0.1708984375,1.3916015625,0.2685546875,-0.9521484375,-0.048828125,-0.25634765625,0.10986328125,-0.96435546875,0.13427734375,-0.732421875,-0.08544921875,-1.4404296875,-0.1708984375,-0.1953125,-0.03662109375,-0.29296875,-0.1953125,-1.20849609375,-0.25634765625,4.23583984375,-0.28076171875,0.6591796875,-0.244140625,0.1953125,0.06103515625,1.123046875,0.25634765625,-0.7080078125,-0.06103515625,-1.40380859375,0,-1.0009765625,-0.28076171875,0.45166015625,0.10986328125,2.24609375,-0.0244140625,1.59912109375,0,2.34375,-0.048828125,1.7578125,-0.1708984375,-0.0732421875,-0.0732421875,0.78125,-0.03662109375,-0.45166015625,-0.1953125,-0.4638671875
1,-0.37841796875,-0.3173828125,0.2197265625,-0.1953125,-0.0732421875,-0.390625,-0.08544921875,0,0.29296875,0.5126953125,-0.09765625,-0.5126953125,0,3.30810546875,-0.048828125,0.4150390625,-0.13427734375,-0.32958984375,-0.3173828125,-0.048828125,-0.28076171875,0.93994140625,-0.1708984375,-0.42724609375,0.13427734375,-0.146484375,-0.09765625,-0.72021484375,0.03662109375,0.927734375,-0.06103515625,0.25634765625,-0.01220703125,-0.2197265625,-0.244140625,-0.84228515625,-0.03662109375,-0.37841796875,0.2685546875,-0.7080078125,0.03662109375,-0.2197265625,-0.10986328125,-0.7080078125,1.25732421875,-0.3173828125,-0.20751953125,0.35400390625,0.40283203125,1.42822265625,0.10986328125,0.50048828125,-0.40283203125,-0.08544921875,-0.23193359375,0.76904296875,0.146484375,0.634765625,-0.0244140625,0.47607421875,0.20751953125,0.67138671875,0.048828125,0.15869140625,0.28076171875,0.32958984375,0.28076171875,1.0986328125,0.13427734375,0.25634765625,-0.35400390625,0.28076171875,0.1220703125,0.341796875,0.10986328125,0.830078125,-0.03662109375,0.06103515625,0.08544921875,1.40380859375,0.25634765625,-0.9521484375,0.01220703125,-0.2685546875,0.09765625,-0.96435546875,0.1220703125,-0.74462890625,-0.18310546875,-1.45263671875,-0.1220703125,-0.1953125,-0.09765625,-0.28076171875,-0.0244140625,-1.20849609375,-0.20751953125,4.6630859375,-0.3662109375,0.78125,-0.244140625,0.28076171875,0.1220703125,1.23291015625,0.2197265625,-0.69580078125,-0.1953125,-1.37939453125,-0.0244140625,-1.01318359375,-0.1708984375,0.439453125,0.08544921875,2.880859375,-0.06103515625,2.23388671875,0.048828125,3.08837890625,-0.048828125,2.38037109375,-0.1708984375,-0.06103515625,-0.06103515625,0.76904296875,-0.03662109375,-0.45166015625,-0.18310546875,-0.4638671875
1,-0.390625,-0.341796875,0.2197265625,-0.2197265625,-0.0732421875,-0.37841796875,-0.08544921875,-0.01220703125,0.32958984375,0.78125,-0.09765625,-0.29296875,0,4.23583984375,-0.03662109375,0.72021484375,-0.09765625,-0.40283203125,-0.37841796875,-0.146484375,-0.3662109375,0.89111328125,-0.244140625,-0.47607421875,0.1708984375,-0.13427734375,-0.03662109375,-0.732421875,0.09765625,0.93994140625,-0.1708984375,0.25634765625,0.03662109375,-0.23193359375,-0.2197265625,-0.8544921875,0,-0.390625,0.2685546875,-0.72021484375,0.0244140625,-0.20751953125,-0.13427734375,-0.7080078125,1.25732421875,-0.28076171875,-0.2197265625,0.35400390625,0.30517578125,1.4404296875,0.09765625,0.47607421875,-0.4150390625,-0.08544921875,-0.2197265625,0.7568359375,0.1953125,0.634765625,0.048828125,0.50048828125,0.13427734375,0.634765625,-0.01220703125,0.13427734375,0.42724609375,0.32958984375,0.23193359375,1.11083984375,0.18310546875,0.23193359375,-0.35400390625,0.25634765625,0.13427734375,0.341796875,0.13427734375,0.830078125,-0.0732421875,0.06103515625,0.0244140625,1.40380859375,0.25634765625,-0.93994140625,0.06103515625,-0.25634765625,0.06103515625,-0.9765625,0.13427734375,-0.74462890625,-0.2685546875,-1.4404296875,-0.0732421875,-0.1708984375,-0.10986328125,-0.29296875,0.1708984375,-1.1962890625,-0.10986328125,4.91943359375,-0.45166015625,0.81787109375,-0.2197265625,0.341796875,0.13427734375,1.2939453125,0.13427734375,-0.7080078125,-0.25634765625,-1.40380859375,-0.03662109375,-1.03759765625,-0.08544921875,0.439453125,0.10986328125,3.466796875,-0.03662109375,2.880859375,0.10986328125,3.8818359375,0,2.94189453125,-0.2197265625,-0.048828125,-0.08544921875,0.76904296875,-0.048828125,-0.4638671875,-0.15869140625,-0.4638671875
1,-0.37841796875,-0.35400390625,0.1708984375,-0.25634765625,-0.09765625,-0.4150390625,-0.09765625,-0.03662109375,0.29296875,1.0498046875,-0.09765625,-0.06103515625,-0.03662109375,5.16357421875,-0.03662109375,0.9765625,-0.0732421875,-0.47607421875,-0.4150390625,-0.25634765625,-0.37841796875,0.86669921875,-0.30517578125,-0.5126953125,0.1953125,-0.146484375,0.03662109375,-0.74462890625,0.1220703125,0.93994140625,-0.2197265625,0.23193359375,0.09765625,-0.23193359375,-0.20751953125,-0.8544921875,-0.01220703125,-0.4150390625,0.25634765625,-0.72021484375,-0.0244140625,-0.2197265625,-0.10986328125,-0.69580078125,1.1962890625,-0.30517578125,-0.23193359375,0.35400390625,0.37841796875,1.46484375,0.0732421875,0.47607421875,-0.439453125,-0.08544921875,-0.1953125,0.78125,0.244140625,0.634765625,0.06103515625,0.48828125,0.08544921875,0.62255859375,-0.1220703125,0.15869140625,0.5126953125,0.30517578125,0.2197265625,1.11083984375,0.18310546875,0.23193359375,-0.29296875,0.25634765625,0.1220703125,0.32958984375,0.18310546875,0.86669921875,-0.0732421875,0.0732421875,-0.0732421875,1.37939453125,0.244140625,-0.927734375,0.146484375,-0.2685546875,0.0244140625,-0.96435546875,0.10986328125,-0.74462890625,-0.32958984375,-1.42822265625,0,-0.15869140625,-0.0244140625,-0.29296875,0.29296875,-1.171875,0.06103515625,4.96826171875,-0.54931640625,0.78125,-0.20751953125,0.35400390625,0.15869140625,1.30615234375,0.03662109375,-0.7080078125,-0.244140625,-1.416015625,-0.0244140625,-1.025390625,-0.048828125,0.45166015625,0.08544921875,4.01611328125,-0.048828125,3.45458984375,0,4.58984375,-0.0244140625,3.45458984375,-0.2197265625,-0.0244140625,-0.09765625,0.78125,-0.08544921875,-0.4638671875,-0.1708984375,-0.45166015625
1,-0.3662109375,-0.35400390625,0.1708984375,-0.32958984375,-0.08544921875,-0.40283203125,-0.10986328125,-0.01220703125,0.29296875,1.26953125,-0.0732421875,0.1220703125,-0.01220703125,5.9814453125,-0.048828125,1.23291015625,-0.0244140625,-0.57373046875,-0.3662109375,-0.341796875,-0.30517578125,0.8056640625,-0.29296875,-0.5615234375,0.15869140625,-0.13427734375,0.09765625,-0.74462890625,0.0732421875,0.927734375,-0.20751953125,0.2197265625,0.1220703125,-0.2685546875,-0.1953125,-0.8544921875,-0.048828125,-0.42724609375,0.2685546875,-0.732421875,-0.13427734375,-0.23193359375,-0.09765625,-0.72021484375,1.171875,-0.341796875,-0.1953125,0.3662109375,0.40283203125,1.4892578125,0.10986328125,0.50048828125,-0.42724609375,-0.09765625,-0.15869140625,0.7568359375,0.23193359375,0.6591796875,0.0732421875,0.50048828125,-0.0244140625,0.59814453125,-0.18310546875,0.146484375,0.54931640625,0.29296875,0.20751953125,1.0986328125,0.18310546875,0.1953125,-0.23193359375,0.25634765625,0.09765625,0.32958984375,0.15869140625,0.84228515625,-0.06103515625,0.0732421875,-0.13427734375,1.40380859375,0.23193359375,-0.91552734375,0.1953125,-0.28076171875,-0.0244140625,-0.9521484375,0.06103515625,-0.732421875,-0.35400390625,-1.42822265625,0.06103515625,-0.15869140625,0.08544921875,-0.2685546875,0.32958984375,-1.1474609375,0.18310546875,4.833984375,-0.6103515625,0.732421875,-0.1708984375,0.32958984375,0.09765625,1.26953125,-0.06103515625,-0.69580078125,-0.20751953125,-1.42822265625,-0.048828125,-1.025390625,-0.0244140625,0.439453125,0.08544921875,4.43115234375,-0.01220703125,3.9306640625,0.01220703125,5.21240234375,-0.0244140625,3.86962890625,-0.1953125,-0.0244140625,-0.15869140625,0.78125,-0.08544921875,-0.47607421875,-0.1953125,-0.47607421875
0,-0.35400390625,-0.35400390625,0.1220703125,-0.35400390625,-0.0732421875,-0.40283203125,-0.0732421875,0,0.28076171875,1.416015625,-0.0732421875,0.2685546875,-0.10986328125,6.57958984375,-0.0732421875,1.416015625,-0.01220703125,-0.634765625,-0.2685546875,-0.390625,-0.1953125,0.8056640625,-0.2685546875,-0.5859375,0.08544921875,-0.10986328125,0.1220703125,-0.732421875,-0.0244140625,0.93994140625,-0.20751953125,0.23193359375,0.09765625,-0.29296875,-0.1953125,-0.86669921875,-0.08544921875,-0.45166015625,0.25634765625,-0.72021484375,-0.25634765625,-0.244140625,-0.08544921875,-0.69580078125,1.0498046875,-0.3662109375,-0.20751953125,0.3662109375,0.4638671875,1.52587890625,0.09765625,0.50048828125,-0.3662109375,-0.1220703125,-0.146484375,0.78125,0.1953125,0.68359375,0.06103515625,0.50048828125,-0.09765625,0.5859375,-0.20751953125,0.13427734375,0.57373046875,0.28076171875,0.15869140625,1.11083984375,0.15869140625,0.2197265625,-0.1708984375,0.2685546875,0.10986328125,0.32958984375,0.1953125,0.9033203125,-0.06103515625,0.06103515625,-0.1953125,1.3916015625,0.23193359375,-0.87890625,0.1953125,-0.2685546875,-0.06103515625,-0.9521484375,0,-0.7080078125,-0.341796875,-1.45263671875,0.08544921875,-0.15869140625,0.244140625,-0.28076171875,0.28076171875,-1.123046875,0.1220703125,4.5166015625,-0.59814453125,0.62255859375,-0.1708984375,0.2685546875,0.03662109375,1.171875,-0.10986328125,-0.69580078125,-0.09765625,-1.42822265625,-0.08544921875,-1.03759765625,-0.0732421875,0.4638671875,0.0732421875,4.6875,-0.0244140625,4.2236328125,0.0244140625,5.67626953125,-0.06103515625,4.1259765625,-0.18310546875,-0.0244140625,-0.13427734375,0.78125,-0.146484375,-0.50048828125,-0.1708984375,-0.4638671875
0,-0.3662109375,-0.35400390625,0.09765625,-0.40283203125,-0.06103515625,-0.40283203125,-0.08544921875,0.01220703125,0.2685546875,1.50146484375,-0.06103515625,0.35400390625,-0.146484375,6.9091796875,-0.06103515625,1.52587890625,0,-0.634765625,-0.2197265625,-0.390625,-0.0732421875,0.78125,-0.1953125,-0.62255859375,0.01220703125,-0.10986328125,0.1708984375,-0.7568359375,-0.146484375,0.9521484375,-0.1708984375,0.23193359375,0.01220703125,-0.30517578125,-0.1708984375,-0.86669921875,-0.10986328125,-0.4638671875,0.28076171875,-0.732421875,-0.4150390625,-0.25634765625,-0.0244140625,-0.69580078125,0.93994140625,-0.439453125,-0.146484375,0.3662109375,0.3173828125,1.57470703125,0.13427734375,0.52490234375,-0.2685546875,-0.1220703125,-0.10986328125,0.79345703125,0.15869140625,0.7080078125,0.0732421875,0.48828125,-0.20751953125,0.5859375,-0.20751953125,0.15869140625,0.52490234375,0.25634765625,0.15869140625,1.11083984375,0.10986328125,0.244140625,-0.13427734375,0.25634765625,0.08544921875,0.30517578125,0.18310546875,0.9033203125,-0.048828125,0.06103515625,-0.2685546875,1.37939453125,0.20751953125,-0.86669921875,0.18310546875,-0.25634765625,-0.08544921875,-0.93994140625,-0.06103515625,-0.69580078125,-0.28076171875,-1.46484375,0.06103515625,-0.18310546875,0.40283203125,-0.244140625,0.18310546875,-1.11083984375,0.08544921875,4.1015625,-0.50048828125,0.50048828125,-0.1953125,0.18310546875,-0.08544921875,1.07421875,-0.10986328125,-0.69580078125,-0.0244140625,-1.42822265625,-0.13427734375,-1.03759765625,-0.13427734375,0.45166015625,0.03662109375,4.79736328125,-0.0244140625,4.40673828125,0.0732421875,5.96923828125,-0.0732421875,4.26025390625,-0.146484375,-0.0244140625,-0.15869140625,0.79345703125,-0.1953125,-0.50048828125,-0.15869140625,-0.47607421875
0,-0.3662109375,-0.35400390625,0.1220703125,-0.390625,-0.03662109375,-0.37841796875,-0.09765625,0.03662109375,0.2685546875,1.47705078125,-0.048828125,0.37841796875,-0.1708984375,6.97021484375,-0.06103515625,1.57470703125,0.01220703125,-0.6591796875,-0.1220703125,-0.37841796875,0.1220703125,0.76904296875,-0.08544921875,-0.62255859375,-0.06103515625,-0.10986328125,0.15869140625,-0.74462890625,-0.28076171875,0.927734375,-0.146484375,0.244140625,-0.03662109375,-0.29296875,-0.13427734375,-0.86669921875,-0.1220703125,-0.4638671875,0.2685546875,-0.72021484375,-0.537109375,-0.244140625,-0.048828125,-0.69580078125,0.84228515625,-0.48828125,-0.13427734375,0.3662109375,0.42724609375,1.611328125,0.10986328125,0.537109375,-0.1953125,-0.13427734375,-0.146484375,0.78125,0.10986328125,0.72021484375,0.03662109375,0.48828125,-0.20751953125,0.59814453125,-0.15869140625,0.1953125,0.47607421875,0.2197265625,0.1708984375,1.0986328125,0.08544921875,0.25634765625,-0.0732421875,0.23193359375,0.09765625,0.29296875,0.146484375,0.89111328125,-0.0732421875,0.06103515625,-0.244140625,1.37939453125,0.1953125,-0.89111328125,0.13427734375,-0.29296875,-0.09765625,-0.93994140625,-0.1220703125,-0.7080078125,-0.18310546875,-1.46484375,0.03662109375,-0.1953125,0.52490234375,-0.244140625,0.06103515625,-1.123046875,0.0732421875,3.60107421875,-0.3662109375,0.37841796875,-0.23193359375,0.08544921875,-0.09765625,0.9521484375,-0.08544921875,-0.69580078125,0.03662109375,-1.4404296875,-0.2197265625,-1.01318359375,-0.1953125,0.48828125,0.06103515625,4.7607421875,-0.0244140625,4.38232421875,0.03662109375,6.0546875,-0.03662109375,4.2236328125,-0.10986328125,-0.048828125,-0.13427734375,0.81787109375,-0.244140625,-0.50048828125,-0.15869140625,-0.48828125
0,-0.40283203125,-0.341796875,0.08544921875,-0.390625,-0.0732421875,-0.3662109375,-0.10986328125,0.06103515625,0.28076171875,1.40380859375,-0.03662109375,0.32958984375,-0.1953125,6.77490234375,-0.048828125,1.50146484375,0,-0.634765625,-0.03662109375,-0.35400390625,0.2197265625,0.78125,-0.01220703125,-0.64697265625,-0.146484375,-0.09765625,0.1220703125,-0.76904296875,-0.341796875,0.927734375,-0.13427734375,0.25634765625,-0.09765625,-0.28076171875,-0.09765625,-0.86669921875,-0.1708984375,-0.439453125,0.29296875,-0.72021484375,-0.5615234375,-0.23193359375,-0.08544921875,-0.7080078125,0.74462890625,-0.52490234375,-0.09765625,0.3662109375,0.439453125,1.67236328125,0.1220703125,0.537109375,-0.10986328125,-0.146484375,-0.15869140625,0.79345703125,0.06103515625,0.69580078125,-0.0244140625,0.4638671875,-0.146484375,0.62255859375,-0.08544921875,0.15869140625,0.45166015625,0.20751953125,0.1220703125,1.08642578125,0.03662109375,0.244140625,-0.0732421875,0.23193359375,0.10986328125,0.29296875,0.1220703125,0.9033203125,-0.09765625,0.0732421875,-0.2197265625,1.37939453125,0.15869140625,-0.9033203125,0.06103515625,-0.30517578125,-0.1220703125,-0.927734375,-0.1708984375,-0.72021484375,-0.06103515625,-1.4892578125,-0.0244140625,-0.1953125,0.57373046875,-0.244140625,-0.048828125,-1.11083984375,0.0244140625,3.11279296875,-0.1953125,0.29296875,-0.2685546875,-0.01220703125,-0.1708984375,0.8544921875,0.01220703125,-0.72021484375,0.1220703125,-1.4404296875,-0.2685546875,-0.98876953125,-0.2685546875,0.47607421875,0.06103515625,4.62646484375,-0.03662109375,4.26025390625,-0.06103515625,5.99365234375,-0.048828125,4.11376953125,-0.13427734375,-0.0732421875,-0.13427734375,0.830078125,-0.2685546875,-0.50048828125,-0.146484375,-0.47607421875
0,-0.4150390625,-0.341796875,0.06103515625,-0.35400390625,-0.08544921875,-0.35400390625,-0.146484375,0.03662109375,0.28076171875,1.28173828125,-0.03662109375,0.2197265625,-0.1953125,6.38427734375,-0.06103515625,1.3671875,-0.01220703125,-0.59814453125,0.03662109375,-0.32958984375,0.2197265625,0.79345703125,0.048828125,-0.64697265625,-0.18310546875,-0.10986328125,0.048828125,-0.74462890625,-0.35400390625,0.9521484375,-0.09765625,0.25634765625,-0.1708984375,-0.30517578125,-0.0732421875,-0.86669921875,-0.1708984375,-0.42724609375,0.30517578125,-0.72021484375,-0.47607421875,-0.2197265625,-0.1708984375,-0.68359375,0.69580078125,-0.57373046875,-0.0732421875,0.3662109375,0.54931640625,1.69677734375,0.06103515625,0.52490234375,-0.0244140625,-0.15869140625,-0.15869140625,0.76904296875,0.0732421875,0.69580078125,-0.03662109375,0.45166015625,-0.0244140625,0.634765625,-0.01220703125,0.1708984375,0.42724609375,0.2197265625,0.09765625,1.06201171875,0.01220703125,0.28076171875,-0.048828125,0.25634765625,0.0732421875,0.28076171875,0.01220703125,0.87890625,-0.10986328125,0.048828125,-0.2197265625,1.3916015625,0.15869140625,-0.9033203125,-0.01220703125,-0.29296875,-0.10986328125,-0.927734375,-0.18310546875,-0.732421875,0.0732421875,-1.50146484375,-0.0732421875,-0.2197265625,0.57373046875,-0.23193359375,-0.13427734375,-1.11083984375,0.0244140625,2.685546875,-0.1220703125,0.29296875,-0.30517578125,-0.0732421875,-0.1708984375,0.78125,0.1220703125,-0.7080078125,0.10986328125,-1.4404296875,-0.30517578125,-1.0009765625,-0.341796875,0.47607421875,0.06103515625,4.4189453125,-0.06103515625,4.04052734375,-0.08544921875,5.72509765625,-0.09765625,3.90625,-0.1220703125,-0.09765625,-0.0732421875,0.86669921875,-0.244140625,-0.48828125,-0.20751953125,-0.4638671875
0,-0.42724609375,-0.3173828125,0.0244140625,-0.3173828125,-0.0732421875,-0.341796875,-0.1708984375,0.03662109375,0.28076171875,1.13525390625,-0.048828125,0.0732421875,-0.18310546875,5.84716796875,-0.048828125,1.18408203125,0.048828125,-0.59814453125,0.15869140625,-0.30517578125,0.28076171875,0.81787109375,0.15869140625,-0.634765625,-0.1708984375,-0.1220703125,-0.01220703125,-0.7568359375,-0.28076171875,0.96435546875,-0.0732421875,0.2685546875,-0.1953125,-0.30517578125,-0.0732421875,-0.84228515625,-0.18310546875,-0.37841796875,0.3173828125,-0.7080078125,-0.32958984375,-0.18310546875,-0.244140625,-0.68359375,0.634765625,-0.537109375,-0.03662109375,0.37841796875,0.5859375,1.708984375,0.06103515625,0.5615234375,0.01220703125,-0.13427734375,-0.15869140625,0.7568359375,0.0732421875,0.67138671875,-0.048828125,0.4638671875,0.1220703125,0.64697265625,0.0732421875,0.1708984375,0.35400390625,0.2197265625,-0.0244140625,1.07421875,-0.01220703125,0.3173828125,-0.048828125,0.25634765625,0.03662109375,0.29296875,-0.0244140625,0.86669921875,-0.1220703125,0.06103515625,-0.2197265625,1.37939453125,0.13427734375,-0.91552734375,-0.0732421875,-0.29296875,-0.0732421875,-0.9521484375,-0.18310546875,-0.74462890625,0.146484375,-1.513671875,-0.09765625,-0.23193359375,0.50048828125,-0.244140625,-0.146484375,-1.11083984375,0.01220703125,2.4169921875,-0.03662109375,0.28076171875,-0.30517578125,-0.13427734375,-0.13427734375,0.74462890625,0.20751953125,-0.69580078125,0.08544921875,-1.42822265625,-0.32958984375,-0.9765625,-0.42724609375,0.45166015625,0.048828125,4.1748046875,-0.06103515625,3.77197265625,-0.10986328125,5.3955078125,-0.10986328125,3.64990234375,-0.1220703125,-0.0732421875,-0.03662109375,0.8544921875,-0.25634765625,-0.45166015625,-0.25634765625,-0.47607421875
0,-0.45166015625,-0.3173828125,0.03662109375,-0.28076171875,-0.09765625,-0.32958984375,-0.18310546875,0,0.25634765625,0.9521484375,-0.048828125,-0.0732421875,-0.1708984375,5.2734375,-0.06103515625,0.96435546875,0.06103515625,-0.5859375,0.18310546875,-0.28076171875,0.23193359375,0.830078125,0.18310546875,-0.64697265625,-0.15869140625,-0.13427734375,-0.0732421875,-0.74462890625,-0.146484375,0.96435546875,-0.048828125,0.2685546875,-0.2197265625,-0.2685546875,-0.10986328125,-0.830078125,-0.1708984375,-0.341796875,0.32958984375,-0.69580078125,-0.13427734375,-0.1708984375,-0.35400390625,-0.67138671875,0.5859375,-0.5126953125,-0.0732421875,0.37841796875,0.6103515625,1.7333984375,0.03662109375,0.52490234375,0,-0.13427734375,-0.146484375,0.74462890625,0.09765625,0.6591796875,-0.048828125,0.439453125,0.244140625,0.6591796875,0.10986328125,0.1708984375,0.25634765625,0.1953125,-0.08544921875,1.06201171875,-0.0244140625,0.30517578125,-0.0732421875,0.244140625,-0.01220703125,0.29296875,-0.048828125,0.84228515625,-0.09765625,0.06103515625,-0.23193359375,1.37939453125,0.09765625,-0.927734375,-0.08544921875,-0.3173828125,-0.0244140625,-0.9521484375,-0.09765625,-0.732421875,0.1953125,-1.52587890625,-0.10986328125,-0.28076171875,0.35400390625,-0.25634765625,-0.15869140625,-1.13525390625,-0.1220703125,2.3193359375,0.08544921875,0.30517578125,-0.29296875,-0.1708984375,-0.10986328125,0.76904296875,0.25634765625,-0.7080078125,0.06103515625,-1.42822265625,-0.32958984375,-0.9765625,-0.45166015625,0.45166015625,0.03662109375,3.89404296875,-0.06103515625,3.515625,-0.13427734375,5.0048828125,-0.13427734375,3.40576171875,-0.13427734375,-0.08544921875,-0.01220703125,0.8544921875,-0.2197265625,-0.439453125,-0.29296875,-0.4638671875
0,-0.42724609375,-0.30517578125,-0.0244140625,-0.2685546875,-0.10986328125,-0.341796875,-0.20751953125,-0.01220703125,0.244140625,0.79345703125,0.01220703125,-0.25634765625,-0.15869140625,4.7119140625,-0.06103515625,0.78125,0.15869140625,-0.5859375,0.146484375,-0.29296875,0.1708984375,0.830078125,0.2197265625,-0.64697265625,-0.1220703125,-0.1220703125,-0.09765625,-0.7568359375,-0.01220703125,0.9765625,-0.03662109375,0.244140625,-0.244140625,-0.23193359375,-0.1708984375,-0.830078125,-0.09765625,-0.3173828125,0.341796875,-0.67138671875,0,-0.13427734375,-0.3662109375,-0.6591796875,0.6591796875,-0.4638671875,-0.08544921875,0.37841796875,0.6591796875,1.72119140625,0.01220703125,0.5126953125,-0.048828125,-0.13427734375,-0.23193359375,0.7568359375,0.0732421875,0.68359375,-0.08544921875,0.4638671875,0.3173828125,0.64697265625,0.18310546875,0.1708984375,0.1220703125,0.2197265625,-0.09765625,1.03759765625,-0.048828125,0.30517578125,-0.1220703125,0.244140625,-0.048828125,0.30517578125,-0.06103515625,0.86669921875,-0.08544921875,0.06103515625,-0.25634765625,1.3916015625,0.06103515625,-0.927734375,-0.0732421875,-0.3173828125,0.0244140625,-0.93994140625,0,-0.74462890625,0.1708984375,-1.513671875,-0.09765625,-0.28076171875,0.20751953125,-0.2685546875,-0.20751953125,-1.1474609375,-0.1953125,2.38037109375,0.0732421875,0.341796875,-0.25634765625,-0.146484375,-0.048828125,0.830078125,0.30517578125,-0.7080078125,0.03662109375,-1.416015625,-0.30517578125,-1.0009765625,-0.439453125,0.439453125,0,3.662109375,-0.03662109375,3.25927734375,-0.06103515625,4.60205078125,-0.18310546875,3.16162109375,-0.08544921875,-0.0732421875,0.01220703125,0.87890625,-0.20751953125,-0.4150390625,-0.32958984375,-0.42724609375
0,-0.4638671875,-0.3173828125,-0.06103515625,-0.25634765625,-0.09765625,-0.3662109375,-0.23193359375,-0.0244140625,0.23193359375,0.68359375,0.0244140625,-0.40283203125,-0.1708984375,4.19921875,-0.0732421875,0.59814453125,0.2197265625,-0.59814453125,0.09765625,-0.30517578125,0.10986328125,0.84228515625,0.23193359375,-0.634765625,-0.0732421875,-0.13427734375,-0.09765625,-0.74462890625,0.08544921875,0.98876953125,-0.048828125,0.25634765625,-0.20751953125,-0.18310546875,-0.20751953125,-0.830078125,-0.03662109375,-0.28076171875,0.3173828125,-0.6591796875,0.1220703125,-0.13427734375,-0.40283203125,-0.6591796875,0.6591796875,-0.40283203125,-0.13427734375,0.3662109375,0.72021484375,1.708984375,-0.01220703125,0.48828125,-0.09765625,-0.15869140625,-0.30517578125,0.7568359375,0.09765625,0.68359375,-0.09765625,0.47607421875,0.45166015625,0.634765625,0.244140625,0.1708984375,0.03662109375,0.244140625,-0.146484375,1.06201171875,-0.048828125,0.28076171875,-0.1708984375,0.244140625,-0.13427734375,0.3173828125,-0.048828125,0.86669921875,-0.03662109375,0.06103515625,-0.244140625,1.3916015625,0.0244140625,-0.927734375,-0.0244140625,-0.3173828125,0.01220703125,-0.96435546875,0.09765625,-0.76904296875,0.09765625,-1.5380859375,-0.08544921875,-0.29296875,0.06103515625,-0.29296875,-0.20751953125,-1.171875,-0.23193359375,2.5634765625,0.03662109375,0.390625,-0.18310546875,-0.146484375,-0.01220703125,0.89111328125,0.28076171875,-0.69580078125,0.0244140625,-1.42822265625,-0.2197265625,-0.98876953125,-0.390625,0.439453125,0.01220703125,3.466796875,-0.01220703125,3.076171875,-0.0732421875,4.26025390625,-0.1953125,2.96630859375,-0.03662109375,-0.03662109375,0.01220703125,0.86669921875,-0.18310546875,-0.4150390625,-0.35400390625,-0.439453125
0,-0.45166015625,-0.30517578125,-0.01220703125,-0.244140625,-0.09765625,-0.3662109375,-0.244140625,-0.03662109375,0.2197265625,0.57373046875,0.03662109375,-0.5126953125,-0.1708984375,3.759765625,-0.08544921875,0.45166015625,0.23193359375,-0.62255859375,0.01220703125,-0.30517578125,-0.01220703125,0.81787109375,0.20751953125,-0.64697265625,-0.048828125,-0.1220703125,-0.06103515625,-0.732421875,0.18310546875,0.9765625,-0.048828125,0.244140625,-0.1708984375,-0.23193359375,-0.146484375,-0.8544921875,0.0244140625,-0.30517578125,0.28076171875,-0.68359375,0.1953125,-0.146484375,-0.37841796875,-0.68359375,0.62255859375,-0.42724609375,-0.146484375,0.37841796875,0.7080078125,1.66015625,-0.0244140625,0.5126953125,-0.18310546875,-0.18310546875,-0.390625,0.7568359375,0.13427734375,0.67138671875,-0.09765625,0.47607421875,0.537109375,0.6103515625,0.244140625,0.15869140625,-0.06103515625,0.28076171875,-0.08544921875,1.08642578125,-0.06103515625,0.2685546875,-0.1953125,0.25634765625,-0.1953125,0.32958984375,-0.0732421875,0.8544921875,0,0.06103515625,-0.25634765625,1.40380859375,0,-0.91552734375,0.0244140625,-0.3173828125,0.03662109375,-0.9521484375,0.1953125,-0.7568359375,0.01220703125,-1.513671875,-0.0732421875,-0.28076171875,-0.03662109375,-0.29296875,-0.23193359375,-1.18408203125,-0.23193359375,2.783203125,-0.09765625,0.439453125,-0.048828125,-0.09765625,0.048828125,0.9521484375,0.2197265625,-0.7080078125,0.048828125,-1.416015625,-0.146484375,-1.025390625,-0.32958984375,0.4150390625,0.01220703125,3.33251953125,-0.01220703125,2.978515625,-0.09765625,3.99169921875,-0.20751953125,2.81982421875,0,-0.0244140625,0.01220703125,0.81787109375,-0.18310546875,-0.40283203125,-0.35400390625,-0.4638671875
0,-0.50048828125,-0.341796875,-0.06103515625,-0.25634765625,-0.08544921875,-0.37841796875,-0.25634765625,-0.03662109375,0.20751953125,0.47607421875,0.0732421875,-0.59814453125,-0.18310546875,3.40576171875,-0.10986328125,0.341796875,0.244140625,-0.634765625,-0.09765625,-0.3173828125,-0.0732421875,0.81787109375,0.15869140625,-0.62255859375,-0.0244140625,-0.1220703125,0.01220703125,-0.72021484375,0.20751953125,1.0009765625,0,0.244140625,-0.10986328125,-0.29296875,-0.13427734375,-0.8544921875,0.10986328125,-0.341796875,0.28076171875,-0.7080078125,0.18310546875,-0.18310546875,-0.29296875,-0.67138671875,0.59814453125,-0.45166015625,-0.1708984375,0.3662109375,0.68359375,1.62353515625,-0.048828125,0.5126953125,-0.2685546875,-0.1953125,-0.48828125,0.7568359375,0.18310546875,0.6591796875,-0.048828125,0.4638671875,0.59814453125,0.6103515625,0.18310546875,0.15869140625,-0.20751953125,0.30517578125,-0.06103515625,1.0986328125,-0.03662109375,0.244140625,-0.23193359375,0.244140625,-0.2197265625,0.3173828125,-0.048828125,0.86669921875,0.0244140625,0.048828125,-0.2685546875,1.40380859375,0.03662109375,-0.9521484375,0.09765625,-0.32958984375,0.1220703125,-0.93994140625,0.244140625,-0.76904296875,-0.08544921875,-1.52587890625,-0.10986328125,-0.29296875,-0.01220703125,-0.29296875,-0.25634765625,-1.20849609375,-0.18310546875,2.9541015625,-0.28076171875,0.42724609375,0.048828125,-0.0732421875,0.08544921875,0.9765625,0.146484375,-0.68359375,0.03662109375,-1.42822265625,-0.0244140625,-1.01318359375,-0.2685546875,0.4150390625,-0.01220703125,3.23486328125,-0.0244140625,2.9052734375,-0.10986328125,3.80859375,-0.2197265625,2.72216796875,0.01220703125,-0.01220703125,-0.0244140625,0.830078125,-0.1708984375,-0.40283203125,-0.3662109375,-0.4638671875
0,-0.50048828125,-0.35400390625,-0.06103515625,-0.29296875,-0.0732421875,-0.37841796875,-0.25634765625,-0.0244140625,0.18310546875,0.35400390625,0.0732421875,-0.67138671875,-0.1953125,3.0517578125,-0.1220703125,0.2197265625,0.23193359375,-0.634765625,-0.2197265625,-0.28076171875,-0.15869140625,0.8056640625,0.01220703125,-0.59814453125,-0.0244140625,-0.1220703125,0.10986328125,-0.7080078125,0.20751953125,0.98876953125,0.048828125,0.2197265625,-0.01220703125,-0.3173828125,-0.03662109375,-0.87890625,0.13427734375,-0.4150390625,0.2685546875,-0.68359375,0.15869140625,-0.1953125,-0.25634765625,-0.6591796875,0.5615234375,-0.4638671875,-0.10986328125,0.35400390625,0.54931640625,1.5869140625,-0.03662109375,0.537109375,-0.3173828125,-0.18310546875,-0.48828125,0.76904296875,0.2197265625,0.67138671875,-0.0244140625,0.5126953125,0.54931640625,0.5859375,0.09765625,0.1953125,-0.32958984375,0.35400390625,-0.06103515625,1.0986328125,-0.0244140625,0.23193359375,-0.244140625,0.244140625,-0.23193359375,0.32958984375,-0.01220703125,0.8544921875,0.0732421875,0.06103515625,-0.30517578125,1.40380859375,0.048828125,-0.93994140625,0.18310546875,-0.30517578125,0.146484375,-0.96435546875,0.29296875,-0.76904296875,-0.146484375,-1.50146484375,-0.15869140625,-0.2685546875,0.08544921875,-0.29296875,-0.25634765625,-1.20849609375,-0.03662109375,2.99072265625,-0.35400390625,0.37841796875,0.10986328125,-0.06103515625,0.09765625,0.9521484375,0.01220703125,-0.69580078125,0.0732421875,-1.416015625,0.0244140625,-1.025390625,-0.20751953125,0.40283203125,-0.01220703125,3.21044921875,-0.0244140625,2.880859375,-0.13427734375,3.72314453125,-0.2197265625,2.685546875,0.03662109375,-0.01220703125,-0.06103515625,0.830078125,-0.15869140625,-0.42724609375,-0.3173828125,-0.47607421875
0,-0.47607421875,-0.3662109375,-0.09765625,-0.3173828125,-0.048828125,-0.40283203125,-0.25634765625,-0.03662109375,0.1708984375,0.244140625,0.0732421875,-0.74462890625,-0.1953125,2.74658203125,-0.1220703125,0.10986328125,0.1953125,-0.62255859375,-0.244140625,-0.244140625,-0.15869140625,0.84228515625,-0.0732421875,-0.57373046875,-0.0244140625,-0.10986328125,0.1953125,-0.72021484375,0.1953125,0.98876953125,0.1220703125,0.2197265625,0.0244140625,-0.32958984375,0.0244140625,-0.87890625,0.13427734375,-0.42724609375,0.28076171875,-0.72021484375,0.10986328125,-0.20751953125,-0.146484375,-0.6591796875,0.47607421875,-0.47607421875,-0.08544921875,0.3662109375,0.62255859375,1.55029296875,-0.01220703125,0.537109375,-0.35400390625,-0.1708984375,-0.45166015625,0.76904296875,0.20751953125,0.68359375,0.03662109375,0.5126953125,0.45166015625,0.6103515625,0.048828125,0.1953125,-0.439453125,0.390625,-0.01220703125,1.0986328125,-0.03662109375,0.2197265625,-0.25634765625,0.244140625,-0.244140625,0.341796875,-0.08544921875,0.84228515625,0.09765625,0.06103515625,-0.29296875,1.3916015625,0.08544921875,-0.93994140625,0.23193359375,-0.30517578125,0.15869140625,-0.93994140625,0.30517578125,-0.76904296875,-0.15869140625,-1.47705078125,-0.1953125,-0.2685546875,0.244140625,-0.28076171875,-0.244140625,-1.20849609375,-0.01220703125,2.83203125,-0.35400390625,0.29296875,0.146484375,-0.08544921875,0.09765625,0.87890625,-0.13427734375,-0.69580078125,0.06103515625,-1.416015625,0.0732421875,-1.01318359375,-0.1953125,0.4150390625,-0.01220703125,3.1982421875,-0.01220703125,2.8564453125,-0.13427734375,3.662109375,-0.23193359375,2.67333984375,0.0244140625,0,-0.08544921875,0.830078125,-0.13427734375,-0.439453125,-0.3173828125,-0.47607421875
0,-0.4638671875,-0.4150390625,-0.146484375,-0.35400390625,-0.048828125,-0.42724609375,-0.28076171875,-0.01220703125,0.15869140625,0.09765625,0.0732421875,-0.84228515625,-0.1953125,2.3681640625,-0.13427734375,-0.01220703125,0.146484375,-0.57373046875,-0.146484375,-0.18310546875,-0.1708984375,0.8544921875,-0.1708984375,-0.537109375,-0.01220703125,-0.08544921875,0.2685546875,-0.74462890625,0.10986328125,0.9765625,0.1953125,0.23193359375,0.06103515625,-0.32958984375,0.08544921875,-0.89111328125,0.09765625,-0.42724609375,0.28076171875,-0.7080078125,0.048828125,-0.23193359375,-0.09765625,-0.67138671875,0.390625,-0.50048828125,-0.03662109375,0.37841796875,0.732421875,1.5625,0.03662109375,0.537109375,-0.30517578125,-0.18310546875,-0.35400390625,0.79345703125,0.1953125,0.69580078125,0.08544921875,0.47607421875,0.30517578125,0.59814453125,-0.01220703125,0.1953125,-0.48828125,0.4150390625,0.0244140625,1.11083984375,-0.048828125,0.20751953125,-0.25634765625,0.25634765625,-0.244140625,0.32958984375,-0.048828125,0.8544921875,0.10986328125,0.06103515625,-0.25634765625,1.3916015625,0.1220703125,-0.93994140625,0.244140625,-0.28076171875,0.13427734375,-0.927734375,0.30517578125,-0.76904296875,-0.15869140625,-1.46484375,-0.244140625,-0.23193359375,0.40283203125,-0.2685546875,-0.20751953125,-1.1962890625,0.06103515625,2.44140625,-0.244140625,0.146484375,0.1220703125,-0.1708984375,0.08544921875,0.732421875,-0.2685546875,-0.68359375,0.01220703125,-1.42822265625,0.06103515625,-1.01318359375,-0.20751953125,0.4150390625,-0.048828125,3.125,-0.01220703125,2.8076171875,-0.0732421875,3.6376953125,-0.244140625,2.63671875,0.0244140625,0,-0.13427734375,0.84228515625,-0.10986328125,-0.439453125,-0.32958984375,-0.47607421875
1,-0.47607421875,-0.4150390625,-0.146484375,-0.35400390625,-0.0244140625,-0.45166015625,-0.29296875,0,0.13427734375,-0.0732421875,0.06103515625,-0.93994140625,-0.18310546875,1.94091796875,-0.10986328125,-0.15869140625,0.06103515625,-0.5126953125,-0.1953125,-0.1220703125,-0.15869140625,0.9033203125,-0.2685546875,-0.48828125,-0.0244140625,-0.09765625,0.30517578125,-0.74462890625,0.03662109375,0.9521484375,0.20751953125,0.2197265625,0.048828125,-0.32958984375,0.13427734375,-0.87890625,0.06103515625,-0.45166015625,0.29296875,-0.7080078125,-0.03662109375,-0.244140625,-0.06103515625,-0.67138671875,0.341796875,-0.5126953125,-0.01220703125,0.390625,0.78125,1.59912109375,0.048828125,0.52490234375,-0.20751953125,-0.15869140625,-0.244140625,0.76904296875,0.15869140625,0.68359375,0.1220703125,0.47607421875,0.20751953125,0.5859375,-0.0732421875,0.1708984375,-0.5859375,0.439453125,0.0732421875,1.11083984375,-0.06103515625,0.20751953125,-0.2197265625,0.25634765625,-0.25634765625,0.32958984375,-0.03662109375,0.830078125,0.1220703125,0.0732421875,-0.20751953125,1.416015625,0.13427734375,-0.927734375,0.20751953125,-0.2685546875,0.1220703125,-0.93994140625,0.2685546875,-0.732421875,-0.1220703125,-1.46484375,-0.2685546875,-0.23193359375,0.54931640625,-0.25634765625,-0.18310546875,-1.1962890625,0.13427734375,1.81884765625,-0.09765625,-0.0244140625,0.0244140625,-0.30517578125,0.08544921875,0.54931640625,-0.35400390625,-0.67138671875,-0.03662109375,-1.416015625,0.01220703125,-1.0009765625,-0.20751953125,0.42724609375,-0.0244140625,3.03955078125,-0.0244140625,2.685546875,-0.09765625,3.55224609375,-0.20751953125,2.5390625,0.048828125,0.01220703125,-0.146484375,0.8544921875,-0.08544921875,-0.4638671875,-0.341796875,-0.45166015625
1,-0.45166015625,-0.40283203125,-0.15869140625,-0.35400390625,-0.0244140625,-0.4150390625,-0.29296875,0.0244140625,0.10986328125,-0.23193359375,0.08544921875,-1.07421875,-0.1708984375,1.45263671875,-0.13427734375,-0.30517578125,-0.03662109375,-0.4638671875,-0.2197265625,-0.06103515625,-0.18310546875,0.91552734375,-0.3662109375,-0.439453125,-0.0244140625,-0.09765625,0.3173828125,-0.76904296875,-0.01220703125,0.9521484375,0.1708984375,0.244140625,0.048828125,-0.3173828125,0.15869140625,-0.87890625,0.01220703125,-0.4638671875,0.2685546875,-0.69580078125,-0.09765625,-0.244140625,-0.08544921875,-0.67138671875,0.23193359375,-0.50048828125,0.0732421875,0.390625,0.8544921875,1.64794921875,0.03662109375,0.52490234375,-0.10986328125,-0.13427734375,-0.18310546875,0.76904296875,0.10986328125,0.68359375,0.13427734375,0.47607421875,0.0732421875,0.6103515625,-0.048828125,0.18310546875,-0.59814453125,0.439453125,0.1708984375,1.0986328125,-0.06103515625,0.1953125,-0.18310546875,0.2685546875,-0.28076171875,0.32958984375,0.01220703125,0.86669921875,0.06103515625,0.06103515625,-0.10986328125,1.40380859375,0.13427734375,-0.9521484375,0.1708984375,-0.2685546875,0.09765625,-0.93994140625,0.20751953125,-0.732421875,-0.06103515625,-1.46484375,-0.2685546875,-0.2197265625,0.634765625,-0.25634765625,-0.146484375,-1.1962890625,0.244140625,1.025390625,0.0244140625,-0.23193359375,-0.0732421875,-0.439453125,0.06103515625,0.35400390625,-0.35400390625,-0.68359375,-0.09765625,-1.42822265625,-0.09765625,-0.98876953125,-0.23193359375,0.439453125,-0.0244140625,2.86865234375,-0.048828125,2.490234375,0.0244140625,3.3447265625,-0.1953125,2.3681640625,0.048828125,0,-0.15869140625,0.9033203125,-0.048828125,-0.45166015625,-0.3662109375,-0.4638671875
1,-0.4638671875,-0.390625,-0.13427734375,-0.32958984375,-0.01220703125,-0.4150390625,-0.2685546875,0.0244140625,0.13427734375,-0.40283203125,0.048828125,-1.1962890625,-0.18310546875,0.96435546875,-0.1220703125,-0.48828125,-0.08544921875,-0.3662109375,-0.08544921875,-0.01220703125,-0.20751953125,0.96435546875,-0.3662109375,-0.439453125,-0.0244140625,-0.10986328125,0.2685546875,-0.76904296875,-0.048828125,0.96435546875,0.09765625,0.2685546875,0.0732421875,-0.25634765625,0.1220703125,-0.89111328125,-0.048828125,-0.45166015625,0.28076171875,-0.7080078125,-0.1708984375,-0.25634765625,-0.15869140625,-0.68359375,0.1953125,-0.47607421875,0.08544921875,0.3662109375,0.74462890625,1.74560546875,0.06103515625,0.52490234375,0.01220703125,-0.1220703125,-0.09765625,0.74462890625,0.08544921875,0.6591796875,0.146484375,0.47607421875,-0.048828125,0.62255859375,-0.01220703125,0.1708984375,-0.59814453125,0.42724609375,0.244140625,1.0986328125,-0.0732421875,0.20751953125,-0.13427734375,0.28076171875,-0.25634765625,0.32958984375,0.048828125,0.8544921875,0.06103515625,0.03662109375,-0.03662109375,1.40380859375,0.13427734375,-0.9521484375,0.13427734375,-0.25634765625,0.03662109375,-0.93994140625,0.10986328125,-0.72021484375,-0.01220703125,-1.45263671875,-0.2197265625,-0.18310546875,0.72021484375,-0.2685546875,-0.08544921875,-1.171875,0.2685546875,0.1953125,0.10986328125,-0.4150390625,-0.15869140625,-0.6103515625,0.0244140625,0.146484375,-0.29296875,-0.68359375,-0.1708984375,-1.416015625,-0.2197265625,-0.98876953125,-0.244140625,0.439453125,-0.01220703125,2.62451171875,-0.06103515625,2.197265625,0.06103515625,2.96630859375,-0.1708984375,2.1240234375,0.03662109375,-0.0244140625,-0.18310546875,0.91552734375,-0.01220703125,-0.4638671875,-0.37841796875,-0.439453125
1,-0.4150390625,-0.37841796875,-0.20751953125,-0.29296875,-0.0244140625,-0.40283203125,-0.2685546875,0.048828125,0.13427734375,-0.54931640625,0.06103515625,-1.3427734375,-0.1708984375,0.50048828125,-0.15869140625,-0.6103515625,-0.09765625,-0.341796875,-0.09765625,0,-0.23193359375,0.9521484375,-0.32958984375,-0.4150390625,0,-0.1220703125,0.18310546875,-0.7568359375,-0.06103515625,0.96435546875,0,0.2685546875,0.10986328125,-0.23193359375,0.06103515625,-0.89111328125,-0.0732421875,-0.4150390625,0.244140625,-0.69580078125,-0.244140625,-0.2685546875,-0.2197265625,-0.7080078125,0.10986328125,-0.45166015625,0.15869140625,0.37841796875,0.7568359375,1.86767578125,0.06103515625,0.50048828125,0.1708984375,-0.1220703125,-0.06103515625,0.732421875,0.048828125,0.68359375,0.15869140625,0.4638671875,-0.09765625,0.6103515625,0.03662109375,0.1708984375,-0.6103515625,0.40283203125,0.3173828125,1.08642578125,-0.08544921875,0.1953125,-0.09765625,0.28076171875,-0.25634765625,0.32958984375,0.06103515625,0.84228515625,0.03662109375,0.048828125,0.048828125,1.416015625,0.08544921875,-0.927734375,0.10986328125,-0.25634765625,-0.03662109375,-0.93994140625,0.0244140625,-0.7080078125,0.03662109375,-1.45263671875,-0.1708984375,-0.18310546875,0.6591796875,-0.25634765625,0.0244140625,-1.15966796875,0.35400390625,-0.5859375,0.10986328125,-0.59814453125,-0.1953125,-0.7568359375,0,-0.0244140625,-0.1708984375,-0.68359375,-0.23193359375,-1.40380859375,-0.3173828125,-0.9765625,-0.244140625,0.45166015625,-0.01220703125,2.3193359375,-0.06103515625,1.8310546875,0.09765625,2.47802734375,-0.146484375,1.81884765625,0.03662109375,-0.0244140625,-0.1708984375,0.927734375,0,-0.439453125,-0.390625,-0.439453125
1,-0.439453125,-0.341796875,-0.20751953125,-0.2685546875,0,-0.37841796875,-0.2685546875,0.03662109375,0.09765625,-0.68359375,0.0732421875,-1.42822265625,-0.1953125,0.10986328125,-0.18310546875,-0.74462890625,-0.06103515625,-0.35400390625,-0.0244140625,-0.01220703125,-0.2197265625,0.9521484375,-0.18310546875,-0.45166015625,0.01220703125,-0.146484375,0.13427734375,-0.7568359375,-0.048828125,0.9521484375,-0.09765625,0.28076171875,0.15869140625,-0.2197265625,-0.01220703125,-0.87890625,-0.1220703125,-0.390625,0.2197265625,-0.68359375,-0.28076171875,-0.25634765625,-0.30517578125,-0.68359375,-0.0244140625,-0.45166015625,0.10986328125,0.390625,0.86669921875,1.9775390625,0.08544921875,0.48828125,0.28076171875,-0.13427734375,-0.01220703125,0.732421875,0.048828125,0.6591796875,0.18310546875,0.4638671875,-0.06103515625,0.5859375,0.10986328125,0.1708984375,-0.57373046875,0.37841796875,0.3662109375,1.08642578125,-0.06103515625,0.1953125,-0.0732421875,0.2685546875,-0.244140625,0.341796875,0.09765625,0.8544921875,0.048828125,0.03662109375,0.09765625,1.40380859375,0.0244140625,-0.9033203125,0.09765625,-0.2685546875,-0.08544921875,-0.93994140625,-0.09765625,-0.72021484375,0.048828125,-1.45263671875,-0.0732421875,-0.18310546875,0.59814453125,-0.244140625,0.13427734375,-1.1474609375,0.3662109375,-1.1474609375,0.08544921875,-0.67138671875,-0.20751953125,-0.8544921875,-0.06103515625,-0.1708984375,-0.01220703125,-0.67138671875,-0.25634765625,-1.40380859375,-0.37841796875,-0.98876953125,-0.28076171875,0.45166015625,-0.01220703125,1.953125,-0.06103515625,1.416015625,0.10986328125,1.8798828125,-0.13427734375,1.42822265625,0.01220703125,0,-0.15869140625,0.91552734375,0.03662109375,-0.439453125,-0.37841796875,-0.42724609375
1,-0.42724609375,-0.3173828125,-0.244140625,-0.23193359375,0,-0.390625,-0.25634765625,0.03662109375,0.0732421875,-0.732421875,0.10986328125,-1.50146484375,-0.15869140625,-0.1220703125,-0.1953125,-0.81787109375,-0.03662109375,-0.37841796875,0.03662109375,-0.01220703125,-0.1953125,0.927734375,-0.03662109375,-0.48828125,-0.0244140625,-0.146484375,0.0732421875,-0.732421875,-0.048828125,0.96435546875,-0.2197265625,0.2685546875,0.25634765625,-0.18310546875,-0.0732421875,-0.86669921875,-0.146484375,-0.35400390625,0.15869140625,-0.68359375,-0.28076171875,-0.2197265625,-0.35400390625,-0.68359375,-0.10986328125,-0.42724609375,0.1220703125,0.390625,0.8056640625,2.11181640625,0.0732421875,0.48828125,0.390625,-0.146484375,0.0244140625,0.72021484375,0.01220703125,0.67138671875,0.15869140625,0.4638671875,-0.08544921875,0.5859375,0.1220703125,0.146484375,-0.5126953125,0.35400390625,0.341796875,1.08642578125,-0.048828125,0.1708984375,-0.0732421875,0.25634765625,-0.2197265625,0.32958984375,0.10986328125,0.830078125,0.08544921875,0.048828125,0.1220703125,1.3916015625,-0.10986328125,-0.9033203125,0.08544921875,-0.25634765625,-0.146484375,-0.96435546875,-0.1708984375,-0.72021484375,0.0244140625,-1.4404296875,0.048828125,-0.15869140625,0.4638671875,-0.28076171875,0.20751953125,-1.1474609375,0.30517578125,-1.4404296875,0.048828125,-0.7080078125,-0.18310546875,-0.9033203125,-0.146484375,-0.23193359375,0.09765625,-0.67138671875,-0.2197265625,-1.42822265625,-0.390625,-1.0009765625,-0.25634765625,0.45166015625,-0.0244140625,1.5869140625,-0.08544921875,0.98876953125,0.09765625,1.25732421875,-0.15869140625,1.0498046875,0,-0.01220703125,-0.146484375,0.9033203125,0.01220703125,-0.42724609375,-0.341796875,-0.439453125
1,-0.390625,-0.28076171875,-0.23193359375,-0.23193359375,0,-0.37841796875,-0.28076171875,-0.01220703125,0.08544921875,-0.72021484375,0.1220703125,-1.5380859375,-0.15869140625,-0.2197265625,-0.2197265625,-0.87890625,0.03662109375,-0.42724609375,0.13427734375,-0.01220703125,-0.1220703125,0.9033203125,0.146484375,-0.537109375,-0.09765625,-0.15869140625,0.0244140625,-0.74462890625,-0.06103515625,0.9765625,-0.3173828125,0.2685546875,0.3173828125,-0.18310546875,-0.13427734375,-0.8544921875,-0.13427734375,-0.35400390625,0.09765625,-0.69580078125,-0.2197265625,-0.2197265625,-0.390625,-0.68359375,-0.1953125,-0.439453125,0.09765625,0.37841796875,1.13525390625,2.2216796875,-0.01220703125,0.50048828125,0.47607421875,-0.1708984375,0.06103515625,0.732421875,0,0.6591796875,0.13427734375,0.47607421875,0,0.5615234375,0.18310546875,0.146484375,-0.48828125,0.3173828125,0.35400390625,1.07421875,-0.01220703125,0.13427734375,-0.08544921875,0.25634765625,-0.146484375,0.32958984375,0.10986328125,0.8544921875,0.08544921875,0.03662109375,0.15869140625,1.3916015625,-0.20751953125,-0.86669921875,0.048828125,-0.2685546875,-0.244140625,-0.9521484375,-0.18310546875,-0.732421875,0.0244140625,-1.47705078125,0.13427734375,-0.18310546875,0.3662109375,-0.2685546875,0.2197265625,-1.123046875,0.28076171875,-1.3427734375,0,-0.6591796875,-0.13427734375,-0.8544921875,-0.18310546875,-0.1953125,0.15869140625,-0.67138671875,-0.10986328125,-1.40380859375,-0.390625,-1.01318359375,-0.25634765625,0.45166015625,-0.03662109375,1.2939453125,-0.08544921875,0.68359375,0.1220703125,0.72021484375,-0.15869140625,0.74462890625,0.0244140625,-0.0244140625,-0.10986328125,0.89111328125,0,-0.4150390625,-0.30517578125,-0.42724609375
1,-0.37841796875,-0.28076171875,-0.20751953125,-0.244140625,0,-0.390625,-0.28076171875,-0.048828125,0.08544921875,-0.68359375,0.13427734375,-1.52587890625,-0.13427734375,-0.15869140625,-0.244140625,-0.86669921875,0.10986328125,-0.5126953125,0.15869140625,0.048828125,-0.0244140625,0.89111328125,0.25634765625,-0.57373046875,-0.1708984375,-0.15869140625,-0.01220703125,-0.72021484375,-0.1220703125,0.98876953125,-0.37841796875,0.23193359375,0.3173828125,-0.20751953125,-0.13427734375,-0.8544921875,-0.10986328125,-0.341796875,0.0732421875,-0.69580078125,-0.13427734375,-0.2197265625,-0.341796875,-0.68359375,-0.29296875,-0.45166015625,0.0732421875,0.40283203125,0.87890625,2.30712890625,-0.048828125,0.48828125,0.50048828125,-0.146484375,0.06103515625,0.7568359375,0.048828125,0.64697265625,0.146484375,0.4638671875,0.0732421875,0.54931640625,0.23193359375,0.15869140625,-0.341796875,0.30517578125,0.341796875,1.07421875,0.01220703125,0.146484375,-0.1220703125,0.25634765625,-0.0732421875,0.35400390625,0.146484375,0.8544921875,0.06103515625,0.03662109375,0.15869140625,1.3916015625,-0.2685546875,-0.86669921875,0,-0.29296875,-0.25634765625,-0.9765625,-0.18310546875,-0.732421875,0,-1.47705078125,0.15869140625,-0.1953125,0.28076171875,-0.2685546875,0.18310546875,-1.13525390625,0.29296875,-0.87890625,-0.09765625,-0.5615234375,-0.0732421875,-0.76904296875,-0.2197265625,-0.09765625,0.18310546875,-0.68359375,0.01220703125,-1.42822265625,-0.341796875,-1.0009765625,-0.28076171875,0.439453125,-0.03662109375,1.11083984375,-0.09765625,0.45166015625,0.10986328125,0.341796875,-0.1708984375,0.57373046875,0.048828125,-0.0244140625,-0.09765625,0.89111328125,-0.03662109375,-0.42724609375,-0.2685546875,-0.439453125
1,-0.390625,-0.28076171875,-0.244140625,-0.2685546875,-0.01220703125,-0.37841796875,-0.30517578125,-0.048828125,0.09765625,-0.5859375,0.13427734375,-1.46484375,-0.146484375,0.0732421875,-0.25634765625,-0.79345703125,0.15869140625,-0.52490234375,0.1953125,0.18310546875,0.0732421875,0.9033203125,0.32958984375,-0.54931640625,-0.25634765625,-0.146484375,-0.0732421875,-0.732421875,-0.23193359375,1.0009765625,-0.35400390625,0.2197265625,0.23193359375,-0.25634765625,-0.1220703125,-0.8544921875,-0.0732421875,-0.35400390625,0.01220703125,-0.69580078125,-0.0732421875,-0.23193359375,-0.244140625,-0.67138671875,-0.3662109375,-0.48828125,0.048828125,0.390625,0.98876953125,2.3681640625,-0.18310546875,0.5126953125,0.5126953125,-0.1220703125,-0.01220703125,0.7568359375,0.0732421875,0.67138671875,0.1708984375,0.47607421875,0.2685546875,0.5615234375,0.1953125,0.1708984375,-0.23193359375,0.29296875,0.30517578125,1.07421875,0.048828125,0.13427734375,-0.15869140625,0.244140625,0.01220703125,0.3662109375,0.1708984375,0.830078125,0.048828125,0.03662109375,0.15869140625,1.40380859375,-0.30517578125,-0.87890625,-0.06103515625,-0.30517578125,-0.23193359375,-0.9765625,-0.15869140625,-0.7568359375,0,-1.47705078125,0.13427734375,-0.20751953125,0.28076171875,-0.28076171875,0.0732421875,-1.11083984375,0.35400390625,-0.10986328125,-0.1708984375,-0.3662109375,-0.01220703125,-0.6103515625,-0.25634765625,0.09765625,0.15869140625,-0.68359375,0.13427734375,-1.416015625,-0.28076171875,-1.01318359375,-0.30517578125,0.42724609375,-0.0732421875,1.07421875,-0.13427734375,0.4150390625,0.03662109375,0.1953125,-0.1953125,0.52490234375,0.0732421875,0,-0.09765625,0.89111328125,-0.048828125,-0.4150390625,-0.25634765625,-0.4638671875
1,-0.42724609375,-0.30517578125,-0.25634765625,-0.30517578125,-0.01220703125,-0.390625,-0.32958984375,-0.06103515625,0.09765625,-0.48828125,0.146484375,-1.3916015625,-0.1220703125,0.37841796875,-0.244140625,-0.69580078125,0.23193359375,-0.48828125,0.2197265625,0.45166015625,0.15869140625,0.93994140625,0.29296875,-0.5126953125,-0.30517578125,-0.146484375,-0.09765625,-0.72021484375,-0.30517578125,1.0009765625,-0.2685546875,0.23193359375,0.08544921875,-0.3173828125,-0.09765625,-0.8544921875,-0.01220703125,-0.40283203125,0.03662109375,-0.72021484375,0,-0.23193359375,-0.146484375,-0.67138671875,-0.37841796875,-0.47607421875,0.0732421875,0.390625,1.0009765625,2.392578125,-0.25634765625,0.54931640625,0.45166015625,-0.10986328125,-0.1220703125,0.78125,0.146484375,0.69580078125,0.20751953125,0.47607421875,0.42724609375,0.5615234375,0.1953125,0.18310546875,-0.0732421875,0.28076171875,0.28076171875,1.07421875,0.0732421875,0.1708984375,-0.1708984375,0.244140625,0.09765625,0.35400390625,0.1953125,0.81787109375,0.0732421875,0.0244140625,0.0732421875,1.3916015625,-0.29296875,-0.87890625,-0.1220703125,-0.30517578125,-0.1708984375,-0.98876953125,-0.1220703125,-0.76904296875,0.01220703125,-1.50146484375,0.048828125,-0.23193359375,0.29296875,-0.25634765625,-0.1220703125,-1.11083984375,0.25634765625,0.87890625,-0.20751953125,-0.1220703125,0.048828125,-0.4150390625,-0.2197265625,0.32958984375,0.0732421875,-0.69580078125,0.244140625,-1.42822265625,-0.1953125,-1.025390625,-0.32958984375,0.42724609375,-0.0732421875,1.220703125,-0.146484375,0.57373046875,0.0732421875,0.37841796875,-0.2197265625,0.7080078125,0.10986328125,0,-0.08544921875,0.87890625,-0.0732421875,-0.42724609375,-0.2685546875,-0.4638671875
1,-0.390625,-0.32958984375,-0.28076171875,-0.3173828125,-0.0244140625,-0.40283203125,-0.32958984375,-0.03662109375,0.09765625,-0.40283203125,0.13427734375,-1.2939453125,-0.1220703125,0.68359375,-0.2685546875,-0.57373046875,0.2197265625,-0.341796875,0.10986328125,0.84228515625,0.23193359375,1.03759765625,0.2197265625,-0.40283203125,-0.35400390625,-0.146484375,-0.1220703125,-0.74462890625,-0.341796875,0.9765625,-0.13427734375,0.2197265625,-0.06103515625,-0.35400390625,-0.0244140625,-0.8544921875,0.03662109375,-0.42724609375,0.0732421875,-0.732421875,0.0244140625,-0.244140625,-0.0244140625,-0.6591796875,-0.35400390625,-0.50048828125,0.0244140625,0.40283203125,0.91552734375,2.40478515625,-0.3173828125,0.5615234375,0.37841796875,-0.09765625,-0.244140625,0.76904296875,0.1708984375,0.69580078125,0.2685546875,0.48828125,0.42724609375,0.5615234375,0.146484375,0.18310546875,0.08544921875,0.29296875,0.25634765625,1.08642578125,0.09765625,0.20751953125,-0.1708984375,0.23193359375,0.1220703125,0.37841796875,0.23193359375,0.8056640625,0.09765625,0.048828125,-0.0244140625,1.416015625,-0.244140625,-0.9033203125,-0.18310546875,-0.3173828125,-0.13427734375,-1.0009765625,-0.06103515625,-0.7568359375,0,-1.513671875,-0.06103515625,-0.2197265625,0.32958984375,-0.23193359375,-0.3173828125,-1.0986328125,0.0732421875,1.98974609375,-0.2197265625,0.1220703125,0.06103515625,-0.1708984375,-0.18310546875,0.59814453125,0.0244140625,-0.7080078125,0.25634765625,-1.4404296875,-0.13427734375,-1.025390625,-0.32958984375,0.4150390625,-0.06103515625,1.59912109375,-0.146484375,0.9765625,0.06103515625,0.9033203125,-0.2197265625,1.08642578125,0.1220703125,-0.01220703125,-0.048828125,0.91552734375,-0.08544921875,-0.4150390625,-0.28076171875,-0.4638671875
1,-0.390625,-0.341796875,-0.29296875,-0.341796875,-0.0244140625,-0.4150390625,-0.341796875,-0.048828125,0.0732421875,-0.341796875,0.15869140625,-1.1962890625,-0.146484375,0.96435546875,-0.25634765625,-0.45166015625,0.25634765625,-0.1220703125,0.146484375,1.3916015625,0.244140625,1.220703125,0.10986328125,-0.2197265625,-0.3662109375,-0.13427734375,-0.146484375,-0.74462890625,-0.32958984375,0.9765625,0,0.2197265625,-0.15869140625,-0.37841796875,0.048828125,-0.87890625,0.0732421875,-0.45166015625,0.08544921875,-0.732421875,0.03662109375,-0.244140625,0.03662109375,-0.68359375,-0.341796875,-0.4638671875,0.0244140625,0.40283203125,0.91552734375,2.40478515625,-0.3662109375,0.54931640625,0.341796875,-0.06103515625,-0.3173828125,0.7568359375,0.15869140625,0.68359375,0.29296875,0.47607421875,0.42724609375,0.5615234375,0.146484375,0.18310546875,0.1708984375,0.30517578125,0.23193359375,1.07421875,0.10986328125,0.244140625,-0.1708984375,0.20751953125,0.1220703125,0.3662109375,0.2685546875,0.8056640625,0.10986328125,0.03662109375,-0.146484375,1.40380859375,-0.1953125,-0.927734375,-0.23193359375,-0.3173828125,-0.09765625,-0.98876953125,0,-0.79345703125,0.01220703125,-1.5380859375,-0.1708984375,-0.25634765625,0.32958984375,-0.25634765625,-0.50048828125,-1.11083984375,-0.0244140625,3.076171875,-0.15869140625,0.390625,0.0732421875,0.03662109375,-0.09765625,0.86669921875,0,-0.7080078125,0.2197265625,-1.4404296875,-0.06103515625,-1.025390625,-0.3173828125,0.42724609375,-0.08544921875,2.1484375,-0.1708984375,1.5625,-0.03662109375,1.74560546875,-0.23193359375,1.64794921875,0.13427734375,0.01220703125,-0.03662109375,0.927734375,-0.08544921875,-0.439453125,-0.2685546875,-0.45166015625
1,-0.390625,-0.35400390625,-0.3173828125,-0.3662109375,-0.01220703125,-0.4150390625,-0.32958984375,0,0.06103515625,-0.3173828125,0.146484375,-1.1474609375,-0.0732421875,1.1474609375,-0.23193359375,-0.390625,0.244140625,0.18310546875,0.1220703125,2.06298828125,0.20751953125,1.416015625,0.03662109375,0,-0.35400390625,-0.13427734375,-0.1708984375,-0.76904296875,-0.29296875,0.9765625,0.08544921875,0.20751953125,-0.2197265625,-0.3662109375,0.1220703125,-0.87890625,0.0732421875,-0.4638671875,0.1220703125,-0.732421875,0.048828125,-0.23193359375,0.08544921875,-0.68359375,-0.341796875,-0.4638671875,0.01220703125,0.40283203125,0.927734375,2.38037109375,-0.30517578125,0.52490234375,0.1953125,-0.03662109375,-0.3173828125,0.74462890625,0.13427734375,0.69580078125,0.3173828125,0.50048828125,0.341796875,0.5615234375,0.13427734375,0.18310546875,0.20751953125,0.30517578125,0.2685546875,1.07421875,0.1220703125,0.28076171875,-0.1220703125,0.23193359375,0.10986328125,0.35400390625,0.25634765625,0.830078125,0.146484375,0.0244140625,-0.2197265625,1.416015625,-0.13427734375,-0.93994140625,-0.23193359375,-0.30517578125,-0.08544921875,-0.9765625,0.048828125,-0.76904296875,0,-1.5380859375,-0.25634765625,-0.25634765625,0.2685546875,-0.23193359375,-0.5615234375,-1.123046875,-0.146484375,4.06494140625,-0.1220703125,0.634765625,0.01220703125,0.25634765625,-0.048828125,1.13525390625,0.0244140625,-0.72021484375,0.146484375,-1.416015625,-0.0732421875,-1.0009765625,-0.28076171875,0.4150390625,-0.10986328125,2.83203125,-0.18310546875,2.294921875,-0.10986328125,2.81982421875,-0.28076171875,2.34375,0.13427734375,0.01220703125,-0.0244140625,0.9521484375,-0.10986328125,-0.42724609375,-0.2685546875,-0.439453125
1,-0.35400390625,-0.35400390625,-0.3173828125,-0.37841796875,0.01220703125,-0.4150390625,-0.32958984375,0,0.0732421875,-0.341796875,0.13427734375,-1.123046875,-0.1220703125,1.1962890625,-0.23193359375,-0.3662109375,0.23193359375,0.5615234375,-0.0732421875,2.81982421875,0.13427734375,1.67236328125,-0.0244140625,0.29296875,-0.29296875,-0.146484375,-0.2197265625,-0.76904296875,-0.1953125,0.98876953125,0.10986328125,0.2197265625,-0.146484375,-0.3662109375,0.15869140625,-0.89111328125,0.048828125,-0.50048828125,0.1708984375,-0.72021484375,0.06103515625,-0.25634765625,0.08544921875,-0.69580078125,-0.244140625,-0.45166015625,0.048828125,0.390625,0.8544921875,2.38037109375,-0.2685546875,0.52490234375,0.08544921875,0.01220703125,-0.35400390625,0.7568359375,0.10986328125,0.68359375,0.35400390625,0.47607421875,0.23193359375,0.57373046875,0.10986328125,0.18310546875,0.2685546875,0.28076171875,0.23193359375,1.06201171875,0.146484375,0.29296875,-0.0732421875,0.244140625,0.1220703125,0.35400390625,0.25634765625,0.8056640625,0.1220703125,0.048828125,-0.25634765625,1.3916015625,-0.1220703125,-0.93994140625,-0.1953125,-0.30517578125,-0.0244140625,-0.9765625,0.08544921875,-0.78125,-0.0244140625,-1.513671875,-0.3173828125,-0.2685546875,0.18310546875,-0.2197265625,-0.54931640625,-1.13525390625,-0.29296875,4.84619140625,-0.146484375,0.830078125,-0.0244140625,0.42724609375,0.01220703125,1.35498046875,0.048828125,-0.72021484375,0.03662109375,-1.42822265625,-0.0732421875,-1.01318359375,-0.1953125,0.439453125,-0.10986328125,3.5888671875,-0.20751953125,3.1005859375,-0.06103515625,4.00390625,-0.29296875,3.125,0.1220703125,-0.0244140625,0,0.93994140625,-0.09765625,-0.439453125,-0.23193359375,-0.42724609375
0,-0.3173828125,-0.341796875,-0.30517578125,-0.35400390625,0,-0.42724609375,-0.29296875,0.0244140625,0.06103515625,-0.37841796875,0.13427734375,-1.15966796875,-0.13427734375,1.11083984375,-0.23193359375,-0.390625,0.2197265625,1.0009765625,-0.13427734375,3.57666015625,0.01220703125,1.91650390625,-0.1220703125,0.59814453125,-0.23193359375,-0.15869140625,-0.244140625,-0.79345703125,-0.10986328125,0.9765625,0.06103515625,0.25634765625,-0.048828125,-0.32958984375,0.20751953125,-0.89111328125,0.03662109375,-0.48828125,0.20751953125,-0.72021484375,0.1220703125,-0.2685546875,0.03662109375,-0.7080078125,-0.1708984375,-0.4150390625,0.08544921875,0.37841796875,0.91552734375,2.392578125,-0.2685546875,0.5126953125,0.0244140625,0.03662109375,-0.35400390625,0.732421875,0.10986328125,0.68359375,0.32958984375,0.47607421875,0.03662109375,0.57373046875,0.08544921875,0.15869140625,0.2685546875,0.25634765625,0.18310546875,1.06201171875,0.10986328125,0.30517578125,-0.048828125,0.244140625,0.1220703125,0.3173828125,0.28076171875,0.8056640625,0.10986328125,0.03662109375,-0.32958984375,1.37939453125,-0.146484375,-0.96435546875,-0.13427734375,-0.29296875,-0.01220703125,-0.9765625,0.1220703125,-0.78125,-0.048828125,-1.513671875,-0.3173828125,-0.28076171875,0.08544921875,-0.2197265625,-0.4150390625,-1.13525390625,-0.25634765625,5.3955078125,-0.1708984375,1.01318359375,-0.0732421875,0.52490234375,0.08544921875,1.513671875,0.048828125,-0.7080078125,-0.09765625,-1.4404296875,-0.1220703125,-0.98876953125,-0.09765625,0.45166015625,-0.10986328125,4.35791015625,-0.2197265625,3.89404296875,0.01220703125,5.17578125,-0.3173828125,3.89404296875,0.09765625,-0.03662109375,0,0.927734375,-0.146484375,-0.439453125,-0.2197265625,-0.4150390625
0,-0.3173828125,-0.28076171875,-0.30517578125,-0.32958984375,-0.0244140625,-0.390625,-0.244140625,0.0244140625,0.0732421875,-0.4638671875,0.15869140625,-1.220703125,-0.1708984375,0.93994140625,-0.244140625,-0.4638671875,0.20751953125,1.40380859375,-0.15869140625,4.3212890625,-0.13427734375,2.18505859375,-0.18310546875,0.9033203125,-0.10986328125,-0.15869140625,-0.2197265625,-0.78125,0.06103515625,0.9521484375,-0.048828125,0.244140625,0.08544921875,-0.2685546875,0.2197265625,-0.89111328125,0,-0.45166015625,0.30517578125,-0.69580078125,0.18310546875,-0.23193359375,0,-0.732421875,-0.2197265625,-0.4150390625,0.09765625,0.37841796875,1.0498046875,2.40478515625,-0.1953125,0.48828125,-0.03662109375,0.048828125,-0.3173828125,0.74462890625,0.08544921875,0.67138671875,0.29296875,0.4638671875,-0.1220703125,0.5615234375,-0.01220703125,0.1708984375,0.29296875,0.20751953125,0.18310546875,1.06201171875,0.09765625,0.3173828125,0.0244140625,0.23193359375,0.09765625,0.28076171875,0.20751953125,0.86669921875,0.10986328125,0.03662109375,-0.390625,1.3671875,-0.146484375,-0.9521484375,-0.03662109375,-0.29296875,-0.01220703125,-0.96435546875,0.146484375,-0.76904296875,-0.1220703125,-1.50146484375,-0.28076171875,-0.28076171875,-0.0244140625,-0.2197265625,-0.2197265625,-1.1474609375,-0.23193359375,5.6640625,-0.2197265625,1.123046875,-0.06103515625,0.5859375,0.13427734375,1.611328125,0,-0.72021484375,-0.2197265625,-1.416015625,-0.15869140625,-1.0009765625,-0.01220703125,0.439453125,-0.146484375,5.0537109375,-0.23193359375,4.5654296875,-0.0244140625,6.21337890625,-0.32958984375,4.52880859375,0.08544921875,-0.048828125,0.01220703125,0.927734375,-0.146484375,-0.42724609375,-0.20751953125,-0.42724609375
0,-0.28076171875,-0.28076171875,-0.3173828125,-0.3173828125,-0.03662109375,-0.390625,-0.244140625,0.0244140625,0.01220703125,-0.5126953125,0.1220703125,-1.2939453125,-0.18310546875,0.72021484375,-0.2685546875,-0.5615234375,0.20751953125,1.806640625,-0.15869140625,4.96826171875,-0.25634765625,2.40478515625,-0.244140625,1.1474609375,-0.06103515625,-0.146484375,-0.18310546875,-0.7568359375,0.1708984375,0.9521484375,-0.146484375,0.244140625,0.1708984375,-0.244140625,0.1708984375,-0.87890625,-0.06103515625,-0.42724609375,0.32958984375,-0.68359375,0.2197265625,-0.2197265625,-0.08544921875,-0.7080078125,-0.23193359375,-0.390625,0.09765625,0.390625,0.93994140625,2.44140625,-0.146484375,0.50048828125,0,0.06103515625,-0.25634765625,0.74462890625,0.048828125,0.67138671875,0.244140625,0.4638671875,-0.2197265625,0.54931640625,-0.01220703125,0.15869140625,0.2685546875,0.18310546875,0.09765625,1.07421875,0.09765625,0.30517578125,0.048828125,0.23193359375,0.10986328125,0.28076171875,0.15869140625,0.8544921875,0.0732421875,0.048828125,-0.390625,1.35498046875,-0.1708984375,-0.9521484375,0.08544921875,-0.28076171875,0,-0.9521484375,0.1708984375,-0.76904296875,-0.13427734375,-1.50146484375,-0.244140625,-0.29296875,-0.03662109375,-0.25634765625,-0.0244140625,-1.15966796875,-0.146484375,5.7373046875,-0.25634765625,1.15966796875,-0.06103515625,0.62255859375,0.13427734375,1.64794921875,-0.10986328125,-0.69580078125,-0.29296875,-1.42822265625,-0.1708984375,-0.9765625,0.048828125,0.45166015625,-0.13427734375,5.5908203125,-0.1708984375,5.11474609375,-0.03662109375,6.99462890625,-0.30517578125,5.01708984375,0.0732421875,-0.03662109375,0,0.9033203125,-0.146484375,-0.439453125,-0.18310546875,-0.42724609375
0,-0.29296875,-0.2685546875,-0.29296875,-0.28076171875,-0.048828125,-0.390625,-0.23193359375,0.01220703125,0.01220703125,-0.537109375,0.15869140625,-1.37939453125,-0.13427734375,0.47607421875,-0.25634765625,-0.634765625,0.1953125,2.06298828125,-0.28076171875,5.46875,-0.35400390625,2.5634765625,-0.28076171875,1.35498046875,-0.03662109375,-0.15869140625,-0.09765625,-0.74462890625,0.23193359375,0.96435546875,-0.20751953125,0.23193359375,0.2197265625,-0.2197265625,0.1708984375,-0.8544921875,-0.09765625,-0.40283203125,0.3173828125,-0.7080078125,0.2197265625,-0.20751953125,-0.146484375,-0.732421875,-0.28076171875,-0.42724609375,0.09765625,0.37841796875,0.9033203125,2.50244140625,-0.048828125,0.5126953125,0.03662109375,0.03662109375,-0.1953125,0.74462890625,0.01220703125,0.64697265625,0.20751953125,0.48828125,-0.390625,0.54931640625,-0.0732421875,0.15869140625,0.2197265625,0.146484375,0.03662109375,1.0498046875,0.0732421875,0.28076171875,0.06103515625,0.23193359375,0.09765625,0.29296875,0.06103515625,0.86669921875,0.09765625,0.06103515625,-0.40283203125,1.35498046875,-0.20751953125,-0.9521484375,0.1708984375,-0.28076171875,0,-0.927734375,0.15869140625,-0.76904296875,-0.15869140625,-1.47705078125,-0.1953125,-0.30517578125,-0.0244140625,-0.2685546875,0.15869140625,-1.15966796875,-0.06103515625,5.5908203125,-0.20751953125,1.171875,-0.048828125,0.59814453125,0.1220703125,1.6357421875,-0.1708984375,-0.69580078125,-0.2685546875,-1.42822265625,-0.1708984375,-0.9765625,0.0732421875,0.439453125,-0.13427734375,5.8837890625,-0.18310546875,5.40771484375,-0.09765625,7.421875,-0.30517578125,5.28564453125,0.0732421875,-0.0244140625,-0.0244140625,0.89111328125,-0.15869140625,-0.4150390625,-0.146484375,-0.4150390625
0,-0.25634765625,-0.244140625,-0.30517578125,-0.25634765625,-0.03662109375,-0.37841796875,-0.2197265625,-0.01220703125,-0.01220703125,-0.54931640625,0.146484375,-1.40380859375,-0.146484375,0.28076171875,-0.25634765625,-0.67138671875,0.18310546875,2.24609375,-0.25634765625,5.810546875,-0.4150390625,2.6611328125,-0.341796875,1.47705078125,-0.06103515625,-0.1708984375,0.0244140625,-0.7568359375,0.25634765625,0.9521484375,-0.244140625,0.244140625,0.2197265625,-0.2197265625,0.15869140625,-0.830078125,-0.1708984375,-0.35400390625,0.3173828125,-0.69580078125,0.1708984375,-0.2197265625,-0.15869140625,-0.72021484375,-0.32958984375,-0.42724609375,0.09765625,0.37841796875,0.9033203125,2.57568359375,-0.03662109375,0.50048828125,0.0732421875,0.01220703125,-0.18310546875,0.7568359375,-0.03662109375,0.64697265625,0.18310546875,0.4638671875,-0.45166015625,0.5126953125,-0.0732421875,0.146484375,0.23193359375,0.13427734375,-0.03662109375,1.06201171875,0.06103515625,0.244140625,0.048828125,0.244140625,0.0732421875,0.30517578125,-0.01220703125,0.86669921875,0.0732421875,0.048828125,-0.37841796875,1.3671875,-0.244140625,-0.93994140625,0.23193359375,-0.25634765625,-0.0244140625,-0.927734375,0.13427734375,-0.7568359375,-0.1953125,-1.47705078125,-0.13427734375,-0.28076171875,0.08544921875,-0.28076171875,0.244140625,-1.171875,0.01220703125,5.31005859375,-0.1953125,1.0986328125,-0.0244140625,0.52490234375,0.06103515625,1.55029296875,-0.25634765625,-0.68359375,-0.2197265625,-1.4404296875,-0.1953125,-1.01318359375,0.0732421875,0.439453125,-0.146484375,5.94482421875,-0.13427734375,5.45654296875,-0.13427734375,7.4951171875,-0.30517578125,5.2978515625,0.06103515625,-0.01220703125,-0.03662109375,0.8544921875,-0.13427734375,-0.439453125,-0.1220703125,-0.42724609375
0,-0.25634765625,-0.25634765625,-0.3173828125,-0.25634765625,-0.0244140625,-0.35400390625,-0.2197265625,-0.01220703125,-0.048828125,-0.537109375,0.10986328125,-1.416015625,-0.15869140625,0.23193359375,-0.30517578125,-0.67138671875,0.146484375,2.30712890625,-0.2197265625,5.9814453125,-0.42724609375,2.69775390625,-0.3173828125,1.55029296875,-0.10986328125,-0.1708984375,0.1220703125,-0.72021484375,0.1953125,0.9521484375,-0.2197265625,0.244140625,0.1708984375,-0.23193359375,0.1953125,-0.81787109375,-0.23193359375,-0.341796875,0.29296875,-0.7080078125,0.0732421875,-0.20751953125,-0.146484375,-0.7080078125,-0.40283203125,-0.439453125,0.1220703125,0.37841796875,0.87890625,2.6123046875,-0.06103515625,0.5126953125,0.146484375,-0.048828125,-0.146484375,0.74462890625,-0.08544921875,0.64697265625,0.15869140625,0.4638671875,-0.439453125,0.5126953125,-0.0244140625,0.18310546875,0.10986328125,0.18310546875,-0.146484375,1.0498046875,0.01220703125,0.244140625,0.048828125,0.23193359375,0.03662109375,0.32958984375,-0.0244140625,0.86669921875,0.06103515625,0.048828125,-0.341796875,1.37939453125,-0.2197265625,-0.927734375,0.244140625,-0.25634765625,-0.06103515625,-0.927734375,0.08544921875,-0.7568359375,-0.146484375,-1.50146484375,-0.10986328125,-0.2685546875,0.244140625,-0.29296875,0.2197265625,-1.15966796875,0.06103515625,4.8828125,-0.15869140625,0.96435546875,-0.01220703125,0.439453125,-0.01220703125,1.4404296875,-0.3173828125,-0.68359375,-0.13427734375,-1.46484375,-0.244140625,-1.0009765625,0.03662109375,0.42724609375,-0.13427734375,5.76171875,-0.1220703125,5.2734375,-0.13427734375,7.21435546875,-0.30517578125,5.078125,0.06103515625,0.0244140625,-0.048828125,0.830078125,-0.1220703125,-0.4638671875,-0.1220703125,-0.42724609375
0,-0.25634765625,-0.25634765625,-0.3173828125,-0.2685546875,-0.0244140625,-0.3662109375,-0.2197265625,-0.0244140625,-0.01220703125,-0.50048828125,0.15869140625,-1.37939453125,-0.13427734375,0.244140625,-0.28076171875,-0.6591796875,0.10986328125,2.2705078125,-0.1220703125,6.01806640625,-0.35400390625,2.69775390625,-0.28076171875,1.52587890625,-0.13427734375,-0.15869140625,0.18310546875,-0.72021484375,0.09765625,0.96435546875,-0.1953125,0.244140625,0.1220703125,-0.25634765625,0.2197265625,-0.830078125,-0.25634765625,-0.32958984375,0.244140625,-0.69580078125,-0.08544921875,-0.1953125,-0.08544921875,-0.7080078125,-0.4638671875,-0.4638671875,0.08544921875,0.37841796875,1.20849609375,2.63671875,-0.10986328125,0.537109375,0.18310546875,-0.0732421875,-0.10986328125,0.7568359375,-0.08544921875,0.6591796875,0.15869140625,0.4638671875,-0.390625,0.5126953125,0.0244140625,0.18310546875,0.0244140625,0.2197265625,-0.1708984375,1.08642578125,-0.0244140625,0.25634765625,-0.01220703125,0.244140625,-0.0244140625,0.35400390625,-0.09765625,0.87890625,0.048828125,0.048828125,-0.3173828125,1.3916015625,-0.18310546875,-0.93994140625,0.2197265625,-0.28076171875,-0.06103515625,-0.927734375,0.03662109375,-0.74462890625,-0.08544921875,-1.50146484375,-0.09765625,-0.28076171875,0.40283203125,-0.29296875,0.15869140625,-1.1474609375,0.146484375,4.35791015625,-0.146484375,0.81787109375,-0.03662109375,0.3173828125,-0.0732421875,1.2939453125,-0.3173828125,-0.68359375,-0.048828125,-1.45263671875,-0.25634765625,-1.025390625,0,0.4150390625,-0.13427734375,5.31005859375,-0.10986328125,4.87060546875,-0.15869140625,6.65283203125,-0.29296875,4.6630859375,0.1220703125,0.0244140625,-0.10986328125,0.8056640625,-0.08544921875,-0.45166015625,-0.13427734375,-0.45166015625
0,-0.25634765625,-0.30517578125,-0.341796875,-0.2685546875,-0.048828125,-0.390625,-0.20751953125,-0.03662109375,-0.0244140625,-0.45166015625,0.10986328125,-1.33056640625,-0.15869140625,0.37841796875,-0.29296875,-0.5859375,0.09765625,2.1728515625,-0.08544921875,5.92041015625,-0.2197265625,2.64892578125,-0.23193359375,1.4404296875,-0.1708984375,-0.18310546875,0.20751953125,-0.74462890625,0.0244140625,0.93994140625,-0.15869140625,0.244140625,0.03662109375,-0.2685546875,0.2685546875,-0.81787109375,-0.29296875,-0.341796875,0.1953125,-0.72021484375,-0.244140625,-0.18310546875,-0.06103515625,-0.69580078125,-0.57373046875,-0.4638671875,-0.01220703125,0.37841796875,1.2451171875,2.64892578125,-0.1953125,0.5615234375,0.2197265625,-0.146484375,-0.1220703125,0.76904296875,-0.10986328125,0.67138671875,0.20751953125,0.4638671875,-0.20751953125,0.537109375,0.048828125,0.18310546875,-0.09765625,0.2685546875,-0.23193359375,1.08642578125,-0.06103515625,0.244140625,-0.0244140625,0.244140625,-0.0244140625,0.35400390625,-0.06103515625,0.86669921875,0.0732421875,0.048828125,-0.3173828125,1.40380859375,-0.13427734375,-0.927734375,0.09765625,-0.29296875,-0.048828125,-0.9765625,-0.0244140625,-0.74462890625,0,-1.513671875,-0.1220703125,-0.25634765625,0.5859375,-0.30517578125,0.03662109375,-1.1474609375,0.20751953125,3.759765625,-0.10986328125,0.62255859375,-0.0732421875,0.15869140625,-0.1708984375,1.11083984375,-0.29296875,-0.68359375,0,-1.46484375,-0.30517578125,-1.01318359375,-0.08544921875,0.4150390625,-0.1220703125,4.6875,-0.13427734375,4.296875,-0.146484375,5.8349609375,-0.30517578125,4.0771484375,0.1220703125,0.03662109375,-0.10986328125,0.78125,-0.06103515625,-0.45166015625,-0.15869140625,-0.45166015625
0,-0.28076171875,-0.35400390625,-0.3173828125,-0.28076171875,-0.0244140625,-0.40283203125,-0.2197265625,-0.06103515625,-0.0244140625,-0.3662109375,0.10986328125,-1.25732421875,-0.15869140625,0.5615234375,-0.29296875,-0.5126953125,0.1220703125,2.0263671875,-0.08544921875,5.712890625,-0.048828125,2.57568359375,-0.1708984375,1.35498046875,-0.1953125,-0.15869140625,0.1708984375,-0.7568359375,-0.048828125,0.9521484375,-0.15869140625,0.23193359375,-0.01220703125,-0.29296875,0.25634765625,-0.8056640625,-0.30517578125,-0.3662109375,0.1708984375,-0.72021484375,-0.341796875,-0.1953125,-0.06103515625,-0.69580078125,-0.67138671875,-0.47607421875,0.10986328125,0.40283203125,1.11083984375,2.60009765625,-0.28076171875,0.54931640625,0.1953125,-0.18310546875,-0.15869140625,0.76904296875,-0.146484375,0.67138671875,0.2685546875,0.4638671875,-0.10986328125,0.537109375,0.1220703125,0.18310546875,-0.20751953125,0.30517578125,-0.2197265625,1.08642578125,-0.1220703125,0.244140625,-0.0732421875,0.244140625,-0.10986328125,0.390625,-0.048828125,0.86669921875,0.1220703125,0.03662109375,-0.35400390625,1.42822265625,-0.0732421875,-0.91552734375,0,-0.30517578125,-0.08544921875,-0.96435546875,-0.09765625,-0.74462890625,0.09765625,-1.52587890625,-0.15869140625,-0.244140625,0.68359375,-0.30517578125,-0.08544921875,-1.1474609375,0.20751953125,3.08837890625,0.0244140625,0.37841796875,-0.1220703125,-0.01220703125,-0.1953125,0.91552734375,-0.2197265625,-0.68359375,0.03662109375,-1.45263671875,-0.32958984375,-1.03759765625,-0.13427734375,0.4150390625,-0.10986328125,3.9794921875,-0.146484375,3.64990234375,-0.15869140625,4.931640625,-0.30517578125,3.41796875,0.10986328125,0.0244140625,-0.09765625,0.79345703125,-0.0244140625,-0.4638671875,-0.18310546875,-0.4638671875
0,-0.2685546875,-0.37841796875,-0.3173828125,-0.29296875,-0.01220703125,-0.4150390625,-0.2197265625,-0.048828125,0.01220703125,-0.29296875,0.13427734375,-1.18408203125,-0.146484375,0.79345703125,-0.28076171875,-0.45166015625,0.1708984375,1.8798828125,-0.06103515625,5.4443359375,0.09765625,2.490234375,-0.10986328125,1.23291015625,-0.2197265625,-0.18310546875,0.0732421875,-0.74462890625,-0.15869140625,0.9521484375,-0.1953125,0.25634765625,-0.048828125,-0.30517578125,0.23193359375,-0.84228515625,-0.29296875,-0.390625,0.10986328125,-0.72021484375,-0.341796875,-0.1953125,-0.10986328125,-0.68359375,-0.69580078125,-0.4638671875,0,0.390625,1.28173828125,2.52685546875,-0.390625,0.5615234375,0.146484375,-0.2197265625,-0.244140625,0.7568359375,-0.18310546875,0.68359375,0.3173828125,0.47607421875,0.0244140625,0.54931640625,0.2197265625,0.1708984375,-0.29296875,0.32958984375,-0.1953125,1.08642578125,-0.1220703125,0.244140625,-0.1220703125,0.25634765625,-0.15869140625,0.3662109375,-0.08544921875,0.87890625,0.1708984375,0.03662109375,-0.3662109375,1.4404296875,-0.0732421875,-0.91552734375,-0.10986328125,-0.29296875,-0.10986328125,-0.96435546875,-0.13427734375,-0.732421875,0.1708984375,-1.5380859375,-0.1953125,-0.244140625,0.68359375,-0.29296875,-0.15869140625,-1.11083984375,0.15869140625,2.42919921875,0.15869140625,0.146484375,-0.1708984375,-0.15869140625,-0.18310546875,0.72021484375,-0.09765625,-0.67138671875,0.0244140625,-1.45263671875,-0.341796875,-1.025390625,-0.18310546875,0.4150390625,-0.08544921875,3.2470703125,-0.15869140625,2.99072265625,-0.15869140625,3.99169921875,-0.30517578125,2.74658203125,0.10986328125,0.0244140625,-0.09765625,0.79345703125,-0.0244140625,-0.47607421875,-0.2197265625,-0.45166015625
0,-0.25634765625,-0.40283203125,-0.35400390625,-0.2685546875,-0.01220703125,-0.42724609375,-0.2197265625,-0.048828125,-0.0244140625,-0.20751953125,0.10986328125,-1.0986328125,-0.15869140625,0.96435546875,-0.29296875,-0.32958984375,0.23193359375,1.72119140625,-0.03662109375,5.18798828125,0.20751953125,2.4169921875,-0.048828125,1.123046875,-0.1953125,-0.18310546875,-0.01220703125,-0.74462890625,-0.1708984375,0.91552734375,-0.2197265625,0.2685546875,-0.09765625,-0.30517578125,0.1708984375,-0.830078125,-0.28076171875,-0.40283203125,0.0732421875,-0.7080078125,-0.2685546875,-0.20751953125,-0.15869140625,-0.69580078125,-0.7568359375,-0.439453125,-0.0244140625,0.37841796875,1.1474609375,2.40478515625,-0.4638671875,0.52490234375,0.10986328125,-0.20751953125,-0.30517578125,0.76904296875,-0.2197265625,0.69580078125,0.40283203125,0.48828125,0.2197265625,0.57373046875,0.3173828125,0.1708984375,-0.439453125,0.35400390625,-0.18310546875,1.08642578125,-0.1220703125,0.25634765625,-0.1708984375,0.2685546875,-0.1708984375,0.35400390625,-0.03662109375,0.9033203125,0.244140625,0.0244140625,-0.40283203125,1.42822265625,-0.06103515625,-0.927734375,-0.2197265625,-0.29296875,-0.13427734375,-0.96435546875,-0.1220703125,-0.74462890625,0.2197265625,-1.513671875,-0.1708984375,-0.20751953125,0.62255859375,-0.2685546875,-0.18310546875,-1.13525390625,0.048828125,1.72119140625,0.2685546875,-0.1220703125,-0.1953125,-0.32958984375,-0.1708984375,0.48828125,0,-0.72021484375,-0.01220703125,-1.45263671875,-0.37841796875,-1.025390625,-0.20751953125,0.42724609375,-0.09765625,2.5390625,-0.15869140625,2.33154296875,-0.15869140625,3.1005859375,-0.29296875,2.1484375,0.10986328125,0.01220703125,-0.0732421875,0.8056640625,0.01220703125,-0.4638671875,-0.25634765625,-0.48828125
0,-0.244140625,-0.40283203125,-0.341796875,-0.23193359375,-0.0244140625,-0.40283203125,-0.23193359375,-0.01220703125,-0.0244140625,-0.1708984375,0.1220703125,-1.03759765625,-0.1220703125,1.0986328125,-0.30517578125,-0.28076171875,0.30517578125,1.5869140625,-0.0244140625,4.91943359375,0.30517578125,2.34375,0.0244140625,1.01318359375,-0.1708984375,-0.1708984375,-0.1220703125,-0.7568359375,-0.146484375,0.927734375,-0.23193359375,0.25634765625,-0.1220703125,-0.30517578125,0.0732421875,-0.8544921875,-0.28076171875,-0.439453125,0.048828125,-0.72021484375,-0.1220703125,-0.20751953125,-0.20751953125,-0.69580078125,-0.732421875,-0.42724609375,-0.03662109375,0.37841796875,1.25732421875,2.25830078125,-0.52490234375,0.52490234375,0,-0.23193359375,-0.341796875,0.7568359375,-0.20751953125,0.69580078125,0.40283203125,0.48828125,0.390625,0.57373046875,0.4150390625,0.15869140625,-0.5615234375,0.3173828125,-0.18310546875,1.08642578125,-0.146484375,0.25634765625,-0.20751953125,0.2685546875,-0.1708984375,0.341796875,-0.03662109375,0.9033203125,0.244140625,0.01220703125,-0.40283203125,1.40380859375,-0.1220703125,-0.93994140625,-0.25634765625,-0.2685546875,-0.13427734375,-0.96435546875,-0.06103515625,-0.72021484375,0.244140625,-1.50146484375,-0.18310546875,-0.23193359375,0.439453125,-0.2685546875,-0.1708984375,-1.123046875,-0.048828125,1.08642578125,0.35400390625,-0.35400390625,-0.18310546875,-0.45166015625,-0.1220703125,0.30517578125,0.10986328125,-0.732421875,-0.03662109375,-1.4404296875,-0.3662109375,-0.9765625,-0.20751953125,0.4638671875,-0.08544921875,1.96533203125,-0.13427734375,1.79443359375,-0.15869140625,2.3681640625,-0.2685546875,1.66015625,0.1220703125,-0.0244140625,-0.08544921875,0.81787109375,0.0244140625,-0.4638671875,-0.2685546875,-0.47607421875
0,-0.25634765625,-0.3662109375,-0.341796875,-0.18310546875,-0.01220703125,-0.37841796875,-0.2197265625,0.0244140625,0,-0.146484375,0.13427734375,-1.025390625,-0.1220703125,1.11083984375,-0.3173828125,-0.2685546875,0.3662109375,1.513671875,0.06103515625,4.6875,0.341796875,2.25830078125,0.06103515625,0.93994140625,-0.10986328125,-0.18310546875,-0.23193359375,-0.7568359375,-0.10986328125,0.91552734375,-0.2197265625,0.25634765625,-0.13427734375,-0.28076171875,0.01220703125,-0.8544921875,-0.2685546875,-0.4150390625,0.0732421875,-0.7080078125,0.0732421875,-0.2197265625,-0.3173828125,-0.69580078125,-0.68359375,-0.42724609375,-0.09765625,0.37841796875,1.26953125,2.0751953125,-0.57373046875,0.5126953125,-0.06103515625,-0.2197265625,-0.4150390625,0.76904296875,-0.1953125,0.69580078125,0.4150390625,0.48828125,0.537109375,0.57373046875,0.4638671875,0.1708984375,-0.634765625,0.30517578125,-0.13427734375,1.07421875,-0.18310546875,0.2685546875,-0.2197265625,0.2685546875,-0.15869140625,0.3173828125,0.01220703125,0.91552734375,0.2197265625,0.01220703125,-0.35400390625,1.40380859375,-0.1708984375,-0.927734375,-0.244140625,-0.28076171875,-0.10986328125,-0.93994140625,0.03662109375,-0.732421875,0.20751953125,-1.47705078125,-0.1708984375,-0.20751953125,0.244140625,-0.25634765625,-0.146484375,-1.123046875,-0.1220703125,0.5126953125,0.244140625,-0.48828125,-0.15869140625,-0.5859375,-0.06103515625,0.13427734375,0.146484375,-0.72021484375,-0.0732421875,-1.42822265625,-0.3662109375,-0.9521484375,-0.1708984375,0.4638671875,-0.10986328125,1.52587890625,-0.13427734375,1.3427734375,-0.13427734375,1.77001953125,-0.2685546875,1.2939453125,0.146484375,-0.048828125,-0.06103515625,0.830078125,0.0244140625,-0.4638671875,-0.28076171875,-0.47607421875
0,-0.25634765625,-0.35400390625,-0.3662109375,-0.1220703125,-0.0244140625,-0.390625,-0.20751953125,0.0244140625,-0.03662109375,-0.15869140625,0.1220703125,-1.03759765625,-0.146484375,1.06201171875,-0.341796875,-0.2685546875,0.4150390625,1.416015625,0.0244140625,4.47998046875,0.3173828125,2.20947265625,0.09765625,0.9033203125,-0.09765625,-0.146484375,-0.2685546875,-0.76904296875,-0.048828125,0.93994140625,-0.18310546875,0.25634765625,-0.13427734375,-0.2197265625,-0.06103515625,-0.84228515625,-0.2197265625,-0.390625,0.10986328125,-0.7080078125,0.1708984375,-0.2197265625,-0.30517578125,-0.69580078125,-0.62255859375,-0.40283203125,-0.0244140625,0.390625,1.03759765625,1.904296875,-0.57373046875,0.50048828125,-0.1220703125,-0.18310546875,-0.47607421875,0.7568359375,-0.13427734375,0.7080078125,0.3173828125,0.48828125,0.64697265625,0.59814453125,0.48828125,0.15869140625,-0.72021484375,0.2685546875,-0.10986328125,1.06201171875,-0.1953125,0.2685546875,-0.20751953125,0.25634765625,-0.146484375,0.29296875,0.06103515625,0.91552734375,0.2197265625,0.01220703125,-0.32958984375,1.3916015625,-0.20751953125,-0.9521484375,-0.20751953125,-0.28076171875,-0.09765625,-0.927734375,0.09765625,-0.72021484375,0.13427734375,-1.46484375,-0.15869140625,-0.2197265625,0.08544921875,-0.2685546875,-0.146484375,-1.13525390625,-0.1708984375,-0.0244140625,0.1708984375,-0.6103515625,-0.13427734375,-0.7568359375,0.03662109375,-0.01220703125,0.1220703125,-0.7080078125,-0.048828125,-1.37939453125,-0.30517578125,-0.927734375,-0.13427734375,0.48828125,-0.1220703125,1.1962890625,-0.13427734375,1.01318359375,-0.15869140625,1.33056640625,-0.244140625,1.01318359375,0.15869140625,-0.0732421875,-0.08544921875,0.8544921875,0.0244140625,-0.45166015625,-0.29296875,-0.48828125
1,-0.2197265625,-0.3173828125,-0.32958984375,-0.08544921875,-0.03662109375,-0.390625,-0.20751953125,0.0244140625,-0.0732421875,-0.20751953125,0.13427734375,-1.06201171875,-0.15869140625,0.927734375,-0.32958984375,-0.341796875,0.40283203125,1.37939453125,-0.01220703125,4.30908203125,0.25634765625,2.16064453125,0.13427734375,0.830078125,-0.08544921875,-0.146484375,-0.28076171875,-0.76904296875,-0.01220703125,0.93994140625,-0.13427734375,0.2685546875,-0.1708984375,-0.2197265625,-0.0732421875,-0.84228515625,-0.18310546875,-0.390625,0.1708984375,-0.69580078125,0.2685546875,-0.2197265625,-0.28076171875,-0.72021484375,-0.59814453125,-0.4150390625,0.048828125,0.390625,1.025390625,1.7333984375,-0.54931640625,0.5126953125,-0.146484375,-0.15869140625,-0.4638671875,0.76904296875,-0.06103515625,0.69580078125,0.25634765625,0.4638671875,0.64697265625,0.6103515625,0.37841796875,0.146484375,-0.68359375,0.2197265625,-0.03662109375,1.07421875,-0.20751953125,0.2685546875,-0.18310546875,0.244140625,-0.146484375,0.28076171875,0.0732421875,0.93994140625,0.1953125,0.01220703125,-0.2685546875,1.3671875,-0.244140625,-0.93994140625,-0.1220703125,-0.2685546875,-0.0732421875,-0.927734375,0.15869140625,-0.732421875,0.08544921875,-1.46484375,-0.1708984375,-0.1953125,-0.0732421875,-0.25634765625,-0.18310546875,-1.123046875,-0.18310546875,-0.45166015625,0.01220703125,-0.74462890625,-0.048828125,-0.8544921875,0.1220703125,-0.146484375,0.0732421875,-0.74462890625,-0.03662109375,-1.416015625,-0.23193359375,-0.927734375,-0.0732421875,0.4638671875,-0.15869140625,1.01318359375,-0.13427734375,0.76904296875,-0.13427734375,1.025390625,-0.244140625,0.8544921875,0.18310546875,-0.0732421875,-0.10986328125,0.8544921875,0.0244140625,-0.47607421875,-0.3173828125,-0.48828125
1,-0.20751953125,-0.29296875,-0.3662109375,-0.06103515625,-0.03662109375,-0.37841796875,-0.20751953125,0.01220703125,-0.10986328125,-0.244140625,0.1220703125,-1.15966796875,-0.146484375,0.79345703125,-0.3173828125,-0.37841796875,0.3662109375,1.318359375,-0.03662109375,4.150390625,0.1220703125,2.13623046875,0.146484375,0.8056640625,-0.09765625,-0.146484375,-0.23193359375,-0.74462890625,0.06103515625,0.93994140625,-0.06103515625,0.244140625,-0.146484375,-0.1953125,-0.0732421875,-0.84228515625,-0.1708984375,-0.37841796875,0.20751953125,-0.7080078125,0.32958984375,-0.2197265625,-0.25634765625,-0.72021484375,-0.634765625,-0.45166015625,0.0244140625,0.40283203125,0.927734375,1.6357421875,-0.47607421875,0.5126953125,-0.10986328125,-0.1220703125,-0.4150390625,0.7568359375,0.06103515625,0.69580078125,0.15869140625,0.47607421875,0.6103515625,0.62255859375,0.28076171875,0.1708984375,-0.7080078125,0.18310546875,0.01220703125,1.0498046875,-0.1953125,0.2685546875,-0.13427734375,0.244140625,-0.146484375,0.28076171875,0.0732421875,0.91552734375,0.18310546875,0.0244140625,-0.20751953125,1.3671875,-0.2685546875,-0.91552734375,0,-0.28076171875,-0.03662109375,-0.91552734375,0.20751953125,-0.732421875,0.03662109375,-1.4404296875,-0.1953125,-0.2197265625,-0.146484375,-0.2685546875,-0.2197265625,-1.13525390625,-0.146484375,-0.79345703125,-0.1220703125,-0.84228515625,0.048828125,-0.84228515625,0.13427734375,-0.20751953125,-0.01220703125,-0.7568359375,-0.01220703125,-1.4404296875,-0.13427734375,-0.9521484375,0,0.47607421875,-0.1708984375,0.87890625,-0.146484375,0.5859375,-0.146484375,0.81787109375,-0.25634765625,0.732421875,0.20751953125,-0.06103515625,-0.13427734375,0.84228515625,0.048828125,-0.4638671875,-0.29296875,-0.4638671875
1,-0.18310546875,-0.28076171875,-0.35400390625,-0.048828125,-0.0244140625,-0.3662109375,-0.1953125,-0.01220703125,-0.13427734375,-0.29296875,0.10986328125,-1.20849609375,-0.146484375,0.634765625,-0.29296875,-0.45166015625,0.28076171875,1.2451171875,-0.048828125,3.96728515625,-0.01220703125,2.0751953125,0.146484375,0.7568359375,-0.146484375,-0.13427734375,-0.13427734375,-0.74462890625,0.08544921875,0.93994140625,0.03662109375,0.244140625,-0.13427734375,-0.20751953125,0,-0.84228515625,-0.146484375,-0.37841796875,0.29296875,-0.72021484375,0.28076171875,-0.2197265625,-0.15869140625,-0.732421875,-0.5615234375,-0.439453125,0.1220703125,0.42724609375,0.89111328125,1.57470703125,-0.4150390625,0.52490234375,-0.1220703125,-0.08544921875,-0.35400390625,0.76904296875,0.08544921875,0.67138671875,0.09765625,0.4638671875,0.537109375,0.62255859375,0.13427734375,0.1708984375,-0.67138671875,0.15869140625,0.09765625,1.03759765625,-0.20751953125,0.25634765625,-0.09765625,0.2197265625,-0.15869140625,0.29296875,0.10986328125,0.89111328125,0.20751953125,0.03662109375,-0.13427734375,1.35498046875,-0.28076171875,-0.927734375,0.09765625,-0.2685546875,0,-0.93994140625,0.2197265625,-0.72021484375,-0.01220703125,-1.46484375,-0.25634765625,-0.244140625,-0.09765625,-0.25634765625,-0.244140625,-1.123046875,-0.15869140625,-0.98876953125,-0.1708984375,-0.89111328125,0.10986328125,-0.78125,0.13427734375,-0.2685546875,-0.1220703125,-0.7568359375,0.01220703125,-1.4404296875,-0.048828125,-0.9765625,0.0732421875,0.47607421875,-0.15869140625,0.78125,-0.15869140625,0.4638671875,-0.146484375,0.64697265625,-0.25634765625,0.62255859375,0.1953125,-0.0244140625,-0.13427734375,0.84228515625,0.01220703125,-0.4638671875,-0.244140625,-0.4638671875
1,-0.15869140625,-0.29296875,-0.28076171875,-0.0732421875,0,-0.37841796875,-0.1708984375,-0.0244140625,-0.1220703125,-0.341796875,0.08544921875,-1.28173828125,-0.146484375,0.5126953125,-0.28076171875,-0.5126953125,0.13427734375,1.18408203125,-0.06103515625,3.759765625,-0.10986328125,2.0263671875,0.13427734375,0.68359375,-0.20751953125,-0.1220703125,-0.01220703125,-0.732421875,0.08544921875,0.96435546875,0.10986328125,0.25634765625,-0.1708984375,-0.1953125,0.1220703125,-0.8056640625,-0.10986328125,-0.35400390625,0.341796875,-0.7080078125,0.244140625,-0.1953125,-0.08544921875,-0.72021484375,-0.5126953125,-0.439453125,0.23193359375,0.439453125,0.89111328125,1.5869140625,-0.341796875,0.52490234375,-0.06103515625,-0.0732421875,-0.32958984375,0.76904296875,0.146484375,0.67138671875,0.01220703125,0.4638671875,0.341796875,0.62255859375,0.09765625,0.15869140625,-0.68359375,0.15869140625,0.15869140625,1.06201171875,-0.20751953125,0.25634765625,-0.0732421875,0.23193359375,-0.13427734375,0.3173828125,0.1220703125,0.89111328125,0.146484375,0.06103515625,-0.01220703125,1.35498046875,-0.29296875,-0.927734375,0.15869140625,-0.2685546875,0,-0.93994140625,0.2197265625,-0.7568359375,-0.01220703125,-1.4404296875,-0.29296875,-0.25634765625,0.01220703125,-0.28076171875,-0.2685546875,-1.123046875,-0.13427734375,-1.07421875,-0.25634765625,-0.9033203125,0.146484375,-0.7568359375,0.10986328125,-0.30517578125,-0.2197265625,-0.74462890625,0,-1.40380859375,0,-0.9765625,0.10986328125,0.47607421875,-0.1708984375,0.6591796875,-0.15869140625,0.3173828125,-0.146484375,0.48828125,-0.25634765625,0.48828125,0.18310546875,-0.03662109375,-0.13427734375,0.8056640625,0.01220703125,-0.47607421875,-0.1953125,-0.47607421875
1,-0.146484375,-0.30517578125,-0.28076171875,-0.09765625,0.0244140625,-0.37841796875,-0.1708984375,-0.01220703125,-0.13427734375,-0.3662109375,0.0732421875,-1.318359375,-0.13427734375,0.4638671875,-0.244140625,-0.537109375,-0.0244140625,1.0498046875,-0.0732421875,3.466796875,-0.1953125,1.91650390625,0.0244140625,0.5859375,-0.244140625,-0.10986328125,0.0732421875,-0.74462890625,0.08544921875,0.98876953125,0.1708984375,0.244140625,-0.1708984375,-0.23193359375,0.2685546875,-0.79345703125,-0.146484375,-0.3662109375,0.390625,-0.7080078125,0.15869140625,-0.1953125,0.01220703125,-0.7080078125,-0.48828125,-0.4638671875,0.35400390625,0.47607421875,0.7568359375,1.69677734375,-0.2685546875,0.537109375,0.03662109375,-0.08544921875,-0.25634765625,0.79345703125,0.18310546875,0.64697265625,-0.0732421875,0.42724609375,0.10986328125,0.6103515625,0.09765625,0.146484375,-0.634765625,0.15869140625,0.1953125,1.06201171875,-0.20751953125,0.244140625,-0.048828125,0.1953125,-0.13427734375,0.341796875,0.146484375,0.87890625,0.13427734375,0.08544921875,0.06103515625,1.37939453125,-0.25634765625,-0.927734375,0.15869140625,-0.28076171875,0,-0.9521484375,0.2197265625,-0.7568359375,0,-1.45263671875,-0.341796875,-0.28076171875,0.146484375,-0.29296875,-0.28076171875,-1.123046875,-0.10986328125,-1.15966796875,-0.2197265625,-0.89111328125,0.1220703125,-0.732421875,0.09765625,-0.3173828125,-0.3662109375,-0.732421875,-0.06103515625,-1.416015625,0,-1.0009765625,0.1220703125,0.439453125,-0.1953125,0.47607421875,-0.1708984375,0.15869140625,-0.13427734375,0.2685546875,-0.25634765625,0.3173828125,0.15869140625,-0.03662109375,-0.15869140625,0.78125,-0.0244140625,-0.4638671875,-0.13427734375,-0.48828125
1,-0.1220703125,-0.30517578125,-0.244140625,-0.146484375,0.01220703125,-0.3662109375,-0.146484375,-0.03662109375,-0.13427734375,-0.390625,0.0732421875,-1.318359375,-0.06103515625,0.45166015625,-0.244140625,-0.52490234375,-0.10986328125,0.927734375,0,3.125,-0.244140625,1.806640625,-0.03662109375,0.47607421875,-0.25634765625,-0.10986328125,0.13427734375,-0.72021484375,0.08544921875,1.0009765625,0.1953125,0.25634765625,-0.20751953125,-0.28076171875,0.40283203125,-0.76904296875,-0.15869140625,-0.390625,0.390625,-0.72021484375,0.06103515625,-0.2197265625,0.0732421875,-0.7080078125,-0.537109375,-0.47607421875,0.3662109375,0.48828125,0.634765625,1.84326171875,-0.1953125,0.54931640625,0.09765625,-0.10986328125,-0.18310546875,0.79345703125,0.15869140625,0.6591796875,-0.09765625,0.439453125,-0.06103515625,0.57373046875,0.09765625,0.15869140625,-0.59814453125,0.20751953125,0.1953125,1.08642578125,-0.18310546875,0.25634765625,-0.06103515625,0.20751953125,-0.06103515625,0.3662109375,0.13427734375,0.87890625,0.1220703125,0.09765625,0.10986328125,1.416015625,-0.1953125,-0.9033203125,0.13427734375,-0.30517578125,0.0244140625,-0.9521484375,0.18310546875,-0.76904296875,0.03662109375,-1.46484375,-0.390625,-0.29296875,0.32958984375,-0.29296875,-0.20751953125,-1.1474609375,-0.09765625,-1.1474609375,-0.146484375,-0.87890625,0.08544921875,-0.69580078125,0.06103515625,-0.3173828125,-0.439453125,-0.7080078125,-0.1220703125,-1.416015625,0.01220703125,-1.0009765625,0.09765625,0.45166015625,-0.1708984375,0.28076171875,-0.1708984375,-0.08544921875,-0.146484375,0,-0.25634765625,0.10986328125,0.15869140625,-0.0244140625,-0.13427734375,0.76904296875,-0.01220703125,-0.4638671875,-0.10986328125,-0.48828125
1,-0.1220703125,-0.3173828125,-0.25634765625,-0.1708984375,0.0244140625,-0.37841796875,-0.1220703125,0,-0.146484375,-0.37841796875,0.048828125,-1.318359375,-0.10986328125,0.5126953125,-0.20751953125,-0.50048828125,-0.2197265625,0.74462890625,-0.08544921875,2.7099609375,-0.23193359375,1.64794921875,-0.18310546875,0.32958984375,-0.23193359375,-0.09765625,0.13427734375,-0.72021484375,0.09765625,1.0009765625,0.18310546875,0.2685546875,-0.1953125,-0.3173828125,0.48828125,-0.79345703125,-0.18310546875,-0.40283203125,0.35400390625,-0.72021484375,-0.01220703125,-0.2197265625,0.0732421875,-0.69580078125,-0.67138671875,-0.4638671875,0.390625,0.52490234375,0.72021484375,2.06298828125,-0.13427734375,0.5126953125,0.15869140625,-0.1220703125,-0.1220703125,0.78125,0.13427734375,0.64697265625,-0.09765625,0.439453125,-0.25634765625,0.537109375,0.1220703125,0.15869140625,-0.5126953125,0.244140625,0.18310546875,1.08642578125,-0.10986328125,0.25634765625,-0.08544921875,0.23193359375,0.01220703125,0.40283203125,0.15869140625,0.8544921875,0.10986328125,0.10986328125,0.1220703125,1.416015625,-0.15869140625,-0.927734375,0.08544921875,-0.3173828125,-0.01220703125,-0.9521484375,0.146484375,-0.78125,0.08544921875,-1.47705078125,-0.40283203125,-0.2685546875,0.37841796875,-0.3173828125,-0.1953125,-1.15966796875,-0.06103515625,-1.1474609375,-0.0244140625,-0.84228515625,0,-0.7080078125,0.03662109375,-0.2685546875,-0.4150390625,-0.68359375,-0.1953125,-1.42822265625,-0.048828125,-1.0009765625,0.06103515625,0.42724609375,-0.244140625,0.03662109375,-0.244140625,-0.30517578125,-0.20751953125,-0.28076171875,-0.30517578125,-0.13427734375,0.15869140625,-0.0244140625,-0.13427734375,0.79345703125,-0.03662109375,-0.4638671875,-0.0732421875,-0.48828125
1,-0.09765625,-0.341796875,-0.28076171875,-0.2197265625,0.0244140625,-0.3662109375,-0.10986328125,-0.01220703125,-0.146484375,-0.341796875,0.048828125,-1.28173828125,-0.1220703125,0.59814453125,-0.18310546875,-0.48828125,-0.2197265625,0.52490234375,-0.0244140625,2.2216796875,-0.2197265625,1.50146484375,-0.30517578125,0.15869140625,-0.18310546875,-0.1220703125,0.09765625,-0.732421875,0.08544921875,0.98876953125,0.15869140625,0.2685546875,-0.15869140625,-0.30517578125,0.47607421875,-0.79345703125,-0.1953125,-0.42724609375,0.29296875,-0.72021484375,-0.08544921875,-0.1953125,0.0244140625,-0.69580078125,-0.54931640625,-0.4638671875,0.341796875,0.5615234375,0.5615234375,2.30712890625,-0.13427734375,0.50048828125,0.23193359375,-0.15869140625,-0.09765625,0.7568359375,0.09765625,0.634765625,-0.048828125,0.45166015625,-0.47607421875,0.48828125,0.18310546875,0.13427734375,-0.37841796875,0.29296875,0.18310546875,1.08642578125,-0.0732421875,0.244140625,-0.09765625,0.25634765625,0.08544921875,0.390625,0.15869140625,0.89111328125,0.10986328125,0.1220703125,0.10986328125,1.4404296875,-0.09765625,-0.927734375,0.0244140625,-0.29296875,-0.048828125,-0.9765625,0.06103515625,-0.76904296875,0.10986328125,-1.4892578125,-0.32958984375,-0.28076171875,0.42724609375,-0.29296875,-0.1220703125,-1.1474609375,-0.08544921875,-1.15966796875,0.13427734375,-0.830078125,-0.08544921875,-0.7568359375,0.01220703125,-0.23193359375,-0.3662109375,-0.67138671875,-0.29296875,-1.416015625,-0.1220703125,-0.98876953125,0,0.40283203125,-0.1953125,-0.23193359375,-0.2197265625,-0.52490234375,-0.18310546875,-0.5615234375,-0.29296875,-0.37841796875,0.10986328125,-0.0244140625,-0.13427734375,0.79345703125,-0.06103515625,-0.47607421875,-0.06103515625,-0.50048828125
1,-0.0732421875,-0.35400390625,-0.23193359375,-0.2685546875,0.0244140625,-0.3662109375,-0.09765625,0,-0.18310546875,-0.30517578125,0.03662109375,-1.2451171875,-0.13427734375,0.68359375,-0.18310546875,-0.45166015625,-0.2197265625,0.29296875,-0.0244140625,1.708984375,-0.2197265625,1.3427734375,-0.40283203125,-0.0244140625,-0.09765625,-0.146484375,0.048828125,-0.72021484375,0.0732421875,0.96435546875,0.08544921875,0.25634765625,-0.08544921875,-0.3173828125,0.42724609375,-0.81787109375,-0.244140625,-0.42724609375,0.23193359375,-0.72021484375,-0.15869140625,-0.20751953125,-0.0732421875,-0.7080078125,-0.5859375,-0.4638671875,0.30517578125,0.5859375,0.45166015625,2.5146484375,-0.09765625,0.50048828125,0.2685546875,-0.1708984375,-0.08544921875,0.7568359375,0,0.64697265625,0,0.4638671875,-0.57373046875,0.47607421875,0.29296875,0.146484375,-0.1953125,0.3173828125,0.15869140625,1.11083984375,-0.0244140625,0.28076171875,-0.146484375,0.2685546875,0.15869140625,0.390625,0.1708984375,0.89111328125,0.10986328125,0.09765625,0.08544921875,1.45263671875,-0.09765625,-0.927734375,-0.03662109375,-0.29296875,-0.10986328125,-0.9765625,-0.01220703125,-0.76904296875,0.1220703125,-1.4892578125,-0.2197265625,-0.25634765625,0.390625,-0.29296875,0,-1.1474609375,-0.06103515625,-1.15966796875,0.2197265625,-0.81787109375,-0.1220703125,-0.8056640625,-0.01220703125,-0.20751953125,-0.2197265625,-0.64697265625,-0.390625,-1.40380859375,-0.1953125,-1.0009765625,0,0.4150390625,-0.1708984375,-0.42724609375,-0.1953125,-0.7568359375,-0.15869140625,-0.79345703125,-0.23193359375,-0.54931640625,0.09765625,-0.048828125,-0.08544921875,0.8056640625,-0.08544921875,-0.4638671875,-0.048828125,-0.48828125
1,-0.06103515625,-0.35400390625,-0.28076171875,-0.2685546875,0,-0.3662109375,-0.08544921875,0,-0.18310546875,-0.2685546875,0.0244140625,-1.18408203125,-0.146484375,0.7568359375,-0.18310546875,-0.42724609375,-0.15869140625,0.0732421875,0.0244140625,1.171875,-0.1953125,1.171875,-0.390625,-0.18310546875,0,-0.13427734375,-0.03662109375,-0.732421875,0.048828125,0.96435546875,0,0.2685546875,0.03662109375,-0.3173828125,0.35400390625,-0.81787109375,-0.30517578125,-0.42724609375,0.1220703125,-0.72021484375,-0.244140625,-0.1953125,-0.1708984375,-0.69580078125,-0.6103515625,-0.40283203125,0.1953125,0.634765625,0.439453125,2.69775390625,-0.1220703125,0.50048828125,0.29296875,-0.1953125,-0.09765625,0.7568359375,-0.048828125,0.6591796875,0.03662109375,0.47607421875,-0.6103515625,0.4638671875,0.390625,0.146484375,-0.03662109375,0.3173828125,0.1708984375,1.0986328125,0,0.3173828125,-0.13427734375,0.29296875,0.23193359375,0.390625,0.1708984375,0.91552734375,0.1220703125,0.0732421875,0.03662109375,1.42822265625,-0.15869140625,-0.927734375,-0.03662109375,-0.29296875,-0.146484375,-0.93994140625,-0.146484375,-0.74462890625,0.09765625,-1.47705078125,-0.13427734375,-0.244140625,0.3173828125,-0.3173828125,0.09765625,-1.171875,-0.03662109375,-1.171875,0.23193359375,-0.8056640625,-0.13427734375,-0.86669921875,-0.06103515625,-0.20751953125,-0.06103515625,-0.6591796875,-0.40283203125,-1.416015625,-0.28076171875,-0.98876953125,-0.03662109375,0.4150390625,-0.1708984375,-0.59814453125,-0.18310546875,-0.91552734375,-0.13427734375,-0.9521484375,-0.18310546875,-0.69580078125,0.08544921875,-0.08544921875,-0.06103515625,0.84228515625,-0.09765625,-0.4638671875,-0.0244140625,-0.48828125
1,-0.06103515625,-0.3662109375,-0.25634765625,-0.28076171875,0,-0.3662109375,-0.08544921875,0.0244140625,-0.13427734375,-0.25634765625,0.048828125,-1.18408203125,-0.10986328125,0.78125,-0.1708984375,-0.4150390625,-0.08544921875,-0.10986328125,0.0732421875,0.69580078125,-0.1708984375,1.0498046875,-0.30517578125,-0.32958984375,0.06103515625,-0.13427734375,-0.1220703125,-0.7568359375,0,0.93994140625,-0.10986328125,0.29296875,0.15869140625,-0.28076171875,0.244140625,-0.81787109375,-0.32958984375,-0.4150390625,0.01220703125,-0.69580078125,-0.28076171875,-0.2197265625,-0.2197265625,-0.7080078125,-0.54931640625,-0.390625,0.048828125,0.64697265625,0.1953125,2.8564453125,-0.1708984375,0.50048828125,0.32958984375,-0.1953125,-0.20751953125,0.7568359375,-0.10986328125,0.67138671875,0.09765625,0.47607421875,-0.54931640625,0.4638671875,0.40283203125,0.146484375,0.0732421875,0.29296875,0.146484375,1.08642578125,0.0244140625,0.30517578125,-0.146484375,0.29296875,0.20751953125,0.35400390625,0.1708984375,0.93994140625,0.08544921875,0.048828125,0,1.42822265625,-0.244140625,-0.93994140625,-0.0244140625,-0.29296875,-0.15869140625,-0.93994140625,-0.23193359375,-0.7568359375,0.08544921875,-1.47705078125,-0.01220703125,-0.2197265625,0.1708984375,-0.30517578125,0.2197265625,-1.18408203125,0,-1.18408203125,0.1953125,-0.78125,-0.146484375,-0.927734375,-0.10986328125,-0.20751953125,0.08544921875,-0.6591796875,-0.32958984375,-1.416015625,-0.30517578125,-0.9765625,-0.0244140625,0.40283203125,-0.146484375,-0.6591796875,-0.1708984375,-0.98876953125,-0.146484375,-1.01318359375,-0.1953125,-0.74462890625,0.08544921875,-0.0732421875,-0.0244140625,0.86669921875,-0.146484375,-0.439453125,0.01220703125,-0.47607421875
1,-0.06103515625,-0.3662109375,-0.23193359375,-0.25634765625,-0.03662109375,-0.37841796875,-0.048828125,0,-0.146484375,-0.244140625,0.0244140625,-1.15966796875,-0.146484375,0.78125,-0.20751953125,-0.42724609375,-0.03662109375,-0.29296875,0.10986328125,0.341796875,-0.1708984375,0.9521484375,-0.18310546875,-0.4150390625,0.0732421875,-0.1708984375,-0.18310546875,-0.7568359375,-0.03662109375,0.93994140625,-0.25634765625,0.28076171875,0.25634765625,-0.244140625,0.146484375,-0.830078125,-0.390625,-0.40283203125,-0.03662109375,-0.7080078125,-0.29296875,-0.1953125,-0.25634765625,-0.7080078125,-0.64697265625,-0.3662109375,0.0244140625,0.67138671875,0.32958984375,2.9052734375,-0.1953125,0.5126953125,0.30517578125,-0.1708984375,-0.30517578125,0.76904296875,-0.146484375,0.6591796875,0.146484375,0.47607421875,-0.4638671875,0.47607421875,0.4150390625,0.13427734375,0.1708984375,0.25634765625,0.1220703125,1.06201171875,0.01220703125,0.29296875,-0.13427734375,0.30517578125,0.2197265625,0.32958984375,0.1953125,0.93994140625,0.08544921875,0.048828125,-0.0244140625,1.416015625,-0.3173828125,-0.9521484375,-0.01220703125,-0.2685546875,-0.23193359375,-0.93994140625,-0.29296875,-0.74462890625,0.048828125,-1.45263671875,0.09765625,-0.20751953125,0.06103515625,-0.30517578125,0.29296875,-1.171875,0.146484375,-1.15966796875,0.10986328125,-0.79345703125,-0.13427734375,-0.96435546875,-0.13427734375,-0.18310546875,0.15869140625,-0.68359375,-0.1953125,-1.4404296875,-0.3173828125,-0.98876953125,-0.0244140625,0.4150390625,-0.15869140625,-0.59814453125,-0.15869140625,-0.9521484375,-0.13427734375,-0.9765625,-0.1953125,-0.69580078125,0.0732421875,-0.08544921875,-0.0244140625,0.89111328125,-0.13427734375,-0.439453125,0.0244140625,-0.45166015625
1,-0.048828125,-0.35400390625,-0.23193359375,-0.20751953125,-0.0732421875,-0.3662109375,-0.03662109375,0,-0.10986328125,-0.25634765625,0.0244140625,-1.15966796875,-0.1220703125,0.76904296875,-0.1953125,-0.439453125,0.03662109375,-0.35400390625,0.20751953125,0.15869140625,-0.15869140625,0.91552734375,0,-0.4638671875,0,-0.146484375,-0.2197265625,-0.7568359375,-0.09765625,0.927734375,-0.341796875,0.28076171875,0.2685546875,-0.2197265625,0.13427734375,-0.830078125,-0.42724609375,-0.37841796875,-0.10986328125,-0.69580078125,-0.244140625,-0.18310546875,-0.1953125,-0.7080078125,-0.6103515625,-0.32958984375,-0.0244140625,0.67138671875,0.29296875,2.9052734375,-0.244140625,0.537109375,0.29296875,-0.13427734375,-0.40283203125,0.78125,-0.10986328125,0.68359375,0.1953125,0.48828125,-0.390625,0.47607421875,0.37841796875,0.15869140625,0.2685546875,0.23193359375,0.13427734375,1.06201171875,0,0.3173828125,-0.08544921875,0.28076171875,0.20751953125,0.29296875,0.18310546875,0.927734375,0.08544921875,0.0244140625,-0.08544921875,1.3916015625,-0.37841796875,-0.927734375,-0.0244140625,-0.25634765625,-0.25634765625,-0.93994140625,-0.3173828125,-0.7568359375,0.0244140625,-1.4404296875,0.1708984375,-0.20751953125,0.0244140625,-0.28076171875,0.28076171875,-1.171875,0.1220703125,-1.15966796875,0.06103515625,-0.8056640625,-0.08544921875,-0.927734375,-0.15869140625,-0.20751953125,0.15869140625,-0.7080078125,-0.048828125,-1.45263671875,-0.30517578125,-0.9765625,-0.0244140625,0.4150390625,-0.1708984375,-0.45166015625,-0.146484375,-0.84228515625,-0.13427734375,-0.81787109375,-0.20751953125,-0.57373046875,0.06103515625,-0.0732421875,0.01220703125,0.9033203125,-0.15869140625,-0.42724609375,0.03662109375,-0.45166015625
1,-0.0244140625,-0.341796875,-0.15869140625,-0.1220703125,-0.08544921875,-0.390625,-0.03662109375,-0.01220703125,-0.10986328125,-0.28076171875,0,-1.1962890625,-0.10986328125,0.69580078125,-0.2197265625,-0.45166015625,0.048828125,-0.32958984375,0.1953125,0.18310546875,-0.18310546875,0.927734375,0.1220703125,-0.42724609375,-0.09765625,-0.1220703125,-0.23193359375,-0.74462890625,-0.1708984375,0.9033203125,-0.4150390625,0.2685546875,0.1953125,-0.244140625,0.13427734375,-0.84228515625,-0.42724609375,-0.3662109375,-0.08544921875,-0.7080078125,-0.20751953125,-0.1953125,-0.08544921875,-0.72021484375,-0.72021484375,-0.30517578125,-0.0244140625,0.68359375,0.08544921875,2.81982421875,-0.2685546875,0.57373046875,0.2685546875,-0.1220703125,-0.50048828125,0.78125,-0.1220703125,0.68359375,0.244140625,0.48828125,-0.2685546875,0.5126953125,0.341796875,0.15869140625,0.32958984375,0.18310546875,0.06103515625,1.0498046875,-0.0244140625,0.28076171875,-0.0244140625,0.23193359375,0.1953125,0.28076171875,0.20751953125,0.9521484375,0.048828125,0,-0.15869140625,1.35498046875,-0.40283203125,-0.927734375,-0.03662109375,-0.2685546875,-0.23193359375,-0.927734375,-0.32958984375,-0.74462890625,0.03662109375,-1.45263671875,0.146484375,-0.18310546875,-0.01220703125,-0.29296875,0.20751953125,-1.171875,0.1220703125,-1.11083984375,0.08544921875,-0.79345703125,-0.01220703125,-0.89111328125,-0.1220703125,-0.18310546875,0.10986328125,-0.7080078125,0.0732421875,-1.45263671875,-0.25634765625,-0.9765625,-0.048828125,0.42724609375,-0.1708984375,-0.244140625,-0.13427734375,-0.64697265625,-0.13427734375,-0.59814453125,-0.2197265625,-0.390625,0.0732421875,-0.06103515625,0.048828125,0.89111328125,-0.146484375,-0.42724609375,0,-0.47607421875
0,0,-0.32958984375,-0.20751953125,-0.03662109375,-0.10986328125,-0.390625,-0.01220703125,-0.01220703125,-0.048828125,-0.29296875,0,-1.20849609375,-0.1220703125,0.64697265625,-0.2197265625,-0.4638671875,0.08544921875,-0.2197265625,0.35400390625,0.439453125,-0.1220703125,0.98876953125,0.244140625,-0.3173828125,-0.2197265625,-0.146484375,-0.23193359375,-0.7568359375,-0.23193359375,0.91552734375,-0.4150390625,0.2685546875,0.01220703125,-0.25634765625,0.1953125,-0.830078125,-0.40283203125,-0.390625,-0.0732421875,-0.69580078125,-0.1220703125,-0.18310546875,0.0244140625,-0.72021484375,-0.81787109375,-0.2685546875,0.0244140625,0.6591796875,0.03662109375,2.685546875,-0.2685546875,0.57373046875,0.1953125,-0.1220703125,-0.47607421875,0.76904296875,-0.03662109375,0.69580078125,0.244140625,0.48828125,-0.1708984375,0.52490234375,0.30517578125,0.1708984375,0.32958984375,0.146484375,0.0244140625,1.01318359375,-0.03662109375,0.25634765625,0.01220703125,0.20751953125,0.1953125,0.244140625,0.1708984375,0.91552734375,0.0732421875,0.01220703125,-0.244140625,1.3427734375,-0.40283203125,-0.927734375,-0.0732421875,-0.2685546875,-0.15869140625,-0.927734375,-0.29296875,-0.7568359375,0.06103515625,-1.4404296875,0.0732421875,-0.1953125,0.01220703125,-0.29296875,0.06103515625,-1.1474609375,0.08544921875,-1.06201171875,0.03662109375,-0.79345703125,0.048828125,-0.830078125,-0.1220703125,-0.20751953125,0.0732421875,-0.72021484375,0.15869140625,-1.47705078125,-0.18310546875,-0.9765625,-0.08544921875,0.439453125,-0.1953125,-0.0244140625,-0.146484375,-0.439453125,-0.13427734375,-0.35400390625,-0.15869140625,-0.20751953125,0.0732421875,-0.0732421875,0.08544921875,0.86669921875,-0.146484375,-0.4150390625,-0.0244140625,-0.48828125
0,0,-0.30517578125,-0.146484375,0,-0.08544921875,-0.4150390625,0,-0.0244140625,-0.03662109375,-0.341796875,-0.01220703125,-1.220703125,-0.1220703125,0.634765625,-0.20751953125,-0.47607421875,0.0732421875,0,0.4150390625,0.9521484375,-0.06103515625,1.171875,0.28076171875,-0.15869140625,-0.341796875,-0.13427734375,-0.23193359375,-0.74462890625,-0.29296875,0.93994140625,-0.37841796875,0.2685546875,-0.23193359375,-0.244140625,0.244140625,-0.830078125,-0.390625,-0.390625,-0.08544921875,-0.7080078125,-0.0244140625,-0.1708984375,0.1220703125,-0.7080078125,-0.86669921875,-0.2197265625,0.08544921875,0.62255859375,-0.048828125,2.47802734375,-0.30517578125,0.5859375,0.13427734375,-0.146484375,-0.4638671875,0.78125,-0.01220703125,0.67138671875,0.25634765625,0.48828125,-0.18310546875,0.54931640625,0.244140625,0.15869140625,0.37841796875,0.1220703125,0.03662109375,1.025390625,-0.048828125,0.244140625,0.03662109375,0.18310546875,0.13427734375,0.25634765625,0.10986328125,0.86669921875,0.048828125,0,-0.23193359375,1.33056640625,-0.390625,-0.91552734375,-0.13427734375,-0.28076171875,-0.10986328125,-0.96435546875,-0.244140625,-0.7568359375,0.08544921875,-1.45263671875,-0.0244140625,-0.18310546875,0.08544921875,-0.29296875,-0.13427734375,-1.123046875,-0.03662109375,-1.0009765625,0.03662109375,-0.76904296875,0.06103515625,-0.7568359375,-0.09765625,-0.1953125,0.06103515625,-0.732421875,0.1953125,-1.45263671875,-0.1220703125,-1.0009765625,-0.08544921875,0.439453125,-0.1708984375,0.18310546875,-0.146484375,-0.244140625,-0.13427734375,-0.13427734375,-0.09765625,-0.0244140625,0.0732421875,-0.06103515625,0.09765625,0.8544921875,-0.1220703125,-0.40283203125,-0.01220703125,-0.48828125
0,-0.0244140625,-0.30517578125,-0.15869140625,0.01220703125,-0.08544921875,-0.4150390625,0.01220703125,-0.03662109375,-0.06103515625,-0.32958984375,-0.0244140625,-1.220703125,-0.13427734375,0.62255859375,-0.20751953125,-0.47607421875,0.01220703125,0.28076171875,0.439453125,1.69677734375,0.01220703125,1.3916015625,0.23193359375,0.09765625,-0.42724609375,-0.15869140625,-0.25634765625,-0.732421875,-0.341796875,0.93994140625,-0.29296875,0.25634765625,-0.45166015625,-0.28076171875,0.28076171875,-0.81787109375,-0.341796875,-0.40283203125,-0.03662109375,-0.7080078125,0.048828125,-0.18310546875,0.2197265625,-0.7080078125,-0.89111328125,-0.15869140625,0.13427734375,0.5859375,-0.0732421875,2.23388671875,-0.2685546875,0.5859375,0.10986328125,-0.146484375,-0.45166015625,0.79345703125,0.01220703125,0.68359375,0.2197265625,0.47607421875,-0.244140625,0.5615234375,0.13427734375,0.13427734375,0.341796875,0.13427734375,-0.0244140625,1.03759765625,-0.0732421875,0.244140625,0.048828125,0.1953125,0.1220703125,0.28076171875,0.03662109375,0.86669921875,0.0244140625,0.03662109375,-0.1953125,1.3427734375,-0.35400390625,-0.91552734375,-0.18310546875,-0.28076171875,-0.10986328125,-0.9521484375,-0.15869140625,-0.76904296875,0.13427734375,-1.4892578125,-0.13427734375,-0.1953125,0.1220703125,-0.29296875,-0.3173828125,-1.0986328125,-0.09765625,-0.9521484375,0.0732421875,-0.7568359375,0.09765625,-0.7080078125,-0.03662109375,-0.20751953125,0.0732421875,-0.72021484375,0.1708984375,-1.46484375,-0.06103515625,-0.98876953125,-0.0732421875,0.45166015625,-0.1953125,0.32958984375,-0.1220703125,-0.08544921875,-0.146484375,0.048828125,-0.13427734375,0.09765625,0.09765625,-0.048828125,0.08544921875,0.830078125,-0.0732421875,-0.40283203125,-0.01220703125,-0.48828125
0,-0.01220703125,-0.29296875,-0.08544921875,0,-0.09765625,-0.4150390625,0.03662109375,-0.0244140625,-0.06103515625,-0.29296875,-0.03662109375,-1.220703125,-0.08544921875,0.68359375,-0.13427734375,-0.439453125,0,0.67138671875,0.35400390625,2.587890625,0.10986328125,1.67236328125,0.1708984375,0.390625,-0.45166015625,-0.18310546875,-0.2685546875,-0.72021484375,-0.341796875,0.9521484375,-0.1708984375,0.25634765625,-0.537109375,-0.29296875,0.2685546875,-0.81787109375,-0.29296875,-0.390625,0.0244140625,-0.69580078125,0.1220703125,-0.1708984375,0.244140625,-0.68359375,-0.8544921875,-0.10986328125,0.2197265625,0.52490234375,0,2.001953125,-0.28076171875,0.5615234375,0.0732421875,-0.13427734375,-0.40283203125,0.78125,0.0732421875,0.6591796875,0.15869140625,0.4638671875,-0.30517578125,0.537109375,0.01220703125,0.13427734375,0.3173828125,0.15869140625,-0.0732421875,1.03759765625,-0.0732421875,0.244140625,0.048828125,0.20751953125,0.08544921875,0.3173828125,-0.06103515625,0.86669921875,0.03662109375,0.03662109375,-0.20751953125,1.35498046875,-0.3173828125,-0.89111328125,-0.2197265625,-0.30517578125,-0.06103515625,-0.9521484375,-0.09765625,-0.78125,0.15869140625,-1.46484375,-0.25634765625,-0.1953125,0.08544921875,-0.30517578125,-0.45166015625,-1.0986328125,-0.1953125,-0.93994140625,0.06103515625,-0.732421875,0.0244140625,-0.67138671875,-0.03662109375,-0.18310546875,0.10986328125,-0.72021484375,0.09765625,-1.4404296875,-0.03662109375,-1.0009765625,-0.01220703125,0.45166015625,-0.146484375,0.40283203125,-0.08544921875,-0.01220703125,-0.09765625,0.08544921875,-0.0732421875,0.146484375,0.09765625,-0.048828125,0.08544921875,0.84228515625,-0.01220703125,-0.4150390625,-0.0244140625,-0.50048828125
0,-0.0244140625,-0.29296875,-0.048828125,-0.06103515625,-0.08544921875,-0.42724609375,0.0244140625,-0.048828125,-0.09765625,-0.2685546875,-0.048828125,-1.1962890625,0.01220703125,0.7568359375,-0.146484375,-0.45166015625,-0.0244140625,1.08642578125,0.28076171875,3.5888671875,0.13427734375,1.96533203125,0.08544921875,0.7080078125,-0.50048828125,-0.18310546875,-0.29296875,-0.732421875,-0.3173828125,0.927734375,-0.06103515625,0.2685546875,-0.5126953125,-0.32958984375,0.25634765625,-0.79345703125,-0.2685546875,-0.42724609375,0.048828125,-0.7080078125,0.146484375,-0.1953125,0.28076171875,-0.69580078125,-0.78125,-0.048828125,0.28076171875,0.47607421875,-0.10986328125,1.77001953125,-0.28076171875,0.537109375,0.0732421875,-0.1953125,-0.37841796875,0.76904296875,0.0732421875,0.6591796875,0.10986328125,0.47607421875,-0.3173828125,0.537109375,-0.10986328125,0.146484375,0.28076171875,0.18310546875,-0.18310546875,1.0498046875,-0.06103515625,0.23193359375,0.048828125,0.2197265625,0.048828125,0.3173828125,-0.1220703125,0.91552734375,0.01220703125,0.03662109375,-0.18310546875,1.35498046875,-0.25634765625,-0.87890625,-0.20751953125,-0.29296875,-0.0244140625,-0.9521484375,-0.03662109375,-0.76904296875,0.15869140625,-1.4892578125,-0.341796875,-0.20751953125,0.01220703125,-0.29296875,-0.4638671875,-1.0986328125,-0.28076171875,-0.927734375,0.06103515625,-0.72021484375,-0.06103515625,-0.67138671875,-0.01220703125,-0.18310546875,0.08544921875,-0.72021484375,0.01220703125,-1.42822265625,-0.06103515625,-1.01318359375,0.0732421875,0.45166015625,-0.244140625,0.40283203125,-0.15869140625,0,-0.15869140625,0.048828125,-0.1708984375,0.13427734375,0.09765625,-0.03662109375,0.08544921875,0.86669921875,0.01220703125,-0.40283203125,0,-0.48828125
0,-0.01220703125,-0.30517578125,-0.048828125,-0.1220703125,-0.09765625,-0.4150390625,0.06103515625,-0.06103515625,-0.09765625,-0.23193359375,-0.048828125,-1.171875,-0.06103515625,0.81787109375,-0.1220703125,-0.42724609375,-0.03662109375,1.52587890625,0.1220703125,4.6142578125,0.13427734375,2.28271484375,-0.03662109375,1.0498046875,-0.45166015625,-0.1708984375,-0.32958984375,-0.74462890625,-0.20751953125,0.93994140625,0.0244140625,0.2685546875,-0.37841796875,-0.341796875,0.23193359375,-0.8056640625,-0.20751953125,-0.42724609375,0.08544921875,-0.732421875,0.18310546875,-0.20751953125,0.2197265625,-0.68359375,-0.7080078125,0.03662109375,0.3173828125,0.4150390625,-0.2197265625,1.52587890625,-0.2197265625,0.50048828125,0.08544921875,-0.1953125,-0.37841796875,0.7568359375,0.08544921875,0.67138671875,0.0732421875,0.47607421875,-0.40283203125,0.52490234375,-0.20751953125,0.13427734375,0.20751953125,0.20751953125,-0.32958984375,1.07421875,-0.1220703125,0.25634765625,0.03662109375,0.23193359375,-0.03662109375,0.3173828125,-0.15869140625,0.9033203125,0.03662109375,0.06103515625,-0.1953125,1.3671875,-0.20751953125,-0.87890625,-0.15869140625,-0.30517578125,-0.0244140625,-0.9765625,0.01220703125,-0.76904296875,0.1220703125,-1.50146484375,-0.32958984375,-0.23193359375,-0.0732421875,-0.29296875,-0.37841796875,-1.0986328125,-0.30517578125,-0.927734375,0.10986328125,-0.69580078125,-0.10986328125,-0.69580078125,0.06103515625,-0.1953125,0.0732421875,-0.7080078125,-0.08544921875,-1.42822265625,-0.09765625,-1.0009765625,0.146484375,0.42724609375,-0.244140625,0.32958984375,-0.15869140625,-0.08544921875,-0.15869140625,-0.0244140625,-0.2197265625,0.06103515625,0.06103515625,-0.048828125,0.0732421875,0.89111328125,0.048828125,-0.390625,0.03662109375,-0.4638671875
0,-0.01220703125,-0.32958984375,-0.06103515625,-0.1708984375,-0.10986328125,-0.40283203125,0.0732421875,-0.03662109375,-0.13427734375,-0.18310546875,-0.06103515625,-1.08642578125,0.01220703125,0.89111328125,-0.13427734375,-0.37841796875,-0.03662109375,1.9287109375,0.0732421875,5.55419921875,0.08544921875,2.57568359375,-0.146484375,1.3671875,-0.37841796875,-0.18310546875,-0.30517578125,-0.7568359375,-0.10986328125,0.93994140625,0.0732421875,0.25634765625,-0.1953125,-0.32958984375,0.15869140625,-0.830078125,-0.15869140625,-0.45166015625,0.09765625,-0.7080078125,0.244140625,-0.20751953125,0.146484375,-0.68359375,-0.5859375,0.10986328125,0.3662109375,0.3662109375,-0.28076171875,1.3427734375,-0.15869140625,0.47607421875,0.08544921875,-0.2197265625,-0.341796875,0.7568359375,0.048828125,0.6591796875,0.06103515625,0.45166015625,-0.48828125,0.5126953125,-0.2685546875,0.146484375,0.15869140625,0.2197265625,-0.3662109375,1.07421875,-0.10986328125,0.29296875,0,0.2685546875,-0.09765625,0.32958984375,-0.1953125,0.87890625,0.06103515625,0.0732421875,-0.1953125,1.37939453125,-0.2197265625,-0.9033203125,-0.06103515625,-0.3173828125,-0.048828125,-0.9765625,0.06103515625,-0.76904296875,0.0732421875,-1.52587890625,-0.29296875,-0.244140625,-0.18310546875,-0.2685546875,-0.18310546875,-1.11083984375,-0.29296875,-0.9521484375,0.0732421875,-0.67138671875,-0.15869140625,-0.74462890625,0.0732421875,-0.15869140625,0.01220703125,-0.7080078125,-0.18310546875,-1.42822265625,-0.13427734375,-1.01318359375,0.244140625,0.42724609375,-0.1953125,0.23193359375,-0.0732421875,-0.18310546875,-0.09765625,-0.1953125,-0.10986328125,-0.03662109375,0.03662109375,-0.03662109375,0.06103515625,0.9033203125,0.08544921875,-0.40283203125,0.0732421875,-0.439453125
0,0,-0.341796875,0,-0.244140625,-0.13427734375,-0.390625,0.08544921875,0,-0.1708984375,-0.1708984375,-0.0732421875,-1.0986328125,0.048828125,0.91552734375,-0.09765625,-0.32958984375,-0.06103515625,2.294921875,-0.06103515625,6.33544921875,-0.0244140625,2.83203125,-0.2197265625,1.611328125,-0.28076171875,-0.18310546875,-0.28076171875,-0.7568359375,0.01220703125,0.9521484375,0.048828125,0.25634765625,-0.048828125,-0.341796875,0.10986328125,-0.81787109375,-0.1708984375,-0.439453125,0.0732421875,-0.69580078125,0.2685546875,-0.2197265625,0.06103515625,-0.68359375,-0.5126953125,0.1708984375,0.35400390625,0.3173828125,-0.32958984375,1.220703125,-0.10986328125,0.47607421875,0.13427734375,-0.20751953125,-0.3173828125,0.76904296875,-0.0244140625,0.67138671875,0.03662109375,0.4638671875,-0.52490234375,0.52490234375,-0.23193359375,0.15869140625,0.06103515625,0.244140625,-0.42724609375,1.0986328125,-0.1220703125,0.28076171875,-0.06103515625,0.28076171875,-0.1220703125,0.32958984375,-0.20751953125,0.9033203125,0.10986328125,0.08544921875,-0.20751953125,1.37939453125,-0.23193359375,-0.91552734375,0.03662109375,-0.3173828125,-0.0244140625,-0.93994140625,0.09765625,-0.76904296875,-0.0244140625,-1.513671875,-0.244140625,-0.2685546875,-0.28076171875,-0.29296875,0.06103515625,-1.123046875,-0.2197265625,-0.96435546875,0.03662109375,-0.634765625,-0.1708984375,-0.78125,0.0732421875,-0.146484375,-0.08544921875,-0.69580078125,-0.23193359375,-1.42822265625,-0.1708984375,-1.01318359375,0.29296875,0.4150390625,-0.28076171875,0.15869140625,-0.1220703125,-0.2685546875,-0.15869140625,-0.30517578125,-0.1708984375,-0.146484375,0.03662109375,-0.03662109375,0.01220703125,0.9033203125,0.13427734375,-0.390625,0.0732421875,-0.42724609375
0,0.01220703125,-0.3662109375,-0.03662109375,-0.28076171875,-0.146484375,-0.37841796875,0.09765625,0.01220703125,-0.18310546875,-0.18310546875,-0.09765625,-1.06201171875,0.06103515625,0.927734375,-0.08544921875,-0.35400390625,-0.10986328125,2.5390625,-0.15869140625,6.9091796875,-0.146484375,2.978515625,-0.25634765625,1.77001953125,-0.15869140625,-0.15869140625,-0.23193359375,-0.74462890625,0.10986328125,0.93994140625,-0.01220703125,0.25634765625,0.03662109375,-0.30517578125,0.10986328125,-0.8056640625,-0.18310546875,-0.42724609375,0.0732421875,-0.7080078125,0.25634765625,-0.244140625,0.03662109375,-0.67138671875,-0.42724609375,0.2197265625,0.30517578125,0.29296875,-0.32958984375,1.1474609375,-0.048828125,0.47607421875,0.13427734375,-0.1953125,-0.2685546875,0.7568359375,-0.048828125,0.64697265625,0.0732421875,0.4638671875,-0.5615234375,0.5126953125,-0.1708984375,0.18310546875,-0.03662109375,0.25634765625,-0.439453125,1.07421875,-0.09765625,0.28076171875,-0.1220703125,0.2685546875,-0.15869140625,0.32958984375,-0.2197265625,0.89111328125,0.1708984375,0.0732421875,-0.1708984375,1.3671875,-0.25634765625,-0.927734375,0.1708984375,-0.29296875,-0.01220703125,-0.93994140625,0.09765625,-0.78125,-0.10986328125,-1.50146484375,-0.1708984375,-0.25634765625,-0.30517578125,-0.2685546875,0.28076171875,-1.13525390625,-0.08544921875,-0.9765625,0.0244140625,-0.6103515625,-0.1708984375,-0.8056640625,0.06103515625,-0.10986328125,-0.15869140625,-0.67138671875,-0.23193359375,-1.416015625,-0.20751953125,-1.01318359375,0.32958984375,0.40283203125,-0.28076171875,0.10986328125,-0.1220703125,-0.30517578125,-0.1708984375,-0.390625,-0.18310546875,-0.13427734375,0.0244140625,-0.03662109375,-0.01220703125,0.89111328125,0.15869140625,-0.4150390625,0.09765625,-0.42724609375
0,-0.01220703125,-0.341796875,0.0244140625,-0.3173828125,-0.1708984375,-0.37841796875,0.10986328125,0,-0.146484375,-0.2197265625,-0.10986328125,-1.08642578125,0.0244140625,0.91552734375,-0.08544921875,-0.37841796875,-0.1220703125,2.685546875,-0.18310546875,7.177734375,-0.244140625,3.076171875,-0.28076171875,1.85546875,-0.09765625,-0.146484375,-0.146484375,-0.74462890625,0.1220703125,0.9521484375,-0.09765625,0.25634765625,0.06103515625,-0.28076171875,0.146484375,-0.830078125,-0.23193359375,-0.4150390625,-0.01220703125,-0.69580078125,0.1708984375,-0.23193359375,0.01220703125,-0.69580078125,-0.3173828125,0.244140625,0.3173828125,0.30517578125,-0.28076171875,1.13525390625,-0.06103515625,0.52490234375,0.08544921875,-0.146484375,-0.244140625,0.78125,-0.06103515625,0.6591796875,0.08544921875,0.45166015625,-0.54931640625,0.50048828125,-0.08544921875,0.1708984375,-0.146484375,0.25634765625,-0.40283203125,1.08642578125,-0.10986328125,0.29296875,-0.1953125,0.30517578125,-0.18310546875,0.341796875,-0.2197265625,0.8544921875,0.2197265625,0.048828125,-0.146484375,1.37939453125,-0.2685546875,-0.9765625,0.244140625,-0.30517578125,-0.03662109375,-0.93994140625,0.0732421875,-0.7568359375,-0.18310546875,-1.513671875,-0.09765625,-0.2685546875,-0.29296875,-0.25634765625,0.439453125,-1.1474609375,-0.0244140625,-0.96435546875,-0.09765625,-0.5859375,-0.18310546875,-0.79345703125,0,-0.06103515625,-0.2197265625,-0.69580078125,-0.1708984375,-1.4404296875,-0.23193359375,-1.0009765625,0.35400390625,0.40283203125,-0.244140625,0.1953125,-0.048828125,-0.2685546875,-0.1220703125,-0.40283203125,-0.0732421875,-0.0732421875,0.0244140625,-0.048828125,-0.06103515625,0.9033203125,0.1708984375,-0.4150390625,0.09765625,-0.42724609375
0,-0.0244140625,-0.35400390625,0.0244140625,-0.32958984375,-0.1708984375,-0.37841796875,0.1220703125,0,-0.1220703125,-0.28076171875,-0.1220703125,-1.11083984375,0.08544921875,0.89111328125,-0.06103515625,-0.439453125,-0.1708984375,2.7099609375,-0.18310546875,7.177734375,-0.341796875,3.08837890625,-0.28076171875,1.86767578125,-0.06103515625,-0.13427734375,-0.06103515625,-0.76904296875,0.146484375,0.9521484375,-0.146484375,0.2685546875,0,-0.28076171875,0.20751953125,-0.81787109375,-0.244140625,-0.4150390625,-0.06103515625,-0.69580078125,0.0732421875,-0.1953125,0.0732421875,-0.69580078125,-0.390625,0.18310546875,0.20751953125,0.35400390625,-0.3662109375,1.220703125,-0.06103515625,0.54931640625,0.01220703125,-0.1220703125,-0.25634765625,0.79345703125,-0.1220703125,0.6591796875,0.10986328125,0.45166015625,-0.48828125,0.5126953125,0.03662109375,0.15869140625,-0.28076171875,0.2685546875,-0.40283203125,1.07421875,-0.10986328125,0.29296875,-0.20751953125,0.29296875,-0.23193359375,0.341796875,-0.1708984375,0.86669921875,0.244140625,0.0732421875,-0.18310546875,1.37939453125,-0.20751953125,-0.9765625,0.2685546875,-0.29296875,-0.06103515625,-0.927734375,0.01220703125,-0.7568359375,-0.2197265625,-1.513671875,-0.048828125,-0.244140625,-0.1708984375,-0.2685546875,0.4638671875,-1.18408203125,0.048828125,-0.9033203125,-0.0732421875,-0.5615234375,-0.1953125,-0.76904296875,-0.06103515625,-0.0244140625,-0.25634765625,-0.7080078125,-0.08544921875,-1.42822265625,-0.2685546875,-0.98876953125,0.29296875,0.42724609375,-0.3173828125,0.341796875,-0.0732421875,-0.1220703125,-0.15869140625,-0.3173828125,-0.13427734375,0.09765625,0.03662109375,-0.03662109375,-0.10986328125,0.87890625,0.1708984375,-0.4150390625,0.08544921875,-0.4638671875
0,-0.048828125,-0.341796875,0.03662109375,-0.341796875,-0.15869140625,-0.40283203125,0.10986328125,-0.0244140625,-0.10986328125,-0.35400390625,-0.1220703125,-1.1474609375,0.09765625,0.9033203125,-0.0244140625,-0.4638671875,-0.1708984375,2.62451171875,-0.13427734375,6.92138671875,-0.37841796875,3.0029296875,-0.2685546875,1.74560546875,-0.0732421875,-0.1220703125,0.0244140625,-0.76904296875,0.08544921875,0.9521484375,-0.1708984375,0.2685546875,-0.06103515625,-0.244140625,0.25634765625,-0.830078125,-0.2685546875,-0.37841796875,-0.13427734375,-0.68359375,-0.10986328125,-0.1953125,0.13427734375,-0.69580078125,-0.439453125,0.1220703125,0.23193359375,0.37841796875,-0.37841796875,1.35498046875,-0.0732421875,0.57373046875,-0.06103515625,-0.10986328125,-0.341796875,0.78125,-0.146484375,0.6591796875,0.13427734375,0.439453125,-0.42724609375,0.5126953125,0.10986328125,0.15869140625,-0.35400390625,0.25634765625,-0.37841796875,1.07421875,-0.10986328125,0.244140625,-0.23193359375,0.29296875,-0.2197265625,0.341796875,-0.1708984375,0.830078125,0.23193359375,0.0732421875,-0.15869140625,1.37939453125,-0.146484375,-1.0009765625,0.23193359375,-0.2685546875,-0.08544921875,-0.9521484375,-0.048828125,-0.74462890625,-0.20751953125,-1.47705078125,-0.03662109375,-0.244140625,-0.01220703125,-0.30517578125,0.40283203125,-1.171875,0.06103515625,-0.84228515625,-0.01220703125,-0.537109375,-0.18310546875,-0.74462890625,-0.1220703125,0.01220703125,-0.20751953125,-0.7080078125,-0.01220703125,-1.45263671875,-0.28076171875,-1.0009765625,0.23193359375,0.45166015625,-0.3173828125,0.57373046875,-0.0244140625,0.08544921875,-0.146484375,-0.13427734375,-0.1220703125,0.3173828125,0.03662109375,-0.048828125,-0.13427734375,0.84228515625,0.15869140625,-0.4150390625,0.06103515625,-0.4638671875
0,-0.03662109375,-0.32958984375,0.0732421875,-0.3173828125,-0.15869140625,-0.40283203125,0.09765625,-0.0244140625,-0.09765625,-0.3662109375,-0.09765625,-1.171875,0.10986328125,0.9521484375,0,-0.4638671875,-0.20751953125,2.42919921875,-0.08544921875,6.43310546875,-0.390625,2.83203125,-0.23193359375,1.5869140625,-0.0732421875,-0.08544921875,0.09765625,-0.74462890625,0.01220703125,0.9521484375,-0.1708984375,0.2685546875,-0.09765625,-0.23193359375,0.3662109375,-0.830078125,-0.28076171875,-0.37841796875,-0.1953125,-0.68359375,-0.2685546875,-0.1708984375,0.1953125,-0.7080078125,-0.5859375,-0.01220703125,0.1953125,0.42724609375,-0.439453125,1.50146484375,-0.0732421875,0.5615234375,-0.1708984375,-0.09765625,-0.40283203125,0.76904296875,-0.1708984375,0.634765625,0.1708984375,0.45166015625,-0.3173828125,0.52490234375,0.1953125,0.146484375,-0.37841796875,0.28076171875,-0.35400390625,1.08642578125,-0.1220703125,0.20751953125,-0.25634765625,0.2685546875,-0.18310546875,0.341796875,-0.146484375,0.81787109375,0.23193359375,0.048828125,-0.1220703125,1.3916015625,-0.06103515625,-1.0009765625,0.1708984375,-0.244140625,-0.08544921875,-0.98876953125,-0.146484375,-0.7568359375,-0.146484375,-1.46484375,-0.06103515625,-0.25634765625,0.15869140625,-0.29296875,0.28076171875,-1.18408203125,0.08544921875,-0.8056640625,0.03662109375,-0.50048828125,-0.15869140625,-0.69580078125,-0.1953125,0.048828125,-0.146484375,-0.72021484375,0.03662109375,-1.47705078125,-0.30517578125,-1.0009765625,0.146484375,0.4638671875,-0.2685546875,0.86669921875,0.01220703125,0.3662109375,-0.10986328125,0.0732421875,-0.01220703125,0.57373046875,0.03662109375,-0.06103515625,-0.13427734375,0.830078125,0.1708984375,-0.42724609375,0.06103515625,-0.50048828125
0,-0.03662109375,-0.32958984375,0.08544921875,-0.29296875,-0.1708984375,-0.40283203125,0.08544921875,-0.0244140625,-0.08544921875,-0.35400390625,-0.13427734375,-1.15966796875,0.10986328125,1.11083984375,0.01220703125,-0.42724609375,-0.18310546875,2.1484375,-0.03662109375,5.74951171875,-0.30517578125,2.587890625,-0.20751953125,1.3671875,-0.08544921875,-0.09765625,0.1220703125,-0.7568359375,-0.08544921875,0.9765625,-0.1953125,0.28076171875,-0.1708984375,-0.25634765625,0.390625,-0.830078125,-0.30517578125,-0.35400390625,-0.244140625,-0.67138671875,-0.4150390625,-0.18310546875,0.2197265625,-0.68359375,-0.7080078125,-0.1953125,0.15869140625,0.47607421875,-0.45166015625,1.64794921875,-0.10986328125,0.57373046875,-0.29296875,-0.10986328125,-0.48828125,0.7568359375,-0.15869140625,0.634765625,0.20751953125,0.48828125,-0.1953125,0.52490234375,0.244140625,0.146484375,-0.3662109375,0.28076171875,-0.2685546875,1.06201171875,-0.146484375,0.1953125,-0.244140625,0.25634765625,-0.1953125,0.35400390625,-0.09765625,0.79345703125,0.244140625,0.048828125,-0.08544921875,1.3916015625,-0.0244140625,-1.01318359375,0.048828125,-0.2685546875,-0.08544921875,-0.98876953125,-0.20751953125,-0.76904296875,-0.0732421875,-1.46484375,-0.09765625,-0.25634765625,0.29296875,-0.3173828125,0.13427734375,-1.18408203125,0.06103515625,-0.7568359375,0.10986328125,-0.47607421875,-0.1953125,-0.6591796875,-0.23193359375,0.048828125,-0.0244140625,-0.72021484375,0.06103515625,-1.46484375,-0.3173828125,-1.0009765625,0.08544921875,0.47607421875,-0.30517578125,1.18408203125,-0.048828125,0.68359375,-0.15869140625,0.32958984375,-0.10986328125,0.86669921875,0.0244140625,-0.06103515625,-0.15869140625,0.81787109375,0.13427734375,-0.45166015625,0.048828125,-0.50048828125
1,-0.048828125,-0.30517578125,0.0732421875,-0.25634765625,-0.146484375,-0.40283203125,0.08544921875,-0.03662109375,-0.1220703125,-0.30517578125,-0.146484375,-1.11083984375,0.09765625,1.37939453125,0,-0.35400390625,-0.13427734375,1.7822265625,0.01220703125,4.9560546875,-0.13427734375,2.30712890625,-0.1708984375,1.07421875,-0.08544921875,-0.08544921875,0.09765625,-0.74462890625,-0.1708984375,0.93994140625,-0.2197265625,0.28076171875,-0.20751953125,-0.25634765625,0.37841796875,-0.84228515625,-0.32958984375,-0.390625,-0.30517578125,-0.67138671875,-0.4638671875,-0.1708984375,0.18310546875,-0.68359375,-0.79345703125,-0.32958984375,0.20751953125,0.5126953125,-0.4638671875,1.79443359375,-0.20751953125,0.5615234375,-0.3662109375,-0.13427734375,-0.54931640625,0.7568359375,-0.1220703125,0.634765625,0.25634765625,0.47607421875,-0.08544921875,0.52490234375,0.25634765625,0.1220703125,-0.37841796875,0.29296875,-0.18310546875,1.07421875,-0.1708984375,0.1953125,-0.23193359375,0.244140625,-0.2197265625,0.3662109375,-0.09765625,0.76904296875,0.18310546875,0.03662109375,0.01220703125,1.40380859375,0.01220703125,-1.01318359375,-0.06103515625,-0.25634765625,-0.146484375,-1.0009765625,-0.2685546875,-0.76904296875,0.0244140625,-1.46484375,-0.15869140625,-0.2685546875,0.3173828125,-0.35400390625,0.0244140625,-1.1474609375,0.0244140625,-0.732421875,0.13427734375,-0.47607421875,-0.2197265625,-0.634765625,-0.23193359375,0.0732421875,0.1220703125,-0.732421875,0.06103515625,-1.46484375,-0.3173828125,-1.01318359375,0.03662109375,0.47607421875,-0.29296875,1.46484375,-0.06103515625,0.96435546875,-0.146484375,0.57373046875,-0.08544921875,1.08642578125,0.0244140625,-0.06103515625,-0.13427734375,0.81787109375,0.10986328125,-0.42724609375,0.03662109375,-0.5126953125
1,-0.06103515625,-0.28076171875,0.1220703125,-0.2685546875,-0.15869140625,-0.37841796875,0.1220703125,-0.048828125,-0.09765625,-0.15869140625,-0.13427734375,-1.025390625,0.1220703125,1.7578125,0.0244140625,-0.244140625,-0.0732421875,1.3916015625,0.03662109375,4.13818359375,0.03662109375,2.0263671875,-0.10986328125,0.79345703125,-0.0732421875,-0.08544921875,0.01220703125,-0.76904296875,-0.25634765625,0.98876953125,-0.2685546875,0.28076171875,-0.2197265625,-0.28076171875,0.341796875,-0.830078125,-0.3173828125,-0.37841796875,-0.3662109375,-0.67138671875,-0.42724609375,-0.1953125,0.13427734375,-0.68359375,-0.8056640625,-0.4638671875,0.23193359375,0.5126953125,-0.57373046875,1.86767578125,-0.2197265625,0.537109375,-0.4150390625,-0.13427734375,-0.54931640625,0.74462890625,-0.08544921875,0.64697265625,0.28076171875,0.47607421875,-0.01220703125,0.52490234375,0.244140625,0.10986328125,-0.390625,0.3662109375,-0.08544921875,1.08642578125,-0.1953125,0.1708984375,-0.18310546875,0.25634765625,-0.23193359375,0.37841796875,-0.0244140625,0.78125,0.13427734375,0.03662109375,0.1220703125,1.40380859375,0.0244140625,-0.93994140625,-0.1708984375,-0.25634765625,-0.1708984375,-0.9765625,-0.30517578125,-0.732421875,0.1220703125,-1.45263671875,-0.18310546875,-0.244140625,0.29296875,-0.30517578125,-0.0244140625,-1.13525390625,-0.0244140625,-0.732421875,0.1708984375,-0.4638671875,-0.2197265625,-0.62255859375,-0.23193359375,0.048828125,0.20751953125,-0.72021484375,0.0244140625,-1.46484375,-0.32958984375,-1.0009765625,0,0.47607421875,-0.28076171875,1.66015625,-0.048828125,1.1962890625,-0.146484375,0.72021484375,-0.06103515625,1.25732421875,0.0244140625,-0.048828125,-0.10986328125,0.81787109375,0.0732421875,-0.439453125,0.01220703125,-0.50048828125
1,-0.06103515625,-0.29296875,0.0732421875,-0.28076171875,-0.13427734375,-0.3662109375,0.13427734375,-0.03662109375,-0.08544921875,0,-0.1708984375,-0.9033203125,0.10986328125,2.24609375,-0.01220703125,-0.09765625,0,0.9765625,0.06103515625,3.2958984375,0.20751953125,1.74560546875,-0.048828125,0.4638671875,-0.0732421875,-0.09765625,-0.08544921875,-0.76904296875,-0.32958984375,0.98876953125,-0.30517578125,0.28076171875,-0.18310546875,-0.28076171875,0.2685546875,-0.8544921875,-0.3173828125,-0.37841796875,-0.4150390625,-0.68359375,-0.29296875,-0.18310546875,0.08544921875,-0.67138671875,-0.8056640625,-0.5859375,0.1708984375,0.5126953125,-0.634765625,1.86767578125,-0.25634765625,0.47607421875,-0.4150390625,-0.1708984375,-0.50048828125,0.7568359375,-0.0732421875,0.64697265625,0.2685546875,0.48828125,0.048828125,0.52490234375,0.20751953125,0.10986328125,-0.37841796875,0.35400390625,-0.01220703125,1.08642578125,-0.20751953125,0.18310546875,-0.1708984375,0.244140625,-0.23193359375,0.35400390625,0.0244140625,0.8056640625,0.08544921875,0.03662109375,0.20751953125,1.416015625,-0.06103515625,-0.9033203125,-0.244140625,-0.244140625,-0.15869140625,-0.96435546875,-0.28076171875,-0.74462890625,0.1953125,-1.46484375,-0.20751953125,-0.23193359375,0.1708984375,-0.2685546875,-0.03662109375,-1.123046875,-0.146484375,-0.8056640625,0.25634765625,-0.50048828125,-0.1953125,-0.6591796875,-0.1708984375,0.01220703125,0.29296875,-0.68359375,0.03662109375,-1.4404296875,-0.32958984375,-1.01318359375,-0.048828125,0.45166015625,-0.244140625,1.7578125,-0.03662109375,1.318359375,-0.146484375,0.79345703125,-0.048828125,1.318359375,0.01220703125,-0.048828125,-0.09765625,0.8544921875,0.06103515625,-0.45166015625,0,-0.48828125
1,0,-0.30517578125,0.13427734375,-0.29296875,-0.13427734375,-0.3662109375,0.146484375,-0.03662109375,-0.06103515625,0.1953125,-0.15869140625,-0.7568359375,0,2.81982421875,-0.0244140625,0.08544921875,0.048828125,0.57373046875,0.08544921875,2.5146484375,0.341796875,1.46484375,0,0.18310546875,-0.08544921875,-0.10986328125,-0.18310546875,-0.76904296875,-0.35400390625,0.9765625,-0.3173828125,0.28076171875,-0.1708984375,-0.30517578125,0.18310546875,-0.8544921875,-0.29296875,-0.40283203125,-0.4150390625,-0.7080078125,-0.18310546875,-0.20751953125,0.0244140625,-0.69580078125,-0.7568359375,-0.6591796875,0.15869140625,0.50048828125,-0.6591796875,1.77001953125,-0.244140625,0.4638671875,-0.390625,-0.20751953125,-0.439453125,0.76904296875,-0.06103515625,0.6591796875,0.28076171875,0.50048828125,0.048828125,0.50048828125,0.10986328125,0.1220703125,-0.35400390625,0.32958984375,0.03662109375,1.11083984375,-0.2197265625,0.18310546875,-0.13427734375,0.25634765625,-0.244140625,0.37841796875,0.048828125,0.79345703125,0.048828125,0.01220703125,0.30517578125,1.40380859375,-0.09765625,-0.86669921875,-0.25634765625,-0.2685546875,-0.146484375,-0.98876953125,-0.2197265625,-0.74462890625,0.1953125,-1.46484375,-0.18310546875,-0.2197265625,-0.03662109375,-0.25634765625,0,-1.13525390625,-0.244140625,-0.87890625,0.2197265625,-0.537109375,-0.18310546875,-0.69580078125,-0.0732421875,-0.0244140625,0.35400390625,-0.6591796875,0.01220703125,-1.42822265625,-0.3173828125,-1.025390625,-0.048828125,0.45166015625,-0.244140625,1.77001953125,-0.01220703125,1.3671875,-0.13427734375,0.8056640625,-0.03662109375,1.2939453125,-0.01220703125,-0.03662109375,-0.0732421875,0.81787109375,0.03662109375,-0.4638671875,0,-0.50048828125
1,0.03662109375,-0.3173828125,0.146484375,-0.3173828125,-0.15869140625,-0.3662109375,0.1708984375,-0.0244140625,-0.08544921875,0.4150390625,-0.1953125,-0.5615234375,-0.09765625,3.43017578125,-0.03662109375,0.29296875,0.06103515625,0.18310546875,0.1220703125,1.79443359375,0.4150390625,1.2451171875,0.03662109375,-0.09765625,-0.10986328125,-0.13427734375,-0.244140625,-0.76904296875,-0.32958984375,0.96435546875,-0.244140625,0.28076171875,-0.13427734375,-0.3173828125,0.10986328125,-0.86669921875,-0.2685546875,-0.4150390625,-0.341796875,-0.72021484375,-0.03662109375,-0.23193359375,-0.048828125,-0.7080078125,-0.69580078125,-0.67138671875,0.1220703125,0.45166015625,-0.7080078125,1.59912109375,-0.25634765625,0.4638671875,-0.30517578125,-0.20751953125,-0.37841796875,0.78125,-0.0732421875,0.64697265625,0.28076171875,0.50048828125,0.01220703125,0.5126953125,0.0244140625,0.15869140625,-0.2685546875,0.3173828125,0.08544921875,1.11083984375,-0.20751953125,0.18310546875,-0.1220703125,0.25634765625,-0.244140625,0.35400390625,0.048828125,0.830078125,0.048828125,0.0244140625,0.29296875,1.40380859375,-0.15869140625,-0.91552734375,-0.2197265625,-0.28076171875,-0.09765625,-1.0009765625,-0.15869140625,-0.74462890625,0.146484375,-1.50146484375,-0.1708984375,-0.23193359375,-0.2197265625,-0.30517578125,0.03662109375,-1.13525390625,-0.2685546875,-0.98876953125,0.146484375,-0.537109375,-0.146484375,-0.7568359375,0,-0.048828125,0.341796875,-0.6591796875,0.0244140625,-1.42822265625,-0.2685546875,-1.025390625,-0.01220703125,0.42724609375,-0.23193359375,1.6845703125,0,1.33056640625,-0.13427734375,0.72021484375,-0.048828125,1.15966796875,-0.03662109375,-0.048828125,-0.06103515625,0.830078125,-0.01220703125,-0.4638671875,-0.0244140625,-0.5126953125
1,0.0732421875,-0.341796875,0.09765625,-0.35400390625,-0.15869140625,-0.37841796875,0.1953125,-0.0244140625,-0.09765625,0.6591796875,-0.20751953125,-0.390625,-0.0244140625,4.04052734375,-0.03662109375,0.537109375,0.06103515625,-0.1953125,0.18310546875,1.13525390625,0.40283203125,1.01318359375,0.06103515625,-0.341796875,-0.1220703125,-0.146484375,-0.2685546875,-0.78125,-0.28076171875,0.9521484375,-0.15869140625,0.28076171875,-0.146484375,-0.35400390625,0.03662109375,-0.8544921875,-0.23193359375,-0.45166015625,-0.2685546875,-0.72021484375,0.0732421875,-0.25634765625,-0.0244140625,-0.72021484375,-0.5615234375,-0.64697265625,0.13427734375,0.439453125,-0.732421875,1.42822265625,-0.23193359375,0.47607421875,-0.2197265625,-0.1953125,-0.341796875,0.78125,-0.09765625,0.6591796875,0.28076171875,0.48828125,-0.08544921875,0.50048828125,0.01220703125,0.1708984375,-0.18310546875,0.29296875,0.09765625,1.11083984375,-0.1708984375,0.1953125,-0.13427734375,0.244140625,-0.20751953125,0.35400390625,0.0732421875,0.84228515625,0.01220703125,0,0.30517578125,1.3916015625,-0.25634765625,-0.9765625,-0.10986328125,-0.30517578125,-0.09765625,-0.9765625,-0.048828125,-0.7568359375,0.0732421875,-1.50146484375,-0.13427734375,-0.1953125,-0.390625,-0.3173828125,0.048828125,-1.13525390625,-0.341796875,-1.07421875,0.0244140625,-0.59814453125,-0.0732421875,-0.81787109375,0.06103515625,-0.0732421875,0.29296875,-0.6591796875,0.03662109375,-1.42822265625,-0.1953125,-1.01318359375,0.048828125,0.40283203125,-0.23193359375,1.50146484375,0.01220703125,1.1962890625,-0.13427734375,0.59814453125,-0.06103515625,1.0009765625,-0.0244140625,-0.048828125,-0.048828125,0.81787109375,-0.01220703125,-0.439453125,-0.0244140625,-0.5126953125
1,0.06103515625,-0.341796875,0.18310546875,-0.35400390625,-0.1220703125,-0.37841796875,0.1953125,0,-0.10986328125,0.8544921875,-0.1953125,-0.2197265625,-0.01220703125,4.6142578125,-0.01220703125,0.74462890625,-0.01220703125,-0.50048828125,0.244140625,0.57373046875,0.3173828125,0.8544921875,0.10986328125,-0.52490234375,-0.1220703125,-0.146484375,-0.2685546875,-0.78125,-0.20751953125,0.96435546875,-0.01220703125,0.2685546875,-0.1708984375,-0.32958984375,0.08544921875,-0.84228515625,-0.2197265625,-0.45166015625,-0.1953125,-0.732421875,0.13427734375,-0.244140625,0.03662109375,-0.7080078125,-0.45166015625,-0.5615234375,0.146484375,0.42724609375,-0.78125,1.23291015625,-0.18310546875,0.48828125,-0.08544921875,-0.1953125,-0.244140625,0.79345703125,-0.13427734375,0.64697265625,0.244140625,0.4638671875,-0.15869140625,0.5126953125,0.01220703125,0.18310546875,-0.0732421875,0.2685546875,0.13427734375,1.0986328125,-0.1220703125,0.25634765625,-0.1708984375,0.25634765625,-0.146484375,0.341796875,0.06103515625,0.8544921875,0.01220703125,0.01220703125,0.32958984375,1.3916015625,-0.244140625,-1.0009765625,0,-0.30517578125,-0.03662109375,-0.9521484375,0.0244140625,-0.74462890625,0,-1.50146484375,-0.13427734375,-0.1953125,-0.48828125,-0.30517578125,0.06103515625,-1.08642578125,-0.32958984375,-1.123046875,-0.09765625,-0.62255859375,0.01220703125,-0.86669921875,0.13427734375,-0.09765625,0.2197265625,-0.67138671875,0.06103515625,-1.40380859375,-0.1220703125,-1.0009765625,0.10986328125,0.40283203125,-0.1953125,1.3427734375,0.048828125,1.06201171875,-0.1220703125,0.48828125,-0.0244140625,0.830078125,-0.03662109375,-0.048828125,-0.0244140625,0.84228515625,-0.01220703125,-0.439453125,-0.048828125,-0.5126953125
1,0.048828125,-0.35400390625,0.1953125,-0.341796875,-0.08544921875,-0.40283203125,0.2197265625,0.01220703125,-0.09765625,1.01318359375,-0.1953125,-0.06103515625,-0.0244140625,5.11474609375,0.01220703125,0.9521484375,-0.08544921875,-0.7568359375,0.3173828125,0.08544921875,0.146484375,0.732421875,0.15869140625,-0.7080078125,-0.1220703125,-0.1220703125,-0.23193359375,-0.76904296875,-0.1953125,0.96435546875,0.0732421875,0.28076171875,-0.2197265625,-0.32958984375,0.18310546875,-0.81787109375,-0.2197265625,-0.439453125,-0.18310546875,-0.72021484375,0.13427734375,-0.25634765625,0.146484375,-0.732421875,-0.42724609375,-0.47607421875,0.10986328125,0.42724609375,-0.84228515625,1.08642578125,-0.146484375,0.48828125,0.0244140625,-0.1708984375,-0.13427734375,0.79345703125,-0.13427734375,0.634765625,0.1953125,0.439453125,-0.23193359375,0.52490234375,0.01220703125,0.18310546875,0.08544921875,0.23193359375,0.15869140625,1.0986328125,-0.06103515625,0.2685546875,-0.20751953125,0.25634765625,-0.09765625,0.3173828125,0.06103515625,0.89111328125,0,0.0244140625,0.30517578125,1.3671875,-0.23193359375,-0.96435546875,0.10986328125,-0.3173828125,0.01220703125,-0.93994140625,0.08544921875,-0.732421875,-0.08544921875,-1.50146484375,-0.146484375,-0.18310546875,-0.48828125,-0.29296875,0,-1.07421875,-0.3173828125,-1.15966796875,-0.18310546875,-0.64697265625,0.0732421875,-0.89111328125,0.146484375,-0.1220703125,0.09765625,-0.67138671875,0.06103515625,-1.42822265625,-0.06103515625,-0.9765625,0.15869140625,0.4150390625,-0.20751953125,1.1962890625,0.06103515625,0.927734375,-0.10986328125,0.40283203125,0.0244140625,0.68359375,-0.06103515625,-0.06103515625,-0.03662109375,0.84228515625,-0.01220703125,-0.439453125,-0.03662109375,-0.52490234375
1,0.06103515625,-0.3662109375,0.18310546875,-0.341796875,-0.06103515625,-0.390625,0.23193359375,0.0244140625,-0.09765625,1.13525390625,-0.244140625,0.048828125,-0.048828125,5.4931640625,0.048828125,1.1474609375,-0.1953125,-0.9521484375,0.3662109375,-0.35400390625,-0.0244140625,0.634765625,0.2197265625,-0.84228515625,-0.146484375,-0.1220703125,-0.13427734375,-0.76904296875,-0.1220703125,0.93994140625,0.146484375,0.28076171875,-0.25634765625,-0.29296875,0.29296875,-0.830078125,-0.20751953125,-0.439453125,-0.13427734375,-0.72021484375,0.048828125,-0.244140625,0.25634765625,-0.72021484375,-0.390625,-0.37841796875,0.1220703125,0.439453125,-0.84228515625,1.01318359375,-0.10986328125,0.52490234375,0.09765625,-0.146484375,-0.048828125,0.79345703125,-0.1220703125,0.634765625,0.13427734375,0.439453125,-0.3173828125,0.5126953125,0.03662109375,0.1953125,0.1708984375,0.1953125,0.10986328125,1.06201171875,-0.0244140625,0.29296875,-0.23193359375,0.2685546875,-0.0244140625,0.3173828125,0.0732421875,0.86669921875,-0.0244140625,0.0244140625,0.28076171875,1.37939453125,-0.20751953125,-0.93994140625,0.1953125,-0.30517578125,0.01220703125,-0.927734375,0.10986328125,-0.72021484375,-0.13427734375,-1.47705078125,-0.20751953125,-0.15869140625,-0.40283203125,-0.25634765625,-0.0244140625,-1.0986328125,-0.244140625,-1.15966796875,-0.20751953125,-0.634765625,0.0732421875,-0.86669921875,0.146484375,-0.10986328125,-0.0244140625,-0.69580078125,0.03662109375,-1.42822265625,-0.03662109375,-0.98876953125,0.18310546875,0.4150390625,-0.1953125,1.08642578125,0.09765625,0.830078125,-0.10986328125,0.35400390625,0.10986328125,0.59814453125,-0.0732421875,-0.0732421875,-0.0244140625,0.830078125,-0.0244140625,-0.45166015625,-0.0244140625,-0.5126953125
1,0.08544921875,-0.35400390625,0.23193359375,-0.3173828125,-0.048828125,-0.4150390625,0.20751953125,0.01220703125,-0.08544921875,1.171875,-0.244140625,0.146484375,-0.09765625,5.76171875,0.0732421875,1.25732421875,-0.29296875,-1.08642578125,0.35400390625,-0.68359375,-0.20751953125,0.5615234375,0.244140625,-0.96435546875,-0.13427734375,-0.10986328125,-0.048828125,-0.7568359375,-0.03662109375,0.96435546875,0.18310546875,0.29296875,-0.28076171875,-0.23193359375,0.390625,-0.81787109375,-0.1708984375,-0.42724609375,-0.1220703125,-0.7080078125,0.03662109375,-0.1953125,0.390625,-0.7080078125,-0.3662109375,-0.3173828125,0.0732421875,0.48828125,-0.8544921875,1.0009765625,-0.1220703125,0.50048828125,0.15869140625,-0.08544921875,0.0244140625,0.79345703125,-0.1220703125,0.62255859375,0.048828125,0.42724609375,-0.40283203125,0.52490234375,0.06103515625,0.18310546875,0.35400390625,0.1708984375,0.09765625,1.0498046875,0.0244140625,0.3173828125,-0.2197265625,0.2685546875,-0.0244140625,0.30517578125,0.08544921875,0.86669921875,-0.0244140625,0.03662109375,0.2197265625,1.3671875,-0.09765625,-0.9033203125,0.1953125,-0.30517578125,0.0244140625,-0.927734375,0.146484375,-0.7080078125,-0.13427734375,-1.46484375,-0.23193359375,-0.146484375,-0.244140625,-0.23193359375,-0.048828125,-1.123046875,-0.1708984375,-1.0986328125,-0.09765625,-0.6591796875,0.048828125,-0.830078125,0.1220703125,-0.09765625,-0.13427734375,-0.69580078125,-0.06103515625,-1.416015625,0,-1.0009765625,0.146484375,0.42724609375,-0.18310546875,1.06201171875,0.0732421875,0.79345703125,-0.13427734375,0.32958984375,0.0732421875,0.59814453125,-0.08544921875,-0.06103515625,-0.01220703125,0.830078125,0,-0.47607421875,-0.01220703125,-0.5126953125
1,0.09765625,-0.32958984375,0.1953125,-0.30517578125,-0.048828125,-0.439453125,0.1953125,-0.01220703125,-0.06103515625,1.1962890625,-0.2685546875,0.15869140625,-0.01220703125,5.908203125,0.09765625,1.30615234375,-0.35400390625,-1.171875,0.3173828125,-0.927734375,-0.30517578125,0.50048828125,0.2197265625,-1.03759765625,-0.13427734375,-0.0732421875,0.01220703125,-0.74462890625,-0.01220703125,0.9521484375,0.18310546875,0.29296875,-0.30517578125,-0.244140625,0.47607421875,-0.81787109375,-0.15869140625,-0.40283203125,-0.08544921875,-0.68359375,-0.0244140625,-0.1953125,0.45166015625,-0.7080078125,-0.341796875,-0.29296875,0.13427734375,0.537109375,-0.96435546875,1.07421875,-0.09765625,0.52490234375,0.1708984375,-0.0732421875,0.09765625,0.78125,-0.1953125,0.634765625,-0.0244140625,0.439453125,-0.47607421875,0.5126953125,0.08544921875,0.146484375,0.48828125,0.1708984375,0.06103515625,1.03759765625,0.03662109375,0.30517578125,-0.20751953125,0.25634765625,-0.01220703125,0.29296875,0.1220703125,0.8544921875,-0.048828125,0.0732421875,0.146484375,1.3916015625,-0.01220703125,-0.89111328125,0.15869140625,-0.30517578125,0.01220703125,-0.91552734375,0.146484375,-0.72021484375,-0.13427734375,-1.45263671875,-0.2685546875,-0.146484375,-0.06103515625,-0.244140625,-0.03662109375,-1.1474609375,-0.146484375,-1.01318359375,-0.06103515625,-0.64697265625,-0.01220703125,-0.78125,0.10986328125,-0.10986328125,-0.2197265625,-0.72021484375,-0.13427734375,-1.42822265625,-0.01220703125,-1.0009765625,0.08544921875,0.42724609375,-0.13427734375,1.0986328125,0.1220703125,0.8056640625,-0.08544921875,0.390625,0.146484375,0.634765625,-0.10986328125,-0.08544921875,-0.01220703125,0.81787109375,0,-0.45166015625,0.01220703125,-0.50048828125
1,0.0732421875,-0.30517578125,0.2197265625,-0.30517578125,-0.048828125,-0.42724609375,0.1953125,-0.03662109375,-0.06103515625,1.171875,-0.2685546875,0.15869140625,0.0244140625,5.95703125,0.1220703125,1.318359375,-0.4150390625,-1.1962890625,0.18310546875,-1.0986328125,-0.42724609375,0.47607421875,0.06103515625,-1.06201171875,-0.08544921875,-0.08544921875,0.0244140625,-0.74462890625,0.0732421875,0.96435546875,0.1708984375,0.30517578125,-0.29296875,-0.2197265625,0.48828125,-0.8056640625,-0.09765625,-0.40283203125,-0.10986328125,-0.68359375,-0.048828125,-0.18310546875,0.42724609375,-0.68359375,-0.3662109375,-0.29296875,0.1708984375,0.5615234375,-1.0009765625,1.220703125,-0.06103515625,0.5126953125,0.15869140625,-0.0732421875,0.09765625,0.7568359375,-0.146484375,0.634765625,-0.0244140625,0.4638671875,-0.48828125,0.52490234375,0.09765625,0.15869140625,0.6103515625,0.20751953125,0.03662109375,1.025390625,0.06103515625,0.29296875,-0.15869140625,0.2685546875,-0.03662109375,0.29296875,0.146484375,0.830078125,-0.0244140625,0.08544921875,0.09765625,1.3671875,0.0732421875,-0.86669921875,0.09765625,-0.29296875,0.01220703125,-0.927734375,0.146484375,-0.69580078125,-0.08544921875,-1.45263671875,-0.28076171875,-0.18310546875,0.08544921875,-0.244140625,0,-1.1474609375,-0.10986328125,-0.89111328125,0.0244140625,-0.64697265625,-0.0732421875,-0.732421875,0.06103515625,-0.09765625,-0.18310546875,-0.732421875,-0.244140625,-1.416015625,-0.0244140625,-1.0009765625,0.01220703125,0.47607421875,-0.1220703125,1.13525390625,0.08544921875,0.830078125,-0.1220703125,0.47607421875,0.10986328125,0.7080078125,-0.1220703125,-0.0732421875,0.01220703125,0.8544921875,0,-0.4638671875,0.03662109375,-0.47607421875
1,0.08544921875,-0.28076171875,0.20751953125,-0.29296875,-0.048828125,-0.40283203125,0.1708984375,-0.06103515625,-0.08544921875,1.13525390625,-0.25634765625,0.1220703125,-0.048828125,5.8837890625,0.13427734375,1.26953125,-0.3662109375,-1.18408203125,0.09765625,-1.15966796875,-0.390625,0.50048828125,-0.09765625,-1.06201171875,0,-0.0732421875,0.03662109375,-0.732421875,0.1220703125,0.9765625,0.146484375,0.28076171875,-0.23193359375,-0.23193359375,0.47607421875,-0.79345703125,-0.13427734375,-0.3662109375,-0.18310546875,-0.67138671875,-0.06103515625,-0.15869140625,0.3662109375,-0.67138671875,-0.35400390625,-0.35400390625,0.1220703125,0.62255859375,-1.0498046875,1.3427734375,-0.09765625,0.50048828125,0.146484375,-0.09765625,0.03662109375,0.76904296875,-0.13427734375,0.64697265625,-0.0244140625,0.4638671875,-0.4150390625,0.52490234375,0.09765625,0.146484375,0.68359375,0.23193359375,0.03662109375,1.0498046875,0.06103515625,0.28076171875,-0.08544921875,0.2685546875,-0.06103515625,0.32958984375,0.146484375,0.81787109375,-0.03662109375,0.08544921875,0.06103515625,1.37939453125,0.146484375,-0.84228515625,0.0244140625,-0.29296875,-0.0244140625,-0.93994140625,0.13427734375,-0.7080078125,-0.048828125,-1.4404296875,-0.244140625,-0.2197265625,0.15869140625,-0.244140625,0.03662109375,-1.171875,-0.1220703125,-0.84228515625,0.10986328125,-0.634765625,-0.146484375,-0.68359375,0.01220703125,-0.08544921875,-0.08544921875,-0.7080078125,-0.35400390625,-1.4404296875,-0.09765625,-1.01318359375,-0.03662109375,0.4638671875,-0.146484375,1.18408203125,0.0244140625,0.87890625,-0.146484375,0.5126953125,0.048828125,0.79345703125,-0.15869140625,-0.048828125,0.01220703125,0.830078125,0.01220703125,-0.4638671875,0.0732421875,-0.47607421875
1,0.08544921875,-0.2685546875,0.18310546875,-0.2685546875,-0.048828125,-0.390625,0.1953125,-0.08544921875,-0.09765625,1.0986328125,-0.2685546875,0.048828125,-0.0732421875,5.712890625,0.13427734375,1.171875,-0.29296875,-1.1474609375,0,-1.13525390625,-0.28076171875,0.5126953125,-0.2685546875,-1.025390625,0.146484375,-0.08544921875,0.01220703125,-0.74462890625,0.08544921875,0.98876953125,0.08544921875,0.28076171875,-0.18310546875,-0.244140625,0.37841796875,-0.78125,-0.13427734375,-0.37841796875,-0.23193359375,-0.6591796875,-0.08544921875,-0.1708984375,0.28076171875,-0.69580078125,-0.3173828125,-0.439453125,0.08544921875,0.62255859375,-1.0498046875,1.47705078125,-0.13427734375,0.47607421875,0.03662109375,-0.1220703125,-0.03662109375,0.74462890625,-0.1220703125,0.64697265625,0.01220703125,0.47607421875,-0.37841796875,0.5615234375,0.0732421875,0.13427734375,0.68359375,0.28076171875,-0.03662109375,1.06201171875,0.03662109375,0.25634765625,-0.048828125,0.25634765625,-0.06103515625,0.35400390625,0.1953125,0.8056640625,-0.0732421875,0.09765625,0.06103515625,1.40380859375,0.15869140625,-0.84228515625,-0.03662109375,-0.28076171875,-0.08544921875,-0.927734375,0.03662109375,-0.7080078125,0,-1.42822265625,-0.18310546875,-0.23193359375,0.15869140625,-0.244140625,0.146484375,-1.1962890625,-0.08544921875,-0.78125,0.1708984375,-0.62255859375,-0.1708984375,-0.64697265625,0,-0.08544921875,0.06103515625,-0.7080078125,-0.42724609375,-1.4404296875,-0.15869140625,-1.01318359375,-0.0732421875,0.47607421875,-0.0732421875,1.18408203125,0.0732421875,0.87890625,-0.08544921875,0.5615234375,0.146484375,0.81787109375,-0.1953125,-0.0732421875,0,0.8056640625,0.03662109375,-0.48828125,0.10986328125,-0.48828125
0,0.09765625,-0.2685546875,0.2197265625,-0.2685546875,-0.0244140625,-0.390625,0.2197265625,-0.08544921875,-0.08544921875,1.06201171875,-0.2685546875,-0.03662109375,-0.08544921875,5.48095703125,0.13427734375,1.06201171875,-0.20751953125,-1.06201171875,-0.03662109375,-1.025390625,-0.2197265625,0.57373046875,-0.439453125,-0.96435546875,0.25634765625,-0.10986328125,-0.0244140625,-0.74462890625,0.03662109375,0.9765625,0.03662109375,0.28076171875,-0.01220703125,-0.28076171875,0.23193359375,-0.8056640625,-0.18310546875,-0.3662109375,-0.28076171875,-0.6591796875,-0.1220703125,-0.1708984375,0.18310546875,-0.67138671875,-0.29296875,-0.5126953125,-0.0244140625,0.64697265625,-1.0986328125,1.52587890625,-0.13427734375,0.47607421875,-0.08544921875,-0.1220703125,-0.146484375,0.7568359375,-0.10986328125,0.634765625,0.03662109375,0.50048828125,-0.37841796875,0.5859375,0.06103515625,0.146484375,0.67138671875,0.30517578125,-0.0732421875,1.07421875,0.03662109375,0.2197265625,-0.01220703125,0.25634765625,-0.0732421875,0.37841796875,0.1708984375,0.81787109375,-0.09765625,0.0732421875,0.048828125,1.40380859375,0.146484375,-0.87890625,-0.08544921875,-0.28076171875,-0.13427734375,-0.9765625,-0.048828125,-0.732421875,0.048828125,-1.46484375,-0.0732421875,-0.25634765625,0.1220703125,-0.25634765625,0.2685546875,-1.18408203125,-0.08544921875,-0.7568359375,0.23193359375,-0.634765625,-0.1953125,-0.64697265625,-0.03662109375,-0.08544921875,0.2197265625,-0.69580078125,-0.45166015625,-1.42822265625,-0.20751953125,-1.025390625,-0.09765625,0.45166015625,-0.0732421875,1.13525390625,0.03662109375,0.81787109375,-0.09765625,0.50048828125,0.15869140625,0.8056640625,-0.20751953125,-0.0732421875,0.01220703125,0.84228515625,0.0244140625,-0.48828125,0.13427734375,-0.47607421875
0,0.13427734375,-0.28076171875,0.25634765625,-0.244140625,-0.03662109375,-0.35400390625,0.25634765625,-0.0732421875,-0.0732421875,0.9765625,-0.25634765625,-0.10986328125,-0.0732421875,5.2001953125,0.1220703125,0.9521484375,-0.1708984375,-0.98876953125,-0.06103515625,-0.86669921875,-0.18310546875,0.634765625,-0.537109375,-0.9033203125,0.30517578125,-0.10986328125,-0.08544921875,-0.74462890625,-0.0244140625,0.98876953125,-0.048828125,0.29296875,0.13427734375,-0.30517578125,0.08544921875,-0.79345703125,-0.244140625,-0.3662109375,-0.28076171875,-0.64697265625,-0.1708984375,-0.18310546875,0.08544921875,-0.69580078125,-0.2197265625,-0.57373046875,-0.0732421875,0.64697265625,-1.2451171875,1.52587890625,-0.1220703125,0.4638671875,-0.20751953125,-0.13427734375,-0.20751953125,0.7568359375,-0.13427734375,0.634765625,0.08544921875,0.5126953125,-0.35400390625,0.59814453125,0.0244140625,0.15869140625,0.7080078125,0.341796875,-0.08544921875,1.0986328125,0.01220703125,0.2197265625,0.0244140625,0.2685546875,-0.09765625,0.37841796875,0.13427734375,0.81787109375,-0.1220703125,0.06103515625,0.0732421875,1.40380859375,0.08544921875,-0.9033203125,-0.0732421875,-0.2685546875,-0.15869140625,-0.9765625,-0.15869140625,-0.7568359375,0.03662109375,-1.47705078125,0.03662109375,-0.28076171875,0,-0.2685546875,0.390625,-1.1962890625,-0.13427734375,-0.7568359375,0.25634765625,-0.62255859375,-0.1953125,-0.64697265625,-0.10986328125,-0.08544921875,0.3173828125,-0.69580078125,-0.390625,-1.416015625,-0.23193359375,-1.025390625,-0.13427734375,0.439453125,-0.10986328125,1.03759765625,0.0244140625,0.69580078125,-0.1220703125,0.4150390625,0.09765625,0.72021484375,-0.2197265625,-0.1220703125,0.03662109375,0.8544921875,0.03662109375,-0.4638671875,0.15869140625,-0.48828125
0,0.10986328125,-0.29296875,0.244140625,-0.23193359375,-0.01220703125,-0.32958984375,0.23193359375,-0.03662109375,-0.06103515625,0.93994140625,-0.244140625,-0.20751953125,-0.0732421875,4.91943359375,0.10986328125,0.84228515625,-0.13427734375,-0.91552734375,-0.0244140625,-0.67138671875,-0.1708984375,0.68359375,-0.48828125,-0.84228515625,0.30517578125,-0.146484375,-0.08544921875,-0.732421875,-0.09765625,0.9765625,-0.10986328125,0.28076171875,0.23193359375,-0.3173828125,-0.0244140625,-0.76904296875,-0.25634765625,-0.3662109375,-0.30517578125,-0.6591796875,-0.25634765625,-0.1953125,0,-0.69580078125,-0.1953125,-0.59814453125,-0.1220703125,0.62255859375,-1.171875,1.4404296875,-0.0732421875,0.45166015625,-0.37841796875,-0.146484375,-0.1953125,0.78125,-0.13427734375,0.634765625,0.13427734375,0.48828125,-0.35400390625,0.634765625,-0.0244140625,0.15869140625,0.6591796875,0.35400390625,-0.1220703125,1.13525390625,0.0244140625,0.20751953125,0.03662109375,0.28076171875,-0.1220703125,0.37841796875,0.08544921875,0.84228515625,-0.13427734375,0.048828125,0.0732421875,1.40380859375,-0.03662109375,-0.96435546875,-0.048828125,-0.2685546875,-0.1953125,-0.96435546875,-0.2685546875,-0.7568359375,0.03662109375,-1.47705078125,0.13427734375,-0.29296875,-0.1220703125,-0.29296875,0.4638671875,-1.1962890625,-0.06103515625,-0.74462890625,0.23193359375,-0.6103515625,-0.1708984375,-0.68359375,-0.1220703125,-0.06103515625,0.40283203125,-0.67138671875,-0.25634765625,-1.42822265625,-0.23193359375,-1.01318359375,-0.10986328125,0.439453125,-0.1220703125,0.87890625,0.03662109375,0.5615234375,-0.09765625,0.2685546875,0.13427734375,0.62255859375,-0.25634765625,-0.13427734375,0.06103515625,0.87890625,0.06103515625,-0.45166015625,0.18310546875,-0.48828125
0,0.13427734375,-0.30517578125,0.25634765625,-0.23193359375,-0.03662109375,-0.3173828125,0.244140625,-0.0244140625,-0.03662109375,0.84228515625,-0.23193359375,-0.28076171875,-0.03662109375,4.60205078125,0.1220703125,0.732421875,-0.146484375,-0.84228515625,0.08544921875,-0.4638671875,-0.18310546875,0.74462890625,-0.35400390625,-0.76904296875,0.2685546875,-0.146484375,-0.10986328125,-0.74462890625,-0.15869140625,0.9765625,-0.15869140625,0.29296875,0.30517578125,-0.32958984375,-0.0732421875,-0.732421875,-0.2685546875,-0.37841796875,-0.2685546875,-0.6591796875,-0.30517578125,-0.2197265625,-0.0244140625,-0.69580078125,-0.244140625,-0.5859375,-0.10986328125,0.6103515625,-1.13525390625,1.30615234375,-0.048828125,0.47607421875,-0.45166015625,-0.13427734375,-0.1953125,0.76904296875,-0.18310546875,0.6591796875,0.2197265625,0.47607421875,-0.47607421875,0.67138671875,-0.0732421875,0.1708984375,0.68359375,0.341796875,-0.15869140625,1.11083984375,0.0244140625,0.2197265625,0.03662109375,0.30517578125,-0.1708984375,0.3662109375,-0.0244140625,0.84228515625,-0.13427734375,0.048828125,0.0732421875,1.40380859375,-0.146484375,-1.0009765625,-0.03662109375,-0.28076171875,-0.25634765625,-0.9521484375,-0.32958984375,-0.74462890625,0.0244140625,-1.47705078125,0.1953125,-0.29296875,-0.1953125,-0.3173828125,0.5126953125,-1.18408203125,0.048828125,-0.79345703125,0.1708984375,-0.59814453125,-0.09765625,-0.72021484375,-0.13427734375,-0.048828125,0.4150390625,-0.67138671875,-0.08544921875,-1.42822265625,-0.1953125,-1.0009765625,-0.08544921875,0.439453125,-0.10986328125,0.7080078125,0.0244140625,0.3662109375,-0.10986328125,0.10986328125,0.10986328125,0.48828125,-0.29296875,-0.146484375,0.06103515625,0.87890625,0.08544921875,-0.42724609375,0.18310546875,-0.50048828125
0,0.10986328125,-0.32958984375,0.1708984375,-0.1953125,-0.03662109375,-0.35400390625,0.244140625,-0.01220703125,-0.06103515625,0.7568359375,-0.25634765625,-0.35400390625,-0.0732421875,4.3212890625,0.10986328125,0.634765625,-0.15869140625,-0.79345703125,0.23193359375,-0.30517578125,-0.18310546875,0.78125,-0.10986328125,-0.7080078125,0.1953125,-0.15869140625,-0.10986328125,-0.74462890625,-0.20751953125,0.98876953125,-0.1953125,0.28076171875,0.2197265625,-0.3173828125,-0.01220703125,-0.732421875,-0.3173828125,-0.390625,-0.28076171875,-0.67138671875,-0.32958984375,-0.244140625,0.0244140625,-0.7080078125,-0.341796875,-0.5615234375,-0.0732421875,0.57373046875,-1.11083984375,1.15966796875,0.01220703125,0.48828125,-0.537109375,-0.10986328125,-0.1220703125,0.76904296875,-0.244140625,0.67138671875,0.25634765625,0.4638671875,-0.62255859375,0.69580078125,-0.08544921875,0.1708984375,0.6591796875,0.29296875,-0.25634765625,1.11083984375,0,0.20751953125,0.03662109375,0.29296875,-0.1953125,0.341796875,-0.048828125,0.830078125,-0.15869140625,0.03662109375,0.0732421875,1.40380859375,-0.1953125,-0.98876953125,-0.01220703125,-0.29296875,-0.23193359375,-0.9521484375,-0.37841796875,-0.74462890625,0,-1.47705078125,0.2197265625,-0.2685546875,-0.244140625,-0.3173828125,0.48828125,-1.18408203125,0.10986328125,-0.8544921875,0.10986328125,-0.59814453125,-0.06103515625,-0.7568359375,-0.15869140625,-0.0244140625,0.35400390625,-0.68359375,0.0732421875,-1.42822265625,-0.1708984375,-0.98876953125,-0.0732421875,0.4150390625,-0.13427734375,0.6103515625,0.03662109375,0.1953125,-0.1220703125,-0.01220703125,0.09765625,0.35400390625,-0.28076171875,-0.146484375,0.08544921875,0.89111328125,0.09765625,-0.37841796875,0.1708984375,-0.50048828125
0,0.09765625,-0.32958984375,0.1953125,-0.18310546875,-0.03662109375,-0.3662109375,0.25634765625,0.0244140625,-0.03662109375,0.68359375,-0.244140625,-0.42724609375,-0.08544921875,4.06494140625,0.09765625,0.537109375,-0.2685546875,-0.78125,0.32958984375,-0.20751953125,-0.18310546875,0.78125,0.0732421875,-0.68359375,0.0732421875,-0.146484375,-0.09765625,-0.72021484375,-0.28076171875,0.9521484375,-0.23193359375,0.29296875,0.03662109375,-0.32958984375,0.0732421875,-0.69580078125,-0.3173828125,-0.390625,-0.23193359375,-0.68359375,-0.3173828125,-0.2197265625,0.10986328125,-0.68359375,-0.3662109375,-0.5126953125,-0.06103515625,0.54931640625,-1.0498046875,1.025390625,0.0732421875,0.5126953125,-0.57373046875,-0.1220703125,-0.0244140625,0.79345703125,-0.244140625,0.6591796875,0.2685546875,0.439453125,-0.7568359375,0.7080078125,-0.1220703125,0.1953125,0.5615234375,0.25634765625,-0.29296875,1.0986328125,-0.01220703125,0.20751953125,-0.01220703125,0.30517578125,-0.28076171875,0.3173828125,-0.1220703125,0.84228515625,-0.1220703125,0.03662109375,0.06103515625,1.3916015625,-0.20751953125,-1.0009765625,0,-0.29296875,-0.1953125,-0.93994140625,-0.35400390625,-0.74462890625,0,-1.47705078125,0.1953125,-0.23193359375,-0.23193359375,-0.30517578125,0.40283203125,-1.1962890625,0.0732421875,-0.87890625,0.06103515625,-0.5859375,-0.0244140625,-0.76904296875,-0.13427734375,-0.0244140625,0.30517578125,-0.68359375,0.1953125,-1.416015625,-0.1220703125,-0.96435546875,-0.08544921875,0.4150390625,-0.20751953125,0.5615234375,-0.03662109375,0.1220703125,-0.1708984375,-0.06103515625,0.01220703125,0.28076171875,-0.29296875,-0.1220703125,0.06103515625,0.91552734375,0.10986328125,-0.390625,0.1708984375,-0.5126953125
0,0.09765625,-0.32958984375,0.2197265625,-0.15869140625,0,-0.3662109375,0.2685546875,0.03662109375,-0.0244140625,0.5859375,-0.25634765625,-0.47607421875,-0.10986328125,3.84521484375,0.10986328125,0.45166015625,-0.3173828125,-0.78125,0.4638671875,-0.20751953125,-0.1708984375,0.79345703125,0.2685546875,-0.68359375,-0.048828125,-0.146484375,-0.10986328125,-0.74462890625,-0.35400390625,0.9521484375,-0.2685546875,0.28076171875,-0.23193359375,-0.341796875,0.146484375,-0.64697265625,-0.32958984375,-0.40283203125,-0.13427734375,-0.68359375,-0.25634765625,-0.20751953125,0.1953125,-0.68359375,-0.439453125,-0.45166015625,0,0.5126953125,-1.0986328125,0.927734375,0.09765625,0.50048828125,-0.57373046875,-0.13427734375,0,0.78125,-0.29296875,0.64697265625,0.23193359375,0.45166015625,-0.830078125,0.69580078125,-0.15869140625,0.1708984375,0.439453125,0.244140625,-0.32958984375,1.08642578125,-0.01220703125,0.20751953125,-0.06103515625,0.29296875,-0.341796875,0.3173828125,-0.15869140625,0.830078125,-0.1220703125,0.03662109375,0.06103515625,1.3916015625,-0.15869140625,-1.0009765625,-0.03662109375,-0.29296875,-0.146484375,-0.927734375,-0.2685546875,-0.732421875,0.01220703125,-1.47705078125,0.13427734375,-0.2197265625,-0.18310546875,-0.30517578125,0.20751953125,-1.18408203125,0,-0.91552734375,0.0732421875,-0.57373046875,-0.01220703125,-0.76904296875,-0.10986328125,-0.01220703125,0.244140625,-0.69580078125,0.20751953125,-1.4404296875,-0.0732421875,-0.96435546875,-0.048828125,0.42724609375,-0.13427734375,0.634765625,0.03662109375,0.1220703125,-0.10986328125,-0.048828125,0.10986328125,0.30517578125,-0.2685546875,-0.10986328125,0.048828125,0.927734375,0.146484375,-0.37841796875,0.13427734375,-0.50048828125
0,0.08544921875,-0.3173828125,0.2197265625,-0.1220703125,0,-0.390625,0.2685546875,0.0244140625,-0.03662109375,0.5126953125,-0.2685546875,-0.52490234375,-0.1220703125,3.6865234375,0.09765625,0.3662109375,-0.341796875,-0.79345703125,0.57373046875,-0.244140625,-0.08544921875,0.76904296875,0.390625,-0.69580078125,-0.18310546875,-0.10986328125,-0.10986328125,-0.7568359375,-0.4150390625,0.9521484375,-0.25634765625,0.28076171875,-0.48828125,-0.28076171875,0.15869140625,-0.6103515625,-0.3173828125,-0.40283203125,-0.1220703125,-0.67138671875,-0.20751953125,-0.20751953125,0.28076171875,-0.64697265625,-0.4150390625,-0.40283203125,0.048828125,0.47607421875,-1.0498046875,0.91552734375,0.10986328125,0.52490234375,-0.5126953125,-0.13427734375,0.0732421875,0.78125,-0.3173828125,0.6591796875,0.146484375,0.45166015625,-0.84228515625,0.68359375,-0.1953125,0.146484375,0.29296875,0.20751953125,-0.37841796875,1.07421875,-0.0244140625,0.20751953125,-0.09765625,0.28076171875,-0.3662109375,0.2685546875,-0.1220703125,0.81787109375,-0.048828125,0.0244140625,0.06103515625,1.3916015625,-0.1220703125,-0.9521484375,-0.08544921875,-0.29296875,-0.10986328125,-0.927734375,-0.18310546875,-0.732421875,-0.01220703125,-1.47705078125,0.03662109375,-0.20751953125,-0.146484375,-0.28076171875,0.0244140625,-1.18408203125,-0.15869140625,-0.91552734375,0.06103515625,-0.57373046875,-0.06103515625,-0.76904296875,-0.06103515625,0.0244140625,0.2197265625,-0.69580078125,0.20751953125,-1.4404296875,-0.048828125,-0.96435546875,-0.06103515625,0.45166015625,-0.13427734375,0.79345703125,0.0244140625,0.2685546875,-0.09765625,0.0732421875,0.23193359375,0.390625,-0.2685546875,-0.08544921875,0.048828125,0.91552734375,0.15869140625,-0.37841796875,0.09765625,-0.50048828125
0,0.09765625,-0.30517578125,0.2197265625,-0.10986328125,0.01220703125,-0.3662109375,0.244140625,0,-0.06103515625,0.47607421875,-0.25634765625,-0.5615234375,-0.1220703125,3.52783203125,0.08544921875,0.3173828125,-0.35400390625,-0.81787109375,0.634765625,-0.3662109375,0.048828125,0.7080078125,0.37841796875,-0.72021484375,-0.29296875,-0.0732421875,-0.1220703125,-0.76904296875,-0.47607421875,0.9521484375,-0.2197265625,0.2685546875,-0.6103515625,-0.244140625,0.09765625,-0.5615234375,-0.25634765625,-0.4150390625,-0.146484375,-0.67138671875,-0.1220703125,-0.20751953125,0.29296875,-0.6591796875,-0.40283203125,-0.35400390625,0.09765625,0.439453125,-1.03759765625,0.9765625,0.10986328125,0.5126953125,-0.4150390625,-0.15869140625,0.10986328125,0.76904296875,-0.32958984375,0.6103515625,0.0732421875,0.45166015625,-0.84228515625,0.64697265625,-0.23193359375,0.146484375,0.18310546875,0.1953125,-0.3173828125,1.06201171875,-0.0244140625,0.20751953125,-0.13427734375,0.25634765625,-0.4150390625,0.25634765625,-0.1708984375,0.84228515625,-0.01220703125,0.03662109375,0.0244140625,1.37939453125,-0.0732421875,-0.91552734375,-0.1220703125,-0.28076171875,-0.09765625,-0.93994140625,-0.08544921875,-0.72021484375,0,-1.4892578125,-0.06103515625,-0.1708984375,-0.146484375,-0.2685546875,-0.146484375,-1.171875,-0.244140625,-0.9033203125,0.06103515625,-0.57373046875,-0.10986328125,-0.7568359375,0.01220703125,0.0244140625,0.23193359375,-0.7080078125,0.146484375,-1.45263671875,-0.03662109375,-0.9521484375,-0.03662109375,0.45166015625,-0.13427734375,1.01318359375,0,0.50048828125,-0.13427734375,0.244140625,0.2197265625,0.5859375,-0.244140625,-0.03662109375,0.0244140625,0.89111328125,0.146484375,-0.40283203125,0.0732421875,-0.47607421875
0,0.09765625,-0.30517578125,0.20751953125,-0.09765625,0.01220703125,-0.390625,0.28076171875,0,-0.1220703125,0.37841796875,-0.244140625,-0.59814453125,0,3.35693359375,0.0732421875,0.2685546875,-0.3173828125,-0.8056640625,0.5615234375,-0.47607421875,0.10986328125,0.67138671875,0.244140625,-0.72021484375,-0.32958984375,-0.06103515625,-0.18310546875,-0.76904296875,-0.4638671875,0.9521484375,-0.146484375,0.2685546875,-0.5859375,-0.244140625,0.06103515625,-0.5615234375,-0.20751953125,-0.37841796875,-0.10986328125,-0.67138671875,-0.03662109375,-0.1708984375,0.244140625,-0.6591796875,-0.341796875,-0.35400390625,0.1220703125,0.45166015625,-0.927734375,1.0986328125,0.1220703125,0.50048828125,-0.30517578125,-0.15869140625,0.13427734375,0.74462890625,-0.3173828125,0.59814453125,0.0244140625,0.45166015625,-0.78125,0.6103515625,-0.2197265625,0.1220703125,0.09765625,0.18310546875,-0.341796875,1.0498046875,-0.03662109375,0.2197265625,-0.15869140625,0.244140625,-0.439453125,0.25634765625,-0.18310546875,0.830078125,0.03662109375,0.048828125,-0.01220703125,1.35498046875,0,-0.9033203125,-0.13427734375,-0.3173828125,-0.0732421875,-0.96435546875,-0.01220703125,-0.72021484375,-0.048828125,-1.4892578125,-0.09765625,-0.1708984375,-0.20751953125,-0.244140625,-0.2197265625,-1.15966796875,-0.29296875,-0.86669921875,0.01220703125,-0.5615234375,-0.18310546875,-0.732421875,0.048828125,0,0.2197265625,-0.7080078125,0.048828125,-1.4404296875,-0.06103515625,-0.98876953125,0.03662109375,0.47607421875,-0.10986328125,1.26953125,0.0244140625,0.78125,-0.10986328125,0.45166015625,0.2197265625,0.78125,-0.2685546875,-0.0244140625,0.03662109375,0.87890625,0.146484375,-0.439453125,0.06103515625,-0.4638671875
0,0.08544921875,-0.29296875,0.20751953125,-0.09765625,0,-0.35400390625,0.2685546875,-0.0244140625,-0.10986328125,0.341796875,-0.23193359375,-0.62255859375,-0.0244140625,3.173828125,0.0732421875,0.20751953125,-0.20751953125,-0.78125,0.5615234375,-0.5615234375,0.25634765625,0.6591796875,0.13427734375,-0.7568359375,-0.3173828125,-0.0732421875,-0.2685546875,-0.78125,-0.4150390625,0.9521484375,-0.048828125,0.28076171875,-0.50048828125,-0.244140625,0.0244140625,-0.5615234375,-0.1220703125,-0.35400390625,-0.09765625,-0.64697265625,0.0244140625,-0.1708984375,0.1953125,-0.64697265625,-0.2197265625,-0.390625,0.0732421875,0.45166015625,-0.7568359375,1.2451171875,0.0732421875,0.50048828125,-0.1708984375,-0.15869140625,0.1953125,0.732421875,-0.3173828125,0.6103515625,0,0.45166015625,-0.68359375,0.5615234375,-0.23193359375,0.1220703125,0.03662109375,0.1953125,-0.32958984375,1.06201171875,-0.048828125,0.23193359375,-0.18310546875,0.2197265625,-0.45166015625,0.2685546875,-0.20751953125,0.830078125,0.08544921875,0.048828125,-0.03662109375,1.3671875,0.048828125,-0.87890625,-0.1220703125,-0.30517578125,-0.0244140625,-1.0009765625,0.03662109375,-0.72021484375,-0.06103515625,-1.513671875,-0.146484375,-0.1953125,-0.29296875,-0.23193359375,-0.15869140625,-1.13525390625,-0.28076171875,-0.830078125,-0.0244140625,-0.5859375,-0.2197265625,-0.72021484375,0.08544921875,-0.0244140625,0.2197265625,-0.69580078125,-0.048828125,-1.42822265625,-0.06103515625,-0.9765625,0.09765625,0.47607421875,-0.13427734375,1.50146484375,-0.0244140625,1.03759765625,-0.1220703125,0.634765625,0.1220703125,0.9765625,-0.25634765625,-0.01220703125,0.01220703125,0.87890625,0.1220703125,-0.4638671875,0.06103515625,-0.4638671875
0,0.10986328125,-0.3173828125,0.20751953125,-0.1220703125,-0.0244140625,-0.341796875,0.28076171875,-0.0244140625,-0.15869140625,0.25634765625,-0.23193359375,-0.67138671875,0.01220703125,2.94189453125,0.08544921875,0.10986328125,-0.15869140625,-0.76904296875,0.47607421875,-0.62255859375,0.3662109375,0.69580078125,-0.0244140625,-0.732421875,-0.28076171875,-0.08544921875,-0.29296875,-0.78125,-0.341796875,0.9765625,0.06103515625,0.28076171875,-0.35400390625,-0.23193359375,-0.06103515625,-0.5859375,-0.06103515625,-0.3662109375,-0.06103515625,-0.68359375,0.06103515625,-0.18310546875,0.1220703125,-0.634765625,-0.13427734375,-0.40283203125,0.0244140625,0.4638671875,-0.732421875,1.40380859375,-0.03662109375,0.48828125,-0.1220703125,-0.146484375,0.2197265625,0.74462890625,-0.2685546875,0.5859375,0,0.47607421875,-0.52490234375,0.52490234375,-0.20751953125,0.10986328125,-0.08544921875,0.18310546875,-0.3173828125,1.07421875,-0.03662109375,0.244140625,-0.23193359375,0.20751953125,-0.45166015625,0.28076171875,-0.23193359375,0.87890625,0.08544921875,0.048828125,0,1.3671875,0.08544921875,-0.87890625,-0.0732421875,-0.30517578125,-0.03662109375,-1.01318359375,0.0732421875,-0.74462890625,-0.09765625,-1.50146484375,-0.1220703125,-0.1953125,-0.42724609375,-0.244140625,-0.03662109375,-1.11083984375,-0.2197265625,-0.69580078125,-0.048828125,-0.6103515625,-0.2197265625,-0.7080078125,0.146484375,-0.048828125,0.18310546875,-0.69580078125,-0.146484375,-1.416015625,-0.08544921875,-0.98876953125,0.1708984375,0.48828125,-0.10986328125,1.64794921875,0.03662109375,1.23291015625,-0.1220703125,0.732421875,0.244140625,1.07421875,-0.28076171875,-0.01220703125,0.01220703125,0.87890625,0.09765625,-0.4638671875,0.08544921875,-0.47607421875
0,0.10986328125,-0.30517578125,0.1953125,-0.18310546875,-0.01220703125,-0.3662109375,0.2685546875,-0.0244140625,-0.146484375,0.1708984375,-0.20751953125,-0.732421875,0.0732421875,2.64892578125,0.08544921875,0.0244140625,-0.13427734375,-0.7080078125,0.37841796875,-0.59814453125,0.2685546875,0.7080078125,-0.2197265625,-0.72021484375,-0.15869140625,-0.08544921875,-0.3173828125,-0.79345703125,-0.244140625,1.0009765625,0.1220703125,0.2685546875,-0.1708984375,-0.25634765625,-0.09765625,-0.634765625,-0.0732421875,-0.3662109375,-0.0732421875,-0.6591796875,0.08544921875,-0.1953125,0.01220703125,-0.6591796875,0.0244140625,-0.439453125,-0.06103515625,0.45166015625,-0.79345703125,1.513671875,-0.10986328125,0.50048828125,-0.1220703125,-0.1220703125,0.2197265625,0.74462890625,-0.25634765625,0.634765625,0,0.47607421875,-0.390625,0.47607421875,-0.13427734375,0.146484375,-0.146484375,0.20751953125,-0.29296875,1.06201171875,-0.0244140625,0.25634765625,-0.23193359375,0.1953125,-0.42724609375,0.3173828125,-0.2197265625,0.86669921875,0.08544921875,0.06103515625,0.048828125,1.3671875,0.1220703125,-0.86669921875,-0.01220703125,-0.30517578125,-0.0244140625,-1.025390625,0.10986328125,-0.74462890625,-0.18310546875,-1.52587890625,-0.09765625,-0.20751953125,-0.5126953125,-0.244140625,0.18310546875,-1.123046875,-0.1953125,-0.537109375,-0.08544921875,-0.62255859375,-0.23193359375,-0.67138671875,0.1220703125,-0.06103515625,0.08544921875,-0.69580078125,-0.23193359375,-1.42822265625,-0.08544921875,-0.98876953125,0.2197265625,0.47607421875,-0.1220703125,1.66015625,0.048828125,1.28173828125,-0.10986328125,0.74462890625,0.29296875,1.123046875,-0.25634765625,-0.048828125,-0.01220703125,0.87890625,0.09765625,-0.48828125,0.09765625,-0.48828125
0,0.09765625,-0.30517578125,0.1708984375,-0.244140625,-0.01220703125,-0.3662109375,0.25634765625,-0.0244140625,-0.1220703125,0.09765625,-0.2197265625,-0.81787109375,0.0732421875,2.3193359375,0.09765625,-0.09765625,-0.048828125,-0.59814453125,0.390625,-0.50048828125,0.244140625,0.79345703125,-0.244140625,-0.6591796875,-0.06103515625,-0.10986328125,-0.3173828125,-0.79345703125,-0.1708984375,1.01318359375,0.09765625,0.2685546875,-0.01220703125,-0.2685546875,-0.10986328125,-0.67138671875,-0.0732421875,-0.3662109375,-0.13427734375,-0.68359375,0.08544921875,-0.2197265625,0,-0.67138671875,0.13427734375,-0.42724609375,-0.1220703125,0.439453125,-0.732421875,1.59912109375,-0.18310546875,0.5126953125,-0.18310546875,-0.09765625,0.18310546875,0.7568359375,-0.244140625,0.62255859375,0,0.50048828125,-0.2685546875,0.4638671875,-0.10986328125,0.13427734375,-0.1708984375,0.20751953125,-0.25634765625,1.07421875,-0.03662109375,0.2685546875,-0.20751953125,0.1953125,-0.4150390625,0.341796875,-0.20751953125,0.89111328125,0.0732421875,0.0732421875,0.1220703125,1.3671875,0.13427734375,-0.89111328125,0.08544921875,-0.30517578125,-0.0244140625,-1.01318359375,0.1220703125,-0.732421875,-0.2197265625,-1.5380859375,-0.048828125,-0.23193359375,-0.54931640625,-0.25634765625,0.3662109375,-1.123046875,-0.09765625,-0.3173828125,-0.0732421875,-0.6103515625,-0.1953125,-0.67138671875,0.08544921875,-0.03662109375,0.03662109375,-0.69580078125,-0.244140625,-1.42822265625,-0.0732421875,-1.01318359375,0.20751953125,0.47607421875,-0.1708984375,1.55029296875,0.048828125,1.23291015625,-0.1220703125,0.64697265625,0.25634765625,1.0498046875,-0.28076171875,-0.048828125,0,0.87890625,0.0732421875,-0.45166015625,0.09765625,-0.48828125
1,0.06103515625,-0.30517578125,0.15869140625,-0.29296875,-0.0244140625,-0.35400390625,0.244140625,-0.0244140625,-0.08544921875,0.048828125,-0.23193359375,-0.9033203125,0.0732421875,1.91650390625,0.10986328125,-0.20751953125,-0.13427734375,-0.48828125,0.32958984375,-0.35400390625,0.03662109375,0.9033203125,-0.341796875,-0.5615234375,0.03662109375,-0.1220703125,-0.25634765625,-0.78125,-0.13427734375,1.01318359375,0.0244140625,0.25634765625,0.0244140625,-0.29296875,-0.048828125,-0.72021484375,-0.08544921875,-0.390625,-0.18310546875,-0.68359375,0.03662109375,-0.23193359375,0.01220703125,-0.68359375,0.15869140625,-0.45166015625,-0.15869140625,0.439453125,-0.8056640625,1.611328125,-0.1953125,0.52490234375,-0.28076171875,-0.09765625,0.1220703125,0.76904296875,-0.244140625,0.64697265625,0.01220703125,0.48828125,-0.09765625,0.45166015625,-0.048828125,0.15869140625,-0.1708984375,0.20751953125,-0.2197265625,1.08642578125,-0.06103515625,0.28076171875,-0.2197265625,0.20751953125,-0.35400390625,0.341796875,-0.1708984375,0.87890625,0.0732421875,0.0732421875,0.2197265625,1.37939453125,0.13427734375,-0.93994140625,0.18310546875,-0.29296875,-0.0244140625,-0.98876953125,0.10986328125,-0.72021484375,-0.29296875,-1.52587890625,-0.0244140625,-0.23193359375,-0.50048828125,-0.2685546875,0.52490234375,-1.13525390625,-0.10986328125,0.0244140625,-0.10986328125,-0.5615234375,-0.15869140625,-0.64697265625,0.048828125,0.0244140625,-0.03662109375,-0.68359375,-0.2197265625,-1.40380859375,-0.08544921875,-0.98876953125,0.1953125,0.4638671875,-0.1220703125,1.2939453125,0.10986328125,1.03759765625,-0.1220703125,0.48828125,0.4150390625,0.9033203125,-0.3173828125,-0.08544921875,0.01220703125,0.87890625,0.0244140625,-0.439453125,0.1220703125,-0.48828125
1,0.01220703125,-0.3173828125,0.15869140625,-0.341796875,-0.0244140625,-0.35400390625,0.23193359375,-0.01220703125,-0.0732421875,-0.0244140625,-0.20751953125,-0.98876953125,0.03662109375,1.55029296875,0.1220703125,-0.29296875,-0.13427734375,-0.3662109375,0.35400390625,-0.13427734375,-0.146484375,1.025390625,-0.32958984375,-0.439453125,0.0732421875,-0.1220703125,-0.18310546875,-0.76904296875,-0.1220703125,1.025390625,-0.03662109375,0.25634765625,-0.0244140625,-0.30517578125,0,-0.8056640625,-0.09765625,-0.42724609375,-0.20751953125,-0.69580078125,-0.06103515625,-0.244140625,0.03662109375,-0.7080078125,0.1708984375,-0.37841796875,-0.18310546875,0.45166015625,-0.84228515625,1.57470703125,-0.1953125,0.52490234375,-0.35400390625,-0.10986328125,0.048828125,0.78125,-0.25634765625,0.68359375,0.0244140625,0.45166015625,-0.01220703125,0.4638671875,0.048828125,0.1708984375,-0.18310546875,0.2197265625,-0.13427734375,1.0986328125,-0.06103515625,0.29296875,-0.18310546875,0.20751953125,-0.341796875,0.35400390625,-0.1220703125,0.86669921875,0.0732421875,0.0732421875,0.29296875,1.37939453125,0.13427734375,-0.927734375,0.244140625,-0.28076171875,-0.048828125,-0.9765625,0.048828125,-0.732421875,-0.30517578125,-1.50146484375,0.0244140625,-0.23193359375,-0.390625,-0.29296875,0.5615234375,-1.1474609375,-0.13427734375,0.439453125,-0.10986328125,-0.47607421875,-0.13427734375,-0.57373046875,-0.03662109375,0.10986328125,-0.06103515625,-0.68359375,-0.146484375,-1.42822265625,-0.08544921875,-0.98876953125,0.146484375,0.4638671875,-0.09765625,1.0009765625,0.13427734375,0.79345703125,-0.09765625,0.28076171875,0.50048828125,0.78125,-0.30517578125,-0.0732421875,0.0244140625,0.9033203125,0.03662109375,-0.42724609375,0.1220703125,-0.4638671875
1,0.01220703125,-0.341796875,0.15869140625,-0.35400390625,-0.03662109375,-0.390625,0.1953125,0.01220703125,-0.0732421875,-0.09765625,-0.23193359375,-1.08642578125,0.03662109375,1.23291015625,0.1220703125,-0.37841796875,-0.18310546875,-0.23193359375,0.4150390625,0.09765625,-0.244140625,1.13525390625,-0.2685546875,-0.30517578125,0.10986328125,-0.13427734375,-0.0732421875,-0.76904296875,-0.09765625,1.01318359375,-0.08544921875,0.2685546875,-0.146484375,-0.32958984375,0.10986328125,-0.84228515625,-0.1220703125,-0.4150390625,-0.1708984375,-0.68359375,-0.1708984375,-0.23193359375,0.08544921875,-0.732421875,0.03662109375,-0.29296875,-0.1708984375,0.439453125,-0.86669921875,1.513671875,-0.15869140625,0.537109375,-0.48828125,-0.13427734375,-0.03662109375,0.78125,-0.244140625,0.68359375,0.03662109375,0.45166015625,0.0732421875,0.48828125,0.10986328125,0.1708984375,-0.1708984375,0.244140625,-0.048828125,1.0986328125,-0.0732421875,0.28076171875,-0.1708984375,0.23193359375,-0.28076171875,0.3662109375,-0.10986328125,0.87890625,0.06103515625,0.0732421875,0.35400390625,1.37939453125,0.1708984375,-0.93994140625,0.23193359375,-0.25634765625,-0.09765625,-0.93994140625,-0.0244140625,-0.72021484375,-0.29296875,-1.46484375,0.03662109375,-0.23193359375,-0.2197265625,-0.30517578125,0.50048828125,-1.1474609375,-0.1220703125,0.96435546875,-0.13427734375,-0.35400390625,-0.13427734375,-0.48828125,-0.09765625,0.244140625,-0.048828125,-0.68359375,-0.08544921875,-1.416015625,-0.08544921875,-0.9765625,0.10986328125,0.439453125,-0.10986328125,0.76904296875,0.1220703125,0.54931640625,-0.13427734375,0.1220703125,0.48828125,0.732421875,-0.3173828125,-0.06103515625,0.01220703125,0.89111328125,0.03662109375,-0.42724609375,0.10986328125,-0.4638671875
1,0,-0.3662109375,0.1220703125,-0.3662109375,-0.0244140625,-0.390625,0.15869140625,0.03662109375,-0.06103515625,-0.15869140625,-0.20751953125,-1.1474609375,-0.0732421875,1.025390625,0.10986328125,-0.37841796875,-0.29296875,-0.0732421875,0.40283203125,0.3173828125,-0.45166015625,1.25732421875,-0.30517578125,-0.1953125,0.0732421875,-0.1220703125,0.01220703125,-0.7568359375,-0.09765625,0.98876953125,-0.0732421875,0.2685546875,-0.25634765625,-0.341796875,0.15869140625,-0.9033203125,-0.1953125,-0.439453125,-0.1708984375,-0.68359375,-0.341796875,-0.25634765625,0.15869140625,-0.72021484375,-0.09765625,-0.18310546875,-0.146484375,0.40283203125,-1.025390625,1.42822265625,-0.09765625,0.537109375,-0.59814453125,-0.146484375,-0.0244140625,0.76904296875,-0.1953125,0.68359375,0,0.4638671875,0.1220703125,0.5126953125,0.15869140625,0.18310546875,-0.10986328125,0.244140625,0.0732421875,1.0986328125,-0.0732421875,0.28076171875,-0.146484375,0.23193359375,-0.25634765625,0.341796875,-0.0732421875,0.84228515625,0.0244140625,0.0732421875,0.390625,1.37939453125,0.2197265625,-0.9521484375,0.15869140625,-0.244140625,-0.10986328125,-0.9521484375,-0.13427734375,-0.7080078125,-0.23193359375,-1.47705078125,0.0244140625,-0.2197265625,-0.01220703125,-0.29296875,0.40283203125,-1.171875,-0.01220703125,1.5380859375,-0.09765625,-0.1708984375,-0.146484375,-0.40283203125,-0.146484375,0.390625,0,-0.68359375,-0.03662109375,-1.416015625,-0.10986328125,-0.98876953125,0.03662109375,0.45166015625,-0.09765625,0.64697265625,0.13427734375,0.37841796875,-0.09765625,0,0.54931640625,0.8544921875,-0.30517578125,-0.06103515625,0.01220703125,0.8544921875,0.03662109375,-0.4150390625,0.146484375,-0.47607421875
1,0.01220703125,-0.37841796875,0.1220703125,-0.3662109375,-0.01220703125,-0.40283203125,0.15869140625,0.03662109375,-0.048828125,-0.18310546875,-0.2197265625,-1.1474609375,-0.08544921875,1.06201171875,0.09765625,-0.32958984375,-0.3173828125,0.06103515625,0.390625,0.48828125,-0.52490234375,1.35498046875,-0.29296875,-0.08544921875,0.08544921875,-0.10986328125,0.08544921875,-0.76904296875,-0.10986328125,0.96435546875,-0.08544921875,0.244140625,-0.37841796875,-0.32958984375,0.18310546875,-0.927734375,-0.244140625,-0.45166015625,-0.23193359375,-0.64697265625,-0.50048828125,-0.23193359375,0.20751953125,-0.72021484375,-0.20751953125,-0.06103515625,-0.146484375,0.40283203125,-1.123046875,1.35498046875,-0.0244140625,0.537109375,-0.68359375,-0.1953125,0.048828125,0.7568359375,-0.1953125,0.6591796875,-0.03662109375,0.45166015625,0.03662109375,0.537109375,0.1708984375,0.13427734375,-0.09765625,0.244140625,0.13427734375,1.123046875,-0.03662109375,0.2685546875,-0.13427734375,0.244140625,-0.23193359375,0.341796875,-0.08544921875,0.79345703125,0.0244140625,0.06103515625,0.42724609375,1.37939453125,0.29296875,-0.93994140625,0.06103515625,-0.244140625,-0.1220703125,-0.96435546875,-0.20751953125,-0.7080078125,-0.15869140625,-1.46484375,0.01220703125,-0.244140625,0.1708984375,-0.29296875,0.28076171875,-1.18408203125,-0.01220703125,2.16064453125,0,0.0244140625,-0.18310546875,-0.25634765625,-0.1708984375,0.57373046875,0.10986328125,-0.7080078125,0.0244140625,-1.42822265625,-0.13427734375,-0.9765625,-0.0244140625,0.47607421875,-0.09765625,0.7080078125,0.15869140625,0.390625,-0.08544921875,0.03662109375,0.59814453125,1.2451171875,-0.3173828125,-0.048828125,-0.01220703125,0.8544921875,0.0244140625,-0.4150390625,0.1953125,-0.47607421875
1,0,-0.35400390625,0.13427734375,-0.3662109375,0.01220703125,-0.40283203125,0.1708984375,0.0244140625,-0.0732421875,-0.13427734375,-0.1953125,-1.07421875,-0.048828125,1.2939453125,0.08544921875,-0.1953125,-0.341796875,0.1708984375,0.45166015625,0.5859375,-0.50048828125,1.42822265625,-0.25634765625,-0.01220703125,0.06103515625,-0.09765625,0.13427734375,-0.76904296875,-0.1220703125,0.96435546875,-0.09765625,0.2685546875,-0.37841796875,-0.3173828125,0.09765625,-0.91552734375,-0.2685546875,-0.42724609375,-0.28076171875,-0.634765625,-0.64697265625,-0.23193359375,0.15869140625,-0.7080078125,-0.30517578125,0.08544921875,-0.09765625,0.390625,-1.18408203125,1.30615234375,0.08544921875,0.5126953125,-0.732421875,-0.20751953125,0.1220703125,0.7568359375,-0.1953125,0.64697265625,-0.13427734375,0.45166015625,-0.03662109375,0.537109375,0.09765625,0.13427734375,-0.0732421875,0.28076171875,0.146484375,1.11083984375,-0.0244140625,0.25634765625,-0.15869140625,0.28076171875,-0.1708984375,0.3173828125,-0.08544921875,0.830078125,-0.03662109375,0.03662109375,0.4150390625,1.40380859375,0.29296875,-0.927734375,-0.048828125,-0.25634765625,-0.1220703125,-0.96435546875,-0.2685546875,-0.69580078125,-0.08544921875,-1.46484375,-0.01220703125,-0.2197265625,0.25634765625,-0.29296875,0.15869140625,-1.1962890625,0.0244140625,2.783203125,0.08544921875,0.23193359375,-0.2197265625,-0.13427734375,-0.13427734375,0.78125,0.23193359375,-0.72021484375,0.0244140625,-1.416015625,-0.18310546875,-0.96435546875,-0.06103515625,0.4638671875,-0.0732421875,0.9765625,0.1708984375,0.634765625,-0.08544921875,0.28076171875,0.5859375,1.85546875,-0.32958984375,-0.048828125,-0.01220703125,0.81787109375,0,-0.4150390625,0.1953125,-0.48828125
1,0,-0.3662109375,0.146484375,-0.32958984375,0.0244140625,-0.40283203125,0.146484375,0.01220703125,-0.03662109375,-0.0244140625,-0.1708984375,-0.96435546875,-0.06103515625,1.77001953125,0.048828125,-0.03662109375,-0.32958984375,0.23193359375,0.50048828125,0.62255859375,-0.3662109375,1.42822265625,-0.23193359375,0.048828125,0.0244140625,-0.08544921875,0.13427734375,-0.7568359375,-0.15869140625,0.9521484375,-0.13427734375,0.25634765625,-0.30517578125,-0.29296875,-0.01220703125,-0.9033203125,-0.28076171875,-0.4150390625,-0.3173828125,-0.634765625,-0.7080078125,-0.23193359375,0.06103515625,-0.67138671875,-0.30517578125,0.20751953125,-0.09765625,0.390625,-1.30615234375,1.26953125,0.23193359375,0.52490234375,-0.72021484375,-0.20751953125,0.20751953125,0.74462890625,-0.1953125,0.64697265625,-0.1953125,0.45166015625,-0.1953125,0.54931640625,0.06103515625,0.1220703125,0.03662109375,0.28076171875,0.1953125,1.123046875,0.0244140625,0.244140625,-0.18310546875,0.29296875,-0.09765625,0.3173828125,-0.06103515625,0.78125,-0.048828125,0.048828125,0.4150390625,1.3671875,0.2685546875,-0.93994140625,-0.146484375,-0.25634765625,-0.146484375,-0.96435546875,-0.29296875,-0.72021484375,-0.0244140625,-1.46484375,-0.01220703125,-0.20751953125,0.23193359375,-0.28076171875,0.1220703125,-1.1962890625,-0.0244140625,3.3447265625,0.15869140625,0.42724609375,-0.25634765625,0.01220703125,-0.09765625,0.96435546875,0.32958984375,-0.732421875,0.01220703125,-1.416015625,-0.244140625,-0.9765625,-0.10986328125,0.4638671875,-0.09765625,1.47705078125,0.1708984375,1.08642578125,-0.10986328125,0.64697265625,0.48828125,2.74658203125,-0.35400390625,-0.0732421875,-0.01220703125,0.8056640625,-0.0244140625,-0.390625,0.23193359375,-0.50048828125
1,0.048828125,-0.35400390625,0.146484375,-0.3173828125,0.03662109375,-0.40283203125,0.15869140625,0,-0.048828125,0.1220703125,-0.15869140625,-0.76904296875,-0.1220703125,2.4658203125,0.03662109375,0.20751953125,-0.28076171875,0.2685546875,0.54931640625,0.5859375,-0.1708984375,1.3916015625,-0.1953125,0.0732421875,0.03662109375,-0.08544921875,0.10986328125,-0.7568359375,-0.20751953125,0.9521484375,-0.18310546875,0.25634765625,-0.1953125,-0.244140625,-0.146484375,-0.9033203125,-0.25634765625,-0.37841796875,-0.3173828125,-0.62255859375,-0.62255859375,-0.23193359375,-0.048828125,-0.6591796875,-0.28076171875,0.32958984375,-0.10986328125,0.4150390625,-1.1474609375,1.26953125,0.341796875,0.5126953125,-0.68359375,-0.244140625,0.2685546875,0.7568359375,-0.244140625,0.634765625,-0.244140625,0.4638671875,-0.3173828125,0.5615234375,0.01220703125,0.1220703125,0.18310546875,0.2685546875,0.20751953125,1.0986328125,0.048828125,0.23193359375,-0.2197265625,0.28076171875,-0.01220703125,0.30517578125,-0.048828125,0.78125,-0.09765625,0.03662109375,0.37841796875,1.37939453125,0.244140625,-0.91552734375,-0.23193359375,-0.25634765625,-0.15869140625,-0.98876953125,-0.29296875,-0.74462890625,0.03662109375,-1.4892578125,0,-0.20751953125,0.146484375,-0.28076171875,0.10986328125,-1.1962890625,-0.13427734375,3.8330078125,0.1953125,0.5859375,-0.244140625,0.146484375,0,1.08642578125,0.37841796875,-0.732421875,0,-1.416015625,-0.2685546875,-0.98876953125,-0.13427734375,0.47607421875,-0.08544921875,2.13623046875,0.1708984375,1.7333984375,-0.10986328125,1.13525390625,0.54931640625,3.857421875,-0.3662109375,-0.06103515625,-0.01220703125,0.8056640625,-0.0244140625,-0.439453125,0.20751953125,-0.50048828125
1,0.048828125,-0.32958984375,0.0732421875,-0.3173828125,0.01220703125,-0.40283203125,0.18310546875,-0.0244140625,-0.06103515625,0.390625,-0.13427734375,-0.537109375,-0.08544921875,3.33251953125,0,0.48828125,-0.2197265625,0.25634765625,0.57373046875,0.52490234375,0.06103515625,1.3427734375,-0.1708984375,0.048828125,0.01220703125,-0.0732421875,0.0244140625,-0.7568359375,-0.25634765625,0.96435546875,-0.23193359375,0.244140625,-0.1220703125,-0.1953125,-0.2685546875,-0.8544921875,-0.2197265625,-0.37841796875,-0.32958984375,-0.62255859375,-0.45166015625,-0.2197265625,-0.13427734375,-0.64697265625,-0.2197265625,0.390625,-0.10986328125,0.4150390625,-1.2451171875,1.26953125,0.47607421875,0.48828125,-0.5859375,-0.2197265625,0.341796875,0.74462890625,-0.28076171875,0.64697265625,-0.25634765625,0.4638671875,-0.4638671875,0.537109375,-0.03662109375,0.10986328125,0.32958984375,0.2685546875,0.18310546875,1.07421875,0.048828125,0.2197265625,-0.23193359375,0.28076171875,0.03662109375,0.28076171875,0,0.81787109375,-0.10986328125,0.01220703125,0.30517578125,1.37939453125,0.18310546875,-0.91552734375,-0.25634765625,-0.28076171875,-0.146484375,-0.9765625,-0.25634765625,-0.732421875,0.048828125,-1.47705078125,0.01220703125,-0.20751953125,-0.03662109375,-0.28076171875,0.13427734375,-1.1962890625,-0.18310546875,4.18701171875,0.1220703125,0.72021484375,-0.25634765625,0.25634765625,0.0732421875,1.171875,0.390625,-0.74462890625,0,-1.416015625,-0.2685546875,-0.9765625,-0.146484375,0.48828125,-0.10986328125,2.89306640625,0.146484375,2.50244140625,-0.10986328125,1.7333984375,0.439453125,5.09033203125,-0.390625,-0.06103515625,0,0.81787109375,0,-0.439453125,0.20751953125,-0.50048828125
1,0.06103515625,-0.341796875,0.08544921875,-0.28076171875,0.01220703125,-0.35400390625,0.18310546875,0,-0.06103515625,0.6591796875,-0.146484375,-0.28076171875,-0.13427734375,4.248046875,-0.01220703125,0.79345703125,-0.15869140625,0.1953125,0.6103515625,0.4150390625,0.20751953125,1.26953125,-0.1220703125,0,0.01220703125,-0.09765625,-0.03662109375,-0.7568359375,-0.32958984375,0.9765625,-0.244140625,0.25634765625,-0.0732421875,-0.2197265625,-0.341796875,-0.830078125,-0.146484375,-0.3662109375,-0.30517578125,-0.64697265625,-0.3173828125,-0.23193359375,-0.23193359375,-0.6591796875,-0.10986328125,0.3662109375,-0.1953125,0.4150390625,-1.26953125,1.26953125,0.52490234375,0.48828125,-0.439453125,-0.18310546875,0.45166015625,0.7568359375,-0.30517578125,0.634765625,-0.25634765625,0.47607421875,-0.54931640625,0.52490234375,-0.0244140625,0.1220703125,0.5126953125,0.28076171875,0.18310546875,1.07421875,0.08544921875,0.23193359375,-0.1953125,0.2685546875,0.0244140625,0.3173828125,-0.03662109375,0.830078125,-0.146484375,0.0244140625,0.25634765625,1.37939453125,0.15869140625,-0.927734375,-0.25634765625,-0.30517578125,-0.10986328125,-1.0009765625,-0.18310546875,-0.74462890625,0.0244140625,-1.47705078125,0.03662109375,-0.2197265625,-0.18310546875,-0.28076171875,0.146484375,-1.1962890625,-0.30517578125,4.35791015625,0.06103515625,0.79345703125,-0.18310546875,0.3173828125,0.10986328125,1.2451171875,0.3662109375,-0.72021484375,-0.01220703125,-1.42822265625,-0.244140625,-1.01318359375,-0.1220703125,0.48828125,-0.1220703125,3.67431640625,0.1220703125,3.30810546875,-0.10986328125,2.33154296875,0.40283203125,6.33544921875,-0.4150390625,-0.048828125,0.0244140625,0.84228515625,0,-0.42724609375,0.1953125,-0.48828125
1,0.06103515625,-0.3173828125,0.08544921875,-0.2685546875,0.03662109375,-0.35400390625,0.18310546875,-0.01220703125,-0.06103515625,0.96435546875,-0.146484375,0,-0.15869140625,5.17578125,-0.03662109375,1.07421875,-0.10986328125,0.09765625,0.6591796875,0.30517578125,0.30517578125,1.171875,-0.09765625,-0.0732421875,0.01220703125,-0.1220703125,-0.0732421875,-0.78125,-0.35400390625,0.96435546875,-0.2197265625,0.2685546875,-0.08544921875,-0.2197265625,-0.3662109375,-0.79345703125,-0.13427734375,-0.390625,-0.2685546875,-0.6591796875,-0.1708984375,-0.2685546875,-0.28076171875,-0.6591796875,-0.03662109375,0.3662109375,-0.25634765625,0.42724609375,-1.15966796875,1.25732421875,0.54931640625,0.5126953125,-0.2685546875,-0.146484375,0.5126953125,0.7568359375,-0.341796875,0.64697265625,-0.23193359375,0.47607421875,-0.62255859375,0.537109375,0,0.13427734375,0.59814453125,0.28076171875,0.146484375,1.07421875,0.08544921875,0.2197265625,-0.18310546875,0.25634765625,0.0244140625,0.32958984375,-0.01220703125,0.86669921875,-0.18310546875,0.0244140625,0.1708984375,1.3916015625,0.13427734375,-0.9033203125,-0.1953125,-0.30517578125,-0.0732421875,-1.0009765625,-0.08544921875,-0.74462890625,-0.01220703125,-1.45263671875,0.048828125,-0.2197265625,-0.32958984375,-0.2685546875,0.10986328125,-1.1962890625,-0.29296875,4.3701171875,-0.0244140625,0.78125,-0.08544921875,0.32958984375,0.1708984375,1.23291015625,0.32958984375,-0.7080078125,0.01220703125,-1.42822265625,-0.18310546875,-1.025390625,-0.08544921875,0.4638671875,-0.1220703125,4.35791015625,0.146484375,4.04052734375,-0.10986328125,2.8564453125,0.47607421875,7.51953125,-0.4150390625,-0.06103515625,0.0244140625,0.86669921875,0.048828125,-0.42724609375,0.15869140625,-0.48828125
1,0.0244140625,-0.32958984375,0.13427734375,-0.2685546875,0.048828125,-0.341796875,0.1708984375,-0.01220703125,-0.048828125,1.1962890625,-0.13427734375,0.23193359375,-0.15869140625,5.95703125,-0.01220703125,1.33056640625,-0.09765625,-0.01220703125,0.7568359375,0.2197265625,0.390625,1.06201171875,-0.0244140625,-0.146484375,0.03662109375,-0.13427734375,-0.09765625,-0.78125,-0.3662109375,1.0009765625,-0.10986328125,0.2685546875,-0.1220703125,-0.23193359375,-0.341796875,-0.76904296875,-0.06103515625,-0.37841796875,-0.30517578125,-0.68359375,-0.03662109375,-0.25634765625,-0.25634765625,-0.67138671875,0.0732421875,0.28076171875,-0.29296875,0.4150390625,-1.23291015625,1.2451171875,0.54931640625,0.52490234375,-0.15869140625,-0.146484375,0.5859375,0.76904296875,-0.390625,0.6591796875,-0.1953125,0.47607421875,-0.7080078125,0.5126953125,0,0.1708984375,0.634765625,0.25634765625,0.146484375,1.08642578125,0.03662109375,0.1953125,-0.13427734375,0.2685546875,0,0.32958984375,-0.0244140625,0.8544921875,-0.1708984375,0.0244140625,0.13427734375,1.3671875,0.13427734375,-0.91552734375,-0.09765625,-0.30517578125,-0.03662109375,-0.98876953125,0.01220703125,-0.74462890625,-0.06103515625,-1.45263671875,0.06103515625,-0.2197265625,-0.45166015625,-0.2685546875,0.06103515625,-1.1962890625,-0.28076171875,4.2236328125,-0.08544921875,0.72021484375,0.0244140625,0.3173828125,0.20751953125,1.1962890625,0.23193359375,-0.732421875,0,-1.42822265625,-0.09765625,-1.025390625,-0.048828125,0.45166015625,-0.15869140625,4.89501953125,0.10986328125,4.67529296875,-0.1220703125,3.25927734375,0.47607421875,8.50830078125,-0.4150390625,-0.0732421875,0.0244140625,0.9033203125,0.08544921875,-0.4638671875,0.13427734375,-0.4638671875
1,0.048828125,-0.3173828125,0.13427734375,-0.28076171875,0.08544921875,-0.32958984375,0.146484375,0,-0.0244140625,1.37939453125,-0.1220703125,0.390625,-0.25634765625,6.5185546875,0,1.4892578125,-0.10986328125,-0.1220703125,0.81787109375,0.146484375,0.3662109375,1.0009765625,0.0244140625,-0.2197265625,0.0244140625,-0.10986328125,-0.10986328125,-0.78125,-0.341796875,0.98876953125,-0.03662109375,0.2685546875,-0.15869140625,-0.25634765625,-0.25634765625,-0.7568359375,-0.01220703125,-0.390625,-0.28076171875,-0.67138671875,0,-0.2685546875,-0.15869140625,-0.68359375,0.1953125,0.15869140625,-0.3173828125,0.42724609375,-1.0986328125,1.20849609375,0.52490234375,0.537109375,-0.048828125,-0.13427734375,0.62255859375,0.78125,-0.50048828125,0.6591796875,-0.1708984375,0.4638671875,-0.62255859375,0.50048828125,0.03662109375,0.1708984375,0.68359375,0.244140625,0.09765625,1.08642578125,0.0732421875,0.20751953125,-0.08544921875,0.25634765625,-0.01220703125,0.32958984375,0.01220703125,0.86669921875,-0.18310546875,0.03662109375,0.08544921875,1.3671875,0.1708984375,-0.91552734375,0.0244140625,-0.29296875,0.03662109375,-1.0009765625,0.09765625,-0.72021484375,-0.1220703125,-1.45263671875,0.0244140625,-0.20751953125,-0.48828125,-0.28076171875,-0.01220703125,-1.1962890625,-0.3662109375,3.9794921875,-0.13427734375,0.62255859375,0.09765625,0.244140625,0.1953125,1.123046875,0.09765625,-0.7080078125,0.0244140625,-1.42822265625,0,-1.01318359375,-0.0244140625,0.439453125,-0.13427734375,5.26123046875,0.15869140625,5.1513671875,-0.09765625,3.5400390625,0.4638671875,9.31396484375,-0.42724609375,-0.06103515625,0.01220703125,0.91552734375,0.0732421875,-0.439453125,0.10986328125,-0.439453125
1,0.048828125,-0.3173828125,0.1220703125,-0.3173828125,0.09765625,-0.3662109375,0.15869140625,-0.01220703125,0,1.50146484375,-0.13427734375,0.47607421875,-0.30517578125,6.84814453125,0,1.5869140625,-0.146484375,-0.1708984375,0.8544921875,0.1220703125,0.20751953125,0.9521484375,0.09765625,-0.2685546875,0.01220703125,-0.13427734375,-0.06103515625,-0.76904296875,-0.29296875,0.98876953125,0.08544921875,0.28076171875,-0.1708984375,-0.29296875,-0.1220703125,-0.74462890625,0.048828125,-0.40283203125,-0.25634765625,-0.68359375,-0.0244140625,-0.2685546875,-0.048828125,-0.68359375,0.23193359375,0.01220703125,-0.23193359375,0.4150390625,-1.025390625,1.171875,0.47607421875,0.52490234375,0.01220703125,-0.13427734375,0.5859375,0.78125,-0.50048828125,0.64697265625,-0.10986328125,0.47607421875,-0.59814453125,0.48828125,0.03662109375,0.15869140625,0.67138671875,0.25634765625,0.0244140625,1.11083984375,0.048828125,0.1953125,-0.03662109375,0.244140625,-0.03662109375,0.35400390625,0.03662109375,0.86669921875,-0.15869140625,0.03662109375,0.03662109375,1.3916015625,0.1708984375,-0.93994140625,0.09765625,-0.3173828125,0.08544921875,-1.0009765625,0.15869140625,-0.732421875,-0.13427734375,-1.4404296875,-0.03662109375,-0.1953125,-0.40283203125,-0.29296875,-0.09765625,-1.1962890625,-0.32958984375,3.61328125,-0.1953125,0.5126953125,0.1220703125,0.146484375,0.13427734375,1.06201171875,-0.03662109375,-0.69580078125,0.01220703125,-1.42822265625,0.08544921875,-0.98876953125,-0.01220703125,0.439453125,-0.13427734375,5.4443359375,0.146484375,5.419921875,-0.10986328125,3.7109375,0.42724609375,9.87548828125,-0.4150390625,-0.048828125,0.0244140625,0.91552734375,0.1220703125,-0.4638671875,0.0732421875,-0.4150390625
0,0.03662109375,-0.3662109375,0.13427734375,-0.32958984375,0.10986328125,-0.3662109375,0.1220703125,0,-0.01220703125,1.55029296875,-0.09765625,0.50048828125,-0.3173828125,6.9091796875,-0.01220703125,1.5869140625,-0.1708984375,-0.20751953125,0.89111328125,0.10986328125,0.06103515625,0.927734375,0.2197265625,-0.3173828125,0,-0.13427734375,-0.0244140625,-0.76904296875,-0.20751953125,0.98876953125,0.13427734375,0.28076171875,-0.15869140625,-0.32958984375,0,-0.7568359375,0.1220703125,-0.42724609375,-0.244140625,-0.69580078125,-0.0732421875,-0.28076171875,0.09765625,-0.69580078125,0.23193359375,-0.13427734375,-0.20751953125,0.42724609375,-1.01318359375,1.1474609375,0.35400390625,0.52490234375,0.09765625,-0.1220703125,0.50048828125,0.78125,-0.48828125,0.6591796875,-0.048828125,0.47607421875,-0.5126953125,0.48828125,0.06103515625,0.1708984375,0.69580078125,0.28076171875,0.01220703125,1.11083984375,0.06103515625,0.20751953125,0.01220703125,0.244140625,-0.048828125,0.37841796875,0.01220703125,0.87890625,-0.146484375,0.06103515625,0.01220703125,1.40380859375,0.2197265625,-0.93994140625,0.13427734375,-0.30517578125,0.0732421875,-0.9765625,0.1953125,-0.732421875,-0.13427734375,-1.46484375,-0.0732421875,-0.1708984375,-0.25634765625,-0.3173828125,-0.13427734375,-1.18408203125,-0.25634765625,3.22265625,-0.1708984375,0.37841796875,0.13427734375,0.0244140625,0.10986328125,0.93994140625,-0.1953125,-0.69580078125,-0.048828125,-1.4404296875,0.13427734375,-0.98876953125,-0.048828125,0.4150390625,-0.146484375,5.48095703125,0.1220703125,5.52978515625,-0.10986328125,3.74755859375,0.30517578125,10.19287109375,-0.40283203125,-0.0244140625,-0.0244140625,0.91552734375,0.1220703125,-0.4150390625,0.03662109375,-0.439453125
0,0.0732421875,-0.3662109375,0.06103515625,-0.32958984375,0.09765625,-0.3662109375,0.1220703125,0,0.0244140625,1.52587890625,-0.10986328125,0.42724609375,-0.29296875,6.7138671875,-0.03662109375,1.5380859375,-0.244140625,-0.2197265625,0.830078125,0.1220703125,-0.146484375,0.927734375,0.25634765625,-0.341796875,0.01220703125,-0.1220703125,0.01220703125,-0.74462890625,-0.10986328125,0.98876953125,0.15869140625,0.2685546875,-0.15869140625,-0.32958984375,0.146484375,-0.7568359375,0.18310546875,-0.42724609375,-0.20751953125,-0.69580078125,-0.10986328125,-0.28076171875,0.15869140625,-0.69580078125,0.15869140625,-0.25634765625,-0.1953125,0.4150390625,-0.89111328125,1.18408203125,0.244140625,0.5126953125,0.10986328125,-0.146484375,0.42724609375,0.78125,-0.50048828125,0.67138671875,0.0244140625,0.42724609375,-0.3662109375,0.48828125,0.08544921875,0.15869140625,0.67138671875,0.29296875,-0.048828125,1.11083984375,0.03662109375,0.2197265625,0.03662109375,0.2685546875,-0.048828125,0.37841796875,-0.0244140625,0.86669921875,-0.146484375,0.0732421875,0.03662109375,1.40380859375,0.3173828125,-0.93994140625,0.10986328125,-0.3173828125,0.06103515625,-0.98876953125,0.20751953125,-0.732421875,-0.13427734375,-1.46484375,-0.1220703125,-0.146484375,-0.06103515625,-0.3173828125,-0.13427734375,-1.15966796875,-0.1953125,2.86865234375,-0.13427734375,0.25634765625,0.08544921875,-0.06103515625,0.0732421875,0.87890625,-0.29296875,-0.7080078125,-0.13427734375,-1.45263671875,0.15869140625,-0.98876953125,-0.08544921875,0.42724609375,-0.13427734375,5.3955078125,0.1220703125,5.517578125,-0.13427734375,3.7109375,0.4150390625,10.302734375,-0.42724609375,0,-0.03662109375,0.9033203125,0.13427734375,-0.4150390625,0.0244140625,-0.42724609375
0,0.06103515625,-0.37841796875,0.0244140625,-0.32958984375,0.1220703125,-0.40283203125,0.09765625,-0.01220703125,0.01220703125,1.416015625,-0.08544921875,0.3173828125,-0.29296875,6.3232421875,-0.03662109375,1.416015625,-0.28076171875,-0.2197265625,0.64697265625,0.13427734375,-0.35400390625,0.96435546875,0.15869140625,-0.341796875,0.048828125,-0.13427734375,0.08544921875,-0.74462890625,-0.0244140625,0.96435546875,0.18310546875,0.2685546875,-0.10986328125,-0.32958984375,0.20751953125,-0.78125,0.1953125,-0.439453125,-0.23193359375,-0.69580078125,-0.10986328125,-0.2685546875,0.1953125,-0.7080078125,0.15869140625,-0.390625,-0.146484375,0.40283203125,-0.927734375,1.220703125,0.15869140625,0.50048828125,0.06103515625,-0.1708984375,0.30517578125,0.7568359375,-0.439453125,0.67138671875,0.0732421875,0.42724609375,-0.244140625,0.48828125,0.08544921875,0.146484375,0.634765625,0.30517578125,-0.10986328125,1.11083984375,0.03662109375,0.244140625,0.03662109375,0.28076171875,-0.06103515625,0.35400390625,-0.08544921875,0.89111328125,-0.10986328125,0.06103515625,0.01220703125,1.3916015625,0.390625,-0.9521484375,0.048828125,-0.29296875,0.048828125,-0.96435546875,0.23193359375,-0.69580078125,-0.09765625,-1.4404296875,-0.1708984375,-0.15869140625,0.09765625,-0.29296875,-0.10986328125,-1.1962890625,-0.15869140625,2.63671875,-0.048828125,0.1953125,0,-0.1220703125,0.0244140625,0.8056640625,-0.2685546875,-0.7080078125,-0.23193359375,-1.45263671875,0.13427734375,-0.9765625,-0.15869140625,0.4150390625,-0.09765625,5.2490234375,0.146484375,5.38330078125,-0.08544921875,3.62548828125,0.45166015625,10.2294921875,-0.4150390625,0,-0.03662109375,0.87890625,0.10986328125,-0.4150390625,0.048828125,-0.4150390625
0,0.0244140625,-0.37841796875,-0.01220703125,-0.341796875,0.13427734375,-0.4150390625,0.0732421875,-0.0244140625,0,1.26953125,-0.048828125,0.146484375,-0.28076171875,5.79833984375,-0.048828125,1.2451171875,-0.20751953125,-0.1708984375,0.537109375,0.1220703125,-0.32958984375,0.98876953125,0.1220703125,-0.3662109375,0.09765625,-0.08544921875,0.1220703125,-0.732421875,0.08544921875,0.9765625,0.18310546875,0.28076171875,-0.0732421875,-0.3173828125,0.20751953125,-0.79345703125,0.20751953125,-0.439453125,-0.244140625,-0.69580078125,-0.13427734375,-0.25634765625,0.146484375,-0.68359375,0.13427734375,-0.47607421875,-0.1220703125,0.4150390625,-0.96435546875,1.2939453125,0.10986328125,0.48828125,0.01220703125,-0.146484375,0.2197265625,0.7568359375,-0.40283203125,0.67138671875,0.09765625,0.439453125,-0.06103515625,0.50048828125,0.10986328125,0.15869140625,0.6103515625,0.3173828125,-0.1708984375,1.11083984375,0.0244140625,0.2685546875,0.01220703125,0.25634765625,-0.09765625,0.341796875,-0.18310546875,0.87890625,-0.1220703125,0.0732421875,0.0244140625,1.416015625,0.47607421875,-0.93994140625,-0.03662109375,-0.30517578125,0.06103515625,-0.96435546875,0.20751953125,-0.7080078125,-0.0732421875,-1.45263671875,-0.1708984375,-0.15869140625,0.18310546875,-0.28076171875,-0.03662109375,-1.171875,-0.1220703125,2.490234375,0.08544921875,0.18310546875,-0.0732421875,-0.146484375,0.01220703125,0.76904296875,-0.2197265625,-0.7080078125,-0.32958984375,-1.4404296875,0.09765625,-0.96435546875,-0.1953125,0.42724609375,-0.09765625,5.09033203125,0.13427734375,5.224609375,-0.08544921875,3.52783203125,0.3173828125,10.04638671875,-0.4150390625,0,-0.048828125,0.86669921875,0.08544921875,-0.40283203125,0.06103515625,-0.45166015625
0,0.048828125,-0.3662109375,0.06103515625,-0.341796875,0.146484375,-0.4150390625,0.08544921875,0.01220703125,0.01220703125,1.0986328125,-0.03662109375,-0.01220703125,-0.2685546875,5.23681640625,-0.0732421875,1.0498046875,-0.23193359375,-0.18310546875,0.32958984375,0.03662109375,-0.3173828125,1.01318359375,-0.08544921875,-0.35400390625,0.13427734375,-0.0732421875,0.13427734375,-0.732421875,0.1220703125,0.9765625,0.146484375,0.2685546875,-0.01220703125,-0.3173828125,0.10986328125,-0.81787109375,0.1708984375,-0.4150390625,-0.23193359375,-0.7080078125,-0.13427734375,-0.2197265625,0.048828125,-0.68359375,0.0732421875,-0.537109375,-0.048828125,0.40283203125,-0.8544921875,1.40380859375,0.08544921875,0.47607421875,-0.09765625,-0.146484375,0.18310546875,0.7568359375,-0.341796875,0.68359375,0.08544921875,0.45166015625,0.03662109375,0.5126953125,0.08544921875,0.146484375,0.52490234375,0.32958984375,-0.28076171875,1.0986328125,0.0244140625,0.2685546875,0.01220703125,0.29296875,-0.13427734375,0.35400390625,-0.18310546875,0.86669921875,-0.09765625,0.0732421875,0,1.40380859375,0.50048828125,-0.927734375,-0.0732421875,-0.29296875,0.03662109375,-0.9521484375,0.146484375,-0.72021484375,-0.0732421875,-1.4404296875,-0.1220703125,-0.146484375,0.2197265625,-0.2685546875,0.048828125,-1.171875,-0.1708984375,2.4658203125,0.15869140625,0.1953125,-0.1220703125,-0.1708984375,0,0.79345703125,-0.06103515625,-0.7080078125,-0.390625,-1.45263671875,0.01220703125,-0.98876953125,-0.23193359375,0.45166015625,-0.0732421875,4.931640625,0.146484375,5.04150390625,-0.09765625,3.3935546875,0.20751953125,9.7412109375,-0.3662109375,-0.01220703125,-0.03662109375,0.86669921875,0.06103515625,-0.40283203125,0.048828125,-0.4638671875
0,0.048828125,-0.35400390625,0.03662109375,-0.30517578125,0.146484375,-0.390625,0.08544921875,0.0244140625,0.03662109375,0.927734375,-0.03662109375,-0.15869140625,-0.28076171875,4.7119140625,-0.08544921875,0.87890625,-0.18310546875,-0.20751953125,0.1953125,0,-0.3173828125,1.03759765625,-0.28076171875,-0.37841796875,0.20751953125,-0.0732421875,0.13427734375,-0.732421875,0.146484375,0.9765625,0.10986328125,0.244140625,0.10986328125,-0.25634765625,-0.0244140625,-0.830078125,0.13427734375,-0.390625,-0.25634765625,-0.7080078125,-0.15869140625,-0.2197265625,0,-0.67138671875,0.1220703125,-0.57373046875,-0.0732421875,0.4150390625,-0.91552734375,1.513671875,0.08544921875,0.48828125,-0.1708984375,-0.1220703125,0.146484375,0.7568359375,-0.28076171875,0.69580078125,0.0732421875,0.4638671875,-0.01220703125,0.5126953125,0.048828125,0.13427734375,0.42724609375,0.341796875,-0.3173828125,1.0986328125,0.01220703125,0.28076171875,-0.0244140625,0.28076171875,-0.146484375,0.341796875,-0.2197265625,0.89111328125,-0.0732421875,0.0732421875,0,1.40380859375,0.45166015625,-0.89111328125,-0.10986328125,-0.28076171875,-0.01220703125,-1.0009765625,0.048828125,-0.72021484375,-0.06103515625,-1.46484375,-0.0244140625,-0.18310546875,0.15869140625,-0.244140625,0.18310546875,-1.171875,-0.18310546875,2.55126953125,0.20751953125,0.25634765625,-0.13427734375,-0.10986328125,-0.048828125,0.8056640625,0.10986328125,-0.7080078125,-0.37841796875,-1.45263671875,-0.048828125,-1.0009765625,-0.244140625,0.4638671875,-0.08544921875,4.82177734375,0.13427734375,4.84619140625,-0.10986328125,3.23486328125,0.13427734375,9.36279296875,-0.35400390625,-0.0244140625,-0.048828125,0.84228515625,0.06103515625,-0.4150390625,0.06103515625,-0.47607421875
0,0.01220703125,-0.3173828125,0.048828125,-0.29296875,0.1220703125,-0.3662109375,0.06103515625,0.01220703125,0.03662109375,0.7568359375,-0.0244140625,-0.30517578125,-0.30517578125,4.23583984375,-0.08544921875,0.6591796875,-0.1708984375,-0.244140625,0.10986328125,-0.048828125,-0.244140625,1.03759765625,-0.439453125,-0.390625,0.30517578125,-0.09765625,0.146484375,-0.732421875,0.0732421875,0.98876953125,0.08544921875,0.25634765625,0.18310546875,-0.2197265625,-0.10986328125,-0.830078125,0.1220703125,-0.390625,-0.3173828125,-0.69580078125,-0.2197265625,-0.2197265625,-0.10986328125,-0.6591796875,0.13427734375,-0.57373046875,-0.13427734375,0.4150390625,-0.76904296875,1.611328125,0.15869140625,0.48828125,-0.29296875,-0.10986328125,0.1708984375,0.74462890625,-0.25634765625,0.68359375,0.01220703125,0.47607421875,0,0.52490234375,0.048828125,0.146484375,0.30517578125,0.35400390625,-0.32958984375,1.07421875,0.01220703125,0.28076171875,-0.08544921875,0.29296875,-0.1953125,0.341796875,-0.1708984375,0.86669921875,-0.06103515625,0.06103515625,0,1.40380859375,0.40283203125,-0.89111328125,-0.09765625,-0.28076171875,-0.048828125,-0.98876953125,-0.048828125,-0.72021484375,-0.048828125,-1.46484375,0.08544921875,-0.18310546875,0.0732421875,-0.244140625,0.32958984375,-1.1474609375,-0.18310546875,2.72216796875,0.18310546875,0.30517578125,-0.13427734375,-0.06103515625,-0.09765625,0.8544921875,0.1953125,-0.68359375,-0.341796875,-1.45263671875,-0.08544921875,-1.01318359375,-0.23193359375,0.4638671875,-0.06103515625,4.6630859375,0.146484375,4.65087890625,-0.09765625,3.076171875,0.0732421875,8.89892578125,-0.3662109375,-0.048828125,-0.03662109375,0.8544921875,0.06103515625,-0.4150390625,0.06103515625,-0.48828125
0,0.048828125,-0.3173828125,0.0244140625,-0.30517578125,0.10986328125,-0.341796875,0.06103515625,0.0244140625,0.048828125,0.62255859375,-0.0244140625,-0.45166015625,-0.30517578125,3.82080078125,-0.10986328125,0.50048828125,-0.20751953125,-0.29296875,0.06103515625,-0.1220703125,-0.25634765625,1.0498046875,-0.5615234375,-0.390625,0.3173828125,-0.08544921875,0.13427734375,-0.732421875,0,0.9765625,0.048828125,0.25634765625,0.244140625,-0.23193359375,-0.18310546875,-0.84228515625,0.0732421875,-0.390625,-0.30517578125,-0.69580078125,-0.29296875,-0.2197265625,-0.18310546875,-0.64697265625,0.1708984375,-0.54931640625,-0.2197265625,0.390625,-0.732421875,1.69677734375,0.23193359375,0.48828125,-0.341796875,-0.08544921875,0.20751953125,0.732421875,-0.1953125,0.67138671875,-0.0244140625,0.50048828125,-0.10986328125,0.54931640625,-0.048828125,0.15869140625,0.18310546875,0.3662109375,-0.32958984375,1.07421875,0.0244140625,0.244140625,-0.1220703125,0.28076171875,-0.25634765625,0.35400390625,-0.20751953125,0.89111328125,0,0.048828125,-0.01220703125,1.3916015625,0.28076171875,-0.84228515625,-0.08544921875,-0.28076171875,-0.08544921875,-0.98876953125,-0.1708984375,-0.72021484375,-0.08544921875,-1.47705078125,0.18310546875,-0.2197265625,0,-0.244140625,0.439453125,-1.1474609375,-0.146484375,2.9052734375,0.10986328125,0.37841796875,-0.09765625,0.0244140625,-0.13427734375,0.89111328125,0.25634765625,-0.69580078125,-0.20751953125,-1.42822265625,-0.10986328125,-1.01318359375,-0.23193359375,0.47607421875,-0.0732421875,4.50439453125,0.15869140625,4.45556640625,-0.10986328125,2.9296875,0.0732421875,8.43505859375,-0.37841796875,-0.048828125,-0.0244140625,0.84228515625,0.048828125,-0.439453125,0.048828125,-0.48828125
0,0.0244140625,-0.30517578125,0.0244140625,-0.2685546875,0.10986328125,-0.341796875,0.03662109375,0,0.0732421875,0.48828125,-0.0244140625,-0.537109375,-0.32958984375,3.45458984375,-0.13427734375,0.35400390625,-0.25634765625,-0.29296875,0.0732421875,-0.146484375,-0.28076171875,1.0498046875,-0.537109375,-0.390625,0.3173828125,-0.1220703125,0.1220703125,-0.74462890625,-0.09765625,0.9765625,0.0244140625,0.25634765625,0.23193359375,-0.23193359375,-0.244140625,-0.84228515625,0.048828125,-0.4150390625,-0.341796875,-0.7080078125,-0.390625,-0.2197265625,-0.25634765625,-0.6591796875,0.146484375,-0.5126953125,-0.2197265625,0.390625,-0.830078125,1.74560546875,0.29296875,0.47607421875,-0.3662109375,-0.0732421875,0.23193359375,0.74462890625,-0.18310546875,0.67138671875,-0.0732421875,0.48828125,-0.244140625,0.5615234375,-0.1220703125,0.15869140625,0.08544921875,0.341796875,-0.25634765625,1.07421875,0,0.23193359375,-0.18310546875,0.28076171875,-0.29296875,0.3662109375,-0.23193359375,0.87890625,0.03662109375,0.03662109375,-0.0244140625,1.3916015625,0.18310546875,-0.86669921875,-0.06103515625,-0.3173828125,-0.09765625,-1.0009765625,-0.2685546875,-0.72021484375,-0.10986328125,-1.4892578125,0.25634765625,-0.2197265625,-0.0732421875,-0.244140625,0.48828125,-1.15966796875,-0.1220703125,3.0029296875,0.0732421875,0.40283203125,-0.03662109375,0.06103515625,-0.1708984375,0.91552734375,0.244140625,-0.69580078125,-0.06103515625,-1.4404296875,-0.10986328125,-1.025390625,-0.23193359375,0.4638671875,-0.08544921875,4.35791015625,0.146484375,4.248046875,-0.1220703125,2.783203125,0.13427734375,7.94677734375,-0.390625,-0.0732421875,-0.0244140625,0.8544921875,0.048828125,-0.45166015625,0.048828125,-0.50048828125
0,0.01220703125,-0.3173828125,-0.0244140625,-0.28076171875,0.1220703125,-0.341796875,0.01220703125,0.01220703125,0.08544921875,0.35400390625,-0.06103515625,-0.634765625,-0.35400390625,3.11279296875,-0.13427734375,0.23193359375,-0.32958984375,-0.30517578125,0.08544921875,-0.10986328125,-0.390625,1.06201171875,-0.45166015625,-0.341796875,0.28076171875,-0.10986328125,0.1220703125,-0.74462890625,-0.18310546875,0.96435546875,0,0.2685546875,0.15869140625,-0.2685546875,-0.25634765625,-0.84228515625,0.0244140625,-0.4150390625,-0.35400390625,-0.7080078125,-0.4638671875,-0.2197265625,-0.2685546875,-0.67138671875,0.0732421875,-0.47607421875,-0.1953125,0.390625,-0.79345703125,1.7822265625,0.37841796875,0.5126953125,-0.40283203125,-0.06103515625,0.30517578125,0.7568359375,-0.20751953125,0.64697265625,-0.13427734375,0.47607421875,-0.37841796875,0.57373046875,-0.146484375,0.146484375,-0.01220703125,0.341796875,-0.2197265625,1.06201171875,0,0.20751953125,-0.20751953125,0.25634765625,-0.3173828125,0.341796875,-0.23193359375,0.91552734375,0.10986328125,0.048828125,-0.08544921875,1.3671875,0.13427734375,-0.86669921875,-0.06103515625,-0.30517578125,-0.13427734375,-1.01318359375,-0.3173828125,-0.72021484375,-0.1708984375,-1.47705078125,0.3173828125,-0.25634765625,-0.1220703125,-0.244140625,0.4638671875,-1.13525390625,-0.0244140625,2.978515625,0.03662109375,0.37841796875,0,0.06103515625,-0.1953125,0.87890625,0.1953125,-0.68359375,0.03662109375,-1.42822265625,-0.0732421875,-1.01318359375,-0.2685546875,0.47607421875,-0.03662109375,4.16259765625,0.15869140625,4.04052734375,-0.09765625,2.6123046875,0.1708984375,7.48291015625,-0.37841796875,-0.048828125,-0.03662109375,0.8544921875,0.048828125,-0.4638671875,0.0732421875,-0.48828125
0,0.048828125,-0.3173828125,-0.0244140625,-0.25634765625,0.1708984375,-0.3173828125,-0.01220703125,0,0.09765625,0.23193359375,-0.06103515625,-0.732421875,-0.37841796875,2.74658203125,-0.1708984375,0.08544921875,-0.341796875,-0.244140625,0.18310546875,-0.03662109375,-0.3662109375,1.11083984375,-0.18310546875,-0.28076171875,0.20751953125,-0.13427734375,0.13427734375,-0.74462890625,-0.244140625,0.9765625,-0.03662109375,0.244140625,0.048828125,-0.28076171875,-0.2197265625,-0.86669921875,0,-0.4150390625,-0.4150390625,-0.67138671875,-0.48828125,-0.244140625,-0.20751953125,-0.68359375,0.09765625,-0.439453125,-0.20751953125,0.390625,-0.7080078125,1.7822265625,0.42724609375,0.48828125,-0.3662109375,-0.06103515625,0.3662109375,0.76904296875,-0.23193359375,0.634765625,-0.13427734375,0.47607421875,-0.52490234375,0.5859375,-0.1953125,0.146484375,-0.13427734375,0.32958984375,-0.18310546875,1.08642578125,0,0.18310546875,-0.25634765625,0.2685546875,-0.3173828125,0.341796875,-0.25634765625,0.9033203125,0.1220703125,0.0244140625,-0.06103515625,1.40380859375,0.10986328125,-0.89111328125,-0.048828125,-0.3173828125,-0.10986328125,-1.01318359375,-0.32958984375,-0.74462890625,-0.18310546875,-1.513671875,0.30517578125,-0.25634765625,-0.13427734375,-0.2685546875,0.35400390625,-1.1474609375,-0.09765625,2.7587890625,0.0244140625,0.30517578125,0.048828125,0,-0.15869140625,0.79345703125,0.15869140625,-0.69580078125,0.15869140625,-1.42822265625,-0.048828125,-1.01318359375,-0.29296875,0.4638671875,-0.06103515625,3.96728515625,0.15869140625,3.82080078125,-0.09765625,2.47802734375,0.1220703125,7.04345703125,-0.341796875,-0.06103515625,-0.048828125,0.86669921875,0.01220703125,-0.439453125,0.10986328125,-0.48828125
0,0.03662109375,-0.35400390625,-0.03662109375,-0.23193359375,0.18310546875,-0.32958984375,-0.0244140625,0.01220703125,0.10986328125,0.10986328125,-0.048828125,-0.84228515625,-0.37841796875,2.35595703125,-0.1708984375,-0.0244140625,-0.32958984375,-0.146484375,0.30517578125,0.09765625,-0.23193359375,1.171875,0.10986328125,-0.20751953125,0.13427734375,-0.13427734375,0.1220703125,-0.732421875,-0.28076171875,0.98876953125,-0.10986328125,0.244140625,-0.08544921875,-0.3173828125,-0.20751953125,-0.8544921875,0.01220703125,-0.42724609375,-0.50048828125,-0.67138671875,-0.45166015625,-0.244140625,-0.15869140625,-0.69580078125,0.08544921875,-0.42724609375,-0.2685546875,0.4150390625,-0.6103515625,1.77001953125,0.48828125,0.5126953125,-0.30517578125,-0.08544921875,0.4150390625,0.76904296875,-0.341796875,0.634765625,-0.13427734375,0.48828125,-0.6103515625,0.5859375,-0.15869140625,0.146484375,-0.25634765625,0.29296875,-0.1220703125,1.0986328125,-0.01220703125,0.18310546875,-0.28076171875,0.25634765625,-0.3173828125,0.32958984375,-0.2685546875,0.9033203125,0.13427734375,0.03662109375,-0.03662109375,1.3671875,0.09765625,-0.91552734375,-0.08544921875,-0.3173828125,-0.06103515625,-1.025390625,-0.2685546875,-0.7568359375,-0.15869140625,-1.513671875,0.2685546875,-0.25634765625,-0.08544921875,-0.29296875,0.1708984375,-1.1474609375,-0.13427734375,2.294921875,-0.01220703125,0.146484375,0.06103515625,-0.10986328125,-0.13427734375,0.67138671875,0.09765625,-0.7080078125,0.18310546875,-1.42822265625,0,-1.01318359375,-0.32958984375,0.45166015625,-0.06103515625,3.7353515625,0.13427734375,3.6376953125,-0.09765625,2.294921875,0.09765625,6.67724609375,-0.3173828125,-0.03662109375,-0.0732421875,0.84228515625,0,-0.42724609375,0.10986328125,-0.4638671875
0,0.0244140625,-0.3662109375,-0.0244140625,-0.20751953125,0.18310546875,-0.341796875,-0.06103515625,0.0244140625,0.0732421875,-0.048828125,-0.0244140625,-0.93994140625,-0.3662109375,1.9287109375,-0.2197265625,-0.1708984375,-0.35400390625,-0.03662109375,0.3662109375,0.2685546875,-0.244140625,1.20849609375,0.30517578125,-0.13427734375,0.01220703125,-0.13427734375,0.0732421875,-0.732421875,-0.3173828125,0.9765625,-0.20751953125,0.25634765625,-0.244140625,-0.35400390625,-0.23193359375,-0.86669921875,0.048828125,-0.45166015625,-0.50048828125,-0.68359375,-0.40283203125,-0.25634765625,-0.08544921875,-0.72021484375,0.06103515625,-0.40283203125,-0.25634765625,0.40283203125,-0.45166015625,1.7578125,0.50048828125,0.5126953125,-0.25634765625,-0.1220703125,0.4150390625,0.76904296875,-0.37841796875,0.64697265625,-0.09765625,0.47607421875,-0.69580078125,0.59814453125,-0.06103515625,0.146484375,-0.3173828125,0.30517578125,-0.08544921875,1.0986328125,-0.0244140625,0.18310546875,-0.2685546875,0.23193359375,-0.30517578125,0.32958984375,-0.244140625,0.89111328125,0.15869140625,0.048828125,-0.0244140625,1.3916015625,0.10986328125,-0.93994140625,-0.146484375,-0.3173828125,-0.03662109375,-1.0009765625,-0.1708984375,-0.74462890625,-0.13427734375,-1.513671875,0.1708984375,-0.2685546875,-0.0244140625,-0.28076171875,-0.0244140625,-1.13525390625,-0.146484375,1.67236328125,-0.08544921875,-0.03662109375,0.0244140625,-0.25634765625,-0.09765625,0.50048828125,0.09765625,-0.72021484375,0.15869140625,-1.42822265625,0.0244140625,-1.01318359375,-0.341796875,0.439453125,-0.06103515625,3.52783203125,0.13427734375,3.4423828125,-0.09765625,2.16064453125,0.09765625,6.396484375,-0.32958984375,-0.03662109375,-0.08544921875,0.84228515625,0.01220703125,-0.42724609375,0.08544921875,-0.4638671875
0,0.048828125,-0.35400390625,-0.0244140625,-0.18310546875,0.15869140625,-0.37841796875,-0.06103515625,0.01220703125,0.08544921875,-0.2197265625,-0.01220703125,-1.08642578125,-0.3662109375,1.4404296875,-0.23193359375,-0.341796875,-0.2685546875,0.0732421875,0.42724609375,0.42724609375,-0.09765625,1.28173828125,0.439453125,-0.048828125,-0.08544921875,-0.13427734375,0.0244140625,-0.74462890625,-0.32958984375,0.96435546875,-0.29296875,0.244140625,-0.390625,-0.35400390625,-0.29296875,-0.84228515625,0.09765625,-0.439453125,-0.537109375,-0.68359375,-0.3173828125,-0.23193359375,-0.048828125,-0.72021484375,0.08544921875,-0.390625,-0.244140625,0.4150390625,-0.3662109375,1.72119140625,0.40283203125,0.50048828125,-0.2197265625,-0.1708984375,0.40283203125,0.76904296875,-0.4638671875,0.634765625,-0.03662109375,0.4638671875,-0.67138671875,0.57373046875,0.048828125,0.1220703125,-0.35400390625,0.29296875,-0.03662109375,1.11083984375,-0.048828125,0.20751953125,-0.244140625,0.244140625,-0.29296875,0.32958984375,-0.244140625,0.9033203125,0.13427734375,0.048828125,0.048828125,1.37939453125,0.15869140625,-0.96435546875,-0.2197265625,-0.30517578125,-0.03662109375,-0.98876953125,-0.09765625,-0.7568359375,-0.10986328125,-1.513671875,0.06103515625,-0.2685546875,0.0244140625,-0.28076171875,-0.23193359375,-1.1474609375,-0.1708984375,0.91552734375,-0.1220703125,-0.23193359375,-0.0244140625,-0.4638671875,-0.01220703125,0.3173828125,0.10986328125,-0.732421875,0.1220703125,-1.42822265625,0.0244140625,-1.01318359375,-0.3173828125,0.42724609375,-0.09765625,3.35693359375,0.1220703125,3.25927734375,-0.10986328125,2.05078125,0.08544921875,6.1279296875,-0.37841796875,-0.03662109375,-0.09765625,0.86669921875,0.01220703125,-0.40283203125,0.08544921875,-0.4638671875
1,0.03662109375,-0.35400390625,-0.06103515625,-0.1953125,0.1708984375,-0.40283203125,-0.09765625,0,0.06103515625,-0.3662109375,0.0244140625,-1.23291015625,-0.37841796875,0.927734375,-0.244140625,-0.5126953125,-0.146484375,0.1953125,0.32958984375,0.5126953125,0.06103515625,1.318359375,0.390625,0.01220703125,-0.13427734375,-0.13427734375,-0.03662109375,-0.732421875,-0.3173828125,0.96435546875,-0.35400390625,0.25634765625,-0.390625,-0.37841796875,-0.37841796875,-0.84228515625,0.18310546875,-0.439453125,-0.537109375,-0.68359375,-0.2197265625,-0.23193359375,-0.0244140625,-0.72021484375,0.1220703125,-0.37841796875,-0.2197265625,0.40283203125,-0.29296875,1.6845703125,0.32958984375,0.5126953125,-0.20751953125,-0.1953125,0.390625,0.74462890625,-0.52490234375,0.634765625,0,0.45166015625,-0.5859375,0.5615234375,0.1953125,0.13427734375,-0.3662109375,0.28076171875,0.048828125,1.11083984375,-0.06103515625,0.23193359375,-0.1953125,0.25634765625,-0.28076171875,0.32958984375,-0.18310546875,0.89111328125,0.1220703125,0.06103515625,0.10986328125,1.37939453125,0.1953125,-0.96435546875,-0.2685546875,-0.30517578125,-0.01220703125,-0.96435546875,0,-0.74462890625,-0.09765625,-1.50146484375,-0.0244140625,-0.25634765625,0.01220703125,-0.28076171875,-0.3662109375,-1.15966796875,-0.23193359375,0.1220703125,-0.15869140625,-0.42724609375,-0.08544921875,-0.634765625,0.03662109375,0.10986328125,0.0732421875,-0.732421875,0.0244140625,-1.4404296875,0.0244140625,-1.01318359375,-0.2685546875,0.42724609375,-0.09765625,3.173828125,0.09765625,3.11279296875,-0.09765625,1.94091796875,0.09765625,5.87158203125,-0.40283203125,-0.03662109375,-0.048828125,0.8544921875,0.0244140625,-0.390625,0.0732421875,-0.45166015625
1,0.03662109375,-0.35400390625,-0.13427734375,-0.1953125,0.1708984375,-0.40283203125,-0.10986328125,0,0.0732421875,-0.48828125,0.03662109375,-1.37939453125,-0.37841796875,0.4638671875,-0.23193359375,-0.68359375,-0.01220703125,0.25634765625,0.1220703125,0.57373046875,0.1708984375,1.318359375,0.25634765625,0.03662109375,-0.1708984375,-0.146484375,-0.10986328125,-0.732421875,-0.32958984375,0.9521484375,-0.341796875,0.244140625,-0.35400390625,-0.35400390625,-0.439453125,-0.830078125,0.2197265625,-0.42724609375,-0.537109375,-0.68359375,-0.10986328125,-0.20751953125,-0.06103515625,-0.69580078125,0.20751953125,-0.390625,-0.1953125,0.4150390625,-0.23193359375,1.64794921875,0.20751953125,0.48828125,-0.18310546875,-0.1953125,0.3173828125,0.7568359375,-0.5615234375,0.67138671875,0.0244140625,0.47607421875,-0.47607421875,0.537109375,0.28076171875,0.146484375,-0.37841796875,0.25634765625,0.08544921875,1.0986328125,-0.048828125,0.2685546875,-0.1953125,0.2685546875,-0.244140625,0.3173828125,-0.18310546875,0.89111328125,0.10986328125,0.06103515625,0.1953125,1.3916015625,0.28076171875,-0.96435546875,-0.23193359375,-0.30517578125,0.0244140625,-0.9765625,0.048828125,-0.732421875,-0.09765625,-1.513671875,-0.0732421875,-0.244140625,-0.0732421875,-0.29296875,-0.37841796875,-1.1474609375,-0.18310546875,-0.5859375,-0.146484375,-0.62255859375,-0.09765625,-0.78125,0.09765625,-0.048828125,0.09765625,-0.72021484375,-0.08544921875,-1.4404296875,0.0244140625,-1.01318359375,-0.23193359375,0.439453125,-0.10986328125,2.978515625,0.08544921875,2.94189453125,-0.10986328125,1.84326171875,0.244140625,5.52978515625,-0.40283203125,-0.0244140625,-0.06103515625,0.87890625,-0.01220703125,-0.4150390625,0.0732421875,-0.45166015625
1,0.03662109375,-0.341796875,-0.1220703125,-0.20751953125,0.1708984375,-0.390625,-0.1220703125,-0.01220703125,0.06103515625,-0.6103515625,0,-1.47705078125,-0.4150390625,0.08544921875,-0.2685546875,-0.830078125,0.146484375,0.23193359375,-0.03662109375,0.5615234375,0.29296875,1.30615234375,0.09765625,0.0244140625,-0.15869140625,-0.13427734375,-0.1953125,-0.74462890625,-0.244140625,0.9521484375,-0.30517578125,0.23193359375,-0.23193359375,-0.32958984375,-0.5126953125,-0.830078125,0.23193359375,-0.390625,-0.52490234375,-0.67138671875,-0.0244140625,-0.18310546875,-0.09765625,-0.68359375,0.29296875,-0.390625,-0.2197265625,0.4150390625,-0.1220703125,1.57470703125,0.146484375,0.50048828125,-0.244140625,-0.1708984375,0.244140625,0.76904296875,-0.537109375,0.68359375,0,0.4638671875,-0.2685546875,0.54931640625,0.3662109375,0.18310546875,-0.37841796875,0.244140625,0.146484375,1.08642578125,-0.03662109375,0.30517578125,-0.1708984375,0.2685546875,-0.20751953125,0.30517578125,-0.146484375,0.89111328125,0.09765625,0.048828125,0.25634765625,1.3916015625,0.35400390625,-0.93994140625,-0.20751953125,-0.29296875,0.06103515625,-0.9521484375,0.08544921875,-0.732421875,-0.1220703125,-1.50146484375,-0.09765625,-0.244140625,-0.18310546875,-0.28076171875,-0.30517578125,-1.171875,-0.1220703125,-1.11083984375,-0.1708984375,-0.74462890625,-0.10986328125,-0.87890625,0.13427734375,-0.1953125,0.03662109375,-0.7080078125,-0.1708984375,-1.4404296875,0.01220703125,-1.01318359375,-0.18310546875,0.439453125,-0.0732421875,2.77099609375,0.08544921875,2.72216796875,-0.08544921875,1.69677734375,0.2197265625,5.06591796875,-0.40283203125,-0.0244140625,-0.048828125,0.86669921875,0,-0.4150390625,0.08544921875,-0.42724609375
1,0.01220703125,-0.32958984375,-0.15869140625,-0.2197265625,0.1953125,-0.3662109375,-0.1708984375,0,0.10986328125,-0.64697265625,0.0244140625,-1.5625,-0.40283203125,-0.18310546875,-0.244140625,-0.9033203125,0.244140625,0.15869140625,-0.244140625,0.47607421875,0.37841796875,1.30615234375,-0.06103515625,-0.01220703125,-0.1220703125,-0.13427734375,-0.244140625,-0.74462890625,-0.20751953125,0.93994140625,-0.1953125,0.244140625,-0.048828125,-0.30517578125,-0.52490234375,-0.81787109375,0.25634765625,-0.37841796875,-0.47607421875,-0.69580078125,0.0732421875,-0.1708984375,-0.13427734375,-0.69580078125,0.37841796875,-0.390625,-0.20751953125,0.42724609375,-0.0732421875,1.513671875,0.048828125,0.50048828125,-0.30517578125,-0.15869140625,0.15869140625,0.7568359375,-0.5126953125,0.69580078125,0.01220703125,0.45166015625,-0.06103515625,0.537109375,0.42724609375,0.18310546875,-0.32958984375,0.23193359375,0.18310546875,1.07421875,-0.01220703125,0.3173828125,-0.1708984375,0.244140625,-0.1708984375,0.30517578125,-0.1220703125,0.93994140625,0.09765625,0.0732421875,0.28076171875,1.3916015625,0.3662109375,-0.91552734375,-0.10986328125,-0.28076171875,0.048828125,-0.9765625,0.13427734375,-0.72021484375,-0.18310546875,-1.4892578125,-0.0732421875,-0.244140625,-0.30517578125,-0.29296875,-0.15869140625,-1.1962890625,-0.06103515625,-1.3427734375,-0.2197265625,-0.7568359375,-0.08544921875,-0.89111328125,0.13427734375,-0.25634765625,-0.0244140625,-0.72021484375,-0.25634765625,-1.40380859375,0.0244140625,-1.01318359375,-0.146484375,0.45166015625,-0.1220703125,2.52685546875,0.06103515625,2.44140625,-0.10986328125,1.52587890625,0.25634765625,4.43115234375,-0.37841796875,-0.0244140625,-0.0244140625,0.830078125,0.01220703125,-0.42724609375,0.08544921875,-0.439453125
1,0.01220703125,-0.341796875,-0.13427734375,-0.2197265625,0.1953125,-0.341796875,-0.1708984375,-0.01220703125,0.1953125,-0.634765625,0.0244140625,-1.55029296875,-0.390625,-0.25634765625,-0.23193359375,-0.9033203125,0.29296875,0.09765625,-0.3662109375,0.3662109375,0.4150390625,1.318359375,-0.1708984375,-0.09765625,-0.03662109375,-0.146484375,-0.28076171875,-0.732421875,-0.15869140625,0.9521484375,-0.08544921875,0.244140625,0.08544921875,-0.25634765625,-0.45166015625,-0.8056640625,0.23193359375,-0.37841796875,-0.4150390625,-0.7080078125,0.15869140625,-0.1708984375,-0.2197265625,-0.67138671875,0.48828125,-0.4150390625,-0.244140625,0.439453125,-0.0732421875,1.46484375,-0.048828125,0.52490234375,-0.35400390625,-0.10986328125,0.06103515625,0.76904296875,-0.48828125,0.69580078125,0.03662109375,0.4638671875,0.18310546875,0.54931640625,0.42724609375,0.18310546875,-0.2685546875,0.20751953125,0.18310546875,1.06201171875,0.01220703125,0.32958984375,-0.20751953125,0.23193359375,-0.09765625,0.30517578125,-0.1220703125,0.93994140625,0.10986328125,0.0732421875,0.30517578125,1.37939453125,0.3662109375,-0.93994140625,0,-0.2685546875,0.08544921875,-0.98876953125,0.18310546875,-0.72021484375,-0.2197265625,-1.513671875,-0.03662109375,-0.244140625,-0.390625,-0.28076171875,0.048828125,-1.1962890625,-0.01220703125,-1.2451171875,-0.23193359375,-0.732421875,-0.0732421875,-0.8544921875,0.08544921875,-0.2197265625,-0.08544921875,-0.72021484375,-0.2685546875,-1.416015625,0.03662109375,-1.01318359375,-0.10986328125,0.45166015625,-0.08544921875,2.20947265625,0.048828125,2.11181640625,-0.09765625,1.2939453125,0.37841796875,3.67431640625,-0.390625,-0.0244140625,-0.0244140625,0.84228515625,0,-0.45166015625,0.0732421875,-0.45166015625
1,0.03662109375,-0.341796875,-0.18310546875,-0.23193359375,0.1708984375,-0.3173828125,-0.20751953125,-0.01220703125,0.23193359375,-0.62255859375,0.01220703125,-1.4892578125,-0.390625,-0.1708984375,-0.2197265625,-0.8544921875,0.25634765625,0.0244140625,-0.48828125,0.28076171875,0.29296875,1.3916015625,-0.28076171875,-0.13427734375,0.03662109375,-0.146484375,-0.2685546875,-0.74462890625,-0.1220703125,0.9521484375,-0.01220703125,0.244140625,0.15869140625,-0.2685546875,-0.3173828125,-0.830078125,0.20751953125,-0.390625,-0.32958984375,-0.69580078125,0.20751953125,-0.1953125,-0.23193359375,-0.6591796875,0.4638671875,-0.45166015625,-0.2197265625,0.439453125,-0.15869140625,1.3916015625,-0.08544921875,0.52490234375,-0.390625,-0.1220703125,0.03662109375,0.7568359375,-0.45166015625,0.7080078125,0.0244140625,0.4638671875,0.4150390625,0.54931640625,0.390625,0.1708984375,-0.23193359375,0.18310546875,0.1953125,1.06201171875,0.0732421875,0.30517578125,-0.244140625,0.23193359375,0,0.30517578125,-0.13427734375,0.9521484375,0.10986328125,0.0732421875,0.28076171875,1.37939453125,0.32958984375,-0.91552734375,0.10986328125,-0.28076171875,0.09765625,-1.01318359375,0.1708984375,-0.7080078125,-0.2685546875,-1.513671875,0.03662109375,-0.23193359375,-0.40283203125,-0.28076171875,0.23193359375,-1.1962890625,0.08544921875,-0.81787109375,-0.2685546875,-0.6103515625,-0.048828125,-0.732421875,0.01220703125,-0.1220703125,-0.146484375,-0.69580078125,-0.244140625,-1.42822265625,0.06103515625,-1.01318359375,-0.09765625,0.4638671875,-0.10986328125,1.86767578125,0.0244140625,1.7333984375,-0.0732421875,1.025390625,0.390625,2.77099609375,-0.45166015625,-0.048828125,-0.0244140625,0.8544921875,0,-0.439453125,0.06103515625,-0.4638671875
1,0.0244140625,-0.32958984375,-0.1953125,-0.25634765625,0.1953125,-0.3173828125,-0.20751953125,-0.01220703125,0.23193359375,-0.5615234375,0.01220703125,-1.42822265625,-0.3662109375,0.048828125,-0.20751953125,-0.74462890625,0.20751953125,0.01220703125,-0.59814453125,0.25634765625,0.18310546875,1.5380859375,-0.32958984375,-0.146484375,0.09765625,-0.13427734375,-0.244140625,-0.732421875,-0.06103515625,0.9765625,0.01220703125,0.2197265625,0.09765625,-0.244140625,-0.18310546875,-0.81787109375,0.146484375,-0.37841796875,-0.29296875,-0.7080078125,0.20751953125,-0.20751953125,-0.244140625,-0.64697265625,0.537109375,-0.4638671875,-0.15869140625,0.42724609375,-0.146484375,1.33056640625,-0.1220703125,0.537109375,-0.4150390625,-0.08544921875,0.01220703125,0.7568359375,-0.35400390625,0.68359375,-0.01220703125,0.4638671875,0.537109375,0.5615234375,0.29296875,0.15869140625,-0.09765625,0.15869140625,0.23193359375,1.0498046875,0.1220703125,0.29296875,-0.28076171875,0.20751953125,0.09765625,0.30517578125,-0.10986328125,0.96435546875,0.1220703125,0.09765625,0.244140625,1.3671875,0.28076171875,-0.87890625,0.1953125,-0.28076171875,0.09765625,-1.01318359375,0.13427734375,-0.7080078125,-0.3173828125,-1.50146484375,0.06103515625,-0.20751953125,-0.32958984375,-0.28076171875,0.35400390625,-1.171875,0.1708984375,-0.10986328125,-0.2197265625,-0.40283203125,-0.03662109375,-0.57373046875,-0.06103515625,0.08544921875,-0.15869140625,-0.69580078125,-0.1708984375,-1.4404296875,0.01220703125,-1.01318359375,-0.10986328125,0.4638671875,-0.08544921875,1.50146484375,0.03662109375,1.318359375,-0.09765625,0.72021484375,0.42724609375,1.89208984375,-0.4638671875,-0.048828125,-0.03662109375,0.8544921875,0,-0.45166015625,0.048828125,-0.4638671875
1,0.03662109375,-0.32958984375,-0.1953125,-0.25634765625,0.1953125,-0.3173828125,-0.2197265625,-0.03662109375,0.244140625,-0.47607421875,0.01220703125,-1.318359375,-0.37841796875,0.32958984375,-0.2197265625,-0.634765625,0.10986328125,0.09765625,-0.69580078125,0.341796875,-0.048828125,1.79443359375,-0.32958984375,-0.048828125,0.1220703125,-0.13427734375,-0.1220703125,-0.732421875,-0.01220703125,0.96435546875,-0.0244140625,0.244140625,-0.0244140625,-0.244140625,-0.0732421875,-0.81787109375,0.0732421875,-0.4150390625,-0.25634765625,-0.7080078125,0.1220703125,-0.2197265625,-0.25634765625,-0.6591796875,0.50048828125,-0.439453125,-0.18310546875,0.439453125,-0.09765625,1.26953125,-0.13427734375,0.5126953125,-0.4150390625,-0.09765625,0.048828125,0.74462890625,-0.30517578125,0.67138671875,-0.03662109375,0.47607421875,0.64697265625,0.57373046875,0.2197265625,0.15869140625,0.06103515625,0.15869140625,0.1953125,1.06201171875,0.146484375,0.2685546875,-0.341796875,0.1953125,0.23193359375,0.32958984375,-0.09765625,0.9765625,0.09765625,0.09765625,0.18310546875,1.35498046875,0.30517578125,-0.89111328125,0.244140625,-0.2685546875,0.0732421875,-1.01318359375,0.10986328125,-0.7080078125,-0.3173828125,-1.50146484375,0.1220703125,-0.2197265625,-0.13427734375,-0.25634765625,0.32958984375,-1.1474609375,0.13427734375,0.84228515625,-0.13427734375,-0.15869140625,-0.048828125,-0.35400390625,-0.08544921875,0.30517578125,-0.15869140625,-0.69580078125,-0.06103515625,-1.42822265625,0.01220703125,-1.01318359375,-0.13427734375,0.45166015625,-0.0732421875,1.15966796875,0.048828125,0.9033203125,-0.08544921875,0.4150390625,0.40283203125,1.07421875,-0.4638671875,-0.06103515625,-0.06103515625,0.86669921875,0.01220703125,-0.45166015625,0.03662109375,-0.439453125
1,0.03662109375,-0.341796875,-0.18310546875,-0.2685546875,0.2197265625,-0.341796875,-0.244140625,-0.01220703125,0.244140625,-0.37841796875,0.048828125,-1.23291015625,-0.3662109375,0.6591796875,-0.23193359375,-0.52490234375,-0.01220703125,0.341796875,-0.76904296875,0.5615234375,-0.3173828125,2.2216796875,-0.3173828125,0.13427734375,0.13427734375,-0.146484375,-0.0244140625,-0.74462890625,0.03662109375,0.98876953125,-0.0244140625,0.244140625,-0.10986328125,-0.2685546875,-0.0244140625,-0.84228515625,0.0244140625,-0.42724609375,-0.244140625,-0.69580078125,0.0244140625,-0.23193359375,-0.23193359375,-0.68359375,0.32958984375,-0.42724609375,-0.15869140625,0.4150390625,-0.0732421875,1.2451171875,-0.1220703125,0.52490234375,-0.40283203125,-0.1220703125,0.10986328125,0.74462890625,-0.25634765625,0.67138671875,-0.08544921875,0.47607421875,0.64697265625,0.54931640625,0.13427734375,0.146484375,0.1953125,0.18310546875,0.1953125,1.0498046875,0.15869140625,0.25634765625,-0.3173828125,0.1953125,0.28076171875,0.3173828125,-0.06103515625,0.9765625,0.09765625,0.0732421875,0.0732421875,1.35498046875,0.341796875,-0.89111328125,0.23193359375,-0.2685546875,0.03662109375,-1.0009765625,0.048828125,-0.732421875,-0.29296875,-1.52587890625,0.1220703125,-0.2197265625,0.0244140625,-0.25634765625,0.2197265625,-1.1474609375,0.08544921875,1.89208984375,-0.08544921875,0.09765625,-0.10986328125,-0.15869140625,-0.146484375,0.54931640625,-0.1220703125,-0.69580078125,-0.01220703125,-1.4404296875,-0.03662109375,-1.01318359375,-0.15869140625,0.45166015625,-0.10986328125,0.927734375,0.0244140625,0.59814453125,-0.09765625,0.2197265625,0.37841796875,0.50048828125,-0.45166015625,-0.048828125,-0.06103515625,0.87890625,-0.01220703125,-0.439453125,0.03662109375,-0.45166015625
1,0.08544921875,-0.35400390625,-0.1953125,-0.29296875,0.25634765625,-0.3662109375,-0.2685546875,-0.01220703125,0.23193359375,-0.30517578125,0.0732421875,-1.15966796875,-0.3173828125,0.927734375,-0.244140625,-0.4150390625,-0.048828125,0.76904296875,-0.78125,0.93994140625,-0.439453125,2.783203125,-0.30517578125,0.45166015625,0.146484375,-0.13427734375,0.10986328125,-0.72021484375,0.08544921875,0.96435546875,-0.06103515625,0.244140625,-0.1220703125,-0.25634765625,-0.0244140625,-0.830078125,-0.048828125,-0.4150390625,-0.28076171875,-0.68359375,-0.13427734375,-0.23193359375,-0.20751953125,-0.69580078125,0.244140625,-0.40283203125,-0.18310546875,0.439453125,-0.08544921875,1.220703125,-0.08544921875,0.52490234375,-0.3662109375,-0.1708984375,0.146484375,0.74462890625,-0.244140625,0.67138671875,-0.13427734375,0.4638671875,0.5859375,0.54931640625,0.03662109375,0.13427734375,0.3173828125,0.1953125,0.244140625,1.07421875,0.146484375,0.25634765625,-0.30517578125,0.20751953125,0.2685546875,0.32958984375,-0.0244140625,0.93994140625,0.06103515625,0.0732421875,-0.01220703125,1.35498046875,0.37841796875,-0.91552734375,0.15869140625,-0.2685546875,0.0732421875,-0.9765625,-0.01220703125,-0.74462890625,-0.23193359375,-1.513671875,0.08544921875,-0.20751953125,0.20751953125,-0.244140625,0.08544921875,-1.123046875,0.146484375,2.99072265625,0.01220703125,0.40283203125,-0.15869140625,0.06103515625,-0.15869140625,0.830078125,-0.048828125,-0.69580078125,0.0732421875,-1.4404296875,-0.10986328125,-1.0009765625,-0.2197265625,0.439453125,-0.06103515625,0.8056640625,0.048828125,0.40283203125,-0.0732421875,0.06103515625,0.3662109375,0.244140625,-0.35400390625,-0.03662109375,-0.0732421875,0.89111328125,-0.01220703125,-0.439453125,0.01220703125,-0.439453125
1,0.08544921875,-0.35400390625,-0.1708984375,-0.30517578125,0.2685546875,-0.3662109375,-0.2685546875,-0.01220703125,0.23193359375,-0.244140625,0.08544921875,-1.11083984375,-0.25634765625,1.11083984375,-0.29296875,-0.37841796875,-0.08544921875,1.30615234375,-0.7568359375,1.46484375,-0.50048828125,3.466796875,-0.25634765625,0.87890625,0.13427734375,-0.13427734375,0.1953125,-0.72021484375,0.146484375,0.96435546875,-0.08544921875,0.2685546875,-0.0732421875,-0.29296875,-0.10986328125,-0.84228515625,-0.048828125,-0.4150390625,-0.30517578125,-0.68359375,-0.29296875,-0.2197265625,-0.23193359375,-0.72021484375,0.1708984375,-0.4150390625,-0.20751953125,0.4638671875,-0.1220703125,1.20849609375,-0.01220703125,0.48828125,-0.3173828125,-0.1708984375,0.1953125,0.72021484375,-0.28076171875,0.6591796875,-0.18310546875,0.4638671875,0.4150390625,0.52490234375,0.06103515625,0.1220703125,0.35400390625,0.244140625,0.1953125,1.0986328125,0.13427734375,0.244140625,-0.2685546875,0.23193359375,0.244140625,0.341796875,0.048828125,0.9033203125,0.0732421875,0.09765625,-0.09765625,1.3671875,0.390625,-0.91552734375,0.03662109375,-0.28076171875,0.048828125,-0.93994140625,-0.048828125,-0.74462890625,-0.13427734375,-1.513671875,0.06103515625,-0.2197265625,0.3662109375,-0.244140625,-0.048828125,-1.13525390625,0.1708984375,3.9794921875,0.06103515625,0.634765625,-0.244140625,0.23193359375,-0.13427734375,1.0986328125,0.03662109375,-0.69580078125,0.048828125,-1.45263671875,-0.146484375,-1.01318359375,-0.2685546875,0.4150390625,-0.03662109375,0.86669921875,0.06103515625,0.45166015625,-0.08544921875,0.08544921875,0.2197265625,0.40283203125,-0.35400390625,-0.0244140625,-0.08544921875,0.89111328125,0,-0.42724609375,-0.0244140625,-0.4150390625
1,0.10986328125,-0.341796875,-0.20751953125,-0.3173828125,0.244140625,-0.37841796875,-0.25634765625,-0.0244140625,0.18310546875,-0.244140625,0.08544921875,-1.11083984375,-0.244140625,1.15966796875,-0.30517578125,-0.37841796875,-0.09765625,1.98974609375,-0.7568359375,2.0751953125,-0.50048828125,4.23583984375,-0.244140625,1.40380859375,0.146484375,-0.13427734375,0.25634765625,-0.72021484375,0.15869140625,0.96435546875,-0.13427734375,0.2685546875,-0.01220703125,-0.29296875,-0.23193359375,-0.8544921875,-0.03662109375,-0.4150390625,-0.32958984375,-0.68359375,-0.40283203125,-0.1953125,-0.28076171875,-0.72021484375,0.15869140625,-0.390625,-0.1953125,0.45166015625,-0.0732421875,1.1962890625,0.03662109375,0.50048828125,-0.2685546875,-0.2197265625,0.25634765625,0.74462890625,-0.3173828125,0.68359375,-0.2197265625,0.50048828125,0.2197265625,0.52490234375,0.09765625,0.1220703125,0.42724609375,0.30517578125,0.2197265625,1.0986328125,0.13427734375,0.244140625,-0.18310546875,0.244140625,0.2197265625,0.341796875,0.0732421875,0.86669921875,0.048828125,0.08544921875,-0.1708984375,1.35498046875,0.341796875,-0.927734375,-0.0732421875,-0.28076171875,-0.0244140625,-0.927734375,-0.08544921875,-0.74462890625,-0.03662109375,-1.4892578125,0.01220703125,-0.20751953125,0.42724609375,-0.2197265625,-0.13427734375,-1.13525390625,0.048828125,4.78515625,0.0732421875,0.8544921875,-0.29296875,0.4150390625,-0.09765625,1.318359375,0.146484375,-0.7080078125,0.06103515625,-1.4404296875,-0.23193359375,-1.0009765625,-0.3173828125,0.42724609375,-0.0732421875,1.123046875,0.03662109375,0.68359375,-0.10986328125,0.28076171875,0.1953125,1.0009765625,-0.40283203125,-0.0244140625,-0.08544921875,0.87890625,0,-0.42724609375,-0.03662109375,-0.42724609375
1,0.1220703125,-0.3662109375,-0.20751953125,-0.32958984375,0.244140625,-0.37841796875,-0.244140625,0.01220703125,0.1708984375,-0.2685546875,0.10986328125,-1.171875,-0.25634765625,1.08642578125,-0.32958984375,-0.439453125,-0.06103515625,2.72216796875,-0.84228515625,2.734375,-0.29296875,5.029296875,-0.28076171875,1.9287109375,0.13427734375,-0.09765625,0.2197265625,-0.732421875,0.146484375,0.9521484375,-0.1953125,0.28076171875,0.10986328125,-0.28076171875,-0.341796875,-0.830078125,-0.01220703125,-0.390625,-0.37841796875,-0.67138671875,-0.47607421875,-0.15869140625,-0.35400390625,-0.72021484375,0.1708984375,-0.40283203125,-0.341796875,0.45166015625,-0.10986328125,1.1962890625,0.08544921875,0.50048828125,-0.1953125,-0.20751953125,0.3662109375,0.732421875,-0.32958984375,0.67138671875,-0.20751953125,0.48828125,0.06103515625,0.5126953125,0.18310546875,0.10986328125,0.42724609375,0.341796875,0.1708984375,1.13525390625,0.08544921875,0.244140625,-0.09765625,0.25634765625,0.18310546875,0.32958984375,0.146484375,0.84228515625,0.0244140625,0.08544921875,-0.2197265625,1.3916015625,0.29296875,-0.927734375,-0.1953125,-0.30517578125,-0.06103515625,-0.927734375,-0.10986328125,-0.7568359375,0.048828125,-1.46484375,0.01220703125,-0.20751953125,0.3662109375,-0.23193359375,-0.15869140625,-1.13525390625,-0.03662109375,5.37109375,0.10986328125,1.0009765625,-0.28076171875,0.52490234375,-0.03662109375,1.50146484375,0.1953125,-0.72021484375,0.048828125,-1.42822265625,-0.29296875,-1.0009765625,-0.32958984375,0.42724609375,-0.0732421875,1.5625,0.048828125,1.1474609375,-0.09765625,0.6103515625,0.23193359375,1.98974609375,-0.42724609375,-0.01220703125,-0.08544921875,0.86669921875,-0.0244140625,-0.40283203125,-0.01220703125,-0.4150390625
1,0.13427734375,-0.341796875,-0.29296875,-0.30517578125,0.2685546875,-0.390625,-0.23193359375,0.0244140625,0.18310546875,-0.30517578125,0.10986328125,-1.2451171875,-0.25634765625,0.87890625,-0.35400390625,-0.5126953125,0.06103515625,3.40576171875,-0.8544921875,3.33251953125,0,5.74951171875,-0.244140625,2.45361328125,0.13427734375,-0.08544921875,0.1953125,-0.732421875,0.08544921875,0.9521484375,-0.25634765625,0.28076171875,0.15869140625,-0.30517578125,-0.4638671875,-0.830078125,0.03662109375,-0.32958984375,-0.3662109375,-0.67138671875,-0.42724609375,-0.15869140625,-0.4638671875,-0.72021484375,0.20751953125,-0.4150390625,-0.3662109375,0.42724609375,-0.09765625,1.2451171875,0.09765625,0.50048828125,-0.13427734375,-0.15869140625,0.4638671875,0.7568359375,-0.35400390625,0.67138671875,-0.20751953125,0.48828125,-0.10986328125,0.5126953125,0.25634765625,0.15869140625,0.42724609375,0.3662109375,0.15869140625,1.1474609375,0.03662109375,0.2685546875,-0.048828125,0.28076171875,0.1708984375,0.35400390625,0.13427734375,0.81787109375,0.03662109375,0.08544921875,-0.30517578125,1.40380859375,0.29296875,-0.89111328125,-0.244140625,-0.30517578125,-0.048828125,-0.91552734375,-0.0732421875,-0.72021484375,0.09765625,-1.46484375,0.0244140625,-0.20751953125,0.29296875,-0.244140625,-0.13427734375,-1.1474609375,-0.18310546875,5.72509765625,0.048828125,1.0986328125,-0.25634765625,0.59814453125,0.0244140625,1.6357421875,0.2197265625,-0.72021484375,0.01220703125,-1.4404296875,-0.29296875,-1.0009765625,-0.341796875,0.42724609375,-0.03662109375,2.1728515625,0.06103515625,1.81884765625,-0.0732421875,1.08642578125,0.10986328125,3.2958984375,-0.4150390625,0,-0.10986328125,0.86669921875,-0.06103515625,-0.4150390625,-0.06103515625,-0.4150390625
1,0.1220703125,-0.341796875,-0.23193359375,-0.29296875,0.2685546875,-0.3662109375,-0.23193359375,0.01220703125,0.1708984375,-0.37841796875,0.0732421875,-1.318359375,-0.28076171875,0.6591796875,-0.390625,-0.59814453125,0.20751953125,4.00390625,-0.9033203125,3.86962890625,0.23193359375,6.38427734375,-0.1708984375,2.9052734375,0.146484375,-0.08544921875,0.1220703125,-0.74462890625,0,0.93994140625,-0.30517578125,0.2685546875,0.18310546875,-0.30517578125,-0.57373046875,-0.84228515625,0.03662109375,-0.341796875,-0.37841796875,-0.6591796875,-0.32958984375,-0.13427734375,-0.54931640625,-0.7080078125,0.30517578125,-0.439453125,-0.4150390625,0.42724609375,-0.10986328125,1.2939453125,0.06103515625,0.52490234375,-0.0732421875,-0.146484375,0.5126953125,0.76904296875,-0.40283203125,0.69580078125,-0.2197265625,0.48828125,-0.2197265625,0.5126953125,0.30517578125,0.1708984375,0.42724609375,0.37841796875,0.1220703125,1.1474609375,0.03662109375,0.2685546875,0,0.28076171875,0.1708984375,0.35400390625,0.10986328125,0.830078125,0,0.06103515625,-0.30517578125,1.37939453125,0.25634765625,-0.89111328125,-0.25634765625,-0.30517578125,-0.01220703125,-0.91552734375,-0.048828125,-0.732421875,0.1220703125,-1.46484375,0.048828125,-0.2197265625,0.13427734375,-0.25634765625,-0.08544921875,-1.171875,-0.3173828125,5.8349609375,-0.01220703125,1.1474609375,-0.146484375,0.634765625,0.048828125,1.67236328125,0.1953125,-0.732421875,0.01220703125,-1.42822265625,-0.23193359375,-0.98876953125,-0.32958984375,0.42724609375,-0.048828125,2.9052734375,0,2.60009765625,-0.10986328125,1.6357421875,-0.03662109375,4.82177734375,-0.40283203125,0,-0.09765625,0.84228515625,-0.10986328125,-0.42724609375,-0.08544921875,-0.42724609375
0,0.13427734375,-0.3173828125,-0.2197265625,-0.30517578125,0.29296875,-0.341796875,-0.244140625,0.0244140625,0.23193359375,-0.45166015625,0.06103515625,-1.3916015625,-0.25634765625,0.4150390625,-0.37841796875,-0.67138671875,0.3173828125,4.4677734375,-0.93994140625,4.2236328125,0.3662109375,6.87255859375,-0.09765625,3.1982421875,0.1708984375,-0.08544921875,0.03662109375,-0.72021484375,-0.06103515625,0.9521484375,-0.29296875,0.28076171875,0.146484375,-0.3173828125,-0.59814453125,-0.84228515625,0.0244140625,-0.3662109375,-0.341796875,-0.69580078125,-0.146484375,-0.13427734375,-0.634765625,-0.67138671875,0.4150390625,-0.4638671875,-0.4150390625,0.40283203125,-0.08544921875,1.28173828125,0,0.537109375,-0.048828125,-0.09765625,0.48828125,0.78125,-0.45166015625,0.69580078125,-0.2197265625,0.50048828125,-0.29296875,0.52490234375,0.3173828125,0.1953125,0.3662109375,0.390625,0.06103515625,1.13525390625,0.01220703125,0.29296875,0.01220703125,0.2685546875,0.1708984375,0.341796875,0.06103515625,0.8056640625,-0.01220703125,0.06103515625,-0.32958984375,1.40380859375,0.23193359375,-0.9033203125,-0.2197265625,-0.30517578125,0.0244140625,-0.93994140625,0,-0.74462890625,0.08544921875,-1.46484375,0.048828125,-0.2197265625,-0.048828125,-0.2685546875,-0.06103515625,-1.18408203125,-0.37841796875,5.712890625,-0.0732421875,1.1474609375,-0.03662109375,0.634765625,0.08544921875,1.6845703125,0.146484375,-0.732421875,0.048828125,-1.45263671875,-0.13427734375,-0.98876953125,-0.3173828125,0.45166015625,0,3.67431640625,0.01220703125,3.4423828125,-0.09765625,2.2216796875,0.0244140625,6.396484375,-0.35400390625,-0.01220703125,-0.1220703125,0.8056640625,-0.13427734375,-0.439453125,-0.10986328125,-0.45166015625
0,0.13427734375,-0.3173828125,-0.2197265625,-0.3173828125,0.3173828125,-0.3173828125,-0.244140625,0.0244140625,0.23193359375,-0.48828125,0.08544921875,-1.45263671875,-0.25634765625,0.244140625,-0.390625,-0.732421875,0.390625,4.736328125,-0.9521484375,4.45556640625,0.45166015625,7.16552734375,0.0244140625,3.40576171875,0.1708984375,-0.08544921875,-0.03662109375,-0.732421875,-0.1220703125,0.96435546875,-0.2685546875,0.2685546875,0.09765625,-0.32958984375,-0.5859375,-0.830078125,0.03662109375,-0.37841796875,-0.244140625,-0.69580078125,0.048828125,-0.1708984375,-0.634765625,-0.68359375,0.537109375,-0.47607421875,-0.45166015625,0.390625,-0.0244140625,1.318359375,-0.08544921875,0.52490234375,-0.048828125,-0.06103515625,0.42724609375,0.76904296875,-0.4150390625,0.7080078125,-0.1953125,0.48828125,-0.244140625,0.5126953125,0.29296875,0.20751953125,0.35400390625,0.37841796875,0.01220703125,1.13525390625,0.01220703125,0.2685546875,0.0244140625,0.28076171875,0.1708984375,0.35400390625,0,0.84228515625,-0.0244140625,0.0244140625,-0.32958984375,1.416015625,0.18310546875,-0.9033203125,-0.13427734375,-0.30517578125,0.048828125,-0.9521484375,0.08544921875,-0.732421875,0.01220703125,-1.47705078125,0.06103515625,-0.23193359375,-0.1953125,-0.28076171875,-0.08544921875,-1.1962890625,-0.37841796875,5.40771484375,-0.146484375,1.11083984375,0.09765625,0.5859375,0.09765625,1.59912109375,0.06103515625,-0.72021484375,0.03662109375,-1.4404296875,-0.0244140625,-0.98876953125,-0.29296875,0.45166015625,-0.01220703125,4.40673828125,-0.0244140625,4.28466796875,-0.09765625,2.79541015625,-0.06103515625,7.89794921875,-0.32958984375,-0.0244140625,-0.13427734375,0.81787109375,-0.10986328125,-0.4638671875,-0.15869140625,-0.4638671875
0,0.13427734375,-0.30517578125,-0.28076171875,-0.29296875,0.30517578125,-0.3173828125,-0.244140625,0,0.2197265625,-0.47607421875,0.06103515625,-1.45263671875,-0.2685546875,0.18310546875,-0.4150390625,-0.732421875,0.42724609375,4.833984375,-0.96435546875,4.52880859375,0.54931640625,7.31201171875,0.09765625,3.466796875,0.1708984375,-0.0732421875,-0.09765625,-0.74462890625,-0.15869140625,0.9521484375,-0.1953125,0.2685546875,-0.0244140625,-0.3173828125,-0.48828125,-0.81787109375,0.048828125,-0.4150390625,-0.1708984375,-0.67138671875,0.20751953125,-0.18310546875,-0.59814453125,-0.64697265625,0.6103515625,-0.48828125,-0.42724609375,0.37841796875,0.03662109375,1.318359375,-0.1708984375,0.5126953125,-0.0732421875,-0.048828125,0.32958984375,0.7568359375,-0.40283203125,0.69580078125,-0.1220703125,0.50048828125,-0.1708984375,0.537109375,0.244140625,0.1953125,0.29296875,0.3662109375,-0.09765625,1.11083984375,-0.0244140625,0.244140625,0,0.244140625,0.1220703125,0.32958984375,-0.048828125,0.9033203125,-0.048828125,0.03662109375,-0.29296875,1.3916015625,0.1708984375,-0.87890625,-0.01220703125,-0.28076171875,0.06103515625,-0.9521484375,0.15869140625,-0.732421875,-0.0244140625,-1.47705078125,0.0244140625,-0.2197265625,-0.2685546875,-0.3173828125,-0.1220703125,-1.220703125,-0.30517578125,4.96826171875,-0.18310546875,0.98876953125,0.18310546875,0.50048828125,0.06103515625,1.50146484375,-0.0732421875,-0.7080078125,0.08544921875,-1.42822265625,0.0732421875,-1.0009765625,-0.2685546875,0.45166015625,-0.03662109375,5.078125,-0.06103515625,5.0048828125,-0.10986328125,3.3203125,-0.09765625,9.2041015625,-0.3173828125,-0.048828125,-0.146484375,0.8056640625,-0.10986328125,-0.4638671875,-0.15869140625,-0.48828125
0,0.09765625,-0.29296875,-0.2685546875,-0.3173828125,0.29296875,-0.30517578125,-0.2685546875,-0.01220703125,0.23193359375,-0.45166015625,0.09765625,-1.416015625,-0.23193359375,0.23193359375,-0.37841796875,-0.69580078125,0.439453125,4.7607421875,-0.91552734375,4.4677734375,0.5859375,7.26318359375,0.1953125,3.40576171875,0.13427734375,-0.09765625,-0.13427734375,-0.74462890625,-0.15869140625,0.93994140625,-0.1220703125,0.244140625,-0.08544921875,-0.3173828125,-0.3662109375,-0.830078125,0.03662109375,-0.439453125,-0.0732421875,-0.68359375,0.30517578125,-0.20751953125,-0.5126953125,-0.6591796875,0.67138671875,-0.4638671875,-0.37841796875,0.37841796875,-0.0244140625,1.33056640625,-0.244140625,0.48828125,-0.09765625,-0.06103515625,0.146484375,0.732421875,-0.341796875,0.68359375,-0.03662109375,0.48828125,-0.048828125,0.54931640625,0.15869140625,0.1708984375,0.18310546875,0.3662109375,-0.1953125,1.11083984375,-0.06103515625,0.23193359375,-0.0244140625,0.244140625,0.08544921875,0.3173828125,-0.0732421875,0.9033203125,-0.0244140625,0.048828125,-0.30517578125,1.40380859375,0.13427734375,-0.89111328125,0.08544921875,-0.2685546875,0.1220703125,-0.9521484375,0.18310546875,-0.732421875,-0.08544921875,-1.47705078125,-0.0244140625,-0.23193359375,-0.25634765625,-0.30517578125,-0.1708984375,-1.220703125,-0.1953125,4.39453125,-0.20751953125,0.8544921875,0.244140625,0.390625,0.01220703125,1.3427734375,-0.2197265625,-0.7080078125,0.0732421875,-1.3916015625,0.146484375,-1.0009765625,-0.25634765625,0.45166015625,0,5.56640625,-0.048828125,5.57861328125,-0.0732421875,3.69873046875,0,10.2294921875,-0.30517578125,-0.0732421875,-0.15869140625,0.830078125,-0.09765625,-0.47607421875,-0.20751953125,-0.48828125
0,0.09765625,-0.29296875,-0.2685546875,-0.29296875,0.28076171875,-0.29296875,-0.28076171875,-0.01220703125,0.18310546875,-0.37841796875,0.0732421875,-1.318359375,-0.244140625,0.37841796875,-0.4150390625,-0.5859375,0.390625,4.60205078125,-0.93994140625,4.28466796875,0.390625,7.11669921875,0.30517578125,3.28369140625,0.08544921875,-0.09765625,-0.146484375,-0.7568359375,-0.1220703125,0.9521484375,0,0.23193359375,-0.1220703125,-0.29296875,-0.244140625,-0.84228515625,0.01220703125,-0.48828125,0.01220703125,-0.68359375,0.341796875,-0.23193359375,-0.4150390625,-0.67138671875,0.64697265625,-0.48828125,-0.25634765625,0.3662109375,0.03662109375,1.3427734375,-0.32958984375,0.50048828125,-0.13427734375,-0.06103515625,0.03662109375,0.7568359375,-0.3173828125,0.67138671875,0.048828125,0.5126953125,0.048828125,0.537109375,0.10986328125,0.18310546875,0.13427734375,0.32958984375,-0.1953125,1.07421875,-0.03662109375,0.1953125,-0.06103515625,0.2197265625,0.01220703125,0.3173828125,-0.09765625,0.927734375,-0.01220703125,0.048828125,-0.3173828125,1.3671875,0.1708984375,-0.91552734375,0.18310546875,-0.25634765625,0.146484375,-0.9521484375,0.20751953125,-0.732421875,-0.1220703125,-1.47705078125,-0.09765625,-0.23193359375,-0.10986328125,-0.30517578125,-0.244140625,-1.20849609375,-0.13427734375,3.74755859375,-0.1953125,0.64697265625,0.18310546875,0.2197265625,0,1.13525390625,-0.341796875,-0.7080078125,0.01220703125,-1.416015625,0.20751953125,-1.0009765625,-0.25634765625,0.45166015625,0,5.859375,-0.03662109375,5.94482421875,-0.08544921875,3.94287109375,-0.06103515625,10.9130859375,-0.28076171875,-0.0732421875,-0.1708984375,0.84228515625,-0.09765625,-0.47607421875,-0.23193359375,-0.48828125
0,0.10986328125,-0.30517578125,-0.25634765625,-0.28076171875,0.25634765625,-0.3173828125,-0.2685546875,-0.0244140625,0.18310546875,-0.32958984375,0.09765625,-1.23291015625,-0.2197265625,0.5615234375,-0.40283203125,-0.48828125,0.3662109375,4.35791015625,-0.9765625,4.1015625,0.13427734375,6.884765625,0.35400390625,3.1005859375,0.03662109375,-0.13427734375,-0.09765625,-0.74462890625,-0.03662109375,0.93994140625,0.0732421875,0.244140625,-0.15869140625,-0.2685546875,-0.13427734375,-0.86669921875,-0.01220703125,-0.47607421875,0.08544921875,-0.69580078125,0.32958984375,-0.244140625,-0.28076171875,-0.67138671875,0.6103515625,-0.439453125,-0.146484375,0.3662109375,0.1220703125,1.3427734375,-0.390625,0.50048828125,-0.18310546875,-0.0732421875,0.0244140625,0.74462890625,-0.29296875,0.6591796875,0.09765625,0.47607421875,0.1220703125,0.537109375,0.03662109375,0.146484375,-0.01220703125,0.29296875,-0.244140625,1.07421875,-0.0732421875,0.18310546875,-0.13427734375,0.2197265625,-0.01220703125,0.30517578125,-0.06103515625,0.927734375,0.0244140625,0.03662109375,-0.3173828125,1.3671875,0.23193359375,-0.927734375,0.20751953125,-0.25634765625,0.13427734375,-0.96435546875,0.244140625,-0.76904296875,-0.146484375,-1.47705078125,-0.146484375,-0.23193359375,0.048828125,-0.30517578125,-0.2685546875,-1.1962890625,-0.048828125,3.02734375,-0.13427734375,0.439453125,0.10986328125,0.048828125,-0.0244140625,0.91552734375,-0.42724609375,-0.7080078125,-0.048828125,-1.42822265625,0.20751953125,-1.0009765625,-0.30517578125,0.45166015625,0,5.9814453125,-0.03662109375,6.103515625,-0.08544921875,4.052734375,-0.1220703125,11.24267578125,-0.244140625,-0.06103515625,-0.1953125,0.86669921875,-0.08544921875,-0.4638671875,-0.1953125,-0.47607421875
0,0.1220703125,-0.32958984375,-0.32958984375,-0.244140625,0.2685546875,-0.35400390625,-0.29296875,0,0.1953125,-0.28076171875,0.13427734375,-1.1474609375,-0.1953125,0.76904296875,-0.3662109375,-0.37841796875,0.3173828125,4.13818359375,-1.08642578125,3.89404296875,-0.10986328125,6.640625,0.3173828125,2.9296875,0,-0.146484375,-0.06103515625,-0.7080078125,0.06103515625,0.93994140625,0.1220703125,0.23193359375,-0.09765625,-0.25634765625,-0.0732421875,-0.87890625,-0.03662109375,-0.47607421875,0.15869140625,-0.68359375,0.30517578125,-0.23193359375,-0.2197265625,-0.68359375,0.5859375,-0.45166015625,-0.048828125,0.390625,0.28076171875,1.35498046875,-0.439453125,0.50048828125,-0.20751953125,-0.1220703125,0.03662109375,0.732421875,-0.2685546875,0.6591796875,0.15869140625,0.4638671875,0.13427734375,0.52490234375,0.03662109375,0.13427734375,-0.1220703125,0.29296875,-0.1953125,1.0498046875,-0.0732421875,0.18310546875,-0.1708984375,0.1953125,-0.06103515625,0.32958984375,-0.08544921875,0.91552734375,0.08544921875,0.048828125,-0.341796875,1.3671875,0.2685546875,-0.93994140625,0.1953125,-0.25634765625,0.10986328125,-0.9765625,0.244140625,-0.78125,-0.13427734375,-1.4892578125,-0.20751953125,-0.20751953125,0.2197265625,-0.30517578125,-0.25634765625,-1.18408203125,-0.01220703125,2.294921875,-0.08544921875,0.18310546875,0.01220703125,-0.13427734375,-0.03662109375,0.68359375,-0.390625,-0.69580078125,-0.1220703125,-1.416015625,0.15869140625,-1.0009765625,-0.35400390625,0.45166015625,0,5.92041015625,-0.048828125,6.04248046875,-0.09765625,4.01611328125,-0.146484375,11.1572265625,-0.20751953125,-0.0732421875,-0.20751953125,0.87890625,-0.08544921875,-0.4638671875,-0.20751953125,-0.4638671875
0,0.10986328125,-0.32958984375,-0.32958984375,-0.1953125,0.25634765625,-0.390625,-0.28076171875,0.01220703125,0.18310546875,-0.2197265625,0.1220703125,-1.07421875,-0.15869140625,0.96435546875,-0.3662109375,-0.2685546875,0.25634765625,3.90625,-1.1962890625,3.7353515625,-0.28076171875,6.38427734375,0.3173828125,2.77099609375,0.01220703125,-0.146484375,0,-0.732421875,0.1708984375,0.96435546875,0.146484375,0.244140625,-0.0732421875,-0.25634765625,-0.08544921875,-0.87890625,-0.048828125,-0.4638671875,0.20751953125,-0.69580078125,0.30517578125,-0.244140625,-0.18310546875,-0.67138671875,0.5126953125,-0.4150390625,-0.048828125,0.390625,0.30517578125,1.37939453125,-0.4150390625,0.50048828125,-0.25634765625,-0.15869140625,0.06103515625,0.74462890625,-0.29296875,0.67138671875,0.1953125,0.45166015625,0.08544921875,0.50048828125,0.0732421875,0.13427734375,-0.244140625,0.25634765625,-0.1708984375,1.07421875,-0.06103515625,0.20751953125,-0.20751953125,0.20751953125,-0.10986328125,0.341796875,-0.06103515625,0.9033203125,0.146484375,0.048828125,-0.3662109375,1.37939453125,0.32958984375,-0.96435546875,0.15869140625,-0.2685546875,0.06103515625,-0.96435546875,0.25634765625,-0.76904296875,-0.10986328125,-1.4892578125,-0.2197265625,-0.23193359375,0.32958984375,-0.30517578125,-0.20751953125,-1.15966796875,-0.01220703125,1.5869140625,0.01220703125,-0.0732421875,-0.1220703125,-0.3173828125,-0.03662109375,0.439453125,-0.32958984375,-0.7080078125,-0.2197265625,-1.416015625,0.0732421875,-1.0009765625,-0.390625,0.439453125,0.01220703125,5.6640625,-0.048828125,5.77392578125,-0.08544921875,3.84521484375,-0.13427734375,10.72998046875,-0.20751953125,-0.03662109375,-0.18310546875,0.9033203125,-0.09765625,-0.42724609375,-0.1953125,-0.45166015625
0,0.1220703125,-0.341796875,-0.3173828125,-0.1708984375,0.2197265625,-0.40283203125,-0.29296875,-0.01220703125,0.1953125,-0.1708984375,0.09765625,-1.0498046875,-0.146484375,1.07421875,-0.3173828125,-0.244140625,0.1953125,3.7353515625,-1.28173828125,3.61328125,-0.35400390625,6.16455078125,0.18310546875,2.63671875,-0.01220703125,-0.146484375,0.048828125,-0.732421875,0.28076171875,0.96435546875,0.1708984375,0.244140625,0,-0.2685546875,-0.06103515625,-0.8544921875,-0.0732421875,-0.42724609375,0.244140625,-0.67138671875,0.29296875,-0.2197265625,-0.1708984375,-0.67138671875,0.52490234375,-0.42724609375,-0.08544921875,0.439453125,0.32958984375,1.37939453125,-0.390625,0.50048828125,-0.23193359375,-0.1708984375,0.0244140625,0.74462890625,-0.25634765625,0.6591796875,0.1708984375,0.439453125,-0.01220703125,0.50048828125,0.08544921875,0.13427734375,-0.37841796875,0.244140625,-0.1708984375,1.07421875,-0.08544921875,0.23193359375,-0.2197265625,0.20751953125,-0.13427734375,0.35400390625,-0.06103515625,0.89111328125,0.1953125,0.03662109375,-0.40283203125,1.3916015625,0.341796875,-0.9765625,0.10986328125,-0.28076171875,0.0244140625,-0.98876953125,0.1953125,-0.7568359375,-0.03662109375,-1.50146484375,-0.1708984375,-0.2197265625,0.37841796875,-0.28076171875,-0.13427734375,-1.13525390625,0.01220703125,0.91552734375,0.0732421875,-0.28076171875,-0.1708984375,-0.48828125,-0.03662109375,0.244140625,-0.20751953125,-0.69580078125,-0.30517578125,-1.42822265625,-0.03662109375,-0.98876953125,-0.3662109375,0.439453125,0.01220703125,5.2490234375,-0.09765625,5.3466796875,-0.08544921875,3.564453125,-0.15869140625,10.0341796875,-0.1953125,-0.0244140625,-0.18310546875,0.89111328125,-0.10986328125,-0.439453125,-0.13427734375,-0.42724609375
0,0.10986328125,-0.32958984375,-0.3173828125,-0.146484375,0.20751953125,-0.4150390625,-0.30517578125,-0.0244140625,0.20751953125,-0.15869140625,0.08544921875,-1.03759765625,-0.15869140625,1.08642578125,-0.28076171875,-0.244140625,0.18310546875,3.61328125,-1.33056640625,3.515625,-0.25634765625,5.95703125,0.03662109375,2.5390625,0.03662109375,-0.13427734375,0.10986328125,-0.732421875,0.341796875,0.9765625,0.13427734375,0.244140625,0.0244140625,-0.29296875,-0.09765625,-0.830078125,-0.09765625,-0.40283203125,0.23193359375,-0.67138671875,0.28076171875,-0.18310546875,-0.244140625,-0.7080078125,0.537109375,-0.40283203125,-0.0732421875,0.439453125,0.30517578125,1.42822265625,-0.32958984375,0.5126953125,-0.23193359375,-0.18310546875,0.0244140625,0.74462890625,-0.244140625,0.6591796875,0.1220703125,0.439453125,0.01220703125,0.50048828125,0.08544921875,0.146484375,-0.45166015625,0.23193359375,-0.1220703125,1.08642578125,-0.08544921875,0.244140625,-0.244140625,0.2197265625,-0.146484375,0.35400390625,-0.06103515625,0.86669921875,0.23193359375,0.03662109375,-0.3662109375,1.40380859375,0.341796875,-0.9521484375,0.08544921875,-0.30517578125,-0.01220703125,-0.96435546875,0.13427734375,-0.76904296875,0,-1.50146484375,-0.1220703125,-0.2197265625,0.37841796875,-0.2685546875,-0.03662109375,-1.1474609375,0.03662109375,0.35400390625,0.10986328125,-0.48828125,-0.1953125,-0.634765625,-0.06103515625,0.06103515625,-0.048828125,-0.7080078125,-0.30517578125,-1.4404296875,-0.15869140625,-0.98876953125,-0.35400390625,0.439453125,0.03662109375,4.69970703125,-0.10986328125,4.7607421875,-0.10986328125,3.16162109375,-0.15869140625,9.033203125,-0.20751953125,-0.0244140625,-0.18310546875,0.927734375,-0.13427734375,-0.4150390625,-0.08544921875,-0.4150390625
0,0.10986328125,-0.32958984375,-0.30517578125,-0.09765625,0.1708984375,-0.42724609375,-0.29296875,-0.01220703125,0.1953125,-0.15869140625,0.08544921875,-1.03759765625,-0.1708984375,1.025390625,-0.244140625,-0.25634765625,0.13427734375,3.50341796875,-1.37939453125,3.4423828125,-0.25634765625,5.810546875,-0.15869140625,2.490234375,0.0732421875,-0.09765625,0.146484375,-0.74462890625,0.35400390625,0.9765625,0.10986328125,0.25634765625,0.0732421875,-0.30517578125,-0.146484375,-0.84228515625,-0.1220703125,-0.3662109375,0.23193359375,-0.67138671875,0.2197265625,-0.1708984375,-0.32958984375,-0.69580078125,0.48828125,-0.40283203125,-0.09765625,0.4638671875,0.32958984375,1.45263671875,-0.29296875,0.52490234375,-0.146484375,-0.15869140625,0.06103515625,0.7568359375,-0.2197265625,0.67138671875,0.03662109375,0.42724609375,-0.0244140625,0.50048828125,0.06103515625,0.146484375,-0.5126953125,0.244140625,-0.08544921875,1.08642578125,-0.048828125,0.25634765625,-0.23193359375,0.23193359375,-0.13427734375,0.341796875,-0.01220703125,0.89111328125,0.25634765625,0.03662109375,-0.341796875,1.3916015625,0.28076171875,-0.93994140625,0.0732421875,-0.30517578125,-0.06103515625,-0.96435546875,0.048828125,-0.7568359375,0.0244140625,-1.4892578125,-0.0244140625,-0.20751953125,0.32958984375,-0.23193359375,0.10986328125,-1.1474609375,0.048828125,-0.15869140625,0.09765625,-0.64697265625,-0.1953125,-0.732421875,-0.09765625,-0.048828125,0.03662109375,-0.7080078125,-0.2685546875,-1.45263671875,-0.2197265625,-0.98876953125,-0.32958984375,0.45166015625,0.03662109375,4.08935546875,-0.13427734375,4.0771484375,-0.09765625,2.685546875,-0.15869140625,7.82470703125,-0.2197265625,-0.03662109375,-0.18310546875,0.91552734375,-0.146484375,-0.390625,-0.06103515625,-0.439453125
0,0.09765625,-0.341796875,-0.30517578125,-0.0732421875,0.18310546875,-0.4150390625,-0.30517578125,-0.01220703125,0.20751953125,-0.18310546875,0.08544921875,-1.08642578125,-0.1708984375,0.87890625,-0.1953125,-0.3173828125,0.146484375,3.41796875,-1.40380859375,3.3447265625,-0.25634765625,5.65185546875,-0.32958984375,2.4169921875,0.09765625,-0.09765625,0.146484375,-0.74462890625,0.28076171875,0.9765625,0.1220703125,0.25634765625,0.146484375,-0.3173828125,-0.18310546875,-0.81787109375,-0.15869140625,-0.341796875,0.15869140625,-0.68359375,0.1220703125,-0.15869140625,-0.390625,-0.67138671875,0.5126953125,-0.42724609375,-0.1708984375,0.45166015625,0.40283203125,1.4892578125,-0.23193359375,0.54931640625,-0.09765625,-0.146484375,0.10986328125,0.76904296875,-0.1953125,0.67138671875,-0.06103515625,0.439453125,-0.03662109375,0.537109375,0.0244140625,0.15869140625,-0.54931640625,0.2197265625,-0.048828125,1.11083984375,-0.06103515625,0.2685546875,-0.2197265625,0.244140625,-0.13427734375,0.3662109375,-0.0244140625,0.84228515625,0.2685546875,0.03662109375,-0.30517578125,1.3916015625,0.1708984375,-0.927734375,0.08544921875,-0.30517578125,-0.03662109375,-0.9521484375,-0.06103515625,-0.732421875,-0.01220703125,-1.47705078125,0.08544921875,-0.20751953125,0.23193359375,-0.244140625,0.244140625,-1.1474609375,0.1220703125,-0.54931640625,0.0732421875,-0.76904296875,-0.13427734375,-0.79345703125,-0.1220703125,-0.15869140625,0.09765625,-0.72021484375,-0.15869140625,-1.4404296875,-0.23193359375,-1.0009765625,-0.3173828125,0.45166015625,0.0244140625,3.38134765625,-0.13427734375,3.33251953125,-0.08544921875,2.16064453125,-0.146484375,6.43310546875,-0.244140625,-0.0244140625,-0.23193359375,0.927734375,-0.18310546875,-0.3662109375,-0.03662109375,-0.42724609375
0,0.08544921875,-0.341796875,-0.29296875,-0.048828125,0.1708984375,-0.40283203125,-0.3173828125,-0.01220703125,0.2197265625,-0.23193359375,0.0732421875,-1.13525390625,-0.1708984375,0.732421875,-0.1708984375,-0.40283203125,0.146484375,3.3203125,-1.3671875,3.2470703125,-0.29296875,5.48095703125,-0.42724609375,2.35595703125,0.1708984375,-0.08544921875,0.15869140625,-0.74462890625,0.1708984375,0.98876953125,0.10986328125,0.2685546875,0.1953125,-0.32958984375,-0.20751953125,-0.8056640625,-0.23193359375,-0.35400390625,0.10986328125,-0.68359375,0.06103515625,-0.15869140625,-0.47607421875,-0.6591796875,0.48828125,-0.4150390625,-0.28076171875,0.45166015625,0.439453125,1.52587890625,-0.1708984375,0.5615234375,-0.03662109375,-0.146484375,0.08544921875,0.74462890625,-0.1953125,0.67138671875,-0.13427734375,0.4638671875,0,0.54931640625,0.03662109375,0.1708984375,-0.5859375,0.2197265625,0.048828125,1.08642578125,-0.06103515625,0.29296875,-0.18310546875,0.25634765625,-0.1220703125,0.341796875,0.03662109375,0.830078125,0.244140625,0.06103515625,-0.20751953125,1.37939453125,0.06103515625,-0.927734375,0.10986328125,-0.3173828125,-0.048828125,-0.9765625,-0.1708984375,-0.74462890625,-0.048828125,-1.46484375,0.20751953125,-0.20751953125,0.10986328125,-0.25634765625,0.30517578125,-1.13525390625,0.1220703125,-0.84228515625,0.048828125,-0.830078125,-0.06103515625,-0.81787109375,-0.1953125,-0.2197265625,0.08544921875,-0.72021484375,-0.03662109375,-1.4404296875,-0.2197265625,-1.01318359375,-0.32958984375,0.4638671875,0.03662109375,2.67333984375,-0.13427734375,2.5634765625,-0.08544921875,1.62353515625,-0.1708984375,4.99267578125,-0.2197265625,-0.03662109375,-0.23193359375,0.9033203125,-0.20751953125,-0.390625,-0.0244140625,-0.42724609375
0,0.0732421875,-0.3173828125,-0.244140625,-0.03662109375,0.18310546875,-0.390625,-0.32958984375,0.01220703125,0.2197265625,-0.2685546875,0.0732421875,-1.20849609375,-0.146484375,0.57373046875,-0.146484375,-0.4638671875,0.13427734375,3.18603515625,-1.28173828125,3.076171875,-0.32958984375,5.2978515625,-0.40283203125,2.23388671875,0.18310546875,-0.0732421875,0.146484375,-0.74462890625,0.0732421875,0.9765625,0.10986328125,0.244140625,0.20751953125,-0.3173828125,-0.2197265625,-0.79345703125,-0.244140625,-0.37841796875,0.048828125,-0.6591796875,-0.0244140625,-0.1953125,-0.47607421875,-0.67138671875,0.45166015625,-0.390625,-0.3662109375,0.439453125,0.48828125,1.5380859375,-0.1708984375,0.5615234375,0,-0.1220703125,0.13427734375,0.76904296875,-0.15869140625,0.6591796875,-0.1708984375,0.47607421875,0.048828125,0.5615234375,0.08544921875,0.1708984375,-0.634765625,0.2197265625,0.1220703125,1.06201171875,-0.0732421875,0.29296875,-0.13427734375,0.244140625,-0.1220703125,0.35400390625,0.08544921875,0.8544921875,0.23193359375,0.0732421875,-0.146484375,1.37939453125,-0.048828125,-0.89111328125,0.09765625,-0.3173828125,-0.0732421875,-0.9521484375,-0.28076171875,-0.74462890625,-0.048828125,-1.47705078125,0.2685546875,-0.2197265625,0.03662109375,-0.25634765625,0.3173828125,-1.13525390625,0.13427734375,-1.025390625,0,-0.86669921875,0.01220703125,-0.84228515625,-0.23193359375,-0.244140625,0.03662109375,-0.7080078125,0.06103515625,-1.4404296875,-0.1708984375,-0.98876953125,-0.3662109375,0.4638671875,0.01220703125,1.953125,-0.146484375,1.79443359375,-0.09765625,1.07421875,-0.1708984375,3.60107421875,-0.20751953125,-0.048828125,-0.25634765625,0.89111328125,-0.18310546875,-0.37841796875,-0.0244140625,-0.42724609375
1,0.06103515625,-0.30517578125,-0.244140625,-0.03662109375,0.1708984375,-0.3662109375,-0.3662109375,0,0.1953125,-0.30517578125,0.08544921875,-1.23291015625,-0.1708984375,0.4638671875,-0.1220703125,-0.48828125,0.13427734375,2.9541015625,-1.13525390625,2.8564453125,-0.3662109375,5.029296875,-0.2685546875,2.06298828125,0.1953125,-0.10986328125,0.146484375,-0.74462890625,-0.048828125,0.96435546875,0.0732421875,0.244140625,0.15869140625,-0.30517578125,-0.18310546875,-0.78125,-0.25634765625,-0.390625,0,-0.68359375,-0.06103515625,-0.20751953125,-0.50048828125,-0.6591796875,0.42724609375,-0.37841796875,-0.40283203125,0.42724609375,0.52490234375,1.52587890625,-0.15869140625,0.537109375,0,-0.10986328125,0.13427734375,0.7568359375,-0.1220703125,0.7080078125,-0.1708984375,0.5126953125,0.13427734375,0.54931640625,0.08544921875,0.18310546875,-0.6103515625,0.2197265625,0.2197265625,1.06201171875,-0.0732421875,0.28076171875,-0.1220703125,0.23193359375,-0.08544921875,0.341796875,0.09765625,0.84228515625,0.1953125,0.0732421875,-0.048828125,1.37939453125,-0.10986328125,-0.8544921875,0.08544921875,-0.30517578125,-0.09765625,-0.9521484375,-0.341796875,-0.72021484375,-0.048828125,-1.45263671875,0.2685546875,-0.1953125,0.048828125,-0.28076171875,0.25634765625,-1.123046875,0.0732421875,-1.123046875,-0.048828125,-0.86669921875,0.0732421875,-0.830078125,-0.25634765625,-0.2685546875,-0.01220703125,-0.72021484375,0.18310546875,-1.42822265625,-0.13427734375,-0.98876953125,-0.42724609375,0.439453125,0,1.318359375,-0.1220703125,1.13525390625,-0.09765625,0.57373046875,-0.1708984375,2.294921875,-0.1953125,-0.048828125,-0.23193359375,0.87890625,-0.18310546875,-0.390625,-0.0244140625,-0.439453125
1,0.0244140625,-0.3173828125,-0.28076171875,-0.048828125,0.1708984375,-0.35400390625,-0.37841796875,0,0.1708984375,-0.3662109375,0.10986328125,-1.25732421875,-0.13427734375,0.42724609375,-0.1220703125,-0.5126953125,0.10986328125,2.67333984375,-1.01318359375,2.5634765625,-0.32958984375,4.6875,-0.10986328125,1.86767578125,0.15869140625,-0.10986328125,0.10986328125,-0.7568359375,-0.13427734375,0.9521484375,-0.01220703125,0.244140625,0.06103515625,-0.32958984375,-0.1953125,-0.78125,-0.29296875,-0.4150390625,-0.09765625,-0.69580078125,-0.048828125,-0.20751953125,-0.439453125,-0.6591796875,0.32958984375,-0.40283203125,-0.37841796875,0.439453125,0.54931640625,1.50146484375,-0.15869140625,0.5126953125,-0.0244140625,-0.10986328125,0.10986328125,0.76904296875,-0.1220703125,0.69580078125,-0.10986328125,0.50048828125,0.1708984375,0.537109375,0.146484375,0.18310546875,-0.62255859375,0.23193359375,0.28076171875,1.06201171875,-0.06103515625,0.244140625,-0.1220703125,0.20751953125,-0.06103515625,0.32958984375,0.13427734375,0.86669921875,0.18310546875,0.08544921875,0.03662109375,1.3671875,-0.146484375,-0.84228515625,0.048828125,-0.30517578125,-0.0732421875,-0.93994140625,-0.32958984375,-0.72021484375,-0.01220703125,-1.45263671875,0.2197265625,-0.1953125,0.06103515625,-0.28076171875,0.13427734375,-1.123046875,0.0244140625,-1.18408203125,-0.06103515625,-0.8544921875,0.09765625,-0.8056640625,-0.23193359375,-0.25634765625,-0.0732421875,-0.72021484375,0.20751953125,-1.416015625,-0.0732421875,-0.98876953125,-0.47607421875,0.42724609375,0,0.7568359375,-0.09765625,0.537109375,-0.0732421875,0.13427734375,-0.15869140625,1.20849609375,-0.1953125,-0.048828125,-0.25634765625,0.8544921875,-0.1708984375,-0.42724609375,-0.06103515625,-0.4638671875
1,0.0244140625,-0.30517578125,-0.25634765625,-0.09765625,0.146484375,-0.3662109375,-0.4150390625,-0.0244140625,0.18310546875,-0.37841796875,0.09765625,-1.2451171875,-0.048828125,0.42724609375,-0.1220703125,-0.50048828125,0.13427734375,2.33154296875,-0.86669921875,2.25830078125,-0.23193359375,4.248046875,0.09765625,1.59912109375,0.048828125,-0.10986328125,0.06103515625,-0.74462890625,-0.13427734375,0.96435546875,-0.09765625,0.25634765625,-0.10986328125,-0.32958984375,-0.2197265625,-0.78125,-0.25634765625,-0.40283203125,-0.10986328125,-0.69580078125,-0.01220703125,-0.244140625,-0.37841796875,-0.64697265625,0.29296875,-0.390625,-0.3662109375,0.439453125,0.5859375,1.4404296875,-0.2197265625,0.50048828125,-0.048828125,-0.1220703125,-0.03662109375,0.78125,-0.10986328125,0.68359375,-0.0244140625,0.48828125,0.2197265625,0.537109375,0.18310546875,0.15869140625,-0.54931640625,0.2197265625,0.3173828125,1.03759765625,-0.03662109375,0.23193359375,-0.10986328125,0.1953125,-0.03662109375,0.3173828125,0.10986328125,0.86669921875,0.2197265625,0.09765625,0.08544921875,1.3671875,-0.15869140625,-0.8544921875,-0.0244140625,-0.29296875,-0.0732421875,-0.9521484375,-0.244140625,-0.72021484375,0.0244140625,-1.45263671875,0.146484375,-0.20751953125,0.146484375,-0.28076171875,-0.0732421875,-1.123046875,-0.0732421875,-1.1962890625,-0.09765625,-0.86669921875,0.08544921875,-0.78125,-0.1953125,-0.25634765625,-0.03662109375,-0.7080078125,0.1953125,-1.42822265625,-0.0244140625,-1.0009765625,-0.4638671875,0.439453125,-0.03662109375,0.30517578125,-0.10986328125,0.048828125,-0.08544921875,-0.23193359375,-0.1708984375,0.3662109375,-0.2197265625,-0.06103515625,-0.25634765625,0.84228515625,-0.18310546875,-0.45166015625,-0.0732421875,-0.4638671875
1,0.03662109375,-0.30517578125,-0.28076171875,-0.1708984375,0.10986328125,-0.3662109375,-0.4150390625,-0.0244140625,0.13427734375,-0.341796875,0.08544921875,-1.23291015625,-0.048828125,0.48828125,-0.146484375,-0.47607421875,0.18310546875,1.9287109375,-0.84228515625,1.904296875,-0.2685546875,3.7841796875,0.244140625,1.30615234375,-0.06103515625,-0.13427734375,0.0244140625,-0.732421875,-0.13427734375,0.96435546875,-0.23193359375,0.25634765625,-0.244140625,-0.3173828125,-0.30517578125,-0.78125,-0.244140625,-0.4150390625,-0.13427734375,-0.69580078125,0.09765625,-0.244140625,-0.341796875,-0.67138671875,0.28076171875,-0.37841796875,-0.30517578125,0.47607421875,0.47607421875,1.37939453125,-0.29296875,0.48828125,-0.1708984375,-0.13427734375,-0.15869140625,0.74462890625,-0.15869140625,0.67138671875,0.06103515625,0.50048828125,0.3173828125,0.54931640625,0.20751953125,0.1708984375,-0.47607421875,0.25634765625,0.29296875,1.07421875,-0.01220703125,0.2197265625,-0.1708984375,0.20751953125,0.03662109375,0.3173828125,0.146484375,0.86669921875,0.18310546875,0.0732421875,0.09765625,1.37939453125,-0.13427734375,-0.86669921875,-0.09765625,-0.29296875,-0.06103515625,-0.96435546875,-0.1708984375,-0.72021484375,0.03662109375,-1.45263671875,0.0244140625,-0.2197265625,0.244140625,-0.29296875,-0.29296875,-1.11083984375,-0.146484375,-1.20849609375,-0.13427734375,-0.830078125,0.0244140625,-0.7568359375,-0.1220703125,-0.23193359375,0,-0.69580078125,0.13427734375,-1.42822265625,0,-0.9765625,-0.45166015625,0.439453125,-0.09765625,0,-0.1220703125,-0.2685546875,-0.146484375,-0.45166015625,-0.28076171875,-0.1953125,-0.25634765625,-0.048828125,-0.23193359375,0.81787109375,-0.20751953125,-0.4638671875,-0.1220703125,-0.4638671875
1,0.0244140625,-0.30517578125,-0.28076171875,-0.2197265625,0.09765625,-0.3662109375,-0.4150390625,-0.03662109375,0.13427734375,-0.341796875,0.1220703125,-1.1962890625,-0.0244140625,0.54931640625,-0.1220703125,-0.439453125,0.2685546875,1.5380859375,-0.84228515625,1.513671875,-0.15869140625,3.2470703125,0.35400390625,0.98876953125,-0.13427734375,-0.13427734375,-0.06103515625,-0.732421875,-0.09765625,0.9521484375,-0.35400390625,0.25634765625,-0.3173828125,-0.29296875,-0.40283203125,-0.8056640625,-0.1708984375,-0.42724609375,-0.10986328125,-0.68359375,0.1953125,-0.25634765625,-0.244140625,-0.69580078125,0.32958984375,-0.3662109375,-0.244140625,0.48828125,0.439453125,1.2939453125,-0.32958984375,0.47607421875,-0.2685546875,-0.13427734375,-0.23193359375,0.732421875,-0.1953125,0.6591796875,0.1220703125,0.47607421875,0.40283203125,0.537109375,0.2197265625,0.146484375,-0.40283203125,0.25634765625,0.28076171875,1.06201171875,0.03662109375,0.1953125,-0.1708984375,0.20751953125,0.13427734375,0.32958984375,0.1708984375,0.8544921875,0.1708984375,0.09765625,0.0732421875,1.37939453125,-0.09765625,-0.9033203125,-0.13427734375,-0.29296875,-0.09765625,-0.96435546875,-0.0732421875,-0.732421875,0.0732421875,-1.45263671875,-0.09765625,-0.20751953125,0.23193359375,-0.29296875,-0.45166015625,-1.11083984375,-0.1953125,-1.20849609375,-0.15869140625,-0.830078125,-0.048828125,-0.7568359375,-0.048828125,-0.244140625,-0.01220703125,-0.7080078125,0.06103515625,-1.416015625,0.0244140625,-0.96435546875,-0.40283203125,0.4150390625,-0.08544921875,-0.1708984375,-0.09765625,-0.48828125,-0.13427734375,-0.57373046875,-0.30517578125,-0.48828125,-0.244140625,-0.0244140625,-0.23193359375,0.81787109375,-0.20751953125,-0.439453125,-0.1708984375,-0.47607421875
1,0.01220703125,-0.3173828125,-0.2685546875,-0.2685546875,0.09765625,-0.37841796875,-0.42724609375,-0.0244140625,0.13427734375,-0.30517578125,0.09765625,-1.1474609375,-0.06103515625,0.67138671875,-0.15869140625,-0.40283203125,0.37841796875,1.15966796875,-0.87890625,1.1474609375,0.01220703125,2.72216796875,0.37841796875,0.64697265625,-0.20751953125,-0.1708984375,-0.1220703125,-0.732421875,-0.06103515625,0.96435546875,-0.45166015625,0.2685546875,-0.28076171875,-0.29296875,-0.48828125,-0.830078125,-0.09765625,-0.439453125,-0.0732421875,-0.68359375,0.29296875,-0.244140625,-0.2197265625,-0.7080078125,0.37841796875,-0.3662109375,-0.244140625,0.48828125,0.4638671875,1.220703125,-0.390625,0.47607421875,-0.341796875,-0.146484375,-0.32958984375,0.74462890625,-0.2197265625,0.6591796875,0.20751953125,0.45166015625,0.47607421875,0.52490234375,0.25634765625,0.146484375,-0.2685546875,0.2685546875,0.2685546875,1.08642578125,0.0732421875,0.1953125,-0.1953125,0.23193359375,0.18310546875,0.341796875,0.20751953125,0.84228515625,0.1708984375,0.08544921875,0.048828125,1.3916015625,-0.03662109375,-0.927734375,-0.146484375,-0.3173828125,-0.08544921875,-0.9521484375,0.0244140625,-0.74462890625,0.09765625,-1.45263671875,-0.15869140625,-0.244140625,0.20751953125,-0.29296875,-0.54931640625,-1.0986328125,-0.18310546875,-1.1962890625,-0.1708984375,-0.84228515625,-0.09765625,-0.8056640625,0.01220703125,-0.244140625,-0.01220703125,-0.7080078125,0,-1.416015625,0.01220703125,-0.9765625,-0.32958984375,0.42724609375,-0.06103515625,-0.244140625,-0.048828125,-0.5859375,-0.1220703125,-0.6103515625,-0.25634765625,-0.5615234375,-0.25634765625,-0.03662109375,-0.2197265625,0.8056640625,-0.2197265625,-0.4638671875,-0.1953125,-0.4638671875
1,0.0244140625,-0.32958984375,-0.2685546875,-0.30517578125,0.08544921875,-0.4150390625,-0.390625,-0.01220703125,0.13427734375,-0.28076171875,0.048828125,-1.1474609375,-0.048828125,0.732421875,-0.15869140625,-0.3662109375,0.42724609375,0.79345703125,-0.91552734375,0.830078125,0.1708984375,2.23388671875,0.2685546875,0.37841796875,-0.29296875,-0.15869140625,-0.18310546875,-0.732421875,-0.06103515625,0.96435546875,-0.4638671875,0.2685546875,-0.2197265625,-0.30517578125,-0.537109375,-0.830078125,-0.06103515625,-0.4150390625,0.01220703125,-0.68359375,0.390625,-0.2197265625,-0.23193359375,-0.69580078125,0.390625,-0.35400390625,-0.18310546875,0.5126953125,0.32958984375,1.20849609375,-0.390625,0.4638671875,-0.390625,-0.1708984375,-0.341796875,0.732421875,-0.244140625,0.634765625,0.28076171875,0.42724609375,0.5126953125,0.50048828125,0.29296875,0.1708984375,-0.1220703125,0.29296875,0.20751953125,1.07421875,0.10986328125,0.23193359375,-0.23193359375,0.244140625,0.23193359375,0.35400390625,0.244140625,0.830078125,0.146484375,0.0732421875,0.01220703125,1.3916015625,0.03662109375,-0.93994140625,-0.1220703125,-0.3173828125,-0.048828125,-0.9521484375,0.09765625,-0.7568359375,0.10986328125,-1.46484375,-0.1953125,-0.25634765625,0.06103515625,-0.2685546875,-0.50048828125,-1.13525390625,-0.146484375,-1.20849609375,-0.20751953125,-0.8544921875,-0.10986328125,-0.8056640625,0.0244140625,-0.244140625,-0.048828125,-0.7080078125,-0.08544921875,-1.416015625,0,-0.9765625,-0.23193359375,0.4150390625,-0.048828125,-0.23193359375,-0.03662109375,-0.5859375,-0.08544921875,-0.57373046875,-0.244140625,-0.45166015625,-0.244140625,-0.048828125,-0.1953125,0.830078125,-0.20751953125,-0.439453125,-0.244140625,-0.4638671875
1,0.03662109375,-0.341796875,-0.28076171875,-0.3173828125,0.06103515625,-0.4150390625,-0.40283203125,0,0.18310546875,-0.25634765625,0.0732421875,-1.1474609375,0.01220703125,0.76904296875,-0.13427734375,-0.341796875,0.439453125,0.5126953125,-0.96435546875,0.57373046875,0.35400390625,1.806640625,0.15869140625,0.15869140625,-0.30517578125,-0.13427734375,-0.23193359375,-0.732421875,-0.0244140625,0.9765625,-0.4150390625,0.2685546875,-0.10986328125,-0.29296875,-0.50048828125,-0.8544921875,-0.01220703125,-0.40283203125,0.1220703125,-0.6591796875,0.4638671875,-0.1953125,-0.20751953125,-0.69580078125,0.52490234375,-0.35400390625,-0.146484375,0.52490234375,0.5126953125,1.1962890625,-0.40283203125,0.50048828125,-0.40283203125,-0.1708984375,-0.341796875,0.74462890625,-0.25634765625,0.634765625,0.3173828125,0.40283203125,0.5615234375,0.52490234375,0.29296875,0.15869140625,0.06103515625,0.3173828125,0.1953125,1.0986328125,0.1220703125,0.23193359375,-0.2197265625,0.25634765625,0.23193359375,0.35400390625,0.2685546875,0.8056640625,0.146484375,0.0732421875,-0.0732421875,1.3916015625,0.048828125,-0.96435546875,-0.01220703125,-0.3173828125,-0.0732421875,-0.9521484375,0.1220703125,-0.76904296875,0.08544921875,-1.47705078125,-0.18310546875,-0.2685546875,-0.0244140625,-0.25634765625,-0.390625,-1.1474609375,-0.0244140625,-1.20849609375,-0.25634765625,-0.8544921875,-0.13427734375,-0.8056640625,0.01220703125,-0.23193359375,-0.08544921875,-0.732421875,-0.1220703125,-1.4404296875,-0.03662109375,-1.0009765625,-0.146484375,0.42724609375,-0.048828125,-0.15869140625,-0.01220703125,-0.54931640625,-0.09765625,-0.47607421875,-0.244140625,-0.29296875,-0.2197265625,-0.0244140625,-0.1953125,0.830078125,-0.1708984375,-0.439453125,-0.25634765625,-0.4638671875
1,0.03662109375,-0.341796875,-0.30517578125,-0.32958984375,0.048828125,-0.40283203125,-0.40283203125,0,0.18310546875,-0.244140625,0.0244140625,-1.1474609375,0.01220703125,0.76904296875,-0.18310546875,-0.35400390625,0.4150390625,0.32958984375,-1.01318359375,0.4150390625,0.439453125,1.513671875,-0.01220703125,0.03662109375,-0.3173828125,-0.13427734375,-0.25634765625,-0.732421875,-0.048828125,0.9765625,-0.244140625,0.2685546875,0.01220703125,-0.29296875,-0.439453125,-0.84228515625,0,-0.390625,0.20751953125,-0.6591796875,0.5126953125,-0.1708984375,-0.23193359375,-0.68359375,0.54931640625,-0.390625,-0.15869140625,0.50048828125,0.5126953125,1.25732421875,-0.390625,0.5126953125,-0.37841796875,-0.15869140625,-0.28076171875,0.74462890625,-0.23193359375,0.64697265625,0.29296875,0.4150390625,0.537109375,0.50048828125,0.23193359375,0.1708984375,0.20751953125,0.3173828125,0.18310546875,1.0986328125,0.10986328125,0.2685546875,-0.20751953125,0.2685546875,0.23193359375,0.341796875,0.28076171875,0.8056640625,0.13427734375,0.0732421875,-0.13427734375,1.40380859375,0,-0.9521484375,0.08544921875,-0.29296875,-0.08544921875,-0.91552734375,0.146484375,-0.78125,0.01220703125,-1.46484375,-0.146484375,-0.244140625,-0.15869140625,-0.23193359375,-0.20751953125,-1.171875,0.13427734375,-1.171875,-0.2685546875,-0.89111328125,-0.09765625,-0.81787109375,-0.01220703125,-0.244140625,-0.1220703125,-0.7080078125,-0.15869140625,-1.4404296875,-0.048828125,-0.98876953125,-0.08544921875,0.439453125,-0.06103515625,-0.09765625,-0.03662109375,-0.48828125,-0.09765625,-0.3662109375,-0.2197265625,-0.1220703125,-0.18310546875,-0.03662109375,-0.146484375,0.84228515625,-0.1708984375,-0.42724609375,-0.28076171875,-0.45166015625
1,0,-0.35400390625,-0.28076171875,-0.3173828125,0.03662109375,-0.40283203125,-0.40283203125,0.01220703125,0.15869140625,-0.25634765625,0.03662109375,-1.15966796875,0.048828125,0.72021484375,-0.18310546875,-0.4150390625,0.37841796875,0.28076171875,-0.98876953125,0.35400390625,0.42724609375,1.416015625,-0.1220703125,-0.01220703125,-0.3173828125,-0.13427734375,-0.244140625,-0.732421875,-0.03662109375,0.98876953125,-0.048828125,0.25634765625,0.10986328125,-0.29296875,-0.35400390625,-0.84228515625,-0.01220703125,-0.390625,0.29296875,-0.6591796875,0.537109375,-0.13427734375,-0.2685546875,-0.67138671875,0.59814453125,-0.37841796875,-0.18310546875,0.50048828125,0.52490234375,1.40380859375,-0.40283203125,0.5126953125,-0.25634765625,-0.146484375,-0.1953125,0.74462890625,-0.244140625,0.6591796875,0.28076171875,0.42724609375,0.537109375,0.537109375,0.15869140625,0.1708984375,0.28076171875,0.3173828125,0.1708984375,1.11083984375,0.09765625,0.28076171875,-0.146484375,0.2685546875,0.20751953125,0.341796875,0.2685546875,0.78125,0.15869140625,0.048828125,-0.20751953125,1.3916015625,-0.06103515625,-0.93994140625,0.2197265625,-0.29296875,-0.06103515625,-0.93994140625,0.13427734375,-0.76904296875,-0.048828125,-1.46484375,-0.06103515625,-0.244140625,-0.1953125,-0.244140625,0,-1.18408203125,0.15869140625,-1.11083984375,-0.32958984375,-0.86669921875,-0.08544921875,-0.79345703125,-0.08544921875,-0.2197265625,-0.1708984375,-0.74462890625,-0.13427734375,-1.42822265625,-0.06103515625,-0.98876953125,-0.06103515625,0.42724609375,-0.0244140625,-0.03662109375,-0.0244140625,-0.45166015625,-0.09765625,-0.30517578125,-0.244140625,-0.0244140625,-0.18310546875,-0.01220703125,-0.146484375,0.84228515625,-0.1708984375,-0.40283203125,-0.2685546875,-0.439453125
1,-0.01220703125,-0.35400390625,-0.244140625,-0.30517578125,0.048828125,-0.40283203125,-0.40283203125,-0.01220703125,0.18310546875,-0.30517578125,0.0244140625,-1.20849609375,0.048828125,0.67138671875,-0.20751953125,-0.439453125,0.28076171875,0.35400390625,-1.03759765625,0.48828125,0.29296875,1.513671875,-0.244140625,0.0732421875,-0.29296875,-0.1220703125,-0.23193359375,-0.72021484375,-0.01220703125,0.9765625,0.10986328125,0.25634765625,0.1220703125,-0.30517578125,-0.244140625,-0.830078125,-0.048828125,-0.40283203125,0.32958984375,-0.68359375,0.537109375,-0.1220703125,-0.28076171875,-0.67138671875,0.5859375,-0.42724609375,-0.1953125,0.45166015625,0.7080078125,1.57470703125,-0.35400390625,0.50048828125,-0.09765625,-0.146484375,-0.15869140625,0.732421875,-0.244140625,0.6591796875,0.23193359375,0.42724609375,0.47607421875,0.537109375,0.0732421875,0.1708984375,0.32958984375,0.3173828125,0.1708984375,1.0986328125,0.09765625,0.29296875,-0.09765625,0.2685546875,0.2197265625,0.32958984375,0.2685546875,0.8056640625,0.146484375,0.0732421875,-0.2685546875,1.40380859375,-0.10986328125,-0.91552734375,0.35400390625,-0.29296875,-0.048828125,-0.927734375,0.1220703125,-0.76904296875,-0.09765625,-1.46484375,-0.03662109375,-0.25634765625,-0.18310546875,-0.25634765625,0.18310546875,-1.1962890625,0.1708984375,-1.06201171875,-0.2685546875,-0.84228515625,-0.08544921875,-0.81787109375,-0.146484375,-0.23193359375,-0.20751953125,-0.7080078125,-0.048828125,-1.4404296875,-0.08544921875,-0.98876953125,-0.03662109375,0.439453125,-0.01220703125,-0.0244140625,-0.01220703125,-0.4150390625,-0.06103515625,-0.25634765625,-0.2685546875,0,-0.15869140625,-0.01220703125,-0.146484375,0.87890625,-0.146484375,-0.390625,-0.29296875,-0.439453125
1,-0.01220703125,-0.35400390625,-0.23193359375,-0.2685546875,0.06103515625,-0.390625,-0.4150390625,-0.01220703125,0.146484375,-0.3173828125,0.01220703125,-1.20849609375,0.09765625,0.6591796875,-0.23193359375,-0.48828125,0.244140625,0.57373046875,-0.9521484375,0.7080078125,0.1708984375,1.84326171875,-0.25634765625,0.244140625,-0.2197265625,-0.10986328125,-0.18310546875,-0.72021484375,-0.01220703125,1.0009765625,0.1953125,0.25634765625,0.08544921875,-0.30517578125,-0.15869140625,-0.81787109375,-0.09765625,-0.42724609375,0.3662109375,-0.68359375,0.5126953125,-0.146484375,-0.2685546875,-0.67138671875,0.537109375,-0.42724609375,-0.18310546875,0.42724609375,0.68359375,1.7333984375,-0.28076171875,0.50048828125,0.06103515625,-0.15869140625,-0.10986328125,0.7568359375,-0.2197265625,0.6591796875,0.146484375,0.4638671875,0.4638671875,0.537109375,0.048828125,0.15869140625,0.390625,0.2685546875,0.08544921875,1.07421875,0.0732421875,0.28076171875,-0.03662109375,0.2197265625,0.23193359375,0.30517578125,0.244140625,0.830078125,0.13427734375,0.03662109375,-0.341796875,1.3916015625,-0.10986328125,-0.9033203125,0.439453125,-0.29296875,-0.03662109375,-0.927734375,0.13427734375,-0.7568359375,-0.1708984375,-1.45263671875,0,-0.244140625,-0.09765625,-0.28076171875,0.2685546875,-1.20849609375,0.18310546875,-1.0009765625,-0.25634765625,-0.81787109375,-0.1220703125,-0.79345703125,-0.20751953125,-0.1953125,-0.1708984375,-0.72021484375,0.01220703125,-1.42822265625,-0.09765625,-0.98876953125,-0.0732421875,0.4638671875,-0.0244140625,-0.01220703125,-0.03662109375,-0.40283203125,-0.09765625,-0.2685546875,-0.25634765625,-0.0732421875,-0.13427734375,-0.0244140625,-0.146484375,0.86669921875,-0.10986328125,-0.37841796875,-0.2685546875,-0.42724609375
1,0,-0.341796875,-0.25634765625,-0.2685546875,0.0732421875,-0.37841796875,-0.4150390625,0,0.10986328125,-0.341796875,0.01220703125,-1.23291015625,0.08544921875,0.634765625,-0.23193359375,-0.50048828125,0.10986328125,0.93994140625,-0.89111328125,1.08642578125,0.0244140625,2.3681640625,-0.244140625,0.537109375,-0.15869140625,-0.08544921875,-0.08544921875,-0.74462890625,0.03662109375,0.98876953125,0.1953125,0.25634765625,0.06103515625,-0.30517578125,-0.08544921875,-0.81787109375,-0.1220703125,-0.439453125,0.32958984375,-0.68359375,0.47607421875,-0.1953125,-0.23193359375,-0.67138671875,0.4150390625,-0.45166015625,-0.18310546875,0.40283203125,0.68359375,1.9287109375,-0.23193359375,0.5126953125,0.1953125,-0.15869140625,-0.01220703125,0.76904296875,-0.20751953125,0.67138671875,0.08544921875,0.47607421875,0.42724609375,0.537109375,0.0732421875,0.146484375,0.4150390625,0.244140625,0.0732421875,1.07421875,0.06103515625,0.28076171875,0,0.2197265625,0.23193359375,0.28076171875,0.23193359375,0.86669921875,0.146484375,0.048828125,-0.40283203125,1.3916015625,-0.06103515625,-0.89111328125,0.45166015625,-0.2685546875,-0.048828125,-0.93994140625,0.09765625,-0.74462890625,-0.18310546875,-1.4404296875,0,-0.2197265625,0.09765625,-0.28076171875,0.20751953125,-1.1962890625,0.18310546875,-0.9765625,-0.18310546875,-0.8056640625,-0.1953125,-0.78125,-0.25634765625,-0.18310546875,-0.1708984375,-0.72021484375,0.0732421875,-1.42822265625,-0.13427734375,-0.98876953125,-0.13427734375,0.45166015625,-0.0244140625,-0.0244140625,-0.0244140625,-0.42724609375,-0.08544921875,-0.29296875,-0.2197265625,-0.1953125,-0.10986328125,-0.0244140625,-0.146484375,0.87890625,-0.09765625,-0.390625,-0.2685546875,-0.42724609375
1,0.01220703125,-0.341796875,-0.2197265625,-0.25634765625,0.0732421875,-0.390625,-0.390625,0.01220703125,0.08544921875,-0.341796875,0.01220703125,-1.220703125,0.09765625,0.634765625,-0.244140625,-0.48828125,0.0244140625,1.42822265625,-0.830078125,1.5625,-0.146484375,3.076171875,-0.1953125,0.927734375,-0.09765625,-0.09765625,-0.0244140625,-0.732421875,0.0732421875,0.9765625,0.1708984375,0.25634765625,0.03662109375,-0.30517578125,-0.08544921875,-0.79345703125,-0.13427734375,-0.48828125,0.2685546875,-0.7080078125,0.390625,-0.23193359375,-0.244140625,-0.68359375,0.40283203125,-0.47607421875,-0.23193359375,0.37841796875,0.830078125,2.11181640625,-0.1708984375,0.5126953125,0.3173828125,-0.146484375,0.0732421875,0.7568359375,-0.15869140625,0.68359375,0.03662109375,0.5126953125,0.4150390625,0.537109375,0.09765625,0.146484375,0.37841796875,0.2197265625,0.0244140625,1.0498046875,0.01220703125,0.25634765625,0.0244140625,0.20751953125,0.244140625,0.29296875,0.2197265625,0.89111328125,0.09765625,0.0732421875,-0.40283203125,1.3671875,-0.048828125,-0.86669921875,0.37841796875,-0.25634765625,-0.08544921875,-0.927734375,0.0244140625,-0.732421875,-0.13427734375,-1.42822265625,-0.01220703125,-0.2197265625,0.2685546875,-0.29296875,0.08544921875,-1.20849609375,0.18310546875,-0.9521484375,-0.0732421875,-0.76904296875,-0.20751953125,-0.74462890625,-0.20751953125,-0.146484375,-0.08544921875,-0.72021484375,0.1220703125,-1.416015625,-0.18310546875,-0.98876953125,-0.20751953125,0.45166015625,-0.0244140625,-0.06103515625,0,-0.45166015625,-0.08544921875,-0.341796875,-0.25634765625,-0.341796875,-0.03662109375,-0.03662109375,-0.10986328125,0.86669921875,-0.1220703125,-0.40283203125,-0.2685546875,-0.439453125
0,0.0244140625,-0.32958984375,-0.2197265625,-0.244140625,0.06103515625,-0.37841796875,-0.35400390625,0.01220703125,0.09765625,-0.3173828125,0.03662109375,-1.18408203125,0.18310546875,0.68359375,-0.244140625,-0.439453125,-0.01220703125,2.0263671875,-0.7568359375,2.16064453125,-0.37841796875,3.9306640625,-0.15869140625,1.3916015625,-0.09765625,-0.09765625,0.0732421875,-0.72021484375,0.146484375,0.9765625,0.0732421875,0.2685546875,0,-0.28076171875,-0.1220703125,-0.79345703125,-0.13427734375,-0.50048828125,0.18310546875,-0.72021484375,0.28076171875,-0.2685546875,-0.1953125,-0.67138671875,0.29296875,-0.47607421875,-0.244140625,0.3662109375,0.8056640625,2.25830078125,-0.146484375,0.50048828125,0.42724609375,-0.15869140625,0.10986328125,0.76904296875,-0.146484375,0.67138671875,0.0244140625,0.50048828125,0.3662109375,0.537109375,0.10986328125,0.146484375,0.32958984375,0.18310546875,-0.06103515625,1.025390625,-0.01220703125,0.25634765625,0.01220703125,0.1953125,0.1953125,0.30517578125,0.18310546875,0.9521484375,0.08544921875,0.06103515625,-0.40283203125,1.3427734375,-0.0244140625,-0.87890625,0.29296875,-0.25634765625,-0.08544921875,-0.9521484375,-0.0244140625,-0.72021484375,-0.0732421875,-1.416015625,-0.03662109375,-0.1953125,0.45166015625,-0.32958984375,-0.0244140625,-1.18408203125,0.15869140625,-0.93994140625,-0.06103515625,-0.7568359375,-0.25634765625,-0.74462890625,-0.1953125,-0.15869140625,0.01220703125,-0.72021484375,0.10986328125,-1.416015625,-0.244140625,-0.9765625,-0.244140625,0.439453125,0.03662109375,-0.06103515625,0.0244140625,-0.45166015625,-0.03662109375,-0.35400390625,-0.20751953125,-0.439453125,-0.0244140625,-0.048828125,-0.1220703125,0.86669921875,-0.09765625,-0.42724609375,-0.2685546875,-0.45166015625
0,0.0244140625,-0.32958984375,-0.2685546875,-0.244140625,0.03662109375,-0.35400390625,-0.341796875,0.01220703125,0.09765625,-0.29296875,0.06103515625,-1.123046875,0.2685546875,0.74462890625,-0.20751953125,-0.390625,0.0244140625,2.685546875,-0.76904296875,2.74658203125,-0.47607421875,4.833984375,-0.18310546875,1.904296875,-0.0732421875,-0.1220703125,0.1220703125,-0.72021484375,0.2197265625,0.9765625,-0.06103515625,0.28076171875,-0.01220703125,-0.29296875,-0.20751953125,-0.79345703125,-0.146484375,-0.50048828125,0.06103515625,-0.7080078125,0.13427734375,-0.29296875,-0.1708984375,-0.67138671875,0.23193359375,-0.45166015625,-0.32958984375,0.37841796875,0.98876953125,2.34375,-0.146484375,0.50048828125,0.50048828125,-0.15869140625,0.146484375,0.76904296875,-0.146484375,0.7080078125,-0.0244140625,0.50048828125,0.35400390625,0.52490234375,0.06103515625,0.13427734375,0.341796875,0.1708984375,-0.09765625,1.03759765625,-0.0244140625,0.244140625,0.0244140625,0.20751953125,0.15869140625,0.341796875,0.10986328125,0.91552734375,0.08544921875,0.048828125,-0.37841796875,1.3427734375,-0.01220703125,-0.87890625,0.15869140625,-0.244140625,-0.1220703125,-0.9521484375,-0.0732421875,-0.72021484375,0,-1.416015625,-0.0732421875,-0.1708984375,0.6103515625,-0.35400390625,-0.1220703125,-1.18408203125,0.08544921875,-0.9521484375,-0.0244140625,-0.732421875,-0.2685546875,-0.732421875,-0.18310546875,-0.13427734375,0.09765625,-0.7080078125,0.08544921875,-1.416015625,-0.28076171875,-0.9765625,-0.30517578125,0.42724609375,-0.01220703125,-0.03662109375,-0.048828125,-0.42724609375,-0.10986328125,-0.35400390625,-0.3173828125,-0.50048828125,0.01220703125,-0.06103515625,-0.10986328125,0.84228515625,-0.13427734375,-0.4150390625,-0.2197265625,-0.4638671875
0,0.01220703125,-0.341796875,-0.25634765625,-0.244140625,0.0244140625,-0.3662109375,-0.341796875,0.01220703125,0.06103515625,-0.244140625,0.06103515625,-1.0986328125,0.20751953125,0.81787109375,-0.1953125,-0.3173828125,0.08544921875,3.30810546875,-0.79345703125,3.38134765625,-0.439453125,5.7373046875,-0.2197265625,2.40478515625,-0.048828125,-0.10986328125,0.13427734375,-0.69580078125,0.25634765625,0.98876953125,-0.15869140625,0.29296875,0.01220703125,-0.29296875,-0.244140625,-0.79345703125,-0.13427734375,-0.52490234375,-0.0244140625,-0.72021484375,0.03662109375,-0.30517578125,-0.15869140625,-0.69580078125,0.23193359375,-0.45166015625,-0.32958984375,0.390625,1.0498046875,2.35595703125,-0.18310546875,0.5126953125,0.5126953125,-0.13427734375,0.1708984375,0.76904296875,-0.1220703125,0.69580078125,-0.01220703125,0.50048828125,0.37841796875,0.52490234375,0.03662109375,0.13427734375,0.29296875,0.1708984375,-0.1953125,1.03759765625,-0.048828125,0.23193359375,0.0244140625,0.1953125,0.08544921875,0.3662109375,0.10986328125,0.93994140625,0.06103515625,0.048828125,-0.35400390625,1.35498046875,0,-0.9033203125,0.03662109375,-0.2197265625,-0.18310546875,-0.96435546875,-0.1220703125,-0.72021484375,0.09765625,-1.3916015625,-0.09765625,-0.1708984375,0.6103515625,-0.32958984375,-0.146484375,-1.1474609375,0.03662109375,-1.0009765625,-0.01220703125,-0.732421875,-0.20751953125,-0.732421875,-0.10986328125,-0.15869140625,0.18310546875,-0.72021484375,0.06103515625,-1.40380859375,-0.30517578125,-0.9765625,-0.35400390625,0.42724609375,0,0.0244140625,-0.0244140625,-0.390625,-0.09765625,-0.32958984375,-0.3662109375,-0.45166015625,0.01220703125,-0.06103515625,-0.13427734375,0.81787109375,-0.146484375,-0.4150390625,-0.18310546875,-0.4638671875
0,0.01220703125,-0.341796875,-0.1953125,-0.3173828125,0.01220703125,-0.3662109375,-0.32958984375,0.01220703125,0.048828125,-0.20751953125,0.10986328125,-1.0498046875,0.2197265625,0.86669921875,-0.1708984375,-0.2685546875,0.2197265625,3.91845703125,-0.74462890625,3.96728515625,-0.29296875,6.5673828125,-0.2197265625,2.89306640625,0.0244140625,-0.1220703125,0.10986328125,-0.7080078125,0.244140625,0.9765625,-0.2685546875,0.28076171875,0.06103515625,-0.29296875,-0.28076171875,-0.830078125,-0.146484375,-0.52490234375,-0.048828125,-0.72021484375,-0.03662109375,-0.3173828125,-0.15869140625,-0.68359375,0.15869140625,-0.4638671875,-0.341796875,0.4150390625,0.96435546875,2.33154296875,-0.1953125,0.52490234375,0.50048828125,-0.15869140625,0.13427734375,0.78125,-0.10986328125,0.69580078125,0.01220703125,0.47607421875,0.4150390625,0.52490234375,-0.06103515625,0.15869140625,0.20751953125,0.18310546875,-0.23193359375,1.06201171875,-0.09765625,0.244140625,0,0.1953125,0.01220703125,0.3662109375,0.09765625,0.927734375,0.06103515625,0.048828125,-0.35400390625,1.3427734375,-0.0244140625,-0.9033203125,-0.06103515625,-0.244140625,-0.18310546875,-0.9521484375,-0.1708984375,-0.72021484375,0.15869140625,-1.42822265625,-0.10986328125,-0.146484375,0.54931640625,-0.30517578125,-0.13427734375,-1.13525390625,-0.06103515625,-1.025390625,-0.0732421875,-0.72021484375,-0.15869140625,-0.72021484375,-0.08544921875,-0.146484375,0.23193359375,-0.74462890625,0.0244140625,-1.40380859375,-0.2685546875,-0.9765625,-0.3662109375,0.42724609375,0.0732421875,0.1220703125,0.0244140625,-0.3173828125,-0.06103515625,-0.29296875,-0.28076171875,-0.30517578125,0.01220703125,-0.048828125,-0.146484375,0.86669921875,-0.146484375,-0.439453125,-0.18310546875,-0.47607421875
0,0,-0.341796875,-0.244140625,-0.35400390625,0.0244140625,-0.390625,-0.32958984375,0.01220703125,0.0732421875,-0.1953125,0.1708984375,-1.01318359375,0.2197265625,0.9033203125,-0.10986328125,-0.25634765625,0.30517578125,4.45556640625,-0.72021484375,4.43115234375,-0.146484375,7.2265625,-0.23193359375,3.30810546875,0.06103515625,-0.146484375,0.0732421875,-0.7080078125,0.20751953125,0.9765625,-0.3173828125,0.29296875,0.06103515625,-0.32958984375,-0.28076171875,-0.8056640625,-0.1708984375,-0.52490234375,-0.048828125,-0.69580078125,-0.0244140625,-0.28076171875,-0.20751953125,-0.69580078125,0.1220703125,-0.45166015625,-0.35400390625,0.45166015625,0.9765625,2.294921875,-0.1953125,0.54931640625,0.37841796875,-0.146484375,0.03662109375,0.76904296875,-0.09765625,0.69580078125,0.08544921875,0.47607421875,0.439453125,0.54931640625,-0.09765625,0.1708984375,0.10986328125,0.1953125,-0.25634765625,1.07421875,-0.1220703125,0.2685546875,-0.03662109375,0.2197265625,-0.01220703125,0.37841796875,0.13427734375,0.86669921875,0.0732421875,0.048828125,-0.35400390625,1.3671875,-0.06103515625,-0.91552734375,-0.15869140625,-0.2685546875,-0.1708984375,-0.9521484375,-0.15869140625,-0.732421875,0.1953125,-1.42822265625,-0.146484375,-0.1953125,0.42724609375,-0.29296875,-0.09765625,-1.123046875,-0.1220703125,-1.0498046875,-0.09765625,-0.7080078125,-0.048828125,-0.7080078125,-0.0732421875,-0.1220703125,0.244140625,-0.72021484375,0.03662109375,-1.42822265625,-0.2197265625,-0.98876953125,-0.35400390625,0.40283203125,0.0244140625,0.2685546875,-0.03662109375,-0.1953125,-0.10986328125,-0.1953125,-0.35400390625,-0.09765625,0.01220703125,-0.03662109375,-0.13427734375,0.86669921875,-0.146484375,-0.40283203125,-0.20751953125,-0.4638671875
0,-0.048828125,-0.35400390625,-0.18310546875,-0.37841796875,0.01220703125,-0.37841796875,-0.3173828125,-0.01220703125,0.0732421875,-0.18310546875,0.23193359375,-1.025390625,0.20751953125,0.91552734375,-0.06103515625,-0.29296875,0.3662109375,4.84619140625,-0.634765625,4.7607421875,0.03662109375,7.70263671875,-0.20751953125,3.61328125,0.09765625,-0.13427734375,0.01220703125,-0.72021484375,0.1220703125,0.9765625,-0.32958984375,0.2685546875,0.0244140625,-0.341796875,-0.28076171875,-0.84228515625,-0.18310546875,-0.48828125,-0.06103515625,-0.68359375,0.06103515625,-0.244140625,-0.2197265625,-0.69580078125,0.146484375,-0.439453125,-0.4150390625,0.4638671875,0.830078125,2.24609375,-0.1953125,0.537109375,0.244140625,-0.15869140625,-0.1220703125,0.78125,-0.048828125,0.64697265625,0.13427734375,0.439453125,0.4638671875,0.54931640625,-0.09765625,0.18310546875,0,0.20751953125,-0.30517578125,1.07421875,-0.1708984375,0.28076171875,-0.0732421875,0.23193359375,-0.0732421875,0.390625,0.09765625,0.86669921875,0.1220703125,0.06103515625,-0.32958984375,1.3427734375,-0.13427734375,-0.9033203125,-0.146484375,-0.28076171875,-0.1220703125,-0.9521484375,-0.1220703125,-0.74462890625,0.20751953125,-1.45263671875,-0.1220703125,-0.18310546875,0.25634765625,-0.25634765625,-0.08544921875,-1.123046875,-0.13427734375,-1.03759765625,-0.13427734375,-0.67138671875,0.08544921875,-0.7080078125,0,-0.10986328125,0.1953125,-0.72021484375,0.048828125,-1.42822265625,-0.146484375,-1.0009765625,-0.29296875,0.4150390625,0.01220703125,0.4150390625,-0.048828125,-0.048828125,-0.1220703125,-0.08544921875,-0.40283203125,0.1220703125,0.03662109375,-0.01220703125,-0.13427734375,0.89111328125,-0.13427734375,-0.4150390625,-0.18310546875,-0.4638671875
0,-0.0732421875,-0.3662109375,-0.15869140625,-0.37841796875,0.01220703125,-0.40283203125,-0.3173828125,-0.01220703125,0.06103515625,-0.18310546875,0.28076171875,-1.06201171875,0.15869140625,0.86669921875,-0.0244140625,-0.32958984375,0.390625,5.078125,-0.5615234375,4.94384765625,0.18310546875,7.94677734375,-0.1708984375,3.80859375,0.0732421875,-0.1220703125,-0.0732421875,-0.732421875,-0.01220703125,0.96435546875,-0.341796875,0.2685546875,-0.048828125,-0.32958984375,-0.23193359375,-0.81787109375,-0.18310546875,-0.47607421875,0.01220703125,-0.68359375,0.1953125,-0.2197265625,-0.2685546875,-0.732421875,0.1708984375,-0.439453125,-0.32958984375,0.48828125,0.84228515625,2.1484375,-0.18310546875,0.52490234375,0.0732421875,-0.146484375,-0.2197265625,0.7568359375,-0.01220703125,0.6591796875,0.2197265625,0.45166015625,0.4638671875,0.5615234375,-0.10986328125,0.1708984375,-0.1220703125,0.23193359375,-0.28076171875,1.08642578125,-0.15869140625,0.29296875,-0.09765625,0.23193359375,-0.09765625,0.3662109375,0.0732421875,0.830078125,0.15869140625,0.0732421875,-0.3173828125,1.3427734375,-0.15869140625,-0.91552734375,-0.09765625,-0.29296875,-0.06103515625,-0.96435546875,-0.048828125,-0.7568359375,0.18310546875,-1.46484375,-0.10986328125,-0.1953125,0.09765625,-0.244140625,-0.10986328125,-1.13525390625,-0.146484375,-1.0009765625,-0.23193359375,-0.634765625,0.1708984375,-0.69580078125,0,-0.0732421875,0.15869140625,-0.72021484375,0.048828125,-1.4404296875,-0.03662109375,-1.01318359375,-0.2197265625,0.4150390625,0.0732421875,0.59814453125,-0.01220703125,0.10986328125,-0.0732421875,0.0244140625,-0.28076171875,0.3173828125,0.03662109375,0,-0.13427734375,0.89111328125,-0.146484375,-0.390625,-0.18310546875,-0.42724609375
0,-0.09765625,-0.37841796875,-0.1708984375,-0.3662109375,-0.0244140625,-0.4150390625,-0.341796875,-0.01220703125,0.06103515625,-0.23193359375,0.32958984375,-1.123046875,0.244140625,0.84228515625,-0.0244140625,-0.3662109375,0.390625,5.11474609375,-0.4150390625,4.94384765625,0.2685546875,7.8857421875,-0.10986328125,3.8330078125,0.048828125,-0.13427734375,-0.10986328125,-0.732421875,-0.1220703125,0.96435546875,-0.3173828125,0.25634765625,-0.1708984375,-0.32958984375,-0.23193359375,-0.81787109375,-0.1953125,-0.439453125,0.0732421875,-0.68359375,0.341796875,-0.1953125,-0.25634765625,-0.7080078125,0.23193359375,-0.4150390625,-0.3173828125,0.50048828125,0.96435546875,2.099609375,-0.15869140625,0.52490234375,-0.03662109375,-0.15869140625,-0.29296875,0.78125,-0.01220703125,0.64697265625,0.28076171875,0.45166015625,0.47607421875,0.54931640625,-0.13427734375,0.15869140625,-0.23193359375,0.244140625,-0.25634765625,1.0986328125,-0.1708984375,0.30517578125,-0.10986328125,0.244140625,-0.13427734375,0.3662109375,0.08544921875,0.79345703125,0.1953125,0.09765625,-0.3662109375,1.3671875,-0.18310546875,-0.9033203125,-0.01220703125,-0.29296875,-0.0244140625,-0.9765625,-0.0244140625,-0.7568359375,0.146484375,-1.4892578125,-0.10986328125,-0.23193359375,-0.03662109375,-0.2197265625,-0.15869140625,-1.123046875,-0.09765625,-0.9521484375,-0.244140625,-0.59814453125,0.1953125,-0.7080078125,0.01220703125,-0.01220703125,0.048828125,-0.69580078125,0.048828125,-1.4404296875,0.048828125,-1.01318359375,-0.15869140625,0.4150390625,0.03662109375,0.732421875,-0.048828125,0.25634765625,-0.10986328125,0.13427734375,-0.3173828125,0.5126953125,0.03662109375,0.01220703125,-0.13427734375,0.87890625,-0.13427734375,-0.40283203125,-0.15869140625,-0.4150390625
0,-0.1220703125,-0.3662109375,-0.1708984375,-0.32958984375,-0.03662109375,-0.42724609375,-0.341796875,0.01220703125,0.048828125,-0.244140625,0.35400390625,-1.171875,0.25634765625,0.8056640625,-0.0244140625,-0.40283203125,0.3662109375,4.94384765625,-0.30517578125,4.736328125,0.29296875,7.6171875,-0.048828125,3.7109375,-0.01220703125,-0.15869140625,-0.18310546875,-0.74462890625,-0.1953125,0.9521484375,-0.2197265625,0.244140625,-0.2685546875,-0.32958984375,-0.1953125,-0.81787109375,-0.18310546875,-0.42724609375,0.1708984375,-0.67138671875,0.4150390625,-0.18310546875,-0.2197265625,-0.68359375,0.1953125,-0.40283203125,-0.1953125,0.5126953125,0.84228515625,2.01416015625,-0.13427734375,0.52490234375,-0.15869140625,-0.18310546875,-0.341796875,0.7568359375,0.01220703125,0.64697265625,0.2685546875,0.45166015625,0.42724609375,0.5615234375,-0.1953125,0.146484375,-0.341796875,0.29296875,-0.2197265625,1.0986328125,-0.18310546875,0.3173828125,-0.13427734375,0.25634765625,-0.1708984375,0.32958984375,0.048828125,0.8056640625,0.20751953125,0.08544921875,-0.341796875,1.3916015625,-0.1953125,-0.91552734375,0.10986328125,-0.32958984375,0.048828125,-0.9765625,0.01220703125,-0.76904296875,0.0732421875,-1.513671875,-0.15869140625,-0.25634765625,-0.0732421875,-0.23193359375,-0.25634765625,-1.13525390625,-0.0244140625,-0.89111328125,-0.244140625,-0.5615234375,0.20751953125,-0.67138671875,0.0244140625,0.01220703125,-0.10986328125,-0.72021484375,0.03662109375,-1.46484375,0.10986328125,-1.025390625,-0.10986328125,0.42724609375,0.048828125,0.86669921875,-0.06103515625,0.439453125,-0.1220703125,0.244140625,-0.3173828125,0.634765625,0.01220703125,0,-0.1220703125,0.86669921875,-0.13427734375,-0.42724609375,-0.1708984375,-0.4150390625
0,-0.1220703125,-0.3662109375,-0.18310546875,-0.2685546875,-0.06103515625,-0.40283203125,-0.3173828125,0.0244140625,0.0244140625,-0.25634765625,0.341796875,-1.20849609375,0.28076171875,0.86669921875,-0.01220703125,-0.4150390625,0.3173828125,4.60205078125,-0.18310546875,4.3701171875,0.244140625,7.1044921875,0.01220703125,3.40576171875,-0.06103515625,-0.13427734375,-0.20751953125,-0.76904296875,-0.23193359375,0.9521484375,-0.146484375,0.244140625,-0.29296875,-0.30517578125,-0.13427734375,-0.81787109375,-0.1708984375,-0.42724609375,0.244140625,-0.68359375,0.5126953125,-0.1708984375,-0.15869140625,-0.68359375,0.2197265625,-0.40283203125,-0.146484375,0.52490234375,0.8056640625,1.953125,-0.09765625,0.48828125,-0.23193359375,-0.1953125,-0.3662109375,0.76904296875,0.0244140625,0.64697265625,0.23193359375,0.47607421875,0.29296875,0.54931640625,-0.20751953125,0.13427734375,-0.439453125,0.29296875,-0.1953125,1.08642578125,-0.1953125,0.30517578125,-0.146484375,0.25634765625,-0.1953125,0.341796875,0.06103515625,0.79345703125,0.1953125,0.09765625,-0.3173828125,1.40380859375,-0.18310546875,-0.9033203125,0.20751953125,-0.35400390625,0.09765625,-0.98876953125,0.0244140625,-0.79345703125,0.0244140625,-1.5380859375,-0.2197265625,-0.28076171875,0.01220703125,-0.23193359375,-0.32958984375,-1.123046875,0.01220703125,-0.8056640625,-0.18310546875,-0.5615234375,0.1220703125,-0.64697265625,0.048828125,0.048828125,-0.23193359375,-0.74462890625,-0.01220703125,-1.47705078125,0.13427734375,-1.025390625,-0.09765625,0.42724609375,0.10986328125,1.025390625,0.01220703125,0.5859375,-0.048828125,0.35400390625,-0.2197265625,0.7080078125,-0.0244140625,0,-0.13427734375,0.830078125,-0.10986328125,-0.4150390625,-0.1708984375,-0.4150390625
0,-0.1220703125,-0.35400390625,-0.15869140625,-0.20751953125,-0.09765625,-0.4150390625,-0.30517578125,0.01220703125,0.0244140625,-0.28076171875,0.3173828125,-1.1962890625,0.30517578125,1.01318359375,0,-0.4150390625,0.20751953125,4.052734375,-0.0732421875,3.82080078125,0.146484375,6.3720703125,0.09765625,2.96630859375,-0.08544921875,-0.13427734375,-0.2197265625,-0.7568359375,-0.1708984375,0.93994140625,-0.09765625,0.244140625,-0.2685546875,-0.29296875,-0.06103515625,-0.81787109375,-0.146484375,-0.45166015625,0.30517578125,-0.68359375,0.537109375,-0.18310546875,-0.06103515625,-0.68359375,0.2197265625,-0.42724609375,-0.146484375,0.48828125,0.8056640625,1.904296875,-0.01220703125,0.50048828125,-0.2685546875,-0.1708984375,-0.35400390625,0.7568359375,0.0732421875,0.6591796875,0.1708984375,0.50048828125,0.1708984375,0.537109375,-0.2685546875,0.1220703125,-0.439453125,0.30517578125,-0.1953125,1.07421875,-0.18310546875,0.28076171875,-0.13427734375,0.25634765625,-0.2197265625,0.3173828125,0.048828125,0.79345703125,0.18310546875,0.09765625,-0.28076171875,1.40380859375,-0.13427734375,-0.927734375,0.28076171875,-0.341796875,0.08544921875,-0.9765625,0.048828125,-0.78125,0,-1.5380859375,-0.25634765625,-0.28076171875,0.18310546875,-0.2685546875,-0.3662109375,-1.13525390625,0.0732421875,-0.7568359375,-0.08544921875,-0.50048828125,0.01220703125,-0.634765625,0.048828125,0.06103515625,-0.32958984375,-0.72021484375,-0.0732421875,-1.45263671875,0.1220703125,-1.0009765625,-0.09765625,0.45166015625,0.03662109375,1.1474609375,-0.03662109375,0.72021484375,-0.1220703125,0.4150390625,-0.341796875,0.732421875,-0.0244140625,-0.0244140625,-0.13427734375,0.81787109375,-0.10986328125,-0.439453125,-0.15869140625,-0.42724609375
0,-0.13427734375,-0.341796875,-0.1220703125,-0.146484375,-0.146484375,-0.4150390625,-0.2685546875,0.01220703125,-0.01220703125,-0.23193359375,0.2685546875,-1.15966796875,0.28076171875,1.2939453125,-0.01220703125,-0.37841796875,0.146484375,3.369140625,-0.0244140625,3.1982421875,0.048828125,5.52978515625,0.1708984375,2.4169921875,-0.13427734375,-0.13427734375,-0.1953125,-0.76904296875,-0.1220703125,0.927734375,-0.01220703125,0.25634765625,-0.20751953125,-0.28076171875,-0.01220703125,-0.81787109375,-0.0732421875,-0.42724609375,0.3173828125,-0.68359375,0.537109375,-0.1953125,-0.01220703125,-0.6591796875,0.20751953125,-0.42724609375,-0.1708984375,0.4638671875,0.68359375,1.85546875,0,0.47607421875,-0.25634765625,-0.18310546875,-0.30517578125,0.74462890625,0.13427734375,0.6591796875,0.15869140625,0.48828125,0.08544921875,0.52490234375,-0.29296875,0.13427734375,-0.439453125,0.30517578125,-0.09765625,1.07421875,-0.1953125,0.25634765625,-0.1220703125,0.244140625,-0.20751953125,0.30517578125,0.048828125,0.830078125,0.1708984375,0.06103515625,-0.1953125,1.40380859375,-0.09765625,-0.91552734375,0.29296875,-0.341796875,0.048828125,-0.96435546875,0.10986328125,-0.79345703125,-0.01220703125,-1.5380859375,-0.3173828125,-0.30517578125,0.3173828125,-0.29296875,-0.3662109375,-1.15966796875,0.09765625,-0.74462890625,-0.0244140625,-0.48828125,-0.09765625,-0.634765625,0.048828125,0.06103515625,-0.3173828125,-0.7080078125,-0.13427734375,-1.45263671875,0.0732421875,-0.98876953125,-0.1220703125,0.47607421875,0.03662109375,1.28173828125,-0.0244140625,0.830078125,-0.10986328125,0.47607421875,-0.3662109375,0.74462890625,-0.0244140625,-0.0732421875,-0.10986328125,0.79345703125,-0.09765625,-0.42724609375,-0.18310546875,-0.439453125
0,-0.1220703125,-0.32958984375,-0.15869140625,-0.1220703125,-0.146484375,-0.390625,-0.2197265625,0.0244140625,0,-0.15869140625,0.18310546875,-1.06201171875,0.28076171875,1.66015625,-0.0244140625,-0.28076171875,0.03662109375,2.57568359375,0.048828125,2.5146484375,-0.08544921875,4.6142578125,0.20751953125,1.7822265625,-0.1953125,-0.1220703125,-0.18310546875,-0.78125,-0.0244140625,0.93994140625,0.06103515625,0.25634765625,-0.13427734375,-0.2685546875,0.01220703125,-0.81787109375,-0.01220703125,-0.45166015625,0.3173828125,-0.7080078125,0.54931640625,-0.20751953125,0.03662109375,-0.64697265625,0.2197265625,-0.42724609375,-0.1953125,0.42724609375,0.8056640625,1.7822265625,0.048828125,0.48828125,-0.1953125,-0.18310546875,-0.30517578125,0.74462890625,0.0732421875,0.69580078125,0.20751953125,0.48828125,0.0244140625,0.5126953125,-0.341796875,0.1220703125,-0.48828125,0.32958984375,-0.048828125,1.0498046875,-0.2197265625,0.244140625,-0.08544921875,0.25634765625,-0.244140625,0.30517578125,0.10986328125,0.81787109375,0.13427734375,0.06103515625,-0.08544921875,1.40380859375,-0.048828125,-0.93994140625,0.25634765625,-0.32958984375,-0.01220703125,-0.96435546875,0.1220703125,-0.78125,0,-1.5380859375,-0.341796875,-0.30517578125,0.439453125,-0.3173828125,-0.32958984375,-1.171875,0.08544921875,-0.76904296875,0.048828125,-0.5126953125,-0.20751953125,-0.6591796875,0.03662109375,0.0244140625,-0.2685546875,-0.7080078125,-0.2197265625,-1.45263671875,-0.0244140625,-0.98876953125,-0.13427734375,0.4638671875,0.06103515625,1.3671875,-0.0244140625,0.93994140625,-0.10986328125,0.54931640625,-0.40283203125,0.7080078125,-0.0244140625,-0.0732421875,-0.1220703125,0.78125,-0.10986328125,-0.45166015625,-0.23193359375,-0.45166015625
0,-0.1220703125,-0.3173828125,-0.15869140625,-0.08544921875,-0.146484375,-0.3662109375,-0.1953125,0,-0.048828125,-0.03662109375,0.09765625,-0.927734375,0.25634765625,2.13623046875,0,-0.10986328125,0,1.77001953125,0.01220703125,1.79443359375,-0.2197265625,3.6376953125,0.15869140625,1.1474609375,-0.20751953125,-0.10986328125,-0.13427734375,-0.76904296875,0.13427734375,0.9521484375,0.0732421875,0.2685546875,-0.0732421875,-0.28076171875,0.03662109375,-0.830078125,0.0732421875,-0.47607421875,0.29296875,-0.69580078125,0.54931640625,-0.23193359375,0.01220703125,-0.67138671875,0.10986328125,-0.42724609375,-0.23193359375,0.4150390625,0.86669921875,1.72119140625,0.03662109375,0.48828125,-0.09765625,-0.18310546875,-0.35400390625,0.7568359375,0.03662109375,0.69580078125,0.28076171875,0.47607421875,0.03662109375,0.52490234375,-0.390625,0.1220703125,-0.537109375,0.30517578125,0.01220703125,1.0498046875,-0.23193359375,0.2197265625,-0.08544921875,0.23193359375,-0.2685546875,0.3173828125,0.13427734375,0.8544921875,0.1220703125,0.06103515625,0,1.40380859375,-0.08544921875,-0.96435546875,0.20751953125,-0.3173828125,-0.06103515625,-0.93994140625,0.146484375,-0.7568359375,0.03662109375,-1.50146484375,-0.3173828125,-0.28076171875,0.48828125,-0.341796875,-0.28076171875,-1.18408203125,0.1220703125,-0.8544921875,0.0732421875,-0.5126953125,-0.25634765625,-0.67138671875,0.0244140625,-0.01220703125,-0.13427734375,-0.7080078125,-0.29296875,-1.4404296875,-0.10986328125,-1.0009765625,-0.10986328125,0.4638671875,0.06103515625,1.4404296875,-0.03662109375,1.01318359375,-0.08544921875,0.57373046875,-0.40283203125,0.72021484375,-0.0244140625,-0.09765625,-0.1220703125,0.79345703125,-0.10986328125,-0.45166015625,-0.25634765625,-0.48828125
1,-0.1220703125,-0.32958984375,-0.18310546875,-0.0732421875,-0.1708984375,-0.40283203125,-0.18310546875,-0.01220703125,-0.10986328125,0.15869140625,0.06103515625,-0.74462890625,0.15869140625,2.69775390625,0,0.1220703125,0.0244140625,0.93994140625,-0.08544921875,1.0986328125,-0.2685546875,2.7099609375,0.08544921875,0.5126953125,-0.1953125,-0.1220703125,-0.08544921875,-0.76904296875,0.23193359375,0.927734375,0.08544921875,0.29296875,-0.048828125,-0.25634765625,0.09765625,-0.84228515625,0.10986328125,-0.4638671875,0.244140625,-0.7080078125,0.50048828125,-0.25634765625,-0.01220703125,-0.69580078125,0.15869140625,-0.439453125,-0.3173828125,0.4150390625,0.91552734375,1.67236328125,0.01220703125,0.50048828125,0,-0.146484375,-0.32958984375,0.7568359375,-0.048828125,0.7080078125,0.2197265625,0.4638671875,0.09765625,0.52490234375,-0.341796875,0.146484375,-0.54931640625,0.29296875,0.06103515625,1.0498046875,-0.2197265625,0.23193359375,-0.0732421875,0.20751953125,-0.23193359375,0.3173828125,0.18310546875,0.86669921875,0.08544921875,0.03662109375,0.1220703125,1.3916015625,-0.0732421875,-0.98876953125,0.1708984375,-0.3173828125,-0.09765625,-0.927734375,0.146484375,-0.76904296875,0.048828125,-1.47705078125,-0.244140625,-0.25634765625,0.537109375,-0.341796875,-0.18310546875,-1.18408203125,0.13427734375,-0.93994140625,0.0732421875,-0.5615234375,-0.28076171875,-0.72021484375,-0.01220703125,-0.06103515625,0.01220703125,-0.72021484375,-0.3173828125,-1.42822265625,-0.20751953125,-1.0009765625,-0.10986328125,0.45166015625,0.0732421875,1.4892578125,-0.048828125,1.06201171875,-0.08544921875,0.5615234375,-0.40283203125,0.76904296875,-0.048828125,-0.08544921875,-0.10986328125,0.78125,-0.1220703125,-0.45166015625,-0.23193359375,-0.48828125
1,-0.15869140625,-0.30517578125,-0.146484375,-0.06103515625,-0.10986328125,-0.390625,-0.15869140625,0.01220703125,-0.1953125,0.3662109375,0.01220703125,-0.52490234375,0.09765625,3.33251953125,-0.01220703125,0.35400390625,0.01220703125,0.2197265625,-0.13427734375,0.439453125,-0.29296875,1.86767578125,-0.06103515625,-0.06103515625,-0.146484375,-0.1220703125,-0.03662109375,-0.74462890625,0.29296875,0.927734375,0.08544921875,0.2685546875,0,-0.25634765625,0.1220703125,-0.830078125,0.08544921875,-0.48828125,0.1953125,-0.72021484375,0.42724609375,-0.244140625,-0.048828125,-0.72021484375,0.18310546875,-0.439453125,-0.35400390625,0.40283203125,0.96435546875,1.62353515625,-0.0244140625,0.5126953125,0.048828125,-0.13427734375,-0.2685546875,0.79345703125,-0.0732421875,0.72021484375,0.23193359375,0.4638671875,0.1708984375,0.52490234375,-0.28076171875,0.15869140625,-0.48828125,0.2685546875,0.1220703125,1.0498046875,-0.1708984375,0.20751953125,-0.03662109375,0.20751953125,-0.2197265625,0.32958984375,0.15869140625,0.8544921875,0.08544921875,0.0244140625,0.15869140625,1.3671875,-0.10986328125,-0.9765625,0.13427734375,-0.29296875,-0.146484375,-0.93994140625,0.09765625,-0.7568359375,0.048828125,-1.4892578125,-0.15869140625,-0.244140625,0.52490234375,-0.341796875,-0.0244140625,-1.18408203125,0.23193359375,-1.0498046875,0.06103515625,-0.62255859375,-0.25634765625,-0.74462890625,-0.0732421875,-0.10986328125,0.1220703125,-0.732421875,-0.28076171875,-1.4404296875,-0.25634765625,-0.96435546875,-0.146484375,0.45166015625,0.0732421875,1.4892578125,-0.06103515625,1.0986328125,-0.08544921875,0.57373046875,-0.40283203125,0.830078125,-0.06103515625,-0.0732421875,-0.10986328125,0.78125,-0.146484375,-0.439453125,-0.23193359375,-0.50048828125
1,-0.146484375,-0.3173828125,-0.15869140625,-0.08544921875,-0.09765625,-0.390625,-0.15869140625,0,-0.25634765625,0.5615234375,-0.01220703125,-0.3173828125,0.1708984375,3.96728515625,-0.0244140625,0.6103515625,-0.01220703125,-0.40283203125,-0.1953125,-0.0732421875,-0.244140625,1.1962890625,-0.23193359375,-0.52490234375,-0.06103515625,-0.1220703125,0,-0.74462890625,0.29296875,0.93994140625,0.06103515625,0.29296875,0.03662109375,-0.25634765625,0.1220703125,-0.84228515625,0.03662109375,-0.47607421875,0.13427734375,-0.72021484375,0.32958984375,-0.25634765625,-0.06103515625,-0.72021484375,0.0732421875,-0.40283203125,-0.42724609375,0.42724609375,0.9765625,1.611328125,-0.08544921875,0.54931640625,0.048828125,-0.146484375,-0.244140625,0.8056640625,-0.09765625,0.69580078125,0.23193359375,0.45166015625,0.28076171875,0.52490234375,-0.2197265625,0.18310546875,-0.42724609375,0.2685546875,0.1220703125,1.07421875,-0.146484375,0.1953125,-0.048828125,0.1953125,-0.1708984375,0.341796875,0.146484375,0.87890625,0.08544921875,0,0.18310546875,1.3916015625,-0.18310546875,-0.98876953125,0.1220703125,-0.30517578125,-0.146484375,-0.93994140625,-0.0244140625,-0.76904296875,0.0732421875,-1.47705078125,-0.08544921875,-0.25634765625,0.439453125,-0.32958984375,0.1220703125,-1.171875,0.23193359375,-1.123046875,0,-0.634765625,-0.1708984375,-0.76904296875,-0.146484375,-0.146484375,0.1953125,-0.7080078125,-0.1708984375,-1.416015625,-0.2685546875,-0.98876953125,-0.1708984375,0.45166015625,0.08544921875,1.4892578125,-0.0732421875,1.11083984375,-0.10986328125,0.57373046875,-0.390625,0.87890625,-0.0732421875,-0.08544921875,-0.08544921875,0.81787109375,-0.15869140625,-0.439453125,-0.25634765625,-0.50048828125
1,-0.18310546875,-0.341796875,-0.0732421875,-0.1220703125,-0.0732421875,-0.4150390625,-0.1708984375,0.01220703125,-0.29296875,0.7568359375,0,-0.10986328125,0.23193359375,4.541015625,0.01220703125,0.830078125,0,-0.89111328125,-0.23193359375,-0.48828125,-0.2197265625,0.634765625,-0.390625,-0.87890625,0.0244140625,-0.10986328125,0.01220703125,-0.732421875,0.244140625,0.9521484375,0.06103515625,0.28076171875,0.06103515625,-0.29296875,0.1220703125,-0.84228515625,-0.0244140625,-0.48828125,0.09765625,-0.732421875,0.20751953125,-0.244140625,-0.09765625,-0.74462890625,0.048828125,-0.40283203125,-0.4638671875,0.439453125,0.96435546875,1.64794921875,-0.13427734375,0.537109375,0.048828125,-0.1708984375,-0.244140625,0.79345703125,-0.1220703125,0.68359375,0.3662109375,0.4150390625,0.35400390625,0.54931640625,-0.1220703125,0.1708984375,-0.341796875,0.28076171875,0.10986328125,1.08642578125,-0.08544921875,0.23193359375,-0.0732421875,0.23193359375,-0.10986328125,0.32958984375,0.18310546875,0.8544921875,0.0732421875,0.01220703125,0.2197265625,1.3671875,-0.25634765625,-0.9521484375,0.1220703125,-0.3173828125,-0.10986328125,-0.91552734375,-0.146484375,-0.76904296875,0.09765625,-1.4892578125,0.01220703125,-0.23193359375,0.3662109375,-0.29296875,0.23193359375,-1.18408203125,0.244140625,-1.20849609375,-0.0244140625,-0.64697265625,-0.06103515625,-0.79345703125,-0.2197265625,-0.1708984375,0.1953125,-0.7080078125,-0.03662109375,-1.45263671875,-0.25634765625,-0.9765625,-0.1953125,0.45166015625,0.0732421875,1.4404296875,-0.0732421875,1.0986328125,-0.08544921875,0.5615234375,-0.4150390625,0.93994140625,-0.048828125,-0.03662109375,-0.08544921875,0.8056640625,-0.1708984375,-0.439453125,-0.2685546875,-0.50048828125
1,-0.1953125,-0.32958984375,-0.0244140625,-0.15869140625,-0.06103515625,-0.4150390625,-0.1708984375,0.01220703125,-0.3173828125,0.96435546875,0.048828125,0.03662109375,0.23193359375,5.029296875,0,1.025390625,-0.0732421875,-1.20849609375,-0.15869140625,-0.78125,-0.244140625,0.28076171875,-0.5126953125,-1.11083984375,0.1220703125,-0.146484375,0.0244140625,-0.72021484375,0.13427734375,0.93994140625,0.03662109375,0.2685546875,0.09765625,-0.30517578125,0.10986328125,-0.830078125,-0.08544921875,-0.50048828125,0.048828125,-0.72021484375,0.08544921875,-0.2197265625,-0.15869140625,-0.732421875,-0.1220703125,-0.40283203125,-0.42724609375,0.4638671875,0.91552734375,1.6845703125,-0.18310546875,0.537109375,0.01220703125,-0.15869140625,-0.3173828125,0.8056640625,-0.1220703125,0.68359375,0.3662109375,0.45166015625,0.45166015625,0.537109375,-0.06103515625,0.1708984375,-0.20751953125,0.25634765625,0.146484375,1.07421875,-0.03662109375,0.2197265625,-0.10986328125,0.23193359375,-0.048828125,0.32958984375,0.146484375,0.830078125,0.08544921875,0.0244140625,0.2197265625,1.35498046875,-0.3662109375,-0.9765625,0.08544921875,-0.32958984375,-0.10986328125,-0.93994140625,-0.2685546875,-0.7568359375,0.0732421875,-1.50146484375,0.0732421875,-0.25634765625,0.28076171875,-0.29296875,0.28076171875,-1.18408203125,0.20751953125,-1.20849609375,-0.10986328125,-0.6591796875,0.01220703125,-0.78125,-0.28076171875,-0.18310546875,0.1708984375,-0.7080078125,0.1220703125,-1.4404296875,-0.1953125,-0.98876953125,-0.2197265625,0.4150390625,0.0732421875,1.40380859375,-0.06103515625,1.08642578125,-0.08544921875,0.537109375,-0.35400390625,0.96435546875,-0.03662109375,-0.0244140625,-0.0732421875,0.81787109375,-0.1708984375,-0.42724609375,-0.2685546875,-0.5126953125
1,-0.20751953125,-0.35400390625,-0.09765625,-0.18310546875,-0.0732421875,-0.4150390625,-0.18310546875,0.01220703125,-0.30517578125,1.11083984375,0.08544921875,0.1708984375,0.23193359375,5.43212890625,-0.01220703125,1.15966796875,-0.10986328125,-1.40380859375,-0.13427734375,-0.91552734375,-0.28076171875,0.10986328125,-0.54931640625,-1.23291015625,0.1220703125,-0.146484375,0.01220703125,-0.74462890625,0,0.9765625,0.0244140625,0.2685546875,0.10986328125,-0.29296875,0.1220703125,-0.830078125,-0.1708984375,-0.48828125,0.01220703125,-0.72021484375,-0.01220703125,-0.1953125,-0.2197265625,-0.72021484375,-0.18310546875,-0.40283203125,-0.42724609375,0.48828125,0.93994140625,1.74560546875,-0.244140625,0.52490234375,-0.0732421875,-0.146484375,-0.390625,0.81787109375,-0.09765625,0.6591796875,0.32958984375,0.47607421875,0.5859375,0.537109375,-0.0244140625,0.146484375,-0.06103515625,0.25634765625,0.1220703125,1.06201171875,-0.0244140625,0.244140625,-0.10986328125,0.25634765625,0.0244140625,0.341796875,0.1708984375,0.84228515625,0.10986328125,0.0244140625,0.18310546875,1.3671875,-0.439453125,-0.96435546875,0.0732421875,-0.341796875,-0.146484375,-0.9521484375,-0.341796875,-0.76904296875,0.08544921875,-1.52587890625,0.1220703125,-0.244140625,0.25634765625,-0.28076171875,0.2685546875,-1.171875,0.13427734375,-1.1474609375,-0.13427734375,-0.6591796875,0.048828125,-0.76904296875,-0.30517578125,-0.15869140625,0.15869140625,-0.7080078125,0.1953125,-1.45263671875,-0.15869140625,-1.0009765625,-0.244140625,0.42724609375,0.09765625,1.35498046875,-0.048828125,1.06201171875,-0.0732421875,0.50048828125,-0.28076171875,0.9521484375,-0.01220703125,-0.01220703125,-0.048828125,0.84228515625,-0.18310546875,-0.4150390625,-0.28076171875,-0.47607421875
1,-0.1953125,-0.35400390625,-0.08544921875,-0.23193359375,-0.10986328125,-0.40283203125,-0.18310546875,0,-0.2685546875,1.23291015625,0.1220703125,0.25634765625,0.18310546875,5.712890625,-0.0244140625,1.23291015625,-0.146484375,-1.45263671875,-0.0732421875,-0.96435546875,-0.32958984375,0.0732421875,-0.50048828125,-1.25732421875,0.1220703125,-0.146484375,0.01220703125,-0.74462890625,-0.1220703125,0.9765625,0.01220703125,0.2685546875,0.06103515625,-0.30517578125,0.09765625,-0.81787109375,-0.18310546875,-0.48828125,-0.0244140625,-0.72021484375,-0.048828125,-0.1953125,-0.20751953125,-0.69580078125,-0.3173828125,-0.40283203125,-0.37841796875,0.48828125,0.87890625,1.84326171875,-0.23193359375,0.52490234375,-0.15869140625,-0.13427734375,-0.50048828125,0.79345703125,-0.03662109375,0.6591796875,0.28076171875,0.48828125,0.7568359375,0.537109375,-0.03662109375,0.1708984375,0.0732421875,0.25634765625,0.146484375,1.06201171875,0.01220703125,0.2685546875,-0.1220703125,0.2685546875,0.06103515625,0.32958984375,0.1953125,0.84228515625,0.08544921875,0.048828125,0.09765625,1.37939453125,-0.45166015625,-0.9521484375,0.03662109375,-0.32958984375,-0.13427734375,-0.9521484375,-0.3662109375,-0.78125,0.1220703125,-1.513671875,0.10986328125,-0.244140625,0.25634765625,-0.2685546875,0.1953125,-1.171875,0.03662109375,-1.11083984375,-0.10986328125,-0.67138671875,0.09765625,-0.7568359375,-0.25634765625,-0.13427734375,0.13427734375,-0.69580078125,0.20751953125,-1.4404296875,-0.10986328125,-0.9765625,-0.25634765625,0.439453125,0.0732421875,1.30615234375,-0.0244140625,1.03759765625,-0.08544921875,0.48828125,-0.32958984375,0.91552734375,0,-0.0244140625,-0.06103515625,0.84228515625,-0.1708984375,-0.42724609375,-0.29296875,-0.4638671875
1,-0.20751953125,-0.341796875,-0.09765625,-0.2685546875,-0.13427734375,-0.390625,-0.1708984375,-0.01220703125,-0.1708984375,1.2939453125,0.146484375,0.28076171875,0.25634765625,5.859375,-0.01220703125,1.26953125,-0.15869140625,-1.40380859375,-0.01220703125,-0.927734375,-0.37841796875,0.1708984375,-0.35400390625,-1.18408203125,0.09765625,-0.146484375,-0.01220703125,-0.7568359375,-0.1708984375,0.9521484375,-0.048828125,0.28076171875,-0.0244140625,-0.29296875,0.06103515625,-0.8056640625,-0.1708984375,-0.45166015625,-0.01220703125,-0.72021484375,-0.08544921875,-0.20751953125,-0.1953125,-0.6591796875,-0.37841796875,-0.42724609375,-0.341796875,0.5126953125,0.76904296875,1.904296875,-0.2197265625,0.5126953125,-0.2685546875,-0.146484375,-0.62255859375,0.76904296875,0.03662109375,0.67138671875,0.30517578125,0.50048828125,0.87890625,0.537109375,-0.0732421875,0.13427734375,0.2685546875,0.23193359375,0.13427734375,1.07421875,0.01220703125,0.29296875,-0.09765625,0.2685546875,0.0732421875,0.3173828125,0.20751953125,0.84228515625,0.08544921875,0.0732421875,0.01220703125,1.3671875,-0.4638671875,-0.96435546875,-0.03662109375,-0.32958984375,-0.1220703125,-0.96435546875,-0.35400390625,-0.76904296875,0.146484375,-1.513671875,0.048828125,-0.23193359375,0.3173828125,-0.28076171875,0.048828125,-1.15966796875,-0.10986328125,-1.0009765625,-0.13427734375,-0.64697265625,0.03662109375,-0.732421875,-0.2197265625,-0.10986328125,0.146484375,-0.69580078125,0.20751953125,-1.4404296875,-0.06103515625,-1.01318359375,-0.2197265625,0.42724609375,0.09765625,1.220703125,0.0244140625,1.0009765625,-0.0244140625,0.47607421875,-0.2685546875,0.8544921875,0.01220703125,-0.03662109375,-0.06103515625,0.84228515625,-0.13427734375,-0.4150390625,-0.29296875,-0.45166015625
1,-0.18310546875,-0.341796875,-0.10986328125,-0.28076171875,-0.13427734375,-0.37841796875,-0.15869140625,0,-0.08544921875,1.2939453125,0.18310546875,0.29296875,0.2685546875,5.89599609375,0.01220703125,1.26953125,-0.18310546875,-1.30615234375,0.0244140625,-0.8544921875,-0.47607421875,0.3173828125,-0.20751953125,-1.08642578125,0.0244140625,-0.146484375,-0.06103515625,-0.76904296875,-0.20751953125,0.96435546875,-0.1220703125,0.28076171875,-0.13427734375,-0.28076171875,0.01220703125,-0.81787109375,-0.146484375,-0.45166015625,-0.01220703125,-0.69580078125,-0.06103515625,-0.18310546875,-0.15869140625,-0.634765625,-0.32958984375,-0.42724609375,-0.30517578125,0.48828125,0.5859375,1.94091796875,-0.1708984375,0.50048828125,-0.37841796875,-0.1220703125,-0.64697265625,0.76904296875,0.10986328125,0.67138671875,0.23193359375,0.5126953125,0.96435546875,0.52490234375,-0.146484375,0.1220703125,0.3662109375,0.2197265625,0.09765625,1.06201171875,0.0244140625,0.30517578125,-0.0732421875,0.25634765625,0.0732421875,0.32958984375,0.2197265625,0.89111328125,0.0732421875,0.08544921875,-0.048828125,1.3671875,-0.47607421875,-0.93994140625,-0.10986328125,-0.35400390625,-0.09765625,-0.98876953125,-0.2685546875,-0.78125,0.15869140625,-1.5380859375,-0.048828125,-0.2197265625,0.37841796875,-0.28076171875,-0.13427734375,-1.1474609375,-0.23193359375,-0.927734375,-0.13427734375,-0.634765625,-0.03662109375,-0.7080078125,-0.13427734375,-0.08544921875,0.1708984375,-0.69580078125,0.1953125,-1.4404296875,-0.048828125,-1.0009765625,-0.146484375,0.42724609375,0.048828125,1.171875,0.01220703125,0.9521484375,-0.0732421875,0.45166015625,-0.3173828125,0.74462890625,0.0244140625,-0.03662109375,-0.0244140625,0.87890625,-0.13427734375,-0.439453125,-0.28076171875,-0.45166015625
1,-0.20751953125,-0.3173828125,-0.10986328125,-0.30517578125,-0.1220703125,-0.37841796875,-0.13427734375,0.0244140625,0.03662109375,1.28173828125,0.20751953125,0.23193359375,0.146484375,5.8349609375,0.03662109375,1.2451171875,-0.2197265625,-1.15966796875,0.15869140625,-0.72021484375,-0.40283203125,0.50048828125,0.0244140625,-0.9765625,-0.06103515625,-0.146484375,-0.09765625,-0.76904296875,-0.20751953125,0.93994140625,-0.244140625,0.2685546875,-0.2197265625,-0.25634765625,-0.08544921875,-0.8056640625,-0.0732421875,-0.42724609375,0.03662109375,-0.7080078125,0.0244140625,-0.1953125,-0.1220703125,-0.64697265625,-0.35400390625,-0.40283203125,-0.2197265625,0.5126953125,0.5126953125,1.953125,-0.06103515625,0.52490234375,-0.4150390625,-0.1220703125,-0.59814453125,0.78125,0.20751953125,0.67138671875,0.25634765625,0.5126953125,1.025390625,0.537109375,-0.28076171875,0.13427734375,0.47607421875,0.1953125,0.09765625,1.03759765625,0.0244140625,0.30517578125,-0.01220703125,0.244140625,0.06103515625,0.3173828125,0.1953125,0.89111328125,0.09765625,0.08544921875,-0.09765625,1.3671875,-0.439453125,-0.93994140625,-0.18310546875,-0.341796875,-0.13427734375,-0.96435546875,-0.15869140625,-0.78125,0.15869140625,-1.55029296875,-0.146484375,-0.23193359375,0.40283203125,-0.28076171875,-0.3173828125,-1.13525390625,-0.3173828125,-0.86669921875,-0.13427734375,-0.634765625,-0.1220703125,-0.69580078125,-0.03662109375,-0.0732421875,0.15869140625,-0.69580078125,0.08544921875,-1.4404296875,-0.0244140625,-1.0009765625,-0.03662109375,0.4150390625,-0.01220703125,1.123046875,0.01220703125,0.91552734375,-0.1220703125,0.4150390625,-0.37841796875,0.634765625,0.01220703125,-0.06103515625,0,0.87890625,-0.1220703125,-0.42724609375,-0.25634765625,-0.4638671875
1,-0.20751953125,-0.3173828125,-0.0732421875,-0.32958984375,-0.13427734375,-0.37841796875,-0.10986328125,-0.0244140625,0.09765625,1.1962890625,0.2197265625,0.15869140625,0.0732421875,5.67626953125,0.06103515625,1.15966796875,-0.23193359375,-0.98876953125,0.244140625,-0.62255859375,-0.29296875,0.68359375,0.1708984375,-0.8544921875,-0.20751953125,-0.146484375,-0.15869140625,-0.76904296875,-0.1953125,0.93994140625,-0.3662109375,0.28076171875,-0.2685546875,-0.25634765625,-0.146484375,-0.830078125,-0.01220703125,-0.4150390625,0.08544921875,-0.732421875,0.10986328125,-0.1953125,-0.0732421875,-0.64697265625,-0.29296875,-0.390625,-0.2197265625,0.47607421875,0.5126953125,1.89208984375,0,0.5126953125,-0.4638671875,-0.10986328125,-0.54931640625,0.76904296875,0.244140625,0.68359375,0.1708984375,0.5126953125,0.9765625,0.537109375,-0.4150390625,0.146484375,0.54931640625,0.1953125,0.0244140625,1.0498046875,0,0.30517578125,0.03662109375,0.2197265625,0.03662109375,0.32958984375,0.2197265625,0.89111328125,0.06103515625,0.08544921875,-0.146484375,1.35498046875,-0.40283203125,-0.9521484375,-0.20751953125,-0.32958984375,-0.13427734375,-0.9765625,-0.048828125,-0.78125,0.1220703125,-1.55029296875,-0.23193359375,-0.2197265625,0.341796875,-0.28076171875,-0.42724609375,-1.13525390625,-0.3173828125,-0.81787109375,-0.1708984375,-0.67138671875,-0.18310546875,-0.68359375,0.03662109375,-0.048828125,0.13427734375,-0.68359375,0,-1.416015625,-0.06103515625,-1.0009765625,0.08544921875,0.40283203125,0.03662109375,1.03759765625,0.06103515625,0.86669921875,-0.048828125,0.40283203125,-0.244140625,0.54931640625,0.01220703125,-0.03662109375,0.0244140625,0.89111328125,-0.09765625,-0.42724609375,-0.244140625,-0.45166015625
1,-0.23193359375,-0.29296875,-0.10986328125,-0.30517578125,-0.1220703125,-0.3662109375,-0.09765625,0,0.09765625,1.123046875,0.23193359375,0.09765625,0.06103515625,5.4931640625,0.06103515625,1.07421875,-0.23193359375,-0.87890625,0.30517578125,-0.5126953125,-0.146484375,0.81787109375,0.2197265625,-0.7568359375,-0.32958984375,-0.13427734375,-0.1953125,-0.76904296875,-0.18310546875,0.91552734375,-0.439453125,0.28076171875,-0.25634765625,-0.25634765625,-0.146484375,-0.830078125,0.09765625,-0.42724609375,0.10986328125,-0.72021484375,0.2197265625,-0.20751953125,-0.0732421875,-0.64697265625,-0.25634765625,-0.341796875,-0.2197265625,0.4638671875,0.5126953125,1.84326171875,0.1220703125,0.537109375,-0.4150390625,-0.08544921875,-0.4638671875,0.8056640625,0.244140625,0.67138671875,0.10986328125,0.48828125,0.9033203125,0.54931640625,-0.54931640625,0.1708984375,0.537109375,0.1953125,-0.048828125,1.07421875,-0.0244140625,0.30517578125,0.08544921875,0.2197265625,0,0.3662109375,0.20751953125,0.91552734375,0.03662109375,0.08544921875,-0.2197265625,1.37939453125,-0.341796875,-0.9521484375,-0.18310546875,-0.3173828125,-0.1220703125,-0.9765625,0.01220703125,-0.76904296875,0.0732421875,-1.52587890625,-0.28076171875,-0.2197265625,0.2197265625,-0.29296875,-0.45166015625,-1.13525390625,-0.2685546875,-0.8056640625,-0.18310546875,-0.6591796875,-0.1953125,-0.6591796875,0.06103515625,-0.08544921875,0.09765625,-0.68359375,-0.09765625,-1.42822265625,-0.0732421875,-0.98876953125,0.18310546875,0.4150390625,0,0.96435546875,0.048828125,0.76904296875,-0.06103515625,0.341796875,-0.244140625,0.4638671875,0.03662109375,-0.0732421875,0.03662109375,0.89111328125,-0.09765625,-0.45166015625,-0.1953125,-0.4638671875
1,-0.23193359375,-0.28076171875,-0.06103515625,-0.29296875,-0.15869140625,-0.35400390625,-0.08544921875,0,0.06103515625,1.0498046875,0.244140625,0,0.03662109375,5.23681640625,0.06103515625,0.96435546875,-0.1953125,-0.78125,0.3173828125,-0.45166015625,-0.01220703125,0.89111328125,0.18310546875,-0.72021484375,-0.439453125,-0.10986328125,-0.23193359375,-0.76904296875,-0.2197265625,0.91552734375,-0.47607421875,0.2685546875,-0.15869140625,-0.2685546875,-0.13427734375,-0.84228515625,0.15869140625,-0.439453125,0.20751953125,-0.72021484375,0.2685546875,-0.20751953125,-0.06103515625,-0.67138671875,-0.08544921875,-0.28076171875,-0.23193359375,0.47607421875,0.54931640625,1.7578125,0.1953125,0.5615234375,-0.341796875,-0.09765625,-0.40283203125,0.79345703125,0.20751953125,0.68359375,0.08544921875,0.48828125,0.7080078125,0.54931640625,-0.634765625,0.1708984375,0.5615234375,0.1953125,-0.0732421875,1.06201171875,-0.048828125,0.28076171875,0.09765625,0.2197265625,-0.0244140625,0.35400390625,0.146484375,0.9033203125,0.01220703125,0.08544921875,-0.20751953125,1.35498046875,-0.29296875,-0.93994140625,-0.13427734375,-0.30517578125,-0.08544921875,-0.9521484375,0.06103515625,-0.76904296875,0.0244140625,-1.50146484375,-0.2685546875,-0.20751953125,0.08544921875,-0.29296875,-0.341796875,-1.123046875,-0.20751953125,-0.8056640625,-0.244140625,-0.68359375,-0.2197265625,-0.68359375,0.06103515625,-0.0732421875,0.0244140625,-0.69580078125,-0.146484375,-1.42822265625,-0.09765625,-0.98876953125,0.2685546875,0.42724609375,0,0.8544921875,0.0244140625,0.64697265625,-0.09765625,0.25634765625,-0.2685546875,0.390625,0.0732421875,-0.0732421875,0.08544921875,0.87890625,-0.08544921875,-0.45166015625,-0.15869140625,-0.45166015625
1,-0.244140625,-0.28076171875,-0.08544921875,-0.28076171875,-0.1953125,-0.35400390625,-0.06103515625,-0.0244140625,-0.048828125,0.93994140625,0.23193359375,-0.08544921875,0.01220703125,4.931640625,0.01220703125,0.86669921875,-0.15869140625,-0.74462890625,0.30517578125,-0.42724609375,0.13427734375,0.89111328125,0.08544921875,-0.7080078125,-0.5126953125,-0.10986328125,-0.28076171875,-0.7568359375,-0.244140625,0.93994140625,-0.4150390625,0.2685546875,-0.0244140625,-0.28076171875,-0.03662109375,-0.84228515625,0.18310546875,-0.439453125,0.29296875,-0.72021484375,0.2685546875,-0.20751953125,-0.0244140625,-0.69580078125,0.01220703125,-0.25634765625,-0.1953125,0.4638671875,0.42724609375,1.67236328125,0.32958984375,0.57373046875,-0.25634765625,-0.10986328125,-0.30517578125,0.8056640625,0.1708984375,0.68359375,0.09765625,0.47607421875,0.4638671875,0.537109375,-0.634765625,0.1708984375,0.5615234375,0.20751953125,-0.13427734375,1.06201171875,-0.048828125,0.25634765625,0.10986328125,0.23193359375,-0.048828125,0.35400390625,0.0732421875,0.89111328125,-0.01220703125,0.0732421875,-0.20751953125,1.35498046875,-0.35400390625,-0.91552734375,-0.03662109375,-0.29296875,-0.09765625,-0.93994140625,0.09765625,-0.76904296875,-0.0732421875,-1.4892578125,-0.2685546875,-0.2197265625,-0.048828125,-0.29296875,-0.18310546875,-1.123046875,-0.06103515625,-0.84228515625,-0.2197265625,-0.67138671875,-0.1953125,-0.68359375,0.0244140625,-0.0732421875,-0.0244140625,-0.69580078125,-0.18310546875,-1.416015625,-0.10986328125,-0.98876953125,0.32958984375,0.439453125,0.03662109375,0.76904296875,0.01220703125,0.50048828125,-0.0732421875,0.2197265625,-0.23193359375,0.3662109375,0.0732421875,-0.03662109375,0.0732421875,0.9033203125,-0.0732421875,-0.45166015625,-0.13427734375,-0.45166015625
0,-0.23193359375,-0.28076171875,-0.09765625,-0.2685546875,-0.15869140625,-0.3662109375,-0.048828125,-0.03662109375,-0.08544921875,0.86669921875,0.23193359375,-0.15869140625,0.06103515625,4.6630859375,-0.01220703125,0.7568359375,-0.1708984375,-0.76904296875,0.3173828125,-0.47607421875,0.2685546875,0.84228515625,0.01220703125,-0.732421875,-0.5126953125,-0.13427734375,-0.29296875,-0.74462890625,-0.2685546875,0.93994140625,-0.28076171875,0.25634765625,0.13427734375,-0.28076171875,0.048828125,-0.830078125,0.1953125,-0.42724609375,0.35400390625,-0.7080078125,0.25634765625,-0.1953125,0.01220703125,-0.7080078125,0.09765625,-0.20751953125,-0.20751953125,0.4638671875,0.42724609375,1.59912109375,0.42724609375,0.59814453125,-0.13427734375,-0.1220703125,-0.146484375,0.79345703125,0.1220703125,0.68359375,0.09765625,0.4638671875,0.244140625,0.52490234375,-0.6103515625,0.1708984375,0.5859375,0.23193359375,-0.2197265625,1.08642578125,-0.048828125,0.25634765625,0.08544921875,0.23193359375,-0.06103515625,0.37841796875,-0.06103515625,0.87890625,-0.01220703125,0.0732421875,-0.1953125,1.3671875,-0.40283203125,-0.93994140625,0.09765625,-0.28076171875,-0.0732421875,-0.927734375,0.09765625,-0.78125,-0.13427734375,-1.47705078125,-0.23193359375,-0.23193359375,-0.15869140625,-0.28076171875,0.0244140625,-1.123046875,0.0732421875,-0.87890625,-0.25634765625,-0.68359375,-0.13427734375,-0.68359375,-0.03662109375,-0.09765625,-0.09765625,-0.69580078125,-0.1708984375,-1.42822265625,-0.09765625,-0.98876953125,0.3173828125,0.42724609375,0.0244140625,0.69580078125,-0.0244140625,0.390625,-0.10986328125,0.1708984375,-0.25634765625,0.35400390625,0.08544921875,-0.01220703125,0.08544921875,0.9033203125,-0.03662109375,-0.439453125,-0.08544921875,-0.439453125
0,-0.25634765625,-0.28076171875,-0.03662109375,-0.2685546875,-0.15869140625,-0.390625,-0.0244140625,-0.048828125,-0.15869140625,0.79345703125,0.18310546875,-0.2685546875,0,4.35791015625,-0.0732421875,0.67138671875,-0.23193359375,-0.8056640625,0.35400390625,-0.5126953125,0.35400390625,0.78125,-0.0732421875,-0.78125,-0.5126953125,-0.13427734375,-0.3173828125,-0.74462890625,-0.28076171875,0.9521484375,-0.08544921875,0.244140625,0.23193359375,-0.28076171875,0.13427734375,-0.8056640625,0.146484375,-0.40283203125,0.42724609375,-0.69580078125,0.23193359375,-0.18310546875,-0.01220703125,-0.72021484375,0,-0.146484375,-0.2197265625,0.4638671875,0.50048828125,1.513671875,0.48828125,0.6103515625,-0.0244140625,-0.1220703125,-0.03662109375,0.76904296875,0.0732421875,0.6591796875,0.13427734375,0.4638671875,-0.01220703125,0.5126953125,-0.50048828125,0.18310546875,0.59814453125,0.25634765625,-0.29296875,1.0986328125,-0.0732421875,0.23193359375,0.08544921875,0.2685546875,-0.09765625,0.37841796875,-0.1220703125,0.8544921875,-0.0244140625,0.06103515625,-0.1708984375,1.3916015625,-0.40283203125,-0.927734375,0.244140625,-0.2685546875,-0.01220703125,-0.93994140625,0.10986328125,-0.76904296875,-0.1953125,-1.47705078125,-0.1953125,-0.23193359375,-0.1953125,-0.30517578125,0.2197265625,-1.13525390625,0.20751953125,-0.91552734375,-0.20751953125,-0.64697265625,-0.146484375,-0.72021484375,-0.1220703125,-0.09765625,-0.146484375,-0.68359375,-0.08544921875,-1.416015625,-0.15869140625,-0.98876953125,0.28076171875,0.42724609375,0.03662109375,0.6591796875,-0.06103515625,0.30517578125,-0.09765625,0.146484375,-0.29296875,0.37841796875,0.08544921875,-0.01220703125,0.09765625,0.87890625,-0.0244140625,-0.439453125,-0.0732421875,-0.45166015625
0,-0.25634765625,-0.29296875,-0.048828125,-0.25634765625,-0.13427734375,-0.390625,-0.01220703125,-0.06103515625,-0.23193359375,0.69580078125,0.146484375,-0.32958984375,-0.048828125,4.1259765625,-0.10986328125,0.5859375,-0.32958984375,-0.8544921875,0.32958984375,-0.54931640625,0.341796875,0.67138671875,-0.1708984375,-0.830078125,-0.439453125,-0.10986328125,-0.3173828125,-0.7568359375,-0.25634765625,0.93994140625,0.06103515625,0.244140625,0.2685546875,-0.29296875,0.23193359375,-0.8056640625,0.0732421875,-0.390625,0.45166015625,-0.67138671875,0.244140625,-0.1953125,0,-0.72021484375,0.03662109375,-0.1220703125,-0.1953125,0.439453125,0.5859375,1.4892578125,0.537109375,0.6103515625,0.146484375,-0.15869140625,0.048828125,0.76904296875,0.048828125,0.634765625,0.13427734375,0.47607421875,-0.146484375,0.50048828125,-0.341796875,0.146484375,0.537109375,0.28076171875,-0.40283203125,1.11083984375,-0.09765625,0.2197265625,0.0244140625,0.2685546875,-0.1220703125,0.37841796875,-0.1953125,0.8544921875,-0.01220703125,0.048828125,-0.18310546875,1.40380859375,-0.4150390625,-0.927734375,0.32958984375,-0.28076171875,-0.01220703125,-0.927734375,0.0732421875,-0.76904296875,-0.244140625,-1.45263671875,-0.15869140625,-0.244140625,-0.09765625,-0.28076171875,0.3173828125,-1.1474609375,0.20751953125,-0.927734375,-0.18310546875,-0.634765625,-0.146484375,-0.74462890625,-0.20751953125,-0.0732421875,-0.1220703125,-0.68359375,-0.03662109375,-1.42822265625,-0.1708984375,-0.9765625,0.2197265625,0.42724609375,0,0.6591796875,-0.13427734375,0.2685546875,-0.13427734375,0.15869140625,-0.390625,0.439453125,0.09765625,0,0.09765625,0.87890625,0,-0.4150390625,-0.08544921875,-0.439453125
0,-0.23193359375,-0.3173828125,-0.03662109375,-0.2685546875,-0.15869140625,-0.4150390625,0.03662109375,-0.048828125,-0.29296875,0.634765625,0.08544921875,-0.390625,-0.08544921875,3.89404296875,-0.1220703125,0.5126953125,-0.32958984375,-0.927734375,0.3173828125,-0.59814453125,0.2197265625,0.59814453125,-0.1953125,-0.8544921875,-0.37841796875,-0.13427734375,-0.30517578125,-0.74462890625,-0.2197265625,0.96435546875,0.146484375,0.25634765625,0.244140625,-0.30517578125,0.28076171875,-0.81787109375,0.01220703125,-0.40283203125,0.40283203125,-0.68359375,0.20751953125,-0.1708984375,-0.0244140625,-0.72021484375,-0.06103515625,-0.09765625,-0.146484375,0.4150390625,0.47607421875,1.4892578125,0.537109375,0.6103515625,0.2685546875,-0.18310546875,0.10986328125,0.78125,0.01220703125,0.634765625,0.20751953125,0.48828125,-0.18310546875,0.5126953125,-0.244140625,0.146484375,0.45166015625,0.29296875,-0.45166015625,1.123046875,-0.08544921875,0.25634765625,-0.0244140625,0.29296875,-0.146484375,0.3662109375,-0.23193359375,0.87890625,0.01220703125,0.06103515625,-0.13427734375,1.416015625,-0.341796875,-0.93994140625,0.32958984375,-0.29296875,-0.01220703125,-0.91552734375,0.03662109375,-0.76904296875,-0.2685546875,-1.46484375,-0.10986328125,-0.23193359375,0.03662109375,-0.2685546875,0.3173828125,-1.15966796875,0.1953125,-0.927734375,-0.10986328125,-0.5859375,-0.15869140625,-0.74462890625,-0.244140625,-0.048828125,-0.09765625,-0.68359375,0,-1.4404296875,-0.244140625,-1.0009765625,0.15869140625,0.42724609375,0.0732421875,0.732421875,-0.10986328125,0.32958984375,-0.08544921875,0.1708984375,-0.29296875,0.537109375,0.10986328125,0.01220703125,0.08544921875,0.84228515625,0.0244140625,-0.4150390625,-0.08544921875,-0.42724609375
0,-0.2197265625,-0.3173828125,-0.0244140625,-0.244140625,-0.1953125,-0.42724609375,0.048828125,-0.048828125,-0.3173828125,0.5615234375,0.06103515625,-0.439453125,-0.1220703125,3.662109375,-0.146484375,0.439453125,-0.30517578125,-0.96435546875,0.3173828125,-0.634765625,0.048828125,0.537109375,-0.18310546875,-0.87890625,-0.29296875,-0.13427734375,-0.25634765625,-0.76904296875,-0.15869140625,0.9521484375,0.146484375,0.244140625,0.20751953125,-0.28076171875,0.341796875,-0.8056640625,-0.03662109375,-0.40283203125,0.341796875,-0.68359375,0.1708984375,-0.18310546875,-0.01220703125,-0.7080078125,-0.06103515625,-0.10986328125,-0.1220703125,0.40283203125,0.59814453125,1.4892578125,0.439453125,0.6103515625,0.37841796875,-0.1708984375,0.0732421875,0.7568359375,0.01220703125,0.6591796875,0.2685546875,0.5126953125,-0.1708984375,0.48828125,-0.2197265625,0.13427734375,0.3173828125,0.28076171875,-0.50048828125,1.0986328125,-0.1220703125,0.244140625,-0.06103515625,0.30517578125,-0.23193359375,0.35400390625,-0.25634765625,0.89111328125,0.06103515625,0.06103515625,-0.13427734375,1.40380859375,-0.30517578125,-0.93994140625,0.30517578125,-0.3173828125,-0.06103515625,-0.927734375,-0.01220703125,-0.76904296875,-0.20751953125,-1.46484375,-0.0732421875,-0.25634765625,0.18310546875,-0.244140625,0.25634765625,-1.18408203125,0.146484375,-0.9521484375,-0.0732421875,-0.54931640625,-0.20751953125,-0.74462890625,-0.25634765625,-0.048828125,0,-0.68359375,0.0244140625,-1.45263671875,-0.30517578125,-1.025390625,0.08544921875,0.45166015625,0.06103515625,0.86669921875,-0.146484375,0.439453125,-0.0732421875,0.25634765625,-0.15869140625,0.6591796875,0.1220703125,-0.01220703125,0.0732421875,0.84228515625,0.03662109375,-0.40283203125,-0.09765625,-0.439453125
0,-0.20751953125,-0.3173828125,-0.06103515625,-0.25634765625,-0.20751953125,-0.40283203125,0.06103515625,-0.03662109375,-0.341796875,0.48828125,0.0244140625,-0.48828125,-0.15869140625,3.50341796875,-0.10986328125,0.37841796875,-0.30517578125,-0.9521484375,0.25634765625,-0.62255859375,-0.10986328125,0.537109375,-0.18310546875,-0.87890625,-0.2197265625,-0.146484375,-0.2197265625,-0.78125,-0.048828125,0.96435546875,0.08544921875,0.25634765625,0.15869140625,-0.29296875,0.30517578125,-0.8056640625,-0.08544921875,-0.40283203125,0.2685546875,-0.69580078125,0.08544921875,-0.18310546875,0.01220703125,-0.67138671875,-0.20751953125,-0.1220703125,-0.10986328125,0.40283203125,0.42724609375,1.4892578125,0.35400390625,0.5859375,0.439453125,-0.146484375,-0.01220703125,0.78125,0.048828125,0.67138671875,0.25634765625,0.52490234375,-0.0244140625,0.48828125,-0.25634765625,0.1220703125,0.15869140625,0.28076171875,-0.52490234375,1.08642578125,-0.15869140625,0.23193359375,-0.10986328125,0.29296875,-0.28076171875,0.32958984375,-0.2685546875,0.89111328125,0.10986328125,0.048828125,-0.13427734375,1.40380859375,-0.23193359375,-0.9521484375,0.1953125,-0.32958984375,-0.09765625,-0.9521484375,-0.048828125,-0.79345703125,-0.13427734375,-1.50146484375,-0.08544921875,-0.244140625,0.35400390625,-0.25634765625,0.146484375,-1.1962890625,0.146484375,-0.91552734375,-0.03662109375,-0.537109375,-0.25634765625,-0.732421875,-0.1953125,-0.0244140625,0.13427734375,-0.68359375,0.01220703125,-1.46484375,-0.341796875,-1.025390625,0.03662109375,0.42724609375,0.03662109375,1.03759765625,-0.146484375,0.634765625,-0.09765625,0.341796875,-0.1708984375,0.78125,0.146484375,-0.01220703125,0.0732421875,0.84228515625,0.048828125,-0.390625,-0.09765625,-0.45166015625
0,-0.23193359375,-0.32958984375,-0.03662109375,-0.25634765625,-0.20751953125,-0.3662109375,0.08544921875,-0.0244140625,-0.29296875,0.439453125,0.01220703125,-0.5615234375,-0.08544921875,3.3203125,-0.048828125,0.3173828125,-0.35400390625,-0.89111328125,0.15869140625,-0.5615234375,-0.390625,0.54931640625,-0.2685546875,-0.830078125,-0.1220703125,-0.15869140625,-0.1708984375,-0.79345703125,0.03662109375,0.9521484375,0.01220703125,0.25634765625,0.15869140625,-0.28076171875,0.28076171875,-0.81787109375,-0.09765625,-0.40283203125,0.20751953125,-0.69580078125,-0.03662109375,-0.18310546875,0.048828125,-0.6591796875,-0.2685546875,-0.146484375,-0.10986328125,0.37841796875,0.40283203125,1.52587890625,0.25634765625,0.57373046875,0.40283203125,-0.146484375,-0.10986328125,0.79345703125,0.10986328125,0.67138671875,0.244140625,0.537109375,0.146484375,0.47607421875,-0.35400390625,0.13427734375,0.08544921875,0.30517578125,-0.4638671875,1.06201171875,-0.13427734375,0.244140625,-0.1708984375,0.28076171875,-0.32958984375,0.30517578125,-0.244140625,0.89111328125,0.146484375,0.03662109375,-0.15869140625,1.3916015625,-0.18310546875,-0.9521484375,0.08544921875,-0.341796875,-0.1220703125,-0.9521484375,-0.09765625,-0.78125,-0.01220703125,-1.513671875,-0.06103515625,-0.244140625,0.50048828125,-0.2685546875,0.048828125,-1.220703125,0.1220703125,-0.87890625,0,-0.537109375,-0.2685546875,-0.72021484375,-0.146484375,-0.03662109375,0.1953125,-0.69580078125,0,-1.45263671875,-0.35400390625,-1.025390625,0,0.45166015625,0.048828125,1.220703125,-0.10986328125,0.84228515625,-0.0732421875,0.42724609375,-0.15869140625,0.86669921875,0.146484375,-0.03662109375,0.048828125,0.81787109375,0.03662109375,-0.390625,-0.09765625,-0.47607421875
0,-0.2685546875,-0.341796875,-0.01220703125,-0.244140625,-0.1708984375,-0.3662109375,0.08544921875,-0.01220703125,-0.244140625,0.3662109375,0.03662109375,-0.59814453125,-0.09765625,3.08837890625,0.0732421875,0.2685546875,-0.29296875,-0.81787109375,0.15869140625,-0.50048828125,-0.4638671875,0.64697265625,-0.244140625,-0.76904296875,-0.08544921875,-0.146484375,-0.1220703125,-0.79345703125,0.08544921875,0.9521484375,-0.10986328125,0.2685546875,0.1953125,-0.30517578125,0.2197265625,-0.8056640625,-0.1220703125,-0.42724609375,0.13427734375,-0.69580078125,-0.1708984375,-0.1953125,0.09765625,-0.64697265625,-0.390625,-0.1708984375,-0.13427734375,0.3662109375,0.40283203125,1.5380859375,0.15869140625,0.54931640625,0.390625,-0.1220703125,-0.23193359375,0.8056640625,0.18310546875,0.69580078125,0.244140625,0.537109375,0.2685546875,0.47607421875,-0.42724609375,0.13427734375,-0.01220703125,0.30517578125,-0.42724609375,1.0498046875,-0.146484375,0.2685546875,-0.1953125,0.25634765625,-0.341796875,0.30517578125,-0.23193359375,0.89111328125,0.15869140625,0.048828125,-0.1708984375,1.3916015625,-0.1708984375,-0.93994140625,-0.03662109375,-0.35400390625,-0.20751953125,-0.96435546875,-0.13427734375,-0.78125,0.08544921875,-1.50146484375,-0.08544921875,-0.23193359375,0.52490234375,-0.28076171875,-0.0244140625,-1.23291015625,0.0732421875,-0.79345703125,0.01220703125,-0.5615234375,-0.25634765625,-0.72021484375,-0.08544921875,-0.048828125,0.2685546875,-0.69580078125,-0.01220703125,-1.46484375,-0.35400390625,-1.0009765625,-0.0244140625,0.439453125,0.0244140625,1.3671875,-0.146484375,1.03759765625,-0.09765625,0.52490234375,-0.25634765625,0.93994140625,0.1220703125,-0.048828125,0.06103515625,0.8056640625,-0.01220703125,-0.42724609375,-0.06103515625,-0.47607421875
0,-0.28076171875,-0.32958984375,0.0244140625,-0.28076171875,-0.146484375,-0.341796875,0.08544921875,0,-0.1953125,0.29296875,0.06103515625,-0.67138671875,-0.0732421875,2.83203125,0.1708984375,0.20751953125,-0.30517578125,-0.72021484375,0.13427734375,-0.42724609375,-0.45166015625,0.732421875,-0.30517578125,-0.7080078125,-0.03662109375,-0.1708984375,-0.09765625,-0.78125,0.1220703125,0.9521484375,-0.20751953125,0.2685546875,0.2197265625,-0.30517578125,0.15869140625,-0.830078125,-0.1708984375,-0.439453125,0.048828125,-0.7080078125,-0.30517578125,-0.23193359375,0.09765625,-0.67138671875,-0.439453125,-0.18310546875,-0.1708984375,0.37841796875,0.29296875,1.55029296875,0.1220703125,0.52490234375,0.3173828125,-0.10986328125,-0.32958984375,0.8056640625,0.2685546875,0.69580078125,0.28076171875,0.52490234375,0.4150390625,0.47607421875,-0.5126953125,0.15869140625,-0.08544921875,0.29296875,-0.3662109375,1.025390625,-0.146484375,0.25634765625,-0.20751953125,0.244140625,-0.3662109375,0.29296875,-0.244140625,0.91552734375,0.146484375,0.03662109375,-0.1708984375,1.37939453125,-0.15869140625,-0.9521484375,-0.1220703125,-0.341796875,-0.244140625,-0.9765625,-0.18310546875,-0.79345703125,0.13427734375,-1.50146484375,-0.06103515625,-0.20751953125,0.48828125,-0.29296875,-0.01220703125,-1.23291015625,0.03662109375,-0.69580078125,-0.03662109375,-0.57373046875,-0.18310546875,-0.7080078125,-0.03662109375,-0.06103515625,0.30517578125,-0.69580078125,-0.0244140625,-1.45263671875,-0.32958984375,-1.025390625,-0.01220703125,0.42724609375,0.06103515625,1.42822265625,-0.1220703125,1.15966796875,-0.08544921875,0.57373046875,-0.18310546875,0.9521484375,0.09765625,-0.03662109375,0.06103515625,0.79345703125,-0.048828125,-0.439453125,-0.048828125,-0.47607421875
0,-0.32958984375,-0.341796875,0.06103515625,-0.28076171875,-0.1220703125,-0.32958984375,0.0732421875,0.01220703125,-0.15869140625,0.20751953125,0.13427734375,-0.74462890625,0,2.52685546875,0.23193359375,0.13427734375,-0.29296875,-0.6103515625,0.0732421875,-0.3173828125,-0.5126953125,0.84228515625,-0.390625,-0.634765625,-0.03662109375,-0.1708984375,-0.06103515625,-0.78125,0.13427734375,0.9521484375,-0.244140625,0.29296875,0.20751953125,-0.29296875,0.15869140625,-0.8056640625,-0.18310546875,-0.42724609375,0.01220703125,-0.68359375,-0.37841796875,-0.23193359375,0.09765625,-0.64697265625,-0.50048828125,-0.23193359375,-0.146484375,0.390625,0.2197265625,1.611328125,0.0244140625,0.5126953125,0.23193359375,-0.09765625,-0.4150390625,0.81787109375,0.32958984375,0.68359375,0.341796875,0.52490234375,0.5126953125,0.50048828125,-0.6591796875,0.1953125,-0.1953125,0.3173828125,-0.30517578125,1.03759765625,-0.18310546875,0.25634765625,-0.1953125,0.23193359375,-0.3662109375,0.3173828125,-0.1953125,0.927734375,0.13427734375,0.0244140625,-0.08544921875,1.37939453125,-0.18310546875,-0.96435546875,-0.15869140625,-0.341796875,-0.2197265625,-0.96435546875,-0.1953125,-0.76904296875,0.18310546875,-1.47705078125,-0.06103515625,-0.1953125,0.3173828125,-0.29296875,0.06103515625,-1.220703125,-0.0732421875,-0.537109375,-0.10986328125,-0.5859375,-0.10986328125,-0.69580078125,0.01220703125,-0.06103515625,0.29296875,-0.7080078125,0,-1.4404296875,-0.2685546875,-1.025390625,0.03662109375,0.42724609375,0.048828125,1.416015625,-0.13427734375,1.20849609375,-0.0732421875,0.5615234375,-0.1220703125,0.91552734375,0.08544921875,-0.06103515625,0.0732421875,0.78125,-0.048828125,-0.47607421875,-0.03662109375,-0.48828125
0,-0.35400390625,-0.341796875,0.0732421875,-0.28076171875,-0.10986328125,-0.32958984375,0.06103515625,0.03662109375,-0.146484375,0.10986328125,0.15869140625,-0.8544921875,-0.0244140625,2.197265625,0.3173828125,0.0244140625,-0.1953125,-0.50048828125,0.1708984375,-0.2197265625,-0.32958984375,0.93994140625,-0.3173828125,-0.54931640625,-0.048828125,-0.13427734375,-0.0732421875,-0.76904296875,0.06103515625,0.9521484375,-0.2685546875,0.29296875,0.15869140625,-0.3173828125,0.13427734375,-0.8056640625,-0.1708984375,-0.439453125,0.0244140625,-0.69580078125,-0.341796875,-0.23193359375,0.048828125,-0.68359375,-0.59814453125,-0.244140625,-0.09765625,0.40283203125,0.20751953125,1.67236328125,-0.01220703125,0.50048828125,0.146484375,-0.09765625,-0.5126953125,0.8056640625,0.4150390625,0.68359375,0.341796875,0.52490234375,0.52490234375,0.5126953125,-0.67138671875,0.18310546875,-0.28076171875,0.3173828125,-0.23193359375,1.06201171875,-0.20751953125,0.244140625,-0.18310546875,0.23193359375,-0.390625,0.32958984375,-0.1953125,0.927734375,0.08544921875,0.03662109375,-0.048828125,1.3671875,-0.244140625,-0.927734375,-0.15869140625,-0.3173828125,-0.1708984375,-0.96435546875,-0.15869140625,-0.7568359375,0.1708984375,-1.46484375,-0.048828125,-0.18310546875,0.13427734375,-0.30517578125,0.10986328125,-1.171875,-0.09765625,-0.29296875,-0.20751953125,-0.6103515625,-0.01220703125,-0.67138671875,0.0732421875,-0.03662109375,0.2685546875,-0.732421875,0.03662109375,-1.42822265625,-0.15869140625,-0.98876953125,0.10986328125,0.42724609375,0.03662109375,1.2939453125,-0.15869140625,1.13525390625,-0.09765625,0.52490234375,-0.15869140625,0.81787109375,0.0732421875,-0.08544921875,0.0732421875,0.78125,-0.0732421875,-0.48828125,-0.0244140625,-0.48828125
0,-0.341796875,-0.35400390625,0.06103515625,-0.30517578125,-0.1220703125,-0.35400390625,0.06103515625,0.048828125,-0.10986328125,0.01220703125,0.1708984375,-0.9521484375,0.01220703125,1.806640625,0.341796875,-0.08544921875,-0.20751953125,-0.37841796875,0.1953125,-0.1220703125,-0.20751953125,1.01318359375,-0.35400390625,-0.47607421875,-0.08544921875,-0.1220703125,-0.06103515625,-0.76904296875,-0.06103515625,0.98876953125,-0.25634765625,0.30517578125,0.0732421875,-0.3173828125,0.13427734375,-0.81787109375,-0.1953125,-0.439453125,0.03662109375,-0.68359375,-0.30517578125,-0.23193359375,0.06103515625,-0.68359375,-0.5859375,-0.2685546875,-0.08544921875,0.42724609375,0.13427734375,1.806640625,-0.01220703125,0.47607421875,0.03662109375,-0.1220703125,-0.537109375,0.78125,0.40283203125,0.67138671875,0.32958984375,0.5126953125,0.4150390625,0.537109375,-0.6591796875,0.1708984375,-0.32958984375,0.3173828125,-0.1220703125,1.06201171875,-0.23193359375,0.20751953125,-0.1708984375,0.23193359375,-0.4150390625,0.341796875,-0.146484375,0.93994140625,0.0244140625,0.03662109375,0.0732421875,1.3916015625,-0.32958984375,-0.93994140625,-0.09765625,-0.29296875,-0.0732421875,-0.9521484375,-0.1220703125,-0.732421875,0.15869140625,-1.45263671875,-0.03662109375,-0.1708984375,-0.048828125,-0.3173828125,0.1220703125,-1.171875,-0.20751953125,0.03662109375,-0.28076171875,-0.57373046875,0.06103515625,-0.62255859375,0.09765625,0,0.15869140625,-0.72021484375,0.01220703125,-1.42822265625,-0.06103515625,-0.98876953125,0.18310546875,0.4150390625,0.08544921875,1.123046875,-0.146484375,0.96435546875,-0.08544921875,0.4150390625,-0.01220703125,0.72021484375,0.08544921875,-0.0732421875,0.08544921875,0.8056640625,-0.048828125,-0.4638671875,0,-0.52490234375
0,-0.37841796875,-0.35400390625,0.048828125,-0.3173828125,-0.09765625,-0.35400390625,0.06103515625,0.03662109375,-0.09765625,-0.06103515625,0.146484375,-1.0498046875,-0.0244140625,1.46484375,0.32958984375,-0.20751953125,-0.18310546875,-0.28076171875,0.3173828125,0,-0.048828125,1.07421875,-0.28076171875,-0.3662109375,-0.146484375,-0.09765625,-0.10986328125,-0.74462890625,-0.1708984375,0.9765625,-0.2197265625,0.29296875,-0.0244140625,-0.32958984375,0.1220703125,-0.8056640625,-0.1953125,-0.439453125,0.08544921875,-0.67138671875,-0.1953125,-0.25634765625,0.03662109375,-0.69580078125,-0.5615234375,-0.28076171875,-0.0732421875,0.42724609375,0.13427734375,1.91650390625,0.048828125,0.47607421875,-0.048828125,-0.13427734375,-0.5126953125,0.78125,0.439453125,0.6591796875,0.29296875,0.50048828125,0.2685546875,0.537109375,-0.67138671875,0.15869140625,-0.32958984375,0.30517578125,-0.06103515625,1.06201171875,-0.244140625,0.18310546875,-0.10986328125,0.23193359375,-0.4150390625,0.3173828125,-0.10986328125,0.9521484375,0.0244140625,0.03662109375,0.15869140625,1.3916015625,-0.37841796875,-0.93994140625,-0.01220703125,-0.28076171875,0.0244140625,-0.93994140625,-0.048828125,-0.72021484375,0.09765625,-1.42822265625,-0.048828125,-0.1708984375,-0.18310546875,-0.341796875,0.0732421875,-1.15966796875,-0.2685546875,0.45166015625,-0.32958984375,-0.47607421875,0.0732421875,-0.5615234375,0.09765625,0.09765625,0.0244140625,-0.7080078125,0.048828125,-1.42822265625,0.0244140625,-0.98876953125,0.23193359375,0.4150390625,0.09765625,0.91552734375,-0.10986328125,0.7568359375,-0.06103515625,0.28076171875,0.06103515625,0.6591796875,0.0732421875,-0.048828125,0.08544921875,0.8056640625,-0.03662109375,-0.45166015625,-0.01220703125,-0.52490234375
0,-0.40283203125,-0.32958984375,0.048828125,-0.32958984375,-0.08544921875,-0.37841796875,0.06103515625,-0.01220703125,-0.0732421875,-0.13427734375,0.10986328125,-1.123046875,-0.048828125,1.18408203125,0.28076171875,-0.341796875,-0.2197265625,-0.15869140625,0.50048828125,0.08544921875,0.146484375,1.15966796875,-0.1220703125,-0.29296875,-0.1953125,-0.10986328125,-0.1708984375,-0.74462890625,-0.29296875,0.98876953125,-0.20751953125,0.28076171875,-0.1220703125,-0.3173828125,0.06103515625,-0.81787109375,-0.18310546875,-0.42724609375,0.146484375,-0.69580078125,-0.09765625,-0.23193359375,0.0244140625,-0.69580078125,-0.50048828125,-0.25634765625,-0.09765625,0.4638671875,0,2.05078125,0.146484375,0.48828125,-0.06103515625,-0.13427734375,-0.47607421875,0.76904296875,0.42724609375,0.64697265625,0.1708984375,0.50048828125,0.10986328125,0.537109375,-0.634765625,0.146484375,-0.30517578125,0.30517578125,0.01220703125,1.08642578125,-0.244140625,0.1708984375,-0.08544921875,0.25634765625,-0.40283203125,0.35400390625,-0.08544921875,0.927734375,-0.0244140625,0.03662109375,0.23193359375,1.3916015625,-0.37841796875,-0.9521484375,0.09765625,-0.25634765625,0.0732421875,-0.9521484375,0.01220703125,-0.732421875,0.048828125,-1.45263671875,-0.09765625,-0.15869140625,-0.244140625,-0.3173828125,-0.01220703125,-1.15966796875,-0.244140625,0.96435546875,-0.32958984375,-0.32958984375,0.048828125,-0.47607421875,0.09765625,0.244140625,-0.10986328125,-0.72021484375,0.03662109375,-1.42822265625,0.0732421875,-0.98876953125,0.25634765625,0.4150390625,0.06103515625,0.74462890625,-0.146484375,0.5615234375,-0.09765625,0.1708984375,0.03662109375,0.732421875,0.048828125,-0.0244140625,0.0732421875,0.8056640625,-0.01220703125,-0.4150390625,-0.048828125,-0.5126953125
1,-0.390625,-0.341796875,0.0732421875,-0.341796875,-0.10986328125,-0.390625,0.09765625,-0.0244140625,-0.03662109375,-0.15869140625,0.06103515625,-1.171875,-0.13427734375,1.03759765625,0.2685546875,-0.3662109375,-0.30517578125,-0.09765625,0.57373046875,0.1953125,0.15869140625,1.1962890625,-0.08544921875,-0.23193359375,-0.25634765625,-0.09765625,-0.18310546875,-0.72021484375,-0.37841796875,1.0009765625,-0.1708984375,0.28076171875,-0.13427734375,-0.28076171875,0.0244140625,-0.81787109375,-0.146484375,-0.42724609375,0.18310546875,-0.68359375,0,-0.23193359375,0.01220703125,-0.7080078125,-0.35400390625,-0.23193359375,-0.08544921875,0.47607421875,-0.15869140625,2.1484375,0.25634765625,0.47607421875,-0.048828125,-0.146484375,-0.42724609375,0.7568359375,0.35400390625,0.64697265625,0.09765625,0.50048828125,-0.0244140625,0.537109375,-0.62255859375,0.146484375,-0.28076171875,0.30517578125,0.08544921875,1.0986328125,-0.244140625,0.146484375,-0.08544921875,0.2685546875,-0.40283203125,0.35400390625,-0.048828125,0.93994140625,-0.08544921875,0.0244140625,0.3173828125,1.3671875,-0.3662109375,-0.9521484375,0.20751953125,-0.2685546875,0.13427734375,-0.93994140625,0.0732421875,-0.72021484375,-0.01220703125,-1.4404296875,-0.146484375,-0.1708984375,-0.1953125,-0.3173828125,-0.08544921875,-1.13525390625,-0.146484375,1.5625,-0.2197265625,-0.15869140625,-0.01220703125,-0.35400390625,0.08544921875,0.4150390625,-0.25634765625,-0.69580078125,-0.01220703125,-1.42822265625,0.048828125,-0.98876953125,0.18310546875,0.4150390625,0.06103515625,0.68359375,-0.1220703125,0.4638671875,-0.08544921875,0.13427734375,0.08544921875,0.927734375,0.048828125,-0.03662109375,0.0732421875,0.830078125,0.03662109375,-0.4150390625,-0.048828125,-0.5126953125
1,-0.390625,-0.341796875,0.10986328125,-0.3662109375,-0.09765625,-0.390625,0.13427734375,-0.03662109375,-0.0244140625,-0.13427734375,-0.048828125,-1.15966796875,-0.18310546875,1.07421875,0.1953125,-0.3662109375,-0.35400390625,-0.0244140625,0.6591796875,0.29296875,0.20751953125,1.2451171875,-0.01220703125,-0.146484375,-0.30517578125,-0.09765625,-0.244140625,-0.74462890625,-0.37841796875,0.98876953125,-0.10986328125,0.2685546875,-0.15869140625,-0.28076171875,0.06103515625,-0.79345703125,-0.0732421875,-0.439453125,0.25634765625,-0.67138671875,0.0732421875,-0.2197265625,0.06103515625,-0.7080078125,-0.30517578125,-0.2197265625,-0.0732421875,0.4638671875,-0.146484375,2.18505859375,0.341796875,0.50048828125,0.0244140625,-0.13427734375,-0.37841796875,0.74462890625,0.29296875,0.62255859375,0.08544921875,0.50048828125,-0.146484375,0.54931640625,-0.62255859375,0.1220703125,-0.20751953125,0.32958984375,0.146484375,1.08642578125,-0.2197265625,0.15869140625,-0.0732421875,0.2685546875,-0.37841796875,0.341796875,-0.06103515625,0.91552734375,-0.0732421875,0.03662109375,0.35400390625,1.37939453125,-0.28076171875,-0.96435546875,0.2685546875,-0.28076171875,0.146484375,-0.93994140625,0.1220703125,-0.74462890625,-0.06103515625,-1.47705078125,-0.2197265625,-0.18310546875,-0.10986328125,-0.2685546875,-0.15869140625,-1.13525390625,-0.08544921875,2.18505859375,-0.09765625,0.06103515625,-0.10986328125,-0.2197265625,0.0732421875,0.62255859375,-0.32958984375,-0.69580078125,-0.0732421875,-1.4404296875,0,-0.98876953125,0.18310546875,0.390625,0.048828125,0.78125,-0.10986328125,0.50048828125,-0.08544921875,0.20751953125,0.08544921875,1.318359375,0.0244140625,-0.048828125,0.0732421875,0.830078125,0.0732421875,-0.40283203125,-0.08544921875,-0.48828125
1,-0.37841796875,-0.341796875,0.1220703125,-0.3662109375,-0.15869140625,-0.4150390625,0.1708984375,-0.048828125,0.01220703125,-0.0732421875,-0.146484375,-1.0498046875,-0.1953125,1.30615234375,0.13427734375,-0.2685546875,-0.35400390625,0.06103515625,0.78125,0.3662109375,0.1953125,1.2451171875,0.03662109375,-0.08544921875,-0.29296875,-0.10986328125,-0.29296875,-0.7568359375,-0.3173828125,0.98876953125,-0.0732421875,0.2685546875,-0.0244140625,-0.29296875,0.10986328125,-0.8056640625,-0.01220703125,-0.4150390625,0.244140625,-0.67138671875,0.10986328125,-0.2197265625,0.09765625,-0.7080078125,-0.30517578125,-0.2197265625,-0.0732421875,0.45166015625,-0.20751953125,2.197265625,0.35400390625,0.48828125,0.08544921875,-0.1220703125,-0.3173828125,0.76904296875,0.18310546875,0.64697265625,0.03662109375,0.48828125,-0.20751953125,0.52490234375,-0.54931640625,0.1220703125,-0.1708984375,0.3173828125,0.1708984375,1.11083984375,-0.18310546875,0.15869140625,-0.10986328125,0.29296875,-0.32958984375,0.35400390625,-0.0244140625,0.89111328125,-0.08544921875,0.0244140625,0.3662109375,1.3916015625,-0.2197265625,-0.93994140625,0.28076171875,-0.29296875,0.10986328125,-0.93994140625,0.15869140625,-0.74462890625,-0.06103515625,-1.4892578125,-0.25634765625,-0.1708984375,0.0244140625,-0.244140625,-0.20751953125,-1.13525390625,-0.0244140625,2.83203125,0,0.28076171875,-0.20751953125,-0.08544921875,0.048828125,0.830078125,-0.30517578125,-0.69580078125,-0.1708984375,-1.42822265625,-0.0732421875,-0.9765625,0.13427734375,0.390625,0.03662109375,1.0498046875,-0.06103515625,0.732421875,-0.0732421875,0.4150390625,0.048828125,1.96533203125,0.01220703125,-0.0732421875,0.06103515625,0.84228515625,0.10986328125,-0.37841796875,-0.1220703125,-0.48828125
1,-0.390625,-0.3662109375,0.08544921875,-0.32958984375,-0.15869140625,-0.40283203125,0.20751953125,-0.03662109375,-0.01220703125,0.048828125,-0.29296875,-0.9033203125,-0.20751953125,1.7578125,0.08544921875,-0.09765625,-0.341796875,0.10986328125,0.81787109375,0.439453125,0.1708984375,1.2451171875,0.10986328125,-0.03662109375,-0.28076171875,-0.10986328125,-0.30517578125,-0.76904296875,-0.2197265625,0.9765625,-0.0244140625,0.25634765625,0.08544921875,-0.28076171875,0.1708984375,-0.8056640625,0.06103515625,-0.4150390625,0.244140625,-0.6591796875,0.09765625,-0.2197265625,0.15869140625,-0.7080078125,-0.28076171875,-0.1953125,-0.08544921875,0.45166015625,-0.20751953125,2.13623046875,0.390625,0.50048828125,0.13427734375,-0.10986328125,-0.28076171875,0.79345703125,0.09765625,0.64697265625,0.01220703125,0.48828125,-0.18310546875,0.52490234375,-0.50048828125,0.146484375,-0.146484375,0.35400390625,0.1953125,1.123046875,-0.146484375,0.18310546875,-0.1220703125,0.28076171875,-0.25634765625,0.3662109375,-0.0244140625,0.91552734375,-0.1220703125,0.03662109375,0.390625,1.40380859375,-0.15869140625,-0.91552734375,0.23193359375,-0.29296875,0.03662109375,-0.9521484375,0.2197265625,-0.7568359375,-0.06103515625,-1.50146484375,-0.29296875,-0.20751953125,0.15869140625,-0.244140625,-0.18310546875,-1.123046875,0,3.3935546875,0.10986328125,0.47607421875,-0.29296875,0.06103515625,0.0244140625,1.01318359375,-0.20751953125,-0.7080078125,-0.2685546875,-1.4404296875,-0.1708984375,-1.0009765625,0.09765625,0.390625,-0.01220703125,1.52587890625,-0.10986328125,1.18408203125,-0.0732421875,0.74462890625,-0.06103515625,2.8076171875,0.03662109375,-0.0732421875,0.0732421875,0.830078125,0.146484375,-0.390625,-0.13427734375,-0.50048828125
1,-0.4150390625,-0.3662109375,0.10986328125,-0.29296875,-0.15869140625,-0.390625,0.23193359375,-0.0244140625,-0.06103515625,0.23193359375,-0.390625,-0.7080078125,-0.244140625,2.44140625,0.048828125,0.146484375,-0.3173828125,0.1708984375,0.72021484375,0.50048828125,0.10986328125,1.25732421875,0.1220703125,-0.01220703125,-0.2197265625,-0.13427734375,-0.30517578125,-0.76904296875,-0.0732421875,0.98876953125,0.03662109375,0.244140625,0.1708984375,-0.2685546875,0.20751953125,-0.8056640625,0.10986328125,-0.4150390625,0.244140625,-0.67138671875,0.0732421875,-0.20751953125,0.2197265625,-0.68359375,-0.20751953125,-0.2197265625,-0.09765625,0.439453125,-0.2197265625,2.06298828125,0.37841796875,0.54931640625,0.146484375,-0.1220703125,-0.2685546875,0.8056640625,0.08544921875,0.6591796875,-0.0244140625,0.47607421875,-0.1220703125,0.5126953125,-0.439453125,0.1708984375,0,0.35400390625,0.2197265625,1.0986328125,-0.08544921875,0.20751953125,-0.15869140625,0.29296875,-0.18310546875,0.35400390625,0,0.86669921875,-0.146484375,0.0244140625,0.37841796875,1.416015625,-0.0732421875,-0.927734375,0.18310546875,-0.29296875,-0.03662109375,-0.927734375,0.244140625,-0.7568359375,-0.048828125,-1.513671875,-0.2685546875,-0.2197265625,0.25634765625,-0.20751953125,-0.09765625,-1.13525390625,-0.01220703125,3.84521484375,0.15869140625,0.64697265625,-0.30517578125,0.13427734375,0.0244140625,1.171875,-0.06103515625,-0.7080078125,-0.341796875,-1.4404296875,-0.25634765625,-0.98876953125,0.06103515625,0.4150390625,0.01220703125,2.1484375,-0.08544921875,1.79443359375,-0.0732421875,1.171875,0.01220703125,3.84521484375,0.03662109375,-0.08544921875,0.0732421875,0.830078125,0.1220703125,-0.390625,-0.146484375,-0.4638671875
1,-0.439453125,-0.3662109375,0.146484375,-0.28076171875,-0.10986328125,-0.3662109375,0.25634765625,0.01220703125,-0.0732421875,0.45166015625,-0.47607421875,-0.47607421875,-0.18310546875,3.271484375,0.03662109375,0.42724609375,-0.32958984375,0.15869140625,0.79345703125,0.52490234375,0.01220703125,1.23291015625,0.08544921875,0,-0.1708984375,-0.13427734375,-0.25634765625,-0.79345703125,0.03662109375,0.98876953125,0.06103515625,0.244140625,0.244140625,-0.28076171875,0.244140625,-0.8056640625,0.15869140625,-0.390625,0.23193359375,-0.69580078125,0.01220703125,-0.20751953125,0.28076171875,-0.68359375,-0.2197265625,-0.23193359375,-0.1220703125,0.4150390625,-0.28076171875,1.904296875,0.32958984375,0.54931640625,0.146484375,-0.08544921875,-0.2197265625,0.78125,0.09765625,0.64697265625,-0.01220703125,0.45166015625,-0.048828125,0.5126953125,-0.37841796875,0.15869140625,0.1953125,0.3662109375,0.1708984375,1.11083984375,-0.048828125,0.23193359375,-0.18310546875,0.3173828125,-0.10986328125,0.3662109375,0.03662109375,0.8544921875,-0.146484375,0.048828125,0.3173828125,1.42822265625,-0.03662109375,-0.91552734375,0.13427734375,-0.30517578125,-0.09765625,-0.9521484375,0.244140625,-0.7568359375,-0.0244140625,-1.513671875,-0.18310546875,-0.20751953125,0.30517578125,-0.244140625,0,-1.1474609375,0.01220703125,4.18701171875,0.18310546875,0.76904296875,-0.29296875,0.244140625,-0.06103515625,1.26953125,0.1220703125,-0.732421875,-0.37841796875,-1.42822265625,-0.32958984375,-1.01318359375,0.06103515625,0.42724609375,0,2.8564453125,-0.10986328125,2.52685546875,-0.0732421875,1.6845703125,-0.10986328125,4.99267578125,0.03662109375,-0.10986328125,0.08544921875,0.830078125,0.1220703125,-0.439453125,-0.1220703125,-0.4638671875
1,-0.4638671875,-0.3662109375,0.13427734375,-0.25634765625,-0.06103515625,-0.3662109375,0.25634765625,0.0244140625,-0.0732421875,0.69580078125,-0.50048828125,-0.20751953125,-0.15869140625,4.16259765625,0.01220703125,0.74462890625,-0.28076171875,0.15869140625,0.64697265625,0.537109375,-0.06103515625,1.220703125,0.0244140625,-0.0244140625,-0.10986328125,-0.1708984375,-0.2197265625,-0.78125,0.10986328125,0.98876953125,0.09765625,0.244140625,0.23193359375,-0.2685546875,0.29296875,-0.830078125,0.146484375,-0.40283203125,0.20751953125,-0.68359375,-0.06103515625,-0.2197265625,0.28076171875,-0.67138671875,-0.244140625,-0.2685546875,-0.09765625,0.40283203125,-0.29296875,1.77001953125,0.25634765625,0.5615234375,0.08544921875,-0.08544921875,-0.20751953125,0.78125,0.048828125,0.6591796875,0.048828125,0.439453125,0.03662109375,0.5126953125,-0.3173828125,0.15869140625,0.3662109375,0.390625,0.1708984375,1.11083984375,0,0.25634765625,-0.15869140625,0.30517578125,-0.06103515625,0.35400390625,0.03662109375,0.86669921875,-0.1708984375,0.048828125,0.244140625,1.416015625,-0.0244140625,-0.9521484375,0.06103515625,-0.29296875,-0.13427734375,-0.96435546875,0.1708984375,-0.7568359375,0,-1.513671875,-0.09765625,-0.23193359375,0.28076171875,-0.244140625,0.10986328125,-1.13525390625,0.0244140625,4.3701171875,0.18310546875,0.8056640625,-0.244140625,0.29296875,-0.09765625,1.30615234375,0.20751953125,-0.732421875,-0.3173828125,-1.4404296875,-0.32958984375,-1.0009765625,0.0244140625,0.42724609375,-0.03662109375,3.57666015625,-0.15869140625,3.30810546875,-0.0732421875,2.23388671875,-0.146484375,6.15234375,0.01220703125,-0.10986328125,0.06103515625,0.84228515625,0.09765625,-0.45166015625,-0.146484375,-0.48828125
1,-0.45166015625,-0.3662109375,0.1953125,-0.2685546875,-0.0244140625,-0.35400390625,0.244140625,0.0244140625,-0.08544921875,0.93994140625,-0.47607421875,0.03662109375,-0.13427734375,5.0537109375,0,1.03759765625,-0.2685546875,0.13427734375,0.4638671875,0.5126953125,-0.10986328125,1.18408203125,-0.06103515625,-0.0732421875,-0.03662109375,-0.18310546875,-0.1708984375,-0.78125,0.13427734375,1.0009765625,0.1220703125,0.2685546875,0.1953125,-0.29296875,0.32958984375,-0.830078125,0.03662109375,-0.40283203125,0.18310546875,-0.69580078125,-0.1708984375,-0.23193359375,0.2685546875,-0.67138671875,-0.32958984375,-0.30517578125,-0.09765625,0.37841796875,-0.2685546875,1.62353515625,0.15869140625,0.54931640625,0,-0.08544921875,-0.20751953125,0.8056640625,-0.06103515625,0.67138671875,0.15869140625,0.45166015625,0.18310546875,0.5126953125,-0.23193359375,0.15869140625,0.52490234375,0.37841796875,0.13427734375,1.0986328125,0.0244140625,0.244140625,-0.15869140625,0.29296875,-0.048828125,0.35400390625,0.048828125,0.8544921875,-0.1953125,0.048828125,0.1953125,1.40380859375,-0.03662109375,-0.9521484375,0.01220703125,-0.30517578125,-0.18310546875,-0.96435546875,0.06103515625,-0.7568359375,0.03662109375,-1.513671875,-0.03662109375,-0.23193359375,0.20751953125,-0.2685546875,0.244140625,-1.1474609375,0.1220703125,4.38232421875,0.09765625,0.81787109375,-0.15869140625,0.29296875,-0.146484375,1.28173828125,0.28076171875,-0.72021484375,-0.1953125,-1.42822265625,-0.32958984375,-0.98876953125,0.0244140625,0.439453125,-0.03662109375,4.248046875,-0.15869140625,4.04052734375,-0.0732421875,2.734375,-0.0244140625,7.32421875,0.01220703125,-0.08544921875,0.0732421875,0.86669921875,0.08544921875,-0.4638671875,-0.13427734375,-0.4638671875
1,-0.439453125,-0.35400390625,0.1220703125,-0.28076171875,0,-0.341796875,0.2685546875,0.0244140625,-0.09765625,1.15966796875,-0.4150390625,0.244140625,-0.08544921875,5.84716796875,0,1.28173828125,-0.244140625,0.08544921875,0.45166015625,0.45166015625,-0.10986328125,1.1474609375,-0.1708984375,-0.13427734375,0.0244140625,-0.1953125,-0.09765625,-0.78125,0.13427734375,0.96435546875,0.1708984375,0.2685546875,0.1708984375,-0.2685546875,0.32958984375,-0.8544921875,-0.06103515625,-0.37841796875,0.18310546875,-0.7080078125,-0.30517578125,-0.20751953125,0.23193359375,-0.67138671875,-0.5126953125,-0.3662109375,0.01220703125,0.40283203125,-0.3662109375,1.5625,0.0244140625,0.52490234375,-0.09765625,-0.13427734375,-0.2685546875,0.79345703125,-0.03662109375,0.68359375,0.2197265625,0.439453125,0.341796875,0.5126953125,-0.1953125,0.1708984375,0.54931640625,0.32958984375,0.10986328125,1.11083984375,0.048828125,0.244140625,-0.13427734375,0.28076171875,-0.08544921875,0.32958984375,0.06103515625,0.86669921875,-0.18310546875,0.048828125,0.1220703125,1.40380859375,-0.146484375,-0.96435546875,0.0244140625,-0.28076171875,-0.1708984375,-0.9521484375,-0.08544921875,-0.74462890625,-0.01220703125,-1.50146484375,0.048828125,-0.23193359375,0.10986328125,-0.2685546875,0.3662109375,-1.15966796875,0.15869140625,4.2236328125,0.048828125,0.74462890625,-0.048828125,0.2685546875,-0.18310546875,1.20849609375,0.2685546875,-0.72021484375,-0.048828125,-1.42822265625,-0.28076171875,-1.0009765625,0,0.45166015625,-0.048828125,4.78515625,-0.18310546875,4.67529296875,-0.0732421875,3.16162109375,0,8.33740234375,0.0244140625,-0.08544921875,0.06103515625,0.9033203125,0.08544921875,-0.439453125,-0.13427734375,-0.4638671875
1,-0.4150390625,-0.341796875,0.146484375,-0.30517578125,0,-0.32958984375,0.2685546875,0.0244140625,-0.09765625,1.3427734375,-0.341796875,0.40283203125,-0.18310546875,6.45751953125,0,1.47705078125,-0.244140625,0.01220703125,0.35400390625,0.3662109375,-0.08544921875,1.0498046875,-0.30517578125,-0.244140625,0.08544921875,-0.146484375,-0.048828125,-0.76904296875,0.08544921875,0.9765625,0.2197265625,0.2685546875,0.13427734375,-0.25634765625,0.341796875,-0.84228515625,-0.1708984375,-0.35400390625,0.20751953125,-0.6591796875,-0.4638671875,-0.1953125,0.146484375,-0.68359375,-0.6591796875,-0.439453125,0.0244140625,0.439453125,-0.439453125,1.52587890625,-0.0732421875,0.5126953125,-0.1953125,-0.18310546875,-0.35400390625,0.78125,-0.08544921875,0.6591796875,0.23193359375,0.45166015625,0.54931640625,0.5126953125,-0.1953125,0.15869140625,0.5615234375,0.30517578125,0.09765625,1.0986328125,0.03662109375,0.23193359375,-0.06103515625,0.29296875,-0.10986328125,0.32958984375,0.06103515625,0.89111328125,-0.1708984375,0.048828125,0.09765625,1.37939453125,-0.20751953125,-0.98876953125,0.0244140625,-0.29296875,-0.18310546875,-0.9765625,-0.25634765625,-0.732421875,0,-1.513671875,0.15869140625,-0.23193359375,0.06103515625,-0.3173828125,0.4638671875,-1.18408203125,0.06103515625,3.91845703125,0.01220703125,0.67138671875,0.01220703125,0.20751953125,-0.1708984375,1.11083984375,0.2197265625,-0.7080078125,0.08544921875,-1.42822265625,-0.20751953125,-1.0009765625,-0.01220703125,0.4638671875,0,5.16357421875,-0.15869140625,5.1513671875,-0.048828125,3.47900390625,0.01220703125,9.1552734375,0.0244140625,-0.08544921875,0.048828125,0.927734375,0.09765625,-0.42724609375,-0.1220703125,-0.47607421875
1,-0.42724609375,-0.32958984375,0.146484375,-0.341796875,0,-0.35400390625,0.28076171875,0,-0.03662109375,1.4404296875,-0.28076171875,0.50048828125,-0.2197265625,6.82373046875,-0.01220703125,1.57470703125,-0.29296875,-0.06103515625,0.2685546875,0.2685546875,-0.18310546875,0.9765625,-0.42724609375,-0.29296875,0.1220703125,-0.13427734375,0,-0.78125,-0.03662109375,0.96435546875,0.25634765625,0.2685546875,0.13427734375,-0.23193359375,0.3173828125,-0.84228515625,-0.29296875,-0.35400390625,0.1953125,-0.6591796875,-0.5859375,-0.2197265625,0.09765625,-0.68359375,-0.76904296875,-0.47607421875,0.06103515625,0.439453125,-0.50048828125,1.52587890625,-0.146484375,0.47607421875,-0.2685546875,-0.1953125,-0.37841796875,0.79345703125,-0.048828125,0.6591796875,0.1953125,0.4638671875,0.72021484375,0.48828125,-0.1953125,0.146484375,0.6103515625,0.30517578125,0.03662109375,1.08642578125,0.0244140625,0.23193359375,-0.03662109375,0.2685546875,-0.13427734375,0.3173828125,0.0732421875,0.84228515625,-0.18310546875,0.03662109375,0.0244140625,1.3671875,-0.29296875,-0.98876953125,0.01220703125,-0.29296875,-0.20751953125,-0.9521484375,-0.37841796875,-0.732421875,0.048828125,-1.50146484375,0.20751953125,-0.244140625,-0.0244140625,-0.341796875,0.45166015625,-1.171875,-0.03662109375,3.564453125,-0.01220703125,0.54931640625,0.048828125,0.13427734375,-0.146484375,0.98876953125,0.1953125,-0.69580078125,0.146484375,-1.416015625,-0.146484375,-0.98876953125,-0.0244140625,0.45166015625,-0.01220703125,5.37109375,-0.15869140625,5.419921875,-0.06103515625,3.69873046875,0.01220703125,9.765625,0.06103515625,-0.03662109375,0.048828125,0.927734375,0.09765625,-0.439453125,-0.1220703125,-0.47607421875
1,-0.390625,-0.3173828125,0.09765625,-0.341796875,-0.01220703125,-0.3662109375,0.29296875,0,0.01220703125,1.513671875,-0.23193359375,0.52490234375,-0.25634765625,6.9091796875,0,1.62353515625,-0.35400390625,-0.15869140625,0.4150390625,0.18310546875,-0.23193359375,0.9033203125,-0.439453125,-0.3662109375,0.10986328125,-0.146484375,0.01220703125,-0.76904296875,-0.146484375,0.96435546875,0.2685546875,0.25634765625,0.13427734375,-0.23193359375,0.20751953125,-0.84228515625,-0.35400390625,-0.35400390625,0.146484375,-0.68359375,-0.69580078125,-0.2197265625,0.0732421875,-0.69580078125,-0.91552734375,-0.52490234375,0.0732421875,0.42724609375,-0.54931640625,1.57470703125,-0.20751953125,0.4638671875,-0.3173828125,-0.20751953125,-0.37841796875,0.76904296875,-0.048828125,0.6591796875,0.1953125,0.47607421875,0.79345703125,0.4638671875,-0.25634765625,0.15869140625,0.62255859375,0.25634765625,0,1.11083984375,0.01220703125,0.20751953125,0.03662109375,0.244140625,-0.146484375,0.29296875,0.0244140625,0.84228515625,-0.1708984375,0.0244140625,-0.0244140625,1.3427734375,-0.32958984375,-0.9765625,-0.0244140625,-0.30517578125,-0.2197265625,-0.96435546875,-0.4638671875,-0.732421875,0.048828125,-1.50146484375,0.20751953125,-0.25634765625,0,-0.32958984375,0.37841796875,-1.171875,-0.15869140625,3.1982421875,0.01220703125,0.439453125,0.06103515625,0.048828125,-0.09765625,0.86669921875,0.146484375,-0.69580078125,0.146484375,-1.42822265625,-0.08544921875,-0.98876953125,0,0.4638671875,-0.048828125,5.45654296875,-0.1953125,5.5419921875,-0.09765625,3.759765625,-0.10986328125,10.14404296875,0.0732421875,-0.0244140625,0.06103515625,0.9521484375,0.09765625,-0.4150390625,-0.08544921875,-0.47607421875
1,-0.4150390625,-0.3173828125,0.1953125,-0.341796875,-0.0244140625,-0.3662109375,0.29296875,-0.01220703125,0.1220703125,1.47705078125,-0.20751953125,0.47607421875,-0.29296875,6.75048828125,0.03662109375,1.59912109375,-0.45166015625,-0.2197265625,0.439453125,0.13427734375,-0.29296875,0.86669921875,-0.45166015625,-0.4150390625,0.09765625,-0.13427734375,0.0244140625,-0.7568359375,-0.2685546875,0.96435546875,0.25634765625,0.25634765625,0.09765625,-0.20751953125,0.146484375,-0.8544921875,-0.40283203125,-0.35400390625,0.0732421875,-0.6591796875,-0.69580078125,-0.2197265625,0.03662109375,-0.69580078125,-0.927734375,-0.57373046875,0.06103515625,0.4638671875,-0.52490234375,1.66015625,-0.2197265625,0.4638671875,-0.3662109375,-0.1953125,-0.341796875,0.7568359375,0.0244140625,0.6591796875,0.10986328125,0.48828125,0.8544921875,0.4638671875,-0.28076171875,0.146484375,0.69580078125,0.244140625,-0.01220703125,1.11083984375,0.01220703125,0.1708984375,0.03662109375,0.23193359375,-0.1220703125,0.29296875,-0.01220703125,0.84228515625,-0.1953125,0.01220703125,-0.0244140625,1.3427734375,-0.32958984375,-0.96435546875,-0.06103515625,-0.29296875,-0.20751953125,-0.98876953125,-0.48828125,-0.76904296875,0.03662109375,-1.52587890625,0.1708984375,-0.28076171875,0.01220703125,-0.35400390625,0.25634765625,-1.18408203125,-0.30517578125,2.84423828125,0,0.341796875,-0.01220703125,-0.03662109375,-0.03662109375,0.7568359375,0.146484375,-0.69580078125,0.13427734375,-1.416015625,-0.048828125,-1.01318359375,0.03662109375,0.4638671875,-0.0732421875,5.3955078125,-0.15869140625,5.52978515625,-0.0732421875,3.72314453125,0.0244140625,10.302734375,0.0732421875,0.01220703125,0.048828125,0.93994140625,0.08544921875,-0.390625,-0.08544921875,-0.47607421875
1,-0.40283203125,-0.3173828125,0.1708984375,-0.35400390625,-0.0244140625,-0.390625,0.29296875,-0.01220703125,0.1953125,1.3916015625,-0.1953125,0.3662109375,-0.32958984375,6.40869140625,0.08544921875,1.45263671875,-0.5126953125,-0.28076171875,0.48828125,0.08544921875,-0.45166015625,0.830078125,-0.40283203125,-0.45166015625,0.03662109375,-0.13427734375,-0.01220703125,-0.7568359375,-0.3173828125,0.93994140625,0.1708984375,0.25634765625,0,-0.1953125,0.048828125,-0.830078125,-0.3662109375,-0.3662109375,0.048828125,-0.68359375,-0.6591796875,-0.2197265625,0.03662109375,-0.69580078125,-1.025390625,-0.54931640625,0.1220703125,0.4638671875,-0.4638671875,1.708984375,-0.1953125,0.47607421875,-0.35400390625,-0.18310546875,-0.23193359375,0.76904296875,0.10986328125,0.67138671875,0.0732421875,0.50048828125,0.86669921875,0.4638671875,-0.35400390625,0.13427734375,0.68359375,0.244140625,-0.06103515625,1.0986328125,0.0244140625,0.146484375,0.0244140625,0.23193359375,-0.09765625,0.29296875,-0.0732421875,0.8056640625,-0.20751953125,0.0244140625,-0.0244140625,1.3427734375,-0.32958984375,-0.9521484375,-0.1220703125,-0.30517578125,-0.18310546875,-0.98876953125,-0.45166015625,-0.7568359375,0.06103515625,-1.52587890625,0.08544921875,-0.2685546875,0.03662109375,-0.35400390625,0.08544921875,-1.1962890625,-0.439453125,2.57568359375,0.03662109375,0.28076171875,-0.09765625,-0.08544921875,0.0244140625,0.7080078125,0.1708984375,-0.69580078125,0.048828125,-1.416015625,-0.048828125,-1.025390625,0.10986328125,0.45166015625,-0.06103515625,5.28564453125,-0.15869140625,5.3955078125,-0.0732421875,3.6376953125,0.1220703125,10.29052734375,0.08544921875,0.0244140625,0.0732421875,0.927734375,0.0732421875,-0.390625,-0.0732421875,-0.47607421875
0,-0.37841796875,-0.3173828125,0.1708984375,-0.35400390625,-0.01220703125,-0.37841796875,0.25634765625,-0.03662109375,0.244140625,1.2451171875,-0.20751953125,0.244140625,-0.3662109375,5.908203125,0.08544921875,1.33056640625,-0.50048828125,-0.32958984375,0.72021484375,0.0732421875,-0.40283203125,0.81787109375,-0.15869140625,-0.47607421875,-0.01220703125,-0.13427734375,-0.0732421875,-0.7568359375,-0.341796875,0.96435546875,0.08544921875,0.25634765625,-0.09765625,-0.1708984375,-0.048828125,-0.830078125,-0.29296875,-0.390625,0.06103515625,-0.69580078125,-0.59814453125,-0.1953125,0.03662109375,-0.68359375,-0.9765625,-0.52490234375,0.10986328125,0.47607421875,-0.48828125,1.77001953125,-0.1953125,0.50048828125,-0.32958984375,-0.1708984375,-0.15869140625,0.78125,0.09765625,0.67138671875,0.01220703125,0.5126953125,0.8544921875,0.47607421875,-0.390625,0.146484375,0.64697265625,0.25634765625,-0.10986328125,1.0986328125,-0.01220703125,0.146484375,0,0.244140625,-0.08544921875,0.29296875,-0.1708984375,0.8056640625,-0.2197265625,0.01220703125,-0.01220703125,1.35498046875,-0.28076171875,-0.9521484375,-0.1708984375,-0.29296875,-0.1708984375,-0.98876953125,-0.32958984375,-0.76904296875,0.048828125,-1.513671875,0,-0.2685546875,0.08544921875,-0.3173828125,-0.10986328125,-1.1962890625,-0.4638671875,2.42919921875,0.048828125,0.23193359375,-0.18310546875,-0.13427734375,0.10986328125,0.68359375,0.1708984375,-0.69580078125,-0.06103515625,-1.4404296875,-0.0732421875,-1.03759765625,0.1708984375,0.45166015625,-0.0732421875,5.126953125,-0.13427734375,5.21240234375,-0.0732421875,3.4912109375,0.0244140625,10.107421875,0.09765625,-0.01220703125,0.08544921875,0.9033203125,0.0732421875,-0.390625,-0.048828125,-0.45166015625
0,-0.3662109375,-0.29296875,0.1708984375,-0.341796875,-0.0244140625,-0.3662109375,0.25634765625,-0.06103515625,0.23193359375,1.08642578125,-0.23193359375,0.0732421875,-0.37841796875,5.35888671875,0.06103515625,1.123046875,-0.5126953125,-0.3662109375,0.6591796875,0.06103515625,-0.35400390625,0.830078125,0,-0.48828125,-0.0732421875,-0.146484375,-0.13427734375,-0.76904296875,-0.3173828125,0.9521484375,-0.06103515625,0.25634765625,-0.1220703125,-0.15869140625,-0.08544921875,-0.81787109375,-0.2197265625,-0.37841796875,0.0244140625,-0.69580078125,-0.4638671875,-0.1953125,0.048828125,-0.68359375,-1.03759765625,-0.45166015625,0.09765625,0.45166015625,-0.5126953125,1.7578125,-0.10986328125,0.5126953125,-0.2685546875,-0.1220703125,-0.0732421875,0.8056640625,0.08544921875,0.68359375,-0.09765625,0.50048828125,0.76904296875,0.47607421875,-0.3662109375,0.15869140625,0.57373046875,0.29296875,-0.2197265625,1.0986328125,-0.03662109375,0.13427734375,-0.01220703125,0.244140625,-0.09765625,0.30517578125,-0.1953125,0.8056640625,-0.25634765625,0,0.0244140625,1.37939453125,-0.23193359375,-0.93994140625,-0.2197265625,-0.3173828125,-0.18310546875,-0.98876953125,-0.1953125,-0.76904296875,0.0244140625,-1.52587890625,-0.0732421875,-0.244140625,0,-0.29296875,-0.23193359375,-1.20849609375,-0.50048828125,2.42919921875,0.0244140625,0.244140625,-0.244140625,-0.13427734375,0.1708984375,0.7080078125,0.146484375,-0.68359375,-0.1708984375,-1.416015625,-0.1220703125,-1.025390625,0.244140625,0.45166015625,-0.06103515625,4.9560546875,-0.13427734375,5.01708984375,-0.06103515625,3.3447265625,-0.048828125,9.80224609375,0.08544921875,-0.048828125,0.10986328125,0.86669921875,0.0732421875,-0.37841796875,-0.0244140625,-0.4638671875
0,-0.3662109375,-0.29296875,0.1708984375,-0.341796875,-0.01220703125,-0.37841796875,0.23193359375,-0.06103515625,0.13427734375,0.9033203125,-0.2685546875,-0.08544921875,-0.40283203125,4.79736328125,0.03662109375,0.89111328125,-0.4150390625,-0.37841796875,0.67138671875,0.08544921875,-0.2685546875,0.8544921875,0.15869140625,-0.4638671875,-0.13427734375,-0.146484375,-0.2197265625,-0.79345703125,-0.30517578125,0.96435546875,-0.2197265625,0.2685546875,-0.15869140625,-0.15869140625,-0.15869140625,-0.830078125,-0.1220703125,-0.37841796875,0.048828125,-0.68359375,-0.37841796875,-0.18310546875,0.0732421875,-0.64697265625,-0.93994140625,-0.37841796875,0.146484375,0.47607421875,-0.42724609375,1.69677734375,-0.06103515625,0.54931640625,-0.23193359375,-0.09765625,0.0732421875,0.8056640625,0.1708984375,0.7080078125,-0.1953125,0.47607421875,0.62255859375,0.47607421875,-0.32958984375,0.15869140625,0.4638671875,0.3173828125,-0.30517578125,1.08642578125,-0.048828125,0.13427734375,-0.048828125,0.244140625,-0.146484375,0.3173828125,-0.2685546875,0.79345703125,-0.2197265625,0.0244140625,0.0244140625,1.3671875,-0.1708984375,-0.927734375,-0.20751953125,-0.341796875,-0.15869140625,-0.98876953125,-0.09765625,-0.79345703125,-0.01220703125,-1.52587890625,-0.13427734375,-0.244140625,-0.09765625,-0.2685546875,-0.28076171875,-1.18408203125,-0.50048828125,2.5390625,-0.0244140625,0.2685546875,-0.25634765625,-0.09765625,0.1953125,0.7568359375,0.0732421875,-0.732421875,-0.25634765625,-1.4404296875,-0.146484375,-1.01318359375,0.30517578125,0.45166015625,-0.06103515625,4.78515625,-0.13427734375,4.8095703125,-0.0732421875,3.1494140625,-0.09765625,9.33837890625,0.10986328125,-0.048828125,0.13427734375,0.84228515625,0.048828125,-0.40283203125,0.03662109375,-0.4638671875
0,-0.390625,-0.30517578125,0.20751953125,-0.3173828125,0.01220703125,-0.3662109375,0.2197265625,-0.0244140625,0.03662109375,0.74462890625,-0.2685546875,-0.2197265625,-0.42724609375,4.2724609375,-0.03662109375,0.732421875,-0.3662109375,-0.37841796875,0.7568359375,0.10986328125,-0.08544921875,0.927734375,0.25634765625,-0.45166015625,-0.2197265625,-0.146484375,-0.23193359375,-0.76904296875,-0.30517578125,0.9521484375,-0.32958984375,0.28076171875,-0.10986328125,-0.13427734375,-0.15869140625,-0.8056640625,-0.0244140625,-0.390625,0.0244140625,-0.7080078125,-0.29296875,-0.18310546875,0.13427734375,-0.6591796875,-0.86669921875,-0.29296875,0.09765625,0.4638671875,-0.4150390625,1.611328125,-0.0244140625,0.57373046875,-0.1708984375,-0.08544921875,0.18310546875,0.8056640625,0.1708984375,0.72021484375,-0.2685546875,0.45166015625,0.5126953125,0.4638671875,-0.2685546875,0.18310546875,0.37841796875,0.35400390625,-0.341796875,1.123046875,-0.0732421875,0.146484375,-0.1220703125,0.2685546875,-0.20751953125,0.3173828125,-0.2685546875,0.81787109375,-0.2197265625,0.03662109375,0.048828125,1.40380859375,-0.146484375,-0.9033203125,-0.15869140625,-0.35400390625,-0.08544921875,-0.98876953125,-0.0244140625,-0.78125,-0.03662109375,-1.52587890625,-0.15869140625,-0.1953125,-0.23193359375,-0.2685546875,-0.2197265625,-1.18408203125,-0.42724609375,2.72216796875,-0.09765625,0.30517578125,-0.25634765625,-0.06103515625,0.1953125,0.79345703125,0.01220703125,-0.72021484375,-0.30517578125,-1.416015625,-0.1708984375,-0.98876953125,0.341796875,0.45166015625,-0.048828125,4.6142578125,-0.13427734375,4.6142578125,-0.08544921875,2.96630859375,-0.08544921875,8.837890625,0.08544921875,-0.08544921875,0.146484375,0.830078125,0.0244140625,-0.4150390625,0.03662109375,-0.47607421875
0,-0.4150390625,-0.28076171875,0.20751953125,-0.30517578125,0.0244140625,-0.37841796875,0.1953125,-0.01220703125,-0.0732421875,0.5859375,-0.2685546875,-0.37841796875,-0.45166015625,3.8330078125,-0.0732421875,0.54931640625,-0.25634765625,-0.35400390625,0.7568359375,0.15869140625,0.048828125,0.96435546875,0.1953125,-0.42724609375,-0.2685546875,-0.146484375,-0.25634765625,-0.78125,-0.3173828125,0.9765625,-0.35400390625,0.25634765625,-0.048828125,-0.15869140625,-0.09765625,-0.8056640625,0.03662109375,-0.390625,0.06103515625,-0.69580078125,-0.244140625,-0.18310546875,0.15869140625,-0.64697265625,-0.69580078125,-0.2197265625,0.1220703125,0.48828125,-0.35400390625,1.4892578125,0.01220703125,0.57373046875,-0.10986328125,-0.0732421875,0.29296875,0.81787109375,0.1708984375,0.72021484375,-0.30517578125,0.45166015625,0.3173828125,0.47607421875,-0.20751953125,0.1708984375,0.25634765625,0.37841796875,-0.37841796875,1.123046875,-0.0732421875,0.18310546875,-0.1953125,0.28076171875,-0.25634765625,0.3662109375,-0.2685546875,0.81787109375,-0.1708984375,0.06103515625,0.048828125,1.40380859375,-0.1220703125,-0.927734375,-0.06103515625,-0.35400390625,-0.03662109375,-0.9765625,0.03662109375,-0.78125,-0.09765625,-1.52587890625,-0.146484375,-0.1953125,-0.30517578125,-0.28076171875,-0.10986328125,-1.15966796875,-0.341796875,2.9052734375,-0.146484375,0.3662109375,-0.20751953125,0,0.146484375,0.84228515625,-0.06103515625,-0.72021484375,-0.29296875,-1.4404296875,-0.15869140625,-1.01318359375,0.40283203125,0.45166015625,-0.048828125,4.45556640625,-0.1220703125,4.443359375,-0.09765625,2.79541015625,-0.10986328125,8.33740234375,0.048828125,-0.09765625,0.146484375,0.84228515625,0,-0.42724609375,0.08544921875,-0.48828125
0,-0.42724609375,-0.2685546875,0.23193359375,-0.28076171875,-0.01220703125,-0.35400390625,0.1953125,0,-0.146484375,0.4638671875,-0.25634765625,-0.5126953125,-0.4638671875,3.41796875,-0.1220703125,0.390625,-0.1953125,-0.3173828125,0.96435546875,0.2197265625,0.15869140625,1.03759765625,0.09765625,-0.40283203125,-0.3173828125,-0.146484375,-0.28076171875,-0.78125,-0.35400390625,0.98876953125,-0.30517578125,0.2685546875,0.06103515625,-0.1708984375,-0.0732421875,-0.830078125,0.06103515625,-0.390625,0.08544921875,-0.69580078125,-0.20751953125,-0.1953125,0.20751953125,-0.6591796875,-0.634765625,-0.146484375,0.18310546875,0.50048828125,-0.341796875,1.3916015625,0.03662109375,0.54931640625,-0.06103515625,-0.08544921875,0.341796875,0.8056640625,0.08544921875,0.72021484375,-0.28076171875,0.439453125,0.15869140625,0.47607421875,-0.146484375,0.18310546875,0.18310546875,0.40283203125,-0.35400390625,1.123046875,-0.06103515625,0.2197265625,-0.25634765625,0.29296875,-0.30517578125,0.35400390625,-0.30517578125,0.830078125,-0.10986328125,0.048828125,0.0244140625,1.40380859375,-0.1220703125,-0.9521484375,0.048828125,-0.341796875,-0.01220703125,-0.9765625,0.06103515625,-0.78125,-0.146484375,-1.513671875,-0.13427734375,-0.1953125,-0.390625,-0.28076171875,0.048828125,-1.18408203125,-0.2685546875,3.0029296875,-0.18310546875,0.37841796875,-0.15869140625,0.01220703125,0.0732421875,0.8544921875,-0.146484375,-0.72021484375,-0.25634765625,-1.4404296875,-0.18310546875,-0.98876953125,0.3662109375,0.439453125,-0.0732421875,4.28466796875,-0.15869140625,4.248046875,-0.08544921875,2.63671875,0,7.8369140625,0.03662109375,-0.1220703125,0.1220703125,0.8544921875,0.03662109375,-0.439453125,0.08544921875,-0.50048828125
0,-0.40283203125,-0.244140625,0.23193359375,-0.25634765625,-0.0244140625,-0.3662109375,0.1953125,0.01220703125,-0.1708984375,0.341796875,-0.25634765625,-0.6103515625,-0.439453125,3.06396484375,-0.146484375,0.244140625,-0.08544921875,-0.2685546875,0.81787109375,0.29296875,0.1708984375,1.123046875,-0.03662109375,-0.35400390625,-0.3173828125,-0.1220703125,-0.30517578125,-0.76904296875,-0.35400390625,0.98876953125,-0.1953125,0.2685546875,0.15869140625,-0.1953125,0.03662109375,-0.830078125,0.03662109375,-0.4150390625,0.10986328125,-0.69580078125,-0.1708984375,-0.2197265625,0.20751953125,-0.6591796875,-0.5859375,-0.10986328125,0.1953125,0.537109375,-0.47607421875,1.28173828125,0.01220703125,0.52490234375,0,-0.13427734375,0.32958984375,0.8056640625,-0.048828125,0.74462890625,-0.23193359375,0.439453125,0.06103515625,0.50048828125,-0.10986328125,0.1708984375,0.06103515625,0.4150390625,-0.341796875,1.123046875,-0.048828125,0.23193359375,-0.32958984375,0.29296875,-0.32958984375,0.3662109375,-0.30517578125,0.8544921875,-0.0732421875,0.06103515625,-0.0244140625,1.40380859375,-0.13427734375,-0.93994140625,0.1708984375,-0.32958984375,0.03662109375,-0.96435546875,0.03662109375,-0.7568359375,-0.18310546875,-1.50146484375,-0.09765625,-0.18310546875,-0.45166015625,-0.28076171875,0.2197265625,-1.15966796875,-0.1220703125,2.94189453125,-0.1953125,0.35400390625,-0.146484375,0,-0.03662109375,0.8544921875,-0.20751953125,-0.7080078125,-0.1708984375,-1.4404296875,-0.20751953125,-0.98876953125,0.28076171875,0.439453125,-0.06103515625,4.11376953125,-0.15869140625,4.08935546875,-0.0732421875,2.47802734375,-0.0244140625,7.36083984375,0.03662109375,-0.09765625,0.1220703125,0.84228515625,0.048828125,-0.45166015625,0.0732421875,-0.5126953125
0,-0.3662109375,-0.244140625,0.23193359375,-0.2685546875,-0.01220703125,-0.3662109375,0.2197265625,0.0244140625,-0.146484375,0.23193359375,-0.2685546875,-0.7080078125,-0.45166015625,2.7099609375,-0.13427734375,0.1220703125,-0.01220703125,-0.1708984375,0.7080078125,0.37841796875,0.28076171875,1.18408203125,-0.09765625,-0.29296875,-0.3173828125,-0.10986328125,-0.32958984375,-0.7568359375,-0.3662109375,1.0009765625,-0.03662109375,0.2685546875,0.1708984375,-0.2197265625,0.09765625,-0.84228515625,-0.0244140625,-0.42724609375,0.146484375,-0.69580078125,-0.1220703125,-0.244140625,0.1953125,-0.6591796875,-0.537109375,-0.06103515625,0.28076171875,0.57373046875,-0.52490234375,1.20849609375,-0.048828125,0.50048828125,0.01220703125,-0.146484375,0.2685546875,0.78125,-0.10986328125,0.72021484375,-0.146484375,0.45166015625,0.01220703125,0.5126953125,-0.08544921875,0.15869140625,-0.0732421875,0.37841796875,-0.30517578125,1.123046875,-0.048828125,0.2197265625,-0.3662109375,0.29296875,-0.30517578125,0.32958984375,-0.30517578125,0.830078125,-0.0244140625,0.06103515625,-0.0244140625,1.3916015625,-0.146484375,-0.91552734375,0.25634765625,-0.30517578125,0.048828125,-0.93994140625,0,-0.732421875,-0.2197265625,-1.513671875,-0.06103515625,-0.18310546875,-0.37841796875,-0.28076171875,0.3173828125,-1.171875,-0.1220703125,2.7099609375,-0.18310546875,0.28076171875,-0.146484375,-0.03662109375,-0.08544921875,0.74462890625,-0.1953125,-0.7080078125,-0.09765625,-1.416015625,-0.2197265625,-1.0009765625,0.20751953125,0.439453125,-0.06103515625,3.90625,-0.146484375,3.89404296875,-0.0732421875,2.34375,-0.08544921875,6.9580078125,0.048828125,-0.03662109375,0.08544921875,0.84228515625,0.06103515625,-0.47607421875,0.03662109375,-0.5126953125
0,-0.3173828125,-0.2685546875,0.2197265625,-0.25634765625,0,-0.37841796875,0.2197265625,0.03662109375,-0.1220703125,0.09765625,-0.29296875,-0.84228515625,-0.439453125,2.33154296875,-0.09765625,-0.0244140625,0.06103515625,-0.10986328125,0.732421875,0.47607421875,0.35400390625,1.2451171875,-0.146484375,-0.23193359375,-0.25634765625,-0.09765625,-0.32958984375,-0.7568359375,-0.3173828125,1.01318359375,0.146484375,0.2685546875,0.244140625,-0.25634765625,0.13427734375,-0.830078125,-0.10986328125,-0.4150390625,0.13427734375,-0.68359375,-0.10986328125,-0.2685546875,0.15869140625,-0.68359375,-0.537109375,-0.03662109375,0.30517578125,0.5615234375,-0.57373046875,1.1962890625,-0.13427734375,0.47607421875,0,-0.15869140625,0.1708984375,0.7568359375,-0.1708984375,0.7080078125,-0.0244140625,0.4638671875,0.0244140625,0.52490234375,-0.09765625,0.146484375,-0.1708984375,0.3662109375,-0.28076171875,1.11083984375,-0.03662109375,0.2197265625,-0.40283203125,0.29296875,-0.29296875,0.32958984375,-0.29296875,0.84228515625,-0.01220703125,0.06103515625,0.01220703125,1.37939453125,-0.10986328125,-0.9033203125,0.29296875,-0.30517578125,0.01220703125,-0.9521484375,-0.0244140625,-0.69580078125,-0.23193359375,-1.50146484375,0,-0.1953125,-0.29296875,-0.28076171875,0.35400390625,-1.15966796875,-0.048828125,2.24609375,-0.13427734375,0.13427734375,-0.15869140625,-0.1220703125,-0.1220703125,0.634765625,-0.1708984375,-0.69580078125,-0.06103515625,-1.4404296875,-0.23193359375,-1.0009765625,0.13427734375,0.439453125,-0.048828125,3.7353515625,-0.146484375,3.74755859375,-0.0732421875,2.23388671875,-0.10986328125,6.6650390625,0.03662109375,-0.0244140625,0.09765625,0.830078125,0.06103515625,-0.4638671875,0.03662109375,-0.52490234375
0,-0.30517578125,-0.29296875,0.15869140625,-0.2685546875,0,-0.37841796875,0.28076171875,0,-0.06103515625,-0.0244140625,-0.341796875,-0.96435546875,-0.40283203125,1.904296875,-0.03662109375,-0.15869140625,0.0244140625,0,0.68359375,0.5859375,0.20751953125,1.28173828125,-0.20751953125,-0.146484375,-0.18310546875,-0.09765625,-0.32958984375,-0.732421875,-0.29296875,1.025390625,0.25634765625,0.25634765625,0.23193359375,-0.28076171875,0.146484375,-0.830078125,-0.1708984375,-0.40283203125,0.13427734375,-0.69580078125,-0.1220703125,-0.244140625,0.146484375,-0.68359375,-0.45166015625,-0.03662109375,0.30517578125,0.6103515625,-0.5859375,1.18408203125,-0.1708984375,0.45166015625,-0.048828125,-0.18310546875,0.01220703125,0.7568359375,-0.1708984375,0.67138671875,-0.0244140625,0.47607421875,-0.0244140625,0.52490234375,-0.10986328125,0.1708984375,-0.25634765625,0.30517578125,-0.25634765625,1.11083984375,-0.048828125,0.1953125,-0.37841796875,0.2685546875,-0.25634765625,0.30517578125,-0.28076171875,0.84228515625,0.01220703125,0.048828125,0.048828125,1.35498046875,-0.03662109375,-0.9033203125,0.2685546875,-0.30517578125,-0.03662109375,-0.93994140625,-0.06103515625,-0.69580078125,-0.20751953125,-1.50146484375,0.01220703125,-0.20751953125,-0.1220703125,-0.29296875,0.3173828125,-1.18408203125,-0.01220703125,1.59912109375,-0.03662109375,-0.0244140625,-0.20751953125,-0.2685546875,-0.1220703125,0.4638671875,-0.03662109375,-0.68359375,-0.0244140625,-1.4404296875,-0.244140625,-1.0009765625,0.08544921875,0.42724609375,-0.06103515625,3.55224609375,-0.18310546875,3.57666015625,-0.08544921875,2.13623046875,-0.1220703125,6.4208984375,0.01220703125,-0.01220703125,0.0732421875,0.81787109375,0.03662109375,-0.47607421875,0.0732421875,-0.48828125
0,-0.30517578125,-0.30517578125,0.1708984375,-0.2685546875,0.0244140625,-0.3662109375,0.2685546875,0.01220703125,0.01220703125,-0.13427734375,-0.341796875,-1.08642578125,-0.3662109375,1.45263671875,0.03662109375,-0.32958984375,-0.01220703125,0.08544921875,0.68359375,0.67138671875,0.08544921875,1.30615234375,-0.20751953125,-0.0732421875,-0.09765625,-0.08544921875,-0.30517578125,-0.732421875,-0.1708984375,0.98876953125,0.29296875,0.2685546875,0.20751953125,-0.29296875,0.1220703125,-0.81787109375,-0.20751953125,-0.40283203125,0.09765625,-0.7080078125,-0.1708984375,-0.2197265625,0.1220703125,-0.68359375,-0.50048828125,-0.0244140625,0.3662109375,0.62255859375,-0.62255859375,1.20849609375,-0.23193359375,0.47607421875,-0.1220703125,-0.15869140625,-0.08544921875,0.732421875,-0.1708984375,0.6591796875,0.01220703125,0.4638671875,-0.0244140625,0.54931640625,-0.09765625,0.15869140625,-0.23193359375,0.2685546875,-0.1953125,1.08642578125,-0.06103515625,0.20751953125,-0.3662109375,0.2685546875,-0.244140625,0.28076171875,-0.25634765625,0.79345703125,0.01220703125,0.06103515625,0.10986328125,1.3427734375,0.03662109375,-0.89111328125,0.18310546875,-0.29296875,-0.09765625,-0.9521484375,-0.09765625,-0.7080078125,-0.146484375,-1.47705078125,0.0244140625,-0.2197265625,0.06103515625,-0.28076171875,0.1953125,-1.1474609375,-0.01220703125,0.81787109375,0.06103515625,-0.2197265625,-0.244140625,-0.439453125,-0.08544921875,0.25634765625,0.0732421875,-0.67138671875,-0.0244140625,-1.42822265625,-0.25634765625,-1.025390625,0.01220703125,0.439453125,-0.0732421875,3.369140625,-0.20751953125,3.4423828125,-0.0732421875,2.05078125,-0.1220703125,6.201171875,-0.0244140625,-0.048828125,0.06103515625,0.81787109375,0.06103515625,-0.45166015625,0.06103515625,-0.5126953125
0,-0.2685546875,-0.341796875,0.1953125,-0.29296875,0.0244140625,-0.3662109375,0.28076171875,-0.0244140625,0.08544921875,-0.28076171875,-0.32958984375,-1.220703125,-0.341796875,0.9521484375,0.10986328125,-0.4638671875,-0.0732421875,0.15869140625,0.7080078125,0.74462890625,-0.0732421875,1.318359375,-0.2685546875,-0.0244140625,-0.01220703125,-0.0732421875,-0.2685546875,-0.74462890625,-0.0732421875,1.01318359375,0.2685546875,0.28076171875,0.20751953125,-0.29296875,0.09765625,-0.79345703125,-0.25634765625,-0.3662109375,0.01220703125,-0.67138671875,-0.2197265625,-0.1953125,0.09765625,-0.67138671875,-0.64697265625,-0.0732421875,0.37841796875,0.634765625,-0.67138671875,1.2451171875,-0.2685546875,0.48828125,-0.1953125,-0.146484375,-0.10986328125,0.74462890625,-0.1953125,0.634765625,0.048828125,0.4638671875,0.0244140625,0.5615234375,-0.10986328125,0.15869140625,-0.2197265625,0.25634765625,-0.10986328125,1.08642578125,-0.0732421875,0.20751953125,-0.341796875,0.244140625,-0.244140625,0.29296875,-0.18310546875,0.79345703125,-0.03662109375,0.06103515625,0.1953125,1.3427734375,0.09765625,-0.89111328125,0.09765625,-0.3173828125,-0.146484375,-0.9521484375,-0.15869140625,-0.69580078125,-0.0732421875,-1.47705078125,0.01220703125,-0.1953125,0.20751953125,-0.29296875,0.10986328125,-1.1474609375,-0.08544921875,0.01220703125,0.15869140625,-0.4150390625,-0.25634765625,-0.6103515625,-0.048828125,0.048828125,0.15869140625,-0.64697265625,-0.03662109375,-1.416015625,-0.28076171875,-1.025390625,-0.0244140625,0.42724609375,-0.10986328125,3.18603515625,-0.1953125,3.25927734375,-0.08544921875,1.98974609375,-0.13427734375,5.94482421875,-0.048828125,-0.0244140625,0.048828125,0.79345703125,0.0732421875,-0.45166015625,0.0732421875,-0.50048828125
0,-0.30517578125,-0.390625,0.25634765625,-0.29296875,0.048828125,-0.40283203125,0.2685546875,-0.0244140625,0.09765625,-0.4150390625,-0.30517578125,-1.33056640625,-0.30517578125,0.50048828125,0.1708984375,-0.6103515625,-0.1220703125,0.1708984375,0.52490234375,0.78125,-0.2685546875,1.2939453125,-0.3173828125,-0.0244140625,0.0732421875,-0.09765625,-0.23193359375,-0.7568359375,0.06103515625,1.0009765625,0.15869140625,0.28076171875,0.1953125,-0.2685546875,0.09765625,-0.8056640625,-0.2685546875,-0.341796875,-0.08544921875,-0.6591796875,-0.3173828125,-0.18310546875,0.09765625,-0.67138671875,-0.732421875,-0.09765625,0.35400390625,0.64697265625,-0.69580078125,1.2939453125,-0.28076171875,0.48828125,-0.25634765625,-0.09765625,-0.13427734375,0.76904296875,-0.20751953125,0.62255859375,0.06103515625,0.4638671875,0.06103515625,0.5615234375,-0.13427734375,0.15869140625,-0.2685546875,0.244140625,0.01220703125,1.08642578125,-0.08544921875,0.2197265625,-0.30517578125,0.244140625,-0.20751953125,0.30517578125,-0.13427734375,0.78125,-0.03662109375,0.06103515625,0.28076171875,1.3427734375,0.10986328125,-0.9033203125,-0.01220703125,-0.3173828125,-0.2197265625,-0.9521484375,-0.18310546875,-0.7080078125,-0.0244140625,-1.46484375,0.0244140625,-0.23193359375,0.25634765625,-0.29296875,0.0244140625,-1.1474609375,-0.146484375,-0.69580078125,0.1708984375,-0.57373046875,-0.2685546875,-0.7568359375,0.048828125,-0.1220703125,0.2685546875,-0.6591796875,-0.06103515625,-1.40380859375,-0.29296875,-1.025390625,-0.0244140625,0.45166015625,-0.10986328125,3.0029296875,-0.18310546875,3.06396484375,-0.0732421875,1.86767578125,0,5.615234375,-0.048828125,-0.048828125,0.09765625,0.830078125,0.08544921875,-0.42724609375,0.09765625,-0.48828125
0,-0.29296875,-0.390625,0.30517578125,-0.28076171875,0.06103515625,-0.40283203125,0.2685546875,-0.03662109375,0.09765625,-0.537109375,-0.28076171875,-1.416015625,-0.30517578125,0.1220703125,0.2197265625,-0.68359375,-0.1220703125,0.146484375,0.4638671875,0.76904296875,-0.390625,1.25732421875,-0.32958984375,-0.06103515625,0.1220703125,-0.10986328125,-0.15869140625,-0.7568359375,0.146484375,0.98876953125,0.06103515625,0.2685546875,0.20751953125,-0.2685546875,0.09765625,-0.830078125,-0.28076171875,-0.341796875,-0.1708984375,-0.68359375,-0.439453125,-0.1708984375,0.06103515625,-0.67138671875,-0.830078125,-0.10986328125,0.341796875,0.64697265625,-0.68359375,1.35498046875,-0.28076171875,0.50048828125,-0.2685546875,-0.08544921875,-0.1220703125,0.7568359375,-0.2197265625,0.634765625,0.08544921875,0.4638671875,0.0244140625,0.5859375,-0.15869140625,0.15869140625,-0.30517578125,0.28076171875,0.13427734375,1.11083984375,-0.09765625,0.23193359375,-0.29296875,0.25634765625,-0.1708984375,0.32958984375,-0.08544921875,0.78125,-0.048828125,0.08544921875,0.390625,1.3671875,0.10986328125,-0.927734375,-0.09765625,-0.3173828125,-0.30517578125,-0.9521484375,-0.23193359375,-0.72021484375,0.048828125,-1.45263671875,0.01220703125,-0.23193359375,0.25634765625,-0.30517578125,0.0244140625,-1.15966796875,-0.1953125,-1.1962890625,0.146484375,-0.69580078125,-0.2197265625,-0.86669921875,0.1220703125,-0.25634765625,0.28076171875,-0.68359375,-0.06103515625,-1.416015625,-0.25634765625,-1.03759765625,-0.01220703125,0.4638671875,-0.09765625,2.783203125,-0.18310546875,2.81982421875,-0.06103515625,1.72119140625,0,5.1513671875,-0.048828125,-0.0732421875,0.06103515625,0.830078125,0.09765625,-0.42724609375,0.13427734375,-0.48828125
1,-0.30517578125,-0.4150390625,0.25634765625,-0.25634765625,0.08544921875,-0.4150390625,0.244140625,0,0.09765625,-0.6103515625,-0.18310546875,-1.45263671875,-0.29296875,-0.09765625,0.25634765625,-0.7568359375,-0.1220703125,0.08544921875,0.341796875,0.732421875,-0.37841796875,1.220703125,-0.40283203125,-0.08544921875,0.146484375,-0.1220703125,-0.10986328125,-0.78125,0.18310546875,0.98876953125,-0.03662109375,0.28076171875,0.25634765625,-0.2685546875,0.08544921875,-0.81787109375,-0.3173828125,-0.341796875,-0.1953125,-0.69580078125,-0.537109375,-0.18310546875,0.0244140625,-0.67138671875,-0.9033203125,-0.15869140625,0.29296875,0.634765625,-0.64697265625,1.3671875,-0.2685546875,0.52490234375,-0.28076171875,-0.0732421875,-0.09765625,0.76904296875,-0.20751953125,0.64697265625,0.01220703125,0.4638671875,0.01220703125,0.5859375,-0.23193359375,0.146484375,-0.3662109375,0.30517578125,0.2197265625,1.123046875,-0.10986328125,0.244140625,-0.25634765625,0.2685546875,-0.15869140625,0.3662109375,-0.048828125,0.79345703125,-0.0732421875,0.08544921875,0.439453125,1.37939453125,0.0732421875,-0.9521484375,-0.146484375,-0.3173828125,-0.30517578125,-0.96435546875,-0.244140625,-0.74462890625,0.08544921875,-1.46484375,-0.01220703125,-0.23193359375,0.10986328125,-0.29296875,0.08544921875,-1.171875,-0.28076171875,-1.42822265625,0.048828125,-0.74462890625,-0.10986328125,-0.91552734375,0.15869140625,-0.30517578125,0.28076171875,-0.69580078125,-0.048828125,-1.42822265625,-0.20751953125,-1.03759765625,0.01220703125,0.4638671875,-0.10986328125,2.5146484375,-0.20751953125,2.52685546875,-0.09765625,1.50146484375,0.0732421875,4.4677734375,-0.08544921875,-0.08544921875,0.0732421875,0.84228515625,0.08544921875,-0.439453125,0.1708984375,-0.4638671875
1,-0.3173828125,-0.40283203125,0.20751953125,-0.25634765625,0.09765625,-0.40283203125,0.23193359375,0,0.06103515625,-0.6591796875,-0.10986328125,-1.46484375,-0.28076171875,-0.20751953125,0.23193359375,-0.79345703125,-0.10986328125,0.03662109375,0.35400390625,0.69580078125,-0.244140625,1.20849609375,-0.37841796875,-0.146484375,0.1220703125,-0.146484375,-0.0244140625,-0.76904296875,0.146484375,0.9765625,-0.10986328125,0.28076171875,0.23193359375,-0.25634765625,0.01220703125,-0.830078125,-0.3173828125,-0.35400390625,-0.25634765625,-0.7080078125,-0.59814453125,-0.18310546875,0.01220703125,-0.6591796875,-0.96435546875,-0.23193359375,0.30517578125,0.59814453125,-0.52490234375,1.3671875,-0.25634765625,0.52490234375,-0.244140625,-0.09765625,-0.0732421875,0.78125,-0.1708984375,0.634765625,-0.1220703125,0.45166015625,0.0244140625,0.5615234375,-0.2685546875,0.15869140625,-0.32958984375,0.341796875,0.30517578125,1.11083984375,-0.09765625,0.25634765625,-0.244140625,0.2685546875,-0.15869140625,0.35400390625,-0.048828125,0.830078125,-0.03662109375,0.09765625,0.47607421875,1.3916015625,0.06103515625,-0.9521484375,-0.15869140625,-0.32958984375,-0.29296875,-0.96435546875,-0.23193359375,-0.7568359375,0.08544921875,-1.45263671875,0,-0.2197265625,-0.06103515625,-0.29296875,0.13427734375,-1.1962890625,-0.341796875,-1.30615234375,-0.08544921875,-0.7080078125,-0.03662109375,-0.91552734375,0.23193359375,-0.244140625,0.244140625,-0.7080078125,-0.01220703125,-1.4404296875,-0.1220703125,-1.025390625,0.10986328125,0.4638671875,-0.10986328125,2.2216796875,-0.23193359375,2.1484375,-0.08544921875,1.23291015625,0.146484375,3.662109375,-0.06103515625,-0.08544921875,0.048828125,0.8544921875,0.06103515625,-0.47607421875,0.15869140625,-0.48828125
1,-0.341796875,-0.390625,0.1708984375,-0.244140625,0.10986328125,-0.3662109375,0.2197265625,-0.01220703125,0.06103515625,-0.64697265625,-0.0732421875,-1.45263671875,-0.28076171875,-0.15869140625,0.1953125,-0.7568359375,-0.1220703125,0.01220703125,0.4150390625,0.6591796875,-0.10986328125,1.28173828125,-0.35400390625,-0.18310546875,0.0732421875,-0.13427734375,0,-0.76904296875,0.08544921875,0.9765625,-0.10986328125,0.2685546875,0.1953125,-0.2685546875,-0.048828125,-0.830078125,-0.28076171875,-0.3662109375,-0.28076171875,-0.7080078125,-0.5615234375,-0.1953125,-0.048828125,-0.67138671875,-0.98876953125,-0.29296875,0.25634765625,0.5859375,-0.54931640625,1.3427734375,-0.2197265625,0.52490234375,-0.2197265625,-0.10986328125,-0.03662109375,0.76904296875,-0.146484375,0.64697265625,-0.20751953125,0.439453125,0.01220703125,0.537109375,-0.2685546875,0.146484375,-0.25634765625,0.3662109375,0.32958984375,1.123046875,-0.0732421875,0.2685546875,-0.28076171875,0.29296875,-0.0732421875,0.37841796875,0,0.830078125,-0.03662109375,0.09765625,0.47607421875,1.416015625,-0.0244140625,-0.96435546875,-0.09765625,-0.30517578125,-0.2197265625,-0.9765625,-0.1708984375,-0.76904296875,0.0732421875,-1.4404296875,-0.01220703125,-0.244140625,-0.1953125,-0.28076171875,0.1708984375,-1.18408203125,-0.29296875,-0.8544921875,-0.15869140625,-0.6103515625,0.03662109375,-0.830078125,0.244140625,-0.09765625,0.10986328125,-0.7080078125,0.01220703125,-1.4404296875,-0.06103515625,-1.01318359375,0.1708984375,0.4638671875,-0.08544921875,1.89208984375,-0.23193359375,1.74560546875,-0.08544921875,0.96435546875,0.25634765625,2.74658203125,-0.06103515625,-0.08544921875,0.048828125,0.86669921875,0.06103515625,-0.47607421875,0.18310546875,-0.4638671875
1,-0.29296875,-0.3662109375,0.1708984375,-0.25634765625,0.10986328125,-0.37841796875,0.20751953125,0.01220703125,0.0732421875,-0.5859375,-0.0732421875,-1.40380859375,-0.3173828125,0.03662109375,0.13427734375,-0.67138671875,-0.06103515625,0.048828125,0.50048828125,0.6591796875,0.048828125,1.4404296875,-0.29296875,-0.13427734375,0.0244140625,-0.13427734375,0.048828125,-0.76904296875,-0.048828125,0.96435546875,-0.10986328125,0.28076171875,0.10986328125,-0.29296875,-0.09765625,-0.830078125,-0.244140625,-0.390625,-0.3173828125,-0.7080078125,-0.47607421875,-0.20751953125,-0.06103515625,-0.6591796875,-1.0009765625,-0.390625,0.244140625,0.537109375,-0.50048828125,1.33056640625,-0.1708984375,0.52490234375,-0.18310546875,-0.10986328125,-0.06103515625,0.78125,-0.146484375,0.67138671875,-0.2685546875,0.45166015625,0.01220703125,0.50048828125,-0.30517578125,0.146484375,-0.13427734375,0.35400390625,0.341796875,1.123046875,-0.03662109375,0.2685546875,-0.28076171875,0.29296875,0,0.3662109375,0.01220703125,0.8544921875,-0.03662109375,0.09765625,0.439453125,1.40380859375,-0.0732421875,-0.98876953125,-0.0244140625,-0.3173828125,-0.13427734375,-1.0009765625,-0.1220703125,-0.76904296875,0.03662109375,-1.46484375,0,-0.244140625,-0.3662109375,-0.2685546875,0.13427734375,-1.18408203125,-0.20751953125,-0.09765625,-0.15869140625,-0.4150390625,0.10986328125,-0.6591796875,0.23193359375,0.1220703125,-0.0244140625,-0.72021484375,0.048828125,-1.42822265625,-0.01220703125,-1.0009765625,0.1953125,0.4638671875,-0.08544921875,1.52587890625,-0.2197265625,1.3427734375,-0.06103515625,0.69580078125,0.32958984375,1.806640625,-0.0732421875,-0.08544921875,0.048828125,0.86669921875,0.08544921875,-0.4638671875,0.1708984375,-0.47607421875
1,-0.25634765625,-0.3173828125,0.1953125,-0.29296875,0.1220703125,-0.341796875,0.18310546875,0.0244140625,0.08544921875,-0.5126953125,-0.09765625,-1.33056640625,-0.3662109375,0.35400390625,0.06103515625,-0.6103515625,-0.01220703125,0.1708984375,0.537109375,0.7568359375,0.20751953125,1.74560546875,-0.18310546875,-0.03662109375,-0.03662109375,-0.13427734375,0.03662109375,-0.76904296875,-0.18310546875,0.9521484375,-0.08544921875,0.2685546875,0,-0.28076171875,-0.146484375,-0.830078125,-0.20751953125,-0.40283203125,-0.29296875,-0.69580078125,-0.3662109375,-0.23193359375,-0.1220703125,-0.68359375,-0.93994140625,-0.439453125,0.25634765625,0.50048828125,-0.390625,1.318359375,-0.20751953125,0.50048828125,-0.048828125,-0.13427734375,-0.06103515625,0.74462890625,-0.20751953125,0.69580078125,-0.28076171875,0.4638671875,0.01220703125,0.48828125,-0.244140625,0.13427734375,0.0244140625,0.341796875,0.37841796875,1.123046875,0.01220703125,0.2685546875,-0.32958984375,0.29296875,0.0732421875,0.3662109375,0.06103515625,0.87890625,-0.0244140625,0.09765625,0.40283203125,1.40380859375,-0.048828125,-0.9765625,0.048828125,-0.3173828125,-0.06103515625,-0.96435546875,-0.048828125,-0.76904296875,0,-1.46484375,-0.0244140625,-0.23193359375,-0.47607421875,-0.25634765625,0.03662109375,-1.171875,-0.23193359375,0.86669921875,-0.146484375,-0.1708984375,0.1220703125,-0.4638671875,0.2197265625,0.3662109375,-0.18310546875,-0.72021484375,0.01220703125,-1.45263671875,0.03662109375,-1.01318359375,0.20751953125,0.45166015625,-0.08544921875,1.18408203125,-0.244140625,0.927734375,-0.08544921875,0.4150390625,0.30517578125,0.96435546875,-0.048828125,-0.10986328125,0.03662109375,0.84228515625,0.09765625,-0.45166015625,0.146484375,-0.4638671875
1,-0.23193359375,-0.29296875,0.15869140625,-0.29296875,0.10986328125,-0.32958984375,0.1953125,0.0244140625,0.1220703125,-0.4150390625,-0.1708984375,-1.2451171875,-0.390625,0.67138671875,0,-0.48828125,0.06103515625,0.45166015625,0.59814453125,0.91552734375,0.29296875,2.197265625,-0.10986328125,0.1708984375,-0.0732421875,-0.10986328125,0,-0.7568359375,-0.2685546875,0.9521484375,-0.08544921875,0.25634765625,-0.03662109375,-0.29296875,-0.15869140625,-0.830078125,-0.1708984375,-0.42724609375,-0.23193359375,-0.68359375,-0.20751953125,-0.244140625,-0.15869140625,-0.67138671875,-0.8544921875,-0.5126953125,0.23193359375,0.48828125,-0.439453125,1.318359375,-0.20751953125,0.5126953125,-0.01220703125,-0.146484375,0,0.7568359375,-0.2685546875,0.69580078125,-0.28076171875,0.45166015625,0.03662109375,0.47607421875,-0.1953125,0.13427734375,0.10986328125,0.3173828125,0.341796875,1.11083984375,0.03662109375,0.244140625,-0.32958984375,0.29296875,0.13427734375,0.35400390625,0.08544921875,0.89111328125,-0.03662109375,0.0732421875,0.32958984375,1.3916015625,-0.03662109375,-0.9521484375,0.146484375,-0.29296875,0,-0.96435546875,-0.01220703125,-0.7568359375,-0.03662109375,-1.4404296875,-0.08544921875,-0.23193359375,-0.47607421875,-0.25634765625,-0.08544921875,-1.1962890625,-0.2197265625,1.9287109375,-0.10986328125,0.09765625,0.06103515625,-0.20751953125,0.15869140625,0.634765625,-0.3173828125,-0.7080078125,-0.06103515625,-1.4404296875,0.03662109375,-1.0009765625,0.15869140625,0.439453125,-0.09765625,0.93994140625,-0.2197265625,0.634765625,-0.0732421875,0.25634765625,0.341796875,0.40283203125,-0.06103515625,-0.08544921875,0.0244140625,0.8544921875,0.10986328125,-0.439453125,0.15869140625,-0.47607421875
1,-0.23193359375,-0.29296875,0.13427734375,-0.30517578125,0.0732421875,-0.341796875,0.18310546875,0.048828125,0.1220703125,-0.341796875,-0.1953125,-1.171875,-0.40283203125,0.93994140625,-0.048828125,-0.390625,0.08544921875,0.86669921875,0.59814453125,1.23291015625,0.42724609375,2.79541015625,0.01220703125,0.5126953125,-0.0732421875,-0.08544921875,-0.0732421875,-0.7568359375,-0.30517578125,0.9765625,-0.09765625,0.25634765625,-0.0732421875,-0.30517578125,-0.1953125,-0.81787109375,-0.1220703125,-0.45166015625,-0.1708984375,-0.68359375,-0.09765625,-0.25634765625,-0.1220703125,-0.68359375,-0.78125,-0.54931640625,0.20751953125,0.4638671875,-0.35400390625,1.35498046875,-0.23193359375,0.50048828125,0,-0.146484375,0.06103515625,0.7568359375,-0.2685546875,0.69580078125,-0.25634765625,0.47607421875,0.10986328125,0.48828125,-0.1220703125,0.146484375,0.1953125,0.244140625,0.3173828125,1.0986328125,0.06103515625,0.23193359375,-0.28076171875,0.2685546875,0.146484375,0.341796875,0.09765625,0.89111328125,-0.0244140625,0.06103515625,0.244140625,1.40380859375,0.0244140625,-0.93994140625,0.18310546875,-0.29296875,0.048828125,-0.96435546875,0.01220703125,-0.72021484375,-0.0732421875,-1.45263671875,-0.146484375,-0.2197265625,-0.37841796875,-0.28076171875,-0.20751953125,-1.18408203125,-0.1220703125,3.0029296875,-0.048828125,0.37841796875,-0.01220703125,-0.01220703125,0.146484375,0.91552734375,-0.35400390625,-0.7080078125,-0.146484375,-1.416015625,0.01220703125,-0.9765625,0.09765625,0.42724609375,-0.09765625,0.84228515625,-0.18310546875,0.48828125,-0.048828125,0.1708984375,0.37841796875,0.15869140625,-0.03662109375,-0.06103515625,0,0.84228515625,0.10986328125,-0.40283203125,0.146484375,-0.48828125
1,-0.2197265625,-0.29296875,0.146484375,-0.30517578125,0.06103515625,-0.35400390625,0.2197265625,0.03662109375,0.08544921875,-0.2685546875,-0.28076171875,-1.13525390625,-0.3662109375,1.123046875,-0.1220703125,-0.3173828125,0.15869140625,1.42822265625,0.69580078125,1.611328125,0.52490234375,3.47900390625,0.13427734375,0.9033203125,-0.08544921875,-0.09765625,-0.15869140625,-0.74462890625,-0.32958984375,0.96435546875,-0.08544921875,0.25634765625,-0.01220703125,-0.3173828125,-0.20751953125,-0.81787109375,-0.08544921875,-0.47607421875,-0.10986328125,-0.67138671875,-0.0244140625,-0.2685546875,-0.1220703125,-0.69580078125,-0.69580078125,-0.54931640625,0.244140625,0.439453125,-0.40283203125,1.3916015625,-0.2685546875,0.48828125,-0.01220703125,-0.15869140625,0.13427734375,0.74462890625,-0.3173828125,0.69580078125,-0.25634765625,0.4638671875,0.15869140625,0.48828125,0,0.15869140625,0.244140625,0.1953125,0.28076171875,1.0986328125,0.048828125,0.244140625,-0.2685546875,0.25634765625,0.1708984375,0.29296875,0.146484375,0.89111328125,-0.048828125,0.06103515625,0.20751953125,1.37939453125,0.09765625,-0.9521484375,0.18310546875,-0.28076171875,0.01220703125,-0.9765625,0.06103515625,-0.732421875,-0.0732421875,-1.46484375,-0.18310546875,-0.23193359375,-0.2685546875,-0.28076171875,-0.244140625,-1.171875,-0.06103515625,3.955078125,0.048828125,0.6103515625,-0.08544921875,0.2197265625,0.1220703125,1.171875,-0.28076171875,-0.68359375,-0.28076171875,-1.3916015625,-0.03662109375,-0.98876953125,0.01220703125,0.439453125,-0.10986328125,0.9033203125,-0.1953125,0.5126953125,-0.08544921875,0.23193359375,0.244140625,0.3662109375,-0.048828125,-0.048828125,-0.0244140625,0.8544921875,0.09765625,-0.4150390625,0.13427734375,-0.50048828125
1,-0.23193359375,-0.3173828125,0.1220703125,-0.28076171875,0.06103515625,-0.390625,0.2197265625,0.06103515625,0.06103515625,-0.25634765625,-0.32958984375,-1.11083984375,-0.37841796875,1.171875,-0.1708984375,-0.30517578125,0.15869140625,2.03857421875,0.72021484375,2.1240234375,0.47607421875,4.248046875,0.15869140625,1.416015625,-0.03662109375,-0.09765625,-0.244140625,-0.74462890625,-0.244140625,0.98876953125,-0.0732421875,0.244140625,0.09765625,-0.30517578125,-0.146484375,-0.81787109375,-0.048828125,-0.48828125,-0.06103515625,-0.67138671875,0.0244140625,-0.25634765625,-0.0244140625,-0.69580078125,-0.57373046875,-0.537109375,0.28076171875,0.42724609375,-0.42724609375,1.42822265625,-0.28076171875,0.48828125,-0.1220703125,-0.146484375,0.146484375,0.76904296875,-0.30517578125,0.69580078125,-0.2197265625,0.47607421875,0.18310546875,0.5126953125,0.10986328125,0.1708984375,0.2685546875,0.15869140625,0.25634765625,1.06201171875,0.06103515625,0.23193359375,-0.2197265625,0.23193359375,0.13427734375,0.2685546875,0.10986328125,0.830078125,-0.03662109375,0.0244140625,0.146484375,1.37939453125,0.1708984375,-0.91552734375,0.146484375,-0.28076171875,-0.0244140625,-0.9521484375,0.08544921875,-0.732421875,-0.08544921875,-1.4892578125,-0.20751953125,-0.244140625,-0.09765625,-0.25634765625,-0.244140625,-1.1474609375,-0.09765625,4.736328125,0.13427734375,0.830078125,-0.13427734375,0.390625,0.0732421875,1.37939453125,-0.20751953125,-0.7080078125,-0.390625,-1.37939453125,-0.0732421875,-1.025390625,-0.06103515625,0.4150390625,-0.1220703125,1.1474609375,-0.1708984375,0.76904296875,-0.06103515625,0.45166015625,0.3173828125,1.0009765625,-0.03662109375,-0.0244140625,-0.01220703125,0.8544921875,0.10986328125,-0.40283203125,0.13427734375,-0.50048828125
1,-0.20751953125,-0.32958984375,0.10986328125,-0.28076171875,0.06103515625,-0.390625,0.1953125,0.03662109375,0.06103515625,-0.29296875,-0.3173828125,-1.1474609375,-0.3662109375,1.0986328125,-0.1953125,-0.341796875,0.1708984375,2.72216796875,0.68359375,2.63671875,0.48828125,5.04150390625,0.18310546875,1.94091796875,0,-0.09765625,-0.2685546875,-0.74462890625,-0.146484375,0.96435546875,-0.048828125,0.244140625,0.18310546875,-0.29296875,-0.10986328125,-0.8056640625,0,-0.4638671875,-0.0244140625,-0.67138671875,-0.01220703125,-0.2685546875,0.0244140625,-0.69580078125,-0.52490234375,-0.50048828125,0.3173828125,0.42724609375,-0.37841796875,1.4892578125,-0.341796875,0.50048828125,-0.23193359375,-0.13427734375,0.09765625,0.76904296875,-0.35400390625,0.68359375,-0.244140625,0.47607421875,0.2197265625,0.5126953125,0.2685546875,0.1708984375,0.390625,0.13427734375,0.23193359375,1.07421875,0.0732421875,0.23193359375,-0.146484375,0.2197265625,0.13427734375,0.2685546875,0.13427734375,0.830078125,-0.03662109375,0.03662109375,0.09765625,1.3671875,0.2197265625,-0.927734375,0.0732421875,-0.29296875,-0.08544921875,-0.96435546875,0.1220703125,-0.732421875,-0.06103515625,-1.50146484375,-0.20751953125,-0.2197265625,0,-0.29296875,-0.146484375,-1.13525390625,-0.09765625,5.31005859375,0.18310546875,0.98876953125,-0.146484375,0.54931640625,0.0732421875,1.5380859375,-0.03662109375,-0.69580078125,-0.47607421875,-1.37939453125,-0.13427734375,-1.01318359375,-0.13427734375,0.4150390625,-0.10986328125,1.611328125,-0.15869140625,1.23291015625,-0.06103515625,0.78125,0.35400390625,2.05078125,-0.06103515625,-0.0244140625,-0.06103515625,0.89111328125,0.1220703125,-0.3662109375,0.10986328125,-0.47607421875
1,-0.20751953125,-0.341796875,0.15869140625,-0.29296875,0.0732421875,-0.40283203125,0.20751953125,0.0244140625,0.0244140625,-0.32958984375,-0.30517578125,-1.15966796875,-0.37841796875,0.93994140625,-0.23193359375,-0.42724609375,0.244140625,3.35693359375,0.68359375,3.1494140625,0.5126953125,5.7373046875,0.244140625,2.4169921875,0.0244140625,-0.09765625,-0.28076171875,-0.74462890625,-0.0244140625,0.96435546875,-0.01220703125,0.244140625,0.244140625,-0.29296875,0,-0.830078125,-0.01220703125,-0.439453125,-0.01220703125,-0.68359375,0,-0.244140625,0.06103515625,-0.7080078125,-0.47607421875,-0.45166015625,0.40283203125,0.42724609375,-0.5615234375,1.57470703125,-0.35400390625,0.50048828125,-0.4150390625,-0.1220703125,0.0244140625,0.76904296875,-0.390625,0.68359375,-0.2197265625,0.4638671875,0.2685546875,0.54931640625,0.341796875,0.1708984375,0.40283203125,0.146484375,0.1708984375,1.08642578125,0.0732421875,0.244140625,-0.10986328125,0.23193359375,0.146484375,0.28076171875,0.13427734375,0.8056640625,-0.03662109375,0.03662109375,0.03662109375,1.35498046875,0.30517578125,-0.927734375,0.03662109375,-0.3173828125,-0.1220703125,-0.93994140625,0.1220703125,-0.72021484375,-0.048828125,-1.513671875,-0.18310546875,-0.23193359375,0.0732421875,-0.29296875,-0.06103515625,-1.13525390625,-0.13427734375,5.6396484375,0.20751953125,1.08642578125,-0.146484375,0.6103515625,0.01220703125,1.6357421875,0.10986328125,-0.67138671875,-0.48828125,-1.40380859375,-0.1708984375,-1.025390625,-0.1708984375,0.42724609375,-0.10986328125,2.20947265625,-0.13427734375,1.86767578125,-0.048828125,1.23291015625,0.244140625,3.3935546875,-0.06103515625,-0.03662109375,-0.09765625,0.9033203125,0.1220703125,-0.390625,0.09765625,-0.45166015625
1,-0.18310546875,-0.341796875,0.13427734375,-0.28076171875,0.10986328125,-0.390625,0.1953125,0.01220703125,-0.03662109375,-0.3662109375,-0.2685546875,-1.23291015625,-0.341796875,0.72021484375,-0.29296875,-0.5126953125,0.2685546875,3.9306640625,0.57373046875,3.6376953125,0.390625,6.35986328125,0.25634765625,2.8564453125,0.08544921875,-0.1220703125,-0.2685546875,-0.74462890625,0.08544921875,0.96435546875,0.03662109375,0.244140625,0.23193359375,-0.28076171875,0.10986328125,-0.84228515625,-0.048828125,-0.42724609375,0,-0.69580078125,-0.048828125,-0.23193359375,0.1220703125,-0.69580078125,-0.50048828125,-0.390625,0.47607421875,0.45166015625,-0.6103515625,1.62353515625,-0.35400390625,0.50048828125,-0.54931640625,-0.1220703125,-0.06103515625,0.76904296875,-0.40283203125,0.634765625,-0.1708984375,0.4638671875,0.3662109375,0.54931640625,0.3662109375,0.1708984375,0.4150390625,0.146484375,0.1708984375,1.07421875,0.06103515625,0.29296875,-0.06103515625,0.2197265625,0.146484375,0.2685546875,0.0732421875,0.8056640625,-0.0244140625,0.06103515625,-0.01220703125,1.35498046875,0.30517578125,-0.91552734375,0,-0.341796875,-0.146484375,-0.9521484375,0.10986328125,-0.732421875,-0.03662109375,-1.5625,-0.0732421875,-0.23193359375,0.08544921875,-0.2685546875,0.03662109375,-1.15966796875,-0.1220703125,5.7373046875,0.15869140625,1.15966796875,-0.10986328125,0.634765625,-0.0244140625,1.67236328125,0.20751953125,-0.6591796875,-0.390625,-1.40380859375,-0.1953125,-1.0498046875,-0.20751953125,0.4150390625,-0.146484375,2.9296875,-0.13427734375,2.62451171875,-0.08544921875,1.806640625,0.18310546875,4.931640625,-0.048828125,-0.01220703125,-0.09765625,0.927734375,0.09765625,-0.3662109375,0.08544921875,-0.4638671875
1,-0.15869140625,-0.35400390625,0.10986328125,-0.2685546875,0.10986328125,-0.37841796875,0.1953125,-0.01220703125,0,-0.42724609375,-0.18310546875,-1.26953125,-0.28076171875,0.47607421875,-0.2685546875,-0.5859375,0.28076171875,4.38232421875,0.4638671875,4.01611328125,0.20751953125,6.8359375,0.1953125,3.1982421875,0.09765625,-0.1220703125,-0.23193359375,-0.74462890625,0.15869140625,0.98876953125,0.08544921875,0.25634765625,0.2685546875,-0.2685546875,0.20751953125,-0.830078125,-0.10986328125,-0.40283203125,0.06103515625,-0.69580078125,-0.10986328125,-0.23193359375,0.08544921875,-0.68359375,-0.62255859375,-0.341796875,0.54931640625,0.439453125,-0.7080078125,1.62353515625,-0.40283203125,0.5126953125,-0.6103515625,-0.09765625,-0.08544921875,0.78125,-0.37841796875,0.64697265625,-0.1708984375,0.4638671875,0.439453125,0.5615234375,0.37841796875,0.18310546875,0.40283203125,0.18310546875,0.13427734375,1.08642578125,0.048828125,0.28076171875,-0.06103515625,0.2197265625,0.146484375,0.28076171875,0.048828125,0.84228515625,-0.0732421875,0.0732421875,0.01220703125,1.35498046875,0.29296875,-0.927734375,-0.0244140625,-0.341796875,-0.20751953125,-0.98876953125,0.01220703125,-0.7568359375,-0.01220703125,-1.5625,0,-0.244140625,0.01220703125,-0.25634765625,0.15869140625,-1.15966796875,-0.06103515625,5.6396484375,0.09765625,1.13525390625,-0.03662109375,0.62255859375,-0.048828125,1.64794921875,0.2685546875,-0.6591796875,-0.25634765625,-1.40380859375,-0.2197265625,-1.03759765625,-0.23193359375,0.42724609375,-0.146484375,3.7109375,-0.10986328125,3.45458984375,-0.048828125,2.38037109375,0.1953125,6.54296875,-0.06103515625,0,-0.09765625,0.927734375,0.09765625,-0.390625,0.08544921875,-0.45166015625
1,-0.13427734375,-0.35400390625,0.10986328125,-0.28076171875,0.146484375,-0.37841796875,0.1953125,0,0.01220703125,-0.45166015625,-0.13427734375,-1.30615234375,-0.244140625,0.30517578125,-0.2685546875,-0.634765625,0.25634765625,4.62646484375,0.341796875,4.296875,0.0732421875,7.12890625,0.10986328125,3.38134765625,0.06103515625,-0.1220703125,-0.1220703125,-0.74462890625,0.20751953125,0.98876953125,0.146484375,0.25634765625,0.28076171875,-0.2685546875,0.2197265625,-0.830078125,-0.1953125,-0.40283203125,0.08544921875,-0.7080078125,-0.1708984375,-0.23193359375,0.0244140625,-0.67138671875,-0.6591796875,-0.28076171875,0.59814453125,0.47607421875,-0.7568359375,1.59912109375,-0.35400390625,0.537109375,-0.6591796875,-0.13427734375,-0.08544921875,0.76904296875,-0.30517578125,0.6591796875,-0.2685546875,0.4638671875,0.52490234375,0.54931640625,0.32958984375,0.146484375,0.3662109375,0.2197265625,0.0732421875,1.08642578125,0.048828125,0.30517578125,-0.06103515625,0.20751953125,0.13427734375,0.32958984375,-0.03662109375,0.830078125,-0.06103515625,0.08544921875,0.01220703125,1.35498046875,0.2685546875,-0.9521484375,-0.03662109375,-0.3662109375,-0.18310546875,-1.0009765625,-0.13427734375,-0.74462890625,0.0244140625,-1.57470703125,0.0732421875,-0.23193359375,-0.06103515625,-0.25634765625,0.29296875,-1.1474609375,-0.048828125,5.3955078125,0.0244140625,1.03759765625,0.01220703125,0.537109375,-0.08544921875,1.57470703125,0.2197265625,-0.67138671875,-0.0732421875,-1.416015625,-0.18310546875,-1.01318359375,-0.23193359375,0.42724609375,-0.1220703125,4.4677734375,-0.10986328125,4.2724609375,-0.06103515625,2.9296875,0.10986328125,8.04443359375,-0.06103515625,-0.03662109375,-0.1220703125,0.9033203125,0.03662109375,-0.390625,0.08544921875,-0.4638671875
0,-0.13427734375,-0.341796875,0.06103515625,-0.2685546875,0.146484375,-0.35400390625,0.1953125,0.01220703125,0.01220703125,-0.47607421875,-0.1220703125,-1.30615234375,-0.25634765625,0.2197265625,-0.28076171875,-0.6103515625,0.1708984375,4.736328125,0.20751953125,4.443359375,0.0244140625,7.26318359375,0.01220703125,3.466796875,0.048828125,-0.1220703125,-0.0244140625,-0.76904296875,0.18310546875,0.9765625,0.23193359375,0.25634765625,0.30517578125,-0.29296875,0.1953125,-0.8056640625,-0.29296875,-0.390625,0.06103515625,-0.69580078125,-0.3173828125,-0.20751953125,-0.048828125,-0.67138671875,-0.69580078125,-0.29296875,0.62255859375,0.48828125,-0.7080078125,1.55029296875,-0.341796875,0.52490234375,-0.68359375,-0.1220703125,-0.01220703125,0.7568359375,-0.29296875,0.634765625,-0.35400390625,0.4638671875,0.5615234375,0.5126953125,0.25634765625,0.15869140625,0.37841796875,0.2685546875,0,1.07421875,0.03662109375,0.3173828125,-0.048828125,0.244140625,0.08544921875,0.35400390625,-0.09765625,0.830078125,-0.048828125,0.09765625,0,1.3671875,0.18310546875,-0.9521484375,-0.0244140625,-0.37841796875,-0.15869140625,-1.0009765625,-0.28076171875,-0.76904296875,0.01220703125,-1.57470703125,0.15869140625,-0.244140625,-0.10986328125,-0.25634765625,0.35400390625,-1.1474609375,-0.0244140625,4.9560546875,-0.01220703125,0.927734375,0.03662109375,0.439453125,-0.06103515625,1.46484375,0.146484375,-0.68359375,0.09765625,-1.42822265625,-0.1953125,-1.01318359375,-0.23193359375,0.42724609375,-0.15869140625,5.1025390625,-0.1708984375,4.99267578125,-0.08544921875,3.41796875,0.146484375,9.3505859375,-0.03662109375,-0.03662109375,-0.09765625,0.927734375,0.03662109375,-0.40283203125,0.09765625,-0.4638671875
0,-0.08544921875,-0.32958984375,0.09765625,-0.2685546875,0.13427734375,-0.32958984375,0.1953125,0.01220703125,0.1220703125,-0.4638671875,-0.09765625,-1.2939453125,-0.2197265625,0.23193359375,-0.2685546875,-0.6103515625,0.0732421875,4.67529296875,0.20751953125,4.4677734375,0,7.23876953125,-0.08544921875,3.41796875,0.03662109375,-0.13427734375,0.048828125,-0.7568359375,0.1220703125,0.98876953125,0.29296875,0.25634765625,0.3662109375,-0.29296875,0.13427734375,-0.830078125,-0.341796875,-0.40283203125,-0.03662109375,-0.67138671875,-0.4150390625,-0.2197265625,-0.1220703125,-0.67138671875,-0.732421875,-0.30517578125,0.59814453125,0.48828125,-0.7080078125,1.45263671875,-0.29296875,0.52490234375,-0.6591796875,-0.15869140625,0.13427734375,0.7568359375,-0.2685546875,0.67138671875,-0.4150390625,0.4638671875,0.537109375,0.50048828125,0.10986328125,0.146484375,0.35400390625,0.28076171875,-0.09765625,1.07421875,0,0.29296875,-0.0732421875,0.23193359375,0.048828125,0.3662109375,-0.1220703125,0.86669921875,-0.03662109375,0.1220703125,0,1.3671875,0.10986328125,-0.9521484375,-0.01220703125,-0.3662109375,-0.1953125,-0.9765625,-0.42724609375,-0.76904296875,0.0244140625,-1.5625,0.23193359375,-0.23193359375,-0.1708984375,-0.25634765625,0.3662109375,-1.15966796875,-0.10986328125,4.40673828125,-0.03662109375,0.8056640625,0.048828125,0.30517578125,0,1.30615234375,0.09765625,-0.72021484375,0.18310546875,-1.4404296875,-0.1708984375,-0.9765625,-0.20751953125,0.42724609375,-0.1220703125,5.6396484375,-0.1220703125,5.55419921875,-0.06103515625,3.80859375,0.15869140625,10.38818359375,-0.06103515625,-0.048828125,-0.10986328125,0.9033203125,0.06103515625,-0.4150390625,0.09765625,-0.4638671875
0,-0.048828125,-0.341796875,0.08544921875,-0.25634765625,0.13427734375,-0.341796875,0.1708984375,0.01220703125,0.146484375,-0.40283203125,-0.146484375,-1.25732421875,-0.28076171875,0.35400390625,-0.2197265625,-0.537109375,-0.048828125,4.5166015625,0.2197265625,4.40673828125,-0.1220703125,7.11669921875,-0.15869140625,3.30810546875,0.0244140625,-0.13427734375,0.09765625,-0.76904296875,0.03662109375,0.9765625,0.32958984375,0.2685546875,0.37841796875,-0.30517578125,0.048828125,-0.8056640625,-0.37841796875,-0.42724609375,-0.146484375,-0.69580078125,-0.47607421875,-0.20751953125,-0.1708984375,-0.67138671875,-0.64697265625,-0.32958984375,0.54931640625,0.50048828125,-0.634765625,1.3671875,-0.25634765625,0.5126953125,-0.54931640625,-0.13427734375,0.20751953125,0.7568359375,-0.29296875,0.7080078125,-0.40283203125,0.47607421875,0.48828125,0.48828125,0.01220703125,0.15869140625,0.28076171875,0.30517578125,-0.146484375,1.07421875,0,0.29296875,-0.10986328125,0.25634765625,-0.03662109375,0.37841796875,-0.15869140625,0.8544921875,-0.01220703125,0.09765625,0,1.37939453125,0.0732421875,-0.96435546875,0.01220703125,-0.35400390625,-0.2197265625,-0.9765625,-0.48828125,-0.76904296875,0.03662109375,-1.55029296875,0.244140625,-0.244140625,-0.1953125,-0.2685546875,0.32958984375,-1.13525390625,-0.25634765625,3.7841796875,-0.01220703125,0.6103515625,0.0244140625,0.13427734375,0.08544921875,1.11083984375,0.048828125,-0.72021484375,0.1953125,-1.4404296875,-0.15869140625,-0.98876953125,-0.18310546875,0.439453125,-0.1220703125,5.9814453125,-0.13427734375,5.9326171875,-0.0732421875,4.0771484375,0.10986328125,11.04736328125,-0.06103515625,-0.0244140625,-0.1220703125,0.9033203125,0.08544921875,-0.4150390625,0.10986328125,-0.45166015625
0,-0.048828125,-0.341796875,0.08544921875,-0.28076171875,0.10986328125,-0.341796875,0.13427734375,0.0244140625,0.20751953125,-0.32958984375,-0.1953125,-1.1962890625,-0.244140625,0.537109375,-0.1953125,-0.45166015625,-0.13427734375,4.296875,0.37841796875,4.28466796875,-0.28076171875,6.89697265625,-0.244140625,3.1494140625,0.048828125,-0.1220703125,0.08544921875,-0.7568359375,-0.0244140625,0.96435546875,0.3173828125,0.2685546875,0.37841796875,-0.30517578125,-0.048828125,-0.81787109375,-0.40283203125,-0.439453125,-0.23193359375,-0.69580078125,-0.5126953125,-0.20751953125,-0.25634765625,-0.6591796875,-0.67138671875,-0.35400390625,0.42724609375,0.47607421875,-0.54931640625,1.26953125,-0.2197265625,0.52490234375,-0.42724609375,-0.13427734375,0.244140625,0.74462890625,-0.3662109375,0.69580078125,-0.4150390625,0.47607421875,0.3662109375,0.48828125,0.0244140625,0.15869140625,0.1708984375,0.30517578125,-0.15869140625,1.08642578125,-0.01220703125,0.25634765625,-0.18310546875,0.2685546875,-0.0732421875,0.3662109375,-0.146484375,0.830078125,0,0.09765625,0.01220703125,1.37939453125,0.06103515625,-0.9521484375,0,-0.3173828125,-0.244140625,-0.9765625,-0.50048828125,-0.7568359375,0.03662109375,-1.5380859375,0.25634765625,-0.244140625,-0.20751953125,-0.2685546875,0.244140625,-1.1474609375,-0.40283203125,3.076171875,-0.03662109375,0.390625,-0.06103515625,-0.01220703125,0.15869140625,0.89111328125,0.0732421875,-0.732421875,0.1708984375,-1.416015625,-0.146484375,-0.96435546875,-0.13427734375,0.42724609375,-0.1220703125,6.103515625,-0.1220703125,6.103515625,-0.0732421875,4.16259765625,0.09765625,11.3037109375,-0.048828125,-0.048828125,-0.1220703125,0.89111328125,0.10986328125,-0.4150390625,0.09765625,-0.4638671875
0,-0.03662109375,-0.30517578125,0.10986328125,-0.30517578125,0.09765625,-0.3662109375,0.08544921875,0.0244140625,0.244140625,-0.2685546875,-0.23193359375,-1.0986328125,-0.23193359375,0.78125,-0.1708984375,-0.390625,-0.20751953125,4.052734375,0.439453125,4.0771484375,-0.37841796875,6.640625,-0.28076171875,2.9541015625,0.06103515625,-0.09765625,0.0732421875,-0.76904296875,-0.048828125,0.9521484375,0.2685546875,0.2685546875,0.35400390625,-0.3173828125,-0.10986328125,-0.81787109375,-0.42724609375,-0.4638671875,-0.28076171875,-0.69580078125,-0.47607421875,-0.2197265625,-0.3173828125,-0.67138671875,-0.64697265625,-0.37841796875,0.341796875,0.50048828125,-0.5126953125,1.171875,-0.18310546875,0.52490234375,-0.30517578125,-0.146484375,0.3173828125,0.74462890625,-0.4150390625,0.7080078125,-0.42724609375,0.48828125,0.2685546875,0.48828125,0.0244140625,0.15869140625,0,0.29296875,-0.1708984375,1.0986328125,-0.01220703125,0.25634765625,-0.2197265625,0.2685546875,-0.09765625,0.3662109375,-0.15869140625,0.8544921875,0.0244140625,0.0732421875,0.0244140625,1.3916015625,0.08544921875,-0.93994140625,-0.048828125,-0.29296875,-0.2197265625,-0.96435546875,-0.42724609375,-0.74462890625,0.048828125,-1.50146484375,0.18310546875,-0.2685546875,-0.1708984375,-0.2685546875,0.10986328125,-1.15966796875,-0.5615234375,2.3681640625,-0.06103515625,0.18310546875,-0.146484375,-0.18310546875,0.20751953125,0.6591796875,0.08544921875,-0.732421875,0.08544921875,-1.416015625,-0.1220703125,-0.9765625,-0.048828125,0.439453125,-0.10986328125,6.01806640625,-0.10986328125,6.06689453125,-0.08544921875,4.08935546875,0.09765625,11.16943359375,-0.03662109375,-0.01220703125,-0.10986328125,0.89111328125,0.1220703125,-0.42724609375,0.08544921875,-0.4638671875
0,-0.03662109375,-0.30517578125,0.03662109375,-0.30517578125,0.09765625,-0.35400390625,0.06103515625,0.01220703125,0.2197265625,-0.20751953125,-0.29296875,-1.0498046875,-0.28076171875,0.93994140625,-0.2197265625,-0.3173828125,-0.25634765625,3.8330078125,0.4638671875,3.9306640625,-0.390625,6.38427734375,-0.23193359375,2.81982421875,0.08544921875,-0.09765625,0.0244140625,-0.7568359375,-0.06103515625,0.93994140625,0.20751953125,0.2685546875,0.32958984375,-0.30517578125,-0.1953125,-0.830078125,-0.390625,-0.45166015625,-0.32958984375,-0.69580078125,-0.42724609375,-0.2197265625,-0.341796875,-0.6591796875,-0.62255859375,-0.390625,0.2685546875,0.48828125,-0.37841796875,1.13525390625,-0.1708984375,0.52490234375,-0.18310546875,-0.13427734375,0.37841796875,0.78125,-0.48828125,0.7080078125,-0.439453125,0.4638671875,0.15869140625,0.48828125,0.1220703125,0.18310546875,-0.1220703125,0.25634765625,-0.1220703125,1.08642578125,-0.01220703125,0.20751953125,-0.29296875,0.25634765625,-0.10986328125,0.341796875,-0.18310546875,0.84228515625,0.08544921875,0.03662109375,0,1.37939453125,0.1220703125,-0.9521484375,-0.1220703125,-0.28076171875,-0.2197265625,-0.96435546875,-0.3173828125,-0.74462890625,0.0244140625,-1.50146484375,0.09765625,-0.2685546875,-0.13427734375,-0.28076171875,-0.03662109375,-1.171875,-0.634765625,1.62353515625,-0.09765625,-0.048828125,-0.1953125,-0.35400390625,0.25634765625,0.439453125,0.08544921875,-0.7080078125,-0.048828125,-1.42822265625,-0.146484375,-0.9765625,0.01220703125,0.439453125,-0.10986328125,5.712890625,-0.09765625,5.82275390625,-0.0732421875,3.89404296875,0.09765625,10.693359375,-0.03662109375,0.01220703125,-0.09765625,0.87890625,0.1220703125,-0.4150390625,0.08544921875,-0.45166015625
0,-0.03662109375,-0.30517578125,0.03662109375,-0.3173828125,0.10986328125,-0.3662109375,0.01220703125,0.01220703125,0.1953125,-0.146484375,-0.32958984375,-1.0009765625,-0.25634765625,1.0986328125,-0.25634765625,-0.2685546875,-0.244140625,3.6376953125,0.439453125,3.74755859375,-0.390625,6.16455078125,-0.15869140625,2.67333984375,0.09765625,-0.0732421875,-0.0244140625,-0.7568359375,-0.048828125,0.9765625,0.0732421875,0.244140625,0.244140625,-0.30517578125,-0.244140625,-0.830078125,-0.35400390625,-0.439453125,-0.3662109375,-0.7080078125,-0.32958984375,-0.1953125,-0.29296875,-0.67138671875,-0.6103515625,-0.4150390625,0.25634765625,0.4638671875,-0.32958984375,1.0986328125,-0.13427734375,0.537109375,-0.06103515625,-0.146484375,0.5126953125,0.76904296875,-0.47607421875,0.67138671875,-0.42724609375,0.4638671875,0.06103515625,0.5126953125,0.244140625,0.18310546875,-0.25634765625,0.25634765625,-0.13427734375,1.0986328125,0,0.20751953125,-0.32958984375,0.25634765625,-0.10986328125,0.341796875,-0.20751953125,0.830078125,0.13427734375,0.048828125,-0.03662109375,1.3671875,0.15869140625,-0.93994140625,-0.1708984375,-0.28076171875,-0.25634765625,-0.9765625,-0.1708984375,-0.732421875,0.0244140625,-1.4892578125,0.03662109375,-0.29296875,-0.13427734375,-0.29296875,-0.1708984375,-1.18408203125,-0.62255859375,0.91552734375,-0.09765625,-0.25634765625,-0.1953125,-0.48828125,0.28076171875,0.20751953125,0.08544921875,-0.7080078125,-0.13427734375,-1.40380859375,-0.13427734375,-0.96435546875,0.06103515625,0.4150390625,-0.10986328125,5.26123046875,-0.06103515625,5.3955078125,-0.09765625,3.52783203125,0.09765625,9.86328125,-0.03662109375,0,-0.10986328125,0.87890625,0.10986328125,-0.42724609375,0.09765625,-0.45166015625
0,-0.03662109375,-0.341796875,0.048828125,-0.3173828125,0.1220703125,-0.3662109375,-0.06103515625,0.01220703125,0.18310546875,-0.1220703125,-0.341796875,-0.9765625,-0.25634765625,1.11083984375,-0.28076171875,-0.244140625,-0.13427734375,3.5400390625,0.4150390625,3.61328125,-0.23193359375,5.95703125,0.0244140625,2.5634765625,0.09765625,-0.0732421875,-0.08544921875,-0.74462890625,-0.0244140625,0.9521484375,-0.08544921875,0.25634765625,0.146484375,-0.2685546875,-0.3173828125,-0.84228515625,-0.30517578125,-0.4150390625,-0.37841796875,-0.69580078125,-0.25634765625,-0.18310546875,-0.1708984375,-0.67138671875,-0.52490234375,-0.390625,0.29296875,0.4638671875,-0.18310546875,1.123046875,-0.1220703125,0.537109375,0.03662109375,-0.15869140625,0.62255859375,0.76904296875,-0.48828125,0.67138671875,-0.4638671875,0.47607421875,0,0.5126953125,0.37841796875,0.1708984375,-0.3662109375,0.2197265625,-0.0732421875,1.08642578125,-0.01220703125,0.18310546875,-0.35400390625,0.2197265625,-0.09765625,0.29296875,-0.2197265625,0.81787109375,0.15869140625,0.01220703125,-0.0244140625,1.3671875,0.2197265625,-0.91552734375,-0.1953125,-0.28076171875,-0.244140625,-0.98876953125,-0.048828125,-0.74462890625,-0.01220703125,-1.4892578125,-0.03662109375,-0.28076171875,-0.1953125,-0.28076171875,-0.244140625,-1.18408203125,-0.5615234375,0.32958984375,-0.13427734375,-0.45166015625,-0.1708984375,-0.62255859375,0.2197265625,0.048828125,0.01220703125,-0.68359375,-0.2197265625,-1.416015625,-0.10986328125,-1.0009765625,0.10986328125,0.4150390625,-0.10986328125,4.65087890625,-0.048828125,4.79736328125,-0.06103515625,3.076171875,0.08544921875,8.7890625,-0.0732421875,0.01220703125,-0.08544921875,0.8544921875,0.1220703125,-0.42724609375,0.13427734375,-0.45166015625
0,-0.048828125,-0.341796875,0.048828125,-0.3173828125,0.10986328125,-0.3662109375,-0.08544921875,0.0244140625,0.146484375,-0.1220703125,-0.3173828125,-0.96435546875,-0.2685546875,1.06201171875,-0.30517578125,-0.244140625,-0.03662109375,3.45458984375,0.52490234375,3.50341796875,-0.1953125,5.7861328125,0.146484375,2.490234375,0.048828125,-0.08544921875,-0.13427734375,-0.7568359375,0,0.93994140625,-0.25634765625,0.25634765625,0.048828125,-0.23193359375,-0.3173828125,-0.84228515625,-0.25634765625,-0.37841796875,-0.3173828125,-0.69580078125,-0.15869140625,-0.1953125,-0.10986328125,-0.6591796875,-0.47607421875,-0.37841796875,0.32958984375,0.4638671875,-0.18310546875,1.171875,-0.15869140625,0.54931640625,0.10986328125,-0.1220703125,0.59814453125,0.76904296875,-0.50048828125,0.634765625,-0.48828125,0.47607421875,-0.0244140625,0.52490234375,0.45166015625,0.146484375,-0.42724609375,0.20751953125,-0.048828125,1.07421875,0,0.1953125,-0.35400390625,0.20751953125,-0.10986328125,0.29296875,-0.1953125,0.79345703125,0.1708984375,0.01220703125,0,1.3671875,0.2685546875,-0.93994140625,-0.1708984375,-0.29296875,-0.18310546875,-1.0009765625,0,-0.72021484375,-0.0732421875,-1.4892578125,-0.0732421875,-0.2685546875,-0.2685546875,-0.28076171875,-0.2685546875,-1.18408203125,-0.4638671875,-0.1953125,-0.18310546875,-0.6103515625,-0.146484375,-0.7080078125,0.18310546875,-0.10986328125,-0.0732421875,-0.68359375,-0.244140625,-1.40380859375,-0.09765625,-1.01318359375,0.08544921875,0.42724609375,-0.09765625,3.9306640625,-0.0244140625,4.1015625,-0.06103515625,2.55126953125,0.1220703125,7.470703125,-0.08544921875,-0.0244140625,-0.10986328125,0.830078125,0.0732421875,-0.42724609375,0.146484375,-0.45166015625
0,-0.01220703125,-0.35400390625,0.08544921875,-0.3173828125,0.13427734375,-0.390625,-0.1220703125,0.0244140625,0.13427734375,-0.13427734375,-0.341796875,-0.98876953125,-0.23193359375,0.927734375,-0.28076171875,-0.25634765625,0.09765625,3.38134765625,0.52490234375,3.41796875,-0.1220703125,5.62744140625,0.2685546875,2.392578125,-0.0244140625,-0.08544921875,-0.18310546875,-0.74462890625,0,0.927734375,-0.40283203125,0.25634765625,-0.03662109375,-0.25634765625,-0.29296875,-0.8544921875,-0.2197265625,-0.3662109375,-0.18310546875,-0.7080078125,-0.09765625,-0.18310546875,-0.06103515625,-0.6591796875,-0.439453125,-0.390625,0.35400390625,0.4638671875,-0.18310546875,1.25732421875,-0.18310546875,0.57373046875,0.10986328125,-0.1220703125,0.5615234375,0.74462890625,-0.47607421875,0.634765625,-0.439453125,0.47607421875,0.0244140625,0.52490234375,0.45166015625,0.15869140625,-0.47607421875,0.20751953125,-0.0244140625,1.08642578125,0.01220703125,0.20751953125,-0.341796875,0.23193359375,-0.09765625,0.29296875,-0.18310546875,0.8544921875,0.1953125,0.0244140625,0.03662109375,1.3671875,0.32958984375,-0.93994140625,-0.1220703125,-0.29296875,-0.13427734375,-1.01318359375,0.03662109375,-0.732421875,-0.08544921875,-1.46484375,-0.1220703125,-0.25634765625,-0.35400390625,-0.28076171875,-0.1708984375,-1.20849609375,-0.35400390625,-0.62255859375,-0.20751953125,-0.74462890625,-0.10986328125,-0.79345703125,0.09765625,-0.2197265625,-0.1220703125,-0.69580078125,-0.2197265625,-1.42822265625,-0.08544921875,-1.01318359375,0.0244140625,0.42724609375,-0.09765625,3.18603515625,-0.0244140625,3.3447265625,-0.0732421875,2.001953125,0.09765625,6.04248046875,-0.13427734375,-0.01220703125,-0.0732421875,0.830078125,0.06103515625,-0.439453125,0.1708984375,-0.45166015625
0,-0.01220703125,-0.35400390625,0.1220703125,-0.3173828125,0.1220703125,-0.4150390625,-0.10986328125,0.01220703125,0.13427734375,-0.1953125,-0.32958984375,-1.025390625,-0.18310546875,0.76904296875,-0.2685546875,-0.32958984375,0.2197265625,3.271484375,0.40283203125,3.3447265625,0,5.45654296875,0.30517578125,2.30712890625,-0.08544921875,-0.10986328125,-0.1953125,-0.74462890625,-0.0244140625,0.93994140625,-0.439453125,0.244140625,-0.03662109375,-0.23193359375,-0.244140625,-0.87890625,-0.20751953125,-0.3662109375,-0.08544921875,-0.7080078125,-0.01220703125,-0.18310546875,-0.048828125,-0.6591796875,-0.40283203125,-0.37841796875,0.42724609375,0.4638671875,-0.1953125,1.318359375,-0.23193359375,0.57373046875,0.08544921875,-0.10986328125,0.45166015625,0.74462890625,-0.42724609375,0.634765625,-0.4150390625,0.48828125,0.08544921875,0.537109375,0.37841796875,0.15869140625,-0.537109375,0.20751953125,0.048828125,1.08642578125,0.01220703125,0.2197265625,-0.3173828125,0.20751953125,-0.10986328125,0.30517578125,-0.1220703125,0.8544921875,0.1708984375,0.048828125,0.09765625,1.3671875,0.341796875,-0.93994140625,-0.0244140625,-0.30517578125,-0.1220703125,-1.01318359375,0.048828125,-0.732421875,-0.13427734375,-1.46484375,-0.10986328125,-0.25634765625,-0.42724609375,-0.29296875,-0.03662109375,-1.220703125,-0.2685546875,-0.9033203125,-0.2197265625,-0.830078125,-0.08544921875,-0.84228515625,-0.01220703125,-0.2685546875,-0.1953125,-0.68359375,-0.10986328125,-1.42822265625,-0.09765625,-1.01318359375,-0.0244140625,0.42724609375,-0.08544921875,2.44140625,-0.01220703125,2.57568359375,-0.08544921875,1.47705078125,0.10986328125,4.58984375,-0.1708984375,-0.01220703125,-0.09765625,0.830078125,0.048828125,-0.439453125,0.1708984375,-0.45166015625
0,0.01220703125,-0.35400390625,0.09765625,-0.32958984375,0.1220703125,-0.40283203125,-0.09765625,0.01220703125,0.1708984375,-0.23193359375,-0.35400390625,-1.08642578125,-0.18310546875,0.6103515625,-0.244140625,-0.40283203125,0.30517578125,3.13720703125,0.32958984375,3.2470703125,0.10986328125,5.23681640625,0.2685546875,2.16064453125,-0.18310546875,-0.1220703125,-0.20751953125,-0.7568359375,-0.09765625,0.9521484375,-0.40283203125,0.244140625,0.03662109375,-0.25634765625,-0.25634765625,-0.86669921875,-0.25634765625,-0.3662109375,-0.03662109375,-0.69580078125,0.048828125,-0.18310546875,-0.03662109375,-0.64697265625,-0.40283203125,-0.40283203125,0.47607421875,0.45166015625,-0.28076171875,1.37939453125,-0.29296875,0.59814453125,0.0244140625,-0.08544921875,0.3173828125,0.72021484375,-0.37841796875,0.64697265625,-0.37841796875,0.5126953125,0.09765625,0.5126953125,0.341796875,0.15869140625,-0.5615234375,0.2197265625,0.1220703125,1.07421875,-0.0244140625,0.244140625,-0.25634765625,0.20751953125,-0.10986328125,0.3173828125,-0.0732421875,0.87890625,0.1708984375,0.06103515625,0.18310546875,1.3916015625,0.30517578125,-0.93994140625,0.0732421875,-0.32958984375,-0.0732421875,-1.01318359375,0.0732421875,-0.72021484375,-0.15869140625,-1.47705078125,-0.13427734375,-0.2197265625,-0.47607421875,-0.29296875,0.13427734375,-1.220703125,-0.15869140625,-1.0986328125,-0.18310546875,-0.89111328125,-0.09765625,-0.87890625,-0.0732421875,-0.29296875,-0.20751953125,-0.69580078125,-0.0244140625,-1.45263671875,-0.13427734375,-1.01318359375,-0.09765625,0.42724609375,-0.0732421875,1.7822265625,0.01220703125,1.806640625,-0.08544921875,0.96435546875,0.09765625,3.1982421875,-0.18310546875,-0.048828125,-0.09765625,0.79345703125,0.03662109375,-0.42724609375,0.18310546875,-0.4638671875
0,0.06103515625,-0.35400390625,0.0732421875,-0.3173828125,0.146484375,-0.390625,-0.08544921875,-0.0244140625,0.1953125,-0.29296875,-0.390625,-1.123046875,-0.15869140625,0.50048828125,-0.20751953125,-0.4638671875,0.341796875,2.9296875,0.1953125,3.1005859375,0.20751953125,4.96826171875,0.1953125,2.01416015625,-0.2685546875,-0.146484375,-0.2197265625,-0.7568359375,-0.15869140625,0.9521484375,-0.2685546875,0.244140625,0.13427734375,-0.2685546875,-0.23193359375,-0.86669921875,-0.28076171875,-0.37841796875,0.01220703125,-0.69580078125,0.09765625,-0.18310546875,-0.01220703125,-0.64697265625,-0.28076171875,-0.390625,0.52490234375,0.439453125,-0.2685546875,1.40380859375,-0.32958984375,0.6103515625,-0.09765625,-0.10986328125,0.1953125,0.732421875,-0.341796875,0.6591796875,-0.390625,0.48828125,0.1220703125,0.48828125,0.32958984375,0.146484375,-0.57373046875,0.2197265625,0.1708984375,1.07421875,-0.01220703125,0.25634765625,-0.23193359375,0.2197265625,-0.09765625,0.32958984375,-0.06103515625,0.93994140625,0.1953125,0.08544921875,0.23193359375,1.37939453125,0.35400390625,-0.93994140625,0.146484375,-0.3173828125,-0.0244140625,-0.98876953125,0.01220703125,-0.72021484375,-0.15869140625,-1.4892578125,-0.10986328125,-0.2197265625,-0.47607421875,-0.29296875,0.25634765625,-1.220703125,-0.1220703125,-1.18408203125,-0.146484375,-0.89111328125,-0.146484375,-0.830078125,-0.09765625,-0.28076171875,-0.1953125,-0.7080078125,0.048828125,-1.46484375,-0.1708984375,-1.025390625,-0.13427734375,0.42724609375,-0.06103515625,1.15966796875,0.0244140625,1.11083984375,-0.0732421875,0.50048828125,0.08544921875,1.953125,-0.1708984375,-0.06103515625,-0.1220703125,0.81787109375,0.06103515625,-0.42724609375,0.146484375,-0.4638671875
0,0.0732421875,-0.35400390625,0.03662109375,-0.30517578125,0.13427734375,-0.3662109375,-0.0732421875,-0.01220703125,0.28076171875,-0.32958984375,-0.390625,-1.171875,-0.10986328125,0.439453125,-0.13427734375,-0.52490234375,0.2685546875,2.685546875,0.08544921875,2.89306640625,0.3173828125,4.62646484375,0.09765625,1.81884765625,-0.29296875,-0.13427734375,-0.20751953125,-0.78125,-0.18310546875,0.96435546875,-0.08544921875,0.244140625,0.20751953125,-0.28076171875,-0.2197265625,-0.8544921875,-0.32958984375,-0.37841796875,0.06103515625,-0.67138671875,0.13427734375,-0.20751953125,-0.0244140625,-0.6591796875,-0.1708984375,-0.42724609375,0.54931640625,0.48828125,-0.37841796875,1.3916015625,-0.35400390625,0.62255859375,-0.25634765625,-0.08544921875,0.13427734375,0.7568359375,-0.29296875,0.67138671875,-0.37841796875,0.50048828125,0.09765625,0.48828125,0.244140625,0.1708984375,-0.5615234375,0.244140625,0.20751953125,1.07421875,-0.0244140625,0.2685546875,-0.2197265625,0.23193359375,-0.0732421875,0.341796875,-0.03662109375,0.93994140625,0.1708984375,0.1220703125,0.3173828125,1.40380859375,0.37841796875,-0.927734375,0.18310546875,-0.30517578125,0,-0.96435546875,-0.01220703125,-0.7080078125,-0.18310546875,-1.47705078125,-0.08544921875,-0.20751953125,-0.37841796875,-0.2685546875,0.29296875,-1.20849609375,-0.09765625,-1.2451171875,-0.048828125,-0.9033203125,-0.20751953125,-0.830078125,-0.08544921875,-0.28076171875,-0.15869140625,-0.72021484375,0.09765625,-1.46484375,-0.23193359375,-1.01318359375,-0.1953125,0.42724609375,-0.0732421875,0.6591796875,0.0244140625,0.50048828125,-0.06103515625,0.13427734375,0.1220703125,0.9033203125,-0.1953125,-0.0732421875,-0.13427734375,0.830078125,0.08544921875,-0.4150390625,0.10986328125,-0.4638671875
1,0.09765625,-0.32958984375,0.01220703125,-0.30517578125,0.13427734375,-0.3662109375,-0.0732421875,-0.03662109375,0.3173828125,-0.341796875,-0.439453125,-1.1962890625,0,0.42724609375,-0.08544921875,-0.52490234375,0.2197265625,2.34375,0.15869140625,2.64892578125,0.37841796875,4.21142578125,0.03662109375,1.55029296875,-0.2685546875,-0.13427734375,-0.23193359375,-0.7568359375,-0.2197265625,0.9521484375,0.1220703125,0.244140625,0.28076171875,-0.30517578125,-0.2197265625,-0.84228515625,-0.3662109375,-0.42724609375,0.15869140625,-0.67138671875,0.1220703125,-0.1953125,-0.06103515625,-0.64697265625,-0.048828125,-0.4638671875,0.52490234375,0.50048828125,-0.3662109375,1.3671875,-0.30517578125,0.64697265625,-0.37841796875,-0.09765625,0.09765625,0.74462890625,-0.2685546875,0.67138671875,-0.3173828125,0.50048828125,0.048828125,0.48828125,0.18310546875,0.1708984375,-0.42724609375,0.2685546875,0.25634765625,1.06201171875,0.01220703125,0.2685546875,-0.18310546875,0.244140625,-0.06103515625,0.35400390625,-0.03662109375,0.91552734375,0.1708984375,0.146484375,0.35400390625,1.3916015625,0.42724609375,-0.91552734375,0.1953125,-0.32958984375,0,-0.9521484375,-0.06103515625,-0.69580078125,-0.15869140625,-1.4892578125,-0.048828125,-0.1953125,-0.20751953125,-0.244140625,0.25634765625,-1.18408203125,-0.08544921875,-1.23291015625,0.10986328125,-0.9033203125,-0.28076171875,-0.79345703125,-0.03662109375,-0.29296875,-0.0732421875,-0.732421875,0.08544921875,-1.46484375,-0.30517578125,-1.0009765625,-0.20751953125,0.439453125,-0.08544921875,0.30517578125,0.03662109375,0.0732421875,-0.08544921875,-0.146484375,0.10986328125,0.146484375,-0.20751953125,-0.0732421875,-0.13427734375,0.86669921875,0.09765625,-0.42724609375,0.0732421875,-0.45166015625
1,0.10986328125,-0.341796875,0,-0.30517578125,0.146484375,-0.35400390625,-0.08544921875,-0.01220703125,0.341796875,-0.30517578125,-0.4638671875,-1.20849609375,-0.01220703125,0.47607421875,0,-0.5126953125,0.09765625,1.9287109375,0.03662109375,2.30712890625,0.244140625,3.6865234375,-0.03662109375,1.26953125,-0.2197265625,-0.1220703125,-0.25634765625,-0.76904296875,-0.15869140625,0.96435546875,0.25634765625,0.244140625,0.29296875,-0.30517578125,-0.1953125,-0.84228515625,-0.390625,-0.4638671875,0.13427734375,-0.67138671875,0.0732421875,-0.2197265625,-0.09765625,-0.6591796875,0.048828125,-0.47607421875,0.45166015625,0.50048828125,-0.37841796875,1.30615234375,-0.2685546875,0.62255859375,-0.47607421875,-0.10986328125,0.08544921875,0.7568359375,-0.3173828125,0.67138671875,-0.244140625,0.4638671875,-0.10986328125,0.50048828125,0.13427734375,0.1708984375,-0.341796875,0.2685546875,0.2685546875,1.07421875,0.03662109375,0.2685546875,-0.20751953125,0.25634765625,0,0.37841796875,0.03662109375,0.93994140625,0.1708984375,0.13427734375,0.3662109375,1.416015625,0.50048828125,-0.87890625,0.15869140625,-0.30517578125,-0.048828125,-0.96435546875,-0.08544921875,-0.69580078125,-0.15869140625,-1.47705078125,-0.0244140625,-0.18310546875,-0.06103515625,-0.244140625,0.1708984375,-1.171875,-0.09765625,-1.220703125,0.1953125,-0.89111328125,-0.3662109375,-0.78125,0.048828125,-0.2685546875,0.0732421875,-0.74462890625,0.06103515625,-1.47705078125,-0.32958984375,-0.98876953125,-0.23193359375,0.439453125,-0.146484375,0.06103515625,-0.0244140625,-0.25634765625,-0.13427734375,-0.3173828125,0,-0.341796875,-0.23193359375,-0.048828125,-0.15869140625,0.87890625,0.1220703125,-0.40283203125,0.08544921875,-0.42724609375
1,0.146484375,-0.32958984375,0.03662109375,-0.29296875,0.10986328125,-0.341796875,-0.09765625,0.0244140625,0.40283203125,-0.3173828125,-0.4150390625,-1.20849609375,-0.01220703125,0.5615234375,0.03662109375,-0.48828125,0.01220703125,1.513671875,-0.0732421875,1.9287109375,0.1953125,3.16162109375,-0.06103515625,0.9521484375,-0.1220703125,-0.10986328125,-0.25634765625,-0.78125,-0.0732421875,0.9765625,0.32958984375,0.244140625,0.2685546875,-0.32958984375,-0.1953125,-0.830078125,-0.40283203125,-0.50048828125,0.06103515625,-0.69580078125,0.048828125,-0.244140625,-0.08544921875,-0.67138671875,0.0732421875,-0.47607421875,0.4150390625,0.50048828125,-0.4150390625,1.25732421875,-0.2197265625,0.59814453125,-0.54931640625,-0.146484375,0.09765625,0.76904296875,-0.3662109375,0.67138671875,-0.23193359375,0.4638671875,-0.25634765625,0.52490234375,0.10986328125,0.1708984375,-0.3173828125,0.244140625,0.30517578125,1.08642578125,0.06103515625,0.244140625,-0.2197265625,0.25634765625,0.06103515625,0.3662109375,0.048828125,0.9033203125,0.1220703125,0.146484375,0.3662109375,1.3916015625,0.5126953125,-0.87890625,0.09765625,-0.3173828125,-0.10986328125,-0.9765625,-0.13427734375,-0.72021484375,-0.09765625,-1.4892578125,-0.03662109375,-0.1708984375,0.08544921875,-0.23193359375,0.06103515625,-1.1474609375,-0.146484375,-1.220703125,0.244140625,-0.87890625,-0.40283203125,-0.7568359375,0.13427734375,-0.244140625,0.1953125,-0.732421875,0.01220703125,-1.46484375,-0.3662109375,-1.01318359375,-0.23193359375,0.45166015625,-0.146484375,-0.08544921875,0.0244140625,-0.45166015625,-0.10986328125,-0.4150390625,0.01220703125,-0.57373046875,-0.244140625,-0.03662109375,-0.15869140625,0.87890625,0.09765625,-0.40283203125,0.06103515625,-0.42724609375
1,0.13427734375,-0.3173828125,0.03662109375,-0.29296875,0.10986328125,-0.35400390625,-0.0732421875,0.0244140625,0.390625,-0.2685546875,-0.4638671875,-1.171875,-0.01220703125,0.67138671875,0.0244140625,-0.45166015625,-0.048828125,1.13525390625,-0.10986328125,1.50146484375,0.13427734375,2.6123046875,-0.06103515625,0.64697265625,-0.048828125,-0.09765625,-0.2197265625,-0.78125,0.048828125,0.9521484375,0.28076171875,0.244140625,0.2685546875,-0.30517578125,-0.1708984375,-0.830078125,-0.439453125,-0.52490234375,-0.0244140625,-0.68359375,-0.06103515625,-0.244140625,-0.09765625,-0.68359375,0.06103515625,-0.47607421875,0.40283203125,0.5126953125,-0.4150390625,1.220703125,-0.13427734375,0.5615234375,-0.537109375,-0.146484375,0.1220703125,0.7568359375,-0.42724609375,0.6591796875,-0.28076171875,0.45166015625,-0.42724609375,0.5126953125,0.048828125,0.1708984375,-0.25634765625,0.2685546875,0.35400390625,1.08642578125,0.10986328125,0.23193359375,-0.25634765625,0.2685546875,0.10986328125,0.390625,0.08544921875,0.89111328125,0.09765625,0.09765625,0.341796875,1.3916015625,0.537109375,-0.87890625,0,-0.3173828125,-0.15869140625,-0.98876953125,-0.1708984375,-0.732421875,-0.048828125,-1.50146484375,-0.0244140625,-0.1953125,0.18310546875,-0.2197265625,0,-1.1474609375,-0.20751953125,-1.23291015625,0.1953125,-0.86669921875,-0.341796875,-0.76904296875,0.2197265625,-0.244140625,0.3173828125,-0.732421875,-0.0244140625,-1.4404296875,-0.3662109375,-1.01318359375,-0.25634765625,0.439453125,-0.146484375,-0.13427734375,0.0732421875,-0.54931640625,-0.08544921875,-0.439453125,0.06103515625,-0.57373046875,-0.28076171875,0,-0.1220703125,0.87890625,0.06103515625,-0.4150390625,0.08544921875,-0.439453125
1,0.1220703125,-0.32958984375,0.01220703125,-0.29296875,0.09765625,-0.3662109375,-0.0732421875,0.01220703125,0.35400390625,-0.28076171875,-0.47607421875,-1.1474609375,-0.0244140625,0.78125,-0.01220703125,-0.42724609375,-0.13427734375,0.7568359375,-0.146484375,1.13525390625,-0.01220703125,2.11181640625,-0.1220703125,0.3662109375,0.06103515625,-0.09765625,-0.1953125,-0.7568359375,0.1953125,0.9765625,0.1953125,0.25634765625,0.28076171875,-0.3173828125,-0.15869140625,-0.8056640625,-0.47607421875,-0.52490234375,-0.048828125,-0.7080078125,-0.2197265625,-0.25634765625,-0.048828125,-0.67138671875,-0.03662109375,-0.48828125,0.341796875,0.5126953125,-0.3662109375,1.220703125,-0.06103515625,0.50048828125,-0.5126953125,-0.146484375,0.1220703125,0.74462890625,-0.48828125,0.634765625,-0.32958984375,0.45166015625,-0.5859375,0.537109375,0.0244140625,0.13427734375,-0.15869140625,0.28076171875,0.32958984375,1.0986328125,0.1220703125,0.2197265625,-0.28076171875,0.2685546875,0.1708984375,0.40283203125,0.146484375,0.86669921875,0.0732421875,0.0732421875,0.29296875,1.416015625,0.5126953125,-0.8544921875,-0.09765625,-0.3173828125,-0.23193359375,-0.96435546875,-0.1953125,-0.732421875,0,-1.4892578125,-0.06103515625,-0.18310546875,0.1953125,-0.244140625,0,-1.1474609375,-0.244140625,-1.220703125,0.15869140625,-0.87890625,-0.2685546875,-0.76904296875,0.25634765625,-0.25634765625,0.29296875,-0.732421875,-0.06103515625,-1.4404296875,-0.30517578125,-1.01318359375,-0.244140625,0.439453125,-0.146484375,-0.146484375,0.08544921875,-0.54931640625,-0.0732421875,-0.4150390625,0.0732421875,-0.4638671875,-0.29296875,0,-0.13427734375,0.86669921875,0.0244140625,-0.42724609375,0.09765625,-0.439453125
1,0.10986328125,-0.32958984375,0,-0.30517578125,0.0732421875,-0.3662109375,-0.06103515625,0.0244140625,0.32958984375,-0.244140625,-0.45166015625,-1.13525390625,0.0244140625,0.84228515625,-0.03662109375,-0.390625,-0.18310546875,0.47607421875,-0.1953125,0.81787109375,-0.0732421875,1.69677734375,-0.1220703125,0.13427734375,0.10986328125,-0.10986328125,-0.10986328125,-0.7568359375,0.244140625,0.9521484375,0.09765625,0.244140625,0.2685546875,-0.3173828125,-0.146484375,-0.830078125,-0.47607421875,-0.52490234375,-0.08544921875,-0.72021484375,-0.390625,-0.25634765625,-0.01220703125,-0.68359375,-0.1220703125,-0.45166015625,0.28076171875,0.47607421875,-0.37841796875,1.25732421875,0.0244140625,0.47607421875,-0.439453125,-0.10986328125,0.146484375,0.732421875,-0.5615234375,0.62255859375,-0.390625,0.45166015625,-0.68359375,0.5615234375,0.0244140625,0.146484375,-0.0244140625,0.28076171875,0.341796875,1.0986328125,0.146484375,0.2197265625,-0.2685546875,0.2685546875,0.20751953125,0.37841796875,0.1708984375,0.830078125,0.0732421875,0.03662109375,0.1953125,1.40380859375,0.47607421875,-0.8544921875,-0.1708984375,-0.30517578125,-0.2685546875,-0.9765625,-0.23193359375,-0.74462890625,0.03662109375,-1.513671875,-0.06103515625,-0.20751953125,0.10986328125,-0.2197265625,0.01220703125,-1.1474609375,-0.28076171875,-1.23291015625,0.0732421875,-0.8544921875,-0.10986328125,-0.78125,0.28076171875,-0.25634765625,0.2685546875,-0.732421875,-0.06103515625,-1.40380859375,-0.20751953125,-1.025390625,-0.244140625,0.45166015625,-0.13427734375,-0.09765625,0.09765625,-0.5126953125,-0.06103515625,-0.390625,0.10986328125,-0.30517578125,-0.2685546875,0.01220703125,-0.10986328125,0.89111328125,0.0244140625,-0.42724609375,0.1220703125,-0.439453125
1,0.13427734375,-0.341796875,-0.01220703125,-0.32958984375,0.0732421875,-0.40283203125,-0.06103515625,0,0.29296875,-0.244140625,-0.50048828125,-1.123046875,0.01220703125,0.86669921875,-0.10986328125,-0.4150390625,-0.18310546875,0.29296875,-0.146484375,0.5615234375,-0.1708984375,1.4404296875,-0.18310546875,0.01220703125,0.1220703125,-0.08544921875,-0.0244140625,-0.74462890625,0.28076171875,0.96435546875,0.01220703125,0.2685546875,0.25634765625,-0.30517578125,-0.10986328125,-0.830078125,-0.47607421875,-0.47607421875,-0.10986328125,-0.72021484375,-0.537109375,-0.25634765625,0.03662109375,-0.69580078125,-0.23193359375,-0.42724609375,0.2685546875,0.47607421875,-0.1953125,1.318359375,0.048828125,0.439453125,-0.3173828125,-0.1220703125,0.1953125,0.732421875,-0.62255859375,0.62255859375,-0.4150390625,0.45166015625,-0.72021484375,0.5859375,0.09765625,0.1220703125,0.1708984375,0.28076171875,0.32958984375,1.0986328125,0.10986328125,0.23193359375,-0.23193359375,0.25634765625,0.18310546875,0.341796875,0.25634765625,0.81787109375,0.06103515625,0.01220703125,0.13427734375,1.40380859375,0.439453125,-0.8544921875,-0.20751953125,-0.32958984375,-0.2197265625,-1.0009765625,-0.23193359375,-0.74462890625,0.06103515625,-1.50146484375,-0.0732421875,-0.23193359375,0,-0.25634765625,0.0732421875,-1.1474609375,-0.2197265625,-1.220703125,-0.09765625,-0.84228515625,0.01220703125,-0.81787109375,0.2685546875,-0.2685546875,0.20751953125,-0.7080078125,-0.0244140625,-1.40380859375,-0.1220703125,-1.03759765625,-0.244140625,0.45166015625,-0.10986328125,-0.09765625,0.10986328125,-0.4638671875,-0.06103515625,-0.35400390625,0.10986328125,-0.146484375,-0.2685546875,0,-0.10986328125,0.84228515625,0,-0.439453125,0.13427734375,-0.45166015625
1,0.1220703125,-0.32958984375,-0.048828125,-0.3662109375,0.0732421875,-0.4150390625,-0.048828125,0,0.28076171875,-0.25634765625,-0.5126953125,-1.1474609375,0.01220703125,0.87890625,-0.1220703125,-0.4150390625,-0.13427734375,0.25634765625,-0.08544921875,0.45166015625,-0.18310546875,1.35498046875,-0.146484375,-0.0244140625,0.146484375,-0.08544921875,0.048828125,-0.74462890625,0.2685546875,0.9765625,-0.0732421875,0.25634765625,0.18310546875,-0.28076171875,-0.10986328125,-0.84228515625,-0.47607421875,-0.4638671875,-0.18310546875,-0.732421875,-0.57373046875,-0.25634765625,0.01220703125,-0.67138671875,-0.30517578125,-0.40283203125,0.29296875,0.439453125,-0.13427734375,1.3916015625,0.06103515625,0.42724609375,-0.20751953125,-0.1220703125,0.23193359375,0.72021484375,-0.634765625,0.634765625,-0.390625,0.47607421875,-0.6591796875,0.5859375,0.09765625,0.09765625,0.2197265625,0.28076171875,0.341796875,1.0986328125,0.09765625,0.23193359375,-0.1708984375,0.244140625,0.1708984375,0.341796875,0.30517578125,0.830078125,0.03662109375,0,0.03662109375,1.3916015625,0.37841796875,-0.87890625,-0.20751953125,-0.3173828125,-0.13427734375,-0.98876953125,-0.23193359375,-0.74462890625,0.03662109375,-1.4892578125,-0.0732421875,-0.25634765625,-0.146484375,-0.2685546875,0.0732421875,-1.1474609375,-0.244140625,-1.1962890625,-0.18310546875,-0.86669921875,0.1220703125,-0.8544921875,0.1953125,-0.244140625,0.08544921875,-0.68359375,0.01220703125,-1.42822265625,-0.01220703125,-1.01318359375,-0.2685546875,0.45166015625,-0.09765625,-0.06103515625,0.10986328125,-0.4150390625,-0.06103515625,-0.3662109375,0.10986328125,-0.06103515625,-0.25634765625,-0.03662109375,-0.10986328125,0.84228515625,-0.0244140625,-0.45166015625,0.1220703125,-0.439453125
1,0.146484375,-0.35400390625,-0.0732421875,-0.35400390625,0.06103515625,-0.4150390625,-0.048828125,-0.0244140625,0.25634765625,-0.2685546875,-0.5615234375,-1.15966796875,0.01220703125,0.8544921875,-0.146484375,-0.42724609375,-0.1220703125,0.341796875,-0.1220703125,0.48828125,-0.18310546875,1.47705078125,-0.15869140625,0.03662109375,0.13427734375,-0.08544921875,0.10986328125,-0.72021484375,0.18310546875,0.96435546875,-0.1220703125,0.23193359375,0.06103515625,-0.2685546875,-0.1220703125,-0.84228515625,-0.48828125,-0.4150390625,-0.23193359375,-0.732421875,-0.54931640625,-0.25634765625,-0.048828125,-0.67138671875,-0.3662109375,-0.390625,0.37841796875,0.439453125,-0.0244140625,1.45263671875,0.01220703125,0.4150390625,-0.146484375,-0.10986328125,0.32958984375,0.7080078125,-0.634765625,0.6591796875,-0.390625,0.47607421875,-0.537109375,0.57373046875,0.10986328125,0.08544921875,0.2685546875,0.29296875,0.3662109375,1.08642578125,0.0732421875,0.244140625,-0.0732421875,0.23193359375,0.1708984375,0.30517578125,0.3173828125,0.8544921875,0.03662109375,0,-0.048828125,1.37939453125,0.341796875,-0.9033203125,-0.1708984375,-0.32958984375,-0.0244140625,-1.0009765625,-0.18310546875,-0.7568359375,0.048828125,-1.4892578125,-0.0732421875,-0.2685546875,-0.2685546875,-0.29296875,0.048828125,-1.1474609375,-0.2197265625,-1.1474609375,-0.25634765625,-0.84228515625,0.18310546875,-0.86669921875,0.13427734375,-0.244140625,-0.06103515625,-0.68359375,0.03662109375,-1.416015625,0.06103515625,-1.01318359375,-0.28076171875,0.439453125,-0.0732421875,-0.0732421875,0.13427734375,-0.40283203125,-0.03662109375,-0.390625,0.146484375,-0.048828125,-0.25634765625,-0.03662109375,-0.1220703125,0.81787109375,-0.03662109375,-0.45166015625,0.13427734375,-0.439453125
1,0.1708984375,-0.35400390625,-0.1220703125,-0.3662109375,0.0732421875,-0.4150390625,-0.0244140625,-0.0244140625,0.28076171875,-0.28076171875,-0.64697265625,-1.18408203125,0,0.79345703125,-0.1953125,-0.439453125,-0.03662109375,0.5859375,-0.0244140625,0.69580078125,-0.01220703125,1.8310546875,-0.09765625,0.23193359375,0.1220703125,-0.09765625,0.1220703125,-0.72021484375,0.09765625,0.96435546875,-0.10986328125,0.244140625,0.0244140625,-0.28076171875,-0.18310546875,-0.84228515625,-0.48828125,-0.4150390625,-0.20751953125,-0.72021484375,-0.42724609375,-0.23193359375,-0.13427734375,-0.68359375,-0.341796875,-0.390625,0.40283203125,0.42724609375,0.06103515625,1.4892578125,-0.03662109375,0.4150390625,-0.08544921875,-0.09765625,0.37841796875,0.72021484375,-0.64697265625,0.67138671875,-0.341796875,0.50048828125,-0.3662109375,0.54931640625,0.18310546875,0.08544921875,0.2685546875,0.2685546875,0.29296875,1.07421875,0.048828125,0.25634765625,-0.01220703125,0.2197265625,0.1708984375,0.25634765625,0.35400390625,0.86669921875,0.01220703125,-0.01220703125,-0.08544921875,1.35498046875,0.3173828125,-0.91552734375,-0.1220703125,-0.3173828125,0.0244140625,-1.0009765625,-0.146484375,-0.7568359375,0.03662109375,-1.50146484375,-0.1220703125,-0.28076171875,-0.37841796875,-0.29296875,-0.01220703125,-1.1474609375,-0.18310546875,-1.08642578125,-0.2685546875,-0.830078125,0.1708984375,-0.87890625,0.1220703125,-0.2197265625,-0.1953125,-0.69580078125,0.01220703125,-1.4404296875,0.10986328125,-1.01318359375,-0.30517578125,0.40283203125,-0.08544921875,-0.08544921875,0.10986328125,-0.40283203125,-0.0732421875,-0.4150390625,0.1953125,-0.1220703125,-0.23193359375,-0.06103515625,-0.13427734375,0.81787109375,0,-0.4638671875,0.1220703125,-0.439453125
1,0.18310546875,-0.3662109375,-0.146484375,-0.3662109375,0.06103515625,-0.40283203125,-0.06103515625,-0.01220703125,0.2685546875,-0.30517578125,-0.68359375,-1.18408203125,-0.03662109375,0.79345703125,-0.23193359375,-0.439453125,-0.03662109375,0.9765625,0.06103515625,1.07421875,0.18310546875,2.38037109375,-0.01220703125,0.537109375,0.06103515625,-0.09765625,0.10986328125,-0.72021484375,-0.03662109375,0.93994140625,-0.1220703125,0.244140625,-0.048828125,-0.28076171875,-0.28076171875,-0.8544921875,-0.4638671875,-0.3662109375,-0.146484375,-0.72021484375,-0.25634765625,-0.2197265625,-0.23193359375,-0.68359375,-0.30517578125,-0.4150390625,0.40283203125,0.42724609375,0.1220703125,1.4892578125,-0.10986328125,0.439453125,-0.08544921875,-0.10986328125,0.3662109375,0.74462890625,-0.634765625,0.69580078125,-0.3662109375,0.5126953125,-0.15869140625,0.52490234375,0.25634765625,0.10986328125,0.2685546875,0.25634765625,0.244140625,1.07421875,0.0244140625,0.28076171875,0.08544921875,0.23193359375,0.146484375,0.2685546875,0.29296875,0.91552734375,0.01220703125,0.01220703125,-0.1708984375,1.35498046875,0.3173828125,-0.9033203125,-0.06103515625,-0.3173828125,0.09765625,-1.01318359375,-0.09765625,-0.74462890625,0,-1.50146484375,-0.15869140625,-0.28076171875,-0.40283203125,-0.29296875,-0.1220703125,-1.15966796875,-0.1708984375,-1.01318359375,-0.23193359375,-0.79345703125,0.08544921875,-0.8544921875,0.06103515625,-0.2197265625,-0.3173828125,-0.7080078125,-0.0244140625,-1.45263671875,0.10986328125,-1.01318359375,-0.37841796875,0.42724609375,-0.08544921875,-0.1220703125,0.1708984375,-0.42724609375,-0.0732421875,-0.45166015625,0.2197265625,-0.28076171875,-0.2197265625,-0.0732421875,-0.15869140625,0.81787109375,0,-0.4638671875,0.13427734375,-0.45166015625
1,0.1953125,-0.341796875,-0.18310546875,-0.341796875,0.0732421875,-0.4150390625,-0.06103515625,-0.01220703125,0.2685546875,-0.30517578125,-0.72021484375,-1.18408203125,-0.0732421875,0.78125,-0.2685546875,-0.4638671875,0.0244140625,1.47705078125,0.1708984375,1.57470703125,0.32958984375,3.11279296875,0.10986328125,0.93994140625,0.0244140625,-0.09765625,0.048828125,-0.74462890625,-0.15869140625,0.927734375,-0.13427734375,0.23193359375,-0.048828125,-0.29296875,-0.37841796875,-0.830078125,-0.4638671875,-0.390625,-0.146484375,-0.69580078125,-0.1220703125,-0.2197265625,-0.23193359375,-0.68359375,-0.244140625,-0.439453125,0.390625,0.439453125,0.06103515625,1.46484375,-0.18310546875,0.48828125,-0.10986328125,-0.10986328125,0.341796875,0.732421875,-0.54931640625,0.7080078125,-0.341796875,0.50048828125,0.06103515625,0.52490234375,0.32958984375,0.1220703125,0.28076171875,0.23193359375,0.18310546875,1.06201171875,-0.01220703125,0.29296875,0.10986328125,0.2197265625,0.15869140625,0.29296875,0.244140625,0.91552734375,0.0244140625,0.03662109375,-0.20751953125,1.3671875,0.32958984375,-0.93994140625,0.03662109375,-0.30517578125,0.15869140625,-1.01318359375,-0.0732421875,-0.74462890625,-0.0244140625,-1.513671875,-0.2197265625,-0.2685546875,-0.3173828125,-0.28076171875,-0.23193359375,-1.15966796875,-0.10986328125,-0.9765625,-0.15869140625,-0.79345703125,0,-0.84228515625,0.0732421875,-0.18310546875,-0.3662109375,-0.74462890625,-0.08544921875,-1.45263671875,0.048828125,-0.98876953125,-0.4150390625,0.42724609375,-0.08544921875,-0.1220703125,0.18310546875,-0.42724609375,-0.0732421875,-0.47607421875,0.20751953125,-0.40283203125,-0.2197265625,-0.048828125,-0.15869140625,0.84228515625,-0.0244140625,-0.47607421875,0.13427734375,-0.42724609375
1,0.18310546875,-0.32958984375,-0.20751953125,-0.32958984375,0.08544921875,-0.4150390625,-0.0732421875,-0.03662109375,0.244140625,-0.28076171875,-0.68359375,-1.1962890625,0.01220703125,0.8056640625,-0.28076171875,-0.439453125,0.03662109375,2.0751953125,0.20751953125,2.197265625,0.341796875,3.96728515625,0.18310546875,1.416015625,0.0244140625,-0.1220703125,-0.01220703125,-0.7568359375,-0.2197265625,0.927734375,-0.1708984375,0.23193359375,0,-0.28076171875,-0.4150390625,-0.84228515625,-0.40283203125,-0.40283203125,-0.1220703125,-0.67138671875,0.01220703125,-0.20751953125,-0.23193359375,-0.68359375,-0.08544921875,-0.4638671875,0.390625,0.45166015625,0.146484375,1.416015625,-0.25634765625,0.5126953125,-0.18310546875,-0.0732421875,0.25634765625,0.76904296875,-0.47607421875,0.69580078125,-0.29296875,0.5126953125,0.28076171875,0.48828125,0.32958984375,0.15869140625,0.3173828125,0.1953125,0.08544921875,1.0498046875,-0.0244140625,0.30517578125,0.13427734375,0.23193359375,0.13427734375,0.29296875,0.1708984375,0.9521484375,-0.0244140625,0.03662109375,-0.2197265625,1.35498046875,0.3662109375,-0.93994140625,0.0732421875,-0.29296875,0.146484375,-1.025390625,0.01220703125,-0.732421875,-0.03662109375,-1.513671875,-0.244140625,-0.25634765625,-0.1953125,-0.30517578125,-0.30517578125,-1.1474609375,-0.09765625,-0.9521484375,-0.0732421875,-0.78125,-0.13427734375,-0.8056640625,0.06103515625,-0.18310546875,-0.30517578125,-0.732421875,-0.20751953125,-1.46484375,-0.01220703125,-0.98876953125,-0.42724609375,0.42724609375,-0.048828125,-0.10986328125,0.2197265625,-0.42724609375,-0.03662109375,-0.48828125,0.25634765625,-0.5126953125,-0.23193359375,-0.06103515625,-0.20751953125,0.830078125,-0.0244140625,-0.48828125,0.13427734375,-0.439453125
1,0.18310546875,-0.32958984375,-0.15869140625,-0.30517578125,0.0732421875,-0.37841796875,-0.09765625,-0.0244140625,0.23193359375,-0.25634765625,-0.5859375,-1.15966796875,0.09765625,0.84228515625,-0.28076171875,-0.40283203125,0.06103515625,2.7099609375,0.1708984375,2.84423828125,0.3662109375,4.87060546875,0.23193359375,1.9287109375,0.0244140625,-0.13427734375,-0.09765625,-0.76904296875,-0.2197265625,0.93994140625,-0.1953125,0.2197265625,0.01220703125,-0.32958984375,-0.3662109375,-0.81787109375,-0.3662109375,-0.439453125,-0.10986328125,-0.67138671875,0.08544921875,-0.1953125,-0.1953125,-0.69580078125,0.01220703125,-0.50048828125,0.390625,0.45166015625,0.10986328125,1.35498046875,-0.3173828125,0.52490234375,-0.25634765625,-0.08544921875,0.13427734375,0.76904296875,-0.37841796875,0.7080078125,-0.20751953125,0.50048828125,0.4150390625,0.48828125,0.32958984375,0.15869140625,0.35400390625,0.18310546875,0.048828125,1.06201171875,-0.0244140625,0.3173828125,0.13427734375,0.23193359375,0.08544921875,0.29296875,0.06103515625,0.98876953125,-0.03662109375,0.03662109375,-0.18310546875,1.3427734375,0.390625,-0.93994140625,0.09765625,-0.2685546875,0.1220703125,-1.01318359375,0.08544921875,-0.732421875,-0.0244140625,-1.50146484375,-0.2685546875,-0.2685546875,-0.06103515625,-0.2685546875,-0.30517578125,-1.18408203125,-0.10986328125,-0.93994140625,0,-0.7568359375,-0.23193359375,-0.78125,0.0732421875,-0.1708984375,-0.18310546875,-0.732421875,-0.3173828125,-1.46484375,-0.08544921875,-1.0009765625,-0.42724609375,0.4150390625,-0.1220703125,-0.08544921875,0.18310546875,-0.37841796875,-0.09765625,-0.45166015625,0.1708984375,-0.54931640625,-0.25634765625,-0.06103515625,-0.1953125,0.81787109375,-0.03662109375,-0.48828125,0.13427734375,-0.439453125
1,0.1953125,-0.32958984375,-0.1708984375,-0.30517578125,0.06103515625,-0.390625,-0.09765625,0.01220703125,0.244140625,-0.23193359375,-0.47607421875,-1.123046875,0.06103515625,0.89111328125,-0.28076171875,-0.341796875,0.06103515625,3.38134765625,0.15869140625,3.4912109375,0.42724609375,5.74951171875,0.25634765625,2.4658203125,0.048828125,-0.146484375,-0.1708984375,-0.79345703125,-0.1708984375,0.9521484375,-0.20751953125,0.2197265625,0.01220703125,-0.30517578125,-0.29296875,-0.830078125,-0.32958984375,-0.439453125,-0.048828125,-0.67138671875,0.0732421875,-0.20751953125,-0.08544921875,-0.7080078125,0.146484375,-0.5126953125,0.390625,0.45166015625,0.0244140625,1.28173828125,-0.35400390625,0.537109375,-0.30517578125,-0.09765625,0.048828125,0.76904296875,-0.30517578125,0.7080078125,-0.146484375,0.47607421875,0.50048828125,0.50048828125,0.3662109375,0.15869140625,0.341796875,0.18310546875,-0.048828125,1.06201171875,-0.03662109375,0.28076171875,0.13427734375,0.244140625,0.0244140625,0.32958984375,0.01220703125,0.9521484375,-0.08544921875,0.06103515625,-0.15869140625,1.35498046875,0.4150390625,-0.93994140625,0.08544921875,-0.25634765625,0.048828125,-1.0009765625,0.18310546875,-0.74462890625,-0.03662109375,-1.4892578125,-0.25634765625,-0.2685546875,0.048828125,-0.28076171875,-0.25634765625,-1.15966796875,-0.0732421875,-0.96435546875,0.03662109375,-0.7568359375,-0.25634765625,-0.74462890625,0.08544921875,-0.15869140625,0,-0.72021484375,-0.40283203125,-1.45263671875,-0.146484375,-0.9765625,-0.42724609375,0.4150390625,-0.13427734375,0.01220703125,0.2197265625,-0.29296875,-0.09765625,-0.390625,0.13427734375,-0.47607421875,-0.28076171875,-0.048828125,-0.20751953125,0.830078125,-0.048828125,-0.50048828125,0.13427734375,-0.4638671875
0,0.18310546875,-0.341796875,-0.09765625,-0.3173828125,0.0732421875,-0.37841796875,-0.08544921875,0,0.25634765625,-0.20751953125,-0.32958984375,-1.123046875,0.13427734375,0.91552734375,-0.3173828125,-0.30517578125,0.08544921875,4.00390625,0.15869140625,4.0771484375,0.439453125,6.57958984375,0.32958984375,2.91748046875,0.06103515625,-0.13427734375,-0.1953125,-0.79345703125,-0.0732421875,0.93994140625,-0.1953125,0.23193359375,-0.01220703125,-0.3173828125,-0.23193359375,-0.81787109375,-0.28076171875,-0.47607421875,0.01220703125,-0.6591796875,0.01220703125,-0.2197265625,0.01220703125,-0.69580078125,0.244140625,-0.52490234375,0.439453125,0.4638671875,-0.03662109375,1.23291015625,-0.30517578125,0.537109375,-0.35400390625,-0.09765625,0.0244140625,0.76904296875,-0.2197265625,0.67138671875,-0.15869140625,0.50048828125,0.50048828125,0.52490234375,0.341796875,0.1708984375,0.2197265625,0.18310546875,-0.10986328125,1.0498046875,-0.048828125,0.2685546875,0.10986328125,0.25634765625,-0.0244140625,0.35400390625,-0.0732421875,0.93994140625,-0.13427734375,0.06103515625,-0.146484375,1.3427734375,0.4638671875,-0.93994140625,0.0732421875,-0.25634765625,0,-0.96435546875,0.23193359375,-0.74462890625,0,-1.4892578125,-0.244140625,-0.244140625,0.13427734375,-0.25634765625,-0.1708984375,-1.171875,-0.10986328125,-0.9765625,0.01220703125,-0.74462890625,-0.25634765625,-0.72021484375,0.0244140625,-0.15869140625,0.15869140625,-0.732421875,-0.40283203125,-1.42822265625,-0.1953125,-1.0009765625,-0.42724609375,0.4150390625,-0.09765625,0.1220703125,0.25634765625,-0.1953125,-0.03662109375,-0.30517578125,0.25634765625,-0.35400390625,-0.30517578125,-0.048828125,-0.18310546875,0.830078125,-0.06103515625,-0.50048828125,0.10986328125,-0.48828125
0,0.18310546875,-0.30517578125,-0.09765625,-0.29296875,0.08544921875,-0.40283203125,-0.09765625,0,0.25634765625,-0.18310546875,-0.13427734375,-1.07421875,0.20751953125,0.9033203125,-0.30517578125,-0.2685546875,0.0732421875,4.5166015625,0.0732421875,4.5654296875,0.341796875,7.23876953125,0.341796875,3.3447265625,0.03662109375,-0.1220703125,-0.18310546875,-0.76904296875,0.048828125,0.9765625,-0.1220703125,0.25634765625,-0.0244140625,-0.3173828125,-0.13427734375,-0.81787109375,-0.2685546875,-0.48828125,0.03662109375,-0.67138671875,-0.048828125,-0.23193359375,0.09765625,-0.68359375,0.244140625,-0.5126953125,0.439453125,0.45166015625,-0.0244140625,1.23291015625,-0.2685546875,0.5126953125,-0.40283203125,-0.1220703125,0.06103515625,0.76904296875,-0.1953125,0.64697265625,-0.2197265625,0.48828125,0.48828125,0.537109375,0.30517578125,0.146484375,0.146484375,0.1708984375,-0.13427734375,1.06201171875,-0.0732421875,0.25634765625,0.048828125,0.25634765625,-0.06103515625,0.35400390625,-0.0732421875,0.927734375,-0.10986328125,0.06103515625,-0.146484375,1.3671875,0.439453125,-0.927734375,0.06103515625,-0.2685546875,-0.0244140625,-0.9765625,0.23193359375,-0.72021484375,0.01220703125,-1.50146484375,-0.18310546875,-0.2197265625,0.18310546875,-0.2685546875,-0.03662109375,-1.18408203125,-0.09765625,-1.01318359375,-0.03662109375,-0.7080078125,-0.1953125,-0.74462890625,-0.0244140625,-0.146484375,0.25634765625,-0.7080078125,-0.3173828125,-1.4404296875,-0.1953125,-1.01318359375,-0.42724609375,0.42724609375,-0.1708984375,0.2685546875,0.23193359375,-0.06103515625,-0.08544921875,-0.2197265625,0.146484375,-0.146484375,-0.29296875,-0.048828125,-0.20751953125,0.830078125,-0.048828125,-0.48828125,0.06103515625,-0.48828125
0,0.15869140625,-0.30517578125,-0.15869140625,-0.30517578125,0.1220703125,-0.390625,-0.10986328125,0.0244140625,0.29296875,-0.18310546875,-0.01220703125,-1.06201171875,0.23193359375,0.8544921875,-0.3173828125,-0.244140625,0.01220703125,4.91943359375,-0.06103515625,4.9072265625,0.1953125,7.71484375,0.3662109375,3.64990234375,0.01220703125,-0.1220703125,-0.1220703125,-0.7568359375,0.146484375,0.98876953125,-0.048828125,0.244140625,0.01220703125,-0.30517578125,-0.048828125,-0.81787109375,-0.244140625,-0.47607421875,0.03662109375,-0.68359375,-0.13427734375,-0.23193359375,0.15869140625,-0.68359375,0.23193359375,-0.47607421875,0.45166015625,0.45166015625,-0.20751953125,1.23291015625,-0.18310546875,0.48828125,-0.390625,-0.1220703125,0.1220703125,0.7568359375,-0.18310546875,0.6591796875,-0.29296875,0.50048828125,0.37841796875,0.54931640625,0.244140625,0.15869140625,0.0244140625,0.18310546875,-0.18310546875,1.06201171875,-0.06103515625,0.244140625,0.0244140625,0.23193359375,-0.13427734375,0.3662109375,-0.0732421875,0.89111328125,-0.0732421875,0.06103515625,-0.15869140625,1.3671875,0.4150390625,-0.927734375,0.06103515625,-0.30517578125,-0.048828125,-0.96435546875,0.20751953125,-0.732421875,0.01220703125,-1.50146484375,-0.1220703125,-0.20751953125,0.1708984375,-0.2685546875,0.09765625,-1.18408203125,-0.0244140625,-1.01318359375,-0.06103515625,-0.69580078125,-0.09765625,-0.72021484375,-0.03662109375,-0.1220703125,0.2685546875,-0.7080078125,-0.1708984375,-1.4404296875,-0.18310546875,-1.03759765625,-0.390625,0.42724609375,-0.15869140625,0.4150390625,0.244140625,0.06103515625,-0.10986328125,-0.08544921875,0.09765625,0.0732421875,-0.32958984375,-0.06103515625,-0.2197265625,0.81787109375,-0.048828125,-0.48828125,0.0244140625,-0.50048828125
0,0.1708984375,-0.32958984375,-0.18310546875,-0.29296875,0.09765625,-0.40283203125,-0.15869140625,0.03662109375,0.29296875,-0.20751953125,0.03662109375,-1.03759765625,0.1708984375,0.81787109375,-0.32958984375,-0.23193359375,-0.06103515625,5.16357421875,-0.15869140625,5.06591796875,0.048828125,7.9345703125,0.35400390625,3.82080078125,-0.03662109375,-0.09765625,-0.01220703125,-0.7568359375,0.18310546875,1.0009765625,0.048828125,0.25634765625,0.01220703125,-0.30517578125,0.0244140625,-0.8056640625,-0.28076171875,-0.45166015625,0,-0.68359375,-0.20751953125,-0.23193359375,0.10986328125,-0.67138671875,0.146484375,-0.439453125,0.4638671875,0.45166015625,-0.15869140625,1.26953125,-0.0732421875,0.45166015625,-0.35400390625,-0.13427734375,0.18310546875,0.7568359375,-0.15869140625,0.634765625,-0.32958984375,0.50048828125,0.2197265625,0.5615234375,0.2685546875,0.1220703125,-0.03662109375,0.20751953125,-0.20751953125,1.06201171875,-0.06103515625,0.2685546875,-0.01220703125,0.2197265625,-0.1708984375,0.390625,-0.10986328125,0.89111328125,-0.01220703125,0.06103515625,-0.1953125,1.3671875,0.37841796875,-0.93994140625,0.0732421875,-0.3173828125,-0.048828125,-0.96435546875,0.10986328125,-0.74462890625,0.03662109375,-1.47705078125,-0.048828125,-0.1953125,0.15869140625,-0.28076171875,0.2197265625,-1.15966796875,-0.01220703125,-0.98876953125,-0.10986328125,-0.64697265625,-0.048828125,-0.7080078125,-0.09765625,-0.08544921875,0.1953125,-0.7080078125,-0.0244140625,-1.4404296875,-0.1708984375,-1.03759765625,-0.37841796875,0.42724609375,-0.09765625,0.54931640625,0.28076171875,0.1953125,-0.048828125,0.01220703125,0.20751953125,0.29296875,-0.3173828125,-0.0732421875,-0.20751953125,0.830078125,-0.0244140625,-0.4638671875,0.01220703125,-0.50048828125
0,0.1953125,-0.32958984375,-0.18310546875,-0.29296875,0.09765625,-0.40283203125,-0.1953125,0.06103515625,0.341796875,-0.2197265625,0,-1.06201171875,0.244140625,0.79345703125,-0.3173828125,-0.25634765625,-0.1220703125,5.18798828125,-0.2197265625,5.0537109375,-0.0732421875,7.8857421875,0.29296875,3.80859375,-0.06103515625,-0.08544921875,0.08544921875,-0.7568359375,0.18310546875,0.98876953125,0.146484375,0.2685546875,0.03662109375,-0.28076171875,0.01220703125,-0.8056640625,-0.29296875,-0.4150390625,0.01220703125,-0.69580078125,-0.20751953125,-0.23193359375,0.1220703125,-0.67138671875,0.18310546875,-0.4150390625,0.390625,0.4638671875,-0.1220703125,1.318359375,0.0244140625,0.45166015625,-0.29296875,-0.146484375,0.20751953125,0.7568359375,-0.1953125,0.64697265625,-0.341796875,0.50048828125,-0.0244140625,0.54931640625,0.28076171875,0.13427734375,-0.0732421875,0.2197265625,-0.1953125,1.0498046875,-0.048828125,0.2685546875,-0.03662109375,0.2197265625,-0.20751953125,0.37841796875,-0.13427734375,0.89111328125,0.03662109375,0.06103515625,-0.23193359375,1.37939453125,0.3173828125,-0.93994140625,0.09765625,-0.32958984375,-0.03662109375,-0.96435546875,-0.0244140625,-0.74462890625,0.0244140625,-1.50146484375,0.03662109375,-0.20751953125,0.10986328125,-0.29296875,0.29296875,-1.171875,0,-0.91552734375,-0.1708984375,-0.59814453125,0.01220703125,-0.7080078125,-0.15869140625,-0.048828125,0.10986328125,-0.69580078125,0.146484375,-1.42822265625,-0.15869140625,-1.03759765625,-0.42724609375,0.42724609375,-0.146484375,0.67138671875,0.23193359375,0.32958984375,-0.08544921875,0.10986328125,0.1220703125,0.50048828125,-0.28076171875,-0.06103515625,-0.244140625,0.86669921875,-0.03662109375,-0.439453125,0.01220703125,-0.47607421875
0,0.2197265625,-0.341796875,-0.1953125,-0.30517578125,0.06103515625,-0.37841796875,-0.2197265625,0.03662109375,0.37841796875,-0.25634765625,-0.0732421875,-1.07421875,0.244140625,0.79345703125,-0.29296875,-0.30517578125,-0.20751953125,5.01708984375,-0.244140625,4.84619140625,-0.1708984375,7.5927734375,0.20751953125,3.64990234375,-0.08544921875,-0.10986328125,0.1708984375,-0.732421875,0.1953125,1.0009765625,0.244140625,0.25634765625,0.06103515625,-0.29296875,-0.01220703125,-0.8056640625,-0.30517578125,-0.390625,-0.03662109375,-0.7080078125,-0.25634765625,-0.244140625,0.01220703125,-0.64697265625,0.1953125,-0.40283203125,0.3662109375,0.45166015625,-0.1220703125,1.35498046875,0.146484375,0.45166015625,-0.1708984375,-0.10986328125,0.29296875,0.7568359375,-0.2197265625,0.6591796875,-0.40283203125,0.48828125,-0.20751953125,0.54931640625,0.23193359375,0.13427734375,-0.1953125,0.244140625,-0.18310546875,1.06201171875,-0.06103515625,0.29296875,-0.048828125,0.23193359375,-0.23193359375,0.35400390625,-0.146484375,0.87890625,0.0732421875,0.06103515625,-0.28076171875,1.40380859375,0.23193359375,-0.93994140625,0.09765625,-0.341796875,-0.0244140625,-0.9765625,-0.15869140625,-0.74462890625,0.0244140625,-1.4892578125,0.10986328125,-0.20751953125,0.09765625,-0.30517578125,0.341796875,-1.1474609375,-0.0732421875,-0.8544921875,-0.146484375,-0.5859375,0.0244140625,-0.72021484375,-0.13427734375,-0.01220703125,0.048828125,-0.68359375,0.20751953125,-1.42822265625,-0.1220703125,-1.03759765625,-0.42724609375,0.4150390625,-0.13427734375,0.78125,0.1953125,0.439453125,-0.09765625,0.20751953125,0.1220703125,0.62255859375,-0.29296875,-0.0732421875,-0.23193359375,0.87890625,-0.0732421875,-0.45166015625,-0.01220703125,-0.4638671875
0,0.20751953125,-0.341796875,-0.20751953125,-0.30517578125,0.048828125,-0.40283203125,-0.20751953125,0.0244140625,0.3662109375,-0.28076171875,-0.1708984375,-1.07421875,0.25634765625,0.86669921875,-0.244140625,-0.32958984375,-0.29296875,4.638671875,-0.2685546875,4.4677734375,-0.244140625,7.09228515625,0.0732421875,3.33251953125,-0.08544921875,-0.10986328125,0.2197265625,-0.74462890625,0.15869140625,0.98876953125,0.29296875,0.244140625,0.13427734375,-0.29296875,-0.10986328125,-0.8056640625,-0.3173828125,-0.390625,-0.09765625,-0.69580078125,-0.3173828125,-0.20751953125,-0.1220703125,-0.6591796875,0.1708984375,-0.390625,0.32958984375,0.45166015625,-0.06103515625,1.3671875,0.244140625,0.4638671875,-0.06103515625,-0.1220703125,0.341796875,0.76904296875,-0.28076171875,0.6591796875,-0.4638671875,0.48828125,-0.37841796875,0.52490234375,0.18310546875,0.13427734375,-0.2685546875,0.2685546875,-0.15869140625,1.06201171875,-0.0732421875,0.30517578125,-0.08544921875,0.20751953125,-0.23193359375,0.3173828125,-0.13427734375,0.91552734375,0.09765625,0.0732421875,-0.2685546875,1.40380859375,0.15869140625,-0.9521484375,0.08544921875,-0.32958984375,-0.0732421875,-0.9521484375,-0.29296875,-0.74462890625,0.048828125,-1.4892578125,0.146484375,-0.1953125,0.06103515625,-0.28076171875,0.30517578125,-1.1474609375,-0.1953125,-0.79345703125,-0.10986328125,-0.5126953125,0.0244140625,-0.7080078125,-0.10986328125,0.048828125,0.01220703125,-0.69580078125,0.2197265625,-1.4404296875,-0.0732421875,-1.03759765625,-0.45166015625,0.45166015625,-0.09765625,0.9033203125,0.25634765625,0.54931640625,-0.048828125,0.30517578125,0.2197265625,0.68359375,-0.29296875,-0.06103515625,-0.23193359375,0.89111328125,-0.06103515625,-0.45166015625,-0.01220703125,-0.45166015625
0,0.2197265625,-0.3662109375,-0.20751953125,-0.3173828125,0.0244140625,-0.40283203125,-0.20751953125,0.01220703125,0.30517578125,-0.244140625,-0.28076171875,-1.07421875,0.244140625,1.0498046875,-0.2197265625,-0.3173828125,-0.35400390625,4.06494140625,-0.30517578125,3.9306640625,-0.25634765625,6.38427734375,-0.0732421875,2.89306640625,-0.0244140625,-0.1220703125,0.23193359375,-0.74462890625,0.13427734375,0.9765625,0.3173828125,0.244140625,0.20751953125,-0.30517578125,-0.25634765625,-0.81787109375,-0.3173828125,-0.40283203125,-0.20751953125,-0.69580078125,-0.3173828125,-0.20751953125,-0.244140625,-0.6591796875,0.23193359375,-0.40283203125,0.2197265625,0.4638671875,-0.06103515625,1.416015625,0.30517578125,0.50048828125,0.13427734375,-0.09765625,0.3662109375,0.78125,-0.3173828125,0.6591796875,-0.4638671875,0.48828125,-0.50048828125,0.5126953125,0.23193359375,0.1220703125,-0.341796875,0.2685546875,-0.1220703125,1.07421875,-0.06103515625,0.30517578125,-0.08544921875,0.2197265625,-0.23193359375,0.30517578125,-0.1220703125,0.927734375,0.09765625,0.08544921875,-0.244140625,1.3916015625,0.09765625,-0.93994140625,0.048828125,-0.32958984375,-0.1220703125,-0.9765625,-0.32958984375,-0.732421875,0.03662109375,-1.52587890625,0.146484375,-0.20751953125,0.10986328125,-0.28076171875,0.244140625,-1.13525390625,-0.32958984375,-0.732421875,-0.10986328125,-0.47607421875,-0.03662109375,-0.67138671875,-0.048828125,0.0732421875,0.03662109375,-0.72021484375,0.20751953125,-1.46484375,-0.048828125,-1.025390625,-0.4638671875,0.40283203125,-0.146484375,1.03759765625,0.20751953125,0.6591796875,-0.09765625,0.390625,0.09765625,0.69580078125,-0.3173828125,-0.08544921875,-0.23193359375,0.89111328125,-0.06103515625,-0.439453125,-0.03662109375,-0.42724609375
0,0.1953125,-0.341796875,-0.2685546875,-0.30517578125,0.0244140625,-0.40283203125,-0.23193359375,-0.0244140625,0.23193359375,-0.2197265625,-0.37841796875,-1.03759765625,0.1953125,1.35498046875,-0.20751953125,-0.28076171875,-0.37841796875,3.369140625,-0.35400390625,3.28369140625,-0.28076171875,5.52978515625,-0.20751953125,2.34375,0.048828125,-0.13427734375,0.1953125,-0.74462890625,0.09765625,0.9521484375,0.29296875,0.2197265625,0.23193359375,-0.3173828125,-0.3662109375,-0.79345703125,-0.29296875,-0.439453125,-0.29296875,-0.68359375,-0.3662109375,-0.1708984375,-0.35400390625,-0.67138671875,0.2197265625,-0.390625,0.15869140625,0.47607421875,-0.10986328125,1.42822265625,0.32958984375,0.52490234375,0.20751953125,-0.10986328125,0.4150390625,0.76904296875,-0.390625,0.68359375,-0.47607421875,0.4638671875,-0.5126953125,0.50048828125,0.23193359375,0.13427734375,-0.390625,0.25634765625,-0.048828125,1.07421875,-0.08544921875,0.32958984375,-0.0732421875,0.2197265625,-0.244140625,0.29296875,-0.13427734375,0.93994140625,0.10986328125,0.0732421875,-0.2197265625,1.37939453125,0.0732421875,-0.93994140625,-0.01220703125,-0.30517578125,-0.146484375,-0.93994140625,-0.30517578125,-0.72021484375,0.048828125,-1.513671875,0.09765625,-0.20751953125,0.08544921875,-0.29296875,0.146484375,-1.15966796875,-0.439453125,-0.72021484375,-0.08544921875,-0.4638671875,-0.10986328125,-0.67138671875,-0.01220703125,0.0732421875,0.06103515625,-0.732421875,0.10986328125,-1.45263671875,-0.048828125,-1.0009765625,-0.40283203125,0.42724609375,-0.146484375,1.1474609375,0.2197265625,0.76904296875,-0.09765625,0.48828125,0.10986328125,0.72021484375,-0.30517578125,-0.06103515625,-0.2197265625,0.89111328125,-0.048828125,-0.439453125,-0.08544921875,-0.42724609375
0,0.1953125,-0.3662109375,-0.25634765625,-0.29296875,0.01220703125,-0.390625,-0.28076171875,-0.0244140625,0.1220703125,-0.15869140625,-0.42724609375,-0.96435546875,0.1953125,1.7578125,-0.23193359375,-0.18310546875,-0.390625,2.60009765625,-0.30517578125,2.55126953125,-0.30517578125,4.57763671875,-0.29296875,1.74560546875,0.10986328125,-0.15869140625,0.15869140625,-0.7568359375,0.06103515625,0.927734375,0.20751953125,0.244140625,0.23193359375,-0.32958984375,-0.3662109375,-0.8056640625,-0.25634765625,-0.45166015625,-0.32958984375,-0.69580078125,-0.32958984375,-0.18310546875,-0.341796875,-0.67138671875,0.23193359375,-0.40283203125,0.1220703125,0.4638671875,0.048828125,1.4404296875,0.29296875,0.537109375,0.2685546875,-0.06103515625,0.40283203125,0.76904296875,-0.390625,0.7080078125,-0.42724609375,0.4638671875,-0.50048828125,0.48828125,0.1953125,0.15869140625,-0.40283203125,0.2685546875,0,1.08642578125,-0.1220703125,0.3173828125,-0.048828125,0.23193359375,-0.244140625,0.28076171875,-0.08544921875,0.9765625,0.09765625,0.09765625,-0.1708984375,1.37939453125,0.08544921875,-0.927734375,-0.0732421875,-0.30517578125,-0.13427734375,-0.93994140625,-0.20751953125,-0.72021484375,0.048828125,-1.50146484375,0.048828125,-0.20751953125,0.1220703125,-0.28076171875,0,-1.15966796875,-0.439453125,-0.732421875,-0.10986328125,-0.48828125,-0.146484375,-0.6591796875,0.0244140625,0.03662109375,0.0732421875,-0.72021484375,-0.01220703125,-1.45263671875,-0.06103515625,-0.98876953125,-0.35400390625,0.42724609375,-0.13427734375,1.2451171875,0.2197265625,0.89111328125,-0.0732421875,0.5859375,0.10986328125,0.72021484375,-0.30517578125,-0.048828125,-0.23193359375,0.87890625,-0.048828125,-0.4150390625,-0.1220703125,-0.42724609375
0,0.1708984375,-0.3662109375,-0.25634765625,-0.28076171875,0.01220703125,-0.40283203125,-0.30517578125,-0.03662109375,0.0244140625,-0.048828125,-0.45166015625,-0.8544921875,0.1708984375,2.25830078125,-0.23193359375,-0.0244140625,-0.35400390625,1.77001953125,-0.28076171875,1.806640625,-0.32958984375,3.61328125,-0.3173828125,1.13525390625,0.1953125,-0.1708984375,0.10986328125,-0.78125,0.03662109375,0.91552734375,0.09765625,0.244140625,0.15869140625,-0.35400390625,-0.3173828125,-0.79345703125,-0.2197265625,-0.50048828125,-0.30517578125,-0.7080078125,-0.32958984375,-0.1953125,-0.29296875,-0.69580078125,0.23193359375,-0.4638671875,0.08544921875,0.47607421875,0.03662109375,1.4404296875,0.23193359375,0.537109375,0.35400390625,-0.0732421875,0.341796875,0.76904296875,-0.37841796875,0.69580078125,-0.30517578125,0.439453125,-0.52490234375,0.50048828125,0.13427734375,0.146484375,-0.42724609375,0.244140625,0.03662109375,1.08642578125,-0.1220703125,0.28076171875,-0.0244140625,0.244140625,-0.25634765625,0.29296875,-0.03662109375,0.927734375,0.09765625,0.0732421875,-0.09765625,1.37939453125,0.10986328125,-0.9033203125,-0.1220703125,-0.29296875,-0.1220703125,-0.96435546875,-0.09765625,-0.72021484375,0,-1.52587890625,0.01220703125,-0.23193359375,0.13427734375,-0.2685546875,-0.146484375,-1.1474609375,-0.341796875,-0.79345703125,-0.1220703125,-0.5126953125,-0.18310546875,-0.68359375,0.048828125,-0.01220703125,0.0732421875,-0.732421875,-0.10986328125,-1.46484375,-0.06103515625,-1.0009765625,-0.2685546875,0.42724609375,-0.15869140625,1.35498046875,0.2197265625,1.01318359375,-0.06103515625,0.64697265625,0.146484375,0.732421875,-0.3173828125,-0.048828125,-0.18310546875,0.86669921875,-0.08544921875,-0.40283203125,-0.146484375,-0.439453125
0,0.15869140625,-0.3662109375,-0.28076171875,-0.28076171875,0.06103515625,-0.4150390625,-0.29296875,-0.0244140625,-0.048828125,0.09765625,-0.439453125,-0.68359375,0.09765625,2.83203125,-0.29296875,0.15869140625,-0.28076171875,0.9765625,-0.2197265625,1.11083984375,-0.30517578125,2.7099609375,-0.23193359375,0.52490234375,0.23193359375,-0.15869140625,0.06103515625,-0.79345703125,0.048828125,0.91552734375,-0.048828125,0.25634765625,0,-0.37841796875,-0.244140625,-0.78125,-0.15869140625,-0.5126953125,-0.28076171875,-0.68359375,-0.2685546875,-0.20751953125,-0.146484375,-0.69580078125,0.10986328125,-0.47607421875,0.146484375,0.47607421875,0.0244140625,1.45263671875,0.146484375,0.54931640625,0.35400390625,-0.09765625,0.18310546875,0.7568359375,-0.3662109375,0.69580078125,-0.20751953125,0.45166015625,-0.47607421875,0.5126953125,0.13427734375,0.15869140625,-0.40283203125,0.244140625,0.10986328125,1.08642578125,-0.13427734375,0.29296875,-0.0244140625,0.28076171875,-0.244140625,0.30517578125,0.01220703125,0.91552734375,0.06103515625,0.0732421875,-0.0244140625,1.37939453125,0.1220703125,-0.927734375,-0.1708984375,-0.28076171875,-0.1220703125,-0.96435546875,0,-0.7080078125,-0.0244140625,-1.50146484375,-0.048828125,-0.25634765625,0.06103515625,-0.25634765625,-0.2685546875,-1.1474609375,-0.244140625,-0.9033203125,-0.15869140625,-0.57373046875,-0.146484375,-0.72021484375,0.0244140625,-0.06103515625,0.048828125,-0.732421875,-0.20751953125,-1.46484375,-0.03662109375,-1.0009765625,-0.20751953125,0.42724609375,-0.1220703125,1.4404296875,0.23193359375,1.123046875,-0.0732421875,0.7080078125,0.1220703125,0.78125,-0.35400390625,-0.03662109375,-0.1708984375,0.8544921875,-0.10986328125,-0.40283203125,-0.146484375,-0.45166015625
0,0.146484375,-0.35400390625,-0.244140625,-0.28076171875,0.06103515625,-0.40283203125,-0.29296875,0,-0.08544921875,0.29296875,-0.47607421875,-0.5126953125,0.06103515625,3.45458984375,-0.29296875,0.37841796875,-0.2197265625,0.23193359375,-0.1708984375,0.45166015625,-0.2685546875,1.86767578125,-0.08544921875,-0.01220703125,0.2197265625,-0.15869140625,0.03662109375,-0.79345703125,0.048828125,0.9033203125,-0.20751953125,0.244140625,-0.2197265625,-0.390625,-0.23193359375,-0.8056640625,-0.09765625,-0.537109375,-0.1953125,-0.68359375,-0.2197265625,-0.23193359375,-0.0732421875,-0.7080078125,0.23193359375,-0.50048828125,0.1708984375,0.45166015625,0.06103515625,1.47705078125,0.06103515625,0.52490234375,0.390625,-0.146484375,-0.01220703125,0.74462890625,-0.341796875,0.67138671875,-0.0244140625,0.45166015625,-0.42724609375,0.5126953125,0.15869140625,0.15869140625,-0.4150390625,0.244140625,0.15869140625,1.0986328125,-0.1220703125,0.244140625,0.01220703125,0.25634765625,-0.23193359375,0.3173828125,0.03662109375,0.89111328125,0.03662109375,0.048828125,0.01220703125,1.3671875,0.15869140625,-0.91552734375,-0.15869140625,-0.25634765625,-0.08544921875,-0.9521484375,0.06103515625,-0.7080078125,-0.048828125,-1.47705078125,-0.1220703125,-0.2685546875,-0.03662109375,-0.28076171875,-0.32958984375,-1.15966796875,-0.0244140625,-1.01318359375,-0.18310546875,-0.6103515625,-0.10986328125,-0.74462890625,-0.0244140625,-0.09765625,-0.01220703125,-0.72021484375,-0.23193359375,-1.4404296875,-0.01220703125,-1.025390625,-0.20751953125,0.42724609375,-0.10986328125,1.45263671875,0.23193359375,1.18408203125,-0.0732421875,0.74462890625,0.0732421875,0.830078125,-0.341796875,-0.01220703125,-0.146484375,0.8544921875,-0.13427734375,-0.40283203125,-0.1708984375,-0.45166015625
1,0.146484375,-0.35400390625,-0.244140625,-0.30517578125,0.08544921875,-0.40283203125,-0.2685546875,-0.01220703125,-0.06103515625,0.537109375,-0.4638671875,-0.30517578125,0.15869140625,4.06494140625,-0.29296875,0.57373046875,-0.13427734375,-0.40283203125,-0.1708984375,-0.09765625,-0.2197265625,1.15966796875,0.0732421875,-0.47607421875,0.13427734375,-0.15869140625,0.01220703125,-0.78125,0.03662109375,0.93994140625,-0.32958984375,0.2685546875,-0.4150390625,-0.40283203125,-0.23193359375,-0.8056640625,-0.06103515625,-0.537109375,-0.1708984375,-0.69580078125,-0.18310546875,-0.23193359375,-0.01220703125,-0.69580078125,0.2197265625,-0.50048828125,0.28076171875,0.45166015625,-0.08544921875,1.513671875,-0.0244140625,0.5126953125,0.30517578125,-0.1953125,-0.146484375,0.74462890625,-0.30517578125,0.67138671875,0.0244140625,0.47607421875,-0.3662109375,0.5126953125,0.23193359375,0.13427734375,-0.40283203125,0.2197265625,0.20751953125,1.0986328125,-0.09765625,0.2197265625,0,0.244140625,-0.20751953125,0.341796875,0.01220703125,0.84228515625,0.06103515625,0.048828125,0.06103515625,1.3671875,0.1953125,-0.927734375,-0.10986328125,-0.28076171875,-0.0244140625,-0.927734375,0.09765625,-0.72021484375,-0.048828125,-1.46484375,-0.1708984375,-0.2685546875,-0.15869140625,-0.25634765625,-0.25634765625,-1.171875,0.048828125,-1.13525390625,-0.1708984375,-0.67138671875,-0.0732421875,-0.78125,-0.08544921875,-0.146484375,-0.0732421875,-0.732421875,-0.2197265625,-1.416015625,0,-1.03759765625,-0.20751953125,0.4150390625,-0.09765625,1.46484375,0.244140625,1.2451171875,-0.08544921875,0.732421875,0.06103515625,0.8544921875,-0.341796875,0.01220703125,-0.1708984375,0.84228515625,-0.13427734375,-0.4150390625,-0.15869140625,-0.4638671875
1,0.1220703125,-0.3662109375,-0.2685546875,-0.3173828125,0.09765625,-0.390625,-0.25634765625,-0.01220703125,0.01220703125,0.732421875,-0.439453125,-0.10986328125,0.1708984375,4.62646484375,-0.28076171875,0.76904296875,-0.08544921875,-0.87890625,-0.1708984375,-0.5126953125,-0.15869140625,0.62255859375,0.23193359375,-0.830078125,-0.01220703125,-0.1220703125,0.01220703125,-0.76904296875,-0.0244140625,0.9521484375,-0.390625,0.25634765625,-0.5126953125,-0.40283203125,-0.1953125,-0.81787109375,-0.01220703125,-0.52490234375,-0.08544921875,-0.67138671875,-0.15869140625,-0.2685546875,0.0244140625,-0.69580078125,0.1220703125,-0.50048828125,0.35400390625,0.4638671875,0.03662109375,1.52587890625,-0.048828125,0.48828125,0.18310546875,-0.2197265625,-0.23193359375,0.7568359375,-0.2685546875,0.64697265625,0.06103515625,0.47607421875,-0.2685546875,0.5126953125,0.244140625,0.13427734375,-0.390625,0.23193359375,0.18310546875,1.0986328125,-0.03662109375,0.2197265625,-0.06103515625,0.244140625,-0.1220703125,0.341796875,0.03662109375,0.8544921875,0.048828125,0.048828125,0.03662109375,1.37939453125,0.18310546875,-0.89111328125,-0.01220703125,-0.29296875,0,-0.93994140625,0.09765625,-0.72021484375,-0.08544921875,-1.46484375,-0.1953125,-0.25634765625,-0.28076171875,-0.25634765625,-0.10986328125,-1.171875,0.08544921875,-1.18408203125,-0.18310546875,-0.7080078125,-0.03662109375,-0.8056640625,-0.10986328125,-0.1708984375,-0.15869140625,-0.7080078125,-0.146484375,-1.416015625,-0.0244140625,-1.025390625,-0.2197265625,0.4150390625,-0.10986328125,1.45263671875,0.244140625,1.2451171875,-0.06103515625,0.69580078125,0.048828125,0.87890625,-0.35400390625,-0.01220703125,-0.1708984375,0.84228515625,-0.146484375,-0.439453125,-0.146484375,-0.4638671875
1,0.13427734375,-0.3662109375,-0.23193359375,-0.3173828125,0.0732421875,-0.390625,-0.2197265625,-0.01220703125,0.10986328125,0.927734375,-0.4638671875,0.03662109375,0.146484375,5.11474609375,-0.25634765625,0.96435546875,-0.03662109375,-1.1962890625,-0.18310546875,-0.8056640625,-0.06103515625,0.244140625,0.32958984375,-1.07421875,-0.15869140625,-0.09765625,0.03662109375,-0.74462890625,-0.09765625,0.9521484375,-0.37841796875,0.2685546875,-0.48828125,-0.3662109375,-0.1953125,-0.830078125,0.0244140625,-0.5126953125,-0.01220703125,-0.69580078125,-0.10986328125,-0.2685546875,0.048828125,-0.7080078125,0.2685546875,-0.45166015625,0.390625,0.42724609375,-0.01220703125,1.5380859375,-0.03662109375,0.45166015625,0.10986328125,-0.20751953125,-0.2685546875,0.7568359375,-0.18310546875,0.634765625,0.10986328125,0.5126953125,-0.2685546875,0.52490234375,0.30517578125,0.1220703125,-0.29296875,0.25634765625,0.15869140625,1.08642578125,0.01220703125,0.1953125,-0.08544921875,0.23193359375,-0.06103515625,0.341796875,0.01220703125,0.84228515625,0.048828125,0.03662109375,0.01220703125,1.37939453125,0.2197265625,-0.9033203125,0.09765625,-0.30517578125,0.06103515625,-0.927734375,0.0732421875,-0.732421875,-0.1220703125,-1.46484375,-0.20751953125,-0.2685546875,-0.29296875,-0.2685546875,0.01220703125,-1.18408203125,0.1220703125,-1.1962890625,-0.1220703125,-0.732421875,-0.06103515625,-0.8056640625,-0.1708984375,-0.1708984375,-0.1953125,-0.69580078125,-0.06103515625,-1.42822265625,-0.0732421875,-1.03759765625,-0.23193359375,0.42724609375,-0.09765625,1.416015625,0.23193359375,1.220703125,-0.06103515625,0.6591796875,0.06103515625,0.89111328125,-0.37841796875,0,-0.18310546875,0.830078125,-0.15869140625,-0.45166015625,-0.15869140625,-0.47607421875
1,0.146484375,-0.3662109375,-0.28076171875,-0.3173828125,0.06103515625,-0.390625,-0.2197265625,0.0244140625,0.2197265625,1.0986328125,-0.4638671875,0.15869140625,0.13427734375,5.48095703125,-0.2197265625,1.11083984375,-0.06103515625,-1.37939453125,-0.1708984375,-0.9521484375,0.0732421875,0.0732421875,0.35400390625,-1.20849609375,-0.3173828125,-0.08544921875,0.048828125,-0.732421875,-0.23193359375,0.96435546875,-0.32958984375,0.28076171875,-0.390625,-0.341796875,-0.18310546875,-0.830078125,0.03662109375,-0.50048828125,0.0732421875,-0.68359375,-0.0732421875,-0.25634765625,0.06103515625,-0.6591796875,0.25634765625,-0.42724609375,0.390625,0.42724609375,-0.08544921875,1.5380859375,-0.03662109375,0.45166015625,0.01220703125,-0.20751953125,-0.3173828125,0.76904296875,-0.13427734375,0.64697265625,0.10986328125,0.50048828125,-0.28076171875,0.5126953125,0.35400390625,0.09765625,-0.13427734375,0.2685546875,0.13427734375,1.08642578125,0.03662109375,0.1953125,-0.1220703125,0.23193359375,0,0.32958984375,0.03662109375,0.81787109375,0.048828125,0.048828125,-0.03662109375,1.37939453125,0.1220703125,-0.91552734375,0.1708984375,-0.32958984375,0.1220703125,-0.91552734375,0.048828125,-0.7568359375,-0.146484375,-1.46484375,-0.146484375,-0.244140625,-0.3173828125,-0.29296875,0.15869140625,-1.1962890625,0.13427734375,-1.18408203125,-0.0732421875,-0.732421875,-0.15869140625,-0.81787109375,-0.18310546875,-0.15869140625,-0.1953125,-0.69580078125,0,-1.4404296875,-0.15869140625,-1.025390625,-0.23193359375,0.42724609375,-0.08544921875,1.33056640625,0.23193359375,1.18408203125,-0.06103515625,0.57373046875,0.13427734375,0.86669921875,-0.341796875,-0.0244140625,-0.1953125,0.8056640625,-0.1708984375,-0.48828125,-0.15869140625,-0.48828125
1,0.18310546875,-0.3662109375,-0.30517578125,-0.30517578125,0.048828125,-0.37841796875,-0.2197265625,0.0244140625,0.29296875,1.220703125,-0.45166015625,0.25634765625,0.10986328125,5.7373046875,-0.18310546875,1.2451171875,-0.1220703125,-1.42822265625,-0.15869140625,-0.9765625,0.1708984375,0.048828125,0.32958984375,-1.26953125,-0.4150390625,-0.06103515625,0.03662109375,-0.732421875,-0.341796875,0.98876953125,-0.23193359375,0.2685546875,-0.20751953125,-0.30517578125,-0.1708984375,-0.81787109375,0.048828125,-0.42724609375,0.13427734375,-0.68359375,-0.0244140625,-0.2197265625,-0.01220703125,-0.67138671875,0.3662109375,-0.3662109375,0.341796875,0.45166015625,-0.01220703125,1.513671875,0.048828125,0.45166015625,-0.06103515625,-0.1708984375,-0.30517578125,0.78125,-0.09765625,0.634765625,0.06103515625,0.5126953125,-0.29296875,0.537109375,0.30517578125,0.10986328125,0,0.29296875,0.10986328125,1.0986328125,0.03662109375,0.2197265625,-0.10986328125,0.23193359375,0.08544921875,0.341796875,0.06103515625,0.81787109375,0.0244140625,0.0244140625,-0.09765625,1.3916015625,0.10986328125,-0.927734375,0.25634765625,-0.32958984375,0.146484375,-0.91552734375,0.01220703125,-0.7568359375,-0.20751953125,-1.46484375,-0.10986328125,-0.2685546875,-0.23193359375,-0.29296875,0.1953125,-1.1962890625,0.15869140625,-1.123046875,0.0244140625,-0.68359375,-0.18310546875,-0.830078125,-0.13427734375,-0.13427734375,-0.15869140625,-0.7080078125,0.048828125,-1.4404296875,-0.2685546875,-1.01318359375,-0.244140625,0.42724609375,-0.10986328125,1.26953125,0.20751953125,1.123046875,-0.08544921875,0.50048828125,0.0732421875,0.81787109375,-0.3173828125,-0.048828125,-0.18310546875,0.81787109375,-0.1708984375,-0.48828125,-0.1708984375,-0.48828125
1,0.1953125,-0.3662109375,-0.28076171875,-0.29296875,0.03662109375,-0.37841796875,-0.1953125,0.048828125,0.341796875,1.28173828125,-0.37841796875,0.3173828125,0.1953125,5.87158203125,-0.1220703125,1.318359375,-0.2197265625,-1.3916015625,-0.20751953125,-0.91552734375,0.29296875,0.13427734375,0.2197265625,-1.23291015625,-0.47607421875,-0.06103515625,-0.01220703125,-0.72021484375,-0.35400390625,0.98876953125,-0.09765625,0.28076171875,-0.06103515625,-0.25634765625,-0.18310546875,-0.81787109375,0.0732421875,-0.390625,0.1708984375,-0.67138671875,0.0244140625,-0.1953125,-0.03662109375,-0.6591796875,0.5615234375,-0.341796875,0.30517578125,0.4638671875,-0.13427734375,1.46484375,0.10986328125,0.50048828125,-0.10986328125,-0.18310546875,-0.25634765625,0.79345703125,-0.0244140625,0.64697265625,-0.03662109375,0.50048828125,-0.341796875,0.57373046875,0.244140625,0.1220703125,0.18310546875,0.28076171875,0.13427734375,1.0986328125,0.06103515625,0.23193359375,-0.1220703125,0.2197265625,0.10986328125,0.3173828125,0.0732421875,0.8056640625,-0.01220703125,0.03662109375,-0.15869140625,1.40380859375,0.13427734375,-0.93994140625,0.28076171875,-0.3662109375,0.1220703125,-0.927734375,0.01220703125,-0.78125,-0.23193359375,-1.45263671875,-0.048828125,-0.25634765625,-0.0732421875,-0.32958984375,0.1953125,-1.1962890625,0.09765625,-1.06201171875,0.09765625,-0.67138671875,-0.244140625,-0.81787109375,-0.10986328125,-0.09765625,-0.0244140625,-0.7080078125,0.048828125,-1.4404296875,-0.32958984375,-1.025390625,-0.2685546875,0.42724609375,-0.0732421875,1.1962890625,0.244140625,1.03759765625,-0.0244140625,0.4638671875,0.13427734375,0.74462890625,-0.3173828125,-0.06103515625,-0.23193359375,0.8056640625,-0.15869140625,-0.47607421875,-0.1953125,-0.50048828125
1,0.1708984375,-0.35400390625,-0.2685546875,-0.29296875,0.0244140625,-0.37841796875,-0.18310546875,0.03662109375,0.32958984375,1.28173828125,-0.28076171875,0.32958984375,0.2197265625,5.89599609375,-0.03662109375,1.3427734375,-0.341796875,-1.26953125,-0.32958984375,-0.79345703125,0.23193359375,0.28076171875,0.048828125,-1.123046875,-0.48828125,-0.0732421875,-0.06103515625,-0.72021484375,-0.32958984375,0.98876953125,0.0732421875,0.25634765625,0.0732421875,-0.28076171875,-0.23193359375,-0.830078125,0.08544921875,-0.3662109375,0.1708984375,-0.68359375,0.06103515625,-0.1708984375,-0.0732421875,-0.64697265625,0.732421875,-0.35400390625,0.244140625,0.45166015625,-0.15869140625,1.40380859375,0.1953125,0.50048828125,-0.10986328125,-0.13427734375,-0.23193359375,0.79345703125,0,0.6591796875,-0.1220703125,0.47607421875,-0.390625,0.6103515625,0.09765625,0.10986328125,0.29296875,0.28076171875,0.09765625,1.08642578125,0.06103515625,0.2685546875,-0.09765625,0.244140625,0.10986328125,0.29296875,0.10986328125,0.830078125,-0.0244140625,0.06103515625,-0.2685546875,1.40380859375,0.13427734375,-0.93994140625,0.2685546875,-0.341796875,0.08544921875,-0.927734375,-0.01220703125,-0.7568359375,-0.20751953125,-1.46484375,-0.0244140625,-0.244140625,0.08544921875,-0.3173828125,0.10986328125,-1.220703125,0.048828125,-0.9521484375,0.1220703125,-0.64697265625,-0.29296875,-0.78125,-0.048828125,-0.09765625,0.09765625,-0.72021484375,0.01220703125,-1.47705078125,-0.3662109375,-1.01318359375,-0.28076171875,0.4150390625,-0.10986328125,1.1474609375,0.20751953125,0.93994140625,-0.06103515625,0.40283203125,0.09765625,0.68359375,-0.30517578125,-0.09765625,-0.20751953125,0.78125,-0.13427734375,-0.47607421875,-0.20751953125,-0.5126953125
1,0.15869140625,-0.341796875,-0.244140625,-0.28076171875,0.03662109375,-0.390625,-0.1953125,0.03662109375,0.2685546875,1.26953125,-0.18310546875,0.28076171875,0.10986328125,5.82275390625,-0.03662109375,1.35498046875,-0.3173828125,-1.1474609375,-0.439453125,-0.67138671875,0.244140625,0.45166015625,-0.0244140625,-0.98876953125,-0.42724609375,-0.09765625,-0.10986328125,-0.74462890625,-0.23193359375,0.96435546875,0.1708984375,0.23193359375,0.13427734375,-0.2685546875,-0.23193359375,-0.81787109375,0.0732421875,-0.3662109375,0.10986328125,-0.67138671875,0.10986328125,-0.15869140625,-0.15869140625,-0.6591796875,0.78125,-0.32958984375,0.1953125,0.45166015625,-0.13427734375,1.35498046875,0.28076171875,0.52490234375,-0.09765625,-0.13427734375,-0.18310546875,0.79345703125,0.01220703125,0.6591796875,-0.23193359375,0.47607421875,-0.45166015625,0.6591796875,0.01220703125,0.10986328125,0.32958984375,0.28076171875,0.08544921875,1.0986328125,0.048828125,0.28076171875,-0.06103515625,0.23193359375,0.0732421875,0.30517578125,0.09765625,0.87890625,-0.0244140625,0.06103515625,-0.3662109375,1.3916015625,0.20751953125,-0.93994140625,0.20751953125,-0.341796875,0.03662109375,-0.9521484375,0,-0.76904296875,-0.18310546875,-1.46484375,0.01220703125,-0.23193359375,0.244140625,-0.30517578125,0.048828125,-1.20849609375,0,-0.87890625,0.146484375,-0.634765625,-0.29296875,-0.7568359375,-0.048828125,-0.0732421875,0.1953125,-0.72021484375,-0.01220703125,-1.47705078125,-0.37841796875,-0.9765625,-0.29296875,0.4150390625,-0.15869140625,1.0986328125,0.1708984375,0.8544921875,-0.10986328125,0.3662109375,-0.0244140625,0.59814453125,-0.32958984375,-0.08544921875,-0.1953125,0.79345703125,-0.1220703125,-0.45166015625,-0.1953125,-0.50048828125
1,0.1220703125,-0.3662109375,-0.244140625,-0.28076171875,0.048828125,-0.390625,-0.1953125,0.03662109375,0.1708984375,1.18408203125,-0.1220703125,0.1953125,0.06103515625,5.6884765625,-0.1220703125,1.2939453125,-0.30517578125,-0.96435546875,-0.54931640625,-0.537109375,0.18310546875,0.64697265625,-0.06103515625,-0.84228515625,-0.3173828125,-0.09765625,-0.1708984375,-0.7568359375,-0.13427734375,0.9765625,0.1953125,0.244140625,0.1220703125,-0.244140625,-0.20751953125,-0.8056640625,0.06103515625,-0.3662109375,0.08544921875,-0.67138671875,0.03662109375,-0.15869140625,-0.10986328125,-0.6591796875,0.8056640625,-0.29296875,0.13427734375,0.47607421875,-0.18310546875,1.2939453125,0.35400390625,0.537109375,0,-0.13427734375,-0.15869140625,0.78125,0.01220703125,0.67138671875,-0.3173828125,0.4638671875,-0.50048828125,0.68359375,-0.01220703125,0.1220703125,0.40283203125,0.25634765625,0.0732421875,1.0986328125,0,0.30517578125,-0.01220703125,0.244140625,0.06103515625,0.29296875,0.08544921875,0.86669921875,-0.048828125,0.06103515625,-0.40283203125,1.3916015625,0.2197265625,-0.927734375,0.1220703125,-0.32958984375,-0.03662109375,-0.93994140625,0,-0.74462890625,-0.146484375,-1.45263671875,0.01220703125,-0.2197265625,0.390625,-0.28076171875,0.01220703125,-1.220703125,-0.0732421875,-0.84228515625,0.08544921875,-0.62255859375,-0.23193359375,-0.74462890625,-0.0244140625,-0.0732421875,0.28076171875,-0.72021484375,-0.048828125,-1.47705078125,-0.3662109375,-0.98876953125,-0.29296875,0.4150390625,-0.08544921875,1.0498046875,0.2685546875,0.732421875,-0.048828125,0.32958984375,0.0244140625,0.5126953125,-0.341796875,-0.08544921875,-0.1708984375,0.81787109375,-0.10986328125,-0.439453125,-0.1953125,-0.5126953125
1,0.1220703125,-0.3662109375,-0.25634765625,-0.28076171875,0.048828125,-0.390625,-0.1953125,0.01220703125,0.0732421875,1.0986328125,-0.09765625,0.1220703125,0.03662109375,5.45654296875,-0.1953125,1.20849609375,-0.3173828125,-0.86669921875,-0.62255859375,-0.4638671875,0.0732421875,0.78125,-0.10986328125,-0.7568359375,-0.18310546875,-0.10986328125,-0.13427734375,-0.732421875,0.01220703125,1.0009765625,0.146484375,0.25634765625,0.10986328125,-0.2685546875,-0.1220703125,-0.8056640625,0.03662109375,-0.390625,0.048828125,-0.6591796875,-0.08544921875,-0.146484375,0,-0.67138671875,0.64697265625,-0.2685546875,0.10986328125,0.47607421875,-0.10986328125,1.25732421875,0.4150390625,0.54931640625,0.06103515625,-0.146484375,-0.0732421875,0.7568359375,0.01220703125,0.64697265625,-0.30517578125,0.4638671875,-0.57373046875,0.69580078125,-0.06103515625,0.10986328125,0.4638671875,0.20751953125,0,1.08642578125,-0.01220703125,0.29296875,0.03662109375,0.244140625,0.048828125,0.30517578125,0.09765625,0.86669921875,-0.08544921875,0.048828125,-0.50048828125,1.37939453125,0.20751953125,-0.9033203125,0.03662109375,-0.30517578125,-0.08544921875,-0.9521484375,0,-0.74462890625,-0.10986328125,-1.45263671875,0.01220703125,-0.1953125,0.40283203125,-0.244140625,-0.01220703125,-1.20849609375,-0.13427734375,-0.81787109375,-0.0244140625,-0.634765625,-0.146484375,-0.732421875,-0.0244140625,-0.06103515625,0.28076171875,-0.72021484375,-0.0732421875,-1.45263671875,-0.30517578125,-0.9765625,-0.32958984375,0.42724609375,-0.09765625,0.98876953125,0.244140625,0.64697265625,-0.06103515625,0.25634765625,0.03662109375,0.439453125,-0.341796875,-0.08544921875,-0.1708984375,0.81787109375,-0.10986328125,-0.42724609375,-0.1708984375,-0.50048828125
1,0.09765625,-0.37841796875,-0.2685546875,-0.2685546875,0.0732421875,-0.390625,-0.1708984375,0.0244140625,-0.0244140625,1.01318359375,-0.0732421875,0.0244140625,-0.01220703125,5.18798828125,-0.29296875,1.11083984375,-0.3173828125,-0.78125,-0.67138671875,-0.40283203125,-0.09765625,0.86669921875,-0.13427734375,-0.72021484375,-0.06103515625,-0.1220703125,-0.10986328125,-0.74462890625,0.146484375,1.01318359375,0.03662109375,0.244140625,0.03662109375,-0.28076171875,-0.01220703125,-0.8056640625,0,-0.42724609375,-0.01220703125,-0.67138671875,-0.2685546875,-0.1708984375,0.08544921875,-0.64697265625,0.341796875,-0.25634765625,0.048828125,0.47607421875,0.048828125,1.26953125,0.4150390625,0.54931640625,0.0732421875,-0.18310546875,0.01220703125,0.76904296875,-0.03662109375,0.64697265625,-0.28076171875,0.45166015625,-0.6591796875,0.72021484375,-0.06103515625,0.0732421875,0.4638671875,0.1953125,-0.01220703125,1.06201171875,-0.048828125,0.28076171875,0.10986328125,0.244140625,0.01220703125,0.29296875,0.0732421875,0.89111328125,-0.0732421875,0.06103515625,-0.5126953125,1.3671875,0.23193359375,-0.8544921875,-0.06103515625,-0.30517578125,-0.1220703125,-0.93994140625,-0.01220703125,-0.74462890625,-0.06103515625,-1.4404296875,-0.01220703125,-0.1953125,0.37841796875,-0.244140625,0,-1.20849609375,-0.23193359375,-0.84228515625,-0.1220703125,-0.634765625,-0.01220703125,-0.72021484375,-0.048828125,-0.0732421875,0.2685546875,-0.7080078125,-0.048828125,-1.45263671875,-0.1708984375,-0.9765625,-0.341796875,0.42724609375,-0.13427734375,0.9033203125,0.23193359375,0.5126953125,-0.0732421875,0.20751953125,-0.0244140625,0.390625,-0.341796875,-0.08544921875,-0.15869140625,0.81787109375,-0.10986328125,-0.439453125,-0.15869140625,-0.50048828125
1,0.0732421875,-0.37841796875,-0.25634765625,-0.244140625,0.0732421875,-0.40283203125,-0.15869140625,0.01220703125,-0.0732421875,0.9033203125,-0.13427734375,-0.0732421875,-0.01220703125,4.91943359375,-0.37841796875,1.01318359375,-0.341796875,-0.78125,-0.732421875,-0.4150390625,-0.244140625,0.8544921875,-0.1708984375,-0.732421875,0.01220703125,-0.146484375,-0.01220703125,-0.74462890625,0.20751953125,0.9765625,-0.06103515625,0.25634765625,-0.06103515625,-0.3173828125,0.048828125,-0.8056640625,-0.03662109375,-0.439453125,-0.0732421875,-0.67138671875,-0.47607421875,-0.15869140625,0.1708984375,-0.67138671875,0.52490234375,-0.244140625,0.06103515625,0.47607421875,0.06103515625,1.2939453125,0.40283203125,0.52490234375,0.10986328125,-0.20751953125,0.03662109375,0.74462890625,-0.08544921875,0.634765625,-0.1220703125,0.4638671875,-0.67138671875,0.72021484375,0.01220703125,0.0732421875,0.47607421875,0.15869140625,-0.01220703125,1.08642578125,-0.08544921875,0.2685546875,0.146484375,0.2197265625,0.01220703125,0.3173828125,0.048828125,0.89111328125,-0.13427734375,0.048828125,-0.47607421875,1.3671875,0.15869140625,-0.86669921875,-0.146484375,-0.29296875,-0.10986328125,-0.9521484375,-0.0244140625,-0.732421875,0.01220703125,-1.4404296875,-0.03662109375,-0.20751953125,0.29296875,-0.25634765625,0.0244140625,-1.18408203125,-0.2197265625,-0.87890625,-0.2197265625,-0.6591796875,0.10986328125,-0.72021484375,-0.048828125,-0.0732421875,0.244140625,-0.7080078125,-0.01220703125,-1.4404296875,-0.048828125,-1.0009765625,-0.341796875,0.42724609375,-0.10986328125,0.81787109375,0.244140625,0.4150390625,-0.06103515625,0.1708984375,-0.01220703125,0.341796875,-0.30517578125,-0.048828125,-0.1708984375,0.8056640625,-0.13427734375,-0.4150390625,-0.15869140625,-0.47607421875
1,0.0732421875,-0.3662109375,-0.244140625,-0.244140625,0.03662109375,-0.4150390625,-0.13427734375,0.0244140625,-0.09765625,0.8056640625,-0.15869140625,-0.146484375,-0.03662109375,4.58984375,-0.4150390625,0.9033203125,-0.29296875,-0.8056640625,-0.72021484375,-0.4638671875,-0.390625,0.81787109375,-0.20751953125,-0.732421875,0.03662109375,-0.1220703125,0.0732421875,-0.76904296875,0.23193359375,0.9521484375,-0.13427734375,0.25634765625,-0.13427734375,-0.3173828125,-0.01220703125,-0.84228515625,-0.0732421875,-0.4638671875,-0.1220703125,-0.67138671875,-0.634765625,-0.20751953125,0.15869140625,-0.634765625,0.32958984375,-0.1953125,0.09765625,0.4638671875,0.03662109375,1.318359375,0.35400390625,0.5126953125,0.06103515625,-0.23193359375,0.0244140625,0.74462890625,-0.1220703125,0.64697265625,-0.06103515625,0.4638671875,-0.67138671875,0.72021484375,0.1220703125,0.06103515625,0.439453125,0.13427734375,-0.0732421875,1.06201171875,-0.09765625,0.2685546875,0.1708984375,0.2197265625,-0.03662109375,0.3173828125,-0.0244140625,0.89111328125,-0.1708984375,0.03662109375,-0.4638671875,1.33056640625,0.13427734375,-0.84228515625,-0.1953125,-0.2685546875,-0.0244140625,-0.927734375,-0.03662109375,-0.732421875,0.048828125,-1.47705078125,-0.048828125,-0.20751953125,0.18310546875,-0.25634765625,0.048828125,-1.15966796875,-0.1708984375,-0.93994140625,-0.2685546875,-0.64697265625,0.1953125,-0.7080078125,-0.048828125,-0.06103515625,0.09765625,-0.7080078125,0.0244140625,-1.42822265625,0.06103515625,-0.98876953125,-0.341796875,0.439453125,-0.08544921875,0.74462890625,0.2197265625,0.3173828125,-0.0732421875,0.146484375,-0.0244140625,0.32958984375,-0.29296875,-0.06103515625,-0.1953125,0.81787109375,-0.13427734375,-0.42724609375,-0.1220703125,-0.47607421875
1,0.08544921875,-0.35400390625,-0.23193359375,-0.2197265625,0.03662109375,-0.40283203125,-0.10986328125,0.0244140625,-0.08544921875,0.732421875,-0.18310546875,-0.244140625,-0.1220703125,4.3212890625,-0.42724609375,0.8056640625,-0.2197265625,-0.8056640625,-0.68359375,-0.537109375,-0.439453125,0.732421875,-0.1953125,-0.74462890625,0.048828125,-0.10986328125,0.18310546875,-0.78125,0.2197265625,0.96435546875,-0.18310546875,0.25634765625,-0.20751953125,-0.30517578125,-0.0244140625,-0.84228515625,-0.08544921875,-0.4638671875,-0.1220703125,-0.69580078125,-0.7080078125,-0.20751953125,0.146484375,-0.6591796875,0.30517578125,-0.146484375,0.09765625,0.47607421875,-0.0732421875,1.3427734375,0.25634765625,0.52490234375,0.0244140625,-0.2197265625,0,0.7568359375,-0.15869140625,0.634765625,0.048828125,0.47607421875,-0.5859375,0.72021484375,0.25634765625,0.0732421875,0.439453125,0.146484375,-0.13427734375,1.06201171875,-0.1220703125,0.25634765625,0.15869140625,0.2197265625,-0.03662109375,0.3173828125,-0.08544921875,0.9033203125,-0.1953125,0.0244140625,-0.4150390625,1.318359375,0.1220703125,-0.8544921875,-0.2197265625,-0.28076171875,0.0732421875,-0.927734375,-0.0244140625,-0.732421875,0.09765625,-1.46484375,-0.09765625,-0.23193359375,0.09765625,-0.244140625,0.048828125,-1.123046875,-0.10986328125,-1.0009765625,-0.28076171875,-0.634765625,0.2197265625,-0.72021484375,-0.08544921875,-0.048828125,-0.0244140625,-0.7080078125,0.048828125,-1.42822265625,0.10986328125,-1.01318359375,-0.3173828125,0.45166015625,-0.10986328125,0.67138671875,0.2197265625,0.28076171875,-0.08544921875,0.10986328125,-0.09765625,0.32958984375,-0.30517578125,-0.048828125,-0.2197265625,0.830078125,-0.1220703125,-0.4638671875,-0.13427734375,-0.4638671875
1,0.08544921875,-0.35400390625,-0.30517578125,-0.2197265625,0.01220703125,-0.37841796875,-0.09765625,0.048828125,-0.0732421875,0.67138671875,-0.1953125,-0.30517578125,-0.15869140625,4.06494140625,-0.3662109375,0.68359375,-0.23193359375,-0.87890625,-0.59814453125,-0.6103515625,-0.40283203125,0.62255859375,-0.2197265625,-0.79345703125,0,-0.08544921875,0.25634765625,-0.7568359375,0.1708984375,0.98876953125,-0.1708984375,0.28076171875,-0.25634765625,-0.30517578125,-0.13427734375,-0.84228515625,-0.08544921875,-0.4638671875,-0.15869140625,-0.69580078125,-0.64697265625,-0.2197265625,0.0732421875,-0.64697265625,0.341796875,-0.10986328125,0.08544921875,0.48828125,-0.18310546875,1.37939453125,0.2197265625,0.48828125,-0.0244140625,-0.20751953125,-0.0244140625,0.7568359375,-0.15869140625,0.64697265625,0.10986328125,0.50048828125,-0.48828125,0.68359375,0.341796875,0.09765625,0.4150390625,0.13427734375,-0.23193359375,1.03759765625,-0.15869140625,0.23193359375,0.15869140625,0.20751953125,-0.08544921875,0.30517578125,-0.1220703125,0.87890625,-0.244140625,0.03662109375,-0.40283203125,1.33056640625,0.1220703125,-0.84228515625,-0.18310546875,-0.28076171875,0.13427734375,-0.93994140625,0.0244140625,-0.7568359375,0.1220703125,-1.4892578125,-0.1220703125,-0.244140625,0.01220703125,-0.23193359375,-0.0244140625,-1.11083984375,-0.048828125,-1.01318359375,-0.25634765625,-0.6103515625,0.18310546875,-0.732421875,-0.0732421875,-0.048828125,-0.1708984375,-0.69580078125,0.048828125,-1.416015625,0.146484375,-1.01318359375,-0.29296875,0.439453125,-0.15869140625,0.67138671875,0.15869140625,0.30517578125,-0.13427734375,0.13427734375,-0.13427734375,0.3662109375,-0.28076171875,-0.0732421875,-0.2197265625,0.830078125,-0.13427734375,-0.45166015625,-0.146484375,-0.47607421875
0,0.09765625,-0.32958984375,-0.32958984375,-0.23193359375,0.0244140625,-0.390625,-0.08544921875,0.01220703125,-0.03662109375,0.62255859375,-0.1953125,-0.3662109375,-0.18310546875,3.82080078125,-0.3662109375,0.59814453125,-0.2197265625,-0.93994140625,-0.54931640625,-0.64697265625,-0.30517578125,0.537109375,-0.1953125,-0.86669921875,-0.03662109375,-0.08544921875,0.28076171875,-0.74462890625,0.0732421875,0.98876953125,-0.1708984375,0.28076171875,-0.29296875,-0.341796875,-0.25634765625,-0.86669921875,-0.08544921875,-0.45166015625,-0.18310546875,-0.72021484375,-0.537109375,-0.23193359375,-0.03662109375,-0.67138671875,0.25634765625,-0.06103515625,0.03662109375,0.4638671875,0,1.416015625,0.146484375,0.50048828125,-0.09765625,-0.18310546875,-0.1220703125,0.76904296875,-0.08544921875,0.64697265625,0.18310546875,0.50048828125,-0.37841796875,0.6591796875,0.3662109375,0.10986328125,0.32958984375,0.18310546875,-0.28076171875,1.06201171875,-0.15869140625,0.244140625,0.10986328125,0.20751953125,-0.146484375,0.32958984375,-0.1708984375,0.86669921875,-0.23193359375,0.03662109375,-0.390625,1.3427734375,0.09765625,-0.87890625,-0.10986328125,-0.30517578125,0.1708984375,-0.927734375,0.0732421875,-0.74462890625,0.10986328125,-1.50146484375,-0.146484375,-0.25634765625,-0.048828125,-0.244140625,-0.1220703125,-1.0986328125,-0.01220703125,-1.01318359375,-0.13427734375,-0.5859375,0.0732421875,-0.732421875,-0.0244140625,-0.0244140625,-0.30517578125,-0.7080078125,-0.0244140625,-1.42822265625,0.08544921875,-1.03759765625,-0.25634765625,0.439453125,-0.08544921875,0.732421875,0.23193359375,0.3662109375,-0.06103515625,0.146484375,-0.08544921875,0.439453125,-0.30517578125,-0.0732421875,-0.23193359375,0.79345703125,-0.146484375,-0.4638671875,-0.15869140625,-0.48828125
0,0.08544921875,-0.341796875,-0.32958984375,-0.20751953125,0.08544921875,-0.3662109375,-0.10986328125,0,-0.0732421875,0.57373046875,-0.1220703125,-0.4150390625,-0.1953125,3.61328125,-0.30517578125,0.5126953125,-0.2197265625,-0.96435546875,-0.3662109375,-0.64697265625,-0.13427734375,0.50048828125,-0.1220703125,-0.89111328125,-0.08544921875,-0.09765625,0.28076171875,-0.732421875,-0.03662109375,1.0009765625,-0.18310546875,0.28076171875,-0.32958984375,-0.30517578125,-0.3173828125,-0.87890625,-0.06103515625,-0.439453125,-0.15869140625,-0.72021484375,-0.30517578125,-0.244140625,-0.15869140625,-0.67138671875,0.3173828125,-0.0244140625,0.01220703125,0.45166015625,0.0244140625,1.42822265625,0.10986328125,0.5126953125,-0.13427734375,-0.15869140625,-0.1708984375,0.78125,-0.0244140625,0.6591796875,0.28076171875,0.50048828125,-0.18310546875,0.634765625,0.42724609375,0.13427734375,0.28076171875,0.244140625,-0.35400390625,1.0498046875,-0.1953125,0.244140625,0.09765625,0.1953125,-0.20751953125,0.3173828125,-0.146484375,0.84228515625,-0.20751953125,0.03662109375,-0.341796875,1.35498046875,0.08544921875,-0.87890625,-0.03662109375,-0.3173828125,0.23193359375,-0.927734375,0.10986328125,-0.76904296875,0.048828125,-1.513671875,-0.1708984375,-0.2685546875,-0.01220703125,-0.2685546875,-0.2197265625,-1.11083984375,-0.01220703125,-0.9765625,-0.0732421875,-0.5859375,-0.08544921875,-0.7568359375,0.01220703125,0,-0.32958984375,-0.69580078125,-0.10986328125,-1.42822265625,0.0244140625,-1.025390625,-0.23193359375,0.42724609375,-0.0732421875,0.86669921875,0.23193359375,0.48828125,-0.048828125,0.23193359375,0.06103515625,0.52490234375,-0.30517578125,-0.09765625,-0.244140625,0.8056640625,-0.15869140625,-0.45166015625,-0.18310546875,-0.48828125
0,0.048828125,-0.341796875,-0.20751953125,-0.1953125,0.10986328125,-0.3662109375,-0.10986328125,0,-0.09765625,0.52490234375,-0.0244140625,-0.45166015625,-0.1953125,3.43017578125,-0.1953125,0.439453125,-0.20751953125,-0.96435546875,-0.28076171875,-0.62255859375,0.06103515625,0.47607421875,-0.048828125,-0.89111328125,-0.1220703125,-0.08544921875,0.2197265625,-0.72021484375,-0.13427734375,1.0009765625,-0.20751953125,0.29296875,-0.30517578125,-0.29296875,-0.4150390625,-0.84228515625,-0.0244140625,-0.439453125,-0.08544921875,-0.72021484375,-0.13427734375,-0.2197265625,-0.18310546875,-0.67138671875,0.37841796875,-0.01220703125,0,0.4638671875,0.03662109375,1.42822265625,0.08544921875,0.52490234375,-0.13427734375,-0.15869140625,-0.20751953125,0.79345703125,0.10986328125,0.67138671875,0.25634765625,0.50048828125,-0.048828125,0.59814453125,0.439453125,0.146484375,0.1708984375,0.2685546875,-0.37841796875,1.03759765625,-0.1953125,0.25634765625,0.048828125,0.2197265625,-0.25634765625,0.3173828125,-0.146484375,0.81787109375,-0.18310546875,0.03662109375,-0.3173828125,1.3427734375,0.048828125,-0.89111328125,0.0244140625,-0.32958984375,0.244140625,-0.9521484375,0.15869140625,-0.76904296875,0.0244140625,-1.52587890625,-0.1953125,-0.30517578125,0.06103515625,-0.244140625,-0.30517578125,-1.11083984375,0.03662109375,-0.927734375,0.0732421875,-0.57373046875,-0.20751953125,-0.7568359375,0.048828125,-0.01220703125,-0.25634765625,-0.7080078125,-0.23193359375,-1.42822265625,-0.048828125,-0.98876953125,-0.244140625,0.439453125,-0.10986328125,1.03759765625,0.20751953125,0.6591796875,-0.09765625,0.30517578125,0.01220703125,0.634765625,-0.29296875,-0.09765625,-0.23193359375,0.81787109375,-0.146484375,-0.4638671875,-0.1953125,-0.5126953125
0,0.0244140625,-0.3662109375,-0.244140625,-0.1953125,0.10986328125,-0.3662109375,-0.1220703125,-0.01220703125,-0.10986328125,0.47607421875,0.10986328125,-0.50048828125,-0.0244140625,3.2470703125,-0.13427734375,0.37841796875,-0.20751953125,-0.91552734375,-0.3173828125,-0.5615234375,0.09765625,0.5126953125,-0.06103515625,-0.89111328125,-0.146484375,-0.10986328125,0.1220703125,-0.69580078125,-0.20751953125,0.9765625,-0.25634765625,0.2685546875,-0.30517578125,-0.30517578125,-0.42724609375,-0.81787109375,0.0244140625,-0.45166015625,-0.0732421875,-0.732421875,-0.01220703125,-0.2197265625,-0.1953125,-0.67138671875,0.52490234375,0,-0.06103515625,0.47607421875,-0.048828125,1.42822265625,0.0244140625,0.537109375,-0.1220703125,-0.146484375,-0.20751953125,0.76904296875,0.25634765625,0.67138671875,0.20751953125,0.47607421875,0.06103515625,0.5615234375,0.390625,0.13427734375,0.08544921875,0.32958984375,-0.35400390625,1.06201171875,-0.18310546875,0.25634765625,-0.01220703125,0.20751953125,-0.3173828125,0.30517578125,-0.146484375,0.8056640625,-0.1220703125,0.03662109375,-0.3173828125,1.3671875,0.03662109375,-0.89111328125,0.0732421875,-0.3173828125,0.18310546875,-0.9521484375,0.244140625,-0.76904296875,-0.0244140625,-1.52587890625,-0.1953125,-0.3173828125,0.1708984375,-0.25634765625,-0.29296875,-1.1474609375,0.06103515625,-0.87890625,0.18310546875,-0.57373046875,-0.29296875,-0.79345703125,0.048828125,-0.03662109375,-0.1220703125,-0.69580078125,-0.3662109375,-1.4404296875,-0.1220703125,-1.0009765625,-0.23193359375,0.439453125,-0.08544921875,1.220703125,0.20751953125,0.830078125,-0.06103515625,0.4150390625,-0.03662109375,0.732421875,-0.28076171875,-0.0732421875,-0.23193359375,0.81787109375,-0.1220703125,-0.45166015625,-0.2197265625,-0.50048828125
0,0.01220703125,-0.37841796875,-0.23193359375,-0.1708984375,0.1220703125,-0.3662109375,-0.13427734375,0,-0.08544921875,0.40283203125,0.2685546875,-0.5615234375,-0.0244140625,3.0517578125,-0.048828125,0.32958984375,-0.13427734375,-0.8544921875,-0.15869140625,-0.45166015625,0.28076171875,0.5859375,0.03662109375,-0.8544921875,-0.1708984375,-0.146484375,0.0244140625,-0.7080078125,-0.20751953125,0.96435546875,-0.28076171875,0.2685546875,-0.30517578125,-0.29296875,-0.40283203125,-0.79345703125,0.08544921875,-0.45166015625,-0.01220703125,-0.7080078125,0.06103515625,-0.23193359375,-0.15869140625,-0.64697265625,0.72021484375,0,-0.13427734375,0.4638671875,-0.13427734375,1.45263671875,0.01220703125,0.54931640625,-0.048828125,-0.13427734375,-0.15869140625,0.78125,0.32958984375,0.67138671875,0.15869140625,0.45166015625,0.1708984375,0.52490234375,0.32958984375,0.146484375,-0.06103515625,0.35400390625,-0.3662109375,1.07421875,-0.146484375,0.2685546875,-0.0732421875,0.244140625,-0.32958984375,0.30517578125,-0.146484375,0.79345703125,-0.06103515625,0.03662109375,-0.341796875,1.37939453125,0.06103515625,-0.9033203125,0.09765625,-0.341796875,0.10986328125,-0.96435546875,0.30517578125,-0.76904296875,-0.06103515625,-1.52587890625,-0.1953125,-0.32958984375,0.29296875,-0.23193359375,-0.244140625,-1.15966796875,0.244140625,-0.79345703125,0.20751953125,-0.57373046875,-0.28076171875,-0.78125,0.0244140625,-0.048828125,0.0732421875,-0.68359375,-0.4638671875,-1.42822265625,-0.1708984375,-0.9765625,-0.2197265625,0.45166015625,-0.10986328125,1.37939453125,0.13427734375,1.0009765625,-0.09765625,0.52490234375,-0.13427734375,0.78125,-0.29296875,-0.06103515625,-0.2197265625,0.84228515625,-0.146484375,-0.45166015625,-0.25634765625,-0.47607421875
0,0,-0.390625,-0.18310546875,-0.15869140625,0.1220703125,-0.3662109375,-0.146484375,0.0244140625,-0.09765625,0.32958984375,0.390625,-0.59814453125,0.01220703125,2.79541015625,-0.048828125,0.29296875,-0.09765625,-0.76904296875,-0.1708984375,-0.3662109375,0.390625,0.6591796875,0.08544921875,-0.8056640625,-0.1953125,-0.15869140625,-0.03662109375,-0.7568359375,-0.18310546875,0.927734375,-0.28076171875,0.25634765625,-0.29296875,-0.29296875,-0.29296875,-0.7568359375,0.13427734375,-0.42724609375,0,-0.69580078125,0.06103515625,-0.2197265625,-0.048828125,-0.67138671875,0.81787109375,-0.0244140625,-0.1953125,0.48828125,0,1.47705078125,-0.0244140625,0.54931640625,0.01220703125,-0.15869140625,-0.13427734375,0.76904296875,0.390625,0.6591796875,0.146484375,0.48828125,0.1953125,0.48828125,0.244140625,0.13427734375,-0.18310546875,0.37841796875,-0.3173828125,1.0986328125,-0.13427734375,0.28076171875,-0.09765625,0.25634765625,-0.32958984375,0.30517578125,-0.1708984375,0.76904296875,-0.03662109375,0.0244140625,-0.35400390625,1.40380859375,0.09765625,-0.91552734375,0.08544921875,-0.341796875,0.0732421875,-0.93994140625,0.35400390625,-0.76904296875,-0.08544921875,-1.513671875,-0.20751953125,-0.30517578125,0.37841796875,-0.25634765625,-0.13427734375,-1.171875,0.341796875,-0.68359375,0.20751953125,-0.5859375,-0.23193359375,-0.76904296875,-0.048828125,-0.0732421875,0.20751953125,-0.69580078125,-0.47607421875,-1.42822265625,-0.1708984375,-0.9765625,-0.20751953125,0.439453125,-0.08544921875,1.46484375,0.18310546875,1.0986328125,-0.0732421875,0.5859375,0,0.81787109375,-0.29296875,-0.03662109375,-0.1953125,0.86669921875,-0.15869140625,-0.40283203125,-0.28076171875,-0.4638671875
0,-0.0244140625,-0.390625,-0.244140625,-0.146484375,0.10986328125,-0.37841796875,-0.18310546875,0.03662109375,-0.0732421875,0.20751953125,0.50048828125,-0.68359375,0.01220703125,2.50244140625,-0.06103515625,0.1953125,-0.1220703125,-0.6591796875,-0.2197265625,-0.25634765625,0.28076171875,0.76904296875,0.09765625,-0.7080078125,-0.1708984375,-0.1953125,-0.06103515625,-0.7568359375,-0.10986328125,0.91552734375,-0.244140625,0.244140625,-0.25634765625,-0.29296875,-0.10986328125,-0.7080078125,0.18310546875,-0.42724609375,0.08544921875,-0.68359375,0.01220703125,-0.20751953125,0.06103515625,-0.67138671875,0.78125,-0.048828125,-0.18310546875,0.48828125,0.20751953125,1.5380859375,0.0244140625,0.537109375,0.09765625,-0.15869140625,-0.10986328125,0.7568359375,0.390625,0.64697265625,0.10986328125,0.48828125,0.10986328125,0.47607421875,0.18310546875,0.146484375,-0.244140625,0.37841796875,-0.3173828125,1.0986328125,-0.1220703125,0.28076171875,-0.1220703125,0.28076171875,-0.341796875,0.30517578125,-0.1708984375,0.81787109375,-0.03662109375,0.03662109375,-0.32958984375,1.416015625,0.1220703125,-0.93994140625,0.08544921875,-0.3173828125,0.03662109375,-0.9521484375,0.35400390625,-0.74462890625,-0.0732421875,-1.4892578125,-0.18310546875,-0.30517578125,0.4150390625,-0.29296875,-0.01220703125,-1.220703125,0.341796875,-0.50048828125,0.13427734375,-0.5859375,-0.1708984375,-0.74462890625,-0.146484375,-0.09765625,0.28076171875,-0.7080078125,-0.3662109375,-1.42822265625,-0.1708984375,-1.0009765625,-0.2197265625,0.4638671875,-0.1220703125,1.46484375,0.146484375,1.11083984375,-0.0732421875,0.5859375,0,0.81787109375,-0.28076171875,-0.01220703125,-0.1953125,0.8544921875,-0.1953125,-0.4150390625,-0.30517578125,-0.4150390625
0,-0.03662109375,-0.37841796875,-0.20751953125,-0.1953125,0.09765625,-0.37841796875,-0.2197265625,0.0244140625,-0.03662109375,0.08544921875,0.50048828125,-0.79345703125,-0.03662109375,2.16064453125,-0.09765625,0.08544921875,-0.0732421875,-0.5615234375,-0.20751953125,-0.146484375,0.3173828125,0.86669921875,0.1953125,-0.62255859375,-0.1708984375,-0.20751953125,-0.048828125,-0.78125,-0.06103515625,0.87890625,-0.146484375,0.23193359375,-0.2685546875,-0.30517578125,0.08544921875,-0.6591796875,0.20751953125,-0.42724609375,0.146484375,-0.6591796875,-0.08544921875,-0.2197265625,0.20751953125,-0.68359375,0.7080078125,-0.08544921875,-0.13427734375,0.50048828125,0.23193359375,1.62353515625,0.0732421875,0.54931640625,0.2197265625,-0.18310546875,-0.0244140625,0.76904296875,0.40283203125,0.6591796875,0.10986328125,0.5126953125,-0.01220703125,0.4638671875,0.1953125,0.13427734375,-0.2685546875,0.341796875,-0.30517578125,1.08642578125,-0.13427734375,0.25634765625,-0.1220703125,0.2685546875,-0.35400390625,0.30517578125,-0.15869140625,0.8544921875,-0.0244140625,0.01220703125,-0.32958984375,1.3916015625,0.1220703125,-0.9521484375,0.08544921875,-0.30517578125,0,-0.96435546875,0.29296875,-0.74462890625,-0.08544921875,-1.50146484375,-0.146484375,-0.2685546875,0.4150390625,-0.29296875,0.08544921875,-1.1962890625,0.42724609375,-0.25634765625,0.08544921875,-0.5859375,-0.08544921875,-0.7080078125,-0.2197265625,-0.09765625,0.2685546875,-0.7080078125,-0.20751953125,-1.45263671875,-0.146484375,-0.98876953125,-0.244140625,0.439453125,-0.146484375,1.35498046875,0.146484375,1.025390625,-0.10986328125,0.52490234375,-0.0732421875,0.78125,-0.25634765625,-0.03662109375,-0.1953125,0.89111328125,-0.20751953125,-0.40283203125,-0.32958984375,-0.4150390625
0,-0.03662109375,-0.35400390625,-0.15869140625,-0.2197265625,0.0732421875,-0.390625,-0.2197265625,0.048828125,0.0244140625,-0.01220703125,0.50048828125,-0.87890625,-0.03662109375,1.79443359375,-0.1220703125,-0.0244140625,-0.146484375,-0.42724609375,-0.30517578125,-0.048828125,0.1708984375,0.93994140625,0.15869140625,-0.5126953125,-0.18310546875,-0.20751953125,-0.01220703125,-0.79345703125,-0.0244140625,0.9033203125,-0.0732421875,0.244140625,-0.23193359375,-0.28076171875,0.2197265625,-0.6103515625,0.20751953125,-0.390625,0.1708984375,-0.64697265625,-0.15869140625,-0.20751953125,0.25634765625,-0.67138671875,0.6591796875,-0.0732421875,-0.09765625,0.5126953125,0.3173828125,1.74560546875,0.146484375,0.50048828125,0.244140625,-0.1953125,0.0244140625,0.7568359375,0.37841796875,0.634765625,0.1220703125,0.537109375,-0.1708984375,0.4638671875,0.23193359375,0.10986328125,-0.2685546875,0.30517578125,-0.2197265625,1.07421875,-0.146484375,0.23193359375,-0.10986328125,0.25634765625,-0.3662109375,0.29296875,-0.08544921875,0.8544921875,-0.048828125,0.01220703125,-0.25634765625,1.3916015625,0.08544921875,-0.93994140625,0.03662109375,-0.30517578125,0.01220703125,-0.9521484375,0.20751953125,-0.74462890625,-0.0732421875,-1.47705078125,-0.0732421875,-0.2685546875,0.390625,-0.29296875,0.20751953125,-1.220703125,0.341796875,0.03662109375,0.08544921875,-0.52490234375,0.0244140625,-0.68359375,-0.30517578125,-0.048828125,0.1953125,-0.69580078125,-0.03662109375,-1.4404296875,-0.0732421875,-1.025390625,-0.30517578125,0.439453125,-0.13427734375,1.171875,0.1708984375,0.87890625,-0.08544921875,0.4150390625,0.03662109375,0.7080078125,-0.23193359375,-0.048828125,-0.1708984375,0.89111328125,-0.2197265625,-0.40283203125,-0.32958984375,-0.4150390625
0,-0.048828125,-0.35400390625,-0.2197265625,-0.25634765625,0.048828125,-0.40283203125,-0.25634765625,0.0244140625,0.06103515625,-0.1220703125,0.45166015625,-0.98876953125,-0.048828125,1.45263671875,-0.13427734375,-0.1708984375,-0.1708984375,-0.30517578125,-0.3173828125,0.0732421875,0.0244140625,1.0009765625,0.1708984375,-0.4150390625,-0.20751953125,-0.20751953125,0.06103515625,-0.8056640625,0.0244140625,0.9033203125,0.0244140625,0.244140625,-0.23193359375,-0.28076171875,0.25634765625,-0.57373046875,0.18310546875,-0.390625,0.1953125,-0.64697265625,-0.23193359375,-0.1953125,0.25634765625,-0.67138671875,0.6103515625,-0.06103515625,-0.10986328125,0.52490234375,0.28076171875,1.81884765625,0.2197265625,0.48828125,0.3662109375,-0.1953125,0.03662109375,0.732421875,0.30517578125,0.6103515625,0.13427734375,0.5615234375,-0.28076171875,0.50048828125,0.29296875,0.1220703125,-0.28076171875,0.244140625,-0.1708984375,1.07421875,-0.1953125,0.2197265625,-0.06103515625,0.244140625,-0.3662109375,0.3173828125,-0.048828125,0.87890625,-0.0732421875,0.01220703125,-0.146484375,1.3916015625,0.0244140625,-0.9765625,0.01220703125,-0.3173828125,0.0244140625,-0.9521484375,0.03662109375,-0.7568359375,-0.06103515625,-1.50146484375,-0.0244140625,-0.28076171875,0.37841796875,-0.32958984375,0.28076171875,-1.1962890625,0.2685546875,0.45166015625,0.08544921875,-0.439453125,0.0732421875,-0.62255859375,-0.32958984375,0.0244140625,0.1708984375,-0.68359375,0.09765625,-1.4404296875,-0.03662109375,-1.03759765625,-0.37841796875,0.42724609375,-0.1220703125,0.98876953125,0.15869140625,0.67138671875,-0.08544921875,0.30517578125,0.0732421875,0.7080078125,-0.23193359375,-0.06103515625,-0.15869140625,0.86669921875,-0.20751953125,-0.4150390625,-0.32958984375,-0.4150390625
0,-0.048828125,-0.341796875,-0.20751953125,-0.28076171875,0.01220703125,-0.40283203125,-0.25634765625,0.0244140625,0.08544921875,-0.1708984375,0.30517578125,-1.0498046875,-0.06103515625,1.15966796875,-0.1220703125,-0.2685546875,-0.1708984375,-0.15869140625,-0.37841796875,0.15869140625,-0.01220703125,1.07421875,0.2197265625,-0.28076171875,-0.2197265625,-0.18310546875,0.146484375,-0.79345703125,0.03662109375,0.91552734375,0.146484375,0.244140625,-0.1953125,-0.28076171875,0.1708984375,-0.537109375,0.13427734375,-0.40283203125,0.18310546875,-0.67138671875,-0.244140625,-0.2197265625,0.2197265625,-0.67138671875,0.67138671875,-0.048828125,-0.146484375,0.48828125,0.23193359375,1.89208984375,0.244140625,0.47607421875,0.37841796875,-0.2197265625,0.09765625,0.74462890625,0.20751953125,0.6103515625,0.18310546875,0.59814453125,-0.341796875,0.537109375,0.28076171875,0.13427734375,-0.29296875,0.20751953125,-0.10986328125,1.06201171875,-0.1953125,0.1953125,-0.0244140625,0.2197265625,-0.341796875,0.30517578125,-0.03662109375,0.87890625,-0.09765625,0,-0.08544921875,1.37939453125,-0.0244140625,-0.96435546875,-0.01220703125,-0.3173828125,0.0244140625,-0.93994140625,-0.08544921875,-0.7568359375,-0.0244140625,-1.4892578125,0.048828125,-0.25634765625,0.35400390625,-0.30517578125,0.341796875,-1.171875,0.146484375,0.96435546875,0.0732421875,-0.30517578125,0.09765625,-0.52490234375,-0.30517578125,0.15869140625,0.1220703125,-0.69580078125,0.15869140625,-1.45263671875,0.0244140625,-1.03759765625,-0.40283203125,0.42724609375,-0.146484375,0.8056640625,0.1220703125,0.48828125,-0.08544921875,0.1708984375,0.0732421875,0.78125,-0.1953125,-0.08544921875,-0.1708984375,0.84228515625,-0.18310546875,-0.4150390625,-0.32958984375,-0.42724609375
0,-0.0732421875,-0.341796875,-0.1708984375,-0.29296875,0,-0.390625,-0.28076171875,0.0244140625,0.10986328125,-0.1953125,0.2197265625,-1.07421875,-0.09765625,0.98876953125,-0.13427734375,-0.30517578125,-0.25634765625,-0.03662109375,-0.47607421875,0.28076171875,-0.15869140625,1.13525390625,0.08544921875,-0.18310546875,-0.1953125,-0.15869140625,0.20751953125,-0.79345703125,0.06103515625,0.93994140625,0.18310546875,0.25634765625,-0.13427734375,-0.2685546875,0.1220703125,-0.52490234375,0.0732421875,-0.42724609375,0.15869140625,-0.69580078125,-0.23193359375,-0.2197265625,0.1220703125,-0.68359375,0.6591796875,-0.0244140625,-0.1708984375,0.47607421875,0.341796875,1.94091796875,0.30517578125,0.50048828125,0.4150390625,-0.1953125,0.08544921875,0.76904296875,0.1220703125,0.6103515625,0.23193359375,0.6103515625,-0.40283203125,0.5615234375,0.2197265625,0.13427734375,-0.28076171875,0.1953125,-0.03662109375,1.06201171875,-0.1953125,0.20751953125,-0.048828125,0.2197265625,-0.3173828125,0.3173828125,0.01220703125,0.89111328125,-0.13427734375,0.01220703125,-0.0244140625,1.35498046875,-0.0732421875,-0.96435546875,-0.03662109375,-0.30517578125,-0.03662109375,-0.91552734375,-0.20751953125,-0.74462890625,0.0244140625,-1.47705078125,0.08544921875,-0.244140625,0.32958984375,-0.30517578125,0.32958984375,-1.18408203125,0.06103515625,1.5869140625,0.048828125,-0.10986328125,0.08544921875,-0.4150390625,-0.28076171875,0.32958984375,0.10986328125,-0.7080078125,0.18310546875,-1.4404296875,0.048828125,-1.025390625,-0.3662109375,0.42724609375,-0.13427734375,0.74462890625,0.146484375,0.40283203125,-0.0732421875,0.10986328125,0.1220703125,1.025390625,-0.20751953125,-0.10986328125,-0.146484375,0.830078125,-0.18310546875,-0.42724609375,-0.32958984375,-0.4638671875
0,-0.08544921875,-0.35400390625,-0.1953125,-0.30517578125,0,-0.37841796875,-0.29296875,0.0244140625,0.06103515625,-0.15869140625,0.0732421875,-1.08642578125,-0.09765625,0.98876953125,-0.15869140625,-0.30517578125,-0.28076171875,0.048828125,-0.54931640625,0.390625,-0.23193359375,1.171875,-0.048828125,-0.10986328125,-0.1220703125,-0.1220703125,0.244140625,-0.79345703125,0.08544921875,0.9521484375,0.244140625,0.2685546875,-0.06103515625,-0.29296875,0.0732421875,-0.537109375,0.01220703125,-0.45166015625,0.1708984375,-0.7080078125,-0.28076171875,-0.25634765625,0.048828125,-0.69580078125,0.732421875,0,-0.1708984375,0.4638671875,0.3173828125,1.953125,0.2685546875,0.50048828125,0.37841796875,-0.1708984375,0.03662109375,0.76904296875,0.0732421875,0.59814453125,0.25634765625,0.6103515625,-0.390625,0.59814453125,0.15869140625,0.13427734375,-0.23193359375,0.18310546875,-0.01220703125,1.06201171875,-0.15869140625,0.20751953125,-0.03662109375,0.23193359375,-0.29296875,0.3173828125,0.03662109375,0.87890625,-0.1220703125,0.01220703125,0.0244140625,1.3671875,-0.09765625,-0.93994140625,-0.08544921875,-0.3173828125,-0.06103515625,-0.927734375,-0.28076171875,-0.76904296875,0.03662109375,-1.50146484375,0.1220703125,-0.23193359375,0.3173828125,-0.30517578125,0.2685546875,-1.171875,-0.048828125,2.2705078125,0.0244140625,0.08544921875,0.0244140625,-0.28076171875,-0.1953125,0.52490234375,0.146484375,-0.7080078125,0.15869140625,-1.45263671875,0.09765625,-1.01318359375,-0.30517578125,0.42724609375,-0.10986328125,0.84228515625,0.146484375,0.45166015625,-0.0732421875,0.15869140625,0.10986328125,1.47705078125,-0.20751953125,-0.1220703125,-0.1220703125,0.79345703125,-0.15869140625,-0.42724609375,-0.29296875,-0.47607421875
0,-0.0732421875,-0.35400390625,-0.15869140625,-0.2685546875,0,-0.390625,-0.3173828125,0.01220703125,-0.0244140625,-0.08544921875,0,-1.0009765625,-0.01220703125,1.23291015625,-0.18310546875,-0.2197265625,-0.2685546875,0.1708984375,-0.59814453125,0.52490234375,-0.23193359375,1.220703125,-0.1953125,-0.03662109375,-0.06103515625,-0.146484375,0.23193359375,-0.76904296875,0.08544921875,0.9765625,0.244140625,0.2685546875,0.01220703125,-0.2685546875,-0.01220703125,-0.54931640625,-0.0244140625,-0.4638671875,0.1220703125,-0.732421875,-0.29296875,-0.25634765625,-0.03662109375,-0.69580078125,0.67138671875,0.048828125,-0.2197265625,0.45166015625,0.23193359375,1.904296875,0.244140625,0.5126953125,0.32958984375,-0.1708984375,-0.06103515625,0.76904296875,0.06103515625,0.5859375,0.3662109375,0.57373046875,-0.390625,0.6103515625,0.1220703125,0.1220703125,-0.1953125,0.18310546875,-0.01220703125,1.07421875,-0.1220703125,0.20751953125,-0.048828125,0.20751953125,-0.244140625,0.3173828125,0.048828125,0.87890625,-0.09765625,0.0244140625,0.03662109375,1.3671875,-0.08544921875,-0.93994140625,-0.10986328125,-0.32958984375,-0.08544921875,-0.927734375,-0.28076171875,-0.78125,0.048828125,-1.513671875,0.13427734375,-0.2197265625,0.35400390625,-0.29296875,0.18310546875,-1.1474609375,-0.09765625,2.94189453125,0,0.3173828125,-0.03662109375,-0.146484375,-0.1220703125,0.72021484375,0.146484375,-0.7080078125,0.048828125,-1.4404296875,0.08544921875,-1.01318359375,-0.2197265625,0.4150390625,-0.09765625,1.0986328125,0.1708984375,0.68359375,-0.0732421875,0.32958984375,0.10986328125,2.1240234375,-0.2197265625,-0.1220703125,-0.08544921875,0.79345703125,-0.146484375,-0.439453125,-0.32958984375,-0.4638671875
1,-0.1220703125,-0.390625,-0.1953125,-0.244140625,0.01220703125,-0.390625,-0.30517578125,0.01220703125,-0.1708984375,0.06103515625,-0.01220703125,-0.87890625,0,1.708984375,-0.2197265625,-0.0244140625,-0.23193359375,0.244140625,-0.6591796875,0.6591796875,-0.20751953125,1.2451171875,-0.35400390625,0.0244140625,0.048828125,-0.13427734375,0.1953125,-0.76904296875,0.048828125,0.98876953125,0.20751953125,0.2685546875,0.048828125,-0.244140625,-0.06103515625,-0.59814453125,-0.08544921875,-0.47607421875,0.048828125,-0.72021484375,-0.29296875,-0.244140625,-0.0732421875,-0.68359375,0.54931640625,0.0732421875,-0.25634765625,0.47607421875,0.29296875,1.806640625,0.2197265625,0.52490234375,0.2685546875,-0.15869140625,-0.1953125,0.78125,0.09765625,0.62255859375,0.45166015625,0.54931640625,-0.3662109375,0.59814453125,0.146484375,0.1220703125,-0.1220703125,0.18310546875,0,1.0498046875,-0.06103515625,0.23193359375,-0.08544921875,0.2197265625,-0.18310546875,0.30517578125,0.0732421875,0.84228515625,-0.10986328125,0.0244140625,0.0732421875,1.35498046875,-0.1220703125,-0.927734375,-0.18310546875,-0.3662109375,-0.0732421875,-0.927734375,-0.20751953125,-0.79345703125,0.06103515625,-1.513671875,0.1220703125,-0.23193359375,0.35400390625,-0.29296875,0.03662109375,-1.13525390625,-0.048828125,3.5888671875,-0.03662109375,0.50048828125,-0.06103515625,0,-0.048828125,0.9033203125,0.15869140625,-0.7080078125,-0.06103515625,-1.42822265625,0.03662109375,-1.0009765625,-0.0732421875,0.439453125,-0.1220703125,1.5869140625,0.13427734375,1.123046875,-0.08544921875,0.62255859375,0.01220703125,3.0029296875,-0.244140625,-0.10986328125,-0.06103515625,0.79345703125,-0.13427734375,-0.42724609375,-0.32958984375,-0.47607421875
1,-0.15869140625,-0.390625,-0.15869140625,-0.20751953125,0.048828125,-0.37841796875,-0.29296875,0.01220703125,-0.28076171875,0.2685546875,-0.0244140625,-0.69580078125,-0.0244140625,2.4169921875,-0.244140625,0.2197265625,-0.20751953125,0.2685546875,-0.67138671875,0.72021484375,-0.25634765625,1.2451171875,-0.48828125,0.0244140625,0.13427734375,-0.13427734375,0.146484375,-0.7568359375,-0.01220703125,0.98876953125,0.13427734375,0.2685546875,0,-0.244140625,-0.08544921875,-0.634765625,-0.1220703125,-0.4638671875,0.048828125,-0.72021484375,-0.30517578125,-0.2197265625,-0.048828125,-0.69580078125,0.50048828125,0.048828125,-0.2685546875,0.4638671875,0.1953125,1.6845703125,0.18310546875,0.537109375,0.20751953125,-0.146484375,-0.28076171875,0.79345703125,0.18310546875,0.634765625,0.5859375,0.537109375,-0.3173828125,0.59814453125,0.18310546875,0.1220703125,-0.06103515625,0.20751953125,0.0244140625,1.0498046875,0,0.244140625,-0.13427734375,0.23193359375,-0.1220703125,0.29296875,0.06103515625,0.8544921875,-0.1220703125,0.0244140625,0.06103515625,1.3671875,-0.15869140625,-0.91552734375,-0.23193359375,-0.35400390625,-0.08544921875,-0.93994140625,-0.09765625,-0.79345703125,0.06103515625,-1.52587890625,0.06103515625,-0.23193359375,0.32958984375,-0.2685546875,-0.10986328125,-1.123046875,-0.048828125,4.16259765625,-0.09765625,0.64697265625,-0.0732421875,0.10986328125,-0.01220703125,1.07421875,0.1220703125,-0.7080078125,-0.1708984375,-1.42822265625,0.0732421875,-0.98876953125,-0.03662109375,0.42724609375,-0.09765625,2.197265625,0.13427734375,1.7333984375,-0.0732421875,1.0498046875,0.03662109375,4.052734375,-0.25634765625,-0.08544921875,-0.06103515625,0.8056640625,-0.1220703125,-0.439453125,-0.3173828125,-0.48828125
1,-0.15869140625,-0.390625,-0.1708984375,-0.18310546875,0.03662109375,-0.37841796875,-0.2197265625,0.0244140625,-0.35400390625,0.50048828125,-0.0244140625,-0.47607421875,0.01220703125,3.25927734375,-0.25634765625,0.52490234375,-0.2197265625,0.244140625,-0.67138671875,0.74462890625,-0.2685546875,1.2451171875,-0.50048828125,-0.01220703125,0.1953125,-0.146484375,0.09765625,-0.74462890625,-0.03662109375,0.9765625,0.0244140625,0.25634765625,-0.1220703125,-0.23193359375,-0.09765625,-0.69580078125,-0.1220703125,-0.45166015625,0.01220703125,-0.7080078125,-0.28076171875,-0.1953125,0.0244140625,-0.7080078125,0.4638671875,0.01220703125,-0.244140625,0.48828125,0.1708984375,1.5380859375,0.13427734375,0.537109375,0.08544921875,-0.146484375,-0.30517578125,0.78125,0.244140625,0.64697265625,0.6591796875,0.50048828125,-0.28076171875,0.57373046875,0.18310546875,0.1220703125,0.03662109375,0.20751953125,0.06103515625,1.0498046875,0.0244140625,0.28076171875,-0.1953125,0.23193359375,-0.048828125,0.30517578125,0.09765625,0.830078125,-0.09765625,0.03662109375,0.0244140625,1.3671875,-0.20751953125,-0.927734375,-0.244140625,-0.3662109375,-0.09765625,-0.93994140625,0,-0.78125,0.0244140625,-1.52587890625,0.01220703125,-0.25634765625,0.25634765625,-0.25634765625,-0.23193359375,-1.11083984375,0.06103515625,4.60205078125,-0.1708984375,0.76904296875,-0.06103515625,0.20751953125,-0.048828125,1.18408203125,0.06103515625,-0.69580078125,-0.25634765625,-1.4404296875,0.06103515625,-0.98876953125,0.0732421875,0.4150390625,-0.10986328125,2.880859375,0.10986328125,2.47802734375,-0.06103515625,1.5380859375,-0.09765625,5.21240234375,-0.244140625,-0.048828125,-0.048828125,0.81787109375,-0.13427734375,-0.439453125,-0.2685546875,-0.4638671875
1,-0.15869140625,-0.40283203125,-0.13427734375,-0.13427734375,0.048828125,-0.390625,-0.1708984375,0.01220703125,-0.32958984375,0.74462890625,0.01220703125,-0.2197265625,0,4.1748046875,-0.2197265625,0.84228515625,-0.18310546875,0.20751953125,-0.5859375,0.74462890625,-0.28076171875,1.2451171875,-0.42724609375,-0.06103515625,0.1953125,-0.1708984375,0.0732421875,-0.74462890625,-0.048828125,0.93994140625,-0.08544921875,0.2685546875,-0.341796875,-0.2197265625,-0.08544921875,-0.732421875,-0.1220703125,-0.42724609375,0.01220703125,-0.68359375,-0.2685546875,-0.1953125,0.10986328125,-0.7080078125,0.3662109375,-0.048828125,-0.20751953125,0.50048828125,0.20751953125,1.37939453125,0.03662109375,0.52490234375,0.03662109375,-0.15869140625,-0.341796875,0.76904296875,0.29296875,0.6591796875,0.6591796875,0.47607421875,-0.28076171875,0.54931640625,0.20751953125,0.1220703125,0.15869140625,0.20751953125,0.048828125,1.025390625,0.048828125,0.28076171875,-0.20751953125,0.23193359375,-0.01220703125,0.29296875,0.08544921875,0.830078125,-0.0732421875,0.06103515625,-0.03662109375,1.3671875,-0.20751953125,-0.927734375,-0.20751953125,-0.341796875,-0.06103515625,-0.9521484375,0.0732421875,-0.76904296875,-0.0244140625,-1.55029296875,-0.06103515625,-0.244140625,0.146484375,-0.25634765625,-0.28076171875,-1.11083984375,0.10986328125,4.8583984375,-0.244140625,0.81787109375,-0.048828125,0.25634765625,-0.09765625,1.25732421875,0,-0.68359375,-0.30517578125,-1.4404296875,0.0732421875,-0.9765625,0.1220703125,0.42724609375,-0.1220703125,3.57666015625,0.08544921875,3.2470703125,-0.09765625,2.0751953125,-0.15869140625,6.40869140625,-0.23193359375,-0.0244140625,-0.0244140625,0.81787109375,-0.15869140625,-0.42724609375,-0.2197265625,-0.439453125
1,-0.13427734375,-0.390625,-0.1220703125,-0.146484375,0.048828125,-0.40283203125,-0.1220703125,0.0244140625,-0.29296875,1.01318359375,0,0.0244140625,-0.03662109375,5.078125,-0.20751953125,1.1474609375,-0.13427734375,0.15869140625,-0.537109375,0.68359375,-0.28076171875,1.15966796875,-0.2685546875,-0.13427734375,0.15869140625,-0.1953125,0.048828125,-0.74462890625,-0.10986328125,0.927734375,-0.15869140625,0.244140625,-0.5615234375,-0.2197265625,-0.0732421875,-0.79345703125,-0.10986328125,-0.40283203125,-0.0244140625,-0.69580078125,-0.1953125,-0.1708984375,0.20751953125,-0.69580078125,0.37841796875,-0.13427734375,-0.1708984375,0.50048828125,0.10986328125,1.28173828125,0,0.50048828125,-0.06103515625,-0.15869140625,-0.3662109375,0.76904296875,0.30517578125,0.67138671875,0.69580078125,0.48828125,-0.28076171875,0.54931640625,0.20751953125,0.1220703125,0.3173828125,0.20751953125,0.0244140625,1.03759765625,0.06103515625,0.30517578125,-0.2197265625,0.244140625,0,0.30517578125,0.09765625,0.84228515625,-0.06103515625,0.08544921875,-0.1220703125,1.3916015625,-0.1953125,-0.927734375,-0.15869140625,-0.341796875,-0.01220703125,-0.98876953125,0.10986328125,-0.78125,-0.06103515625,-1.55029296875,-0.09765625,-0.2197265625,0.06103515625,-0.244140625,-0.25634765625,-1.1474609375,0.2197265625,4.89501953125,-0.28076171875,0.8056640625,-0.0244140625,0.28076171875,-0.13427734375,1.26953125,-0.08544921875,-0.69580078125,-0.29296875,-1.4404296875,0.0732421875,-0.9765625,0.146484375,0.42724609375,-0.09765625,4.26025390625,0.0732421875,3.99169921875,-0.0732421875,2.57568359375,-0.08544921875,7.53173828125,-0.244140625,0.01220703125,-0.0244140625,0.8056640625,-0.1953125,-0.439453125,-0.1708984375,-0.45166015625
1,-0.13427734375,-0.37841796875,-0.13427734375,-0.146484375,0.03662109375,-0.40283203125,-0.08544921875,0.0244140625,-0.18310546875,1.23291015625,-0.01220703125,0.25634765625,-0.048828125,5.859375,-0.1953125,1.416015625,-0.10986328125,0.048828125,-0.37841796875,0.5859375,-0.23193359375,1.0986328125,-0.03662109375,-0.20751953125,0.048828125,-0.20751953125,0.048828125,-0.76904296875,-0.146484375,0.9033203125,-0.25634765625,0.2685546875,-0.7080078125,-0.244140625,-0.048828125,-0.84228515625,-0.08544921875,-0.37841796875,-0.0244140625,-0.68359375,-0.146484375,-0.1708984375,0.28076171875,-0.69580078125,0.28076171875,-0.23193359375,-0.18310546875,0.5126953125,0.1953125,1.23291015625,-0.0244140625,0.50048828125,-0.048828125,-0.1220703125,-0.341796875,0.78125,0.3173828125,0.69580078125,0.7568359375,0.47607421875,-0.30517578125,0.54931640625,0.146484375,0.13427734375,0.37841796875,0.20751953125,-0.01220703125,1.0498046875,0.06103515625,0.28076171875,-0.1953125,0.23193359375,0.01220703125,0.30517578125,0.09765625,0.84228515625,-0.048828125,0.09765625,-0.1953125,1.37939453125,-0.2197265625,-0.91552734375,-0.048828125,-0.341796875,0.06103515625,-0.96435546875,0.1220703125,-0.7568359375,-0.09765625,-1.52587890625,-0.13427734375,-0.244140625,-0.048828125,-0.25634765625,-0.15869140625,-1.15966796875,0.244140625,4.7607421875,-0.25634765625,0.732421875,-0.048828125,0.28076171875,-0.1708984375,1.1962890625,-0.15869140625,-0.69580078125,-0.1953125,-1.46484375,0,-0.9765625,0.13427734375,0.4150390625,-0.09765625,4.79736328125,0.03662109375,4.65087890625,-0.08544921875,3.02734375,-0.06103515625,8.53271484375,-0.20751953125,0.01220703125,-0.01220703125,0.79345703125,-0.2197265625,-0.45166015625,-0.13427734375,-0.42724609375
1,-0.13427734375,-0.37841796875,-0.146484375,-0.146484375,0.03662109375,-0.390625,-0.08544921875,0.03662109375,-0.08544921875,1.40380859375,-0.048828125,0.40283203125,-0.1708984375,6.43310546875,-0.09765625,1.5869140625,-0.146484375,-0.048828125,-0.2685546875,0.4638671875,-0.146484375,1.01318359375,0.1708984375,-0.244140625,-0.0732421875,-0.1953125,0.06103515625,-0.79345703125,-0.2197265625,0.89111328125,-0.32958984375,0.244140625,-0.7568359375,-0.2685546875,-0.0244140625,-0.87890625,-0.01220703125,-0.37841796875,0.03662109375,-0.68359375,-0.06103515625,-0.15869140625,0.3173828125,-0.69580078125,0.2685546875,-0.30517578125,-0.2197265625,0.52490234375,0.32958984375,1.20849609375,-0.01220703125,0.50048828125,-0.03662109375,-0.1220703125,-0.30517578125,0.76904296875,0.3173828125,0.68359375,0.7568359375,0.48828125,-0.35400390625,0.54931640625,0.10986328125,0.15869140625,0.42724609375,0.1953125,-0.01220703125,1.06201171875,0.048828125,0.28076171875,-0.146484375,0.23193359375,-0.01220703125,0.3173828125,0.09765625,0.8544921875,-0.048828125,0.0732421875,-0.244140625,1.37939453125,-0.23193359375,-0.927734375,0.03662109375,-0.32958984375,0.08544921875,-0.96435546875,0.1220703125,-0.7568359375,-0.15869140625,-1.513671875,-0.146484375,-0.23193359375,-0.09765625,-0.2685546875,-0.01220703125,-1.15966796875,0.13427734375,4.4189453125,-0.1708984375,0.64697265625,-0.08544921875,0.2197265625,-0.20751953125,1.11083984375,-0.20751953125,-0.7080078125,-0.10986328125,-1.4404296875,-0.0732421875,-0.98876953125,0.08544921875,0.40283203125,-0.09765625,5.17578125,0.048828125,5.1513671875,-0.048828125,3.38134765625,-0.048828125,9.33837890625,-0.23193359375,0.01220703125,-0.0244140625,0.78125,-0.20751953125,-0.45166015625,-0.10986328125,-0.439453125
1,-0.13427734375,-0.35400390625,-0.09765625,-0.18310546875,0.01220703125,-0.390625,-0.0732421875,0.03662109375,-0.048828125,1.50146484375,-0.06103515625,0.50048828125,-0.2197265625,6.77490234375,-0.06103515625,1.7333984375,-0.1953125,-0.146484375,-0.13427734375,0.3173828125,-0.08544921875,0.93994140625,0.28076171875,-0.32958984375,-0.244140625,-0.18310546875,0.06103515625,-0.78125,-0.3173828125,0.89111328125,-0.35400390625,0.25634765625,-0.67138671875,-0.29296875,-0.0732421875,-0.91552734375,0.0244140625,-0.4150390625,0.06103515625,-0.68359375,0,-0.1953125,0.32958984375,-0.68359375,0.25634765625,-0.37841796875,-0.2685546875,0.48828125,0.3662109375,1.23291015625,0,0.50048828125,-0.01220703125,-0.1220703125,-0.3173828125,0.79345703125,0.28076171875,0.67138671875,0.74462890625,0.50048828125,-0.42724609375,0.5615234375,0.06103515625,0.146484375,0.50048828125,0.1953125,-0.06103515625,1.06201171875,0.0244140625,0.25634765625,-0.08544921875,0.244140625,-0.01220703125,0.32958984375,0.1220703125,0.86669921875,-0.048828125,0.10986328125,-0.2685546875,1.37939453125,-0.23193359375,-0.9521484375,0.13427734375,-0.32958984375,0.146484375,-0.9765625,0.10986328125,-0.74462890625,-0.20751953125,-1.513671875,-0.13427734375,-0.244140625,-0.0732421875,-0.29296875,0.146484375,-1.171875,0.048828125,3.99169921875,-0.10986328125,0.50048828125,-0.146484375,0.13427734375,-0.23193359375,1.0009765625,-0.18310546875,-0.7080078125,-0.06103515625,-1.416015625,-0.146484375,-1.0009765625,0.0244140625,0.4150390625,-0.08544921875,5.419921875,0,5.46875,-0.0732421875,3.61328125,-0.10986328125,9.92431640625,-0.1953125,-0.01220703125,-0.048828125,0.79345703125,-0.2197265625,-0.439453125,-0.09765625,-0.45166015625
1,-0.146484375,-0.341796875,-0.10986328125,-0.23193359375,0,-0.37841796875,-0.048828125,0.03662109375,-0.03662109375,1.513671875,-0.06103515625,0.5126953125,-0.2685546875,6.8359375,0.01220703125,1.7333984375,-0.1953125,-0.20751953125,-0.03662109375,0.1708984375,0.06103515625,0.84228515625,0.35400390625,-0.37841796875,-0.4150390625,-0.1708984375,0.03662109375,-0.79345703125,-0.40283203125,0.9033203125,-0.3662109375,0.23193359375,-0.50048828125,-0.3173828125,-0.1220703125,-0.93994140625,0.048828125,-0.45166015625,0.10986328125,-0.68359375,0.08544921875,-0.1708984375,0.29296875,-0.68359375,0.341796875,-0.40283203125,-0.32958984375,0.50048828125,0.45166015625,1.2939453125,0.048828125,0.5126953125,0.08544921875,-0.1220703125,-0.28076171875,0.76904296875,0.2197265625,0.64697265625,0.72021484375,0.52490234375,-0.4150390625,0.59814453125,0.048828125,0.15869140625,0.50048828125,0.18310546875,-0.10986328125,1.08642578125,0.01220703125,0.28076171875,-0.0244140625,0.23193359375,-0.01220703125,0.341796875,0.08544921875,0.86669921875,-0.06103515625,0.1220703125,-0.3173828125,1.37939453125,-0.2685546875,-0.9521484375,0.20751953125,-0.32958984375,0.15869140625,-0.96435546875,0.08544921875,-0.74462890625,-0.23193359375,-1.513671875,-0.10986328125,-0.244140625,-0.0244140625,-0.29296875,0.2197265625,-1.171875,0.01220703125,3.4912109375,-0.0244140625,0.390625,-0.20751953125,0.048828125,-0.2197265625,0.87890625,-0.09765625,-0.72021484375,-0.0244140625,-1.42822265625,-0.244140625,-1.0009765625,0.01220703125,0.42724609375,-0.09765625,5.4931640625,-0.048828125,5.62744140625,-0.09765625,3.7109375,-0.20751953125,10.2783203125,-0.15869140625,-0.0244140625,-0.048828125,0.79345703125,-0.1953125,-0.439453125,-0.146484375,-0.45166015625
1,-0.146484375,-0.3173828125,-0.048828125,-0.28076171875,0.01220703125,-0.37841796875,-0.08544921875,0.0244140625,-0.0732421875,1.4892578125,-0.0244140625,0.47607421875,-0.30517578125,6.640625,0.03662109375,1.66015625,-0.1953125,-0.2685546875,-0.03662109375,0.048828125,0.1708984375,0.79345703125,0.29296875,-0.42724609375,-0.5126953125,-0.13427734375,0,-0.79345703125,-0.4638671875,0.91552734375,-0.29296875,0.244140625,-0.30517578125,-0.3173828125,-0.146484375,-0.91552734375,0.06103515625,-0.439453125,0.1220703125,-0.67138671875,0.20751953125,-0.18310546875,0.20751953125,-0.68359375,0.5615234375,-0.390625,-0.35400390625,0.48828125,0.439453125,1.40380859375,0.03662109375,0.52490234375,0.1220703125,-0.1220703125,-0.29296875,0.7568359375,0.146484375,0.64697265625,0.67138671875,0.52490234375,-0.45166015625,0.6103515625,0.09765625,0.15869140625,0.52490234375,0.1953125,-0.15869140625,1.08642578125,0.01220703125,0.25634765625,-0.01220703125,0.23193359375,0,0.32958984375,0.0244140625,0.86669921875,-0.0732421875,0.08544921875,-0.3173828125,1.3671875,-0.25634765625,-0.9521484375,0.244140625,-0.32958984375,0.13427734375,-0.9765625,0.09765625,-0.7568359375,-0.244140625,-1.513671875,-0.0732421875,-0.2685546875,0.146484375,-0.29296875,0.244140625,-1.18408203125,-0.0244140625,2.99072265625,0.048828125,0.28076171875,-0.25634765625,-0.048828125,-0.2197265625,0.78125,0.01220703125,-0.7080078125,-0.0244140625,-1.4404296875,-0.29296875,-1.025390625,-0.01220703125,0.439453125,-0.09765625,5.45654296875,-0.0732421875,5.6640625,-0.09765625,3.72314453125,-0.1220703125,10.38818359375,-0.13427734375,-0.06103515625,-0.03662109375,0.8056640625,-0.1953125,-0.45166015625,-0.15869140625,-0.4638671875
1,-0.15869140625,-0.3173828125,-0.08544921875,-0.341796875,-0.0244140625,-0.37841796875,-0.10986328125,0,-0.15869140625,1.3916015625,0.06103515625,0.35400390625,-0.341796875,6.25,0.01220703125,1.513671875,-0.146484375,-0.30517578125,-0.18310546875,-0.048828125,0.20751953125,0.74462890625,0.13427734375,-0.4150390625,-0.5126953125,-0.13427734375,-0.0732421875,-0.79345703125,-0.4150390625,0.927734375,-0.20751953125,0.25634765625,-0.146484375,-0.32958984375,-0.0732421875,-0.89111328125,0.048828125,-0.439453125,0.15869140625,-0.68359375,0.2685546875,-0.15869140625,0.1708984375,-0.67138671875,0.59814453125,-0.390625,-0.37841796875,0.4638671875,0.439453125,1.50146484375,-0.01220703125,0.48828125,0.1708984375,-0.13427734375,-0.23193359375,0.7568359375,0.0244140625,0.634765625,0.62255859375,0.5126953125,-0.32958984375,0.634765625,0.13427734375,0.15869140625,0.50048828125,0.1953125,-0.2197265625,1.0986328125,0.01220703125,0.25634765625,0,0.23193359375,0.01220703125,0.32958984375,-0.03662109375,0.9033203125,-0.10986328125,0.08544921875,-0.3173828125,1.37939453125,-0.1708984375,-0.9521484375,0.25634765625,-0.35400390625,0.06103515625,-0.9521484375,0.10986328125,-0.79345703125,-0.244140625,-1.50146484375,-0.03662109375,-0.25634765625,0.30517578125,-0.29296875,0.2197265625,-1.18408203125,-0.08544921875,2.587890625,0.03662109375,0.20751953125,-0.25634765625,-0.10986328125,-0.2197265625,0.732421875,0.146484375,-0.7080078125,-0.048828125,-1.42822265625,-0.35400390625,-1.01318359375,0.01220703125,0.45166015625,-0.06103515625,5.3466796875,-0.06103515625,5.55419921875,-0.0732421875,3.64990234375,-0.03662109375,10.31494140625,-0.09765625,-0.06103515625,-0.03662109375,0.830078125,-0.1953125,-0.42724609375,-0.1708984375,-0.439453125
1,-0.18310546875,-0.3173828125,-0.0732421875,-0.341796875,-0.01220703125,-0.3662109375,-0.146484375,-0.01220703125,-0.2685546875,1.23291015625,0.18310546875,0.20751953125,-0.35400390625,5.74951171875,-0.0244140625,1.30615234375,-0.01220703125,-0.3173828125,-0.2197265625,-0.09765625,0.35400390625,0.76904296875,0.03662109375,-0.439453125,-0.47607421875,-0.13427734375,-0.146484375,-0.76904296875,-0.32958984375,0.927734375,-0.10986328125,0.25634765625,-0.048828125,-0.30517578125,0.03662109375,-0.8544921875,0,-0.40283203125,0.15869140625,-0.67138671875,0.35400390625,-0.10986328125,0.1708984375,-0.6591796875,0.78125,-0.35400390625,-0.32958984375,0.45166015625,0.42724609375,1.55029296875,-0.0732421875,0.52490234375,0.18310546875,-0.15869140625,-0.15869140625,0.78125,-0.03662109375,0.62255859375,0.59814453125,0.50048828125,-0.2197265625,0.62255859375,0.15869140625,0.146484375,0.5126953125,0.2197265625,-0.25634765625,1.08642578125,0.01220703125,0.25634765625,-0.0244140625,0.23193359375,-0.01220703125,0.32958984375,-0.146484375,0.86669921875,-0.08544921875,0.08544921875,-0.2685546875,1.3671875,-0.09765625,-0.96435546875,0.23193359375,-0.341796875,-0.03662109375,-0.927734375,0.13427734375,-0.79345703125,-0.20751953125,-1.50146484375,-0.01220703125,-0.28076171875,0.439453125,-0.29296875,0.15869140625,-1.171875,-0.0732421875,2.3193359375,0.09765625,0.18310546875,-0.1953125,-0.146484375,-0.1953125,0.7080078125,0.25634765625,-0.7080078125,-0.08544921875,-1.40380859375,-0.3173828125,-1.0498046875,0.0244140625,0.4638671875,-0.06103515625,5.21240234375,-0.0732421875,5.3955078125,-0.0732421875,3.50341796875,-0.13427734375,10.07080078125,-0.09765625,-0.048828125,-0.0244140625,0.81787109375,-0.20751953125,-0.42724609375,-0.15869140625,-0.42724609375
1,-0.18310546875,-0.341796875,-0.0244140625,-0.35400390625,0,-0.37841796875,-0.15869140625,-0.01220703125,-0.37841796875,1.06201171875,0.28076171875,0.03662109375,-0.3662109375,5.18798828125,-0.1220703125,1.11083984375,0.06103515625,-0.29296875,-0.40283203125,-0.1220703125,0.35400390625,0.79345703125,-0.1220703125,-0.439453125,-0.341796875,-0.1220703125,-0.23193359375,-0.78125,-0.23193359375,0.9521484375,-0.048828125,0.25634765625,-0.06103515625,-0.28076171875,0.1220703125,-0.830078125,-0.06103515625,-0.390625,0.20751953125,-0.69580078125,0.35400390625,-0.0732421875,0.146484375,-0.67138671875,0.7568359375,-0.32958984375,-0.341796875,0.4638671875,0.57373046875,1.5625,-0.0732421875,0.5126953125,0.15869140625,-0.146484375,-0.1953125,0.78125,-0.08544921875,0.634765625,0.62255859375,0.50048828125,-0.13427734375,0.62255859375,0.1953125,0.15869140625,0.5615234375,0.23193359375,-0.341796875,1.11083984375,-0.01220703125,0.244140625,0,0.244140625,-0.048828125,0.30517578125,-0.18310546875,0.87890625,-0.10986328125,0.09765625,-0.25634765625,1.37939453125,-0.048828125,-0.98876953125,0.146484375,-0.37841796875,-0.09765625,-0.93994140625,0.146484375,-0.81787109375,-0.15869140625,-1.52587890625,0.01220703125,-0.2685546875,0.57373046875,-0.29296875,0.10986328125,-1.171875,-0.1953125,2.197265625,0.03662109375,0.2197265625,-0.09765625,-0.146484375,-0.1708984375,0.72021484375,0.35400390625,-0.69580078125,-0.146484375,-1.4404296875,-0.23193359375,-1.03759765625,0,0.48828125,-0.08544921875,5.04150390625,-0.06103515625,5.18798828125,-0.0732421875,3.3447265625,-0.23193359375,9.70458984375,-0.08544921875,-0.06103515625,0,0.84228515625,-0.1953125,-0.42724609375,-0.146484375,-0.4150390625
1,-0.20751953125,-0.3662109375,-0.03662109375,-0.341796875,0,-0.37841796875,-0.1220703125,-0.0244140625,-0.4150390625,0.86669921875,0.32958984375,-0.10986328125,-0.40283203125,4.638671875,-0.18310546875,0.91552734375,0.1708984375,-0.29296875,-0.5615234375,-0.09765625,0.25634765625,0.8544921875,-0.25634765625,-0.42724609375,-0.2197265625,-0.13427734375,-0.2685546875,-0.78125,-0.13427734375,0.93994140625,-0.03662109375,0.2685546875,-0.10986328125,-0.29296875,0.20751953125,-0.79345703125,-0.1220703125,-0.40283203125,0.2197265625,-0.69580078125,0.32958984375,-0.0732421875,0.15869140625,-0.67138671875,0.4638671875,-0.30517578125,-0.341796875,0.4638671875,0.634765625,1.52587890625,-0.09765625,0.5126953125,0.09765625,-0.18310546875,-0.2197265625,0.76904296875,-0.13427734375,0.634765625,0.7080078125,0.50048828125,0.03662109375,0.6103515625,0.25634765625,0.1220703125,0.5126953125,0.28076171875,-0.42724609375,1.0986328125,-0.03662109375,0.244140625,-0.048828125,0.25634765625,-0.09765625,0.30517578125,-0.244140625,0.87890625,-0.1220703125,0.09765625,-0.20751953125,1.37939453125,-0.0244140625,-0.9521484375,0.048828125,-0.3662109375,-0.15869140625,-0.9521484375,0.09765625,-0.81787109375,-0.10986328125,-1.52587890625,-0.01220703125,-0.29296875,0.6103515625,-0.28076171875,0.08544921875,-1.18408203125,-0.28076171875,2.24609375,-0.0244140625,0.2685546875,0,-0.146484375,-0.1708984375,0.78125,0.390625,-0.69580078125,-0.13427734375,-1.4404296875,-0.146484375,-1.025390625,0,0.48828125,-0.09765625,4.833984375,-0.06103515625,4.9560546875,-0.08544921875,3.1982421875,-0.28076171875,9.228515625,-0.09765625,-0.03662109375,0.01220703125,0.8544921875,-0.20751953125,-0.42724609375,-0.13427734375,-0.439453125
0,-0.1953125,-0.390625,0,-0.29296875,0.01220703125,-0.37841796875,-0.10986328125,0,-0.37841796875,0.69580078125,0.341796875,-0.25634765625,-0.390625,4.16259765625,-0.23193359375,0.74462890625,0.20751953125,-0.28076171875,-0.7080078125,-0.08544921875,0.13427734375,0.91552734375,-0.32958984375,-0.4150390625,-0.08544921875,-0.13427734375,-0.25634765625,-0.76904296875,-0.08544921875,0.96435546875,-0.0732421875,0.28076171875,-0.20751953125,-0.25634765625,0.2685546875,-0.7568359375,-0.1953125,-0.3662109375,0.20751953125,-0.68359375,0.20751953125,-0.048828125,0.2685546875,-0.67138671875,0.3662109375,-0.29296875,-0.28076171875,0.48828125,0.537109375,1.46484375,-0.10986328125,0.52490234375,0.03662109375,-0.20751953125,-0.2685546875,0.7568359375,-0.1220703125,0.67138671875,0.79345703125,0.47607421875,0.13427734375,0.5859375,0.29296875,0.10986328125,0.390625,0.29296875,-0.439453125,1.0986328125,-0.03662109375,0.2685546875,-0.08544921875,0.2685546875,-0.146484375,0.3173828125,-0.244140625,0.84228515625,-0.0732421875,0.10986328125,-0.1708984375,1.3916015625,-0.048828125,-0.9521484375,-0.0244140625,-0.3662109375,-0.23193359375,-0.9521484375,0.048828125,-0.8056640625,-0.0244140625,-1.513671875,-0.01220703125,-0.28076171875,0.59814453125,-0.28076171875,0.10986328125,-1.18408203125,-0.3173828125,2.4169921875,-0.13427734375,0.341796875,0.13427734375,-0.10986328125,-0.1708984375,0.8544921875,0.3662109375,-0.7080078125,-0.09765625,-1.45263671875,-0.01220703125,-1.025390625,-0.01220703125,0.5126953125,-0.1220703125,4.6875,-0.06103515625,4.7119140625,-0.08544921875,3.02734375,-0.3173828125,8.72802734375,-0.09765625,-0.01220703125,0.01220703125,0.830078125,-0.1953125,-0.40283203125,-0.10986328125,-0.439453125
0,-0.1708984375,-0.390625,0.01220703125,-0.25634765625,0.0244140625,-0.40283203125,-0.08544921875,0,-0.30517578125,0.537109375,0.32958984375,-0.3662109375,-0.37841796875,3.74755859375,-0.25634765625,0.6103515625,0.2197265625,-0.28076171875,-0.74462890625,-0.048828125,-0.06103515625,0.9765625,-0.37841796875,-0.4150390625,0.0244140625,-0.15869140625,-0.1953125,-0.7568359375,0,0.96435546875,-0.08544921875,0.2685546875,-0.30517578125,-0.25634765625,0.32958984375,-0.78125,-0.2685546875,-0.3662109375,0.146484375,-0.69580078125,0.01220703125,-0.0732421875,0.341796875,-0.68359375,0.20751953125,-0.3173828125,-0.25634765625,0.50048828125,0.3662109375,1.3427734375,-0.13427734375,0.5126953125,-0.08544921875,-0.20751953125,-0.341796875,0.7568359375,-0.06103515625,0.68359375,0.830078125,0.48828125,0.28076171875,0.5615234375,0.341796875,0.10986328125,0.2685546875,0.30517578125,-0.4638671875,1.08642578125,-0.0732421875,0.25634765625,-0.15869140625,0.2685546875,-0.1708984375,0.3173828125,-0.2197265625,0.86669921875,-0.01220703125,0.10986328125,-0.1708984375,1.40380859375,-0.048828125,-0.9521484375,-0.10986328125,-0.32958984375,-0.20751953125,-0.9521484375,-0.01220703125,-0.8056640625,0.03662109375,-1.50146484375,-0.03662109375,-0.2685546875,0.52490234375,-0.25634765625,0.13427734375,-1.18408203125,-0.29296875,2.62451171875,-0.20751953125,0.40283203125,0.23193359375,-0.08544921875,-0.13427734375,0.9033203125,0.28076171875,-0.68359375,-0.048828125,-1.4404296875,0.10986328125,-1.0009765625,0,0.5126953125,-0.13427734375,4.4921875,-0.09765625,4.443359375,-0.08544921875,2.86865234375,-0.341796875,8.203125,-0.08544921875,-0.01220703125,0,0.81787109375,-0.1953125,-0.42724609375,-0.10986328125,-0.45166015625
0,-0.1708984375,-0.390625,0,-0.23193359375,0.03662109375,-0.390625,-0.09765625,0,-0.2197265625,0.390625,0.29296875,-0.4638671875,-0.40283203125,3.3935546875,-0.2197265625,0.50048828125,0.20751953125,-0.29296875,-0.81787109375,0,-0.25634765625,1.03759765625,-0.4150390625,-0.42724609375,0.06103515625,-0.1708984375,-0.10986328125,-0.76904296875,0.048828125,0.927734375,-0.13427734375,0.2685546875,-0.390625,-0.25634765625,0.29296875,-0.76904296875,-0.29296875,-0.3662109375,0.08544921875,-0.68359375,-0.15869140625,-0.09765625,0.341796875,-0.67138671875,0.048828125,-0.30517578125,-0.2197265625,0.50048828125,0.23193359375,1.220703125,-0.146484375,0.52490234375,-0.18310546875,-0.1953125,-0.45166015625,0.78125,0.01220703125,0.7080078125,0.9521484375,0.48828125,0.37841796875,0.5615234375,0.35400390625,0.13427734375,0.1220703125,0.32958984375,-0.439453125,1.0986328125,-0.08544921875,0.2685546875,-0.1953125,0.2685546875,-0.23193359375,0.32958984375,-0.2197265625,0.84228515625,0.0244140625,0.10986328125,-0.18310546875,1.416015625,-0.09765625,-0.93994140625,-0.1708984375,-0.32958984375,-0.15869140625,-0.9521484375,-0.03662109375,-0.76904296875,0.09765625,-1.4892578125,-0.06103515625,-0.2685546875,0.40283203125,-0.2685546875,0.146484375,-1.20849609375,-0.244140625,2.8076171875,-0.20751953125,0.439453125,0.2685546875,-0.048828125,-0.10986328125,0.927734375,0.13427734375,-0.69580078125,0.0244140625,-1.4404296875,0.15869140625,-1.0009765625,0.06103515625,0.537109375,-0.13427734375,4.3212890625,-0.10986328125,4.19921875,-0.0732421875,2.69775390625,-0.25634765625,7.71484375,-0.06103515625,-0.01220703125,0.01220703125,0.830078125,-0.1953125,-0.42724609375,-0.0732421875,-0.47607421875
0,-0.1708984375,-0.40283203125,0.03662109375,-0.2197265625,0.03662109375,-0.390625,-0.09765625,0,-0.13427734375,0.28076171875,0.244140625,-0.5615234375,-0.40283203125,3.076171875,-0.15869140625,0.390625,0.1708984375,-0.28076171875,-0.8056640625,0.0732421875,-0.52490234375,1.0986328125,-0.439453125,-0.40283203125,0.0732421875,-0.18310546875,0.0244140625,-0.78125,0.048828125,0.927734375,-0.13427734375,0.2685546875,-0.42724609375,-0.2685546875,0.29296875,-0.81787109375,-0.341796875,-0.3662109375,-0.01220703125,-0.68359375,-0.28076171875,-0.146484375,0.32958984375,-0.67138671875,0.01220703125,-0.3173828125,-0.1953125,0.52490234375,0.1708984375,1.1474609375,-0.146484375,0.5126953125,-0.28076171875,-0.18310546875,-0.57373046875,0.78125,0.01220703125,0.7080078125,1.0498046875,0.48828125,0.390625,0.59814453125,0.37841796875,0.13427734375,0.08544921875,0.29296875,-0.439453125,1.0986328125,-0.09765625,0.25634765625,-0.23193359375,0.2685546875,-0.28076171875,0.341796875,-0.1953125,0.84228515625,0.06103515625,0.09765625,-0.1953125,1.416015625,-0.13427734375,-0.927734375,-0.18310546875,-0.30517578125,-0.08544921875,-0.927734375,-0.06103515625,-0.7568359375,0.10986328125,-1.46484375,-0.06103515625,-0.244140625,0.30517578125,-0.28076171875,0.146484375,-1.1962890625,-0.09765625,2.8564453125,-0.20751953125,0.40283203125,0.25634765625,-0.06103515625,-0.06103515625,0.9033203125,-0.0244140625,-0.69580078125,0.0732421875,-1.45263671875,0.20751953125,-1.0009765625,0.10986328125,0.52490234375,-0.13427734375,4.13818359375,-0.09765625,3.9794921875,-0.06103515625,2.52685546875,-0.2685546875,7.275390625,-0.048828125,-0.03662109375,0,0.8056640625,-0.1708984375,-0.42724609375,-0.10986328125,-0.48828125
0,-0.1708984375,-0.390625,0.0732421875,-0.2197265625,0.06103515625,-0.390625,-0.0732421875,0,-0.08544921875,0.146484375,0.20751953125,-0.6591796875,-0.390625,2.7587890625,-0.08544921875,0.25634765625,0.1220703125,-0.23193359375,-0.732421875,0.15869140625,-0.5615234375,1.1474609375,-0.439453125,-0.3662109375,0.048828125,-0.18310546875,0.146484375,-0.78125,0.03662109375,0.9521484375,-0.15869140625,0.28076171875,-0.4150390625,-0.244140625,0.1953125,-0.830078125,-0.341796875,-0.3662109375,-0.0244140625,-0.6591796875,-0.3173828125,-0.20751953125,0.23193359375,-0.67138671875,-0.09765625,-0.28076171875,-0.23193359375,0.54931640625,0.15869140625,1.11083984375,-0.146484375,0.52490234375,-0.30517578125,-0.1708984375,-0.62255859375,0.79345703125,0.08544921875,0.68359375,1.1474609375,0.48828125,0.42724609375,0.634765625,0.40283203125,0.1708984375,-0.03662109375,0.2685546875,-0.42724609375,1.08642578125,-0.13427734375,0.25634765625,-0.25634765625,0.29296875,-0.28076171875,0.35400390625,-0.18310546875,0.8544921875,0.08544921875,0.09765625,-0.20751953125,1.40380859375,-0.1708984375,-0.91552734375,-0.1708984375,-0.29296875,0,-0.93994140625,-0.048828125,-0.72021484375,0.09765625,-1.46484375,-0.0732421875,-0.2197265625,0.15869140625,-0.30517578125,0.048828125,-1.1962890625,-0.09765625,2.67333984375,-0.146484375,0.3173828125,0.20751953125,-0.10986328125,0,0.84228515625,-0.1953125,-0.69580078125,0.06103515625,-1.45263671875,0.1708984375,-0.98876953125,0.15869140625,0.52490234375,-0.13427734375,3.94287109375,-0.09765625,3.759765625,-0.08544921875,2.40478515625,-0.35400390625,6.9091796875,-0.03662109375,0.01220703125,0,0.78125,-0.146484375,-0.45166015625,-0.08544921875,-0.48828125
0,-0.1953125,-0.37841796875,0.03662109375,-0.20751953125,0.06103515625,-0.37841796875,-0.0732421875,-0.01220703125,-0.06103515625,0.048828125,0.18310546875,-0.7568359375,-0.3662109375,2.35595703125,0.01220703125,0.1220703125,0.08544921875,-0.1953125,-0.6103515625,0.2197265625,-0.45166015625,1.15966796875,-0.40283203125,-0.29296875,-0.01220703125,-0.15869140625,0.2197265625,-0.76904296875,-0.0244140625,0.93994140625,-0.18310546875,0.2685546875,-0.390625,-0.244140625,0.01220703125,-0.86669921875,-0.341796875,-0.40283203125,-0.10986328125,-0.69580078125,-0.2197265625,-0.25634765625,0.15869140625,-0.6591796875,-0.1708984375,-0.244140625,-0.29296875,0.54931640625,0.0732421875,1.08642578125,-0.09765625,0.537109375,-0.32958984375,-0.146484375,-0.5859375,0.79345703125,0.18310546875,0.67138671875,1.1962890625,0.50048828125,0.35400390625,0.69580078125,0.45166015625,0.1708984375,-0.146484375,0.244140625,-0.37841796875,1.07421875,-0.13427734375,0.244140625,-0.28076171875,0.25634765625,-0.30517578125,0.341796875,-0.15869140625,0.86669921875,0.09765625,0.06103515625,-0.13427734375,1.40380859375,-0.23193359375,-0.93994140625,-0.10986328125,-0.29296875,0.048828125,-0.91552734375,-0.03662109375,-0.72021484375,0.048828125,-1.45263671875,-0.08544921875,-0.20751953125,0.06103515625,-0.30517578125,-0.01220703125,-1.1962890625,-0.01220703125,2.2705078125,0,0.15869140625,0.048828125,-0.20751953125,0.03662109375,0.69580078125,-0.341796875,-0.68359375,0.0244140625,-1.4404296875,0.09765625,-1.0009765625,0.1708984375,0.5126953125,-0.13427734375,3.74755859375,-0.1220703125,3.564453125,-0.0732421875,2.25830078125,-0.4150390625,6.62841796875,-0.03662109375,0.03662109375,-0.01220703125,0.8056640625,-0.10986328125,-0.4638671875,-0.10986328125,-0.52490234375
0,-0.1953125,-0.3662109375,0.0732421875,-0.20751953125,0.0732421875,-0.37841796875,-0.06103515625,0.01220703125,-0.08544921875,-0.03662109375,0.23193359375,-0.89111328125,-0.3173828125,1.91650390625,0.09765625,-0.048828125,0.03662109375,-0.1220703125,-0.50048828125,0.30517578125,-0.4150390625,1.171875,-0.37841796875,-0.23193359375,-0.06103515625,-0.146484375,0.23193359375,-0.78125,-0.10986328125,0.93994140625,-0.18310546875,0.2685546875,-0.35400390625,-0.23193359375,-0.10986328125,-0.89111328125,-0.3173828125,-0.390625,-0.146484375,-0.7080078125,-0.09765625,-0.30517578125,0.01220703125,-0.6591796875,-0.0732421875,-0.18310546875,-0.390625,0.537109375,0.01220703125,1.13525390625,-0.01220703125,0.537109375,-0.32958984375,-0.15869140625,-0.5126953125,0.79345703125,0.23193359375,0.64697265625,1.25732421875,0.48828125,0.32958984375,0.74462890625,0.439453125,0.18310546875,-0.2197265625,0.2197265625,-0.35400390625,1.07421875,-0.1220703125,0.23193359375,-0.28076171875,0.244140625,-0.30517578125,0.35400390625,-0.146484375,0.91552734375,0.09765625,0.048828125,-0.08544921875,1.37939453125,-0.2685546875,-0.91552734375,0,-0.29296875,0.0732421875,-0.91552734375,0,-0.7080078125,-0.01220703125,-1.416015625,-0.10986328125,-0.2197265625,-0.01220703125,-0.29296875,-0.13427734375,-1.171875,0.0732421875,1.62353515625,0.09765625,-0.03662109375,-0.0732421875,-0.35400390625,0.048828125,0.50048828125,-0.3173828125,-0.69580078125,-0.08544921875,-1.4404296875,0,-0.98876953125,0.1708984375,0.50048828125,-0.146484375,3.57666015625,-0.146484375,3.3935546875,-0.06103515625,2.13623046875,-0.42724609375,6.396484375,-0.01220703125,0.0244140625,-0.01220703125,0.79345703125,-0.10986328125,-0.48828125,-0.1220703125,-0.52490234375
0,-0.244140625,-0.35400390625,0.0732421875,-0.1953125,0.10986328125,-0.35400390625,-0.048828125,0.0244140625,-0.09765625,-0.1708984375,0.29296875,-1.01318359375,-0.28076171875,1.4404296875,0.18310546875,-0.2197265625,0.0732421875,-0.03662109375,-0.37841796875,0.390625,-0.18310546875,1.1962890625,-0.3173828125,-0.15869140625,-0.08544921875,-0.13427734375,0.20751953125,-0.78125,-0.18310546875,0.9521484375,-0.23193359375,0.2685546875,-0.3662109375,-0.23193359375,-0.23193359375,-0.9033203125,-0.28076171875,-0.42724609375,-0.1708984375,-0.7080078125,0.13427734375,-0.3173828125,-0.1220703125,-0.6591796875,-0.06103515625,-0.0732421875,-0.42724609375,0.5126953125,0.08544921875,1.1962890625,0.048828125,0.537109375,-0.23193359375,-0.1708984375,-0.50048828125,0.78125,0.244140625,0.62255859375,1.25732421875,0.48828125,0.20751953125,0.830078125,0.42724609375,0.1708984375,-0.28076171875,0.20751953125,-0.32958984375,1.06201171875,-0.146484375,0.20751953125,-0.2685546875,0.244140625,-0.30517578125,0.32958984375,-0.13427734375,0.91552734375,0.1220703125,0,-0.03662109375,1.37939453125,-0.25634765625,-0.927734375,0.0732421875,-0.30517578125,0.08544921875,-0.93994140625,0.0244140625,-0.72021484375,-0.0732421875,-1.45263671875,-0.1220703125,-0.1953125,0.01220703125,-0.30517578125,-0.18310546875,-1.13525390625,0.146484375,0.830078125,0.1953125,-0.25634765625,-0.146484375,-0.5126953125,0.0732421875,0.2685546875,-0.2685546875,-0.69580078125,-0.23193359375,-1.416015625,-0.1220703125,-1.0009765625,0.15869140625,0.45166015625,-0.13427734375,3.43017578125,-0.146484375,3.22265625,-0.06103515625,2.01416015625,-0.439453125,6.201171875,-0.01220703125,0,-0.0244140625,0.830078125,-0.08544921875,-0.48828125,-0.0732421875,-0.537109375
0,-0.25634765625,-0.3662109375,0.0732421875,-0.1708984375,0.08544921875,-0.37841796875,-0.048828125,0.0244140625,-0.146484375,-0.3173828125,0.37841796875,-1.1474609375,-0.23193359375,0.93994140625,0.25634765625,-0.390625,0.13427734375,0.048828125,-0.341796875,0.42724609375,0.08544921875,1.18408203125,-0.2685546875,-0.09765625,-0.1220703125,-0.13427734375,0.146484375,-0.78125,-0.25634765625,0.9765625,-0.28076171875,0.244140625,-0.390625,-0.20751953125,-0.244140625,-0.9033203125,-0.20751953125,-0.40283203125,-0.13427734375,-0.74462890625,0.35400390625,-0.30517578125,-0.1708984375,-0.6591796875,0.13427734375,0.06103515625,-0.4638671875,0.52490234375,0.1220703125,1.28173828125,0.146484375,0.537109375,-0.1220703125,-0.1953125,-0.439453125,0.76904296875,0.1708984375,0.6103515625,1.25732421875,0.5126953125,0.10986328125,0.87890625,0.47607421875,0.146484375,-0.2685546875,0.2197265625,-0.2197265625,1.07421875,-0.1708984375,0.1953125,-0.25634765625,0.244140625,-0.29296875,0.30517578125,-0.09765625,0.91552734375,0.09765625,0.01220703125,0.0244140625,1.3427734375,-0.28076171875,-0.927734375,0.1220703125,-0.32958984375,0.048828125,-0.927734375,0.09765625,-0.72021484375,-0.13427734375,-1.47705078125,-0.146484375,-0.2197265625,0.09765625,-0.28076171875,-0.20751953125,-1.123046875,0.146484375,0.01220703125,0.244140625,-0.47607421875,-0.1708984375,-0.67138671875,0.0244140625,0.08544921875,-0.15869140625,-0.68359375,-0.3662109375,-1.40380859375,-0.18310546875,-1.01318359375,0.1708984375,0.42724609375,-0.15869140625,3.2470703125,-0.15869140625,3.06396484375,-0.0732421875,1.91650390625,-0.439453125,5.95703125,-0.0244140625,0,0.01220703125,0.8544921875,-0.10986328125,-0.48828125,-0.048828125,-0.52490234375
0,-0.25634765625,-0.341796875,0.08544921875,-0.13427734375,0.0732421875,-0.35400390625,-0.08544921875,0.01220703125,-0.15869140625,-0.439453125,0.45166015625,-1.28173828125,-0.2197265625,0.439453125,0.28076171875,-0.54931640625,0.1708984375,0.08544921875,-0.244140625,0.4638671875,0.25634765625,1.13525390625,-0.20751953125,-0.0732421875,-0.10986328125,-0.13427734375,0.0244140625,-0.78125,-0.28076171875,0.9765625,-0.341796875,0.25634765625,-0.40283203125,-0.1953125,-0.1708984375,-0.87890625,-0.18310546875,-0.40283203125,-0.08544921875,-0.72021484375,0.47607421875,-0.28076171875,-0.1708984375,-0.6591796875,0.2685546875,0.15869140625,-0.5859375,0.52490234375,0.08544921875,1.35498046875,0.23193359375,0.52490234375,0.0244140625,-0.18310546875,-0.35400390625,0.7568359375,0.10986328125,0.6103515625,1.171875,0.50048828125,0.0244140625,0.89111328125,0.52490234375,0.146484375,-0.32958984375,0.2197265625,-0.15869140625,1.06201171875,-0.1708984375,0.18310546875,-0.25634765625,0.2197265625,-0.29296875,0.28076171875,-0.08544921875,0.91552734375,0.09765625,0,0.08544921875,1.3427734375,-0.2197265625,-0.91552734375,0.146484375,-0.3662109375,-0.01220703125,-0.93994140625,0.146484375,-0.74462890625,-0.15869140625,-1.50146484375,-0.1953125,-0.244140625,0.23193359375,-0.28076171875,-0.15869140625,-1.11083984375,0.23193359375,-0.74462890625,0.23193359375,-0.67138671875,-0.13427734375,-0.84228515625,-0.03662109375,-0.10986328125,0.03662109375,-0.67138671875,-0.439453125,-1.416015625,-0.2197265625,-1.0009765625,0.13427734375,0.42724609375,-0.146484375,3.076171875,-0.1708984375,2.89306640625,-0.06103515625,1.79443359375,-0.3173828125,5.60302734375,-0.0244140625,-0.0244140625,0.01220703125,0.84228515625,-0.1220703125,-0.4638671875,-0.06103515625,-0.5126953125
0,-0.244140625,-0.341796875,0.10986328125,-0.10986328125,0.048828125,-0.3662109375,-0.09765625,0,-0.1708984375,-0.5615234375,0.47607421875,-1.416015625,-0.20751953125,0.048828125,0.29296875,-0.69580078125,0.30517578125,0.10986328125,-0.20751953125,0.439453125,0.42724609375,1.11083984375,-0.1220703125,-0.0732421875,-0.06103515625,-0.1220703125,-0.0732421875,-0.76904296875,-0.3173828125,0.9521484375,-0.3662109375,0.25634765625,-0.4150390625,-0.1708984375,-0.048828125,-0.84228515625,-0.13427734375,-0.37841796875,0,-0.732421875,0.5615234375,-0.244140625,-0.10986328125,-0.67138671875,0.2685546875,0.29296875,-0.57373046875,0.537109375,0.09765625,1.416015625,0.244140625,0.50048828125,0.13427734375,-0.20751953125,-0.28076171875,0.74462890625,0.01220703125,0.62255859375,1.0986328125,0.48828125,-0.048828125,0.86669921875,0.54931640625,0.15869140625,-0.341796875,0.244140625,-0.06103515625,1.06201171875,-0.1708984375,0.18310546875,-0.23193359375,0.23193359375,-0.25634765625,0.28076171875,-0.03662109375,0.927734375,0.13427734375,-0.01220703125,0.1708984375,1.3427734375,-0.15869140625,-0.93994140625,0.1220703125,-0.390625,-0.06103515625,-0.93994140625,0.18310546875,-0.74462890625,-0.18310546875,-1.52587890625,-0.1953125,-0.28076171875,0.30517578125,-0.25634765625,-0.08544921875,-1.0986328125,0.25634765625,-1.30615234375,0.1953125,-0.78125,-0.06103515625,-0.9521484375,-0.13427734375,-0.23193359375,0.146484375,-0.68359375,-0.45166015625,-1.416015625,-0.1953125,-1.025390625,0.1220703125,0.4150390625,-0.13427734375,2.86865234375,-0.15869140625,2.69775390625,-0.06103515625,1.67236328125,-0.3662109375,5.126953125,-0.01220703125,-0.03662109375,0.0244140625,0.86669921875,-0.10986328125,-0.439453125,-0.06103515625,-0.50048828125
0,-0.25634765625,-0.341796875,0.1220703125,-0.03662109375,0.01220703125,-0.3662109375,-0.09765625,-0.01220703125,-0.1220703125,-0.62255859375,0.48828125,-1.4892578125,-0.2197265625,-0.20751953125,0.3173828125,-0.78125,0.341796875,0.10986328125,-0.15869140625,0.4150390625,0.537109375,1.11083984375,-0.08544921875,-0.1220703125,-0.03662109375,-0.146484375,-0.15869140625,-0.78125,-0.32958984375,0.927734375,-0.3662109375,0.244140625,-0.42724609375,-0.1708984375,0.08544921875,-0.81787109375,-0.10986328125,-0.35400390625,0.0732421875,-0.72021484375,0.537109375,-0.18310546875,0.06103515625,-0.67138671875,0.23193359375,0.3662109375,-0.52490234375,0.537109375,0.1708984375,1.45263671875,0.244140625,0.47607421875,0.2685546875,-0.18310546875,-0.1953125,0.74462890625,-0.1220703125,0.64697265625,0.98876953125,0.50048828125,-0.0732421875,0.8056640625,0.54931640625,0.13427734375,-0.32958984375,0.2685546875,0.0244140625,1.08642578125,-0.13427734375,0.1708984375,-0.23193359375,0.23193359375,-0.244140625,0.28076171875,-0.01220703125,0.9033203125,0.09765625,0.01220703125,0.244140625,1.35498046875,-0.09765625,-0.93994140625,0.0732421875,-0.3662109375,-0.0732421875,-0.9521484375,0.1953125,-0.732421875,-0.13427734375,-1.513671875,-0.20751953125,-0.28076171875,0.390625,-0.2685546875,0,-1.0986328125,0.29296875,-1.55029296875,0.09765625,-0.830078125,0.01220703125,-0.9765625,-0.244140625,-0.2685546875,0.244140625,-0.67138671875,-0.341796875,-1.416015625,-0.1708984375,-1.025390625,0.048828125,0.40283203125,-0.146484375,2.6123046875,-0.146484375,2.44140625,-0.08544921875,1.513671875,-0.3173828125,4.45556640625,0.01220703125,-0.03662109375,0.03662109375,0.87890625,-0.08544921875,-0.40283203125,-0.0732421875,-0.47607421875
0,-0.25634765625,-0.35400390625,0.146484375,0.01220703125,-0.01220703125,-0.37841796875,-0.13427734375,-0.0244140625,-0.06103515625,-0.64697265625,0.42724609375,-1.513671875,-0.23193359375,-0.29296875,0.32958984375,-0.8056640625,0.3662109375,0.0732421875,-0.08544921875,0.37841796875,0.6103515625,1.13525390625,0.01220703125,-0.146484375,-0.01220703125,-0.15869140625,-0.18310546875,-0.76904296875,-0.32958984375,0.91552734375,-0.32958984375,0.244140625,-0.32958984375,-0.18310546875,0.244140625,-0.8056640625,-0.10986328125,-0.32958984375,0.15869140625,-0.72021484375,0.50048828125,-0.13427734375,0.18310546875,-0.67138671875,0.03662109375,0.390625,-0.47607421875,0.57373046875,0.25634765625,1.416015625,0.1953125,0.48828125,0.390625,-0.1953125,-0.146484375,0.74462890625,-0.2197265625,0.67138671875,0.91552734375,0.48828125,-0.0244140625,0.732421875,0.52490234375,0.1220703125,-0.244140625,0.25634765625,0.08544921875,1.07421875,-0.1220703125,0.1708984375,-0.2197265625,0.23193359375,-0.23193359375,0.28076171875,-0.03662109375,0.89111328125,0.13427734375,0.0244140625,0.25634765625,1.35498046875,-0.0244140625,-0.9521484375,0.03662109375,-0.3662109375,-0.0732421875,-0.93994140625,0.1220703125,-0.7568359375,-0.10986328125,-1.513671875,-0.1708984375,-0.29296875,0.439453125,-0.244140625,0.09765625,-1.11083984375,0.2685546875,-1.4404296875,0,-0.74462890625,0.09765625,-0.927734375,-0.341796875,-0.2197265625,0.28076171875,-0.6591796875,-0.146484375,-1.40380859375,-0.13427734375,-1.01318359375,-0.0244140625,0.4150390625,-0.18310546875,2.2705078125,-0.1708984375,2.13623046875,-0.08544921875,1.318359375,-0.244140625,3.64990234375,0.0244140625,-0.048828125,0.01220703125,0.89111328125,-0.09765625,-0.37841796875,-0.0244140625,-0.4638671875
0,-0.25634765625,-0.3662109375,0.10986328125,0.048828125,-0.048828125,-0.390625,-0.18310546875,0,-0.01220703125,-0.6103515625,0.341796875,-1.47705078125,-0.25634765625,-0.20751953125,0.35400390625,-0.74462890625,0.35400390625,0.06103515625,-0.0732421875,0.32958984375,0.57373046875,1.25732421875,0.048828125,-0.1953125,0,-0.18310546875,-0.1953125,-0.78125,-0.28076171875,0.91552734375,-0.244140625,0.25634765625,-0.3173828125,-0.15869140625,0.35400390625,-0.7568359375,-0.10986328125,-0.28076171875,0.244140625,-0.7080078125,0.45166015625,-0.09765625,0.28076171875,-0.67138671875,-0.09765625,0.35400390625,-0.3662109375,0.57373046875,0.3173828125,1.37939453125,0.13427734375,0.47607421875,0.48828125,-0.1708984375,-0.09765625,0.76904296875,-0.244140625,0.7080078125,0.830078125,0.48828125,0.03662109375,0.64697265625,0.42724609375,0.13427734375,-0.18310546875,0.25634765625,0.10986328125,1.08642578125,-0.08544921875,0.1708984375,-0.244140625,0.244140625,-0.146484375,0.30517578125,-0.01220703125,0.87890625,0.146484375,0.03662109375,0.28076171875,1.35498046875,-0.01220703125,-0.9521484375,-0.0244140625,-0.341796875,-0.0732421875,-0.93994140625,0.048828125,-0.76904296875,-0.03662109375,-1.513671875,-0.13427734375,-0.28076171875,0.439453125,-0.244140625,0.18310546875,-1.13525390625,0.2685546875,-0.9521484375,-0.06103515625,-0.6103515625,0.13427734375,-0.830078125,-0.40283203125,-0.08544921875,0.2197265625,-0.6591796875,0.03662109375,-1.42822265625,-0.0732421875,-1.01318359375,-0.0732421875,0.439453125,-0.1953125,1.9287109375,-0.15869140625,1.7822265625,-0.08544921875,1.07421875,-0.1708984375,2.734375,0.048828125,-0.06103515625,0.03662109375,0.89111328125,-0.0732421875,-0.37841796875,0.01220703125,-0.439453125
1,-0.2685546875,-0.3662109375,0.146484375,0.10986328125,-0.048828125,-0.390625,-0.18310546875,-0.01220703125,0.01220703125,-0.54931640625,0.29296875,-1.40380859375,-0.3173828125,0.01220703125,0.37841796875,-0.6591796875,0.35400390625,0.08544921875,0.0732421875,0.341796875,0.48828125,1.46484375,0.08544921875,-0.15869140625,-0.0244140625,-0.18310546875,-0.15869140625,-0.7568359375,-0.2197265625,0.93994140625,-0.13427734375,0.25634765625,-0.29296875,-0.1953125,0.4638671875,-0.76904296875,-0.1220703125,-0.29296875,0.25634765625,-0.67138671875,0.35400390625,-0.09765625,0.30517578125,-0.67138671875,-0.0732421875,0.25634765625,-0.28076171875,0.62255859375,0.2685546875,1.30615234375,0.03662109375,0.4638671875,0.537109375,-0.15869140625,-0.1220703125,0.7568359375,-0.2197265625,0.7080078125,0.7568359375,0.47607421875,0.10986328125,0.54931640625,0.35400390625,0.15869140625,-0.13427734375,0.25634765625,0.1220703125,1.11083984375,-0.03662109375,0.20751953125,-0.25634765625,0.244140625,-0.08544921875,0.3173828125,-0.0244140625,0.87890625,0.1708984375,0.048828125,0.244140625,1.37939453125,-0.0244140625,-0.9521484375,-0.0732421875,-0.32958984375,-0.0732421875,-0.91552734375,-0.08544921875,-0.7568359375,0.048828125,-1.4892578125,-0.0732421875,-0.28076171875,0.439453125,-0.25634765625,0.244140625,-1.171875,0.23193359375,-0.1708984375,-0.10986328125,-0.40283203125,0.15869140625,-0.67138671875,-0.40283203125,0.13427734375,0.18310546875,-0.6591796875,0.18310546875,-1.4404296875,-0.01220703125,-1.01318359375,-0.08544921875,0.45166015625,-0.15869140625,1.5625,-0.1220703125,1.3671875,-0.0732421875,0.78125,-0.09765625,1.81884765625,0.06103515625,-0.06103515625,0.048828125,0.9033203125,-0.08544921875,-0.390625,0.0244140625,-0.439453125
1,-0.2685546875,-0.390625,0.146484375,0.13427734375,-0.06103515625,-0.390625,-0.23193359375,0.0244140625,0.01220703125,-0.4638671875,0.1953125,-1.28173828125,-0.37841796875,0.30517578125,0.3662109375,-0.537109375,0.3173828125,0.2197265625,0.1220703125,0.42724609375,0.29296875,1.77001953125,0.1220703125,-0.0732421875,-0.03662109375,-0.18310546875,-0.09765625,-0.7568359375,-0.15869140625,0.9521484375,-0.0244140625,0.244140625,-0.244140625,-0.20751953125,0.439453125,-0.78125,-0.13427734375,-0.3173828125,0.23193359375,-0.68359375,0.341796875,-0.10986328125,0.2685546875,-0.68359375,-0.09765625,0.09765625,-0.29296875,0.634765625,0.18310546875,1.220703125,-0.0244140625,0.48828125,0.5126953125,-0.10986328125,-0.1953125,0.79345703125,-0.20751953125,0.732421875,0.732421875,0.47607421875,0.1220703125,0.50048828125,0.2685546875,0.15869140625,-0.01220703125,0.28076171875,0.13427734375,1.0986328125,0,0.2197265625,-0.28076171875,0.2685546875,0.0244140625,0.341796875,-0.01220703125,0.86669921875,0.1953125,0.08544921875,0.2197265625,1.37939453125,-0.06103515625,-0.9521484375,-0.10986328125,-0.30517578125,-0.09765625,-0.91552734375,-0.23193359375,-0.74462890625,0.0732421875,-1.47705078125,0.01220703125,-0.2685546875,0.40283203125,-0.2685546875,0.2685546875,-1.1962890625,0.01220703125,0.830078125,-0.10986328125,-0.13427734375,0.146484375,-0.45166015625,-0.341796875,0.40283203125,0.13427734375,-0.68359375,0.2685546875,-1.42822265625,0.01220703125,-1.01318359375,-0.06103515625,0.4638671875,-0.18310546875,1.1962890625,-0.1708984375,1.0009765625,-0.0732421875,0.52490234375,-0.146484375,0.98876953125,0.09765625,-0.03662109375,0.03662109375,0.91552734375,-0.10986328125,-0.390625,0.03662109375,-0.45166015625
1,-0.25634765625,-0.37841796875,0.18310546875,0.10986328125,-0.08544921875,-0.40283203125,-0.20751953125,0.03662109375,-0.01220703125,-0.37841796875,0.13427734375,-1.1962890625,-0.37841796875,0.634765625,0.32958984375,-0.390625,0.28076171875,0.439453125,-0.0244140625,0.6591796875,0.0732421875,2.18505859375,0.10986328125,0.13427734375,-0.048828125,-0.18310546875,-0.03662109375,-0.76904296875,-0.10986328125,0.9521484375,0.03662109375,0.2685546875,-0.20751953125,-0.23193359375,0.37841796875,-0.8056640625,-0.1708984375,-0.35400390625,0.23193359375,-0.69580078125,0.32958984375,-0.1708984375,0.1708984375,-0.69580078125,-0.10986328125,-0.0732421875,-0.2685546875,0.634765625,0.10986328125,1.171875,-0.0244140625,0.5126953125,0.4150390625,-0.08544921875,-0.29296875,0.79345703125,-0.20751953125,0.72021484375,0.7568359375,0.4638671875,0.1953125,0.45166015625,0.20751953125,0.1708984375,0.08544921875,0.25634765625,0.1220703125,1.11083984375,0.03662109375,0.23193359375,-0.32958984375,0.28076171875,0.08544921875,0.32958984375,0.03662109375,0.89111328125,0.18310546875,0.0732421875,0.1953125,1.37939453125,-0.1220703125,-0.9521484375,-0.13427734375,-0.2685546875,-0.146484375,-0.9033203125,-0.35400390625,-0.732421875,0.09765625,-1.4892578125,0.1220703125,-0.244140625,0.32958984375,-0.2685546875,0.29296875,-1.23291015625,-0.2197265625,1.94091796875,-0.10986328125,0.146484375,0.06103515625,-0.2197265625,-0.2685546875,0.67138671875,0.1220703125,-0.68359375,0.2685546875,-1.416015625,0.0244140625,-1.025390625,-0.06103515625,0.47607421875,-0.15869140625,0.93994140625,-0.1708984375,0.72021484375,-0.0732421875,0.3173828125,-0.09765625,0.390625,0.09765625,-0.0244140625,0.01220703125,0.9033203125,-0.0732421875,-0.40283203125,0.08544921875,-0.4638671875
1,-0.2685546875,-0.35400390625,0.146484375,0.0732421875,-0.0732421875,-0.37841796875,-0.1953125,0.0244140625,-0.0244140625,-0.29296875,0.10986328125,-1.0986328125,-0.32958984375,0.927734375,0.29296875,-0.3173828125,0.23193359375,0.830078125,-0.08544921875,0.9765625,0,2.7587890625,0.03662109375,0.47607421875,-0.048828125,-0.1708984375,0.03662109375,-0.7568359375,-0.0732421875,0.96435546875,0.09765625,0.25634765625,-0.09765625,-0.25634765625,0.2685546875,-0.84228515625,-0.2197265625,-0.40283203125,0.2197265625,-0.68359375,0.30517578125,-0.2197265625,0.048828125,-0.68359375,-0.09765625,-0.244140625,-0.28076171875,0.62255859375,0.0732421875,1.1474609375,-0.048828125,0.5126953125,0.29296875,-0.08544921875,-0.32958984375,0.79345703125,-0.20751953125,0.72021484375,0.78125,0.47607421875,0.18310546875,0.45166015625,0.18310546875,0.1708984375,0.23193359375,0.25634765625,0.13427734375,1.11083984375,0.0732421875,0.25634765625,-0.30517578125,0.2685546875,0.09765625,0.341796875,0.03662109375,0.93994140625,0.20751953125,0.0732421875,0.15869140625,1.3916015625,-0.20751953125,-0.9521484375,-0.1708984375,-0.2685546875,-0.1953125,-0.927734375,-0.42724609375,-0.7568359375,0.10986328125,-1.4892578125,0.1953125,-0.25634765625,0.28076171875,-0.29296875,0.2685546875,-1.23291015625,-0.3173828125,3.02734375,-0.08544921875,0.42724609375,-0.0244140625,0.01220703125,-0.13427734375,0.93994140625,0.1708984375,-0.69580078125,0.244140625,-1.416015625,0.01220703125,-1.0009765625,0.0244140625,0.48828125,-0.10986328125,0.8056640625,-0.146484375,0.54931640625,-0.06103515625,0.23193359375,-0.0732421875,0.10986328125,0.09765625,-0.01220703125,0.03662109375,0.86669921875,-0.0732421875,-0.40283203125,0.048828125,-0.45166015625
1,-0.2685546875,-0.35400390625,0.1708984375,0,-0.0732421875,-0.3662109375,-0.15869140625,0.01220703125,-0.10986328125,-0.244140625,0.09765625,-1.0498046875,-0.20751953125,1.123046875,0.2197265625,-0.244140625,0.2197265625,1.33056640625,-0.1708984375,1.42822265625,-0.06103515625,3.40576171875,-0.048828125,0.9033203125,-0.0244140625,-0.13427734375,0.0732421875,-0.78125,-0.0244140625,0.9765625,0.09765625,0.25634765625,0.01220703125,-0.28076171875,0.13427734375,-0.87890625,-0.25634765625,-0.42724609375,0.1708984375,-0.69580078125,0.28076171875,-0.25634765625,-0.08544921875,-0.69580078125,-0.18310546875,-0.4150390625,-0.32958984375,0.62255859375,0.09765625,1.1474609375,0,0.537109375,0.15869140625,-0.09765625,-0.40283203125,0.79345703125,-0.13427734375,0.67138671875,0.830078125,0.4638671875,0.20751953125,0.48828125,0.18310546875,0.1708984375,0.32958984375,0.25634765625,0.10986328125,1.0986328125,0.10986328125,0.25634765625,-0.29296875,0.2685546875,0.08544921875,0.341796875,0.1220703125,0.93994140625,0.1953125,0.06103515625,0.08544921875,1.3916015625,-0.25634765625,-0.927734375,-0.1708984375,-0.25634765625,-0.244140625,-0.93994140625,-0.4150390625,-0.76904296875,0.0732421875,-1.4892578125,0.23193359375,-0.244140625,0.244140625,-0.29296875,0.20751953125,-1.20849609375,-0.4150390625,3.99169921875,-0.0732421875,0.68359375,-0.08544921875,0.20751953125,-0.03662109375,1.1962890625,0.1708984375,-0.68359375,0.1708984375,-1.3916015625,0.01220703125,-1.0009765625,0.10986328125,0.48828125,-0.13427734375,0.8544921875,-0.1953125,0.57373046875,-0.08544921875,0.244140625,-0.20751953125,0.3173828125,0.08544921875,0,0.048828125,0.830078125,-0.0244140625,-0.42724609375,0.0244140625,-0.45166015625
1,-0.25634765625,-0.341796875,0.146484375,-0.09765625,-0.048828125,-0.341796875,-0.10986328125,0,-0.18310546875,-0.2197265625,0.13427734375,-1.025390625,-0.1708984375,1.1474609375,0.1953125,-0.25634765625,0.1708984375,1.9287109375,-0.18310546875,1.96533203125,-0.18310546875,4.1259765625,-0.2197265625,1.40380859375,0.0244140625,-0.10986328125,0.06103515625,-0.7568359375,0,0.9765625,0.09765625,0.244140625,0.08544921875,-0.2685546875,0.0244140625,-0.89111328125,-0.30517578125,-0.4638671875,0.0732421875,-0.69580078125,0.2685546875,-0.29296875,-0.15869140625,-0.69580078125,-0.2685546875,-0.537109375,-0.4150390625,0.5859375,0.0732421875,1.20849609375,0.0244140625,0.52490234375,0.01220703125,-0.1220703125,-0.4150390625,0.79345703125,-0.048828125,0.6591796875,0.72021484375,0.47607421875,0.09765625,0.537109375,0.2197265625,0.15869140625,0.37841796875,0.25634765625,0.10986328125,1.08642578125,0.1220703125,0.23193359375,-0.2685546875,0.25634765625,0.048828125,0.341796875,0.1220703125,0.93994140625,0.1953125,0.0732421875,0.06103515625,1.37939453125,-0.35400390625,-0.927734375,-0.1953125,-0.25634765625,-0.25634765625,-0.9521484375,-0.30517578125,-0.74462890625,0.048828125,-1.4892578125,0.23193359375,-0.2685546875,0.244140625,-0.28076171875,0.146484375,-1.20849609375,-0.4150390625,4.7607421875,-0.09765625,0.9033203125,-0.146484375,0.37841796875,0.048828125,1.3916015625,0.20751953125,-0.68359375,0.0732421875,-1.3916015625,-0.01220703125,-1.0009765625,0.23193359375,0.47607421875,-0.1220703125,1.11083984375,-0.1708984375,0.79345703125,-0.09765625,0.439453125,-0.13427734375,0.927734375,0.0732421875,0.01220703125,0.0732421875,0.830078125,-0.0244140625,-0.439453125,-0.01220703125,-0.439453125
1,-0.2685546875,-0.3173828125,0.15869140625,-0.2197265625,-0.01220703125,-0.35400390625,-0.048828125,-0.0244140625,-0.244140625,-0.244140625,0.18310546875,-1.07421875,-0.18310546875,1.06201171875,0.146484375,-0.341796875,0.15869140625,2.6123046875,-0.28076171875,2.57568359375,-0.13427734375,4.89501953125,-0.42724609375,1.9287109375,0.09765625,-0.1220703125,0.06103515625,-0.76904296875,0,0.98876953125,0.06103515625,0.2685546875,0.1220703125,-0.2685546875,-0.03662109375,-0.87890625,-0.32958984375,-0.439453125,-0.01220703125,-0.7080078125,0.23193359375,-0.30517578125,-0.18310546875,-0.68359375,-0.341796875,-0.59814453125,-0.48828125,0.5859375,-0.06103515625,1.2939453125,0.09765625,0.5126953125,-0.146484375,-0.15869140625,-0.42724609375,0.76904296875,0.01220703125,0.6591796875,0.69580078125,0.4638671875,0.06103515625,0.57373046875,0.2685546875,0.13427734375,0.439453125,0.244140625,0.10986328125,1.0986328125,0.08544921875,0.2197265625,-0.23193359375,0.244140625,0.03662109375,0.30517578125,0.13427734375,0.96435546875,0.20751953125,0.06103515625,0.01220703125,1.37939453125,-0.3662109375,-0.927734375,-0.1953125,-0.29296875,-0.2685546875,-0.96435546875,-0.18310546875,-0.7568359375,0.06103515625,-1.4892578125,0.1953125,-0.25634765625,0.2685546875,-0.28076171875,0.01220703125,-1.18408203125,-0.3662109375,5.2978515625,-0.10986328125,1.03759765625,-0.146484375,0.50048828125,0.10986328125,1.5380859375,0.18310546875,-0.69580078125,-0.01220703125,-1.40380859375,-0.0244140625,-1.01318359375,0.3173828125,0.45166015625,-0.0732421875,1.55029296875,-0.1708984375,1.25732421875,-0.0732421875,0.79345703125,-0.0732421875,1.96533203125,0.06103515625,0,0.0732421875,0.830078125,-0.0244140625,-0.4150390625,-0.0244140625,-0.4638671875
1,-0.244140625,-0.3173828125,0.18310546875,-0.3173828125,-0.048828125,-0.3662109375,-0.01220703125,-0.0244140625,-0.23193359375,-0.29296875,0.20751953125,-1.13525390625,-0.18310546875,0.87890625,0.1220703125,-0.40283203125,0.18310546875,3.25927734375,-0.29296875,3.173828125,-0.048828125,5.60302734375,-0.52490234375,2.42919921875,0.1708984375,-0.1220703125,-0.01220703125,-0.76904296875,-0.0244140625,1.0009765625,0.03662109375,0.244140625,0.03662109375,-0.25634765625,0.0244140625,-0.86669921875,-0.35400390625,-0.42724609375,-0.1220703125,-0.7080078125,0.2197265625,-0.30517578125,-0.15869140625,-0.67138671875,-0.40283203125,-0.62255859375,-0.537109375,0.57373046875,-0.15869140625,1.35498046875,0.1953125,0.50048828125,-0.25634765625,-0.1953125,-0.4150390625,0.74462890625,0.01220703125,0.634765625,0.5859375,0.47607421875,-0.01220703125,0.6103515625,0.2685546875,0.13427734375,0.47607421875,0.28076171875,0.08544921875,1.0986328125,0.09765625,0.1953125,-0.20751953125,0.23193359375,0.0244140625,0.3173828125,0.15869140625,0.93994140625,0.20751953125,0.06103515625,-0.03662109375,1.3671875,-0.35400390625,-0.9521484375,-0.1953125,-0.3173828125,-0.23193359375,-0.9765625,-0.048828125,-0.76904296875,0,-1.513671875,0.10986328125,-0.25634765625,0.2197265625,-0.29296875,-0.10986328125,-1.171875,-0.30517578125,5.60302734375,-0.20751953125,1.0986328125,-0.1220703125,0.5859375,0.10986328125,1.6357421875,0.10986328125,-0.69580078125,-0.09765625,-1.3916015625,-0.01220703125,-1.0009765625,0.390625,0.439453125,-0.06103515625,2.197265625,-0.18310546875,1.8798828125,-0.048828125,1.2451171875,-0.20751953125,3.3203125,0.08544921875,0.01220703125,0.06103515625,0.830078125,-0.0244140625,-0.42724609375,-0.03662109375,-0.4638671875
1,-0.244140625,-0.32958984375,0.1708984375,-0.37841796875,-0.03662109375,-0.37841796875,0.0244140625,-0.01220703125,-0.244140625,-0.37841796875,0.1708984375,-1.20849609375,-0.2197265625,0.64697265625,0.08544921875,-0.48828125,0.18310546875,3.8330078125,-0.2685546875,3.7109375,-0.03662109375,6.21337890625,-0.5859375,2.86865234375,0.2197265625,-0.13427734375,-0.048828125,-0.79345703125,-0.048828125,0.9765625,0,0.244140625,-0.1220703125,-0.25634765625,0.0732421875,-0.84228515625,-0.32958984375,-0.40283203125,-0.18310546875,-0.7080078125,0.2685546875,-0.2685546875,-0.1220703125,-0.68359375,-0.37841796875,-0.5615234375,-0.5615234375,0.54931640625,-0.244140625,1.42822265625,0.28076171875,0.48828125,-0.29296875,-0.1953125,-0.37841796875,0.76904296875,0.01220703125,0.634765625,0.45166015625,0.47607421875,-0.08544921875,0.64697265625,0.244140625,0.10986328125,0.47607421875,0.28076171875,0.06103515625,1.06201171875,0.06103515625,0.15869140625,-0.1220703125,0.23193359375,0.048828125,0.29296875,0.1220703125,0.927734375,0.23193359375,0.03662109375,-0.048828125,1.3671875,-0.32958984375,-0.9765625,-0.20751953125,-0.341796875,-0.2197265625,-0.96435546875,0.03662109375,-0.74462890625,-0.0244140625,-1.4892578125,0.01220703125,-0.25634765625,0.1220703125,-0.29296875,-0.2197265625,-1.1474609375,-0.1953125,5.67626953125,-0.25634765625,1.123046875,-0.09765625,0.6103515625,0.048828125,1.66015625,0.06103515625,-0.67138671875,-0.10986328125,-1.37939453125,-0.01220703125,-1.0009765625,0.40283203125,0.45166015625,-0.08544921875,2.9296875,-0.23193359375,2.64892578125,-0.08544921875,1.7822265625,-0.25634765625,4.87060546875,0.08544921875,0,0.0732421875,0.86669921875,-0.048828125,-0.40283203125,-0.03662109375,-0.45166015625
1,-0.23193359375,-0.32958984375,0.1708984375,-0.390625,-0.0244140625,-0.390625,0.0244140625,0.0244140625,-0.15869140625,-0.42724609375,0.20751953125,-1.2939453125,-0.1953125,0.390625,0.1220703125,-0.5615234375,0.146484375,4.3212890625,-0.2197265625,4.150390625,-0.146484375,6.7138671875,-0.5615234375,3.21044921875,0.244140625,-0.13427734375,-0.06103515625,-0.79345703125,-0.10986328125,0.9765625,-0.06103515625,0.23193359375,-0.32958984375,-0.2685546875,0.1220703125,-0.830078125,-0.25634765625,-0.4150390625,-0.1953125,-0.7080078125,0.32958984375,-0.23193359375,-0.0244140625,-0.69580078125,-0.42724609375,-0.48828125,-0.52490234375,0.537109375,-0.2197265625,1.4404296875,0.390625,0.47607421875,-0.29296875,-0.20751953125,-0.35400390625,0.74462890625,-0.01220703125,0.6591796875,0.341796875,0.48828125,-0.146484375,0.6591796875,0.15869140625,0.09765625,0.5126953125,0.30517578125,0.0244140625,1.08642578125,0.048828125,0.146484375,-0.09765625,0.244140625,0.03662109375,0.29296875,0.0732421875,0.89111328125,0.20751953125,0.048828125,-0.03662109375,1.35498046875,-0.25634765625,-0.9765625,-0.18310546875,-0.32958984375,-0.146484375,-0.9521484375,0.0732421875,-0.732421875,-0.03662109375,-1.50146484375,-0.0732421875,-0.23193359375,0.03662109375,-0.29296875,-0.244140625,-1.13525390625,-0.15869140625,5.56640625,-0.30517578125,1.11083984375,-0.08544921875,0.5859375,-0.01220703125,1.6357421875,-0.0244140625,-0.67138671875,-0.0732421875,-1.40380859375,-0.048828125,-1.01318359375,0.35400390625,0.439453125,-0.06103515625,3.7353515625,-0.18310546875,3.47900390625,-0.048828125,2.33154296875,-0.2685546875,6.494140625,0.08544921875,0.01220703125,0.048828125,0.89111328125,-0.0732421875,-0.4150390625,-0.048828125,-0.45166015625
1,-0.2685546875,-0.341796875,0.1708984375,-0.40283203125,-0.0244140625,-0.4150390625,0.0244140625,0.048828125,-0.0732421875,-0.48828125,0.1708984375,-1.33056640625,-0.2197265625,0.244140625,0.1220703125,-0.57373046875,0.13427734375,4.62646484375,-0.0732421875,4.45556640625,-0.20751953125,7.0068359375,-0.390625,3.40576171875,0.2197265625,-0.146484375,-0.048828125,-0.78125,-0.1953125,0.9765625,-0.08544921875,0.23193359375,-0.5615234375,-0.2685546875,0.13427734375,-0.79345703125,-0.1953125,-0.37841796875,-0.20751953125,-0.7080078125,0.390625,-0.20751953125,0.06103515625,-0.69580078125,-0.42724609375,-0.390625,-0.4638671875,0.5126953125,-0.0244140625,1.3916015625,0.439453125,0.47607421875,-0.2197265625,-0.1953125,-0.35400390625,0.76904296875,0.01220703125,0.69580078125,0.20751953125,0.48828125,-0.20751953125,0.62255859375,0.09765625,0.10986328125,0.48828125,0.32958984375,-0.03662109375,1.06201171875,0.06103515625,0.146484375,-0.09765625,0.244140625,0.0244140625,0.32958984375,0,0.87890625,0.18310546875,0.06103515625,-0.0244140625,1.3671875,-0.20751953125,-0.9521484375,-0.1220703125,-0.341796875,-0.06103515625,-0.9521484375,0.0732421875,-0.732421875,-0.048828125,-1.47705078125,-0.146484375,-0.20751953125,-0.08544921875,-0.28076171875,-0.15869140625,-1.15966796875,-0.09765625,5.2734375,-0.28076171875,1.025390625,-0.10986328125,0.52490234375,-0.06103515625,1.5625,-0.09765625,-0.67138671875,-0.01220703125,-1.416015625,-0.10986328125,-0.98876953125,0.25634765625,0.439453125,-0.06103515625,4.47998046875,-0.1953125,4.296875,-0.08544921875,2.880859375,-0.390625,8.0078125,0.08544921875,0.0244140625,0.06103515625,0.91552734375,-0.09765625,-0.42724609375,-0.06103515625,-0.4638671875
1,-0.29296875,-0.3662109375,0.146484375,-0.37841796875,0,-0.390625,0.0244140625,0.048828125,-0.03662109375,-0.5126953125,0.1220703125,-1.35498046875,-0.244140625,0.15869140625,0.13427734375,-0.57373046875,0.09765625,4.78515625,0.1220703125,4.60205078125,-0.2197265625,7.1533203125,-0.23193359375,3.466796875,0.1220703125,-0.1708984375,-0.0244140625,-0.76904296875,-0.25634765625,0.9521484375,-0.15869140625,0.23193359375,-0.634765625,-0.28076171875,0.08544921875,-0.78125,-0.13427734375,-0.3662109375,-0.23193359375,-0.7080078125,0.48828125,-0.146484375,0.10986328125,-0.68359375,-0.45166015625,-0.29296875,-0.42724609375,0.52490234375,0.03662109375,1.30615234375,0.40283203125,0.4638671875,-0.146484375,-0.1708984375,-0.28076171875,0.74462890625,0.01220703125,0.68359375,0.03662109375,0.48828125,-0.23193359375,0.57373046875,0.15869140625,0.1220703125,0.48828125,0.35400390625,-0.10986328125,1.07421875,0.03662109375,0.18310546875,-0.09765625,0.244140625,-0.01220703125,0.3173828125,-0.08544921875,0.86669921875,0.1953125,0.048828125,0,1.37939453125,-0.18310546875,-0.96435546875,-0.0732421875,-0.32958984375,0.0244140625,-0.927734375,0.06103515625,-0.732421875,-0.06103515625,-1.47705078125,-0.1708984375,-0.1953125,-0.15869140625,-0.28076171875,-0.03662109375,-1.171875,-0.09765625,4.8583984375,-0.18310546875,0.91552734375,-0.146484375,0.45166015625,-0.1220703125,1.4404296875,-0.09765625,-0.68359375,0.06103515625,-1.4404296875,-0.146484375,-1.025390625,0.15869140625,0.45166015625,-0.09765625,5.13916015625,-0.20751953125,5.01708984375,-0.08544921875,3.38134765625,-0.390625,9.33837890625,0.1220703125,0.01220703125,0.048828125,0.93994140625,-0.146484375,-0.390625,-0.048828125,-0.45166015625
1,-0.2685546875,-0.35400390625,0.146484375,-0.32958984375,-0.03662109375,-0.40283203125,-0.01220703125,0.0732421875,0.048828125,-0.48828125,0.146484375,-1.33056640625,-0.244140625,0.2197265625,0.1708984375,-0.54931640625,0.08544921875,4.74853515625,0.3173828125,4.6142578125,-0.15869140625,7.1533203125,0.01220703125,3.43017578125,0,-0.18310546875,-0.0244140625,-0.76904296875,-0.32958984375,0.927734375,-0.25634765625,0.244140625,-0.6103515625,-0.29296875,0.048828125,-0.78125,-0.08544921875,-0.390625,-0.1708984375,-0.7080078125,0.5859375,-0.1708984375,0.1220703125,-0.7080078125,-0.47607421875,-0.23193359375,-0.390625,0.48828125,0.06103515625,1.220703125,0.32958984375,0.50048828125,-0.09765625,-0.1220703125,-0.20751953125,0.76904296875,0.0244140625,0.72021484375,-0.048828125,0.50048828125,-0.28076171875,0.537109375,0.20751953125,0.146484375,0.42724609375,0.3173828125,-0.20751953125,1.08642578125,0.01220703125,0.18310546875,-0.10986328125,0.25634765625,-0.0732421875,0.35400390625,-0.08544921875,0.8544921875,0.18310546875,0.0732421875,0,1.37939453125,-0.1220703125,-0.9521484375,-0.0244140625,-0.3173828125,0.08544921875,-0.927734375,0.06103515625,-0.7080078125,-0.08544921875,-1.4892578125,-0.1953125,-0.18310546875,-0.18310546875,-0.28076171875,0.08544921875,-1.18408203125,-0.1220703125,4.345703125,-0.10986328125,0.76904296875,-0.20751953125,0.341796875,-0.1220703125,1.28173828125,-0.08544921875,-0.69580078125,0.1220703125,-1.4404296875,-0.23193359375,-1.025390625,0.09765625,0.4638671875,-0.03662109375,5.62744140625,-0.146484375,5.615234375,-0.06103515625,3.759765625,-0.3173828125,10.33935546875,0.1220703125,0.03662109375,0.03662109375,0.93994140625,-0.13427734375,-0.4150390625,-0.03662109375,-0.45166015625
1,-0.28076171875,-0.3662109375,0.09765625,-0.30517578125,-0.03662109375,-0.37841796875,-0.0244140625,0.08544921875,0,-0.45166015625,0.146484375,-1.26953125,-0.25634765625,0.35400390625,0.15869140625,-0.4638671875,0.0732421875,4.58984375,0.42724609375,4.4677734375,-0.18310546875,7.03125,0.1708984375,3.2958984375,-0.146484375,-0.1708984375,-0.03662109375,-0.76904296875,-0.3662109375,0.91552734375,-0.3173828125,0.23193359375,-0.42724609375,-0.29296875,0.0244140625,-0.76904296875,-0.048828125,-0.390625,-0.10986328125,-0.7080078125,0.64697265625,-0.15869140625,0.09765625,-0.7080078125,-0.4150390625,-0.1708984375,-0.40283203125,0.50048828125,0.18310546875,1.123046875,0.20751953125,0.52490234375,-0.0244140625,-0.10986328125,-0.10986328125,0.79345703125,-0.01220703125,0.72021484375,-0.10986328125,0.52490234375,-0.28076171875,0.52490234375,0.23193359375,0.15869140625,0.341796875,0.30517578125,-0.2685546875,1.07421875,0.0244140625,0.2197265625,-0.146484375,0.25634765625,-0.10986328125,0.35400390625,-0.1708984375,0.87890625,0.23193359375,0.0732421875,-0.01220703125,1.3671875,-0.10986328125,-0.93994140625,0.01220703125,-0.30517578125,0.0732421875,-0.9033203125,0.03662109375,-0.7080078125,-0.08544921875,-1.47705078125,-0.1708984375,-0.1708984375,-0.15869140625,-0.2685546875,0.20751953125,-1.171875,-0.146484375,3.759765625,0.01220703125,0.5615234375,-0.244140625,0.2197265625,-0.13427734375,1.08642578125,0,-0.7080078125,0.13427734375,-1.45263671875,-0.25634765625,-1.01318359375,0.0732421875,0.47607421875,-0.06103515625,5.89599609375,-0.13427734375,6.005859375,-0.048828125,4.0283203125,-0.37841796875,11.0107421875,0.146484375,0.03662109375,0.01220703125,0.93994140625,-0.10986328125,-0.4150390625,-0.0732421875,-0.4638671875
0,-0.2685546875,-0.37841796875,0.1708984375,-0.2685546875,-0.0732421875,-0.3662109375,-0.03662109375,0.0732421875,-0.01220703125,-0.3662109375,0.2197265625,-1.171875,-0.2685546875,0.5859375,0.1220703125,-0.3662109375,0.15869140625,4.40673828125,0.42724609375,4.2724609375,-0.146484375,6.82373046875,0.244140625,3.13720703125,-0.2197265625,-0.15869140625,-0.0732421875,-0.732421875,-0.390625,0.927734375,-0.341796875,0.244140625,-0.20751953125,-0.30517578125,0.0244140625,-0.79345703125,-0.01220703125,-0.42724609375,0,-0.7080078125,0.6591796875,-0.1953125,0.06103515625,-0.7080078125,-0.40283203125,-0.1708984375,-0.3662109375,0.48828125,0.18310546875,1.07421875,0.10986328125,0.54931640625,0.03662109375,-0.09765625,-0.0732421875,0.8056640625,-0.1220703125,0.72021484375,-0.09765625,0.5126953125,-0.18310546875,0.5126953125,0.28076171875,0.1708984375,0.244140625,0.2685546875,-0.341796875,1.07421875,0.01220703125,0.244140625,-0.2197265625,0.244140625,-0.146484375,0.341796875,-0.15869140625,0.87890625,0.2685546875,0.08544921875,0.0244140625,1.35498046875,-0.06103515625,-0.91552734375,0.06103515625,-0.30517578125,0.01220703125,-0.9033203125,0.03662109375,-0.7080078125,-0.10986328125,-1.46484375,-0.09765625,-0.146484375,-0.13427734375,-0.28076171875,0.23193359375,-1.18408203125,-0.1953125,3.125,0.0732421875,0.35400390625,-0.30517578125,0.0732421875,-0.13427734375,0.86669921875,0.146484375,-0.732421875,0.10986328125,-1.45263671875,-0.30517578125,-1.01318359375,0.0732421875,0.47607421875,-0.048828125,5.9814453125,-0.146484375,6.16455078125,-0.0732421875,4.150390625,-0.40283203125,11.2548828125,0.146484375,0.0244140625,0,0.91552734375,-0.08544921875,-0.439453125,-0.08544921875,-0.45166015625
0,-0.2685546875,-0.390625,0.1708984375,-0.244140625,-0.08544921875,-0.3662109375,-0.03662109375,0.0244140625,-0.03662109375,-0.25634765625,0.3173828125,-1.11083984375,-0.23193359375,0.78125,0.10986328125,-0.29296875,0.1953125,4.150390625,0.4150390625,4.0283203125,-0.048828125,6.5673828125,0.18310546875,2.94189453125,-0.25634765625,-0.13427734375,-0.1220703125,-0.732421875,-0.3662109375,0.9521484375,-0.32958984375,0.244140625,-0.048828125,-0.29296875,0.08544921875,-0.81787109375,-0.01220703125,-0.48828125,0.10986328125,-0.69580078125,0.7080078125,-0.244140625,-0.06103515625,-0.7080078125,-0.15869140625,-0.1953125,-0.3173828125,0.4638671875,0.244140625,1.0498046875,0,0.52490234375,0.03662109375,-0.09765625,-0.0732421875,0.8056640625,-0.2197265625,0.7080078125,-0.048828125,0.54931640625,-0.08544921875,0.52490234375,0.3173828125,0.1708984375,0.13427734375,0.23193359375,-0.3662109375,1.07421875,0.01220703125,0.28076171875,-0.25634765625,0.244140625,-0.1953125,0.341796875,-0.1708984375,0.89111328125,0.29296875,0.06103515625,0.0244140625,1.3671875,-0.01220703125,-0.927734375,0.06103515625,-0.29296875,-0.0244140625,-0.927734375,0.01220703125,-0.72021484375,-0.13427734375,-1.50146484375,-0.06103515625,-0.1708984375,-0.0244140625,-0.28076171875,0.23193359375,-1.18408203125,-0.20751953125,2.4169921875,0.10986328125,0.15869140625,-0.29296875,-0.09765625,-0.10986328125,0.67138671875,0.28076171875,-0.7080078125,0.0732421875,-1.45263671875,-0.29296875,-1.025390625,0.048828125,0.4638671875,-0.048828125,5.8837890625,-0.146484375,6.103515625,-0.06103515625,4.1259765625,-0.42724609375,11.1572265625,0.146484375,0.048828125,-0.01220703125,0.9033203125,-0.048828125,-0.4150390625,-0.09765625,-0.47607421875
0,-0.244140625,-0.3662109375,0.1953125,-0.2197265625,-0.10986328125,-0.3662109375,-0.0244140625,0.03662109375,-0.1220703125,-0.20751953125,0.390625,-1.025390625,-0.2197265625,0.9765625,0.03662109375,-0.2197265625,0.3173828125,3.89404296875,0.4150390625,3.79638671875,0.09765625,6.298828125,0.09765625,2.79541015625,-0.25634765625,-0.13427734375,-0.1708984375,-0.74462890625,-0.35400390625,0.9521484375,-0.28076171875,0.244140625,0.09765625,-0.29296875,0.13427734375,-0.830078125,-0.06103515625,-0.48828125,0.1953125,-0.69580078125,0.72021484375,-0.2685546875,-0.10986328125,-0.72021484375,-0.10986328125,-0.2685546875,-0.28076171875,0.47607421875,0.15869140625,1.0498046875,-0.08544921875,0.5126953125,0.0244140625,-0.13427734375,-0.09765625,0.79345703125,-0.30517578125,0.68359375,0.0244140625,0.57373046875,0.10986328125,0.537109375,0.3173828125,0.15869140625,0.0732421875,0.18310546875,-0.341796875,1.06201171875,0.0244140625,0.29296875,-0.32958984375,0.23193359375,-0.244140625,0.32958984375,-0.13427734375,0.927734375,0.35400390625,0.09765625,0.01220703125,1.35498046875,0.048828125,-0.9033203125,0.048828125,-0.29296875,-0.08544921875,-0.9521484375,-0.01220703125,-0.74462890625,-0.1220703125,-1.50146484375,0.01220703125,-0.1953125,0.0732421875,-0.2685546875,0.1708984375,-1.1474609375,-0.23193359375,1.69677734375,0.13427734375,-0.03662109375,-0.244140625,-0.2685546875,-0.10986328125,0.47607421875,0.40283203125,-0.7080078125,0.01220703125,-1.42822265625,-0.20751953125,-1.01318359375,0.06103515625,0.47607421875,-0.01220703125,5.60302734375,-0.146484375,5.82275390625,-0.0732421875,3.955078125,-0.439453125,10.6689453125,0.13427734375,0.03662109375,0.01220703125,0.87890625,-0.048828125,-0.4150390625,-0.0732421875,-0.47607421875
0,-0.25634765625,-0.3662109375,0.15869140625,-0.23193359375,-0.09765625,-0.37841796875,-0.01220703125,0.0244140625,-0.1220703125,-0.1220703125,0.439453125,-0.98876953125,-0.1953125,1.08642578125,0,-0.18310546875,0.3662109375,3.72314453125,0.30517578125,3.564453125,0.18310546875,6.0791015625,-0.0732421875,2.64892578125,-0.23193359375,-0.10986328125,-0.28076171875,-0.732421875,-0.30517578125,0.96435546875,-0.18310546875,0.244140625,0.10986328125,-0.28076171875,0.244140625,-0.8544921875,-0.10986328125,-0.50048828125,0.2685546875,-0.68359375,0.7568359375,-0.30517578125,-0.10986328125,-0.7080078125,-0.18310546875,-0.341796875,-0.244140625,0.4638671875,0.20751953125,1.07421875,-0.20751953125,0.50048828125,-0.01220703125,-0.1708984375,-0.1708984375,0.76904296875,-0.35400390625,0.6591796875,0.01220703125,0.62255859375,0.2685546875,0.57373046875,0.341796875,0.146484375,-0.06103515625,0.15869140625,-0.341796875,1.025390625,0.0244140625,0.29296875,-0.35400390625,0.20751953125,-0.25634765625,0.3173828125,-0.146484375,0.89111328125,0.390625,0.0732421875,0.01220703125,1.33056640625,0.06103515625,-0.927734375,0.01220703125,-0.30517578125,-0.15869140625,-0.9521484375,-0.048828125,-0.76904296875,-0.10986328125,-1.513671875,0.01220703125,-0.20751953125,0.1953125,-0.2685546875,0.13427734375,-1.1474609375,-0.29296875,1.01318359375,0.0732421875,-0.23193359375,-0.15869140625,-0.45166015625,-0.06103515625,0.2685546875,0.4638671875,-0.7080078125,-0.01220703125,-1.37939453125,-0.15869140625,-1.01318359375,0.03662109375,0.45166015625,-0.0244140625,5.1513671875,-0.08544921875,5.35888671875,-0.08544921875,3.6376953125,-0.40283203125,9.8876953125,0.146484375,0.01220703125,0.048828125,0.87890625,-0.0244140625,-0.42724609375,-0.048828125,-0.4638671875
0,-0.25634765625,-0.35400390625,0.15869140625,-0.25634765625,-0.09765625,-0.37841796875,0.01220703125,0.01220703125,-0.08544921875,-0.10986328125,0.45166015625,-0.9765625,-0.18310546875,1.07421875,-0.048828125,-0.15869140625,0.42724609375,3.55224609375,0.18310546875,3.41796875,0.32958984375,5.87158203125,-0.20751953125,2.5390625,-0.146484375,-0.08544921875,-0.341796875,-0.732421875,-0.23193359375,0.9765625,-0.0732421875,0.244140625,0.03662109375,-0.25634765625,0.32958984375,-0.8544921875,-0.146484375,-0.47607421875,0.30517578125,-0.67138671875,0.732421875,-0.2685546875,-0.09765625,-0.68359375,-0.2685546875,-0.439453125,-0.18310546875,0.47607421875,0.09765625,1.1474609375,-0.29296875,0.50048828125,-0.10986328125,-0.1708984375,-0.28076171875,0.76904296875,-0.30517578125,0.634765625,0.08544921875,0.634765625,0.390625,0.6103515625,0.3173828125,0.13427734375,-0.146484375,0.15869140625,-0.32958984375,1.0498046875,0.01220703125,0.28076171875,-0.37841796875,0.20751953125,-0.244140625,0.3173828125,-0.13427734375,0.87890625,0.4150390625,0.06103515625,0,1.35498046875,0.0732421875,-0.9033203125,-0.0244140625,-0.32958984375,-0.1953125,-0.96435546875,-0.09765625,-0.76904296875,-0.048828125,-1.52587890625,0.01220703125,-0.244140625,0.25634765625,-0.25634765625,0.10986328125,-1.1474609375,-0.35400390625,0.390625,-0.048828125,-0.4150390625,-0.0732421875,-0.59814453125,-0.03662109375,0.09765625,0.4638671875,-0.7080078125,-0.0244140625,-1.37939453125,-0.048828125,-1.01318359375,0.048828125,0.439453125,-0.0244140625,4.57763671875,-0.08544921875,4.736328125,-0.0732421875,3.173828125,-0.37841796875,8.80126953125,0.1220703125,0,0.048828125,0.89111328125,-0.0244140625,-0.40283203125,-0.01220703125,-0.47607421875
0,-0.25634765625,-0.30517578125,0.18310546875,-0.30517578125,-0.08544921875,-0.37841796875,0.0244140625,0,-0.048828125,-0.1220703125,0.42724609375,-1.0009765625,-0.1708984375,1.03759765625,-0.048828125,-0.1953125,0.4150390625,3.47900390625,0.09765625,3.2958984375,0.25634765625,5.70068359375,-0.30517578125,2.44140625,-0.03662109375,-0.09765625,-0.37841796875,-0.74462890625,-0.1708984375,0.98876953125,0.0244140625,0.244140625,-0.0244140625,-0.2197265625,0.45166015625,-0.86669921875,-0.18310546875,-0.42724609375,0.29296875,-0.69580078125,0.57373046875,-0.2685546875,-0.048828125,-0.67138671875,-0.4150390625,-0.48828125,-0.1953125,0.50048828125,-0.0244140625,1.23291015625,-0.30517578125,0.48828125,-0.1708984375,-0.18310546875,-0.35400390625,0.732421875,-0.2685546875,0.634765625,-0.01220703125,0.6591796875,0.57373046875,0.634765625,0.28076171875,0.1220703125,-0.23193359375,0.1708984375,-0.28076171875,1.0498046875,-0.01220703125,0.25634765625,-0.40283203125,0.20751953125,-0.23193359375,0.30517578125,-0.09765625,0.89111328125,0.40283203125,0.048828125,0.0244140625,1.35498046875,0.06103515625,-0.91552734375,-0.06103515625,-0.32958984375,-0.25634765625,-0.9765625,-0.146484375,-0.78125,0,-1.55029296875,0.01220703125,-0.2685546875,0.28076171875,-0.25634765625,0.08544921875,-1.13525390625,-0.37841796875,-0.15869140625,-0.1953125,-0.54931640625,0.0244140625,-0.74462890625,0,-0.06103515625,0.42724609375,-0.68359375,0.0244140625,-1.3671875,0.03662109375,-1.01318359375,0.0732421875,0.4150390625,-0.03662109375,3.91845703125,-0.0732421875,4.01611328125,-0.0732421875,2.64892578125,-0.37841796875,7.5439453125,0.13427734375,-0.01220703125,0.03662109375,0.9033203125,-0.03662109375,-0.390625,0.048828125,-0.4638671875
0,-0.25634765625,-0.28076171875,0.20751953125,-0.341796875,-0.08544921875,-0.37841796875,0.01220703125,-0.0244140625,0.048828125,-0.15869140625,0.390625,-1.025390625,-0.15869140625,0.87890625,-0.01220703125,-0.23193359375,0.3662109375,3.38134765625,0,3.1982421875,0.13427734375,5.52978515625,-0.37841796875,2.3681640625,0.08544921875,-0.08544921875,-0.390625,-0.74462890625,-0.10986328125,1.01318359375,0.09765625,0.23193359375,-0.13427734375,-0.23193359375,0.52490234375,-0.8544921875,-0.20751953125,-0.42724609375,0.2197265625,-0.68359375,0.439453125,-0.244140625,-0.03662109375,-0.68359375,-0.5126953125,-0.52490234375,-0.18310546875,0.5126953125,-0.15869140625,1.30615234375,-0.3173828125,0.45166015625,-0.244140625,-0.1953125,-0.3662109375,0.732421875,-0.23193359375,0.634765625,0.01220703125,0.67138671875,0.68359375,0.6591796875,0.244140625,0.146484375,-0.2685546875,0.23193359375,-0.23193359375,1.06201171875,-0.0244140625,0.2197265625,-0.390625,0.2197265625,-0.2197265625,0.3173828125,-0.048828125,0.86669921875,0.4150390625,0.048828125,0.03662109375,1.37939453125,0.01220703125,-0.927734375,-0.10986328125,-0.3173828125,-0.25634765625,-1.0009765625,-0.20751953125,-0.78125,0.048828125,-1.5380859375,0,-0.29296875,0.2197265625,-0.2685546875,0.08544921875,-1.13525390625,-0.37841796875,-0.59814453125,-0.32958984375,-0.67138671875,0.09765625,-0.84228515625,0.08544921875,-0.1708984375,0.30517578125,-0.68359375,0.06103515625,-1.37939453125,0.13427734375,-1.01318359375,0.10986328125,0.42724609375,-0.0244140625,3.21044921875,-0.0732421875,3.21044921875,-0.06103515625,2.08740234375,-0.3662109375,6.11572265625,0.1220703125,-0.0244140625,0.01220703125,0.91552734375,-0.01220703125,-0.4150390625,0.10986328125,-0.4638671875
0,-0.244140625,-0.244140625,0.18310546875,-0.32958984375,-0.06103515625,-0.37841796875,0.01220703125,0,0.1220703125,-0.2197265625,0.35400390625,-1.08642578125,-0.146484375,0.7080078125,0.01220703125,-0.29296875,0.3173828125,3.28369140625,0.0244140625,3.1494140625,-0.048828125,5.37109375,-0.37841796875,2.25830078125,0.146484375,-0.10986328125,-0.3173828125,-0.732421875,-0.08544921875,1.01318359375,0.1220703125,0.244140625,-0.2197265625,-0.2685546875,0.537109375,-0.84228515625,-0.23193359375,-0.4150390625,0.146484375,-0.69580078125,0.2685546875,-0.2197265625,-0.01220703125,-0.68359375,-0.5615234375,-0.537109375,-0.1708984375,0.5126953125,-0.1708984375,1.30615234375,-0.23193359375,0.4638671875,-0.3173828125,-0.18310546875,-0.341796875,0.74462890625,-0.1708984375,0.6591796875,-0.048828125,0.6591796875,0.79345703125,0.67138671875,0.1708984375,0.146484375,-0.25634765625,0.2685546875,-0.1708984375,1.07421875,-0.0732421875,0.20751953125,-0.3173828125,0.23193359375,-0.2197265625,0.341796875,0,0.8544921875,0.390625,0.048828125,0.1220703125,1.3916015625,-0.03662109375,-0.93994140625,-0.13427734375,-0.32958984375,-0.20751953125,-0.98876953125,-0.2685546875,-0.79345703125,0.09765625,-1.52587890625,-0.03662109375,-0.2685546875,0.10986328125,-0.244140625,0.06103515625,-1.1474609375,-0.341796875,-0.91552734375,-0.3173828125,-0.76904296875,0.1220703125,-0.9033203125,0.1220703125,-0.244140625,0.146484375,-0.68359375,0.09765625,-1.37939453125,0.1708984375,-1.01318359375,0.15869140625,0.40283203125,-0.03662109375,2.47802734375,-0.06103515625,2.4169921875,-0.06103515625,1.513671875,-0.35400390625,4.6630859375,0.13427734375,-0.01220703125,0.0244140625,0.927734375,-0.01220703125,-0.40283203125,0.13427734375,-0.439453125
0,-0.2197265625,-0.244140625,0.1953125,-0.341796875,-0.048828125,-0.37841796875,0,0,0.146484375,-0.244140625,0.3173828125,-1.1474609375,-0.10986328125,0.57373046875,0.01220703125,-0.3173828125,0.2197265625,3.16162109375,0.06103515625,3.0517578125,-0.25634765625,5.17578125,-0.37841796875,2.1484375,0.1708984375,-0.13427734375,-0.23193359375,-0.732421875,-0.06103515625,0.98876953125,0.08544921875,0.23193359375,-0.20751953125,-0.2685546875,0.5126953125,-0.830078125,-0.23193359375,-0.40283203125,0.048828125,-0.7080078125,0.10986328125,-0.1953125,0.01220703125,-0.68359375,-0.62255859375,-0.48828125,-0.2197265625,0.52490234375,-0.09765625,1.30615234375,-0.13427734375,0.47607421875,-0.37841796875,-0.146484375,-0.341796875,0.76904296875,-0.1220703125,0.68359375,-0.1708984375,0.62255859375,0.830078125,0.64697265625,0.06103515625,0.146484375,-0.29296875,0.30517578125,-0.0732421875,1.0986328125,-0.08544921875,0.20751953125,-0.29296875,0.23193359375,-0.2197265625,0.341796875,0.0732421875,0.8544921875,0.341796875,0.048828125,0.20751953125,1.40380859375,-0.06103515625,-0.9521484375,-0.146484375,-0.32958984375,-0.1220703125,-1.0009765625,-0.2685546875,-0.76904296875,0.146484375,-1.4892578125,-0.03662109375,-0.28076171875,-0.048828125,-0.244140625,0.0244140625,-1.171875,-0.32958984375,-1.123046875,-0.341796875,-0.81787109375,0.08544921875,-0.9033203125,0.146484375,-0.29296875,-0.048828125,-0.68359375,0.10986328125,-1.3916015625,0.1220703125,-1.025390625,0.1953125,0.42724609375,-0.06103515625,1.79443359375,-0.048828125,1.64794921875,-0.0732421875,0.96435546875,-0.341796875,3.2470703125,0.1220703125,-0.01220703125,0,0.91552734375,0.01220703125,-0.40283203125,0.146484375,-0.439453125
0,-0.23193359375,-0.23193359375,0.1953125,-0.3173828125,-0.03662109375,-0.40283203125,-0.01220703125,0.01220703125,0.15869140625,-0.2685546875,0.28076171875,-1.171875,-0.08544921875,0.439453125,0.048828125,-0.35400390625,0.10986328125,2.978515625,0.10986328125,2.91748046875,-0.439453125,4.931640625,-0.3662109375,2.001953125,0.15869140625,-0.146484375,-0.08544921875,-0.74462890625,-0.0244140625,0.9765625,0.0732421875,0.244140625,-0.20751953125,-0.2685546875,0.42724609375,-0.81787109375,-0.18310546875,-0.37841796875,-0.03662109375,-0.69580078125,0.01220703125,-0.1708984375,-0.0244140625,-0.67138671875,-0.68359375,-0.4150390625,-0.23193359375,0.537109375,-0.08544921875,1.26953125,-0.06103515625,0.50048828125,-0.4150390625,-0.10986328125,-0.30517578125,0.76904296875,-0.03662109375,0.69580078125,-0.30517578125,0.5859375,0.69580078125,0.634765625,0.048828125,0.18310546875,-0.32958984375,0.35400390625,0.01220703125,1.11083984375,-0.1220703125,0.20751953125,-0.25634765625,0.2685546875,-0.2197265625,0.3662109375,0.13427734375,0.830078125,0.32958984375,0.048828125,0.28076171875,1.3916015625,-0.09765625,-0.9521484375,-0.13427734375,-0.3173828125,-0.03662109375,-1.0009765625,-0.23193359375,-0.76904296875,0.13427734375,-1.4892578125,-0.048828125,-0.2685546875,-0.1708984375,-0.28076171875,-0.0244140625,-1.1962890625,-0.29296875,-1.220703125,-0.20751953125,-0.89111328125,-0.01220703125,-0.89111328125,0.1953125,-0.32958984375,-0.244140625,-0.69580078125,0.08544921875,-1.40380859375,0.048828125,-1.01318359375,0.20751953125,0.42724609375,-0.08544921875,1.18408203125,-0.03662109375,0.9521484375,-0.06103515625,0.5126953125,-0.35400390625,2.001953125,0.10986328125,-0.01220703125,-0.01220703125,0.9033203125,0.0244140625,-0.40283203125,0.146484375,-0.45166015625
0,-0.2197265625,-0.23193359375,0.18310546875,-0.29296875,-0.06103515625,-0.390625,-0.01220703125,0.048828125,0.10986328125,-0.29296875,0.30517578125,-1.18408203125,-0.048828125,0.40283203125,0.0732421875,-0.3662109375,0.01220703125,2.69775390625,0.1220703125,2.72216796875,-0.537109375,4.6142578125,-0.40283203125,1.79443359375,0.1220703125,-0.15869140625,0.01220703125,-0.72021484375,-0.0244140625,0.98876953125,0.0244140625,0.25634765625,-0.13427734375,-0.2685546875,0.30517578125,-0.79345703125,-0.146484375,-0.35400390625,-0.13427734375,-0.7080078125,-0.01220703125,-0.1220703125,-0.08544921875,-0.68359375,-0.72021484375,-0.3173828125,-0.25634765625,0.52490234375,-0.0732421875,1.2451171875,0.0244140625,0.50048828125,-0.40283203125,-0.0732421875,-0.2197265625,0.76904296875,-0.01220703125,0.72021484375,-0.47607421875,0.52490234375,0.52490234375,0.5859375,0.08544921875,0.1708984375,-0.37841796875,0.35400390625,0.10986328125,1.123046875,-0.1220703125,0.23193359375,-0.23193359375,0.244140625,-0.1953125,0.35400390625,0.20751953125,0.830078125,0.30517578125,0.048828125,0.37841796875,1.3916015625,-0.146484375,-0.93994140625,-0.06103515625,-0.29296875,0.0244140625,-0.9765625,-0.18310546875,-0.7568359375,0.15869140625,-1.46484375,-0.0732421875,-0.28076171875,-0.28076171875,-0.29296875,-0.09765625,-1.2451171875,-0.2685546875,-1.25732421875,-0.10986328125,-0.89111328125,-0.10986328125,-0.830078125,0.20751953125,-0.32958984375,-0.3662109375,-0.7080078125,0.0732421875,-1.416015625,-0.03662109375,-1.0009765625,0.18310546875,0.45166015625,-0.08544921875,0.64697265625,-0.0244140625,0.3662109375,-0.0732421875,0.1220703125,-0.35400390625,0.93994140625,0.08544921875,0.01220703125,-0.01220703125,0.9033203125,0.048828125,-0.4150390625,0.1220703125,-0.45166015625
0,-0.244140625,-0.23193359375,0.1708984375,-0.25634765625,-0.08544921875,-0.3662109375,-0.01220703125,0.0732421875,0.03662109375,-0.3173828125,0.32958984375,-1.171875,0.048828125,0.4150390625,0.09765625,-0.35400390625,-0.03662109375,2.3681640625,0.1953125,2.4169921875,-0.50048828125,4.19921875,-0.341796875,1.5625,0.08544921875,-0.1708984375,0.08544921875,-0.72021484375,-0.01220703125,0.96435546875,0.01220703125,0.2685546875,-0.0732421875,-0.3173828125,0.2197265625,-0.81787109375,-0.13427734375,-0.37841796875,-0.2197265625,-0.68359375,0.09765625,-0.146484375,-0.15869140625,-0.67138671875,-0.81787109375,-0.23193359375,-0.341796875,0.50048828125,-0.0732421875,1.20849609375,0.09765625,0.5126953125,-0.35400390625,-0.048828125,-0.13427734375,0.78125,-0.01220703125,0.7080078125,-0.634765625,0.45166015625,0.341796875,0.54931640625,0.1220703125,0.18310546875,-0.35400390625,0.341796875,0.18310546875,1.11083984375,-0.1220703125,0.23193359375,-0.18310546875,0.244140625,-0.20751953125,0.35400390625,0.23193359375,0.81787109375,0.3173828125,0.048828125,0.390625,1.37939453125,-0.13427734375,-0.93994140625,-0.01220703125,-0.28076171875,0.06103515625,-0.98876953125,-0.10986328125,-0.732421875,0.1220703125,-1.45263671875,-0.08544921875,-0.25634765625,-0.341796875,-0.28076171875,-0.1708984375,-1.25732421875,-0.244140625,-1.26953125,-0.0244140625,-0.91552734375,-0.20751953125,-0.8056640625,0.1953125,-0.341796875,-0.37841796875,-0.72021484375,-0.0244140625,-1.45263671875,-0.1220703125,-1.0009765625,0.15869140625,0.45166015625,-0.10986328125,0.25634765625,-0.01220703125,-0.06103515625,-0.0732421875,-0.1708984375,-0.341796875,0.15869140625,0.0732421875,0.0244140625,-0.01220703125,0.9033203125,0.06103515625,-0.4150390625,0.1220703125,-0.47607421875
0,-0.25634765625,-0.2685546875,0.18310546875,-0.25634765625,-0.1220703125,-0.37841796875,-0.0244140625,0.08544921875,-0.06103515625,-0.32958984375,0.341796875,-1.1474609375,0,0.47607421875,0.08544921875,-0.341796875,-0.06103515625,2.001953125,0.23193359375,2.08740234375,-0.5126953125,3.7353515625,-0.32958984375,1.26953125,0.03662109375,-0.1708984375,0.08544921875,-0.732421875,-0.01220703125,0.9521484375,-0.06103515625,0.25634765625,-0.09765625,-0.32958984375,0.09765625,-0.81787109375,-0.13427734375,-0.42724609375,-0.1953125,-0.69580078125,0.23193359375,-0.1953125,-0.244140625,-0.69580078125,-0.76904296875,-0.13427734375,-0.35400390625,0.50048828125,-0.15869140625,1.171875,0.15869140625,0.5126953125,-0.2685546875,-0.048828125,-0.0732421875,0.76904296875,-0.06103515625,0.7080078125,-0.79345703125,0.42724609375,0.146484375,0.52490234375,0.15869140625,0.1708984375,-0.28076171875,0.3173828125,0.25634765625,1.11083984375,-0.10986328125,0.28076171875,-0.1708984375,0.244140625,-0.13427734375,0.341796875,0.23193359375,0.81787109375,0.341796875,0.06103515625,0.4150390625,1.40380859375,-0.13427734375,-0.93994140625,0.0732421875,-0.28076171875,0.0732421875,-0.9765625,-0.03662109375,-0.74462890625,0.06103515625,-1.4404296875,-0.13427734375,-0.25634765625,-0.35400390625,-0.28076171875,-0.244140625,-1.25732421875,-0.244140625,-1.23291015625,0.08544921875,-0.91552734375,-0.2685546875,-0.732421875,0.13427734375,-0.30517578125,-0.3173828125,-0.732421875,-0.13427734375,-1.45263671875,-0.2197265625,-1.0009765625,0.10986328125,0.4638671875,-0.15869140625,-0.01220703125,-0.08544921875,-0.3662109375,-0.1220703125,-0.3662109375,-0.40283203125,-0.35400390625,0.06103515625,0.0244140625,-0.01220703125,0.89111328125,0.06103515625,-0.42724609375,0.1220703125,-0.4638671875
0,-0.25634765625,-0.28076171875,0.1708984375,-0.23193359375,-0.15869140625,-0.37841796875,-0.01220703125,0.0732421875,-0.0732421875,-0.30517578125,0.37841796875,-1.11083984375,0.01220703125,0.5859375,0.10986328125,-0.3173828125,-0.01220703125,1.59912109375,0.25634765625,1.6845703125,-0.28076171875,3.22265625,-0.3173828125,0.96435546875,0.0244140625,-0.1708984375,0.048828125,-0.732421875,-0.03662109375,0.93994140625,-0.10986328125,0.25634765625,-0.08544921875,-0.341796875,0.03662109375,-0.84228515625,-0.146484375,-0.4638671875,-0.1953125,-0.7080078125,0.37841796875,-0.20751953125,-0.30517578125,-0.67138671875,-0.6591796875,-0.048828125,-0.3662109375,0.4638671875,-0.09765625,1.20849609375,0.1953125,0.52490234375,-0.18310546875,-0.048828125,0.0244140625,0.76904296875,-0.1708984375,0.68359375,-0.93994140625,0.4150390625,0.03662109375,0.50048828125,0.18310546875,0.15869140625,-0.23193359375,0.29296875,0.29296875,1.0986328125,-0.06103515625,0.29296875,-0.20751953125,0.244140625,-0.08544921875,0.3173828125,0.25634765625,0.84228515625,0.341796875,0.048828125,0.4150390625,1.3916015625,-0.10986328125,-0.927734375,0.1220703125,-0.28076171875,0.0732421875,-1.0009765625,0.06103515625,-0.72021484375,0.0244140625,-1.45263671875,-0.1708984375,-0.23193359375,-0.28076171875,-0.28076171875,-0.2685546875,-1.26953125,-0.244140625,-1.23291015625,0.1220703125,-0.9033203125,-0.2685546875,-0.7080078125,0.0732421875,-0.30517578125,-0.1708984375,-0.72021484375,-0.23193359375,-1.4404296875,-0.25634765625,-1.0009765625,0.03662109375,0.4638671875,-0.10986328125,-0.1708984375,-0.08544921875,-0.537109375,-0.09765625,-0.4638671875,-0.390625,-0.6103515625,0.03662109375,0.0244140625,0.01220703125,0.86669921875,0.06103515625,-0.4150390625,0.13427734375,-0.47607421875
1,-0.28076171875,-0.28076171875,0.146484375,-0.244140625,-0.18310546875,-0.3662109375,0,0.06103515625,-0.10986328125,-0.29296875,0.35400390625,-1.08642578125,0,0.72021484375,0.08544921875,-0.341796875,0.08544921875,1.1962890625,0.3173828125,1.25732421875,0.048828125,2.64892578125,-0.2685546875,0.64697265625,0.0244140625,-0.15869140625,-0.0244140625,-0.74462890625,-0.06103515625,0.9521484375,-0.1953125,0.25634765625,-0.10986328125,-0.35400390625,0.06103515625,-0.84228515625,-0.15869140625,-0.45166015625,-0.10986328125,-0.72021484375,0.537109375,-0.2197265625,-0.3173828125,-0.6591796875,-0.57373046875,-0.01220703125,-0.2685546875,0.47607421875,-0.10986328125,1.28173828125,0.1953125,0.50048828125,-0.03662109375,-0.10986328125,0.10986328125,0.76904296875,-0.341796875,0.6591796875,-1.0009765625,0.40283203125,-0.09765625,0.48828125,0.146484375,0.13427734375,-0.1708984375,0.25634765625,0.30517578125,1.07421875,0,0.3173828125,-0.20751953125,0.2197265625,-0.01220703125,0.29296875,0.1953125,0.84228515625,0.32958984375,0.06103515625,0.4150390625,1.37939453125,-0.0732421875,-0.93994140625,0.15869140625,-0.28076171875,0.03662109375,-1.025390625,0.13427734375,-0.732421875,-0.01220703125,-1.4892578125,-0.18310546875,-0.20751953125,-0.1708984375,-0.28076171875,-0.244140625,-1.25732421875,-0.18310546875,-1.18408203125,0.08544921875,-0.89111328125,-0.18310546875,-0.69580078125,0,-0.2685546875,0.048828125,-0.7080078125,-0.25634765625,-1.4404296875,-0.2685546875,-1.01318359375,-0.0244140625,0.45166015625,-0.0732421875,-0.2197265625,-0.09765625,-0.5859375,-0.06103515625,-0.48828125,-0.341796875,-0.6591796875,0.0244140625,0.01220703125,0.0244140625,0.86669921875,0.048828125,-0.40283203125,0.1220703125,-0.47607421875
1,-0.28076171875,-0.30517578125,0.1220703125,-0.2685546875,-0.1953125,-0.37841796875,0.0244140625,0.03662109375,-0.09765625,-0.28076171875,0.30517578125,-1.03759765625,0.01220703125,0.79345703125,0.06103515625,-0.341796875,0.1708984375,0.8056640625,0.3173828125,0.89111328125,0.25634765625,2.1240234375,-0.23193359375,0.3662109375,0.06103515625,-0.13427734375,-0.13427734375,-0.76904296875,-0.1220703125,0.9521484375,-0.30517578125,0.244140625,-0.1708984375,-0.30517578125,0.10986328125,-0.84228515625,-0.1708984375,-0.439453125,-0.01220703125,-0.69580078125,0.6103515625,-0.23193359375,-0.29296875,-0.68359375,-0.50048828125,0.0244140625,-0.146484375,0.50048828125,0.0244140625,1.3671875,0.15869140625,0.50048828125,0.08544921875,-0.15869140625,0.13427734375,0.74462890625,-0.4150390625,0.62255859375,-1.15966796875,0.40283203125,-0.146484375,0.48828125,0.10986328125,0.10986328125,-0.0732421875,0.1953125,0.341796875,1.06201171875,0.0244140625,0.3173828125,-0.2197265625,0.1953125,0.06103515625,0.28076171875,0.23193359375,0.84228515625,0.3173828125,0.06103515625,0.37841796875,1.37939453125,0,-0.91552734375,0.15869140625,-0.28076171875,0.03662109375,-1.01318359375,0.18310546875,-0.732421875,-0.048828125,-1.4892578125,-0.244140625,-0.18310546875,-0.06103515625,-0.28076171875,-0.18310546875,-1.2451171875,-0.15869140625,-1.171875,0.06103515625,-0.8544921875,-0.146484375,-0.732421875,-0.13427734375,-0.2685546875,0.1953125,-0.68359375,-0.1953125,-1.42822265625,-0.25634765625,-1.01318359375,-0.10986328125,0.45166015625,-0.0732421875,-0.2197265625,-0.08544921875,-0.5859375,-0.06103515625,-0.50048828125,-0.341796875,-0.5615234375,0.01220703125,0.01220703125,0.03662109375,0.86669921875,0,-0.40283203125,0.13427734375,-0.45166015625
1,-0.2685546875,-0.32958984375,0.0732421875,-0.2685546875,-0.18310546875,-0.37841796875,0.048828125,0.01220703125,-0.01220703125,-0.244140625,0.25634765625,-1.06201171875,0,0.830078125,0.06103515625,-0.341796875,0.28076171875,0.5126953125,0.35400390625,0.57373046875,0.4638671875,1.69677734375,-0.146484375,0.13427734375,0.10986328125,-0.10986328125,-0.23193359375,-0.7568359375,-0.18310546875,0.93994140625,-0.32958984375,0.244140625,-0.1708984375,-0.28076171875,0.23193359375,-0.84228515625,-0.1708984375,-0.439453125,0.06103515625,-0.68359375,0.62255859375,-0.2197265625,-0.23193359375,-0.67138671875,-0.537109375,0.01220703125,-0.0732421875,0.5126953125,0.048828125,1.513671875,0.03662109375,0.48828125,0.146484375,-0.1953125,0.10986328125,0.7080078125,-0.47607421875,0.6103515625,-1.15966796875,0.42724609375,-0.1220703125,0.52490234375,0.06103515625,0.10986328125,0.048828125,0.18310546875,0.32958984375,1.06201171875,0.03662109375,0.30517578125,-0.1953125,0.1953125,0.09765625,0.29296875,0.23193359375,0.86669921875,0.30517578125,0.048828125,0.29296875,1.3671875,0.03662109375,-0.93994140625,0.1220703125,-0.28076171875,0.03662109375,-0.98876953125,0.18310546875,-0.732421875,-0.0244140625,-1.50146484375,-0.25634765625,-0.1953125,0.048828125,-0.244140625,-0.09765625,-1.20849609375,-0.06103515625,-1.20849609375,-0.048828125,-0.830078125,-0.08544921875,-0.78125,-0.1708984375,-0.2685546875,0.2685546875,-0.67138671875,-0.0244140625,-1.42822265625,-0.244140625,-1.01318359375,-0.1708984375,0.42724609375,-0.048828125,-0.15869140625,-0.0732421875,-0.52490234375,-0.06103515625,-0.4638671875,-0.3173828125,-0.4150390625,0,-0.01220703125,0.03662109375,0.86669921875,-0.01220703125,-0.4150390625,0.1708984375,-0.45166015625
1,-0.25634765625,-0.37841796875,0.06103515625,-0.28076171875,-0.146484375,-0.37841796875,0.0732421875,0,0.01220703125,-0.23193359375,0.146484375,-1.0498046875,-0.0244140625,0.79345703125,0.048828125,-0.35400390625,0.2685546875,0.28076171875,0.47607421875,0.40283203125,0.537109375,1.40380859375,-0.09765625,-0.0244140625,0.1220703125,-0.09765625,-0.3173828125,-0.76904296875,-0.20751953125,0.96435546875,-0.32958984375,0.244140625,-0.1708984375,-0.244140625,0.3662109375,-0.86669921875,-0.18310546875,-0.42724609375,0.146484375,-0.68359375,0.57373046875,-0.23193359375,-0.1220703125,-0.67138671875,-0.54931640625,0.01220703125,0,0.537109375,-0.01220703125,1.62353515625,-0.09765625,0.48828125,0.15869140625,-0.20751953125,0.0244140625,0.732421875,-0.5126953125,0.62255859375,-1.15966796875,0.4638671875,-0.09765625,0.5615234375,-0.0244140625,0.10986328125,0.1953125,0.18310546875,0.32958984375,1.06201171875,0.03662109375,0.30517578125,-0.1708984375,0.1953125,0.1220703125,0.28076171875,0.244140625,0.86669921875,0.29296875,0.03662109375,0.20751953125,1.37939453125,0.08544921875,-0.93994140625,0.0732421875,-0.30517578125,0.06103515625,-0.9765625,0.146484375,-0.7080078125,-0.01220703125,-1.513671875,-0.25634765625,-0.1953125,0.10986328125,-0.244140625,-0.03662109375,-1.15966796875,0.0244140625,-1.20849609375,-0.08544921875,-0.81787109375,-0.048828125,-0.81787109375,-0.20751953125,-0.2685546875,0.28076171875,-0.67138671875,0.146484375,-1.416015625,-0.1953125,-1.0009765625,-0.1708984375,0.42724609375,-0.048828125,-0.10986328125,-0.06103515625,-0.4638671875,-0.06103515625,-0.4150390625,-0.3173828125,-0.25634765625,0.048828125,-0.0244140625,0.03662109375,0.9033203125,-0.048828125,-0.4150390625,0.18310546875,-0.4638671875
1,-0.2197265625,-0.390625,0.06103515625,-0.30517578125,-0.1220703125,-0.390625,0.0732421875,0.01220703125,0.06103515625,-0.23193359375,0.048828125,-1.08642578125,-0.03662109375,0.7568359375,0.0244140625,-0.3662109375,0.29296875,0.20751953125,0.5615234375,0.3662109375,0.54931640625,1.26953125,-0.0244140625,-0.08544921875,0.146484375,-0.10986328125,-0.35400390625,-0.7568359375,-0.1953125,0.9765625,-0.244140625,0.23193359375,-0.09765625,-0.244140625,0.48828125,-0.8544921875,-0.13427734375,-0.42724609375,0.15869140625,-0.67138671875,0.52490234375,-0.23193359375,-0.06103515625,-0.67138671875,-0.6103515625,-0.048828125,0.048828125,0.537109375,-0.20751953125,1.77001953125,-0.20751953125,0.47607421875,0.13427734375,-0.2197265625,-0.048828125,0.732421875,-0.52490234375,0.6591796875,-1.15966796875,0.48828125,-0.0244140625,0.54931640625,-0.08544921875,0.10986328125,0.28076171875,0.20751953125,0.3173828125,1.06201171875,0.0732421875,0.2685546875,-0.1220703125,0.20751953125,0.09765625,0.30517578125,0.2685546875,0.86669921875,0.29296875,0.03662109375,0.146484375,1.37939453125,0.10986328125,-0.93994140625,0.06103515625,-0.3173828125,0.08544921875,-0.9765625,0.0732421875,-0.7080078125,0.01220703125,-1.50146484375,-0.18310546875,-0.18310546875,0.13427734375,-0.244140625,0.048828125,-1.1474609375,0.01220703125,-1.18408203125,-0.146484375,-0.8056640625,-0.0244140625,-0.830078125,-0.20751953125,-0.244140625,0.2197265625,-0.67138671875,0.28076171875,-1.40380859375,-0.1708984375,-0.98876953125,-0.1953125,0.439453125,-0.048828125,-0.06103515625,-0.06103515625,-0.439453125,-0.06103515625,-0.390625,-0.30517578125,-0.1708984375,0.0732421875,-0.0244140625,0.0244140625,0.87890625,-0.048828125,-0.4150390625,0.1953125,-0.4638671875
1,-0.20751953125,-0.40283203125,0.06103515625,-0.3173828125,-0.13427734375,-0.40283203125,0.08544921875,0,0.0732421875,-0.244140625,0,-1.0986328125,-0.048828125,0.69580078125,0.0244140625,-0.3662109375,0.244140625,0.2685546875,0.5615234375,0.48828125,0.4150390625,1.3916015625,0.0244140625,-0.0244140625,0.146484375,-0.08544921875,-0.3662109375,-0.7568359375,-0.1708984375,0.9765625,-0.1220703125,0.23193359375,-0.06103515625,-0.2197265625,0.5859375,-0.84228515625,-0.13427734375,-0.37841796875,0.146484375,-0.67138671875,0.439453125,-0.23193359375,-0.03662109375,-0.67138671875,-0.62255859375,-0.13427734375,0.10986328125,0.5615234375,-0.08544921875,1.8310546875,-0.3173828125,0.47607421875,0.0732421875,-0.2197265625,-0.09765625,0.732421875,-0.52490234375,0.68359375,-1.06201171875,0.5126953125,0.01220703125,0.59814453125,-0.18310546875,0.10986328125,0.341796875,0.2685546875,0.29296875,1.07421875,0.0732421875,0.25634765625,-0.048828125,0.2197265625,0.06103515625,0.32958984375,0.25634765625,0.86669921875,0.2685546875,0.048828125,0.08544921875,1.3916015625,0.09765625,-0.9521484375,0.0244140625,-0.3173828125,0.09765625,-0.96435546875,-0.03662109375,-0.72021484375,0.0244140625,-1.4892578125,-0.10986328125,-0.18310546875,0.1220703125,-0.244140625,0.13427734375,-1.123046875,-0.0732421875,-1.171875,-0.146484375,-0.79345703125,0,-0.86669921875,-0.1220703125,-0.25634765625,0.1708984375,-0.67138671875,0.390625,-1.40380859375,-0.13427734375,-0.9765625,-0.18310546875,0.439453125,-0.0244140625,-0.03662109375,-0.03662109375,-0.42724609375,-0.048828125,-0.3662109375,-0.28076171875,-0.13427734375,0.0732421875,-0.01220703125,-0.01220703125,0.87890625,-0.03662109375,-0.4150390625,0.20751953125,-0.4638671875
1,-0.20751953125,-0.4150390625,0.03662109375,-0.30517578125,-0.15869140625,-0.40283203125,0.09765625,0,0.048828125,-0.23193359375,-0.048828125,-1.13525390625,-0.06103515625,0.64697265625,-0.0244140625,-0.3662109375,0.2197265625,0.50048828125,0.62255859375,0.78125,0.3662109375,1.7333984375,0.10986328125,0.15869140625,0.10986328125,-0.09765625,-0.32958984375,-0.74462890625,-0.08544921875,0.93994140625,-0.01220703125,0.23193359375,0.01220703125,-0.23193359375,0.57373046875,-0.84228515625,-0.09765625,-0.3662109375,0.10986328125,-0.68359375,0.40283203125,-0.20751953125,-0.08544921875,-0.67138671875,-0.5615234375,-0.1953125,0.10986328125,0.537109375,-0.1953125,1.86767578125,-0.40283203125,0.50048828125,0,-0.18310546875,-0.13427734375,0.732421875,-0.52490234375,0.68359375,-1.01318359375,0.5615234375,0.1220703125,0.6103515625,-0.25634765625,0.1220703125,0.4150390625,0.29296875,0.23193359375,1.08642578125,0.0732421875,0.2197265625,0.0244140625,0.244140625,0.06103515625,0.32958984375,0.28076171875,0.81787109375,0.23193359375,0.048828125,0.048828125,1.3916015625,0.03662109375,-0.927734375,0.01220703125,-0.32958984375,0.03662109375,-0.96435546875,-0.20751953125,-0.72021484375,0.03662109375,-1.50146484375,-0.048828125,-0.1953125,0.08544921875,-0.23193359375,0.1708984375,-1.13525390625,-0.2197265625,-1.1474609375,-0.13427734375,-0.76904296875,-0.048828125,-0.86669921875,-0.048828125,-0.2197265625,0.1220703125,-0.69580078125,0.4150390625,-1.416015625,-0.10986328125,-0.98876953125,-0.10986328125,0.439453125,-0.0244140625,-0.048828125,-0.08544921875,-0.439453125,-0.048828125,-0.35400390625,-0.2197265625,-0.20751953125,0.08544921875,-0.01220703125,-0.03662109375,0.89111328125,0.01220703125,-0.439453125,0.2197265625,-0.47607421875
1,-0.2197265625,-0.4150390625,0.0732421875,-0.30517578125,-0.146484375,-0.40283203125,0.1220703125,0.03662109375,0.0244140625,-0.23193359375,-0.0732421875,-1.15966796875,-0.048828125,0.59814453125,-0.09765625,-0.32958984375,0.146484375,0.87890625,0.62255859375,1.1962890625,0.23193359375,2.28271484375,0.18310546875,0.4638671875,0.06103515625,-0.13427734375,-0.23193359375,-0.74462890625,-0.048828125,0.927734375,0.09765625,0.23193359375,0.08544921875,-0.244140625,0.5126953125,-0.830078125,-0.048828125,-0.3662109375,0.10986328125,-0.68359375,0.37841796875,-0.1953125,-0.18310546875,-0.6591796875,-0.5126953125,-0.30517578125,0.048828125,0.5615234375,-0.146484375,1.85546875,-0.45166015625,0.50048828125,-0.03662109375,-0.146484375,-0.15869140625,0.76904296875,-0.48828125,0.72021484375,-0.9765625,0.57373046875,0.15869140625,0.634765625,-0.29296875,0.1220703125,0.42724609375,0.35400390625,0.20751953125,1.11083984375,0.048828125,0.20751953125,0.09765625,0.2685546875,0.01220703125,0.35400390625,0.2685546875,0.81787109375,0.2197265625,0.048828125,0.0244140625,1.40380859375,-0.01220703125,-0.927734375,0.0244140625,-0.32958984375,0.01220703125,-0.96435546875,-0.3173828125,-0.732421875,0.0244140625,-1.47705078125,0.06103515625,-0.20751953125,0.0732421875,-0.23193359375,0.244140625,-1.1474609375,-0.3662109375,-1.0986328125,-0.1220703125,-0.78125,-0.13427734375,-0.84228515625,0.0732421875,-0.2197265625,0.10986328125,-0.72021484375,0.37841796875,-1.416015625,-0.13427734375,-0.9765625,-0.0244140625,0.42724609375,0,-0.048828125,-0.0732421875,-0.47607421875,-0.048828125,-0.37841796875,-0.15869140625,-0.32958984375,0.0732421875,-0.01220703125,-0.03662109375,0.9033203125,0.03662109375,-0.42724609375,0.2197265625,-0.47607421875
1,-0.20751953125,-0.390625,0.0244140625,-0.28076171875,-0.146484375,-0.390625,0.146484375,0.048828125,0.01220703125,-0.2197265625,-0.08544921875,-1.1474609375,-0.03662109375,0.62255859375,-0.15869140625,-0.30517578125,0.06103515625,1.40380859375,0.5859375,1.72119140625,0.08544921875,3.01513671875,0.244140625,0.86669921875,0,-0.13427734375,-0.13427734375,-0.74462890625,0.01220703125,0.93994140625,0.1220703125,0.25634765625,0.15869140625,-0.29296875,0.3662109375,-0.830078125,-0.03662109375,-0.37841796875,0.03662109375,-0.69580078125,0.35400390625,-0.18310546875,-0.2685546875,-0.67138671875,-0.4638671875,-0.390625,0,0.52490234375,-0.25634765625,1.81884765625,-0.4638671875,0.5126953125,-0.146484375,-0.1220703125,-0.1708984375,0.76904296875,-0.48828125,0.69580078125,-0.93994140625,0.5615234375,0.18310546875,0.6103515625,-0.30517578125,0.1220703125,0.42724609375,0.390625,0.1953125,1.0986328125,0.03662109375,0.20751953125,0.146484375,0.28076171875,-0.01220703125,0.3662109375,0.2197265625,0.8056640625,0.18310546875,0.048828125,-0.01220703125,1.3916015625,-0.10986328125,-0.9033203125,0,-0.3173828125,-0.09765625,-0.9765625,-0.37841796875,-0.72021484375,0.03662109375,-1.47705078125,0.13427734375,-0.20751953125,-0.01220703125,-0.23193359375,0.28076171875,-1.15966796875,-0.45166015625,-1.06201171875,-0.08544921875,-0.76904296875,-0.1708984375,-0.79345703125,0.20751953125,-0.20751953125,0.13427734375,-0.72021484375,0.30517578125,-1.40380859375,-0.146484375,-1.01318359375,0.0732421875,0.45166015625,0,-0.06103515625,-0.08544921875,-0.5126953125,-0.06103515625,-0.37841796875,-0.20751953125,-0.45166015625,0.06103515625,0,-0.0244140625,0.91552734375,0.06103515625,-0.42724609375,0.1953125,-0.47607421875
1,-0.2197265625,-0.390625,0.03662109375,-0.28076171875,-0.1220703125,-0.40283203125,0.15869140625,0.03662109375,-0.048828125,-0.20751953125,-0.048828125,-1.123046875,0.048828125,0.67138671875,-0.2197265625,-0.2685546875,-0.01220703125,2.001953125,0.50048828125,2.3193359375,-0.09765625,3.8818359375,0.1953125,1.3671875,-0.06103515625,-0.13427734375,-0.03662109375,-0.732421875,0.08544921875,0.93994140625,0.15869140625,0.25634765625,0.25634765625,-0.341796875,0.244140625,-0.84228515625,-0.0732421875,-0.390625,-0.048828125,-0.7080078125,0.244140625,-0.18310546875,-0.341796875,-0.6591796875,-0.48828125,-0.47607421875,-0.048828125,0.5126953125,-0.341796875,1.7822265625,-0.439453125,0.5126953125,-0.2197265625,-0.09765625,-0.18310546875,0.7568359375,-0.45166015625,0.69580078125,-0.87890625,0.537109375,0.18310546875,0.62255859375,-0.32958984375,0.1220703125,0.390625,0.40283203125,0.13427734375,1.123046875,0.03662109375,0.23193359375,0.15869140625,0.28076171875,-0.01220703125,0.3662109375,0.1953125,0.8056640625,0.146484375,0.06103515625,0,1.40380859375,-0.1953125,-0.9033203125,0,-0.3173828125,-0.15869140625,-0.98876953125,-0.37841796875,-0.732421875,0.0244140625,-1.46484375,0.15869140625,-0.23193359375,-0.0244140625,-0.23193359375,0.25634765625,-1.20849609375,-0.5126953125,-1.01318359375,-0.09765625,-0.7568359375,-0.25634765625,-0.76904296875,0.28076171875,-0.20751953125,0.15869140625,-0.72021484375,0.1708984375,-1.416015625,-0.1708984375,-1.01318359375,0.1708984375,0.45166015625,0.048828125,-0.048828125,-0.048828125,-0.537109375,-0.0244140625,-0.37841796875,-0.09765625,-0.5615234375,0.03662109375,0.01220703125,-0.048828125,0.91552734375,0.08544921875,-0.42724609375,0.18310546875,-0.48828125
1,-0.18310546875,-0.3662109375,0.0244140625,-0.2685546875,-0.1220703125,-0.37841796875,0.18310546875,0.06103515625,-0.048828125,-0.146484375,-0.0244140625,-1.06201171875,0.20751953125,0.74462890625,-0.23193359375,-0.20751953125,-0.08544921875,2.6611328125,0.439453125,2.9541015625,-0.18310546875,4.8095703125,0.10986328125,1.904296875,-0.08544921875,-0.146484375,-0.01220703125,-0.732421875,0.1708984375,0.93994140625,0.18310546875,0.25634765625,0.2685546875,-0.390625,0.1708984375,-0.84228515625,-0.13427734375,-0.390625,-0.10986328125,-0.68359375,0.15869140625,-0.18310546875,-0.4150390625,-0.67138671875,-0.64697265625,-0.54931640625,-0.09765625,0.5126953125,-0.341796875,1.7333984375,-0.37841796875,0.50048828125,-0.3173828125,-0.10986328125,-0.1953125,0.7568359375,-0.439453125,0.6591796875,-0.8056640625,0.50048828125,0.146484375,0.6103515625,-0.390625,0.09765625,0.37841796875,0.40283203125,0.0732421875,1.123046875,0.03662109375,0.244140625,0.1708984375,0.28076171875,-0.03662109375,0.37841796875,0.1220703125,0.830078125,0.1220703125,0.03662109375,-0.01220703125,1.40380859375,-0.2197265625,-0.89111328125,-0.06103515625,-0.32958984375,-0.18310546875,-0.96435546875,-0.3173828125,-0.732421875,0.0244140625,-1.45263671875,0.13427734375,-0.23193359375,-0.048828125,-0.2685546875,0.2197265625,-1.220703125,-0.48828125,-0.98876953125,-0.13427734375,-0.7568359375,-0.2685546875,-0.72021484375,0.3173828125,-0.20751953125,0.146484375,-0.732421875,0.06103515625,-1.42822265625,-0.13427734375,-1.025390625,0.244140625,0.4638671875,-0.01220703125,-0.01220703125,-0.13427734375,-0.52490234375,-0.08544921875,-0.35400390625,-0.18310546875,-0.57373046875,0,0.01220703125,-0.06103515625,0.927734375,0.1220703125,-0.4150390625,0.1708984375,-0.47607421875
1,-0.1953125,-0.3662109375,0.0244140625,-0.25634765625,-0.1220703125,-0.3662109375,0.1953125,0.08544921875,-0.03662109375,-0.146484375,0,-1.025390625,0.146484375,0.8056640625,-0.20751953125,-0.13427734375,-0.13427734375,3.33251953125,0.30517578125,3.55224609375,-0.146484375,5.72509765625,-0.0732421875,2.44140625,-0.03662109375,-0.13427734375,0.01220703125,-0.732421875,0.2197265625,0.927734375,0.18310546875,0.244140625,0.2685546875,-0.40283203125,0.13427734375,-0.84228515625,-0.1708984375,-0.40283203125,-0.15869140625,-0.7080078125,0.0244140625,-0.18310546875,-0.45166015625,-0.6591796875,-0.732421875,-0.54931640625,-0.13427734375,0.48828125,-0.3662109375,1.72119140625,-0.30517578125,0.48828125,-0.3662109375,-0.1220703125,-0.2197265625,0.7568359375,-0.47607421875,0.64697265625,-0.79345703125,0.47607421875,0.146484375,0.62255859375,-0.48828125,0.08544921875,0.37841796875,0.3662109375,0,1.0986328125,0.01220703125,0.25634765625,0.1708984375,0.2685546875,-0.0732421875,0.35400390625,0.06103515625,0.830078125,0.09765625,0.048828125,0.01220703125,1.416015625,-0.244140625,-0.91552734375,-0.1220703125,-0.3173828125,-0.20751953125,-0.98876953125,-0.2197265625,-0.74462890625,0.0244140625,-1.45263671875,0.08544921875,-0.2197265625,-0.0244140625,-0.28076171875,0.0732421875,-1.26953125,-0.37841796875,-0.96435546875,-0.1708984375,-0.732421875,-0.20751953125,-0.72021484375,0.32958984375,-0.1953125,0.09765625,-0.732421875,-0.048828125,-1.4404296875,-0.146484375,-1.025390625,0.28076171875,0.45166015625,0.01220703125,0.0732421875,-0.1220703125,-0.42724609375,-0.08544921875,-0.32958984375,-0.1953125,-0.537109375,-0.0244140625,0.01220703125,-0.06103515625,0.927734375,0.1220703125,-0.4150390625,0.1220703125,-0.45166015625
1,-0.20751953125,-0.35400390625,-0.01220703125,-0.25634765625,-0.1220703125,-0.3662109375,0.1953125,0.0732421875,0,-0.1220703125,-0.01220703125,-0.96435546875,0.18310546875,0.87890625,-0.1953125,-0.1220703125,-0.10986328125,3.955078125,0.23193359375,4.11376953125,-0.10986328125,6.54296875,-0.244140625,2.94189453125,0.0244140625,-0.1220703125,0,-0.732421875,0.20751953125,0.9521484375,0.1953125,0.244140625,0.1708984375,-0.37841796875,0.1708984375,-0.86669921875,-0.2197265625,-0.40283203125,-0.20751953125,-0.69580078125,0,-0.1953125,-0.4638671875,-0.64697265625,-0.74462890625,-0.5126953125,-0.1220703125,0.47607421875,-0.42724609375,1.72119140625,-0.20751953125,0.47607421875,-0.341796875,-0.13427734375,-0.1953125,0.74462890625,-0.537109375,0.6103515625,-0.79345703125,0.4638671875,0.13427734375,0.634765625,-0.52490234375,0.0732421875,0.341796875,0.30517578125,-0.09765625,1.08642578125,0,0.28076171875,0.1220703125,0.25634765625,-0.146484375,0.3173828125,0,0.81787109375,0.048828125,0.03662109375,0,1.40380859375,-0.2197265625,-0.89111328125,-0.1708984375,-0.3173828125,-0.1708984375,-0.98876953125,-0.146484375,-0.74462890625,0.01220703125,-1.46484375,0,-0.2197265625,-0.0244140625,-0.30517578125,-0.08544921875,-1.25732421875,-0.28076171875,-0.98876953125,-0.28076171875,-0.732421875,-0.18310546875,-0.69580078125,0.244140625,-0.18310546875,0.01220703125,-0.76904296875,-0.1708984375,-1.46484375,-0.13427734375,-1.03759765625,0.23193359375,0.4638671875,0.06103515625,0.146484375,-0.10986328125,-0.35400390625,-0.03662109375,-0.25634765625,-0.10986328125,-0.40283203125,-0.0244140625,0,-0.08544921875,0.91552734375,0.13427734375,-0.390625,0.10986328125,-0.4638671875
1,-0.1953125,-0.32958984375,-0.048828125,-0.2685546875,-0.08544921875,-0.341796875,0.1708984375,0.06103515625,0.06103515625,-0.10986328125,-0.03662109375,-0.96435546875,0.1953125,0.9033203125,-0.15869140625,-0.10986328125,-0.146484375,4.4921875,0.1953125,4.541015625,-0.146484375,7.1533203125,-0.42724609375,3.3447265625,0.1220703125,-0.09765625,0,-0.74462890625,0.15869140625,0.96435546875,0.15869140625,0.244140625,0.0244140625,-0.35400390625,0.146484375,-0.8544921875,-0.2685546875,-0.42724609375,-0.1953125,-0.7080078125,-0.048828125,-0.1953125,-0.42724609375,-0.64697265625,-0.81787109375,-0.47607421875,-0.0732421875,0.4638671875,-0.3662109375,1.7822265625,-0.10986328125,0.4638671875,-0.3173828125,-0.13427734375,-0.10986328125,0.74462890625,-0.57373046875,0.59814453125,-0.7568359375,0.47607421875,0.10986328125,0.67138671875,-0.48828125,0.0732421875,0.2685546875,0.23193359375,-0.15869140625,1.08642578125,-0.0244140625,0.28076171875,0.06103515625,0.23193359375,-0.1953125,0.29296875,-0.048828125,0.84228515625,0.06103515625,0.06103515625,-0.0244140625,1.3916015625,-0.1708984375,-0.89111328125,-0.20751953125,-0.3173828125,-0.1220703125,-0.98876953125,-0.09765625,-0.7568359375,0.03662109375,-1.4892578125,-0.10986328125,-0.2197265625,-0.10986328125,-0.29296875,-0.1953125,-1.26953125,-0.1220703125,-0.98876953125,-0.32958984375,-0.69580078125,-0.13427734375,-0.7080078125,0.1708984375,-0.15869140625,-0.0732421875,-0.7080078125,-0.15869140625,-1.4404296875,-0.146484375,-1.03759765625,0.1953125,0.4638671875,0,0.25634765625,-0.15869140625,-0.20751953125,-0.09765625,-0.1708984375,-0.1708984375,-0.244140625,-0.0244140625,0.01220703125,-0.09765625,0.91552734375,0.09765625,-0.3662109375,0.08544921875,-0.4638671875
0,-0.20751953125,-0.341796875,-0.06103515625,-0.29296875,-0.0732421875,-0.35400390625,0.1708984375,0.03662109375,0.1220703125,-0.13427734375,-0.06103515625,-0.96435546875,0.13427734375,0.91552734375,-0.09765625,-0.15869140625,-0.15869140625,4.8828125,0.2197265625,4.82177734375,-0.2197265625,7.5927734375,-0.5126953125,3.64990234375,0.20751953125,-0.0732421875,-0.03662109375,-0.74462890625,0.0732421875,0.9521484375,0.146484375,0.244140625,-0.20751953125,-0.3173828125,0.1708984375,-0.86669921875,-0.2685546875,-0.40283203125,-0.244140625,-0.69580078125,-0.048828125,-0.18310546875,-0.341796875,-0.6591796875,-0.81787109375,-0.390625,-0.01220703125,0.50048828125,-0.35400390625,1.84326171875,-0.0732421875,0.4638671875,-0.29296875,-0.146484375,-0.03662109375,0.7568359375,-0.57373046875,0.59814453125,-0.7568359375,0.47607421875,0,0.7080078125,-0.42724609375,0.08544921875,0.15869140625,0.18310546875,-0.1953125,1.06201171875,-0.01220703125,0.25634765625,0.0244140625,0.20751953125,-0.20751953125,0.28076171875,-0.0244140625,0.8544921875,0.06103515625,0.048828125,-0.048828125,1.37939453125,-0.1220703125,-0.9521484375,-0.2197265625,-0.341796875,-0.0732421875,-1.01318359375,-0.0732421875,-0.76904296875,0.048828125,-1.47705078125,-0.1953125,-0.23193359375,-0.2197265625,-0.30517578125,-0.28076171875,-1.2451171875,-0.03662109375,-0.98876953125,-0.3173828125,-0.6591796875,-0.0732421875,-0.7080078125,0.09765625,-0.146484375,-0.15869140625,-0.7080078125,-0.10986328125,-1.416015625,-0.20751953125,-1.03759765625,0.09765625,0.45166015625,-0.01220703125,0.37841796875,-0.1708984375,-0.048828125,-0.09765625,-0.08544921875,-0.20751953125,-0.01220703125,-0.048828125,0.0244140625,-0.10986328125,0.9033203125,0.09765625,-0.3662109375,0.09765625,-0.45166015625
0,-0.15869140625,-0.35400390625,-0.048828125,-0.29296875,-0.048828125,-0.35400390625,0.15869140625,0.01220703125,0.15869140625,-0.15869140625,-0.048828125,-0.9765625,0.08544921875,0.87890625,-0.048828125,-0.20751953125,-0.1708984375,5.11474609375,0.35400390625,4.98046875,-0.2685546875,7.8125,-0.47607421875,3.79638671875,0.28076171875,-0.0732421875,-0.0244140625,-0.74462890625,-0.01220703125,0.9765625,0.10986328125,0.23193359375,-0.40283203125,-0.25634765625,0.1708984375,-0.8544921875,-0.25634765625,-0.37841796875,-0.2685546875,-0.7080078125,0,-0.1953125,-0.2685546875,-0.67138671875,-0.9521484375,-0.3173828125,0.0732421875,0.5126953125,-0.4150390625,1.9287109375,-0.08544921875,0.4638671875,-0.28076171875,-0.18310546875,0,0.76904296875,-0.537109375,0.634765625,-0.78125,0.5126953125,-0.048828125,0.74462890625,-0.3173828125,0.10986328125,0.06103515625,0.1708984375,-0.20751953125,1.06201171875,-0.03662109375,0.244140625,-0.0244140625,0.1953125,-0.2685546875,0.29296875,-0.048828125,0.81787109375,0.10986328125,0.06103515625,-0.06103515625,1.37939453125,-0.03662109375,-0.96435546875,-0.1953125,-0.341796875,0.01220703125,-0.98876953125,-0.08544921875,-0.76904296875,0.048828125,-1.4892578125,-0.244140625,-0.244140625,-0.29296875,-0.30517578125,-0.28076171875,-1.23291015625,0.01220703125,-0.9521484375,-0.30517578125,-0.62255859375,-0.1220703125,-0.732421875,-0.01220703125,-0.10986328125,-0.23193359375,-0.67138671875,0,-1.416015625,-0.25634765625,-1.025390625,-0.0244140625,0.439453125,0.01220703125,0.54931640625,-0.10986328125,0.10986328125,-0.048828125,0.01220703125,-0.10986328125,0.1708984375,-0.0244140625,0,-0.146484375,0.89111328125,0.06103515625,-0.37841796875,0.10986328125,-0.4638671875
0,-0.15869140625,-0.35400390625,-0.0732421875,-0.29296875,-0.0732421875,-0.3662109375,0.1220703125,-0.01220703125,0.1708984375,-0.1953125,-0.0732421875,-1.025390625,0.13427734375,0.8544921875,0.01220703125,-0.28076171875,-0.18310546875,5.16357421875,0.439453125,4.9560546875,-0.35400390625,7.75146484375,-0.341796875,3.80859375,0.25634765625,-0.06103515625,-0.03662109375,-0.7568359375,-0.10986328125,0.98876953125,0.06103515625,0.23193359375,-0.50048828125,-0.20751953125,0.146484375,-0.84228515625,-0.20751953125,-0.35400390625,-0.25634765625,-0.7080078125,0.08544921875,-0.18310546875,-0.18310546875,-0.67138671875,-1.0009765625,-0.23193359375,0.13427734375,0.54931640625,-0.4150390625,2.01416015625,-0.09765625,0.48828125,-0.29296875,-0.1708984375,0.048828125,0.78125,-0.54931640625,0.67138671875,-0.830078125,0.54931640625,-0.0244140625,0.79345703125,-0.20751953125,0.13427734375,-0.0244140625,0.1708984375,-0.18310546875,1.06201171875,-0.03662109375,0.20751953125,-0.08544921875,0.18310546875,-0.29296875,0.30517578125,-0.06103515625,0.81787109375,0.1708984375,0.048828125,-0.09765625,1.37939453125,0.0244140625,-0.98876953125,-0.13427734375,-0.341796875,0.06103515625,-0.98876953125,-0.09765625,-0.76904296875,0.01220703125,-1.50146484375,-0.23193359375,-0.244140625,-0.4150390625,-0.30517578125,-0.1953125,-1.20849609375,0.01220703125,-0.927734375,-0.244140625,-0.5615234375,-0.1708984375,-0.7568359375,-0.08544921875,-0.03662109375,-0.244140625,-0.68359375,0.08544921875,-1.416015625,-0.29296875,-1.025390625,-0.0732421875,0.439453125,-0.048828125,0.69580078125,-0.10986328125,0.2685546875,-0.0732421875,0.10986328125,-0.20751953125,0.3662109375,-0.03662109375,-0.01220703125,-0.146484375,0.87890625,0.06103515625,-0.390625,0.10986328125,-0.439453125
0,-0.1708984375,-0.3662109375,-0.08544921875,-0.3173828125,-0.08544921875,-0.37841796875,0.09765625,-0.01220703125,0.18310546875,-0.23193359375,-0.03662109375,-1.08642578125,0.13427734375,0.830078125,0.06103515625,-0.32958984375,-0.18310546875,4.98046875,0.5126953125,4.7119140625,-0.40283203125,7.4951171875,-0.146484375,3.6376953125,0.23193359375,-0.09765625,-0.048828125,-0.74462890625,-0.146484375,0.9765625,0,0.244140625,-0.48828125,-0.1708984375,0.1220703125,-0.84228515625,-0.146484375,-0.341796875,-0.2197265625,-0.68359375,0.1953125,-0.1708984375,-0.1708984375,-0.68359375,-0.96435546875,-0.15869140625,0.244140625,0.5615234375,-0.537109375,2.1240234375,-0.1220703125,0.5126953125,-0.29296875,-0.1708984375,0.08544921875,0.76904296875,-0.5615234375,0.68359375,-0.86669921875,0.57373046875,-0.0732421875,0.830078125,-0.1220703125,0.146484375,-0.1220703125,0.23193359375,-0.18310546875,1.07421875,-0.03662109375,0.1953125,-0.13427734375,0.20751953125,-0.3173828125,0.3173828125,-0.08544921875,0.81787109375,0.1953125,0.06103515625,-0.1220703125,1.37939453125,0.03662109375,-1.0009765625,-0.06103515625,-0.3173828125,0.08544921875,-0.98876953125,-0.08544921875,-0.76904296875,-0.06103515625,-1.47705078125,-0.2197265625,-0.25634765625,-0.50048828125,-0.28076171875,-0.06103515625,-1.18408203125,0,-0.89111328125,-0.1708984375,-0.5126953125,-0.2197265625,-0.74462890625,-0.09765625,-0.01220703125,-0.2197265625,-0.69580078125,0.13427734375,-1.40380859375,-0.341796875,-1.025390625,-0.1220703125,0.439453125,-0.0244140625,0.830078125,-0.10986328125,0.42724609375,-0.0732421875,0.2197265625,-0.1953125,0.48828125,-0.03662109375,0,-0.15869140625,0.9033203125,0.06103515625,-0.4150390625,0.09765625,-0.45166015625
0,-0.18310546875,-0.390625,-0.10986328125,-0.30517578125,-0.09765625,-0.4150390625,0.09765625,-0.01220703125,0.15869140625,-0.2685546875,-0.01220703125,-1.123046875,0.146484375,0.8544921875,0.06103515625,-0.35400390625,-0.18310546875,4.60205078125,0.6103515625,4.3701171875,-0.4150390625,7.01904296875,0.06103515625,3.3203125,0.146484375,-0.1220703125,-0.08544921875,-0.74462890625,-0.1708984375,1.0009765625,-0.10986328125,0.23193359375,-0.3662109375,-0.1953125,0.03662109375,-0.830078125,-0.08544921875,-0.32958984375,-0.13427734375,-0.69580078125,0.2685546875,-0.15869140625,-0.20751953125,-0.69580078125,-0.87890625,-0.1708984375,0.2685546875,0.59814453125,-0.62255859375,2.1240234375,-0.15869140625,0.537109375,-0.30517578125,-0.1708984375,0.06103515625,0.78125,-0.5859375,0.67138671875,-0.8544921875,0.634765625,-0.01220703125,0.8544921875,-0.10986328125,0.146484375,-0.2197265625,0.29296875,-0.146484375,1.08642578125,-0.06103515625,0.18310546875,-0.13427734375,0.23193359375,-0.30517578125,0.341796875,-0.1220703125,0.79345703125,0.1953125,0.06103515625,-0.1220703125,1.3916015625,0.048828125,-0.9765625,0.03662109375,-0.30517578125,0.10986328125,-0.9765625,-0.08544921875,-0.732421875,-0.13427734375,-1.47705078125,-0.13427734375,-0.23193359375,-0.57373046875,-0.25634765625,0.08544921875,-1.18408203125,-0.01220703125,-0.8544921875,-0.048828125,-0.47607421875,-0.30517578125,-0.732421875,-0.08544921875,0.01220703125,-0.1220703125,-0.69580078125,0.1708984375,-1.3916015625,-0.341796875,-1.0009765625,-0.146484375,0.439453125,0.01220703125,0.98876953125,-0.03662109375,0.57373046875,-0.0244140625,0.29296875,-0.06103515625,0.5859375,-0.048828125,-0.01220703125,-0.15869140625,0.91552734375,0.09765625,-0.42724609375,0.0732421875,-0.4638671875
0,-0.18310546875,-0.390625,-0.08544921875,-0.30517578125,-0.08544921875,-0.40283203125,0.06103515625,0.0244140625,0.1220703125,-0.29296875,0.0732421875,-1.13525390625,0.146484375,0.98876953125,0.048828125,-0.341796875,-0.1953125,4.052734375,0.69580078125,3.857421875,-0.390625,6.33544921875,0.244140625,2.89306640625,0.048828125,-0.13427734375,-0.1220703125,-0.732421875,-0.2197265625,0.98876953125,-0.18310546875,0.2685546875,-0.18310546875,-0.20751953125,-0.0732421875,-0.830078125,-0.0732421875,-0.341796875,-0.048828125,-0.68359375,0.3173828125,-0.146484375,-0.244140625,-0.68359375,-0.69580078125,-0.18310546875,0.23193359375,0.59814453125,-0.62255859375,2.1240234375,-0.25634765625,0.537109375,-0.3173828125,-0.18310546875,-0.01220703125,0.79345703125,-0.57373046875,0.69580078125,-0.79345703125,0.67138671875,0.06103515625,0.830078125,-0.10986328125,0.15869140625,-0.30517578125,0.35400390625,-0.146484375,1.11083984375,-0.06103515625,0.18310546875,-0.146484375,0.25634765625,-0.28076171875,0.3662109375,-0.09765625,0.79345703125,0.2197265625,0.06103515625,-0.09765625,1.40380859375,0.048828125,-0.9521484375,0.1220703125,-0.28076171875,0.08544921875,-1.0009765625,-0.03662109375,-0.72021484375,-0.20751953125,-1.47705078125,-0.0732421875,-0.244140625,-0.5615234375,-0.2685546875,0.20751953125,-1.1962890625,-0.08544921875,-0.81787109375,0.01220703125,-0.47607421875,-0.32958984375,-0.732421875,-0.03662109375,0.03662109375,0,-0.7080078125,0.146484375,-1.40380859375,-0.390625,-0.98876953125,-0.146484375,0.439453125,-0.01220703125,1.13525390625,-0.10986328125,0.68359375,-0.08544921875,0.37841796875,-0.15869140625,0.64697265625,-0.0732421875,-0.01220703125,-0.1708984375,0.9033203125,0.10986328125,-0.439453125,0.06103515625,-0.4638671875
0,-0.1953125,-0.40283203125,-0.1220703125,-0.2685546875,-0.08544921875,-0.40283203125,0.08544921875,0.03662109375,0.08544921875,-0.244140625,0.13427734375,-1.07421875,0.1220703125,1.220703125,0,-0.29296875,-0.1220703125,3.38134765625,0.732421875,3.22265625,-0.3173828125,5.517578125,0.341796875,2.35595703125,-0.0732421875,-0.15869140625,-0.13427734375,-0.7568359375,-0.23193359375,0.98876953125,-0.244140625,0.25634765625,0.0244140625,-0.244140625,-0.09765625,-0.830078125,-0.0244140625,-0.3662109375,-0.03662109375,-0.7080078125,0.30517578125,-0.15869140625,-0.29296875,-0.67138671875,-0.5126953125,-0.1708984375,0.244140625,0.5615234375,-0.6591796875,2.099609375,-0.32958984375,0.52490234375,-0.32958984375,-0.146484375,-0.06103515625,0.78125,-0.537109375,0.69580078125,-0.78125,0.69580078125,0.146484375,0.79345703125,-0.1220703125,0.1708984375,-0.3662109375,0.40283203125,-0.1220703125,1.0986328125,-0.048828125,0.20751953125,-0.146484375,0.25634765625,-0.29296875,0.390625,-0.13427734375,0.78125,0.20751953125,0.03662109375,-0.03662109375,1.40380859375,0.048828125,-0.927734375,0.20751953125,-0.30517578125,0.048828125,-1.0009765625,-0.0244140625,-0.72021484375,-0.244140625,-1.4892578125,-0.01220703125,-0.23193359375,-0.45166015625,-0.2685546875,0.25634765625,-1.1962890625,-0.10986328125,-0.8056640625,0.048828125,-0.47607421875,-0.341796875,-0.7080078125,0.0244140625,0.0244140625,0.15869140625,-0.7080078125,0.09765625,-1.3916015625,-0.40283203125,-0.98876953125,-0.13427734375,0.4150390625,0,1.2451171875,-0.10986328125,0.8056640625,-0.0732421875,0.439453125,-0.15869140625,0.67138671875,-0.0732421875,0.01220703125,-0.15869140625,0.93994140625,0.13427734375,-0.45166015625,0.0244140625,-0.4638671875
0,-0.18310546875,-0.390625,-0.1220703125,-0.25634765625,-0.06103515625,-0.4150390625,0.0732421875,0.0732421875,0.0244140625,-0.1708984375,0.15869140625,-1.01318359375,0.146484375,1.5869140625,-0.06103515625,-0.1953125,-0.10986328125,2.62451171875,0.732421875,2.5146484375,-0.146484375,4.60205078125,0.3662109375,1.74560546875,-0.15869140625,-0.15869140625,-0.15869140625,-0.74462890625,-0.25634765625,0.96435546875,-0.2685546875,0.2685546875,0.1708984375,-0.29296875,-0.06103515625,-0.84228515625,-0.0244140625,-0.390625,0.048828125,-0.7080078125,0.28076171875,-0.1708984375,-0.341796875,-0.68359375,-0.3662109375,-0.23193359375,0.2685546875,0.54931640625,-0.6103515625,2.01416015625,-0.40283203125,0.52490234375,-0.3173828125,-0.13427734375,-0.0732421875,0.7568359375,-0.54931640625,0.68359375,-0.74462890625,0.74462890625,0.30517578125,0.732421875,-0.146484375,0.15869140625,-0.439453125,0.439453125,-0.0244140625,1.123046875,-0.0732421875,0.2197265625,-0.13427734375,0.2685546875,-0.2685546875,0.37841796875,-0.0732421875,0.79345703125,0.1708984375,0.0244140625,0.0244140625,1.37939453125,0.09765625,-0.9033203125,0.2197265625,-0.3173828125,0.01220703125,-1.01318359375,0,-0.732421875,-0.28076171875,-1.46484375,0.03662109375,-0.2197265625,-0.30517578125,-0.28076171875,0.25634765625,-1.18408203125,-0.146484375,-0.81787109375,0.06103515625,-0.48828125,-0.28076171875,-0.7080078125,0.0732421875,0.01220703125,0.28076171875,-0.732421875,0.03662109375,-1.40380859375,-0.341796875,-0.98876953125,-0.09765625,0.439453125,0.0244140625,1.35498046875,-0.09765625,0.9033203125,-0.0732421875,0.5126953125,-0.1220703125,0.68359375,-0.08544921875,0.01220703125,-0.13427734375,0.93994140625,0.1220703125,-0.439453125,0.0244140625,-0.4638671875
0,-0.1953125,-0.37841796875,-0.1220703125,-0.25634765625,-0.048828125,-0.390625,0.0732421875,0.06103515625,0,-0.08544921875,0.1953125,-0.86669921875,0.08544921875,2.0751953125,-0.10986328125,-0.03662109375,-0.08544921875,1.79443359375,0.64697265625,1.77001953125,0.01220703125,3.67431640625,0.28076171875,1.13525390625,-0.2197265625,-0.13427734375,-0.20751953125,-0.74462890625,-0.2685546875,0.96435546875,-0.23193359375,0.2685546875,0.244140625,-0.341796875,0.08544921875,-0.830078125,-0.0732421875,-0.439453125,0.10986328125,-0.69580078125,0.244140625,-0.1953125,-0.3173828125,-0.67138671875,-0.28076171875,-0.30517578125,0.2685546875,0.5126953125,-0.72021484375,1.8798828125,-0.390625,0.52490234375,-0.32958984375,-0.13427734375,-0.10986328125,0.7568359375,-0.5615234375,0.67138671875,-0.64697265625,0.7568359375,0.40283203125,0.64697265625,-0.20751953125,0.13427734375,-0.439453125,0.40283203125,0.048828125,1.123046875,-0.08544921875,0.23193359375,-0.10986328125,0.28076171875,-0.2685546875,0.37841796875,-0.09765625,0.81787109375,0.1953125,0,0.06103515625,1.3916015625,0.13427734375,-0.86669921875,0.2197265625,-0.29296875,-0.06103515625,-1.0009765625,-0.0244140625,-0.7080078125,-0.28076171875,-1.47705078125,0.048828125,-0.244140625,-0.18310546875,-0.28076171875,0.1953125,-1.20849609375,-0.20751953125,-0.87890625,-0.03662109375,-0.5126953125,-0.1953125,-0.7080078125,0.1220703125,-0.01220703125,0.32958984375,-0.732421875,0.03662109375,-1.416015625,-0.20751953125,-0.98876953125,-0.08544921875,0.42724609375,0.048828125,1.42822265625,-0.08544921875,0.98876953125,-0.0732421875,0.5859375,-0.0732421875,0.69580078125,-0.10986328125,0,-0.1220703125,0.91552734375,0.13427734375,-0.439453125,0.03662109375,-0.47607421875
0,-0.18310546875,-0.3662109375,-0.1220703125,-0.2685546875,-0.06103515625,-0.3662109375,0.06103515625,0.0732421875,0.01220703125,0.10986328125,0.18310546875,-0.7080078125,-0.01220703125,2.6611328125,-0.20751953125,0.146484375,-0.09765625,1.01318359375,0.54931640625,1.0498046875,0.18310546875,2.74658203125,0.146484375,0.54931640625,-0.25634765625,-0.1220703125,-0.2685546875,-0.74462890625,-0.25634765625,0.9765625,-0.09765625,0.2685546875,0.1953125,-0.3662109375,0.18310546875,-0.830078125,-0.1220703125,-0.4638671875,0.15869140625,-0.69580078125,0.18310546875,-0.1953125,-0.30517578125,-0.6591796875,-0.35400390625,-0.32958984375,0.28076171875,0.47607421875,-0.7568359375,1.72119140625,-0.4150390625,0.52490234375,-0.3173828125,-0.146484375,-0.08544921875,0.74462890625,-0.57373046875,0.6591796875,-0.59814453125,0.7568359375,0.4638671875,0.57373046875,-0.341796875,0.1220703125,-0.439453125,0.35400390625,0.10986328125,1.123046875,-0.09765625,0.244140625,-0.10986328125,0.29296875,-0.20751953125,0.35400390625,-0.08544921875,0.81787109375,0.18310546875,0.0244140625,0.146484375,1.3671875,0.13427734375,-0.87890625,0.18310546875,-0.30517578125,-0.08544921875,-1.0009765625,-0.03662109375,-0.7080078125,-0.2197265625,-1.4892578125,0.0244140625,-0.2197265625,-0.01220703125,-0.30517578125,0.146484375,-1.20849609375,-0.244140625,-0.9521484375,-0.15869140625,-0.54931640625,-0.10986328125,-0.732421875,0.15869140625,-0.048828125,0.3173828125,-0.69580078125,0.06103515625,-1.40380859375,-0.09765625,-1.025390625,-0.08544921875,0.4150390625,0.06103515625,1.47705078125,-0.06103515625,1.0498046875,-0.06103515625,0.62255859375,-0.03662109375,0.732421875,-0.09765625,-0.01220703125,-0.08544921875,0.91552734375,0.1220703125,-0.42724609375,0.0732421875,-0.4638671875
0,-0.20751953125,-0.35400390625,-0.09765625,-0.2685546875,-0.08544921875,-0.37841796875,0.0732421875,0.06103515625,0.0244140625,0.29296875,0.10986328125,-0.5126953125,-0.0732421875,3.30810546875,-0.25634765625,0.37841796875,-0.13427734375,0.2685546875,0.5126953125,0.390625,0.25634765625,1.91650390625,0.0244140625,-0.01220703125,-0.244140625,-0.1220703125,-0.30517578125,-0.7568359375,-0.23193359375,0.9765625,0.0244140625,0.244140625,0.08544921875,-0.37841796875,0.2685546875,-0.84228515625,-0.1708984375,-0.47607421875,0.15869140625,-0.732421875,0.13427734375,-0.20751953125,-0.28076171875,-0.634765625,-0.3662109375,-0.40283203125,0.30517578125,0.4638671875,-0.7080078125,1.55029296875,-0.32958984375,0.50048828125,-0.28076171875,-0.13427734375,-0.0732421875,0.732421875,-0.634765625,0.6591796875,-0.5126953125,0.74462890625,0.48828125,0.52490234375,-0.4150390625,0.10986328125,-0.40283203125,0.3173828125,0.15869140625,1.0986328125,-0.0732421875,0.25634765625,-0.08544921875,0.25634765625,-0.1953125,0.3173828125,-0.03662109375,0.81787109375,0.09765625,0,0.1953125,1.37939453125,0.15869140625,-0.8544921875,0.09765625,-0.30517578125,-0.13427734375,-0.98876953125,-0.08544921875,-0.74462890625,-0.10986328125,-1.4892578125,-0.03662109375,-0.20751953125,0.0732421875,-0.30517578125,0.06103515625,-1.1962890625,-0.18310546875,-1.03759765625,-0.29296875,-0.59814453125,-0.01220703125,-0.732421875,0.18310546875,-0.08544921875,0.25634765625,-0.69580078125,0.09765625,-1.416015625,-0.01220703125,-1.01318359375,-0.08544921875,0.42724609375,0.0732421875,1.50146484375,-0.01220703125,1.11083984375,-0.06103515625,0.67138671875,-0.0244140625,0.7568359375,-0.10986328125,0.01220703125,-0.0732421875,0.9033203125,0.10986328125,-0.4150390625,0.09765625,-0.48828125
0,-0.18310546875,-0.341796875,-0.10986328125,-0.28076171875,-0.09765625,-0.35400390625,0.06103515625,0.06103515625,0.09765625,0.537109375,0.03662109375,-0.30517578125,0.03662109375,3.955078125,-0.32958984375,0.62255859375,-0.18310546875,-0.37841796875,0.42724609375,-0.15869140625,0.2197265625,1.20849609375,-0.08544921875,-0.48828125,-0.18310546875,-0.10986328125,-0.3173828125,-0.74462890625,-0.1953125,0.96435546875,0.15869140625,0.25634765625,-0.048828125,-0.390625,0.32958984375,-0.84228515625,-0.18310546875,-0.47607421875,0.146484375,-0.732421875,0.03662109375,-0.23193359375,-0.25634765625,-0.6591796875,-0.4638671875,-0.439453125,0.25634765625,0.439453125,-0.6591796875,1.37939453125,-0.30517578125,0.48828125,-0.25634765625,-0.15869140625,-0.08544921875,0.732421875,-0.7568359375,0.634765625,-0.42724609375,0.732421875,0.45166015625,0.47607421875,-0.45166015625,0.1220703125,-0.3662109375,0.23193359375,0.1953125,1.07421875,-0.048828125,0.25634765625,-0.08544921875,0.2197265625,-0.15869140625,0.29296875,-0.048828125,0.81787109375,0.09765625,0,0.2197265625,1.3427734375,0.146484375,-0.87890625,0.0244140625,-0.30517578125,-0.146484375,-0.98876953125,-0.13427734375,-0.74462890625,0.01220703125,-1.47705078125,-0.08544921875,-0.20751953125,0.0732421875,-0.2685546875,-0.01220703125,-1.1962890625,-0.2197265625,-1.0986328125,-0.40283203125,-0.64697265625,0.048828125,-0.7568359375,0.20751953125,-0.1220703125,0.146484375,-0.7080078125,0.1220703125,-1.416015625,0.0244140625,-1.01318359375,-0.08544921875,0.4150390625,0.0732421875,1.4892578125,-0.01220703125,1.11083984375,-0.06103515625,0.67138671875,0,0.8056640625,-0.1220703125,0,-0.08544921875,0.8544921875,0.10986328125,-0.40283203125,0.10986328125,-0.47607421875
0,-0.18310546875,-0.35400390625,-0.146484375,-0.2685546875,-0.08544921875,-0.35400390625,0.03662109375,0.048828125,0.1220703125,0.7568359375,-0.01220703125,-0.10986328125,0.08544921875,4.55322265625,-0.390625,0.8544921875,-0.25634765625,-0.89111328125,0.37841796875,-0.59814453125,0.09765625,0.64697265625,-0.146484375,-0.84228515625,-0.1220703125,-0.10986328125,-0.3173828125,-0.7568359375,-0.1220703125,0.9521484375,0.23193359375,0.25634765625,-0.10986328125,-0.390625,0.32958984375,-0.84228515625,-0.18310546875,-0.47607421875,0.09765625,-0.7080078125,-0.08544921875,-0.23193359375,-0.20751953125,-0.6591796875,-0.47607421875,-0.4638671875,0.244140625,0.4638671875,-0.5615234375,1.23291015625,-0.25634765625,0.48828125,-0.1708984375,-0.146484375,-0.01220703125,0.74462890625,-0.8056640625,0.64697265625,-0.40283203125,0.67138671875,0.37841796875,0.45166015625,-0.4150390625,0.13427734375,-0.3173828125,0.18310546875,0.20751953125,1.08642578125,-0.01220703125,0.244140625,-0.10986328125,0.1953125,-0.0732421875,0.2685546875,0.0244140625,0.81787109375,0.09765625,0.01220703125,0.2197265625,1.3671875,0.15869140625,-0.89111328125,-0.0732421875,-0.30517578125,-0.1220703125,-0.9765625,-0.18310546875,-0.74462890625,0.1220703125,-1.4892578125,-0.1220703125,-0.20751953125,0.03662109375,-0.2685546875,0.01220703125,-1.18408203125,-0.18310546875,-1.1474609375,-0.4150390625,-0.6591796875,0.10986328125,-0.76904296875,0.25634765625,-0.146484375,-0.01220703125,-0.7080078125,0.1953125,-1.416015625,0.03662109375,-1.01318359375,-0.0732421875,0.439453125,0.0732421875,1.47705078125,0,1.0986328125,-0.06103515625,0.64697265625,0.03662109375,0.81787109375,-0.1220703125,-0.0244140625,-0.09765625,0.84228515625,0.08544921875,-0.4150390625,0.10986328125,-0.4638671875
0,-0.1708984375,-0.341796875,-0.13427734375,-0.25634765625,-0.048828125,-0.35400390625,0.01220703125,0.048828125,0.13427734375,0.96435546875,-0.048828125,0.06103515625,0.08544921875,5.09033203125,-0.42724609375,1.0498046875,-0.3173828125,-1.2451171875,0.341796875,-0.9033203125,-0.0732421875,0.28076171875,-0.15869140625,-1.08642578125,-0.01220703125,-0.10986328125,-0.244140625,-0.76904296875,-0.0732421875,0.9521484375,0.244140625,0.244140625,-0.15869140625,-0.3662109375,0.29296875,-0.84228515625,-0.1708984375,-0.439453125,0.01220703125,-0.7080078125,-0.2197265625,-0.23193359375,-0.146484375,-0.6591796875,-0.57373046875,-0.4638671875,0.20751953125,0.4638671875,-0.537109375,1.11083984375,-0.1953125,0.48828125,-0.1220703125,-0.13427734375,0.06103515625,0.74462890625,-0.84228515625,0.64697265625,-0.48828125,0.62255859375,0.3173828125,0.4638671875,-0.30517578125,0.13427734375,-0.30517578125,0.15869140625,0.25634765625,1.07421875,0.048828125,0.23193359375,-0.13427734375,0.18310546875,0,0.25634765625,0.048828125,0.81787109375,0.0244140625,0,0.18310546875,1.37939453125,0.1708984375,-0.93994140625,-0.18310546875,-0.32958984375,-0.09765625,-0.96435546875,-0.1953125,-0.732421875,0.1708984375,-1.50146484375,-0.146484375,-0.2197265625,-0.06103515625,-0.2685546875,0,-1.171875,-0.18310546875,-1.18408203125,-0.3662109375,-0.67138671875,0.06103515625,-0.76904296875,0.2685546875,-0.146484375,-0.1953125,-0.69580078125,0.1953125,-1.40380859375,0.0244140625,-0.98876953125,-0.0732421875,0.42724609375,0.0732421875,1.42822265625,0.03662109375,1.07421875,-0.048828125,0.59814453125,0.0732421875,0.84228515625,-0.1708984375,-0.0244140625,-0.08544921875,0.830078125,0.10986328125,-0.4150390625,0.146484375,-0.4638671875
1,-0.18310546875,-0.35400390625,-0.15869140625,-0.2685546875,-0.0732421875,-0.37841796875,-0.03662109375,0.03662109375,0.09765625,1.0986328125,-0.08544921875,0.1953125,0.08544921875,5.46875,-0.439453125,1.20849609375,-0.40283203125,-1.45263671875,0.3173828125,-1.03759765625,-0.29296875,0.0732421875,-0.13427734375,-1.25732421875,0.048828125,-0.10986328125,-0.18310546875,-0.7568359375,-0.01220703125,0.9765625,0.2197265625,0.23193359375,-0.09765625,-0.30517578125,0.20751953125,-0.81787109375,-0.146484375,-0.42724609375,-0.0732421875,-0.68359375,-0.32958984375,-0.18310546875,-0.146484375,-0.64697265625,-0.67138671875,-0.439453125,0.20751953125,0.52490234375,-0.54931640625,1.08642578125,-0.15869140625,0.48828125,-0.048828125,-0.13427734375,0.13427734375,0.732421875,-0.84228515625,0.6591796875,-0.59814453125,0.57373046875,0.2685546875,0.48828125,-0.23193359375,0.146484375,-0.20751953125,0.146484375,0.28076171875,1.06201171875,0.0732421875,0.2197265625,-0.1708984375,0.18310546875,0.0732421875,0.25634765625,0.08544921875,0.8056640625,0,0,0.15869140625,1.35498046875,0.1708984375,-0.93994140625,-0.20751953125,-0.3173828125,-0.048828125,-0.9521484375,-0.18310546875,-0.732421875,0.18310546875,-1.50146484375,-0.146484375,-0.23193359375,-0.2197265625,-0.25634765625,0.0244140625,-1.15966796875,-0.18310546875,-1.1474609375,-0.244140625,-0.64697265625,-0.06103515625,-0.7568359375,0.244140625,-0.13427734375,-0.3662109375,-0.732421875,0.18310546875,-1.40380859375,-0.0244140625,-1.0009765625,-0.08544921875,0.439453125,0.06103515625,1.37939453125,0.06103515625,1.01318359375,-0.048828125,0.54931640625,0.1708984375,0.830078125,-0.146484375,-0.01220703125,-0.10986328125,0.81787109375,0.1220703125,-0.439453125,0.13427734375,-0.4638671875
1,-0.20751953125,-0.341796875,-0.1953125,-0.2685546875,-0.06103515625,-0.37841796875,-0.06103515625,0.03662109375,0.0244140625,1.220703125,-0.09765625,0.244140625,0.03662109375,5.74951171875,-0.439453125,1.2939453125,-0.439453125,-1.513671875,0.3173828125,-1.0498046875,-0.4638671875,0.0244140625,-0.1220703125,-1.28173828125,0.0732421875,-0.1220703125,-0.13427734375,-0.732421875,0.06103515625,0.98876953125,0.1220703125,0.23193359375,-0.01220703125,-0.29296875,0.08544921875,-0.8056640625,-0.13427734375,-0.40283203125,-0.13427734375,-0.67138671875,-0.40283203125,-0.15869140625,-0.18310546875,-0.64697265625,-0.732421875,-0.40283203125,0.2197265625,0.57373046875,-0.57373046875,1.07421875,-0.09765625,0.50048828125,0.01220703125,-0.15869140625,0.25634765625,0.7568359375,-0.84228515625,0.6591796875,-0.732421875,0.50048828125,0.1953125,0.54931640625,-0.1220703125,0.15869140625,-0.0732421875,0.18310546875,0.29296875,1.0986328125,0.08544921875,0.20751953125,-0.15869140625,0.20751953125,0.1708984375,0.28076171875,0.13427734375,0.76904296875,0,0.0244140625,0.1220703125,1.37939453125,0.13427734375,-0.9765625,-0.20751953125,-0.30517578125,-0.03662109375,-0.93994140625,-0.1220703125,-0.74462890625,0.13427734375,-1.47705078125,-0.13427734375,-0.25634765625,-0.30517578125,-0.25634765625,0,-1.1474609375,-0.1220703125,-1.0986328125,-0.08544921875,-0.64697265625,-0.146484375,-0.74462890625,0.2685546875,-0.13427734375,-0.439453125,-0.7080078125,0.1220703125,-1.40380859375,-0.09765625,-0.98876953125,-0.1220703125,0.4638671875,0.048828125,1.30615234375,0.03662109375,0.91552734375,-0.0732421875,0.5126953125,0.13427734375,0.79345703125,-0.18310546875,0,-0.09765625,0.81787109375,0.15869140625,-0.4638671875,0.13427734375,-0.439453125
1,-0.18310546875,-0.3662109375,-0.1953125,-0.29296875,-0.06103515625,-0.390625,-0.08544921875,0.01220703125,-0.0244140625,1.26953125,-0.09765625,0.2685546875,0.09765625,5.89599609375,-0.4150390625,1.33056640625,-0.4638671875,-1.45263671875,0.25634765625,-0.98876953125,-0.62255859375,0.09765625,-0.13427734375,-1.2451171875,0.08544921875,-0.13427734375,-0.03662109375,-0.76904296875,0.10986328125,0.98876953125,0.048828125,0.23193359375,0.03662109375,-0.28076171875,-0.0732421875,-0.830078125,-0.1220703125,-0.390625,-0.1708984375,-0.69580078125,-0.37841796875,-0.13427734375,-0.29296875,-0.67138671875,-0.78125,-0.390625,0.20751953125,0.64697265625,-0.537109375,1.18408203125,-0.048828125,0.5126953125,0.06103515625,-0.18310546875,0.3173828125,0.76904296875,-0.9033203125,0.64697265625,-0.830078125,0.47607421875,0.1708984375,0.5859375,-0.13427734375,0.15869140625,0.09765625,0.2197265625,0.30517578125,1.08642578125,0.08544921875,0.23193359375,-0.13427734375,0.20751953125,0.18310546875,0.29296875,0.09765625,0.8056640625,-0.048828125,0.01220703125,0.048828125,1.416015625,0.1220703125,-0.96435546875,-0.13427734375,-0.30517578125,-0.03662109375,-0.9521484375,-0.03662109375,-0.7568359375,0.0732421875,-1.47705078125,-0.13427734375,-0.2685546875,-0.4150390625,-0.2685546875,-0.03662109375,-1.1474609375,-0.1220703125,-1.03759765625,0.03662109375,-0.64697265625,-0.25634765625,-0.74462890625,0.2197265625,-0.1220703125,-0.37841796875,-0.7080078125,0,-1.37939453125,-0.18310546875,-0.9765625,-0.1953125,0.4638671875,0.10986328125,1.2451171875,0.08544921875,0.8544921875,-0.0244140625,0.45166015625,0.18310546875,0.72021484375,-0.20751953125,0.0244140625,-0.0732421875,0.830078125,0.20751953125,-0.45166015625,0.1220703125,-0.45166015625
1,-0.15869140625,-0.3662109375,-0.1953125,-0.29296875,-0.06103515625,-0.42724609375,-0.06103515625,0,-0.06103515625,1.26953125,-0.0732421875,0.25634765625,0.1220703125,5.92041015625,-0.37841796875,1.30615234375,-0.4638671875,-1.3427734375,0.1953125,-0.8544921875,-0.76904296875,0.244140625,-0.2197265625,-1.1474609375,0.09765625,-0.1708984375,0.0244140625,-0.76904296875,0.1708984375,0.9765625,-0.01220703125,0.244140625,0.06103515625,-0.25634765625,-0.1953125,-0.79345703125,-0.146484375,-0.3662109375,-0.1953125,-0.67138671875,-0.29296875,-0.1220703125,-0.35400390625,-0.6591796875,-0.7080078125,-0.3662109375,0.25634765625,0.69580078125,-0.5615234375,1.30615234375,-0.06103515625,0.50048828125,0.08544921875,-0.15869140625,0.3662109375,0.76904296875,-0.87890625,0.6591796875,-0.93994140625,0.45166015625,0.13427734375,0.62255859375,-0.2685546875,0.15869140625,0.20751953125,0.2685546875,0.32958984375,1.0986328125,0.0732421875,0.2197265625,-0.08544921875,0.244140625,0.1953125,0.3173828125,0.146484375,0.8056640625,-0.06103515625,0.0244140625,-0.0244140625,1.40380859375,0.1220703125,-0.9521484375,-0.0732421875,-0.30517578125,-0.0244140625,-0.927734375,0.03662109375,-0.732421875,-0.01220703125,-1.45263671875,-0.1220703125,-0.28076171875,-0.47607421875,-0.28076171875,-0.0732421875,-1.15966796875,-0.09765625,-0.9521484375,0.15869140625,-0.634765625,-0.30517578125,-0.732421875,0.15869140625,-0.08544921875,-0.244140625,-0.72021484375,-0.146484375,-1.40380859375,-0.244140625,-0.9765625,-0.23193359375,0.47607421875,0.08544921875,1.171875,0.03662109375,0.8056640625,-0.048828125,0.40283203125,0.15869140625,0.634765625,-0.2197265625,0.0244140625,-0.048828125,0.81787109375,0.20751953125,-0.48828125,0.10986328125,-0.4638671875
1,-0.1708984375,-0.3662109375,-0.18310546875,-0.28076171875,-0.0732421875,-0.42724609375,-0.0244140625,0.01220703125,-0.0732421875,1.25732421875,-0.048828125,0.2197265625,0.0244140625,5.84716796875,-0.35400390625,1.28173828125,-0.37841796875,-1.1962890625,0.20751953125,-0.7080078125,-0.7080078125,0.42724609375,-0.1953125,-1.0498046875,0.13427734375,-0.1708984375,0.0244140625,-0.74462890625,0.18310546875,0.98876953125,-0.08544921875,0.244140625,0.0244140625,-0.25634765625,-0.30517578125,-0.8056640625,-0.15869140625,-0.37841796875,-0.18310546875,-0.68359375,-0.15869140625,-0.13427734375,-0.40283203125,-0.6591796875,-0.57373046875,-0.32958984375,0.28076171875,0.732421875,-0.47607421875,1.45263671875,-0.09765625,0.48828125,0.0732421875,-0.15869140625,0.37841796875,0.76904296875,-0.76904296875,0.67138671875,-1.0009765625,0.4638671875,0.146484375,0.6591796875,-0.32958984375,0.146484375,0.23193359375,0.3173828125,0.32958984375,1.11083984375,0.0732421875,0.2197265625,-0.0244140625,0.244140625,0.18310546875,0.32958984375,0.15869140625,0.76904296875,-0.08544921875,0.048828125,-0.06103515625,1.40380859375,0.13427734375,-0.93994140625,0.0244140625,-0.29296875,-0.03662109375,-0.9521484375,0.10986328125,-0.732421875,-0.09765625,-1.4404296875,-0.146484375,-0.28076171875,-0.42724609375,-0.29296875,-0.1220703125,-1.18408203125,-0.048828125,-0.87890625,0.18310546875,-0.62255859375,-0.3173828125,-0.72021484375,0.10986328125,-0.08544921875,-0.06103515625,-0.732421875,-0.25634765625,-1.3916015625,-0.29296875,-0.98876953125,-0.30517578125,0.4638671875,0.06103515625,1.11083984375,-0.0244140625,0.72021484375,-0.08544921875,0.3662109375,0.0732421875,0.5615234375,-0.23193359375,0.0244140625,-0.0244140625,0.830078125,0.2197265625,-0.48828125,0.08544921875,-0.45166015625
1,-0.1220703125,-0.37841796875,-0.1953125,-0.2685546875,-0.06103515625,-0.42724609375,0,0.0244140625,-0.03662109375,1.23291015625,-0.06103515625,0.1708984375,-0.06103515625,5.67626953125,-0.32958984375,1.23291015625,-0.28076171875,-1.03759765625,0.1708984375,-0.5615234375,-0.54931640625,0.59814453125,-0.2197265625,-0.93994140625,0.146484375,-0.1708984375,0.0244140625,-0.7568359375,0.15869140625,0.96435546875,-0.146484375,0.244140625,-0.048828125,-0.2685546875,-0.341796875,-0.78125,-0.18310546875,-0.40283203125,-0.146484375,-0.67138671875,-0.0244140625,-0.146484375,-0.4638671875,-0.67138671875,-0.50048828125,-0.341796875,0.30517578125,0.7568359375,-0.54931640625,1.5869140625,-0.20751953125,0.48828125,0.06103515625,-0.15869140625,0.35400390625,0.74462890625,-0.69580078125,0.67138671875,-0.98876953125,0.47607421875,0.146484375,0.64697265625,-0.42724609375,0.13427734375,0.28076171875,0.32958984375,0.3173828125,1.11083984375,0.06103515625,0.23193359375,0.0244140625,0.2685546875,0.1708984375,0.35400390625,0.146484375,0.81787109375,-0.10986328125,0.048828125,-0.1220703125,1.3916015625,0.146484375,-0.9033203125,0.10986328125,-0.28076171875,-0.03662109375,-0.93994140625,0.18310546875,-0.732421875,-0.15869140625,-1.416015625,-0.1953125,-0.28076171875,-0.3662109375,-0.30517578125,-0.1708984375,-1.20849609375,0.01220703125,-0.81787109375,0.15869140625,-0.64697265625,-0.28076171875,-0.74462890625,0.06103515625,-0.09765625,0.13427734375,-0.72021484375,-0.32958984375,-1.40380859375,-0.29296875,-0.98876953125,-0.341796875,0.47607421875,0.13427734375,1.03759765625,0.01220703125,0.64697265625,-0.03662109375,0.3173828125,0.18310546875,0.47607421875,-0.25634765625,0,0,0.830078125,0.20751953125,-0.48828125,0.08544921875,-0.47607421875
1,-0.13427734375,-0.3662109375,-0.20751953125,-0.2685546875,-0.06103515625,-0.4150390625,0.0244140625,0.03662109375,-0.0244140625,1.1474609375,-0.09765625,0.10986328125,-0.06103515625,5.4443359375,-0.2685546875,1.15966796875,-0.2197265625,-0.91552734375,0.1953125,-0.47607421875,-0.341796875,0.74462890625,-0.1953125,-0.830078125,0.1708984375,-0.18310546875,0.01220703125,-0.7568359375,0.08544921875,0.9521484375,-0.18310546875,0.2685546875,-0.146484375,-0.29296875,-0.28076171875,-0.79345703125,-0.18310546875,-0.42724609375,-0.0732421875,-0.69580078125,0.01220703125,-0.1708984375,-0.42724609375,-0.6591796875,-0.37841796875,-0.35400390625,0.341796875,0.76904296875,-0.57373046875,1.72119140625,-0.244140625,0.50048828125,0.03662109375,-0.1708984375,0.30517578125,0.7568359375,-0.5859375,0.6591796875,-0.9765625,0.52490234375,0.13427734375,0.62255859375,-0.439453125,0.10986328125,0.32958984375,0.3173828125,0.25634765625,1.11083984375,0.048828125,0.2685546875,0.09765625,0.2685546875,0.1220703125,0.35400390625,0.18310546875,0.830078125,-0.13427734375,0.03662109375,-0.18310546875,1.40380859375,0.18310546875,-0.87890625,0.1708984375,-0.2685546875,-0.0732421875,-0.9521484375,0.20751953125,-0.72021484375,-0.18310546875,-1.416015625,-0.2197265625,-0.2685546875,-0.244140625,-0.3173828125,-0.13427734375,-1.23291015625,0.048828125,-0.79345703125,0.09765625,-0.64697265625,-0.23193359375,-0.732421875,0,-0.09765625,0.25634765625,-0.72021484375,-0.25634765625,-1.416015625,-0.25634765625,-1.0009765625,-0.390625,0.45166015625,0.10986328125,0.9521484375,0,0.57373046875,-0.048828125,0.25634765625,0.18310546875,0.40283203125,-0.244140625,-0.01220703125,0.01220703125,0.830078125,0.18310546875,-0.45166015625,0.0732421875,-0.48828125
1,-0.10986328125,-0.35400390625,-0.2197265625,-0.25634765625,-0.03662109375,-0.40283203125,0.01220703125,0.03662109375,0.0732421875,1.06201171875,-0.13427734375,0.03662109375,-0.10986328125,5.18798828125,-0.23193359375,1.07421875,-0.146484375,-0.830078125,0.29296875,-0.42724609375,-0.10986328125,0.8056640625,-0.15869140625,-0.7568359375,0.146484375,-0.15869140625,-0.03662109375,-0.7568359375,0,0.927734375,-0.1953125,0.25634765625,-0.20751953125,-0.32958984375,-0.1708984375,-0.8056640625,-0.18310546875,-0.439453125,-0.03662109375,-0.67138671875,0.08544921875,-0.1953125,-0.3662109375,-0.6591796875,-0.3173828125,-0.390625,0.390625,0.732421875,-0.57373046875,1.79443359375,-0.29296875,0.5126953125,-0.09765625,-0.13427734375,0.28076171875,0.72021484375,-0.54931640625,0.64697265625,-0.8544921875,0.5859375,0.1220703125,0.57373046875,-0.439453125,0.10986328125,0.3662109375,0.28076171875,0.2197265625,1.07421875,0.03662109375,0.30517578125,0.15869140625,0.25634765625,0.10986328125,0.3662109375,0.1220703125,0.81787109375,-0.13427734375,0.0244140625,-0.1953125,1.3916015625,0.1953125,-0.8544921875,0.1953125,-0.28076171875,-0.08544921875,-0.9521484375,0.23193359375,-0.72021484375,-0.1708984375,-1.416015625,-0.244140625,-0.25634765625,-0.08544921875,-0.30517578125,-0.10986328125,-1.25732421875,0.09765625,-0.78125,0,-0.67138671875,-0.18310546875,-0.74462890625,-0.03662109375,-0.1220703125,0.30517578125,-0.72021484375,-0.13427734375,-1.416015625,-0.2197265625,-1.025390625,-0.439453125,0.439453125,0.1220703125,0.87890625,0,0.47607421875,-0.06103515625,0.1953125,0.10986328125,0.32958984375,-0.23193359375,-0.0244140625,0,0.830078125,0.1708984375,-0.439453125,0.13427734375,-0.50048828125
1,-0.0732421875,-0.35400390625,-0.23193359375,-0.25634765625,-0.01220703125,-0.37841796875,0.048828125,0.06103515625,0.09765625,0.96435546875,-0.20751953125,-0.0244140625,-0.146484375,4.8828125,-0.1708984375,1.01318359375,-0.146484375,-0.7568359375,0.37841796875,-0.45166015625,0.0732421875,0.79345703125,-0.09765625,-0.732421875,0.1220703125,-0.13427734375,-0.08544921875,-0.76904296875,-0.10986328125,0.927734375,-0.20751953125,0.244140625,-0.2197265625,-0.32958984375,0,-0.8056640625,-0.15869140625,-0.45166015625,0,-0.69580078125,0.06103515625,-0.20751953125,-0.30517578125,-0.64697265625,-0.32958984375,-0.4150390625,0.4638671875,0.732421875,-0.59814453125,1.81884765625,-0.35400390625,0.50048828125,-0.18310546875,-0.1220703125,0.32958984375,0.74462890625,-0.52490234375,0.634765625,-0.69580078125,0.59814453125,0.0732421875,0.54931640625,-0.47607421875,0.09765625,0.390625,0.25634765625,0.1708984375,1.08642578125,0.0244140625,0.30517578125,0.15869140625,0.244140625,0.0732421875,0.35400390625,0.08544921875,0.84228515625,-0.18310546875,0.03662109375,-0.1708984375,1.37939453125,0.25634765625,-0.86669921875,0.20751953125,-0.29296875,-0.08544921875,-0.9765625,0.1953125,-0.732421875,-0.10986328125,-1.45263671875,-0.23193359375,-0.25634765625,0,-0.2685546875,-0.06103515625,-1.26953125,0.1708984375,-0.830078125,-0.048828125,-0.6591796875,-0.1220703125,-0.732421875,-0.048828125,-0.1220703125,0.28076171875,-0.732421875,-0.01220703125,-1.42822265625,-0.1953125,-1.025390625,-0.48828125,0.45166015625,0.1220703125,0.7568359375,0.0244140625,0.40283203125,-0.048828125,0.146484375,0.15869140625,0.30517578125,-0.2197265625,-0.03662109375,-0.03662109375,0.81787109375,0.13427734375,-0.42724609375,0.13427734375,-0.5126953125
1,-0.0732421875,-0.3662109375,-0.18310546875,-0.25634765625,0,-0.3662109375,0.08544921875,0.08544921875,0.13427734375,0.87890625,-0.244140625,-0.09765625,-0.10986328125,4.6142578125,-0.146484375,0.91552734375,-0.146484375,-0.76904296875,0.45166015625,-0.47607421875,0.18310546875,0.7568359375,0,-0.74462890625,0.0732421875,-0.10986328125,-0.10986328125,-0.7568359375,-0.20751953125,0.927734375,-0.1708984375,0.244140625,-0.18310546875,-0.32958984375,0.1220703125,-0.830078125,-0.10986328125,-0.47607421875,0.048828125,-0.7080078125,0.03662109375,-0.1953125,-0.2197265625,-0.6591796875,-0.29296875,-0.42724609375,0.50048828125,0.67138671875,-0.62255859375,1.81884765625,-0.341796875,0.48828125,-0.28076171875,-0.1220703125,0.390625,0.7568359375,-0.48828125,0.634765625,-0.59814453125,0.634765625,0,0.5126953125,-0.47607421875,0.10986328125,0.341796875,0.20751953125,0.1220703125,1.06201171875,0.01220703125,0.3173828125,0.146484375,0.2197265625,0.06103515625,0.341796875,-0.01220703125,0.81787109375,-0.1953125,0.048828125,-0.18310546875,1.3671875,0.2685546875,-0.86669921875,0.18310546875,-0.30517578125,-0.09765625,-1.0009765625,0.10986328125,-0.7568359375,-0.0732421875,-1.46484375,-0.1953125,-0.2197265625,0.048828125,-0.2685546875,-0.01220703125,-1.2451171875,0.25634765625,-0.86669921875,-0.06103515625,-0.6591796875,-0.0732421875,-0.72021484375,-0.01220703125,-0.13427734375,0.20751953125,-0.732421875,0.13427734375,-1.416015625,-0.18310546875,-1.025390625,-0.48828125,0.439453125,0.10986328125,0.68359375,0.0244140625,0.30517578125,-0.06103515625,0.09765625,0.146484375,0.29296875,-0.1953125,-0.06103515625,-0.0732421875,0.830078125,0.1220703125,-0.42724609375,0.13427734375,-0.50048828125
1,-0.048828125,-0.35400390625,-0.2197265625,-0.28076171875,0.06103515625,-0.3662109375,0.0732421875,0.0732421875,0.146484375,0.8056640625,-0.23193359375,-0.18310546875,-0.1708984375,4.33349609375,-0.1220703125,0.8544921875,-0.18310546875,-0.8056640625,0.54931640625,-0.54931640625,0.23193359375,0.6591796875,0.09765625,-0.78125,0.01220703125,-0.09765625,-0.13427734375,-0.72021484375,-0.28076171875,0.927734375,-0.1220703125,0.244140625,-0.08544921875,-0.32958984375,0.146484375,-0.84228515625,-0.03662109375,-0.4638671875,0.0732421875,-0.72021484375,-0.01220703125,-0.20751953125,-0.18310546875,-0.6591796875,-0.20751953125,-0.4638671875,0.5126953125,0.634765625,-0.64697265625,1.74560546875,-0.30517578125,0.5126953125,-0.35400390625,-0.1220703125,0.42724609375,0.7568359375,-0.5126953125,0.634765625,-0.47607421875,0.634765625,-0.048828125,0.48828125,-0.50048828125,0.09765625,0.35400390625,0.15869140625,0.03662109375,1.0498046875,0,0.3173828125,0.1708984375,0.20751953125,0.03662109375,0.29296875,-0.09765625,0.830078125,-0.20751953125,0.048828125,-0.146484375,1.35498046875,0.28076171875,-0.87890625,0.146484375,-0.32958984375,-0.1220703125,-1.0009765625,0.01220703125,-0.76904296875,-0.01220703125,-1.47705078125,-0.1220703125,-0.2197265625,0.06103515625,-0.2685546875,0.06103515625,-1.25732421875,0.28076171875,-0.91552734375,-0.09765625,-0.62255859375,-0.06103515625,-0.68359375,0.0244140625,-0.1220703125,0.146484375,-0.74462890625,0.2197265625,-1.42822265625,-0.1708984375,-1.025390625,-0.47607421875,0.42724609375,0.09765625,0.634765625,0.01220703125,0.244140625,-0.048828125,0.03662109375,0.1708984375,0.29296875,-0.1953125,-0.06103515625,-0.08544921875,0.830078125,0.1220703125,-0.439453125,0.15869140625,-0.5126953125
1,0,-0.35400390625,-0.244140625,-0.30517578125,0.0732421875,-0.35400390625,0.10986328125,0.03662109375,0.10986328125,0.72021484375,-0.2197265625,-0.2197265625,-0.23193359375,4.1015625,-0.146484375,0.76904296875,-0.2685546875,-0.89111328125,0.6103515625,-0.59814453125,0.244140625,0.59814453125,0.1953125,-0.830078125,-0.0244140625,-0.1220703125,-0.1220703125,-0.74462890625,-0.2685546875,0.93994140625,-0.0244140625,0.23193359375,-0.03662109375,-0.341796875,0.13427734375,-0.8544921875,0.0244140625,-0.4638671875,0.09765625,-0.72021484375,-0.06103515625,-0.20751953125,-0.18310546875,-0.67138671875,-0.0732421875,-0.45166015625,0.47607421875,0.5615234375,-0.62255859375,1.62353515625,-0.244140625,0.48828125,-0.3662109375,-0.13427734375,0.40283203125,0.7568359375,-0.4638671875,0.634765625,-0.37841796875,0.62255859375,-0.10986328125,0.48828125,-0.5615234375,0.1220703125,0.35400390625,0.13427734375,-0.06103515625,1.0498046875,-0.01220703125,0.29296875,0.15869140625,0.1953125,0.01220703125,0.25634765625,-0.13427734375,0.84228515625,-0.25634765625,0.03662109375,-0.1708984375,1.35498046875,0.23193359375,-0.927734375,0.10986328125,-0.3173828125,-0.146484375,-1.01318359375,-0.146484375,-0.76904296875,0.0244140625,-1.4892578125,-0.08544921875,-0.18310546875,0.03662109375,-0.28076171875,0.15869140625,-1.23291015625,0.1220703125,-0.93994140625,-0.03662109375,-0.62255859375,-0.08544921875,-0.67138671875,0.0732421875,-0.1220703125,0.08544921875,-0.7568359375,0.2197265625,-1.40380859375,-0.18310546875,-1.03759765625,-0.37841796875,0.4150390625,0.03662109375,0.64697265625,-0.01220703125,0.25634765625,-0.09765625,0.06103515625,0.10986328125,0.341796875,-0.1953125,-0.06103515625,-0.1220703125,0.84228515625,0.1220703125,-0.439453125,0.1220703125,-0.50048828125
1,0.01220703125,-0.341796875,-0.28076171875,-0.28076171875,0.10986328125,-0.35400390625,0.13427734375,0.0244140625,0.08544921875,0.634765625,-0.1953125,-0.28076171875,-0.244140625,3.8818359375,-0.1953125,0.69580078125,-0.3173828125,-0.927734375,0.6591796875,-0.64697265625,0.146484375,0.50048828125,0.30517578125,-0.87890625,-0.0732421875,-0.09765625,-0.09765625,-0.7568359375,-0.1953125,0.93994140625,0.06103515625,0.23193359375,0.06103515625,-0.32958984375,0.0732421875,-0.84228515625,0.0732421875,-0.4638671875,0.08544921875,-0.732421875,-0.1220703125,-0.20751953125,-0.15869140625,-0.67138671875,0,-0.4638671875,0.4150390625,0.537109375,-0.5126953125,1.50146484375,-0.1953125,0.50048828125,-0.390625,-0.13427734375,0.390625,0.7568359375,-0.4150390625,0.62255859375,-0.35400390625,0.6103515625,-0.13427734375,0.4638671875,-0.5615234375,0.10986328125,0.29296875,0.10986328125,-0.13427734375,1.0498046875,-0.01220703125,0.2685546875,0.1220703125,0.18310546875,-0.03662109375,0.23193359375,-0.18310546875,0.8544921875,-0.23193359375,0.048828125,-0.146484375,1.3427734375,0.18310546875,-0.93994140625,0.09765625,-0.341796875,-0.18310546875,-0.98876953125,-0.244140625,-0.7568359375,0.0244140625,-1.47705078125,0.0244140625,-0.18310546875,-0.01220703125,-0.29296875,0.25634765625,-1.171875,-0.03662109375,-0.927734375,0.03662109375,-0.59814453125,-0.13427734375,-0.64697265625,0.146484375,-0.08544921875,0.08544921875,-0.74462890625,0.2197265625,-1.40380859375,-0.20751953125,-1.03759765625,-0.32958984375,0.42724609375,0.09765625,0.69580078125,0.0244140625,0.30517578125,-0.03662109375,0.08544921875,0.2197265625,0.4150390625,-0.2197265625,-0.048828125,-0.1220703125,0.84228515625,0.146484375,-0.4638671875,0.0732421875,-0.47607421875
1,-0.01220703125,-0.35400390625,-0.2197265625,-0.3173828125,0.09765625,-0.3662109375,0.146484375,0.0244140625,0.0244140625,0.57373046875,-0.1708984375,-0.341796875,-0.25634765625,3.67431640625,-0.2197265625,0.62255859375,-0.29296875,-1.0009765625,0.69580078125,-0.6591796875,0.048828125,0.45166015625,0.42724609375,-0.9033203125,-0.10986328125,-0.08544921875,-0.06103515625,-0.74462890625,-0.13427734375,0.9521484375,0.1220703125,0.23193359375,0.13427734375,-0.3173828125,-0.01220703125,-0.84228515625,0.10986328125,-0.439453125,0.048828125,-0.72021484375,-0.1708984375,-0.18310546875,-0.1953125,-0.6591796875,-0.01220703125,-0.4638671875,0.40283203125,0.52490234375,-0.390625,1.3427734375,-0.1708984375,0.48828125,-0.3662109375,-0.146484375,0.35400390625,0.76904296875,-0.4150390625,0.64697265625,-0.3173828125,0.57373046875,-0.09765625,0.50048828125,-0.5615234375,0.13427734375,0.2197265625,0.10986328125,-0.15869140625,1.0498046875,-0.03662109375,0.25634765625,0.048828125,0.1708984375,-0.0732421875,0.23193359375,-0.1953125,0.84228515625,-0.1953125,0.048828125,-0.146484375,1.35498046875,0.1220703125,-0.93994140625,0.06103515625,-0.3173828125,-0.244140625,-0.9765625,-0.3173828125,-0.74462890625,0.01220703125,-1.46484375,0.10986328125,-0.1708984375,-0.0732421875,-0.2685546875,0.341796875,-1.15966796875,-0.1953125,-0.93994140625,0.06103515625,-0.5615234375,-0.20751953125,-0.68359375,0.1708984375,-0.0732421875,0.08544921875,-0.72021484375,0.146484375,-1.40380859375,-0.2197265625,-1.025390625,-0.244140625,0.4150390625,0.1220703125,0.81787109375,0.0244140625,0.439453125,-0.06103515625,0.15869140625,0.35400390625,0.5126953125,-0.23193359375,-0.06103515625,-0.1220703125,0.81787109375,0.1708984375,-0.47607421875,0.0244140625,-0.47607421875
0,0,-0.3662109375,-0.20751953125,-0.30517578125,0.09765625,-0.37841796875,0.1708984375,0.0244140625,0.0244140625,0.50048828125,-0.1708984375,-0.40283203125,-0.244140625,3.515625,-0.3173828125,0.5859375,-0.35400390625,-1.0009765625,0.59814453125,-0.62255859375,-0.01220703125,0.439453125,0.48828125,-0.927734375,-0.1220703125,-0.1220703125,-0.06103515625,-0.74462890625,-0.03662109375,0.9521484375,0.15869140625,0.2197265625,0.18310546875,-0.3173828125,-0.10986328125,-0.830078125,0.0732421875,-0.40283203125,0.03662109375,-0.7080078125,-0.23193359375,-0.15869140625,-0.23193359375,-0.64697265625,-0.03662109375,-0.47607421875,0.439453125,0.537109375,-0.37841796875,1.2451171875,-0.13427734375,0.50048828125,-0.30517578125,-0.15869140625,0.35400390625,0.7568359375,-0.45166015625,0.6591796875,-0.29296875,0.50048828125,0.0244140625,0.52490234375,-0.54931640625,0.1220703125,0.08544921875,0.13427734375,-0.20751953125,1.06201171875,-0.048828125,0.25634765625,-0.01220703125,0.18310546875,-0.09765625,0.244140625,-0.2197265625,0.84228515625,-0.15869140625,0.03662109375,-0.15869140625,1.3671875,0.048828125,-0.9521484375,0.01220703125,-0.3173828125,-0.30517578125,-0.9765625,-0.3662109375,-0.732421875,0,-1.45263671875,0.146484375,-0.18310546875,-0.10986328125,-0.30517578125,0.35400390625,-1.1474609375,-0.2197265625,-0.927734375,0.0732421875,-0.54931640625,-0.2197265625,-0.68359375,0.2197265625,-0.03662109375,0.09765625,-0.72021484375,0.03662109375,-1.416015625,-0.25634765625,-1.03759765625,-0.15869140625,0.439453125,0.09765625,1.0009765625,-0.01220703125,0.6103515625,-0.0732421875,0.28076171875,0.390625,0.62255859375,-0.25634765625,-0.06103515625,-0.10986328125,0.8056640625,0.1953125,-0.48828125,-0.0244140625,-0.47607421875
0,0.0244140625,-0.37841796875,-0.23193359375,-0.30517578125,0.08544921875,-0.4150390625,0.1953125,0.0244140625,0.03662109375,0.42724609375,-0.1708984375,-0.4638671875,-0.15869140625,3.3447265625,-0.37841796875,0.47607421875,-0.37841796875,-0.9765625,0.37841796875,-0.57373046875,-0.18310546875,0.50048828125,0.37841796875,-0.89111328125,-0.1220703125,-0.10986328125,-0.048828125,-0.7568359375,0.0732421875,0.9521484375,0.15869140625,0.23193359375,0.2197265625,-0.32958984375,-0.15869140625,-0.830078125,0.03662109375,-0.40283203125,0.0244140625,-0.7080078125,-0.29296875,-0.15869140625,-0.25634765625,-0.6591796875,-0.0732421875,-0.4638671875,0.4150390625,0.5615234375,-0.29296875,1.171875,-0.10986328125,0.50048828125,-0.29296875,-0.18310546875,0.341796875,0.7568359375,-0.48828125,0.67138671875,-0.25634765625,0.45166015625,0.20751953125,0.52490234375,-0.5126953125,0.13427734375,0.03662109375,0.1708984375,-0.15869140625,1.0498046875,-0.048828125,0.23193359375,-0.06103515625,0.1953125,-0.15869140625,0.25634765625,-0.2197265625,0.84228515625,-0.09765625,0.03662109375,-0.18310546875,1.35498046875,0.03662109375,-0.93994140625,-0.048828125,-0.32958984375,-0.341796875,-0.9765625,-0.32958984375,-0.72021484375,0,-1.4404296875,0.1708984375,-0.2197265625,-0.1220703125,-0.30517578125,0.32958984375,-1.123046875,-0.1220703125,-0.8544921875,-0.048828125,-0.5615234375,-0.20751953125,-0.69580078125,0.18310546875,-0.048828125,0.1220703125,-0.72021484375,-0.0732421875,-1.42822265625,-0.23193359375,-1.01318359375,-0.1220703125,0.439453125,0.1220703125,1.15966796875,0,0.8056640625,-0.048828125,0.390625,0.40283203125,0.74462890625,-0.29296875,-0.06103515625,-0.09765625,0.8056640625,0.18310546875,-0.5126953125,-0.06103515625,-0.47607421875
0,0.03662109375,-0.3662109375,-0.25634765625,-0.29296875,0.08544921875,-0.4150390625,0.1953125,0.0244140625,0.0732421875,0.35400390625,-0.146484375,-0.50048828125,-0.10986328125,3.1494140625,-0.42724609375,0.4150390625,-0.3173828125,-0.91552734375,0.25634765625,-0.48828125,-0.1708984375,0.537109375,0.29296875,-0.84228515625,-0.0732421875,-0.1220703125,-0.03662109375,-0.76904296875,0.146484375,0.9521484375,0.13427734375,0.244140625,0.20751953125,-0.32958984375,-0.2197265625,-0.8056640625,-0.01220703125,-0.37841796875,0.0244140625,-0.68359375,-0.40283203125,-0.146484375,-0.3173828125,-0.67138671875,-0.10986328125,-0.45166015625,0.3662109375,0.59814453125,-0.25634765625,1.123046875,-0.10986328125,0.50048828125,-0.2685546875,-0.18310546875,0.37841796875,0.76904296875,-0.537109375,0.68359375,-0.15869140625,0.4150390625,0.2685546875,0.54931640625,-0.45166015625,0.146484375,-0.06103515625,0.2197265625,-0.1708984375,1.07421875,-0.06103515625,0.2197265625,-0.09765625,0.1953125,-0.18310546875,0.29296875,-0.23193359375,0.830078125,-0.048828125,0.03662109375,-0.25634765625,1.3671875,0.03662109375,-0.9033203125,-0.10986328125,-0.3173828125,-0.3173828125,-0.93994140625,-0.2685546875,-0.72021484375,0,-1.42822265625,0.1220703125,-0.20751953125,-0.13427734375,-0.28076171875,0.1953125,-1.13525390625,0.01220703125,-0.79345703125,-0.10986328125,-0.5615234375,-0.1708984375,-0.7080078125,0.13427734375,-0.06103515625,0.0732421875,-0.7080078125,-0.1708984375,-1.4404296875,-0.1953125,-1.0009765625,-0.10986328125,0.439453125,0.06103515625,1.318359375,-0.048828125,0.98876953125,-0.0732421875,0.48828125,0.30517578125,0.79345703125,-0.29296875,-0.09765625,-0.0732421875,0.78125,0.1708984375,-0.50048828125,-0.0732421875,-0.47607421875
0,0.06103515625,-0.35400390625,-0.23193359375,-0.29296875,0.0732421875,-0.42724609375,0.15869140625,0.03662109375,0.1220703125,0.29296875,-0.15869140625,-0.57373046875,-0.048828125,2.880859375,-0.50048828125,0.30517578125,-0.29296875,-0.8056640625,0.06103515625,-0.390625,-0.13427734375,0.62255859375,0.13427734375,-0.76904296875,0.0244140625,-0.1220703125,0,-0.732421875,0.1708984375,0.96435546875,0.13427734375,0.244140625,0.146484375,-0.32958984375,-0.18310546875,-0.8056640625,-0.08544921875,-0.390625,-0.0244140625,-0.68359375,-0.48828125,-0.15869140625,-0.29296875,-0.67138671875,-0.10986328125,-0.439453125,0.32958984375,0.59814453125,-0.10986328125,1.123046875,-0.146484375,0.5126953125,-0.2197265625,-0.1953125,0.4150390625,0.78125,-0.52490234375,0.6591796875,-0.18310546875,0.390625,0.3662109375,0.57373046875,-0.4150390625,0.13427734375,-0.1708984375,0.29296875,-0.15869140625,1.08642578125,-0.08544921875,0.23193359375,-0.15869140625,0.2197265625,-0.1708984375,0.341796875,-0.244140625,0.8544921875,-0.0244140625,0.03662109375,-0.25634765625,1.3916015625,0.048828125,-0.89111328125,-0.1708984375,-0.3173828125,-0.30517578125,-0.93994140625,-0.20751953125,-0.7080078125,-0.01220703125,-1.42822265625,0.01220703125,-0.244140625,-0.09765625,-0.28076171875,0.03662109375,-1.1474609375,0.1708984375,-0.67138671875,-0.1708984375,-0.57373046875,-0.13427734375,-0.732421875,0.0732421875,-0.0732421875,0.01220703125,-0.7080078125,-0.20751953125,-1.4404296875,-0.1953125,-1.01318359375,-0.09765625,0.45166015625,0.1220703125,1.416015625,-0.0244140625,1.123046875,-0.06103515625,0.54931640625,0.390625,0.81787109375,-0.30517578125,-0.08544921875,-0.09765625,0.79345703125,0.146484375,-0.50048828125,-0.09765625,-0.48828125
0,0.0732421875,-0.35400390625,-0.244140625,-0.28076171875,0.09765625,-0.4150390625,0.10986328125,0.03662109375,0.18310546875,0.2197265625,-0.15869140625,-0.67138671875,0.01220703125,2.587890625,-0.5126953125,0.18310546875,-0.29296875,-0.69580078125,-0.1220703125,-0.29296875,-0.23193359375,0.7080078125,-0.15869140625,-0.68359375,0.10986328125,-0.13427734375,0.01220703125,-0.74462890625,0.15869140625,0.9521484375,0.146484375,0.244140625,0.0244140625,-0.32958984375,-0.1220703125,-0.8056640625,-0.18310546875,-0.4150390625,-0.0732421875,-0.67138671875,-0.54931640625,-0.1708984375,-0.25634765625,-0.6591796875,-0.244140625,-0.4150390625,0.4150390625,0.6103515625,0.0244140625,1.1474609375,-0.23193359375,0.52490234375,-0.1953125,-0.18310546875,0.4150390625,0.79345703125,-0.52490234375,0.6591796875,-0.1220703125,0.4150390625,0.47607421875,0.537109375,-0.28076171875,0.13427734375,-0.25634765625,0.32958984375,-0.15869140625,1.08642578125,-0.10986328125,0.20751953125,-0.1953125,0.23193359375,-0.1953125,0.35400390625,-0.244140625,0.84228515625,-0.01220703125,0.06103515625,-0.25634765625,1.40380859375,0.0732421875,-0.87890625,-0.20751953125,-0.32958984375,-0.2685546875,-0.93994140625,-0.10986328125,-0.72021484375,-0.01220703125,-1.4404296875,-0.09765625,-0.244140625,-0.09765625,-0.29296875,-0.13427734375,-1.1474609375,0.28076171875,-0.50048828125,-0.20751953125,-0.59814453125,-0.10986328125,-0.7568359375,0,-0.09765625,-0.08544921875,-0.7080078125,-0.1953125,-1.46484375,-0.1953125,-1.0009765625,-0.13427734375,0.45166015625,0.0732421875,1.416015625,-0.06103515625,1.123046875,-0.0732421875,0.54931640625,0.390625,0.8056640625,-0.3173828125,-0.08544921875,-0.09765625,0.76904296875,0.1220703125,-0.47607421875,-0.08544921875,-0.50048828125
0,0.10986328125,-0.35400390625,-0.23193359375,-0.28076171875,0.15869140625,-0.4150390625,0.048828125,0.048828125,0.2197265625,0.1220703125,-0.1953125,-0.78125,0.03662109375,2.23388671875,-0.52490234375,0.06103515625,-0.2197265625,-0.57373046875,-0.13427734375,-0.20751953125,-0.1953125,0.79345703125,-0.2685546875,-0.6103515625,0.18310546875,-0.13427734375,0.0244140625,-0.732421875,0.10986328125,0.93994140625,0.1708984375,0.25634765625,-0.146484375,-0.341796875,-0.0244140625,-0.8056640625,-0.2197265625,-0.4150390625,-0.09765625,-0.67138671875,-0.6103515625,-0.1708984375,-0.1708984375,-0.67138671875,-0.35400390625,-0.4150390625,0.48828125,0.6103515625,-0.01220703125,1.220703125,-0.30517578125,0.537109375,-0.244140625,-0.1708984375,0.40283203125,0.76904296875,-0.47607421875,0.68359375,-0.10986328125,0.4150390625,0.45166015625,0.5615234375,-0.146484375,0.13427734375,-0.32958984375,0.3662109375,-0.146484375,1.0986328125,-0.13427734375,0.244140625,-0.1953125,0.23193359375,-0.1953125,0.3662109375,-0.23193359375,0.86669921875,-0.01220703125,0.0732421875,-0.244140625,1.40380859375,0.10986328125,-0.86669921875,-0.20751953125,-0.341796875,-0.244140625,-0.9521484375,-0.06103515625,-0.732421875,-0.03662109375,-1.46484375,-0.146484375,-0.28076171875,-0.146484375,-0.25634765625,-0.2685546875,-1.171875,0.3662109375,-0.25634765625,-0.23193359375,-0.57373046875,-0.09765625,-0.732421875,-0.08544921875,-0.0732421875,-0.20751953125,-0.72021484375,-0.09765625,-1.45263671875,-0.2197265625,-1.025390625,-0.2197265625,0.42724609375,0.048828125,1.30615234375,-0.0732421875,1.07421875,-0.06103515625,0.47607421875,0.3173828125,0.732421875,-0.3173828125,-0.08544921875,-0.09765625,0.8056640625,0.09765625,-0.47607421875,-0.06103515625,-0.5126953125
0,0.10986328125,-0.341796875,-0.2197265625,-0.28076171875,0.18310546875,-0.40283203125,0,0.048828125,0.23193359375,0.03662109375,-0.1953125,-0.86669921875,0.0244140625,1.85546875,-0.50048828125,-0.06103515625,-0.30517578125,-0.45166015625,-0.20751953125,-0.10986328125,-0.28076171875,0.86669921875,-0.439453125,-0.48828125,0.23193359375,-0.1220703125,0.01220703125,-0.7568359375,0.0244140625,0.93994140625,0.146484375,0.25634765625,-0.35400390625,-0.35400390625,0.01220703125,-0.8056640625,-0.244140625,-0.42724609375,-0.10986328125,-0.6591796875,-0.57373046875,-0.1708984375,-0.08544921875,-0.6591796875,-0.47607421875,-0.42724609375,0.5615234375,0.6103515625,-0.06103515625,1.26953125,-0.390625,0.5615234375,-0.2685546875,-0.15869140625,0.30517578125,0.76904296875,-0.4638671875,0.67138671875,-0.048828125,0.439453125,0.57373046875,0.537109375,-0.048828125,0.146484375,-0.341796875,0.37841796875,-0.10986328125,1.11083984375,-0.146484375,0.25634765625,-0.15869140625,0.244140625,-0.2197265625,0.35400390625,-0.18310546875,0.8544921875,-0.0244140625,0.09765625,-0.18310546875,1.40380859375,0.10986328125,-0.86669921875,-0.146484375,-0.32958984375,-0.1953125,-0.96435546875,-0.0244140625,-0.74462890625,-0.0732421875,-1.47705078125,-0.1953125,-0.28076171875,-0.18310546875,-0.25634765625,-0.32958984375,-1.171875,0.3173828125,0.06103515625,-0.2197265625,-0.54931640625,-0.1220703125,-0.68359375,-0.13427734375,-0.0244140625,-0.2685546875,-0.732421875,0,-1.4404296875,-0.244140625,-1.03759765625,-0.28076171875,0.4150390625,0.03662109375,1.15966796875,-0.0244140625,0.9033203125,-0.0732421875,0.341796875,0.42724609375,0.67138671875,-0.341796875,-0.08544921875,-0.13427734375,0.81787109375,0.0732421875,-0.47607421875,-0.048828125,-0.52490234375
0,0.10986328125,-0.3173828125,-0.244140625,-0.2685546875,0.1953125,-0.3662109375,-0.06103515625,0.048828125,0.28076171875,-0.03662109375,-0.20751953125,-0.93994140625,0.048828125,1.4892578125,-0.42724609375,-0.1708984375,-0.341796875,-0.32958984375,-0.146484375,-0.03662109375,-0.40283203125,0.93994140625,-0.42724609375,-0.40283203125,0.244140625,-0.1220703125,-0.01220703125,-0.74462890625,-0.08544921875,0.93994140625,0.13427734375,0.25634765625,-0.48828125,-0.341796875,-0.03662109375,-0.8056640625,-0.20751953125,-0.42724609375,-0.1220703125,-0.7080078125,-0.4638671875,-0.20751953125,-0.06103515625,-0.6591796875,-0.52490234375,-0.42724609375,0.59814453125,0.57373046875,-0.1708984375,1.3427734375,-0.439453125,0.57373046875,-0.3173828125,-0.146484375,0.146484375,0.78125,-0.45166015625,0.67138671875,-0.048828125,0.48828125,0.62255859375,0.54931640625,0.03662109375,0.13427734375,-0.341796875,0.3662109375,-0.06103515625,1.11083984375,-0.15869140625,0.2685546875,-0.146484375,0.244140625,-0.23193359375,0.32958984375,-0.146484375,0.87890625,-0.06103515625,0.06103515625,-0.0732421875,1.40380859375,0.10986328125,-0.8544921875,-0.08544921875,-0.32958984375,-0.1708984375,-0.9765625,0,-0.7568359375,-0.09765625,-1.50146484375,-0.1953125,-0.29296875,-0.29296875,-0.2685546875,-0.23193359375,-1.1962890625,0.23193359375,0.48828125,-0.146484375,-0.4638671875,-0.18310546875,-0.5859375,-0.15869140625,0.048828125,-0.25634765625,-0.74462890625,0.08544921875,-1.42822265625,-0.30517578125,-1.025390625,-0.32958984375,0.4150390625,0.0244140625,0.9521484375,0,0.7080078125,-0.048828125,0.2197265625,0.48828125,0.62255859375,-0.32958984375,-0.08544921875,-0.10986328125,0.8056640625,0.0732421875,-0.4638671875,-0.0244140625,-0.5126953125
0,0.10986328125,-0.32958984375,-0.2197265625,-0.25634765625,0.2197265625,-0.3662109375,-0.08544921875,0.0732421875,0.244140625,-0.1220703125,-0.18310546875,-1.01318359375,0.03662109375,1.18408203125,-0.40283203125,-0.25634765625,-0.3662109375,-0.23193359375,0,0.06103515625,-0.439453125,1.01318359375,-0.25634765625,-0.30517578125,0.20751953125,-0.08544921875,0,-0.74462890625,-0.15869140625,0.93994140625,0.10986328125,0.25634765625,-0.5126953125,-0.32958984375,-0.1953125,-0.830078125,-0.13427734375,-0.439453125,-0.146484375,-0.7080078125,-0.390625,-0.18310546875,-0.0244140625,-0.64697265625,-0.4638671875,-0.45166015625,0.5859375,0.54931640625,-0.2197265625,1.3916015625,-0.48828125,0.5859375,-0.37841796875,-0.1220703125,0.08544921875,0.76904296875,-0.4150390625,0.64697265625,-0.01220703125,0.50048828125,0.64697265625,0.54931640625,0.0732421875,0.13427734375,-0.3662109375,0.341796875,0,1.123046875,-0.15869140625,0.28076171875,-0.1220703125,0.244140625,-0.1953125,0.3173828125,-0.09765625,0.89111328125,-0.06103515625,0.0732421875,0,1.3916015625,0.10986328125,-0.9033203125,0.03662109375,-0.32958984375,-0.15869140625,-0.98876953125,0.01220703125,-0.78125,-0.1708984375,-1.52587890625,-0.1708984375,-0.29296875,-0.37841796875,-0.2685546875,-0.0732421875,-1.20849609375,0.18310546875,0.98876953125,-0.0244140625,-0.32958984375,-0.25634765625,-0.50048828125,-0.13427734375,0.18310546875,-0.25634765625,-0.74462890625,0.1220703125,-1.4404296875,-0.35400390625,-1.0009765625,-0.341796875,0.4150390625,-0.01220703125,0.79345703125,-0.01220703125,0.537109375,-0.08544921875,0.0732421875,0.48828125,0.68359375,-0.3173828125,-0.0732421875,-0.1220703125,0.8056640625,0.08544921875,-0.45166015625,-0.06103515625,-0.5126953125
0,0.13427734375,-0.3173828125,-0.20751953125,-0.2685546875,0.25634765625,-0.35400390625,-0.08544921875,0.06103515625,0.2197265625,-0.15869140625,-0.13427734375,-1.0498046875,-0.03662109375,1.01318359375,-0.35400390625,-0.28076171875,-0.4638671875,-0.13427734375,0.03662109375,0.146484375,-0.5859375,1.07421875,-0.15869140625,-0.23193359375,0.1220703125,-0.09765625,0,-0.732421875,-0.1953125,0.96435546875,0.03662109375,0.25634765625,-0.42724609375,-0.3173828125,-0.32958984375,-0.84228515625,-0.048828125,-0.45166015625,-0.146484375,-0.732421875,-0.28076171875,-0.20751953125,-0.0244140625,-0.6591796875,-0.28076171875,-0.45166015625,0.50048828125,0.50048828125,-0.2197265625,1.4404296875,-0.5126953125,0.54931640625,-0.4150390625,-0.10986328125,0.01220703125,0.7568359375,-0.32958984375,0.64697265625,-0.1220703125,0.54931640625,0.7080078125,0.57373046875,0.0732421875,0.1220703125,-0.40283203125,0.29296875,0.0732421875,1.123046875,-0.15869140625,0.28076171875,-0.1220703125,0.23193359375,-0.1953125,0.29296875,-0.06103515625,0.927734375,-0.10986328125,0.0732421875,0.08544921875,1.40380859375,0.09765625,-0.927734375,0.13427734375,-0.341796875,-0.15869140625,-0.98876953125,0.0244140625,-0.78125,-0.244140625,-1.513671875,-0.146484375,-0.29296875,-0.4150390625,-0.28076171875,0.1220703125,-1.20849609375,0.23193359375,1.57470703125,0.0732421875,-0.1708984375,-0.29296875,-0.3662109375,-0.09765625,0.341796875,-0.146484375,-0.7568359375,0.1220703125,-1.416015625,-0.40283203125,-1.01318359375,-0.3173828125,0.439453125,-0.01220703125,0.732421875,0.01220703125,0.439453125,-0.048828125,0.03662109375,0.52490234375,0.87890625,-0.32958984375,-0.0732421875,-0.08544921875,0.79345703125,0.0732421875,-0.4638671875,-0.08544921875,-0.52490234375
0,0.146484375,-0.30517578125,-0.1953125,-0.28076171875,0.2685546875,-0.35400390625,-0.09765625,0.06103515625,0.18310546875,-0.1708984375,-0.1220703125,-1.03759765625,-0.03662109375,1.03759765625,-0.35400390625,-0.2685546875,-0.4638671875,-0.0244140625,0.13427734375,0.23193359375,-0.59814453125,1.11083984375,0.0732421875,-0.1708984375,0.03662109375,-0.09765625,-0.01220703125,-0.732421875,-0.20751953125,0.96435546875,-0.06103515625,0.25634765625,-0.20751953125,-0.25634765625,-0.42724609375,-0.84228515625,0,-0.42724609375,-0.146484375,-0.732421875,-0.1708984375,-0.15869140625,-0.03662109375,-0.6591796875,-0.08544921875,-0.45166015625,0.4638671875,0.4638671875,-0.1953125,1.47705078125,-0.5126953125,0.5126953125,-0.439453125,-0.1220703125,-0.01220703125,0.76904296875,-0.2197265625,0.64697265625,-0.146484375,0.537109375,0.68359375,0.5615234375,0.03662109375,0.1220703125,-0.42724609375,0.244140625,0.09765625,1.11083984375,-0.1220703125,0.244140625,-0.1220703125,0.2197265625,-0.1953125,0.2685546875,-0.03662109375,0.91552734375,-0.09765625,0.0732421875,0.13427734375,1.40380859375,0.0732421875,-0.93994140625,0.244140625,-0.32958984375,-0.18310546875,-0.9765625,0.06103515625,-0.78125,-0.2685546875,-1.50146484375,-0.10986328125,-0.2685546875,-0.4150390625,-0.30517578125,0.28076171875,-1.220703125,0.1708984375,2.18505859375,0.1708984375,0.0244140625,-0.341796875,-0.2197265625,-0.06103515625,0.5615234375,-0.01220703125,-0.72021484375,0.09765625,-1.416015625,-0.42724609375,-1.01318359375,-0.2685546875,0.42724609375,0,0.81787109375,0,0.50048828125,-0.06103515625,0.10986328125,0.54931640625,1.26953125,-0.35400390625,-0.0732421875,-0.048828125,0.79345703125,0.09765625,-0.45166015625,-0.09765625,-0.537109375
0,0.1708984375,-0.30517578125,-0.2197265625,-0.28076171875,0.28076171875,-0.3662109375,-0.06103515625,0.03662109375,0.13427734375,-0.10986328125,-0.09765625,-0.9765625,0.01220703125,1.28173828125,-0.341796875,-0.2197265625,-0.45166015625,0.048828125,0.20751953125,0.35400390625,-0.537109375,1.1474609375,0.28076171875,-0.09765625,-0.08544921875,-0.10986328125,0,-0.74462890625,-0.2197265625,0.9521484375,-0.1953125,0.244140625,-0.0244140625,-0.25634765625,-0.47607421875,-0.81787109375,0.048828125,-0.439453125,-0.09765625,-0.732421875,-0.09765625,-0.1708984375,0.01220703125,-0.67138671875,0.0732421875,-0.4638671875,0.47607421875,0.439453125,-0.146484375,1.4892578125,-0.48828125,0.50048828125,-0.47607421875,-0.10986328125,-0.01220703125,0.74462890625,-0.09765625,0.6591796875,-0.1953125,0.52490234375,0.634765625,0.59814453125,-0.09765625,0.1220703125,-0.3662109375,0.244140625,0.15869140625,1.08642578125,-0.0732421875,0.244140625,-0.146484375,0.2197265625,-0.13427734375,0.2685546875,-0.03662109375,0.91552734375,-0.0732421875,0.0732421875,0.15869140625,1.3916015625,0.0732421875,-0.9765625,0.3173828125,-0.30517578125,-0.2197265625,-0.9765625,0.06103515625,-0.76904296875,-0.30517578125,-1.4892578125,-0.06103515625,-0.28076171875,-0.3173828125,-0.30517578125,0.341796875,-1.20849609375,0.18310546875,2.783203125,0.20751953125,0.23193359375,-0.30517578125,-0.06103515625,-0.01220703125,0.7568359375,0.10986328125,-0.732421875,0.01220703125,-1.40380859375,-0.4150390625,-1.01318359375,-0.25634765625,0.4638671875,0.01220703125,1.07421875,0.01220703125,0.74462890625,-0.06103515625,0.29296875,0.52490234375,1.8798828125,-0.32958984375,-0.0732421875,-0.01220703125,0.79345703125,0.13427734375,-0.4638671875,-0.1220703125,-0.5126953125
0,0.15869140625,-0.30517578125,-0.23193359375,-0.28076171875,0.29296875,-0.390625,-0.09765625,0.0244140625,0.1220703125,0.03662109375,-0.10986328125,-0.84228515625,0,1.7333984375,-0.32958984375,-0.0244140625,-0.390625,0.09765625,0.2197265625,0.42724609375,-0.37841796875,1.18408203125,0.40283203125,-0.03662109375,-0.20751953125,-0.09765625,-0.06103515625,-0.7568359375,-0.20751953125,0.9521484375,-0.3173828125,0.23193359375,0.15869140625,-0.25634765625,-0.4638671875,-0.81787109375,0.06103515625,-0.40283203125,-0.03662109375,-0.74462890625,-0.048828125,-0.1708984375,0.0244140625,-0.6591796875,0.146484375,-0.45166015625,0.48828125,0.42724609375,-0.10986328125,1.4892578125,-0.45166015625,0.47607421875,-0.4638671875,-0.13427734375,0,0.74462890625,-0.0244140625,0.6591796875,-0.3173828125,0.52490234375,0.5859375,0.59814453125,-0.20751953125,0.10986328125,-0.32958984375,0.244140625,0.146484375,1.07421875,-0.01220703125,0.23193359375,-0.18310546875,0.20751953125,-0.03662109375,0.28076171875,0,0.927734375,-0.08544921875,0.0732421875,0.1708984375,1.37939453125,0.08544921875,-0.9765625,0.341796875,-0.3173828125,-0.244140625,-0.9765625,0.048828125,-0.7568359375,-0.341796875,-1.47705078125,-0.048828125,-0.2685546875,-0.1220703125,-0.30517578125,0.35400390625,-1.1962890625,0.15869140625,3.369140625,0.15869140625,0.45166015625,-0.244140625,0.09765625,0.048828125,0.9521484375,0.2685546875,-0.7080078125,-0.06103515625,-1.3916015625,-0.341796875,-0.9765625,-0.25634765625,0.4638671875,-0.0244140625,1.5380859375,0.01220703125,1.171875,-0.0732421875,0.64697265625,0.439453125,2.69775390625,-0.35400390625,-0.048828125,0.01220703125,0.78125,0.146484375,-0.47607421875,-0.1220703125,-0.48828125
0,0.15869140625,-0.30517578125,-0.23193359375,-0.30517578125,0.29296875,-0.40283203125,-0.06103515625,0.01220703125,0.1220703125,0.244140625,-0.13427734375,-0.67138671875,-0.08544921875,2.4169921875,-0.3662109375,0.1953125,-0.3173828125,0.146484375,0.2197265625,0.48828125,-0.1708984375,1.20849609375,0.40283203125,-0.0244140625,-0.30517578125,-0.1220703125,-0.09765625,-0.7568359375,-0.20751953125,0.96435546875,-0.35400390625,0.23193359375,0.25634765625,-0.2685546875,-0.35400390625,-0.81787109375,0.048828125,-0.40283203125,0.0244140625,-0.732421875,-0.03662109375,-0.146484375,0.0244140625,-0.6591796875,0.2685546875,-0.45166015625,0.4638671875,0.4638671875,-0.0732421875,1.45263671875,-0.390625,0.4638671875,-0.439453125,-0.15869140625,-0.01220703125,0.7568359375,0.0244140625,0.634765625,-0.32958984375,0.50048828125,0.48828125,0.6103515625,-0.2685546875,0.1220703125,-0.244140625,0.244140625,0.13427734375,1.06201171875,0.01220703125,0.20751953125,-0.1953125,0.2197265625,0.0732421875,0.30517578125,-0.0244140625,0.9033203125,-0.08544921875,0.0732421875,0.1708984375,1.3671875,0.13427734375,-0.96435546875,0.30517578125,-0.30517578125,-0.25634765625,-0.96435546875,0.06103515625,-0.7568359375,-0.29296875,-1.45263671875,-0.06103515625,-0.25634765625,0.0732421875,-0.30517578125,0.28076171875,-1.220703125,0.03662109375,3.8330078125,0.048828125,0.62255859375,-0.1220703125,0.1953125,0.08544921875,1.0986328125,0.30517578125,-0.72021484375,-0.1220703125,-1.416015625,-0.244140625,-0.9765625,-0.244140625,0.47607421875,0,2.1484375,0.01220703125,1.7822265625,-0.06103515625,1.0986328125,0.48828125,3.72314453125,-0.35400390625,-0.06103515625,0.0244140625,0.79345703125,0.10986328125,-0.47607421875,-0.09765625,-0.50048828125
1,0.15869140625,-0.32958984375,-0.244140625,-0.29296875,0.28076171875,-0.4150390625,-0.0732421875,0.01220703125,0.13427734375,0.50048828125,-0.1953125,-0.439453125,-0.08544921875,3.23486328125,-0.3662109375,0.50048828125,-0.25634765625,0.1708984375,0.1708984375,0.537109375,0.0244140625,1.220703125,0.32958984375,-0.01220703125,-0.35400390625,-0.1220703125,-0.146484375,-0.7568359375,-0.2197265625,0.9521484375,-0.3662109375,0.244140625,0.244140625,-0.25634765625,-0.2685546875,-0.81787109375,0.0244140625,-0.40283203125,0.08544921875,-0.7080078125,-0.048828125,-0.146484375,0.048828125,-0.67138671875,0.3662109375,-0.42724609375,0.4150390625,0.50048828125,0.048828125,1.4404296875,-0.32958984375,0.47607421875,-0.37841796875,-0.18310546875,0.01220703125,0.76904296875,0.06103515625,0.634765625,-0.32958984375,0.48828125,0.40283203125,0.6103515625,-0.341796875,0.1220703125,-0.08544921875,0.25634765625,0.146484375,1.03759765625,0.048828125,0.20751953125,-0.23193359375,0.25634765625,0.146484375,0.3173828125,0.03662109375,0.91552734375,-0.06103515625,0.0732421875,0.1220703125,1.3916015625,0.23193359375,-0.93994140625,0.2197265625,-0.29296875,-0.244140625,-0.9521484375,0.03662109375,-0.732421875,-0.2197265625,-1.45263671875,-0.09765625,-0.244140625,0.2685546875,-0.3173828125,0.20751953125,-1.20849609375,0.03662109375,4.1748046875,-0.0732421875,0.732421875,-0.0244140625,0.2685546875,0.0732421875,1.220703125,0.32958984375,-0.69580078125,-0.10986328125,-1.416015625,-0.13427734375,-0.9765625,-0.25634765625,0.48828125,-0.01220703125,2.86865234375,0.0244140625,2.47802734375,-0.06103515625,1.62353515625,0.37841796875,4.84619140625,-0.341796875,-0.048828125,0.0244140625,0.81787109375,0.0732421875,-0.47607421875,-0.0732421875,-0.47607421875
1,0.1708984375,-0.341796875,-0.23193359375,-0.29296875,0.29296875,-0.42724609375,-0.08544921875,0.03662109375,0.146484375,0.78125,-0.25634765625,-0.2197265625,-0.10986328125,4.150390625,-0.35400390625,0.830078125,-0.146484375,0.15869140625,0.09765625,0.537109375,0.1708984375,1.18408203125,0.1953125,-0.03662109375,-0.390625,-0.1220703125,-0.18310546875,-0.76904296875,-0.1953125,0.9521484375,-0.2685546875,0.244140625,0.18310546875,-0.30517578125,-0.13427734375,-0.8056640625,-0.03662109375,-0.40283203125,0.10986328125,-0.68359375,-0.08544921875,-0.146484375,0.0732421875,-0.67138671875,0.3662109375,-0.45166015625,0.42724609375,0.52490234375,0.10986328125,1.3916015625,-0.25634765625,0.4638671875,-0.28076171875,-0.20751953125,0,0.76904296875,0.08544921875,0.634765625,-0.2685546875,0.4638671875,0.3173828125,0.62255859375,-0.25634765625,0.1220703125,0.01220703125,0.244140625,0.13427734375,1.03759765625,0.0732421875,0.20751953125,-0.2197265625,0.25634765625,0.18310546875,0.35400390625,0.0732421875,0.9033203125,-0.08544921875,0.048828125,0.0244140625,1.3916015625,0.2685546875,-0.927734375,0.146484375,-0.3173828125,-0.25634765625,-0.9765625,-0.03662109375,-0.732421875,-0.146484375,-1.46484375,-0.13427734375,-0.2197265625,0.42724609375,-0.30517578125,0.09765625,-1.20849609375,0,4.35791015625,-0.1953125,0.81787109375,0.08544921875,0.3173828125,0.0732421875,1.26953125,0.29296875,-0.7080078125,-0.10986328125,-1.416015625,-0.0244140625,-1.01318359375,-0.2685546875,0.48828125,-0.048828125,3.61328125,-0.01220703125,3.23486328125,-0.0732421875,2.1484375,0.3662109375,6.01806640625,-0.3173828125,-0.048828125,0.01220703125,0.830078125,0.03662109375,-0.48828125,-0.0244140625,-0.4638671875
1,0.1708984375,-0.37841796875,-0.2197265625,-0.2685546875,0.30517578125,-0.4150390625,-0.10986328125,0.048828125,0.1953125,1.07421875,-0.341796875,0.048828125,-0.10986328125,5.04150390625,-0.35400390625,1.15966796875,-0.09765625,0.08544921875,0.03662109375,0.48828125,0.29296875,1.13525390625,0.06103515625,-0.08544921875,-0.3662109375,-0.13427734375,-0.20751953125,-0.78125,-0.1953125,0.9521484375,-0.13427734375,0.244140625,0.08544921875,-0.32958984375,-0.048828125,-0.830078125,-0.0732421875,-0.37841796875,0.15869140625,-0.67138671875,-0.146484375,-0.15869140625,0.09765625,-0.6591796875,0.341796875,-0.45166015625,0.52490234375,0.59814453125,0.1953125,1.33056640625,-0.1953125,0.48828125,-0.13427734375,-0.18310546875,0.06103515625,0.76904296875,0.10986328125,0.6591796875,-0.2685546875,0.47607421875,0.2197265625,0.62255859375,-0.1953125,0.1220703125,0.15869140625,0.2685546875,0.15869140625,1.03759765625,0.08544921875,0.2197265625,-0.2197265625,0.25634765625,0.20751953125,0.37841796875,0.10986328125,0.9033203125,-0.09765625,0.048828125,-0.03662109375,1.3916015625,0.30517578125,-0.9033203125,0,-0.29296875,-0.25634765625,-0.9765625,-0.10986328125,-0.72021484375,-0.06103515625,-1.47705078125,-0.18310546875,-0.20751953125,0.4638671875,-0.28076171875,0.0244140625,-1.1962890625,0.09765625,4.35791015625,-0.2197265625,0.81787109375,0.15869140625,0.3173828125,0.09765625,1.2451171875,0.146484375,-0.69580078125,-0.06103515625,-1.416015625,0.0244140625,-1.0009765625,-0.28076171875,0.47607421875,-0.03662109375,4.296875,0,3.9794921875,-0.0732421875,2.67333984375,0.4638671875,7.16552734375,-0.3173828125,-0.06103515625,0,0.830078125,0.01220703125,-0.50048828125,-0.01220703125,-0.439453125
1,0.18310546875,-0.40283203125,-0.2197265625,-0.2685546875,0.30517578125,-0.40283203125,-0.10986328125,0.06103515625,0.2197265625,1.30615234375,-0.390625,0.25634765625,-0.1220703125,5.84716796875,-0.35400390625,1.45263671875,-0.0732421875,0,0.01220703125,0.42724609375,0.32958984375,1.0498046875,-0.03662109375,-0.146484375,-0.3173828125,-0.13427734375,-0.1953125,-0.76904296875,-0.146484375,0.9521484375,0,0.244140625,-0.03662109375,-0.32958984375,0.048828125,-0.84228515625,-0.10986328125,-0.40283203125,0.15869140625,-0.67138671875,-0.23193359375,-0.1708984375,0.1708984375,-0.6591796875,0.2685546875,-0.47607421875,0.537109375,0.62255859375,0.30517578125,1.2939453125,-0.1953125,0.50048828125,-0.0244140625,-0.15869140625,0.18310546875,0.78125,0.09765625,0.64697265625,-0.1953125,0.45166015625,0.10986328125,0.59814453125,-0.048828125,0.10986328125,0.244140625,0.25634765625,0.146484375,1.03759765625,0.06103515625,0.23193359375,-0.1708984375,0.25634765625,0.18310546875,0.3662109375,0.2197265625,0.87890625,-0.10986328125,0.048828125,-0.09765625,1.37939453125,0.341796875,-0.9033203125,-0.10986328125,-0.30517578125,-0.20751953125,-0.9765625,-0.1708984375,-0.72021484375,0.0244140625,-1.47705078125,-0.1953125,-0.1953125,0.40283203125,-0.28076171875,0.01220703125,-1.18408203125,0.1220703125,4.21142578125,-0.18310546875,0.7568359375,0.1953125,0.28076171875,0.08544921875,1.20849609375,-0.01220703125,-0.732421875,-0.048828125,-1.42822265625,0.048828125,-0.98876953125,-0.28076171875,0.4638671875,-0.048828125,4.8583984375,-0.01220703125,4.6142578125,-0.08544921875,3.11279296875,0.4638671875,8.1787109375,-0.29296875,-0.048828125,-0.01220703125,0.84228515625,0.01220703125,-0.47607421875,0.01220703125,-0.4638671875
1,0.1953125,-0.4150390625,-0.1953125,-0.25634765625,0.341796875,-0.390625,-0.13427734375,0.06103515625,0.2197265625,1.47705078125,-0.4150390625,0.45166015625,-0.2197265625,6.4453125,-0.30517578125,1.66015625,-0.09765625,-0.09765625,-0.048828125,0.32958984375,0.2685546875,0.98876953125,-0.09765625,-0.23193359375,-0.244140625,-0.1220703125,-0.18310546875,-0.76904296875,-0.10986328125,0.96435546875,0.13427734375,0.25634765625,-0.1220703125,-0.35400390625,0.0244140625,-0.84228515625,-0.15869140625,-0.4150390625,0.15869140625,-0.68359375,-0.341796875,-0.1953125,0.23193359375,-0.67138671875,0.15869140625,-0.45166015625,0.54931640625,0.6591796875,0.4150390625,1.26953125,-0.2197265625,0.50048828125,0.09765625,-0.15869140625,0.28076171875,0.78125,0.08544921875,0.64697265625,-0.10986328125,0.50048828125,0.0732421875,0.6103515625,0.06103515625,0.15869140625,0.32958984375,0.25634765625,0.1220703125,1.03759765625,0.03662109375,0.25634765625,-0.10986328125,0.25634765625,0.15869140625,0.3662109375,0.2197265625,0.84228515625,-0.10986328125,0.03662109375,-0.13427734375,1.37939453125,0.32958984375,-0.87890625,-0.1708984375,-0.30517578125,-0.10986328125,-0.96435546875,-0.1708984375,-0.72021484375,0.0732421875,-1.4892578125,-0.20751953125,-0.20751953125,0.29296875,-0.2685546875,0.01220703125,-1.171875,0.06103515625,3.9306640625,-0.13427734375,0.67138671875,0.18310546875,0.2197265625,0.09765625,1.11083984375,-0.2197265625,-0.732421875,-0.048828125,-1.416015625,0.08544921875,-1.0009765625,-0.30517578125,0.439453125,-0.0244140625,5.26123046875,0.0244140625,5.1025390625,-0.0732421875,3.4423828125,0.4638671875,9.04541015625,-0.29296875,-0.048828125,-0.03662109375,0.8544921875,0.0244140625,-0.48828125,0.03662109375,-0.4638671875
1,0.2197265625,-0.4150390625,-0.18310546875,-0.25634765625,0.30517578125,-0.390625,-0.1220703125,0.09765625,0.2197265625,1.611328125,-0.42724609375,0.54931640625,-0.30517578125,6.79931640625,-0.29296875,1.79443359375,-0.1708984375,-0.18310546875,-0.0732421875,0.23193359375,0.09765625,0.87890625,-0.13427734375,-0.30517578125,-0.15869140625,-0.1220703125,-0.1953125,-0.78125,-0.048828125,0.9521484375,0.13427734375,0.25634765625,-0.13427734375,-0.3173828125,-0.03662109375,-0.8544921875,-0.1708984375,-0.42724609375,0.13427734375,-0.7080078125,-0.48828125,-0.20751953125,0.244140625,-0.6591796875,0.08544921875,-0.439453125,0.50048828125,0.6591796875,0.439453125,1.220703125,-0.244140625,0.537109375,0.1708984375,-0.13427734375,0.32958984375,0.78125,0.06103515625,0.6591796875,0.0244140625,0.54931640625,0.08544921875,0.6103515625,0.048828125,0.146484375,0.390625,0.1953125,0.13427734375,1.06201171875,0,0.2685546875,-0.048828125,0.25634765625,0.13427734375,0.32958984375,0.2685546875,0.830078125,-0.13427734375,0.03662109375,-0.146484375,1.3671875,0.32958984375,-0.86669921875,-0.1708984375,-0.32958984375,0.0244140625,-0.93994140625,-0.13427734375,-0.72021484375,0.048828125,-1.4892578125,-0.18310546875,-0.20751953125,0.1220703125,-0.25634765625,0.048828125,-1.15966796875,0.06103515625,3.57666015625,0,0.537109375,0.09765625,0.13427734375,0.08544921875,0.98876953125,-0.341796875,-0.732421875,-0.08544921875,-1.42822265625,0.03662109375,-0.98876953125,-0.32958984375,0.439453125,-0.048828125,5.50537109375,0.01220703125,5.43212890625,-0.0732421875,3.662109375,0.40283203125,9.68017578125,-0.30517578125,-0.06103515625,-0.048828125,0.8544921875,0.048828125,-0.47607421875,-0.01220703125,-0.47607421875
1,0.244140625,-0.40283203125,-0.15869140625,-0.2685546875,0.30517578125,-0.35400390625,-0.1220703125,0.06103515625,0.1708984375,1.62353515625,-0.42724609375,0.57373046875,-0.341796875,6.884765625,-0.244140625,1.81884765625,-0.1708984375,-0.244140625,-0.09765625,0.13427734375,-0.10986328125,0.8056640625,-0.0732421875,-0.35400390625,-0.09765625,-0.10986328125,-0.1220703125,-0.78125,0.03662109375,0.93994140625,0.0732421875,0.25634765625,-0.10986328125,-0.28076171875,-0.18310546875,-0.86669921875,-0.1708984375,-0.439453125,0.048828125,-0.7080078125,-0.57373046875,-0.20751953125,0.23193359375,-0.67138671875,-0.01220703125,-0.4150390625,0.4638671875,0.6591796875,0.40283203125,1.220703125,-0.341796875,0.52490234375,0.18310546875,-0.13427734375,0.30517578125,0.79345703125,0.03662109375,0.64697265625,0.146484375,0.5859375,0.1708984375,0.59814453125,0.09765625,0.146484375,0.4150390625,0.18310546875,0.09765625,1.06201171875,-0.01220703125,0.29296875,0,0.244140625,0.13427734375,0.341796875,0.29296875,0.86669921875,-0.1708984375,0.03662109375,-0.1953125,1.3671875,0.2685546875,-0.8544921875,-0.1708984375,-0.32958984375,0.15869140625,-0.93994140625,-0.06103515625,-0.74462890625,0,-1.513671875,-0.15869140625,-0.20751953125,-0.048828125,-0.23193359375,0.06103515625,-1.171875,0.06103515625,3.1494140625,0.09765625,0.42724609375,-0.01220703125,0.048828125,0.0732421875,0.87890625,-0.390625,-0.732421875,-0.10986328125,-1.40380859375,-0.048828125,-1.01318359375,-0.3662109375,0.42724609375,-0.08544921875,5.60302734375,0.01220703125,5.56640625,-0.08544921875,3.7841796875,0.3173828125,10.09521484375,-0.30517578125,-0.06103515625,-0.03662109375,0.84228515625,0.0732421875,-0.45166015625,-0.048828125,-0.47607421875
1,0.244140625,-0.390625,-0.146484375,-0.25634765625,0.28076171875,-0.341796875,-0.146484375,0.048828125,0.1708984375,1.57470703125,-0.4150390625,0.52490234375,-0.3662109375,6.75048828125,-0.18310546875,1.7333984375,-0.2685546875,-0.29296875,-0.20751953125,0.048828125,-0.3662109375,0.74462890625,-0.08544921875,-0.4150390625,-0.0244140625,-0.09765625,-0.03662109375,-0.78125,0.10986328125,0.927734375,0,0.25634765625,-0.0732421875,-0.23193359375,-0.341796875,-0.87890625,-0.146484375,-0.439453125,-0.01220703125,-0.72021484375,-0.67138671875,-0.2197265625,0.15869140625,-0.634765625,-0.10986328125,-0.4150390625,0.54931640625,0.64697265625,0.32958984375,1.18408203125,-0.37841796875,0.5126953125,0.15869140625,-0.1220703125,0.20751953125,0.78125,0.0244140625,0.6591796875,0.244140625,0.59814453125,0.244140625,0.59814453125,0.06103515625,0.15869140625,0.45166015625,0.15869140625,0.10986328125,1.07421875,-0.03662109375,0.29296875,0.03662109375,0.244140625,0.13427734375,0.30517578125,0.244140625,0.84228515625,-0.18310546875,0.048828125,-0.18310546875,1.37939453125,0.1953125,-0.9033203125,-0.08544921875,-0.341796875,0.244140625,-0.93994140625,0.0244140625,-0.7568359375,-0.06103515625,-1.52587890625,-0.13427734375,-0.244140625,-0.20751953125,-0.28076171875,0.0244140625,-1.18408203125,0.048828125,2.8076171875,0.23193359375,0.28076171875,-0.09765625,-0.01220703125,0.048828125,0.8056640625,-0.3662109375,-0.72021484375,-0.23193359375,-1.37939453125,-0.15869140625,-1.0009765625,-0.3662109375,0.42724609375,-0.08544921875,5.56640625,0.0244140625,5.5419921875,-0.0732421875,3.79638671875,0.439453125,10.302734375,-0.3173828125,-0.048828125,-0.03662109375,0.87890625,0.10986328125,-0.42724609375,-0.1220703125,-0.47607421875
1,0.28076171875,-0.35400390625,-0.15869140625,-0.2685546875,0.28076171875,-0.32958984375,-0.10986328125,0.0244140625,0.1708984375,1.45263671875,-0.40283203125,0.40283203125,-0.37841796875,6.396484375,-0.15869140625,1.57470703125,-0.29296875,-0.32958984375,-0.3173828125,-0.01220703125,-0.6103515625,0.74462890625,-0.1708984375,-0.4638671875,0.01220703125,-0.09765625,0.03662109375,-0.76904296875,0.18310546875,0.9521484375,-0.06103515625,0.2685546875,-0.06103515625,-0.23193359375,-0.4638671875,-0.89111328125,-0.146484375,-0.42724609375,-0.06103515625,-0.732421875,-0.64697265625,-0.20751953125,0.0732421875,-0.64697265625,-0.10986328125,-0.40283203125,0.537109375,0.6103515625,0.28076171875,1.171875,-0.42724609375,0.52490234375,0.10986328125,-0.1220703125,0.1220703125,0.78125,0.08544921875,0.6591796875,0.32958984375,0.634765625,0.30517578125,0.57373046875,0,0.1220703125,0.45166015625,0.18310546875,0.0732421875,1.08642578125,-0.048828125,0.30517578125,0.048828125,0.23193359375,0.1220703125,0.29296875,0.2197265625,0.86669921875,-0.2197265625,0.06103515625,-0.1708984375,1.37939453125,0.146484375,-0.9521484375,0.01220703125,-0.341796875,0.29296875,-0.93994140625,0.06103515625,-0.7568359375,-0.1220703125,-1.52587890625,-0.13427734375,-0.244140625,-0.30517578125,-0.25634765625,-0.048828125,-1.15966796875,0.048828125,2.55126953125,0.28076171875,0.23193359375,-0.15869140625,-0.0732421875,0.01220703125,0.74462890625,-0.28076171875,-0.7080078125,-0.35400390625,-1.3916015625,-0.23193359375,-1.0009765625,-0.37841796875,0.439453125,-0.08544921875,5.43212890625,0.01220703125,5.43212890625,-0.0732421875,3.7109375,0.48828125,10.25390625,-0.30517578125,-0.06103515625,0,0.89111328125,0.10986328125,-0.40283203125,-0.15869140625,-0.48828125
1,0.30517578125,-0.35400390625,-0.13427734375,-0.2685546875,0.28076171875,-0.3662109375,-0.10986328125,0.01220703125,0.146484375,1.26953125,-0.37841796875,0.244140625,-0.37841796875,5.908203125,-0.1220703125,1.3916015625,-0.1953125,-0.341796875,-0.32958984375,-0.048828125,-0.62255859375,0.76904296875,-0.13427734375,-0.47607421875,0.01220703125,-0.09765625,0.09765625,-0.7568359375,0.2197265625,0.9521484375,-0.146484375,0.25634765625,-0.06103515625,-0.20751953125,-0.5615234375,-0.87890625,-0.146484375,-0.42724609375,-0.09765625,-0.72021484375,-0.54931640625,-0.1953125,0.03662109375,-0.6591796875,-0.06103515625,-0.40283203125,0.4638671875,0.5859375,0.28076171875,1.18408203125,-0.47607421875,0.50048828125,-0.0244140625,-0.13427734375,0.08544921875,0.76904296875,0.20751953125,0.64697265625,0.40283203125,0.634765625,0.29296875,0.5615234375,-0.06103515625,0.1220703125,0.439453125,0.18310546875,0,1.07421875,-0.08544921875,0.30517578125,0.0244140625,0.23193359375,0.09765625,0.2685546875,0.13427734375,0.86669921875,-0.20751953125,0.08544921875,-0.15869140625,1.35498046875,0.10986328125,-0.9521484375,0.146484375,-0.341796875,0.3173828125,-0.91552734375,0.1220703125,-0.7568359375,-0.15869140625,-1.513671875,-0.1708984375,-0.25634765625,-0.30517578125,-0.2685546875,-0.146484375,-1.15966796875,0.146484375,2.40478515625,0.29296875,0.18310546875,-0.146484375,-0.10986328125,0.01220703125,0.74462890625,-0.09765625,-0.7080078125,-0.4638671875,-1.416015625,-0.2685546875,-0.98876953125,-0.37841796875,0.45166015625,-0.09765625,5.26123046875,0.01220703125,5.21240234375,-0.06103515625,3.5888671875,0.3662109375,10.05859375,-0.30517578125,-0.06103515625,-0.01220703125,0.9033203125,0.1220703125,-0.40283203125,-0.18310546875,-0.47607421875
1,0.3173828125,-0.341796875,-0.1708984375,-0.29296875,0.28076171875,-0.390625,-0.09765625,-0.01220703125,0.1953125,1.06201171875,-0.37841796875,0.08544921875,-0.40283203125,5.35888671875,-0.08544921875,1.20849609375,-0.20751953125,-0.35400390625,-0.439453125,-0.0732421875,-0.6103515625,0.78125,-0.1953125,-0.48828125,0.0244140625,-0.1220703125,0.13427734375,-0.7568359375,0.23193359375,0.9765625,-0.20751953125,0.2685546875,-0.10986328125,-0.1953125,-0.59814453125,-0.8544921875,-0.13427734375,-0.4150390625,-0.10986328125,-0.72021484375,-0.439453125,-0.18310546875,0.01220703125,-0.634765625,0.048828125,-0.40283203125,0.4150390625,0.57373046875,0.2197265625,1.171875,-0.4638671875,0.50048828125,-0.146484375,-0.13427734375,0.0732421875,0.79345703125,0.29296875,0.634765625,0.390625,0.62255859375,0.3173828125,0.537109375,-0.13427734375,0.1220703125,0.45166015625,0.20751953125,-0.0732421875,1.07421875,-0.10986328125,0.28076171875,0.048828125,0.23193359375,0.03662109375,0.28076171875,0.0732421875,0.8544921875,-0.2197265625,0.10986328125,-0.10986328125,1.37939453125,0.09765625,-0.93994140625,0.2197265625,-0.3173828125,0.28076171875,-0.91552734375,0.15869140625,-0.7568359375,-0.15869140625,-1.4892578125,-0.2197265625,-0.28076171875,-0.1953125,-0.25634765625,-0.2197265625,-1.15966796875,0.10986328125,2.392578125,0.29296875,0.20751953125,-0.08544921875,-0.1220703125,-0.06103515625,0.7568359375,0.06103515625,-0.68359375,-0.52490234375,-1.40380859375,-0.244140625,-0.98876953125,-0.40283203125,0.439453125,-0.10986328125,5.078125,0,4.98046875,-0.06103515625,3.43017578125,0.23193359375,9.70458984375,-0.29296875,-0.06103515625,0,0.927734375,0.1220703125,-0.37841796875,-0.1708984375,-0.4638671875
1,0.29296875,-0.32958984375,-0.15869140625,-0.28076171875,0.28076171875,-0.4150390625,-0.08544921875,0.0244140625,0.2197265625,0.87890625,-0.390625,-0.08544921875,-0.40283203125,4.78515625,-0.0732421875,0.98876953125,-0.10986328125,-0.35400390625,-0.42724609375,-0.0732421875,-0.50048828125,0.84228515625,-0.2197265625,-0.50048828125,0.0244140625,-0.146484375,0.15869140625,-0.76904296875,0.1708984375,0.96435546875,-0.244140625,0.2685546875,-0.2197265625,-0.20751953125,-0.54931640625,-0.84228515625,-0.13427734375,-0.40283203125,-0.08544921875,-0.7080078125,-0.32958984375,-0.1708984375,0,-0.634765625,0.15869140625,-0.390625,0.29296875,0.54931640625,0.20751953125,1.20849609375,-0.439453125,0.5126953125,-0.25634765625,-0.146484375,0.09765625,0.78125,0.37841796875,0.634765625,0.3662109375,0.59814453125,0.25634765625,0.537109375,-0.23193359375,0.1220703125,0.42724609375,0.2197265625,-0.20751953125,1.06201171875,-0.13427734375,0.25634765625,0,0.244140625,-0.0244140625,0.30517578125,0.048828125,0.87890625,-0.2197265625,0.10986328125,-0.08544921875,1.3427734375,0.10986328125,-0.93994140625,0.28076171875,-0.3173828125,0.244140625,-0.91552734375,0.1953125,-0.74462890625,-0.15869140625,-1.513671875,-0.25634765625,-0.28076171875,-0.048828125,-0.2685546875,-0.244140625,-1.1474609375,0.13427734375,2.5146484375,0.1953125,0.25634765625,-0.0732421875,-0.08544921875,-0.1220703125,0.830078125,0.1708984375,-0.68359375,-0.4638671875,-1.42822265625,-0.20751953125,-0.98876953125,-0.4150390625,0.439453125,-0.09765625,4.8583984375,0.01220703125,4.736328125,-0.0732421875,3.2470703125,0.15869140625,9.24072265625,-0.28076171875,-0.048828125,-0.0244140625,0.93994140625,0.08544921875,-0.3662109375,-0.15869140625,-0.45166015625
1,0.3173828125,-0.3173828125,-0.15869140625,-0.28076171875,0.28076171875,-0.4150390625,-0.0732421875,0.0244140625,0.2685546875,0.7080078125,-0.439453125,-0.244140625,-0.4150390625,4.296875,-0.03662109375,0.81787109375,-0.0732421875,-0.341796875,-0.390625,-0.06103515625,-0.2685546875,0.9033203125,-0.18310546875,-0.48828125,-0.03662109375,-0.146484375,0.146484375,-0.76904296875,0.0732421875,0.9765625,-0.25634765625,0.2685546875,-0.29296875,-0.23193359375,-0.439453125,-0.84228515625,-0.10986328125,-0.390625,-0.06103515625,-0.69580078125,-0.18310546875,-0.1708984375,0.03662109375,-0.62255859375,0.2197265625,-0.4150390625,0.32958984375,0.537109375,0.146484375,1.20849609375,-0.341796875,0.50048828125,-0.40283203125,-0.15869140625,0.09765625,0.78125,0.439453125,0.64697265625,0.30517578125,0.54931640625,0.18310546875,0.50048828125,-0.3173828125,0.146484375,0.35400390625,0.25634765625,-0.25634765625,1.06201171875,-0.1708984375,0.25634765625,-0.0244140625,0.244140625,-0.08544921875,0.29296875,-0.01220703125,0.86669921875,-0.1708984375,0.1220703125,-0.08544921875,1.35498046875,0.13427734375,-0.91552734375,0.244140625,-0.29296875,0.15869140625,-0.91552734375,0.20751953125,-0.74462890625,-0.13427734375,-1.4892578125,-0.30517578125,-0.3173828125,0.146484375,-0.2685546875,-0.23193359375,-1.171875,0.20751953125,2.7099609375,0.08544921875,0.30517578125,0,-0.06103515625,-0.15869140625,0.84228515625,0.2197265625,-0.67138671875,-0.3173828125,-1.4404296875,-0.15869140625,-0.9765625,-0.439453125,0.45166015625,-0.13427734375,4.638671875,-0.01220703125,4.4921875,-0.08544921875,3.076171875,0.13427734375,8.72802734375,-0.28076171875,-0.01220703125,-0.048828125,0.91552734375,0.06103515625,-0.37841796875,-0.146484375,-0.439453125
1,0.3173828125,-0.32958984375,-0.09765625,-0.30517578125,0.29296875,-0.439453125,-0.048828125,0.03662109375,0.2685546875,0.5615234375,-0.4638671875,-0.37841796875,-0.42724609375,3.857421875,0,0.634765625,-0.06103515625,-0.341796875,-0.3662109375,-0.0244140625,-0.048828125,0.9765625,-0.13427734375,-0.4638671875,-0.06103515625,-0.15869140625,0.09765625,-0.76904296875,-0.06103515625,0.9765625,-0.28076171875,0.28076171875,-0.29296875,-0.28076171875,-0.35400390625,-0.84228515625,-0.08544921875,-0.40283203125,-0.03662109375,-0.69580078125,-0.10986328125,-0.18310546875,0.10986328125,-0.6591796875,0.25634765625,-0.439453125,0.32958984375,0.52490234375,0.0732421875,1.220703125,-0.25634765625,0.48828125,-0.47607421875,-0.146484375,0.03662109375,0.8056640625,0.52490234375,0.67138671875,0.20751953125,0.50048828125,0.06103515625,0.48828125,-0.390625,0.146484375,0.28076171875,0.28076171875,-0.2685546875,1.03759765625,-0.20751953125,0.244140625,-0.0732421875,0.23193359375,-0.13427734375,0.3173828125,-0.0244140625,0.86669921875,-0.1220703125,0.146484375,-0.09765625,1.37939453125,0.15869140625,-0.93994140625,0.2197265625,-0.28076171875,0.08544921875,-0.93994140625,0.1708984375,-0.7568359375,-0.08544921875,-1.4892578125,-0.3173828125,-0.29296875,0.28076171875,-0.3173828125,-0.1708984375,-1.20849609375,0.18310546875,2.9052734375,0.048828125,0.35400390625,0.0244140625,-0.01220703125,-0.20751953125,0.87890625,0.1953125,-0.68359375,-0.1708984375,-1.45263671875,-0.10986328125,-0.9765625,-0.4638671875,0.439453125,-0.146484375,4.443359375,-0.0244140625,4.26025390625,-0.0732421875,2.9052734375,0.1220703125,8.203125,-0.25634765625,-0.01220703125,-0.08544921875,0.9033203125,0.01220703125,-0.390625,-0.15869140625,-0.42724609375
0,0.341796875,-0.32958984375,-0.08544921875,-0.29296875,0.32958984375,-0.42724609375,-0.0244140625,0.03662109375,0.2685546875,0.45166015625,-0.48828125,-0.48828125,-0.40283203125,3.45458984375,0.01220703125,0.48828125,-0.0244140625,-0.30517578125,-0.2685546875,0.01220703125,0.08544921875,1.025390625,-0.08544921875,-0.439453125,-0.10986328125,-0.146484375,0.06103515625,-0.7568359375,-0.18310546875,0.96435546875,-0.25634765625,0.29296875,-0.244140625,-0.30517578125,-0.25634765625,-0.830078125,-0.03662109375,-0.40283203125,0.0244140625,-0.69580078125,-0.09765625,-0.1953125,0.15869140625,-0.64697265625,0.32958984375,-0.42724609375,0.29296875,0.537109375,0.09765625,1.1962890625,-0.1708984375,0.48828125,-0.50048828125,-0.13427734375,-0.01220703125,0.79345703125,0.59814453125,0.6591796875,0.18310546875,0.4638671875,-0.06103515625,0.4638671875,-0.40283203125,0.1708984375,0.146484375,0.29296875,-0.30517578125,1.06201171875,-0.2197265625,0.23193359375,-0.146484375,0.244140625,-0.18310546875,0.3173828125,-0.06103515625,0.87890625,-0.06103515625,0.1220703125,-0.10986328125,1.3671875,0.20751953125,-0.927734375,0.18310546875,-0.30517578125,0.03662109375,-0.93994140625,0.09765625,-0.7568359375,-0.048828125,-1.45263671875,-0.244140625,-0.29296875,0.341796875,-0.3173828125,-0.08544921875,-1.220703125,0.1708984375,3.0029296875,0.03662109375,0.390625,0.06103515625,-0.0244140625,-0.1953125,0.86669921875,0.1220703125,-0.69580078125,-0.0244140625,-1.46484375,-0.10986328125,-1.0009765625,-0.45166015625,0.439453125,-0.15869140625,4.23583984375,-0.01220703125,4.04052734375,-0.09765625,2.7587890625,0.2197265625,7.666015625,-0.2197265625,-0.01220703125,-0.1220703125,0.87890625,-0.0244140625,-0.4150390625,-0.146484375,-0.4150390625
0,0.35400390625,-0.341796875,-0.10986328125,-0.30517578125,0.35400390625,-0.439453125,0,0.0244140625,0.2685546875,0.341796875,-0.4638671875,-0.57373046875,-0.45166015625,3.11279296875,0.03662109375,0.37841796875,-0.048828125,-0.28076171875,-0.23193359375,0.048828125,0.1220703125,1.06201171875,0.01220703125,-0.390625,-0.15869140625,-0.13427734375,0.01220703125,-0.732421875,-0.28076171875,0.93994140625,-0.23193359375,0.29296875,-0.13427734375,-0.3173828125,-0.15869140625,-0.84228515625,0.03662109375,-0.4150390625,0.0732421875,-0.7080078125,-0.08544921875,-0.18310546875,0.2685546875,-0.6591796875,0.439453125,-0.42724609375,0.30517578125,0.537109375,0.10986328125,1.20849609375,-0.0732421875,0.50048828125,-0.4638671875,-0.10986328125,-0.10986328125,0.8056640625,0.6103515625,0.64697265625,0.13427734375,0.439453125,-0.2197265625,0.47607421875,-0.4150390625,0.1708984375,0.048828125,0.29296875,-0.28076171875,1.0498046875,-0.20751953125,0.23193359375,-0.1953125,0.244140625,-0.20751953125,0.3173828125,-0.0732421875,0.87890625,0,0.10986328125,-0.146484375,1.3671875,0.23193359375,-0.927734375,0.10986328125,-0.3173828125,0.01220703125,-0.927734375,0,-0.74462890625,-0.0244140625,-1.47705078125,-0.18310546875,-0.29296875,0.32958984375,-0.32958984375,0.03662109375,-1.2451171875,0.1953125,2.9541015625,0.06103515625,0.341796875,0.0732421875,-0.03662109375,-0.18310546875,0.8544921875,0.03662109375,-0.72021484375,0.048828125,-1.4404296875,-0.0732421875,-1.01318359375,-0.4150390625,0.45166015625,-0.18310546875,4.04052734375,-0.0244140625,3.857421875,-0.0732421875,2.6123046875,0.20751953125,7.21435546875,-0.1953125,-0.01220703125,-0.10986328125,0.86669921875,0,-0.4150390625,-0.18310546875,-0.45166015625
0,0.3173828125,-0.3662109375,-0.13427734375,-0.28076171875,0.37841796875,-0.4150390625,-0.01220703125,0.03662109375,0.244140625,0.25634765625,-0.439453125,-0.6591796875,-0.45166015625,2.77099609375,0.03662109375,0.244140625,-0.048828125,-0.2197265625,-0.08544921875,0.1220703125,0.25634765625,1.123046875,0.13427734375,-0.32958984375,-0.1708984375,-0.10986328125,-0.048828125,-0.7568359375,-0.3173828125,0.93994140625,-0.20751953125,0.29296875,-0.06103515625,-0.32958984375,-0.1220703125,-0.8544921875,0.06103515625,-0.42724609375,0.146484375,-0.68359375,-0.10986328125,-0.18310546875,0.32958984375,-0.67138671875,0.50048828125,-0.45166015625,0.29296875,0.54931640625,0.23193359375,1.20849609375,0,0.52490234375,-0.4150390625,-0.09765625,-0.1708984375,0.79345703125,0.59814453125,0.634765625,0.10986328125,0.42724609375,-0.32958984375,0.47607421875,-0.341796875,0.1708984375,-0.06103515625,0.28076171875,-0.30517578125,1.06201171875,-0.2197265625,0.25634765625,-0.23193359375,0.23193359375,-0.20751953125,0.32958984375,-0.08544921875,0.84228515625,0.03662109375,0.09765625,-0.15869140625,1.37939453125,0.2197265625,-0.927734375,0.0732421875,-0.341796875,0,-0.93994140625,-0.1220703125,-0.76904296875,-0.0244140625,-1.4892578125,-0.08544921875,-0.2685546875,0.29296875,-0.35400390625,0.1708984375,-1.25732421875,-0.0244140625,2.7099609375,0.09765625,0.25634765625,0.048828125,-0.0732421875,-0.13427734375,0.732421875,0,-0.72021484375,0.0732421875,-1.42822265625,-0.03662109375,-1.01318359375,-0.35400390625,0.439453125,-0.18310546875,3.857421875,-0.048828125,3.69873046875,-0.06103515625,2.47802734375,0.146484375,6.82373046875,-0.2197265625,-0.01220703125,-0.10986328125,0.830078125,0,-0.4150390625,-0.1953125,-0.45166015625
0,0.3173828125,-0.40283203125,-0.1220703125,-0.2685546875,0.35400390625,-0.390625,0,0.06103515625,0.18310546875,0.13427734375,-0.40283203125,-0.7568359375,-0.439453125,2.3681640625,0.03662109375,0.1220703125,-0.048828125,-0.15869140625,0.03662109375,0.20751953125,0.35400390625,1.13525390625,0.2685546875,-0.2685546875,-0.1953125,-0.1220703125,-0.1220703125,-0.76904296875,-0.29296875,0.927734375,-0.15869140625,0.28076171875,0.048828125,-0.3173828125,-0.06103515625,-0.84228515625,0.0732421875,-0.42724609375,0.1953125,-0.68359375,-0.146484375,-0.1953125,0.4150390625,-0.6591796875,0.5615234375,-0.45166015625,0.390625,0.537109375,0.28076171875,1.18408203125,0.0732421875,0.5126953125,-0.37841796875,-0.10986328125,-0.1953125,0.79345703125,0.54931640625,0.634765625,0.1220703125,0.42724609375,-0.35400390625,0.48828125,-0.28076171875,0.15869140625,-0.18310546875,0.28076171875,-0.2685546875,1.0498046875,-0.2197265625,0.28076171875,-0.28076171875,0.23193359375,-0.23193359375,0.30517578125,-0.09765625,0.87890625,0.03662109375,0.09765625,-0.146484375,1.37939453125,0.15869140625,-0.927734375,0.0732421875,-0.32958984375,0.0244140625,-0.93994140625,-0.23193359375,-0.7568359375,-0.0732421875,-1.4892578125,0.03662109375,-0.2685546875,0.25634765625,-0.32958984375,0.2685546875,-1.23291015625,-0.06103515625,2.24609375,0.08544921875,0.10986328125,0,-0.146484375,-0.09765625,0.59814453125,0.01220703125,-0.7568359375,0.0732421875,-1.3916015625,-0.03662109375,-0.98876953125,-0.28076171875,0.45166015625,-0.1708984375,3.69873046875,-0.048828125,3.55224609375,-0.0732421875,2.34375,0.1220703125,6.5185546875,-0.20751953125,-0.0244140625,-0.1220703125,0.830078125,-0.01220703125,-0.439453125,-0.2197265625,-0.45166015625
0,0.29296875,-0.40283203125,-0.13427734375,-0.244140625,0.35400390625,-0.40283203125,0.01220703125,0.048828125,0.13427734375,-0.0244140625,-0.37841796875,-0.86669921875,-0.42724609375,1.94091796875,0,-0.01220703125,-0.06103515625,-0.06103515625,0.03662109375,0.32958984375,0.2685546875,1.171875,0.37841796875,-0.18310546875,-0.18310546875,-0.09765625,-0.1708984375,-0.7568359375,-0.18310546875,0.93994140625,-0.10986328125,0.2685546875,0.146484375,-0.29296875,-0.09765625,-0.8544921875,0.06103515625,-0.40283203125,0.2197265625,-0.68359375,-0.18310546875,-0.18310546875,0.439453125,-0.6591796875,0.45166015625,-0.45166015625,0.37841796875,0.54931640625,0.25634765625,1.18408203125,0.1220703125,0.47607421875,-0.341796875,-0.10986328125,-0.15869140625,0.79345703125,0.5126953125,0.634765625,0.30517578125,0.45166015625,-0.37841796875,0.52490234375,-0.15869140625,0.1220703125,-0.244140625,0.2197265625,-0.244140625,1.0498046875,-0.23193359375,0.28076171875,-0.2685546875,0.23193359375,-0.2197265625,0.32958984375,-0.09765625,0.830078125,0.03662109375,0.08544921875,-0.10986328125,1.3916015625,0.0732421875,-0.89111328125,0.06103515625,-0.341796875,0.048828125,-0.927734375,-0.3173828125,-0.76904296875,-0.08544921875,-1.4892578125,0.15869140625,-0.25634765625,0.1708984375,-0.29296875,0.341796875,-1.23291015625,-0.1708984375,1.59912109375,0.08544921875,-0.10986328125,-0.06103515625,-0.2685546875,-0.048828125,0.40283203125,0.048828125,-0.74462890625,-0.01220703125,-1.3916015625,-0.0244140625,-1.0009765625,-0.2197265625,0.439453125,-0.1708984375,3.5400390625,-0.03662109375,3.40576171875,-0.0732421875,2.23388671875,0.10986328125,6.31103515625,-0.244140625,-0.0244140625,-0.1220703125,0.84228515625,-0.01220703125,-0.439453125,-0.23193359375,-0.47607421875
0,0.28076171875,-0.390625,-0.0732421875,-0.2197265625,0.32958984375,-0.35400390625,-0.01220703125,0.06103515625,0.10986328125,-0.15869140625,-0.35400390625,-0.98876953125,-0.37841796875,1.46484375,0.01220703125,-0.1708984375,-0.01220703125,0.0244140625,0.0244140625,0.40283203125,0.20751953125,1.171875,0.4638671875,-0.10986328125,-0.15869140625,-0.08544921875,-0.1953125,-0.74462890625,-0.06103515625,0.9521484375,-0.0732421875,0.2685546875,0.1708984375,-0.244140625,-0.1953125,-0.84228515625,0,-0.37841796875,0.2197265625,-0.68359375,-0.23193359375,-0.18310546875,0.40283203125,-0.64697265625,0.42724609375,-0.4150390625,0.3173828125,0.5859375,0.341796875,1.20849609375,0.10986328125,0.47607421875,-0.2685546875,-0.1220703125,-0.06103515625,0.78125,0.48828125,0.6103515625,0.42724609375,0.4638671875,-0.32958984375,0.52490234375,-0.0244140625,0.10986328125,-0.28076171875,0.2197265625,-0.1953125,1.0498046875,-0.23193359375,0.29296875,-0.28076171875,0.23193359375,-0.23193359375,0.3173828125,-0.08544921875,0.84228515625,0.0732421875,0.08544921875,-0.0732421875,1.3916015625,-0.0244140625,-0.89111328125,0.048828125,-0.32958984375,0.08544921875,-0.927734375,-0.32958984375,-0.78125,-0.08544921875,-1.4892578125,0.2197265625,-0.244140625,0.10986328125,-0.2685546875,0.37841796875,-1.23291015625,-0.146484375,0.8056640625,0.0732421875,-0.32958984375,-0.0732421875,-0.439453125,-0.03662109375,0.2197265625,0.06103515625,-0.7568359375,-0.10986328125,-1.40380859375,-0.03662109375,-0.98876953125,-0.146484375,0.45166015625,-0.146484375,3.41796875,-0.06103515625,3.25927734375,-0.0732421875,2.13623046875,0.08544921875,6.09130859375,-0.244140625,-0.03662109375,-0.09765625,0.86669921875,-0.0244140625,-0.42724609375,-0.244140625,-0.4638671875
0,0.28076171875,-0.40283203125,-0.08544921875,-0.20751953125,0.28076171875,-0.35400390625,-0.01220703125,0.048828125,0.08544921875,-0.29296875,-0.32958984375,-1.11083984375,-0.35400390625,0.98876953125,0.01220703125,-0.341796875,0,0.09765625,-0.08544921875,0.50048828125,0.09765625,1.15966796875,0.439453125,-0.0732421875,-0.13427734375,-0.09765625,-0.18310546875,-0.74462890625,0.06103515625,0.96435546875,-0.03662109375,0.25634765625,0.18310546875,-0.2197265625,-0.244140625,-0.8544921875,-0.06103515625,-0.341796875,0.1953125,-0.67138671875,-0.2685546875,-0.15869140625,0.35400390625,-0.634765625,0.50048828125,-0.4150390625,0.2685546875,0.57373046875,0.4150390625,1.220703125,0.08544921875,0.48828125,-0.2197265625,-0.13427734375,-0.0732421875,0.76904296875,0.47607421875,0.6103515625,0.5859375,0.5126953125,-0.2685546875,0.54931640625,0.10986328125,0.09765625,-0.29296875,0.1953125,-0.1220703125,1.07421875,-0.2197265625,0.30517578125,-0.2685546875,0.244140625,-0.2197265625,0.29296875,-0.03662109375,0.89111328125,0.03662109375,0.0732421875,-0.01220703125,1.3916015625,-0.0732421875,-0.91552734375,0.03662109375,-0.32958984375,0.1220703125,-0.91552734375,-0.30517578125,-0.79345703125,-0.09765625,-1.46484375,0.244140625,-0.23193359375,0.10986328125,-0.28076171875,0.35400390625,-1.23291015625,-0.0732421875,-0.01220703125,0.0732421875,-0.52490234375,-0.0732421875,-0.5859375,0,0.0244140625,0.0732421875,-0.74462890625,-0.20751953125,-1.40380859375,-0.0244140625,-1.0009765625,-0.10986328125,0.45166015625,-0.15869140625,3.25927734375,-0.06103515625,3.125,-0.0732421875,2.001953125,0.09765625,5.82275390625,-0.25634765625,-0.03662109375,-0.08544921875,0.87890625,-0.0244140625,-0.45166015625,-0.23193359375,-0.47607421875
0,0.28076171875,-0.3662109375,-0.08544921875,-0.1953125,0.29296875,-0.341796875,-0.03662109375,0.01220703125,0.09765625,-0.439453125,-0.3173828125,-1.23291015625,-0.32958984375,0.50048828125,-0.01220703125,-0.5126953125,0.0244140625,0.10986328125,-0.1953125,0.537109375,-0.01220703125,1.1474609375,0.341796875,-0.03662109375,-0.09765625,-0.10986328125,-0.13427734375,-0.74462890625,0.1953125,0.96435546875,-0.0244140625,0.25634765625,0.18310546875,-0.20751953125,-0.25634765625,-0.84228515625,-0.15869140625,-0.35400390625,0.1708984375,-0.68359375,-0.30517578125,-0.18310546875,0.28076171875,-0.62255859375,0.4150390625,-0.42724609375,0.3173828125,0.5859375,0.40283203125,1.220703125,0.0244140625,0.47607421875,-0.1953125,-0.1220703125,-0.03662109375,0.7568359375,0.48828125,0.62255859375,0.7080078125,0.537109375,-0.146484375,0.54931640625,0.244140625,0.09765625,-0.32958984375,0.1953125,-0.0732421875,1.07421875,-0.1953125,0.30517578125,-0.25634765625,0.25634765625,-0.20751953125,0.29296875,-0.01220703125,0.87890625,0.048828125,0.08544921875,0.0244140625,1.3916015625,-0.0732421875,-0.927734375,0.0244140625,-0.341796875,0.1953125,-0.91552734375,-0.25634765625,-0.7568359375,-0.048828125,-1.46484375,0.1953125,-0.2197265625,0.13427734375,-0.25634765625,0.23193359375,-1.171875,-0.03662109375,-0.7568359375,0.01220703125,-0.732421875,-0.06103515625,-0.74462890625,-0.0244140625,-0.1220703125,0.03662109375,-0.74462890625,-0.30517578125,-1.4404296875,-0.01220703125,-1.0009765625,-0.08544921875,0.45166015625,-0.15869140625,3.1005859375,-0.0732421875,2.94189453125,-0.08544921875,1.86767578125,0.18310546875,5.46875,-0.25634765625,-0.03662109375,-0.08544921875,0.86669921875,-0.06103515625,-0.45166015625,-0.20751953125,-0.45166015625
0,0.25634765625,-0.3662109375,-0.03662109375,-0.1708984375,0.2685546875,-0.3662109375,-0.08544921875,0,0.08544921875,-0.5615234375,-0.32958984375,-1.35498046875,-0.29296875,0.10986328125,-0.06103515625,-0.64697265625,0.06103515625,0.10986328125,-0.3173828125,0.52490234375,-0.048828125,1.11083984375,0.18310546875,-0.06103515625,-0.0732421875,-0.1220703125,-0.08544921875,-0.74462890625,0.244140625,0.96435546875,0,0.25634765625,0.146484375,-0.2197265625,-0.25634765625,-0.830078125,-0.23193359375,-0.37841796875,0.10986328125,-0.69580078125,-0.37841796875,-0.18310546875,0.2197265625,-0.6103515625,0.32958984375,-0.40283203125,0.25634765625,0.5859375,0.4638671875,1.23291015625,-0.03662109375,0.47607421875,-0.18310546875,-0.13427734375,-0.09765625,0.76904296875,0.50048828125,0.64697265625,0.89111328125,0.52490234375,0.048828125,0.5615234375,0.3662109375,0.08544921875,-0.35400390625,0.2197265625,-0.01220703125,1.08642578125,-0.1953125,0.30517578125,-0.25634765625,0.25634765625,-0.1953125,0.29296875,0.03662109375,0.9033203125,0.0244140625,0.0732421875,0.09765625,1.3671875,-0.0732421875,-0.927734375,0.01220703125,-0.3173828125,0.2197265625,-0.91552734375,-0.15869140625,-0.7568359375,-0.01220703125,-1.47705078125,0.10986328125,-0.23193359375,0.20751953125,-0.2685546875,0.0244140625,-1.171875,0.1220703125,-1.2451171875,-0.01220703125,-0.84228515625,-0.0244140625,-0.830078125,-0.03662109375,-0.2197265625,0,-0.732421875,-0.341796875,-1.42822265625,0,-0.98876953125,-0.09765625,0.45166015625,-0.1220703125,2.86865234375,-0.08544921875,2.734375,-0.0732421875,1.67236328125,0.10986328125,4.94384765625,-0.2685546875,-0.0244140625,-0.0732421875,0.8544921875,-0.06103515625,-0.439453125,-0.15869140625,-0.45166015625
0,0.23193359375,-0.35400390625,-0.06103515625,-0.1953125,0.2685546875,-0.390625,-0.10986328125,-0.01220703125,0.146484375,-0.64697265625,-0.32958984375,-1.416015625,-0.2685546875,-0.1220703125,-0.048828125,-0.732421875,0.048828125,0.0732421875,-0.390625,0.47607421875,-0.03662109375,1.11083984375,0,-0.1220703125,-0.03662109375,-0.13427734375,-0.03662109375,-0.7568359375,0.2685546875,0.9521484375,0.01220703125,0.244140625,0.09765625,-0.23193359375,-0.1953125,-0.81787109375,-0.32958984375,-0.37841796875,0.03662109375,-0.69580078125,-0.47607421875,-0.18310546875,0.2197265625,-0.6103515625,0.15869140625,-0.390625,0.28076171875,0.5615234375,0.35400390625,1.20849609375,-0.09765625,0.50048828125,-0.1708984375,-0.13427734375,-0.1953125,0.76904296875,0.5615234375,0.64697265625,0.96435546875,0.52490234375,0.20751953125,0.537109375,0.50048828125,0.10986328125,-0.32958984375,0.2197265625,0.0244140625,1.06201171875,-0.1708984375,0.29296875,-0.2197265625,0.244140625,-0.146484375,0.30517578125,0.048828125,0.91552734375,-0.01220703125,0.0732421875,0.146484375,1.3671875,-0.048828125,-0.9521484375,-0.01220703125,-0.32958984375,0.29296875,-0.927734375,-0.06103515625,-0.7568359375,0.0244140625,-1.4892578125,0.0244140625,-0.2197265625,0.25634765625,-0.25634765625,-0.1708984375,-1.15966796875,0.20751953125,-1.47705078125,-0.03662109375,-0.8544921875,-0.0244140625,-0.89111328125,-0.0732421875,-0.244140625,-0.09765625,-0.72021484375,-0.3173828125,-1.4404296875,0,-0.9765625,-0.13427734375,0.45166015625,-0.146484375,2.60009765625,-0.0732421875,2.4658203125,-0.09765625,1.45263671875,0.1708984375,4.28466796875,-0.244140625,-0.0244140625,-0.08544921875,0.830078125,-0.08544921875,-0.42724609375,-0.146484375,-0.439453125
0,0.2197265625,-0.32958984375,-0.03662109375,-0.1953125,0.2197265625,-0.40283203125,-0.146484375,0,0.18310546875,-0.64697265625,-0.3662109375,-1.4404296875,-0.244140625,-0.244140625,-0.06103515625,-0.74462890625,0,0,-0.4638671875,0.4150390625,-0.0244140625,1.13525390625,-0.1953125,-0.18310546875,0.01220703125,-0.146484375,0.01220703125,-0.7568359375,0.23193359375,0.93994140625,0.03662109375,0.25634765625,0.01220703125,-0.25634765625,-0.18310546875,-0.81787109375,-0.3662109375,-0.390625,-0.03662109375,-0.7080078125,-0.537109375,-0.18310546875,0.1953125,-0.6103515625,0.146484375,-0.390625,0.15869140625,0.52490234375,0.35400390625,1.1962890625,-0.15869140625,0.52490234375,-0.1708984375,-0.1220703125,-0.23193359375,0.76904296875,0.59814453125,0.64697265625,1.123046875,0.5126953125,0.40283203125,0.537109375,0.47607421875,0.1220703125,-0.28076171875,0.244140625,0.09765625,1.07421875,-0.146484375,0.2685546875,-0.23193359375,0.23193359375,-0.1220703125,0.30517578125,0.03662109375,0.9033203125,0.01220703125,0.08544921875,0.18310546875,1.33056640625,0.01220703125,-0.927734375,-0.03662109375,-0.32958984375,0.341796875,-0.96435546875,0.0244140625,-0.74462890625,0.0244140625,-1.513671875,-0.09765625,-0.23193359375,0.23193359375,-0.244140625,-0.341796875,-1.1474609375,0.1953125,-1.37939453125,-0.08544921875,-0.81787109375,-0.048828125,-0.89111328125,-0.13427734375,-0.1953125,-0.18310546875,-0.72021484375,-0.23193359375,-1.4404296875,-0.0244140625,-0.98876953125,-0.18310546875,0.45166015625,-0.146484375,2.2705078125,-0.0732421875,2.1240234375,-0.08544921875,1.220703125,0.1953125,3.45458984375,-0.28076171875,-0.03662109375,-0.0732421875,0.81787109375,-0.08544921875,-0.42724609375,-0.08544921875,-0.439453125
0,0.20751953125,-0.341796875,-0.0244140625,-0.1953125,0.20751953125,-0.42724609375,-0.18310546875,0.01220703125,0.18310546875,-0.62255859375,-0.35400390625,-1.40380859375,-0.244140625,-0.18310546875,-0.03662109375,-0.69580078125,-0.1220703125,-0.03662109375,-0.47607421875,0.37841796875,-0.08544921875,1.220703125,-0.3662109375,-0.20751953125,0.03662109375,-0.15869140625,0.06103515625,-0.7568359375,0.146484375,0.93994140625,0.10986328125,0.25634765625,-0.09765625,-0.2685546875,-0.20751953125,-0.81787109375,-0.4150390625,-0.4150390625,-0.10986328125,-0.7080078125,-0.5615234375,-0.1953125,0.1953125,-0.64697265625,0.10986328125,-0.390625,0.08544921875,0.48828125,0.32958984375,1.1962890625,-0.1953125,0.54931640625,-0.20751953125,-0.1220703125,-0.2685546875,0.79345703125,0.67138671875,0.64697265625,1.123046875,0.5126953125,0.54931640625,0.537109375,0.439453125,0.13427734375,-0.23193359375,0.244140625,0.1220703125,1.0498046875,-0.09765625,0.244140625,-0.2685546875,0.2197265625,-0.0732421875,0.30517578125,0.09765625,0.91552734375,0.01220703125,0.08544921875,0.1953125,1.318359375,0.03662109375,-0.91552734375,-0.0244140625,-0.3173828125,0.3662109375,-0.9765625,0.08544921875,-0.732421875,0.048828125,-1.52587890625,-0.146484375,-0.23193359375,0.18310546875,-0.25634765625,-0.42724609375,-1.18408203125,0.28076171875,-0.93994140625,-0.01220703125,-0.68359375,-0.08544921875,-0.84228515625,-0.18310546875,-0.0732421875,-0.25634765625,-0.69580078125,-0.13427734375,-1.45263671875,-0.0732421875,-1.0009765625,-0.2197265625,0.45166015625,-0.146484375,1.89208984375,-0.048828125,1.74560546875,-0.08544921875,0.93994140625,0.28076171875,2.55126953125,-0.2685546875,-0.0244140625,-0.06103515625,0.81787109375,-0.13427734375,-0.439453125,-0.08544921875,-0.439453125
0,0.2197265625,-0.32958984375,0,-0.23193359375,0.1953125,-0.439453125,-0.20751953125,0.0244140625,0.2197265625,-0.54931640625,-0.3662109375,-1.3671875,-0.25634765625,0,-0.0244140625,-0.6103515625,-0.18310546875,-0.0244140625,-0.4638671875,0.390625,-0.0732421875,1.37939453125,-0.4638671875,-0.20751953125,0.06103515625,-0.18310546875,0.10986328125,-0.76904296875,0.08544921875,0.91552734375,0.1220703125,0.2685546875,-0.18310546875,-0.30517578125,-0.28076171875,-0.81787109375,-0.35400390625,-0.42724609375,-0.1953125,-0.7080078125,-0.52490234375,-0.18310546875,0.20751953125,-0.6591796875,0.0732421875,-0.390625,0.09765625,0.4638671875,0.3173828125,1.18408203125,-0.2197265625,0.54931640625,-0.25634765625,-0.13427734375,-0.2685546875,0.79345703125,0.7568359375,0.64697265625,1.13525390625,0.50048828125,0.64697265625,0.52490234375,0.29296875,0.146484375,-0.2197265625,0.2197265625,0.15869140625,1.0498046875,-0.03662109375,0.2685546875,-0.29296875,0.23193359375,-0.01220703125,0.29296875,0.10986328125,0.9033203125,-0.0244140625,0.0732421875,0.1953125,1.30615234375,0.048828125,-0.9033203125,0.01220703125,-0.3173828125,0.390625,-1.0009765625,0.09765625,-0.74462890625,0.0244140625,-1.55029296875,-0.15869140625,-0.23193359375,0.08544921875,-0.2685546875,-0.35400390625,-1.1962890625,0.2685546875,-0.23193359375,0.03662109375,-0.50048828125,-0.15869140625,-0.72021484375,-0.1953125,0.1220703125,-0.25634765625,-0.69580078125,-0.048828125,-1.46484375,-0.146484375,-1.01318359375,-0.20751953125,0.45166015625,-0.146484375,1.4892578125,0.0244140625,1.3427734375,-0.06103515625,0.6591796875,0.30517578125,1.611328125,-0.25634765625,-0.03662109375,-0.06103515625,0.830078125,-0.1220703125,-0.42724609375,-0.10986328125,-0.439453125
0,0.1953125,-0.35400390625,0.048828125,-0.25634765625,0.1953125,-0.439453125,-0.20751953125,0.01220703125,0.1953125,-0.47607421875,-0.35400390625,-1.25732421875,-0.25634765625,0.29296875,-0.0244140625,-0.50048828125,-0.28076171875,0.08544921875,-0.40283203125,0.4638671875,-0.15869140625,1.69677734375,-0.4638671875,-0.09765625,0.0732421875,-0.15869140625,0.10986328125,-0.76904296875,-0.0244140625,0.87890625,0.1220703125,0.2685546875,-0.20751953125,-0.29296875,-0.390625,-0.81787109375,-0.25634765625,-0.4150390625,-0.23193359375,-0.72021484375,-0.4150390625,-0.20751953125,0.244140625,-0.64697265625,0.146484375,-0.40283203125,0.08544921875,0.47607421875,0.390625,1.171875,-0.2197265625,0.54931640625,-0.25634765625,-0.13427734375,-0.23193359375,0.76904296875,0.830078125,0.64697265625,1.0986328125,0.5126953125,0.67138671875,0.537109375,0.10986328125,0.146484375,-0.1220703125,0.23193359375,0.18310546875,1.0498046875,0.0244140625,0.25634765625,-0.30517578125,0.2197265625,0.06103515625,0.29296875,0.09765625,0.8544921875,-0.01220703125,0.0732421875,0.15869140625,1.318359375,0.0244140625,-0.87890625,0.09765625,-0.341796875,0.37841796875,-1.01318359375,0.09765625,-0.732421875,-0.01220703125,-1.5380859375,-0.10986328125,-0.244140625,-0.0732421875,-0.25634765625,-0.18310546875,-1.1962890625,0.18310546875,0.67138671875,0.1953125,-0.2685546875,-0.2197265625,-0.5126953125,-0.146484375,0.341796875,-0.20751953125,-0.72021484375,-0.01220703125,-1.45263671875,-0.2197265625,-1.0009765625,-0.1708984375,0.45166015625,-0.1708984375,1.15966796875,0.0244140625,0.9521484375,-0.08544921875,0.40283203125,0.2685546875,0.830078125,-0.244140625,-0.0244140625,-0.0244140625,0.830078125,-0.1220703125,-0.4150390625,-0.146484375,-0.439453125
1,0.18310546875,-0.390625,0.0244140625,-0.28076171875,0.20751953125,-0.4150390625,-0.2197265625,0.01220703125,0.146484375,-0.37841796875,-0.32958984375,-1.18408203125,-0.28076171875,0.6103515625,0,-0.40283203125,-0.3173828125,0.341796875,-0.341796875,0.68359375,-0.30517578125,2.08740234375,-0.42724609375,0.1220703125,0.06103515625,-0.13427734375,0.08544921875,-0.76904296875,-0.08544921875,0.9033203125,0.09765625,0.28076171875,-0.15869140625,-0.28076171875,-0.52490234375,-0.830078125,-0.1708984375,-0.439453125,-0.28076171875,-0.7080078125,-0.32958984375,-0.1953125,0.25634765625,-0.64697265625,0.09765625,-0.37841796875,0.0244140625,0.47607421875,0.4150390625,1.23291015625,-0.15869140625,0.52490234375,-0.32958984375,-0.15869140625,-0.1953125,0.76904296875,0.830078125,0.64697265625,0.9765625,0.54931640625,0.57373046875,0.52490234375,-0.01220703125,0.146484375,0.01220703125,0.20751953125,0.1708984375,1.025390625,0.048828125,0.25634765625,-0.3173828125,0.20751953125,0.13427734375,0.28076171875,0.13427734375,0.8544921875,-0.03662109375,0.048828125,0.1220703125,1.318359375,0.0244140625,-0.89111328125,0.1953125,-0.341796875,0.3662109375,-0.9765625,0.09765625,-0.76904296875,-0.10986328125,-1.55029296875,-0.0732421875,-0.28076171875,-0.15869140625,-0.28076171875,0.03662109375,-1.220703125,0.048828125,1.67236328125,0.25634765625,0,-0.29296875,-0.3173828125,-0.13427734375,0.57373046875,-0.06103515625,-0.7080078125,-0.01220703125,-1.45263671875,-0.25634765625,-1.025390625,-0.15869140625,0.439453125,-0.1708984375,0.9033203125,0.03662109375,0.64697265625,-0.0732421875,0.20751953125,0.30517578125,0.29296875,-0.244140625,-0.03662109375,0,0.86669921875,-0.1220703125,-0.4150390625,-0.1708984375,-0.439453125
1,0.13427734375,-0.390625,0,-0.29296875,0.20751953125,-0.40283203125,-0.244140625,0.01220703125,0.0732421875,-0.29296875,-0.2685546875,-1.0986328125,-0.28076171875,0.86669921875,0.01220703125,-0.3173828125,-0.30517578125,0.7568359375,-0.2685546875,1.025390625,-0.3173828125,2.6611328125,-0.23193359375,0.47607421875,0.048828125,-0.10986328125,0.03662109375,-0.76904296875,-0.13427734375,0.9033203125,0.0244140625,0.28076171875,-0.0244140625,-0.28076171875,-0.54931640625,-0.84228515625,-0.0732421875,-0.439453125,-0.23193359375,-0.68359375,-0.20751953125,-0.1953125,0.29296875,-0.6591796875,0.23193359375,-0.35400390625,0.08544921875,0.48828125,0.439453125,1.2451171875,-0.03662109375,0.52490234375,-0.35400390625,-0.1708984375,-0.18310546875,0.76904296875,0.76904296875,0.634765625,0.87890625,0.5859375,0.4638671875,0.54931640625,-0.10986328125,0.13427734375,0.146484375,0.1708984375,0.13427734375,1.01318359375,0.08544921875,0.28076171875,-0.3173828125,0.1953125,0.146484375,0.28076171875,0.10986328125,0.8056640625,-0.048828125,0.048828125,0.08544921875,1.318359375,0.03662109375,-0.9033203125,0.30517578125,-0.35400390625,0.3662109375,-0.93994140625,0.13427734375,-0.7568359375,-0.1953125,-1.52587890625,-0.01220703125,-0.2685546875,-0.20751953125,-0.29296875,0.1953125,-1.220703125,0.06103515625,2.64892578125,0.30517578125,0.2685546875,-0.30517578125,-0.09765625,-0.06103515625,0.8056640625,0.08544921875,-0.72021484375,-0.09765625,-1.4404296875,-0.30517578125,-1.01318359375,-0.1220703125,0.439453125,-0.15869140625,0.79345703125,0.06103515625,0.5126953125,-0.06103515625,0.1220703125,0.3173828125,0.09765625,-0.23193359375,-0.0244140625,0.0244140625,0.86669921875,-0.09765625,-0.40283203125,-0.1953125,-0.45166015625
1,0.10986328125,-0.4150390625,0,-0.29296875,0.15869140625,-0.37841796875,-0.2197265625,0.01220703125,0.06103515625,-0.23193359375,-0.28076171875,-1.0498046875,-0.244140625,1.0498046875,-0.01220703125,-0.2685546875,-0.244140625,1.28173828125,-0.20751953125,1.513671875,-0.28076171875,3.3203125,0.01220703125,0.89111328125,-0.01220703125,-0.08544921875,-0.01220703125,-0.76904296875,-0.10986328125,0.89111328125,-0.08544921875,0.29296875,0.09765625,-0.2685546875,-0.57373046875,-0.8544921875,-0.01220703125,-0.42724609375,-0.1708984375,-0.69580078125,-0.08544921875,-0.2197265625,0.30517578125,-0.6591796875,0.3662109375,-0.341796875,-0.01220703125,0.5126953125,0.42724609375,1.25732421875,0.08544921875,0.50048828125,-0.42724609375,-0.15869140625,-0.1220703125,0.74462890625,0.7080078125,0.634765625,0.78125,0.59814453125,0.35400390625,0.5615234375,-0.146484375,0.13427734375,0.29296875,0.146484375,0.10986328125,1.03759765625,0.06103515625,0.28076171875,-0.29296875,0.20751953125,0.13427734375,0.30517578125,0.1220703125,0.79345703125,-0.0244140625,0.03662109375,0.048828125,1.33056640625,0.01220703125,-0.87890625,0.390625,-0.32958984375,0.29296875,-0.927734375,0.1220703125,-0.7568359375,-0.25634765625,-1.513671875,0.06103515625,-0.2685546875,-0.15869140625,-0.28076171875,0.30517578125,-1.23291015625,0.0244140625,3.52783203125,0.29296875,0.50048828125,-0.25634765625,0.10986328125,-0.06103515625,1.0009765625,0.20751953125,-0.74462890625,-0.13427734375,-1.42822265625,-0.25634765625,-1.025390625,-0.1220703125,0.45166015625,-0.1708984375,0.8544921875,0.0732421875,0.54931640625,-0.09765625,0.1953125,0.1220703125,0.341796875,-0.2197265625,-0.048828125,0.0244140625,0.8544921875,-0.1220703125,-0.390625,-0.2197265625,-0.4638671875
1,0.10986328125,-0.4150390625,0.048828125,-0.3173828125,0.15869140625,-0.3662109375,-0.20751953125,0.0244140625,0.06103515625,-0.2197265625,-0.29296875,-1.06201171875,-0.2685546875,1.11083984375,0.01220703125,-0.2685546875,-0.146484375,1.91650390625,-0.1953125,2.05078125,-0.29296875,4.0771484375,0.2197265625,1.37939453125,-0.03662109375,-0.08544921875,-0.08544921875,-0.76904296875,-0.0732421875,0.9033203125,-0.244140625,0.2685546875,0.2197265625,-0.244140625,-0.52490234375,-0.8544921875,0.03662109375,-0.42724609375,-0.10986328125,-0.68359375,-0.048828125,-0.23193359375,0.32958984375,-0.6591796875,0.48828125,-0.32958984375,0.0244140625,0.5615234375,0.439453125,1.28173828125,0.20751953125,0.47607421875,-0.42724609375,-0.15869140625,-0.048828125,0.74462890625,0.64697265625,0.634765625,0.64697265625,0.634765625,0.20751953125,0.59814453125,-0.10986328125,0.1220703125,0.3662109375,0.146484375,0.08544921875,1.03759765625,0.06103515625,0.28076171875,-0.244140625,0.20751953125,0.13427734375,0.3173828125,0.13427734375,0.8056640625,-0.03662109375,0.03662109375,0.01220703125,1.3671875,0.01220703125,-0.9033203125,0.40283203125,-0.341796875,0.25634765625,-0.93994140625,0.1220703125,-0.78125,-0.30517578125,-1.5380859375,0.1220703125,-0.28076171875,-0.01220703125,-0.2685546875,0.30517578125,-1.23291015625,-0.0732421875,4.296875,0.23193359375,0.69580078125,-0.15869140625,0.30517578125,-0.03662109375,1.1962890625,0.3173828125,-0.7568359375,-0.18310546875,-1.4404296875,-0.1708984375,-1.0009765625,-0.10986328125,0.45166015625,-0.18310546875,1.123046875,0.08544921875,0.8056640625,-0.06103515625,0.37841796875,0.1708984375,1.01318359375,-0.244140625,-0.048828125,0.01220703125,0.8544921875,-0.1220703125,-0.37841796875,-0.25634765625,-0.4638671875
1,0.08544921875,-0.4150390625,0.08544921875,-0.30517578125,0.146484375,-0.37841796875,-0.1708984375,0.01220703125,0.048828125,-0.244140625,-0.32958984375,-1.07421875,-0.28076171875,1.0498046875,0.01220703125,-0.28076171875,-0.06103515625,2.6123046875,-0.23193359375,2.67333984375,-0.1220703125,4.84619140625,0.32958984375,1.91650390625,-0.10986328125,-0.09765625,-0.1220703125,-0.7568359375,-0.0732421875,0.93994140625,-0.40283203125,0.28076171875,0.3173828125,-0.23193359375,-0.40283203125,-0.86669921875,0.0244140625,-0.4150390625,-0.0244140625,-0.68359375,-0.01220703125,-0.244140625,0.3173828125,-0.6591796875,0.67138671875,-0.28076171875,0.06103515625,0.62255859375,0.4638671875,1.30615234375,0.3173828125,0.4638671875,-0.3662109375,-0.146484375,0.03662109375,0.74462890625,0.6103515625,0.64697265625,0.54931640625,0.67138671875,0.03662109375,0.62255859375,-0.1220703125,0.10986328125,0.439453125,0.15869140625,0.08544921875,1.06201171875,0.06103515625,0.28076171875,-0.1953125,0.244140625,0.1220703125,0.32958984375,0.08544921875,0.8056640625,-0.01220703125,0.0244140625,-0.0244140625,1.37939453125,0.03662109375,-0.9521484375,0.35400390625,-0.341796875,0.1953125,-0.927734375,0.08544921875,-0.79345703125,-0.2685546875,-1.50146484375,0.146484375,-0.28076171875,0.1953125,-0.30517578125,0.2197265625,-1.26953125,-0.13427734375,4.84619140625,0.13427734375,0.87890625,-0.03662109375,0.45166015625,-0.01220703125,1.33056640625,0.341796875,-0.74462890625,-0.1953125,-1.416015625,-0.0732421875,-0.98876953125,-0.10986328125,0.439453125,-0.15869140625,1.5625,0.09765625,1.25732421875,-0.0732421875,0.74462890625,0.2197265625,2.06298828125,-0.20751953125,-0.048828125,0.0244140625,0.8544921875,-0.18310546875,-0.37841796875,-0.28076171875,-0.45166015625
1,0.0732421875,-0.40283203125,0.06103515625,-0.28076171875,0.146484375,-0.3662109375,-0.15869140625,0.01220703125,0.048828125,-0.30517578125,-0.32958984375,-1.13525390625,-0.28076171875,0.89111328125,0.03662109375,-0.32958984375,0.0732421875,3.2958984375,-0.25634765625,3.271484375,0.13427734375,5.57861328125,0.3662109375,2.4169921875,-0.2197265625,-0.09765625,-0.15869140625,-0.76904296875,-0.09765625,0.93994140625,-0.45166015625,0.2685546875,0.30517578125,-0.25634765625,-0.2685546875,-0.86669921875,0.01220703125,-0.4150390625,0.08544921875,-0.69580078125,0.01220703125,-0.2197265625,0.2685546875,-0.634765625,0.64697265625,-0.2685546875,0.13427734375,0.6591796875,0.54931640625,1.318359375,0.439453125,0.47607421875,-0.29296875,-0.146484375,0.1708984375,0.732421875,0.59814453125,0.64697265625,0.390625,0.68359375,-0.1953125,0.6591796875,-0.048828125,0.10986328125,0.52490234375,0.15869140625,0.0244140625,1.08642578125,0.03662109375,0.28076171875,-0.15869140625,0.244140625,0.13427734375,0.35400390625,0.13427734375,0.8056640625,-0.01220703125,0.03662109375,-0.08544921875,1.37939453125,0.0732421875,-1.0009765625,0.2685546875,-0.32958984375,0.10986328125,-0.9033203125,0.0732421875,-0.78125,-0.1953125,-1.513671875,0.146484375,-0.28076171875,0.3662109375,-0.32958984375,0.09765625,-1.23291015625,-0.23193359375,5.2001953125,0,0.9765625,0.06103515625,0.54931640625,-0.03662109375,1.416015625,0.341796875,-0.72021484375,-0.18310546875,-1.40380859375,0.03662109375,-1.0009765625,-0.13427734375,0.45166015625,-0.146484375,2.18505859375,0.09765625,1.86767578125,-0.048828125,1.2451171875,0.0732421875,3.43017578125,-0.1708984375,-0.03662109375,0.01220703125,0.86669921875,-0.2197265625,-0.390625,-0.30517578125,-0.47607421875
1,0.03662109375,-0.37841796875,0.06103515625,-0.2685546875,0.13427734375,-0.37841796875,-0.1708984375,0.01220703125,0.0244140625,-0.37841796875,-0.37841796875,-1.18408203125,-0.29296875,0.67138671875,0.0244140625,-0.42724609375,0.18310546875,3.8818359375,-0.244140625,3.80859375,0.3173828125,6.21337890625,0.25634765625,2.84423828125,-0.29296875,-0.10986328125,-0.1953125,-0.7568359375,-0.15869140625,0.9765625,-0.42724609375,0.25634765625,0.25634765625,-0.244140625,-0.1220703125,-0.86669921875,-0.048828125,-0.37841796875,0.20751953125,-0.72021484375,0,-0.2197265625,0.25634765625,-0.634765625,0.64697265625,-0.20751953125,0.1953125,0.732421875,0.62255859375,1.2939453125,0.50048828125,0.47607421875,-0.20751953125,-0.10986328125,0.2197265625,0.7568359375,0.54931640625,0.6591796875,0.4150390625,0.67138671875,-0.4150390625,0.72021484375,0,0.09765625,0.50048828125,0.20751953125,-0.0244140625,1.11083984375,0.06103515625,0.28076171875,-0.1220703125,0.25634765625,0.10986328125,0.35400390625,0.13427734375,0.8056640625,0.0244140625,0.03662109375,-0.10986328125,1.37939453125,0.15869140625,-0.9765625,0.1708984375,-0.32958984375,0.0732421875,-0.9033203125,0.048828125,-0.76904296875,-0.10986328125,-1.4892578125,0.1220703125,-0.25634765625,0.54931640625,-0.30517578125,-0.01220703125,-1.220703125,-0.25634765625,5.37109375,-0.13427734375,1.0498046875,0.1708984375,0.59814453125,-0.03662109375,1.46484375,0.30517578125,-0.72021484375,-0.146484375,-1.3916015625,0.15869140625,-0.98876953125,-0.146484375,0.4638671875,-0.1708984375,2.9052734375,0.06103515625,2.60009765625,-0.0732421875,1.79443359375,0.03662109375,4.94384765625,-0.1220703125,-0.03662109375,-0.01220703125,0.8544921875,-0.23193359375,-0.40283203125,-0.30517578125,-0.4638671875
1,-0.01220703125,-0.35400390625,0.048828125,-0.2685546875,0.10986328125,-0.390625,-0.13427734375,0.01220703125,0.08544921875,-0.439453125,-0.3662109375,-1.23291015625,-0.2685546875,0.45166015625,0.06103515625,-0.5126953125,0.23193359375,4.345703125,-0.29296875,4.18701171875,0.390625,6.7138671875,0.1220703125,3.16162109375,-0.341796875,-0.13427734375,-0.2197265625,-0.7568359375,-0.18310546875,0.96435546875,-0.32958984375,0.2685546875,0.18310546875,-0.244140625,0,-0.830078125,-0.09765625,-0.37841796875,0.28076171875,-0.7080078125,-0.01220703125,-0.18310546875,0.25634765625,-0.634765625,0.64697265625,-0.13427734375,0.1220703125,0.79345703125,0.59814453125,1.33056640625,0.48828125,0.5126953125,-0.13427734375,-0.10986328125,0.23193359375,0.79345703125,0.57373046875,0.68359375,0.390625,0.634765625,-0.5126953125,0.76904296875,0.048828125,0.1708984375,0.537109375,0.25634765625,-0.048828125,1.0986328125,0.048828125,0.29296875,-0.146484375,0.2685546875,0.10986328125,0.32958984375,0.09765625,0.84228515625,-0.01220703125,0.0732421875,-0.0732421875,1.3916015625,0.1953125,-0.96435546875,0.06103515625,-0.3173828125,0.03662109375,-0.9033203125,-0.01220703125,-0.78125,0,-1.4892578125,0.08544921875,-0.25634765625,0.6103515625,-0.30517578125,-0.1220703125,-1.220703125,-0.25634765625,5.3466796875,-0.1953125,1.06201171875,0.2685546875,0.6103515625,-0.06103515625,1.50146484375,0.1708984375,-0.69580078125,-0.10986328125,-1.40380859375,0.20751953125,-1.01318359375,-0.18310546875,0.45166015625,-0.146484375,3.6865234375,0.0732421875,3.41796875,-0.06103515625,2.3681640625,0.03662109375,6.54296875,-0.1220703125,-0.048828125,-0.03662109375,0.86669921875,-0.244140625,-0.42724609375,-0.30517578125,-0.4638671875
1,-0.0244140625,-0.341796875,0.08544921875,-0.244140625,0.09765625,-0.37841796875,-0.10986328125,0.0244140625,0.09765625,-0.48828125,-0.390625,-1.26953125,-0.244140625,0.2685546875,0.048828125,-0.5615234375,0.244140625,4.62646484375,-0.32958984375,4.4677734375,0.439453125,7.0556640625,0.01220703125,3.35693359375,-0.40283203125,-0.15869140625,-0.244140625,-0.7568359375,-0.23193359375,0.9765625,-0.1708984375,0.244140625,0.13427734375,-0.2685546875,0.06103515625,-0.830078125,-0.15869140625,-0.37841796875,0.28076171875,-0.7080078125,-0.0732421875,-0.1708984375,0.2685546875,-0.634765625,0.5615234375,-0.048828125,0.1708984375,0.81787109375,0.50048828125,1.2939453125,0.45166015625,0.52490234375,-0.08544921875,-0.10986328125,0.20751953125,0.79345703125,0.62255859375,0.68359375,0.42724609375,0.5859375,-0.5859375,0.81787109375,0.146484375,0.1708984375,0.52490234375,0.2685546875,-0.10986328125,1.08642578125,0.0244140625,0.2685546875,-0.10986328125,0.2685546875,0.1220703125,0.3173828125,0.048828125,0.8544921875,-0.0244140625,0.08544921875,-0.09765625,1.40380859375,0.1953125,-0.9765625,-0.048828125,-0.29296875,0.0244140625,-0.91552734375,-0.06103515625,-0.78125,0.10986328125,-1.50146484375,0.06103515625,-0.25634765625,0.6103515625,-0.3173828125,-0.146484375,-1.20849609375,-0.23193359375,5.17578125,-0.1953125,1.01318359375,0.28076171875,0.57373046875,-0.08544921875,1.45263671875,0.03662109375,-0.68359375,-0.08544921875,-1.40380859375,0.25634765625,-1.01318359375,-0.1953125,0.4638671875,-0.18310546875,4.40673828125,0.048828125,4.1748046875,-0.08544921875,2.91748046875,-0.03662109375,8.02001953125,-0.10986328125,-0.0244140625,-0.048828125,0.89111328125,-0.28076171875,-0.4150390625,-0.30517578125,-0.42724609375
1,-0.048828125,-0.32958984375,0.08544921875,-0.25634765625,0.0732421875,-0.390625,-0.1220703125,0.01220703125,0.0732421875,-0.47607421875,-0.4150390625,-1.2939453125,-0.23193359375,0.2197265625,0.0244140625,-0.5859375,0.1708984375,4.736328125,-0.30517578125,4.5654296875,0.47607421875,7.2021484375,-0.0732421875,3.41796875,-0.37841796875,-0.18310546875,-0.2685546875,-0.76904296875,-0.2685546875,0.96435546875,-0.01220703125,0.25634765625,0.1220703125,-0.25634765625,0.048828125,-0.81787109375,-0.20751953125,-0.35400390625,0.244140625,-0.68359375,-0.18310546875,-0.15869140625,0.244140625,-0.62255859375,0.52490234375,0.0244140625,0.03662109375,0.830078125,0.48828125,1.26953125,0.35400390625,0.537109375,0,-0.1220703125,0.1220703125,0.79345703125,0.6591796875,0.7080078125,0.64697265625,0.54931640625,-0.57373046875,0.84228515625,0.15869140625,0.15869140625,0.52490234375,0.28076171875,-0.146484375,1.07421875,-0.01220703125,0.244140625,-0.1220703125,0.244140625,0.06103515625,0.3173828125,0.01220703125,0.84228515625,-0.0244140625,0.09765625,-0.06103515625,1.37939453125,0.13427734375,-0.96435546875,-0.13427734375,-0.3173828125,0.0244140625,-0.927734375,-0.08544921875,-0.76904296875,0.1708984375,-1.4892578125,0.0244140625,-0.244140625,0.5126953125,-0.30517578125,-0.1220703125,-1.23291015625,-0.18310546875,4.8828125,-0.146484375,0.91552734375,0.23193359375,0.47607421875,-0.09765625,1.3916015625,-0.10986328125,-0.68359375,-0.09765625,-1.40380859375,0.244140625,-1.0009765625,-0.20751953125,0.42724609375,-0.20751953125,5.04150390625,0.0244140625,4.8828125,-0.09765625,3.41796875,-0.048828125,9.28955078125,-0.10986328125,-0.01220703125,-0.06103515625,0.87890625,-0.244140625,-0.439453125,-0.3173828125,-0.439453125
1,-0.048828125,-0.32958984375,0.1220703125,-0.25634765625,0.03662109375,-0.390625,-0.0732421875,0,0.08544921875,-0.439453125,-0.35400390625,-1.28173828125,-0.15869140625,0.244140625,0.08544921875,-0.54931640625,0.1220703125,4.6875,-0.3173828125,4.50439453125,0.42724609375,7.18994140625,-0.10986328125,3.369140625,-0.3173828125,-0.18310546875,-0.244140625,-0.78125,-0.244140625,0.93994140625,0.13427734375,0.2685546875,0.1220703125,-0.30517578125,-0.0244140625,-0.81787109375,-0.20751953125,-0.3662109375,0.18310546875,-0.67138671875,-0.30517578125,-0.13427734375,0.30517578125,-0.634765625,0.439453125,0.0732421875,0.06103515625,0.81787109375,0.50048828125,1.23291015625,0.25634765625,0.52490234375,0.01220703125,-0.09765625,0.0244140625,0.81787109375,0.69580078125,0.69580078125,0.81787109375,0.5126953125,-0.54931640625,0.8544921875,0.15869140625,0.1708984375,0.50048828125,0.29296875,-0.18310546875,1.06201171875,-0.048828125,0.244140625,-0.146484375,0.25634765625,0.01220703125,0.30517578125,-0.0244140625,0.84228515625,-0.048828125,0.1220703125,-0.06103515625,1.37939453125,0.03662109375,-0.93994140625,-0.1708984375,-0.3173828125,0.0732421875,-0.93994140625,-0.048828125,-0.78125,0.1708984375,-1.4892578125,0.0244140625,-0.2197265625,0.341796875,-0.28076171875,-0.08544921875,-1.23291015625,-0.18310546875,4.47998046875,-0.0244140625,0.79345703125,0.10986328125,0.35400390625,-0.09765625,1.26953125,-0.2685546875,-0.68359375,-0.09765625,-1.416015625,0.15869140625,-0.98876953125,-0.1953125,0.439453125,-0.1708984375,5.52978515625,0.06103515625,5.4443359375,-0.048828125,3.7841796875,-0.0732421875,10.2783203125,-0.146484375,0,-0.048828125,0.87890625,-0.23193359375,-0.45166015625,-0.32958984375,-0.42724609375
1,-0.08544921875,-0.35400390625,0.13427734375,-0.244140625,0.03662109375,-0.40283203125,-0.0732421875,0.01220703125,0.0244140625,-0.37841796875,-0.3662109375,-1.220703125,-0.1220703125,0.35400390625,0.06103515625,-0.45166015625,0.048828125,4.52880859375,-0.341796875,4.38232421875,0.1953125,7.0556640625,-0.15869140625,3.25927734375,-0.25634765625,-0.1708984375,-0.244140625,-0.7568359375,-0.1708984375,0.96435546875,0.20751953125,0.244140625,0.1953125,-0.29296875,-0.1708984375,-0.8056640625,-0.2197265625,-0.3662109375,0.0732421875,-0.68359375,-0.45166015625,-0.13427734375,0.28076171875,-0.64697265625,0.32958984375,0.15869140625,0.09765625,0.76904296875,0.439453125,1.25732421875,0.15869140625,0.54931640625,-0.0244140625,-0.10986328125,-0.0244140625,0.8056640625,0.7080078125,0.68359375,0.9765625,0.48828125,-0.537109375,0.86669921875,0.1708984375,0.1708984375,0.42724609375,0.29296875,-0.25634765625,1.07421875,-0.048828125,0.23193359375,-0.18310546875,0.23193359375,-0.048828125,0.30517578125,-0.06103515625,0.86669921875,-0.03662109375,0.1220703125,-0.0732421875,1.35498046875,-0.048828125,-0.927734375,-0.15869140625,-0.3173828125,0.08544921875,-0.93994140625,0,-0.78125,0.1708984375,-1.52587890625,0.0244140625,-0.2197265625,0.18310546875,-0.28076171875,-0.06103515625,-1.23291015625,-0.1708984375,3.955078125,0.08544921875,0.6591796875,-0.03662109375,0.23193359375,-0.06103515625,1.13525390625,-0.29296875,-0.68359375,-0.1708984375,-1.416015625,0.048828125,-1.0009765625,-0.18310546875,0.42724609375,-0.1953125,5.84716796875,0.03662109375,5.84716796875,-0.0732421875,4.04052734375,-0.1220703125,10.92529296875,-0.1220703125,0.0244140625,-0.048828125,0.87890625,-0.20751953125,-0.439453125,-0.32958984375,-0.42724609375
1,-0.08544921875,-0.40283203125,0.09765625,-0.244140625,0,-0.40283203125,-0.08544921875,0.01220703125,-0.01220703125,-0.30517578125,-0.341796875,-1.1474609375,-0.08544921875,0.54931640625,0.0732421875,-0.35400390625,0,4.30908203125,-0.3662109375,4.18701171875,-0.0732421875,6.82373046875,-0.1953125,3.1005859375,-0.18310546875,-0.15869140625,-0.1708984375,-0.74462890625,-0.08544921875,0.93994140625,0.146484375,0.25634765625,0.25634765625,-0.30517578125,-0.28076171875,-0.81787109375,-0.20751953125,-0.390625,-0.01220703125,-0.67138671875,-0.5859375,-0.15869140625,0.2685546875,-0.634765625,0.18310546875,0.1953125,-0.08544921875,0.7080078125,0.439453125,1.25732421875,0.09765625,0.5126953125,0,-0.09765625,-0.08544921875,0.79345703125,0.69580078125,0.67138671875,1.18408203125,0.47607421875,-0.5126953125,0.8056640625,0.13427734375,0.1708984375,0.341796875,0.28076171875,-0.29296875,1.06201171875,-0.06103515625,0.23193359375,-0.2197265625,0.2197265625,-0.09765625,0.29296875,-0.10986328125,0.84228515625,0.01220703125,0.1220703125,-0.0732421875,1.33056640625,-0.13427734375,-0.93994140625,-0.08544921875,-0.3173828125,0.10986328125,-0.93994140625,0.09765625,-0.78125,0.10986328125,-1.52587890625,0.048828125,-0.23193359375,0.01220703125,-0.29296875,-0.08544921875,-1.25732421875,-0.1708984375,3.30810546875,0.2197265625,0.45166015625,-0.1220703125,0.048828125,-0.0732421875,0.9521484375,-0.25634765625,-0.68359375,-0.2685546875,-1.42822265625,-0.0732421875,-1.0009765625,-0.146484375,0.42724609375,-0.1953125,5.94482421875,0.03662109375,6.01806640625,-0.048828125,4.1259765625,-0.1953125,11.19384765625,-0.09765625,0.01220703125,-0.048828125,0.8544921875,-0.1708984375,-0.42724609375,-0.341796875,-0.45166015625
1,-0.1220703125,-0.4150390625,0.10986328125,-0.23193359375,0.01220703125,-0.42724609375,-0.048828125,0.03662109375,0,-0.23193359375,-0.29296875,-1.0498046875,-0.03662109375,0.74462890625,0.10986328125,-0.244140625,-0.03662109375,4.052734375,-0.45166015625,3.96728515625,-0.341796875,6.55517578125,-0.2197265625,2.9296875,-0.1220703125,-0.146484375,-0.1220703125,-0.7568359375,0.03662109375,0.93994140625,0.06103515625,0.25634765625,0.30517578125,-0.3173828125,-0.35400390625,-0.830078125,-0.18310546875,-0.4150390625,-0.09765625,-0.68359375,-0.69580078125,-0.1708984375,0.2197265625,-0.64697265625,0.13427734375,0.20751953125,-0.20751953125,0.634765625,0.42724609375,1.25732421875,0.03662109375,0.5126953125,-0.0732421875,-0.09765625,-0.08544921875,0.79345703125,0.6103515625,0.68359375,1.3671875,0.48828125,-0.52490234375,0.732421875,0.146484375,0.1708984375,0.2685546875,0.28076171875,-0.35400390625,1.0498046875,-0.09765625,0.23193359375,-0.2685546875,0.2197265625,-0.10986328125,0.3173828125,-0.09765625,0.81787109375,0.06103515625,0.09765625,-0.08544921875,1.3427734375,-0.20751953125,-0.927734375,0.03662109375,-0.341796875,0.10986328125,-0.9521484375,0.146484375,-0.78125,0.06103515625,-1.52587890625,0.03662109375,-0.20751953125,-0.08544921875,-0.28076171875,-0.1220703125,-1.20849609375,-0.18310546875,2.6123046875,0.2685546875,0.2197265625,-0.1708984375,-0.146484375,-0.09765625,0.72021484375,-0.1220703125,-0.68359375,-0.40283203125,-1.416015625,-0.146484375,-1.0009765625,-0.1220703125,0.439453125,-0.1953125,5.859375,0.0244140625,5.99365234375,-0.0732421875,4.052734375,-0.2197265625,11.083984375,-0.03662109375,0.01220703125,-0.048828125,0.86669921875,-0.146484375,-0.439453125,-0.341796875,-0.439453125
0,-0.1220703125,-0.42724609375,0.1220703125,-0.25634765625,0.01220703125,-0.40283203125,-0.0244140625,0.03662109375,-0.03662109375,-0.1708984375,-0.3173828125,-0.98876953125,-0.048828125,0.91552734375,0.08544921875,-0.1708984375,-0.0244140625,3.7841796875,-0.45166015625,3.79638671875,-0.52490234375,6.26220703125,-0.23193359375,2.783203125,-0.06103515625,-0.13427734375,-0.0732421875,-0.732421875,0.1220703125,0.93994140625,-0.03662109375,0.25634765625,0.28076171875,-0.30517578125,-0.390625,-0.84228515625,-0.18310546875,-0.439453125,-0.18310546875,-0.68359375,-0.69580078125,-0.20751953125,0.1708984375,-0.6591796875,0.1220703125,0.20751953125,-0.28076171875,0.537109375,0.390625,1.25732421875,0.048828125,0.50048828125,-0.13427734375,-0.08544921875,-0.10986328125,0.78125,0.5615234375,0.68359375,1.47705078125,0.537109375,-0.45166015625,0.6591796875,0.18310546875,0.15869140625,0.1953125,0.28076171875,-0.37841796875,1.0498046875,-0.10986328125,0.23193359375,-0.29296875,0.25634765625,-0.18310546875,0.3173828125,-0.10986328125,0.79345703125,0.08544921875,0.09765625,-0.09765625,1.3427734375,-0.2197265625,-0.87890625,0.146484375,-0.3173828125,0.08544921875,-0.93994140625,0.20751953125,-0.76904296875,-0.0244140625,-1.4892578125,0,-0.1953125,-0.048828125,-0.244140625,-0.18310546875,-1.1962890625,-0.146484375,1.85546875,0.244140625,-0.01220703125,-0.1708984375,-0.3173828125,-0.10986328125,0.5126953125,0.0732421875,-0.67138671875,-0.4638671875,-1.3916015625,-0.18310546875,-0.98876953125,-0.10986328125,0.439453125,-0.18310546875,5.57861328125,0.01220703125,5.77392578125,-0.06103515625,3.86962890625,-0.244140625,10.595703125,-0.0244140625,0.01220703125,-0.048828125,0.8544921875,-0.13427734375,-0.4150390625,-0.32958984375,-0.45166015625
0,-0.13427734375,-0.4150390625,0.146484375,-0.28076171875,0,-0.37841796875,0,0.01220703125,0.0244140625,-0.146484375,-0.32958984375,-0.9521484375,-0.0244140625,1.03759765625,0.0732421875,-0.146484375,0.01220703125,3.5888671875,-0.5126953125,3.662109375,-0.62255859375,6.04248046875,-0.28076171875,2.6611328125,-0.03662109375,-0.13427734375,-0.01220703125,-0.7568359375,0.1953125,0.9521484375,-0.1220703125,0.244140625,0.20751953125,-0.29296875,-0.4150390625,-0.8544921875,-0.18310546875,-0.439453125,-0.244140625,-0.69580078125,-0.59814453125,-0.23193359375,0.10986328125,-0.6591796875,0.18310546875,0.146484375,-0.30517578125,0.4638671875,0.3662109375,1.2451171875,0.03662109375,0.48828125,-0.15869140625,-0.0732421875,-0.13427734375,0.79345703125,0.50048828125,0.67138671875,1.55029296875,0.5859375,-0.40283203125,0.5859375,0.1220703125,0.15869140625,0.10986328125,0.28076171875,-0.3662109375,1.0498046875,-0.10986328125,0.23193359375,-0.3173828125,0.23193359375,-0.18310546875,0.3173828125,-0.10986328125,0.78125,0.10986328125,0.06103515625,-0.146484375,1.35498046875,-0.2197265625,-0.9033203125,0.20751953125,-0.3173828125,0.0244140625,-0.927734375,0.2685546875,-0.76904296875,-0.048828125,-1.513671875,-0.048828125,-0.18310546875,0.0732421875,-0.244140625,-0.23193359375,-1.20849609375,-0.09765625,1.123046875,0.23193359375,-0.23193359375,-0.13427734375,-0.48828125,-0.1953125,0.29296875,0.244140625,-0.68359375,-0.45166015625,-1.416015625,-0.1708984375,-1.01318359375,-0.08544921875,0.439453125,-0.1708984375,5.1513671875,0,5.3466796875,-0.06103515625,3.52783203125,-0.244140625,9.80224609375,-0.0732421875,0.01220703125,-0.0732421875,0.86669921875,-0.13427734375,-0.37841796875,-0.30517578125,-0.4638671875
0,-0.1708984375,-0.40283203125,0.15869140625,-0.28076171875,-0.01220703125,-0.3662109375,0,0.01220703125,0.048828125,-0.1220703125,-0.3173828125,-0.9521484375,-0.01220703125,1.07421875,0.08544921875,-0.1220703125,0.09765625,3.466796875,-0.48828125,3.55224609375,-0.5126953125,5.8349609375,-0.25634765625,2.55126953125,0,-0.1220703125,0.0244140625,-0.7568359375,0.1953125,0.93994140625,-0.1708984375,0.25634765625,0.03662109375,-0.28076171875,-0.40283203125,-0.8544921875,-0.15869140625,-0.4638671875,-0.2685546875,-0.69580078125,-0.4638671875,-0.244140625,0.048828125,-0.64697265625,0.32958984375,0.03662109375,-0.30517578125,0.390625,0.32958984375,1.220703125,0.1220703125,0.4638671875,-0.20751953125,-0.0732421875,-0.146484375,0.78125,0.4150390625,0.67138671875,1.50146484375,0.64697265625,-0.390625,0.52490234375,0.10986328125,0.1220703125,-0.03662109375,0.28076171875,-0.3662109375,1.06201171875,-0.10986328125,0.244140625,-0.341796875,0.244140625,-0.2197265625,0.3173828125,-0.1220703125,0.76904296875,0.13427734375,0.048828125,-0.18310546875,1.37939453125,-0.20751953125,-0.927734375,0.244140625,-0.341796875,-0.06103515625,-0.93994140625,0.32958984375,-0.74462890625,-0.0732421875,-1.50146484375,-0.0732421875,-0.20751953125,0.244140625,-0.28076171875,-0.244140625,-1.18408203125,-0.08544921875,0.4150390625,0.15869140625,-0.439453125,-0.10986328125,-0.634765625,-0.29296875,0.08544921875,0.32958984375,-0.67138671875,-0.3173828125,-1.42822265625,-0.146484375,-1.01318359375,-0.08544921875,0.45166015625,-0.18310546875,4.57763671875,-0.01220703125,4.7607421875,-0.06103515625,3.1005859375,-0.2685546875,8.7158203125,-0.08544921875,-0.0244140625,-0.10986328125,0.86669921875,-0.18310546875,-0.37841796875,-0.2685546875,-0.45166015625
0,-0.1953125,-0.390625,0.1220703125,-0.28076171875,-0.03662109375,-0.3662109375,0.01220703125,-0.01220703125,0.048828125,-0.146484375,-0.3173828125,-0.96435546875,-0.0244140625,1.025390625,0.1220703125,-0.15869140625,0.09765625,3.35693359375,-0.52490234375,3.47900390625,-0.439453125,5.6640625,-0.25634765625,2.490234375,-0.01220703125,-0.13427734375,0.06103515625,-0.76904296875,0.13427734375,0.9521484375,-0.20751953125,0.25634765625,-0.08544921875,-0.28076171875,-0.390625,-0.8544921875,-0.15869140625,-0.4638671875,-0.23193359375,-0.68359375,-0.29296875,-0.23193359375,-0.0732421875,-0.634765625,0.29296875,-0.08544921875,-0.341796875,0.3662109375,0.341796875,1.20849609375,0.1708984375,0.47607421875,-0.18310546875,-0.0732421875,-0.1953125,0.7568359375,0.390625,0.67138671875,1.3427734375,0.69580078125,-0.37841796875,0.50048828125,0.03662109375,0.13427734375,-0.13427734375,0.30517578125,-0.29296875,1.07421875,-0.09765625,0.244140625,-0.35400390625,0.25634765625,-0.25634765625,0.32958984375,-0.09765625,0.76904296875,0.146484375,0.01220703125,-0.1708984375,1.3916015625,-0.15869140625,-0.927734375,0.1953125,-0.32958984375,-0.13427734375,-0.927734375,0.341796875,-0.732421875,-0.048828125,-1.513671875,-0.10986328125,-0.1953125,0.42724609375,-0.2685546875,-0.23193359375,-1.171875,0,-0.20751953125,0.08544921875,-0.6103515625,-0.06103515625,-0.7568359375,-0.35400390625,-0.06103515625,0.35400390625,-0.68359375,-0.1953125,-1.42822265625,-0.13427734375,-1.03759765625,-0.09765625,0.4638671875,-0.1708984375,3.91845703125,0.01220703125,4.06494140625,-0.0732421875,2.60009765625,-0.32958984375,7.43408203125,-0.08544921875,-0.03662109375,-0.08544921875,0.87890625,-0.20751953125,-0.37841796875,-0.23193359375,-0.47607421875
0,-0.2197265625,-0.37841796875,0.1220703125,-0.28076171875,-0.048828125,-0.37841796875,0.01220703125,0.01220703125,0.03662109375,-0.18310546875,-0.30517578125,-1.01318359375,-0.048828125,0.89111328125,0.146484375,-0.1953125,0.13427734375,3.271484375,-0.47607421875,3.43017578125,-0.29296875,5.50537109375,-0.2197265625,2.4169921875,-0.048828125,-0.146484375,0.0732421875,-0.7568359375,0.03662109375,0.9521484375,-0.20751953125,0.2685546875,-0.1708984375,-0.2685546875,-0.30517578125,-0.8544921875,-0.15869140625,-0.439453125,-0.13427734375,-0.72021484375,-0.08544921875,-0.25634765625,-0.08544921875,-0.634765625,0.25634765625,-0.2197265625,-0.341796875,0.37841796875,0.390625,1.18408203125,0.23193359375,0.50048828125,-0.15869140625,-0.06103515625,-0.25634765625,0.79345703125,0.341796875,0.68359375,1.220703125,0.76904296875,-0.390625,0.48828125,0,0.146484375,-0.23193359375,0.29296875,-0.29296875,1.08642578125,-0.09765625,0.2197265625,-0.341796875,0.28076171875,-0.28076171875,0.32958984375,-0.08544921875,0.8056640625,0.1220703125,0.01220703125,-0.1708984375,1.37939453125,-0.0732421875,-0.9521484375,0.146484375,-0.30517578125,-0.23193359375,-0.93994140625,0.341796875,-0.72021484375,0.01220703125,-1.52587890625,-0.13427734375,-0.1953125,0.5615234375,-0.2685546875,-0.18310546875,-1.1474609375,-0.03662109375,-0.68359375,0.0732421875,-0.7568359375,0,-0.830078125,-0.42724609375,-0.1708984375,0.3173828125,-0.67138671875,-0.048828125,-1.42822265625,-0.09765625,-1.0009765625,-0.13427734375,0.47607421875,-0.1708984375,3.22265625,0.01220703125,3.271484375,-0.06103515625,2.05078125,-0.341796875,6.01806640625,-0.01220703125,-0.0732421875,-0.10986328125,0.89111328125,-0.2197265625,-0.35400390625,-0.23193359375,-0.47607421875
0,-0.244140625,-0.35400390625,0.13427734375,-0.2685546875,-0.048828125,-0.3662109375,0.0244140625,0.0244140625,0.0244140625,-0.244140625,-0.28076171875,-1.06201171875,-0.09765625,0.74462890625,0.13427734375,-0.244140625,0.146484375,3.18603515625,-0.341796875,3.30810546875,-0.1220703125,5.38330078125,-0.1953125,2.30712890625,-0.0732421875,-0.15869140625,0.0732421875,-0.7568359375,-0.0732421875,0.93994140625,-0.20751953125,0.2685546875,-0.18310546875,-0.2685546875,-0.23193359375,-0.81787109375,-0.1220703125,-0.4150390625,-0.0732421875,-0.7080078125,0.06103515625,-0.23193359375,-0.09765625,-0.634765625,0.32958984375,-0.3173828125,-0.28076171875,0.4150390625,0.45166015625,1.1474609375,0.2685546875,0.50048828125,-0.1220703125,-0.048828125,-0.32958984375,0.76904296875,0.30517578125,0.69580078125,1.07421875,0.8056640625,-0.37841796875,0.50048828125,0.03662109375,0.15869140625,-0.30517578125,0.30517578125,-0.244140625,1.08642578125,-0.13427734375,0.25634765625,-0.30517578125,0.28076171875,-0.29296875,0.30517578125,-0.06103515625,0.81787109375,0.10986328125,0.01220703125,-0.08544921875,1.37939453125,-0.01220703125,-0.96435546875,0.10986328125,-0.3173828125,-0.29296875,-0.93994140625,0.29296875,-0.72021484375,0.048828125,-1.52587890625,-0.06103515625,-0.20751953125,0.634765625,-0.29296875,-0.146484375,-1.13525390625,-0.048828125,-1.03759765625,0.06103515625,-0.84228515625,0.03662109375,-0.86669921875,-0.439453125,-0.25634765625,0.25634765625,-0.67138671875,0.1220703125,-1.42822265625,-0.048828125,-1.025390625,-0.146484375,0.47607421875,-0.1708984375,2.50244140625,0.0244140625,2.47802734375,-0.0732421875,1.4892578125,-0.3662109375,4.52880859375,0.01220703125,-0.06103515625,-0.10986328125,0.9033203125,-0.2197265625,-0.390625,-0.2197265625,-0.4638671875
0,-0.2685546875,-0.35400390625,0.1220703125,-0.25634765625,-0.048828125,-0.37841796875,0.0244140625,0.048828125,0.01220703125,-0.29296875,-0.2685546875,-1.123046875,-0.10986328125,0.5859375,0.1220703125,-0.29296875,0.1708984375,3.06396484375,-0.15869140625,3.1494140625,0.01220703125,5.2001953125,-0.1220703125,2.1728515625,-0.10986328125,-0.18310546875,0.01220703125,-0.76904296875,-0.1953125,0.93994140625,-0.20751953125,0.28076171875,-0.08544921875,-0.2685546875,-0.15869140625,-0.8056640625,-0.10986328125,-0.390625,0.01220703125,-0.69580078125,0.10986328125,-0.20751953125,-0.0244140625,-0.634765625,0.3662109375,-0.40283203125,-0.23193359375,0.48828125,0.52490234375,1.13525390625,0.25634765625,0.52490234375,-0.1220703125,-0.048828125,-0.35400390625,0.76904296875,0.29296875,0.67138671875,0.93994140625,0.830078125,-0.32958984375,0.50048828125,0.08544921875,0.146484375,-0.30517578125,0.28076171875,-0.15869140625,1.0986328125,-0.1220703125,0.2685546875,-0.29296875,0.2685546875,-0.29296875,0.29296875,-0.03662109375,0.830078125,0.08544921875,0.0244140625,-0.0244140625,1.37939453125,0.048828125,-0.93994140625,0.06103515625,-0.28076171875,-0.3173828125,-0.9521484375,0.1953125,-0.72021484375,0.08544921875,-1.52587890625,0,-0.244140625,0.634765625,-0.28076171875,-0.08544921875,-1.123046875,-0.18310546875,-1.220703125,0.06103515625,-0.9033203125,0.03662109375,-0.87890625,-0.42724609375,-0.28076171875,0.2197265625,-0.6591796875,0.2197265625,-1.42822265625,0.01220703125,-1.025390625,-0.146484375,0.47607421875,-0.1708984375,1.8310546875,0.0244140625,1.708984375,-0.06103515625,0.9765625,-0.37841796875,3.125,-0.048828125,-0.0732421875,-0.1220703125,0.927734375,-0.244140625,-0.3662109375,-0.20751953125,-0.4638671875
0,-0.29296875,-0.341796875,0.13427734375,-0.23193359375,-0.06103515625,-0.390625,0.01220703125,0.048828125,0,-0.341796875,-0.20751953125,-1.1474609375,-0.146484375,0.45166015625,0.13427734375,-0.3173828125,0.20751953125,2.880859375,-0.048828125,2.94189453125,0.13427734375,4.98046875,-0.0244140625,1.98974609375,-0.1220703125,-0.1953125,-0.03662109375,-0.76904296875,-0.28076171875,0.93994140625,-0.20751953125,0.244140625,0.0244140625,-0.28076171875,-0.146484375,-0.79345703125,-0.06103515625,-0.32958984375,0.08544921875,-0.69580078125,0.09765625,-0.1708984375,0.06103515625,-0.6591796875,0.4638671875,-0.45166015625,-0.244140625,0.537109375,0.5126953125,1.13525390625,0.25634765625,0.54931640625,-0.08544921875,-0.06103515625,-0.30517578125,0.76904296875,0.30517578125,0.67138671875,0.8544921875,0.84228515625,-0.3662109375,0.537109375,0.10986328125,0.146484375,-0.341796875,0.25634765625,-0.08544921875,1.0498046875,-0.13427734375,0.25634765625,-0.2685546875,0.2685546875,-0.29296875,0.2685546875,-0.0244140625,0.87890625,0.06103515625,0.03662109375,0.06103515625,1.3427734375,0.0244140625,-0.93994140625,0.0244140625,-0.25634765625,-0.3173828125,-0.93994140625,0.1220703125,-0.72021484375,0.1220703125,-1.513671875,0.08544921875,-0.244140625,0.5615234375,-0.2685546875,0.0244140625,-1.123046875,-0.3173828125,-1.30615234375,0.0244140625,-0.9033203125,0.01220703125,-0.8544921875,-0.37841796875,-0.29296875,0.1953125,-0.6591796875,0.1953125,-1.416015625,0.06103515625,-1.025390625,-0.10986328125,0.48828125,-0.18310546875,1.20849609375,0.01220703125,1.01318359375,-0.0732421875,0.5126953125,-0.37841796875,1.86767578125,-0.08544921875,-0.048828125,-0.10986328125,0.927734375,-0.244140625,-0.37841796875,-0.20751953125,-0.4638671875
0,-0.3173828125,-0.32958984375,0.1220703125,-0.23193359375,-0.0732421875,-0.4150390625,0,0.03662109375,-0.048828125,-0.37841796875,-0.1708984375,-1.15966796875,-0.146484375,0.40283203125,0.13427734375,-0.341796875,0.1953125,2.64892578125,-0.06103515625,2.63671875,0.25634765625,4.65087890625,0.0244140625,1.7822265625,-0.13427734375,-0.18310546875,-0.1220703125,-0.7568359375,-0.28076171875,0.927734375,-0.20751953125,0.2685546875,0.146484375,-0.25634765625,-0.13427734375,-0.79345703125,-0.0732421875,-0.29296875,0.13427734375,-0.67138671875,0.0732421875,-0.15869140625,0.10986328125,-0.6591796875,0.5126953125,-0.4638671875,-0.20751953125,0.62255859375,0.5126953125,1.1474609375,0.2197265625,0.537109375,-0.09765625,-0.09765625,-0.341796875,0.76904296875,0.341796875,0.68359375,0.7568359375,0.81787109375,-0.3662109375,0.5615234375,0.1953125,0.146484375,-0.341796875,0.20751953125,0.0244140625,1.03759765625,-0.10986328125,0.25634765625,-0.25634765625,0.23193359375,-0.25634765625,0.2685546875,0.0244140625,0.86669921875,0.03662109375,0.0732421875,0.1220703125,1.35498046875,-0.048828125,-0.9521484375,0.01220703125,-0.2685546875,-0.28076171875,-0.9521484375,0.01220703125,-0.7568359375,0.09765625,-1.5380859375,0.18310546875,-0.28076171875,0.48828125,-0.2685546875,0.146484375,-1.13525390625,-0.37841796875,-1.2939453125,0.0244140625,-0.91552734375,-0.01220703125,-0.81787109375,-0.3173828125,-0.28076171875,0.1953125,-0.6591796875,0.20751953125,-1.42822265625,0.08544921875,-1.0009765625,-0.08544921875,0.48828125,-0.1708984375,0.69580078125,0.0244140625,0.40283203125,-0.0732421875,0.1220703125,-0.390625,0.81787109375,-0.08544921875,-0.01220703125,-0.09765625,0.927734375,-0.244140625,-0.3662109375,-0.18310546875,-0.439453125
0,-0.3662109375,-0.32958984375,0.10986328125,-0.244140625,-0.09765625,-0.4150390625,-0.01220703125,0.0244140625,-0.048828125,-0.3662109375,-0.15869140625,-1.1962890625,-0.09765625,0.4150390625,0.146484375,-0.3662109375,0.2685546875,2.33154296875,0.03662109375,2.28271484375,0.341796875,4.21142578125,0.10986328125,1.513671875,-0.146484375,-0.18310546875,-0.1708984375,-0.74462890625,-0.2197265625,0.91552734375,-0.18310546875,0.2685546875,0.2197265625,-0.2685546875,-0.13427734375,-0.79345703125,-0.048828125,-0.30517578125,0.146484375,-0.67138671875,-0.01220703125,-0.146484375,0.1220703125,-0.6591796875,0.47607421875,-0.439453125,-0.2197265625,0.67138671875,0.439453125,1.15966796875,0.146484375,0.537109375,-0.15869140625,-0.10986328125,-0.37841796875,0.76904296875,0.3173828125,0.68359375,0.79345703125,0.78125,-0.4638671875,0.5859375,0.2685546875,0.13427734375,-0.341796875,0.146484375,0.09765625,1.0498046875,-0.0732421875,0.244140625,-0.244140625,0.20751953125,-0.23193359375,0.2685546875,0,0.91552734375,0.0244140625,0.0732421875,0.15869140625,1.3427734375,-0.1708984375,-0.9765625,0.01220703125,-0.28076171875,-0.2685546875,-0.96435546875,-0.0732421875,-0.78125,0.0732421875,-1.5380859375,0.2685546875,-0.28076171875,0.390625,-0.28076171875,0.25634765625,-1.15966796875,-0.47607421875,-1.2451171875,0.01220703125,-0.87890625,-0.03662109375,-0.78125,-0.23193359375,-0.25634765625,0.23193359375,-0.634765625,0.1220703125,-1.416015625,0.06103515625,-1.0009765625,0,0.4638671875,-0.15869140625,0.29296875,0.03662109375,-0.03662109375,-0.048828125,-0.13427734375,-0.4150390625,0.01220703125,-0.06103515625,0,-0.08544921875,0.91552734375,-0.244140625,-0.390625,-0.1708984375,-0.4638671875
0,-0.390625,-0.341796875,0.13427734375,-0.25634765625,-0.13427734375,-0.4150390625,-0.0244140625,0.0244140625,-0.09765625,-0.32958984375,-0.13427734375,-1.171875,-0.146484375,0.4638671875,0.146484375,-0.32958984375,0.25634765625,1.953125,0.06103515625,1.8798828125,0.20751953125,3.74755859375,0.13427734375,1.220703125,-0.13427734375,-0.18310546875,-0.15869140625,-0.7568359375,-0.13427734375,0.91552734375,-0.15869140625,0.25634765625,0.2685546875,-0.2685546875,-0.1708984375,-0.78125,-0.06103515625,-0.32958984375,0.18310546875,-0.68359375,-0.06103515625,-0.146484375,0.10986328125,-0.67138671875,0.42724609375,-0.37841796875,-0.25634765625,0.68359375,0.390625,1.18408203125,0.10986328125,0.5126953125,-0.1708984375,-0.13427734375,-0.42724609375,0.7568359375,0.341796875,0.69580078125,0.87890625,0.7080078125,-0.37841796875,0.59814453125,0.40283203125,0.146484375,-0.3173828125,0.1220703125,0.146484375,1.025390625,-0.03662109375,0.244140625,-0.25634765625,0.20751953125,-0.18310546875,0.25634765625,0.0244140625,0.91552734375,0.03662109375,0.09765625,0.146484375,1.33056640625,-0.2685546875,-0.9765625,0.06103515625,-0.29296875,-0.2685546875,-0.96435546875,-0.15869140625,-0.78125,0.0732421875,-1.50146484375,0.3662109375,-0.29296875,0.25634765625,-0.28076171875,0.3173828125,-1.1962890625,-0.47607421875,-1.171875,-0.03662109375,-0.87890625,-0.048828125,-0.78125,-0.13427734375,-0.25634765625,0.25634765625,-0.6591796875,0.0244140625,-1.416015625,0.048828125,-1.0009765625,0.06103515625,0.45166015625,-0.2197265625,0.0732421875,-0.01220703125,-0.32958984375,-0.1220703125,-0.32958984375,-0.52490234375,-0.50048828125,-0.0244140625,0.0244140625,-0.08544921875,0.91552734375,-0.244140625,-0.37841796875,-0.15869140625,-0.4638671875
0,-0.4150390625,-0.35400390625,0.10986328125,-0.2685546875,-0.1220703125,-0.439453125,-0.01220703125,0.01220703125,-0.08544921875,-0.30517578125,-0.10986328125,-1.1474609375,-0.1220703125,0.54931640625,0.1220703125,-0.3173828125,0.28076171875,1.5625,0.0732421875,1.45263671875,0.1953125,3.1982421875,0.146484375,0.9033203125,-0.13427734375,-0.15869140625,-0.13427734375,-0.732421875,-0.0244140625,0.91552734375,-0.18310546875,0.25634765625,0.29296875,-0.25634765625,-0.18310546875,-0.8056640625,-0.09765625,-0.3662109375,0.15869140625,-0.67138671875,-0.13427734375,-0.1708984375,0.0732421875,-0.67138671875,0.37841796875,-0.30517578125,-0.25634765625,0.6591796875,0.2685546875,1.220703125,0.03662109375,0.5126953125,-0.20751953125,-0.13427734375,-0.45166015625,0.7568359375,0.35400390625,0.67138671875,0.96435546875,0.62255859375,-0.35400390625,0.62255859375,0.537109375,0.1220703125,-0.2685546875,0.10986328125,0.146484375,1.0498046875,0.048828125,0.23193359375,-0.28076171875,0.20751953125,-0.13427734375,0.28076171875,0.048828125,0.86669921875,0.048828125,0.08544921875,0.146484375,1.33056640625,-0.32958984375,-0.93994140625,0.06103515625,-0.29296875,-0.2685546875,-0.927734375,-0.18310546875,-0.76904296875,0.048828125,-1.4892578125,0.37841796875,-0.25634765625,0.20751953125,-0.244140625,0.28076171875,-1.23291015625,-0.4638671875,-1.11083984375,-0.08544921875,-0.87890625,0,-0.76904296875,-0.13427734375,-0.25634765625,0.28076171875,-0.67138671875,-0.09765625,-1.416015625,0.08544921875,-1.0009765625,0.146484375,0.45166015625,-0.1953125,-0.09765625,0.01220703125,-0.48828125,-0.08544921875,-0.439453125,-0.54931640625,-0.72021484375,-0.048828125,0.0244140625,-0.0732421875,0.89111328125,-0.244140625,-0.37841796875,-0.15869140625,-0.45166015625
0,-0.4150390625,-0.37841796875,0.10986328125,-0.29296875,-0.146484375,-0.42724609375,-0.0244140625,-0.01220703125,-0.0732421875,-0.2685546875,-0.10986328125,-1.0986328125,-0.15869140625,0.67138671875,0.09765625,-0.29296875,0.29296875,1.13525390625,0.048828125,1.0498046875,0.15869140625,2.63671875,0.146484375,0.59814453125,-0.15869140625,-0.15869140625,-0.09765625,-0.732421875,0.0244140625,0.927734375,-0.13427734375,0.25634765625,0.2685546875,-0.25634765625,-0.146484375,-0.81787109375,-0.15869140625,-0.37841796875,0.1220703125,-0.6591796875,-0.20751953125,-0.1708984375,0.03662109375,-0.64697265625,0.244140625,-0.29296875,-0.32958984375,0.62255859375,0.1708984375,1.23291015625,0.01220703125,0.47607421875,-0.25634765625,-0.13427734375,-0.4638671875,0.7568359375,0.37841796875,0.67138671875,1.06201171875,0.54931640625,-0.3662109375,0.59814453125,0.62255859375,0.1220703125,-0.20751953125,0.1220703125,0.13427734375,1.025390625,0.1220703125,0.23193359375,-0.30517578125,0.2197265625,-0.08544921875,0.28076171875,0.048828125,0.9033203125,0.06103515625,0.06103515625,0.146484375,1.35498046875,-0.341796875,-0.927734375,0.048828125,-0.2685546875,-0.25634765625,-0.9521484375,-0.15869140625,-0.76904296875,0.048828125,-1.45263671875,0.341796875,-0.25634765625,0.20751953125,-0.25634765625,0.18310546875,-1.26953125,-0.3662109375,-1.123046875,-0.18310546875,-0.86669921875,0.0244140625,-0.7568359375,-0.10986328125,-0.2685546875,0.23193359375,-0.68359375,-0.1953125,-1.42822265625,0.09765625,-1.025390625,0.1708984375,0.45166015625,-0.1708984375,-0.18310546875,0.048828125,-0.5615234375,-0.0732421875,-0.42724609375,-0.537109375,-0.74462890625,-0.0732421875,0.0244140625,-0.06103515625,0.87890625,-0.244140625,-0.40283203125,-0.13427734375,-0.45166015625
0,-0.439453125,-0.390625,0.1220703125,-0.29296875,-0.1953125,-0.40283203125,-0.0244140625,0.01220703125,-0.08544921875,-0.23193359375,-0.13427734375,-1.0986328125,-0.13427734375,0.7568359375,0.0732421875,-0.2685546875,0.2685546875,0.7568359375,-0.03662109375,0.69580078125,0.08544921875,2.08740234375,0.10986328125,0.3173828125,-0.15869140625,-0.146484375,0,-0.732421875,0.0732421875,0.93994140625,-0.0732421875,0.23193359375,0.23193359375,-0.25634765625,-0.13427734375,-0.8544921875,-0.2197265625,-0.4150390625,0.06103515625,-0.67138671875,-0.2685546875,-0.18310546875,-0.0732421875,-0.6591796875,0.1708984375,-0.2685546875,-0.4150390625,0.5615234375,0.0732421875,1.2451171875,0,0.47607421875,-0.28076171875,-0.15869140625,-0.47607421875,0.76904296875,0.3662109375,0.67138671875,1.0009765625,0.48828125,-0.28076171875,0.59814453125,0.69580078125,0.1220703125,-0.048828125,0.13427734375,0.146484375,1.03759765625,0.146484375,0.23193359375,-0.32958984375,0.20751953125,-0.01220703125,0.28076171875,0.09765625,0.8544921875,0.06103515625,0.048828125,0.1220703125,1.35498046875,-0.32958984375,-0.91552734375,-0.0244140625,-0.29296875,-0.244140625,-0.9765625,-0.0732421875,-0.78125,0.03662109375,-1.45263671875,0.25634765625,-0.244140625,0.2685546875,-0.2685546875,-0.0244140625,-1.30615234375,-0.2685546875,-1.13525390625,-0.244140625,-0.8544921875,0.0244140625,-0.76904296875,-0.1220703125,-0.25634765625,0.1953125,-0.68359375,-0.23193359375,-1.416015625,0.1220703125,-1.025390625,0.18310546875,0.439453125,-0.146484375,-0.1708984375,0.0244140625,-0.54931640625,-0.06103515625,-0.4150390625,-0.5126953125,-0.6103515625,-0.08544921875,0.0244140625,-0.0732421875,0.89111328125,-0.244140625,-0.37841796875,-0.10986328125,-0.47607421875
1,-0.45166015625,-0.40283203125,0.10986328125,-0.28076171875,-0.2197265625,-0.40283203125,-0.03662109375,0.01220703125,-0.06103515625,-0.244140625,-0.09765625,-1.07421875,-0.09765625,0.78125,0.08544921875,-0.2197265625,0.20751953125,0.4638671875,-0.0732421875,0.439453125,0.08544921875,1.6357421875,0.048828125,0.1220703125,-0.1708984375,-0.146484375,0.03662109375,-0.732421875,0.13427734375,0.96435546875,-0.01220703125,0.23193359375,0.15869140625,-0.25634765625,-0.1220703125,-0.8544921875,-0.25634765625,-0.42724609375,-0.0244140625,-0.67138671875,-0.3173828125,-0.2197265625,-0.15869140625,-0.64697265625,0.20751953125,-0.28076171875,-0.439453125,0.50048828125,0.03662109375,1.18408203125,-0.03662109375,0.47607421875,-0.3173828125,-0.15869140625,-0.4638671875,0.78125,0.40283203125,0.68359375,1.01318359375,0.4150390625,-0.30517578125,0.57373046875,0.72021484375,0.1220703125,0.10986328125,0.15869140625,0.15869140625,1.06201171875,0.20751953125,0.2685546875,-0.32958984375,0.2197265625,0.03662109375,0.3173828125,0.13427734375,0.8056640625,0.048828125,0.0244140625,0.0732421875,1.3671875,-0.30517578125,-0.91552734375,-0.08544921875,-0.29296875,-0.23193359375,-0.9765625,0.0244140625,-0.76904296875,0.03662109375,-1.46484375,0.15869140625,-0.2197265625,0.37841796875,-0.30517578125,-0.20751953125,-1.33056640625,-0.244140625,-1.1474609375,-0.25634765625,-0.8544921875,0.03662109375,-0.79345703125,-0.10986328125,-0.2685546875,0.09765625,-0.68359375,-0.1708984375,-1.416015625,0.048828125,-1.01318359375,0.18310546875,0.439453125,-0.1220703125,-0.1220703125,0.0244140625,-0.50048828125,-0.06103515625,-0.390625,-0.48828125,-0.40283203125,-0.048828125,0.01220703125,-0.0732421875,0.87890625,-0.2685546875,-0.390625,-0.10986328125,-0.45166015625
1,-0.47607421875,-0.40283203125,0.13427734375,-0.29296875,-0.28076171875,-0.390625,-0.0732421875,0.01220703125,-0.08544921875,-0.23193359375,-0.09765625,-1.0498046875,-0.08544921875,0.78125,0.048828125,-0.2197265625,0.1220703125,0.23193359375,-0.15869140625,0.28076171875,0.048828125,1.3427734375,-0.09765625,-0.01220703125,-0.1953125,-0.1220703125,0.1220703125,-0.74462890625,0.09765625,0.96435546875,0.06103515625,0.25634765625,0.048828125,-0.244140625,-0.10986328125,-0.86669921875,-0.29296875,-0.439453125,-0.08544921875,-0.68359375,-0.341796875,-0.1953125,-0.244140625,-0.64697265625,0.15869140625,-0.32958984375,-0.52490234375,0.47607421875,-0.0244140625,1.1474609375,-0.0244140625,0.48828125,-0.2685546875,-0.146484375,-0.4150390625,0.78125,0.3662109375,0.6591796875,1.03759765625,0.3662109375,-0.2197265625,0.537109375,0.64697265625,0.13427734375,0.29296875,0.1953125,0.15869140625,1.0986328125,0.20751953125,0.2685546875,-0.29296875,0.23193359375,0.048828125,0.32958984375,0.1220703125,0.830078125,0.048828125,0.0244140625,0.01220703125,1.37939453125,-0.29296875,-0.927734375,-0.13427734375,-0.29296875,-0.23193359375,-0.96435546875,0.09765625,-0.7568359375,0.0244140625,-1.47705078125,0.0732421875,-0.1953125,0.3662109375,-0.29296875,-0.35400390625,-1.33056640625,-0.1708984375,-1.18408203125,-0.1220703125,-0.87890625,0.01220703125,-0.81787109375,-0.146484375,-0.28076171875,0,-0.68359375,-0.09765625,-1.42822265625,-0.01220703125,-1.01318359375,0.1953125,0.47607421875,-0.1220703125,-0.08544921875,0.0244140625,-0.45166015625,-0.048828125,-0.35400390625,-0.48828125,-0.23193359375,0,0.01220703125,-0.08544921875,0.9033203125,-0.25634765625,-0.390625,-0.10986328125,-0.439453125
1,-0.47607421875,-0.4150390625,0.15869140625,-0.29296875,-0.30517578125,-0.390625,-0.0732421875,0.01220703125,-0.048828125,-0.2685546875,-0.09765625,-1.07421875,-0.0732421875,0.74462890625,0.03662109375,-0.23193359375,0.048828125,0.1953125,-0.15869140625,0.28076171875,0.0244140625,1.26953125,-0.20751953125,-0.06103515625,-0.18310546875,-0.13427734375,0.1708984375,-0.732421875,0.0732421875,0.9765625,0.13427734375,0.244140625,-0.01220703125,-0.244140625,-0.08544921875,-0.86669921875,-0.3173828125,-0.42724609375,-0.10986328125,-0.69580078125,-0.3662109375,-0.20751953125,-0.2685546875,-0.634765625,0.09765625,-0.390625,-0.5126953125,0.42724609375,-0.048828125,1.123046875,-0.01220703125,0.5126953125,-0.1953125,-0.146484375,-0.37841796875,0.79345703125,0.29296875,0.64697265625,0.927734375,0.3662109375,-0.18310546875,0.537109375,0.5615234375,0.13427734375,0.341796875,0.25634765625,0.13427734375,1.0986328125,0.20751953125,0.2685546875,-0.2685546875,0.244140625,0.048828125,0.341796875,0.1708984375,0.81787109375,0.06103515625,0.01220703125,-0.06103515625,1.37939453125,-0.25634765625,-0.91552734375,-0.1708984375,-0.28076171875,-0.244140625,-0.98876953125,0.1220703125,-0.74462890625,-0.01220703125,-1.47705078125,-0.01220703125,-0.20751953125,0.25634765625,-0.30517578125,-0.4638671875,-1.33056640625,-0.146484375,-1.18408203125,-0.0732421875,-0.84228515625,-0.09765625,-0.84228515625,-0.1708984375,-0.28076171875,-0.06103515625,-0.68359375,0,-1.4404296875,-0.09765625,-1.01318359375,0.18310546875,0.48828125,-0.13427734375,-0.0732421875,0.03662109375,-0.42724609375,-0.048828125,-0.32958984375,-0.45166015625,-0.10986328125,0.01220703125,0,-0.08544921875,0.9033203125,-0.244140625,-0.40283203125,-0.10986328125,-0.439453125
1,-0.48828125,-0.390625,0.146484375,-0.28076171875,-0.30517578125,-0.390625,-0.08544921875,0,-0.06103515625,-0.28076171875,-0.09765625,-1.08642578125,-0.048828125,0.69580078125,0,-0.2685546875,-0.0732421875,0.25634765625,-0.1953125,0.4150390625,-0.0244140625,1.37939453125,-0.40283203125,0.0244140625,-0.10986328125,-0.146484375,0.20751953125,-0.7568359375,0,0.98876953125,0.1953125,0.244140625,-0.13427734375,-0.25634765625,-0.1220703125,-0.87890625,-0.30517578125,-0.40283203125,-0.15869140625,-0.7080078125,-0.341796875,-0.20751953125,-0.244140625,-0.634765625,0.03662109375,-0.45166015625,-0.5615234375,0.4150390625,-0.048828125,1.0986328125,0.0732421875,0.52490234375,-0.13427734375,-0.146484375,-0.37841796875,0.78125,0.15869140625,0.6591796875,0.79345703125,0.390625,-0.244140625,0.54931640625,0.50048828125,0.13427734375,0.390625,0.30517578125,0.146484375,1.123046875,0.2197265625,0.28076171875,-0.20751953125,0.25634765625,0.01220703125,0.3662109375,0.1708984375,0.81787109375,0.06103515625,0.0244140625,-0.09765625,1.37939453125,-0.1953125,-0.927734375,-0.18310546875,-0.28076171875,-0.244140625,-0.9765625,0.13427734375,-0.74462890625,-0.0244140625,-1.4892578125,-0.0244140625,-0.2197265625,0.1708984375,-0.3173828125,-0.40283203125,-1.30615234375,-0.1220703125,-1.18408203125,0.0244140625,-0.830078125,-0.15869140625,-0.84228515625,-0.146484375,-0.28076171875,-0.08544921875,-0.68359375,0.048828125,-1.4404296875,-0.18310546875,-1.03759765625,0.18310546875,0.50048828125,-0.08544921875,-0.06103515625,0.048828125,-0.42724609375,-0.03662109375,-0.341796875,-0.45166015625,-0.09765625,0.0244140625,-0.01220703125,-0.09765625,0.91552734375,-0.2197265625,-0.40283203125,-0.10986328125,-0.42724609375
1,-0.5126953125,-0.390625,0.10986328125,-0.28076171875,-0.29296875,-0.37841796875,-0.09765625,0.01220703125,-0.09765625,-0.30517578125,-0.09765625,-1.08642578125,-0.048828125,0.634765625,0,-0.3173828125,-0.09765625,0.50048828125,-0.244140625,0.68359375,-0.01220703125,1.72119140625,-0.52490234375,0.1953125,-0.048828125,-0.15869140625,0.15869140625,-0.732421875,-0.0732421875,0.9765625,0.18310546875,0.244140625,-0.244140625,-0.2685546875,-0.2197265625,-0.87890625,-0.25634765625,-0.40283203125,-0.1708984375,-0.69580078125,-0.3173828125,-0.23193359375,-0.20751953125,-0.62255859375,-0.048828125,-0.47607421875,-0.50048828125,0.45166015625,-0.048828125,1.11083984375,0.13427734375,0.52490234375,-0.06103515625,-0.146484375,-0.30517578125,0.78125,0.01220703125,0.6591796875,0.5859375,0.40283203125,-0.1220703125,0.5859375,0.45166015625,0.1220703125,0.439453125,0.32958984375,0.09765625,1.08642578125,0.1953125,0.2685546875,-0.15869140625,0.25634765625,0,0.3173828125,0.146484375,0.8056640625,0.03662109375,0.0244140625,-0.10986328125,1.3916015625,-0.1708984375,-0.9521484375,-0.1220703125,-0.2685546875,-0.2685546875,-0.98876953125,0.13427734375,-0.72021484375,-0.06103515625,-1.4892578125,-0.01220703125,-0.20751953125,0.01220703125,-0.32958984375,-0.244140625,-1.25732421875,-0.146484375,-1.11083984375,0.08544921875,-0.79345703125,-0.244140625,-0.830078125,-0.15869140625,-0.244140625,-0.03662109375,-0.67138671875,0.1220703125,-1.42822265625,-0.25634765625,-1.0498046875,0.15869140625,0.48828125,-0.10986328125,-0.08544921875,0.048828125,-0.45166015625,-0.06103515625,-0.32958984375,-0.4150390625,-0.20751953125,0.01220703125,0,-0.08544921875,0.91552734375,-0.1953125,-0.390625,-0.1220703125,-0.42724609375
1,-0.5126953125,-0.37841796875,0.10986328125,-0.28076171875,-0.29296875,-0.390625,-0.10986328125,0.01220703125,-0.10986328125,-0.3173828125,-0.08544921875,-1.11083984375,-0.0244140625,0.6103515625,0.01220703125,-0.35400390625,-0.09765625,0.89111328125,-0.25634765625,1.08642578125,-0.048828125,2.294921875,-0.57373046875,0.50048828125,0.048828125,-0.146484375,0.09765625,-0.74462890625,-0.1220703125,0.96435546875,0.15869140625,0.25634765625,-0.30517578125,-0.25634765625,-0.30517578125,-0.87890625,-0.1953125,-0.37841796875,-0.1708984375,-0.72021484375,-0.25634765625,-0.244140625,-0.1220703125,-0.634765625,-0.09765625,-0.47607421875,-0.5126953125,0.50048828125,-0.0244140625,1.11083984375,0.1708984375,0.50048828125,0.03662109375,-0.146484375,-0.2197265625,0.76904296875,-0.10986328125,0.67138671875,0.48828125,0.47607421875,-0.13427734375,0.634765625,0.37841796875,0.146484375,0.439453125,0.341796875,0.048828125,1.08642578125,0.1708984375,0.25634765625,-0.09765625,0.2685546875,-0.01220703125,0.32958984375,0.146484375,0.78125,0.03662109375,0.048828125,-0.146484375,1.3671875,-0.1953125,-0.93994140625,-0.0732421875,-0.29296875,-0.244140625,-0.9765625,0.13427734375,-0.732421875,-0.1220703125,-1.50146484375,0.01220703125,-0.23193359375,-0.08544921875,-0.341796875,-0.06103515625,-1.23291015625,-0.1708984375,-1.025390625,0.10986328125,-0.7568359375,-0.32958984375,-0.79345703125,-0.1953125,-0.1953125,0.08544921875,-0.6591796875,0.10986328125,-1.42822265625,-0.29296875,-1.0498046875,0.146484375,0.50048828125,-0.08544921875,-0.10986328125,0.0732421875,-0.47607421875,-0.06103515625,-0.341796875,-0.341796875,-0.35400390625,0.03662109375,0,-0.10986328125,0.9033203125,-0.1953125,-0.4150390625,-0.10986328125,-0.439453125
1,-0.52490234375,-0.3662109375,0.10986328125,-0.28076171875,-0.30517578125,-0.40283203125,-0.10986328125,0.048828125,-0.13427734375,-0.2685546875,-0.0732421875,-1.11083984375,-0.0244140625,0.62255859375,0.03662109375,-0.35400390625,-0.06103515625,1.3916015625,-0.1953125,1.59912109375,-0.0732421875,3.03955078125,-0.50048828125,0.9033203125,0.1220703125,-0.146484375,0.048828125,-0.74462890625,-0.146484375,0.9521484375,0.10986328125,0.23193359375,-0.30517578125,-0.28076171875,-0.37841796875,-0.84228515625,-0.13427734375,-0.390625,-0.146484375,-0.72021484375,-0.1708984375,-0.23193359375,-0.048828125,-0.64697265625,-0.01220703125,-0.4638671875,-0.4638671875,0.5615234375,0.048828125,1.15966796875,0.1953125,0.5126953125,0.15869140625,-0.146484375,-0.0732421875,0.732421875,-0.1708984375,0.67138671875,0.37841796875,0.52490234375,-0.10986328125,0.7080078125,0.32958984375,0.13427734375,0.45166015625,0.3662109375,0.03662109375,1.08642578125,0.13427734375,0.244140625,-0.0732421875,0.25634765625,-0.03662109375,0.32958984375,0.0732421875,0.81787109375,0.0244140625,0.0732421875,-0.13427734375,1.37939453125,-0.20751953125,-0.9521484375,0.0244140625,-0.28076171875,-0.2197265625,-0.9765625,0.10986328125,-0.74462890625,-0.15869140625,-1.513671875,0.06103515625,-0.244140625,-0.13427734375,-0.30517578125,0.1708984375,-1.1962890625,-0.1708984375,-0.93994140625,0.1708984375,-0.72021484375,-0.29296875,-0.76904296875,-0.13427734375,-0.146484375,0.244140625,-0.64697265625,0.0732421875,-1.4404296875,-0.30517578125,-1.0498046875,0.1220703125,0.47607421875,-0.08544921875,-0.1220703125,0.048828125,-0.48828125,-0.048828125,-0.37841796875,-0.37841796875,-0.48828125,0.03662109375,0.01220703125,-0.1220703125,0.87890625,-0.1708984375,-0.42724609375,-0.13427734375,-0.439453125
1,-0.54931640625,-0.3662109375,0.1220703125,-0.2685546875,-0.30517578125,-0.40283203125,-0.08544921875,0.048828125,-0.146484375,-0.25634765625,-0.03662109375,-1.0986328125,0.048828125,0.634765625,0.048828125,-0.341796875,0.01220703125,1.98974609375,-0.146484375,2.197265625,-0.244140625,3.90625,-0.37841796875,1.3671875,0.18310546875,-0.13427734375,0,-0.74462890625,-0.18310546875,0.9521484375,0,0.25634765625,-0.28076171875,-0.29296875,-0.40283203125,-0.84228515625,-0.08544921875,-0.37841796875,-0.08544921875,-0.74462890625,-0.10986328125,-0.2197265625,-0.01220703125,-0.6591796875,0.09765625,-0.390625,-0.40283203125,0.6103515625,0.08544921875,1.18408203125,0.18310546875,0.5126953125,0.244140625,-0.1708984375,0.048828125,0.74462890625,-0.2685546875,0.67138671875,0.29296875,0.5615234375,-0.1220703125,0.78125,0.2197265625,0.13427734375,0.439453125,0.35400390625,-0.0244140625,1.06201171875,0.13427734375,0.23193359375,-0.08544921875,0.25634765625,-0.0244140625,0.32958984375,0,0.84228515625,-0.03662109375,0.0732421875,-0.09765625,1.3671875,-0.23193359375,-0.93994140625,0.1220703125,-0.29296875,-0.244140625,-0.96435546875,0.10986328125,-0.74462890625,-0.20751953125,-1.513671875,0.09765625,-0.244140625,-0.13427734375,-0.28076171875,0.3173828125,-1.171875,-0.2685546875,-0.8544921875,0.1220703125,-0.6591796875,-0.23193359375,-0.732421875,-0.146484375,-0.13427734375,0.390625,-0.64697265625,0.0244140625,-1.4404296875,-0.25634765625,-1.03759765625,0.0732421875,0.4638671875,-0.0244140625,-0.10986328125,0.09765625,-0.50048828125,-0.01220703125,-0.390625,-0.29296875,-0.62255859375,0.03662109375,0.01220703125,-0.1220703125,0.8544921875,-0.15869140625,-0.42724609375,-0.15869140625,-0.439453125
1,-0.54931640625,-0.37841796875,0.1220703125,-0.25634765625,-0.3173828125,-0.40283203125,-0.09765625,0.06103515625,-0.15869140625,-0.2197265625,-0.048828125,-1.07421875,0.13427734375,0.68359375,0.0732421875,-0.3173828125,0.048828125,2.6611328125,-0.06103515625,2.83203125,-0.30517578125,4.8095703125,-0.20751953125,1.8798828125,0.15869140625,-0.146484375,-0.0244140625,-0.732421875,-0.1708984375,0.96435546875,-0.13427734375,0.244140625,-0.20751953125,-0.29296875,-0.37841796875,-0.84228515625,-0.0732421875,-0.390625,0.01220703125,-0.732421875,-0.03662109375,-0.20751953125,0.0244140625,-0.6591796875,0.15869140625,-0.28076171875,-0.390625,0.68359375,0.048828125,1.20849609375,0.146484375,0.50048828125,0.29296875,-0.15869140625,0.0732421875,0.7568359375,-0.35400390625,0.6591796875,0.28076171875,0.57373046875,-0.20751953125,0.830078125,0.1708984375,0.1220703125,0.40283203125,0.32958984375,-0.08544921875,1.06201171875,0.1220703125,0.20751953125,-0.06103515625,0.244140625,-0.0244140625,0.30517578125,-0.0732421875,0.830078125,-0.01220703125,0.0732421875,-0.09765625,1.35498046875,-0.2197265625,-0.96435546875,0.23193359375,-0.29296875,-0.28076171875,-0.9521484375,0.1220703125,-0.74462890625,-0.20751953125,-1.513671875,0.146484375,-0.23193359375,0,-0.23193359375,0.32958984375,-1.15966796875,-0.35400390625,-0.830078125,0,-0.6103515625,-0.18310546875,-0.69580078125,-0.146484375,-0.08544921875,0.50048828125,-0.6591796875,-0.01220703125,-1.42822265625,-0.1708984375,-1.0498046875,0.0732421875,0.439453125,-0.09765625,-0.09765625,0.0244140625,-0.47607421875,-0.08544921875,-0.390625,-0.3662109375,-0.67138671875,0.03662109375,0.01220703125,-0.146484375,0.8544921875,-0.1708984375,-0.45166015625,-0.1953125,-0.45166015625
1,-0.537109375,-0.390625,0.0732421875,-0.25634765625,-0.30517578125,-0.4150390625,-0.06103515625,0.048828125,-0.15869140625,-0.15869140625,-0.03662109375,-1.03759765625,0.0732421875,0.7568359375,0.10986328125,-0.28076171875,0.09765625,3.3203125,-0.0732421875,3.43017578125,-0.29296875,5.7373046875,-0.03662109375,2.392578125,0.10986328125,-0.13427734375,-0.03662109375,-0.74462890625,-0.1708984375,0.96435546875,-0.2685546875,0.244140625,-0.10986328125,-0.28076171875,-0.30517578125,-0.84228515625,-0.048828125,-0.37841796875,0.09765625,-0.732421875,0.03662109375,-0.1953125,0,-0.6591796875,0.1708984375,-0.1708984375,-0.28076171875,0.74462890625,-0.01220703125,1.220703125,0.08544921875,0.50048828125,0.341796875,-0.146484375,0.06103515625,0.74462890625,-0.390625,0.6591796875,0.15869140625,0.59814453125,-0.2685546875,0.9033203125,0.146484375,0.1220703125,0.439453125,0.3173828125,-0.20751953125,1.06201171875,0.08544921875,0.20751953125,-0.0732421875,0.25634765625,-0.0732421875,0.3173828125,-0.18310546875,0.8544921875,-0.01220703125,0.06103515625,-0.09765625,1.37939453125,-0.1708984375,-0.93994140625,0.28076171875,-0.3173828125,-0.29296875,-0.93994140625,0.1220703125,-0.7568359375,-0.1708984375,-1.513671875,0.1708984375,-0.25634765625,0.13427734375,-0.20751953125,0.30517578125,-1.171875,-0.37841796875,-0.81787109375,0,-0.59814453125,-0.03662109375,-0.6591796875,-0.10986328125,-0.0244140625,0.52490234375,-0.67138671875,-0.0244140625,-1.416015625,-0.06103515625,-1.03759765625,0.03662109375,0.42724609375,-0.0732421875,0,0.0244140625,-0.40283203125,-0.08544921875,-0.3662109375,-0.439453125,-0.6103515625,0.03662109375,0,-0.13427734375,0.8544921875,-0.1708984375,-0.439453125,-0.1953125,-0.45166015625
1,-0.54931640625,-0.390625,0.0732421875,-0.25634765625,-0.29296875,-0.40283203125,-0.048828125,0.048828125,-0.13427734375,-0.1220703125,-0.048828125,-1.025390625,0.09765625,0.8056640625,0.0732421875,-0.244140625,0.1220703125,3.9306640625,0.03662109375,3.99169921875,-0.244140625,6.54296875,0.13427734375,2.8564453125,0.01220703125,-0.1220703125,-0.048828125,-0.74462890625,-0.2197265625,0.9765625,-0.390625,0.23193359375,-0.048828125,-0.25634765625,-0.1708984375,-0.84228515625,-0.0732421875,-0.3662109375,0.18310546875,-0.72021484375,0.08544921875,-0.18310546875,-0.0244140625,-0.6591796875,0.1953125,-0.06103515625,-0.20751953125,0.79345703125,-0.08544921875,1.20849609375,0.03662109375,0.50048828125,0.32958984375,-0.1220703125,-0.01220703125,0.7568359375,-0.4150390625,0.67138671875,0.18310546875,0.5859375,-0.390625,0.93994140625,0.15869140625,0.1220703125,0.40283203125,0.29296875,-0.32958984375,1.07421875,0.06103515625,0.2197265625,-0.10986328125,0.23193359375,-0.1220703125,0.29296875,-0.23193359375,0.8544921875,0.01220703125,0.06103515625,-0.13427734375,1.37939453125,-0.10986328125,-0.91552734375,0.28076171875,-0.3173828125,-0.35400390625,-0.93994140625,0.1220703125,-0.7568359375,-0.10986328125,-1.513671875,0.15869140625,-0.2197265625,0.29296875,-0.1953125,0.1708984375,-1.18408203125,-0.4638671875,-0.81787109375,-0.13427734375,-0.5615234375,0.03662109375,-0.62255859375,-0.146484375,0.0244140625,0.5126953125,-0.68359375,0.01220703125,-1.416015625,0.0732421875,-1.01318359375,0,0.42724609375,-0.03662109375,0.10986328125,0.0732421875,-0.28076171875,-0.0244140625,-0.32958984375,-0.3662109375,-0.4638671875,0.03662109375,0,-0.15869140625,0.8544921875,-0.15869140625,-0.47607421875,-0.2197265625,-0.48828125
1,-0.54931640625,-0.390625,0.048828125,-0.28076171875,-0.29296875,-0.390625,-0.03662109375,0.0244140625,-0.08544921875,-0.10986328125,-0.03662109375,-1.0009765625,0.10986328125,0.86669921875,0.10986328125,-0.23193359375,0.13427734375,4.4677734375,0.10986328125,4.43115234375,-0.1708984375,7.16552734375,0.2197265625,3.271484375,-0.13427734375,-0.1220703125,-0.03662109375,-0.732421875,-0.28076171875,0.9521484375,-0.42724609375,0.23193359375,-0.01220703125,-0.25634765625,-0.048828125,-0.8544921875,-0.09765625,-0.35400390625,0.2197265625,-0.68359375,0.13427734375,-0.18310546875,-0.08544921875,-0.6591796875,0.1953125,-0.01220703125,-0.35400390625,0.830078125,-0.1220703125,1.220703125,0.01220703125,0.50048828125,0.29296875,-0.1220703125,-0.10986328125,0.7568359375,-0.40283203125,0.6591796875,0.244140625,0.5615234375,-0.50048828125,0.96435546875,0.1953125,0.13427734375,0.3173828125,0.25634765625,-0.37841796875,1.08642578125,0.03662109375,0.1953125,-0.1708984375,0.25634765625,-0.15869140625,0.30517578125,-0.2685546875,0.84228515625,0.048828125,0.06103515625,-0.1708984375,1.3916015625,-0.03662109375,-0.9033203125,0.244140625,-0.3173828125,-0.341796875,-0.9521484375,0.0732421875,-0.74462890625,-0.0244140625,-1.513671875,0.146484375,-0.20751953125,0.5126953125,-0.1953125,0.06103515625,-1.20849609375,-0.439453125,-0.81787109375,-0.244140625,-0.5126953125,0.15869140625,-0.5615234375,-0.10986328125,0.048828125,0.439453125,-0.69580078125,0.01220703125,-1.40380859375,0.1953125,-1.0009765625,0.0244140625,0.42724609375,-0.0732421875,0.25634765625,0.01220703125,-0.146484375,-0.09765625,-0.28076171875,-0.439453125,-0.2685546875,0.048828125,-0.0244140625,-0.146484375,0.84228515625,-0.1708984375,-0.4638671875,-0.1953125,-0.50048828125
1,-0.5615234375,-0.37841796875,0.06103515625,-0.29296875,-0.30517578125,-0.390625,0.01220703125,0,-0.0732421875,-0.10986328125,-0.048828125,-0.96435546875,0.146484375,0.86669921875,0.09765625,-0.2197265625,0.13427734375,4.84619140625,0.20751953125,4.74853515625,-0.08544921875,7.6416015625,0.15869140625,3.564453125,-0.25634765625,-0.146484375,-0.048828125,-0.7568359375,-0.3662109375,0.96435546875,-0.390625,0.25634765625,-0.048828125,-0.25634765625,0.0244140625,-0.830078125,-0.15869140625,-0.35400390625,0.244140625,-0.69580078125,0.1953125,-0.18310546875,-0.1220703125,-0.634765625,0.30517578125,0.01220703125,-0.40283203125,0.86669921875,-0.146484375,1.171875,-0.01220703125,0.50048828125,0.244140625,-0.09765625,-0.20751953125,0.76904296875,-0.32958984375,0.68359375,0.28076171875,0.52490234375,-0.5859375,0.9521484375,0.29296875,0.13427734375,0.23193359375,0.244140625,-0.42724609375,1.08642578125,0,0.2197265625,-0.2197265625,0.2197265625,-0.1953125,0.30517578125,-0.28076171875,0.87890625,0.10986328125,0.048828125,-0.18310546875,1.37939453125,-0.01220703125,-0.87890625,0.15869140625,-0.3173828125,-0.3662109375,-0.9521484375,0.03662109375,-0.74462890625,0.03662109375,-1.47705078125,0.09765625,-0.1953125,0.5859375,-0.244140625,-0.03662109375,-1.2451171875,-0.3662109375,-0.79345703125,-0.23193359375,-0.4150390625,0.23193359375,-0.54931640625,-0.03662109375,0.1220703125,0.2685546875,-0.72021484375,0.06103515625,-1.416015625,0.23193359375,-0.98876953125,0.048828125,0.439453125,-0.08544921875,0.390625,0,-0.01220703125,-0.09765625,-0.1953125,-0.47607421875,-0.01220703125,0.048828125,-0.048828125,-0.1708984375,0.84228515625,-0.1953125,-0.4638671875,-0.1708984375,-0.50048828125
1,-0.57373046875,-0.390625,0.08544921875,-0.29296875,-0.32958984375,-0.3662109375,0,-0.01220703125,-0.06103515625,-0.146484375,-0.03662109375,-1.0009765625,0.08544921875,0.8544921875,0.0732421875,-0.23193359375,0.09765625,5.078125,0.29296875,4.89501953125,0.0244140625,7.8369140625,0.09765625,3.72314453125,-0.3662109375,-0.13427734375,-0.0732421875,-0.74462890625,-0.4150390625,0.96435546875,-0.29296875,0.23193359375,-0.06103515625,-0.23193359375,0.09765625,-0.84228515625,-0.1953125,-0.35400390625,0.2197265625,-0.7080078125,0.20751953125,-0.18310546875,-0.18310546875,-0.634765625,0.3662109375,-0.0244140625,-0.42724609375,0.87890625,-0.2197265625,1.123046875,0.01220703125,0.50048828125,0.18310546875,-0.1220703125,-0.29296875,0.7568359375,-0.28076171875,0.67138671875,0.35400390625,0.50048828125,-0.7080078125,0.91552734375,0.35400390625,0.1220703125,0.1220703125,0.2197265625,-0.4150390625,1.07421875,0.01220703125,0.20751953125,-0.25634765625,0.244140625,-0.2197265625,0.3173828125,-0.30517578125,0.8544921875,0.15869140625,0.0732421875,-0.20751953125,1.3916015625,-0.0244140625,-0.87890625,0.0732421875,-0.30517578125,-0.341796875,-0.9765625,-0.0244140625,-0.732421875,0.09765625,-1.47705078125,0.06103515625,-0.20751953125,0.59814453125,-0.25634765625,-0.06103515625,-1.25732421875,-0.35400390625,-0.78125,-0.2197265625,-0.341796875,0.146484375,-0.50048828125,-0.03662109375,0.18310546875,0.09765625,-0.72021484375,0.10986328125,-1.416015625,0.23193359375,-0.98876953125,0.08544921875,0.45166015625,-0.01220703125,0.5615234375,0.048828125,0.1220703125,-0.03662109375,-0.10986328125,-0.35400390625,0.18310546875,0.048828125,-0.0244140625,-0.18310546875,0.84228515625,-0.2197265625,-0.45166015625,-0.15869140625,-0.52490234375
0,-0.57373046875,-0.390625,0.0732421875,-0.29296875,-0.341796875,-0.390625,0.01220703125,0,-0.09765625,-0.18310546875,-0.0244140625,-1.025390625,0.18310546875,0.86669921875,0.03662109375,-0.23193359375,0.048828125,5.11474609375,0.28076171875,4.84619140625,0.1220703125,7.80029296875,0.01220703125,3.7353515625,-0.4150390625,-0.13427734375,-0.08544921875,-0.76904296875,-0.439453125,0.9521484375,-0.13427734375,0.244140625,-0.03662109375,-0.25634765625,0.09765625,-0.830078125,-0.23193359375,-0.35400390625,0.1708984375,-0.67138671875,0.2197265625,-0.15869140625,-0.2197265625,-0.6103515625,0.25634765625,-0.09765625,-0.47607421875,0.9033203125,-0.37841796875,1.11083984375,0,0.50048828125,0.13427734375,-0.10986328125,-0.35400390625,0.78125,-0.18310546875,0.68359375,0.40283203125,0.47607421875,-0.78125,0.87890625,0.42724609375,0.1220703125,0.01220703125,0.23193359375,-0.341796875,1.06201171875,0.01220703125,0.2197265625,-0.30517578125,0.244140625,-0.2685546875,0.3173828125,-0.30517578125,0.8544921875,0.23193359375,0.048828125,-0.244140625,1.37939453125,-0.048828125,-0.9033203125,0.01220703125,-0.28076171875,-0.3173828125,-0.9521484375,-0.0732421875,-0.74462890625,0.1708984375,-1.45263671875,0.06103515625,-0.20751953125,0.50048828125,-0.30517578125,-0.03662109375,-1.28173828125,-0.2685546875,-0.732421875,-0.1220703125,-0.25634765625,0.048828125,-0.439453125,0.01220703125,0.25634765625,-0.0732421875,-0.7080078125,0.08544921875,-1.416015625,0.15869140625,-0.9765625,0.146484375,0.47607421875,-0.03662109375,0.67138671875,0,0.244140625,-0.08544921875,0,-0.45166015625,0.35400390625,0.03662109375,-0.048828125,-0.1953125,0.830078125,-0.2197265625,-0.4638671875,-0.15869140625,-0.537109375
0,-0.57373046875,-0.390625,0.0732421875,-0.28076171875,-0.341796875,-0.40283203125,0.048828125,0.0244140625,-0.09765625,-0.244140625,0.01220703125,-1.06201171875,0.20751953125,0.81787109375,-0.01220703125,-0.244140625,0.03662109375,4.931640625,0.2197265625,4.6630859375,0.1708984375,7.50732421875,-0.08544921875,3.57666015625,-0.40283203125,-0.146484375,-0.1220703125,-0.7568359375,-0.37841796875,0.96435546875,0.0244140625,0.23193359375,0.01220703125,-0.25634765625,0.08544921875,-0.8544921875,-0.25634765625,-0.341796875,0.15869140625,-0.69580078125,0.18310546875,-0.1953125,-0.2197265625,-0.62255859375,0.146484375,-0.1953125,-0.48828125,0.91552734375,-0.47607421875,1.11083984375,0.06103515625,0.50048828125,0.06103515625,-0.146484375,-0.37841796875,0.76904296875,-0.13427734375,0.68359375,0.390625,0.4638671875,-0.8544921875,0.8056640625,0.42724609375,0.1220703125,-0.13427734375,0.23193359375,-0.341796875,1.06201171875,-0.0244140625,0.23193359375,-0.3173828125,0.2197265625,-0.25634765625,0.3173828125,-0.29296875,0.8544921875,0.28076171875,0.03662109375,-0.29296875,1.37939453125,-0.048828125,-0.89111328125,-0.03662109375,-0.2685546875,-0.29296875,-0.9521484375,-0.09765625,-0.72021484375,0.18310546875,-1.42822265625,0.03662109375,-0.2197265625,0.32958984375,-0.3173828125,0.01220703125,-1.25732421875,-0.244140625,-0.6591796875,-0.01220703125,-0.1953125,-0.06103515625,-0.4150390625,0.08544921875,0.32958984375,-0.2197265625,-0.7080078125,0.06103515625,-1.416015625,0.0732421875,-1.01318359375,0.18310546875,0.47607421875,-0.048828125,0.8056640625,0.0244140625,0.3662109375,-0.08544921875,0.10986328125,-0.4638671875,0.47607421875,0.06103515625,-0.06103515625,-0.2197265625,0.81787109375,-0.20751953125,-0.45166015625,-0.1220703125,-0.537109375
0,-0.57373046875,-0.37841796875,0.06103515625,-0.2685546875,-0.3173828125,-0.4150390625,0.03662109375,0.0244140625,-0.1220703125,-0.2685546875,0.06103515625,-1.07421875,0.23193359375,0.927734375,-0.03662109375,-0.25634765625,0.0244140625,4.55322265625,0.1220703125,4.2724609375,0.13427734375,6.99462890625,-0.1708984375,3.28369140625,-0.3173828125,-0.15869140625,-0.15869140625,-0.76904296875,-0.30517578125,0.9765625,0.13427734375,0.25634765625,0.048828125,-0.28076171875,0.0732421875,-0.8544921875,-0.28076171875,-0.341796875,0.048828125,-0.69580078125,0.06103515625,-0.20751953125,-0.1708984375,-0.6103515625,-0.0244140625,-0.29296875,-0.59814453125,0.93994140625,-0.537109375,1.123046875,0.1220703125,0.47607421875,0.01220703125,-0.15869140625,-0.439453125,0.76904296875,-0.1708984375,0.68359375,0.37841796875,0.4638671875,-0.9765625,0.72021484375,0.4150390625,0.1220703125,-0.25634765625,0.244140625,-0.30517578125,1.07421875,-0.048828125,0.25634765625,-0.32958984375,0.244140625,-0.25634765625,0.3173828125,-0.28076171875,0.86669921875,0.2685546875,0.03662109375,-0.3173828125,1.3671875,-0.08544921875,-0.91552734375,-0.09765625,-0.244140625,-0.2197265625,-0.9521484375,-0.08544921875,-0.72021484375,0.18310546875,-1.42822265625,0.0244140625,-0.2197265625,0.146484375,-0.341796875,0.048828125,-1.26953125,-0.20751953125,-0.5859375,0.08544921875,-0.1220703125,-0.18310546875,-0.40283203125,0.09765625,0.390625,-0.244140625,-0.7080078125,-0.0244140625,-1.3916015625,-0.048828125,-1.01318359375,0.20751953125,0.48828125,0,0.89111328125,0.10986328125,0.47607421875,-0.03662109375,0.20751953125,-0.37841796875,0.54931640625,0.06103515625,-0.06103515625,-0.2197265625,0.84228515625,-0.1708984375,-0.42724609375,-0.09765625,-0.54931640625
0,-0.57373046875,-0.37841796875,0.0732421875,-0.25634765625,-0.32958984375,-0.4150390625,0.0244140625,0.0244140625,-0.146484375,-0.25634765625,0.1220703125,-1.07421875,0.25634765625,1.06201171875,-0.048828125,-0.25634765625,0.03662109375,4.00390625,0.0732421875,3.74755859375,0.06103515625,6.298828125,-0.23193359375,2.84423828125,-0.18310546875,-0.13427734375,-0.20751953125,-0.7568359375,-0.1953125,0.9521484375,0.15869140625,0.25634765625,0.09765625,-0.2685546875,0.01220703125,-0.8544921875,-0.29296875,-0.341796875,-0.03662109375,-0.67138671875,-0.06103515625,-0.18310546875,-0.13427734375,-0.62255859375,-0.1953125,-0.40283203125,-0.69580078125,0.9521484375,-0.537109375,1.15966796875,0.15869140625,0.47607421875,-0.0244140625,-0.146484375,-0.47607421875,0.7568359375,-0.1708984375,0.68359375,0.3173828125,0.4638671875,-0.9521484375,0.634765625,0.341796875,0.09765625,-0.30517578125,0.2197265625,-0.25634765625,1.0498046875,-0.0732421875,0.25634765625,-0.3173828125,0.23193359375,-0.25634765625,0.30517578125,-0.28076171875,0.84228515625,0.244140625,0.06103515625,-0.28076171875,1.3671875,-0.09765625,-0.91552734375,-0.09765625,-0.2197265625,-0.1953125,-0.9521484375,-0.03662109375,-0.7080078125,0.15869140625,-1.4404296875,0.03662109375,-0.23193359375,-0.03662109375,-0.32958984375,0.06103515625,-1.25732421875,-0.20751953125,-0.50048828125,0.1708984375,-0.10986328125,-0.23193359375,-0.390625,0.09765625,0.4150390625,-0.1953125,-0.68359375,-0.146484375,-1.416015625,-0.146484375,-1.03759765625,0.1953125,0.5126953125,-0.048828125,1.025390625,0.06103515625,0.5859375,-0.08544921875,0.29296875,-0.45166015625,0.57373046875,0.048828125,-0.06103515625,-0.20751953125,0.84228515625,-0.1708984375,-0.4150390625,-0.08544921875,-0.54931640625
0,-0.5859375,-0.37841796875,0.06103515625,-0.25634765625,-0.29296875,-0.40283203125,0.06103515625,0.0244140625,-0.15869140625,-0.1953125,0.1708984375,-1.03759765625,0.25634765625,1.33056640625,-0.10986328125,-0.20751953125,0.0732421875,3.30810546875,0,3.1005859375,-0.03662109375,5.4931640625,-0.29296875,2.3193359375,-0.06103515625,-0.1220703125,-0.20751953125,-0.76904296875,-0.0732421875,0.9521484375,0.1220703125,0.244140625,0.1220703125,-0.29296875,0,-0.8544921875,-0.30517578125,-0.35400390625,-0.1220703125,-0.67138671875,-0.25634765625,-0.1708984375,-0.10986328125,-0.62255859375,-0.244140625,-0.47607421875,-0.69580078125,0.9521484375,-0.4638671875,1.171875,0.2197265625,0.47607421875,-0.01220703125,-0.15869140625,-0.47607421875,0.74462890625,-0.1953125,0.67138671875,0.25634765625,0.47607421875,-0.927734375,0.54931640625,0.244140625,0.08544921875,-0.3662109375,0.244140625,-0.20751953125,1.07421875,-0.09765625,0.23193359375,-0.28076171875,0.23193359375,-0.25634765625,0.30517578125,-0.28076171875,0.89111328125,0.2197265625,0.048828125,-0.244140625,1.35498046875,-0.15869140625,-0.93994140625,-0.08544921875,-0.23193359375,-0.15869140625,-0.93994140625,0.0244140625,-0.74462890625,0.10986328125,-1.4404296875,0.01220703125,-0.244140625,-0.146484375,-0.32958984375,0.0244140625,-1.220703125,-0.20751953125,-0.4638671875,0.18310546875,-0.10986328125,-0.28076171875,-0.390625,0.06103515625,0.40283203125,-0.06103515625,-0.68359375,-0.28076171875,-1.416015625,-0.1953125,-1.03759765625,0.1953125,0.50048828125,-0.0732421875,1.11083984375,0.048828125,0.69580078125,-0.08544921875,0.40283203125,-0.439453125,0.5615234375,0.01220703125,-0.0732421875,-0.18310546875,0.830078125,-0.146484375,-0.4150390625,-0.0732421875,-0.537109375
0,-0.57373046875,-0.37841796875,0.03662109375,-0.244140625,-0.30517578125,-0.390625,0.06103515625,0.06103515625,-0.146484375,-0.0732421875,0.18310546875,-0.96435546875,0.25634765625,1.72119140625,-0.13427734375,-0.1220703125,0.1220703125,2.5146484375,-0.1220703125,2.392578125,-0.18310546875,4.52880859375,-0.32958984375,1.69677734375,0.0732421875,-0.10986328125,-0.18310546875,-0.76904296875,0.03662109375,0.9521484375,0.048828125,0.2685546875,0.048828125,-0.29296875,-0.0244140625,-0.830078125,-0.341796875,-0.35400390625,-0.1708984375,-0.69580078125,-0.341796875,-0.1708984375,-0.09765625,-0.6591796875,-0.32958984375,-0.52490234375,-0.7080078125,0.91552734375,-0.45166015625,1.23291015625,0.2685546875,0.47607421875,0.03662109375,-0.13427734375,-0.439453125,0.74462890625,-0.244140625,0.6591796875,0.20751953125,0.50048828125,-0.9033203125,0.48828125,0.23193359375,0.10986328125,-0.40283203125,0.25634765625,-0.1220703125,1.08642578125,-0.13427734375,0.244140625,-0.25634765625,0.23193359375,-0.2685546875,0.341796875,-0.244140625,0.9033203125,0.146484375,0.08544921875,-0.15869140625,1.3427734375,-0.18310546875,-0.9521484375,-0.048828125,-0.244140625,-0.146484375,-0.9521484375,0.06103515625,-0.74462890625,0.0732421875,-1.46484375,-0.03662109375,-0.25634765625,-0.13427734375,-0.28076171875,-0.06103515625,-1.220703125,-0.15869140625,-0.439453125,0.13427734375,-0.1708984375,-0.2197265625,-0.42724609375,0.0244140625,0.35400390625,0.09765625,-0.68359375,-0.3662109375,-1.42822265625,-0.23193359375,-1.03759765625,0.15869140625,0.4638671875,-0.06103515625,1.1962890625,0.06103515625,0.8056640625,-0.08544921875,0.4638671875,-0.4150390625,0.5615234375,0,-0.048828125,-0.15869140625,0.8544921875,-0.15869140625,-0.42724609375,-0.03662109375,-0.52490234375
0,-0.57373046875,-0.390625,0.0244140625,-0.25634765625,-0.32958984375,-0.390625,0.08544921875,0.03662109375,-0.13427734375,0.06103515625,0.18310546875,-0.81787109375,0.23193359375,2.2216796875,-0.18310546875,0,0.1220703125,1.72119140625,-0.1953125,1.69677734375,-0.341796875,3.5888671875,-0.35400390625,1.08642578125,0.1708984375,-0.10986328125,-0.13427734375,-0.78125,0.10986328125,0.9521484375,-0.048828125,0.244140625,-0.06103515625,-0.29296875,-0.0244140625,-0.830078125,-0.341796875,-0.3662109375,-0.1708984375,-0.68359375,-0.341796875,-0.1708984375,-0.146484375,-0.64697265625,-0.29296875,-0.5126953125,-0.6591796875,0.8544921875,-0.341796875,1.26953125,0.28076171875,0.48828125,0.09765625,-0.13427734375,-0.390625,0.74462890625,-0.35400390625,0.67138671875,0.13427734375,0.5126953125,-0.79345703125,0.4638671875,0.2197265625,0.10986328125,-0.439453125,0.2685546875,-0.06103515625,1.07421875,-0.146484375,0.2685546875,-0.20751953125,0.2197265625,-0.2685546875,0.32958984375,-0.1708984375,0.91552734375,0.13427734375,0.09765625,-0.08544921875,1.35498046875,-0.18310546875,-0.96435546875,0.0244140625,-0.28076171875,-0.15869140625,-0.9765625,0.09765625,-0.74462890625,0.048828125,-1.47705078125,-0.09765625,-0.25634765625,-0.0732421875,-0.244140625,-0.13427734375,-1.23291015625,-0.1220703125,-0.47607421875,0.0732421875,-0.28076171875,-0.1708984375,-0.48828125,-0.08544921875,0.3173828125,0.2685546875,-0.69580078125,-0.37841796875,-1.4404296875,-0.20751953125,-1.03759765625,0.13427734375,0.4638671875,-0.048828125,1.28173828125,0.06103515625,0.89111328125,-0.08544921875,0.52490234375,-0.37841796875,0.5615234375,0,-0.048828125,-0.1220703125,0.84228515625,-0.1708984375,-0.45166015625,-0.03662109375,-0.5126953125
0,-0.57373046875,-0.390625,0.0244140625,-0.25634765625,-0.32958984375,-0.390625,0.09765625,0.048828125,-0.15869140625,0.29296875,0.20751953125,-0.67138671875,0.09765625,2.7587890625,-0.23193359375,0.18310546875,0.08544921875,0.93994140625,-0.20751953125,1.01318359375,-0.439453125,2.685546875,-0.40283203125,0.47607421875,0.18310546875,-0.10986328125,-0.0244140625,-0.78125,0.146484375,0.96435546875,-0.08544921875,0.244140625,-0.13427734375,-0.29296875,0.0244140625,-0.84228515625,-0.3662109375,-0.37841796875,-0.18310546875,-0.68359375,-0.2685546875,-0.15869140625,-0.23193359375,-0.6591796875,-0.35400390625,-0.50048828125,-0.5859375,0.79345703125,-0.3173828125,1.25732421875,0.25634765625,0.47607421875,0.1220703125,-0.13427734375,-0.341796875,0.7568359375,-0.5126953125,0.67138671875,0.08544921875,0.47607421875,-0.74462890625,0.45166015625,0.2685546875,0.1220703125,-0.439453125,0.2685546875,0.01220703125,1.0986328125,-0.1708984375,0.2685546875,-0.18310546875,0.2197265625,-0.28076171875,0.35400390625,-0.1220703125,0.927734375,0.10986328125,0.09765625,-0.0244140625,1.3427734375,-0.1220703125,-0.9521484375,0.048828125,-0.28076171875,-0.1953125,-0.98876953125,0.08544921875,-0.7568359375,0.048828125,-1.4892578125,-0.15869140625,-0.2685546875,0.0244140625,-0.2197265625,-0.18310546875,-1.20849609375,-0.048828125,-0.54931640625,0.0244140625,-0.37841796875,-0.09765625,-0.537109375,-0.1708984375,0.244140625,0.35400390625,-0.69580078125,-0.25634765625,-1.416015625,-0.18310546875,-1.03759765625,0.06103515625,0.45166015625,-0.06103515625,1.35498046875,0.0732421875,0.96435546875,-0.06103515625,0.5615234375,-0.35400390625,0.6103515625,0,-0.048828125,-0.10986328125,0.81787109375,-0.1708984375,-0.4638671875,-0.0244140625,-0.52490234375
0,-0.5615234375,-0.37841796875,0.03662109375,-0.25634765625,-0.30517578125,-0.37841796875,0.1220703125,0.048828125,-0.1708984375,0.5126953125,0.18310546875,-0.50048828125,0.06103515625,3.41796875,-0.2685546875,0.42724609375,0.01220703125,0.2197265625,-0.18310546875,0.4150390625,-0.48828125,1.84326171875,-0.4150390625,-0.08544921875,0.18310546875,-0.08544921875,0.0732421875,-0.78125,0.1220703125,0.96435546875,-0.09765625,0.25634765625,-0.2685546875,-0.28076171875,0.01220703125,-0.830078125,-0.35400390625,-0.37841796875,-0.13427734375,-0.69580078125,-0.13427734375,-0.146484375,-0.3173828125,-0.68359375,-0.40283203125,-0.4638671875,-0.6103515625,0.72021484375,-0.23193359375,1.25732421875,0.18310546875,0.48828125,0.146484375,-0.13427734375,-0.29296875,0.78125,-0.69580078125,0.64697265625,0,0.48828125,-0.6591796875,0.5126953125,0.29296875,0.146484375,-0.42724609375,0.28076171875,0.0732421875,1.11083984375,-0.15869140625,0.2685546875,-0.13427734375,0.244140625,-0.2685546875,0.35400390625,-0.08544921875,0.91552734375,0.0732421875,0.0732421875,0.0244140625,1.3916015625,-0.03662109375,-0.93994140625,0.048828125,-0.29296875,-0.244140625,-0.98876953125,0.10986328125,-0.76904296875,0.08544921875,-1.4892578125,-0.20751953125,-0.23193359375,0.1708984375,-0.20751953125,-0.15869140625,-1.2451171875,-0.0732421875,-0.67138671875,0.06103515625,-0.50048828125,-0.03662109375,-0.6103515625,-0.23193359375,0.1708984375,0.390625,-0.7080078125,-0.10986328125,-1.42822265625,-0.13427734375,-1.01318359375,0,0.439453125,-0.06103515625,1.40380859375,0.048828125,1.025390625,-0.08544921875,0.5859375,-0.32958984375,0.6591796875,0,-0.0244140625,-0.09765625,0.81787109375,-0.15869140625,-0.47607421875,0.03662109375,-0.52490234375
0,-0.54931640625,-0.390625,-0.01220703125,-0.2685546875,-0.28076171875,-0.3662109375,0.13427734375,0.06103515625,-0.146484375,0.72021484375,0.1953125,-0.28076171875,0.1220703125,4.052734375,-0.28076171875,0.67138671875,-0.048828125,-0.40283203125,-0.09765625,-0.1220703125,-0.4638671875,1.15966796875,-0.40283203125,-0.54931640625,0.18310546875,-0.10986328125,0.15869140625,-0.76904296875,0.06103515625,0.9521484375,-0.10986328125,0.25634765625,-0.3173828125,-0.28076171875,0.08544921875,-0.830078125,-0.32958984375,-0.390625,-0.10986328125,-0.69580078125,0.06103515625,-0.15869140625,-0.390625,-0.68359375,-0.3662109375,-0.40283203125,-0.6103515625,0.6103515625,-0.15869140625,1.25732421875,0.146484375,0.48828125,0.2197265625,-0.09765625,-0.2685546875,0.76904296875,-0.81787109375,0.67138671875,-0.06103515625,0.47607421875,-0.5615234375,0.54931640625,0.35400390625,0.146484375,-0.4150390625,0.30517578125,0.13427734375,1.11083984375,-0.1220703125,0.25634765625,-0.13427734375,0.2685546875,-0.2685546875,0.3662109375,-0.06103515625,0.9033203125,0.0732421875,0.0732421875,0.048828125,1.3916015625,0,-0.927734375,0.03662109375,-0.28076171875,-0.244140625,-0.9765625,0.08544921875,-0.7568359375,0.1220703125,-1.50146484375,-0.2197265625,-0.23193359375,0.28076171875,-0.2197265625,-0.13427734375,-1.2451171875,-0.08544921875,-0.78125,-0.01220703125,-0.5859375,0.03662109375,-0.634765625,-0.29296875,0.09765625,0.3173828125,-0.72021484375,0.048828125,-1.4404296875,-0.06103515625,-0.98876953125,-0.06103515625,0.45166015625,-0.0732421875,1.3916015625,0.048828125,1.07421875,-0.06103515625,0.5859375,-0.30517578125,0.72021484375,-0.01220703125,-0.06103515625,-0.08544921875,0.81787109375,-0.146484375,-0.47607421875,0.08544921875,-0.5126953125
0,-0.54931640625,-0.390625,0,-0.244140625,-0.2685546875,-0.37841796875,0.13427734375,0.06103515625,-0.15869140625,0.91552734375,0.2197265625,-0.09765625,0.15869140625,4.62646484375,-0.2685546875,0.91552734375,-0.08544921875,-0.86669921875,0,-0.48828125,-0.3662109375,0.5859375,-0.40283203125,-0.9033203125,0.10986328125,-0.1220703125,0.1708984375,-0.76904296875,-0.0244140625,0.96435546875,-0.08544921875,0.244140625,-0.28076171875,-0.28076171875,0.15869140625,-0.81787109375,-0.25634765625,-0.40283203125,-0.06103515625,-0.69580078125,0.23193359375,-0.146484375,-0.390625,-0.68359375,-0.3173828125,-0.37841796875,-0.57373046875,0.5615234375,-0.1220703125,1.220703125,0.08544921875,0.50048828125,0.23193359375,-0.1220703125,-0.30517578125,0.78125,-0.87890625,0.6591796875,-0.09765625,0.4638671875,-0.45166015625,0.62255859375,0.4150390625,0.13427734375,-0.390625,0.32958984375,0.13427734375,1.13525390625,-0.0732421875,0.25634765625,-0.13427734375,0.28076171875,-0.244140625,0.35400390625,-0.048828125,0.91552734375,0.048828125,0.048828125,0.0732421875,1.40380859375,0.0244140625,-0.927734375,0,-0.29296875,-0.2685546875,-0.96435546875,0.0732421875,-0.74462890625,0.13427734375,-1.4892578125,-0.1708984375,-0.2197265625,0.35400390625,-0.23193359375,-0.048828125,-1.25732421875,-0.10986328125,-0.87890625,-0.0244140625,-0.634765625,0.08544921875,-0.6591796875,-0.244140625,0.03662109375,0.23193359375,-0.732421875,0.15869140625,-1.42822265625,-0.0244140625,-1.01318359375,-0.10986328125,0.4638671875,-0.0732421875,1.3916015625,0.03662109375,1.11083984375,-0.048828125,0.59814453125,-0.29296875,0.76904296875,0.0244140625,-0.048828125,-0.048828125,0.8056640625,-0.146484375,-0.48828125,0.13427734375,-0.5126953125
0,-0.5615234375,-0.37841796875,-0.01220703125,-0.23193359375,-0.28076171875,-0.40283203125,0.1220703125,0.06103515625,-0.18310546875,1.07421875,0.244140625,0.08544921875,0.15869140625,5.126953125,-0.23193359375,1.13525390625,-0.09765625,-1.1962890625,0.08544921875,-0.7568359375,-0.20751953125,0.23193359375,-0.35400390625,-1.15966796875,0.0732421875,-0.13427734375,0.146484375,-0.7568359375,-0.1220703125,0.9521484375,-0.06103515625,0.25634765625,-0.2197265625,-0.2685546875,0.23193359375,-0.84228515625,-0.20751953125,-0.4150390625,-0.03662109375,-0.69580078125,0.3662109375,-0.146484375,-0.390625,-0.6591796875,-0.25634765625,-0.341796875,-0.5859375,0.47607421875,-0.18310546875,1.20849609375,0.01220703125,0.5126953125,0.1953125,-0.13427734375,-0.32958984375,0.79345703125,-0.91552734375,0.6591796875,-0.15869140625,0.45166015625,-0.32958984375,0.67138671875,0.50048828125,0.13427734375,-0.32958984375,0.32958984375,0.1953125,1.1474609375,-0.0244140625,0.25634765625,-0.1708984375,0.25634765625,-0.146484375,0.3662109375,-0.03662109375,0.9033203125,0.0244140625,0.03662109375,0.08544921875,1.3916015625,0.03662109375,-0.93994140625,-0.0244140625,-0.30517578125,-0.2685546875,-0.96435546875,0.03662109375,-0.7568359375,0.1220703125,-1.4892578125,-0.10986328125,-0.20751953125,0.32958984375,-0.28076171875,0.06103515625,-1.26953125,-0.2685546875,-0.927734375,-0.0732421875,-0.68359375,0.048828125,-0.68359375,-0.2197265625,0,0.15869140625,-0.732421875,0.244140625,-1.4404296875,0.0244140625,-1.0009765625,-0.08544921875,0.48828125,-0.0732421875,1.35498046875,0.048828125,1.0986328125,-0.06103515625,0.5859375,-0.2197265625,0.78125,0.03662109375,-0.03662109375,-0.048828125,0.81787109375,-0.15869140625,-0.45166015625,0.15869140625,-0.50048828125
0,-0.537109375,-0.35400390625,0.0244140625,-0.25634765625,-0.2685546875,-0.40283203125,0.1220703125,0.048828125,-0.1953125,1.18408203125,0.25634765625,0.20751953125,0.13427734375,5.52978515625,-0.20751953125,1.318359375,-0.08544921875,-1.3671875,0.18310546875,-0.9033203125,-0.03662109375,0.0244140625,-0.2685546875,-1.28173828125,0.03662109375,-0.13427734375,0.08544921875,-0.76904296875,-0.20751953125,0.96435546875,-0.1220703125,0.25634765625,-0.1220703125,-0.28076171875,0.30517578125,-0.8544921875,-0.146484375,-0.42724609375,0.01220703125,-0.69580078125,0.40283203125,-0.1708984375,-0.35400390625,-0.6591796875,-0.10986328125,-0.3662109375,-0.50048828125,0.42724609375,-0.25634765625,1.20849609375,-0.08544921875,0.48828125,0.1220703125,-0.15869140625,-0.4150390625,0.78125,-0.9033203125,0.67138671875,-0.244140625,0.45166015625,-0.1708984375,0.732421875,0.5859375,0.13427734375,-0.23193359375,0.341796875,0.244140625,1.13525390625,-0.01220703125,0.23193359375,-0.18310546875,0.28076171875,-0.06103515625,0.35400390625,-0.0732421875,0.87890625,0.03662109375,0.0244140625,0.06103515625,1.40380859375,0.01220703125,-0.927734375,-0.0244140625,-0.29296875,-0.28076171875,-0.93994140625,0.01220703125,-0.732421875,0.1220703125,-1.4892578125,-0.06103515625,-0.20751953125,0.23193359375,-0.28076171875,0.1708984375,-1.2451171875,-0.37841796875,-0.93994140625,-0.1220703125,-0.67138671875,-0.0244140625,-0.6591796875,-0.13427734375,-0.03662109375,0.10986328125,-0.72021484375,0.23193359375,-1.416015625,0.03662109375,-1.0009765625,-0.0244140625,0.48828125,-0.06103515625,1.30615234375,0.048828125,1.0498046875,-0.06103515625,0.5859375,-0.146484375,0.79345703125,0.03662109375,-0.0732421875,-0.0244140625,0.81787109375,-0.146484375,-0.4638671875,0.1708984375,-0.50048828125
0,-0.48828125,-0.35400390625,0,-0.23193359375,-0.23193359375,-0.390625,0.09765625,0.06103515625,-0.20751953125,1.28173828125,0.2685546875,0.28076171875,0.08544921875,5.79833984375,-0.1708984375,1.42822265625,-0.03662109375,-1.45263671875,0.23193359375,-0.96435546875,0.09765625,-0.03662109375,-0.20751953125,-1.2939453125,0,-0.13427734375,0.0244140625,-0.74462890625,-0.28076171875,0.96435546875,-0.146484375,0.2685546875,-0.048828125,-0.2685546875,0.3662109375,-0.8544921875,-0.048828125,-0.42724609375,0.0244140625,-0.7080078125,0.40283203125,-0.18310546875,-0.29296875,-0.634765625,-0.048828125,-0.3662109375,-0.50048828125,0.439453125,-0.35400390625,1.220703125,-0.146484375,0.52490234375,0.048828125,-0.18310546875,-0.47607421875,0.74462890625,-0.8544921875,0.67138671875,-0.30517578125,0.45166015625,-0.048828125,0.74462890625,0.6103515625,0.1220703125,-0.08544921875,0.35400390625,0.244140625,1.123046875,0.0244140625,0.2197265625,-0.18310546875,0.28076171875,0.048828125,0.35400390625,-0.01220703125,0.9033203125,0.048828125,0.01220703125,0.0244140625,1.3916015625,0,-0.87890625,0.01220703125,-0.29296875,-0.25634765625,-0.9521484375,-0.0732421875,-0.732421875,0.08544921875,-1.47705078125,0.03662109375,-0.1953125,0.13427734375,-0.28076171875,0.3173828125,-1.220703125,-0.4638671875,-0.9033203125,-0.0732421875,-0.64697265625,-0.06103515625,-0.634765625,0.0244140625,-0.01220703125,0.1220703125,-0.7080078125,0.18310546875,-1.42822265625,0.03662109375,-1.01318359375,0.08544921875,0.50048828125,-0.09765625,1.2451171875,0.0244140625,1.0009765625,-0.08544921875,0.5615234375,-0.20751953125,0.732421875,0.03662109375,-0.08544921875,-0.0244140625,0.81787109375,-0.09765625,-0.4638671875,0.1953125,-0.50048828125
1,-0.537109375,-0.32958984375,0.01220703125,-0.25634765625,-0.23193359375,-0.4150390625,0.08544921875,0.03662109375,-0.23193359375,1.30615234375,0.30517578125,0.341796875,0.10986328125,5.94482421875,-0.1220703125,1.513671875,0.0244140625,-1.416015625,0.29296875,-0.9033203125,0.20751953125,0.03662109375,-0.13427734375,-1.25732421875,-0.0244140625,-0.13427734375,-0.06103515625,-0.76904296875,-0.29296875,0.9521484375,-0.1953125,0.25634765625,0.03662109375,-0.29296875,0.4638671875,-0.86669921875,-0.0244140625,-0.439453125,0.048828125,-0.72021484375,0.3662109375,-0.1953125,-0.20751953125,-0.64697265625,-0.06103515625,-0.42724609375,-0.5615234375,0.439453125,-0.50048828125,1.23291015625,-0.1708984375,0.48828125,-0.048828125,-0.18310546875,-0.45166015625,0.732421875,-0.7568359375,0.68359375,-0.341796875,0.45166015625,0.0244140625,0.74462890625,0.6103515625,0.1220703125,0.09765625,0.3662109375,0.1953125,1.11083984375,0.06103515625,0.20751953125,-0.146484375,0.2685546875,0.08544921875,0.32958984375,-0.01220703125,0.89111328125,0.06103515625,0.01220703125,-0.0244140625,1.3916015625,-0.06103515625,-0.89111328125,0.03662109375,-0.28076171875,-0.23193359375,-0.9521484375,-0.1708984375,-0.72021484375,0.048828125,-1.46484375,0.13427734375,-0.20751953125,0.048828125,-0.28076171875,0.42724609375,-1.1962890625,-0.54931640625,-0.8544921875,-0.146484375,-0.5859375,-0.09765625,-0.59814453125,0.08544921875,0,0.1220703125,-0.69580078125,0.10986328125,-1.416015625,0.01220703125,-1.01318359375,0.1708984375,0.5126953125,-0.048828125,1.18408203125,0.06103515625,0.93994140625,-0.0244140625,0.52490234375,-0.1708984375,0.67138671875,0.03662109375,-0.09765625,-0.03662109375,0.84228515625,-0.03662109375,-0.45166015625,0.18310546875,-0.47607421875
1,-0.50048828125,-0.32958984375,-0.03662109375,-0.2685546875,-0.2197265625,-0.390625,0.048828125,0.0244140625,-0.23193359375,1.30615234375,0.3173828125,0.32958984375,0.08544921875,5.99365234375,-0.0732421875,1.52587890625,0.08544921875,-1.30615234375,0.28076171875,-0.84228515625,0.1708984375,0.1953125,-0.15869140625,-1.15966796875,-0.03662109375,-0.1220703125,-0.10986328125,-0.7568359375,-0.29296875,0.96435546875,-0.2197265625,0.2685546875,0.08544921875,-0.30517578125,0.50048828125,-0.86669921875,-0.03662109375,-0.45166015625,0.048828125,-0.7080078125,0.3173828125,-0.20751953125,-0.146484375,-0.634765625,-0.048828125,-0.45166015625,-0.5859375,0.48828125,-0.64697265625,1.25732421875,-0.1708984375,0.47607421875,-0.13427734375,-0.1953125,-0.45166015625,0.732421875,-0.59814453125,0.6591796875,-0.390625,0.47607421875,0.09765625,0.72021484375,0.6103515625,0.13427734375,0.18310546875,0.3662109375,0.18310546875,1.08642578125,0.0732421875,0.20751953125,-0.08544921875,0.2685546875,0.1220703125,0.341796875,0.0244140625,0.9033203125,0.0732421875,0.01220703125,-0.08544921875,1.3916015625,-0.13427734375,-0.9033203125,0.048828125,-0.28076171875,-0.25634765625,-0.93994140625,-0.2685546875,-0.7080078125,0.0244140625,-1.47705078125,0.2197265625,-0.23193359375,-0.06103515625,-0.28076171875,0.45166015625,-1.15966796875,-0.47607421875,-0.78125,-0.2197265625,-0.52490234375,-0.08544921875,-0.57373046875,0.18310546875,0.03662109375,0.1220703125,-0.68359375,-0.03662109375,-1.42822265625,0,-1.025390625,0.244140625,0.50048828125,-0.06103515625,1.13525390625,0.0244140625,0.87890625,-0.06103515625,0.50048828125,-0.244140625,0.57373046875,0.03662109375,-0.08544921875,0.0244140625,0.86669921875,-0.01220703125,-0.439453125,0.1708984375,-0.48828125
1,-0.45166015625,-0.35400390625,-0.048828125,-0.2685546875,-0.20751953125,-0.40283203125,0.0244140625,0.03662109375,-0.25634765625,1.25732421875,0.30517578125,0.30517578125,0,5.87158203125,-0.03662109375,1.50146484375,0.13427734375,-1.171875,0.28076171875,-0.732421875,0.20751953125,0.390625,-0.048828125,-1.03759765625,-0.03662109375,-0.10986328125,-0.18310546875,-0.76904296875,-0.28076171875,0.927734375,-0.20751953125,0.25634765625,0.06103515625,-0.32958984375,0.5126953125,-0.86669921875,-0.03662109375,-0.439453125,0.01220703125,-0.732421875,0.2197265625,-0.23193359375,-0.10986328125,-0.6591796875,-0.09765625,-0.48828125,-0.6103515625,0.54931640625,-0.732421875,1.28173828125,-0.1708984375,0.4638671875,-0.244140625,-0.1953125,-0.40283203125,0.74462890625,-0.48828125,0.64697265625,-0.4638671875,0.48828125,0.1220703125,0.67138671875,0.45166015625,0.10986328125,0.25634765625,0.35400390625,0.18310546875,1.07421875,0.0732421875,0.1953125,-0.048828125,0.25634765625,0.10986328125,0.341796875,0.03662109375,0.91552734375,0.1220703125,0.01220703125,-0.09765625,1.3916015625,-0.1708984375,-0.9033203125,0.03662109375,-0.2685546875,-0.29296875,-0.91552734375,-0.341796875,-0.7080078125,0.01220703125,-1.47705078125,0.23193359375,-0.25634765625,-0.08544921875,-0.25634765625,0.42724609375,-1.15966796875,-0.45166015625,-0.732421875,-0.29296875,-0.47607421875,-0.0244140625,-0.5615234375,0.20751953125,0.048828125,0.13427734375,-0.68359375,-0.15869140625,-1.40380859375,0.01220703125,-1.0498046875,0.32958984375,0.4638671875,-0.10986328125,1.08642578125,-0.0244140625,0.78125,-0.1220703125,0.47607421875,-0.341796875,0.47607421875,0.06103515625,-0.08544921875,0.048828125,0.87890625,0.01220703125,-0.439453125,0.15869140625,-0.50048828125
1,-0.45166015625,-0.3662109375,-0.048828125,-0.2685546875,-0.20751953125,-0.40283203125,0,0.03662109375,-0.20751953125,1.1962890625,0.2685546875,0.25634765625,-0.048828125,5.70068359375,-0.03662109375,1.42822265625,0.18310546875,-1.03759765625,0.29296875,-0.634765625,0.1953125,0.54931640625,0.048828125,-0.927734375,-0.06103515625,-0.1220703125,-0.1953125,-0.7568359375,-0.20751953125,0.9521484375,-0.15869140625,0.244140625,0.03662109375,-0.32958984375,0.5126953125,-0.87890625,-0.06103515625,-0.439453125,-0.0244140625,-0.732421875,0.15869140625,-0.25634765625,-0.1220703125,-0.67138671875,-0.15869140625,-0.50048828125,-0.54931640625,0.59814453125,-0.7080078125,1.2451171875,-0.13427734375,0.48828125,-0.3173828125,-0.15869140625,-0.341796875,0.74462890625,-0.341796875,0.6591796875,-0.537109375,0.5126953125,0.08544921875,0.634765625,0.3662109375,0.1220703125,0.29296875,0.32958984375,0.1953125,1.0498046875,0.048828125,0.1953125,0.0244140625,0.244140625,0.09765625,0.32958984375,0.0244140625,0.89111328125,0.08544921875,0.0244140625,-0.09765625,1.3916015625,-0.18310546875,-0.9033203125,0,-0.25634765625,-0.30517578125,-0.927734375,-0.341796875,-0.72021484375,0,-1.47705078125,0.1953125,-0.25634765625,-0.048828125,-0.2197265625,0.32958984375,-1.123046875,-0.3662109375,-0.67138671875,-0.3662109375,-0.439453125,-0.0244140625,-0.537109375,0.1953125,0.06103515625,0.0732421875,-0.67138671875,-0.23193359375,-1.416015625,0.0244140625,-1.0498046875,0.35400390625,0.45166015625,-0.048828125,1.03759765625,0.01220703125,0.69580078125,-0.0244140625,0.4150390625,-0.244140625,0.390625,0.048828125,-0.0732421875,0.048828125,0.87890625,0,-0.439453125,0.15869140625,-0.50048828125
1,-0.40283203125,-0.3662109375,-0.01220703125,-0.30517578125,-0.1708984375,-0.4150390625,-0.0244140625,0.048828125,-0.1953125,1.11083984375,0.244140625,0.15869140625,-0.0732421875,5.46875,-0.06103515625,1.318359375,0.15869140625,-0.93994140625,0.25634765625,-0.57373046875,0.146484375,0.69580078125,0.08544921875,-0.84228515625,-0.09765625,-0.09765625,-0.1708984375,-0.7568359375,-0.146484375,0.9521484375,-0.03662109375,0.23193359375,0.0244140625,-0.32958984375,0.52490234375,-0.86669921875,-0.09765625,-0.439453125,-0.06103515625,-0.72021484375,0.08544921875,-0.244140625,-0.1708984375,-0.68359375,-0.15869140625,-0.48828125,-0.50048828125,0.62255859375,-0.68359375,1.23291015625,-0.06103515625,0.48828125,-0.32958984375,-0.146484375,-0.29296875,0.7568359375,-0.3173828125,0.64697265625,-0.54931640625,0.5126953125,0.03662109375,0.5615234375,0.28076171875,0.13427734375,0.341796875,0.29296875,0.13427734375,1.06201171875,0.0244140625,0.18310546875,0.08544921875,0.2685546875,0.0732421875,0.32958984375,0.09765625,0.93994140625,0.09765625,0.03662109375,-0.13427734375,1.37939453125,-0.2197265625,-0.91552734375,-0.0732421875,-0.28076171875,-0.30517578125,-0.93994140625,-0.28076171875,-0.732421875,0.01220703125,-1.50146484375,0.1220703125,-0.28076171875,0.01220703125,-0.1953125,0.15869140625,-1.11083984375,-0.2685546875,-0.67138671875,-0.4150390625,-0.37841796875,-0.0244140625,-0.537109375,0.146484375,0.08544921875,-0.01220703125,-0.69580078125,-0.2685546875,-1.4404296875,-0.01220703125,-1.03759765625,0.3662109375,0.439453125,-0.06103515625,0.9765625,-0.03662109375,0.59814453125,-0.048828125,0.3662109375,-0.25634765625,0.29296875,0.0732421875,-0.048828125,0.03662109375,0.9033203125,-0.0244140625,-0.439453125,0.1708984375,-0.5126953125
1,-0.37841796875,-0.37841796875,-0.01220703125,-0.30517578125,-0.18310546875,-0.4150390625,-0.0244140625,0.048828125,-0.1953125,1.0498046875,0.25634765625,0.09765625,-0.08544921875,5.17578125,-0.06103515625,1.171875,0.0732421875,-0.89111328125,0.29296875,-0.52490234375,0.048828125,0.74462890625,0.13427734375,-0.79345703125,-0.1220703125,-0.10986328125,-0.1220703125,-0.76904296875,-0.09765625,0.96435546875,0.09765625,0.23193359375,-0.0244140625,-0.341796875,0.50048828125,-0.84228515625,-0.1953125,-0.45166015625,-0.09765625,-0.732421875,0,-0.23193359375,-0.25634765625,-0.68359375,-0.244140625,-0.47607421875,-0.57373046875,0.634765625,-0.69580078125,1.18408203125,0.06103515625,0.52490234375,-0.35400390625,-0.13427734375,-0.23193359375,0.76904296875,-0.37841796875,0.634765625,-0.54931640625,0.48828125,-0.13427734375,0.52490234375,0.2685546875,0.146484375,0.341796875,0.2685546875,0.10986328125,1.06201171875,0.03662109375,0.1953125,0.1220703125,0.25634765625,0.08544921875,0.32958984375,0.08544921875,0.91552734375,0.1220703125,0.048828125,-0.146484375,1.40380859375,-0.2197265625,-0.9521484375,-0.146484375,-0.3173828125,-0.28076171875,-0.96435546875,-0.23193359375,-0.74462890625,0.0244140625,-1.5380859375,0.01220703125,-0.28076171875,0.08544921875,-0.20751953125,-0.06103515625,-1.123046875,-0.20751953125,-0.67138671875,-0.390625,-0.3662109375,-0.03662109375,-0.537109375,0.06103515625,0.08544921875,-0.0732421875,-0.68359375,-0.1953125,-1.45263671875,-0.0732421875,-1.03759765625,0.32958984375,0.42724609375,-0.08544921875,0.89111328125,-0.08544921875,0.5126953125,-0.06103515625,0.28076171875,-0.30517578125,0.23193359375,0.048828125,-0.03662109375,0.01220703125,0.89111328125,-0.0244140625,-0.439453125,0.15869140625,-0.5126953125
1,-0.37841796875,-0.390625,-0.0244140625,-0.3173828125,-0.1953125,-0.390625,-0.03662109375,0.03662109375,-0.1953125,0.9765625,0.244140625,-0.01220703125,-0.03662109375,4.8583984375,-0.08544921875,1.0498046875,0,-0.86669921875,0.2685546875,-0.5126953125,-0.01220703125,0.76904296875,0.1220703125,-0.78125,-0.15869140625,-0.09765625,-0.048828125,-0.7568359375,-0.048828125,0.96435546875,0.1708984375,0.23193359375,-0.0732421875,-0.29296875,0.47607421875,-0.84228515625,-0.25634765625,-0.42724609375,-0.15869140625,-0.732421875,-0.0244140625,-0.244140625,-0.3173828125,-0.68359375,-0.341796875,-0.45166015625,-0.62255859375,0.6591796875,-0.68359375,1.15966796875,0.146484375,0.537109375,-0.29296875,-0.09765625,-0.1220703125,0.76904296875,-0.47607421875,0.62255859375,-0.57373046875,0.47607421875,-0.2685546875,0.5126953125,0.3662109375,0.13427734375,0.3662109375,0.25634765625,0.06103515625,1.06201171875,0.01220703125,0.2197265625,0.146484375,0.2685546875,0.0732421875,0.341796875,0.06103515625,0.9033203125,0.10986328125,0.03662109375,-0.146484375,1.40380859375,-0.1953125,-0.96435546875,-0.23193359375,-0.32958984375,-0.25634765625,-0.96435546875,-0.1708984375,-0.78125,0.048828125,-1.52587890625,-0.0732421875,-0.28076171875,0.0732421875,-0.1953125,-0.25634765625,-1.13525390625,-0.10986328125,-0.68359375,-0.2685546875,-0.341796875,-0.0732421875,-0.52490234375,0.01220703125,0.08544921875,-0.1708984375,-0.7080078125,-0.09765625,-1.42822265625,-0.15869140625,-1.025390625,0.2685546875,0.4150390625,-0.048828125,0.830078125,-0.0732421875,0.40283203125,-0.048828125,0.1953125,-0.28076171875,0.20751953125,0.048828125,0,-0.01220703125,0.89111328125,-0.0244140625,-0.439453125,0.15869140625,-0.50048828125
1,-0.341796875,-0.35400390625,-0.03662109375,-0.29296875,-0.15869140625,-0.390625,-0.06103515625,0.0244140625,-0.15869140625,0.87890625,0.25634765625,-0.1220703125,0,4.5654296875,-0.09765625,0.87890625,-0.08544921875,-0.86669921875,0.2197265625,-0.50048828125,-0.0732421875,0.72021484375,0.048828125,-0.79345703125,-0.146484375,-0.1220703125,0,-0.7568359375,-0.01220703125,0.9765625,0.23193359375,0.23193359375,-0.13427734375,-0.30517578125,0.4638671875,-0.830078125,-0.3173828125,-0.45166015625,-0.1708984375,-0.72021484375,-0.06103515625,-0.1953125,-0.341796875,-0.69580078125,-0.35400390625,-0.4150390625,-0.59814453125,0.634765625,-0.69580078125,1.123046875,0.2197265625,0.54931640625,-0.18310546875,-0.10986328125,-0.03662109375,0.76904296875,-0.59814453125,0.62255859375,-0.634765625,0.48828125,-0.42724609375,0.48828125,0.45166015625,0.13427734375,0.35400390625,0.25634765625,0.0244140625,1.08642578125,0,0.23193359375,0.15869140625,0.244140625,0.1220703125,0.32958984375,-0.03662109375,0.9033203125,0.146484375,0.03662109375,-0.146484375,1.37939453125,-0.18310546875,-0.9765625,-0.29296875,-0.30517578125,-0.23193359375,-0.96435546875,-0.18310546875,-0.7568359375,0.06103515625,-1.52587890625,-0.1708984375,-0.2685546875,0.01220703125,-0.18310546875,-0.3662109375,-1.15966796875,-0.1220703125,-0.69580078125,-0.15869140625,-0.341796875,-0.15869140625,-0.52490234375,-0.06103515625,0.1220703125,-0.2197265625,-0.7080078125,0.0244140625,-1.416015625,-0.23193359375,-1.0009765625,0.18310546875,0.42724609375,-0.048828125,0.732421875,-0.08544921875,0.3173828125,-0.0732421875,0.10986328125,-0.2685546875,0.20751953125,0.0732421875,0,-0.03662109375,0.89111328125,0,-0.439453125,0.18310546875,-0.48828125
1,-0.3173828125,-0.3173828125,-0.048828125,-0.3173828125,-0.146484375,-0.37841796875,-0.06103515625,0,-0.13427734375,0.79345703125,0.244140625,-0.1953125,-0.0244140625,4.28466796875,-0.09765625,0.76904296875,-0.15869140625,-0.9033203125,0.1708984375,-0.537109375,-0.0732421875,0.634765625,-0.048828125,-0.8544921875,-0.09765625,-0.1220703125,0.048828125,-0.732421875,0.01220703125,0.9521484375,0.2197265625,0.23193359375,-0.1953125,-0.3173828125,0.42724609375,-0.830078125,-0.3173828125,-0.439453125,-0.1953125,-0.72021484375,-0.08544921875,-0.1953125,-0.35400390625,-0.68359375,-0.4638671875,-0.390625,-0.5859375,0.6103515625,-0.634765625,1.13525390625,0.28076171875,0.537109375,-0.03662109375,-0.1220703125,0.1220703125,0.78125,-0.72021484375,0.62255859375,-0.62255859375,0.47607421875,-0.5615234375,0.48828125,0.4638671875,0.15869140625,0.341796875,0.244140625,-0.03662109375,1.08642578125,-0.0244140625,0.244140625,0.15869140625,0.244140625,0.1220703125,0.32958984375,-0.13427734375,0.86669921875,0.1220703125,0.01220703125,-0.10986328125,1.40380859375,-0.1708984375,-0.9521484375,-0.28076171875,-0.30517578125,-0.1708984375,-0.9521484375,-0.1953125,-0.74462890625,0.048828125,-1.513671875,-0.2197265625,-0.25634765625,-0.0732421875,-0.1953125,-0.3173828125,-1.20849609375,-0.10986328125,-0.72021484375,-0.09765625,-0.3173828125,-0.244140625,-0.537109375,-0.10986328125,0.15869140625,-0.23193359375,-0.7080078125,0.09765625,-1.4404296875,-0.30517578125,-1.01318359375,0.146484375,0.439453125,-0.048828125,0.67138671875,-0.09765625,0.28076171875,-0.0732421875,0.0732421875,-0.244140625,0.23193359375,0.08544921875,-0.01220703125,-0.0732421875,0.87890625,-0.0244140625,-0.439453125,0.1953125,-0.47607421875
1,-0.29296875,-0.30517578125,-0.03662109375,-0.29296875,-0.09765625,-0.3662109375,-0.08544921875,0.01220703125,-0.1220703125,0.7080078125,0.2685546875,-0.29296875,-0.0244140625,4.0283203125,-0.10986328125,0.6591796875,-0.244140625,-0.93994140625,0.048828125,-0.5615234375,-0.06103515625,0.54931640625,-0.2685546875,-0.8544921875,-0.0244140625,-0.146484375,0.06103515625,-0.74462890625,0.03662109375,0.9521484375,0.20751953125,0.244140625,-0.29296875,-0.29296875,0.390625,-0.830078125,-0.28076171875,-0.439453125,-0.20751953125,-0.7080078125,-0.0732421875,-0.18310546875,-0.29296875,-0.68359375,-0.54931640625,-0.35400390625,-0.57373046875,0.57373046875,-0.50048828125,1.123046875,0.3173828125,0.537109375,0.1220703125,-0.15869140625,0.23193359375,0.7568359375,-0.830078125,0.634765625,-0.68359375,0.4638671875,-0.59814453125,0.50048828125,0.5126953125,0.15869140625,0.30517578125,0.23193359375,-0.1708984375,1.07421875,-0.048828125,0.23193359375,0.13427734375,0.2197265625,0.09765625,0.32958984375,-0.18310546875,0.86669921875,0.09765625,0.01220703125,-0.06103515625,1.3916015625,-0.18310546875,-0.91552734375,-0.244140625,-0.28076171875,-0.13427734375,-0.96435546875,-0.1953125,-0.7568359375,0.03662109375,-1.50146484375,-0.2197265625,-0.23193359375,-0.244140625,-0.23193359375,-0.1708984375,-1.25732421875,-0.0732421875,-0.72021484375,0.10986328125,-0.28076171875,-0.2685546875,-0.52490234375,-0.10986328125,0.20751953125,-0.1953125,-0.7080078125,0.146484375,-1.4404296875,-0.35400390625,-0.98876953125,0.08544921875,0.45166015625,-0.10986328125,0.67138671875,-0.18310546875,0.2685546875,-0.1220703125,0.06103515625,-0.3173828125,0.28076171875,0.09765625,0.01220703125,-0.09765625,0.87890625,-0.0244140625,-0.45166015625,0.20751953125,-0.45166015625
1,-0.30517578125,-0.25634765625,-0.048828125,-0.28076171875,-0.08544921875,-0.3662109375,-0.0732421875,0.01220703125,-0.08544921875,0.64697265625,0.2685546875,-0.3662109375,-0.01220703125,3.80859375,-0.146484375,0.57373046875,-0.25634765625,-0.9765625,0.03662109375,-0.5615234375,-0.09765625,0.47607421875,-0.45166015625,-0.89111328125,0.06103515625,-0.146484375,0.048828125,-0.732421875,0.01220703125,0.9521484375,0.18310546875,0.23193359375,-0.4150390625,-0.28076171875,0.30517578125,-0.830078125,-0.29296875,-0.439453125,-0.20751953125,-0.72021484375,-0.048828125,-0.1953125,-0.1953125,-0.67138671875,-0.52490234375,-0.341796875,-0.5615234375,0.5126953125,-0.45166015625,1.15966796875,0.25634765625,0.537109375,0.244140625,-0.18310546875,0.25634765625,0.76904296875,-0.9765625,0.64697265625,-0.732421875,0.47607421875,-0.537109375,0.5126953125,0.4638671875,0.146484375,0.20751953125,0.25634765625,-0.20751953125,1.0986328125,-0.0732421875,0.244140625,0.0732421875,0.23193359375,0.03662109375,0.3173828125,-0.2197265625,0.8544921875,0.08544921875,0,-0.0732421875,1.3671875,-0.1708984375,-0.91552734375,-0.146484375,-0.28076171875,-0.146484375,-0.9521484375,-0.146484375,-0.76904296875,-0.0244140625,-1.47705078125,-0.1953125,-0.244140625,-0.390625,-0.25634765625,0.0244140625,-1.2939453125,-0.1220703125,-0.732421875,0.048828125,-0.28076171875,-0.30517578125,-0.52490234375,-0.08544921875,0.2197265625,-0.0244140625,-0.7080078125,0.1220703125,-1.46484375,-0.40283203125,-1.01318359375,0.08544921875,0.45166015625,-0.048828125,0.72021484375,-0.08544921875,0.32958984375,-0.048828125,0.09765625,-0.1953125,0.37841796875,0.03662109375,-0.0244140625,-0.13427734375,0.87890625,0,-0.4638671875,0.13427734375,-0.4638671875
1,-0.2685546875,-0.1953125,-0.03662109375,-0.2685546875,-0.0732421875,-0.37841796875,-0.0732421875,0.03662109375,-0.06103515625,0.5859375,0.28076171875,-0.40283203125,-0.01220703125,3.6376953125,-0.146484375,0.52490234375,-0.20751953125,-0.98876953125,0.08544921875,-0.5615234375,-0.15869140625,0.4150390625,-0.52490234375,-0.9033203125,0.13427734375,-0.15869140625,0.0244140625,-0.732421875,0.01220703125,0.927734375,0.08544921875,0.244140625,-0.50048828125,-0.28076171875,0.23193359375,-0.8544921875,-0.244140625,-0.4150390625,-0.2197265625,-0.732421875,-0.0244140625,-0.18310546875,-0.13427734375,-0.64697265625,-0.54931640625,-0.32958984375,-0.5126953125,0.48828125,-0.47607421875,1.18408203125,0.18310546875,0.50048828125,0.32958984375,-0.18310546875,0.25634765625,0.78125,-1.025390625,0.67138671875,-0.79345703125,0.50048828125,-0.50048828125,0.52490234375,0.37841796875,0.15869140625,0.09765625,0.23193359375,-0.23193359375,1.11083984375,-0.0732421875,0.23193359375,0.03662109375,0.23193359375,0,0.341796875,-0.2685546875,0.8544921875,0.1220703125,0,-0.06103515625,1.37939453125,-0.1708984375,-0.89111328125,-0.01220703125,-0.25634765625,-0.10986328125,-0.96435546875,-0.13427734375,-0.7568359375,-0.03662109375,-1.47705078125,-0.1708984375,-0.244140625,-0.439453125,-0.29296875,0.244140625,-1.3427734375,-0.146484375,-0.72021484375,0.06103515625,-0.28076171875,-0.30517578125,-0.52490234375,-0.08544921875,0.2685546875,0.1220703125,-0.68359375,0.03662109375,-1.4404296875,-0.40283203125,-1.025390625,0.048828125,0.45166015625,-0.06103515625,0.81787109375,-0.09765625,0.45166015625,-0.0732421875,0.1708984375,-0.08544921875,0.47607421875,-0.01220703125,-0.01220703125,-0.15869140625,0.87890625,0.048828125,-0.47607421875,0.0732421875,-0.45166015625
1,-0.244140625,-0.13427734375,-0.048828125,-0.244140625,-0.048828125,-0.3662109375,-0.0732421875,0.03662109375,-0.0244140625,0.50048828125,0.29296875,-0.45166015625,-0.03662109375,3.47900390625,-0.13427734375,0.50048828125,-0.18310546875,-0.9765625,0.08544921875,-0.5126953125,-0.2197265625,0.4150390625,-0.537109375,-0.89111328125,0.1953125,-0.146484375,0.03662109375,-0.72021484375,-0.06103515625,0.93994140625,0.048828125,0.25634765625,-0.48828125,-0.28076171875,0.20751953125,-0.84228515625,-0.2197265625,-0.40283203125,-0.18310546875,-0.72021484375,0.03662109375,-0.18310546875,-0.08544921875,-0.6591796875,-0.4638671875,-0.32958984375,-0.40283203125,0.48828125,-0.47607421875,1.25732421875,0.0732421875,0.47607421875,0.37841796875,-0.20751953125,0.1708984375,0.76904296875,-1.0986328125,0.68359375,-0.7568359375,0.52490234375,-0.390625,0.54931640625,0.29296875,0.146484375,0.01220703125,0.25634765625,-0.3173828125,1.0986328125,-0.08544921875,0.2197265625,-0.0244140625,0.2197265625,-0.0732421875,0.32958984375,-0.29296875,0.8544921875,0.1708984375,0,-0.09765625,1.3671875,-0.146484375,-0.86669921875,0.10986328125,-0.2685546875,-0.09765625,-0.9521484375,-0.10986328125,-0.7568359375,-0.09765625,-1.47705078125,-0.1220703125,-0.25634765625,-0.4638671875,-0.30517578125,0.390625,-1.35498046875,-0.244140625,-0.7080078125,0.03662109375,-0.29296875,-0.244140625,-0.54931640625,-0.0244140625,0.244140625,0.23193359375,-0.68359375,-0.01220703125,-1.4404296875,-0.341796875,-1.025390625,0.048828125,0.4638671875,-0.08544921875,0.96435546875,-0.10986328125,0.62255859375,-0.09765625,0.30517578125,-0.1220703125,0.57373046875,-0.01220703125,-0.03662109375,-0.15869140625,0.87890625,0.09765625,-0.4638671875,0.0244140625,-0.439453125
1,-0.2197265625,-0.0732421875,-0.09765625,-0.244140625,-0.0244140625,-0.37841796875,-0.0732421875,0.048828125,0.01220703125,0.4638671875,0.28076171875,-0.47607421875,0.048828125,3.33251953125,-0.13427734375,0.47607421875,-0.2197265625,-0.927734375,0.048828125,-0.48828125,-0.37841796875,0.42724609375,-0.48828125,-0.86669921875,0.20751953125,-0.146484375,0.03662109375,-0.74462890625,-0.1220703125,0.927734375,-0.01220703125,0.25634765625,-0.45166015625,-0.30517578125,0.23193359375,-0.8544921875,-0.1953125,-0.37841796875,-0.15869140625,-0.72021484375,0.09765625,-0.1708984375,-0.03662109375,-0.6591796875,-0.439453125,-0.32958984375,-0.439453125,0.50048828125,-0.5126953125,1.26953125,-0.03662109375,0.47607421875,0.4150390625,-0.20751953125,0.048828125,0.74462890625,-1.03759765625,0.67138671875,-0.68359375,0.537109375,-0.2685546875,0.54931640625,0.20751953125,0.1220703125,-0.08544921875,0.244140625,-0.29296875,1.07421875,-0.08544921875,0.23193359375,-0.0732421875,0.20751953125,-0.15869140625,0.30517578125,-0.29296875,0.8544921875,0.2685546875,0.01220703125,-0.13427734375,1.3671875,-0.09765625,-0.87890625,0.2197265625,-0.25634765625,-0.146484375,-0.93994140625,-0.08544921875,-0.732421875,-0.1220703125,-1.47705078125,-0.0732421875,-0.25634765625,-0.3662109375,-0.3173828125,0.439453125,-1.3427734375,-0.30517578125,-0.74462890625,0.01220703125,-0.32958984375,-0.13427734375,-0.57373046875,0.0244140625,0.20751953125,0.341796875,-0.68359375,-0.08544921875,-1.42822265625,-0.2197265625,-1.025390625,0.03662109375,0.45166015625,-0.06103515625,1.15966796875,-0.0732421875,0.8056640625,-0.0732421875,0.42724609375,-0.09765625,0.68359375,-0.0244140625,-0.03662109375,-0.10986328125,0.86669921875,0.1220703125,-0.439453125,-0.048828125,-0.4638671875
1,-0.18310546875,-0.03662109375,-0.10986328125,-0.2685546875,0.01220703125,-0.390625,-0.048828125,0.03662109375,0.048828125,0.390625,0.28076171875,-0.5126953125,0.01220703125,3.13720703125,-0.15869140625,0.439453125,-0.20751953125,-0.84228515625,0.18310546875,-0.439453125,-0.35400390625,0.50048828125,-0.2685546875,-0.81787109375,0.1708984375,-0.13427734375,0.01220703125,-0.74462890625,-0.1708984375,0.93994140625,-0.09765625,0.25634765625,-0.35400390625,-0.3173828125,0.28076171875,-0.830078125,-0.1708984375,-0.37841796875,-0.13427734375,-0.732421875,0.18310546875,-0.1708984375,-0.048828125,-0.67138671875,-0.390625,-0.341796875,-0.42724609375,0.537109375,-0.537109375,1.2939453125,-0.15869140625,0.47607421875,0.3662109375,-0.18310546875,-0.048828125,0.7568359375,-0.927734375,0.69580078125,-0.64697265625,0.5615234375,-0.15869140625,0.5615234375,0.18310546875,0.1220703125,-0.15869140625,0.25634765625,-0.3173828125,1.06201171875,-0.09765625,0.20751953125,-0.08544921875,0.20751953125,-0.20751953125,0.3173828125,-0.3173828125,0.84228515625,0.30517578125,0.0244140625,-0.20751953125,1.3671875,-0.0244140625,-0.9033203125,0.25634765625,-0.25634765625,-0.1708984375,-0.9521484375,-0.06103515625,-0.74462890625,-0.15869140625,-1.45263671875,-0.0244140625,-0.244140625,-0.244140625,-0.3173828125,0.37841796875,-1.28173828125,-0.35400390625,-0.79345703125,-0.0244140625,-0.3662109375,0,-0.62255859375,0.0732421875,0.146484375,0.341796875,-0.67138671875,-0.10986328125,-1.4404296875,-0.08544921875,-1.03759765625,0.03662109375,0.45166015625,-0.09765625,1.2939453125,-0.10986328125,0.96435546875,-0.08544921875,0.57373046875,-0.1953125,0.732421875,-0.06103515625,-0.048828125,-0.08544921875,0.8544921875,0.08544921875,-0.4150390625,-0.0732421875,-0.47607421875
0,-0.1220703125,0,-0.1220703125,-0.28076171875,0.048828125,-0.390625,-0.0244140625,0.0244140625,0.09765625,0.30517578125,0.244140625,-0.57373046875,0.0732421875,2.89306640625,-0.2197265625,0.35400390625,-0.25634765625,-0.76904296875,0.28076171875,-0.3662109375,-0.341796875,0.5859375,-0.0732421875,-0.7568359375,0.048828125,-0.1220703125,0.01220703125,-0.76904296875,-0.20751953125,0.927734375,-0.18310546875,0.244140625,-0.2197265625,-0.3173828125,0.35400390625,-0.830078125,-0.1220703125,-0.37841796875,-0.10986328125,-0.72021484375,0.244140625,-0.18310546875,-0.048828125,-0.64697265625,-0.28076171875,-0.32958984375,-0.4638671875,0.5859375,-0.48828125,1.26953125,-0.29296875,0.48828125,0.29296875,-0.146484375,-0.1220703125,0.7568359375,-0.84228515625,0.68359375,-0.5859375,0.57373046875,-0.06103515625,0.57373046875,0.1220703125,0.146484375,-0.30517578125,0.2685546875,-0.29296875,1.0498046875,-0.1220703125,0.2197265625,-0.1220703125,0.20751953125,-0.23193359375,0.3173828125,-0.3173828125,0.8544921875,0.341796875,0.048828125,-0.1708984375,1.3671875,0.06103515625,-0.9033203125,0.2685546875,-0.25634765625,-0.18310546875,-0.927734375,-0.06103515625,-0.732421875,-0.146484375,-1.45263671875,0,-0.25634765625,-0.06103515625,-0.30517578125,0.25634765625,-1.2451171875,-0.390625,-0.84228515625,-0.10986328125,-0.390625,0.0732421875,-0.6591796875,0.10986328125,0.08544921875,0.30517578125,-0.6591796875,-0.10986328125,-1.416015625,0,-1.03759765625,0.048828125,0.439453125,-0.06103515625,1.40380859375,-0.06103515625,1.06201171875,-0.0732421875,0.6591796875,-0.09765625,0.74462890625,-0.048828125,-0.048828125,-0.0732421875,0.84228515625,0.08544921875,-0.42724609375,-0.048828125,-0.47607421875
0,-0.08544921875,0.0244140625,-0.146484375,-0.29296875,0.0732421875,-0.4150390625,0,0.0244140625,0.146484375,0.244140625,0.244140625,-0.62255859375,0.1220703125,2.60009765625,-0.2197265625,0.28076171875,-0.28076171875,-0.68359375,0.3662109375,-0.28076171875,-0.40283203125,0.68359375,0.048828125,-0.68359375,-0.0732421875,-0.08544921875,0.01220703125,-0.7568359375,-0.25634765625,0.9521484375,-0.244140625,0.25634765625,-0.13427734375,-0.341796875,0.4638671875,-0.8056640625,-0.08544921875,-0.390625,-0.09765625,-0.7080078125,0.32958984375,-0.1708984375,-0.09765625,-0.67138671875,-0.15869140625,-0.35400390625,-0.42724609375,0.634765625,-0.5615234375,1.26953125,-0.37841796875,0.50048828125,0.20751953125,-0.13427734375,-0.1953125,0.7568359375,-0.68359375,0.68359375,-0.52490234375,0.57373046875,-0.0244140625,0.57373046875,0.06103515625,0.146484375,-0.40283203125,0.2685546875,-0.244140625,1.07421875,-0.1220703125,0.20751953125,-0.13427734375,0.2197265625,-0.2197265625,0.32958984375,-0.29296875,0.84228515625,0.341796875,0.06103515625,-0.15869140625,1.37939453125,0.13427734375,-0.927734375,0.20751953125,-0.28076171875,-0.15869140625,-0.927734375,-0.08544921875,-0.732421875,-0.13427734375,-1.46484375,-0.0244140625,-0.244140625,0.13427734375,-0.28076171875,0.1220703125,-1.20849609375,-0.341796875,-0.87890625,-0.13427734375,-0.3662109375,0.1708984375,-0.69580078125,0.20751953125,0.0244140625,0.1953125,-0.67138671875,-0.10986328125,-1.40380859375,0.0732421875,-1.03759765625,0.09765625,0.4150390625,-0.06103515625,1.3916015625,-0.08544921875,1.07421875,-0.0732421875,0.64697265625,-0.08544921875,0.7080078125,-0.048828125,-0.06103515625,-0.08544921875,0.84228515625,0.048828125,-0.42724609375,-0.01220703125,-0.48828125
0,-0.08544921875,-0.01220703125,-0.13427734375,-0.30517578125,0.08544921875,-0.390625,-0.01220703125,0.01220703125,0.146484375,0.15869140625,0.2197265625,-0.69580078125,0.10986328125,2.24609375,-0.23193359375,0.1953125,-0.23193359375,-0.5859375,0.47607421875,-0.23193359375,-0.244140625,0.76904296875,0.23193359375,-0.62255859375,-0.23193359375,-0.09765625,-0.0244140625,-0.76904296875,-0.28076171875,0.96435546875,-0.29296875,0.25634765625,-0.0732421875,-0.341796875,0.537109375,-0.79345703125,-0.08544921875,-0.390625,-0.048828125,-0.69580078125,0.40283203125,-0.18310546875,-0.15869140625,-0.68359375,-0.03662109375,-0.3173828125,-0.4150390625,0.67138671875,-0.54931640625,1.23291015625,-0.37841796875,0.5126953125,0.09765625,-0.1220703125,-0.1953125,0.76904296875,-0.5615234375,0.6591796875,-0.47607421875,0.5859375,-0.1220703125,0.5615234375,0.048828125,0.146484375,-0.45166015625,0.2685546875,-0.2197265625,1.06201171875,-0.10986328125,0.23193359375,-0.13427734375,0.20751953125,-0.2197265625,0.3173828125,-0.2685546875,0.8056640625,0.3173828125,0.06103515625,-0.146484375,1.3671875,0.18310546875,-0.9521484375,0.10986328125,-0.29296875,-0.15869140625,-0.93994140625,-0.146484375,-0.732421875,-0.06103515625,-1.45263671875,-0.08544921875,-0.244140625,0.244140625,-0.244140625,0.0244140625,-1.171875,-0.3173828125,-0.86669921875,-0.10986328125,-0.2685546875,0.18310546875,-0.68359375,0.244140625,0.03662109375,0.01220703125,-0.69580078125,-0.06103515625,-1.3916015625,0.0732421875,-1.025390625,0.1220703125,0.4150390625,-0.10986328125,1.30615234375,-0.13427734375,1.01318359375,-0.08544921875,0.54931640625,-0.15869140625,0.68359375,-0.0244140625,-0.0732421875,-0.10986328125,0.830078125,0,-0.439453125,0.0244140625,-0.50048828125
0,-0.0732421875,-0.048828125,-0.13427734375,-0.29296875,0.08544921875,-0.4150390625,-0.0244140625,0.0244140625,0.13427734375,0.0732421875,0.20751953125,-0.78125,0.13427734375,1.85546875,-0.244140625,0.048828125,-0.25634765625,-0.48828125,0.4638671875,-0.13427734375,-0.146484375,0.84228515625,0.20751953125,-0.5615234375,-0.341796875,-0.09765625,-0.08544921875,-0.76904296875,-0.32958984375,0.9521484375,-0.29296875,0.244140625,-0.08544921875,-0.32958984375,0.57373046875,-0.8056640625,-0.10986328125,-0.40283203125,0,-0.72021484375,0.48828125,-0.15869140625,-0.20751953125,-0.68359375,0.06103515625,-0.30517578125,-0.45166015625,0.68359375,-0.52490234375,1.1962890625,-0.341796875,0.5126953125,0.03662109375,-0.09765625,-0.25634765625,0.74462890625,-0.5126953125,0.6591796875,-0.40283203125,0.5859375,-0.23193359375,0.57373046875,0.0244140625,0.13427734375,-0.47607421875,0.30517578125,-0.15869140625,1.06201171875,-0.15869140625,0.244140625,-0.13427734375,0.2197265625,-0.20751953125,0.32958984375,-0.23193359375,0.81787109375,0.3173828125,0.03662109375,-0.08544921875,1.3916015625,0.2197265625,-0.9521484375,0,-0.30517578125,-0.1953125,-0.9521484375,-0.2197265625,-0.732421875,-0.0244140625,-1.4404296875,-0.13427734375,-0.23193359375,0.2197265625,-0.20751953125,-0.0244140625,-1.15966796875,-0.244140625,-0.78125,-0.048828125,-0.048828125,0.13427734375,-0.634765625,0.30517578125,0.09765625,-0.15869140625,-0.7080078125,-0.03662109375,-1.42822265625,0.03662109375,-1.01318359375,0.146484375,0.4150390625,-0.08544921875,1.13525390625,-0.1220703125,0.84228515625,-0.08544921875,0.45166015625,-0.06103515625,0.62255859375,-0.03662109375,-0.048828125,-0.10986328125,0.81787109375,0.0244140625,-0.439453125,0.06103515625,-0.50048828125
0,-0.0732421875,-0.08544921875,-0.10986328125,-0.3173828125,0.09765625,-0.4150390625,-0.01220703125,0.0244140625,0.10986328125,-0.01220703125,0.1953125,-0.87890625,0.09765625,1.47705078125,-0.2197265625,-0.08544921875,-0.2197265625,-0.37841796875,0.439453125,-0.06103515625,0.0244140625,0.9033203125,0.146484375,-0.48828125,-0.439453125,-0.1220703125,-0.1220703125,-0.7568359375,-0.3173828125,0.9765625,-0.244140625,0.244140625,-0.08544921875,-0.32958984375,0.59814453125,-0.79345703125,-0.13427734375,-0.40283203125,-0.03662109375,-0.72021484375,0.50048828125,-0.1708984375,-0.244140625,-0.69580078125,0.08544921875,-0.2685546875,-0.4638671875,0.68359375,-0.62255859375,1.15966796875,-0.25634765625,0.5126953125,-0.048828125,-0.10986328125,-0.244140625,0.7568359375,-0.42724609375,0.64697265625,-0.45166015625,0.54931640625,-0.3173828125,0.5859375,0.03662109375,0.1708984375,-0.47607421875,0.3173828125,-0.09765625,1.07421875,-0.1708984375,0.23193359375,-0.0732421875,0.20751953125,-0.1953125,0.3173828125,-0.1708984375,0.8056640625,0.28076171875,0.06103515625,-0.01220703125,1.3916015625,0.20751953125,-0.9521484375,-0.1220703125,-0.3173828125,-0.15869140625,-0.9521484375,-0.28076171875,-0.7080078125,0.0244140625,-1.45263671875,-0.1708984375,-0.23193359375,0.15869140625,-0.1953125,0,-1.1474609375,-0.1953125,-0.634765625,0,0.341796875,0.048828125,-0.5126953125,0.32958984375,0.2197265625,-0.35400390625,-0.72021484375,-0.03662109375,-1.4404296875,-0.01220703125,-1.0009765625,0.1708984375,0.4150390625,-0.06103515625,0.96435546875,-0.0732421875,0.634765625,-0.0732421875,0.2685546875,0,0.57373046875,-0.0244140625,-0.06103515625,-0.146484375,0.830078125,0.01220703125,-0.4638671875,0.08544921875,-0.50048828125
0,-0.06103515625,-0.146484375,-0.1220703125,-0.30517578125,0.13427734375,-0.42724609375,-0.01220703125,0.048828125,0.1220703125,-0.08544921875,0.1953125,-0.927734375,0.10986328125,1.171875,-0.20751953125,-0.18310546875,-0.1220703125,-0.2685546875,0.40283203125,0.048828125,0.29296875,0.9765625,0.13427734375,-0.4150390625,-0.439453125,-0.10986328125,-0.1953125,-0.74462890625,-0.25634765625,0.9765625,-0.2197265625,0.25634765625,-0.06103515625,-0.3173828125,0.57373046875,-0.8056640625,-0.1708984375,-0.439453125,0.048828125,-0.72021484375,0.45166015625,-0.1708984375,-0.20751953125,-0.68359375,0.01220703125,-0.244140625,-0.48828125,0.64697265625,-0.59814453125,1.1474609375,-0.15869140625,0.5126953125,-0.10986328125,-0.1220703125,-0.23193359375,0.732421875,-0.4150390625,0.6591796875,-0.5615234375,0.537109375,-0.42724609375,0.59814453125,0,0.146484375,-0.5126953125,0.30517578125,-0.01220703125,1.06201171875,-0.1953125,0.244140625,-0.048828125,0.23193359375,-0.1708984375,0.32958984375,-0.1220703125,0.8056640625,0.2685546875,0.06103515625,0.06103515625,1.3916015625,0.1708984375,-0.927734375,-0.20751953125,-0.3173828125,-0.10986328125,-0.96435546875,-0.32958984375,-0.7080078125,0.09765625,-1.46484375,-0.1953125,-0.1953125,0.0244140625,-0.18310546875,0.03662109375,-1.171875,-0.1708984375,-0.40283203125,0.0732421875,0.86669921875,-0.06103515625,-0.3173828125,0.3662109375,0.4638671875,-0.48828125,-0.72021484375,-0.048828125,-1.45263671875,-0.13427734375,-0.98876953125,0.1708984375,0.42724609375,-0.09765625,0.78125,-0.06103515625,0.4638671875,-0.08544921875,0.13427734375,-0.06103515625,0.64697265625,-0.048828125,-0.03662109375,-0.1220703125,0.81787109375,0.048828125,-0.4638671875,0.13427734375,-0.47607421875
0,-0.048828125,-0.2197265625,-0.146484375,-0.3173828125,0.13427734375,-0.4150390625,0,0.0244140625,0.1220703125,-0.1220703125,0.23193359375,-0.98876953125,0.0244140625,1.025390625,-0.18310546875,-0.244140625,-0.048828125,-0.146484375,0.244140625,0.13427734375,0.32958984375,1.025390625,-0.0732421875,-0.3173828125,-0.390625,-0.13427734375,-0.2685546875,-0.732421875,-0.18310546875,0.9765625,-0.1220703125,0.23193359375,-0.09765625,-0.32958984375,0.57373046875,-0.830078125,-0.2197265625,-0.47607421875,0.0244140625,-0.7080078125,0.3662109375,-0.18310546875,-0.1708984375,-0.67138671875,-0.13427734375,-0.25634765625,-0.47607421875,0.59814453125,-0.537109375,1.15966796875,-0.0732421875,0.5126953125,-0.1220703125,-0.1708984375,-0.2197265625,0.732421875,-0.3662109375,0.64697265625,-0.69580078125,0.52490234375,-0.45166015625,0.6103515625,-0.0244140625,0.15869140625,-0.5126953125,0.32958984375,0.08544921875,1.08642578125,-0.18310546875,0.2685546875,-0.048828125,0.23193359375,-0.1708984375,0.32958984375,-0.08544921875,0.84228515625,0.2197265625,0.0732421875,0.146484375,1.40380859375,0.146484375,-0.9033203125,-0.2685546875,-0.32958984375,-0.0244140625,-0.98876953125,-0.29296875,-0.72021484375,0.10986328125,-1.47705078125,-0.20751953125,-0.1953125,-0.15869140625,-0.18310546875,0.09765625,-1.1962890625,-0.15869140625,-0.06103515625,0.0732421875,1.52587890625,-0.146484375,-0.06103515625,0.35400390625,0.7568359375,-0.5126953125,-0.732421875,-0.09765625,-1.4404296875,-0.23193359375,-0.9765625,0.146484375,0.45166015625,-0.09765625,0.72021484375,-0.0244140625,0.4150390625,-0.08544921875,0.06103515625,0.0244140625,0.86669921875,-0.06103515625,-0.03662109375,-0.0732421875,0.79345703125,0.08544921875,-0.47607421875,0.146484375,-0.4638671875
0,-0.01220703125,-0.2685546875,-0.15869140625,-0.30517578125,0.1708984375,-0.4150390625,-0.01220703125,0.03662109375,0.1220703125,-0.10986328125,0.2197265625,-0.9765625,0.06103515625,1.06201171875,-0.1953125,-0.244140625,0,-0.048828125,0.10986328125,0.244140625,0.3662109375,1.07421875,-0.1953125,-0.244140625,-0.32958984375,-0.146484375,-0.32958984375,-0.732421875,-0.09765625,0.98876953125,-0.0244140625,0.244140625,-0.13427734375,-0.28076171875,0.54931640625,-0.84228515625,-0.2685546875,-0.47607421875,0,-0.72021484375,0.1708984375,-0.1708984375,-0.13427734375,-0.6591796875,-0.30517578125,-0.2685546875,-0.341796875,0.537109375,-0.5126953125,1.15966796875,0.048828125,0.5126953125,-0.10986328125,-0.1953125,-0.20751953125,0.72021484375,-0.30517578125,0.67138671875,-0.81787109375,0.50048828125,-0.4638671875,0.62255859375,-0.0732421875,0.146484375,-0.50048828125,0.35400390625,0.15869140625,1.0986328125,-0.1708984375,0.29296875,0,0.244140625,-0.13427734375,0.35400390625,-0.06103515625,0.84228515625,0.18310546875,0.06103515625,0.2197265625,1.37939453125,0.08544921875,-0.86669921875,-0.2685546875,-0.3173828125,0.048828125,-0.96435546875,-0.2685546875,-0.72021484375,0.09765625,-1.46484375,-0.2197265625,-0.18310546875,-0.30517578125,-0.1953125,0.10986328125,-1.220703125,-0.1708984375,0.3662109375,0.18310546875,2.33154296875,-0.23193359375,0.23193359375,0.28076171875,1.13525390625,-0.439453125,-0.732421875,-0.20751953125,-1.4404296875,-0.30517578125,-0.98876953125,0.09765625,0.45166015625,-0.09765625,0.8056640625,-0.01220703125,0.4638671875,-0.06103515625,0.10986328125,0.06103515625,1.2939453125,-0.09765625,-0.0244140625,-0.03662109375,0.81787109375,0.0732421875,-0.50048828125,0.1708984375,-0.47607421875
0,0.01220703125,-0.35400390625,-0.13427734375,-0.28076171875,0.18310546875,-0.40283203125,-0.0244140625,0.0244140625,0.1220703125,-0.03662109375,0.244140625,-0.91552734375,0.08544921875,1.30615234375,-0.1708984375,-0.1708984375,0.048828125,0.06103515625,0.06103515625,0.35400390625,0.29296875,1.07421875,-0.28076171875,-0.15869140625,-0.1953125,-0.146484375,-0.32958984375,-0.74462890625,0,0.9765625,0.03662109375,0.23193359375,-0.18310546875,-0.28076171875,0.52490234375,-0.8544921875,-0.3173828125,-0.45166015625,0.01220703125,-0.69580078125,-0.01220703125,-0.18310546875,-0.09765625,-0.64697265625,-0.42724609375,-0.30517578125,-0.30517578125,0.50048828125,-0.40283203125,1.18408203125,0.1220703125,0.50048828125,-0.1708984375,-0.20751953125,-0.10986328125,0.72021484375,-0.341796875,0.67138671875,-0.9033203125,0.47607421875,-0.4638671875,0.6103515625,-0.048828125,0.13427734375,-0.47607421875,0.35400390625,0.2197265625,1.123046875,-0.13427734375,0.2685546875,-0.01220703125,0.2685546875,-0.10986328125,0.341796875,-0.01220703125,0.89111328125,0.15869140625,0.0732421875,0.25634765625,1.3916015625,0.06103515625,-0.8544921875,-0.244140625,-0.3173828125,0.1220703125,-0.9765625,-0.1953125,-0.7080078125,0.08544921875,-1.45263671875,-0.25634765625,-0.1953125,-0.42724609375,-0.23193359375,0.08544921875,-1.2451171875,-0.10986328125,0.8056640625,0.28076171875,3.18603515625,-0.2197265625,0.54931640625,0.25634765625,1.5380859375,-0.2685546875,-0.74462890625,-0.3173828125,-1.46484375,-0.3662109375,-0.9765625,0.048828125,0.47607421875,-0.09765625,1.07421875,-0.01220703125,0.72021484375,-0.06103515625,0.30517578125,0.0732421875,1.89208984375,-0.13427734375,-0.0244140625,0.01220703125,0.8056640625,0.08544921875,-0.50048828125,0.18310546875,-0.4638671875
0,0.0244140625,-0.37841796875,-0.18310546875,-0.28076171875,0.1708984375,-0.40283203125,0,0.048828125,0.146484375,0.10986328125,0.2685546875,-0.8056640625,0.06103515625,1.7822265625,-0.146484375,-0.01220703125,0.03662109375,0.15869140625,-0.048828125,0.42724609375,0.1708984375,1.123046875,-0.3173828125,-0.10986328125,-0.0732421875,-0.146484375,-0.28076171875,-0.7568359375,0.0732421875,0.9521484375,0.0732421875,0.25634765625,-0.29296875,-0.30517578125,0.48828125,-0.86669921875,-0.32958984375,-0.439453125,-0.0244140625,-0.69580078125,-0.1708984375,-0.1708984375,-0.09765625,-0.64697265625,-0.537109375,-0.37841796875,-0.25634765625,0.48828125,-0.3662109375,1.1962890625,0.18310546875,0.537109375,-0.15869140625,-0.23193359375,-0.0244140625,0.72021484375,-0.4150390625,0.68359375,-1.0498046875,0.4638671875,-0.40283203125,0.62255859375,-0.048828125,0.13427734375,-0.37841796875,0.35400390625,0.244140625,1.123046875,-0.10986328125,0.2685546875,-0.048828125,0.2685546875,-0.048828125,0.32958984375,0.03662109375,0.89111328125,0.10986328125,0.06103515625,0.28076171875,1.40380859375,0.03662109375,-0.86669921875,-0.18310546875,-0.30517578125,0.1708984375,-0.9765625,-0.15869140625,-0.72021484375,0.0732421875,-1.46484375,-0.29296875,-0.23193359375,-0.52490234375,-0.2685546875,0,-1.2451171875,-0.048828125,1.2451171875,0.30517578125,4.052734375,-0.1708984375,0.87890625,0.1708984375,1.94091796875,-0.03662109375,-0.72021484375,-0.3662109375,-1.46484375,-0.35400390625,-0.9765625,-0.01220703125,0.4638671875,-0.13427734375,1.513671875,-0.03662109375,1.18408203125,-0.0732421875,0.67138671875,0.01220703125,2.7587890625,-0.1220703125,-0.06103515625,0.048828125,0.78125,0.146484375,-0.50048828125,0.1953125,-0.48828125
0,0.048828125,-0.4150390625,-0.1953125,-0.244140625,0.1953125,-0.37841796875,0.01220703125,0.06103515625,0.15869140625,0.30517578125,0.244140625,-0.64697265625,0.0244140625,2.4658203125,-0.13427734375,0.20751953125,-0.048828125,0.1953125,-0.048828125,0.47607421875,0,1.13525390625,-0.32958984375,-0.0732421875,-0.01220703125,-0.15869140625,-0.2197265625,-0.76904296875,0.09765625,0.93994140625,0.0732421875,0.25634765625,-0.35400390625,-0.30517578125,0.45166015625,-0.84228515625,-0.3662109375,-0.390625,-0.0244140625,-0.68359375,-0.2685546875,-0.146484375,-0.15869140625,-0.64697265625,-0.59814453125,-0.42724609375,-0.2685546875,0.50048828125,-0.341796875,1.23291015625,0.20751953125,0.5126953125,-0.146484375,-0.2197265625,0.08544921875,0.74462890625,-0.47607421875,0.67138671875,-1.07421875,0.4638671875,-0.4150390625,0.62255859375,-0.0244140625,0.13427734375,-0.28076171875,0.35400390625,0.25634765625,1.13525390625,-0.0732421875,0.29296875,-0.048828125,0.28076171875,0.01220703125,0.32958984375,0.03662109375,0.86669921875,0.0732421875,0.0732421875,0.244140625,1.3916015625,0.0244140625,-0.86669921875,-0.08544921875,-0.28076171875,0.1708984375,-0.9765625,-0.1220703125,-0.72021484375,0.03662109375,-1.4892578125,-0.341796875,-0.244140625,-0.50048828125,-0.30517578125,-0.10986328125,-1.23291015625,-0.0244140625,1.66015625,0.18310546875,4.84619140625,-0.1708984375,1.171875,0.03662109375,2.294921875,0.1220703125,-0.7080078125,-0.32958984375,-1.45263671875,-0.30517578125,-0.98876953125,-0.10986328125,0.4638671875,-0.08544921875,2.11181640625,-0.048828125,1.7822265625,-0.0732421875,1.11083984375,0.06103515625,3.7353515625,-0.146484375,-0.048828125,0.09765625,0.79345703125,0.13427734375,-0.47607421875,0.244140625,-0.47607421875
0,0.08544921875,-0.42724609375,-0.23193359375,-0.2197265625,0.23193359375,-0.40283203125,0.03662109375,0.0732421875,0.1708984375,0.537109375,0.23193359375,-0.4150390625,0.06103515625,3.30810546875,-0.1220703125,0.5126953125,-0.1220703125,0.2197265625,-0.01220703125,0.48828125,-0.20751953125,1.13525390625,-0.35400390625,-0.048828125,0.0244140625,-0.146484375,-0.10986328125,-0.78125,0.146484375,0.927734375,0.0732421875,0.25634765625,-0.42724609375,-0.29296875,0.42724609375,-0.84228515625,-0.341796875,-0.37841796875,-0.03662109375,-0.69580078125,-0.28076171875,-0.15869140625,-0.244140625,-0.6591796875,-0.62255859375,-0.48828125,-0.29296875,0.52490234375,-0.32958984375,1.220703125,0.18310546875,0.537109375,-0.1220703125,-0.20751953125,0.1220703125,0.7568359375,-0.5126953125,0.67138671875,-1.06201171875,0.439453125,-0.3662109375,0.634765625,0.0244140625,0.146484375,-0.13427734375,0.3662109375,0.28076171875,1.11083984375,-0.06103515625,0.28076171875,-0.08544921875,0.2685546875,0.0732421875,0.3173828125,0.10986328125,0.8544921875,0.08544921875,0.08544921875,0.20751953125,1.3916015625,0.03662109375,-0.87890625,-0.01220703125,-0.3173828125,0.1708984375,-0.96435546875,-0.09765625,-0.74462890625,0.01220703125,-1.4892578125,-0.37841796875,-0.28076171875,-0.390625,-0.3173828125,-0.18310546875,-1.220703125,0.048828125,1.9775390625,0.08544921875,5.5419921875,-0.10986328125,1.4404296875,-0.0244140625,2.587890625,0.2197265625,-0.7080078125,-0.23193359375,-1.4404296875,-0.28076171875,-1.01318359375,-0.18310546875,0.439453125,-0.08544921875,2.81982421875,-0.048828125,2.47802734375,-0.0732421875,1.6357421875,-0.0244140625,4.8828125,-0.15869140625,-0.08544921875,0.13427734375,0.8056640625,0.1708984375,-0.4638671875,0.2685546875,-0.47607421875
0,0.0732421875,-0.42724609375,-0.244140625,-0.2197265625,0.2197265625,-0.40283203125,0.048828125,0.0732421875,0.1953125,0.81787109375,0.2197265625,-0.18310546875,0.03662109375,4.2236328125,-0.10986328125,0.8056640625,-0.25634765625,0.1708984375,0.06103515625,0.47607421875,-0.4150390625,1.0986328125,-0.35400390625,-0.08544921875,0.03662109375,-0.13427734375,0,-0.78125,0.13427734375,0.91552734375,0.0732421875,0.244140625,-0.5126953125,-0.28076171875,0.35400390625,-0.830078125,-0.341796875,-0.37841796875,-0.048828125,-0.7080078125,-0.23193359375,-0.15869140625,-0.30517578125,-0.64697265625,-0.537109375,-0.5126953125,-0.244140625,0.5859375,-0.35400390625,1.20849609375,0.0732421875,0.5126953125,-0.1220703125,-0.1708984375,0.13427734375,0.76904296875,-0.54931640625,0.64697265625,-0.9765625,0.4150390625,-0.28076171875,0.64697265625,0.09765625,0.1708984375,-0.03662109375,0.341796875,0.2685546875,1.08642578125,-0.01220703125,0.2685546875,-0.0732421875,0.25634765625,0.1220703125,0.3173828125,0.13427734375,0.86669921875,0.048828125,0.08544921875,0.15869140625,1.37939453125,0.048828125,-0.89111328125,0.06103515625,-0.28076171875,0.1220703125,-0.96435546875,-0.048828125,-0.732421875,-0.01220703125,-1.47705078125,-0.37841796875,-0.28076171875,-0.244140625,-0.32958984375,-0.18310546875,-1.1962890625,0.0244140625,2.2216796875,0.048828125,6.0546875,-0.0732421875,1.59912109375,-0.10986328125,2.77099609375,0.1953125,-0.69580078125,-0.08544921875,-1.4404296875,-0.23193359375,-1.0009765625,-0.25634765625,0.45166015625,-0.08544921875,3.52783203125,-0.08544921875,3.2470703125,-0.08544921875,2.18505859375,-0.06103515625,6.0302734375,-0.1220703125,-0.0732421875,0.13427734375,0.78125,0.09765625,-0.439453125,0.28076171875,-0.47607421875
1,0.08544921875,-0.42724609375,-0.25634765625,-0.2197265625,0.244140625,-0.40283203125,0.048828125,0.0732421875,0.2197265625,1.08642578125,0.18310546875,0.048828125,0.0244140625,5.1025390625,-0.146484375,1.08642578125,-0.35400390625,0.10986328125,0.10986328125,0.439453125,-0.52490234375,1.025390625,-0.3662109375,-0.1220703125,0.0244140625,-0.10986328125,0.10986328125,-0.76904296875,0.13427734375,0.9033203125,0.06103515625,0.244140625,-0.50048828125,-0.29296875,0.341796875,-0.8544921875,-0.29296875,-0.37841796875,-0.09765625,-0.72021484375,-0.1220703125,-0.1708984375,-0.390625,-0.64697265625,-0.439453125,-0.52490234375,-0.244140625,0.6103515625,-0.45166015625,1.18408203125,-0.03662109375,0.537109375,-0.13427734375,-0.13427734375,0.09765625,0.8056640625,-0.57373046875,0.64697265625,-0.8544921875,0.42724609375,-0.146484375,0.6591796875,0.146484375,0.15869140625,0.09765625,0.3173828125,0.28076171875,1.0986328125,0.01220703125,0.2685546875,-0.048828125,0.25634765625,0.13427734375,0.30517578125,0.15869140625,0.830078125,0.0244140625,0.08544921875,0.15869140625,1.37939453125,0.08544921875,-0.927734375,0.10986328125,-0.28076171875,0.0732421875,-0.96435546875,-0.03662109375,-0.74462890625,-0.01220703125,-1.50146484375,-0.40283203125,-0.29296875,-0.0732421875,-0.30517578125,-0.18310546875,-1.171875,0.0244140625,2.28271484375,0.0732421875,6.34765625,-0.0244140625,1.69677734375,-0.09765625,2.86865234375,0.08544921875,-0.7080078125,0.09765625,-1.4404296875,-0.18310546875,-0.9765625,-0.29296875,0.45166015625,-0.0732421875,4.19921875,-0.0732421875,3.955078125,-0.0732421875,2.67333984375,0.048828125,7.1533203125,-0.09765625,-0.08544921875,0.1220703125,0.8056640625,0.08544921875,-0.42724609375,0.32958984375,-0.47607421875
1,0.048828125,-0.40283203125,-0.2685546875,-0.244140625,0.23193359375,-0.40283203125,0.01220703125,0.048828125,0.20751953125,1.318359375,0.18310546875,0.23193359375,0.0244140625,5.89599609375,-0.1220703125,1.3427734375,-0.390625,0.01220703125,0.15869140625,0.3662109375,-0.50048828125,0.9765625,-0.32958984375,-0.1953125,0,-0.09765625,0.15869140625,-0.76904296875,0.10986328125,0.93994140625,0.03662109375,0.2685546875,-0.47607421875,-0.3173828125,0.32958984375,-0.81787109375,-0.244140625,-0.40283203125,-0.10986328125,-0.72021484375,0.0244140625,-0.1953125,-0.439453125,-0.67138671875,-0.341796875,-0.52490234375,-0.32958984375,0.6103515625,-0.439453125,1.15966796875,-0.15869140625,0.52490234375,-0.15869140625,-0.09765625,0.048828125,0.8056640625,-0.5859375,0.6591796875,-0.72021484375,0.4150390625,0.0244140625,0.6591796875,0.15869140625,0.146484375,0.15869140625,0.30517578125,0.244140625,1.07421875,-0.01220703125,0.28076171875,0,0.25634765625,0.1220703125,0.30517578125,0.18310546875,0.86669921875,-0.01220703125,0.06103515625,0.146484375,1.37939453125,0.13427734375,-0.96435546875,0.1220703125,-0.30517578125,0.048828125,-0.98876953125,-0.0244140625,-0.7568359375,-0.0244140625,-1.47705078125,-0.37841796875,-0.3173828125,-0.0244140625,-0.30517578125,-0.10986328125,-1.1962890625,-0.03662109375,2.24609375,-0.03662109375,6.40869140625,-0.03662109375,1.69677734375,-0.03662109375,2.8564453125,0.01220703125,-0.7080078125,0.23193359375,-1.4404296875,-0.15869140625,-1.01318359375,-0.30517578125,0.439453125,-0.08544921875,4.7607421875,-0.1220703125,4.58984375,-0.08544921875,3.125,0.10986328125,8.14208984375,-0.08544921875,-0.08544921875,0.1220703125,0.81787109375,0.06103515625,-0.4150390625,0.341796875,-0.47607421875
1,0.09765625,-0.37841796875,-0.28076171875,-0.28076171875,0.25634765625,-0.4150390625,-0.0244140625,0.0244140625,0.18310546875,1.513671875,0.1708984375,0.40283203125,-0.09765625,6.48193359375,-0.146484375,1.5625,-0.40283203125,-0.10986328125,0.18310546875,0.28076171875,-0.35400390625,0.9033203125,-0.35400390625,-0.28076171875,-0.0244140625,-0.10986328125,0.146484375,-0.76904296875,0.0732421875,0.9521484375,0.0244140625,0.2685546875,-0.4150390625,-0.3173828125,0.390625,-0.830078125,-0.1953125,-0.42724609375,-0.0732421875,-0.72021484375,0.1708984375,-0.20751953125,-0.40283203125,-0.67138671875,-0.146484375,-0.4638671875,-0.4150390625,0.62255859375,-0.4638671875,1.15966796875,-0.1953125,0.50048828125,-0.18310546875,-0.08544921875,0.0244140625,0.79345703125,-0.59814453125,0.64697265625,-0.62255859375,0.439453125,0.146484375,0.6591796875,0.20751953125,0.146484375,0.2197265625,0.28076171875,0.25634765625,1.06201171875,-0.0244140625,0.28076171875,0.0732421875,0.244140625,0.09765625,0.3173828125,0.18310546875,0.830078125,0,0.06103515625,0.13427734375,1.40380859375,0.18310546875,-0.9765625,0.09765625,-0.32958984375,0.0244140625,-0.98876953125,-0.0244140625,-0.732421875,-0.048828125,-1.47705078125,-0.29296875,-0.28076171875,0.01220703125,-0.2685546875,-0.01220703125,-1.1962890625,-0.15869140625,2.1240234375,-0.08544921875,6.26220703125,-0.09765625,1.6357421875,0.06103515625,2.7587890625,-0.08544921875,-0.7080078125,0.2685546875,-1.4404296875,-0.10986328125,-1.0009765625,-0.25634765625,0.439453125,-0.0244140625,5.16357421875,-0.08544921875,5.078125,-0.0732421875,3.43017578125,0.1220703125,8.984375,-0.0732421875,-0.048828125,0.10986328125,0.830078125,0.09765625,-0.439453125,0.341796875,-0.4638671875
1,0.09765625,-0.35400390625,-0.28076171875,-0.30517578125,0.25634765625,-0.390625,-0.048828125,0.01220703125,0.1953125,1.64794921875,0.10986328125,0.4638671875,-0.15869140625,6.8115234375,-0.13427734375,1.67236328125,-0.341796875,-0.1953125,0.15869140625,0.23193359375,-0.23193359375,0.830078125,-0.32958984375,-0.35400390625,-0.048828125,-0.10986328125,0.09765625,-0.76904296875,0.048828125,0.96435546875,-0.0244140625,0.2685546875,-0.3173828125,-0.32958984375,0.50048828125,-0.84228515625,-0.15869140625,-0.42724609375,-0.03662109375,-0.69580078125,0.3173828125,-0.1953125,-0.37841796875,-0.6591796875,-0.0244140625,-0.42724609375,-0.439453125,0.62255859375,-0.52490234375,1.1474609375,-0.23193359375,0.50048828125,-0.2197265625,-0.10986328125,-0.0244140625,0.79345703125,-0.5615234375,0.634765625,-0.50048828125,0.45166015625,0.23193359375,0.67138671875,0.244140625,0.1220703125,0.29296875,0.2685546875,0.1953125,1.0498046875,-0.0244140625,0.29296875,0.146484375,0.20751953125,0.09765625,0.3173828125,0.18310546875,0.84228515625,0,0.06103515625,0.1220703125,1.3916015625,0.20751953125,-0.9521484375,0.0732421875,-0.32958984375,0.01220703125,-0.98876953125,-0.08544921875,-0.732421875,-0.0244140625,-1.45263671875,-0.2197265625,-0.2685546875,-0.03662109375,-0.2685546875,0.08544921875,-1.220703125,-0.29296875,1.9287109375,-0.10986328125,5.95703125,-0.15869140625,1.513671875,0.1708984375,2.6123046875,-0.10986328125,-0.74462890625,0.25634765625,-1.4404296875,-0.1220703125,-0.9765625,-0.2197265625,0.439453125,-0.0244140625,5.3955078125,-0.09765625,5.35888671875,-0.06103515625,3.62548828125,0.08544921875,9.60693359375,-0.09765625,-0.0244140625,0.09765625,0.8544921875,0.146484375,-0.439453125,0.29296875,-0.4638671875
1,0.08544921875,-0.32958984375,-0.29296875,-0.30517578125,0.28076171875,-0.390625,-0.06103515625,0.0244140625,0.1953125,1.6845703125,0.09765625,0.5126953125,-0.20751953125,6.884765625,-0.15869140625,1.7333984375,-0.1953125,-0.28076171875,0.18310546875,0.15869140625,0,0.78125,-0.244140625,-0.40283203125,-0.01220703125,-0.10986328125,0.01220703125,-0.7568359375,-0.01220703125,0.9765625,-0.13427734375,0.25634765625,-0.244140625,-0.3173828125,0.57373046875,-0.830078125,-0.146484375,-0.40283203125,-0.0244140625,-0.69580078125,0.341796875,-0.18310546875,-0.244140625,-0.67138671875,0,-0.4150390625,-0.4150390625,0.59814453125,-0.50048828125,1.13525390625,-0.2197265625,0.50048828125,-0.28076171875,-0.10986328125,-0.01220703125,0.76904296875,-0.48828125,0.6591796875,-0.42724609375,0.4638671875,0.341796875,0.64697265625,0.1953125,0.1220703125,0.3173828125,0.2685546875,0.13427734375,1.06201171875,-0.01220703125,0.2685546875,0.2197265625,0.18310546875,0.09765625,0.32958984375,0.1708984375,0.84228515625,0.03662109375,0.048828125,0.1220703125,1.37939453125,0.18310546875,-0.927734375,0.03662109375,-0.341796875,0.0244140625,-0.9765625,-0.15869140625,-0.74462890625,-0.03662109375,-1.42822265625,-0.15869140625,-0.244140625,-0.0732421875,-0.2685546875,0.2197265625,-1.23291015625,-0.37841796875,1.69677734375,-0.146484375,5.50537109375,-0.1953125,1.35498046875,0.2685546875,2.44140625,-0.09765625,-0.732421875,0.18310546875,-1.42822265625,-0.1220703125,-0.9521484375,-0.13427734375,0.439453125,-0.0732421875,5.46875,-0.10986328125,5.48095703125,-0.08544921875,3.72314453125,-0.048828125,10.009765625,-0.1220703125,-0.03662109375,0.10986328125,0.8544921875,0.146484375,-0.4638671875,0.244140625,-0.45166015625
1,0.09765625,-0.3173828125,-0.3173828125,-0.29296875,0.30517578125,-0.390625,-0.1220703125,0.03662109375,0.20751953125,1.611328125,0.06103515625,0.48828125,-0.244140625,6.7138671875,-0.146484375,1.69677734375,-0.10986328125,-0.341796875,0.09765625,0.10986328125,0.15869140625,0.732421875,-0.1953125,-0.45166015625,0.01220703125,-0.1220703125,-0.09765625,-0.7568359375,-0.0244140625,0.9765625,-0.2197265625,0.244140625,-0.18310546875,-0.29296875,0.69580078125,-0.830078125,-0.1220703125,-0.40283203125,-0.0244140625,-0.68359375,0.32958984375,-0.1708984375,-0.10986328125,-0.6591796875,0.0244140625,-0.3662109375,-0.32958984375,0.57373046875,-0.52490234375,1.171875,-0.244140625,0.48828125,-0.2685546875,-0.13427734375,-0.01220703125,0.76904296875,-0.4150390625,0.67138671875,-0.439453125,0.47607421875,0.390625,0.634765625,0.08544921875,0.10986328125,0.35400390625,0.2197265625,0.10986328125,1.0498046875,0,0.2685546875,0.244140625,0.18310546875,0.10986328125,0.3173828125,0.10986328125,0.830078125,0.0244140625,0.06103515625,0.1708984375,1.37939453125,0.1220703125,-0.93994140625,-0.01220703125,-0.32958984375,0.03662109375,-1.0009765625,-0.28076171875,-0.732421875,-0.048828125,-1.416015625,-0.06103515625,-0.23193359375,-0.13427734375,-0.25634765625,0.29296875,-1.26953125,-0.4150390625,1.4404296875,-0.20751953125,5.0048828125,-0.1953125,1.171875,0.3173828125,2.2216796875,-0.08544921875,-0.732421875,0.048828125,-1.416015625,-0.13427734375,-0.9765625,-0.048828125,0.45166015625,-0.0732421875,5.45654296875,-0.0732421875,5.48095703125,-0.0732421875,3.7109375,0.06103515625,10.21728515625,-0.146484375,-0.0244140625,0.146484375,0.8544921875,0.20751953125,-0.4638671875,0.18310546875,-0.4638671875
1,0.10986328125,-0.3173828125,-0.341796875,-0.2685546875,0.3173828125,-0.3662109375,-0.13427734375,0.048828125,0.1953125,1.4892578125,0.06103515625,0.4150390625,-0.25634765625,6.3232421875,-0.13427734375,1.59912109375,0.01220703125,-0.3662109375,0.048828125,0.0732421875,0.1953125,0.72021484375,-0.146484375,-0.4638671875,0.0244140625,-0.1220703125,-0.18310546875,-0.76904296875,-0.09765625,0.96435546875,-0.28076171875,0.244140625,-0.15869140625,-0.3173828125,0.78125,-0.830078125,-0.1220703125,-0.40283203125,0.01220703125,-0.68359375,0.29296875,-0.18310546875,0.0244140625,-0.634765625,-0.08544921875,-0.35400390625,-0.244140625,0.537109375,-0.4638671875,1.1962890625,-0.2197265625,0.47607421875,-0.2685546875,-0.15869140625,0,0.72021484375,-0.32958984375,0.68359375,-0.439453125,0.4638671875,0.48828125,0.59814453125,-0.0244140625,0.10986328125,0.32958984375,0.23193359375,0.0732421875,1.07421875,0.0244140625,0.2685546875,0.25634765625,0.18310546875,0.10986328125,0.3173828125,0.10986328125,0.830078125,-0.01220703125,0.03662109375,0.2197265625,1.3671875,0.03662109375,-0.91552734375,-0.06103515625,-0.3173828125,0.048828125,-1.01318359375,-0.37841796875,-0.732421875,-0.03662109375,-1.42822265625,0.0244140625,-0.20751953125,-0.1708984375,-0.2685546875,0.341796875,-1.28173828125,-0.32958984375,1.23291015625,-0.23193359375,4.50439453125,-0.1708984375,0.9765625,0.32958984375,2.0263671875,-0.0732421875,-0.74462890625,-0.09765625,-1.4404296875,-0.10986328125,-0.98876953125,0.03662109375,0.4638671875,-0.0732421875,5.3466796875,-0.03662109375,5.37109375,-0.06103515625,3.64990234375,0.1220703125,10.205078125,-0.15869140625,-0.0244140625,0.15869140625,0.8544921875,0.23193359375,-0.47607421875,0.10986328125,-0.4638671875
1,0.10986328125,-0.3173828125,-0.32958984375,-0.2685546875,0.32958984375,-0.37841796875,-0.18310546875,0.06103515625,0.2197265625,1.318359375,0.048828125,0.3173828125,-0.2685546875,5.810546875,-0.10986328125,1.416015625,0.146484375,-0.40283203125,0.146484375,0.03662109375,0.390625,0.732421875,-0.01220703125,-0.4638671875,0.0244140625,-0.13427734375,-0.244140625,-0.76904296875,-0.09765625,0.9765625,-0.2685546875,0.25634765625,-0.18310546875,-0.3173828125,0.79345703125,-0.81787109375,-0.1708984375,-0.4150390625,0.048828125,-0.67138671875,0.1953125,-0.1708984375,0.10986328125,-0.634765625,-0.1708984375,-0.3662109375,-0.18310546875,0.50048828125,-0.42724609375,1.20849609375,-0.1220703125,0.50048828125,-0.30517578125,-0.18310546875,0.06103515625,0.732421875,-0.30517578125,0.68359375,-0.54931640625,0.48828125,0.50048828125,0.5859375,-0.1220703125,0.10986328125,0.3173828125,0.1953125,0.06103515625,1.08642578125,0.0244140625,0.28076171875,0.25634765625,0.1953125,0.08544921875,0.3173828125,0.03662109375,0.830078125,0.0244140625,0.03662109375,0.2197265625,1.3916015625,-0.01220703125,-0.9033203125,-0.10986328125,-0.341796875,0.048828125,-1.01318359375,-0.4638671875,-0.74462890625,-0.0244140625,-1.4404296875,0.048828125,-0.2197265625,-0.20751953125,-0.3173828125,0.3173828125,-1.26953125,-0.25634765625,1.06201171875,-0.3662109375,4.052734375,-0.1220703125,0.830078125,0.3173828125,1.89208984375,-0.06103515625,-0.74462890625,-0.244140625,-1.42822265625,-0.09765625,-1.01318359375,0.09765625,0.45166015625,-0.0732421875,5.18798828125,-0.01220703125,5.18798828125,-0.06103515625,3.52783203125,-0.03662109375,10.04638671875,-0.13427734375,-0.0244140625,0.146484375,0.87890625,0.244140625,-0.4638671875,0.06103515625,-0.4638671875
1,0.09765625,-0.32958984375,-0.3662109375,-0.25634765625,0.32958984375,-0.37841796875,-0.20751953125,0.0732421875,0.23193359375,1.13525390625,0.03662109375,0.1953125,-0.28076171875,5.26123046875,-0.13427734375,1.23291015625,0.1220703125,-0.37841796875,0.18310546875,0,0.3662109375,0.78125,0.048828125,-0.4638671875,0.0244140625,-0.13427734375,-0.2685546875,-0.7568359375,-0.10986328125,0.9765625,-0.1953125,0.244140625,-0.2197265625,-0.30517578125,0.74462890625,-0.81787109375,-0.18310546875,-0.4150390625,0.08544921875,-0.67138671875,0.13427734375,-0.1708984375,0.10986328125,-0.634765625,-0.23193359375,-0.40283203125,-0.13427734375,0.50048828125,-0.3662109375,1.25732421875,-0.0244140625,0.52490234375,-0.30517578125,-0.20751953125,0.08544921875,0.74462890625,-0.244140625,0.69580078125,-0.6591796875,0.48828125,0.3662109375,0.54931640625,-0.15869140625,0.13427734375,0.3173828125,0.18310546875,-0.0244140625,1.08642578125,0.01220703125,0.29296875,0.23193359375,0.2197265625,0.048828125,0.3173828125,0.0244140625,0.830078125,0.01220703125,0.03662109375,0.244140625,1.3671875,-0.01220703125,-0.89111328125,-0.18310546875,-0.32958984375,0.06103515625,-1.025390625,-0.47607421875,-0.7568359375,0.0244140625,-1.45263671875,0.01220703125,-0.2197265625,-0.2197265625,-0.30517578125,0.25634765625,-1.2451171875,-0.15869140625,0.93994140625,-0.439453125,3.7109375,-0.09765625,0.7080078125,0.244140625,1.7822265625,-0.08544921875,-0.7080078125,-0.32958984375,-1.416015625,-0.08544921875,-0.98876953125,0.10986328125,0.47607421875,-0.0732421875,5.0048828125,-0.03662109375,4.98046875,-0.0732421875,3.41796875,-0.15869140625,9.716796875,-0.146484375,-0.048828125,0.146484375,0.8544921875,0.2685546875,-0.45166015625,0.03662109375,-0.45166015625
1,0.1220703125,-0.341796875,-0.37841796875,-0.25634765625,0.3173828125,-0.3662109375,-0.1953125,0.06103515625,0.2197265625,0.927734375,0.0244140625,0.0244140625,-0.2685546875,4.72412109375,-0.08544921875,1.0498046875,0.1220703125,-0.37841796875,0.2685546875,-0.01220703125,0.30517578125,0.84228515625,0.1708984375,-0.4638671875,-0.01220703125,-0.1220703125,-0.28076171875,-0.7568359375,-0.0732421875,0.96435546875,-0.10986328125,0.25634765625,-0.18310546875,-0.3173828125,0.69580078125,-0.8056640625,-0.25634765625,-0.42724609375,0.10986328125,-0.67138671875,0.08544921875,-0.15869140625,0.08544921875,-0.634765625,-0.28076171875,-0.42724609375,-0.09765625,0.48828125,-0.28076171875,1.28173828125,0.0732421875,0.52490234375,-0.244140625,-0.20751953125,0.1708984375,0.7568359375,-0.23193359375,0.68359375,-0.76904296875,0.47607421875,0.35400390625,0.5615234375,-0.146484375,0.13427734375,0.28076171875,0.1708984375,-0.1220703125,1.08642578125,0,0.30517578125,0.20751953125,0.25634765625,-0.01220703125,0.29296875,-0.01220703125,0.81787109375,0.0244140625,0.048828125,0.23193359375,1.3671875,0,-0.89111328125,-0.2685546875,-0.32958984375,0.09765625,-1.0009765625,-0.4638671875,-0.72021484375,0.06103515625,-1.47705078125,-0.0244140625,-0.23193359375,-0.1708984375,-0.30517578125,0.1220703125,-1.220703125,-0.08544921875,0.89111328125,-0.45166015625,3.466796875,-0.08544921875,0.634765625,0.1708984375,1.6845703125,-0.146484375,-0.7080078125,-0.341796875,-1.42822265625,-0.09765625,-1.0009765625,0.06103515625,0.4638671875,-0.0732421875,4.833984375,-0.06103515625,4.77294921875,-0.08544921875,3.271484375,-0.1953125,9.28955078125,-0.146484375,-0.048828125,0.10986328125,0.86669921875,0.25634765625,-0.4638671875,0.03662109375,-0.4638671875
1,0.146484375,-0.35400390625,-0.390625,-0.244140625,0.3173828125,-0.3662109375,-0.2197265625,0.06103515625,0.25634765625,0.7568359375,0.01220703125,-0.1220703125,-0.23193359375,4.19921875,-0.10986328125,0.81787109375,0.01220703125,-0.390625,0.3173828125,-0.048828125,0.2197265625,0.86669921875,0.25634765625,-0.45166015625,-0.06103515625,-0.146484375,-0.244140625,-0.76904296875,0,0.96435546875,0.01220703125,0.25634765625,-0.1708984375,-0.32958984375,0.62255859375,-0.8056640625,-0.29296875,-0.40283203125,0.09765625,-0.68359375,0,-0.146484375,0.0244140625,-0.64697265625,-0.28076171875,-0.45166015625,-0.0244140625,0.5126953125,-0.28076171875,1.30615234375,0.20751953125,0.52490234375,-0.15869140625,-0.18310546875,0.25634765625,0.76904296875,-0.244140625,0.67138671875,-0.9033203125,0.45166015625,0.18310546875,0.5615234375,-0.1220703125,0.15869140625,0.20751953125,0.18310546875,-0.15869140625,1.08642578125,0,0.30517578125,0.146484375,0.23193359375,-0.06103515625,0.32958984375,-0.048828125,0.830078125,0.0732421875,0.06103515625,0.20751953125,1.35498046875,0,-0.87890625,-0.32958984375,-0.30517578125,0.1220703125,-1.0009765625,-0.40283203125,-0.732421875,0.08544921875,-1.4892578125,-0.1220703125,-0.244140625,-0.09765625,-0.28076171875,-0.048828125,-1.1962890625,-0.0244140625,0.86669921875,-0.4150390625,3.30810546875,-0.0732421875,0.5859375,0.08544921875,1.611328125,-0.2197265625,-0.69580078125,-0.2685546875,-1.416015625,-0.15869140625,-1.025390625,0,0.45166015625,-0.06103515625,4.65087890625,-0.06103515625,4.57763671875,-0.0732421875,3.11279296875,-0.20751953125,8.77685546875,-0.15869140625,-0.048828125,0.0732421875,0.86669921875,0.244140625,-0.439453125,0.08544921875,-0.4638671875
1,0.13427734375,-0.37841796875,-0.42724609375,-0.2685546875,0.341796875,-0.40283203125,-0.20751953125,0.048828125,0.23193359375,0.6103515625,0.01220703125,-0.2685546875,-0.20751953125,3.79638671875,-0.10986328125,0.67138671875,-0.06103515625,-0.3662109375,0.3173828125,-0.03662109375,0.08544921875,0.927734375,0.30517578125,-0.42724609375,-0.10986328125,-0.13427734375,-0.18310546875,-0.7568359375,0.0732421875,0.96435546875,0.1220703125,0.25634765625,-0.1708984375,-0.32958984375,0.537109375,-0.79345703125,-0.37841796875,-0.40283203125,0.048828125,-0.69580078125,-0.048828125,-0.15869140625,-0.06103515625,-0.634765625,-0.30517578125,-0.47607421875,-0.06103515625,0.52490234375,-0.244140625,1.318359375,0.25634765625,0.537109375,-0.10986328125,-0.10986328125,0.3173828125,0.76904296875,-0.25634765625,0.6591796875,-0.9765625,0.45166015625,0.09765625,0.57373046875,-0.10986328125,0.1708984375,0.09765625,0.1708984375,-0.2197265625,1.07421875,-0.01220703125,0.30517578125,0.09765625,0.244140625,-0.09765625,0.3173828125,-0.048828125,0.81787109375,0.08544921875,0.08544921875,0.1708984375,1.35498046875,0,-0.9033203125,-0.390625,-0.3173828125,0.1708984375,-1.01318359375,-0.32958984375,-0.74462890625,0.08544921875,-1.52587890625,-0.20751953125,-0.244140625,-0.048828125,-0.30517578125,-0.23193359375,-1.1474609375,0.03662109375,0.84228515625,-0.32958984375,3.23486328125,-0.10986328125,0.5615234375,0.01220703125,1.5625,-0.28076171875,-0.7080078125,-0.15869140625,-1.416015625,-0.1953125,-1.03759765625,-0.0732421875,0.439453125,-0.0732421875,4.45556640625,-0.03662109375,4.3701171875,-0.06103515625,2.9541015625,-0.2197265625,8.251953125,-0.15869140625,-0.06103515625,0.0244140625,0.84228515625,0.20751953125,-0.45166015625,0.13427734375,-0.4638671875
1,0.10986328125,-0.4150390625,-0.4150390625,-0.25634765625,0.3662109375,-0.40283203125,-0.2197265625,0.048828125,0.244140625,0.47607421875,0,-0.37841796875,-0.18310546875,3.41796875,-0.1220703125,0.52490234375,-0.146484375,-0.341796875,0.30517578125,-0.0244140625,-0.08544921875,0.9765625,0.29296875,-0.40283203125,-0.13427734375,-0.1220703125,-0.1220703125,-0.74462890625,0.15869140625,0.96435546875,0.1708984375,0.244140625,-0.146484375,-0.3173828125,0.4638671875,-0.8056640625,-0.40283203125,-0.40283203125,-0.01220703125,-0.72021484375,-0.08544921875,-0.15869140625,-0.13427734375,-0.6591796875,-0.3662109375,-0.48828125,-0.13427734375,0.5615234375,-0.23193359375,1.33056640625,0.2685546875,0.5126953125,-0.048828125,-0.10986328125,0.32958984375,0.78125,-0.30517578125,0.6591796875,-1.01318359375,0.4638671875,0,0.59814453125,-0.15869140625,0.1708984375,0,0.1708984375,-0.244140625,1.06201171875,-0.01220703125,0.3173828125,0.06103515625,0.244140625,-0.146484375,0.35400390625,-0.09765625,0.81787109375,0.13427734375,0.0732421875,0.13427734375,1.35498046875,0.03662109375,-0.93994140625,-0.390625,-0.32958984375,0.2197265625,-1.01318359375,-0.29296875,-0.74462890625,0.0732421875,-1.5380859375,-0.2685546875,-0.25634765625,-0.10986328125,-0.30517578125,-0.3662109375,-1.123046875,0.048828125,0.79345703125,-0.2197265625,3.13720703125,-0.1708984375,0.52490234375,-0.048828125,1.4892578125,-0.3173828125,-0.69580078125,-0.048828125,-1.416015625,-0.244140625,-1.025390625,-0.13427734375,0.439453125,-0.08544921875,4.2724609375,-0.03662109375,4.18701171875,-0.0732421875,2.74658203125,-0.1220703125,7.70263671875,-0.146484375,-0.03662109375,-0.0244140625,0.830078125,0.18310546875,-0.45166015625,0.15869140625,-0.47607421875
1,0.1220703125,-0.4150390625,-0.42724609375,-0.2685546875,0.37841796875,-0.40283203125,-0.244140625,0.03662109375,0.244140625,0.35400390625,-0.01220703125,-0.5126953125,-0.15869140625,3.08837890625,-0.1220703125,0.40283203125,-0.1953125,-0.30517578125,0.18310546875,0,-0.20751953125,1.025390625,0.15869140625,-0.37841796875,-0.146484375,-0.10986328125,-0.048828125,-0.74462890625,0.244140625,0.9521484375,0.15869140625,0.2685546875,-0.1953125,-0.32958984375,0.390625,-0.8056640625,-0.4150390625,-0.439453125,-0.0732421875,-0.72021484375,-0.13427734375,-0.15869140625,-0.1708984375,-0.6591796875,-0.3662109375,-0.45166015625,-0.1708984375,0.57373046875,-0.20751953125,1.35498046875,0.20751953125,0.48828125,-0.0244140625,-0.08544921875,0.28076171875,0.79345703125,-0.3662109375,0.634765625,-0.96435546875,0.47607421875,-0.10986328125,0.59814453125,-0.23193359375,0.15869140625,-0.08544921875,0.18310546875,-0.2197265625,1.06201171875,-0.03662109375,0.3173828125,0.0244140625,0.23193359375,-0.20751953125,0.341796875,-0.09765625,0.830078125,0.146484375,0.0732421875,0.10986328125,1.3671875,0.0732421875,-0.927734375,-0.30517578125,-0.3173828125,0.28076171875,-1.01318359375,-0.244140625,-0.74462890625,0.03662109375,-1.5380859375,-0.30517578125,-0.23193359375,-0.20751953125,-0.25634765625,-0.3662109375,-1.11083984375,0.0244140625,0.72021484375,-0.01220703125,2.978515625,-0.2685546875,0.50048828125,-0.09765625,1.40380859375,-0.3173828125,-0.69580078125,0.048828125,-1.42822265625,-0.30517578125,-1.025390625,-0.1708984375,0.42724609375,-0.06103515625,4.08935546875,0.01220703125,4.00390625,-0.0732421875,2.5634765625,-0.1220703125,7.2265625,-0.146484375,-0.01220703125,-0.0732421875,0.830078125,0.15869140625,-0.48828125,0.1708984375,-0.48828125
1,0.09765625,-0.4150390625,-0.40283203125,-0.28076171875,0.4150390625,-0.40283203125,-0.244140625,0.06103515625,0.244140625,0.25634765625,-0.0244140625,-0.62255859375,-0.15869140625,2.74658203125,-0.146484375,0.2685546875,-0.23193359375,-0.28076171875,0.10986328125,0.048828125,-0.1708984375,1.06201171875,0.01220703125,-0.341796875,-0.1220703125,-0.10986328125,0,-0.7568359375,0.29296875,0.96435546875,0.13427734375,0.28076171875,-0.32958984375,-0.32958984375,0.3173828125,-0.81787109375,-0.439453125,-0.42724609375,-0.1220703125,-0.732421875,-0.1708984375,-0.1708984375,-0.15869140625,-0.67138671875,-0.40283203125,-0.42724609375,-0.23193359375,0.57373046875,-0.15869140625,1.3427734375,0.15869140625,0.47607421875,0.01220703125,-0.08544921875,0.1953125,0.78125,-0.3662109375,0.62255859375,-0.830078125,0.50048828125,-0.13427734375,0.634765625,-0.2685546875,0.1220703125,-0.2197265625,0.1953125,-0.23193359375,1.0498046875,-0.06103515625,0.3173828125,-0.03662109375,0.20751953125,-0.2685546875,0.341796875,-0.09765625,0.830078125,0.1708984375,0.09765625,0.09765625,1.35498046875,0.1220703125,-0.93994140625,-0.2197265625,-0.3173828125,0.341796875,-1.0009765625,-0.2197265625,-0.7568359375,-0.01220703125,-1.55029296875,-0.3173828125,-0.25634765625,-0.341796875,-0.25634765625,-0.29296875,-1.123046875,0.048828125,0.57373046875,0.10986328125,2.74658203125,-0.29296875,0.439453125,-0.048828125,1.28173828125,-0.23193359375,-0.72021484375,0.10986328125,-1.42822265625,-0.341796875,-1.01318359375,-0.20751953125,0.42724609375,-0.06103515625,3.86962890625,0.03662109375,3.82080078125,-0.0732421875,2.40478515625,-0.1220703125,6.82373046875,-0.15869140625,0,-0.06103515625,0.84228515625,0.1708984375,-0.48828125,0.13427734375,-0.50048828125
0,0.08544921875,-0.390625,-0.390625,-0.2685546875,0.4150390625,-0.390625,-0.2197265625,0.048828125,0.244140625,0.146484375,-0.03662109375,-0.7568359375,-0.1708984375,2.34375,-0.1708984375,0.15869140625,-0.2197265625,-0.1953125,0.03662109375,0.10986328125,-0.048828125,1.0986328125,-0.1953125,-0.28076171875,-0.0244140625,-0.09765625,0.01220703125,-0.76904296875,0.3662109375,0.9765625,0.09765625,0.2685546875,-0.42724609375,-0.30517578125,0.25634765625,-0.8056640625,-0.390625,-0.439453125,-0.18310546875,-0.72021484375,-0.23193359375,-0.1708984375,-0.10986328125,-0.68359375,-0.42724609375,-0.37841796875,-0.20751953125,0.5859375,-0.20751953125,1.33056640625,0.146484375,0.47607421875,0,-0.1220703125,0.09765625,0.76904296875,-0.37841796875,0.62255859375,-0.732421875,0.5126953125,-0.15869140625,0.6591796875,-0.20751953125,0.1220703125,-0.32958984375,0.20751953125,-0.2197265625,1.03759765625,-0.08544921875,0.30517578125,-0.0732421875,0.2197265625,-0.30517578125,0.35400390625,-0.0732421875,0.84228515625,0.1708984375,0.0732421875,0.08544921875,1.37939453125,0.10986328125,-0.96435546875,-0.08544921875,-0.341796875,0.341796875,-1.0009765625,-0.1953125,-0.7568359375,-0.08544921875,-1.52587890625,-0.3173828125,-0.2685546875,-0.48828125,-0.2685546875,-0.10986328125,-1.13525390625,0.0244140625,0.390625,0.146484375,2.35595703125,-0.341796875,0.29296875,-0.048828125,1.123046875,-0.0732421875,-0.7080078125,0.09765625,-1.42822265625,-0.37841796875,-1.01318359375,-0.244140625,0.42724609375,-0.03662109375,3.6865234375,0.03662109375,3.662109375,-0.0732421875,2.23388671875,-0.146484375,6.5185546875,-0.20751953125,0.01220703125,-0.048828125,0.81787109375,0.20751953125,-0.50048828125,0.09765625,-0.50048828125
0,0.09765625,-0.3662109375,-0.40283203125,-0.244140625,0.42724609375,-0.390625,-0.2197265625,0.048828125,0.244140625,0.0244140625,-0.0244140625,-0.87890625,-0.18310546875,1.91650390625,-0.1708984375,-0.01220703125,-0.23193359375,-0.08544921875,-0.10986328125,0.2197265625,-0.10986328125,1.13525390625,-0.42724609375,-0.20751953125,0.06103515625,-0.09765625,0.01220703125,-0.7568359375,0.341796875,0.96435546875,0.06103515625,0.25634765625,-0.52490234375,-0.341796875,0.1953125,-0.81787109375,-0.3662109375,-0.4638671875,-0.23193359375,-0.72021484375,-0.20751953125,-0.1708984375,0.01220703125,-0.6591796875,-0.35400390625,-0.341796875,-0.18310546875,0.5615234375,-0.2685546875,1.2939453125,0.1220703125,0.48828125,-0.048828125,-0.146484375,0.0732421875,0.76904296875,-0.35400390625,0.634765625,-0.5859375,0.52490234375,-0.15869140625,0.68359375,-0.15869140625,0.10986328125,-0.40283203125,0.2197265625,-0.20751953125,1.06201171875,-0.08544921875,0.28076171875,-0.10986328125,0.20751953125,-0.3173828125,0.3173828125,-0.0732421875,0.84228515625,0.15869140625,0.06103515625,0.10986328125,1.3916015625,0.1220703125,-0.96435546875,0,-0.35400390625,0.3662109375,-0.98876953125,-0.146484375,-0.74462890625,-0.146484375,-1.513671875,-0.29296875,-0.244140625,-0.57373046875,-0.2685546875,0.0732421875,-1.13525390625,0,0.146484375,0.18310546875,1.85546875,-0.3173828125,0.13427734375,0.01220703125,0.9033203125,0.0732421875,-0.732421875,0.0732421875,-1.45263671875,-0.37841796875,-1.01318359375,-0.29296875,0.4150390625,-0.048828125,3.4912109375,0.048828125,3.50341796875,-0.08544921875,2.1240234375,-0.13427734375,6.25,-0.244140625,0.01220703125,0,0.830078125,0.23193359375,-0.5126953125,0.06103515625,-0.5126953125
0,0.08544921875,-0.35400390625,-0.4150390625,-0.23193359375,0.42724609375,-0.37841796875,-0.1953125,0.03662109375,0.244140625,-0.10986328125,-0.0244140625,-1.025390625,-0.1953125,1.45263671875,-0.15869140625,-0.15869140625,-0.15869140625,0,-0.1220703125,0.30517578125,-0.10986328125,1.13525390625,-0.5615234375,-0.146484375,0.13427734375,-0.09765625,-0.01220703125,-0.7568359375,0.2685546875,0.96435546875,0.0244140625,0.25634765625,-0.54931640625,-0.341796875,0.20751953125,-0.830078125,-0.30517578125,-0.48828125,-0.28076171875,-0.69580078125,-0.18310546875,-0.20751953125,0.1220703125,-0.6591796875,-0.3662109375,-0.32958984375,-0.09765625,0.52490234375,-0.32958984375,1.2939453125,0.0732421875,0.48828125,-0.08544921875,-0.1708984375,-0.01220703125,0.74462890625,-0.29296875,0.634765625,-0.37841796875,0.537109375,-0.13427734375,0.68359375,-0.09765625,0.10986328125,-0.45166015625,0.2685546875,-0.1953125,1.07421875,-0.08544921875,0.25634765625,-0.09765625,0.2197265625,-0.35400390625,0.3173828125,-0.0732421875,0.84228515625,0.1708984375,0.0732421875,0.1220703125,1.3916015625,0.13427734375,-0.96435546875,0.146484375,-0.341796875,0.3662109375,-0.98876953125,-0.1220703125,-0.732421875,-0.1953125,-1.4892578125,-0.244140625,-0.244140625,-0.59814453125,-0.244140625,0.25634765625,-1.15966796875,-0.03662109375,-0.13427734375,0.15869140625,1.26953125,-0.23193359375,-0.09765625,0.0732421875,0.67138671875,0.20751953125,-0.732421875,0,-1.4404296875,-0.30517578125,-1.01318359375,-0.2685546875,0.439453125,-0.03662109375,3.33251953125,0.0732421875,3.35693359375,-0.08544921875,2.0263671875,-0.146484375,6.0791015625,-0.2685546875,-0.01220703125,0.0244140625,0.830078125,0.2197265625,-0.50048828125,0.0244140625,-0.52490234375
0,0.09765625,-0.32958984375,-0.439453125,-0.244140625,0.4150390625,-0.37841796875,-0.1953125,0.03662109375,0.244140625,-0.25634765625,-0.03662109375,-1.171875,-0.2197265625,0.93994140625,-0.18310546875,-0.32958984375,-0.18310546875,0.06103515625,-0.15869140625,0.390625,-0.13427734375,1.123046875,-0.59814453125,-0.08544921875,0.20751953125,-0.1220703125,-0.01220703125,-0.76904296875,0.15869140625,0.96435546875,0,0.25634765625,-0.52490234375,-0.341796875,0.20751953125,-0.84228515625,-0.20751953125,-0.48828125,-0.30517578125,-0.7080078125,-0.09765625,-0.18310546875,0.20751953125,-0.6591796875,-0.35400390625,-0.32958984375,-0.0244140625,0.50048828125,-0.3662109375,1.2451171875,0.03662109375,0.48828125,-0.13427734375,-0.18310546875,-0.0244140625,0.7568359375,-0.20751953125,0.64697265625,-0.244140625,0.5615234375,-0.1220703125,0.69580078125,-0.09765625,0.1220703125,-0.4638671875,0.29296875,-0.15869140625,1.0986328125,-0.09765625,0.23193359375,-0.10986328125,0.23193359375,-0.37841796875,0.29296875,-0.01220703125,0.84228515625,0.13427734375,0.048828125,0.1708984375,1.3916015625,0.13427734375,-0.927734375,0.244140625,-0.3173828125,0.3173828125,-0.9765625,-0.09765625,-0.72021484375,-0.244140625,-1.47705078125,-0.244140625,-0.2685546875,-0.537109375,-0.2685546875,0.3173828125,-1.20849609375,-0.1220703125,-0.3662109375,0.048828125,0.67138671875,-0.146484375,-0.28076171875,0.08544921875,0.4638671875,0.29296875,-0.732421875,-0.0732421875,-1.45263671875,-0.20751953125,-1.0009765625,-0.2685546875,0.45166015625,-0.048828125,3.11279296875,0.06103515625,3.18603515625,-0.0732421875,1.91650390625,-0.13427734375,5.82275390625,-0.2685546875,-0.0244140625,0.03662109375,0.84228515625,0.2197265625,-0.50048828125,0.0244140625,-0.5126953125
0,0.08544921875,-0.32958984375,-0.47607421875,-0.2197265625,0.390625,-0.35400390625,-0.18310546875,0.03662109375,0.2197265625,-0.390625,-0.048828125,-1.2939453125,-0.244140625,0.4638671875,-0.18310546875,-0.50048828125,-0.23193359375,0.10986328125,-0.08544921875,0.439453125,-0.23193359375,1.11083984375,-0.5126953125,-0.0732421875,0.2197265625,-0.10986328125,-0.01220703125,-0.7568359375,0.03662109375,0.9521484375,-0.01220703125,0.244140625,-0.45166015625,-0.341796875,0.2197265625,-0.81787109375,-0.146484375,-0.47607421875,-0.3173828125,-0.69580078125,-0.01220703125,-0.20751953125,0.23193359375,-0.67138671875,-0.3662109375,-0.35400390625,0,0.50048828125,-0.3662109375,1.18408203125,-0.0244140625,0.48828125,-0.1953125,-0.20751953125,-0.0244140625,0.7568359375,-0.15869140625,0.68359375,-0.06103515625,0.54931640625,-0.146484375,0.6591796875,-0.10986328125,0.1220703125,-0.50048828125,0.30517578125,-0.08544921875,1.08642578125,-0.09765625,0.23193359375,-0.10986328125,0.2197265625,-0.390625,0.29296875,0.03662109375,0.87890625,0.09765625,0.048828125,0.23193359375,1.3916015625,0.18310546875,-0.89111328125,0.2685546875,-0.30517578125,0.29296875,-0.98876953125,-0.09765625,-0.732421875,-0.25634765625,-1.4892578125,-0.20751953125,-0.25634765625,-0.390625,-0.29296875,0.29296875,-1.2451171875,-0.15869140625,-0.54931640625,-0.0244140625,0.13427734375,-0.06103515625,-0.4638671875,0.146484375,0.29296875,0.2685546875,-0.72021484375,-0.08544921875,-1.42822265625,-0.13427734375,-1.01318359375,-0.23193359375,0.45166015625,-0.03662109375,2.9296875,0.08544921875,3.0029296875,-0.08544921875,1.81884765625,-0.01220703125,5.48095703125,-0.2685546875,-0.06103515625,0.048828125,0.86669921875,0.1953125,-0.4638671875,0.01220703125,-0.50048828125
0,0.10986328125,-0.32958984375,-0.45166015625,-0.2197265625,0.3662109375,-0.37841796875,-0.1708984375,0.01220703125,0.20751953125,-0.5126953125,-0.09765625,-1.37939453125,-0.29296875,0.0732421875,-0.25634765625,-0.59814453125,-0.25634765625,0.10986328125,0.03662109375,0.4638671875,-0.25634765625,1.11083984375,-0.30517578125,-0.08544921875,0.146484375,-0.1220703125,0,-0.7568359375,-0.03662109375,0.91552734375,-0.048828125,0.244140625,-0.32958984375,-0.3173828125,0.23193359375,-0.830078125,-0.06103515625,-0.47607421875,-0.25634765625,-0.6591796875,0.048828125,-0.2197265625,0.2197265625,-0.64697265625,-0.32958984375,-0.3662109375,0.13427734375,0.50048828125,-0.28076171875,1.1474609375,0.0244140625,0.5126953125,-0.23193359375,-0.1953125,-0.01220703125,0.7568359375,-0.048828125,0.68359375,-0.048828125,0.54931640625,-0.146484375,0.6591796875,-0.15869140625,0.13427734375,-0.47607421875,0.28076171875,-0.03662109375,1.08642578125,-0.08544921875,0.23193359375,-0.13427734375,0.25634765625,-0.37841796875,0.28076171875,0.08544921875,0.81787109375,0.0732421875,0.03662109375,0.341796875,1.3671875,0.244140625,-0.84228515625,0.25634765625,-0.29296875,0.2197265625,-0.98876953125,-0.08544921875,-0.72021484375,-0.2197265625,-1.46484375,-0.1953125,-0.2685546875,-0.1953125,-0.28076171875,0.20751953125,-1.2939453125,-0.18310546875,-0.6591796875,-0.13427734375,-0.20751953125,0.0244140625,-0.5859375,0.1953125,0.1708984375,0.244140625,-0.7080078125,-0.08544921875,-1.42822265625,-0.09765625,-1.025390625,-0.20751953125,0.4638671875,-0.048828125,2.69775390625,0.0732421875,2.783203125,-0.06103515625,1.7333984375,-0.03662109375,4.99267578125,-0.244140625,-0.06103515625,0.048828125,0.86669921875,0.1708984375,-0.45166015625,0.03662109375,-0.47607421875
0,0.09765625,-0.35400390625,-0.439453125,-0.18310546875,0.3662109375,-0.37841796875,-0.15869140625,0.03662109375,0.2197265625,-0.6103515625,-0.09765625,-1.416015625,-0.3173828125,-0.18310546875,-0.244140625,-0.68359375,-0.25634765625,0.09765625,0.1220703125,0.45166015625,-0.1953125,1.11083984375,-0.08544921875,-0.146484375,0.06103515625,-0.13427734375,-0.0244140625,-0.7568359375,-0.08544921875,0.91552734375,-0.09765625,0.25634765625,-0.146484375,-0.30517578125,0.244140625,-0.81787109375,-0.01220703125,-0.4638671875,-0.1953125,-0.68359375,0.15869140625,-0.244140625,0.244140625,-0.634765625,-0.1953125,-0.40283203125,0.13427734375,0.47607421875,-0.2197265625,1.11083984375,0.03662109375,0.52490234375,-0.2685546875,-0.1708984375,-0.01220703125,0.7568359375,0.06103515625,0.69580078125,-0.08544921875,0.54931640625,-0.146484375,0.6103515625,-0.25634765625,0.146484375,-0.42724609375,0.25634765625,0.03662109375,1.08642578125,-0.08544921875,0.23193359375,-0.1220703125,0.244140625,-0.341796875,0.30517578125,0.09765625,0.830078125,0.01220703125,0.0244140625,0.37841796875,1.3671875,0.29296875,-0.8544921875,0.20751953125,-0.29296875,0.15869140625,-1.01318359375,-0.09765625,-0.74462890625,-0.15869140625,-1.46484375,-0.18310546875,-0.25634765625,-0.01220703125,-0.29296875,0.08544921875,-1.2939453125,-0.18310546875,-0.64697265625,-0.25634765625,-0.341796875,0.0732421875,-0.62255859375,0.23193359375,0.146484375,0.08544921875,-0.7080078125,-0.048828125,-1.42822265625,-0.03662109375,-1.01318359375,-0.2197265625,0.45166015625,-0.048828125,2.4658203125,0.0732421875,2.5146484375,-0.0732421875,1.55029296875,0.0244140625,4.345703125,-0.244140625,-0.0732421875,0.06103515625,0.8544921875,0.13427734375,-0.4638671875,0.03662109375,-0.47607421875
0,0.09765625,-0.3662109375,-0.45166015625,-0.1708984375,0.3662109375,-0.37841796875,-0.10986328125,0.048828125,0.25634765625,-0.634765625,-0.08544921875,-1.416015625,-0.29296875,-0.2685546875,-0.23193359375,-0.69580078125,-0.2197265625,0.0244140625,0.1953125,0.42724609375,-0.09765625,1.13525390625,0.15869140625,-0.2197265625,-0.03662109375,-0.13427734375,-0.06103515625,-0.732421875,-0.09765625,0.9033203125,-0.18310546875,0.244140625,-0.0244140625,-0.30517578125,0.244140625,-0.81787109375,0,-0.4638671875,-0.15869140625,-0.69580078125,0.25634765625,-0.20751953125,0.1708984375,-0.64697265625,-0.048828125,-0.439453125,0.1708984375,0.50048828125,-0.1708984375,1.07421875,0.10986328125,0.52490234375,-0.28076171875,-0.146484375,-0.0244140625,0.79345703125,0.13427734375,0.68359375,-0.10986328125,0.54931640625,-0.10986328125,0.59814453125,-0.29296875,0.146484375,-0.35400390625,0.23193359375,0.09765625,1.0986328125,-0.048828125,0.2197265625,-0.10986328125,0.23193359375,-0.3173828125,0.3173828125,0.10986328125,0.8544921875,0.03662109375,0.03662109375,0.40283203125,1.3427734375,0.3173828125,-0.86669921875,0.1220703125,-0.30517578125,0.10986328125,-1.025390625,-0.10986328125,-0.7568359375,-0.0732421875,-1.47705078125,-0.18310546875,-0.29296875,0.1220703125,-0.30517578125,0,-1.30615234375,-0.1220703125,-0.54931640625,-0.20751953125,-0.18310546875,0.08544921875,-0.54931640625,0.244140625,0.2197265625,-0.09765625,-0.72021484375,0.01220703125,-1.416015625,-0.0244140625,-1.025390625,-0.1708984375,0.45166015625,-0.06103515625,2.16064453125,0.0244140625,2.18505859375,-0.09765625,1.30615234375,0.09765625,3.55224609375,-0.25634765625,-0.10986328125,0.03662109375,0.8544921875,0.08544921875,-0.439453125,0.0732421875,-0.48828125
0,0.09765625,-0.3662109375,-0.4638671875,-0.1953125,0.37841796875,-0.390625,-0.13427734375,0.03662109375,0.2685546875,-0.634765625,-0.1220703125,-1.3671875,-0.30517578125,-0.1953125,-0.1953125,-0.69580078125,-0.18310546875,0,0.20751953125,0.390625,-0.0244140625,1.23291015625,0.29296875,-0.2685546875,-0.15869140625,-0.13427734375,-0.1220703125,-0.76904296875,-0.08544921875,0.927734375,-0.244140625,0.25634765625,0.03662109375,-0.28076171875,0.30517578125,-0.830078125,-0.01220703125,-0.45166015625,-0.0732421875,-0.72021484375,0.32958984375,-0.23193359375,0.1220703125,-0.64697265625,0.0732421875,-0.48828125,0.13427734375,0.52490234375,-0.1220703125,1.07421875,0.146484375,0.52490234375,-0.25634765625,-0.10986328125,-0.048828125,0.79345703125,0.18310546875,0.67138671875,-0.15869140625,0.52490234375,-0.1220703125,0.5615234375,-0.3662109375,0.146484375,-0.29296875,0.18310546875,0.13427734375,1.08642578125,0,0.2197265625,-0.15869140625,0.20751953125,-0.2197265625,0.3173828125,0.1708984375,0.81787109375,0.0244140625,0.03662109375,0.4150390625,1.35498046875,0.30517578125,-0.9033203125,0.01220703125,-0.29296875,0.048828125,-1.03759765625,-0.1708984375,-0.79345703125,-0.01220703125,-1.4892578125,-0.1953125,-0.28076171875,0.15869140625,-0.30517578125,-0.0732421875,-1.30615234375,-0.0732421875,-0.30517578125,-0.13427734375,0.29296875,0.08544921875,-0.37841796875,0.23193359375,0.439453125,-0.28076171875,-0.7080078125,0.03662109375,-1.4404296875,-0.0244140625,-1.025390625,-0.15869140625,0.4638671875,-0.048828125,1.806640625,0.01220703125,1.81884765625,-0.0732421875,1.0498046875,0.1953125,2.60009765625,-0.2685546875,-0.08544921875,0.048828125,0.8544921875,0.08544921875,-0.439453125,0.08544921875,-0.48828125
0,0.048828125,-0.3662109375,-0.4638671875,-0.1953125,0.439453125,-0.40283203125,-0.13427734375,0.03662109375,0.29296875,-0.5615234375,-0.1220703125,-1.30615234375,-0.3173828125,0,-0.18310546875,-0.64697265625,-0.09765625,0.0244140625,0.18310546875,0.439453125,0.1708984375,1.416015625,0.32958984375,-0.23193359375,-0.2685546875,-0.146484375,-0.15869140625,-0.7568359375,-0.10986328125,0.93994140625,-0.32958984375,0.25634765625,0.0244140625,-0.2685546875,0.341796875,-0.830078125,-0.048828125,-0.45166015625,-0.03662109375,-0.732421875,0.341796875,-0.23193359375,0.09765625,-0.6591796875,0.10986328125,-0.4638671875,0.1220703125,0.5615234375,-0.06103515625,1.08642578125,0.18310546875,0.50048828125,-0.25634765625,-0.0732421875,-0.01220703125,0.79345703125,0.2685546875,0.6591796875,-0.2197265625,0.5126953125,0,0.54931640625,-0.40283203125,0.146484375,-0.244140625,0.1708984375,0.18310546875,1.06201171875,0.06103515625,0.2197265625,-0.18310546875,0.20751953125,-0.13427734375,0.32958984375,0.1708984375,0.84228515625,-0.01220703125,0.048828125,0.4150390625,1.3427734375,0.2685546875,-0.9521484375,-0.048828125,-0.30517578125,0.0244140625,-1.03759765625,-0.20751953125,-0.81787109375,0.048828125,-1.50146484375,-0.1708984375,-0.29296875,0.08544921875,-0.30517578125,-0.03662109375,-1.26953125,-0.03662109375,0.048828125,-0.10986328125,1.025390625,0.0244140625,-0.10986328125,0.1953125,0.732421875,-0.4638671875,-0.72021484375,0.03662109375,-1.42822265625,-0.06103515625,-1.025390625,-0.1708984375,0.45166015625,0,1.45263671875,0.03662109375,1.4404296875,-0.048828125,0.78125,0.25634765625,1.67236328125,-0.28076171875,-0.08544921875,0.048828125,0.84228515625,0.09765625,-0.439453125,0.0732421875,-0.48828125
0,0.048828125,-0.37841796875,-0.42724609375,-0.2197265625,0.45166015625,-0.4150390625,-0.15869140625,0.0244140625,0.28076171875,-0.47607421875,-0.146484375,-1.220703125,-0.32958984375,0.3173828125,-0.146484375,-0.537109375,0.0244140625,0.13427734375,0.13427734375,0.54931640625,0.32958984375,1.67236328125,0.28076171875,-0.1220703125,-0.341796875,-0.1220703125,-0.23193359375,-0.74462890625,-0.08544921875,0.9521484375,-0.37841796875,0.244140625,-0.03662109375,-0.28076171875,0.35400390625,-0.84228515625,-0.0732421875,-0.45166015625,-0.03662109375,-0.72021484375,0.30517578125,-0.23193359375,0.0732421875,-0.64697265625,0.1708984375,-0.47607421875,0.23193359375,0.6103515625,0.01220703125,1.11083984375,0.1708984375,0.48828125,-0.28076171875,-0.0732421875,0.03662109375,0.76904296875,0.244140625,0.64697265625,-0.28076171875,0.50048828125,0.048828125,0.54931640625,-0.48828125,0.13427734375,-0.13427734375,0.15869140625,0.244140625,1.0498046875,0.0732421875,0.20751953125,-0.20751953125,0.1953125,-0.08544921875,0.32958984375,0.2197265625,0.84228515625,-0.01220703125,0.048828125,0.40283203125,1.3427734375,0.20751953125,-0.9765625,-0.10986328125,-0.32958984375,0.0244140625,-1.03759765625,-0.23193359375,-0.79345703125,0.10986328125,-1.47705078125,-0.15869140625,-0.2685546875,-0.0244140625,-0.3173828125,0.0244140625,-1.23291015625,-0.01220703125,0.439453125,0,1.9775390625,-0.06103515625,0.23193359375,0.146484375,1.11083984375,-0.57373046875,-0.732421875,0.0244140625,-1.45263671875,-0.1220703125,-1.0009765625,-0.18310546875,0.45166015625,-0.048828125,1.13525390625,0,1.03759765625,-0.08544921875,0.48828125,0.2197265625,0.86669921875,-0.2685546875,-0.06103515625,0.08544921875,0.8544921875,0.10986328125,-0.45166015625,0.0732421875,-0.48828125
0,0.01220703125,-0.3662109375,-0.4150390625,-0.25634765625,0.4638671875,-0.42724609375,-0.18310546875,0,0.2685546875,-0.35400390625,-0.146484375,-1.1474609375,-0.37841796875,0.6591796875,-0.13427734375,-0.4150390625,0.1220703125,0.4150390625,0.03662109375,0.76904296875,0.42724609375,2.08740234375,0.1953125,0.08544921875,-0.37841796875,-0.10986328125,-0.29296875,-0.7568359375,-0.06103515625,0.96435546875,-0.3662109375,0.2685546875,-0.13427734375,-0.28076171875,0.35400390625,-0.86669921875,-0.09765625,-0.439453125,0.0244140625,-0.69580078125,0.2197265625,-0.23193359375,0.13427734375,-0.64697265625,0.08544921875,-0.4638671875,0.146484375,0.62255859375,0.15869140625,1.15966796875,0.18310546875,0.45166015625,-0.30517578125,-0.0732421875,0.15869140625,0.78125,0.244140625,0.6591796875,-0.35400390625,0.48828125,0.146484375,0.54931640625,-0.54931640625,0.13427734375,0.01220703125,0.146484375,0.244140625,1.03759765625,0.10986328125,0.2197265625,-0.2197265625,0.1708984375,-0.0244140625,0.341796875,0.29296875,0.81787109375,-0.06103515625,0.048828125,0.37841796875,1.35498046875,0.15869140625,-1.0009765625,-0.1220703125,-0.32958984375,0.09765625,-1.025390625,-0.23193359375,-0.78125,0.10986328125,-1.46484375,-0.13427734375,-0.23193359375,-0.20751953125,-0.3173828125,0.03662109375,-1.20849609375,0.0244140625,0.9033203125,0.0732421875,3.0517578125,-0.06103515625,0.6103515625,0.08544921875,1.55029296875,-0.537109375,-0.732421875,-0.06103515625,-1.45263671875,-0.18310546875,-1.0009765625,-0.25634765625,0.45166015625,-0.01220703125,0.9033203125,0,0.74462890625,-0.06103515625,0.30517578125,0.25634765625,0.30517578125,-0.2685546875,-0.048828125,0.08544921875,0.8544921875,0.13427734375,-0.45166015625,0.048828125,-0.48828125
0,0.01220703125,-0.35400390625,-0.439453125,-0.28076171875,0.4638671875,-0.42724609375,-0.15869140625,0.01220703125,0.25634765625,-0.244140625,-0.1220703125,-1.07421875,-0.35400390625,0.96435546875,-0.0732421875,-0.341796875,0.2197265625,0.79345703125,-0.0732421875,1.123046875,0.5615234375,2.63671875,0.0732421875,0.4150390625,-0.3662109375,-0.10986328125,-0.32958984375,-0.78125,-0.0244140625,0.9765625,-0.244140625,0.2685546875,-0.25634765625,-0.28076171875,0.3173828125,-0.86669921875,-0.1220703125,-0.45166015625,0,-0.72021484375,0.0732421875,-0.2197265625,0.18310546875,-0.64697265625,-0.09765625,-0.439453125,0.20751953125,0.634765625,0.20751953125,1.18408203125,0.20751953125,0.45166015625,-0.30517578125,-0.08544921875,0.23193359375,0.78125,0.23193359375,0.67138671875,-0.37841796875,0.50048828125,0.18310546875,0.5615234375,-0.5615234375,0.1220703125,0.18310546875,0.15869140625,0.244140625,1.03759765625,0.08544921875,0.23193359375,-0.2197265625,0.1708984375,-0.0244140625,0.341796875,0.3173828125,0.84228515625,-0.08544921875,0.03662109375,0.3173828125,1.35498046875,0.10986328125,-0.9765625,-0.09765625,-0.32958984375,0.15869140625,-0.98876953125,-0.1708984375,-0.78125,0.09765625,-1.4404296875,-0.146484375,-0.18310546875,-0.37841796875,-0.3173828125,0.0732421875,-1.18408203125,0.03662109375,1.33056640625,0.1220703125,4.1259765625,-0.08544921875,1.0009765625,0.01220703125,1.98974609375,-0.42724609375,-0.74462890625,-0.15869140625,-1.45263671875,-0.2197265625,-1.0009765625,-0.32958984375,0.4638671875,0.01220703125,0.81787109375,0.0244140625,0.5859375,-0.06103515625,0.1953125,0.28076171875,0.0732421875,-0.29296875,-0.0244140625,0.1220703125,0.86669921875,0.15869140625,-0.439453125,0.01220703125,-0.4638671875
0,0.03662109375,-0.35400390625,-0.42724609375,-0.29296875,0.4150390625,-0.4150390625,-0.1708984375,0.01220703125,0.23193359375,-0.1708984375,-0.13427734375,-1.025390625,-0.37841796875,1.1474609375,0,-0.2685546875,0.244140625,1.33056640625,-0.146484375,1.59912109375,0.5859375,3.30810546875,-0.01220703125,0.8544921875,-0.3173828125,-0.10986328125,-0.341796875,-0.79345703125,0.01220703125,0.98876953125,-0.1220703125,0.25634765625,-0.35400390625,-0.29296875,0.2685546875,-0.8544921875,-0.15869140625,-0.45166015625,-0.03662109375,-0.72021484375,-0.10986328125,-0.20751953125,0.20751953125,-0.64697265625,-0.10986328125,-0.4150390625,0.20751953125,0.67138671875,0.10986328125,1.220703125,0.2197265625,0.4638671875,-0.35400390625,-0.08544921875,0.30517578125,0.7568359375,0.2197265625,0.67138671875,-0.3173828125,0.5126953125,0.146484375,0.5859375,-0.47607421875,0.1220703125,0.341796875,0.1708984375,0.23193359375,1.0498046875,0.09765625,0.25634765625,-0.18310546875,0.18310546875,0,0.3173828125,0.390625,0.84228515625,-0.10986328125,0.03662109375,0.25634765625,1.3671875,0.0244140625,-0.927734375,-0.06103515625,-0.32958984375,0.20751953125,-0.98876953125,-0.13427734375,-0.74462890625,0.09765625,-1.416015625,-0.146484375,-0.1708984375,-0.4638671875,-0.28076171875,0.01220703125,-1.18408203125,0.13427734375,1.72119140625,0.15869140625,5.126953125,-0.0732421875,1.3427734375,-0.03662109375,2.392578125,-0.2197265625,-0.74462890625,-0.2685546875,-1.4404296875,-0.2197265625,-0.98876953125,-0.37841796875,0.45166015625,0,0.91552734375,0.01220703125,0.59814453125,-0.0732421875,0.244140625,0.146484375,0.28076171875,-0.28076171875,0,0.13427734375,0.89111328125,0.18310546875,-0.45166015625,-0.01220703125,-0.45166015625
1,-0.01220703125,-0.341796875,-0.439453125,-0.29296875,0.3662109375,-0.390625,-0.13427734375,0.03662109375,0.20751953125,-0.146484375,-0.1220703125,-1.025390625,-0.390625,1.171875,-0.01220703125,-0.2197265625,0.2197265625,1.96533203125,-0.20751953125,2.16064453125,0.40283203125,4.052734375,-0.09765625,1.35498046875,-0.2685546875,-0.13427734375,-0.32958984375,-0.78125,0.0244140625,0.98876953125,0.01220703125,0.25634765625,-0.40283203125,-0.29296875,0.2197265625,-0.84228515625,-0.15869140625,-0.439453125,-0.1220703125,-0.69580078125,-0.28076171875,-0.20751953125,0.244140625,-0.634765625,-0.2197265625,-0.390625,0.18310546875,0.68359375,-0.03662109375,1.1962890625,0.1708984375,0.47607421875,-0.4150390625,-0.1220703125,0.30517578125,0.76904296875,0.20751953125,0.64697265625,-0.28076171875,0.5126953125,0.1708984375,0.634765625,-0.341796875,0.1220703125,0.390625,0.1953125,0.20751953125,1.03759765625,0.08544921875,0.25634765625,-0.13427734375,0.18310546875,0.0244140625,0.3173828125,0.390625,0.86669921875,-0.08544921875,0.03662109375,0.23193359375,1.37939453125,0,-0.91552734375,0.048828125,-0.3173828125,0.25634765625,-1.0009765625,-0.06103515625,-0.74462890625,0.048828125,-1.42822265625,-0.18310546875,-0.1708984375,-0.52490234375,-0.28076171875,-0.09765625,-1.171875,0.15869140625,2.0751953125,0.09765625,5.94482421875,-0.06103515625,1.611328125,-0.13427734375,2.7587890625,0.01220703125,-0.732421875,-0.341796875,-1.4404296875,-0.20751953125,-0.9765625,-0.4150390625,0.47607421875,0.0244140625,1.15966796875,0.01220703125,0.8056640625,-0.06103515625,0.439453125,0.2197265625,0.91552734375,-0.3173828125,0.01220703125,0.15869140625,0.9033203125,0.18310546875,-0.45166015625,0,-0.439453125
1,0.01220703125,-0.32958984375,-0.42724609375,-0.29296875,0.32958984375,-0.390625,-0.1220703125,0.03662109375,0.2197265625,-0.1708984375,-0.13427734375,-1.03759765625,-0.32958984375,1.08642578125,-0.03662109375,-0.244140625,0.09765625,2.6611328125,-0.25634765625,2.74658203125,0.25634765625,4.833984375,-0.1708984375,1.8798828125,-0.1953125,-0.13427734375,-0.28076171875,-0.76904296875,0.048828125,0.96435546875,0.10986328125,0.25634765625,-0.40283203125,-0.30517578125,0.146484375,-0.830078125,-0.15869140625,-0.439453125,-0.23193359375,-0.69580078125,-0.42724609375,-0.20751953125,0.1953125,-0.62255859375,-0.37841796875,-0.3662109375,0.28076171875,0.72021484375,-0.1708984375,1.18408203125,0.13427734375,0.47607421875,-0.4638671875,-0.15869140625,0.2685546875,0.8056640625,0.2197265625,0.6591796875,-0.2685546875,0.52490234375,0.20751953125,0.67138671875,-0.2197265625,0.1220703125,0.42724609375,0.1953125,0.2197265625,1.06201171875,0.06103515625,0.28076171875,-0.09765625,0.20751953125,0,0.28076171875,0.40283203125,0.89111328125,-0.08544921875,0.0244140625,0.1953125,1.37939453125,0.01220703125,-0.86669921875,0.13427734375,-0.32958984375,0.2685546875,-0.98876953125,-0.048828125,-0.7080078125,0.01220703125,-1.416015625,-0.25634765625,-0.18310546875,-0.45166015625,-0.2685546875,-0.20751953125,-1.15966796875,0.2197265625,2.294921875,0.01220703125,6.5185546875,-0.048828125,1.806640625,-0.1953125,2.99072265625,0.15869140625,-0.74462890625,-0.29296875,-1.4404296875,-0.18310546875,-0.98876953125,-0.42724609375,0.45166015625,0.048828125,1.62353515625,0.01220703125,1.220703125,-0.0732421875,0.7568359375,0.29296875,1.96533203125,-0.3173828125,0.06103515625,0.13427734375,0.927734375,0.15869140625,-0.439453125,-0.01220703125,-0.439453125
1,0.03662109375,-0.341796875,-0.42724609375,-0.30517578125,0.3173828125,-0.3662109375,-0.10986328125,0.03662109375,0.1708984375,-0.23193359375,-0.1708984375,-1.08642578125,-0.32958984375,0.91552734375,-0.09765625,-0.29296875,-0.03662109375,3.33251953125,-0.15869140625,3.3447265625,0.0732421875,5.57861328125,-0.15869140625,2.392578125,-0.15869140625,-0.146484375,-0.18310546875,-0.76904296875,0.048828125,0.96435546875,0.15869140625,0.2685546875,-0.4150390625,-0.29296875,0.048828125,-0.81787109375,-0.13427734375,-0.45166015625,-0.28076171875,-0.69580078125,-0.5126953125,-0.18310546875,0.146484375,-0.634765625,-0.40283203125,-0.341796875,0.2685546875,0.7568359375,-0.25634765625,1.15966796875,0.06103515625,0.5126953125,-0.50048828125,-0.1708984375,0.18310546875,0.8056640625,0.25634765625,0.64697265625,-0.20751953125,0.52490234375,0.28076171875,0.74462890625,-0.1220703125,0.146484375,0.42724609375,0.1953125,0.146484375,1.06201171875,0.0244140625,0.28076171875,-0.03662109375,0.2197265625,0.01220703125,0.28076171875,0.439453125,0.87890625,-0.146484375,0.03662109375,0.1708984375,1.3671875,0.03662109375,-0.81787109375,0.20751953125,-0.3173828125,0.2197265625,-0.96435546875,-0.03662109375,-0.72021484375,-0.03662109375,-1.4404296875,-0.30517578125,-0.18310546875,-0.341796875,-0.2685546875,-0.30517578125,-1.18408203125,0.2685546875,2.392578125,-0.03662109375,6.82373046875,-0.0244140625,1.9287109375,-0.25634765625,3.1494140625,0.25634765625,-0.72021484375,-0.15869140625,-1.4404296875,-0.18310546875,-1.0009765625,-0.42724609375,0.4638671875,0.0732421875,2.25830078125,0.0244140625,1.84326171875,-0.06103515625,1.20849609375,0.1953125,3.28369140625,-0.29296875,0.03662109375,0.09765625,0.91552734375,0.13427734375,-0.439453125,0,-0.45166015625
1,0.0244140625,-0.341796875,-0.40283203125,-0.30517578125,0.28076171875,-0.3662109375,-0.09765625,0.0244140625,0.146484375,-0.28076171875,-0.25634765625,-1.13525390625,-0.32958984375,0.69580078125,-0.15869140625,-0.3662109375,-0.1708984375,3.89404296875,-0.10986328125,3.84521484375,-0.1708984375,6.21337890625,-0.146484375,2.81982421875,-0.146484375,-0.1220703125,-0.08544921875,-0.7568359375,0.048828125,0.93994140625,0.1220703125,0.25634765625,-0.40283203125,-0.28076171875,-0.048828125,-0.84228515625,-0.1220703125,-0.45166015625,-0.3173828125,-0.69580078125,-0.439453125,-0.20751953125,0.0732421875,-0.62255859375,-0.4638671875,-0.35400390625,0.1953125,0.78125,-0.29296875,1.1474609375,0.0732421875,0.537109375,-0.47607421875,-0.1953125,0.15869140625,0.81787109375,0.3173828125,0.68359375,-0.1953125,0.52490234375,0.390625,0.78125,-0.06103515625,0.146484375,0.40283203125,0.18310546875,0.1220703125,1.0498046875,0,0.30517578125,-0.0244140625,0.23193359375,0.03662109375,0.28076171875,0.390625,0.89111328125,-0.146484375,0.03662109375,0.15869140625,1.35498046875,0.1220703125,-0.830078125,0.244140625,-0.29296875,0.146484375,-0.9765625,0,-0.732421875,-0.0732421875,-1.46484375,-0.32958984375,-0.1953125,-0.15869140625,-0.244140625,-0.32958984375,-1.20849609375,0.28076171875,2.40478515625,-0.03662109375,6.8603515625,-0.0244140625,1.953125,-0.244140625,3.16162109375,0.23193359375,-0.72021484375,-0.01220703125,-1.4404296875,-0.15869140625,-1.0009765625,-0.42724609375,0.45166015625,0.048828125,2.96630859375,0,2.587890625,-0.08544921875,1.74560546875,0.10986328125,4.82177734375,-0.244140625,0.0244140625,0.06103515625,0.89111328125,0.0732421875,-0.42724609375,0.03662109375,-0.45166015625
1,0.01220703125,-0.341796875,-0.35400390625,-0.30517578125,0.29296875,-0.35400390625,-0.13427734375,0.0244140625,0.18310546875,-0.341796875,-0.2685546875,-1.1962890625,-0.28076171875,0.4638671875,-0.146484375,-0.439453125,-0.244140625,4.345703125,-0.08544921875,4.248046875,-0.40283203125,6.7138671875,-0.1708984375,3.13720703125,-0.13427734375,-0.13427734375,0.01220703125,-0.7568359375,0.0732421875,0.93994140625,0.0732421875,0.28076171875,-0.4150390625,-0.2685546875,-0.1708984375,-0.830078125,-0.09765625,-0.439453125,-0.341796875,-0.69580078125,-0.30517578125,-0.1953125,-0.0244140625,-0.62255859375,-0.35400390625,-0.3662109375,0.18310546875,0.8544921875,-0.29296875,1.13525390625,0.06103515625,0.54931640625,-0.50048828125,-0.1953125,0.146484375,0.79345703125,0.37841796875,0.6591796875,-0.146484375,0.5126953125,0.3662109375,0.8056640625,-0.0732421875,0.13427734375,0.4638671875,0.18310546875,0.09765625,1.06201171875,-0.01220703125,0.30517578125,-0.0244140625,0.244140625,0.048828125,0.3173828125,0.3173828125,0.87890625,-0.2197265625,0.03662109375,0.18310546875,1.35498046875,0.1708984375,-0.81787109375,0.2685546875,-0.30517578125,0.01220703125,-1.0009765625,0.03662109375,-0.74462890625,-0.0732421875,-1.50146484375,-0.3173828125,-0.244140625,0.01220703125,-0.25634765625,-0.28076171875,-1.20849609375,0.23193359375,2.3193359375,-0.03662109375,6.65283203125,-0.048828125,1.85546875,-0.2197265625,3.0517578125,0.13427734375,-0.7080078125,0.1708984375,-1.42822265625,-0.15869140625,-0.98876953125,-0.4150390625,0.4638671875,0.08544921875,3.72314453125,0.01220703125,3.41796875,-0.06103515625,2.34375,0.146484375,6.396484375,-0.2197265625,0.01220703125,0.048828125,0.87890625,0.06103515625,-0.4150390625,0.0244140625,-0.47607421875
1,0.0244140625,-0.341796875,-0.32958984375,-0.29296875,0.28076171875,-0.3662109375,-0.146484375,0.0244140625,0.1708984375,-0.390625,-0.28076171875,-1.220703125,-0.30517578125,0.30517578125,-0.1220703125,-0.4638671875,-0.3173828125,4.58984375,-0.0732421875,4.47998046875,-0.54931640625,7.04345703125,-0.20751953125,3.30810546875,-0.10986328125,-0.10986328125,0.09765625,-0.76904296875,0.10986328125,0.927734375,-0.0244140625,0.2685546875,-0.32958984375,-0.29296875,-0.1953125,-0.830078125,-0.08544921875,-0.45166015625,-0.35400390625,-0.7080078125,-0.13427734375,-0.2197265625,-0.10986328125,-0.64697265625,-0.29296875,-0.42724609375,0.1220703125,0.91552734375,-0.2685546875,1.13525390625,0.0732421875,0.52490234375,-0.5126953125,-0.1953125,0.13427734375,0.79345703125,0.47607421875,0.6591796875,-0.0732421875,0.50048828125,0.390625,0.830078125,-0.09765625,0.15869140625,0.42724609375,0.18310546875,0.048828125,1.08642578125,0,0.29296875,0.01220703125,0.244140625,0.06103515625,0.32958984375,0.20751953125,0.8544921875,-0.244140625,0.048828125,0.2197265625,1.35498046875,0.2197265625,-0.84228515625,0.2685546875,-0.28076171875,-0.09765625,-0.98876953125,0.1220703125,-0.76904296875,-0.09765625,-1.52587890625,-0.28076171875,-0.2685546875,0.1220703125,-0.25634765625,-0.18310546875,-1.1962890625,0.10986328125,2.13623046875,0,6.21337890625,-0.09765625,1.67236328125,-0.13427734375,2.86865234375,0.048828125,-0.7080078125,0.28076171875,-1.42822265625,-0.13427734375,-0.98876953125,-0.3662109375,0.4638671875,0.09765625,4.4677734375,0.01220703125,4.21142578125,-0.0732421875,2.880859375,0.0732421875,7.91015625,-0.2197265625,-0.0244140625,0.01220703125,0.86669921875,0.048828125,-0.42724609375,0.03662109375,-0.45166015625
1,-0.01220703125,-0.341796875,-0.29296875,-0.244140625,0.2685546875,-0.35400390625,-0.146484375,0.0244140625,0.1220703125,-0.37841796875,-0.35400390625,-1.220703125,-0.3173828125,0.25634765625,-0.13427734375,-0.4638671875,-0.25634765625,4.6875,-0.1708984375,4.57763671875,-0.5126953125,7.16552734375,-0.2197265625,3.3935546875,-0.0732421875,-0.10986328125,0.10986328125,-0.7568359375,0.15869140625,0.9033203125,-0.15869140625,0.2685546875,-0.244140625,-0.30517578125,-0.1708984375,-0.830078125,-0.06103515625,-0.45166015625,-0.32958984375,-0.732421875,0.01220703125,-0.20751953125,-0.146484375,-0.67138671875,-0.1708984375,-0.439453125,0.13427734375,0.93994140625,-0.30517578125,1.123046875,0.08544921875,0.52490234375,-0.45166015625,-0.18310546875,0.146484375,0.76904296875,0.5615234375,0.67138671875,-0.048828125,0.50048828125,0.3662109375,0.8056640625,-0.1708984375,0.146484375,0.439453125,0.1953125,-0.0244140625,1.06201171875,-0.0244140625,0.29296875,0.01220703125,0.23193359375,0,0.341796875,0.09765625,0.86669921875,-0.244140625,0.0732421875,0.244140625,1.35498046875,0.2197265625,-0.89111328125,0.25634765625,-0.3173828125,-0.2197265625,-1.01318359375,0.146484375,-0.78125,-0.09765625,-1.55029296875,-0.244140625,-0.29296875,0.146484375,-0.25634765625,-0.08544921875,-1.20849609375,-0.0244140625,1.89208984375,0.06103515625,5.67626953125,-0.13427734375,1.46484375,-0.03662109375,2.6123046875,-0.0244140625,-0.69580078125,0.28076171875,-1.46484375,-0.08544921875,-1.0009765625,-0.30517578125,0.45166015625,0.09765625,5.1025390625,-0.01220703125,4.96826171875,-0.08544921875,3.38134765625,0.10986328125,9.19189453125,-0.244140625,-0.03662109375,-0.0244140625,0.84228515625,0.06103515625,-0.42724609375,0,-0.4638671875
1,-0.048828125,-0.35400390625,-0.2685546875,-0.23193359375,0.2685546875,-0.3662109375,-0.146484375,0.06103515625,0.146484375,-0.3662109375,-0.30517578125,-1.18408203125,-0.32958984375,0.29296875,-0.10986328125,-0.4150390625,-0.146484375,4.60205078125,-0.20751953125,4.541015625,-0.35400390625,7.16552734375,-0.1953125,3.35693359375,-0.0244140625,-0.1220703125,0.06103515625,-0.7568359375,0.13427734375,0.9033203125,-0.23193359375,0.25634765625,-0.1953125,-0.28076171875,-0.10986328125,-0.8544921875,-0.048828125,-0.45166015625,-0.25634765625,-0.72021484375,0.0732421875,-0.1953125,-0.09765625,-0.68359375,0,-0.439453125,0.2197265625,0.98876953125,-0.25634765625,1.15966796875,0.08544921875,0.5126953125,-0.390625,-0.1708984375,0.1220703125,0.78125,0.5859375,0.67138671875,-0.01220703125,0.48828125,0.42724609375,0.79345703125,-0.2685546875,0.15869140625,0.45166015625,0.18310546875,-0.146484375,1.07421875,-0.03662109375,0.28076171875,0.01220703125,0.244140625,-0.03662109375,0.3662109375,0.0244140625,0.86669921875,-0.28076171875,0.0732421875,0.25634765625,1.3671875,0.244140625,-0.93994140625,0.20751953125,-0.3173828125,-0.32958984375,-1.0009765625,0.13427734375,-0.79345703125,-0.09765625,-1.55029296875,-0.15869140625,-0.30517578125,0.15869140625,-0.2685546875,0.06103515625,-1.1962890625,-0.1220703125,1.59912109375,0.01220703125,5.06591796875,-0.13427734375,1.220703125,0.01220703125,2.30712890625,-0.0244140625,-0.732421875,0.244140625,-1.46484375,-0.0732421875,-1.01318359375,-0.25634765625,0.439453125,0.13427734375,5.615234375,0,5.5908203125,-0.06103515625,3.74755859375,0.1708984375,10.19287109375,-0.25634765625,-0.0244140625,-0.01220703125,0.84228515625,0.08544921875,-0.42724609375,-0.03662109375,-0.4638671875
1,-0.01220703125,-0.37841796875,-0.25634765625,-0.244140625,0.28076171875,-0.37841796875,-0.146484375,0.06103515625,0.13427734375,-0.30517578125,-0.37841796875,-1.13525390625,-0.35400390625,0.439453125,-0.08544921875,-0.3173828125,0,4.443359375,-0.32958984375,4.4189453125,-0.23193359375,7.04345703125,-0.1953125,3.22265625,0.01220703125,-0.146484375,0.01220703125,-0.7568359375,0.10986328125,0.89111328125,-0.3173828125,0.28076171875,-0.1220703125,-0.28076171875,0,-0.8544921875,-0.01220703125,-0.42724609375,-0.1953125,-0.732421875,0.146484375,-0.20751953125,-0.0244140625,-0.67138671875,0.09765625,-0.47607421875,0.244140625,1.01318359375,-0.15869140625,1.1962890625,0.10986328125,0.50048828125,-0.32958984375,-0.1708984375,0.1708984375,0.78125,0.52490234375,0.6591796875,0,0.47607421875,0.42724609375,0.8056640625,-0.25634765625,0.15869140625,0.3173828125,0.20751953125,-0.25634765625,1.07421875,-0.01220703125,0.2685546875,-0.06103515625,0.23193359375,-0.08544921875,0.3662109375,-0.0244140625,0.84228515625,-0.2685546875,0.0732421875,0.244140625,1.35498046875,0.23193359375,-0.9521484375,0.18310546875,-0.30517578125,-0.40283203125,-1.0009765625,0.09765625,-0.79345703125,-0.1220703125,-1.55029296875,-0.06103515625,-0.29296875,0.1220703125,-0.28076171875,0.1953125,-1.1962890625,-0.1953125,1.26953125,-0.048828125,4.40673828125,-0.1220703125,0.98876953125,0.048828125,2.001953125,0.0244140625,-0.7080078125,0.15869140625,-1.45263671875,-0.0732421875,-1.01318359375,-0.1708984375,0.42724609375,0.13427734375,5.92041015625,0.0244140625,6.005859375,-0.048828125,3.99169921875,0.09765625,10.87646484375,-0.244140625,-0.03662109375,-0.03662109375,0.84228515625,0.09765625,-0.42724609375,-0.08544921875,-0.4638671875
1,-0.06103515625,-0.37841796875,-0.2197265625,-0.244140625,0.25634765625,-0.40283203125,-0.15869140625,0.048828125,0.13427734375,-0.20751953125,-0.35400390625,-1.03759765625,-0.35400390625,0.64697265625,-0.06103515625,-0.2197265625,0.146484375,4.19921875,-0.35400390625,4.23583984375,-0.08544921875,6.79931640625,-0.1708984375,3.01513671875,0.03662109375,-0.146484375,-0.10986328125,-0.7568359375,0.01220703125,0.9033203125,-0.40283203125,0.25634765625,-0.09765625,-0.28076171875,0.08544921875,-0.84228515625,0.0244140625,-0.4150390625,-0.08544921875,-0.732421875,0.1708984375,-0.18310546875,0.0732421875,-0.68359375,0.09765625,-0.4638671875,0.341796875,0.9765625,-0.06103515625,1.220703125,0.146484375,0.5126953125,-0.244140625,-0.146484375,0.23193359375,0.78125,0.48828125,0.6591796875,-0.01220703125,0.439453125,0.35400390625,0.76904296875,-0.2685546875,0.13427734375,0.25634765625,0.2197265625,-0.28076171875,1.0986328125,-0.0244140625,0.244140625,-0.08544921875,0.244140625,-0.15869140625,0.3662109375,-0.06103515625,0.86669921875,-0.2685546875,0.06103515625,0.2197265625,1.3671875,0.20751953125,-1.0009765625,0.1220703125,-0.30517578125,-0.439453125,-1.01318359375,-0.0244140625,-0.79345703125,-0.13427734375,-1.52587890625,0.048828125,-0.29296875,0.08544921875,-0.29296875,0.30517578125,-1.23291015625,-0.1953125,0.96435546875,-0.13427734375,3.74755859375,-0.09765625,0.7080078125,0.06103515625,1.69677734375,0.03662109375,-0.72021484375,-0.01220703125,-1.4404296875,-0.03662109375,-1.01318359375,-0.146484375,0.42724609375,0.1220703125,6.0302734375,0.0244140625,6.201171875,-0.06103515625,4.0771484375,0.06103515625,11.14501953125,-0.23193359375,-0.03662109375,-0.01220703125,0.84228515625,0.146484375,-0.42724609375,-0.10986328125,-0.47607421875
1,-0.0244140625,-0.37841796875,-0.15869140625,-0.2685546875,0.2197265625,-0.40283203125,-0.146484375,0.048828125,0.1220703125,-0.08544921875,-0.32958984375,-0.9521484375,-0.3173828125,0.87890625,-0.0244140625,-0.06103515625,0.25634765625,3.94287109375,-0.341796875,4.04052734375,0.09765625,6.55517578125,-0.08544921875,2.84423828125,0.048828125,-0.146484375,-0.18310546875,-0.7568359375,-0.08544921875,0.91552734375,-0.47607421875,0.244140625,-0.09765625,-0.29296875,0.13427734375,-0.86669921875,0.06103515625,-0.40283203125,0.0244140625,-0.72021484375,0.1220703125,-0.1708984375,0.1708984375,-0.68359375,0.0244140625,-0.4638671875,0.3662109375,0.9033203125,0.10986328125,1.220703125,0.1953125,0.50048828125,-0.13427734375,-0.15869140625,0.2685546875,0.7568359375,0.4150390625,0.67138671875,-0.08544921875,0.439453125,0.32958984375,0.7568359375,-0.244140625,0.13427734375,0.13427734375,0.2197265625,-0.341796875,1.07421875,-0.0244140625,0.25634765625,-0.10986328125,0.23193359375,-0.244140625,0.3662109375,-0.0732421875,0.8544921875,-0.23193359375,0.0732421875,0.1708984375,1.3916015625,0.1220703125,-1.0009765625,0.09765625,-0.3173828125,-0.4638671875,-1.0009765625,-0.13427734375,-0.7568359375,-0.10986328125,-1.50146484375,0.1220703125,-0.28076171875,0.03662109375,-0.28076171875,0.37841796875,-1.23291015625,-0.13427734375,0.64697265625,-0.25634765625,3.1005859375,-0.0732421875,0.4638671875,0.03662109375,1.37939453125,0.06103515625,-0.7080078125,-0.15869140625,-1.42822265625,-0.01220703125,-1.01318359375,-0.146484375,0.42724609375,0.10986328125,5.95703125,0.0244140625,6.14013671875,-0.0732421875,4.01611328125,0.0244140625,11.07177734375,-0.23193359375,-0.03662109375,-0.01220703125,0.84228515625,0.1708984375,-0.42724609375,-0.15869140625,-0.47607421875
1,0,-0.3662109375,-0.20751953125,-0.29296875,0.18310546875,-0.4150390625,-0.10986328125,0.0244140625,0.08544921875,0.0244140625,-0.3173828125,-0.8544921875,-0.32958984375,1.08642578125,-0.01220703125,0.0244140625,0.3173828125,3.72314453125,-0.25634765625,3.857421875,0.244140625,6.2744140625,0.01220703125,2.67333984375,0.0244140625,-0.15869140625,-0.23193359375,-0.76904296875,-0.15869140625,0.91552734375,-0.5126953125,0.25634765625,-0.08544921875,-0.2685546875,0.1220703125,-0.86669921875,0.09765625,-0.40283203125,0.048828125,-0.72021484375,0.0732421875,-0.1708984375,0.1953125,-0.67138671875,-0.06103515625,-0.439453125,0.4638671875,0.84228515625,0.13427734375,1.23291015625,0.2685546875,0.5126953125,-0.048828125,-0.1708984375,0.29296875,0.76904296875,0.390625,0.64697265625,-0.13427734375,0.439453125,0.244140625,0.76904296875,-0.1708984375,0.13427734375,0.0732421875,0.2685546875,-0.29296875,1.0986328125,-0.01220703125,0.25634765625,-0.1708984375,0.23193359375,-0.30517578125,0.35400390625,-0.10986328125,0.8544921875,-0.146484375,0.06103515625,0.146484375,1.37939453125,0.048828125,-1.0009765625,0.06103515625,-0.30517578125,-0.50048828125,-0.98876953125,-0.23193359375,-0.7568359375,-0.0732421875,-1.4892578125,0.1953125,-0.25634765625,-0.01220703125,-0.30517578125,0.341796875,-1.2451171875,-0.0732421875,0.3173828125,-0.32958984375,2.47802734375,-0.0244140625,0.20751953125,-0.0244140625,1.0986328125,0.0244140625,-0.7080078125,-0.2685546875,-1.4404296875,0,-1.03759765625,-0.146484375,0.439453125,0.146484375,5.6640625,0.0244140625,5.87158203125,-0.0732421875,3.80859375,-0.0244140625,10.58349609375,-0.23193359375,-0.0244140625,-0.03662109375,0.8544921875,0.1708984375,-0.4638671875,-0.1953125,-0.4638671875
1,0.01220703125,-0.3662109375,-0.18310546875,-0.30517578125,0.15869140625,-0.4150390625,-0.09765625,0.0244140625,0.09765625,0.09765625,-0.32958984375,-0.79345703125,-0.3173828125,1.1962890625,-0.03662109375,0.10986328125,0.32958984375,3.5400390625,-0.1708984375,3.69873046875,0.30517578125,6.0302734375,0.0732421875,2.52685546875,-0.01220703125,-0.15869140625,-0.2685546875,-0.78125,-0.23193359375,0.91552734375,-0.47607421875,0.25634765625,-0.09765625,-0.244140625,0.06103515625,-0.86669921875,0.1220703125,-0.4150390625,0.0732421875,-0.72021484375,0.06103515625,-0.146484375,0.1953125,-0.6591796875,-0.0732421875,-0.40283203125,0.48828125,0.72021484375,0.1953125,1.220703125,0.2685546875,0.537109375,0.06103515625,-0.1708984375,0.3173828125,0.79345703125,0.35400390625,0.6591796875,-0.18310546875,0.439453125,0.1953125,0.8056640625,-0.1708984375,0.13427734375,0.01220703125,0.2685546875,-0.29296875,1.08642578125,0.01220703125,0.28076171875,-0.23193359375,0.244140625,-0.341796875,0.3173828125,-0.1220703125,0.89111328125,-0.09765625,0.0732421875,0.08544921875,1.37939453125,-0.01220703125,-0.9765625,0.01220703125,-0.29296875,-0.47607421875,-0.98876953125,-0.29296875,-0.74462890625,-0.0732421875,-1.46484375,0.15869140625,-0.244140625,-0.01220703125,-0.29296875,0.2685546875,-1.26953125,0.0244140625,0.0244140625,-0.40283203125,1.86767578125,0.01220703125,-0.01220703125,-0.09765625,0.830078125,-0.0244140625,-0.7080078125,-0.3173828125,-1.416015625,-0.01220703125,-1.025390625,-0.20751953125,0.439453125,0.13427734375,5.2001953125,0.03662109375,5.3955078125,-0.06103515625,3.4912109375,-0.03662109375,9.77783203125,-0.244140625,-0.01220703125,-0.0732421875,0.84228515625,0.146484375,-0.47607421875,-0.2197265625,-0.4638671875
1,0,-0.35400390625,-0.13427734375,-0.3173828125,0.13427734375,-0.4150390625,-0.0732421875,0.01220703125,0.10986328125,0.15869140625,-0.30517578125,-0.78125,-0.29296875,1.2451171875,-0.03662109375,0.1708984375,0.3173828125,3.43017578125,-0.048828125,3.57666015625,0.37841796875,5.84716796875,0.20751953125,2.42919921875,-0.06103515625,-0.18310546875,-0.28076171875,-0.76904296875,-0.2685546875,0.91552734375,-0.35400390625,0.25634765625,-0.048828125,-0.244140625,-0.048828125,-0.84228515625,0.10986328125,-0.40283203125,0.03662109375,-0.69580078125,0.01220703125,-0.15869140625,0.146484375,-0.64697265625,-0.03662109375,-0.37841796875,0.45166015625,0.634765625,0.18310546875,1.171875,0.2197265625,0.537109375,0.13427734375,-0.1953125,0.341796875,0.78125,0.28076171875,0.6591796875,-0.2197265625,0.45166015625,0.1953125,0.86669921875,-0.1708984375,0.13427734375,-0.10986328125,0.28076171875,-0.25634765625,1.07421875,0,0.2685546875,-0.25634765625,0.244140625,-0.341796875,0.30517578125,-0.146484375,0.86669921875,-0.03662109375,0.0732421875,0.01220703125,1.37939453125,-0.048828125,-0.9521484375,-0.03662109375,-0.29296875,-0.35400390625,-0.98876953125,-0.28076171875,-0.7568359375,-0.01220703125,-1.45263671875,0.10986328125,-0.23193359375,0.06103515625,-0.28076171875,0.146484375,-1.28173828125,0.06103515625,-0.29296875,-0.37841796875,1.26953125,0,-0.25634765625,-0.146484375,0.57373046875,-0.06103515625,-0.72021484375,-0.28076171875,-1.416015625,-0.03662109375,-1.0009765625,-0.23193359375,0.45166015625,0.15869140625,4.6142578125,0.01220703125,4.77294921875,-0.06103515625,3.0517578125,-0.01220703125,8.69140625,-0.23193359375,-0.0244140625,-0.13427734375,0.8056640625,0.09765625,-0.47607421875,-0.2197265625,-0.47607421875
0,0.0244140625,-0.3662109375,-0.08544921875,-0.32958984375,0.10986328125,-0.390625,-0.06103515625,0.03662109375,0.13427734375,0.20751953125,-0.30517578125,-0.74462890625,-0.29296875,1.18408203125,-0.0732421875,0.18310546875,0.20751953125,3.38134765625,0.0732421875,3.466796875,0.2197265625,5.712890625,0.3173828125,2.38037109375,-0.146484375,-0.1708984375,-0.25634765625,-0.76904296875,-0.2685546875,0.9033203125,-0.20751953125,0.2685546875,0,-0.23193359375,-0.1708984375,-0.830078125,0.1220703125,-0.40283203125,-0.0244140625,-0.68359375,-0.0244140625,-0.146484375,0.048828125,-0.634765625,0,-0.3662109375,0.42724609375,0.537109375,0.1953125,1.1474609375,0.10986328125,0.537109375,0.13427734375,-0.2197265625,0.28076171875,0.78125,0.29296875,0.64697265625,-0.1708984375,0.45166015625,0.1708984375,0.96435546875,-0.20751953125,0.13427734375,-0.23193359375,0.2685546875,-0.18310546875,1.06201171875,-0.0244140625,0.28076171875,-0.28076171875,0.25634765625,-0.341796875,0.3173828125,-0.13427734375,0.84228515625,0,0.048828125,0.048828125,1.37939453125,-0.0732421875,-0.927734375,-0.09765625,-0.28076171875,-0.25634765625,-1.01318359375,-0.23193359375,-0.7568359375,0.0244140625,-1.46484375,0.048828125,-0.244140625,0.1220703125,-0.29296875,-0.03662109375,-1.28173828125,0.0732421875,-0.54931640625,-0.32958984375,0.6591796875,-0.03662109375,-0.439453125,-0.1708984375,0.32958984375,-0.15869140625,-0.7080078125,-0.1953125,-1.3916015625,-0.10986328125,-1.0009765625,-0.28076171875,0.4638671875,0.1708984375,3.94287109375,0,4.01611328125,-0.06103515625,2.52685546875,0.0244140625,7.373046875,-0.23193359375,-0.0244140625,-0.146484375,0.8056640625,0.048828125,-0.48828125,-0.2197265625,-0.47607421875
0,-0.01220703125,-0.3662109375,-0.01220703125,-0.3173828125,0.13427734375,-0.40283203125,-0.048828125,0.048828125,0.13427734375,0.1953125,-0.28076171875,-0.7568359375,-0.28076171875,1.03759765625,-0.06103515625,0.15869140625,0.10986328125,3.33251953125,0.20751953125,3.40576171875,0.08544921875,5.5419921875,0.37841796875,2.3193359375,-0.244140625,-0.146484375,-0.1953125,-0.79345703125,-0.23193359375,0.9033203125,-0.10986328125,0.28076171875,0.06103515625,-0.2685546875,-0.29296875,-0.84228515625,0.08544921875,-0.390625,-0.03662109375,-0.69580078125,-0.06103515625,-0.15869140625,-0.048828125,-0.634765625,0,-0.3662109375,0.3173828125,0.4638671875,0.13427734375,1.13525390625,0.08544921875,0.54931640625,0.1953125,-0.23193359375,0.1953125,0.78125,0.390625,0.62255859375,-0.20751953125,0.48828125,0.23193359375,1.11083984375,-0.2685546875,0.10986328125,-0.29296875,0.25634765625,-0.15869140625,1.03759765625,-0.048828125,0.30517578125,-0.29296875,0.25634765625,-0.341796875,0.29296875,-0.10986328125,0.830078125,0.01220703125,0.08544921875,0.03662109375,1.37939453125,-0.06103515625,-0.9033203125,-0.1220703125,-0.2685546875,-0.1953125,-1.0009765625,-0.15869140625,-0.7568359375,0.048828125,-1.45263671875,-0.06103515625,-0.25634765625,0.1953125,-0.28076171875,-0.23193359375,-1.28173828125,0.09765625,-0.8056640625,-0.2197265625,0.06103515625,-0.1220703125,-0.62255859375,-0.18310546875,0.08544921875,-0.20751953125,-0.7080078125,-0.06103515625,-1.3916015625,-0.18310546875,-0.98876953125,-0.3173828125,0.45166015625,0.15869140625,3.21044921875,-0.01220703125,3.21044921875,-0.048828125,1.9775390625,0.06103515625,5.94482421875,-0.2197265625,-0.048828125,-0.1708984375,0.79345703125,0.01220703125,-0.50048828125,-0.1953125,-0.47607421875
0,-0.0244140625,-0.3662109375,-0.01220703125,-0.2685546875,0.146484375,-0.390625,-0.048828125,0.03662109375,0.13427734375,0.13427734375,-0.28076171875,-0.78125,-0.32958984375,0.9033203125,-0.048828125,0.10986328125,0.01220703125,3.28369140625,0.25634765625,3.30810546875,-0.06103515625,5.38330078125,0.40283203125,2.25830078125,-0.30517578125,-0.146484375,-0.1220703125,-0.76904296875,-0.13427734375,0.89111328125,-0.0244140625,0.25634765625,0.10986328125,-0.244140625,-0.37841796875,-0.81787109375,0.048828125,-0.390625,-0.0732421875,-0.69580078125,-0.13427734375,-0.18310546875,-0.146484375,-0.634765625,0.03662109375,-0.37841796875,0.3173828125,0.42724609375,0.146484375,1.1474609375,0.0732421875,0.537109375,0.18310546875,-0.25634765625,0.10986328125,0.78125,0.5126953125,0.634765625,-0.15869140625,0.50048828125,0.244140625,1.2939453125,-0.30517578125,0.1220703125,-0.3173828125,0.25634765625,-0.10986328125,1.06201171875,-0.0732421875,0.3173828125,-0.29296875,0.2685546875,-0.3662109375,0.32958984375,-0.0732421875,0.81787109375,0,0.08544921875,0.08544921875,1.3671875,-0.03662109375,-0.91552734375,-0.13427734375,-0.29296875,-0.15869140625,-1.0009765625,-0.048828125,-0.76904296875,0.03662109375,-1.4892578125,-0.1220703125,-0.28076171875,0.1708984375,-0.30517578125,-0.35400390625,-1.25732421875,0.08544921875,-1.025390625,-0.1220703125,-0.5126953125,-0.20751953125,-0.76904296875,-0.18310546875,-0.146484375,-0.244140625,-0.68359375,0.06103515625,-1.40380859375,-0.25634765625,-0.98876953125,-0.35400390625,0.45166015625,0.1708984375,2.45361328125,0.01220703125,2.40478515625,-0.048828125,1.42822265625,0.09765625,4.4921875,-0.23193359375,-0.0732421875,-0.18310546875,0.76904296875,-0.01220703125,-0.50048828125,-0.18310546875,-0.48828125
0,-0.048828125,-0.35400390625,0.0244140625,-0.2685546875,0.13427734375,-0.37841796875,-0.048828125,0.048828125,0.1220703125,0.08544921875,-0.2685546875,-0.79345703125,-0.32958984375,0.76904296875,-0.06103515625,0.01220703125,-0.0244140625,3.18603515625,0.1953125,3.13720703125,-0.18310546875,5.17578125,0.390625,2.1484375,-0.32958984375,-0.13427734375,-0.0732421875,-0.76904296875,-0.0244140625,0.87890625,-0.01220703125,0.25634765625,0.1220703125,-0.23193359375,-0.42724609375,-0.8056640625,-0.03662109375,-0.390625,-0.18310546875,-0.69580078125,-0.23193359375,-0.1953125,-0.20751953125,-0.634765625,-0.03662109375,-0.40283203125,0.29296875,0.42724609375,0.06103515625,1.15966796875,0.08544921875,0.537109375,0.0732421875,-0.23193359375,0.0244140625,0.76904296875,0.62255859375,0.64697265625,-0.1708984375,0.5126953125,0.23193359375,1.42822265625,-0.35400390625,0.10986328125,-0.29296875,0.244140625,-0.048828125,1.06201171875,-0.09765625,0.3173828125,-0.28076171875,0.244140625,-0.37841796875,0.3173828125,-0.03662109375,0.81787109375,-0.0244140625,0.10986328125,0.13427734375,1.37939453125,-0.0244140625,-0.91552734375,-0.1220703125,-0.28076171875,-0.146484375,-0.98876953125,0.048828125,-0.78125,-0.01220703125,-1.513671875,-0.1953125,-0.28076171875,0.0732421875,-0.29296875,-0.4150390625,-1.20849609375,0.06103515625,-1.23291015625,-0.01220703125,-1.01318359375,-0.29296875,-0.91552734375,-0.146484375,-0.341796875,-0.25634765625,-0.68359375,0.13427734375,-1.37939453125,-0.35400390625,-0.9765625,-0.37841796875,0.45166015625,0.1953125,1.77001953125,0.01220703125,1.62353515625,-0.06103515625,0.86669921875,0.1220703125,3.076171875,-0.244140625,-0.08544921875,-0.18310546875,0.78125,-0.048828125,-0.50048828125,-0.1708984375,-0.48828125
0,-0.048828125,-0.32958984375,0.0732421875,-0.244140625,0.13427734375,-0.390625,-0.048828125,0.03662109375,0.09765625,0.048828125,-0.28076171875,-0.81787109375,-0.37841796875,0.67138671875,-0.08544921875,-0.06103515625,0,3.0029296875,0.01220703125,2.9541015625,-0.2197265625,4.91943359375,0.30517578125,1.98974609375,-0.3173828125,-0.146484375,-0.01220703125,-0.76904296875,0.0732421875,0.89111328125,-0.0244140625,0.25634765625,0.03662109375,-0.25634765625,-0.40283203125,-0.81787109375,-0.06103515625,-0.4150390625,-0.23193359375,-0.7080078125,-0.35400390625,-0.20751953125,-0.2197265625,-0.64697265625,-0.0732421875,-0.42724609375,0.2685546875,0.4638671875,-0.01220703125,1.1962890625,0.0732421875,0.50048828125,0.01220703125,-0.18310546875,-0.03662109375,0.78125,0.72021484375,0.67138671875,-0.03662109375,0.5126953125,0.2685546875,1.57470703125,-0.3662109375,0.1220703125,-0.30517578125,0.244140625,0.01220703125,1.06201171875,-0.1220703125,0.29296875,-0.30517578125,0.2685546875,-0.4150390625,0.32958984375,-0.048828125,0.81787109375,-0.01220703125,0.10986328125,0.1953125,1.37939453125,0,-0.927734375,-0.06103515625,-0.30517578125,-0.10986328125,-0.98876953125,0.13427734375,-0.79345703125,-0.0732421875,-1.5380859375,-0.25634765625,-0.28076171875,-0.06103515625,-0.29296875,-0.3173828125,-1.1962890625,0.0732421875,-1.37939453125,0.03662109375,-1.3916015625,-0.35400390625,-1.01318359375,-0.1220703125,-0.5126953125,-0.13427734375,-0.68359375,0.13427734375,-1.40380859375,-0.37841796875,-0.9765625,-0.341796875,0.439453125,0.2197265625,1.1474609375,0.0244140625,0.9521484375,-0.048828125,0.390625,0.13427734375,1.81884765625,-0.25634765625,-0.08544921875,-0.146484375,0.79345703125,-0.06103515625,-0.50048828125,-0.1708984375,-0.50048828125
0,-0.03662109375,-0.29296875,0.08544921875,-0.2197265625,0.1220703125,-0.3662109375,-0.0244140625,0.03662109375,0.09765625,0.0244140625,-0.25634765625,-0.8056640625,-0.35400390625,0.64697265625,-0.0732421875,-0.13427734375,-0.01220703125,2.734375,-0.2197265625,2.685546875,-0.1708984375,4.60205078125,0.0732421875,1.806640625,-0.244140625,-0.146484375,0,-0.78125,0.1220703125,0.87890625,-0.03662109375,0.244140625,-0.13427734375,-0.25634765625,-0.37841796875,-0.79345703125,-0.1220703125,-0.42724609375,-0.2685546875,-0.7080078125,-0.45166015625,-0.20751953125,-0.15869140625,-0.6591796875,-0.1220703125,-0.45166015625,0.29296875,0.5126953125,-0.1220703125,1.26953125,0.06103515625,0.48828125,-0.0732421875,-0.15869140625,-0.0732421875,0.76904296875,0.8056640625,0.67138671875,0.03662109375,0.52490234375,0.1708984375,1.708984375,-0.40283203125,0.10986328125,-0.29296875,0.244140625,0.08544921875,1.07421875,-0.1220703125,0.29296875,-0.30517578125,0.2685546875,-0.40283203125,0.341796875,0.01220703125,0.830078125,-0.03662109375,0.10986328125,0.25634765625,1.37939453125,0,-0.9521484375,0.01220703125,-0.3173828125,-0.146484375,-0.98876953125,0.20751953125,-0.8056640625,-0.1708984375,-1.55029296875,-0.23193359375,-0.2685546875,-0.20751953125,-0.29296875,-0.15869140625,-1.15966796875,0.06103515625,-1.45263671875,0.0732421875,-1.66015625,-0.341796875,-1.03759765625,-0.09765625,-0.59814453125,0.01220703125,-0.67138671875,0.10986328125,-1.416015625,-0.390625,-0.98876953125,-0.29296875,0.439453125,0.20751953125,0.64697265625,0.0244140625,0.390625,-0.06103515625,0.01220703125,0.13427734375,0.79345703125,-0.25634765625,-0.09765625,-0.1220703125,0.79345703125,-0.0732421875,-0.5126953125,-0.2197265625,-0.50048828125
0,-0.03662109375,-0.29296875,0.1220703125,-0.18310546875,0.08544921875,-0.37841796875,-0.01220703125,0.0244140625,0.0732421875,0.01220703125,-0.244140625,-0.8056640625,-0.3662109375,0.68359375,-0.09765625,-0.15869140625,0.0244140625,2.392578125,-0.32958984375,2.3681640625,-0.08544921875,4.13818359375,-0.09765625,1.52587890625,-0.13427734375,-0.146484375,-0.0244140625,-0.7568359375,0.1708984375,0.9033203125,-0.06103515625,0.23193359375,-0.30517578125,-0.2685546875,-0.3173828125,-0.8056640625,-0.10986328125,-0.42724609375,-0.2685546875,-0.72021484375,-0.439453125,-0.20751953125,-0.06103515625,-0.64697265625,-0.15869140625,-0.4638671875,0.29296875,0.5615234375,-0.13427734375,1.318359375,0.06103515625,0.48828125,-0.146484375,-0.13427734375,-0.1220703125,0.76904296875,0.89111328125,0.67138671875,0.2197265625,0.50048828125,0.146484375,1.7822265625,-0.4150390625,0.10986328125,-0.29296875,0.2685546875,0.09765625,1.08642578125,-0.08544921875,0.28076171875,-0.30517578125,0.2685546875,-0.390625,0.32958984375,0.0244140625,0.8544921875,-0.03662109375,0.10986328125,0.28076171875,1.40380859375,0,-0.9765625,0.1220703125,-0.3173828125,-0.1953125,-0.98876953125,0.244140625,-0.79345703125,-0.23193359375,-1.5625,-0.23193359375,-0.25634765625,-0.29296875,-0.28076171875,0.048828125,-1.13525390625,0.06103515625,-1.50146484375,0.06103515625,-1.77001953125,-0.2685546875,-1.0498046875,-0.06103515625,-0.6591796875,0.146484375,-0.69580078125,0.048828125,-1.4404296875,-0.35400390625,-0.9765625,-0.29296875,0.45166015625,0.20751953125,0.25634765625,0.01220703125,-0.06103515625,-0.048828125,-0.30517578125,0.1708984375,0.0244140625,-0.25634765625,-0.08544921875,-0.10986328125,0.79345703125,-0.0732421875,-0.48828125,-0.23193359375,-0.47607421875
0,-0.03662109375,-0.25634765625,0.1220703125,-0.15869140625,0.03662109375,-0.390625,0.03662109375,0.01220703125,0.03662109375,0.0244140625,-0.244140625,-0.78125,-0.32958984375,0.78125,-0.09765625,-0.146484375,0.01220703125,1.9775390625,-0.439453125,1.98974609375,-0.13427734375,3.662109375,-0.35400390625,1.20849609375,0,-0.13427734375,-0.0244140625,-0.76904296875,0.09765625,0.9033203125,-0.048828125,0.23193359375,-0.4150390625,-0.2685546875,-0.30517578125,-0.830078125,-0.1220703125,-0.4150390625,-0.25634765625,-0.7080078125,-0.439453125,-0.20751953125,0.048828125,-0.6591796875,-0.18310546875,-0.48828125,0.3662109375,0.634765625,-0.0732421875,1.35498046875,0.13427734375,0.50048828125,-0.23193359375,-0.10986328125,-0.146484375,0.78125,0.9033203125,0.69580078125,0.32958984375,0.5126953125,-0.01220703125,1.8310546875,-0.47607421875,0.13427734375,-0.244140625,0.2685546875,0.09765625,1.07421875,-0.06103515625,0.29296875,-0.341796875,0.25634765625,-0.37841796875,0.3173828125,0.06103515625,0.87890625,-0.048828125,0.10986328125,0.2685546875,1.416015625,0.048828125,-1.0009765625,0.20751953125,-0.32958984375,-0.244140625,-1.0009765625,0.23193359375,-0.76904296875,-0.29296875,-1.55029296875,-0.1953125,-0.25634765625,-0.2685546875,-0.28076171875,0.244140625,-1.08642578125,0.0244140625,-1.47705078125,-0.01220703125,-1.69677734375,-0.1953125,-0.9765625,-0.03662109375,-0.6103515625,0.30517578125,-0.69580078125,-0.03662109375,-1.4404296875,-0.244140625,-1.0009765625,-0.29296875,0.439453125,0.13427734375,0.01220703125,-0.048828125,-0.32958984375,-0.09765625,-0.48828125,0.09765625,-0.4638671875,-0.2685546875,-0.06103515625,-0.0732421875,0.8056640625,-0.06103515625,-0.47607421875,-0.23193359375,-0.45166015625
0,-0.01220703125,-0.25634765625,0.1220703125,-0.13427734375,0,-0.37841796875,0.048828125,0.01220703125,0.01220703125,0.0732421875,-0.244140625,-0.7568359375,-0.341796875,0.9033203125,-0.1708984375,-0.09765625,0.0244140625,1.513671875,-0.4638671875,1.59912109375,-0.10986328125,3.11279296875,-0.52490234375,0.87890625,0.1220703125,-0.1708984375,-0.03662109375,-0.78125,0,0.91552734375,-0.0244140625,0.2197265625,-0.42724609375,-0.28076171875,-0.3173828125,-0.830078125,-0.08544921875,-0.42724609375,-0.25634765625,-0.69580078125,-0.37841796875,-0.18310546875,0.13427734375,-0.6591796875,-0.244140625,-0.45166015625,0.4638671875,0.67138671875,-0.03662109375,1.40380859375,0.1953125,0.50048828125,-0.30517578125,-0.09765625,-0.146484375,0.76904296875,0.86669921875,0.7080078125,0.35400390625,0.47607421875,-0.13427734375,1.79443359375,-0.4638671875,0.1220703125,-0.20751953125,0.2685546875,0.09765625,1.08642578125,0.01220703125,0.28076171875,-0.37841796875,0.2685546875,-0.28076171875,0.3173828125,0.06103515625,0.89111328125,-0.0732421875,0.09765625,0.25634765625,1.42822265625,0.048828125,-0.98876953125,0.2685546875,-0.3173828125,-0.30517578125,-1.01318359375,0.18310546875,-0.7568359375,-0.3173828125,-1.55029296875,-0.15869140625,-0.2197265625,-0.2197265625,-0.244140625,0.35400390625,-1.0986328125,-0.0732421875,-1.40380859375,-0.10986328125,-1.50146484375,-0.09765625,-0.91552734375,-0.01220703125,-0.537109375,0.341796875,-0.69580078125,-0.0732421875,-1.4404296875,-0.15869140625,-1.0009765625,-0.28076171875,0.439453125,0.146484375,-0.146484375,-0.048828125,-0.47607421875,-0.08544921875,-0.54931640625,0.1220703125,-0.6591796875,-0.25634765625,-0.06103515625,-0.0732421875,0.81787109375,-0.0732421875,-0.4638671875,-0.23193359375,-0.4638671875
0,0.0244140625,-0.244140625,0.146484375,-0.08544921875,-0.0732421875,-0.40283203125,0.06103515625,0.048828125,0,0.13427734375,-0.20751953125,-0.74462890625,-0.3173828125,1.0498046875,-0.18310546875,-0.01220703125,0.01220703125,1.07421875,-0.42724609375,1.220703125,-0.08544921875,2.5634765625,-0.54931640625,0.5615234375,0.1708984375,-0.15869140625,-0.048828125,-0.78125,-0.15869140625,0.927734375,-0.0244140625,0.2197265625,-0.35400390625,-0.2685546875,-0.341796875,-0.830078125,-0.03662109375,-0.4150390625,-0.23193359375,-0.68359375,-0.2685546875,-0.1708984375,0.1953125,-0.6591796875,-0.2685546875,-0.4150390625,0.537109375,0.68359375,-0.03662109375,1.40380859375,0.3173828125,0.5126953125,-0.29296875,-0.1220703125,-0.1953125,0.78125,0.84228515625,0.69580078125,0.3662109375,0.4638671875,-0.2197265625,1.708984375,-0.42724609375,0.13427734375,-0.13427734375,0.29296875,0.13427734375,1.07421875,0.0732421875,0.2685546875,-0.42724609375,0.2685546875,-0.2197265625,0.30517578125,0.06103515625,0.9033203125,-0.09765625,0.08544921875,0.244140625,1.42822265625,0.08544921875,-1.0009765625,0.28076171875,-0.32958984375,-0.3662109375,-0.98876953125,0.1708984375,-0.7568359375,-0.3173828125,-1.52587890625,-0.10986328125,-0.2197265625,-0.03662109375,-0.2685546875,0.3662109375,-1.11083984375,-0.1220703125,-1.30615234375,-0.1708984375,-1.220703125,-0.01220703125,-0.830078125,-0.0244140625,-0.4150390625,0.32958984375,-0.7080078125,-0.09765625,-1.42822265625,-0.06103515625,-0.98876953125,-0.28076171875,0.439453125,0.15869140625,-0.18310546875,-0.01220703125,-0.537109375,-0.0732421875,-0.537109375,0.15869140625,-0.67138671875,-0.25634765625,-0.0244140625,-0.08544921875,0.8056640625,-0.09765625,-0.45166015625,-0.1953125,-0.47607421875
0,0.03662109375,-0.23193359375,0.1953125,-0.08544921875,-0.08544921875,-0.40283203125,0.08544921875,0.03662109375,-0.03662109375,0.1708984375,-0.29296875,-0.7080078125,-0.32958984375,1.123046875,-0.23193359375,0.03662109375,-0.048828125,0.67138671875,-0.341796875,0.89111328125,-0.146484375,2.0751953125,-0.45166015625,0.29296875,0.1953125,-0.146484375,-0.03662109375,-0.76904296875,-0.29296875,0.91552734375,-0.048828125,0.2197265625,-0.13427734375,-0.28076171875,-0.3662109375,-0.84228515625,0.01220703125,-0.40283203125,-0.1708984375,-0.69580078125,-0.18310546875,-0.18310546875,0.20751953125,-0.634765625,-0.1953125,-0.40283203125,0.5615234375,0.6591796875,-0.01220703125,1.3916015625,0.4150390625,0.52490234375,-0.244140625,-0.146484375,-0.18310546875,0.78125,0.732421875,0.69580078125,0.3662109375,0.439453125,-0.2685546875,1.59912109375,-0.35400390625,0.146484375,0.06103515625,0.28076171875,0.15869140625,1.08642578125,0.10986328125,0.28076171875,-0.439453125,0.28076171875,-0.13427734375,0.2685546875,0.0732421875,0.91552734375,-0.08544921875,0.06103515625,0.20751953125,1.40380859375,0.15869140625,-1.0009765625,0.2685546875,-0.32958984375,-0.439453125,-0.9765625,0.1220703125,-0.7568359375,-0.28076171875,-1.4892578125,-0.06103515625,-0.2197265625,0.146484375,-0.28076171875,0.25634765625,-1.123046875,-0.146484375,-1.171875,-0.23193359375,-0.9033203125,0.03662109375,-0.7568359375,-0.0244140625,-0.2685546875,0.244140625,-0.69580078125,-0.08544921875,-1.45263671875,0.0244140625,-1.01318359375,-0.2685546875,0.439453125,0.15869140625,-0.18310546875,0,-0.537109375,-0.06103515625,-0.47607421875,0.20751953125,-0.54931640625,-0.2685546875,-0.0244140625,-0.10986328125,0.81787109375,-0.10986328125,-0.439453125,-0.20751953125,-0.4638671875
0,0.0244140625,-0.2685546875,0.23193359375,-0.09765625,-0.1220703125,-0.40283203125,0.09765625,0.03662109375,-0.03662109375,0.18310546875,-0.29296875,-0.72021484375,-0.29296875,1.15966796875,-0.25634765625,0.08544921875,-0.06103515625,0.37841796875,-0.2197265625,0.634765625,-0.1953125,1.6357421875,-0.20751953125,0.0732421875,0.18310546875,-0.1708984375,-0.0244140625,-0.78125,-0.4150390625,0.9033203125,-0.08544921875,0.2197265625,0.09765625,-0.25634765625,-0.390625,-0.84228515625,0.09765625,-0.390625,-0.08544921875,-0.67138671875,-0.06103515625,-0.1708984375,0.18310546875,-0.634765625,-0.1220703125,-0.35400390625,0.54931640625,0.62255859375,0.0244140625,1.37939453125,0.45166015625,0.54931640625,-0.1953125,-0.18310546875,-0.20751953125,0.76904296875,0.59814453125,0.68359375,0.37841796875,0.42724609375,-0.23193359375,1.45263671875,-0.25634765625,0.1220703125,0.20751953125,0.29296875,0.13427734375,1.0498046875,0.15869140625,0.28076171875,-0.4638671875,0.28076171875,-0.06103515625,0.2685546875,0.08544921875,0.927734375,-0.08544921875,0.048828125,0.146484375,1.416015625,0.1708984375,-0.9765625,0.18310546875,-0.3173828125,-0.47607421875,-0.9521484375,0.08544921875,-0.74462890625,-0.1953125,-1.50146484375,-0.06103515625,-0.23193359375,0.3173828125,-0.2685546875,0.13427734375,-1.123046875,-0.1220703125,-1.0498046875,-0.1953125,-0.6103515625,0.10986328125,-0.7080078125,0,-0.146484375,0.0732421875,-0.69580078125,0,-1.4404296875,0.0732421875,-1.01318359375,-0.244140625,0.42724609375,0.15869140625,-0.146484375,0,-0.48828125,-0.0732421875,-0.4150390625,0.2197265625,-0.37841796875,-0.23193359375,-0.0244140625,-0.09765625,0.79345703125,-0.1220703125,-0.45166015625,-0.18310546875,-0.4638671875
0,0.048828125,-0.28076171875,0.244140625,-0.0732421875,-0.08544921875,-0.40283203125,0.08544921875,0.03662109375,-0.048828125,0.1708984375,-0.28076171875,-0.7568359375,-0.29296875,1.0986328125,-0.20751953125,0.09765625,-0.1220703125,0.20751953125,-0.1708984375,0.4638671875,-0.244140625,1.35498046875,0.048828125,-0.03662109375,0.09765625,-0.15869140625,-0.01220703125,-0.78125,-0.50048828125,0.9033203125,-0.08544921875,0.2197265625,0.29296875,-0.25634765625,-0.37841796875,-0.81787109375,0.1220703125,-0.3662109375,-0.0244140625,-0.64697265625,0.048828125,-0.1953125,0.146484375,-0.62255859375,0.09765625,-0.30517578125,0.4638671875,0.57373046875,0.10986328125,1.35498046875,0.40283203125,0.5615234375,-0.1708984375,-0.20751953125,-0.15869140625,0.76904296875,0.50048828125,0.6591796875,0.3662109375,0.439453125,-0.1953125,1.26953125,-0.23193359375,0.1220703125,0.37841796875,0.28076171875,0.13427734375,1.06201171875,0.1708984375,0.2685546875,-0.439453125,0.28076171875,-0.03662109375,0.2685546875,0.08544921875,0.927734375,-0.08544921875,0.06103515625,0.06103515625,1.40380859375,0.2197265625,-0.9521484375,0.1220703125,-0.3173828125,-0.42724609375,-0.9521484375,0.03662109375,-0.74462890625,-0.09765625,-1.50146484375,-0.03662109375,-0.244140625,0.47607421875,-0.2685546875,-0.01220703125,-1.15966796875,-0.06103515625,-0.9521484375,-0.09765625,-0.40283203125,0.10986328125,-0.6591796875,-0.03662109375,-0.03662109375,-0.0732421875,-0.69580078125,0.0244140625,-1.42822265625,0.09765625,-1.025390625,-0.23193359375,0.45166015625,0.146484375,-0.10986328125,-0.0244140625,-0.4638671875,-0.048828125,-0.341796875,0.23193359375,-0.2197265625,-0.23193359375,0.01220703125,-0.09765625,0.79345703125,-0.15869140625,-0.439453125,-0.20751953125,-0.4638671875
0,0.048828125,-0.3173828125,0.30517578125,-0.09765625,-0.08544921875,-0.40283203125,0.0732421875,0.0244140625,-0.06103515625,0.1220703125,-0.29296875,-0.8056640625,-0.29296875,1.01318359375,-0.23193359375,0.06103515625,-0.08544921875,0.146484375,-0.048828125,0.439453125,-0.244140625,1.26953125,0.341796875,-0.048828125,-0.01220703125,-0.15869140625,-0.0732421875,-0.78125,-0.54931640625,0.89111328125,-0.15869140625,0.244140625,0.40283203125,-0.23193359375,-0.35400390625,-0.81787109375,0.146484375,-0.37841796875,0.03662109375,-0.6591796875,0.13427734375,-0.2197265625,0.06103515625,-0.62255859375,0.25634765625,-0.29296875,0.5126953125,0.52490234375,0.20751953125,1.33056640625,0.32958984375,0.54931640625,-0.10986328125,-0.23193359375,-0.08544921875,0.7568359375,0.3662109375,0.64697265625,0.35400390625,0.42724609375,-0.06103515625,1.11083984375,-0.1953125,0.1220703125,0.4638671875,0.29296875,0.1220703125,1.03759765625,0.15869140625,0.29296875,-0.390625,0.2685546875,0,0.28076171875,0.08544921875,0.927734375,-0.08544921875,0.048828125,0.03662109375,1.37939453125,0.18310546875,-0.91552734375,0.03662109375,-0.3173828125,-0.4150390625,-0.96435546875,0,-0.76904296875,0.01220703125,-1.513671875,-0.048828125,-0.25634765625,0.54931640625,-0.244140625,-0.0732421875,-1.171875,-0.048828125,-0.91552734375,-0.0732421875,-0.30517578125,0.08544921875,-0.6591796875,-0.048828125,0.0244140625,-0.23193359375,-0.67138671875,0.01220703125,-1.45263671875,0.10986328125,-1.0009765625,-0.20751953125,0.45166015625,0.146484375,-0.06103515625,-0.0244140625,-0.439453125,-0.048828125,-0.29296875,0.244140625,-0.15869140625,-0.23193359375,0.0244140625,-0.09765625,0.81787109375,-0.146484375,-0.42724609375,-0.2197265625,-0.4638671875
1,0.03662109375,-0.341796875,0.3173828125,-0.09765625,-0.06103515625,-0.4150390625,0.06103515625,0.0244140625,-0.06103515625,0.048828125,-0.30517578125,-0.89111328125,-0.244140625,0.89111328125,-0.1708984375,0,-0.048828125,0.2685546875,0.01220703125,0.54931640625,-0.23193359375,1.37939453125,0.45166015625,0.0244140625,-0.146484375,-0.146484375,-0.1220703125,-0.76904296875,-0.52490234375,0.89111328125,-0.25634765625,0.244140625,0.40283203125,-0.244140625,-0.29296875,-0.8056640625,0.1708984375,-0.37841796875,0.10986328125,-0.67138671875,0.1953125,-0.23193359375,0.0244140625,-0.6103515625,0.35400390625,-0.28076171875,0.439453125,0.47607421875,0.244140625,1.30615234375,0.244140625,0.537109375,-0.048828125,-0.244140625,-0.048828125,0.74462890625,0.23193359375,0.64697265625,0.3173828125,0.45166015625,0.13427734375,0.9765625,-0.13427734375,0.10986328125,0.48828125,0.29296875,0.1220703125,1.0498046875,0.146484375,0.29296875,-0.3173828125,0.2685546875,0,0.3173828125,0.08544921875,0.91552734375,-0.09765625,0.06103515625,-0.01220703125,1.3427734375,0.1708984375,-0.89111328125,-0.048828125,-0.30517578125,-0.42724609375,-0.9765625,-0.03662109375,-0.79345703125,0.08544921875,-1.52587890625,-0.048828125,-0.29296875,0.48828125,-0.23193359375,-0.0732421875,-1.220703125,0,-0.9033203125,0.06103515625,-0.3173828125,0.048828125,-0.69580078125,-0.048828125,0.01220703125,-0.3662109375,-0.7080078125,0.0244140625,-1.45263671875,0.0732421875,-1.0009765625,-0.23193359375,0.439453125,0.13427734375,-0.06103515625,-0.0244140625,-0.439453125,-0.03662109375,-0.29296875,0.25634765625,-0.18310546875,-0.20751953125,0.0244140625,-0.08544921875,0.830078125,-0.10986328125,-0.42724609375,-0.2197265625,-0.4638671875
1,0.01220703125,-0.390625,0.3662109375,-0.1220703125,-0.0732421875,-0.40283203125,0.03662109375,0.0244140625,-0.08544921875,-0.06103515625,-0.32958984375,-0.9521484375,-0.2685546875,0.74462890625,-0.146484375,-0.08544921875,0.06103515625,0.5615234375,0.048828125,0.79345703125,-0.01220703125,1.7578125,0.50048828125,0.25634765625,-0.2685546875,-0.13427734375,-0.18310546875,-0.78125,-0.48828125,0.9033203125,-0.35400390625,0.2685546875,0.3662109375,-0.2197265625,-0.244140625,-0.81787109375,0.146484375,-0.3662109375,0.146484375,-0.67138671875,0.20751953125,-0.1953125,0.01220703125,-0.62255859375,0.37841796875,-0.23193359375,0.40283203125,0.4638671875,0.28076171875,1.28173828125,0.1953125,0.537109375,-0.03662109375,-0.23193359375,0,0.7568359375,0.0732421875,0.6591796875,0.2685546875,0.4638671875,0.28076171875,0.8544921875,-0.09765625,0.08544921875,0.54931640625,0.28076171875,0.0732421875,1.0498046875,0.10986328125,0.28076171875,-0.244140625,0.25634765625,0.0244140625,0.30517578125,0.09765625,0.89111328125,-0.13427734375,0.048828125,-0.03662109375,1.33056640625,0.146484375,-0.87890625,-0.1220703125,-0.30517578125,-0.3662109375,-1.0009765625,-0.01220703125,-0.79345703125,0.1220703125,-1.55029296875,-0.048828125,-0.30517578125,0.390625,-0.23193359375,-0.0244140625,-1.2451171875,-0.0244140625,-0.927734375,0.06103515625,-0.439453125,-0.0244140625,-0.732421875,-0.10986328125,-0.06103515625,-0.37841796875,-0.7080078125,-0.06103515625,-1.42822265625,0.0244140625,-0.98876953125,-0.29296875,0.42724609375,0.13427734375,-0.09765625,-0.01220703125,-0.47607421875,-0.06103515625,-0.3173828125,0.32958984375,-0.30517578125,-0.18310546875,0.03662109375,-0.10986328125,0.84228515625,-0.10986328125,-0.42724609375,-0.23193359375,-0.45166015625
1,0.06103515625,-0.4150390625,0.37841796875,-0.146484375,-0.09765625,-0.40283203125,0.048828125,0,-0.13427734375,-0.146484375,-0.3173828125,-0.98876953125,-0.244140625,0.6591796875,-0.146484375,-0.146484375,0.15869140625,0.93994140625,0,1.18408203125,0.1708984375,2.3193359375,0.45166015625,0.57373046875,-0.32958984375,-0.13427734375,-0.23193359375,-0.78125,-0.47607421875,0.9033203125,-0.42724609375,0.2685546875,0.29296875,-0.20751953125,-0.1953125,-0.79345703125,0.13427734375,-0.37841796875,0.13427734375,-0.67138671875,0.146484375,-0.20751953125,0.03662109375,-0.634765625,0.3662109375,-0.23193359375,0.29296875,0.45166015625,0.2197265625,1.26953125,0.10986328125,0.52490234375,-0.01220703125,-0.2197265625,0,0.7568359375,-0.0244140625,0.6591796875,0.28076171875,0.47607421875,0.439453125,0.81787109375,-0.03662109375,0.10986328125,0.57373046875,0.28076171875,0.03662109375,1.06201171875,0.09765625,0.30517578125,-0.1708984375,0.2685546875,0.01220703125,0.32958984375,0.10986328125,0.9033203125,-0.13427734375,0.0732421875,-0.09765625,1.318359375,0.0732421875,-0.87890625,-0.146484375,-0.3173828125,-0.3173828125,-1.01318359375,0.03662109375,-0.8056640625,0.10986328125,-1.55029296875,-0.048828125,-0.3173828125,0.23193359375,-0.25634765625,0.03662109375,-1.26953125,-0.0244140625,-0.98876953125,0.0732421875,-0.62255859375,-0.10986328125,-0.76904296875,-0.1708984375,-0.146484375,-0.3173828125,-0.732421875,-0.15869140625,-1.4404296875,-0.0244140625,-1.0009765625,-0.32958984375,0.42724609375,0.1220703125,-0.10986328125,-0.01220703125,-0.47607421875,-0.06103515625,-0.3662109375,0.390625,-0.4638671875,-0.1708984375,0.0244140625,-0.09765625,0.8544921875,-0.06103515625,-0.439453125,-0.25634765625,-0.439453125
1,0.09765625,-0.4150390625,0.4150390625,-0.1708984375,-0.10986328125,-0.40283203125,0.0732421875,0.03662109375,-0.15869140625,-0.1953125,-0.29296875,-1.01318359375,-0.23193359375,0.62255859375,-0.13427734375,-0.18310546875,0.23193359375,1.45263671875,-0.09765625,1.67236328125,0.32958984375,3.0517578125,0.35400390625,0.9765625,-0.3662109375,-0.1220703125,-0.29296875,-0.76904296875,-0.45166015625,0.89111328125,-0.4150390625,0.2685546875,0.1953125,-0.20751953125,-0.2197265625,-0.830078125,0.09765625,-0.40283203125,0.1220703125,-0.68359375,0,-0.1953125,0.048828125,-0.64697265625,0.20751953125,-0.244140625,0.30517578125,0.47607421875,0.10986328125,1.25732421875,0,0.48828125,-0.03662109375,-0.1953125,-0.048828125,0.76904296875,-0.048828125,0.67138671875,0.341796875,0.50048828125,0.52490234375,0.8056640625,-0.01220703125,0.10986328125,0.5859375,0.2685546875,0,1.07421875,0.048828125,0.30517578125,-0.146484375,0.2685546875,0.0244140625,0.341796875,0.03662109375,0.9033203125,-0.1220703125,0.06103515625,-0.1220703125,1.33056640625,0.03662109375,-0.93994140625,-0.10986328125,-0.30517578125,-0.20751953125,-1.01318359375,0.1220703125,-0.8056640625,0.0732421875,-1.5625,-0.03662109375,-0.3173828125,0.06103515625,-0.28076171875,0.0732421875,-1.2939453125,0.0244140625,-1.025390625,0.2197265625,-0.830078125,-0.08544921875,-0.830078125,-0.15869140625,-0.244140625,-0.18310546875,-0.7080078125,-0.28076171875,-1.42822265625,-0.06103515625,-0.98876953125,-0.341796875,0.439453125,0.09765625,-0.13427734375,0.01220703125,-0.5126953125,-0.03662109375,-0.4150390625,0.341796875,-0.59814453125,-0.18310546875,0.0244140625,-0.10986328125,0.84228515625,-0.0732421875,-0.42724609375,-0.28076171875,-0.439453125
1,0.15869140625,-0.4150390625,0.42724609375,-0.1953125,-0.1953125,-0.40283203125,0.09765625,0.01220703125,-0.1708984375,-0.20751953125,-0.3173828125,-1.025390625,-0.25634765625,0.634765625,-0.15869140625,-0.20751953125,0.244140625,2.03857421875,-0.1953125,2.24609375,0.3662109375,3.89404296875,0.23193359375,1.4404296875,-0.35400390625,-0.1220703125,-0.35400390625,-0.78125,-0.4150390625,0.91552734375,-0.30517578125,0.2685546875,0.09765625,-0.1953125,-0.244140625,-0.830078125,0.06103515625,-0.42724609375,0.09765625,-0.69580078125,-0.18310546875,-0.20751953125,0.10986328125,-0.64697265625,0.08544921875,-0.244140625,0.390625,0.50048828125,0.08544921875,1.26953125,-0.0732421875,0.50048828125,-0.06103515625,-0.13427734375,-0.10986328125,0.78125,-0.06103515625,0.67138671875,0.4150390625,0.50048828125,0.69580078125,0.830078125,-0.01220703125,0.09765625,0.5615234375,0.28076171875,-0.0244140625,1.07421875,0.03662109375,0.30517578125,-0.13427734375,0.244140625,0.06103515625,0.341796875,0,0.89111328125,-0.15869140625,0.08544921875,-0.09765625,1.3427734375,0.01220703125,-0.9765625,-0.03662109375,-0.30517578125,-0.09765625,-1.03759765625,0.1953125,-0.8056640625,0.01220703125,-1.5380859375,-0.06103515625,-0.29296875,-0.048828125,-0.28076171875,0.048828125,-1.2939453125,0.08544921875,-1.11083984375,0.18310546875,-1.0009765625,-0.0732421875,-0.8544921875,-0.20751953125,-0.3173828125,0.0244140625,-0.72021484375,-0.40283203125,-1.42822265625,-0.048828125,-0.98876953125,-0.37841796875,0.439453125,0.13427734375,-0.09765625,0.048828125,-0.50048828125,-0.01220703125,-0.4150390625,0.40283203125,-0.7080078125,-0.15869140625,0.01220703125,-0.13427734375,0.830078125,-0.08544921875,-0.439453125,-0.30517578125,-0.42724609375
1,0.1953125,-0.40283203125,0.4638671875,-0.23193359375,-0.2197265625,-0.37841796875,0.13427734375,0,-0.15869140625,-0.1708984375,-0.2685546875,-0.96435546875,-0.244140625,0.72021484375,-0.146484375,-0.146484375,0.2197265625,2.685546875,-0.23193359375,2.8564453125,0.3173828125,4.77294921875,0.08544921875,1.91650390625,-0.3173828125,-0.1220703125,-0.37841796875,-0.78125,-0.35400390625,0.91552734375,-0.13427734375,0.2685546875,0.0732421875,-0.2197265625,-0.28076171875,-0.830078125,0.03662109375,-0.45166015625,0.03662109375,-0.69580078125,-0.32958984375,-0.1953125,0.1220703125,-0.67138671875,-0.03662109375,-0.23193359375,0.4150390625,0.5126953125,-0.01220703125,1.25732421875,-0.13427734375,0.50048828125,-0.1220703125,-0.10986328125,-0.146484375,0.7568359375,-0.0732421875,0.68359375,0.4638671875,0.48828125,0.79345703125,0.84228515625,0.01220703125,0.10986328125,0.537109375,0.25634765625,-0.09765625,1.08642578125,0.01220703125,0.30517578125,-0.09765625,0.25634765625,0.0244140625,0.3662109375,-0.09765625,0.927734375,-0.1708984375,0.08544921875,-0.10986328125,1.35498046875,0.01220703125,-0.98876953125,0.0244140625,-0.30517578125,0,-1.0498046875,0.2197265625,-0.79345703125,-0.01220703125,-1.52587890625,-0.09765625,-0.25634765625,-0.08544921875,-0.30517578125,0,-1.2939453125,0.13427734375,-1.123046875,0.10986328125,-1.08642578125,-0.08544921875,-0.84228515625,-0.25634765625,-0.35400390625,0.1953125,-0.7080078125,-0.439453125,-1.416015625,-0.06103515625,-0.9765625,-0.37841796875,0.439453125,0.03662109375,-0.0732421875,-0.0244140625,-0.45166015625,-0.0732421875,-0.4150390625,0.3173828125,-0.72021484375,-0.146484375,0.01220703125,-0.146484375,0.830078125,-0.06103515625,-0.439453125,-0.30517578125,-0.42724609375
1,0.20751953125,-0.37841796875,0.47607421875,-0.25634765625,-0.244140625,-0.37841796875,0.13427734375,0,-0.15869140625,-0.0732421875,-0.28076171875,-0.89111328125,-0.244140625,0.84228515625,-0.18310546875,-0.0732421875,0.15869140625,3.33251953125,-0.20751953125,3.43017578125,0.244140625,5.6640625,0,2.42919921875,-0.25634765625,-0.1220703125,-0.37841796875,-0.78125,-0.30517578125,0.927734375,0.0244140625,0.244140625,0.0732421875,-0.2197265625,-0.35400390625,-0.84228515625,0.0244140625,-0.439453125,-0.0244140625,-0.67138671875,-0.47607421875,-0.20751953125,0.13427734375,-0.67138671875,-0.1220703125,-0.2685546875,0.32958984375,0.54931640625,-0.06103515625,1.23291015625,-0.15869140625,0.537109375,-0.2197265625,-0.06103515625,-0.1708984375,0.76904296875,-0.08544921875,0.68359375,0.52490234375,0.47607421875,0.8544921875,0.86669921875,-0.01220703125,0.1220703125,0.52490234375,0.28076171875,-0.1708984375,1.08642578125,-0.01220703125,0.28076171875,-0.08544921875,0.2685546875,0,0.3662109375,-0.146484375,0.91552734375,-0.1953125,0.09765625,-0.1220703125,1.37939453125,0.048828125,-1.01318359375,0.10986328125,-0.29296875,0.1220703125,-1.0498046875,0.244140625,-0.76904296875,-0.08544921875,-1.50146484375,-0.13427734375,-0.2197265625,-0.06103515625,-0.3173828125,-0.08544921875,-1.28173828125,0.20751953125,-1.08642578125,0.09765625,-1.06201171875,-0.0244140625,-0.8056640625,-0.25634765625,-0.30517578125,0.30517578125,-0.7080078125,-0.37841796875,-1.416015625,-0.048828125,-0.96435546875,-0.37841796875,0.45166015625,0.03662109375,0.01220703125,0.01220703125,-0.37841796875,-0.08544921875,-0.37841796875,0.244140625,-0.62255859375,-0.15869140625,-0.01220703125,-0.15869140625,0.81787109375,-0.06103515625,-0.42724609375,-0.3173828125,-0.45166015625
1,0.244140625,-0.3662109375,0.50048828125,-0.30517578125,-0.29296875,-0.3662109375,0.10986328125,-0.01220703125,-0.13427734375,0.01220703125,-0.28076171875,-0.79345703125,-0.23193359375,0.96435546875,-0.06103515625,0.01220703125,0.08544921875,3.90625,-0.146484375,3.94287109375,0.13427734375,6.4697265625,-0.01220703125,2.880859375,-0.15869140625,-0.146484375,-0.32958984375,-0.76904296875,-0.28076171875,0.93994140625,0.10986328125,0.244140625,0.13427734375,-0.25634765625,-0.42724609375,-0.84228515625,0,-0.4638671875,-0.09765625,-0.67138671875,-0.537109375,-0.18310546875,0.06103515625,-0.68359375,-0.244140625,-0.28076171875,0.35400390625,0.5859375,-0.048828125,1.2451171875,-0.10986328125,0.52490234375,-0.2685546875,-0.048828125,-0.15869140625,0.76904296875,0.048828125,0.68359375,0.54931640625,0.45166015625,0.87890625,0.87890625,-0.03662109375,0.1220703125,0.45166015625,0.29296875,-0.25634765625,1.07421875,-0.0244140625,0.28076171875,-0.1220703125,0.2685546875,-0.048828125,0.35400390625,-0.1953125,0.91552734375,-0.1953125,0.08544921875,-0.13427734375,1.40380859375,0.048828125,-1.0009765625,0.20751953125,-0.29296875,0.20751953125,-1.01318359375,0.25634765625,-0.74462890625,-0.1220703125,-1.47705078125,-0.18310546875,-0.20751953125,0.06103515625,-0.30517578125,-0.18310546875,-1.2451171875,0.1953125,-1.025390625,0.0244140625,-0.9521484375,-0.03662109375,-0.74462890625,-0.29296875,-0.1953125,0.3173828125,-0.69580078125,-0.244140625,-1.42822265625,-0.0732421875,-0.9765625,-0.37841796875,0.439453125,0.0732421875,0.10986328125,0.03662109375,-0.29296875,-0.0244140625,-0.3173828125,0.35400390625,-0.47607421875,-0.146484375,0.01220703125,-0.2197265625,0.81787109375,-0.10986328125,-0.42724609375,-0.32958984375,-0.47607421875
1,0.28076171875,-0.3662109375,0.54931640625,-0.3173828125,-0.29296875,-0.3662109375,0.09765625,0,-0.1220703125,0.09765625,-0.30517578125,-0.732421875,-0.2685546875,1.0498046875,-0.06103515625,0.1220703125,0.01220703125,4.4189453125,-0.1220703125,4.39453125,-0.13427734375,7.11669921875,-0.03662109375,3.28369140625,-0.09765625,-0.15869140625,-0.23193359375,-0.74462890625,-0.2197265625,0.93994140625,0.10986328125,0.244140625,0.18310546875,-0.25634765625,-0.5615234375,-0.84228515625,-0.0244140625,-0.4150390625,-0.1220703125,-0.634765625,-0.57373046875,-0.1953125,-0.03662109375,-0.67138671875,-0.2197265625,-0.3173828125,0.29296875,0.57373046875,-0.0732421875,1.23291015625,-0.03662109375,0.54931640625,-0.28076171875,-0.09765625,-0.1708984375,0.76904296875,0.0244140625,0.68359375,0.5859375,0.439453125,0.78125,0.8544921875,-0.0732421875,0.13427734375,0.3662109375,0.3173828125,-0.25634765625,1.07421875,-0.048828125,0.244140625,-0.15869140625,0.2685546875,-0.08544921875,0.35400390625,-0.2197265625,0.8544921875,-0.1953125,0.0732421875,-0.1708984375,1.40380859375,0.048828125,-1.0009765625,0.244140625,-0.28076171875,0.1953125,-1.0009765625,0.23193359375,-0.732421875,-0.146484375,-1.4404296875,-0.23193359375,-0.18310546875,0.2197265625,-0.29296875,-0.2197265625,-1.20849609375,0.10986328125,-0.9033203125,0.01220703125,-0.732421875,-0.03662109375,-0.634765625,-0.28076171875,-0.06103515625,0.244140625,-0.67138671875,-0.0732421875,-1.40380859375,-0.08544921875,-1.0009765625,-0.35400390625,0.439453125,0.048828125,0.25634765625,-0.01220703125,-0.13427734375,-0.08544921875,-0.2197265625,0.25634765625,-0.25634765625,-0.1220703125,-0.01220703125,-0.23193359375,0.8056640625,-0.1220703125,-0.42724609375,-0.32958984375,-0.5126953125
1,0.28076171875,-0.341796875,0.57373046875,-0.30517578125,-0.29296875,-0.37841796875,0.06103515625,0.01220703125,-0.10986328125,0.18310546875,-0.29296875,-0.69580078125,-0.25634765625,1.11083984375,0.03662109375,0.23193359375,-0.0732421875,4.79736328125,-0.1708984375,4.6875,-0.37841796875,7.58056640625,-0.0732421875,3.55224609375,-0.01220703125,-0.15869140625,-0.15869140625,-0.74462890625,-0.146484375,0.9521484375,0.06103515625,0.2685546875,0.20751953125,-0.2685546875,-0.69580078125,-0.84228515625,-0.03662109375,-0.390625,-0.13427734375,-0.62255859375,-0.47607421875,-0.1953125,-0.08544921875,-0.64697265625,-0.2685546875,-0.3662109375,0.29296875,0.57373046875,-0.09765625,1.23291015625,0.0732421875,0.537109375,-0.30517578125,-0.13427734375,-0.18310546875,0.76904296875,-0.03662109375,0.6591796875,0.59814453125,0.439453125,0.76904296875,0.79345703125,-0.08544921875,0.146484375,0.244140625,0.32958984375,-0.32958984375,1.08642578125,-0.06103515625,0.244140625,-0.1953125,0.2685546875,-0.146484375,0.32958984375,-0.2197265625,0.84228515625,-0.13427734375,0.06103515625,-0.1953125,1.40380859375,0.08544921875,-0.98876953125,0.2197265625,-0.28076171875,0.1220703125,-0.9521484375,0.2197265625,-0.72021484375,-0.15869140625,-1.42822265625,-0.23193359375,-0.1708984375,0.37841796875,-0.28076171875,-0.20751953125,-1.220703125,0.06103515625,-0.76904296875,0.0732421875,-0.48828125,0,-0.54931640625,-0.20751953125,0.10986328125,0.13427734375,-0.67138671875,0.06103515625,-1.40380859375,-0.08544921875,-1.0009765625,-0.35400390625,0.45166015625,0.048828125,0.390625,-0.01220703125,-0.03662109375,-0.08544921875,-0.10986328125,0.20751953125,-0.0244140625,-0.13427734375,-0.01220703125,-0.2685546875,0.8056640625,-0.1708984375,-0.4150390625,-0.3173828125,-0.5126953125
1,0.30517578125,-0.341796875,0.67138671875,-0.30517578125,-0.28076171875,-0.390625,0.0732421875,0.01220703125,-0.08544921875,0.18310546875,-0.29296875,-0.72021484375,-0.2685546875,1.07421875,-0.048828125,0.244140625,-0.10986328125,5.0048828125,-0.2685546875,4.82177734375,-0.54931640625,7.7880859375,-0.09765625,3.7109375,0.06103515625,-0.1708984375,-0.0732421875,-0.7568359375,-0.08544921875,0.93994140625,-0.03662109375,0.2685546875,0.2197265625,-0.2685546875,-0.7080078125,-0.84228515625,-0.03662109375,-0.3662109375,-0.1220703125,-0.59814453125,-0.341796875,-0.1708984375,-0.18310546875,-0.64697265625,-0.13427734375,-0.42724609375,0.341796875,0.54931640625,-0.06103515625,1.20849609375,0.1708984375,0.54931640625,-0.29296875,-0.1708984375,-0.1220703125,0.7568359375,-0.048828125,0.6591796875,0.54931640625,0.4150390625,0.67138671875,0.732421875,-0.06103515625,0.146484375,0.13427734375,0.341796875,-0.32958984375,1.07421875,-0.0732421875,0.23193359375,-0.2197265625,0.2685546875,-0.1953125,0.3173828125,-0.2685546875,0.8056640625,-0.08544921875,0.06103515625,-0.23193359375,1.416015625,0.08544921875,-0.93994140625,0.2197265625,-0.2685546875,0.0732421875,-0.927734375,0.23193359375,-0.72021484375,-0.10986328125,-1.45263671875,-0.244140625,-0.15869140625,0.48828125,-0.2685546875,-0.13427734375,-1.20849609375,-0.09765625,-0.62255859375,0.048828125,-0.23193359375,-0.0244140625,-0.4638671875,-0.20751953125,0.2685546875,0.048828125,-0.68359375,0.146484375,-1.3916015625,-0.0732421875,-1.01318359375,-0.29296875,0.45166015625,0.09765625,0.54931640625,0,0.10986328125,-0.03662109375,-0.0244140625,0.3173828125,0.18310546875,-0.13427734375,0,-0.25634765625,0.78125,-0.1708984375,-0.439453125,-0.30517578125,-0.52490234375
1,0.30517578125,-0.35400390625,0.6591796875,-0.2685546875,-0.30517578125,-0.37841796875,0.0732421875,0.03662109375,-0.09765625,0.1708984375,-0.25634765625,-0.7568359375,-0.28076171875,1.0009765625,-0.01220703125,0.244140625,-0.09765625,5.04150390625,-0.3173828125,4.77294921875,-0.6591796875,7.75146484375,-0.13427734375,3.7353515625,0.0732421875,-0.15869140625,-0.0244140625,-0.7568359375,-0.03662109375,0.927734375,-0.1220703125,0.25634765625,0.18310546875,-0.29296875,-0.69580078125,-0.830078125,-0.0244140625,-0.37841796875,-0.0732421875,-0.5859375,-0.20751953125,-0.1953125,-0.25634765625,-0.64697265625,-0.09765625,-0.4638671875,0.341796875,0.5126953125,-0.01220703125,1.220703125,0.28076171875,0.537109375,-0.2685546875,-0.2197265625,-0.10986328125,0.74462890625,-0.1708984375,0.64697265625,0.6591796875,0.439453125,0.57373046875,0.634765625,-0.03662109375,0.146484375,0.03662109375,0.341796875,-0.28076171875,1.07421875,-0.09765625,0.23193359375,-0.25634765625,0.28076171875,-0.25634765625,0.30517578125,-0.28076171875,0.78125,-0.03662109375,0.048828125,-0.28076171875,1.40380859375,0.09765625,-0.91552734375,0.1708984375,-0.28076171875,0.0244140625,-0.927734375,0.25634765625,-0.72021484375,-0.0732421875,-1.45263671875,-0.1953125,-0.1953125,0.537109375,-0.244140625,-0.08544921875,-1.20849609375,-0.244140625,-0.48828125,0.06103515625,-0.03662109375,-0.048828125,-0.37841796875,-0.146484375,0.4150390625,0.048828125,-0.67138671875,0.15869140625,-1.40380859375,-0.048828125,-1.01318359375,-0.244140625,0.4638671875,0.06103515625,0.68359375,-0.048828125,0.23193359375,-0.08544921875,0.09765625,0.2197265625,0.3662109375,-0.13427734375,0.01220703125,-0.25634765625,0.8056640625,-0.18310546875,-0.45166015625,-0.30517578125,-0.537109375
1,0.3662109375,-0.35400390625,0.68359375,-0.244140625,-0.32958984375,-0.37841796875,0.0732421875,0.06103515625,-0.1220703125,0.0732421875,-0.244140625,-0.8544921875,-0.29296875,0.87890625,0.01220703125,0.15869140625,-0.03662109375,4.8828125,-0.390625,4.57763671875,-0.634765625,7.470703125,-0.1953125,3.61328125,0.13427734375,-0.15869140625,0.01220703125,-0.78125,-0.0244140625,0.91552734375,-0.20751953125,0.244140625,0.146484375,-0.28076171875,-0.5859375,-0.81787109375,0.03662109375,-0.37841796875,-0.0244140625,-0.5859375,-0.09765625,-0.20751953125,-0.23193359375,-0.64697265625,0.0244140625,-0.48828125,0.28076171875,0.50048828125,0.10986328125,1.20849609375,0.37841796875,0.52490234375,-0.1708984375,-0.1953125,-0.08544921875,0.74462890625,-0.29296875,0.68359375,0.5859375,0.45166015625,0.52490234375,0.52490234375,0,0.146484375,-0.10986328125,0.341796875,-0.25634765625,1.08642578125,-0.09765625,0.2197265625,-0.28076171875,0.2685546875,-0.29296875,0.29296875,-0.2685546875,0.74462890625,-0.0244140625,0.048828125,-0.32958984375,1.416015625,0.10986328125,-0.87890625,0.1220703125,-0.28076171875,-0.01220703125,-0.927734375,0.2685546875,-0.74462890625,-0.03662109375,-1.47705078125,-0.09765625,-0.2197265625,0.537109375,-0.23193359375,0.048828125,-1.20849609375,-0.341796875,-0.40283203125,0.0244140625,0.0732421875,-0.01220703125,-0.3173828125,-0.10986328125,0.47607421875,0.0732421875,-0.68359375,0.09765625,-1.3916015625,-0.01220703125,-1.01318359375,-0.1953125,0.4638671875,0.03662109375,0.8056640625,-0.048828125,0.3662109375,-0.0732421875,0.18310546875,0.20751953125,0.48828125,-0.146484375,0,-0.2685546875,0.8056640625,-0.1953125,-0.4638671875,-0.30517578125,-0.52490234375
1,0.40283203125,-0.341796875,0.6591796875,-0.244140625,-0.30517578125,-0.390625,0.09765625,0.048828125,-0.1220703125,-0.048828125,-0.20751953125,-0.9521484375,-0.3173828125,0.732421875,0.06103515625,0.06103515625,0.06103515625,4.52880859375,-0.37841796875,4.21142578125,-0.50048828125,6.94580078125,-0.1953125,3.3203125,0.146484375,-0.1708984375,-0.01220703125,-0.78125,-0.01220703125,0.927734375,-0.25634765625,0.244140625,0.13427734375,-0.2685546875,-0.45166015625,-0.8056640625,0.08544921875,-0.37841796875,0.03662109375,-0.5859375,-0.01220703125,-0.2197265625,-0.18310546875,-0.6591796875,0.18310546875,-0.50048828125,0.23193359375,0.48828125,0.146484375,1.23291015625,0.4638671875,0.50048828125,-0.0732421875,-0.1953125,-0.01220703125,0.76904296875,-0.29296875,0.68359375,0.59814453125,0.4638671875,0.42724609375,0.45166015625,0.01220703125,0.15869140625,-0.18310546875,0.35400390625,-0.244140625,1.07421875,-0.10986328125,0.20751953125,-0.29296875,0.25634765625,-0.341796875,0.3173828125,-0.25634765625,0.76904296875,0.03662109375,0.06103515625,-0.341796875,1.3671875,0.048828125,-0.86669921875,0.08544921875,-0.29296875,-0.09765625,-0.93994140625,0.25634765625,-0.7568359375,-0.01220703125,-1.4892578125,-0.01220703125,-0.23193359375,0.48828125,-0.1953125,0.15869140625,-1.20849609375,-0.42724609375,-0.3662109375,-0.048828125,0.10986328125,-0.01220703125,-0.3173828125,-0.10986328125,0.5126953125,0.13427734375,-0.69580078125,-0.03662109375,-1.40380859375,0,-1.025390625,-0.13427734375,0.4638671875,0.09765625,0.927734375,-0.01220703125,0.48828125,-0.01220703125,0.30517578125,0.29296875,0.54931640625,-0.13427734375,0.0244140625,-0.2685546875,0.78125,-0.1953125,-0.4638671875,-0.29296875,-0.52490234375
0,0.42724609375,-0.35400390625,0.6591796875,-0.2197265625,-0.341796875,-0.390625,0.10986328125,0.0244140625,-0.1220703125,-0.15869140625,-0.18310546875,-1.06201171875,-0.3173828125,0.6103515625,0.09765625,-0.01220703125,0.13427734375,4.00390625,-0.390625,3.7353515625,-0.3173828125,6.23779296875,-0.2197265625,2.89306640625,0.15869140625,-0.1708984375,-0.048828125,-0.78125,-0.03662109375,0.9033203125,-0.29296875,0.23193359375,0.146484375,-0.28076171875,-0.32958984375,-0.79345703125,0.146484375,-0.40283203125,0.08544921875,-0.59814453125,0.01220703125,-0.244140625,-0.09765625,-0.67138671875,0.244140625,-0.50048828125,0.28076171875,0.48828125,0.2197265625,1.220703125,0.47607421875,0.50048828125,0.0732421875,-0.1708984375,0.01220703125,0.76904296875,-0.4150390625,0.72021484375,0.54931640625,0.48828125,0.3662109375,0.4150390625,0.03662109375,0.146484375,-0.244140625,0.32958984375,-0.20751953125,1.08642578125,-0.08544921875,0.20751953125,-0.29296875,0.244140625,-0.35400390625,0.32958984375,-0.20751953125,0.78125,0.06103515625,0.06103515625,-0.3662109375,1.3671875,0,-0.86669921875,0.03662109375,-0.30517578125,-0.146484375,-0.9521484375,0.1953125,-0.74462890625,-0.01220703125,-1.4892578125,0.10986328125,-0.23193359375,0.42724609375,-0.20751953125,0.29296875,-1.220703125,-0.390625,-0.390625,-0.10986328125,0.03662109375,0.01220703125,-0.35400390625,-0.1220703125,0.45166015625,0.1708984375,-0.72021484375,-0.1708984375,-1.40380859375,0.03662109375,-1.01318359375,-0.1220703125,0.4638671875,0.0244140625,1.03759765625,-0.0732421875,0.62255859375,-0.0732421875,0.3662109375,0.1708984375,0.5615234375,-0.10986328125,0,-0.2685546875,0.78125,-0.1953125,-0.47607421875,-0.28076171875,-0.47607421875
0,0.50048828125,-0.3662109375,0.62255859375,-0.20751953125,-0.37841796875,-0.390625,0.13427734375,0.0244140625,-0.13427734375,-0.25634765625,-0.15869140625,-1.11083984375,-0.30517578125,0.5615234375,0.1220703125,0.03662109375,0.15869140625,3.3447265625,-0.40283203125,3.1494140625,-0.1220703125,5.3955078125,-0.18310546875,2.35595703125,0.1220703125,-0.13427734375,-0.08544921875,-0.79345703125,-0.13427734375,0.9033203125,-0.3173828125,0.2197265625,0.1953125,-0.29296875,-0.23193359375,-0.79345703125,0.2197265625,-0.42724609375,0.13427734375,-0.6103515625,0,-0.20751953125,-0.0244140625,-0.68359375,0.25634765625,-0.4638671875,0.3173828125,0.50048828125,0.25634765625,1.1962890625,0.40283203125,0.52490234375,0.1708984375,-0.1220703125,0.0244140625,0.78125,-0.48828125,0.732421875,0.54931640625,0.5126953125,0.3173828125,0.40283203125,0.06103515625,0.1708984375,-0.2685546875,0.3173828125,-0.1708984375,1.08642578125,-0.10986328125,0.20751953125,-0.25634765625,0.244140625,-0.42724609375,0.32958984375,-0.1708984375,0.830078125,0.08544921875,0.0732421875,-0.341796875,1.37939453125,-0.1220703125,-0.87890625,0.0244140625,-0.3173828125,-0.15869140625,-0.96435546875,0.08544921875,-0.74462890625,-0.01220703125,-1.50146484375,0.23193359375,-0.25634765625,0.341796875,-0.2197265625,0.3662109375,-1.220703125,-0.32958984375,-0.45166015625,-0.2197265625,-0.1220703125,0.03662109375,-0.42724609375,-0.1220703125,0.37841796875,0.18310546875,-0.72021484375,-0.29296875,-1.3916015625,0.048828125,-1.025390625,-0.10986328125,0.45166015625,0,1.15966796875,-0.0732421875,0.74462890625,-0.0732421875,0.4638671875,0.18310546875,0.5615234375,-0.1220703125,0.0244140625,-0.25634765625,0.8056640625,-0.1708984375,-0.4638671875,-0.29296875,-0.50048828125
0,0.50048828125,-0.390625,0.64697265625,-0.20751953125,-0.4150390625,-0.390625,0.1708984375,0.01220703125,-0.15869140625,-0.28076171875,-0.1220703125,-1.11083984375,-0.32958984375,0.5615234375,0.08544921875,0.2197265625,0.1953125,2.587890625,-0.35400390625,2.490234375,0.0732421875,4.443359375,-0.1220703125,1.74560546875,0.1220703125,-0.13427734375,-0.1220703125,-0.78125,-0.23193359375,0.89111328125,-0.341796875,0.2197265625,0.2685546875,-0.30517578125,-0.18310546875,-0.76904296875,0.2685546875,-0.42724609375,0.146484375,-0.634765625,-0.048828125,-0.23193359375,0.048828125,-0.69580078125,0.29296875,-0.439453125,0.32958984375,0.537109375,0.28076171875,1.1962890625,0.30517578125,0.537109375,0.2685546875,-0.1220703125,-0.03662109375,0.79345703125,-0.537109375,0.74462890625,0.74462890625,0.50048828125,0.3662109375,0.439453125,0.048828125,0.1708984375,-0.2685546875,0.32958984375,-0.10986328125,1.08642578125,-0.1220703125,0.1953125,-0.2685546875,0.23193359375,-0.40283203125,0.341796875,-0.1220703125,0.8544921875,0.08544921875,0.0732421875,-0.28076171875,1.3916015625,-0.18310546875,-0.91552734375,0.01220703125,-0.3173828125,-0.1708984375,-0.9521484375,-0.01220703125,-0.74462890625,0.01220703125,-1.513671875,0.3173828125,-0.25634765625,0.25634765625,-0.23193359375,0.37841796875,-1.20849609375,-0.2685546875,-0.537109375,-0.2685546875,-0.3173828125,0.06103515625,-0.48828125,-0.15869140625,0.2685546875,0.15869140625,-0.72021484375,-0.37841796875,-1.3916015625,0.06103515625,-1.025390625,-0.0732421875,0.439453125,0.01220703125,1.28173828125,-0.06103515625,0.89111328125,-0.06103515625,0.52490234375,0.2197265625,0.57373046875,-0.1220703125,0,-0.25634765625,0.8056640625,-0.15869140625,-0.4638671875,-0.30517578125,-0.48828125
0,0.5126953125,-0.390625,0.6103515625,-0.20751953125,-0.439453125,-0.390625,0.18310546875,0,-0.18310546875,-0.20751953125,-0.10986328125,-1.03759765625,-0.3173828125,0.6591796875,0.1220703125,0.57373046875,0.1953125,1.7822265625,-0.2685546875,1.806640625,0.18310546875,3.4912109375,-0.01220703125,1.08642578125,0.06103515625,-0.13427734375,-0.13427734375,-0.76904296875,-0.3173828125,0.91552734375,-0.32958984375,0.20751953125,0.37841796875,-0.29296875,-0.23193359375,-0.7568359375,0.29296875,-0.45166015625,0.13427734375,-0.634765625,-0.0732421875,-0.20751953125,0.09765625,-0.68359375,0.2685546875,-0.4150390625,0.341796875,0.6103515625,0.30517578125,1.18408203125,0.18310546875,0.52490234375,0.341796875,-0.0732421875,-0.146484375,0.78125,-0.67138671875,0.74462890625,0.8056640625,0.50048828125,0.45166015625,0.48828125,0.048828125,0.1708984375,-0.32958984375,0.35400390625,-0.03662109375,1.08642578125,-0.1220703125,0.18310546875,-0.20751953125,0.23193359375,-0.40283203125,0.35400390625,-0.09765625,0.84228515625,0.08544921875,0.0732421875,-0.1953125,1.40380859375,-0.23193359375,-0.93994140625,0.0244140625,-0.32958984375,-0.18310546875,-0.98876953125,-0.13427734375,-0.74462890625,0.01220703125,-1.513671875,0.341796875,-0.244140625,0.23193359375,-0.25634765625,0.341796875,-1.20849609375,-0.13427734375,-0.6591796875,-0.30517578125,-0.50048828125,0.06103515625,-0.5859375,-0.146484375,0.1708984375,0.08544921875,-0.7080078125,-0.37841796875,-1.40380859375,0.06103515625,-1.03759765625,-0.048828125,0.439453125,-0.03662109375,1.3671875,-0.06103515625,1.01318359375,-0.048828125,0.57373046875,0.2197265625,0.62255859375,-0.13427734375,-0.0244140625,-0.244140625,0.8056640625,-0.146484375,-0.45166015625,-0.30517578125,-0.47607421875
0,0.50048828125,-0.4150390625,0.6591796875,-0.1953125,-0.42724609375,-0.40283203125,0.1708984375,0.01220703125,-0.1708984375,-0.0732421875,-0.0732421875,-0.87890625,-0.29296875,0.830078125,0,1.1962890625,0.1220703125,0.96435546875,-0.1220703125,1.13525390625,0.23193359375,2.5634765625,0.06103515625,0.45166015625,0,-0.1220703125,-0.15869140625,-0.76904296875,-0.4150390625,0.927734375,-0.2685546875,0.20751953125,0.45166015625,-0.28076171875,-0.3173828125,-0.76904296875,0.3173828125,-0.4638671875,0.09765625,-0.68359375,-0.06103515625,-0.1953125,0.1220703125,-0.67138671875,0.29296875,-0.390625,0.28076171875,0.634765625,0.29296875,1.171875,0.048828125,0.537109375,0.37841796875,-0.06103515625,-0.1953125,0.79345703125,-0.634765625,0.76904296875,0.89111328125,0.48828125,0.45166015625,0.537109375,0.0732421875,0.1953125,-0.3173828125,0.341796875,0.048828125,1.0986328125,-0.1220703125,0.20751953125,-0.23193359375,0.244140625,-0.4150390625,0.35400390625,-0.06103515625,0.86669921875,0.08544921875,0.048828125,-0.13427734375,1.40380859375,-0.23193359375,-0.96435546875,0.03662109375,-0.32958984375,-0.1708984375,-0.9765625,-0.15869140625,-0.72021484375,0,-1.4892578125,0.32958984375,-0.25634765625,0.25634765625,-0.2685546875,0.25634765625,-1.1962890625,-0.0732421875,-0.74462890625,-0.244140625,-0.6591796875,0.0244140625,-0.64697265625,-0.13427734375,0.08544921875,0.01220703125,-0.69580078125,-0.30517578125,-1.416015625,-0.01220703125,-1.025390625,-0.048828125,0.42724609375,-0.06103515625,1.45263671875,-0.03662109375,1.0986328125,-0.06103515625,0.62255859375,0.20751953125,0.64697265625,-0.1220703125,-0.03662109375,-0.244140625,0.8056640625,-0.13427734375,-0.45166015625,-0.30517578125,-0.50048828125
0,0.47607421875,-0.4150390625,0.68359375,-0.15869140625,-0.42724609375,-0.390625,0.20751953125,0.0244140625,-0.18310546875,0.18310546875,-0.0732421875,-0.62255859375,-0.28076171875,1.08642578125,0.01220703125,2.01416015625,0.08544921875,0.2197265625,0.0732421875,0.5126953125,0.20751953125,1.7333984375,0.1953125,-0.1220703125,-0.048828125,-0.13427734375,-0.1708984375,-0.74462890625,-0.4150390625,0.927734375,-0.20751953125,0.1953125,0.52490234375,-0.29296875,-0.439453125,-0.78125,0.2685546875,-0.439453125,0.1220703125,-0.732421875,-0.0732421875,-0.15869140625,0.08544921875,-0.6591796875,0.30517578125,-0.37841796875,0.2197265625,0.67138671875,0.2197265625,1.18408203125,-0.0244140625,0.54931640625,0.32958984375,-0.0732421875,-0.23193359375,0.78125,-0.5859375,0.76904296875,0.927734375,0.50048828125,0.4638671875,0.6103515625,0.048828125,0.18310546875,-0.30517578125,0.341796875,0.08544921875,1.08642578125,-0.13427734375,0.2197265625,-0.20751953125,0.2197265625,-0.390625,0.32958984375,-0.03662109375,0.8544921875,0.03662109375,0.048828125,-0.08544921875,1.416015625,-0.23193359375,-0.98876953125,0.0244140625,-0.3173828125,-0.10986328125,-0.9765625,-0.15869140625,-0.72021484375,0,-1.50146484375,0.25634765625,-0.23193359375,0.30517578125,-0.29296875,0.08544921875,-1.220703125,-0.0244140625,-0.81787109375,-0.0732421875,-0.7568359375,-0.01220703125,-0.67138671875,-0.10986328125,0.03662109375,-0.10986328125,-0.7080078125,-0.18310546875,-1.416015625,-0.0732421875,-1.025390625,-0.06103515625,0.4150390625,-0.06103515625,1.50146484375,-0.048828125,1.171875,-0.06103515625,0.634765625,0.20751953125,0.72021484375,-0.10986328125,-0.06103515625,-0.23193359375,0.8056640625,-0.15869140625,-0.45166015625,-0.29296875,-0.48828125
0,0.4638671875,-0.390625,0.68359375,-0.15869140625,-0.4150390625,-0.40283203125,0.18310546875,0.0244140625,-0.1708984375,0.52490234375,-0.09765625,-0.30517578125,-0.2685546875,1.40380859375,-0.08544921875,3.01513671875,0.03662109375,-0.439453125,0.1953125,-0.03662109375,0.146484375,1.0498046875,0.32958984375,-0.634765625,-0.1220703125,-0.15869140625,-0.1708984375,-0.7568359375,-0.37841796875,0.9521484375,-0.13427734375,0.2197265625,0.5859375,-0.28076171875,-0.52490234375,-0.78125,0.20751953125,-0.439453125,0.08544921875,-0.732421875,-0.13427734375,-0.1708984375,0.048828125,-0.6591796875,0.2685546875,-0.35400390625,0.2197265625,0.67138671875,0.20751953125,1.1962890625,-0.08544921875,0.537109375,0.32958984375,-0.09765625,-0.2685546875,0.76904296875,-0.6591796875,0.78125,1.13525390625,0.50048828125,0.45166015625,0.634765625,0.03662109375,0.1708984375,-0.28076171875,0.341796875,0.13427734375,1.08642578125,-0.09765625,0.2197265625,-0.1953125,0.2197265625,-0.3662109375,0.32958984375,-0.01220703125,0.84228515625,0.06103515625,0.048828125,-0.06103515625,1.416015625,-0.2197265625,-0.96435546875,0.01220703125,-0.30517578125,-0.048828125,-0.96435546875,-0.08544921875,-0.7080078125,-0.03662109375,-1.46484375,0.18310546875,-0.25634765625,0.35400390625,-0.28076171875,-0.09765625,-1.20849609375,-0.0244140625,-0.84228515625,0.01220703125,-0.76904296875,-0.10986328125,-0.7080078125,-0.1220703125,0.01220703125,-0.20751953125,-0.69580078125,-0.06103515625,-1.40380859375,-0.1708984375,-1.0009765625,-0.048828125,0.4150390625,-0.06103515625,1.5380859375,-0.03662109375,1.220703125,-0.06103515625,0.67138671875,0.20751953125,0.78125,-0.1220703125,-0.03662109375,-0.1708984375,0.830078125,-0.15869140625,-0.47607421875,-0.25634765625,-0.48828125
0,0.45166015625,-0.390625,0.7080078125,-0.09765625,-0.40283203125,-0.4150390625,0.13427734375,0.0244140625,-0.1953125,0.87890625,-0.10986328125,0,-0.25634765625,1.7578125,-0.15869140625,4.11376953125,0.03662109375,-0.927734375,0.25634765625,-0.4638671875,0.0732421875,0.50048828125,0.4150390625,-0.98876953125,-0.20751953125,-0.1708984375,-0.13427734375,-0.7568359375,-0.29296875,0.93994140625,-0.06103515625,0.23193359375,0.5859375,-0.2685546875,-0.57373046875,-0.830078125,0.08544921875,-0.42724609375,0.06103515625,-0.76904296875,-0.15869140625,-0.18310546875,-0.03662109375,-0.634765625,0.18310546875,-0.341796875,0.23193359375,0.68359375,0.146484375,1.220703125,-0.18310546875,0.52490234375,0.23193359375,-0.10986328125,-0.30517578125,0.7568359375,-0.59814453125,0.78125,1.26953125,0.5126953125,0.48828125,0.6591796875,0.01220703125,0.146484375,-0.1953125,0.3173828125,0.146484375,1.07421875,-0.0732421875,0.244140625,-0.23193359375,0.244140625,-0.30517578125,0.3173828125,0.03662109375,0.86669921875,0.03662109375,0.048828125,-0.0732421875,1.3916015625,-0.20751953125,-0.96435546875,0.01220703125,-0.29296875,-0.0244140625,-0.9521484375,0.03662109375,-0.732421875,-0.0732421875,-1.46484375,0.0732421875,-0.244140625,0.37841796875,-0.30517578125,-0.2685546875,-1.220703125,-0.03662109375,-0.84228515625,0.146484375,-0.72021484375,-0.15869140625,-0.67138671875,-0.08544921875,0.03662109375,-0.244140625,-0.69580078125,0.01220703125,-1.42822265625,-0.25634765625,-1.0009765625,-0.0244140625,0.4150390625,-0.06103515625,1.52587890625,-0.06103515625,1.1962890625,-0.06103515625,0.68359375,0.1953125,0.8056640625,-0.10986328125,-0.048828125,-0.1953125,0.8056640625,-0.1708984375,-0.45166015625,-0.23193359375,-0.5126953125
0,0.47607421875,-0.3662109375,0.72021484375,-0.0732421875,-0.4150390625,-0.390625,0.146484375,0.03662109375,-0.2197265625,1.26953125,-0.1220703125,0.341796875,-0.25634765625,2.03857421875,-0.0732421875,5.28564453125,0.01220703125,-1.26953125,0.1953125,-0.78125,-0.0244140625,0.18310546875,0.439453125,-1.25732421875,-0.1953125,-0.18310546875,-0.10986328125,-0.7568359375,-0.15869140625,0.93994140625,0,0.25634765625,0.5126953125,-0.2197265625,-0.5126953125,-0.830078125,-0.03662109375,-0.4150390625,0.03662109375,-0.76904296875,-0.25634765625,-0.1953125,-0.1220703125,-0.634765625,0.08544921875,-0.3173828125,0.29296875,0.64697265625,0.13427734375,1.23291015625,-0.1953125,0.5126953125,0.146484375,-0.15869140625,-0.32958984375,0.74462890625,-0.57373046875,0.79345703125,1.30615234375,0.537109375,0.4150390625,0.6103515625,-0.0244140625,0.1220703125,-0.146484375,0.3173828125,0.1708984375,1.07421875,-0.01220703125,0.244140625,-0.244140625,0.244140625,-0.23193359375,0.30517578125,0.03662109375,0.81787109375,0.03662109375,0.03662109375,-0.08544921875,1.3916015625,-0.1953125,-0.93994140625,0.01220703125,-0.29296875,-0.06103515625,-0.9521484375,0.10986328125,-0.74462890625,-0.1220703125,-1.46484375,-0.01220703125,-0.2197265625,0.3173828125,-0.3173828125,-0.35400390625,-1.220703125,-0.048828125,-0.79345703125,0.1953125,-0.62255859375,-0.244140625,-0.6591796875,-0.10986328125,0.06103515625,-0.18310546875,-0.69580078125,0.0732421875,-1.416015625,-0.341796875,-0.98876953125,-0.01220703125,0.4150390625,-0.0732421875,1.4892578125,-0.03662109375,1.15966796875,-0.06103515625,0.69580078125,0.23193359375,0.830078125,-0.08544921875,-0.0244140625,-0.15869140625,0.8056640625,-0.1953125,-0.4638671875,-0.20751953125,-0.52490234375
0,0.4638671875,-0.341796875,0.72021484375,0,-0.4150390625,-0.390625,0.146484375,0.048828125,-0.2197265625,1.59912109375,-0.09765625,0.6591796875,-0.2197265625,2.294921875,-0.01220703125,6.40869140625,0.01220703125,-1.47705078125,0.0732421875,-0.98876953125,-0.1220703125,-0.01220703125,0.42724609375,-1.3671875,-0.18310546875,-0.18310546875,-0.0732421875,-0.76904296875,-0.01220703125,0.927734375,0.03662109375,0.244140625,0.40283203125,-0.20751953125,-0.42724609375,-0.84228515625,-0.10986328125,-0.4150390625,0.01220703125,-0.7568359375,-0.341796875,-0.1953125,-0.1708984375,-0.634765625,-0.08544921875,-0.341796875,0.25634765625,0.5859375,0.09765625,1.23291015625,-0.2197265625,0.47607421875,0.08544921875,-0.15869140625,-0.390625,0.74462890625,-0.5126953125,0.8056640625,1.1474609375,0.54931640625,0.35400390625,0.57373046875,-0.06103515625,0.10986328125,-0.06103515625,0.29296875,0.1953125,1.07421875,0,0.244140625,-0.29296875,0.25634765625,-0.1220703125,0.29296875,0.09765625,0.830078125,0.06103515625,0.048828125,-0.09765625,1.3916015625,-0.146484375,-0.927734375,0.01220703125,-0.30517578125,-0.048828125,-0.96435546875,0.15869140625,-0.74462890625,-0.146484375,-1.47705078125,-0.06103515625,-0.244140625,0.2197265625,-0.30517578125,-0.29296875,-1.25732421875,-0.0244140625,-0.7568359375,0.18310546875,-0.52490234375,-0.28076171875,-0.6103515625,-0.10986328125,0.09765625,-0.048828125,-0.69580078125,0.03662109375,-1.42822265625,-0.37841796875,-1.0009765625,0.01220703125,0.439453125,-0.06103515625,1.45263671875,-0.0244140625,1.123046875,-0.03662109375,0.68359375,0.30517578125,0.81787109375,-0.10986328125,-0.01220703125,-0.13427734375,0.8056640625,-0.1708984375,-0.48828125,-0.15869140625,-0.5126953125
0,0.47607421875,-0.35400390625,0.69580078125,0.03662109375,-0.42724609375,-0.3662109375,0.13427734375,0.06103515625,-0.2197265625,1.86767578125,-0.0732421875,0.87890625,-0.20751953125,2.50244140625,0.048828125,7.40966796875,0.03662109375,-1.50146484375,-0.06103515625,-1.03759765625,-0.13427734375,-0.0244140625,0.30517578125,-1.37939453125,-0.1220703125,-0.18310546875,-0.06103515625,-0.7568359375,0.09765625,0.927734375,0.03662109375,0.25634765625,0.1953125,-0.20751953125,-0.3173828125,-0.86669921875,-0.1708984375,-0.37841796875,-0.03662109375,-0.732421875,-0.390625,-0.1953125,-0.146484375,-0.62255859375,-0.13427734375,-0.341796875,0.20751953125,0.5615234375,0.10986328125,1.2451171875,-0.10986328125,0.4638671875,0.01220703125,-0.18310546875,-0.439453125,0.74462890625,-0.4150390625,0.8056640625,1.03759765625,0.5859375,0.30517578125,0.54931640625,-0.146484375,0.09765625,0.0732421875,0.25634765625,0.1953125,1.0498046875,0.0244140625,0.23193359375,-0.28076171875,0.25634765625,-0.03662109375,0.2685546875,0.146484375,0.8544921875,0.0732421875,0.048828125,-0.1708984375,1.35498046875,-0.08544921875,-0.91552734375,0.03662109375,-0.28076171875,-0.0244140625,-0.96435546875,0.146484375,-0.76904296875,-0.1708984375,-1.46484375,-0.08544921875,-0.25634765625,0.09765625,-0.30517578125,-0.1708984375,-1.26953125,-0.01220703125,-0.72021484375,0.20751953125,-0.45166015625,-0.20751953125,-0.5859375,-0.09765625,0.1220703125,0.1220703125,-0.69580078125,0,-1.40380859375,-0.35400390625,-1.01318359375,0.0244140625,0.439453125,-0.08544921875,1.3916015625,-0.0244140625,1.08642578125,-0.0732421875,0.68359375,0.23193359375,0.78125,-0.09765625,-0.0244140625,-0.09765625,0.81787109375,-0.1708984375,-0.45166015625,-0.15869140625,-0.52490234375
0,0.48828125,-0.3662109375,0.634765625,0.09765625,-0.439453125,-0.37841796875,0.146484375,0.048828125,-0.23193359375,2.0263671875,-0.06103515625,1.025390625,-0.1708984375,2.60009765625,-0.09765625,8.21533203125,0.06103515625,-1.46484375,-0.2197265625,-1.01318359375,-0.10986328125,0.048828125,0.09765625,-1.2939453125,-0.0244140625,-0.18310546875,-0.048828125,-0.78125,0.15869140625,0.93994140625,0.0732421875,0.244140625,-0.06103515625,-0.18310546875,-0.28076171875,-0.84228515625,-0.1953125,-0.35400390625,-0.06103515625,-0.72021484375,-0.4150390625,-0.18310546875,-0.1220703125,-0.634765625,-0.2197265625,-0.341796875,0.28076171875,0.50048828125,0.1220703125,1.2451171875,0.01220703125,0.48828125,-0.01220703125,-0.15869140625,-0.48828125,0.74462890625,-0.32958984375,0.8056640625,0.927734375,0.634765625,0.2685546875,0.48828125,-0.244140625,0.09765625,0.20751953125,0.25634765625,0.18310546875,1.06201171875,0.048828125,0.2197265625,-0.25634765625,0.25634765625,0,0.29296875,0.15869140625,0.84228515625,0.03662109375,0.0244140625,-0.244140625,1.3427734375,-0.048828125,-0.89111328125,0.0732421875,-0.28076171875,-0.048828125,-0.98876953125,0.13427734375,-0.76904296875,-0.1953125,-1.46484375,-0.1220703125,-0.25634765625,0.01220703125,-0.29296875,0,-1.26953125,-0.0244140625,-0.68359375,0.1220703125,-0.4150390625,-0.15869140625,-0.54931640625,-0.15869140625,0.09765625,0.30517578125,-0.7080078125,-0.06103515625,-1.40380859375,-0.244140625,-1.01318359375,-0.01220703125,0.45166015625,-0.048828125,1.35498046875,0.0244140625,1.03759765625,-0.01220703125,0.68359375,0.23193359375,0.732421875,-0.06103515625,-0.0244140625,-0.10986328125,0.8056640625,-0.15869140625,-0.439453125,-0.13427734375,-0.50048828125
0,0.47607421875,-0.35400390625,0.64697265625,0.1220703125,-0.47607421875,-0.37841796875,0.15869140625,0.06103515625,-0.2197265625,2.08740234375,-0.048828125,1.08642578125,-0.15869140625,2.64892578125,-0.08544921875,8.70361328125,0,-1.3427734375,-0.35400390625,-0.9033203125,-0.18310546875,0.20751953125,-0.18310546875,-1.171875,0.0732421875,-0.18310546875,-0.048828125,-0.78125,0.18310546875,0.9521484375,0.09765625,0.23193359375,-0.25634765625,-0.1953125,-0.3173828125,-0.8544921875,-0.18310546875,-0.341796875,-0.0732421875,-0.7080078125,-0.42724609375,-0.20751953125,-0.048828125,-0.64697265625,-0.2685546875,-0.35400390625,0.2685546875,0.4638671875,0.1708984375,1.20849609375,0.146484375,0.48828125,-0.03662109375,-0.1220703125,-0.47607421875,0.7568359375,-0.30517578125,0.8056640625,0.91552734375,0.64697265625,0.30517578125,0.47607421875,-0.29296875,0.10986328125,0.32958984375,0.25634765625,0.18310546875,1.06201171875,0.03662109375,0.2197265625,-0.20751953125,0.25634765625,0.06103515625,0.30517578125,0.20751953125,0.8544921875,0.0732421875,0.01220703125,-0.3173828125,1.35498046875,-0.048828125,-0.91552734375,0.1220703125,-0.29296875,-0.08544921875,-1.025390625,0.1220703125,-0.78125,-0.2197265625,-1.47705078125,-0.0732421875,-0.244140625,-0.01220703125,-0.29296875,0.20751953125,-1.28173828125,-0.0732421875,-0.67138671875,0.01220703125,-0.439453125,-0.048828125,-0.5615234375,-0.15869140625,0.08544921875,0.42724609375,-0.7080078125,-0.13427734375,-1.3916015625,-0.15869140625,-1.025390625,-0.06103515625,0.45166015625,-0.09765625,1.30615234375,0,0.98876953125,-0.048828125,0.68359375,0.1708984375,0.68359375,-0.048828125,-0.03662109375,-0.10986328125,0.830078125,-0.13427734375,-0.439453125,-0.09765625,-0.50048828125
0,0.47607421875,-0.32958984375,0.6591796875,0.09765625,-0.4638671875,-0.390625,0.1708984375,0.048828125,-0.20751953125,2.0751953125,-0.06103515625,1.08642578125,-0.1220703125,2.64892578125,-0.08544921875,8.9111328125,0.01220703125,-1.18408203125,-0.42724609375,-0.78125,-0.18310546875,0.3662109375,-0.35400390625,-1.03759765625,0.15869140625,-0.1953125,-0.03662109375,-0.7568359375,0.09765625,0.927734375,0.1220703125,0.23193359375,-0.3173828125,-0.20751953125,-0.390625,-0.8544921875,-0.10986328125,-0.341796875,-0.1220703125,-0.68359375,-0.35400390625,-0.20751953125,0.01220703125,-0.64697265625,-0.30517578125,-0.3662109375,0.2685546875,0.439453125,0.23193359375,1.171875,0.2197265625,0.48828125,-0.06103515625,-0.10986328125,-0.45166015625,0.76904296875,-0.37841796875,0.8056640625,0.8056640625,0.64697265625,0.23193359375,0.48828125,-0.28076171875,0.13427734375,0.390625,0.25634765625,0.15869140625,1.06201171875,0.06103515625,0.20751953125,-0.13427734375,0.244140625,0.08544921875,0.3173828125,0.20751953125,0.8544921875,0.0732421875,0.01220703125,-0.40283203125,1.3427734375,-0.06103515625,-0.93994140625,0.1220703125,-0.29296875,-0.09765625,-1.025390625,0.0732421875,-0.78125,-0.2197265625,-1.4892578125,-0.03662109375,-0.25634765625,0,-0.28076171875,0.30517578125,-1.2451171875,-0.15869140625,-0.69580078125,-0.08544921875,-0.4638671875,0.0244140625,-0.5615234375,-0.1708984375,0.03662109375,0.45166015625,-0.7080078125,-0.15869140625,-1.416015625,-0.03662109375,-1.01318359375,-0.08544921875,0.439453125,-0.15869140625,1.26953125,-0.01220703125,0.96435546875,-0.08544921875,0.68359375,0.048828125,0.59814453125,-0.03662109375,-0.03662109375,-0.1220703125,0.86669921875,-0.1220703125,-0.42724609375,-0.10986328125,-0.48828125
1,0.42724609375,-0.341796875,0.6591796875,0.06103515625,-0.48828125,-0.390625,0.15869140625,0.0244140625,-0.23193359375,1.96533203125,-0.06103515625,1.0009765625,-0.1220703125,2.57568359375,-0.03662109375,8.82568359375,-0.06103515625,-1.01318359375,-0.390625,-0.634765625,-0.23193359375,0.52490234375,-0.47607421875,-0.91552734375,0.2197265625,-0.1708984375,0,-0.76904296875,-0.01220703125,0.91552734375,0.146484375,0.2197265625,-0.1953125,-0.244140625,-0.50048828125,-0.84228515625,-0.0244140625,-0.37841796875,-0.10986328125,-0.67138671875,-0.29296875,-0.1953125,0.048828125,-0.6591796875,-0.3173828125,-0.37841796875,0.2685546875,0.42724609375,0.25634765625,1.123046875,0.2685546875,0.50048828125,-0.0732421875,-0.10986328125,-0.341796875,0.7568359375,-0.47607421875,0.8056640625,0.7080078125,0.69580078125,0.15869140625,0.50048828125,-0.2685546875,0.146484375,0.42724609375,0.23193359375,0.1220703125,1.07421875,0.048828125,0.1953125,-0.08544921875,0.25634765625,0.1220703125,0.3173828125,0.1708984375,0.84228515625,0.06103515625,0.01220703125,-0.4638671875,1.3671875,-0.0732421875,-0.927734375,0.13427734375,-0.30517578125,-0.06103515625,-1.025390625,0.0244140625,-0.7568359375,-0.23193359375,-1.47705078125,0.0244140625,-0.2197265625,0.09765625,-0.29296875,0.29296875,-1.23291015625,-0.23193359375,-0.7568359375,-0.1708984375,-0.52490234375,0.08544921875,-0.5859375,-0.1708984375,0,0.4150390625,-0.69580078125,-0.146484375,-1.40380859375,0.0732421875,-1.025390625,-0.10986328125,0.439453125,-0.10986328125,1.1962890625,0.03662109375,0.927734375,-0.03662109375,0.634765625,0.08544921875,0.54931640625,-0.01220703125,-0.03662109375,-0.10986328125,0.89111328125,-0.09765625,-0.40283203125,-0.08544921875,-0.4638671875
1,0.390625,-0.35400390625,0.634765625,0,-0.5126953125,-0.390625,0.1708984375,0.0244140625,-0.1953125,1.84326171875,-0.03662109375,0.87890625,-0.06103515625,2.490234375,-0.0244140625,8.4228515625,-0.146484375,-0.89111328125,-0.3662109375,-0.50048828125,-0.3173828125,0.64697265625,-0.47607421875,-0.81787109375,0.23193359375,-0.1708984375,0.0244140625,-0.78125,-0.08544921875,0.927734375,0.146484375,0.2197265625,-0.01220703125,-0.2685546875,-0.5859375,-0.81787109375,0.06103515625,-0.4150390625,-0.08544921875,-0.68359375,-0.2197265625,-0.1953125,0.048828125,-0.6591796875,-0.23193359375,-0.37841796875,0.20751953125,0.42724609375,0.30517578125,1.07421875,0.30517578125,0.50048828125,-0.06103515625,-0.09765625,-0.341796875,0.76904296875,-0.6103515625,0.81787109375,0.59814453125,0.7080078125,0.09765625,0.537109375,-0.2197265625,0.13427734375,0.439453125,0.244140625,0.03662109375,1.07421875,0.03662109375,0.20751953125,-0.0244140625,0.23193359375,0.15869140625,0.30517578125,0.18310546875,0.84228515625,0.048828125,0.0244140625,-0.50048828125,1.37939453125,-0.0244140625,-0.927734375,0.1220703125,-0.3173828125,-0.0244140625,-1.01318359375,0.01220703125,-0.7568359375,-0.1953125,-1.47705078125,0.08544921875,-0.20751953125,0.25634765625,-0.30517578125,0.25634765625,-1.20849609375,-0.29296875,-0.81787109375,-0.244140625,-0.5615234375,0.13427734375,-0.6103515625,-0.13427734375,-0.048828125,0.3173828125,-0.69580078125,-0.10986328125,-1.40380859375,0.15869140625,-1.0498046875,-0.10986328125,0.439453125,-0.1220703125,1.1474609375,0.01220703125,0.8544921875,-0.06103515625,0.5615234375,0.048828125,0.47607421875,-0.01220703125,-0.0244140625,-0.1220703125,0.9033203125,-0.09765625,-0.42724609375,-0.09765625,-0.4638671875
1,0.35400390625,-0.35400390625,0.634765625,-0.09765625,-0.47607421875,-0.390625,0.146484375,0.01220703125,-0.15869140625,1.66015625,-0.048828125,0.732421875,-0.048828125,2.38037109375,-0.146484375,7.8369140625,-0.244140625,-0.830078125,-0.29296875,-0.439453125,-0.42724609375,0.7080078125,-0.341796875,-0.76904296875,0.23193359375,-0.1708984375,0.048828125,-0.78125,-0.18310546875,0.9521484375,0.15869140625,0.2197265625,0.25634765625,-0.28076171875,-0.634765625,-0.79345703125,0.18310546875,-0.42724609375,-0.0732421875,-0.68359375,-0.10986328125,-0.18310546875,0.048828125,-0.6591796875,-0.1220703125,-0.40283203125,0.244140625,0.45166015625,0.341796875,1.07421875,0.25634765625,0.52490234375,0,-0.0732421875,-0.2685546875,0.7568359375,-0.732421875,0.830078125,0.6591796875,0.7568359375,0.08544921875,0.5859375,-0.13427734375,0.15869140625,0.45166015625,0.25634765625,0,1.03759765625,0.03662109375,0.1953125,0.0244140625,0.244140625,0.1953125,0.3173828125,0.13427734375,0.830078125,0.0732421875,0.0244140625,-0.48828125,1.3916015625,-0.0244140625,-0.93994140625,0.06103515625,-0.3173828125,-0.01220703125,-1.01318359375,-0.0244140625,-0.732421875,-0.146484375,-1.46484375,0.10986328125,-0.1953125,0.40283203125,-0.28076171875,0.13427734375,-1.1962890625,-0.28076171875,-0.830078125,-0.25634765625,-0.59814453125,0.146484375,-0.59814453125,-0.09765625,-0.048828125,0.146484375,-0.7080078125,-0.048828125,-1.40380859375,0.20751953125,-1.0498046875,-0.09765625,0.42724609375,-0.1708984375,1.0498046875,-0.01220703125,0.7080078125,-0.0732421875,0.4638671875,-0.048828125,0.42724609375,0,-0.01220703125,-0.1220703125,0.91552734375,-0.10986328125,-0.42724609375,-0.1220703125,-0.45166015625
1,0.35400390625,-0.390625,0.6591796875,-0.15869140625,-0.45166015625,-0.40283203125,0.09765625,0.01220703125,-0.15869140625,1.4892578125,-0.0732421875,0.5615234375,-0.048828125,2.23388671875,-0.1953125,7.1044921875,-0.29296875,-0.8056640625,-0.146484375,-0.40283203125,-0.5859375,0.7080078125,-0.13427734375,-0.7568359375,0.15869140625,-0.15869140625,0.048828125,-0.76904296875,-0.23193359375,0.9521484375,0.13427734375,0.23193359375,0.5126953125,-0.30517578125,-0.67138671875,-0.76904296875,0.25634765625,-0.4150390625,0,-0.69580078125,0.0244140625,-0.15869140625,0.0732421875,-0.634765625,0,-0.4150390625,0.1953125,0.50048828125,0.32958984375,1.0986328125,0.244140625,0.5126953125,-0.01220703125,-0.10986328125,-0.20751953125,0.76904296875,-0.84228515625,0.84228515625,0.79345703125,0.79345703125,0.13427734375,0.6103515625,0.0244140625,0.146484375,0.50048828125,0.30517578125,-0.03662109375,1.07421875,0.03662109375,0.20751953125,0.048828125,0.25634765625,0.25634765625,0.32958984375,0.08544921875,0.8056640625,0.03662109375,0.03662109375,-0.4638671875,1.3916015625,0.0244140625,-0.9521484375,0.01220703125,-0.32958984375,0.01220703125,-0.9765625,-0.0244140625,-0.72021484375,-0.09765625,-1.4404296875,0.1220703125,-0.18310546875,0.52490234375,-0.29296875,0.03662109375,-1.18408203125,-0.23193359375,-0.84228515625,-0.18310546875,-0.5615234375,0.146484375,-0.59814453125,-0.0244140625,0,-0.0244140625,-0.7080078125,-0.01220703125,-1.42822265625,0.20751953125,-1.025390625,-0.09765625,0.42724609375,-0.146484375,0.93994140625,0,0.5859375,-0.06103515625,0.341796875,0.0244140625,0.3662109375,0.0244140625,0,-0.15869140625,0.93994140625,-0.13427734375,-0.42724609375,-0.13427734375,-0.4638671875
1,0.341796875,-0.40283203125,0.64697265625,-0.2197265625,-0.42724609375,-0.40283203125,0.08544921875,0.0244140625,-0.146484375,1.318359375,-0.048828125,0.40283203125,-0.0244140625,2.08740234375,-0.1953125,6.33544921875,-0.30517578125,-0.81787109375,-0.01220703125,-0.42724609375,-0.59814453125,0.64697265625,0.08544921875,-0.79345703125,0.048828125,-0.1708984375,0,-0.7568359375,-0.25634765625,0.9521484375,0.08544921875,0.23193359375,0.6591796875,-0.28076171875,-0.5859375,-0.732421875,0.28076171875,-0.439453125,0.06103515625,-0.7080078125,0.09765625,-0.1708984375,0,-0.634765625,0.15869140625,-0.42724609375,0.1708984375,0.5126953125,0.30517578125,1.0986328125,0.1953125,0.5126953125,-0.01220703125,-0.10986328125,-0.20751953125,0.7568359375,-0.96435546875,0.87890625,0.76904296875,0.81787109375,0.18310546875,0.62255859375,0.1708984375,0.146484375,0.47607421875,0.3173828125,-0.06103515625,1.06201171875,0.0244140625,0.2197265625,0.0732421875,0.2685546875,0.28076171875,0.32958984375,0.01220703125,0.81787109375,0.0244140625,0.048828125,-0.439453125,1.40380859375,0.03662109375,-0.927734375,-0.06103515625,-0.341796875,0.01220703125,-0.9521484375,-0.03662109375,-0.7080078125,-0.03662109375,-1.46484375,0.09765625,-0.18310546875,0.6103515625,-0.29296875,-0.03662109375,-1.171875,-0.20751953125,-0.8056640625,-0.09765625,-0.50048828125,0.06103515625,-0.5615234375,0.03662109375,0.06103515625,-0.23193359375,-0.7080078125,0,-1.42822265625,0.1953125,-1.03759765625,-0.048828125,0.4150390625,-0.146484375,0.79345703125,0,0.45166015625,-0.06103515625,0.244140625,-0.01220703125,0.28076171875,0.0244140625,0.01220703125,-0.146484375,0.927734375,-0.146484375,-0.42724609375,-0.13427734375,-0.439453125
1,0.3173828125,-0.40283203125,0.634765625,-0.28076171875,-0.37841796875,-0.390625,0.0732421875,0.03662109375,-0.15869140625,1.18408203125,-0.01220703125,0.28076171875,-0.0244140625,1.96533203125,-0.1953125,5.60302734375,-0.2685546875,-0.9033203125,0.1220703125,-0.47607421875,-0.5126953125,0.57373046875,0.3662109375,-0.84228515625,-0.048828125,-0.15869140625,-0.01220703125,-0.74462890625,-0.23193359375,0.96435546875,0,0.244140625,0.68359375,-0.29296875,-0.50048828125,-0.7080078125,0.28076171875,-0.4150390625,0.1220703125,-0.732421875,0.1708984375,-0.1708984375,-0.06103515625,-0.64697265625,0.23193359375,-0.4150390625,0.18310546875,0.52490234375,0.244140625,1.15966796875,0.146484375,0.4638671875,-0.03662109375,-0.13427734375,-0.1953125,0.74462890625,-1.0009765625,0.93994140625,0.79345703125,0.84228515625,0.2685546875,0.62255859375,0.2685546875,0.1220703125,0.48828125,0.341796875,-0.1220703125,1.07421875,-0.0244140625,0.20751953125,0.08544921875,0.2685546875,0.25634765625,0.30517578125,-0.06103515625,0.79345703125,0.0244140625,0.048828125,-0.4150390625,1.3916015625,0.048828125,-0.927734375,-0.1220703125,-0.32958984375,0,-0.927734375,-0.0244140625,-0.7080078125,0.01220703125,-1.46484375,0.09765625,-0.1953125,0.54931640625,-0.29296875,-0.06103515625,-1.15966796875,-0.2197265625,-0.7568359375,0.0244140625,-0.390625,-0.0732421875,-0.54931640625,0.03662109375,0.146484375,-0.3662109375,-0.7080078125,-0.0244140625,-1.42822265625,0.10986328125,-1.01318359375,-0.03662109375,0.4150390625,-0.146484375,0.7080078125,-0.0244140625,0.30517578125,-0.0732421875,0.15869140625,-0.048828125,0.23193359375,0.048828125,0.0244140625,-0.1953125,0.927734375,-0.1708984375,-0.42724609375,-0.146484375,-0.45166015625
1,0.3173828125,-0.42724609375,0.57373046875,-0.29296875,-0.3662109375,-0.37841796875,0.09765625,0.048828125,-0.15869140625,1.08642578125,-0.0244140625,0.1708984375,-0.0244140625,1.86767578125,-0.1953125,5.029296875,-0.244140625,-0.927734375,0.15869140625,-0.52490234375,-0.37841796875,0.48828125,0.45166015625,-0.91552734375,-0.146484375,-0.146484375,-0.0732421875,-0.72021484375,-0.20751953125,0.9765625,-0.13427734375,0.244140625,0.62255859375,-0.2685546875,-0.341796875,-0.68359375,0.25634765625,-0.4150390625,0.1953125,-0.74462890625,0.2197265625,-0.18310546875,-0.08544921875,-0.64697265625,0.2685546875,-0.439453125,0.2197265625,0.537109375,0.18310546875,1.1962890625,0.06103515625,0.48828125,-0.0244140625,-0.1220703125,-0.23193359375,0.74462890625,-1.0009765625,0.9521484375,0.78125,0.86669921875,0.3662109375,0.5859375,0.32958984375,0.10986328125,0.47607421875,0.341796875,-0.244140625,1.07421875,-0.048828125,0.20751953125,0.0732421875,0.2685546875,0.20751953125,0.30517578125,-0.09765625,0.79345703125,0.03662109375,0.048828125,-0.37841796875,1.40380859375,0.048828125,-0.927734375,-0.146484375,-0.32958984375,-0.03662109375,-0.91552734375,0.0244140625,-0.69580078125,0.03662109375,-1.47705078125,0.08544921875,-0.20751953125,0.4638671875,-0.28076171875,-0.03662109375,-1.171875,-0.1708984375,-0.69580078125,0.2197265625,-0.2685546875,-0.1220703125,-0.50048828125,0.08544921875,0.23193359375,-0.341796875,-0.68359375,-0.10986328125,-1.416015625,0.03662109375,-1.03759765625,-0.048828125,0.40283203125,-0.2197265625,0.6591796875,-0.06103515625,0.20751953125,-0.10986328125,0.1220703125,-0.13427734375,0.20751953125,0.03662109375,0.03662109375,-0.20751953125,0.9033203125,-0.20751953125,-0.40283203125,-0.146484375,-0.45166015625
1,0.29296875,-0.390625,0.54931640625,-0.30517578125,-0.341796875,-0.37841796875,0.08544921875,0.06103515625,-0.146484375,1.01318359375,0.01220703125,0.1220703125,-0.01220703125,1.7822265625,-0.06103515625,4.6142578125,-0.1708984375,-1.0009765625,0.13427734375,-0.5859375,-0.1953125,0.4150390625,0.47607421875,-0.96435546875,-0.244140625,-0.15869140625,-0.13427734375,-0.732421875,-0.1708984375,0.9765625,-0.23193359375,0.28076171875,0.47607421875,-0.23193359375,-0.244140625,-0.64697265625,0.20751953125,-0.390625,0.2197265625,-0.74462890625,0.2197265625,-0.15869140625,-0.10986328125,-0.64697265625,0.244140625,-0.42724609375,0.29296875,0.537109375,0.10986328125,1.23291015625,-0.0732421875,0.47607421875,0,-0.13427734375,-0.2197265625,0.76904296875,-0.96435546875,0.9521484375,0.76904296875,0.87890625,0.52490234375,0.537109375,0.32958984375,0.1220703125,0.35400390625,0.35400390625,-0.29296875,1.08642578125,-0.06103515625,0.20751953125,0.048828125,0.2685546875,0.13427734375,0.30517578125,-0.146484375,0.81787109375,0.08544921875,0.0244140625,-0.3662109375,1.40380859375,0.03662109375,-0.927734375,-0.1708984375,-0.32958984375,-0.03662109375,-0.87890625,0.06103515625,-0.72021484375,0.048828125,-1.4892578125,0.08544921875,-0.2197265625,0.3173828125,-0.25634765625,0.0244140625,-1.1474609375,-0.146484375,-0.62255859375,0.20751953125,-0.1953125,-0.146484375,-0.47607421875,0.10986328125,0.29296875,-0.25634765625,-0.7080078125,-0.25634765625,-1.40380859375,-0.048828125,-1.025390625,-0.0244140625,0.4150390625,-0.146484375,0.6591796875,-0.03662109375,0.1953125,-0.06103515625,0.13427734375,-0.09765625,0.23193359375,0.03662109375,0.048828125,-0.2197265625,0.9033203125,-0.1708984375,-0.42724609375,-0.1953125,-0.45166015625
1,0.28076171875,-0.3662109375,0.537109375,-0.30517578125,-0.35400390625,-0.341796875,0.0732421875,0.06103515625,-0.15869140625,1.025390625,0.0244140625,0.10986328125,0,1.708984375,-0.09765625,4.45556640625,-0.048828125,-1.01318359375,0.146484375,-0.62255859375,0.01220703125,0.390625,0.45166015625,-1.0009765625,-0.28076171875,-0.1708984375,-0.1708984375,-0.72021484375,-0.15869140625,1.0009765625,-0.2685546875,0.2685546875,0.3173828125,-0.2197265625,-0.146484375,-0.64697265625,0.15869140625,-0.35400390625,0.1953125,-0.732421875,0.1953125,-0.1708984375,-0.08544921875,-0.6591796875,0.13427734375,-0.439453125,0.341796875,0.537109375,0.08544921875,1.2451171875,-0.1708984375,0.47607421875,0.01220703125,-0.13427734375,-0.20751953125,0.76904296875,-0.76904296875,0.96435546875,0.6591796875,0.89111328125,0.6591796875,0.50048828125,0.25634765625,0.13427734375,0.25634765625,0.35400390625,-0.3173828125,1.06201171875,-0.0732421875,0.20751953125,0,0.2685546875,0.09765625,0.30517578125,-0.13427734375,0.81787109375,0.146484375,0.0244140625,-0.3662109375,1.3916015625,0.03662109375,-0.9033203125,-0.146484375,-0.3173828125,0.0244140625,-0.9033203125,0.1220703125,-0.732421875,0.048828125,-1.47705078125,0.048828125,-0.23193359375,0.1708984375,-0.2197265625,0.048828125,-1.15966796875,-0.10986328125,-0.6103515625,0.20751953125,-0.18310546875,-0.13427734375,-0.4638671875,0.08544921875,0.30517578125,-0.08544921875,-0.7080078125,-0.37841796875,-1.416015625,-0.09765625,-1.01318359375,-0.0244140625,0.439453125,-0.18310546875,0.74462890625,-0.03662109375,0.244140625,-0.06103515625,0.1953125,0.01220703125,0.2685546875,0.0244140625,0.03662109375,-0.244140625,0.87890625,-0.146484375,-0.4150390625,-0.1953125,-0.4638671875
1,0.30517578125,-0.341796875,0.5126953125,-0.29296875,-0.35400390625,-0.29296875,0.0732421875,0.06103515625,-0.146484375,1.025390625,0.048828125,0.10986328125,0,1.72119140625,-0.09765625,4.4921875,0,-1.0009765625,0.09765625,-0.62255859375,0.18310546875,0.40283203125,0.32958984375,-0.98876953125,-0.28076171875,-0.1708984375,-0.2197265625,-0.732421875,-0.13427734375,0.96435546875,-0.25634765625,0.25634765625,0.20751953125,-0.20751953125,-0.1220703125,-0.64697265625,0.10986328125,-0.32958984375,0.1708984375,-0.732421875,0.0732421875,-0.15869140625,-0.0732421875,-0.6591796875,0.0732421875,-0.439453125,0.35400390625,0.5126953125,0.10986328125,1.2451171875,-0.1953125,0.48828125,0,-0.1220703125,-0.244140625,0.76904296875,-0.67138671875,0.927734375,0.67138671875,0.830078125,0.81787109375,0.45166015625,0.1708984375,0.146484375,0.08544921875,0.35400390625,-0.37841796875,1.06201171875,-0.0732421875,0.18310546875,-0.06103515625,0.25634765625,0.048828125,0.30517578125,-0.15869140625,0.830078125,0.18310546875,0,-0.35400390625,1.3671875,0.0244140625,-0.87890625,-0.1220703125,-0.29296875,0.048828125,-0.927734375,0.146484375,-0.74462890625,0.03662109375,-1.4892578125,0.01220703125,-0.244140625,0.03662109375,-0.1953125,0.01220703125,-1.18408203125,-0.01220703125,-0.59814453125,0.15869140625,-0.20751953125,-0.13427734375,-0.50048828125,0.0732421875,0.2685546875,0.146484375,-0.69580078125,-0.45166015625,-1.416015625,-0.1220703125,-1.01318359375,-0.048828125,0.439453125,-0.20751953125,0.89111328125,-0.06103515625,0.390625,-0.08544921875,0.29296875,-0.03662109375,0.35400390625,0.03662109375,0.03662109375,-0.244140625,0.87890625,-0.13427734375,-0.4150390625,-0.20751953125,-0.47607421875
1,0.2685546875,-0.341796875,0.54931640625,-0.25634765625,-0.341796875,-0.28076171875,0.048828125,0.048828125,-0.146484375,1.0498046875,0.048828125,0.13427734375,0.01220703125,1.74560546875,-0.08544921875,4.67529296875,0.06103515625,-0.9521484375,0.01220703125,-0.5859375,0.20751953125,0.42724609375,0.10986328125,-0.9521484375,-0.25634765625,-0.1708984375,-0.25634765625,-0.72021484375,-0.146484375,0.9521484375,-0.1220703125,0.23193359375,0.1708984375,-0.18310546875,-0.15869140625,-0.67138671875,0.09765625,-0.35400390625,0.08544921875,-0.72021484375,-0.0732421875,-0.18310546875,-0.0244140625,-0.6591796875,-0.048828125,-0.439453125,0.341796875,0.48828125,0.1220703125,1.220703125,-0.20751953125,0.5126953125,0.0244140625,-0.13427734375,-0.29296875,0.8056640625,-0.54931640625,0.87890625,0.6103515625,0.81787109375,0.9033203125,0.439453125,0.06103515625,0.15869140625,0.01220703125,0.32958984375,-0.341796875,1.0498046875,-0.09765625,0.20751953125,-0.08544921875,0.244140625,-0.0244140625,0.3173828125,-0.18310546875,0.830078125,0.23193359375,0.01220703125,-0.4150390625,1.3671875,0.0244140625,-0.87890625,-0.09765625,-0.29296875,0.10986328125,-0.96435546875,0.13427734375,-0.74462890625,0.0244140625,-1.4892578125,-0.06103515625,-0.244140625,-0.03662109375,-0.1953125,-0.0732421875,-1.20849609375,0.0244140625,-0.68359375,0.1953125,-0.28076171875,-0.10986328125,-0.5615234375,0,0.2197265625,0.28076171875,-0.68359375,-0.42724609375,-1.416015625,-0.1220703125,-1.01318359375,-0.048828125,0.45166015625,-0.15869140625,1.07421875,-0.03662109375,0.5859375,-0.06103515625,0.40283203125,0,0.45166015625,0.048828125,0.03662109375,-0.28076171875,0.87890625,-0.10986328125,-0.4150390625,-0.20751953125,-0.48828125
1,0.25634765625,-0.3173828125,0.5615234375,-0.25634765625,-0.35400390625,-0.23193359375,0.03662109375,0.048828125,-0.15869140625,1.11083984375,0.08544921875,0.18310546875,0.03662109375,1.7578125,-0.0732421875,4.94384765625,0.1220703125,-0.8544921875,0.048828125,-0.48828125,0.30517578125,0.5126953125,0.03662109375,-0.9033203125,-0.2197265625,-0.1708984375,-0.2685546875,-0.732421875,-0.1220703125,0.93994140625,0.048828125,0.25634765625,0.1953125,-0.2197265625,-0.244140625,-0.67138671875,0.06103515625,-0.3662109375,0.048828125,-0.69580078125,-0.2197265625,-0.1953125,-0.01220703125,-0.64697265625,-0.10986328125,-0.439453125,0.29296875,0.48828125,0.15869140625,1.18408203125,-0.18310546875,0.52490234375,0.01220703125,-0.146484375,-0.32958984375,0.79345703125,-0.5126953125,0.8056640625,0.54931640625,0.78125,0.93994140625,0.439453125,-0.0244140625,0.1708984375,-0.06103515625,0.32958984375,-0.341796875,1.08642578125,-0.1220703125,0.20751953125,-0.10986328125,0.244140625,-0.06103515625,0.3173828125,-0.15869140625,0.86669921875,0.28076171875,0.0244140625,-0.47607421875,1.3671875,-0.01220703125,-0.89111328125,-0.03662109375,-0.2685546875,0.13427734375,-0.9765625,0.08544921875,-0.74462890625,-0.0244140625,-1.50146484375,-0.09765625,-0.28076171875,-0.048828125,-0.20751953125,-0.1708984375,-1.25732421875,0.0244140625,-0.78125,0.18310546875,-0.390625,-0.08544921875,-0.62255859375,-0.0732421875,0.1220703125,0.3662109375,-0.68359375,-0.341796875,-1.40380859375,-0.13427734375,-1.01318359375,-0.09765625,0.4638671875,-0.18310546875,1.28173828125,-0.06103515625,0.79345703125,-0.0732421875,0.52490234375,-0.1220703125,0.54931640625,0.01220703125,0.01220703125,-0.25634765625,0.89111328125,-0.10986328125,-0.439453125,-0.2197265625,-0.47607421875
1,0.23193359375,-0.341796875,0.48828125,-0.23193359375,-0.3173828125,-0.20751953125,0.01220703125,0.03662109375,-0.15869140625,1.13525390625,0.06103515625,0.1953125,0.03662109375,1.79443359375,-0.06103515625,5.1513671875,0.06103515625,-0.76904296875,-0.01220703125,-0.390625,0.2685546875,0.59814453125,-0.0732421875,-0.8056640625,-0.15869140625,-0.13427734375,-0.25634765625,-0.732421875,-0.1220703125,0.93994140625,0.20751953125,0.244140625,0.244140625,-0.244140625,-0.3662109375,-0.7080078125,0.0244140625,-0.390625,-0.01220703125,-0.69580078125,-0.37841796875,-0.1953125,-0.0244140625,-0.64697265625,-0.18310546875,-0.42724609375,0.28076171875,0.47607421875,0.20751953125,1.13525390625,-0.15869140625,0.54931640625,-0.0244140625,-0.09765625,-0.23193359375,0.78125,-0.439453125,0.732421875,0.47607421875,0.74462890625,0.86669921875,0.4638671875,-0.0244140625,0.15869140625,-0.1708984375,0.3173828125,-0.30517578125,1.0986328125,-0.1220703125,0.1953125,-0.146484375,0.23193359375,-0.09765625,0.3173828125,-0.1708984375,0.87890625,0.30517578125,0.0244140625,-0.47607421875,1.3671875,-0.03662109375,-0.89111328125,0,-0.25634765625,0.1708984375,-1.01318359375,0.01220703125,-0.732421875,-0.048828125,-1.50146484375,-0.146484375,-0.29296875,0.01220703125,-0.244140625,-0.244140625,-1.26953125,0.01220703125,-0.86669921875,0.13427734375,-0.5126953125,-0.048828125,-0.68359375,-0.146484375,0,0.3662109375,-0.68359375,-0.18310546875,-1.416015625,-0.13427734375,-1.025390625,-0.09765625,0.45166015625,-0.18310546875,1.416015625,-0.048828125,0.96435546875,-0.0732421875,0.62255859375,-0.03662109375,0.634765625,0.01220703125,0.01220703125,-0.20751953125,0.86669921875,-0.1220703125,-0.439453125,-0.2197265625,-0.45166015625
1,0.1953125,-0.341796875,0.50048828125,-0.23193359375,-0.29296875,-0.2197265625,0,0.03662109375,-0.1220703125,1.123046875,0.0732421875,0.1708984375,0.0732421875,1.79443359375,-0.03662109375,5.21240234375,-0.0244140625,-0.634765625,-0.06103515625,-0.29296875,0.03662109375,0.68359375,-0.15869140625,-0.69580078125,-0.09765625,-0.13427734375,-0.1953125,-0.74462890625,-0.09765625,0.927734375,0.29296875,0.2197265625,0.2685546875,-0.25634765625,-0.47607421875,-0.72021484375,-0.01220703125,-0.439453125,-0.08544921875,-0.68359375,-0.48828125,-0.1953125,-0.08544921875,-0.64697265625,-0.28076171875,-0.42724609375,0.20751953125,0.47607421875,0.25634765625,1.11083984375,-0.09765625,0.537109375,0,-0.09765625,-0.15869140625,0.7568359375,-0.4150390625,0.6591796875,0.3173828125,0.74462890625,0.78125,0.45166015625,-0.048828125,0.146484375,-0.25634765625,0.3173828125,-0.244140625,1.08642578125,-0.1220703125,0.18310546875,-0.15869140625,0.25634765625,-0.09765625,0.3173828125,-0.15869140625,0.86669921875,0.28076171875,0.01220703125,-0.48828125,1.3916015625,-0.06103515625,-0.9033203125,0.0244140625,-0.25634765625,0.1708984375,-1.03759765625,-0.01220703125,-0.732421875,-0.048828125,-1.47705078125,-0.15869140625,-0.28076171875,0.1220703125,-0.28076171875,-0.30517578125,-1.30615234375,-0.03662109375,-0.9521484375,0.1708984375,-0.537109375,-0.048828125,-0.74462890625,-0.1953125,-0.048828125,0.25634765625,-0.68359375,-0.01220703125,-1.4404296875,-0.10986328125,-1.025390625,-0.1220703125,0.45166015625,-0.1708984375,1.46484375,-0.0732421875,1.0498046875,-0.08544921875,0.64697265625,-0.06103515625,0.67138671875,-0.01220703125,0,-0.20751953125,0.87890625,-0.10986328125,-0.42724609375,-0.2197265625,-0.4638671875
0,0.15869140625,-0.341796875,0.4638671875,-0.2197265625,-0.3173828125,-0.2197265625,-0.0244140625,0.03662109375,-0.09765625,1.06201171875,0.048828125,0.09765625,0.08544921875,1.7578125,0.048828125,5.0048828125,-0.03662109375,-0.52490234375,-0.09765625,-0.1953125,-0.08544921875,0.7568359375,-0.10986328125,-0.62255859375,-0.048828125,-0.13427734375,-0.10986328125,-0.732421875,-0.03662109375,0.93994140625,0.29296875,0.2197265625,0.29296875,-0.30517578125,-0.537109375,-0.74462890625,0,-0.439453125,-0.13427734375,-0.69580078125,-0.48828125,-0.1708984375,-0.146484375,-0.64697265625,-0.30517578125,-0.42724609375,0.15869140625,0.48828125,0.341796875,1.08642578125,-0.06103515625,0.52490234375,0.06103515625,-0.10986328125,-0.10986328125,0.74462890625,-0.40283203125,0.6103515625,0.28076171875,0.74462890625,0.62255859375,0.48828125,-0.06103515625,0.18310546875,-0.32958984375,0.29296875,-0.20751953125,1.0986328125,-0.146484375,0.1953125,-0.15869140625,0.23193359375,-0.146484375,0.30517578125,-0.15869140625,0.86669921875,0.28076171875,0.01220703125,-0.45166015625,1.37939453125,-0.0732421875,-0.9033203125,0.03662109375,-0.2685546875,0.1220703125,-1.01318359375,-0.01220703125,-0.72021484375,-0.03662109375,-1.46484375,-0.15869140625,-0.2685546875,0.25634765625,-0.30517578125,-0.28076171875,-1.30615234375,-0.146484375,-0.9765625,0.15869140625,-0.42724609375,-0.03662109375,-0.7568359375,-0.2197265625,-0.03662109375,0.1708984375,-0.68359375,0.09765625,-1.4404296875,-0.06103515625,-1.025390625,-0.13427734375,0.439453125,-0.18310546875,1.45263671875,-0.09765625,1.06201171875,-0.0732421875,0.5859375,-0.15869140625,0.67138671875,-0.0244140625,-0.01220703125,-0.18310546875,0.87890625,-0.146484375,-0.439453125,-0.15869140625,-0.4638671875
0,0.146484375,-0.35400390625,0.47607421875,-0.25634765625,-0.28076171875,-0.244140625,-0.0244140625,0.0244140625,-0.0732421875,0.93994140625,0.0732421875,-0.01220703125,0.08544921875,1.69677734375,0.01220703125,4.4921875,-0.1220703125,-0.4150390625,-0.15869140625,-0.0732421875,-0.341796875,0.8544921875,-0.1708984375,-0.5126953125,-0.01220703125,-0.1220703125,-0.0732421875,-0.7568359375,0,0.9765625,0.25634765625,0.20751953125,0.25634765625,-0.32958984375,-0.5615234375,-0.79345703125,0.01220703125,-0.4638671875,-0.15869140625,-0.69580078125,-0.439453125,-0.1708984375,-0.18310546875,-0.64697265625,-0.2685546875,-0.42724609375,0.10986328125,0.48828125,0.3662109375,1.11083984375,0.048828125,0.52490234375,0.1220703125,-0.10986328125,-0.01220703125,0.74462890625,-0.4150390625,0.57373046875,0.20751953125,0.76904296875,0.42724609375,0.52490234375,-0.01220703125,0.1708984375,-0.32958984375,0.28076171875,-0.13427734375,1.0986328125,-0.1708984375,0.18310546875,-0.13427734375,0.25634765625,-0.1708984375,0.30517578125,-0.10986328125,0.830078125,0.244140625,0.01220703125,-0.40283203125,1.3916015625,-0.08544921875,-0.93994140625,0.01220703125,-0.2685546875,0.048828125,-1.0009765625,0.03662109375,-0.74462890625,-0.0244140625,-1.45263671875,-0.1708984375,-0.2685546875,0.35400390625,-0.32958984375,-0.1708984375,-1.28173828125,-0.28076171875,-0.91552734375,0.244140625,-0.1953125,-0.03662109375,-0.69580078125,-0.18310546875,0.06103515625,0.13427734375,-0.68359375,0.1708984375,-1.4404296875,0,-1.025390625,-0.10986328125,0.439453125,-0.20751953125,1.30615234375,-0.1220703125,0.9765625,-0.09765625,0.48828125,-0.10986328125,0.67138671875,-0.01220703125,-0.01220703125,-0.18310546875,0.87890625,-0.15869140625,-0.439453125,-0.08544921875,-0.4638671875
0,0.13427734375,-0.3662109375,0.45166015625,-0.244140625,-0.25634765625,-0.2685546875,-0.06103515625,0.03662109375,-0.08544921875,0.78125,0.0732421875,-0.20751953125,0.08544921875,1.55029296875,0.10986328125,3.69873046875,-0.146484375,-0.30517578125,-0.20751953125,0.0244140625,-0.52490234375,0.927734375,-0.18310546875,-0.439453125,0.03662109375,-0.1220703125,-0.01220703125,-0.74462890625,0.06103515625,0.9765625,0.2197265625,0.23193359375,0.15869140625,-0.341796875,-0.5126953125,-0.81787109375,0.01220703125,-0.47607421875,-0.146484375,-0.68359375,-0.32958984375,-0.15869140625,-0.23193359375,-0.64697265625,-0.20751953125,-0.45166015625,0.09765625,0.5126953125,0.390625,1.123046875,0.08544921875,0.47607421875,0.20751953125,-0.13427734375,0.03662109375,0.7080078125,-0.42724609375,0.59814453125,0.0732421875,0.81787109375,0.28076171875,0.52490234375,0.01220703125,0.15869140625,-0.32958984375,0.2685546875,-0.0732421875,1.0986328125,-0.20751953125,0.20751953125,-0.0732421875,0.244140625,-0.20751953125,0.3173828125,-0.048828125,0.84228515625,0.244140625,0.01220703125,-0.341796875,1.416015625,-0.06103515625,-0.9521484375,-0.01220703125,-0.2685546875,-0.01220703125,-0.9765625,0.0732421875,-0.74462890625,-0.01220703125,-1.4404296875,-0.1220703125,-0.23193359375,0.40283203125,-0.341796875,-0.09765625,-1.28173828125,-0.42724609375,-0.732421875,0.1708984375,0.2197265625,-0.06103515625,-0.537109375,-0.1708984375,0.23193359375,0.1220703125,-0.69580078125,0.13427734375,-1.4404296875,0.01220703125,-1.01318359375,-0.09765625,0.42724609375,-0.18310546875,1.123046875,-0.10986328125,0.81787109375,-0.06103515625,0.3662109375,-0.0244140625,0.6591796875,-0.0244140625,-0.048828125,-0.15869140625,0.89111328125,-0.1953125,-0.45166015625,-0.03662109375,-0.4638671875
0,0.13427734375,-0.37841796875,0.40283203125,-0.29296875,-0.244140625,-0.29296875,-0.0732421875,0.03662109375,-0.09765625,0.57373046875,0.09765625,-0.439453125,0.0732421875,1.35498046875,0.18310546875,2.67333984375,-0.1220703125,-0.1953125,-0.15869140625,0.1220703125,-0.54931640625,0.98876953125,-0.18310546875,-0.341796875,0.048828125,-0.09765625,0.06103515625,-0.7568359375,0.09765625,1.01318359375,0.1708984375,0.23193359375,0.03662109375,-0.35400390625,-0.37841796875,-0.84228515625,0.03662109375,-0.4638671875,-0.10986328125,-0.7080078125,-0.2197265625,-0.15869140625,-0.2685546875,-0.6591796875,-0.146484375,-0.45166015625,0.048828125,0.5126953125,0.4150390625,1.171875,0.10986328125,0.4638671875,0.2197265625,-0.146484375,0.01220703125,0.72021484375,-0.45166015625,0.62255859375,0.03662109375,0.8544921875,0.15869140625,0.52490234375,0.0244140625,0.13427734375,-0.37841796875,0.25634765625,0,1.07421875,-0.23193359375,0.1953125,-0.048828125,0.244140625,-0.23193359375,0.30517578125,0,0.8056640625,0.23193359375,0.0244140625,-0.2685546875,1.40380859375,-0.03662109375,-0.96435546875,-0.01220703125,-0.29296875,-0.08544921875,-0.9521484375,0.13427734375,-0.732421875,0.0244140625,-1.42822265625,-0.0244140625,-0.25634765625,0.40283203125,-0.3662109375,-0.0244140625,-1.25732421875,-0.50048828125,-0.439453125,0.146484375,0.8056640625,-0.08544921875,-0.3173828125,-0.1220703125,0.5126953125,0.1953125,-0.69580078125,0.06103515625,-1.42822265625,0.0244140625,-1.01318359375,-0.06103515625,0.42724609375,-0.1708984375,0.9521484375,-0.09765625,0.6591796875,-0.08544921875,0.23193359375,-0.048828125,0.7080078125,-0.01220703125,-0.048828125,-0.13427734375,0.87890625,-0.20751953125,-0.4638671875,-0.01220703125,-0.4638671875
0,0.13427734375,-0.390625,0.341796875,-0.30517578125,-0.18310546875,-0.35400390625,-0.0732421875,0.0244140625,-0.09765625,0.341796875,0.10986328125,-0.6591796875,0.0732421875,1.1474609375,0.18310546875,1.57470703125,-0.18310546875,-0.1220703125,-0.2197265625,0.20751953125,-0.59814453125,1.025390625,-0.2685546875,-0.28076171875,0.08544921875,-0.10986328125,0.09765625,-0.7568359375,0.1220703125,0.98876953125,0.1220703125,0.23193359375,-0.01220703125,-0.30517578125,-0.2197265625,-0.86669921875,0.0732421875,-0.45166015625,-0.06103515625,-0.7080078125,-0.1220703125,-0.15869140625,-0.28076171875,-0.67138671875,-0.13427734375,-0.439453125,0.06103515625,0.5126953125,0.42724609375,1.20849609375,0.08544921875,0.47607421875,0.2197265625,-0.1708984375,-0.0244140625,0.72021484375,-0.45166015625,0.64697265625,0.03662109375,0.91552734375,0.09765625,0.5126953125,0.048828125,0.13427734375,-0.341796875,0.2197265625,0.048828125,1.08642578125,-0.2197265625,0.1953125,-0.03662109375,0.23193359375,-0.2685546875,0.29296875,0.0732421875,0.78125,0.1953125,0.0244140625,-0.2197265625,1.3916015625,-0.0244140625,-0.96435546875,-0.03662109375,-0.29296875,-0.1220703125,-0.927734375,0.13427734375,-0.7568359375,0.01220703125,-1.42822265625,0.06103515625,-0.23193359375,0.341796875,-0.3173828125,0.06103515625,-1.23291015625,-0.52490234375,-0.048828125,-0.03662109375,1.55029296875,-0.09765625,-0.0244140625,-0.048828125,0.84228515625,0.2197265625,-0.7080078125,-0.03662109375,-1.4404296875,0.0244140625,-1.025390625,0.01220703125,0.42724609375,-0.20751953125,0.84228515625,-0.10986328125,0.54931640625,-0.08544921875,0.18310546875,-0.06103515625,0.9033203125,-0.0244140625,-0.06103515625,-0.10986328125,0.87890625,-0.20751953125,-0.4638671875,0,-0.48828125
0,0.10986328125,-0.37841796875,0.30517578125,-0.29296875,-0.1953125,-0.40283203125,-0.06103515625,0.03662109375,-0.13427734375,0.09765625,0.10986328125,-0.86669921875,0.0732421875,0.93994140625,0.18310546875,0.537109375,-0.18310546875,0,-0.20751953125,0.3173828125,-0.52490234375,1.07421875,-0.3173828125,-0.1953125,0.0732421875,-0.10986328125,0.08544921875,-0.7568359375,0.13427734375,0.98876953125,0.06103515625,0.2197265625,-0.03662109375,-0.29296875,-0.06103515625,-0.87890625,0.09765625,-0.4150390625,-0.01220703125,-0.72021484375,-0.03662109375,-0.1953125,-0.1953125,-0.67138671875,-0.01220703125,-0.439453125,0.048828125,0.537109375,0.4150390625,1.20849609375,0.048828125,0.47607421875,0.25634765625,-0.15869140625,-0.06103515625,0.732421875,-0.4638671875,0.69580078125,0.0244140625,0.93994140625,0.048828125,0.52490234375,0.048828125,0.146484375,-0.3173828125,0.2197265625,0.10986328125,1.06201171875,-0.18310546875,0.1953125,-0.0244140625,0.23193359375,-0.30517578125,0.3173828125,0.10986328125,0.81787109375,0.18310546875,0.03662109375,-0.18310546875,1.3916015625,-0.0732421875,-0.9521484375,-0.03662109375,-0.30517578125,-0.13427734375,-0.927734375,0.09765625,-0.74462890625,0.048828125,-1.4404296875,0.146484375,-0.2197265625,0.2685546875,-0.29296875,0.1708984375,-1.220703125,-0.48828125,0.390625,-0.08544921875,2.4169921875,-0.146484375,0.29296875,0,1.2451171875,0.2197265625,-0.72021484375,-0.146484375,-1.42822265625,0,-1.01318359375,0.06103515625,0.439453125,-0.20751953125,0.87890625,-0.0732421875,0.54931640625,-0.0732421875,0.2197265625,-0.0244140625,1.25732421875,-0.01220703125,-0.03662109375,-0.09765625,0.86669921875,-0.2197265625,-0.4638671875,0.03662109375,-0.50048828125
0,0.09765625,-0.40283203125,0.23193359375,-0.28076171875,-0.15869140625,-0.439453125,-0.0244140625,0.048828125,-0.09765625,-0.08544921875,0.1220703125,-1.01318359375,0.0732421875,0.7568359375,0.2197265625,-0.29296875,-0.15869140625,0.10986328125,-0.1953125,0.40283203125,-0.341796875,1.123046875,-0.29296875,-0.13427734375,0.09765625,-0.13427734375,0.09765625,-0.7568359375,0.10986328125,0.9765625,0.01220703125,0.244140625,0.048828125,-0.2685546875,0.048828125,-0.87890625,0.15869140625,-0.40283203125,0.01220703125,-0.7080078125,0.0244140625,-0.18310546875,-0.13427734375,-0.67138671875,-0.01220703125,-0.4150390625,0.0732421875,0.52490234375,0.3662109375,1.220703125,-0.01220703125,0.47607421875,0.2685546875,-0.15869140625,-0.0732421875,0.732421875,-0.439453125,0.7080078125,0.03662109375,0.9521484375,0.0244140625,0.5126953125,0.01220703125,0.146484375,-0.28076171875,0.20751953125,0.15869140625,1.0498046875,-0.146484375,0.1953125,-0.048828125,0.23193359375,-0.2685546875,0.3173828125,0.1220703125,0.81787109375,0.15869140625,0.06103515625,-0.1220703125,1.3671875,-0.09765625,-0.91552734375,-0.01220703125,-0.30517578125,-0.10986328125,-0.93994140625,-0.01220703125,-0.7568359375,0.03662109375,-1.46484375,0.25634765625,-0.18310546875,0.18310546875,-0.2685546875,0.244140625,-1.20849609375,-0.37841796875,0.8544921875,-0.0732421875,3.30810546875,-0.13427734375,0.6591796875,0.0732421875,1.64794921875,0.2197265625,-0.72021484375,-0.28076171875,-1.45263671875,-0.01220703125,-1.01318359375,0.13427734375,0.45166015625,-0.23193359375,1.07421875,-0.06103515625,0.74462890625,-0.0732421875,0.390625,-0.06103515625,1.8310546875,-0.03662109375,-0.03662109375,-0.06103515625,0.86669921875,-0.1708984375,-0.47607421875,0.0732421875,-0.50048828125
0,0.09765625,-0.40283203125,0.1953125,-0.2685546875,-0.1220703125,-0.4638671875,-0.03662109375,0.06103515625,-0.10986328125,-0.2197265625,0.10986328125,-1.0986328125,0.048828125,0.634765625,0.20751953125,-0.76904296875,-0.1220703125,0.1708984375,-0.1220703125,0.47607421875,-0.146484375,1.13525390625,-0.2197265625,-0.09765625,0.09765625,-0.146484375,0.06103515625,-0.7568359375,0.01220703125,0.98876953125,-0.0244140625,0.244140625,0.146484375,-0.25634765625,0.0732421875,-0.86669921875,0.20751953125,-0.40283203125,0.06103515625,-0.7080078125,0.048828125,-0.20751953125,-0.03662109375,-0.67138671875,0.048828125,-0.4150390625,0.06103515625,0.537109375,0.2197265625,1.20849609375,-0.03662109375,0.50048828125,0.23193359375,-0.13427734375,-0.08544921875,0.7568359375,-0.32958984375,0.732421875,0.1220703125,0.9521484375,0.0732421875,0.50048828125,-0.01220703125,0.13427734375,-0.25634765625,0.18310546875,0.1708984375,1.0498046875,-0.09765625,0.1708984375,-0.08544921875,0.2197265625,-0.146484375,0.30517578125,0.13427734375,0.84228515625,0.1220703125,0.048828125,-0.0732421875,1.3427734375,-0.13427734375,-0.89111328125,-0.01220703125,-0.30517578125,-0.0732421875,-0.93994140625,-0.1220703125,-0.732421875,0.08544921875,-1.46484375,0.32958984375,-0.1953125,0.13427734375,-0.2197265625,0.2685546875,-1.1962890625,-0.28076171875,1.30615234375,-0.10986328125,4.16259765625,-0.13427734375,0.98876953125,0.13427734375,2.0263671875,0.15869140625,-0.72021484375,-0.32958984375,-1.42822265625,-0.03662109375,-1.0009765625,0.18310546875,0.45166015625,-0.25634765625,1.47705078125,-0.06103515625,1.123046875,-0.09765625,0.68359375,-0.20751953125,2.60009765625,-0.03662109375,-0.03662109375,-0.048828125,0.8544921875,-0.1220703125,-0.4638671875,0.048828125,-0.52490234375
0,0.06103515625,-0.390625,0.15869140625,-0.244140625,-0.09765625,-0.47607421875,-0.048828125,0.06103515625,-0.10986328125,-0.2197265625,0.1220703125,-1.08642578125,0.048828125,0.62255859375,0.1708984375,-0.830078125,-0.0732421875,0.244140625,-0.0244140625,0.52490234375,0,1.171875,-0.13427734375,-0.0732421875,0.06103515625,-0.1708984375,0.0244140625,-0.72021484375,-0.0732421875,0.9765625,-0.048828125,0.25634765625,0.2685546875,-0.25634765625,0.06103515625,-0.87890625,0.2197265625,-0.390625,0.06103515625,-0.7080078125,0.06103515625,-0.2197265625,0.03662109375,-0.67138671875,0.0732421875,-0.4150390625,0.03662109375,0.52490234375,0.1953125,1.1962890625,-0.08544921875,0.52490234375,0.1953125,-0.1220703125,-0.06103515625,0.7568359375,-0.28076171875,0.732421875,0.15869140625,0.89111328125,0.15869140625,0.48828125,-0.08544921875,0.1220703125,-0.18310546875,0.1953125,0.18310546875,1.0498046875,-0.03662109375,0.1708984375,-0.10986328125,0.2197265625,-0.03662109375,0.3173828125,0.10986328125,0.9033203125,0.1220703125,0.06103515625,-0.048828125,1.35498046875,-0.15869140625,-0.87890625,-0.01220703125,-0.30517578125,-0.08544921875,-0.9521484375,-0.2197265625,-0.732421875,0.08544921875,-1.47705078125,0.341796875,-0.1708984375,0.09765625,-0.20751953125,0.25634765625,-1.1962890625,-0.1708984375,1.708984375,-0.15869140625,4.931640625,-0.18310546875,1.30615234375,0.1708984375,2.3681640625,0.06103515625,-0.74462890625,-0.3173828125,-1.4404296875,-0.08544921875,-1.01318359375,0.1708984375,0.4638671875,-0.23193359375,2.0263671875,0,1.69677734375,-0.0732421875,1.11083984375,-0.146484375,3.57666015625,-0.048828125,-0.06103515625,-0.0244140625,0.84228515625,-0.1220703125,-0.45166015625,0.0732421875,-0.5126953125
0,0,-0.37841796875,0.1220703125,-0.20751953125,-0.03662109375,-0.47607421875,-0.06103515625,0.06103515625,-0.0732421875,-0.13427734375,0.1220703125,-0.98876953125,0.03662109375,0.7080078125,0.146484375,-0.42724609375,-0.03662109375,0.2685546875,0.10986328125,0.5859375,0.09765625,1.15966796875,-0.048828125,-0.08544921875,0.048828125,-0.18310546875,-0.01220703125,-0.74462890625,-0.18310546875,0.98876953125,-0.0732421875,0.244140625,0.390625,-0.23193359375,-0.03662109375,-0.86669921875,0.244140625,-0.37841796875,0.03662109375,-0.7080078125,0.0244140625,-0.20751953125,0.03662109375,-0.6591796875,0.10986328125,-0.4150390625,0.08544921875,0.537109375,0.146484375,1.15966796875,-0.10986328125,0.5126953125,0.146484375,-0.10986328125,-0.06103515625,0.7568359375,-0.2197265625,0.72021484375,0.30517578125,0.81787109375,0.15869140625,0.48828125,-0.1220703125,0.1220703125,0,0.1953125,0.1708984375,1.06201171875,-0.01220703125,0.18310546875,-0.13427734375,0.23193359375,0.0732421875,0.32958984375,0.13427734375,0.9033203125,0.09765625,0.048828125,-0.03662109375,1.35498046875,-0.20751953125,-0.86669921875,-0.0244140625,-0.30517578125,-0.03662109375,-0.93994140625,-0.29296875,-0.732421875,0.10986328125,-1.47705078125,0.32958984375,-0.1953125,0.09765625,-0.2197265625,0.18310546875,-1.20849609375,-0.146484375,2.0263671875,-0.13427734375,5.56640625,-0.18310546875,1.52587890625,0.18310546875,2.6123046875,-0.048828125,-0.732421875,-0.2197265625,-1.4404296875,-0.15869140625,-1.0009765625,0.20751953125,0.4638671875,-0.244140625,2.72216796875,0.0244140625,2.4169921875,-0.0732421875,1.611328125,-0.23193359375,4.67529296875,-0.048828125,-0.0732421875,0.0244140625,0.84228515625,-0.08544921875,-0.4638671875,0.0732421875,-0.52490234375
0,-0.0244140625,-0.37841796875,0.10986328125,-0.23193359375,0.01220703125,-0.439453125,-0.06103515625,0.03662109375,-0.06103515625,0.06103515625,0.08544921875,-0.79345703125,0.03662109375,0.89111328125,0.1708984375,0.390625,-0.0244140625,0.25634765625,0.244140625,0.5615234375,0.1708984375,1.15966796875,0.0732421875,-0.09765625,0.01220703125,-0.1708984375,-0.03662109375,-0.74462890625,-0.23193359375,0.9765625,-0.0244140625,0.244140625,0.47607421875,-0.28076171875,-0.1220703125,-0.830078125,0.1953125,-0.37841796875,0.06103515625,-0.69580078125,0.01220703125,-0.1953125,0.0244140625,-0.67138671875,0.13427734375,-0.42724609375,0.0732421875,0.52490234375,0.15869140625,1.11083984375,-0.09765625,0.5126953125,0.0244140625,-0.1220703125,-0.06103515625,0.74462890625,-0.2197265625,0.69580078125,0.32958984375,0.72021484375,0.10986328125,0.48828125,-0.13427734375,0.13427734375,0.18310546875,0.18310546875,0.18310546875,1.07421875,0.0244140625,0.20751953125,-0.09765625,0.23193359375,0.13427734375,0.35400390625,0.13427734375,0.927734375,0.0732421875,0.01220703125,-0.08544921875,1.35498046875,-0.2197265625,-0.86669921875,-0.048828125,-0.3173828125,-0.06103515625,-0.96435546875,-0.25634765625,-0.7080078125,0.1220703125,-1.4892578125,0.29296875,-0.1953125,0.10986328125,-0.2197265625,0.0244140625,-1.220703125,-0.1220703125,2.2216796875,-0.048828125,6.005859375,-0.23193359375,1.6845703125,0.146484375,2.79541015625,-0.146484375,-0.72021484375,-0.13427734375,-1.4404296875,-0.2197265625,-1.0009765625,0.18310546875,0.4638671875,-0.29296875,3.45458984375,0.0244140625,3.1494140625,-0.09765625,2.13623046875,-0.29296875,5.82275390625,-0.0244140625,-0.0732421875,0.048828125,0.86669921875,-0.09765625,-0.439453125,0.08544921875,-0.52490234375
0,-0.09765625,-0.3662109375,0.10986328125,-0.244140625,0.048828125,-0.40283203125,-0.09765625,0.03662109375,-0.06103515625,0.341796875,0.09765625,-0.537109375,0.03662109375,1.15966796875,0.20751953125,1.55029296875,-0.03662109375,0.1953125,0.341796875,0.537109375,0.15869140625,1.08642578125,0.18310546875,-0.15869140625,-0.0244140625,-0.18310546875,-0.06103515625,-0.7568359375,-0.25634765625,0.9765625,0.01220703125,0.23193359375,0.537109375,-0.29296875,-0.1220703125,-0.81787109375,0.1220703125,-0.4150390625,0.06103515625,-0.69580078125,-0.06103515625,-0.1953125,-0.0244140625,-0.64697265625,0.08544921875,-0.439453125,0.09765625,0.537109375,0.15869140625,1.13525390625,-0.09765625,0.52490234375,-0.0244140625,-0.13427734375,-0.08544921875,0.72021484375,-0.1708984375,0.68359375,0.3173828125,0.6103515625,0.0732421875,0.48828125,-0.2197265625,0.13427734375,0.32958984375,0.1953125,0.1708984375,1.06201171875,0.03662109375,0.23193359375,-0.0732421875,0.2197265625,0.15869140625,0.341796875,0.13427734375,0.9033203125,0.06103515625,0.01220703125,-0.10986328125,1.3427734375,-0.2197265625,-0.8544921875,-0.0732421875,-0.3173828125,-0.03662109375,-0.96435546875,-0.2197265625,-0.69580078125,0.10986328125,-1.4892578125,0.2197265625,-0.1953125,0.15869140625,-0.23193359375,-0.146484375,-1.23291015625,-0.1220703125,2.28271484375,0.0732421875,6.26220703125,-0.28076171875,1.7333984375,0.10986328125,2.880859375,-0.1708984375,-0.72021484375,-0.06103515625,-1.42822265625,-0.2685546875,-1.025390625,0.13427734375,0.4638671875,-0.2685546875,4.13818359375,0.048828125,3.91845703125,-0.08544921875,2.63671875,-0.18310546875,6.94580078125,-0.0244140625,-0.0732421875,0.06103515625,0.9033203125,-0.10986328125,-0.45166015625,0.10986328125,-0.50048828125
0,-0.1220703125,-0.37841796875,0.048828125,-0.23193359375,0.06103515625,-0.3662109375,-0.08544921875,0.03662109375,-0.01220703125,0.7080078125,0.10986328125,-0.244140625,0.08544921875,1.45263671875,0.25634765625,2.9052734375,-0.0244140625,0.0732421875,0.3662109375,0.47607421875,0.146484375,1.0009765625,0.30517578125,-0.23193359375,-0.048828125,-0.18310546875,-0.08544921875,-0.76904296875,-0.1953125,0.96435546875,0.03662109375,0.23193359375,0.5126953125,-0.3173828125,-0.15869140625,-0.8056640625,0.03662109375,-0.45166015625,0.048828125,-0.7080078125,-0.1220703125,-0.1953125,-0.0732421875,-0.6591796875,0.01220703125,-0.439453125,0.048828125,0.52490234375,0.06103515625,1.11083984375,-0.0732421875,0.50048828125,-0.08544921875,-0.146484375,-0.13427734375,0.732421875,-0.146484375,0.64697265625,0.25634765625,0.5126953125,0.06103515625,0.50048828125,-0.28076171875,0.10986328125,0.3662109375,0.23193359375,0.146484375,1.08642578125,0.048828125,0.244140625,-0.0244140625,0.23193359375,0.18310546875,0.32958984375,0.15869140625,0.8544921875,0.048828125,0.0244140625,-0.146484375,1.3427734375,-0.1953125,-0.86669921875,-0.10986328125,-0.30517578125,-0.01220703125,-0.9765625,-0.1220703125,-0.7080078125,0.0732421875,-1.47705078125,0.13427734375,-0.20751953125,0.146484375,-0.2685546875,-0.32958984375,-1.23291015625,-0.1220703125,2.25830078125,0.0732421875,6.298828125,-0.28076171875,1.7333984375,0.03662109375,2.86865234375,-0.146484375,-0.72021484375,0.01220703125,-1.416015625,-0.29296875,-1.025390625,0.10986328125,0.439453125,-0.2685546875,4.7119140625,0.09765625,4.55322265625,-0.09765625,3.076171875,-0.1708984375,7.9833984375,0,-0.06103515625,0.048828125,0.9033203125,-0.10986328125,-0.45166015625,0.09765625,-0.48828125
0,-0.13427734375,-0.40283203125,0,-0.2685546875,0.09765625,-0.341796875,-0.09765625,0.01220703125,-0.01220703125,1.07421875,0.1220703125,0.08544921875,0.08544921875,1.79443359375,0.25634765625,4.33349609375,0.01220703125,-0.06103515625,0.3662109375,0.37841796875,0.13427734375,0.9033203125,0.35400390625,-0.3173828125,-0.03662109375,-0.18310546875,-0.1220703125,-0.78125,-0.08544921875,0.9521484375,0.08544921875,0.244140625,0.40283203125,-0.341796875,-0.09765625,-0.81787109375,-0.06103515625,-0.45166015625,0.03662109375,-0.7080078125,-0.18310546875,-0.1953125,-0.1220703125,-0.64697265625,-0.10986328125,-0.42724609375,0.06103515625,0.5126953125,0.06103515625,1.1474609375,-0.06103515625,0.50048828125,-0.06103515625,-0.18310546875,-0.15869140625,0.72021484375,-0.10986328125,0.62255859375,0.15869140625,0.439453125,0.03662109375,0.50048828125,-0.3173828125,0.1220703125,0.37841796875,0.244140625,0.146484375,1.08642578125,0.048828125,0.2685546875,0.06103515625,0.20751953125,0.18310546875,0.3662109375,0.146484375,0.830078125,0.048828125,0.0244140625,-0.1953125,1.3671875,-0.20751953125,-0.87890625,-0.13427734375,-0.32958984375,-0.01220703125,-1.0009765625,-0.048828125,-0.732421875,0.048828125,-1.4892578125,0.03662109375,-0.23193359375,0.03662109375,-0.29296875,-0.390625,-1.2451171875,-0.09765625,2.1484375,0.0732421875,6.16455078125,-0.25634765625,1.66015625,-0.0244140625,2.783203125,-0.0732421875,-0.72021484375,0.0244140625,-1.416015625,-0.29296875,-1.025390625,0.048828125,0.42724609375,-0.23193359375,5.13916015625,0.1220703125,5.078125,-0.06103515625,3.38134765625,-0.18310546875,8.837890625,0,-0.06103515625,0.048828125,0.9033203125,-0.10986328125,-0.45166015625,0.13427734375,-0.48828125
1,-0.18310546875,-0.40283203125,-0.0732421875,-0.25634765625,0.1220703125,-0.341796875,-0.13427734375,0.0244140625,-0.01220703125,1.4404296875,0.146484375,0.390625,0.08544921875,2.099609375,0.13427734375,5.7373046875,0,-0.1953125,0.28076171875,0.25634765625,0.0244140625,0.81787109375,0.3662109375,-0.37841796875,-0.0244140625,-0.15869140625,-0.08544921875,-0.78125,0.048828125,0.96435546875,0.1220703125,0.25634765625,0.2685546875,-0.32958984375,-0.0244140625,-0.81787109375,-0.15869140625,-0.4638671875,0.03662109375,-0.72021484375,-0.28076171875,-0.18310546875,-0.1708984375,-0.67138671875,-0.2197265625,-0.439453125,0.06103515625,0.537109375,0.146484375,1.15966796875,-0.03662109375,0.48828125,-0.0244140625,-0.1708984375,-0.1708984375,0.732421875,-0.09765625,0.59814453125,0.0732421875,0.37841796875,0.048828125,0.50048828125,-0.3173828125,0.10986328125,0.439453125,0.244140625,0.1220703125,1.0986328125,0.0244140625,0.3173828125,0.13427734375,0.20751953125,0.1953125,0.35400390625,0.15869140625,0.8056640625,0.0244140625,0.03662109375,-0.23193359375,1.37939453125,-0.20751953125,-0.9033203125,-0.10986328125,-0.341796875,0.0244140625,-0.9765625,0.01220703125,-0.74462890625,0.0244140625,-1.4892578125,-0.03662109375,-0.25634765625,-0.09765625,-0.32958984375,-0.341796875,-1.23291015625,-0.13427734375,1.96533203125,0.0732421875,5.87158203125,-0.25634765625,1.513671875,-0.10986328125,2.63671875,0.0732421875,-0.72021484375,0,-1.42822265625,-0.2685546875,-1.03759765625,0.03662109375,0.40283203125,-0.25634765625,5.3955078125,0.1220703125,5.40771484375,-0.08544921875,3.60107421875,-0.25634765625,9.521484375,0,-0.048828125,0.048828125,0.927734375,-0.10986328125,-0.45166015625,0.15869140625,-0.47607421875
1,-0.18310546875,-0.4150390625,-0.10986328125,-0.2685546875,0.146484375,-0.341796875,-0.15869140625,0.03662109375,-0.01220703125,1.7578125,0.1220703125,0.67138671875,0.06103515625,2.392578125,0.1708984375,7.0068359375,0.08544921875,-0.29296875,0.23193359375,0.1220703125,-0.0244140625,0.7080078125,0.35400390625,-0.45166015625,0.0244140625,-0.146484375,-0.08544921875,-0.76904296875,0.2197265625,0.96435546875,0.146484375,0.244140625,0.08544921875,-0.32958984375,0.048828125,-0.830078125,-0.20751953125,-0.45166015625,0.01220703125,-0.72021484375,-0.3662109375,-0.15869140625,-0.244140625,-0.6591796875,-0.28076171875,-0.42724609375,0.0732421875,0.5615234375,0.2197265625,1.1962890625,-0.01220703125,0.47607421875,-0.06103515625,-0.18310546875,-0.146484375,0.7080078125,-0.1953125,0.59814453125,0,0.37841796875,0.10986328125,0.48828125,-0.28076171875,0.09765625,0.4638671875,0.25634765625,0.0732421875,1.07421875,0.03662109375,0.3173828125,0.1953125,0.20751953125,0.23193359375,0.341796875,0.15869140625,0.79345703125,0.06103515625,0.048828125,-0.28076171875,1.3671875,-0.18310546875,-0.91552734375,-0.0732421875,-0.341796875,0.01220703125,-0.927734375,0.0244140625,-0.74462890625,-0.0244140625,-1.47705078125,-0.048828125,-0.25634765625,-0.23193359375,-0.3173828125,-0.244140625,-1.220703125,-0.146484375,1.74560546875,0.0244140625,5.4443359375,-0.1953125,1.3427734375,-0.146484375,2.4658203125,0.23193359375,-0.732421875,-0.03662109375,-1.42822265625,-0.244140625,-1.025390625,-0.03662109375,0.42724609375,-0.29296875,5.4931640625,0.1220703125,5.52978515625,-0.08544921875,3.7109375,-0.390625,9.9365234375,0.01220703125,-0.048828125,0.03662109375,0.93994140625,-0.10986328125,-0.45166015625,0.1953125,-0.4638671875
1,-0.18310546875,-0.4150390625,-0.146484375,-0.2685546875,0.1708984375,-0.35400390625,-0.13427734375,0.01220703125,-0.0244140625,2.0263671875,0.1220703125,0.87890625,0.0732421875,2.6123046875,0.08544921875,8.0078125,0.048828125,-0.37841796875,0.1220703125,0.03662109375,-0.06103515625,0.64697265625,0.1708984375,-0.50048828125,0.03662109375,-0.13427734375,-0.0732421875,-0.7568359375,0.30517578125,0.96435546875,0.20751953125,0.25634765625,-0.146484375,-0.341796875,0.10986328125,-0.8544921875,-0.2197265625,-0.45166015625,0.01220703125,-0.74462890625,-0.42724609375,-0.1708984375,-0.23193359375,-0.64697265625,-0.35400390625,-0.45166015625,0.03662109375,0.57373046875,0.28076171875,1.23291015625,-0.0244140625,0.47607421875,-0.13427734375,-0.1708984375,-0.08544921875,0.74462890625,-0.25634765625,0.634765625,-0.10986328125,0.4150390625,0.15869140625,0.50048828125,-0.244140625,0.10986328125,0.50048828125,0.244140625,0.0732421875,1.07421875,0.03662109375,0.3173828125,0.25634765625,0.2197265625,0.244140625,0.30517578125,0.1220703125,0.81787109375,0.048828125,0.048828125,-0.30517578125,1.37939453125,-0.1953125,-0.93994140625,0,-0.341796875,-0.01220703125,-0.93994140625,0,-0.7568359375,-0.08544921875,-1.46484375,-0.08544921875,-0.25634765625,-0.35400390625,-0.29296875,-0.0732421875,-1.23291015625,-0.1708984375,1.513671875,-0.06103515625,5.0048828125,-0.15869140625,1.18408203125,-0.15869140625,2.2705078125,0.3662109375,-0.7080078125,-0.0732421875,-1.42822265625,-0.13427734375,-1.025390625,-0.08544921875,0.439453125,-0.3173828125,5.45654296875,0.10986328125,5.5419921875,-0.08544921875,3.74755859375,-0.32958984375,10.1806640625,0.01220703125,-0.03662109375,0.01220703125,0.927734375,-0.09765625,-0.45166015625,0.18310546875,-0.47607421875
1,-0.20751953125,-0.4150390625,-0.1708984375,-0.25634765625,0.20751953125,-0.390625,-0.13427734375,0.01220703125,0.0244140625,2.23388671875,0.1220703125,1.06201171875,0.08544921875,2.77099609375,0.1708984375,8.80126953125,-0.03662109375,-0.42724609375,-0.06103515625,-0.03662109375,-0.13427734375,0.634765625,-0.06103515625,-0.54931640625,0.09765625,-0.10986328125,-0.01220703125,-0.74462890625,0.37841796875,0.9765625,0.2197265625,0.2685546875,-0.32958984375,-0.3173828125,0.06103515625,-0.89111328125,-0.2197265625,-0.45166015625,-0.048828125,-0.74462890625,-0.42724609375,-0.1953125,-0.25634765625,-0.67138671875,-0.4150390625,-0.45166015625,-0.0244140625,0.57373046875,0.341796875,1.25732421875,-0.048828125,0.5126953125,-0.1220703125,-0.1708984375,-0.048828125,0.7568359375,-0.35400390625,0.68359375,-0.20751953125,0.4638671875,0.2197265625,0.5126953125,-0.2197265625,0.146484375,0.47607421875,0.23193359375,0.03662109375,1.025390625,0.03662109375,0.29296875,0.244140625,0.20751953125,0.30517578125,0.28076171875,0.048828125,0.78125,0.0244140625,0.06103515625,-0.30517578125,1.3671875,-0.18310546875,-0.93994140625,0.09765625,-0.341796875,-0.0244140625,-0.93994140625,-0.01220703125,-0.76904296875,-0.146484375,-1.46484375,-0.08544921875,-0.2685546875,-0.439453125,-0.30517578125,0.09765625,-1.20849609375,-0.23193359375,1.28173828125,-0.0732421875,4.5166015625,-0.10986328125,1.01318359375,-0.1220703125,2.0751953125,0.4638671875,-0.72021484375,-0.08544921875,-1.416015625,-0.08544921875,-1.025390625,-0.0732421875,0.42724609375,-0.30517578125,5.33447265625,0.1220703125,5.40771484375,-0.06103515625,3.7109375,-0.244140625,10.19287109375,0.01220703125,0.01220703125,0.0244140625,0.91552734375,-0.048828125,-0.439453125,0.146484375,-0.45166015625
1,-0.23193359375,-0.40283203125,-0.25634765625,-0.2685546875,0.2197265625,-0.390625,-0.13427734375,0.0244140625,0.06103515625,2.3681640625,0.08544921875,1.171875,0.08544921875,2.8564453125,0.10986328125,9.3017578125,-0.048828125,-0.4150390625,-0.048828125,-0.08544921875,-0.09765625,0.64697265625,-0.18310546875,-0.537109375,0.13427734375,-0.10986328125,0,-0.732421875,0.37841796875,0.9765625,0.2685546875,0.25634765625,-0.390625,-0.29296875,-0.0244140625,-0.87890625,-0.15869140625,-0.42724609375,-0.08544921875,-0.74462890625,-0.390625,-0.2197265625,-0.28076171875,-0.67138671875,-0.42724609375,-0.42724609375,-0.09765625,0.634765625,0.3662109375,1.25732421875,-0.1220703125,0.5126953125,-0.13427734375,-0.15869140625,-0.0244140625,0.7568359375,-0.32958984375,0.67138671875,-0.37841796875,0.537109375,0.244140625,0.5126953125,-0.1708984375,0.15869140625,0.4638671875,0.244140625,-0.0244140625,1.03759765625,0.048828125,0.29296875,0.25634765625,0.2197265625,0.28076171875,0.29296875,-0.048828125,0.8056640625,0.0244140625,0.06103515625,-0.28076171875,1.37939453125,-0.1708984375,-0.927734375,0.1708984375,-0.32958984375,0,-0.927734375,-0.048828125,-0.78125,-0.20751953125,-1.46484375,-0.06103515625,-0.244140625,-0.45166015625,-0.28076171875,0.20751953125,-1.220703125,-0.3173828125,1.123046875,-0.18310546875,4.08935546875,-0.06103515625,0.86669921875,-0.048828125,1.89208984375,0.4638671875,-0.7080078125,-0.08544921875,-1.40380859375,-0.03662109375,-1.01318359375,-0.0732421875,0.439453125,-0.29296875,5.16357421875,0.10986328125,5.23681640625,-0.06103515625,3.6376953125,-0.40283203125,10.05859375,0,0,0,0.9033203125,-0.048828125,-0.439453125,0.13427734375,-0.45166015625
1,-0.2685546875,-0.37841796875,-0.25634765625,-0.25634765625,0.244140625,-0.4150390625,-0.15869140625,0.048828125,0.08544921875,2.40478515625,0.06103515625,1.1962890625,0.09765625,2.91748046875,0.048828125,9.5458984375,-0.1708984375,-0.37841796875,-0.146484375,-0.1220703125,-0.146484375,0.7080078125,-0.37841796875,-0.537109375,0.146484375,-0.1220703125,0.06103515625,-0.72021484375,0.3173828125,0.96435546875,0.3173828125,0.25634765625,-0.341796875,-0.29296875,-0.13427734375,-0.87890625,-0.06103515625,-0.40283203125,-0.08544921875,-0.732421875,-0.3173828125,-0.20751953125,-0.20751953125,-0.68359375,-0.4150390625,-0.439453125,-0.1220703125,0.64697265625,0.30517578125,1.23291015625,-0.23193359375,0.5126953125,-0.13427734375,-0.13427734375,0,0.7568359375,-0.32958984375,0.69580078125,-0.439453125,0.6103515625,0.2685546875,0.5126953125,-0.08544921875,0.146484375,0.48828125,0.28076171875,-0.1220703125,1.03759765625,0.0244140625,0.244140625,0.244140625,0.23193359375,0.25634765625,0.2685546875,-0.08544921875,0.84228515625,0.0244140625,0.0732421875,-0.244140625,1.3671875,-0.15869140625,-0.93994140625,0.25634765625,-0.30517578125,0.01220703125,-0.9765625,-0.06103515625,-0.79345703125,-0.20751953125,-1.47705078125,-0.03662109375,-0.244140625,-0.3662109375,-0.2685546875,0.23193359375,-1.20849609375,-0.390625,0.98876953125,-0.28076171875,3.7353515625,-0.0244140625,0.732421875,0.03662109375,1.7333984375,0.40283203125,-0.69580078125,-0.048828125,-1.416015625,-0.01220703125,-1.01318359375,-0.048828125,0.4638671875,-0.30517578125,4.98046875,0.08544921875,5.0537109375,-0.0732421875,3.52783203125,-0.537109375,9.7412109375,0.01220703125,0.01220703125,-0.0244140625,0.87890625,-0.048828125,-0.40283203125,0.08544921875,-0.4638671875
1,-0.3173828125,-0.37841796875,-0.3173828125,-0.244140625,0.28076171875,-0.42724609375,-0.15869140625,0.06103515625,0.10986328125,2.3681640625,0.03662109375,1.18408203125,0.09765625,2.880859375,0.048828125,9.5703125,-0.1953125,-0.37841796875,-0.10986328125,-0.1220703125,-0.2685546875,0.79345703125,-0.47607421875,-0.52490234375,0.146484375,-0.1220703125,0.1220703125,-0.72021484375,0.2197265625,0.9765625,0.35400390625,0.244140625,-0.13427734375,-0.2685546875,-0.244140625,-0.87890625,0.048828125,-0.4150390625,-0.10986328125,-0.7568359375,-0.2197265625,-0.2197265625,-0.20751953125,-0.6591796875,-0.35400390625,-0.40283203125,-0.09765625,0.67138671875,0.23193359375,1.20849609375,-0.2685546875,0.5126953125,-0.146484375,-0.10986328125,-0.01220703125,0.76904296875,-0.341796875,0.69580078125,-0.42724609375,0.72021484375,0.35400390625,0.52490234375,-0.03662109375,0.15869140625,0.42724609375,0.29296875,-0.25634765625,1.06201171875,0.01220703125,0.2197265625,0.20751953125,0.244140625,0.20751953125,0.29296875,-0.18310546875,0.84228515625,0.048828125,0.048828125,-0.2197265625,1.3671875,-0.09765625,-0.927734375,0.28076171875,-0.29296875,0.0244140625,-0.98876953125,-0.03662109375,-0.78125,-0.1953125,-1.47705078125,0.0244140625,-0.244140625,-0.20751953125,-0.2685546875,0.1708984375,-1.2451171875,-0.42724609375,0.9033203125,-0.32958984375,3.466796875,0.01220703125,0.634765625,0.146484375,1.611328125,0.25634765625,-0.7080078125,0.03662109375,-1.40380859375,0.01220703125,-1.03759765625,0.0244140625,0.4638671875,-0.29296875,4.82177734375,0.06103515625,4.8095703125,-0.0732421875,3.38134765625,-0.59814453125,9.33837890625,0,-0.0244140625,-0.048828125,0.830078125,-0.0244140625,-0.390625,0.0732421875,-0.4638671875
1,-0.32958984375,-0.35400390625,-0.35400390625,-0.23193359375,0.3173828125,-0.439453125,-0.18310546875,0.08544921875,0.09765625,2.28271484375,0.048828125,1.15966796875,0.10986328125,2.8076171875,0.03662109375,9.3994140625,-0.2685546875,-0.341796875,-0.0244140625,-0.1220703125,-0.341796875,0.89111328125,-0.47607421875,-0.5126953125,0.13427734375,-0.10986328125,0.1708984375,-0.7080078125,0.1220703125,0.98876953125,0.341796875,0.25634765625,0.1220703125,-0.25634765625,-0.28076171875,-0.86669921875,0.13427734375,-0.42724609375,-0.10986328125,-0.74462890625,-0.10986328125,-0.23193359375,-0.1953125,-0.67138671875,-0.2197265625,-0.390625,-0.1220703125,0.67138671875,0.15869140625,1.18408203125,-0.29296875,0.52490234375,-0.23193359375,-0.10986328125,-0.0732421875,0.7568359375,-0.28076171875,0.7080078125,-0.42724609375,0.78125,0.37841796875,0.5126953125,-0.0244140625,0.1220703125,0.341796875,0.3173828125,-0.30517578125,1.0986328125,0.03662109375,0.2197265625,0.13427734375,0.25634765625,0.146484375,0.29296875,-0.23193359375,0.8544921875,0.09765625,0.048828125,-0.1953125,1.3671875,-0.048828125,-0.9033203125,0.25634765625,-0.29296875,-0.01220703125,-1.0009765625,-0.0244140625,-0.78125,-0.146484375,-1.47705078125,0.0244140625,-0.23193359375,-0.0244140625,-0.29296875,0.03662109375,-1.25732421875,-0.3662109375,0.81787109375,-0.28076171875,3.28369140625,0,0.5615234375,0.244140625,1.52587890625,0.06103515625,-0.69580078125,0.08544921875,-1.3916015625,0.0244140625,-1.0498046875,0.0732421875,0.47607421875,-0.28076171875,4.67529296875,0.048828125,4.60205078125,-0.09765625,3.21044921875,-0.634765625,8.87451171875,-0.03662109375,-0.0244140625,-0.06103515625,0.830078125,-0.048828125,-0.40283203125,0.06103515625,-0.48828125
1,-0.35400390625,-0.3662109375,-0.341796875,-0.23193359375,0.35400390625,-0.4150390625,-0.1953125,0.09765625,0.10986328125,2.1484375,0.03662109375,1.03759765625,0.10986328125,2.69775390625,0.01220703125,9.0087890625,-0.37841796875,-0.3173828125,0.08544921875,-0.09765625,-0.439453125,0.9521484375,-0.40283203125,-0.47607421875,0.13427734375,-0.1220703125,0.1708984375,-0.7080078125,0.03662109375,0.98876953125,0.341796875,0.23193359375,0.32958984375,-0.2685546875,-0.2685546875,-0.84228515625,0.1953125,-0.42724609375,-0.08544921875,-0.732421875,-0.0244140625,-0.23193359375,-0.18310546875,-0.6591796875,-0.06103515625,-0.35400390625,-0.10986328125,0.69580078125,0.08544921875,1.15966796875,-0.32958984375,0.52490234375,-0.28076171875,-0.09765625,-0.09765625,0.74462890625,-0.244140625,0.69580078125,-0.390625,0.84228515625,0.390625,0.50048828125,-0.0244140625,0.13427734375,0.2685546875,0.341796875,-0.37841796875,1.0986328125,0.03662109375,0.20751953125,0.08544921875,0.23193359375,0.13427734375,0.29296875,-0.25634765625,0.86669921875,0.1708984375,0.0244140625,-0.20751953125,1.40380859375,-0.0244140625,-0.91552734375,0.2197265625,-0.2685546875,-0.0244140625,-1.025390625,0.01220703125,-0.74462890625,-0.0732421875,-1.46484375,0.0244140625,-0.23193359375,0.13427734375,-0.30517578125,-0.048828125,-1.26953125,-0.32958984375,0.76904296875,-0.25634765625,3.1494140625,-0.0244140625,0.5126953125,0.32958984375,1.45263671875,-0.10986328125,-0.7080078125,0.10986328125,-1.3916015625,0.0244140625,-1.0498046875,0.1220703125,0.4638671875,-0.2685546875,4.5166015625,0.03662109375,4.40673828125,-0.08544921875,3.03955078125,-0.64697265625,8.36181640625,-0.03662109375,-0.0244140625,-0.08544921875,0.81787109375,-0.03662109375,-0.4150390625,0.06103515625,-0.48828125
1,-0.3662109375,-0.341796875,-0.37841796875,-0.2197265625,0.37841796875,-0.4150390625,-0.20751953125,0.0732421875,0.09765625,1.953125,0.048828125,0.89111328125,0.09765625,2.57568359375,0.01220703125,8.43505859375,-0.40283203125,-0.29296875,0.1708984375,-0.06103515625,-0.537109375,1.0009765625,-0.244140625,-0.45166015625,0.08544921875,-0.1220703125,0.1708984375,-0.732421875,-0.0244140625,0.9765625,0.28076171875,0.244140625,0.45166015625,-0.29296875,-0.1708984375,-0.8544921875,0.18310546875,-0.4638671875,-0.01220703125,-0.72021484375,0.048828125,-0.2197265625,-0.18310546875,-0.67138671875,0.048828125,-0.35400390625,-0.146484375,0.6591796875,0.06103515625,1.171875,-0.341796875,0.50048828125,-0.30517578125,-0.13427734375,-0.13427734375,0.7080078125,-0.146484375,0.68359375,-0.4150390625,0.8544921875,0.40283203125,0.47607421875,-0.03662109375,0.10986328125,0.146484375,0.3173828125,-0.390625,1.123046875,0.0244140625,0.2197265625,0,0.23193359375,0.06103515625,0.30517578125,-0.28076171875,0.87890625,0.244140625,0.0244140625,-0.1953125,1.37939453125,0.01220703125,-0.91552734375,0.1708984375,-0.244140625,-0.0732421875,-1.03759765625,0.03662109375,-0.732421875,0,-1.45263671875,0.048828125,-0.1953125,0.23193359375,-0.3173828125,-0.10986328125,-1.25732421875,-0.25634765625,0.7080078125,-0.1708984375,3.0029296875,-0.06103515625,0.47607421875,0.341796875,1.3916015625,-0.28076171875,-0.7080078125,0.0732421875,-1.37939453125,0,-1.025390625,0.15869140625,0.4638671875,-0.28076171875,4.35791015625,0.03662109375,4.19921875,-0.08544921875,2.84423828125,-0.5615234375,7.8369140625,-0.03662109375,-0.048828125,-0.09765625,0.79345703125,-0.08544921875,-0.439453125,0.0732421875,-0.48828125
1,-0.3662109375,-0.35400390625,-0.4638671875,-0.244140625,0.439453125,-0.4150390625,-0.20751953125,0.0732421875,0.09765625,1.74560546875,0.0244140625,0.7080078125,0.10986328125,2.392578125,0.01220703125,7.71484375,-0.4150390625,-0.28076171875,0.23193359375,-0.01220703125,-0.5615234375,1.025390625,-0.08544921875,-0.390625,0.0244140625,-0.13427734375,0.1220703125,-0.732421875,-0.06103515625,0.96435546875,0.146484375,0.23193359375,0.4638671875,-0.32958984375,0.0244140625,-0.830078125,0.146484375,-0.50048828125,0.0732421875,-0.732421875,0.09765625,-0.244140625,-0.2197265625,-0.6591796875,0.1220703125,-0.35400390625,-0.09765625,0.62255859375,-0.0244140625,1.15966796875,-0.341796875,0.50048828125,-0.3173828125,-0.15869140625,-0.146484375,0.72021484375,-0.048828125,0.6591796875,-0.37841796875,0.84228515625,0.4150390625,0.45166015625,-0.08544921875,0.09765625,0.0732421875,0.35400390625,-0.35400390625,1.13525390625,0.0244140625,0.20751953125,-0.0732421875,0.23193359375,-0.01220703125,0.341796875,-0.30517578125,0.86669921875,0.3173828125,0.03662109375,-0.2197265625,1.3916015625,0.0244140625,-0.91552734375,0.08544921875,-0.25634765625,-0.15869140625,-1.01318359375,0.0244140625,-0.72021484375,0.048828125,-1.45263671875,0.048828125,-0.20751953125,0.20751953125,-0.29296875,-0.13427734375,-1.2451171875,-0.244140625,0.62255859375,-0.0244140625,2.8564453125,-0.1220703125,0.42724609375,0.3173828125,1.318359375,-0.32958984375,-0.69580078125,-0.01220703125,-1.40380859375,-0.03662109375,-1.03759765625,0.146484375,0.45166015625,-0.25634765625,4.18701171875,0.06103515625,3.99169921875,-0.0732421875,2.63671875,-0.54931640625,7.3486328125,-0.06103515625,-0.06103515625,-0.1220703125,0.8056640625,-0.0732421875,-0.45166015625,0.0732421875,-0.47607421875
1,-0.35400390625,-0.3662109375,-0.50048828125,-0.25634765625,0.42724609375,-0.390625,-0.25634765625,0.048828125,0.09765625,1.5380859375,0.06103515625,0.48828125,0.10986328125,2.18505859375,0.03662109375,6.82373046875,-0.3662109375,-0.29296875,0.28076171875,0.0732421875,-0.40283203125,1.0498046875,0.1220703125,-0.35400390625,-0.01220703125,-0.15869140625,0.06103515625,-0.7568359375,-0.0244140625,0.9521484375,0,0.23193359375,0.341796875,-0.35400390625,0.1953125,-0.830078125,0.048828125,-0.52490234375,0.146484375,-0.732421875,0.10986328125,-0.244140625,-0.2197265625,-0.67138671875,0.15869140625,-0.341796875,-0.01220703125,0.5859375,-0.09765625,1.171875,-0.29296875,0.48828125,-0.29296875,-0.18310546875,-0.18310546875,0.72021484375,0.0244140625,0.64697265625,-0.35400390625,0.8544921875,0.4150390625,0.45166015625,-0.13427734375,0.1220703125,-0.0732421875,0.32958984375,-0.341796875,1.123046875,0.0244140625,0.1953125,-0.10986328125,0.20751953125,-0.0732421875,0.29296875,-0.30517578125,0.86669921875,0.32958984375,0.03662109375,-0.23193359375,1.3916015625,0.01220703125,-0.91552734375,0.01220703125,-0.29296875,-0.18310546875,-1.025390625,0.01220703125,-0.72021484375,0.08544921875,-1.46484375,0.03662109375,-0.20751953125,0.1220703125,-0.28076171875,-0.09765625,-1.23291015625,-0.1953125,0.48828125,0.08544921875,2.587890625,-0.13427734375,0.341796875,0.29296875,1.220703125,-0.28076171875,-0.7080078125,-0.1220703125,-1.416015625,-0.08544921875,-1.025390625,0.13427734375,0.45166015625,-0.23193359375,4.01611328125,0.06103515625,3.79638671875,-0.08544921875,2.45361328125,-0.59814453125,6.94580078125,-0.06103515625,-0.048828125,-0.1220703125,0.8056640625,-0.10986328125,-0.4638671875,0.1220703125,-0.48828125
1,-0.3662109375,-0.3662109375,-0.5615234375,-0.2685546875,0.4638671875,-0.37841796875,-0.25634765625,0.0244140625,0.08544921875,1.2939453125,0.0732421875,0.2197265625,0.10986328125,1.96533203125,0.03662109375,5.82275390625,-0.20751953125,-0.25634765625,0.25634765625,0.15869140625,-0.146484375,1.06201171875,0.2685546875,-0.3173828125,-0.06103515625,-0.15869140625,-0.01220703125,-0.7568359375,-0.03662109375,0.9765625,-0.18310546875,0.25634765625,0.18310546875,-0.3662109375,0.35400390625,-0.84228515625,-0.03662109375,-0.52490234375,0.20751953125,-0.7080078125,0.146484375,-0.2197265625,-0.23193359375,-0.67138671875,0.146484375,-0.35400390625,0.06103515625,0.52490234375,-0.1220703125,1.171875,-0.25634765625,0.50048828125,-0.25634765625,-0.18310546875,-0.23193359375,0.732421875,0.03662109375,0.64697265625,-0.28076171875,0.8544921875,0.390625,0.439453125,-0.18310546875,0.1220703125,-0.2197265625,0.3173828125,-0.30517578125,1.123046875,0.01220703125,0.23193359375,-0.13427734375,0.244140625,-0.09765625,0.30517578125,-0.28076171875,0.8544921875,0.29296875,0.01220703125,-0.23193359375,1.40380859375,-0.0244140625,-0.927734375,-0.0732421875,-0.30517578125,-0.1708984375,-1.01318359375,-0.0244140625,-0.72021484375,0.1220703125,-1.4892578125,0.01220703125,-0.1953125,-0.0244140625,-0.28076171875,-0.048828125,-1.20849609375,-0.1953125,0.32958984375,0.13427734375,2.2216796875,-0.15869140625,0.244140625,0.2197265625,1.08642578125,-0.146484375,-0.7080078125,-0.25634765625,-1.416015625,-0.10986328125,-1.01318359375,0.048828125,0.47607421875,-0.2197265625,3.82080078125,0.06103515625,3.61328125,-0.08544921875,2.28271484375,-0.62255859375,6.591796875,-0.06103515625,-0.03662109375,-0.1220703125,0.79345703125,-0.10986328125,-0.4638671875,0.13427734375,-0.48828125
1,-0.40283203125,-0.37841796875,-0.62255859375,-0.2685546875,0.45166015625,-0.37841796875,-0.2197265625,0.0244140625,0.10986328125,1.03759765625,0.08544921875,-0.0244140625,0.048828125,1.72119140625,0.0732421875,4.77294921875,-0.09765625,-0.1953125,0.18310546875,0.25634765625,0.0244140625,1.06201171875,0.25634765625,-0.25634765625,-0.13427734375,-0.15869140625,-0.08544921875,-0.76904296875,-0.0244140625,1.0009765625,-0.2685546875,0.23193359375,-0.01220703125,-0.35400390625,0.4150390625,-0.84228515625,-0.10986328125,-0.537109375,0.244140625,-0.732421875,0.13427734375,-0.20751953125,-0.23193359375,-0.6591796875,0.10986328125,-0.3662109375,0.06103515625,0.47607421875,-0.10986328125,1.18408203125,-0.1953125,0.48828125,-0.2197265625,-0.1953125,-0.23193359375,0.732421875,0.06103515625,0.6591796875,-0.35400390625,0.830078125,0.40283203125,0.439453125,-0.146484375,0.146484375,-0.2685546875,0.2685546875,-0.28076171875,1.08642578125,-0.01220703125,0.2197265625,-0.15869140625,0.23193359375,-0.146484375,0.28076171875,-0.25634765625,0.84228515625,0.28076171875,0.01220703125,-0.1953125,1.416015625,-0.048828125,-0.91552734375,-0.1220703125,-0.30517578125,-0.1220703125,-0.98876953125,-0.06103515625,-0.732421875,0.1220703125,-1.4892578125,0.01220703125,-0.20751953125,-0.146484375,-0.29296875,-0.01220703125,-1.15966796875,-0.10986328125,0.13427734375,0.18310546875,1.7578125,-0.146484375,0.09765625,0.146484375,0.927734375,0.048828125,-0.72021484375,-0.40283203125,-1.416015625,-0.10986328125,-1.01318359375,-0.03662109375,0.4638671875,-0.1953125,3.6376953125,0.08544921875,3.43017578125,-0.08544921875,2.16064453125,-0.64697265625,6.31103515625,-0.09765625,-0.03662109375,-0.13427734375,0.78125,-0.0732421875,-0.48828125,0.10986328125,-0.47607421875
0,-0.40283203125,-0.37841796875,-0.59814453125,-0.2685546875,0.45166015625,-0.35400390625,-0.2197265625,0.0244140625,0.1220703125,0.79345703125,0.0732421875,-0.30517578125,0.048828125,1.4892578125,0.06103515625,3.7109375,0.0244140625,-0.146484375,0.1953125,0.32958984375,0.244140625,1.06201171875,0.2197265625,-0.2197265625,-0.15869140625,-0.146484375,-0.1220703125,-0.76904296875,-0.06103515625,0.96435546875,-0.3173828125,0.25634765625,-0.146484375,-0.37841796875,0.439453125,-0.84228515625,-0.1953125,-0.52490234375,0.244140625,-0.732421875,0.09765625,-0.1708984375,-0.23193359375,-0.6591796875,0.06103515625,-0.390625,0.08544921875,0.439453125,0,1.220703125,-0.15869140625,0.50048828125,-0.20751953125,-0.1953125,-0.2197265625,0.74462890625,0.0244140625,0.6591796875,-0.40283203125,0.84228515625,0.3662109375,0.45166015625,-0.048828125,0.15869140625,-0.30517578125,0.23193359375,-0.25634765625,1.07421875,-0.048828125,0.2197265625,-0.13427734375,0.25634765625,-0.20751953125,0.2685546875,-0.20751953125,0.84228515625,0.244140625,0,-0.146484375,1.37939453125,-0.09765625,-0.93994140625,-0.1220703125,-0.3173828125,-0.048828125,-0.9765625,-0.10986328125,-0.732421875,0.09765625,-1.47705078125,-0.03662109375,-0.2197265625,-0.28076171875,-0.29296875,-0.01220703125,-1.15966796875,-0.03662109375,-0.0732421875,0.146484375,1.220703125,-0.15869140625,-0.0732421875,0.0732421875,0.72021484375,0.23193359375,-0.72021484375,-0.439453125,-1.42822265625,-0.10986328125,-1.01318359375,-0.08544921875,0.4638671875,-0.2197265625,3.4423828125,0.1220703125,3.2958984375,-0.08544921875,2.0751953125,-0.64697265625,6.0791015625,-0.09765625,-0.06103515625,-0.1220703125,0.81787109375,-0.06103515625,-0.4638671875,0.048828125,-0.47607421875
0,-0.439453125,-0.390625,-0.634765625,-0.25634765625,0.47607421875,-0.37841796875,-0.1953125,0.03662109375,0.1708984375,0.52490234375,0.06103515625,-0.5615234375,0.0244140625,1.23291015625,0.048828125,2.6611328125,0.10986328125,-0.0732421875,0.15869140625,0.40283203125,0.4150390625,1.06201171875,0.06103515625,-0.15869140625,-0.1953125,-0.15869140625,-0.1708984375,-0.78125,-0.08544921875,0.9521484375,-0.2685546875,0.2685546875,-0.18310546875,-0.37841796875,0.3662109375,-0.89111328125,-0.244140625,-0.5126953125,0.20751953125,-0.732421875,-0.01220703125,-0.1953125,-0.23193359375,-0.64697265625,0.01220703125,-0.42724609375,0,0.4150390625,0.0732421875,1.20849609375,-0.10986328125,0.5126953125,-0.1220703125,-0.18310546875,-0.1953125,0.78125,-0.03662109375,0.6591796875,-0.47607421875,0.84228515625,0.32958984375,0.45166015625,0.06103515625,0.1953125,-0.28076171875,0.20751953125,-0.18310546875,1.0498046875,-0.08544921875,0.23193359375,-0.10986328125,0.244140625,-0.244140625,0.28076171875,-0.13427734375,0.81787109375,0.18310546875,0.01220703125,-0.06103515625,1.37939453125,-0.1220703125,-0.96435546875,-0.1220703125,-0.32958984375,0,-0.98876953125,-0.1220703125,-0.7568359375,0.09765625,-1.513671875,-0.0732421875,-0.23193359375,-0.3173828125,-0.30517578125,-0.08544921875,-1.13525390625,0.01220703125,-0.29296875,0.1220703125,0.67138671875,-0.15869140625,-0.25634765625,-0.08544921875,0.52490234375,0.3173828125,-0.7080078125,-0.390625,-1.42822265625,-0.146484375,-1.01318359375,-0.1220703125,0.47607421875,-0.18310546875,3.25927734375,0.10986328125,3.1494140625,-0.0732421875,2.001953125,-0.634765625,5.8349609375,-0.1220703125,-0.03662109375,-0.10986328125,0.78125,0.01220703125,-0.47607421875,0.03662109375,-0.48828125
0,-0.48828125,-0.37841796875,-0.67138671875,-0.23193359375,0.50048828125,-0.390625,-0.23193359375,0.03662109375,0.13427734375,0.25634765625,0.048828125,-0.79345703125,0,1.0009765625,0.0732421875,1.708984375,0.13427734375,-0.0244140625,0.13427734375,0.439453125,0.52490234375,1.06201171875,-0.06103515625,-0.13427734375,-0.2197265625,-0.146484375,-0.20751953125,-0.7568359375,-0.09765625,0.96435546875,-0.1708984375,0.25634765625,-0.10986328125,-0.3662109375,0.20751953125,-0.86669921875,-0.28076171875,-0.50048828125,0.13427734375,-0.74462890625,-0.1708984375,-0.1953125,-0.2197265625,-0.62255859375,-0.10986328125,-0.4638671875,0,0.42724609375,0.146484375,1.220703125,-0.1220703125,0.52490234375,-0.03662109375,-0.146484375,-0.10986328125,0.79345703125,-0.048828125,0.6591796875,-0.57373046875,0.87890625,0.30517578125,0.48828125,0.146484375,0.1953125,-0.341796875,0.2197265625,-0.09765625,1.03759765625,-0.08544921875,0.23193359375,-0.09765625,0.244140625,-0.2685546875,0.28076171875,-0.08544921875,0.8544921875,0.13427734375,0.01220703125,0,1.37939453125,-0.13427734375,-0.96435546875,-0.06103515625,-0.3173828125,0.048828125,-0.96435546875,-0.146484375,-0.7568359375,0.0732421875,-1.513671875,-0.13427734375,-0.2197265625,-0.341796875,-0.3173828125,-0.146484375,-1.11083984375,0.03662109375,-0.48828125,0.10986328125,0.15869140625,-0.146484375,-0.40283203125,-0.146484375,0.341796875,0.35400390625,-0.72021484375,-0.244140625,-1.42822265625,-0.146484375,-1.01318359375,-0.15869140625,0.4638671875,-0.20751953125,3.0517578125,0.1220703125,2.99072265625,-0.08544921875,1.9287109375,-0.537109375,5.50537109375,-0.13427734375,-0.048828125,-0.0732421875,0.79345703125,0.0244140625,-0.47607421875,0.01220703125,-0.47607421875
0,-0.54931640625,-0.37841796875,-0.64697265625,-0.1953125,0.52490234375,-0.390625,-0.25634765625,0.048828125,0.1220703125,0.01220703125,0,-0.98876953125,-0.03662109375,0.81787109375,0.0244140625,0.86669921875,0.13427734375,0,0.09765625,0.42724609375,0.537109375,1.07421875,-0.13427734375,-0.146484375,-0.23193359375,-0.146484375,-0.23193359375,-0.74462890625,-0.13427734375,0.9521484375,0.01220703125,0.25634765625,-0.01220703125,-0.32958984375,0.06103515625,-0.86669921875,-0.3173828125,-0.47607421875,0.048828125,-0.72021484375,-0.29296875,-0.1953125,-0.20751953125,-0.62255859375,-0.1953125,-0.439453125,-0.09765625,0.42724609375,0.1953125,1.220703125,-0.1220703125,0.5126953125,0,-0.13427734375,0,0.79345703125,-0.1220703125,0.64697265625,-0.732421875,0.9033203125,0.23193359375,0.52490234375,0.1708984375,0.18310546875,-0.341796875,0.18310546875,-0.0244140625,1.025390625,-0.09765625,0.2197265625,-0.048828125,0.25634765625,-0.29296875,0.2685546875,-0.03662109375,0.86669921875,0.08544921875,0.01220703125,0.08544921875,1.37939453125,-0.146484375,-0.96435546875,0.0244140625,-0.3173828125,0.09765625,-0.9765625,-0.15869140625,-0.732421875,0.048828125,-1.50146484375,-0.18310546875,-0.20751953125,-0.30517578125,-0.30517578125,-0.20751953125,-1.0986328125,0.01220703125,-0.62255859375,0.09765625,-0.18310546875,-0.146484375,-0.52490234375,-0.20751953125,0.244140625,0.30517578125,-0.72021484375,-0.03662109375,-1.416015625,-0.146484375,-1.025390625,-0.15869140625,0.4638671875,-0.20751953125,2.84423828125,0.09765625,2.783203125,-0.0732421875,1.81884765625,-0.5615234375,5.0537109375,-0.146484375,-0.048828125,-0.03662109375,0.8056640625,0,-0.439453125,0.0244140625,-0.48828125
0,-0.59814453125,-0.37841796875,-0.68359375,-0.1708984375,0.537109375,-0.4150390625,-0.30517578125,0.0732421875,0.1708984375,-0.1953125,0.01220703125,-1.15966796875,-0.048828125,0.6591796875,0.03662109375,0.15869140625,0.08544921875,-0.01220703125,0.048828125,0.4150390625,0.4638671875,1.11083984375,-0.18310546875,-0.1708984375,-0.25634765625,-0.15869140625,-0.20751953125,-0.732421875,-0.09765625,0.93994140625,0.15869140625,0.244140625,0.08544921875,-0.29296875,-0.0732421875,-0.8544921875,-0.3173828125,-0.4638671875,-0.03662109375,-0.69580078125,-0.40283203125,-0.20751953125,-0.244140625,-0.6103515625,-0.28076171875,-0.42724609375,-0.1953125,0.48828125,0.20751953125,1.2451171875,-0.15869140625,0.48828125,0.13427734375,-0.13427734375,0.0244140625,0.78125,-0.09765625,0.6591796875,-0.86669921875,0.87890625,0.25634765625,0.52490234375,0.18310546875,0.1708984375,-0.341796875,0.1708984375,0.08544921875,1.025390625,-0.10986328125,0.20751953125,-0.0244140625,0.25634765625,-0.29296875,0.29296875,0,0.89111328125,0.048828125,0.01220703125,0.15869140625,1.3671875,-0.146484375,-0.9033203125,0.08544921875,-0.3173828125,0.09765625,-0.98876953125,-0.1220703125,-0.72021484375,0.03662109375,-1.50146484375,-0.23193359375,-0.20751953125,-0.15869140625,-0.28076171875,-0.2685546875,-1.123046875,-0.06103515625,-0.64697265625,0.048828125,-0.3173828125,-0.13427734375,-0.59814453125,-0.23193359375,0.18310546875,0.1953125,-0.7080078125,0.1220703125,-1.40380859375,-0.146484375,-1.03759765625,-0.15869140625,0.439453125,-0.1953125,2.62451171875,0.0732421875,2.5634765625,-0.08544921875,1.64794921875,-0.5126953125,4.4189453125,-0.1953125,-0.06103515625,0,0.830078125,-0.01220703125,-0.45166015625,0.01220703125,-0.48828125
0,-0.634765625,-0.35400390625,-0.69580078125,-0.146484375,0.537109375,-0.4150390625,-0.341796875,0.0732421875,0.15869140625,-0.35400390625,0.0244140625,-1.26953125,-0.06103515625,0.537109375,0.0244140625,-0.3662109375,0.03662109375,-0.0244140625,0.03662109375,0.35400390625,0.390625,1.15966796875,-0.15869140625,-0.1953125,-0.244140625,-0.15869140625,-0.15869140625,-0.732421875,-0.08544921875,0.93994140625,0.25634765625,0.25634765625,0.10986328125,-0.23193359375,-0.18310546875,-0.8544921875,-0.32958984375,-0.42724609375,-0.08544921875,-0.7080078125,-0.45166015625,-0.2197265625,-0.29296875,-0.6591796875,-0.35400390625,-0.4150390625,-0.25634765625,0.48828125,0.28076171875,1.220703125,-0.20751953125,0.48828125,0.15869140625,-0.1220703125,0.048828125,0.76904296875,-0.048828125,0.67138671875,-0.87890625,0.86669921875,0.2197265625,0.54931640625,0.18310546875,0.15869140625,-0.29296875,0.18310546875,0.146484375,1.0498046875,-0.08544921875,0.1953125,-0.03662109375,0.244140625,-0.29296875,0.29296875,0,0.9033203125,0.0732421875,0.03662109375,0.1953125,1.3671875,-0.1220703125,-0.86669921875,0.13427734375,-0.28076171875,0.048828125,-0.96435546875,-0.0732421875,-0.72021484375,0,-1.4892578125,-0.244140625,-0.20751953125,-0.048828125,-0.23193359375,-0.244140625,-1.1474609375,-0.13427734375,-0.54931640625,0.08544921875,-0.18310546875,-0.10986328125,-0.5615234375,-0.1708984375,0.23193359375,0.10986328125,-0.72021484375,0.20751953125,-1.40380859375,-0.1220703125,-1.025390625,-0.15869140625,0.45166015625,-0.1953125,2.34375,0.0244140625,2.25830078125,-0.09765625,1.42822265625,-0.4638671875,3.6376953125,-0.18310546875,-0.048828125,0.0244140625,0.84228515625,-0.048828125,-0.45166015625,0.06103515625,-0.45166015625
0,-0.67138671875,-0.341796875,-0.74462890625,-0.146484375,0.5859375,-0.40283203125,-0.32958984375,0.06103515625,0.18310546875,-0.4638671875,0.01220703125,-1.318359375,-0.08544921875,0.47607421875,0.01220703125,-0.72021484375,-0.10986328125,-0.03662109375,0.03662109375,0.28076171875,0.2197265625,1.25732421875,-0.1708984375,-0.20751953125,-0.2197265625,-0.13427734375,-0.08544921875,-0.732421875,-0.0244140625,0.96435546875,0.29296875,0.25634765625,0.048828125,-0.2685546875,-0.1708984375,-0.84228515625,-0.3173828125,-0.42724609375,-0.146484375,-0.72021484375,-0.439453125,-0.2197265625,-0.3173828125,-0.64697265625,-0.3662109375,-0.45166015625,-0.32958984375,0.52490234375,0.30517578125,1.2451171875,-0.29296875,0.4638671875,0.15869140625,-0.1220703125,0.0244140625,0.74462890625,-0.048828125,0.6591796875,-0.81787109375,0.81787109375,0.23193359375,0.54931640625,0.1220703125,0.15869140625,-0.2197265625,0.18310546875,0.20751953125,1.06201171875,-0.0732421875,0.1953125,-0.0732421875,0.23193359375,-0.2197265625,0.29296875,0.0732421875,0.927734375,0.048828125,0.03662109375,0.20751953125,1.37939453125,-0.08544921875,-0.86669921875,0.1708984375,-0.28076171875,-0.03662109375,-0.9765625,0,-0.7080078125,0.03662109375,-1.47705078125,-0.23193359375,-0.20751953125,0.03662109375,-0.244140625,-0.1953125,-1.1962890625,-0.2685546875,-0.341796875,0.08544921875,0.2685546875,-0.10986328125,-0.45166015625,-0.09765625,0.42724609375,0.0732421875,-0.7080078125,0.23193359375,-1.40380859375,-0.10986328125,-1.025390625,-0.10986328125,0.42724609375,-0.1953125,2.03857421875,0,1.91650390625,-0.08544921875,1.171875,-0.40283203125,2.74658203125,-0.1953125,-0.048828125,0.03662109375,0.8544921875,-0.0732421875,-0.439453125,0.06103515625,-0.4638671875
0,-0.69580078125,-0.32958984375,-0.76904296875,-0.1220703125,0.5859375,-0.390625,-0.32958984375,0.0732421875,0.18310546875,-0.537109375,0.048828125,-1.33056640625,-0.09765625,0.45166015625,0.0244140625,-0.91552734375,-0.1953125,0.01220703125,0.06103515625,0.3173828125,0.06103515625,1.46484375,-0.146484375,-0.146484375,-0.15869140625,-0.13427734375,-0.03662109375,-0.74462890625,0.048828125,0.98876953125,0.25634765625,0.25634765625,-0.1220703125,-0.30517578125,-0.1708984375,-0.830078125,-0.30517578125,-0.439453125,-0.18310546875,-0.72021484375,-0.35400390625,-0.1953125,-0.341796875,-0.64697265625,-0.32958984375,-0.48828125,-0.18310546875,0.52490234375,0.25634765625,1.23291015625,-0.35400390625,0.45166015625,0.1953125,-0.13427734375,-0.06103515625,0.76904296875,-0.0244140625,0.6591796875,-0.78125,0.7568359375,0.2197265625,0.537109375,0.08544921875,0.13427734375,-0.15869140625,0.20751953125,0.25634765625,1.0986328125,-0.0244140625,0.20751953125,-0.09765625,0.1953125,-0.1708984375,0.3173828125,0.0732421875,0.91552734375,0.048828125,0.06103515625,0.1953125,1.37939453125,-0.0244140625,-0.86669921875,0.146484375,-0.29296875,-0.09765625,-0.96435546875,0.06103515625,-0.7080078125,0.048828125,-1.47705078125,-0.1953125,-0.2197265625,0.08544921875,-0.244140625,-0.1220703125,-1.2451171875,-0.30517578125,-0.03662109375,0.0244140625,0.98876953125,-0.10986328125,-0.1953125,-0.01220703125,0.72021484375,0.09765625,-0.7080078125,0.1708984375,-1.40380859375,-0.09765625,-1.01318359375,-0.048828125,0.42724609375,-0.1708984375,1.708984375,-0.0244140625,1.55029296875,-0.08544921875,0.89111328125,-0.35400390625,1.84326171875,-0.1708984375,-0.03662109375,0.06103515625,0.84228515625,-0.09765625,-0.439453125,0.09765625,-0.439453125
0,-0.69580078125,-0.341796875,-0.78125,-0.10986328125,0.59814453125,-0.390625,-0.341796875,0.0732421875,0.1953125,-0.54931640625,0.01220703125,-1.33056640625,-0.08544921875,0.45166015625,0.01220703125,-0.98876953125,-0.23193359375,0.13427734375,0.0732421875,0.390625,-0.09765625,1.7333984375,-0.1708984375,-0.048828125,-0.13427734375,-0.1220703125,0.01220703125,-0.7568359375,0.13427734375,0.96435546875,0.1953125,0.25634765625,-0.244140625,-0.32958984375,-0.048828125,-0.8056640625,-0.29296875,-0.45166015625,-0.146484375,-0.69580078125,-0.23193359375,-0.2197265625,-0.390625,-0.62255859375,-0.32958984375,-0.47607421875,-0.1953125,0.57373046875,0.2197265625,1.2451171875,-0.40283203125,0.4638671875,0.10986328125,-0.15869140625,-0.06103515625,0.74462890625,-0.03662109375,0.6591796875,-0.7080078125,0.67138671875,0.18310546875,0.537109375,0.01220703125,0.1220703125,-0.09765625,0.2197265625,0.29296875,1.11083984375,-0.0244140625,0.23193359375,-0.10986328125,0.18310546875,-0.09765625,0.341796875,0.09765625,0.9033203125,0.06103515625,0.0732421875,0.1708984375,1.40380859375,0.01220703125,-0.8544921875,0.15869140625,-0.30517578125,-0.15869140625,-0.93994140625,0.0732421875,-0.69580078125,0.06103515625,-1.46484375,-0.13427734375,-0.244140625,0.09765625,-0.25634765625,-0.0244140625,-1.28173828125,-0.341796875,0.35400390625,0,1.9287109375,-0.1220703125,0.146484375,0.03662109375,1.0986328125,0.1708984375,-0.7080078125,0.0732421875,-1.40380859375,-0.08544921875,-1.025390625,0.01220703125,0.42724609375,-0.15869140625,1.3916015625,-0.048828125,1.20849609375,-0.08544921875,0.59814453125,-0.3662109375,1.03759765625,-0.15869140625,-0.03662109375,0.048828125,0.81787109375,-0.146484375,-0.42724609375,0.13427734375,-0.45166015625
0,-0.7568359375,-0.3662109375,-0.8056640625,-0.09765625,0.62255859375,-0.37841796875,-0.32958984375,0.0732421875,0.18310546875,-0.537109375,0.0244140625,-1.28173828125,-0.0732421875,0.47607421875,0.01220703125,-0.9521484375,-0.25634765625,0.37841796875,0.01220703125,0.6103515625,-0.29296875,2.1484375,-0.28076171875,0.1708984375,-0.10986328125,-0.1220703125,0.0732421875,-0.7568359375,0.23193359375,0.96435546875,0.1220703125,0.25634765625,-0.390625,-0.3662109375,0.08544921875,-0.79345703125,-0.28076171875,-0.45166015625,-0.10986328125,-0.7080078125,-0.10986328125,-0.1953125,-0.3662109375,-0.634765625,-0.30517578125,-0.48828125,-0.32958984375,0.5615234375,0.08544921875,1.23291015625,-0.42724609375,0.4638671875,0.0732421875,-0.15869140625,-0.09765625,0.732421875,-0.01220703125,0.62255859375,-0.7080078125,0.59814453125,0.13427734375,0.5126953125,-0.01220703125,0.10986328125,0.0244140625,0.2197265625,0.28076171875,1.11083984375,0.0244140625,0.244140625,-0.10986328125,0.18310546875,-0.0244140625,0.35400390625,0.1708984375,0.87890625,0.0244140625,0.08544921875,0.15869140625,1.3916015625,0.0732421875,-0.89111328125,0.13427734375,-0.29296875,-0.1953125,-0.927734375,0.09765625,-0.72021484375,0.0732421875,-1.45263671875,-0.0732421875,-0.25634765625,0.048828125,-0.25634765625,0.09765625,-1.318359375,-0.35400390625,0.81787109375,-0.048828125,3.0029296875,-0.08544921875,0.52490234375,0.1220703125,1.55029296875,0.23193359375,-0.72021484375,-0.06103515625,-1.416015625,-0.0732421875,-1.025390625,0.08544921875,0.42724609375,-0.1708984375,1.123046875,-0.0732421875,0.927734375,-0.08544921875,0.3662109375,-0.3662109375,0.40283203125,-0.1220703125,-0.048828125,0.0732421875,0.81787109375,-0.13427734375,-0.45166015625,0.146484375,-0.45166015625
0,-0.79345703125,-0.37841796875,-0.830078125,-0.08544921875,0.59814453125,-0.37841796875,-0.28076171875,0.048828125,0.18310546875,-0.50048828125,0.03662109375,-1.220703125,-0.0732421875,0.52490234375,0.06103515625,-0.8544921875,-0.25634765625,0.7568359375,0.01220703125,0.96435546875,-0.29296875,2.6611328125,-0.341796875,0.48828125,-0.06103515625,-0.1220703125,0.09765625,-0.7568359375,0.2685546875,0.98876953125,0.0244140625,0.2685546875,-0.439453125,-0.35400390625,0.23193359375,-0.79345703125,-0.244140625,-0.45166015625,-0.0732421875,-0.72021484375,-0.01220703125,-0.18310546875,-0.3173828125,-0.62255859375,-0.244140625,-0.48828125,-0.23193359375,0.57373046875,-0.06103515625,1.1962890625,-0.42724609375,0.47607421875,0.01220703125,-0.146484375,-0.09765625,0.74462890625,0.0732421875,0.64697265625,-0.5615234375,0.5126953125,0.0732421875,0.48828125,-0.048828125,0.1220703125,0.15869140625,0.23193359375,0.28076171875,1.11083984375,0.01220703125,0.29296875,-0.0732421875,0.18310546875,-0.01220703125,0.3662109375,0.1708984375,0.84228515625,0.01220703125,0.09765625,0.13427734375,1.3916015625,0.0732421875,-0.927734375,0.1220703125,-0.29296875,-0.1953125,-0.927734375,0.01220703125,-0.7568359375,0.03662109375,-1.45263671875,-0.0244140625,-0.29296875,0.01220703125,-0.28076171875,0.1953125,-1.33056640625,-0.30517578125,1.2939453125,-0.146484375,4.11376953125,-0.1220703125,0.93994140625,0.1708984375,1.9775390625,0.25634765625,-0.7080078125,-0.1953125,-1.45263671875,-0.0732421875,-1.01318359375,0.10986328125,0.4150390625,-0.13427734375,0.9765625,-0.048828125,0.732421875,-0.06103515625,0.2197265625,-0.3173828125,0.13427734375,-0.09765625,-0.048828125,0.048828125,0.79345703125,-0.146484375,-0.439453125,0.1708984375,-0.4638671875
0,-0.81787109375,-0.37841796875,-0.86669921875,-0.0732421875,0.6103515625,-0.3662109375,-0.29296875,0.048828125,0.20751953125,-0.439453125,0,-1.171875,-0.09765625,0.57373046875,0.13427734375,-0.72021484375,-0.20751953125,1.2451171875,0.01220703125,1.42822265625,-0.23193359375,3.3203125,-0.32958984375,0.87890625,-0.03662109375,-0.146484375,0.10986328125,-0.7568359375,0.2685546875,0.9765625,-0.048828125,0.25634765625,-0.3662109375,-0.3662109375,0.28076171875,-0.79345703125,-0.2197265625,-0.4638671875,-0.01220703125,-0.69580078125,0.048828125,-0.1953125,-0.244140625,-0.634765625,-0.1953125,-0.48828125,-0.20751953125,0.57373046875,-0.1220703125,1.18408203125,-0.40283203125,0.50048828125,-0.10986328125,-0.1708984375,-0.048828125,0.74462890625,0.15869140625,0.6591796875,-0.54931640625,0.47607421875,-0.0244140625,0.50048828125,-0.08544921875,0.146484375,0.29296875,0.2197265625,0.244140625,1.0986328125,0.01220703125,0.29296875,-0.03662109375,0.20751953125,0.048828125,0.35400390625,0.1953125,0.830078125,-0.0244140625,0.09765625,0.1220703125,1.37939453125,0.048828125,-0.96435546875,0.0732421875,-0.30517578125,-0.15869140625,-0.91552734375,-0.1220703125,-0.74462890625,0.0244140625,-1.4404296875,0.0244140625,-0.28076171875,-0.048828125,-0.3173828125,0.2685546875,-1.30615234375,-0.244140625,1.72119140625,-0.20751953125,5.13916015625,-0.13427734375,1.33056640625,0.244140625,2.4169921875,0.1953125,-0.74462890625,-0.25634765625,-1.45263671875,-0.10986328125,-1.0009765625,0.146484375,0.42724609375,-0.1220703125,0.98876953125,-0.048828125,0.69580078125,-0.0732421875,0.244140625,-0.439453125,0.244140625,-0.09765625,-0.048828125,0.048828125,0.78125,-0.09765625,-0.439453125,0.1708984375,-0.45166015625
0,-0.8544921875,-0.3662109375,-0.84228515625,-0.06103515625,0.62255859375,-0.390625,-0.28076171875,0.03662109375,0.2197265625,-0.35400390625,0.01220703125,-1.123046875,-0.09765625,0.634765625,0.1220703125,-0.57373046875,-0.146484375,1.86767578125,0,1.98974609375,-0.2197265625,4.052734375,-0.35400390625,1.3671875,0,-0.10986328125,0.10986328125,-0.76904296875,0.23193359375,0.96435546875,-0.1220703125,0.244140625,-0.2685546875,-0.35400390625,0.32958984375,-0.79345703125,-0.146484375,-0.439453125,0.0244140625,-0.69580078125,0.09765625,-0.1953125,-0.15869140625,-0.64697265625,-0.1220703125,-0.45166015625,-0.06103515625,0.5859375,-0.1708984375,1.15966796875,-0.32958984375,0.537109375,-0.2197265625,-0.1708984375,-0.03662109375,0.7568359375,0.09765625,0.67138671875,-0.439453125,0.45166015625,-0.13427734375,0.50048828125,-0.10986328125,0.15869140625,0.3662109375,0.2197265625,0.23193359375,1.0986328125,0,0.32958984375,0.048828125,0.23193359375,0.0732421875,0.32958984375,0.146484375,0.830078125,-0.03662109375,0.09765625,0.1220703125,1.3916015625,0.03662109375,-0.98876953125,0.0244140625,-0.32958984375,-0.1708984375,-0.927734375,-0.25634765625,-0.76904296875,0.03662109375,-1.45263671875,0.0732421875,-0.2685546875,-0.10986328125,-0.32958984375,0.29296875,-1.28173828125,-0.146484375,2.08740234375,-0.35400390625,5.99365234375,-0.1708984375,1.6357421875,0.30517578125,2.77099609375,0.0732421875,-0.732421875,-0.2685546875,-1.4404296875,-0.1220703125,-1.01318359375,0.1708984375,0.42724609375,-0.1220703125,1.18408203125,-0.03662109375,0.8544921875,-0.09765625,0.3662109375,-0.35400390625,0.81787109375,-0.146484375,-0.06103515625,0.09765625,0.8056640625,-0.048828125,-0.45166015625,0.15869140625,-0.439453125
0,-0.86669921875,-0.3662109375,-0.86669921875,-0.0732421875,0.64697265625,-0.4150390625,-0.25634765625,0.01220703125,0.23193359375,-0.29296875,0.03662109375,-1.08642578125,-0.08544921875,0.69580078125,0.09765625,-0.439453125,-0.09765625,2.5390625,0.03662109375,2.63671875,-0.01220703125,4.78515625,-0.341796875,1.86767578125,0.0244140625,-0.146484375,0.10986328125,-0.78125,0.146484375,0.96435546875,-0.146484375,0.23193359375,-0.146484375,-0.30517578125,0.32958984375,-0.81787109375,-0.06103515625,-0.45166015625,0.06103515625,-0.69580078125,0.10986328125,-0.18310546875,-0.09765625,-0.6591796875,-0.08544921875,-0.40283203125,-0.048828125,0.62255859375,-0.20751953125,1.1474609375,-0.1953125,0.5615234375,-0.35400390625,-0.146484375,-0.0244140625,0.76904296875,0.1953125,0.67138671875,-0.439453125,0.47607421875,-0.18310546875,0.48828125,-0.15869140625,0.18310546875,0.42724609375,0.25634765625,0.244140625,1.07421875,0.01220703125,0.30517578125,0.10986328125,0.244140625,0.10986328125,0.341796875,0.13427734375,0.830078125,-0.048828125,0.08544921875,0.10986328125,1.37939453125,-0.01220703125,-1.01318359375,-0.0244140625,-0.3173828125,-0.20751953125,-0.98876953125,-0.390625,-0.78125,0.0244140625,-1.46484375,0.0732421875,-0.28076171875,-0.13427734375,-0.341796875,0.25634765625,-1.220703125,-0.03662109375,2.33154296875,-0.40283203125,6.6162109375,-0.20751953125,1.81884765625,0.30517578125,3.0029296875,-0.08544921875,-0.7080078125,-0.1953125,-1.46484375,-0.20751953125,-1.01318359375,0.1708984375,0.42724609375,-0.09765625,1.5380859375,0.01220703125,1.20849609375,-0.0732421875,0.68359375,-0.244140625,1.77001953125,-0.1220703125,-0.03662109375,0.09765625,0.81787109375,-0.0244140625,-0.45166015625,0.1708984375,-0.4638671875
1,-0.91552734375,-0.35400390625,-0.87890625,-0.10986328125,0.68359375,-0.4150390625,-0.25634765625,0,0.244140625,-0.244140625,0.048828125,-1.06201171875,-0.08544921875,0.7080078125,0.10986328125,-0.341796875,0.01220703125,3.22265625,0.15869140625,3.23486328125,0.23193359375,5.4931640625,-0.25634765625,2.35595703125,0,-0.1220703125,0.06103515625,-0.7568359375,0.0244140625,0.9521484375,-0.1953125,0.23193359375,0.01220703125,-0.28076171875,0.2685546875,-0.81787109375,-0.0244140625,-0.45166015625,0.06103515625,-0.72021484375,0.1220703125,-0.1953125,-0.01220703125,-0.68359375,-0.01220703125,-0.37841796875,-0.146484375,0.67138671875,-0.28076171875,1.171875,-0.09765625,0.537109375,-0.4150390625,-0.13427734375,-0.048828125,0.78125,0.2197265625,0.68359375,-0.5126953125,0.52490234375,-0.2197265625,0.5126953125,-0.1708984375,0.18310546875,0.50048828125,0.244140625,0.1708984375,1.0498046875,0.03662109375,0.29296875,0.146484375,0.28076171875,0.146484375,0.32958984375,0.13427734375,0.8544921875,-0.06103515625,0.08544921875,0.09765625,1.37939453125,-0.06103515625,-1.01318359375,-0.0732421875,-0.341796875,-0.25634765625,-1.0009765625,-0.439453125,-0.79345703125,0.048828125,-1.50146484375,0.048828125,-0.2685546875,-0.15869140625,-0.32958984375,0.2197265625,-1.18408203125,-0.01220703125,2.4658203125,-0.3662109375,6.93359375,-0.23193359375,1.91650390625,0.2685546875,3.11279296875,-0.18310546875,-0.74462890625,-0.0732421875,-1.45263671875,-0.2685546875,-1.01318359375,0.18310546875,0.42724609375,-0.0732421875,2.0751953125,0,1.77001953125,-0.048828125,1.13525390625,-0.32958984375,3.0517578125,-0.13427734375,-0.01220703125,0.10986328125,0.81787109375,0.0244140625,-0.439453125,0.1953125,-0.4638671875
1,-0.91552734375,-0.3662109375,-0.8544921875,-0.13427734375,0.68359375,-0.40283203125,-0.28076171875,0.01220703125,0.18310546875,-0.20751953125,-0.01220703125,-1.03759765625,-0.08544921875,0.69580078125,0.048828125,-0.244140625,0.06103515625,3.84521484375,0.23193359375,3.77197265625,0.32958984375,6.15234375,-0.15869140625,2.77099609375,-0.0244140625,-0.1220703125,0.0244140625,-0.7568359375,-0.06103515625,0.9521484375,-0.2197265625,0.244140625,0.08544921875,-0.25634765625,0.18310546875,-0.84228515625,-0.0244140625,-0.42724609375,0.0732421875,-0.7080078125,0.1220703125,-0.1953125,-0.0244140625,-0.67138671875,0,-0.35400390625,-0.20751953125,0.732421875,-0.28076171875,1.18408203125,-0.03662109375,0.52490234375,-0.4638671875,-0.15869140625,-0.08544921875,0.76904296875,0.341796875,0.7080078125,-0.62255859375,0.62255859375,-0.25634765625,0.48828125,-0.18310546875,0.1708984375,0.48828125,0.2685546875,0.15869140625,1.03759765625,0.03662109375,0.25634765625,0.18310546875,0.29296875,0.146484375,0.3173828125,0.08544921875,0.89111328125,-0.09765625,0.08544921875,0.13427734375,1.3671875,-0.048828125,-0.96435546875,-0.18310546875,-0.3173828125,-0.2685546875,-1.025390625,-0.4150390625,-0.78125,0.0732421875,-1.50146484375,0,-0.2685546875,-0.15869140625,-0.32958984375,0.1220703125,-1.171875,0.0244140625,2.50244140625,-0.25634765625,6.94580078125,-0.28076171875,1.8798828125,0.1953125,3.13720703125,-0.29296875,-0.7568359375,0.03662109375,-1.4404296875,-0.32958984375,-1.0009765625,0.09765625,0.439453125,-0.0732421875,2.74658203125,-0.0244140625,2.4658203125,-0.09765625,1.64794921875,-0.37841796875,4.541015625,-0.1220703125,-0.01220703125,0.10986328125,0.8544921875,0.03662109375,-0.4638671875,0.1953125,-0.439453125
1,-0.9521484375,-0.3662109375,-0.84228515625,-0.15869140625,0.68359375,-0.42724609375,-0.2685546875,0.0244140625,0.1953125,-0.1953125,0,-1.0498046875,-0.048828125,0.72021484375,0.048828125,-0.1708984375,0.06103515625,4.33349609375,0.3173828125,4.18701171875,0.341796875,6.67724609375,-0.048828125,3.11279296875,-0.06103515625,-0.10986328125,0.01220703125,-0.7568359375,-0.146484375,0.93994140625,-0.15869140625,0.244140625,0.10986328125,-0.244140625,0.1220703125,-0.8544921875,-0.0732421875,-0.42724609375,0.08544921875,-0.7080078125,0.08544921875,-0.23193359375,-0.0244140625,-0.68359375,0,-0.37841796875,-0.0732421875,0.81787109375,-0.29296875,1.220703125,0.0244140625,0.5126953125,-0.439453125,-0.1708984375,-0.10986328125,0.78125,0.40283203125,0.72021484375,-0.72021484375,0.7080078125,-0.23193359375,0.50048828125,-0.18310546875,0.15869140625,0.5126953125,0.2685546875,0.1220703125,1.03759765625,0.06103515625,0.23193359375,0.20751953125,0.28076171875,0.1708984375,0.3173828125,0.048828125,0.89111328125,-0.13427734375,0.0732421875,0.146484375,1.35498046875,-0.06103515625,-0.96435546875,-0.25634765625,-0.3173828125,-0.2685546875,-1.03759765625,-0.32958984375,-0.78125,0.03662109375,-1.50146484375,-0.06103515625,-0.244140625,-0.13427734375,-0.28076171875,-0.06103515625,-1.18408203125,0.03662109375,2.38037109375,-0.1708984375,6.7138671875,-0.30517578125,1.7578125,0.10986328125,3.02734375,-0.32958984375,-0.732421875,0.09765625,-1.42822265625,-0.35400390625,-1.01318359375,0.0732421875,0.42724609375,-0.0244140625,3.4912109375,0.01220703125,3.22265625,-0.06103515625,2.20947265625,-0.30517578125,6.16455078125,-0.1220703125,0,0.09765625,0.8544921875,0.03662109375,-0.47607421875,0.18310546875,-0.4638671875
1,-0.927734375,-0.32958984375,-0.830078125,-0.1953125,0.67138671875,-0.4150390625,-0.29296875,0.06103515625,0.20751953125,-0.1953125,0,-1.0498046875,-0.03662109375,0.68359375,0.03662109375,-0.146484375,0.06103515625,4.65087890625,0.35400390625,4.4677734375,0.3173828125,7.01904296875,0.06103515625,3.33251953125,-0.06103515625,-0.10986328125,-0.048828125,-0.7568359375,-0.18310546875,0.93994140625,-0.1220703125,0.2685546875,0.1220703125,-0.25634765625,0.08544921875,-0.86669921875,-0.1220703125,-0.40283203125,0.0732421875,-0.7080078125,0.03662109375,-0.20751953125,-0.0244140625,-0.68359375,-0.0732421875,-0.37841796875,0.0244140625,0.91552734375,-0.2197265625,1.25732421875,0.048828125,0.5126953125,-0.439453125,-0.20751953125,-0.0732421875,0.76904296875,0.37841796875,0.732421875,-0.84228515625,0.76904296875,-0.20751953125,0.50048828125,-0.13427734375,0.146484375,0.50048828125,0.2685546875,0.06103515625,1.03759765625,0.0732421875,0.23193359375,0.20751953125,0.28076171875,0.15869140625,0.3173828125,-0.01220703125,0.91552734375,-0.1220703125,0.06103515625,0.10986328125,1.3671875,-0.0732421875,-0.9033203125,-0.30517578125,-0.29296875,-0.25634765625,-1.0498046875,-0.20751953125,-0.7568359375,0.0244140625,-1.4892578125,-0.1220703125,-0.2197265625,-0.18310546875,-0.2685546875,-0.18310546875,-1.18408203125,0.03662109375,2.1728515625,-0.10986328125,6.26220703125,-0.30517578125,1.5625,0.03662109375,2.84423828125,-0.29296875,-0.7568359375,0.1708984375,-1.42822265625,-0.35400390625,-1.01318359375,0,0.42724609375,0.01220703125,4.248046875,-0.01220703125,4.0283203125,-0.06103515625,2.783203125,-0.3662109375,7.67822265625,-0.09765625,0,0.08544921875,0.84228515625,0,-0.47607421875,0.20751953125,-0.4638671875
1,-0.91552734375,-0.3173828125,-0.8544921875,-0.244140625,0.6591796875,-0.40283203125,-0.29296875,0.08544921875,0.18310546875,-0.1953125,-0.03662109375,-1.07421875,-0.06103515625,0.69580078125,-0.048828125,-0.146484375,0.0732421875,4.8095703125,0.40283203125,4.57763671875,0.32958984375,7.18994140625,0.146484375,3.41796875,-0.06103515625,-0.09765625,-0.048828125,-0.74462890625,-0.13427734375,0.96435546875,-0.06103515625,0.2685546875,0.06103515625,-0.2685546875,0.146484375,-0.8544921875,-0.18310546875,-0.4150390625,0.0732421875,-0.72021484375,-0.0244140625,-0.2197265625,-0.048828125,-0.6591796875,-0.15869140625,-0.37841796875,-0.06103515625,1.0009765625,-0.15869140625,1.2939453125,0.048828125,0.47607421875,-0.439453125,-0.20751953125,-0.03662109375,0.76904296875,0.3662109375,0.72021484375,-0.732421875,0.8056640625,-0.146484375,0.47607421875,-0.08544921875,0.1220703125,0.52490234375,0.3173828125,0.01220703125,1.06201171875,0.06103515625,0.2197265625,0.1953125,0.29296875,0.09765625,0.3173828125,-0.048828125,0.91552734375,-0.1220703125,0.048828125,0.09765625,1.37939453125,-0.06103515625,-0.89111328125,-0.3173828125,-0.28076171875,-0.244140625,-1.025390625,-0.08544921875,-0.74462890625,0.01220703125,-1.4892578125,-0.18310546875,-0.23193359375,-0.25634765625,-0.25634765625,-0.29296875,-1.20849609375,0.06103515625,1.89208984375,-0.06103515625,5.6640625,-0.29296875,1.35498046875,-0.01220703125,2.57568359375,-0.15869140625,-0.7568359375,0.13427734375,-1.416015625,-0.341796875,-1.01318359375,-0.048828125,0.4150390625,-0.01220703125,4.931640625,-0.03662109375,4.79736328125,-0.08544921875,3.30810546875,-0.3662109375,9.02099609375,-0.09765625,-0.01220703125,0.03662109375,0.830078125,0,-0.47607421875,0.23193359375,-0.48828125
1,-0.9033203125,-0.29296875,-0.87890625,-0.2685546875,0.68359375,-0.390625,-0.25634765625,0.0732421875,0.23193359375,-0.20751953125,-0.01220703125,-1.0498046875,-0.048828125,0.68359375,-0.03662109375,-0.1708984375,0.09765625,4.77294921875,0.42724609375,4.5654296875,0.35400390625,7.177734375,0.18310546875,3.38134765625,-0.09765625,-0.09765625,-0.06103515625,-0.7568359375,-0.0244140625,0.96435546875,0,0.2685546875,-0.06103515625,-0.30517578125,0.20751953125,-0.86669921875,-0.244140625,-0.42724609375,0.06103515625,-0.69580078125,-0.13427734375,-0.23193359375,-0.08544921875,-0.6591796875,-0.25634765625,-0.4150390625,-0.09765625,1.08642578125,-0.08544921875,1.35498046875,0.01220703125,0.47607421875,-0.390625,-0.18310546875,0.01220703125,0.7568359375,0.18310546875,0.7568359375,-0.8056640625,0.81787109375,-0.0244140625,0.47607421875,-0.01220703125,0.13427734375,0.537109375,0.30517578125,-0.08544921875,1.07421875,0.0732421875,0.20751953125,0.1220703125,0.2685546875,0.048828125,0.29296875,-0.09765625,0.91552734375,-0.09765625,0.03662109375,0.08544921875,1.37939453125,-0.0244140625,-0.8544921875,-0.28076171875,-0.28076171875,-0.1953125,-1.0009765625,-0.03662109375,-0.732421875,-0.0244140625,-1.46484375,-0.244140625,-0.20751953125,-0.390625,-0.25634765625,-0.30517578125,-1.220703125,0.03662109375,1.5869140625,-0.08544921875,4.98046875,-0.2685546875,1.13525390625,-0.048828125,2.28271484375,0.01220703125,-0.74462890625,0.09765625,-1.40380859375,-0.3173828125,-1.0009765625,-0.08544921875,0.4150390625,0.048828125,5.4931640625,0,5.4443359375,-0.0732421875,3.72314453125,-0.29296875,10.09521484375,-0.09765625,-0.0244140625,-0.01220703125,0.84228515625,0,-0.45166015625,0.244140625,-0.50048828125
1,-0.9033203125,-0.28076171875,-0.89111328125,-0.3173828125,0.6591796875,-0.3662109375,-0.23193359375,0.0732421875,0.20751953125,-0.2197265625,-0.0244140625,-1.0498046875,-0.08544921875,0.69580078125,-0.06103515625,-0.2197265625,0.0732421875,4.6142578125,0.4150390625,4.4189453125,0.23193359375,7.01904296875,0.20751953125,3.28369140625,-0.13427734375,-0.1220703125,-0.048828125,-0.74462890625,0.0732421875,0.98876953125,0.0244140625,0.2685546875,-0.20751953125,-0.32958984375,0.32958984375,-0.86669921875,-0.30517578125,-0.439453125,0.0244140625,-0.69580078125,-0.23193359375,-0.20751953125,-0.09765625,-0.6591796875,-0.341796875,-0.4638671875,-0.1953125,1.171875,0.01220703125,1.40380859375,-0.0732421875,0.48828125,-0.35400390625,-0.2197265625,0.0732421875,0.7568359375,0.1953125,0.76904296875,-0.830078125,0.8056640625,0.048828125,0.47607421875,0.0732421875,0.13427734375,0.45166015625,0.29296875,-0.1220703125,1.06201171875,0.09765625,0.20751953125,0.0732421875,0.244140625,-0.0244140625,0.29296875,-0.10986328125,0.91552734375,-0.0732421875,0.03662109375,0.0732421875,1.3671875,0.01220703125,-0.8544921875,-0.20751953125,-0.2685546875,-0.09765625,-1.0009765625,-0.01220703125,-0.7080078125,-0.03662109375,-1.45263671875,-0.2685546875,-0.20751953125,-0.52490234375,-0.2685546875,-0.1953125,-1.23291015625,0.03662109375,1.2451171875,-0.0732421875,4.28466796875,-0.2197265625,0.91552734375,-0.0732421875,1.98974609375,0.1953125,-0.76904296875,0.048828125,-1.416015625,-0.2685546875,-0.9765625,-0.13427734375,0.4150390625,0.048828125,5.859375,0,5.89599609375,-0.048828125,3.99169921875,-0.3662109375,10.83984375,-0.09765625,-0.03662109375,-0.03662109375,0.830078125,0.03662109375,-0.45166015625,0.244140625,-0.5126953125
1,-0.91552734375,-0.25634765625,-0.89111328125,-0.35400390625,0.6591796875,-0.341796875,-0.25634765625,0.048828125,0.18310546875,-0.1953125,-0.0732421875,-1.0009765625,-0.09765625,0.74462890625,-0.08544921875,-0.2685546875,0.0244140625,4.38232421875,0.37841796875,4.2236328125,0.09765625,6.79931640625,0.15869140625,3.1005859375,-0.1708984375,-0.10986328125,0,-0.732421875,0.18310546875,0.96435546875,0.06103515625,0.244140625,-0.390625,-0.35400390625,0.37841796875,-0.8544921875,-0.32958984375,-0.42724609375,-0.01220703125,-0.69580078125,-0.30517578125,-0.1708984375,-0.1220703125,-0.634765625,-0.390625,-0.50048828125,-0.2197265625,1.23291015625,-0.06103515625,1.4404296875,-0.18310546875,0.5126953125,-0.32958984375,-0.1953125,0.08544921875,0.74462890625,0.08544921875,0.76904296875,-0.81787109375,0.732421875,0.1220703125,0.47607421875,0.18310546875,0.146484375,0.341796875,0.28076171875,-0.15869140625,1.0986328125,0.08544921875,0.2197265625,0.01220703125,0.23193359375,-0.06103515625,0.29296875,-0.13427734375,0.89111328125,-0.03662109375,0.01220703125,0.03662109375,1.3671875,0.0244140625,-0.8544921875,-0.1220703125,-0.29296875,-0.048828125,-0.9765625,-0.0244140625,-0.69580078125,-0.10986328125,-1.46484375,-0.2685546875,-0.20751953125,-0.6103515625,-0.28076171875,-0.06103515625,-1.25732421875,-0.01220703125,0.9033203125,-0.13427734375,3.60107421875,-0.18310546875,0.68359375,-0.09765625,1.69677734375,0.35400390625,-0.732421875,-0.01220703125,-1.42822265625,-0.2197265625,-0.96435546875,-0.13427734375,0.4150390625,0.0244140625,6.01806640625,0,6.11572265625,-0.06103515625,4.1259765625,-0.4150390625,11.2060546875,-0.09765625,-0.08544921875,-0.06103515625,0.86669921875,0.06103515625,-0.42724609375,0.244140625,-0.52490234375
1,-0.93994140625,-0.244140625,-0.8544921875,-0.35400390625,0.634765625,-0.341796875,-0.2685546875,0.03662109375,0.2197265625,-0.1220703125,-0.048828125,-0.927734375,-0.0732421875,0.8056640625,-0.03662109375,-0.2685546875,0,4.11376953125,0.25634765625,4.00390625,0.06103515625,6.50634765625,0.048828125,2.91748046875,-0.18310546875,-0.1220703125,0.03662109375,-0.76904296875,0.244140625,0.98876953125,0.06103515625,0.25634765625,-0.52490234375,-0.341796875,0.341796875,-0.84228515625,-0.3173828125,-0.45166015625,-0.09765625,-0.7080078125,-0.3173828125,-0.146484375,-0.10986328125,-0.62255859375,-0.4150390625,-0.50048828125,-0.1953125,1.28173828125,-0.09765625,1.45263671875,-0.29296875,0.52490234375,-0.2685546875,-0.1953125,0.08544921875,0.76904296875,-0.0244140625,0.79345703125,-0.74462890625,0.6591796875,0.1708984375,0.4638671875,0.2685546875,0.13427734375,0.20751953125,0.2685546875,-0.2197265625,1.08642578125,0.09765625,0.2197265625,-0.048828125,0.2197265625,-0.146484375,0.28076171875,-0.146484375,0.89111328125,0,0.01220703125,0.0244140625,1.3671875,0.0244140625,-0.89111328125,0.01220703125,-0.30517578125,0.01220703125,-0.96435546875,-0.0732421875,-0.72021484375,-0.1708984375,-1.46484375,-0.28076171875,-0.20751953125,-0.64697265625,-0.29296875,0.1220703125,-1.25732421875,-0.13427734375,0.5615234375,-0.18310546875,2.978515625,-0.13427734375,0.48828125,-0.0732421875,1.40380859375,0.4150390625,-0.732421875,0,-1.42822265625,-0.1708984375,-0.9765625,-0.1220703125,0.42724609375,0.0244140625,5.96923828125,-0.01220703125,6.11572265625,-0.06103515625,4.0771484375,-0.439453125,11.14501953125,-0.10986328125,-0.09765625,-0.09765625,0.84228515625,0.09765625,-0.42724609375,0.2197265625,-0.52490234375
1,-0.927734375,-0.2197265625,-0.8544921875,-0.32958984375,0.6103515625,-0.3662109375,-0.25634765625,0.01220703125,0.1953125,-0.048828125,-0.08544921875,-0.86669921875,-0.13427734375,0.8544921875,-0.048828125,-0.23193359375,-0.06103515625,3.84521484375,0.18310546875,3.77197265625,0.03662109375,6.2255859375,-0.08544921875,2.74658203125,-0.1953125,-0.13427734375,0.09765625,-0.7568359375,0.25634765625,0.98876953125,0.09765625,0.244140625,-0.59814453125,-0.341796875,0.18310546875,-0.84228515625,-0.2685546875,-0.4638671875,-0.13427734375,-0.7080078125,-0.30517578125,-0.146484375,-0.0732421875,-0.634765625,-0.439453125,-0.5126953125,-0.2685546875,1.26953125,-0.15869140625,1.42822265625,-0.40283203125,0.5615234375,-0.29296875,-0.18310546875,0.0732421875,0.76904296875,-0.06103515625,0.8056640625,-0.6103515625,0.59814453125,0.2197265625,0.48828125,0.341796875,0.18310546875,0.1220703125,0.23193359375,-0.23193359375,1.0986328125,0.09765625,0.23193359375,-0.1220703125,0.1953125,-0.23193359375,0.28076171875,-0.146484375,0.87890625,0.06103515625,0.01220703125,-0.01220703125,1.3916015625,0.048828125,-0.9033203125,0.146484375,-0.29296875,0.06103515625,-0.93994140625,-0.10986328125,-0.72021484375,-0.1953125,-1.45263671875,-0.23193359375,-0.20751953125,-0.59814453125,-0.3173828125,0.28076171875,-1.23291015625,-0.1953125,0.28076171875,-0.2197265625,2.38037109375,-0.09765625,0.2685546875,0,1.13525390625,0.390625,-0.732421875,0.03662109375,-1.42822265625,-0.10986328125,-0.96435546875,-0.10986328125,0.439453125,0.03662109375,5.712890625,-0.03662109375,5.859375,-0.08544921875,3.8818359375,-0.47607421875,10.693359375,-0.146484375,-0.09765625,-0.09765625,0.87890625,0.10986328125,-0.439453125,0.1953125,-0.50048828125
1,-0.9521484375,-0.2197265625,-0.81787109375,-0.30517578125,0.59814453125,-0.3662109375,-0.23193359375,0.01220703125,0.23193359375,0.0244140625,-0.1220703125,-0.8056640625,-0.1220703125,0.927734375,-0.06103515625,-0.15869140625,-0.146484375,3.64990234375,0.08544921875,3.61328125,-0.0244140625,5.9814453125,-0.28076171875,2.60009765625,-0.1953125,-0.1220703125,0.146484375,-0.7568359375,0.23193359375,0.96435546875,0.13427734375,0.244140625,-0.59814453125,-0.30517578125,0.08544921875,-0.830078125,-0.20751953125,-0.42724609375,-0.15869140625,-0.72021484375,-0.2197265625,-0.146484375,0.01220703125,-0.62255859375,-0.390625,-0.47607421875,-0.3662109375,1.23291015625,-0.2197265625,1.3916015625,-0.47607421875,0.5615234375,-0.29296875,-0.1708984375,0.048828125,0.76904296875,-0.048828125,0.8056640625,-0.52490234375,0.54931640625,0.3173828125,0.50048828125,0.390625,0.18310546875,0.048828125,0.20751953125,-0.244140625,1.08642578125,0.10986328125,0.25634765625,-0.1708984375,0.1953125,-0.2685546875,0.30517578125,-0.18310546875,0.84228515625,0.10986328125,0.01220703125,-0.048828125,1.3916015625,0.06103515625,-0.927734375,0.2197265625,-0.29296875,0.048828125,-0.93994140625,-0.1220703125,-0.7080078125,-0.244140625,-1.47705078125,-0.2197265625,-0.2197265625,-0.45166015625,-0.32958984375,0.3173828125,-1.20849609375,-0.25634765625,-0.0244140625,-0.2685546875,1.7822265625,-0.0732421875,0.06103515625,0.09765625,0.87890625,0.28076171875,-0.72021484375,0.10986328125,-1.4404296875,-0.08544921875,-0.96435546875,-0.048828125,0.439453125,0.048828125,5.23681640625,-0.0732421875,5.38330078125,-0.0732421875,3.5400390625,-0.439453125,9.89990234375,-0.15869140625,-0.09765625,-0.10986328125,0.9033203125,0.146484375,-0.42724609375,0.15869140625,-0.48828125
1,-0.91552734375,-0.2197265625,-0.79345703125,-0.2685546875,0.57373046875,-0.4150390625,-0.20751953125,0.0244140625,0.25634765625,0.1220703125,-0.10986328125,-0.74462890625,-0.13427734375,1.01318359375,-0.0732421875,-0.048828125,-0.1708984375,3.50341796875,0.0732421875,3.47900390625,0.048828125,5.77392578125,-0.37841796875,2.4658203125,-0.15869140625,-0.1220703125,0.15869140625,-0.74462890625,0.13427734375,0.96435546875,0.1708984375,0.244140625,-0.4638671875,-0.29296875,-0.0244140625,-0.830078125,-0.09765625,-0.42724609375,-0.146484375,-0.732421875,-0.13427734375,-0.146484375,0.0732421875,-0.64697265625,-0.3662109375,-0.47607421875,-0.30517578125,1.15966796875,-0.29296875,1.3671875,-0.5126953125,0.5615234375,-0.29296875,-0.146484375,0.03662109375,0.78125,0.06103515625,0.830078125,-0.57373046875,0.48828125,0.42724609375,0.5126953125,0.390625,0.18310546875,-0.08544921875,0.1708984375,-0.244140625,1.06201171875,0.09765625,0.244140625,-0.25634765625,0.1953125,-0.30517578125,0.29296875,-0.2197265625,0.8544921875,0.13427734375,0.0244140625,-0.0244140625,1.37939453125,0.09765625,-0.9521484375,0.28076171875,-0.29296875,0.0244140625,-0.9765625,-0.09765625,-0.72021484375,-0.25634765625,-1.46484375,-0.146484375,-0.23193359375,-0.28076171875,-0.3173828125,0.30517578125,-1.1962890625,-0.244140625,-0.3173828125,-0.2685546875,1.20849609375,-0.03662109375,-0.146484375,0.2197265625,0.59814453125,0.06103515625,-0.69580078125,0.1953125,-1.45263671875,-0.09765625,-1.0009765625,0.0244140625,0.4638671875,0.06103515625,4.638671875,-0.0732421875,4.74853515625,-0.0732421875,3.08837890625,-0.40283203125,8.82568359375,-0.1953125,-0.06103515625,-0.10986328125,0.89111328125,0.146484375,-0.4150390625,0.13427734375,-0.4638671875
1,-0.91552734375,-0.23193359375,-0.79345703125,-0.23193359375,0.5859375,-0.40283203125,-0.18310546875,0.0244140625,0.25634765625,0.18310546875,-0.13427734375,-0.68359375,-0.1220703125,1.0498046875,-0.08544921875,0.03662109375,-0.25634765625,3.38134765625,0.06103515625,3.369140625,-0.0732421875,5.62744140625,-0.5126953125,2.3681640625,-0.1220703125,-0.1220703125,0.1708984375,-0.74462890625,0.06103515625,0.9765625,0.1953125,0.244140625,-0.244140625,-0.29296875,-0.09765625,-0.830078125,-0.0244140625,-0.40283203125,-0.15869140625,-0.732421875,-0.01220703125,-0.1953125,0.1220703125,-0.67138671875,-0.3173828125,-0.439453125,-0.29296875,1.08642578125,-0.390625,1.3427734375,-0.5126953125,0.54931640625,-0.3662109375,-0.15869140625,0.03662109375,0.78125,0.146484375,0.8544921875,-0.59814453125,0.47607421875,0.42724609375,0.537109375,0.32958984375,0.1708984375,-0.1708984375,0.15869140625,-0.23193359375,1.0498046875,0.10986328125,0.2685546875,-0.30517578125,0.23193359375,-0.341796875,0.3173828125,-0.244140625,0.81787109375,0.10986328125,0.03662109375,-0.01220703125,1.37939453125,0.13427734375,-0.9765625,0.2685546875,-0.3173828125,-0.06103515625,-0.98876953125,-0.048828125,-0.74462890625,-0.20751953125,-1.4892578125,-0.13427734375,-0.244140625,-0.10986328125,-0.3173828125,0.23193359375,-1.18408203125,-0.1953125,-0.5859375,-0.1953125,0.62255859375,-0.048828125,-0.40283203125,0.28076171875,0.3173828125,-0.15869140625,-0.7080078125,0.244140625,-1.45263671875,-0.10986328125,-1.01318359375,0.0732421875,0.4638671875,0.0732421875,3.90625,-0.08544921875,3.9794921875,-0.06103515625,2.57568359375,-0.40283203125,7.48291015625,-0.1953125,-0.06103515625,-0.1220703125,0.87890625,0.1220703125,-0.45166015625,0.13427734375,-0.47607421875
1,-0.927734375,-0.25634765625,-0.79345703125,-0.1953125,0.5859375,-0.4150390625,-0.1708984375,0.01220703125,0.25634765625,0.23193359375,-0.1220703125,-0.67138671875,-0.13427734375,1.07421875,-0.09765625,0.1220703125,-0.29296875,3.30810546875,0.1220703125,3.2958984375,-0.1708984375,5.48095703125,-0.54931640625,2.294921875,-0.08544921875,-0.1220703125,0.146484375,-0.72021484375,-0.0244140625,0.96435546875,0.1708984375,0.244140625,-0.048828125,-0.23193359375,-0.0732421875,-0.830078125,0.06103515625,-0.40283203125,-0.10986328125,-0.72021484375,0.10986328125,-0.20751953125,0.13427734375,-0.67138671875,-0.244140625,-0.4150390625,-0.28076171875,1.0009765625,-0.45166015625,1.318359375,-0.4638671875,0.52490234375,-0.390625,-0.146484375,0.01220703125,0.76904296875,0.341796875,0.830078125,-0.6103515625,0.47607421875,0.42724609375,0.537109375,0.2685546875,0.18310546875,-0.23193359375,0.1708984375,-0.25634765625,1.0498046875,0.0732421875,0.28076171875,-0.341796875,0.244140625,-0.3662109375,0.3173828125,-0.25634765625,0.8056640625,0.10986328125,0.0244140625,0.06103515625,1.3671875,0.1708984375,-0.9521484375,0.20751953125,-0.29296875,-0.15869140625,-1.01318359375,0,-0.74462890625,-0.18310546875,-1.513671875,-0.1220703125,-0.25634765625,0.0732421875,-0.30517578125,0.15869140625,-1.1962890625,-0.15869140625,-0.8544921875,-0.08544921875,0.03662109375,-0.048828125,-0.62255859375,0.30517578125,0.01220703125,-0.35400390625,-0.7080078125,0.244140625,-1.46484375,-0.1220703125,-1.025390625,0.13427734375,0.4638671875,0.08544921875,3.1494140625,-0.09765625,3.125,-0.06103515625,2.001953125,-0.3662109375,6.0302734375,-0.20751953125,-0.0244140625,-0.13427734375,0.8544921875,0.08544921875,-0.439453125,0.146484375,-0.4638671875
0,-0.9033203125,-0.29296875,-0.830078125,-0.1708984375,0.57373046875,-0.42724609375,-0.18310546875,0.0244140625,0.244140625,0.244140625,-0.1220703125,-0.67138671875,-0.13427734375,1.08642578125,-0.1220703125,0.146484375,-0.32958984375,3.21044921875,0.146484375,3.21044921875,-0.28076171875,5.322265625,-0.52490234375,2.20947265625,-0.01220703125,-0.09765625,0.09765625,-0.732421875,-0.08544921875,0.9521484375,0.10986328125,0.25634765625,0.048828125,-0.23193359375,-0.01220703125,-0.8056640625,0.06103515625,-0.37841796875,-0.0244140625,-0.72021484375,0.1708984375,-0.20751953125,0.1708984375,-0.69580078125,-0.1953125,-0.390625,-0.20751953125,0.927734375,-0.52490234375,1.30615234375,-0.40283203125,0.48828125,-0.42724609375,-0.146484375,0.01220703125,0.78125,0.40283203125,0.86669921875,-0.634765625,0.47607421875,0.42724609375,0.5615234375,0.1708984375,0.146484375,-0.2685546875,0.18310546875,-0.23193359375,1.07421875,0.06103515625,0.29296875,-0.341796875,0.25634765625,-0.4150390625,0.3173828125,-0.23193359375,0.8544921875,0.048828125,0.048828125,0.1220703125,1.35498046875,0.2197265625,-0.93994140625,0.1220703125,-0.28076171875,-0.2197265625,-1.0498046875,0.01220703125,-0.74462890625,-0.08544921875,-1.513671875,-0.13427734375,-0.2685546875,0.20751953125,-0.28076171875,0.08544921875,-1.18408203125,-0.0732421875,-1.06201171875,0.01220703125,-0.537109375,-0.0732421875,-0.81787109375,0.2685546875,-0.244140625,-0.48828125,-0.72021484375,0.18310546875,-1.45263671875,-0.13427734375,-1.0498046875,0.1220703125,0.4638671875,0.09765625,2.392578125,-0.0732421875,2.294921875,-0.06103515625,1.45263671875,-0.3662109375,4.541015625,-0.1953125,-0.01220703125,-0.146484375,0.8544921875,0.03662109375,-0.45166015625,0.146484375,-0.47607421875
0,-0.84228515625,-0.32958984375,-0.76904296875,-0.15869140625,0.537109375,-0.40283203125,-0.13427734375,0.03662109375,0.25634765625,0.23193359375,-0.1220703125,-0.67138671875,-0.13427734375,1.0498046875,-0.15869140625,0.18310546875,-0.3173828125,3.1005859375,0.1953125,3.076171875,-0.341796875,5.13916015625,-0.40283203125,2.099609375,0.03662109375,-0.08544921875,0.03662109375,-0.732421875,-0.1220703125,0.93994140625,0.01220703125,0.2685546875,0.03662109375,-0.23193359375,0.15869140625,-0.8056640625,0,-0.40283203125,0.10986328125,-0.69580078125,0.2197265625,-0.23193359375,0.18310546875,-0.67138671875,-0.13427734375,-0.3662109375,-0.23193359375,0.87890625,-0.537109375,1.2939453125,-0.23193359375,0.47607421875,-0.4638671875,-0.1220703125,-0.01220703125,0.7568359375,0.439453125,0.8544921875,-0.5615234375,0.52490234375,0.341796875,0.54931640625,0.10986328125,0.146484375,-0.29296875,0.1953125,-0.15869140625,1.08642578125,0.048828125,0.28076171875,-0.32958984375,0.2685546875,-0.42724609375,0.32958984375,-0.20751953125,0.84228515625,0.01220703125,0.06103515625,0.1708984375,1.35498046875,0.1953125,-0.93994140625,0.01220703125,-0.25634765625,-0.244140625,-1.06201171875,0.0244140625,-0.7568359375,-0.03662109375,-1.4892578125,-0.146484375,-0.2685546875,0.23193359375,-0.28076171875,0.06103515625,-1.220703125,-0.01220703125,-1.28173828125,0.048828125,-1.06201171875,-0.10986328125,-1.01318359375,0.1708984375,-0.47607421875,-0.50048828125,-0.732421875,0.08544921875,-1.4404296875,-0.146484375,-1.0498046875,0.03662109375,0.4638671875,0.09765625,1.6845703125,-0.0732421875,1.50146484375,-0.06103515625,0.93994140625,-0.3173828125,3.125,-0.2197265625,0,-0.146484375,0.830078125,0.01220703125,-0.439453125,0.20751953125,-0.47607421875
0,-0.8056640625,-0.35400390625,-0.78125,-0.146484375,0.50048828125,-0.4150390625,-0.146484375,0.0244140625,0.244140625,0.1953125,-0.09765625,-0.732421875,-0.146484375,1.025390625,-0.146484375,0.13427734375,-0.244140625,2.9052734375,0.20751953125,2.9052734375,-0.341796875,4.9072265625,-0.244140625,1.94091796875,0.06103515625,-0.0732421875,0,-0.732421875,-0.13427734375,0.9521484375,-0.13427734375,0.25634765625,-0.03662109375,-0.23193359375,0.3173828125,-0.79345703125,-0.06103515625,-0.390625,0.1708984375,-0.69580078125,0.25634765625,-0.2197265625,0.146484375,-0.69580078125,-0.10986328125,-0.35400390625,-0.2197265625,0.84228515625,-0.5859375,1.2939453125,-0.1220703125,0.47607421875,-0.47607421875,-0.13427734375,-0.03662109375,0.7568359375,0.5859375,0.84228515625,-0.7080078125,0.537109375,0.2197265625,0.537109375,0.1220703125,0.1220703125,-0.341796875,0.2197265625,-0.0732421875,1.06201171875,0.03662109375,0.29296875,-0.32958984375,0.25634765625,-0.4150390625,0.3173828125,-0.1953125,0.87890625,0.0244140625,0.06103515625,0.2685546875,1.3427734375,0.1953125,-0.9033203125,-0.09765625,-0.2685546875,-0.25634765625,-1.07421875,-0.0244140625,-0.7568359375,0.03662109375,-1.513671875,-0.15869140625,-0.2685546875,0.18310546875,-0.28076171875,0.08544921875,-1.25732421875,0.048828125,-1.3916015625,0,-1.4892578125,-0.15869140625,-1.07421875,0.08544921875,-0.634765625,-0.40283203125,-0.74462890625,-0.03662109375,-1.416015625,-0.15869140625,-1.03759765625,-0.0244140625,0.45166015625,0.10986328125,1.06201171875,-0.08544921875,0.81787109375,-0.0732421875,0.48828125,-0.30517578125,1.81884765625,-0.20751953125,0,-0.13427734375,0.81787109375,0,-0.439453125,0.18310546875,-0.50048828125
0,-0.76904296875,-0.37841796875,-0.76904296875,-0.13427734375,0.48828125,-0.37841796875,-0.10986328125,0.048828125,0.2197265625,0.146484375,-0.06103515625,-0.7568359375,-0.146484375,0.9765625,-0.13427734375,0.08544921875,-0.1708984375,2.64892578125,0.1953125,2.67333984375,-0.2197265625,4.5654296875,-0.09765625,1.72119140625,0.048828125,-0.06103515625,-0.048828125,-0.74462890625,-0.13427734375,0.9521484375,-0.28076171875,0.244140625,-0.15869140625,-0.25634765625,0.45166015625,-0.79345703125,-0.13427734375,-0.40283203125,0.25634765625,-0.69580078125,0.25634765625,-0.20751953125,0.1220703125,-0.68359375,-0.0732421875,-0.32958984375,-0.15869140625,0.8544921875,-0.5615234375,1.26953125,0.0244140625,0.47607421875,-0.48828125,-0.15869140625,-0.03662109375,0.76904296875,0.48828125,0.84228515625,-0.634765625,0.5615234375,0.08544921875,0.52490234375,0.2197265625,0.13427734375,-0.32958984375,0.23193359375,0.01220703125,1.08642578125,0.06103515625,0.2685546875,-0.29296875,0.2685546875,-0.40283203125,0.3173828125,-0.1220703125,0.9033203125,-0.0244140625,0.0732421875,0.3173828125,1.3671875,0.20751953125,-0.9033203125,-0.1708984375,-0.2685546875,-0.20751953125,-1.07421875,-0.10986328125,-0.7568359375,0.09765625,-1.50146484375,-0.18310546875,-0.29296875,0.09765625,-0.29296875,0.09765625,-1.2939453125,0.146484375,-1.46484375,0.03662109375,-1.7333984375,-0.1708984375,-1.123046875,0.03662109375,-0.72021484375,-0.244140625,-0.72021484375,-0.20751953125,-1.40380859375,-0.18310546875,-1.01318359375,-0.10986328125,0.4638671875,0.1220703125,0.57373046875,-0.06103515625,0.2685546875,-0.0732421875,0.09765625,-0.2685546875,0.79345703125,-0.20751953125,-0.01220703125,-0.13427734375,0.830078125,-0.0244140625,-0.439453125,0.15869140625,-0.50048828125
0,-0.7568359375,-0.40283203125,-0.78125,-0.13427734375,0.45166015625,-0.390625,-0.0732421875,0.06103515625,0.20751953125,0.10986328125,-0.08544921875,-0.79345703125,-0.1708984375,0.9521484375,-0.10986328125,0.01220703125,-0.03662109375,2.294921875,0.2685546875,2.33154296875,-0.03662109375,4.150390625,0.0732421875,1.47705078125,0.01220703125,-0.10986328125,-0.08544921875,-0.74462890625,-0.13427734375,0.96435546875,-0.439453125,0.2685546875,-0.244140625,-0.28076171875,0.54931640625,-0.78125,-0.1708984375,-0.439453125,0.2685546875,-0.69580078125,0.23193359375,-0.1953125,0.08544921875,-0.6591796875,-0.08544921875,-0.35400390625,-0.20751953125,0.9033203125,-0.48828125,1.2939453125,0.09765625,0.50048828125,-0.48828125,-0.15869140625,0.01220703125,0.76904296875,0.45166015625,0.84228515625,-0.5126953125,0.54931640625,-0.048828125,0.52490234375,0.3173828125,0.13427734375,-0.29296875,0.2685546875,0.08544921875,1.08642578125,0.06103515625,0.2685546875,-0.32958984375,0.25634765625,-0.37841796875,0.29296875,-0.09765625,0.8544921875,-0.048828125,0.0732421875,0.35400390625,1.3671875,0.1708984375,-0.91552734375,-0.25634765625,-0.2685546875,-0.1220703125,-1.0498046875,-0.13427734375,-0.76904296875,0.13427734375,-1.50146484375,-0.20751953125,-0.28076171875,-0.0732421875,-0.28076171875,0.10986328125,-1.28173828125,0.244140625,-1.47705078125,0.03662109375,-1.85546875,-0.1708984375,-1.123046875,-0.0244140625,-0.72021484375,-0.048828125,-0.732421875,-0.30517578125,-1.416015625,-0.2197265625,-1.0009765625,-0.1708984375,0.439453125,0.09765625,0.23193359375,-0.048828125,-0.1220703125,-0.06103515625,-0.1708984375,-0.2685546875,0.048828125,-0.1953125,-0.0244140625,-0.13427734375,0.81787109375,0.01220703125,-0.45166015625,0.13427734375,-0.47607421875
0,-0.79345703125,-0.40283203125,-0.72021484375,-0.13427734375,0.42724609375,-0.37841796875,-0.09765625,0.06103515625,0.2197265625,0.048828125,-0.0732421875,-0.8056640625,-0.1953125,0.927734375,-0.08544921875,-0.09765625,0.01220703125,1.904296875,0.2685546875,1.953125,0.0244140625,3.62548828125,0.10986328125,1.171875,-0.09765625,-0.1220703125,-0.10986328125,-0.74462890625,-0.1953125,0.96435546875,-0.50048828125,0.25634765625,-0.3173828125,-0.30517578125,0.57373046875,-0.78125,-0.2197265625,-0.47607421875,0.28076171875,-0.68359375,0.23193359375,-0.1953125,0.0732421875,-0.64697265625,-0.09765625,-0.390625,-0.23193359375,0.93994140625,-0.50048828125,1.318359375,0.18310546875,0.52490234375,-0.4150390625,-0.146484375,0.06103515625,0.76904296875,0.4150390625,0.86669921875,-0.52490234375,0.537109375,-0.1708984375,0.5126953125,0.390625,0.13427734375,-0.25634765625,0.28076171875,0.13427734375,1.06201171875,0.08544921875,0.244140625,-0.32958984375,0.23193359375,-0.3173828125,0.29296875,-0.08544921875,0.87890625,-0.09765625,0.06103515625,0.3662109375,1.37939453125,0.15869140625,-0.89111328125,-0.28076171875,-0.2685546875,0.01220703125,-1.0009765625,-0.1953125,-0.7568359375,0.146484375,-1.47705078125,-0.2197265625,-0.25634765625,-0.18310546875,-0.30517578125,0.0732421875,-1.28173828125,0.29296875,-1.4404296875,0.0244140625,-1.79443359375,-0.15869140625,-1.11083984375,-0.09765625,-0.67138671875,0.13427734375,-0.732421875,-0.30517578125,-1.40380859375,-0.2197265625,-0.96435546875,-0.23193359375,0.439453125,0.01220703125,-0.01220703125,-0.1220703125,-0.390625,-0.1220703125,-0.3662109375,-0.32958984375,-0.42724609375,-0.2197265625,-0.048828125,-0.09765625,0.830078125,0.03662109375,-0.42724609375,0.0732421875,-0.4638671875
0,-0.78125,-0.4150390625,-0.732421875,-0.13427734375,0.390625,-0.3662109375,-0.10986328125,0.03662109375,0.2197265625,0.0244140625,-0.09765625,-0.830078125,-0.2197265625,0.93994140625,-0.10986328125,-0.15869140625,0.0732421875,1.45263671875,0.28076171875,1.5380859375,0.244140625,3.06396484375,0.0732421875,0.84228515625,-0.2197265625,-0.146484375,-0.10986328125,-0.74462890625,-0.244140625,0.93994140625,-0.50048828125,0.25634765625,-0.32958984375,-0.32958984375,0.5126953125,-0.78125,-0.2685546875,-0.4638671875,0.244140625,-0.68359375,0.13427734375,-0.1708984375,0.09765625,-0.64697265625,-0.09765625,-0.390625,-0.32958984375,1.0009765625,-0.42724609375,1.33056640625,0.20751953125,0.52490234375,-0.30517578125,-0.146484375,0.09765625,0.78125,0.3173828125,0.86669921875,-0.52490234375,0.52490234375,-0.29296875,0.50048828125,0.4638671875,0.146484375,-0.244140625,0.2685546875,0.13427734375,1.06201171875,0.10986328125,0.25634765625,-0.341796875,0.2197265625,-0.2197265625,0.2685546875,-0.048828125,0.87890625,-0.13427734375,0.0732421875,0.35400390625,1.37939453125,0.13427734375,-0.9033203125,-0.25634765625,-0.29296875,0.1220703125,-0.9765625,-0.20751953125,-0.7568359375,0.15869140625,-1.4892578125,-0.244140625,-0.244140625,-0.29296875,-0.29296875,0,-1.2451171875,0.30517578125,-1.35498046875,-0.01220703125,-1.62353515625,-0.1953125,-0.98876953125,-0.20751953125,-0.54931640625,0.2197265625,-0.74462890625,-0.2197265625,-1.416015625,-0.244140625,-0.9765625,-0.30517578125,0.42724609375,0.0244140625,-0.1220703125,-0.08544921875,-0.5126953125,-0.09765625,-0.48828125,-0.30517578125,-0.634765625,-0.244140625,-0.048828125,-0.06103515625,0.830078125,0.08544921875,-0.439453125,0.03662109375,-0.4638671875
0,-0.79345703125,-0.37841796875,-0.7080078125,-0.13427734375,0.35400390625,-0.3662109375,-0.10986328125,0.048828125,0.244140625,0.0244140625,-0.08544921875,-0.8056640625,-0.18310546875,0.93994140625,-0.09765625,-0.1708984375,0.08544921875,1.025390625,0.3173828125,1.1474609375,0.439453125,2.47802734375,0.03662109375,0.5615234375,-0.3173828125,-0.13427734375,-0.13427734375,-0.7568359375,-0.29296875,0.927734375,-0.439453125,0.244140625,-0.20751953125,-0.3173828125,0.4150390625,-0.79345703125,-0.2685546875,-0.4638671875,0.18310546875,-0.69580078125,0.048828125,-0.146484375,0.09765625,-0.634765625,-0.10986328125,-0.4150390625,-0.37841796875,1.03759765625,-0.4150390625,1.318359375,0.18310546875,0.537109375,-0.23193359375,-0.15869140625,0.1220703125,0.7568359375,0.20751953125,0.9033203125,-0.634765625,0.52490234375,-0.32958984375,0.50048828125,0.52490234375,0.13427734375,-0.1708984375,0.25634765625,0.1708984375,1.0498046875,0.13427734375,0.25634765625,-0.3662109375,0.23193359375,-0.13427734375,0.2685546875,0,0.8544921875,-0.1708984375,0.06103515625,0.35400390625,1.37939453125,0.1220703125,-0.93994140625,-0.1708984375,-0.28076171875,0.20751953125,-0.9521484375,-0.1708984375,-0.74462890625,0.09765625,-1.47705078125,-0.2685546875,-0.25634765625,-0.3662109375,-0.30517578125,-0.09765625,-1.2451171875,0.3173828125,-1.20849609375,-0.0244140625,-1.35498046875,-0.18310546875,-0.8056640625,-0.244140625,-0.390625,0.23193359375,-0.732421875,-0.0244140625,-1.416015625,-0.25634765625,-0.9765625,-0.3173828125,0.45166015625,0.03662109375,-0.1708984375,-0.08544921875,-0.54931640625,-0.0732421875,-0.50048828125,-0.23193359375,-0.6103515625,-0.244140625,-0.048828125,-0.03662109375,0.84228515625,0.09765625,-0.439453125,-0.03662109375,-0.45166015625
0,-0.7568359375,-0.35400390625,-0.69580078125,-0.146484375,0.32958984375,-0.37841796875,-0.10986328125,0.0244140625,0.2197265625,0.03662109375,-0.146484375,-0.81787109375,-0.20751953125,0.96435546875,-0.18310546875,-0.1953125,0.06103515625,0.6591796875,0.30517578125,0.78125,0.537109375,1.96533203125,-0.0244140625,0.28076171875,-0.390625,-0.13427734375,-0.146484375,-0.7568359375,-0.29296875,0.927734375,-0.29296875,0.23193359375,-0.146484375,-0.30517578125,0.25634765625,-0.81787109375,-0.28076171875,-0.47607421875,0.13427734375,-0.7080078125,-0.0244140625,-0.18310546875,0.1220703125,-0.6591796875,-0.18310546875,-0.40283203125,-0.40283203125,1.06201171875,-0.3662109375,1.37939453125,0.1220703125,0.537109375,-0.15869140625,-0.15869140625,0.08544921875,0.76904296875,0.15869140625,0.927734375,-0.47607421875,0.537109375,-0.37841796875,0.52490234375,0.5615234375,0.146484375,0,0.244140625,0.18310546875,1.0498046875,0.146484375,0.23193359375,-0.3662109375,0.244140625,-0.03662109375,0.2685546875,0.06103515625,0.86669921875,-0.18310546875,0.048828125,0.32958984375,1.37939453125,0.09765625,-0.98876953125,-0.06103515625,-0.30517578125,0.28076171875,-0.93994140625,-0.13427734375,-0.7568359375,0.01220703125,-1.50146484375,-0.28076171875,-0.25634765625,-0.3173828125,-0.3173828125,-0.1953125,-1.20849609375,0.29296875,-1.06201171875,-0.01220703125,-1.0009765625,-0.1953125,-0.68359375,-0.2197265625,-0.2197265625,0.13427734375,-0.74462890625,0.146484375,-1.42822265625,-0.2685546875,-0.9521484375,-0.32958984375,0.4638671875,0.03662109375,-0.15869140625,-0.08544921875,-0.52490234375,-0.06103515625,-0.48828125,-0.18310546875,-0.48828125,-0.2197265625,-0.08544921875,-0.03662109375,0.830078125,0.10986328125,-0.439453125,-0.048828125,-0.4150390625
0,-0.7568359375,-0.3173828125,-0.68359375,-0.1953125,0.25634765625,-0.40283203125,-0.10986328125,0.01220703125,0.23193359375,0.048828125,-0.13427734375,-0.78125,-0.1953125,1.0009765625,-0.20751953125,-0.18310546875,0.03662109375,0.35400390625,0.341796875,0.52490234375,0.57373046875,1.52587890625,-0.06103515625,0.048828125,-0.439453125,-0.13427734375,-0.146484375,-0.76904296875,-0.30517578125,0.93994140625,-0.10986328125,0.244140625,-0.0732421875,-0.29296875,0.18310546875,-0.830078125,-0.25634765625,-0.47607421875,0.06103515625,-0.732421875,-0.1708984375,-0.18310546875,0.13427734375,-0.6591796875,-0.244140625,-0.439453125,-0.42724609375,1.0498046875,-0.35400390625,1.3916015625,0.0732421875,0.52490234375,-0.048828125,-0.146484375,0.048828125,0.78125,0.01220703125,0.9765625,-0.390625,0.5615234375,-0.32958984375,0.54931640625,0.52490234375,0.1220703125,0.15869140625,0.244140625,0.1953125,1.025390625,0.15869140625,0.244140625,-0.32958984375,0.2197265625,0,0.28076171875,0.09765625,0.830078125,-0.20751953125,0.048828125,0.29296875,1.3671875,0.08544921875,-0.98876953125,0,-0.29296875,0.25634765625,-0.93994140625,-0.0732421875,-0.732421875,-0.048828125,-1.513671875,-0.3173828125,-0.25634765625,-0.2197265625,-0.29296875,-0.2685546875,-1.171875,0.244140625,-0.93994140625,0.01220703125,-0.68359375,-0.1708984375,-0.6103515625,-0.146484375,-0.09765625,0.03662109375,-0.732421875,0.30517578125,-1.4404296875,-0.2685546875,-0.96435546875,-0.28076171875,0.4638671875,0.03662109375,-0.1220703125,-0.13427734375,-0.50048828125,-0.06103515625,-0.45166015625,-0.146484375,-0.29296875,-0.2197265625,-0.048828125,-0.01220703125,0.8544921875,0.09765625,-0.45166015625,-0.048828125,-0.439453125
0,-0.7080078125,-0.30517578125,-0.64697265625,-0.20751953125,0.244140625,-0.40283203125,-0.09765625,0.01220703125,0.244140625,0.0732421875,-0.1220703125,-0.79345703125,-0.1953125,1.01318359375,-0.1953125,-0.1220703125,-0.06103515625,0.18310546875,0.32958984375,0.390625,0.47607421875,1.2451171875,-0.1220703125,-0.0732421875,-0.42724609375,-0.13427734375,-0.18310546875,-0.74462890625,-0.25634765625,0.927734375,0.0244140625,0.25634765625,-0.0732421875,-0.2685546875,0.0732421875,-0.86669921875,-0.2685546875,-0.4638671875,-0.0244140625,-0.732421875,-0.25634765625,-0.20751953125,0.1220703125,-0.67138671875,-0.3173828125,-0.42724609375,-0.42724609375,1.025390625,-0.390625,1.416015625,-0.03662109375,0.5126953125,-0.048828125,-0.1708984375,0.0244140625,0.76904296875,0.06103515625,1.03759765625,-0.37841796875,0.5615234375,-0.30517578125,0.5859375,0.45166015625,0.13427734375,0.30517578125,0.23193359375,0.23193359375,1.03759765625,0.1220703125,0.23193359375,-0.29296875,0.244140625,0.06103515625,0.30517578125,0.15869140625,0.8056640625,-0.2197265625,0.03662109375,0.2197265625,1.35498046875,0.09765625,-0.98876953125,0.06103515625,-0.32958984375,0.2197265625,-0.9521484375,0.01220703125,-0.732421875,-0.08544921875,-1.513671875,-0.32958984375,-0.2197265625,-0.10986328125,-0.30517578125,-0.2197265625,-1.13525390625,0.146484375,-0.8544921875,0.06103515625,-0.45166015625,-0.146484375,-0.57373046875,-0.0732421875,0,-0.03662109375,-0.732421875,0.3662109375,-1.42822265625,-0.25634765625,-0.9765625,-0.18310546875,0.47607421875,0.048828125,-0.08544921875,-0.146484375,-0.439453125,-0.06103515625,-0.390625,-0.10986328125,-0.15869140625,-0.20751953125,-0.06103515625,-0.01220703125,0.830078125,0.08544921875,-0.45166015625,-0.03662109375,-0.439453125
0,-0.7080078125,-0.29296875,-0.5859375,-0.20751953125,0.2197265625,-0.390625,-0.08544921875,0.01220703125,0.1953125,0.08544921875,-0.146484375,-0.79345703125,-0.20751953125,1.01318359375,-0.25634765625,-0.06103515625,-0.09765625,0.1708984375,0.3662109375,0.3662109375,0.3662109375,1.15966796875,-0.09765625,-0.09765625,-0.341796875,-0.1220703125,-0.18310546875,-0.7568359375,-0.1953125,0.927734375,0.09765625,0.244140625,-0.15869140625,-0.28076171875,0.048828125,-0.87890625,-0.25634765625,-0.42724609375,-0.03662109375,-0.74462890625,-0.25634765625,-0.244140625,0.06103515625,-0.67138671875,-0.390625,-0.42724609375,-0.4638671875,0.927734375,-0.4638671875,1.4404296875,-0.09765625,0.5126953125,-0.0244140625,-0.1708984375,0.0244140625,0.78125,0.01220703125,1.11083984375,-0.32958984375,0.62255859375,-0.244140625,0.5859375,0.4150390625,0.10986328125,0.3662109375,0.2197265625,0.25634765625,1.0498046875,0.09765625,0.23193359375,-0.23193359375,0.23193359375,0.06103515625,0.29296875,0.1953125,0.81787109375,-0.20751953125,0.0244140625,0.1708984375,1.35498046875,0.15869140625,-0.98876953125,0.09765625,-0.28076171875,0.13427734375,-0.9765625,0.0732421875,-0.732421875,-0.13427734375,-1.52587890625,-0.35400390625,-0.23193359375,0.0244140625,-0.3173828125,-0.15869140625,-1.0986328125,0.03662109375,-0.84228515625,0.01220703125,-0.35400390625,-0.1220703125,-0.59814453125,0.01220703125,0.01220703125,-0.048828125,-0.732421875,0.341796875,-1.416015625,-0.2197265625,-1.0009765625,-0.1220703125,0.45166015625,0.03662109375,-0.08544921875,-0.15869140625,-0.4150390625,-0.06103515625,-0.3662109375,-0.09765625,-0.09765625,-0.1953125,-0.048828125,-0.0244140625,0.830078125,0.03662109375,-0.45166015625,0,-0.4638671875
0,-0.67138671875,-0.29296875,-0.6103515625,-0.1953125,0.18310546875,-0.4150390625,-0.06103515625,0.01220703125,0.2197265625,0.06103515625,-0.146484375,-0.8056640625,-0.18310546875,0.9521484375,-0.23193359375,-0.01220703125,-0.18310546875,0.25634765625,0.2685546875,0.5126953125,0.1953125,1.30615234375,-0.15869140625,0,-0.25634765625,-0.146484375,-0.1708984375,-0.7568359375,-0.09765625,0.9521484375,0.10986328125,0.2685546875,-0.3173828125,-0.2197265625,0.03662109375,-0.8544921875,-0.28076171875,-0.40283203125,-0.01220703125,-0.732421875,-0.23193359375,-0.23193359375,0.0244140625,-0.67138671875,-0.439453125,-0.37841796875,-0.40283203125,0.8544921875,-0.537109375,1.416015625,-0.23193359375,0.47607421875,0,-0.146484375,0.0244140625,0.7568359375,0.048828125,1.171875,-0.244140625,0.6591796875,-0.1708984375,0.57373046875,0.35400390625,0.10986328125,0.40283203125,0.2197265625,0.244140625,1.03759765625,0.06103515625,0.244140625,-0.1708984375,0.25634765625,0.0732421875,0.30517578125,0.20751953125,0.81787109375,-0.23193359375,0.03662109375,0.146484375,1.3427734375,0.1953125,-0.98876953125,0.08544921875,-0.3173828125,0.048828125,-1.0009765625,0.146484375,-0.72021484375,-0.146484375,-1.513671875,-0.35400390625,-0.23193359375,0.10986328125,-0.30517578125,-0.0244140625,-1.08642578125,-0.0244140625,-0.86669921875,-0.06103515625,-0.35400390625,-0.048828125,-0.6591796875,0.08544921875,-0.0244140625,0,-0.72021484375,0.23193359375,-1.40380859375,-0.1953125,-0.98876953125,-0.048828125,0.439453125,0.03662109375,-0.10986328125,-0.15869140625,-0.4638671875,-0.048828125,-0.3662109375,-0.0732421875,-0.146484375,-0.1708984375,-0.03662109375,-0.048828125,0.830078125,0.048828125,-0.4638671875,0.01220703125,-0.4638671875
0,-0.634765625,-0.30517578125,-0.537109375,-0.20751953125,0.1708984375,-0.4150390625,-0.06103515625,0.048828125,0.20751953125,0,-0.15869140625,-0.8544921875,-0.1953125,0.93994140625,-0.25634765625,0.01220703125,-0.20751953125,0.54931640625,0.20751953125,0.79345703125,0.0732421875,1.64794921875,-0.18310546875,0.18310546875,-0.1220703125,-0.1220703125,-0.1708984375,-0.7568359375,0.01220703125,0.9521484375,0.0244140625,0.25634765625,-0.47607421875,-0.244140625,0.06103515625,-0.86669921875,-0.3173828125,-0.37841796875,0.01220703125,-0.72021484375,-0.10986328125,-0.23193359375,0.0244140625,-0.67138671875,-0.4150390625,-0.4150390625,-0.42724609375,0.74462890625,-0.6103515625,1.35498046875,-0.2685546875,0.45166015625,-0.09765625,-0.1708984375,0.06103515625,0.76904296875,0.146484375,1.220703125,-0.15869140625,0.68359375,-0.15869140625,0.5859375,0.28076171875,0.09765625,0.4638671875,0.18310546875,0.25634765625,1.03759765625,0.0244140625,0.23193359375,-0.08544921875,0.2197265625,0.09765625,0.2685546875,0.244140625,0.81787109375,-0.25634765625,0.0244140625,0.1220703125,1.318359375,0.23193359375,-0.93994140625,0.06103515625,-0.29296875,0.03662109375,-1.01318359375,0.15869140625,-0.72021484375,-0.18310546875,-1.513671875,-0.3173828125,-0.23193359375,0.13427734375,-0.29296875,0.06103515625,-1.08642578125,-0.10986328125,-0.927734375,-0.18310546875,-0.47607421875,-0.0244140625,-0.8056640625,0.0732421875,-0.09765625,0.0244140625,-0.69580078125,0.08544921875,-1.416015625,-0.1220703125,-1.0009765625,0,0.439453125,0.0244140625,-0.10986328125,-0.20751953125,-0.52490234375,-0.06103515625,-0.37841796875,-0.048828125,-0.28076171875,-0.146484375,-0.03662109375,-0.048828125,0.84228515625,0.048828125,-0.4638671875,0.048828125,-0.47607421875
1,-0.62255859375,-0.3173828125,-0.537109375,-0.1708984375,0.13427734375,-0.40283203125,-0.0244140625,0.03662109375,0.18310546875,-0.048828125,-0.146484375,-0.89111328125,-0.20751953125,0.86669921875,-0.244140625,0.01220703125,-0.2197265625,0.9765625,0.13427734375,1.20849609375,-0.048828125,2.20947265625,-0.28076171875,0.5126953125,-0.0244140625,-0.10986328125,-0.10986328125,-0.7568359375,0.13427734375,0.93994140625,-0.08544921875,0.2685546875,-0.62255859375,-0.25634765625,0.1708984375,-0.86669921875,-0.3662109375,-0.4150390625,0.0732421875,-0.7080078125,0.0244140625,-0.2197265625,-0.01220703125,-0.67138671875,-0.4150390625,-0.4150390625,-0.3662109375,0.6591796875,-0.5859375,1.318359375,-0.2685546875,0.439453125,-0.13427734375,-0.18310546875,0.0244140625,0.76904296875,0.23193359375,1.2451171875,-0.06103515625,0.732421875,-0.20751953125,0.59814453125,0.1708984375,0.08544921875,0.4638671875,0.1953125,0.1953125,1.0498046875,0,0.2197265625,-0.0244140625,0.23193359375,0.08544921875,0.30517578125,0.25634765625,0.830078125,-0.25634765625,0.03662109375,0.10986328125,1.33056640625,0.2685546875,-0.927734375,0.0244140625,-0.30517578125,0.01220703125,-1.025390625,0.146484375,-0.69580078125,-0.15869140625,-1.513671875,-0.2685546875,-0.23193359375,0.15869140625,-0.244140625,0.20751953125,-1.123046875,-0.0732421875,-1.025390625,-0.29296875,-0.68359375,-0.048828125,-0.9033203125,0.06103515625,-0.20751953125,0.08544921875,-0.7080078125,-0.08544921875,-1.416015625,-0.09765625,-1.025390625,0.0244140625,0.42724609375,0.0244140625,-0.15869140625,-0.1953125,-0.57373046875,-0.0732421875,-0.390625,0.06103515625,-0.4638671875,-0.146484375,-0.0244140625,-0.0732421875,0.8544921875,0.06103515625,-0.439453125,0.06103515625,-0.47607421875
1,-0.54931640625,-0.341796875,-0.50048828125,-0.1220703125,0.0732421875,-0.35400390625,0.01220703125,0.03662109375,0.1953125,-0.10986328125,-0.15869140625,-0.9521484375,-0.244140625,0.81787109375,-0.25634765625,0,-0.1708984375,1.50146484375,0.06103515625,1.72119140625,-0.13427734375,2.94189453125,-0.35400390625,0.927734375,0.06103515625,-0.10986328125,-0.03662109375,-0.7568359375,0.1953125,0.9521484375,-0.2197265625,0.2685546875,-0.6591796875,-0.28076171875,0.23193359375,-0.830078125,-0.35400390625,-0.40283203125,0.15869140625,-0.69580078125,0.09765625,-0.20751953125,0,-0.67138671875,-0.32958984375,-0.42724609375,-0.341796875,0.5859375,-0.64697265625,1.26953125,-0.20751953125,0.47607421875,-0.23193359375,-0.18310546875,0.01220703125,0.76904296875,0.25634765625,1.25732421875,0.03662109375,0.79345703125,-0.20751953125,0.59814453125,0.048828125,0.10986328125,0.47607421875,0.2197265625,0.146484375,1.0498046875,0,0.2197265625,0,0.244140625,0.1220703125,0.29296875,0.23193359375,0.830078125,-0.29296875,0.01220703125,0.10986328125,1.35498046875,0.28076171875,-0.87890625,-0.0244140625,-0.29296875,0.0244140625,-1.03759765625,0.08544921875,-0.72021484375,-0.15869140625,-1.52587890625,-0.2197265625,-0.244140625,0.146484375,-0.20751953125,0.25634765625,-1.171875,0.048828125,-1.123046875,-0.3662109375,-0.89111328125,-0.01220703125,-0.98876953125,0.1220703125,-0.29296875,0.09765625,-0.7080078125,-0.1953125,-1.3916015625,-0.10986328125,-1.03759765625,0.048828125,0.42724609375,0.01220703125,-0.18310546875,-0.18310546875,-0.5859375,-0.06103515625,-0.4150390625,0.048828125,-0.6591796875,-0.146484375,-0.0244140625,-0.0732421875,0.8544921875,0.09765625,-0.45166015625,0.048828125,-0.47607421875
1,-0.52490234375,-0.37841796875,-0.45166015625,-0.08544921875,0.048828125,-0.37841796875,0.03662109375,0.03662109375,0.1953125,-0.13427734375,-0.18310546875,-0.9765625,-0.28076171875,0.76904296875,-0.244140625,-0.048828125,-0.10986328125,2.11181640625,-0.0244140625,2.30712890625,-0.28076171875,3.79638671875,-0.439453125,1.3916015625,0.13427734375,-0.1220703125,0.01220703125,-0.76904296875,0.1953125,0.96435546875,-0.29296875,0.2685546875,-0.6103515625,-0.28076171875,0.32958984375,-0.84228515625,-0.341796875,-0.4150390625,0.20751953125,-0.69580078125,0.1953125,-0.146484375,0.048828125,-0.67138671875,-0.29296875,-0.4150390625,-0.341796875,0.5615234375,-0.67138671875,1.23291015625,-0.08544921875,0.48828125,-0.32958984375,-0.1708984375,-0.0244140625,0.7568359375,0.2685546875,1.23291015625,-0.01220703125,0.81787109375,-0.30517578125,0.59814453125,-0.0244140625,0.13427734375,0.48828125,0.244140625,0.10986328125,1.025390625,0.01220703125,0.2197265625,0,0.23193359375,0.146484375,0.30517578125,0.146484375,0.8544921875,-0.3173828125,0.03662109375,0.10986328125,1.35498046875,0.25634765625,-0.8544921875,-0.06103515625,-0.29296875,0.0244140625,-1.025390625,-0.048828125,-0.7080078125,-0.1220703125,-1.52587890625,-0.146484375,-0.23193359375,0.13427734375,-0.23193359375,0.30517578125,-1.20849609375,0.09765625,-1.1962890625,-0.42724609375,-1.06201171875,-0.0244140625,-1.025390625,0.08544921875,-0.341796875,0.048828125,-0.7080078125,-0.28076171875,-1.40380859375,-0.1220703125,-1.03759765625,0.048828125,0.4150390625,0.048828125,-0.15869140625,-0.10986328125,-0.57373046875,-0.01220703125,-0.42724609375,0.1220703125,-0.78125,-0.13427734375,-0.01220703125,-0.06103515625,0.8544921875,0.10986328125,-0.40283203125,0.06103515625,-0.45166015625
1,-0.48828125,-0.37841796875,-0.4638671875,-0.03662109375,0.03662109375,-0.37841796875,0.03662109375,0.03662109375,0.20751953125,-0.13427734375,-0.1708984375,-0.96435546875,-0.29296875,0.7568359375,-0.2197265625,-0.0732421875,-0.08544921875,2.734375,-0.06103515625,2.9052734375,-0.29296875,4.69970703125,-0.4638671875,1.904296875,0.15869140625,-0.10986328125,0.0732421875,-0.7568359375,0.15869140625,0.98876953125,-0.3173828125,0.2685546875,-0.537109375,-0.25634765625,0.3662109375,-0.81787109375,-0.29296875,-0.42724609375,0.23193359375,-0.68359375,0.2197265625,-0.15869140625,0.13427734375,-0.6591796875,-0.2197265625,-0.4150390625,-0.29296875,0.54931640625,-0.69580078125,1.1962890625,0.048828125,0.5126953125,-0.390625,-0.1953125,-0.06103515625,0.76904296875,0.29296875,1.18408203125,0.048828125,0.84228515625,-0.35400390625,0.5859375,-0.09765625,0.1220703125,0.47607421875,0.25634765625,0.06103515625,1.03759765625,0,0.23193359375,-0.01220703125,0.23193359375,0.13427734375,0.30517578125,0.048828125,0.84228515625,-0.32958984375,0.048828125,0.08544921875,1.37939453125,0.1953125,-0.84228515625,-0.1220703125,-0.29296875,0.0244140625,-0.98876953125,-0.18310546875,-0.74462890625,-0.0732421875,-1.513671875,-0.06103515625,-0.2197265625,0.1220703125,-0.244140625,0.3173828125,-1.2451171875,0.1953125,-1.1962890625,-0.439453125,-1.171875,-0.08544921875,-1.01318359375,0.048828125,-0.35400390625,-0.048828125,-0.7080078125,-0.244140625,-1.416015625,-0.1708984375,-1.01318359375,0.03662109375,0.4150390625,-0.0244140625,-0.09765625,-0.15869140625,-0.52490234375,-0.08544921875,-0.42724609375,0,-0.830078125,-0.13427734375,-0.06103515625,-0.048828125,0.8544921875,0.146484375,-0.40283203125,0.03662109375,-0.439453125
1,-0.439453125,-0.37841796875,-0.4150390625,0.01220703125,0.048828125,-0.3662109375,0.03662109375,0.0244140625,0.1953125,-0.10986328125,-0.20751953125,-0.9521484375,-0.3173828125,0.78125,-0.20751953125,-0.0732421875,-0.0244140625,3.3935546875,-0.06103515625,3.47900390625,-0.1953125,5.5908203125,-0.4638671875,2.4169921875,0.13427734375,-0.13427734375,0.09765625,-0.732421875,0.0732421875,0.9765625,-0.32958984375,0.25634765625,-0.45166015625,-0.25634765625,0.32958984375,-0.830078125,-0.2197265625,-0.4150390625,0.25634765625,-0.69580078125,0.20751953125,-0.146484375,0.20751953125,-0.6591796875,-0.15869140625,-0.4150390625,-0.2685546875,0.59814453125,-0.68359375,1.15966796875,0.1220703125,0.537109375,-0.45166015625,-0.18310546875,-0.0732421875,0.7568359375,0.3662109375,1.123046875,-0.10986328125,0.8544921875,-0.439453125,0.5859375,-0.13427734375,0.13427734375,0.5126953125,0.28076171875,-0.03662109375,1.0498046875,-0.01220703125,0.244140625,-0.0244140625,0.244140625,0.10986328125,0.32958984375,0,0.84228515625,-0.3662109375,0.048828125,0.09765625,1.3916015625,0.13427734375,-0.86669921875,-0.1708984375,-0.28076171875,0,-0.9765625,-0.3173828125,-0.7568359375,-0.0244140625,-1.52587890625,-0.01220703125,-0.244140625,0.0732421875,-0.2685546875,0.2685546875,-1.26953125,0.28076171875,-1.13525390625,-0.35400390625,-1.123046875,-0.1220703125,-0.93994140625,0.01220703125,-0.29296875,-0.15869140625,-0.7080078125,-0.13427734375,-1.42822265625,-0.20751953125,-1.0009765625,0.01220703125,0.4150390625,-0.0244140625,-0.01220703125,-0.15869140625,-0.4150390625,-0.0732421875,-0.3662109375,0,-0.78125,-0.18310546875,-0.06103515625,-0.048828125,0.830078125,0.1708984375,-0.40283203125,0,-0.45166015625
1,-0.37841796875,-0.35400390625,-0.37841796875,0.03662109375,0.01220703125,-0.3662109375,0.03662109375,0,0.15869140625,-0.048828125,-0.20751953125,-0.9033203125,-0.3173828125,0.830078125,-0.10986328125,-0.0732421875,-0.01220703125,3.955078125,0,3.99169921875,-0.06103515625,6.396484375,-0.390625,2.89306640625,0.1220703125,-0.146484375,0.10986328125,-0.76904296875,-0.03662109375,0.9765625,-0.2685546875,0.25634765625,-0.32958984375,-0.2685546875,0.32958984375,-0.830078125,-0.1708984375,-0.42724609375,0.28076171875,-0.69580078125,0.1953125,-0.1708984375,0.244140625,-0.6591796875,-0.048828125,-0.42724609375,-0.29296875,0.68359375,-0.6103515625,1.18408203125,0.2197265625,0.54931640625,-0.48828125,-0.18310546875,-0.09765625,0.76904296875,0.28076171875,1.06201171875,-0.09765625,0.86669921875,-0.5615234375,0.57373046875,-0.048828125,0.13427734375,0.4638671875,0.28076171875,-0.10986328125,1.03759765625,0,0.2197265625,-0.0732421875,0.23193359375,0.048828125,0.3173828125,-0.08544921875,0.830078125,-0.3662109375,0.048828125,0.09765625,1.3916015625,0.06103515625,-0.9033203125,-0.23193359375,-0.2685546875,-0.06103515625,-0.9765625,-0.390625,-0.76904296875,-0.0244140625,-1.52587890625,0.03662109375,-0.244140625,0.08544921875,-0.3173828125,0.2197265625,-1.2939453125,0.2685546875,-1.03759765625,-0.28076171875,-1.0009765625,-0.1953125,-0.79345703125,-0.09765625,-0.20751953125,-0.28076171875,-0.732421875,0.01220703125,-1.4404296875,-0.25634765625,-1.025390625,-0.048828125,0.4150390625,0.048828125,0.1220703125,-0.10986328125,-0.29296875,-0.0244140625,-0.2685546875,0.10986328125,-0.5859375,-0.18310546875,-0.0732421875,-0.03662109375,0.830078125,0.18310546875,-0.4150390625,-0.01220703125,-0.439453125
1,-0.32958984375,-0.35400390625,-0.35400390625,0.048828125,0,-0.37841796875,0.048828125,0.0244140625,0.13427734375,0.0244140625,-0.20751953125,-0.84228515625,-0.341796875,0.89111328125,-0.13427734375,-0.0244140625,0.01220703125,4.443359375,0.048828125,4.38232421875,0.01220703125,7.0556640625,-0.2685546875,3.271484375,0.06103515625,-0.13427734375,0.08544921875,-0.7568359375,-0.18310546875,0.9521484375,-0.2685546875,0.25634765625,-0.2197265625,-0.2685546875,0.28076171875,-0.830078125,-0.146484375,-0.439453125,0.28076171875,-0.69580078125,0.15869140625,-0.1708984375,0.29296875,-0.6591796875,0.01220703125,-0.439453125,-0.341796875,0.76904296875,-0.50048828125,1.20849609375,0.2685546875,0.54931640625,-0.52490234375,-0.18310546875,-0.09765625,0.78125,0.20751953125,0.96435546875,-0.1953125,0.84228515625,-0.57373046875,0.57373046875,0.0244140625,0.13427734375,0.37841796875,0.29296875,-0.146484375,1.025390625,0.01220703125,0.2197265625,-0.10986328125,0.244140625,-0.01220703125,0.32958984375,-0.1220703125,0.8056640625,-0.32958984375,0.06103515625,0.09765625,1.3916015625,0,-0.93994140625,-0.30517578125,-0.2685546875,-0.1220703125,-0.96435546875,-0.3173828125,-0.78125,0,-1.5380859375,0.048828125,-0.29296875,0.06103515625,-0.3173828125,0.10986328125,-1.2939453125,0.29296875,-0.9033203125,-0.1708984375,-0.78125,-0.244140625,-0.6591796875,-0.146484375,-0.048828125,-0.35400390625,-0.72021484375,0.146484375,-1.42822265625,-0.30517578125,-1.01318359375,-0.10986328125,0.439453125,-0.0244140625,0.25634765625,-0.18310546875,-0.13427734375,-0.09765625,-0.2197265625,0.06103515625,-0.37841796875,-0.1953125,-0.06103515625,-0.048828125,0.81787109375,0.1953125,-0.4150390625,-0.0244140625,-0.42724609375
1,-0.28076171875,-0.30517578125,-0.29296875,0.03662109375,-0.0732421875,-0.37841796875,0.03662109375,0.0244140625,0.13427734375,0.09765625,-0.18310546875,-0.78125,-0.32958984375,0.9521484375,-0.0732421875,0.0244140625,0,4.8095703125,0.13427734375,4.6875,0.10986328125,7.50732421875,-0.146484375,3.55224609375,0.0244140625,-0.13427734375,0.03662109375,-0.7568359375,-0.28076171875,0.9521484375,-0.25634765625,0.28076171875,-0.1953125,-0.25634765625,0.23193359375,-0.81787109375,-0.146484375,-0.42724609375,0.2685546875,-0.69580078125,0.10986328125,-0.1708984375,0.29296875,-0.64697265625,0.03662109375,-0.439453125,-0.32958984375,0.8544921875,-0.4150390625,1.220703125,0.29296875,0.54931640625,-0.5126953125,-0.1708984375,-0.09765625,0.78125,0.1708984375,0.8544921875,-0.15869140625,0.8056640625,-0.59814453125,0.54931640625,0.15869140625,0.1220703125,0.32958984375,0.30517578125,-0.20751953125,1.03759765625,0.01220703125,0.244140625,-0.18310546875,0.25634765625,-0.0732421875,0.32958984375,-0.13427734375,0.78125,-0.2685546875,0.06103515625,0.048828125,1.3916015625,-0.03662109375,-0.98876953125,-0.35400390625,-0.29296875,-0.15869140625,-0.9765625,-0.244140625,-0.8056640625,0,-1.52587890625,0,-0.29296875,0.09765625,-0.32958984375,-0.06103515625,-1.26953125,0.28076171875,-0.732421875,-0.0244140625,-0.5126953125,-0.2685546875,-0.50048828125,-0.146484375,0.09765625,-0.37841796875,-0.72021484375,0.244140625,-1.416015625,-0.341796875,-1.01318359375,-0.1708984375,0.45166015625,0,0.40283203125,-0.1953125,0.0244140625,-0.09765625,-0.09765625,0.048828125,-0.08544921875,-0.20751953125,-0.06103515625,-0.08544921875,0.830078125,0.13427734375,-0.439453125,-0.048828125,-0.45166015625
1,-0.2197265625,-0.25634765625,-0.28076171875,-0.01220703125,-0.09765625,-0.390625,0.03662109375,0.01220703125,0.10986328125,0.10986328125,-0.18310546875,-0.76904296875,-0.341796875,0.9765625,-0.20751953125,0.03662109375,0.01220703125,5.01708984375,0.2197265625,4.82177734375,0.1953125,7.72705078125,-0.01220703125,3.7109375,-0.0244140625,-0.146484375,-0.03662109375,-0.7568359375,-0.35400390625,0.96435546875,-0.25634765625,0.2685546875,-0.18310546875,-0.28076171875,0.30517578125,-0.830078125,-0.1953125,-0.4150390625,0.244140625,-0.68359375,0.10986328125,-0.20751953125,0.28076171875,-0.67138671875,0,-0.40283203125,-0.35400390625,0.9521484375,-0.37841796875,1.220703125,0.28076171875,0.537109375,-0.52490234375,-0.15869140625,-0.0732421875,0.76904296875,0.048828125,0.7568359375,-0.28076171875,0.74462890625,-0.6591796875,0.54931640625,0.30517578125,0.10986328125,0.23193359375,0.30517578125,-0.2197265625,1.0498046875,0.03662109375,0.244140625,-0.244140625,0.2685546875,-0.15869140625,0.32958984375,-0.146484375,0.7568359375,-0.18310546875,0.06103515625,-0.01220703125,1.3916015625,-0.048828125,-1.01318359375,-0.3662109375,-0.30517578125,-0.15869140625,-1.0009765625,-0.10986328125,-0.8056640625,-0.01220703125,-1.5380859375,-0.06103515625,-0.30517578125,0.08544921875,-0.32958984375,-0.1953125,-1.2451171875,0.244140625,-0.54931640625,0.0244140625,-0.244140625,-0.29296875,-0.37841796875,-0.1953125,0.244140625,-0.3173828125,-0.7080078125,0.23193359375,-1.42822265625,-0.35400390625,-1.0009765625,-0.20751953125,0.45166015625,0.06103515625,0.5615234375,-0.146484375,0.15869140625,-0.048828125,0,0.13427734375,0.1708984375,-0.1953125,-0.06103515625,-0.10986328125,0.8056640625,0.10986328125,-0.439453125,-0.03662109375,-0.4638671875
1,-0.1708984375,-0.1708984375,-0.2685546875,-0.0732421875,-0.10986328125,-0.40283203125,0.03662109375,0.01220703125,0.09765625,0.10986328125,-0.1708984375,-0.7568359375,-0.341796875,0.98876953125,-0.20751953125,0.03662109375,0.0244140625,5.029296875,0.30517578125,4.77294921875,0.23193359375,7.70263671875,0.10986328125,3.7109375,-0.0732421875,-0.146484375,-0.09765625,-0.7568359375,-0.341796875,0.93994140625,-0.25634765625,0.2685546875,-0.1953125,-0.244140625,0.3173828125,-0.84228515625,-0.23193359375,-0.42724609375,0.2197265625,-0.69580078125,0.048828125,-0.20751953125,0.25634765625,-0.67138671875,0.01220703125,-0.390625,-0.341796875,1.0009765625,-0.390625,1.220703125,0.2197265625,0.5126953125,-0.4638671875,-0.15869140625,-0.06103515625,0.79345703125,-0.0244140625,0.68359375,-0.32958984375,0.67138671875,-0.64697265625,0.537109375,0.390625,0.1220703125,0.15869140625,0.28076171875,-0.1953125,1.0498046875,0.0244140625,0.25634765625,-0.29296875,0.28076171875,-0.1953125,0.30517578125,-0.1708984375,0.78125,-0.1220703125,0.06103515625,-0.10986328125,1.3671875,-0.06103515625,-1.01318359375,-0.3662109375,-0.30517578125,-0.10986328125,-1.01318359375,0.0244140625,-0.8056640625,-0.03662109375,-1.5380859375,-0.13427734375,-0.3173828125,0.01220703125,-0.29296875,-0.29296875,-1.220703125,0.25634765625,-0.42724609375,0.06103515625,-0.048828125,-0.30517578125,-0.32958984375,-0.2197265625,0.3662109375,-0.1220703125,-0.68359375,0.1708984375,-1.45263671875,-0.341796875,-0.98876953125,-0.1953125,0.45166015625,0.01220703125,0.68359375,-0.18310546875,0.29296875,-0.09765625,0.06103515625,0.048828125,0.341796875,-0.18310546875,-0.03662109375,-0.146484375,0.8056640625,0.08544921875,-0.48828125,-0.03662109375,-0.47607421875
1,-0.1953125,-0.10986328125,-0.25634765625,-0.13427734375,-0.146484375,-0.390625,0.01220703125,0,0.09765625,0.03662109375,-0.18310546875,-0.8056640625,-0.32958984375,0.927734375,-0.1953125,0,0.048828125,4.8583984375,0.341796875,4.57763671875,0.23193359375,7.421875,0.1953125,3.564453125,-0.08544921875,-0.15869140625,-0.146484375,-0.7568359375,-0.25634765625,0.927734375,-0.2685546875,0.25634765625,-0.2685546875,-0.244140625,0.37841796875,-0.830078125,-0.29296875,-0.40283203125,0.18310546875,-0.69580078125,-0.0244140625,-0.20751953125,0.1953125,-0.64697265625,-0.0732421875,-0.390625,-0.341796875,1.01318359375,-0.42724609375,1.1962890625,0.10986328125,0.50048828125,-0.37841796875,-0.1708984375,-0.13427734375,0.78125,-0.1220703125,0.62255859375,-0.3662109375,0.6103515625,-0.6103515625,0.57373046875,0.48828125,0.1220703125,0.03662109375,0.2685546875,-0.2197265625,1.06201171875,0.0244140625,0.25634765625,-0.341796875,0.28076171875,-0.2197265625,0.3173828125,-0.15869140625,0.78125,-0.08544921875,0.06103515625,-0.13427734375,1.3671875,-0.0244140625,-1.01318359375,-0.3173828125,-0.3173828125,-0.048828125,-1.025390625,0.09765625,-0.79345703125,-0.06103515625,-1.513671875,-0.1953125,-0.29296875,-0.08544921875,-0.28076171875,-0.3173828125,-1.1962890625,0.20751953125,-0.35400390625,0.048828125,0.06103515625,-0.2685546875,-0.3173828125,-0.2197265625,0.4150390625,0.06103515625,-0.68359375,0.09765625,-1.4404296875,-0.3173828125,-1.0009765625,-0.1953125,0.45166015625,0,0.830078125,-0.15869140625,0.42724609375,-0.08544921875,0.15869140625,0.0244140625,0.48828125,-0.2197265625,-0.01220703125,-0.15869140625,0.84228515625,0.0732421875,-0.48828125,-0.048828125,-0.47607421875
1,-0.1220703125,-0.06103515625,-0.23193359375,-0.18310546875,-0.1220703125,-0.40283203125,0.0244140625,0.01220703125,0.0732421875,-0.048828125,-0.1953125,-0.87890625,-0.341796875,0.87890625,-0.1708984375,-0.03662109375,0.048828125,4.50439453125,0.32958984375,4.2236328125,0.25634765625,6.92138671875,0.23193359375,3.25927734375,-0.13427734375,-0.1220703125,-0.1953125,-0.76904296875,-0.1220703125,0.9521484375,-0.28076171875,0.28076171875,-0.32958984375,-0.2197265625,0.37841796875,-0.81787109375,-0.40283203125,-0.3662109375,0.1708984375,-0.68359375,-0.09765625,-0.1953125,0.15869140625,-0.64697265625,-0.1220703125,-0.40283203125,-0.341796875,0.98876953125,-0.47607421875,1.171875,0,0.47607421875,-0.32958984375,-0.15869140625,-0.15869140625,0.76904296875,-0.244140625,0.59814453125,-0.244140625,0.5126953125,-0.5126953125,0.59814453125,0.5615234375,0.13427734375,-0.08544921875,0.23193359375,-0.18310546875,1.0498046875,0.01220703125,0.244140625,-0.37841796875,0.28076171875,-0.2197265625,0.30517578125,-0.18310546875,0.78125,-0.08544921875,0.0732421875,-0.09765625,1.3427734375,0,-0.98876953125,-0.244140625,-0.30517578125,0.06103515625,-1.01318359375,0.1220703125,-0.79345703125,-0.10986328125,-1.47705078125,-0.244140625,-0.28076171875,-0.1953125,-0.25634765625,-0.20751953125,-1.1962890625,0.1708984375,-0.341796875,0.048828125,0.0732421875,-0.20751953125,-0.3662109375,-0.1708984375,0.4150390625,0.23193359375,-0.68359375,0.01220703125,-1.416015625,-0.25634765625,-0.98876953125,-0.2197265625,0.42724609375,0.048828125,0.9521484375,-0.1220703125,0.57373046875,-0.048828125,0.29296875,0.1220703125,0.5615234375,-0.23193359375,0,-0.15869140625,0.8544921875,0.08544921875,-0.4638671875,-0.048828125,-0.47607421875
1,-0.0244140625,-0.01220703125,-0.18310546875,-0.2197265625,-0.146484375,-0.37841796875,0.01220703125,0.0244140625,0.06103515625,-0.146484375,-0.18310546875,-0.93994140625,-0.3662109375,0.78125,-0.13427734375,-0.0244140625,0.03662109375,3.9794921875,0.29296875,3.7353515625,0.23193359375,6.25,0.2685546875,2.83203125,-0.15869140625,-0.13427734375,-0.18310546875,-0.78125,-0.03662109375,0.93994140625,-0.2685546875,0.25634765625,-0.45166015625,-0.2685546875,0.390625,-0.830078125,-0.4638671875,-0.3662109375,0.13427734375,-0.69580078125,-0.18310546875,-0.1953125,0.146484375,-0.6591796875,-0.1953125,-0.40283203125,-0.341796875,0.927734375,-0.50048828125,1.13525390625,-0.10986328125,0.48828125,-0.25634765625,-0.1220703125,-0.18310546875,0.78125,-0.2685546875,0.6103515625,-0.0732421875,0.439453125,-0.35400390625,0.62255859375,0.52490234375,0.146484375,-0.18310546875,0.1953125,-0.146484375,1.0498046875,0.01220703125,0.23193359375,-0.390625,0.244140625,-0.244140625,0.29296875,-0.18310546875,0.81787109375,-0.08544921875,0.0732421875,-0.09765625,1.3427734375,0.03662109375,-0.96435546875,-0.146484375,-0.2685546875,0.146484375,-1.025390625,0.048828125,-0.76904296875,-0.146484375,-1.47705078125,-0.2685546875,-0.244140625,-0.30517578125,-0.244140625,-0.048828125,-1.2451171875,0.1220703125,-0.390625,-0.03662109375,-0.01220703125,-0.1220703125,-0.45166015625,-0.10986328125,0.35400390625,0.341796875,-0.7080078125,-0.06103515625,-1.40380859375,-0.15869140625,-0.98876953125,-0.23193359375,0.439453125,-0.0244140625,1.07421875,-0.15869140625,0.69580078125,-0.0732421875,0.390625,0,0.57373046875,-0.244140625,0,-0.18310546875,0.84228515625,0.09765625,-0.45166015625,-0.048828125,-0.48828125
1,0.01220703125,0.03662109375,-0.146484375,-0.244140625,-0.2197265625,-0.3662109375,0.06103515625,0.03662109375,0.08544921875,-0.244140625,-0.1708984375,-1.01318359375,-0.35400390625,0.732421875,-0.10986328125,0.06103515625,0.01220703125,3.33251953125,0.2197265625,3.11279296875,0.1708984375,5.3955078125,0.1953125,2.28271484375,-0.1708984375,-0.13427734375,-0.15869140625,-0.78125,0.048828125,0.93994140625,-0.20751953125,0.25634765625,-0.5615234375,-0.28076171875,0.390625,-0.81787109375,-0.52490234375,-0.37841796875,0.13427734375,-0.68359375,-0.2197265625,-0.1953125,0.146484375,-0.6591796875,-0.244140625,-0.4150390625,-0.341796875,0.830078125,-0.50048828125,1.0986328125,-0.1708984375,0.48828125,-0.1708984375,-0.08544921875,-0.2197265625,0.79345703125,-0.23193359375,0.64697265625,-0.09765625,0.37841796875,-0.20751953125,0.64697265625,0.5126953125,0.1708984375,-0.23193359375,0.15869140625,-0.13427734375,1.0498046875,-0.0244140625,0.2197265625,-0.390625,0.23193359375,-0.29296875,0.29296875,-0.1708984375,0.8056640625,-0.0732421875,0.06103515625,-0.0244140625,1.318359375,0.08544921875,-0.91552734375,-0.06103515625,-0.2685546875,0.1953125,-0.98876953125,0.0244140625,-0.74462890625,-0.23193359375,-1.46484375,-0.25634765625,-0.2197265625,-0.30517578125,-0.23193359375,0.1220703125,-1.25732421875,0.048828125,-0.47607421875,-0.1220703125,-0.1708984375,-0.0732421875,-0.5615234375,-0.048828125,0.28076171875,0.37841796875,-0.7080078125,-0.06103515625,-1.40380859375,-0.09765625,-0.9765625,-0.2197265625,0.439453125,-0.01220703125,1.15966796875,-0.1708984375,0.81787109375,-0.0732421875,0.47607421875,0.06103515625,0.54931640625,-0.28076171875,-0.01220703125,-0.15869140625,0.81787109375,0.1220703125,-0.47607421875,-0.048828125,-0.50048828125
0,0.06103515625,0.048828125,-0.03662109375,-0.244140625,-0.25634765625,-0.35400390625,0.0732421875,0.0732421875,0.1220703125,-0.2685546875,-0.18310546875,-1.0009765625,-0.37841796875,0.69580078125,-0.13427734375,0.2685546875,-0.01220703125,2.55126953125,0.13427734375,2.44140625,0.13427734375,4.47998046875,0.1220703125,1.69677734375,-0.1953125,-0.13427734375,-0.10986328125,-0.78125,0.0732421875,0.93994140625,-0.15869140625,0.25634765625,-0.62255859375,-0.28076171875,0.25634765625,-0.830078125,-0.52490234375,-0.42724609375,0.09765625,-0.72021484375,-0.244140625,-0.1708984375,0.1708984375,-0.6591796875,-0.23193359375,-0.390625,-0.32958984375,0.72021484375,-0.54931640625,1.07421875,-0.18310546875,0.50048828125,-0.18310546875,-0.08544921875,-0.20751953125,0.79345703125,-0.23193359375,0.69580078125,-0.10986328125,0.35400390625,-0.15869140625,0.6591796875,0.47607421875,0.1708984375,-0.2685546875,0.15869140625,-0.09765625,1.025390625,-0.0244140625,0.2197265625,-0.40283203125,0.1953125,-0.32958984375,0.30517578125,-0.1708984375,0.81787109375,-0.08544921875,0.06103515625,0.03662109375,1.33056640625,0.146484375,-0.89111328125,0.06103515625,-0.244140625,0.23193359375,-0.98876953125,-0.01220703125,-0.732421875,-0.244140625,-1.45263671875,-0.23193359375,-0.1953125,-0.2685546875,-0.244140625,0.28076171875,-1.26953125,0,-0.57373046875,-0.18310546875,-0.3662109375,-0.01220703125,-0.6591796875,0.0244140625,0.1953125,0.3662109375,-0.72021484375,-0.06103515625,-1.40380859375,-0.06103515625,-1.0009765625,-0.15869140625,0.439453125,-0.03662109375,1.2939453125,-0.146484375,0.93994140625,-0.0732421875,0.537109375,0.1220703125,0.5615234375,-0.28076171875,0,-0.13427734375,0.81787109375,0.146484375,-0.4638671875,-0.10986328125,-0.48828125
0,0.1220703125,0.048828125,0,-0.2197265625,-0.28076171875,-0.3173828125,0.09765625,0.06103515625,0.15869140625,-0.23193359375,-0.1953125,-0.9521484375,-0.3662109375,0.74462890625,-0.09765625,0.64697265625,-0.03662109375,1.74560546875,0.08544921875,1.72119140625,0.06103515625,3.515625,0.01220703125,1.06201171875,-0.1953125,-0.13427734375,-0.01220703125,-0.76904296875,0.0732421875,0.93994140625,-0.10986328125,0.25634765625,-0.62255859375,-0.2685546875,0.08544921875,-0.830078125,-0.4638671875,-0.439453125,0.048828125,-0.732421875,-0.2197265625,-0.1953125,0.18310546875,-0.6591796875,-0.341796875,-0.40283203125,-0.3173828125,0.6103515625,-0.634765625,1.0986328125,-0.15869140625,0.5126953125,-0.146484375,-0.09765625,-0.20751953125,0.76904296875,-0.23193359375,0.732421875,0.10986328125,0.341796875,-0.0732421875,0.6591796875,0.4638671875,0.1708984375,-0.341796875,0.15869140625,-0.048828125,1.03759765625,-0.048828125,0.244140625,-0.4150390625,0.20751953125,-0.35400390625,0.32958984375,-0.15869140625,0.86669921875,-0.08544921875,0.06103515625,0.09765625,1.35498046875,0.20751953125,-0.86669921875,0.146484375,-0.25634765625,0.20751953125,-0.9765625,-0.048828125,-0.732421875,-0.28076171875,-1.46484375,-0.1953125,-0.18310546875,-0.18310546875,-0.244140625,0.3173828125,-1.2939453125,-0.048828125,-0.72021484375,-0.1708984375,-0.54931640625,0.03662109375,-0.732421875,0.10986328125,0.1220703125,0.20751953125,-0.732421875,-0.0244140625,-1.40380859375,-0.0732421875,-1.0009765625,-0.08544921875,0.4150390625,-0.0244140625,1.3916015625,-0.146484375,1.0498046875,-0.048828125,0.62255859375,0.13427734375,0.57373046875,-0.29296875,-0.01220703125,-0.13427734375,0.81787109375,0.146484375,-0.45166015625,-0.13427734375,-0.4638671875
0,0.1220703125,0.0244140625,0.06103515625,-0.2197265625,-0.28076171875,-0.30517578125,0.0732421875,0.0732421875,0.15869140625,-0.10986328125,-0.1953125,-0.8056640625,-0.341796875,0.87890625,-0.20751953125,1.23291015625,-0.048828125,0.93994140625,0,1.0498046875,-0.0244140625,2.587890625,-0.13427734375,0.45166015625,-0.1708984375,-0.10986328125,0.01220703125,-0.7568359375,0.048828125,0.93994140625,-0.0244140625,0.25634765625,-0.537109375,-0.28076171875,-0.09765625,-0.830078125,-0.3662109375,-0.45166015625,0.0244140625,-0.7080078125,-0.146484375,-0.18310546875,0.23193359375,-0.6591796875,-0.3662109375,-0.42724609375,-0.244140625,0.5126953125,-0.5859375,1.123046875,-0.146484375,0.5126953125,-0.10986328125,-0.10986328125,-0.2197265625,0.76904296875,-0.1708984375,0.7568359375,0.25634765625,0.390625,-0.06103515625,0.62255859375,0.4150390625,0.1708984375,-0.390625,0.18310546875,-0.03662109375,1.03759765625,-0.048828125,0.23193359375,-0.37841796875,0.1953125,-0.32958984375,0.32958984375,-0.1220703125,0.830078125,-0.09765625,0.048828125,0.15869140625,1.35498046875,0.2685546875,-0.89111328125,0.18310546875,-0.2685546875,0.146484375,-0.9521484375,-0.048828125,-0.732421875,-0.30517578125,-1.46484375,-0.146484375,-0.1708984375,-0.0244140625,-0.2685546875,0.30517578125,-1.30615234375,-0.08544921875,-0.8056640625,-0.1220703125,-0.68359375,0.06103515625,-0.76904296875,0.15869140625,0.0732421875,-0.01220703125,-0.732421875,0,-1.40380859375,-0.06103515625,-1.0009765625,-0.0244140625,0.42724609375,-0.03662109375,1.46484375,-0.146484375,1.13525390625,-0.06103515625,0.68359375,0.15869140625,0.59814453125,-0.30517578125,0,-0.1220703125,0.84228515625,0.15869140625,-0.42724609375,-0.15869140625,-0.4638671875
0,0.1708984375,-0.01220703125,0.0732421875,-0.20751953125,-0.28076171875,-0.29296875,0.0732421875,0.048828125,0.13427734375,0.13427734375,-0.18310546875,-0.5859375,-0.29296875,1.08642578125,-0.1953125,1.98974609375,-0.1220703125,0.18310546875,-0.048828125,0.4150390625,-0.08544921875,1.7578125,-0.29296875,-0.10986328125,-0.1220703125,-0.1220703125,0.0244140625,-0.7568359375,0.0244140625,0.93994140625,0.03662109375,0.244140625,-0.439453125,-0.28076171875,-0.2197265625,-0.84228515625,-0.29296875,-0.45166015625,0.03662109375,-0.7080078125,-0.0732421875,-0.1708984375,0.2685546875,-0.67138671875,-0.32958984375,-0.40283203125,-0.20751953125,0.45166015625,-0.5615234375,1.18408203125,-0.09765625,0.52490234375,-0.10986328125,-0.10986328125,-0.18310546875,0.76904296875,-0.2685546875,0.81787109375,0.3662109375,0.42724609375,-0.08544921875,0.59814453125,0.40283203125,0.1708984375,-0.390625,0.244140625,-0.01220703125,1.0498046875,-0.03662109375,0.2685546875,-0.37841796875,0.20751953125,-0.32958984375,0.35400390625,-0.10986328125,0.8544921875,-0.1220703125,0.048828125,0.1708984375,1.37939453125,0.341796875,-0.9033203125,0.18310546875,-0.25634765625,0.0244140625,-0.93994140625,-0.0244140625,-0.732421875,-0.28076171875,-1.45263671875,-0.0732421875,-0.1953125,0.15869140625,-0.28076171875,0.20751953125,-1.2939453125,-0.08544921875,-0.8544921875,-0.01220703125,-0.76904296875,0.08544921875,-0.7568359375,0.1708984375,0.03662109375,-0.2197265625,-0.732421875,0.03662109375,-1.40380859375,-0.0732421875,-1.0009765625,-0.0244140625,0.439453125,-0.03662109375,1.513671875,-0.1220703125,1.18408203125,-0.0732421875,0.7568359375,0.1708984375,0.634765625,-0.29296875,-0.0244140625,-0.08544921875,0.86669921875,0.15869140625,-0.4150390625,-0.13427734375,-0.439453125
0,0.25634765625,-0.08544921875,0.09765625,-0.20751953125,-0.29296875,-0.29296875,0.08544921875,0.03662109375,0.10986328125,0.45166015625,-0.18310546875,-0.32958984375,-0.2685546875,1.3671875,-0.30517578125,2.94189453125,-0.1953125,-0.45166015625,-0.0732421875,-0.13427734375,-0.1708984375,1.06201171875,-0.4150390625,-0.5859375,-0.048828125,-0.1220703125,0.0244140625,-0.74462890625,-0.01220703125,0.93994140625,0.08544921875,0.2685546875,-0.30517578125,-0.244140625,-0.23193359375,-0.8544921875,-0.1953125,-0.42724609375,0.06103515625,-0.7080078125,0.01220703125,-0.1953125,0.2685546875,-0.67138671875,-0.341796875,-0.40283203125,-0.1708984375,0.42724609375,-0.48828125,1.23291015625,0.01220703125,0.52490234375,-0.06103515625,-0.13427734375,-0.1220703125,0.7568359375,-0.28076171875,0.84228515625,0.32958984375,0.50048828125,-0.08544921875,0.54931640625,0.4638671875,0.146484375,-0.35400390625,0.25634765625,0.03662109375,1.0498046875,-0.03662109375,0.2685546875,-0.390625,0.23193359375,-0.2685546875,0.35400390625,-0.06103515625,0.830078125,-0.10986328125,0.06103515625,0.1953125,1.37939453125,0.35400390625,-0.927734375,0.13427734375,-0.28076171875,-0.0732421875,-0.927734375,0.01220703125,-0.7568359375,-0.2685546875,-1.4892578125,-0.03662109375,-0.20751953125,0.3173828125,-0.29296875,0.146484375,-1.2451171875,-0.06103515625,-0.86669921875,0.0244140625,-0.76904296875,0.0732421875,-0.7568359375,0.15869140625,0.0244140625,-0.390625,-0.72021484375,0.0244140625,-1.416015625,-0.0732421875,-1.0009765625,-0.0244140625,0.45166015625,-0.01220703125,1.5380859375,-0.10986328125,1.18408203125,-0.03662109375,0.72021484375,0.1953125,0.7080078125,-0.28076171875,-0.03662109375,-0.10986328125,0.86669921875,0.1220703125,-0.4150390625,-0.09765625,-0.40283203125
0,0.30517578125,-0.146484375,0.15869140625,-0.1953125,-0.341796875,-0.2685546875,0.09765625,0.01220703125,0.08544921875,0.84228515625,-0.15869140625,-0.01220703125,-0.23193359375,1.6845703125,-0.37841796875,4.04052734375,-0.25634765625,-0.9521484375,-0.0732421875,-0.537109375,-0.244140625,0.50048828125,-0.48828125,-0.9521484375,0.03662109375,-0.10986328125,0,-0.7568359375,-0.03662109375,0.93994140625,0.048828125,0.2685546875,-0.18310546875,-0.25634765625,-0.2197265625,-0.8544921875,-0.1708984375,-0.40283203125,0.09765625,-0.72021484375,0.08544921875,-0.1953125,0.2685546875,-0.68359375,-0.2685546875,-0.40283203125,-0.08544921875,0.42724609375,-0.42724609375,1.26953125,0.09765625,0.5126953125,-0.03662109375,-0.13427734375,-0.06103515625,0.76904296875,-0.20751953125,0.86669921875,0.20751953125,0.5615234375,-0.18310546875,0.50048828125,0.537109375,0.146484375,-0.30517578125,0.2685546875,0.06103515625,1.0498046875,0.0244140625,0.2685546875,-0.439453125,0.23193359375,-0.15869140625,0.35400390625,-0.048828125,0.81787109375,-0.1220703125,0.048828125,0.1708984375,1.40380859375,0.3662109375,-0.96435546875,0.048828125,-0.28076171875,-0.146484375,-0.9521484375,0.03662109375,-0.74462890625,-0.2197265625,-1.513671875,-0.0244140625,-0.23193359375,0.45166015625,-0.29296875,0.0732421875,-1.20849609375,0,-0.86669921875,0.08544921875,-0.72021484375,0.06103515625,-0.7080078125,0.13427734375,0.03662109375,-0.47607421875,-0.7080078125,0.01220703125,-1.42822265625,-0.08544921875,-1.025390625,-0.09765625,0.45166015625,0,1.50146484375,-0.1220703125,1.171875,-0.0732421875,0.68359375,0.20751953125,0.74462890625,-0.2685546875,-0.0244140625,-0.09765625,0.87890625,0.06103515625,-0.4638671875,-0.06103515625,-0.40283203125
0,0.341796875,-0.23193359375,0.1708984375,-0.18310546875,-0.3662109375,-0.2685546875,0.1220703125,0,0.06103515625,1.23291015625,-0.18310546875,0.35400390625,-0.20751953125,2.001953125,-0.29296875,5.23681640625,-0.25634765625,-1.2939453125,-0.06103515625,-0.830078125,-0.3173828125,0.146484375,-0.4638671875,-1.20849609375,0.1220703125,-0.1220703125,-0.0244140625,-0.7568359375,-0.0732421875,0.93994140625,0,0.244140625,-0.146484375,-0.25634765625,-0.0732421875,-0.830078125,-0.146484375,-0.40283203125,0.1220703125,-0.72021484375,0.1220703125,-0.2197265625,0.29296875,-0.6591796875,-0.1220703125,-0.40283203125,-0.13427734375,0.45166015625,-0.3662109375,1.2939453125,0.1708984375,0.5126953125,-0.048828125,-0.18310546875,0.03662109375,0.76904296875,-0.2685546875,0.84228515625,0.20751953125,0.6103515625,-0.18310546875,0.4638671875,0.57373046875,0.146484375,-0.25634765625,0.28076171875,0.08544921875,1.06201171875,0.0732421875,0.28076171875,-0.4638671875,0.23193359375,-0.0732421875,0.341796875,-0.048828125,0.84228515625,-0.09765625,0.0732421875,0.146484375,1.3916015625,0.35400390625,-0.96435546875,-0.0244140625,-0.30517578125,-0.1953125,-0.9765625,0.0244140625,-0.76904296875,-0.15869140625,-1.513671875,-0.03662109375,-0.2197265625,0.4638671875,-0.28076171875,0.01220703125,-1.171875,0.01220703125,-0.8056640625,0.08544921875,-0.64697265625,0.01220703125,-0.6591796875,0.06103515625,0.0732421875,-0.390625,-0.68359375,-0.09765625,-1.42822265625,-0.13427734375,-1.0009765625,-0.18310546875,0.4638671875,0.01220703125,1.4404296875,-0.10986328125,1.11083984375,-0.048828125,0.62255859375,0.29296875,0.7568359375,-0.25634765625,0,-0.10986328125,0.89111328125,0.01220703125,-0.4638671875,-0.03662109375,-0.40283203125
0,0.35400390625,-0.28076171875,0.25634765625,-0.146484375,-0.390625,-0.25634765625,0.10986328125,0.01220703125,0.0732421875,1.59912109375,-0.15869140625,0.6591796875,-0.1708984375,2.294921875,-0.18310546875,6.396484375,-0.2197265625,-1.46484375,-0.01220703125,-0.9765625,-0.40283203125,0,-0.3662109375,-1.33056640625,0.1708984375,-0.1220703125,-0.048828125,-0.7568359375,-0.09765625,0.93994140625,-0.09765625,0.25634765625,-0.146484375,-0.2685546875,0.0732421875,-0.84228515625,-0.13427734375,-0.4150390625,0.1708984375,-0.7080078125,0.146484375,-0.2197265625,0.244140625,-0.6591796875,-0.06103515625,-0.40283203125,-0.13427734375,0.48828125,-0.2685546875,1.2939453125,0.2197265625,0.52490234375,-0.0244140625,-0.1953125,0.08544921875,0.7568359375,-0.2197265625,0.81787109375,0.18310546875,0.64697265625,-0.25634765625,0.439453125,0.5615234375,0.146484375,-0.1220703125,0.29296875,0.1220703125,1.03759765625,0.09765625,0.28076171875,-0.48828125,0.25634765625,0.0244140625,0.341796875,0,0.81787109375,-0.0732421875,0.08544921875,0.0732421875,1.3916015625,0.341796875,-0.9521484375,-0.10986328125,-0.3173828125,-0.18310546875,-0.9765625,-0.0244140625,-0.78125,-0.0732421875,-1.513671875,-0.048828125,-0.23193359375,0.40283203125,-0.28076171875,0,-1.1474609375,0.06103515625,-0.7568359375,0.08544921875,-0.54931640625,-0.0732421875,-0.62255859375,0.0244140625,0.09765625,-0.25634765625,-0.67138671875,-0.23193359375,-1.416015625,-0.18310546875,-1.025390625,-0.23193359375,0.45166015625,0.0244140625,1.3671875,-0.09765625,1.025390625,-0.048828125,0.59814453125,0.40283203125,0.74462890625,-0.23193359375,0.01220703125,-0.1220703125,0.87890625,0,-0.439453125,-0.0244140625,-0.4150390625
0,0.390625,-0.341796875,0.29296875,-0.15869140625,-0.40283203125,-0.25634765625,0.10986328125,0.01220703125,0.0732421875,1.904296875,-0.15869140625,0.9033203125,-0.15869140625,2.52685546875,-0.1220703125,7.421875,-0.146484375,-1.50146484375,0.01220703125,-1.025390625,-0.40283203125,-0.0244140625,-0.20751953125,-1.35498046875,0.146484375,-0.1220703125,-0.06103515625,-0.7568359375,-0.09765625,0.927734375,-0.1953125,0.244140625,-0.18310546875,-0.30517578125,0.2197265625,-0.8544921875,-0.146484375,-0.45166015625,0.2197265625,-0.72021484375,0.15869140625,-0.244140625,0.20751953125,-0.64697265625,0.01220703125,-0.390625,-0.10986328125,0.5126953125,-0.1953125,1.2939453125,0.25634765625,0.50048828125,-0.0244140625,-0.1708984375,0.1220703125,0.76904296875,-0.244140625,0.79345703125,0.0732421875,0.67138671875,-0.341796875,0.45166015625,0.52490234375,0.13427734375,0.048828125,0.28076171875,0.10986328125,1.025390625,0.09765625,0.28076171875,-0.48828125,0.2685546875,0.10986328125,0.3173828125,0.03662109375,0.830078125,-0.09765625,0.0732421875,0.01220703125,1.3671875,0.3173828125,-0.9521484375,-0.20751953125,-0.32958984375,-0.10986328125,-0.98876953125,-0.10986328125,-0.78125,0.0244140625,-1.5380859375,-0.08544921875,-0.244140625,0.29296875,-0.2685546875,0.01220703125,-1.13525390625,0.146484375,-0.732421875,0.1220703125,-0.50048828125,-0.0732421875,-0.59814453125,0.01220703125,0.09765625,-0.08544921875,-0.67138671875,-0.3662109375,-1.42822265625,-0.2197265625,-1.025390625,-0.3173828125,0.42724609375,0.01220703125,1.28173828125,-0.08544921875,0.93994140625,-0.06103515625,0.5615234375,0.29296875,0.68359375,-0.2197265625,0.0244140625,-0.0732421875,0.86669921875,0.01220703125,-0.439453125,-0.048828125,-0.42724609375
0,0.37841796875,-0.341796875,0.30517578125,-0.15869140625,-0.3662109375,-0.25634765625,0.1220703125,0.01220703125,0.0732421875,2.099609375,-0.15869140625,1.08642578125,-0.15869140625,2.685546875,-0.23193359375,8.2275390625,-0.10986328125,-1.4404296875,0.0244140625,-0.96435546875,-0.35400390625,0.048828125,-0.048828125,-1.28173828125,0.0732421875,-0.10986328125,-0.08544921875,-0.7568359375,-0.1220703125,0.91552734375,-0.30517578125,0.25634765625,-0.244140625,-0.29296875,0.2685546875,-0.84228515625,-0.1708984375,-0.4150390625,0.25634765625,-0.68359375,0.18310546875,-0.244140625,0.18310546875,-0.64697265625,0.13427734375,-0.341796875,-0.09765625,0.537109375,-0.15869140625,1.23291015625,0.2197265625,0.5126953125,-0.03662109375,-0.15869140625,0.13427734375,0.76904296875,-0.32958984375,0.732421875,-0.048828125,0.7080078125,-0.3662109375,0.45166015625,0.439453125,0.13427734375,0.18310546875,0.25634765625,0.13427734375,1.03759765625,0.10986328125,0.28076171875,-0.4638671875,0.28076171875,0.18310546875,0.32958984375,0.08544921875,0.89111328125,-0.09765625,0.08544921875,-0.0244140625,1.3671875,0.29296875,-0.927734375,-0.2685546875,-0.32958984375,-0.048828125,-1.0009765625,-0.1953125,-0.76904296875,0.06103515625,-1.52587890625,-0.10986328125,-0.25634765625,0.1220703125,-0.244140625,0.0244140625,-1.13525390625,0.18310546875,-0.72021484375,0.08544921875,-0.47607421875,-0.1220703125,-0.62255859375,-0.06103515625,0.08544921875,0.10986328125,-0.67138671875,-0.390625,-1.42822265625,-0.23193359375,-1.025390625,-0.341796875,0.4150390625,0.0732421875,1.18408203125,-0.0244140625,0.81787109375,-0.01220703125,0.4638671875,0.390625,0.57373046875,-0.23193359375,0.01220703125,-0.048828125,0.81787109375,0.03662109375,-0.50048828125,-0.09765625,-0.48828125
0,0.42724609375,-0.35400390625,0.3662109375,-0.1708984375,-0.390625,-0.28076171875,0.13427734375,0.01220703125,0.06103515625,2.18505859375,-0.1708984375,1.171875,-0.10986328125,2.7587890625,-0.1708984375,8.75244140625,-0.10986328125,-1.30615234375,0.03662109375,-0.8544921875,-0.390625,0.2197265625,0.06103515625,-1.18408203125,-0.0244140625,-0.10986328125,-0.09765625,-0.7568359375,-0.146484375,0.93994140625,-0.40283203125,0.25634765625,-0.2685546875,-0.29296875,0.3173828125,-0.81787109375,-0.15869140625,-0.42724609375,0.28076171875,-0.68359375,0.1708984375,-0.244140625,0.146484375,-0.634765625,0.1708984375,-0.30517578125,-0.09765625,0.57373046875,-0.06103515625,1.1474609375,0.1708984375,0.48828125,-0.01220703125,-0.146484375,0.09765625,0.76904296875,-0.3173828125,0.7568359375,0.0244140625,0.76904296875,-0.4150390625,0.4638671875,0.37841796875,0.15869140625,0.3173828125,0.23193359375,0.13427734375,1.025390625,0.0732421875,0.2685546875,-0.4150390625,0.28076171875,0.244140625,0.30517578125,0.09765625,0.86669921875,-0.13427734375,0.08544921875,-0.0732421875,1.35498046875,0.244140625,-0.91552734375,-0.28076171875,-0.3173828125,0.06103515625,-0.98876953125,-0.2197265625,-0.7568359375,0.0732421875,-1.4892578125,-0.1220703125,-0.25634765625,-0.01220703125,-0.23193359375,0.01220703125,-1.1474609375,0.244140625,-0.74462890625,0.10986328125,-0.50048828125,-0.10986328125,-0.62255859375,-0.08544921875,0.048828125,0.18310546875,-0.67138671875,-0.3662109375,-1.42822265625,-0.23193359375,-1.025390625,-0.37841796875,0.40283203125,0.0244140625,1.11083984375,-0.0732421875,0.74462890625,-0.048828125,0.390625,0.341796875,0.50048828125,-0.2197265625,0.03662109375,-0.0244140625,0.79345703125,0.08544921875,-0.5126953125,-0.15869140625,-0.5126953125
0,0.4150390625,-0.341796875,0.37841796875,-0.18310546875,-0.45166015625,-0.30517578125,0.15869140625,0.01220703125,0.03662109375,2.1728515625,-0.20751953125,1.1474609375,-0.10986328125,2.74658203125,-0.15869140625,8.94775390625,-0.0732421875,-1.11083984375,0.0732421875,-0.732421875,-0.20751953125,0.40283203125,0.18310546875,-1.07421875,-0.1708984375,-0.09765625,-0.08544921875,-0.7568359375,-0.1953125,0.9521484375,-0.45166015625,0.25634765625,-0.2685546875,-0.29296875,0.29296875,-0.830078125,-0.15869140625,-0.42724609375,0.2685546875,-0.67138671875,0.146484375,-0.1953125,0.146484375,-0.634765625,0.244140625,-0.28076171875,-0.08544921875,0.5859375,-0.10986328125,1.123046875,0.13427734375,0.48828125,-0.01220703125,-0.1220703125,0.048828125,0.76904296875,-0.3173828125,0.732421875,0.048828125,0.8544921875,-0.439453125,0.5126953125,0.29296875,0.15869140625,0.341796875,0.20751953125,0.1708984375,1.025390625,0.06103515625,0.25634765625,-0.341796875,0.25634765625,0.28076171875,0.29296875,0.1220703125,0.87890625,-0.146484375,0.06103515625,-0.09765625,1.33056640625,0.2197265625,-0.91552734375,-0.23193359375,-0.30517578125,0.1220703125,-0.96435546875,-0.2197265625,-0.7568359375,0.0732421875,-1.4892578125,-0.146484375,-0.2685546875,-0.1220703125,-0.2197265625,-0.048828125,-1.1962890625,0.244140625,-0.79345703125,0.03662109375,-0.54931640625,-0.146484375,-0.68359375,-0.1220703125,-0.01220703125,0.23193359375,-0.68359375,-0.23193359375,-1.416015625,-0.25634765625,-1.01318359375,-0.3662109375,0.390625,-0.01220703125,1.03759765625,-0.09765625,0.6591796875,-0.09765625,0.3662109375,0.25634765625,0.40283203125,-0.23193359375,0.06103515625,0,0.830078125,0.13427734375,-0.50048828125,-0.1953125,-0.537109375
0,0.45166015625,-0.30517578125,0.4150390625,-0.20751953125,-0.48828125,-0.32958984375,0.1708984375,0.0244140625,0.03662109375,2.06298828125,-0.2197265625,1.0498046875,-0.10986328125,2.67333984375,-0.10986328125,8.8134765625,-0.0732421875,-0.98876953125,0.10986328125,-0.6103515625,-0.03662109375,0.54931640625,0.23193359375,-0.9521484375,-0.28076171875,-0.09765625,-0.0732421875,-0.732421875,-0.2685546875,0.96435546875,-0.390625,0.2685546875,-0.2685546875,-0.29296875,0.18310546875,-0.79345703125,-0.1953125,-0.4150390625,0.2197265625,-0.67138671875,0.09765625,-0.1953125,0.13427734375,-0.62255859375,0.2685546875,-0.244140625,-0.1220703125,0.59814453125,-0.09765625,1.11083984375,0.06103515625,0.48828125,-0.01220703125,-0.1220703125,0.048828125,0.74462890625,-0.3662109375,0.732421875,0.15869140625,0.9521484375,-0.48828125,0.537109375,0.244140625,0.1708984375,0.4150390625,0.20751953125,0.1953125,1.025390625,0.0244140625,0.25634765625,-0.29296875,0.2685546875,0.2685546875,0.29296875,0.1708984375,0.91552734375,-0.15869140625,0.048828125,-0.09765625,1.3427734375,0.20751953125,-0.927734375,-0.1708984375,-0.3173828125,0.18310546875,-0.9765625,-0.146484375,-0.7568359375,0.0244140625,-1.50146484375,-0.13427734375,-0.2685546875,-0.15869140625,-0.23193359375,-0.1220703125,-1.23291015625,0.244140625,-0.84228515625,0.0244140625,-0.5859375,-0.13427734375,-0.68359375,-0.10986328125,-0.0732421875,0.1953125,-0.7080078125,-0.03662109375,-1.416015625,-0.244140625,-1.025390625,-0.32958984375,0.390625,0.048828125,1.0009765625,-0.048828125,0.5859375,-0.0244140625,0.37841796875,0.341796875,0.30517578125,-0.2197265625,0.03662109375,0,0.84228515625,0.13427734375,-0.45166015625,-0.20751953125,-0.52490234375
0,0.45166015625,-0.28076171875,0.439453125,-0.20751953125,-0.5126953125,-0.3662109375,0.18310546875,0.01220703125,0.048828125,1.89208984375,-0.15869140625,0.9033203125,-0.06103515625,2.50244140625,-0.1220703125,8.3984375,-0.06103515625,-0.89111328125,0.146484375,-0.5126953125,0.0732421875,0.67138671875,0.23193359375,-0.86669921875,-0.40283203125,-0.09765625,-0.0732421875,-0.7568359375,-0.35400390625,0.96435546875,-0.30517578125,0.25634765625,-0.2197265625,-0.28076171875,0.048828125,-0.8056640625,-0.1708984375,-0.42724609375,0.18310546875,-0.69580078125,-0.0732421875,-0.1953125,0.15869140625,-0.62255859375,0.1708984375,-0.2197265625,-0.146484375,0.5859375,-0.10986328125,1.0986328125,0.03662109375,0.47607421875,-0.048828125,-0.13427734375,0.03662109375,0.7568359375,-0.4150390625,0.76904296875,0.25634765625,1.08642578125,-0.57373046875,0.5615234375,0.23193359375,0.13427734375,0.45166015625,0.2197265625,0.146484375,1.03759765625,0,0.23193359375,-0.23193359375,0.244140625,0.28076171875,0.3173828125,0.18310546875,0.9033203125,-0.1708984375,0.048828125,-0.0732421875,1.33056640625,0.23193359375,-0.927734375,-0.0732421875,-0.30517578125,0.20751953125,-0.9521484375,-0.09765625,-0.76904296875,-0.0244140625,-1.50146484375,-0.13427734375,-0.244140625,-0.10986328125,-0.244140625,-0.1953125,-1.28173828125,0.1708984375,-0.87890625,0.0244140625,-0.64697265625,-0.13427734375,-0.732421875,-0.09765625,-0.09765625,0.1220703125,-0.732421875,0.146484375,-1.416015625,-0.28076171875,-1.01318359375,-0.29296875,0.390625,0.01220703125,0.927734375,-0.08544921875,0.52490234375,-0.06103515625,0.341796875,0.3173828125,0.2197265625,-0.20751953125,0.0244140625,0.01220703125,0.86669921875,0.1220703125,-0.40283203125,-0.23193359375,-0.5126953125
1,0.47607421875,-0.25634765625,0.47607421875,-0.2197265625,-0.52490234375,-0.4150390625,0.1708984375,0.0244140625,0.0244140625,1.72119140625,-0.15869140625,0.74462890625,-0.0732421875,2.34375,-0.244140625,7.77587890625,-0.048828125,-0.81787109375,0.10986328125,-0.45166015625,0.20751953125,0.74462890625,0.20751953125,-0.8056640625,-0.439453125,-0.0732421875,-0.13427734375,-0.74462890625,-0.37841796875,0.96435546875,-0.146484375,0.25634765625,-0.15869140625,-0.244140625,-0.01220703125,-0.79345703125,-0.15869140625,-0.4150390625,0.10986328125,-0.68359375,-0.20751953125,-0.1953125,0.1953125,-0.62255859375,0.09765625,-0.1953125,-0.1220703125,0.537109375,-0.18310546875,1.123046875,-0.01220703125,0.48828125,-0.10986328125,-0.1220703125,0.03662109375,0.76904296875,-0.47607421875,0.81787109375,0.29296875,1.220703125,-0.6103515625,0.5615234375,0.23193359375,0.13427734375,0.45166015625,0.25634765625,0.13427734375,1.07421875,-0.03662109375,0.2197265625,-0.1953125,0.244140625,0.29296875,0.3173828125,0.1708984375,0.9033203125,-0.1708984375,0.03662109375,-0.09765625,1.35498046875,0.2197265625,-0.96435546875,0.03662109375,-0.30517578125,0.18310546875,-0.9521484375,0,-0.78125,-0.09765625,-1.513671875,-0.146484375,-0.2685546875,0.01220703125,-0.30517578125,-0.25634765625,-1.30615234375,0.0732421875,-0.9033203125,0.06103515625,-0.634765625,-0.10986328125,-0.7080078125,-0.048828125,-0.09765625,0,-0.72021484375,0.2685546875,-1.42822265625,-0.2685546875,-1.01318359375,-0.2197265625,0.390625,0,0.84228515625,-0.10986328125,0.45166015625,-0.06103515625,0.29296875,0.244140625,0.1708984375,-0.2197265625,0.01220703125,0,0.89111328125,0.10986328125,-0.390625,-0.2197265625,-0.47607421875
1,0.50048828125,-0.2197265625,0.48828125,-0.2197265625,-0.48828125,-0.42724609375,0.15869140625,0.03662109375,-0.0244140625,1.50146484375,-0.1708984375,0.54931640625,-0.0732421875,2.16064453125,-0.32958984375,7.01904296875,-0.0732421875,-0.81787109375,0.09765625,-0.439453125,0.25634765625,0.732421875,0.15869140625,-0.79345703125,-0.439453125,-0.09765625,-0.146484375,-0.74462890625,-0.390625,0.96435546875,0,0.244140625,-0.18310546875,-0.23193359375,-0.09765625,-0.79345703125,-0.15869140625,-0.42724609375,0.0732421875,-0.69580078125,-0.3662109375,-0.18310546875,0.1708984375,-0.62255859375,-0.01220703125,-0.20751953125,-0.08544921875,0.52490234375,-0.2685546875,1.171875,-0.03662109375,0.50048828125,-0.146484375,-0.13427734375,0.0732421875,0.76904296875,-0.5615234375,0.87890625,0.3662109375,1.37939453125,-0.68359375,0.54931640625,0.20751953125,0.13427734375,0.4638671875,0.2685546875,0.10986328125,1.06201171875,-0.0732421875,0.20751953125,-0.18310546875,0.25634765625,0.29296875,0.341796875,0.1220703125,0.87890625,-0.1953125,0.0244140625,-0.048828125,1.37939453125,0.23193359375,-0.96435546875,0.09765625,-0.30517578125,0.10986328125,-0.9521484375,0.08544921875,-0.76904296875,-0.13427734375,-1.50146484375,-0.146484375,-0.2685546875,0.146484375,-0.3173828125,-0.244140625,-1.2939453125,-0.03662109375,-0.89111328125,0.0732421875,-0.6103515625,-0.0244140625,-0.68359375,0.01220703125,-0.06103515625,-0.048828125,-0.732421875,0.28076171875,-1.416015625,-0.2197265625,-1.01318359375,-0.15869140625,0.40283203125,0,0.79345703125,-0.0732421875,0.3662109375,-0.03662109375,0.2685546875,0.29296875,0.15869140625,-0.1953125,0,0,0.927734375,0.09765625,-0.3662109375,-0.23193359375,-0.439453125
1,0.5859375,-0.2197265625,0.48828125,-0.23193359375,-0.52490234375,-0.42724609375,0.1953125,0.0244140625,-0.048828125,1.318359375,-0.18310546875,0.37841796875,-0.06103515625,2.01416015625,-0.3662109375,6.21337890625,-0.0732421875,-0.8544921875,0.03662109375,-0.48828125,0.23193359375,0.67138671875,0.0732421875,-0.8056640625,-0.37841796875,-0.1220703125,-0.2197265625,-0.7568359375,-0.32958984375,0.93994140625,0.10986328125,0.244140625,-0.23193359375,-0.2197265625,-0.08544921875,-0.76904296875,-0.1708984375,-0.4150390625,0.048828125,-0.7080078125,-0.42724609375,-0.1953125,0.1220703125,-0.64697265625,-0.1220703125,-0.244140625,-0.048828125,0.5126953125,-0.25634765625,1.220703125,-0.0732421875,0.47607421875,-0.1220703125,-0.1220703125,0.0244140625,0.78125,-0.57373046875,0.91552734375,0.4638671875,1.47705078125,-0.67138671875,0.5126953125,0.1708984375,0.09765625,0.42724609375,0.28076171875,0.09765625,1.08642578125,-0.08544921875,0.1953125,-0.1708984375,0.23193359375,0.28076171875,0.341796875,0.0732421875,0.86669921875,-0.20751953125,0.03662109375,-0.048828125,1.3916015625,0.2685546875,-0.9765625,0.13427734375,-0.3173828125,0.01220703125,-0.9765625,0.13427734375,-0.78125,-0.1708984375,-1.47705078125,-0.146484375,-0.29296875,0.28076171875,-0.30517578125,-0.18310546875,-1.26953125,-0.146484375,-0.8544921875,0.03662109375,-0.537109375,0.0244140625,-0.634765625,-0.03662109375,0.01220703125,-0.03662109375,-0.72021484375,0.20751953125,-1.4404296875,-0.15869140625,-1.025390625,-0.146484375,0.4150390625,-0.0244140625,0.7080078125,-0.09765625,0.30517578125,-0.06103515625,0.20751953125,0.28076171875,0.15869140625,-0.1953125,0,0,0.9521484375,0.08544921875,-0.37841796875,-0.1953125,-0.40283203125
1,0.57373046875,-0.1953125,0.57373046875,-0.244140625,-0.54931640625,-0.4150390625,0.18310546875,0.0244140625,-0.06103515625,1.18408203125,-0.18310546875,0.23193359375,-0.0732421875,1.904296875,-0.390625,5.4443359375,-0.0732421875,-0.927734375,-0.048828125,-0.537109375,0.20751953125,0.5859375,0.0244140625,-0.87890625,-0.244140625,-0.13427734375,-0.2685546875,-0.7568359375,-0.20751953125,0.9521484375,0.146484375,0.23193359375,-0.37841796875,-0.20751953125,0,-0.74462890625,-0.20751953125,-0.390625,0.048828125,-0.69580078125,-0.45166015625,-0.1708984375,0.09765625,-0.634765625,-0.15869140625,-0.2685546875,0,0.537109375,-0.2685546875,1.26953125,-0.0732421875,0.48828125,-0.146484375,-0.13427734375,-0.01220703125,0.7568359375,-0.6103515625,1.0009765625,0.57373046875,1.5625,-0.6591796875,0.50048828125,0.0732421875,0.08544921875,0.42724609375,0.3173828125,0.0732421875,1.07421875,-0.10986328125,0.1953125,-0.18310546875,0.25634765625,0.2197265625,0.35400390625,0.06103515625,0.8544921875,-0.20751953125,0.0244140625,-0.0244140625,1.416015625,0.30517578125,-1.01318359375,0.13427734375,-0.3173828125,-0.048828125,-1.0009765625,0.15869140625,-0.8056640625,-0.18310546875,-1.52587890625,-0.1708984375,-0.29296875,0.3662109375,-0.3173828125,-0.0732421875,-1.220703125,-0.20751953125,-0.79345703125,-0.03662109375,-0.439453125,0.0244140625,-0.5859375,-0.0732421875,0.10986328125,0.0244140625,-0.69580078125,0.10986328125,-1.42822265625,-0.0732421875,-1.025390625,-0.1220703125,0.40283203125,-0.0244140625,0.68359375,-0.0732421875,0.25634765625,-0.06103515625,0.15869140625,0.25634765625,0.1953125,-0.1953125,-0.01220703125,-0.0244140625,0.93994140625,0.048828125,-0.37841796875,-0.1953125,-0.37841796875
1,0.6103515625,-0.2197265625,0.5615234375,-0.25634765625,-0.5615234375,-0.4150390625,0.1953125,0.0244140625,-0.0732421875,1.08642578125,-0.1953125,0.10986328125,-0.09765625,1.806640625,-0.37841796875,4.8583984375,-0.08544921875,-0.98876953125,-0.15869140625,-0.57373046875,0.13427734375,0.50048828125,-0.08544921875,-0.9033203125,-0.10986328125,-0.146484375,-0.25634765625,-0.7568359375,-0.08544921875,0.93994140625,0.0732421875,0.23193359375,-0.50048828125,-0.2197265625,0.03662109375,-0.74462890625,-0.2685546875,-0.37841796875,0.048828125,-0.69580078125,-0.390625,-0.18310546875,0.06103515625,-0.634765625,-0.2197265625,-0.30517578125,-0.01220703125,0.537109375,-0.244140625,1.318359375,0,0.48828125,-0.18310546875,-0.1220703125,-0.0244140625,0.76904296875,-0.6591796875,1.03759765625,0.5615234375,1.5625,-0.59814453125,0.47607421875,0.01220703125,0.10986328125,0.390625,0.3173828125,-0.01220703125,1.08642578125,-0.10986328125,0.1953125,-0.20751953125,0.2197265625,0.15869140625,0.3662109375,0,0.84228515625,-0.18310546875,0.03662109375,0,1.416015625,0.3662109375,-1.03759765625,0.1220703125,-0.3173828125,-0.08544921875,-1.01318359375,0.1220703125,-0.8056640625,-0.15869140625,-1.5380859375,-0.13427734375,-0.28076171875,0.439453125,-0.341796875,-0.01220703125,-1.18408203125,-0.20751953125,-0.68359375,0,-0.341796875,0.048828125,-0.537109375,-0.08544921875,0.18310546875,0.10986328125,-0.69580078125,-0.048828125,-1.42822265625,-0.048828125,-1.03759765625,-0.10986328125,0.42724609375,-0.0732421875,0.67138671875,-0.1220703125,0.25634765625,-0.1220703125,0.13427734375,0.18310546875,0.25634765625,-0.18310546875,-0.03662109375,-0.048828125,0.91552734375,0.048828125,-0.4150390625,-0.18310546875,-0.40283203125
1,0.5859375,-0.244140625,0.62255859375,-0.2685546875,-0.57373046875,-0.42724609375,0.1953125,0.01220703125,-0.0732421875,1.03759765625,-0.15869140625,0.048828125,-0.1220703125,1.7822265625,-0.28076171875,4.4677734375,-0.048828125,-1.0498046875,-0.2685546875,-0.59814453125,-0.0244140625,0.439453125,-0.146484375,-0.9521484375,0.048828125,-0.15869140625,-0.23193359375,-0.7568359375,-0.01220703125,0.927734375,-0.01220703125,0.244140625,-0.5859375,-0.20751953125,0.13427734375,-0.74462890625,-0.29296875,-0.3662109375,0.06103515625,-0.7080078125,-0.29296875,-0.15869140625,-0.01220703125,-0.62255859375,-0.20751953125,-0.32958984375,-0.01220703125,0.52490234375,-0.1953125,1.318359375,0.03662109375,0.48828125,-0.1708984375,-0.1708984375,-0.0732421875,0.76904296875,-0.6591796875,1.0498046875,0.5859375,1.46484375,-0.47607421875,0.4638671875,-0.06103515625,0.09765625,0.2685546875,0.30517578125,-0.0732421875,1.06201171875,-0.10986328125,0.18310546875,-0.25634765625,0.2197265625,0.06103515625,0.35400390625,-0.048828125,0.84228515625,-0.146484375,0.06103515625,-0.0244140625,1.416015625,0.37841796875,-1.025390625,0.0732421875,-0.32958984375,-0.08544921875,-1.01318359375,0.08544921875,-0.79345703125,-0.1220703125,-1.52587890625,-0.08544921875,-0.2685546875,0.439453125,-0.32958984375,0.09765625,-1.1474609375,-0.18310546875,-0.64697265625,-0.1220703125,-0.29296875,0.048828125,-0.52490234375,-0.10986328125,0.23193359375,0.20751953125,-0.68359375,-0.18310546875,-1.45263671875,-0.03662109375,-1.0498046875,-0.13427734375,0.42724609375,0,0.74462890625,-0.01220703125,0.30517578125,-0.048828125,0.146484375,0.25634765625,0.35400390625,-0.1953125,-0.03662109375,-0.048828125,0.9033203125,0.0244140625,-0.45166015625,-0.2197265625,-0.4150390625
1,0.5859375,-0.25634765625,0.59814453125,-0.244140625,-0.5615234375,-0.4150390625,0.1953125,0,-0.0732421875,1.01318359375,-0.1708984375,0.0244140625,-0.1708984375,1.79443359375,-0.32958984375,4.33349609375,-0.03662109375,-1.06201171875,-0.30517578125,-0.5859375,-0.18310546875,0.390625,-0.18310546875,-0.96435546875,0.15869140625,-0.1708984375,-0.18310546875,-0.7568359375,0.048828125,0.93994140625,-0.06103515625,0.244140625,-0.5615234375,-0.23193359375,0.15869140625,-0.74462890625,-0.25634765625,-0.40283203125,0.08544921875,-0.69580078125,-0.15869140625,-0.1708984375,-0.048828125,-0.6591796875,-0.18310546875,-0.40283203125,-0.048828125,0.52490234375,-0.146484375,1.26953125,0.06103515625,0.50048828125,-0.1708984375,-0.15869140625,-0.09765625,0.78125,-0.64697265625,1.03759765625,0.4150390625,1.33056640625,-0.37841796875,0.4638671875,-0.1220703125,0.1220703125,0.1953125,0.341796875,-0.1220703125,1.0498046875,-0.10986328125,0.18310546875,-0.30517578125,0.244140625,0.03662109375,0.341796875,-0.06103515625,0.87890625,-0.10986328125,0.06103515625,-0.03662109375,1.416015625,0.3662109375,-1.01318359375,0.0244140625,-0.32958984375,-0.0732421875,-1.025390625,-0.0244140625,-0.79345703125,-0.0732421875,-1.513671875,-0.03662109375,-0.244140625,0.42724609375,-0.30517578125,0.1708984375,-1.11083984375,-0.09765625,-0.634765625,-0.146484375,-0.2685546875,0.048828125,-0.5126953125,-0.13427734375,0.2685546875,0.25634765625,-0.67138671875,-0.3173828125,-1.46484375,-0.048828125,-1.03759765625,-0.1220703125,0.42724609375,0,0.830078125,0,0.390625,-0.06103515625,0.1953125,0.37841796875,0.439453125,-0.20751953125,-0.03662109375,-0.03662109375,0.8544921875,0.048828125,-0.47607421875,-0.2685546875,-0.47607421875
1,0.62255859375,-0.2685546875,0.62255859375,-0.2197265625,-0.54931640625,-0.37841796875,0.15869140625,0,-0.09765625,1.03759765625,-0.18310546875,0.048828125,-0.1953125,1.81884765625,-0.3173828125,4.4189453125,-0.03662109375,-1.06201171875,-0.3662109375,-0.54931640625,-0.29296875,0.3662109375,-0.28076171875,-0.96435546875,0.146484375,-0.18310546875,-0.10986328125,-0.74462890625,0.0732421875,0.96435546875,-0.13427734375,0.244140625,-0.4638671875,-0.25634765625,0.23193359375,-0.7568359375,-0.23193359375,-0.40283203125,0.10986328125,-0.69580078125,-0.06103515625,-0.20751953125,-0.048828125,-0.64697265625,-0.13427734375,-0.439453125,-0.0732421875,0.54931640625,0.0244140625,1.25732421875,0.06103515625,0.50048828125,-0.1708984375,-0.13427734375,-0.1220703125,0.7568359375,-0.67138671875,0.9765625,0.3173828125,1.1474609375,-0.30517578125,0.50048828125,-0.08544921875,0.13427734375,0.08544921875,0.3173828125,-0.18310546875,1.03759765625,-0.1220703125,0.20751953125,-0.32958984375,0.244140625,-0.0244140625,0.35400390625,-0.10986328125,0.9033203125,-0.0732421875,0.0732421875,-0.048828125,1.3916015625,0.30517578125,-1.0009765625,0,-0.341796875,-0.06103515625,-1.025390625,-0.18310546875,-0.76904296875,-0.03662109375,-1.4892578125,0.0244140625,-0.23193359375,0.42724609375,-0.30517578125,0.23193359375,-1.0986328125,-0.01220703125,-0.6591796875,-0.18310546875,-0.29296875,0.0244140625,-0.5615234375,-0.13427734375,0.244140625,0.1953125,-0.68359375,-0.3662109375,-1.4404296875,-0.06103515625,-1.03759765625,-0.146484375,0.439453125,-0.048828125,0.98876953125,0.01220703125,0.537109375,-0.0732421875,0.28076171875,0.32958984375,0.52490234375,-0.23193359375,-0.03662109375,-0.0244140625,0.830078125,0.0732421875,-0.48828125,-0.29296875,-0.50048828125
1,0.68359375,-0.28076171875,0.7080078125,-0.18310546875,-0.537109375,-0.3662109375,0.15869140625,0.03662109375,-0.13427734375,1.06201171875,-0.18310546875,0.10986328125,-0.20751953125,1.85546875,-0.3173828125,4.6630859375,-0.048828125,-1.01318359375,-0.47607421875,-0.47607421875,-0.48828125,0.42724609375,-0.40283203125,-0.91552734375,0.15869140625,-0.1708984375,-0.03662109375,-0.7568359375,0.048828125,0.96435546875,-0.146484375,0.244140625,-0.30517578125,-0.28076171875,0.32958984375,-0.7568359375,-0.18310546875,-0.4150390625,0.13427734375,-0.68359375,0.0244140625,-0.20751953125,-0.01220703125,-0.64697265625,-0.08544921875,-0.47607421875,-0.0732421875,0.537109375,0.13427734375,1.23291015625,0.01220703125,0.5126953125,-0.146484375,-0.13427734375,-0.146484375,0.7568359375,-0.6591796875,0.9033203125,0.37841796875,0.9521484375,-0.2197265625,0.52490234375,-0.01220703125,0.146484375,0.01220703125,0.30517578125,-0.15869140625,1.0498046875,-0.10986328125,0.2197265625,-0.35400390625,0.25634765625,-0.0732421875,0.341796875,-0.10986328125,0.927734375,0,0.06103515625,-0.13427734375,1.3671875,0.2197265625,-0.98876953125,0,-0.32958984375,-0.048828125,-1.0009765625,-0.29296875,-0.7568359375,0.0244140625,-1.50146484375,0.09765625,-0.2197265625,0.37841796875,-0.29296875,0.25634765625,-1.08642578125,0.048828125,-0.732421875,-0.06103515625,-0.390625,-0.01220703125,-0.634765625,-0.13427734375,0.18310546875,0.06103515625,-0.68359375,-0.341796875,-1.45263671875,-0.10986328125,-1.025390625,-0.15869140625,0.4150390625,-0.0244140625,1.18408203125,0.0732421875,0.7080078125,-0.048828125,0.390625,0.3662109375,0.59814453125,-0.244140625,-0.03662109375,-0.0244140625,0.830078125,0.06103515625,-0.50048828125,-0.32958984375,-0.537109375
1,0.7080078125,-0.25634765625,0.67138671875,-0.13427734375,-0.5126953125,-0.37841796875,0.15869140625,0.03662109375,-0.13427734375,1.0986328125,-0.18310546875,0.15869140625,-0.23193359375,1.904296875,-0.30517578125,4.931640625,-0.048828125,-0.927734375,-0.390625,-0.390625,-0.439453125,0.48828125,-0.341796875,-0.84228515625,0.146484375,-0.15869140625,0.0244140625,-0.74462890625,-0.01220703125,0.9765625,-0.146484375,0.244140625,-0.244140625,-0.30517578125,0.341796875,-0.79345703125,-0.1220703125,-0.45166015625,0.1220703125,-0.68359375,0.01220703125,-0.20751953125,0.0244140625,-0.634765625,0.06103515625,-0.47607421875,-0.1220703125,0.54931640625,0.244140625,1.2451171875,-0.03662109375,0.5126953125,-0.15869140625,-0.13427734375,-0.146484375,0.7568359375,-0.69580078125,0.830078125,0.32958984375,0.7568359375,-0.1953125,0.537109375,0.0732421875,0.146484375,-0.0732421875,0.28076171875,-0.1953125,1.03759765625,-0.10986328125,0.23193359375,-0.390625,0.25634765625,-0.10986328125,0.3173828125,-0.146484375,0.927734375,0.03662109375,0.06103515625,-0.18310546875,1.35498046875,0.0732421875,-0.93994140625,-0.01220703125,-0.30517578125,-0.13427734375,-0.96435546875,-0.42724609375,-0.732421875,0.03662109375,-1.47705078125,0.1953125,-0.18310546875,0.3173828125,-0.25634765625,0.20751953125,-1.0986328125,0.0732421875,-0.830078125,0.0244140625,-0.50048828125,-0.06103515625,-0.69580078125,-0.13427734375,0.09765625,-0.1220703125,-0.69580078125,-0.23193359375,-1.42822265625,-0.15869140625,-1.01318359375,-0.15869140625,0.42724609375,-0.0732421875,1.318359375,0.0732421875,0.9033203125,-0.09765625,0.50048828125,0.25634765625,0.634765625,-0.25634765625,-0.01220703125,-0.0244140625,0.8056640625,0.06103515625,-0.50048828125,-0.3173828125,-0.54931640625
1,0.732421875,-0.2197265625,0.7080078125,-0.0732421875,-0.5859375,-0.35400390625,0.1708984375,0.01220703125,-0.15869140625,1.0986328125,-0.15869140625,0.1953125,-0.244140625,1.91650390625,-0.3173828125,5.13916015625,-0.08544921875,-0.81787109375,-0.341796875,-0.2685546875,-0.390625,0.57373046875,-0.3173828125,-0.7568359375,0.08544921875,-0.13427734375,0.06103515625,-0.732421875,-0.1220703125,0.98876953125,-0.09765625,0.25634765625,-0.18310546875,-0.341796875,0.35400390625,-0.830078125,0,-0.45166015625,0.09765625,-0.68359375,0.0244140625,-0.1953125,0.0732421875,-0.62255859375,0.1220703125,-0.47607421875,-0.13427734375,0.5615234375,0.341796875,1.2451171875,-0.13427734375,0.5126953125,-0.1708984375,-0.13427734375,-0.13427734375,0.74462890625,-0.634765625,0.74462890625,0.3173828125,0.5859375,-0.2197265625,0.5615234375,0.20751953125,0.15869140625,-0.20751953125,0.25634765625,-0.15869140625,1.03759765625,-0.09765625,0.244140625,-0.4150390625,0.25634765625,-0.15869140625,0.30517578125,-0.13427734375,0.927734375,0.048828125,0.06103515625,-0.18310546875,1.33056640625,0,-0.9033203125,-0.01220703125,-0.30517578125,-0.18310546875,-0.9521484375,-0.47607421875,-0.72021484375,0.0244140625,-1.46484375,0.2197265625,-0.20751953125,0.28076171875,-0.20751953125,0.1708984375,-1.13525390625,0.06103515625,-0.927734375,0.10986328125,-0.5615234375,-0.1220703125,-0.7568359375,-0.15869140625,0.01220703125,-0.2197265625,-0.732421875,-0.0732421875,-1.4404296875,-0.2197265625,-1.0009765625,-0.18310546875,0.42724609375,-0.03662109375,1.3916015625,0.13427734375,0.98876953125,-0.06103515625,0.5859375,0.45166015625,0.634765625,-0.25634765625,-0.0244140625,-0.0244140625,0.8056640625,0.01220703125,-0.5126953125,-0.30517578125,-0.54931640625
1,0.74462890625,-0.2197265625,0.76904296875,-0.048828125,-0.5615234375,-0.35400390625,0.15869140625,0.03662109375,-0.146484375,1.07421875,-0.13427734375,0.20751953125,-0.23193359375,1.904296875,-0.29296875,5.17578125,-0.13427734375,-0.72021484375,-0.35400390625,-0.18310546875,-0.3662109375,0.67138671875,-0.30517578125,-0.67138671875,0.06103515625,-0.10986328125,0.048828125,-0.7568359375,-0.28076171875,0.98876953125,-0.08544921875,0.244140625,-0.1708984375,-0.30517578125,0.32958984375,-0.8544921875,0.048828125,-0.45166015625,0.08544921875,-0.69580078125,-0.01220703125,-0.1953125,0.146484375,-0.64697265625,0.18310546875,-0.439453125,-0.1953125,0.5615234375,0.29296875,1.25732421875,-0.20751953125,0.52490234375,-0.13427734375,-0.13427734375,-0.1708984375,0.74462890625,-0.67138671875,0.6591796875,0.35400390625,0.48828125,-0.2685546875,0.54931640625,0.29296875,0.146484375,-0.28076171875,0.244140625,-0.13427734375,1.03759765625,-0.09765625,0.25634765625,-0.4150390625,0.244140625,-0.1953125,0.29296875,-0.10986328125,0.9521484375,0.0732421875,0.01220703125,-0.18310546875,1.3427734375,-0.0732421875,-0.8544921875,-0.03662109375,-0.29296875,-0.25634765625,-0.9521484375,-0.40283203125,-0.7080078125,0,-1.47705078125,0.244140625,-0.1953125,0.29296875,-0.2197265625,0.0732421875,-1.18408203125,0.048828125,-0.9765625,0.20751953125,-0.57373046875,-0.15869140625,-0.78125,-0.13427734375,-0.06103515625,-0.244140625,-0.74462890625,0.0244140625,-1.4404296875,-0.29296875,-0.98876953125,-0.18310546875,0.439453125,-0.03662109375,1.37939453125,0.13427734375,1.025390625,-0.08544921875,0.5615234375,0.45166015625,0.5859375,-0.25634765625,0,-0.06103515625,0.79345703125,-0.0244140625,-0.52490234375,-0.2685546875,-0.52490234375
1,0.69580078125,-0.20751953125,0.732421875,-0.03662109375,-0.59814453125,-0.35400390625,0.1220703125,0.01220703125,-0.146484375,1.0009765625,-0.1220703125,0.146484375,-0.1953125,1.81884765625,-0.18310546875,4.931640625,-0.06103515625,-0.59814453125,-0.20751953125,-0.08544921875,-0.15869140625,0.7568359375,-0.09765625,-0.6103515625,0,-0.09765625,-0.0244140625,-0.7568359375,-0.3662109375,0.9765625,-0.146484375,0.23193359375,-0.20751953125,-0.3173828125,0.32958984375,-0.8544921875,0.08544921875,-0.4638671875,0.0732421875,-0.69580078125,-0.048828125,-0.20751953125,0.18310546875,-0.64697265625,0.2685546875,-0.40283203125,-0.1708984375,0.54931640625,0.2685546875,1.28173828125,-0.244140625,0.52490234375,-0.1708984375,-0.13427734375,-0.1708984375,0.732421875,-0.68359375,0.6103515625,0.29296875,0.45166015625,-0.23193359375,0.52490234375,0.42724609375,0.15869140625,-0.341796875,0.2197265625,-0.13427734375,1.025390625,-0.09765625,0.23193359375,-0.37841796875,0.25634765625,-0.25634765625,0.2685546875,-0.1220703125,0.91552734375,0.09765625,0.0244140625,-0.146484375,1.33056640625,-0.1220703125,-0.84228515625,-0.08544921875,-0.28076171875,-0.3173828125,-0.927734375,-0.30517578125,-0.732421875,0,-1.47705078125,0.2197265625,-0.2197265625,0.3173828125,-0.18310546875,-0.06103515625,-1.23291015625,-0.0244140625,-0.98876953125,0.28076171875,-0.47607421875,-0.2197265625,-0.76904296875,-0.1220703125,-0.0732421875,-0.20751953125,-0.74462890625,0.10986328125,-1.42822265625,-0.35400390625,-1.0009765625,-0.20751953125,0.42724609375,-0.09765625,1.2939453125,0.10986328125,0.9765625,-0.08544921875,0.537109375,0.40283203125,0.537109375,-0.2685546875,0.01220703125,-0.09765625,0.830078125,-0.03662109375,-0.48828125,-0.2197265625,-0.50048828125
1,0.7080078125,-0.23193359375,0.7568359375,-0.06103515625,-0.57373046875,-0.37841796875,0.10986328125,0,-0.1708984375,0.87890625,-0.13427734375,0.0244140625,-0.1708984375,1.69677734375,-0.23193359375,4.345703125,-0.06103515625,-0.50048828125,-0.13427734375,-0.01220703125,-0.0732421875,0.81787109375,-0.01220703125,-0.52490234375,0,-0.08544921875,-0.09765625,-0.7568359375,-0.439453125,0.9765625,-0.2197265625,0.2197265625,-0.2685546875,-0.30517578125,0.341796875,-0.87890625,0.08544921875,-0.45166015625,0.0732421875,-0.7080078125,-0.06103515625,-0.18310546875,0.18310546875,-0.64697265625,0.23193359375,-0.37841796875,-0.13427734375,0.54931640625,0.23193359375,1.318359375,-0.2685546875,0.52490234375,-0.1708984375,-0.13427734375,-0.18310546875,0.74462890625,-0.7080078125,0.54931640625,0.3173828125,0.47607421875,-0.244140625,0.5126953125,0.50048828125,0.1220703125,-0.37841796875,0.20751953125,-0.1220703125,1.03759765625,-0.1220703125,0.2197265625,-0.32958984375,0.23193359375,-0.29296875,0.25634765625,-0.0732421875,0.927734375,0.0732421875,0.01220703125,-0.13427734375,1.3671875,-0.10986328125,-0.8544921875,-0.09765625,-0.29296875,-0.3173828125,-0.9521484375,-0.146484375,-0.74462890625,0,-1.513671875,0.13427734375,-0.244140625,0.341796875,-0.244140625,-0.2197265625,-1.25732421875,-0.048828125,-0.89111328125,0.37841796875,-0.2197265625,-0.1953125,-0.67138671875,-0.0732421875,0.0244140625,-0.1220703125,-0.732421875,0.09765625,-1.416015625,-0.341796875,-1.0009765625,-0.18310546875,0.439453125,-0.0732421875,1.13525390625,0.1220703125,0.84228515625,-0.0732421875,0.45166015625,0.439453125,0.45166015625,-0.25634765625,0.01220703125,-0.09765625,0.8544921875,-0.03662109375,-0.42724609375,-0.1953125,-0.45166015625
0,0.74462890625,-0.244140625,0.732421875,-0.0732421875,-0.5126953125,-0.37841796875,0.09765625,0.0244140625,-0.146484375,0.72021484375,-0.1220703125,-0.15869140625,-0.13427734375,1.52587890625,-0.09765625,3.55224609375,0,-0.390625,-0.0732421875,0.0732421875,0.06103515625,0.86669921875,0.1220703125,-0.45166015625,0,-0.10986328125,-0.20751953125,-0.76904296875,-0.40283203125,0.96435546875,-0.244140625,0.2197265625,-0.244140625,-0.28076171875,0.3662109375,-0.87890625,0.0244140625,-0.439453125,0.06103515625,-0.69580078125,-0.08544921875,-0.18310546875,0.18310546875,-0.64697265625,0.2197265625,-0.3662109375,-0.0732421875,0.54931640625,0.10986328125,1.30615234375,-0.28076171875,0.5126953125,-0.15869140625,-0.1220703125,-0.20751953125,0.76904296875,-0.69580078125,0.54931640625,0.45166015625,0.5615234375,-0.1953125,0.5126953125,0.50048828125,0.1220703125,-0.390625,0.1953125,-0.06103515625,1.0498046875,-0.15869140625,0.1953125,-0.30517578125,0.23193359375,-0.30517578125,0.2685546875,-0.06103515625,0.91552734375,0.08544921875,0.01220703125,-0.08544921875,1.35498046875,-0.10986328125,-0.87890625,-0.08544921875,-0.28076171875,-0.28076171875,-0.9521484375,-0.03662109375,-0.74462890625,-0.0244140625,-1.52587890625,0.06103515625,-0.244140625,0.28076171875,-0.2685546875,-0.341796875,-1.28173828125,-0.06103515625,-0.67138671875,0.25634765625,0.18310546875,-0.20751953125,-0.5126953125,-0.06103515625,0.2197265625,0.0244140625,-0.732421875,0.06103515625,-1.4404296875,-0.35400390625,-0.98876953125,-0.146484375,0.42724609375,-0.08544921875,0.93994140625,0.1220703125,0.67138671875,-0.08544921875,0.341796875,0.47607421875,0.439453125,-0.28076171875,-0.01220703125,-0.08544921875,0.86669921875,-0.0732421875,-0.4150390625,-0.1708984375,-0.42724609375
0,0.76904296875,-0.29296875,0.74462890625,-0.1220703125,-0.52490234375,-0.390625,0.1220703125,0.0244140625,-0.13427734375,0.50048828125,-0.13427734375,-0.390625,-0.1220703125,1.30615234375,-0.06103515625,2.5146484375,0.08544921875,-0.2685546875,0.06103515625,0.15869140625,0.2197265625,0.93994140625,0.23193359375,-0.390625,0.03662109375,-0.10986328125,-0.30517578125,-0.78125,-0.35400390625,0.96435546875,-0.29296875,0.2197265625,-0.25634765625,-0.244140625,0.37841796875,-0.87890625,-0.048828125,-0.4150390625,0.06103515625,-0.7080078125,-0.10986328125,-0.1708984375,0.18310546875,-0.67138671875,0.15869140625,-0.341796875,0.03662109375,0.537109375,0.01220703125,1.2939453125,-0.2685546875,0.5126953125,-0.1220703125,-0.146484375,-0.23193359375,0.7568359375,-0.634765625,0.5615234375,0.390625,0.64697265625,-0.146484375,0.50048828125,0.5126953125,0.10986328125,-0.45166015625,0.20751953125,-0.03662109375,1.03759765625,-0.146484375,0.20751953125,-0.28076171875,0.20751953125,-0.32958984375,0.29296875,-0.048828125,0.93994140625,0.0732421875,0.01220703125,-0.01220703125,1.3671875,-0.06103515625,-0.9033203125,-0.0732421875,-0.2685546875,-0.23193359375,-0.9765625,0.03662109375,-0.74462890625,-0.048828125,-1.55029296875,-0.01220703125,-0.28076171875,0.18310546875,-0.29296875,-0.4150390625,-1.28173828125,-0.03662109375,-0.341796875,0.18310546875,0.76904296875,-0.15869140625,-0.2685546875,-0.06103515625,0.47607421875,0.15869140625,-0.72021484375,-0.01220703125,-1.4404296875,-0.30517578125,-1.03759765625,-0.1708984375,0.439453125,-0.10986328125,0.78125,0.1220703125,0.52490234375,-0.08544921875,0.1953125,0.48828125,0.52490234375,-0.2685546875,-0.0244140625,-0.0732421875,0.89111328125,-0.0732421875,-0.42724609375,-0.15869140625,-0.40283203125
0,0.8056640625,-0.35400390625,0.72021484375,-0.18310546875,-0.5126953125,-0.37841796875,0.10986328125,0.0244140625,-0.146484375,0.2685546875,-0.13427734375,-0.59814453125,-0.13427734375,1.07421875,-0.01220703125,1.4404296875,0.0732421875,-0.15869140625,-0.01220703125,0.2197265625,0.1953125,1.01318359375,0.23193359375,-0.3173828125,0.08544921875,-0.10986328125,-0.35400390625,-0.74462890625,-0.23193359375,0.9521484375,-0.30517578125,0.20751953125,-0.2197265625,-0.2197265625,0.42724609375,-0.87890625,-0.146484375,-0.4150390625,0.08544921875,-0.732421875,-0.18310546875,-0.15869140625,0.1220703125,-0.67138671875,0.09765625,-0.32958984375,0.08544921875,0.537109375,-0.0732421875,1.26953125,-0.20751953125,0.52490234375,-0.1220703125,-0.13427734375,-0.244140625,0.76904296875,-0.5615234375,0.57373046875,0.3662109375,0.7080078125,-0.10986328125,0.5126953125,0.42724609375,0.10986328125,-0.439453125,0.244140625,0.0244140625,1.06201171875,-0.13427734375,0.1953125,-0.244140625,0.23193359375,-0.3173828125,0.3173828125,-0.0244140625,0.927734375,0.03662109375,0,0.0244140625,1.37939453125,0.0244140625,-0.9521484375,-0.048828125,-0.28076171875,-0.1220703125,-1.0009765625,0.01220703125,-0.76904296875,-0.048828125,-1.57470703125,-0.09765625,-0.28076171875,0.09765625,-0.32958984375,-0.341796875,-1.26953125,-0.06103515625,0.048828125,0.01220703125,1.52587890625,-0.10986328125,0.0244140625,-0.09765625,0.84228515625,0.341796875,-0.69580078125,-0.0732421875,-1.45263671875,-0.25634765625,-1.03759765625,-0.20751953125,0.45166015625,-0.10986328125,0.74462890625,0.13427734375,0.47607421875,-0.06103515625,0.15869140625,0.537109375,0.7568359375,-0.25634765625,-0.048828125,-0.06103515625,0.86669921875,-0.048828125,-0.42724609375,-0.1220703125,-0.4150390625
0,0.7568359375,-0.390625,0.7568359375,-0.244140625,-0.54931640625,-0.390625,0.09765625,0.03662109375,-0.146484375,0.08544921875,-0.146484375,-0.81787109375,-0.10986328125,0.89111328125,0.048828125,0.42724609375,0.10986328125,-0.06103515625,-0.01220703125,0.3173828125,0.20751953125,1.0498046875,0.25634765625,-0.244140625,0.08544921875,-0.13427734375,-0.40283203125,-0.732421875,-0.1220703125,0.96435546875,-0.2685546875,0.2197265625,-0.244140625,-0.23193359375,0.3662109375,-0.8544921875,-0.2197265625,-0.4150390625,0.06103515625,-0.72021484375,-0.23193359375,-0.18310546875,0.048828125,-0.67138671875,0.0732421875,-0.3662109375,0.09765625,0.537109375,-0.08544921875,1.220703125,-0.10986328125,0.52490234375,-0.10986328125,-0.09765625,-0.244140625,0.74462890625,-0.4638671875,0.62255859375,0.42724609375,0.78125,0.0244140625,0.50048828125,0.3662109375,0.08544921875,-0.42724609375,0.28076171875,0.09765625,1.0498046875,-0.09765625,0.18310546875,-0.244140625,0.2197265625,-0.28076171875,0.35400390625,-0.0244140625,0.927734375,0.0732421875,0.0244140625,0.06103515625,1.3916015625,0.10986328125,-0.9765625,0.01220703125,-0.29296875,-0.03662109375,-1.025390625,-0.048828125,-0.79345703125,-0.0732421875,-1.5625,-0.1220703125,-0.29296875,-0.03662109375,-0.32958984375,-0.20751953125,-1.23291015625,-0.15869140625,0.5126953125,-0.0244140625,2.35595703125,-0.0732421875,0.32958984375,-0.08544921875,1.23291015625,0.4638671875,-0.68359375,-0.1220703125,-1.4404296875,-0.1953125,-1.03759765625,-0.23193359375,0.439453125,-0.0732421875,0.8544921875,0.1708984375,0.57373046875,-0.06103515625,0.2197265625,0.537109375,1.1962890625,-0.2685546875,-0.03662109375,-0.048828125,0.87890625,-0.0244140625,-0.45166015625,-0.146484375,-0.4150390625
0,0.732421875,-0.4638671875,0.732421875,-0.28076171875,-0.5615234375,-0.37841796875,0.0732421875,0.048828125,-0.1220703125,-0.10986328125,-0.1220703125,-0.98876953125,-0.10986328125,0.72021484375,0.048828125,-0.3662109375,0.146484375,0.03662109375,-0.03662109375,0.37841796875,0.146484375,1.08642578125,0.2685546875,-0.1953125,0.09765625,-0.146484375,-0.35400390625,-0.74462890625,-0.048828125,0.96435546875,-0.2197265625,0.23193359375,-0.23193359375,-0.23193359375,0.2197265625,-0.830078125,-0.28076171875,-0.390625,0.03662109375,-0.7080078125,-0.29296875,-0.15869140625,-0.06103515625,-0.6591796875,-0.0244140625,-0.390625,0.10986328125,0.54931640625,-0.048828125,1.171875,-0.03662109375,0.5615234375,-0.10986328125,-0.09765625,-0.2197265625,0.74462890625,-0.4638671875,0.64697265625,0.3662109375,0.8056640625,0.0244140625,0.52490234375,0.29296875,0.10986328125,-0.40283203125,0.30517578125,0.1220703125,1.03759765625,-0.06103515625,0.1953125,-0.28076171875,0.244140625,-0.20751953125,0.32958984375,0.01220703125,0.927734375,0.06103515625,0.03662109375,0.08544921875,1.416015625,0.13427734375,-1.0009765625,0.06103515625,-0.30517578125,0.048828125,-1.025390625,-0.09765625,-0.79345703125,-0.1220703125,-1.55029296875,-0.146484375,-0.28076171875,-0.0732421875,-0.32958984375,-0.048828125,-1.20849609375,-0.2197265625,0.96435546875,-0.03662109375,3.2470703125,-0.01220703125,0.62255859375,-0.0732421875,1.62353515625,0.5126953125,-0.68359375,-0.1220703125,-1.4404296875,-0.15869140625,-1.0498046875,-0.244140625,0.439453125,-0.08544921875,1.13525390625,0.1708984375,0.81787109375,-0.06103515625,0.390625,0.537109375,1.85546875,-0.244140625,0,-0.048828125,0.87890625,0.01220703125,-0.47607421875,-0.13427734375,-0.45166015625
0,0.7080078125,-0.48828125,0.78125,-0.32958984375,-0.50048828125,-0.37841796875,0.048828125,0.048828125,-0.10986328125,-0.20751953125,-0.1220703125,-1.08642578125,-0.09765625,0.6591796875,0.03662109375,-0.81787109375,0.1708984375,0.13427734375,-0.06103515625,0.439453125,0.0732421875,1.11083984375,0.25634765625,-0.146484375,0.08544921875,-0.15869140625,-0.30517578125,-0.74462890625,0.01220703125,0.96435546875,-0.10986328125,0.23193359375,-0.25634765625,-0.244140625,0.08544921875,-0.830078125,-0.30517578125,-0.40283203125,0.01220703125,-0.7080078125,-0.3173828125,-0.15869140625,-0.09765625,-0.64697265625,-0.1220703125,-0.4150390625,0.08544921875,0.54931640625,-0.08544921875,1.11083984375,0.06103515625,0.537109375,-0.08544921875,-0.09765625,-0.18310546875,0.74462890625,-0.47607421875,0.68359375,0.25634765625,0.79345703125,0.06103515625,0.537109375,0.2197265625,0.09765625,-0.35400390625,0.341796875,0.13427734375,1.0498046875,-0.03662109375,0.25634765625,-0.28076171875,0.23193359375,-0.146484375,0.32958984375,0.01220703125,0.9521484375,0.06103515625,0.048828125,0.09765625,1.416015625,0.1708984375,-1.0009765625,0.13427734375,-0.3173828125,0.08544921875,-1.025390625,-0.1220703125,-0.79345703125,-0.15869140625,-1.55029296875,-0.08544921875,-0.28076171875,-0.09765625,-0.32958984375,0.13427734375,-1.1962890625,-0.2685546875,1.416015625,-0.06103515625,4.08935546875,0.03662109375,0.91552734375,-0.0244140625,2.01416015625,0.4638671875,-0.69580078125,-0.08544921875,-1.4404296875,-0.10986328125,-1.03759765625,-0.25634765625,0.439453125,-0.10986328125,1.611328125,0.146484375,1.26953125,-0.06103515625,0.69580078125,0.4638671875,2.74658203125,-0.23193359375,0.03662109375,-0.01220703125,0.87890625,0.03662109375,-0.5126953125,-0.1708984375,-0.4638671875
0,0.68359375,-0.48828125,0.76904296875,-0.341796875,-0.47607421875,-0.37841796875,0.048828125,0.06103515625,-0.1220703125,-0.23193359375,-0.10986328125,-1.0986328125,-0.06103515625,0.64697265625,-0.0244140625,-0.830078125,0.18310546875,0.18310546875,-0.146484375,0.47607421875,-0.01220703125,1.15966796875,0.2197265625,-0.08544921875,0.06103515625,-0.15869140625,-0.2197265625,-0.732421875,0.01220703125,0.96435546875,0,0.244140625,-0.28076171875,-0.28076171875,-0.03662109375,-0.81787109375,-0.30517578125,-0.4150390625,-0.0244140625,-0.7080078125,-0.3173828125,-0.15869140625,-0.1220703125,-0.62255859375,-0.09765625,-0.4638671875,0.13427734375,0.54931640625,0,1.0986328125,0.146484375,0.5126953125,0.01220703125,-0.1220703125,-0.146484375,0.74462890625,-0.52490234375,0.68359375,0.3173828125,0.74462890625,0.08544921875,0.5615234375,0.25634765625,0.10986328125,-0.28076171875,0.3662109375,0.1708984375,1.06201171875,-0.01220703125,0.25634765625,-0.30517578125,0.244140625,-0.08544921875,0.35400390625,0.0244140625,0.9521484375,0.0732421875,0.048828125,0.06103515625,1.416015625,0.18310546875,-1.0009765625,0.20751953125,-0.29296875,0.0732421875,-1.0009765625,-0.146484375,-0.8056640625,-0.18310546875,-1.50146484375,-0.06103515625,-0.244140625,-0.06103515625,-0.3173828125,0.1708984375,-1.1962890625,-0.35400390625,1.7822265625,-0.10986328125,4.8828125,0.08544921875,1.18408203125,0,2.33154296875,0.25634765625,-0.72021484375,0,-1.45263671875,-0.06103515625,-1.025390625,-0.244140625,0.439453125,-0.0732421875,2.20947265625,0.18310546875,1.91650390625,-0.0732421875,1.123046875,0.52490234375,3.77197265625,-0.2197265625,0.08544921875,-0.03662109375,0.86669921875,0.0244140625,-0.52490234375,-0.1953125,-0.47607421875
0,0.68359375,-0.4638671875,0.732421875,-0.35400390625,-0.4638671875,-0.37841796875,0.048828125,0.03662109375,-0.1220703125,-0.146484375,-0.10986328125,-1.01318359375,-0.048828125,0.76904296875,-0.03662109375,-0.37841796875,0.08544921875,0.1953125,-0.1953125,0.50048828125,-0.08544921875,1.1474609375,0.13427734375,-0.09765625,0.06103515625,-0.1708984375,-0.1220703125,-0.732421875,0,1.0009765625,0.06103515625,0.244140625,-0.30517578125,-0.29296875,-0.13427734375,-0.830078125,-0.2685546875,-0.42724609375,-0.06103515625,-0.7080078125,-0.28076171875,-0.18310546875,-0.0732421875,-0.6103515625,-0.1708984375,-0.47607421875,0.1708984375,0.537109375,0.10986328125,1.0498046875,0.1953125,0.5126953125,0.0732421875,-0.146484375,-0.08544921875,0.74462890625,-0.5615234375,0.68359375,0.18310546875,0.68359375,0.03662109375,0.5615234375,0.3173828125,0.1220703125,-0.18310546875,0.35400390625,0.18310546875,1.06201171875,-0.01220703125,0.244140625,-0.28076171875,0.244140625,0.01220703125,0.32958984375,0.06103515625,0.96435546875,0.06103515625,0.06103515625,0,1.3916015625,0.15869140625,-0.98876953125,0.25634765625,-0.29296875,0.0244140625,-1.0009765625,-0.08544921875,-0.76904296875,-0.23193359375,-1.4892578125,0.0244140625,-0.23193359375,0.08544921875,-0.29296875,0.20751953125,-1.20849609375,-0.35400390625,2.05078125,-0.1220703125,5.517578125,0.10986328125,1.40380859375,0.01220703125,2.62451171875,0.048828125,-0.7080078125,0.06103515625,-1.4404296875,-0.048828125,-1.025390625,-0.2197265625,0.42724609375,-0.0732421875,2.9052734375,0.1953125,2.63671875,-0.048828125,1.64794921875,0.37841796875,4.94384765625,-0.18310546875,0.10986328125,-0.03662109375,0.8544921875,0.0244140625,-0.537109375,-0.2197265625,-0.5126953125
0,0.67138671875,-0.439453125,0.72021484375,-0.30517578125,-0.48828125,-0.35400390625,0.01220703125,0.03662109375,-0.1708984375,0.0244140625,-0.1220703125,-0.81787109375,-0.0732421875,0.96435546875,-0.01220703125,0.4638671875,0,0.15869140625,-0.2685546875,0.47607421875,-0.15869140625,1.13525390625,0.01220703125,-0.10986328125,0.0732421875,-0.15869140625,-0.06103515625,-0.74462890625,0.01220703125,1.0009765625,0.13427734375,0.23193359375,-0.32958984375,-0.32958984375,-0.1953125,-0.830078125,-0.18310546875,-0.439453125,-0.1220703125,-0.72021484375,-0.244140625,-0.18310546875,-0.0244140625,-0.634765625,-0.2197265625,-0.50048828125,0.146484375,0.52490234375,0.15869140625,1.08642578125,0.244140625,0.48828125,0.15869140625,-0.15869140625,-0.01220703125,0.74462890625,-0.54931640625,0.69580078125,0.25634765625,0.6103515625,0.0244140625,0.5615234375,0.390625,0.13427734375,-0.0244140625,0.341796875,0.2197265625,1.0498046875,-0.01220703125,0.244140625,-0.25634765625,0.25634765625,0.06103515625,0.3173828125,0.08544921875,0.96435546875,0.06103515625,0.0732421875,-0.048828125,1.3916015625,0.146484375,-0.96435546875,0.29296875,-0.30517578125,-0.06103515625,-0.96435546875,-0.048828125,-0.7568359375,-0.23193359375,-1.4892578125,0.10986328125,-0.23193359375,0.20751953125,-0.2685546875,0.13427734375,-1.2451171875,-0.32958984375,2.24609375,0,5.96923828125,0.10986328125,1.5625,0,2.79541015625,-0.146484375,-0.74462890625,0.0732421875,-1.4404296875,-0.01220703125,-1.0009765625,-0.1953125,0.4150390625,-0.1220703125,3.62548828125,0.1953125,3.3935546875,-0.08544921875,2.1728515625,0.37841796875,6.11572265625,-0.18310546875,0.13427734375,-0.03662109375,0.830078125,0,-0.5126953125,-0.20751953125,-0.5126953125
0,0.64697265625,-0.390625,0.69580078125,-0.28076171875,-0.47607421875,-0.40283203125,0.01220703125,0.03662109375,-0.15869140625,0.28076171875,-0.1220703125,-0.537109375,-0.048828125,1.23291015625,0.0244140625,1.64794921875,-0.0732421875,0.08544921875,-0.32958984375,0.45166015625,-0.23193359375,1.07421875,-0.15869140625,-0.15869140625,0.09765625,-0.1708984375,-0.01220703125,-0.7568359375,-0.03662109375,0.98876953125,0.20751953125,0.244140625,-0.29296875,-0.3173828125,-0.244140625,-0.830078125,-0.1220703125,-0.439453125,-0.1708984375,-0.7080078125,-0.1953125,-0.1708984375,0.0244140625,-0.634765625,-0.15869140625,-0.50048828125,0.10986328125,0.54931640625,0.1953125,1.123046875,0.244140625,0.48828125,0.2685546875,-0.1953125,0.03662109375,0.74462890625,-0.6103515625,0.67138671875,0.244140625,0.52490234375,-0.03662109375,0.57373046875,0.42724609375,0.10986328125,0.09765625,0.29296875,0.2197265625,1.03759765625,-0.03662109375,0.23193359375,-0.2197265625,0.244140625,0.09765625,0.29296875,0.10986328125,0.927734375,0.0732421875,0.048828125,-0.09765625,1.3671875,0.15869140625,-0.91552734375,0.29296875,-0.2685546875,-0.18310546875,-0.93994140625,0,-0.732421875,-0.23193359375,-1.46484375,0.15869140625,-0.23193359375,0.32958984375,-0.25634765625,0.0732421875,-1.28173828125,-0.32958984375,2.30712890625,0.15869140625,6.21337890625,0.09765625,1.6357421875,-0.0244140625,2.8564453125,-0.3173828125,-0.76904296875,0.0244140625,-1.416015625,-0.0244140625,-0.9765625,-0.20751953125,0.4150390625,-0.08544921875,4.28466796875,0.244140625,4.13818359375,-0.09765625,2.685546875,0.439453125,7.2265625,-0.146484375,0.13427734375,-0.03662109375,0.81787109375,-0.048828125,-0.52490234375,-0.20751953125,-0.52490234375
0,0.54931640625,-0.341796875,0.69580078125,-0.25634765625,-0.45166015625,-0.390625,-0.0244140625,0.048828125,-0.146484375,0.6103515625,-0.09765625,-0.2197265625,-0.0244140625,1.52587890625,0.048828125,3.02734375,-0.13427734375,-0.01220703125,-0.30517578125,0.3662109375,-0.29296875,1.0009765625,-0.28076171875,-0.244140625,0.15869140625,-0.146484375,0,-0.76904296875,-0.08544921875,0.9765625,0.2197265625,0.244140625,-0.1953125,-0.32958984375,-0.20751953125,-0.8544921875,-0.048828125,-0.4150390625,-0.1953125,-0.7080078125,-0.13427734375,-0.15869140625,0.03662109375,-0.634765625,-0.1220703125,-0.4638671875,0.06103515625,0.54931640625,0.32958984375,1.1474609375,0.1953125,0.47607421875,0.29296875,-0.18310546875,0.048828125,0.74462890625,-0.6591796875,0.6591796875,0.28076171875,0.47607421875,-0.06103515625,0.5615234375,0.40283203125,0.10986328125,0.1708984375,0.23193359375,0.1708984375,1.03759765625,-0.0244140625,0.20751953125,-0.15869140625,0.244140625,0.10986328125,0.29296875,0.15869140625,0.96435546875,0.0732421875,0.01220703125,-0.146484375,1.35498046875,0.15869140625,-0.89111328125,0.25634765625,-0.28076171875,-0.23193359375,-0.91552734375,0.06103515625,-0.72021484375,-0.2197265625,-1.46484375,0.1708984375,-0.20751953125,0.4638671875,-0.23193359375,0.0244140625,-1.30615234375,-0.3173828125,2.28271484375,0.15869140625,6.26220703125,0.06103515625,1.62353515625,-0.048828125,2.8564453125,-0.32958984375,-0.76904296875,-0.0244140625,-1.42822265625,-0.03662109375,-1.0009765625,-0.25634765625,0.390625,-0.09765625,4.82177734375,0.244140625,4.74853515625,-0.09765625,3.08837890625,0.45166015625,8.23974609375,-0.13427734375,0.09765625,-0.0244140625,0.8056640625,-0.08544921875,-0.5126953125,-0.18310546875,-0.50048828125
0,0.52490234375,-0.29296875,0.7080078125,-0.2197265625,-0.4150390625,-0.4150390625,0,0.048828125,-0.13427734375,0.9765625,-0.08544921875,0.13427734375,-0.0244140625,1.85546875,0.0244140625,4.4677734375,-0.146484375,-0.10986328125,-0.3173828125,0.28076171875,-0.30517578125,0.9033203125,-0.40283203125,-0.341796875,0.2197265625,-0.13427734375,0.0244140625,-0.7568359375,-0.1220703125,0.9765625,0.2197265625,0.244140625,-0.048828125,-0.29296875,-0.15869140625,-0.830078125,-0.01220703125,-0.390625,-0.1708984375,-0.68359375,-0.09765625,-0.1708984375,0.06103515625,-0.6591796875,-0.01220703125,-0.42724609375,0.0732421875,0.54931640625,0.37841796875,1.18408203125,0.13427734375,0.48828125,0.3173828125,-0.15869140625,0.0732421875,0.76904296875,-0.7568359375,0.634765625,0.29296875,0.45166015625,-0.09765625,0.54931640625,0.37841796875,0.1220703125,0.244140625,0.20751953125,0.15869140625,1.0498046875,-0.06103515625,0.18310546875,-0.09765625,0.244140625,0.1220703125,0.28076171875,0.15869140625,0.927734375,0.08544921875,0.01220703125,-0.1708984375,1.3427734375,0.13427734375,-0.89111328125,0.2197265625,-0.25634765625,-0.25634765625,-0.9033203125,0.06103515625,-0.7080078125,-0.13427734375,-1.4404296875,0.18310546875,-0.20751953125,0.5126953125,-0.25634765625,0,-1.318359375,-0.28076171875,2.16064453125,0.1953125,6.103515625,0.03662109375,1.57470703125,-0.06103515625,2.783203125,-0.244140625,-0.78125,-0.146484375,-1.45263671875,-0.0732421875,-0.98876953125,-0.29296875,0.42724609375,-0.0732421875,5.2001953125,0.29296875,5.224609375,-0.06103515625,3.4423828125,0.42724609375,9.08203125,-0.13427734375,0.0732421875,-0.01220703125,0.81787109375,-0.09765625,-0.48828125,-0.18310546875,-0.50048828125
0,0.5126953125,-0.28076171875,0.64697265625,-0.20751953125,-0.32958984375,-0.40283203125,-0.01220703125,0.03662109375,-0.13427734375,1.33056640625,-0.09765625,0.4638671875,-0.0244140625,2.1728515625,-0.10986328125,5.84716796875,-0.15869140625,-0.2197265625,-0.341796875,0.1953125,-0.37841796875,0.8056640625,-0.4150390625,-0.40283203125,0.2685546875,-0.146484375,0.01220703125,-0.7568359375,-0.15869140625,0.96435546875,0.1708984375,0.2197265625,0.08544921875,-0.2685546875,-0.08544921875,-0.830078125,0.0244140625,-0.37841796875,-0.15869140625,-0.7080078125,-0.0732421875,-0.146484375,0.08544921875,-0.6591796875,0.048828125,-0.4150390625,0.13427734375,0.52490234375,0.439453125,1.18408203125,0.03662109375,0.5126953125,0.32958984375,-0.15869140625,0.01220703125,0.7568359375,-0.8056640625,0.59814453125,0.3173828125,0.45166015625,-0.06103515625,0.52490234375,0.30517578125,0.13427734375,0.3173828125,0.18310546875,0.1220703125,1.03759765625,-0.0732421875,0.18310546875,-0.048828125,0.23193359375,0.146484375,0.28076171875,0.15869140625,0.9521484375,0.0732421875,-0.01220703125,-0.20751953125,1.3427734375,0.10986328125,-0.87890625,0.1708984375,-0.2685546875,-0.244140625,-0.9033203125,0.0244140625,-0.7080078125,-0.0732421875,-1.46484375,0.146484375,-0.1953125,0.50048828125,-0.2685546875,-0.0244140625,-1.30615234375,-0.244140625,1.96533203125,0.2197265625,5.79833984375,-0.01220703125,1.4404296875,-0.08544921875,2.62451171875,-0.08544921875,-0.74462890625,-0.29296875,-1.45263671875,-0.1220703125,-1.01318359375,-0.3173828125,0.42724609375,-0.09765625,5.419921875,0.29296875,5.517578125,-0.08544921875,3.662109375,0.40283203125,9.68017578125,-0.10986328125,0,-0.01220703125,0.81787109375,-0.10986328125,-0.4638671875,-0.18310546875,-0.48828125
0,0.439453125,-0.28076171875,0.62255859375,-0.20751953125,-0.29296875,-0.40283203125,-0.0244140625,0.0244140625,-0.1708984375,1.6845703125,-0.1220703125,0.7568359375,-0.048828125,2.47802734375,-0.048828125,7.06787109375,-0.1220703125,-0.30517578125,-0.25634765625,0.09765625,-0.40283203125,0.74462890625,-0.2685546875,-0.4638671875,0.30517578125,-0.15869140625,0.01220703125,-0.7568359375,-0.18310546875,0.96435546875,0.09765625,0.244140625,0.13427734375,-0.244140625,0.048828125,-0.84228515625,0,-0.3662109375,-0.1220703125,-0.72021484375,-0.01220703125,-0.146484375,0.0244140625,-0.68359375,0.13427734375,-0.390625,0.146484375,0.52490234375,0.42724609375,1.1962890625,-0.0732421875,0.5126953125,0.35400390625,-0.1220703125,-0.01220703125,0.79345703125,-0.7568359375,0.6103515625,0.2197265625,0.47607421875,-0.0244140625,0.52490234375,0.18310546875,0.146484375,0.3173828125,0.1708984375,0.08544921875,1.0498046875,-0.10986328125,0.1708984375,0,0.2197265625,0.18310546875,0.30517578125,0.13427734375,0.96435546875,0.06103515625,-0.01220703125,-0.244140625,1.3427734375,0.08544921875,-0.89111328125,0.10986328125,-0.2685546875,-0.2197265625,-0.927734375,-0.03662109375,-0.72021484375,0.01220703125,-1.45263671875,0.10986328125,-0.1953125,0.390625,-0.2685546875,-0.0244140625,-1.2939453125,-0.10986328125,1.7333984375,0.1953125,5.37109375,-0.0244140625,1.30615234375,-0.09765625,2.4658203125,0.1220703125,-0.732421875,-0.390625,-1.4404296875,-0.15869140625,-1.03759765625,-0.35400390625,0.42724609375,-0.1220703125,5.48095703125,0.25634765625,5.615234375,-0.09765625,3.74755859375,0.28076171875,10.05859375,-0.13427734375,0,0,0.81787109375,-0.1220703125,-0.45166015625,-0.23193359375,-0.47607421875
1,0.439453125,-0.30517578125,0.57373046875,-0.23193359375,-0.28076171875,-0.390625,-0.01220703125,0.0244140625,-0.1708984375,1.9775390625,-0.1220703125,0.9765625,-0.0732421875,2.685546875,-0.09765625,8.0810546875,-0.1708984375,-0.341796875,-0.2685546875,0.03662109375,-0.439453125,0.68359375,-0.146484375,-0.52490234375,0.28076171875,-0.1708984375,0.01220703125,-0.7568359375,-0.20751953125,0.96435546875,0,0.23193359375,0.1220703125,-0.25634765625,0.18310546875,-0.84228515625,-0.048828125,-0.37841796875,-0.06103515625,-0.72021484375,0,-0.146484375,-0.03662109375,-0.6591796875,0.23193359375,-0.37841796875,0.15869140625,0.52490234375,0.30517578125,1.20849609375,-0.13427734375,0.5126953125,0.37841796875,-0.10986328125,-0.048828125,0.79345703125,-0.67138671875,0.6103515625,0.244140625,0.5126953125,-0.06103515625,0.52490234375,0.09765625,0.146484375,0.32958984375,0.18310546875,0.08544921875,1.06201171875,-0.10986328125,0.1708984375,0.0244140625,0.2197265625,0.2197265625,0.3173828125,0.09765625,0.96435546875,0.03662109375,-0.0244140625,-0.20751953125,1.3671875,0.0732421875,-0.9033203125,0.048828125,-0.2685546875,-0.15869140625,-0.96435546875,-0.09765625,-0.732421875,0.09765625,-1.47705078125,0.08544921875,-0.20751953125,0.29296875,-0.2685546875,-0.0244140625,-1.26953125,-0.0244140625,1.52587890625,0.13427734375,4.89501953125,-0.06103515625,1.123046875,-0.1708984375,2.28271484375,0.244140625,-0.69580078125,-0.439453125,-1.4404296875,-0.1953125,-1.03759765625,-0.35400390625,0.42724609375,-0.1220703125,5.4443359375,0.25634765625,5.5908203125,-0.0732421875,3.7353515625,0.390625,10.21728515625,-0.10986328125,-0.01220703125,0.03662109375,0.86669921875,-0.10986328125,-0.42724609375,-0.2685546875,-0.45166015625
1,0.37841796875,-0.341796875,0.59814453125,-0.2685546875,-0.25634765625,-0.40283203125,-0.01220703125,0.01220703125,-0.1708984375,2.197265625,-0.08544921875,1.13525390625,-0.06103515625,2.84423828125,0.01220703125,8.8134765625,-0.15869140625,-0.390625,-0.25634765625,-0.048828125,-0.48828125,0.64697265625,0.01220703125,-0.537109375,0.2197265625,-0.15869140625,0,-0.74462890625,-0.23193359375,0.9521484375,-0.08544921875,0.2197265625,0.09765625,-0.2197265625,0.29296875,-0.830078125,-0.08544921875,-0.3662109375,-0.01220703125,-0.74462890625,0.0244140625,-0.18310546875,-0.0732421875,-0.6591796875,0.3173828125,-0.37841796875,0.1220703125,0.50048828125,0.2685546875,1.171875,-0.18310546875,0.52490234375,0.341796875,-0.10986328125,-0.09765625,0.79345703125,-0.5615234375,0.62255859375,0.2685546875,0.537109375,-0.0732421875,0.5126953125,0.01220703125,0.146484375,0.30517578125,0.2197265625,0.09765625,1.06201171875,-0.1220703125,0.18310546875,0.03662109375,0.2197265625,0.23193359375,0.3173828125,0.03662109375,0.9765625,0.03662109375,0.01220703125,-0.1953125,1.3671875,0.0732421875,-0.927734375,0.01220703125,-0.29296875,-0.08544921875,-0.9521484375,-0.09765625,-0.732421875,0.1220703125,-1.47705078125,0.06103515625,-0.2197265625,0.1953125,-0.28076171875,-0.06103515625,-1.220703125,0.06103515625,1.30615234375,0.1708984375,4.443359375,-0.0732421875,0.93994140625,-0.18310546875,2.0751953125,0.32958984375,-0.67138671875,-0.37841796875,-1.42822265625,-0.2197265625,-1.025390625,-0.3662109375,0.439453125,-0.08544921875,5.2978515625,0.25634765625,5.45654296875,-0.0732421875,3.67431640625,0.42724609375,10.15625,-0.10986328125,-0.01220703125,0.048828125,0.830078125,-0.09765625,-0.45166015625,-0.341796875,-0.4638671875
1,0.30517578125,-0.40283203125,0.57373046875,-0.28076171875,-0.28076171875,-0.390625,-0.03662109375,0.0244140625,-0.1708984375,2.3193359375,-0.08544921875,1.2451171875,-0.08544921875,2.91748046875,-0.06103515625,9.3017578125,-0.048828125,-0.390625,-0.1220703125,-0.09765625,-0.341796875,0.6591796875,0.25634765625,-0.54931640625,0.1220703125,-0.1708984375,-0.01220703125,-0.7568359375,-0.29296875,0.9521484375,-0.18310546875,0.23193359375,0.1220703125,-0.244140625,0.28076171875,-0.84228515625,-0.1220703125,-0.40283203125,0.0244140625,-0.7080078125,0.09765625,-0.1953125,-0.146484375,-0.64697265625,0.3662109375,-0.390625,0.1220703125,0.50048828125,0.20751953125,1.1474609375,-0.25634765625,0.52490234375,0.244140625,-0.1220703125,-0.10986328125,0.76904296875,-0.390625,0.634765625,0.25634765625,0.57373046875,-0.048828125,0.5126953125,-0.08544921875,0.13427734375,0.29296875,0.244140625,0.048828125,1.06201171875,-0.15869140625,0.20751953125,0.048828125,0.20751953125,0.1953125,0.341796875,-0.01220703125,0.96435546875,0.03662109375,0.03662109375,-0.13427734375,1.37939453125,0.08544921875,-0.9521484375,0.0244140625,-0.30517578125,-0.03662109375,-0.96435546875,-0.0732421875,-0.7568359375,0.15869140625,-1.4892578125,0.048828125,-0.20751953125,0.08544921875,-0.28076171875,-0.1220703125,-1.20849609375,0.09765625,1.0986328125,0.10986328125,4.00390625,-0.08544921875,0.8056640625,-0.1953125,1.9287109375,0.3662109375,-0.6591796875,-0.2197265625,-1.4404296875,-0.23193359375,-1.03759765625,-0.32958984375,0.439453125,-0.08544921875,5.13916015625,0.244140625,5.2490234375,-0.06103515625,3.52783203125,0.2685546875,9.94873046875,-0.09765625,-0.01220703125,0.0244140625,0.84228515625,-0.048828125,-0.4638671875,-0.3662109375,-0.4638671875
1,0.25634765625,-0.47607421875,0.5126953125,-0.30517578125,-0.28076171875,-0.40283203125,-0.01220703125,0.0244140625,-0.15869140625,2.392578125,-0.06103515625,1.2451171875,-0.08544921875,2.94189453125,-0.08544921875,9.53369140625,-0.048828125,-0.37841796875,-0.09765625,-0.1220703125,-0.23193359375,0.69580078125,0.32958984375,-0.537109375,0.01220703125,-0.1708984375,-0.0244140625,-0.74462890625,-0.37841796875,0.96435546875,-0.2197265625,0.244140625,0.18310546875,-0.2685546875,0.15869140625,-0.84228515625,-0.146484375,-0.37841796875,0.06103515625,-0.72021484375,0.08544921875,-0.1953125,-0.146484375,-0.634765625,0.37841796875,-0.439453125,0.15869140625,0.52490234375,0.15869140625,1.15966796875,-0.28076171875,0.5126953125,0.15869140625,-0.146484375,-0.1220703125,0.74462890625,-0.244140625,0.68359375,0.28076171875,0.6103515625,-0.15869140625,0.5126953125,-0.146484375,0.13427734375,0.29296875,0.25634765625,-0.03662109375,1.07421875,-0.18310546875,0.23193359375,0.01220703125,0.1953125,0.15869140625,0.32958984375,-0.03662109375,0.91552734375,0.06103515625,0.048828125,-0.13427734375,1.3671875,0.06103515625,-0.93994140625,0.048828125,-0.30517578125,-0.03662109375,-0.9765625,0,-0.7568359375,0.13427734375,-1.46484375,0.03662109375,-0.1953125,0.03662109375,-0.29296875,-0.18310546875,-1.1962890625,0.06103515625,0.93994140625,0.146484375,3.64990234375,-0.0732421875,0.69580078125,-0.1953125,1.77001953125,0.30517578125,-0.67138671875,-0.06103515625,-1.4404296875,-0.244140625,-1.03759765625,-0.28076171875,0.439453125,-0.0732421875,4.96826171875,0.2197265625,5.029296875,-0.0732421875,3.3447265625,0.10986328125,9.5947265625,-0.1220703125,0.0244140625,0,0.8544921875,-0.06103515625,-0.50048828125,-0.3662109375,-0.4638671875
1,0.23193359375,-0.4638671875,0.52490234375,-0.30517578125,-0.1953125,-0.37841796875,-0.0244140625,0.048828125,-0.1708984375,2.33154296875,-0.06103515625,1.1962890625,-0.06103515625,2.89306640625,-0.1220703125,9.521484375,0.06103515625,-0.37841796875,-0.09765625,-0.13427734375,-0.08544921875,0.74462890625,0.3662109375,-0.52490234375,-0.09765625,-0.1708984375,-0.048828125,-0.78125,-0.45166015625,0.93994140625,-0.244140625,0.244140625,0.29296875,-0.29296875,0.06103515625,-0.830078125,-0.15869140625,-0.37841796875,0.03662109375,-0.69580078125,0.03662109375,-0.1953125,-0.13427734375,-0.64697265625,0.3173828125,-0.439453125,0.1953125,0.48828125,0.10986328125,1.1474609375,-0.25634765625,0.48828125,0.0732421875,-0.15869140625,-0.15869140625,0.74462890625,-0.09765625,0.69580078125,0.28076171875,0.6103515625,-0.1708984375,0.52490234375,-0.28076171875,0.13427734375,0.23193359375,0.28076171875,-0.1220703125,1.07421875,-0.20751953125,0.23193359375,0.01220703125,0.18310546875,0.1220703125,0.341796875,-0.09765625,0.9521484375,0.08544921875,0.0732421875,-0.146484375,1.3671875,0.06103515625,-0.9521484375,0.10986328125,-0.32958984375,0.01220703125,-0.96435546875,0.09765625,-0.7568359375,0.10986328125,-1.46484375,0.03662109375,-0.1953125,0.0244140625,-0.28076171875,-0.2197265625,-1.18408203125,0,0.84228515625,0.146484375,3.40576171875,-0.06103515625,0.62255859375,-0.1953125,1.6845703125,0.20751953125,-0.67138671875,0.09765625,-1.42822265625,-0.23193359375,-1.03759765625,-0.2685546875,0.42724609375,-0.0732421875,4.77294921875,0.1953125,4.78515625,-0.08544921875,3.1494140625,0.0244140625,9.16748046875,-0.10986328125,0.06103515625,-0.03662109375,0.86669921875,-0.048828125,-0.5126953125,-0.341796875,-0.50048828125
1,0.23193359375,-0.48828125,0.4150390625,-0.28076171875,-0.15869140625,-0.3662109375,0,0.048828125,-0.1953125,2.23388671875,-0.048828125,1.0986328125,-0.09765625,2.79541015625,-0.146484375,9.31396484375,0.0732421875,-0.3662109375,-0.09765625,-0.1220703125,0.06103515625,0.8056640625,0.3173828125,-0.5126953125,-0.13427734375,-0.1708984375,-0.09765625,-0.74462890625,-0.52490234375,0.93994140625,-0.1953125,0.23193359375,0.32958984375,-0.244140625,-0.06103515625,-0.830078125,-0.15869140625,-0.390625,0.01220703125,-0.69580078125,-0.13427734375,-0.1953125,-0.08544921875,-0.634765625,0.1953125,-0.45166015625,0.2197265625,0.52490234375,0.048828125,1.1474609375,-0.15869140625,0.4638671875,0,-0.1708984375,-0.1953125,0.732421875,0.06103515625,0.732421875,0.15869140625,0.59814453125,-0.29296875,0.52490234375,-0.3173828125,0.10986328125,0.15869140625,0.28076171875,-0.146484375,1.06201171875,-0.2197265625,0.244140625,-0.01220703125,0.20751953125,0.0732421875,0.32958984375,-0.1220703125,0.91552734375,0.146484375,0.0732421875,-0.15869140625,1.37939453125,0.0732421875,-0.89111328125,0.1953125,-0.32958984375,-0.0244140625,-0.96435546875,0.15869140625,-0.7568359375,0.06103515625,-1.46484375,0.01220703125,-0.1953125,0.10986328125,-0.2685546875,-0.244140625,-1.18408203125,-0.146484375,0.78125,0.146484375,3.2470703125,-0.0244140625,0.537109375,-0.1708984375,1.5869140625,0.09765625,-0.69580078125,0.20751953125,-1.416015625,-0.15869140625,-1.0498046875,-0.2197265625,0.439453125,-0.0732421875,4.60205078125,0.1708984375,4.541015625,-0.08544921875,2.978515625,0,8.67919921875,-0.13427734375,0.06103515625,-0.06103515625,0.8544921875,-0.06103515625,-0.5126953125,-0.341796875,-0.5126953125
1,0.18310546875,-0.439453125,0.37841796875,-0.2685546875,-0.09765625,-0.3173828125,-0.0244140625,0.06103515625,-0.2197265625,2.0751953125,-0.048828125,0.9765625,-0.09765625,2.67333984375,-0.1708984375,8.87451171875,0.1220703125,-0.35400390625,-0.1220703125,-0.09765625,0.15869140625,0.8544921875,0.23193359375,-0.50048828125,-0.1708984375,-0.15869140625,-0.1708984375,-0.78125,-0.52490234375,0.93994140625,-0.1220703125,0.244140625,0.32958984375,-0.29296875,-0.10986328125,-0.81787109375,-0.15869140625,-0.4150390625,0,-0.67138671875,-0.30517578125,-0.1953125,-0.048828125,-0.6103515625,0.09765625,-0.45166015625,0.1953125,0.52490234375,-0.01220703125,1.1474609375,-0.0244140625,0.45166015625,-0.0244140625,-0.18310546875,-0.2685546875,0.732421875,0.10986328125,0.74462890625,0.244140625,0.54931640625,-0.35400390625,0.537109375,-0.3662109375,0.1220703125,0.06103515625,0.28076171875,-0.20751953125,1.08642578125,-0.244140625,0.25634765625,-0.048828125,0.2197265625,0.01220703125,0.32958984375,-0.10986328125,0.89111328125,0.20751953125,0.0732421875,-0.18310546875,1.3916015625,0.03662109375,-0.9033203125,0.244140625,-0.32958984375,-0.0732421875,-0.96435546875,0.2197265625,-0.7568359375,0.0244140625,-1.45263671875,0,-0.1953125,0.1953125,-0.25634765625,-0.25634765625,-1.1962890625,-0.28076171875,0.72021484375,0.1220703125,3.11279296875,0.01220703125,0.52490234375,-0.18310546875,1.50146484375,0.03662109375,-0.69580078125,0.20751953125,-1.42822265625,-0.0732421875,-1.025390625,-0.1953125,0.439453125,-0.0732421875,4.40673828125,0.15869140625,4.296875,-0.0732421875,2.81982421875,0.01220703125,8.16650390625,-0.15869140625,0.08544921875,-0.06103515625,0.84228515625,-0.09765625,-0.5126953125,-0.30517578125,-0.5126953125
1,0.09765625,-0.40283203125,0.37841796875,-0.25634765625,-0.1220703125,-0.29296875,-0.06103515625,0.048828125,-0.20751953125,1.89208984375,-0.06103515625,0.81787109375,-0.10986328125,2.5146484375,-0.1708984375,8.28857421875,0.15869140625,-0.32958984375,-0.18310546875,-0.03662109375,0.1953125,0.93994140625,0.08544921875,-0.4638671875,-0.18310546875,-0.18310546875,-0.2197265625,-0.78125,-0.48828125,0.93994140625,0,0.244140625,0.3173828125,-0.30517578125,-0.2197265625,-0.830078125,-0.146484375,-0.4150390625,-0.06103515625,-0.68359375,-0.50048828125,-0.1708984375,-0.08544921875,-0.62255859375,-0.048828125,-0.45166015625,0.20751953125,0.5126953125,0,1.171875,0.08544921875,0.4638671875,0,-0.1953125,-0.341796875,0.74462890625,0.15869140625,0.74462890625,0.15869140625,0.537109375,-0.341796875,0.54931640625,-0.42724609375,0.1220703125,-0.0244140625,0.2685546875,-0.29296875,1.07421875,-0.23193359375,0.2685546875,-0.08544921875,0.2197265625,-0.09765625,0.3173828125,-0.1220703125,0.9033203125,0.2685546875,0.06103515625,-0.2197265625,1.3916015625,0.06103515625,-0.89111328125,0.2685546875,-0.29296875,-0.13427734375,-0.96435546875,0.2685546875,-0.7568359375,0.01220703125,-1.45263671875,-0.0244140625,-0.20751953125,0.30517578125,-0.25634765625,-0.20751953125,-1.23291015625,-0.37841796875,0.7080078125,0.06103515625,2.978515625,0.03662109375,0.47607421875,-0.1953125,1.45263671875,0.09765625,-0.72021484375,0.13427734375,-1.416015625,0.01220703125,-1.01318359375,-0.20751953125,0.42724609375,-0.06103515625,4.21142578125,0.13427734375,4.08935546875,-0.08544921875,2.6611328125,0.1220703125,7.6904296875,-0.13427734375,0.09765625,-0.06103515625,0.830078125,-0.1220703125,-0.50048828125,-0.32958984375,-0.54931640625
1,0,-0.3662109375,0.35400390625,-0.25634765625,-0.10986328125,-0.25634765625,-0.0732421875,0.06103515625,-0.18310546875,1.67236328125,-0.03662109375,0.62255859375,-0.1220703125,2.3193359375,-0.15869140625,7.4951171875,0.146484375,-0.30517578125,-0.244140625,0.0244140625,0.09765625,0.96435546875,-0.048828125,-0.42724609375,-0.09765625,-0.1708984375,-0.25634765625,-0.78125,-0.42724609375,0.93994140625,0.08544921875,0.244140625,0.23193359375,-0.29296875,-0.32958984375,-0.84228515625,-0.1708984375,-0.439453125,-0.0732421875,-0.7080078125,-0.5859375,-0.1708984375,-0.146484375,-0.634765625,-0.09765625,-0.42724609375,0.18310546875,0.5126953125,0.13427734375,1.171875,0.244140625,0.47607421875,-0.0244140625,-0.1708984375,-0.3662109375,0.732421875,0.15869140625,0.732421875,0.2197265625,0.5126953125,-0.37841796875,0.5615234375,-0.4638671875,0.08544921875,-0.10986328125,0.28076171875,-0.244140625,1.08642578125,-0.20751953125,0.25634765625,-0.1220703125,0.2197265625,-0.1953125,0.32958984375,-0.1220703125,0.89111328125,0.3173828125,0.0732421875,-0.25634765625,1.37939453125,0.0732421875,-0.87890625,0.29296875,-0.29296875,-0.1953125,-0.93994140625,0.29296875,-0.7568359375,0.01220703125,-1.45263671875,-0.06103515625,-0.2197265625,0.3662109375,-0.25634765625,-0.1220703125,-1.25732421875,-0.48828125,0.62255859375,0.0732421875,2.81982421875,0.0244140625,0.439453125,-0.23193359375,1.35498046875,0.18310546875,-0.732421875,0.01220703125,-1.416015625,0.0732421875,-1.0009765625,-0.1953125,0.42724609375,-0.03662109375,4.052734375,0.15869140625,3.8818359375,-0.08544921875,2.52685546875,0.03662109375,7.26318359375,-0.1708984375,0.08544921875,-0.08544921875,0.830078125,-0.146484375,-0.47607421875,-0.32958984375,-0.537109375
1,-0.06103515625,-0.3173828125,0.40283203125,-0.23193359375,-0.06103515625,-0.2197265625,-0.08544921875,0.0732421875,-0.15869140625,1.416015625,-0.03662109375,0.4150390625,-0.13427734375,2.1240234375,-0.15869140625,6.6162109375,0.146484375,-0.25634765625,-0.244140625,0.09765625,0.08544921875,1.03759765625,-0.10986328125,-0.3662109375,-0.048828125,-0.1953125,-0.244140625,-0.76904296875,-0.30517578125,0.93994140625,0.1220703125,0.2685546875,0.15869140625,-0.2685546875,-0.4150390625,-0.86669921875,-0.13427734375,-0.45166015625,-0.09765625,-0.72021484375,-0.537109375,-0.18310546875,-0.20751953125,-0.62255859375,-0.1708984375,-0.40283203125,0.146484375,0.5126953125,0.2197265625,1.18408203125,0.30517578125,0.48828125,-0.03662109375,-0.146484375,-0.35400390625,0.732421875,0.1220703125,0.74462890625,0.28076171875,0.50048828125,-0.3662109375,0.537109375,-0.4150390625,0.09765625,-0.23193359375,0.2685546875,-0.244140625,1.08642578125,-0.2197265625,0.244140625,-0.13427734375,0.2197265625,-0.2197265625,0.35400390625,-0.1220703125,0.9033203125,0.341796875,0.03662109375,-0.25634765625,1.37939453125,0.09765625,-0.89111328125,0.29296875,-0.28076171875,-0.1953125,-0.93994140625,0.244140625,-0.74462890625,0,-1.47705078125,-0.0732421875,-0.23193359375,0.40283203125,-0.2685546875,-0.06103515625,-1.26953125,-0.47607421875,0.50048828125,0.03662109375,2.55126953125,0.048828125,0.35400390625,-0.1953125,1.2451171875,0.2685546875,-0.74462890625,-0.13427734375,-1.42822265625,0.09765625,-1.0009765625,-0.18310546875,0.42724609375,-0.01220703125,3.84521484375,0.18310546875,3.6865234375,-0.0732421875,2.38037109375,-0.01220703125,6.89697265625,-0.146484375,0.08544921875,-0.0732421875,0.84228515625,-0.146484375,-0.45166015625,-0.341796875,-0.52490234375
1,-0.06103515625,-0.30517578125,0.37841796875,-0.23193359375,-0.01220703125,-0.20751953125,-0.10986328125,0.06103515625,-0.13427734375,1.18408203125,-0.0244140625,0.1953125,-0.13427734375,1.9287109375,-0.1708984375,5.65185546875,0.13427734375,-0.18310546875,-0.2685546875,0.1953125,0.08544921875,1.07421875,-0.15869140625,-0.3173828125,0.0244140625,-0.18310546875,-0.2197265625,-0.76904296875,-0.2197265625,0.96435546875,0.1220703125,0.25634765625,0.10986328125,-0.25634765625,-0.50048828125,-0.87890625,-0.1220703125,-0.439453125,-0.13427734375,-0.69580078125,-0.4150390625,-0.18310546875,-0.2685546875,-0.634765625,-0.1953125,-0.37841796875,0.1220703125,0.48828125,0.30517578125,1.18408203125,0.32958984375,0.48828125,-0.06103515625,-0.10986328125,-0.3173828125,0.732421875,-0.048828125,0.732421875,0.29296875,0.50048828125,-0.32958984375,0.537109375,-0.341796875,0.1220703125,-0.35400390625,0.28076171875,-0.1953125,1.08642578125,-0.2197265625,0.244140625,-0.1220703125,0.23193359375,-0.25634765625,0.3662109375,-0.10986328125,0.91552734375,0.3173828125,0.0244140625,-0.25634765625,1.3916015625,0.09765625,-0.91552734375,0.2685546875,-0.2685546875,-0.1708984375,-0.93994140625,0.1708984375,-0.732421875,0.0244140625,-1.50146484375,-0.03662109375,-0.25634765625,0.37841796875,-0.29296875,-0.01220703125,-1.2939453125,-0.45166015625,0.3662109375,-0.03662109375,2.18505859375,0.03662109375,0.23193359375,-0.1953125,1.0986328125,0.3173828125,-0.76904296875,-0.25634765625,-1.416015625,0.09765625,-1.0009765625,-0.1708984375,0.42724609375,-0.0244140625,3.67431640625,0.18310546875,3.52783203125,-0.0732421875,2.28271484375,-0.06103515625,6.6162109375,-0.146484375,0.08544921875,-0.06103515625,0.87890625,-0.146484375,-0.42724609375,-0.32958984375,-0.5126953125
1,-0.10986328125,-0.29296875,0.2685546875,-0.23193359375,0.01220703125,-0.23193359375,-0.1220703125,0.06103515625,-0.09765625,0.93994140625,-0.0244140625,-0.06103515625,-0.15869140625,1.6845703125,-0.15869140625,4.60205078125,0.06103515625,-0.10986328125,-0.30517578125,0.29296875,-0.15869140625,1.11083984375,-0.244140625,-0.244140625,0.0732421875,-0.2197265625,-0.13427734375,-0.7568359375,-0.1220703125,0.9521484375,0.10986328125,0.244140625,0.08544921875,-0.244140625,-0.52490234375,-0.87890625,-0.08544921875,-0.439453125,-0.13427734375,-0.72021484375,-0.25634765625,-0.1708984375,-0.37841796875,-0.6591796875,-0.1708984375,-0.35400390625,0.048828125,0.50048828125,0.37841796875,1.171875,0.30517578125,0.48828125,-0.03662109375,-0.08544921875,-0.2685546875,0.732421875,-0.1708984375,0.72021484375,0.29296875,0.52490234375,-0.2685546875,0.5615234375,-0.25634765625,0.1220703125,-0.45166015625,0.28076171875,-0.1708984375,1.08642578125,-0.1953125,0.23193359375,-0.09765625,0.25634765625,-0.30517578125,0.37841796875,-0.10986328125,0.87890625,0.32958984375,0.01220703125,-0.2197265625,1.3916015625,0.0732421875,-0.927734375,0.25634765625,-0.28076171875,-0.15869140625,-0.93994140625,0.06103515625,-0.74462890625,0.048828125,-1.513671875,-0.01220703125,-0.2685546875,0.35400390625,-0.30517578125,0.048828125,-1.25732421875,-0.3662109375,0.1708984375,-0.0732421875,1.69677734375,0.06103515625,0.09765625,-0.146484375,0.927734375,0.28076171875,-0.7568359375,-0.35400390625,-1.40380859375,0.0732421875,-1.0009765625,-0.13427734375,0.42724609375,-0.01220703125,3.4912109375,0.18310546875,3.35693359375,-0.08544921875,2.18505859375,-0.08544921875,6.34765625,-0.13427734375,0.0732421875,-0.03662109375,0.87890625,-0.15869140625,-0.4150390625,-0.32958984375,-0.50048828125
1,-0.13427734375,-0.32958984375,0.23193359375,-0.244140625,0.03662109375,-0.25634765625,-0.1220703125,0.048828125,-0.09765625,0.6591796875,-0.0244140625,-0.28076171875,-0.1220703125,1.45263671875,-0.146484375,3.57666015625,0.03662109375,-0.0244140625,-0.28076171875,0.37841796875,-0.28076171875,1.0986328125,-0.25634765625,-0.146484375,0.08544921875,-0.2197265625,-0.048828125,-0.76904296875,-0.0732421875,0.96435546875,0.0732421875,0.25634765625,0.08544921875,-0.244140625,-0.47607421875,-0.86669921875,-0.0732421875,-0.42724609375,-0.13427734375,-0.72021484375,-0.1220703125,-0.18310546875,-0.4150390625,-0.64697265625,-0.146484375,-0.3662109375,0.0244140625,0.50048828125,0.40283203125,1.1474609375,0.2197265625,0.5126953125,0.01220703125,-0.08544921875,-0.20751953125,0.7568359375,-0.3173828125,0.69580078125,0.29296875,0.6103515625,-0.20751953125,0.5615234375,-0.1220703125,0.13427734375,-0.50048828125,0.28076171875,-0.1220703125,1.11083984375,-0.23193359375,0.2197265625,-0.048828125,0.25634765625,-0.341796875,0.37841796875,-0.09765625,0.87890625,0.28076171875,-0.01220703125,-0.18310546875,1.40380859375,0.01220703125,-0.9521484375,0.2685546875,-0.29296875,-0.13427734375,-0.96435546875,-0.06103515625,-0.732421875,0.06103515625,-1.52587890625,0.06103515625,-0.25634765625,0.30517578125,-0.29296875,0.13427734375,-1.23291015625,-0.28076171875,-0.06103515625,-0.08544921875,1.15966796875,0,-0.1220703125,-0.09765625,0.72021484375,0.20751953125,-0.72021484375,-0.35400390625,-1.416015625,0.0732421875,-1.01318359375,-0.10986328125,0.439453125,-0.0244140625,3.35693359375,0.1953125,3.25927734375,-0.09765625,2.11181640625,-0.06103515625,6.11572265625,-0.13427734375,0.048828125,-0.048828125,0.9033203125,-0.1708984375,-0.390625,-0.29296875,-0.47607421875
1,-0.1708984375,-0.35400390625,0.1708984375,-0.25634765625,0.048828125,-0.29296875,-0.13427734375,0.03662109375,-0.08544921875,0.439453125,-0.01220703125,-0.5126953125,-0.09765625,1.23291015625,-0.1220703125,2.55126953125,-0.03662109375,0.0244140625,-0.25634765625,0.45166015625,-0.40283203125,1.0986328125,-0.32958984375,-0.1220703125,0.0732421875,-0.20751953125,0.06103515625,-0.74462890625,-0.048828125,0.9765625,0.0732421875,0.25634765625,0.09765625,-0.25634765625,-0.47607421875,-0.86669921875,-0.048828125,-0.4638671875,-0.1220703125,-0.7568359375,0,-0.1953125,-0.42724609375,-0.64697265625,-0.08544921875,-0.37841796875,0,0.5126953125,0.341796875,1.1474609375,0.146484375,0.5126953125,0.08544921875,-0.09765625,-0.15869140625,0.7568359375,-0.390625,0.68359375,0.2685546875,0.69580078125,-0.146484375,0.5615234375,-0.01220703125,0.10986328125,-0.5126953125,0.29296875,-0.0732421875,1.08642578125,-0.25634765625,0.2197265625,0,0.244140625,-0.341796875,0.3662109375,-0.0732421875,0.8544921875,0.244140625,0,-0.09765625,1.40380859375,-0.06103515625,-0.96435546875,0.2685546875,-0.2685546875,-0.1708984375,-1.0009765625,-0.18310546875,-0.7568359375,0.08544921875,-1.5625,0.146484375,-0.28076171875,0.2685546875,-0.30517578125,0.1953125,-1.220703125,-0.2685546875,-0.32958984375,-0.0732421875,0.57373046875,-0.06103515625,-0.32958984375,-0.03662109375,0.52490234375,0.0732421875,-0.68359375,-0.28076171875,-1.42822265625,0,-1.01318359375,-0.08544921875,0.439453125,0,3.21044921875,0.20751953125,3.11279296875,-0.08544921875,2.01416015625,-0.048828125,5.84716796875,-0.1220703125,0.01220703125,-0.03662109375,0.9033203125,-0.1708984375,-0.390625,-0.244140625,-0.47607421875
0,-0.20751953125,-0.3662109375,0.20751953125,-0.29296875,0.08544921875,-0.3173828125,-0.15869140625,0.03662109375,-0.0732421875,0.18310546875,0,-0.732421875,-0.10986328125,1.0498046875,-0.13427734375,1.62353515625,-0.10986328125,0.048828125,-0.29296875,0.4638671875,-0.537109375,1.08642578125,-0.35400390625,-0.08544921875,0.06103515625,-0.20751953125,0.13427734375,-0.76904296875,-0.0244140625,0.9521484375,0.048828125,0.25634765625,0.15869140625,-0.2685546875,-0.4638671875,-0.84228515625,0,-0.439453125,-0.09765625,-0.74462890625,0.0732421875,-0.2197265625,-0.40283203125,-0.634765625,0.0244140625,-0.40283203125,-0.0244140625,0.537109375,0.341796875,1.15966796875,0.0244140625,0.52490234375,0.10986328125,-0.09765625,-0.13427734375,0.7568359375,-0.37841796875,0.68359375,0.3173828125,0.79345703125,-0.0244140625,0.54931640625,0.08544921875,0.1220703125,-0.52490234375,0.28076171875,0,1.07421875,-0.244140625,0.2197265625,0.048828125,0.2197265625,-0.37841796875,0.341796875,-0.048828125,0.8056640625,0.23193359375,0.0244140625,-0.03662109375,1.40380859375,-0.13427734375,-0.9765625,0.25634765625,-0.3173828125,-0.244140625,-1.01318359375,-0.2685546875,-0.79345703125,0.08544921875,-1.5625,0.2197265625,-0.2685546875,0.18310546875,-0.3173828125,0.2197265625,-1.18408203125,-0.23193359375,-0.52490234375,0.0244140625,0.0732421875,-0.10986328125,-0.48828125,0,0.35400390625,-0.06103515625,-0.67138671875,-0.15869140625,-1.416015625,-0.09765625,-1.025390625,-0.08544921875,0.42724609375,0,3.0517578125,0.1953125,2.9541015625,-0.08544921875,1.8798828125,0.06103515625,5.4443359375,-0.10986328125,0.01220703125,-0.048828125,0.86669921875,-0.1708984375,-0.42724609375,-0.2197265625,-0.47607421875
0,-0.29296875,-0.390625,0.1953125,-0.29296875,0.0732421875,-0.37841796875,-0.1708984375,0.0244140625,-0.0732421875,0.0244140625,-0.0244140625,-0.91552734375,-0.1220703125,0.8544921875,-0.15869140625,0.8056640625,-0.13427734375,0.03662109375,-0.28076171875,0.45166015625,-0.537109375,1.07421875,-0.341796875,-0.09765625,0.048828125,-0.18310546875,0.15869140625,-0.74462890625,-0.0244140625,0.96435546875,0.06103515625,0.25634765625,0.2197265625,-0.28076171875,-0.48828125,-0.830078125,0.048828125,-0.42724609375,-0.06103515625,-0.732421875,0.10986328125,-0.20751953125,-0.341796875,-0.64697265625,0.1220703125,-0.390625,0,0.537109375,0.3173828125,1.1474609375,-0.13427734375,0.48828125,0.09765625,-0.10986328125,-0.06103515625,0.7568359375,-0.18310546875,0.67138671875,0.37841796875,0.89111328125,0.09765625,0.5615234375,0.146484375,0.1220703125,-0.52490234375,0.29296875,0.048828125,1.07421875,-0.244140625,0.23193359375,0.09765625,0.23193359375,-0.40283203125,0.32958984375,-0.01220703125,0.84228515625,0.20751953125,0.048828125,0.0244140625,1.40380859375,-0.20751953125,-0.9765625,0.23193359375,-0.3173828125,-0.3173828125,-1.0009765625,-0.29296875,-0.7568359375,0.08544921875,-1.55029296875,0.29296875,-0.2685546875,0.15869140625,-0.29296875,0.18310546875,-1.1474609375,-0.23193359375,-0.67138671875,0.10986328125,-0.29296875,-0.13427734375,-0.6103515625,0.03662109375,0.23193359375,-0.15869140625,-0.67138671875,-0.06103515625,-1.416015625,-0.18310546875,-1.025390625,-0.08544921875,0.45166015625,0.0244140625,2.89306640625,0.1953125,2.7587890625,-0.08544921875,1.72119140625,0.01220703125,4.89501953125,-0.1220703125,0.01220703125,-0.03662109375,0.8544921875,-0.15869140625,-0.45166015625,-0.1708984375,-0.47607421875
0,-0.341796875,-0.390625,0.13427734375,-0.28076171875,0.146484375,-0.390625,-0.1953125,0.0244140625,-0.06103515625,-0.1708984375,0.01220703125,-1.08642578125,-0.10986328125,0.7080078125,-0.13427734375,0.15869140625,-0.10986328125,0,-0.2685546875,0.3662109375,-0.45166015625,1.0498046875,-0.35400390625,-0.10986328125,0.06103515625,-0.15869140625,0.13427734375,-0.74462890625,-0.048828125,0.96435546875,0.03662109375,0.25634765625,0.341796875,-0.28076171875,-0.4638671875,-0.8056640625,0.10986328125,-0.40283203125,-0.01220703125,-0.72021484375,0.146484375,-0.20751953125,-0.25634765625,-0.64697265625,0.15869140625,-0.40283203125,0.048828125,0.54931640625,0.244140625,1.15966796875,-0.25634765625,0.4638671875,0.1220703125,-0.13427734375,-0.048828125,0.74462890625,-0.25634765625,0.7080078125,0.2685546875,0.96435546875,0.28076171875,0.54931640625,0.0732421875,0.10986328125,-0.48828125,0.29296875,0.08544921875,1.0498046875,-0.20751953125,0.244140625,0.10986328125,0.2197265625,-0.4150390625,0.28076171875,0,0.8056640625,0.2197265625,0.0732421875,0.048828125,1.3916015625,-0.244140625,-0.96435546875,0.20751953125,-0.341796875,-0.32958984375,-0.98876953125,-0.20751953125,-0.7568359375,0.10986328125,-1.5380859375,0.30517578125,-0.23193359375,0.13427734375,-0.3173828125,0.146484375,-1.13525390625,-0.2685546875,-0.69580078125,0.13427734375,-0.37841796875,-0.1953125,-0.634765625,0,0.1953125,-0.2197265625,-0.67138671875,0.03662109375,-1.42822265625,-0.25634765625,-1.0009765625,-0.06103515625,0.45166015625,0,2.64892578125,0.1708984375,2.5146484375,-0.09765625,1.5380859375,0.03662109375,4.19921875,-0.10986328125,0.0244140625,-0.03662109375,0.87890625,-0.18310546875,-0.4638671875,-0.1708984375,-0.47607421875
0,-0.42724609375,-0.4150390625,0.06103515625,-0.2685546875,0.1708984375,-0.390625,-0.1708984375,0.0244140625,-0.08544921875,-0.29296875,0.03662109375,-1.220703125,-0.08544921875,0.5859375,-0.13427734375,-0.35400390625,-0.01220703125,-0.06103515625,-0.1953125,0.29296875,-0.23193359375,1.06201171875,-0.28076171875,-0.1708984375,0.08544921875,-0.13427734375,0.0732421875,-0.76904296875,-0.08544921875,0.96435546875,-0.0244140625,0.244140625,0.4150390625,-0.28076171875,-0.4638671875,-0.8056640625,0.09765625,-0.37841796875,0.03662109375,-0.72021484375,0.09765625,-0.20751953125,-0.1708984375,-0.64697265625,0.23193359375,-0.40283203125,0.1220703125,0.5615234375,0.1708984375,1.15966796875,-0.341796875,0.45166015625,0.1220703125,-0.13427734375,-0.03662109375,0.7568359375,-0.09765625,0.72021484375,0.244140625,1.0009765625,0.4150390625,0.537109375,-0.0244140625,0.1220703125,-0.42724609375,0.29296875,0.1220703125,1.06201171875,-0.1708984375,0.25634765625,0.10986328125,0.244140625,-0.40283203125,0.29296875,0,0.81787109375,0.23193359375,0.08544921875,0.06103515625,1.37939453125,-0.25634765625,-0.96435546875,0.15869140625,-0.35400390625,-0.341796875,-0.96435546875,-0.1220703125,-0.74462890625,0.08544921875,-1.50146484375,0.29296875,-0.20751953125,0.18310546875,-0.29296875,0.01220703125,-1.13525390625,-0.25634765625,-0.6103515625,0.1953125,-0.1953125,-0.18310546875,-0.57373046875,0,0.2685546875,-0.18310546875,-0.67138671875,0.0732421875,-1.4404296875,-0.25634765625,-1.025390625,-0.0244140625,0.4638671875,-0.03662109375,2.34375,0.1708984375,2.18505859375,-0.09765625,1.26953125,0.09765625,3.33251953125,-0.09765625,0.0244140625,-0.03662109375,0.8544921875,-0.1708984375,-0.48828125,-0.13427734375,-0.48828125
0,-0.4638671875,-0.40283203125,0.01220703125,-0.244140625,0.20751953125,-0.390625,-0.18310546875,0.01220703125,-0.09765625,-0.4150390625,0.048828125,-1.28173828125,-0.08544921875,0.50048828125,-0.10986328125,-0.69580078125,0.048828125,-0.10986328125,-0.1953125,0.23193359375,-0.0244140625,1.15966796875,-0.2197265625,-0.18310546875,0.1220703125,-0.13427734375,-0.03662109375,-0.74462890625,-0.10986328125,0.96435546875,-0.08544921875,0.244140625,0.42724609375,-0.2685546875,-0.439453125,-0.830078125,0.0732421875,-0.390625,0.03662109375,-0.72021484375,0.0732421875,-0.18310546875,-0.1220703125,-0.62255859375,0.23193359375,-0.4150390625,0.2197265625,0.5615234375,0.146484375,1.15966796875,-0.37841796875,0.4638671875,0.13427734375,-0.13427734375,-0.01220703125,0.74462890625,0,0.78125,0.146484375,1.0498046875,0.48828125,0.52490234375,-0.1220703125,0.1220703125,-0.37841796875,0.29296875,0.13427734375,1.0498046875,-0.146484375,0.28076171875,0.0732421875,0.23193359375,-0.35400390625,0.29296875,0.048828125,0.830078125,0.2197265625,0.09765625,0.06103515625,1.3916015625,-0.25634765625,-0.96435546875,0.1220703125,-0.341796875,-0.29296875,-0.93994140625,-0.01220703125,-0.7568359375,0.09765625,-1.4892578125,0.23193359375,-0.2197265625,0.2197265625,-0.30517578125,-0.1708984375,-1.13525390625,-0.244140625,-0.40283203125,0.1953125,0.25634765625,-0.1708984375,-0.390625,-0.0244140625,0.45166015625,-0.06103515625,-0.68359375,0.03662109375,-1.4404296875,-0.25634765625,-1.01318359375,-0.0244140625,0.45166015625,-0.0244140625,1.9775390625,0.146484375,1.77001953125,-0.08544921875,0.9765625,0.18310546875,2.40478515625,-0.08544921875,0.0732421875,-0.0244140625,0.8544921875,-0.18310546875,-0.52490234375,-0.10986328125,-0.47607421875
0,-0.47607421875,-0.37841796875,0,-0.20751953125,0.2197265625,-0.390625,-0.18310546875,0.03662109375,-0.09765625,-0.47607421875,0.03662109375,-1.33056640625,-0.10986328125,0.4638671875,-0.08544921875,-0.91552734375,0.15869140625,-0.08544921875,-0.146484375,0.2685546875,0.1953125,1.33056640625,-0.1220703125,-0.18310546875,0.15869140625,-0.10986328125,-0.13427734375,-0.7568359375,-0.1220703125,0.96435546875,-0.18310546875,0.244140625,0.40283203125,-0.29296875,-0.37841796875,-0.81787109375,0.01220703125,-0.37841796875,0.06103515625,-0.7080078125,-0.01220703125,-0.18310546875,-0.13427734375,-0.6103515625,0.1708984375,-0.40283203125,0.30517578125,0.5615234375,0.1220703125,1.171875,-0.3662109375,0.45166015625,0.1220703125,-0.146484375,-0.03662109375,0.7568359375,0.244140625,0.8544921875,0.18310546875,1.0009765625,0.5615234375,0.5126953125,-0.23193359375,0.1220703125,-0.3173828125,0.3173828125,0.15869140625,1.06201171875,-0.09765625,0.28076171875,0.06103515625,0.25634765625,-0.29296875,0.30517578125,0.01220703125,0.830078125,0.2197265625,0.10986328125,0.0244140625,1.3916015625,-0.244140625,-0.93994140625,0.048828125,-0.32958984375,-0.25634765625,-0.9033203125,0.06103515625,-0.732421875,0.1220703125,-1.4892578125,0.13427734375,-0.2197265625,0.18310546875,-0.28076171875,-0.29296875,-1.123046875,-0.25634765625,-0.06103515625,0.1220703125,1.0009765625,-0.15869140625,-0.13427734375,-0.0732421875,0.7568359375,0.0732421875,-0.72021484375,-0.03662109375,-1.45263671875,-0.23193359375,-1.01318359375,-0.03662109375,0.45166015625,-0.01220703125,1.611328125,0.15869140625,1.35498046875,-0.0732421875,0.67138671875,0.1953125,1.50146484375,-0.0732421875,0.09765625,0.01220703125,0.84228515625,-0.20751953125,-0.537109375,-0.08544921875,-0.47607421875
0,-0.5126953125,-0.341796875,-0.01220703125,-0.1708984375,0.23193359375,-0.37841796875,-0.18310546875,0.03662109375,-0.09765625,-0.50048828125,0.06103515625,-1.3427734375,-0.1220703125,0.47607421875,-0.06103515625,-1.01318359375,0.2197265625,0.03662109375,-0.10986328125,0.390625,0.32958984375,1.6357421875,-0.0244140625,-0.09765625,0.1708984375,-0.13427734375,-0.1708984375,-0.7568359375,-0.13427734375,0.9765625,-0.20751953125,0.244140625,0.37841796875,-0.2685546875,-0.4150390625,-0.830078125,-0.08544921875,-0.390625,0.08544921875,-0.7080078125,-0.0732421875,-0.18310546875,-0.18310546875,-0.62255859375,0.1220703125,-0.390625,0.3173828125,0.54931640625,0.1220703125,1.15966796875,-0.32958984375,0.4638671875,0.1220703125,-0.1220703125,-0.03662109375,0.7568359375,0.32958984375,0.927734375,0.2197265625,0.9521484375,0.50048828125,0.5126953125,-0.25634765625,0.15869140625,-0.1953125,0.32958984375,0.1953125,1.06201171875,-0.03662109375,0.2685546875,0.0244140625,0.244140625,-0.1953125,0.29296875,0.03662109375,0.830078125,0.18310546875,0.08544921875,-0.01220703125,1.3916015625,-0.2197265625,-0.89111328125,-0.01220703125,-0.3173828125,-0.18310546875,-0.91552734375,0.09765625,-0.7080078125,0.13427734375,-1.47705078125,0.03662109375,-0.20751953125,0.10986328125,-0.2197265625,-0.3662109375,-1.15966796875,-0.28076171875,0.37841796875,0.09765625,1.953125,-0.1220703125,0.20751953125,-0.146484375,1.123046875,0.2685546875,-0.732421875,-0.13427734375,-1.42822265625,-0.1708984375,-1.0009765625,-0.06103515625,0.4638671875,-0.0732421875,1.220703125,0.10986328125,0.98876953125,-0.08544921875,0.390625,0.18310546875,0.7080078125,-0.0732421875,0.13427734375,0.03662109375,0.8544921875,-0.18310546875,-0.54931640625,-0.03662109375,-0.48828125
0,-0.54931640625,-0.341796875,-0.13427734375,-0.18310546875,0.244140625,-0.341796875,-0.18310546875,0.03662109375,-0.09765625,-0.52490234375,0.03662109375,-1.30615234375,-0.146484375,0.5126953125,-0.048828125,-1.03759765625,0.23193359375,0.29296875,-0.03662109375,0.634765625,0.3662109375,2.03857421875,0.0244140625,0.1220703125,0.18310546875,-0.146484375,-0.2197265625,-0.76904296875,-0.146484375,0.96435546875,-0.1708984375,0.244140625,0.37841796875,-0.25634765625,-0.4638671875,-0.87890625,-0.15869140625,-0.40283203125,0.06103515625,-0.69580078125,-0.1220703125,-0.18310546875,-0.25634765625,-0.634765625,0.0732421875,-0.3662109375,0.3173828125,0.537109375,0.146484375,1.171875,-0.20751953125,0.48828125,0.0732421875,-0.0732421875,-0.01220703125,0.76904296875,0.37841796875,1.01318359375,0.23193359375,0.86669921875,0.40283203125,0.52490234375,-0.25634765625,0.15869140625,-0.048828125,0.32958984375,0.15869140625,1.08642578125,0,0.2685546875,0.0244140625,0.25634765625,-0.146484375,0.32958984375,0.06103515625,0.81787109375,0.1953125,0.0732421875,-0.0244140625,1.3916015625,-0.1708984375,-0.87890625,0,-0.30517578125,-0.09765625,-0.9033203125,0.10986328125,-0.72021484375,0.146484375,-1.46484375,-0.03662109375,-0.20751953125,0.01220703125,-0.23193359375,-0.3173828125,-1.18408203125,-0.341796875,0.8544921875,0,3.03955078125,-0.06103515625,0.59814453125,-0.15869140625,1.55029296875,0.4150390625,-0.76904296875,-0.2197265625,-1.4404296875,-0.09765625,-1.01318359375,-0.09765625,0.47607421875,-0.06103515625,0.9521484375,0.13427734375,0.68359375,-0.08544921875,0.18310546875,0.2197265625,0.1953125,-0.06103515625,0.1220703125,0.0244140625,0.8544921875,-0.20751953125,-0.52490234375,-0.03662109375,-0.48828125
0,-0.6103515625,-0.3173828125,-0.0732421875,-0.18310546875,0.20751953125,-0.32958984375,-0.1708984375,0.01220703125,-0.06103515625,-0.48828125,0.06103515625,-1.25732421875,-0.146484375,0.54931640625,-0.01220703125,-0.9765625,0.244140625,0.7080078125,0.0732421875,1.0009765625,0.3662109375,2.60009765625,0.0732421875,0.439453125,0.146484375,-0.146484375,-0.20751953125,-0.7568359375,-0.146484375,0.9765625,-0.13427734375,0.2685546875,0.42724609375,-0.25634765625,-0.59814453125,-0.89111328125,-0.23193359375,-0.390625,0.01220703125,-0.7080078125,-0.18310546875,-0.1708984375,-0.341796875,-0.62255859375,0,-0.35400390625,0.32958984375,0.54931640625,0.18310546875,1.18408203125,-0.08544921875,0.50048828125,0.06103515625,-0.06103515625,-0.0244140625,0.76904296875,0.3173828125,1.123046875,0.18310546875,0.78125,0.30517578125,0.537109375,-0.1953125,0.1708984375,0.10986328125,0.32958984375,0.15869140625,1.0986328125,0.01220703125,0.244140625,0.03662109375,0.2685546875,-0.09765625,0.32958984375,0.08544921875,0.8056640625,0.15869140625,0.09765625,-0.0732421875,1.3916015625,-0.10986328125,-0.87890625,0,-0.3173828125,-0.0244140625,-0.927734375,0.06103515625,-0.72021484375,0.13427734375,-1.47705078125,-0.06103515625,-0.18310546875,-0.08544921875,-0.244140625,-0.20751953125,-1.20849609375,-0.37841796875,1.35498046875,-0.10986328125,4.1259765625,-0.0244140625,0.98876953125,-0.15869140625,2.001953125,0.47607421875,-0.76904296875,-0.20751953125,-1.45263671875,-0.03662109375,-1.01318359375,-0.13427734375,0.4638671875,-0.048828125,0.79345703125,0.13427734375,0.52490234375,-0.08544921875,0.09765625,0.20751953125,0.0244140625,-0.06103515625,0.10986328125,0.03662109375,0.8544921875,-0.1953125,-0.5126953125,-0.03662109375,-0.48828125
0,-0.68359375,-0.3173828125,-0.15869140625,-0.1953125,0.25634765625,-0.30517578125,-0.146484375,0.0244140625,-0.06103515625,-0.439453125,0.03662109375,-1.1962890625,-0.1708984375,0.59814453125,0.03662109375,-0.87890625,0.244140625,1.2451171875,0.18310546875,1.52587890625,0.341796875,3.25927734375,0.1708984375,0.87890625,0.10986328125,-0.15869140625,-0.15869140625,-0.76904296875,-0.09765625,0.9765625,-0.048828125,0.2685546875,0.45166015625,-0.2685546875,-0.732421875,-0.89111328125,-0.2685546875,-0.40283203125,-0.09765625,-0.72021484375,-0.244140625,-0.146484375,-0.4150390625,-0.62255859375,-0.0244140625,-0.37841796875,0.25634765625,0.54931640625,0.25634765625,1.18408203125,0.03662109375,0.52490234375,0.03662109375,-0.06103515625,0.0244140625,0.76904296875,0.3173828125,1.2451171875,0.09765625,0.67138671875,0.146484375,0.537109375,-0.146484375,0.15869140625,0.20751953125,0.35400390625,0.15869140625,1.08642578125,0,0.25634765625,0.08544921875,0.28076171875,-0.06103515625,0.35400390625,0.1220703125,0.79345703125,0.13427734375,0.06103515625,-0.09765625,1.40380859375,-0.1220703125,-0.87890625,0.06103515625,-0.28076171875,0.01220703125,-0.93994140625,0.03662109375,-0.72021484375,0.0732421875,-1.4892578125,-0.0732421875,-0.1953125,-0.146484375,-0.2685546875,-0.03662109375,-1.26953125,-0.390625,1.81884765625,-0.20751953125,5.13916015625,0.0244140625,1.3671875,-0.13427734375,2.42919921875,0.439453125,-0.7568359375,-0.15869140625,-1.45263671875,0.048828125,-1.01318359375,-0.15869140625,0.47607421875,-0.0732421875,0.81787109375,0.08544921875,0.5615234375,-0.09765625,0.1708984375,0.08544921875,0.29296875,-0.048828125,0.08544921875,0.0244140625,0.8544921875,-0.146484375,-0.48828125,-0.06103515625,-0.50048828125
0,-0.69580078125,-0.341796875,-0.20751953125,-0.20751953125,0.29296875,-0.30517578125,-0.15869140625,0.0244140625,-0.06103515625,-0.390625,0.048828125,-1.123046875,-0.1708984375,0.6591796875,0.0244140625,-0.69580078125,0.146484375,1.91650390625,0.1708984375,2.08740234375,0.15869140625,4.01611328125,0.20751953125,1.37939453125,0.03662109375,-0.13427734375,-0.08544921875,-0.7568359375,-0.0732421875,0.9765625,0.09765625,0.2685546875,0.3662109375,-0.29296875,-0.830078125,-0.9033203125,-0.32958984375,-0.40283203125,-0.15869140625,-0.732421875,-0.2685546875,-0.146484375,-0.48828125,-0.634765625,-0.0732421875,-0.390625,0.1953125,0.537109375,0.23193359375,1.18408203125,0.10986328125,0.537109375,0.048828125,-0.08544921875,0.03662109375,0.76904296875,0.2685546875,1.3427734375,0.048828125,0.59814453125,0.0732421875,0.54931640625,-0.1220703125,0.146484375,0.29296875,0.35400390625,0.15869140625,1.123046875,-0.0244140625,0.20751953125,0.1220703125,0.2685546875,-0.06103515625,0.32958984375,0.1220703125,0.78125,0.1220703125,0.06103515625,-0.10986328125,1.40380859375,-0.1220703125,-0.87890625,0.13427734375,-0.29296875,0.03662109375,-0.9521484375,0.03662109375,-0.72021484375,0,-1.4892578125,-0.048828125,-0.18310546875,-0.20751953125,-0.28076171875,0.13427734375,-1.25732421875,-0.390625,2.1728515625,-0.37841796875,5.94482421875,0.048828125,1.62353515625,-0.09765625,2.77099609375,0.3173828125,-0.74462890625,-0.09765625,-1.4404296875,0.1220703125,-0.9765625,-0.146484375,0.439453125,-0.048828125,1.06201171875,0.10986328125,0.8056640625,-0.08544921875,0.3662109375,0.146484375,0.98876953125,-0.03662109375,0.06103515625,0,0.8544921875,-0.10986328125,-0.50048828125,-0.0732421875,-0.52490234375
0,-0.72021484375,-0.35400390625,-0.2197265625,-0.1953125,0.30517578125,-0.30517578125,-0.15869140625,0.03662109375,-0.048828125,-0.3173828125,0.06103515625,-1.08642578125,-0.1220703125,0.69580078125,0.0244140625,-0.54931640625,0.0732421875,2.64892578125,0.1708984375,2.7099609375,0.0732421875,4.78515625,0.2197265625,1.89208984375,-0.03662109375,-0.13427734375,0,-0.7568359375,-0.0244140625,0.9765625,0.20751953125,0.2685546875,0.25634765625,-0.30517578125,-0.91552734375,-0.87890625,-0.341796875,-0.4150390625,-0.244140625,-0.7080078125,-0.28076171875,-0.15869140625,-0.5126953125,-0.634765625,-0.08544921875,-0.40283203125,0.10986328125,0.537109375,0.2685546875,1.1962890625,0.15869140625,0.537109375,0.10986328125,-0.10986328125,0.01220703125,0.76904296875,0.3173828125,1.42822265625,-0.03662109375,0.54931640625,-0.01220703125,0.54931640625,-0.09765625,0.13427734375,0.35400390625,0.341796875,0.15869140625,1.11083984375,-0.03662109375,0.20751953125,0.18310546875,0.244140625,-0.0244140625,0.35400390625,0.146484375,0.78125,0.0732421875,0.03662109375,-0.15869140625,1.3916015625,-0.146484375,-0.9033203125,0.244140625,-0.29296875,-0.03662109375,-0.98876953125,0.048828125,-0.732421875,-0.0732421875,-1.4892578125,0.0244140625,-0.1953125,-0.2197265625,-0.29296875,0.244140625,-1.26953125,-0.37841796875,2.40478515625,-0.439453125,6.50634765625,0.0732421875,1.8310546875,-0.06103515625,3.0029296875,0.10986328125,-0.7568359375,-0.0244140625,-1.42822265625,0.18310546875,-0.98876953125,-0.10986328125,0.4638671875,-0.03662109375,1.513671875,0.10986328125,1.26953125,-0.0732421875,0.732421875,0.1953125,2.05078125,-0.0244140625,0.03662109375,-0.01220703125,0.86669921875,-0.10986328125,-0.47607421875,-0.09765625,-0.5126953125
0,-0.732421875,-0.40283203125,-0.29296875,-0.1953125,0.35400390625,-0.35400390625,-0.18310546875,0.03662109375,-0.048828125,-0.2685546875,0.0732421875,-1.03759765625,-0.1220703125,0.74462890625,0,-0.37841796875,0,3.3203125,0.146484375,3.2958984375,0.03662109375,5.50537109375,0.2197265625,2.4169921875,-0.09765625,-0.1220703125,0.08544921875,-0.7568359375,0,0.96435546875,0.2685546875,0.28076171875,0.146484375,-0.28076171875,-1.06201171875,-0.8544921875,-0.3173828125,-0.40283203125,-0.3173828125,-0.72021484375,-0.244140625,-0.15869140625,-0.50048828125,-0.64697265625,-0.13427734375,-0.42724609375,0.01220703125,0.537109375,0.32958984375,1.220703125,0.146484375,0.50048828125,0.13427734375,-0.146484375,0,0.74462890625,0.23193359375,1.4892578125,-0.0732421875,0.5615234375,-0.1220703125,0.54931640625,-0.0732421875,0.10986328125,0.37841796875,0.35400390625,0.1220703125,1.0986328125,-0.03662109375,0.20751953125,0.23193359375,0.244140625,-0.0244140625,0.35400390625,0.1708984375,0.7568359375,0.08544921875,0.048828125,-0.15869140625,1.40380859375,-0.1953125,-0.927734375,0.29296875,-0.30517578125,-0.09765625,-0.98876953125,0.0732421875,-0.72021484375,-0.13427734375,-1.50146484375,0.08544921875,-0.20751953125,-0.13427734375,-0.3173828125,0.30517578125,-1.2451171875,-0.3662109375,2.52685546875,-0.390625,6.8115234375,0.08544921875,1.91650390625,-0.048828125,3.125,-0.0732421875,-0.72021484375,0.0244140625,-1.4404296875,0.1708984375,-1.01318359375,-0.08544921875,0.45166015625,-0.03662109375,2.16064453125,0.10986328125,1.94091796875,-0.06103515625,1.2451171875,0.10986328125,3.3935546875,-0.0244140625,0.0244140625,-0.0244140625,0.87890625,-0.09765625,-0.45166015625,-0.13427734375,-0.5126953125
0,-0.7568359375,-0.45166015625,-0.29296875,-0.146484375,0.3662109375,-0.390625,-0.1953125,0.0244140625,-0.048828125,-0.20751953125,0.01220703125,-1.01318359375,-0.13427734375,0.74462890625,-0.06103515625,-0.2685546875,-0.08544921875,3.9306640625,0.09765625,3.7841796875,-0.01220703125,6.15234375,0.15869140625,2.84423828125,-0.10986328125,-0.10986328125,0.13427734375,-0.76904296875,0.08544921875,0.96435546875,0.25634765625,0.25634765625,0.1220703125,-0.30517578125,-1.2451171875,-0.84228515625,-0.2685546875,-0.42724609375,-0.4150390625,-0.7080078125,-0.15869140625,-0.1708984375,-0.47607421875,-0.64697265625,-0.15869140625,-0.4150390625,-0.0244140625,0.54931640625,0.32958984375,1.23291015625,0.06103515625,0.47607421875,0.1220703125,-0.15869140625,-0.03662109375,0.74462890625,0.2685546875,1.513671875,-0.08544921875,0.57373046875,-0.146484375,0.537109375,-0.08544921875,0.1220703125,0.35400390625,0.341796875,0.09765625,1.0986328125,-0.06103515625,0.2197265625,0.25634765625,0.244140625,-0.01220703125,0.35400390625,0.146484375,0.79345703125,0.0732421875,0.0732421875,-0.15869140625,1.3916015625,-0.2197265625,-0.93994140625,0.32958984375,-0.3173828125,-0.1953125,-1.0009765625,0.13427734375,-0.72021484375,-0.1708984375,-1.4892578125,0.15869140625,-0.23193359375,-0.01220703125,-0.3173828125,0.2685546875,-1.23291015625,-0.37841796875,2.50244140625,-0.29296875,6.8115234375,0.06103515625,1.91650390625,-0.01220703125,3.1494140625,-0.2685546875,-0.732421875,-0.01220703125,-1.4404296875,0.15869140625,-1.01318359375,-0.0732421875,0.45166015625,-0.08544921875,2.89306640625,0.06103515625,2.685546875,-0.08544921875,1.7822265625,-0.0244140625,4.9072265625,-0.0244140625,0.0244140625,-0.0244140625,0.89111328125,-0.0732421875,-0.45166015625,-0.13427734375,-0.50048828125
1,-0.81787109375,-0.4638671875,-0.30517578125,-0.09765625,0.37841796875,-0.4150390625,-0.20751953125,0.0244140625,0.01220703125,-0.20751953125,0.06103515625,-1.0009765625,-0.09765625,0.7568359375,-0.03662109375,-0.1708984375,-0.1220703125,4.39453125,0.01220703125,4.16259765625,-0.09765625,6.640625,0.01220703125,3.18603515625,-0.0732421875,-0.08544921875,0.13427734375,-0.7568359375,0.10986328125,0.9521484375,0.29296875,0.28076171875,0.15869140625,-0.32958984375,-1.35498046875,-0.8056640625,-0.20751953125,-0.439453125,-0.45166015625,-0.7080078125,-0.08544921875,-0.18310546875,-0.4150390625,-0.634765625,-0.146484375,-0.439453125,-0.048828125,0.5615234375,0.35400390625,1.23291015625,-0.0244140625,0.4638671875,0.2197265625,-0.18310546875,-0.13427734375,0.7568359375,0.2197265625,1.50146484375,-0.048828125,0.6103515625,-0.0732421875,0.5615234375,-0.13427734375,0.10986328125,0.3662109375,0.341796875,0.0732421875,1.0986328125,-0.048828125,0.23193359375,0.244140625,0.244140625,0.0244140625,0.341796875,0.10986328125,0.79345703125,0.0732421875,0.0732421875,-0.146484375,1.40380859375,-0.1953125,-0.9521484375,0.3662109375,-0.32958984375,-0.25634765625,-0.98876953125,0.1708984375,-0.74462890625,-0.15869140625,-1.50146484375,0.20751953125,-0.23193359375,0.15869140625,-0.3173828125,0.18310546875,-1.220703125,-0.35400390625,2.3681640625,-0.1953125,6.57958984375,0.0732421875,1.81884765625,0,3.03955078125,-0.37841796875,-0.69580078125,-0.06103515625,-1.4404296875,0.13427734375,-1.01318359375,-0.03662109375,0.42724609375,-0.048828125,3.7109375,0.09765625,3.5400390625,-0.08544921875,2.392578125,-0.03662109375,6.4697265625,0,0.03662109375,-0.01220703125,0.91552734375,-0.10986328125,-0.47607421875,-0.13427734375,-0.48828125
1,-0.8544921875,-0.439453125,-0.341796875,-0.0244140625,0.4150390625,-0.439453125,-0.20751953125,0.0244140625,-0.0244140625,-0.20751953125,0.08544921875,-1.0009765625,-0.10986328125,0.732421875,-0.0244140625,-0.146484375,-0.146484375,4.6875,-0.1220703125,4.39453125,-0.15869140625,6.99462890625,-0.1708984375,3.35693359375,0.01220703125,-0.06103515625,0.10986328125,-0.7568359375,0.1220703125,0.96435546875,0.28076171875,0.23193359375,0.244140625,-0.32958984375,-1.35498046875,-0.79345703125,-0.13427734375,-0.4638671875,-0.42724609375,-0.7080078125,0,-0.18310546875,-0.3662109375,-0.64697265625,-0.10986328125,-0.439453125,0,0.54931640625,0.29296875,1.220703125,-0.146484375,0.4638671875,0.23193359375,-0.20751953125,-0.146484375,0.732421875,0.1953125,1.4404296875,-0.06103515625,0.67138671875,-0.06103515625,0.537109375,-0.244140625,0.10986328125,0.35400390625,0.341796875,0.03662109375,1.08642578125,-0.03662109375,0.244140625,0.244140625,0.23193359375,0.0244140625,0.32958984375,0.06103515625,0.8056640625,0.09765625,0.08544921875,-0.09765625,1.37939453125,-0.1953125,-0.96435546875,0.341796875,-0.30517578125,-0.244140625,-0.9765625,0.1953125,-0.7568359375,-0.1220703125,-1.4892578125,0.2197265625,-0.244140625,0.29296875,-0.32958984375,0.1220703125,-1.20849609375,-0.341796875,2.1240234375,-0.1220703125,6.14013671875,0.03662109375,1.611328125,0.03662109375,2.84423828125,-0.37841796875,-0.7080078125,-0.15869140625,-1.4404296875,0.13427734375,-1.0009765625,-0.048828125,0.40283203125,-0.06103515625,4.47998046875,0.08544921875,4.35791015625,-0.0732421875,2.9296875,-0.146484375,7.89794921875,-0.01220703125,0.03662109375,-0.01220703125,0.91552734375,-0.09765625,-0.48828125,-0.09765625,-0.48828125
1,-0.8544921875,-0.439453125,-0.42724609375,0.06103515625,0.439453125,-0.42724609375,-0.23193359375,0.01220703125,-0.03662109375,-0.2197265625,0.03662109375,-1.025390625,-0.13427734375,0.732421875,-0.0732421875,-0.1708984375,-0.1220703125,4.78515625,-0.2197265625,4.4677734375,-0.146484375,7.1533203125,-0.35400390625,3.43017578125,0.08544921875,-0.08544921875,0.08544921875,-0.74462890625,0.09765625,0.96435546875,0.29296875,0.23193359375,0.390625,-0.3173828125,-1.25732421875,-0.79345703125,-0.10986328125,-0.47607421875,-0.3662109375,-0.7080078125,0.08544921875,-0.1953125,-0.341796875,-0.64697265625,-0.09765625,-0.4150390625,0.048828125,0.54931640625,0.25634765625,1.1962890625,-0.28076171875,0.45166015625,0.2685546875,-0.15869140625,-0.1953125,0.74462890625,0.3173828125,1.35498046875,0.09765625,0.74462890625,-0.048828125,0.537109375,-0.2685546875,0.10986328125,0.3662109375,0.3173828125,-0.03662109375,1.07421875,-0.048828125,0.25634765625,0.2197265625,0.244140625,0.01220703125,0.3173828125,-0.01220703125,0.86669921875,0.10986328125,0.06103515625,-0.09765625,1.37939453125,-0.15869140625,-0.9521484375,0.30517578125,-0.30517578125,-0.244140625,-0.9521484375,0.1708984375,-0.74462890625,-0.048828125,-1.4892578125,0.18310546875,-0.244140625,0.3662109375,-0.3173828125,0.048828125,-1.20849609375,-0.29296875,1.84326171875,-0.08544921875,5.55419921875,0.048828125,1.40380859375,0.03662109375,2.587890625,-0.28076171875,-0.68359375,-0.30517578125,-1.4404296875,0.10986328125,-1.01318359375,-0.06103515625,0.40283203125,-0.0732421875,5.16357421875,0.06103515625,5.078125,-0.08544921875,3.41796875,-0.1220703125,9.130859375,-0.0244140625,0.0732421875,-0.01220703125,0.9033203125,-0.13427734375,-0.5126953125,-0.048828125,-0.47607421875
1,-0.89111328125,-0.40283203125,-0.4150390625,0.15869140625,0.47607421875,-0.42724609375,-0.20751953125,0.0244140625,0.01220703125,-0.2197265625,0.06103515625,-1.03759765625,-0.1220703125,0.732421875,-0.03662109375,-0.2197265625,-0.08544921875,4.7119140625,-0.2197265625,4.443359375,-0.13427734375,7.12890625,-0.45166015625,3.3447265625,0.20751953125,-0.09765625,0.0244140625,-0.76904296875,0.0732421875,0.96435546875,0.28076171875,0.23193359375,0.4638671875,-0.3173828125,-1.0986328125,-0.79345703125,-0.0732421875,-0.4638671875,-0.30517578125,-0.7080078125,0.146484375,-0.1953125,-0.30517578125,-0.64697265625,-0.03662109375,-0.4150390625,0.06103515625,0.537109375,0.146484375,1.171875,-0.4150390625,0.47607421875,0.32958984375,-0.15869140625,-0.244140625,0.74462890625,0.37841796875,1.28173828125,0.1953125,0.7568359375,-0.048828125,0.537109375,-0.3173828125,0.13427734375,0.37841796875,0.30517578125,-0.18310546875,1.0986328125,-0.03662109375,0.2685546875,0.18310546875,0.2197265625,-0.03662109375,0.32958984375,-0.06103515625,0.86669921875,0.13427734375,0.0732421875,-0.09765625,1.3671875,-0.1708984375,-0.927734375,0.2197265625,-0.29296875,-0.23193359375,-0.96435546875,0.08544921875,-0.7568359375,0.03662109375,-1.47705078125,0.10986328125,-0.28076171875,0.390625,-0.3173828125,0,-1.20849609375,-0.23193359375,1.50146484375,-0.0732421875,4.89501953125,0.0244140625,1.13525390625,0.0244140625,2.294921875,-0.1220703125,-0.68359375,-0.45166015625,-1.45263671875,0.06103515625,-1.01318359375,-0.09765625,0.4150390625,-0.06103515625,5.6640625,0.08544921875,5.6640625,-0.06103515625,3.80859375,-0.09765625,10.107421875,-0.0244140625,0.09765625,0,0.89111328125,-0.13427734375,-0.52490234375,-0.03662109375,-0.4638671875
1,-0.89111328125,-0.3662109375,-0.42724609375,0.2197265625,0.47607421875,-0.4150390625,-0.23193359375,0.03662109375,0.0244140625,-0.2197265625,0.048828125,-1.025390625,-0.146484375,0.7568359375,-0.03662109375,-0.25634765625,-0.08544921875,4.541015625,-0.2197265625,4.296875,-0.2197265625,7.03125,-0.4638671875,3.21044921875,0.28076171875,-0.10986328125,0.01220703125,-0.78125,0,0.9765625,0.244140625,0.244140625,0.5126953125,-0.30517578125,-0.9033203125,-0.8056640625,-0.06103515625,-0.439453125,-0.2197265625,-0.7080078125,0.20751953125,-0.18310546875,-0.32958984375,-0.64697265625,0.0244140625,-0.40283203125,0.08544921875,0.5615234375,0.0732421875,1.123046875,-0.50048828125,0.47607421875,0.341796875,-0.1220703125,-0.2197265625,0.76904296875,0.35400390625,1.2451171875,0.35400390625,0.76904296875,-0.048828125,0.537109375,-0.32958984375,0.1708984375,0.28076171875,0.28076171875,-0.20751953125,1.0986328125,-0.03662109375,0.28076171875,0.13427734375,0.2197265625,-0.08544921875,0.32958984375,-0.09765625,0.87890625,0.1708984375,0.0732421875,-0.146484375,1.3671875,-0.146484375,-0.927734375,0.13427734375,-0.30517578125,-0.1953125,-0.9521484375,0.01220703125,-0.7568359375,0.1220703125,-1.47705078125,0.0732421875,-0.2685546875,0.32958984375,-0.30517578125,0,-1.220703125,-0.1220703125,1.1474609375,-0.0732421875,4.23583984375,0,0.87890625,0,1.9775390625,0.09765625,-0.69580078125,-0.5615234375,-1.45263671875,0.0244140625,-1.01318359375,-0.09765625,0.390625,-0.0732421875,5.9814453125,0.0732421875,6.04248046875,-0.08544921875,4.00390625,-0.20751953125,10.693359375,-0.01220703125,0.09765625,-0.048828125,0.86669921875,-0.146484375,-0.5126953125,-0.03662109375,-0.48828125
1,-0.89111328125,-0.35400390625,-0.4638671875,0.28076171875,0.45166015625,-0.40283203125,-0.23193359375,0.048828125,0.01220703125,-0.18310546875,0.03662109375,-0.98876953125,-0.146484375,0.76904296875,-0.01220703125,-0.28076171875,-0.08544921875,4.296875,-0.13427734375,4.1259765625,-0.390625,6.79931640625,-0.37841796875,2.99072265625,0.30517578125,-0.10986328125,-0.01220703125,-0.76904296875,-0.03662109375,0.96435546875,0.18310546875,0.23193359375,0.50048828125,-0.29296875,-0.78125,-0.8056640625,-0.06103515625,-0.42724609375,-0.1220703125,-0.7080078125,0.29296875,-0.146484375,-0.3662109375,-0.64697265625,0.09765625,-0.390625,0.15869140625,0.537109375,0.048828125,1.13525390625,-0.5126953125,0.5126953125,0.32958984375,-0.09765625,-0.18310546875,0.76904296875,0.4150390625,1.1962890625,0.32958984375,0.74462890625,-0.08544921875,0.537109375,-0.32958984375,0.1708984375,0.20751953125,0.2685546875,-0.29296875,1.11083984375,-0.03662109375,0.28076171875,0.08544921875,0.23193359375,-0.13427734375,0.3173828125,-0.1220703125,0.927734375,0.2197265625,0.06103515625,-0.1953125,1.35498046875,-0.13427734375,-0.89111328125,0.048828125,-0.2685546875,-0.146484375,-0.9521484375,-0.0732421875,-0.7568359375,0.244140625,-1.47705078125,0.03662109375,-0.28076171875,0.23193359375,-0.29296875,0,-1.23291015625,-0.0244140625,0.84228515625,-0.09765625,3.564453125,-0.01220703125,0.62255859375,-0.08544921875,1.6357421875,0.23193359375,-0.72021484375,-0.5615234375,-1.45263671875,0,-1.0009765625,-0.09765625,0.40283203125,-0.06103515625,6.0791015625,0.03662109375,6.201171875,-0.0732421875,4.1015625,-0.25634765625,10.90087890625,0,0.08544921875,-0.048828125,0.830078125,-0.1220703125,-0.5126953125,-0.048828125,-0.50048828125
1,-0.87890625,-0.35400390625,-0.40283203125,0.30517578125,0.439453125,-0.35400390625,-0.20751953125,0.06103515625,0.03662109375,-0.10986328125,0.0732421875,-0.93994140625,-0.13427734375,0.8056640625,0.0244140625,-0.2685546875,-0.1220703125,4.0283203125,-0.0244140625,3.94287109375,-0.47607421875,6.53076171875,-0.2197265625,2.8076171875,0.2685546875,-0.1220703125,0,-0.7568359375,-0.08544921875,0.96435546875,0.1220703125,0.244140625,0.5126953125,-0.28076171875,-0.72021484375,-0.81787109375,-0.048828125,-0.42724609375,-0.03662109375,-0.7080078125,0.3662109375,-0.1708984375,-0.439453125,-0.634765625,0.1953125,-0.3662109375,0.1953125,0.54931640625,0.0244140625,1.11083984375,-0.47607421875,0.50048828125,0.3173828125,-0.06103515625,-0.15869140625,0.7568359375,0.40283203125,1.15966796875,0.3662109375,0.7080078125,-0.06103515625,0.52490234375,-0.32958984375,0.18310546875,0.10986328125,0.2685546875,-0.32958984375,1.08642578125,-0.048828125,0.25634765625,0.01220703125,0.244140625,-0.244140625,0.32958984375,-0.13427734375,0.9033203125,0.2685546875,0.08544921875,-0.2197265625,1.3671875,-0.13427734375,-0.89111328125,-0.03662109375,-0.29296875,-0.0732421875,-0.96435546875,-0.08544921875,-0.7568359375,0.25634765625,-1.46484375,0.0244140625,-0.28076171875,0.08544921875,-0.28076171875,-0.01220703125,-1.25732421875,0.03662109375,0.5126953125,-0.146484375,2.91748046875,-0.0244140625,0.37841796875,-0.13427734375,1.35498046875,0.29296875,-0.7080078125,-0.439453125,-1.45263671875,-0.01220703125,-1.0009765625,-0.10986328125,0.40283203125,-0.06103515625,5.9814453125,0.01220703125,6.11572265625,-0.0732421875,4.0283203125,-0.30517578125,10.77880859375,0,0.0732421875,-0.0732421875,0.79345703125,-0.10986328125,-0.52490234375,-0.0244140625,-0.5126953125
1,-0.86669921875,-0.35400390625,-0.50048828125,0.28076171875,0.439453125,-0.341796875,-0.20751953125,0.0732421875,-0.01220703125,-0.06103515625,0.0732421875,-0.87890625,-0.18310546875,0.87890625,0.01220703125,-0.2197265625,-0.146484375,3.7841796875,0.08544921875,3.7353515625,-0.50048828125,6.2255859375,-0.01220703125,2.63671875,0.18310546875,-0.146484375,-0.01220703125,-0.7568359375,-0.13427734375,0.9521484375,0.01220703125,0.23193359375,0.5126953125,-0.2685546875,-0.76904296875,-0.84228515625,-0.048828125,-0.42724609375,0,-0.72021484375,0.42724609375,-0.15869140625,-0.4638671875,-0.6591796875,0.28076171875,-0.35400390625,0.1953125,0.52490234375,-0.01220703125,1.171875,-0.45166015625,0.48828125,0.2197265625,-0.048828125,-0.10986328125,0.74462890625,0.4638671875,1.1962890625,0.32958984375,0.62255859375,-0.09765625,0.52490234375,-0.35400390625,0.1708984375,0.03662109375,0.244140625,-0.341796875,1.08642578125,-0.0732421875,0.25634765625,0,0.23193359375,-0.30517578125,0.3173828125,-0.13427734375,0.91552734375,0.30517578125,0.048828125,-0.25634765625,1.37939453125,-0.13427734375,-0.9033203125,-0.06103515625,-0.29296875,-0.01220703125,-0.9765625,-0.0244140625,-0.76904296875,0.28076171875,-1.4892578125,0,-0.25634765625,-0.048828125,-0.30517578125,-0.0244140625,-1.26953125,0.048828125,0.2197265625,-0.1708984375,2.3193359375,-0.048828125,0.146484375,-0.15869140625,1.0498046875,0.244140625,-0.72021484375,-0.2197265625,-1.45263671875,-0.01220703125,-0.98876953125,-0.09765625,0.4150390625,-0.048828125,5.6640625,-0.01220703125,5.84716796875,-0.08544921875,3.82080078125,-0.3173828125,10.2783203125,-0.01220703125,0.048828125,-0.09765625,0.8056640625,-0.09765625,-0.50048828125,-0.03662109375,-0.5126953125
1,-0.87890625,-0.32958984375,-0.537109375,0.1953125,0.4638671875,-0.341796875,-0.20751953125,0.09765625,-0.0244140625,0,0.03662109375,-0.79345703125,-0.1953125,0.93994140625,0,-0.1708984375,-0.1708984375,3.57666015625,0.146484375,3.60107421875,-0.52490234375,5.9814453125,0.13427734375,2.5146484375,0.0732421875,-0.146484375,-0.0244140625,-0.7568359375,-0.1708984375,0.96435546875,-0.048828125,0.244140625,0.537109375,-0.2685546875,-0.78125,-0.86669921875,-0.06103515625,-0.42724609375,-0.0244140625,-0.7080078125,0.42724609375,-0.146484375,-0.45166015625,-0.6591796875,0.3173828125,-0.35400390625,0.18310546875,0.52490234375,-0.03662109375,1.15966796875,-0.35400390625,0.50048828125,0.13427734375,-0.06103515625,-0.0732421875,0.74462890625,0.52490234375,1.25732421875,0.28076171875,0.54931640625,-0.10986328125,0.50048828125,-0.35400390625,0.15869140625,-0.06103515625,0.244140625,-0.3173828125,1.08642578125,-0.08544921875,0.23193359375,-0.0244140625,0.23193359375,-0.341796875,0.3173828125,-0.146484375,0.927734375,0.35400390625,0.06103515625,-0.28076171875,1.37939453125,-0.146484375,-0.9033203125,-0.048828125,-0.30517578125,0.0244140625,-0.9765625,0.06103515625,-0.7568359375,0.23193359375,-1.47705078125,0.01220703125,-0.2197265625,-0.15869140625,-0.30517578125,-0.048828125,-1.25732421875,0,-0.06103515625,-0.1708984375,1.72119140625,-0.08544921875,-0.03662109375,-0.15869140625,0.76904296875,0.13427734375,-0.732421875,-0.01220703125,-1.45263671875,-0.01220703125,-0.96435546875,-0.08544921875,0.439453125,-0.048828125,5.18798828125,-0.03662109375,5.3466796875,-0.08544921875,3.50341796875,-0.3173828125,9.47265625,-0.0244140625,0.03662109375,-0.09765625,0.8056640625,-0.10986328125,-0.48828125,-0.01220703125,-0.5126953125
1,-0.8544921875,-0.35400390625,-0.5615234375,0.08544921875,0.48828125,-0.341796875,-0.20751953125,0.09765625,0,0.0732421875,0.06103515625,-0.7080078125,-0.18310546875,0.98876953125,0.01220703125,-0.0732421875,-0.13427734375,3.45458984375,0.23193359375,3.50341796875,-0.341796875,5.7373046875,0.28076171875,2.4169921875,-0.0244140625,-0.1708984375,-0.06103515625,-0.76904296875,-0.20751953125,1.0009765625,-0.146484375,0.244140625,0.537109375,-0.2685546875,-0.84228515625,-0.87890625,-0.10986328125,-0.4150390625,-0.0244140625,-0.732421875,0.37841796875,-0.146484375,-0.45166015625,-0.634765625,0.28076171875,-0.3662109375,0.13427734375,0.5126953125,-0.048828125,1.18408203125,-0.28076171875,0.48828125,0.1220703125,-0.09765625,-0.0732421875,0.72021484375,0.5615234375,1.33056640625,0.146484375,0.4638671875,-0.0244140625,0.50048828125,-0.439453125,0.13427734375,-0.1708984375,0.23193359375,-0.30517578125,1.07421875,-0.09765625,0.20751953125,0,0.23193359375,-0.3662109375,0.30517578125,-0.146484375,0.91552734375,0.3662109375,0.048828125,-0.2685546875,1.37939453125,-0.18310546875,-0.87890625,0.01220703125,-0.29296875,0.06103515625,-0.9765625,0.15869140625,-0.74462890625,0.1708984375,-1.47705078125,0,-0.20751953125,-0.244140625,-0.30517578125,-0.0732421875,-1.2451171875,-0.0732421875,-0.341796875,-0.1220703125,1.1474609375,-0.09765625,-0.25634765625,-0.15869140625,0.5126953125,0,-0.732421875,0.146484375,-1.46484375,-0.01220703125,-0.98876953125,-0.0244140625,0.45166015625,-0.048828125,4.5654296875,-0.06103515625,4.69970703125,-0.0732421875,3.08837890625,-0.30517578125,8.38623046875,-0.048828125,0,-0.09765625,0.830078125,-0.09765625,-0.4638671875,0,-0.52490234375
1,-0.830078125,-0.37841796875,-0.5859375,-0.01220703125,0.5126953125,-0.35400390625,-0.2197265625,0.0732421875,0,0.146484375,0.08544921875,-0.6591796875,-0.1708984375,1.0498046875,0.0244140625,0,-0.1220703125,3.3447265625,0.2685546875,3.40576171875,-0.244140625,5.56640625,0.28076171875,2.35595703125,-0.13427734375,-0.146484375,-0.09765625,-0.76904296875,-0.23193359375,0.9765625,-0.2197265625,0.244140625,0.54931640625,-0.30517578125,-0.927734375,-0.8544921875,-0.1220703125,-0.42724609375,0,-0.732421875,0.25634765625,-0.18310546875,-0.4150390625,-0.64697265625,0.1953125,-0.40283203125,0.0732421875,0.48828125,0.01220703125,1.20849609375,-0.1708984375,0.47607421875,0.0732421875,-0.13427734375,-0.03662109375,0.732421875,0.5859375,1.42822265625,0,0.4150390625,0.03662109375,0.50048828125,-0.45166015625,0.1220703125,-0.23193359375,0.244140625,-0.2685546875,1.07421875,-0.09765625,0.20751953125,-0.01220703125,0.23193359375,-0.40283203125,0.28076171875,-0.13427734375,0.91552734375,0.3662109375,0.048828125,-0.23193359375,1.3916015625,-0.1953125,-0.89111328125,0.10986328125,-0.3173828125,0.03662109375,-0.9521484375,0.20751953125,-0.732421875,0.09765625,-1.4892578125,-0.01220703125,-0.1953125,-0.23193359375,-0.3173828125,-0.10986328125,-1.220703125,-0.23193359375,-0.62255859375,-0.09765625,0.537109375,-0.09765625,-0.42724609375,-0.146484375,0.244140625,-0.048828125,-0.732421875,0.20751953125,-1.45263671875,0.0244140625,-1.0009765625,-0.01220703125,0.439453125,-0.048828125,3.8818359375,-0.0732421875,3.955078125,-0.0732421875,2.57568359375,-0.3173828125,7.080078125,-0.0732421875,0.0244140625,-0.06103515625,0.81787109375,-0.10986328125,-0.45166015625,0.01220703125,-0.52490234375
1,-0.8056640625,-0.390625,-0.57373046875,-0.1220703125,0.5126953125,-0.37841796875,-0.20751953125,0.048828125,0.0244140625,0.1953125,0.0732421875,-0.634765625,-0.15869140625,1.0986328125,0.01220703125,0.06103515625,-0.08544921875,3.2470703125,0.29296875,3.3447265625,-0.13427734375,5.40771484375,0.23193359375,2.28271484375,-0.1953125,-0.146484375,-0.13427734375,-0.7568359375,-0.23193359375,0.96435546875,-0.2197265625,0.244140625,0.52490234375,-0.3173828125,-1.07421875,-0.84228515625,-0.1708984375,-0.439453125,0,-0.72021484375,0.08544921875,-0.20751953125,-0.35400390625,-0.62255859375,0.08544921875,-0.42724609375,0.0244140625,0.48828125,0.13427734375,1.220703125,-0.08544921875,0.47607421875,-0.048828125,-0.18310546875,-0.01220703125,0.732421875,0.62255859375,1.513671875,-0.1220703125,0.390625,0.13427734375,0.50048828125,-0.45166015625,0.1220703125,-0.28076171875,0.25634765625,-0.2197265625,1.06201171875,-0.1220703125,0.18310546875,0.01220703125,0.244140625,-0.4150390625,0.2685546875,-0.08544921875,0.89111328125,0.35400390625,0.0244140625,-0.1953125,1.37939453125,-0.23193359375,-0.9033203125,0.15869140625,-0.3173828125,0.01220703125,-0.96435546875,0.28076171875,-0.7568359375,0.01220703125,-1.46484375,-0.03662109375,-0.18310546875,-0.1953125,-0.30517578125,-0.1220703125,-1.20849609375,-0.37841796875,-0.86669921875,-0.09765625,-0.06103515625,-0.13427734375,-0.6103515625,-0.09765625,-0.03662109375,-0.048828125,-0.7080078125,0.18310546875,-1.42822265625,0.06103515625,-0.9765625,0.01220703125,0.439453125,-0.048828125,3.16162109375,-0.0732421875,3.18603515625,-0.08544921875,2.0263671875,-0.341796875,5.6884765625,-0.08544921875,0.01220703125,-0.0732421875,0.8056640625,-0.1220703125,-0.45166015625,0,-0.50048828125
1,-0.76904296875,-0.40283203125,-0.537109375,-0.23193359375,0.5126953125,-0.4150390625,-0.20751953125,0.03662109375,0.0732421875,0.244140625,0.0732421875,-0.6103515625,-0.15869140625,1.08642578125,0,0.09765625,-0.03662109375,3.18603515625,0.28076171875,3.2470703125,0.01220703125,5.28564453125,0.146484375,2.20947265625,-0.2197265625,-0.13427734375,-0.18310546875,-0.7568359375,-0.18310546875,0.9521484375,-0.18310546875,0.25634765625,0.48828125,-0.3173828125,-1.220703125,-0.84228515625,-0.1953125,-0.42724609375,-0.09765625,-0.72021484375,-0.0732421875,-0.2197265625,-0.35400390625,-0.62255859375,0,-0.42724609375,-0.01220703125,0.48828125,0.18310546875,1.220703125,-0.06103515625,0.47607421875,-0.09765625,-0.18310546875,-0.01220703125,0.72021484375,0.62255859375,1.55029296875,-0.146484375,0.40283203125,0.1708984375,0.5126953125,-0.4638671875,0.13427734375,-0.32958984375,0.25634765625,-0.18310546875,1.06201171875,-0.13427734375,0.18310546875,0.0244140625,0.23193359375,-0.4150390625,0.2685546875,-0.0244140625,0.86669921875,0.3173828125,0.0244140625,-0.13427734375,1.3671875,-0.23193359375,-0.91552734375,0.20751953125,-0.32958984375,-0.01220703125,-0.96435546875,0.29296875,-0.74462890625,0,-1.46484375,-0.03662109375,-0.1708984375,-0.1220703125,-0.30517578125,-0.08544921875,-1.171875,-0.5126953125,-1.11083984375,-0.146484375,-0.62255859375,-0.146484375,-0.7568359375,-0.06103515625,-0.23193359375,-0.0244140625,-0.732421875,0.1220703125,-1.42822265625,0.08544921875,-0.9765625,0.0244140625,0.42724609375,-0.06103515625,2.44140625,-0.0732421875,2.392578125,-0.08544921875,1.47705078125,-0.3662109375,4.248046875,-0.06103515625,0,-0.0732421875,0.8544921875,-0.146484375,-0.45166015625,0.01220703125,-0.47607421875
1,-0.79345703125,-0.439453125,-0.634765625,-0.2685546875,0.50048828125,-0.42724609375,-0.20751953125,0.0244140625,0.0732421875,0.2197265625,0.09765625,-0.59814453125,-0.15869140625,1.0986328125,0.01220703125,0.1220703125,0.01220703125,3.0517578125,0.18310546875,3.1005859375,0.10986328125,5.1025390625,0.01220703125,2.099609375,-0.20751953125,-0.1220703125,-0.2197265625,-0.732421875,-0.13427734375,0.96435546875,-0.06103515625,0.25634765625,0.390625,-0.3173828125,-1.28173828125,-0.84228515625,-0.18310546875,-0.42724609375,-0.1953125,-0.7080078125,-0.15869140625,-0.2197265625,-0.35400390625,-0.634765625,-0.09765625,-0.439453125,-0.03662109375,0.50048828125,0.244140625,1.220703125,-0.01220703125,0.4638671875,-0.1708984375,-0.20751953125,0.048828125,0.732421875,0.5859375,1.5380859375,-0.20751953125,0.40283203125,0.146484375,0.537109375,-0.40283203125,0.1220703125,-0.32958984375,0.2685546875,-0.146484375,1.06201171875,-0.13427734375,0.2197265625,0.048828125,0.23193359375,-0.45166015625,0.2685546875,0.0244140625,0.89111328125,0.30517578125,0.01220703125,-0.0732421875,1.35498046875,-0.20751953125,-0.89111328125,0.2197265625,-0.32958984375,-0.0244140625,-0.96435546875,0.29296875,-0.7568359375,-0.03662109375,-1.47705078125,-0.06103515625,-0.1953125,-0.01220703125,-0.29296875,-0.0244140625,-1.15966796875,-0.5859375,-1.2939453125,-0.25634765625,-1.11083984375,-0.146484375,-0.9521484375,-0.048828125,-0.4638671875,0.08544921875,-0.7080078125,-0.0244140625,-1.4404296875,0.1220703125,-0.98876953125,0.048828125,0.439453125,-0.048828125,1.7578125,-0.0732421875,1.6357421875,-0.08544921875,0.96435546875,-0.3662109375,2.86865234375,-0.048828125,0.0244140625,-0.0732421875,0.8544921875,-0.15869140625,-0.439453125,0,-0.47607421875
0,-0.732421875,-0.42724609375,-0.68359375,-0.3173828125,0.52490234375,-0.439453125,-0.2197265625,0.0244140625,0.1220703125,0.1953125,0.08544921875,-0.6591796875,-0.13427734375,1.06201171875,0,0.09765625,0.0732421875,2.8564453125,0.13427734375,2.89306640625,0.13427734375,4.84619140625,-0.10986328125,1.94091796875,-0.1708984375,-0.10986328125,-0.244140625,-0.7568359375,-0.0732421875,0.93994140625,0.0732421875,0.2685546875,0.23193359375,-0.32958984375,-1.23291015625,-0.81787109375,-0.15869140625,-0.4150390625,-0.2197265625,-0.7080078125,-0.18310546875,-0.23193359375,-0.37841796875,-0.634765625,-0.15869140625,-0.45166015625,-0.09765625,0.5126953125,0.1953125,1.18408203125,0,0.47607421875,-0.23193359375,-0.1708984375,0.09765625,0.7568359375,0.537109375,1.46484375,-0.244140625,0.4638671875,0.13427734375,0.537109375,-0.244140625,0.13427734375,-0.35400390625,0.25634765625,-0.048828125,1.03759765625,-0.15869140625,0.20751953125,0.048828125,0.25634765625,-0.4638671875,0.2685546875,0.03662109375,0.86669921875,0.28076171875,0,0.01220703125,1.35498046875,-0.20751953125,-0.91552734375,0.1953125,-0.32958984375,0,-0.9765625,0.25634765625,-0.74462890625,-0.01220703125,-1.4892578125,-0.0732421875,-0.20751953125,0.09765625,-0.30517578125,0,-1.1474609375,-0.5126953125,-1.45263671875,-0.390625,-1.50146484375,-0.146484375,-1.03759765625,-0.0244140625,-0.5859375,0.15869140625,-0.7080078125,-0.1708984375,-1.4404296875,0.15869140625,-1.01318359375,0.08544921875,0.439453125,-0.048828125,1.171875,-0.09765625,0.9521484375,-0.0732421875,0.50048828125,-0.35400390625,1.59912109375,-0.03662109375,0.0244140625,-0.06103515625,0.830078125,-0.15869140625,-0.4638671875,0,-0.4638671875
0,-0.74462890625,-0.40283203125,-0.64697265625,-0.29296875,0.5126953125,-0.4638671875,-0.18310546875,0.0244140625,0.1708984375,0.146484375,0.09765625,-0.68359375,-0.10986328125,1.0009765625,0.01220703125,0.0244140625,0.048828125,2.6123046875,0.048828125,2.63671875,0.15869140625,4.52880859375,-0.20751953125,1.74560546875,-0.1220703125,-0.10986328125,-0.25634765625,-0.74462890625,0,0.93994140625,0.1708984375,0.25634765625,0.06103515625,-0.3173828125,-1.08642578125,-0.830078125,-0.1708984375,-0.40283203125,-0.23193359375,-0.7080078125,-0.10986328125,-0.20751953125,-0.390625,-0.64697265625,-0.18310546875,-0.439453125,-0.1220703125,0.52490234375,0.09765625,1.171875,-0.01220703125,0.48828125,-0.20751953125,-0.15869140625,0.0732421875,0.7568359375,0.48828125,1.3671875,-0.2685546875,0.50048828125,0.09765625,0.57373046875,-0.13427734375,0.13427734375,-0.3662109375,0.2685546875,0.03662109375,1.03759765625,-0.146484375,0.20751953125,0.0732421875,0.25634765625,-0.4638671875,0.28076171875,0.08544921875,0.87890625,0.23193359375,0.0244140625,0.0732421875,1.35498046875,-0.15869140625,-0.89111328125,0.1708984375,-0.32958984375,0.01220703125,-0.9521484375,0.1953125,-0.74462890625,0.01220703125,-1.47705078125,-0.0732421875,-0.2197265625,0.13427734375,-0.28076171875,0.06103515625,-1.171875,-0.4150390625,-1.5380859375,-0.47607421875,-1.77001953125,-0.1220703125,-1.11083984375,0.03662109375,-0.67138671875,0.1953125,-0.7080078125,-0.28076171875,-1.42822265625,0.15869140625,-1.0009765625,0.1220703125,0.4150390625,-0.03662109375,0.68359375,-0.09765625,0.37841796875,-0.06103515625,0.08544921875,-0.341796875,0.59814453125,-0.0244140625,0.048828125,-0.06103515625,0.84228515625,-0.146484375,-0.47607421875,0,-0.47607421875
0,-0.69580078125,-0.37841796875,-0.7080078125,-0.25634765625,0.50048828125,-0.45166015625,-0.1953125,0,0.18310546875,0.08544921875,0.0732421875,-0.732421875,-0.10986328125,0.98876953125,0.048828125,-0.10986328125,0.048828125,2.2705078125,0.06103515625,2.3193359375,0.10986328125,4.11376953125,-0.2197265625,1.45263671875,-0.048828125,-0.10986328125,-0.18310546875,-0.7568359375,0.06103515625,0.93994140625,0.1953125,0.25634765625,-0.0244140625,-0.35400390625,-0.9765625,-0.830078125,-0.1708984375,-0.40283203125,-0.244140625,-0.69580078125,0.03662109375,-0.1953125,-0.45166015625,-0.64697265625,-0.2197265625,-0.439453125,-0.15869140625,0.537109375,-0.01220703125,1.13525390625,-0.08544921875,0.50048828125,-0.2197265625,-0.1708984375,0.09765625,0.78125,0.3662109375,1.18408203125,-0.20751953125,0.5615234375,0.1220703125,0.5859375,0.03662109375,0.146484375,-0.32958984375,0.25634765625,0.1220703125,1.06201171875,-0.10986328125,0.23193359375,0.06103515625,0.23193359375,-0.45166015625,0.28076171875,0.0732421875,0.87890625,0.23193359375,0,0.10986328125,1.3427734375,-0.13427734375,-0.9033203125,0.13427734375,-0.3173828125,-0.0244140625,-0.98876953125,0.1220703125,-0.74462890625,0.048828125,-1.4892578125,-0.0244140625,-0.25634765625,0.13427734375,-0.28076171875,0.146484375,-1.18408203125,-0.32958984375,-1.5380859375,-0.52490234375,-1.86767578125,-0.0732421875,-1.11083984375,0.08544921875,-0.69580078125,0.1708984375,-0.7080078125,-0.32958984375,-1.42822265625,0.1220703125,-1.0009765625,0.13427734375,0.42724609375,-0.03662109375,0.29296875,-0.1220703125,-0.03662109375,-0.0732421875,-0.20751953125,-0.35400390625,-0.1220703125,-0.01220703125,0.0732421875,-0.048828125,0.86669921875,-0.146484375,-0.47607421875,0.03662109375,-0.4638671875
0,-0.68359375,-0.35400390625,-0.7080078125,-0.23193359375,0.54931640625,-0.42724609375,-0.18310546875,0.0244140625,0.1953125,0.06103515625,0.08544921875,-0.78125,-0.0732421875,0.9521484375,0.06103515625,-0.1953125,-0.048828125,1.904296875,0.0244140625,1.9287109375,-0.13427734375,3.62548828125,-0.2685546875,1.1474609375,0.01220703125,-0.09765625,-0.10986328125,-0.76904296875,0.15869140625,0.9521484375,0.18310546875,0.25634765625,-0.06103515625,-0.3173828125,-0.84228515625,-0.81787109375,-0.1220703125,-0.390625,-0.23193359375,-0.68359375,0.1708984375,-0.18310546875,-0.4638671875,-0.62255859375,-0.2197265625,-0.42724609375,-0.10986328125,0.52490234375,-0.15869140625,1.123046875,-0.10986328125,0.50048828125,-0.18310546875,-0.1220703125,0.09765625,0.79345703125,0.32958984375,1.025390625,-0.10986328125,0.64697265625,0.1220703125,0.59814453125,0.18310546875,0.13427734375,-0.29296875,0.2685546875,0.18310546875,1.07421875,-0.09765625,0.20751953125,0.01220703125,0.23193359375,-0.37841796875,0.29296875,0.13427734375,0.87890625,0.18310546875,-0.01220703125,0.10986328125,1.35498046875,-0.15869140625,-0.87890625,0.08544921875,-0.30517578125,-0.03662109375,-1.025390625,-0.01220703125,-0.74462890625,0.048828125,-1.50146484375,0.03662109375,-0.25634765625,0.10986328125,-0.2685546875,0.23193359375,-1.1962890625,-0.244140625,-1.4892578125,-0.54931640625,-1.79443359375,-0.08544921875,-1.08642578125,0.10986328125,-0.6591796875,0.0732421875,-0.72021484375,-0.30517578125,-1.4404296875,0.09765625,-1.01318359375,0.146484375,0.42724609375,-0.10986328125,0.0244140625,-0.1708984375,-0.341796875,-0.10986328125,-0.37841796875,-0.4638671875,-0.5859375,-0.01220703125,0.0732421875,-0.03662109375,0.8544921875,-0.1220703125,-0.45166015625,0.08544921875,-0.4638671875
0,-0.68359375,-0.32958984375,-0.69580078125,-0.18310546875,0.537109375,-0.40283203125,-0.20751953125,0.03662109375,0.1953125,0.048828125,0.10986328125,-0.78125,-0.048828125,0.96435546875,0.01220703125,-0.29296875,-0.1220703125,1.4892578125,0.0244140625,1.52587890625,-0.1953125,3.06396484375,-0.30517578125,0.81787109375,0.048828125,-0.10986328125,0,-0.76904296875,0.2197265625,0.93994140625,0.146484375,0.2685546875,0.0244140625,-0.29296875,-0.79345703125,-0.8544921875,-0.08544921875,-0.3662109375,-0.23193359375,-0.69580078125,0.3173828125,-0.15869140625,-0.45166015625,-0.64697265625,-0.15869140625,-0.40283203125,-0.13427734375,0.537109375,-0.25634765625,1.1474609375,-0.13427734375,0.50048828125,-0.13427734375,-0.146484375,0.0732421875,0.76904296875,0.28076171875,0.830078125,-0.03662109375,0.68359375,0.1708984375,0.59814453125,0.146484375,0.146484375,-0.25634765625,0.25634765625,0.15869140625,1.07421875,-0.03662109375,0.1953125,0.01220703125,0.244140625,-0.30517578125,0.3173828125,0.13427734375,0.8544921875,0.146484375,-0.0244140625,0.09765625,1.35498046875,-0.1953125,-0.89111328125,0.0244140625,-0.28076171875,-0.0732421875,-1.025390625,-0.146484375,-0.732421875,0.0732421875,-1.50146484375,0.10986328125,-0.29296875,0.06103515625,-0.28076171875,0.32958984375,-1.220703125,-0.20751953125,-1.37939453125,-0.52490234375,-1.59912109375,-0.10986328125,-1.01318359375,0.09765625,-0.54931640625,-0.0732421875,-0.74462890625,-0.1953125,-1.4404296875,0.0244140625,-0.98876953125,0.13427734375,0.439453125,-0.06103515625,-0.13427734375,-0.1708984375,-0.52490234375,-0.09765625,-0.48828125,-0.42724609375,-0.7568359375,-0.01220703125,0.0732421875,-0.03662109375,0.8544921875,-0.10986328125,-0.4638671875,0.0732421875,-0.4638671875
0,-0.69580078125,-0.30517578125,-0.732421875,-0.15869140625,0.47607421875,-0.390625,-0.1953125,0.01220703125,0.18310546875,0.03662109375,0.10986328125,-0.79345703125,-0.03662109375,0.98876953125,0.0244140625,-0.341796875,-0.1708984375,1.07421875,0.01220703125,1.11083984375,-0.3173828125,2.50244140625,-0.3173828125,0.50048828125,0.03662109375,-0.1220703125,0.0732421875,-0.76904296875,0.28076171875,0.93994140625,0.10986328125,0.2685546875,0.18310546875,-0.28076171875,-0.69580078125,-0.8544921875,-0.01220703125,-0.35400390625,-0.1953125,-0.69580078125,0.439453125,-0.1220703125,-0.37841796875,-0.634765625,-0.06103515625,-0.35400390625,-0.1220703125,0.537109375,-0.29296875,1.13525390625,-0.15869140625,0.50048828125,-0.13427734375,-0.13427734375,0.146484375,0.7568359375,0.3173828125,0.67138671875,-0.0244140625,0.72021484375,0.2685546875,0.5859375,0.25634765625,0.1220703125,-0.1708984375,0.2197265625,0.18310546875,1.07421875,-0.01220703125,0.1708984375,0.01220703125,0.23193359375,-0.25634765625,0.3173828125,0.146484375,0.8544921875,0.15869140625,-0.0244140625,0.09765625,1.3671875,-0.244140625,-0.9033203125,-0.01220703125,-0.28076171875,-0.1220703125,-1.025390625,-0.20751953125,-0.7568359375,0.0732421875,-1.50146484375,0.2197265625,-0.28076171875,-0.03662109375,-0.30517578125,0.390625,-1.2451171875,-0.15869140625,-1.2451171875,-0.439453125,-1.2939453125,-0.13427734375,-0.91552734375,0.10986328125,-0.40283203125,-0.1953125,-0.72021484375,-0.048828125,-1.45263671875,-0.03662109375,-0.98876953125,0.09765625,0.4150390625,-0.048828125,-0.1953125,-0.18310546875,-0.57373046875,-0.0732421875,-0.5126953125,-0.439453125,-0.7080078125,-0.01220703125,0.08544921875,-0.0244140625,0.86669921875,-0.09765625,-0.4638671875,0.09765625,-0.4638671875
0,-0.7080078125,-0.32958984375,-0.69580078125,-0.1220703125,0.47607421875,-0.3662109375,-0.18310546875,0.03662109375,0.13427734375,0.048828125,0.0732421875,-0.78125,-0.0732421875,0.98876953125,-0.03662109375,-0.341796875,-0.1953125,0.68359375,-0.01220703125,0.76904296875,-0.4150390625,1.9775390625,-0.341796875,0.23193359375,0.08544921875,-0.13427734375,0.146484375,-0.76904296875,0.30517578125,0.96435546875,0.048828125,0.2685546875,0.37841796875,-0.2685546875,-0.59814453125,-0.84228515625,0.06103515625,-0.341796875,-0.146484375,-0.69580078125,0.47607421875,-0.13427734375,-0.29296875,-0.64697265625,0.01220703125,-0.3662109375,-0.06103515625,0.537109375,-0.3173828125,1.171875,-0.18310546875,0.48828125,-0.048828125,-0.15869140625,0.1708984375,0.7568359375,0.3173828125,0.57373046875,-0.0244140625,0.74462890625,0.32958984375,0.54931640625,0.1708984375,0.09765625,-0.03662109375,0.2197265625,0.18310546875,1.06201171875,0.0244140625,0.15869140625,0.0244140625,0.20751953125,-0.18310546875,0.3173828125,0.1708984375,0.8544921875,0.10986328125,-0.01220703125,0.09765625,1.37939453125,-0.28076171875,-0.91552734375,-0.048828125,-0.28076171875,-0.18310546875,-1.0009765625,-0.23193359375,-0.7568359375,0.0732421875,-1.50146484375,0.28076171875,-0.28076171875,-0.0732421875,-0.341796875,0.40283203125,-1.25732421875,-0.13427734375,-1.0986328125,-0.341796875,-0.98876953125,-0.20751953125,-0.81787109375,0.08544921875,-0.2685546875,-0.3173828125,-0.732421875,0.0732421875,-1.4404296875,-0.1220703125,-0.9765625,0.10986328125,0.4150390625,-0.048828125,-0.1953125,-0.15869140625,-0.57373046875,-0.06103515625,-0.48828125,-0.40283203125,-0.54931640625,-0.01220703125,0.09765625,-0.01220703125,0.84228515625,-0.0732421875,-0.45166015625,0.09765625,-0.45166015625
0,-0.64697265625,-0.341796875,-0.68359375,-0.08544921875,0.48828125,-0.341796875,-0.18310546875,0.06103515625,0.1708984375,0.0732421875,0.0732421875,-0.76904296875,-0.06103515625,0.98876953125,-0.06103515625,-0.28076171875,-0.18310546875,0.37841796875,-0.0244140625,0.50048828125,-0.37841796875,1.5380859375,-0.341796875,0.0244140625,0.08544921875,-0.146484375,0.1708984375,-0.76904296875,0.30517578125,0.96435546875,-0.0244140625,0.2685546875,0.50048828125,-0.2685546875,-0.42724609375,-0.81787109375,0.08544921875,-0.35400390625,-0.08544921875,-0.69580078125,0.4638671875,-0.146484375,-0.18310546875,-0.634765625,0.0732421875,-0.390625,-0.01220703125,0.537109375,-0.32958984375,1.1962890625,-0.2197265625,0.50048828125,0.048828125,-0.15869140625,0.1708984375,0.732421875,0.35400390625,0.52490234375,0,0.74462890625,0.45166015625,0.54931640625,0,0.08544921875,0.146484375,0.2197265625,0.1708984375,1.06201171875,0.048828125,0.146484375,0.0244140625,0.23193359375,-0.15869140625,0.3173828125,0.1708984375,0.87890625,0.13427734375,-0.0244140625,0.0732421875,1.3671875,-0.29296875,-0.9033203125,-0.06103515625,-0.28076171875,-0.2197265625,-1.0009765625,-0.18310546875,-0.74462890625,0.0732421875,-1.47705078125,0.29296875,-0.2685546875,-0.08544921875,-0.30517578125,0.37841796875,-1.2451171875,-0.10986328125,-1.01318359375,-0.18310546875,-0.67138671875,-0.2197265625,-0.74462890625,0.08544921875,-0.146484375,-0.341796875,-0.74462890625,0.146484375,-1.4404296875,-0.20751953125,-0.9765625,0.08544921875,0.42724609375,-0.06103515625,-0.15869140625,-0.15869140625,-0.5126953125,-0.08544921875,-0.439453125,-0.45166015625,-0.341796875,0,0.08544921875,-0.01220703125,0.86669921875,-0.048828125,-0.45166015625,0.09765625,-0.47607421875
0,-0.6591796875,-0.3662109375,-0.69580078125,-0.0732421875,0.47607421875,-0.3662109375,-0.13427734375,0.048828125,0.146484375,0.0732421875,0.08544921875,-0.76904296875,-0.06103515625,1.0009765625,-0.048828125,-0.1953125,-0.20751953125,0.18310546875,-0.0732421875,0.3662109375,-0.32958984375,1.26953125,-0.35400390625,-0.08544921875,0.09765625,-0.13427734375,0.146484375,-0.7568359375,0.30517578125,0.9521484375,-0.09765625,0.25634765625,0.5859375,-0.2685546875,-0.28076171875,-0.830078125,0.09765625,-0.3662109375,0,-0.7080078125,0.42724609375,-0.15869140625,-0.10986328125,-0.62255859375,0.0732421875,-0.390625,0.03662109375,0.52490234375,-0.32958984375,1.20849609375,-0.23193359375,0.48828125,0.1220703125,-0.15869140625,0.1953125,0.74462890625,0.4150390625,0.537109375,0.06103515625,0.732421875,0.54931640625,0.537109375,-0.01220703125,0.09765625,0.30517578125,0.20751953125,0.18310546875,1.07421875,0.048828125,0.146484375,0.03662109375,0.2197265625,-0.1220703125,0.30517578125,0.1953125,0.86669921875,0.09765625,-0.01220703125,0.06103515625,1.37939453125,-0.3173828125,-0.91552734375,-0.10986328125,-0.29296875,-0.20751953125,-0.9521484375,-0.09765625,-0.78125,0.0732421875,-1.47705078125,0.28076171875,-0.28076171875,-0.08544921875,-0.30517578125,0.23193359375,-1.23291015625,-0.0732421875,-0.927734375,-0.01220703125,-0.47607421875,-0.25634765625,-0.67138671875,0.048828125,-0.08544921875,-0.25634765625,-0.72021484375,0.18310546875,-1.45263671875,-0.244140625,-0.9765625,0.0732421875,0.4638671875,-0.0732421875,-0.13427734375,-0.1708984375,-0.4638671875,-0.06103515625,-0.3662109375,-0.4638671875,-0.1708984375,0,0.0732421875,0.01220703125,0.86669921875,-0.048828125,-0.439453125,0.10986328125,-0.45166015625
0,-0.59814453125,-0.390625,-0.67138671875,-0.06103515625,0.47607421875,-0.3662109375,-0.146484375,0.048828125,0.13427734375,0.0732421875,0.03662109375,-0.76904296875,-0.1220703125,0.9765625,-0.08544921875,-0.1220703125,-0.09765625,0.146484375,-0.0244140625,0.341796875,-0.1953125,1.15966796875,-0.30517578125,-0.0732421875,0.10986328125,-0.13427734375,0.09765625,-0.76904296875,0.2197265625,0.96435546875,-0.15869140625,0.244140625,0.54931640625,-0.29296875,-0.1953125,-0.81787109375,0.09765625,-0.390625,0.03662109375,-0.72021484375,0.390625,-0.1953125,-0.0244140625,-0.62255859375,0.048828125,-0.3662109375,0.08544921875,0.52490234375,-0.244140625,1.18408203125,-0.2197265625,0.50048828125,0.20751953125,-0.18310546875,0.1708984375,0.7568359375,0.37841796875,0.59814453125,-0.01220703125,0.68359375,0.6103515625,0.5126953125,-0.09765625,0.13427734375,0.37841796875,0.23193359375,0.15869140625,1.06201171875,0.0732421875,0.1708984375,0.09765625,0.2197265625,-0.08544921875,0.30517578125,0.18310546875,0.8544921875,0.06103515625,0,0,1.37939453125,-0.30517578125,-0.93994140625,-0.1220703125,-0.3173828125,-0.1953125,-0.93994140625,-0.0244140625,-0.76904296875,0.0732421875,-1.45263671875,0.1953125,-0.25634765625,-0.048828125,-0.3173828125,0.06103515625,-1.23291015625,-0.048828125,-0.87890625,0,-0.40283203125,-0.29296875,-0.64697265625,0,-0.06103515625,-0.08544921875,-0.74462890625,0.15869140625,-1.46484375,-0.244140625,-0.96435546875,0.0732421875,0.45166015625,-0.10986328125,-0.10986328125,-0.18310546875,-0.42724609375,-0.0732421875,-0.35400390625,-0.4638671875,-0.09765625,-0.01220703125,0.0732421875,0,0.84228515625,-0.048828125,-0.42724609375,0.10986328125,-0.47607421875
0,-0.6103515625,-0.4150390625,-0.68359375,-0.048828125,0.439453125,-0.40283203125,-0.13427734375,0.048828125,0.146484375,0.0244140625,0.06103515625,-0.78125,-0.1220703125,0.93994140625,-0.06103515625,-0.048828125,-0.0732421875,0.23193359375,-0.048828125,0.45166015625,-0.06103515625,1.318359375,-0.3173828125,0,0.0732421875,-0.13427734375,0.06103515625,-0.7568359375,0.13427734375,0.9521484375,-0.23193359375,0.25634765625,0.4638671875,-0.30517578125,-0.2197265625,-0.81787109375,0.08544921875,-0.42724609375,-0.01220703125,-0.732421875,0.32958984375,-0.2197265625,0.0244140625,-0.62255859375,0,-0.40283203125,0.10986328125,0.537109375,-0.13427734375,1.18408203125,-0.23193359375,0.48828125,0.2685546875,-0.1708984375,0.146484375,0.76904296875,0.4150390625,0.68359375,-0.10986328125,0.64697265625,0.634765625,0.48828125,-0.06103515625,0.1220703125,0.40283203125,0.244140625,0.15869140625,1.07421875,0.06103515625,0.1953125,0.1220703125,0.244140625,-0.08544921875,0.29296875,0.15869140625,0.87890625,0.06103515625,0.0244140625,-0.0244140625,1.3916015625,-0.30517578125,-0.9521484375,-0.13427734375,-0.3173828125,-0.13427734375,-0.93994140625,0.06103515625,-0.76904296875,0.0732421875,-1.46484375,0.09765625,-0.25634765625,-0.06103515625,-0.3173828125,-0.08544921875,-1.220703125,-0.03662109375,-0.9033203125,0.01220703125,-0.4150390625,-0.2685546875,-0.67138671875,-0.01220703125,-0.0732421875,0.1220703125,-0.72021484375,0.08544921875,-1.46484375,-0.20751953125,-0.98876953125,0.03662109375,0.45166015625,-0.1220703125,-0.08544921875,-0.1708984375,-0.4150390625,-0.048828125,-0.35400390625,-0.47607421875,-0.146484375,-0.01220703125,0.0244140625,-0.01220703125,0.84228515625,-0.048828125,-0.48828125,0.146484375,-0.48828125
0,-0.59814453125,-0.4150390625,-0.67138671875,-0.03662109375,0.4150390625,-0.439453125,-0.1220703125,0.03662109375,0.146484375,-0.01220703125,0.048828125,-0.830078125,-0.1708984375,0.89111328125,-0.03662109375,-0.0244140625,0,0.48828125,0.03662109375,0.7080078125,0.15869140625,1.6845703125,-0.244140625,0.20751953125,0.03662109375,-0.1220703125,0,-0.74462890625,0.0244140625,0.96435546875,-0.29296875,0.25634765625,0.42724609375,-0.3173828125,-0.29296875,-0.84228515625,0.06103515625,-0.4638671875,-0.03662109375,-0.72021484375,0.30517578125,-0.25634765625,-0.048828125,-0.6103515625,-0.0244140625,-0.439453125,0.0732421875,0.5126953125,-0.06103515625,1.171875,-0.18310546875,0.50048828125,0.30517578125,-0.146484375,0.1708984375,0.7568359375,0.40283203125,0.79345703125,-0.18310546875,0.57373046875,0.67138671875,0.48828125,-0.01220703125,0.146484375,0.4638671875,0.23193359375,0.09765625,1.06201171875,0.0732421875,0.20751953125,0.15869140625,0.2197265625,-0.03662109375,0.2685546875,0.18310546875,0.86669921875,0.03662109375,0.01220703125,-0.048828125,1.3671875,-0.2685546875,-0.9765625,-0.146484375,-0.30517578125,-0.08544921875,-0.927734375,0.08544921875,-0.76904296875,0.08544921875,-1.45263671875,0.01220703125,-0.2685546875,-0.10986328125,-0.29296875,-0.2197265625,-1.1962890625,-0.0732421875,-0.98876953125,-0.06103515625,-0.5615234375,-0.25634765625,-0.732421875,-0.0732421875,-0.13427734375,0.30517578125,-0.72021484375,0.01220703125,-1.46484375,-0.146484375,-0.9765625,0.01220703125,0.42724609375,-0.15869140625,-0.0732421875,-0.1953125,-0.42724609375,-0.06103515625,-0.3662109375,-0.439453125,-0.28076171875,-0.01220703125,0.03662109375,-0.0244140625,0.84228515625,-0.06103515625,-0.47607421875,0.18310546875,-0.48828125
0,-0.59814453125,-0.40283203125,-0.68359375,-0.0244140625,0.37841796875,-0.439453125,-0.09765625,0.0244140625,0.15869140625,-0.06103515625,0.03662109375,-0.87890625,-0.1708984375,0.84228515625,-0.01220703125,-0.03662109375,0,0.89111328125,0.146484375,1.123046875,0.28076171875,2.2705078125,-0.18310546875,0.52490234375,0,-0.1220703125,-0.01220703125,-0.74462890625,-0.10986328125,0.93994140625,-0.244140625,0.25634765625,0.4150390625,-0.35400390625,-0.29296875,-0.830078125,0,-0.50048828125,-0.08544921875,-0.732421875,0.244140625,-0.244140625,-0.10986328125,-0.634765625,-0.048828125,-0.4638671875,0.06103515625,0.48828125,0.0244140625,1.171875,-0.15869140625,0.5126953125,0.341796875,-0.146484375,0.18310546875,0.78125,0.3662109375,0.87890625,-0.23193359375,0.537109375,0.62255859375,0.50048828125,-0.0732421875,0.15869140625,0.48828125,0.23193359375,0.03662109375,1.06201171875,0.06103515625,0.244140625,0.1953125,0.23193359375,-0.01220703125,0.29296875,0.13427734375,0.87890625,0.01220703125,0.03662109375,-0.048828125,1.3671875,-0.25634765625,-0.9765625,-0.1220703125,-0.32958984375,0.0244140625,-0.93994140625,0.08544921875,-0.74462890625,0.0732421875,-1.46484375,-0.0732421875,-0.25634765625,-0.1708984375,-0.32958984375,-0.244140625,-1.18408203125,-0.0732421875,-1.03759765625,-0.23193359375,-0.78125,-0.23193359375,-0.79345703125,-0.13427734375,-0.2197265625,0.40283203125,-0.74462890625,-0.03662109375,-1.42822265625,-0.0732421875,-1.01318359375,-0.03662109375,0.42724609375,-0.1708984375,-0.08544921875,-0.2197265625,-0.47607421875,-0.0732421875,-0.3662109375,-0.390625,-0.45166015625,0,0.048828125,-0.03662109375,0.86669921875,-0.06103515625,-0.48828125,0.1953125,-0.47607421875
0,-0.5615234375,-0.390625,-0.6591796875,0.01220703125,0.35400390625,-0.42724609375,-0.0732421875,0.01220703125,0.13427734375,-0.10986328125,0.01220703125,-0.927734375,-0.18310546875,0.8056640625,-0.01220703125,-0.06103515625,0.01220703125,1.40380859375,0.25634765625,1.62353515625,0.3662109375,3.0029296875,-0.08544921875,0.927734375,-0.0732421875,-0.1220703125,-0.03662109375,-0.7568359375,-0.146484375,0.9521484375,-0.1953125,0.25634765625,0.35400390625,-0.32958984375,-0.30517578125,-0.830078125,-0.06103515625,-0.48828125,-0.13427734375,-0.72021484375,0.20751953125,-0.244140625,-0.18310546875,-0.634765625,-0.03662109375,-0.4638671875,-0.01220703125,0.50048828125,0.08544921875,1.1474609375,-0.13427734375,0.5126953125,0.3662109375,-0.13427734375,0.1708984375,0.78125,0.390625,0.9033203125,-0.30517578125,0.50048828125,0.5126953125,0.52490234375,-0.0244140625,0.15869140625,0.52490234375,0.23193359375,-0.01220703125,1.08642578125,0.06103515625,0.28076171875,0.15869140625,0.25634765625,0.0244140625,0.29296875,0.0732421875,0.927734375,-0.01220703125,0.048828125,-0.0244140625,1.35498046875,-0.2197265625,-1.01318359375,-0.08544921875,-0.32958984375,0.0732421875,-0.91552734375,0.03662109375,-0.732421875,0.03662109375,-1.47705078125,-0.10986328125,-0.244140625,-0.28076171875,-0.32958984375,-0.146484375,-1.18408203125,-0.048828125,-1.11083984375,-0.30517578125,-0.98876953125,-0.10986328125,-0.8544921875,-0.06103515625,-0.29296875,0.4150390625,-0.732421875,-0.03662109375,-1.45263671875,0.0244140625,-1.0009765625,-0.03662109375,0.4150390625,-0.1708984375,-0.09765625,-0.2197265625,-0.5126953125,-0.06103515625,-0.35400390625,-0.42724609375,-0.64697265625,-0.01220703125,0.06103515625,-0.03662109375,0.87890625,-0.06103515625,-0.4638671875,0.20751953125,-0.48828125
1,-0.537109375,-0.37841796875,-0.67138671875,0.03662109375,0.35400390625,-0.40283203125,-0.0732421875,0,0.13427734375,-0.13427734375,0,-0.93994140625,-0.20751953125,0.8056640625,-0.0244140625,-0.09765625,-0.06103515625,2.001953125,0.3662109375,2.197265625,0.23193359375,3.84521484375,-0.01220703125,1.40380859375,-0.10986328125,-0.1220703125,-0.048828125,-0.76904296875,-0.1708984375,0.9521484375,-0.1220703125,0.25634765625,0.25634765625,-0.32958984375,-0.3662109375,-0.8544921875,-0.1220703125,-0.50048828125,-0.1708984375,-0.7080078125,0.18310546875,-0.2197265625,-0.28076171875,-0.634765625,-0.03662109375,-0.439453125,-0.09765625,0.50048828125,0.0732421875,1.13525390625,-0.1220703125,0.5126953125,0.35400390625,-0.13427734375,0.146484375,0.79345703125,0.40283203125,0.89111328125,-0.25634765625,0.47607421875,0.47607421875,0.537109375,-0.0732421875,0.1708984375,0.54931640625,0.1953125,-0.048828125,1.07421875,0.08544921875,0.30517578125,0.13427734375,0.23193359375,0.08544921875,0.29296875,0.01220703125,0.927734375,-0.03662109375,0.03662109375,-0.0244140625,1.3671875,-0.18310546875,-0.98876953125,-0.0244140625,-0.3173828125,0.08544921875,-0.927734375,0.0244140625,-0.732421875,-0.03662109375,-1.4892578125,-0.1220703125,-0.244140625,-0.3662109375,-0.3173828125,0.01220703125,-1.18408203125,-0.09765625,-1.15966796875,-0.390625,-1.1474609375,-0.09765625,-0.9033203125,-0.06103515625,-0.32958984375,0.35400390625,-0.732421875,-0.01220703125,-1.4404296875,0.1220703125,-1.01318359375,-0.0732421875,0.4150390625,-0.13427734375,-0.06103515625,-0.18310546875,-0.52490234375,-0.01220703125,-0.3662109375,-0.341796875,-0.78125,-0.01220703125,0.06103515625,-0.06103515625,0.9033203125,-0.048828125,-0.45166015625,0.15869140625,-0.48828125
1,-0.5126953125,-0.341796875,-0.68359375,0.06103515625,0.32958984375,-0.390625,-0.0244140625,0.03662109375,0.15869140625,-0.13427734375,0.01220703125,-0.93994140625,-0.1953125,0.84228515625,0.01220703125,-0.1220703125,-0.10986328125,2.64892578125,0.439453125,2.79541015625,0.146484375,4.74853515625,0.08544921875,1.8798828125,-0.15869140625,-0.146484375,-0.048828125,-0.76904296875,-0.09765625,0.9521484375,-0.03662109375,0.2685546875,0.09765625,-0.35400390625,-0.40283203125,-0.8544921875,-0.1708984375,-0.48828125,-0.28076171875,-0.7080078125,0.10986328125,-0.1953125,-0.32958984375,-0.6591796875,-0.06103515625,-0.439453125,-0.20751953125,0.52490234375,0.1220703125,1.13525390625,-0.1708984375,0.48828125,0.35400390625,-0.10986328125,0.08544921875,0.79345703125,0.35400390625,0.84228515625,-0.30517578125,0.4638671875,0.37841796875,0.54931640625,-0.08544921875,0.15869140625,0.537109375,0.1708984375,-0.0732421875,1.08642578125,0.048828125,0.30517578125,0.13427734375,0.25634765625,0.06103515625,0.29296875,-0.048828125,0.9521484375,-0.048828125,0.048828125,-0.03662109375,1.3671875,-0.18310546875,-0.9521484375,0.03662109375,-0.29296875,0.09765625,-0.93994140625,0.03662109375,-0.7080078125,-0.09765625,-1.4892578125,-0.13427734375,-0.2197265625,-0.4638671875,-0.29296875,0.2197265625,-1.171875,-0.0732421875,-1.1474609375,-0.47607421875,-1.220703125,-0.06103515625,-0.9033203125,0,-0.30517578125,0.20751953125,-0.72021484375,0.03662109375,-1.42822265625,0.1953125,-1.01318359375,-0.06103515625,0.4150390625,-0.20751953125,-0.0244140625,-0.2685546875,-0.5126953125,-0.08544921875,-0.341796875,-0.50048828125,-0.81787109375,-0.01220703125,0.0732421875,-0.048828125,0.927734375,-0.01220703125,-0.45166015625,0.10986328125,-0.45166015625
1,-0.47607421875,-0.341796875,-0.6103515625,0.0732421875,0.29296875,-0.3662109375,-0.048828125,0.048828125,0.1708984375,-0.10986328125,0,-0.91552734375,-0.18310546875,0.84228515625,0,-0.15869140625,-0.15869140625,3.30810546875,0.47607421875,3.38134765625,0.09765625,5.6640625,0.13427734375,2.392578125,-0.2197265625,-0.146484375,-0.03662109375,-0.78125,-0.01220703125,0.9765625,0,0.2685546875,-0.03662109375,-0.30517578125,-0.57373046875,-0.8544921875,-0.20751953125,-0.45166015625,-0.341796875,-0.69580078125,0.10986328125,-0.15869140625,-0.35400390625,-0.67138671875,-0.10986328125,-0.4150390625,-0.30517578125,0.537109375,0.06103515625,1.15966796875,-0.15869140625,0.50048828125,0.3173828125,-0.146484375,-0.01220703125,0.78125,0.28076171875,0.74462890625,-0.29296875,0.4638671875,0.29296875,0.54931640625,-0.0732421875,0.13427734375,0.54931640625,0.146484375,-0.15869140625,1.06201171875,0.03662109375,0.30517578125,0.0732421875,0.25634765625,0.03662109375,0.32958984375,-0.08544921875,0.96435546875,-0.03662109375,0.048828125,-0.03662109375,1.35498046875,-0.1953125,-0.91552734375,0.09765625,-0.29296875,0.06103515625,-0.96435546875,0.048828125,-0.68359375,-0.15869140625,-1.513671875,-0.10986328125,-0.23193359375,-0.47607421875,-0.28076171875,0.32958984375,-1.171875,-0.06103515625,-1.0986328125,-0.390625,-1.1962890625,0.01220703125,-0.86669921875,0.0732421875,-0.25634765625,0.01220703125,-0.72021484375,0.08544921875,-1.42822265625,0.20751953125,-1.025390625,-0.03662109375,0.4150390625,-0.20751953125,0.0732421875,-0.25634765625,-0.42724609375,-0.0732421875,-0.29296875,-0.5615234375,-0.732421875,-0.01220703125,0.09765625,-0.06103515625,0.93994140625,0.01220703125,-0.4638671875,0.0732421875,-0.439453125
1,-0.4638671875,-0.341796875,-0.64697265625,0.0244140625,0.25634765625,-0.3662109375,-0.01220703125,0.048828125,0.1708984375,-0.06103515625,0,-0.84228515625,-0.146484375,0.91552734375,0.09765625,-0.146484375,-0.1708984375,3.91845703125,0.4638671875,3.9306640625,0,6.4453125,0.1953125,2.8564453125,-0.2197265625,-0.15869140625,-0.01220703125,-0.78125,0.08544921875,0.96435546875,0.048828125,0.28076171875,-0.146484375,-0.28076171875,-0.64697265625,-0.84228515625,-0.2197265625,-0.40283203125,-0.42724609375,-0.68359375,0.10986328125,-0.13427734375,-0.32958984375,-0.64697265625,-0.1220703125,-0.390625,-0.32958984375,0.5615234375,-0.048828125,1.1962890625,-0.15869140625,0.48828125,0.244140625,-0.1220703125,-0.0732421875,0.76904296875,0.1953125,0.6591796875,-0.2685546875,0.48828125,0.18310546875,0.52490234375,-0.10986328125,0.13427734375,0.4638671875,0.13427734375,-0.25634765625,1.08642578125,0.0732421875,0.29296875,0.03662109375,0.244140625,-0.03662109375,0.3173828125,-0.09765625,0.98876953125,0,0.048828125,-0.048828125,1.35498046875,-0.18310546875,-0.86669921875,0.146484375,-0.28076171875,0.01220703125,-0.98876953125,0.06103515625,-0.72021484375,-0.20751953125,-1.50146484375,-0.0732421875,-0.1953125,-0.40283203125,-0.25634765625,0.37841796875,-1.18408203125,-0.08544921875,-0.98876953125,-0.37841796875,-1.0498046875,-0.048828125,-0.79345703125,0.08544921875,-0.15869140625,-0.20751953125,-0.732421875,0.10986328125,-1.4404296875,0.20751953125,-1.01318359375,-0.01220703125,0.4150390625,-0.146484375,0.18310546875,-0.20751953125,-0.3173828125,-0.0244140625,-0.23193359375,-0.47607421875,-0.537109375,-0.0244140625,0.1220703125,-0.048828125,0.9521484375,0.03662109375,-0.439453125,0.0732421875,-0.42724609375
1,-0.439453125,-0.35400390625,-0.6103515625,-0.0244140625,0.244140625,-0.35400390625,-0.01220703125,0.048828125,0.18310546875,-0.01220703125,0,-0.79345703125,-0.13427734375,0.9765625,0.09765625,-0.15869140625,-0.20751953125,4.43115234375,0.35400390625,4.3701171875,-0.10986328125,7.080078125,0.18310546875,3.25927734375,-0.2197265625,-0.15869140625,0.01220703125,-0.79345703125,0.23193359375,0.98876953125,0.03662109375,0.28076171875,-0.244140625,-0.244140625,-0.7568359375,-0.84228515625,-0.20751953125,-0.390625,-0.439453125,-0.69580078125,0.146484375,-0.1220703125,-0.25634765625,-0.634765625,-0.15869140625,-0.390625,-0.30517578125,0.5615234375,-0.10986328125,1.20849609375,-0.1708984375,0.48828125,0.18310546875,-0.1220703125,-0.0732421875,0.76904296875,0.1220703125,0.57373046875,-0.18310546875,0.50048828125,0.0732421875,0.52490234375,-0.1220703125,0.1220703125,0.3662109375,0.15869140625,-0.28076171875,1.07421875,0.048828125,0.2685546875,-0.048828125,0.244140625,-0.08544921875,0.32958984375,-0.13427734375,0.96435546875,0.03662109375,0.06103515625,-0.08544921875,1.35498046875,-0.1708984375,-0.8544921875,0.13427734375,-0.2685546875,-0.03662109375,-1.0009765625,0.08544921875,-0.732421875,-0.20751953125,-1.4892578125,-0.048828125,-0.20751953125,-0.25634765625,-0.25634765625,0.37841796875,-1.1962890625,-0.06103515625,-0.84228515625,-0.29296875,-0.81787109375,-0.08544921875,-0.72021484375,0.13427734375,0,-0.42724609375,-0.72021484375,0.10986328125,-1.4404296875,0.1953125,-0.9765625,0.048828125,0.42724609375,-0.20751953125,0.28076171875,-0.244140625,-0.1953125,-0.08544921875,-0.13427734375,-0.57373046875,-0.28076171875,-0.03662109375,0.15869140625,-0.048828125,0.93994140625,0.06103515625,-0.439453125,0.08544921875,-0.4150390625
1,-0.390625,-0.341796875,-0.57373046875,-0.08544921875,0.25634765625,-0.3662109375,-0.0244140625,0.03662109375,0.18310546875,0.06103515625,0,-0.7568359375,-0.09765625,1.01318359375,0.18310546875,-0.146484375,-0.1708984375,4.833984375,0.23193359375,4.67529296875,-0.1953125,7.51953125,0.08544921875,3.55224609375,-0.18310546875,-0.15869140625,0.048828125,-0.79345703125,0.30517578125,0.98876953125,0,0.25634765625,-0.20751953125,-0.25634765625,-0.68359375,-0.830078125,-0.1708984375,-0.3662109375,-0.390625,-0.67138671875,0.23193359375,-0.1220703125,-0.18310546875,-0.62255859375,-0.18310546875,-0.40283203125,-0.2685546875,0.5859375,-0.2685546875,1.220703125,-0.20751953125,0.48828125,0.08544921875,-0.1220703125,-0.08544921875,0.7568359375,0.09765625,0.52490234375,-0.10986328125,0.5126953125,0.03662109375,0.50048828125,-0.13427734375,0.08544921875,0.2685546875,0.146484375,-0.3173828125,1.07421875,0.06103515625,0.2685546875,-0.10986328125,0.25634765625,-0.146484375,0.3173828125,-0.1708984375,0.93994140625,0.10986328125,0.048828125,-0.09765625,1.37939453125,-0.0732421875,-0.84228515625,0.1220703125,-0.28076171875,-0.06103515625,-1.0009765625,0.08544921875,-0.732421875,-0.20751953125,-1.4892578125,-0.01220703125,-0.1953125,-0.09765625,-0.25634765625,0.30517578125,-1.220703125,-0.0244140625,-0.68359375,-0.146484375,-0.54931640625,-0.09765625,-0.6103515625,0.2197265625,0.15869140625,-0.5126953125,-0.72021484375,0.048828125,-1.4404296875,0.13427734375,-0.9765625,0.03662109375,0.4150390625,-0.18310546875,0.4150390625,-0.244140625,-0.0244140625,-0.09765625,-0.03662109375,-0.5859375,-0.0244140625,-0.048828125,0.13427734375,-0.03662109375,0.927734375,0.048828125,-0.42724609375,0.09765625,-0.4150390625
1,-0.30517578125,-0.37841796875,-0.62255859375,-0.13427734375,0.25634765625,-0.341796875,-0.01220703125,0.01220703125,0.20751953125,0.0732421875,-0.01220703125,-0.72021484375,-0.09765625,1.025390625,0.08544921875,-0.146484375,-0.1220703125,5.04150390625,0.06103515625,4.84619140625,-0.244140625,7.72705078125,-0.08544921875,3.7353515625,-0.1220703125,-0.13427734375,0.048828125,-0.8056640625,0.3662109375,0.9765625,-0.0244140625,0.244140625,-0.146484375,-0.25634765625,-0.5859375,-0.830078125,-0.13427734375,-0.3662109375,-0.3173828125,-0.68359375,0.30517578125,-0.15869140625,-0.09765625,-0.59814453125,-0.20751953125,-0.40283203125,-0.18310546875,0.54931640625,-0.35400390625,1.220703125,-0.25634765625,0.48828125,0.06103515625,-0.1220703125,-0.0732421875,0.74462890625,0.048828125,0.50048828125,-0.10986328125,0.537109375,-0.01220703125,0.50048828125,-0.1953125,0.09765625,0.1708984375,0.18310546875,-0.341796875,1.07421875,0.09765625,0.25634765625,-0.18310546875,0.244140625,-0.2197265625,0.3173828125,-0.1708984375,0.927734375,0.146484375,0.03662109375,-0.13427734375,1.3671875,-0.01220703125,-0.86669921875,0.0732421875,-0.28076171875,-0.048828125,-1.01318359375,0.03662109375,-0.74462890625,-0.13427734375,-1.50146484375,-0.03662109375,-0.1953125,0.06103515625,-0.28076171875,0.2197265625,-1.2451171875,-0.0244140625,-0.57373046875,-0.10986328125,-0.29296875,-0.15869140625,-0.48828125,0.2197265625,0.29296875,-0.47607421875,-0.7080078125,-0.0244140625,-1.4404296875,0.048828125,-0.9765625,0.0732421875,0.4150390625,-0.13427734375,0.57373046875,-0.1953125,0.1220703125,-0.048828125,0.06103515625,-0.52490234375,0.23193359375,-0.06103515625,0.1220703125,-0.0244140625,0.927734375,0.0244140625,-0.439453125,0.1220703125,-0.4150390625
1,-0.2685546875,-0.37841796875,-0.5615234375,-0.146484375,0.2685546875,-0.37841796875,-0.01220703125,0.0244140625,0.244140625,0.09765625,-0.01220703125,-0.7568359375,-0.0732421875,1.01318359375,0.10986328125,-0.1220703125,-0.1220703125,5.078125,-0.0732421875,4.8095703125,-0.244140625,7.70263671875,-0.30517578125,3.759765625,-0.03662109375,-0.146484375,0.06103515625,-0.78125,0.40283203125,0.9765625,-0.03662109375,0.25634765625,-0.0732421875,-0.28076171875,-0.50048828125,-0.81787109375,-0.0732421875,-0.37841796875,-0.2197265625,-0.7080078125,0.40283203125,-0.15869140625,-0.048828125,-0.5859375,-0.23193359375,-0.439453125,-0.09765625,0.54931640625,-0.390625,1.20849609375,-0.146484375,0.50048828125,0.03662109375,-0.13427734375,-0.10986328125,0.7568359375,0,0.52490234375,-0.146484375,0.537109375,-0.09765625,0.48828125,-0.20751953125,0.08544921875,0.09765625,0.1953125,-0.341796875,1.07421875,0.08544921875,0.244140625,-0.20751953125,0.25634765625,-0.25634765625,0.30517578125,-0.1953125,0.9033203125,0.18310546875,0.06103515625,-0.1708984375,1.37939453125,0.048828125,-0.89111328125,0,-0.3173828125,-0.048828125,-1.025390625,-0.0244140625,-0.7568359375,-0.048828125,-1.52587890625,-0.08544921875,-0.1953125,0.1953125,-0.29296875,0.10986328125,-1.25732421875,0.03662109375,-0.4638671875,-0.06103515625,-0.08544921875,-0.20751953125,-0.4150390625,0.20751953125,0.40283203125,-0.32958984375,-0.732421875,-0.1708984375,-1.4404296875,-0.01220703125,-0.9765625,0.0732421875,0.4150390625,-0.18310546875,0.7080078125,-0.20751953125,0.28076171875,-0.0732421875,0.1708984375,-0.6103515625,0.390625,-0.0732421875,0.1220703125,-0.0244140625,0.9033203125,0.01220703125,-0.439453125,0.146484375,-0.45166015625
1,-0.2197265625,-0.390625,-0.5859375,-0.0732421875,0.2197265625,-0.390625,-0.0244140625,0,0.244140625,0.06103515625,-0.03662109375,-0.81787109375,-0.08544921875,0.9521484375,0.1220703125,-0.146484375,-0.13427734375,4.9072265625,-0.08544921875,4.6142578125,-0.29296875,7.3974609375,-0.50048828125,3.5888671875,0.048828125,-0.13427734375,0.048828125,-0.78125,0.32958984375,0.96435546875,-0.01220703125,0.244140625,0.01220703125,-0.2685546875,-0.40283203125,-0.8056640625,0,-0.40283203125,-0.146484375,-0.68359375,0.48828125,-0.1953125,-0.06103515625,-0.5615234375,-0.25634765625,-0.42724609375,0,0.54931640625,-0.4150390625,1.20849609375,-0.1220703125,0.50048828125,-0.01220703125,-0.13427734375,-0.146484375,0.7568359375,0.0244140625,0.57373046875,-0.146484375,0.537109375,-0.18310546875,0.48828125,-0.3173828125,0.10986328125,-0.0244140625,0.2197265625,-0.3662109375,1.07421875,0.08544921875,0.25634765625,-0.25634765625,0.25634765625,-0.28076171875,0.341796875,-0.2197265625,0.9033203125,0.1953125,0.048828125,-0.18310546875,1.37939453125,0.08544921875,-0.927734375,-0.1220703125,-0.32958984375,-0.0732421875,-1.01318359375,-0.13427734375,-0.76904296875,0.03662109375,-1.513671875,-0.13427734375,-0.2197265625,0.1953125,-0.29296875,0.06103515625,-1.2451171875,0.1220703125,-0.3662109375,-0.08544921875,0.0244140625,-0.2197265625,-0.35400390625,0.18310546875,0.4638671875,-0.09765625,-0.74462890625,-0.28076171875,-1.42822265625,-0.0732421875,-0.96435546875,0.03662109375,0.4150390625,-0.18310546875,0.8544921875,-0.18310546875,0.40283203125,-0.08544921875,0.23193359375,-0.6103515625,0.50048828125,-0.08544921875,0.06103515625,-0.0244140625,0.87890625,-0.01220703125,-0.45166015625,0.146484375,-0.47607421875
1,-0.18310546875,-0.40283203125,-0.5615234375,0.03662109375,0.2197265625,-0.42724609375,-0.01220703125,0.01220703125,0.244140625,0,-0.048828125,-0.89111328125,-0.09765625,0.86669921875,0.146484375,-0.1220703125,-0.1708984375,4.5166015625,-0.06103515625,4.2724609375,-0.37841796875,6.884765625,-0.67138671875,3.28369140625,0.0732421875,-0.13427734375,0.048828125,-0.79345703125,0.28076171875,0.9521484375,0.01220703125,0.2197265625,0.06103515625,-0.29296875,-0.30517578125,-0.8056640625,0.03662109375,-0.40283203125,-0.1220703125,-0.69580078125,0.5615234375,-0.20751953125,-0.08544921875,-0.54931640625,-0.20751953125,-0.45166015625,0.048828125,0.52490234375,-0.4638671875,1.20849609375,-0.0732421875,0.5126953125,-0.048828125,-0.15869140625,-0.20751953125,0.78125,0,0.634765625,-0.1953125,0.5126953125,-0.1708984375,0.47607421875,-0.35400390625,0.13427734375,-0.1220703125,0.2685546875,-0.35400390625,1.06201171875,0.08544921875,0.25634765625,-0.29296875,0.244140625,-0.30517578125,0.32958984375,-0.2197265625,0.89111328125,0.1708984375,0.048828125,-0.18310546875,1.3671875,0.08544921875,-0.9765625,-0.18310546875,-0.341796875,-0.03662109375,-1.01318359375,-0.244140625,-0.78125,0.10986328125,-1.5380859375,-0.13427734375,-0.244140625,0.1220703125,-0.30517578125,0.048828125,-1.23291015625,0.20751953125,-0.37841796875,-0.13427734375,0.03662109375,-0.23193359375,-0.35400390625,0.1220703125,0.47607421875,0.09765625,-0.72021484375,-0.35400390625,-1.4404296875,-0.0732421875,-0.96435546875,0,0.4150390625,-0.13427734375,0.9765625,-0.13427734375,0.54931640625,-0.0244140625,0.28076171875,-0.50048828125,0.5126953125,-0.08544921875,0.01220703125,-0.048828125,0.87890625,-0.01220703125,-0.439453125,0.15869140625,-0.50048828125
1,-0.146484375,-0.390625,-0.52490234375,0.20751953125,0.1708984375,-0.4150390625,0,0.03662109375,0.23193359375,-0.09765625,-0.048828125,-0.98876953125,-0.0732421875,0.74462890625,0.20751953125,-0.08544921875,-0.244140625,3.96728515625,0.03662109375,3.7841796875,-0.45166015625,6.201171875,-0.7080078125,2.83203125,0.06103515625,-0.13427734375,0.06103515625,-0.78125,0.146484375,0.927734375,0.06103515625,0.23193359375,0.09765625,-0.30517578125,-0.10986328125,-0.8056640625,0.0732421875,-0.4150390625,-0.048828125,-0.68359375,0.6103515625,-0.20751953125,-0.146484375,-0.54931640625,-0.146484375,-0.4638671875,0.06103515625,0.52490234375,-0.42724609375,1.20849609375,-0.01220703125,0.5126953125,-0.09765625,-0.18310546875,-0.244140625,0.7568359375,0.01220703125,0.7080078125,-0.146484375,0.47607421875,-0.15869140625,0.5126953125,-0.40283203125,0.1220703125,-0.15869140625,0.2685546875,-0.35400390625,1.06201171875,0.048828125,0.2685546875,-0.29296875,0.2685546875,-0.32958984375,0.35400390625,-0.1953125,0.86669921875,0.1708984375,0.048828125,-0.146484375,1.37939453125,0.0732421875,-1.01318359375,-0.25634765625,-0.32958984375,-0.03662109375,-0.98876953125,-0.29296875,-0.8056640625,0.1708984375,-1.55029296875,-0.15869140625,-0.2685546875,0.0244140625,-0.29296875,0.0732421875,-1.1962890625,0.2685546875,-0.4150390625,-0.2197265625,-0.06103515625,-0.2197265625,-0.390625,0.03662109375,0.439453125,0.25634765625,-0.72021484375,-0.28076171875,-1.45263671875,-0.09765625,-0.98876953125,-0.06103515625,0.4150390625,-0.1953125,1.0986328125,-0.1708984375,0.69580078125,-0.08544921875,0.29296875,-0.6103515625,0.47607421875,-0.08544921875,0.0244140625,-0.0244140625,0.8544921875,-0.01220703125,-0.4638671875,0.15869140625,-0.5126953125
1,-0.08544921875,-0.40283203125,-0.47607421875,0.439453125,0.15869140625,-0.42724609375,-0.01220703125,0.048828125,0.2197265625,-0.1953125,-0.03662109375,-1.03759765625,-0.06103515625,0.67138671875,0.2197265625,0.01220703125,-0.35400390625,3.271484375,0.18310546875,3.18603515625,-0.537109375,5.37109375,-0.6103515625,2.25830078125,0.048828125,-0.13427734375,0.06103515625,-0.76904296875,0.09765625,0.93994140625,0.06103515625,0.23193359375,0.146484375,-0.29296875,0.0732421875,-0.830078125,0.10986328125,-0.439453125,0.0244140625,-0.68359375,0.67138671875,-0.1953125,-0.29296875,-0.52490234375,-0.06103515625,-0.45166015625,0.03662109375,0.5126953125,-0.37841796875,1.2451171875,0.0244140625,0.52490234375,-0.1220703125,-0.18310546875,-0.2197265625,0.76904296875,-0.01220703125,0.732421875,-0.1708984375,0.4638671875,-0.09765625,0.537109375,-0.439453125,0.146484375,-0.1953125,0.2685546875,-0.32958984375,1.06201171875,0.0244140625,0.28076171875,-0.2685546875,0.23193359375,-0.3662109375,0.35400390625,-0.1953125,0.9033203125,0.13427734375,0.0732421875,-0.03662109375,1.35498046875,0.06103515625,-1.025390625,-0.29296875,-0.32958984375,0.01220703125,-0.96435546875,-0.29296875,-0.79345703125,0.1708984375,-1.5380859375,-0.13427734375,-0.28076171875,-0.13427734375,-0.29296875,0.08544921875,-1.18408203125,0.30517578125,-0.5126953125,-0.25634765625,-0.23193359375,-0.18310546875,-0.47607421875,-0.048828125,0.37841796875,0.28076171875,-0.72021484375,-0.09765625,-1.46484375,-0.0732421875,-1.0009765625,-0.10986328125,0.4150390625,-0.20751953125,1.1962890625,-0.15869140625,0.81787109375,-0.08544921875,0.341796875,-0.59814453125,0.42724609375,-0.0732421875,0.0244140625,-0.048828125,0.8544921875,-0.01220703125,-0.5126953125,0.146484375,-0.5126953125
1,0,-0.40283203125,-0.42724609375,0.634765625,0.13427734375,-0.40283203125,-0.01220703125,0.06103515625,0.1953125,-0.2197265625,-0.03662109375,-1.0498046875,-0.06103515625,0.67138671875,0.1953125,0.2197265625,-0.42724609375,2.50244140625,0.28076171875,2.52685546875,-0.6103515625,4.4189453125,-0.439453125,1.67236328125,-0.01220703125,-0.13427734375,0.06103515625,-0.76904296875,0.01220703125,0.927734375,0,0.23193359375,0.10986328125,-0.29296875,0.18310546875,-0.81787109375,0.10986328125,-0.42724609375,0.10986328125,-0.67138671875,0.69580078125,-0.18310546875,-0.35400390625,-0.537109375,0.0244140625,-0.45166015625,-0.03662109375,0.5126953125,-0.29296875,1.2939453125,0.06103515625,0.52490234375,-0.15869140625,-0.1953125,-0.15869140625,0.7568359375,-0.06103515625,0.76904296875,-0.20751953125,0.439453125,-0.146484375,0.537109375,-0.42724609375,0.13427734375,-0.18310546875,0.2685546875,-0.28076171875,1.06201171875,0.01220703125,0.2685546875,-0.23193359375,0.23193359375,-0.390625,0.341796875,-0.10986328125,0.9033203125,0.10986328125,0.0732421875,0.0244140625,1.37939453125,0.03662109375,-1.01318359375,-0.28076171875,-0.32958984375,0.0732421875,-1.0009765625,-0.244140625,-0.79345703125,0.146484375,-1.5380859375,-0.13427734375,-0.30517578125,-0.28076171875,-0.28076171875,0.06103515625,-1.15966796875,0.29296875,-0.59814453125,-0.2197265625,-0.4150390625,-0.15869140625,-0.537109375,-0.13427734375,0.28076171875,0.25634765625,-0.72021484375,0.09765625,-1.4404296875,-0.06103515625,-1.025390625,-0.146484375,0.42724609375,-0.1953125,1.318359375,-0.146484375,0.93994140625,-0.08544921875,0.40283203125,-0.5859375,0.390625,-0.10986328125,0.01220703125,-0.048828125,0.830078125,-0.0244140625,-0.50048828125,0.13427734375,-0.5126953125
1,0.0244140625,-0.3662109375,-0.45166015625,0.81787109375,0.10986328125,-0.37841796875,0.01220703125,0.06103515625,0.18310546875,-0.18310546875,-0.03662109375,-0.98876953125,-0.06103515625,0.72021484375,0.2197265625,0.59814453125,-0.48828125,1.69677734375,0.40283203125,1.8310546875,-0.62255859375,3.47900390625,-0.23193359375,1.025390625,-0.06103515625,-0.13427734375,0.06103515625,-0.76904296875,-0.01220703125,0.927734375,-0.1220703125,0.23193359375,0.06103515625,-0.28076171875,0.25634765625,-0.81787109375,0.08544921875,-0.42724609375,0.1220703125,-0.67138671875,0.67138671875,-0.15869140625,-0.32958984375,-0.52490234375,0.09765625,-0.439453125,-0.1220703125,0.50048828125,-0.09765625,1.35498046875,0.03662109375,0.54931640625,-0.1708984375,-0.1953125,-0.08544921875,0.7568359375,-0.1708984375,0.76904296875,-0.20751953125,0.40283203125,-0.0732421875,0.57373046875,-0.40283203125,0.146484375,-0.244140625,0.29296875,-0.20751953125,1.0498046875,-0.0244140625,0.25634765625,-0.23193359375,0.25634765625,-0.390625,0.32958984375,-0.08544921875,0.9033203125,0.0732421875,0.0732421875,0.09765625,1.3671875,0.01220703125,-1.0009765625,-0.23193359375,-0.30517578125,0.08544921875,-0.98876953125,-0.15869140625,-0.78125,0.10986328125,-1.52587890625,-0.13427734375,-0.3173828125,-0.4150390625,-0.28076171875,0.0244140625,-1.171875,0.2197265625,-0.69580078125,-0.20751953125,-0.6103515625,-0.146484375,-0.6591796875,-0.1708984375,0.1953125,0.1708984375,-0.72021484375,0.25634765625,-1.45263671875,-0.048828125,-1.01318359375,-0.18310546875,0.4638671875,-0.20751953125,1.3916015625,-0.13427734375,1.03759765625,-0.048828125,0.48828125,-0.54931640625,0.3662109375,-0.1220703125,0.0244140625,-0.0244140625,0.86669921875,-0.03662109375,-0.47607421875,0.13427734375,-0.48828125
0,0.0732421875,-0.3662109375,-0.40283203125,0.927734375,0.13427734375,-0.40283203125,0.0244140625,0.06103515625,0.20751953125,-0.048828125,0,-0.8544921875,-0.06103515625,0.87890625,0.09765625,1.1474609375,-0.4638671875,0.89111328125,0.48828125,1.13525390625,-0.59814453125,2.5390625,-0.048828125,0.390625,-0.13427734375,-0.146484375,0.01220703125,-0.78125,-0.01220703125,0.9521484375,-0.25634765625,0.244140625,-0.01220703125,-0.29296875,0.1953125,-0.84228515625,0.0244140625,-0.390625,0.0732421875,-0.68359375,0.6103515625,-0.15869140625,-0.3173828125,-0.5615234375,0.18310546875,-0.42724609375,-0.15869140625,0.52490234375,-0.0244140625,1.4404296875,0.01220703125,0.537109375,-0.13427734375,-0.1708984375,-0.03662109375,0.7568359375,-0.3173828125,0.732421875,-0.1708984375,0.4150390625,-0.01220703125,0.57373046875,-0.32958984375,0.146484375,-0.2685546875,0.29296875,-0.13427734375,1.0498046875,-0.03662109375,0.25634765625,-0.23193359375,0.23193359375,-0.390625,0.32958984375,-0.01220703125,0.9033203125,0.03662109375,0.08544921875,0.15869140625,1.3671875,-0.06103515625,-0.96435546875,-0.15869140625,-0.28076171875,0.10986328125,-0.9765625,-0.08544921875,-0.76904296875,0.03662109375,-1.52587890625,-0.1220703125,-0.30517578125,-0.48828125,-0.244140625,-0.0244140625,-1.20849609375,0.06103515625,-0.76904296875,-0.09765625,-0.74462890625,-0.09765625,-0.72021484375,-0.15869140625,0.10986328125,0.06103515625,-0.7080078125,0.42724609375,-1.42822265625,-0.0244140625,-1.03759765625,-0.18310546875,0.45166015625,-0.20751953125,1.4404296875,-0.10986328125,1.13525390625,-0.06103515625,0.5859375,-0.537109375,0.390625,-0.1220703125,0.03662109375,0,0.8544921875,-0.0244140625,-0.47607421875,0.146484375,-0.47607421875
0,0.13427734375,-0.35400390625,-0.35400390625,1.0009765625,0.08544921875,-0.390625,0.048828125,0.048828125,0.23193359375,0.1708984375,-0.01220703125,-0.64697265625,-0.09765625,1.08642578125,0.08544921875,1.91650390625,-0.37841796875,0.15869140625,0.50048828125,0.5126953125,-0.50048828125,1.72119140625,0.09765625,-0.15869140625,-0.20751953125,-0.13427734375,-0.03662109375,-0.7568359375,-0.03662109375,0.9521484375,-0.37841796875,0.25634765625,-0.10986328125,-0.2685546875,0.146484375,-0.8544921875,-0.03662109375,-0.390625,0.048828125,-0.68359375,0.50048828125,-0.146484375,-0.29296875,-0.57373046875,0.10986328125,-0.4150390625,-0.20751953125,0.52490234375,-0.048828125,1.5380859375,0.01220703125,0.5615234375,-0.1708984375,-0.146484375,0.03662109375,0.74462890625,-0.40283203125,0.68359375,-0.1220703125,0.439453125,0.1220703125,0.5615234375,-0.20751953125,0.13427734375,-0.23193359375,0.30517578125,-0.09765625,1.06201171875,-0.03662109375,0.244140625,-0.1953125,0.25634765625,-0.3662109375,0.341796875,0.0244140625,0.86669921875,0.0244140625,0.08544921875,0.18310546875,1.3916015625,-0.13427734375,-0.93994140625,-0.048828125,-0.2685546875,0.15869140625,-0.9765625,-0.06103515625,-0.76904296875,-0.01220703125,-1.50146484375,-0.146484375,-0.29296875,-0.45166015625,-0.2685546875,-0.10986328125,-1.23291015625,-0.0732421875,-0.830078125,0.01220703125,-0.79345703125,-0.10986328125,-0.76904296875,-0.15869140625,0.048828125,0.01220703125,-0.7080078125,0.45166015625,-1.42822265625,0.01220703125,-1.03759765625,-0.1953125,0.47607421875,-0.20751953125,1.47705078125,-0.08544921875,1.171875,-0.06103515625,0.64697265625,-0.52490234375,0.45166015625,-0.1220703125,0.048828125,-0.01220703125,0.84228515625,-0.0244140625,-0.45166015625,0.15869140625,-0.47607421875
0,0.1708984375,-0.3662109375,-0.341796875,0.9521484375,0.06103515625,-0.35400390625,0.03662109375,0.048828125,0.23193359375,0.48828125,0.01220703125,-0.341796875,-0.08544921875,1.35498046875,-0.01220703125,2.880859375,-0.25634765625,-0.45166015625,0.45166015625,-0.0244140625,-0.29296875,1.025390625,0.13427734375,-0.6103515625,-0.29296875,-0.13427734375,-0.0732421875,-0.7568359375,-0.03662109375,0.96435546875,-0.439453125,0.25634765625,-0.1220703125,-0.2685546875,0.08544921875,-0.84228515625,-0.1220703125,-0.37841796875,-0.0244140625,-0.7080078125,0.341796875,-0.15869140625,-0.25634765625,-0.59814453125,-0.03662109375,-0.37841796875,-0.2197265625,0.54931640625,0.01220703125,1.6357421875,-0.03662109375,0.57373046875,-0.18310546875,-0.1220703125,0.06103515625,0.76904296875,-0.45166015625,0.634765625,-0.13427734375,0.45166015625,0.1708984375,0.5859375,-0.13427734375,0.10986328125,-0.18310546875,0.32958984375,-0.01220703125,1.07421875,0,0.244140625,-0.23193359375,0.25634765625,-0.341796875,0.3173828125,0.06103515625,0.86669921875,0,0.09765625,0.20751953125,1.37939453125,-0.15869140625,-0.89111328125,0.01220703125,-0.2685546875,0.13427734375,-0.98876953125,0,-0.78125,-0.048828125,-1.52587890625,-0.18310546875,-0.29296875,-0.35400390625,-0.244140625,-0.15869140625,-1.2451171875,-0.18310546875,-0.84228515625,-0.06103515625,-0.79345703125,-0.10986328125,-0.78125,-0.1220703125,0.0244140625,0.01220703125,-0.7080078125,0.42724609375,-1.42822265625,0.048828125,-1.01318359375,-0.15869140625,0.45166015625,-0.2197265625,1.47705078125,-0.08544921875,1.18408203125,-0.06103515625,0.69580078125,-0.52490234375,0.537109375,-0.13427734375,0.048828125,0,0.86669921875,-0.03662109375,-0.42724609375,0.15869140625,-0.48828125
0,0.1953125,-0.37841796875,-0.2685546875,0.8544921875,0.0244140625,-0.37841796875,0.03662109375,0.06103515625,0.25634765625,0.84228515625,0,0.0244140625,-0.09765625,1.66015625,-0.06103515625,4.00390625,-0.1220703125,-0.927734375,0.3662109375,-0.45166015625,-0.09765625,0.47607421875,0.09765625,-0.9765625,-0.32958984375,-0.146484375,-0.10986328125,-0.78125,-0.08544921875,0.98876953125,-0.42724609375,0.25634765625,-0.1953125,-0.28076171875,0.0244140625,-0.830078125,-0.18310546875,-0.37841796875,-0.06103515625,-0.69580078125,0.146484375,-0.15869140625,-0.18310546875,-0.62255859375,-0.15869140625,-0.390625,-0.25634765625,0.5615234375,-0.06103515625,1.69677734375,-0.10986328125,0.59814453125,-0.1708984375,-0.09765625,0,0.7568359375,-0.47607421875,0.5859375,-0.1953125,0.4638671875,0.1953125,0.5615234375,-0.0244140625,0.1220703125,-0.146484375,0.341796875,0,1.0986328125,0.01220703125,0.23193359375,-0.2685546875,0.244140625,-0.23193359375,0.30517578125,0.06103515625,0.8544921875,-0.01220703125,0.08544921875,0.23193359375,1.3916015625,-0.1220703125,-0.9033203125,0.0732421875,-0.29296875,0.15869140625,-1.01318359375,0.01220703125,-0.79345703125,-0.0732421875,-1.50146484375,-0.20751953125,-0.2685546875,-0.18310546875,-0.244140625,-0.146484375,-1.26953125,-0.244140625,-0.81787109375,-0.08544921875,-0.72021484375,-0.09765625,-0.7568359375,-0.01220703125,0.03662109375,0.06103515625,-0.72021484375,0.341796875,-1.42822265625,0.06103515625,-1.01318359375,-0.09765625,0.4638671875,-0.2197265625,1.46484375,-0.08544921875,1.18408203125,-0.06103515625,0.72021484375,-0.50048828125,0.6103515625,-0.10986328125,0.06103515625,-0.01220703125,0.86669921875,-0.0244140625,-0.4150390625,0.1708984375,-0.4638671875
0,0.28076171875,-0.390625,-0.2685546875,0.69580078125,-0.01220703125,-0.37841796875,0.03662109375,0.06103515625,0.23193359375,1.220703125,-0.03662109375,0.35400390625,-0.1220703125,1.98974609375,0.048828125,5.16357421875,0,-1.28173828125,0.23193359375,-0.7568359375,0.10986328125,0.13427734375,0.03662109375,-1.18408203125,-0.341796875,-0.1220703125,-0.15869140625,-0.76904296875,-0.09765625,0.9765625,-0.32958984375,0.2685546875,-0.29296875,-0.29296875,0.0244140625,-0.84228515625,-0.244140625,-0.3662109375,-0.13427734375,-0.72021484375,-0.0244140625,-0.18310546875,-0.15869140625,-0.62255859375,-0.25634765625,-0.40283203125,-0.20751953125,0.5615234375,-0.1220703125,1.77001953125,-0.20751953125,0.59814453125,-0.1953125,-0.0732421875,-0.01220703125,0.7568359375,-0.48828125,0.57373046875,-0.18310546875,0.50048828125,0.30517578125,0.5615234375,0.01220703125,0.1220703125,-0.08544921875,0.3662109375,0.048828125,1.0986328125,0.06103515625,0.244140625,-0.3173828125,0.25634765625,-0.15869140625,0.3173828125,0.0732421875,0.79345703125,0,0.0732421875,0.2197265625,1.3916015625,-0.03662109375,-0.86669921875,0.08544921875,-0.29296875,0.15869140625,-1.0009765625,0.048828125,-0.78125,-0.0732421875,-1.50146484375,-0.244140625,-0.23193359375,-0.0244140625,-0.2685546875,-0.09765625,-1.28173828125,-0.2685546875,-0.8056640625,-0.18310546875,-0.64697265625,-0.13427734375,-0.7080078125,0.0244140625,0.06103515625,0.13427734375,-0.732421875,0.18310546875,-1.416015625,0.06103515625,-1.01318359375,-0.01220703125,0.4638671875,-0.2197265625,1.40380859375,-0.08544921875,1.13525390625,-0.03662109375,0.732421875,-0.48828125,0.68359375,-0.09765625,0.0244140625,0.01220703125,0.86669921875,-0.0244140625,-0.4150390625,0.1708984375,-0.4638671875
0,0.25634765625,-0.390625,-0.244140625,0.48828125,-0.0244140625,-0.37841796875,0.08544921875,0.03662109375,0.23193359375,1.59912109375,-0.0732421875,0.69580078125,-0.10986328125,2.294921875,0.146484375,6.31103515625,0.08544921875,-1.47705078125,0.146484375,-0.9521484375,0.244140625,-0.06103515625,-0.06103515625,-1.318359375,-0.341796875,-0.13427734375,-0.1708984375,-0.76904296875,-0.0732421875,0.9765625,-0.146484375,0.244140625,-0.341796875,-0.30517578125,0.03662109375,-0.84228515625,-0.2685546875,-0.40283203125,-0.13427734375,-0.732421875,-0.10986328125,-0.20751953125,-0.20751953125,-0.67138671875,-0.32958984375,-0.42724609375,-0.18310546875,0.5615234375,-0.1953125,1.84326171875,-0.29296875,0.62255859375,-0.146484375,-0.08544921875,-0.06103515625,0.7568359375,-0.45166015625,0.5615234375,-0.15869140625,0.52490234375,0.37841796875,0.5859375,0.03662109375,0.13427734375,0.0244140625,0.37841796875,0.1220703125,1.0986328125,0.0732421875,0.23193359375,-0.341796875,0.244140625,-0.06103515625,0.3173828125,0.1220703125,0.81787109375,0,0.06103515625,0.20751953125,1.40380859375,0.01220703125,-0.87890625,0.048828125,-0.30517578125,0.146484375,-0.98876953125,0.03662109375,-0.8056640625,-0.048828125,-1.50146484375,-0.2685546875,-0.20751953125,0.08544921875,-0.28076171875,-0.0244140625,-1.28173828125,-0.18310546875,-0.7568359375,-0.30517578125,-0.57373046875,-0.13427734375,-0.64697265625,0.0732421875,0.0732421875,0.1953125,-0.72021484375,0.048828125,-1.42822265625,0.048828125,-1.01318359375,0.06103515625,0.439453125,-0.18310546875,1.3427734375,-0.08544921875,1.07421875,-0.048828125,0.72021484375,-0.390625,0.6591796875,-0.08544921875,0,-0.01220703125,0.86669921875,0.01220703125,-0.40283203125,0.15869140625,-0.439453125
0,0.30517578125,-0.40283203125,-0.2197265625,0.29296875,-0.048828125,-0.40283203125,0.08544921875,0.0244140625,0.2197265625,1.89208984375,-0.048828125,0.93994140625,-0.10986328125,2.55126953125,0.1708984375,7.32421875,0.09765625,-1.5380859375,0.08544921875,-1.01318359375,0.28076171875,-0.09765625,-0.1708984375,-1.3427734375,-0.32958984375,-0.13427734375,-0.1708984375,-0.7568359375,-0.08544921875,0.96435546875,0,0.244140625,-0.390625,-0.30517578125,-0.0244140625,-0.830078125,-0.25634765625,-0.4150390625,-0.20751953125,-0.72021484375,-0.08544921875,-0.2197265625,-0.2685546875,-0.67138671875,-0.37841796875,-0.4150390625,-0.1220703125,0.54931640625,-0.37841796875,1.89208984375,-0.32958984375,0.62255859375,-0.18310546875,-0.09765625,-0.08544921875,0.76904296875,-0.32958984375,0.5859375,-0.1708984375,0.5615234375,0.4638671875,0.5859375,0.0244140625,0.13427734375,0.1708984375,0.35400390625,0.13427734375,1.07421875,0.09765625,0.244140625,-0.3662109375,0.244140625,0.0244140625,0.3173828125,0.146484375,0.830078125,-0.01220703125,0.048828125,0.1708984375,1.40380859375,0.08544921875,-0.9033203125,0.01220703125,-0.32958984375,0.1220703125,-0.96435546875,-0.01220703125,-0.79345703125,-0.03662109375,-1.50146484375,-0.23193359375,-0.20751953125,0.146484375,-0.30517578125,0.048828125,-1.2939453125,-0.048828125,-0.74462890625,-0.30517578125,-0.47607421875,-0.0732421875,-0.6103515625,0.15869140625,0.0732421875,0.20751953125,-0.72021484375,-0.0732421875,-1.42822265625,0,-1.0009765625,0.146484375,0.439453125,-0.2197265625,1.28173828125,-0.08544921875,1.01318359375,-0.06103515625,0.64697265625,-0.4150390625,0.634765625,-0.0732421875,0,0.01220703125,0.87890625,0.03662109375,-0.4150390625,0.146484375,-0.439453125
0,0.32958984375,-0.40283203125,-0.20751953125,0.10986328125,-0.06103515625,-0.390625,0.10986328125,0.0244140625,0.1953125,2.11181640625,-0.09765625,1.0986328125,-0.1220703125,2.734375,-0.01220703125,8.1298828125,0.048828125,-1.4892578125,0.06103515625,-1.0009765625,0.244140625,-0.0244140625,-0.20751953125,-1.28173828125,-0.2685546875,-0.13427734375,-0.1708984375,-0.7568359375,-0.06103515625,0.9521484375,0.13427734375,0.244140625,-0.42724609375,-0.3173828125,0,-0.830078125,-0.20751953125,-0.439453125,-0.244140625,-0.72021484375,0.03662109375,-0.20751953125,-0.30517578125,-0.67138671875,-0.40283203125,-0.42724609375,-0.10986328125,0.537109375,-0.37841796875,1.953125,-0.3173828125,0.59814453125,-0.20751953125,-0.10986328125,-0.09765625,0.79345703125,-0.244140625,0.6103515625,-0.1708984375,0.5859375,0.439453125,0.62255859375,-0.03662109375,0.10986328125,0.25634765625,0.35400390625,0.146484375,1.08642578125,0.08544921875,0.25634765625,-0.341796875,0.25634765625,0.048828125,0.30517578125,0.1708984375,0.830078125,-0.03662109375,0.048828125,0.1220703125,1.40380859375,0.13427734375,-0.91552734375,-0.048828125,-0.32958984375,0.0732421875,-0.9765625,-0.06103515625,-0.79345703125,-0.0244140625,-1.513671875,-0.18310546875,-0.1953125,0.1220703125,-0.3173828125,0.1708984375,-1.26953125,0.048828125,-0.732421875,-0.3662109375,-0.4638671875,-0.13427734375,-0.57373046875,0.146484375,0.08544921875,0.1220703125,-0.72021484375,-0.146484375,-1.42822265625,-0.01220703125,-1.01318359375,0.1708984375,0.4150390625,-0.15869140625,1.220703125,-0.048828125,0.9521484375,-0.01220703125,0.57373046875,-0.3662109375,0.5615234375,-0.048828125,0.0244140625,0.01220703125,0.91552734375,0.048828125,-0.439453125,0.1708984375,-0.42724609375
0,0.341796875,-0.37841796875,-0.1708984375,0,-0.13427734375,-0.40283203125,0.10986328125,0.03662109375,0.23193359375,2.23388671875,-0.08544921875,1.171875,-0.08544921875,2.81982421875,-0.01220703125,8.65478515625,-0.0732421875,-1.3671875,-0.01220703125,-0.87890625,0.0244140625,0.13427734375,-0.3173828125,-1.171875,-0.2197265625,-0.13427734375,-0.146484375,-0.74462890625,-0.03662109375,0.93994140625,0.15869140625,0.244140625,-0.341796875,-0.3173828125,0.03662109375,-0.81787109375,-0.18310546875,-0.45166015625,-0.29296875,-0.7080078125,0.1953125,-0.1953125,-0.37841796875,-0.68359375,-0.40283203125,-0.45166015625,-0.08544921875,0.52490234375,-0.4150390625,2.01416015625,-0.29296875,0.57373046875,-0.2197265625,-0.13427734375,-0.15869140625,0.74462890625,-0.1953125,0.6591796875,-0.1220703125,0.6103515625,0.40283203125,0.634765625,-0.10986328125,0.13427734375,0.32958984375,0.32958984375,0.146484375,1.06201171875,0.08544921875,0.28076171875,-0.3173828125,0.244140625,0.10986328125,0.30517578125,0.1708984375,0.86669921875,-0.0732421875,0.048828125,0.09765625,1.3916015625,0.15869140625,-0.93994140625,-0.09765625,-0.35400390625,0.03662109375,-0.9765625,-0.15869140625,-0.78125,-0.01220703125,-1.52587890625,-0.10986328125,-0.18310546875,0.0732421875,-0.32958984375,0.2685546875,-1.2451171875,0.1953125,-0.76904296875,-0.37841796875,-0.47607421875,-0.13427734375,-0.5859375,0.1953125,0.06103515625,0.03662109375,-0.732421875,-0.10986328125,-1.42822265625,-0.048828125,-1.0009765625,0.1953125,0.4150390625,-0.1953125,1.1474609375,-0.10986328125,0.89111328125,-0.06103515625,0.50048828125,-0.40283203125,0.4638671875,-0.0244140625,0.048828125,0.01220703125,0.927734375,0.0732421875,-0.45166015625,0.15869140625,-0.4150390625
0,0.390625,-0.40283203125,-0.08544921875,-0.06103515625,-0.15869140625,-0.42724609375,0.10986328125,0.03662109375,0.18310546875,2.23388671875,-0.10986328125,1.1474609375,-0.08544921875,2.8076171875,-0.03662109375,8.87451171875,-0.1708984375,-1.20849609375,0.0244140625,-0.7568359375,-0.15869140625,0.30517578125,-0.32958984375,-1.07421875,-0.1708984375,-0.13427734375,-0.10986328125,-0.74462890625,0.01220703125,0.96435546875,0.13427734375,0.244140625,-0.244140625,-0.32958984375,0.15869140625,-0.84228515625,-0.1708984375,-0.4638671875,-0.23193359375,-0.72021484375,0.37841796875,-0.23193359375,-0.37841796875,-0.64697265625,-0.37841796875,-0.45166015625,-0.1220703125,0.52490234375,-0.42724609375,2.03857421875,-0.23193359375,0.54931640625,-0.2685546875,-0.1708984375,-0.20751953125,0.76904296875,-0.1708984375,0.68359375,-0.048828125,0.6103515625,0.42724609375,0.64697265625,-0.1953125,0.1220703125,0.390625,0.29296875,0.146484375,1.0498046875,0.06103515625,0.2685546875,-0.23193359375,0.25634765625,0.09765625,0.30517578125,0.1708984375,0.89111328125,-0.08544921875,0.03662109375,0.08544921875,1.37939453125,0.13427734375,-0.96435546875,-0.09765625,-0.341796875,-0.01220703125,-0.9765625,-0.25634765625,-0.78125,-0.048828125,-1.5380859375,0.01220703125,-0.20751953125,-0.01220703125,-0.30517578125,0.35400390625,-1.23291015625,0.244140625,-0.79345703125,-0.30517578125,-0.537109375,-0.146484375,-0.5859375,0.18310546875,0.0244140625,-0.10986328125,-0.72021484375,-0.01220703125,-1.42822265625,-0.08544921875,-1.01318359375,0.18310546875,0.390625,-0.20751953125,1.0986328125,-0.15869140625,0.81787109375,-0.0732421875,0.45166015625,-0.5126953125,0.35400390625,-0.01220703125,0.048828125,0.01220703125,0.9033203125,0.08544921875,-0.45166015625,0.13427734375,-0.4150390625
0,0.40283203125,-0.390625,-0.08544921875,-0.06103515625,-0.146484375,-0.4150390625,0.09765625,0.048828125,0.13427734375,2.1484375,-0.13427734375,1.03759765625,-0.09765625,2.734375,-0.01220703125,8.77685546875,-0.25634765625,-1.03759765625,0,-0.62255859375,-0.341796875,0.50048828125,-0.30517578125,-0.96435546875,-0.10986328125,-0.13427734375,-0.0732421875,-0.76904296875,0.0732421875,0.927734375,0.06103515625,0.244140625,-0.08544921875,-0.30517578125,0.28076171875,-0.830078125,-0.10986328125,-0.45166015625,-0.146484375,-0.7080078125,0.47607421875,-0.20751953125,-0.35400390625,-0.6591796875,-0.28076171875,-0.439453125,-0.09765625,0.5126953125,-0.47607421875,2.0751953125,-0.13427734375,0.52490234375,-0.2685546875,-0.2197265625,-0.18310546875,0.7568359375,-0.18310546875,0.7080078125,0.0244140625,0.62255859375,0.341796875,0.67138671875,-0.2197265625,0.10986328125,0.439453125,0.244140625,0.146484375,1.03759765625,0.03662109375,0.2685546875,-0.20751953125,0.25634765625,0.10986328125,0.3173828125,0.15869140625,0.89111328125,-0.0732421875,0.03662109375,0.08544921875,1.40380859375,0.08544921875,-0.96435546875,-0.09765625,-0.35400390625,-0.0732421875,-1.01318359375,-0.32958984375,-0.76904296875,-0.06103515625,-1.55029296875,0.1220703125,-0.23193359375,-0.08544921875,-0.29296875,0.4150390625,-1.20849609375,0.2685546875,-0.8056640625,-0.20751953125,-0.59814453125,-0.20751953125,-0.6103515625,0.146484375,0,-0.23193359375,-0.72021484375,0.1220703125,-1.42822265625,-0.1220703125,-1.025390625,0.13427734375,0.4150390625,-0.1220703125,1.01318359375,-0.0732421875,0.74462890625,-0.0244140625,0.37841796875,-0.390625,0.25634765625,-0.01220703125,0.0732421875,-0.01220703125,0.89111328125,0.09765625,-0.47607421875,0.13427734375,-0.4150390625
0,0.37841796875,-0.37841796875,-0.0732421875,0,-0.1953125,-0.4150390625,0.1220703125,0.08544921875,0.13427734375,1.9775390625,-0.10986328125,0.9033203125,-0.0732421875,2.587890625,-0.06103515625,8.36181640625,-0.30517578125,-0.9033203125,0.01220703125,-0.48828125,-0.537109375,0.634765625,-0.35400390625,-0.87890625,-0.0732421875,-0.1220703125,-0.01220703125,-0.7568359375,0.13427734375,0.927734375,-0.0244140625,0.244140625,0.01220703125,-0.30517578125,0.37841796875,-0.830078125,-0.06103515625,-0.42724609375,-0.0732421875,-0.69580078125,0.5126953125,-0.18310546875,-0.2685546875,-0.6591796875,-0.13427734375,-0.42724609375,-0.10986328125,0.52490234375,-0.47607421875,2.05078125,-0.03662109375,0.47607421875,-0.25634765625,-0.2197265625,-0.20751953125,0.7568359375,-0.2197265625,0.7080078125,0.048828125,0.59814453125,0.25634765625,0.67138671875,-0.146484375,0.09765625,0.47607421875,0.2197265625,0.10986328125,1.0498046875,0.048828125,0.2685546875,-0.146484375,0.25634765625,0.13427734375,0.3173828125,0.146484375,0.91552734375,-0.0732421875,0.03662109375,0.06103515625,1.35498046875,-0.01220703125,-0.96435546875,-0.08544921875,-0.32958984375,-0.146484375,-1.01318359375,-0.40283203125,-0.76904296875,-0.06103515625,-1.55029296875,0.18310546875,-0.2197265625,-0.15869140625,-0.25634765625,0.439453125,-1.1962890625,0.23193359375,-0.84228515625,-0.08544921875,-0.64697265625,-0.244140625,-0.634765625,0.0732421875,-0.01220703125,-0.29296875,-0.68359375,0.2197265625,-1.42822265625,-0.1953125,-1.025390625,0.08544921875,0.42724609375,-0.1220703125,0.9521484375,-0.1220703125,0.634765625,-0.048828125,0.29296875,-0.4150390625,0.18310546875,-0.01220703125,0.09765625,-0.01220703125,0.87890625,0.13427734375,-0.48828125,0.09765625,-0.42724609375
0,0.45166015625,-0.3662109375,-0.03662109375,0.0732421875,-0.1708984375,-0.37841796875,0.10986328125,0.0732421875,0.1220703125,1.7822265625,-0.10986328125,0.69580078125,-0.1220703125,2.4169921875,-0.18310546875,7.72705078125,-0.30517578125,-0.81787109375,-0.0244140625,-0.42724609375,-0.6591796875,0.68359375,-0.390625,-0.81787109375,-0.06103515625,-0.1220703125,0.0244140625,-0.7568359375,0.18310546875,0.93994140625,-0.10986328125,0.23193359375,0.09765625,-0.29296875,0.5126953125,-0.81787109375,-0.0244140625,-0.40283203125,-0.06103515625,-0.69580078125,0.50048828125,-0.1708984375,-0.13427734375,-0.64697265625,-0.03662109375,-0.42724609375,-0.08544921875,0.537109375,-0.439453125,2.01416015625,0.06103515625,0.42724609375,-0.1708984375,-0.20751953125,-0.23193359375,0.76904296875,-0.341796875,0.7080078125,-0.01220703125,0.5859375,0.1953125,0.68359375,-0.048828125,0.10986328125,0.4638671875,0.1953125,0.08544921875,1.0498046875,0.048828125,0.25634765625,-0.13427734375,0.25634765625,0.15869140625,0.30517578125,0.1220703125,0.91552734375,-0.1220703125,0.048828125,0.048828125,1.3671875,-0.0732421875,-0.927734375,-0.08544921875,-0.32958984375,-0.1953125,-1.025390625,-0.37841796875,-0.7568359375,-0.09765625,-1.52587890625,0.20751953125,-0.23193359375,-0.1953125,-0.244140625,0.37841796875,-1.20849609375,0.2197265625,-0.84228515625,0.0244140625,-0.68359375,-0.25634765625,-0.634765625,0.0244140625,-0.0244140625,-0.30517578125,-0.69580078125,0.25634765625,-1.416015625,-0.2197265625,-1.025390625,0.03662109375,0.439453125,-0.1220703125,0.84228515625,-0.1220703125,0.54931640625,-0.048828125,0.23193359375,-0.47607421875,0.13427734375,-0.01220703125,0.10986328125,-0.0244140625,0.84228515625,0.13427734375,-0.4638671875,0.048828125,-0.45166015625
0,0.4150390625,-0.3662109375,-0.01220703125,0.1220703125,-0.15869140625,-0.390625,0.10986328125,0.0732421875,0.13427734375,1.513671875,-0.09765625,0.50048828125,-0.15869140625,2.24609375,-0.244140625,6.92138671875,-0.28076171875,-0.79345703125,-0.048828125,-0.4150390625,-0.68359375,0.69580078125,-0.40283203125,-0.830078125,-0.0244140625,-0.1220703125,0.048828125,-0.7568359375,0.18310546875,0.9521484375,-0.18310546875,0.23193359375,0.09765625,-0.30517578125,0.634765625,-0.8056640625,-0.01220703125,-0.390625,-0.0732421875,-0.68359375,0.439453125,-0.1708984375,-0.048828125,-0.64697265625,0.01220703125,-0.40283203125,-0.09765625,0.54931640625,-0.30517578125,1.94091796875,0.146484375,0.4150390625,-0.1220703125,-0.18310546875,-0.2197265625,0.7568359375,-0.4638671875,0.69580078125,-0.06103515625,0.57373046875,0.1220703125,0.68359375,0.0244140625,0.10986328125,0.47607421875,0.18310546875,0.03662109375,1.06201171875,0.048828125,0.244140625,-0.1220703125,0.244140625,0.20751953125,0.32958984375,0.0732421875,0.91552734375,-0.13427734375,0.048828125,0.03662109375,1.35498046875,-0.10986328125,-0.927734375,-0.10986328125,-0.3173828125,-0.20751953125,-1.01318359375,-0.32958984375,-0.74462890625,-0.0732421875,-1.5380859375,0.1708984375,-0.244140625,-0.13427734375,-0.2197265625,0.23193359375,-1.220703125,0.20751953125,-0.81787109375,0.1220703125,-0.634765625,-0.2685546875,-0.634765625,-0.01220703125,0.0244140625,-0.1708984375,-0.67138671875,0.244140625,-1.40380859375,-0.244140625,-1.01318359375,-0.048828125,0.45166015625,-0.09765625,0.76904296875,-0.10986328125,0.45166015625,-0.048828125,0.15869140625,-0.4150390625,0.10986328125,-0.048828125,0.10986328125,-0.048828125,0.830078125,0.13427734375,-0.4638671875,0.048828125,-0.45166015625
1,0.4638671875,-0.35400390625,0.03662109375,0.15869140625,-0.23193359375,-0.390625,0.06103515625,0.06103515625,0.13427734375,1.318359375,-0.08544921875,0.30517578125,-0.1708984375,2.099609375,-0.2685546875,6.103515625,-0.2197265625,-0.830078125,-0.08544921875,-0.4150390625,-0.62255859375,0.634765625,-0.4150390625,-0.8544921875,-0.0244140625,-0.10986328125,0.06103515625,-0.76904296875,0.18310546875,0.9765625,-0.23193359375,0.244140625,0.048828125,-0.29296875,0.69580078125,-0.78125,0.01220703125,-0.37841796875,-0.0732421875,-0.68359375,0.390625,-0.146484375,0.048828125,-0.62255859375,-0.01220703125,-0.390625,-0.08544921875,0.57373046875,-0.20751953125,1.84326171875,0.244140625,0.439453125,-0.0244140625,-0.15869140625,-0.2197265625,0.79345703125,-0.5859375,0.67138671875,-0.08544921875,0.54931640625,0.10986328125,0.6591796875,0.06103515625,0.146484375,0.4638671875,0.18310546875,-0.01220703125,1.08642578125,0.03662109375,0.23193359375,-0.13427734375,0.23193359375,0.18310546875,0.3173828125,-0.01220703125,0.91552734375,-0.146484375,0.03662109375,0.048828125,1.3427734375,-0.18310546875,-0.91552734375,-0.13427734375,-0.3173828125,-0.18310546875,-1.01318359375,-0.29296875,-0.7568359375,-0.0732421875,-1.52587890625,0.08544921875,-0.25634765625,-0.08544921875,-0.20751953125,0,-1.23291015625,0.1953125,-0.76904296875,0.13427734375,-0.5615234375,-0.25634765625,-0.62255859375,-0.0732421875,0.08544921875,-0.01220703125,-0.6591796875,0.1953125,-1.3916015625,-0.25634765625,-0.98876953125,-0.1220703125,0.4638671875,-0.13427734375,0.69580078125,-0.1220703125,0.3662109375,-0.06103515625,0.10986328125,-0.40283203125,0.1220703125,-0.048828125,0.08544921875,-0.048828125,0.81787109375,0.10986328125,-0.4638671875,0.01220703125,-0.45166015625
1,0.4638671875,-0.3662109375,0.0732421875,0.13427734375,-0.2197265625,-0.390625,0.0732421875,0.03662109375,0.08544921875,1.1474609375,-0.10986328125,0.18310546875,-0.18310546875,1.953125,-0.23193359375,5.3466796875,-0.08544921875,-0.86669921875,-0.03662109375,-0.4638671875,-0.439453125,0.54931640625,-0.35400390625,-0.86669921875,-0.048828125,-0.10986328125,0.06103515625,-0.74462890625,0.06103515625,0.96435546875,-0.2685546875,0.244140625,0,-0.28076171875,0.732421875,-0.81787109375,0,-0.37841796875,-0.0732421875,-0.69580078125,0.341796875,-0.146484375,0.06103515625,-0.62255859375,-0.048828125,-0.35400390625,-0.09765625,0.54931640625,-0.15869140625,1.708984375,0.244140625,0.4638671875,0.03662109375,-0.1220703125,-0.2197265625,0.78125,-0.68359375,0.634765625,-0.15869140625,0.5126953125,0.08544921875,0.634765625,0.08544921875,0.146484375,0.50048828125,0.1953125,-0.0732421875,1.07421875,0.06103515625,0.23193359375,-0.15869140625,0.2197265625,0.15869140625,0.30517578125,-0.06103515625,0.87890625,-0.146484375,0.03662109375,0.06103515625,1.3427734375,-0.18310546875,-0.87890625,-0.18310546875,-0.30517578125,-0.13427734375,-1.01318359375,-0.244140625,-0.74462890625,-0.03662109375,-1.513671875,-0.0244140625,-0.25634765625,-0.048828125,-0.2197265625,-0.2197265625,-1.25732421875,0.146484375,-0.69580078125,0.09765625,-0.45166015625,-0.244140625,-0.5859375,-0.10986328125,0.146484375,0.1708984375,-0.6591796875,0.13427734375,-1.40380859375,-0.1953125,-1.0009765625,-0.1708984375,0.4638671875,-0.10986328125,0.634765625,-0.146484375,0.30517578125,-0.06103515625,0.0732421875,-0.3662109375,0.146484375,-0.048828125,0.08544921875,-0.048828125,0.8056640625,0.0732421875,-0.4638671875,0.0244140625,-0.45166015625
1,0.5126953125,-0.3662109375,0.1220703125,0.08544921875,-0.29296875,-0.390625,0.06103515625,0.0244140625,0.08544921875,0.98876953125,-0.08544921875,0.0732421875,-0.20751953125,1.8310546875,-0.244140625,4.7607421875,-0.06103515625,-0.93994140625,-0.0244140625,-0.5126953125,-0.20751953125,0.45166015625,-0.35400390625,-0.91552734375,-0.048828125,-0.1220703125,0.01220703125,-0.78125,-0.06103515625,0.9521484375,-0.2685546875,0.23193359375,-0.048828125,-0.3173828125,0.7568359375,-0.8056640625,-0.01220703125,-0.390625,-0.08544921875,-0.72021484375,0.32958984375,-0.146484375,0.0244140625,-0.6103515625,-0.0244140625,-0.37841796875,-0.09765625,0.5615234375,-0.146484375,1.57470703125,0.18310546875,0.50048828125,0.08544921875,-0.1220703125,-0.244140625,0.78125,-0.74462890625,0.6103515625,-0.18310546875,0.48828125,0.08544921875,0.6103515625,0.0244140625,0.15869140625,0.47607421875,0.20751953125,-0.1953125,1.08642578125,0.03662109375,0.25634765625,-0.1953125,0.23193359375,0.146484375,0.32958984375,-0.1220703125,0.87890625,-0.10986328125,0.0244140625,0.048828125,1.3427734375,-0.1708984375,-0.87890625,-0.18310546875,-0.30517578125,-0.09765625,-0.98876953125,-0.20751953125,-0.7568359375,-0.0244140625,-1.4892578125,-0.10986328125,-0.25634765625,-0.0732421875,-0.244140625,-0.35400390625,-1.26953125,0.1220703125,-0.64697265625,0.1220703125,-0.3662109375,-0.18310546875,-0.537109375,-0.10986328125,0.2197265625,0.3173828125,-0.67138671875,0.048828125,-1.416015625,-0.15869140625,-1.0009765625,-0.1953125,0.4638671875,-0.18310546875,0.634765625,-0.23193359375,0.29296875,-0.10986328125,0.0732421875,-0.439453125,0.20751953125,-0.0732421875,0.08544921875,-0.0732421875,0.81787109375,0.01220703125,-0.45166015625,0.048828125,-0.45166015625
1,0.5126953125,-0.3662109375,0.1220703125,0.0244140625,-0.28076171875,-0.40283203125,0.0732421875,0.0244140625,0.08544921875,0.9521484375,-0.0732421875,0.06103515625,-0.18310546875,1.77001953125,-0.1220703125,4.40673828125,0,-1.01318359375,0.08544921875,-0.5615234375,-0.0244140625,0.37841796875,-0.244140625,-0.93994140625,-0.08544921875,-0.1220703125,-0.0244140625,-0.79345703125,-0.20751953125,0.9521484375,-0.3173828125,0.244140625,-0.08544921875,-0.30517578125,0.69580078125,-0.830078125,-0.03662109375,-0.4150390625,-0.10986328125,-0.72021484375,0.29296875,-0.1953125,-0.03662109375,-0.62255859375,-0.01220703125,-0.37841796875,-0.10986328125,0.537109375,-0.08544921875,1.4892578125,0.06103515625,0.52490234375,0.18310546875,-0.10986328125,-0.30517578125,0.76904296875,-0.79345703125,0.5859375,-0.2685546875,0.47607421875,0.1220703125,0.57373046875,-0.03662109375,0.146484375,0.40283203125,0.20751953125,-0.1953125,1.08642578125,0.03662109375,0.244140625,-0.25634765625,0.20751953125,0.09765625,0.3173828125,-0.1708984375,0.87890625,-0.0732421875,0.03662109375,0,1.3427734375,-0.146484375,-0.9033203125,-0.18310546875,-0.28076171875,0.01220703125,-1.0009765625,-0.18310546875,-0.74462890625,-0.01220703125,-1.4892578125,-0.18310546875,-0.244140625,-0.13427734375,-0.2685546875,-0.37841796875,-1.28173828125,0.0732421875,-0.59814453125,-0.03662109375,-0.2685546875,-0.09765625,-0.50048828125,-0.06103515625,0.2685546875,0.390625,-0.68359375,0.01220703125,-1.40380859375,-0.1220703125,-0.98876953125,-0.18310546875,0.4638671875,-0.0732421875,0.7080078125,-0.1953125,0.390625,-0.06103515625,0.13427734375,-0.32958984375,0.29296875,-0.08544921875,0.0732421875,-0.0732421875,0.8056640625,0.01220703125,-0.45166015625,0.03662109375,-0.4638671875
1,0.52490234375,-0.37841796875,0.146484375,-0.06103515625,-0.25634765625,-0.390625,0.08544921875,0.0244140625,0.09765625,0.9521484375,-0.06103515625,0.048828125,-0.18310546875,1.7333984375,-0.1708984375,4.28466796875,0.03662109375,-1.0498046875,0.2197265625,-0.5859375,0.09765625,0.32958984375,-0.09765625,-0.96435546875,-0.10986328125,-0.1220703125,-0.048828125,-0.76904296875,-0.3173828125,0.927734375,-0.2685546875,0.244140625,-0.10986328125,-0.28076171875,0.6591796875,-0.830078125,-0.0732421875,-0.439453125,-0.18310546875,-0.732421875,0.25634765625,-0.2197265625,-0.146484375,-0.634765625,-0.03662109375,-0.35400390625,-0.15869140625,0.52490234375,-0.10986328125,1.37939453125,0,0.5615234375,0.20751953125,-0.09765625,-0.32958984375,0.7568359375,-0.732421875,0.59814453125,-0.30517578125,0.4638671875,0.15869140625,0.57373046875,-0.09765625,0.1708984375,0.3173828125,0.2197265625,-0.25634765625,1.07421875,0.01220703125,0.2685546875,-0.29296875,0.2197265625,0.0732421875,0.3173828125,-0.15869140625,0.84228515625,-0.01220703125,0.01220703125,-0.048828125,1.35498046875,-0.09765625,-0.927734375,-0.146484375,-0.29296875,0.048828125,-0.96435546875,-0.1708984375,-0.7568359375,-0.0244140625,-1.45263671875,-0.2197265625,-0.23193359375,-0.244140625,-0.29296875,-0.2685546875,-1.30615234375,0.01220703125,-0.59814453125,-0.1220703125,-0.25634765625,-0.048828125,-0.50048828125,-0.0244140625,0.2685546875,0.40283203125,-0.68359375,0.06103515625,-1.42822265625,-0.0732421875,-0.98876953125,-0.1953125,0.45166015625,-0.0732421875,0.84228515625,-0.1953125,0.5126953125,-0.06103515625,0.2197265625,-0.1953125,0.40283203125,-0.09765625,0.06103515625,-0.0732421875,0.8056640625,0,-0.4638671875,0.0244140625,-0.48828125
1,0.52490234375,-0.40283203125,0.1708984375,-0.18310546875,-0.25634765625,-0.40283203125,0.09765625,0.03662109375,0.10986328125,1.0009765625,-0.06103515625,0.08544921875,-0.146484375,1.7333984375,-0.2197265625,4.3701171875,0.03662109375,-1.06201171875,0.30517578125,-0.57373046875,0.1953125,0.341796875,0.01220703125,-0.9521484375,-0.13427734375,-0.13427734375,-0.10986328125,-0.76904296875,-0.35400390625,0.93994140625,-0.2197265625,0.23193359375,-0.146484375,-0.29296875,0.5859375,-0.8544921875,-0.13427734375,-0.4638671875,-0.25634765625,-0.732421875,0.2197265625,-0.23193359375,-0.1953125,-0.62255859375,-0.03662109375,-0.390625,-0.1708984375,0.537109375,-0.1220703125,1.318359375,-0.06103515625,0.57373046875,0.18310546875,-0.146484375,-0.3662109375,0.732421875,-0.7568359375,0.6103515625,-0.32958984375,0.4638671875,0.146484375,0.52490234375,-0.146484375,0.146484375,0.20751953125,0.23193359375,-0.29296875,1.0498046875,0,0.244140625,-0.341796875,0.1953125,0.01220703125,0.32958984375,-0.1953125,0.8544921875,0.03662109375,0.01220703125,-0.08544921875,1.37939453125,-0.03662109375,-0.9521484375,-0.1220703125,-0.30517578125,0.0244140625,-0.9521484375,-0.1708984375,-0.7568359375,-0.08544921875,-1.4404296875,-0.244140625,-0.23193359375,-0.37841796875,-0.3173828125,-0.0732421875,-1.26953125,-0.01220703125,-0.634765625,-0.2197265625,-0.28076171875,-0.01220703125,-0.537109375,0.06103515625,0.2197265625,0.29296875,-0.7080078125,0.09765625,-1.42822265625,-0.01220703125,-0.9765625,-0.1708984375,0.439453125,-0.09765625,1.01318359375,-0.2197265625,0.68359375,-0.08544921875,0.35400390625,-0.18310546875,0.48828125,-0.09765625,0.03662109375,-0.06103515625,0.8056640625,0,-0.48828125,-0.01220703125,-0.50048828125
1,0.57373046875,-0.4150390625,0.18310546875,-0.2685546875,-0.28076171875,-0.390625,0.08544921875,0.03662109375,0.10986328125,1.06201171875,-0.048828125,0.13427734375,-0.15869140625,1.77001953125,-0.23193359375,4.60205078125,-0.01220703125,-1.03759765625,0.341796875,-0.54931640625,0.13427734375,0.37841796875,0.06103515625,-0.93994140625,-0.13427734375,-0.1708984375,-0.15869140625,-0.78125,-0.29296875,0.91552734375,-0.1953125,0.23193359375,-0.1953125,-0.28076171875,0.59814453125,-0.8544921875,-0.20751953125,-0.47607421875,-0.28076171875,-0.7568359375,0.146484375,-0.244140625,-0.244140625,-0.64697265625,-0.048828125,-0.390625,-0.13427734375,0.54931640625,-0.146484375,1.30615234375,-0.146484375,0.57373046875,0.18310546875,-0.18310546875,-0.3662109375,0.7568359375,-0.67138671875,0.64697265625,-0.244140625,0.48828125,0.146484375,0.52490234375,-0.1953125,0.13427734375,0.10986328125,0.2685546875,-0.28076171875,1.03759765625,-0.01220703125,0.244140625,-0.40283203125,0.2197265625,-0.03662109375,0.3173828125,-0.1953125,0.81787109375,0.08544921875,0.0244140625,-0.15869140625,1.37939453125,0.01220703125,-0.98876953125,-0.0732421875,-0.3173828125,0.03662109375,-0.927734375,-0.15869140625,-0.76904296875,-0.18310546875,-1.42822265625,-0.23193359375,-0.244140625,-0.47607421875,-0.3173828125,0.13427734375,-1.26953125,-0.0244140625,-0.732421875,-0.146484375,-0.35400390625,0,-0.5859375,0.1708984375,0.1708984375,0.10986328125,-0.7080078125,0.15869140625,-1.4404296875,0.0244140625,-0.96435546875,-0.1220703125,0.439453125,-0.048828125,1.1962890625,-0.20751953125,0.89111328125,-0.06103515625,0.48828125,-0.18310546875,0.57373046875,-0.10986328125,0.0244140625,-0.08544921875,0.81787109375,0.03662109375,-0.47607421875,-0.01220703125,-0.5126953125
1,0.6103515625,-0.4150390625,0.2685546875,-0.32958984375,-0.30517578125,-0.390625,0.09765625,0.03662109375,0.1220703125,1.123046875,-0.048828125,0.1708984375,-0.146484375,1.8310546875,-0.2685546875,4.89501953125,0.03662109375,-0.9765625,0.439453125,-0.47607421875,0.146484375,0.45166015625,0.1953125,-0.89111328125,-0.1220703125,-0.15869140625,-0.20751953125,-0.76904296875,-0.18310546875,0.89111328125,-0.146484375,0.23193359375,-0.32958984375,-0.2685546875,0.54931640625,-0.86669921875,-0.30517578125,-0.45166015625,-0.25634765625,-0.74462890625,0.0732421875,-0.244140625,-0.2685546875,-0.64697265625,-0.08544921875,-0.390625,-0.1708984375,0.537109375,-0.23193359375,1.30615234375,-0.20751953125,0.5615234375,0.08544921875,-0.23193359375,-0.3662109375,0.7568359375,-0.5615234375,0.6591796875,-0.15869140625,0.4638671875,0.10986328125,0.5126953125,-0.2685546875,0.13427734375,0.0244140625,0.28076171875,-0.32958984375,1.0498046875,0,0.2685546875,-0.42724609375,0.244140625,-0.0732421875,0.35400390625,-0.23193359375,0.84228515625,0.13427734375,0.03662109375,-0.20751953125,1.40380859375,0.048828125,-1.0009765625,-0.01220703125,-0.30517578125,0.03662109375,-0.9521484375,-0.18310546875,-0.7568359375,-0.23193359375,-1.42822265625,-0.18310546875,-0.25634765625,-0.5126953125,-0.3173828125,0.29296875,-1.26953125,0.01220703125,-0.87890625,-0.06103515625,-0.45166015625,-0.01220703125,-0.68359375,0.25634765625,0.0732421875,-0.10986328125,-0.7080078125,0.20751953125,-1.45263671875,0.048828125,-0.9765625,-0.0732421875,0.42724609375,-0.08544921875,1.3427734375,-0.244140625,1.03759765625,-0.09765625,0.5859375,-0.25634765625,0.6103515625,-0.10986328125,0.0244140625,-0.08544921875,0.830078125,0.048828125,-0.47607421875,-0.0244140625,-0.52490234375
1,0.634765625,-0.4150390625,0.20751953125,-0.3662109375,-0.30517578125,-0.37841796875,0.0732421875,0.03662109375,0.10986328125,1.1962890625,-0.0732421875,0.20751953125,-0.13427734375,1.86767578125,-0.28076171875,5.078125,0.03662109375,-0.87890625,0.390625,-0.42724609375,0.13427734375,0.537109375,0.28076171875,-0.8056640625,-0.146484375,-0.18310546875,-0.244140625,-0.78125,-0.06103515625,0.9033203125,-0.15869140625,0.2197265625,-0.439453125,-0.25634765625,0.52490234375,-0.86669921875,-0.3662109375,-0.45166015625,-0.1953125,-0.732421875,0.01220703125,-0.244140625,-0.28076171875,-0.6591796875,-0.146484375,-0.4150390625,-0.0732421875,0.537109375,-0.3662109375,1.35498046875,-0.23193359375,0.537109375,0,-0.25634765625,-0.35400390625,0.74462890625,-0.5126953125,0.68359375,-0.1220703125,0.4638671875,0.01220703125,0.50048828125,-0.28076171875,0.146484375,-0.08544921875,0.29296875,-0.30517578125,1.0498046875,0,0.244140625,-0.4638671875,0.2685546875,-0.15869140625,0.35400390625,-0.20751953125,0.84228515625,0.13427734375,0.048828125,-0.18310546875,1.37939453125,0.09765625,-1.01318359375,0.06103515625,-0.32958984375,0.01220703125,-0.96435546875,-0.15869140625,-0.78125,-0.30517578125,-1.45263671875,-0.09765625,-0.244140625,-0.439453125,-0.3173828125,0.37841796875,-1.23291015625,0.01220703125,-0.9765625,0.06103515625,-0.5615234375,-0.03662109375,-0.732421875,0.28076171875,0,-0.30517578125,-0.7080078125,0.23193359375,-1.4404296875,0.01220703125,-1.0009765625,-0.01220703125,0.42724609375,-0.0244140625,1.42822265625,-0.2197265625,1.15966796875,-0.048828125,0.67138671875,-0.1708984375,0.6103515625,-0.1220703125,0.03662109375,-0.08544921875,0.84228515625,0.03662109375,-0.4638671875,-0.0244140625,-0.5126953125
1,0.634765625,-0.390625,0.29296875,-0.37841796875,-0.25634765625,-0.35400390625,0.08544921875,0.01220703125,0.10986328125,1.1962890625,-0.0732421875,0.18310546875,-0.1220703125,1.86767578125,-0.30517578125,5.126953125,0.06103515625,-0.78125,0.25634765625,-0.29296875,-0.0732421875,0.634765625,0.28076171875,-0.732421875,-0.10986328125,-0.1708984375,-0.2197265625,-0.76904296875,0.10986328125,0.927734375,-0.1708984375,0.2197265625,-0.52490234375,-0.244140625,0.52490234375,-0.8544921875,-0.40283203125,-0.42724609375,-0.15869140625,-0.72021484375,-0.048828125,-0.20751953125,-0.20751953125,-0.64697265625,-0.23193359375,-0.37841796875,-0.0732421875,0.54931640625,-0.390625,1.40380859375,-0.1953125,0.52490234375,-0.06103515625,-0.25634765625,-0.3662109375,0.7568359375,-0.42724609375,0.68359375,-0.03662109375,0.4638671875,-0.1220703125,0.50048828125,-0.25634765625,0.1220703125,-0.15869140625,0.3173828125,-0.25634765625,1.06201171875,0,0.25634765625,-0.4638671875,0.25634765625,-0.18310546875,0.3662109375,-0.23193359375,0.86669921875,0.15869140625,0.048828125,-0.1708984375,1.37939453125,0.15869140625,-1.0009765625,0.1220703125,-0.3173828125,-0.01220703125,-0.9765625,-0.146484375,-0.7568359375,-0.32958984375,-1.46484375,-0.048828125,-0.244140625,-0.28076171875,-0.29296875,0.3662109375,-1.2451171875,0.01220703125,-1.0498046875,0.244140625,-0.57373046875,-0.048828125,-0.78125,0.32958984375,-0.0732421875,-0.45166015625,-0.7080078125,0.1953125,-1.4404296875,-0.0244140625,-0.98876953125,0,0.4150390625,-0.01220703125,1.40380859375,-0.2197265625,1.171875,-0.0732421875,0.68359375,-0.1220703125,0.57373046875,-0.1220703125,0.01220703125,-0.09765625,0.8544921875,0.048828125,-0.439453125,-0.0244140625,-0.5126953125
1,0.57373046875,-0.3662109375,0.30517578125,-0.3662109375,-0.29296875,-0.341796875,0.03662109375,0.03662109375,0.08544921875,1.123046875,-0.08544921875,0.09765625,-0.06103515625,1.8310546875,-0.1953125,4.87060546875,0.13427734375,-0.62255859375,0.146484375,-0.1953125,-0.08544921875,0.74462890625,0.28076171875,-0.634765625,-0.1220703125,-0.146484375,-0.18310546875,-0.76904296875,0.23193359375,0.91552734375,-0.1708984375,0.244140625,-0.6103515625,-0.244140625,0.42724609375,-0.8544921875,-0.37841796875,-0.390625,-0.13427734375,-0.69580078125,-0.0244140625,-0.1953125,-0.10986328125,-0.634765625,-0.32958984375,-0.390625,-0.0244140625,0.5859375,-0.4150390625,1.40380859375,-0.10986328125,0.50048828125,-0.1953125,-0.2197265625,-0.4150390625,0.76904296875,-0.4150390625,0.7080078125,-0.03662109375,0.47607421875,-0.2685546875,0.537109375,-0.28076171875,0.1220703125,-0.23193359375,0.341796875,-0.25634765625,1.0498046875,-0.01220703125,0.244140625,-0.4638671875,0.28076171875,-0.244140625,0.35400390625,-0.2197265625,0.8544921875,0.15869140625,0.0732421875,-0.0732421875,1.37939453125,0.2197265625,-0.9765625,0.1220703125,-0.3173828125,-0.06103515625,-1.01318359375,-0.13427734375,-0.74462890625,-0.29296875,-1.47705078125,-0.0244140625,-0.244140625,-0.08544921875,-0.28076171875,0.28076171875,-1.23291015625,0.01220703125,-1.025390625,0.35400390625,-0.50048828125,-0.10986328125,-0.79345703125,0.29296875,-0.048828125,-0.4638671875,-0.72021484375,0.146484375,-1.4404296875,-0.0732421875,-1.0009765625,0.01220703125,0.42724609375,-0.03662109375,1.2939453125,-0.25634765625,1.08642578125,-0.09765625,0.6103515625,-0.18310546875,0.50048828125,-0.146484375,0.01220703125,-0.08544921875,0.87890625,0.048828125,-0.42724609375,0,-0.48828125
1,0.5859375,-0.35400390625,0.29296875,-0.32958984375,-0.30517578125,-0.3173828125,0.048828125,0.03662109375,0.048828125,0.9765625,-0.1220703125,-0.01220703125,-0.03662109375,1.7333984375,-0.2685546875,4.35791015625,0.1220703125,-0.48828125,-0.03662109375,-0.09765625,-0.15869140625,0.81787109375,0.10986328125,-0.537109375,-0.10986328125,-0.146484375,-0.10986328125,-0.78125,0.28076171875,0.927734375,-0.146484375,0.23193359375,-0.62255859375,-0.244140625,0.439453125,-0.84228515625,-0.3173828125,-0.37841796875,-0.146484375,-0.69580078125,0.03662109375,-0.15869140625,-0.01220703125,-0.64697265625,-0.37841796875,-0.40283203125,0.048828125,0.59814453125,-0.4638671875,1.40380859375,0,0.50048828125,-0.30517578125,-0.2197265625,-0.4638671875,0.78125,-0.42724609375,0.69580078125,-0.0244140625,0.45166015625,-0.30517578125,0.5126953125,-0.28076171875,0.13427734375,-0.244140625,0.35400390625,-0.20751953125,1.07421875,-0.03662109375,0.23193359375,-0.42724609375,0.2685546875,-0.28076171875,0.3662109375,-0.1708984375,0.87890625,0.1708984375,0.048828125,-0.06103515625,1.40380859375,0.29296875,-0.9521484375,0.09765625,-0.32958984375,-0.0732421875,-1.025390625,-0.15869140625,-0.7568359375,-0.244140625,-1.50146484375,-0.01220703125,-0.23193359375,0.1220703125,-0.25634765625,0.1708984375,-1.23291015625,0.03662109375,-0.91552734375,0.4638671875,-0.2685546875,-0.1220703125,-0.732421875,0.2685546875,0.03662109375,-0.35400390625,-0.7080078125,0.03662109375,-1.4404296875,-0.10986328125,-1.0009765625,-0.0244140625,0.42724609375,0,1.123046875,-0.20751953125,0.927734375,-0.0732421875,0.4638671875,-0.01220703125,0.439453125,-0.146484375,0.0244140625,-0.08544921875,0.87890625,0.048828125,-0.439453125,0.01220703125,-0.4638671875
1,0.634765625,-0.3662109375,0.30517578125,-0.28076171875,-0.2685546875,-0.30517578125,0.03662109375,0.048828125,0.06103515625,0.78125,-0.1220703125,-0.2197265625,-0.0244140625,1.57470703125,-0.15869140625,3.5400390625,0.1220703125,-0.3662109375,-0.146484375,0.01220703125,-0.18310546875,0.87890625,-0.06103515625,-0.4638671875,-0.08544921875,-0.13427734375,-0.0244140625,-0.78125,0.30517578125,0.91552734375,-0.09765625,0.23193359375,-0.5615234375,-0.28076171875,0.40283203125,-0.8056640625,-0.244140625,-0.35400390625,-0.1220703125,-0.68359375,0.0732421875,-0.15869140625,0.03662109375,-0.64697265625,-0.40283203125,-0.3662109375,0.1220703125,0.6103515625,-0.439453125,1.3916015625,0.10986328125,0.5126953125,-0.37841796875,-0.18310546875,-0.47607421875,0.78125,-0.341796875,0.68359375,-0.01220703125,0.45166015625,-0.341796875,0.537109375,-0.341796875,0.10986328125,-0.28076171875,0.37841796875,-0.1708984375,1.06201171875,-0.06103515625,0.244140625,-0.40283203125,0.2685546875,-0.28076171875,0.341796875,-0.13427734375,0.86669921875,0.1708984375,0.06103515625,0.0244140625,1.37939453125,0.3173828125,-0.9521484375,0.048828125,-0.32958984375,-0.06103515625,-1.06201171875,-0.1953125,-0.7568359375,-0.15869140625,-1.52587890625,-0.06103515625,-0.23193359375,0.25634765625,-0.25634765625,0.03662109375,-1.23291015625,0.0732421875,-0.69580078125,0.35400390625,0.15869140625,-0.13427734375,-0.5859375,0.1953125,0.2197265625,-0.1708984375,-0.7080078125,-0.13427734375,-1.42822265625,-0.15869140625,-1.01318359375,-0.08544921875,0.439453125,0,0.9033203125,-0.18310546875,0.72021484375,-0.0732421875,0.32958984375,0.03662109375,0.439453125,-0.146484375,0.03662109375,-0.06103515625,0.9033203125,0.03662109375,-0.4150390625,0.01220703125,-0.45166015625
1,0.59814453125,-0.3662109375,0.390625,-0.244140625,-0.28076171875,-0.30517578125,0.0244140625,0.048828125,0.0732421875,0.537109375,-0.13427734375,-0.4150390625,-0.0244140625,1.37939453125,-0.1220703125,2.52685546875,0.0732421875,-0.244140625,-0.15869140625,0.13427734375,-0.13427734375,0.9521484375,-0.1953125,-0.3662109375,-0.09765625,-0.13427734375,0.03662109375,-0.78125,0.244140625,0.93994140625,-0.01220703125,0.23193359375,-0.47607421875,-0.28076171875,0.57373046875,-0.78125,-0.13427734375,-0.32958984375,-0.08544921875,-0.68359375,0.1220703125,-0.13427734375,0.048828125,-0.6591796875,-0.390625,-0.35400390625,0.13427734375,0.634765625,-0.42724609375,1.3427734375,0.244140625,0.52490234375,-0.439453125,-0.13427734375,-0.439453125,0.81787109375,-0.35400390625,0.67138671875,-0.09765625,0.45166015625,-0.341796875,0.54931640625,-0.32958984375,0.10986328125,-0.3173828125,0.37841796875,-0.146484375,1.08642578125,-0.03662109375,0.23193359375,-0.390625,0.2685546875,-0.28076171875,0.35400390625,-0.10986328125,0.830078125,0.1220703125,0.048828125,0.10986328125,1.3671875,0.32958984375,-0.927734375,-0.048828125,-0.32958984375,-0.08544921875,-1.07421875,-0.25634765625,-0.74462890625,-0.06103515625,-1.513671875,-0.1220703125,-0.23193359375,0.29296875,-0.244140625,-0.06103515625,-1.23291015625,0.1708984375,-0.37841796875,0.3173828125,0.74462890625,-0.1220703125,-0.32958984375,0.1220703125,0.48828125,0.01220703125,-0.69580078125,-0.25634765625,-1.416015625,-0.15869140625,-1.0009765625,-0.146484375,0.439453125,0.01220703125,0.732421875,-0.1708984375,0.537109375,-0.0732421875,0.2197265625,0.06103515625,0.537109375,-0.146484375,0.048828125,-0.06103515625,0.91552734375,0.0244140625,-0.4150390625,0.03662109375,-0.42724609375
0,0.6591796875,-0.3662109375,0.32958984375,-0.2197265625,-0.2685546875,-0.30517578125,0.01220703125,0.0244140625,0.0244140625,0.244140625,-0.1220703125,-0.634765625,-0.03662109375,1.1474609375,-0.15869140625,1.42822265625,-0.0244140625,-0.10986328125,-0.20751953125,0.25634765625,-0.244140625,1.01318359375,-0.4150390625,-0.29296875,-0.0732421875,-0.1220703125,0.0732421875,-0.79345703125,0.10986328125,0.9521484375,0.0732421875,0.23193359375,-0.35400390625,-0.2685546875,0.6591796875,-0.78125,-0.0244140625,-0.341796875,-0.048828125,-0.6591796875,0.20751953125,-0.13427734375,0,-0.64697265625,-0.341796875,-0.341796875,0.13427734375,0.62255859375,-0.29296875,1.26953125,0.3173828125,0.537109375,-0.5126953125,-0.09765625,-0.32958984375,0.79345703125,-0.37841796875,0.67138671875,-0.18310546875,0.47607421875,-0.341796875,0.537109375,-0.29296875,0.1220703125,-0.25634765625,0.37841796875,-0.08544921875,1.0986328125,-0.048828125,0.244140625,-0.37841796875,0.25634765625,-0.244140625,0.32958984375,-0.08544921875,0.81787109375,0.09765625,0.048828125,0.1708984375,1.3916015625,0.30517578125,-0.9033203125,-0.13427734375,-0.32958984375,-0.048828125,-1.07421875,-0.32958984375,-0.7568359375,0.03662109375,-1.50146484375,-0.15869140625,-0.2197265625,0.3173828125,-0.244140625,-0.09765625,-1.220703125,0.23193359375,0.0244140625,0.1708984375,1.4892578125,-0.10986328125,-0.0732421875,0.01220703125,0.830078125,0.2197265625,-0.69580078125,-0.3173828125,-1.40380859375,-0.146484375,-1.0009765625,-0.2197265625,0.42724609375,0.03662109375,0.68359375,-0.146484375,0.42724609375,-0.048828125,0.15869140625,0.1220703125,0.81787109375,-0.15869140625,0.048828125,-0.048828125,0.927734375,0.01220703125,-0.390625,0.0244140625,-0.42724609375
0,0.68359375,-0.37841796875,0.4150390625,-0.2197265625,-0.29296875,-0.32958984375,0.01220703125,0.0244140625,0.01220703125,0.0244140625,-0.1220703125,-0.84228515625,0,0.9521484375,-0.13427734375,0.42724609375,-0.15869140625,-0.01220703125,-0.18310546875,0.40283203125,-0.341796875,1.08642578125,-0.5615234375,-0.20751953125,-0.06103515625,-0.13427734375,0.09765625,-0.78125,0.01220703125,0.9521484375,0.146484375,0.244140625,-0.244140625,-0.28076171875,0.732421875,-0.79345703125,0.0732421875,-0.37841796875,-0.03662109375,-0.68359375,0.25634765625,-0.13427734375,-0.03662109375,-0.64697265625,-0.25634765625,-0.341796875,0.048828125,0.6103515625,-0.18310546875,1.20849609375,0.35400390625,0.54931640625,-0.54931640625,-0.10986328125,-0.30517578125,0.78125,-0.42724609375,0.67138671875,-0.25634765625,0.47607421875,-0.3662109375,0.5615234375,-0.29296875,0.10986328125,-0.2197265625,0.390625,-0.048828125,1.08642578125,-0.01220703125,0.244140625,-0.3662109375,0.2685546875,-0.25634765625,0.32958984375,-0.06103515625,0.81787109375,0.1220703125,0.048828125,0.2197265625,1.40380859375,0.28076171875,-0.89111328125,-0.2197265625,-0.32958984375,-0.0244140625,-1.06201171875,-0.3662109375,-0.74462890625,0.1220703125,-1.52587890625,-0.1708984375,-0.2197265625,0.20751953125,-0.244140625,-0.08544921875,-1.23291015625,0.28076171875,0.50048828125,0.18310546875,2.3193359375,-0.1220703125,0.29296875,-0.09765625,1.20849609375,0.30517578125,-0.69580078125,-0.244140625,-1.40380859375,-0.15869140625,-0.98876953125,-0.2685546875,0.45166015625,0.048828125,0.7568359375,-0.10986328125,0.4638671875,-0.06103515625,0.23193359375,0.1220703125,1.26953125,-0.1220703125,0.048828125,-0.0732421875,0.89111328125,0.0244140625,-0.42724609375,0.01220703125,-0.4150390625
0,0.6591796875,-0.37841796875,0.45166015625,-0.20751953125,-0.29296875,-0.35400390625,0.03662109375,0.0244140625,0.01220703125,-0.1708984375,-0.08544921875,-0.9765625,-0.01220703125,0.78125,-0.15869140625,-0.37841796875,-0.2685546875,0.08544921875,-0.1220703125,0.52490234375,-0.4150390625,1.1474609375,-0.5615234375,-0.146484375,-0.048828125,-0.1220703125,0.1220703125,-0.78125,-0.10986328125,0.9521484375,0.146484375,0.244140625,-0.20751953125,-0.29296875,0.8056640625,-0.8056640625,0.13427734375,-0.40283203125,0,-0.69580078125,0.29296875,-0.1708984375,-0.08544921875,-0.64697265625,-0.146484375,-0.35400390625,-0.01220703125,0.6103515625,-0.15869140625,1.171875,0.341796875,0.5615234375,-0.52490234375,-0.146484375,-0.23193359375,0.76904296875,-0.52490234375,0.67138671875,-0.29296875,0.47607421875,-0.32958984375,0.54931640625,-0.25634765625,0.1220703125,-0.1708984375,0.390625,0.01220703125,1.08642578125,0.01220703125,0.2197265625,-0.390625,0.25634765625,-0.18310546875,0.3173828125,0,0.79345703125,0.09765625,0.0244140625,0.23193359375,1.416015625,0.25634765625,-0.89111328125,-0.2685546875,-0.32958984375,-0.01220703125,-1.03759765625,-0.3662109375,-0.78125,0.1220703125,-1.47705078125,-0.1708984375,-0.2197265625,0.0732421875,-0.29296875,-0.03662109375,-1.25732421875,0.3173828125,0.98876953125,0.244140625,3.22265625,-0.06103515625,0.62255859375,-0.1708984375,1.62353515625,0.30517578125,-0.7080078125,-0.03662109375,-1.416015625,-0.1220703125,-0.98876953125,-0.3173828125,0.4638671875,0.09765625,1.0498046875,-0.1220703125,0.7080078125,-0.03662109375,0.42724609375,0.1220703125,1.9287109375,-0.09765625,0.06103515625,-0.08544921875,0.89111328125,0.048828125,-0.42724609375,0,-0.42724609375
0,0.67138671875,-0.37841796875,0.45166015625,-0.20751953125,-0.2685546875,-0.37841796875,-0.01220703125,0.01220703125,-0.0244140625,-0.25634765625,-0.09765625,-1.03759765625,-0.0244140625,0.68359375,-0.18310546875,-0.8056640625,-0.32958984375,0.1953125,0,0.634765625,-0.47607421875,1.1962890625,-0.439453125,-0.08544921875,-0.048828125,-0.146484375,0.08544921875,-0.78125,-0.18310546875,0.93994140625,0.13427734375,0.2685546875,-0.20751953125,-0.28076171875,0.79345703125,-0.8056640625,0.146484375,-0.439453125,-0.0244140625,-0.7080078125,0.3662109375,-0.1953125,-0.08544921875,-0.64697265625,-0.048828125,-0.341796875,-0.0244140625,0.5615234375,-0.09765625,1.1474609375,0.30517578125,0.537109375,-0.52490234375,-0.1708984375,-0.18310546875,0.76904296875,-0.5126953125,0.7080078125,-0.341796875,0.50048828125,-0.2197265625,0.54931640625,-0.18310546875,0.10986328125,-0.10986328125,0.40283203125,0.0244140625,1.0498046875,0.03662109375,0.20751953125,-0.40283203125,0.2685546875,-0.10986328125,0.3173828125,0.01220703125,0.8056640625,0.06103515625,0.03662109375,0.2197265625,1.416015625,0.18310546875,-0.89111328125,-0.28076171875,-0.341796875,0.03662109375,-1.0009765625,-0.28076171875,-0.78125,0.10986328125,-1.4892578125,-0.1708984375,-0.2197265625,-0.048828125,-0.30517578125,0.0244140625,-1.23291015625,0.244140625,1.37939453125,0.28076171875,4.08935546875,-0.06103515625,0.96435546875,-0.1953125,2.001953125,0.244140625,-0.69580078125,0.146484375,-1.40380859375,-0.09765625,-0.98876953125,-0.35400390625,0.45166015625,0.048828125,1.513671875,-0.1220703125,1.11083984375,-0.06103515625,0.732421875,0.0732421875,2.81982421875,-0.09765625,0.0732421875,-0.0732421875,0.86669921875,0.06103515625,-0.48828125,0.01220703125,-0.45166015625
0,0.634765625,-0.37841796875,0.4638671875,-0.2197265625,-0.28076171875,-0.40283203125,0,0.01220703125,0.01220703125,-0.2685546875,-0.0732421875,-1.025390625,-0.03662109375,0.67138671875,-0.2197265625,-0.830078125,-0.35400390625,0.244140625,0.06103515625,0.7080078125,-0.5126953125,1.20849609375,-0.244140625,-0.03662109375,-0.048828125,-0.15869140625,0.048828125,-0.79345703125,-0.2197265625,0.9521484375,0.03662109375,0.244140625,-0.2685546875,-0.30517578125,0.72021484375,-0.8056640625,0.09765625,-0.4638671875,0,-0.732421875,0.35400390625,-0.23193359375,-0.10986328125,-0.64697265625,0.08544921875,-0.37841796875,-0.1220703125,0.537109375,-0.1220703125,1.15966796875,0.244140625,0.537109375,-0.48828125,-0.1953125,-0.18310546875,0.7568359375,-0.6103515625,0.72021484375,-0.30517578125,0.50048828125,-0.25634765625,0.537109375,-0.06103515625,0.10986328125,-0.0732421875,0.40283203125,0.0732421875,1.0498046875,0.06103515625,0.20751953125,-0.439453125,0.25634765625,-0.01220703125,0.30517578125,0.0732421875,0.79345703125,0.03662109375,0.01220703125,0.20751953125,1.40380859375,0.146484375,-0.927734375,-0.25634765625,-0.341796875,0.03662109375,-0.9765625,-0.18310546875,-0.7568359375,0.06103515625,-1.50146484375,-0.18310546875,-0.244140625,-0.18310546875,-0.29296875,0,-1.23291015625,0.1220703125,1.72119140625,0.244140625,4.8583984375,-0.08544921875,1.23291015625,-0.15869140625,2.34375,0.146484375,-0.72021484375,0.30517578125,-1.40380859375,-0.09765625,-1.0009765625,-0.35400390625,0.439453125,0.048828125,2.1484375,-0.0732421875,1.708984375,-0.048828125,1.1962890625,0.146484375,3.84521484375,-0.10986328125,0.08544921875,-0.06103515625,0.8544921875,0.0244140625,-0.48828125,0.01220703125,-0.4638671875
0,0.6103515625,-0.390625,0.5126953125,-0.2197265625,-0.2685546875,-0.40283203125,-0.01220703125,0.01220703125,0,-0.13427734375,-0.10986328125,-0.927734375,-0.06103515625,0.7568359375,-0.23193359375,-0.37841796875,-0.29296875,0.28076171875,0.1220703125,0.732421875,-0.45166015625,1.20849609375,-0.03662109375,-0.03662109375,-0.0732421875,-0.15869140625,-0.01220703125,-0.79345703125,-0.1953125,0.91552734375,-0.10986328125,0.23193359375,-0.32958984375,-0.29296875,0.7080078125,-0.81787109375,0,-0.50048828125,0.0244140625,-0.732421875,0.30517578125,-0.2197265625,-0.03662109375,-0.64697265625,0.1220703125,-0.390625,-0.10986328125,0.52490234375,-0.09765625,1.1474609375,0.15869140625,0.537109375,-0.4638671875,-0.20751953125,-0.18310546875,0.76904296875,-0.62255859375,0.72021484375,-0.2685546875,0.5126953125,-0.18310546875,0.537109375,0.048828125,0.10986328125,0.0732421875,0.390625,0.0732421875,1.03759765625,0.0732421875,0.1953125,-0.42724609375,0.25634765625,0.06103515625,0.3173828125,0.13427734375,0.76904296875,-0.01220703125,0.0244140625,0.20751953125,1.40380859375,0.10986328125,-0.93994140625,-0.20751953125,-0.35400390625,0.0732421875,-0.96435546875,-0.09765625,-0.74462890625,-0.01220703125,-1.4892578125,-0.15869140625,-0.23193359375,-0.1953125,-0.30517578125,-0.0244140625,-1.220703125,-0.01220703125,1.98974609375,0.20751953125,5.4931640625,-0.0732421875,1.47705078125,-0.08544921875,2.587890625,0.0732421875,-0.72021484375,0.4150390625,-1.42822265625,-0.08544921875,-1.0009765625,-0.32958984375,0.42724609375,0.08544921875,2.86865234375,-0.06103515625,2.42919921875,-0.06103515625,1.6845703125,0.0244140625,4.96826171875,-0.09765625,0.06103515625,-0.06103515625,0.81787109375,0,-0.48828125,0.03662109375,-0.48828125
0,0.62255859375,-0.37841796875,0.5126953125,-0.18310546875,-0.28076171875,-0.42724609375,-0.0244140625,0.0244140625,-0.0244140625,0.0732421875,-0.08544921875,-0.74462890625,-0.0732421875,0.9521484375,-0.2197265625,0.47607421875,-0.146484375,0.25634765625,0.1220703125,0.732421875,-0.37841796875,1.171875,0.1708984375,-0.03662109375,-0.09765625,-0.146484375,-0.10986328125,-0.7568359375,-0.1953125,0.9033203125,-0.28076171875,0.244140625,-0.40283203125,-0.28076171875,0.74462890625,-0.79345703125,-0.15869140625,-0.48828125,0.06103515625,-0.732421875,0.23193359375,-0.23193359375,0,-0.634765625,0.08544921875,-0.4150390625,-0.13427734375,0.50048828125,-0.13427734375,1.15966796875,0.048828125,0.52490234375,-0.37841796875,-0.23193359375,-0.1708984375,0.76904296875,-0.634765625,0.74462890625,-0.10986328125,0.52490234375,-0.146484375,0.537109375,0.1220703125,0.10986328125,0.18310546875,0.35400390625,0.09765625,1.0498046875,0.0732421875,0.1708984375,-0.4150390625,0.28076171875,0.0732421875,0.3173828125,0.15869140625,0.81787109375,-0.048828125,0.03662109375,0.20751953125,1.3916015625,0.09765625,-0.9765625,-0.10986328125,-0.341796875,0.13427734375,-0.9765625,-0.048828125,-0.76904296875,-0.08544921875,-1.4892578125,-0.18310546875,-0.244140625,-0.15869140625,-0.29296875,-0.09765625,-1.20849609375,-0.1220703125,2.1484375,0.28076171875,5.92041015625,-0.0732421875,1.62353515625,-0.0244140625,2.74658203125,0.06103515625,-0.7080078125,0.390625,-1.416015625,-0.09765625,-0.98876953125,-0.2685546875,0.439453125,0.06103515625,3.60107421875,-0.048828125,3.22265625,-0.0732421875,2.197265625,0.03662109375,6.09130859375,-0.10986328125,0.06103515625,-0.03662109375,0.830078125,-0.01220703125,-0.5126953125,0.0244140625,-0.5126953125
0,0.62255859375,-0.390625,0.537109375,-0.15869140625,-0.29296875,-0.42724609375,-0.0244140625,0.03662109375,-0.0244140625,0.3662109375,-0.10986328125,-0.47607421875,-0.10986328125,1.220703125,-0.1953125,1.6357421875,-0.01220703125,0.1953125,0.048828125,0.6591796875,-0.25634765625,1.0986328125,0.29296875,-0.08544921875,-0.13427734375,-0.146484375,-0.18310546875,-0.7568359375,-0.1953125,0.91552734375,-0.40283203125,0.23193359375,-0.48828125,-0.29296875,0.7080078125,-0.76904296875,-0.2685546875,-0.47607421875,0.048828125,-0.732421875,0.09765625,-0.2197265625,0.09765625,-0.634765625,-0.048828125,-0.439453125,-0.08544921875,0.5126953125,-0.23193359375,1.1962890625,-0.0732421875,0.52490234375,-0.3173828125,-0.20751953125,-0.15869140625,0.76904296875,-0.59814453125,0.72021484375,0.0244140625,0.52490234375,-0.01220703125,0.5615234375,0.1953125,0.09765625,0.28076171875,0.35400390625,0.15869140625,1.0498046875,0.048828125,0.18310546875,-0.37841796875,0.25634765625,0.1220703125,0.341796875,0.2197265625,0.81787109375,-0.048828125,0.03662109375,0.1953125,1.3916015625,0.10986328125,-0.9765625,-0.0244140625,-0.3173828125,0.13427734375,-0.98876953125,0.01220703125,-0.7568359375,-0.10986328125,-1.513671875,-0.20751953125,-0.25634765625,-0.048828125,-0.25634765625,-0.15869140625,-1.1962890625,-0.23193359375,2.18505859375,0.32958984375,6.1767578125,-0.03662109375,1.69677734375,0.06103515625,2.81982421875,0.08544921875,-0.732421875,0.32958984375,-1.4404296875,-0.0732421875,-1.0009765625,-0.18310546875,0.42724609375,0.0732421875,4.248046875,-0.01220703125,3.9794921875,-0.0732421875,2.67333984375,0.1220703125,7.16552734375,-0.09765625,0.08544921875,-0.03662109375,0.8056640625,0,-0.5126953125,0.01220703125,-0.52490234375
0,0.5859375,-0.3662109375,0.48828125,-0.13427734375,-0.3173828125,-0.40283203125,-0.0244140625,0.03662109375,-0.03662109375,0.72021484375,-0.1220703125,-0.18310546875,-0.1220703125,1.52587890625,-0.13427734375,2.99072265625,0.1708984375,0.1220703125,-0.06103515625,0.537109375,-0.01220703125,0.9765625,0.35400390625,-0.15869140625,-0.2197265625,-0.10986328125,-0.2197265625,-0.7568359375,-0.244140625,0.91552734375,-0.439453125,0.23193359375,-0.537109375,-0.25634765625,0.78125,-0.72021484375,-0.3662109375,-0.4638671875,0.01220703125,-0.72021484375,-0.09765625,-0.20751953125,0.1708984375,-0.634765625,-0.1708984375,-0.439453125,-0.01220703125,0.52490234375,-0.29296875,1.20849609375,-0.146484375,0.5126953125,-0.25634765625,-0.23193359375,-0.13427734375,0.76904296875,-0.537109375,0.69580078125,0.08544921875,0.50048828125,0.10986328125,0.54931640625,0.2197265625,0.10986328125,0.35400390625,0.341796875,0.1708984375,1.07421875,0.048828125,0.15869140625,-0.29296875,0.2685546875,0.1220703125,0.341796875,0.1953125,0.81787109375,-0.0732421875,0.03662109375,0.18310546875,1.3916015625,0.1953125,-0.98876953125,0.01220703125,-0.3173828125,0.13427734375,-1.01318359375,0.01220703125,-0.76904296875,-0.13427734375,-1.513671875,-0.244140625,-0.28076171875,0.1220703125,-0.25634765625,-0.146484375,-1.1962890625,-0.244140625,2.1240234375,0.1953125,6.201171875,-0.03662109375,1.6845703125,0.10986328125,2.783203125,0.1708984375,-0.7080078125,0.20751953125,-1.4404296875,-0.048828125,-1.0009765625,-0.09765625,0.42724609375,0.03662109375,4.79736328125,-0.0244140625,4.638671875,-0.08544921875,3.076171875,0.18310546875,8.0810546875,-0.09765625,0.09765625,-0.03662109375,0.8056640625,-0.01220703125,-0.50048828125,0,-0.5126953125
0,0.52490234375,-0.35400390625,0.48828125,-0.08544921875,-0.30517578125,-0.37841796875,-0.0244140625,0.0244140625,-0.01220703125,1.08642578125,-0.13427734375,0.1220703125,-0.1220703125,1.85546875,-0.146484375,4.4189453125,0.28076171875,-0.01220703125,-0.146484375,0.390625,0.2197265625,0.8544921875,0.30517578125,-0.25634765625,-0.2685546875,-0.09765625,-0.2685546875,-0.7568359375,-0.3173828125,0.927734375,-0.40283203125,0.244140625,-0.634765625,-0.2685546875,0.7568359375,-0.68359375,-0.4150390625,-0.4150390625,-0.048828125,-0.7080078125,-0.29296875,-0.1953125,0.2197265625,-0.634765625,-0.30517578125,-0.4638671875,0.01220703125,0.537109375,-0.32958984375,1.20849609375,-0.2197265625,0.5126953125,-0.2197265625,-0.1953125,-0.13427734375,0.76904296875,-0.50048828125,0.67138671875,0.15869140625,0.47607421875,0.20751953125,0.5615234375,0.18310546875,0.146484375,0.3662109375,0.35400390625,0.1708984375,1.08642578125,0,0.1708984375,-0.244140625,0.28076171875,0.15869140625,0.35400390625,0.2197265625,0.8544921875,-0.09765625,0.0244140625,0.1220703125,1.416015625,0.2685546875,-0.9765625,0.01220703125,-0.3173828125,0.09765625,-1.0498046875,0.01220703125,-0.7568359375,-0.1220703125,-1.5380859375,-0.28076171875,-0.28076171875,0.2685546875,-0.2685546875,-0.1220703125,-1.20849609375,-0.2197265625,2.01416015625,0.0732421875,6.04248046875,-0.048828125,1.611328125,0.146484375,2.685546875,0.23193359375,-0.69580078125,0.03662109375,-1.42822265625,-0.048828125,-1.01318359375,-0.03662109375,0.4150390625,0.0732421875,5.17578125,0.0244140625,5.16357421875,-0.048828125,3.3935546875,0.18310546875,8.837890625,-0.09765625,0.09765625,-0.048828125,0.830078125,0.0244140625,-0.50048828125,-0.0244140625,-0.50048828125
0,0.57373046875,-0.35400390625,0.50048828125,-0.06103515625,-0.29296875,-0.37841796875,-0.048828125,0.03662109375,-0.01220703125,1.4404296875,-0.1220703125,0.42724609375,-0.1220703125,2.18505859375,-0.29296875,5.77392578125,0.35400390625,-0.1220703125,-0.15869140625,0.20751953125,0.37841796875,0.74462890625,0.244140625,-0.35400390625,-0.32958984375,-0.09765625,-0.29296875,-0.7568359375,-0.3662109375,0.9521484375,-0.28076171875,0.244140625,-0.74462890625,-0.25634765625,0.78125,-0.62255859375,-0.47607421875,-0.390625,-0.10986328125,-0.7080078125,-0.4150390625,-0.18310546875,0.1708984375,-0.6591796875,-0.390625,-0.45166015625,0.09765625,0.5615234375,-0.3173828125,1.20849609375,-0.2197265625,0.50048828125,-0.20751953125,-0.15869140625,-0.1708984375,0.79345703125,-0.439453125,0.634765625,0.23193359375,0.439453125,0.29296875,0.5615234375,0.1220703125,0.146484375,0.42724609375,0.32958984375,0.13427734375,1.07421875,-0.03662109375,0.18310546875,-0.18310546875,0.25634765625,0.1953125,0.341796875,0.23193359375,0.830078125,-0.09765625,0.01220703125,0.08544921875,1.40380859375,0.341796875,-0.98876953125,-0.01220703125,-0.30517578125,0.048828125,-1.07421875,0,-0.74462890625,-0.09765625,-1.5380859375,-0.3173828125,-0.2685546875,0.390625,-0.2685546875,-0.10986328125,-1.220703125,-0.146484375,1.8310546875,-0.0732421875,5.74951171875,-0.048828125,1.47705078125,0.15869140625,2.5146484375,0.25634765625,-0.7080078125,-0.09765625,-1.4404296875,-0.08544921875,-1.01318359375,0,0.4150390625,0.06103515625,5.40771484375,0.01220703125,5.48095703125,-0.06103515625,3.5888671875,0.20751953125,9.375,-0.08544921875,0.0732421875,-0.048828125,0.8544921875,0.0244140625,-0.4638671875,-0.048828125,-0.50048828125
0,0.537109375,-0.32958984375,0.5615234375,-0.0244140625,-0.30517578125,-0.3662109375,-0.03662109375,0.01220703125,-0.0244140625,1.7333984375,-0.146484375,0.7080078125,-0.13427734375,2.4658203125,-0.30517578125,6.982421875,0.32958984375,-0.244140625,-0.146484375,0.08544921875,0.50048828125,0.67138671875,0.2197265625,-0.439453125,-0.390625,-0.10986328125,-0.28076171875,-0.76904296875,-0.40283203125,0.96435546875,-0.10986328125,0.244140625,-0.79345703125,-0.2685546875,0.78125,-0.54931640625,-0.47607421875,-0.390625,-0.1220703125,-0.69580078125,-0.45166015625,-0.1708984375,0.0732421875,-0.62255859375,-0.42724609375,-0.45166015625,0.08544921875,0.5859375,-0.25634765625,1.171875,-0.20751953125,0.48828125,-0.2197265625,-0.1220703125,-0.1708984375,0.78125,-0.3662109375,0.62255859375,0.23193359375,0.439453125,0.37841796875,0.57373046875,0.048828125,0.146484375,0.40283203125,0.3173828125,0.1220703125,1.0986328125,-0.06103515625,0.18310546875,-0.1220703125,0.23193359375,0.2197265625,0.35400390625,0.2197265625,0.830078125,-0.146484375,0.01220703125,0.08544921875,1.40380859375,0.390625,-0.9765625,-0.048828125,-0.29296875,0.01220703125,-1.0498046875,-0.03662109375,-0.7568359375,-0.09765625,-1.513671875,-0.29296875,-0.2685546875,0.45166015625,-0.28076171875,-0.0244140625,-1.23291015625,-0.06103515625,1.6357421875,-0.15869140625,5.31005859375,-0.06103515625,1.318359375,0.15869140625,2.33154296875,0.244140625,-0.7080078125,-0.2197265625,-1.4404296875,-0.1220703125,-1.01318359375,0.0244140625,0.439453125,0.0244140625,5.46875,-0.0244140625,5.6396484375,-0.08544921875,3.69873046875,0.10986328125,9.6923828125,-0.09765625,0.0732421875,-0.0244140625,0.8544921875,0.03662109375,-0.42724609375,-0.048828125,-0.48828125
0,0.54931640625,-0.341796875,0.5615234375,0.0244140625,-0.28076171875,-0.3662109375,-0.03662109375,0.01220703125,-0.06103515625,1.9775390625,-0.13427734375,0.93994140625,-0.13427734375,2.685546875,-0.37841796875,7.9345703125,0.20751953125,-0.3173828125,-0.1220703125,-0.01220703125,0.4638671875,0.62255859375,0.13427734375,-0.50048828125,-0.3662109375,-0.1220703125,-0.28076171875,-0.74462890625,-0.37841796875,0.96435546875,0.06103515625,0.244140625,-0.79345703125,-0.2685546875,0.64697265625,-0.48828125,-0.47607421875,-0.37841796875,-0.1220703125,-0.68359375,-0.3662109375,-0.18310546875,-0.09765625,-0.62255859375,-0.439453125,-0.42724609375,0.0732421875,0.57373046875,-0.2197265625,1.18408203125,-0.15869140625,0.48828125,-0.25634765625,-0.13427734375,-0.09765625,0.76904296875,-0.3173828125,0.59814453125,0.2197265625,0.439453125,0.35400390625,0.5859375,0,0.13427734375,0.4150390625,0.30517578125,0.09765625,1.08642578125,-0.048828125,0.2197265625,-0.10986328125,0.244140625,0.25634765625,0.35400390625,0.1708984375,0.87890625,-0.18310546875,-0.01220703125,0.06103515625,1.40380859375,0.42724609375,-0.9765625,-0.08544921875,-0.28076171875,-0.0244140625,-1.03759765625,-0.0732421875,-0.7568359375,-0.048828125,-1.513671875,-0.244140625,-0.28076171875,0.42724609375,-0.29296875,0.048828125,-1.2451171875,0.03662109375,1.45263671875,-0.1953125,4.84619140625,-0.0732421875,1.1474609375,0.15869140625,2.1484375,0.15869140625,-0.7080078125,-0.244140625,-1.45263671875,-0.13427734375,-0.9765625,0.0244140625,0.439453125,0.06103515625,5.419921875,0.0244140625,5.6396484375,-0.0732421875,3.69873046875,0.1953125,9.814453125,-0.10986328125,0.048828125,-0.03662109375,0.86669921875,0.0244140625,-0.439453125,-0.0732421875,-0.47607421875
0,0.59814453125,-0.341796875,0.537109375,0.0732421875,-0.29296875,-0.35400390625,0,0.0244140625,-0.06103515625,2.1484375,-0.13427734375,1.0986328125,-0.13427734375,2.83203125,-0.341796875,8.67919921875,0.03662109375,-0.390625,-0.15869140625,-0.10986328125,0.2685546875,0.6103515625,0.03662109375,-0.54931640625,-0.35400390625,-0.09765625,-0.28076171875,-0.76904296875,-0.341796875,0.96435546875,0.1953125,0.2685546875,-0.69580078125,-0.28076171875,0.62255859375,-0.40283203125,-0.45166015625,-0.390625,-0.1220703125,-0.68359375,-0.2685546875,-0.18310546875,-0.1708984375,-0.64697265625,-0.42724609375,-0.4150390625,0.06103515625,0.5859375,-0.18310546875,1.1474609375,-0.06103515625,0.5126953125,-0.28076171875,-0.13427734375,-0.0732421875,0.7568359375,-0.341796875,0.5859375,0.18310546875,0.45166015625,0.3662109375,0.57373046875,-0.03662109375,0.13427734375,0.40283203125,0.29296875,0.048828125,1.08642578125,-0.0244140625,0.244140625,-0.09765625,0.2197265625,0.28076171875,0.341796875,0.08544921875,0.830078125,-0.18310546875,0,0.0732421875,1.3916015625,0.40283203125,-0.96435546875,-0.09765625,-0.2685546875,-0.06103515625,-1.025390625,-0.13427734375,-0.76904296875,-0.0244140625,-1.47705078125,-0.18310546875,-0.28076171875,0.35400390625,-0.29296875,0.146484375,-1.25732421875,0.08544921875,1.25732421875,-0.10986328125,4.3701171875,-0.08544921875,0.98876953125,0.1220703125,1.98974609375,0.03662109375,-0.72021484375,-0.18310546875,-1.4404296875,-0.146484375,-1.0009765625,0,0.439453125,0.08544921875,5.31005859375,0.03662109375,5.50537109375,-0.06103515625,3.6376953125,0.28076171875,9.765625,-0.1220703125,0.0244140625,-0.048828125,0.87890625,0.03662109375,-0.42724609375,-0.10986328125,-0.42724609375
1,0.5126953125,-0.341796875,0.52490234375,0.09765625,-0.2685546875,-0.37841796875,-0.0244140625,0.03662109375,-0.10986328125,2.2216796875,-0.10986328125,1.1962890625,-0.1220703125,2.880859375,-0.4150390625,9.09423828125,-0.0244140625,-0.42724609375,-0.08544921875,-0.146484375,0.1708984375,0.62255859375,0.048828125,-0.5859375,-0.3173828125,-0.1220703125,-0.244140625,-0.78125,-0.28076171875,0.96435546875,0.2197265625,0.2685546875,-0.52490234375,-0.28076171875,0.64697265625,-0.32958984375,-0.4150390625,-0.37841796875,-0.146484375,-0.69580078125,-0.09765625,-0.18310546875,-0.244140625,-0.62255859375,-0.35400390625,-0.40283203125,-0.03662109375,0.5859375,-0.146484375,1.15966796875,0.01220703125,0.50048828125,-0.25634765625,-0.1708984375,0.01220703125,0.7568359375,-0.3173828125,0.5859375,0.03662109375,0.45166015625,0.341796875,0.54931640625,-0.048828125,0.10986328125,0.390625,0.28076171875,0.0244140625,1.08642578125,-0.03662109375,0.244140625,-0.10986328125,0.23193359375,0.244140625,0.341796875,0,0.84228515625,-0.1953125,0,0.0732421875,1.3916015625,0.32958984375,-0.9521484375,-0.09765625,-0.2685546875,-0.0732421875,-0.9765625,-0.23193359375,-0.76904296875,-0.0244140625,-1.4892578125,-0.09765625,-0.23193359375,0.25634765625,-0.30517578125,0.244140625,-1.28173828125,0.10986328125,1.11083984375,-0.0732421875,3.9306640625,-0.10986328125,0.8544921875,0.048828125,1.81884765625,-0.09765625,-0.69580078125,-0.048828125,-1.45263671875,-0.18310546875,-1.01318359375,-0.06103515625,0.439453125,0.09765625,5.13916015625,0.03662109375,5.28564453125,-0.048828125,3.55224609375,0.1708984375,9.5703125,-0.1220703125,0.03662109375,-0.08544921875,0.86669921875,0.048828125,-0.42724609375,-0.10986328125,-0.42724609375
1,0.32958984375,-0.35400390625,0.48828125,0.1220703125,-0.23193359375,-0.40283203125,-0.03662109375,0.0244140625,-0.1220703125,2.2216796875,-0.10986328125,1.220703125,-0.10986328125,2.880859375,-0.4638671875,9.26513671875,-0.146484375,-0.45166015625,-0.0732421875,-0.15869140625,-0.048828125,0.67138671875,0.01220703125,-0.5859375,-0.244140625,-0.146484375,-0.1708984375,-0.78125,-0.15869140625,0.9521484375,0.1708984375,0.2685546875,-0.40283203125,-0.29296875,0.72021484375,-0.28076171875,-0.32958984375,-0.390625,-0.13427734375,-0.69580078125,0.048828125,-0.1953125,-0.29296875,-0.5859375,-0.244140625,-0.4150390625,-0.10986328125,0.57373046875,-0.08544921875,1.1474609375,0.1220703125,0.50048828125,-0.23193359375,-0.18310546875,0.048828125,0.74462890625,-0.32958984375,0.62255859375,-0.03662109375,0.4638671875,0.29296875,0.52490234375,-0.0244140625,0.1220703125,0.390625,0.28076171875,-0.09765625,1.07421875,-0.048828125,0.244140625,-0.13427734375,0.23193359375,0.1953125,0.3173828125,-0.03662109375,0.8544921875,-0.15869140625,0.01220703125,0.06103515625,1.3916015625,0.20751953125,-0.96435546875,-0.09765625,-0.2685546875,-0.1220703125,-0.9521484375,-0.3173828125,-0.76904296875,-0.03662109375,-1.46484375,0.0244140625,-0.23193359375,0.1708984375,-0.3173828125,0.32958984375,-1.2939453125,0.10986328125,0.98876953125,-0.0244140625,3.60107421875,-0.15869140625,0.7080078125,-0.01220703125,1.67236328125,-0.23193359375,-0.69580078125,0.048828125,-1.4404296875,-0.244140625,-1.01318359375,-0.13427734375,0.42724609375,0.0732421875,4.96826171875,0.0244140625,5.06591796875,-0.0732421875,3.41796875,0.08544921875,9.27734375,-0.15869140625,0.01220703125,-0.08544921875,0.87890625,0.048828125,-0.439453125,-0.15869140625,-0.42724609375
1,0.35400390625,-0.37841796875,0.52490234375,0.1220703125,-0.20751953125,-0.4150390625,-0.048828125,0.01220703125,-0.1220703125,2.18505859375,-0.1220703125,1.1962890625,-0.09765625,2.83203125,-0.50048828125,9.16748046875,-0.1708984375,-0.45166015625,-0.10986328125,-0.1220703125,-0.28076171875,0.74462890625,-0.03662109375,-0.5859375,-0.20751953125,-0.146484375,-0.15869140625,-0.7568359375,-0.06103515625,0.9521484375,0.09765625,0.25634765625,-0.30517578125,-0.28076171875,0.9033203125,-0.23193359375,-0.30517578125,-0.4150390625,-0.10986328125,-0.72021484375,0.13427734375,-0.2197265625,-0.23193359375,-0.57373046875,-0.13427734375,-0.40283203125,-0.18310546875,0.54931640625,-0.048828125,1.1474609375,0.2685546875,0.50048828125,-0.2197265625,-0.1953125,0.0732421875,0.732421875,-0.341796875,0.62255859375,-0.1708984375,0.48828125,0.23193359375,0.52490234375,0.01220703125,0.1220703125,0.3173828125,0.2685546875,-0.1708984375,1.06201171875,-0.06103515625,0.244140625,-0.15869140625,0.244140625,0.146484375,0.3173828125,-0.0732421875,0.81787109375,-0.1220703125,0.0244140625,0.0244140625,1.3671875,0.10986328125,-0.96435546875,-0.09765625,-0.28076171875,-0.1953125,-0.9521484375,-0.390625,-0.7568359375,-0.048828125,-1.46484375,0.06103515625,-0.23193359375,0.10986328125,-0.3173828125,0.35400390625,-1.26953125,0.0732421875,0.91552734375,0.048828125,3.33251953125,-0.18310546875,0.62255859375,-0.0732421875,1.57470703125,-0.28076171875,-0.7080078125,0.13427734375,-1.42822265625,-0.29296875,-1.0009765625,-0.2197265625,0.4150390625,0.08544921875,4.78515625,0,4.79736328125,-0.0732421875,3.271484375,0.03662109375,8.89892578125,-0.15869140625,0.03662109375,-0.0732421875,0.89111328125,0.06103515625,-0.4638671875,-0.18310546875,-0.42724609375
1,0.35400390625,-0.37841796875,0.47607421875,0.10986328125,-0.18310546875,-0.42724609375,-0.06103515625,0.01220703125,-0.09765625,2.0751953125,-0.13427734375,1.07421875,-0.0732421875,2.69775390625,-0.50048828125,8.8623046875,-0.13427734375,-0.4638671875,-0.1220703125,-0.08544921875,-0.40283203125,0.79345703125,-0.08544921875,-0.54931640625,-0.13427734375,-0.15869140625,-0.1220703125,-0.76904296875,0.0244140625,0.93994140625,-0.0244140625,0.25634765625,-0.2685546875,-0.2685546875,1.0009765625,-0.18310546875,-0.2685546875,-0.439453125,-0.03662109375,-0.732421875,0.146484375,-0.23193359375,-0.13427734375,-0.57373046875,-0.03662109375,-0.4150390625,-0.2197265625,0.54931640625,0.06103515625,1.15966796875,0.341796875,0.5126953125,-0.20751953125,-0.1708984375,0.09765625,0.7568359375,-0.3173828125,0.64697265625,-0.244140625,0.50048828125,0.10986328125,0.54931640625,0,0.10986328125,0.20751953125,0.2685546875,-0.2197265625,1.03759765625,-0.048828125,0.244140625,-0.18310546875,0.25634765625,0.09765625,0.30517578125,-0.10986328125,0.830078125,-0.06103515625,0.048828125,0.0244140625,1.3671875,0.01220703125,-0.96435546875,-0.08544921875,-0.29296875,-0.1953125,-0.927734375,-0.3662109375,-0.76904296875,-0.048828125,-1.45263671875,0.0732421875,-0.20751953125,0.06103515625,-0.3173828125,0.32958984375,-1.26953125,0.0732421875,0.84228515625,0.09765625,3.1494140625,-0.18310546875,0.5615234375,-0.10986328125,1.513671875,-0.25634765625,-0.72021484375,0.1708984375,-1.4404296875,-0.32958984375,-1.025390625,-0.25634765625,0.42724609375,0.08544921875,4.62646484375,0,4.5654296875,-0.0732421875,3.11279296875,0.0732421875,8.447265625,-0.1708984375,0.0732421875,-0.0732421875,0.9033203125,0.048828125,-0.4638671875,-0.18310546875,-0.42724609375
1,0.3173828125,-0.37841796875,0.47607421875,0.09765625,-0.15869140625,-0.42724609375,-0.08544921875,0.0244140625,-0.08544921875,1.9287109375,-0.10986328125,0.927734375,-0.0732421875,2.57568359375,-0.50048828125,8.349609375,-0.10986328125,-0.42724609375,-0.2197265625,-0.048828125,-0.50048828125,0.86669921875,-0.146484375,-0.537109375,-0.08544921875,-0.1953125,-0.09765625,-0.7568359375,0.06103515625,0.93994140625,-0.13427734375,0.244140625,-0.32958984375,-0.30517578125,1.06201171875,-0.15869140625,-0.2685546875,-0.45166015625,0.0244140625,-0.732421875,0.1220703125,-0.20751953125,0.03662109375,-0.5615234375,0.0244140625,-0.40283203125,-0.18310546875,0.54931640625,0.08544921875,1.171875,0.35400390625,0.50048828125,-0.2197265625,-0.15869140625,0.03662109375,0.7568359375,-0.3662109375,0.6591796875,-0.20751953125,0.48828125,0.0244140625,0.537109375,-0.0244140625,0.13427734375,0.10986328125,0.28076171875,-0.28076171875,1.0498046875,-0.048828125,0.244140625,-0.23193359375,0.244140625,0.03662109375,0.30517578125,-0.146484375,0.8056640625,0.01220703125,0.0732421875,-0.01220703125,1.35498046875,-0.03662109375,-0.93994140625,-0.09765625,-0.29296875,-0.18310546875,-0.91552734375,-0.341796875,-0.76904296875,-0.03662109375,-1.4404296875,0.06103515625,-0.1708984375,0.09765625,-0.2685546875,0.1953125,-1.23291015625,0.0244140625,0.8056640625,0.09765625,3.03955078125,-0.2197265625,0.5126953125,-0.13427734375,1.45263671875,-0.0732421875,-0.732421875,0.146484375,-1.4404296875,-0.35400390625,-1.03759765625,-0.2685546875,0.439453125,0.09765625,4.443359375,0,4.35791015625,-0.08544921875,2.9541015625,0.08544921875,7.97119140625,-0.20751953125,0.1220703125,-0.0732421875,0.9033203125,0.0244140625,-0.48828125,-0.1953125,-0.439453125
1,0.40283203125,-0.3662109375,0.4638671875,0.09765625,-0.146484375,-0.40283203125,-0.08544921875,0.0244140625,-0.08544921875,1.7578125,-0.09765625,0.72021484375,-0.06103515625,2.40478515625,-0.47607421875,7.70263671875,-0.0244140625,-0.40283203125,-0.2685546875,0.01220703125,-0.50048828125,0.9033203125,-0.18310546875,-0.50048828125,-0.03662109375,-0.18310546875,-0.08544921875,-0.76904296875,0.048828125,0.927734375,-0.18310546875,0.23193359375,-0.3662109375,-0.29296875,1.0986328125,-0.13427734375,-0.25634765625,-0.45166015625,0.08544921875,-0.72021484375,0.06103515625,-0.2197265625,0.1220703125,-0.54931640625,0.048828125,-0.40283203125,-0.146484375,0.537109375,0.08544921875,1.171875,0.30517578125,0.50048828125,-0.1708984375,-0.146484375,0,0.74462890625,-0.48828125,0.68359375,-0.1708984375,0.47607421875,-0.08544921875,0.537109375,0,0.13427734375,0.0244140625,0.25634765625,-0.28076171875,1.03759765625,-0.048828125,0.23193359375,-0.2685546875,0.25634765625,-0.03662109375,0.30517578125,-0.1953125,0.8056640625,0.0732421875,0.08544921875,-0.03662109375,1.37939453125,-0.0732421875,-0.91552734375,-0.1220703125,-0.29296875,-0.13427734375,-0.9521484375,-0.25634765625,-0.732421875,-0.01220703125,-1.45263671875,-0.01220703125,-0.18310546875,0.15869140625,-0.25634765625,0,-1.220703125,-0.01220703125,0.74462890625,0.10986328125,2.94189453125,-0.18310546875,0.4638671875,-0.146484375,1.37939453125,0.13427734375,-0.732421875,0.06103515625,-1.42822265625,-0.341796875,-1.03759765625,-0.2685546875,0.42724609375,0.08544921875,4.26025390625,0.01220703125,4.16259765625,-0.08544921875,2.8076171875,0.2197265625,7.50732421875,-0.23193359375,0.13427734375,-0.10986328125,0.89111328125,0.03662109375,-0.47607421875,-0.18310546875,-0.439453125
1,0.23193359375,-0.35400390625,0.4150390625,0.09765625,-0.13427734375,-0.40283203125,-0.09765625,0.0244140625,-0.09765625,1.55029296875,-0.0732421875,0.5126953125,-0.08544921875,2.20947265625,-0.439453125,6.93359375,0.048828125,-0.35400390625,-0.3662109375,0.0732421875,-0.48828125,0.9521484375,-0.2197265625,-0.42724609375,-0.048828125,-0.1953125,-0.08544921875,-0.7568359375,0,0.93994140625,-0.20751953125,0.244140625,-0.4150390625,-0.28076171875,1.0009765625,-0.146484375,-0.2685546875,-0.4638671875,0.1220703125,-0.7080078125,0.0244140625,-0.2197265625,0.1708984375,-0.54931640625,0.01220703125,-0.40283203125,-0.048828125,0.537109375,0.0244140625,1.18408203125,0.2197265625,0.5126953125,-0.15869140625,-0.13427734375,0,0.76904296875,-0.4638671875,0.68359375,-0.08544921875,0.47607421875,-0.1953125,0.5615234375,0.01220703125,0.13427734375,-0.06103515625,0.2685546875,-0.2685546875,1.03759765625,-0.048828125,0.2197265625,-0.29296875,0.23193359375,-0.0732421875,0.3173828125,-0.1708984375,0.830078125,0.146484375,0.0732421875,-0.08544921875,1.37939453125,-0.0732421875,-0.91552734375,-0.13427734375,-0.30517578125,-0.10986328125,-0.96435546875,-0.1708984375,-0.732421875,0,-1.45263671875,-0.09765625,-0.18310546875,0.1953125,-0.23193359375,-0.20751953125,-1.20849609375,-0.0732421875,0.67138671875,0.1953125,2.77099609375,-0.146484375,0.40283203125,-0.15869140625,1.318359375,0.341796875,-0.732421875,0,-1.42822265625,-0.29296875,-1.03759765625,-0.28076171875,0.439453125,0.09765625,4.06494140625,0.01220703125,3.99169921875,-0.0732421875,2.63671875,0.20751953125,7.09228515625,-0.23193359375,0.13427734375,-0.0732421875,0.89111328125,0,-0.47607421875,-0.18310546875,-0.4638671875
1,0.18310546875,-0.341796875,0.390625,0.13427734375,-0.09765625,-0.3662109375,-0.09765625,0.03662109375,-0.09765625,1.30615234375,-0.06103515625,0.29296875,-0.08544921875,2.01416015625,-0.4150390625,6.0546875,0.13427734375,-0.2685546875,-0.3173828125,0.15869140625,-0.2685546875,0.98876953125,-0.18310546875,-0.3662109375,-0.048828125,-0.18310546875,-0.0732421875,-0.7568359375,-0.1220703125,0.93994140625,-0.2197265625,0.23193359375,-0.439453125,-0.30517578125,0.96435546875,-0.146484375,-0.20751953125,-0.439453125,0.10986328125,-0.7080078125,-0.048828125,-0.20751953125,0.20751953125,-0.57373046875,-0.0244140625,-0.37841796875,0.03662109375,0.54931640625,-0.03662109375,1.171875,0.10986328125,0.5126953125,-0.1708984375,-0.10986328125,0,0.76904296875,-0.54931640625,0.67138671875,0.03662109375,0.45166015625,-0.29296875,0.5859375,0.0732421875,0.146484375,-0.15869140625,0.25634765625,-0.2685546875,1.0498046875,-0.06103515625,0.2197265625,-0.3173828125,0.244140625,-0.15869140625,0.3173828125,-0.244140625,0.79345703125,0.15869140625,0.08544921875,-0.08544921875,1.3916015625,-0.048828125,-0.89111328125,-0.1953125,-0.3173828125,-0.0732421875,-0.96435546875,-0.08544921875,-0.72021484375,0.0244140625,-1.45263671875,-0.1953125,-0.1953125,0.20751953125,-0.244140625,-0.35400390625,-1.20849609375,-0.1220703125,0.537109375,0.146484375,2.5146484375,-0.09765625,0.3173828125,-0.09765625,1.1962890625,0.52490234375,-0.72021484375,-0.08544921875,-1.42822265625,-0.2685546875,-1.03759765625,-0.25634765625,0.439453125,0.10986328125,3.8818359375,0.048828125,3.82080078125,-0.0732421875,2.47802734375,0.20751953125,6.72607421875,-0.2197265625,0.13427734375,-0.08544921875,0.8544921875,0,-0.48828125,-0.1708984375,-0.47607421875
1,0.15869140625,-0.35400390625,0.37841796875,0.18310546875,-0.0732421875,-0.3662109375,-0.1220703125,0.048828125,-0.08544921875,1.07421875,-0.03662109375,0.0732421875,-0.08544921875,1.806640625,-0.40283203125,5.17578125,0.2197265625,-0.18310546875,-0.244140625,0.2197265625,0.06103515625,1.025390625,-0.09765625,-0.30517578125,-0.06103515625,-0.1708984375,-0.1220703125,-0.76904296875,-0.244140625,0.9521484375,-0.1953125,0.23193359375,-0.45166015625,-0.30517578125,0.830078125,-0.15869140625,-0.2197265625,-0.4150390625,0.09765625,-0.72021484375,-0.0732421875,-0.18310546875,0.1708984375,-0.5859375,-0.0732421875,-0.390625,0.06103515625,0.57373046875,-0.06103515625,1.15966796875,0.03662109375,0.5126953125,-0.15869140625,-0.09765625,0.03662109375,0.76904296875,-0.4638671875,0.634765625,0.1220703125,0.45166015625,-0.35400390625,0.5859375,0.15869140625,0.146484375,-0.25634765625,0.28076171875,-0.244140625,1.06201171875,-0.0732421875,0.23193359375,-0.32958984375,0.2197265625,-0.1708984375,0.341796875,-0.20751953125,0.830078125,0.1953125,0.08544921875,-0.1220703125,1.40380859375,0,-0.87890625,-0.20751953125,-0.28076171875,-0.01220703125,-0.98876953125,-0.01220703125,-0.7080078125,0.03662109375,-1.45263671875,-0.25634765625,-0.1953125,0.15869140625,-0.244140625,-0.42724609375,-1.1962890625,-0.20751953125,0.3662109375,0.06103515625,2.1728515625,-0.048828125,0.20751953125,-0.08544921875,1.07421875,0.54931640625,-0.72021484375,-0.08544921875,-1.4404296875,-0.2197265625,-1.03759765625,-0.2197265625,0.439453125,0.09765625,3.6865234375,0.01220703125,3.67431640625,-0.0732421875,2.33154296875,0.20751953125,6.43310546875,-0.23193359375,0.10986328125,-0.08544921875,0.830078125,-0.0244140625,-0.48828125,-0.15869140625,-0.50048828125
1,0.15869140625,-0.32958984375,0.32958984375,0.28076171875,-0.08544921875,-0.35400390625,-0.146484375,0.03662109375,-0.08544921875,0.84228515625,-0.03662109375,-0.13427734375,-0.0732421875,1.611328125,-0.37841796875,4.26025390625,0.20751953125,-0.08544921875,-0.13427734375,0.30517578125,0.20751953125,1.07421875,0,-0.23193359375,-0.08544921875,-0.13427734375,-0.15869140625,-0.7568359375,-0.37841796875,0.96435546875,-0.2197265625,0.244140625,-0.439453125,-0.32958984375,0.78125,-0.18310546875,-0.25634765625,-0.390625,0.146484375,-0.72021484375,-0.06103515625,-0.18310546875,0.13427734375,-0.62255859375,-0.08544921875,-0.40283203125,0.10986328125,0.54931640625,-0.15869140625,1.171875,-0.048828125,0.5126953125,-0.20751953125,-0.1220703125,0.08544921875,0.7568359375,-0.439453125,0.6103515625,0.1953125,0.42724609375,-0.37841796875,0.5859375,0.146484375,0.146484375,-0.29296875,0.29296875,-0.244140625,1.07421875,-0.09765625,0.23193359375,-0.29296875,0.244140625,-0.244140625,0.341796875,-0.18310546875,0.8544921875,0.1708984375,0.048828125,-0.1220703125,1.40380859375,0.0732421875,-0.86669921875,-0.1953125,-0.29296875,0.048828125,-1.0009765625,-0.0244140625,-0.72021484375,0,-1.46484375,-0.25634765625,-0.18310546875,0.0732421875,-0.25634765625,-0.341796875,-1.1962890625,-0.23193359375,0.1708984375,0.048828125,1.6845703125,0,0.06103515625,-0.0244140625,0.87890625,0.50048828125,-0.69580078125,-0.048828125,-1.4404296875,-0.18310546875,-1.03759765625,-0.1953125,0.42724609375,0.09765625,3.50341796875,0.01220703125,3.52783203125,-0.0732421875,2.20947265625,0.18310546875,6.1767578125,-0.244140625,0.09765625,-0.08544921875,0.8056640625,-0.048828125,-0.47607421875,-0.1220703125,-0.50048828125
1,0.1220703125,-0.32958984375,0.32958984375,0.37841796875,-0.09765625,-0.3662109375,-0.15869140625,0.01220703125,-0.09765625,0.62255859375,-0.03662109375,-0.32958984375,-0.0732421875,1.4404296875,-0.35400390625,3.369140625,0.1708984375,-0.01220703125,-0.0244140625,0.390625,0.3662109375,1.11083984375,0.09765625,-0.1953125,-0.08544921875,-0.13427734375,-0.1953125,-0.7568359375,-0.45166015625,0.96435546875,-0.20751953125,0.23193359375,-0.47607421875,-0.30517578125,0.68359375,-0.23193359375,-0.32958984375,-0.390625,0.18310546875,-0.69580078125,-0.08544921875,-0.15869140625,0,-0.634765625,-0.06103515625,-0.390625,0.10986328125,0.54931640625,-0.2197265625,1.171875,-0.13427734375,0.52490234375,-0.23193359375,-0.1220703125,0.146484375,0.76904296875,-0.439453125,0.6103515625,0.2685546875,0.439453125,-0.40283203125,0.59814453125,0.146484375,0.1220703125,-0.341796875,0.32958984375,-0.1953125,1.08642578125,-0.13427734375,0.244140625,-0.2685546875,0.25634765625,-0.30517578125,0.341796875,-0.15869140625,0.84228515625,0.13427734375,0.0244140625,-0.06103515625,1.3916015625,0.15869140625,-0.87890625,-0.15869140625,-0.28076171875,0.048828125,-0.98876953125,-0.0244140625,-0.7080078125,-0.048828125,-1.45263671875,-0.23193359375,-0.1953125,-0.048828125,-0.28076171875,-0.1708984375,-1.20849609375,-0.244140625,-0.0732421875,0.0244140625,1.13525390625,0.03662109375,-0.1220703125,0.09765625,0.68359375,0.3662109375,-0.7080078125,0,-1.4404296875,-0.15869140625,-1.025390625,-0.10986328125,0.439453125,0.10986328125,3.3447265625,0.0244140625,3.35693359375,-0.0732421875,2.11181640625,0.1953125,5.96923828125,-0.244140625,0.0732421875,-0.0732421875,0.8056640625,-0.06103515625,-0.4638671875,-0.10986328125,-0.5126953125
1,0.01220703125,-0.32958984375,0.28076171875,0.52490234375,-0.048828125,-0.37841796875,-0.13427734375,0.01220703125,-0.1220703125,0.390625,-0.01220703125,-0.52490234375,-0.0732421875,1.25732421875,-0.32958984375,2.55126953125,0.1220703125,0.03662109375,0.06103515625,0.45166015625,0.4638671875,1.123046875,0.18310546875,-0.146484375,-0.08544921875,-0.1220703125,-0.23193359375,-0.76904296875,-0.47607421875,0.9765625,-0.20751953125,0.2197265625,-0.42724609375,-0.29296875,0.62255859375,-0.2685546875,-0.40283203125,-0.35400390625,0.18310546875,-0.69580078125,-0.18310546875,-0.146484375,-0.08544921875,-0.64697265625,-0.03662109375,-0.37841796875,0.10986328125,0.5859375,-0.23193359375,1.20849609375,-0.1953125,0.52490234375,-0.25634765625,-0.1220703125,0.1708984375,0.732421875,-0.29296875,0.634765625,0.28076171875,0.4638671875,-0.4150390625,0.57373046875,0.09765625,0.146484375,-0.390625,0.30517578125,-0.146484375,1.0986328125,-0.146484375,0.23193359375,-0.2197265625,0.244140625,-0.35400390625,0.3662109375,-0.09765625,0.86669921875,0.146484375,0.01220703125,-0.0244140625,1.3916015625,0.20751953125,-0.87890625,-0.0732421875,-0.28076171875,0.048828125,-0.98876953125,0,-0.72021484375,-0.1220703125,-1.47705078125,-0.1953125,-0.23193359375,-0.146484375,-0.28076171875,0.06103515625,-1.220703125,-0.244140625,-0.30517578125,0.03662109375,0.5615234375,0.06103515625,-0.28076171875,0.146484375,0.47607421875,0.18310546875,-0.72021484375,0.03662109375,-1.416015625,-0.10986328125,-1.01318359375,-0.06103515625,0.439453125,0.09765625,3.21044921875,0.048828125,3.21044921875,-0.06103515625,2.001953125,0.1953125,5.70068359375,-0.244140625,0.048828125,-0.08544921875,0.8056640625,-0.048828125,-0.45166015625,-0.09765625,-0.48828125
1,-0.06103515625,-0.3173828125,0.20751953125,0.64697265625,-0.06103515625,-0.3662109375,-0.15869140625,0,-0.13427734375,0.20751953125,-0.0244140625,-0.67138671875,-0.06103515625,1.08642578125,-0.32958984375,1.77001953125,0.08544921875,0.08544921875,0.08544921875,0.48828125,0.439453125,1.123046875,0.28076171875,-0.13427734375,-0.0732421875,-0.1220703125,-0.244140625,-0.7568359375,-0.439453125,0.9765625,-0.20751953125,0.23193359375,-0.5126953125,-0.28076171875,0.52490234375,-0.29296875,-0.45166015625,-0.35400390625,0.15869140625,-0.68359375,-0.30517578125,-0.146484375,-0.09765625,-0.67138671875,-0.06103515625,-0.40283203125,0.1220703125,0.57373046875,-0.244140625,1.18408203125,-0.18310546875,0.52490234375,-0.25634765625,-0.146484375,0.15869140625,0.74462890625,-0.23193359375,0.634765625,0.2685546875,0.47607421875,-0.439453125,0.57373046875,-0.0244140625,0.13427734375,-0.37841796875,0.341796875,-0.06103515625,1.11083984375,-0.15869140625,0.2197265625,-0.1953125,0.244140625,-0.35400390625,0.3173828125,-0.0732421875,0.86669921875,0.1220703125,-0.01220703125,0.048828125,1.40380859375,0.244140625,-0.9033203125,0.0244140625,-0.28076171875,0.0244140625,-0.9765625,0.03662109375,-0.72021484375,-0.18310546875,-1.46484375,-0.1220703125,-0.23193359375,-0.18310546875,-0.3173828125,0.25634765625,-1.23291015625,-0.2197265625,-0.50048828125,0.1220703125,0.03662109375,0.08544921875,-0.439453125,0.1708984375,0.28076171875,-0.03662109375,-0.72021484375,0.06103515625,-1.45263671875,-0.1220703125,-1.0009765625,-0.03662109375,0.42724609375,0.10986328125,3.0517578125,0.06103515625,2.978515625,-0.08544921875,1.86767578125,0.32958984375,5.37109375,-0.2197265625,0.048828125,-0.0732421875,0.830078125,-0.03662109375,-0.45166015625,-0.13427734375,-0.48828125
1,-0.09765625,-0.32958984375,0.28076171875,0.78125,-0.01220703125,-0.390625,-0.1708984375,0,-0.15869140625,0.048828125,-0.08544921875,-0.8056640625,-0.08544921875,0.96435546875,-0.37841796875,1.0986328125,0.1220703125,0.06103515625,0.15869140625,0.48828125,0.439453125,1.123046875,0.439453125,-0.146484375,-0.09765625,-0.15869140625,-0.2685546875,-0.7568359375,-0.3173828125,0.96435546875,-0.1708984375,0.23193359375,-0.5859375,-0.2685546875,0.48828125,-0.341796875,-0.4638671875,-0.35400390625,0.10986328125,-0.68359375,-0.390625,-0.15869140625,-0.1220703125,-0.68359375,-0.08544921875,-0.4150390625,0.03662109375,0.5615234375,-0.2685546875,1.18408203125,-0.1220703125,0.5126953125,-0.25634765625,-0.15869140625,0.13427734375,0.7568359375,-0.1220703125,0.634765625,0.32958984375,0.47607421875,-0.40283203125,0.5615234375,-0.06103515625,0.15869140625,-0.40283203125,0.341796875,0,1.11083984375,-0.146484375,0.20751953125,-0.1953125,0.25634765625,-0.3662109375,0.3173828125,-0.048828125,0.87890625,0.10986328125,0,0.06103515625,1.3916015625,0.23193359375,-0.9033203125,0.13427734375,-0.28076171875,-0.01220703125,-0.96435546875,0.10986328125,-0.72021484375,-0.23193359375,-1.46484375,-0.048828125,-0.25634765625,-0.1220703125,-0.3173828125,0.40283203125,-1.2451171875,-0.1708984375,-0.634765625,0.244140625,-0.30517578125,0.08544921875,-0.5615234375,0.18310546875,0.1708984375,-0.23193359375,-0.72021484375,0.06103515625,-1.42822265625,-0.13427734375,-0.98876953125,-0.048828125,0.42724609375,0.0732421875,2.83203125,0.06103515625,2.7099609375,-0.0732421875,1.69677734375,0.3173828125,4.87060546875,-0.2197265625,0.0244140625,-0.06103515625,0.81787109375,-0.01220703125,-0.4638671875,-0.09765625,-0.48828125
0,-0.1220703125,-0.341796875,0.244140625,0.91552734375,-0.01220703125,-0.40283203125,-0.1708984375,0,-0.1220703125,-0.09765625,-0.0732421875,-0.93994140625,-0.09765625,0.830078125,-0.3662109375,0.5126953125,0.1220703125,0.03662109375,0.09765625,0.45166015625,0.4150390625,1.11083984375,0.48828125,-0.18310546875,-0.10986328125,-0.15869140625,-0.28076171875,-0.7568359375,-0.20751953125,0.93994140625,-0.13427734375,0.244140625,-0.732421875,-0.25634765625,0.50048828125,-0.3662109375,-0.48828125,-0.3662109375,0.08544921875,-0.69580078125,-0.4638671875,-0.1708984375,-0.08544921875,-0.68359375,-0.13427734375,-0.4150390625,0.03662109375,0.57373046875,-0.2685546875,1.15966796875,-0.048828125,0.50048828125,-0.25634765625,-0.18310546875,0.09765625,0.74462890625,-0.06103515625,0.67138671875,0.244140625,0.50048828125,-0.3662109375,0.5615234375,-0.13427734375,0.15869140625,-0.37841796875,0.3173828125,0.048828125,1.13525390625,-0.146484375,0.20751953125,-0.15869140625,0.2685546875,-0.37841796875,0.32958984375,-0.0244140625,0.87890625,0.10986328125,0,0.0732421875,1.3916015625,0.20751953125,-0.93994140625,0.23193359375,-0.28076171875,-0.0732421875,-0.98876953125,0.13427734375,-0.74462890625,-0.28076171875,-1.47705078125,0.0244140625,-0.244140625,0.0244140625,-0.30517578125,0.390625,-1.25732421875,-0.13427734375,-0.69580078125,0.2685546875,-0.42724609375,0.0244140625,-0.59814453125,0.1220703125,0.146484375,-0.3662109375,-0.732421875,0,-1.4404296875,-0.1708984375,-0.9765625,-0.1220703125,0.42724609375,0.06103515625,2.5634765625,0.048828125,2.38037109375,-0.0732421875,1.50146484375,0.40283203125,4.21142578125,-0.2197265625,0.06103515625,-0.0244140625,0.830078125,0.01220703125,-0.47607421875,-0.10986328125,-0.48828125
0,-0.15869140625,-0.35400390625,0.20751953125,0.9765625,0.0244140625,-0.390625,-0.146484375,0,-0.1220703125,-0.23193359375,-0.09765625,-1.03759765625,-0.09765625,0.732421875,-0.3662109375,0.03662109375,0.15869140625,-0.03662109375,0.048828125,0.390625,0.40283203125,1.13525390625,0.54931640625,-0.23193359375,-0.13427734375,-0.1708984375,-0.2197265625,-0.74462890625,-0.10986328125,0.93994140625,-0.06103515625,0.23193359375,-0.84228515625,-0.2685546875,0.42724609375,-0.42724609375,-0.42724609375,-0.390625,0.0732421875,-0.7080078125,-0.47607421875,-0.1708984375,0.01220703125,-0.69580078125,-0.1953125,-0.390625,0.03662109375,0.5615234375,-0.18310546875,1.1474609375,0.03662109375,0.5126953125,-0.30517578125,-0.18310546875,0.08544921875,0.78125,-0.01220703125,0.67138671875,0.244140625,0.50048828125,-0.244140625,0.57373046875,-0.18310546875,0.15869140625,-0.341796875,0.3173828125,0.10986328125,1.11083984375,-0.08544921875,0.20751953125,-0.18310546875,0.25634765625,-0.32958984375,0.32958984375,0.03662109375,0.86669921875,0.1220703125,0,0.08544921875,1.3916015625,0.2197265625,-0.93994140625,0.2685546875,-0.29296875,-0.1220703125,-0.9765625,0.146484375,-0.732421875,-0.25634765625,-1.47705078125,0.048828125,-0.2685546875,0.20751953125,-0.29296875,0.3173828125,-1.25732421875,-0.1220703125,-0.6103515625,0.3662109375,-0.25634765625,-0.01220703125,-0.54931640625,0.048828125,0.20751953125,-0.341796875,-0.732421875,-0.09765625,-1.4404296875,-0.20751953125,-0.98876953125,-0.1708984375,0.439453125,0.048828125,2.24609375,0.048828125,2.01416015625,-0.0732421875,1.2451171875,0.50048828125,3.40576171875,-0.2197265625,0.0732421875,-0.01220703125,0.84228515625,0.01220703125,-0.47607421875,-0.0732421875,-0.47607421875
0,-0.2197265625,-0.3662109375,0.2685546875,1.0009765625,0.06103515625,-0.390625,-0.146484375,0.0244140625,-0.09765625,-0.341796875,-0.0732421875,-1.123046875,-0.09765625,0.62255859375,-0.37841796875,-0.37841796875,0.13427734375,-0.0732421875,-0.048828125,0.32958984375,0.35400390625,1.18408203125,0.48828125,-0.29296875,-0.146484375,-0.18310546875,-0.13427734375,-0.7568359375,-0.0244140625,0.927734375,0,0.244140625,-0.9033203125,-0.28076171875,0.439453125,-0.4638671875,-0.390625,-0.390625,0.0732421875,-0.7080078125,-0.48828125,-0.1708984375,0.08544921875,-0.67138671875,-0.28076171875,-0.40283203125,0.0244140625,0.5615234375,-0.08544921875,1.1474609375,0.10986328125,0.52490234375,-0.35400390625,-0.15869140625,0.10986328125,0.78125,-0.0244140625,0.69580078125,0.13427734375,0.4638671875,-0.1708984375,0.59814453125,-0.2197265625,0.18310546875,-0.29296875,0.29296875,0.13427734375,1.0986328125,-0.03662109375,0.1953125,-0.2197265625,0.244140625,-0.25634765625,0.32958984375,0.048828125,0.84228515625,0.09765625,0,0.08544921875,1.3916015625,0.2197265625,-0.96435546875,0.2685546875,-0.30517578125,-0.1220703125,-0.96435546875,0.146484375,-0.7568359375,-0.1953125,-1.46484375,0.03662109375,-0.2685546875,0.40283203125,-0.2685546875,0.18310546875,-1.26953125,-0.06103515625,-0.42724609375,0.37841796875,0.1953125,-0.01220703125,-0.40283203125,0.01220703125,0.37841796875,-0.25634765625,-0.732421875,-0.28076171875,-1.42822265625,-0.25634765625,-0.98876953125,-0.23193359375,0.439453125,0.048828125,1.8798828125,0.08544921875,1.62353515625,-0.08544921875,0.96435546875,0.59814453125,2.5146484375,-0.2197265625,0.0732421875,0,0.830078125,0.01220703125,-0.47607421875,-0.0732421875,-0.4638671875
0,-0.244140625,-0.40283203125,0.2685546875,0.927734375,0.0732421875,-0.390625,-0.15869140625,0.03662109375,-0.146484375,-0.4150390625,-0.06103515625,-1.20849609375,-0.08544921875,0.5615234375,-0.37841796875,-0.72021484375,0.1220703125,-0.048828125,-0.15869140625,0.3173828125,0.341796875,1.33056640625,0.42724609375,-0.25634765625,-0.18310546875,-0.1953125,-0.06103515625,-0.732421875,-0.01220703125,0.927734375,0.03662109375,0.2197265625,-0.89111328125,-0.2685546875,0.439453125,-0.48828125,-0.30517578125,-0.390625,0.048828125,-0.69580078125,-0.439453125,-0.15869140625,0.18310546875,-0.634765625,-0.30517578125,-0.390625,0.06103515625,0.5615234375,0.0244140625,1.13525390625,0.13427734375,0.52490234375,-0.390625,-0.146484375,0.1220703125,0.78125,-0.0244140625,0.7080078125,0.146484375,0.4638671875,-0.13427734375,0.6591796875,-0.2197265625,0.1708984375,-0.1953125,0.28076171875,0.1708984375,1.11083984375,0.01220703125,0.20751953125,-0.25634765625,0.25634765625,-0.146484375,0.341796875,0.06103515625,0.86669921875,0.08544921875,0,0.09765625,1.3916015625,0.2685546875,-0.9765625,0.244140625,-0.30517578125,-0.1220703125,-0.96435546875,0.09765625,-0.74462890625,-0.13427734375,-1.46484375,0,-0.244140625,0.537109375,-0.28076171875,0.0244140625,-1.26953125,-0.0244140625,-0.10986328125,0.390625,0.9521484375,-0.06103515625,-0.1708984375,-0.06103515625,0.68359375,-0.06103515625,-0.732421875,-0.42724609375,-1.42822265625,-0.29296875,-1.01318359375,-0.28076171875,0.439453125,0.0732421875,1.50146484375,0.08544921875,1.18408203125,-0.048828125,0.67138671875,0.64697265625,1.611328125,-0.20751953125,0.048828125,0,0.86669921875,0.0244140625,-0.48828125,-0.0732421875,-0.4638671875
0,-0.3173828125,-0.390625,0.244140625,0.78125,0.0732421875,-0.390625,-0.15869140625,0.048828125,-0.13427734375,-0.48828125,-0.048828125,-1.2451171875,-0.0732421875,0.52490234375,-0.390625,-0.93994140625,0.0732421875,0.06103515625,-0.2197265625,0.37841796875,0.29296875,1.57470703125,0.28076171875,-0.146484375,-0.18310546875,-0.20751953125,-0.01220703125,-0.74462890625,-0.0244140625,0.93994140625,0.1220703125,0.2197265625,-0.732421875,-0.2685546875,0.29296875,-0.48828125,-0.244140625,-0.390625,0,-0.7080078125,-0.37841796875,-0.18310546875,0.23193359375,-0.634765625,-0.29296875,-0.37841796875,0.048828125,0.54931640625,0.10986328125,1.123046875,0.1708984375,0.5126953125,-0.4150390625,-0.13427734375,0.15869140625,0.78125,-0.09765625,0.69580078125,0.15869140625,0.42724609375,-0.06103515625,0.69580078125,-0.1708984375,0.1708984375,-0.10986328125,0.25634765625,0.20751953125,1.06201171875,0.048828125,0.2197265625,-0.2685546875,0.25634765625,-0.048828125,0.35400390625,0.09765625,0.89111328125,0.10986328125,0.01220703125,0.08544921875,1.37939453125,0.2685546875,-0.96435546875,0.15869140625,-0.29296875,-0.146484375,-0.98876953125,0.0244140625,-0.7568359375,-0.01220703125,-1.46484375,-0.06103515625,-0.23193359375,0.6103515625,-0.2685546875,-0.0732421875,-1.28173828125,0.0244140625,0.29296875,0.390625,1.94091796875,-0.0732421875,0.146484375,-0.15869140625,1.08642578125,0.1708984375,-0.7080078125,-0.5126953125,-1.45263671875,-0.3173828125,-1.01318359375,-0.3173828125,0.439453125,0.06103515625,1.15966796875,0.0732421875,0.79345703125,-0.0732421875,0.390625,0.634765625,0.830078125,-0.18310546875,0.06103515625,0.01220703125,0.87890625,0.048828125,-0.47607421875,-0.08544921875,-0.4638671875
0,-0.341796875,-0.40283203125,0.25634765625,0.54931640625,0.08544921875,-0.37841796875,-0.15869140625,0.06103515625,-0.1220703125,-0.537109375,-0.03662109375,-1.30615234375,-0.06103515625,0.52490234375,-0.35400390625,-1.06201171875,-0.01220703125,0.29296875,-0.29296875,0.5615234375,0.2197265625,1.94091796875,0.06103515625,0.08544921875,-0.15869140625,-0.18310546875,0.0244140625,-0.7568359375,-0.0732421875,0.9521484375,0.18310546875,0.23193359375,-0.5126953125,-0.25634765625,0.439453125,-0.54931640625,-0.13427734375,-0.390625,-0.0732421875,-0.69580078125,-0.30517578125,-0.1708984375,0.2197265625,-0.6103515625,-0.28076171875,-0.3662109375,0.048828125,0.537109375,0.0732421875,1.13525390625,0.15869140625,0.50048828125,-0.439453125,-0.146484375,0.1708984375,0.78125,-0.15869140625,0.67138671875,0.13427734375,0.42724609375,-0.048828125,0.72021484375,-0.06103515625,0.1708984375,0.048828125,0.2197265625,0.18310546875,1.08642578125,0.048828125,0.244140625,-0.28076171875,0.25634765625,-0.03662109375,0.3662109375,0.1220703125,0.87890625,0.10986328125,0.03662109375,0.03662109375,1.3916015625,0.244140625,-0.96435546875,0.03662109375,-0.30517578125,-0.146484375,-1.0009765625,-0.048828125,-0.732421875,0.0732421875,-1.46484375,-0.13427734375,-0.2197265625,0.5859375,-0.28076171875,-0.09765625,-1.28173828125,0.08544921875,0.72021484375,0.3662109375,3.01513671875,-0.09765625,0.5126953125,-0.1953125,1.50146484375,0.32958984375,-0.72021484375,-0.50048828125,-1.45263671875,-0.32958984375,-1.01318359375,-0.35400390625,0.42724609375,0.06103515625,0.91552734375,0.0732421875,0.52490234375,-0.06103515625,0.1953125,0.69580078125,0.2685546875,-0.18310546875,0.048828125,0.01220703125,0.89111328125,0.0244140625,-0.4638671875,-0.1220703125,-0.45166015625
0,-0.4150390625,-0.37841796875,0.23193359375,0.3173828125,0.08544921875,-0.37841796875,-0.18310546875,0.048828125,-0.1220703125,-0.5126953125,0,-1.2939453125,-0.048828125,0.54931640625,-0.341796875,-1.13525390625,-0.08544921875,0.6591796875,-0.29296875,0.87890625,0.1953125,2.50244140625,-0.13427734375,0.390625,-0.10986328125,-0.1708984375,0.01220703125,-0.7568359375,-0.146484375,0.927734375,0.23193359375,0.2197265625,-0.30517578125,-0.28076171875,0.35400390625,-0.54931640625,-0.01220703125,-0.4150390625,-0.10986328125,-0.7080078125,-0.23193359375,-0.18310546875,0.20751953125,-0.6103515625,-0.20751953125,-0.3662109375,0.048828125,0.5615234375,0,1.15966796875,0.15869140625,0.50048828125,-0.439453125,-0.1220703125,0.13427734375,0.74462890625,-0.2197265625,0.634765625,0.13427734375,0.42724609375,-0.03662109375,0.72021484375,0.0732421875,0.15869140625,0.18310546875,0.1953125,0.1708984375,1.06201171875,0.01220703125,0.2685546875,-0.23193359375,0.23193359375,-0.01220703125,0.3662109375,0.1708984375,0.89111328125,0.10986328125,0.03662109375,0,1.37939453125,0.244140625,-0.93994140625,-0.0732421875,-0.29296875,-0.15869140625,-1.0009765625,-0.10986328125,-0.732421875,0.13427734375,-1.4404296875,-0.1708984375,-0.20751953125,0.50048828125,-0.28076171875,-0.09765625,-1.2939453125,0.08544921875,1.220703125,0.29296875,4.11376953125,-0.09765625,0.927734375,-0.2685546875,1.94091796875,0.390625,-0.72021484375,-0.37841796875,-1.45263671875,-0.32958984375,-1.0009765625,-0.37841796875,0.439453125,0.08544921875,0.79345703125,0.08544921875,0.37841796875,-0.0732421875,0.1220703125,0.7080078125,0.03662109375,-0.1708984375,0.03662109375,-0.03662109375,0.927734375,0.0244140625,-0.45166015625,-0.146484375,-0.47607421875
0,-0.47607421875,-0.3662109375,0.1708984375,0.03662109375,0.09765625,-0.37841796875,-0.18310546875,0.048828125,-0.10986328125,-0.50048828125,0,-1.2451171875,-0.06103515625,0.54931640625,-0.28076171875,-1.07421875,-0.10986328125,1.1962890625,-0.25634765625,1.3427734375,0.10986328125,3.1494140625,-0.244140625,0.8056640625,-0.0244140625,-0.1708984375,-0.01220703125,-0.76904296875,-0.20751953125,0.96435546875,0.23193359375,0.23193359375,-0.13427734375,-0.29296875,0.32958984375,-0.5859375,0.03662109375,-0.40283203125,-0.0732421875,-0.7080078125,-0.146484375,-0.1953125,0.15869140625,-0.6103515625,-0.08544921875,-0.37841796875,0.0244140625,0.57373046875,-0.0732421875,1.18408203125,0.146484375,0.47607421875,-0.439453125,-0.146484375,0.10986328125,0.74462890625,-0.23193359375,0.634765625,0.13427734375,0.45166015625,0.01220703125,0.69580078125,0.244140625,0.13427734375,0.2685546875,0.18310546875,0.18310546875,1.06201171875,0.0244140625,0.2685546875,-0.18310546875,0.2197265625,0.01220703125,0.3662109375,0.18310546875,0.93994140625,0.09765625,0.048828125,-0.06103515625,1.37939453125,0.244140625,-0.91552734375,-0.146484375,-0.28076171875,-0.146484375,-1.0009765625,-0.0732421875,-0.732421875,0.13427734375,-1.42822265625,-0.15869140625,-0.18310546875,0.3662109375,-0.29296875,-0.048828125,-1.2939453125,0.1220703125,1.66015625,0.28076171875,5.126953125,-0.09765625,1.30615234375,-0.244140625,2.35595703125,0.3662109375,-0.72021484375,-0.1953125,-1.45263671875,-0.341796875,-1.0009765625,-0.390625,0.439453125,0.03662109375,0.8544921875,0.03662109375,0.45166015625,-0.08544921875,0.18310546875,0.6103515625,0.23193359375,-0.15869140625,0.06103515625,-0.03662109375,0.93994140625,0,-0.439453125,-0.13427734375,-0.47607421875
0,-0.47607421875,-0.37841796875,0.146484375,-0.1708984375,0.13427734375,-0.37841796875,-0.1953125,0.03662109375,-0.10986328125,-0.4638671875,0,-1.20849609375,-0.048828125,0.59814453125,-0.30517578125,-0.93994140625,-0.15869140625,1.806640625,-0.244140625,1.91650390625,-0.06103515625,3.90625,-0.28076171875,1.30615234375,0.06103515625,-0.146484375,-0.048828125,-0.7568359375,-0.29296875,0.96435546875,0.18310546875,0.244140625,-0.13427734375,-0.28076171875,0.40283203125,-0.59814453125,-0.01220703125,-0.45166015625,-0.0244140625,-0.7080078125,-0.08544921875,-0.20751953125,0.09765625,-0.62255859375,0.048828125,-0.37841796875,-0.0244140625,0.5859375,-0.20751953125,1.20849609375,0.09765625,0.48828125,-0.42724609375,-0.1953125,0.048828125,0.7080078125,-0.2197265625,0.62255859375,0.1708984375,0.45166015625,0.03662109375,0.68359375,0.37841796875,0.10986328125,0.3173828125,0.18310546875,0.18310546875,1.06201171875,0,0.29296875,-0.1220703125,0.2197265625,0.01220703125,0.37841796875,0.18310546875,0.9521484375,0.08544921875,0.06103515625,-0.0732421875,1.37939453125,0.2197265625,-0.9033203125,-0.1708984375,-0.28076171875,-0.08544921875,-1.0009765625,-0.01220703125,-0.732421875,0.10986328125,-1.4404296875,-0.146484375,-0.18310546875,0.2197265625,-0.30517578125,0.01220703125,-1.2939453125,0.01220703125,2.05078125,0.20751953125,5.9814453125,-0.10986328125,1.611328125,-0.2197265625,2.72216796875,0.23193359375,-0.72021484375,-0.01220703125,-1.45263671875,-0.341796875,-1.01318359375,-0.35400390625,0.439453125,0.06103515625,1.13525390625,0.03662109375,0.7080078125,-0.0732421875,0.390625,0.64697265625,0.8544921875,-0.146484375,0.048828125,-0.0732421875,0.927734375,0,-0.45166015625,-0.146484375,-0.4638671875
0,-0.52490234375,-0.35400390625,0.1220703125,-0.37841796875,0.1220703125,-0.4150390625,-0.23193359375,0.048828125,-0.09765625,-0.390625,0.0244140625,-1.1474609375,-0.06103515625,0.6591796875,-0.29296875,-0.74462890625,-0.1953125,2.490234375,-0.25634765625,2.5146484375,-0.13427734375,4.67529296875,-0.25634765625,1.8310546875,0.13427734375,-0.1220703125,-0.09765625,-0.76904296875,-0.32958984375,0.9521484375,0.10986328125,0.244140625,-0.1953125,-0.30517578125,0.4150390625,-0.634765625,-0.0732421875,-0.4638671875,0.03662109375,-0.7080078125,-0.01220703125,-0.20751953125,0.0732421875,-0.62255859375,0.20751953125,-0.390625,-0.048828125,0.5859375,-0.2197265625,1.20849609375,0.0244140625,0.47607421875,-0.40283203125,-0.1953125,0.01220703125,0.72021484375,-0.146484375,0.6103515625,0.15869140625,0.50048828125,0.13427734375,0.6103515625,0.45166015625,0.09765625,0.35400390625,0.1708984375,0.18310546875,1.06201171875,-0.03662109375,0.29296875,-0.048828125,0.2197265625,0.06103515625,0.35400390625,0.2197265625,0.93994140625,0.06103515625,0.0732421875,-0.09765625,1.37939453125,0.1953125,-0.9033203125,-0.146484375,-0.2685546875,-0.06103515625,-1.01318359375,0.03662109375,-0.72021484375,0.06103515625,-1.4404296875,-0.1220703125,-0.18310546875,0.06103515625,-0.30517578125,0,-1.2939453125,-0.10986328125,2.30712890625,0.1708984375,6.54296875,-0.08544921875,1.8310546875,-0.1708984375,2.9541015625,0.1220703125,-0.7080078125,0.1708984375,-1.45263671875,-0.341796875,-0.98876953125,-0.29296875,0.45166015625,0.048828125,1.5625,0.0244140625,1.18408203125,-0.06103515625,0.7568359375,0.69580078125,1.8798828125,-0.146484375,0.06103515625,-0.06103515625,0.91552734375,0.01220703125,-0.45166015625,-0.13427734375,-0.4638671875
0,-0.537109375,-0.35400390625,0.08544921875,-0.48828125,0.13427734375,-0.4150390625,-0.2197265625,0.048828125,-0.0732421875,-0.32958984375,0.0244140625,-1.06201171875,-0.048828125,0.69580078125,-0.2685546875,-0.5126953125,-0.1220703125,3.16162109375,-0.2197265625,3.1494140625,-0.1220703125,5.419921875,-0.08544921875,2.3193359375,0.146484375,-0.1220703125,-0.1220703125,-0.76904296875,-0.30517578125,0.9521484375,0,0.23193359375,-0.2685546875,-0.3173828125,0.439453125,-0.6591796875,-0.18310546875,-0.47607421875,0.0732421875,-0.69580078125,-0.01220703125,-0.244140625,0.08544921875,-0.6591796875,0.29296875,-0.40283203125,-0.03662109375,0.5859375,-0.30517578125,1.220703125,-0.03662109375,0.47607421875,-0.35400390625,-0.18310546875,0.01220703125,0.72021484375,-0.10986328125,0.634765625,0.23193359375,0.5126953125,0.1708984375,0.54931640625,0.42724609375,0.10986328125,0.3662109375,0.1708984375,0.1708984375,1.06201171875,-0.048828125,0.29296875,0.03662109375,0.20751953125,0.09765625,0.3662109375,0.18310546875,0.9521484375,0.048828125,0.08544921875,-0.09765625,1.35498046875,0.15869140625,-0.9033203125,-0.06103515625,-0.2685546875,-0.0244140625,-0.98876953125,0.08544921875,-0.7080078125,-0.0244140625,-1.4404296875,-0.09765625,-0.18310546875,-0.06103515625,-0.3173828125,-0.048828125,-1.25732421875,-0.244140625,2.42919921875,0.13427734375,6.84814453125,-0.048828125,1.94091796875,-0.09765625,3.1005859375,0.048828125,-0.7080078125,0.2197265625,-1.46484375,-0.30517578125,-1.025390625,-0.244140625,0.42724609375,0.06103515625,2.1728515625,0.03662109375,1.81884765625,-0.048828125,1.23291015625,0.537109375,3.22265625,-0.1708984375,0.08544921875,-0.048828125,0.9033203125,0.01220703125,-0.4638671875,-0.1220703125,-0.439453125
0,-0.59814453125,-0.35400390625,0.10986328125,-0.50048828125,0.13427734375,-0.42724609375,-0.2197265625,0.0244140625,-0.1220703125,-0.244140625,-0.01220703125,-1.03759765625,-0.06103515625,0.76904296875,-0.29296875,-0.32958984375,-0.06103515625,3.79638671875,-0.1953125,3.6865234375,-0.06103515625,6.0546875,0.09765625,2.8076171875,0.15869140625,-0.13427734375,-0.15869140625,-0.79345703125,-0.32958984375,0.93994140625,-0.146484375,0.2197265625,-0.4150390625,-0.35400390625,0.390625,-0.7080078125,-0.25634765625,-0.48828125,0.08544921875,-0.69580078125,-0.0732421875,-0.20751953125,0.13427734375,-0.68359375,0.29296875,-0.4150390625,0.06103515625,0.57373046875,-0.390625,1.23291015625,-0.03662109375,0.48828125,-0.30517578125,-0.18310546875,-0.0244140625,0.72021484375,-0.03662109375,0.62255859375,0.244140625,0.5126953125,0.2197265625,0.50048828125,0.3662109375,0.1220703125,0.390625,0.20751953125,0.1708984375,1.08642578125,-0.06103515625,0.28076171875,0.0732421875,0.23193359375,0.1708984375,0.35400390625,0.15869140625,0.93994140625,0,0.09765625,-0.06103515625,1.37939453125,0.10986328125,-0.9033203125,0.0244140625,-0.30517578125,0.01220703125,-0.9765625,0.1220703125,-0.72021484375,-0.0732421875,-1.45263671875,-0.1220703125,-0.20751953125,-0.06103515625,-0.30517578125,-0.08544921875,-1.2451171875,-0.37841796875,2.4658203125,0.10986328125,6.8359375,-0.03662109375,1.94091796875,-0.0732421875,3.1005859375,0.06103515625,-0.7080078125,0.1953125,-1.45263671875,-0.2685546875,-1.01318359375,-0.18310546875,0.4150390625,0.01220703125,2.89306640625,0,2.6123046875,-0.08544921875,1.81884765625,0.47607421875,4.77294921875,-0.1708984375,0.08544921875,-0.0732421875,0.8544921875,0,-0.45166015625,-0.13427734375,-0.439453125
0,-0.62255859375,-0.341796875,0.03662109375,-0.47607421875,0.13427734375,-0.42724609375,-0.2197265625,0.01220703125,-0.06103515625,-0.1953125,0,-0.96435546875,-0.048828125,0.76904296875,-0.2197265625,-0.1708984375,0.01220703125,4.2724609375,-0.146484375,4.150390625,-0.10986328125,6.57958984375,0.2685546875,3.1494140625,0.10986328125,-0.13427734375,-0.18310546875,-0.78125,-0.32958984375,0.9521484375,-0.29296875,0.2197265625,-0.50048828125,-0.3173828125,0.4150390625,-0.74462890625,-0.35400390625,-0.4638671875,0.10986328125,-0.68359375,-0.1953125,-0.20751953125,0.1953125,-0.67138671875,0.2197265625,-0.4150390625,0.06103515625,0.5859375,-0.439453125,1.220703125,-0.03662109375,0.50048828125,-0.18310546875,-0.18310546875,-0.0732421875,0.732421875,0.06103515625,0.634765625,0.30517578125,0.50048828125,0.32958984375,0.42724609375,0.3173828125,0.13427734375,0.37841796875,0.23193359375,0.1220703125,1.0986328125,-0.06103515625,0.2685546875,0.06103515625,0.20751953125,0.2197265625,0.35400390625,0.06103515625,0.96435546875,-0.0244140625,0.09765625,-0.0732421875,1.35498046875,0.08544921875,-0.9033203125,0.10986328125,-0.30517578125,0.0244140625,-0.98876953125,0.13427734375,-0.72021484375,-0.09765625,-1.47705078125,-0.146484375,-0.2197265625,0.048828125,-0.3173828125,-0.146484375,-1.220703125,-0.439453125,2.35595703125,0.0244140625,6.57958984375,0.01220703125,1.806640625,-0.06103515625,2.99072265625,0.13427734375,-0.7080078125,0.09765625,-1.42822265625,-0.23193359375,-1.01318359375,-0.1220703125,0.40283203125,0.0244140625,3.64990234375,0.03662109375,3.43017578125,-0.06103515625,2.40478515625,0.4638671875,6.35986328125,-0.18310546875,0.09765625,-0.08544921875,0.84228515625,0,-0.4638671875,-0.13427734375,-0.45166015625
0,-0.62255859375,-0.35400390625,0.0244140625,-0.37841796875,0.18310546875,-0.42724609375,-0.2197265625,0,-0.048828125,-0.15869140625,0.0244140625,-0.93994140625,-0.03662109375,0.79345703125,-0.1953125,-0.0732421875,0.10986328125,4.57763671875,-0.09765625,4.4189453125,-0.048828125,6.94580078125,0.439453125,3.35693359375,0,-0.13427734375,-0.20751953125,-0.7568359375,-0.341796875,0.98876953125,-0.37841796875,0.23193359375,-0.59814453125,-0.3173828125,0.50048828125,-0.78125,-0.40283203125,-0.439453125,0.1220703125,-0.7080078125,-0.40283203125,-0.1953125,0.244140625,-0.67138671875,0.0732421875,-0.4150390625,0.13427734375,0.5615234375,-0.45166015625,1.20849609375,0.01220703125,0.5126953125,-0.1708984375,-0.1708984375,-0.09765625,0.732421875,0.146484375,0.64697265625,0.37841796875,0.48828125,0.390625,0.37841796875,0.2685546875,0.13427734375,0.35400390625,0.2197265625,0.09765625,1.06201171875,-0.09765625,0.25634765625,0.0732421875,0.2197265625,0.20751953125,0.32958984375,-0.01220703125,0.96435546875,-0.048828125,0.08544921875,-0.0244140625,1.37939453125,0.0732421875,-0.91552734375,0.1708984375,-0.3173828125,0,-0.9521484375,0.13427734375,-0.732421875,-0.08544921875,-1.4892578125,-0.1708984375,-0.2197265625,0.20751953125,-0.29296875,-0.20751953125,-1.20849609375,-0.45166015625,2.13623046875,-0.0732421875,6.11572265625,-0.01220703125,1.62353515625,-0.0732421875,2.783203125,0.20751953125,-0.7080078125,-0.0732421875,-1.45263671875,-0.20751953125,-1.01318359375,-0.09765625,0.4150390625,0.01220703125,4.3701171875,0.0244140625,4.248046875,-0.06103515625,2.978515625,0.40283203125,7.8857421875,-0.18310546875,0.10986328125,-0.09765625,0.81787109375,-0.0244140625,-0.48828125,-0.15869140625,-0.47607421875
1,-0.6591796875,-0.32958984375,-0.048828125,-0.244140625,0.1953125,-0.45166015625,-0.20751953125,0.01220703125,-0.09765625,-0.146484375,-0.01220703125,-0.927734375,-0.08544921875,0.79345703125,-0.23193359375,-0.06103515625,0.13427734375,4.74853515625,-0.0732421875,4.57763671875,0.10986328125,7.1044921875,0.42724609375,3.43017578125,-0.1220703125,-0.146484375,-0.15869140625,-0.732421875,-0.4150390625,0.98876953125,-0.4150390625,0.2197265625,-0.67138671875,-0.30517578125,0.4150390625,-0.8056640625,-0.45166015625,-0.42724609375,0.10986328125,-0.7080078125,-0.57373046875,-0.1953125,0.3173828125,-0.68359375,-0.0732421875,-0.390625,0.1220703125,0.54931640625,-0.390625,1.18408203125,0.06103515625,0.54931640625,-0.15869140625,-0.146484375,-0.08544921875,0.7568359375,0.1953125,0.67138671875,0.35400390625,0.4638671875,0.37841796875,0.3662109375,0.30517578125,0.13427734375,0.37841796875,0.25634765625,0.01220703125,1.07421875,-0.1220703125,0.25634765625,0.0732421875,0.244140625,0.20751953125,0.32958984375,-0.0732421875,0.93994140625,-0.08544921875,0.08544921875,-0.0244140625,1.37939453125,0.13427734375,-0.927734375,0.1953125,-0.3173828125,-0.01220703125,-0.96435546875,0.1708984375,-0.732421875,-0.048828125,-1.5380859375,-0.1953125,-0.23193359375,0.3662109375,-0.29296875,-0.2197265625,-1.18408203125,-0.439453125,1.8798828125,-0.13427734375,5.50537109375,-0.01220703125,1.3671875,-0.09765625,2.50244140625,0.244140625,-0.7080078125,-0.2197265625,-1.4404296875,-0.1953125,-1.01318359375,-0.03662109375,0.42724609375,-0.0244140625,5.01708984375,0.0244140625,4.96826171875,-0.08544921875,3.466796875,0.42724609375,9.16748046875,-0.1953125,0.10986328125,-0.06103515625,0.79345703125,-0.03662109375,-0.50048828125,-0.15869140625,-0.45166015625
1,-0.69580078125,-0.341796875,-0.1708984375,-0.10986328125,0.2197265625,-0.42724609375,-0.20751953125,0.0244140625,-0.0732421875,-0.1220703125,0,-0.927734375,-0.06103515625,0.79345703125,-0.18310546875,-0.09765625,0.1220703125,4.7119140625,-0.03662109375,4.5654296875,0.32958984375,7.09228515625,0.439453125,3.3935546875,-0.23193359375,-0.15869140625,-0.146484375,-0.74462890625,-0.47607421875,0.96435546875,-0.35400390625,0.20751953125,-0.72021484375,-0.29296875,0.390625,-0.8056640625,-0.4638671875,-0.40283203125,0.09765625,-0.72021484375,-0.72021484375,-0.18310546875,0.30517578125,-0.6591796875,-0.18310546875,-0.40283203125,0.146484375,0.54931640625,-0.28076171875,1.18408203125,0.09765625,0.54931640625,-0.09765625,-0.1220703125,-0.09765625,0.7568359375,0.15869140625,0.67138671875,0.37841796875,0.4638671875,0.3173828125,0.40283203125,0.341796875,0.13427734375,0.341796875,0.28076171875,-0.08544921875,1.07421875,-0.1220703125,0.244140625,0.0732421875,0.244140625,0.146484375,0.32958984375,-0.1220703125,0.96435546875,-0.06103515625,0.0732421875,-0.01220703125,1.40380859375,0.1953125,-0.927734375,0.1953125,-0.35400390625,-0.06103515625,-0.9765625,0.1708984375,-0.732421875,-0.0244140625,-1.55029296875,-0.20751953125,-0.2197265625,0.47607421875,-0.2685546875,-0.1953125,-1.18408203125,-0.35400390625,1.55029296875,-0.18310546875,4.833984375,0,1.08642578125,-0.10986328125,2.2216796875,0.28076171875,-0.7080078125,-0.37841796875,-1.42822265625,-0.2197265625,-1.01318359375,-0.0244140625,0.42724609375,0,5.52978515625,0.048828125,5.56640625,-0.06103515625,3.8330078125,0.439453125,10.19287109375,-0.18310546875,0.1220703125,-0.09765625,0.8056640625,-0.06103515625,-0.5126953125,-0.15869140625,-0.47607421875
1,-0.68359375,-0.3173828125,-0.13427734375,0,0.2197265625,-0.4150390625,-0.20751953125,0.03662109375,-0.10986328125,-0.1220703125,-0.0244140625,-0.93994140625,-0.048828125,0.79345703125,-0.2197265625,-0.18310546875,0.08544921875,4.57763671875,0.0244140625,4.4189453125,0.4150390625,6.94580078125,0.40283203125,3.3203125,-0.32958984375,-0.15869140625,-0.146484375,-0.76904296875,-0.48828125,0.9521484375,-0.23193359375,0.20751953125,-0.7080078125,-0.30517578125,0.09765625,-0.79345703125,-0.42724609375,-0.42724609375,0.03662109375,-0.732421875,-0.81787109375,-0.20751953125,0.244140625,-0.6591796875,-0.28076171875,-0.390625,0.15869140625,0.52490234375,-0.1708984375,1.220703125,0.10986328125,0.57373046875,-0.08544921875,-0.13427734375,-0.0244140625,0.78125,0.1220703125,0.68359375,0.37841796875,0.439453125,0.244140625,0.4150390625,0.4150390625,0.13427734375,0.244140625,0.32958984375,-0.09765625,1.07421875,-0.10986328125,0.244140625,0.01220703125,0.25634765625,0.10986328125,0.3173828125,-0.13427734375,0.96435546875,-0.0244140625,0.03662109375,-0.0244140625,1.40380859375,0.23193359375,-0.91552734375,0.18310546875,-0.3662109375,-0.08544921875,-0.9765625,0.13427734375,-0.78125,0.0244140625,-1.55029296875,-0.23193359375,-0.23193359375,0.54931640625,-0.2685546875,-0.146484375,-1.18408203125,-0.28076171875,1.20849609375,-0.1953125,4.150390625,0,0.81787109375,-0.10986328125,1.904296875,0.2197265625,-0.7080078125,-0.4638671875,-1.416015625,-0.2197265625,-1.0009765625,-0.01220703125,0.42724609375,0,5.84716796875,0.048828125,5.94482421875,-0.0732421875,4.06494140625,0.37841796875,10.85205078125,-0.1953125,0.09765625,-0.09765625,0.81787109375,-0.048828125,-0.5126953125,-0.18310546875,-0.47607421875
1,-0.74462890625,-0.29296875,-0.18310546875,0.0732421875,0.2197265625,-0.40283203125,-0.18310546875,0.06103515625,-0.09765625,-0.10986328125,-0.0244140625,-0.9033203125,-0.0244140625,0.81787109375,-0.20751953125,-0.28076171875,0.01220703125,4.3701171875,0.048828125,4.18701171875,0.45166015625,6.72607421875,0.30517578125,3.18603515625,-0.390625,-0.13427734375,-0.146484375,-0.76904296875,-0.5126953125,0.9765625,-0.08544921875,0.23193359375,-0.62255859375,-0.30517578125,0,-0.732421875,-0.390625,-0.439453125,-0.048828125,-0.7080078125,-0.8056640625,-0.1953125,0.10986328125,-0.6591796875,-0.341796875,-0.40283203125,0.09765625,0.537109375,-0.048828125,1.2451171875,0.13427734375,0.54931640625,-0.08544921875,-0.146484375,0.03662109375,0.76904296875,0.06103515625,0.68359375,0.32958984375,0.439453125,0.1953125,0.4638671875,0.4638671875,0.13427734375,0.13427734375,0.3173828125,-0.18310546875,1.07421875,-0.1220703125,0.23193359375,-0.0244140625,0.2685546875,0.0732421875,0.3173828125,-0.15869140625,0.9521484375,0.0244140625,0.0244140625,-0.06103515625,1.40380859375,0.25634765625,-0.89111328125,0.146484375,-0.32958984375,-0.10986328125,-0.9765625,0.10986328125,-0.7568359375,0.08544921875,-1.5380859375,-0.20751953125,-0.2197265625,0.537109375,-0.2685546875,-0.06103515625,-1.1962890625,-0.18310546875,0.87890625,-0.18310546875,3.4912109375,-0.0244140625,0.5615234375,-0.09765625,1.5869140625,0.13427734375,-0.7080078125,-0.45166015625,-1.42822265625,-0.244140625,-0.98876953125,-0.0244140625,0.45166015625,0,5.95703125,0.06103515625,6.11572265625,-0.0732421875,4.1259765625,0.35400390625,11.1328125,-0.20751953125,0.0732421875,-0.1220703125,0.8544921875,-0.048828125,-0.48828125,-0.15869140625,-0.50048828125
1,-0.830078125,-0.29296875,-0.18310546875,0.08544921875,0.25634765625,-0.40283203125,-0.20751953125,0.048828125,-0.06103515625,-0.08544921875,0,-0.89111328125,-0.01220703125,0.86669921875,-0.18310546875,-0.35400390625,-0.048828125,4.11376953125,0.048828125,3.955078125,0.4150390625,6.48193359375,0.1953125,2.978515625,-0.390625,-0.1220703125,-0.18310546875,-0.76904296875,-0.45166015625,0.98876953125,0.09765625,0.23193359375,-0.5615234375,-0.3173828125,-0.08544921875,-0.69580078125,-0.3173828125,-0.42724609375,-0.08544921875,-0.732421875,-0.69580078125,-0.18310546875,-0.0244140625,-0.634765625,-0.35400390625,-0.37841796875,0.06103515625,0.54931640625,0,1.26953125,0.146484375,0.537109375,-0.06103515625,-0.15869140625,0.09765625,0.72021484375,0.01220703125,0.634765625,0.28076171875,0.439453125,0.146484375,0.50048828125,0.45166015625,0.10986328125,0.06103515625,0.32958984375,-0.23193359375,1.06201171875,-0.13427734375,0.23193359375,-0.06103515625,0.244140625,-0.03662109375,0.3173828125,-0.1953125,0.96435546875,0.10986328125,0.0244140625,-0.08544921875,1.416015625,0.244140625,-0.89111328125,0.09765625,-0.3173828125,-0.18310546875,-0.96435546875,0.03662109375,-0.76904296875,0.1220703125,-1.55029296875,-0.146484375,-0.244140625,0.47607421875,-0.2685546875,0.0244140625,-1.18408203125,-0.13427734375,0.54931640625,-0.15869140625,2.86865234375,-0.09765625,0.3173828125,-0.10986328125,1.318359375,-0.01220703125,-0.7080078125,-0.341796875,-1.42822265625,-0.2685546875,-1.0009765625,-0.08544921875,0.42724609375,0.01220703125,5.87158203125,0.06103515625,6.06689453125,-0.0732421875,4.0283203125,0.35400390625,10.986328125,-0.1953125,0.048828125,-0.15869140625,0.86669921875,-0.048828125,-0.50048828125,-0.15869140625,-0.50048828125
1,-0.84228515625,-0.2685546875,-0.25634765625,0.0244140625,0.28076171875,-0.3662109375,-0.1953125,0.06103515625,-0.0732421875,-0.0244140625,0,-0.8544921875,-0.0244140625,0.9033203125,-0.1953125,-0.37841796875,-0.0732421875,3.857421875,0.048828125,3.69873046875,0.341796875,6.21337890625,0.1220703125,2.79541015625,-0.3173828125,-0.13427734375,-0.2197265625,-0.76904296875,-0.341796875,1.0009765625,0.20751953125,0.25634765625,-0.4150390625,-0.29296875,-0.1220703125,-0.62255859375,-0.244140625,-0.42724609375,-0.09765625,-0.7080078125,-0.537109375,-0.1953125,-0.10986328125,-0.6103515625,-0.29296875,-0.390625,-0.01220703125,0.5615234375,0.0732421875,1.2939453125,0.1953125,0.50048828125,-0.08544921875,-0.146484375,0.10986328125,0.732421875,0,0.634765625,0.23193359375,0.45166015625,0.10986328125,0.54931640625,0.40283203125,0.09765625,0,0.3173828125,-0.20751953125,1.08642578125,-0.13427734375,0.2197265625,-0.0732421875,0.244140625,-0.10986328125,0.29296875,-0.2197265625,0.93994140625,0.15869140625,0.0244140625,-0.1708984375,1.40380859375,0.20751953125,-0.87890625,0.03662109375,-0.3173828125,-0.20751953125,-0.9765625,-0.06103515625,-0.78125,0.09765625,-1.513671875,-0.048828125,-0.23193359375,0.390625,-0.2685546875,0.13427734375,-1.20849609375,-0.0732421875,0.25634765625,-0.13427734375,2.25830078125,-0.1708984375,0.1220703125,-0.10986328125,1.0498046875,-0.1708984375,-0.72021484375,-0.2197265625,-1.45263671875,-0.3173828125,-0.98876953125,-0.10986328125,0.42724609375,-0.01220703125,5.5908203125,0.08544921875,5.810546875,-0.08544921875,3.80859375,0.30517578125,10.498046875,-0.20751953125,0.0244140625,-0.1708984375,0.8544921875,-0.0244140625,-0.47607421875,-0.18310546875,-0.4638671875
1,-0.830078125,-0.244140625,-0.18310546875,-0.06103515625,0.3173828125,-0.37841796875,-0.1953125,0.01220703125,-0.08544921875,0.0244140625,-0.048828125,-0.78125,-0.01220703125,0.96435546875,-0.18310546875,-0.35400390625,-0.0732421875,3.62548828125,-0.0244140625,3.52783203125,0.244140625,5.96923828125,0.048828125,2.6123046875,-0.23193359375,-0.13427734375,-0.2197265625,-0.78125,-0.23193359375,1.0009765625,0.2197265625,0.25634765625,-0.32958984375,-0.30517578125,-0.048828125,-0.5615234375,-0.1953125,-0.42724609375,-0.048828125,-0.69580078125,-0.32958984375,-0.15869140625,-0.1708984375,-0.634765625,-0.25634765625,-0.40283203125,-0.13427734375,0.5615234375,0.09765625,1.33056640625,0.20751953125,0.48828125,-0.08544921875,-0.146484375,0.06103515625,0.732421875,0,0.6103515625,0.13427734375,0.48828125,0.10986328125,0.54931640625,0.29296875,0.09765625,-0.146484375,0.30517578125,-0.2197265625,1.08642578125,-0.146484375,0.2197265625,-0.10986328125,0.244140625,-0.18310546875,0.29296875,-0.23193359375,0.9033203125,0.15869140625,0.01220703125,-0.18310546875,1.3916015625,0.10986328125,-0.9033203125,0.0244140625,-0.30517578125,-0.25634765625,-0.98876953125,-0.1220703125,-0.78125,0.06103515625,-1.4892578125,0.06103515625,-0.2197265625,0.2685546875,-0.28076171875,0.244140625,-1.23291015625,-0.06103515625,-0.048828125,-0.0732421875,1.67236328125,-0.2197265625,-0.0732421875,-0.13427734375,0.8056640625,-0.2685546875,-0.732421875,-0.10986328125,-1.4404296875,-0.390625,-0.98876953125,-0.15869140625,0.439453125,0,5.1513671875,0.0732421875,5.33447265625,-0.0732421875,3.47900390625,0.3173828125,9.65576171875,-0.1953125,0.01220703125,-0.146484375,0.8544921875,-0.01220703125,-0.4638671875,-0.1708984375,-0.48828125
1,-0.84228515625,-0.23193359375,-0.25634765625,-0.1708984375,0.341796875,-0.3662109375,-0.23193359375,-0.01220703125,-0.048828125,0.09765625,-0.03662109375,-0.732421875,0.01220703125,1.06201171875,-0.1708984375,-0.244140625,-0.0244140625,3.47900390625,-0.1220703125,3.369140625,0.15869140625,5.7861328125,-0.01220703125,2.47802734375,-0.10986328125,-0.13427734375,-0.20751953125,-0.7568359375,-0.08544921875,1.0009765625,0.13427734375,0.2685546875,-0.244140625,-0.28076171875,-0.09765625,-0.5126953125,-0.1708984375,-0.4150390625,0.0244140625,-0.69580078125,-0.18310546875,-0.1708984375,-0.13427734375,-0.62255859375,-0.1220703125,-0.4150390625,-0.15869140625,0.57373046875,0.1220703125,1.3427734375,0.1708984375,0.48828125,-0.08544921875,-0.1708984375,0.03662109375,0.732421875,0.03662109375,0.59814453125,0.048828125,0.48828125,0.08544921875,0.54931640625,0.20751953125,0.09765625,-0.2685546875,0.28076171875,-0.18310546875,1.11083984375,-0.146484375,0.2197265625,-0.1220703125,0.244140625,-0.25634765625,0.30517578125,-0.20751953125,0.9033203125,0.15869140625,0.01220703125,-0.15869140625,1.40380859375,0.0244140625,-0.89111328125,0,-0.29296875,-0.32958984375,-0.9521484375,-0.18310546875,-0.7568359375,0.0244140625,-1.47705078125,0.15869140625,-0.2197265625,0.20751953125,-0.30517578125,0.28076171875,-1.25732421875,-0.06103515625,-0.30517578125,-0.0244140625,1.08642578125,-0.25634765625,-0.25634765625,-0.1708984375,0.5615234375,-0.29296875,-0.72021484375,-0.06103515625,-1.42822265625,-0.4150390625,-1.01318359375,-0.13427734375,0.439453125,-0.01220703125,4.5654296875,0.0732421875,4.736328125,-0.0732421875,3.076171875,0.29296875,8.55712890625,-0.20751953125,-0.01220703125,-0.13427734375,0.830078125,0,-0.4638671875,-0.1953125,-0.48828125
1,-0.87890625,-0.23193359375,-0.28076171875,-0.28076171875,0.341796875,-0.390625,-0.244140625,-0.0244140625,-0.01220703125,0.1708984375,-0.0244140625,-0.67138671875,-0.01220703125,1.123046875,-0.1708984375,-0.08544921875,0,3.3203125,-0.2197265625,3.30810546875,-0.01220703125,5.60302734375,-0.048828125,2.34375,0.0244140625,-0.146484375,-0.1708984375,-0.74462890625,0.01220703125,1.0009765625,0.06103515625,0.2685546875,-0.1953125,-0.2685546875,-0.01220703125,-0.4638671875,-0.146484375,-0.4150390625,0.06103515625,-0.68359375,-0.09765625,-0.146484375,-0.01220703125,-0.62255859375,-0.01220703125,-0.40283203125,-0.15869140625,0.5859375,0.10986328125,1.35498046875,0.09765625,0.48828125,-0.1220703125,-0.15869140625,0.03662109375,0.7568359375,0.10986328125,0.62255859375,-0.0244140625,0.48828125,0.03662109375,0.5615234375,0.13427734375,0.1220703125,-0.3662109375,0.244140625,-0.13427734375,1.08642578125,-0.1220703125,0.244140625,-0.08544921875,0.23193359375,-0.32958984375,0.3173828125,-0.18310546875,0.8544921875,0.15869140625,0.0244140625,-0.13427734375,1.40380859375,-0.06103515625,-0.9033203125,0,-0.25634765625,-0.35400390625,-0.9521484375,-0.1708984375,-0.74462890625,-0.01220703125,-1.45263671875,0.1953125,-0.23193359375,0.1708984375,-0.32958984375,0.2685546875,-1.26953125,-0.0732421875,-0.5859375,0.01220703125,0.52490234375,-0.244140625,-0.45166015625,-0.1953125,0.32958984375,-0.20751953125,-0.72021484375,-0.06103515625,-1.4404296875,-0.439453125,-1.01318359375,-0.146484375,0.439453125,0,3.8818359375,0.09765625,4.0283203125,-0.08544921875,2.57568359375,0.28076171875,7.2509765625,-0.23193359375,-0.0244140625,-0.10986328125,0.81787109375,-0.01220703125,-0.439453125,-0.1708984375,-0.50048828125
1,-0.9033203125,-0.20751953125,-0.23193359375,-0.3662109375,0.341796875,-0.40283203125,-0.244140625,-0.0244140625,-0.01220703125,0.23193359375,-0.0244140625,-0.59814453125,0,1.1474609375,-0.13427734375,0.048828125,0.03662109375,3.1982421875,-0.32958984375,3.271484375,-0.1953125,5.4443359375,-0.13427734375,2.2216796875,0.09765625,-0.1708984375,-0.09765625,-0.74462890625,0.09765625,0.9765625,-0.06103515625,0.2685546875,-0.23193359375,-0.25634765625,0.1220703125,-0.439453125,-0.08544921875,-0.390625,0.09765625,-0.69580078125,-0.08544921875,-0.146484375,0.13427734375,-0.634765625,0.06103515625,-0.4150390625,-0.08544921875,0.5859375,0.048828125,1.33056640625,0.1220703125,0.4638671875,-0.13427734375,-0.1708984375,0.0244140625,0.732421875,0.13427734375,0.62255859375,-0.0244140625,0.47607421875,-0.01220703125,0.54931640625,0.1220703125,0.146484375,-0.37841796875,0.2197265625,-0.0732421875,1.11083984375,-0.146484375,0.2685546875,-0.0732421875,0.23193359375,-0.35400390625,0.32958984375,-0.1953125,0.84228515625,0.146484375,0.03662109375,-0.06103515625,1.3916015625,-0.09765625,-0.927734375,-0.03662109375,-0.25634765625,-0.35400390625,-0.93994140625,-0.1220703125,-0.72021484375,-0.0244140625,-1.42822265625,0.1953125,-0.244140625,0.18310546875,-0.341796875,0.15869140625,-1.28173828125,-0.09765625,-0.830078125,0,-0.06103515625,-0.23193359375,-0.634765625,-0.1953125,0.0732421875,0,-0.72021484375,-0.1220703125,-1.4404296875,-0.42724609375,-1.01318359375,-0.146484375,0.439453125,-0.01220703125,3.16162109375,0.10986328125,3.2470703125,-0.0732421875,2.03857421875,0.29296875,5.82275390625,-0.23193359375,-0.03662109375,-0.10986328125,0.8056640625,-0.01220703125,-0.439453125,-0.18310546875,-0.50048828125
1,-0.9033203125,-0.20751953125,-0.29296875,-0.390625,0.341796875,-0.4150390625,-0.2685546875,0,0.01220703125,0.29296875,-0.01220703125,-0.57373046875,0,1.1474609375,-0.10986328125,0.1953125,0.06103515625,3.06396484375,-0.37841796875,3.22265625,-0.30517578125,5.26123046875,-0.1708984375,2.13623046875,0.146484375,-0.18310546875,-0.0244140625,-0.76904296875,0.146484375,0.96435546875,-0.13427734375,0.2685546875,-0.25634765625,-0.25634765625,0.146484375,-0.4150390625,-0.0244140625,-0.40283203125,0.13427734375,-0.69580078125,-0.10986328125,-0.146484375,0.25634765625,-0.64697265625,0.10986328125,-0.4150390625,0.0244140625,0.5859375,-0.0244140625,1.33056640625,0.08544921875,0.48828125,-0.10986328125,-0.13427734375,0.03662109375,0.7568359375,0.1708984375,0.6103515625,0.01220703125,0.4638671875,-0.08544921875,0.537109375,0.1953125,0.15869140625,-0.40283203125,0.18310546875,-0.03662109375,1.08642578125,-0.15869140625,0.28076171875,-0.03662109375,0.23193359375,-0.40283203125,0.32958984375,-0.15869140625,0.84228515625,0.10986328125,0.0244140625,0.01220703125,1.3916015625,-0.146484375,-0.93994140625,-0.08544921875,-0.25634765625,-0.32958984375,-0.93994140625,-0.08544921875,-0.7080078125,-0.01220703125,-1.42822265625,0.09765625,-0.25634765625,0.28076171875,-0.32958984375,-0.01220703125,-1.28173828125,-0.1220703125,-1.07421875,-0.03662109375,-0.62255859375,-0.18310546875,-0.8056640625,-0.2197265625,-0.18310546875,0.18310546875,-0.72021484375,-0.20751953125,-1.42822265625,-0.390625,-1.0498046875,-0.18310546875,0.439453125,-0.03662109375,2.4169921875,0.13427734375,2.44140625,-0.0732421875,1.50146484375,0.2685546875,4.345703125,-0.20751953125,-0.048828125,-0.08544921875,0.81787109375,-0.03662109375,-0.42724609375,-0.1708984375,-0.48828125
1,-0.89111328125,-0.1953125,-0.2685546875,-0.35400390625,0.35400390625,-0.42724609375,-0.25634765625,0.01220703125,0.03662109375,0.30517578125,-0.01220703125,-0.57373046875,-0.01220703125,1.171875,-0.08544921875,0.2685546875,0.08544921875,2.9296875,-0.4150390625,3.11279296875,-0.341796875,5.0537109375,-0.1953125,2.001953125,0.15869140625,-0.1953125,0.0244140625,-0.76904296875,0.10986328125,0.927734375,-0.15869140625,0.25634765625,-0.244140625,-0.244140625,0.1708984375,-0.42724609375,0,-0.40283203125,0.20751953125,-0.7080078125,-0.1708984375,-0.15869140625,0.341796875,-0.64697265625,0.08544921875,-0.45166015625,0.0732421875,0.54931640625,-0.13427734375,1.30615234375,0.0732421875,0.50048828125,-0.1708984375,-0.1220703125,0.01220703125,0.7568359375,0.25634765625,0.64697265625,0.03662109375,0.4638671875,-0.2197265625,0.537109375,0.1953125,0.18310546875,-0.45166015625,0.1708984375,0.0244140625,1.08642578125,-0.15869140625,0.29296875,-0.01220703125,0.23193359375,-0.42724609375,0.341796875,-0.146484375,0.84228515625,0.09765625,0.048828125,0.048828125,1.37939453125,-0.146484375,-0.93994140625,-0.1220703125,-0.25634765625,-0.30517578125,-0.927734375,0.01220703125,-0.69580078125,0,-1.45263671875,0.01220703125,-0.23193359375,0.35400390625,-0.341796875,-0.20751953125,-1.26953125,-0.20751953125,-1.2939453125,-0.1220703125,-1.13525390625,-0.15869140625,-0.9521484375,-0.2685546875,-0.40283203125,0.37841796875,-0.72021484375,-0.28076171875,-1.42822265625,-0.32958984375,-1.03759765625,-0.18310546875,0.42724609375,-0.03662109375,1.74560546875,0.1220703125,1.66015625,-0.06103515625,0.98876953125,0.28076171875,2.96630859375,-0.1953125,0,-0.0732421875,0.830078125,-0.03662109375,-0.42724609375,-0.1708984375,-0.48828125
1,-0.830078125,-0.18310546875,-0.32958984375,-0.30517578125,0.35400390625,-0.439453125,-0.25634765625,0.03662109375,0.0732421875,0.2685546875,0.01220703125,-0.5859375,-0.0244140625,1.123046875,-0.048828125,0.244140625,0.048828125,2.77099609375,-0.3662109375,2.96630859375,-0.29296875,4.78515625,-0.18310546875,1.89208984375,0.10986328125,-0.1953125,0.0732421875,-0.78125,0.03662109375,0.927734375,-0.146484375,0.244140625,-0.244140625,-0.2685546875,0.10986328125,-0.45166015625,0,-0.40283203125,0.29296875,-0.72021484375,-0.1953125,-0.146484375,0.3662109375,-0.634765625,0.03662109375,-0.4150390625,0.146484375,0.5615234375,-0.1953125,1.2939453125,0.0732421875,0.52490234375,-0.2197265625,-0.13427734375,-0.01220703125,0.74462890625,0.341796875,0.64697265625,0.09765625,0.4638671875,-0.3173828125,0.52490234375,0.20751953125,0.1708984375,-0.47607421875,0.18310546875,0.08544921875,1.06201171875,-0.1708984375,0.28076171875,0,0.23193359375,-0.439453125,0.3173828125,-0.10986328125,0.84228515625,0.06103515625,0.06103515625,0.1220703125,1.3671875,-0.13427734375,-0.93994140625,-0.15869140625,-0.29296875,-0.244140625,-0.96435546875,0.08544921875,-0.69580078125,0.0244140625,-1.46484375,-0.09765625,-0.244140625,0.341796875,-0.32958984375,-0.37841796875,-1.26953125,-0.28076171875,-1.45263671875,-0.2197265625,-1.5625,-0.13427734375,-1.06201171875,-0.25634765625,-0.57373046875,0.45166015625,-0.72021484375,-0.30517578125,-1.416015625,-0.29296875,-1.03759765625,-0.1953125,0.439453125,-0.06103515625,1.13525390625,0.13427734375,0.98876953125,-0.0732421875,0.52490234375,0.244140625,1.72119140625,-0.18310546875,0.0244140625,-0.08544921875,0.86669921875,-0.048828125,-0.42724609375,-0.1708984375,-0.4638671875
1,-0.78125,-0.18310546875,-0.30517578125,-0.2197265625,0.37841796875,-0.42724609375,-0.23193359375,0.06103515625,0.08544921875,0.23193359375,0.0244140625,-0.64697265625,-0.03662109375,1.07421875,-0.01220703125,0.146484375,0.01220703125,2.52685546875,-0.29296875,2.72216796875,-0.1220703125,4.4677734375,-0.15869140625,1.708984375,0.08544921875,-0.2197265625,0.08544921875,-0.79345703125,-0.08544921875,0.91552734375,-0.13427734375,0.244140625,-0.20751953125,-0.28076171875,0.03662109375,-0.45166015625,-0.01220703125,-0.4150390625,0.3173828125,-0.7080078125,-0.25634765625,-0.15869140625,0.35400390625,-0.64697265625,-0.01220703125,-0.439453125,0.1953125,0.537109375,-0.20751953125,1.30615234375,0.10986328125,0.537109375,-0.29296875,-0.13427734375,-0.0244140625,0.732421875,0.341796875,0.6591796875,0.13427734375,0.439453125,-0.52490234375,0.52490234375,0.18310546875,0.15869140625,-0.45166015625,0.1708984375,0.1220703125,1.0498046875,-0.18310546875,0.28076171875,0.0244140625,0.23193359375,-0.4638671875,0.30517578125,-0.06103515625,0.830078125,0.048828125,0.048828125,0.1220703125,1.3427734375,-0.09765625,-0.91552734375,-0.1708984375,-0.2685546875,-0.1708984375,-0.9765625,0.09765625,-0.7080078125,0.048828125,-1.47705078125,-0.1708984375,-0.244140625,0.29296875,-0.3173828125,-0.439453125,-1.23291015625,-0.35400390625,-1.5380859375,-0.25634765625,-1.81884765625,-0.03662109375,-1.1474609375,-0.20751953125,-0.68359375,0.42724609375,-0.72021484375,-0.29296875,-1.42822265625,-0.25634765625,-1.025390625,-0.18310546875,0.439453125,-0.0732421875,0.6103515625,0.1220703125,0.40283203125,-0.0732421875,0.18310546875,0.2197265625,0.7080078125,-0.15869140625,0.048828125,-0.0732421875,0.87890625,-0.0732421875,-0.439453125,-0.1708984375,-0.45166015625
0,-0.76904296875,-0.18310546875,-0.341796875,-0.09765625,0.37841796875,-0.4150390625,-0.244140625,0.03662109375,0.06103515625,0.18310546875,0,-0.69580078125,-0.06103515625,1.01318359375,0.03662109375,-0.01220703125,-0.0244140625,2.23388671875,-0.1953125,2.40478515625,0.1220703125,4.0283203125,-0.048828125,1.4892578125,0.0244140625,-0.1953125,0.0732421875,-0.79345703125,-0.2197265625,0.91552734375,-0.09765625,0.23193359375,-0.13427734375,-0.3173828125,0.01220703125,-0.48828125,-0.0244140625,-0.42724609375,0.29296875,-0.732421875,-0.25634765625,-0.18310546875,0.2685546875,-0.6591796875,-0.01220703125,-0.42724609375,0.18310546875,0.537109375,-0.25634765625,1.25732421875,0.18310546875,0.5126953125,-0.32958984375,-0.146484375,-0.09765625,0.74462890625,0.341796875,0.64697265625,0.15869140625,0.45166015625,-0.6591796875,0.5126953125,0.20751953125,0.13427734375,-0.390625,0.1708984375,0.20751953125,1.06201171875,-0.1220703125,0.28076171875,0,0.23193359375,-0.45166015625,0.29296875,-0.01220703125,0.830078125,0.0244140625,0.048828125,0.146484375,1.3427734375,-0.01220703125,-0.93994140625,-0.15869140625,-0.28076171875,-0.10986328125,-1.0009765625,0.09765625,-0.72021484375,0.048828125,-1.47705078125,-0.20751953125,-0.2197265625,0.18310546875,-0.3173828125,-0.3662109375,-1.20849609375,-0.37841796875,-1.5625,-0.28076171875,-1.94091796875,0.01220703125,-1.15966796875,-0.146484375,-0.72021484375,0.32958984375,-0.732421875,-0.2197265625,-1.45263671875,-0.20751953125,-1.025390625,-0.13427734375,0.45166015625,-0.06103515625,0.23193359375,0.10986328125,-0.048828125,-0.0732421875,-0.09765625,0.20751953125,-0.048828125,-0.146484375,0.0732421875,-0.06103515625,0.9033203125,-0.09765625,-0.439453125,-0.18310546875,-0.45166015625
0,-0.74462890625,-0.1953125,-0.37841796875,-0.01220703125,0.35400390625,-0.37841796875,-0.20751953125,0.06103515625,0.09765625,0.1220703125,-0.0244140625,-0.78125,-0.06103515625,0.96435546875,0.08544921875,-0.1708984375,-0.0732421875,1.8798828125,-0.06103515625,2.0263671875,0.2197265625,3.55224609375,0.01220703125,1.23291015625,0,-0.146484375,0,-0.79345703125,-0.3173828125,0.91552734375,-0.1220703125,0.20751953125,-0.08544921875,-0.341796875,-0.08544921875,-0.50048828125,-0.08544921875,-0.45166015625,0.25634765625,-0.74462890625,-0.2685546875,-0.18310546875,0.146484375,-0.634765625,0,-0.4150390625,0.1708984375,0.5126953125,-0.23193359375,1.2451171875,0.2197265625,0.50048828125,-0.32958984375,-0.15869140625,-0.13427734375,0.74462890625,0.3173828125,0.64697265625,0.1708984375,0.439453125,-0.79345703125,0.5126953125,0.244140625,0.1220703125,-0.32958984375,0.18310546875,0.20751953125,1.06201171875,-0.09765625,0.28076171875,-0.01220703125,0.2197265625,-0.42724609375,0.29296875,0.03662109375,0.87890625,0.01220703125,0.03662109375,0.13427734375,1.33056640625,0.03662109375,-0.9033203125,-0.10986328125,-0.29296875,-0.09765625,-0.98876953125,0.048828125,-0.732421875,0.03662109375,-1.47705078125,-0.25634765625,-0.2197265625,0.0732421875,-0.29296875,-0.2197265625,-1.20849609375,-0.390625,-1.52587890625,-0.29296875,-1.86767578125,0.03662109375,-1.123046875,-0.0732421875,-0.68359375,0.15869140625,-0.7080078125,-0.1708984375,-1.4404296875,-0.1708984375,-1.025390625,-0.09765625,0.45166015625,-0.1220703125,-0.03662109375,0.048828125,-0.35400390625,-0.10986328125,-0.3173828125,0.06103515625,-0.52490234375,-0.15869140625,0.10986328125,-0.048828125,0.91552734375,-0.09765625,-0.47607421875,-0.18310546875,-0.45166015625
0,-0.732421875,-0.20751953125,-0.35400390625,0.048828125,0.42724609375,-0.3662109375,-0.20751953125,0.06103515625,0.09765625,0.08544921875,0,-0.8056640625,-0.048828125,0.9521484375,0.09765625,-0.32958984375,-0.10986328125,1.4892578125,0.048828125,1.57470703125,0.390625,3.03955078125,0.06103515625,0.96435546875,-0.03662109375,-0.146484375,-0.03662109375,-0.79345703125,-0.390625,0.96435546875,-0.13427734375,0.23193359375,-0.0244140625,-0.3173828125,-0.18310546875,-0.5126953125,-0.13427734375,-0.45166015625,0.20751953125,-0.74462890625,-0.29296875,-0.146484375,0.0244140625,-0.6591796875,0,-0.390625,0.0732421875,0.52490234375,-0.1953125,1.220703125,0.25634765625,0.50048828125,-0.3173828125,-0.15869140625,-0.20751953125,0.74462890625,0.30517578125,0.634765625,0.1708984375,0.4638671875,-0.8056640625,0.5126953125,0.1953125,0.10986328125,-0.28076171875,0.20751953125,0.23193359375,1.06201171875,-0.03662109375,0.2685546875,-0.03662109375,0.244140625,-0.390625,0.29296875,0.03662109375,0.84228515625,0,0.06103515625,0.1220703125,1.3427734375,0.0732421875,-0.89111328125,-0.03662109375,-0.29296875,-0.1220703125,-1.01318359375,0.06103515625,-0.732421875,-0.01220703125,-1.4892578125,-0.244140625,-0.2197265625,-0.06103515625,-0.28076171875,-0.01220703125,-1.1962890625,-0.35400390625,-1.42822265625,-0.28076171875,-1.67236328125,0.06103515625,-1.0498046875,-0.0244140625,-0.5615234375,-0.0732421875,-0.72021484375,-0.08544921875,-1.45263671875,-0.15869140625,-1.01318359375,-0.0732421875,0.439453125,-0.10986328125,-0.18310546875,0.08544921875,-0.537109375,-0.09765625,-0.439453125,0.0732421875,-0.74462890625,-0.146484375,0.13427734375,-0.03662109375,0.87890625,-0.09765625,-0.4638671875,-0.18310546875,-0.4638671875
0,-0.69580078125,-0.2197265625,-0.3662109375,0.10986328125,0.37841796875,-0.3662109375,-0.20751953125,0.06103515625,0.146484375,0.03662109375,0.01220703125,-0.81787109375,-0.048828125,0.9521484375,0.146484375,-0.42724609375,-0.08544921875,1.11083984375,0.146484375,1.15966796875,0.5615234375,2.5146484375,0.146484375,0.634765625,-0.0732421875,-0.1220703125,-0.1220703125,-0.78125,-0.390625,0.9765625,-0.15869140625,0.23193359375,-0.048828125,-0.341796875,-0.1953125,-0.5615234375,-0.20751953125,-0.45166015625,0.146484375,-0.732421875,-0.3662109375,-0.15869140625,-0.06103515625,-0.64697265625,0,-0.37841796875,-0.01220703125,0.54931640625,-0.13427734375,1.1962890625,0.25634765625,0.5126953125,-0.30517578125,-0.15869140625,-0.244140625,0.76904296875,0.32958984375,0.6103515625,0.20751953125,0.50048828125,-0.76904296875,0.52490234375,0.2197265625,0.10986328125,-0.18310546875,0.23193359375,0.28076171875,1.06201171875,-0.01220703125,0.25634765625,-0.09765625,0.23193359375,-0.28076171875,0.29296875,0.1220703125,0.8544921875,-0.01220703125,0.0732421875,0.0732421875,1.3427734375,0.08544921875,-0.86669921875,0.06103515625,-0.2685546875,-0.146484375,-0.98876953125,0.0732421875,-0.732421875,-0.03662109375,-1.47705078125,-0.1953125,-0.20751953125,-0.13427734375,-0.28076171875,0.146484375,-1.20849609375,-0.30517578125,-1.28173828125,-0.2685546875,-1.35498046875,0.048828125,-0.927734375,0,-0.4150390625,-0.25634765625,-0.72021484375,-0.06103515625,-1.4404296875,-0.1708984375,-1.025390625,-0.06103515625,0.439453125,-0.09765625,-0.244140625,0.13427734375,-0.59814453125,-0.0732421875,-0.4638671875,0.08544921875,-0.74462890625,-0.146484375,0.08544921875,-0.048828125,0.91552734375,-0.09765625,-0.48828125,-0.1953125,-0.47607421875
0,-0.7080078125,-0.25634765625,-0.3662109375,0.10986328125,0.40283203125,-0.3662109375,-0.18310546875,0.0732421875,0.08544921875,0.048828125,-0.048828125,-0.81787109375,-0.06103515625,0.96435546875,0.10986328125,-0.439453125,-0.06103515625,0.7568359375,0.18310546875,0.79345703125,0.6103515625,2.0263671875,0.20751953125,0.341796875,-0.048828125,-0.13427734375,-0.18310546875,-0.76904296875,-0.341796875,1.01318359375,-0.18310546875,0.244140625,-0.1708984375,-0.32958984375,-0.2197265625,-0.6103515625,-0.2685546875,-0.439453125,0.10986328125,-0.732421875,-0.4150390625,-0.146484375,-0.146484375,-0.64697265625,-0.0732421875,-0.4150390625,-0.0732421875,0.5615234375,-0.03662109375,1.15966796875,0.25634765625,0.5126953125,-0.28076171875,-0.18310546875,-0.2685546875,0.7568359375,0.29296875,0.6103515625,0.1953125,0.48828125,-0.76904296875,0.52490234375,0.1708984375,0.09765625,-0.048828125,0.244140625,0.244140625,1.07421875,0.03662109375,0.244140625,-0.0732421875,0.2197265625,-0.23193359375,0.29296875,0.146484375,0.8544921875,-0.01220703125,0.0732421875,0.0244140625,1.35498046875,0.06103515625,-0.8544921875,0.1708984375,-0.25634765625,-0.1953125,-0.98876953125,0.10986328125,-0.72021484375,-0.10986328125,-1.46484375,-0.1220703125,-0.1953125,-0.1220703125,-0.25634765625,0.244140625,-1.1962890625,-0.244140625,-1.123046875,-0.18310546875,-0.98876953125,0.06103515625,-0.81787109375,-0.01220703125,-0.2685546875,-0.42724609375,-0.732421875,-0.06103515625,-1.4404296875,-0.1708984375,-1.01318359375,-0.048828125,0.439453125,-0.1220703125,-0.244140625,0.15869140625,-0.59814453125,-0.0732421875,-0.439453125,0.1220703125,-0.64697265625,-0.13427734375,0.08544921875,-0.03662109375,0.86669921875,-0.09765625,-0.4638671875,-0.1953125,-0.47607421875
0,-0.68359375,-0.29296875,-0.3662109375,0.06103515625,0.40283203125,-0.35400390625,-0.18310546875,0.06103515625,0.1220703125,0.03662109375,-0.08544921875,-0.79345703125,-0.0732421875,1.0009765625,0.13427734375,-0.42724609375,0,0.47607421875,0.1953125,0.5126953125,0.62255859375,1.62353515625,0.29296875,0.08544921875,-0.06103515625,-0.13427734375,-0.20751953125,-0.76904296875,-0.20751953125,1.025390625,-0.15869140625,0.25634765625,-0.3173828125,-0.29296875,-0.18310546875,-0.67138671875,-0.30517578125,-0.4150390625,0.09765625,-0.72021484375,-0.48828125,-0.13427734375,-0.10986328125,-0.6591796875,-0.1220703125,-0.390625,-0.146484375,0.5615234375,0.048828125,1.13525390625,0.244140625,0.50048828125,-0.25634765625,-0.1708984375,-0.3173828125,0.76904296875,0.2197265625,0.62255859375,0.13427734375,0.48828125,-0.64697265625,0.537109375,0.15869140625,0.10986328125,0.08544921875,0.2685546875,0.2685546875,1.0986328125,0.048828125,0.25634765625,-0.0732421875,0.23193359375,-0.20751953125,0.3173828125,0.18310546875,0.79345703125,-0.048828125,0.08544921875,-0.01220703125,1.35498046875,0.09765625,-0.8544921875,0.28076171875,-0.2685546875,-0.1953125,-0.96435546875,0.15869140625,-0.72021484375,-0.18310546875,-1.4404296875,-0.0244140625,-0.18310546875,-0.03662109375,-0.25634765625,0.2685546875,-1.1962890625,-0.23193359375,-1.0009765625,-0.08544921875,-0.68359375,0.0244140625,-0.732421875,-0.01220703125,-0.146484375,-0.47607421875,-0.732421875,-0.1220703125,-1.45263671875,-0.2197265625,-1.01318359375,-0.08544921875,0.42724609375,-0.146484375,-0.1953125,0.1708984375,-0.57373046875,-0.06103515625,-0.390625,0.10986328125,-0.47607421875,-0.13427734375,0.03662109375,-0.0244140625,0.8544921875,-0.0732421875,-0.4638671875,-0.20751953125,-0.50048828125
0,-0.62255859375,-0.341796875,-0.439453125,0,0.42724609375,-0.341796875,-0.146484375,0.06103515625,0.13427734375,0.06103515625,-0.06103515625,-0.76904296875,-0.08544921875,1.01318359375,0.15869140625,-0.3662109375,0.03662109375,0.25634765625,0.15869140625,0.32958984375,0.5859375,1.318359375,0.35400390625,-0.08544921875,-0.08544921875,-0.15869140625,-0.18310546875,-0.7568359375,-0.09765625,1.01318359375,-0.146484375,0.2685546875,-0.48828125,-0.28076171875,-0.1953125,-0.732421875,-0.30517578125,-0.390625,0.01220703125,-0.72021484375,-0.537109375,-0.13427734375,-0.048828125,-0.6591796875,-0.1708984375,-0.4150390625,-0.1953125,0.5859375,0.146484375,1.0986328125,0.13427734375,0.52490234375,-0.23193359375,-0.18310546875,-0.30517578125,0.76904296875,0.15869140625,0.62255859375,0.10986328125,0.48828125,-0.54931640625,0.537109375,0.146484375,0.1220703125,0.1708984375,0.29296875,0.29296875,1.0986328125,0.048828125,0.28076171875,-0.01220703125,0.23193359375,-0.13427734375,0.32958984375,0.2197265625,0.79345703125,-0.048828125,0.09765625,-0.03662109375,1.3916015625,0.1220703125,-0.87890625,0.3173828125,-0.25634765625,-0.20751953125,-0.9521484375,0.146484375,-0.72021484375,-0.2197265625,-1.42822265625,0.03662109375,-0.1708984375,0.09765625,-0.2685546875,0.1953125,-1.1962890625,-0.23193359375,-0.91552734375,0.048828125,-0.4638671875,0.01220703125,-0.64697265625,-0.048828125,-0.03662109375,-0.42724609375,-0.732421875,-0.23193359375,-1.4404296875,-0.23193359375,-1.01318359375,-0.10986328125,0.4150390625,-0.15869140625,-0.146484375,0.1708984375,-0.52490234375,-0.048828125,-0.35400390625,0.08544921875,-0.32958984375,-0.15869140625,0.01220703125,-0.01220703125,0.86669921875,-0.06103515625,-0.4638671875,-0.1953125,-0.52490234375
0,-0.634765625,-0.390625,-0.42724609375,-0.0732421875,0.439453125,-0.3662109375,-0.146484375,0.06103515625,0.1220703125,0.06103515625,-0.08544921875,-0.7568359375,-0.08544921875,1.025390625,0.10986328125,-0.25634765625,0.06103515625,0.1708984375,0.1220703125,0.29296875,0.47607421875,1.23291015625,0.4150390625,-0.1708984375,-0.048828125,-0.18310546875,-0.13427734375,-0.732421875,0.01220703125,1.01318359375,-0.06103515625,0.2685546875,-0.48828125,-0.25634765625,-0.15869140625,-0.79345703125,-0.28076171875,-0.3662109375,-0.048828125,-0.7080078125,-0.54931640625,-0.146484375,0.0244140625,-0.64697265625,-0.1953125,-0.42724609375,-0.18310546875,0.5615234375,0.20751953125,1.0986328125,0.01220703125,0.52490234375,-0.20751953125,-0.15869140625,-0.28076171875,0.78125,0.0732421875,0.59814453125,0.08544921875,0.48828125,-0.37841796875,0.54931640625,0.13427734375,0.146484375,0.23193359375,0.30517578125,0.2685546875,1.08642578125,0.03662109375,0.29296875,0.0732421875,0.244140625,-0.08544921875,0.35400390625,0.2197265625,0.76904296875,-0.0732421875,0.09765625,-0.06103515625,1.3916015625,0.146484375,-0.87890625,0.32958984375,-0.2685546875,-0.25634765625,-0.91552734375,0.15869140625,-0.69580078125,-0.1953125,-1.4404296875,0.048828125,-0.20751953125,0.23193359375,-0.29296875,0.0732421875,-1.18408203125,-0.1953125,-0.86669921875,0.048828125,-0.37841796875,-0.0244140625,-0.634765625,-0.10986328125,-0.0244140625,-0.30517578125,-0.732421875,-0.35400390625,-1.42822265625,-0.244140625,-1.025390625,-0.15869140625,0.42724609375,-0.18310546875,-0.09765625,0.18310546875,-0.48828125,-0.06103515625,-0.3173828125,0.08544921875,-0.25634765625,-0.1220703125,0,-0.01220703125,0.86669921875,-0.048828125,-0.45166015625,-0.1708984375,-0.50048828125
0,-0.54931640625,-0.40283203125,-0.4150390625,-0.13427734375,0.390625,-0.37841796875,-0.13427734375,0.06103515625,0.146484375,0.03662109375,-0.0732421875,-0.79345703125,-0.06103515625,1.025390625,0.1220703125,-0.1708984375,0.048828125,0.244140625,0.08544921875,0.42724609375,0.32958984375,1.318359375,0.341796875,-0.09765625,-0.048828125,-0.1953125,-0.09765625,-0.7568359375,0.0732421875,1.0009765625,0.03662109375,0.28076171875,-0.4150390625,-0.2685546875,-0.1708984375,-0.86669921875,-0.20751953125,-0.3662109375,-0.1220703125,-0.7080078125,-0.52490234375,-0.13427734375,0.10986328125,-0.6591796875,-0.244140625,-0.45166015625,-0.1708984375,0.5615234375,0.20751953125,1.0986328125,-0.09765625,0.52490234375,-0.146484375,-0.13427734375,-0.28076171875,0.76904296875,0.0732421875,0.62255859375,0.0732421875,0.47607421875,-0.29296875,0.5615234375,0.146484375,0.146484375,0.2685546875,0.3173828125,0.2685546875,1.0986328125,0.0244140625,0.32958984375,0.08544921875,0.25634765625,-0.06103515625,0.3662109375,0.2197265625,0.78125,-0.0732421875,0.10986328125,-0.0732421875,1.40380859375,0.13427734375,-0.89111328125,0.30517578125,-0.30517578125,-0.244140625,-0.91552734375,0.1220703125,-0.7080078125,-0.1220703125,-1.45263671875,0,-0.2197265625,0.3662109375,-0.29296875,-0.01220703125,-1.18408203125,-0.10986328125,-0.9033203125,0.06103515625,-0.4150390625,0,-0.6591796875,-0.13427734375,-0.03662109375,-0.09765625,-0.74462890625,-0.4638671875,-1.4404296875,-0.2685546875,-1.01318359375,-0.18310546875,0.42724609375,-0.18310546875,-0.0732421875,0.2197265625,-0.4638671875,-0.0244140625,-0.32958984375,0.08544921875,-0.28076171875,-0.146484375,0.03662109375,-0.01220703125,0.87890625,-0.048828125,-0.45166015625,-0.18310546875,-0.47607421875
0,-0.52490234375,-0.42724609375,-0.439453125,-0.15869140625,0.32958984375,-0.37841796875,-0.10986328125,0.03662109375,0.13427734375,0,-0.0732421875,-0.81787109375,-0.06103515625,0.9765625,0.146484375,-0.08544921875,0,0.4638671875,0,0.68359375,0.30517578125,1.64794921875,0.23193359375,0.06103515625,-0.048828125,-0.1953125,-0.03662109375,-0.732421875,0.13427734375,0.96435546875,0.0732421875,0.244140625,-0.244140625,-0.2685546875,-0.20751953125,-0.91552734375,-0.13427734375,-0.3662109375,-0.146484375,-0.72021484375,-0.439453125,-0.1708984375,0.18310546875,-0.6591796875,-0.25634765625,-0.45166015625,-0.08544921875,0.57373046875,0.1953125,1.0986328125,-0.18310546875,0.5126953125,-0.08544921875,-0.146484375,-0.23193359375,0.7568359375,0.10986328125,0.62255859375,0.09765625,0.4638671875,-0.146484375,0.5859375,0.20751953125,0.13427734375,0.32958984375,0.32958984375,0.1708984375,1.08642578125,0.0244140625,0.30517578125,0.13427734375,0.25634765625,0.01220703125,0.341796875,0.20751953125,0.78125,-0.048828125,0.09765625,-0.09765625,1.40380859375,0.1220703125,-0.9033203125,0.18310546875,-0.30517578125,-0.28076171875,-0.9033203125,0.0732421875,-0.72021484375,-0.0244140625,-1.46484375,-0.06103515625,-0.25634765625,0.45166015625,-0.29296875,-0.10986328125,-1.1962890625,-0.08544921875,-0.9521484375,-0.01220703125,-0.57373046875,-0.0244140625,-0.74462890625,-0.1953125,-0.1220703125,0.0732421875,-0.76904296875,-0.50048828125,-1.45263671875,-0.28076171875,-1.0009765625,-0.1953125,0.439453125,-0.2197265625,-0.10986328125,0.23193359375,-0.45166015625,-0.0732421875,-0.32958984375,0.09765625,-0.3662109375,-0.10986328125,0.03662109375,-0.0244140625,0.89111328125,-0.0244140625,-0.45166015625,-0.18310546875,-0.47607421875
0,-0.50048828125,-0.45166015625,-0.40283203125,-0.1708984375,0.32958984375,-0.4150390625,-0.0732421875,0.0244140625,0.146484375,-0.0244140625,-0.0732421875,-0.86669921875,-0.06103515625,0.927734375,0.146484375,-0.048828125,-0.048828125,0.830078125,-0.0244140625,1.07421875,0.25634765625,2.1484375,0.09765625,0.37841796875,-0.0244140625,-0.18310546875,0.0244140625,-0.7568359375,0.15869140625,0.9521484375,0.15869140625,0.244140625,-0.06103515625,-0.244140625,-0.1708984375,-0.927734375,-0.06103515625,-0.37841796875,-0.09765625,-0.72021484375,-0.3173828125,-0.1708984375,0.1953125,-0.64697265625,-0.244140625,-0.439453125,-0.01220703125,0.5615234375,0.10986328125,1.123046875,-0.28076171875,0.48828125,-0.09765625,-0.13427734375,-0.2197265625,0.74462890625,0.1953125,0.634765625,0.08544921875,0.45166015625,-0.08544921875,0.6103515625,0.2197265625,0.146484375,0.32958984375,0.29296875,0.13427734375,1.0498046875,0.0244140625,0.3173828125,0.15869140625,0.244140625,0.0732421875,0.32958984375,0.18310546875,0.76904296875,-0.09765625,0.09765625,-0.08544921875,1.3916015625,0.10986328125,-0.91552734375,0.09765625,-0.3173828125,-0.29296875,-0.91552734375,-0.01220703125,-0.732421875,0.06103515625,-1.47705078125,-0.1220703125,-0.2685546875,0.42724609375,-0.29296875,-0.13427734375,-1.1962890625,-0.0732421875,-1.025390625,-0.06103515625,-0.79345703125,-0.0732421875,-0.81787109375,-0.28076171875,-0.20751953125,0.15869140625,-0.7568359375,-0.439453125,-1.4404296875,-0.29296875,-1.01318359375,-0.18310546875,0.439453125,-0.2197265625,-0.10986328125,0.2685546875,-0.4638671875,-0.048828125,-0.35400390625,0.18310546875,-0.5126953125,-0.10986328125,0.048828125,-0.048828125,0.89111328125,-0.01220703125,-0.439453125,-0.15869140625,-0.439453125
0,-0.50048828125,-0.45166015625,-0.42724609375,-0.13427734375,0.30517578125,-0.4150390625,-0.06103515625,0.03662109375,0.15869140625,-0.0732421875,-0.09765625,-0.91552734375,-0.048828125,0.87890625,0.1220703125,-0.03662109375,-0.09765625,1.318359375,-0.048828125,1.59912109375,0.2197265625,2.81982421875,-0.06103515625,0.79345703125,0.0244140625,-0.1708984375,0.048828125,-0.76904296875,0.146484375,0.93994140625,0.20751953125,0.244140625,0.09765625,-0.25634765625,-0.20751953125,-0.9521484375,0.01220703125,-0.40283203125,-0.048828125,-0.7080078125,-0.244140625,-0.18310546875,0.15869140625,-0.6591796875,-0.20751953125,-0.42724609375,0.08544921875,0.537109375,0,1.1474609375,-0.3173828125,0.48828125,-0.146484375,-0.15869140625,-0.1953125,0.732421875,0.23193359375,0.6591796875,0.08544921875,0.45166015625,0.03662109375,0.62255859375,0.30517578125,0.13427734375,0.32958984375,0.29296875,0.08544921875,1.0498046875,0.0244140625,0.29296875,0.18310546875,0.25634765625,0.13427734375,0.30517578125,0.146484375,0.79345703125,-0.09765625,0.0732421875,-0.0732421875,1.3671875,0.08544921875,-0.927734375,-0.01220703125,-0.32958984375,-0.25634765625,-0.91552734375,-0.0732421875,-0.732421875,0.1220703125,-1.47705078125,-0.13427734375,-0.2685546875,0.35400390625,-0.28076171875,-0.1220703125,-1.20849609375,-0.01220703125,-1.11083984375,0.03662109375,-1.0009765625,-0.06103515625,-0.89111328125,-0.25634765625,-0.29296875,0.18310546875,-0.732421875,-0.28076171875,-1.4404296875,-0.29296875,-1.01318359375,-0.1708984375,0.42724609375,-0.20751953125,-0.1220703125,0.2685546875,-0.47607421875,-0.06103515625,-0.390625,0.08544921875,-0.6591796875,-0.10986328125,0.0732421875,-0.03662109375,0.89111328125,-0.01220703125,-0.47607421875,-0.146484375,-0.4150390625
0,-0.4150390625,-0.439453125,-0.5126953125,-0.06103515625,0.32958984375,-0.4150390625,-0.0732421875,0.03662109375,0.1708984375,-0.09765625,-0.09765625,-0.91552734375,-0.03662109375,0.81787109375,0.1220703125,-0.06103515625,-0.15869140625,1.904296875,-0.09765625,2.16064453125,0.08544921875,3.64990234375,-0.244140625,1.26953125,0.0732421875,-0.13427734375,0.06103515625,-0.76904296875,0.1220703125,0.93994140625,0.23193359375,0.244140625,0.25634765625,-0.28076171875,-0.23193359375,-0.927734375,0.0244140625,-0.45166015625,0,-0.72021484375,-0.15869140625,-0.18310546875,0.15869140625,-0.64697265625,-0.13427734375,-0.40283203125,0.08544921875,0.52490234375,-0.0732421875,1.18408203125,-0.341796875,0.4638671875,-0.20751953125,-0.13427734375,-0.13427734375,0.74462890625,0.2685546875,0.634765625,0.10986328125,0.45166015625,0.048828125,0.64697265625,0.3173828125,0.1220703125,0.341796875,0.30517578125,0.03662109375,1.0498046875,0.01220703125,0.28076171875,0.1708984375,0.244140625,0.15869140625,0.29296875,0.06103515625,0.830078125,-0.09765625,0.06103515625,-0.0732421875,1.3671875,0.048828125,-0.9521484375,-0.1220703125,-0.3173828125,-0.2197265625,-0.927734375,-0.0732421875,-0.74462890625,0.18310546875,-1.50146484375,-0.1708984375,-0.28076171875,0.15869140625,-0.28076171875,-0.0732421875,-1.20849609375,-0.10986328125,-1.18408203125,0.03662109375,-1.15966796875,-0.10986328125,-0.927734375,-0.28076171875,-0.341796875,0.09765625,-0.732421875,-0.08544921875,-1.45263671875,-0.3173828125,-1.01318359375,-0.1220703125,0.45166015625,-0.18310546875,-0.1220703125,0.30517578125,-0.45166015625,-0.0244140625,-0.40283203125,0.10986328125,-0.74462890625,-0.08544921875,0.09765625,-0.06103515625,0.87890625,0,-0.4638671875,-0.13427734375,-0.4150390625
0,-0.47607421875,-0.40283203125,-0.35400390625,-0.03662109375,0.3173828125,-0.40283203125,-0.09765625,0.048828125,0.18310546875,-0.09765625,-0.08544921875,-0.91552734375,-0.03662109375,0.830078125,0.146484375,-0.1220703125,-0.1953125,2.55126953125,-0.1220703125,2.7587890625,-0.0732421875,4.52880859375,-0.37841796875,1.81884765625,0.15869140625,-0.10986328125,0.06103515625,-0.79345703125,0.09765625,0.927734375,0.25634765625,0.244140625,0.3173828125,-0.29296875,-0.244140625,-0.87890625,0.0244140625,-0.48828125,0.048828125,-0.7080078125,-0.08544921875,-0.2197265625,0.13427734375,-0.6591796875,0.0244140625,-0.390625,0.1220703125,0.5126953125,-0.10986328125,1.20849609375,-0.3173828125,0.47607421875,-0.20751953125,-0.1708984375,-0.10986328125,0.732421875,0.30517578125,0.64697265625,0.15869140625,0.47607421875,0.1220703125,0.69580078125,0.29296875,0.10986328125,0.37841796875,0.30517578125,-0.03662109375,1.03759765625,-0.01220703125,0.25634765625,0.15869140625,0.2197265625,0.146484375,0.29296875,0.01220703125,0.84228515625,-0.1220703125,0.06103515625,-0.06103515625,1.35498046875,0.048828125,-0.93994140625,-0.146484375,-0.3173828125,-0.13427734375,-0.9521484375,-0.0244140625,-0.74462890625,0.1953125,-1.47705078125,-0.18310546875,-0.2685546875,0,-0.25634765625,-0.0244140625,-1.23291015625,-0.15869140625,-1.171875,0.03662109375,-1.26953125,-0.13427734375,-0.927734375,-0.244140625,-0.35400390625,-0.03662109375,-0.72021484375,0.08544921875,-1.4404296875,-0.3173828125,-0.98876953125,-0.09765625,0.4638671875,-0.25634765625,-0.06103515625,0.2197265625,-0.390625,-0.09765625,-0.35400390625,-0.048828125,-0.78125,-0.09765625,0.08544921875,-0.06103515625,0.86669921875,-0.03662109375,-0.4638671875,-0.10986328125,-0.4150390625
1,-0.40283203125,-0.3662109375,-0.45166015625,-0.01220703125,0.29296875,-0.390625,-0.06103515625,0.048828125,0.1953125,-0.0732421875,-0.09765625,-0.89111328125,-0.048828125,0.830078125,0.15869140625,-0.15869140625,-0.25634765625,3.1982421875,-0.13427734375,3.3203125,-0.146484375,5.43212890625,-0.4638671875,2.3193359375,0.244140625,-0.10986328125,0.03662109375,-0.79345703125,0.08544921875,0.927734375,0.1708984375,0.244140625,0.29296875,-0.30517578125,-0.25634765625,-0.830078125,0,-0.52490234375,0.1220703125,-0.72021484375,-0.03662109375,-0.23193359375,0.03662109375,-0.6591796875,0.1708984375,-0.37841796875,0.1220703125,0.52490234375,-0.10986328125,1.23291015625,-0.30517578125,0.4638671875,-0.20751953125,-0.1953125,-0.09765625,0.74462890625,0.341796875,0.64697265625,0.18310546875,0.48828125,0.09765625,0.7080078125,0.2685546875,0.10986328125,0.35400390625,0.3173828125,-0.1953125,1.0498046875,-0.048828125,0.23193359375,0.13427734375,0.244140625,0.09765625,0.2685546875,-0.01220703125,0.84228515625,-0.08544921875,0.0732421875,-0.08544921875,1.3427734375,0,-0.9521484375,-0.1708984375,-0.30517578125,-0.10986328125,-0.9765625,0.03662109375,-0.7568359375,0.18310546875,-1.47705078125,-0.18310546875,-0.2685546875,-0.15869140625,-0.25634765625,-0.0244140625,-1.23291015625,-0.244140625,-1.0986328125,0.0244140625,-1.23291015625,-0.06103515625,-0.91552734375,-0.13427734375,-0.30517578125,-0.13427734375,-0.72021484375,0.1953125,-1.45263671875,-0.28076171875,-1.0009765625,-0.0732421875,0.45166015625,-0.23193359375,-0.01220703125,0.244140625,-0.3173828125,-0.0732421875,-0.341796875,-0.08544921875,-0.69580078125,-0.10986328125,0.06103515625,-0.0732421875,0.84228515625,-0.048828125,-0.4638671875,-0.09765625,-0.42724609375
1,-0.37841796875,-0.341796875,-0.45166015625,0.01220703125,0.32958984375,-0.390625,-0.06103515625,0.03662109375,0.20751953125,-0.03662109375,-0.09765625,-0.86669921875,-0.0732421875,0.86669921875,0.3173828125,-0.1953125,-0.2197265625,3.80859375,-0.0732421875,3.84521484375,-0.18310546875,6.25,-0.37841796875,2.81982421875,0.2685546875,-0.0732421875,0.03662109375,-0.79345703125,0.0732421875,0.927734375,0.1220703125,0.23193359375,0.244140625,-0.29296875,-0.20751953125,-0.79345703125,-0.048828125,-0.5615234375,0.20751953125,-0.72021484375,-0.03662109375,-0.2197265625,0.01220703125,-0.64697265625,0.2685546875,-0.37841796875,0.146484375,0.537109375,-0.09765625,1.2451171875,-0.2197265625,0.47607421875,-0.244140625,-0.1953125,-0.08544921875,0.76904296875,0.35400390625,0.62255859375,0.1708984375,0.48828125,0.1220703125,0.7568359375,0.23193359375,0.10986328125,0.28076171875,0.3662109375,-0.2197265625,1.06201171875,-0.03662109375,0.20751953125,0.09765625,0.244140625,0.06103515625,0.28076171875,-0.048828125,0.8544921875,-0.06103515625,0.048828125,-0.0732421875,1.35498046875,-0.0732421875,-0.96435546875,-0.08544921875,-0.3173828125,-0.08544921875,-0.9521484375,0.08544921875,-0.7568359375,0.1220703125,-1.46484375,-0.15869140625,-0.28076171875,-0.25634765625,-0.2685546875,-0.048828125,-1.23291015625,-0.37841796875,-1.0009765625,-0.0732421875,-1.07421875,-0.048828125,-0.8056640625,-0.13427734375,-0.2197265625,-0.146484375,-0.72021484375,0.1953125,-1.42822265625,-0.25634765625,-1.01318359375,-0.0732421875,0.4638671875,-0.18310546875,0.08544921875,0.30517578125,-0.2197265625,-0.03662109375,-0.30517578125,-0.01220703125,-0.52490234375,-0.10986328125,0.03662109375,-0.08544921875,0.81787109375,-0.048828125,-0.50048828125,-0.09765625,-0.47607421875
1,-0.341796875,-0.3173828125,-0.4150390625,-0.0244140625,0.30517578125,-0.37841796875,-0.03662109375,0.0244140625,0.1953125,0.03662109375,-0.1220703125,-0.8056640625,-0.08544921875,0.91552734375,0.341796875,-0.1953125,-0.20751953125,4.345703125,-0.03662109375,4.296875,-0.30517578125,6.93359375,-0.244140625,3.22265625,0.25634765625,-0.08544921875,-0.01220703125,-0.79345703125,0.06103515625,0.93994140625,0.01220703125,0.244140625,0.1220703125,-0.29296875,-0.18310546875,-0.74462890625,-0.0732421875,-0.52490234375,0.28076171875,-0.72021484375,-0.048828125,-0.23193359375,0.0244140625,-0.64697265625,0.30517578125,-0.390625,0.18310546875,0.537109375,-0.15869140625,1.20849609375,-0.0732421875,0.47607421875,-0.244140625,-0.1953125,-0.10986328125,0.76904296875,0.3173828125,0.62255859375,0.1220703125,0.47607421875,0.06103515625,0.79345703125,0.2685546875,0.1220703125,0.1953125,0.40283203125,-0.29296875,1.08642578125,-0.048828125,0.1953125,0.06103515625,0.23193359375,0.048828125,0.29296875,-0.0732421875,0.830078125,-0.0244140625,0.06103515625,-0.08544921875,1.3671875,-0.09765625,-0.9765625,0,-0.3173828125,-0.0732421875,-0.9521484375,0.146484375,-0.74462890625,0.08544921875,-1.47705078125,-0.18310546875,-0.244140625,-0.244140625,-0.25634765625,-0.10986328125,-1.25732421875,-0.45166015625,-0.86669921875,-0.18310546875,-0.8544921875,-0.0244140625,-0.7080078125,-0.09765625,-0.08544921875,-0.06103515625,-0.69580078125,0.15869140625,-1.42822265625,-0.20751953125,-1.0009765625,-0.03662109375,0.45166015625,-0.25634765625,0.2197265625,0.28076171875,-0.09765625,-0.09765625,-0.244140625,-0.1220703125,-0.3173828125,-0.09765625,0.03662109375,-0.08544921875,0.81787109375,-0.03662109375,-0.50048828125,-0.0732421875,-0.50048828125
1,-0.25634765625,-0.30517578125,-0.439453125,-0.08544921875,0.3173828125,-0.390625,-0.01220703125,0.03662109375,0.2197265625,0.06103515625,-0.1220703125,-0.74462890625,-0.0732421875,0.96435546875,0.45166015625,-0.1953125,-0.20751953125,4.7607421875,0.03662109375,4.638671875,-0.32958984375,7.43408203125,-0.06103515625,3.50341796875,0.18310546875,-0.09765625,-0.01220703125,-0.76904296875,0.048828125,0.93994140625,-0.1220703125,0.25634765625,-0.01220703125,-0.3173828125,-0.2197265625,-0.732421875,-0.09765625,-0.52490234375,0.3173828125,-0.72021484375,-0.09765625,-0.23193359375,0.048828125,-0.6591796875,0.2685546875,-0.40283203125,0.18310546875,0.5615234375,-0.146484375,1.1962890625,0.08544921875,0.5126953125,-0.25634765625,-0.1953125,-0.10986328125,0.76904296875,0.2685546875,0.634765625,0.03662109375,0.45166015625,0.06103515625,0.79345703125,0.28076171875,0.15869140625,0.08544921875,0.439453125,-0.341796875,1.08642578125,-0.0732421875,0.1708984375,0.03662109375,0.23193359375,0,0.30517578125,-0.09765625,0.830078125,0.0244140625,0.06103515625,-0.1220703125,1.3916015625,-0.10986328125,-0.9521484375,0.1220703125,-0.3173828125,-0.0732421875,-0.96435546875,0.1953125,-0.74462890625,0.06103515625,-1.47705078125,-0.18310546875,-0.25634765625,-0.15869140625,-0.25634765625,-0.1953125,-1.2451171875,-0.47607421875,-0.69580078125,-0.20751953125,-0.5615234375,0.0244140625,-0.57373046875,-0.06103515625,0.06103515625,0.0244140625,-0.7080078125,0.0244140625,-1.42822265625,-0.13427734375,-1.0009765625,0.0244140625,0.439453125,-0.29296875,0.37841796875,0.28076171875,0.03662109375,-0.08544921875,-0.146484375,-0.23193359375,-0.09765625,-0.1220703125,-0.01220703125,-0.048828125,0.830078125,-0.048828125,-0.48828125,-0.0732421875,-0.5126953125
1,-0.1953125,-0.30517578125,-0.4150390625,-0.1953125,0.3173828125,-0.37841796875,0,0.03662109375,0.20751953125,0.09765625,-0.13427734375,-0.7080078125,-0.10986328125,1.0009765625,0.3662109375,-0.15869140625,-0.1953125,5.0048828125,0.10986328125,4.78515625,-0.3173828125,7.72705078125,0.146484375,3.662109375,0.08544921875,-0.1220703125,-0.01220703125,-0.78125,0.01220703125,0.96435546875,-0.2197265625,0.25634765625,-0.08544921875,-0.3173828125,-0.29296875,-0.74462890625,-0.13427734375,-0.5126953125,0.28076171875,-0.7080078125,-0.23193359375,-0.20751953125,0.09765625,-0.67138671875,0.1708984375,-0.439453125,0.15869140625,0.57373046875,-0.15869140625,1.1474609375,0.2197265625,0.5126953125,-0.244140625,-0.1953125,-0.06103515625,0.76904296875,0.23193359375,0.62255859375,0,0.439453125,0.03662109375,0.79345703125,0.30517578125,0.15869140625,0.0244140625,0.4638671875,-0.30517578125,1.11083984375,-0.08544921875,0.15869140625,-0.01220703125,0.25634765625,-0.048828125,0.32958984375,-0.10986328125,0.81787109375,0.03662109375,0.06103515625,-0.146484375,1.40380859375,-0.06103515625,-0.93994140625,0.2197265625,-0.32958984375,-0.06103515625,-0.9521484375,0.244140625,-0.74462890625,0.0244140625,-1.46484375,-0.1953125,-0.244140625,-0.03662109375,-0.28076171875,-0.23193359375,-1.23291015625,-0.45166015625,-0.57373046875,-0.30517578125,-0.32958984375,0.01220703125,-0.4638671875,-0.10986328125,0.1953125,0.09765625,-0.72021484375,-0.146484375,-1.42822265625,-0.09765625,-1.0009765625,0.06103515625,0.439453125,-0.2685546875,0.5126953125,0.341796875,0.15869140625,-0.048828125,-0.03662109375,-0.146484375,0.10986328125,-0.13427734375,-0.01220703125,-0.0732421875,0.830078125,-0.06103515625,-0.48828125,-0.08544921875,-0.52490234375
1,-0.1708984375,-0.32958984375,-0.40283203125,-0.2685546875,0.3173828125,-0.37841796875,0.0244140625,0.048828125,0.23193359375,0.08544921875,-0.10986328125,-0.7080078125,-0.10986328125,1.01318359375,0.37841796875,-0.1220703125,-0.20751953125,5.0537109375,0.18310546875,4.82177734375,-0.23193359375,7.75146484375,0.28076171875,3.69873046875,-0.0244140625,-0.13427734375,-0.01220703125,-0.7568359375,-0.06103515625,0.96435546875,-0.29296875,0.25634765625,-0.10986328125,-0.29296875,-0.3662109375,-0.7568359375,-0.1220703125,-0.4638671875,0.23193359375,-0.72021484375,-0.40283203125,-0.18310546875,0.15869140625,-0.67138671875,0.0732421875,-0.439453125,0.1220703125,0.5615234375,-0.0244140625,1.123046875,0.2685546875,0.5126953125,-0.23193359375,-0.146484375,-0.0244140625,0.7568359375,0.1953125,0.634765625,-0.13427734375,0.42724609375,-0.0244140625,0.78125,0.32958984375,0.15869140625,-0.08544921875,0.4638671875,-0.32958984375,1.123046875,-0.09765625,0.146484375,-0.048828125,0.2685546875,-0.09765625,0.3173828125,-0.10986328125,0.81787109375,0.06103515625,0.03662109375,-0.18310546875,1.416015625,-0.01220703125,-0.927734375,0.28076171875,-0.32958984375,-0.0732421875,-0.9521484375,0.25634765625,-0.732421875,0.01220703125,-1.50146484375,-0.1953125,-0.2197265625,0.10986328125,-0.30517578125,-0.2197265625,-1.220703125,-0.341796875,-0.47607421875,-0.37841796875,-0.146484375,0,-0.40283203125,-0.10986328125,0.3173828125,0.146484375,-0.732421875,-0.29296875,-1.4404296875,-0.0732421875,-1.0009765625,0.0732421875,0.42724609375,-0.3173828125,0.64697265625,0.30517578125,0.28076171875,-0.09765625,0.09765625,-0.28076171875,0.28076171875,-0.13427734375,-0.01220703125,-0.06103515625,0.830078125,-0.0732421875,-0.4638671875,-0.06103515625,-0.5126953125
1,-0.13427734375,-0.341796875,-0.42724609375,-0.32958984375,0.29296875,-0.390625,0.048828125,0.06103515625,0.244140625,0.06103515625,-0.09765625,-0.74462890625,-0.13427734375,1.0009765625,0.4150390625,-0.10986328125,-0.20751953125,4.91943359375,0.244140625,4.6875,-0.06103515625,7.5439453125,0.341796875,3.564453125,-0.13427734375,-0.146484375,0,-0.74462890625,-0.15869140625,0.96435546875,-0.29296875,0.25634765625,-0.06103515625,-0.244140625,-0.50048828125,-0.8056640625,-0.10986328125,-0.40283203125,0.13427734375,-0.732421875,-0.54931640625,-0.146484375,0.18310546875,-0.6591796875,-0.048828125,-0.42724609375,0.0732421875,0.57373046875,0.1708984375,1.08642578125,0.28076171875,0.5126953125,-0.146484375,-0.09765625,0.048828125,0.76904296875,0.09765625,0.634765625,-0.20751953125,0.42724609375,-0.06103515625,0.732421875,0.32958984375,0.1708984375,-0.18310546875,0.48828125,-0.30517578125,1.11083984375,-0.1220703125,0.1708984375,-0.0732421875,0.28076171875,-0.15869140625,0.341796875,-0.10986328125,0.79345703125,0.0732421875,0.048828125,-0.13427734375,1.42822265625,0.03662109375,-0.927734375,0.29296875,-0.341796875,-0.08544921875,-0.96435546875,0.25634765625,-0.732421875,0.01220703125,-1.50146484375,-0.2197265625,-0.23193359375,0.20751953125,-0.30517578125,-0.1708984375,-1.20849609375,-0.30517578125,-0.40283203125,-0.4150390625,-0.0244140625,0.03662109375,-0.3662109375,-0.10986328125,0.37841796875,0.13427734375,-0.74462890625,-0.40283203125,-1.4404296875,-0.06103515625,-1.01318359375,0.0732421875,0.439453125,-0.32958984375,0.79345703125,0.29296875,0.40283203125,-0.08544921875,0.23193359375,-0.244140625,0.390625,-0.13427734375,-0.0244140625,-0.048828125,0.830078125,-0.10986328125,-0.45166015625,-0.0732421875,-0.50048828125
1,-0.08544921875,-0.390625,-0.4150390625,-0.390625,0.25634765625,-0.40283203125,0.048828125,0.03662109375,0.23193359375,-0.01220703125,-0.1220703125,-0.830078125,-0.146484375,0.93994140625,0.47607421875,-0.09765625,-0.20751953125,4.60205078125,0.25634765625,4.3701171875,0.08544921875,7.06787109375,0.29296875,3.271484375,-0.2197265625,-0.1708984375,-0.048828125,-0.74462890625,-0.2197265625,0.9521484375,-0.244140625,0.244140625,0,-0.28076171875,-0.537109375,-0.87890625,-0.0732421875,-0.390625,0.0732421875,-0.72021484375,-0.69580078125,-0.15869140625,0.13427734375,-0.6591796875,-0.10986328125,-0.439453125,0.0244140625,0.5615234375,0.25634765625,1.0986328125,0.2197265625,0.5126953125,-0.09765625,-0.09765625,0.03662109375,0.732421875,0.03662109375,0.634765625,-0.2197265625,0.439453125,-0.10986328125,0.6591796875,0.29296875,0.15869140625,-0.29296875,0.439453125,-0.25634765625,1.11083984375,-0.1220703125,0.20751953125,-0.08544921875,0.29296875,-0.20751953125,0.341796875,-0.0732421875,0.8056640625,0.09765625,0.0244140625,-0.1220703125,1.416015625,0.08544921875,-0.91552734375,0.2685546875,-0.341796875,-0.09765625,-0.9521484375,0.2197265625,-0.72021484375,0.01220703125,-1.50146484375,-0.1953125,-0.23193359375,0.29296875,-0.3173828125,-0.13427734375,-1.20849609375,-0.20751953125,-0.4150390625,-0.45166015625,-0.048828125,0.0244140625,-0.3662109375,-0.08544921875,0.390625,0.048828125,-0.74462890625,-0.439453125,-1.46484375,-0.10986328125,-1.01318359375,0.06103515625,0.42724609375,-0.25634765625,0.927734375,0.341796875,0.52490234375,-0.048828125,0.35400390625,-0.146484375,0.45166015625,-0.1220703125,0,-0.06103515625,0.86669921875,-0.10986328125,-0.439453125,-0.06103515625,-0.48828125
1,-0.048828125,-0.390625,-0.439453125,-0.4150390625,0.23193359375,-0.4150390625,0.06103515625,0.048828125,0.25634765625,-0.09765625,-0.146484375,-0.91552734375,-0.146484375,0.89111328125,0.5126953125,-0.048828125,-0.1953125,4.08935546875,0.244140625,3.91845703125,0.25634765625,6.396484375,0.20751953125,2.880859375,-0.25634765625,-0.18310546875,-0.08544921875,-0.7568359375,-0.244140625,0.9521484375,-0.15869140625,0.23193359375,0.08544921875,-0.25634765625,-0.634765625,-0.9033203125,-0.08544921875,-0.3662109375,0.0244140625,-0.7080078125,-0.7568359375,-0.1220703125,0.06103515625,-0.6591796875,-0.1708984375,-0.45166015625,-0.01220703125,0.5615234375,0.25634765625,1.11083984375,0.1220703125,0.50048828125,-0.0244140625,-0.13427734375,0.0244140625,0.732421875,-0.03662109375,0.64697265625,-0.146484375,0.42724609375,-0.1220703125,0.57373046875,0.23193359375,0.1708984375,-0.32958984375,0.390625,-0.20751953125,1.08642578125,-0.146484375,0.20751953125,-0.048828125,0.29296875,-0.25634765625,0.30517578125,-0.0732421875,0.81787109375,0.08544921875,0.0244140625,-0.06103515625,1.40380859375,0.06103515625,-0.91552734375,0.244140625,-0.32958984375,-0.13427734375,-0.96435546875,0.18310546875,-0.732421875,0,-1.513671875,-0.146484375,-0.244140625,0.28076171875,-0.30517578125,-0.03662109375,-1.1962890625,-0.15869140625,-0.4638671875,-0.390625,-0.13427734375,-0.048828125,-0.40283203125,-0.0732421875,0.35400390625,-0.08544921875,-0.732421875,-0.37841796875,-1.45263671875,-0.146484375,-1.025390625,0.048828125,0.439453125,-0.3173828125,1.07421875,0.28076171875,0.6591796875,-0.09765625,0.47607421875,-0.25634765625,0.48828125,-0.09765625,0.0244140625,-0.06103515625,0.86669921875,-0.09765625,-0.439453125,-0.06103515625,-0.47607421875
1,0.01220703125,-0.390625,-0.4150390625,-0.37841796875,0.244140625,-0.42724609375,0.0732421875,0.048828125,0.2685546875,-0.15869140625,-0.15869140625,-0.96435546875,-0.13427734375,0.84228515625,0.52490234375,0.048828125,-0.1220703125,3.43017578125,0.23193359375,3.2958984375,0.37841796875,5.55419921875,0.09765625,2.38037109375,-0.23193359375,-0.1708984375,-0.1220703125,-0.7568359375,-0.23193359375,0.93994140625,-0.06103515625,0.244140625,0.13427734375,-0.23193359375,-0.68359375,-0.91552734375,-0.0732421875,-0.3662109375,0.01220703125,-0.7080078125,-0.68359375,-0.1220703125,-0.03662109375,-0.67138671875,-0.2197265625,-0.439453125,-0.01220703125,0.54931640625,0.23193359375,1.1474609375,0.01220703125,0.50048828125,0,-0.146484375,0.048828125,0.74462890625,-0.09765625,0.64697265625,-0.0732421875,0.45166015625,-0.1220703125,0.50048828125,0.1953125,0.146484375,-0.40283203125,0.37841796875,-0.13427734375,1.07421875,-0.1708984375,0.2197265625,0,0.28076171875,-0.3173828125,0.29296875,-0.0244140625,0.81787109375,0.06103515625,0.01220703125,0.0244140625,1.40380859375,0.0244140625,-0.91552734375,0.20751953125,-0.341796875,-0.1708984375,-0.9521484375,0.09765625,-0.74462890625,0,-1.513671875,-0.0732421875,-0.2197265625,0.2197265625,-0.30517578125,0.06103515625,-1.1962890625,-0.13427734375,-0.537109375,-0.30517578125,-0.30517578125,-0.10986328125,-0.48828125,-0.06103515625,0.29296875,-0.244140625,-0.7568359375,-0.244140625,-1.45263671875,-0.20751953125,-1.0009765625,0.0244140625,0.45166015625,-0.30517578125,1.1962890625,0.244140625,0.81787109375,-0.08544921875,0.54931640625,-0.25634765625,0.52490234375,-0.09765625,0.0244140625,-0.0732421875,0.87890625,-0.0732421875,-0.439453125,-0.0244140625,-0.439453125
1,0.0732421875,-0.390625,-0.390625,-0.341796875,0.23193359375,-0.40283203125,0.03662109375,0.03662109375,0.25634765625,-0.15869140625,-0.1708984375,-1.01318359375,-0.13427734375,0.81787109375,0.50048828125,0.244140625,-0.06103515625,2.67333984375,0.13427734375,2.63671875,0.42724609375,4.62646484375,-0.03662109375,1.806640625,-0.1953125,-0.15869140625,-0.15869140625,-0.76904296875,-0.1708984375,0.927734375,0.06103515625,0.23193359375,0.1708984375,-0.2197265625,-0.6591796875,-0.9521484375,-0.08544921875,-0.3662109375,-0.0244140625,-0.72021484375,-0.537109375,-0.13427734375,-0.09765625,-0.6591796875,-0.1953125,-0.42724609375,-0.048828125,0.5615234375,0.1953125,1.1962890625,-0.09765625,0.48828125,0.048828125,-0.15869140625,0.10986328125,0.74462890625,-0.15869140625,0.67138671875,-0.01220703125,0.4638671875,-0.15869140625,0.439453125,0.15869140625,0.146484375,-0.45166015625,0.3173828125,-0.048828125,1.03759765625,-0.20751953125,0.2197265625,0.0244140625,0.2685546875,-0.3662109375,0.28076171875,0.01220703125,0.86669921875,0.06103515625,0.03662109375,0.0732421875,1.37939453125,-0.03662109375,-0.9033203125,0.1708984375,-0.30517578125,-0.2197265625,-0.96435546875,-0.01220703125,-0.74462890625,-0.03662109375,-1.50146484375,0.01220703125,-0.2197265625,0.1220703125,-0.30517578125,0.18310546875,-1.18408203125,-0.09765625,-0.64697265625,-0.244140625,-0.50048828125,-0.15869140625,-0.57373046875,-0.03662109375,0.1953125,-0.3662109375,-0.7568359375,-0.08544921875,-1.45263671875,-0.2685546875,-0.98876953125,0.03662109375,0.45166015625,-0.28076171875,1.318359375,0.25634765625,0.9521484375,-0.0732421875,0.59814453125,-0.2685546875,0.54931640625,-0.09765625,0.048828125,-0.08544921875,0.8544921875,-0.0732421875,-0.4638671875,-0.0244140625,-0.439453125
1,0.03662109375,-0.390625,-0.37841796875,-0.244140625,0.25634765625,-0.42724609375,0.03662109375,0.03662109375,0.2685546875,-0.13427734375,-0.18310546875,-0.96435546875,-0.13427734375,0.84228515625,0.52490234375,0.6103515625,0,1.904296875,0.0244140625,1.9287109375,0.4150390625,3.67431640625,-0.146484375,1.20849609375,-0.08544921875,-0.146484375,-0.20751953125,-0.76904296875,-0.06103515625,0.93994140625,0.10986328125,0.2197265625,0.15869140625,-0.244140625,-0.6103515625,-0.93994140625,-0.048828125,-0.40283203125,-0.01220703125,-0.69580078125,-0.341796875,-0.15869140625,-0.15869140625,-0.634765625,-0.1953125,-0.4150390625,-0.06103515625,0.5615234375,0.18310546875,1.23291015625,-0.1953125,0.48828125,0.09765625,-0.1708984375,0.15869140625,0.76904296875,-0.2197265625,0.69580078125,0.03662109375,0.48828125,-0.18310546875,0.3662109375,0.18310546875,0.15869140625,-0.47607421875,0.2685546875,0.03662109375,1.03759765625,-0.2197265625,0.2197265625,0.03662109375,0.23193359375,-0.3662109375,0.2685546875,0.03662109375,0.87890625,0.048828125,0.0244140625,0.15869140625,1.35498046875,-0.08544921875,-0.91552734375,0.146484375,-0.3173828125,-0.25634765625,-0.96435546875,-0.1220703125,-0.7568359375,-0.048828125,-1.4892578125,0.13427734375,-0.244140625,0.0244140625,-0.2685546875,0.28076171875,-1.15966796875,-0.08544921875,-0.74462890625,-0.1953125,-0.6591796875,-0.2197265625,-0.634765625,-0.03662109375,0.09765625,-0.45166015625,-0.72021484375,0.03662109375,-1.4404296875,-0.35400390625,-0.9765625,0.048828125,0.45166015625,-0.28076171875,1.37939453125,0.23193359375,1.0986328125,-0.0732421875,0.64697265625,-0.3173828125,0.634765625,-0.1220703125,0.048828125,-0.06103515625,0.86669921875,-0.0732421875,-0.47607421875,-0.01220703125,-0.439453125
1,0.0732421875,-0.390625,-0.341796875,-0.15869140625,0.25634765625,-0.40283203125,0.03662109375,0.06103515625,0.2685546875,0.01220703125,-0.15869140625,-0.84228515625,-0.146484375,0.96435546875,0.40283203125,1.15966796875,0.03662109375,1.11083984375,-0.08544921875,1.1962890625,0.3173828125,2.734375,-0.23193359375,0.5859375,0.03662109375,-0.13427734375,-0.18310546875,-0.78125,0.048828125,0.9521484375,0.13427734375,0.23193359375,0.1708984375,-0.23193359375,-0.47607421875,-0.9033203125,-0.0244140625,-0.42724609375,0.01220703125,-0.7080078125,-0.18310546875,-0.1708984375,-0.15869140625,-0.64697265625,-0.10986328125,-0.37841796875,-0.048828125,0.54931640625,0.1708984375,1.23291015625,-0.2685546875,0.48828125,0.15869140625,-0.1953125,0.1953125,0.79345703125,-0.18310546875,0.68359375,0.1220703125,0.5126953125,-0.23193359375,0.3662109375,0.20751953125,0.13427734375,-0.5126953125,0.25634765625,0.08544921875,1.025390625,-0.20751953125,0.2197265625,0.06103515625,0.2197265625,-0.390625,0.25634765625,0.0732421875,0.86669921875,0.0244140625,0.03662109375,0.2197265625,1.35498046875,-0.15869140625,-0.89111328125,0.09765625,-0.32958984375,-0.29296875,-0.9521484375,-0.18310546875,-0.76904296875,-0.06103515625,-1.47705078125,0.20751953125,-0.2197265625,-0.03662109375,-0.244140625,0.32958984375,-1.18408203125,-0.06103515625,-0.81787109375,-0.1953125,-0.78125,-0.25634765625,-0.69580078125,-0.0244140625,0.0244140625,-0.439453125,-0.72021484375,0.10986328125,-1.4404296875,-0.390625,-0.98876953125,0.06103515625,0.439453125,-0.28076171875,1.45263671875,0.2197265625,1.220703125,-0.06103515625,0.67138671875,-0.2685546875,0.69580078125,-0.13427734375,0.0732421875,-0.06103515625,0.86669921875,-0.0732421875,-0.47607421875,-0.03662109375,-0.45166015625
1,0.09765625,-0.35400390625,-0.29296875,-0.08544921875,0.2197265625,-0.40283203125,0.0732421875,0.06103515625,0.28076171875,0.25634765625,-0.1708984375,-0.6591796875,-0.1708984375,1.1474609375,0.40283203125,1.9287109375,0.0244140625,0.37841796875,-0.1708984375,0.5615234375,0.13427734375,1.8798828125,-0.30517578125,0.048828125,0.13427734375,-0.1220703125,-0.1220703125,-0.76904296875,0.1220703125,0.927734375,0.0732421875,0.23193359375,0.20751953125,-0.25634765625,-0.32958984375,-0.86669921875,0,-0.45166015625,0.03662109375,-0.69580078125,-0.08544921875,-0.1953125,-0.08544921875,-0.634765625,-0.048828125,-0.390625,0,0.54931640625,0.13427734375,1.2451171875,-0.341796875,0.5126953125,0.1953125,-0.1708984375,0.1708984375,0.81787109375,-0.146484375,0.68359375,0.1953125,0.47607421875,-0.25634765625,0.3662109375,0.1708984375,0.146484375,-0.47607421875,0.2197265625,0.10986328125,1.0498046875,-0.1953125,0.2197265625,0.08544921875,0.2197265625,-0.40283203125,0.25634765625,0.0732421875,0.89111328125,0.03662109375,0.048828125,0.23193359375,1.35498046875,-0.244140625,-0.9033203125,0.06103515625,-0.3173828125,-0.32958984375,-0.9521484375,-0.20751953125,-0.7568359375,-0.08544921875,-1.46484375,0.2197265625,-0.25634765625,-0.048828125,-0.25634765625,0.341796875,-1.18408203125,-0.03662109375,-0.86669921875,-0.15869140625,-0.830078125,-0.25634765625,-0.7080078125,-0.0244140625,-0.0244140625,-0.29296875,-0.732421875,0.09765625,-1.4404296875,-0.40283203125,-1.0009765625,0.0732421875,0.45166015625,-0.29296875,1.47705078125,0.1953125,1.28173828125,-0.0732421875,0.6591796875,-0.29296875,0.76904296875,-0.13427734375,0.0732421875,-0.06103515625,0.84228515625,-0.0732421875,-0.48828125,-0.048828125,-0.45166015625
0,0.1220703125,-0.341796875,-0.1953125,0,0.20751953125,-0.40283203125,0.08544921875,0.06103515625,0.29296875,0.52490234375,-0.15869140625,-0.35400390625,-0.1708984375,1.3916015625,0.28076171875,2.89306640625,-0.0244140625,-0.29296875,-0.18310546875,0,-0.06103515625,1.15966796875,-0.3173828125,-0.439453125,0.1953125,-0.10986328125,-0.06103515625,-0.76904296875,0.23193359375,0.93994140625,0.01220703125,0.244140625,0.28076171875,-0.25634765625,-0.25634765625,-0.84228515625,0.0244140625,-0.4638671875,0.08544921875,-0.69580078125,-0.01220703125,-0.20751953125,0.03662109375,-0.634765625,0.01220703125,-0.37841796875,0.0732421875,0.5615234375,0.03662109375,1.23291015625,-0.35400390625,0.50048828125,0.1953125,-0.1708984375,0.1220703125,0.8056640625,-0.0732421875,0.6591796875,0.20751953125,0.47607421875,-0.30517578125,0.40283203125,0.13427734375,0.1220703125,-0.45166015625,0.2197265625,0.146484375,1.0498046875,-0.13427734375,0.20751953125,0.03662109375,0.2197265625,-0.390625,0.25634765625,0.1220703125,0.8544921875,0.0244140625,0.048828125,0.244140625,1.35498046875,-0.29296875,-0.91552734375,0.0244140625,-0.30517578125,-0.3662109375,-0.9521484375,-0.20751953125,-0.7568359375,-0.0732421875,-1.46484375,0.18310546875,-0.25634765625,-0.0244140625,-0.25634765625,0.2197265625,-1.1962890625,-0.0732421875,-0.86669921875,-0.25634765625,-0.8056640625,-0.25634765625,-0.7080078125,-0.06103515625,-0.048828125,-0.09765625,-0.74462890625,0.0244140625,-1.4404296875,-0.37841796875,-0.98876953125,0.08544921875,0.45166015625,-0.29296875,1.47705078125,0.1708984375,1.30615234375,-0.06103515625,0.634765625,-0.30517578125,0.8056640625,-0.1220703125,0.06103515625,-0.06103515625,0.830078125,-0.048828125,-0.50048828125,-0.06103515625,-0.47607421875
0,0.20751953125,-0.32958984375,-0.2197265625,0.01220703125,0.1708984375,-0.40283203125,0.09765625,0.0732421875,0.29296875,0.89111328125,-0.1953125,-0.0244140625,-0.15869140625,1.69677734375,0.2197265625,3.9794921875,-0.0732421875,-0.8056640625,-0.1708984375,-0.4638671875,-0.2685546875,0.59814453125,-0.35400390625,-0.84228515625,0.20751953125,-0.13427734375,0.0244140625,-0.76904296875,0.244140625,0.96435546875,-0.01220703125,0.2685546875,0.3662109375,-0.2685546875,-0.1953125,-0.81787109375,0.0732421875,-0.47607421875,0.09765625,-0.69580078125,0.01220703125,-0.20751953125,0.146484375,-0.64697265625,0.06103515625,-0.40283203125,0.13427734375,0.5615234375,-0.01220703125,1.20849609375,-0.28076171875,0.48828125,0.13427734375,-0.1708984375,0.0244140625,0.81787109375,0.048828125,0.634765625,0.15869140625,0.47607421875,-0.35400390625,0.4638671875,0.06103515625,0.13427734375,-0.4150390625,0.2197265625,0.1708984375,1.07421875,-0.0732421875,0.2197265625,0,0.2197265625,-0.30517578125,0.2685546875,0.10986328125,0.830078125,0,0.03662109375,0.2197265625,1.3671875,-0.3173828125,-0.927734375,-0.01220703125,-0.3173828125,-0.341796875,-0.93994140625,-0.1708984375,-0.76904296875,-0.03662109375,-1.46484375,0.10986328125,-0.2685546875,0.03662109375,-0.25634765625,0.01220703125,-1.220703125,-0.1220703125,-0.84228515625,-0.25634765625,-0.72021484375,-0.15869140625,-0.69580078125,-0.048828125,-0.03662109375,0.10986328125,-0.72021484375,-0.048828125,-1.42822265625,-0.3173828125,-1.0009765625,0.06103515625,0.45166015625,-0.29296875,1.4404296875,0.13427734375,1.30615234375,-0.06103515625,0.5859375,-0.25634765625,0.81787109375,-0.10986328125,0.06103515625,-0.03662109375,0.84228515625,-0.048828125,-0.5126953125,-0.08544921875,-0.50048828125
0,0.244140625,-0.3173828125,-0.2197265625,0,0.1708984375,-0.390625,0.09765625,0.0732421875,0.2685546875,1.25732421875,-0.18310546875,0.32958984375,-0.1708984375,2.0263671875,0.30517578125,5.13916015625,-0.13427734375,-1.1962890625,-0.15869140625,-0.78125,-0.42724609375,0.2197265625,-0.35400390625,-1.11083984375,0.1953125,-0.1220703125,0.10986328125,-0.76904296875,0.244140625,0.9521484375,-0.0244140625,0.25634765625,0.439453125,-0.29296875,-0.1953125,-0.79345703125,0.15869140625,-0.45166015625,0.10986328125,-0.68359375,-0.01220703125,-0.18310546875,0.2197265625,-0.6591796875,0.0732421875,-0.42724609375,0.20751953125,0.57373046875,-0.09765625,1.1962890625,-0.1953125,0.48828125,0.06103515625,-0.146484375,-0.048828125,0.79345703125,0.146484375,0.6103515625,0.06103515625,0.4638671875,-0.4150390625,0.50048828125,-0.01220703125,0.13427734375,-0.30517578125,0.244140625,0.20751953125,1.08642578125,-0.01220703125,0.23193359375,-0.06103515625,0.2197265625,-0.2197265625,0.29296875,0.13427734375,0.86669921875,-0.01220703125,0.048828125,0.1708984375,1.3916015625,-0.29296875,-0.93994140625,-0.06103515625,-0.30517578125,-0.29296875,-0.93994140625,-0.09765625,-0.7568359375,0.01220703125,-1.46484375,-0.01220703125,-0.2685546875,0.048828125,-0.2685546875,-0.18310546875,-1.23291015625,-0.2197265625,-0.8056640625,-0.35400390625,-0.634765625,-0.13427734375,-0.6591796875,-0.10986328125,-0.03662109375,0.28076171875,-0.74462890625,-0.10986328125,-1.45263671875,-0.23193359375,-1.01318359375,0.0244140625,0.439453125,-0.30517578125,1.3916015625,0.10986328125,1.25732421875,-0.048828125,0.537109375,-0.244140625,0.79345703125,-0.09765625,0.048828125,-0.048828125,0.84228515625,-0.0244140625,-0.48828125,-0.08544921875,-0.5126953125
0,0.244140625,-0.3173828125,-0.20751953125,-0.048828125,0.1220703125,-0.40283203125,0.09765625,0.048828125,0.28076171875,1.59912109375,-0.20751953125,0.634765625,-0.1708984375,2.33154296875,0.4150390625,6.28662109375,-0.20751953125,-1.416015625,-0.09765625,-0.96435546875,-0.52490234375,0.01220703125,-0.3662109375,-1.25732421875,0.15869140625,-0.1220703125,0.15869140625,-0.7568359375,0.23193359375,0.9521484375,-0.01220703125,0.2685546875,0.45166015625,-0.28076171875,-0.25634765625,-0.79345703125,0.2197265625,-0.439453125,0.10986328125,-0.69580078125,-0.0244140625,-0.18310546875,0.29296875,-0.6591796875,0.09765625,-0.45166015625,0.23193359375,0.5615234375,-0.06103515625,1.1962890625,-0.09765625,0.48828125,0,-0.1708984375,-0.13427734375,0.78125,0.1953125,0.634765625,0.0244140625,0.45166015625,-0.439453125,0.54931640625,-0.10986328125,0.1220703125,-0.1708984375,0.25634765625,0.2197265625,1.0986328125,0.01220703125,0.244140625,-0.0732421875,0.244140625,-0.1220703125,0.30517578125,0.18310546875,0.8544921875,-0.03662109375,0.0244140625,0.13427734375,1.40380859375,-0.25634765625,-0.93994140625,-0.09765625,-0.29296875,-0.2197265625,-0.91552734375,-0.06103515625,-0.74462890625,0.03662109375,-1.47705078125,-0.09765625,-0.28076171875,0.048828125,-0.29296875,-0.3662109375,-1.2451171875,-0.29296875,-0.74462890625,-0.47607421875,-0.57373046875,-0.09765625,-0.634765625,-0.09765625,-0.01220703125,0.35400390625,-0.74462890625,-0.13427734375,-1.4404296875,-0.146484375,-1.025390625,0,0.439453125,-0.25634765625,1.30615234375,0.10986328125,1.20849609375,-0.0732421875,0.50048828125,-0.20751953125,0.72021484375,-0.0732421875,0.03662109375,-0.048828125,0.84228515625,-0.048828125,-0.48828125,-0.06103515625,-0.5126953125
0,0.2685546875,-0.32958984375,-0.244140625,-0.1220703125,0.10986328125,-0.40283203125,0.09765625,0.048828125,0.2685546875,1.89208984375,-0.1953125,0.89111328125,-0.15869140625,2.57568359375,0.439453125,7.31201171875,-0.29296875,-1.513671875,-0.08544921875,-1.0009765625,-0.48828125,-0.06103515625,-0.35400390625,-1.33056640625,0.09765625,-0.13427734375,0.1953125,-0.76904296875,0.18310546875,0.93994140625,0,0.28076171875,0.47607421875,-0.2685546875,-0.37841796875,-0.8056640625,0.25634765625,-0.42724609375,0.048828125,-0.69580078125,-0.06103515625,-0.18310546875,0.28076171875,-0.6591796875,0.10986328125,-0.45166015625,0.23193359375,0.537109375,-0.01220703125,1.1962890625,0.0244140625,0.50048828125,-0.09765625,-0.146484375,-0.18310546875,0.7568359375,0.23193359375,0.6103515625,-0.01220703125,0.45166015625,-0.42724609375,0.5615234375,-0.18310546875,0.1220703125,-0.0244140625,0.2685546875,0.1953125,1.11083984375,0.03662109375,0.28076171875,-0.048828125,0.25634765625,-0.0732421875,0.30517578125,0.1953125,0.8544921875,-0.03662109375,0.03662109375,0.06103515625,1.40380859375,-0.244140625,-0.927734375,-0.1220703125,-0.30517578125,-0.146484375,-0.927734375,-0.048828125,-0.76904296875,0.048828125,-1.4892578125,-0.20751953125,-0.29296875,-0.048828125,-0.29296875,-0.45166015625,-1.23291015625,-0.29296875,-0.732421875,-0.48828125,-0.54931640625,-0.01220703125,-0.59814453125,-0.048828125,0,0.32958984375,-0.74462890625,-0.1220703125,-1.4404296875,-0.03662109375,-1.01318359375,-0.01220703125,0.42724609375,-0.28076171875,1.23291015625,0.048828125,1.11083984375,-0.06103515625,0.48828125,-0.3173828125,0.59814453125,-0.048828125,0.06103515625,-0.03662109375,0.81787109375,-0.09765625,-0.47607421875,-0.0732421875,-0.48828125
0,0.29296875,-0.35400390625,-0.1953125,-0.18310546875,0.06103515625,-0.40283203125,0.1220703125,0.048828125,0.244140625,2.099609375,-0.20751953125,1.06201171875,-0.1708984375,2.77099609375,0.30517578125,8.1298828125,-0.3173828125,-1.50146484375,0.0244140625,-0.96435546875,-0.37841796875,0,-0.35400390625,-1.30615234375,0.08544921875,-0.1220703125,0.1953125,-0.76904296875,0.1220703125,0.93994140625,0,0.28076171875,0.5615234375,-0.2685546875,-0.5126953125,-0.830078125,0.2685546875,-0.42724609375,0.03662109375,-0.68359375,-0.09765625,-0.1708984375,0.25634765625,-0.67138671875,0.1220703125,-0.439453125,0.146484375,0.54931640625,0.06103515625,1.220703125,0.10986328125,0.48828125,-0.1708984375,-0.15869140625,-0.1953125,0.74462890625,0.20751953125,0.64697265625,-0.0244140625,0.4638671875,-0.3662109375,0.59814453125,-0.23193359375,0.1220703125,0.10986328125,0.2685546875,0.1953125,1.11083984375,0.0732421875,0.28076171875,-0.0732421875,0.244140625,-0.01220703125,0.30517578125,0.2197265625,0.84228515625,-0.0244140625,0.048828125,0.0244140625,1.40380859375,-0.1953125,-0.927734375,-0.13427734375,-0.30517578125,-0.08544921875,-0.93994140625,-0.048828125,-0.7568359375,0.06103515625,-1.50146484375,-0.23193359375,-0.29296875,-0.15869140625,-0.3173828125,-0.35400390625,-1.23291015625,-0.35400390625,-0.68359375,-0.54931640625,-0.537109375,0.01220703125,-0.5859375,0.01220703125,0.03662109375,0.23193359375,-0.74462890625,-0.048828125,-1.42822265625,0.06103515625,-0.98876953125,-0.01220703125,0.439453125,-0.18310546875,1.1474609375,0.08544921875,1.0498046875,-0.0244140625,0.47607421875,-0.29296875,0.48828125,-0.0244140625,0.048828125,-0.048828125,0.81787109375,-0.10986328125,-0.4638671875,-0.048828125,-0.5126953125
0,0.28076171875,-0.37841796875,-0.1953125,-0.244140625,0.01220703125,-0.40283203125,0.13427734375,0.0244140625,0.244140625,2.18505859375,-0.1953125,1.1474609375,-0.1708984375,2.8564453125,0.32958984375,8.65478515625,-0.32958984375,-1.40380859375,0.06103515625,-0.89111328125,-0.3173828125,0.13427734375,-0.35400390625,-1.23291015625,0.048828125,-0.15869140625,0.1220703125,-0.76904296875,0.0732421875,0.927734375,-0.03662109375,0.28076171875,0.5859375,-0.29296875,-0.5615234375,-0.86669921875,0.20751953125,-0.42724609375,0.03662109375,-0.7080078125,-0.09765625,-0.146484375,0.1708984375,-0.67138671875,0.10986328125,-0.439453125,0.0732421875,0.52490234375,0.18310546875,1.26953125,0.20751953125,0.48828125,-0.1708984375,-0.146484375,-0.2197265625,0.74462890625,0.18310546875,0.6591796875,-0.01220703125,0.47607421875,-0.35400390625,0.57373046875,-0.23193359375,0.10986328125,0.1708984375,0.2685546875,0.18310546875,1.0986328125,0.08544921875,0.28076171875,-0.03662109375,0.2197265625,0.01220703125,0.29296875,0.23193359375,0.830078125,0.01220703125,0.03662109375,-0.03662109375,1.35498046875,-0.146484375,-0.927734375,-0.08544921875,-0.28076171875,-0.06103515625,-0.93994140625,-0.06103515625,-0.7568359375,0,-1.4892578125,-0.23193359375,-0.30517578125,-0.30517578125,-0.30517578125,-0.244140625,-1.23291015625,-0.32958984375,-0.72021484375,-0.48828125,-0.5859375,0.06103515625,-0.59814453125,0.06103515625,0.0244140625,0.03662109375,-0.732421875,0.048828125,-1.42822265625,0.09765625,-0.98876953125,0.0244140625,0.45166015625,-0.20751953125,1.0986328125,0,0.96435546875,-0.0732421875,0.48828125,-0.32958984375,0.390625,0,0.03662109375,-0.03662109375,0.81787109375,-0.0732421875,-0.439453125,-0.048828125,-0.537109375
0,0.4150390625,-0.3662109375,-0.20751953125,-0.2685546875,-0.03662109375,-0.40283203125,0.18310546875,0.0244140625,0.23193359375,2.197265625,-0.23193359375,1.13525390625,-0.15869140625,2.880859375,0.341796875,8.87451171875,-0.2197265625,-1.26953125,0.09765625,-0.7568359375,-0.09765625,0.3173828125,-0.2685546875,-1.13525390625,0.06103515625,-0.13427734375,0.01220703125,-0.7568359375,0.0244140625,0.9521484375,-0.146484375,0.2685546875,0.634765625,-0.25634765625,-0.59814453125,-0.89111328125,0.13427734375,-0.40283203125,0.03662109375,-0.732421875,-0.1220703125,-0.13427734375,0.0244140625,-0.68359375,0.10986328125,-0.4150390625,0,0.52490234375,0.2197265625,1.318359375,0.2685546875,0.48828125,-0.2197265625,-0.146484375,-0.2685546875,0.74462890625,0.0732421875,0.6591796875,0.0244140625,0.48828125,-0.29296875,0.5615234375,-0.20751953125,0.10986328125,0.2685546875,0.244140625,0.18310546875,1.06201171875,0.0732421875,0.28076171875,0.01220703125,0.23193359375,0.048828125,0.28076171875,0.244140625,0.8544921875,0,0.048828125,-0.08544921875,1.3671875,-0.146484375,-0.91552734375,-0.01220703125,-0.28076171875,-0.048828125,-0.96435546875,-0.048828125,-0.76904296875,-0.0732421875,-1.4892578125,-0.20751953125,-0.29296875,-0.439453125,-0.3173828125,-0.03662109375,-1.220703125,-0.32958984375,-0.74462890625,-0.390625,-0.64697265625,0.0732421875,-0.5859375,0.08544921875,0.03662109375,-0.146484375,-0.72021484375,0.1220703125,-1.4404296875,0.1220703125,-0.9765625,0.048828125,0.4638671875,-0.2197265625,1.07421875,-0.048828125,0.87890625,-0.08544921875,0.4638671875,-0.4150390625,0.30517578125,-0.01220703125,0.03662109375,-0.048828125,0.81787109375,-0.08544921875,-0.439453125,-0.048828125,-0.5126953125
0,0.4150390625,-0.40283203125,-0.1708984375,-0.2685546875,-0.048828125,-0.40283203125,0.18310546875,0.0244140625,0.23193359375,2.11181640625,-0.23193359375,1.06201171875,-0.1708984375,2.783203125,0.3662109375,8.72802734375,-0.08544921875,-1.13525390625,0.1220703125,-0.634765625,0.08544921875,0.47607421875,-0.1708984375,-1.0009765625,0.09765625,-0.1220703125,-0.08544921875,-0.76904296875,0.01220703125,0.96435546875,-0.2197265625,0.28076171875,0.5126953125,-0.244140625,-0.59814453125,-0.89111328125,0.03662109375,-0.4150390625,-0.01220703125,-0.72021484375,-0.18310546875,-0.1220703125,-0.048828125,-0.68359375,0.10986328125,-0.40283203125,-0.01220703125,0.537109375,0.2685546875,1.3671875,0.28076171875,0.50048828125,-0.23193359375,-0.15869140625,-0.28076171875,0.732421875,-0.08544921875,0.67138671875,0.048828125,0.50048828125,-0.32958984375,0.5126953125,-0.09765625,0.09765625,0.3173828125,0.2197265625,0.13427734375,1.0498046875,0.08544921875,0.2685546875,0.048828125,0.2197265625,0.09765625,0.2685546875,0.244140625,0.87890625,0.01220703125,0.048828125,-0.10986328125,1.3427734375,-0.10986328125,-0.927734375,0.08544921875,-0.28076171875,-0.03662109375,-0.9765625,-0.0244140625,-0.76904296875,-0.15869140625,-1.4892578125,-0.146484375,-0.29296875,-0.52490234375,-0.29296875,0.1708984375,-1.25732421875,-0.29296875,-0.78125,-0.30517578125,-0.69580078125,0.03662109375,-0.6103515625,0.10986328125,0.01220703125,-0.32958984375,-0.72021484375,0.15869140625,-1.4404296875,0.10986328125,-1.0009765625,0.048828125,0.45166015625,-0.13427734375,1.025390625,0.01220703125,0.79345703125,-0.03662109375,0.40283203125,-0.3662109375,0.20751953125,-0.01220703125,0.03662109375,-0.06103515625,0.81787109375,-0.048828125,-0.42724609375,-0.048828125,-0.48828125
0,0.439453125,-0.40283203125,-0.146484375,-0.244140625,-0.03662109375,-0.4150390625,0.1953125,0.01220703125,0.23193359375,1.94091796875,-0.244140625,0.9033203125,-0.18310546875,2.63671875,0.3662109375,8.30078125,0.0244140625,-1.025390625,0.1220703125,-0.537109375,0.23193359375,0.6103515625,-0.1220703125,-0.9033203125,0.10986328125,-0.13427734375,-0.146484375,-0.76904296875,0.03662109375,0.93994140625,-0.2685546875,0.25634765625,0.3662109375,-0.23193359375,-0.5126953125,-0.87890625,-0.03662109375,-0.4150390625,-0.03662109375,-0.732421875,-0.29296875,-0.1220703125,-0.1220703125,-0.68359375,0.03662109375,-0.390625,-0.048828125,0.52490234375,0.244140625,1.3916015625,0.29296875,0.50048828125,-0.18310546875,-0.146484375,-0.3173828125,0.7568359375,-0.244140625,0.68359375,0.048828125,0.48828125,-0.3662109375,0.48828125,0.01220703125,0.1220703125,0.3662109375,0.20751953125,0.10986328125,1.03759765625,0.0732421875,0.244140625,0.09765625,0.2197265625,0.13427734375,0.244140625,0.244140625,0.84228515625,0.0244140625,0.06103515625,-0.1220703125,1.318359375,-0.10986328125,-0.89111328125,0.1708984375,-0.2685546875,-0.048828125,-1.01318359375,0,-0.76904296875,-0.244140625,-1.47705078125,-0.06103515625,-0.244140625,-0.52490234375,-0.30517578125,0.25634765625,-1.25732421875,-0.23193359375,-0.79345703125,-0.244140625,-0.72021484375,0.0244140625,-0.62255859375,0.10986328125,0.01220703125,-0.45166015625,-0.72021484375,0.15869140625,-1.4404296875,0.08544921875,-0.98876953125,0.0244140625,0.45166015625,-0.18310546875,0.96435546875,-0.01220703125,0.7080078125,-0.06103515625,0.35400390625,-0.4150390625,0.1953125,-0.0244140625,0.048828125,-0.06103515625,0.8056640625,-0.048828125,-0.4638671875,-0.03662109375,-0.48828125
0,0.390625,-0.390625,-0.20751953125,-0.20751953125,-0.048828125,-0.40283203125,0.18310546875,0,0.2197265625,1.77001953125,-0.244140625,0.7080078125,-0.1708984375,2.45361328125,0.244140625,7.6416015625,0.13427734375,-0.93994140625,0.146484375,-0.47607421875,0.29296875,0.67138671875,-0.0732421875,-0.8544921875,0.1220703125,-0.1220703125,-0.1953125,-0.78125,0.10986328125,0.9521484375,-0.28076171875,0.25634765625,0.2197265625,-0.244140625,-0.4638671875,-0.87890625,-0.10986328125,-0.4150390625,-0.09765625,-0.7080078125,-0.390625,-0.15869140625,-0.13427734375,-0.67138671875,-0.08544921875,-0.37841796875,-0.06103515625,0.52490234375,0.15869140625,1.40380859375,0.2197265625,0.5126953125,-0.06103515625,-0.15869140625,-0.32958984375,0.78125,-0.35400390625,0.67138671875,0.08544921875,0.47607421875,-0.37841796875,0.48828125,0.18310546875,0.13427734375,0.40283203125,0.1953125,0.08544921875,1.025390625,0.08544921875,0.2197265625,0.09765625,0.1953125,0.20751953125,0.244140625,0.20751953125,0.8544921875,-0.01220703125,0.048828125,-0.0732421875,1.318359375,-0.1220703125,-0.9033203125,0.2685546875,-0.28076171875,-0.06103515625,-1.025390625,0.01220703125,-0.76904296875,-0.3173828125,-1.50146484375,0.03662109375,-0.244140625,-0.439453125,-0.29296875,0.29296875,-1.23291015625,-0.1708984375,-0.76904296875,-0.244140625,-0.68359375,-0.06103515625,-0.6103515625,0.09765625,0.03662109375,-0.45166015625,-0.732421875,0.08544921875,-1.42822265625,0.0732421875,-0.98876953125,-0.03662109375,0.4638671875,-0.20751953125,0.89111328125,-0.01220703125,0.59814453125,-0.06103515625,0.29296875,-0.4638671875,0.1708984375,-0.048828125,0.0732421875,-0.0244140625,0.830078125,-0.06103515625,-0.439453125,-0.01220703125,-0.4638671875
0,0.40283203125,-0.3662109375,-0.1220703125,-0.1708984375,-0.08544921875,-0.390625,0.20751953125,0.01220703125,0.2197265625,1.55029296875,-0.2685546875,0.52490234375,-0.1708984375,2.2705078125,0.15869140625,6.8359375,0.18310546875,-0.9033203125,0.1953125,-0.45166015625,0.2685546875,0.68359375,0,-0.830078125,0.13427734375,-0.09765625,-0.1708984375,-0.78125,0.15869140625,0.9521484375,-0.244140625,0.23193359375,0.03662109375,-0.23193359375,-0.48828125,-0.8544921875,-0.146484375,-0.42724609375,-0.09765625,-0.68359375,-0.45166015625,-0.15869140625,-0.10986328125,-0.67138671875,-0.146484375,-0.35400390625,-0.048828125,0.54931640625,0.18310546875,1.3916015625,0.1220703125,0.5126953125,0.0732421875,-0.146484375,-0.3173828125,0.79345703125,-0.40283203125,0.67138671875,0.13427734375,0.47607421875,-0.30517578125,0.4638671875,0.28076171875,0.15869140625,0.40283203125,0.2197265625,0,1.025390625,0.09765625,0.2197265625,0.08544921875,0.20751953125,0.25634765625,0.244140625,0.1220703125,0.81787109375,0,0.048828125,-0.06103515625,1.3427734375,-0.09765625,-0.927734375,0.32958984375,-0.28076171875,-0.09765625,-0.98876953125,0.03662109375,-0.76904296875,-0.32958984375,-1.47705078125,0.06103515625,-0.23193359375,-0.28076171875,-0.28076171875,0.244140625,-1.2451171875,-0.10986328125,-0.732421875,-0.20751953125,-0.62255859375,-0.10986328125,-0.6103515625,0.146484375,0.10986328125,-0.3662109375,-0.7080078125,-0.03662109375,-1.42822265625,0.0244140625,-1.01318359375,-0.048828125,0.4638671875,-0.1708984375,0.81787109375,0,0.48828125,-0.03662109375,0.20751953125,-0.40283203125,0.1708984375,-0.0732421875,0.10986328125,-0.03662109375,0.830078125,-0.0732421875,-0.4638671875,-0.01220703125,-0.4638671875
0,0.439453125,-0.341796875,-0.146484375,-0.10986328125,-0.10986328125,-0.40283203125,0.1953125,0.0244140625,0.20751953125,1.37939453125,-0.25634765625,0.35400390625,-0.1708984375,2.099609375,0.08544921875,5.99365234375,0.1953125,-0.89111328125,0.2197265625,-0.48828125,0.2197265625,0.64697265625,0.06103515625,-0.830078125,0.10986328125,-0.09765625,-0.146484375,-0.7568359375,0.20751953125,0.927734375,-0.1708984375,0.244140625,-0.01220703125,-0.25634765625,-0.4638671875,-0.81787109375,-0.15869140625,-0.439453125,-0.13427734375,-0.68359375,-0.45166015625,-0.1708984375,-0.06103515625,-0.6591796875,-0.23193359375,-0.390625,0.01220703125,0.54931640625,0.146484375,1.37939453125,0,0.52490234375,0.1953125,-0.13427734375,-0.29296875,0.79345703125,-0.390625,0.67138671875,0.1708984375,0.47607421875,-0.2197265625,0.4638671875,0.341796875,0.1708984375,0.439453125,0.244140625,-0.03662109375,1.025390625,0.06103515625,0.20751953125,0.09765625,0.2197265625,0.25634765625,0.28076171875,0.06103515625,0.78125,-0.0244140625,0.03662109375,-0.0244140625,1.3671875,-0.06103515625,-0.9033203125,0.3173828125,-0.30517578125,-0.13427734375,-1.0009765625,0.03662109375,-0.76904296875,-0.3173828125,-1.46484375,0.0732421875,-0.18310546875,-0.09765625,-0.28076171875,0.1220703125,-1.220703125,-0.0244140625,-0.67138671875,-0.18310546875,-0.47607421875,-0.15869140625,-0.537109375,0.10986328125,0.18310546875,-0.2197265625,-0.7080078125,-0.1708984375,-1.42822265625,-0.048828125,-1.01318359375,-0.0732421875,0.4638671875,-0.1953125,0.732421875,-0.01220703125,0.390625,-0.06103515625,0.13427734375,-0.42724609375,0.1953125,-0.08544921875,0.0732421875,-0.0244140625,0.8544921875,-0.0732421875,-0.45166015625,0.03662109375,-0.4638671875
0,0.4150390625,-0.32958984375,-0.13427734375,-0.06103515625,-0.13427734375,-0.390625,0.20751953125,0.03662109375,0.1708984375,1.220703125,-0.2685546875,0.1953125,-0.15869140625,1.96533203125,0.0244140625,5.2734375,0.1708984375,-0.91552734375,0.25634765625,-0.52490234375,0.15869140625,0.57373046875,0.146484375,-0.86669921875,0.08544921875,-0.08544921875,-0.08544921875,-0.76904296875,0.2685546875,0.9521484375,-0.048828125,0.23193359375,0.06103515625,-0.244140625,-0.47607421875,-0.79345703125,-0.13427734375,-0.42724609375,-0.1708984375,-0.68359375,-0.40283203125,-0.1708984375,-0.01220703125,-0.64697265625,-0.3173828125,-0.4150390625,0.0732421875,0.5859375,0.03662109375,1.318359375,-0.09765625,0.52490234375,0.28076171875,-0.10986328125,-0.2685546875,0.81787109375,-0.341796875,0.64697265625,0.18310546875,0.45166015625,-0.08544921875,0.47607421875,0.3173828125,0.15869140625,0.48828125,0.25634765625,-0.15869140625,1.06201171875,0.08544921875,0.2197265625,0.048828125,0.23193359375,0.244140625,0.30517578125,0,0.81787109375,0,0.0244140625,-0.01220703125,1.3916015625,-0.0244140625,-0.9033203125,0.2685546875,-0.29296875,-0.13427734375,-0.98876953125,0.03662109375,-0.7568359375,-0.244140625,-1.46484375,0.03662109375,-0.1708984375,0.0732421875,-0.2685546875,0,-1.23291015625,0.03662109375,-0.59814453125,-0.15869140625,-0.3173828125,-0.1708984375,-0.5126953125,0.06103515625,0.2685546875,0.01220703125,-0.72021484375,-0.29296875,-1.416015625,-0.06103515625,-1.0009765625,-0.048828125,0.439453125,-0.15869140625,0.69580078125,-0.0244140625,0.3173828125,-0.0732421875,0.09765625,-0.40283203125,0.23193359375,-0.08544921875,0.0732421875,-0.0244140625,0.84228515625,-0.03662109375,-0.439453125,0.03662109375,-0.45166015625
1,0.439453125,-0.3173828125,-0.0732421875,-0.01220703125,-0.146484375,-0.37841796875,0.2197265625,0.048828125,0.1708984375,1.11083984375,-0.25634765625,0.1220703125,-0.18310546875,1.8798828125,0,4.736328125,0.0732421875,-0.9521484375,0.244140625,-0.5615234375,0.10986328125,0.47607421875,0.10986328125,-0.91552734375,0.01220703125,-0.10986328125,-0.01220703125,-0.7568359375,0.3173828125,0.9521484375,0.06103515625,0.23193359375,0.2197265625,-0.25634765625,-0.5615234375,-0.79345703125,-0.08544921875,-0.42724609375,-0.1708984375,-0.67138671875,-0.29296875,-0.18310546875,0.10986328125,-0.634765625,-0.32958984375,-0.4150390625,0.146484375,0.5859375,0.0244140625,1.26953125,-0.18310546875,0.5126953125,0.30517578125,-0.1220703125,-0.244140625,0.76904296875,-0.25634765625,0.64697265625,0.18310546875,0.439453125,0.03662109375,0.5126953125,0.25634765625,0.15869140625,0.42724609375,0.30517578125,-0.244140625,1.07421875,0.0732421875,0.2197265625,0,0.244140625,0.20751953125,0.32958984375,-0.09765625,0.79345703125,0.048828125,0.0244140625,-0.03662109375,1.40380859375,0,-0.91552734375,0.1953125,-0.28076171875,-0.15869140625,-0.9765625,-0.0244140625,-0.7568359375,-0.13427734375,-1.47705078125,0,-0.1708984375,0.15869140625,-0.28076171875,-0.08544921875,-1.23291015625,0.10986328125,-0.5126953125,0.03662109375,-0.20751953125,-0.1953125,-0.47607421875,0.048828125,0.32958984375,0.1708984375,-0.72021484375,-0.28076171875,-1.3916015625,-0.08544921875,-1.01318359375,-0.06103515625,0.42724609375,-0.2197265625,0.67138671875,-0.08544921875,0.28076171875,-0.13427734375,0.1220703125,-0.5126953125,0.3173828125,-0.08544921875,0.08544921875,-0.0244140625,0.87890625,-0.06103515625,-0.439453125,0.0732421875,-0.439453125
1,0.40283203125,-0.3173828125,-0.09765625,0.0244140625,-0.146484375,-0.3662109375,0.20751953125,0.048828125,0.1708984375,1.0498046875,-0.244140625,0.08544921875,-0.18310546875,1.8310546875,0.06103515625,4.40673828125,-0.0244140625,-1.0009765625,0.1953125,-0.6103515625,0.03662109375,0.40283203125,0.06103515625,-0.9521484375,0,-0.0732421875,0.06103515625,-0.76904296875,0.32958984375,0.93994140625,0.13427734375,0.244140625,0.45166015625,-0.2685546875,-0.6591796875,-0.79345703125,-0.01220703125,-0.42724609375,-0.1953125,-0.68359375,-0.15869140625,-0.1708984375,0.13427734375,-0.634765625,-0.3173828125,-0.4150390625,0.23193359375,0.5859375,-0.03662109375,1.2451171875,-0.2197265625,0.50048828125,0.35400390625,-0.10986328125,-0.244140625,0.732421875,-0.1708984375,0.64697265625,0.146484375,0.439453125,0.20751953125,0.52490234375,0.13427734375,0.13427734375,0.32958984375,0.32958984375,-0.28076171875,1.0986328125,0.08544921875,0.20751953125,-0.08544921875,0.244140625,0.1953125,0.35400390625,-0.10986328125,0.81787109375,0.09765625,0.03662109375,-0.048828125,1.40380859375,0.0244140625,-0.9033203125,0.08544921875,-0.30517578125,-0.146484375,-0.93994140625,-0.1220703125,-0.7568359375,0,-1.46484375,-0.03662109375,-0.1708984375,0.15869140625,-0.28076171875,-0.1220703125,-1.220703125,0.146484375,-0.5126953125,0.01220703125,-0.1220703125,-0.1953125,-0.45166015625,-0.01220703125,0.35400390625,0.244140625,-0.72021484375,-0.1953125,-1.3916015625,-0.10986328125,-1.0009765625,-0.06103515625,0.439453125,-0.13427734375,0.732421875,-0.03662109375,0.3173828125,-0.06103515625,0.15869140625,-0.40283203125,0.4150390625,-0.09765625,0.08544921875,-0.048828125,0.89111328125,-0.0732421875,-0.439453125,0.08544921875,-0.439453125
1,0.390625,-0.30517578125,0.01220703125,-0.01220703125,-0.15869140625,-0.37841796875,0.2197265625,0.048828125,0.15869140625,1.03759765625,-0.2197265625,0.10986328125,-0.15869140625,1.84326171875,-0.048828125,4.296875,-0.08544921875,-1.01318359375,0.1708984375,-0.634765625,-0.01220703125,0.35400390625,-0.03662109375,-0.98876953125,-0.03662109375,-0.09765625,0.146484375,-0.74462890625,0.37841796875,0.93994140625,0.1953125,0.244140625,0.67138671875,-0.2685546875,-0.72021484375,-0.830078125,0.03662109375,-0.439453125,-0.1953125,-0.69580078125,-0.048828125,-0.18310546875,0.146484375,-0.634765625,-0.23193359375,-0.40283203125,0.23193359375,0.59814453125,0,1.220703125,-0.2685546875,0.48828125,0.32958984375,-0.1220703125,-0.1953125,0.72021484375,-0.0732421875,0.62255859375,0.13427734375,0.42724609375,0.30517578125,0.537109375,0.01220703125,0.13427734375,0.244140625,0.3662109375,-0.341796875,1.11083984375,0.08544921875,0.244140625,-0.146484375,0.25634765625,0.15869140625,0.35400390625,-0.1708984375,0.830078125,0.146484375,0.03662109375,-0.08544921875,1.40380859375,0.0244140625,-0.87890625,-0.01220703125,-0.28076171875,-0.10986328125,-0.91552734375,-0.20751953125,-0.7568359375,0.08544921875,-1.46484375,-0.06103515625,-0.18310546875,0.06103515625,-0.28076171875,-0.08544921875,-1.20849609375,0.13427734375,-0.5126953125,0.01220703125,-0.13427734375,-0.2197265625,-0.47607421875,-0.0244140625,0.32958984375,0.244140625,-0.74462890625,-0.0244140625,-1.40380859375,-0.0732421875,-1.0009765625,-0.048828125,0.42724609375,-0.1220703125,0.84228515625,-0.06103515625,0.4638671875,-0.06103515625,0.244140625,-0.3173828125,0.5126953125,-0.09765625,0.0732421875,-0.03662109375,0.87890625,-0.06103515625,-0.42724609375,0.10986328125,-0.439453125
1,0.45166015625,-0.32958984375,0.06103515625,-0.048828125,-0.1708984375,-0.37841796875,0.244140625,0.048828125,0.15869140625,1.06201171875,-0.23193359375,0.13427734375,-0.18310546875,1.86767578125,-0.09765625,4.40673828125,-0.18310546875,-1.01318359375,0.10986328125,-0.62255859375,-0.048828125,0.341796875,-0.20751953125,-0.9765625,-0.01220703125,-0.10986328125,0.1708984375,-0.76904296875,0.390625,0.96435546875,0.2197265625,0.23193359375,0.79345703125,-0.2685546875,-0.6591796875,-0.84228515625,0.10986328125,-0.439453125,-0.1220703125,-0.69580078125,0.01220703125,-0.1953125,0.13427734375,-0.634765625,-0.13427734375,-0.40283203125,0.2197265625,0.5615234375,0.09765625,1.1962890625,-0.2685546875,0.48828125,0.30517578125,-0.1220703125,-0.1220703125,0.72021484375,-0.0244140625,0.64697265625,0.09765625,0.439453125,0.3662109375,0.52490234375,-0.06103515625,0.10986328125,0.13427734375,0.3662109375,-0.390625,1.0986328125,0.08544921875,0.25634765625,-0.2197265625,0.25634765625,0.0732421875,0.341796875,-0.1708984375,0.84228515625,0.18310546875,0.03662109375,-0.146484375,1.40380859375,0.01220703125,-0.87890625,-0.09765625,-0.25634765625,-0.0732421875,-0.91552734375,-0.2197265625,-0.732421875,0.13427734375,-1.46484375,-0.06103515625,-0.18310546875,-0.08544921875,-0.28076171875,-0.0244140625,-1.20849609375,0.09765625,-0.5859375,0.0244140625,-0.2197265625,-0.2197265625,-0.52490234375,-0.0244140625,0.28076171875,0.1220703125,-0.74462890625,0.15869140625,-1.416015625,-0.06103515625,-1.01318359375,-0.06103515625,0.439453125,-0.10986328125,0.98876953125,-0.06103515625,0.634765625,-0.0732421875,0.35400390625,-0.30517578125,0.6103515625,-0.09765625,0.08544921875,-0.048828125,0.87890625,-0.0732421875,-0.439453125,0.1220703125,-0.45166015625
1,0.47607421875,-0.3173828125,0.0244140625,-0.09765625,-0.18310546875,-0.37841796875,0.25634765625,0.0244140625,0.15869140625,1.123046875,-0.23193359375,0.15869140625,-0.1953125,1.91650390625,-0.09765625,4.62646484375,-0.244140625,-0.9765625,-0.048828125,-0.5859375,-0.18310546875,0.35400390625,-0.48828125,-0.9521484375,0.03662109375,-0.13427734375,0.1708984375,-0.76904296875,0.390625,0.96435546875,0.2197265625,0.244140625,0.87890625,-0.28076171875,-0.5615234375,-0.87890625,0.10986328125,-0.47607421875,-0.0732421875,-0.72021484375,0.0732421875,-0.20751953125,0.1220703125,-0.634765625,-0.01220703125,-0.390625,0.18310546875,0.54931640625,0.146484375,1.18408203125,-0.20751953125,0.48828125,0.29296875,-0.13427734375,-0.0732421875,0.7080078125,0.03662109375,0.6591796875,0.01220703125,0.45166015625,0.390625,0.50048828125,-0.06103515625,0.13427734375,0.048828125,0.3662109375,-0.40283203125,1.0986328125,0.06103515625,0.25634765625,-0.244140625,0.25634765625,0.01220703125,0.341796875,-0.1953125,0.87890625,0.23193359375,0.048828125,-0.1708984375,1.37939453125,-0.01220703125,-0.87890625,-0.146484375,-0.25634765625,-0.0244140625,-0.927734375,-0.1953125,-0.732421875,0.1220703125,-1.46484375,-0.048828125,-0.20751953125,-0.23193359375,-0.29296875,0.01220703125,-1.1962890625,-0.0244140625,-0.69580078125,0.08544921875,-0.40283203125,-0.18310546875,-0.59814453125,-0.03662109375,0.1708984375,0.03662109375,-0.74462890625,0.29296875,-1.40380859375,-0.048828125,-1.03759765625,-0.048828125,0.45166015625,-0.09765625,1.18408203125,-0.08544921875,0.86669921875,-0.048828125,0.50048828125,-0.32958984375,0.7080078125,-0.09765625,0.0732421875,-0.0244140625,0.86669921875,-0.048828125,-0.45166015625,0.13427734375,-0.4638671875
1,0.42724609375,-0.341796875,0.0732421875,-0.146484375,-0.2197265625,-0.37841796875,0.2685546875,0,0.146484375,1.171875,-0.2197265625,0.20751953125,-0.20751953125,1.953125,-0.13427734375,4.9072265625,-0.2197265625,-0.9033203125,-0.06103515625,-0.5126953125,-0.1953125,0.42724609375,-0.59814453125,-0.89111328125,0.09765625,-0.146484375,0.13427734375,-0.76904296875,0.35400390625,0.9765625,0.20751953125,0.23193359375,0.87890625,-0.28076171875,-0.390625,-0.91552734375,0.08544921875,-0.48828125,0,-0.72021484375,0.1220703125,-0.20751953125,0.048828125,-0.6591796875,0.15869140625,-0.37841796875,0.15869140625,0.54931640625,0.146484375,1.171875,-0.1220703125,0.50048828125,0.244140625,-0.1708984375,-0.0244140625,0.732421875,0.03662109375,0.68359375,-0.048828125,0.4638671875,0.37841796875,0.48828125,-0.03662109375,0.10986328125,-0.09765625,0.3173828125,-0.42724609375,1.06201171875,0.06103515625,0.2197265625,-0.28076171875,0.2197265625,-0.03662109375,0.29296875,-0.23193359375,0.9033203125,0.25634765625,0.03662109375,-0.15869140625,1.37939453125,-0.03662109375,-0.87890625,-0.13427734375,-0.28076171875,0,-0.9521484375,-0.13427734375,-0.74462890625,0.0732421875,-1.47705078125,-0.048828125,-0.2197265625,-0.40283203125,-0.30517578125,0.0244140625,-1.18408203125,-0.15869140625,-0.84228515625,0.18310546875,-0.57373046875,-0.10986328125,-0.69580078125,-0.0244140625,0.048828125,-0.03662109375,-0.7568359375,0.32958984375,-1.40380859375,0.0244140625,-1.01318359375,-0.048828125,0.42724609375,-0.146484375,1.318359375,-0.1220703125,1.0498046875,-0.09765625,0.5859375,-0.42724609375,0.76904296875,-0.10986328125,0.0732421875,0.01220703125,0.8544921875,-0.03662109375,-0.439453125,0.08544921875,-0.4638671875
1,0.30517578125,-0.3662109375,0.10986328125,-0.18310546875,-0.20751953125,-0.3662109375,0.28076171875,0.01220703125,0.10986328125,1.171875,-0.244140625,0.2197265625,-0.1953125,1.96533203125,-0.1708984375,5.09033203125,-0.23193359375,-0.81787109375,-0.09765625,-0.439453125,-0.23193359375,0.47607421875,-0.67138671875,-0.84228515625,0.1220703125,-0.146484375,0.10986328125,-0.76904296875,0.29296875,0.96435546875,0.08544921875,0.244140625,0.72021484375,-0.28076171875,-0.30517578125,-0.89111328125,0.0244140625,-0.47607421875,0.08544921875,-0.732421875,0.13427734375,-0.20751953125,0.01220703125,-0.64697265625,0.29296875,-0.37841796875,0.08544921875,0.537109375,0.1708984375,1.171875,-0.01220703125,0.48828125,0.20751953125,-0.15869140625,0.048828125,0.7568359375,-0.01220703125,0.69580078125,-0.08544921875,0.4638671875,0.341796875,0.50048828125,0.048828125,0.13427734375,-0.1953125,0.28076171875,-0.37841796875,1.03759765625,0.0244140625,0.20751953125,-0.30517578125,0.1953125,-0.08544921875,0.28076171875,-0.2197265625,0.91552734375,0.23193359375,0.03662109375,-0.15869140625,1.3427734375,-0.0732421875,-0.87890625,-0.09765625,-0.2685546875,0.0244140625,-0.9765625,-0.0732421875,-0.74462890625,0.0244140625,-1.47705078125,-0.03662109375,-0.23193359375,-0.50048828125,-0.29296875,-0.0244140625,-1.15966796875,-0.2685546875,-0.96435546875,0.13427734375,-0.7080078125,-0.048828125,-0.8056640625,-0.03662109375,-0.08544921875,-0.0244140625,-0.74462890625,0.30517578125,-1.42822265625,0.0732421875,-1.025390625,-0.0732421875,0.45166015625,-0.08544921875,1.42822265625,-0.10986328125,1.171875,-0.06103515625,0.634765625,-0.32958984375,0.76904296875,-0.10986328125,0.08544921875,-0.01220703125,0.84228515625,-0.03662109375,-0.45166015625,0.09765625,-0.45166015625
1,0.3662109375,-0.3662109375,0.15869140625,-0.1953125,-0.20751953125,-0.37841796875,0.25634765625,0,0.10986328125,1.1474609375,-0.2197265625,0.1953125,-0.2197265625,1.91650390625,-0.146484375,5.1025390625,-0.2197265625,-0.74462890625,-0.1220703125,-0.35400390625,-0.40283203125,0.5615234375,-0.68359375,-0.74462890625,0.15869140625,-0.146484375,0.048828125,-0.76904296875,0.23193359375,0.96435546875,0.03662109375,0.23193359375,0.5126953125,-0.29296875,-0.25634765625,-0.89111328125,0.01220703125,-0.48828125,0.10986328125,-0.732421875,0.1708984375,-0.1953125,0,-0.634765625,0.29296875,-0.3662109375,0.0732421875,0.54931640625,0.13427734375,1.1474609375,0.0732421875,0.52490234375,0.146484375,-0.1708984375,0.048828125,0.79345703125,-0.08544921875,0.68359375,-0.1220703125,0.45166015625,0.20751953125,0.48828125,0.10986328125,0.15869140625,-0.32958984375,0.23193359375,-0.390625,1.025390625,0.0244140625,0.1953125,-0.30517578125,0.20751953125,-0.13427734375,0.25634765625,-0.20751953125,0.927734375,0.23193359375,0.0244140625,-0.10986328125,1.3427734375,-0.1220703125,-0.87890625,-0.0244140625,-0.2685546875,0.0732421875,-0.98876953125,-0.0244140625,-0.78125,-0.06103515625,-1.46484375,-0.0244140625,-0.23193359375,-0.54931640625,-0.30517578125,-0.09765625,-1.1962890625,-0.30517578125,-1.03759765625,0.08544921875,-0.78125,-0.01220703125,-0.8544921875,-0.01220703125,-0.1708984375,0.03662109375,-0.74462890625,0.25634765625,-1.4404296875,0.1220703125,-1.01318359375,-0.06103515625,0.439453125,-0.08544921875,1.4404296875,-0.10986328125,1.220703125,-0.0732421875,0.6103515625,-0.29296875,0.7080078125,-0.10986328125,0.08544921875,0,0.84228515625,-0.048828125,-0.4638671875,0.08544921875,-0.439453125
1,0.37841796875,-0.35400390625,0.13427734375,-0.1953125,-0.2197265625,-0.37841796875,0.244140625,0.01220703125,0.08544921875,1.06201171875,-0.2197265625,0.1220703125,-0.244140625,1.84326171875,-0.08544921875,4.84619140625,-0.1708984375,-0.634765625,-0.0244140625,-0.23193359375,-0.40283203125,0.64697265625,-0.4638671875,-0.634765625,0.13427734375,-0.146484375,0.03662109375,-0.7568359375,0.1708984375,0.9521484375,-0.03662109375,0.25634765625,0.35400390625,-0.2685546875,-0.2685546875,-0.86669921875,-0.0244140625,-0.48828125,0.1220703125,-0.74462890625,0.13427734375,-0.18310546875,0.06103515625,-0.64697265625,0.29296875,-0.390625,0.048828125,0.537109375,0.244140625,1.13525390625,0.1220703125,0.52490234375,0.13427734375,-0.1708984375,0.0244140625,0.8056640625,-0.1708984375,0.6591796875,-0.20751953125,0.45166015625,0.146484375,0.52490234375,0.1220703125,0.15869140625,-0.341796875,0.1953125,-0.35400390625,1.01318359375,-0.01220703125,0.18310546875,-0.30517578125,0.1953125,-0.18310546875,0.2685546875,-0.146484375,0.91552734375,0.1953125,0.0244140625,-0.03662109375,1.318359375,-0.146484375,-0.9033203125,0.048828125,-0.2685546875,0.08544921875,-1.01318359375,0.048828125,-0.76904296875,-0.13427734375,-1.46484375,-0.03662109375,-0.28076171875,-0.47607421875,-0.30517578125,-0.1953125,-1.20849609375,-0.2685546875,-1.03759765625,-0.048828125,-0.69580078125,0.01220703125,-0.830078125,-0.048828125,-0.18310546875,0.09765625,-0.732421875,0.10986328125,-1.45263671875,0.13427734375,-1.0009765625,-0.03662109375,0.439453125,-0.1220703125,1.33056640625,-0.15869140625,1.123046875,-0.10986328125,0.52490234375,-0.40283203125,0.59814453125,-0.08544921875,0.08544921875,0.01220703125,0.8056640625,-0.048828125,-0.47607421875,0.09765625,-0.47607421875
1,0.42724609375,-0.32958984375,0.15869140625,-0.2197265625,-0.2197265625,-0.390625,0.244140625,0.03662109375,0.048828125,0.927734375,-0.23193359375,-0.01220703125,-0.25634765625,1.69677734375,-0.13427734375,4.28466796875,-0.20751953125,-0.50048828125,0.0244140625,-0.1220703125,-0.47607421875,0.7568359375,-0.29296875,-0.537109375,0.08544921875,-0.1220703125,0.048828125,-0.76904296875,0.09765625,0.9521484375,-0.1220703125,0.244140625,0.25634765625,-0.28076171875,-0.28076171875,-0.8544921875,-0.048828125,-0.48828125,0.1220703125,-0.732421875,0.08544921875,-0.18310546875,0.06103515625,-0.634765625,0.20751953125,-0.4150390625,0.048828125,0.54931640625,0.2685546875,1.13525390625,0.1708984375,0.52490234375,0.146484375,-0.1708984375,-0.03662109375,0.830078125,-0.23193359375,0.6591796875,-0.30517578125,0.45166015625,0.0732421875,0.5126953125,0.1220703125,0.15869140625,-0.37841796875,0.1708984375,-0.25634765625,1.01318359375,-0.0244140625,0.1708984375,-0.23193359375,0.2197265625,-0.244140625,0.2685546875,-0.10986328125,0.9033203125,0.18310546875,0.0244140625,0.03662109375,1.33056640625,-0.146484375,-0.927734375,0.1220703125,-0.2685546875,0.10986328125,-1.01318359375,0.08544921875,-0.78125,-0.1708984375,-1.4404296875,-0.06103515625,-0.25634765625,-0.3173828125,-0.29296875,-0.23193359375,-1.20849609375,-0.15869140625,-0.93994140625,-0.15869140625,-0.45166015625,0,-0.78125,-0.0244140625,-0.1220703125,0.15869140625,-0.69580078125,-0.06103515625,-1.45263671875,0.146484375,-1.01318359375,0,0.42724609375,-0.1220703125,1.171875,-0.146484375,0.9765625,-0.0732421875,0.42724609375,-0.244140625,0.48828125,-0.08544921875,0.08544921875,0.01220703125,0.8056640625,-0.08544921875,-0.4638671875,0.08544921875,-0.48828125
1,0.48828125,-0.28076171875,0.10986328125,-0.1953125,-0.244140625,-0.390625,0.25634765625,0.03662109375,0.03662109375,0.732421875,-0.20751953125,-0.18310546875,-0.23193359375,1.513671875,-0.01220703125,3.43017578125,-0.18310546875,-0.3662109375,0.146484375,0,-0.47607421875,0.84228515625,-0.06103515625,-0.4638671875,0.01220703125,-0.10986328125,0.03662109375,-0.7568359375,0.01220703125,0.927734375,-0.1953125,0.25634765625,0.25634765625,-0.28076171875,-0.341796875,-0.830078125,-0.08544921875,-0.47607421875,0.08544921875,-0.732421875,-0.03662109375,-0.18310546875,0.09765625,-0.6591796875,0.08544921875,-0.42724609375,0.03662109375,0.57373046875,0.28076171875,1.13525390625,0.146484375,0.52490234375,0.1708984375,-0.146484375,-0.15869140625,0.84228515625,-0.30517578125,0.62255859375,-0.244140625,0.42724609375,0.01220703125,0.5126953125,0.1220703125,0.1708984375,-0.42724609375,0.1708984375,-0.18310546875,1.0009765625,-0.06103515625,0.1953125,-0.1953125,0.2197265625,-0.30517578125,0.29296875,-0.0732421875,0.87890625,0.146484375,0.03662109375,0.146484375,1.35498046875,-0.10986328125,-0.9521484375,0.18310546875,-0.244140625,0.08544921875,-1.01318359375,0.09765625,-0.7568359375,-0.1953125,-1.4404296875,-0.08544921875,-0.2685546875,-0.15869140625,-0.29296875,-0.20751953125,-1.23291015625,-0.08544921875,-0.72021484375,-0.2685546875,0.0244140625,0.0244140625,-0.6103515625,0.03662109375,0.08544921875,0.18310546875,-0.7080078125,-0.2197265625,-1.42822265625,0.13427734375,-1.01318359375,0.08544921875,0.42724609375,-0.09765625,0.9765625,-0.15869140625,0.74462890625,-0.0732421875,0.2685546875,-0.20751953125,0.439453125,-0.0732421875,0.0732421875,0.0244140625,0.79345703125,-0.10986328125,-0.47607421875,0.09765625,-0.50048828125
1,0.40283203125,-0.23193359375,0.146484375,-0.18310546875,-0.244140625,-0.390625,0.2685546875,0.048828125,0.03662109375,0.5126953125,-0.2197265625,-0.40283203125,-0.2197265625,1.318359375,0.03662109375,2.4169921875,-0.09765625,-0.244140625,0.30517578125,0.1220703125,-0.3662109375,0.9033203125,0.1708984375,-0.3662109375,-0.10986328125,-0.09765625,0,-0.74462890625,-0.08544921875,0.927734375,-0.2685546875,0.244140625,0.30517578125,-0.28076171875,-0.47607421875,-0.79345703125,-0.1220703125,-0.45166015625,0.0244140625,-0.7080078125,-0.146484375,-0.15869140625,0.09765625,-0.634765625,0.0244140625,-0.42724609375,-0.01220703125,0.5615234375,0.244140625,1.123046875,0.146484375,0.50048828125,0.146484375,-0.15869140625,-0.15869140625,0.81787109375,-0.32958984375,0.62255859375,-0.2685546875,0.439453125,0.0244140625,0.5126953125,0.09765625,0.146484375,-0.439453125,0.1953125,-0.08544921875,1.025390625,-0.08544921875,0.20751953125,-0.1953125,0.23193359375,-0.32958984375,0.30517578125,-0.0244140625,0.87890625,0.13427734375,0.03662109375,0.2197265625,1.3427734375,-0.03662109375,-0.93994140625,0.20751953125,-0.25634765625,0.06103515625,-0.96435546875,0.10986328125,-0.74462890625,-0.20751953125,-1.42822265625,-0.10986328125,-0.244140625,-0.01220703125,-0.28076171875,-0.1953125,-1.26953125,-0.06103515625,-0.40283203125,-0.2197265625,0.634765625,-0.01220703125,-0.37841796875,0.0732421875,0.3662109375,0.13427734375,-0.69580078125,-0.29296875,-1.42822265625,0.09765625,-1.0009765625,0.09765625,0.42724609375,-0.10986328125,0.8056640625,-0.1953125,0.537109375,-0.08544921875,0.15869140625,-0.2197265625,0.48828125,-0.0732421875,0.048828125,0.01220703125,0.79345703125,-0.09765625,-0.45166015625,0.1220703125,-0.5126953125
1,0.4638671875,-0.18310546875,0.18310546875,-0.18310546875,-0.30517578125,-0.37841796875,0.2685546875,0.06103515625,-0.01220703125,0.29296875,-0.1953125,-0.6103515625,-0.23193359375,1.123046875,0.01220703125,1.3427734375,-0.09765625,-0.1220703125,0.29296875,0.244140625,-0.30517578125,0.98876953125,0.1708984375,-0.29296875,-0.1953125,-0.08544921875,-0.03662109375,-0.7568359375,-0.15869140625,0.9521484375,-0.244140625,0.2685546875,0.4150390625,-0.2685546875,-0.6103515625,-0.76904296875,-0.146484375,-0.4150390625,-0.03662109375,-0.68359375,-0.25634765625,-0.146484375,0.08544921875,-0.634765625,-0.09765625,-0.439453125,-0.03662109375,0.57373046875,0.15869140625,1.1474609375,0.08544921875,0.5126953125,0.09765625,-0.146484375,-0.10986328125,0.8056640625,-0.35400390625,0.6103515625,-0.2685546875,0.42724609375,-0.0244140625,0.5126953125,0.1220703125,0.146484375,-0.42724609375,0.2197265625,-0.0244140625,1.0498046875,-0.0732421875,0.23193359375,-0.20751953125,0.23193359375,-0.341796875,0.32958984375,0,0.89111328125,0.18310546875,0.048828125,0.25634765625,1.37939453125,0.0244140625,-0.9521484375,0.20751953125,-0.244140625,0.06103515625,-0.96435546875,0.09765625,-0.7568359375,-0.18310546875,-1.42822265625,-0.08544921875,-0.2197265625,0.03662109375,-0.30517578125,-0.1220703125,-1.26953125,-0.01220703125,0,-0.23193359375,1.40380859375,-0.03662109375,-0.0732421875,0.09765625,0.72021484375,0.048828125,-0.7080078125,-0.25634765625,-1.42822265625,0.048828125,-1.01318359375,0.146484375,0.42724609375,-0.13427734375,0.74462890625,-0.15869140625,0.4150390625,-0.08544921875,0.10986328125,-0.13427734375,0.72021484375,-0.06103515625,0.06103515625,-0.03662109375,0.81787109375,-0.08544921875,-0.45166015625,0.1220703125,-0.52490234375
1,0.439453125,-0.13427734375,0.1708984375,-0.18310546875,-0.3173828125,-0.37841796875,0.2685546875,0.06103515625,-0.01220703125,0.09765625,-0.18310546875,-0.81787109375,-0.23193359375,0.93994140625,0.0244140625,0.341796875,-0.048828125,0.0244140625,0.3173828125,0.37841796875,-0.13427734375,1.07421875,0.1220703125,-0.20751953125,-0.28076171875,-0.06103515625,-0.08544921875,-0.7568359375,-0.20751953125,0.93994140625,-0.2197265625,0.2685546875,0.50048828125,-0.25634765625,-0.74462890625,-0.76904296875,-0.15869140625,-0.42724609375,-0.0732421875,-0.67138671875,-0.30517578125,-0.146484375,0,-0.634765625,-0.13427734375,-0.42724609375,-0.048828125,0.5615234375,0.1220703125,1.1474609375,0.0244140625,0.47607421875,0.146484375,-0.15869140625,-0.03662109375,0.79345703125,-0.35400390625,0.59814453125,-0.23193359375,0.42724609375,-0.0244140625,0.50048828125,0.10986328125,0.15869140625,-0.37841796875,0.2685546875,0.0732421875,1.0498046875,-0.0732421875,0.28076171875,-0.18310546875,0.2685546875,-0.28076171875,0.341796875,0.03662109375,0.87890625,0.1708984375,0.08544921875,0.30517578125,1.37939453125,0.08544921875,-0.9521484375,0.1708984375,-0.244140625,0,-0.93994140625,0.0732421875,-0.74462890625,-0.1220703125,-1.4404296875,-0.03662109375,-0.23193359375,0,-0.29296875,0,-1.28173828125,-0.01220703125,0.4638671875,-0.09765625,2.294921875,-0.13427734375,0.244140625,0.09765625,1.13525390625,-0.0732421875,-0.69580078125,-0.1220703125,-1.416015625,-0.048828125,-1.0009765625,0.15869140625,0.42724609375,-0.09765625,0.830078125,-0.18310546875,0.45166015625,-0.06103515625,0.1953125,-0.15869140625,1.1474609375,-0.06103515625,0.048828125,-0.06103515625,0.8544921875,-0.08544921875,-0.439453125,0.1220703125,-0.50048828125
0,0.40283203125,-0.1220703125,0.13427734375,-0.15869140625,-0.28076171875,-0.3662109375,0.25634765625,0.048828125,0,-0.06103515625,-0.18310546875,-0.96435546875,-0.2197265625,0.830078125,0.01220703125,-0.40283203125,0.0244140625,0.09765625,0.2685546875,0.48828125,0.0244140625,1.13525390625,0.048828125,-0.146484375,-0.341796875,-0.0732421875,-0.146484375,-0.76904296875,-0.20751953125,0.93994140625,-0.20751953125,0.25634765625,0.54931640625,-0.29296875,-0.79345703125,-0.76904296875,-0.1953125,-0.42724609375,-0.13427734375,-0.68359375,-0.29296875,-0.15869140625,-0.09765625,-0.62255859375,-0.1953125,-0.439453125,-0.06103515625,0.54931640625,0.06103515625,1.18408203125,-0.06103515625,0.4638671875,0.146484375,-0.1708984375,0.048828125,0.7568359375,-0.3173828125,0.62255859375,-0.15869140625,0.439453125,0.03662109375,0.5126953125,0.09765625,0.13427734375,-0.37841796875,0.29296875,0.09765625,1.0498046875,-0.03662109375,0.28076171875,-0.20751953125,0.2685546875,-0.23193359375,0.341796875,0.06103515625,0.89111328125,0.15869140625,0.08544921875,0.29296875,1.3916015625,0.09765625,-0.93994140625,0.1220703125,-0.25634765625,0,-0.927734375,-0.01220703125,-0.74462890625,-0.08544921875,-1.4404296875,0.048828125,-0.2197265625,-0.06103515625,-0.3173828125,0.13427734375,-1.28173828125,0.0244140625,0.9033203125,0.01220703125,3.1982421875,-0.1953125,0.59814453125,0.1220703125,1.55029296875,-0.23193359375,-0.72021484375,0.01220703125,-1.3916015625,-0.10986328125,-0.98876953125,0.146484375,0.4150390625,-0.09765625,1.123046875,-0.1953125,0.6591796875,-0.03662109375,0.40283203125,-0.18310546875,1.806640625,-0.0732421875,0.048828125,-0.08544921875,0.86669921875,-0.0732421875,-0.439453125,0.13427734375,-0.48828125
0,0.42724609375,-0.10986328125,0.1220703125,-0.146484375,-0.30517578125,-0.3662109375,0.2685546875,0.048828125,-0.01220703125,-0.1708984375,-0.20751953125,-1.03759765625,-0.244140625,0.7568359375,-0.0244140625,-0.8056640625,0.09765625,0.18310546875,0.20751953125,0.5615234375,0.1708984375,1.1962890625,-0.08544921875,-0.09765625,-0.341796875,-0.09765625,-0.18310546875,-0.7568359375,-0.15869140625,0.9521484375,-0.1220703125,0.244140625,0.50048828125,-0.29296875,-0.78125,-0.78125,-0.2197265625,-0.42724609375,-0.146484375,-0.68359375,-0.1953125,-0.1708984375,-0.18310546875,-0.634765625,-0.1953125,-0.42724609375,-0.048828125,0.52490234375,0.0244140625,1.1962890625,-0.146484375,0.47607421875,0.146484375,-0.1708984375,0.10986328125,0.732421875,-0.341796875,0.634765625,-0.03662109375,0.4638671875,0.01220703125,0.50048828125,0.03662109375,0.1220703125,-0.3173828125,0.30517578125,0.1708984375,1.06201171875,0.01220703125,0.3173828125,-0.20751953125,0.2685546875,-0.1220703125,0.35400390625,0.0732421875,0.87890625,0.13427734375,0.09765625,0.2685546875,1.416015625,0.0732421875,-0.927734375,0.08544921875,-0.25634765625,0,-0.927734375,-0.10986328125,-0.74462890625,-0.08544921875,-1.45263671875,0.146484375,-0.20751953125,-0.146484375,-0.3173828125,0.25634765625,-1.25732421875,0.0732421875,1.35498046875,0.08544921875,4.052734375,-0.2685546875,0.9033203125,0.1220703125,1.9287109375,-0.3173828125,-0.7568359375,0.1708984375,-1.416015625,-0.1708984375,-0.98876953125,0.13427734375,0.42724609375,-0.1220703125,1.57470703125,-0.2197265625,1.0986328125,-0.0732421875,0.7568359375,-0.25634765625,2.69775390625,-0.0732421875,0.048828125,-0.06103515625,0.87890625,-0.03662109375,-0.42724609375,0.146484375,-0.4638671875
0,0.47607421875,-0.10986328125,0.1708984375,-0.13427734375,-0.29296875,-0.37841796875,0.2685546875,0.03662109375,-0.01220703125,-0.1708984375,-0.15869140625,-1.025390625,-0.1953125,0.8056640625,-0.10986328125,-0.78125,0.146484375,0.2197265625,0.08544921875,0.6103515625,0.20751953125,1.18408203125,-0.23193359375,-0.08544921875,-0.32958984375,-0.1220703125,-0.2197265625,-0.76904296875,-0.10986328125,0.96435546875,-0.048828125,0.25634765625,0.4150390625,-0.29296875,-0.72021484375,-0.8056640625,-0.28076171875,-0.439453125,-0.1220703125,-0.68359375,-0.09765625,-0.18310546875,-0.20751953125,-0.634765625,-0.15869140625,-0.42724609375,-0.01220703125,0.52490234375,-0.03662109375,1.20849609375,-0.1953125,0.48828125,0.1708984375,-0.15869140625,0.09765625,0.732421875,-0.341796875,0.64697265625,0.0732421875,0.48828125,-0.03662109375,0.47607421875,-0.03662109375,0.1220703125,-0.1953125,0.30517578125,0.23193359375,1.06201171875,0.03662109375,0.3173828125,-0.25634765625,0.25634765625,-0.048828125,0.341796875,0.13427734375,0.87890625,0.1220703125,0.10986328125,0.23193359375,1.3916015625,0.01220703125,-0.927734375,0.01220703125,-0.25634765625,-0.03662109375,-0.93994140625,-0.1953125,-0.74462890625,-0.08544921875,-1.45263671875,0.23193359375,-0.2197265625,-0.23193359375,-0.3173828125,0.341796875,-1.2451171875,0.06103515625,1.6845703125,0.09765625,4.8095703125,-0.3173828125,1.1962890625,0.08544921875,2.2705078125,-0.37841796875,-0.74462890625,0.2197265625,-1.40380859375,-0.23193359375,-0.98876953125,0.10986328125,0.42724609375,-0.10986328125,2.18505859375,-0.23193359375,1.708984375,-0.06103515625,1.1962890625,-0.2197265625,3.77197265625,-0.08544921875,0.03662109375,-0.0732421875,0.9033203125,-0.03662109375,-0.45166015625,0.146484375,-0.4638671875
0,0.40283203125,-0.09765625,0.1953125,-0.10986328125,-0.30517578125,-0.37841796875,0.244140625,0.048828125,-0.01220703125,-0.06103515625,-0.1708984375,-0.9033203125,-0.20751953125,0.89111328125,-0.1220703125,-0.30517578125,0.18310546875,0.2197265625,0.0244140625,0.6103515625,0.18310546875,1.15966796875,-0.341796875,-0.0732421875,-0.25634765625,-0.13427734375,-0.244140625,-0.78125,-0.0244140625,0.96435546875,0.01220703125,0.25634765625,0.3173828125,-0.3173828125,-0.5615234375,-0.830078125,-0.28076171875,-0.4638671875,-0.10986328125,-0.69580078125,0.048828125,-0.1708984375,-0.23193359375,-0.6591796875,-0.146484375,-0.439453125,-0.0244140625,0.52490234375,-0.10986328125,1.220703125,-0.1953125,0.48828125,0.1708984375,-0.15869140625,0.1220703125,0.74462890625,-0.28076171875,0.67138671875,0.15869140625,0.4638671875,-0.048828125,0.48828125,-0.1220703125,0.146484375,-0.048828125,0.29296875,0.2197265625,1.0498046875,0.06103515625,0.30517578125,-0.25634765625,0.23193359375,-0.0244140625,0.3173828125,0.146484375,0.9033203125,0.1220703125,0.10986328125,0.15869140625,1.37939453125,-0.06103515625,-0.927734375,0.01220703125,-0.2685546875,-0.08544921875,-0.93994140625,-0.30517578125,-0.74462890625,-0.048828125,-1.47705078125,0.28076171875,-0.20751953125,-0.28076171875,-0.29296875,0.37841796875,-1.23291015625,0.08544921875,1.953125,0.10986328125,5.43212890625,-0.28076171875,1.416015625,0.06103515625,2.5146484375,-0.29296875,-0.7568359375,0.2685546875,-1.42822265625,-0.2197265625,-0.96435546875,0.08544921875,0.42724609375,-0.08544921875,2.9052734375,-0.2197265625,2.45361328125,-0.048828125,1.708984375,-0.3173828125,4.9560546875,-0.10986328125,0.0244140625,-0.06103515625,0.89111328125,0,-0.439453125,0.10986328125,-0.439453125
0,0.45166015625,-0.08544921875,0.23193359375,-0.08544921875,-0.341796875,-0.37841796875,0.244140625,0.03662109375,-0.0244140625,0.1220703125,-0.1708984375,-0.72021484375,-0.20751953125,1.08642578125,-0.13427734375,0.537109375,0.15869140625,0.146484375,-0.03662109375,0.54931640625,0.06103515625,1.0986328125,-0.40283203125,-0.09765625,-0.18310546875,-0.15869140625,-0.1953125,-0.78125,0.08544921875,0.9521484375,0.06103515625,0.25634765625,0.25634765625,-0.32958984375,-0.45166015625,-0.830078125,-0.2685546875,-0.45166015625,-0.0732421875,-0.7080078125,0.146484375,-0.20751953125,-0.20751953125,-0.67138671875,-0.08544921875,-0.42724609375,0.0244140625,0.537109375,-0.146484375,1.1962890625,-0.13427734375,0.5126953125,0.146484375,-0.1220703125,0.06103515625,0.74462890625,-0.244140625,0.67138671875,0.2197265625,0.48828125,-0.08544921875,0.50048828125,-0.1708984375,0.15869140625,0.08544921875,0.29296875,0.244140625,1.0498046875,0.09765625,0.2685546875,-0.2197265625,0.20751953125,0.0244140625,0.29296875,0.18310546875,0.89111328125,0.09765625,0.09765625,0.09765625,1.3671875,-0.13427734375,-0.927734375,-0.01220703125,-0.29296875,-0.1220703125,-0.98876953125,-0.3173828125,-0.74462890625,-0.06103515625,-1.4892578125,0.29296875,-0.2197265625,-0.29296875,-0.29296875,0.3662109375,-1.20849609375,0.048828125,2.11181640625,0.146484375,5.84716796875,-0.28076171875,1.5625,-0.048828125,2.685546875,-0.10986328125,-0.732421875,0.25634765625,-1.416015625,-0.1953125,-0.9765625,0.0732421875,0.40283203125,-0.146484375,3.61328125,-0.25634765625,3.23486328125,-0.0732421875,2.24609375,-0.35400390625,6.15234375,-0.09765625,0,-0.0732421875,0.87890625,0,-0.4638671875,0.09765625,-0.439453125
0,0.35400390625,-0.0732421875,0.28076171875,-0.09765625,-0.3173828125,-0.390625,0.23193359375,0.0244140625,-0.0244140625,0.390625,-0.15869140625,-0.4638671875,-0.2197265625,1.30615234375,-0.0732421875,1.69677734375,0.09765625,0.0732421875,-0.0732421875,0.4638671875,-0.10986328125,1.0009765625,-0.42724609375,-0.13427734375,-0.146484375,-0.15869140625,-0.146484375,-0.78125,0.13427734375,0.9521484375,0.08544921875,0.25634765625,0.25634765625,-0.32958984375,-0.341796875,-0.84228515625,-0.2197265625,-0.4638671875,-0.06103515625,-0.7080078125,0.2197265625,-0.2197265625,-0.1708984375,-0.6591796875,0.01220703125,-0.40283203125,0.03662109375,0.52490234375,-0.1220703125,1.1474609375,-0.06103515625,0.537109375,0.08544921875,-0.10986328125,0.08544921875,0.78125,-0.244140625,0.67138671875,0.23193359375,0.48828125,-0.10986328125,0.5126953125,-0.2197265625,0.18310546875,0.18310546875,0.244140625,0.244140625,1.0498046875,0.09765625,0.2685546875,-0.1953125,0.2197265625,0.048828125,0.29296875,0.20751953125,0.9033203125,0.09765625,0.13427734375,0.048828125,1.35498046875,-0.15869140625,-0.9521484375,-0.06103515625,-0.3173828125,-0.13427734375,-0.98876953125,-0.29296875,-0.76904296875,-0.01220703125,-1.52587890625,0.2685546875,-0.244140625,-0.25634765625,-0.29296875,0.25634765625,-1.18408203125,0.03662109375,2.1728515625,0.146484375,6.103515625,-0.2197265625,1.6357421875,-0.08544921875,2.77099609375,0.10986328125,-0.72021484375,0.1708984375,-1.416015625,-0.146484375,-0.9765625,0,0.4150390625,-0.15869140625,4.28466796875,-0.23193359375,3.99169921875,-0.0732421875,2.734375,-0.28076171875,7.2998046875,-0.10986328125,0.03662109375,-0.09765625,0.84228515625,0,-0.45166015625,0.0732421875,-0.45166015625
0,0.29296875,-0.08544921875,0.146484375,-0.08544921875,-0.28076171875,-0.40283203125,0.1953125,0.0244140625,-0.048828125,0.7080078125,-0.1220703125,-0.15869140625,-0.2197265625,1.611328125,-0.10986328125,3.06396484375,-0.01220703125,-0.0244140625,-0.0732421875,0.3662109375,-0.30517578125,0.9033203125,-0.42724609375,-0.2197265625,-0.1220703125,-0.15869140625,-0.0732421875,-0.7568359375,0.1953125,0.93994140625,0.10986328125,0.244140625,0.25634765625,-0.32958984375,-0.29296875,-0.830078125,-0.146484375,-0.4638671875,-0.0732421875,-0.72021484375,0.244140625,-0.2197265625,-0.06103515625,-0.6591796875,0.06103515625,-0.4150390625,0.0732421875,0.54931640625,-0.1220703125,1.15966796875,-0.0244140625,0.5615234375,-0.01220703125,-0.1220703125,0.13427734375,0.8056640625,-0.2685546875,0.67138671875,0.20751953125,0.47607421875,-0.06103515625,0.5126953125,-0.20751953125,0.1708984375,0.23193359375,0.2197265625,0.23193359375,1.03759765625,0.09765625,0.244140625,-0.146484375,0.2197265625,0.06103515625,0.29296875,0.20751953125,0.89111328125,0.08544921875,0.09765625,0,1.3427734375,-0.1953125,-0.91552734375,-0.10986328125,-0.30517578125,-0.09765625,-0.98876953125,-0.28076171875,-0.76904296875,0,-1.52587890625,0.18310546875,-0.244140625,-0.18310546875,-0.2685546875,0.06103515625,-1.15966796875,0.048828125,2.1484375,-0.0732421875,6.1279296875,-0.1708984375,1.64794921875,-0.1220703125,2.734375,0.3173828125,-0.69580078125,0.06103515625,-1.42822265625,-0.03662109375,-0.9765625,-0.08544921875,0.4150390625,-0.1708984375,4.8095703125,-0.244140625,4.638671875,-0.0732421875,3.16162109375,-0.2685546875,8.26416015625,-0.09765625,0.03662109375,-0.09765625,0.81787109375,0,-0.45166015625,0.03662109375,-0.45166015625
0,0.35400390625,-0.06103515625,0.25634765625,-0.08544921875,-0.341796875,-0.37841796875,0.20751953125,0.0244140625,-0.06103515625,1.07421875,-0.1220703125,0.15869140625,-0.20751953125,1.904296875,-0.18310546875,4.47998046875,-0.1220703125,-0.146484375,-0.06103515625,0.244140625,-0.4638671875,0.79345703125,-0.42724609375,-0.2685546875,-0.1220703125,-0.13427734375,0.048828125,-0.76904296875,0.1953125,0.93994140625,0.1220703125,0.25634765625,0.32958984375,-0.30517578125,-0.30517578125,-0.81787109375,-0.048828125,-0.47607421875,-0.09765625,-0.72021484375,0.244140625,-0.20751953125,0.0244140625,-0.64697265625,0.10986328125,-0.4150390625,0.146484375,0.54931640625,0.01220703125,1.123046875,0.01220703125,0.537109375,-0.08544921875,-0.1220703125,0.1708984375,0.8056640625,-0.28076171875,0.634765625,0.1708984375,0.47607421875,-0.048828125,0.54931640625,-0.23193359375,0.15869140625,0.30517578125,0.244140625,0.1953125,1.03759765625,0.1220703125,0.244140625,-0.10986328125,0.20751953125,0.10986328125,0.29296875,0.20751953125,0.86669921875,0.0732421875,0.08544921875,-0.0732421875,1.35498046875,-0.2197265625,-0.927734375,-0.146484375,-0.30517578125,-0.0244140625,-1.025390625,-0.1953125,-0.76904296875,0.048828125,-1.5380859375,0.09765625,-0.2685546875,-0.10986328125,-0.23193359375,-0.1220703125,-1.171875,0.0244140625,2.05078125,-0.23193359375,6.005859375,-0.10986328125,1.5625,-0.08544921875,2.67333984375,0.439453125,-0.7080078125,-0.01220703125,-1.4404296875,0.03662109375,-0.98876953125,-0.146484375,0.4150390625,-0.15869140625,5.18798828125,-0.23193359375,5.126953125,-0.048828125,3.45458984375,-0.2685546875,9.08203125,-0.09765625,0.03662109375,-0.10986328125,0.830078125,-0.03662109375,-0.4638671875,0.01220703125,-0.4638671875
0,0.32958984375,-0.0732421875,0.1953125,-0.06103515625,-0.341796875,-0.3662109375,0.20751953125,0.01220703125,-0.06103515625,1.416015625,-0.09765625,0.47607421875,-0.20751953125,2.197265625,-0.341796875,5.82275390625,-0.20751953125,-0.25634765625,-0.03662109375,0.13427734375,-0.68359375,0.732421875,-0.4150390625,-0.341796875,-0.146484375,-0.10986328125,0.13427734375,-0.74462890625,0.20751953125,0.93994140625,0.08544921875,0.244140625,0.390625,-0.3173828125,-0.32958984375,-0.79345703125,0.01220703125,-0.45166015625,-0.06103515625,-0.7080078125,0.18310546875,-0.20751953125,0.08544921875,-0.6591796875,0.13427734375,-0.4150390625,0.13427734375,0.54931640625,0.10986328125,1.1474609375,0.0244140625,0.52490234375,-0.146484375,-0.13427734375,0.1953125,0.8056640625,-0.32958984375,0.62255859375,0.09765625,0.47607421875,0.03662109375,0.5615234375,-0.2685546875,0.146484375,0.3662109375,0.23193359375,0.1220703125,1.07421875,0.13427734375,0.2197265625,-0.06103515625,0.20751953125,0.15869140625,0.29296875,0.15869140625,0.89111328125,0.08544921875,0.08544921875,-0.10986328125,1.3671875,-0.25634765625,-0.927734375,-0.18310546875,-0.3173828125,0.048828125,-1.0009765625,-0.13427734375,-0.78125,0.03662109375,-1.5625,-0.01220703125,-0.28076171875,-0.09765625,-0.2197265625,-0.28076171875,-1.18408203125,0.0244140625,1.91650390625,-0.35400390625,5.72509765625,-0.0244140625,1.42822265625,-0.06103515625,2.5390625,0.48828125,-0.68359375,-0.06103515625,-1.4404296875,0.1220703125,-0.98876953125,-0.1708984375,0.40283203125,-0.15869140625,5.38330078125,-0.2685546875,5.4443359375,-0.0732421875,3.61328125,-0.25634765625,9.6435546875,-0.0732421875,0.03662109375,-0.1220703125,0.79345703125,-0.0732421875,-0.4638671875,-0.01220703125,-0.48828125
0,0.29296875,-0.09765625,0.1953125,-0.0244140625,-0.37841796875,-0.35400390625,0.20751953125,0.048828125,-0.0732421875,1.7333984375,-0.09765625,0.7568359375,-0.20751953125,2.4658203125,-0.29296875,7.0556640625,-0.20751953125,-0.32958984375,0.06103515625,0.03662109375,-0.72021484375,0.67138671875,-0.3662109375,-0.439453125,-0.146484375,-0.1220703125,0.18310546875,-0.74462890625,0.1708984375,0.93994140625,0.08544921875,0.244140625,0.47607421875,-0.29296875,-0.42724609375,-0.7568359375,0.048828125,-0.45166015625,-0.048828125,-0.69580078125,0.1953125,-0.1953125,0.1220703125,-0.67138671875,0.146484375,-0.40283203125,0.10986328125,0.54931640625,0.2197265625,1.1474609375,0.03662109375,0.5126953125,-0.2685546875,-0.1708984375,0.18310546875,0.79345703125,-0.341796875,0.6103515625,0,0.47607421875,0.13427734375,0.5615234375,-0.28076171875,0.1220703125,0.390625,0.25634765625,0.09765625,1.06201171875,0.1220703125,0.23193359375,-0.048828125,0.2197265625,0.244140625,0.29296875,0.1220703125,0.86669921875,0.048828125,0.0732421875,-0.1220703125,1.3916015625,-0.244140625,-0.927734375,-0.2197265625,-0.29296875,0.08544921875,-1.01318359375,-0.0732421875,-0.76904296875,0,-1.5380859375,-0.09765625,-0.28076171875,-0.15869140625,-0.23193359375,-0.3662109375,-1.171875,-0.01220703125,1.69677734375,-0.341796875,5.3466796875,0.0244140625,1.2939453125,-0.0244140625,2.35595703125,0.439453125,-0.68359375,-0.03662109375,-1.4404296875,0.2197265625,-1.0009765625,-0.1708984375,0.40283203125,-0.1953125,5.45654296875,-0.28076171875,5.5908203125,-0.08544921875,3.6865234375,-0.35400390625,9.97314453125,-0.0732421875,0.03662109375,-0.1220703125,0.8056640625,-0.08544921875,-0.4638671875,-0.0244140625,-0.5126953125
0,0.20751953125,-0.13427734375,0.25634765625,0.0244140625,-0.3662109375,-0.32958984375,0.2197265625,0.03662109375,-0.09765625,2.001953125,-0.10986328125,1.01318359375,-0.2197265625,2.67333984375,-0.37841796875,8.0810546875,-0.2685546875,-0.40283203125,0.03662109375,-0.01220703125,-0.7080078125,0.64697265625,-0.37841796875,-0.48828125,-0.15869140625,-0.09765625,0.15869140625,-0.7568359375,0.13427734375,0.9521484375,0.03662109375,0.244140625,0.57373046875,-0.2685546875,-0.5615234375,-0.74462890625,0.048828125,-0.4150390625,-0.03662109375,-0.69580078125,0.18310546875,-0.18310546875,0.1220703125,-0.67138671875,0.15869140625,-0.40283203125,0.08544921875,0.5615234375,0.2197265625,1.171875,0.0244140625,0.48828125,-0.390625,-0.18310546875,0.1953125,0.78125,-0.390625,0.59814453125,-0.048828125,0.48828125,0.18310546875,0.54931640625,-0.30517578125,0.09765625,0.439453125,0.28076171875,0.048828125,1.07421875,0.13427734375,0.25634765625,-0.03662109375,0.2197265625,0.30517578125,0.3173828125,0.0244140625,0.84228515625,0.048828125,0.06103515625,-0.10986328125,1.40380859375,-0.20751953125,-0.93994140625,-0.18310546875,-0.30517578125,0.146484375,-1.0009765625,-0.048828125,-0.7568359375,-0.0244140625,-1.513671875,-0.15869140625,-0.2685546875,-0.25634765625,-0.2685546875,-0.29296875,-1.1962890625,-0.0732421875,1.50146484375,-0.30517578125,4.9072265625,0.06103515625,1.08642578125,0.03662109375,2.18505859375,0.2685546875,-0.69580078125,0.03662109375,-1.4404296875,0.2685546875,-1.0009765625,-0.13427734375,0.42724609375,-0.1708984375,5.40771484375,-0.29296875,5.60302734375,-0.08544921875,3.6865234375,-0.23193359375,10.0830078125,-0.09765625,0.03662109375,-0.13427734375,0.81787109375,-0.08544921875,-0.4638671875,-0.0244140625,-0.50048828125
0,0.23193359375,-0.1953125,0.20751953125,0.0244140625,-0.390625,-0.35400390625,0.20751953125,0.0244140625,-0.09765625,2.18505859375,-0.08544921875,1.1962890625,-0.20751953125,2.83203125,-0.341796875,8.8134765625,-0.20751953125,-0.4150390625,0,-0.06103515625,-0.67138671875,0.64697265625,-0.439453125,-0.537109375,-0.13427734375,-0.10986328125,0.1220703125,-0.74462890625,0.0732421875,0.9521484375,-0.03662109375,0.244140625,0.59814453125,-0.2685546875,-0.67138671875,-0.72021484375,0.03662109375,-0.40283203125,-0.0244140625,-0.69580078125,0.1708984375,-0.1708984375,0.0732421875,-0.64697265625,0.15869140625,-0.40283203125,0.0244140625,0.54931640625,0.13427734375,1.18408203125,0.03662109375,0.50048828125,-0.48828125,-0.18310546875,0.18310546875,0.76904296875,-0.4150390625,0.59814453125,-0.18310546875,0.47607421875,0.2197265625,0.52490234375,-0.30517578125,0.09765625,0.47607421875,0.28076171875,-0.01220703125,1.0986328125,0.13427734375,0.2685546875,-0.0244140625,0.23193359375,0.28076171875,0.30517578125,-0.048828125,0.8544921875,0.06103515625,0.03662109375,-0.13427734375,1.416015625,-0.1708984375,-0.927734375,-0.146484375,-0.30517578125,0.18310546875,-0.96435546875,-0.06103515625,-0.76904296875,-0.0732421875,-1.50146484375,-0.18310546875,-0.28076171875,-0.37841796875,-0.25634765625,-0.146484375,-1.20849609375,-0.0732421875,1.318359375,-0.13427734375,4.45556640625,0.03662109375,0.927734375,0.1220703125,2.01416015625,0.06103515625,-0.7080078125,0.09765625,-1.42822265625,0.28076171875,-0.98876953125,-0.09765625,0.4150390625,-0.1708984375,5.26123046875,-0.28076171875,5.48095703125,-0.06103515625,3.61328125,-0.2197265625,9.97314453125,-0.10986328125,0.048828125,-0.1220703125,0.830078125,-0.09765625,-0.47607421875,-0.0244140625,-0.50048828125
0,0.15869140625,-0.25634765625,0.2197265625,0.0732421875,-0.390625,-0.341796875,0.1953125,0.0244140625,-0.10986328125,2.2705078125,-0.048828125,1.30615234375,-0.1953125,2.91748046875,-0.42724609375,9.3017578125,-0.03662109375,-0.4150390625,0.048828125,-0.0732421875,-0.37841796875,0.6591796875,-0.3662109375,-0.5615234375,-0.09765625,-0.09765625,0.048828125,-0.76904296875,0.0244140625,0.93994140625,-0.13427734375,0.25634765625,0.5859375,-0.25634765625,-0.67138671875,-0.69580078125,-0.03662109375,-0.37841796875,-0.03662109375,-0.67138671875,0.1220703125,-0.13427734375,0,-0.64697265625,0.13427734375,-0.390625,0.01220703125,0.5615234375,0.0732421875,1.20849609375,0,0.48828125,-0.5126953125,-0.1708984375,0.146484375,0.7568359375,-0.40283203125,0.6103515625,-0.1953125,0.48828125,0.2197265625,0.52490234375,-0.2197265625,0.10986328125,0.5126953125,0.2685546875,-0.09765625,1.08642578125,0.13427734375,0.2685546875,-0.048828125,0.25634765625,0.244140625,0.32958984375,-0.0732421875,0.84228515625,0.06103515625,0.03662109375,-0.146484375,1.416015625,-0.13427734375,-0.93994140625,-0.08544921875,-0.29296875,0.20751953125,-0.9765625,-0.048828125,-0.76904296875,-0.18310546875,-1.50146484375,-0.15869140625,-0.2685546875,-0.47607421875,-0.29296875,0.0732421875,-1.220703125,-0.06103515625,1.13525390625,-0.09765625,4.04052734375,0.048828125,0.78125,0.18310546875,1.8310546875,-0.13427734375,-0.72021484375,0.1220703125,-1.4404296875,0.244140625,-0.98876953125,-0.048828125,0.42724609375,-0.1708984375,5.09033203125,-0.30517578125,5.31005859375,-0.048828125,3.50341796875,-0.390625,9.716796875,-0.10986328125,0.03662109375,-0.1220703125,0.81787109375,-0.10986328125,-0.47607421875,-0.06103515625,-0.50048828125
0,0.15869140625,-0.341796875,0.244140625,0.146484375,-0.390625,-0.35400390625,0.1953125,0.01220703125,-0.146484375,2.3193359375,-0.0732421875,1.35498046875,-0.1953125,2.9541015625,-0.50048828125,9.53369140625,0.06103515625,-0.40283203125,0,-0.06103515625,-0.1708984375,0.69580078125,-0.35400390625,-0.5615234375,-0.06103515625,-0.1220703125,-0.06103515625,-0.74462890625,-0.048828125,0.93994140625,-0.25634765625,0.25634765625,0.439453125,-0.244140625,-0.634765625,-0.68359375,-0.1220703125,-0.40283203125,-0.0244140625,-0.67138671875,0.06103515625,-0.15869140625,-0.06103515625,-0.634765625,0.09765625,-0.390625,-0.01220703125,0.5615234375,0.0244140625,1.23291015625,-0.048828125,0.48828125,-0.52490234375,-0.1708984375,0.1708984375,0.74462890625,-0.37841796875,0.64697265625,-0.1708984375,0.47607421875,0.20751953125,0.5126953125,-0.15869140625,0.10986328125,0.50048828125,0.23193359375,-0.2197265625,1.0986328125,0.13427734375,0.29296875,-0.08544921875,0.25634765625,0.20751953125,0.32958984375,-0.13427734375,0.87890625,0.10986328125,0.03662109375,-0.1708984375,1.42822265625,-0.13427734375,-0.927734375,0,-0.29296875,0.20751953125,-0.9521484375,-0.03662109375,-0.78125,-0.23193359375,-1.50146484375,-0.10986328125,-0.28076171875,-0.5126953125,-0.32958984375,0.29296875,-1.220703125,-0.01220703125,0.9765625,-0.09765625,3.6865234375,0.01220703125,0.64697265625,0.244140625,1.69677734375,-0.30517578125,-0.74462890625,0.1220703125,-1.416015625,0.23193359375,-1.0009765625,-0.01220703125,0.4150390625,-0.15869140625,4.9072265625,-0.3173828125,5.11474609375,-0.06103515625,3.35693359375,-0.40283203125,9.3505859375,-0.13427734375,0.03662109375,-0.09765625,0.8056640625,-0.08544921875,-0.45166015625,-0.0732421875,-0.47607421875
1,0.146484375,-0.40283203125,0.15869140625,0.15869140625,-0.37841796875,-0.3662109375,0.1708984375,-0.01220703125,-0.15869140625,2.3193359375,-0.06103515625,1.3427734375,-0.18310546875,2.9541015625,-0.50048828125,9.53369140625,0.2197265625,-0.3662109375,0.01220703125,-0.06103515625,-0.01220703125,0.74462890625,-0.28076171875,-0.5615234375,-0.0244140625,-0.1220703125,-0.13427734375,-0.7568359375,-0.1220703125,0.96435546875,-0.341796875,0.25634765625,0.2685546875,-0.244140625,-0.52490234375,-0.6591796875,-0.23193359375,-0.4150390625,0.03662109375,-0.67138671875,-0.03662109375,-0.15869140625,-0.0732421875,-0.62255859375,0.0244140625,-0.37841796875,0.01220703125,0.54931640625,-0.048828125,1.20849609375,-0.13427734375,0.5126953125,-0.50048828125,-0.146484375,0.18310546875,0.732421875,-0.390625,0.6591796875,-0.1220703125,0.47607421875,0.1953125,0.50048828125,-0.0732421875,0.146484375,0.42724609375,0.20751953125,-0.25634765625,1.07421875,0.146484375,0.25634765625,-0.13427734375,0.2685546875,0.146484375,0.341796875,-0.1220703125,0.91552734375,0.13427734375,0.03662109375,-0.20751953125,1.40380859375,-0.10986328125,-0.91552734375,0.0732421875,-0.28076171875,0.1708984375,-0.9521484375,-0.0244140625,-0.7568359375,-0.3173828125,-1.47705078125,-0.06103515625,-0.2685546875,-0.45166015625,-0.32958984375,0.4150390625,-1.2451171875,0.048828125,0.86669921875,-0.0244140625,3.41796875,-0.048828125,0.54931640625,0.28076171875,1.5869140625,-0.3662109375,-0.732421875,0.06103515625,-1.42822265625,0.1953125,-0.98876953125,-0.0244140625,0.42724609375,-0.15869140625,4.736328125,-0.29296875,4.8828125,-0.06103515625,3.25927734375,-0.42724609375,8.9111328125,-0.146484375,0.0244140625,-0.0732421875,0.830078125,-0.08544921875,-0.42724609375,-0.08544921875,-0.48828125
1,0.01220703125,-0.439453125,0.2197265625,0.1708984375,-0.35400390625,-0.3662109375,0.15869140625,-0.0244140625,-0.20751953125,2.25830078125,-0.03662109375,1.2451171875,-0.18310546875,2.89306640625,-0.5615234375,9.31396484375,0.2685546875,-0.37841796875,0.048828125,-0.03662109375,0.13427734375,0.8056640625,-0.20751953125,-0.5615234375,-0.0244140625,-0.13427734375,-0.1953125,-0.74462890625,-0.18310546875,0.96435546875,-0.341796875,0.25634765625,0.048828125,-0.23193359375,-0.50048828125,-0.67138671875,-0.35400390625,-0.439453125,0.0244140625,-0.6591796875,-0.13427734375,-0.146484375,-0.09765625,-0.62255859375,-0.048828125,-0.40283203125,0.048828125,0.57373046875,-0.146484375,1.18408203125,-0.18310546875,0.54931640625,-0.439453125,-0.1220703125,0.1953125,0.74462890625,-0.341796875,0.67138671875,-0.08544921875,0.4638671875,0.29296875,0.5126953125,-0.08544921875,0.146484375,0.3662109375,0.18310546875,-0.32958984375,1.07421875,0.1220703125,0.244140625,-0.18310546875,0.25634765625,0.09765625,0.32958984375,-0.1220703125,0.87890625,0.20751953125,0.06103515625,-0.23193359375,1.37939453125,-0.0732421875,-0.9521484375,0.13427734375,-0.28076171875,0.146484375,-0.9765625,0,-0.76904296875,-0.32958984375,-1.46484375,-0.01220703125,-0.28076171875,-0.28076171875,-0.32958984375,0.42724609375,-1.25732421875,0.10986328125,0.7568359375,0.048828125,3.22265625,-0.08544921875,0.47607421875,0.2685546875,1.4892578125,-0.32958984375,-0.732421875,-0.06103515625,-1.416015625,0.13427734375,-0.98876953125,-0.01220703125,0.4150390625,-0.146484375,4.57763671875,-0.2685546875,4.6630859375,-0.0732421875,3.125,-0.390625,8.43505859375,-0.146484375,0.0244140625,-0.048828125,0.79345703125,-0.06103515625,-0.40283203125,-0.048828125,-0.47607421875
1,-0.0244140625,-0.4638671875,0.1708984375,0.18310546875,-0.341796875,-0.390625,0.13427734375,0,-0.2197265625,2.13623046875,-0.03662109375,1.123046875,-0.1708984375,2.783203125,-0.5859375,8.88671875,0.2685546875,-0.3662109375,0.0732421875,-0.0244140625,0.146484375,0.84228515625,-0.15869140625,-0.52490234375,-0.01220703125,-0.146484375,-0.23193359375,-0.732421875,-0.1708984375,0.9521484375,-0.30517578125,0.23193359375,-0.146484375,-0.244140625,-0.40283203125,-0.69580078125,-0.42724609375,-0.47607421875,0.03662109375,-0.6591796875,-0.2197265625,-0.18310546875,-0.06103515625,-0.62255859375,-0.15869140625,-0.390625,0.0732421875,0.5859375,-0.2197265625,1.171875,-0.20751953125,0.5615234375,-0.40283203125,-0.1220703125,0.1708984375,0.74462890625,-0.32958984375,0.67138671875,0.01220703125,0.4638671875,0.30517578125,0.50048828125,-0.09765625,0.1708984375,0.2685546875,0.1708984375,-0.37841796875,1.06201171875,0.09765625,0.244140625,-0.25634765625,0.23193359375,0.01220703125,0.32958984375,-0.15869140625,0.89111328125,0.28076171875,0.06103515625,-0.2685546875,1.35498046875,0,-0.9521484375,0.146484375,-0.30517578125,0.0732421875,-0.96435546875,0,-0.76904296875,-0.32958984375,-1.47705078125,0.0244140625,-0.29296875,-0.09765625,-0.30517578125,0.341796875,-1.28173828125,0.146484375,0.7080078125,0.0732421875,3.076171875,-0.13427734375,0.4150390625,0.23193359375,1.40380859375,-0.2197265625,-0.7080078125,-0.1953125,-1.40380859375,0.0732421875,-0.98876953125,-0.03662109375,0.4150390625,-0.146484375,4.39453125,-0.25634765625,4.45556640625,-0.0732421875,2.96630859375,-0.390625,7.9345703125,-0.15869140625,-0.01220703125,-0.048828125,0.8056640625,-0.06103515625,-0.4150390625,-0.0244140625,-0.4638671875
1,-0.0244140625,-0.45166015625,0.13427734375,0.1708984375,-0.341796875,-0.390625,0.13427734375,-0.01220703125,-0.20751953125,1.98974609375,0,0.91552734375,-0.1708984375,2.63671875,-0.6103515625,8.26416015625,0.28076171875,-0.3662109375,0.15869140625,0,0.1220703125,0.87890625,-0.0244140625,-0.50048828125,-0.048828125,-0.1708984375,-0.2197265625,-0.76904296875,-0.18310546875,0.927734375,-0.20751953125,0.244140625,-0.244140625,-0.2685546875,-0.4150390625,-0.69580078125,-0.4638671875,-0.48828125,-0.0244140625,-0.67138671875,-0.25634765625,-0.20751953125,-0.048828125,-0.634765625,-0.25634765625,-0.4150390625,0.1220703125,0.57373046875,-0.28076171875,1.1474609375,-0.1953125,0.5859375,-0.35400390625,-0.13427734375,0.146484375,0.7568359375,-0.3173828125,0.68359375,0.048828125,0.4638671875,0.341796875,0.5126953125,-0.10986328125,0.1708984375,0.18310546875,0.15869140625,-0.3662109375,1.0498046875,0.1220703125,0.2197265625,-0.32958984375,0.20751953125,-0.048828125,0.29296875,-0.15869140625,0.87890625,0.29296875,0.0732421875,-0.30517578125,1.33056640625,0.06103515625,-0.9521484375,0.09765625,-0.30517578125,0.0244140625,-0.9765625,0,-0.76904296875,-0.2685546875,-1.47705078125,0.0244140625,-0.28076171875,0.09765625,-0.29296875,0.2197265625,-1.28173828125,0.244140625,0.6103515625,0.0732421875,2.9296875,-0.146484375,0.3662109375,0.146484375,1.318359375,-0.01220703125,-0.732421875,-0.3173828125,-1.416015625,0.0244140625,-1.01318359375,-0.09765625,0.45166015625,-0.18310546875,4.248046875,-0.244140625,4.2724609375,-0.06103515625,2.81982421875,-0.35400390625,7.48291015625,-0.15869140625,-0.01220703125,-0.0732421875,0.79345703125,-0.048828125,-0.4150390625,0.01220703125,-0.47607421875
1,-0.03662109375,-0.45166015625,0.13427734375,0.13427734375,-0.3173828125,-0.390625,0.13427734375,0.01220703125,-0.20751953125,1.77001953125,0.01220703125,0.69580078125,-0.1708984375,2.4658203125,-0.634765625,7.4951171875,0.18310546875,-0.341796875,0.1953125,0.0244140625,-0.06103515625,0.927734375,0.048828125,-0.439453125,-0.13427734375,-0.1708984375,-0.15869140625,-0.7568359375,-0.15869140625,0.927734375,-0.09765625,0.23193359375,-0.2197265625,-0.29296875,-0.48828125,-0.732421875,-0.45166015625,-0.48828125,-0.048828125,-0.67138671875,-0.23193359375,-0.20751953125,-0.0244140625,-0.59814453125,-0.3173828125,-0.42724609375,0.1708984375,0.5615234375,-0.2685546875,1.13525390625,-0.18310546875,0.54931640625,-0.30517578125,-0.146484375,0.146484375,0.78125,-0.28076171875,0.68359375,0.1220703125,0.439453125,0.3173828125,0.5126953125,-0.15869140625,0.1953125,0.06103515625,0.15869140625,-0.37841796875,1.03759765625,0.08544921875,0.2197265625,-0.341796875,0.20751953125,-0.09765625,0.3173828125,-0.2197265625,0.84228515625,0.3173828125,0.0732421875,-0.341796875,1.318359375,0.10986328125,-0.96435546875,0.048828125,-0.3173828125,0,-0.96435546875,-0.048828125,-0.78125,-0.1708984375,-1.45263671875,0.0244140625,-0.2685546875,0.23193359375,-0.2685546875,0.08544921875,-1.2939453125,0.28076171875,0.54931640625,0.09765625,2.734375,-0.13427734375,0.30517578125,0.03662109375,1.2451171875,0.15869140625,-0.7080078125,-0.341796875,-1.42822265625,0,-1.0009765625,-0.13427734375,0.439453125,-0.18310546875,4.1015625,-0.244140625,4.0771484375,-0.0732421875,2.63671875,-0.3173828125,7.09228515625,-0.15869140625,-0.0244140625,-0.08544921875,0.79345703125,-0.06103515625,-0.42724609375,0.048828125,-0.47607421875
1,0.0732421875,-0.390625,0.146484375,0.0732421875,-0.29296875,-0.390625,0.1220703125,0.03662109375,-0.23193359375,1.52587890625,0.01220703125,0.42724609375,-0.15869140625,2.23388671875,-0.67138671875,6.57958984375,0.06103515625,-0.32958984375,0.28076171875,0.06103515625,-0.10986328125,0.9521484375,0.146484375,-0.390625,-0.2197265625,-0.15869140625,-0.08544921875,-0.74462890625,-0.15869140625,0.91552734375,0.0244140625,0.244140625,-0.1220703125,-0.30517578125,-0.47607421875,-0.76904296875,-0.390625,-0.48828125,-0.10986328125,-0.68359375,-0.146484375,-0.20751953125,0.01220703125,-0.5859375,-0.37841796875,-0.45166015625,0.1953125,0.5615234375,-0.2685546875,1.123046875,-0.1220703125,0.5615234375,-0.2685546875,-0.15869140625,0.1953125,0.79345703125,-0.3173828125,0.67138671875,0.10986328125,0.439453125,0.35400390625,0.50048828125,-0.1708984375,0.15869140625,-0.0732421875,0.1708984375,-0.341796875,1.03759765625,0.048828125,0.2197265625,-0.4150390625,0.20751953125,-0.1220703125,0.30517578125,-0.2197265625,0.84228515625,0.29296875,0.06103515625,-0.341796875,1.318359375,0.1220703125,-0.96435546875,-0.03662109375,-0.3173828125,-0.03662109375,-1.0009765625,-0.1220703125,-0.7568359375,-0.08544921875,-1.46484375,0,-0.28076171875,0.3173828125,-0.28076171875,-0.0244140625,-1.28173828125,0.341796875,0.42724609375,0.13427734375,2.490234375,-0.146484375,0.20751953125,-0.0244140625,1.13525390625,0.3173828125,-0.68359375,-0.29296875,-1.4404296875,0,-1.0009765625,-0.20751953125,0.4150390625,-0.1953125,3.94287109375,-0.23193359375,3.86962890625,-0.06103515625,2.490234375,-0.35400390625,6.73828125,-0.1708984375,-0.01220703125,-0.08544921875,0.8056640625,-0.048828125,-0.45166015625,0.09765625,-0.47607421875
1,0,-0.341796875,0.20751953125,-0.01220703125,-0.29296875,-0.37841796875,0.13427734375,0.048828125,-0.244140625,1.2451171875,0.0244140625,0.1708984375,-0.146484375,1.98974609375,-0.69580078125,5.56640625,-0.03662109375,-0.28076171875,0.2685546875,0.13427734375,-0.09765625,0.98876953125,0.20751953125,-0.3173828125,-0.29296875,-0.13427734375,-0.01220703125,-0.74462890625,-0.10986328125,0.91552734375,0.10986328125,0.23193359375,0.0732421875,-0.28076171875,-0.50048828125,-0.8056640625,-0.30517578125,-0.4638671875,-0.10986328125,-0.68359375,-0.0244140625,-0.1953125,0.048828125,-0.6103515625,-0.3662109375,-0.439453125,0.20751953125,0.5615234375,-0.20751953125,1.15966796875,-0.0732421875,0.5615234375,-0.1708984375,-0.1708984375,0.244140625,0.79345703125,-0.30517578125,0.64697265625,0.08544921875,0.45166015625,0.37841796875,0.50048828125,-0.1220703125,0.1708984375,-0.18310546875,0.20751953125,-0.30517578125,1.03759765625,0.03662109375,0.25634765625,-0.42724609375,0.1953125,-0.15869140625,0.30517578125,-0.23193359375,0.81787109375,0.2685546875,0.06103515625,-0.32958984375,1.33056640625,0.09765625,-0.9765625,-0.13427734375,-0.30517578125,-0.03662109375,-1.01318359375,-0.1953125,-0.74462890625,-0.01220703125,-1.46484375,-0.0244140625,-0.25634765625,0.29296875,-0.2685546875,-0.03662109375,-1.28173828125,0.32958984375,0.29296875,0.15869140625,2.099609375,-0.146484375,0.10986328125,-0.1220703125,1.0009765625,0.35400390625,-0.69580078125,-0.146484375,-1.46484375,-0.01220703125,-1.0009765625,-0.244140625,0.40283203125,-0.1953125,3.79638671875,-0.25634765625,3.69873046875,-0.048828125,2.3193359375,-0.40283203125,6.48193359375,-0.15869140625,0.01220703125,-0.08544921875,0.830078125,-0.08544921875,-0.47607421875,0.10986328125,-0.47607421875
1,-0.146484375,-0.30517578125,0.146484375,-0.10986328125,-0.23193359375,-0.390625,0.1220703125,0.03662109375,-0.244140625,0.9765625,0.048828125,-0.08544921875,-0.146484375,1.7333984375,-0.72021484375,4.47998046875,-0.146484375,-0.1708984375,0.2197265625,0.20751953125,-0.18310546875,1.025390625,0.15869140625,-0.25634765625,-0.341796875,-0.1220703125,0.06103515625,-0.74462890625,-0.048828125,0.927734375,0.13427734375,0.2197265625,0.2685546875,-0.25634765625,-0.50048828125,-0.81787109375,-0.23193359375,-0.42724609375,-0.146484375,-0.69580078125,0.13427734375,-0.1953125,0.03662109375,-0.62255859375,-0.32958984375,-0.4150390625,0.18310546875,0.57373046875,-0.13427734375,1.171875,0,0.50048828125,-0.13427734375,-0.18310546875,0.30517578125,0.78125,-0.30517578125,0.64697265625,0,0.439453125,0.35400390625,0.52490234375,-0.10986328125,0.15869140625,-0.2685546875,0.23193359375,-0.28076171875,1.03759765625,-0.01220703125,0.28076171875,-0.40283203125,0.1953125,-0.1953125,0.32958984375,-0.23193359375,0.8056640625,0.25634765625,0.0732421875,-0.244140625,1.3671875,0.03662109375,-0.96435546875,-0.23193359375,-0.30517578125,-0.01220703125,-1.01318359375,-0.25634765625,-0.732421875,0.048828125,-1.46484375,-0.01220703125,-0.23193359375,0.1953125,-0.2685546875,0.01220703125,-1.28173828125,0.2685546875,0.09765625,0.2685546875,1.6357421875,-0.15869140625,-0.0244140625,-0.18310546875,0.81787109375,0.29296875,-0.69580078125,0.03662109375,-1.46484375,0.01220703125,-1.0009765625,-0.2685546875,0.40283203125,-0.18310546875,3.6376953125,-0.2685546875,3.52783203125,-0.06103515625,2.197265625,-0.32958984375,6.23779296875,-0.146484375,0.03662109375,-0.10986328125,0.84228515625,-0.06103515625,-0.50048828125,0.10986328125,-0.45166015625
1,-0.15869140625,-0.244140625,0.1708984375,-0.1953125,-0.244140625,-0.390625,0.1220703125,0.0244140625,-0.23193359375,0.72021484375,0.0732421875,-0.32958984375,-0.1708984375,1.50146484375,-0.72021484375,3.4423828125,-0.15869140625,-0.09765625,0.15869140625,0.29296875,-0.1708984375,1.07421875,0.06103515625,-0.1953125,-0.32958984375,-0.10986328125,0.09765625,-0.7568359375,0.01220703125,0.927734375,0.15869140625,0.20751953125,0.45166015625,-0.244140625,-0.45166015625,-0.84228515625,-0.15869140625,-0.42724609375,-0.13427734375,-0.7080078125,0.244140625,-0.18310546875,0,-0.62255859375,-0.2197265625,-0.4150390625,0.146484375,0.57373046875,-0.08544921875,1.220703125,0.0244140625,0.47607421875,-0.10986328125,-0.20751953125,0.37841796875,0.78125,-0.341796875,0.634765625,-0.08544921875,0.4638671875,0.40283203125,0.54931640625,-0.09765625,0.13427734375,-0.3173828125,0.25634765625,-0.23193359375,1.06201171875,-0.048828125,0.29296875,-0.390625,0.1953125,-0.25634765625,0.32958984375,-0.1708984375,0.8056640625,0.2197265625,0.048828125,-0.1708984375,1.37939453125,-0.01220703125,-0.9521484375,-0.2685546875,-0.28076171875,0,-1.025390625,-0.28076171875,-0.72021484375,0.06103515625,-1.4404296875,-0.01220703125,-0.20751953125,0.048828125,-0.30517578125,0.06103515625,-1.28173828125,0.1708984375,-0.09765625,0.3662109375,1.08642578125,-0.146484375,-0.18310546875,-0.2197265625,0.634765625,0.1708984375,-0.7080078125,0.20751953125,-1.45263671875,0.01220703125,-1.0009765625,-0.30517578125,0.4150390625,-0.15869140625,3.47900390625,-0.28076171875,3.35693359375,-0.08544921875,2.099609375,-0.32958984375,6.0302734375,-0.146484375,0.06103515625,-0.0732421875,0.81787109375,-0.03662109375,-0.48828125,0.10986328125,-0.439453125
1,-0.244140625,-0.20751953125,0.2197265625,-0.2685546875,-0.25634765625,-0.40283203125,0.08544921875,0.01220703125,-0.244140625,0.439453125,0.08544921875,-0.54931640625,-0.18310546875,1.25732421875,-0.732421875,2.42919921875,-0.15869140625,-0.01220703125,0.048828125,0.3662109375,-0.1708984375,1.08642578125,-0.13427734375,-0.15869140625,-0.2685546875,-0.10986328125,0.06103515625,-0.7568359375,0.0732421875,0.927734375,0.13427734375,0.2197265625,0.57373046875,-0.244140625,-0.42724609375,-0.830078125,-0.1220703125,-0.40283203125,-0.10986328125,-0.69580078125,0.341796875,-0.1953125,-0.01220703125,-0.62255859375,-0.09765625,-0.4150390625,0.08544921875,0.5615234375,-0.0244140625,1.2451171875,0.06103515625,0.4638671875,-0.10986328125,-0.18310546875,0.37841796875,0.78125,-0.3662109375,0.634765625,-0.1953125,0.47607421875,0.37841796875,0.54931640625,-0.09765625,0.13427734375,-0.3662109375,0.28076171875,-0.15869140625,1.06201171875,-0.0732421875,0.29296875,-0.35400390625,0.23193359375,-0.3173828125,0.3662109375,-0.1708984375,0.79345703125,0.1953125,0.0732421875,-0.09765625,1.40380859375,-0.03662109375,-0.93994140625,-0.30517578125,-0.28076171875,0.048828125,-1.01318359375,-0.2197265625,-0.72021484375,0.048828125,-1.42822265625,-0.01220703125,-0.1953125,-0.15869140625,-0.29296875,0.1220703125,-1.25732421875,0.01220703125,-0.341796875,0.37841796875,0.54931640625,-0.10986328125,-0.3662109375,-0.20751953125,0.45166015625,0.08544921875,-0.7080078125,0.32958984375,-1.4404296875,0.03662109375,-1.0009765625,-0.29296875,0.42724609375,-0.146484375,3.30810546875,-0.28076171875,3.21044921875,-0.0732421875,2.001953125,-0.32958984375,5.7373046875,-0.146484375,0.08544921875,-0.048828125,0.81787109375,-0.03662109375,-0.50048828125,0.09765625,-0.4638671875
1,-0.25634765625,-0.1953125,0.18310546875,-0.3173828125,-0.25634765625,-0.390625,0.0732421875,0,-0.23193359375,0.1953125,0.08544921875,-0.74462890625,-0.1953125,1.025390625,-0.732421875,1.52587890625,-0.18310546875,0.048828125,-0.06103515625,0.40283203125,-0.1708984375,1.08642578125,-0.40283203125,-0.13427734375,-0.20751953125,-0.09765625,0.048828125,-0.74462890625,0.0732421875,0.9521484375,0.09765625,0.2197265625,0.5615234375,-0.244140625,-0.28076171875,-0.79345703125,-0.0732421875,-0.390625,-0.09765625,-0.72021484375,0.40283203125,-0.1953125,-0.0244140625,-0.62255859375,0.01220703125,-0.4150390625,0.03662109375,0.57373046875,0.08544921875,1.2451171875,0.10986328125,0.47607421875,-0.10986328125,-0.1708984375,0.37841796875,0.76904296875,-0.3662109375,0.64697265625,-0.29296875,0.4638671875,0.37841796875,0.54931640625,-0.1953125,0.13427734375,-0.40283203125,0.30517578125,-0.048828125,1.07421875,-0.0732421875,0.28076171875,-0.35400390625,0.25634765625,-0.32958984375,0.35400390625,-0.1220703125,0.81787109375,0.13427734375,0.06103515625,0,1.416015625,-0.08544921875,-0.89111328125,-0.30517578125,-0.23193359375,0.1220703125,-1.0009765625,-0.13427734375,-0.72021484375,0.0244140625,-1.416015625,-0.01220703125,-0.1953125,-0.3173828125,-0.3173828125,0.1220703125,-1.2451171875,-0.0732421875,-0.537109375,0.3662109375,0.048828125,-0.09765625,-0.5126953125,-0.13427734375,0.28076171875,0.048828125,-0.7080078125,0.341796875,-1.42822265625,0.08544921875,-0.98876953125,-0.30517578125,0.4150390625,-0.1220703125,3.13720703125,-0.28076171875,3.0029296875,-0.06103515625,1.91650390625,-0.15869140625,5.37109375,-0.1220703125,0.09765625,-0.06103515625,0.830078125,0,-0.47607421875,0.0732421875,-0.45166015625
1,-0.28076171875,-0.20751953125,0.18310546875,-0.32958984375,-0.2197265625,-0.40283203125,0.03662109375,0.01220703125,-0.244140625,-0.0244140625,0.06103515625,-0.9033203125,-0.20751953125,0.84228515625,-0.78125,0.732421875,-0.15869140625,0.0732421875,-0.08544921875,0.4150390625,-0.244140625,1.07421875,-0.57373046875,-0.15869140625,-0.1220703125,-0.09765625,0,-0.7568359375,0.03662109375,0.96435546875,0.0732421875,0.20751953125,0.4150390625,-0.25634765625,-0.13427734375,-0.74462890625,-0.08544921875,-0.40283203125,-0.06103515625,-0.72021484375,0.4638671875,-0.1953125,-0.06103515625,-0.64697265625,0.08544921875,-0.4150390625,0.03662109375,0.5615234375,0.10986328125,1.2451171875,0.09765625,0.47607421875,-0.06103515625,-0.15869140625,0.29296875,0.7568359375,-0.30517578125,0.6591796875,-0.30517578125,0.47607421875,0.390625,0.54931640625,-0.2685546875,0.146484375,-0.390625,0.30517578125,0,1.0498046875,-0.08544921875,0.244140625,-0.32958984375,0.244140625,-0.32958984375,0.341796875,-0.08544921875,0.8544921875,0.09765625,0.0732421875,0.06103515625,1.40380859375,-0.10986328125,-0.86669921875,-0.2685546875,-0.23193359375,0.18310546875,-0.9765625,-0.048828125,-0.7080078125,-0.048828125,-1.416015625,-0.01220703125,-0.18310546875,-0.40283203125,-0.32958984375,0.08544921875,-1.2451171875,-0.13427734375,-0.68359375,0.2685546875,-0.3173828125,-0.08544921875,-0.62255859375,-0.06103515625,0.15869140625,0.1220703125,-0.72021484375,0.2685546875,-1.416015625,0.1220703125,-1.01318359375,-0.28076171875,0.4150390625,-0.10986328125,2.91748046875,-0.29296875,2.77099609375,-0.048828125,1.77001953125,-0.28076171875,4.833984375,-0.09765625,0.0732421875,-0.08544921875,0.830078125,0.01220703125,-0.45166015625,0.0732421875,-0.45166015625
1,-0.2685546875,-0.1953125,0.1708984375,-0.32958984375,-0.18310546875,-0.37841796875,0.03662109375,0,-0.23193359375,-0.20751953125,0.08544921875,-1.03759765625,-0.15869140625,0.68359375,-0.74462890625,0.09765625,-0.13427734375,0.08544921875,-0.1708984375,0.37841796875,-0.25634765625,1.07421875,-0.72021484375,-0.1708984375,-0.0244140625,-0.1220703125,-0.01220703125,-0.76904296875,-0.06103515625,0.9521484375,-0.01220703125,0.2197265625,0.15869140625,-0.25634765625,-0.0244140625,-0.64697265625,-0.09765625,-0.40283203125,-0.01220703125,-0.72021484375,0.45166015625,-0.1953125,-0.06103515625,-0.64697265625,0.1220703125,-0.390625,0.0244140625,0.54931640625,0.1708984375,1.2451171875,0.06103515625,0.50048828125,-0.048828125,-0.146484375,0.1953125,0.78125,-0.30517578125,0.67138671875,-0.3173828125,0.4638671875,0.35400390625,0.54931640625,-0.35400390625,0.15869140625,-0.40283203125,0.32958984375,0.0732421875,1.06201171875,-0.08544921875,0.23193359375,-0.28076171875,0.28076171875,-0.29296875,0.341796875,-0.0244140625,0.830078125,0.0732421875,0.0732421875,0.10986328125,1.416015625,-0.146484375,-0.86669921875,-0.1953125,-0.23193359375,0.28076171875,-0.9521484375,0,-0.72021484375,-0.10986328125,-1.42822265625,-0.06103515625,-0.1953125,-0.40283203125,-0.32958984375,0.01220703125,-1.20849609375,-0.1953125,-0.7080078125,0.0732421875,-0.45166015625,-0.09765625,-0.67138671875,-0.01220703125,0.1220703125,0.1953125,-0.72021484375,0.146484375,-1.416015625,0.146484375,-1.01318359375,-0.25634765625,0.4150390625,-0.10986328125,2.63671875,-0.29296875,2.4658203125,-0.0732421875,1.5869140625,-0.1708984375,4.13818359375,-0.0732421875,0.0732421875,-0.06103515625,0.8544921875,0.01220703125,-0.439453125,0.0732421875,-0.439453125
1,-0.3662109375,-0.18310546875,0.18310546875,-0.28076171875,-0.18310546875,-0.390625,0.01220703125,-0.01220703125,-0.20751953125,-0.35400390625,0.13427734375,-1.171875,-0.15869140625,0.6103515625,-0.72021484375,-0.37841796875,-0.08544921875,0.03662109375,-0.10986328125,0.35400390625,-0.2685546875,1.11083984375,-0.64697265625,-0.2197265625,0.048828125,-0.1220703125,-0.06103515625,-0.78125,-0.13427734375,0.96435546875,-0.0732421875,0.244140625,-0.048828125,-0.25634765625,0.08544921875,-0.5859375,-0.146484375,-0.42724609375,0.03662109375,-0.72021484375,0.40283203125,-0.2197265625,-0.01220703125,-0.64697265625,0.13427734375,-0.37841796875,0.048828125,0.5615234375,0.13427734375,1.2451171875,0.01220703125,0.537109375,-0.06103515625,-0.13427734375,0.18310546875,0.76904296875,-0.35400390625,0.6591796875,-0.29296875,0.4638671875,0.341796875,0.5615234375,-0.37841796875,0.15869140625,-0.37841796875,0.341796875,0.09765625,1.0498046875,-0.03662109375,0.23193359375,-0.29296875,0.30517578125,-0.20751953125,0.341796875,0.0244140625,0.86669921875,0.0732421875,0.06103515625,0.13427734375,1.40380859375,-0.13427734375,-0.89111328125,-0.1220703125,-0.2685546875,0.29296875,-0.98876953125,0.03662109375,-0.732421875,-0.146484375,-1.42822265625,-0.08544921875,-0.1953125,-0.28076171875,-0.3173828125,-0.09765625,-1.20849609375,-0.15869140625,-0.6103515625,0.06103515625,-0.29296875,-0.08544921875,-0.6103515625,0.048828125,0.1708984375,0.25634765625,-0.69580078125,-0.01220703125,-1.416015625,0.1708984375,-1.0009765625,-0.23193359375,0.4150390625,-0.1220703125,2.28271484375,-0.3173828125,2.1240234375,-0.0732421875,1.3427734375,-0.09765625,3.2958984375,-0.0732421875,0.03662109375,-0.0732421875,0.8544921875,0,-0.40283203125,0.048828125,-0.439453125
0,-0.40283203125,-0.1708984375,0.1708984375,-0.25634765625,-0.1953125,-0.390625,0,-0.01220703125,-0.20751953125,-0.45166015625,0.15869140625,-1.2451171875,-0.146484375,0.52490234375,-0.7080078125,-0.74462890625,-0.06103515625,-0.01220703125,-0.08544921875,0.341796875,-0.390625,1.1962890625,-0.5126953125,-0.244140625,0.048828125,-0.13427734375,-0.08544921875,-0.78125,-0.244140625,0.9521484375,-0.146484375,0.25634765625,-0.20751953125,-0.28076171875,0.03662109375,-0.5126953125,-0.1953125,-0.45166015625,0.048828125,-0.732421875,0.32958984375,-0.23193359375,0.01220703125,-0.6591796875,0.0732421875,-0.390625,0.0732421875,0.5859375,0.06103515625,1.20849609375,-0.0244140625,0.5615234375,-0.08544921875,-0.10986328125,0.1953125,0.76904296875,-0.29296875,0.64697265625,-0.1953125,0.45166015625,0.2685546875,0.5615234375,-0.32958984375,0.15869140625,-0.341796875,0.341796875,0.146484375,1.0498046875,-0.01220703125,0.23193359375,-0.3173828125,0.29296875,-0.08544921875,0.32958984375,0.03662109375,0.8544921875,0.06103515625,0.0732421875,0.09765625,1.3916015625,-0.08544921875,-0.91552734375,-0.048828125,-0.25634765625,0.2685546875,-0.98876953125,0.10986328125,-0.74462890625,-0.1220703125,-1.45263671875,-0.146484375,-0.1953125,-0.10986328125,-0.29296875,-0.15869140625,-1.220703125,-0.08544921875,-0.40283203125,-0.01220703125,0.13427734375,-0.08544921875,-0.45166015625,0.10986328125,0.3662109375,0.29296875,-0.68359375,-0.18310546875,-1.42822265625,0.146484375,-1.01318359375,-0.1708984375,0.4150390625,-0.09765625,1.904296875,-0.28076171875,1.72119140625,-0.06103515625,1.06201171875,0.0244140625,2.392578125,-0.06103515625,0.06103515625,-0.08544921875,0.84228515625,-0.01220703125,-0.4150390625,0.06103515625,-0.439453125
0,-0.37841796875,-0.1708984375,0.1953125,-0.1953125,-0.1953125,-0.40283203125,0,-0.0244140625,-0.1708984375,-0.50048828125,0.15869140625,-1.28173828125,-0.1220703125,0.52490234375,-0.67138671875,-0.96435546875,-0.048828125,-0.01220703125,0.03662109375,0.3662109375,-0.40283203125,1.35498046875,-0.28076171875,-0.20751953125,-0.01220703125,-0.146484375,-0.0732421875,-0.7568359375,-0.3173828125,0.9521484375,-0.1953125,0.2685546875,-0.29296875,-0.29296875,0,-0.45166015625,-0.23193359375,-0.45166015625,0.06103515625,-0.74462890625,0.23193359375,-0.244140625,0.0244140625,-0.6591796875,-0.03662109375,-0.40283203125,0.1220703125,0.5615234375,-0.0244140625,1.171875,-0.048828125,0.537109375,-0.10986328125,-0.10986328125,0.20751953125,0.78125,-0.28076171875,0.634765625,-0.18310546875,0.45166015625,0.146484375,0.5615234375,-0.28076171875,0.146484375,-0.244140625,0.32958984375,0.2197265625,1.0498046875,0,0.2197265625,-0.341796875,0.2685546875,0.0244140625,0.3173828125,0.09765625,0.830078125,0.08544921875,0.0732421875,0.09765625,1.3916015625,-0.01220703125,-0.93994140625,-0.01220703125,-0.29296875,0.244140625,-0.9765625,0.10986328125,-0.74462890625,-0.1220703125,-1.46484375,-0.18310546875,-0.20751953125,0.06103515625,-0.25634765625,-0.15869140625,-1.220703125,-0.01220703125,-0.08544921875,-0.09765625,0.8544921875,-0.08544921875,-0.1953125,0.146484375,0.6591796875,0.28076171875,-0.69580078125,-0.32958984375,-1.416015625,0.10986328125,-1.01318359375,-0.10986328125,0.4150390625,-0.09765625,1.47705078125,-0.2685546875,1.318359375,-0.06103515625,0.7568359375,0.08544921875,1.47705078125,-0.03662109375,0.03662109375,-0.1220703125,0.84228515625,-0.01220703125,-0.42724609375,0.0732421875,-0.45166015625
0,-0.4150390625,-0.15869140625,0.1708984375,-0.13427734375,-0.1953125,-0.390625,0,0,-0.1708984375,-0.5126953125,0.18310546875,-1.2939453125,-0.10986328125,0.537109375,-0.68359375,-1.07421875,-0.03662109375,0.09765625,0.15869140625,0.4638671875,-0.45166015625,1.64794921875,-0.0244140625,-0.09765625,-0.09765625,-0.13427734375,-0.09765625,-0.76904296875,-0.37841796875,0.9521484375,-0.28076171875,0.25634765625,-0.28076171875,-0.29296875,-0.1220703125,-0.42724609375,-0.23193359375,-0.4638671875,0.0244140625,-0.732421875,0.1220703125,-0.23193359375,0.01220703125,-0.64697265625,-0.146484375,-0.40283203125,0.15869140625,0.5859375,-0.10986328125,1.15966796875,-0.09765625,0.5615234375,-0.15869140625,-0.13427734375,0.23193359375,0.78125,-0.244140625,0.634765625,-0.09765625,0.45166015625,0.03662109375,0.54931640625,-0.25634765625,0.13427734375,-0.09765625,0.341796875,0.2197265625,1.0498046875,0.0244140625,0.23193359375,-0.3173828125,0.28076171875,0.0732421875,0.30517578125,0.1220703125,0.81787109375,0.06103515625,0.048828125,0.0732421875,1.37939453125,0.08544921875,-0.927734375,0,-0.30517578125,0.1953125,-1.01318359375,0.15869140625,-0.7568359375,-0.09765625,-1.46484375,-0.20751953125,-0.23193359375,0.2197265625,-0.2197265625,-0.1220703125,-1.2451171875,0.03662109375,0.32958984375,-0.08544921875,1.77001953125,-0.1220703125,0.146484375,0.146484375,1.025390625,0.18310546875,-0.68359375,-0.35400390625,-1.416015625,0.06103515625,-1.025390625,-0.08544921875,0.40283203125,-0.10986328125,1.0986328125,-0.29296875,0.927734375,-0.0732421875,0.45166015625,0.03662109375,0.72021484375,-0.03662109375,0.03662109375,-0.15869140625,0.79345703125,-0.03662109375,-0.45166015625,0.09765625,-0.45166015625
0,-0.341796875,-0.13427734375,0.048828125,-0.10986328125,-0.15869140625,-0.40283203125,-0.0244140625,0.03662109375,-0.1708984375,-0.47607421875,0.1953125,-1.2939453125,-0.08544921875,0.57373046875,-0.6591796875,-1.06201171875,-0.03662109375,0.3173828125,0.23193359375,0.69580078125,-0.50048828125,2.05078125,0.146484375,0.1220703125,-0.2197265625,-0.13427734375,-0.10986328125,-0.7568359375,-0.439453125,0.9521484375,-0.3173828125,0.244140625,-0.18310546875,-0.3173828125,-0.244140625,-0.40283203125,-0.28076171875,-0.45166015625,0,-0.72021484375,-0.0244140625,-0.25634765625,0,-0.634765625,-0.25634765625,-0.42724609375,0.18310546875,0.5615234375,-0.2197265625,1.1474609375,-0.13427734375,0.52490234375,-0.244140625,-0.146484375,0.2197265625,0.79345703125,-0.2197265625,0.62255859375,-0.03662109375,0.439453125,-0.1220703125,0.54931640625,-0.244140625,0.146484375,0.0732421875,0.341796875,0.23193359375,1.0498046875,0.01220703125,0.23193359375,-0.30517578125,0.25634765625,0.10986328125,0.28076171875,0.18310546875,0.78125,0.048828125,0.048828125,0,1.37939453125,0.15869140625,-0.96435546875,-0.01220703125,-0.30517578125,0.15869140625,-1.03759765625,0.13427734375,-0.7568359375,-0.048828125,-1.4892578125,-0.18310546875,-0.244140625,0.28076171875,-0.20751953125,-0.03662109375,-1.23291015625,0.09765625,0.81787109375,-0.06103515625,2.8076171875,-0.146484375,0.52490234375,0.1953125,1.45263671875,0.048828125,-0.68359375,-0.32958984375,-1.45263671875,0,-1.025390625,-0.08544921875,0.4150390625,-0.048828125,0.81787109375,-0.2685546875,0.6103515625,-0.06103515625,0.20751953125,0.06103515625,0.1953125,-0.0244140625,0.01220703125,-0.13427734375,0.76904296875,-0.03662109375,-0.47607421875,0.09765625,-0.47607421875
0,-0.3662109375,-0.10986328125,0.13427734375,-0.08544921875,-0.18310546875,-0.390625,-0.03662109375,0.048828125,-0.15869140625,-0.42724609375,0.20751953125,-1.25732421875,-0.048828125,0.62255859375,-0.62255859375,-1.0009765625,-0.0244140625,0.68359375,0.23193359375,1.025390625,-0.32958984375,2.60009765625,0.25634765625,0.42724609375,-0.35400390625,-0.1220703125,-0.1220703125,-0.7568359375,-0.48828125,0.93994140625,-0.3173828125,0.2685546875,-0.146484375,-0.341796875,-0.2685546875,-0.439453125,-0.28076171875,-0.42724609375,-0.06103515625,-0.7080078125,-0.1220703125,-0.2197265625,-0.03662109375,-0.62255859375,-0.341796875,-0.40283203125,0.20751953125,0.5859375,-0.3173828125,1.15966796875,-0.13427734375,0.48828125,-0.29296875,-0.1220703125,0.20751953125,0.76904296875,-0.1953125,0.6103515625,0.03662109375,0.439453125,-0.20751953125,0.537109375,-0.28076171875,0.1220703125,0.1953125,0.32958984375,0.2685546875,1.0498046875,0.0244140625,0.244140625,-0.28076171875,0.244140625,0.15869140625,0.29296875,0.2197265625,0.74462890625,0.048828125,0.03662109375,-0.048828125,1.3671875,0.2197265625,-0.96435546875,-0.03662109375,-0.30517578125,0.1220703125,-1.03759765625,0.08544921875,-0.7568359375,-0.06103515625,-1.50146484375,-0.10986328125,-0.25634765625,0.2685546875,-0.23193359375,0.08544921875,-1.25732421875,0.10986328125,1.33056640625,0.03662109375,3.9306640625,-0.244140625,0.9033203125,0.1708984375,1.89208984375,-0.1220703125,-0.68359375,-0.1708984375,-1.45263671875,-0.0732421875,-1.01318359375,-0.09765625,0.42724609375,-0.048828125,0.7080078125,-0.244140625,0.47607421875,-0.048828125,0.1220703125,0.09765625,0.0732421875,-0.048828125,0.0244140625,-0.1708984375,0.78125,-0.0244140625,-0.48828125,0.0732421875,-0.47607421875
0,-0.47607421875,-0.10986328125,0.06103515625,-0.09765625,-0.10986328125,-0.390625,-0.03662109375,0.0732421875,-0.18310546875,-0.35400390625,0.20751953125,-1.220703125,-0.06103515625,0.6591796875,-0.54931640625,-0.8544921875,0.03662109375,1.20849609375,0.28076171875,1.5380859375,-0.15869140625,3.25927734375,0.30517578125,0.8544921875,-0.4150390625,-0.09765625,-0.15869140625,-0.732421875,-0.52490234375,0.9521484375,-0.32958984375,0.244140625,-0.146484375,-0.341796875,-0.30517578125,-0.5126953125,-0.30517578125,-0.37841796875,-0.0732421875,-0.7080078125,-0.15869140625,-0.20751953125,-0.10986328125,-0.62255859375,-0.390625,-0.4150390625,0.15869140625,0.5615234375,-0.42724609375,1.15966796875,-0.09765625,0.47607421875,-0.2685546875,-0.1708984375,0.13427734375,0.74462890625,-0.10986328125,0.59814453125,0.0244140625,0.4638671875,-0.29296875,0.52490234375,-0.32958984375,0.1220703125,0.244140625,0.32958984375,0.25634765625,1.06201171875,0.01220703125,0.23193359375,-0.2197265625,0.23193359375,0.18310546875,0.29296875,0.23193359375,0.7568359375,0,0.03662109375,-0.08544921875,1.37939453125,0.18310546875,-0.93994140625,-0.0732421875,-0.32958984375,0.0732421875,-1.025390625,0.0244140625,-0.76904296875,-0.03662109375,-1.46484375,-0.0244140625,-0.25634765625,0.23193359375,-0.23193359375,0.23193359375,-1.25732421875,0.1220703125,1.77001953125,0.20751953125,4.94384765625,-0.29296875,1.26953125,0.1220703125,2.3193359375,-0.20751953125,-0.7080078125,-0.048828125,-1.46484375,-0.146484375,-1.01318359375,-0.1220703125,0.4150390625,-0.048828125,0.76904296875,-0.2685546875,0.50048828125,-0.0732421875,0.18310546875,-0.0732421875,0.3173828125,-0.06103515625,0.03662109375,-0.1708984375,0.78125,0,-0.50048828125,0.048828125,-0.50048828125
0,-0.439453125,-0.13427734375,0.10986328125,-0.13427734375,-0.1220703125,-0.390625,-0.03662109375,0.08544921875,-0.18310546875,-0.30517578125,0.1953125,-1.1474609375,-0.048828125,0.7080078125,-0.537109375,-0.732421875,0.0732421875,1.86767578125,0.1953125,2.08740234375,-0.10986328125,4.0283203125,0.20751953125,1.3427734375,-0.47607421875,-0.09765625,-0.1953125,-0.74462890625,-0.47607421875,0.9521484375,-0.29296875,0.23193359375,-0.1708984375,-0.3173828125,-0.2685546875,-0.59814453125,-0.3173828125,-0.341796875,-0.08544921875,-0.68359375,-0.10986328125,-0.1953125,-0.18310546875,-0.62255859375,-0.390625,-0.4150390625,0.15869140625,0.5859375,-0.439453125,1.15966796875,-0.048828125,0.4638671875,-0.28076171875,-0.15869140625,0.0732421875,0.74462890625,0.0244140625,0.62255859375,-0.01220703125,0.47607421875,-0.30517578125,0.52490234375,-0.3662109375,0.10986328125,0.3173828125,0.3173828125,0.29296875,1.06201171875,0,0.244140625,-0.146484375,0.244140625,0.23193359375,0.30517578125,0.244140625,0.7568359375,-0.0244140625,0.0244140625,-0.13427734375,1.37939453125,0.13427734375,-0.96435546875,-0.08544921875,-0.3173828125,0.0244140625,-0.98876953125,-0.08544921875,-0.7568359375,-0.06103515625,-1.45263671875,0.08544921875,-0.25634765625,0.146484375,-0.25634765625,0.37841796875,-1.28173828125,0.10986328125,2.13623046875,0.244140625,5.77392578125,-0.30517578125,1.57470703125,0.08544921875,2.685546875,-0.29296875,-0.7080078125,0.06103515625,-1.45263671875,-0.2197265625,-1.025390625,-0.15869140625,0.42724609375,-0.03662109375,1.06201171875,-0.244140625,0.74462890625,-0.08544921875,0.390625,0.06103515625,0.96435546875,-0.08544921875,0.03662109375,-0.1708984375,0.79345703125,0.01220703125,-0.5126953125,0.048828125,-0.50048828125
0,-0.54931640625,-0.13427734375,0.06103515625,-0.146484375,-0.08544921875,-0.37841796875,-0.0732421875,0.0732421875,-0.13427734375,-0.23193359375,0.244140625,-1.08642578125,-0.03662109375,0.74462890625,-0.537109375,-0.5859375,0.10986328125,2.5634765625,0.10986328125,2.69775390625,0.1220703125,4.79736328125,0.08544921875,1.84326171875,-0.48828125,-0.10986328125,-0.23193359375,-0.732421875,-0.42724609375,0.93994140625,-0.1953125,0.244140625,-0.25634765625,-0.30517578125,-0.18310546875,-0.69580078125,-0.30517578125,-0.30517578125,-0.13427734375,-0.68359375,-0.03662109375,-0.15869140625,-0.244140625,-0.6103515625,-0.3662109375,-0.40283203125,0.13427734375,0.59814453125,-0.390625,1.1962890625,-0.0244140625,0.4638671875,-0.30517578125,-0.15869140625,0.0732421875,0.732421875,0.0732421875,0.634765625,-0.03662109375,0.47607421875,-0.244140625,0.5126953125,-0.4150390625,0.1220703125,0.390625,0.30517578125,0.25634765625,1.07421875,-0.0244140625,0.2197265625,-0.09765625,0.244140625,0.28076171875,0.3173828125,0.244140625,0.7568359375,-0.01220703125,0.03662109375,-0.15869140625,1.3916015625,0.08544921875,-0.93994140625,-0.09765625,-0.30517578125,-0.0244140625,-0.9765625,-0.20751953125,-0.7568359375,-0.08544921875,-1.47705078125,0.18310546875,-0.2685546875,0.048828125,-0.28076171875,0.48828125,-1.26953125,0.08544921875,2.38037109375,0.25634765625,6.396484375,-0.341796875,1.7822265625,0,2.9296875,-0.28076171875,-0.7080078125,0.146484375,-1.4404296875,-0.25634765625,-1.025390625,-0.2197265625,0.40283203125,-0.0244140625,1.5625,-0.1708984375,1.18408203125,-0.06103515625,0.732421875,0.0732421875,2.01416015625,-0.08544921875,0.048828125,-0.15869140625,0.81787109375,0.048828125,-0.50048828125,0.01220703125,-0.50048828125
0,-0.537109375,-0.1708984375,0.0732421875,-0.20751953125,-0.0732421875,-0.35400390625,-0.0732421875,0.06103515625,-0.18310546875,-0.1708984375,0.244140625,-1.06201171875,-0.048828125,0.76904296875,-0.537109375,-0.439453125,0.146484375,3.23486328125,0.03662109375,3.2958984375,0.29296875,5.52978515625,-0.03662109375,2.3681640625,-0.4638671875,-0.1220703125,-0.25634765625,-0.732421875,-0.341796875,0.9521484375,-0.0732421875,0.2197265625,-0.32958984375,-0.2685546875,-0.03662109375,-0.79345703125,-0.28076171875,-0.30517578125,-0.1708984375,-0.67138671875,0.08544921875,-0.15869140625,-0.30517578125,-0.62255859375,-0.341796875,-0.37841796875,0.10986328125,0.59814453125,-0.341796875,1.18408203125,0,0.47607421875,-0.3662109375,-0.15869140625,0.06103515625,0.74462890625,0.10986328125,0.6591796875,-0.0732421875,0.4638671875,-0.1708984375,0.5126953125,-0.4638671875,0.13427734375,0.439453125,0.30517578125,0.23193359375,1.08642578125,-0.03662109375,0.23193359375,-0.03662109375,0.244140625,0.3173828125,0.32958984375,0.23193359375,0.8056640625,-0.06103515625,0.03662109375,-0.146484375,1.416015625,-0.03662109375,-0.9521484375,-0.08544921875,-0.30517578125,-0.09765625,-0.9765625,-0.29296875,-0.7568359375,-0.0732421875,-1.45263671875,0.25634765625,-0.244140625,0,-0.3173828125,0.48828125,-1.26953125,0.13427734375,2.5146484375,0.18310546875,6.72607421875,-0.32958984375,1.89208984375,-0.0732421875,3.08837890625,-0.13427734375,-0.72021484375,0.1220703125,-1.42822265625,-0.25634765625,-1.01318359375,-0.2197265625,0.40283203125,-0.01220703125,2.197265625,-0.1708984375,1.806640625,-0.06103515625,1.2451171875,-0.06103515625,3.3447265625,-0.10986328125,0.0732421875,-0.146484375,0.830078125,0.03662109375,-0.45166015625,-0.01220703125,-0.4638671875
0,-0.4638671875,-0.20751953125,0.01220703125,-0.23193359375,-0.048828125,-0.3662109375,-0.1220703125,0.048828125,-0.1953125,-0.146484375,0.1953125,-1.01318359375,-0.048828125,0.76904296875,-0.5859375,-0.32958984375,0.1220703125,3.857421875,-0.01220703125,3.7841796875,0.3173828125,6.16455078125,-0.13427734375,2.783203125,-0.390625,-0.13427734375,-0.25634765625,-0.72021484375,-0.2685546875,0.9521484375,0.0244140625,0.23193359375,-0.3662109375,-0.2685546875,0.15869140625,-0.86669921875,-0.23193359375,-0.3173828125,-0.18310546875,-0.7080078125,0.1708984375,-0.1708984375,-0.244140625,-0.634765625,-0.2685546875,-0.341796875,0.0732421875,0.59814453125,-0.23193359375,1.171875,0.06103515625,0.5126953125,-0.42724609375,-0.146484375,0.0732421875,0.74462890625,0.1220703125,0.67138671875,-0.048828125,0.4638671875,-0.09765625,0.50048828125,-0.45166015625,0.13427734375,0.48828125,0.29296875,0.2197265625,1.08642578125,-0.0244140625,0.23193359375,-0.048828125,0.244140625,0.35400390625,0.35400390625,0.146484375,0.8544921875,-0.13427734375,0.03662109375,-0.1708984375,1.416015625,-0.10986328125,-0.96435546875,-0.09765625,-0.29296875,-0.1220703125,-0.9765625,-0.341796875,-0.7568359375,-0.0732421875,-1.46484375,0.28076171875,-0.25634765625,-0.03662109375,-0.341796875,0.47607421875,-1.26953125,0.15869140625,2.47802734375,0.09765625,6.7626953125,-0.32958984375,1.8798828125,-0.10986328125,3.1005859375,0.03662109375,-0.72021484375,0.06103515625,-1.45263671875,-0.23193359375,-1.0009765625,-0.25634765625,0.4150390625,-0.03662109375,2.94189453125,-0.18310546875,2.57568359375,-0.08544921875,1.806640625,-0.1220703125,4.87060546875,-0.13427734375,0.0732421875,-0.1708984375,0.8544921875,0.048828125,-0.45166015625,-0.01220703125,-0.4638671875
0,-0.537109375,-0.244140625,0,-0.25634765625,-0.01220703125,-0.390625,-0.13427734375,0.01220703125,-0.1708984375,-0.1220703125,0.23193359375,-1.01318359375,-0.0244140625,0.78125,-0.537109375,-0.244140625,0.08544921875,4.33349609375,-0.0732421875,4.1748046875,0.18310546875,6.640625,-0.23193359375,3.11279296875,-0.30517578125,-0.10986328125,-0.23193359375,-0.72021484375,-0.20751953125,0.96435546875,0.10986328125,0.25634765625,-0.3662109375,-0.23193359375,0.32958984375,-0.91552734375,-0.18310546875,-0.341796875,-0.1708984375,-0.68359375,0.2685546875,-0.15869140625,-0.18310546875,-0.634765625,-0.1953125,-0.32958984375,0.03662109375,0.57373046875,-0.08544921875,1.18408203125,0.03662109375,0.5126953125,-0.45166015625,-0.1220703125,0.09765625,0.7568359375,0.09765625,0.67138671875,-0.09765625,0.4638671875,-0.048828125,0.5126953125,-0.42724609375,0.15869140625,0.5126953125,0.3173828125,0.15869140625,1.08642578125,-0.01220703125,0.23193359375,-0.048828125,0.23193359375,0.3662109375,0.3662109375,0.08544921875,0.8544921875,-0.1708984375,0.06103515625,-0.1708984375,1.40380859375,-0.1708984375,-0.93994140625,-0.13427734375,-0.29296875,-0.15869140625,-0.96435546875,-0.3173828125,-0.76904296875,-0.048828125,-1.46484375,0.25634765625,-0.244140625,0.01220703125,-0.35400390625,0.35400390625,-1.25732421875,0.15869140625,2.3681640625,0.01220703125,6.54296875,-0.244140625,1.81884765625,-0.13427734375,3.0029296875,0.25634765625,-0.732421875,-0.0244140625,-1.4404296875,-0.15869140625,-1.025390625,-0.30517578125,0.390625,-0.0244140625,3.72314453125,-0.15869140625,3.43017578125,-0.048828125,2.3681640625,-0.09765625,6.4453125,-0.13427734375,0.09765625,-0.15869140625,0.84228515625,0.0244140625,-0.45166015625,-0.0244140625,-0.45166015625
0,-0.57373046875,-0.29296875,0.01220703125,-0.23193359375,0.01220703125,-0.390625,-0.146484375,0,-0.1708984375,-0.146484375,0.25634765625,-0.98876953125,0,0.7568359375,-0.5126953125,-0.20751953125,0.01220703125,4.6142578125,-0.09765625,4.43115234375,-0.01220703125,6.97021484375,-0.25634765625,3.30810546875,-0.23193359375,-0.146484375,-0.146484375,-0.732421875,-0.1708984375,0.9521484375,0.1220703125,0.244140625,-0.3662109375,-0.244140625,0.47607421875,-0.93994140625,-0.09765625,-0.3662109375,-0.146484375,-0.69580078125,0.29296875,-0.146484375,-0.0732421875,-0.634765625,-0.13427734375,-0.32958984375,0.0244140625,0.59814453125,0,1.1474609375,0.01220703125,0.54931640625,-0.48828125,-0.1220703125,0.10986328125,0.7568359375,0.01220703125,0.6591796875,-0.13427734375,0.45166015625,0.0244140625,0.5126953125,-0.4150390625,0.146484375,0.52490234375,0.28076171875,0.10986328125,1.07421875,-0.0244140625,0.23193359375,-0.01220703125,0.25634765625,0.32958984375,0.35400390625,0.048828125,0.87890625,-0.20751953125,0.0732421875,-0.15869140625,1.37939453125,-0.244140625,-0.9521484375,-0.15869140625,-0.30517578125,-0.146484375,-0.9521484375,-0.25634765625,-0.7568359375,0,-1.46484375,0.15869140625,-0.23193359375,0.09765625,-0.35400390625,0.10986328125,-1.25732421875,0.1220703125,2.16064453125,-0.08544921875,6.14013671875,-0.1708984375,1.6357421875,-0.146484375,2.81982421875,0.439453125,-0.7080078125,-0.09765625,-1.42822265625,-0.06103515625,-1.025390625,-0.35400390625,0.40283203125,-0.0244140625,4.4677734375,-0.13427734375,4.23583984375,-0.048828125,2.91748046875,-0.13427734375,7.89794921875,-0.1220703125,0.09765625,-0.1708984375,0.86669921875,0,-0.45166015625,-0.048828125,-0.45166015625
0,-0.62255859375,-0.341796875,0.01220703125,-0.20751953125,0.01220703125,-0.40283203125,-0.1708984375,0,-0.2197265625,-0.13427734375,0.2197265625,-1.0009765625,-0.01220703125,0.7568359375,-0.52490234375,-0.2197265625,-0.048828125,4.69970703125,-0.146484375,4.52880859375,-0.18310546875,7.09228515625,-0.244140625,3.38134765625,-0.146484375,-0.146484375,-0.09765625,-0.74462890625,-0.1708984375,0.93994140625,0.08544921875,0.244140625,-0.23193359375,-0.28076171875,0.52490234375,-0.9033203125,-0.03662109375,-0.40283203125,-0.13427734375,-0.7080078125,0.29296875,-0.1953125,0.0732421875,-0.634765625,-0.0732421875,-0.32958984375,0.06103515625,0.5859375,0.06103515625,1.1474609375,-0.01220703125,0.52490234375,-0.5126953125,-0.10986328125,0.15869140625,0.732421875,-0.08544921875,0.6591796875,-0.08544921875,0.45166015625,0.1220703125,0.50048828125,-0.30517578125,0.146484375,0.54931640625,0.30517578125,-0.01220703125,1.07421875,-0.0244140625,0.23193359375,-0.048828125,0.23193359375,0.25634765625,0.3662109375,0,0.89111328125,-0.1708984375,0.08544921875,-0.1953125,1.3671875,-0.244140625,-0.96435546875,-0.1953125,-0.3173828125,-0.1220703125,-0.9521484375,-0.1708984375,-0.76904296875,0.01220703125,-1.46484375,0.048828125,-0.244140625,0.1953125,-0.341796875,-0.09765625,-1.2451171875,0.048828125,1.85546875,-0.1708984375,5.5908203125,-0.09765625,1.40380859375,-0.1220703125,2.55126953125,0.50048828125,-0.68359375,-0.146484375,-1.3916015625,0,-1.025390625,-0.390625,0.40283203125,-0.06103515625,5.078125,-0.146484375,4.94384765625,-0.0732421875,3.3935546875,-0.06103515625,9.1796875,-0.13427734375,0.0732421875,-0.1953125,0.830078125,-0.048828125,-0.45166015625,-0.06103515625,-0.45166015625
0,-0.634765625,-0.35400390625,0.01220703125,-0.1708984375,0.01220703125,-0.40283203125,-0.1953125,0,-0.1953125,-0.13427734375,0.25634765625,-0.9765625,0.0244140625,0.7568359375,-0.47607421875,-0.2197265625,-0.08544921875,4.6630859375,-0.1220703125,4.4921875,-0.32958984375,7.06787109375,-0.23193359375,3.35693359375,-0.1220703125,-0.15869140625,0,-0.76904296875,-0.146484375,0.9521484375,0.048828125,0.25634765625,-0.1220703125,-0.29296875,0.48828125,-0.86669921875,0.048828125,-0.42724609375,-0.1220703125,-0.72021484375,0.25634765625,-0.1953125,0.146484375,-0.64697265625,-0.06103515625,-0.3662109375,0.06103515625,0.57373046875,0.01220703125,1.1474609375,-0.0244140625,0.5615234375,-0.5126953125,-0.146484375,0.15869140625,0.732421875,-0.13427734375,0.6591796875,-0.1220703125,0.439453125,0.244140625,0.50048828125,-0.1708984375,0.15869140625,0.48828125,0.28076171875,-0.08544921875,1.07421875,0,0.23193359375,-0.0732421875,0.244140625,0.23193359375,0.3662109375,-0.06103515625,0.86669921875,-0.13427734375,0.08544921875,-0.2197265625,1.3671875,-0.23193359375,-0.96435546875,-0.23193359375,-0.32958984375,-0.0732421875,-0.9765625,-0.09765625,-0.7568359375,0.06103515625,-1.47705078125,-0.0732421875,-0.20751953125,0.2197265625,-0.32958984375,-0.3173828125,-1.23291015625,-0.01220703125,1.5380859375,-0.23193359375,4.94384765625,-0.03662109375,1.13525390625,-0.0732421875,2.25830078125,0.48828125,-0.68359375,-0.146484375,-1.40380859375,0.0732421875,-1.0498046875,-0.390625,0.40283203125,-0.0244140625,5.52978515625,-0.10986328125,5.5419921875,-0.048828125,3.7353515625,0,10.15625,-0.1220703125,0.06103515625,-0.1708984375,0.830078125,-0.06103515625,-0.4638671875,-0.09765625,-0.45166015625
1,-0.64697265625,-0.3662109375,-0.01220703125,-0.13427734375,0,-0.4150390625,-0.23193359375,0,-0.20751953125,-0.13427734375,0.244140625,-0.9765625,0,0.79345703125,-0.47607421875,-0.28076171875,-0.13427734375,4.47998046875,-0.15869140625,4.345703125,-0.5859375,6.93359375,-0.23193359375,3.23486328125,-0.09765625,-0.146484375,0.048828125,-0.76904296875,-0.146484375,0.9521484375,-0.0244140625,0.25634765625,0.01220703125,-0.30517578125,0.390625,-0.8056640625,0.0732421875,-0.42724609375,-0.09765625,-0.732421875,0.25634765625,-0.1953125,0.1953125,-0.634765625,-0.03662109375,-0.37841796875,0.08544921875,0.57373046875,-0.06103515625,1.171875,-0.0732421875,0.537109375,-0.537109375,-0.1708984375,0.1708984375,0.732421875,-0.18310546875,0.62255859375,-0.1220703125,0.45166015625,0.3173828125,0.5126953125,-0.08544921875,0.15869140625,0.45166015625,0.2685546875,-0.09765625,1.0498046875,0,0.20751953125,-0.1220703125,0.23193359375,0.18310546875,0.341796875,-0.08544921875,0.830078125,-0.0732421875,0.08544921875,-0.23193359375,1.35498046875,-0.1953125,-0.96435546875,-0.244140625,-0.3173828125,-0.03662109375,-1.0009765625,-0.03662109375,-0.7568359375,0.048828125,-1.4892578125,-0.15869140625,-0.2197265625,0.15869140625,-0.29296875,-0.4150390625,-1.220703125,-0.06103515625,1.23291015625,-0.2685546875,4.2724609375,0.01220703125,0.9033203125,0.06103515625,1.953125,0.35400390625,-0.69580078125,-0.09765625,-1.4404296875,0.1220703125,-1.03759765625,-0.3662109375,0.4150390625,-0.03662109375,5.8349609375,-0.10986328125,5.92041015625,-0.06103515625,3.955078125,-0.048828125,10.82763671875,-0.10986328125,0.048828125,-0.146484375,0.8056640625,-0.0732421875,-0.48828125,-0.10986328125,-0.47607421875
1,-0.6591796875,-0.37841796875,-0.08544921875,-0.13427734375,0.03662109375,-0.439453125,-0.2685546875,0.01220703125,-0.20751953125,-0.08544921875,0.23193359375,-0.9521484375,0,0.84228515625,-0.439453125,-0.341796875,-0.1220703125,4.248046875,-0.18310546875,4.16259765625,-0.732421875,6.70166015625,-0.23193359375,3.03955078125,-0.0732421875,-0.1220703125,0.06103515625,-0.76904296875,-0.15869140625,0.93994140625,-0.0732421875,0.25634765625,0.1220703125,-0.29296875,0.32958984375,-0.732421875,0.09765625,-0.42724609375,-0.0732421875,-0.7080078125,0.2197265625,-0.18310546875,0.2197265625,-0.634765625,-0.048828125,-0.40283203125,0.10986328125,0.57373046875,-0.10986328125,1.15966796875,-0.1708984375,0.52490234375,-0.537109375,-0.18310546875,0.20751953125,0.732421875,-0.18310546875,0.62255859375,-0.09765625,0.439453125,0.390625,0.48828125,0.0244140625,0.146484375,0.341796875,0.2685546875,-0.18310546875,1.06201171875,-0.0244140625,0.23193359375,-0.18310546875,0.2197265625,0.10986328125,0.32958984375,-0.13427734375,0.81787109375,-0.01220703125,0.06103515625,-0.28076171875,1.35498046875,-0.1220703125,-0.96435546875,-0.2197265625,-0.3173828125,0.01220703125,-1.01318359375,0.01220703125,-0.7568359375,0.048828125,-1.4892578125,-0.2197265625,-0.2197265625,0.048828125,-0.29296875,-0.32958984375,-1.1962890625,-0.0732421875,0.91552734375,-0.23193359375,3.62548828125,0.03662109375,0.67138671875,0.146484375,1.64794921875,0.13427734375,-0.69580078125,-0.03662109375,-1.45263671875,0.15869140625,-1.06201171875,-0.3173828125,0.42724609375,0,5.92041015625,-0.09765625,6.1279296875,-0.048828125,4.06494140625,-0.0732421875,11.1083984375,-0.10986328125,0.048828125,-0.10986328125,0.79345703125,-0.06103515625,-0.47607421875,-0.13427734375,-0.48828125
1,-0.7080078125,-0.37841796875,-0.048828125,-0.146484375,0.06103515625,-0.4150390625,-0.28076171875,0.0244140625,-0.1953125,-0.0244140625,0.25634765625,-0.91552734375,0.06103515625,0.927734375,-0.4150390625,-0.341796875,-0.09765625,4.00390625,-0.20751953125,3.94287109375,-0.7080078125,6.43310546875,-0.2685546875,2.86865234375,-0.048828125,-0.1220703125,0.03662109375,-0.78125,-0.1953125,0.9521484375,-0.09765625,0.23193359375,0.146484375,-0.30517578125,0.30517578125,-0.72021484375,0.09765625,-0.40283203125,-0.03662109375,-0.7080078125,0.244140625,-0.18310546875,0.1953125,-0.62255859375,-0.06103515625,-0.4150390625,0.10986328125,0.57373046875,-0.20751953125,1.15966796875,-0.2197265625,0.5126953125,-0.5126953125,-0.1953125,0.244140625,0.732421875,-0.1953125,0.6103515625,-0.13427734375,0.42724609375,0.48828125,0.47607421875,0.048828125,0.1220703125,0.2685546875,0.29296875,-0.18310546875,1.07421875,-0.01220703125,0.23193359375,-0.25634765625,0.23193359375,0.048828125,0.3173828125,-0.1220703125,0.7568359375,0.03662109375,0.06103515625,-0.341796875,1.35498046875,-0.0732421875,-0.93994140625,-0.18310546875,-0.341796875,0.01220703125,-1.01318359375,0.03662109375,-0.74462890625,-0.01220703125,-1.50146484375,-0.1708984375,-0.1953125,-0.10986328125,-0.2685546875,-0.146484375,-1.220703125,-0.08544921875,0.634765625,-0.1708984375,3.0029296875,0.03662109375,0.4638671875,0.1953125,1.3916015625,-0.08544921875,-0.69580078125,0,-1.45263671875,0.1220703125,-1.03759765625,-0.29296875,0.4150390625,0,5.82275390625,-0.0732421875,6.0546875,-0.06103515625,3.99169921875,-0.06103515625,11.0107421875,-0.13427734375,0.06103515625,-0.0732421875,0.8056640625,-0.03662109375,-0.47607421875,-0.146484375,-0.50048828125
1,-0.7080078125,-0.3662109375,-0.06103515625,-0.15869140625,0.08544921875,-0.4150390625,-0.30517578125,0.0244140625,-0.1953125,0.048828125,0.23193359375,-0.84228515625,0.048828125,1.0009765625,-0.40283203125,-0.3173828125,-0.01220703125,3.74755859375,-0.1953125,3.7353515625,-0.59814453125,6.16455078125,-0.2685546875,2.67333984375,-0.03662109375,-0.13427734375,0,-0.76904296875,-0.28076171875,0.91552734375,-0.146484375,0.23193359375,0.10986328125,-0.30517578125,0.2685546875,-0.69580078125,0.01220703125,-0.390625,0.0244140625,-0.69580078125,0.20751953125,-0.1953125,0.13427734375,-0.634765625,-0.1220703125,-0.42724609375,0.146484375,0.537109375,-0.244140625,1.15966796875,-0.244140625,0.52490234375,-0.4638671875,-0.1953125,0.244140625,0.74462890625,-0.146484375,0.62255859375,-0.1708984375,0.4638671875,0.5859375,0.48828125,0.0244140625,0.1220703125,0.15869140625,0.29296875,-0.1708984375,1.07421875,-0.03662109375,0.244140625,-0.29296875,0.244140625,0.01220703125,0.32958984375,-0.1220703125,0.7568359375,0.0732421875,0.03662109375,-0.341796875,1.3671875,-0.06103515625,-0.93994140625,-0.10986328125,-0.3173828125,0.0244140625,-0.98876953125,0.048828125,-0.732421875,-0.09765625,-1.513671875,-0.146484375,-0.2197265625,-0.23193359375,-0.28076171875,0.06103515625,-1.23291015625,-0.08544921875,0.341796875,-0.0732421875,2.392578125,0.03662109375,0.2197265625,0.23193359375,1.13525390625,-0.29296875,-0.7080078125,0.0244140625,-1.46484375,0.06103515625,-1.025390625,-0.23193359375,0.4150390625,0.01220703125,5.5419921875,-0.06103515625,5.77392578125,-0.048828125,3.79638671875,-0.08544921875,10.546875,-0.13427734375,0.048828125,-0.06103515625,0.830078125,-0.0244140625,-0.47607421875,-0.13427734375,-0.48828125
1,-0.7568359375,-0.3662109375,-0.0244140625,-0.1953125,0.15869140625,-0.40283203125,-0.2685546875,0.03662109375,-0.1953125,0.13427734375,0.244140625,-0.78125,0.06103515625,1.06201171875,-0.37841796875,-0.23193359375,0.0244140625,3.55224609375,-0.20751953125,3.5888671875,-0.42724609375,5.94482421875,-0.244140625,2.52685546875,0,-0.1220703125,-0.0732421875,-0.76904296875,-0.3662109375,0.9521484375,-0.244140625,0.2197265625,0.01220703125,-0.2685546875,0.37841796875,-0.72021484375,-0.10986328125,-0.40283203125,0.048828125,-0.7080078125,0.20751953125,-0.18310546875,0.03662109375,-0.634765625,-0.18310546875,-0.4150390625,0.15869140625,0.57373046875,-0.29296875,1.18408203125,-0.23193359375,0.5126953125,-0.40283203125,-0.1708984375,0.23193359375,0.74462890625,-0.03662109375,0.634765625,-0.2197265625,0.439453125,0.64697265625,0.50048828125,-0.0732421875,0.146484375,0,0.3173828125,-0.1708984375,1.06201171875,-0.06103515625,0.25634765625,-0.35400390625,0.23193359375,-0.048828125,0.3173828125,-0.1220703125,0.72021484375,0.0732421875,0.03662109375,-0.3662109375,1.37939453125,-0.01220703125,-0.927734375,-0.01220703125,-0.32958984375,0.03662109375,-0.98876953125,0.01220703125,-0.7080078125,-0.18310546875,-1.513671875,-0.10986328125,-0.2197265625,-0.28076171875,-0.2685546875,0.29296875,-1.2451171875,-0.06103515625,0.09765625,0,1.79443359375,0.0244140625,0.01220703125,0.1953125,0.86669921875,-0.42724609375,-0.7080078125,0,-1.47705078125,0,-1.025390625,-0.1953125,0.42724609375,0.0244140625,5.11474609375,-0.03662109375,5.33447265625,-0.0732421875,3.47900390625,-0.03662109375,9.7412109375,-0.146484375,0.048828125,-0.03662109375,0.8544921875,-0.01220703125,-0.439453125,-0.1220703125,-0.4638671875
1,-0.7568359375,-0.37841796875,-0.03662109375,-0.2197265625,0.18310546875,-0.37841796875,-0.30517578125,0.03662109375,-0.15869140625,0.23193359375,0.25634765625,-0.69580078125,0.0732421875,1.123046875,-0.341796875,-0.146484375,0.08544921875,3.4423828125,-0.13427734375,3.47900390625,-0.13427734375,5.74951171875,-0.146484375,2.42919921875,0.01220703125,-0.09765625,-0.13427734375,-0.78125,-0.439453125,0.93994140625,-0.30517578125,0.2197265625,-0.23193359375,-0.25634765625,0.40283203125,-0.7568359375,-0.1708984375,-0.390625,0.0732421875,-0.69580078125,0.13427734375,-0.15869140625,-0.03662109375,-0.634765625,-0.2197265625,-0.42724609375,0.1708984375,0.5859375,-0.3662109375,1.18408203125,-0.20751953125,0.5126953125,-0.42724609375,-0.13427734375,0.18310546875,0.7568359375,0.048828125,0.634765625,-0.29296875,0.4638671875,0.68359375,0.52490234375,-0.1953125,0.15869140625,-0.10986328125,0.30517578125,-0.10986328125,1.07421875,-0.10986328125,0.25634765625,-0.32958984375,0.244140625,-0.09765625,0.3173828125,-0.09765625,0.72021484375,0.03662109375,0.03662109375,-0.32958984375,1.3916015625,0.01220703125,-0.9033203125,0.048828125,-0.30517578125,0,-0.9765625,0,-0.7080078125,-0.25634765625,-1.513671875,-0.0244140625,-0.2197265625,-0.29296875,-0.25634765625,0.40283203125,-1.25732421875,-0.06103515625,-0.1953125,0.03662109375,1.1962890625,-0.01220703125,-0.1953125,0.1708984375,0.59814453125,-0.45166015625,-0.72021484375,-0.0732421875,-1.45263671875,-0.048828125,-1.0009765625,-0.20751953125,0.4150390625,0,4.57763671875,-0.01220703125,4.7119140625,-0.06103515625,3.0517578125,0,8.63037109375,-0.1220703125,0.0732421875,-0.03662109375,0.87890625,-0.01220703125,-0.45166015625,-0.13427734375,-0.4638671875
1,-0.69580078125,-0.37841796875,-0.06103515625,-0.2685546875,0.1953125,-0.3662109375,-0.30517578125,0.048828125,-0.15869140625,0.29296875,0.28076171875,-0.62255859375,0.06103515625,1.15966796875,-0.32958984375,-0.0244140625,0.10986328125,3.33251953125,-0.0732421875,3.40576171875,0,5.5908203125,-0.03662109375,2.34375,0,-0.1220703125,-0.15869140625,-0.7568359375,-0.48828125,0.9521484375,-0.3173828125,0.2197265625,-0.4150390625,-0.25634765625,0.439453125,-0.81787109375,-0.23193359375,-0.390625,0.03662109375,-0.69580078125,0.01220703125,-0.1708984375,-0.08544921875,-0.64697265625,-0.28076171875,-0.40283203125,0.18310546875,0.5859375,-0.3662109375,1.18408203125,-0.18310546875,0.52490234375,-0.4638671875,-0.09765625,0.1953125,0.76904296875,0.09765625,0.634765625,-0.30517578125,0.45166015625,0.732421875,0.5126953125,-0.3173828125,0.15869140625,-0.1708984375,0.3173828125,-0.10986328125,1.06201171875,-0.13427734375,0.25634765625,-0.341796875,0.23193359375,-0.18310546875,0.3173828125,-0.08544921875,0.74462890625,0.03662109375,0.0244140625,-0.2685546875,1.3916015625,0.06103515625,-0.89111328125,0.1220703125,-0.3173828125,-0.03662109375,-0.96435546875,-0.01220703125,-0.69580078125,-0.2685546875,-1.47705078125,0.0244140625,-0.23193359375,-0.146484375,-0.2685546875,0.42724609375,-1.2451171875,-0.0244140625,-0.48828125,0.0244140625,0.6103515625,-0.03662109375,-0.4150390625,0.1220703125,0.341796875,-0.3662109375,-0.7080078125,-0.1953125,-1.4404296875,-0.10986328125,-1.01318359375,-0.23193359375,0.40283203125,0,3.94287109375,0.01220703125,3.9794921875,-0.0732421875,2.55126953125,-0.0244140625,7.2998046875,-0.1220703125,0.03662109375,-0.03662109375,0.9033203125,-0.0244140625,-0.42724609375,-0.1220703125,-0.45166015625
1,-0.64697265625,-0.35400390625,-0.08544921875,-0.29296875,0.2197265625,-0.3662109375,-0.30517578125,0.03662109375,-0.146484375,0.32958984375,0.28076171875,-0.5859375,0.048828125,1.20849609375,-0.3173828125,0.08544921875,0.10986328125,3.25927734375,0.06103515625,3.30810546875,0.09765625,5.4443359375,0.0732421875,2.2705078125,-0.03662109375,-0.13427734375,-0.20751953125,-0.78125,-0.5126953125,0.93994140625,-0.29296875,0.1953125,-0.6103515625,-0.28076171875,0.47607421875,-0.87890625,-0.30517578125,-0.439453125,-0.01220703125,-0.72021484375,-0.0732421875,-0.15869140625,-0.10986328125,-0.6591796875,-0.37841796875,-0.42724609375,0.15869140625,0.5859375,-0.37841796875,1.171875,-0.03662109375,0.52490234375,-0.5126953125,-0.08544921875,0.20751953125,0.78125,0.1708984375,0.634765625,-0.32958984375,0.4638671875,0.68359375,0.537109375,-0.29296875,0.15869140625,-0.20751953125,0.30517578125,-0.06103515625,1.06201171875,-0.18310546875,0.23193359375,-0.3173828125,0.23193359375,-0.244140625,0.3173828125,-0.06103515625,0.74462890625,-0.01220703125,0,-0.18310546875,1.3916015625,0.13427734375,-0.89111328125,0.15869140625,-0.29296875,-0.1220703125,-0.9521484375,-0.03662109375,-0.7080078125,-0.25634765625,-1.47705078125,0.0732421875,-0.244140625,0.0244140625,-0.28076171875,0.32958984375,-1.220703125,0.048828125,-0.76904296875,-0.0244140625,-0.01220703125,-0.0732421875,-0.634765625,0.0244140625,0.08544921875,-0.18310546875,-0.732421875,-0.35400390625,-1.42822265625,-0.18310546875,-1.025390625,-0.28076171875,0.42724609375,0.01220703125,3.23486328125,0.0244140625,3.22265625,-0.06103515625,2.0263671875,0,5.84716796875,-0.1220703125,0.06103515625,-0.03662109375,0.927734375,-0.0244140625,-0.439453125,-0.10986328125,-0.439453125
1,-0.6591796875,-0.35400390625,-0.0732421875,-0.32958984375,0.25634765625,-0.341796875,-0.30517578125,0.0244140625,-0.13427734375,0.32958984375,0.28076171875,-0.5615234375,0.048828125,1.1962890625,-0.3173828125,0.13427734375,0.048828125,3.173828125,0.1708984375,3.22265625,0.10986328125,5.2734375,0.1708984375,2.18505859375,-0.09765625,-0.1220703125,-0.2197265625,-0.78125,-0.537109375,0.93994140625,-0.244140625,0.20751953125,-0.69580078125,-0.2685546875,0.4638671875,-0.927734375,-0.28076171875,-0.4638671875,-0.048828125,-0.7080078125,-0.18310546875,-0.18310546875,-0.10986328125,-0.68359375,-0.4150390625,-0.40283203125,0.10986328125,0.57373046875,-0.32958984375,1.18408203125,0.0732421875,0.5126953125,-0.48828125,-0.0732421875,0.1953125,0.76904296875,0.18310546875,0.634765625,-0.3173828125,0.47607421875,0.634765625,0.54931640625,-0.30517578125,0.15869140625,-0.2197265625,0.28076171875,0,1.0498046875,-0.20751953125,0.2197265625,-0.28076171875,0.2197265625,-0.30517578125,0.29296875,-0.048828125,0.76904296875,-0.048828125,0.03662109375,-0.09765625,1.37939453125,0.1708984375,-0.9033203125,0.146484375,-0.29296875,-0.1708984375,-0.9521484375,-0.06103515625,-0.732421875,-0.20751953125,-1.47705078125,0.06103515625,-0.244140625,0.20751953125,-0.29296875,0.15869140625,-1.220703125,0.146484375,-1.0498046875,-0.048828125,-0.59814453125,-0.03662109375,-0.81787109375,-0.03662109375,-0.18310546875,0.03662109375,-0.732421875,-0.42724609375,-1.416015625,-0.1953125,-1.01318359375,-0.3173828125,0.40283203125,0,2.5146484375,0.03662109375,2.4169921875,-0.0732421875,1.42822265625,-0.0244140625,4.345703125,-0.10986328125,0.03662109375,-0.0732421875,0.91552734375,-0.048828125,-0.42724609375,-0.0732421875,-0.42724609375
1,-0.64697265625,-0.341796875,-0.1220703125,-0.35400390625,0.29296875,-0.341796875,-0.30517578125,0.01220703125,-0.10986328125,0.32958984375,0.28076171875,-0.59814453125,0.048828125,1.1474609375,-0.30517578125,0.13427734375,-0.01220703125,3.01513671875,0.28076171875,3.1005859375,0.06103515625,5.1025390625,0.28076171875,2.0751953125,-0.13427734375,-0.13427734375,-0.1953125,-0.76904296875,-0.52490234375,0.927734375,-0.1708984375,0.2197265625,-0.6591796875,-0.3173828125,0.45166015625,-0.9521484375,-0.25634765625,-0.4638671875,-0.09765625,-0.732421875,-0.23193359375,-0.18310546875,-0.08544921875,-0.6591796875,-0.42724609375,-0.37841796875,0.09765625,0.5615234375,-0.23193359375,1.18408203125,0.146484375,0.5126953125,-0.48828125,-0.0732421875,0.1953125,0.7568359375,0.1220703125,0.634765625,-0.3173828125,0.47607421875,0.57373046875,0.52490234375,-0.25634765625,0.146484375,-0.30517578125,0.25634765625,0.048828125,1.07421875,-0.244140625,0.1953125,-0.28076171875,0.20751953125,-0.341796875,0.28076171875,-0.03662109375,0.81787109375,-0.0732421875,0.03662109375,-0.03662109375,1.3427734375,0.2197265625,-0.9033203125,0.0732421875,-0.29296875,-0.1708984375,-0.93994140625,-0.09765625,-0.74462890625,-0.08544921875,-1.47705078125,0.03662109375,-0.2685546875,0.37841796875,-0.30517578125,0.01220703125,-1.23291015625,0.18310546875,-1.25732421875,-0.048828125,-1.123046875,-0.06103515625,-1.025390625,-0.1953125,-0.40283203125,0.20751953125,-0.72021484375,-0.439453125,-1.416015625,-0.20751953125,-1.01318359375,-0.3662109375,0.40283203125,0,1.8310546875,0.048828125,1.6357421875,-0.08544921875,0.9033203125,-0.03662109375,2.91748046875,-0.09765625,0.03662109375,-0.048828125,0.87890625,-0.048828125,-0.4638671875,-0.048828125,-0.439453125
1,-0.69580078125,-0.35400390625,-0.10986328125,-0.3662109375,0.28076171875,-0.3662109375,-0.30517578125,0,-0.09765625,0.25634765625,0.29296875,-0.62255859375,0.06103515625,1.0986328125,-0.2685546875,0.09765625,-0.08544921875,2.83203125,0.341796875,2.9052734375,-0.01220703125,4.8583984375,0.390625,1.91650390625,-0.2197265625,-0.146484375,-0.1708984375,-0.78125,-0.4638671875,0.9521484375,-0.09765625,0.244140625,-0.54931640625,-0.3173828125,0.35400390625,-0.93994140625,-0.1953125,-0.47607421875,-0.1708984375,-0.732421875,-0.2197265625,-0.18310546875,-0.03662109375,-0.68359375,-0.45166015625,-0.37841796875,0.048828125,0.5859375,-0.18310546875,1.15966796875,0.244140625,0.5126953125,-0.5126953125,-0.08544921875,0.20751953125,0.74462890625,0.09765625,0.62255859375,-0.3173828125,0.4638671875,0.45166015625,0.5126953125,-0.15869140625,0.1220703125,-0.35400390625,0.23193359375,0.146484375,1.06201171875,-0.20751953125,0.2197265625,-0.25634765625,0.1953125,-0.32958984375,0.3173828125,-0.0244140625,0.81787109375,-0.1220703125,0.048828125,-0.01220703125,1.3671875,0.23193359375,-0.9033203125,0,-0.3173828125,-0.244140625,-0.9521484375,-0.146484375,-0.74462890625,0,-1.50146484375,-0.01220703125,-0.2685546875,0.4638671875,-0.30517578125,-0.1220703125,-1.220703125,0.23193359375,-1.4404296875,-0.0732421875,-1.5380859375,-0.06103515625,-1.18408203125,-0.3173828125,-0.5615234375,0.30517578125,-0.7080078125,-0.29296875,-1.40380859375,-0.20751953125,-1.0009765625,-0.439453125,0.4150390625,-0.01220703125,1.18408203125,0.06103515625,0.9765625,-0.06103515625,0.40283203125,0.01220703125,1.66015625,-0.09765625,0.06103515625,-0.06103515625,0.84228515625,-0.06103515625,-0.4638671875,-0.01220703125,-0.4638671875
1,-0.67138671875,-0.35400390625,-0.146484375,-0.32958984375,0.2685546875,-0.3662109375,-0.30517578125,0,-0.06103515625,0.1708984375,0.28076171875,-0.69580078125,0.0732421875,1.03759765625,-0.23193359375,0,-0.146484375,2.587890625,0.29296875,2.6611328125,-0.06103515625,4.52880859375,0.4638671875,1.69677734375,-0.23193359375,-0.146484375,-0.13427734375,-0.76904296875,-0.37841796875,0.93994140625,-0.03662109375,0.25634765625,-0.35400390625,-0.32958984375,0.2685546875,-0.927734375,-0.0732421875,-0.48828125,-0.2197265625,-0.72021484375,-0.15869140625,-0.18310546875,0.0244140625,-0.67138671875,-0.47607421875,-0.390625,0.0244140625,0.54931640625,-0.146484375,1.18408203125,0.30517578125,0.48828125,-0.47607421875,-0.1220703125,0.1953125,0.74462890625,-0.048828125,0.64697265625,-0.3662109375,0.47607421875,0.439453125,0.52490234375,-0.09765625,0.10986328125,-0.3662109375,0.2197265625,0.2197265625,1.0498046875,-0.20751953125,0.1953125,-0.23193359375,0.1953125,-0.3173828125,0.32958984375,-0.01220703125,0.8544921875,-0.10986328125,0.048828125,0,1.3671875,0.23193359375,-0.91552734375,-0.10986328125,-0.29296875,-0.244140625,-0.9521484375,-0.20751953125,-0.76904296875,0.10986328125,-1.47705078125,-0.03662109375,-0.28076171875,0.47607421875,-0.28076171875,-0.1708984375,-1.23291015625,0.25634765625,-1.57470703125,-0.0244140625,-1.8310546875,-0.0244140625,-1.23291015625,-0.3662109375,-0.7080078125,0.29296875,-0.7080078125,-0.146484375,-1.416015625,-0.18310546875,-1.03759765625,-0.439453125,0.40283203125,0,0.64697265625,0.048828125,0.390625,-0.08544921875,0,0,0.6103515625,-0.09765625,0.03662109375,-0.048828125,0.8056640625,-0.048828125,-0.48828125,0.0244140625,-0.47607421875
1,-0.634765625,-0.37841796875,-0.1953125,-0.30517578125,0.341796875,-0.37841796875,-0.30517578125,-0.01220703125,-0.06103515625,0.09765625,0.244140625,-0.74462890625,0.0244140625,1.0009765625,-0.15869140625,-0.10986328125,-0.1220703125,2.2216796875,0.25634765625,2.34375,-0.09765625,4.08935546875,0.5126953125,1.45263671875,-0.244140625,-0.15869140625,-0.10986328125,-0.76904296875,-0.244140625,0.91552734375,-0.03662109375,0.28076171875,-0.13427734375,-0.35400390625,0.244140625,-0.86669921875,0.048828125,-0.47607421875,-0.28076171875,-0.732421875,-0.01220703125,-0.1708984375,0,-0.68359375,-0.439453125,-0.40283203125,0.048828125,0.5615234375,-0.048828125,1.171875,0.32958984375,0.47607421875,-0.50048828125,-0.15869140625,0.1708984375,0.74462890625,-0.1220703125,0.62255859375,-0.40283203125,0.45166015625,0.341796875,0.52490234375,-0.048828125,0.1220703125,-0.35400390625,0.23193359375,0.25634765625,1.0498046875,-0.15869140625,0.20751953125,-0.25634765625,0.18310546875,-0.2197265625,0.3173828125,0.01220703125,0.8544921875,-0.13427734375,0.06103515625,0.01220703125,1.3671875,0.20751953125,-0.927734375,-0.18310546875,-0.29296875,-0.2197265625,-0.927734375,-0.244140625,-0.76904296875,0.20751953125,-1.45263671875,-0.048828125,-0.28076171875,0.37841796875,-0.28076171875,-0.146484375,-1.220703125,0.18310546875,-1.611328125,0.0244140625,-1.953125,-0.0244140625,-1.23291015625,-0.37841796875,-0.7080078125,0.20751953125,-0.72021484375,0.06103515625,-1.42822265625,-0.1708984375,-1.03759765625,-0.42724609375,0.40283203125,-0.01220703125,0.244140625,0.048828125,-0.03662109375,-0.06103515625,-0.29296875,0,-0.10986328125,-0.08544921875,0.0244140625,-0.048828125,0.76904296875,-0.03662109375,-0.50048828125,0.03662109375,-0.47607421875
1,-0.62255859375,-0.37841796875,-0.15869140625,-0.2685546875,0.341796875,-0.390625,-0.341796875,0.03662109375,-0.01220703125,0.048828125,0.244140625,-0.79345703125,0.0244140625,0.93994140625,-0.10986328125,-0.20751953125,-0.13427734375,1.84326171875,0.1220703125,1.9775390625,-0.18310546875,3.60107421875,0.40283203125,1.171875,-0.2197265625,-0.1708984375,-0.09765625,-0.7568359375,-0.09765625,0.927734375,-0.03662109375,0.29296875,0.146484375,-0.35400390625,0.28076171875,-0.830078125,0.15869140625,-0.439453125,-0.28076171875,-0.732421875,0.09765625,-0.1708984375,-0.0244140625,-0.64697265625,-0.390625,-0.390625,0.03662109375,0.5615234375,-0.01220703125,1.171875,0.28076171875,0.48828125,-0.48828125,-0.18310546875,0.13427734375,0.7568359375,-0.23193359375,0.62255859375,-0.35400390625,0.47607421875,0.35400390625,0.48828125,-0.0244140625,0.10986328125,-0.3173828125,0.25634765625,0.28076171875,1.07421875,-0.10986328125,0.23193359375,-0.28076171875,0.20751953125,-0.146484375,0.3173828125,0.01220703125,0.84228515625,-0.1220703125,0.03662109375,0.01220703125,1.35498046875,0.15869140625,-0.93994140625,-0.23193359375,-0.28076171875,-0.1953125,-0.927734375,-0.25634765625,-0.74462890625,0.23193359375,-1.4404296875,-0.0732421875,-0.25634765625,0.23193359375,-0.2685546875,-0.0732421875,-1.2451171875,0.0732421875,-1.55029296875,0.048828125,-1.89208984375,0,-1.18408203125,-0.30517578125,-0.69580078125,0.0732421875,-0.7080078125,0.2197265625,-1.45263671875,-0.15869140625,-1.025390625,-0.37841796875,0.40283203125,-0.06103515625,-0.06103515625,0.0244140625,-0.35400390625,-0.13427734375,-0.48828125,-0.08544921875,-0.5859375,-0.06103515625,0.03662109375,-0.0244140625,0.7568359375,-0.0244140625,-0.50048828125,-0.01220703125,-0.5126953125
0,-0.6591796875,-0.40283203125,-0.1953125,-0.2197265625,0.32958984375,-0.390625,-0.35400390625,0.03662109375,0,0.0244140625,0.244140625,-0.8056640625,0.01220703125,0.927734375,-0.10986328125,-0.28076171875,-0.09765625,1.4404296875,0.01220703125,1.57470703125,-0.08544921875,3.06396484375,0.25634765625,0.84228515625,-0.1220703125,-0.15869140625,-0.08544921875,-0.7568359375,0.01220703125,0.91552734375,-0.0244140625,0.25634765625,0.23193359375,-0.341796875,0.4150390625,-0.78125,0.25634765625,-0.439453125,-0.28076171875,-0.732421875,0.23193359375,-0.18310546875,0.01220703125,-0.64697265625,-0.30517578125,-0.40283203125,0.03662109375,0.54931640625,0.03662109375,1.18408203125,0.18310546875,0.50048828125,-0.42724609375,-0.1953125,0.09765625,0.732421875,-0.29296875,0.634765625,-0.341796875,0.47607421875,0.439453125,0.48828125,-0.06103515625,0.1220703125,-0.23193359375,0.25634765625,0.3173828125,1.07421875,-0.0732421875,0.244140625,-0.28076171875,0.2197265625,-0.048828125,0.3173828125,0.03662109375,0.8544921875,-0.1220703125,0.03662109375,-0.01220703125,1.35498046875,0.10986328125,-0.93994140625,-0.25634765625,-0.29296875,-0.1220703125,-0.93994140625,-0.18310546875,-0.7568359375,0.23193359375,-1.42822265625,-0.0732421875,-0.244140625,0.08544921875,-0.2685546875,-0.0244140625,-1.23291015625,-0.048828125,-1.42822265625,0.08544921875,-1.69677734375,0.0244140625,-1.07421875,-0.2197265625,-0.5859375,-0.0244140625,-0.7080078125,0.2685546875,-1.46484375,-0.146484375,-1.025390625,-0.341796875,0.390625,-0.01220703125,-0.23193359375,0.048828125,-0.5126953125,-0.10986328125,-0.57373046875,-0.10986328125,-0.74462890625,-0.0732421875,0.06103515625,-0.01220703125,0.7568359375,0.01220703125,-0.50048828125,-0.0244140625,-0.50048828125
0,-0.62255859375,-0.40283203125,-0.20751953125,-0.2197265625,0.32958984375,-0.390625,-0.341796875,0.06103515625,0.0244140625,0,0.25634765625,-0.8056640625,0,0.9521484375,-0.08544921875,-0.341796875,-0.08544921875,1.025390625,-0.10986328125,1.171875,-0.01220703125,2.490234375,0.01220703125,0.52490234375,-0.03662109375,-0.13427734375,-0.09765625,-0.7568359375,0.03662109375,0.91552734375,-0.048828125,0.25634765625,0.25634765625,-0.341796875,0.5859375,-0.7568359375,0.28076171875,-0.40283203125,-0.23193359375,-0.732421875,0.32958984375,-0.15869140625,0,-0.634765625,-0.23193359375,-0.4150390625,0.048828125,0.52490234375,-0.01220703125,1.15966796875,0.08544921875,0.50048828125,-0.390625,-0.20751953125,0.0732421875,0.76904296875,-0.32958984375,0.64697265625,-0.3173828125,0.4638671875,0.439453125,0.50048828125,-0.06103515625,0.13427734375,-0.09765625,0.2685546875,0.341796875,1.07421875,-0.06103515625,0.244140625,-0.30517578125,0.2197265625,0,0.3173828125,0.1220703125,0.830078125,-0.1708984375,0.048828125,-0.048828125,1.3671875,0.0732421875,-0.9521484375,-0.2197265625,-0.30517578125,-0.0732421875,-0.93994140625,-0.09765625,-0.7568359375,0.1708984375,-1.42822265625,-0.048828125,-0.23193359375,-0.0732421875,-0.28076171875,-0.01220703125,-1.26953125,-0.1708984375,-1.25732421875,0.08544921875,-1.37939453125,0.0244140625,-0.9765625,-0.13427734375,-0.439453125,0,-0.69580078125,0.25634765625,-1.45263671875,-0.13427734375,-1.025390625,-0.30517578125,0.4150390625,0.03662109375,-0.30517578125,0.08544921875,-0.5859375,-0.08544921875,-0.5859375,-0.01220703125,-0.74462890625,-0.06103515625,0.06103515625,-0.048828125,0.79345703125,0.01220703125,-0.50048828125,-0.03662109375,-0.5126953125
0,-0.6591796875,-0.390625,-0.1708984375,-0.1953125,0.3173828125,-0.37841796875,-0.341796875,0.048828125,0,0.0244140625,0.1953125,-0.78125,-0.03662109375,1.0009765625,-0.08544921875,-0.35400390625,-0.08544921875,0.6591796875,-0.20751953125,0.81787109375,0.0244140625,1.94091796875,-0.244140625,0.2685546875,0.08544921875,-0.13427734375,-0.09765625,-0.76904296875,-0.01220703125,0.927734375,-0.03662109375,0.23193359375,0.146484375,-0.3173828125,0.74462890625,-0.732421875,0.25634765625,-0.37841796875,-0.15869140625,-0.732421875,0.42724609375,-0.146484375,-0.01220703125,-0.634765625,-0.15869140625,-0.40283203125,0.09765625,0.5615234375,-0.03662109375,1.15966796875,-0.01220703125,0.50048828125,-0.3173828125,-0.1708984375,0.048828125,0.76904296875,-0.30517578125,0.67138671875,-0.2685546875,0.47607421875,0.45166015625,0.48828125,-0.03662109375,0.1708984375,0.048828125,0.28076171875,0.30517578125,1.07421875,-0.0244140625,0.25634765625,-0.29296875,0.23193359375,0.03662109375,0.30517578125,0.1708984375,0.830078125,-0.1953125,0.048828125,-0.09765625,1.35498046875,0.01220703125,-0.93994140625,-0.15869140625,-0.29296875,-0.01220703125,-0.9521484375,0,-0.732421875,0.09765625,-1.40380859375,-0.06103515625,-0.20751953125,-0.146484375,-0.29296875,-0.0244140625,-1.26953125,-0.25634765625,-1.0986328125,0.01220703125,-1.03759765625,0.0244140625,-0.830078125,-0.06103515625,-0.28076171875,0.0732421875,-0.69580078125,0.15869140625,-1.46484375,-0.1220703125,-1.025390625,-0.244140625,0.4150390625,0.03662109375,-0.29296875,0.09765625,-0.6103515625,-0.06103515625,-0.5126953125,0.01220703125,-0.6103515625,-0.048828125,0.08544921875,-0.03662109375,0.8056640625,0.01220703125,-0.48828125,-0.0244140625,-0.5126953125
0,-0.634765625,-0.390625,-0.1953125,-0.1953125,0.3662109375,-0.37841796875,-0.3173828125,0.06103515625,0.048828125,0.048828125,0.2197265625,-0.76904296875,-0.01220703125,1.025390625,-0.03662109375,-0.3173828125,-0.0732421875,0.390625,-0.2197265625,0.537109375,-0.0244140625,1.52587890625,-0.439453125,0.048828125,0.20751953125,-0.1220703125,-0.10986328125,-0.76904296875,-0.048828125,0.9521484375,-0.06103515625,0.25634765625,-0.0244140625,-0.2685546875,0.89111328125,-0.72021484375,0.23193359375,-0.35400390625,-0.08544921875,-0.72021484375,0.439453125,-0.15869140625,-0.0244140625,-0.64697265625,-0.08544921875,-0.40283203125,0.10986328125,0.54931640625,-0.0732421875,1.171875,-0.1220703125,0.5126953125,-0.25634765625,-0.13427734375,0.048828125,0.78125,-0.2685546875,0.68359375,-0.2197265625,0.4638671875,0.5126953125,0.50048828125,-0.048828125,0.18310546875,0.146484375,0.29296875,0.32958984375,1.08642578125,-0.03662109375,0.25634765625,-0.25634765625,0.23193359375,0.09765625,0.29296875,0.2197265625,0.86669921875,-0.1953125,0.03662109375,-0.13427734375,1.3671875,-0.03662109375,-0.93994140625,-0.06103515625,-0.28076171875,0.0732421875,-0.9521484375,0.03662109375,-0.72021484375,0.048828125,-1.3916015625,-0.0732421875,-0.20751953125,-0.10986328125,-0.30517578125,-0.0732421875,-1.28173828125,-0.23193359375,-0.93994140625,-0.0732421875,-0.72021484375,0.01220703125,-0.72021484375,-0.01220703125,-0.146484375,0.146484375,-0.7080078125,-0.01220703125,-1.46484375,-0.1220703125,-1.01318359375,-0.1708984375,0.4150390625,0.06103515625,-0.25634765625,0.10986328125,-0.54931640625,-0.0732421875,-0.439453125,0.048828125,-0.45166015625,-0.0244140625,0.048828125,-0.06103515625,0.830078125,0.0244140625,-0.47607421875,-0.01220703125,-0.48828125
0,-0.59814453125,-0.390625,-0.18310546875,-0.2197265625,0.341796875,-0.3662109375,-0.3173828125,0.06103515625,0.06103515625,0.08544921875,0.23193359375,-0.74462890625,-0.01220703125,1.0498046875,0.01220703125,-0.2685546875,-0.1220703125,0.1953125,-0.23193359375,0.35400390625,-0.146484375,1.2451171875,-0.54931640625,-0.0732421875,0.244140625,-0.1220703125,-0.09765625,-0.7568359375,-0.13427734375,0.96435546875,-0.048828125,0.23193359375,-0.2197265625,-0.25634765625,0.91552734375,-0.72021484375,0.1953125,-0.341796875,-0.03662109375,-0.72021484375,0.45166015625,-0.15869140625,-0.0244140625,-0.64697265625,-0.0732421875,-0.4150390625,0.1708984375,0.54931640625,-0.1708984375,1.1962890625,-0.244140625,0.5126953125,-0.25634765625,-0.08544921875,0.03662109375,0.79345703125,-0.20751953125,0.68359375,-0.15869140625,0.47607421875,0.50048828125,0.52490234375,-0.08544921875,0.18310546875,0.23193359375,0.28076171875,0.3173828125,1.07421875,-0.048828125,0.23193359375,-0.15869140625,0.244140625,0.146484375,0.28076171875,0.29296875,0.8544921875,-0.2197265625,0.03662109375,-0.15869140625,1.37939453125,-0.048828125,-0.93994140625,0.01220703125,-0.28076171875,0.09765625,-0.9765625,0.08544921875,-0.7080078125,0,-1.416015625,-0.15869140625,-0.1953125,0,-0.341796875,-0.1708984375,-1.28173828125,-0.15869140625,-0.8544921875,-0.09765625,-0.48828125,-0.03662109375,-0.6591796875,0.06103515625,-0.048828125,0.18310546875,-0.69580078125,-0.1708984375,-1.45263671875,-0.1220703125,-1.025390625,-0.09765625,0.42724609375,0.08544921875,-0.20751953125,0.1220703125,-0.48828125,-0.0732421875,-0.35400390625,0.06103515625,-0.30517578125,-0.03662109375,0.0244140625,-0.06103515625,0.8544921875,0.0244140625,-0.4638671875,-0.0244140625,-0.50048828125
0,-0.59814453125,-0.35400390625,-0.2197265625,-0.2197265625,0.341796875,-0.3662109375,-0.341796875,0.03662109375,0.0244140625,0.09765625,0.18310546875,-0.74462890625,-0.06103515625,1.03759765625,0.01220703125,-0.1953125,-0.1708984375,0.1708984375,-0.09765625,0.32958984375,-0.25634765625,1.123046875,-0.45166015625,-0.10986328125,0.244140625,-0.1220703125,-0.048828125,-0.7568359375,-0.244140625,0.9765625,-0.06103515625,0.244140625,-0.35400390625,-0.25634765625,0.9033203125,-0.732421875,0.1708984375,-0.3662109375,0.01220703125,-0.74462890625,0.390625,-0.15869140625,0,-0.64697265625,-0.08544921875,-0.4150390625,0.2197265625,0.537109375,-0.244140625,1.1962890625,-0.28076171875,0.5126953125,-0.25634765625,-0.06103515625,0.0244140625,0.79345703125,-0.13427734375,0.68359375,-0.0732421875,0.4638671875,0.47607421875,0.54931640625,-0.13427734375,0.18310546875,0.32958984375,0.28076171875,0.341796875,1.07421875,-0.0732421875,0.2197265625,-0.10986328125,0.23193359375,0.1708984375,0.28076171875,0.30517578125,0.8544921875,-0.2197265625,0.01220703125,-0.1953125,1.37939453125,0.01220703125,-0.91552734375,0.08544921875,-0.29296875,0.08544921875,-0.96435546875,0.1220703125,-0.69580078125,-0.0244140625,-1.40380859375,-0.20751953125,-0.1953125,0.1953125,-0.341796875,-0.2197265625,-1.25732421875,-0.09765625,-0.8056640625,-0.244140625,-0.4150390625,-0.06103515625,-0.6591796875,0.09765625,-0.01220703125,0.1708984375,-0.69580078125,-0.32958984375,-1.45263671875,-0.13427734375,-1.025390625,-0.0244140625,0.42724609375,0.09765625,-0.146484375,0.10986328125,-0.45166015625,-0.048828125,-0.30517578125,0.06103515625,-0.244140625,-0.048828125,0,-0.0732421875,0.87890625,0.01220703125,-0.47607421875,-0.0244140625,-0.47607421875
0,-0.54931640625,-0.3662109375,-0.25634765625,-0.2197265625,0.341796875,-0.35400390625,-0.35400390625,0.0244140625,0.06103515625,0.09765625,0.2197265625,-0.76904296875,-0.03662109375,1.03759765625,0.0732421875,-0.146484375,-0.25634765625,0.244140625,-0.03662109375,0.45166015625,-0.40283203125,1.23291015625,-0.29296875,-0.048828125,0.18310546875,-0.1220703125,-0.03662109375,-0.76904296875,-0.35400390625,0.9765625,-0.0732421875,0.244140625,-0.35400390625,-0.2197265625,0.81787109375,-0.74462890625,0.13427734375,-0.40283203125,0.048828125,-0.732421875,0.28076171875,-0.15869140625,0.01220703125,-0.6591796875,-0.146484375,-0.37841796875,0.25634765625,0.54931640625,-0.2685546875,1.20849609375,-0.28076171875,0.5126953125,-0.23193359375,-0.08544921875,-0.0244140625,0.79345703125,0.0244140625,0.67138671875,0.01220703125,0.439453125,0.4638671875,0.54931640625,-0.2685546875,0.18310546875,0.42724609375,0.25634765625,0.30517578125,1.06201171875,-0.09765625,0.1953125,-0.06103515625,0.2197265625,0.244140625,0.29296875,0.3173828125,0.86669921875,-0.23193359375,0,-0.18310546875,1.37939453125,0.09765625,-0.9033203125,0.146484375,-0.2685546875,0.03662109375,-0.9765625,0.146484375,-0.69580078125,0,-1.42822265625,-0.244140625,-0.15869140625,0.3662109375,-0.32958984375,-0.244140625,-1.26953125,-0.0244140625,-0.84228515625,-0.2685546875,-0.45166015625,-0.03662109375,-0.68359375,0.146484375,-0.0244140625,0.10986328125,-0.7080078125,-0.42724609375,-1.4404296875,-0.18310546875,-1.03759765625,-0.01220703125,0.439453125,0.13427734375,-0.10986328125,0.13427734375,-0.439453125,-0.048828125,-0.25634765625,0.10986328125,-0.29296875,-0.048828125,0,-0.0732421875,0.87890625,-0.0244140625,-0.4638671875,-0.0244140625,-0.4638671875
0,-0.54931640625,-0.35400390625,-0.244140625,-0.1953125,0.341796875,-0.341796875,-0.3173828125,0.01220703125,0.06103515625,0.048828125,0.18310546875,-0.8056640625,-0.048828125,0.9765625,0.09765625,-0.09765625,-0.28076171875,0.5126953125,0.10986328125,0.72021484375,-0.37841796875,1.611328125,-0.048828125,0.15869140625,0.0732421875,-0.13427734375,0,-0.76904296875,-0.42724609375,0.96435546875,-0.1220703125,0.244140625,-0.341796875,-0.25634765625,0.732421875,-0.74462890625,0.0732421875,-0.42724609375,0.06103515625,-0.732421875,0.13427734375,-0.1708984375,0.0244140625,-0.68359375,-0.20751953125,-0.4150390625,0.244140625,0.54931640625,-0.29296875,1.20849609375,-0.28076171875,0.48828125,-0.23193359375,-0.08544921875,-0.0732421875,0.78125,0.10986328125,0.634765625,0.03662109375,0.45166015625,0.3662109375,0.57373046875,-0.35400390625,0.15869140625,0.4638671875,0.244140625,0.2685546875,1.0498046875,-0.09765625,0.15869140625,0,0.2197265625,0.2685546875,0.29296875,0.28076171875,0.84228515625,-0.2685546875,0,-0.1953125,1.37939453125,0.18310546875,-0.89111328125,0.146484375,-0.28076171875,-0.03662109375,-0.9765625,0.15869140625,-0.69580078125,0.01220703125,-1.42822265625,-0.28076171875,-0.1708984375,0.52490234375,-0.3173828125,-0.2197265625,-1.2451171875,0,-0.91552734375,-0.3173828125,-0.5859375,-0.0732421875,-0.7568359375,0.09765625,-0.10986328125,0,-0.69580078125,-0.40283203125,-1.416015625,-0.20751953125,-1.0498046875,0,0.42724609375,0.13427734375,-0.08544921875,0.08544921875,-0.439453125,-0.06103515625,-0.29296875,0.13427734375,-0.4150390625,-0.048828125,0,-0.06103515625,0.87890625,-0.01220703125,-0.47607421875,-0.0244140625,-0.4638671875
0,-0.537109375,-0.32958984375,-0.25634765625,-0.1708984375,0.37841796875,-0.341796875,-0.30517578125,0.0244140625,0.06103515625,-0.01220703125,0.146484375,-0.8544921875,-0.048828125,0.93994140625,0.09765625,-0.08544921875,-0.29296875,0.91552734375,0.18310546875,1.1474609375,-0.3662109375,2.1728515625,0.244140625,0.47607421875,-0.01220703125,-0.13427734375,-0.0244140625,-0.78125,-0.47607421875,0.9765625,-0.18310546875,0.244140625,-0.29296875,-0.28076171875,0.5859375,-0.732421875,0.0244140625,-0.47607421875,0.048828125,-0.74462890625,-0.03662109375,-0.18310546875,0.048828125,-0.68359375,-0.28076171875,-0.42724609375,0.20751953125,0.537109375,-0.2685546875,1.1962890625,-0.244140625,0.47607421875,-0.3173828125,-0.10986328125,-0.13427734375,0.7568359375,0.1953125,0.634765625,-0.01220703125,0.45166015625,0.32958984375,0.57373046875,-0.439453125,0.13427734375,0.45166015625,0.28076171875,0.244140625,1.0498046875,-0.1220703125,0.1708984375,0.0244140625,0.23193359375,0.30517578125,0.29296875,0.244140625,0.86669921875,-0.3173828125,0,-0.1708984375,1.3916015625,0.25634765625,-0.89111328125,0.1220703125,-0.2685546875,-0.1220703125,-0.9765625,0.146484375,-0.72021484375,0.048828125,-1.47705078125,-0.25634765625,-0.18310546875,0.6103515625,-0.30517578125,-0.1708984375,-1.23291015625,0,-1.025390625,-0.28076171875,-0.79345703125,-0.1220703125,-0.8544921875,0.03662109375,-0.1953125,-0.09765625,-0.7080078125,-0.30517578125,-1.416015625,-0.23193359375,-1.0498046875,0,0.45166015625,0.13427734375,-0.08544921875,0.09765625,-0.47607421875,-0.0732421875,-0.32958984375,0.1953125,-0.537109375,-0.03662109375,-0.01220703125,-0.06103515625,0.87890625,-0.01220703125,-0.4638671875,-0.03662109375,-0.45166015625
0,-0.48828125,-0.341796875,-0.18310546875,-0.146484375,0.37841796875,-0.32958984375,-0.29296875,0.0244140625,0.06103515625,-0.06103515625,0.13427734375,-0.8544921875,-0.048828125,0.87890625,0.10986328125,-0.10986328125,-0.2685546875,1.416015625,0.244140625,1.62353515625,-0.3173828125,2.91748046875,0.4638671875,0.86669921875,-0.1220703125,-0.146484375,-0.03662109375,-0.76904296875,-0.52490234375,0.96435546875,-0.28076171875,0.2685546875,-0.25634765625,-0.30517578125,0.439453125,-0.69580078125,0,-0.5126953125,-0.01220703125,-0.74462890625,-0.1708984375,-0.1708984375,0.0244140625,-0.6591796875,-0.35400390625,-0.42724609375,0.18310546875,0.5615234375,-0.23193359375,1.1962890625,-0.1708984375,0.47607421875,-0.341796875,-0.13427734375,-0.15869140625,0.74462890625,0.2197265625,0.6103515625,-0.01220703125,0.45166015625,0.30517578125,0.5615234375,-0.4638671875,0.1220703125,0.439453125,0.28076171875,0.20751953125,1.08642578125,-0.13427734375,0.18310546875,0.03662109375,0.2197265625,0.30517578125,0.3173828125,0.1708984375,0.87890625,-0.3173828125,0.01220703125,-0.15869140625,1.3916015625,0.30517578125,-0.9033203125,0.13427734375,-0.29296875,-0.1708984375,-0.9765625,0.10986328125,-0.72021484375,0.0732421875,-1.47705078125,-0.1953125,-0.1953125,0.59814453125,-0.30517578125,-0.08544921875,-1.220703125,0.0732421875,-1.13525390625,-0.146484375,-1.03759765625,-0.10986328125,-0.9521484375,0.01220703125,-0.30517578125,-0.23193359375,-0.7080078125,-0.1708984375,-1.42822265625,-0.2685546875,-1.0498046875,-0.048828125,0.45166015625,0.18310546875,-0.09765625,0.146484375,-0.48828125,-0.0732421875,-0.37841796875,0.146484375,-0.68359375,-0.048828125,-0.01220703125,-0.06103515625,0.87890625,-0.01220703125,-0.4638671875,-0.0244140625,-0.439453125
0,-0.4638671875,-0.341796875,-0.23193359375,-0.13427734375,0.3662109375,-0.3173828125,-0.29296875,0.01220703125,0.048828125,-0.09765625,0.09765625,-0.9033203125,-0.0732421875,0.84228515625,0.1220703125,-0.146484375,-0.20751953125,2.001953125,0.23193359375,2.2216796875,-0.2685546875,3.79638671875,0.5859375,1.3671875,-0.20751953125,-0.15869140625,-0.0732421875,-0.7568359375,-0.537109375,0.9521484375,-0.32958984375,0.2685546875,-0.29296875,-0.341796875,0.35400390625,-0.68359375,0.01220703125,-0.537109375,-0.0732421875,-0.74462890625,-0.244140625,-0.18310546875,-0.0732421875,-0.64697265625,-0.40283203125,-0.42724609375,0.1220703125,0.5615234375,-0.1708984375,1.20849609375,-0.03662109375,0.48828125,-0.48828125,-0.1708984375,-0.13427734375,0.732421875,0.2197265625,0.62255859375,-0.0732421875,0.45166015625,0.29296875,0.57373046875,-0.439453125,0.08544921875,0.47607421875,0.29296875,0.18310546875,1.07421875,-0.146484375,0.18310546875,0.048828125,0.2197265625,0.28076171875,0.29296875,0.146484375,0.89111328125,-0.341796875,0.01220703125,-0.15869140625,1.37939453125,0.3173828125,-0.91552734375,0.10986328125,-0.30517578125,-0.23193359375,-0.9765625,0.06103515625,-0.732421875,0.08544921875,-1.47705078125,-0.146484375,-0.20751953125,0.48828125,-0.25634765625,0.01220703125,-1.1962890625,0.03662109375,-1.20849609375,-0.1220703125,-1.20849609375,-0.18310546875,-0.96435546875,-0.08544921875,-0.37841796875,-0.3173828125,-0.72021484375,-0.03662109375,-1.416015625,-0.32958984375,-1.0498046875,-0.1220703125,0.439453125,0.20751953125,-0.1220703125,0.1708984375,-0.48828125,-0.0244140625,-0.4150390625,0.20751953125,-0.76904296875,-0.08544921875,-0.01220703125,-0.08544921875,0.8544921875,0.01220703125,-0.4638671875,-0.048828125,-0.45166015625
0,-0.4150390625,-0.35400390625,-0.25634765625,-0.15869140625,0.390625,-0.3173828125,-0.30517578125,0.01220703125,0.0732421875,-0.146484375,0.09765625,-0.91552734375,-0.08544921875,0.84228515625,0.146484375,-0.20751953125,-0.13427734375,2.6611328125,0.2197265625,2.84423828125,-0.08544921875,4.6875,0.57373046875,1.8798828125,-0.244140625,-0.146484375,-0.146484375,-0.76904296875,-0.5126953125,0.9765625,-0.35400390625,0.2685546875,-0.244140625,-0.341796875,0.32958984375,-0.67138671875,0,-0.50048828125,-0.1220703125,-0.72021484375,-0.28076171875,-0.18310546875,-0.1708984375,-0.64697265625,-0.42724609375,-0.42724609375,0.0732421875,0.54931640625,-0.06103515625,1.18408203125,0.048828125,0.47607421875,-0.5615234375,-0.18310546875,-0.15869140625,0.74462890625,0.20751953125,0.6103515625,-0.09765625,0.45166015625,0.28076171875,0.5615234375,-0.37841796875,0.09765625,0.5615234375,0.29296875,0.08544921875,1.08642578125,-0.146484375,0.1953125,0.01220703125,0.244140625,0.244140625,0.3173828125,0.09765625,0.9033203125,-0.30517578125,0.048828125,-0.15869140625,1.3916015625,0.29296875,-0.9033203125,0.1220703125,-0.32958984375,-0.244140625,-0.96435546875,-0.0244140625,-0.732421875,0.0732421875,-1.46484375,-0.0244140625,-0.2197265625,0.390625,-0.23193359375,0.13427734375,-1.18408203125,0.048828125,-1.220703125,-0.08544921875,-1.318359375,-0.20751953125,-0.9765625,-0.15869140625,-0.390625,-0.341796875,-0.732421875,0.06103515625,-1.42822265625,-0.3662109375,-1.03759765625,-0.15869140625,0.439453125,0.146484375,-0.0732421875,0.1220703125,-0.439453125,-0.09765625,-0.40283203125,0.08544921875,-0.8056640625,-0.08544921875,0.0244140625,-0.06103515625,0.84228515625,0,-0.4638671875,-0.0732421875,-0.42724609375
0,-0.390625,-0.3662109375,-0.2685546875,-0.1708984375,0.35400390625,-0.3173828125,-0.32958984375,0,0.048828125,-0.13427734375,0.06103515625,-0.89111328125,-0.10986328125,0.86669921875,0.13427734375,-0.25634765625,-0.01220703125,3.3203125,0.13427734375,3.45458984375,0.15869140625,5.60302734375,0.439453125,2.38037109375,-0.25634765625,-0.146484375,-0.18310546875,-0.7568359375,-0.4638671875,0.93994140625,-0.32958984375,0.25634765625,-0.2685546875,-0.35400390625,0.3662109375,-0.6591796875,0,-0.4638671875,-0.1708984375,-0.69580078125,-0.20751953125,-0.1708984375,-0.23193359375,-0.634765625,-0.439453125,-0.45166015625,0.0244140625,0.54931640625,0.03662109375,1.171875,0.08544921875,0.5126953125,-0.634765625,-0.1708984375,-0.18310546875,0.732421875,0.1708984375,0.62255859375,-0.15869140625,0.45166015625,0.244140625,0.54931640625,-0.35400390625,0.10986328125,0.54931640625,0.3173828125,0,1.08642578125,-0.13427734375,0.23193359375,-0.03662109375,0.2197265625,0.15869140625,0.29296875,0.03662109375,0.927734375,-0.28076171875,0.06103515625,-0.18310546875,1.37939453125,0.20751953125,-0.9033203125,0.13427734375,-0.32958984375,-0.2685546875,-0.9521484375,-0.1220703125,-0.74462890625,0.06103515625,-1.4892578125,0.0732421875,-0.23193359375,0.244140625,-0.25634765625,0.25634765625,-1.18408203125,0.06103515625,-1.18408203125,0.03662109375,-1.28173828125,-0.15869140625,-0.927734375,-0.146484375,-0.341796875,-0.2685546875,-0.732421875,0.08544921875,-1.4404296875,-0.390625,-1.025390625,-0.1708984375,0.439453125,0.1708984375,-0.0244140625,0.1708984375,-0.37841796875,-0.08544921875,-0.3662109375,0.0732421875,-0.69580078125,-0.08544921875,0.03662109375,-0.048828125,0.84228515625,0,-0.47607421875,-0.09765625,-0.439453125
0,-0.40283203125,-0.3662109375,-0.29296875,-0.2197265625,0.37841796875,-0.30517578125,-0.32958984375,0.01220703125,0.06103515625,-0.08544921875,0.048828125,-0.84228515625,-0.15869140625,0.91552734375,0.2685546875,-0.25634765625,0.048828125,3.90625,0.06103515625,3.9794921875,0.37841796875,6.4208984375,0.32958984375,2.86865234375,-0.2197265625,-0.13427734375,-0.23193359375,-0.74462890625,-0.4150390625,0.927734375,-0.23193359375,0.244140625,-0.390625,-0.341796875,0.47607421875,-0.68359375,0.0244140625,-0.4150390625,-0.1708984375,-0.69580078125,-0.08544921875,-0.146484375,-0.28076171875,-0.62255859375,-0.4150390625,-0.45166015625,-0.03662109375,0.57373046875,0.10986328125,1.1474609375,0.1220703125,0.5126953125,-0.732421875,-0.15869140625,-0.18310546875,0.74462890625,0.10986328125,0.634765625,-0.20751953125,0.45166015625,0.29296875,0.54931640625,-0.28076171875,0.1220703125,0.4638671875,0.29296875,-0.03662109375,1.08642578125,-0.13427734375,0.28076171875,-0.0732421875,0.2197265625,0.09765625,0.28076171875,0.03662109375,0.927734375,-0.23193359375,0.0732421875,-0.2197265625,1.3916015625,0.08544921875,-0.9033203125,0.1220703125,-0.3173828125,-0.30517578125,-0.927734375,-0.1953125,-0.74462890625,0.03662109375,-1.4892578125,0.15869140625,-0.244140625,0.146484375,-0.244140625,0.30517578125,-1.18408203125,0.01220703125,-1.0986328125,0,-1.13525390625,-0.18310546875,-0.830078125,-0.20751953125,-0.244140625,-0.09765625,-0.732421875,0.0732421875,-1.46484375,-0.40283203125,-1.01318359375,-0.18310546875,0.4150390625,0.23193359375,0.08544921875,0.1708984375,-0.2685546875,-0.03662109375,-0.3173828125,0.15869140625,-0.52490234375,-0.10986328125,0.06103515625,-0.048828125,0.8544921875,0.01220703125,-0.47607421875,-0.08544921875,-0.439453125
1,-0.40283203125,-0.37841796875,-0.25634765625,-0.2685546875,0.3662109375,-0.30517578125,-0.341796875,0.0244140625,0.0732421875,-0.01220703125,0.0244140625,-0.79345703125,-0.18310546875,0.9765625,0.2685546875,-0.23193359375,0.0732421875,4.43115234375,-0.01220703125,4.40673828125,0.45166015625,7.080078125,0.15869140625,3.25927734375,-0.146484375,-0.1220703125,-0.2685546875,-0.74462890625,-0.35400390625,0.9033203125,-0.10986328125,0.244140625,-0.42724609375,-0.32958984375,0.62255859375,-0.7080078125,0.0244140625,-0.3662109375,-0.1708984375,-0.69580078125,0.06103515625,-0.1220703125,-0.29296875,-0.62255859375,-0.37841796875,-0.45166015625,-0.0732421875,0.5615234375,0.146484375,1.1474609375,0.146484375,0.52490234375,-0.7568359375,-0.13427734375,-0.244140625,0.7568359375,0.0244140625,0.64697265625,-0.23193359375,0.45166015625,0.3662109375,0.537109375,-0.1708984375,0.13427734375,0.3173828125,0.28076171875,-0.08544921875,1.07421875,-0.1220703125,0.2685546875,-0.1220703125,0.2197265625,0.06103515625,0.28076171875,-0.0244140625,0.9521484375,-0.18310546875,0.0732421875,-0.23193359375,1.3671875,0,-0.91552734375,0.13427734375,-0.3173828125,-0.32958984375,-0.9521484375,-0.25634765625,-0.74462890625,0.0244140625,-1.47705078125,0.1953125,-0.23193359375,0.10986328125,-0.2685546875,0.28076171875,-1.1962890625,-0.01220703125,-0.93994140625,0,-0.86669921875,-0.15869140625,-0.7080078125,-0.20751953125,-0.10986328125,0.0732421875,-0.7568359375,0.01220703125,-1.4404296875,-0.3662109375,-1.01318359375,-0.20751953125,0.4150390625,0.15869140625,0.1953125,0.10986328125,-0.1220703125,-0.09765625,-0.23193359375,0.0732421875,-0.29296875,-0.10986328125,0.06103515625,-0.06103515625,0.86669921875,0.0244140625,-0.48828125,-0.08544921875,-0.45166015625
1,-0.341796875,-0.4150390625,-0.244140625,-0.28076171875,0.390625,-0.3173828125,-0.341796875,0.03662109375,0.06103515625,0.0244140625,0.0244140625,-0.72021484375,-0.2197265625,1.03759765625,0.37841796875,-0.18310546875,0.0732421875,4.8095703125,-0.06103515625,4.7119140625,0.390625,7.51953125,0.03662109375,3.564453125,-0.0244140625,-0.13427734375,-0.29296875,-0.74462890625,-0.30517578125,0.91552734375,-0.0244140625,0.244140625,-0.47607421875,-0.341796875,0.732421875,-0.7568359375,0.0244140625,-0.3662109375,-0.15869140625,-0.69580078125,0.23193359375,-0.1220703125,-0.2685546875,-0.62255859375,-0.3173828125,-0.47607421875,-0.08544921875,0.57373046875,0.146484375,1.13525390625,0.15869140625,0.537109375,-0.72021484375,-0.09765625,-0.29296875,0.732421875,-0.0732421875,0.64697265625,-0.244140625,0.4638671875,0.341796875,0.54931640625,-0.06103515625,0.146484375,0.20751953125,0.2685546875,-0.09765625,1.0498046875,-0.13427734375,0.25634765625,-0.1708984375,0.2197265625,-0.0244140625,0.2685546875,-0.048828125,0.93994140625,-0.146484375,0.0732421875,-0.2685546875,1.3671875,-0.09765625,-0.91552734375,0.09765625,-0.3173828125,-0.30517578125,-0.9521484375,-0.244140625,-0.74462890625,0.0244140625,-1.47705078125,0.1708984375,-0.2685546875,0.13427734375,-0.2685546875,0.18310546875,-1.220703125,-0.06103515625,-0.74462890625,-0.0244140625,-0.5859375,-0.1220703125,-0.5859375,-0.1953125,0.048828125,0.2685546875,-0.732421875,-0.048828125,-1.46484375,-0.3173828125,-1.01318359375,-0.20751953125,0.42724609375,0.1708984375,0.32958984375,0.09765625,0.0244140625,-0.09765625,-0.13427734375,0.06103515625,-0.06103515625,-0.1220703125,0.06103515625,-0.0732421875,0.830078125,0.01220703125,-0.48828125,-0.09765625,-0.4638671875
1,-0.30517578125,-0.37841796875,-0.32958984375,-0.3173828125,0.37841796875,-0.341796875,-0.35400390625,0.048828125,0.08544921875,0.09765625,0,-0.7080078125,-0.23193359375,1.07421875,0.3173828125,-0.1220703125,0.0244140625,5.04150390625,-0.0732421875,4.84619140625,0.28076171875,7.71484375,-0.0244140625,3.69873046875,0.048828125,-0.13427734375,-0.2685546875,-0.74462890625,-0.244140625,0.93994140625,0.048828125,0.25634765625,-0.47607421875,-0.3173828125,0.830078125,-0.830078125,0.06103515625,-0.32958984375,-0.1708984375,-0.7080078125,0.341796875,-0.10986328125,-0.20751953125,-0.634765625,-0.25634765625,-0.4638671875,-0.048828125,0.57373046875,0.08544921875,1.15966796875,0.10986328125,0.537109375,-0.67138671875,-0.06103515625,-0.29296875,0.74462890625,-0.146484375,0.64697265625,-0.2197265625,0.45166015625,0.40283203125,0.5615234375,0.06103515625,0.13427734375,0.13427734375,0.2685546875,-0.08544921875,1.0498046875,-0.15869140625,0.244140625,-0.1708984375,0.23193359375,-0.06103515625,0.28076171875,-0.06103515625,0.927734375,-0.10986328125,0.0732421875,-0.28076171875,1.3427734375,-0.13427734375,-0.91552734375,0.06103515625,-0.32958984375,-0.28076171875,-0.93994140625,-0.1953125,-0.732421875,0.0244140625,-1.4892578125,0.08544921875,-0.25634765625,0.244140625,-0.30517578125,-0.0244140625,-1.220703125,-0.13427734375,-0.5859375,-0.13427734375,-0.29296875,-0.146484375,-0.48828125,-0.146484375,0.2197265625,0.4150390625,-0.732421875,-0.0732421875,-1.47705078125,-0.25634765625,-1.025390625,-0.2197265625,0.42724609375,0.2197265625,0.47607421875,0.146484375,0.1953125,-0.06103515625,-0.01220703125,0.146484375,0.1220703125,-0.1220703125,0.06103515625,-0.06103515625,0.84228515625,-0.0244140625,-0.48828125,-0.0732421875,-0.4638671875
1,-0.23193359375,-0.37841796875,-0.30517578125,-0.35400390625,0.341796875,-0.3662109375,-0.37841796875,0.048828125,0.13427734375,0.1220703125,-0.01220703125,-0.7080078125,-0.25634765625,1.06201171875,0.341796875,-0.1220703125,-0.03662109375,5.078125,-0.08544921875,4.82177734375,0.08544921875,7.65380859375,-0.06103515625,3.69873046875,0.10986328125,-0.146484375,-0.244140625,-0.74462890625,-0.1953125,0.927734375,0.048828125,0.23193359375,-0.37841796875,-0.29296875,0.87890625,-0.87890625,0.13427734375,-0.32958984375,-0.146484375,-0.69580078125,0.3662109375,-0.1220703125,-0.08544921875,-0.64697265625,-0.1953125,-0.439453125,-0.01220703125,0.57373046875,0,1.171875,0,0.52490234375,-0.57373046875,-0.06103515625,-0.29296875,0.74462890625,-0.1708984375,0.67138671875,-0.15869140625,0.4638671875,0.45166015625,0.57373046875,0.15869140625,0.13427734375,0.03662109375,0.25634765625,-0.08544921875,1.03759765625,-0.18310546875,0.23193359375,-0.20751953125,0.2197265625,-0.10986328125,0.28076171875,-0.09765625,0.9033203125,-0.08544921875,0.06103515625,-0.244140625,1.35498046875,-0.1220703125,-0.927734375,0,-0.29296875,-0.25634765625,-0.9521484375,-0.09765625,-0.72021484375,0.06103515625,-1.4892578125,-0.01220703125,-0.25634765625,0.3173828125,-0.32958984375,-0.244140625,-1.25732421875,-0.1708984375,-0.4638671875,-0.2197265625,-0.09765625,-0.1220703125,-0.4150390625,-0.0732421875,0.35400390625,0.42724609375,-0.72021484375,-0.0732421875,-1.45263671875,-0.20751953125,-1.03759765625,-0.18310546875,0.42724609375,0.1953125,0.62255859375,0.1220703125,0.3662109375,-0.09765625,0.1220703125,0.08544921875,0.30517578125,-0.13427734375,0.03662109375,-0.06103515625,0.84228515625,-0.06103515625,-0.4638671875,-0.09765625,-0.50048828125
1,-0.20751953125,-0.3662109375,-0.37841796875,-0.35400390625,0.35400390625,-0.37841796875,-0.3662109375,0.048828125,0.13427734375,0.08544921875,-0.0244140625,-0.76904296875,-0.2685546875,1.01318359375,0.37841796875,-0.09765625,-0.146484375,4.91943359375,-0.1220703125,4.638671875,-0.146484375,7.36083984375,-0.06103515625,3.564453125,0.13427734375,-0.146484375,-0.1708984375,-0.74462890625,-0.146484375,0.9521484375,0.048828125,0.244140625,-0.2197265625,-0.29296875,0.86669921875,-0.927734375,0.18310546875,-0.32958984375,-0.13427734375,-0.72021484375,0.3662109375,-0.13427734375,0.0244140625,-0.6591796875,-0.13427734375,-0.439453125,0.06103515625,0.5615234375,-0.09765625,1.18408203125,-0.06103515625,0.48828125,-0.45166015625,-0.048828125,-0.23193359375,0.74462890625,-0.1708984375,0.6591796875,-0.09765625,0.439453125,0.57373046875,0.59814453125,0.2197265625,0.1220703125,-0.0732421875,0.23193359375,-0.06103515625,1.0498046875,-0.15869140625,0.2197265625,-0.244140625,0.20751953125,-0.146484375,0.28076171875,-0.09765625,0.91552734375,-0.0732421875,0.06103515625,-0.20751953125,1.3427734375,-0.09765625,-0.927734375,-0.0732421875,-0.30517578125,-0.1953125,-0.9765625,-0.048828125,-0.732421875,0.08544921875,-1.52587890625,-0.10986328125,-0.2685546875,0.30517578125,-0.3173828125,-0.439453125,-1.2451171875,-0.244140625,-0.3662109375,-0.28076171875,0,-0.08544921875,-0.40283203125,0.03662109375,0.390625,0.3662109375,-0.69580078125,-0.0244140625,-1.45263671875,-0.18310546875,-1.025390625,-0.10986328125,0.42724609375,0.2197265625,0.78125,0.1220703125,0.52490234375,-0.09765625,0.2197265625,0.10986328125,0.390625,-0.1220703125,0.03662109375,-0.08544921875,0.8056640625,-0.06103515625,-0.439453125,-0.10986328125,-0.5126953125
1,-0.1953125,-0.35400390625,-0.3173828125,-0.3662109375,0.341796875,-0.40283203125,-0.341796875,0.0244140625,0.15869140625,0.0244140625,-0.03662109375,-0.84228515625,-0.2685546875,0.927734375,0.439453125,-0.10986328125,-0.20751953125,4.541015625,-0.1220703125,4.2724609375,-0.3662109375,6.8359375,-0.08544921875,3.23486328125,0.146484375,-0.18310546875,-0.08544921875,-0.7568359375,-0.10986328125,0.9521484375,0.01220703125,0.23193359375,-0.03662109375,-0.29296875,0.81787109375,-0.927734375,0.1953125,-0.37841796875,-0.08544921875,-0.732421875,0.35400390625,-0.146484375,0.0732421875,-0.64697265625,-0.08544921875,-0.4150390625,0.08544921875,0.5615234375,-0.09765625,1.18408203125,-0.10986328125,0.47607421875,-0.35400390625,-0.06103515625,-0.23193359375,0.72021484375,-0.1953125,0.64697265625,-0.0732421875,0.439453125,0.64697265625,0.6103515625,0.23193359375,0.1220703125,-0.18310546875,0.25634765625,-0.06103515625,1.0498046875,-0.1953125,0.20751953125,-0.244140625,0.2197265625,-0.1953125,0.30517578125,-0.1220703125,0.87890625,-0.0732421875,0.06103515625,-0.1220703125,1.37939453125,-0.048828125,-0.93994140625,-0.09765625,-0.28076171875,-0.15869140625,-0.9765625,0.03662109375,-0.7568359375,0.08544921875,-1.50146484375,-0.1953125,-0.28076171875,0.28076171875,-0.32958984375,-0.54931640625,-1.25732421875,-0.25634765625,-0.32958984375,-0.23193359375,0,-0.01220703125,-0.4150390625,0.1220703125,0.4150390625,0.18310546875,-0.67138671875,0.0244140625,-1.42822265625,-0.146484375,-1.03759765625,-0.048828125,0.439453125,0.28076171875,0.93994140625,0.1953125,0.68359375,-0.048828125,0.341796875,0.18310546875,0.4150390625,-0.1220703125,0.0244140625,-0.0244140625,0.830078125,-0.06103515625,-0.439453125,-0.1220703125,-0.537109375
1,-0.20751953125,-0.35400390625,-0.29296875,-0.35400390625,0.35400390625,-0.439453125,-0.3173828125,0,0.18310546875,-0.048828125,-0.03662109375,-0.93994140625,-0.20751953125,0.84228515625,0.52490234375,-0.08544921875,-0.23193359375,4.01611328125,-0.13427734375,3.77197265625,-0.52490234375,6.14013671875,-0.0732421875,2.8076171875,0.146484375,-0.15869140625,-0.048828125,-0.7568359375,-0.09765625,0.93994140625,-0.03662109375,0.244140625,0.03662109375,-0.29296875,0.78125,-0.91552734375,0.1953125,-0.4150390625,-0.06103515625,-0.7568359375,0.30517578125,-0.1708984375,0.1220703125,-0.6591796875,-0.06103515625,-0.42724609375,0.13427734375,0.5615234375,-0.146484375,1.220703125,-0.18310546875,0.45166015625,-0.2197265625,-0.08544921875,-0.244140625,0.74462890625,-0.15869140625,0.634765625,0,0.42724609375,0.57373046875,0.64697265625,0.146484375,0.09765625,-0.244140625,0.2685546875,-0.048828125,1.06201171875,-0.20751953125,0.1953125,-0.23193359375,0.20751953125,-0.244140625,0.3173828125,-0.09765625,0.87890625,-0.09765625,0.06103515625,0,1.3916015625,0.0244140625,-0.93994140625,-0.10986328125,-0.2685546875,-0.08544921875,-0.96435546875,0.10986328125,-0.7568359375,0.06103515625,-1.513671875,-0.25634765625,-0.25634765625,0.1708984375,-0.30517578125,-0.47607421875,-1.25732421875,-0.2685546875,-0.3662109375,-0.1708984375,-0.10986328125,0.01220703125,-0.50048828125,0.1953125,0.37841796875,-0.048828125,-0.68359375,0.06103515625,-1.45263671875,-0.146484375,-1.03759765625,-0.01220703125,0.42724609375,0.23193359375,1.07421875,0.13427734375,0.8056640625,-0.09765625,0.42724609375,0.10986328125,0.439453125,-0.10986328125,0,-0.048828125,0.84228515625,-0.0732421875,-0.439453125,-0.13427734375,-0.5126953125
1,-0.146484375,-0.35400390625,-0.29296875,-0.32958984375,0.341796875,-0.439453125,-0.28076171875,0,0.18310546875,-0.10986328125,-0.03662109375,-0.98876953125,-0.15869140625,0.7568359375,0.52490234375,-0.01220703125,-0.2197265625,3.33251953125,-0.15869140625,3.16162109375,-0.6103515625,5.28564453125,-0.0732421875,2.28271484375,0.146484375,-0.1708984375,-0.01220703125,-0.78125,-0.048828125,0.9521484375,-0.09765625,0.25634765625,0.10986328125,-0.30517578125,0.72021484375,-0.91552734375,0.1708984375,-0.439453125,-0.0244140625,-0.74462890625,0.2685546875,-0.1708984375,0.0732421875,-0.6591796875,-0.0732421875,-0.4150390625,0.146484375,0.54931640625,-0.1708984375,1.220703125,-0.2197265625,0.45166015625,-0.1220703125,-0.13427734375,-0.244140625,0.74462890625,-0.146484375,0.634765625,0.0244140625,0.42724609375,0.7080078125,0.69580078125,0.048828125,0.1220703125,-0.3173828125,0.3173828125,0,1.08642578125,-0.2197265625,0.244140625,-0.18310546875,0.2197265625,-0.2685546875,0.32958984375,-0.0732421875,0.9033203125,-0.08544921875,0.0732421875,0.08544921875,1.40380859375,0.09765625,-0.9521484375,-0.0732421875,-0.2685546875,-0.06103515625,-0.98876953125,0.10986328125,-0.76904296875,0.0244140625,-1.52587890625,-0.244140625,-0.25634765625,0.048828125,-0.3173828125,-0.30517578125,-1.25732421875,-0.244140625,-0.47607421875,-0.08544921875,-0.29296875,0.0244140625,-0.5859375,0.18310546875,0.30517578125,-0.2197265625,-0.69580078125,0.09765625,-1.45263671875,-0.13427734375,-1.06201171875,0.03662109375,0.4150390625,0.23193359375,1.18408203125,0.1220703125,0.9521484375,-0.09765625,0.52490234375,0.13427734375,0.439453125,-0.10986328125,0,-0.048828125,0.84228515625,-0.048828125,-0.439453125,-0.146484375,-0.52490234375
1,-0.06103515625,-0.341796875,-0.2685546875,-0.25634765625,0.37841796875,-0.45166015625,-0.29296875,-0.01220703125,0.18310546875,-0.13427734375,-0.048828125,-1.03759765625,-0.09765625,0.74462890625,0.54931640625,0.1953125,-0.20751953125,2.5634765625,-0.146484375,2.490234375,-0.5859375,4.3701171875,-0.048828125,1.67236328125,0.1220703125,-0.18310546875,-0.03662109375,-0.732421875,-0.03662109375,0.9765625,-0.13427734375,0.23193359375,-0.0244140625,-0.30517578125,0.69580078125,-0.86669921875,0.146484375,-0.47607421875,0,-0.74462890625,0.244140625,-0.15869140625,0.0244140625,-0.64697265625,-0.0732421875,-0.42724609375,0.1708984375,0.57373046875,-0.20751953125,1.25732421875,-0.1953125,0.45166015625,-0.08544921875,-0.18310546875,-0.20751953125,0.74462890625,-0.15869140625,0.64697265625,0.03662109375,0.40283203125,0.74462890625,0.74462890625,-0.0244140625,0.09765625,-0.341796875,0.3173828125,0.06103515625,1.08642578125,-0.2197265625,0.244140625,-0.15869140625,0.2197265625,-0.3173828125,0.32958984375,-0.06103515625,0.86669921875,-0.08544921875,0.06103515625,0.18310546875,1.40380859375,0.13427734375,-0.93994140625,-0.01220703125,-0.28076171875,-0.048828125,-1.0009765625,0.146484375,-0.76904296875,-0.03662109375,-1.52587890625,-0.23193359375,-0.244140625,-0.0732421875,-0.28076171875,-0.08544921875,-1.2451171875,-0.1953125,-0.59814453125,-0.01220703125,-0.48828125,0,-0.64697265625,0.1708984375,0.20751953125,-0.35400390625,-0.7080078125,0.0732421875,-1.4404296875,-0.146484375,-1.06201171875,0.048828125,0.4150390625,0.23193359375,1.33056640625,0.1220703125,1.0498046875,-0.08544921875,0.57373046875,0.1220703125,0.439453125,-0.10986328125,0,-0.0244140625,0.8544921875,-0.048828125,-0.45166015625,-0.13427734375,-0.5126953125
1,-0.01220703125,-0.35400390625,-0.244140625,-0.2197265625,0.3662109375,-0.45166015625,-0.25634765625,0.01220703125,0.18310546875,-0.1220703125,-0.08544921875,-0.96435546875,-0.01220703125,0.76904296875,0.57373046875,0.57373046875,-0.1220703125,1.708984375,-0.146484375,1.77001953125,-0.45166015625,3.40576171875,-0.0732421875,1.0498046875,0.10986328125,-0.18310546875,-0.06103515625,-0.7568359375,-0.0732421875,0.93994140625,-0.23193359375,0.23193359375,-0.10986328125,-0.30517578125,0.67138671875,-0.84228515625,0.08544921875,-0.48828125,0.01220703125,-0.72021484375,0.18310546875,-0.15869140625,-0.03662109375,-0.64697265625,-0.09765625,-0.42724609375,0.15869140625,0.5615234375,-0.20751953125,1.20849609375,-0.13427734375,0.47607421875,0,-0.1708984375,-0.15869140625,0.76904296875,-0.1708984375,0.634765625,0.01220703125,0.40283203125,0.6591796875,0.78125,-0.01220703125,0.146484375,-0.35400390625,0.341796875,0.09765625,1.08642578125,-0.20751953125,0.244140625,-0.146484375,0.1953125,-0.341796875,0.3173828125,-0.048828125,0.91552734375,-0.10986328125,0.06103515625,0.244140625,1.40380859375,0.18310546875,-0.9521484375,0.06103515625,-0.28076171875,-0.048828125,-0.98876953125,0.10986328125,-0.76904296875,-0.09765625,-1.4892578125,-0.18310546875,-0.2197265625,-0.1708984375,-0.28076171875,0.13427734375,-1.23291015625,-0.1708984375,-0.7080078125,0.03662109375,-0.69580078125,-0.0244140625,-0.72021484375,0.09765625,0.1220703125,-0.37841796875,-0.732421875,-0.01220703125,-1.42822265625,-0.1708984375,-1.03759765625,0.0244140625,0.42724609375,0.2685546875,1.416015625,0.13427734375,1.1474609375,-0.0732421875,0.634765625,0.15869140625,0.47607421875,-0.1220703125,0.01220703125,-0.03662109375,0.84228515625,-0.01220703125,-0.439453125,-0.13427734375,-0.5126953125
1,-0.01220703125,-0.3662109375,-0.244140625,-0.20751953125,0.35400390625,-0.45166015625,-0.244140625,0,0.18310546875,0.01220703125,-0.10986328125,-0.84228515625,0.03662109375,0.927734375,0.47607421875,1.11083984375,-0.0732421875,0.9033203125,-0.08544921875,1.06201171875,-0.244140625,2.4658203125,-0.01220703125,0.45166015625,0.09765625,-0.1708984375,-0.1220703125,-0.78125,-0.1220703125,0.9521484375,-0.29296875,0.23193359375,-0.2197265625,-0.30517578125,0.64697265625,-0.81787109375,0,-0.45166015625,0.01220703125,-0.72021484375,0.146484375,-0.146484375,-0.146484375,-0.634765625,-0.15869140625,-0.439453125,0.1708984375,0.57373046875,-0.15869140625,1.18408203125,-0.09765625,0.50048828125,0.03662109375,-0.1708984375,-0.09765625,0.78125,-0.10986328125,0.62255859375,0.01220703125,0.40283203125,0.67138671875,0.79345703125,0.01220703125,0.146484375,-0.32958984375,0.30517578125,0.146484375,1.11083984375,-0.1708984375,0.25634765625,-0.13427734375,0.18310546875,-0.3662109375,0.3173828125,-0.03662109375,0.927734375,-0.08544921875,0.0732421875,0.2685546875,1.3916015625,0.1953125,-0.927734375,0.1708984375,-0.28076171875,-0.048828125,-1.0009765625,0.10986328125,-0.74462890625,-0.146484375,-1.50146484375,-0.15869140625,-0.20751953125,-0.146484375,-0.2685546875,0.28076171875,-1.23291015625,-0.15869140625,-0.81787109375,0.09765625,-0.84228515625,-0.0244140625,-0.76904296875,0.0732421875,0.03662109375,-0.30517578125,-0.732421875,-0.1220703125,-1.42822265625,-0.1953125,-1.06201171875,-0.01220703125,0.4150390625,0.28076171875,1.47705078125,0.10986328125,1.1962890625,-0.08544921875,0.68359375,0.15869140625,0.537109375,-0.13427734375,0.0244140625,0,0.86669921875,-0.048828125,-0.45166015625,-0.15869140625,-0.50048828125
1,0.0244140625,-0.3662109375,-0.23193359375,-0.1953125,0.32958984375,-0.42724609375,-0.18310546875,0.0244140625,0.1953125,0.244140625,-0.10986328125,-0.6103515625,0.08544921875,1.123046875,0.48828125,1.85546875,-0.01220703125,0.1708984375,0,0.40283203125,0,1.66015625,0.03662109375,-0.09765625,0.0732421875,-0.1708984375,-0.1708984375,-0.7568359375,-0.18310546875,0.93994140625,-0.35400390625,0.244140625,-0.48828125,-0.29296875,0.6591796875,-0.78125,-0.08544921875,-0.439453125,0,-0.69580078125,0.048828125,-0.13427734375,-0.2197265625,-0.634765625,-0.18310546875,-0.45166015625,0.1220703125,0.57373046875,-0.048828125,1.18408203125,-0.0732421875,0.52490234375,0.06103515625,-0.15869140625,-0.08544921875,0.78125,-0.03662109375,0.634765625,-0.06103515625,0.42724609375,0.64697265625,0.8056640625,0,0.15869140625,-0.30517578125,0.28076171875,0.18310546875,1.0986328125,-0.15869140625,0.244140625,-0.1220703125,0.1953125,-0.3173828125,0.29296875,-0.03662109375,0.9521484375,-0.08544921875,0.048828125,0.28076171875,1.35498046875,0.2197265625,-0.927734375,0.25634765625,-0.28076171875,-0.10986328125,-0.98876953125,0.1220703125,-0.732421875,-0.1708984375,-1.4892578125,-0.08544921875,-0.23193359375,-0.03662109375,-0.2685546875,0.3173828125,-1.20849609375,-0.10986328125,-0.89111328125,0.1953125,-0.9033203125,-0.048828125,-0.78125,-0.01220703125,0,-0.1708984375,-0.732421875,-0.2685546875,-1.45263671875,-0.244140625,-1.03759765625,-0.0732421875,0.42724609375,0.2685546875,1.4892578125,0.13427734375,1.20849609375,-0.06103515625,0.72021484375,0.1708984375,0.6103515625,-0.13427734375,0.01220703125,-0.03662109375,0.8544921875,-0.03662109375,-0.4638671875,-0.18310546875,-0.48828125
1,0.08544921875,-0.35400390625,-0.2197265625,-0.1953125,0.3173828125,-0.37841796875,-0.18310546875,0.03662109375,0.1953125,0.54931640625,-0.146484375,-0.30517578125,0.10986328125,1.40380859375,0.35400390625,2.8076171875,0.0244140625,-0.47607421875,0.09765625,-0.13427734375,0.1953125,0.9765625,0.10986328125,-0.57373046875,0.0732421875,-0.13427734375,-0.18310546875,-0.76904296875,-0.244140625,0.9521484375,-0.390625,0.23193359375,-0.67138671875,-0.30517578125,0.7080078125,-0.78125,-0.13427734375,-0.40283203125,-0.03662109375,-0.68359375,-0.0732421875,-0.146484375,-0.2685546875,-0.634765625,-0.244140625,-0.4638671875,0.09765625,0.5859375,0.01220703125,1.1474609375,0,0.537109375,0.048828125,-0.13427734375,-0.048828125,0.78125,0,0.634765625,-0.1708984375,0.42724609375,0.59814453125,0.78125,-0.0244140625,0.15869140625,-0.30517578125,0.25634765625,0.1708984375,1.11083984375,-0.09765625,0.23193359375,-0.15869140625,0.2197265625,-0.25634765625,0.29296875,-0.0244140625,0.9765625,-0.08544921875,0.06103515625,0.29296875,1.37939453125,0.23193359375,-0.927734375,0.29296875,-0.2685546875,-0.1220703125,-0.98876953125,0.10986328125,-0.72021484375,-0.146484375,-1.4892578125,-0.048828125,-0.20751953125,0.146484375,-0.28076171875,0.23193359375,-1.1962890625,-0.03662109375,-0.91552734375,0.13427734375,-0.89111328125,-0.08544921875,-0.76904296875,-0.10986328125,-0.03662109375,0.048828125,-0.732421875,-0.3662109375,-1.45263671875,-0.25634765625,-1.03759765625,-0.1220703125,0.42724609375,0.30517578125,1.4892578125,0.10986328125,1.1962890625,-0.0732421875,0.72021484375,0.18310546875,0.634765625,-0.1220703125,0,-0.048828125,0.86669921875,-0.03662109375,-0.47607421875,-0.1708984375,-0.5126953125
1,0.13427734375,-0.341796875,-0.23193359375,-0.20751953125,0.3173828125,-0.3662109375,-0.146484375,0.03662109375,0.1708984375,0.9033203125,-0.1708984375,0.0244140625,0.13427734375,1.72119140625,0.2685546875,3.90625,0.0244140625,-0.96435546875,0.2197265625,-0.54931640625,0.3173828125,0.439453125,0.18310546875,-0.9521484375,0.048828125,-0.13427734375,-0.2197265625,-0.7568359375,-0.28076171875,0.9521484375,-0.35400390625,0.244140625,-0.69580078125,-0.29296875,0.6103515625,-0.79345703125,-0.1953125,-0.35400390625,-0.09765625,-0.69580078125,-0.15869140625,-0.146484375,-0.25634765625,-0.62255859375,-0.28076171875,-0.4638671875,0.03662109375,0.6103515625,0.08544921875,1.1474609375,0.09765625,0.5126953125,0.048828125,-0.1708984375,-0.06103515625,0.76904296875,-0.0244140625,0.64697265625,-0.2685546875,0.42724609375,0.57373046875,0.76904296875,0,0.1708984375,-0.25634765625,0.20751953125,0.1953125,1.08642578125,-0.06103515625,0.23193359375,-0.18310546875,0.2197265625,-0.1953125,0.2685546875,0,0.96435546875,-0.10986328125,0.048828125,0.30517578125,1.3671875,0.28076171875,-0.927734375,0.30517578125,-0.25634765625,-0.1708984375,-0.9765625,0.10986328125,-0.732421875,-0.1220703125,-1.47705078125,-0.048828125,-0.20751953125,0.32958984375,-0.28076171875,0.0732421875,-1.18408203125,0.03662109375,-0.89111328125,0.08544921875,-0.81787109375,-0.048828125,-0.74462890625,-0.15869140625,-0.01220703125,0.23193359375,-0.732421875,-0.42724609375,-1.4404296875,-0.2685546875,-1.0498046875,-0.1708984375,0.42724609375,0.2685546875,1.45263671875,0.09765625,1.13525390625,-0.06103515625,0.732421875,0.15869140625,0.68359375,-0.10986328125,-0.01220703125,-0.048828125,0.830078125,-0.03662109375,-0.47607421875,-0.146484375,-0.50048828125
0,0.1708984375,-0.3662109375,-0.2197265625,-0.2197265625,0.3173828125,-0.35400390625,-0.1220703125,0.06103515625,0.15869140625,1.2939453125,-0.2197265625,0.37841796875,0.15869140625,2.05078125,0.341796875,5.078125,0.0244140625,-1.28173828125,0.3173828125,-0.81787109375,0.3662109375,0.09765625,0.25634765625,-1.18408203125,0.0244140625,-0.146484375,-0.23193359375,-0.76904296875,-0.29296875,0.9521484375,-0.30517578125,0.23193359375,-0.81787109375,-0.29296875,0.5615234375,-0.830078125,-0.15869140625,-0.32958984375,-0.15869140625,-0.69580078125,-0.23193359375,-0.1220703125,-0.244140625,-0.634765625,-0.29296875,-0.4638671875,0.01220703125,0.6103515625,0.15869140625,1.15966796875,0.18310546875,0.537109375,0.03662109375,-0.15869140625,-0.09765625,0.76904296875,-0.0244140625,0.64697265625,-0.341796875,0.45166015625,0.45166015625,0.69580078125,-0.03662109375,0.1708984375,-0.1220703125,0.18310546875,0.20751953125,1.07421875,-0.01220703125,0.23193359375,-0.1953125,0.2197265625,-0.13427734375,0.28076171875,0.03662109375,0.9521484375,-0.10986328125,0.0244140625,0.2685546875,1.3671875,0.30517578125,-0.9033203125,0.29296875,-0.28076171875,-0.1708984375,-0.9521484375,0.09765625,-0.7080078125,-0.01220703125,-1.47705078125,-0.048828125,-0.1953125,0.52490234375,-0.28076171875,-0.03662109375,-1.171875,0.08544921875,-0.830078125,-0.0244140625,-0.68359375,-0.09765625,-0.69580078125,-0.25634765625,0.01220703125,0.32958984375,-0.72021484375,-0.3662109375,-1.45263671875,-0.25634765625,-1.03759765625,-0.20751953125,0.42724609375,0.30517578125,1.40380859375,0.09765625,1.07421875,-0.0732421875,0.67138671875,0.244140625,0.67138671875,-0.09765625,-0.01220703125,-0.048828125,0.830078125,-0.048828125,-0.47607421875,-0.1220703125,-0.50048828125
0,0.2197265625,-0.35400390625,-0.1708984375,-0.20751953125,0.2685546875,-0.35400390625,-0.09765625,0.0732421875,0.1953125,1.6357421875,-0.23193359375,0.67138671875,0.1708984375,2.3681640625,0.390625,6.23779296875,0.0244140625,-1.47705078125,0.37841796875,-0.98876953125,0.341796875,-0.08544921875,0.3662109375,-1.318359375,0.03662109375,-0.146484375,-0.23193359375,-0.79345703125,-0.23193359375,0.96435546875,-0.2197265625,0.23193359375,-0.732421875,-0.25634765625,0.4150390625,-0.8544921875,-0.09765625,-0.3173828125,-0.2197265625,-0.68359375,-0.2685546875,-0.15869140625,-0.1708984375,-0.634765625,-0.3173828125,-0.42724609375,-0.01220703125,0.6103515625,0.1708984375,1.171875,0.1708984375,0.50048828125,0.01220703125,-0.146484375,-0.15869140625,0.74462890625,-0.048828125,0.6591796875,-0.35400390625,0.45166015625,0.40283203125,0.62255859375,-0.0244140625,0.146484375,0.01220703125,0.20751953125,0.23193359375,1.08642578125,0,0.2197265625,-0.15869140625,0.23193359375,-0.09765625,0.28076171875,0.08544921875,0.96435546875,-0.10986328125,0.03662109375,0.20751953125,1.3671875,0.29296875,-0.9033203125,0.23193359375,-0.25634765625,-0.1708984375,-0.9521484375,0.06103515625,-0.7080078125,0.048828125,-1.47705078125,-0.09765625,-0.20751953125,0.64697265625,-0.29296875,-0.146484375,-1.171875,0.1220703125,-0.76904296875,-0.048828125,-0.59814453125,-0.13427734375,-0.6591796875,-0.2685546875,0.03662109375,0.341796875,-0.72021484375,-0.1953125,-1.4404296875,-0.28076171875,-1.0498046875,-0.23193359375,0.4150390625,0.28076171875,1.318359375,0.09765625,1.01318359375,-0.06103515625,0.62255859375,0.28076171875,0.62255859375,-0.1220703125,0,-0.06103515625,0.81787109375,-0.06103515625,-0.50048828125,-0.06103515625,-0.47607421875
0,0.23193359375,-0.341796875,-0.1953125,-0.18310546875,0.244140625,-0.3662109375,-0.08544921875,0.06103515625,0.18310546875,1.9287109375,-0.20751953125,0.927734375,0.18310546875,2.62451171875,0.42724609375,7.2509765625,0.03662109375,-1.52587890625,0.3662109375,-1.03759765625,0.25634765625,-0.10986328125,0.42724609375,-1.35498046875,0.01220703125,-0.146484375,-0.2197265625,-0.78125,-0.13427734375,0.96435546875,-0.146484375,0.244140625,-0.5126953125,-0.244140625,0.30517578125,-0.86669921875,0.0244140625,-0.32958984375,-0.29296875,-0.7080078125,-0.244140625,-0.15869140625,-0.09765625,-0.634765625,-0.3173828125,-0.42724609375,-0.03662109375,0.59814453125,0.20751953125,1.18408203125,0.146484375,0.47607421875,0,-0.15869140625,-0.18310546875,0.74462890625,-0.09765625,0.634765625,-0.37841796875,0.47607421875,0.35400390625,0.57373046875,-0.0244140625,0.1220703125,0.18310546875,0.2197265625,0.2197265625,1.07421875,0,0.2197265625,-0.13427734375,0.25634765625,-0.048828125,0.29296875,0.1220703125,0.89111328125,-0.09765625,0.0244140625,0.146484375,1.37939453125,0.244140625,-0.9033203125,0.13427734375,-0.2685546875,-0.20751953125,-0.93994140625,0.0244140625,-0.69580078125,0.146484375,-1.4892578125,-0.13427734375,-0.2197265625,0.634765625,-0.25634765625,-0.18310546875,-1.171875,0.09765625,-0.732421875,0.01220703125,-0.537109375,-0.1220703125,-0.64697265625,-0.2197265625,0.048828125,0.23193359375,-0.7080078125,-0.0244140625,-1.4404296875,-0.29296875,-1.0498046875,-0.20751953125,0.42724609375,0.25634765625,1.25732421875,0.06103515625,0.98876953125,-0.0732421875,0.57373046875,0.20751953125,0.5615234375,-0.1220703125,0.01220703125,-0.048828125,0.830078125,-0.0732421875,-0.48828125,-0.03662109375,-0.47607421875
0,0.2685546875,-0.35400390625,-0.1953125,-0.13427734375,0.2197265625,-0.390625,-0.08544921875,0.0732421875,0.18310546875,2.13623046875,-0.244140625,1.07421875,0.1708984375,2.79541015625,0.30517578125,8.11767578125,0.048828125,-1.46484375,0.3173828125,-0.96435546875,0.13427734375,-0.0244140625,0.45166015625,-1.318359375,0.0244140625,-0.13427734375,-0.15869140625,-0.78125,0.01220703125,0.96435546875,-0.06103515625,0.2685546875,-0.37841796875,-0.244140625,0.2685546875,-0.89111328125,0.10986328125,-0.35400390625,-0.32958984375,-0.7080078125,-0.15869140625,-0.15869140625,-0.0244140625,-0.6591796875,-0.28076171875,-0.4150390625,0.01220703125,0.59814453125,0.18310546875,1.1962890625,0.1220703125,0.45166015625,-0.03662109375,-0.10986328125,-0.13427734375,0.7568359375,-0.10986328125,0.64697265625,-0.2685546875,0.47607421875,0.29296875,0.48828125,0.048828125,0.09765625,0.25634765625,0.244140625,0.20751953125,1.07421875,0,0.2197265625,-0.10986328125,0.28076171875,-0.03662109375,0.30517578125,0.1220703125,0.86669921875,-0.09765625,0.0244140625,0.1220703125,1.37939453125,0.2197265625,-0.9033203125,0.06103515625,-0.2685546875,-0.18310546875,-0.93994140625,0,-0.72021484375,0.1953125,-1.4892578125,-0.13427734375,-0.23193359375,0.52490234375,-0.25634765625,-0.13427734375,-1.1962890625,-0.03662109375,-0.69580078125,0.01220703125,-0.50048828125,-0.146484375,-0.64697265625,-0.23193359375,0.048828125,0.10986328125,-0.7080078125,0.15869140625,-1.4404296875,-0.3173828125,-1.0498046875,-0.146484375,0.45166015625,0.3173828125,1.20849609375,0.10986328125,0.93994140625,-0.03662109375,0.5126953125,0.2197265625,0.47607421875,-0.1220703125,0,-0.048828125,0.84228515625,-0.048828125,-0.50048828125,-0.03662109375,-0.47607421875
0,0.29296875,-0.341796875,-0.1953125,-0.09765625,0.244140625,-0.40283203125,-0.0732421875,0.0732421875,0.20751953125,2.24609375,-0.20751953125,1.15966796875,0.1708984375,2.86865234375,0.341796875,8.642578125,0.048828125,-1.33056640625,0.146484375,-0.8544921875,-0.0244140625,0.13427734375,0.35400390625,-1.23291015625,0.03662109375,-0.15869140625,-0.13427734375,-0.78125,0.13427734375,0.9521484375,-0.01220703125,0.28076171875,-0.06103515625,-0.23193359375,0.2197265625,-0.89111328125,0.15869140625,-0.390625,-0.35400390625,-0.7080078125,-0.08544921875,-0.1708984375,0.0244140625,-0.64697265625,-0.23193359375,-0.40283203125,0.06103515625,0.57373046875,0.15869140625,1.220703125,0.08544921875,0.4638671875,-0.06103515625,-0.13427734375,-0.1220703125,0.7568359375,-0.13427734375,0.64697265625,-0.2197265625,0.48828125,0.1708984375,0.4638671875,0.15869140625,0.10986328125,0.25634765625,0.2685546875,0.2197265625,1.06201171875,0.0244140625,0.2197265625,-0.06103515625,0.25634765625,0.0244140625,0.3173828125,0.13427734375,0.86669921875,-0.08544921875,0.0244140625,0.0732421875,1.37939453125,0.1708984375,-0.9033203125,0,-0.29296875,-0.15869140625,-0.96435546875,-0.01220703125,-0.72021484375,0.20751953125,-1.47705078125,-0.146484375,-0.23193359375,0.3662109375,-0.23193359375,-0.1220703125,-1.1962890625,-0.146484375,-0.7080078125,0.048828125,-0.52490234375,-0.0732421875,-0.67138671875,-0.15869140625,0.048828125,0.03662109375,-0.7080078125,0.25634765625,-1.42822265625,-0.30517578125,-1.03759765625,-0.0732421875,0.439453125,0.244140625,1.171875,0.01220703125,0.9033203125,-0.08544921875,0.47607421875,0.146484375,0.35400390625,-0.1220703125,0,-0.03662109375,0.8544921875,-0.03662109375,-0.50048828125,-0.03662109375,-0.4638671875
0,0.390625,-0.341796875,-0.20751953125,-0.0732421875,0.23193359375,-0.42724609375,-0.06103515625,0.03662109375,0.2197265625,2.2216796875,-0.23193359375,1.123046875,0.13427734375,2.8564453125,0.4150390625,8.8134765625,0.08544921875,-1.18408203125,0.0244140625,-0.72021484375,-0.0244140625,0.3173828125,0.29296875,-1.123046875,0.048828125,-0.15869140625,-0.09765625,-0.79345703125,0.244140625,0.96435546875,0,0.28076171875,0.03662109375,-0.2197265625,0.28076171875,-0.87890625,0.20751953125,-0.42724609375,-0.32958984375,-0.72021484375,0.0244140625,-0.1708984375,0.03662109375,-0.64697265625,-0.1708984375,-0.40283203125,0.1220703125,0.5615234375,0.1220703125,1.20849609375,0.048828125,0.4638671875,-0.09765625,-0.146484375,-0.08544921875,0.7568359375,-0.1708984375,0.64697265625,-0.06103515625,0.4638671875,0.01220703125,0.42724609375,0.23193359375,0.1220703125,0.29296875,0.29296875,0.18310546875,1.07421875,0.01220703125,0.23193359375,-0.0244140625,0.25634765625,0.0732421875,0.29296875,0.18310546875,0.830078125,-0.09765625,0.0244140625,0.06103515625,1.37939453125,0.10986328125,-0.9033203125,-0.03662109375,-0.30517578125,-0.1220703125,-0.9765625,0.03662109375,-0.732421875,0.2197265625,-1.513671875,-0.13427734375,-0.25634765625,0.20751953125,-0.23193359375,-0.03662109375,-1.1962890625,-0.30517578125,-0.732421875,0.03662109375,-0.57373046875,-0.01220703125,-0.7080078125,-0.09765625,0,0,-0.72021484375,0.23193359375,-1.42822265625,-0.25634765625,-1.06201171875,-0.01220703125,0.45166015625,0.1953125,1.11083984375,-0.01220703125,0.87890625,-0.09765625,0.439453125,0.048828125,0.25634765625,-0.1220703125,0.01220703125,-0.048828125,0.86669921875,0.01220703125,-0.48828125,-0.0732421875,-0.4638671875
0,0.390625,-0.341796875,-0.1708984375,-0.01220703125,0.20751953125,-0.42724609375,-0.048828125,0.03662109375,0.20751953125,2.1484375,-0.2197265625,1.01318359375,0.10986328125,2.77099609375,0.4638671875,8.6669921875,0.09765625,-1.06201171875,-0.08544921875,-0.59814453125,-0.0244140625,0.50048828125,0.146484375,-1.01318359375,0.08544921875,-0.1708984375,-0.048828125,-0.78125,0.341796875,0.96435546875,-0.01220703125,0.2685546875,0,-0.18310546875,0.341796875,-0.8544921875,0.2197265625,-0.4638671875,-0.2685546875,-0.732421875,0.10986328125,-0.18310546875,0.08544921875,-0.64697265625,-0.10986328125,-0.40283203125,0.1708984375,0.537109375,-0.0244140625,1.1962890625,0.01220703125,0.47607421875,-0.10986328125,-0.146484375,-0.048828125,0.76904296875,-0.1708984375,0.64697265625,0.03662109375,0.439453125,-0.048828125,0.4150390625,0.29296875,0.13427734375,0.35400390625,0.25634765625,0.15869140625,1.07421875,0.01220703125,0.2197265625,0.03662109375,0.23193359375,0.09765625,0.2685546875,0.18310546875,0.86669921875,-0.09765625,0.0244140625,0.06103515625,1.3671875,0.09765625,-0.9033203125,-0.03662109375,-0.3173828125,-0.03662109375,-0.9521484375,0.09765625,-0.74462890625,0.18310546875,-1.4892578125,-0.13427734375,-0.25634765625,0.06103515625,-0.244140625,-0.03662109375,-1.23291015625,-0.37841796875,-0.76904296875,-0.0244140625,-0.6591796875,0.01220703125,-0.72021484375,-0.06103515625,-0.03662109375,0.048828125,-0.72021484375,0.18310546875,-1.42822265625,-0.2197265625,-1.0498046875,0.06103515625,0.439453125,0.2685546875,1.0498046875,0.048828125,0.830078125,-0.03662109375,0.390625,0.1953125,0.20751953125,-0.146484375,0.048828125,-0.03662109375,0.8544921875,0.03662109375,-0.4638671875,-0.08544921875,-0.47607421875
0,0.439453125,-0.35400390625,-0.146484375,0.01220703125,0.15869140625,-0.4150390625,-0.03662109375,0.01220703125,0.244140625,1.9775390625,-0.23193359375,0.84228515625,0.09765625,2.62451171875,0.50048828125,8.2275390625,0.06103515625,-0.9521484375,-0.1953125,-0.48828125,-0.01220703125,0.6103515625,-0.06103515625,-0.93994140625,0.10986328125,-0.1953125,-0.0244140625,-0.79345703125,0.40283203125,0.9521484375,0.0244140625,0.2685546875,-0.048828125,-0.13427734375,0.4150390625,-0.830078125,0.18310546875,-0.47607421875,-0.2197265625,-0.7080078125,0.20751953125,-0.146484375,0.06103515625,-0.634765625,-0.0244140625,-0.42724609375,0.2197265625,0.54931640625,-0.1220703125,1.18408203125,-0.01220703125,0.48828125,-0.1220703125,-0.15869140625,-0.0732421875,0.76904296875,-0.20751953125,0.6591796875,0.18310546875,0.45166015625,-0.244140625,0.439453125,0.3173828125,0.15869140625,0.40283203125,0.29296875,0.146484375,1.07421875,-0.01220703125,0.2197265625,0.0732421875,0.2197265625,0.15869140625,0.25634765625,0.1708984375,0.9033203125,-0.146484375,0.048828125,0.0732421875,1.3671875,0.08544921875,-0.9033203125,0.0244140625,-0.30517578125,0.01220703125,-0.96435546875,0.146484375,-0.74462890625,0.13427734375,-1.47705078125,-0.15869140625,-0.28076171875,-0.03662109375,-0.23193359375,-0.08544921875,-1.23291015625,-0.45166015625,-0.81787109375,-0.10986328125,-0.732421875,-0.01220703125,-0.74462890625,-0.03662109375,-0.048828125,0.146484375,-0.7568359375,0.048828125,-1.42822265625,-0.1708984375,-1.0498046875,0.10986328125,0.439453125,0.2197265625,0.98876953125,0.0244140625,0.7568359375,-0.06103515625,0.32958984375,0.146484375,0.1708984375,-0.146484375,0.0244140625,-0.03662109375,0.87890625,0.03662109375,-0.4638671875,-0.08544921875,-0.4638671875
0,0.4150390625,-0.37841796875,-0.10986328125,0.01220703125,0.146484375,-0.4150390625,-0.048828125,0,0.25634765625,1.7578125,-0.25634765625,0.64697265625,0.06103515625,2.45361328125,0.42724609375,7.51953125,0,-0.91552734375,-0.23193359375,-0.42724609375,0,0.67138671875,-0.29296875,-0.86669921875,0.15869140625,-0.1953125,0.01220703125,-0.76904296875,0.35400390625,0.9521484375,0.06103515625,0.2685546875,-0.13427734375,-0.08544921875,0.47607421875,-0.81787109375,0.146484375,-0.439453125,-0.10986328125,-0.7080078125,0.25634765625,-0.15869140625,0.0244140625,-0.634765625,0.03662109375,-0.42724609375,0.2685546875,0.57373046875,-0.1953125,1.1474609375,-0.0244140625,0.50048828125,-0.06103515625,-0.18310546875,-0.10986328125,0.79345703125,-0.146484375,0.634765625,0.2685546875,0.4150390625,-0.23193359375,0.45166015625,0.29296875,0.15869140625,0.48828125,0.2685546875,0.09765625,1.08642578125,-0.01220703125,0.2197265625,0.06103515625,0.20751953125,0.1953125,0.2685546875,0.09765625,0.87890625,-0.13427734375,0.048828125,0.10986328125,1.3671875,0.048828125,-0.91552734375,0.08544921875,-0.32958984375,0.10986328125,-0.96435546875,0.2197265625,-0.7568359375,0.10986328125,-1.47705078125,-0.2197265625,-0.2685546875,-0.03662109375,-0.244140625,-0.146484375,-1.25732421875,-0.40283203125,-0.8544921875,-0.2197265625,-0.7080078125,-0.03662109375,-0.74462890625,-0.06103515625,-0.048828125,0.20751953125,-0.76904296875,-0.08544921875,-1.42822265625,-0.15869140625,-1.025390625,0.13427734375,0.42724609375,0.244140625,0.9033203125,0.0244140625,0.62255859375,-0.08544921875,0.28076171875,0.1220703125,0.1708984375,-0.15869140625,0.06103515625,-0.0244140625,0.89111328125,0.048828125,-0.45166015625,-0.08544921875,-0.47607421875
0,0.4638671875,-0.37841796875,-0.15869140625,0.03662109375,0.15869140625,-0.390625,-0.01220703125,0.01220703125,0.2685546875,1.5625,-0.25634765625,0.47607421875,0.01220703125,2.24609375,0.4150390625,6.73828125,-0.06103515625,-0.89111328125,-0.23193359375,-0.4150390625,-0.048828125,0.6591796875,-0.42724609375,-0.86669921875,0.15869140625,-0.18310546875,0.01220703125,-0.7568359375,0.25634765625,0.93994140625,0.10986328125,0.244140625,-0.244140625,-0.048828125,0.52490234375,-0.8056640625,0.0732421875,-0.45166015625,-0.0244140625,-0.72021484375,0.28076171875,-0.1220703125,0.01220703125,-0.64697265625,0.08544921875,-0.439453125,0.30517578125,0.57373046875,-0.244140625,1.13525390625,-0.0244140625,0.52490234375,-0.03662109375,-0.1708984375,-0.1708984375,0.78125,0.0244140625,0.634765625,0.244140625,0.42724609375,-0.28076171875,0.50048828125,0.244140625,0.15869140625,0.4638671875,0.25634765625,0.06103515625,1.07421875,-0.0244140625,0.2197265625,0.0732421875,0.1953125,0.15869140625,0.25634765625,0.0244140625,0.927734375,-0.146484375,0.03662109375,0.10986328125,1.35498046875,0.048828125,-0.91552734375,0.146484375,-0.341796875,0.13427734375,-0.9765625,0.244140625,-0.7568359375,0.06103515625,-1.4892578125,-0.2685546875,-0.2685546875,0.03662109375,-0.25634765625,-0.244140625,-1.26953125,-0.3662109375,-0.84228515625,-0.28076171875,-0.6591796875,-0.0244140625,-0.7080078125,-0.0244140625,0.01220703125,0.28076171875,-0.7568359375,-0.244140625,-1.42822265625,-0.146484375,-1.025390625,0.1708984375,0.42724609375,0.25634765625,0.8056640625,0.03662109375,0.48828125,-0.06103515625,0.23193359375,0.18310546875,0.1953125,-0.146484375,0.048828125,-0.0244140625,0.9033203125,0.03662109375,-0.4150390625,-0.08544921875,-0.47607421875
0,0.52490234375,-0.40283203125,-0.13427734375,0,0.146484375,-0.3662109375,0,0.0244140625,0.2685546875,1.37939453125,-0.30517578125,0.30517578125,0,2.0751953125,0.390625,5.92041015625,-0.146484375,-0.9033203125,-0.1708984375,-0.4150390625,-0.10986328125,0.6103515625,-0.48828125,-0.86669921875,0.1220703125,-0.13427734375,0.0244140625,-0.7568359375,0.15869140625,0.91552734375,0.10986328125,0.25634765625,-0.37841796875,0.0244140625,0.50048828125,-0.81787109375,0.0244140625,-0.439453125,0.03662109375,-0.69580078125,0.29296875,-0.13427734375,0.01220703125,-0.62255859375,0.10986328125,-0.439453125,0.29296875,0.5859375,-0.2197265625,1.15966796875,0.01220703125,0.52490234375,-0.01220703125,-0.1708984375,-0.2197265625,0.7568359375,0.03662109375,0.634765625,0.23193359375,0.42724609375,-0.25634765625,0.52490234375,0.10986328125,0.1708984375,0.48828125,0.23193359375,-0.03662109375,1.07421875,-0.048828125,0.2197265625,0.048828125,0.1953125,0.15869140625,0.2685546875,-0.01220703125,0.927734375,-0.10986328125,0.048828125,0.10986328125,1.35498046875,0.08544921875,-0.91552734375,0.2197265625,-0.35400390625,0.10986328125,-0.96435546875,0.25634765625,-0.7568359375,0.03662109375,-1.47705078125,-0.28076171875,-0.2685546875,0.1953125,-0.25634765625,-0.32958984375,-1.26953125,-0.341796875,-0.830078125,-0.32958984375,-0.537109375,-0.03662109375,-0.67138671875,-0.06103515625,0.0732421875,0.244140625,-0.74462890625,-0.32958984375,-1.42822265625,-0.13427734375,-1.03759765625,0.20751953125,0.42724609375,0.23193359375,0.72021484375,0.01220703125,0.3662109375,-0.0732421875,0.1708984375,0.146484375,0.2197265625,-0.13427734375,0.048828125,-0.0244140625,0.91552734375,-0.01220703125,-0.439453125,-0.0732421875,-0.47607421875
0,0.57373046875,-0.390625,-0.1220703125,-0.01220703125,0.15869140625,-0.3662109375,0.0244140625,0.06103515625,0.244140625,1.20849609375,-0.341796875,0.18310546875,-0.01220703125,1.9287109375,0.35400390625,5.2001953125,-0.1953125,-0.9521484375,-0.048828125,-0.4638671875,-0.1708984375,0.52490234375,-0.35400390625,-0.89111328125,0.10986328125,-0.146484375,0.03662109375,-0.74462890625,0.048828125,0.9033203125,0.1220703125,0.23193359375,-0.37841796875,0.09765625,0.42724609375,-0.8056640625,-0.048828125,-0.42724609375,0.048828125,-0.68359375,0.244140625,-0.10986328125,0.01220703125,-0.64697265625,0.13427734375,-0.42724609375,0.30517578125,0.59814453125,-0.146484375,1.1474609375,0.0244140625,0.5126953125,-0.01220703125,-0.1708984375,-0.20751953125,0.76904296875,0.10986328125,0.634765625,0.1220703125,0.42724609375,-0.09765625,0.537109375,0.0244140625,0.1708984375,0.45166015625,0.2197265625,-0.146484375,1.0986328125,-0.0732421875,0.244140625,0.0244140625,0.20751953125,0.10986328125,0.28076171875,-0.048828125,0.927734375,-0.08544921875,0.048828125,0.09765625,1.33056640625,0.1220703125,-0.91552734375,0.25634765625,-0.32958984375,0.0732421875,-0.93994140625,0.2197265625,-0.74462890625,0.03662109375,-1.45263671875,-0.30517578125,-0.25634765625,0.32958984375,-0.29296875,-0.341796875,-1.2451171875,-0.2685546875,-0.7568359375,-0.32958984375,-0.439453125,-0.08544921875,-0.6591796875,-0.09765625,0.1708984375,0.1708984375,-0.74462890625,-0.341796875,-1.45263671875,-0.146484375,-1.025390625,0.20751953125,0.40283203125,0.23193359375,0.6591796875,0,0.244140625,-0.0732421875,0.1220703125,0.146484375,0.3173828125,-0.146484375,0.06103515625,-0.03662109375,0.927734375,-0.01220703125,-0.4638671875,-0.0732421875,-0.45166015625
0,0.54931640625,-0.37841796875,-0.06103515625,-0.06103515625,0.1708984375,-0.3662109375,0.03662109375,0.06103515625,0.18310546875,1.08642578125,-0.3662109375,0.08544921875,-0.048828125,1.8310546875,0.29296875,4.62646484375,-0.29296875,-0.98876953125,0.0244140625,-0.48828125,-0.23193359375,0.4150390625,-0.1708984375,-0.93994140625,0.06103515625,-0.1220703125,0.03662109375,-0.74462890625,-0.0732421875,0.93994140625,0.0732421875,0.244140625,-0.390625,0.146484375,0.2685546875,-0.8544921875,-0.1220703125,-0.4150390625,0.048828125,-0.69580078125,0.13427734375,-0.13427734375,0.03662109375,-0.6591796875,0.08544921875,-0.4150390625,0.28076171875,0.6103515625,-0.0732421875,1.171875,0.0732421875,0.50048828125,-0.06103515625,-0.1708984375,-0.1708984375,0.74462890625,0.0732421875,0.6591796875,0.09765625,0.45166015625,-0.01220703125,0.5615234375,-0.03662109375,0.15869140625,0.390625,0.2197265625,-0.18310546875,1.07421875,-0.06103515625,0.23193359375,0,0.20751953125,0.03662109375,0.29296875,-0.08544921875,0.93994140625,-0.048828125,0.06103515625,0.0732421875,1.33056640625,0.1953125,-0.927734375,0.244140625,-0.30517578125,0,-0.93994140625,0.244140625,-0.732421875,0.048828125,-1.4404296875,-0.35400390625,-0.244140625,0.4638671875,-0.29296875,-0.32958984375,-1.2451171875,-0.20751953125,-0.69580078125,-0.18310546875,-0.3173828125,-0.09765625,-0.634765625,-0.09765625,0.244140625,0.03662109375,-0.72021484375,-0.244140625,-1.45263671875,-0.18310546875,-1.0498046875,0.20751953125,0.4150390625,0.15869140625,0.64697265625,-0.0244140625,0.2197265625,-0.1220703125,0.10986328125,0.06103515625,0.37841796875,-0.1708984375,0.06103515625,-0.0244140625,0.91552734375,-0.0244140625,-0.45166015625,-0.09765625,-0.45166015625
0,0.57373046875,-0.3662109375,-0.06103515625,-0.13427734375,0.146484375,-0.341796875,0.03662109375,0.06103515625,0.15869140625,1.06201171875,-0.37841796875,0.03662109375,-0.048828125,1.7822265625,0.3173828125,4.2724609375,-0.30517578125,-1.01318359375,0.08544921875,-0.537109375,-0.2685546875,0.341796875,0.08544921875,-0.96435546875,-0.0244140625,-0.1220703125,-0.01220703125,-0.7568359375,-0.10986328125,0.9521484375,0,0.244140625,-0.3173828125,0.146484375,0.10986328125,-0.86669921875,-0.146484375,-0.42724609375,-0.01220703125,-0.69580078125,-0.01220703125,-0.15869140625,0,-0.634765625,-0.01220703125,-0.4150390625,0.18310546875,0.59814453125,0.0244140625,1.1962890625,0.03662109375,0.48828125,-0.10986328125,-0.146484375,-0.1953125,0.74462890625,0.0244140625,0.6591796875,0.0732421875,0.45166015625,0.048828125,0.57373046875,-0.08544921875,0.146484375,0.3173828125,0.23193359375,-0.20751953125,1.06201171875,-0.08544921875,0.25634765625,-0.03662109375,0.23193359375,-0.0244140625,0.29296875,-0.10986328125,0.87890625,0.0244140625,0.06103515625,0.03662109375,1.3671875,0.23193359375,-0.927734375,0.2197265625,-0.30517578125,-0.03662109375,-0.93994140625,0.20751953125,-0.74462890625,0.0732421875,-1.40380859375,-0.341796875,-0.2197265625,0.50048828125,-0.29296875,-0.25634765625,-1.220703125,-0.1708984375,-0.64697265625,-0.18310546875,-0.25634765625,-0.13427734375,-0.62255859375,-0.10986328125,0.2685546875,-0.10986328125,-0.72021484375,-0.09765625,-1.46484375,-0.2197265625,-1.0498046875,0.1708984375,0.40283203125,0.20751953125,0.7080078125,0.03662109375,0.244140625,-0.0732421875,0.146484375,0.15869140625,0.50048828125,-0.18310546875,0.06103515625,-0.01220703125,0.91552734375,-0.0244140625,-0.45166015625,-0.10986328125,-0.4638671875
1,0.5126953125,-0.3662109375,-0.06103515625,-0.1953125,0.1220703125,-0.35400390625,0.03662109375,0.0732421875,0.1220703125,1.0498046875,-0.390625,0.06103515625,-0.09765625,1.79443359375,0.2197265625,4.16259765625,-0.20751953125,-1.025390625,0.1708984375,-0.54931640625,-0.244140625,0.29296875,0.37841796875,-0.98876953125,-0.0732421875,-0.1220703125,-0.06103515625,-0.74462890625,-0.1220703125,0.96435546875,-0.1220703125,0.2197265625,-0.30517578125,0.10986328125,-0.048828125,-0.87890625,-0.13427734375,-0.42724609375,-0.08544921875,-0.7080078125,-0.20751953125,-0.18310546875,0,-0.634765625,-0.0732421875,-0.42724609375,0.10986328125,0.5859375,0.09765625,1.1962890625,0.03662109375,0.48828125,-0.13427734375,-0.10986328125,-0.20751953125,0.732421875,0.08544921875,0.6591796875,0.10986328125,0.4638671875,0.13427734375,0.54931640625,-0.0732421875,0.13427734375,0.25634765625,0.20751953125,-0.2685546875,1.03759765625,-0.10986328125,0.25634765625,-0.09765625,0.23193359375,-0.10986328125,0.29296875,-0.13427734375,0.86669921875,0.09765625,0.0732421875,0,1.3671875,0.25634765625,-0.93994140625,0.2197265625,-0.30517578125,-0.0732421875,-0.927734375,0.146484375,-0.72021484375,0.0732421875,-1.42822265625,-0.2685546875,-0.2197265625,0.47607421875,-0.3173828125,-0.13427734375,-1.23291015625,-0.13427734375,-0.6591796875,-0.048828125,-0.244140625,-0.18310546875,-0.62255859375,-0.15869140625,0.28076171875,-0.20751953125,-0.7080078125,0.048828125,-1.45263671875,-0.28076171875,-1.0498046875,0.1220703125,0.42724609375,0.20751953125,0.8056640625,0.0244140625,0.3662109375,-0.048828125,0.2197265625,0.29296875,0.6103515625,-0.1953125,0.048828125,-0.048828125,0.86669921875,-0.03662109375,-0.45166015625,-0.10986328125,-0.4638671875
1,0.52490234375,-0.3662109375,-0.048828125,-0.244140625,0.08544921875,-0.35400390625,0.03662109375,0.0732421875,0.0732421875,1.0986328125,-0.40283203125,0.06103515625,-0.13427734375,1.8310546875,0.1708984375,4.26025390625,-0.146484375,-1.01318359375,0.15869140625,-0.537109375,-0.15869140625,0.30517578125,0.537109375,-0.9765625,-0.09765625,-0.1220703125,-0.09765625,-0.7568359375,-0.09765625,0.9765625,-0.244140625,0.23193359375,-0.29296875,0.08544921875,-0.13427734375,-0.86669921875,-0.13427734375,-0.45166015625,-0.13427734375,-0.7080078125,-0.3173828125,-0.1953125,-0.048828125,-0.6591796875,-0.13427734375,-0.40283203125,0.0244140625,0.57373046875,0.1953125,1.1962890625,0.03662109375,0.48828125,-0.2197265625,-0.09765625,-0.18310546875,0.732421875,0.03662109375,0.64697265625,0.048828125,0.48828125,0.23193359375,0.52490234375,-0.03662109375,0.1220703125,0.15869140625,0.1953125,-0.25634765625,1.06201171875,-0.1220703125,0.25634765625,-0.1220703125,0.23193359375,-0.15869140625,0.29296875,-0.15869140625,0.86669921875,0.1220703125,0.06103515625,-0.0244140625,1.35498046875,0.23193359375,-0.91552734375,0.1708984375,-0.29296875,-0.1220703125,-0.93994140625,0.09765625,-0.7080078125,0.06103515625,-1.45263671875,-0.20751953125,-0.20751953125,0.390625,-0.30517578125,-0.01220703125,-1.220703125,-0.146484375,-0.6591796875,0.0244140625,-0.32958984375,-0.244140625,-0.6591796875,-0.1953125,0.25634765625,-0.244140625,-0.69580078125,0.13427734375,-1.4404296875,-0.341796875,-1.06201171875,0.0732421875,0.42724609375,0.15869140625,0.96435546875,0.01220703125,0.57373046875,-0.08544921875,0.30517578125,0.29296875,0.732421875,-0.18310546875,0.048828125,-0.048828125,0.86669921875,-0.03662109375,-0.45166015625,-0.1708984375,-0.47607421875
1,0.52490234375,-0.35400390625,-0.03662109375,-0.29296875,0.0244140625,-0.390625,0.048828125,0.06103515625,0.0732421875,1.15966796875,-0.40283203125,0.13427734375,-0.1708984375,1.89208984375,0.1220703125,4.541015625,-0.03662109375,-0.96435546875,0.048828125,-0.48828125,-0.06103515625,0.35400390625,0.48828125,-0.96435546875,-0.10986328125,-0.13427734375,-0.1708984375,-0.76904296875,-0.1220703125,0.96435546875,-0.32958984375,0.2197265625,-0.3173828125,-0.01220703125,-0.15869140625,-0.87890625,-0.146484375,-0.48828125,-0.1953125,-0.72021484375,-0.4150390625,-0.1953125,-0.1220703125,-0.67138671875,-0.18310546875,-0.4150390625,0,0.57373046875,0.25634765625,1.1962890625,0.048828125,0.47607421875,-0.244140625,-0.09765625,-0.20751953125,0.7568359375,-0.0244140625,0.6591796875,0.08544921875,0.48828125,0.25634765625,0.5126953125,0.048828125,0.1220703125,0.01220703125,0.1953125,-0.2685546875,1.07421875,-0.13427734375,0.25634765625,-0.13427734375,0.2197265625,-0.20751953125,0.29296875,-0.20751953125,0.830078125,0.13427734375,0.0732421875,-0.0244140625,1.3671875,0.13427734375,-0.927734375,0.15869140625,-0.29296875,-0.1220703125,-0.93994140625,-0.01220703125,-0.72021484375,0.0244140625,-1.47705078125,-0.13427734375,-0.1953125,0.244140625,-0.2685546875,0.1220703125,-1.220703125,-0.10986328125,-0.732421875,0.2197265625,-0.40283203125,-0.2197265625,-0.7568359375,-0.20751953125,0.1708984375,-0.20751953125,-0.7080078125,0.1708984375,-1.42822265625,-0.3662109375,-1.03759765625,0.03662109375,0.439453125,0.13427734375,1.1474609375,0.01220703125,0.8056640625,-0.0732421875,0.439453125,0.244140625,0.830078125,-0.20751953125,0.01220703125,-0.03662109375,0.830078125,-0.03662109375,-0.45166015625,-0.18310546875,-0.47607421875
1,0.52490234375,-0.35400390625,-0.06103515625,-0.29296875,0,-0.40283203125,0.048828125,0.06103515625,0.06103515625,1.20849609375,-0.42724609375,0.18310546875,-0.2197265625,1.91650390625,0.10986328125,4.82177734375,0.13427734375,-0.9033203125,0.06103515625,-0.42724609375,0.1708984375,0.40283203125,0.4638671875,-0.93994140625,-0.08544921875,-0.13427734375,-0.23193359375,-0.76904296875,-0.146484375,0.96435546875,-0.37841796875,0.23193359375,-0.3662109375,-0.10986328125,-0.1953125,-0.87890625,-0.1708984375,-0.50048828125,-0.20751953125,-0.72021484375,-0.45166015625,-0.23193359375,-0.20751953125,-0.67138671875,-0.23193359375,-0.37841796875,-0.048828125,0.54931640625,0.25634765625,1.1962890625,0.03662109375,0.48828125,-0.28076171875,-0.08544921875,-0.20751953125,0.76904296875,-0.13427734375,0.67138671875,0.03662109375,0.47607421875,0.2685546875,0.5126953125,0.18310546875,0.13427734375,-0.15869140625,0.18310546875,-0.2685546875,1.06201171875,-0.1220703125,0.25634765625,-0.15869140625,0.2197265625,-0.30517578125,0.2685546875,-0.1953125,0.8544921875,0.10986328125,0.06103515625,0,1.3671875,0.06103515625,-0.927734375,0.146484375,-0.28076171875,-0.1220703125,-0.9521484375,-0.10986328125,-0.72021484375,-0.01220703125,-1.47705078125,0,-0.1953125,0.1220703125,-0.25634765625,0.244140625,-1.220703125,-0.08544921875,-0.86669921875,0.29296875,-0.537109375,-0.1708984375,-0.830078125,-0.25634765625,0.03662109375,-0.06103515625,-0.69580078125,0.1708984375,-1.4404296875,-0.37841796875,-1.0498046875,0.048828125,0.45166015625,0.10986328125,1.30615234375,-0.0244140625,1.03759765625,-0.09765625,0.537109375,0.15869140625,0.9033203125,-0.2197265625,0.01220703125,-0.048828125,0.830078125,-0.03662109375,-0.439453125,-0.1953125,-0.48828125
1,0.59814453125,-0.35400390625,-0.03662109375,-0.29296875,0.01220703125,-0.4150390625,0.03662109375,0.048828125,0.08544921875,1.23291015625,-0.42724609375,0.20751953125,-0.25634765625,1.953125,0.08544921875,5.04150390625,0.20751953125,-0.79345703125,0,-0.35400390625,0.37841796875,0.48828125,0.30517578125,-0.8544921875,-0.08544921875,-0.146484375,-0.30517578125,-0.78125,-0.13427734375,0.9521484375,-0.35400390625,0.23193359375,-0.5126953125,-0.20751953125,-0.0732421875,-0.84228515625,-0.1708984375,-0.52490234375,-0.25634765625,-0.732421875,-0.390625,-0.2197265625,-0.244140625,-0.6591796875,-0.23193359375,-0.40283203125,-0.048828125,0.537109375,0.20751953125,1.20849609375,0.0244140625,0.5126953125,-0.30517578125,-0.08544921875,-0.20751953125,0.79345703125,-0.2685546875,0.64697265625,0.146484375,0.45166015625,0.20751953125,0.50048828125,0.29296875,0.1220703125,-0.2197265625,0.1953125,-0.1953125,1.06201171875,-0.1220703125,0.2685546875,-0.15869140625,0.20751953125,-0.35400390625,0.28076171875,-0.1708984375,0.89111328125,0.1220703125,0.06103515625,0.0732421875,1.3671875,-0.03662109375,-0.91552734375,0.15869140625,-0.28076171875,-0.15869140625,-0.9521484375,-0.1953125,-0.732421875,-0.01220703125,-1.4892578125,0.06103515625,-0.20751953125,0.0732421875,-0.2685546875,0.3173828125,-1.20849609375,-0.1220703125,-0.9765625,0.2685546875,-0.69580078125,-0.18310546875,-0.86669921875,-0.244140625,-0.08544921875,0.13427734375,-0.732421875,0.1220703125,-1.4404296875,-0.37841796875,-1.06201171875,0.06103515625,0.45166015625,0.09765625,1.3916015625,0.03662109375,1.18408203125,-0.06103515625,0.59814453125,0.25634765625,0.927734375,-0.20751953125,-0.01220703125,-0.048828125,0.8544921875,0.01220703125,-0.42724609375,-0.18310546875,-0.50048828125
1,0.54931640625,-0.35400390625,-0.03662109375,-0.30517578125,-0.01220703125,-0.439453125,0.0244140625,0.03662109375,0.08544921875,1.1962890625,-0.42724609375,0.20751953125,-0.2685546875,1.9287109375,0.08544921875,5.0537109375,0.23193359375,-0.7080078125,-0.10986328125,-0.28076171875,0.45166015625,0.5859375,0.09765625,-0.76904296875,-0.08544921875,-0.146484375,-0.3173828125,-0.79345703125,-0.1220703125,0.9521484375,-0.25634765625,0.244140625,-0.64697265625,-0.3173828125,-0.0244140625,-0.8056640625,-0.1708984375,-0.5126953125,-0.28076171875,-0.72021484375,-0.244140625,-0.20751953125,-0.28076171875,-0.64697265625,-0.1953125,-0.40283203125,0,0.54931640625,0.09765625,1.171875,0.01220703125,0.50048828125,-0.244140625,-0.10986328125,-0.1953125,0.76904296875,-0.35400390625,0.64697265625,0.13427734375,0.439453125,0.244140625,0.5126953125,0.40283203125,0.1220703125,-0.244140625,0.1953125,-0.15869140625,1.06201171875,-0.1708984375,0.2685546875,-0.10986328125,0.1953125,-0.40283203125,0.2685546875,-0.146484375,0.89111328125,0.1220703125,0.048828125,0.13427734375,1.3671875,-0.13427734375,-0.91552734375,0.146484375,-0.29296875,-0.18310546875,-0.93994140625,-0.244140625,-0.74462890625,0.0244140625,-1.50146484375,0.09765625,-0.20751953125,0.048828125,-0.244140625,0.29296875,-1.23291015625,-0.1220703125,-1.06201171875,0.23193359375,-0.72021484375,-0.15869140625,-0.8544921875,-0.20751953125,-0.1708984375,0.30517578125,-0.74462890625,0.0244140625,-1.416015625,-0.341796875,-1.03759765625,0.06103515625,0.45166015625,0.08544921875,1.3916015625,0.01220703125,1.2451171875,-0.0732421875,0.6103515625,0.29296875,0.89111328125,-0.1953125,-0.01220703125,-0.06103515625,0.8544921875,0,-0.42724609375,-0.1708984375,-0.50048828125
1,0.537109375,-0.341796875,0,-0.28076171875,-0.01220703125,-0.45166015625,0.0244140625,0.01220703125,0.1220703125,1.13525390625,-0.42724609375,0.146484375,-0.29296875,1.8798828125,0.18310546875,4.79736328125,0.25634765625,-0.6103515625,-0.08544921875,-0.1953125,0.57373046875,0.67138671875,-0.01220703125,-0.7080078125,-0.08544921875,-0.1708984375,-0.341796875,-0.79345703125,-0.13427734375,0.9521484375,-0.08544921875,0.25634765625,-0.634765625,-0.390625,0.03662109375,-0.78125,-0.13427734375,-0.5126953125,-0.23193359375,-0.7080078125,-0.0732421875,-0.1953125,-0.2685546875,-0.6591796875,-0.18310546875,-0.40283203125,0.03662109375,0.537109375,0.01220703125,1.171875,-0.01220703125,0.5126953125,-0.244140625,-0.13427734375,-0.15869140625,0.76904296875,-0.3662109375,0.64697265625,0.15869140625,0.439453125,0.28076171875,0.52490234375,0.48828125,0.13427734375,-0.28076171875,0.18310546875,-0.10986328125,1.07421875,-0.1708984375,0.2685546875,-0.0732421875,0.1953125,-0.45166015625,0.28076171875,-0.1220703125,0.91552734375,0.09765625,0.06103515625,0.2197265625,1.37939453125,-0.18310546875,-0.91552734375,0.10986328125,-0.30517578125,-0.1708984375,-0.927734375,-0.25634765625,-0.732421875,0.0244140625,-1.50146484375,0.0732421875,-0.23193359375,0.08544921875,-0.25634765625,0.1708984375,-1.23291015625,-0.20751953125,-1.06201171875,0.13427734375,-0.64697265625,-0.15869140625,-0.830078125,-0.18310546875,-0.1708984375,0.47607421875,-0.7568359375,-0.03662109375,-1.4404296875,-0.29296875,-1.025390625,0.048828125,0.439453125,0.0244140625,1.26953125,0,1.18408203125,-0.09765625,0.5859375,0.2197265625,0.81787109375,-0.2197265625,0,-0.0732421875,0.87890625,-0.0244140625,-0.42724609375,-0.15869140625,-0.50048828125
1,0.50048828125,-0.35400390625,0.0732421875,-0.2685546875,-0.01220703125,-0.42724609375,0.0244140625,-0.01220703125,0.13427734375,1.0009765625,-0.45166015625,0.0244140625,-0.32958984375,1.77001953125,0.146484375,4.248046875,0.15869140625,-0.50048828125,-0.13427734375,-0.10986328125,0.47607421875,0.732421875,-0.15869140625,-0.6103515625,-0.0244140625,-0.1708984375,-0.341796875,-0.79345703125,-0.0732421875,0.927734375,0.09765625,0.25634765625,-0.59814453125,-0.45166015625,0.1708984375,-0.78125,-0.08544921875,-0.47607421875,-0.23193359375,-0.7080078125,0.048828125,-0.1708984375,-0.23193359375,-0.6591796875,-0.146484375,-0.40283203125,0.10986328125,0.54931640625,-0.048828125,1.15966796875,-0.048828125,0.537109375,-0.1708984375,-0.15869140625,-0.18310546875,0.78125,-0.3173828125,0.67138671875,0.15869140625,0.40283203125,0.28076171875,0.52490234375,0.54931640625,0.1220703125,-0.341796875,0.1708984375,-0.03662109375,1.07421875,-0.1708984375,0.25634765625,-0.048828125,0.1953125,-0.50048828125,0.28076171875,-0.10986328125,0.91552734375,0.09765625,0.048828125,0.3173828125,1.35498046875,-0.18310546875,-0.91552734375,0.0732421875,-0.3173828125,-0.15869140625,-0.93994140625,-0.2197265625,-0.7568359375,0.0732421875,-1.50146484375,0.01220703125,-0.23193359375,0.15869140625,-0.244140625,-0.048828125,-1.23291015625,-0.244140625,-0.98876953125,0.10986328125,-0.390625,-0.146484375,-0.72021484375,-0.09765625,-0.1220703125,0.52490234375,-0.7568359375,-0.06103515625,-1.42822265625,-0.2685546875,-1.0009765625,0.0732421875,0.45166015625,0.0244140625,1.08642578125,0,1.0009765625,-0.06103515625,0.47607421875,0.35400390625,0.72021484375,-0.20751953125,0.048828125,-0.08544921875,0.91552734375,-0.06103515625,-0.40283203125,-0.1708984375,-0.50048828125
1,0.50048828125,-0.3662109375,0.03662109375,-0.28076171875,-0.03662109375,-0.4150390625,0.0244140625,-0.01220703125,0.15869140625,0.8056640625,-0.4150390625,-0.146484375,-0.3173828125,1.59912109375,0.2685546875,3.3935546875,0.0732421875,-0.4150390625,-0.1220703125,-0.03662109375,0.35400390625,0.81787109375,-0.1953125,-0.537109375,-0.0244140625,-0.18310546875,-0.2685546875,-0.76904296875,0.01220703125,0.93994140625,0.15869140625,0.25634765625,-0.5126953125,-0.45166015625,0.1953125,-0.76904296875,0,-0.439453125,-0.1708984375,-0.7080078125,0.146484375,-0.1708984375,-0.15869140625,-0.64697265625,-0.0732421875,-0.40283203125,0.18310546875,0.537109375,-0.06103515625,1.1474609375,-0.03662109375,0.50048828125,-0.08544921875,-0.15869140625,-0.1708984375,0.76904296875,-0.28076171875,0.64697265625,0.1708984375,0.439453125,0.30517578125,0.5615234375,0.57373046875,0.10986328125,-0.42724609375,0.1953125,0.01220703125,1.06201171875,-0.15869140625,0.28076171875,-0.03662109375,0.20751953125,-0.52490234375,0.29296875,-0.09765625,0.9033203125,0.0732421875,0.048828125,0.341796875,1.3671875,-0.18310546875,-0.91552734375,0.03662109375,-0.3173828125,-0.146484375,-0.9521484375,-0.1220703125,-0.74462890625,0.10986328125,-1.50146484375,-0.0732421875,-0.25634765625,0.20751953125,-0.25634765625,-0.2685546875,-1.23291015625,-0.30517578125,-0.78125,-0.048828125,0.06103515625,-0.10986328125,-0.57373046875,-0.048828125,0.08544921875,0.48828125,-0.7568359375,-0.03662109375,-1.46484375,-0.20751953125,-0.98876953125,0.09765625,0.439453125,0.0244140625,0.87890625,0,0.78125,-0.08544921875,0.3662109375,0.37841796875,0.6591796875,-0.18310546875,0.06103515625,-0.10986328125,0.93994140625,-0.0732421875,-0.390625,-0.146484375,-0.47607421875
1,0.5126953125,-0.3662109375,0.08544921875,-0.25634765625,-0.048828125,-0.4150390625,0.01220703125,0,0.18310546875,0.5615234375,-0.40283203125,-0.35400390625,-0.30517578125,1.3671875,0.32958984375,2.38037109375,0.01220703125,-0.3173828125,-0.06103515625,0.06103515625,0.2197265625,0.86669921875,-0.15869140625,-0.439453125,-0.03662109375,-0.1708984375,-0.1953125,-0.76904296875,0.08544921875,0.93994140625,0.1953125,0.244140625,-0.30517578125,-0.42724609375,0.1953125,-0.76904296875,0.048828125,-0.390625,-0.146484375,-0.67138671875,0.15869140625,-0.13427734375,-0.06103515625,-0.6591796875,0,-0.40283203125,0.25634765625,0.5615234375,-0.0732421875,1.15966796875,-0.01220703125,0.50048828125,-0.06103515625,-0.146484375,-0.15869140625,0.74462890625,-0.2197265625,0.67138671875,0.2197265625,0.42724609375,0.30517578125,0.5615234375,0.537109375,0.10986328125,-0.439453125,0.20751953125,0.0732421875,1.0498046875,-0.1220703125,0.29296875,-0.01220703125,0.2197265625,-0.52490234375,0.3173828125,-0.0732421875,0.927734375,0.09765625,0.03662109375,0.390625,1.3671875,-0.146484375,-0.91552734375,0,-0.3173828125,-0.09765625,-0.93994140625,-0.03662109375,-0.74462890625,0.1220703125,-1.4892578125,-0.13427734375,-0.28076171875,0.23193359375,-0.2685546875,-0.47607421875,-1.220703125,-0.30517578125,-0.50048828125,-0.0732421875,0.69580078125,-0.06103515625,-0.37841796875,0.06103515625,0.35400390625,0.341796875,-0.732421875,-0.01220703125,-1.4404296875,-0.1708984375,-1.01318359375,0.13427734375,0.42724609375,-0.01220703125,0.74462890625,0,0.57373046875,-0.08544921875,0.28076171875,0.3662109375,0.69580078125,-0.1708984375,0.06103515625,-0.1220703125,0.93994140625,-0.08544921875,-0.390625,-0.1708984375,-0.47607421875
1,0.537109375,-0.37841796875,0.048828125,-0.25634765625,-0.03662109375,-0.40283203125,0.0244140625,0.0244140625,0.15869140625,0.28076171875,-0.390625,-0.57373046875,-0.28076171875,1.1474609375,0.30517578125,1.2939453125,-0.13427734375,-0.2197265625,-0.09765625,0.13427734375,-0.1220703125,0.927734375,-0.2197265625,-0.35400390625,-0.0244140625,-0.15869140625,-0.13427734375,-0.76904296875,0.1708984375,0.9521484375,0.18310546875,0.244140625,-0.1953125,-0.37841796875,0.09765625,-0.76904296875,0.13427734375,-0.3662109375,-0.1220703125,-0.68359375,0.15869140625,-0.13427734375,0,-0.64697265625,0.06103515625,-0.4150390625,0.30517578125,0.5615234375,-0.10986328125,1.15966796875,0.06103515625,0.50048828125,0.0244140625,-0.15869140625,-0.08544921875,0.76904296875,-0.1953125,0.69580078125,0.2197265625,0.439453125,0.30517578125,0.54931640625,0.5615234375,0.08544921875,-0.4150390625,0.23193359375,0.09765625,1.0498046875,-0.0732421875,0.30517578125,-0.048828125,0.23193359375,-0.5126953125,0.30517578125,-0.03662109375,0.87890625,0.0732421875,0.03662109375,0.390625,1.37939453125,-0.09765625,-0.9033203125,0,-0.3173828125,-0.0732421875,-0.9521484375,0.01220703125,-0.7568359375,0.13427734375,-1.513671875,-0.18310546875,-0.29296875,0.1953125,-0.28076171875,-0.57373046875,-1.20849609375,-0.3173828125,-0.10986328125,-0.1708984375,1.50146484375,-0.03662109375,-0.10986328125,0.1220703125,0.72021484375,0.1220703125,-0.72021484375,0.048828125,-1.42822265625,-0.13427734375,-1.01318359375,0.1708984375,0.4150390625,0,0.69580078125,0.01220703125,0.439453125,-0.0732421875,0.25634765625,0.4150390625,0.89111328125,-0.1708984375,0.0732421875,-0.1220703125,0.927734375,-0.06103515625,-0.390625,-0.13427734375,-0.47607421875
1,0.5126953125,-0.390625,0.06103515625,-0.25634765625,-0.048828125,-0.37841796875,0.03662109375,0.06103515625,0.146484375,0.06103515625,-0.37841796875,-0.76904296875,-0.244140625,0.927734375,0.35400390625,0.3173828125,-0.1708984375,-0.146484375,-0.1220703125,0.244140625,-0.30517578125,0.96435546875,-0.20751953125,-0.25634765625,-0.06103515625,-0.146484375,-0.06103515625,-0.7568359375,0.2685546875,0.9765625,0.1220703125,0.244140625,-0.06103515625,-0.30517578125,-0.048828125,-0.7568359375,0.1708984375,-0.35400390625,-0.08544921875,-0.68359375,0.15869140625,-0.15869140625,0.048828125,-0.634765625,0.10986328125,-0.4150390625,0.30517578125,0.5615234375,-0.1220703125,1.171875,0.09765625,0.48828125,0.1220703125,-0.1708984375,-0.06103515625,0.74462890625,-0.2197265625,0.69580078125,0.2685546875,0.47607421875,0.3173828125,0.537109375,0.537109375,0.08544921875,-0.32958984375,0.25634765625,0.09765625,1.0498046875,-0.01220703125,0.30517578125,-0.0732421875,0.244140625,-0.45166015625,0.32958984375,-0.03662109375,0.8544921875,0.0732421875,0.0244140625,0.37841796875,1.37939453125,-0.048828125,-0.91552734375,0,-0.3173828125,0,-0.93994140625,0.0732421875,-0.7568359375,0.10986328125,-1.513671875,-0.23193359375,-0.28076171875,0.06103515625,-0.28076171875,-0.50048828125,-1.20849609375,-0.30517578125,0.341796875,-0.0732421875,2.35595703125,-0.01220703125,0.18310546875,0.13427734375,1.123046875,-0.08544921875,-0.72021484375,0.08544921875,-1.4404296875,-0.1220703125,-1.03759765625,0.20751953125,0.4150390625,-0.0244140625,0.79345703125,0,0.439453125,-0.0732421875,0.3173828125,0.37841796875,1.28173828125,-0.15869140625,0.08544921875,-0.1220703125,0.91552734375,-0.06103515625,-0.40283203125,-0.13427734375,-0.4638671875
1,0.47607421875,-0.37841796875,0.146484375,-0.23193359375,-0.0732421875,-0.35400390625,0.048828125,0.06103515625,0.1708984375,-0.1220703125,-0.390625,-0.927734375,-0.20751953125,0.78125,0.30517578125,-0.4638671875,-0.18310546875,-0.048828125,-0.13427734375,0.341796875,-0.4150390625,1.0009765625,-0.20751953125,-0.18310546875,-0.0732421875,-0.146484375,-0.0244140625,-0.76904296875,0.35400390625,0.96435546875,0.048828125,0.244140625,0,-0.1953125,-0.1220703125,-0.74462890625,0.1708984375,-0.37841796875,-0.08544921875,-0.68359375,0.13427734375,-0.1708984375,0.0732421875,-0.634765625,0.1220703125,-0.40283203125,0.30517578125,0.5615234375,-0.048828125,1.171875,0.09765625,0.48828125,0.20751953125,-0.146484375,-0.0244140625,0.74462890625,-0.244140625,0.7080078125,0.32958984375,0.47607421875,0.28076171875,0.537109375,0.5615234375,0.08544921875,-0.25634765625,0.25634765625,0.10986328125,1.0498046875,0.06103515625,0.30517578125,-0.10986328125,0.2685546875,-0.390625,0.3173828125,-0.01220703125,0.830078125,0.0732421875,0.03662109375,0.37841796875,1.37939453125,-0.0244140625,-0.93994140625,0.03662109375,-0.30517578125,0.03662109375,-0.93994140625,0.09765625,-0.76904296875,0.08544921875,-1.4892578125,-0.23193359375,-0.2685546875,-0.09765625,-0.28076171875,-0.3173828125,-1.1962890625,-0.244140625,0.79345703125,0.08544921875,3.271484375,0.01220703125,0.48828125,0.13427734375,1.5380859375,-0.28076171875,-0.7080078125,0.0732421875,-1.42822265625,-0.10986328125,-1.03759765625,0.18310546875,0.40283203125,-0.0244140625,1.11083984375,0.03662109375,0.64697265625,-0.06103515625,0.5126953125,0.37841796875,1.86767578125,-0.15869140625,0.0732421875,-0.15869140625,0.89111328125,-0.03662109375,-0.4150390625,-0.15869140625,-0.47607421875
1,0.48828125,-0.37841796875,0.1708984375,-0.2685546875,-0.0732421875,-0.341796875,0.048828125,0.0732421875,0.1708984375,-0.2685546875,-0.4150390625,-1.01318359375,-0.2197265625,0.7080078125,0.25634765625,-0.89111328125,-0.146484375,0.048828125,-0.1708984375,0.42724609375,-0.42724609375,1.03759765625,-0.1708984375,-0.1220703125,-0.06103515625,-0.146484375,-0.01220703125,-0.76904296875,0.40283203125,0.98876953125,-0.0244140625,0.2197265625,-0.01220703125,-0.13427734375,-0.15869140625,-0.7080078125,0.15869140625,-0.4150390625,-0.06103515625,-0.69580078125,0.1220703125,-0.1708984375,0.0244140625,-0.634765625,0.146484375,-0.4150390625,0.244140625,0.5615234375,0.01220703125,1.171875,0.13427734375,0.50048828125,0.30517578125,-0.15869140625,0.0244140625,0.7568359375,-0.25634765625,0.72021484375,0.32958984375,0.4638671875,0.29296875,0.537109375,0.54931640625,0.10986328125,-0.15869140625,0.2685546875,0.146484375,1.06201171875,0.08544921875,0.28076171875,-0.13427734375,0.2685546875,-0.28076171875,0.32958984375,0.0244140625,0.84228515625,0.03662109375,0.03662109375,0.341796875,1.37939453125,-0.0244140625,-0.93994140625,0.10986328125,-0.32958984375,0.06103515625,-0.927734375,0.08544921875,-0.76904296875,0,-1.4892578125,-0.2197265625,-0.2685546875,-0.244140625,-0.28076171875,-0.0732421875,-1.1962890625,-0.1953125,1.26953125,0.13427734375,4.1259765625,0.01220703125,0.8056640625,0.10986328125,1.9287109375,-0.35400390625,-0.7080078125,0.0244140625,-1.4404296875,-0.10986328125,-1.0498046875,0.146484375,0.4150390625,-0.06103515625,1.57470703125,0.01220703125,1.0498046875,-0.0732421875,0.81787109375,0.28076171875,2.685546875,-0.1708984375,0.0732421875,-0.13427734375,0.87890625,-0.0244140625,-0.42724609375,-0.1953125,-0.48828125
1,0.4638671875,-0.35400390625,0.146484375,-0.25634765625,-0.10986328125,-0.35400390625,0.08544921875,0.06103515625,0.1953125,-0.29296875,-0.42724609375,-1.025390625,-0.1953125,0.732421875,0.1708984375,-0.86669921875,-0.08544921875,0.08544921875,-0.1953125,0.47607421875,-0.3173828125,1.07421875,-0.18310546875,-0.1220703125,0,-0.146484375,-0.048828125,-0.78125,0.42724609375,0.98876953125,-0.08544921875,0.23193359375,-0.0732421875,-0.0732421875,-0.146484375,-0.64697265625,0.09765625,-0.4638671875,-0.06103515625,-0.7080078125,0.06103515625,-0.1953125,0,-0.64697265625,0.146484375,-0.4150390625,0.2197265625,0.537109375,0.08544921875,1.18408203125,0.146484375,0.5126953125,0.3662109375,-0.10986328125,0.0732421875,0.7568359375,-0.25634765625,0.732421875,0.37841796875,0.4638671875,0.341796875,0.5126953125,0.54931640625,0.13427734375,-0.03662109375,0.25634765625,0.146484375,1.06201171875,0.1220703125,0.28076171875,-0.146484375,0.244140625,-0.244140625,0.3173828125,0.01220703125,0.8056640625,0.03662109375,0.048828125,0.30517578125,1.35498046875,-0.01220703125,-0.9521484375,0.20751953125,-0.30517578125,0.06103515625,-0.927734375,0.0732421875,-0.7568359375,-0.08544921875,-1.50146484375,-0.18310546875,-0.244140625,-0.35400390625,-0.30517578125,0.18310546875,-1.20849609375,-0.18310546875,1.6357421875,0.13427734375,4.91943359375,-0.0244140625,1.0498046875,0.03662109375,2.2705078125,-0.3173828125,-0.68359375,-0.06103515625,-1.42822265625,-0.13427734375,-1.07421875,0.08544921875,0.4150390625,-0.06103515625,2.2216796875,0.01220703125,1.66015625,-0.0732421875,1.23291015625,0.3173828125,3.6865234375,-0.1708984375,0.06103515625,-0.1220703125,0.8544921875,-0.01220703125,-0.42724609375,-0.23193359375,-0.4638671875
0,0.50048828125,-0.35400390625,0.13427734375,-0.28076171875,-0.10986328125,-0.3662109375,0.08544921875,0.048828125,0.2197265625,-0.1953125,-0.45166015625,-0.93994140625,-0.18310546875,0.830078125,0.13427734375,-0.4150390625,0,0.10986328125,-0.20751953125,0.5126953125,-0.18310546875,1.0986328125,-0.1708984375,-0.10986328125,0.03662109375,-0.13427734375,-0.06103515625,-0.76904296875,0.37841796875,1.0009765625,-0.1220703125,0.23193359375,-0.146484375,-0.048828125,-0.1953125,-0.59814453125,0,-0.5126953125,-0.048828125,-0.732421875,-0.01220703125,-0.1953125,-0.06103515625,-0.634765625,0.10986328125,-0.42724609375,0.1708984375,0.54931640625,0.1708984375,1.1474609375,0.1708984375,0.5126953125,0.4150390625,-0.10986328125,0.10986328125,0.76904296875,-0.341796875,0.732421875,0.35400390625,0.47607421875,0.30517578125,0.48828125,0.5126953125,0.1220703125,0.06103515625,0.2197265625,0.10986328125,1.06201171875,0.146484375,0.2685546875,-0.13427734375,0.25634765625,-0.1953125,0.3173828125,0.048828125,0.8056640625,0.01220703125,0.048828125,0.244140625,1.35498046875,-0.0244140625,-0.96435546875,0.2685546875,-0.28076171875,0.06103515625,-0.91552734375,0.06103515625,-0.7568359375,-0.15869140625,-1.4892578125,-0.1220703125,-0.25634765625,-0.35400390625,-0.29296875,0.3173828125,-1.23291015625,-0.1220703125,1.89208984375,0.08544921875,5.50537109375,-0.048828125,1.26953125,0,2.52685546875,-0.20751953125,-0.68359375,-0.18310546875,-1.4404296875,-0.15869140625,-1.06201171875,0.03662109375,0.42724609375,-0.08544921875,2.91748046875,-0.0244140625,2.392578125,-0.06103515625,1.72119140625,0.18310546875,4.8095703125,-0.15869140625,0.048828125,-0.146484375,0.8544921875,-0.03662109375,-0.439453125,-0.244140625,-0.47607421875
0,0.4638671875,-0.35400390625,0.13427734375,-0.2685546875,-0.10986328125,-0.37841796875,0.09765625,0.0244140625,0.20751953125,0.01220703125,-0.4638671875,-0.732421875,-0.18310546875,1.0009765625,0.13427734375,0.42724609375,0.0732421875,0.0732421875,-0.15869140625,0.5126953125,0.0244140625,1.07421875,-0.1708984375,-0.1220703125,0.06103515625,-0.146484375,-0.09765625,-0.79345703125,0.2685546875,0.98876953125,-0.1708984375,0.23193359375,-0.3662109375,-0.03662109375,-0.23193359375,-0.5126953125,-0.0732421875,-0.54931640625,-0.06103515625,-0.732421875,-0.09765625,-0.18310546875,-0.13427734375,-0.634765625,0.06103515625,-0.4150390625,0.146484375,0.537109375,0.244140625,1.1474609375,0.1708984375,0.52490234375,0.439453125,-0.09765625,0.08544921875,0.7568359375,-0.45166015625,0.72021484375,0.30517578125,0.4638671875,0.2685546875,0.48828125,0.42724609375,0.146484375,0.146484375,0.2197265625,0.10986328125,1.06201171875,0.146484375,0.25634765625,-0.1220703125,0.23193359375,-0.13427734375,0.30517578125,0.06103515625,0.8056640625,-0.01220703125,0.048828125,0.2197265625,1.3427734375,-0.0244140625,-0.9765625,0.3173828125,-0.28076171875,0.01220703125,-0.927734375,0.06103515625,-0.7568359375,-0.1953125,-1.46484375,-0.048828125,-0.2685546875,-0.25634765625,-0.29296875,0.32958984375,-1.2451171875,-0.048828125,2.06298828125,0.09765625,5.89599609375,-0.09765625,1.46484375,-0.0732421875,2.685546875,-0.03662109375,-0.7080078125,-0.3173828125,-1.4404296875,-0.1953125,-1.06201171875,-0.03662109375,0.42724609375,-0.1220703125,3.6376953125,-0.06103515625,3.18603515625,-0.08544921875,2.24609375,0.15869140625,5.94482421875,-0.1708984375,0.048828125,-0.146484375,0.84228515625,-0.0244140625,-0.45166015625,-0.244140625,-0.4638671875
0,0.40283203125,-0.341796875,0.1708984375,-0.2685546875,-0.09765625,-0.37841796875,0.0732421875,0.0244140625,0.2197265625,0.30517578125,-0.47607421875,-0.47607421875,-0.18310546875,1.28173828125,0.1220703125,1.6357421875,0.13427734375,0.03662109375,-0.08544921875,0.47607421875,0.2197265625,1.0009765625,-0.13427734375,-0.18310546875,0.0732421875,-0.15869140625,-0.10986328125,-0.79345703125,0.15869140625,0.98876953125,-0.2197265625,0.244140625,-0.54931640625,-0.03662109375,-0.1953125,-0.45166015625,-0.15869140625,-0.54931640625,-0.1220703125,-0.74462890625,-0.2197265625,-0.1953125,-0.15869140625,-0.64697265625,0.03662109375,-0.390625,0.1220703125,0.54931640625,0.28076171875,1.11083984375,0.08544921875,0.537109375,0.4638671875,-0.1220703125,0.03662109375,0.7568359375,-0.5126953125,0.69580078125,0.3173828125,0.47607421875,0.2197265625,0.47607421875,0.35400390625,0.1708984375,0.2197265625,0.2197265625,0.06103515625,1.07421875,0.146484375,0.23193359375,-0.06103515625,0.2197265625,-0.146484375,0.30517578125,0.08544921875,0.8056640625,-0.0244140625,0.0244140625,0.1953125,1.3427734375,0,-0.96435546875,0.35400390625,-0.3173828125,-0.03662109375,-0.927734375,0.048828125,-0.7568359375,-0.20751953125,-1.46484375,0,-0.2685546875,-0.08544921875,-0.29296875,0.2685546875,-1.25732421875,0.0244140625,2.13623046875,0.15869140625,6.1279296875,-0.13427734375,1.5625,-0.0732421875,2.7587890625,0.1708984375,-0.7080078125,-0.37841796875,-1.4404296875,-0.244140625,-1.03759765625,-0.0732421875,0.4638671875,-0.1220703125,4.296875,-0.03662109375,3.94287109375,-0.08544921875,2.734375,0.2197265625,7.06787109375,-0.1708984375,0.06103515625,-0.1220703125,0.86669921875,-0.03662109375,-0.45166015625,-0.20751953125,-0.45166015625
0,0.341796875,-0.35400390625,0.1953125,-0.25634765625,-0.10986328125,-0.37841796875,0.09765625,0.0244140625,0.1953125,0.67138671875,-0.439453125,-0.1220703125,-0.18310546875,1.5869140625,0.06103515625,2.99072265625,0.15869140625,-0.03662109375,-0.01220703125,0.390625,0.4150390625,0.93994140625,-0.0732421875,-0.244140625,0.0732421875,-0.1708984375,-0.146484375,-0.79345703125,0.01220703125,0.9765625,-0.1953125,0.23193359375,-0.7080078125,-0.09765625,-0.244140625,-0.40283203125,-0.20751953125,-0.5615234375,-0.15869140625,-0.732421875,-0.32958984375,-0.1953125,-0.1953125,-0.64697265625,-0.06103515625,-0.390625,0.0732421875,0.5615234375,0.29296875,1.13525390625,0.06103515625,0.54931640625,0.439453125,-0.1220703125,0.048828125,0.76904296875,-0.5859375,0.67138671875,0.32958984375,0.47607421875,0.1708984375,0.4638671875,0.341796875,0.15869140625,0.30517578125,0.1953125,0.0732421875,1.07421875,0.13427734375,0.2197265625,-0.03662109375,0.1953125,-0.10986328125,0.29296875,0.09765625,0.81787109375,-0.03662109375,0.048828125,0.146484375,1.35498046875,0.03662109375,-0.93994140625,0.35400390625,-0.30517578125,-0.08544921875,-0.9521484375,0.06103515625,-0.7568359375,-0.15869140625,-1.45263671875,-0.01220703125,-0.2685546875,0.10986328125,-0.29296875,0.1220703125,-1.28173828125,0.06103515625,2.08740234375,0.048828125,6.16455078125,-0.1708984375,1.5869140625,-0.0732421875,2.7587890625,0.28076171875,-0.7080078125,-0.37841796875,-1.4404296875,-0.25634765625,-1.01318359375,-0.08544921875,0.4638671875,-0.18310546875,4.8095703125,-0.06103515625,4.60205078125,-0.08544921875,3.16162109375,0.20751953125,8.06884765625,-0.15869140625,0.06103515625,-0.146484375,0.830078125,-0.0732421875,-0.439453125,-0.1953125,-0.47607421875
0,0.29296875,-0.3662109375,0.1953125,-0.2197265625,-0.146484375,-0.40283203125,0.08544921875,0.0244140625,0.1708984375,1.0498046875,-0.4150390625,0.20751953125,-0.1953125,1.89208984375,0,4.45556640625,0.18310546875,-0.1220703125,0.08544921875,0.30517578125,0.5615234375,0.84228515625,-0.0244140625,-0.3173828125,0.0732421875,-0.15869140625,-0.146484375,-0.76904296875,-0.09765625,0.93994140625,-0.15869140625,0.244140625,-0.72021484375,-0.146484375,-0.30517578125,-0.40283203125,-0.1953125,-0.5126953125,-0.20751953125,-0.72021484375,-0.390625,-0.20751953125,-0.18310546875,-0.64697265625,-0.10986328125,-0.390625,0.048828125,0.5615234375,0.25634765625,1.1474609375,0.0244140625,0.537109375,0.42724609375,-0.1953125,0.0244140625,0.76904296875,-0.5615234375,0.6591796875,0.35400390625,0.4638671875,0.18310546875,0.4638671875,0.37841796875,0.146484375,0.3662109375,0.20751953125,0,1.07421875,0.1220703125,0.2197265625,0.01220703125,0.20751953125,-0.09765625,0.30517578125,0.06103515625,0.8544921875,-0.0244140625,0.03662109375,0.146484375,1.3671875,0.06103515625,-0.91552734375,0.30517578125,-0.32958984375,-0.09765625,-0.96435546875,0.06103515625,-0.78125,-0.10986328125,-1.50146484375,0.01220703125,-0.25634765625,0.2685546875,-0.28076171875,-0.01220703125,-1.26953125,0.0732421875,1.98974609375,0.0244140625,6.01806640625,-0.2197265625,1.52587890625,-0.10986328125,2.685546875,0.35400390625,-0.7080078125,-0.25634765625,-1.4404296875,-0.30517578125,-1.01318359375,-0.1220703125,0.4638671875,-0.18310546875,5.2001953125,-0.01220703125,5.11474609375,-0.048828125,3.45458984375,0.1953125,8.88671875,-0.1708984375,0.06103515625,-0.146484375,0.81787109375,-0.08544921875,-0.439453125,-0.1708984375,-0.4638671875
0,0.3173828125,-0.3662109375,0.25634765625,-0.20751953125,-0.146484375,-0.4150390625,0.0732421875,0.03662109375,0.1708984375,1.42822265625,-0.35400390625,0.57373046875,-0.20751953125,2.197265625,-0.15869140625,5.8349609375,0.1708984375,-0.20751953125,0.13427734375,0.18310546875,0.537109375,0.74462890625,0.06103515625,-0.37841796875,0.06103515625,-0.15869140625,-0.146484375,-0.78125,-0.09765625,0.927734375,-0.09765625,0.2685546875,-0.59814453125,-0.18310546875,-0.3662109375,-0.42724609375,-0.1708984375,-0.48828125,-0.25634765625,-0.72021484375,-0.439453125,-0.20751953125,-0.1708984375,-0.6591796875,-0.146484375,-0.40283203125,0.048828125,0.5615234375,0.23193359375,1.171875,-0.0244140625,0.52490234375,0.3662109375,-0.20751953125,-0.03662109375,0.74462890625,-0.54931640625,0.634765625,0.40283203125,0.45166015625,0.146484375,0.4638671875,0.4150390625,0.13427734375,0.35400390625,0.23193359375,-0.048828125,1.06201171875,0.1220703125,0.2197265625,0.048828125,0.2197265625,-0.048828125,0.30517578125,0.03662109375,0.84228515625,-0.0244140625,0.03662109375,0.1220703125,1.37939453125,0.08544921875,-0.93994140625,0.2197265625,-0.32958984375,-0.15869140625,-0.98876953125,0,-0.78125,-0.0244140625,-1.50146484375,0,-0.244140625,0.3662109375,-0.29296875,-0.1220703125,-1.26953125,0.03662109375,1.806640625,0.0244140625,5.7373046875,-0.2685546875,1.42822265625,-0.09765625,2.5390625,0.29296875,-0.7080078125,-0.0732421875,-1.42822265625,-0.30517578125,-1.0009765625,-0.09765625,0.45166015625,-0.20751953125,5.3955078125,-0.06103515625,5.40771484375,-0.0732421875,3.62548828125,0.15869140625,9.53369140625,-0.1708984375,0.048828125,-0.13427734375,0.830078125,-0.10986328125,-0.4638671875,-0.15869140625,-0.47607421875
0,0.35400390625,-0.37841796875,0.2197265625,-0.1708984375,-0.146484375,-0.40283203125,0.048828125,0.03662109375,0.1708984375,1.77001953125,-0.35400390625,0.8544921875,-0.2197265625,2.47802734375,-0.146484375,7.0556640625,0.1708984375,-0.28076171875,0.2197265625,0.09765625,0.50048828125,0.6591796875,0.2197265625,-0.45166015625,0.03662109375,-0.1708984375,-0.1220703125,-0.7568359375,-0.048828125,0.927734375,0,0.2685546875,-0.439453125,-0.23193359375,-0.50048828125,-0.4638671875,-0.13427734375,-0.42724609375,-0.29296875,-0.7080078125,-0.42724609375,-0.1953125,-0.1220703125,-0.6591796875,-0.18310546875,-0.4150390625,0.03662109375,0.57373046875,0.13427734375,1.18408203125,-0.0732421875,0.50048828125,0.30517578125,-0.20751953125,-0.09765625,0.76904296875,-0.4638671875,0.6103515625,0.390625,0.4638671875,0.10986328125,0.4638671875,0.390625,0.146484375,0.37841796875,0.244140625,-0.0732421875,1.06201171875,0.13427734375,0.2197265625,0.03662109375,0.2197265625,0.0244140625,0.3173828125,-0.03662109375,0.86669921875,-0.03662109375,0.03662109375,0.1220703125,1.3916015625,0.0732421875,-0.91552734375,0.13427734375,-0.3173828125,-0.18310546875,-0.98876953125,-0.06103515625,-0.76904296875,0.03662109375,-1.4892578125,-0.03662109375,-0.23193359375,0.32958984375,-0.28076171875,-0.15869140625,-1.2451171875,-0.01220703125,1.59912109375,0.0244140625,5.38330078125,-0.25634765625,1.25732421875,-0.06103515625,2.38037109375,0.15869140625,-0.69580078125,0.10986328125,-1.40380859375,-0.32958984375,-1.01318359375,-0.048828125,0.439453125,-0.23193359375,5.4443359375,-0.09765625,5.5419921875,-0.08544921875,3.72314453125,0.048828125,9.9609375,-0.18310546875,0.048828125,-0.13427734375,0.8056640625,-0.1220703125,-0.45166015625,-0.1220703125,-0.50048828125
0,0.28076171875,-0.3662109375,0.244140625,-0.18310546875,-0.1220703125,-0.40283203125,0.048828125,0.048828125,0.15869140625,2.03857421875,-0.3173828125,1.11083984375,-0.244140625,2.69775390625,-0.23193359375,8.04443359375,0.10986328125,-0.32958984375,0.1708984375,0.01220703125,0.35400390625,0.6103515625,0.244140625,-0.50048828125,-0.03662109375,-0.146484375,-0.10986328125,-0.7568359375,0.06103515625,0.91552734375,0.048828125,0.25634765625,-0.20751953125,-0.29296875,-0.52490234375,-0.54931640625,-0.0732421875,-0.390625,-0.2685546875,-0.69580078125,-0.35400390625,-0.15869140625,-0.06103515625,-0.64697265625,-0.1953125,-0.4150390625,0.06103515625,0.59814453125,0.0244140625,1.18408203125,-0.10986328125,0.50048828125,0.25634765625,-0.1708984375,-0.09765625,0.7568359375,-0.40283203125,0.6103515625,0.45166015625,0.4638671875,0,0.47607421875,0.4150390625,0.146484375,0.390625,0.2685546875,-0.10986328125,1.0498046875,0.13427734375,0.23193359375,0.03662109375,0.2197265625,0.03662109375,0.32958984375,-0.1220703125,0.86669921875,-0.0244140625,0.01220703125,0.0732421875,1.3916015625,0.06103515625,-0.91552734375,0.06103515625,-0.3173828125,-0.20751953125,-0.9765625,-0.10986328125,-0.7568359375,0.09765625,-1.50146484375,-0.0244140625,-0.2197265625,0.2197265625,-0.25634765625,-0.09765625,-1.23291015625,-0.09765625,1.40380859375,-0.01220703125,4.9560546875,-0.23193359375,1.025390625,-0.048828125,2.18505859375,0.0244140625,-0.7080078125,0.2685546875,-1.416015625,-0.30517578125,-1.025390625,0,0.42724609375,-0.25634765625,5.40771484375,-0.08544921875,5.56640625,-0.0732421875,3.69873046875,0.1220703125,10.14404296875,-0.1953125,0.03662109375,-0.13427734375,0.8056640625,-0.0732421875,-0.4638671875,-0.13427734375,-0.50048828125
0,0.25634765625,-0.3662109375,0.15869140625,-0.15869140625,-0.09765625,-0.40283203125,0.03662109375,0.048828125,0.18310546875,2.25830078125,-0.2685546875,1.28173828125,-0.23193359375,2.86865234375,-0.18310546875,8.7890625,0.08544921875,-0.37841796875,0.09765625,-0.0244140625,0.146484375,0.5859375,0.25634765625,-0.52490234375,-0.08544921875,-0.146484375,-0.06103515625,-0.74462890625,0.1708984375,0.93994140625,0.0732421875,0.244140625,-0.01220703125,-0.341796875,-0.54931640625,-0.64697265625,-0.03662109375,-0.35400390625,-0.30517578125,-0.67138671875,-0.244140625,-0.146484375,-0.03662109375,-0.634765625,-0.1708984375,-0.4150390625,0.10986328125,0.59814453125,-0.03662109375,1.1962890625,-0.1220703125,0.50048828125,0.2197265625,-0.146484375,-0.1220703125,0.7568359375,-0.40283203125,0.6103515625,0.537109375,0.45166015625,-0.1220703125,0.48828125,0.37841796875,0.1708984375,0.40283203125,0.28076171875,-0.1708984375,1.06201171875,0.146484375,0.23193359375,0.0244140625,0.244140625,0.01220703125,0.35400390625,-0.1708984375,0.86669921875,-0.01220703125,0.0244140625,0.06103515625,1.40380859375,0.0732421875,-0.89111328125,-0.0244140625,-0.3173828125,-0.1708984375,-0.98876953125,-0.13427734375,-0.74462890625,0.13427734375,-1.4892578125,-0.01220703125,-0.2197265625,0.0244140625,-0.25634765625,-0.06103515625,-1.23291015625,-0.18310546875,1.1962890625,0.06103515625,4.5166015625,-0.146484375,0.81787109375,-0.03662109375,2.05078125,-0.03662109375,-0.69580078125,0.2685546875,-1.42822265625,-0.23193359375,-1.0498046875,0.0244140625,0.40283203125,-0.23193359375,5.2734375,-0.08544921875,5.419921875,-0.048828125,3.62548828125,0.18310546875,10.107421875,-0.20751953125,0.03662109375,-0.1220703125,0.830078125,-0.06103515625,-0.47607421875,-0.13427734375,-0.50048828125
0,0.1953125,-0.3662109375,0.244140625,-0.15869140625,-0.09765625,-0.390625,0.01220703125,0.03662109375,0.18310546875,2.38037109375,-0.25634765625,1.3916015625,-0.25634765625,2.96630859375,-0.20751953125,9.2529296875,0.10986328125,-0.37841796875,0.0732421875,-0.048828125,0.146484375,0.59814453125,0.30517578125,-0.54931640625,-0.13427734375,-0.1220703125,-0.01220703125,-0.7568359375,0.30517578125,0.96435546875,0.10986328125,0.244140625,0.1220703125,-0.37841796875,-0.48828125,-0.74462890625,0,-0.35400390625,-0.28076171875,-0.68359375,-0.1220703125,-0.146484375,-0.048828125,-0.634765625,-0.10986328125,-0.4150390625,0.13427734375,0.5859375,-0.10986328125,1.18408203125,-0.146484375,0.50048828125,0.1953125,-0.146484375,-0.1953125,0.76904296875,-0.37841796875,0.634765625,0.59814453125,0.439453125,-0.23193359375,0.48828125,0.32958984375,0.18310546875,0.42724609375,0.3173828125,-0.25634765625,1.06201171875,0.13427734375,0.25634765625,-0.0244140625,0.28076171875,-0.0244140625,0.341796875,-0.2197265625,0.86669921875,0.06103515625,0.01220703125,0.048828125,1.40380859375,0.048828125,-0.89111328125,-0.0732421875,-0.30517578125,-0.08544921875,-0.98876953125,-0.146484375,-0.7568359375,0.1220703125,-1.50146484375,-0.0244140625,-0.20751953125,-0.13427734375,-0.244140625,0,-1.1962890625,-0.2685546875,1.01318359375,-0.03662109375,4.0771484375,-0.10986328125,0.67138671875,-0.0244140625,1.8798828125,-0.01220703125,-0.69580078125,0.20751953125,-1.45263671875,-0.15869140625,-1.0498046875,0.03662109375,0.40283203125,-0.25634765625,5.11474609375,-0.06103515625,5.26123046875,-0.048828125,3.4912109375,0.0244140625,9.89990234375,-0.20751953125,0,-0.1220703125,0.81787109375,-0.0244140625,-0.48828125,-0.146484375,-0.5126953125
0,0.15869140625,-0.3662109375,0.244140625,-0.146484375,-0.13427734375,-0.390625,0.0244140625,0.0244140625,0.18310546875,2.4169921875,-0.2685546875,1.3916015625,-0.29296875,2.978515625,-0.20751953125,9.43603515625,0.01220703125,-0.4150390625,-0.09765625,-0.0732421875,0.1220703125,0.634765625,0.1708984375,-0.5615234375,-0.18310546875,-0.09765625,0.03662109375,-0.732421875,0.4150390625,0.96435546875,0.13427734375,0.244140625,0.146484375,-0.3662109375,-0.439453125,-0.830078125,0,-0.37841796875,-0.244140625,-0.67138671875,-0.03662109375,-0.15869140625,-0.01220703125,-0.62255859375,-0.048828125,-0.4150390625,0.146484375,0.5859375,-0.13427734375,1.1474609375,-0.10986328125,0.50048828125,0.18310546875,-0.09765625,-0.244140625,0.76904296875,-0.32958984375,0.634765625,0.69580078125,0.45166015625,-0.32958984375,0.50048828125,0.30517578125,0.1708984375,0.3662109375,0.29296875,-0.29296875,1.0498046875,0.1220703125,0.25634765625,-0.048828125,0.28076171875,-0.06103515625,0.32958984375,-0.2685546875,0.830078125,0.09765625,0.01220703125,-0.01220703125,1.3916015625,0,-0.89111328125,-0.048828125,-0.30517578125,-0.0244140625,-0.96435546875,-0.13427734375,-0.732421875,0.1220703125,-1.4892578125,-0.03662109375,-0.1953125,-0.32958984375,-0.25634765625,0.01220703125,-1.220703125,-0.3662109375,0.91552734375,-0.146484375,3.72314453125,-0.08544921875,0.52490234375,-0.03662109375,1.7333984375,0.06103515625,-0.69580078125,0.09765625,-1.416015625,-0.06103515625,-1.0498046875,0.048828125,0.40283203125,-0.2685546875,4.94384765625,-0.06103515625,5.04150390625,-0.048828125,3.3447265625,-0.06103515625,9.55810546875,-0.23193359375,0.01220703125,-0.09765625,0.8544921875,-0.0244140625,-0.48828125,-0.146484375,-0.52490234375
0,0.18310546875,-0.3662109375,0.244140625,-0.13427734375,-0.1220703125,-0.40283203125,0,0.01220703125,0.18310546875,2.3681640625,-0.25634765625,1.33056640625,-0.3173828125,2.9541015625,-0.1953125,9.3994140625,0.01220703125,-0.439453125,-0.18310546875,-0.06103515625,0.09765625,0.68359375,0.0244140625,-0.54931640625,-0.146484375,-0.1220703125,0.048828125,-0.74462890625,0.4638671875,0.9765625,0.146484375,0.23193359375,0.1708984375,-0.3662109375,-0.341796875,-0.9033203125,-0.01220703125,-0.42724609375,-0.1708984375,-0.68359375,0.0244140625,-0.1708984375,0.0244140625,-0.6103515625,0.0244140625,-0.390625,0.15869140625,0.57373046875,-0.1708984375,1.15966796875,-0.048828125,0.48828125,0.1708984375,-0.0732421875,-0.2685546875,0.76904296875,-0.2685546875,0.6591796875,0.68359375,0.4150390625,-0.37841796875,0.50048828125,0.244140625,0.18310546875,0.2685546875,0.30517578125,-0.32958984375,1.06201171875,0.1220703125,0.28076171875,-0.10986328125,0.29296875,-0.08544921875,0.3173828125,-0.29296875,0.81787109375,0.1708984375,0,-0.03662109375,1.37939453125,-0.03662109375,-0.9033203125,-0.0244140625,-0.2685546875,0.01220703125,-0.93994140625,-0.08544921875,-0.74462890625,0.06103515625,-1.46484375,-0.06103515625,-0.1953125,-0.42724609375,-0.28076171875,-0.01220703125,-1.20849609375,-0.390625,0.830078125,-0.20751953125,3.466796875,-0.08544921875,0.40283203125,-0.06103515625,1.62353515625,0.1708984375,-0.67138671875,-0.09765625,-1.42822265625,0,-1.0498046875,0.0244140625,0.4150390625,-0.29296875,4.7607421875,-0.0732421875,4.82177734375,-0.0732421875,3.173828125,-0.146484375,9.09423828125,-0.2197265625,0.01220703125,-0.08544921875,0.87890625,-0.03662109375,-0.48828125,-0.15869140625,-0.5126953125
0,0.13427734375,-0.3662109375,0.23193359375,-0.13427734375,-0.13427734375,-0.390625,0,0.03662109375,0.1953125,2.2705078125,-0.2685546875,1.20849609375,-0.341796875,2.8564453125,-0.18310546875,9.1552734375,-0.08544921875,-0.42724609375,-0.244140625,-0.08544921875,0.1220703125,0.74462890625,-0.1708984375,-0.5615234375,-0.15869140625,-0.09765625,0.03662109375,-0.7568359375,0.48828125,0.9765625,0.18310546875,0.23193359375,0.09765625,-0.3662109375,-0.23193359375,-0.927734375,-0.048828125,-0.4638671875,-0.08544921875,-0.7080078125,0.08544921875,-0.1708984375,-0.048828125,-0.62255859375,0.08544921875,-0.4150390625,0.146484375,0.5615234375,-0.15869140625,1.13525390625,0.048828125,0.48828125,0.06103515625,-0.06103515625,-0.244140625,0.7568359375,-0.25634765625,0.67138671875,0.67138671875,0.439453125,-0.37841796875,0.50048828125,0.23193359375,0.1708984375,0.146484375,0.29296875,-0.37841796875,1.0498046875,0.08544921875,0.2685546875,-0.146484375,0.28076171875,-0.13427734375,0.30517578125,-0.32958984375,0.84228515625,0.2197265625,0.01220703125,-0.09765625,1.3427734375,-0.048828125,-0.89111328125,0.03662109375,-0.2685546875,0.06103515625,-0.927734375,-0.06103515625,-0.7568359375,0.01220703125,-1.46484375,-0.08544921875,-0.18310546875,-0.439453125,-0.25634765625,-0.08544921875,-1.20849609375,-0.35400390625,0.76904296875,-0.3173828125,3.2470703125,-0.09765625,0.32958984375,-0.08544921875,1.50146484375,0.25634765625,-0.69580078125,-0.244140625,-1.416015625,0.0244140625,-1.03759765625,0.0244140625,0.42724609375,-0.3173828125,4.57763671875,-0.08544921875,4.58984375,-0.08544921875,3.03955078125,-0.18310546875,8.544921875,-0.2197265625,0.03662109375,-0.0732421875,0.89111328125,-0.03662109375,-0.4638671875,-0.146484375,-0.48828125
1,0.09765625,-0.3662109375,0.2197265625,-0.09765625,-0.08544921875,-0.40283203125,0,0.03662109375,0.1708984375,2.11181640625,-0.28076171875,1.0498046875,-0.37841796875,2.74658203125,-0.20751953125,8.69140625,-0.146484375,-0.439453125,-0.29296875,-0.03662109375,0.09765625,0.79345703125,-0.390625,-0.57373046875,-0.10986328125,-0.1220703125,0.06103515625,-0.76904296875,0.40283203125,0.98876953125,0.23193359375,0.23193359375,0.01220703125,-0.35400390625,-0.18310546875,-0.93994140625,-0.08544921875,-0.48828125,0,-0.72021484375,0.1220703125,-0.18310546875,-0.03662109375,-0.62255859375,0.1708984375,-0.40283203125,0.1220703125,0.54931640625,-0.03662109375,1.1474609375,0.10986328125,0.50048828125,0.03662109375,-0.08544921875,-0.2197265625,0.78125,-0.29296875,0.6591796875,0.72021484375,0.42724609375,-0.4150390625,0.48828125,0.244140625,0.15869140625,0.03662109375,0.2685546875,-0.390625,1.03759765625,0.08544921875,0.25634765625,-0.1708984375,0.244140625,-0.1953125,0.29296875,-0.32958984375,0.8056640625,0.25634765625,0.0244140625,-0.1708984375,1.35498046875,-0.06103515625,-0.9033203125,0.10986328125,-0.244140625,0.1220703125,-0.91552734375,-0.048828125,-0.74462890625,-0.01220703125,-1.46484375,-0.146484375,-0.20751953125,-0.35400390625,-0.28076171875,-0.18310546875,-1.20849609375,-0.28076171875,0.72021484375,-0.40283203125,3.03955078125,-0.09765625,0.32958984375,-0.0732421875,1.416015625,0.28076171875,-0.7080078125,-0.3662109375,-1.42822265625,0.03662109375,-1.06201171875,0.01220703125,0.439453125,-0.3173828125,4.38232421875,-0.08544921875,4.40673828125,-0.06103515625,2.9052734375,-0.20751953125,7.9833984375,-0.20751953125,0.0244140625,-0.08544921875,0.87890625,-0.06103515625,-0.45166015625,-0.13427734375,-0.47607421875
1,0.01220703125,-0.3662109375,0.2197265625,-0.0732421875,-0.10986328125,-0.40283203125,-0.0244140625,0.0244140625,0.1220703125,1.91650390625,-0.25634765625,0.8544921875,-0.341796875,2.587890625,-0.2197265625,8.056640625,-0.2197265625,-0.42724609375,-0.2685546875,-0.0244140625,-0.048828125,0.86669921875,-0.5126953125,-0.537109375,-0.08544921875,-0.15869140625,0.08544921875,-0.78125,0.29296875,0.9765625,0.25634765625,0.23193359375,-0.048828125,-0.30517578125,-0.15869140625,-0.91552734375,-0.1220703125,-0.47607421875,0.0244140625,-0.732421875,0.13427734375,-0.2197265625,-0.0732421875,-0.634765625,0.244140625,-0.40283203125,0.10986328125,0.54931640625,0.048828125,1.1474609375,0.146484375,0.48828125,0.0244140625,-0.09765625,-0.1953125,0.78125,-0.341796875,0.64697265625,0.74462890625,0.45166015625,-0.3662109375,0.4638671875,0.23193359375,0.15869140625,-0.03662109375,0.25634765625,-0.35400390625,1.03759765625,0.06103515625,0.25634765625,-0.20751953125,0.20751953125,-0.25634765625,0.29296875,-0.32958984375,0.84228515625,0.28076171875,0.0244140625,-0.18310546875,1.3427734375,-0.06103515625,-0.87890625,0.13427734375,-0.25634765625,0.10986328125,-0.89111328125,-0.01220703125,-0.72021484375,-0.0244140625,-1.45263671875,-0.1708984375,-0.2197265625,-0.1708984375,-0.2685546875,-0.2685546875,-1.220703125,-0.1708984375,0.6591796875,-0.40283203125,2.880859375,-0.10986328125,0.341796875,-0.048828125,1.33056640625,0.20751953125,-0.7080078125,-0.4150390625,-1.4404296875,0.0244140625,-1.0498046875,0.01220703125,0.45166015625,-0.32958984375,4.19921875,-0.08544921875,4.19921875,-0.09765625,2.74658203125,-0.1220703125,7.4462890625,-0.2197265625,0.03662109375,-0.0732421875,0.86669921875,-0.048828125,-0.439453125,-0.09765625,-0.45166015625
1,-0.06103515625,-0.3662109375,0.20751953125,-0.048828125,-0.06103515625,-0.4150390625,-0.03662109375,0.0244140625,0.09765625,1.67236328125,-0.28076171875,0.634765625,-0.32958984375,2.38037109375,-0.28076171875,7.2998046875,-0.23193359375,-0.390625,-0.244140625,0.048828125,-0.18310546875,0.927734375,-0.57373046875,-0.5126953125,-0.03662109375,-0.15869140625,0.06103515625,-0.78125,0.18310546875,0.9521484375,0.23193359375,0.244140625,-0.13427734375,-0.29296875,-0.2685546875,-0.86669921875,-0.15869140625,-0.48828125,0,-0.72021484375,0.10986328125,-0.1953125,-0.08544921875,-0.6591796875,0.29296875,-0.390625,0.048828125,0.54931640625,0.13427734375,1.1962890625,0.13427734375,0.5126953125,0.03662109375,-0.08544921875,-0.18310546875,0.79345703125,-0.45166015625,0.6591796875,0.7080078125,0.45166015625,-0.32958984375,0.48828125,0.244140625,0.146484375,-0.13427734375,0.244140625,-0.35400390625,1.0498046875,0.01220703125,0.244140625,-0.20751953125,0.1953125,-0.32958984375,0.28076171875,-0.341796875,0.8544921875,0.29296875,0.03662109375,-0.18310546875,1.318359375,-0.01220703125,-0.9033203125,0.15869140625,-0.2685546875,0.09765625,-0.93994140625,0.01220703125,-0.732421875,-0.0244140625,-1.46484375,-0.1953125,-0.25634765625,-0.01220703125,-0.2685546875,-0.2685546875,-1.220703125,-0.09765625,0.5859375,-0.30517578125,2.6611328125,-0.15869140625,0.30517578125,-0.03662109375,1.2451171875,0.13427734375,-0.7080078125,-0.3662109375,-1.46484375,-0.01220703125,-1.01318359375,0.01220703125,0.47607421875,-0.32958984375,4.0283203125,-0.08544921875,4.0283203125,-0.0732421875,2.6123046875,-0.1220703125,6.982421875,-0.20751953125,0.06103515625,-0.048828125,0.86669921875,-0.09765625,-0.45166015625,-0.08544921875,-0.4638671875
1,-0.0732421875,-0.35400390625,0.23193359375,-0.048828125,-0.1220703125,-0.40283203125,-0.03662109375,0,0.03662109375,1.42822265625,-0.28076171875,0.40283203125,-0.30517578125,2.18505859375,-0.35400390625,6.396484375,-0.28076171875,-0.32958984375,-0.1708984375,0.09765625,-0.20751953125,0.9765625,-0.45166015625,-0.47607421875,-0.0244140625,-0.146484375,0.048828125,-0.79345703125,0.09765625,0.9521484375,0.20751953125,0.244140625,-0.15869140625,-0.2685546875,-0.390625,-0.81787109375,-0.1708984375,-0.45166015625,0,-0.7080078125,0.048828125,-0.20751953125,-0.0732421875,-0.6591796875,0.29296875,-0.390625,-0.01220703125,0.54931640625,0.1953125,1.1962890625,0.09765625,0.50048828125,0,-0.10986328125,-0.20751953125,0.7568359375,-0.5615234375,0.6591796875,0.69580078125,0.4638671875,-0.25634765625,0.47607421875,0.30517578125,0.1220703125,-0.2197265625,0.244140625,-0.3173828125,1.03759765625,0.01220703125,0.23193359375,-0.1953125,0.18310546875,-0.35400390625,0.29296875,-0.32958984375,0.8544921875,0.30517578125,0.0244140625,-0.15869140625,1.33056640625,0.0244140625,-0.91552734375,0.15869140625,-0.2685546875,0.03662109375,-0.9521484375,0.06103515625,-0.74462890625,-0.0244140625,-1.46484375,-0.23193359375,-0.244140625,0.146484375,-0.28076171875,-0.23193359375,-1.220703125,-0.06103515625,0.48828125,-0.1953125,2.4169921875,-0.1708984375,0.2685546875,0.01220703125,1.13525390625,-0.03662109375,-0.72021484375,-0.28076171875,-1.45263671875,-0.06103515625,-1.01318359375,0,0.48828125,-0.341796875,3.84521484375,-0.0732421875,3.86962890625,-0.06103515625,2.490234375,-0.1708984375,6.6162109375,-0.20751953125,0.09765625,-0.0732421875,0.830078125,-0.0732421875,-0.42724609375,-0.06103515625,-0.45166015625
1,-0.06103515625,-0.35400390625,0.28076171875,-0.0244140625,-0.1220703125,-0.40283203125,-0.03662109375,0,0.0244140625,1.1962890625,-0.2685546875,0.18310546875,-0.28076171875,1.9775390625,-0.42724609375,5.419921875,-0.244140625,-0.244140625,-0.10986328125,0.18310546875,-0.2197265625,0.98876953125,-0.244140625,-0.390625,-0.0244140625,-0.15869140625,0.0244140625,-0.8056640625,0.08544921875,0.93994140625,0.13427734375,0.244140625,-0.10986328125,-0.2685546875,-0.47607421875,-0.78125,-0.18310546875,-0.4150390625,-0.048828125,-0.732421875,-0.048828125,-0.18310546875,-0.048828125,-0.67138671875,0.2685546875,-0.37841796875,-0.06103515625,0.5615234375,0.244140625,1.20849609375,0.0732421875,0.5126953125,0.06103515625,-0.13427734375,-0.244140625,0.7568359375,-0.6103515625,0.64697265625,0.6591796875,0.47607421875,-0.18310546875,0.47607421875,0.3662109375,0.09765625,-0.28076171875,0.25634765625,-0.30517578125,1.0498046875,0,0.20751953125,-0.146484375,0.1953125,-0.439453125,0.32958984375,-0.3173828125,0.87890625,0.28076171875,0.03662109375,-0.08544921875,1.35498046875,0.06103515625,-0.93994140625,0.1220703125,-0.29296875,0,-0.9521484375,0.048828125,-0.7568359375,-0.03662109375,-1.4892578125,-0.1953125,-0.2685546875,0.23193359375,-0.28076171875,-0.1708984375,-1.23291015625,-0.048828125,0.30517578125,-0.06103515625,2.06298828125,-0.244140625,0.15869140625,-0.0244140625,1.0009765625,-0.15869140625,-0.7080078125,-0.13427734375,-1.46484375,-0.13427734375,-1.0009765625,-0.03662109375,0.4638671875,-0.35400390625,3.67431640625,-0.06103515625,3.67431640625,-0.0732421875,2.34375,-0.1953125,6.34765625,-0.18310546875,0.10986328125,-0.06103515625,0.830078125,-0.0732421875,-0.45166015625,-0.08544921875,-0.45166015625
1,-0.1220703125,-0.35400390625,0.2685546875,-0.01220703125,-0.09765625,-0.390625,-0.048828125,0.01220703125,0.01220703125,0.927734375,-0.2685546875,-0.06103515625,-0.28076171875,1.7333984375,-0.4638671875,4.39453125,-0.1953125,-0.146484375,-0.06103515625,0.2685546875,-0.32958984375,1.01318359375,-0.0732421875,-0.341796875,-0.01220703125,-0.146484375,-0.0244140625,-0.79345703125,0.06103515625,0.93994140625,-0.01220703125,0.244140625,-0.03662109375,-0.244140625,-0.57373046875,-0.7568359375,-0.18310546875,-0.37841796875,-0.06103515625,-0.7080078125,-0.1953125,-0.18310546875,-0.03662109375,-0.67138671875,0.23193359375,-0.4150390625,-0.1220703125,0.57373046875,0.244140625,1.20849609375,0.0244140625,0.5126953125,0.13427734375,-0.1220703125,-0.2685546875,0.7568359375,-0.68359375,0.64697265625,0.6103515625,0.50048828125,-0.048828125,0.48828125,0.4150390625,0.1220703125,-0.35400390625,0.29296875,-0.30517578125,1.06201171875,-0.048828125,0.1953125,-0.10986328125,0.1953125,-0.48828125,0.35400390625,-0.244140625,0.87890625,0.2197265625,0.0244140625,-0.03662109375,1.35498046875,0.09765625,-0.93994140625,0.09765625,-0.30517578125,-0.03662109375,-0.96435546875,0.0244140625,-0.76904296875,-0.03662109375,-1.47705078125,-0.146484375,-0.28076171875,0.20751953125,-0.29296875,-0.03662109375,-1.220703125,-0.0244140625,0.1220703125,0.06103515625,1.59912109375,-0.2685546875,0.0244140625,-0.0244140625,0.81787109375,-0.23193359375,-0.69580078125,-0.03662109375,-1.46484375,-0.20751953125,-1.0009765625,-0.048828125,0.4638671875,-0.3662109375,3.4912109375,-0.06103515625,3.50341796875,-0.0732421875,2.197265625,-0.23193359375,6.1279296875,-0.1708984375,0.10986328125,-0.048828125,0.81787109375,-0.048828125,-0.47607421875,-0.10986328125,-0.47607421875
1,-0.13427734375,-0.341796875,0.2197265625,0.03662109375,-0.1220703125,-0.390625,-0.048828125,0.03662109375,0.0244140625,0.7080078125,-0.2685546875,-0.28076171875,-0.28076171875,1.513671875,-0.5126953125,3.3935546875,-0.0732421875,-0.048828125,0.0244140625,0.3662109375,-0.29296875,1.025390625,0.146484375,-0.2685546875,-0.03662109375,-0.13427734375,-0.048828125,-0.7568359375,0.0244140625,0.93994140625,-0.18310546875,0.244140625,0.01220703125,-0.244140625,-0.5859375,-0.7568359375,-0.2197265625,-0.32958984375,-0.09765625,-0.7080078125,-0.341796875,-0.15869140625,-0.01220703125,-0.64697265625,0.146484375,-0.390625,-0.15869140625,0.5859375,0.20751953125,1.1962890625,-0.06103515625,0.5126953125,0.146484375,-0.08544921875,-0.25634765625,0.76904296875,-0.69580078125,0.64697265625,0.6591796875,0.50048828125,0.03662109375,0.48828125,0.4638671875,0.10986328125,-0.390625,0.341796875,-0.23193359375,1.03759765625,-0.048828125,0.20751953125,-0.0732421875,0.23193359375,-0.5126953125,0.37841796875,-0.20751953125,0.86669921875,0.2197265625,0.0244140625,0.0244140625,1.37939453125,0.08544921875,-0.96435546875,0.0732421875,-0.30517578125,-0.0732421875,-0.96435546875,-0.01220703125,-0.78125,-0.03662109375,-1.4892578125,-0.06103515625,-0.29296875,0.15869140625,-0.29296875,0.09765625,-1.2451171875,-0.01220703125,-0.10986328125,0.18310546875,1.08642578125,-0.2685546875,-0.20751953125,-0.03662109375,0.6591796875,-0.2197265625,-0.67138671875,0.0244140625,-1.45263671875,-0.2685546875,-1.025390625,-0.048828125,0.45166015625,-0.37841796875,3.35693359375,-0.0732421875,3.30810546875,-0.06103515625,2.0751953125,-0.2197265625,5.95703125,-0.1708984375,0.146484375,-0.08544921875,0.8056640625,-0.03662109375,-0.48828125,-0.13427734375,-0.47607421875
1,-0.1953125,-0.29296875,0.1953125,0.06103515625,-0.08544921875,-0.37841796875,-0.06103515625,0.0732421875,0.01220703125,0.47607421875,-0.244140625,-0.5126953125,-0.28076171875,1.318359375,-0.57373046875,2.44140625,0.0244140625,0.01220703125,0.0244140625,0.439453125,-0.2197265625,1.025390625,0.25634765625,-0.1953125,-0.08544921875,-0.13427734375,-0.08544921875,-0.7568359375,0,0.9521484375,-0.30517578125,0.2197265625,-0.03662109375,-0.28076171875,-0.6591796875,-0.79345703125,-0.28076171875,-0.32958984375,-0.146484375,-0.69580078125,-0.45166015625,-0.15869140625,-0.03662109375,-0.64697265625,0.08544921875,-0.42724609375,-0.15869140625,0.5859375,0.15869140625,1.171875,-0.1220703125,0.52490234375,0.1953125,-0.03662109375,-0.23193359375,0.76904296875,-0.67138671875,0.634765625,0.5859375,0.47607421875,0.2197265625,0.5126953125,0.50048828125,0.1220703125,-0.4150390625,0.390625,-0.1708984375,1.06201171875,-0.06103515625,0.244140625,-0.03662109375,0.2685546875,-0.57373046875,0.390625,-0.15869140625,0.86669921875,0.1953125,0.0244140625,0.09765625,1.40380859375,0.03662109375,-0.98876953125,0.0244140625,-0.3173828125,-0.06103515625,-0.9521484375,-0.10986328125,-0.76904296875,-0.03662109375,-1.4892578125,0.0244140625,-0.29296875,0.06103515625,-0.29296875,0.25634765625,-1.220703125,0.01220703125,-0.32958984375,0.2197265625,0.54931640625,-0.2197265625,-0.4150390625,-0.0244140625,0.439453125,-0.10986328125,-0.6591796875,0.048828125,-1.4404296875,-0.25634765625,-1.025390625,-0.0732421875,0.4150390625,-0.390625,3.21044921875,-0.08544921875,3.125,-0.0732421875,1.953125,-0.244140625,5.7373046875,-0.18310546875,0.146484375,-0.06103515625,0.81787109375,0.01220703125,-0.48828125,-0.13427734375,-0.48828125
1,-0.244140625,-0.2685546875,0.18310546875,0.048828125,-0.09765625,-0.390625,-0.03662109375,0.0732421875,0,0.25634765625,-0.20751953125,-0.68359375,-0.30517578125,1.0986328125,-0.62255859375,1.513671875,0.1220703125,0.06103515625,0,0.47607421875,-0.06103515625,1.0009765625,0.2197265625,-0.18310546875,-0.18310546875,-0.1220703125,-0.08544921875,-0.7568359375,-0.06103515625,0.93994140625,-0.35400390625,0.2197265625,-0.1220703125,-0.29296875,-0.6591796875,-0.81787109375,-0.28076171875,-0.341796875,-0.1708984375,-0.69580078125,-0.54931640625,-0.15869140625,-0.0732421875,-0.634765625,0.01220703125,-0.4150390625,-0.09765625,0.59814453125,0.09765625,1.1474609375,-0.2197265625,0.537109375,0.23193359375,0.01220703125,-0.1953125,0.76904296875,-0.64697265625,0.64697265625,0.5859375,0.4638671875,0.32958984375,0.5126953125,0.4638671875,0.13427734375,-0.390625,0.42724609375,-0.10986328125,1.06201171875,-0.06103515625,0.244140625,-0.0244140625,0.29296875,-0.59814453125,0.4150390625,-0.1220703125,0.86669921875,0.18310546875,0.0244140625,0.10986328125,1.40380859375,-0.0244140625,-0.9765625,0.01220703125,-0.30517578125,-0.0732421875,-0.91552734375,-0.1953125,-0.76904296875,-0.03662109375,-1.46484375,0.09765625,-0.2685546875,-0.0244140625,-0.29296875,0.37841796875,-1.220703125,0.048828125,-0.537109375,0.23193359375,0.03662109375,-0.20751953125,-0.6103515625,-0.01220703125,0.2685546875,0.03662109375,-0.68359375,-0.01220703125,-1.416015625,-0.23193359375,-1.03759765625,-0.08544921875,0.40283203125,-0.37841796875,3.06396484375,-0.08544921875,2.89306640625,-0.08544921875,1.81884765625,-0.1220703125,5.419921875,-0.1708984375,0.146484375,-0.0732421875,0.8056640625,-0.01220703125,-0.48828125,-0.10986328125,-0.48828125
1,-0.23193359375,-0.23193359375,0.20751953125,0.03662109375,-0.13427734375,-0.390625,-0.0732421875,0.0732421875,0.01220703125,0.03662109375,-0.244140625,-0.87890625,-0.3173828125,0.927734375,-0.69580078125,0.72021484375,0.15869140625,0.048828125,-0.0244140625,0.4638671875,0.1220703125,1.0009765625,0.1220703125,-0.18310546875,-0.2685546875,-0.1220703125,-0.09765625,-0.76904296875,-0.10986328125,0.9521484375,-0.32958984375,0.23193359375,-0.20751953125,-0.30517578125,-0.54931640625,-0.84228515625,-0.29296875,-0.3662109375,-0.15869140625,-0.69580078125,-0.5615234375,-0.1708984375,-0.08544921875,-0.64697265625,0,-0.42724609375,-0.0732421875,0.5859375,0.06103515625,1.13525390625,-0.3173828125,0.537109375,0.23193359375,0.08544921875,-0.1953125,0.78125,-0.5615234375,0.6591796875,0.59814453125,0.4638671875,0.390625,0.52490234375,0.4150390625,0.1220703125,-0.35400390625,0.4150390625,-0.03662109375,1.03759765625,-0.06103515625,0.23193359375,-0.01220703125,0.30517578125,-0.62255859375,0.37841796875,-0.09765625,0.8544921875,0.1708984375,0.0244140625,0.13427734375,1.3916015625,-0.08544921875,-0.98876953125,-0.03662109375,-0.30517578125,-0.08544921875,-0.91552734375,-0.2685546875,-0.76904296875,-0.01220703125,-1.47705078125,0.15869140625,-0.25634765625,-0.048828125,-0.29296875,0.42724609375,-1.25732421875,0.0244140625,-0.62255859375,0.1953125,-0.3173828125,-0.18310546875,-0.72021484375,-0.0244140625,0.1708984375,0.20751953125,-0.67138671875,-0.09765625,-1.40380859375,-0.1953125,-1.03759765625,-0.10986328125,0.4150390625,-0.37841796875,2.86865234375,-0.03662109375,2.64892578125,-0.0732421875,1.6357421875,-0.15869140625,4.931640625,-0.1708984375,0.13427734375,-0.08544921875,0.81787109375,0,-0.5126953125,-0.0732421875,-0.48828125
1,-0.29296875,-0.18310546875,0.244140625,0,-0.1220703125,-0.37841796875,-0.08544921875,0.06103515625,0.06103515625,-0.13427734375,-0.1708984375,-1.03759765625,-0.341796875,0.78125,-0.67138671875,0.03662109375,0.18310546875,0,-0.0244140625,0.40283203125,0.3662109375,1.0009765625,-0.01220703125,-0.23193359375,-0.3173828125,-0.13427734375,-0.1220703125,-0.76904296875,-0.1220703125,0.96435546875,-0.23193359375,0.25634765625,-0.32958984375,-0.32958984375,-0.40283203125,-0.87890625,-0.32958984375,-0.40283203125,-0.1708984375,-0.69580078125,-0.50048828125,-0.18310546875,-0.08544921875,-0.64697265625,-0.048828125,-0.4150390625,-0.0244140625,0.5859375,-0.03662109375,1.123046875,-0.3662109375,0.50048828125,0.28076171875,0.1708984375,-0.18310546875,0.78125,-0.4638671875,0.6591796875,0.59814453125,0.4638671875,0.4638671875,0.54931640625,0.35400390625,0.1220703125,-0.30517578125,0.390625,0.01220703125,1.03759765625,-0.0244140625,0.25634765625,-0.0244140625,0.28076171875,-0.59814453125,0.341796875,-0.048828125,0.87890625,0.13427734375,0.01220703125,0.15869140625,1.37939453125,-0.1708984375,-0.9765625,-0.0732421875,-0.29296875,-0.10986328125,-0.91552734375,-0.341796875,-0.78125,0,-1.47705078125,0.18310546875,-0.25634765625,-0.08544921875,-0.30517578125,0.42724609375,-1.2451171875,0,-0.68359375,0.048828125,-0.40283203125,-0.1708984375,-0.830078125,-0.0244140625,0.15869140625,0.390625,-0.67138671875,-0.1708984375,-1.42822265625,-0.13427734375,-1.03759765625,-0.1708984375,0.42724609375,-0.40283203125,2.6123046875,-0.0244140625,2.33154296875,-0.08544921875,1.4404296875,-0.1220703125,4.2724609375,-0.146484375,0.06103515625,-0.09765625,0.81787109375,0,-0.48828125,-0.06103515625,-0.50048828125
1,-0.30517578125,-0.18310546875,0.244140625,-0.048828125,-0.10986328125,-0.3662109375,-0.09765625,0.0244140625,0.0732421875,-0.29296875,-0.15869140625,-1.171875,-0.32958984375,0.67138671875,-0.6591796875,-0.47607421875,0.1708984375,-0.0732421875,0.0244140625,0.341796875,0.537109375,1.03759765625,-0.1220703125,-0.25634765625,-0.37841796875,-0.13427734375,-0.10986328125,-0.79345703125,-0.1220703125,0.9521484375,-0.048828125,0.244140625,-0.3662109375,-0.37841796875,-0.29296875,-0.89111328125,-0.28076171875,-0.4638671875,-0.1220703125,-0.69580078125,-0.390625,-0.1708984375,-0.08544921875,-0.64697265625,-0.03662109375,-0.42724609375,-0.03662109375,0.5615234375,-0.0732421875,1.123046875,-0.3662109375,0.50048828125,0.244140625,0.244140625,-0.13427734375,0.76904296875,-0.40283203125,0.67138671875,0.6103515625,0.47607421875,0.439453125,0.5615234375,0.3662109375,0.13427734375,-0.2685546875,0.341796875,0.048828125,1.03759765625,0.01220703125,0.244140625,-0.048828125,0.25634765625,-0.5126953125,0.3173828125,-0.048828125,0.86669921875,0.146484375,0.0244140625,0.13427734375,1.37939453125,-0.1953125,-0.96435546875,-0.1220703125,-0.30517578125,-0.1220703125,-0.927734375,-0.341796875,-0.78125,0.01220703125,-1.4892578125,0.146484375,-0.244140625,-0.0244140625,-0.29296875,0.3173828125,-1.26953125,-0.0732421875,-0.6103515625,0,-0.244140625,-0.15869140625,-0.79345703125,-0.01220703125,0.2197265625,0.47607421875,-0.68359375,-0.18310546875,-1.416015625,-0.09765625,-1.0498046875,-0.1953125,0.4150390625,-0.4638671875,2.2705078125,-0.0244140625,1.98974609375,-0.0732421875,1.220703125,-0.06103515625,3.45458984375,-0.13427734375,0.048828125,-0.08544921875,0.8056640625,-0.01220703125,-0.47607421875,-0.048828125,-0.50048828125
1,-0.30517578125,-0.1708984375,0.18310546875,-0.10986328125,-0.09765625,-0.341796875,-0.0732421875,0.01220703125,0.08544921875,-0.40283203125,-0.08544921875,-1.2451171875,-0.30517578125,0.62255859375,-0.64697265625,-0.89111328125,0.08544921875,-0.10986328125,0.01220703125,0.30517578125,0.59814453125,1.1474609375,-0.2685546875,-0.28076171875,-0.40283203125,-0.146484375,-0.08544921875,-0.8056640625,-0.13427734375,0.9521484375,0.13427734375,0.244140625,-0.30517578125,-0.37841796875,-0.1953125,-0.87890625,-0.23193359375,-0.48828125,-0.1220703125,-0.7080078125,-0.2685546875,-0.18310546875,-0.06103515625,-0.64697265625,0.01220703125,-0.40283203125,-0.01220703125,0.57373046875,-0.09765625,1.1474609375,-0.28076171875,0.48828125,0.1953125,0.3173828125,-0.06103515625,0.74462890625,-0.35400390625,0.6591796875,0.5859375,0.4638671875,0.341796875,0.54931640625,0.42724609375,0.13427734375,-0.23193359375,0.30517578125,0.10986328125,1.025390625,0.01220703125,0.25634765625,-0.06103515625,0.244140625,-0.42724609375,0.2685546875,0.01220703125,0.87890625,0.146484375,0.0244140625,0.10986328125,1.3671875,-0.23193359375,-0.93994140625,-0.1953125,-0.29296875,-0.146484375,-0.93994140625,-0.35400390625,-0.78125,0.06103515625,-1.47705078125,0.08544921875,-0.23193359375,0.03662109375,-0.29296875,0.10986328125,-1.2451171875,-0.146484375,-0.4150390625,-0.13427734375,0.15869140625,-0.10986328125,-0.57373046875,0.03662109375,0.390625,0.47607421875,-0.7080078125,-0.15869140625,-1.42822265625,-0.0244140625,-1.0498046875,-0.20751953125,0.4150390625,-0.439453125,1.91650390625,-0.01220703125,1.59912109375,-0.0732421875,1.0009765625,0.01220703125,2.5146484375,-0.10986328125,0.01220703125,-0.09765625,0.8056640625,-0.048828125,-0.47607421875,-0.03662109375,-0.50048828125
1,-0.341796875,-0.20751953125,0.15869140625,-0.18310546875,-0.0732421875,-0.341796875,-0.10986328125,-0.0244140625,0.09765625,-0.47607421875,-0.03662109375,-1.30615234375,-0.2685546875,0.5615234375,-0.67138671875,-1.11083984375,0.0244140625,-0.09765625,0.0244140625,0.341796875,0.5615234375,1.3427734375,-0.28076171875,-0.25634765625,-0.390625,-0.146484375,-0.06103515625,-0.8056640625,-0.08544921875,0.96435546875,0.29296875,0.2685546875,-0.23193359375,-0.390625,-0.10986328125,-0.89111328125,-0.1708984375,-0.5126953125,-0.08544921875,-0.72021484375,-0.15869140625,-0.1953125,0,-0.64697265625,0.08544921875,-0.40283203125,-0.0244140625,0.57373046875,-0.1220703125,1.171875,-0.2197265625,0.47607421875,0.20751953125,0.3662109375,0.01220703125,0.7568359375,-0.32958984375,0.64697265625,0.50048828125,0.48828125,0.2197265625,0.54931640625,0.47607421875,0.146484375,-0.08544921875,0.25634765625,0.10986328125,1.03759765625,0.048828125,0.25634765625,-0.10986328125,0.2197265625,-0.35400390625,0.25634765625,0.06103515625,0.9033203125,0.10986328125,0.0244140625,0.048828125,1.3427734375,-0.23193359375,-0.93994140625,-0.2197265625,-0.28076171875,-0.146484375,-0.9521484375,-0.28076171875,-0.7568359375,0.08544921875,-1.4892578125,-0.01220703125,-0.2197265625,0.0732421875,-0.30517578125,-0.10986328125,-1.23291015625,-0.1953125,-0.0732421875,-0.2197265625,0.87890625,-0.03662109375,-0.25634765625,0.08544921875,0.68359375,0.40283203125,-0.732421875,-0.13427734375,-1.42822265625,0.01220703125,-1.06201171875,-0.1953125,0.439453125,-0.4150390625,1.5380859375,0,1.20849609375,-0.06103515625,0.7568359375,0.0244140625,1.57470703125,-0.10986328125,-0.01220703125,-0.13427734375,0.8056640625,-0.0732421875,-0.47607421875,-0.048828125,-0.50048828125
0,-0.37841796875,-0.25634765625,0.09765625,-0.23193359375,-0.03662109375,-0.30517578125,-0.09765625,-0.0244140625,0.08544921875,-0.48828125,-0.01220703125,-1.318359375,-0.23193359375,0.5615234375,-0.7080078125,-1.220703125,-0.06103515625,0.01220703125,0.01220703125,0.45166015625,0.45166015625,1.611328125,-0.29296875,-0.15869140625,-0.3662109375,-0.13427734375,0,-0.8056640625,-0.01220703125,0.93994140625,0.341796875,0.25634765625,-0.0732421875,-0.3662109375,-0.1220703125,-0.87890625,-0.09765625,-0.50048828125,-0.10986328125,-0.72021484375,-0.06103515625,-0.1953125,0.0732421875,-0.6591796875,0.20751953125,-0.40283203125,0,0.5615234375,-0.08544921875,1.1962890625,-0.146484375,0.50048828125,0.15869140625,0.390625,0.0732421875,0.76904296875,-0.35400390625,0.64697265625,0.42724609375,0.52490234375,0.1220703125,0.5126953125,0.57373046875,0.13427734375,0.03662109375,0.20751953125,0.09765625,1.01318359375,0.06103515625,0.244140625,-0.09765625,0.1953125,-0.30517578125,0.244140625,0.09765625,0.927734375,0.06103515625,0.03662109375,-0.01220703125,1.35498046875,-0.244140625,-0.9033203125,-0.2685546875,-0.2685546875,-0.15869140625,-0.9765625,-0.20751953125,-0.7568359375,0.10986328125,-1.4892578125,-0.08544921875,-0.18310546875,0.10986328125,-0.30517578125,-0.29296875,-1.20849609375,-0.244140625,0.341796875,-0.2197265625,1.84326171875,-0.0244140625,0.09765625,0.13427734375,1.0986328125,0.2197265625,-0.732421875,-0.048828125,-1.4404296875,0.03662109375,-1.0498046875,-0.1708984375,0.45166015625,-0.4150390625,1.18408203125,-0.01220703125,0.8544921875,-0.06103515625,0.537109375,0.01220703125,0.7568359375,-0.08544921875,-0.03662109375,-0.146484375,0.81787109375,-0.06103515625,-0.4638671875,-0.03662109375,-0.50048828125
0,-0.390625,-0.30517578125,0.1708984375,-0.2685546875,-0.0732421875,-0.29296875,-0.08544921875,-0.01220703125,0.0732421875,-0.48828125,0,-1.318359375,-0.1953125,0.5615234375,-0.69580078125,-1.20849609375,-0.1220703125,0.2685546875,-0.048828125,0.68359375,0.20751953125,2.06298828125,-0.29296875,0.048828125,-0.32958984375,-0.146484375,0.03662109375,-0.81787109375,0.10986328125,0.927734375,0.3173828125,0.25634765625,0.10986328125,-0.35400390625,-0.15869140625,-0.84228515625,-0.0244140625,-0.48828125,-0.1220703125,-0.732421875,-0.01220703125,-0.20751953125,0.146484375,-0.67138671875,0.29296875,-0.4150390625,-0.03662109375,0.57373046875,-0.08544921875,1.1962890625,-0.0732421875,0.48828125,0.1953125,0.390625,0.10986328125,0.78125,-0.37841796875,0.6591796875,0.37841796875,0.5126953125,0.03662109375,0.5126953125,0.6591796875,0.146484375,0.18310546875,0.20751953125,0.10986328125,1.01318359375,0.08544921875,0.25634765625,-0.08544921875,0.18310546875,-0.28076171875,0.25634765625,0.146484375,0.9765625,0.048828125,0.0244140625,-0.048828125,1.35498046875,-0.244140625,-0.89111328125,-0.29296875,-0.28076171875,-0.09765625,-0.98876953125,-0.15869140625,-0.74462890625,0.0732421875,-1.46484375,-0.15869140625,-0.23193359375,0.03662109375,-0.29296875,-0.35400390625,-1.1962890625,-0.23193359375,0.8056640625,-0.18310546875,2.91748046875,0.03662109375,0.50048828125,0.1708984375,1.513671875,0.01220703125,-0.72021484375,0,-1.4404296875,0.0732421875,-1.025390625,-0.1708984375,0.4638671875,-0.40283203125,0.927734375,0.03662109375,0.59814453125,-0.06103515625,0.37841796875,0.03662109375,0.1708984375,-0.08544921875,-0.03662109375,-0.1220703125,0.830078125,-0.0732421875,-0.439453125,-0.03662109375,-0.48828125
0,-0.4150390625,-0.35400390625,0.146484375,-0.29296875,-0.06103515625,-0.28076171875,-0.09765625,-0.0244140625,0.03662109375,-0.45166015625,0.0244140625,-1.26953125,-0.18310546875,0.6103515625,-0.64697265625,-1.0986328125,-0.18310546875,0.6591796875,-0.09765625,1.06201171875,0.0244140625,2.62451171875,-0.28076171875,0.3662109375,-0.25634765625,-0.13427734375,0.0732421875,-0.79345703125,0.18310546875,0.93994140625,0.2685546875,0.25634765625,0.2685546875,-0.35400390625,-0.2685546875,-0.81787109375,0.06103515625,-0.45166015625,-0.13427734375,-0.72021484375,0.03662109375,-0.18310546875,0.18310546875,-0.6591796875,0.37841796875,-0.4150390625,-0.10986328125,0.57373046875,-0.06103515625,1.20849609375,-0.0732421875,0.537109375,0.20751953125,0.30517578125,0.1220703125,0.76904296875,-0.4150390625,0.64697265625,0.2685546875,0.52490234375,-0.03662109375,0.50048828125,0.69580078125,0.1708984375,0.2685546875,0.20751953125,0.0732421875,1.025390625,0.09765625,0.25634765625,-0.048828125,0.18310546875,-0.244140625,0.28076171875,0.13427734375,0.9765625,0.06103515625,0.0244140625,-0.08544921875,1.3671875,-0.23193359375,-0.91552734375,-0.2685546875,-0.28076171875,-0.03662109375,-0.98876953125,-0.08544921875,-0.732421875,0.03662109375,-1.4892578125,-0.18310546875,-0.23193359375,-0.09765625,-0.25634765625,-0.29296875,-1.18408203125,-0.23193359375,1.25732421875,-0.10986328125,4.052734375,0.06103515625,0.91552734375,0.1220703125,1.96533203125,-0.1953125,-0.72021484375,0.01220703125,-1.4404296875,0.09765625,-1.0009765625,-0.15869140625,0.45166015625,-0.40283203125,0.81787109375,0.06103515625,0.48828125,-0.048828125,0.29296875,0.01220703125,-0.03662109375,-0.09765625,-0.01220703125,-0.13427734375,0.84228515625,-0.08544921875,-0.439453125,-0.048828125,-0.47607421875
0,-0.47607421875,-0.390625,0.08544921875,-0.3173828125,-0.048828125,-0.244140625,-0.08544921875,0.01220703125,0.01220703125,-0.390625,0.0244140625,-1.1962890625,-0.18310546875,0.6591796875,-0.537109375,-0.9521484375,-0.15869140625,1.1962890625,-0.13427734375,1.5625,-0.15869140625,3.2958984375,-0.29296875,0.79345703125,-0.1708984375,-0.13427734375,0.09765625,-0.78125,0.28076171875,0.927734375,0.18310546875,0.25634765625,0.40283203125,-0.32958984375,-0.3173828125,-0.81787109375,0.08544921875,-0.439453125,-0.10986328125,-0.732421875,0.03662109375,-0.1953125,0.20751953125,-0.6591796875,0.42724609375,-0.4150390625,-0.18310546875,0.57373046875,0.0244140625,1.220703125,-0.01220703125,0.57373046875,0.1953125,0.1953125,0.03662109375,0.7568359375,-0.40283203125,0.634765625,0.20751953125,0.47607421875,-0.1220703125,0.5126953125,0.67138671875,0.15869140625,0.30517578125,0.244140625,0.06103515625,1.025390625,0.10986328125,0.23193359375,0,0.2197265625,-0.2197265625,0.30517578125,0.146484375,1.0009765625,0.01220703125,0.01220703125,-0.146484375,1.3671875,-0.20751953125,-0.91552734375,-0.2197265625,-0.29296875,0.0244140625,-0.9765625,-0.08544921875,-0.732421875,0.01220703125,-1.50146484375,-0.1953125,-0.2197265625,-0.29296875,-0.244140625,-0.13427734375,-1.1962890625,-0.18310546875,1.6845703125,-0.01220703125,5.078125,0.048828125,1.26953125,0.1220703125,2.392578125,-0.35400390625,-0.69580078125,-0.01220703125,-1.42822265625,0.09765625,-1.0009765625,-0.18310546875,0.45166015625,-0.439453125,0.89111328125,0.03662109375,0.54931640625,-0.0732421875,0.35400390625,-0.146484375,0.18310546875,-0.10986328125,-0.01220703125,-0.10986328125,0.8544921875,-0.06103515625,-0.439453125,-0.06103515625,-0.4638671875
0,-0.4150390625,-0.4150390625,0.10986328125,-0.341796875,-0.048828125,-0.244140625,-0.09765625,0,-0.01220703125,-0.32958984375,0.01220703125,-1.13525390625,-0.1708984375,0.7080078125,-0.5126953125,-0.76904296875,-0.1220703125,1.86767578125,-0.2197265625,2.1484375,-0.390625,4.0283203125,-0.3173828125,1.28173828125,-0.06103515625,-0.10986328125,0.1220703125,-0.78125,0.3173828125,0.93994140625,0.06103515625,0.25634765625,0.48828125,-0.3173828125,-0.35400390625,-0.8056640625,0.06103515625,-0.439453125,-0.10986328125,-0.732421875,0.03662109375,-0.18310546875,0.1708984375,-0.6591796875,0.4638671875,-0.4150390625,-0.25634765625,0.57373046875,0.06103515625,1.18408203125,-0.01220703125,0.57373046875,0.23193359375,0.09765625,0,0.78125,-0.40283203125,0.64697265625,0.1220703125,0.4638671875,-0.15869140625,0.50048828125,0.5615234375,0.15869140625,0.3662109375,0.29296875,0.01220703125,1.03759765625,0.08544921875,0.23193359375,0.0244140625,0.244140625,-0.146484375,0.341796875,0.15869140625,0.98876953125,0.0244140625,0.0244140625,-0.20751953125,1.37939453125,-0.20751953125,-0.91552734375,-0.13427734375,-0.29296875,0.06103515625,-0.9765625,-0.09765625,-0.74462890625,-0.09765625,-1.47705078125,-0.1953125,-0.23193359375,-0.4638671875,-0.2685546875,0.10986328125,-1.1962890625,-0.146484375,2.03857421875,-0.048828125,5.95703125,0.03662109375,1.5380859375,0.09765625,2.74658203125,-0.37841796875,-0.69580078125,-0.08544921875,-1.416015625,0.0732421875,-1.0009765625,-0.2197265625,0.42724609375,-0.439453125,1.15966796875,0.06103515625,0.84228515625,-0.048828125,0.52490234375,-0.08544921875,0.8544921875,-0.13427734375,0,-0.10986328125,0.84228515625,-0.03662109375,-0.439453125,-0.08544921875,-0.4638671875
0,-0.390625,-0.45166015625,0.03662109375,-0.32958984375,-0.03662109375,-0.25634765625,-0.10986328125,0.03662109375,-0.01220703125,-0.28076171875,0.01220703125,-1.07421875,-0.1708984375,0.7568359375,-0.48828125,-0.5859375,-0.0732421875,2.5634765625,-0.30517578125,2.7587890625,-0.390625,4.7607421875,-0.341796875,1.8310546875,0.01220703125,-0.09765625,0.1220703125,-0.74462890625,0.29296875,0.927734375,-0.0244140625,0.25634765625,0.439453125,-0.29296875,-0.30517578125,-0.81787109375,0.01220703125,-0.45166015625,-0.09765625,-0.7080078125,0.0244140625,-0.1953125,0.1220703125,-0.67138671875,0.439453125,-0.40283203125,-0.30517578125,0.5615234375,0.1220703125,1.171875,-0.01220703125,0.57373046875,0.25634765625,-0.01220703125,0.03662109375,0.79345703125,-0.37841796875,0.64697265625,0.10986328125,0.439453125,-0.1708984375,0.5126953125,0.4638671875,0.146484375,0.40283203125,0.35400390625,-0.048828125,1.07421875,0.08544921875,0.23193359375,0.0732421875,0.28076171875,-0.06103515625,0.3662109375,0.1220703125,0.96435546875,0,0.0244140625,-0.23193359375,1.3916015625,-0.1708984375,-0.9033203125,-0.03662109375,-0.30517578125,0.08544921875,-0.98876953125,-0.09765625,-0.7568359375,-0.15869140625,-1.47705078125,-0.15869140625,-0.244140625,-0.57373046875,-0.244140625,0.341796875,-1.220703125,-0.09765625,2.25830078125,-0.0732421875,6.54296875,0.01220703125,1.6845703125,0.10986328125,2.9541015625,-0.30517578125,-0.68359375,-0.18310546875,-1.4404296875,0.01220703125,-0.98876953125,-0.25634765625,0.40283203125,-0.4150390625,1.62353515625,0.06103515625,1.30615234375,-0.0732421875,0.84228515625,-0.03662109375,1.8798828125,-0.13427734375,0.0244140625,-0.09765625,0.830078125,-0.0244140625,-0.4150390625,-0.09765625,-0.4638671875
0,-0.4638671875,-0.45166015625,0.03662109375,-0.29296875,-0.048828125,-0.2685546875,-0.10986328125,0.03662109375,-0.0244140625,-0.20751953125,0.01220703125,-1.025390625,-0.20751953125,0.78125,-0.47607421875,-0.439453125,0.01220703125,3.23486328125,-0.30517578125,3.35693359375,-0.2685546875,5.48095703125,-0.3662109375,2.30712890625,0.048828125,-0.08544921875,0.1220703125,-0.74462890625,0.2197265625,0.9521484375,-0.08544921875,0.2685546875,0.341796875,-0.28076171875,-0.29296875,-0.830078125,-0.06103515625,-0.439453125,-0.09765625,-0.72021484375,-0.0244140625,-0.1708984375,0.0732421875,-0.68359375,0.3662109375,-0.4150390625,-0.2685546875,0.5859375,0.10986328125,1.123046875,-0.048828125,0.57373046875,0.23193359375,-0.08544921875,0.0732421875,0.79345703125,-0.439453125,0.62255859375,0.13427734375,0.439453125,-0.1708984375,0.5126953125,0.3662109375,0.146484375,0.40283203125,0.40283203125,-0.06103515625,1.07421875,0.08544921875,0.23193359375,0.06103515625,0.3173828125,0,0.390625,0.08544921875,0.96435546875,-0.0244140625,0.03662109375,-0.244140625,1.40380859375,-0.18310546875,-0.93994140625,0.03662109375,-0.29296875,0.09765625,-0.9765625,-0.13427734375,-0.7568359375,-0.23193359375,-1.4892578125,-0.10986328125,-0.244140625,-0.54931640625,-0.2685546875,0.47607421875,-1.220703125,0,2.3681640625,-0.08544921875,6.82373046875,-0.048828125,1.77001953125,0.09765625,3.076171875,-0.1708984375,-0.67138671875,-0.28076171875,-1.42822265625,-0.06103515625,-1.0009765625,-0.28076171875,0.37841796875,-0.4150390625,2.23388671875,0.06103515625,1.94091796875,-0.048828125,1.2939453125,-0.1953125,3.23486328125,-0.13427734375,0.0244140625,-0.0732421875,0.830078125,-0.0244140625,-0.42724609375,-0.09765625,-0.45166015625
0,-0.52490234375,-0.4150390625,0,-0.25634765625,-0.0244140625,-0.29296875,-0.10986328125,0.06103515625,-0.06103515625,-0.15869140625,-0.0244140625,-0.98876953125,-0.23193359375,0.8056640625,-0.47607421875,-0.3173828125,0.06103515625,3.84521484375,-0.2685546875,3.857421875,-0.146484375,6.0791015625,-0.3662109375,2.783203125,0.0732421875,-0.09765625,0.09765625,-0.76904296875,0.08544921875,0.927734375,-0.13427734375,0.23193359375,0.1953125,-0.29296875,-0.341796875,-0.84228515625,-0.1708984375,-0.4638671875,-0.08544921875,-0.732421875,-0.1220703125,-0.20751953125,0,-0.64697265625,0.3173828125,-0.40283203125,-0.25634765625,0.57373046875,0.09765625,1.11083984375,-0.1220703125,0.5615234375,0.25634765625,-0.1708984375,0.1220703125,0.79345703125,-0.48828125,0.634765625,0.25634765625,0.40283203125,-0.1953125,0.52490234375,0.3173828125,0.13427734375,0.40283203125,0.4150390625,-0.10986328125,1.06201171875,0.09765625,0.25634765625,0.0732421875,0.32958984375,0.06103515625,0.390625,-0.01220703125,0.927734375,-0.0244140625,0.048828125,-0.25634765625,1.40380859375,-0.18310546875,-0.96435546875,0.1220703125,-0.29296875,0.08544921875,-0.9765625,-0.15869140625,-0.76904296875,-0.29296875,-1.46484375,-0.0732421875,-0.244140625,-0.4638671875,-0.2685546875,0.50048828125,-1.20849609375,0.08544921875,2.38037109375,-0.06103515625,6.82373046875,-0.08544921875,1.7578125,0.0732421875,3.08837890625,0,-0.67138671875,-0.390625,-1.416015625,-0.10986328125,-1.01318359375,-0.30517578125,0.390625,-0.4150390625,2.99072265625,0.0244140625,2.69775390625,-0.08544921875,1.86767578125,-0.244140625,4.79736328125,-0.13427734375,0.03662109375,-0.048828125,0.8544921875,-0.03662109375,-0.42724609375,-0.0732421875,-0.4638671875
0,-0.5859375,-0.40283203125,0.0244140625,-0.25634765625,-0.03662109375,-0.3173828125,-0.146484375,0.06103515625,-0.048828125,-0.146484375,0.01220703125,-0.96435546875,-0.1953125,0.84228515625,-0.42724609375,-0.23193359375,0.09765625,4.3212890625,-0.18310546875,4.26025390625,-0.048828125,6.591796875,-0.37841796875,3.11279296875,0.048828125,-0.08544921875,0.09765625,-0.76904296875,-0.08544921875,0.9521484375,-0.146484375,0.23193359375,0.0244140625,-0.29296875,-0.32958984375,-0.87890625,-0.25634765625,-0.47607421875,-0.09765625,-0.74462890625,-0.2197265625,-0.20751953125,-0.03662109375,-0.6591796875,0.25634765625,-0.3662109375,-0.25634765625,0.5615234375,0.0732421875,1.123046875,-0.20751953125,0.52490234375,0.23193359375,-0.1953125,0.10986328125,0.78125,-0.4638671875,0.634765625,0.37841796875,0.40283203125,-0.244140625,0.52490234375,0.28076171875,0.15869140625,0.3662109375,0.4150390625,-0.13427734375,1.08642578125,0.0732421875,0.244140625,0.08544921875,0.32958984375,0.06103515625,0.37841796875,-0.048828125,0.91552734375,-0.03662109375,0.03662109375,-0.25634765625,1.416015625,-0.10986328125,-0.96435546875,0.146484375,-0.28076171875,0.06103515625,-0.96435546875,-0.1708984375,-0.78125,-0.3173828125,-1.46484375,-0.0244140625,-0.2685546875,-0.25634765625,-0.29296875,0.439453125,-1.23291015625,0.146484375,2.25830078125,-0.0244140625,6.591796875,-0.1220703125,1.59912109375,0.06103515625,2.978515625,0.15869140625,-0.67138671875,-0.42724609375,-1.416015625,-0.15869140625,-1.01318359375,-0.30517578125,0.37841796875,-0.40283203125,3.77197265625,0.06103515625,3.47900390625,-0.0732421875,2.42919921875,-0.2685546875,6.34765625,-0.146484375,0.0244140625,-0.06103515625,0.86669921875,-0.048828125,-0.42724609375,-0.048828125,-0.45166015625
0,-0.59814453125,-0.390625,0.01220703125,-0.23193359375,-0.048828125,-0.37841796875,-0.146484375,0.06103515625,-0.03662109375,-0.146484375,0.06103515625,-0.96435546875,-0.20751953125,0.830078125,-0.4150390625,-0.2197265625,0.0732421875,4.60205078125,-0.0732421875,4.47998046875,0.0244140625,6.89697265625,-0.3173828125,3.3203125,0.0244140625,-0.09765625,0.06103515625,-0.79345703125,-0.25634765625,0.93994140625,-0.1708984375,0.2197265625,-0.09765625,-0.29296875,-0.3662109375,-0.89111328125,-0.3173828125,-0.5126953125,-0.09765625,-0.7568359375,-0.341796875,-0.2197265625,-0.08544921875,-0.67138671875,0.1708984375,-0.3662109375,-0.25634765625,0.5615234375,-0.03662109375,1.123046875,-0.2685546875,0.50048828125,0.2197265625,-0.20751953125,0.08544921875,0.78125,-0.4638671875,0.6103515625,0.5126953125,0.42724609375,-0.3173828125,0.52490234375,0.29296875,0.13427734375,0.4150390625,0.37841796875,-0.20751953125,1.07421875,0.048828125,0.25634765625,0.06103515625,0.30517578125,0.0244140625,0.35400390625,-0.09765625,0.89111328125,0.01220703125,0.048828125,-0.28076171875,1.3916015625,-0.03662109375,-0.96435546875,0.146484375,-0.28076171875,0.0244140625,-0.98876953125,-0.1708984375,-0.78125,-0.29296875,-1.46484375,-0.03662109375,-0.2685546875,-0.06103515625,-0.29296875,0.29296875,-1.23291015625,0.1953125,2.0263671875,0,6.103515625,-0.15869140625,1.42822265625,0.048828125,2.74658203125,0.2197265625,-0.69580078125,-0.35400390625,-1.4404296875,-0.1953125,-1.025390625,-0.3173828125,0.37841796875,-0.42724609375,4.4921875,0.048828125,4.26025390625,-0.0732421875,3.0029296875,-0.341796875,7.8369140625,-0.146484375,0.0244140625,-0.03662109375,0.86669921875,-0.06103515625,-0.42724609375,-0.03662109375,-0.45166015625
0,-0.62255859375,-0.341796875,0.03662109375,-0.244140625,-0.01220703125,-0.40283203125,-0.13427734375,0.048828125,-0.10986328125,-0.15869140625,0.0244140625,-0.96435546875,-0.18310546875,0.84228515625,-0.4150390625,-0.2685546875,0.03662109375,4.7119140625,0.048828125,4.5654296875,0.18310546875,7.0556640625,-0.25634765625,3.3935546875,0,-0.1220703125,0.03662109375,-0.79345703125,-0.37841796875,0.927734375,-0.146484375,0.244140625,-0.13427734375,-0.3173828125,-0.37841796875,-0.89111328125,-0.3662109375,-0.50048828125,-0.10986328125,-0.74462890625,-0.47607421875,-0.2197265625,-0.09765625,-0.6591796875,0.08544921875,-0.35400390625,-0.29296875,0.537109375,-0.1220703125,1.1474609375,-0.30517578125,0.4638671875,0.1953125,-0.1708984375,0.048828125,0.76904296875,-0.439453125,0.62255859375,0.57373046875,0.439453125,-0.390625,0.52490234375,0.30517578125,0.13427734375,0.341796875,0.32958984375,-0.29296875,1.08642578125,0.03662109375,0.25634765625,0.03662109375,0.25634765625,-0.01220703125,0.32958984375,-0.146484375,0.89111328125,0.048828125,0.06103515625,-0.30517578125,1.37939453125,0.03662109375,-0.93994140625,0.09765625,-0.2685546875,-0.0244140625,-0.9765625,-0.146484375,-0.76904296875,-0.20751953125,-1.47705078125,-0.048828125,-0.2685546875,0.15869140625,-0.30517578125,0.15869140625,-1.23291015625,0.20751953125,1.7578125,0.03662109375,5.48095703125,-0.18310546875,1.25732421875,0.01220703125,2.47802734375,0.2197265625,-0.732421875,-0.1708984375,-1.4404296875,-0.23193359375,-1.025390625,-0.3173828125,0.40283203125,-0.439453125,5.1513671875,0.0244140625,4.96826171875,-0.08544921875,3.52783203125,-0.32958984375,9.11865234375,-0.13427734375,0.01220703125,-0.0244140625,0.87890625,-0.0732421875,-0.439453125,0.01220703125,-0.4638671875
0,-0.6591796875,-0.32958984375,0.0244140625,-0.244140625,-0.01220703125,-0.4150390625,-0.13427734375,0.048828125,-0.10986328125,-0.13427734375,0.08544921875,-1.0009765625,-0.09765625,0.830078125,-0.4150390625,-0.32958984375,0,4.638671875,0.18310546875,4.52880859375,0.29296875,7.03125,-0.146484375,3.38134765625,-0.048828125,-0.13427734375,0,-0.8056640625,-0.439453125,0.927734375,-0.1220703125,0.20751953125,-0.08544921875,-0.32958984375,-0.40283203125,-0.89111328125,-0.3662109375,-0.47607421875,-0.146484375,-0.74462890625,-0.5126953125,-0.2197265625,-0.08544921875,-0.64697265625,0.0244140625,-0.341796875,-0.30517578125,0.54931640625,-0.18310546875,1.171875,-0.30517578125,0.4638671875,0.18310546875,-0.10986328125,0,0.78125,-0.42724609375,0.62255859375,0.59814453125,0.45166015625,-0.4638671875,0.537109375,0.244140625,0.13427734375,0.244140625,0.2685546875,-0.30517578125,1.07421875,0.01220703125,0.25634765625,-0.0244140625,0.25634765625,-0.06103515625,0.30517578125,-0.09765625,0.86669921875,0.08544921875,0.048828125,-0.3662109375,1.3671875,0.0732421875,-0.9521484375,0.0244140625,-0.28076171875,-0.0732421875,-0.9765625,-0.1708984375,-0.76904296875,-0.1220703125,-1.45263671875,-0.08544921875,-0.2685546875,0.244140625,-0.29296875,0.048828125,-1.23291015625,0.18310546875,1.45263671875,0.0732421875,4.79736328125,-0.1708984375,1.07421875,0.0244140625,2.197265625,0.10986328125,-0.74462890625,0.048828125,-1.45263671875,-0.2197265625,-1.03759765625,-0.29296875,0.4150390625,-0.390625,5.65185546875,0.0244140625,5.56640625,-0.048828125,3.90625,-0.3173828125,10.107421875,-0.146484375,0.048828125,-0.0244140625,0.87890625,-0.06103515625,-0.45166015625,0.03662109375,-0.4638671875
0,-0.67138671875,-0.30517578125,-0.01220703125,-0.25634765625,-0.01220703125,-0.45166015625,-0.1220703125,0.03662109375,-0.10986328125,-0.1220703125,0.09765625,-0.9765625,-0.10986328125,0.86669921875,-0.47607421875,-0.390625,-0.03662109375,4.4921875,0.30517578125,4.3701171875,0.18310546875,6.9091796875,-0.01220703125,3.25927734375,-0.10986328125,-0.13427734375,0,-0.8056640625,-0.439453125,0.91552734375,-0.0732421875,0.20751953125,0.048828125,-0.341796875,-0.50048828125,-0.9033203125,-0.35400390625,-0.4638671875,-0.1708984375,-0.732421875,-0.52490234375,-0.2197265625,-0.06103515625,-0.64697265625,0.0244140625,-0.37841796875,-0.28076171875,0.5615234375,-0.23193359375,1.171875,-0.30517578125,0.45166015625,0.18310546875,-0.03662109375,-0.048828125,0.76904296875,-0.37841796875,0.634765625,0.6103515625,0.47607421875,-0.50048828125,0.537109375,0.1708984375,0.13427734375,0.1953125,0.2197265625,-0.35400390625,1.06201171875,0.0244140625,0.244140625,-0.06103515625,0.20751953125,-0.1220703125,0.29296875,-0.15869140625,0.87890625,0.1953125,0.048828125,-0.4150390625,1.3671875,0.06103515625,-0.927734375,-0.09765625,-0.28076171875,-0.08544921875,-1.0009765625,-0.1953125,-0.7568359375,-0.03662109375,-1.46484375,-0.09765625,-0.2685546875,0.25634765625,-0.29296875,0.0244140625,-1.23291015625,0.13427734375,1.11083984375,0.10986328125,4.08935546875,-0.13427734375,0.8544921875,0,1.8798828125,0.01220703125,-0.74462890625,0.1953125,-1.45263671875,-0.20751953125,-1.03759765625,-0.28076171875,0.42724609375,-0.390625,5.96923828125,0.03662109375,5.94482421875,-0.048828125,4.150390625,-0.37841796875,10.7666015625,-0.1220703125,0.06103515625,-0.01220703125,0.87890625,-0.0732421875,-0.45166015625,0.03662109375,-0.45166015625
0,-0.68359375,-0.3173828125,-0.0244140625,-0.28076171875,0.0244140625,-0.45166015625,-0.146484375,0,-0.08544921875,-0.09765625,0.146484375,-0.96435546875,-0.09765625,0.86669921875,-0.48828125,-0.4150390625,-0.06103515625,4.26025390625,0.341796875,4.19921875,0.0732421875,6.67724609375,0.09765625,3.08837890625,-0.1708984375,-0.13427734375,-0.0244140625,-0.79345703125,-0.32958984375,0.91552734375,-0.06103515625,0.2197265625,0.1953125,-0.341796875,-0.57373046875,-0.87890625,-0.30517578125,-0.4150390625,-0.20751953125,-0.72021484375,-0.50048828125,-0.20751953125,-0.0244140625,-0.62255859375,0,-0.3662109375,-0.29296875,0.5859375,-0.28076171875,1.18408203125,-0.29296875,0.47607421875,0.13427734375,0,-0.0732421875,0.76904296875,-0.3173828125,0.634765625,0.54931640625,0.47607421875,-0.50048828125,0.54931640625,0.08544921875,0.146484375,0.08544921875,0.18310546875,-0.390625,1.03759765625,0,0.244140625,-0.13427734375,0.18310546875,-0.18310546875,0.29296875,-0.1708984375,0.89111328125,0.23193359375,0.0732421875,-0.4638671875,1.3671875,0.048828125,-0.91552734375,-0.1708984375,-0.29296875,-0.0732421875,-1.0009765625,-0.2197265625,-0.76904296875,0.03662109375,-1.45263671875,-0.09765625,-0.2685546875,0.13427734375,-0.29296875,0.09765625,-1.2451171875,0.0244140625,0.8056640625,0.13427734375,3.4423828125,-0.06103515625,0.64697265625,-0.0244140625,1.5869140625,-0.048828125,-0.732421875,0.25634765625,-1.45263671875,-0.1708984375,-1.01318359375,-0.28076171875,0.439453125,-0.3662109375,6.0791015625,0.0244140625,6.15234375,-0.048828125,4.23583984375,-0.4150390625,11.02294921875,-0.10986328125,0.08544921875,-0.01220703125,0.86669921875,-0.0732421875,-0.45166015625,0.06103515625,-0.45166015625
1,-0.69580078125,-0.32958984375,-0.01220703125,-0.28076171875,0.03662109375,-0.439453125,-0.1220703125,0.01220703125,-0.06103515625,-0.03662109375,0.1708984375,-0.91552734375,-0.08544921875,0.91552734375,-0.45166015625,-0.40283203125,-0.06103515625,3.99169921875,0.3662109375,3.96728515625,-0.0244140625,6.40869140625,0.1953125,2.86865234375,-0.20751953125,-0.1220703125,-0.01220703125,-0.8056640625,-0.18310546875,0.91552734375,-0.0244140625,0.244140625,0.3662109375,-0.32958984375,-0.5859375,-0.8544921875,-0.23193359375,-0.390625,-0.244140625,-0.7080078125,-0.40283203125,-0.18310546875,0.048828125,-0.634765625,0.0244140625,-0.390625,-0.29296875,0.57373046875,-0.28076171875,1.1962890625,-0.244140625,0.50048828125,0.09765625,0.03662109375,-0.0732421875,0.7568359375,-0.29296875,0.64697265625,0.50048828125,0.45166015625,-0.48828125,0.54931640625,0.01220703125,0.1708984375,0.03662109375,0.1708984375,-0.37841796875,1.025390625,0.01220703125,0.2197265625,-0.15869140625,0.1708984375,-0.23193359375,0.29296875,-0.18310546875,0.91552734375,0.29296875,0.06103515625,-0.50048828125,1.3427734375,0.06103515625,-0.9033203125,-0.25634765625,-0.28076171875,-0.0244140625,-1.0009765625,-0.2197265625,-0.76904296875,0.06103515625,-1.45263671875,-0.09765625,-0.244140625,-0.048828125,-0.29296875,0.15869140625,-1.26953125,-0.08544921875,0.50048828125,0.10986328125,2.81982421875,0,0.439453125,-0.0732421875,1.30615234375,-0.06103515625,-0.7080078125,0.25634765625,-1.45263671875,-0.08544921875,-1.01318359375,-0.28076171875,0.4150390625,-0.390625,5.95703125,0.03662109375,6.09130859375,-0.06103515625,4.150390625,-0.439453125,10.9130859375,-0.10986328125,0.09765625,-0.01220703125,0.86669921875,-0.06103515625,-0.45166015625,0.03662109375,-0.47607421875
1,-0.68359375,-0.341796875,0,-0.2685546875,0.01220703125,-0.40283203125,-0.1220703125,0,-0.08544921875,0.03662109375,0.1953125,-0.830078125,-0.13427734375,0.96435546875,-0.45166015625,-0.32958984375,-0.06103515625,3.74755859375,0.32958984375,3.759765625,-0.13427734375,6.15234375,0.23193359375,2.685546875,-0.20751953125,-0.13427734375,0,-0.78125,-0.0244140625,0.91552734375,-0.0244140625,0.23193359375,0.5126953125,-0.32958984375,-0.5615234375,-0.84228515625,-0.15869140625,-0.3662109375,-0.2197265625,-0.69580078125,-0.30517578125,-0.1953125,0.0732421875,-0.62255859375,0.06103515625,-0.40283203125,-0.32958984375,0.57373046875,-0.23193359375,1.18408203125,-0.1953125,0.537109375,-0.01220703125,0.048828125,-0.03662109375,0.78125,-0.25634765625,0.67138671875,0.37841796875,0.45166015625,-0.45166015625,0.537109375,-0.06103515625,0.1708984375,-0.0732421875,0.18310546875,-0.390625,1.03759765625,-0.01220703125,0.23193359375,-0.18310546875,0.1708984375,-0.2685546875,0.30517578125,-0.23193359375,0.89111328125,0.32958984375,0.0732421875,-0.48828125,1.3671875,0.0244140625,-0.91552734375,-0.28076171875,-0.28076171875,0.06103515625,-1.0009765625,-0.23193359375,-0.76904296875,0.08544921875,-1.4404296875,-0.1220703125,-0.2197265625,-0.244140625,-0.30517578125,0.1953125,-1.26953125,-0.13427734375,0.1953125,0.0244140625,2.24609375,0.03662109375,0.1953125,-0.08544921875,1.0498046875,0.0244140625,-0.69580078125,0.18310546875,-1.4404296875,-0.01220703125,-1.01318359375,-0.29296875,0.4150390625,-0.3662109375,5.6640625,0.048828125,5.859375,-0.06103515625,3.91845703125,-0.48828125,10.43701171875,-0.09765625,0.10986328125,0,0.87890625,-0.0244140625,-0.45166015625,0.0244140625,-0.45166015625
1,-0.6591796875,-0.37841796875,-0.03662109375,-0.25634765625,0.0244140625,-0.40283203125,-0.1220703125,0.01220703125,-0.048828125,0.10986328125,0.18310546875,-0.76904296875,-0.15869140625,1.025390625,-0.45166015625,-0.1953125,-0.09765625,3.57666015625,0.18310546875,3.61328125,-0.23193359375,5.89599609375,0.18310546875,2.52685546875,-0.1708984375,-0.13427734375,0,-0.78125,0.1220703125,0.91552734375,-0.03662109375,0.23193359375,0.57373046875,-0.3173828125,-0.4638671875,-0.830078125,-0.0732421875,-0.35400390625,-0.1953125,-0.69580078125,-0.20751953125,-0.18310546875,0.0732421875,-0.6103515625,0.1220703125,-0.40283203125,-0.3662109375,0.5859375,-0.15869140625,1.1962890625,-0.146484375,0.537109375,-0.1220703125,-0.01220703125,-0.0244140625,0.78125,-0.1708984375,0.6591796875,0.20751953125,0.439453125,-0.42724609375,0.52490234375,-0.146484375,0.1708984375,-0.1708984375,0.25634765625,-0.3662109375,1.03759765625,-0.01220703125,0.23193359375,-0.18310546875,0.20751953125,-0.3173828125,0.341796875,-0.20751953125,0.9033203125,0.32958984375,0.06103515625,-0.47607421875,1.3671875,-0.048828125,-0.91552734375,-0.25634765625,-0.28076171875,0.13427734375,-1.0009765625,-0.20751953125,-0.76904296875,0.0732421875,-1.45263671875,-0.146484375,-0.2197265625,-0.40283203125,-0.30517578125,0.20751953125,-1.26953125,-0.1708984375,-0.10986328125,-0.09765625,1.708984375,0.01220703125,-0.048828125,-0.10986328125,0.78125,0.13427734375,-0.69580078125,0.03662109375,-1.4404296875,0.048828125,-1.025390625,-0.30517578125,0.40283203125,-0.37841796875,5.21240234375,0.048828125,5.40771484375,-0.06103515625,3.5400390625,-0.5126953125,9.6435546875,-0.08544921875,0.10986328125,0,0.8544921875,-0.0244140625,-0.439453125,0.03662109375,-0.47607421875
1,-0.68359375,-0.37841796875,-0.01220703125,-0.23193359375,0.0244140625,-0.3662109375,-0.13427734375,0.0244140625,-0.048828125,0.20751953125,0.18310546875,-0.68359375,-0.1708984375,1.08642578125,-0.48828125,-0.048828125,-0.0732421875,3.45458984375,0.09765625,3.50341796875,-0.146484375,5.6884765625,0.10986328125,2.4169921875,-0.146484375,-0.1220703125,0.048828125,-0.7568359375,0.18310546875,0.91552734375,-0.01220703125,0.244140625,0.54931640625,-0.30517578125,-0.32958984375,-0.830078125,-0.0244140625,-0.35400390625,-0.1708984375,-0.69580078125,-0.13427734375,-0.20751953125,0.1220703125,-0.59814453125,0.18310546875,-0.40283203125,-0.390625,0.5859375,-0.06103515625,1.171875,-0.09765625,0.54931640625,-0.1953125,-0.03662109375,-0.03662109375,0.78125,-0.15869140625,0.67138671875,0.10986328125,0.439453125,-0.3662109375,0.5126953125,-0.2197265625,0.15869140625,-0.25634765625,0.30517578125,-0.32958984375,1.03759765625,-0.048828125,0.244140625,-0.1708984375,0.23193359375,-0.341796875,0.37841796875,-0.20751953125,0.89111328125,0.3173828125,0.06103515625,-0.42724609375,1.3916015625,-0.0732421875,-0.9033203125,-0.20751953125,-0.2685546875,0.1708984375,-1.0009765625,-0.146484375,-0.74462890625,0.03662109375,-1.45263671875,-0.1220703125,-0.20751953125,-0.48828125,-0.29296875,0.15869140625,-1.26953125,-0.146484375,-0.37841796875,-0.2197265625,1.1474609375,0,-0.30517578125,-0.09765625,0.52490234375,0.23193359375,-0.67138671875,-0.09765625,-1.42822265625,0.0732421875,-1.06201171875,-0.29296875,0.390625,-0.35400390625,4.62646484375,0.048828125,4.77294921875,-0.0732421875,3.0517578125,-0.50048828125,8.544921875,-0.0732421875,0.08544921875,0,0.8544921875,-0.0244140625,-0.439453125,0.048828125,-0.48828125
1,-0.69580078125,-0.37841796875,-0.0732421875,-0.2197265625,0.0244140625,-0.35400390625,-0.10986328125,0.0244140625,-0.03662109375,0.25634765625,0.18310546875,-0.59814453125,-0.1708984375,1.13525390625,-0.52490234375,0.0732421875,-0.1220703125,3.35693359375,0.0244140625,3.3935546875,-0.1953125,5.52978515625,-0.03662109375,2.3193359375,-0.09765625,-0.1220703125,0.09765625,-0.7568359375,0.2197265625,0.91552734375,0.0244140625,0.23193359375,0.47607421875,-0.29296875,-0.1953125,-0.8544921875,0.01220703125,-0.390625,-0.146484375,-0.68359375,-0.03662109375,-0.20751953125,0.1220703125,-0.6103515625,0.244140625,-0.390625,-0.4150390625,0.57373046875,0,1.171875,-0.08544921875,0.52490234375,-0.32958984375,-0.1220703125,-0.06103515625,0.76904296875,-0.1708984375,0.67138671875,0.08544921875,0.439453125,-0.341796875,0.5126953125,-0.2197265625,0.15869140625,-0.29296875,0.341796875,-0.30517578125,1.0498046875,-0.08544921875,0.25634765625,-0.146484375,0.25634765625,-0.341796875,0.37841796875,-0.1708984375,0.89111328125,0.28076171875,0.048828125,-0.32958984375,1.37939453125,-0.13427734375,-0.91552734375,-0.1220703125,-0.28076171875,0.2197265625,-0.96435546875,-0.10986328125,-0.76904296875,0,-1.45263671875,-0.13427734375,-0.20751953125,-0.4638671875,-0.29296875,0.08544921875,-1.2451171875,-0.08544921875,-0.64697265625,-0.3173828125,0.52490234375,-0.0244140625,-0.537109375,-0.03662109375,0.25634765625,0.2685546875,-0.68359375,-0.244140625,-1.4404296875,0.06103515625,-1.0498046875,-0.244140625,0.390625,-0.35400390625,3.94287109375,0.01220703125,4.04052734375,-0.06103515625,2.5146484375,-0.52490234375,7.23876953125,-0.0732421875,0.08544921875,0,0.86669921875,-0.06103515625,-0.45166015625,0.06103515625,-0.47607421875
1,-0.7080078125,-0.35400390625,-0.13427734375,-0.15869140625,0.06103515625,-0.32958984375,-0.10986328125,0.0244140625,-0.03662109375,0.3173828125,0.20751953125,-0.54931640625,-0.15869140625,1.171875,-0.52490234375,0.1953125,-0.146484375,3.25927734375,0,3.33251953125,-0.20751953125,5.38330078125,-0.25634765625,2.25830078125,-0.01220703125,-0.10986328125,0.13427734375,-0.7568359375,0.146484375,0.927734375,0.0732421875,0.244140625,0.3662109375,-0.29296875,-0.146484375,-0.8544921875,-0.01220703125,-0.42724609375,-0.09765625,-0.72021484375,0.0244140625,-0.2197265625,0.10986328125,-0.62255859375,0.32958984375,-0.37841796875,-0.37841796875,0.57373046875,0.048828125,1.15966796875,-0.048828125,0.5126953125,-0.35400390625,-0.2197265625,-0.13427734375,0.7568359375,-0.28076171875,0.67138671875,0.0244140625,0.439453125,-0.35400390625,0.5126953125,-0.18310546875,0.146484375,-0.3173828125,0.37841796875,-0.25634765625,1.06201171875,-0.1220703125,0.25634765625,-0.1220703125,0.25634765625,-0.35400390625,0.390625,-0.146484375,0.89111328125,0.2685546875,0.03662109375,-0.29296875,1.40380859375,-0.15869140625,-0.93994140625,-0.03662109375,-0.28076171875,0.2197265625,-0.96435546875,-0.03662109375,-0.74462890625,-0.06103515625,-1.4404296875,-0.15869140625,-0.1708984375,-0.32958984375,-0.2685546875,-0.01220703125,-1.2451171875,-0.0244140625,-0.89111328125,-0.37841796875,-0.03662109375,-0.0732421875,-0.7568359375,0.03662109375,0,0.20751953125,-0.69580078125,-0.32958984375,-1.42822265625,0.03662109375,-1.025390625,-0.1953125,0.390625,-0.35400390625,3.21044921875,-0.01220703125,3.23486328125,-0.06103515625,1.953125,-0.52490234375,5.810546875,-0.06103515625,0.0732421875,0,0.86669921875,-0.0732421875,-0.439453125,0.08544921875,-0.4638671875
1,-0.6591796875,-0.30517578125,-0.146484375,-0.10986328125,0.06103515625,-0.30517578125,-0.1220703125,0.01220703125,-0.0732421875,0.32958984375,0.20751953125,-0.54931640625,-0.146484375,1.1962890625,-0.6103515625,0.244140625,-0.1953125,3.1982421875,-0.01220703125,3.22265625,-0.2685546875,5.23681640625,-0.47607421875,2.1728515625,0.03662109375,-0.10986328125,0.146484375,-0.7568359375,0.06103515625,0.927734375,0.13427734375,0.23193359375,0.2685546875,-0.30517578125,-0.146484375,-0.86669921875,-0.01220703125,-0.4638671875,-0.06103515625,-0.7080078125,0.09765625,-0.20751953125,0.1220703125,-0.634765625,0.40283203125,-0.37841796875,-0.37841796875,0.57373046875,0.06103515625,1.15966796875,-0.048828125,0.5126953125,-0.35400390625,-0.2685546875,-0.146484375,0.76904296875,-0.4150390625,0.6591796875,0,0.42724609375,-0.341796875,0.50048828125,-0.13427734375,0.13427734375,-0.35400390625,0.3662109375,-0.18310546875,1.06201171875,-0.13427734375,0.25634765625,-0.09765625,0.28076171875,-0.35400390625,0.37841796875,-0.13427734375,0.89111328125,0.2197265625,0.03662109375,-0.23193359375,1.3916015625,-0.1220703125,-0.93994140625,0.048828125,-0.2685546875,0.1953125,-0.96435546875,0,-0.74462890625,-0.09765625,-1.4404296875,-0.15869140625,-0.1953125,-0.13427734375,-0.2685546875,-0.08544921875,-1.220703125,0,-1.13525390625,-0.390625,-0.59814453125,-0.09765625,-1.0009765625,0.10986328125,-0.23193359375,0.10986328125,-0.68359375,-0.3173828125,-1.416015625,-0.01220703125,-1.025390625,-0.15869140625,0.37841796875,-0.341796875,2.490234375,-0.0244140625,2.38037109375,-0.06103515625,1.416015625,-0.54931640625,4.3212890625,-0.03662109375,0.0732421875,-0.01220703125,0.87890625,-0.06103515625,-0.42724609375,0.1220703125,-0.439453125
1,-0.68359375,-0.2685546875,-0.1220703125,-0.048828125,0.048828125,-0.30517578125,-0.146484375,0,-0.1220703125,0.341796875,0.23193359375,-0.54931640625,-0.10986328125,1.18408203125,-0.6591796875,0.2685546875,-0.2685546875,3.076171875,0,3.076171875,-0.35400390625,5.0537109375,-0.5859375,2.099609375,0.08544921875,-0.13427734375,0.146484375,-0.7568359375,-0.0244140625,0.927734375,0.15869140625,0.244140625,0.20751953125,-0.30517578125,-0.1708984375,-0.87890625,-0.048828125,-0.4638671875,-0.03662109375,-0.72021484375,0.1220703125,-0.1708984375,0.08544921875,-0.634765625,0.45166015625,-0.390625,-0.42724609375,0.54931640625,0.01220703125,1.15966796875,-0.06103515625,0.47607421875,-0.3662109375,-0.28076171875,-0.15869140625,0.7568359375,-0.5126953125,0.68359375,0.03662109375,0.439453125,-0.341796875,0.5126953125,-0.0244140625,0.1220703125,-0.3662109375,0.32958984375,-0.10986328125,1.06201171875,-0.1220703125,0.244140625,-0.06103515625,0.2685546875,-0.390625,0.32958984375,-0.09765625,0.87890625,0.1953125,0.0244140625,-0.1953125,1.3671875,-0.0732421875,-0.9521484375,0.09765625,-0.25634765625,0.15869140625,-0.9521484375,0.048828125,-0.74462890625,-0.13427734375,-1.4404296875,-0.146484375,-0.1953125,0.03662109375,-0.28076171875,-0.10986328125,-1.18408203125,-0.0244140625,-1.35498046875,-0.35400390625,-1.13525390625,-0.1708984375,-1.171875,0.1708984375,-0.45166015625,-0.06103515625,-0.72021484375,-0.23193359375,-1.46484375,-0.08544921875,-1.025390625,-0.10986328125,0.37841796875,-0.3173828125,1.806640625,0,1.611328125,-0.06103515625,0.87890625,-0.537109375,2.89306640625,-0.0244140625,0.06103515625,-0.0244140625,0.87890625,-0.06103515625,-0.42724609375,0.146484375,-0.42724609375
1,-0.69580078125,-0.244140625,-0.1220703125,0.01220703125,0.03662109375,-0.3173828125,-0.1220703125,0.01220703125,-0.13427734375,0.28076171875,0.23193359375,-0.6103515625,-0.08544921875,1.15966796875,-0.68359375,0.1953125,-0.30517578125,2.86865234375,0.06103515625,2.880859375,-0.4638671875,4.79736328125,-0.6103515625,1.94091796875,0.13427734375,-0.1220703125,0.1220703125,-0.78125,-0.1220703125,0.927734375,0.13427734375,0.244140625,0.1953125,-0.35400390625,-0.146484375,-0.86669921875,-0.09765625,-0.4638671875,-0.0244140625,-0.72021484375,0.10986328125,-0.1708984375,0.08544921875,-0.634765625,0.47607421875,-0.3662109375,-0.42724609375,0.57373046875,-0.03662109375,1.15966796875,-0.0732421875,0.45166015625,-0.28076171875,-0.28076171875,-0.1220703125,0.78125,-0.5615234375,0.6591796875,0.0732421875,0.47607421875,-0.32958984375,0.50048828125,0.06103515625,0.1220703125,-0.35400390625,0.28076171875,-0.0732421875,1.06201171875,-0.10986328125,0.25634765625,-0.06103515625,0.25634765625,-0.40283203125,0.30517578125,-0.06103515625,0.86669921875,0.20751953125,0.03662109375,-0.1708984375,1.35498046875,0,-0.9521484375,0.09765625,-0.2685546875,0.08544921875,-0.9521484375,0.10986328125,-0.74462890625,-0.15869140625,-1.42822265625,-0.15869140625,-0.18310546875,0.18310546875,-0.28076171875,-0.08544921875,-1.1962890625,-0.03662109375,-1.55029296875,-0.28076171875,-1.62353515625,-0.244140625,-1.20849609375,0.18310546875,-0.62255859375,-0.244140625,-0.74462890625,-0.10986328125,-1.46484375,-0.1708984375,-1.025390625,-0.08544921875,0.4150390625,-0.3173828125,1.1962890625,0.0244140625,0.89111328125,-0.06103515625,0.42724609375,-0.52490234375,1.6357421875,0,0.03662109375,-0.01220703125,0.87890625,-0.06103515625,-0.439453125,0.15869140625,-0.4150390625
1,-0.69580078125,-0.2197265625,-0.15869140625,0.0732421875,0.048828125,-0.341796875,-0.10986328125,0.01220703125,-0.09765625,0.244140625,0.244140625,-0.67138671875,0,1.0986328125,-0.6591796875,0.0732421875,-0.35400390625,2.57568359375,0.08544921875,2.6123046875,-0.54931640625,4.45556640625,-0.52490234375,1.7578125,0.1220703125,-0.146484375,0.08544921875,-0.76904296875,-0.146484375,0.93994140625,0.08544921875,0.244140625,0.2197265625,-0.35400390625,-0.25634765625,-0.87890625,-0.146484375,-0.439453125,0.01220703125,-0.72021484375,0.08544921875,-0.1708984375,0.0732421875,-0.6591796875,0.42724609375,-0.37841796875,-0.40283203125,0.5859375,-0.08544921875,1.15966796875,-0.08544921875,0.439453125,-0.25634765625,-0.25634765625,-0.09765625,0.78125,-0.5859375,0.6591796875,0.13427734375,0.48828125,-0.30517578125,0.5126953125,0.1953125,0.1220703125,-0.30517578125,0.2197265625,-0.01220703125,1.06201171875,-0.09765625,0.244140625,-0.08544921875,0.2197265625,-0.35400390625,0.28076171875,-0.03662109375,0.84228515625,0.1708984375,0.048828125,-0.1220703125,1.33056640625,0.06103515625,-0.93994140625,0.06103515625,-0.25634765625,0.03662109375,-1.0009765625,0.09765625,-0.732421875,-0.13427734375,-1.45263671875,-0.1708984375,-0.18310546875,0.23193359375,-0.2685546875,0,-1.15966796875,0.01220703125,-1.62353515625,-0.1953125,-1.91650390625,-0.2685546875,-1.23291015625,0.23193359375,-0.69580078125,-0.35400390625,-0.7568359375,0.01220703125,-1.4892578125,-0.23193359375,-1.0009765625,-0.0732421875,0.42724609375,-0.32958984375,0.68359375,0.01220703125,0.29296875,-0.0732421875,0.048828125,-0.537109375,0.59814453125,-0.01220703125,0.048828125,-0.01220703125,0.86669921875,-0.048828125,-0.45166015625,0.146484375,-0.42724609375
1,-0.68359375,-0.25634765625,-0.15869140625,0.1220703125,0.0244140625,-0.390625,-0.1220703125,0.03662109375,-0.10986328125,0.18310546875,0.244140625,-0.72021484375,0.01220703125,1.0498046875,-0.6103515625,-0.09765625,-0.29296875,2.24609375,0.1708984375,2.28271484375,-0.57373046875,4.01611328125,-0.3173828125,1.47705078125,0.10986328125,-0.1220703125,0.08544921875,-0.78125,-0.15869140625,0.91552734375,-0.0244140625,0.23193359375,0.25634765625,-0.3662109375,-0.35400390625,-0.86669921875,-0.18310546875,-0.4150390625,-0.01220703125,-0.7080078125,-0.03662109375,-0.15869140625,0.06103515625,-0.64697265625,0.341796875,-0.37841796875,-0.40283203125,0.6103515625,-0.1220703125,1.13525390625,-0.1220703125,0.47607421875,-0.1220703125,-0.1953125,-0.10986328125,0.76904296875,-0.57373046875,0.64697265625,0.13427734375,0.48828125,-0.244140625,0.52490234375,0.20751953125,0.1220703125,-0.2685546875,0.1953125,-0.01220703125,1.03759765625,-0.0732421875,0.244140625,-0.1220703125,0.18310546875,-0.32958984375,0.23193359375,0.01220703125,0.84228515625,0.1708984375,0.048828125,-0.146484375,1.35498046875,0.13427734375,-0.927734375,0.0244140625,-0.29296875,0,-1.0009765625,0.0732421875,-0.74462890625,-0.146484375,-1.4892578125,-0.1220703125,-0.20751953125,0.23193359375,-0.25634765625,0.146484375,-1.171875,0.01220703125,-1.62353515625,-0.09765625,-2.0263671875,-0.28076171875,-1.1962890625,0.20751953125,-0.72021484375,-0.40283203125,-0.732421875,0.08544921875,-1.4892578125,-0.30517578125,-1.01318359375,-0.09765625,0.439453125,-0.29296875,0.28076171875,-0.01220703125,-0.13427734375,-0.06103515625,-0.2197265625,-0.5615234375,-0.13427734375,0.03662109375,0.048828125,-0.01220703125,0.8544921875,-0.01220703125,-0.4638671875,0.13427734375,-0.4150390625
1,-0.62255859375,-0.29296875,-0.1708984375,0.146484375,0.01220703125,-0.4150390625,-0.146484375,0.0244140625,-0.09765625,0.13427734375,0.25634765625,-0.74462890625,0.06103515625,1.0009765625,-0.5615234375,-0.244140625,-0.28076171875,1.84326171875,0.1953125,1.91650390625,-0.68359375,3.5400390625,-0.13427734375,1.1962890625,0.048828125,-0.09765625,0.03662109375,-0.78125,-0.1953125,0.9521484375,-0.1708984375,0.244140625,0.25634765625,-0.37841796875,-0.390625,-0.84228515625,-0.25634765625,-0.390625,-0.03662109375,-0.68359375,-0.18310546875,-0.15869140625,0.08544921875,-0.62255859375,0.20751953125,-0.3662109375,-0.37841796875,0.59814453125,-0.1708984375,1.1474609375,-0.20751953125,0.48828125,-0.01220703125,-0.146484375,-0.146484375,0.78125,-0.54931640625,0.64697265625,0.10986328125,0.47607421875,-0.20751953125,0.537109375,0.2197265625,0.13427734375,-0.2197265625,0.146484375,0.0244140625,1.03759765625,-0.048828125,0.244140625,-0.15869140625,0.146484375,-0.25634765625,0.244140625,0.0732421875,0.84228515625,0.146484375,0.06103515625,-0.1220703125,1.35498046875,0.15869140625,-0.927734375,-0.0244140625,-0.30517578125,-0.048828125,-1.01318359375,0.03662109375,-0.74462890625,-0.146484375,-1.47705078125,-0.0732421875,-0.2197265625,0.1708984375,-0.28076171875,0.341796875,-1.18408203125,0.03662109375,-1.5625,-0.03662109375,-1.953125,-0.23193359375,-1.11083984375,0.1708984375,-0.64697265625,-0.35400390625,-0.72021484375,0.146484375,-1.46484375,-0.3173828125,-1.01318359375,-0.10986328125,0.45166015625,-0.28076171875,0.0244140625,-0.0244140625,-0.42724609375,-0.08544921875,-0.37841796875,-0.52490234375,-0.59814453125,0.03662109375,0.048828125,-0.03662109375,0.84228515625,0.01220703125,-0.48828125,0.10986328125,-0.45166015625
1,-0.634765625,-0.3173828125,-0.20751953125,0.13427734375,-0.01220703125,-0.45166015625,-0.13427734375,0.01220703125,-0.06103515625,0.08544921875,0.25634765625,-0.78125,0.0732421875,0.9765625,-0.537109375,-0.390625,-0.1953125,1.40380859375,0.20751953125,1.52587890625,-0.57373046875,2.978515625,0.08544921875,0.8544921875,-0.0244140625,-0.10986328125,0,-0.79345703125,-0.244140625,0.927734375,-0.32958984375,0.23193359375,0.18310546875,-0.35400390625,-0.4150390625,-0.81787109375,-0.28076171875,-0.3662109375,-0.03662109375,-0.7080078125,-0.341796875,-0.18310546875,0.03662109375,-0.6103515625,0.09765625,-0.390625,-0.35400390625,0.6103515625,-0.20751953125,1.13525390625,-0.2685546875,0.5126953125,0.048828125,-0.09765625,-0.1708984375,0.79345703125,-0.4638671875,0.634765625,0.1220703125,0.47607421875,-0.08544921875,0.52490234375,0.1953125,0.13427734375,-0.10986328125,0.15869140625,0.0732421875,1.0498046875,-0.03662109375,0.23193359375,-0.18310546875,0.15869140625,-0.15869140625,0.25634765625,0.10986328125,0.81787109375,0.13427734375,0.06103515625,-0.13427734375,1.3671875,0.15869140625,-0.927734375,-0.06103515625,-0.32958984375,-0.03662109375,-1.0009765625,-0.08544921875,-0.74462890625,-0.146484375,-1.4892578125,0,-0.2197265625,0.0732421875,-0.28076171875,0.48828125,-1.220703125,0.06103515625,-1.45263671875,-0.01220703125,-1.74560546875,-0.20751953125,-1.025390625,0.10986328125,-0.5615234375,-0.1953125,-0.72021484375,0.13427734375,-1.4892578125,-0.32958984375,-1.025390625,-0.146484375,0.439453125,-0.244140625,-0.13427734375,-0.06103515625,-0.57373046875,-0.06103515625,-0.4638671875,-0.5126953125,-0.79345703125,0.06103515625,0.06103515625,-0.03662109375,0.81787109375,0.03662109375,-0.47607421875,0.1220703125,-0.42724609375
1,-0.62255859375,-0.3662109375,-0.244140625,0.1220703125,-0.01220703125,-0.439453125,-0.1220703125,0.01220703125,-0.06103515625,0.08544921875,0.28076171875,-0.79345703125,0.0732421875,0.9765625,-0.4638671875,-0.50048828125,-0.1220703125,0.98876953125,0.23193359375,1.15966796875,-0.4150390625,2.4169921875,0.1953125,0.5126953125,-0.10986328125,-0.09765625,-0.06103515625,-0.79345703125,-0.3173828125,0.93994140625,-0.42724609375,0.2197265625,0.09765625,-0.3662109375,-0.37841796875,-0.8056640625,-0.3173828125,-0.35400390625,-0.0244140625,-0.7080078125,-0.4638671875,-0.15869140625,0.01220703125,-0.634765625,0.01220703125,-0.40283203125,-0.29296875,0.62255859375,-0.23193359375,1.13525390625,-0.3173828125,0.52490234375,0.08544921875,-0.048828125,-0.1708984375,0.76904296875,-0.3662109375,0.634765625,0.09765625,0.47607421875,-0.01220703125,0.5126953125,0.1708984375,0.1220703125,0.03662109375,0.1953125,0.0732421875,1.03759765625,-0.01220703125,0.2197265625,-0.18310546875,0.15869140625,-0.1220703125,0.29296875,0.1220703125,0.8544921875,0.09765625,0.048828125,-0.1220703125,1.3671875,0.1220703125,-0.91552734375,-0.06103515625,-0.3173828125,-0.01220703125,-1.01318359375,-0.1953125,-0.732421875,-0.15869140625,-1.4892578125,0.06103515625,-0.25634765625,-0.0244140625,-0.28076171875,0.62255859375,-1.20849609375,0.06103515625,-1.33056640625,-0.01220703125,-1.40380859375,-0.20751953125,-0.91552734375,0.0244140625,-0.40283203125,0.01220703125,-0.69580078125,0.08544921875,-1.46484375,-0.30517578125,-1.01318359375,-0.20751953125,0.439453125,-0.23193359375,-0.20751953125,-0.06103515625,-0.62255859375,-0.08544921875,-0.47607421875,-0.50048828125,-0.79345703125,0.0244140625,0.06103515625,-0.01220703125,0.81787109375,0.0732421875,-0.50048828125,0.13427734375,-0.45166015625
0,-0.634765625,-0.40283203125,-0.25634765625,0.08544921875,-0.0244140625,-0.439453125,-0.10986328125,0.0244140625,-0.048828125,0.08544921875,0.244140625,-0.78125,0.048828125,1.0009765625,-0.4150390625,-0.52490234375,-0.0732421875,0.59814453125,0.23193359375,0.81787109375,-0.20751953125,1.8798828125,0.20751953125,0.1953125,-0.2197265625,-0.06103515625,-0.0732421875,-0.78125,-0.37841796875,0.93994140625,-0.439453125,0.1953125,-0.0244140625,-0.32958984375,-0.28076171875,-0.81787109375,-0.341796875,-0.35400390625,-0.0244140625,-0.7080078125,-0.5126953125,-0.1708984375,-0.03662109375,-0.6103515625,-0.08544921875,-0.37841796875,-0.25634765625,0.5859375,-0.244140625,1.171875,-0.3173828125,0.537109375,0.09765625,-0.06103515625,-0.20751953125,0.76904296875,-0.30517578125,0.634765625,0.06103515625,0.4638671875,0.0732421875,0.50048828125,0.1708984375,0.146484375,0.15869140625,0.23193359375,0.08544921875,1.03759765625,-0.0244140625,0.20751953125,-0.1708984375,0.18310546875,-0.06103515625,0.3173828125,0.1708984375,0.830078125,0.06103515625,0.048828125,-0.10986328125,1.3916015625,0.0732421875,-0.927734375,-0.09765625,-0.32958984375,-0.0244140625,-1.0009765625,-0.29296875,-0.74462890625,-0.13427734375,-1.4892578125,0.1220703125,-0.25634765625,-0.0732421875,-0.29296875,0.62255859375,-1.25732421875,0.06103515625,-1.171875,-0.0732421875,-1.03759765625,-0.18310546875,-0.84228515625,-0.01220703125,-0.2685546875,0.20751953125,-0.69580078125,0.01220703125,-1.4404296875,-0.2197265625,-1.01318359375,-0.28076171875,0.42724609375,-0.2197265625,-0.20751953125,-0.03662109375,-0.59814453125,-0.0732421875,-0.45166015625,-0.48828125,-0.6591796875,0.03662109375,0.08544921875,-0.03662109375,0.830078125,0.0732421875,-0.48828125,0.10986328125,-0.4638671875
0,-0.59814453125,-0.45166015625,-0.23193359375,0.0244140625,0,-0.42724609375,-0.10986328125,0.01220703125,0,0.1220703125,0.244140625,-0.78125,0.08544921875,1.025390625,-0.3662109375,-0.48828125,-0.03662109375,0.3173828125,0.2197265625,0.54931640625,0.0244140625,1.42822265625,0.146484375,-0.0244140625,-0.25634765625,-0.0732421875,-0.10986328125,-0.78125,-0.45166015625,0.927734375,-0.3662109375,0.2197265625,-0.146484375,-0.30517578125,-0.15869140625,-0.81787109375,-0.35400390625,-0.3662109375,-0.03662109375,-0.7080078125,-0.537109375,-0.20751953125,-0.06103515625,-0.6103515625,-0.146484375,-0.40283203125,-0.29296875,0.57373046875,-0.18310546875,1.18408203125,-0.29296875,0.537109375,0.1220703125,-0.08544921875,-0.1220703125,0.7568359375,-0.20751953125,0.64697265625,-0.0244140625,0.47607421875,0.13427734375,0.5126953125,0.18310546875,0.15869140625,0.2197265625,0.32958984375,0.10986328125,1.0498046875,-0.03662109375,0.2197265625,-0.1220703125,0.20751953125,-0.0244140625,0.35400390625,0.20751953125,0.830078125,0.0244140625,0.048828125,-0.10986328125,1.40380859375,0.0244140625,-0.93994140625,-0.1220703125,-0.32958984375,-0.048828125,-0.98876953125,-0.37841796875,-0.74462890625,-0.0732421875,-1.47705078125,0.146484375,-0.2685546875,-0.0732421875,-0.29296875,0.54931640625,-1.26953125,0.03662109375,-1.06201171875,-0.146484375,-0.72021484375,-0.15869140625,-0.8056640625,-0.03662109375,-0.146484375,0.37841796875,-0.68359375,-0.0244140625,-1.42822265625,-0.1708984375,-1.025390625,-0.32958984375,0.4150390625,-0.2197265625,-0.1953125,-0.03662109375,-0.537109375,-0.048828125,-0.390625,-0.50048828125,-0.50048828125,0.01220703125,0.0732421875,-0.0244140625,0.830078125,0.048828125,-0.4638671875,0.1220703125,-0.4638671875
0,-0.54931640625,-0.439453125,-0.23193359375,-0.03662109375,-0.03662109375,-0.4150390625,-0.06103515625,0.0244140625,-0.01220703125,0.15869140625,0.30517578125,-0.76904296875,0.09765625,1.0498046875,-0.30517578125,-0.390625,-0.03662109375,0.1220703125,0.1953125,0.390625,0.2197265625,1.18408203125,0.0732421875,-0.1708984375,-0.30517578125,-0.08544921875,-0.08544921875,-0.76904296875,-0.50048828125,0.927734375,-0.244140625,0.2197265625,-0.20751953125,-0.30517578125,-0.06103515625,-0.8056640625,-0.35400390625,-0.390625,-0.048828125,-0.7080078125,-0.45166015625,-0.1953125,-0.0732421875,-0.6103515625,-0.1708984375,-0.40283203125,-0.3173828125,0.57373046875,-0.13427734375,1.1962890625,-0.244140625,0.52490234375,0.13427734375,-0.1220703125,-0.09765625,0.7568359375,-0.13427734375,0.64697265625,-0.08544921875,0.4638671875,0.18310546875,0.48828125,0.1708984375,0.15869140625,0.2685546875,0.3662109375,0.1220703125,1.07421875,-0.048828125,0.23193359375,-0.0732421875,0.23193359375,0.01220703125,0.37841796875,0.1953125,0.86669921875,0,0.03662109375,-0.146484375,1.40380859375,-0.01220703125,-0.927734375,-0.146484375,-0.3173828125,-0.08544921875,-0.98876953125,-0.40283203125,-0.76904296875,-0.06103515625,-1.46484375,0.146484375,-0.2685546875,-0.03662109375,-0.29296875,0.40283203125,-1.30615234375,-0.01220703125,-0.96435546875,-0.1220703125,-0.48828125,-0.1220703125,-0.78125,0,-0.06103515625,0.4150390625,-0.68359375,0,-1.45263671875,-0.0732421875,-1.03759765625,-0.37841796875,0.40283203125,-0.1953125,-0.15869140625,-0.0244140625,-0.4638671875,-0.06103515625,-0.40283203125,-0.47607421875,-0.3662109375,0,0.0732421875,-0.048828125,0.84228515625,0.03662109375,-0.4638671875,0.146484375,-0.45166015625
0,-0.52490234375,-0.4150390625,-0.28076171875,-0.06103515625,0,-0.3662109375,-0.10986328125,0.01220703125,-0.06103515625,0.146484375,0.2685546875,-0.8056640625,0.06103515625,1.0498046875,-0.32958984375,-0.30517578125,-0.03662109375,0.08544921875,0.2197265625,0.37841796875,0.30517578125,1.08642578125,0.01220703125,-0.20751953125,-0.35400390625,-0.10986328125,-0.06103515625,-0.76904296875,-0.52490234375,0.927734375,-0.048828125,0.2197265625,-0.15869140625,-0.3173828125,0.01220703125,-0.81787109375,-0.2685546875,-0.40283203125,-0.0732421875,-0.732421875,-0.32958984375,-0.20751953125,-0.08544921875,-0.6103515625,-0.15869140625,-0.40283203125,-0.3173828125,0.57373046875,-0.10986328125,1.18408203125,-0.20751953125,0.48828125,0.13427734375,-0.146484375,-0.0732421875,0.74462890625,-0.1220703125,0.68359375,-0.18310546875,0.4638671875,0.1953125,0.47607421875,0.20751953125,0.15869140625,0.3173828125,0.4150390625,0.13427734375,1.08642578125,-0.0732421875,0.23193359375,0,0.25634765625,0.048828125,0.390625,0.20751953125,0.8544921875,-0.03662109375,0.0244140625,-0.13427734375,1.416015625,-0.06103515625,-0.927734375,-0.1953125,-0.30517578125,-0.1220703125,-0.9521484375,-0.35400390625,-0.76904296875,-0.048828125,-1.47705078125,0.09765625,-0.28076171875,0,-0.29296875,0.18310546875,-1.30615234375,-0.06103515625,-0.927734375,-0.23193359375,-0.3662109375,-0.048828125,-0.79345703125,0.01220703125,-0.03662109375,0.40283203125,-0.64697265625,0,-1.4404296875,-0.01220703125,-1.03759765625,-0.3662109375,0.40283203125,-0.15869140625,-0.13427734375,-0.03662109375,-0.4150390625,-0.06103515625,-0.37841796875,-0.4638671875,-0.28076171875,0,0.0732421875,-0.03662109375,0.8544921875,0.01220703125,-0.45166015625,0.13427734375,-0.45166015625
0,-0.50048828125,-0.40283203125,-0.29296875,-0.08544921875,0,-0.3662109375,-0.10986328125,0.0244140625,-0.08544921875,0.146484375,0.29296875,-0.8056640625,0.10986328125,1.03759765625,-0.23193359375,-0.18310546875,-0.1220703125,0.20751953125,0.20751953125,0.48828125,0.3173828125,1.23291015625,-0.10986328125,-0.13427734375,-0.32958984375,-0.146484375,-0.06103515625,-0.76904296875,-0.537109375,0.91552734375,0.10986328125,0.244140625,-0.048828125,-0.30517578125,0.0244140625,-0.830078125,-0.18310546875,-0.45166015625,-0.048828125,-0.72021484375,-0.18310546875,-0.2197265625,-0.0244140625,-0.64697265625,-0.09765625,-0.37841796875,-0.390625,0.54931640625,-0.0244140625,1.1962890625,-0.1953125,0.4638671875,0.08544921875,-0.1953125,-0.08544921875,0.74462890625,-0.13427734375,0.68359375,-0.244140625,0.4638671875,0.146484375,0.48828125,0.2197265625,0.146484375,0.3662109375,0.4638671875,0.09765625,1.0986328125,-0.08544921875,0.244140625,0.0732421875,0.2685546875,0.1220703125,0.390625,0.18310546875,0.8544921875,-0.048828125,0.0244140625,-0.13427734375,1.42822265625,-0.09765625,-0.9521484375,-0.20751953125,-0.30517578125,-0.10986328125,-0.96435546875,-0.28076171875,-0.76904296875,-0.03662109375,-1.45263671875,0.03662109375,-0.2685546875,0.03662109375,-0.29296875,-0.01220703125,-1.30615234375,-0.10986328125,-0.96435546875,-0.15869140625,-0.42724609375,0.048828125,-0.8544921875,0.10986328125,-0.048828125,0.23193359375,-0.6591796875,0.048828125,-1.4404296875,0.06103515625,-1.03759765625,-0.29296875,0.390625,-0.1220703125,-0.13427734375,-0.06103515625,-0.42724609375,-0.06103515625,-0.37841796875,-0.47607421875,-0.32958984375,0.01220703125,0.06103515625,-0.03662109375,0.87890625,0.01220703125,-0.42724609375,0.1708984375,-0.439453125
0,-0.48828125,-0.3662109375,-0.29296875,-0.09765625,0.0732421875,-0.35400390625,-0.08544921875,-0.01220703125,-0.13427734375,0.08544921875,0.30517578125,-0.830078125,0.10986328125,1.0498046875,-0.244140625,-0.10986328125,-0.146484375,0.47607421875,0.18310546875,0.7568359375,0.30517578125,1.5869140625,-0.146484375,0.08544921875,-0.2685546875,-0.10986328125,-0.048828125,-0.76904296875,-0.4638671875,0.93994140625,0.2197265625,0.244140625,0.0732421875,-0.30517578125,0.0732421875,-0.84228515625,-0.1220703125,-0.4638671875,-0.0244140625,-0.732421875,-0.06103515625,-0.2197265625,0.0244140625,-0.634765625,0,-0.40283203125,-0.42724609375,0.537109375,0.0732421875,1.220703125,-0.18310546875,0.4638671875,0.048828125,-0.1953125,-0.15869140625,0.74462890625,-0.1953125,0.68359375,-0.29296875,0.47607421875,0.03662109375,0.48828125,0.15869140625,0.15869140625,0.35400390625,0.42724609375,0.0732421875,1.08642578125,-0.08544921875,0.244140625,0.08544921875,0.2685546875,0.146484375,0.3662109375,0.1708984375,0.8544921875,-0.06103515625,0.01220703125,-0.1220703125,1.40380859375,-0.1220703125,-0.9521484375,-0.2197265625,-0.29296875,-0.1220703125,-0.98876953125,-0.18310546875,-0.76904296875,-0.0244140625,-1.47705078125,0,-0.244140625,0.048828125,-0.2685546875,-0.2197265625,-1.2939453125,-0.15869140625,-1.025390625,-0.1220703125,-0.59814453125,0.048828125,-0.927734375,0.1220703125,-0.146484375,0.0244140625,-0.68359375,0.09765625,-1.42822265625,0.08544921875,-1.0498046875,-0.23193359375,0.390625,-0.1220703125,-0.1708984375,-0.06103515625,-0.45166015625,-0.0732421875,-0.439453125,-0.47607421875,-0.45166015625,0.0244140625,0.048828125,-0.06103515625,0.89111328125,0,-0.439453125,0.146484375,-0.439453125
0,-0.4638671875,-0.32958984375,-0.30517578125,-0.09765625,0.048828125,-0.35400390625,-0.06103515625,-0.01220703125,-0.15869140625,0.01220703125,0.2685546875,-0.86669921875,0.08544921875,0.98876953125,-0.244140625,-0.09765625,-0.2197265625,0.87890625,0.146484375,1.1474609375,0.18310546875,2.1728515625,-0.1708984375,0.45166015625,-0.18310546875,-0.146484375,-0.0244140625,-0.79345703125,-0.35400390625,0.927734375,0.20751953125,0.25634765625,0.23193359375,-0.3173828125,0.06103515625,-0.84228515625,-0.01220703125,-0.4638671875,-0.048828125,-0.732421875,0,-0.1708984375,0.09765625,-0.64697265625,0.09765625,-0.40283203125,-0.439453125,0.5615234375,0.1220703125,1.1962890625,-0.13427734375,0.4638671875,0,-0.18310546875,-0.1953125,0.7568359375,-0.244140625,0.69580078125,-0.35400390625,0.47607421875,-0.08544921875,0.50048828125,0.13427734375,0.1708984375,0.37841796875,0.390625,0.03662109375,1.07421875,-0.06103515625,0.25634765625,0.06103515625,0.28076171875,0.18310546875,0.32958984375,0.1220703125,0.81787109375,-0.06103515625,0.03662109375,-0.10986328125,1.3916015625,-0.1220703125,-0.9521484375,-0.23193359375,-0.30517578125,-0.08544921875,-1.0009765625,-0.10986328125,-0.7568359375,-0.06103515625,-1.4892578125,-0.048828125,-0.25634765625,-0.0244140625,-0.28076171875,-0.29296875,-1.28173828125,-0.15869140625,-1.123046875,-0.048828125,-0.8544921875,0.08544921875,-0.9521484375,0.10986328125,-0.23193359375,-0.18310546875,-0.7080078125,0.10986328125,-1.4404296875,0.13427734375,-1.03759765625,-0.20751953125,0.439453125,-0.08544921875,-0.2197265625,-0.06103515625,-0.52490234375,-0.048828125,-0.4638671875,-0.50048828125,-0.62255859375,0.01220703125,0.03662109375,-0.048828125,0.89111328125,0,-0.439453125,0.15869140625,-0.439453125
0,-0.37841796875,-0.3173828125,-0.28076171875,-0.10986328125,0.06103515625,-0.390625,-0.03662109375,-0.0244140625,-0.1708984375,-0.08544921875,0.2685546875,-0.87890625,0.048828125,0.9521484375,-0.23193359375,-0.1220703125,-0.20751953125,1.416015625,0.09765625,1.64794921875,-0.03662109375,2.9541015625,-0.1708984375,0.87890625,-0.0732421875,-0.15869140625,-0.03662109375,-0.78125,-0.20751953125,0.93994140625,0.13427734375,0.244140625,0.37841796875,-0.3173828125,0.03662109375,-0.830078125,0.06103515625,-0.45166015625,-0.048828125,-0.74462890625,0.06103515625,-0.1708984375,0.15869140625,-0.634765625,0.1708984375,-0.42724609375,-0.42724609375,0.5859375,0.13427734375,1.13525390625,-0.06103515625,0.4638671875,-0.08544921875,-0.1708984375,-0.23193359375,0.76904296875,-0.30517578125,0.68359375,-0.37841796875,0.47607421875,-0.23193359375,0.5126953125,0.0732421875,0.1708984375,0.37841796875,0.3173828125,0.0244140625,1.06201171875,-0.048828125,0.23193359375,0.08544921875,0.244140625,0.18310546875,0.30517578125,0.0244140625,0.81787109375,-0.06103515625,0.03662109375,-0.1220703125,1.3671875,-0.10986328125,-0.93994140625,-0.18310546875,-0.30517578125,-0.01220703125,-1.025390625,-0.0244140625,-0.78125,-0.08544921875,-1.50146484375,-0.08544921875,-0.23193359375,-0.146484375,-0.28076171875,-0.20751953125,-1.25732421875,-0.10986328125,-1.18408203125,0.0732421875,-1.0986328125,0.146484375,-0.9521484375,0.1953125,-0.3173828125,-0.37841796875,-0.72021484375,0.10986328125,-1.45263671875,0.13427734375,-1.03759765625,-0.1708984375,0.42724609375,-0.08544921875,-0.25634765625,-0.048828125,-0.5859375,-0.0732421875,-0.50048828125,-0.47607421875,-0.79345703125,-0.01220703125,0.0732421875,-0.048828125,0.87890625,0.0244140625,-0.45166015625,0.146484375,-0.45166015625
0,-0.35400390625,-0.3173828125,-0.3173828125,-0.10986328125,0.03662109375,-0.4150390625,-0.048828125,-0.0244140625,-0.146484375,-0.146484375,0.23193359375,-0.9033203125,0.06103515625,0.927734375,-0.244140625,-0.146484375,-0.2197265625,2.001953125,0,2.2216796875,-0.32958984375,3.80859375,-0.2197265625,1.3916015625,0,-0.15869140625,0.01220703125,-0.79345703125,-0.10986328125,0.927734375,0.01220703125,0.23193359375,0.48828125,-0.341796875,-0.0244140625,-0.830078125,0.1220703125,-0.439453125,-0.0244140625,-0.732421875,0.0732421875,-0.15869140625,0.1953125,-0.6591796875,0.1953125,-0.439453125,-0.439453125,0.5859375,0.1220703125,1.13525390625,0.01220703125,0.48828125,-0.15869140625,-0.13427734375,-0.2197265625,0.76904296875,-0.341796875,0.6591796875,-0.3662109375,0.4638671875,-0.341796875,0.52490234375,0.0732421875,0.146484375,0.40283203125,0.2685546875,-0.048828125,1.0498046875,-0.048828125,0.2197265625,0.048828125,0.20751953125,0.146484375,0.2685546875,0,0.830078125,-0.03662109375,0.03662109375,-0.1708984375,1.35498046875,-0.09765625,-0.93994140625,-0.18310546875,-0.3173828125,0.03662109375,-1.03759765625,-0.0244140625,-0.7568359375,-0.10986328125,-1.47705078125,-0.09765625,-0.20751953125,-0.30517578125,-0.29296875,-0.048828125,-1.25732421875,-0.1220703125,-1.23291015625,0.08544921875,-1.28173828125,0.146484375,-0.9521484375,0.146484375,-0.35400390625,-0.4638671875,-0.72021484375,0.0244140625,-1.45263671875,0.10986328125,-1.0498046875,-0.146484375,0.45166015625,-0.03662109375,-0.29296875,-0.048828125,-0.64697265625,-0.06103515625,-0.52490234375,-0.4638671875,-0.91552734375,-0.01220703125,0.0732421875,-0.03662109375,0.86669921875,0.048828125,-0.47607421875,0.13427734375,-0.45166015625
0,-0.3662109375,-0.30517578125,-0.341796875,-0.09765625,0.03662109375,-0.42724609375,-0.0732421875,0.01220703125,-0.13427734375,-0.146484375,0.244140625,-0.89111328125,0.048828125,0.91552734375,-0.20751953125,-0.1953125,-0.18310546875,2.6611328125,-0.09765625,2.8564453125,-0.5615234375,4.7119140625,-0.30517578125,1.91650390625,0.0732421875,-0.146484375,0.0244140625,-0.78125,0,0.93994140625,-0.0732421875,0.23193359375,0.57373046875,-0.35400390625,-0.0732421875,-0.830078125,0.13427734375,-0.45166015625,0.01220703125,-0.732421875,0.06103515625,-0.13427734375,0.244140625,-0.6591796875,0.1953125,-0.42724609375,-0.42724609375,0.59814453125,0.06103515625,1.123046875,0.048828125,0.52490234375,-0.1708984375,-0.1220703125,-0.1708984375,0.76904296875,-0.40283203125,0.6591796875,-0.37841796875,0.45166015625,-0.439453125,0.537109375,0.08544921875,0.146484375,0.37841796875,0.20751953125,-0.1708984375,1.03759765625,-0.0732421875,0.1953125,0.0244140625,0.18310546875,0.10986328125,0.2685546875,-0.06103515625,0.79345703125,0,0.048828125,-0.20751953125,1.35498046875,-0.10986328125,-0.927734375,-0.1220703125,-0.32958984375,0.09765625,-1.07421875,-0.0244140625,-0.7568359375,-0.18310546875,-1.4892578125,-0.1220703125,-0.1953125,-0.439453125,-0.30517578125,0.1953125,-1.23291015625,-0.048828125,-1.23291015625,0.08544921875,-1.35498046875,0.10986328125,-0.91552734375,0.10986328125,-0.390625,-0.4150390625,-0.732421875,-0.0732421875,-1.42822265625,0.06103515625,-1.0498046875,-0.1708984375,0.439453125,-0.01220703125,-0.28076171875,-0.0732421875,-0.67138671875,-0.06103515625,-0.52490234375,-0.45166015625,-0.927734375,-0.06103515625,0.08544921875,0,0.86669921875,0.0732421875,-0.47607421875,0.13427734375,-0.45166015625
0,-0.3173828125,-0.32958984375,-0.35400390625,-0.08544921875,0.048828125,-0.42724609375,-0.06103515625,0.03662109375,-0.13427734375,-0.1220703125,0.20751953125,-0.86669921875,0.0244140625,0.927734375,-0.2197265625,-0.23193359375,-0.146484375,3.2958984375,-0.15869140625,3.466796875,-0.69580078125,5.60302734375,-0.35400390625,2.44140625,0.1220703125,-0.146484375,0.048828125,-0.79345703125,0.03662109375,0.9521484375,-0.1708984375,0.2197265625,0.5126953125,-0.341796875,-0.06103515625,-0.830078125,0.09765625,-0.42724609375,0.048828125,-0.74462890625,0.01220703125,-0.13427734375,0.23193359375,-0.64697265625,0.1708984375,-0.439453125,-0.390625,0.5859375,-0.01220703125,1.123046875,0,0.537109375,-0.20751953125,-0.10986328125,-0.15869140625,0.78125,-0.37841796875,0.62255859375,-0.3662109375,0.45166015625,-0.50048828125,0.57373046875,0.08544921875,0.13427734375,0.32958984375,0.1708984375,-0.23193359375,1.025390625,-0.048828125,0.18310546875,-0.03662109375,0.15869140625,0.10986328125,0.25634765625,-0.09765625,0.79345703125,0.0732421875,0.048828125,-0.28076171875,1.35498046875,-0.06103515625,-0.9033203125,-0.0732421875,-0.341796875,0.13427734375,-1.0498046875,-0.048828125,-0.74462890625,-0.2197265625,-1.4892578125,-0.10986328125,-0.18310546875,-0.50048828125,-0.30517578125,0.4150390625,-1.23291015625,0.03662109375,-1.18408203125,0.13427734375,-1.318359375,0.1220703125,-0.84228515625,0.15869140625,-0.32958984375,-0.35400390625,-0.732421875,-0.1953125,-1.42822265625,0,-1.0498046875,-0.1708984375,0.45166015625,0.0244140625,-0.244140625,-0.0732421875,-0.69580078125,-0.048828125,-0.52490234375,-0.4150390625,-0.89111328125,-0.048828125,0.09765625,0,0.84228515625,0.0732421875,-0.47607421875,0.10986328125,-0.45166015625
0,-0.28076171875,-0.35400390625,-0.3662109375,-0.09765625,0.0732421875,-0.439453125,-0.0732421875,0.048828125,-0.146484375,-0.0732421875,0.1953125,-0.84228515625,0.0244140625,0.9765625,-0.08544921875,-0.23193359375,-0.09765625,3.90625,-0.18310546875,4.00390625,-0.732421875,6.396484375,-0.390625,2.89306640625,0.15869140625,-0.13427734375,0.06103515625,-0.76904296875,0.0244140625,0.927734375,-0.23193359375,0.23193359375,0.439453125,-0.341796875,-0.06103515625,-0.8056640625,0,-0.40283203125,0.08544921875,-0.72021484375,-0.048828125,-0.146484375,0.18310546875,-0.62255859375,0.10986328125,-0.45166015625,-0.35400390625,0.59814453125,-0.1220703125,1.123046875,-0.048828125,0.5126953125,-0.20751953125,-0.1220703125,-0.1220703125,0.7568359375,-0.3662109375,0.6103515625,-0.341796875,0.439453125,-0.57373046875,0.54931640625,0.08544921875,0.13427734375,0.244140625,0.18310546875,-0.28076171875,1.025390625,-0.048828125,0.18310546875,-0.09765625,0.1708984375,0.08544921875,0.30517578125,-0.13427734375,0.79345703125,0.13427734375,0.06103515625,-0.29296875,1.37939453125,-0.0244140625,-0.89111328125,-0.01220703125,-0.3173828125,0.146484375,-1.03759765625,-0.1220703125,-0.732421875,-0.2685546875,-1.4892578125,-0.0732421875,-0.1953125,-0.439453125,-0.30517578125,0.50048828125,-1.20849609375,0.09765625,-1.07421875,0.10986328125,-1.13525390625,0.06103515625,-0.76904296875,0.1220703125,-0.2197265625,-0.1708984375,-0.732421875,-0.3173828125,-1.4404296875,-0.09765625,-1.03759765625,-0.1953125,0.439453125,0.048828125,-0.18310546875,-0.08544921875,-0.634765625,-0.06103515625,-0.48828125,-0.40283203125,-0.79345703125,-0.048828125,0.10986328125,0.01220703125,0.8544921875,0.0732421875,-0.50048828125,0.10986328125,-0.45166015625
0,-0.25634765625,-0.390625,-0.37841796875,-0.13427734375,0.1220703125,-0.439453125,-0.048828125,0.06103515625,-0.146484375,0.01220703125,0.18310546875,-0.78125,0,1.01318359375,-0.06103515625,-0.1953125,-0.0732421875,4.4189453125,-0.1708984375,4.45556640625,-0.72021484375,7.04345703125,-0.40283203125,3.271484375,0.13427734375,-0.13427734375,0.048828125,-0.74462890625,-0.048828125,0.927734375,-0.23193359375,0.2197265625,0.28076171875,-0.3173828125,-0.01220703125,-0.81787109375,-0.09765625,-0.37841796875,0.1220703125,-0.72021484375,-0.09765625,-0.15869140625,0.1220703125,-0.634765625,0.048828125,-0.4638671875,-0.28076171875,0.5859375,-0.1708984375,1.171875,-0.048828125,0.52490234375,-0.20751953125,-0.10986328125,-0.1220703125,0.74462890625,-0.35400390625,0.6103515625,-0.30517578125,0.439453125,-0.64697265625,0.537109375,0.048828125,0.1220703125,0.146484375,0.2197265625,-0.32958984375,1.0498046875,-0.048828125,0.1953125,-0.13427734375,0.18310546875,0.03662109375,0.30517578125,-0.20751953125,0.76904296875,0.1953125,0.06103515625,-0.35400390625,1.37939453125,0.048828125,-0.87890625,0.048828125,-0.3173828125,0.1220703125,-1.0009765625,-0.08544921875,-0.7080078125,-0.29296875,-1.46484375,-0.06103515625,-0.18310546875,-0.28076171875,-0.29296875,0.48828125,-1.220703125,0.18310546875,-0.91552734375,0.08544921875,-0.86669921875,0.0244140625,-0.7080078125,0.1220703125,-0.0732421875,0.01220703125,-0.7080078125,-0.35400390625,-1.40380859375,-0.1220703125,-1.03759765625,-0.23193359375,0.42724609375,0.0732421875,-0.146484375,-0.0732421875,-0.59814453125,-0.06103515625,-0.4638671875,-0.37841796875,-0.62255859375,-0.048828125,0.13427734375,0.0244140625,0.830078125,0.06103515625,-0.47607421875,0.09765625,-0.4638671875
0,-0.20751953125,-0.390625,-0.341796875,-0.1953125,0.08544921875,-0.4150390625,-0.0732421875,0.0732421875,-0.1220703125,0.09765625,0.1953125,-0.7568359375,0.01220703125,1.0498046875,0.06103515625,-0.18310546875,-0.03662109375,4.78515625,-0.146484375,4.78515625,-0.59814453125,7.45849609375,-0.390625,3.55224609375,0.06103515625,-0.09765625,0.0244140625,-0.7568359375,-0.1953125,0.93994140625,-0.20751953125,0.23193359375,0.0732421875,-0.30517578125,0.0732421875,-0.84228515625,-0.23193359375,-0.3662109375,0.18310546875,-0.72021484375,-0.20751953125,-0.1708984375,0.03662109375,-0.59814453125,-0.03662109375,-0.47607421875,-0.244140625,0.5859375,-0.25634765625,1.1962890625,-0.06103515625,0.50048828125,-0.18310546875,-0.146484375,-0.1708984375,0.74462890625,-0.28076171875,0.6103515625,-0.30517578125,0.439453125,-0.64697265625,0.54931640625,-0.01220703125,0.1220703125,0.06103515625,0.29296875,-0.30517578125,1.08642578125,-0.048828125,0.23193359375,-0.18310546875,0.2197265625,-0.01220703125,0.341796875,-0.1708984375,0.81787109375,0.23193359375,0.03662109375,-0.37841796875,1.40380859375,0.08544921875,-0.87890625,0.08544921875,-0.3173828125,0.0244140625,-0.9765625,-0.10986328125,-0.732421875,-0.25634765625,-1.45263671875,-0.01220703125,-0.18310546875,-0.09765625,-0.30517578125,0.35400390625,-1.2451171875,0.244140625,-0.76904296875,0.08544921875,-0.57373046875,-0.01220703125,-0.634765625,0.0732421875,0.09765625,0.1220703125,-0.68359375,-0.3173828125,-1.40380859375,-0.1708984375,-1.0498046875,-0.25634765625,0.42724609375,0.09765625,-0.10986328125,-0.09765625,-0.537109375,-0.06103515625,-0.42724609375,-0.4150390625,-0.47607421875,-0.03662109375,0.10986328125,0.048828125,0.830078125,0.048828125,-0.47607421875,0.10986328125,-0.45166015625
1,-0.15869140625,-0.40283203125,-0.35400390625,-0.2685546875,0.06103515625,-0.390625,-0.08544921875,0.048828125,-0.13427734375,0.1220703125,0.1953125,-0.732421875,0.0244140625,1.07421875,-0.048828125,-0.1953125,-0.048828125,5.029296875,-0.03662109375,4.931640625,-0.42724609375,7.65380859375,-0.37841796875,3.64990234375,-0.01220703125,-0.09765625,-0.01220703125,-0.74462890625,-0.3173828125,0.93994140625,-0.2197265625,0.23193359375,-0.1220703125,-0.30517578125,0.1220703125,-0.8544921875,-0.3173828125,-0.390625,0.15869140625,-0.72021484375,-0.30517578125,-0.20751953125,-0.0244140625,-0.62255859375,-0.10986328125,-0.45166015625,-0.244140625,0.57373046875,-0.3173828125,1.220703125,-0.08544921875,0.47607421875,-0.13427734375,-0.1708984375,-0.2197265625,0.732421875,-0.18310546875,0.634765625,-0.2685546875,0.439453125,-0.6591796875,0.52490234375,-0.13427734375,0.1220703125,0,0.32958984375,-0.32958984375,1.06201171875,-0.0732421875,0.25634765625,-0.20751953125,0.23193359375,-0.048828125,0.32958984375,-0.18310546875,0.8056640625,0.2685546875,0.03662109375,-0.3662109375,1.416015625,0.1708984375,-0.9033203125,0.09765625,-0.29296875,-0.048828125,-0.9765625,-0.06103515625,-0.72021484375,-0.20751953125,-1.45263671875,0.01220703125,-0.1953125,0.13427734375,-0.28076171875,0.20751953125,-1.20849609375,0.23193359375,-0.634765625,0.0244140625,-0.30517578125,-0.0732421875,-0.5615234375,-0.0244140625,0.244140625,0.18310546875,-0.69580078125,-0.146484375,-1.40380859375,-0.20751953125,-1.03759765625,-0.29296875,0.37841796875,0.1220703125,-0.08544921875,-0.09765625,-0.48828125,-0.06103515625,-0.390625,-0.42724609375,-0.390625,-0.048828125,0.09765625,0.06103515625,0.84228515625,0.0244140625,-0.45166015625,0.10986328125,-0.48828125
1,-0.15869140625,-0.40283203125,-0.35400390625,-0.32958984375,0.06103515625,-0.40283203125,-0.08544921875,0.048828125,-0.10986328125,0.13427734375,0.25634765625,-0.76904296875,0.06103515625,1.07421875,-0.01220703125,-0.20751953125,-0.0732421875,5.0537109375,0.09765625,4.9072265625,-0.29296875,7.6171875,-0.28076171875,3.61328125,-0.0732421875,-0.09765625,-0.0732421875,-0.7568359375,-0.45166015625,0.93994140625,-0.2197265625,0.23193359375,-0.25634765625,-0.29296875,0.09765625,-0.84228515625,-0.37841796875,-0.40283203125,0.13427734375,-0.7080078125,-0.3662109375,-0.1953125,-0.08544921875,-0.634765625,-0.18310546875,-0.4638671875,-0.25634765625,0.5615234375,-0.32958984375,1.23291015625,-0.0732421875,0.48828125,-0.146484375,-0.18310546875,-0.29296875,0.732421875,-0.09765625,0.634765625,-0.29296875,0.45166015625,-0.64697265625,0.50048828125,-0.244140625,0.1220703125,-0.146484375,0.3662109375,-0.29296875,1.0986328125,-0.10986328125,0.2685546875,-0.23193359375,0.244140625,-0.1220703125,0.35400390625,-0.1953125,0.81787109375,0.28076171875,0.01220703125,-0.35400390625,1.40380859375,0.23193359375,-0.91552734375,0.08544921875,-0.2685546875,-0.1220703125,-0.96435546875,-0.03662109375,-0.72021484375,-0.13427734375,-1.42822265625,0.01220703125,-0.1953125,0.32958984375,-0.28076171875,0.06103515625,-1.220703125,0.2197265625,-0.50048828125,0.048828125,-0.13427734375,-0.08544921875,-0.48828125,-0.0732421875,0.3662109375,0.15869140625,-0.68359375,0.03662109375,-1.416015625,-0.20751953125,-1.025390625,-0.30517578125,0.390625,0.146484375,-0.10986328125,-0.08544921875,-0.4638671875,-0.06103515625,-0.40283203125,-0.40283203125,-0.341796875,-0.03662109375,0.0732421875,0.08544921875,0.81787109375,0,-0.45166015625,0.1220703125,-0.4638671875
1,-0.13427734375,-0.390625,-0.37841796875,-0.3662109375,0.03662109375,-0.37841796875,-0.08544921875,0.01220703125,-0.09765625,0.09765625,0.244140625,-0.830078125,0.10986328125,1.03759765625,0,-0.2197265625,-0.1220703125,4.8828125,0.20751953125,4.7119140625,-0.1708984375,7.31201171875,-0.18310546875,3.4423828125,-0.146484375,-0.10986328125,-0.08544921875,-0.74462890625,-0.50048828125,0.9521484375,-0.2197265625,0.23193359375,-0.2685546875,-0.30517578125,0.01220703125,-0.84228515625,-0.390625,-0.4150390625,0.09765625,-0.7080078125,-0.4638671875,-0.1953125,-0.10986328125,-0.64697265625,-0.244140625,-0.45166015625,-0.29296875,0.5615234375,-0.3173828125,1.20849609375,-0.1220703125,0.439453125,-0.146484375,-0.18310546875,-0.2685546875,0.732421875,-0.0732421875,0.64697265625,-0.25634765625,0.45166015625,-0.59814453125,0.50048828125,-0.3173828125,0.13427734375,-0.2197265625,0.341796875,-0.25634765625,1.0986328125,-0.1220703125,0.2685546875,-0.20751953125,0.28076171875,-0.15869140625,0.3662109375,-0.1708984375,0.84228515625,0.3173828125,0.01220703125,-0.30517578125,1.40380859375,0.25634765625,-0.927734375,0.03662109375,-0.28076171875,-0.1953125,-0.9765625,-0.0244140625,-0.72021484375,-0.048828125,-1.4404296875,0,-0.2197265625,0.37841796875,-0.25634765625,-0.0244140625,-1.220703125,0.146484375,-0.40283203125,0.1220703125,-0.03662109375,-0.03662109375,-0.45166015625,-0.09765625,0.45166015625,0.08544921875,-0.69580078125,0.2197265625,-1.40380859375,-0.20751953125,-1.01318359375,-0.29296875,0.40283203125,0.15869140625,-0.15869140625,-0.08544921875,-0.4638671875,-0.0732421875,-0.4150390625,-0.390625,-0.390625,-0.0244140625,0.048828125,0.048828125,0.830078125,0,-0.439453125,0.1220703125,-0.48828125
1,-0.08544921875,-0.3662109375,-0.40283203125,-0.40283203125,0.06103515625,-0.37841796875,-0.06103515625,0.01220703125,-0.10986328125,0.048828125,0.2197265625,-0.89111328125,0.09765625,0.96435546875,0.048828125,-0.2197265625,-0.15869140625,4.541015625,0.35400390625,4.30908203125,-0.09765625,6.8115234375,-0.06103515625,3.125,-0.146484375,-0.09765625,-0.1220703125,-0.7568359375,-0.48828125,0.93994140625,-0.18310546875,0.23193359375,-0.146484375,-0.3173828125,-0.0732421875,-0.87890625,-0.3173828125,-0.439453125,0.03662109375,-0.7080078125,-0.5126953125,-0.18310546875,-0.10986328125,-0.64697265625,-0.29296875,-0.4150390625,-0.32958984375,0.5615234375,-0.244140625,1.18408203125,-0.10986328125,0.4638671875,-0.20751953125,-0.18310546875,-0.1953125,0.74462890625,-0.08544921875,0.64697265625,-0.25634765625,0.4638671875,-0.5615234375,0.5126953125,-0.35400390625,0.1220703125,-0.28076171875,0.341796875,-0.25634765625,1.11083984375,-0.146484375,0.29296875,-0.15869140625,0.2685546875,-0.1953125,0.35400390625,-0.18310546875,0.84228515625,0.3173828125,0.0244140625,-0.20751953125,1.40380859375,0.244140625,-0.93994140625,-0.01220703125,-0.28076171875,-0.244140625,-1.01318359375,-0.0244140625,-0.74462890625,-0.01220703125,-1.46484375,-0.01220703125,-0.244140625,0.32958984375,-0.2685546875,-0.0244140625,-1.220703125,0,-0.4150390625,0.1220703125,-0.08544921875,-0.01220703125,-0.48828125,-0.13427734375,0.45166015625,0,-0.7080078125,0.341796875,-1.4404296875,-0.18310546875,-1.01318359375,-0.244140625,0.390625,0.1708984375,-0.20751953125,-0.09765625,-0.47607421875,-0.06103515625,-0.48828125,-0.341796875,-0.5126953125,-0.01220703125,0.0244140625,0.048828125,0.81787109375,0.01220703125,-0.45166015625,0.09765625,-0.48828125
1,-0.0732421875,-0.32958984375,-0.390625,-0.40283203125,0.048828125,-0.390625,-0.0244140625,0.01220703125,-0.09765625,-0.0732421875,0.23193359375,-0.96435546875,0.1220703125,0.89111328125,0.13427734375,-0.1708984375,-0.15869140625,4.01611328125,0.42724609375,3.7841796875,-0.08544921875,6.14013671875,0.0732421875,2.7099609375,-0.1220703125,-0.1220703125,-0.1708984375,-0.7568359375,-0.37841796875,0.9521484375,-0.1708984375,0.244140625,-0.01220703125,-0.32958984375,-0.09765625,-0.86669921875,-0.244140625,-0.42724609375,0.01220703125,-0.7080078125,-0.52490234375,-0.18310546875,-0.09765625,-0.64697265625,-0.32958984375,-0.42724609375,-0.37841796875,0.57373046875,-0.15869140625,1.15966796875,-0.1953125,0.48828125,-0.25634765625,-0.13427734375,-0.1708984375,0.7568359375,-0.1220703125,0.67138671875,-0.2685546875,0.4638671875,-0.47607421875,0.5126953125,-0.341796875,0.13427734375,-0.30517578125,0.29296875,-0.2197265625,1.0986328125,-0.13427734375,0.30517578125,-0.1708984375,0.244140625,-0.25634765625,0.3173828125,-0.13427734375,0.87890625,0.30517578125,0.01220703125,-0.146484375,1.3671875,0.1953125,-0.9521484375,-0.0732421875,-0.29296875,-0.20751953125,-1.03759765625,-0.03662109375,-0.74462890625,0.03662109375,-1.4892578125,-0.0244140625,-0.25634765625,0.2197265625,-0.29296875,0,-1.220703125,-0.13427734375,-0.48828125,0.10986328125,-0.2197265625,0.0244140625,-0.47607421875,-0.1708984375,0.42724609375,-0.048828125,-0.74462890625,0.37841796875,-1.45263671875,-0.13427734375,-1.01318359375,-0.244140625,0.42724609375,0.18310546875,-0.244140625,-0.10986328125,-0.54931640625,-0.06103515625,-0.52490234375,-0.341796875,-0.634765625,-0.01220703125,0.01220703125,0.03662109375,0.8056640625,0.01220703125,-0.4638671875,0.08544921875,-0.5126953125
1,-0.03662109375,-0.29296875,-0.35400390625,-0.3662109375,0.0244140625,-0.37841796875,-0.0244140625,0,-0.0732421875,-0.146484375,0.2197265625,-1.03759765625,0.13427734375,0.81787109375,0.1708984375,-0.06103515625,-0.1220703125,3.33251953125,0.4150390625,3.16162109375,-0.08544921875,5.31005859375,0.20751953125,2.1728515625,-0.09765625,-0.13427734375,-0.18310546875,-0.74462890625,-0.25634765625,0.9521484375,-0.15869140625,0.23193359375,0.1708984375,-0.35400390625,-0.06103515625,-0.87890625,-0.1708984375,-0.42724609375,-0.048828125,-0.72021484375,-0.47607421875,-0.1708984375,-0.06103515625,-0.6591796875,-0.341796875,-0.42724609375,-0.390625,0.54931640625,-0.03662109375,1.13525390625,-0.1708984375,0.48828125,-0.3173828125,-0.1220703125,-0.09765625,0.74462890625,-0.2197265625,0.6591796875,-0.244140625,0.4638671875,-0.40283203125,0.5126953125,-0.32958984375,0.13427734375,-0.32958984375,0.244140625,-0.18310546875,1.07421875,-0.15869140625,0.29296875,-0.146484375,0.2197265625,-0.244140625,0.28076171875,-0.10986328125,0.86669921875,0.28076171875,0.03662109375,-0.06103515625,1.35498046875,0.146484375,-0.93994140625,-0.1220703125,-0.30517578125,-0.146484375,-1.0009765625,-0.08544921875,-0.74462890625,0.0732421875,-1.47705078125,-0.01220703125,-0.2685546875,0.06103515625,-0.29296875,0.0732421875,-1.2451171875,-0.23193359375,-0.5615234375,0.03662109375,-0.390625,0.03662109375,-0.52490234375,-0.146484375,0.32958984375,-0.03662109375,-0.732421875,0.35400390625,-1.45263671875,-0.08544921875,-1.01318359375,-0.23193359375,0.45166015625,0.1953125,-0.29296875,-0.09765625,-0.59814453125,-0.06103515625,-0.537109375,-0.32958984375,-0.78125,-0.03662109375,-0.01220703125,0.048828125,0.79345703125,0.03662109375,-0.47607421875,0.08544921875,-0.52490234375
1,0.03662109375,-0.2685546875,-0.390625,-0.32958984375,0,-0.4150390625,-0.0244140625,0,-0.0732421875,-0.1953125,0.20751953125,-1.03759765625,0.10986328125,0.78125,0.1953125,0.1708984375,-0.10986328125,2.5634765625,0.390625,2.47802734375,-0.1220703125,4.39453125,0.29296875,1.5869140625,-0.09765625,-0.146484375,-0.18310546875,-0.7568359375,-0.13427734375,0.9521484375,-0.146484375,0.23193359375,0.3173828125,-0.35400390625,-0.01220703125,-0.8544921875,-0.0732421875,-0.42724609375,-0.08544921875,-0.72021484375,-0.40283203125,-0.1708984375,-0.01220703125,-0.67138671875,-0.341796875,-0.42724609375,-0.439453125,0.5615234375,0.0732421875,1.08642578125,-0.146484375,0.50048828125,-0.37841796875,-0.09765625,-0.08544921875,0.76904296875,-0.28076171875,0.64697265625,-0.25634765625,0.45166015625,-0.390625,0.537109375,-0.2685546875,0.1220703125,-0.341796875,0.1953125,-0.146484375,1.07421875,-0.15869140625,0.25634765625,-0.1220703125,0.1953125,-0.25634765625,0.244140625,-0.10986328125,0.87890625,0.25634765625,0.03662109375,-0.01220703125,1.35498046875,0.08544921875,-0.93994140625,-0.146484375,-0.29296875,-0.0732421875,-1.03759765625,-0.06103515625,-0.7568359375,0.08544921875,-1.513671875,-0.03662109375,-0.2685546875,-0.09765625,-0.28076171875,0.1220703125,-1.2451171875,-0.3173828125,-0.64697265625,-0.06103515625,-0.57373046875,0.03662109375,-0.57373046875,-0.1220703125,0.2197265625,0.03662109375,-0.7568359375,0.25634765625,-1.47705078125,0,-1.025390625,-0.1953125,0.45166015625,0.20751953125,-0.32958984375,-0.0732421875,-0.634765625,-0.06103515625,-0.5615234375,-0.3173828125,-0.86669921875,-0.03662109375,-0.01220703125,0.048828125,0.8056640625,0.0244140625,-0.50048828125,0.048828125,-0.50048828125
1,0.06103515625,-0.244140625,-0.390625,-0.28076171875,0,-0.42724609375,-0.01220703125,0.0244140625,-0.048828125,-0.15869140625,0.1953125,-0.96435546875,0.09765625,0.830078125,0.23193359375,0.5615234375,-0.08544921875,1.74560546875,0.30517578125,1.7578125,-0.15869140625,3.45458984375,0.341796875,0.98876953125,-0.0732421875,-0.13427734375,-0.146484375,-0.76904296875,0.01220703125,0.9521484375,-0.09765625,0.244140625,0.40283203125,-0.341796875,0,-0.84228515625,0.01220703125,-0.45166015625,-0.0732421875,-0.7080078125,-0.30517578125,-0.18310546875,0.03662109375,-0.634765625,-0.28076171875,-0.4150390625,-0.4638671875,0.5859375,0.1220703125,1.07421875,-0.10986328125,0.52490234375,-0.4150390625,-0.10986328125,-0.13427734375,0.76904296875,-0.35400390625,0.634765625,-0.35400390625,0.439453125,-0.37841796875,0.5615234375,-0.2685546875,0.1220703125,-0.32958984375,0.18310546875,-0.08544921875,1.03759765625,-0.13427734375,0.2197265625,-0.08544921875,0.18310546875,-0.2685546875,0.244140625,-0.08544921875,0.8544921875,0.244140625,0.0732421875,0.01220703125,1.35498046875,0.01220703125,-0.93994140625,-0.13427734375,-0.3173828125,0,-1.06201171875,-0.06103515625,-0.74462890625,0.09765625,-1.52587890625,-0.048828125,-0.25634765625,-0.23193359375,-0.29296875,0.10986328125,-1.2451171875,-0.32958984375,-0.76904296875,-0.1953125,-0.78125,0.03662109375,-0.634765625,-0.10986328125,0.1220703125,0.1220703125,-0.74462890625,0.06103515625,-1.46484375,0.03662109375,-1.025390625,-0.15869140625,0.4638671875,0.2197265625,-0.30517578125,-0.09765625,-0.64697265625,-0.06103515625,-0.5859375,-0.3173828125,-0.9033203125,-0.03662109375,0,0.048828125,0.81787109375,0.0244140625,-0.5126953125,0.048828125,-0.52490234375
1,0.10986328125,-0.244140625,-0.40283203125,-0.244140625,-0.0244140625,-0.42724609375,-0.0244140625,0,-0.0732421875,-0.03662109375,0.1708984375,-0.84228515625,0.08544921875,0.96435546875,0.09765625,1.13525390625,-0.06103515625,0.91552734375,0.15869140625,1.07421875,-0.18310546875,2.52685546875,0.28076171875,0.37841796875,-0.03662109375,-0.146484375,-0.10986328125,-0.78125,0.08544921875,0.93994140625,-0.06103515625,0.2197265625,0.37841796875,-0.30517578125,0.15869140625,-0.81787109375,0.048828125,-0.4150390625,-0.06103515625,-0.72021484375,-0.2197265625,-0.1708984375,0.09765625,-0.634765625,-0.2197265625,-0.40283203125,-0.42724609375,0.6103515625,0.10986328125,1.0986328125,-0.10986328125,0.5126953125,-0.42724609375,-0.09765625,-0.13427734375,0.76904296875,-0.390625,0.6103515625,-0.37841796875,0.42724609375,-0.29296875,0.5615234375,-0.20751953125,0.09765625,-0.2685546875,0.1708984375,-0.03662109375,1.03759765625,-0.1220703125,0.2197265625,-0.08544921875,0.15869140625,-0.23193359375,0.2685546875,-0.03662109375,0.830078125,0.1953125,0.0732421875,0.06103515625,1.3427734375,-0.03662109375,-0.927734375,-0.09765625,-0.3173828125,0.0732421875,-1.03759765625,0,-0.7568359375,0.06103515625,-1.513671875,-0.06103515625,-0.244140625,-0.30517578125,-0.28076171875,0.06103515625,-1.28173828125,-0.29296875,-0.86669921875,-0.25634765625,-0.9033203125,0.01220703125,-0.72021484375,-0.08544921875,0.0244140625,0.20751953125,-0.7080078125,-0.06103515625,-1.46484375,0,-1.06201171875,-0.09765625,0.48828125,0.1953125,-0.29296875,-0.10986328125,-0.64697265625,-0.0732421875,-0.57373046875,-0.28076171875,-0.8544921875,-0.0244140625,0.01220703125,0.03662109375,0.830078125,0.03662109375,-0.5126953125,0.048828125,-0.52490234375
1,0.146484375,-0.244140625,-0.4150390625,-0.2197265625,0.0244140625,-0.42724609375,0.01220703125,0.01220703125,-0.08544921875,0.1953125,0.13427734375,-0.59814453125,0.06103515625,1.15966796875,0.1220703125,1.904296875,-0.06103515625,0.15869140625,0.048828125,0.45166015625,-0.1953125,1.6845703125,0.15869140625,-0.1708984375,0.06103515625,-0.146484375,-0.06103515625,-0.76904296875,0.09765625,0.93994140625,0,0.23193359375,0.3173828125,-0.2685546875,0.2685546875,-0.79345703125,0.06103515625,-0.40283203125,0,-0.7080078125,-0.13427734375,-0.1708984375,0.10986328125,-0.634765625,-0.146484375,-0.390625,-0.40283203125,0.62255859375,0.03662109375,1.0986328125,-0.1220703125,0.52490234375,-0.439453125,-0.09765625,-0.1708984375,0.76904296875,-0.40283203125,0.59814453125,-0.4638671875,0.4150390625,-0.2197265625,0.5615234375,-0.15869140625,0.10986328125,-0.2197265625,0.1953125,0,1.03759765625,-0.09765625,0.20751953125,-0.146484375,0.18310546875,-0.15869140625,0.2685546875,0.01220703125,0.830078125,0.1708984375,0.0732421875,0.06103515625,1.35498046875,-0.08544921875,-0.91552734375,-0.03662109375,-0.32958984375,0.13427734375,-1.0498046875,0.0244140625,-0.7568359375,0.01220703125,-1.47705078125,-0.09765625,-0.23193359375,-0.2685546875,-0.29296875,-0.01220703125,-1.28173828125,-0.23193359375,-0.93994140625,-0.25634765625,-0.927734375,0,-0.78125,-0.01220703125,0.01220703125,0.20751953125,-0.68359375,-0.1953125,-1.46484375,-0.03662109375,-1.06201171875,-0.0244140625,0.45166015625,0.20751953125,-0.2685546875,-0.13427734375,-0.64697265625,-0.06103515625,-0.54931640625,-0.29296875,-0.76904296875,-0.03662109375,0.0244140625,0.03662109375,0.84228515625,0.03662109375,-0.537109375,0.048828125,-0.50048828125
1,0.13427734375,-0.244140625,-0.40283203125,-0.20751953125,0.048828125,-0.4150390625,0.0244140625,0.03662109375,-0.1220703125,0.5126953125,0.13427734375,-0.30517578125,0.0732421875,1.4404296875,-0.01220703125,2.89306640625,-0.06103515625,-0.47607421875,-0.048828125,-0.09765625,-0.20751953125,0.9765625,-0.03662109375,-0.64697265625,0.10986328125,-0.13427734375,-0.01220703125,-0.79345703125,0.06103515625,0.927734375,0.06103515625,0.23193359375,0.18310546875,-0.28076171875,0.42724609375,-0.79345703125,0.048828125,-0.37841796875,0.06103515625,-0.732421875,-0.01220703125,-0.146484375,0.08544921875,-0.62255859375,-0.06103515625,-0.40283203125,-0.390625,0.6103515625,-0.01220703125,1.18408203125,-0.13427734375,0.5126953125,-0.4150390625,-0.08544921875,-0.13427734375,0.74462890625,-0.37841796875,0.59814453125,-0.5126953125,0.42724609375,-0.09765625,0.537109375,-0.09765625,0.10986328125,-0.1708984375,0.2685546875,0.0244140625,1.0498046875,-0.048828125,0.244140625,-0.1708984375,0.1953125,-0.0732421875,0.3173828125,0.0244140625,0.78125,0.1220703125,0.08544921875,0.06103515625,1.3671875,-0.08544921875,-0.91552734375,0.048828125,-0.30517578125,0.1220703125,-1.0498046875,0.08544921875,-0.76904296875,-0.01220703125,-1.47705078125,-0.1220703125,-0.23193359375,-0.146484375,-0.29296875,-0.1220703125,-1.28173828125,-0.1708984375,-0.9521484375,-0.32958984375,-0.87890625,-0.06103515625,-0.830078125,0.048828125,-0.01220703125,0.146484375,-0.68359375,-0.23193359375,-1.42822265625,-0.06103515625,-1.06201171875,0.0244140625,0.439453125,0.20751953125,-0.20751953125,-0.13427734375,-0.5859375,-0.0732421875,-0.52490234375,-0.23193359375,-0.634765625,-0.03662109375,0.0244140625,0.03662109375,0.84228515625,0.0244140625,-0.52490234375,0.0732421875,-0.50048828125
1,0.1708984375,-0.2685546875,-0.4150390625,-0.20751953125,0.0732421875,-0.390625,0,0.03662109375,-0.146484375,0.87890625,0.09765625,0.03662109375,0.06103515625,1.74560546875,-0.08544921875,4.00390625,-0.1220703125,-0.9765625,-0.1220703125,-0.48828125,-0.23193359375,0.4150390625,-0.25634765625,-1.0009765625,0.1220703125,-0.146484375,0.0244140625,-0.76904296875,-0.03662109375,0.93994140625,0.10986328125,0.23193359375,0.0732421875,-0.244140625,0.5126953125,-0.8056640625,0.03662109375,-0.37841796875,0.10986328125,-0.72021484375,0.06103515625,-0.15869140625,0.06103515625,-0.62255859375,0.0244140625,-0.40283203125,-0.341796875,0.62255859375,-0.06103515625,1.220703125,-0.1220703125,0.5126953125,-0.4150390625,-0.13427734375,-0.0732421875,0.76904296875,-0.30517578125,0.6103515625,-0.5615234375,0.439453125,-0.048828125,0.537109375,-0.08544921875,0.13427734375,-0.10986328125,0.3173828125,0.09765625,1.03759765625,0,0.25634765625,-0.20751953125,0.23193359375,-0.01220703125,0.32958984375,0.10986328125,0.81787109375,0.08544921875,0.0732421875,0.0732421875,1.37939453125,-0.048828125,-0.9033203125,0.10986328125,-0.29296875,0.09765625,-1.03759765625,0.13427734375,-0.76904296875,-0.0244140625,-1.4404296875,-0.13427734375,-0.2197265625,0.0244140625,-0.28076171875,-0.20751953125,-1.2939453125,-0.10986328125,-0.93994140625,-0.30517578125,-0.79345703125,-0.0732421875,-0.87890625,0.146484375,0,0.0244140625,-0.67138671875,-0.1953125,-1.416015625,-0.146484375,-1.08642578125,0.06103515625,0.40283203125,0.2197265625,-0.15869140625,-0.10986328125,-0.54931640625,-0.0732421875,-0.47607421875,-0.1953125,-0.50048828125,-0.048828125,0.0244140625,0.01220703125,0.830078125,0.03662109375,-0.5126953125,0.10986328125,-0.5126953125
1,0.15869140625,-0.3173828125,-0.4150390625,-0.23193359375,0.048828125,-0.390625,0.0244140625,0.0732421875,-0.15869140625,1.2939453125,0.048828125,0.37841796875,0.03662109375,2.0751953125,0.03662109375,5.2001953125,-0.20751953125,-1.33056640625,-0.15869140625,-0.78125,-0.25634765625,0.03662109375,-0.4638671875,-1.2451171875,0.10986328125,-0.13427734375,0.048828125,-0.7568359375,-0.1220703125,0.9521484375,0.146484375,0.23193359375,0,-0.244140625,0.52490234375,-0.830078125,-0.01220703125,-0.390625,0.15869140625,-0.732421875,0.13427734375,-0.1708984375,0.0244140625,-0.6103515625,0.08544921875,-0.40283203125,-0.28076171875,0.62255859375,-0.1220703125,1.220703125,-0.09765625,0.52490234375,-0.341796875,-0.146484375,-0.048828125,0.74462890625,-0.1708984375,0.62255859375,-0.6103515625,0.45166015625,-0.03662109375,0.47607421875,-0.10986328125,0.13427734375,0.0244140625,0.35400390625,0.13427734375,1.025390625,0.01220703125,0.2685546875,-0.244140625,0.244140625,0.048828125,0.341796875,0.15869140625,0.81787109375,0.06103515625,0.0732421875,0.03662109375,1.37939453125,-0.01220703125,-0.927734375,0.15869140625,-0.29296875,0.048828125,-1.025390625,0.1708984375,-0.76904296875,-0.03662109375,-1.4404296875,-0.13427734375,-0.23193359375,0.1708984375,-0.28076171875,-0.2197265625,-1.28173828125,-0.10986328125,-0.9033203125,-0.28076171875,-0.732421875,-0.146484375,-0.84228515625,0.1220703125,0.01220703125,-0.15869140625,-0.68359375,-0.0732421875,-1.42822265625,-0.2197265625,-1.0986328125,0.13427734375,0.40283203125,0.20751953125,-0.1220703125,-0.10986328125,-0.47607421875,-0.06103515625,-0.40283203125,-0.20751953125,-0.40283203125,-0.06103515625,0.01220703125,0.01220703125,0.81787109375,0.0244140625,-0.48828125,0.0732421875,-0.5126953125
1,0.20751953125,-0.341796875,-0.42724609375,-0.244140625,0.0244140625,-0.3662109375,0.01220703125,0.06103515625,-0.13427734375,1.66015625,0.048828125,0.69580078125,0.03662109375,2.38037109375,0.10986328125,6.34765625,-0.2685546875,-1.52587890625,-0.146484375,-0.93994140625,-0.35400390625,-0.15869140625,-0.5859375,-1.3671875,0.10986328125,-0.13427734375,0.03662109375,-0.7568359375,-0.18310546875,0.9521484375,0.1708984375,0.23193359375,-0.03662109375,-0.244140625,0.5126953125,-0.81787109375,-0.06103515625,-0.37841796875,0.1708984375,-0.72021484375,0.15869140625,-0.1708984375,0.01220703125,-0.59814453125,0.13427734375,-0.390625,-0.25634765625,0.6103515625,-0.1953125,1.23291015625,-0.048828125,0.5126953125,-0.29296875,-0.18310546875,-0.048828125,0.74462890625,0,0.634765625,-0.5859375,0.4638671875,-0.0244140625,0.48828125,-0.13427734375,0.1708984375,0.1708984375,0.35400390625,0.146484375,1.06201171875,0.0244140625,0.2685546875,-0.23193359375,0.2685546875,0.08544921875,0.341796875,0.20751953125,0.8056640625,-0.01220703125,0.048828125,-0.01220703125,1.37939453125,0.0732421875,-0.9033203125,0.1708984375,-0.25634765625,-0.03662109375,-1.025390625,0.2197265625,-0.7568359375,-0.06103515625,-1.42822265625,-0.1220703125,-0.2197265625,0.3173828125,-0.28076171875,-0.1953125,-1.26953125,-0.0732421875,-0.830078125,-0.15869140625,-0.59814453125,-0.1708984375,-0.830078125,0.0732421875,0.03662109375,-0.29296875,-0.69580078125,0.06103515625,-1.42822265625,-0.28076171875,-1.07421875,0.1220703125,0.390625,0.1953125,-0.13427734375,-0.10986328125,-0.4638671875,-0.0732421875,-0.37841796875,-0.18310546875,-0.3662109375,-0.06103515625,0.01220703125,0.01220703125,0.81787109375,0.03662109375,-0.47607421875,0.08544921875,-0.5126953125
0,0.244140625,-0.35400390625,-0.390625,-0.2685546875,0.01220703125,-0.37841796875,0.01220703125,0.0732421875,-0.08544921875,1.94091796875,0.03662109375,0.9521484375,0.03662109375,2.64892578125,0.146484375,7.36083984375,-0.32958984375,-1.57470703125,-0.06103515625,-1.01318359375,-0.48828125,-0.1953125,-0.57373046875,-1.3916015625,0.08544921875,-0.13427734375,0.048828125,-0.76904296875,-0.244140625,0.93994140625,0.13427734375,0.244140625,-0.0244140625,-0.2685546875,0.3662109375,-0.8056640625,-0.10986328125,-0.390625,0.15869140625,-0.7080078125,0.13427734375,-0.146484375,-0.03662109375,-0.59814453125,0.10986328125,-0.390625,-0.20751953125,0.6103515625,-0.2197265625,1.20849609375,-0.048828125,0.50048828125,-0.25634765625,-0.1708984375,-0.03662109375,0.74462890625,0.08544921875,0.6591796875,-0.537109375,0.4638671875,-0.06103515625,0.48828125,-0.13427734375,0.18310546875,0.25634765625,0.35400390625,0.146484375,1.0498046875,-0.01220703125,0.29296875,-0.1953125,0.25634765625,0.13427734375,0.32958984375,0.28076171875,0.84228515625,-0.01220703125,0.048828125,-0.03662109375,1.3671875,0.13427734375,-0.89111328125,0.15869140625,-0.2685546875,-0.09765625,-1.01318359375,0.23193359375,-0.7568359375,-0.0732421875,-1.42822265625,-0.10986328125,-0.244140625,0.3173828125,-0.29296875,-0.10986328125,-1.25732421875,-0.048828125,-0.8056640625,-0.01220703125,-0.52490234375,-0.15869140625,-0.830078125,0.06103515625,0.03662109375,-0.35400390625,-0.68359375,0.1708984375,-1.416015625,-0.3173828125,-1.07421875,0.10986328125,0.40283203125,0.20751953125,-0.10986328125,-0.09765625,-0.4638671875,-0.0732421875,-0.3662109375,-0.1708984375,-0.3662109375,-0.048828125,-0.01220703125,0.01220703125,0.84228515625,0.06103515625,-0.45166015625,0.06103515625,-0.5126953125
0,0.28076171875,-0.390625,-0.390625,-0.30517578125,0.03662109375,-0.37841796875,0.03662109375,0.048828125,-0.048828125,2.1484375,0,1.11083984375,0,2.8076171875,0.06103515625,8.1298828125,-0.3662109375,-1.50146484375,0.01220703125,-0.98876953125,-0.64697265625,-0.09765625,-0.439453125,-1.33056640625,0.08544921875,-0.13427734375,0,-0.76904296875,-0.2685546875,0.9521484375,0.08544921875,0.23193359375,0.03662109375,-0.28076171875,0.29296875,-0.81787109375,-0.13427734375,-0.40283203125,0.18310546875,-0.7080078125,0.01220703125,-0.13427734375,-0.03662109375,-0.634765625,0.03662109375,-0.40283203125,-0.18310546875,0.59814453125,-0.2685546875,1.171875,0.0244140625,0.5126953125,-0.20751953125,-0.18310546875,-0.03662109375,0.74462890625,0.146484375,0.67138671875,-0.4638671875,0.45166015625,-0.08544921875,0.48828125,-0.06103515625,0.1708984375,0.3173828125,0.3173828125,0.1708984375,1.07421875,-0.03662109375,0.28076171875,-0.146484375,0.244140625,0.18310546875,0.3173828125,0.2685546875,0.8544921875,-0.03662109375,0.0244140625,-0.048828125,1.3671875,0.18310546875,-0.87890625,0.15869140625,-0.28076171875,-0.146484375,-1.025390625,0.18310546875,-0.78125,-0.09765625,-1.46484375,-0.048828125,-0.2197265625,0.2685546875,-0.2685546875,0.03662109375,-1.220703125,-0.048828125,-0.78125,0.0732421875,-0.54931640625,-0.146484375,-0.79345703125,-0.048828125,0.01220703125,-0.35400390625,-0.72021484375,0.2197265625,-1.4404296875,-0.3662109375,-1.06201171875,0.08544921875,0.40283203125,0.1953125,-0.146484375,-0.09765625,-0.4638671875,-0.0732421875,-0.3662109375,-0.146484375,-0.45166015625,-0.06103515625,0.01220703125,0.0244140625,0.8544921875,0.09765625,-0.4150390625,0.0244140625,-0.50048828125
0,0.28076171875,-0.390625,-0.3662109375,-0.32958984375,0.06103515625,-0.40283203125,0.0244140625,0.048828125,0,2.24609375,0.01220703125,1.171875,-0.0244140625,2.9052734375,0.13427734375,8.6181640625,-0.42724609375,-1.3671875,0.03662109375,-0.91552734375,-0.8056640625,0.06103515625,-0.32958984375,-1.20849609375,0.0732421875,-0.1220703125,-0.048828125,-0.76904296875,-0.29296875,0.93994140625,-0.048828125,0.2197265625,0.06103515625,-0.32958984375,0.15869140625,-0.79345703125,-0.13427734375,-0.439453125,0.15869140625,-0.7080078125,-0.146484375,-0.15869140625,-0.03662109375,-0.634765625,-0.08544921875,-0.390625,-0.18310546875,0.57373046875,-0.3173828125,1.13525390625,0.048828125,0.537109375,-0.146484375,-0.13427734375,0,0.74462890625,0.13427734375,0.67138671875,-0.42724609375,0.45166015625,-0.0732421875,0.52490234375,0.01220703125,0.18310546875,0.35400390625,0.244140625,0.1953125,1.06201171875,-0.048828125,0.25634765625,-0.09765625,0.20751953125,0.20751953125,0.29296875,0.3173828125,0.86669921875,-0.0732421875,0.01220703125,-0.03662109375,1.3427734375,0.20751953125,-0.87890625,0.15869140625,-0.28076171875,-0.1953125,-1.01318359375,0.15869140625,-0.74462890625,-0.10986328125,-1.47705078125,0,-0.2197265625,0.18310546875,-0.2685546875,0.18310546875,-1.220703125,0.048828125,-0.78125,0.1220703125,-0.62255859375,-0.09765625,-0.72021484375,-0.0732421875,0.01220703125,-0.25634765625,-0.72021484375,0.2197265625,-1.45263671875,-0.3662109375,-1.06201171875,0.048828125,0.4150390625,0.2197265625,-0.1708984375,-0.09765625,-0.48828125,-0.06103515625,-0.390625,-0.10986328125,-0.5615234375,-0.0732421875,-0.01220703125,0.01220703125,0.86669921875,0.1220703125,-0.4150390625,0.01220703125,-0.48828125
0,0.32958984375,-0.390625,-0.390625,-0.32958984375,0.0732421875,-0.37841796875,0.0244140625,0.048828125,0.0244140625,2.23388671875,-0.0244140625,1.13525390625,-0.048828125,2.89306640625,0.2197265625,8.7646484375,-0.390625,-1.20849609375,0.13427734375,-0.79345703125,-0.78125,0.28076171875,-0.0732421875,-1.0986328125,0.01220703125,-0.146484375,-0.09765625,-0.7568359375,-0.28076171875,0.93994140625,-0.2197265625,0.2197265625,0.0732421875,-0.35400390625,0.10986328125,-0.78125,-0.18310546875,-0.47607421875,0.10986328125,-0.7080078125,-0.29296875,-0.15869140625,-0.03662109375,-0.64697265625,-0.1708984375,-0.4150390625,-0.1953125,0.57373046875,-0.2685546875,1.123046875,0.08544921875,0.52490234375,-0.09765625,-0.1220703125,0.01220703125,0.7568359375,0.1220703125,0.67138671875,-0.3662109375,0.4638671875,0,0.5615234375,0.10986328125,0.18310546875,0.40283203125,0.18310546875,0.15869140625,1.08642578125,-0.03662109375,0.25634765625,-0.048828125,0.1953125,0.25634765625,0.244140625,0.3173828125,0.91552734375,-0.10986328125,0.01220703125,-0.03662109375,1.33056640625,0.1953125,-0.89111328125,0.15869140625,-0.30517578125,-0.1708984375,-1.01318359375,0.01220703125,-0.74462890625,-0.09765625,-1.47705078125,0.0732421875,-0.2197265625,0.0732421875,-0.29296875,0.32958984375,-1.20849609375,0.048828125,-0.79345703125,0.08544921875,-0.69580078125,-0.08544921875,-0.67138671875,-0.146484375,-0.0244140625,-0.08544921875,-0.732421875,0.20751953125,-1.45263671875,-0.37841796875,-1.03759765625,0.01220703125,0.439453125,0.23193359375,-0.20751953125,-0.09765625,-0.54931640625,-0.0732421875,-0.390625,-0.09765625,-0.67138671875,-0.08544921875,0.01220703125,0.03662109375,0.89111328125,0.15869140625,-0.4150390625,-0.01220703125,-0.47607421875
0,0.32958984375,-0.390625,-0.3173828125,-0.30517578125,0.09765625,-0.390625,0.03662109375,0.03662109375,0.0244140625,2.11181640625,-0.048828125,1.03759765625,-0.08544921875,2.79541015625,0.29296875,8.6181640625,-0.30517578125,-1.0498046875,0.18310546875,-0.64697265625,-0.69580078125,0.48828125,0.1708984375,-0.9765625,-0.0244140625,-0.146484375,-0.1220703125,-0.78125,-0.30517578125,0.9521484375,-0.3662109375,0.23193359375,-0.01220703125,-0.35400390625,0.06103515625,-0.78125,-0.244140625,-0.4638671875,0.0732421875,-0.72021484375,-0.439453125,-0.15869140625,-0.06103515625,-0.64697265625,-0.28076171875,-0.4150390625,-0.2197265625,0.54931640625,-0.29296875,1.11083984375,0.15869140625,0.5126953125,-0.0244140625,-0.10986328125,0.03662109375,0.74462890625,0.09765625,0.64697265625,-0.35400390625,0.439453125,-0.03662109375,0.57373046875,0.20751953125,0.15869140625,0.4150390625,0.146484375,0.10986328125,1.06201171875,-0.048828125,0.20751953125,-0.01220703125,0.1708984375,0.29296875,0.23193359375,0.28076171875,0.89111328125,-0.15869140625,0.01220703125,-0.01220703125,1.318359375,0.15869140625,-0.89111328125,0.13427734375,-0.30517578125,-0.18310546875,-1.0009765625,-0.10986328125,-0.74462890625,-0.0732421875,-1.47705078125,0.15869140625,-0.1953125,0.03662109375,-0.28076171875,0.40283203125,-1.1962890625,0.08544921875,-0.830078125,0.01220703125,-0.7568359375,-0.08544921875,-0.634765625,-0.20751953125,-0.06103515625,0.1220703125,-0.72021484375,0.15869140625,-1.45263671875,-0.32958984375,-1.03759765625,-0.03662109375,0.45166015625,0.23193359375,-0.2197265625,-0.0732421875,-0.59814453125,-0.0732421875,-0.40283203125,-0.08544921875,-0.7568359375,-0.09765625,0.01220703125,0.03662109375,0.91552734375,0.146484375,-0.4150390625,-0.0244140625,-0.4638671875
0,0.37841796875,-0.390625,-0.32958984375,-0.28076171875,0.06103515625,-0.42724609375,0.0244140625,0.03662109375,0.03662109375,1.9287109375,-0.048828125,0.87890625,-0.0732421875,2.67333984375,0.32958984375,8.16650390625,-0.244140625,-0.91552734375,0.20751953125,-0.5615234375,-0.52490234375,0.6103515625,0.29296875,-0.89111328125,-0.1220703125,-0.15869140625,-0.15869140625,-0.7568359375,-0.3662109375,0.93994140625,-0.4638671875,0.2197265625,-0.10986328125,-0.37841796875,0.08544921875,-0.732421875,-0.244140625,-0.45166015625,0.048828125,-0.72021484375,-0.57373046875,-0.1708984375,-0.1220703125,-0.64697265625,-0.341796875,-0.4150390625,-0.20751953125,0.57373046875,-0.2685546875,1.11083984375,0.1953125,0.5126953125,0.048828125,-0.10986328125,0.06103515625,0.74462890625,0.03662109375,0.6103515625,-0.28076171875,0.439453125,-0.03662109375,0.5859375,0.2685546875,0.146484375,0.390625,0.09765625,0.08544921875,1.0498046875,-0.06103515625,0.1953125,-0.01220703125,0.13427734375,0.35400390625,0.2197265625,0.244140625,0.86669921875,-0.20751953125,0.0244140625,0.0244140625,1.33056640625,0.06103515625,-0.87890625,0.13427734375,-0.32958984375,-0.18310546875,-1.0009765625,-0.2197265625,-0.74462890625,-0.048828125,-1.50146484375,0.20751953125,-0.20751953125,-0.01220703125,-0.28076171875,0.40283203125,-1.20849609375,0.06103515625,-0.8544921875,-0.09765625,-0.79345703125,-0.09765625,-0.64697265625,-0.28076171875,-0.09765625,0.30517578125,-0.72021484375,0.0732421875,-1.47705078125,-0.244140625,-1.025390625,-0.10986328125,0.45166015625,0.244140625,-0.2197265625,-0.048828125,-0.6103515625,-0.06103515625,-0.45166015625,-0.06103515625,-0.78125,-0.1220703125,0.0244140625,0.048828125,0.93994140625,0.1220703125,-0.4150390625,-0.0244140625,-0.45166015625
0,0.341796875,-0.37841796875,-0.30517578125,-0.23193359375,0.0732421875,-0.42724609375,0.048828125,0.03662109375,0.0244140625,1.72119140625,-0.03662109375,0.69580078125,-0.10986328125,2.47802734375,0.2197265625,7.50732421875,-0.146484375,-0.84228515625,0.1953125,-0.48828125,-0.3173828125,0.67138671875,0.30517578125,-0.8544921875,-0.1953125,-0.1708984375,-0.1708984375,-0.7568359375,-0.439453125,0.9521484375,-0.45166015625,0.244140625,-0.23193359375,-0.341796875,0.1220703125,-0.69580078125,-0.244140625,-0.4150390625,0.03662109375,-0.7080078125,-0.6103515625,-0.15869140625,-0.146484375,-0.64697265625,-0.4150390625,-0.4150390625,-0.2685546875,0.5615234375,-0.18310546875,1.13525390625,0.20751953125,0.47607421875,0.08544921875,-0.10986328125,0.10986328125,0.74462890625,-0.0244140625,0.59814453125,-0.3662109375,0.439453125,-0.03662109375,0.57373046875,0.2197265625,0.1220703125,0.390625,0.10986328125,0.048828125,1.07421875,-0.06103515625,0.1708984375,0.01220703125,0.15869140625,0.37841796875,0.2197265625,0.13427734375,0.89111328125,-0.244140625,0.048828125,0.03662109375,1.3427734375,-0.01220703125,-0.87890625,0.1220703125,-0.32958984375,-0.18310546875,-1.01318359375,-0.28076171875,-0.74462890625,0,-1.4892578125,0.25634765625,-0.1953125,0.01220703125,-0.28076171875,0.32958984375,-1.220703125,0.03662109375,-0.87890625,-0.20751953125,-0.8056640625,-0.0732421875,-0.64697265625,-0.28076171875,-0.09765625,0.390625,-0.72021484375,0.048828125,-1.47705078125,-0.18310546875,-1.0498046875,-0.146484375,0.4638671875,0.2685546875,-0.20751953125,-0.01220703125,-0.62255859375,-0.048828125,-0.4638671875,-0.08544921875,-0.76904296875,-0.13427734375,0.03662109375,0.0244140625,0.9521484375,0.1220703125,-0.439453125,-0.0244140625,-0.45166015625
0,0.35400390625,-0.390625,-0.32958984375,-0.18310546875,0.08544921875,-0.42724609375,0.06103515625,0.03662109375,0.0244140625,1.52587890625,-0.0732421875,0.50048828125,-0.146484375,2.294921875,0.20751953125,6.689453125,-0.09765625,-0.8056640625,0.20751953125,-0.4638671875,-0.09765625,0.7080078125,0.244140625,-0.86669921875,-0.1953125,-0.1708984375,-0.18310546875,-0.7568359375,-0.47607421875,0.9765625,-0.35400390625,0.2197265625,-0.30517578125,-0.341796875,0.13427734375,-0.6591796875,-0.2197265625,-0.40283203125,0.06103515625,-0.72021484375,-0.57373046875,-0.15869140625,-0.18310546875,-0.634765625,-0.42724609375,-0.4150390625,-0.29296875,0.5615234375,-0.15869140625,1.13525390625,0.13427734375,0.4638671875,0.13427734375,-0.13427734375,0.08544921875,0.732421875,-0.03662109375,0.5859375,-0.40283203125,0.439453125,0.01220703125,0.57373046875,0.146484375,0.1220703125,0.4150390625,0.13427734375,0.01220703125,1.07421875,-0.06103515625,0.1953125,0.01220703125,0.1708984375,0.37841796875,0.244140625,0.09765625,0.8544921875,-0.23193359375,0.0732421875,0.08544921875,1.3427734375,-0.0732421875,-0.87890625,0.10986328125,-0.341796875,-0.1708984375,-1.0009765625,-0.23193359375,-0.74462890625,0,-1.4892578125,0.244140625,-0.20751953125,0.09765625,-0.2685546875,0.1708984375,-1.20849609375,-0.03662109375,-0.86669921875,-0.28076171875,-0.78125,-0.048828125,-0.67138671875,-0.20751953125,-0.048828125,0.40283203125,-0.72021484375,0.06103515625,-1.45263671875,-0.10986328125,-1.0498046875,-0.1220703125,0.42724609375,0.28076171875,-0.1953125,-0.01220703125,-0.59814453125,-0.08544921875,-0.4638671875,-0.048828125,-0.7080078125,-0.13427734375,0.0732421875,0.01220703125,0.91552734375,0.1220703125,-0.4638671875,-0.048828125,-0.439453125
0,0.341796875,-0.3662109375,-0.3173828125,-0.15869140625,0.09765625,-0.42724609375,0.0732421875,0.01220703125,-0.01220703125,1.318359375,-0.048828125,0.32958984375,-0.13427734375,2.11181640625,0.18310546875,5.8837890625,-0.03662109375,-0.84228515625,0.18310546875,-0.4638671875,0.08544921875,0.634765625,0.15869140625,-0.87890625,-0.20751953125,-0.1708984375,-0.1953125,-0.7568359375,-0.5126953125,0.9765625,-0.23193359375,0.23193359375,-0.30517578125,-0.3173828125,0.23193359375,-0.62255859375,-0.1708984375,-0.40283203125,0.08544921875,-0.732421875,-0.4638671875,-0.146484375,-0.244140625,-0.64697265625,-0.4150390625,-0.4150390625,-0.32958984375,0.5859375,-0.08544921875,1.18408203125,0.0244140625,0.4638671875,0.1220703125,-0.15869140625,0.0732421875,0.7568359375,-0.03662109375,0.5859375,-0.4638671875,0.45166015625,0.06103515625,0.54931640625,0.06103515625,0.09765625,0.42724609375,0.1708984375,-0.09765625,1.07421875,-0.048828125,0.244140625,-0.0244140625,0.1953125,0.35400390625,0.28076171875,0.03662109375,0.86669921875,-0.18310546875,0.06103515625,0.0732421875,1.3671875,-0.13427734375,-0.89111328125,0.048828125,-0.32958984375,-0.20751953125,-1.0009765625,-0.146484375,-0.74462890625,0.0244140625,-1.50146484375,0.1953125,-0.2197265625,0.18310546875,-0.244140625,-0.048828125,-1.20849609375,-0.10986328125,-0.830078125,-0.32958984375,-0.6591796875,-0.0244140625,-0.68359375,-0.15869140625,0.01220703125,0.32958984375,-0.67138671875,0.0732421875,-1.4404296875,-0.0732421875,-1.06201171875,-0.08544921875,0.42724609375,0.28076171875,-0.1708984375,-0.0244140625,-0.5859375,-0.0732421875,-0.439453125,-0.03662109375,-0.634765625,-0.13427734375,0.09765625,-0.01220703125,0.9033203125,0.0732421875,-0.4638671875,-0.03662109375,-0.45166015625
0,0.35400390625,-0.35400390625,-0.30517578125,-0.1220703125,0.13427734375,-0.4150390625,0.08544921875,0.0244140625,-0.03662109375,1.171875,-0.08544921875,0.1953125,-0.146484375,1.96533203125,0.1708984375,5.1513671875,0,-0.89111328125,0.1708984375,-0.50048828125,0.20751953125,0.537109375,0.06103515625,-0.927734375,-0.20751953125,-0.1708984375,-0.20751953125,-0.7568359375,-0.50048828125,0.96435546875,-0.0732421875,0.23193359375,-0.244140625,-0.29296875,0.28076171875,-0.59814453125,-0.08544921875,-0.40283203125,0.08544921875,-0.72021484375,-0.28076171875,-0.1708984375,-0.2685546875,-0.64697265625,-0.32958984375,-0.4150390625,-0.3662109375,0.5859375,-0.03662109375,1.1962890625,0.01220703125,0.47607421875,0.0732421875,-0.1708984375,0.1220703125,0.74462890625,-0.048828125,0.59814453125,-0.5126953125,0.4638671875,0.03662109375,0.52490234375,0.03662109375,0.10986328125,0.390625,0.23193359375,-0.146484375,1.06201171875,-0.048828125,0.25634765625,-0.0732421875,0.244140625,0.29296875,0.29296875,0,0.84228515625,-0.15869140625,0.0732421875,0.06103515625,1.37939453125,-0.1708984375,-0.9033203125,0,-0.3173828125,-0.20751953125,-1.0009765625,-0.048828125,-0.74462890625,0.048828125,-1.50146484375,0.146484375,-0.20751953125,0.2685546875,-0.2685546875,-0.25634765625,-1.20849609375,-0.1708984375,-0.7568359375,-0.29296875,-0.52490234375,-0.0244140625,-0.69580078125,-0.08544921875,0.08544921875,0.15869140625,-0.68359375,0.13427734375,-1.4404296875,-0.048828125,-1.07421875,-0.01220703125,0.4150390625,0.25634765625,-0.146484375,-0.03662109375,-0.537109375,-0.0732421875,-0.390625,-0.06103515625,-0.537109375,-0.1220703125,0.08544921875,-0.03662109375,0.87890625,0.06103515625,-0.45166015625,0,-0.45166015625
0,0.341796875,-0.3662109375,-0.25634765625,-0.09765625,0.10986328125,-0.40283203125,0.09765625,0.03662109375,-0.048828125,1.07421875,-0.13427734375,0.08544921875,-0.1953125,1.86767578125,0.18310546875,4.58984375,-0.0244140625,-0.96435546875,0.09765625,-0.52490234375,0.1708984375,0.439453125,0,-0.9765625,-0.146484375,-0.15869140625,-0.23193359375,-0.7568359375,-0.45166015625,0.96435546875,0.08544921875,0.23193359375,-0.15869140625,-0.29296875,0.37841796875,-0.59814453125,0.01220703125,-0.40283203125,0.08544921875,-0.72021484375,-0.10986328125,-0.15869140625,-0.244140625,-0.64697265625,-0.2197265625,-0.40283203125,-0.3662109375,0.6103515625,0.01220703125,1.220703125,-0.01220703125,0.48828125,0.06103515625,-0.1708984375,0.13427734375,0.74462890625,-0.0244140625,0.6103515625,-0.50048828125,0.47607421875,-0.048828125,0.50048828125,0.01220703125,0.13427734375,0.3173828125,0.25634765625,-0.18310546875,1.07421875,-0.0244140625,0.29296875,-0.09765625,0.25634765625,0.2685546875,0.32958984375,0,0.81787109375,-0.08544921875,0.06103515625,0.0244140625,1.37939453125,-0.1953125,-0.9033203125,-0.048828125,-0.3173828125,-0.23193359375,-1.0009765625,0.08544921875,-0.732421875,0.048828125,-1.47705078125,0.0732421875,-0.244140625,0.3173828125,-0.244140625,-0.4150390625,-1.20849609375,-0.18310546875,-0.732421875,-0.10986328125,-0.42724609375,0.0244140625,-0.69580078125,-0.01220703125,0.1708984375,-0.0732421875,-0.68359375,0.146484375,-1.4404296875,-0.0244140625,-1.08642578125,0.03662109375,0.40283203125,0.25634765625,-0.13427734375,0,-0.48828125,-0.0732421875,-0.40283203125,0,-0.4638671875,-0.146484375,0.09765625,-0.0244140625,0.8544921875,0.0244140625,-0.4638671875,0,-0.47607421875
0,0.35400390625,-0.3662109375,-0.2685546875,-0.09765625,0.08544921875,-0.390625,0.09765625,0.01220703125,-0.0244140625,1.01318359375,-0.13427734375,0.048828125,-0.18310546875,1.81884765625,0.30517578125,4.248046875,-0.03662109375,-1.01318359375,0.0732421875,-0.5615234375,0.09765625,0.35400390625,-0.0732421875,-1.0009765625,-0.10986328125,-0.146484375,-0.20751953125,-0.76904296875,-0.341796875,0.98876953125,0.1220703125,0.2197265625,-0.01220703125,-0.28076171875,0.439453125,-0.5859375,0.10986328125,-0.40283203125,0.0732421875,-0.732421875,0.0244140625,-0.15869140625,-0.18310546875,-0.6103515625,-0.1220703125,-0.390625,-0.35400390625,0.5859375,0.03662109375,1.220703125,-0.03662109375,0.50048828125,0,-0.18310546875,0.15869140625,0.74462890625,0,0.634765625,-0.45166015625,0.47607421875,-0.1220703125,0.50048828125,-0.03662109375,0.13427734375,0.2197265625,0.29296875,-0.23193359375,1.06201171875,-0.03662109375,0.30517578125,-0.13427734375,0.30517578125,0.146484375,0.35400390625,-0.0732421875,0.84228515625,-0.0244140625,0.06103515625,0.01220703125,1.37939453125,-0.20751953125,-0.9033203125,-0.0732421875,-0.3173828125,-0.1708984375,-1.0009765625,0.13427734375,-0.7568359375,0.048828125,-1.46484375,0.01220703125,-0.25634765625,0.244140625,-0.25634765625,-0.47607421875,-1.220703125,-0.2197265625,-0.67138671875,-0.0732421875,-0.3662109375,0.048828125,-0.6591796875,0.048828125,0.2197265625,-0.2685546875,-0.7080078125,0.1220703125,-1.4404296875,-0.0244140625,-1.07421875,0.09765625,0.390625,0.244140625,-0.1220703125,0,-0.47607421875,-0.0732421875,-0.3662109375,-0.0244140625,-0.42724609375,-0.15869140625,0.08544921875,-0.0244140625,0.8544921875,0.0244140625,-0.4638671875,0,-0.50048828125
0,0.32958984375,-0.37841796875,-0.23193359375,-0.08544921875,0.03662109375,-0.40283203125,0.13427734375,0.0244140625,-0.01220703125,1.025390625,-0.18310546875,0.06103515625,-0.23193359375,1.81884765625,0.25634765625,4.19921875,-0.01220703125,-1.03759765625,0.048828125,-0.54931640625,-0.0244140625,0.3173828125,-0.1220703125,-1.01318359375,-0.048828125,-0.13427734375,-0.15869140625,-0.74462890625,-0.23193359375,0.9765625,0.1220703125,0.23193359375,0.1220703125,-0.28076171875,0.42724609375,-0.59814453125,0.1708984375,-0.37841796875,0.09765625,-0.72021484375,0.09765625,-0.13427734375,-0.13427734375,-0.6103515625,0,-0.37841796875,-0.28076171875,0.5859375,-0.0244140625,1.18408203125,-0.10986328125,0.52490234375,-0.06103515625,-0.1708984375,0.13427734375,0.74462890625,0.06103515625,0.67138671875,-0.40283203125,0.45166015625,-0.18310546875,0.47607421875,-0.0732421875,0.15869140625,0.146484375,0.29296875,-0.20751953125,1.08642578125,-0.048828125,0.32958984375,-0.1708984375,0.28076171875,0.08544921875,0.32958984375,-0.10986328125,0.84228515625,0.01220703125,0.048828125,-0.06103515625,1.35498046875,-0.15869140625,-0.9033203125,-0.06103515625,-0.29296875,-0.09765625,-1.0009765625,0.1953125,-0.7568359375,0.0244140625,-1.47705078125,-0.01220703125,-0.25634765625,0.13427734375,-0.28076171875,-0.37841796875,-1.23291015625,-0.23193359375,-0.6591796875,0.01220703125,-0.32958984375,0.0244140625,-0.68359375,0.048828125,0.25634765625,-0.42724609375,-0.7080078125,0.048828125,-1.42822265625,-0.03662109375,-1.0498046875,0.13427734375,0.4150390625,0.2685546875,-0.1220703125,-0.01220703125,-0.45166015625,-0.06103515625,-0.4150390625,0,-0.42724609375,-0.1953125,0.0732421875,-0.01220703125,0.84228515625,0.01220703125,-0.4638671875,0,-0.50048828125
0,0.32958984375,-0.37841796875,-0.20751953125,-0.08544921875,0.0244140625,-0.37841796875,0.146484375,0.01220703125,0,1.06201171875,-0.18310546875,0.08544921875,-0.25634765625,1.84326171875,0.23193359375,4.345703125,-0.0732421875,-1.025390625,-0.0244140625,-0.537109375,-0.20751953125,0.3173828125,-0.13427734375,-0.98876953125,0.048828125,-0.1220703125,-0.1220703125,-0.76904296875,-0.09765625,0.98876953125,0.03662109375,0.2197265625,0.23193359375,-0.29296875,0.3662109375,-0.634765625,0.2197265625,-0.390625,0.13427734375,-0.72021484375,0.13427734375,-0.146484375,-0.09765625,-0.634765625,0.0732421875,-0.37841796875,-0.2197265625,0.59814453125,-0.08544921875,1.1474609375,-0.1953125,0.5615234375,-0.1220703125,-0.15869140625,0.146484375,0.74462890625,0.09765625,0.69580078125,-0.30517578125,0.4638671875,-0.28076171875,0.48828125,-0.08544921875,0.15869140625,0.06103515625,0.25634765625,-0.1953125,1.06201171875,-0.03662109375,0.30517578125,-0.20751953125,0.28076171875,0.0732421875,0.30517578125,-0.15869140625,0.86669921875,0.0732421875,0.048828125,-0.06103515625,1.3427734375,-0.08544921875,-0.91552734375,-0.048828125,-0.29296875,-0.03662109375,-0.98876953125,0.1708984375,-0.76904296875,-0.03662109375,-1.47705078125,-0.03662109375,-0.25634765625,-0.048828125,-0.2685546875,-0.1953125,-1.25732421875,-0.23193359375,-0.7080078125,0.048828125,-0.390625,0.0244140625,-0.732421875,0.03662109375,0.20751953125,-0.439453125,-0.72021484375,-0.01220703125,-1.4404296875,-0.0732421875,-1.06201171875,0.15869140625,0.40283203125,0.2685546875,-0.13427734375,-0.03662109375,-0.4638671875,-0.0732421875,-0.439453125,0.01220703125,-0.4638671875,-0.1953125,0.06103515625,-0.01220703125,0.8544921875,0.03662109375,-0.45166015625,0.01220703125,-0.48828125
1,0.30517578125,-0.3662109375,-0.28076171875,-0.09765625,0.06103515625,-0.40283203125,0.146484375,0.06103515625,0,1.11083984375,-0.20751953125,0.1708984375,-0.2685546875,1.86767578125,0.25634765625,4.638671875,-0.1220703125,-0.9765625,-0.146484375,-0.48828125,-0.47607421875,0.35400390625,-0.28076171875,-0.93994140625,0.08544921875,-0.1220703125,-0.0732421875,-0.76904296875,0.01220703125,0.96435546875,-0.048828125,0.2197265625,0.32958984375,-0.30517578125,0.35400390625,-0.67138671875,0.1953125,-0.40283203125,0.1953125,-0.7080078125,0.13427734375,-0.146484375,-0.048828125,-0.634765625,0.08544921875,-0.37841796875,-0.146484375,0.5859375,-0.1220703125,1.123046875,-0.20751953125,0.537109375,-0.1708984375,-0.146484375,0.15869140625,0.7568359375,0.08544921875,0.68359375,-0.18310546875,0.4638671875,-0.32958984375,0.5126953125,-0.13427734375,0.146484375,-0.06103515625,0.2197265625,-0.1953125,1.0498046875,-0.03662109375,0.29296875,-0.2197265625,0.2685546875,0.06103515625,0.25634765625,-0.1953125,0.89111328125,0.08544921875,0.048828125,-0.0732421875,1.3427734375,0,-0.91552734375,-0.0244140625,-0.29296875,0.01220703125,-0.98876953125,0.146484375,-0.76904296875,-0.08544921875,-1.50146484375,-0.06103515625,-0.2685546875,-0.18310546875,-0.30517578125,0.0244140625,-1.25732421875,-0.18310546875,-0.8056640625,0.13427734375,-0.5126953125,-0.03662109375,-0.74462890625,0.048828125,0.10986328125,-0.35400390625,-0.7568359375,-0.13427734375,-1.45263671875,-0.1220703125,-1.06201171875,0.146484375,0.4150390625,0.28076171875,-0.15869140625,-0.06103515625,-0.52490234375,-0.06103515625,-0.439453125,0.0244140625,-0.537109375,-0.20751953125,0.06103515625,0.01220703125,0.8544921875,0.048828125,-0.4638671875,-0.01220703125,-0.50048828125
1,0.29296875,-0.390625,-0.2197265625,-0.08544921875,0.048828125,-0.40283203125,0.1220703125,0.06103515625,0,1.171875,-0.1953125,0.23193359375,-0.28076171875,1.9287109375,0.244140625,4.91943359375,-0.08544921875,-0.89111328125,-0.15869140625,-0.42724609375,-0.5859375,0.45166015625,-0.30517578125,-0.86669921875,0.15869140625,-0.10986328125,-0.048828125,-0.78125,0.10986328125,0.9521484375,-0.09765625,0.23193359375,0.35400390625,-0.30517578125,0.341796875,-0.732421875,0.146484375,-0.439453125,0.2197265625,-0.7080078125,0.09765625,-0.146484375,-0.048828125,-0.62255859375,0.0732421875,-0.390625,-0.06103515625,0.5615234375,-0.20751953125,1.123046875,-0.20751953125,0.5126953125,-0.1708984375,-0.13427734375,0.146484375,0.76904296875,0.1220703125,0.67138671875,-0.1220703125,0.42724609375,-0.40283203125,0.537109375,-0.1953125,0.13427734375,-0.146484375,0.15869140625,-0.15869140625,1.0498046875,-0.06103515625,0.244140625,-0.2197265625,0.244140625,0.0244140625,0.244140625,-0.20751953125,0.89111328125,0.09765625,0.048828125,-0.03662109375,1.33056640625,0.0732421875,-0.9033203125,0.03662109375,-0.29296875,0.03662109375,-0.98876953125,0.10986328125,-0.76904296875,-0.13427734375,-1.50146484375,-0.06103515625,-0.28076171875,-0.2685546875,-0.28076171875,0.20751953125,-1.2451171875,-0.0732421875,-0.91552734375,0.15869140625,-0.64697265625,-0.08544921875,-0.74462890625,0.03662109375,0.0244140625,-0.2197265625,-0.76904296875,-0.244140625,-1.46484375,-0.20751953125,-1.0498046875,0.1220703125,0.439453125,0.30517578125,-0.18310546875,-0.0732421875,-0.52490234375,-0.0732421875,-0.4638671875,0.0244140625,-0.59814453125,-0.20751953125,0.03662109375,0.01220703125,0.84228515625,0.048828125,-0.4638671875,0,-0.48828125
1,0.29296875,-0.390625,-0.20751953125,-0.09765625,0.048828125,-0.40283203125,0.09765625,0.0732421875,0.0244140625,1.18408203125,-0.1953125,0.2685546875,-0.25634765625,1.96533203125,0.244140625,5.1025390625,-0.09765625,-0.76904296875,-0.20751953125,-0.3173828125,-0.634765625,0.57373046875,-0.3173828125,-0.8056640625,0.146484375,-0.10986328125,-0.01220703125,-0.79345703125,0.1220703125,0.927734375,-0.146484375,0.23193359375,0.28076171875,-0.3173828125,0.4150390625,-0.78125,0.03662109375,-0.45166015625,0.29296875,-0.7080078125,0.01220703125,-0.146484375,-0.048828125,-0.64697265625,0.0244140625,-0.40283203125,0.01220703125,0.5859375,-0.2685546875,1.0986328125,-0.13427734375,0.48828125,-0.20751953125,-0.146484375,0.10986328125,0.74462890625,0.15869140625,0.6591796875,-0.06103515625,0.45166015625,-0.4638671875,0.5615234375,-0.244140625,0.13427734375,-0.18310546875,0.13427734375,-0.146484375,1.03759765625,-0.0732421875,0.1953125,-0.2197265625,0.20751953125,-0.048828125,0.244140625,-0.20751953125,0.89111328125,0.06103515625,0.048828125,0.0244140625,1.30615234375,0.146484375,-0.927734375,0.1220703125,-0.30517578125,0.01220703125,-1.0009765625,0.06103515625,-0.7568359375,-0.1708984375,-1.513671875,-0.01220703125,-0.2685546875,-0.18310546875,-0.30517578125,0.25634765625,-1.2451171875,0,-1.0009765625,0.146484375,-0.74462890625,-0.1220703125,-0.76904296875,0.0244140625,-0.0732421875,-0.03662109375,-0.76904296875,-0.30517578125,-1.45263671875,-0.25634765625,-1.03759765625,0.09765625,0.4638671875,0.30517578125,-0.20751953125,-0.06103515625,-0.54931640625,-0.0732421875,-0.48828125,0.0732421875,-0.634765625,-0.1953125,0.0244140625,0.01220703125,0.830078125,0.048828125,-0.45166015625,0,-0.48828125
1,0.29296875,-0.3662109375,-0.18310546875,-0.10986328125,0,-0.4150390625,0.08544921875,0.06103515625,0.03662109375,1.18408203125,-0.1953125,0.2685546875,-0.2197265625,1.953125,0.244140625,5.1025390625,-0.1220703125,-0.64697265625,-0.28076171875,-0.20751953125,-0.69580078125,0.68359375,-0.45166015625,-0.68359375,0.10986328125,-0.146484375,0.048828125,-0.79345703125,0.08544921875,0.927734375,-0.1708984375,0.25634765625,0.1708984375,-0.32958984375,0.4638671875,-0.81787109375,-0.09765625,-0.45166015625,0.30517578125,-0.69580078125,-0.03662109375,-0.18310546875,-0.08544921875,-0.64697265625,-0.048828125,-0.42724609375,0.01220703125,0.5859375,-0.28076171875,1.123046875,-0.06103515625,0.47607421875,-0.2685546875,-0.13427734375,0.09765625,0.732421875,0.18310546875,0.64697265625,-0.06103515625,0.439453125,-0.52490234375,0.57373046875,-0.29296875,0.10986328125,-0.1953125,0.10986328125,-0.1220703125,1.0498046875,-0.09765625,0.1708984375,-0.1953125,0.18310546875,-0.10986328125,0.2197265625,-0.18310546875,0.91552734375,0.048828125,0.048828125,0.0732421875,1.318359375,0.20751953125,-0.9521484375,0.1708984375,-0.30517578125,-0.06103515625,-1.01318359375,0.048828125,-0.7568359375,-0.2197265625,-1.513671875,0,-0.2685546875,-0.03662109375,-0.30517578125,0.2197265625,-1.25732421875,0.08544921875,-1.0498046875,0.1220703125,-0.74462890625,-0.1220703125,-0.8056640625,-0.03662109375,-0.146484375,0.13427734375,-0.74462890625,-0.341796875,-1.45263671875,-0.2685546875,-1.03759765625,0.06103515625,0.45166015625,0.30517578125,-0.2197265625,-0.03662109375,-0.5615234375,-0.06103515625,-0.48828125,0.0732421875,-0.64697265625,-0.1953125,0.03662109375,0.03662109375,0.84228515625,0.01220703125,-0.45166015625,-0.0244140625,-0.48828125
1,0.25634765625,-0.3662109375,-0.08544921875,-0.13427734375,0.01220703125,-0.4150390625,0.0732421875,0.06103515625,0.048828125,1.123046875,-0.20751953125,0.18310546875,-0.23193359375,1.89208984375,0.3173828125,4.8095703125,-0.048828125,-0.47607421875,-0.20751953125,-0.06103515625,-0.54931640625,0.79345703125,-0.439453125,-0.5859375,0.048828125,-0.15869140625,0.0732421875,-0.78125,0,0.927734375,-0.146484375,0.25634765625,-0.06103515625,-0.35400390625,0.48828125,-0.8544921875,-0.23193359375,-0.45166015625,0.32958984375,-0.7080078125,-0.13427734375,-0.20751953125,-0.146484375,-0.6591796875,-0.13427734375,-0.439453125,0.03662109375,0.57373046875,-0.29296875,1.1474609375,-0.01220703125,0.439453125,-0.30517578125,-0.146484375,0.10986328125,0.74462890625,0.2197265625,0.634765625,-0.03662109375,0.4638671875,-0.439453125,0.57373046875,-0.30517578125,0.10986328125,-0.23193359375,0.10986328125,-0.06103515625,1.0498046875,-0.10986328125,0.15869140625,-0.15869140625,0.18310546875,-0.1708984375,0.2197265625,-0.146484375,0.927734375,0.048828125,0.048828125,0.1220703125,1.318359375,0.25634765625,-0.96435546875,0.23193359375,-0.28076171875,-0.1220703125,-1.025390625,0.01220703125,-0.76904296875,-0.2197265625,-1.52587890625,0.0244140625,-0.23193359375,0.15869140625,-0.30517578125,0.08544921875,-1.25732421875,0.10986328125,-1.0498046875,0.0732421875,-0.64697265625,-0.13427734375,-0.78125,-0.15869140625,-0.13427734375,0.2197265625,-0.72021484375,-0.25634765625,-1.45263671875,-0.28076171875,-1.0498046875,-0.01220703125,0.4638671875,0.29296875,-0.20751953125,-0.0244140625,-0.57373046875,-0.0732421875,-0.47607421875,0.0732421875,-0.62255859375,-0.20751953125,0.03662109375,0.01220703125,0.8544921875,0,-0.45166015625,-0.048828125,-0.50048828125
1,0.244140625,-0.3662109375,-0.08544921875,-0.146484375,0.0244140625,-0.4150390625,0.09765625,0.06103515625,0.06103515625,1.0009765625,-0.18310546875,0.0732421875,-0.1953125,1.7578125,0.244140625,4.2236328125,-0.08544921875,-0.341796875,-0.18310546875,0.09765625,-0.4150390625,0.91552734375,-0.40283203125,-0.50048828125,0.01220703125,-0.1708984375,0.08544921875,-0.78125,-0.13427734375,0.93994140625,-0.146484375,0.25634765625,-0.2685546875,-0.32958984375,0.47607421875,-0.89111328125,-0.32958984375,-0.439453125,0.30517578125,-0.72021484375,-0.2197265625,-0.1953125,-0.23193359375,-0.64697265625,-0.20751953125,-0.42724609375,-0.01220703125,0.59814453125,-0.20751953125,1.171875,0.01220703125,0.439453125,-0.390625,-0.15869140625,0.0732421875,0.74462890625,0.244140625,0.62255859375,-0.03662109375,0.4638671875,-0.4150390625,0.57373046875,-0.30517578125,0.10986328125,-0.29296875,0.13427734375,0,1.06201171875,-0.09765625,0.1708984375,-0.146484375,0.1708984375,-0.20751953125,0.244140625,-0.10986328125,0.927734375,0.01220703125,0.06103515625,0.1953125,1.3427734375,0.28076171875,-0.9521484375,0.244140625,-0.28076171875,-0.2197265625,-1.025390625,0.0244140625,-0.7568359375,-0.20751953125,-1.50146484375,0.06103515625,-0.2197265625,0.341796875,-0.29296875,-0.048828125,-1.25732421875,0.10986328125,-0.9765625,0.08544921875,-0.35400390625,-0.1220703125,-0.72021484375,-0.2685546875,-0.06103515625,0.244140625,-0.7080078125,-0.06103515625,-1.46484375,-0.25634765625,-1.03759765625,-0.048828125,0.45166015625,0.29296875,-0.1953125,-0.01220703125,-0.57373046875,-0.06103515625,-0.42724609375,0.08544921875,-0.5615234375,-0.2197265625,0.0244140625,-0.01220703125,0.84228515625,-0.01220703125,-0.42724609375,-0.048828125,-0.48828125
1,0.28076171875,-0.35400390625,-0.1220703125,-0.13427734375,0.0244140625,-0.40283203125,0.06103515625,0.03662109375,0.0732421875,0.8544921875,-0.1953125,-0.1220703125,-0.1953125,1.57470703125,0.341796875,3.35693359375,-0.048828125,-0.18310546875,-0.06103515625,0.244140625,-0.25634765625,0.98876953125,-0.32958984375,-0.37841796875,0.01220703125,-0.1708984375,0.048828125,-0.76904296875,-0.244140625,0.927734375,-0.15869140625,0.25634765625,-0.439453125,-0.341796875,0.390625,-0.89111328125,-0.37841796875,-0.390625,0.2685546875,-0.69580078125,-0.29296875,-0.18310546875,-0.3173828125,-0.634765625,-0.2685546875,-0.439453125,-0.08544921875,0.6103515625,-0.146484375,1.20849609375,0,0.42724609375,-0.4150390625,-0.1708984375,0.048828125,0.74462890625,0.2685546875,0.59814453125,-0.1220703125,0.45166015625,-0.30517578125,0.54931640625,-0.2685546875,0.09765625,-0.30517578125,0.1708984375,0.06103515625,1.0498046875,-0.1220703125,0.1953125,-0.146484375,0.20751953125,-0.244140625,0.25634765625,-0.08544921875,0.9033203125,0.01220703125,0.048828125,0.1953125,1.3427734375,0.30517578125,-0.93994140625,0.23193359375,-0.3173828125,-0.30517578125,-1.025390625,0.03662109375,-0.74462890625,-0.146484375,-1.4892578125,0.03662109375,-0.23193359375,0.50048828125,-0.29296875,-0.15869140625,-1.2451171875,0.03662109375,-0.79345703125,0.0244140625,0.09765625,-0.13427734375,-0.62255859375,-0.32958984375,0.1220703125,0.18310546875,-0.67138671875,0.1220703125,-1.42822265625,-0.244140625,-1.06201171875,-0.0732421875,0.45166015625,0.3173828125,-0.18310546875,-0.0244140625,-0.57373046875,-0.0732421875,-0.4150390625,0.08544921875,-0.50048828125,-0.1953125,0.06103515625,-0.01220703125,0.86669921875,-0.048828125,-0.439453125,-0.0244140625,-0.47607421875
1,0.29296875,-0.3662109375,-0.048828125,-0.13427734375,0.06103515625,-0.37841796875,0.048828125,0.048828125,0.10986328125,0.62255859375,-0.23193359375,-0.341796875,-0.18310546875,1.3671875,0.3662109375,2.3193359375,0,-0.01220703125,0.0732421875,0.4150390625,-0.048828125,1.08642578125,-0.1953125,-0.28076171875,-0.01220703125,-0.18310546875,-0.0244140625,-0.76904296875,-0.30517578125,0.93994140625,-0.20751953125,0.2685546875,-0.47607421875,-0.3173828125,0.30517578125,-0.89111328125,-0.37841796875,-0.37841796875,0.20751953125,-0.69580078125,-0.3662109375,-0.18310546875,-0.390625,-0.64697265625,-0.3173828125,-0.45166015625,-0.1708984375,0.634765625,-0.048828125,1.20849609375,0.0244140625,0.45166015625,-0.4638671875,-0.15869140625,0.03662109375,0.74462890625,0.2197265625,0.634765625,-0.1708984375,0.48828125,-0.23193359375,0.5126953125,-0.2197265625,0.10986328125,-0.29296875,0.23193359375,0.10986328125,1.06201171875,-0.0732421875,0.2197265625,-0.146484375,0.244140625,-0.244140625,0.30517578125,-0.0244140625,0.9033203125,-0.0244140625,0.048828125,0.23193359375,1.3427734375,0.28076171875,-0.927734375,0.1708984375,-0.29296875,-0.3662109375,-1.03759765625,0.0244140625,-0.74462890625,-0.08544921875,-1.50146484375,0.01220703125,-0.1953125,0.5615234375,-0.28076171875,-0.2197265625,-1.2451171875,-0.048828125,-0.47607421875,0.08544921875,0.72021484375,-0.10986328125,-0.42724609375,-0.32958984375,0.42724609375,0.08544921875,-0.68359375,0.30517578125,-1.4404296875,-0.244140625,-1.0498046875,-0.06103515625,0.439453125,0.29296875,-0.1708984375,-0.048828125,-0.537109375,-0.0732421875,-0.3662109375,0.10986328125,-0.4150390625,-0.2197265625,0.03662109375,-0.01220703125,0.87890625,-0.0732421875,-0.439453125,-0.03662109375,-0.48828125
1,0.2685546875,-0.37841796875,-0.06103515625,-0.15869140625,0.03662109375,-0.4150390625,0.03662109375,0.048828125,0.10986328125,0.40283203125,-0.25634765625,-0.57373046875,-0.1708984375,1.13525390625,0.3662109375,1.220703125,-0.03662109375,0.15869140625,0.1220703125,0.57373046875,0.048828125,1.18408203125,-0.08544921875,-0.146484375,-0.01220703125,-0.146484375,-0.08544921875,-0.7568359375,-0.3173828125,0.9521484375,-0.20751953125,0.28076171875,-0.45166015625,-0.3173828125,0.244140625,-0.87890625,-0.32958984375,-0.37841796875,0.13427734375,-0.7080078125,-0.3662109375,-0.15869140625,-0.390625,-0.64697265625,-0.37841796875,-0.439453125,-0.2685546875,0.64697265625,0.0732421875,1.220703125,0.01220703125,0.47607421875,-0.439453125,-0.146484375,0.01220703125,0.76904296875,0.09765625,0.634765625,-0.18310546875,0.47607421875,-0.244140625,0.50048828125,-0.1220703125,0.146484375,-0.244140625,0.28076171875,0.13427734375,1.07421875,-0.03662109375,0.2685546875,-0.18310546875,0.2685546875,-0.20751953125,0.3173828125,0.0244140625,0.89111328125,-0.048828125,0.048828125,0.23193359375,1.3671875,0.23193359375,-0.927734375,0.09765625,-0.28076171875,-0.390625,-1.025390625,0.0244140625,-0.74462890625,-0.0244140625,-1.47705078125,-0.01220703125,-0.1953125,0.537109375,-0.2685546875,-0.20751953125,-1.23291015625,-0.18310546875,-0.1220703125,0.0244140625,1.4404296875,-0.06103515625,-0.1953125,-0.341796875,0.7568359375,0.0244140625,-0.69580078125,0.40283203125,-1.42822265625,-0.20751953125,-1.03759765625,-0.06103515625,0.4150390625,0.2685546875,-0.15869140625,-0.048828125,-0.52490234375,-0.0732421875,-0.341796875,0.1220703125,-0.35400390625,-0.2197265625,0.03662109375,-0.01220703125,0.86669921875,-0.08544921875,-0.42724609375,-0.0732421875,-0.47607421875
1,0.25634765625,-0.37841796875,0.0244140625,-0.146484375,0.0244140625,-0.42724609375,0.048828125,0.03662109375,0.146484375,0.15869140625,-0.2685546875,-0.8056640625,-0.1708984375,0.927734375,0.40283203125,0.23193359375,0,0.32958984375,0.1708984375,0.72021484375,0.09765625,1.28173828125,0,-0.03662109375,0.01220703125,-0.13427734375,-0.146484375,-0.7568359375,-0.28076171875,0.93994140625,-0.1953125,0.2685546875,-0.35400390625,-0.30517578125,0.10986328125,-0.84228515625,-0.2685546875,-0.37841796875,0.06103515625,-0.69580078125,-0.3662109375,-0.1708984375,-0.341796875,-0.634765625,-0.3662109375,-0.40283203125,-0.29296875,0.634765625,0.1220703125,1.20849609375,0.01220703125,0.5126953125,-0.40283203125,-0.1220703125,0.01220703125,0.78125,0.03662109375,0.634765625,-0.146484375,0.4638671875,-0.2197265625,0.5126953125,-0.0244140625,0.15869140625,-0.1953125,0.30517578125,0.146484375,1.07421875,0.01220703125,0.28076171875,-0.1953125,0.25634765625,-0.15869140625,0.3173828125,0.0244140625,0.86669921875,-0.048828125,0.03662109375,0.23193359375,1.35498046875,0.1708984375,-0.9033203125,0.01220703125,-0.28076171875,-0.35400390625,-1.0009765625,-0.01220703125,-0.732421875,0.0244140625,-1.46484375,-0.0244140625,-0.18310546875,0.40283203125,-0.25634765625,-0.13427734375,-1.1962890625,-0.30517578125,0.35400390625,0.08544921875,2.2705078125,-0.08544921875,0.13427734375,-0.3173828125,1.171875,0,-0.732421875,0.37841796875,-1.4404296875,-0.18310546875,-1.03759765625,-0.06103515625,0.4150390625,0.25634765625,-0.15869140625,-0.03662109375,-0.52490234375,-0.08544921875,-0.35400390625,0.13427734375,-0.35400390625,-0.20751953125,0.0732421875,0,0.87890625,-0.0732421875,-0.45166015625,-0.10986328125,-0.47607421875
1,0.23193359375,-0.37841796875,0.01220703125,-0.1708984375,0.01220703125,-0.390625,0.0732421875,0.0244140625,0.146484375,-0.0244140625,-0.28076171875,-0.9765625,-0.18310546875,0.79345703125,0.40283203125,-0.537109375,0.048828125,0.50048828125,0.20751953125,0.86669921875,0.13427734375,1.35498046875,0.10986328125,0.06103515625,0.03662109375,-0.1220703125,-0.18310546875,-0.7568359375,-0.1953125,0.9521484375,-0.20751953125,0.25634765625,-0.2197265625,-0.30517578125,0.03662109375,-0.830078125,-0.18310546875,-0.3662109375,-0.0244140625,-0.72021484375,-0.341796875,-0.15869140625,-0.29296875,-0.62255859375,-0.3662109375,-0.37841796875,-0.3173828125,0.6103515625,0.13427734375,1.171875,0,0.52490234375,-0.32958984375,-0.10986328125,0.01220703125,0.76904296875,-0.048828125,0.64697265625,-0.0732421875,0.4638671875,-0.244140625,0.537109375,0.08544921875,0.15869140625,-0.15869140625,0.3173828125,0.18310546875,1.0498046875,0.0732421875,0.28076171875,-0.25634765625,0.2685546875,-0.0732421875,0.30517578125,0.03662109375,0.8544921875,-0.08544921875,0.0244140625,0.25634765625,1.3427734375,0.09765625,-0.87890625,-0.048828125,-0.2685546875,-0.28076171875,-0.98876953125,-0.03662109375,-0.732421875,0.0732421875,-1.46484375,-0.0244140625,-0.1953125,0.23193359375,-0.25634765625,-0.06103515625,-1.1962890625,-0.3662109375,0.84228515625,0.1220703125,3.18603515625,-0.0732421875,0.439453125,-0.29296875,1.5869140625,0.0732421875,-0.7080078125,0.28076171875,-1.42822265625,-0.10986328125,-1.01318359375,-0.01220703125,0.42724609375,0.244140625,-0.146484375,-0.048828125,-0.5126953125,-0.08544921875,-0.390625,0.13427734375,-0.3662109375,-0.2197265625,0.048828125,-0.01220703125,0.86669921875,-0.0732421875,-0.47607421875,-0.1220703125,-0.4638671875
1,0.25634765625,-0.390625,0.0244140625,-0.15869140625,-0.01220703125,-0.3662109375,0.0732421875,0.01220703125,0.1220703125,-0.146484375,-0.29296875,-1.06201171875,-0.1953125,0.7080078125,0.40283203125,-0.927734375,0.09765625,0.64697265625,0.1708984375,1.0009765625,0.13427734375,1.4404296875,0.2197265625,0.1708984375,0.06103515625,-0.13427734375,-0.1953125,-0.78125,-0.09765625,0.96435546875,-0.1708984375,0.25634765625,-0.06103515625,-0.29296875,-0.01220703125,-0.81787109375,-0.10986328125,-0.40283203125,-0.0244140625,-0.7080078125,-0.28076171875,-0.15869140625,-0.244140625,-0.634765625,-0.37841796875,-0.3662109375,-0.28076171875,0.6103515625,0.10986328125,1.13525390625,-0.1220703125,0.5126953125,-0.2685546875,-0.10986328125,-0.01220703125,0.78125,-0.10986328125,0.6591796875,-0.0244140625,0.4638671875,-0.1708984375,0.5615234375,0.1708984375,0.146484375,-0.0244140625,0.28076171875,0.1953125,1.0498046875,0.09765625,0.2685546875,-0.28076171875,0.23193359375,0,0.29296875,0.06103515625,0.87890625,-0.10986328125,0.0244140625,0.2197265625,1.35498046875,0.048828125,-0.86669921875,-0.09765625,-0.2685546875,-0.15869140625,-0.9765625,-0.03662109375,-0.732421875,0.09765625,-1.45263671875,-0.0244140625,-0.20751953125,0.0732421875,-0.25634765625,-0.03662109375,-1.18408203125,-0.439453125,1.25732421875,0.0732421875,4.0283203125,-0.06103515625,0.732421875,-0.23193359375,1.96533203125,0.18310546875,-0.72021484375,0.13427734375,-1.4404296875,-0.08544921875,-1.03759765625,0.06103515625,0.42724609375,0.23193359375,-0.146484375,-0.01220703125,-0.5126953125,-0.08544921875,-0.4150390625,0.1708984375,-0.45166015625,-0.2197265625,0.048828125,-0.048828125,0.8544921875,-0.03662109375,-0.48828125,-0.1708984375,-0.47607421875
1,0.28076171875,-0.37841796875,0.0244140625,-0.146484375,-0.0244140625,-0.37841796875,0.09765625,0,0.13427734375,-0.15869140625,-0.2685546875,-1.06201171875,-0.23193359375,0.74462890625,0.35400390625,-0.89111328125,0.13427734375,0.74462890625,0.146484375,1.07421875,0.0732421875,1.4892578125,0.3173828125,0.2197265625,0.09765625,-0.146484375,-0.18310546875,-0.76904296875,-0.01220703125,0.96435546875,-0.10986328125,0.244140625,0.048828125,-0.30517578125,-0.01220703125,-0.84228515625,-0.06103515625,-0.42724609375,0.0244140625,-0.7080078125,-0.18310546875,-0.146484375,-0.1953125,-0.634765625,-0.35400390625,-0.3662109375,-0.25634765625,0.57373046875,0.08544921875,1.13525390625,-0.244140625,0.537109375,-0.23193359375,-0.10986328125,0.06103515625,0.78125,-0.15869140625,0.67138671875,0.0244140625,0.439453125,-0.0244140625,0.5859375,0.23193359375,0.146484375,0.1220703125,0.23193359375,0.15869140625,1.0498046875,0.10986328125,0.244140625,-0.2685546875,0.23193359375,0.06103515625,0.28076171875,0.06103515625,0.9033203125,-0.146484375,0.01220703125,0.18310546875,1.318359375,0.01220703125,-0.8544921875,-0.1220703125,-0.25634765625,-0.048828125,-0.9765625,-0.0244140625,-0.72021484375,0.13427734375,-1.45263671875,-0.048828125,-0.20751953125,-0.048828125,-0.28076171875,-0.0732421875,-1.18408203125,-0.341796875,1.611328125,-0.09765625,4.74853515625,-0.1220703125,1.06201171875,-0.18310546875,2.294921875,0.244140625,-0.74462890625,-0.048828125,-1.45263671875,-0.0732421875,-1.03759765625,0.10986328125,0.439453125,0.20751953125,-0.146484375,-0.0244140625,-0.52490234375,-0.0732421875,-0.4638671875,0.1953125,-0.52490234375,-0.23193359375,0.06103515625,-0.03662109375,0.87890625,0,-0.50048828125,-0.18310546875,-0.47607421875
1,0.23193359375,-0.3662109375,0.0244140625,-0.146484375,0.01220703125,-0.390625,0.06103515625,-0.01220703125,0.13427734375,-0.08544921875,-0.2685546875,-0.927734375,-0.25634765625,0.86669921875,0.35400390625,-0.4150390625,0.15869140625,0.79345703125,0.048828125,1.123046875,-0.01220703125,1.52587890625,0.32958984375,0.23193359375,0.1220703125,-0.146484375,-0.15869140625,-0.76904296875,0.0732421875,0.9765625,-0.048828125,0.244140625,0.09765625,-0.3173828125,0.13427734375,-0.84228515625,-0.0244140625,-0.45166015625,0.0732421875,-0.69580078125,-0.09765625,-0.13427734375,-0.10986328125,-0.64697265625,-0.3173828125,-0.3662109375,-0.1953125,0.5615234375,0.06103515625,1.13525390625,-0.35400390625,0.5126953125,-0.1953125,-0.09765625,0.048828125,0.78125,-0.1708984375,0.68359375,0.06103515625,0.439453125,0.06103515625,0.6103515625,0.244140625,0.146484375,0.244140625,0.1953125,0.1708984375,1.025390625,0.09765625,0.20751953125,-0.28076171875,0.20751953125,0.09765625,0.2685546875,0.1220703125,0.9033203125,-0.15869140625,0.0244140625,0.146484375,1.33056640625,0.01220703125,-0.84228515625,-0.1220703125,-0.28076171875,0.03662109375,-0.9521484375,0.01220703125,-0.7080078125,0.1220703125,-1.46484375,-0.08544921875,-0.20751953125,-0.10986328125,-0.2685546875,-0.13427734375,-1.1962890625,-0.2685546875,1.904296875,-0.23193359375,5.3466796875,-0.15869140625,1.35498046875,-0.10986328125,2.5634765625,0.2685546875,-0.74462890625,-0.20751953125,-1.45263671875,-0.08544921875,-1.025390625,0.1708984375,0.4638671875,0.1708984375,-0.146484375,-0.0244140625,-0.52490234375,-0.0732421875,-0.48828125,0.20751953125,-0.634765625,-0.244140625,0.06103515625,-0.03662109375,0.8544921875,-0.0244140625,-0.50048828125,-0.1708984375,-0.48828125
0,0.2197265625,-0.35400390625,0.0732421875,-0.1220703125,0.06103515625,-0.37841796875,0.048828125,0.01220703125,0.146484375,0.0732421875,-0.30517578125,-0.74462890625,-0.244140625,1.06201171875,0.37841796875,0.439453125,0.146484375,0.79345703125,-0.06103515625,1.11083984375,-0.06103515625,1.52587890625,0.25634765625,0.20751953125,0.09765625,-0.13427734375,-0.09765625,-0.76904296875,0.146484375,0.96435546875,0.0244140625,0.244140625,0.06103515625,-0.341796875,0.32958984375,-0.84228515625,-0.03662109375,-0.439453125,0.1220703125,-0.68359375,0,-0.15869140625,-0.08544921875,-0.634765625,-0.30517578125,-0.35400390625,-0.0732421875,0.5615234375,0.03662109375,1.1474609375,-0.40283203125,0.5126953125,-0.1220703125,-0.09765625,0.0244140625,0.74462890625,-0.10986328125,0.6591796875,0.08544921875,0.439453125,0.13427734375,0.67138671875,0.18310546875,0.13427734375,0.29296875,0.13427734375,0.1708984375,1.0498046875,0.09765625,0.18310546875,-0.2197265625,0.1708984375,0.1220703125,0.244140625,0.146484375,0.89111328125,-0.1708984375,0.0244140625,0.08544921875,1.318359375,0,-0.8544921875,-0.09765625,-0.28076171875,0.09765625,-0.93994140625,0.06103515625,-0.69580078125,0.09765625,-1.47705078125,-0.09765625,-0.1953125,-0.0732421875,-0.28076171875,-0.244140625,-1.1962890625,-0.15869140625,2.08740234375,-0.23193359375,5.7861328125,-0.146484375,1.5380859375,-0.06103515625,2.69775390625,0.23193359375,-0.74462890625,-0.341796875,-1.45263671875,-0.09765625,-1.025390625,0.20751953125,0.47607421875,0.13427734375,-0.1708984375,-0.03662109375,-0.537109375,-0.08544921875,-0.47607421875,0.1953125,-0.7080078125,-0.2197265625,0.0732421875,-0.03662109375,0.84228515625,-0.0244140625,-0.48828125,-0.15869140625,-0.50048828125
0,0.2197265625,-0.341796875,0.08544921875,-0.10986328125,0.08544921875,-0.390625,0.0732421875,0.0244140625,0.1708984375,0.35400390625,-0.30517578125,-0.45166015625,-0.1708984375,1.3427734375,0.40283203125,1.66015625,0.1220703125,0.7568359375,-0.146484375,1.07421875,-0.0732421875,1.47705078125,0.1220703125,0.13427734375,0.06103515625,-0.1708984375,-0.0244140625,-0.76904296875,0.15869140625,0.9521484375,0.0732421875,0.23193359375,-0.01220703125,-0.30517578125,0.439453125,-0.86669921875,-0.06103515625,-0.45166015625,0.18310546875,-0.7080078125,0.09765625,-0.146484375,-0.048828125,-0.634765625,-0.25634765625,-0.37841796875,0.0244140625,0.54931640625,0.01220703125,1.15966796875,-0.40283203125,0.47607421875,-0.10986328125,-0.1220703125,0.01220703125,0.74462890625,-0.06103515625,0.6591796875,0.10986328125,0.45166015625,0.10986328125,0.68359375,0.1708984375,0.10986328125,0.3173828125,0.13427734375,0.23193359375,1.03759765625,0.0732421875,0.1708984375,-0.1953125,0.18310546875,0.10986328125,0.2197265625,0.1953125,0.9033203125,-0.1953125,0.0244140625,0.06103515625,1.318359375,0.03662109375,-0.87890625,-0.01220703125,-0.28076171875,0.0732421875,-0.9521484375,0.1220703125,-0.72021484375,0.06103515625,-1.50146484375,-0.1220703125,-0.2197265625,0.06103515625,-0.30517578125,-0.35400390625,-1.220703125,-0.0244140625,2.13623046875,-0.15869140625,6.04248046875,-0.1708984375,1.62353515625,0.0244140625,2.7587890625,0.1220703125,-0.732421875,-0.37841796875,-1.46484375,-0.10986328125,-1.03759765625,0.2197265625,0.4638671875,0.1220703125,-0.18310546875,-0.0244140625,-0.54931640625,-0.06103515625,-0.47607421875,0.20751953125,-0.76904296875,-0.25634765625,0.0732421875,-0.03662109375,0.84228515625,-0.03662109375,-0.47607421875,-0.15869140625,-0.52490234375
0,0.20751953125,-0.35400390625,0.146484375,-0.08544921875,0.08544921875,-0.390625,0.0732421875,0.03662109375,0.18310546875,0.69580078125,-0.30517578125,-0.13427734375,-0.15869140625,1.62353515625,0.439453125,3.03955078125,0.06103515625,0.67138671875,-0.1953125,1.0009765625,-0.06103515625,1.42822265625,-0.06103515625,0.048828125,0.03662109375,-0.18310546875,0.048828125,-0.79345703125,0.146484375,0.9521484375,0.13427734375,0.25634765625,-0.10986328125,-0.341796875,0.50048828125,-0.87890625,-0.08544921875,-0.4638671875,0.25634765625,-0.72021484375,0.15869140625,-0.1708984375,-0.10986328125,-0.634765625,-0.1708984375,-0.37841796875,0.06103515625,0.537109375,-0.01220703125,1.15966796875,-0.4150390625,0.45166015625,-0.1220703125,-0.1220703125,0,0.7568359375,0.0244140625,0.67138671875,0.15869140625,0.47607421875,0.10986328125,0.732421875,0.1220703125,0.10986328125,0.3662109375,0.146484375,0.2197265625,1.025390625,0.06103515625,0.1708984375,-0.15869140625,0.18310546875,0.1220703125,0.25634765625,0.1953125,0.89111328125,-0.1953125,0.0244140625,0.06103515625,1.3427734375,0.048828125,-0.9033203125,0.06103515625,-0.2685546875,0.03662109375,-0.9521484375,0.1953125,-0.732421875,0.06103515625,-1.50146484375,-0.1220703125,-0.23193359375,0.23193359375,-0.30517578125,-0.45166015625,-1.20849609375,-0.01220703125,2.08740234375,-0.18310546875,6.09130859375,-0.1708984375,1.6357421875,0.01220703125,2.734375,-0.01220703125,-0.7080078125,-0.32958984375,-1.46484375,-0.1220703125,-1.025390625,0.244140625,0.45166015625,0.0732421875,-0.18310546875,-0.0244140625,-0.5615234375,-0.08544921875,-0.439453125,0.23193359375,-0.78125,-0.25634765625,0.0732421875,-0.0244140625,0.84228515625,-0.03662109375,-0.4638671875,-0.1220703125,-0.537109375
0,0.18310546875,-0.35400390625,0.1708984375,-0.09765625,0.048828125,-0.40283203125,0.03662109375,0.048828125,0.1953125,1.0498046875,-0.28076171875,0.1953125,-0.15869140625,1.953125,0.4150390625,4.443359375,-0.048828125,0.5615234375,-0.25634765625,0.91552734375,-0.10986328125,1.3671875,-0.25634765625,-0.048828125,0.0244140625,-0.1708984375,0.08544921875,-0.78125,0.09765625,0.93994140625,0.2197265625,0.25634765625,-0.1708984375,-0.37841796875,0.50048828125,-0.87890625,-0.146484375,-0.4638671875,0.341796875,-0.72021484375,0.23193359375,-0.1708984375,-0.146484375,-0.64697265625,-0.09765625,-0.4150390625,0.10986328125,0.537109375,-0.048828125,1.1962890625,-0.37841796875,0.45166015625,-0.1220703125,-0.13427734375,0,0.732421875,0.1220703125,0.64697265625,0.15869140625,0.4638671875,0.13427734375,0.732421875,0.1220703125,0.1220703125,0.390625,0.18310546875,0.1953125,1.06201171875,0.01220703125,0.1708984375,-0.10986328125,0.20751953125,0.1708984375,0.28076171875,0.1708984375,0.8544921875,-0.2197265625,0.03662109375,0.08544921875,1.35498046875,0.09765625,-0.91552734375,0.09765625,-0.28076171875,-0.01220703125,-0.96435546875,0.25634765625,-0.732421875,0.0244140625,-1.50146484375,-0.1220703125,-0.23193359375,0.37841796875,-0.2685546875,-0.45166015625,-1.20849609375,0,1.9775390625,-0.15869140625,5.99365234375,-0.18310546875,1.55029296875,-0.03662109375,2.6611328125,-0.18310546875,-0.7080078125,-0.25634765625,-1.42822265625,-0.146484375,-1.01318359375,0.2197265625,0.439453125,0.06103515625,-0.18310546875,0,-0.5615234375,-0.0732421875,-0.40283203125,0.25634765625,-0.74462890625,-0.2685546875,0.06103515625,-0.06103515625,0.8544921875,-0.048828125,-0.42724609375,-0.146484375,-0.52490234375
0,0.15869140625,-0.3662109375,0.08544921875,-0.10986328125,0.0732421875,-0.37841796875,0.0244140625,0.048828125,0.20751953125,1.4404296875,-0.29296875,0.52490234375,-0.15869140625,2.24609375,0.28076171875,5.810546875,-0.146484375,0.439453125,-0.2685546875,0.830078125,-0.146484375,1.2939453125,-0.40283203125,-0.1220703125,0.01220703125,-0.1708984375,0.10986328125,-0.74462890625,0.048828125,0.9521484375,0.2685546875,0.2685546875,-0.18310546875,-0.35400390625,0.439453125,-0.87890625,-0.146484375,-0.47607421875,0.37841796875,-0.72021484375,0.28076171875,-0.18310546875,-0.1953125,-0.64697265625,-0.0244140625,-0.4150390625,0.13427734375,0.537109375,-0.08544921875,1.18408203125,-0.35400390625,0.4638671875,-0.08544921875,-0.1220703125,0.06103515625,0.74462890625,0.244140625,0.6591796875,0.10986328125,0.48828125,0.1953125,0.732421875,0.15869140625,0.13427734375,0.4150390625,0.2197265625,0.18310546875,1.06201171875,0.01220703125,0.18310546875,-0.08544921875,0.20751953125,0.23193359375,0.30517578125,0.146484375,0.84228515625,-0.244140625,0.03662109375,0.0732421875,1.3427734375,0.1708984375,-0.91552734375,0.13427734375,-0.29296875,-0.09765625,-0.98876953125,0.32958984375,-0.74462890625,-0.0244140625,-1.50146484375,-0.10986328125,-0.25634765625,0.45166015625,-0.3173828125,-0.40283203125,-1.220703125,0,1.79443359375,-0.09765625,5.70068359375,-0.20751953125,1.3671875,-0.1220703125,2.52685546875,-0.2685546875,-0.7080078125,-0.1220703125,-1.416015625,-0.18310546875,-1.06201171875,0.18310546875,0.4150390625,0.01220703125,-0.1708984375,0,-0.54931640625,-0.0732421875,-0.3662109375,0.244140625,-0.69580078125,-0.2685546875,0.0732421875,-0.03662109375,0.87890625,-0.03662109375,-0.42724609375,-0.15869140625,-0.50048828125
0,0.146484375,-0.3662109375,0.146484375,-0.13427734375,0.0732421875,-0.40283203125,0,0.048828125,0.2197265625,1.7822265625,-0.30517578125,0.8056640625,-0.18310546875,2.52685546875,0.32958984375,7.03125,-0.1953125,0.3662109375,-0.23193359375,0.7568359375,-0.2197265625,1.220703125,-0.52490234375,-0.1953125,0.01220703125,-0.1708984375,0.0732421875,-0.7568359375,0,0.93994140625,0.2685546875,0.244140625,-0.09765625,-0.37841796875,0.37841796875,-0.87890625,-0.15869140625,-0.439453125,0.3662109375,-0.7080078125,0.2685546875,-0.18310546875,-0.23193359375,-0.64697265625,0,-0.40283203125,0.10986328125,0.5615234375,-0.0732421875,1.171875,-0.30517578125,0.4638671875,-0.09765625,-0.1220703125,0.09765625,0.74462890625,0.30517578125,0.6591796875,0.06103515625,0.48828125,0.23193359375,0.72021484375,0.244140625,0.13427734375,0.42724609375,0.29296875,0.13427734375,1.06201171875,0,0.20751953125,-0.09765625,0.23193359375,0.3173828125,0.3173828125,0.0732421875,0.830078125,-0.23193359375,0.06103515625,0.09765625,1.35498046875,0.23193359375,-0.93994140625,0.15869140625,-0.29296875,-0.10986328125,-0.98876953125,0.30517578125,-0.76904296875,-0.03662109375,-1.52587890625,-0.09765625,-0.244140625,0.4638671875,-0.28076171875,-0.29296875,-1.2451171875,-0.01220703125,1.5625,-0.03662109375,5.322265625,-0.1953125,1.171875,-0.20751953125,2.35595703125,-0.29296875,-0.67138671875,-0.0244140625,-1.42822265625,-0.20751953125,-1.06201171875,0.09765625,0.4150390625,0.0244140625,-0.15869140625,0,-0.54931640625,-0.0732421875,-0.341796875,0.30517578125,-0.62255859375,-0.25634765625,0.08544921875,-0.03662109375,0.9033203125,-0.03662109375,-0.4150390625,-0.1708984375,-0.48828125
0,0.1953125,-0.35400390625,0.1220703125,-0.20751953125,0.06103515625,-0.390625,0.0244140625,0.0244140625,0.2197265625,2.05078125,-0.32958984375,1.025390625,-0.15869140625,2.74658203125,0.29296875,7.99560546875,-0.20751953125,0.3173828125,-0.146484375,0.68359375,-0.244140625,1.18408203125,-0.4638671875,-0.2197265625,0.0244140625,-0.13427734375,0.048828125,-0.7568359375,0.0244140625,0.93994140625,0.2197265625,0.25634765625,-0.0244140625,-0.37841796875,0.28076171875,-0.8544921875,-0.1953125,-0.439453125,0.341796875,-0.732421875,0.23193359375,-0.1708984375,-0.244140625,-0.64697265625,-0.0244140625,-0.4150390625,0.0732421875,0.5615234375,-0.08544921875,1.15966796875,-0.1953125,0.5126953125,-0.09765625,-0.10986328125,0.13427734375,0.7568359375,0.341796875,0.64697265625,-0.01220703125,0.47607421875,0.18310546875,0.7080078125,0.3173828125,0.13427734375,0.439453125,0.35400390625,0.1220703125,1.07421875,-0.01220703125,0.2197265625,-0.1220703125,0.244140625,0.3173828125,0.35400390625,0.03662109375,0.830078125,-0.23193359375,0.03662109375,0.08544921875,1.3671875,0.2685546875,-0.93994140625,0.15869140625,-0.2685546875,-0.15869140625,-0.98876953125,0.28076171875,-0.76904296875,-0.0732421875,-1.513671875,-0.048828125,-0.25634765625,0.4150390625,-0.244140625,-0.13427734375,-1.2451171875,0.01220703125,1.35498046875,0.01220703125,4.87060546875,-0.20751953125,0.9765625,-0.28076171875,2.1728515625,-0.23193359375,-0.6591796875,0.01220703125,-1.4404296875,-0.20751953125,-1.06201171875,0.03662109375,0.40283203125,0.01220703125,-0.1708984375,0,-0.50048828125,-0.0732421875,-0.3173828125,0.3173828125,-0.54931640625,-0.25634765625,0.08544921875,-0.03662109375,0.89111328125,-0.03662109375,-0.42724609375,-0.18310546875,-0.4638671875
0,0.1708984375,-0.3662109375,0.18310546875,-0.244140625,0.06103515625,-0.390625,0.01220703125,0.03662109375,0.244140625,2.2705078125,-0.29296875,1.20849609375,-0.1220703125,2.91748046875,0.3173828125,8.75244140625,-0.25634765625,0.244140625,-0.18310546875,0.62255859375,-0.390625,1.15966796875,-0.439453125,-0.23193359375,0.03662109375,-0.146484375,0.0244140625,-0.732421875,0.06103515625,0.9521484375,0.1220703125,0.244140625,0.048828125,-0.3662109375,0.18310546875,-0.84228515625,-0.1953125,-0.4638671875,0.28076171875,-0.72021484375,0.08544921875,-0.18310546875,-0.244140625,-0.634765625,-0.06103515625,-0.4150390625,-0.01220703125,0.54931640625,-0.048828125,1.15966796875,-0.10986328125,0.50048828125,-0.10986328125,-0.1220703125,0.13427734375,0.7568359375,0.3173828125,0.64697265625,-0.01220703125,0.45166015625,0.1220703125,0.64697265625,0.390625,0.13427734375,0.4638671875,0.37841796875,0.03662109375,1.07421875,-0.01220703125,0.244140625,-0.10986328125,0.2685546875,0.30517578125,0.35400390625,0.01220703125,0.81787109375,-0.18310546875,0.048828125,0.10986328125,1.3671875,0.25634765625,-0.9521484375,0.146484375,-0.29296875,-0.18310546875,-0.98876953125,0.20751953125,-0.76904296875,-0.0732421875,-1.52587890625,0,-0.25634765625,0.35400390625,-0.25634765625,0.03662109375,-1.23291015625,0.01220703125,1.1474609375,0.0732421875,4.39453125,-0.1953125,0.81787109375,-0.341796875,2.01416015625,-0.0732421875,-0.68359375,0,-1.42822265625,-0.23193359375,-1.07421875,-0.0244140625,0.4150390625,0,-0.146484375,0,-0.48828125,-0.0732421875,-0.32958984375,0.3173828125,-0.48828125,-0.29296875,0.08544921875,-0.06103515625,0.86669921875,0.01220703125,-0.45166015625,-0.20751953125,-0.439453125
0,0.146484375,-0.3662109375,0.25634765625,-0.28076171875,0.06103515625,-0.37841796875,-0.01220703125,0.0244140625,0.20751953125,2.38037109375,-0.2685546875,1.2939453125,-0.1220703125,2.99072265625,0.244140625,9.24072265625,-0.18310546875,0.1953125,-0.1220703125,0.5859375,-0.4150390625,1.1474609375,-0.244140625,-0.23193359375,0,-0.13427734375,-0.048828125,-0.74462890625,0.06103515625,0.96435546875,-0.0244140625,0.25634765625,0.0244140625,-0.35400390625,0.10986328125,-0.8544921875,-0.23193359375,-0.439453125,0.25634765625,-0.7080078125,-0.09765625,-0.1708984375,-0.18310546875,-0.634765625,-0.15869140625,-0.37841796875,-0.09765625,0.54931640625,-0.048828125,1.1474609375,-0.0244140625,0.5126953125,-0.09765625,-0.1220703125,0.0732421875,0.76904296875,0.28076171875,0.634765625,0.0244140625,0.47607421875,0.06103515625,0.6103515625,0.3173828125,0.146484375,0.4150390625,0.40283203125,-0.048828125,1.08642578125,-0.01220703125,0.244140625,-0.15869140625,0.28076171875,0.25634765625,0.3662109375,-0.06103515625,0.84228515625,-0.13427734375,0.03662109375,0.09765625,1.3916015625,0.1953125,-0.9521484375,0.146484375,-0.28076171875,-0.15869140625,-0.98876953125,0.03662109375,-0.7568359375,-0.08544921875,-1.50146484375,0.0732421875,-0.2685546875,0.23193359375,-0.23193359375,0.1708984375,-1.25732421875,-0.03662109375,1.0009765625,0.01220703125,3.9794921875,-0.1953125,0.634765625,-0.3662109375,1.86767578125,0.10986328125,-0.68359375,-0.03662109375,-1.40380859375,-0.20751953125,-1.03759765625,-0.0732421875,0.4150390625,-0.03662109375,-0.1708984375,0.0244140625,-0.50048828125,-0.08544921875,-0.35400390625,0.3173828125,-0.4638671875,-0.29296875,0.0732421875,-0.06103515625,0.8544921875,0.01220703125,-0.47607421875,-0.23193359375,-0.45166015625
0,0.06103515625,-0.3662109375,0.20751953125,-0.30517578125,0.0244140625,-0.390625,-0.01220703125,0.01220703125,0.1953125,2.44140625,-0.2685546875,1.3427734375,-0.1220703125,3.0029296875,0.20751953125,9.46044921875,-0.10986328125,0.146484375,-0.048828125,0.5126953125,-0.32958984375,1.15966796875,0.0244140625,-0.244140625,-0.0244140625,-0.13427734375,-0.0732421875,-0.7568359375,0.06103515625,0.9765625,-0.18310546875,0.23193359375,0,-0.341796875,0.048828125,-0.86669921875,-0.28076171875,-0.45166015625,0.1953125,-0.7080078125,-0.29296875,-0.15869140625,-0.1953125,-0.634765625,-0.25634765625,-0.35400390625,-0.15869140625,0.54931640625,-0.01220703125,1.13525390625,-0.0244140625,0.52490234375,-0.0732421875,-0.13427734375,-0.01220703125,0.76904296875,0.23193359375,0.62255859375,0.06103515625,0.45166015625,0,0.5615234375,0.32958984375,0.146484375,0.32958984375,0.390625,-0.048828125,1.08642578125,-0.01220703125,0.23193359375,-0.18310546875,0.28076171875,0.23193359375,0.35400390625,-0.0732421875,0.8544921875,-0.08544921875,0.03662109375,0.08544921875,1.3916015625,0.10986328125,-0.93994140625,0.13427734375,-0.29296875,-0.18310546875,-0.9765625,-0.06103515625,-0.76904296875,-0.0732421875,-1.4892578125,0.146484375,-0.2685546875,0.1953125,-0.25634765625,0.25634765625,-1.2451171875,-0.09765625,0.8544921875,-0.08544921875,3.60107421875,-0.18310546875,0.50048828125,-0.37841796875,1.74560546875,0.3173828125,-0.7080078125,-0.0732421875,-1.42822265625,-0.146484375,-1.03759765625,-0.10986328125,0.42724609375,-0.03662109375,-0.1708984375,0.048828125,-0.48828125,-0.0732421875,-0.37841796875,0.30517578125,-0.4638671875,-0.3173828125,0.048828125,-0.03662109375,0.86669921875,0,-0.48828125,-0.244140625,-0.47607421875
0,0.10986328125,-0.3662109375,0.25634765625,-0.30517578125,0.0244140625,-0.40283203125,0,0.0244140625,0.1953125,2.4169921875,-0.25634765625,1.318359375,-0.1220703125,2.978515625,0.1708984375,9.43603515625,-0.06103515625,0.08544921875,-0.10986328125,0.439453125,-0.30517578125,1.13525390625,0.1220703125,-0.25634765625,-0.06103515625,-0.15869140625,-0.10986328125,-0.78125,0.0244140625,0.9765625,-0.341796875,0.23193359375,-0.08544921875,-0.3173828125,0,-0.86669921875,-0.3173828125,-0.45166015625,0.1708984375,-0.72021484375,-0.47607421875,-0.15869140625,-0.23193359375,-0.634765625,-0.3662109375,-0.341796875,-0.18310546875,0.537109375,0.01220703125,1.13525390625,-0.048828125,0.5126953125,-0.08544921875,-0.10986328125,0,0.76904296875,0.13427734375,0.62255859375,0.09765625,0.45166015625,-0.06103515625,0.52490234375,0.2197265625,0.13427734375,0.244140625,0.3662109375,-0.13427734375,1.0986328125,-0.0244140625,0.1953125,-0.244140625,0.2685546875,0.18310546875,0.3173828125,-0.09765625,0.86669921875,-0.03662109375,0.0244140625,0.06103515625,1.3671875,0.0244140625,-0.927734375,0.1220703125,-0.29296875,-0.20751953125,-0.9765625,-0.18310546875,-0.74462890625,-0.03662109375,-1.4892578125,0.18310546875,-0.25634765625,0.146484375,-0.25634765625,0.25634765625,-1.26953125,-0.18310546875,0.76904296875,-0.1953125,3.28369140625,-0.1953125,0.45166015625,-0.3662109375,1.62353515625,0.50048828125,-0.74462890625,-0.10986328125,-1.4404296875,-0.146484375,-1.0498046875,-0.13427734375,0.439453125,-0.09765625,-0.1708984375,0.03662109375,-0.48828125,-0.0732421875,-0.4150390625,0.30517578125,-0.5126953125,-0.3173828125,0.048828125,-0.048828125,0.830078125,0,-0.5126953125,-0.25634765625,-0.47607421875
0,0.1220703125,-0.3662109375,0.20751953125,-0.29296875,0.01220703125,-0.390625,-0.03662109375,0.01220703125,0.15869140625,2.3193359375,-0.25634765625,1.23291015625,-0.15869140625,2.89306640625,0.15869140625,9.1796875,0.10986328125,0.01220703125,-0.048828125,0.35400390625,-0.10986328125,1.08642578125,0.23193359375,-0.2685546875,-0.13427734375,-0.15869140625,-0.13427734375,-0.79345703125,-0.06103515625,0.9521484375,-0.42724609375,0.244140625,-0.20751953125,-0.29296875,0,-0.87890625,-0.35400390625,-0.42724609375,0.15869140625,-0.72021484375,-0.48828125,-0.146484375,-0.244140625,-0.634765625,-0.42724609375,-0.341796875,-0.20751953125,0.5615234375,-0.0244140625,1.15966796875,-0.06103515625,0.50048828125,-0.09765625,-0.10986328125,0.0244140625,0.7568359375,-0.01220703125,0.62255859375,0.146484375,0.45166015625,-0.13427734375,0.50048828125,0.28076171875,0.1220703125,0.15869140625,0.32958984375,-0.146484375,1.08642578125,-0.03662109375,0.18310546875,-0.28076171875,0.25634765625,0.1220703125,0.30517578125,-0.09765625,0.86669921875,0.01220703125,0,0,1.37939453125,-0.048828125,-0.87890625,0.09765625,-0.2685546875,-0.23193359375,-0.9521484375,-0.2197265625,-0.72021484375,0,-1.46484375,0.20751953125,-0.2197265625,0.1708984375,-0.2685546875,0.1953125,-1.25732421875,-0.25634765625,0.69580078125,-0.28076171875,3.076171875,-0.18310546875,0.45166015625,-0.25634765625,1.5380859375,0.52490234375,-0.74462890625,-0.10986328125,-1.45263671875,-0.10986328125,-1.03759765625,-0.08544921875,0.4638671875,-0.048828125,-0.146484375,0.06103515625,-0.52490234375,-0.08544921875,-0.4638671875,0.28076171875,-0.5615234375,-0.32958984375,0.01220703125,-0.0244140625,0.8544921875,-0.03662109375,-0.5126953125,-0.2197265625,-0.50048828125
0,0.10986328125,-0.37841796875,0.244140625,-0.2685546875,0.06103515625,-0.3662109375,-0.03662109375,0.01220703125,0.146484375,2.1728515625,-0.25634765625,1.08642578125,-0.15869140625,2.77099609375,0.1220703125,8.7158203125,0.18310546875,-0.09765625,-0.0732421875,0.2197265625,0.06103515625,1.03759765625,0.20751953125,-0.3173828125,-0.18310546875,-0.1708984375,-0.15869140625,-0.8056640625,-0.1220703125,0.9521484375,-0.341796875,0.25634765625,-0.30517578125,-0.32958984375,0.048828125,-0.86669921875,-0.32958984375,-0.45166015625,0.1220703125,-0.72021484375,-0.42724609375,-0.146484375,-0.2685546875,-0.634765625,-0.439453125,-0.35400390625,-0.244140625,0.54931640625,0.01220703125,1.171875,-0.09765625,0.48828125,-0.06103515625,-0.09765625,0.03662109375,0.76904296875,-0.09765625,0.634765625,0.25634765625,0.4638671875,-0.244140625,0.50048828125,0.30517578125,0.146484375,0.0732421875,0.29296875,-0.146484375,1.0986328125,-0.03662109375,0.146484375,-0.29296875,0.23193359375,0.0732421875,0.3173828125,-0.09765625,0.9033203125,0.03662109375,0,-0.03662109375,1.3671875,-0.1220703125,-0.9033203125,0.0732421875,-0.2685546875,-0.2685546875,-0.9521484375,-0.15869140625,-0.69580078125,0.03662109375,-1.47705078125,0.15869140625,-0.23193359375,0.25634765625,-0.29296875,0.01220703125,-1.25732421875,-0.28076171875,0.67138671875,-0.35400390625,2.9296875,-0.1708984375,0.45166015625,-0.1220703125,1.46484375,0.50048828125,-0.7568359375,-0.09765625,-1.4404296875,-0.0732421875,-1.03759765625,-0.048828125,0.48828125,-0.0732421875,-0.15869140625,0.03662109375,-0.54931640625,-0.0732421875,-0.48828125,0.2685546875,-0.634765625,-0.30517578125,0.03662109375,-0.03662109375,0.830078125,-0.0732421875,-0.5126953125,-0.20751953125,-0.5126953125
0,0.09765625,-0.341796875,0.29296875,-0.23193359375,0.09765625,-0.37841796875,-0.0244140625,0.01220703125,0.13427734375,1.98974609375,-0.244140625,0.93994140625,-0.1708984375,2.60009765625,0.08544921875,8.09326171875,0.244140625,-0.18310546875,-0.08544921875,0.146484375,0.2197265625,0.9765625,0.13427734375,-0.37841796875,-0.23193359375,-0.1953125,-0.1708984375,-0.8056640625,-0.20751953125,0.927734375,-0.244140625,0.2685546875,-0.35400390625,-0.32958984375,0.146484375,-0.86669921875,-0.29296875,-0.45166015625,0.10986328125,-0.72021484375,-0.32958984375,-0.13427734375,-0.30517578125,-0.64697265625,-0.42724609375,-0.341796875,-0.244140625,0.54931640625,0.03662109375,1.171875,-0.1220703125,0.50048828125,-0.06103515625,-0.08544921875,0.048828125,0.74462890625,-0.13427734375,0.64697265625,0.341796875,0.45166015625,-0.3173828125,0.5126953125,0.23193359375,0.15869140625,-0.0244140625,0.244140625,-0.146484375,1.07421875,-0.06103515625,0.146484375,-0.30517578125,0.20751953125,0.0244140625,0.29296875,-0.13427734375,0.87890625,0.03662109375,0.01220703125,-0.06103515625,1.3427734375,-0.15869140625,-0.89111328125,0.01220703125,-0.2685546875,-0.29296875,-0.96435546875,-0.0732421875,-0.72021484375,0.06103515625,-1.46484375,0.1220703125,-0.20751953125,0.35400390625,-0.3173828125,-0.20751953125,-1.2451171875,-0.3173828125,0.59814453125,-0.35400390625,2.79541015625,-0.146484375,0.42724609375,0.0244140625,1.37939453125,0.32958984375,-0.7568359375,-0.048828125,-1.42822265625,-0.01220703125,-1.025390625,0.01220703125,0.47607421875,-0.1220703125,-0.18310546875,0.03662109375,-0.57373046875,-0.08544921875,-0.50048828125,0.2685546875,-0.7080078125,-0.30517578125,0.048828125,-0.0244140625,0.830078125,-0.08544921875,-0.50048828125,-0.1953125,-0.537109375
1,0.0732421875,-0.35400390625,0.3173828125,-0.1708984375,0.08544921875,-0.37841796875,-0.01220703125,0.01220703125,0.13427734375,1.7578125,-0.2685546875,0.72021484375,-0.1953125,2.40478515625,0.06103515625,7.275390625,0.2685546875,-0.23193359375,-0.13427734375,0.10986328125,0.37841796875,0.9521484375,0.03662109375,-0.4150390625,-0.28076171875,-0.1708984375,-0.18310546875,-0.79345703125,-0.25634765625,0.91552734375,-0.048828125,0.2685546875,-0.28076171875,-0.35400390625,0.1953125,-0.86669921875,-0.23193359375,-0.45166015625,0.10986328125,-0.68359375,-0.1220703125,-0.13427734375,-0.35400390625,-0.62255859375,-0.341796875,-0.37841796875,-0.2685546875,0.57373046875,-0.0244140625,1.18408203125,-0.1708984375,0.48828125,-0.06103515625,-0.048828125,0.06103515625,0.7568359375,-0.13427734375,0.64697265625,0.439453125,0.45166015625,-0.4150390625,0.52490234375,0.28076171875,0.1953125,-0.1220703125,0.2197265625,-0.08544921875,1.06201171875,-0.0732421875,0.13427734375,-0.3173828125,0.2197265625,-0.03662109375,0.30517578125,-0.09765625,0.87890625,0.048828125,0.0244140625,-0.01220703125,1.3671875,-0.1708984375,-0.87890625,-0.06103515625,-0.25634765625,-0.29296875,-0.9765625,0.0244140625,-0.72021484375,0.08544921875,-1.46484375,0.0244140625,-0.20751953125,0.3662109375,-0.30517578125,-0.37841796875,-1.2451171875,-0.341796875,0.5615234375,-0.20751953125,2.64892578125,-0.10986328125,0.37841796875,0.09765625,1.25732421875,0.09765625,-0.74462890625,-0.01220703125,-1.42822265625,0.01220703125,-1.025390625,0.08544921875,0.48828125,-0.13427734375,-0.18310546875,0.06103515625,-0.59814453125,-0.0732421875,-0.5126953125,0.25634765625,-0.69580078125,-0.28076171875,0.0732421875,-0.048828125,0.8056640625,-0.09765625,-0.48828125,-0.18310546875,-0.54931640625
1,0,-0.35400390625,0.3173828125,-0.10986328125,0.03662109375,-0.37841796875,0.01220703125,0.01220703125,0.10986328125,1.50146484375,-0.25634765625,0.47607421875,-0.244140625,2.197265625,0.048828125,6.34765625,0.244140625,-0.244140625,-0.1953125,0.10986328125,0.45166015625,0.9521484375,-0.10986328125,-0.40283203125,-0.29296875,-0.1708984375,-0.18310546875,-0.78125,-0.2685546875,0.927734375,0.146484375,0.2685546875,-0.1708984375,-0.3662109375,0.2197265625,-0.8544921875,-0.15869140625,-0.45166015625,0.13427734375,-0.7080078125,0.03662109375,-0.146484375,-0.35400390625,-0.64697265625,-0.2197265625,-0.390625,-0.25634765625,0.57373046875,-0.048828125,1.18408203125,-0.2197265625,0.50048828125,-0.06103515625,-0.048828125,0.06103515625,0.7568359375,-0.18310546875,0.67138671875,0.54931640625,0.4638671875,-0.50048828125,0.57373046875,0.20751953125,0.23193359375,-0.1953125,0.23193359375,-0.06103515625,1.07421875,-0.0732421875,0.146484375,-0.25634765625,0.2197265625,-0.09765625,0.3173828125,-0.10986328125,0.86669921875,0.0244140625,0.0244140625,0.06103515625,1.3671875,-0.1708984375,-0.89111328125,-0.09765625,-0.25634765625,-0.28076171875,-0.9765625,0.1220703125,-0.72021484375,0.13427734375,-1.47705078125,-0.03662109375,-0.20751953125,0.341796875,-0.30517578125,-0.52490234375,-1.220703125,-0.30517578125,0.439453125,-0.06103515625,2.4169921875,-0.06103515625,0.29296875,0.1708984375,1.13525390625,-0.10986328125,-0.732421875,-0.0244140625,-1.416015625,0.03662109375,-1.03759765625,0.10986328125,0.5126953125,-0.15869140625,-0.20751953125,0.048828125,-0.57373046875,-0.08544921875,-0.48828125,0.2685546875,-0.69580078125,-0.2685546875,0.0732421875,-0.06103515625,0.8056640625,-0.10986328125,-0.47607421875,-0.18310546875,-0.5126953125
1,0.06103515625,-0.37841796875,0.30517578125,-0.06103515625,0,-0.390625,0,0.03662109375,0.1220703125,1.26953125,-0.2685546875,0.2197265625,-0.28076171875,1.9287109375,0.048828125,5.35888671875,0.2197265625,-0.18310546875,-0.1953125,0.20751953125,0.50048828125,0.9765625,-0.0732421875,-0.341796875,-0.2685546875,-0.1708984375,-0.1708984375,-0.76904296875,-0.20751953125,0.91552734375,0.30517578125,0.2685546875,-0.048828125,-0.390625,0.1953125,-0.8544921875,-0.0732421875,-0.4150390625,0.18310546875,-0.7080078125,0.18310546875,-0.1708984375,-0.32958984375,-0.634765625,-0.09765625,-0.390625,-0.20751953125,0.57373046875,-0.09765625,1.1962890625,-0.28076171875,0.50048828125,-0.048828125,-0.03662109375,0,0.78125,-0.10986328125,0.67138671875,0.5859375,0.439453125,-0.5126953125,0.57373046875,0.06103515625,0.2685546875,-0.2197265625,0.244140625,-0.0244140625,1.07421875,-0.10986328125,0.1953125,-0.1953125,0.20751953125,-0.1953125,0.341796875,-0.0732421875,0.830078125,0,0.048828125,0.146484375,1.3671875,-0.10986328125,-0.9033203125,-0.13427734375,-0.2685546875,-0.18310546875,-0.93994140625,0.1708984375,-0.732421875,0.13427734375,-1.4892578125,-0.09765625,-0.18310546875,0.23193359375,-0.3173828125,-0.5615234375,-1.20849609375,-0.30517578125,0.28076171875,0.0244140625,2.08740234375,-0.048828125,0.1220703125,0.13427734375,0.98876953125,-0.29296875,-0.69580078125,-0.048828125,-1.42822265625,0.03662109375,-1.0498046875,0.1220703125,0.45166015625,-0.15869140625,-0.20751953125,0.048828125,-0.5615234375,-0.08544921875,-0.45166015625,0.23193359375,-0.6591796875,-0.25634765625,0.08544921875,-0.06103515625,0.8056640625,-0.08544921875,-0.439453125,-0.13427734375,-0.5126953125
1,0.048828125,-0.3662109375,0.244140625,-0.01220703125,-0.048828125,-0.40283203125,0,0.048828125,0.15869140625,1.0009765625,-0.2685546875,-0.06103515625,-0.341796875,1.72119140625,0.0244140625,4.3212890625,0.15869140625,-0.048828125,-0.2685546875,0.35400390625,0.40283203125,1.08642578125,-0.0244140625,-0.2685546875,-0.2197265625,-0.15869140625,-0.15869140625,-0.74462890625,-0.1220703125,0.9521484375,0.3662109375,0.2685546875,0.1220703125,-0.3662109375,0.15869140625,-0.84228515625,0.01220703125,-0.439453125,0.15869140625,-0.72021484375,0.29296875,-0.18310546875,-0.30517578125,-0.634765625,0.0244140625,-0.390625,-0.146484375,0.5859375,-0.146484375,1.1962890625,-0.35400390625,0.52490234375,-0.048828125,-0.06103515625,-0.03662109375,0.79345703125,-0.03662109375,0.67138671875,0.5615234375,0.45166015625,-0.47607421875,0.59814453125,-0.0244140625,0.2685546875,-0.244140625,0.28076171875,0.0244140625,1.08642578125,-0.10986328125,0.2197265625,-0.146484375,0.2197265625,-0.2685546875,0.32958984375,-0.03662109375,0.81787109375,0.0244140625,0.06103515625,0.1953125,1.3671875,-0.06103515625,-0.9033203125,-0.13427734375,-0.2685546875,-0.0732421875,-0.9521484375,0.20751953125,-0.74462890625,0.09765625,-1.50146484375,-0.146484375,-0.1953125,0.048828125,-0.29296875,-0.439453125,-1.20849609375,-0.3173828125,0.0732421875,0.15869140625,1.62353515625,-0.03662109375,-0.10986328125,0.1220703125,0.81787109375,-0.37841796875,-0.68359375,-0.10986328125,-1.40380859375,0.03662109375,-1.03759765625,0.09765625,0.42724609375,-0.1953125,-0.20751953125,0.048828125,-0.54931640625,-0.0732421875,-0.390625,0.23193359375,-0.59814453125,-0.25634765625,0.0732421875,-0.06103515625,0.8056640625,-0.10986328125,-0.439453125,-0.13427734375,-0.50048828125
1,0.0244140625,-0.35400390625,0.2685546875,0,-0.048828125,-0.4150390625,0,0.048828125,0.18310546875,0.7080078125,-0.23193359375,-0.3173828125,-0.3662109375,1.47705078125,0.0244140625,3.28369140625,0.13427734375,0.13427734375,-0.28076171875,0.54931640625,0.3173828125,1.15966796875,-0.0732421875,-0.1708984375,-0.15869140625,-0.1708984375,-0.09765625,-0.74462890625,0.01220703125,0.93994140625,0.32958984375,0.2685546875,0.28076171875,-0.3662109375,0.1220703125,-0.86669921875,0.08544921875,-0.439453125,0.20751953125,-0.732421875,0.341796875,-0.15869140625,-0.244140625,-0.634765625,0.09765625,-0.37841796875,-0.08544921875,0.5859375,-0.10986328125,1.20849609375,-0.37841796875,0.5126953125,-0.0732421875,-0.08544921875,-0.06103515625,0.78125,0.08544921875,0.6591796875,0.5615234375,0.45166015625,-0.4150390625,0.6103515625,-0.1953125,0.25634765625,-0.29296875,0.3173828125,0.06103515625,1.08642578125,-0.13427734375,0.23193359375,-0.1220703125,0.23193359375,-0.3173828125,0.32958984375,-0.01220703125,0.81787109375,0,0.0732421875,0.244140625,1.37939453125,0.01220703125,-0.91552734375,-0.1220703125,-0.29296875,-0.03662109375,-0.93994140625,0.15869140625,-0.74462890625,0.08544921875,-1.4892578125,-0.1708984375,-0.2197265625,-0.146484375,-0.28076171875,-0.2685546875,-1.18408203125,-0.2685546875,-0.1708984375,0.25634765625,1.06201171875,-0.03662109375,-0.3173828125,0.06103515625,0.6103515625,-0.341796875,-0.68359375,-0.2197265625,-1.416015625,0,-1.06201171875,0.0244140625,0.439453125,-0.18310546875,-0.1953125,0.03662109375,-0.537109375,-0.0732421875,-0.3662109375,0.20751953125,-0.54931640625,-0.244140625,0.08544921875,-0.06103515625,0.8056640625,-0.1220703125,-0.4150390625,-0.10986328125,-0.48828125
1,0,-0.32958984375,0.32958984375,-0.03662109375,-0.048828125,-0.40283203125,0.03662109375,0.048828125,0.2197265625,0.45166015625,-0.2197265625,-0.5615234375,-0.341796875,1.28173828125,-0.01220703125,2.294921875,0.10986328125,0.30517578125,-0.30517578125,0.7568359375,0.1953125,1.28173828125,0,-0.03662109375,-0.10986328125,-0.146484375,-0.03662109375,-0.732421875,0.13427734375,0.93994140625,0.244140625,0.2685546875,0.42724609375,-0.32958984375,0.146484375,-0.87890625,0.08544921875,-0.42724609375,0.25634765625,-0.72021484375,0.30517578125,-0.18310546875,-0.20751953125,-0.634765625,0.15869140625,-0.390625,-0.08544921875,0.5859375,-0.048828125,1.18408203125,-0.35400390625,0.5126953125,-0.1708984375,-0.10986328125,-0.06103515625,0.79345703125,0.20751953125,0.64697265625,0.5615234375,0.4638671875,-0.37841796875,0.59814453125,-0.29296875,0.23193359375,-0.32958984375,0.35400390625,0.13427734375,1.08642578125,-0.1220703125,0.23193359375,-0.1220703125,0.23193359375,-0.3662109375,0.32958984375,-0.0244140625,0.8056640625,-0.01220703125,0.0732421875,0.2685546875,1.3671875,0.03662109375,-0.927734375,-0.0732421875,-0.29296875,0.03662109375,-0.927734375,0.09765625,-0.7568359375,0.01220703125,-1.52587890625,-0.1953125,-0.23193359375,-0.2685546875,-0.2685546875,-0.0732421875,-1.1962890625,-0.2197265625,-0.390625,0.2197265625,0.45166015625,-0.09765625,-0.5126953125,0,0.4150390625,-0.244140625,-0.7080078125,-0.341796875,-1.42822265625,-0.0244140625,-1.025390625,-0.03662109375,0.40283203125,-0.23193359375,-0.1708984375,0.01220703125,-0.50048828125,-0.08544921875,-0.341796875,0.20751953125,-0.48828125,-0.244140625,0.08544921875,-0.0732421875,0.8056640625,-0.1220703125,-0.42724609375,-0.1220703125,-0.4638671875
1,-0.03662109375,-0.32958984375,0.3662109375,-0.06103515625,-0.06103515625,-0.4150390625,0.0244140625,0.01220703125,0.2197265625,0.20751953125,-0.1953125,-0.78125,-0.35400390625,1.08642578125,-0.01220703125,1.416015625,0.06103515625,0.4638671875,-0.40283203125,0.89111328125,0.03662109375,1.3671875,-0.01220703125,0.048828125,-0.048828125,-0.1220703125,0.06103515625,-0.732421875,0.2197265625,0.96435546875,0.18310546875,0.25634765625,0.439453125,-0.30517578125,0.0732421875,-0.87890625,0.03662109375,-0.4150390625,0.29296875,-0.72021484375,0.23193359375,-0.1708984375,-0.15869140625,-0.634765625,0.15869140625,-0.37841796875,-0.09765625,0.59814453125,0.01220703125,1.1962890625,-0.3173828125,0.48828125,-0.244140625,-0.1220703125,-0.048828125,0.76904296875,0.23193359375,0.634765625,0.5615234375,0.4638671875,-0.32958984375,0.57373046875,-0.3173828125,0.20751953125,-0.32958984375,0.35400390625,0.1708984375,1.08642578125,-0.0732421875,0.25634765625,-0.13427734375,0.2197265625,-0.390625,0.30517578125,0,0.81787109375,-0.01220703125,0.10986328125,0.28076171875,1.37939453125,0.0732421875,-0.93994140625,0,-0.3173828125,0.0732421875,-0.93994140625,0.0244140625,-0.7568359375,-0.06103515625,-1.52587890625,-0.1708984375,-0.25634765625,-0.341796875,-0.25634765625,0.09765625,-1.18408203125,-0.09765625,-0.5615234375,0.244140625,-0.048828125,-0.10986328125,-0.69580078125,-0.03662109375,0.2685546875,-0.048828125,-0.67138671875,-0.45166015625,-1.42822265625,-0.0732421875,-1.025390625,-0.13427734375,0.4150390625,-0.1953125,-0.15869140625,0.0244140625,-0.47607421875,-0.0732421875,-0.32958984375,0.1708984375,-0.48828125,-0.2685546875,0.048828125,-0.08544921875,0.8056640625,-0.1220703125,-0.439453125,-0.13427734375,-0.47607421875
1,-0.048828125,-0.3173828125,0.28076171875,-0.13427734375,-0.06103515625,-0.40283203125,-0.0244140625,0.01220703125,0.1953125,-0.01220703125,-0.2197265625,-0.96435546875,-0.341796875,0.927734375,-0.09765625,0.6591796875,0.048828125,0.537109375,-0.42724609375,0.9765625,-0.0732421875,1.3916015625,-0.13427734375,0.06103515625,-0.03662109375,-0.1220703125,0.20751953125,-0.76904296875,0.3173828125,0.9765625,0.13427734375,0.25634765625,0.341796875,-0.244140625,0.06103515625,-0.87890625,-0.06103515625,-0.4150390625,0.341796875,-0.72021484375,0.1220703125,-0.15869140625,-0.1220703125,-0.6103515625,0.13427734375,-0.390625,-0.09765625,0.5615234375,0.10986328125,1.1962890625,-0.25634765625,0.48828125,-0.32958984375,-0.146484375,-0.08544921875,0.76904296875,0.2685546875,0.64697265625,0.59814453125,0.47607421875,-0.28076171875,0.54931640625,-0.35400390625,0.18310546875,-0.29296875,0.3662109375,0.20751953125,1.07421875,-0.06103515625,0.23193359375,-0.1708984375,0.23193359375,-0.35400390625,0.3173828125,0.01220703125,0.84228515625,-0.03662109375,0.08544921875,0.2685546875,1.3916015625,0.09765625,-0.93994140625,0.08544921875,-0.30517578125,0.0732421875,-0.96435546875,-0.0244140625,-0.7568359375,-0.09765625,-1.5380859375,-0.13427734375,-0.28076171875,-0.28076171875,-0.244140625,0.1953125,-1.18408203125,0.03662109375,-0.69580078125,0.1953125,-0.40283203125,-0.13427734375,-0.84228515625,-0.08544921875,0.13427734375,0.15869140625,-0.68359375,-0.5126953125,-1.42822265625,-0.08544921875,-1.03759765625,-0.1953125,0.40283203125,-0.20751953125,-0.146484375,0.01220703125,-0.47607421875,-0.0732421875,-0.341796875,0.1708984375,-0.50048828125,-0.25634765625,0.03662109375,-0.06103515625,0.79345703125,-0.1220703125,-0.439453125,-0.1708984375,-0.47607421875
1,-0.06103515625,-0.30517578125,0.3662109375,-0.18310546875,-0.06103515625,-0.4150390625,-0.03662109375,0.048828125,0.2197265625,-0.1953125,-0.18310546875,-1.11083984375,-0.3173828125,0.8056640625,-0.1220703125,0.06103515625,0.048828125,0.52490234375,-0.42724609375,0.89111328125,-0.1220703125,1.3427734375,-0.09765625,0.0244140625,-0.0244140625,-0.1220703125,0.32958984375,-0.76904296875,0.29296875,0.9765625,0.08544921875,0.244140625,0.244140625,-0.23193359375,0.03662109375,-0.9033203125,-0.1708984375,-0.390625,0.3662109375,-0.7080078125,0.03662109375,-0.18310546875,-0.146484375,-0.6103515625,0.06103515625,-0.37841796875,-0.09765625,0.5615234375,0.13427734375,1.20849609375,-0.23193359375,0.48828125,-0.40283203125,-0.1708984375,-0.1220703125,0.74462890625,0.25634765625,0.62255859375,0.5859375,0.47607421875,-0.15869140625,0.5126953125,-0.3662109375,0.146484375,-0.244140625,0.341796875,0.1953125,1.08642578125,0,0.2197265625,-0.20751953125,0.244140625,-0.30517578125,0.3173828125,0.0244140625,0.8544921875,-0.048828125,0.0732421875,0.25634765625,1.37939453125,0.09765625,-0.927734375,0.1708984375,-0.32958984375,0.01220703125,-0.9765625,-0.0244140625,-0.74462890625,-0.15869140625,-1.52587890625,-0.08544921875,-0.29296875,-0.10986328125,-0.244140625,0.18310546875,-1.220703125,0.09765625,-0.72021484375,0.0732421875,-0.5859375,-0.146484375,-0.8056640625,-0.1953125,0.1220703125,0.28076171875,-0.732421875,-0.4638671875,-1.4404296875,-0.10986328125,-1.0498046875,-0.25634765625,0.4150390625,-0.23193359375,-0.1708984375,0.0244140625,-0.48828125,-0.08544921875,-0.3662109375,0.1708984375,-0.54931640625,-0.2685546875,0.048828125,-0.06103515625,0.81787109375,-0.1220703125,-0.45166015625,-0.20751953125,-0.48828125
1,-0.1220703125,-0.30517578125,0.29296875,-0.23193359375,-0.06103515625,-0.40283203125,-0.06103515625,0.048828125,0.244140625,-0.35400390625,-0.146484375,-1.1962890625,-0.29296875,0.69580078125,-0.1220703125,-0.439453125,0.048828125,0.37841796875,-0.439453125,0.76904296875,-0.146484375,1.220703125,-0.08544921875,-0.06103515625,-0.01220703125,-0.10986328125,0.390625,-0.78125,0.2685546875,0.9765625,0.048828125,0.23193359375,0.0732421875,-0.2197265625,0,-0.89111328125,-0.29296875,-0.390625,0.35400390625,-0.72021484375,-0.048828125,-0.1953125,-0.2197265625,-0.62255859375,-0.01220703125,-0.37841796875,-0.146484375,0.57373046875,0.1953125,1.20849609375,-0.1953125,0.48828125,-0.52490234375,-0.146484375,-0.13427734375,0.74462890625,0.1708984375,0.634765625,0.5615234375,0.47607421875,-0.15869140625,0.4638671875,-0.25634765625,0.13427734375,-0.1953125,0.32958984375,0.244140625,1.07421875,0.0244140625,0.2197265625,-0.25634765625,0.2197265625,-0.25634765625,0.3173828125,0.048828125,0.89111328125,-0.048828125,0.06103515625,0.25634765625,1.35498046875,0.09765625,-0.93994140625,0.244140625,-0.30517578125,-0.08544921875,-0.9521484375,0,-0.732421875,-0.1708984375,-1.50146484375,-0.06103515625,-0.30517578125,0.0732421875,-0.28076171875,0.10986328125,-1.23291015625,0.18310546875,-0.6103515625,0.1220703125,-0.439453125,-0.18310546875,-0.6591796875,-0.28076171875,0.20751953125,0.3662109375,-0.732421875,-0.32958984375,-1.4404296875,-0.1220703125,-1.03759765625,-0.30517578125,0.45166015625,-0.23193359375,-0.15869140625,0.048828125,-0.50048828125,-0.09765625,-0.4150390625,0.15869140625,-0.5859375,-0.244140625,0.03662109375,-0.06103515625,0.81787109375,-0.146484375,-0.47607421875,-0.20751953125,-0.47607421875
1,-0.13427734375,-0.30517578125,0.390625,-0.25634765625,-0.06103515625,-0.40283203125,-0.09765625,0.048828125,0.244140625,-0.42724609375,-0.146484375,-1.2451171875,-0.25634765625,0.6103515625,-0.09765625,-0.76904296875,0.0732421875,0.18310546875,-0.3662109375,0.537109375,-0.08544921875,1.06201171875,-0.01220703125,-0.146484375,-0.03662109375,-0.1220703125,0.4150390625,-0.81787109375,0.18310546875,0.9521484375,0.06103515625,0.25634765625,-0.146484375,-0.244140625,0.03662109375,-0.89111328125,-0.390625,-0.40283203125,0.30517578125,-0.72021484375,-0.13427734375,-0.18310546875,-0.2685546875,-0.634765625,-0.06103515625,-0.40283203125,-0.2197265625,0.57373046875,0.2197265625,1.20849609375,-0.1220703125,0.4638671875,-0.57373046875,-0.10986328125,-0.18310546875,0.732421875,0.03662109375,0.6591796875,0.59814453125,0.47607421875,-0.1220703125,0.47607421875,-0.1220703125,0.146484375,-0.09765625,0.30517578125,0.29296875,1.0498046875,0.0732421875,0.2197265625,-0.30517578125,0.2197265625,-0.1953125,0.29296875,0.08544921875,0.87890625,-0.048828125,0.06103515625,0.1953125,1.3671875,0.08544921875,-0.93994140625,0.28076171875,-0.30517578125,-0.1708984375,-0.9521484375,0.01220703125,-0.7568359375,-0.1708984375,-1.513671875,-0.048828125,-0.29296875,0.2685546875,-0.2685546875,-0.01220703125,-1.25732421875,0.20751953125,-0.4150390625,0.10986328125,0.0244140625,-0.18310546875,-0.42724609375,-0.28076171875,0.3662109375,0.29296875,-0.76904296875,-0.13427734375,-1.4404296875,-0.10986328125,-1.03759765625,-0.32958984375,0.45166015625,-0.244140625,-0.15869140625,0.08544921875,-0.5126953125,-0.09765625,-0.4638671875,0.15869140625,-0.634765625,-0.244140625,0.03662109375,-0.06103515625,0.830078125,-0.15869140625,-0.48828125,-0.18310546875,-0.47607421875
1,-0.15869140625,-0.30517578125,0.341796875,-0.28076171875,-0.048828125,-0.390625,-0.09765625,0.06103515625,0.2685546875,-0.50048828125,-0.1220703125,-1.25732421875,-0.23193359375,0.5859375,-0.1220703125,-1.0009765625,0.08544921875,-0.0732421875,-0.35400390625,0.30517578125,0.01220703125,0.9033203125,0.09765625,-0.23193359375,-0.048828125,-0.1220703125,0.35400390625,-0.8056640625,0.06103515625,0.96435546875,0.0244140625,0.244140625,-0.3173828125,-0.25634765625,0,-0.87890625,-0.4150390625,-0.40283203125,0.20751953125,-0.7080078125,-0.1953125,-0.1708984375,-0.30517578125,-0.64697265625,-0.10986328125,-0.390625,-0.2685546875,0.57373046875,0.1708984375,1.1962890625,-0.0732421875,0.4638671875,-0.57373046875,-0.09765625,-0.2197265625,0.732421875,-0.06103515625,0.64697265625,0.5615234375,0.4638671875,-0.1220703125,0.4638671875,0.03662109375,0.1708984375,0.01220703125,0.29296875,0.25634765625,1.07421875,0.09765625,0.20751953125,-0.29296875,0.23193359375,-0.18310546875,0.28076171875,0.10986328125,0.8544921875,-0.0732421875,0.03662109375,0.13427734375,1.3671875,0.09765625,-0.927734375,0.29296875,-0.28076171875,-0.2197265625,-0.96435546875,0.03662109375,-0.72021484375,-0.10986328125,-1.4892578125,-0.06103515625,-0.30517578125,0.4150390625,-0.29296875,-0.10986328125,-1.28173828125,0.146484375,-0.0732421875,0.13427734375,0.78125,-0.18310546875,-0.1220703125,-0.28076171875,0.68359375,0.1953125,-0.74462890625,0.03662109375,-1.4404296875,-0.13427734375,-1.03759765625,-0.29296875,0.47607421875,-0.2685546875,-0.13427734375,0.09765625,-0.52490234375,-0.08544921875,-0.47607421875,0.15869140625,-0.634765625,-0.244140625,0.0244140625,-0.09765625,0.8056640625,-0.15869140625,-0.48828125,-0.18310546875,-0.47607421875
1,-0.1708984375,-0.3173828125,0.37841796875,-0.29296875,-0.0244140625,-0.40283203125,-0.1220703125,0.0732421875,0.2685546875,-0.50048828125,-0.13427734375,-1.23291015625,-0.20751953125,0.57373046875,-0.13427734375,-1.123046875,0.13427734375,-0.2685546875,-0.1953125,0.13427734375,0.13427734375,0.79345703125,0.2197265625,-0.2197265625,-0.048828125,-0.13427734375,0.2685546875,-0.79345703125,-0.0244140625,0.9521484375,0,0.244140625,-0.4638671875,-0.30517578125,-0.06103515625,-0.8544921875,-0.439453125,-0.40283203125,0.146484375,-0.7080078125,-0.2197265625,-0.1708984375,-0.37841796875,-0.634765625,-0.146484375,-0.40283203125,-0.35400390625,0.5859375,0.1220703125,1.1962890625,-0.03662109375,0.4638671875,-0.5615234375,-0.08544921875,-0.2197265625,0.7568359375,-0.1220703125,0.6591796875,0.57373046875,0.4638671875,-0.10986328125,0.50048828125,0.18310546875,0.1953125,0.13427734375,0.29296875,0.25634765625,1.08642578125,0.08544921875,0.20751953125,-0.28076171875,0.23193359375,-0.146484375,0.29296875,0.146484375,0.86669921875,-0.08544921875,0.03662109375,0.10986328125,1.3671875,0.08544921875,-0.91552734375,0.2197265625,-0.25634765625,-0.28076171875,-0.9521484375,0.03662109375,-0.732421875,-0.06103515625,-1.4892578125,-0.09765625,-0.28076171875,0.42724609375,-0.30517578125,-0.10986328125,-1.2939453125,0.01220703125,0.32958984375,0.13427734375,1.7822265625,-0.146484375,0.23193359375,-0.23193359375,1.07421875,0.10986328125,-0.732421875,0.1708984375,-1.4404296875,-0.1220703125,-1.03759765625,-0.244140625,0.4638671875,-0.28076171875,-0.13427734375,0.10986328125,-0.5126953125,-0.08544921875,-0.50048828125,0.15869140625,-0.6591796875,-0.2197265625,0.03662109375,-0.08544921875,0.81787109375,-0.1708984375,-0.48828125,-0.18310546875,-0.48828125
1,-0.1708984375,-0.32958984375,0.390625,-0.28076171875,-0.048828125,-0.40283203125,-0.1220703125,0.03662109375,0.23193359375,-0.50048828125,-0.146484375,-1.20849609375,-0.1708984375,0.59814453125,-0.15869140625,-1.15966796875,0.1708984375,-0.35400390625,-0.1708984375,0.08544921875,0.244140625,0.8056640625,0.28076171875,-0.03662109375,-0.01220703125,-0.146484375,0.13427734375,-0.79345703125,-0.0732421875,0.96435546875,-0.06103515625,0.244140625,-0.45166015625,-0.32958984375,-0.1953125,-0.8544921875,-0.4150390625,-0.42724609375,0.06103515625,-0.69580078125,-0.2197265625,-0.18310546875,-0.42724609375,-0.64697265625,-0.1708984375,-0.42724609375,-0.439453125,0.6103515625,0,1.20849609375,-0.01220703125,0.48828125,-0.50048828125,-0.08544921875,-0.1953125,0.76904296875,-0.146484375,0.67138671875,0.52490234375,0.45166015625,-0.09765625,0.537109375,0.25634765625,0.244140625,0.1953125,0.29296875,0.25634765625,1.07421875,0.09765625,0.20751953125,-0.2685546875,0.244140625,-0.10986328125,0.28076171875,0.15869140625,0.84228515625,-0.10986328125,0.03662109375,0.06103515625,1.35498046875,0.08544921875,-0.9033203125,0.146484375,-0.2685546875,-0.29296875,-0.9521484375,-0.01220703125,-0.74462890625,0.01220703125,-1.47705078125,-0.10986328125,-0.25634765625,0.37841796875,-0.32958984375,-0.08544921875,-1.2939453125,-0.10986328125,0.78125,0.10986328125,2.91748046875,-0.0732421875,0.59814453125,-0.15869140625,1.50146484375,0.048828125,-0.732421875,0.1953125,-1.42822265625,-0.06103515625,-1.025390625,-0.1953125,0.45166015625,-0.30517578125,-0.1220703125,0.09765625,-0.5126953125,-0.09765625,-0.50048828125,0.13427734375,-0.64697265625,-0.1953125,0.03662109375,-0.10986328125,0.81787109375,-0.1708984375,-0.48828125,-0.2197265625,-0.50048828125
0,-0.1708984375,-0.32958984375,0.390625,-0.25634765625,-0.0732421875,-0.40283203125,-0.13427734375,0.03662109375,0.244140625,-0.45166015625,-0.13427734375,-1.18408203125,-0.1708984375,0.634765625,-0.1220703125,-1.0986328125,0.15869140625,-0.25634765625,-0.08544921875,0.23193359375,0.37841796875,0.91552734375,0.390625,0.35400390625,0.01220703125,-0.146484375,0,-0.78125,-0.09765625,0.9521484375,-0.09765625,0.25634765625,-0.37841796875,-0.3662109375,-0.32958984375,-0.8544921875,-0.3662109375,-0.42724609375,-0.01220703125,-0.72021484375,-0.20751953125,-0.18310546875,-0.42724609375,-0.62255859375,-0.1708984375,-0.439453125,-0.45166015625,0.59814453125,-0.08544921875,1.18408203125,-0.0732421875,0.48828125,-0.4638671875,-0.06103515625,-0.146484375,0.79345703125,-0.1708984375,0.64697265625,0.439453125,0.45166015625,0,0.54931640625,0.28076171875,0.29296875,0.25634765625,0.28076171875,0.2197265625,1.0498046875,0.08544921875,0.1953125,-0.20751953125,0.244140625,-0.08544921875,0.28076171875,0.15869140625,0.81787109375,-0.1220703125,0,0.048828125,1.3671875,0.0732421875,-0.9033203125,0.03662109375,-0.2685546875,-0.20751953125,-0.9521484375,-0.08544921875,-0.74462890625,0.10986328125,-1.46484375,-0.146484375,-0.23193359375,0.25634765625,-0.29296875,-0.01220703125,-1.30615234375,-0.244140625,1.26953125,0.03662109375,4.0771484375,-0.03662109375,0.93994140625,-0.10986328125,1.96533203125,0.0732421875,-0.69580078125,0.15869140625,-1.42822265625,-0.0244140625,-1.025390625,-0.146484375,0.42724609375,-0.30517578125,-0.13427734375,0.1220703125,-0.5126953125,-0.0732421875,-0.47607421875,0.10986328125,-0.6103515625,-0.2197265625,0.048828125,-0.10986328125,0.8056640625,-0.13427734375,-0.47607421875,-0.2197265625,-0.50048828125
0,-0.2197265625,-0.32958984375,0.3662109375,-0.25634765625,-0.08544921875,-0.390625,-0.1220703125,0.01220703125,0.244140625,-0.37841796875,-0.13427734375,-1.15966796875,-0.15869140625,0.69580078125,-0.0732421875,-1.01318359375,0.244140625,0.08544921875,-0.01220703125,0.5859375,0.42724609375,1.18408203125,0.48828125,1.0009765625,0.06103515625,-0.13427734375,-0.1220703125,-0.76904296875,-0.03662109375,0.96435546875,-0.1220703125,0.25634765625,-0.25634765625,-0.35400390625,-0.390625,-0.86669921875,-0.25634765625,-0.45166015625,-0.0244140625,-0.72021484375,-0.1953125,-0.20751953125,-0.3662109375,-0.634765625,-0.1953125,-0.4150390625,-0.42724609375,0.5859375,-0.13427734375,1.1962890625,-0.146484375,0.48828125,-0.37841796875,-0.0732421875,-0.10986328125,0.79345703125,-0.09765625,0.634765625,0.439453125,0.439453125,0.0732421875,0.57373046875,0.20751953125,0.341796875,0.30517578125,0.29296875,0.20751953125,1.06201171875,0.09765625,0.1953125,-0.1708984375,0.25634765625,-0.0244140625,0.30517578125,0.1953125,0.830078125,-0.1220703125,0,0.03662109375,1.3916015625,0.0732421875,-0.91552734375,-0.03662109375,-0.29296875,-0.13427734375,-0.9765625,-0.1220703125,-0.76904296875,0.1953125,-1.47705078125,-0.1708984375,-0.2197265625,0.09765625,-0.29296875,0.048828125,-1.28173828125,-0.29296875,1.6845703125,-0.01220703125,5.11474609375,-0.0244140625,1.2451171875,-0.048828125,2.3681640625,0.15869140625,-0.67138671875,0.03662109375,-1.3916015625,0.0244140625,-1.01318359375,-0.06103515625,0.40283203125,-0.32958984375,-0.1220703125,0.1220703125,-0.52490234375,-0.08544921875,-0.47607421875,0.10986328125,-0.5615234375,-0.2197265625,0.048828125,-0.08544921875,0.81787109375,-0.13427734375,-0.48828125,-0.244140625,-0.5126953125
0,-0.2685546875,-0.341796875,0.30517578125,-0.2197265625,-0.08544921875,-0.390625,-0.146484375,0.03662109375,0.23193359375,-0.3173828125,-0.1220703125,-1.11083984375,-0.15869140625,0.7568359375,-0.08544921875,-0.8544921875,0.244140625,0.64697265625,-0.01220703125,1.123046875,0.45166015625,1.611328125,0.42724609375,1.86767578125,0.048828125,-0.15869140625,-0.20751953125,-0.76904296875,0.0244140625,0.9765625,-0.1220703125,0.25634765625,-0.09765625,-0.35400390625,-0.35400390625,-0.89111328125,-0.1708984375,-0.4638671875,-0.03662109375,-0.732421875,-0.09765625,-0.20751953125,-0.28076171875,-0.62255859375,-0.2197265625,-0.4150390625,-0.341796875,0.57373046875,-0.1953125,1.18408203125,-0.1953125,0.48828125,-0.28076171875,-0.10986328125,-0.10986328125,0.79345703125,0.01220703125,0.634765625,0.341796875,0.42724609375,0.13427734375,0.5859375,0.146484375,0.35400390625,0.341796875,0.29296875,0.15869140625,1.06201171875,0.08544921875,0.1953125,-0.146484375,0.25634765625,0.03662109375,0.3173828125,0.146484375,0.79345703125,-0.146484375,0,0.01220703125,1.3916015625,0.048828125,-0.91552734375,-0.1220703125,-0.30517578125,-0.0244140625,-0.9765625,-0.1220703125,-0.78125,0.244140625,-1.4892578125,-0.18310546875,-0.20751953125,-0.03662109375,-0.28076171875,0.06103515625,-1.28173828125,-0.30517578125,2.0263671875,-0.15869140625,5.95703125,-0.03662109375,1.46484375,0,2.685546875,0.20751953125,-0.69580078125,-0.10986328125,-1.40380859375,0.03662109375,-1.03759765625,-0.03662109375,0.37841796875,-0.3173828125,-0.13427734375,0.1220703125,-0.50048828125,-0.08544921875,-0.45166015625,0.09765625,-0.52490234375,-0.1953125,0.06103515625,-0.0732421875,0.8056640625,-0.1220703125,-0.47607421875,-0.29296875,-0.537109375
0,-0.244140625,-0.37841796875,0.3662109375,-0.1708984375,-0.0732421875,-0.40283203125,-0.146484375,0.01220703125,0.2197265625,-0.2197265625,-0.08544921875,-1.08642578125,-0.146484375,0.81787109375,-0.09765625,-0.69580078125,0.28076171875,1.37939453125,0.0244140625,1.84326171875,0.40283203125,2.1240234375,0.5126953125,2.9296875,0,-0.13427734375,-0.25634765625,-0.79345703125,0.13427734375,0.9765625,-0.06103515625,0.23193359375,0.01220703125,-0.341796875,-0.2685546875,-0.89111328125,-0.10986328125,-0.47607421875,-0.03662109375,-0.72021484375,-0.03662109375,-0.20751953125,-0.18310546875,-0.59814453125,-0.23193359375,-0.42724609375,-0.23193359375,0.57373046875,-0.15869140625,1.20849609375,-0.2685546875,0.4638671875,-0.23193359375,-0.13427734375,-0.0732421875,0.79345703125,0.1220703125,0.634765625,0.3662109375,0.42724609375,0.146484375,0.5859375,0.06103515625,0.3662109375,0.40283203125,0.32958984375,0.146484375,1.07421875,0.06103515625,0.20751953125,-0.1220703125,0.244140625,0.10986328125,0.32958984375,0.10986328125,0.76904296875,-0.1708984375,0.01220703125,0,1.40380859375,0.03662109375,-0.927734375,-0.146484375,-0.3173828125,0.048828125,-1.0009765625,-0.10986328125,-0.79345703125,0.25634765625,-1.4892578125,-0.1953125,-0.2197265625,-0.1220703125,-0.28076171875,0.0244140625,-1.25732421875,-0.2685546875,2.2705078125,-0.30517578125,6.53076171875,-0.0732421875,1.64794921875,0.03662109375,2.9296875,0.244140625,-0.68359375,-0.28076171875,-1.416015625,0.03662109375,-1.0498046875,0,0.390625,-0.32958984375,-0.13427734375,0.1220703125,-0.50048828125,-0.0732421875,-0.42724609375,0.0732421875,-0.50048828125,-0.1953125,0.06103515625,-0.048828125,0.8056640625,-0.10986328125,-0.4638671875,-0.30517578125,-0.5126953125
0,-0.25634765625,-0.37841796875,0.37841796875,-0.15869140625,-0.048828125,-0.4150390625,-0.1708984375,0.03662109375,0.20751953125,-0.1708984375,-0.08544921875,-1.025390625,-0.1220703125,0.86669921875,-0.10986328125,-0.5126953125,0.28076171875,2.2216796875,0,2.62451171875,0.341796875,2.74658203125,0.45166015625,4.0771484375,-0.09765625,-0.13427734375,-0.2197265625,-0.79345703125,0.23193359375,0.9521484375,0.01220703125,0.244140625,0.0244140625,-0.341796875,-0.146484375,-0.89111328125,-0.048828125,-0.439453125,0.03662109375,-0.7080078125,0,-0.1953125,-0.08544921875,-0.6103515625,-0.2197265625,-0.42724609375,-0.146484375,0.5615234375,-0.1220703125,1.220703125,-0.2685546875,0.47607421875,-0.146484375,-0.15869140625,-0.06103515625,0.76904296875,0.20751953125,0.634765625,0.3662109375,0.439453125,0.13427734375,0.5859375,0.0244140625,0.3173828125,0.42724609375,0.3173828125,0.09765625,1.0498046875,0.0732421875,0.2197265625,-0.13427734375,0.25634765625,0.18310546875,0.32958984375,0.048828125,0.78125,-0.1708984375,0.03662109375,0.01220703125,1.3916015625,0.0244140625,-0.91552734375,-0.146484375,-0.30517578125,0.09765625,-1.01318359375,-0.048828125,-0.78125,0.244140625,-1.4892578125,-0.1953125,-0.1953125,-0.10986328125,-0.2685546875,-0.048828125,-1.220703125,-0.15869140625,2.392578125,-0.390625,6.8359375,-0.0732421875,1.69677734375,0.06103515625,3.06396484375,0.244140625,-0.67138671875,-0.390625,-1.40380859375,0.0244140625,-1.03759765625,0,0.40283203125,-0.35400390625,-0.13427734375,0.13427734375,-0.48828125,-0.08544921875,-0.4150390625,0.06103515625,-0.5126953125,-0.18310546875,0.06103515625,-0.048828125,0.78125,-0.08544921875,-0.4638671875,-0.30517578125,-0.54931640625
0,-0.30517578125,-0.3662109375,0.35400390625,-0.10986328125,-0.0244140625,-0.40283203125,-0.18310546875,0.03662109375,0.1708984375,-0.146484375,-0.1220703125,-1.025390625,-0.10986328125,0.87890625,-0.1953125,-0.3662109375,0.23193359375,3.11279296875,-0.0732421875,3.45458984375,0.244140625,3.3203125,0.50048828125,5.23681640625,-0.146484375,-0.1220703125,-0.146484375,-0.79345703125,0.3173828125,0.96435546875,0.09765625,0.23193359375,0.01220703125,-0.32958984375,0.0244140625,-0.91552734375,-0.03662109375,-0.439453125,0.08544921875,-0.72021484375,0.048828125,-0.1708984375,-0.01220703125,-0.59814453125,-0.1953125,-0.439453125,-0.0244140625,0.54931640625,-0.09765625,1.23291015625,-0.2197265625,0.4638671875,-0.0732421875,-0.1708984375,-0.06103515625,0.7568359375,0.1953125,0.634765625,0.42724609375,0.45166015625,0.146484375,0.54931640625,0.10986328125,0.29296875,0.42724609375,0.3173828125,0.08544921875,1.06201171875,0.0732421875,0.2197265625,-0.1220703125,0.23193359375,0.20751953125,0.3173828125,0,0.76904296875,-0.18310546875,0.048828125,0.01220703125,1.3916015625,0.01220703125,-0.93994140625,-0.09765625,-0.30517578125,0.146484375,-0.98876953125,-0.01220703125,-0.79345703125,0.18310546875,-1.4892578125,-0.20751953125,-0.20751953125,-0.06103515625,-0.244140625,-0.146484375,-1.20849609375,-0.08544921875,2.38037109375,-0.40283203125,6.82373046875,-0.09765625,1.67236328125,0.08544921875,3.0517578125,0.15869140625,-0.67138671875,-0.439453125,-1.42822265625,0.01220703125,-1.03759765625,0,0.4150390625,-0.3662109375,-0.15869140625,0.15869140625,-0.4638671875,-0.08544921875,-0.4150390625,0.048828125,-0.5126953125,-0.1953125,0.048828125,-0.048828125,0.78125,-0.10986328125,-0.4638671875,-0.28076171875,-0.537109375
0,-0.341796875,-0.37841796875,0.2685546875,-0.1220703125,-0.03662109375,-0.40283203125,-0.1708984375,0.048828125,0.1953125,-0.15869140625,-0.09765625,-1.025390625,-0.0732421875,0.89111328125,-0.23193359375,-0.28076171875,0.18310546875,3.9306640625,-0.13427734375,4.1748046875,0.23193359375,3.86962890625,0.537109375,6.3232421875,-0.23193359375,-0.13427734375,0,-0.79345703125,0.29296875,0.93994140625,0.1708984375,0.23193359375,-0.08544921875,-0.30517578125,0.13427734375,-0.89111328125,-0.0244140625,-0.42724609375,0.1953125,-0.72021484375,0.0732421875,-0.1708984375,0.0244140625,-0.59814453125,-0.1708984375,-0.439453125,0.03662109375,0.57373046875,-0.0732421875,1.220703125,-0.18310546875,0.47607421875,-0.01220703125,-0.1953125,0,0.7568359375,0.23193359375,0.64697265625,0.48828125,0.4638671875,0.18310546875,0.52490234375,0.1708984375,0.23193359375,0.4638671875,0.341796875,0,1.06201171875,0.048828125,0.2197265625,-0.13427734375,0.2197265625,0.1708984375,0.3173828125,0.01220703125,0.8056640625,-0.146484375,0.06103515625,0.03662109375,1.3916015625,-0.0244140625,-0.93994140625,-0.01220703125,-0.28076171875,0.1220703125,-0.98876953125,0.06103515625,-0.7568359375,0.1220703125,-1.47705078125,-0.20751953125,-0.20751953125,0.06103515625,-0.244140625,-0.2197265625,-1.220703125,-0.048828125,2.24609375,-0.40283203125,6.5185546875,-0.1220703125,1.5869140625,0.10986328125,2.9052734375,0.06103515625,-0.69580078125,-0.40283203125,-1.416015625,-0.01220703125,-1.025390625,0,0.42724609375,-0.390625,-0.15869140625,0.15869140625,-0.4638671875,-0.0732421875,-0.4150390625,0.06103515625,-0.537109375,-0.1953125,0.06103515625,-0.048828125,0.79345703125,-0.13427734375,-0.47607421875,-0.29296875,-0.52490234375
0,-0.390625,-0.37841796875,0.3173828125,-0.10986328125,-0.03662109375,-0.390625,-0.146484375,0.048828125,0.20751953125,-0.1708984375,-0.09765625,-1.0009765625,-0.048828125,0.87890625,-0.25634765625,-0.244140625,0.09765625,4.58984375,-0.1708984375,4.736328125,0.23193359375,4.28466796875,0.5126953125,7.2021484375,-0.29296875,-0.13427734375,0.1708984375,-0.8056640625,0.28076171875,0.91552734375,0.23193359375,0.2197265625,-0.1953125,-0.30517578125,0.1953125,-0.91552734375,-0.0244140625,-0.439453125,0.25634765625,-0.732421875,0.146484375,-0.15869140625,0,-0.6103515625,-0.09765625,-0.439453125,0.06103515625,0.5859375,-0.08544921875,1.20849609375,-0.146484375,0.4638671875,0.06103515625,-0.1708984375,0.03662109375,0.7568359375,0.20751953125,0.64697265625,0.45166015625,0.4638671875,0.25634765625,0.50048828125,0.23193359375,0.18310546875,0.439453125,0.35400390625,-0.09765625,1.07421875,0.01220703125,0.2197265625,-0.18310546875,0.244140625,0.13427734375,0.3173828125,-0.0244140625,0.81787109375,-0.09765625,0.0732421875,0.03662109375,1.3916015625,0,-0.927734375,0.03662109375,-0.29296875,0.0732421875,-0.98876953125,0.10986328125,-0.7568359375,0.06103515625,-1.4892578125,-0.1953125,-0.2197265625,0.20751953125,-0.25634765625,-0.23193359375,-1.1962890625,-0.048828125,2.06298828125,-0.3173828125,6.0302734375,-0.15869140625,1.50146484375,0.08544921875,2.69775390625,-0.10986328125,-0.732421875,-0.3173828125,-1.45263671875,-0.048828125,-1.025390625,-0.03662109375,0.4638671875,-0.40283203125,-0.15869140625,0.15869140625,-0.47607421875,-0.08544921875,-0.4150390625,0.048828125,-0.5615234375,-0.18310546875,0.048828125,-0.08544921875,0.81787109375,-0.1220703125,-0.48828125,-0.2197265625,-0.50048828125
0,-0.390625,-0.37841796875,0.30517578125,-0.1220703125,-0.03662109375,-0.40283203125,-0.13427734375,0.0244140625,0.1953125,-0.18310546875,-0.13427734375,-1.01318359375,-0.06103515625,0.86669921875,-0.32958984375,-0.25634765625,0.0244140625,5.078125,-0.20751953125,5.1513671875,0.2197265625,4.60205078125,0.2197265625,7.89794921875,-0.3173828125,-0.1220703125,0.30517578125,-0.8056640625,0.28076171875,0.9033203125,0.25634765625,0.20751953125,-0.29296875,-0.3173828125,0.23193359375,-0.9033203125,0,-0.45166015625,0.29296875,-0.732421875,0.2197265625,-0.15869140625,-0.03662109375,-0.62255859375,-0.03662109375,-0.45166015625,0.08544921875,0.5859375,-0.0732421875,1.1962890625,-0.10986328125,0.4638671875,0.09765625,-0.13427734375,0.10986328125,0.7568359375,0.146484375,0.67138671875,0.40283203125,0.48828125,0.30517578125,0.48828125,0.29296875,0.15869140625,0.35400390625,0.341796875,-0.10986328125,1.07421875,0.01220703125,0.2197265625,-0.2197265625,0.23193359375,0.1220703125,0.3173828125,-0.0732421875,0.81787109375,-0.0244140625,0.08544921875,0.0244140625,1.37939453125,-0.01220703125,-0.927734375,0.13427734375,-0.29296875,0.01220703125,-0.98876953125,0.1953125,-0.74462890625,-0.01220703125,-1.47705078125,-0.20751953125,-0.23193359375,0.29296875,-0.244140625,-0.20751953125,-1.1962890625,-0.0244140625,1.7822265625,-0.23193359375,5.45654296875,-0.1953125,1.35498046875,0.048828125,2.4169921875,-0.20751953125,-0.732421875,-0.15869140625,-1.46484375,-0.06103515625,-1.0009765625,-0.09765625,0.47607421875,-0.40283203125,-0.146484375,0.146484375,-0.48828125,-0.0732421875,-0.40283203125,0.048828125,-0.59814453125,-0.1708984375,0.048828125,-0.0732421875,0.81787109375,-0.15869140625,-0.47607421875,-0.18310546875,-0.48828125
0,-0.37841796875,-0.35400390625,0.32958984375,-0.1220703125,-0.03662109375,-0.37841796875,-0.13427734375,0.0244140625,0.244140625,-0.18310546875,-0.09765625,-1.0009765625,-0.048828125,0.8544921875,-0.3662109375,-0.3173828125,-0.0244140625,5.33447265625,-0.2197265625,5.38330078125,0.1953125,4.7607421875,0.048828125,8.31298828125,-0.3173828125,-0.13427734375,0.37841796875,-0.79345703125,0.23193359375,0.9033203125,0.30517578125,0.2197265625,-0.32958984375,-0.341796875,0.18310546875,-0.89111328125,0.01220703125,-0.4638671875,0.29296875,-0.732421875,0.25634765625,-0.15869140625,-0.048828125,-0.64697265625,0.03662109375,-0.439453125,0.048828125,0.5859375,0.03662109375,1.15966796875,-0.048828125,0.50048828125,0.1220703125,-0.10986328125,0.13427734375,0.78125,0.08544921875,0.68359375,0.3173828125,0.48828125,0.3173828125,0.50048828125,0.244140625,0.13427734375,0.25634765625,0.341796875,-0.1708984375,1.06201171875,-0.01220703125,0.1953125,-0.23193359375,0.23193359375,0.09765625,0.3173828125,-0.08544921875,0.84228515625,0.048828125,0.0732421875,-0.01220703125,1.3916015625,0.048828125,-0.9033203125,0.18310546875,-0.28076171875,-0.06103515625,-0.96435546875,0.23193359375,-0.732421875,-0.08544921875,-1.46484375,-0.2197265625,-0.2197265625,0.341796875,-0.25634765625,-0.146484375,-1.220703125,-0.0244140625,1.46484375,-0.15869140625,4.7607421875,-0.2197265625,1.1474609375,-0.01220703125,2.1240234375,-0.28076171875,-0.732421875,-0.0244140625,-1.45263671875,-0.1220703125,-0.98876953125,-0.13427734375,0.4638671875,-0.37841796875,-0.146484375,0.1220703125,-0.50048828125,-0.08544921875,-0.390625,0.0244140625,-0.62255859375,-0.1708984375,0.03662109375,-0.08544921875,0.81787109375,-0.1708984375,-0.47607421875,-0.15869140625,-0.50048828125
0,-0.3662109375,-0.35400390625,0.2685546875,-0.15869140625,-0.01220703125,-0.37841796875,-0.13427734375,0.048828125,0.20751953125,-0.1953125,-0.09765625,-1.0009765625,-0.0732421875,0.8544921875,-0.439453125,-0.390625,-0.06103515625,5.38330078125,-0.244140625,5.419921875,0.13427734375,4.8095703125,-0.13427734375,8.48388671875,-0.244140625,-0.146484375,0.40283203125,-0.79345703125,0.2197265625,0.91552734375,0.3173828125,0.244140625,-0.2685546875,-0.341796875,0.09765625,-0.87890625,0,-0.4638671875,0.2685546875,-0.74462890625,0.28076171875,-0.146484375,-0.048828125,-0.6591796875,0.0732421875,-0.42724609375,0.01220703125,0.5859375,0.13427734375,1.15966796875,0.03662109375,0.52490234375,0.10986328125,-0.06103515625,0.03662109375,0.78125,0.048828125,0.68359375,0.23193359375,0.4638671875,0.35400390625,0.5126953125,0.2197265625,0.1220703125,0.15869140625,0.341796875,-0.18310546875,1.06201171875,-0.03662109375,0.1953125,-0.28076171875,0.244140625,0.03662109375,0.29296875,-0.10986328125,0.830078125,0.10986328125,0.048828125,-0.06103515625,1.3671875,0.0732421875,-0.927734375,0.23193359375,-0.2685546875,-0.09765625,-0.93994140625,0.1953125,-0.72021484375,-0.146484375,-1.45263671875,-0.1953125,-0.2197265625,0.3173828125,-0.29296875,-0.0244140625,-1.23291015625,-0.03662109375,1.13525390625,-0.1220703125,4.08935546875,-0.23193359375,0.89111328125,-0.048828125,1.81884765625,-0.244140625,-0.74462890625,0.03662109375,-1.46484375,-0.146484375,-1.0009765625,-0.2197265625,0.45166015625,-0.390625,-0.146484375,0.09765625,-0.50048828125,-0.08544921875,-0.4150390625,0.0244140625,-0.6103515625,-0.1708984375,0.03662109375,-0.13427734375,0.830078125,-0.1708984375,-0.4638671875,-0.146484375,-0.47607421875
0,-0.390625,-0.3662109375,0.29296875,-0.1708984375,0,-0.37841796875,-0.13427734375,0.03662109375,0.2197265625,-0.1708984375,-0.06103515625,-0.9521484375,-0.048828125,0.86669921875,-0.5126953125,-0.45166015625,-0.09765625,5.2734375,-0.244140625,5.322265625,0.048828125,4.736328125,-0.18310546875,8.4228515625,-0.1220703125,-0.1220703125,0.42724609375,-0.7568359375,0.1708984375,0.91552734375,0.29296875,0.244140625,-0.1953125,-0.32958984375,-0.048828125,-0.8544921875,-0.048828125,-0.47607421875,0.244140625,-0.732421875,0.25634765625,-0.1708984375,-0.03662109375,-0.6591796875,0.06103515625,-0.40283203125,-0.03662109375,0.5859375,0.1953125,1.1474609375,0.06103515625,0.5126953125,0.08544921875,-0.06103515625,0.01220703125,0.79345703125,0.06103515625,0.68359375,0.18310546875,0.4638671875,0.28076171875,0.537109375,0.08544921875,0.10986328125,0.08544921875,0.341796875,-0.1953125,1.07421875,-0.0732421875,0.1953125,-0.28076171875,0.244140625,-0.01220703125,0.28076171875,-0.1220703125,0.8056640625,0.1708984375,0.0244140625,-0.0732421875,1.3671875,0.1220703125,-0.927734375,0.244140625,-0.25634765625,-0.09765625,-0.927734375,0.146484375,-0.732421875,-0.18310546875,-1.45263671875,-0.1708984375,-0.25634765625,0.23193359375,-0.25634765625,0.13427734375,-1.23291015625,-0.0732421875,0.830078125,-0.08544921875,3.45458984375,-0.20751953125,0.634765625,-0.06103515625,1.52587890625,-0.146484375,-0.732421875,0.06103515625,-1.47705078125,-0.13427734375,-1.0009765625,-0.23193359375,0.42724609375,-0.341796875,-0.13427734375,0.10986328125,-0.537109375,-0.08544921875,-0.42724609375,0.0244140625,-0.5859375,-0.15869140625,-0.01220703125,-0.13427734375,0.84228515625,-0.1708984375,-0.45166015625,-0.13427734375,-0.50048828125
0,-0.3662109375,-0.35400390625,0.244140625,-0.18310546875,-0.0244140625,-0.390625,-0.1220703125,0.03662109375,0.2197265625,-0.1220703125,-0.03662109375,-0.9033203125,-0.0244140625,0.89111328125,-0.537109375,-0.48828125,-0.06103515625,5.04150390625,-0.20751953125,5.126953125,0.0244140625,4.57763671875,-0.15869140625,8.21533203125,0.01220703125,-0.1220703125,0.40283203125,-0.7568359375,0.18310546875,0.927734375,0.20751953125,0.25634765625,-0.09765625,-0.37841796875,-0.13427734375,-0.81787109375,-0.06103515625,-0.47607421875,0.1953125,-0.74462890625,0.15869140625,-0.18310546875,-0.01220703125,-0.67138671875,0.0244140625,-0.40283203125,-0.13427734375,0.57373046875,0.20751953125,1.1474609375,0.10986328125,0.52490234375,-0.01220703125,-0.06103515625,0,0.8056640625,0.0244140625,0.6591796875,0.09765625,0.42724609375,0.341796875,0.5615234375,0.03662109375,0.1220703125,0,0.3173828125,-0.2197265625,1.0498046875,-0.09765625,0.18310546875,-0.28076171875,0.244140625,-0.06103515625,0.28076171875,-0.146484375,0.8056640625,0.18310546875,0.01220703125,-0.048828125,1.37939453125,0.13427734375,-0.927734375,0.23193359375,-0.28076171875,-0.1220703125,-0.9521484375,0.03662109375,-0.732421875,-0.18310546875,-1.45263671875,-0.1220703125,-0.244140625,0.146484375,-0.28076171875,0.28076171875,-1.25732421875,-0.10986328125,0.5126953125,-0.09765625,2.8564453125,-0.1953125,0.3173828125,-0.08544921875,1.23291015625,0.0244140625,-0.72021484375,0.0244140625,-1.45263671875,-0.1220703125,-1.0009765625,-0.244140625,0.439453125,-0.35400390625,-0.1220703125,0.10986328125,-0.52490234375,-0.0732421875,-0.439453125,0.0244140625,-0.5615234375,-0.1708984375,0.01220703125,-0.13427734375,0.84228515625,-0.146484375,-0.45166015625,-0.1220703125,-0.47607421875
0,-0.32958984375,-0.37841796875,0.2685546875,-0.18310546875,-0.0244140625,-0.40283203125,-0.1220703125,0.048828125,0.15869140625,-0.048828125,-0.03662109375,-0.84228515625,-0.06103515625,0.9521484375,-0.5615234375,-0.47607421875,-0.0244140625,4.74853515625,-0.1953125,4.8828125,-0.06103515625,4.35791015625,-0.15869140625,7.8125,0.09765625,-0.13427734375,0.35400390625,-0.74462890625,0.1708984375,0.93994140625,0.0732421875,0.23193359375,-0.0732421875,-0.3662109375,-0.28076171875,-0.830078125,-0.13427734375,-0.47607421875,0.13427734375,-0.72021484375,0,-0.18310546875,0.03662109375,-0.67138671875,-0.0244140625,-0.3662109375,-0.1953125,0.57373046875,0.15869140625,1.18408203125,0.10986328125,0.52490234375,-0.0732421875,-0.08544921875,0.01220703125,0.8056640625,0.01220703125,0.64697265625,-0.01220703125,0.42724609375,0.3173828125,0.57373046875,0.06103515625,0.13427734375,-0.10986328125,0.3173828125,-0.18310546875,1.03759765625,-0.1220703125,0.1953125,-0.2685546875,0.23193359375,-0.08544921875,0.2685546875,-0.15869140625,0.79345703125,0.18310546875,-0.01220703125,-0.048828125,1.37939453125,0.146484375,-0.9033203125,0.1953125,-0.2685546875,-0.0732421875,-0.9521484375,-0.13427734375,-0.7568359375,-0.18310546875,-1.47705078125,-0.048828125,-0.2685546875,0.01220703125,-0.2685546875,0.390625,-1.25732421875,-0.13427734375,0.1953125,-0.1220703125,2.28271484375,-0.1708984375,0.03662109375,-0.048828125,0.9765625,0.2197265625,-0.68359375,0,-1.4404296875,-0.09765625,-1.0009765625,-0.25634765625,0.4150390625,-0.341796875,-0.13427734375,0.09765625,-0.54931640625,-0.08544921875,-0.4638671875,0.01220703125,-0.54931640625,-0.15869140625,0.03662109375,-0.1220703125,0.84228515625,-0.09765625,-0.4638671875,-0.13427734375,-0.50048828125
1,-0.35400390625,-0.37841796875,0.2685546875,-0.1953125,-0.06103515625,-0.4150390625,-0.13427734375,0.03662109375,0.146484375,0.03662109375,-0.03662109375,-0.78125,-0.0244140625,0.98876953125,-0.54931640625,-0.390625,0.048828125,4.43115234375,-0.1953125,4.6142578125,-0.10986328125,4.11376953125,-0.03662109375,7.33642578125,0.146484375,-0.13427734375,0.341796875,-0.732421875,0.15869140625,0.927734375,-0.09765625,0.244140625,-0.1220703125,-0.3662109375,-0.390625,-0.8056640625,-0.1953125,-0.4638671875,0.09765625,-0.72021484375,-0.15869140625,-0.1953125,0.08544921875,-0.6591796875,-0.146484375,-0.37841796875,-0.2197265625,0.5859375,0.13427734375,1.18408203125,0.1220703125,0.5126953125,-0.10986328125,-0.10986328125,0.03662109375,0.79345703125,0.08544921875,0.62255859375,-0.048828125,0.439453125,0.23193359375,0.5615234375,0.06103515625,0.1708984375,-0.20751953125,0.28076171875,-0.13427734375,1.0498046875,-0.1220703125,0.20751953125,-0.23193359375,0.23193359375,-0.1708984375,0.28076171875,-0.146484375,0.79345703125,0.18310546875,-0.0244140625,0,1.3671875,0.1220703125,-0.93994140625,0.13427734375,-0.28076171875,-0.0732421875,-0.9765625,-0.244140625,-0.76904296875,-0.15869140625,-1.47705078125,0.01220703125,-0.28076171875,-0.03662109375,-0.28076171875,0.439453125,-1.26953125,-0.20751953125,-0.08544921875,-0.1708984375,1.69677734375,-0.1708984375,-0.23193359375,-0.048828125,0.72021484375,0.37841796875,-0.67138671875,-0.03662109375,-1.4404296875,-0.06103515625,-1.025390625,-0.2685546875,0.37841796875,-0.30517578125,-0.146484375,0.1220703125,-0.537109375,-0.06103515625,-0.47607421875,-0.01220703125,-0.52490234375,-0.15869140625,0.03662109375,-0.1220703125,0.830078125,-0.0732421875,-0.4638671875,-0.1220703125,-0.5126953125
1,-0.40283203125,-0.3662109375,0.28076171875,-0.18310546875,-0.06103515625,-0.4150390625,-0.146484375,0.0244140625,0.10986328125,0.1220703125,-0.03662109375,-0.732421875,0.01220703125,1.06201171875,-0.52490234375,-0.32958984375,0.1220703125,4.1259765625,-0.15869140625,4.345703125,-0.13427734375,3.8818359375,0.08544921875,6.84814453125,0.09765625,-0.1220703125,0.29296875,-0.732421875,0.146484375,0.93994140625,-0.244140625,0.244140625,-0.2197265625,-0.35400390625,-0.37841796875,-0.79345703125,-0.25634765625,-0.45166015625,0.06103515625,-0.7080078125,-0.29296875,-0.2197265625,0.09765625,-0.64697265625,-0.2197265625,-0.40283203125,-0.18310546875,0.5859375,0.10986328125,1.20849609375,0.08544921875,0.5126953125,-0.13427734375,-0.1220703125,0.048828125,0.76904296875,0.146484375,0.6103515625,-0.0244140625,0.45166015625,0.15869140625,0.5615234375,0.0732421875,0.1708984375,-0.244140625,0.25634765625,-0.08544921875,1.025390625,-0.146484375,0.20751953125,-0.18310546875,0.244140625,-0.2197265625,0.2685546875,-0.1220703125,0.81787109375,0.146484375,-0.0244140625,0.03662109375,1.3916015625,0.08544921875,-0.927734375,0.09765625,-0.28076171875,-0.1220703125,-0.9765625,-0.390625,-0.79345703125,-0.09765625,-1.47705078125,0.06103515625,-0.28076171875,-0.0244140625,-0.29296875,0.390625,-1.26953125,-0.25634765625,-0.35400390625,-0.20751953125,1.0986328125,-0.18310546875,-0.439453125,0.0244140625,0.47607421875,0.47607421875,-0.69580078125,-0.03662109375,-1.42822265625,-0.048828125,-1.0498046875,-0.29296875,0.37841796875,-0.28076171875,-0.15869140625,0.09765625,-0.52490234375,-0.09765625,-0.50048828125,-0.0244140625,-0.50048828125,-0.15869140625,0.06103515625,-0.13427734375,0.8056640625,-0.08544921875,-0.47607421875,-0.0732421875,-0.5126953125
1,-0.37841796875,-0.390625,0.28076171875,-0.15869140625,-0.06103515625,-0.4150390625,-0.13427734375,0.01220703125,0.13427734375,0.23193359375,-0.01220703125,-0.69580078125,0.048828125,1.13525390625,-0.45166015625,-0.1953125,0.18310546875,3.8818359375,-0.10986328125,4.1015625,-0.08544921875,3.662109375,0.2197265625,6.34765625,0,-0.10986328125,0.2685546875,-0.732421875,0.0732421875,0.93994140625,-0.341796875,0.23193359375,-0.35400390625,-0.341796875,-0.35400390625,-0.78125,-0.3173828125,-0.439453125,0.06103515625,-0.72021484375,-0.341796875,-0.1953125,0.03662109375,-0.6591796875,-0.30517578125,-0.37841796875,-0.1708984375,0.59814453125,0.08544921875,1.1962890625,0.06103515625,0.48828125,-0.1220703125,-0.1708984375,0.0732421875,0.76904296875,0.18310546875,0.62255859375,0.048828125,0.47607421875,-0.048828125,0.54931640625,0.06103515625,0.1953125,-0.29296875,0.244140625,-0.03662109375,1.03759765625,-0.1708984375,0.244140625,-0.1708984375,0.23193359375,-0.28076171875,0.28076171875,-0.09765625,0.8544921875,0.146484375,-0.01220703125,0.09765625,1.37939453125,0.048828125,-0.93994140625,0.03662109375,-0.25634765625,-0.15869140625,-0.98876953125,-0.42724609375,-0.8056640625,-0.06103515625,-1.4892578125,0.09765625,-0.28076171875,-0.01220703125,-0.28076171875,0.32958984375,-1.25732421875,-0.2685546875,-0.59814453125,-0.2685546875,0.50048828125,-0.146484375,-0.69580078125,0.10986328125,0.23193359375,0.48828125,-0.6591796875,-0.03662109375,-1.416015625,-0.01220703125,-1.01318359375,-0.25634765625,0.40283203125,-0.2685546875,-0.146484375,0.08544921875,-0.5126953125,-0.08544921875,-0.50048828125,-0.08544921875,-0.52490234375,-0.146484375,0.0732421875,-0.146484375,0.8056640625,-0.08544921875,-0.47607421875,-0.03662109375,-0.537109375
1,-0.40283203125,-0.390625,0.29296875,-0.146484375,-0.06103515625,-0.4150390625,-0.1220703125,0.03662109375,0.1220703125,0.28076171875,0,-0.64697265625,0.09765625,1.1474609375,-0.390625,-0.10986328125,0.2197265625,3.6865234375,-0.10986328125,3.86962890625,0.06103515625,3.4912109375,0.23193359375,5.92041015625,-0.1220703125,-0.1220703125,0.28076171875,-0.72021484375,-0.01220703125,0.927734375,-0.341796875,0.244140625,-0.4638671875,-0.3173828125,-0.29296875,-0.78125,-0.32958984375,-0.42724609375,0.06103515625,-0.7080078125,-0.29296875,-0.18310546875,0.01220703125,-0.64697265625,-0.3662109375,-0.40283203125,-0.146484375,0.5859375,0.01220703125,1.1962890625,0.0732421875,0.50048828125,-0.1220703125,-0.18310546875,0,0.74462890625,0.20751953125,0.62255859375,0.18310546875,0.47607421875,-0.1953125,0.537109375,0,0.18310546875,-0.341796875,0.2197265625,0,1.03759765625,-0.146484375,0.25634765625,-0.10986328125,0.2197265625,-0.341796875,0.29296875,-0.09765625,0.8544921875,0.1220703125,-0.01220703125,0.146484375,1.3671875,0.01220703125,-0.9521484375,-0.0244140625,-0.25634765625,-0.20751953125,-1.01318359375,-0.37841796875,-0.8056640625,-0.048828125,-1.4892578125,0.1220703125,-0.29296875,0.0732421875,-0.29296875,0.18310546875,-1.25732421875,-0.23193359375,-0.87890625,-0.29296875,-0.09765625,-0.09765625,-0.91552734375,0.23193359375,0,0.37841796875,-0.68359375,-0.01220703125,-1.4404296875,0,-1.025390625,-0.2197265625,0.4150390625,-0.25634765625,-0.1708984375,0.10986328125,-0.50048828125,-0.09765625,-0.48828125,-0.13427734375,-0.537109375,-0.1220703125,0.0732421875,-0.1220703125,0.78125,-0.08544921875,-0.48828125,-0.0244140625,-0.537109375
1,-0.390625,-0.40283203125,0.2685546875,-0.09765625,-0.09765625,-0.4150390625,-0.10986328125,0.0244140625,0.10986328125,0.30517578125,-0.01220703125,-0.634765625,0.06103515625,1.15966796875,-0.2685546875,0.01220703125,0.244140625,3.52783203125,-0.048828125,3.67431640625,0.244140625,3.3203125,0.35400390625,5.517578125,-0.23193359375,-0.13427734375,0.25634765625,-0.74462890625,-0.10986328125,0.927734375,-0.30517578125,0.2197265625,-0.537109375,-0.29296875,-0.1953125,-0.78125,-0.3173828125,-0.439453125,0.09765625,-0.72021484375,-0.13427734375,-0.18310546875,-0.0244140625,-0.634765625,-0.3662109375,-0.40283203125,-0.09765625,0.6103515625,-0.1220703125,1.20849609375,0.048828125,0.48828125,-0.08544921875,-0.18310546875,-0.06103515625,0.74462890625,0.2685546875,0.62255859375,0.244140625,0.48828125,-0.32958984375,0.537109375,-0.0244140625,0.18310546875,-0.390625,0.1953125,0.06103515625,1.0498046875,-0.146484375,0.2685546875,-0.06103515625,0.2197265625,-0.3662109375,0.29296875,-0.0732421875,0.87890625,0.09765625,0.01220703125,0.1953125,1.3427734375,-0.03662109375,-0.9521484375,-0.0732421875,-0.2685546875,-0.2197265625,-1.01318359375,-0.32958984375,-0.8056640625,-0.03662109375,-1.4892578125,0.0732421875,-0.28076171875,0.09765625,-0.28076171875,-0.01220703125,-1.23291015625,-0.1953125,-1.123046875,-0.2685546875,-0.72021484375,-0.048828125,-0.98876953125,0.32958984375,-0.23193359375,0.18310546875,-0.7080078125,0.01220703125,-1.4404296875,0.0244140625,-1.03759765625,-0.1953125,0.4150390625,-0.29296875,-0.18310546875,0.08544921875,-0.50048828125,-0.08544921875,-0.50048828125,-0.1708984375,-0.54931640625,-0.09765625,0.08544921875,-0.13427734375,0.78125,-0.10986328125,-0.48828125,-0.0244140625,-0.537109375
1,-0.40283203125,-0.390625,0.2197265625,-0.048828125,-0.13427734375,-0.4150390625,-0.08544921875,0.048828125,0.09765625,0.29296875,0.01220703125,-0.64697265625,0.06103515625,1.1474609375,-0.1708984375,0.06103515625,0.2197265625,3.38134765625,-0.048828125,3.47900390625,0.4150390625,3.1982421875,0.28076171875,5.18798828125,-0.341796875,-0.1220703125,0.244140625,-0.7568359375,-0.2197265625,0.93994140625,-0.18310546875,0.23193359375,-0.5126953125,-0.29296875,-0.1220703125,-0.7568359375,-0.2685546875,-0.439453125,0.09765625,-0.72021484375,0.0244140625,-0.20751953125,-0.09765625,-0.6591796875,-0.35400390625,-0.4150390625,-0.03662109375,0.59814453125,-0.20751953125,1.171875,0.0732421875,0.5126953125,-0.06103515625,-0.1708984375,-0.13427734375,0.76904296875,0.29296875,0.6591796875,0.29296875,0.48828125,-0.439453125,0.52490234375,-0.09765625,0.18310546875,-0.40283203125,0.18310546875,0.10986328125,1.025390625,-0.13427734375,0.28076171875,-0.06103515625,0.20751953125,-0.40283203125,0.30517578125,-0.06103515625,0.89111328125,0.09765625,0,0.23193359375,1.35498046875,-0.08544921875,-0.9521484375,-0.1220703125,-0.25634765625,-0.20751953125,-1.0009765625,-0.20751953125,-0.78125,-0.0244140625,-1.46484375,0.0244140625,-0.29296875,0.08544921875,-0.28076171875,-0.15869140625,-1.23291015625,-0.1953125,-1.30615234375,-0.18310546875,-1.28173828125,-0.0244140625,-1.07421875,0.3173828125,-0.439453125,-0.03662109375,-0.72021484375,0.0732421875,-1.4404296875,0.048828125,-1.03759765625,-0.146484375,0.439453125,-0.25634765625,-0.20751953125,0.1220703125,-0.47607421875,-0.0732421875,-0.50048828125,-0.18310546875,-0.59814453125,-0.06103515625,0.0732421875,-0.15869140625,0.7568359375,-0.1220703125,-0.48828125,-0.01220703125,-0.537109375
1,-0.4150390625,-0.390625,0.18310546875,-0.01220703125,-0.18310546875,-0.390625,-0.0732421875,0.06103515625,0.10986328125,0.244140625,0.01220703125,-0.6591796875,0.03662109375,1.123046875,-0.048828125,0.048828125,0.1953125,3.2470703125,-0.03662109375,3.30810546875,0.537109375,3.11279296875,0.18310546875,4.9560546875,-0.40283203125,-0.10986328125,0.23193359375,-0.78125,-0.2685546875,0.93994140625,-0.0244140625,0.2197265625,-0.4150390625,-0.30517578125,-0.03662109375,-0.7568359375,-0.20751953125,-0.439453125,0.1220703125,-0.732421875,0.20751953125,-0.1953125,-0.10986328125,-0.634765625,-0.28076171875,-0.40283203125,0,0.6103515625,-0.20751953125,1.15966796875,0.08544921875,0.52490234375,-0.06103515625,-0.1708984375,-0.15869140625,0.78125,0.3173828125,0.6591796875,0.3173828125,0.47607421875,-0.42724609375,0.5126953125,-0.18310546875,0.18310546875,-0.3662109375,0.1708984375,0.15869140625,1.0498046875,-0.10986328125,0.28076171875,-0.0732421875,0.20751953125,-0.390625,0.30517578125,-0.01220703125,0.89111328125,0.0732421875,0.0244140625,0.244140625,1.35498046875,-0.10986328125,-0.927734375,-0.15869140625,-0.25634765625,-0.1953125,-0.98876953125,-0.09765625,-0.76904296875,-0.0244140625,-1.45263671875,-0.048828125,-0.25634765625,0.01220703125,-0.29296875,-0.2685546875,-1.25732421875,-0.1708984375,-1.4404296875,-0.13427734375,-1.6845703125,-0.01220703125,-1.0986328125,0.29296875,-0.62255859375,-0.1953125,-0.732421875,0.0732421875,-1.4404296875,0.048828125,-1.01318359375,-0.13427734375,0.45166015625,-0.25634765625,-0.1953125,0.1220703125,-0.48828125,-0.0732421875,-0.48828125,-0.1953125,-0.62255859375,-0.0732421875,0.048828125,-0.146484375,0.74462890625,-0.13427734375,-0.48828125,-0.01220703125,-0.54931640625
1,-0.42724609375,-0.37841796875,0.10986328125,0.01220703125,-0.20751953125,-0.40283203125,-0.0732421875,0.048828125,0.1220703125,0.1953125,0.06103515625,-0.67138671875,0.03662109375,1.11083984375,0.0732421875,0,0.15869140625,3.11279296875,-0.0244140625,3.1494140625,0.62255859375,3.02734375,0.0732421875,4.77294921875,-0.45166015625,-0.13427734375,0.1953125,-0.78125,-0.2685546875,0.927734375,0.146484375,0.23193359375,-0.28076171875,-0.32958984375,0.0244140625,-0.7568359375,-0.10986328125,-0.4638671875,0.13427734375,-0.732421875,0.341796875,-0.20751953125,-0.10986328125,-0.634765625,-0.1953125,-0.4150390625,0.01220703125,0.5859375,-0.1953125,1.123046875,0.08544921875,0.54931640625,-0.1220703125,-0.146484375,-0.1220703125,0.79345703125,0.32958984375,0.67138671875,0.3173828125,0.4638671875,-0.45166015625,0.54931640625,-0.20751953125,0.15869140625,-0.32958984375,0.1708984375,0.1708984375,1.025390625,-0.0732421875,0.29296875,-0.10986328125,0.20751953125,-0.37841796875,0.29296875,0,0.93994140625,0.0732421875,0.03662109375,0.23193359375,1.35498046875,-0.15869140625,-0.927734375,-0.1708984375,-0.244140625,-0.10986328125,-0.9765625,-0.0244140625,-0.7568359375,-0.01220703125,-1.4404296875,-0.10986328125,-0.244140625,-0.08544921875,-0.29296875,-0.29296875,-1.25732421875,-0.10986328125,-1.57470703125,-0.01220703125,-1.953125,0.0244140625,-1.08642578125,0.25634765625,-0.7080078125,-0.32958984375,-0.732421875,0.03662109375,-1.46484375,0.048828125,-1.0009765625,-0.146484375,0.4638671875,-0.2685546875,-0.18310546875,0.13427734375,-0.5126953125,-0.08544921875,-0.47607421875,-0.15869140625,-0.6103515625,-0.048828125,0.01220703125,-0.1708984375,0.74462890625,-0.15869140625,-0.47607421875,0,-0.54931640625
1,-0.37841796875,-0.37841796875,0.13427734375,0.0244140625,-0.23193359375,-0.390625,-0.048828125,0.06103515625,0.09765625,0.13427734375,0.03662109375,-0.7080078125,0.0244140625,1.06201171875,0.10986328125,-0.0732421875,0.1220703125,2.978515625,-0.0244140625,3.0029296875,0.59814453125,2.99072265625,0.0244140625,4.65087890625,-0.40283203125,-0.13427734375,0.15869140625,-0.79345703125,-0.1953125,0.93994140625,0.2685546875,0.2197265625,-0.09765625,-0.341796875,0.0244140625,-0.78125,-0.048828125,-0.47607421875,0.13427734375,-0.7568359375,0.439453125,-0.23193359375,-0.0244140625,-0.64697265625,-0.09765625,-0.42724609375,0.01220703125,0.5615234375,-0.0732421875,1.123046875,0.10986328125,0.54931640625,-0.1220703125,-0.10986328125,-0.09765625,0.78125,0.3662109375,0.6591796875,0.30517578125,0.4638671875,-0.5126953125,0.54931640625,-0.23193359375,0.146484375,-0.30517578125,0.15869140625,0.20751953125,1.03759765625,-0.0244140625,0.28076171875,-0.09765625,0.20751953125,-0.32958984375,0.28076171875,0,0.9033203125,0.0732421875,0.03662109375,0.2197265625,1.33056640625,-0.146484375,-0.927734375,-0.15869140625,-0.244140625,0,-0.96435546875,0.01220703125,-0.74462890625,-0.0244140625,-1.45263671875,-0.146484375,-0.23193359375,-0.2197265625,-0.30517578125,-0.1708984375,-1.25732421875,-0.08544921875,-1.5869140625,0.06103515625,-2.0263671875,0,-1.08642578125,0.20751953125,-0.732421875,-0.390625,-0.7080078125,-0.03662109375,-1.45263671875,0.0244140625,-1.0009765625,-0.23193359375,0.4638671875,-0.2685546875,-0.15869140625,0.09765625,-0.48828125,-0.0732421875,-0.45166015625,-0.18310546875,-0.59814453125,-0.06103515625,0.01220703125,-0.1708984375,0.76904296875,-0.1220703125,-0.48828125,0,-0.52490234375
1,-0.390625,-0.341796875,0.08544921875,0,-0.2197265625,-0.390625,-0.048828125,0.03662109375,0.09765625,0.06103515625,0.06103515625,-0.7080078125,0.0244140625,1.06201171875,0.1220703125,-0.20751953125,0.10986328125,2.8076171875,-0.048828125,2.880859375,0.50048828125,2.9052734375,-0.0244140625,4.45556640625,-0.3173828125,-0.1708984375,0.146484375,-0.78125,-0.03662109375,0.9521484375,0.32958984375,0.20751953125,0.06103515625,-0.35400390625,0,-0.76904296875,0.03662109375,-0.47607421875,0.1220703125,-0.732421875,0.4638671875,-0.2685546875,0.03662109375,-0.64697265625,-0.0244140625,-0.40283203125,0.048828125,0.5615234375,0.09765625,1.13525390625,0.10986328125,0.537109375,-0.15869140625,-0.0732421875,-0.10986328125,0.79345703125,0.35400390625,0.6591796875,0.2197265625,0.4638671875,-0.439453125,0.59814453125,-0.244140625,0.15869140625,-0.2197265625,0.15869140625,0.244140625,1.03759765625,0,0.28076171875,-0.13427734375,0.23193359375,-0.28076171875,0.2685546875,0.048828125,0.87890625,0.06103515625,0.03662109375,0.15869140625,1.35498046875,-0.13427734375,-0.927734375,-0.10986328125,-0.2197265625,0.0732421875,-0.96435546875,-0.048828125,-0.74462890625,-0.048828125,-1.42822265625,-0.20751953125,-0.2197265625,-0.3662109375,-0.29296875,0,-1.26953125,-0.048828125,-1.55029296875,0.08544921875,-1.9287109375,-0.0244140625,-1.07421875,0.15869140625,-0.68359375,-0.32958984375,-0.7080078125,-0.1708984375,-1.42822265625,0,-0.98876953125,-0.32958984375,0.4638671875,-0.244140625,-0.146484375,0.09765625,-0.5126953125,-0.08544921875,-0.45166015625,-0.20751953125,-0.57373046875,-0.03662109375,0,-0.15869140625,0.8056640625,-0.1220703125,-0.50048828125,-0.01220703125,-0.5126953125
1,-0.37841796875,-0.341796875,0.0732421875,-0.048828125,-0.20751953125,-0.40283203125,-0.0244140625,0.0244140625,0.0732421875,0.048828125,0.06103515625,-0.74462890625,0.03662109375,1.0498046875,0.10986328125,-0.3173828125,0.09765625,2.587890625,-0.10986328125,2.734375,0.42724609375,2.81982421875,-0.0732421875,4.21142578125,-0.1708984375,-0.18310546875,0.15869140625,-0.79345703125,0.09765625,0.93994140625,0.30517578125,0.2197265625,0.20751953125,-0.3662109375,-0.03662109375,-0.78125,0.10986328125,-0.50048828125,0.15869140625,-0.72021484375,0.45166015625,-0.23193359375,0.0732421875,-0.634765625,-0.01220703125,-0.42724609375,0.03662109375,0.5615234375,0.20751953125,1.15966796875,0.09765625,0.537109375,-0.20751953125,-0.06103515625,-0.09765625,0.79345703125,0.28076171875,0.64697265625,0.18310546875,0.45166015625,-0.35400390625,0.62255859375,-0.2685546875,0.146484375,-0.08544921875,0.1708984375,0.20751953125,1.025390625,0.01220703125,0.28076171875,-0.146484375,0.2197265625,-0.25634765625,0.2685546875,0.0732421875,0.9033203125,0.0732421875,0.03662109375,0.1220703125,1.35498046875,-0.1220703125,-0.9033203125,-0.048828125,-0.244140625,0.15869140625,-0.96435546875,-0.09765625,-0.74462890625,-0.08544921875,-1.45263671875,-0.2197265625,-0.2197265625,-0.439453125,-0.28076171875,0.20751953125,-1.26953125,0.03662109375,-1.4404296875,0.1220703125,-1.66015625,-0.0732421875,-1.03759765625,0.146484375,-0.5615234375,-0.1953125,-0.67138671875,-0.29296875,-1.416015625,-0.03662109375,-1.0009765625,-0.37841796875,0.4150390625,-0.244140625,-0.146484375,0.0732421875,-0.50048828125,-0.08544921875,-0.439453125,-0.2197265625,-0.54931640625,-0.03662109375,-0.01220703125,-0.146484375,0.830078125,-0.08544921875,-0.47607421875,-0.03662109375,-0.5126953125
1,-0.40283203125,-0.3173828125,0.0732421875,-0.10986328125,-0.18310546875,-0.40283203125,0,0.0244140625,0.06103515625,0.0732421875,0.09765625,-0.732421875,0.03662109375,1.07421875,0.048828125,-0.3662109375,0.0732421875,2.34375,-0.15869140625,2.52685546875,0.2685546875,2.69775390625,-0.1220703125,3.84521484375,-0.0244140625,-0.18310546875,0.1953125,-0.78125,0.20751953125,0.93994140625,0.244140625,0.2197265625,0.30517578125,-0.37841796875,-0.10986328125,-0.81787109375,0.10986328125,-0.47607421875,0.146484375,-0.732421875,0.40283203125,-0.23193359375,0.15869140625,-0.64697265625,0,-0.4150390625,0.01220703125,0.5859375,0.30517578125,1.171875,0.0732421875,0.50048828125,-0.23193359375,-0.0732421875,-0.1220703125,0.78125,0.244140625,0.634765625,0.09765625,0.439453125,-0.1708984375,0.62255859375,-0.2197265625,0.13427734375,0.06103515625,0.1953125,0.2197265625,1.03759765625,0.01220703125,0.28076171875,-0.10986328125,0.23193359375,-0.23193359375,0.2685546875,0.10986328125,0.830078125,0.06103515625,0.0244140625,0.08544921875,1.3671875,-0.0732421875,-0.927734375,0.0244140625,-0.2685546875,0.18310546875,-0.9765625,-0.13427734375,-0.732421875,-0.146484375,-1.46484375,-0.1953125,-0.23193359375,-0.42724609375,-0.2685546875,0.35400390625,-1.25732421875,0.1220703125,-1.3427734375,0.10986328125,-1.3427734375,-0.08544921875,-1.0009765625,0.09765625,-0.4150390625,0,-0.64697265625,-0.32958984375,-1.416015625,-0.048828125,-1.0009765625,-0.4150390625,0.40283203125,-0.23193359375,-0.13427734375,0.0732421875,-0.50048828125,-0.0732421875,-0.439453125,-0.244140625,-0.5126953125,-0.06103515625,0,-0.146484375,0.84228515625,-0.048828125,-0.48828125,-0.06103515625,-0.50048828125
1,-0.390625,-0.32958984375,0.03662109375,-0.18310546875,-0.146484375,-0.40283203125,0,0,0,0.08544921875,0.048828125,-0.74462890625,-0.01220703125,1.08642578125,-0.06103515625,-0.37841796875,0.03662109375,2.0751953125,-0.2197265625,2.28271484375,0.0732421875,2.50244140625,-0.048828125,3.3447265625,0.06103515625,-0.1953125,0.2197265625,-0.76904296875,0.28076171875,0.91552734375,0.15869140625,0.20751953125,0.244140625,-0.35400390625,-0.13427734375,-0.8544921875,0.08544921875,-0.45166015625,0.1220703125,-0.72021484375,0.30517578125,-0.23193359375,0.15869140625,-0.634765625,-0.03662109375,-0.40283203125,0.01220703125,0.6103515625,0.32958984375,1.1962890625,0.03662109375,0.50048828125,-0.2197265625,-0.09765625,-0.15869140625,0.79345703125,0.2197265625,0.62255859375,0.01220703125,0.45166015625,0.01220703125,0.64697265625,-0.13427734375,0.146484375,0.146484375,0.23193359375,0.18310546875,1.03759765625,0,0.2685546875,-0.09765625,0.2197265625,-0.15869140625,0.28076171875,0.146484375,0.84228515625,0.0732421875,0.048828125,0.03662109375,1.37939453125,-0.01220703125,-0.927734375,0.08544921875,-0.2685546875,0.13427734375,-0.98876953125,-0.15869140625,-0.7568359375,-0.18310546875,-1.4892578125,-0.1708984375,-0.244140625,-0.29296875,-0.2685546875,0.42724609375,-1.23291015625,0.20751953125,-1.171875,0.0732421875,-0.98876953125,-0.10986328125,-0.9521484375,0.06103515625,-0.28076171875,0.18310546875,-0.64697265625,-0.341796875,-1.416015625,-0.06103515625,-1.01318359375,-0.4638671875,0.3662109375,-0.25634765625,-0.13427734375,0.08544921875,-0.48828125,-0.0732421875,-0.40283203125,-0.18310546875,-0.48828125,-0.0732421875,0.01220703125,-0.146484375,0.84228515625,-0.03662109375,-0.48828125,-0.06103515625,-0.48828125
1,-0.42724609375,-0.341796875,0.03662109375,-0.244140625,-0.1220703125,-0.4150390625,0.01220703125,0,0,0.10986328125,0.08544921875,-0.7568359375,0.01220703125,1.11083984375,-0.18310546875,-0.32958984375,0.048828125,1.708984375,-0.25634765625,1.98974609375,-0.08544921875,2.2216796875,-0.1220703125,2.69775390625,0.0732421875,-0.15869140625,0.2685546875,-0.7568359375,0.30517578125,0.91552734375,0.0732421875,0.2197265625,0.13427734375,-0.32958984375,-0.1708984375,-0.86669921875,0,-0.4150390625,0.10986328125,-0.7080078125,0.244140625,-0.18310546875,0.18310546875,-0.634765625,-0.08544921875,-0.4150390625,0.01220703125,0.5859375,0.29296875,1.1962890625,0.01220703125,0.48828125,-0.20751953125,-0.10986328125,-0.15869140625,0.78125,0.1953125,0.62255859375,-0.03662109375,0.45166015625,0.15869140625,0.62255859375,-0.08544921875,0.15869140625,0.15869140625,0.2197265625,0.18310546875,1.03759765625,-0.01220703125,0.28076171875,-0.06103515625,0.20751953125,-0.1220703125,0.28076171875,0.15869140625,0.8544921875,0.0732421875,0.048828125,-0.0244140625,1.37939453125,0,-0.927734375,0.1708984375,-0.28076171875,0.06103515625,-0.98876953125,-0.13427734375,-0.76904296875,-0.18310546875,-1.513671875,-0.1220703125,-0.23193359375,-0.09765625,-0.2685546875,0.390625,-1.23291015625,0.23193359375,-1.06201171875,0.048828125,-0.7080078125,-0.146484375,-0.9033203125,0.0244140625,-0.146484375,0.25634765625,-0.62255859375,-0.244140625,-1.4404296875,-0.08544921875,-1.03759765625,-0.50048828125,0.3662109375,-0.244140625,-0.15869140625,0.0732421875,-0.47607421875,-0.0732421875,-0.390625,-0.2685546875,-0.47607421875,-0.09765625,0.0244140625,-0.15869140625,0.84228515625,-0.03662109375,-0.47607421875,-0.048828125,-0.4638671875
0,-0.390625,-0.35400390625,0.0244140625,-0.28076171875,-0.09765625,-0.439453125,0.0244140625,0.0244140625,0.0244140625,0.10986328125,0.10986328125,-0.76904296875,0.06103515625,1.0986328125,-0.29296875,-0.2685546875,0.08544921875,1.3427734375,-0.2197265625,1.62353515625,-0.18310546875,1.91650390625,0,1.9287109375,0.08544921875,-0.15869140625,0.28076171875,-0.74462890625,0.30517578125,0.9033203125,0.03662109375,0.2197265625,-0.03662109375,-0.3173828125,-0.1708984375,-0.9033203125,-0.0732421875,-0.37841796875,0.0732421875,-0.69580078125,0.15869140625,-0.15869140625,0.10986328125,-0.634765625,-0.13427734375,-0.40283203125,-0.01220703125,0.6103515625,0.28076171875,1.1962890625,-0.0244140625,0.47607421875,-0.18310546875,-0.13427734375,-0.15869140625,0.76904296875,0.18310546875,0.62255859375,-0.06103515625,0.45166015625,0.25634765625,0.62255859375,-0.0244140625,0.18310546875,0.2197265625,0.23193359375,0.2197265625,1.025390625,-0.0244140625,0.29296875,-0.01220703125,0.2197265625,-0.048828125,0.28076171875,0.2197265625,0.84228515625,0.0732421875,0.03662109375,-0.08544921875,1.3671875,0.06103515625,-0.93994140625,0.20751953125,-0.30517578125,-0.0732421875,-0.98876953125,-0.10986328125,-0.79345703125,-0.1953125,-1.52587890625,-0.06103515625,-0.25634765625,0.0732421875,-0.25634765625,0.28076171875,-1.20849609375,0.2197265625,-0.96435546875,0.09765625,-0.4638671875,-0.15869140625,-0.927734375,-0.0244140625,-0.048828125,0.28076171875,-0.634765625,-0.0732421875,-1.416015625,-0.1220703125,-1.01318359375,-0.47607421875,0.3662109375,-0.2197265625,-0.146484375,0.06103515625,-0.4638671875,-0.0732421875,-0.40283203125,-0.25634765625,-0.48828125,-0.08544921875,0.048828125,-0.13427734375,0.830078125,-0.03662109375,-0.47607421875,-0.06103515625,-0.4638671875
0,-0.3662109375,-0.3662109375,-0.01220703125,-0.3173828125,-0.048828125,-0.439453125,0.03662109375,0.0244140625,0,0.13427734375,0.03662109375,-0.76904296875,0.06103515625,1.0986328125,-0.48828125,-0.1708984375,0.08544921875,0.9521484375,-0.1953125,1.2451171875,-0.20751953125,1.611328125,0.048828125,1.13525390625,0.06103515625,-0.13427734375,0.244140625,-0.74462890625,0.23193359375,0.89111328125,0.0244140625,0.23193359375,-0.25634765625,-0.29296875,-0.18310546875,-0.91552734375,-0.146484375,-0.37841796875,0.03662109375,-0.69580078125,0.08544921875,-0.146484375,-0.01220703125,-0.62255859375,-0.18310546875,-0.40283203125,-0.0244140625,0.6103515625,0.23193359375,1.220703125,-0.03662109375,0.47607421875,-0.1708984375,-0.1708984375,-0.13427734375,0.7568359375,0.146484375,0.64697265625,-0.08544921875,0.45166015625,0.3662109375,0.62255859375,0.048828125,0.18310546875,0.23193359375,0.244140625,0.146484375,1.025390625,-0.01220703125,0.29296875,-0.01220703125,0.2197265625,-0.01220703125,0.2685546875,0.1953125,0.89111328125,0.0732421875,0.048828125,-0.09765625,1.37939453125,0.09765625,-0.927734375,0.20751953125,-0.3173828125,-0.1708984375,-1.01318359375,-0.0732421875,-0.76904296875,-0.146484375,-1.55029296875,-0.06103515625,-0.28076171875,0.25634765625,-0.244140625,0.1708984375,-1.18408203125,0.13427734375,-0.93994140625,0.03662109375,-0.42724609375,-0.15869140625,-0.927734375,-0.01220703125,-0.03662109375,0.2197265625,-0.6591796875,0.0732421875,-1.4404296875,-0.15869140625,-1.03759765625,-0.42724609375,0.3662109375,-0.23193359375,-0.15869140625,0.0732421875,-0.47607421875,-0.0732421875,-0.40283203125,-0.2197265625,-0.50048828125,-0.08544921875,0.06103515625,-0.146484375,0.830078125,-0.03662109375,-0.48828125,-0.03662109375,-0.4638671875
0,-0.341796875,-0.3662109375,-0.048828125,-0.32958984375,-0.048828125,-0.439453125,0.0732421875,0.03662109375,0.0244140625,0.09765625,0.08544921875,-0.81787109375,0.09765625,1.07421875,-0.57373046875,-0.13427734375,0.0732421875,0.537109375,-0.146484375,0.86669921875,-0.18310546875,1.2939453125,0.08544921875,0.3662109375,0.03662109375,-0.13427734375,0.1708984375,-0.7568359375,0.1220703125,0.91552734375,-0.0244140625,0.2197265625,-0.42724609375,-0.28076171875,-0.23193359375,-0.91552734375,-0.2197265625,-0.3662109375,-0.01220703125,-0.69580078125,0,-0.13427734375,-0.09765625,-0.62255859375,-0.23193359375,-0.40283203125,-0.0732421875,0.62255859375,0.15869140625,1.1962890625,-0.048828125,0.50048828125,-0.146484375,-0.1708984375,-0.09765625,0.78125,0.10986328125,0.64697265625,-0.06103515625,0.47607421875,0.439453125,0.59814453125,0.08544921875,0.1953125,0.28076171875,0.23193359375,0.13427734375,1.0498046875,-0.0244140625,0.30517578125,0.03662109375,0.20751953125,0.06103515625,0.30517578125,0.1953125,0.9033203125,0.01220703125,0.06103515625,-0.09765625,1.37939453125,0.146484375,-0.927734375,0.20751953125,-0.3173828125,-0.2197265625,-0.98876953125,-0.048828125,-0.78125,-0.13427734375,-1.5380859375,-0.048828125,-0.244140625,0.32958984375,-0.244140625,0.10986328125,-1.171875,0.06103515625,-0.9521484375,0.03662109375,-0.50048828125,-0.09765625,-0.9033203125,0.08544921875,-0.0732421875,0.08544921875,-0.69580078125,0.25634765625,-1.46484375,-0.18310546875,-1.0498046875,-0.35400390625,0.3662109375,-0.244140625,-0.15869140625,0.0732421875,-0.47607421875,-0.0732421875,-0.37841796875,-0.25634765625,-0.537109375,-0.08544921875,0.0732421875,-0.1220703125,0.84228515625,-0.03662109375,-0.4638671875,-0.0244140625,-0.4638671875
0,-0.37841796875,-0.390625,-0.0732421875,-0.35400390625,-0.048828125,-0.42724609375,0.08544921875,0.048828125,0.01220703125,0.048828125,0.09765625,-0.830078125,0.10986328125,1.03759765625,-0.67138671875,-0.09765625,0.10986328125,0.2197265625,-0.06103515625,0.52490234375,-0.06103515625,1.025390625,0.1708984375,-0.244140625,0.0244140625,-0.08544921875,0.0732421875,-0.76904296875,-0.0244140625,0.91552734375,-0.06103515625,0.23193359375,-0.4638671875,-0.2685546875,-0.341796875,-0.927734375,-0.244140625,-0.3662109375,-0.08544921875,-0.69580078125,-0.048828125,-0.15869140625,-0.1708984375,-0.62255859375,-0.2685546875,-0.37841796875,-0.03662109375,0.6103515625,0.03662109375,1.15966796875,-0.0244140625,0.50048828125,-0.10986328125,-0.18310546875,-0.0732421875,0.7568359375,0.09765625,0.64697265625,-0.13427734375,0.4638671875,0.4150390625,0.59814453125,0.08544921875,0.18310546875,0.30517578125,0.23193359375,0.10986328125,1.06201171875,-0.01220703125,0.30517578125,0.03662109375,0.2197265625,0.10986328125,0.30517578125,0.15869140625,0.927734375,0,0.06103515625,-0.0732421875,1.3671875,0.1708984375,-0.93994140625,0.1953125,-0.29296875,-0.2685546875,-0.98876953125,-0.08544921875,-0.7568359375,-0.10986328125,-1.513671875,-0.0732421875,-0.244140625,0.30517578125,-0.25634765625,0.10986328125,-1.1962890625,-0.10986328125,-1.0009765625,-0.0244140625,-0.7080078125,-0.0732421875,-0.87890625,0.10986328125,-0.13427734375,0,-0.74462890625,0.30517578125,-1.45263671875,-0.146484375,-1.03759765625,-0.29296875,0.37841796875,-0.2197265625,-0.15869140625,0.06103515625,-0.4638671875,-0.0732421875,-0.4150390625,-0.1953125,-0.5615234375,-0.0732421875,0.08544921875,-0.146484375,0.81787109375,-0.048828125,-0.4638671875,-0.0244140625,-0.48828125
0,-0.3662109375,-0.3662109375,-0.03662109375,-0.30517578125,-0.08544921875,-0.390625,0.08544921875,0.06103515625,0,0,0.09765625,-0.86669921875,0.1220703125,0.9765625,-0.72021484375,-0.08544921875,0.10986328125,-0.03662109375,0.01220703125,0.29296875,0.048828125,0.84228515625,0.18310546875,-0.6591796875,0.01220703125,-0.09765625,-0.09765625,-0.76904296875,-0.146484375,0.93994140625,-0.146484375,0.244140625,-0.45166015625,-0.28076171875,-0.4150390625,-0.89111328125,-0.23193359375,-0.37841796875,-0.1220703125,-0.72021484375,-0.08544921875,-0.15869140625,-0.1953125,-0.62255859375,-0.341796875,-0.37841796875,-0.01220703125,0.6103515625,-0.0732421875,1.1474609375,0.0244140625,0.52490234375,-0.10986328125,-0.146484375,0.01220703125,0.76904296875,0.1220703125,0.634765625,-0.146484375,0.45166015625,0.4638671875,0.59814453125,0.048828125,0.1953125,0.30517578125,0.23193359375,0.08544921875,1.0498046875,0,0.30517578125,0.03662109375,0.23193359375,0.10986328125,0.30517578125,0.08544921875,0.9521484375,0,0.048828125,-0.0732421875,1.3671875,0.13427734375,-0.927734375,0.13427734375,-0.29296875,-0.244140625,-0.9765625,-0.13427734375,-0.7568359375,-0.06103515625,-1.47705078125,-0.08544921875,-0.25634765625,0.244140625,-0.2685546875,0.146484375,-1.1962890625,-0.20751953125,-1.07421875,-0.1220703125,-0.91552734375,-0.048828125,-0.87890625,0.13427734375,-0.23193359375,-0.03662109375,-0.732421875,0.28076171875,-1.45263671875,-0.10986328125,-1.03759765625,-0.2685546875,0.42724609375,-0.23193359375,-0.146484375,0.0732421875,-0.4638671875,-0.09765625,-0.4150390625,-0.1953125,-0.5615234375,-0.06103515625,0.0732421875,-0.13427734375,0.8056640625,-0.048828125,-0.4638671875,-0.03662109375,-0.47607421875
0,-0.37841796875,-0.3662109375,-0.08544921875,-0.28076171875,-0.0732421875,-0.37841796875,0.09765625,0.0732421875,-0.01220703125,-0.048828125,0.06103515625,-0.89111328125,0.146484375,0.93994140625,-0.830078125,-0.1220703125,0.15869140625,-0.15869140625,0.1220703125,0.1953125,0.2197265625,0.79345703125,0.23193359375,-0.7568359375,-0.01220703125,-0.09765625,-0.23193359375,-0.7568359375,-0.2197265625,0.9521484375,-0.20751953125,0.23193359375,-0.3662109375,-0.3173828125,-0.52490234375,-0.86669921875,-0.23193359375,-0.4150390625,-0.1708984375,-0.72021484375,-0.09765625,-0.1708984375,-0.18310546875,-0.634765625,-0.35400390625,-0.390625,0.01220703125,0.5859375,-0.13427734375,1.13525390625,0.06103515625,0.50048828125,-0.08544921875,-0.15869140625,0.0732421875,0.78125,0.1220703125,0.64697265625,-0.13427734375,0.45166015625,0.45166015625,0.59814453125,0,0.18310546875,0.3662109375,0.244140625,0,1.06201171875,-0.0244140625,0.30517578125,0.0244140625,0.244140625,0.10986328125,0.30517578125,0.048828125,0.96435546875,-0.01220703125,0.03662109375,-0.06103515625,1.3427734375,0.10986328125,-0.927734375,0.06103515625,-0.2685546875,-0.18310546875,-0.9765625,-0.2197265625,-0.74462890625,0,-1.47705078125,-0.1220703125,-0.25634765625,0.09765625,-0.28076171875,0.1953125,-1.20849609375,-0.28076171875,-1.1474609375,-0.1708984375,-1.1474609375,0.01220703125,-0.86669921875,0.18310546875,-0.30517578125,0.01220703125,-0.732421875,0.20751953125,-1.4404296875,-0.0732421875,-1.03759765625,-0.23193359375,0.42724609375,-0.23193359375,-0.13427734375,0.048828125,-0.48828125,-0.0732421875,-0.40283203125,-0.2685546875,-0.54931640625,-0.06103515625,0.048828125,-0.1220703125,0.81787109375,-0.01220703125,-0.439453125,-0.048828125,-0.47607421875
0,-0.35400390625,-0.35400390625,-0.10986328125,-0.244140625,-0.0732421875,-0.3662109375,0.09765625,0.0732421875,-0.03662109375,-0.08544921875,0.03662109375,-0.87890625,0.1708984375,0.91552734375,-0.81787109375,-0.15869140625,0.15869140625,-0.08544921875,0.20751953125,0.30517578125,0.29296875,0.89111328125,0.1953125,-0.5126953125,-0.0244140625,-0.08544921875,-0.3662109375,-0.78125,-0.23193359375,0.96435546875,-0.2197265625,0.244140625,-0.244140625,-0.35400390625,-0.5859375,-0.86669921875,-0.18310546875,-0.45166015625,-0.1708984375,-0.74462890625,-0.08544921875,-0.1953125,-0.146484375,-0.64697265625,-0.390625,-0.40283203125,0.06103515625,0.5859375,-0.18310546875,1.15966796875,0.13427734375,0.52490234375,-0.06103515625,-0.1708984375,0.09765625,0.74462890625,0.15869140625,0.634765625,-0.15869140625,0.439453125,0.32958984375,0.6103515625,0.01220703125,0.146484375,0.37841796875,0.2197265625,-0.10986328125,1.03759765625,-0.01220703125,0.28076171875,0.01220703125,0.23193359375,0.08544921875,0.3173828125,-0.01220703125,0.9521484375,0.048828125,0.03662109375,-0.08544921875,1.3427734375,0.08544921875,-0.93994140625,-0.048828125,-0.25634765625,-0.10986328125,-0.96435546875,-0.30517578125,-0.7568359375,0.048828125,-1.45263671875,-0.146484375,-0.2197265625,-0.03662109375,-0.29296875,0.23193359375,-1.25732421875,-0.3662109375,-1.220703125,-0.25634765625,-1.28173828125,0,-0.87890625,0.13427734375,-0.3662109375,0.08544921875,-0.72021484375,0.0244140625,-1.42822265625,-0.048828125,-1.025390625,-0.2197265625,0.42724609375,-0.20751953125,-0.1220703125,0.048828125,-0.48828125,-0.08544921875,-0.439453125,-0.23193359375,-0.537109375,-0.06103515625,0.0244140625,-0.09765625,0.84228515625,0,-0.439453125,-0.0732421875,-0.4638671875
0,-0.341796875,-0.3662109375,-0.1220703125,-0.20751953125,-0.06103515625,-0.35400390625,0.0732421875,0.0732421875,-0.03662109375,-0.0732421875,0.10986328125,-0.87890625,0.1953125,0.927734375,-0.81787109375,-0.244140625,0.1708984375,0.20751953125,0.2685546875,0.59814453125,0.35400390625,1.171875,0.25634765625,0.0732421875,-0.0244140625,-0.10986328125,-0.4638671875,-0.76904296875,-0.18310546875,0.9765625,-0.2197265625,0.23193359375,-0.1220703125,-0.3662109375,-0.57373046875,-0.84228515625,-0.15869140625,-0.47607421875,-0.15869140625,-0.74462890625,-0.0732421875,-0.20751953125,-0.06103515625,-0.634765625,-0.439453125,-0.4150390625,0.15869140625,0.5859375,-0.20751953125,1.1474609375,0.23193359375,0.5126953125,-0.0244140625,-0.1708984375,0.08544921875,0.7568359375,0.1953125,0.62255859375,-0.244140625,0.439453125,0.28076171875,0.6103515625,0.01220703125,0.13427734375,0.3173828125,0.23193359375,-0.1953125,1.03759765625,-0.0244140625,0.28076171875,-0.048828125,0.23193359375,0.06103515625,0.29296875,-0.06103515625,0.9521484375,0.09765625,0.0244140625,-0.1220703125,1.3427734375,0.06103515625,-0.93994140625,-0.08544921875,-0.244140625,-0.0244140625,-0.96435546875,-0.3173828125,-0.78125,0.08544921875,-1.47705078125,-0.1708984375,-0.2197265625,-0.18310546875,-0.30517578125,0.2197265625,-1.26953125,-0.32958984375,-1.2451171875,-0.37841796875,-1.33056640625,-0.048828125,-0.9033203125,0.1220703125,-0.37841796875,0.15869140625,-0.7080078125,-0.10986328125,-1.4404296875,-0.03662109375,-1.03759765625,-0.2197265625,0.42724609375,-0.2197265625,-0.1220703125,-0.01220703125,-0.50048828125,-0.0732421875,-0.45166015625,-0.2197265625,-0.48828125,-0.03662109375,0.01220703125,-0.09765625,0.830078125,0,-0.4638671875,-0.09765625,-0.47607421875
0,-0.3662109375,-0.35400390625,-0.1708984375,-0.20751953125,-0.06103515625,-0.3662109375,0.048828125,0.06103515625,-0.048828125,-0.03662109375,0.10986328125,-0.830078125,0.2197265625,0.93994140625,-0.78125,-0.3173828125,0.146484375,0.62255859375,0.3173828125,1.06201171875,0.35400390625,1.5380859375,0.3662109375,0.927734375,-0.0244140625,-0.1220703125,-0.5126953125,-0.76904296875,-0.0732421875,0.93994140625,-0.18310546875,0.25634765625,0,-0.35400390625,-0.537109375,-0.81787109375,-0.09765625,-0.4638671875,-0.13427734375,-0.732421875,0.0244140625,-0.20751953125,0.01220703125,-0.634765625,-0.45166015625,-0.390625,0.244140625,0.57373046875,-0.20751953125,1.15966796875,0.3662109375,0.50048828125,0.01220703125,-0.1708984375,0.10986328125,0.7568359375,0.20751953125,0.62255859375,-0.2685546875,0.42724609375,0.2685546875,0.6103515625,0.06103515625,0.08544921875,0.25634765625,0.20751953125,-0.2685546875,1.03759765625,-0.01220703125,0.28076171875,-0.09765625,0.244140625,0.0732421875,0.2685546875,-0.08544921875,0.93994140625,0.15869140625,0.01220703125,-0.146484375,1.35498046875,0.03662109375,-0.9521484375,-0.1220703125,-0.25634765625,0.0244140625,-0.9765625,-0.30517578125,-0.78125,0.09765625,-1.46484375,-0.1953125,-0.244140625,-0.29296875,-0.29296875,0.13427734375,-1.28173828125,-0.2685546875,-1.1962890625,-0.390625,-1.25732421875,-0.048828125,-0.89111328125,0.1708984375,-0.32958984375,0.1953125,-0.69580078125,-0.28076171875,-1.4404296875,-0.03662109375,-1.025390625,-0.20751953125,0.42724609375,-0.2197265625,-0.1220703125,-0.0244140625,-0.48828125,-0.048828125,-0.45166015625,-0.23193359375,-0.439453125,-0.048828125,-0.01220703125,-0.09765625,0.830078125,0.01220703125,-0.45166015625,-0.1220703125,-0.4638671875
0,-0.37841796875,-0.32958984375,-0.1953125,-0.2197265625,-0.048828125,-0.3662109375,0.048828125,0.0244140625,-0.08544921875,-0.01220703125,0.10986328125,-0.79345703125,0.244140625,0.98876953125,-0.62255859375,-0.3662109375,0.146484375,1.23291015625,0.37841796875,1.69677734375,0.35400390625,2.01416015625,0.40283203125,2.0263671875,-0.01220703125,-0.13427734375,-0.48828125,-0.7568359375,0.01220703125,0.93994140625,-0.146484375,0.244140625,0.09765625,-0.35400390625,-0.42724609375,-0.830078125,-0.048828125,-0.45166015625,-0.09765625,-0.74462890625,0.09765625,-0.1953125,0.09765625,-0.634765625,-0.439453125,-0.4150390625,0.3173828125,0.5859375,-0.20751953125,1.15966796875,0.4638671875,0.48828125,0.0244140625,-0.146484375,0.10986328125,0.74462890625,0.2197265625,0.5859375,-0.28076171875,0.42724609375,0.2685546875,0.634765625,0.06103515625,0.08544921875,0.1708984375,0.1708984375,-0.30517578125,1.03759765625,-0.0244140625,0.2685546875,-0.1220703125,0.23193359375,0.01220703125,0.25634765625,-0.13427734375,0.927734375,0.20751953125,0.0244140625,-0.2197265625,1.3427734375,0.0244140625,-0.96435546875,-0.10986328125,-0.25634765625,0.09765625,-0.98876953125,-0.244140625,-0.8056640625,0.06103515625,-1.46484375,-0.2197265625,-0.244140625,-0.30517578125,-0.3173828125,0,-1.28173828125,-0.20751953125,-1.11083984375,-0.40283203125,-1.07421875,-0.09765625,-0.86669921875,0.15869140625,-0.2197265625,0.1708984375,-0.68359375,-0.341796875,-1.45263671875,-0.0244140625,-1.0498046875,-0.18310546875,0.390625,-0.20751953125,-0.146484375,-0.03662109375,-0.48828125,-0.0732421875,-0.439453125,-0.23193359375,-0.32958984375,-0.03662109375,0,-0.09765625,0.81787109375,0.01220703125,-0.4638671875,-0.13427734375,-0.4638671875
0,-0.40283203125,-0.35400390625,-0.1953125,-0.25634765625,-0.06103515625,-0.37841796875,0.03662109375,0.0244140625,-0.09765625,0.08544921875,0.0732421875,-0.732421875,0.20751953125,1.025390625,-0.50048828125,-0.341796875,0.10986328125,1.94091796875,0.3662109375,2.4169921875,0.28076171875,2.5634765625,0.45166015625,3.2470703125,-0.01220703125,-0.146484375,-0.390625,-0.74462890625,0.06103515625,0.91552734375,-0.08544921875,0.2197265625,0.09765625,-0.3662109375,-0.29296875,-0.84228515625,0,-0.45166015625,-0.08544921875,-0.72021484375,0.146484375,-0.1953125,0.146484375,-0.64697265625,-0.390625,-0.40283203125,0.341796875,0.57373046875,-0.15869140625,1.1962890625,0.48828125,0.4638671875,0.03662109375,-0.15869140625,0.13427734375,0.74462890625,0.2197265625,0.59814453125,-0.40283203125,0.42724609375,0.3173828125,0.68359375,0.048828125,0.08544921875,0.09765625,0.18310546875,-0.30517578125,1.025390625,-0.048828125,0.2685546875,-0.13427734375,0.20751953125,-0.03662109375,0.25634765625,-0.15869140625,0.9033203125,0.28076171875,0,-0.244140625,1.318359375,-0.01220703125,-0.9765625,-0.06103515625,-0.28076171875,0.13427734375,-0.98876953125,-0.15869140625,-0.8056640625,-0.01220703125,-1.47705078125,-0.23193359375,-0.2685546875,-0.25634765625,-0.28076171875,-0.13427734375,-1.28173828125,-0.146484375,-0.98876953125,-0.37841796875,-0.830078125,-0.1220703125,-0.8056640625,0.1708984375,-0.0732421875,0.048828125,-0.68359375,-0.30517578125,-1.45263671875,-0.03662109375,-1.07421875,-0.18310546875,0.37841796875,-0.20751953125,-0.146484375,-0.048828125,-0.48828125,-0.0732421875,-0.439453125,-0.23193359375,-0.28076171875,-0.0244140625,-0.01220703125,-0.10986328125,0.8056640625,-0.01220703125,-0.47607421875,-0.09765625,-0.4638671875
0,-0.40283203125,-0.35400390625,-0.23193359375,-0.29296875,-0.06103515625,-0.390625,0.048828125,-0.01220703125,-0.0732421875,0.146484375,0.0732421875,-0.69580078125,0.18310546875,1.08642578125,-0.30517578125,-0.341796875,0.06103515625,2.7099609375,0.32958984375,3.21044921875,0.2197265625,3.13720703125,0.4150390625,4.52880859375,-0.0244140625,-0.13427734375,-0.25634765625,-0.74462890625,0.10986328125,0.86669921875,0.01220703125,0.20751953125,0.01220703125,-0.341796875,-0.15869140625,-0.8544921875,0.03662109375,-0.439453125,-0.048828125,-0.74462890625,0.20751953125,-0.18310546875,0.1953125,-0.6591796875,-0.3173828125,-0.40283203125,0.341796875,0.57373046875,-0.1220703125,1.1962890625,0.50048828125,0.48828125,0.0732421875,-0.13427734375,0.1220703125,0.732421875,0.18310546875,0.5859375,-0.42724609375,0.439453125,0.30517578125,0.69580078125,0,0.10986328125,0.01220703125,0.15869140625,-0.341796875,1.025390625,-0.03662109375,0.25634765625,-0.15869140625,0.1953125,-0.0732421875,0.25634765625,-0.1953125,0.9033203125,0.30517578125,0.01220703125,-0.244140625,1.33056640625,-0.048828125,-0.96435546875,-0.01220703125,-0.29296875,0.09765625,-1.0009765625,-0.0732421875,-0.81787109375,-0.06103515625,-1.47705078125,-0.23193359375,-0.25634765625,-0.15869140625,-0.28076171875,-0.2197265625,-1.25732421875,-0.1220703125,-0.81787109375,-0.2685546875,-0.5615234375,-0.13427734375,-0.732421875,0.18310546875,0.06103515625,-0.08544921875,-0.67138671875,-0.18310546875,-1.45263671875,-0.08544921875,-1.06201171875,-0.1708984375,0.37841796875,-0.2197265625,-0.146484375,-0.03662109375,-0.50048828125,-0.0732421875,-0.439453125,-0.244140625,-0.2197265625,-0.03662109375,-0.01220703125,-0.13427734375,0.79345703125,-0.03662109375,-0.48828125,-0.08544921875,-0.47607421875
0,-0.40283203125,-0.3662109375,-0.2197265625,-0.32958984375,-0.06103515625,-0.390625,0.03662109375,-0.01220703125,-0.0732421875,0.20751953125,0.06103515625,-0.7080078125,0.146484375,1.11083984375,-0.29296875,-0.29296875,0.01220703125,3.47900390625,0.2685546875,3.96728515625,0.15869140625,3.67431640625,0.341796875,5.7373046875,-0.0244140625,-0.1220703125,-0.10986328125,-0.74462890625,0.1220703125,0.87890625,0.08544921875,0.2197265625,-0.0732421875,-0.30517578125,-0.048828125,-0.86669921875,0.048828125,-0.439453125,0,-0.732421875,0.244140625,-0.18310546875,0.1953125,-0.64697265625,-0.20751953125,-0.4150390625,0.30517578125,0.57373046875,-0.06103515625,1.171875,0.4638671875,0.48828125,0.09765625,-0.1220703125,0.048828125,0.74462890625,0.18310546875,0.59814453125,-0.4638671875,0.439453125,0.25634765625,0.72021484375,-0.06103515625,0.13427734375,-0.13427734375,0.15869140625,-0.32958984375,1.025390625,-0.08544921875,0.2685546875,-0.18310546875,0.18310546875,-0.1220703125,0.2685546875,-0.244140625,0.9033203125,0.32958984375,0.01220703125,-0.244140625,1.3427734375,-0.08544921875,-0.9765625,0.03662109375,-0.29296875,0.06103515625,-1.01318359375,0.01220703125,-0.8056640625,-0.08544921875,-1.513671875,-0.25634765625,-0.2685546875,-0.048828125,-0.25634765625,-0.25634765625,-1.2451171875,-0.08544921875,-0.62255859375,-0.2197265625,-0.29296875,-0.1953125,-0.69580078125,0.1220703125,0.20751953125,-0.244140625,-0.67138671875,-0.06103515625,-1.45263671875,-0.146484375,-1.0498046875,-0.18310546875,0.390625,-0.20751953125,-0.13427734375,-0.03662109375,-0.48828125,-0.06103515625,-0.42724609375,-0.25634765625,-0.1953125,-0.0244140625,0.0244140625,-0.146484375,0.8056640625,-0.048828125,-0.47607421875,-0.03662109375,-0.47607421875
0,-0.40283203125,-0.37841796875,-0.28076171875,-0.341796875,-0.048828125,-0.40283203125,0.048828125,0,-0.03662109375,0.18310546875,0.0732421875,-0.7080078125,0.1220703125,1.0986328125,-0.1953125,-0.23193359375,-0.0732421875,4.18701171875,0.18310546875,4.62646484375,0.10986328125,4.150390625,0.1953125,6.84814453125,0.0244140625,-0.1220703125,0.0244140625,-0.72021484375,0.1220703125,0.89111328125,0.146484375,0.20751953125,-0.15869140625,-0.30517578125,-0.01220703125,-0.87890625,0.0244140625,-0.45166015625,0.03662109375,-0.7080078125,0.29296875,-0.18310546875,0.13427734375,-0.6591796875,-0.0732421875,-0.42724609375,0.28076171875,0.5859375,0.03662109375,1.171875,0.42724609375,0.50048828125,0.10986328125,-0.08544921875,0.03662109375,0.7568359375,0.146484375,0.62255859375,-0.42724609375,0.42724609375,0.244140625,0.732421875,-0.1953125,0.146484375,-0.23193359375,0.1708984375,-0.30517578125,1.03759765625,-0.08544921875,0.25634765625,-0.1708984375,0.1708984375,-0.1953125,0.2685546875,-0.244140625,0.89111328125,0.3662109375,0.03662109375,-0.23193359375,1.3427734375,-0.0732421875,-0.9521484375,0.0732421875,-0.30517578125,0.0244140625,-0.98876953125,0.03662109375,-0.79345703125,-0.13427734375,-1.50146484375,-0.25634765625,-0.244140625,0.03662109375,-0.2685546875,-0.1953125,-1.23291015625,-0.03662109375,-0.50048828125,-0.13427734375,-0.10986328125,-0.244140625,-0.6103515625,0.048828125,0.3173828125,-0.35400390625,-0.68359375,0.06103515625,-1.45263671875,-0.20751953125,-1.07421875,-0.23193359375,0.3662109375,-0.20751953125,-0.146484375,-0.048828125,-0.47607421875,-0.06103515625,-0.4150390625,-0.28076171875,-0.15869140625,-0.0244140625,0.048828125,-0.15869140625,0.81787109375,-0.06103515625,-0.48828125,-0.0244140625,-0.4638671875
1,-0.390625,-0.40283203125,-0.244140625,-0.341796875,-0.0732421875,-0.40283203125,0.0732421875,0.0244140625,-0.06103515625,0.146484375,0.06103515625,-0.76904296875,0.08544921875,1.025390625,-0.048828125,-0.1708984375,-0.08544921875,4.79736328125,0.146484375,5.17578125,0.10986328125,4.52880859375,0.15869140625,7.7392578125,0.08544921875,-0.10986328125,0.10986328125,-0.732421875,0.10986328125,0.89111328125,0.2197265625,0.20751953125,-0.1953125,-0.28076171875,-0.1220703125,-0.89111328125,0,-0.4638671875,0.03662109375,-0.7080078125,0.32958984375,-0.1708984375,0.06103515625,-0.64697265625,0.0244140625,-0.42724609375,0.1953125,0.5859375,0.09765625,1.1474609375,0.35400390625,0.5126953125,0.0732421875,-0.0732421875,0.048828125,0.76904296875,0.08544921875,0.634765625,-0.32958984375,0.42724609375,0.146484375,0.72021484375,-0.1220703125,0.18310546875,-0.30517578125,0.18310546875,-0.28076171875,1.03759765625,-0.09765625,0.29296875,-0.15869140625,0.1708984375,-0.23193359375,0.32958984375,-0.25634765625,0.91552734375,0.32958984375,0.06103515625,-0.13427734375,1.33056640625,-0.048828125,-0.96435546875,0.08544921875,-0.3173828125,-0.01220703125,-0.96435546875,0.08544921875,-0.79345703125,-0.15869140625,-1.4892578125,-0.28076171875,-0.23193359375,0.1220703125,-0.2685546875,-0.09765625,-1.23291015625,-0.0244140625,-0.42724609375,-0.01220703125,-0.06103515625,-0.244140625,-0.537109375,0.048828125,0.3662109375,-0.390625,-0.7080078125,0.146484375,-1.47705078125,-0.25634765625,-1.06201171875,-0.244140625,0.390625,-0.18310546875,-0.13427734375,-0.06103515625,-0.47607421875,-0.06103515625,-0.40283203125,-0.28076171875,-0.1708984375,0,0.06103515625,-0.15869140625,0.830078125,-0.08544921875,-0.47607421875,0.0244140625,-0.47607421875
1,-0.390625,-0.40283203125,-0.29296875,-0.30517578125,-0.048828125,-0.390625,0.0732421875,0.03662109375,-0.0732421875,0.03662109375,0.0732421875,-0.8544921875,0.0244140625,0.9521484375,0,-0.15869140625,-0.13427734375,5.2734375,0.10986328125,5.55419921875,0.0732421875,4.8095703125,-0.10986328125,8.4228515625,0.1953125,-0.09765625,0.1220703125,-0.732421875,0.03662109375,0.89111328125,0.20751953125,0.23193359375,-0.146484375,-0.2685546875,-0.1708984375,-0.89111328125,-0.0244140625,-0.42724609375,0,-0.7080078125,0.390625,-0.18310546875,0.03662109375,-0.6591796875,0.08544921875,-0.4150390625,0.13427734375,0.5859375,0.09765625,1.13525390625,0.28076171875,0.52490234375,0.0244140625,-0.06103515625,0.0244140625,0.7568359375,0.0244140625,0.6591796875,-0.28076171875,0.439453125,0.1220703125,0.72021484375,-0.10986328125,0.18310546875,-0.35400390625,0.20751953125,-0.25634765625,1.025390625,-0.15869140625,0.28076171875,-0.09765625,0.1953125,-0.28076171875,0.32958984375,-0.1953125,0.927734375,0.3173828125,0.08544921875,-0.06103515625,1.3427734375,-0.0244140625,-0.9765625,0.0732421875,-0.3173828125,0,-0.93994140625,0.03662109375,-0.7568359375,-0.18310546875,-1.4404296875,-0.25634765625,-0.2197265625,0.09765625,-0.2685546875,0.048828125,-1.220703125,0.0244140625,-0.40283203125,0.0244140625,-0.10986328125,-0.244140625,-0.47607421875,0.048828125,0.40283203125,-0.3173828125,-0.72021484375,0.1953125,-1.46484375,-0.28076171875,-1.03759765625,-0.23193359375,0.40283203125,-0.1708984375,-0.146484375,-0.08544921875,-0.47607421875,-0.0732421875,-0.37841796875,-0.244140625,-0.18310546875,0,0.048828125,-0.15869140625,0.830078125,-0.0732421875,-0.47607421875,0.0244140625,-0.47607421875
1,-0.32958984375,-0.4150390625,-0.30517578125,-0.28076171875,-0.06103515625,-0.390625,0.09765625,0.048828125,-0.08544921875,-0.0732421875,0.06103515625,-0.9033203125,-0.03662109375,0.89111328125,0.08544921875,-0.10986328125,-0.146484375,5.57861328125,0.0244140625,5.74951171875,0,4.96826171875,-0.3173828125,8.837890625,0.28076171875,-0.08544921875,0.10986328125,-0.732421875,-0.01220703125,0.89111328125,0.1708984375,0.2197265625,-0.08544921875,-0.2685546875,-0.28076171875,-0.86669921875,-0.06103515625,-0.37841796875,-0.03662109375,-0.732421875,0.35400390625,-0.18310546875,0.0732421875,-0.634765625,0.10986328125,-0.390625,0.13427734375,0.59814453125,0.10986328125,1.11083984375,0.2197265625,0.5126953125,-0.01220703125,-0.08544921875,0.048828125,0.7568359375,-0.048828125,0.6591796875,-0.2685546875,0.439453125,0.06103515625,0.69580078125,-0.03662109375,0.18310546875,-0.390625,0.23193359375,-0.1953125,1.03759765625,-0.15869140625,0.29296875,-0.06103515625,0.1953125,-0.32958984375,0.341796875,-0.18310546875,0.93994140625,0.32958984375,0.1220703125,0.03662109375,1.3427734375,0.0244140625,-0.96435546875,0.0732421875,-0.30517578125,0,-0.927734375,-0.01220703125,-0.74462890625,-0.18310546875,-1.46484375,-0.244140625,-0.20751953125,0,-0.25634765625,0.2197265625,-1.23291015625,0.03662109375,-0.439453125,0.03662109375,-0.23193359375,-0.244140625,-0.4638671875,0.048828125,0.3662109375,-0.146484375,-0.74462890625,0.15869140625,-1.45263671875,-0.2685546875,-1.03759765625,-0.244140625,0.4150390625,-0.1220703125,-0.13427734375,-0.08544921875,-0.47607421875,-0.06103515625,-0.37841796875,-0.244140625,-0.23193359375,0,0.048828125,-0.15869140625,0.86669921875,-0.06103515625,-0.4638671875,0.06103515625,-0.4638671875
1,-0.35400390625,-0.37841796875,-0.29296875,-0.244140625,-0.08544921875,-0.37841796875,0.09765625,0.048828125,-0.09765625,-0.146484375,0.06103515625,-0.9521484375,-0.06103515625,0.8544921875,0.06103515625,-0.03662109375,-0.15869140625,5.6640625,0,5.74951171875,-0.0732421875,4.98046875,-0.47607421875,8.935546875,0.35400390625,-0.08544921875,0.06103515625,-0.7568359375,-0.048828125,0.927734375,0.13427734375,0.244140625,-0.01220703125,-0.25634765625,-0.37841796875,-0.84228515625,-0.10986328125,-0.40283203125,-0.03662109375,-0.7080078125,0.28076171875,-0.1708984375,0.09765625,-0.634765625,0.08544921875,-0.4150390625,0.13427734375,0.59814453125,0.048828125,1.123046875,0.15869140625,0.52490234375,-0.0732421875,-0.10986328125,0.06103515625,0.74462890625,-0.08544921875,0.64697265625,-0.23193359375,0.4638671875,0,0.67138671875,0,0.146484375,-0.42724609375,0.25634765625,-0.146484375,1.025390625,-0.1953125,0.29296875,-0.0244140625,0.1953125,-0.37841796875,0.341796875,-0.146484375,0.93994140625,0.28076171875,0.1220703125,0.048828125,1.35498046875,0.03662109375,-0.9521484375,0.03662109375,-0.30517578125,0,-0.9521484375,-0.13427734375,-0.74462890625,-0.1708984375,-1.46484375,-0.20751953125,-0.18310546875,-0.048828125,-0.29296875,0.341796875,-1.2451171875,0.03662109375,-0.5126953125,0.0244140625,-0.37841796875,-0.1953125,-0.5126953125,0.048828125,0.29296875,0.048828125,-0.74462890625,0.1220703125,-1.4404296875,-0.2685546875,-1.06201171875,-0.23193359375,0.439453125,-0.10986328125,-0.10986328125,-0.09765625,-0.47607421875,-0.0732421875,-0.3662109375,-0.2197265625,-0.30517578125,0,0.0244140625,-0.1708984375,0.8544921875,-0.0244140625,-0.439453125,0.06103515625,-0.47607421875
1,-0.32958984375,-0.37841796875,-0.2685546875,-0.244140625,-0.08544921875,-0.37841796875,0.08544921875,0.03662109375,-0.08544921875,-0.1708984375,0.048828125,-0.9521484375,-0.06103515625,0.8544921875,0.03662109375,0.15869140625,-0.1708984375,5.52978515625,0.0244140625,5.55419921875,-0.18310546875,4.84619140625,-0.48828125,8.740234375,0.37841796875,-0.10986328125,-0.03662109375,-0.74462890625,-0.08544921875,0.91552734375,0.0244140625,0.2197265625,0,-0.29296875,-0.439453125,-0.81787109375,-0.20751953125,-0.390625,-0.03662109375,-0.7080078125,0.13427734375,-0.18310546875,0.13427734375,-0.634765625,-0.01220703125,-0.4150390625,0.1708984375,0.62255859375,-0.01220703125,1.1474609375,0.1220703125,0.5126953125,-0.0732421875,-0.1220703125,0.048828125,0.74462890625,-0.048828125,0.62255859375,-0.23193359375,0.48828125,-0.08544921875,0.6103515625,-0.048828125,0.13427734375,-0.439453125,0.30517578125,-0.0732421875,1.06201171875,-0.1953125,0.2685546875,0,0.2197265625,-0.40283203125,0.341796875,-0.1220703125,0.93994140625,0.29296875,0.10986328125,0.06103515625,1.37939453125,0.03662109375,-0.927734375,0,-0.30517578125,0.0244140625,-0.9765625,-0.28076171875,-0.732421875,-0.146484375,-1.47705078125,-0.146484375,-0.18310546875,-0.09765625,-0.30517578125,0.45166015625,-1.2451171875,0.01220703125,-0.6103515625,-0.0244140625,-0.5615234375,-0.1708984375,-0.54931640625,0.0244140625,0.1953125,0.2197265625,-0.732421875,0.06103515625,-1.4404296875,-0.244140625,-1.03759765625,-0.2197265625,0.42724609375,-0.08544921875,-0.10986328125,-0.048828125,-0.47607421875,-0.048828125,-0.3662109375,-0.244140625,-0.37841796875,0,0,-0.15869140625,0.8544921875,-0.01220703125,-0.45166015625,0.06103515625,-0.47607421875
1,-0.341796875,-0.3662109375,-0.28076171875,-0.23193359375,-0.06103515625,-0.3662109375,0.08544921875,0.0244140625,-0.0732421875,-0.146484375,0.06103515625,-0.87890625,-0.048828125,0.927734375,0,0.48828125,-0.18310546875,5.18798828125,0.048828125,5.16357421875,-0.3173828125,4.5654296875,-0.40283203125,8.21533203125,0.35400390625,-0.13427734375,-0.10986328125,-0.7568359375,-0.08544921875,0.93994140625,-0.10986328125,0.23193359375,-0.0732421875,-0.29296875,-0.48828125,-0.8056640625,-0.29296875,-0.4150390625,-0.0732421875,-0.7080078125,-0.0244140625,-0.1953125,0.13427734375,-0.62255859375,-0.1220703125,-0.40283203125,0.20751953125,0.59814453125,-0.06103515625,1.1474609375,0.08544921875,0.50048828125,-0.09765625,-0.146484375,-0.01220703125,0.76904296875,-0.03662109375,0.62255859375,-0.1953125,0.48828125,-0.1708984375,0.537109375,-0.146484375,0.1220703125,-0.439453125,0.32958984375,-0.01220703125,1.0498046875,-0.18310546875,0.2685546875,0.0244140625,0.23193359375,-0.40283203125,0.32958984375,-0.10986328125,0.9521484375,0.28076171875,0.10986328125,0.0732421875,1.3671875,0.01220703125,-0.927734375,-0.06103515625,-0.30517578125,-0.01220703125,-1.0009765625,-0.390625,-0.72021484375,-0.08544921875,-1.47705078125,-0.06103515625,-0.18310546875,-0.09765625,-0.3173828125,0.4638671875,-1.2451171875,-0.06103515625,-0.7568359375,-0.09765625,-0.72021484375,-0.13427734375,-0.6591796875,0.03662109375,0.10986328125,0.35400390625,-0.7080078125,0.01220703125,-1.42822265625,-0.20751953125,-1.0498046875,-0.244140625,0.439453125,-0.0732421875,-0.1220703125,-0.0732421875,-0.47607421875,-0.0732421875,-0.37841796875,-0.2685546875,-0.439453125,-0.01220703125,-0.01220703125,-0.15869140625,0.8544921875,0.0244140625,-0.439453125,0.08544921875,-0.45166015625
1,-0.341796875,-0.3662109375,-0.30517578125,-0.23193359375,-0.06103515625,-0.37841796875,0.0732421875,0.01220703125,-0.06103515625,0.01220703125,0.08544921875,-0.7568359375,-0.03662109375,1.06201171875,-0.1708984375,1.025390625,-0.1953125,4.6875,0.13427734375,4.62646484375,-0.3662109375,4.18701171875,-0.25634765625,7.3974609375,0.25634765625,-0.146484375,-0.1953125,-0.74462890625,-0.09765625,0.93994140625,-0.25634765625,0.244140625,-0.18310546875,-0.32958984375,-0.4150390625,-0.78125,-0.390625,-0.40283203125,-0.10986328125,-0.7080078125,-0.15869140625,-0.18310546875,0.146484375,-0.634765625,-0.25634765625,-0.390625,0.29296875,0.6103515625,-0.10986328125,1.171875,0.06103515625,0.48828125,-0.08544921875,-0.146484375,-0.0732421875,0.74462890625,0,0.6103515625,-0.1953125,0.50048828125,-0.20751953125,0.50048828125,-0.244140625,0.09765625,-0.40283203125,0.32958984375,0,1.06201171875,-0.15869140625,0.2685546875,0.01220703125,0.244140625,-0.341796875,0.3173828125,-0.03662109375,0.9033203125,0.2197265625,0.08544921875,0.03662109375,1.40380859375,-0.01220703125,-0.927734375,-0.10986328125,-0.29296875,-0.0732421875,-1.025390625,-0.47607421875,-0.74462890625,-0.03662109375,-1.50146484375,-0.01220703125,-0.1953125,-0.0732421875,-0.30517578125,0.4150390625,-1.23291015625,-0.1220703125,-0.86669921875,-0.13427734375,-0.79345703125,-0.09765625,-0.76904296875,0.09765625,0.0732421875,0.40283203125,-0.732421875,0.01220703125,-1.4404296875,-0.15869140625,-1.0498046875,-0.25634765625,0.4150390625,-0.048828125,-0.13427734375,-0.0732421875,-0.47607421875,-0.0732421875,-0.3662109375,-0.2685546875,-0.5126953125,0,-0.0244140625,-0.15869140625,0.830078125,0.0244140625,-0.45166015625,0.10986328125,-0.439453125
1,-0.341796875,-0.3662109375,-0.244140625,-0.23193359375,-0.06103515625,-0.40283203125,0.0732421875,0.01220703125,-0.08544921875,0.25634765625,0.0732421875,-0.54931640625,-0.0244140625,1.26953125,-0.25634765625,1.806640625,-0.2197265625,4.01611328125,0.23193359375,3.955078125,-0.40283203125,3.662109375,-0.0732421875,6.34765625,0.13427734375,-0.146484375,-0.28076171875,-0.74462890625,-0.13427734375,0.96435546875,-0.37841796875,0.23193359375,-0.29296875,-0.3173828125,-0.35400390625,-0.78125,-0.42724609375,-0.4150390625,-0.146484375,-0.7080078125,-0.244140625,-0.18310546875,0.09765625,-0.6591796875,-0.32958984375,-0.40283203125,0.37841796875,0.62255859375,-0.146484375,1.18408203125,0.1220703125,0.48828125,-0.1220703125,-0.13427734375,-0.146484375,0.7568359375,0.08544921875,0.6103515625,-0.341796875,0.50048828125,-0.23193359375,0.4638671875,-0.390625,0.0732421875,-0.341796875,0.341796875,0.0244140625,1.08642578125,-0.09765625,0.23193359375,-0.0244140625,0.23193359375,-0.29296875,0.29296875,-0.01220703125,0.87890625,0.20751953125,0.06103515625,0.01220703125,1.416015625,-0.06103515625,-0.927734375,-0.146484375,-0.30517578125,-0.1220703125,-1.025390625,-0.52490234375,-0.74462890625,-0.06103515625,-1.513671875,0.0244140625,-0.244140625,-0.06103515625,-0.30517578125,0.341796875,-1.23291015625,-0.1220703125,-0.91552734375,-0.09765625,-0.84228515625,-0.03662109375,-0.84228515625,0.15869140625,0.01220703125,0.35400390625,-0.7080078125,0.01220703125,-1.4404296875,-0.08544921875,-1.06201171875,-0.1953125,0.40283203125,-0.0244140625,-0.1220703125,-0.10986328125,-0.48828125,-0.06103515625,-0.37841796875,-0.32958984375,-0.5615234375,0.01220703125,-0.03662109375,-0.13427734375,0.81787109375,0.0244140625,-0.4638671875,0.09765625,-0.4638671875
1,-0.35400390625,-0.37841796875,-0.29296875,-0.25634765625,-0.06103515625,-0.40283203125,0.06103515625,0,-0.06103515625,0.5615234375,0.06103515625,-0.2685546875,-0.0244140625,1.52587890625,-0.390625,2.7587890625,-0.2197265625,3.21044921875,0.30517578125,3.22265625,-0.37841796875,3.1005859375,0.048828125,5.06591796875,-0.0244140625,-0.13427734375,-0.341796875,-0.732421875,-0.20751953125,0.9521484375,-0.42724609375,0.2197265625,-0.390625,-0.341796875,-0.244140625,-0.78125,-0.45166015625,-0.42724609375,-0.146484375,-0.7080078125,-0.2197265625,-0.18310546875,0.01220703125,-0.634765625,-0.37841796875,-0.3662109375,0.4150390625,0.634765625,-0.1708984375,1.18408203125,0.1708984375,0.48828125,-0.1953125,-0.1220703125,-0.1953125,0.76904296875,0.146484375,0.59814453125,-0.42724609375,0.50048828125,-0.146484375,0.42724609375,-0.48828125,0.10986328125,-0.25634765625,0.341796875,0.09765625,1.07421875,-0.0732421875,0.23193359375,-0.048828125,0.23193359375,-0.18310546875,0.2685546875,0.06103515625,0.87890625,0.1708984375,0.06103515625,-0.03662109375,1.3916015625,-0.0732421875,-0.91552734375,-0.1708984375,-0.3173828125,-0.20751953125,-1.025390625,-0.45166015625,-0.76904296875,-0.0244140625,-1.5380859375,0.03662109375,-0.25634765625,0,-0.2685546875,0.1708984375,-1.23291015625,-0.15869140625,-0.93994140625,-0.146484375,-0.84228515625,0.01220703125,-0.91552734375,0.244140625,-0.0244140625,0.18310546875,-0.68359375,0.048828125,-1.4404296875,-0.048828125,-1.0498046875,-0.1708984375,0.390625,-0.0244140625,-0.13427734375,-0.10986328125,-0.4638671875,-0.0732421875,-0.40283203125,-0.32958984375,-0.59814453125,-0.01220703125,-0.0244140625,-0.1220703125,0.78125,0.0244140625,-0.48828125,0.09765625,-0.45166015625
1,-0.341796875,-0.40283203125,-0.28076171875,-0.25634765625,-0.06103515625,-0.42724609375,0.048828125,0.01220703125,-0.06103515625,0.93994140625,0.048828125,0.06103515625,-0.03662109375,1.806640625,-0.439453125,3.89404296875,-0.244140625,2.35595703125,0.3662109375,2.42919921875,-0.25634765625,2.490234375,0.146484375,3.7353515625,-0.1708984375,-0.1220703125,-0.40283203125,-0.732421875,-0.28076171875,0.96435546875,-0.4638671875,0.23193359375,-0.48828125,-0.341796875,-0.10986328125,-0.79345703125,-0.45166015625,-0.4150390625,-0.18310546875,-0.72021484375,-0.15869140625,-0.18310546875,-0.048828125,-0.64697265625,-0.37841796875,-0.40283203125,0.439453125,0.634765625,-0.13427734375,1.18408203125,0.2197265625,0.48828125,-0.28076171875,-0.08544921875,-0.20751953125,0.78125,0.2197265625,0.59814453125,-0.48828125,0.50048828125,-0.10986328125,0.439453125,-0.4638671875,0.13427734375,-0.1708984375,0.32958984375,0.09765625,1.07421875,-0.048828125,0.244140625,-0.06103515625,0.23193359375,-0.13427734375,0.28076171875,0.08544921875,0.84228515625,0.13427734375,0.03662109375,-0.09765625,1.3916015625,-0.13427734375,-0.927734375,-0.1953125,-0.3173828125,-0.244140625,-1.01318359375,-0.32958984375,-0.76904296875,-0.01220703125,-1.52587890625,0,-0.2685546875,0.03662109375,-0.25634765625,0.01220703125,-1.220703125,-0.146484375,-0.9033203125,-0.06103515625,-0.78125,0.09765625,-0.927734375,0.29296875,-0.01220703125,-0.06103515625,-0.69580078125,0.10986328125,-1.45263671875,-0.0244140625,-1.0498046875,-0.1220703125,0.390625,-0.0244140625,-0.146484375,-0.09765625,-0.4638671875,-0.06103515625,-0.439453125,-0.3662109375,-0.5859375,-0.01220703125,0,-0.10986328125,0.78125,0.0244140625,-0.48828125,0.08544921875,-0.4638671875
1,-0.3173828125,-0.390625,-0.30517578125,-0.28076171875,-0.0732421875,-0.42724609375,0.048828125,-0.01220703125,-0.0732421875,1.30615234375,0.0244140625,0.390625,-0.01220703125,2.1240234375,-0.3662109375,5.09033203125,-0.25634765625,1.50146484375,0.4150390625,1.66015625,-0.10986328125,1.904296875,0.1708984375,2.35595703125,-0.244140625,-0.10986328125,-0.45166015625,-0.72021484375,-0.37841796875,0.96435546875,-0.35400390625,0.244140625,-0.4638671875,-0.341796875,-0.01220703125,-0.8056640625,-0.4150390625,-0.4150390625,-0.1708984375,-0.72021484375,-0.0244140625,-0.18310546875,-0.13427734375,-0.634765625,-0.35400390625,-0.40283203125,0.4150390625,0.62255859375,-0.09765625,1.18408203125,0.25634765625,0.48828125,-0.32958984375,-0.06103515625,-0.20751953125,0.76904296875,0.29296875,0.6103515625,-0.54931640625,0.47607421875,-0.10986328125,0.45166015625,-0.537109375,0.1708984375,-0.048828125,0.32958984375,0.10986328125,1.07421875,-0.0244140625,0.23193359375,-0.048828125,0.23193359375,-0.10986328125,0.28076171875,0.13427734375,0.86669921875,0.10986328125,0.03662109375,-0.15869140625,1.40380859375,-0.2197265625,-0.93994140625,-0.1953125,-0.3173828125,-0.244140625,-1.0009765625,-0.1953125,-0.78125,-0.01220703125,-1.52587890625,-0.03662109375,-0.28076171875,0.06103515625,-0.23193359375,-0.10986328125,-1.20849609375,-0.15869140625,-0.8544921875,-0.06103515625,-0.68359375,0.09765625,-0.927734375,0.2197265625,0.0244140625,-0.25634765625,-0.67138671875,0.1220703125,-1.46484375,-0.0244140625,-1.03759765625,-0.146484375,0.40283203125,-0.03662109375,-0.146484375,-0.09765625,-0.4638671875,-0.0732421875,-0.45166015625,-0.3662109375,-0.57373046875,0.01220703125,0.0244140625,-0.13427734375,0.78125,0.0244140625,-0.5126953125,0.0732421875,-0.47607421875
1,-0.30517578125,-0.4150390625,-0.29296875,-0.29296875,-0.09765625,-0.45166015625,0.06103515625,-0.0244140625,-0.08544921875,1.66015625,0.048828125,0.68359375,0.0244140625,2.40478515625,-0.2685546875,6.23779296875,-0.2685546875,0.68359375,0.439453125,0.927734375,0.03662109375,1.318359375,0.15869140625,1.0986328125,-0.30517578125,-0.10986328125,-0.5126953125,-0.732421875,-0.4150390625,0.927734375,-0.2197265625,0.23193359375,-0.40283203125,-0.32958984375,0.0732421875,-0.830078125,-0.341796875,-0.42724609375,-0.15869140625,-0.7080078125,0.146484375,-0.18310546875,-0.20751953125,-0.62255859375,-0.2685546875,-0.390625,0.390625,0.62255859375,0,1.171875,0.28076171875,0.5126953125,-0.390625,-0.048828125,-0.1708984375,0.7568359375,0.30517578125,0.634765625,-0.5615234375,0.47607421875,-0.1220703125,0.48828125,-0.5615234375,0.20751953125,0.08544921875,0.28076171875,0.13427734375,1.06201171875,-0.0244140625,0.2197265625,-0.048828125,0.2197265625,-0.08544921875,0.29296875,0.1708984375,0.89111328125,0.08544921875,0.0244140625,-0.1708984375,1.3916015625,-0.25634765625,-0.9521484375,-0.18310546875,-0.32958984375,-0.23193359375,-1.0009765625,-0.06103515625,-0.78125,0,-1.5380859375,-0.13427734375,-0.2685546875,0.01220703125,-0.244140625,-0.2197265625,-1.1962890625,-0.09765625,-0.8056640625,-0.01220703125,-0.6591796875,0.06103515625,-0.91552734375,0.18310546875,0.048828125,-0.439453125,-0.7080078125,0.1220703125,-1.4892578125,-0.048828125,-1.0498046875,-0.1220703125,0.40283203125,-0.0244140625,-0.146484375,-0.10986328125,-0.45166015625,-0.06103515625,-0.4638671875,-0.40283203125,-0.54931640625,0,0.048828125,-0.13427734375,0.78125,0.03662109375,-0.50048828125,0.0732421875,-0.47607421875
1,-0.29296875,-0.390625,-0.3173828125,-0.29296875,-0.09765625,-0.42724609375,0.048828125,-0.01220703125,-0.08544921875,1.94091796875,0.0244140625,0.927734375,0.03662109375,2.64892578125,-0.2197265625,7.2998046875,-0.23193359375,-0.06103515625,0.439453125,0.29296875,0.1708984375,0.81787109375,0.10986328125,0.0244140625,-0.28076171875,-0.10986328125,-0.57373046875,-0.7568359375,-0.37841796875,0.91552734375,-0.03662109375,0.23193359375,-0.25634765625,-0.32958984375,0.0732421875,-0.830078125,-0.2685546875,-0.40283203125,-0.146484375,-0.7080078125,0.2685546875,-0.18310546875,-0.2197265625,-0.6591796875,-0.146484375,-0.390625,0.32958984375,0.62255859375,0.06103515625,1.1474609375,0.341796875,0.52490234375,-0.45166015625,-0.03662109375,-0.15869140625,0.76904296875,0.244140625,0.64697265625,-0.57373046875,0.45166015625,-0.13427734375,0.54931640625,-0.4638671875,0.244140625,0.1220703125,0.2685546875,0.10986328125,1.0498046875,-0.03662109375,0.1953125,0,0.23193359375,-0.0732421875,0.28076171875,0.18310546875,0.9033203125,0.0732421875,0.0244140625,-0.20751953125,1.3916015625,-0.29296875,-0.9521484375,-0.1708984375,-0.32958984375,-0.13427734375,-0.9765625,0,-0.76904296875,-0.01220703125,-1.4892578125,-0.20751953125,-0.29296875,-0.06103515625,-0.244140625,-0.1708984375,-1.20849609375,-0.048828125,-0.76904296875,0.0732421875,-0.64697265625,0.08544921875,-0.8056640625,0.146484375,0.048828125,-0.5126953125,-0.732421875,0.0732421875,-1.46484375,-0.0732421875,-1.0498046875,-0.15869140625,0.439453125,0.01220703125,-0.13427734375,-0.08544921875,-0.4638671875,-0.06103515625,-0.4638671875,-0.390625,-0.52490234375,-0.01220703125,0.0732421875,-0.13427734375,0.79345703125,0.01220703125,-0.5126953125,0.0732421875,-0.4638671875
1,-0.244140625,-0.390625,-0.3173828125,-0.30517578125,-0.06103515625,-0.4150390625,0.0732421875,0,-0.10986328125,2.13623046875,0.0244140625,1.123046875,0.01220703125,2.79541015625,-0.341796875,8.09326171875,-0.2197265625,-0.59814453125,0.40283203125,-0.1953125,0.25634765625,0.45166015625,0.0244140625,-0.74462890625,-0.244140625,-0.09765625,-0.6103515625,-0.74462890625,-0.28076171875,0.91552734375,0.09765625,0.244140625,-0.03662109375,-0.30517578125,0.048828125,-0.86669921875,-0.1708984375,-0.40283203125,-0.15869140625,-0.72021484375,0.3662109375,-0.18310546875,-0.1708984375,-0.64697265625,-0.01220703125,-0.37841796875,0.29296875,0.62255859375,0.09765625,1.13525390625,0.390625,0.5126953125,-0.48828125,-0.06103515625,-0.1708984375,0.7568359375,0.146484375,0.68359375,-0.57373046875,0.439453125,-0.048828125,0.6103515625,-0.40283203125,0.29296875,0.1708984375,0.25634765625,0.1220703125,1.0498046875,-0.0244140625,0.18310546875,0.048828125,0.244140625,-0.048828125,0.28076171875,0.2197265625,0.93994140625,0.06103515625,0.048828125,-0.23193359375,1.3671875,-0.2685546875,-0.93994140625,-0.1220703125,-0.3173828125,-0.01220703125,-0.9521484375,0,-0.76904296875,0,-1.47705078125,-0.2685546875,-0.25634765625,-0.20751953125,-0.2685546875,-0.048828125,-1.220703125,-0.0244140625,-0.7080078125,0.0732421875,-0.6591796875,0,-0.72021484375,0.08544921875,0.048828125,-0.47607421875,-0.74462890625,0.01220703125,-1.46484375,-0.10986328125,-1.0498046875,-0.18310546875,0.45166015625,0.0244140625,-0.15869140625,-0.10986328125,-0.45166015625,-0.06103515625,-0.45166015625,-0.35400390625,-0.48828125,0,0.0732421875,-0.1220703125,0.76904296875,0.0244140625,-0.5126953125,0.0732421875,-0.48828125
0,-0.244140625,-0.390625,-0.28076171875,-0.25634765625,-0.03662109375,-0.40283203125,0.0732421875,0.01220703125,-0.08544921875,2.24609375,0.03662109375,1.171875,0.03662109375,2.8564453125,-0.2685546875,8.63037109375,-0.2197265625,-1.025390625,0.30517578125,-0.5615234375,0.1953125,0.23193359375,-0.13427734375,-1.26953125,-0.13427734375,-0.10986328125,-0.62255859375,-0.76904296875,-0.15869140625,0.89111328125,0.1708984375,0.25634765625,0.09765625,-0.30517578125,-0.01220703125,-0.8544921875,-0.0732421875,-0.390625,-0.18310546875,-0.72021484375,0.390625,-0.1953125,-0.0732421875,-0.64697265625,0.08544921875,-0.3662109375,0.244140625,0.6103515625,0.09765625,1.1474609375,0.390625,0.50048828125,-0.48828125,-0.09765625,-0.18310546875,0.7568359375,-0.01220703125,0.64697265625,-0.52490234375,0.439453125,-0.0732421875,0.69580078125,-0.1708984375,0.30517578125,0.244140625,0.244140625,0.0732421875,1.03759765625,-0.03662109375,0.18310546875,0.0732421875,0.2197265625,0,0.29296875,0.2197265625,0.927734375,0.048828125,0.048828125,-0.20751953125,1.3671875,-0.244140625,-0.9521484375,-0.08544921875,-0.3173828125,0.10986328125,-0.9521484375,-0.03662109375,-0.74462890625,-0.03662109375,-1.46484375,-0.29296875,-0.244140625,-0.32958984375,-0.3173828125,0.09765625,-1.2451171875,0.0732421875,-0.7080078125,0.1220703125,-0.68359375,-0.048828125,-0.6591796875,0.09765625,0.0244140625,-0.37841796875,-0.74462890625,-0.0732421875,-1.47705078125,-0.1708984375,-1.0498046875,-0.20751953125,0.47607421875,0.0244140625,-0.15869140625,-0.10986328125,-0.4638671875,-0.048828125,-0.439453125,-0.341796875,-0.47607421875,0,0.048828125,-0.10986328125,0.78125,0.03662109375,-0.48828125,0.048828125,-0.47607421875
0,-0.20751953125,-0.3662109375,-0.25634765625,-0.1953125,-0.01220703125,-0.37841796875,0.0732421875,0.0244140625,-0.10986328125,2.2216796875,0.048828125,1.18408203125,-0.01220703125,2.84423828125,-0.25634765625,8.80126953125,-0.1708984375,-1.28173828125,0.2197265625,-0.76904296875,0.1953125,0.1220703125,-0.1708984375,-1.4892578125,-0.03662109375,-0.1220703125,-0.6103515625,-0.76904296875,-0.03662109375,0.87890625,0.15869140625,0.2685546875,0.23193359375,-0.25634765625,-0.13427734375,-0.86669921875,0.0244140625,-0.390625,-0.1953125,-0.72021484375,0.3662109375,-0.146484375,0.03662109375,-0.64697265625,0.146484375,-0.390625,0.244140625,0.6103515625,0.03662109375,1.171875,0.3662109375,0.47607421875,-0.42724609375,-0.10986328125,-0.18310546875,0.732421875,-0.13427734375,0.6591796875,-0.52490234375,0.439453125,0,0.74462890625,-0.03662109375,0.32958984375,0.28076171875,0.244140625,0.0244140625,1.0498046875,-0.0244140625,0.18310546875,0.10986328125,0.2197265625,0.03662109375,0.30517578125,0.1953125,0.927734375,0.03662109375,0.048828125,-0.1953125,1.35498046875,-0.1708984375,-0.9521484375,-0.048828125,-0.29296875,0.1953125,-0.9521484375,-0.10986328125,-0.732421875,-0.08544921875,-1.46484375,-0.3173828125,-0.2197265625,-0.439453125,-0.32958984375,0.29296875,-1.2451171875,0.10986328125,-0.72021484375,0.13427734375,-0.74462890625,-0.06103515625,-0.62255859375,0.10986328125,-0.0244140625,-0.1708984375,-0.72021484375,-0.15869140625,-1.47705078125,-0.23193359375,-1.0498046875,-0.2197265625,0.4638671875,0.03662109375,-0.146484375,-0.1220703125,-0.47607421875,-0.048828125,-0.37841796875,-0.32958984375,-0.45166015625,-0.0244140625,0.0244140625,-0.09765625,0.8056640625,0.06103515625,-0.47607421875,0.03662109375,-0.5126953125
0,-0.1953125,-0.35400390625,-0.25634765625,-0.1220703125,0.03662109375,-0.3662109375,0.0732421875,0.048828125,-0.10986328125,2.099609375,0.0244140625,1.07421875,-0.0244140625,2.77099609375,-0.29296875,8.65478515625,-0.13427734375,-1.416015625,0.1953125,-0.830078125,0.1220703125,0.1220703125,-0.2197265625,-1.513671875,0.048828125,-0.13427734375,-0.537109375,-0.7568359375,0.0732421875,0.89111328125,0.1220703125,0.244140625,0.30517578125,-0.2685546875,-0.146484375,-0.86669921875,0.03662109375,-0.390625,-0.18310546875,-0.7080078125,0.2685546875,-0.146484375,0.146484375,-0.64697265625,0.15869140625,-0.40283203125,0.23193359375,0.62255859375,-0.01220703125,1.171875,0.25634765625,0.4638671875,-0.341796875,-0.15869140625,-0.15869140625,0.72021484375,-0.244140625,0.64697265625,-0.52490234375,0.45166015625,0.06103515625,0.74462890625,-0.0244140625,0.30517578125,0.32958984375,0.244140625,-0.0244140625,1.07421875,-0.03662109375,0.18310546875,0.1220703125,0.20751953125,0.13427734375,0.341796875,0.1708984375,0.91552734375,0,0.03662109375,-0.1708984375,1.37939453125,-0.10986328125,-0.93994140625,0,-0.29296875,0.18310546875,-0.9521484375,-0.15869140625,-0.732421875,-0.146484375,-1.46484375,-0.28076171875,-0.20751953125,-0.4150390625,-0.3173828125,0.40283203125,-1.26953125,0.15869140625,-0.78125,0.09765625,-0.79345703125,-0.08544921875,-0.59814453125,0.08544921875,-0.06103515625,0,-0.732421875,-0.1953125,-1.45263671875,-0.28076171875,-1.0498046875,-0.23193359375,0.4638671875,0.0244140625,-0.146484375,-0.1220703125,-0.47607421875,-0.06103515625,-0.341796875,-0.35400390625,-0.47607421875,-0.03662109375,0.0244140625,-0.08544921875,0.79345703125,0.06103515625,-0.4638671875,0.03662109375,-0.5126953125
0,-0.1953125,-0.3662109375,-0.28076171875,-0.048828125,0.0732421875,-0.3662109375,0.06103515625,0.06103515625,-0.1220703125,1.953125,0.06103515625,0.927734375,-0.03662109375,2.63671875,-0.30517578125,8.19091796875,-0.146484375,-1.40380859375,0.13427734375,-0.81787109375,-0.03662109375,0.1953125,-0.28076171875,-1.33056640625,0.13427734375,-0.15869140625,-0.47607421875,-0.78125,0.146484375,0.91552734375,0,0.25634765625,0.2197265625,-0.2685546875,-0.20751953125,-0.86669921875,0.01220703125,-0.37841796875,-0.1708984375,-0.7080078125,0.1708984375,-0.15869140625,0.1708984375,-0.64697265625,0.15869140625,-0.3662109375,0.244140625,0.634765625,-0.08544921875,1.1962890625,0.146484375,0.4638671875,-0.2197265625,-0.1708984375,-0.13427734375,0.732421875,-0.30517578125,0.634765625,-0.57373046875,0.4638671875,0.2197265625,0.74462890625,0.0732421875,0.3173828125,0.341796875,0.25634765625,-0.0732421875,1.07421875,-0.0244140625,0.18310546875,0.1220703125,0.23193359375,0.13427734375,0.341796875,0.06103515625,0.9033203125,-0.01220703125,0.0244140625,-0.15869140625,1.3916015625,-0.0732421875,-0.93994140625,0,-0.2685546875,0.146484375,-0.9521484375,-0.1708984375,-0.732421875,-0.1953125,-1.45263671875,-0.23193359375,-0.18310546875,-0.341796875,-0.32958984375,0.390625,-1.26953125,0.20751953125,-0.81787109375,0.048828125,-0.78125,-0.1220703125,-0.62255859375,0.03662109375,-0.08544921875,0.13427734375,-0.69580078125,-0.13427734375,-1.4404296875,-0.3173828125,-1.03759765625,-0.25634765625,0.45166015625,0.03662109375,-0.1220703125,-0.13427734375,-0.50048828125,-0.06103515625,-0.3173828125,-0.3662109375,-0.47607421875,-0.048828125,-0.01220703125,-0.048828125,0.81787109375,0.0732421875,-0.4638671875,0.03662109375,-0.48828125
0,-0.1708984375,-0.3662109375,-0.28076171875,0.0244140625,0.13427734375,-0.40283203125,0.06103515625,0.048828125,-0.13427734375,1.7333984375,0.0244140625,0.74462890625,-0.08544921875,2.45361328125,-0.4638671875,7.4951171875,-0.18310546875,-1.318359375,0.09765625,-0.732421875,-0.244140625,0.30517578125,-0.30517578125,-1.0986328125,0.146484375,-0.1708984375,-0.35400390625,-0.79345703125,0.1708984375,0.9033203125,-0.03662109375,0.25634765625,0.09765625,-0.2685546875,-0.1953125,-0.830078125,-0.048828125,-0.3662109375,-0.1708984375,-0.72021484375,0.09765625,-0.146484375,0.15869140625,-0.6591796875,0.146484375,-0.3662109375,0.29296875,0.62255859375,-0.10986328125,1.1962890625,0.01220703125,0.47607421875,-0.10986328125,-0.1953125,-0.1220703125,0.74462890625,-0.35400390625,0.634765625,-0.634765625,0.47607421875,0.3173828125,0.732421875,-0.01220703125,0.30517578125,0.390625,0.30517578125,-0.13427734375,1.0986328125,-0.03662109375,0.1953125,0.1220703125,0.2197265625,0.146484375,0.341796875,0,0.87890625,-0.0244140625,0.03662109375,-0.146484375,1.3916015625,-0.01220703125,-0.927734375,0,-0.2685546875,0.06103515625,-0.98876953125,-0.13427734375,-0.732421875,-0.23193359375,-1.46484375,-0.18310546875,-0.18310546875,-0.15869140625,-0.341796875,0.32958984375,-1.26953125,0.1953125,-0.830078125,0.03662109375,-0.7568359375,-0.15869140625,-0.6591796875,0,-0.0732421875,0.1708984375,-0.6591796875,-0.01220703125,-1.42822265625,-0.3173828125,-1.0498046875,-0.244140625,0.42724609375,0.06103515625,-0.1220703125,-0.10986328125,-0.50048828125,-0.06103515625,-0.30517578125,-0.341796875,-0.48828125,-0.0732421875,-0.0244140625,-0.06103515625,0.81787109375,0.08544921875,-0.4638671875,0.03662109375,-0.4638671875
0,-0.1708984375,-0.341796875,-0.2685546875,0.06103515625,0.15869140625,-0.40283203125,0.048828125,0.01220703125,-0.1220703125,1.55029296875,0.01220703125,0.52490234375,-0.13427734375,2.2705078125,-0.5615234375,6.67724609375,-0.1953125,-1.15966796875,0.08544921875,-0.64697265625,-0.40283203125,0.4150390625,-0.32958984375,-0.8544921875,0.09765625,-0.1708984375,-0.25634765625,-0.79345703125,0.146484375,0.9033203125,-0.0732421875,0.25634765625,-0.06103515625,-0.244140625,-0.18310546875,-0.830078125,-0.13427734375,-0.35400390625,-0.20751953125,-0.7080078125,0.01220703125,-0.13427734375,0.13427734375,-0.64697265625,0.1220703125,-0.3662109375,0.3173828125,0.634765625,-0.13427734375,1.18408203125,-0.0732421875,0.47607421875,-0.0244140625,-0.1708984375,-0.15869140625,0.76904296875,-0.29296875,0.634765625,-0.69580078125,0.47607421875,0.32958984375,0.72021484375,-0.10986328125,0.30517578125,0.4150390625,0.3173828125,-0.23193359375,1.07421875,-0.06103515625,0.20751953125,0.08544921875,0.2197265625,0.13427734375,0.3173828125,-0.01220703125,0.89111328125,0.01220703125,0.0244140625,-0.146484375,1.37939453125,0.06103515625,-0.91552734375,0.01220703125,-0.2685546875,-0.06103515625,-0.98876953125,-0.09765625,-0.72021484375,-0.2685546875,-1.46484375,-0.10986328125,-0.1708984375,0,-0.3173828125,0.1953125,-1.26953125,0.15869140625,-0.84228515625,0.08544921875,-0.69580078125,-0.15869140625,-0.69580078125,0.0244140625,-0.048828125,0.1220703125,-0.64697265625,0.146484375,-1.45263671875,-0.3173828125,-1.06201171875,-0.23193359375,0.390625,0.06103515625,-0.1220703125,-0.1220703125,-0.50048828125,-0.048828125,-0.29296875,-0.3173828125,-0.48828125,-0.0732421875,-0.01220703125,-0.06103515625,0.8544921875,0.06103515625,-0.45166015625,0.03662109375,-0.45166015625
0,-0.146484375,-0.35400390625,-0.28076171875,0.1220703125,0.1953125,-0.42724609375,0.048828125,0,-0.13427734375,1.3427734375,0,0.32958984375,-0.1708984375,2.11181640625,-0.5859375,5.84716796875,-0.23193359375,-1.0498046875,0.09765625,-0.5615234375,-0.537109375,0.5126953125,-0.341796875,-0.68359375,0.048828125,-0.15869140625,-0.18310546875,-0.8056640625,0.0732421875,0.927734375,-0.08544921875,0.244140625,-0.2685546875,-0.244140625,-0.1953125,-0.84228515625,-0.20751953125,-0.341796875,-0.244140625,-0.7080078125,-0.0244140625,-0.146484375,0.03662109375,-0.6591796875,0.08544921875,-0.35400390625,0.35400390625,0.6103515625,-0.1220703125,1.171875,-0.13427734375,0.50048828125,0.03662109375,-0.146484375,-0.13427734375,0.74462890625,-0.20751953125,0.62255859375,-0.74462890625,0.50048828125,0.5126953125,0.7080078125,-0.1953125,0.29296875,0.37841796875,0.30517578125,-0.29296875,1.08642578125,-0.048828125,0.23193359375,0.06103515625,0.20751953125,0.0732421875,0.32958984375,-0.048828125,0.84228515625,0.0244140625,0.01220703125,-0.15869140625,1.3671875,0.1220703125,-0.91552734375,0.03662109375,-0.25634765625,-0.146484375,-1.0009765625,-0.03662109375,-0.74462890625,-0.28076171875,-1.46484375,-0.06103515625,-0.1953125,0.10986328125,-0.29296875,0.1220703125,-1.23291015625,0.06103515625,-0.81787109375,0.0732421875,-0.5859375,-0.1220703125,-0.72021484375,0.03662109375,0.0244140625,0.048828125,-0.64697265625,0.28076171875,-1.4404296875,-0.3173828125,-1.06201171875,-0.18310546875,0.37841796875,0.048828125,-0.13427734375,-0.1220703125,-0.52490234375,-0.06103515625,-0.3173828125,-0.29296875,-0.5126953125,-0.06103515625,-0.01220703125,-0.03662109375,0.8544921875,0.06103515625,-0.439453125,0.06103515625,-0.45166015625
0,-0.146484375,-0.37841796875,-0.28076171875,0.146484375,0.18310546875,-0.42724609375,0.048828125,-0.03662109375,-0.1220703125,1.20849609375,-0.0244140625,0.18310546875,-0.20751953125,1.98974609375,-0.62255859375,5.126953125,-0.25634765625,-0.9521484375,0.146484375,-0.48828125,-0.54931640625,0.5615234375,-0.28076171875,-0.62255859375,-0.0244140625,-0.15869140625,-0.15869140625,-0.76904296875,-0.048828125,0.9521484375,-0.0732421875,0.244140625,-0.390625,-0.2197265625,-0.1953125,-0.830078125,-0.30517578125,-0.35400390625,-0.29296875,-0.7080078125,-0.0732421875,-0.15869140625,-0.03662109375,-0.6591796875,0.01220703125,-0.35400390625,0.37841796875,0.5859375,-0.10986328125,1.15966796875,-0.1708984375,0.5126953125,0.0732421875,-0.10986328125,-0.08544921875,0.78125,-0.09765625,0.634765625,-0.72021484375,0.48828125,0.57373046875,0.7080078125,-0.244140625,0.29296875,0.32958984375,0.3173828125,-0.28076171875,1.06201171875,-0.0732421875,0.23193359375,0,0.2197265625,0.0732421875,0.3173828125,-0.048828125,0.8544921875,0.08544921875,0.01220703125,-0.1708984375,1.3671875,0.15869140625,-0.9033203125,0.0244140625,-0.25634765625,-0.2197265625,-1.01318359375,0,-0.732421875,-0.25634765625,-1.47705078125,-0.048828125,-0.20751953125,0.15869140625,-0.29296875,0.09765625,-1.220703125,-0.048828125,-0.7568359375,0.0732421875,-0.47607421875,-0.0732421875,-0.72021484375,0.03662109375,0.10986328125,-0.06103515625,-0.64697265625,0.3662109375,-1.4404296875,-0.25634765625,-1.06201171875,-0.1220703125,0.3662109375,0.0244140625,-0.1220703125,-0.10986328125,-0.52490234375,-0.048828125,-0.341796875,-0.30517578125,-0.5126953125,-0.06103515625,0.03662109375,-0.048828125,0.8544921875,0.048828125,-0.45166015625,0.08544921875,-0.42724609375
0,-0.1220703125,-0.37841796875,-0.2685546875,0.1708984375,0.20751953125,-0.45166015625,0.03662109375,-0.06103515625,-0.146484375,1.11083984375,-0.03662109375,0.06103515625,-0.25634765625,1.89208984375,-0.634765625,4.58984375,-0.30517578125,-0.86669921875,0.1708984375,-0.4638671875,-0.52490234375,0.57373046875,-0.2197265625,-0.68359375,-0.08544921875,-0.146484375,-0.1708984375,-0.78125,-0.18310546875,0.9521484375,-0.10986328125,0.244140625,-0.48828125,-0.23193359375,-0.2685546875,-0.84228515625,-0.40283203125,-0.37841796875,-0.32958984375,-0.72021484375,-0.1220703125,-0.15869140625,-0.1220703125,-0.67138671875,-0.0244140625,-0.341796875,0.40283203125,0.57373046875,-0.13427734375,1.1474609375,-0.18310546875,0.537109375,0.1220703125,-0.10986328125,-0.06103515625,0.76904296875,-0.01220703125,0.62255859375,-0.7080078125,0.48828125,0.62255859375,0.732421875,-0.2197265625,0.2685546875,0.20751953125,0.29296875,-0.3173828125,1.07421875,-0.0732421875,0.244140625,0,0.2197265625,0.03662109375,0.30517578125,-0.08544921875,0.87890625,0.13427734375,0.0244140625,-0.1953125,1.37939453125,0.146484375,-0.89111328125,-0.01220703125,-0.25634765625,-0.25634765625,-1.01318359375,-0.0244140625,-0.7568359375,-0.2197265625,-1.4892578125,-0.0732421875,-0.2197265625,0.146484375,-0.25634765625,0.06103515625,-1.20849609375,-0.146484375,-0.69580078125,0.13427734375,-0.37841796875,-0.01220703125,-0.68359375,0.01220703125,0.18310546875,-0.13427734375,-0.6591796875,0.341796875,-1.45263671875,-0.20751953125,-1.07421875,-0.1220703125,0.37841796875,0.03662109375,-0.1220703125,-0.09765625,-0.48828125,-0.06103515625,-0.37841796875,-0.28076171875,-0.5126953125,-0.048828125,0.06103515625,-0.06103515625,0.84228515625,0.03662109375,-0.47607421875,0.09765625,-0.42724609375
0,-0.0732421875,-0.390625,-0.29296875,0.1953125,0.18310546875,-0.45166015625,0,-0.06103515625,-0.1220703125,1.0498046875,-0.048828125,0.0244140625,-0.2685546875,1.8310546875,-0.50048828125,4.26025390625,-0.28076171875,-0.84228515625,0.244140625,-0.47607421875,-0.390625,0.537109375,-0.18310546875,-0.78125,-0.10986328125,-0.146484375,-0.25634765625,-0.76904296875,-0.3173828125,0.9521484375,-0.146484375,0.23193359375,-0.45166015625,-0.25634765625,-0.341796875,-0.84228515625,-0.48828125,-0.390625,-0.3173828125,-0.72021484375,-0.146484375,-0.18310546875,-0.1953125,-0.67138671875,-0.06103515625,-0.32958984375,0.40283203125,0.57373046875,-0.13427734375,1.1474609375,-0.18310546875,0.54931640625,0.13427734375,-0.1220703125,-0.0244140625,0.76904296875,0.06103515625,0.634765625,-0.732421875,0.4638671875,0.67138671875,0.79345703125,-0.1708984375,0.2197265625,0.146484375,0.2685546875,-0.30517578125,1.0498046875,-0.06103515625,0.2685546875,-0.03662109375,0.20751953125,-0.03662109375,0.30517578125,-0.09765625,0.87890625,0.1708984375,0.0244140625,-0.25634765625,1.3427734375,0.13427734375,-0.9033203125,-0.048828125,-0.28076171875,-0.2197265625,-1.01318359375,-0.09765625,-0.76904296875,-0.13427734375,-1.4892578125,-0.08544921875,-0.23193359375,0.0244140625,-0.23193359375,0.08544921875,-1.18408203125,-0.20751953125,-0.634765625,0.01220703125,-0.30517578125,0.03662109375,-0.67138671875,0.01220703125,0.25634765625,-0.1220703125,-0.69580078125,0.29296875,-1.47705078125,-0.146484375,-1.06201171875,-0.08544921875,0.390625,0.03662109375,-0.1220703125,-0.1220703125,-0.47607421875,-0.048828125,-0.4150390625,-0.25634765625,-0.50048828125,-0.048828125,0.0732421875,-0.03662109375,0.84228515625,0.06103515625,-0.47607421875,0.10986328125,-0.4150390625
0,-0.0732421875,-0.390625,-0.32958984375,0.1953125,0.1708984375,-0.42724609375,0,-0.0244140625,-0.146484375,1.0498046875,-0.048828125,0,-0.29296875,1.806640625,-0.5615234375,4.21142578125,-0.25634765625,-0.8544921875,0.341796875,-0.50048828125,-0.1953125,0.48828125,-0.1220703125,-0.9521484375,-0.1220703125,-0.1220703125,-0.32958984375,-0.76904296875,-0.390625,0.9521484375,-0.2197265625,0.244140625,-0.3662109375,-0.29296875,-0.37841796875,-0.8544921875,-0.537109375,-0.4150390625,-0.3662109375,-0.732421875,-0.15869140625,-0.2197265625,-0.2197265625,-0.67138671875,-0.1220703125,-0.35400390625,0.390625,0.5859375,-0.08544921875,1.1474609375,-0.08544921875,0.537109375,0.15869140625,-0.1220703125,-0.01220703125,0.74462890625,0.08544921875,0.62255859375,-0.7080078125,0.4638671875,0.5615234375,0.87890625,-0.1708984375,0.18310546875,0.09765625,0.25634765625,-0.35400390625,1.03759765625,-0.06103515625,0.28076171875,-0.0732421875,0.1953125,-0.06103515625,0.3173828125,-0.146484375,0.91552734375,0.20751953125,0.048828125,-0.2685546875,1.3427734375,0.08544921875,-0.87890625,-0.09765625,-0.29296875,-0.1708984375,-1.0009765625,-0.1708984375,-0.7568359375,-0.048828125,-1.4892578125,-0.09765625,-0.244140625,-0.09765625,-0.244140625,0.10986328125,-1.18408203125,-0.244140625,-0.634765625,-0.0732421875,-0.3173828125,0.01220703125,-0.6591796875,-0.06103515625,0.2685546875,-0.03662109375,-0.732421875,0.146484375,-1.4892578125,-0.09765625,-1.07421875,-0.06103515625,0.4150390625,0,-0.10986328125,-0.10986328125,-0.4638671875,-0.03662109375,-0.4150390625,-0.25634765625,-0.50048828125,-0.048828125,0.09765625,-0.0244140625,0.830078125,0.0732421875,-0.48828125,0.0732421875,-0.42724609375
0,-0.03662109375,-0.390625,-0.244140625,0.18310546875,0.20751953125,-0.4150390625,-0.0244140625,-0.01220703125,-0.15869140625,1.08642578125,-0.03662109375,0.048828125,-0.2685546875,1.8310546875,-0.52490234375,4.35791015625,-0.2197265625,-0.8544921875,0.40283203125,-0.5126953125,-0.03662109375,0.45166015625,-0.08544921875,-1.11083984375,-0.1220703125,-0.1220703125,-0.4150390625,-0.7568359375,-0.4150390625,0.9521484375,-0.32958984375,0.244140625,-0.20751953125,-0.341796875,-0.45166015625,-0.8544921875,-0.537109375,-0.42724609375,-0.40283203125,-0.72021484375,-0.1708984375,-0.20751953125,-0.1953125,-0.67138671875,-0.15869140625,-0.4150390625,0.40283203125,0.54931640625,-0.1220703125,1.15966796875,0.03662109375,0.52490234375,0.146484375,-0.13427734375,0.0244140625,0.732421875,0.048828125,0.62255859375,-0.7080078125,0.45166015625,0.52490234375,0.9521484375,-0.1953125,0.146484375,-0.01220703125,0.244140625,-0.390625,1.03759765625,-0.08544921875,0.2685546875,-0.10986328125,0.1953125,-0.10986328125,0.29296875,-0.20751953125,0.93994140625,0.20751953125,0.06103515625,-0.2685546875,1.3427734375,0.048828125,-0.86669921875,-0.1220703125,-0.30517578125,-0.0732421875,-0.98876953125,-0.23193359375,-0.7568359375,0.01220703125,-1.47705078125,-0.09765625,-0.23193359375,-0.28076171875,-0.23193359375,0.1220703125,-1.171875,-0.18310546875,-0.67138671875,-0.20751953125,-0.4150390625,-0.0244140625,-0.64697265625,-0.0732421875,0.244140625,0.06103515625,-0.7568359375,-0.01220703125,-1.50146484375,-0.0732421875,-1.025390625,-0.0732421875,0.42724609375,0.048828125,-0.10986328125,-0.1220703125,-0.45166015625,-0.06103515625,-0.4150390625,-0.23193359375,-0.48828125,-0.06103515625,0.08544921875,-0.03662109375,0.81787109375,0.0732421875,-0.47607421875,0.06103515625,-0.4638671875
0,-0.048828125,-0.37841796875,-0.2685546875,0.146484375,0.244140625,-0.37841796875,-0.048828125,0.01220703125,-0.1708984375,1.1474609375,-0.048828125,0.146484375,-0.2685546875,1.8798828125,-0.48828125,4.6142578125,-0.23193359375,-0.86669921875,0.40283203125,-0.50048828125,0.0244140625,0.40283203125,-0.10986328125,-1.1962890625,-0.10986328125,-0.10986328125,-0.45166015625,-0.7568359375,-0.4150390625,0.9521484375,-0.3662109375,0.244140625,-0.06103515625,-0.3662109375,-0.42724609375,-0.86669921875,-0.48828125,-0.42724609375,-0.42724609375,-0.72021484375,-0.146484375,-0.2197265625,-0.09765625,-0.64697265625,-0.25634765625,-0.439453125,0.40283203125,0.5615234375,-0.0732421875,1.18408203125,0.15869140625,0.50048828125,0.10986328125,-0.13427734375,0.0244140625,0.7080078125,-0.01220703125,0.64697265625,-0.732421875,0.42724609375,0.42724609375,1.03759765625,-0.244140625,0.13427734375,-0.13427734375,0.23193359375,-0.35400390625,1.03759765625,-0.06103515625,0.244140625,-0.10986328125,0.2197265625,-0.1708984375,0.3173828125,-0.1953125,0.96435546875,0.1953125,0.0732421875,-0.244140625,1.33056640625,0.01220703125,-0.9033203125,-0.146484375,-0.3173828125,0.048828125,-0.9765625,-0.23193359375,-0.74462890625,0.0732421875,-1.47705078125,-0.1220703125,-0.20751953125,-0.3662109375,-0.2197265625,0.10986328125,-1.18408203125,-0.10986328125,-0.732421875,-0.18310546875,-0.52490234375,-0.048828125,-0.64697265625,-0.0732421875,0.15869140625,0.146484375,-0.7568359375,-0.15869140625,-1.50146484375,-0.08544921875,-1.025390625,-0.048828125,0.42724609375,0.03662109375,-0.09765625,-0.146484375,-0.4150390625,-0.048828125,-0.4150390625,-0.2685546875,-0.47607421875,-0.03662109375,0.06103515625,-0.03662109375,0.81787109375,0.0732421875,-0.4638671875,0.048828125,-0.4638671875
0,-0.0244140625,-0.3662109375,-0.3173828125,0.09765625,0.23193359375,-0.35400390625,-0.06103515625,0.03662109375,-0.1708984375,1.1962890625,-0.06103515625,0.1953125,-0.25634765625,1.94091796875,-0.4150390625,4.89501953125,-0.1708984375,-0.8544921875,0.50048828125,-0.4638671875,0.1220703125,0.42724609375,0.01220703125,-1.20849609375,-0.0732421875,-0.1220703125,-0.48828125,-0.74462890625,-0.341796875,0.9521484375,-0.42724609375,0.244140625,0.06103515625,-0.341796875,-0.390625,-0.830078125,-0.45166015625,-0.42724609375,-0.40283203125,-0.72021484375,-0.10986328125,-0.20751953125,-0.03662109375,-0.634765625,-0.29296875,-0.4150390625,0.45166015625,0.57373046875,-0.03662109375,1.1962890625,0.23193359375,0.47607421875,0.06103515625,-0.1708984375,-0.0244140625,0.72021484375,-0.048828125,0.64697265625,-0.67138671875,0.439453125,0.37841796875,1.15966796875,-0.32958984375,0.08544921875,-0.2197265625,0.23193359375,-0.35400390625,1.0498046875,-0.08544921875,0.244140625,-0.10986328125,0.2197265625,-0.23193359375,0.3173828125,-0.1953125,0.9765625,0.20751953125,0.06103515625,-0.18310546875,1.3427734375,-0.0244140625,-0.89111328125,-0.146484375,-0.30517578125,0.1220703125,-0.96435546875,-0.18310546875,-0.732421875,0.09765625,-1.47705078125,-0.1220703125,-0.20751953125,-0.4150390625,-0.244140625,0.0244140625,-1.20849609375,-0.0244140625,-0.81787109375,-0.1708984375,-0.634765625,-0.048828125,-0.6591796875,-0.03662109375,0.06103515625,0.15869140625,-0.74462890625,-0.28076171875,-1.46484375,-0.09765625,-1.01318359375,0,0.45166015625,0.03662109375,-0.08544921875,-0.146484375,-0.45166015625,-0.06103515625,-0.37841796875,-0.244140625,-0.4638671875,-0.048828125,0.03662109375,-0.0732421875,0.830078125,0.0732421875,-0.45166015625,0.0244140625,-0.50048828125
1,-0.01220703125,-0.3662109375,-0.25634765625,0.0244140625,0.23193359375,-0.35400390625,-0.0732421875,0.03662109375,-0.1708984375,1.23291015625,-0.0732421875,0.244140625,-0.2685546875,1.9775390625,-0.3662109375,5.1025390625,-0.1708984375,-0.81787109375,0.52490234375,-0.37841796875,0.146484375,0.48828125,0.13427734375,-1.0986328125,-0.03662109375,-0.1220703125,-0.48828125,-0.7568359375,-0.25634765625,0.93994140625,-0.40283203125,0.25634765625,0.13427734375,-0.30517578125,-0.29296875,-0.84228515625,-0.37841796875,-0.40283203125,-0.37841796875,-0.68359375,-0.03662109375,-0.18310546875,0.048828125,-0.634765625,-0.341796875,-0.37841796875,0.47607421875,0.59814453125,-0.03662109375,1.20849609375,0.2197265625,0.45166015625,0.048828125,-0.15869140625,-0.0732421875,0.72021484375,-0.0732421875,0.64697265625,-0.76904296875,0.45166015625,0.5126953125,1.23291015625,-0.3662109375,0.08544921875,-0.28076171875,0.244140625,-0.341796875,1.06201171875,-0.09765625,0.23193359375,-0.08544921875,0.2197265625,-0.30517578125,0.32958984375,-0.1953125,0.927734375,0.15869140625,0.06103515625,-0.1220703125,1.37939453125,-0.0732421875,-0.9033203125,-0.146484375,-0.29296875,0.146484375,-0.9765625,-0.09765625,-0.7080078125,0.0732421875,-1.46484375,-0.1220703125,-0.20751953125,-0.40283203125,-0.29296875,-0.08544921875,-1.220703125,0.03662109375,-0.9033203125,-0.1220703125,-0.74462890625,-0.08544921875,-0.732421875,-0.01220703125,-0.0244140625,0.10986328125,-0.732421875,-0.3173828125,-1.45263671875,-0.09765625,-1.025390625,0.03662109375,0.4638671875,0.06103515625,-0.0732421875,-0.13427734375,-0.45166015625,-0.03662109375,-0.390625,-0.2197265625,-0.45166015625,-0.06103515625,0,-0.0732421875,0.86669921875,0.0732421875,-0.45166015625,0.01220703125,-0.5126953125
1,0,-0.35400390625,-0.32958984375,-0.048828125,0.23193359375,-0.32958984375,-0.09765625,0.03662109375,-0.15869140625,1.220703125,-0.09765625,0.25634765625,-0.244140625,1.96533203125,-0.3173828125,5.11474609375,-0.20751953125,-0.76904296875,0.4638671875,-0.25634765625,0.0732421875,0.57373046875,0.1708984375,-0.91552734375,0,-0.15869140625,-0.439453125,-0.7568359375,-0.18310546875,0.9521484375,-0.32958984375,0.2685546875,0.10986328125,-0.30517578125,-0.13427734375,-0.8544921875,-0.3173828125,-0.4150390625,-0.341796875,-0.72021484375,0.01220703125,-0.20751953125,0.06103515625,-0.62255859375,-0.29296875,-0.37841796875,0.50048828125,0.5615234375,0,1.20849609375,0.20751953125,0.4638671875,0.01220703125,-0.15869140625,-0.0732421875,0.732421875,-0.08544921875,0.62255859375,-0.76904296875,0.45166015625,0.48828125,1.33056640625,-0.35400390625,0.09765625,-0.3662109375,0.25634765625,-0.28076171875,1.07421875,-0.1220703125,0.23193359375,-0.0732421875,0.23193359375,-0.3662109375,0.32958984375,-0.18310546875,0.86669921875,0.1708984375,0.0732421875,-0.06103515625,1.37939453125,-0.10986328125,-0.927734375,-0.10986328125,-0.28076171875,0.1708984375,-0.98876953125,0,-0.72021484375,0.03662109375,-1.47705078125,-0.13427734375,-0.20751953125,-0.30517578125,-0.30517578125,-0.146484375,-1.2451171875,0.0732421875,-0.98876953125,-0.06103515625,-0.732421875,-0.13427734375,-0.81787109375,0.01220703125,-0.08544921875,0,-0.72021484375,-0.244140625,-1.4404296875,-0.15869140625,-1.025390625,0.0732421875,0.45166015625,0.0244140625,-0.08544921875,-0.146484375,-0.4638671875,-0.048828125,-0.37841796875,-0.23193359375,-0.50048828125,-0.06103515625,0,-0.0732421875,0.86669921875,0.08544921875,-0.45166015625,0.03662109375,-0.50048828125
1,0.03662109375,-0.341796875,-0.28076171875,-0.15869140625,0.23193359375,-0.341796875,-0.08544921875,0.0244140625,-0.146484375,1.1474609375,-0.1220703125,0.18310546875,-0.2197265625,1.91650390625,-0.1220703125,4.8095703125,-0.1708984375,-0.62255859375,0.5126953125,-0.09765625,0,0.7080078125,0.29296875,-0.67138671875,0,-0.15869140625,-0.35400390625,-0.7568359375,-0.08544921875,0.9521484375,-0.25634765625,0.244140625,0.06103515625,-0.341796875,0,-0.86669921875,-0.2685546875,-0.42724609375,-0.341796875,-0.7080078125,0.0732421875,-0.1953125,0.0732421875,-0.62255859375,-0.244140625,-0.439453125,0.52490234375,0.5615234375,0,1.18408203125,0.1708984375,0.4638671875,-0.01220703125,-0.13427734375,-0.048828125,0.7568359375,-0.09765625,0.62255859375,-0.8056640625,0.4638671875,0.20751953125,1.37939453125,-0.29296875,0.09765625,-0.45166015625,0.25634765625,-0.23193359375,1.06201171875,-0.1220703125,0.2197265625,-0.0732421875,0.244140625,-0.37841796875,0.29296875,-0.1708984375,0.84228515625,0.10986328125,0.08544921875,0.0244140625,1.3916015625,-0.146484375,-0.927734375,-0.06103515625,-0.28076171875,0.09765625,-1.0009765625,0.1220703125,-0.72021484375,0,-1.47705078125,-0.146484375,-0.23193359375,-0.13427734375,-0.32958984375,-0.2197265625,-1.25732421875,0.048828125,-0.9765625,0,-0.62255859375,-0.1953125,-0.81787109375,-0.01220703125,-0.0732421875,-0.146484375,-0.68359375,-0.1220703125,-1.42822265625,-0.20751953125,-1.025390625,0.0732421875,0.45166015625,0.08544921875,-0.08544921875,-0.13427734375,-0.47607421875,-0.048828125,-0.40283203125,-0.23193359375,-0.50048828125,-0.0732421875,0.0244140625,-0.08544921875,0.89111328125,0.06103515625,-0.47607421875,0.06103515625,-0.47607421875
1,0.06103515625,-0.3662109375,-0.1953125,-0.20751953125,0.244140625,-0.35400390625,-0.0732421875,0.03662109375,-0.146484375,1.0009765625,-0.146484375,0.0732421875,-0.23193359375,1.806640625,-0.10986328125,4.2236328125,-0.23193359375,-0.439453125,0.42724609375,0.08544921875,-0.1220703125,0.84228515625,0.3173828125,-0.439453125,0.048828125,-0.146484375,-0.28076171875,-0.76904296875,-0.03662109375,0.93994140625,-0.1708984375,0.25634765625,-0.03662109375,-0.32958984375,0.09765625,-0.8544921875,-0.2197265625,-0.42724609375,-0.28076171875,-0.69580078125,0.13427734375,-0.18310546875,0.048828125,-0.6103515625,-0.13427734375,-0.439453125,0.50048828125,0.57373046875,-0.01220703125,1.171875,0.1220703125,0.47607421875,-0.03662109375,-0.1220703125,-0.0244140625,0.7568359375,-0.10986328125,0.62255859375,-0.7568359375,0.47607421875,0.18310546875,1.42822265625,-0.2197265625,0.13427734375,-0.48828125,0.2685546875,-0.1708984375,1.08642578125,-0.146484375,0.20751953125,-0.08544921875,0.25634765625,-0.42724609375,0.29296875,-0.15869140625,0.79345703125,0.09765625,0.08544921875,0.06103515625,1.40380859375,-0.146484375,-0.927734375,-0.01220703125,-0.244140625,0.0732421875,-1.0009765625,0.1953125,-0.732421875,-0.03662109375,-1.4892578125,-0.146484375,-0.244140625,0.01220703125,-0.341796875,-0.20751953125,-1.25732421875,0.09765625,-0.89111328125,0.09765625,-0.3662109375,-0.2197265625,-0.79345703125,0,0,-0.2685546875,-0.68359375,0.03662109375,-1.416015625,-0.2197265625,-1.03759765625,0.0732421875,0.42724609375,0.0732421875,-0.10986328125,-0.10986328125,-0.50048828125,-0.048828125,-0.40283203125,-0.2197265625,-0.52490234375,-0.06103515625,0.03662109375,-0.08544921875,0.87890625,0.03662109375,-0.48828125,0.08544921875,-0.48828125
1,0.09765625,-0.37841796875,-0.23193359375,-0.244140625,0.23193359375,-0.40283203125,-0.08544921875,0.01220703125,-0.09765625,0.8056640625,-0.146484375,-0.10986328125,-0.244140625,1.6357421875,0.09765625,3.369140625,-0.25634765625,-0.2197265625,0.3662109375,0.29296875,-0.23193359375,1.01318359375,0.28076171875,-0.18310546875,0.06103515625,-0.13427734375,-0.2197265625,-0.78125,-0.01220703125,0.91552734375,-0.10986328125,0.244140625,-0.13427734375,-0.3173828125,0.1220703125,-0.8544921875,-0.15869140625,-0.40283203125,-0.29296875,-0.69580078125,0.1953125,-0.1708984375,-0.0244140625,-0.5859375,0,-0.439453125,0.439453125,0.5859375,-0.0244140625,1.1474609375,0.048828125,0.50048828125,-0.03662109375,-0.10986328125,0.0244140625,0.7568359375,-0.09765625,0.62255859375,-0.69580078125,0.47607421875,0.03662109375,1.47705078125,-0.25634765625,0.146484375,-0.48828125,0.28076171875,-0.08544921875,1.07421875,-0.1220703125,0.20751953125,-0.0732421875,0.23193359375,-0.42724609375,0.30517578125,-0.15869140625,0.7568359375,0.08544921875,0.048828125,0.09765625,1.3916015625,-0.08544921875,-0.9521484375,0.03662109375,-0.2685546875,0.0244140625,-1.03759765625,0.244140625,-0.78125,-0.0732421875,-1.50146484375,-0.15869140625,-0.28076171875,0.13427734375,-0.341796875,-0.146484375,-1.25732421875,0.08544921875,-0.72021484375,0.0732421875,0.09765625,-0.25634765625,-0.68359375,-0.01220703125,0.20751953125,-0.32958984375,-0.68359375,0.1220703125,-1.40380859375,-0.3173828125,-1.06201171875,0.06103515625,0.40283203125,0.0732421875,-0.1220703125,-0.10986328125,-0.50048828125,-0.048828125,-0.390625,-0.20751953125,-0.54931640625,-0.0732421875,0.048828125,-0.08544921875,0.89111328125,0.048828125,-0.48828125,0.09765625,-0.4638671875
1,0.10986328125,-0.37841796875,-0.18310546875,-0.28076171875,0.244140625,-0.40283203125,-0.0732421875,0,-0.10986328125,0.57373046875,-0.13427734375,-0.32958984375,-0.25634765625,1.416015625,0.18310546875,2.294921875,-0.2685546875,0.01220703125,0.29296875,0.439453125,-0.20751953125,1.18408203125,0.20751953125,-0.01220703125,0.08544921875,-0.10986328125,-0.15869140625,-0.78125,-0.01220703125,0.927734375,-0.0244140625,0.25634765625,-0.15869140625,-0.3173828125,0.08544921875,-0.86669921875,-0.09765625,-0.40283203125,-0.2197265625,-0.69580078125,0.244140625,-0.1708984375,-0.08544921875,-0.59814453125,0.146484375,-0.45166015625,0.4150390625,0.5615234375,-0.1220703125,1.13525390625,-0.0244140625,0.5126953125,-0.03662109375,-0.08544921875,0.048828125,0.78125,-0.048828125,0.634765625,-0.6103515625,0.45166015625,0.048828125,1.47705078125,-0.28076171875,0.1953125,-0.45166015625,0.28076171875,-0.048828125,1.07421875,-0.13427734375,0.1953125,-0.0732421875,0.244140625,-0.390625,0.30517578125,-0.10986328125,0.732421875,0.03662109375,0.048828125,0.09765625,1.3916015625,-0.03662109375,-0.91552734375,0.03662109375,-0.2685546875,0.01220703125,-1.025390625,0.28076171875,-0.7568359375,-0.13427734375,-1.47705078125,-0.15869140625,-0.2685546875,0.1708984375,-0.30517578125,-0.0732421875,-1.23291015625,0.13427734375,-0.4150390625,0.1220703125,0.68359375,-0.2197265625,-0.5126953125,0.01220703125,0.45166015625,-0.341796875,-0.67138671875,0.1708984375,-1.42822265625,-0.32958984375,-1.0498046875,0.0732421875,0.37841796875,0.08544921875,-0.146484375,-0.09765625,-0.48828125,-0.048828125,-0.4150390625,-0.18310546875,-0.5859375,-0.08544921875,0.03662109375,-0.0732421875,0.86669921875,0.03662109375,-0.50048828125,0.10986328125,-0.4638671875
1,0.13427734375,-0.4150390625,-0.23193359375,-0.30517578125,0.28076171875,-0.42724609375,-0.0732421875,0.01220703125,-0.10986328125,0.32958984375,-0.146484375,-0.5615234375,-0.28076171875,1.18408203125,0.244140625,1.18408203125,-0.37841796875,0.244140625,0.15869140625,0.634765625,-0.28076171875,1.33056640625,-0.01220703125,0.10986328125,0.10986328125,-0.10986328125,-0.13427734375,-0.78125,-0.048828125,0.927734375,-0.01220703125,0.244140625,-0.13427734375,-0.341796875,0.01220703125,-0.89111328125,-0.09765625,-0.40283203125,-0.1953125,-0.7080078125,0.2685546875,-0.18310546875,-0.13427734375,-0.6103515625,0.2685546875,-0.47607421875,0.40283203125,0.57373046875,-0.18310546875,1.13525390625,-0.1708984375,0.5126953125,-0.0244140625,-0.09765625,0.0244140625,0.76904296875,-0.0732421875,0.62255859375,-0.48828125,0.439453125,-0.048828125,1.42822265625,-0.29296875,0.20751953125,-0.42724609375,0.30517578125,0,1.07421875,-0.10986328125,0.23193359375,-0.1220703125,0.23193359375,-0.32958984375,0.30517578125,-0.06103515625,0.74462890625,0.01220703125,0.048828125,0.0732421875,1.3916015625,0.01220703125,-0.91552734375,0.0244140625,-0.29296875,0.01220703125,-1.0498046875,0.244140625,-0.79345703125,-0.146484375,-1.513671875,-0.146484375,-0.30517578125,0.146484375,-0.30517578125,0.08544921875,-1.25732421875,0.146484375,-0.01220703125,0.01220703125,1.42822265625,-0.23193359375,-0.2197265625,-0.01220703125,0.78125,-0.244140625,-0.68359375,0.15869140625,-1.4404296875,-0.341796875,-1.07421875,0.08544921875,0.40283203125,0.08544921875,-0.13427734375,-0.0732421875,-0.47607421875,-0.048828125,-0.390625,-0.1953125,-0.5615234375,-0.08544921875,0.06103515625,-0.09765625,0.84228515625,0.06103515625,-0.50048828125,0.1220703125,-0.47607421875
1,0.18310546875,-0.40283203125,-0.23193359375,-0.29296875,0.30517578125,-0.42724609375,-0.08544921875,-0.01220703125,-0.09765625,0.13427734375,-0.13427734375,-0.8056640625,-0.28076171875,1.0009765625,0.3173828125,0.18310546875,-0.3662109375,0.45166015625,0.09765625,0.79345703125,-0.35400390625,1.416015625,-0.28076171875,0.146484375,0.13427734375,-0.08544921875,-0.15869140625,-0.7568359375,-0.08544921875,0.9521484375,-0.048828125,0.244140625,-0.0732421875,-0.2685546875,-0.0732421875,-0.8544921875,-0.10986328125,-0.40283203125,-0.18310546875,-0.7080078125,0.25634765625,-0.13427734375,-0.15869140625,-0.634765625,0.341796875,-0.4150390625,0.42724609375,0.5859375,-0.2685546875,1.11083984375,-0.2685546875,0.5126953125,-0.01220703125,-0.09765625,-0.03662109375,0.74462890625,-0.06103515625,0.634765625,-0.37841796875,0.4150390625,-0.1220703125,1.37939453125,-0.3173828125,0.1953125,-0.37841796875,0.28076171875,0.0732421875,1.07421875,-0.0732421875,0.23193359375,-0.13427734375,0.2197265625,-0.2685546875,0.29296875,-0.0244140625,0.7568359375,0,0.0244140625,0.06103515625,1.3916015625,0.08544921875,-0.93994140625,0.03662109375,-0.3173828125,-0.01220703125,-1.0498046875,0.2197265625,-0.78125,-0.146484375,-1.50146484375,-0.10986328125,-0.29296875,0.1220703125,-0.29296875,0.15869140625,-1.2451171875,0.1220703125,0.4150390625,0.03662109375,2.2705078125,-0.20751953125,0.13427734375,-0.06103515625,1.1962890625,-0.06103515625,-0.68359375,0.1220703125,-1.45263671875,-0.35400390625,-1.06201171875,0.06103515625,0.4150390625,0.0732421875,-0.1220703125,-0.06103515625,-0.439453125,-0.06103515625,-0.390625,-0.2197265625,-0.5615234375,-0.08544921875,0.06103515625,-0.08544921875,0.830078125,0.06103515625,-0.50048828125,0.08544921875,-0.47607421875
1,0.18310546875,-0.390625,-0.18310546875,-0.2685546875,0.32958984375,-0.42724609375,-0.09765625,0,-0.1220703125,-0.06103515625,-0.1220703125,-0.96435546875,-0.29296875,0.84228515625,0.30517578125,-0.59814453125,-0.40283203125,0.59814453125,0.06103515625,0.9033203125,-0.4638671875,1.46484375,-0.5126953125,0.13427734375,0.146484375,-0.10986328125,-0.20751953125,-0.76904296875,-0.1220703125,0.9521484375,-0.09765625,0.23193359375,-0.01220703125,-0.25634765625,-0.1220703125,-0.8544921875,-0.1708984375,-0.390625,-0.146484375,-0.72021484375,0.1953125,-0.15869140625,-0.13427734375,-0.68359375,0.3662109375,-0.4150390625,0.4150390625,0.59814453125,-0.341796875,1.1474609375,-0.35400390625,0.5126953125,0.03662109375,-0.13427734375,-0.09765625,0.74462890625,-0.03662109375,0.634765625,-0.29296875,0.42724609375,-0.244140625,1.30615234375,-0.35400390625,0.1953125,-0.2685546875,0.30517578125,0.13427734375,1.07421875,-0.06103515625,0.25634765625,-0.1708984375,0.2197265625,-0.1953125,0.3173828125,0.03662109375,0.79345703125,0,0.0244140625,0,1.3671875,0.10986328125,-0.93994140625,-0.01220703125,-0.30517578125,0,-1.01318359375,0.06103515625,-0.78125,-0.10986328125,-1.4892578125,-0.06103515625,-0.28076171875,0.06103515625,-0.2685546875,0.2685546875,-1.20849609375,0.09765625,0.86669921875,0.048828125,3.125,-0.13427734375,0.50048828125,-0.08544921875,1.5869140625,0.1220703125,-0.7080078125,0.08544921875,-1.45263671875,-0.3173828125,-1.08642578125,0.048828125,0.42724609375,0.09765625,-0.09765625,-0.048828125,-0.42724609375,-0.06103515625,-0.40283203125,-0.1953125,-0.52490234375,-0.10986328125,0.048828125,-0.09765625,0.86669921875,0.09765625,-0.5126953125,0.08544921875,-0.48828125
1,0.1953125,-0.390625,-0.23193359375,-0.23193359375,0.32958984375,-0.40283203125,-0.10986328125,0,-0.1220703125,-0.10986328125,-0.13427734375,-1.0498046875,-0.29296875,0.732421875,0.28076171875,-0.96435546875,-0.42724609375,0.72021484375,0.10986328125,0.98876953125,-0.52490234375,1.513671875,-0.634765625,0.10986328125,0.13427734375,-0.09765625,-0.2197265625,-0.74462890625,-0.15869140625,0.96435546875,-0.146484375,0.23193359375,0,-0.25634765625,-0.1708984375,-0.84228515625,-0.244140625,-0.40283203125,-0.18310546875,-0.72021484375,0.048828125,-0.146484375,-0.09765625,-0.67138671875,0.30517578125,-0.40283203125,0.42724609375,0.5859375,-0.341796875,1.171875,-0.341796875,0.5126953125,0.048828125,-0.18310546875,-0.1708984375,0.74462890625,-0.06103515625,0.6591796875,-0.1953125,0.4150390625,-0.1708984375,1.20849609375,-0.390625,0.15869140625,-0.10986328125,0.28076171875,0.146484375,1.08642578125,-0.01220703125,0.244140625,-0.1708984375,0.2197265625,-0.1708984375,0.3173828125,0.08544921875,0.830078125,-0.03662109375,0.0244140625,-0.09765625,1.35498046875,0.10986328125,-0.9033203125,-0.0244140625,-0.3173828125,0,-1.025390625,-0.06103515625,-0.76904296875,-0.08544921875,-1.47705078125,0.0244140625,-0.25634765625,0.01220703125,-0.25634765625,0.3173828125,-1.1962890625,0,1.2939453125,-0.03662109375,3.94287109375,-0.09765625,0.89111328125,-0.13427734375,1.953125,0.30517578125,-0.732421875,0.01220703125,-1.47705078125,-0.25634765625,-1.07421875,0,0.4638671875,0.09765625,-0.09765625,-0.048828125,-0.4150390625,-0.06103515625,-0.37841796875,-0.146484375,-0.48828125,-0.1220703125,0.0244140625,-0.06103515625,0.8544921875,0.10986328125,-0.48828125,0.09765625,-0.48828125
1,0.1953125,-0.390625,-0.13427734375,-0.1953125,0.341796875,-0.37841796875,-0.13427734375,0.01220703125,-0.10986328125,-0.10986328125,-0.10986328125,-1.03759765625,-0.25634765625,0.74462890625,0.20751953125,-0.927734375,-0.4638671875,0.7568359375,0.1708984375,1.06201171875,-0.6103515625,1.50146484375,-0.62255859375,0.048828125,0.0732421875,-0.1220703125,-0.28076171875,-0.732421875,-0.1708984375,0.9521484375,-0.2197265625,0.244140625,0,-0.244140625,-0.1953125,-0.8544921875,-0.32958984375,-0.37841796875,-0.20751953125,-0.69580078125,-0.15869140625,-0.146484375,-0.03662109375,-0.68359375,0.1708984375,-0.390625,0.4638671875,0.6103515625,-0.3173828125,1.1962890625,-0.3173828125,0.48828125,0.01220703125,-0.20751953125,-0.1953125,0.732421875,-0.06103515625,0.67138671875,-0.15869140625,0.45166015625,-0.2197265625,1.0986328125,-0.4150390625,0.146484375,0.0244140625,0.244140625,0.1708984375,1.07421875,-0.03662109375,0.244140625,-0.15869140625,0.2197265625,-0.13427734375,0.30517578125,0.146484375,0.89111328125,-0.09765625,0.0244140625,-0.13427734375,1.3427734375,0.0732421875,-0.89111328125,-0.0732421875,-0.341796875,-0.03662109375,-1.0009765625,-0.18310546875,-0.7568359375,-0.0244140625,-1.4892578125,0.06103515625,-0.23193359375,0.03662109375,-0.29296875,0.3173828125,-1.220703125,-0.08544921875,1.67236328125,-0.1708984375,4.7119140625,-0.0732421875,1.23291015625,-0.13427734375,2.2705078125,0.40283203125,-0.732421875,-0.01220703125,-1.47705078125,-0.2197265625,-1.025390625,-0.0244140625,0.47607421875,0.10986328125,-0.0732421875,-0.01220703125,-0.4150390625,-0.0732421875,-0.3662109375,-0.10986328125,-0.50048828125,-0.1220703125,0.01220703125,-0.0732421875,0.8544921875,0.10986328125,-0.4638671875,0.10986328125,-0.50048828125
1,0.1953125,-0.37841796875,-0.13427734375,-0.15869140625,0.37841796875,-0.37841796875,-0.1708984375,0.0244140625,-0.09765625,-0.01220703125,-0.13427734375,-0.927734375,-0.244140625,0.84228515625,0.18310546875,-0.42724609375,-0.48828125,0.76904296875,0.244140625,1.0498046875,-0.7080078125,1.47705078125,-0.5126953125,0.0244140625,0,-0.1220703125,-0.28076171875,-0.72021484375,-0.2197265625,0.93994140625,-0.30517578125,0.244140625,-0.09765625,-0.23193359375,-0.1708984375,-0.8544921875,-0.42724609375,-0.37841796875,-0.20751953125,-0.7080078125,-0.32958984375,-0.146484375,0,-0.67138671875,0.0244140625,-0.37841796875,0.47607421875,0.6103515625,-0.244140625,1.1962890625,-0.28076171875,0.48828125,-0.0244140625,-0.20751953125,-0.1953125,0.72021484375,-0.048828125,0.68359375,-0.1220703125,0.4638671875,-0.08544921875,0.98876953125,-0.40283203125,0.09765625,0.10986328125,0.23193359375,0.15869140625,1.06201171875,-0.0244140625,0.23193359375,-0.13427734375,0.1953125,-0.10986328125,0.30517578125,0.1708984375,0.9033203125,-0.1220703125,0.0244140625,-0.18310546875,1.3427734375,0.048828125,-0.9033203125,-0.1220703125,-0.341796875,-0.0732421875,-0.98876953125,-0.28076171875,-0.74462890625,0.0244140625,-1.47705078125,0.1220703125,-0.20751953125,0.03662109375,-0.3173828125,0.29296875,-1.23291015625,-0.146484375,1.953125,-0.25634765625,5.35888671875,-0.0244140625,1.47705078125,-0.10986328125,2.5390625,0.4638671875,-0.732421875,-0.0244140625,-1.47705078125,-0.146484375,-1.01318359375,0.01220703125,0.47607421875,0.1220703125,-0.06103515625,0,-0.42724609375,-0.06103515625,-0.35400390625,-0.10986328125,-0.47607421875,-0.13427734375,0,-0.048828125,0.89111328125,0.1220703125,-0.47607421875,0.09765625,-0.50048828125
1,0.2197265625,-0.3662109375,-0.1708984375,-0.15869140625,0.390625,-0.37841796875,-0.1708984375,0.06103515625,-0.09765625,0.18310546875,-0.146484375,-0.72021484375,-0.23193359375,1.03759765625,0.15869140625,0.4638671875,-0.52490234375,0.68359375,0.341796875,1.0498046875,-0.7080078125,1.47705078125,-0.341796875,-0.0244140625,-0.10986328125,-0.1220703125,-0.32958984375,-0.72021484375,-0.244140625,0.9521484375,-0.390625,0.2685546875,-0.20751953125,-0.25634765625,-0.0732421875,-0.8544921875,-0.48828125,-0.390625,-0.23193359375,-0.72021484375,-0.45166015625,-0.15869140625,0.0244140625,-0.68359375,-0.10986328125,-0.390625,0.52490234375,0.62255859375,-0.15869140625,1.220703125,-0.2685546875,0.47607421875,-0.06103515625,-0.20751953125,-0.20751953125,0.732421875,-0.03662109375,0.68359375,-0.146484375,0.47607421875,0,0.87890625,-0.3662109375,0.09765625,0.1708984375,0.20751953125,0.18310546875,1.07421875,-0.0732421875,0.1953125,-0.08544921875,0.20751953125,-0.0732421875,0.3173828125,0.1953125,0.91552734375,-0.13427734375,0.03662109375,-0.2197265625,1.35498046875,-0.0244140625,-0.9033203125,-0.15869140625,-0.32958984375,-0.15869140625,-0.98876953125,-0.25634765625,-0.732421875,0.03662109375,-1.46484375,0.146484375,-0.1953125,0.0732421875,-0.3173828125,0.20751953125,-1.220703125,-0.20751953125,2.11181640625,-0.15869140625,5.82275390625,0.01220703125,1.611328125,-0.048828125,2.685546875,0.4150390625,-0.732421875,-0.03662109375,-1.46484375,-0.08544921875,-1.0009765625,0.048828125,0.47607421875,0.1220703125,-0.06103515625,-0.01220703125,-0.439453125,-0.06103515625,-0.341796875,-0.1220703125,-0.4638671875,-0.146484375,0.0244140625,-0.0244140625,0.87890625,0.1220703125,-0.439453125,0.09765625,-0.50048828125
1,0.2197265625,-0.3662109375,-0.1708984375,-0.1708984375,0.35400390625,-0.37841796875,-0.1953125,0.048828125,-0.09765625,0.45166015625,-0.1220703125,-0.439453125,-0.20751953125,1.2939453125,0.13427734375,1.6357421875,-0.52490234375,0.62255859375,0.42724609375,1.0009765625,-0.7080078125,1.42822265625,-0.1220703125,-0.048828125,-0.18310546875,-0.146484375,-0.3662109375,-0.72021484375,-0.32958984375,0.9521484375,-0.45166015625,0.28076171875,-0.3173828125,-0.29296875,0.06103515625,-0.86669921875,-0.5126953125,-0.390625,-0.20751953125,-0.7080078125,-0.48828125,-0.146484375,-0.03662109375,-0.6591796875,-0.20751953125,-0.4150390625,0.52490234375,0.634765625,-0.08544921875,1.1962890625,-0.244140625,0.47607421875,-0.10986328125,-0.1708984375,-0.20751953125,0.7568359375,-0.06103515625,0.67138671875,-0.18310546875,0.4638671875,0.146484375,0.78125,-0.40283203125,0.08544921875,0.23193359375,0.18310546875,0.1708984375,1.06201171875,-0.08544921875,0.15869140625,-0.06103515625,0.1953125,-0.048828125,0.2685546875,0.23193359375,0.89111328125,-0.13427734375,0.0244140625,-0.20751953125,1.3671875,-0.10986328125,-0.9033203125,-0.20751953125,-0.3173828125,-0.2197265625,-0.98876953125,-0.1953125,-0.7080078125,0.048828125,-1.47705078125,0.13427734375,-0.1708984375,0.1708984375,-0.3173828125,0.08544921875,-1.220703125,-0.2197265625,2.1728515625,-0.03662109375,6.11572265625,0.06103515625,1.67236328125,0.0244140625,2.77099609375,0.2197265625,-0.7080078125,0.01220703125,-1.4404296875,-0.01220703125,-1.01318359375,0.06103515625,0.4638671875,0.10986328125,-0.06103515625,0,-0.45166015625,-0.06103515625,-0.3173828125,-0.09765625,-0.4638671875,-0.13427734375,0.0244140625,0,0.9033203125,0.1220703125,-0.439453125,0.0732421875,-0.4638671875
0,0.244140625,-0.35400390625,-0.18310546875,-0.2197265625,0.35400390625,-0.3662109375,-0.1953125,0.0732421875,-0.0732421875,0.78125,-0.146484375,-0.1220703125,-0.1708984375,1.5869140625,0.08544921875,2.99072265625,-0.4638671875,0.54931640625,0.50048828125,0.927734375,-0.6103515625,1.37939453125,0.09765625,-0.06103515625,-0.2685546875,-0.146484375,-0.4150390625,-0.74462890625,-0.4150390625,0.927734375,-0.47607421875,0.25634765625,-0.37841796875,-0.35400390625,0.146484375,-0.87890625,-0.5126953125,-0.40283203125,-0.23193359375,-0.7080078125,-0.439453125,-0.15869140625,-0.15869140625,-0.6591796875,-0.29296875,-0.42724609375,0.50048828125,0.6591796875,-0.01220703125,1.171875,-0.20751953125,0.48828125,-0.20751953125,-0.15869140625,-0.23193359375,0.76904296875,-0.08544921875,0.6591796875,-0.29296875,0.45166015625,0.23193359375,0.7080078125,-0.4150390625,0.10986328125,0.25634765625,0.1708984375,0.15869140625,1.07421875,-0.08544921875,0.15869140625,-0.0244140625,0.23193359375,0,0.2685546875,0.20751953125,0.86669921875,-0.18310546875,0.01220703125,-0.20751953125,1.35498046875,-0.1708984375,-0.91552734375,-0.2197265625,-0.28076171875,-0.25634765625,-1.01318359375,-0.09765625,-0.69580078125,0.0244140625,-1.47705078125,0.10986328125,-0.18310546875,0.1953125,-0.3173828125,-0.06103515625,-1.220703125,-0.23193359375,2.1484375,-0.0244140625,6.1767578125,0.09765625,1.62353515625,0.0244140625,2.74658203125,-0.0244140625,-0.68359375,0.0244140625,-1.45263671875,0.01220703125,-0.98876953125,0.08544921875,0.42724609375,0.146484375,-0.048828125,-0.0244140625,-0.45166015625,-0.048828125,-0.32958984375,-0.0732421875,-0.4638671875,-0.1708984375,0.03662109375,0.01220703125,0.91552734375,0.1220703125,-0.439453125,0.08544921875,-0.42724609375
0,0.28076171875,-0.35400390625,-0.15869140625,-0.25634765625,0.35400390625,-0.3662109375,-0.18310546875,0.048828125,-0.0732421875,1.11083984375,-0.13427734375,0.18310546875,-0.1708984375,1.9287109375,0.0244140625,4.38232421875,-0.4150390625,0.45166015625,0.50048828125,0.8544921875,-0.50048828125,1.3427734375,0.1953125,-0.0732421875,-0.30517578125,-0.146484375,-0.45166015625,-0.74462890625,-0.48828125,0.93994140625,-0.47607421875,0.2685546875,-0.341796875,-0.341796875,0.25634765625,-0.86669921875,-0.5126953125,-0.42724609375,-0.20751953125,-0.7080078125,-0.29296875,-0.146484375,-0.25634765625,-0.64697265625,-0.30517578125,-0.439453125,0.48828125,0.64697265625,0.01220703125,1.15966796875,-0.13427734375,0.50048828125,-0.25634765625,-0.146484375,-0.29296875,0.76904296875,-0.146484375,0.6591796875,-0.341796875,0.439453125,0.3662109375,0.634765625,-0.4150390625,0.10986328125,0.30517578125,0.18310546875,0.1220703125,1.07421875,-0.08544921875,0.1708984375,0,0.2197265625,0.0732421875,0.28076171875,0.1708984375,0.81787109375,-0.25634765625,0.0244140625,-0.15869140625,1.37939453125,-0.2197265625,-0.89111328125,-0.244140625,-0.29296875,-0.28076171875,-1.0009765625,0.0732421875,-0.72021484375,0.03662109375,-1.46484375,0.048828125,-0.1953125,0.18310546875,-0.29296875,-0.20751953125,-1.220703125,-0.20751953125,2.01416015625,-0.01220703125,6.0546875,0.08544921875,1.50146484375,-0.01220703125,2.67333984375,-0.23193359375,-0.67138671875,0.06103515625,-1.4404296875,0.01220703125,-1.025390625,0.10986328125,0.37841796875,0.10986328125,-0.08544921875,-0.03662109375,-0.45166015625,-0.048828125,-0.35400390625,-0.03662109375,-0.48828125,-0.15869140625,0.03662109375,0.0244140625,0.89111328125,0.09765625,-0.45166015625,0.08544921875,-0.4150390625
0,0.30517578125,-0.35400390625,-0.1708984375,-0.28076171875,0.341796875,-0.40283203125,-0.18310546875,0.0244140625,-0.09765625,1.47705078125,-0.09765625,0.47607421875,-0.18310546875,2.25830078125,-0.1220703125,5.72509765625,-0.32958984375,0.37841796875,0.4638671875,0.79345703125,-0.32958984375,1.318359375,0.25634765625,-0.10986328125,-0.29296875,-0.13427734375,-0.52490234375,-0.7568359375,-0.5126953125,0.9521484375,-0.42724609375,0.2685546875,-0.23193359375,-0.3662109375,0.28076171875,-0.86669921875,-0.45166015625,-0.4150390625,-0.244140625,-0.72021484375,-0.10986328125,-0.1708984375,-0.35400390625,-0.64697265625,-0.2685546875,-0.45166015625,0.4150390625,0.64697265625,0.01220703125,1.15966796875,-0.06103515625,0.48828125,-0.30517578125,-0.13427734375,-0.30517578125,0.76904296875,-0.1708984375,0.64697265625,-0.390625,0.45166015625,0.341796875,0.62255859375,-0.35400390625,0.1220703125,0.29296875,0.1708984375,0.06103515625,1.06201171875,-0.06103515625,0.1708984375,-0.01220703125,0.244140625,0.10986328125,0.28076171875,0.10986328125,0.76904296875,-0.2685546875,0.048828125,-0.1220703125,1.3916015625,-0.244140625,-0.9033203125,-0.244140625,-0.29296875,-0.2197265625,-1.01318359375,0.146484375,-0.72021484375,0.0244140625,-1.46484375,-0.0244140625,-0.1953125,0.10986328125,-0.28076171875,-0.30517578125,-1.220703125,-0.1708984375,1.8310546875,0,5.77392578125,0.048828125,1.33056640625,-0.03662109375,2.5390625,-0.35400390625,-0.69580078125,0.0244140625,-1.42822265625,-0.01220703125,-1.0498046875,0.08544921875,0.37841796875,0.09765625,-0.09765625,-0.06103515625,-0.45166015625,-0.06103515625,-0.35400390625,-0.048828125,-0.48828125,-0.146484375,0.048828125,0.048828125,0.86669921875,0.09765625,-0.47607421875,0.06103515625,-0.42724609375
0,0.3173828125,-0.3662109375,-0.18310546875,-0.32958984375,0.35400390625,-0.40283203125,-0.1953125,0.0244140625,-0.10986328125,1.7822265625,-0.10986328125,0.7568359375,-0.1953125,2.52685546875,-0.10986328125,6.93359375,-0.23193359375,0.341796875,0.4150390625,0.732421875,-0.146484375,1.2939453125,0.15869140625,-0.146484375,-0.2685546875,-0.13427734375,-0.59814453125,-0.7568359375,-0.50048828125,0.9521484375,-0.35400390625,0.25634765625,-0.0732421875,-0.390625,0.28076171875,-0.86669921875,-0.35400390625,-0.4150390625,-0.3173828125,-0.7080078125,0.06103515625,-0.1708984375,-0.37841796875,-0.634765625,-0.1708984375,-0.439453125,0.341796875,0.634765625,-0.06103515625,1.123046875,-0.0244140625,0.48828125,-0.341796875,-0.13427734375,-0.341796875,0.76904296875,-0.1953125,0.62255859375,-0.40283203125,0.439453125,0.37841796875,0.59814453125,-0.32958984375,0.13427734375,0.3173828125,0.1953125,0.01220703125,1.06201171875,-0.08544921875,0.1953125,-0.01220703125,0.23193359375,0.08544921875,0.28076171875,0.06103515625,0.76904296875,-0.244140625,0.06103515625,-0.09765625,1.37939453125,-0.25634765625,-0.89111328125,-0.20751953125,-0.29296875,-0.10986328125,-1.01318359375,0.20751953125,-0.732421875,0.0244140625,-1.4892578125,-0.0732421875,-0.25634765625,-0.03662109375,-0.2685546875,-0.2685546875,-1.1962890625,-0.09765625,1.62353515625,0.0244140625,5.3466796875,0.01220703125,1.1474609375,-0.048828125,2.3681640625,-0.32958984375,-0.7080078125,-0.01220703125,-1.45263671875,-0.048828125,-1.07421875,0.0732421875,0.3662109375,0.09765625,-0.1220703125,-0.0732421875,-0.4638671875,-0.06103515625,-0.37841796875,0,-0.5126953125,-0.13427734375,0.0732421875,0.048828125,0.84228515625,0.09765625,-0.48828125,0.0732421875,-0.439453125
0,0.29296875,-0.3662109375,-0.146484375,-0.30517578125,0.37841796875,-0.40283203125,-0.20751953125,0.03662109375,-0.10986328125,2.05078125,-0.10986328125,0.98876953125,-0.20751953125,2.7587890625,-0.15869140625,7.91015625,-0.1220703125,0.32958984375,0.3662109375,0.69580078125,0.03662109375,1.26953125,0.09765625,-0.1953125,-0.23193359375,-0.13427734375,-0.59814453125,-0.7568359375,-0.45166015625,0.9521484375,-0.2685546875,0.2685546875,0.13427734375,-0.37841796875,0.20751953125,-0.86669921875,-0.2197265625,-0.4150390625,-0.30517578125,-0.69580078125,0.1708984375,-0.13427734375,-0.32958984375,-0.634765625,-0.06103515625,-0.439453125,0.25634765625,0.62255859375,-0.1953125,1.123046875,-0.03662109375,0.50048828125,-0.29296875,-0.146484375,-0.3173828125,0.7568359375,-0.1953125,0.59814453125,-0.37841796875,0.45166015625,0.40283203125,0.62255859375,-0.29296875,0.13427734375,0.35400390625,0.20751953125,-0.08544921875,1.0498046875,-0.0732421875,0.20751953125,-0.0244140625,0.244140625,0.048828125,0.30517578125,0.03662109375,0.74462890625,-0.20751953125,0.08544921875,-0.06103515625,1.3671875,-0.20751953125,-0.87890625,-0.18310546875,-0.30517578125,0.0244140625,-1.01318359375,0.1953125,-0.7568359375,0.01220703125,-1.4892578125,-0.1220703125,-0.244140625,-0.1953125,-0.244140625,-0.1708984375,-1.18408203125,-0.03662109375,1.42822265625,-0.01220703125,4.8583984375,-0.0244140625,0.9765625,-0.03662109375,2.1728515625,-0.23193359375,-0.7080078125,-0.1220703125,-1.46484375,-0.09765625,-1.07421875,0.08544921875,0.35400390625,0.09765625,-0.1220703125,-0.08544921875,-0.439453125,-0.048828125,-0.4150390625,0.03662109375,-0.52490234375,-0.1220703125,0.048828125,0.03662109375,0.8056640625,0.10986328125,-0.48828125,0.08544921875,-0.47607421875
0,0.28076171875,-0.3662109375,-0.20751953125,-0.32958984375,0.390625,-0.40283203125,-0.2197265625,0.01220703125,-0.0732421875,2.23388671875,-0.0732421875,1.1474609375,-0.244140625,2.89306640625,-0.1220703125,8.642578125,-0.146484375,0.30517578125,0.23193359375,0.6591796875,0.0244140625,1.26953125,-0.10986328125,-0.23193359375,-0.1220703125,-0.13427734375,-0.6103515625,-0.74462890625,-0.37841796875,0.9521484375,-0.1708984375,0.25634765625,0.30517578125,-0.3662109375,0.1220703125,-0.8544921875,-0.1220703125,-0.42724609375,-0.29296875,-0.7080078125,0.1953125,-0.1708984375,-0.244140625,-0.6591796875,0.0732421875,-0.4150390625,0.2197265625,0.62255859375,-0.29296875,1.123046875,-0.10986328125,0.47607421875,-0.25634765625,-0.146484375,-0.29296875,0.74462890625,-0.20751953125,0.59814453125,-0.3662109375,0.439453125,0.42724609375,0.64697265625,-0.20751953125,0.15869140625,0.29296875,0.2197265625,-0.15869140625,1.08642578125,-0.0732421875,0.20751953125,-0.0732421875,0.244140625,0,0.3173828125,0.01220703125,0.7568359375,-0.146484375,0.08544921875,-0.08544921875,1.35498046875,-0.15869140625,-0.86669921875,-0.13427734375,-0.30517578125,0.10986328125,-1.03759765625,0.146484375,-0.78125,-0.048828125,-1.4892578125,-0.146484375,-0.2685546875,-0.29296875,-0.244140625,-0.06103515625,-1.171875,0.08544921875,1.2451171875,0.0732421875,4.38232421875,-0.048828125,0.79345703125,-0.0244140625,1.9775390625,-0.08544921875,-0.7080078125,-0.2197265625,-1.4404296875,-0.18310546875,-1.08642578125,0.09765625,0.390625,0.08544921875,-0.1220703125,-0.08544921875,-0.4638671875,-0.0732421875,-0.42724609375,0.048828125,-0.537109375,-0.146484375,0.06103515625,0.01220703125,0.78125,0.09765625,-0.5126953125,0.0732421875,-0.50048828125
0,0.29296875,-0.390625,-0.10986328125,-0.30517578125,0.390625,-0.4150390625,-0.20751953125,0.03662109375,-0.048828125,2.34375,-0.06103515625,1.2451171875,-0.28076171875,2.99072265625,-0.20751953125,9.1064453125,-0.10986328125,0.25634765625,0.15869140625,0.62255859375,0,1.25732421875,-0.23193359375,-0.29296875,-0.01220703125,-0.13427734375,-0.59814453125,-0.76904296875,-0.29296875,0.96435546875,-0.10986328125,0.244140625,0.439453125,-0.35400390625,0.0732421875,-0.8544921875,-0.01220703125,-0.42724609375,-0.244140625,-0.72021484375,0.1953125,-0.18310546875,-0.146484375,-0.6591796875,0.18310546875,-0.390625,0.25634765625,0.6103515625,-0.3662109375,1.13525390625,-0.18310546875,0.47607421875,-0.18310546875,-0.146484375,-0.29296875,0.732421875,-0.1953125,0.6103515625,-0.29296875,0.439453125,0.439453125,0.68359375,-0.15869140625,0.146484375,0.244140625,0.2197265625,-0.1953125,1.08642578125,-0.048828125,0.244140625,-0.1220703125,0.25634765625,-0.03662109375,0.35400390625,-0.0244140625,0.830078125,-0.08544921875,0.0732421875,-0.09765625,1.35498046875,-0.08544921875,-0.9033203125,-0.09765625,-0.35400390625,0.18310546875,-1.025390625,0.08544921875,-0.79345703125,-0.1220703125,-1.4892578125,-0.1708984375,-0.28076171875,-0.32958984375,-0.23193359375,0.08544921875,-1.18408203125,0.1220703125,1.06201171875,0.048828125,3.9306640625,-0.06103515625,0.62255859375,-0.048828125,1.806640625,0.048828125,-0.72021484375,-0.3173828125,-1.45263671875,-0.2197265625,-1.08642578125,0.10986328125,0.390625,0.08544921875,-0.1220703125,-0.09765625,-0.4150390625,-0.0732421875,-0.45166015625,0.06103515625,-0.5615234375,-0.15869140625,0.048828125,0.0244140625,0.7568359375,0.09765625,-0.5126953125,0.048828125,-0.5126953125
0,0.29296875,-0.390625,-0.09765625,-0.2685546875,0.4150390625,-0.40283203125,-0.20751953125,0,-0.03662109375,2.392578125,-0.0732421875,1.2939453125,-0.30517578125,3.02734375,-0.2197265625,9.33837890625,-0.08544921875,0.2197265625,0.13427734375,0.54931640625,-0.01220703125,1.2451171875,-0.244140625,-0.341796875,0.0732421875,-0.10986328125,-0.52490234375,-0.76904296875,-0.2197265625,0.93994140625,-0.048828125,0.25634765625,0.5126953125,-0.3173828125,0.0244140625,-0.84228515625,0.01220703125,-0.439453125,-0.23193359375,-0.7080078125,0.146484375,-0.1708984375,-0.048828125,-0.6591796875,0.244140625,-0.37841796875,0.29296875,0.59814453125,-0.439453125,1.18408203125,-0.18310546875,0.47607421875,-0.08544921875,-0.146484375,-0.29296875,0.732421875,-0.1708984375,0.62255859375,-0.1953125,0.45166015625,0.341796875,0.72021484375,-0.1708984375,0.13427734375,0.18310546875,0.23193359375,-0.2685546875,1.06201171875,-0.0244140625,0.25634765625,-0.18310546875,0.244140625,-0.048828125,0.35400390625,-0.03662109375,0.81787109375,-0.0244140625,0.0732421875,-0.10986328125,1.3427734375,0,-0.93994140625,-0.03662109375,-0.37841796875,0.1708984375,-1.01318359375,0.0244140625,-0.79345703125,-0.13427734375,-1.513671875,-0.146484375,-0.29296875,-0.3173828125,-0.25634765625,0.1953125,-1.18408203125,0.20751953125,0.96435546875,0,3.5400390625,-0.048828125,0.5615234375,-0.09765625,1.66015625,0.1953125,-0.7568359375,-0.30517578125,-1.45263671875,-0.25634765625,-1.0986328125,0.09765625,0.4150390625,0.0732421875,-0.10986328125,-0.0732421875,-0.4150390625,-0.0732421875,-0.45166015625,0.03662109375,-0.537109375,-0.1708984375,0.048828125,0.03662109375,0.76904296875,0.09765625,-0.50048828125,0.06103515625,-0.537109375
0,0.28076171875,-0.37841796875,-0.0732421875,-0.23193359375,0.4150390625,-0.40283203125,-0.244140625,0.01220703125,-0.0244140625,2.392578125,-0.10986328125,1.2451171875,-0.32958984375,3.01513671875,-0.1953125,9.33837890625,-0.20751953125,0.146484375,0.048828125,0.45166015625,-0.25634765625,1.1474609375,-0.35400390625,-0.35400390625,0.10986328125,-0.1220703125,-0.42724609375,-0.78125,-0.15869140625,0.96435546875,-0.048828125,0.244140625,0.4638671875,-0.3173828125,0.0244140625,-0.86669921875,0.0244140625,-0.45166015625,-0.20751953125,-0.72021484375,0.048828125,-0.18310546875,-0.01220703125,-0.6591796875,0.25634765625,-0.3662109375,0.3173828125,0.59814453125,-0.47607421875,1.18408203125,-0.18310546875,0.48828125,-0.03662109375,-0.146484375,-0.25634765625,0.732421875,-0.20751953125,0.634765625,-0.1220703125,0.439453125,0.45166015625,0.76904296875,-0.15869140625,0.13427734375,0.10986328125,0.23193359375,-0.2685546875,1.07421875,-0.0244140625,0.23193359375,-0.2197265625,0.244140625,-0.08544921875,0.3662109375,-0.048828125,0.86669921875,0,0.0732421875,-0.18310546875,1.3427734375,0.0732421875,-0.96435546875,0,-0.37841796875,0.13427734375,-1.0009765625,0,-0.78125,-0.15869140625,-1.4892578125,-0.08544921875,-0.28076171875,-0.18310546875,-0.29296875,0.1953125,-1.1962890625,0.244140625,0.87890625,0,3.25927734375,-0.0732421875,0.54931640625,-0.13427734375,1.5625,0.244140625,-0.74462890625,-0.20751953125,-1.45263671875,-0.2685546875,-1.07421875,0.08544921875,0.439453125,0.09765625,-0.10986328125,-0.0732421875,-0.42724609375,-0.06103515625,-0.439453125,0.03662109375,-0.52490234375,-0.18310546875,0.0244140625,0.06103515625,0.76904296875,0.0732421875,-0.50048828125,0.06103515625,-0.52490234375
0,0.30517578125,-0.3662109375,-0.03662109375,-0.20751953125,0.439453125,-0.390625,-0.25634765625,0.01220703125,-0.01220703125,2.30712890625,-0.1220703125,1.18408203125,-0.32958984375,2.9541015625,-0.18310546875,9.08203125,-0.25634765625,0.0732421875,0.08544921875,0.341796875,-0.4150390625,1.0986328125,-0.341796875,-0.390625,0.13427734375,-0.1220703125,-0.30517578125,-0.76904296875,-0.146484375,0.96435546875,-0.048828125,0.244140625,0.341796875,-0.30517578125,0.06103515625,-0.8544921875,0,-0.47607421875,-0.18310546875,-0.72021484375,-0.0244140625,-0.2197265625,0.0244140625,-0.67138671875,0.1953125,-0.3662109375,0.390625,0.6103515625,-0.47607421875,1.1962890625,-0.1708984375,0.47607421875,0.03662109375,-0.146484375,-0.2197265625,0.72021484375,-0.1708984375,0.64697265625,-0.01220703125,0.439453125,0.3662109375,0.830078125,-0.13427734375,0.13427734375,0.0732421875,0.244140625,-0.2685546875,1.07421875,0,0.244140625,-0.2685546875,0.23193359375,-0.0732421875,0.341796875,-0.08544921875,0.89111328125,0.048828125,0.0732421875,-0.20751953125,1.3427734375,0.146484375,-0.96435546875,0.048828125,-0.35400390625,0.03662109375,-0.9765625,0.03662109375,-0.7568359375,-0.146484375,-1.4892578125,-0.0732421875,-0.25634765625,0.01220703125,-0.30517578125,0.13427734375,-1.171875,0.1953125,0.81787109375,0.01220703125,3.076171875,-0.0732421875,0.50048828125,-0.1708984375,1.47705078125,0.25634765625,-0.7568359375,-0.048828125,-1.4404296875,-0.244140625,-1.03759765625,0.08544921875,0.45166015625,0.09765625,-0.09765625,-0.0732421875,-0.4150390625,-0.06103515625,-0.439453125,0.0244140625,-0.5126953125,-0.1708984375,0.0244140625,0.06103515625,0.8056640625,0.0732421875,-0.47607421875,0.06103515625,-0.52490234375
0,0.32958984375,-0.3662109375,-0.0732421875,-0.18310546875,0.4638671875,-0.35400390625,-0.25634765625,0.0244140625,-0.0244140625,2.1728515625,-0.1220703125,1.025390625,-0.3662109375,2.83203125,-0.1220703125,8.65478515625,-0.35400390625,-0.048828125,0.03662109375,0.244140625,-0.5859375,1.01318359375,-0.35400390625,-0.4150390625,0.1220703125,-0.13427734375,-0.15869140625,-0.78125,-0.13427734375,0.9521484375,-0.048828125,0.25634765625,0.146484375,-0.30517578125,0.13427734375,-0.84228515625,-0.06103515625,-0.48828125,-0.1220703125,-0.7080078125,-0.09765625,-0.20751953125,0,-0.6591796875,0.10986328125,-0.3662109375,0.45166015625,0.62255859375,-0.50048828125,1.18408203125,-0.18310546875,0.47607421875,0.1220703125,-0.146484375,-0.1953125,0.76904296875,-0.1708984375,0.67138671875,0.048828125,0.47607421875,0.32958984375,0.86669921875,-0.09765625,0.146484375,-0.0244140625,0.244140625,-0.29296875,1.06201171875,-0.01220703125,0.23193359375,-0.29296875,0.2197265625,-0.10986328125,0.32958984375,-0.08544921875,0.87890625,0.08544921875,0.06103515625,-0.20751953125,1.3427734375,0.1708984375,-0.96435546875,0.03662109375,-0.32958984375,-0.0732421875,-0.9765625,0.06103515625,-0.74462890625,-0.13427734375,-1.50146484375,-0.0244140625,-0.25634765625,0.20751953125,-0.30517578125,0.0244140625,-1.1962890625,0.146484375,0.7568359375,0.06103515625,2.9541015625,-0.0732421875,0.45166015625,-0.18310546875,1.40380859375,0.18310546875,-0.732421875,0.0732421875,-1.45263671875,-0.25634765625,-1.01318359375,0.06103515625,0.4638671875,0.08544921875,-0.10986328125,-0.0732421875,-0.439453125,-0.048828125,-0.4150390625,0.06103515625,-0.50048828125,-0.1708984375,0,0.0732421875,0.830078125,0.03662109375,-0.47607421875,0.06103515625,-0.5126953125
0,0.341796875,-0.37841796875,-0.06103515625,-0.146484375,0.4638671875,-0.3662109375,-0.29296875,0.01220703125,0.01220703125,1.9775390625,-0.13427734375,0.86669921875,-0.390625,2.6611328125,-0.1220703125,8.0322265625,-0.42724609375,-0.13427734375,0,0.15869140625,-0.7568359375,0.93994140625,-0.40283203125,-0.4150390625,0.09765625,-0.146484375,-0.0244140625,-0.78125,-0.13427734375,0.93994140625,-0.048828125,0.244140625,-0.06103515625,-0.30517578125,0.18310546875,-0.830078125,-0.10986328125,-0.50048828125,-0.06103515625,-0.7080078125,-0.146484375,-0.1708984375,-0.08544921875,-0.6591796875,0.03662109375,-0.35400390625,0.48828125,0.634765625,-0.439453125,1.18408203125,-0.2197265625,0.50048828125,0.23193359375,-0.13427734375,-0.146484375,0.7568359375,-0.13427734375,0.67138671875,0.08544921875,0.47607421875,0.4150390625,0.927734375,-0.048828125,0.15869140625,-0.09765625,0.244140625,-0.2197265625,1.03759765625,-0.06103515625,0.1953125,-0.30517578125,0.23193359375,-0.15869140625,0.3173828125,-0.09765625,0.89111328125,0.1220703125,0.0732421875,-0.20751953125,1.3427734375,0.18310546875,-0.9521484375,0.0732421875,-0.3173828125,-0.13427734375,-0.9521484375,0.1220703125,-0.74462890625,-0.13427734375,-1.47705078125,0.01220703125,-0.244140625,0.35400390625,-0.30517578125,-0.03662109375,-1.18408203125,0.03662109375,0.69580078125,0.06103515625,2.86865234375,-0.03662109375,0.40283203125,-0.20751953125,1.35498046875,0.0732421875,-0.732421875,0.1953125,-1.45263671875,-0.1953125,-1.0009765625,0.09765625,0.42724609375,0.1220703125,-0.10986328125,-0.09765625,-0.439453125,-0.06103515625,-0.37841796875,0.048828125,-0.48828125,-0.15869140625,-0.01220703125,0.0732421875,0.81787109375,0.0244140625,-0.4638671875,0.08544921875,-0.50048828125
0,0.3173828125,-0.37841796875,-0.03662109375,-0.146484375,0.439453125,-0.3662109375,-0.28076171875,0.0244140625,0.03662109375,1.7578125,-0.146484375,0.6591796875,-0.3662109375,2.4658203125,-0.0732421875,7.2509765625,-0.4150390625,-0.1708984375,-0.01220703125,0.146484375,-0.830078125,0.927734375,-0.37841796875,-0.37841796875,0.06103515625,-0.15869140625,0.01220703125,-0.7568359375,-0.18310546875,0.93994140625,-0.048828125,0.25634765625,-0.25634765625,-0.3173828125,0.2685546875,-0.830078125,-0.15869140625,-0.4638671875,-0.03662109375,-0.68359375,-0.2197265625,-0.1708984375,-0.20751953125,-0.634765625,-0.06103515625,-0.341796875,0.537109375,0.64697265625,-0.37841796875,1.15966796875,-0.23193359375,0.5126953125,0.30517578125,-0.10986328125,-0.10986328125,0.76904296875,-0.146484375,0.68359375,0.03662109375,0.4638671875,0.48828125,0.98876953125,-0.048828125,0.1708984375,-0.1953125,0.244140625,-0.1953125,1.0498046875,-0.048828125,0.1953125,-0.28076171875,0.25634765625,-0.23193359375,0.29296875,-0.09765625,0.86669921875,0.1220703125,0.048828125,-0.13427734375,1.3671875,0.18310546875,-0.9521484375,0.06103515625,-0.3173828125,-0.1953125,-0.96435546875,0.15869140625,-0.72021484375,-0.0732421875,-1.4892578125,0.0244140625,-0.25634765625,0.439453125,-0.29296875,-0.08544921875,-1.171875,-0.10986328125,0.59814453125,0.10986328125,2.7099609375,0.01220703125,0.32958984375,-0.23193359375,1.28173828125,0.0244140625,-0.68359375,0.25634765625,-1.45263671875,-0.1220703125,-1.0009765625,0.10986328125,0.42724609375,0.09765625,-0.1220703125,-0.08544921875,-0.4638671875,-0.06103515625,-0.341796875,0.048828125,-0.50048828125,-0.13427734375,-0.0244140625,0.048828125,0.84228515625,0.0244140625,-0.439453125,0.08544921875,-0.50048828125
0,0.341796875,-0.390625,-0.0732421875,-0.13427734375,0.439453125,-0.35400390625,-0.29296875,0.048828125,0.048828125,1.50146484375,-0.146484375,0.42724609375,-0.341796875,2.25830078125,0.01220703125,6.35986328125,-0.40283203125,-0.18310546875,-0.06103515625,0.1708984375,-0.8544921875,0.93994140625,-0.45166015625,-0.35400390625,0.06103515625,-0.15869140625,0.01220703125,-0.7568359375,-0.1953125,0.9521484375,-0.0732421875,0.28076171875,-0.3662109375,-0.341796875,0.2197265625,-0.8544921875,-0.244140625,-0.47607421875,-0.03662109375,-0.67138671875,-0.244140625,-0.146484375,-0.30517578125,-0.634765625,-0.1220703125,-0.37841796875,0.50048828125,0.634765625,-0.30517578125,1.123046875,-0.2197265625,0.50048828125,0.35400390625,-0.10986328125,-0.06103515625,0.76904296875,-0.15869140625,0.6591796875,-0.01220703125,0.45166015625,0.42724609375,1.0498046875,-0.0732421875,0.1708984375,-0.2197265625,0.25634765625,-0.13427734375,1.0498046875,-0.08544921875,0.18310546875,-0.25634765625,0.244140625,-0.30517578125,0.29296875,-0.1220703125,0.84228515625,0.09765625,0.06103515625,-0.06103515625,1.3916015625,0.146484375,-0.927734375,0.03662109375,-0.30517578125,-0.20751953125,-0.98876953125,0.146484375,-0.7080078125,-0.048828125,-1.50146484375,0.048828125,-0.2685546875,0.390625,-0.28076171875,-0.0732421875,-1.18408203125,-0.1708984375,0.45166015625,0.048828125,2.490234375,0.0732421875,0.1953125,-0.244140625,1.18408203125,0.0244140625,-0.68359375,0.23193359375,-1.45263671875,-0.0732421875,-1.01318359375,0.09765625,0.40283203125,0.08544921875,-0.1220703125,-0.0732421875,-0.4638671875,-0.0732421875,-0.30517578125,0.06103515625,-0.50048828125,-0.1220703125,-0.01220703125,0.0244140625,0.86669921875,0,-0.4638671875,0.08544921875,-0.48828125
1,0.30517578125,-0.37841796875,-0.0244140625,-0.15869140625,0.42724609375,-0.3662109375,-0.3173828125,0.048828125,0.03662109375,1.2451171875,-0.146484375,0.1708984375,-0.30517578125,2.03857421875,0.0732421875,5.35888671875,-0.28076171875,-0.10986328125,-0.01220703125,0.2685546875,-0.634765625,1.01318359375,-0.35400390625,-0.2685546875,0.06103515625,-0.15869140625,-0.0244140625,-0.78125,-0.23193359375,0.96435546875,-0.15869140625,0.25634765625,-0.35400390625,-0.341796875,0.1953125,-0.84228515625,-0.29296875,-0.42724609375,-0.08544921875,-0.7080078125,-0.29296875,-0.15869140625,-0.390625,-0.6103515625,-0.2197265625,-0.40283203125,0.52490234375,0.634765625,-0.15869140625,1.11083984375,-0.1708984375,0.5126953125,0.32958984375,-0.09765625,-0.048828125,0.79345703125,-0.1708984375,0.6591796875,-0.01220703125,0.45166015625,0.537109375,1.0986328125,-0.146484375,0.146484375,-0.28076171875,0.25634765625,-0.08544921875,1.07421875,-0.10986328125,0.18310546875,-0.244140625,0.2685546875,-0.37841796875,0.28076171875,-0.09765625,0.8544921875,0.06103515625,0.06103515625,-0.01220703125,1.37939453125,0.09765625,-0.91552734375,0.01220703125,-0.28076171875,-0.1708984375,-0.98876953125,0.08544921875,-0.732421875,0.0244140625,-1.52587890625,0.03662109375,-0.28076171875,0.3173828125,-0.28076171875,-0.01220703125,-1.15966796875,-0.25634765625,0.28076171875,-0.0732421875,2.1240234375,0.06103515625,0.03662109375,-0.2685546875,1.025390625,0.09765625,-0.68359375,0.15869140625,-1.47705078125,0,-1.03759765625,0.09765625,0.37841796875,0.10986328125,-0.09765625,-0.08544921875,-0.47607421875,-0.0732421875,-0.341796875,0.06103515625,-0.50048828125,-0.1220703125,-0.01220703125,0,0.86669921875,-0.03662109375,-0.42724609375,0.048828125,-0.47607421875
1,0.3173828125,-0.37841796875,0,-0.1708984375,0.42724609375,-0.35400390625,-0.341796875,0.03662109375,0.0244140625,0.9765625,-0.146484375,-0.10986328125,-0.25634765625,1.79443359375,0.1220703125,4.2724609375,-0.20751953125,0.03662109375,-0.0244140625,0.42724609375,-0.50048828125,1.123046875,-0.25634765625,-0.15869140625,0.08544921875,-0.146484375,-0.10986328125,-0.74462890625,-0.23193359375,0.9521484375,-0.25634765625,0.2685546875,-0.25634765625,-0.35400390625,0.146484375,-0.84228515625,-0.32958984375,-0.4150390625,-0.1708984375,-0.69580078125,-0.3662109375,-0.1708984375,-0.40283203125,-0.62255859375,-0.28076171875,-0.40283203125,0.42724609375,0.62255859375,-0.048828125,1.123046875,-0.1708984375,0.50048828125,0.30517578125,-0.1220703125,-0.0732421875,0.76904296875,-0.1708984375,0.64697265625,-0.09765625,0.45166015625,0.5615234375,1.171875,-0.2685546875,0.146484375,-0.30517578125,0.29296875,-0.048828125,1.07421875,-0.1220703125,0.1953125,-0.20751953125,0.29296875,-0.37841796875,0.3173828125,-0.0732421875,0.81787109375,0.048828125,0.048828125,0.0732421875,1.3916015625,0.06103515625,-0.89111328125,-0.048828125,-0.28076171875,-0.0732421875,-1.01318359375,0.03662109375,-0.74462890625,0.09765625,-1.52587890625,0.03662109375,-0.2685546875,0.1953125,-0.2685546875,0.0732421875,-1.15966796875,-0.20751953125,0.0732421875,-0.09765625,1.64794921875,0.048828125,-0.1220703125,-0.2685546875,0.84228515625,0.1953125,-0.69580078125,0.01220703125,-1.4892578125,0.048828125,-1.0498046875,0.09765625,0.3662109375,0.1220703125,-0.09765625,-0.0732421875,-0.4638671875,-0.06103515625,-0.35400390625,0.0244140625,-0.50048828125,-0.13427734375,0.0244140625,-0.01220703125,0.84228515625,-0.0244140625,-0.439453125,0.048828125,-0.47607421875
1,0.32958984375,-0.37841796875,-0.0244140625,-0.1953125,0.42724609375,-0.37841796875,-0.35400390625,0.03662109375,0.06103515625,0.732421875,-0.1708984375,-0.32958984375,-0.1953125,1.55029296875,0.146484375,3.22265625,-0.08544921875,0.25634765625,0,0.62255859375,-0.25634765625,1.26953125,-0.1708984375,-0.0732421875,0.08544921875,-0.1220703125,-0.18310546875,-0.76904296875,-0.25634765625,0.96435546875,-0.390625,0.2685546875,-0.08544921875,-0.341796875,0.06103515625,-0.8544921875,-0.29296875,-0.4150390625,-0.20751953125,-0.7080078125,-0.4150390625,-0.1708984375,-0.3662109375,-0.6103515625,-0.3662109375,-0.42724609375,0.390625,0.6103515625,0.0244140625,1.123046875,-0.1708984375,0.50048828125,0.244140625,-0.13427734375,-0.09765625,0.7568359375,-0.146484375,0.634765625,-0.13427734375,0.45166015625,0.59814453125,1.2451171875,-0.3662109375,0.146484375,-0.3662109375,0.29296875,0,1.0986328125,-0.13427734375,0.20751953125,-0.2197265625,0.29296875,-0.40283203125,0.30517578125,-0.0732421875,0.81787109375,0.0732421875,0.03662109375,0.09765625,1.416015625,0.0244140625,-0.9033203125,-0.09765625,-0.29296875,0.0244140625,-1.01318359375,0,-0.732421875,0.13427734375,-1.513671875,0.03662109375,-0.25634765625,0.08544921875,-0.244140625,0.08544921875,-1.171875,-0.15869140625,-0.146484375,-0.18310546875,1.0986328125,0.03662109375,-0.28076171875,-0.244140625,0.6591796875,0.28076171875,-0.69580078125,-0.1708984375,-1.46484375,0.06103515625,-1.0498046875,0.1220703125,0.37841796875,0.1220703125,-0.09765625,-0.09765625,-0.47607421875,-0.0732421875,-0.3662109375,0.0244140625,-0.5126953125,-0.146484375,0.0244140625,-0.01220703125,0.8544921875,-0.03662109375,-0.4638671875,0.03662109375,-0.47607421875
1,0.3173828125,-0.37841796875,-0.0244140625,-0.18310546875,0.45166015625,-0.37841796875,-0.3662109375,0.01220703125,0.06103515625,0.48828125,-0.1708984375,-0.5615234375,-0.146484375,1.30615234375,0.1708984375,2.23388671875,0,0.439453125,0.06103515625,0.8056640625,-0.1220703125,1.40380859375,-0.048828125,0.01220703125,0.08544921875,-0.146484375,-0.25634765625,-0.76904296875,-0.2685546875,0.98876953125,-0.42724609375,0.28076171875,0.10986328125,-0.341796875,0.09765625,-0.84228515625,-0.25634765625,-0.4150390625,-0.244140625,-0.7080078125,-0.4150390625,-0.15869140625,-0.244140625,-0.62255859375,-0.390625,-0.439453125,0.3173828125,0.59814453125,0.08544921875,1.1474609375,-0.1708984375,0.50048828125,0.20751953125,-0.1708984375,-0.08544921875,0.74462890625,-0.15869140625,0.6103515625,-0.08544921875,0.45166015625,0.6103515625,1.30615234375,-0.4150390625,0.10986328125,-0.37841796875,0.30517578125,0.048828125,1.11083984375,-0.146484375,0.2197265625,-0.2197265625,0.29296875,-0.37841796875,0.29296875,-0.0732421875,0.830078125,0.0732421875,0.03662109375,0.09765625,1.3916015625,-0.0244140625,-0.9033203125,-0.1220703125,-0.28076171875,0.10986328125,-1.01318359375,0,-0.732421875,0.146484375,-1.513671875,0.048828125,-0.244140625,-0.01220703125,-0.244140625,0.03662109375,-1.15966796875,-0.10986328125,-0.3662109375,-0.2197265625,0.5126953125,-0.01220703125,-0.48828125,-0.1953125,0.439453125,0.29296875,-0.72021484375,-0.29296875,-1.47705078125,0.048828125,-1.08642578125,0.18310546875,0.390625,0.13427734375,-0.09765625,-0.09765625,-0.47607421875,-0.0732421875,-0.35400390625,0,-0.5126953125,-0.15869140625,0.0244140625,-0.01220703125,0.8544921875,-0.03662109375,-0.45166015625,0.0244140625,-0.47607421875
1,0.3173828125,-0.37841796875,-0.0732421875,-0.1708984375,0.42724609375,-0.390625,-0.37841796875,0,0.06103515625,0.244140625,-0.18310546875,-0.76904296875,-0.10986328125,1.07421875,0.1953125,1.33056640625,0.0244140625,0.57373046875,0.10986328125,0.96435546875,-0.06103515625,1.50146484375,0.06103515625,0.048828125,0.10986328125,-0.146484375,-0.30517578125,-0.76904296875,-0.28076171875,1.0009765625,-0.40283203125,0.25634765625,0.25634765625,-0.32958984375,0.1708984375,-0.84228515625,-0.18310546875,-0.390625,-0.25634765625,-0.7080078125,-0.390625,-0.146484375,-0.1220703125,-0.64697265625,-0.390625,-0.42724609375,0.28076171875,0.59814453125,0.0732421875,1.171875,-0.15869140625,0.50048828125,0.1220703125,-0.18310546875,-0.0732421875,0.7568359375,-0.1220703125,0.62255859375,-0.06103515625,0.4638671875,0.52490234375,1.35498046875,-0.390625,0.10986328125,-0.40283203125,0.32958984375,0.08544921875,1.08642578125,-0.10986328125,0.20751953125,-0.244140625,0.29296875,-0.3173828125,0.32958984375,-0.048828125,0.830078125,0.06103515625,0.03662109375,0.10986328125,1.3916015625,-0.03662109375,-0.9033203125,-0.146484375,-0.29296875,0.146484375,-0.98876953125,0.0732421875,-0.732421875,0.146484375,-1.50146484375,0.0244140625,-0.23193359375,-0.048828125,-0.244140625,-0.0732421875,-1.1474609375,-0.06103515625,-0.5859375,-0.15869140625,-0.01220703125,-0.0244140625,-0.62255859375,-0.13427734375,0.244140625,0.25634765625,-0.74462890625,-0.35400390625,-1.46484375,0.048828125,-1.06201171875,0.2197265625,0.390625,0.13427734375,-0.09765625,-0.10986328125,-0.4638671875,-0.06103515625,-0.37841796875,-0.048828125,-0.5126953125,-0.18310546875,0.048828125,-0.0244140625,0.8544921875,-0.01220703125,-0.45166015625,0,-0.47607421875
1,0.30517578125,-0.37841796875,-0.03662109375,-0.15869140625,0.390625,-0.4150390625,-0.35400390625,0.01220703125,0.048828125,0.048828125,-0.20751953125,-0.9521484375,-0.09765625,0.89111328125,0.15869140625,0.59814453125,0.06103515625,0.64697265625,0.18310546875,1.01318359375,-0.0244140625,1.513671875,0.1220703125,0.048828125,0.08544921875,-0.146484375,-0.32958984375,-0.78125,-0.25634765625,0.9765625,-0.35400390625,0.25634765625,0.3173828125,-0.32958984375,0.29296875,-0.87890625,-0.10986328125,-0.4150390625,-0.2685546875,-0.72021484375,-0.341796875,-0.18310546875,-0.0244140625,-0.6591796875,-0.3662109375,-0.390625,0.28076171875,0.57373046875,0.048828125,1.171875,-0.10986328125,0.50048828125,0.0732421875,-0.1708984375,-0.06103515625,0.74462890625,-0.1220703125,0.6103515625,0.06103515625,0.47607421875,0.439453125,1.3916015625,-0.37841796875,0.09765625,-0.4150390625,0.341796875,0.08544921875,1.0986328125,-0.08544921875,0.1953125,-0.30517578125,0.29296875,-0.2685546875,0.3173828125,-0.048828125,0.8544921875,0.08544921875,0.0244140625,0.0732421875,1.3671875,-0.0244140625,-0.927734375,-0.13427734375,-0.28076171875,0.15869140625,-0.9765625,0.15869140625,-0.7568359375,0.10986328125,-1.47705078125,0.03662109375,-0.20751953125,-0.01220703125,-0.23193359375,-0.18310546875,-1.1474609375,-0.06103515625,-0.67138671875,-0.15869140625,-0.390625,-0.048828125,-0.69580078125,-0.08544921875,0.146484375,0.10986328125,-0.7568359375,-0.3173828125,-1.46484375,0.01220703125,-1.06201171875,0.25634765625,0.4150390625,0.15869140625,-0.09765625,-0.10986328125,-0.45166015625,-0.06103515625,-0.3662109375,-0.03662109375,-0.52490234375,-0.1708984375,0.03662109375,-0.0244140625,0.84228515625,-0.03662109375,-0.4638671875,-0.0244140625,-0.48828125
1,0.3173828125,-0.40283203125,0.01220703125,-0.13427734375,0.35400390625,-0.4150390625,-0.341796875,0.0244140625,0.08544921875,-0.13427734375,-0.20751953125,-1.06201171875,-0.06103515625,0.7568359375,0.18310546875,-0.03662109375,0.03662109375,0.6103515625,0.30517578125,0.98876953125,-0.0732421875,1.45263671875,0.29296875,-0.01220703125,0.09765625,-0.15869140625,-0.35400390625,-0.76904296875,-0.20751953125,0.9765625,-0.23193359375,0.244140625,0.30517578125,-0.30517578125,0.390625,-0.86669921875,-0.048828125,-0.4150390625,-0.2685546875,-0.732421875,-0.25634765625,-0.1708984375,0.048828125,-0.67138671875,-0.30517578125,-0.4150390625,0.3173828125,0.59814453125,-0.03662109375,1.1962890625,-0.09765625,0.48828125,0,-0.18310546875,-0.0244140625,0.74462890625,-0.10986328125,0.62255859375,0.18310546875,0.47607421875,0.32958984375,1.45263671875,-0.35400390625,0.1220703125,-0.3662109375,0.35400390625,0.15869140625,1.0986328125,-0.0244140625,0.18310546875,-0.341796875,0.2685546875,-0.18310546875,0.29296875,-0.03662109375,0.86669921875,0.0732421875,0.01220703125,0.03662109375,1.35498046875,-0.01220703125,-0.927734375,-0.09765625,-0.30517578125,0.146484375,-0.9521484375,0.25634765625,-0.74462890625,0.0732421875,-1.4892578125,0.01220703125,-0.20751953125,0.08544921875,-0.25634765625,-0.29296875,-1.1474609375,-0.06103515625,-0.69580078125,-0.1220703125,-0.537109375,-0.09765625,-0.67138671875,-0.08544921875,0.0732421875,0,-0.78125,-0.2197265625,-1.46484375,-0.06103515625,-1.03759765625,0.29296875,0.42724609375,0.18310546875,-0.10986328125,-0.09765625,-0.45166015625,-0.0732421875,-0.35400390625,-0.01220703125,-0.52490234375,-0.18310546875,0.048828125,-0.0244140625,0.8544921875,-0.03662109375,-0.42724609375,-0.03662109375,-0.50048828125
1,0.29296875,-0.390625,0.0244140625,-0.09765625,0.32958984375,-0.40283203125,-0.3173828125,0.03662109375,0.10986328125,-0.29296875,-0.1953125,-1.15966796875,0,0.6591796875,0.2197265625,-0.47607421875,-0.01220703125,0.47607421875,0.341796875,0.81787109375,-0.1708984375,1.33056640625,0.3662109375,-0.1220703125,0.03662109375,-0.1708984375,-0.28076171875,-0.78125,-0.13427734375,0.96435546875,-0.10986328125,0.244140625,0.244140625,-0.3173828125,0.4638671875,-0.86669921875,0.01220703125,-0.45166015625,-0.2197265625,-0.72021484375,-0.20751953125,-0.1708984375,0.08544921875,-0.68359375,-0.25634765625,-0.4150390625,0.3173828125,0.59814453125,-0.146484375,1.18408203125,-0.0732421875,0.50048828125,-0.0732421875,-0.15869140625,-0.01220703125,0.74462890625,-0.10986328125,0.62255859375,0.23193359375,0.48828125,0.1708984375,1.45263671875,-0.3173828125,0.146484375,-0.25634765625,0.341796875,0.1708984375,1.08642578125,0.01220703125,0.15869140625,-0.40283203125,0.28076171875,-0.13427734375,0.30517578125,0.01220703125,0.87890625,0.048828125,0.0244140625,0,1.35498046875,0.01220703125,-0.91552734375,-0.03662109375,-0.30517578125,0.08544921875,-0.9521484375,0.341796875,-0.7080078125,0.048828125,-1.46484375,-0.01220703125,-0.20751953125,0.1953125,-0.2685546875,-0.3662109375,-1.15966796875,-0.0244140625,-0.59814453125,-0.01220703125,-0.35400390625,-0.146484375,-0.59814453125,-0.09765625,0.18310546875,-0.146484375,-0.79345703125,-0.08544921875,-1.46484375,-0.09765625,-1.0009765625,0.2685546875,0.42724609375,0.1708984375,-0.08544921875,-0.08544921875,-0.439453125,-0.0732421875,-0.32958984375,0,-0.54931640625,-0.18310546875,0.03662109375,-0.0244140625,0.86669921875,-0.048828125,-0.42724609375,-0.0244140625,-0.48828125
1,0.29296875,-0.390625,0,-0.09765625,0.32958984375,-0.390625,-0.29296875,0.048828125,0.10986328125,-0.4150390625,-0.18310546875,-1.220703125,0,0.6103515625,0.2197265625,-0.830078125,-0.08544921875,0.23193359375,0.3662109375,0.6103515625,-0.28076171875,1.1474609375,0.47607421875,-0.23193359375,0,-0.18310546875,-0.1953125,-0.7568359375,-0.06103515625,0.9765625,-0.01220703125,0.244140625,0.09765625,-0.29296875,0.52490234375,-0.84228515625,0.0732421875,-0.4638671875,-0.146484375,-0.732421875,-0.1220703125,-0.146484375,0.08544921875,-0.68359375,-0.18310546875,-0.37841796875,0.32958984375,0.6103515625,-0.2685546875,1.18408203125,-0.06103515625,0.48828125,-0.10986328125,-0.146484375,-0.048828125,0.76904296875,-0.08544921875,0.634765625,0.3662109375,0.48828125,-0.06103515625,1.4404296875,-0.28076171875,0.146484375,-0.09765625,0.341796875,0.15869140625,1.0986328125,0.03662109375,0.1708984375,-0.4150390625,0.28076171875,-0.10986328125,0.30517578125,0.048828125,0.9033203125,0.0244140625,0.0244140625,-0.03662109375,1.35498046875,0.048828125,-0.91552734375,0.0244140625,-0.29296875,0.03662109375,-0.927734375,0.390625,-0.72021484375,0.03662109375,-1.4892578125,-0.01220703125,-0.20751953125,0.30517578125,-0.28076171875,-0.3662109375,-1.15966796875,0.0244140625,-0.390625,0.08544921875,0.1220703125,-0.18310546875,-0.390625,-0.08544921875,0.35400390625,-0.23193359375,-0.76904296875,0.0244140625,-1.45263671875,-0.15869140625,-1.0009765625,0.29296875,0.439453125,0.20751953125,-0.08544921875,-0.048828125,-0.439453125,-0.0732421875,-0.30517578125,-0.01220703125,-0.52490234375,-0.15869140625,0.03662109375,-0.0244140625,0.86669921875,-0.048828125,-0.42724609375,-0.03662109375,-0.5126953125
1,0.2685546875,-0.3662109375,0.03662109375,-0.13427734375,0.28076171875,-0.390625,-0.28076171875,0.048828125,0.09765625,-0.48828125,-0.18310546875,-1.25732421875,-0.0244140625,0.5859375,0.244140625,-1.03759765625,-0.15869140625,0,0.23193359375,0.3662109375,-0.37841796875,0.9765625,0.52490234375,-0.2685546875,-0.0244140625,-0.1708984375,-0.1220703125,-0.7568359375,0.01220703125,0.9765625,0.0244140625,0.23193359375,0,-0.2685546875,0.537109375,-0.84228515625,0.13427734375,-0.439453125,-0.09765625,-0.7080078125,-0.048828125,-0.13427734375,0.06103515625,-0.67138671875,-0.06103515625,-0.3662109375,0.341796875,0.634765625,-0.35400390625,1.15966796875,-0.0732421875,0.48828125,-0.10986328125,-0.146484375,-0.1220703125,0.76904296875,0,0.64697265625,0.37841796875,0.47607421875,-0.0732421875,1.37939453125,-0.244140625,0.15869140625,0.06103515625,0.32958984375,0.15869140625,1.06201171875,0.06103515625,0.1708984375,-0.4150390625,0.28076171875,-0.06103515625,0.29296875,0.10986328125,0.89111328125,0.03662109375,0.0244140625,-0.09765625,1.35498046875,0.08544921875,-0.89111328125,0.06103515625,-0.2685546875,-0.0244140625,-0.9033203125,0.4150390625,-0.7080078125,0.01220703125,-1.46484375,-0.0244140625,-0.2197265625,0.390625,-0.2685546875,-0.28076171875,-1.18408203125,0.0244140625,-0.0732421875,0.1708984375,0.9033203125,-0.20751953125,-0.146484375,-0.1220703125,0.6591796875,-0.25634765625,-0.74462890625,0.1220703125,-1.42822265625,-0.2197265625,-0.98876953125,0.2685546875,0.439453125,0.15869140625,-0.08544921875,-0.048828125,-0.4150390625,-0.08544921875,-0.3173828125,0.01220703125,-0.50048828125,-0.15869140625,0.0244140625,-0.03662109375,0.87890625,-0.0732421875,-0.42724609375,-0.0244140625,-0.48828125
1,0.25634765625,-0.3662109375,0.048828125,-0.15869140625,0.2685546875,-0.390625,-0.29296875,0.06103515625,0.08544921875,-0.50048828125,-0.1708984375,-1.2451171875,-0.0732421875,0.6103515625,0.25634765625,-1.1474609375,-0.15869140625,-0.20751953125,0.146484375,0.18310546875,-0.37841796875,0.8544921875,0.48828125,-0.20751953125,-0.03662109375,-0.13427734375,-0.0244140625,-0.7568359375,0.0732421875,0.9521484375,0.03662109375,0.23193359375,-0.03662109375,-0.2685546875,0.50048828125,-0.8544921875,0.1953125,-0.4638671875,0.01220703125,-0.69580078125,0.01220703125,-0.146484375,-0.0244140625,-0.6591796875,0.08544921875,-0.3662109375,0.35400390625,0.6591796875,-0.4638671875,1.13525390625,-0.10986328125,0.50048828125,-0.0732421875,-0.146484375,-0.18310546875,0.78125,0.03662109375,0.6591796875,0.40283203125,0.50048828125,-0.18310546875,1.28173828125,-0.244140625,0.15869140625,0.13427734375,0.3173828125,0.15869140625,1.0498046875,0.06103515625,0.1708984375,-0.37841796875,0.2685546875,-0.03662109375,0.29296875,0.1953125,0.87890625,0.03662109375,0.0244140625,-0.1220703125,1.3671875,0.1220703125,-0.9033203125,0.08544921875,-0.29296875,-0.06103515625,-0.927734375,0.37841796875,-0.69580078125,-0.01220703125,-1.47705078125,0.01220703125,-0.23193359375,0.37841796875,-0.28076171875,-0.20751953125,-1.18408203125,0,0.37841796875,0.2197265625,1.904296875,-0.18310546875,0.15869140625,-0.15869140625,1.0498046875,-0.1953125,-0.69580078125,0.1220703125,-1.40380859375,-0.244140625,-0.96435546875,0.2197265625,0.42724609375,0.20751953125,-0.0732421875,-0.03662109375,-0.42724609375,-0.08544921875,-0.341796875,0,-0.48828125,-0.146484375,0.0244140625,-0.03662109375,0.86669921875,-0.09765625,-0.42724609375,-0.06103515625,-0.4638671875
1,0.23193359375,-0.35400390625,0.048828125,-0.20751953125,0.25634765625,-0.40283203125,-0.29296875,0.06103515625,0.09765625,-0.50048828125,-0.15869140625,-1.2451171875,-0.10986328125,0.634765625,0.244140625,-1.18408203125,-0.15869140625,-0.29296875,0.03662109375,0.13427734375,-0.3662109375,0.830078125,0.3662109375,0,-0.01220703125,-0.146484375,0.048828125,-0.74462890625,0.15869140625,0.9521484375,0.09765625,0.25634765625,-0.048828125,-0.29296875,0.4150390625,-0.86669921875,0.20751953125,-0.45166015625,0.06103515625,-0.69580078125,0.06103515625,-0.13427734375,-0.06103515625,-0.634765625,0.20751953125,-0.35400390625,0.3662109375,0.64697265625,-0.439453125,1.13525390625,-0.09765625,0.48828125,-0.06103515625,-0.13427734375,-0.2197265625,0.78125,0.08544921875,0.67138671875,0.390625,0.5126953125,-0.048828125,1.18408203125,-0.25634765625,0.1708984375,0.20751953125,0.32958984375,0.1953125,1.03759765625,0.048828125,0.1708984375,-0.341796875,0.28076171875,-0.01220703125,0.30517578125,0.2197265625,0.9033203125,0.0244140625,0.03662109375,-0.13427734375,1.37939453125,0.1708984375,-0.89111328125,0.09765625,-0.28076171875,-0.0732421875,-0.91552734375,0.32958984375,-0.7080078125,-0.0244140625,-1.46484375,0.03662109375,-0.2685546875,0.32958984375,-0.2685546875,-0.06103515625,-1.18408203125,-0.01220703125,0.830078125,0.15869140625,3.03955078125,-0.146484375,0.4638671875,-0.1953125,1.513671875,-0.0244140625,-0.68359375,0.08544921875,-1.40380859375,-0.23193359375,-0.98876953125,0.1708984375,0.4150390625,0.1708984375,-0.06103515625,-0.0244140625,-0.439453125,-0.0732421875,-0.35400390625,-0.01220703125,-0.4638671875,-0.15869140625,0.0244140625,-0.03662109375,0.89111328125,-0.10986328125,-0.45166015625,-0.06103515625,-0.42724609375
1,0.20751953125,-0.3662109375,0.08544921875,-0.244140625,0.29296875,-0.390625,-0.29296875,0.06103515625,0.10986328125,-0.439453125,-0.10986328125,-1.20849609375,-0.1220703125,0.68359375,0.28076171875,-1.11083984375,-0.18310546875,-0.18310546875,-0.09765625,0.2685546875,-0.341796875,0.96435546875,0.13427734375,0.4150390625,0.0244140625,-0.146484375,0.08544921875,-0.74462890625,0.1708984375,0.96435546875,0.146484375,0.2685546875,0.01220703125,-0.29296875,0.29296875,-0.8544921875,0.18310546875,-0.42724609375,0.10986328125,-0.69580078125,0.08544921875,-0.10986328125,-0.1220703125,-0.62255859375,0.29296875,-0.35400390625,0.37841796875,0.634765625,-0.390625,1.123046875,-0.0732421875,0.47607421875,-0.06103515625,-0.146484375,-0.1953125,0.78125,0.13427734375,0.6591796875,0.37841796875,0.5126953125,-0.1708984375,1.06201171875,-0.2685546875,0.18310546875,0.2685546875,0.32958984375,0.2197265625,1.03759765625,0.0244140625,0.1708984375,-0.29296875,0.28076171875,0.03662109375,0.29296875,0.28076171875,0.89111328125,-0.01220703125,0.048828125,-0.15869140625,1.3671875,0.2197265625,-0.87890625,0.1220703125,-0.28076171875,-0.09765625,-0.93994140625,0.2197265625,-0.74462890625,-0.0244140625,-1.47705078125,0.0732421875,-0.29296875,0.2685546875,-0.25634765625,0.06103515625,-1.1962890625,-0.0244140625,1.28173828125,0.06103515625,4.1748046875,-0.10986328125,0.79345703125,-0.2685546875,1.96533203125,0.1708984375,-0.68359375,0.048828125,-1.416015625,-0.1953125,-1.01318359375,0.10986328125,0.390625,0.244140625,-0.06103515625,-0.03662109375,-0.45166015625,-0.08544921875,-0.3662109375,-0.03662109375,-0.4638671875,-0.18310546875,0.048828125,-0.03662109375,0.86669921875,-0.1220703125,-0.4638671875,-0.08544921875,-0.45166015625
1,0.18310546875,-0.3662109375,0.1220703125,-0.2685546875,0.30517578125,-0.4150390625,-0.29296875,0.048828125,0.10986328125,-0.37841796875,-0.10986328125,-1.171875,-0.15869140625,0.732421875,0.341796875,-0.98876953125,-0.146484375,0.13427734375,-0.1708984375,0.59814453125,-0.32958984375,1.25732421875,-0.048828125,1.0498046875,0.06103515625,-0.15869140625,0.1220703125,-0.74462890625,0.1708984375,0.96435546875,0.1220703125,0.2685546875,0.10986328125,-0.32958984375,0.1708984375,-0.84228515625,0.1220703125,-0.40283203125,0.146484375,-0.67138671875,0.048828125,-0.10986328125,-0.08544921875,-0.62255859375,0.3173828125,-0.3662109375,0.35400390625,0.64697265625,-0.2685546875,1.15966796875,-0.03662109375,0.47607421875,-0.0732421875,-0.15869140625,-0.20751953125,0.76904296875,0.13427734375,0.6591796875,0.341796875,0.5126953125,-0.146484375,0.9521484375,-0.28076171875,0.1708984375,0.35400390625,0.3173828125,0.1953125,1.07421875,0.03662109375,0.1708984375,-0.244140625,0.25634765625,0.08544921875,0.29296875,0.28076171875,0.87890625,-0.0732421875,0.06103515625,-0.1220703125,1.40380859375,0.20751953125,-0.89111328125,0.10986328125,-0.3173828125,-0.08544921875,-0.96435546875,0.0732421875,-0.78125,-0.01220703125,-1.50146484375,0.10986328125,-0.30517578125,0.23193359375,-0.2685546875,0.1708984375,-1.20849609375,-0.06103515625,1.69677734375,-0.01220703125,5.17578125,-0.06103515625,1.15966796875,-0.29296875,2.38037109375,0.390625,-0.67138671875,-0.03662109375,-1.42822265625,-0.1220703125,-1.025390625,0.03662109375,0.37841796875,0.2197265625,-0.048828125,-0.01220703125,-0.47607421875,-0.06103515625,-0.4150390625,-0.0244140625,-0.47607421875,-0.18310546875,0.0732421875,0,0.830078125,-0.09765625,-0.48828125,-0.10986328125,-0.439453125
0,0.18310546875,-0.3662109375,0.048828125,-0.29296875,0.3173828125,-0.40283203125,-0.30517578125,0.03662109375,0.10986328125,-0.3173828125,-0.10986328125,-1.11083984375,-0.18310546875,0.78125,0.29296875,-0.830078125,-0.13427734375,0.68359375,-0.244140625,1.11083984375,-0.32958984375,1.6845703125,-0.35400390625,1.86767578125,0.08544921875,-0.146484375,0.15869140625,-0.76904296875,0.1220703125,0.9521484375,0.146484375,0.2685546875,0.146484375,-0.32958984375,0.06103515625,-0.84228515625,0.03662109375,-0.40283203125,0.146484375,-0.69580078125,-0.048828125,-0.1220703125,-0.03662109375,-0.59814453125,0.23193359375,-0.37841796875,0.32958984375,0.64697265625,-0.15869140625,1.171875,-0.03662109375,0.47607421875,-0.09765625,-0.18310546875,-0.23193359375,0.74462890625,0.13427734375,0.64697265625,0.390625,0.54931640625,-0.18310546875,0.87890625,-0.23193359375,0.146484375,0.439453125,0.32958984375,0.1708984375,1.07421875,-0.0244140625,0.18310546875,-0.1953125,0.2685546875,0.146484375,0.29296875,0.2685546875,0.89111328125,-0.1220703125,0.0732421875,-0.09765625,1.40380859375,0.18310546875,-0.9033203125,0.08544921875,-0.32958984375,-0.03662109375,-1.01318359375,-0.08544921875,-0.78125,0.01220703125,-1.513671875,0.1708984375,-0.30517578125,0.1708984375,-0.244140625,0.25634765625,-1.20849609375,-0.146484375,2.0263671875,-0.2197265625,5.96923828125,-0.03662109375,1.47705078125,-0.30517578125,2.7099609375,0.54931640625,-0.7080078125,-0.08544921875,-1.416015625,-0.0732421875,-1.0498046875,-0.01220703125,0.390625,0.1953125,-0.048828125,-0.03662109375,-0.45166015625,-0.08544921875,-0.42724609375,-0.048828125,-0.48828125,-0.18310546875,0.06103515625,0.0244140625,0.81787109375,-0.1220703125,-0.48828125,-0.09765625,-0.439453125
0,0.1708984375,-0.3662109375,0.06103515625,-0.32958984375,0.3662109375,-0.40283203125,-0.32958984375,0.03662109375,0.15869140625,-0.23193359375,-0.0732421875,-1.07421875,-0.18310546875,0.84228515625,0.2685546875,-0.69580078125,-0.1220703125,1.3916015625,-0.2685546875,1.7822265625,-0.3662109375,2.20947265625,-0.439453125,2.86865234375,0.06103515625,-0.146484375,0.18310546875,-0.76904296875,0.048828125,0.96435546875,0.1220703125,0.2685546875,0.146484375,-0.341796875,0.0244140625,-0.8544921875,0.01220703125,-0.3662109375,0.13427734375,-0.69580078125,-0.23193359375,-0.1220703125,0.0244140625,-0.6103515625,0.13427734375,-0.40283203125,0.244140625,0.634765625,-0.048828125,1.1962890625,-0.06103515625,0.4638671875,-0.1220703125,-0.18310546875,-0.244140625,0.74462890625,0.048828125,0.64697265625,0.40283203125,0.5615234375,-0.0732421875,0.86669921875,-0.1708984375,0.146484375,0.4638671875,0.341796875,0.146484375,1.08642578125,-0.03662109375,0.18310546875,-0.15869140625,0.28076171875,0.1953125,0.29296875,0.2197265625,0.9033203125,-0.10986328125,0.048828125,-0.08544921875,1.40380859375,0.13427734375,-0.91552734375,0.0244140625,-0.341796875,-0.08544921875,-1.01318359375,-0.1953125,-0.8056640625,0.06103515625,-1.52587890625,0.23193359375,-0.30517578125,0.1708984375,-0.244140625,0.244140625,-1.20849609375,-0.20751953125,2.28271484375,-0.29296875,6.55517578125,0,1.67236328125,-0.29296875,2.9541015625,0.59814453125,-0.69580078125,-0.1220703125,-1.42822265625,0.0244140625,-1.0498046875,-0.0244140625,0.40283203125,0.15869140625,-0.01220703125,-0.03662109375,-0.4638671875,-0.0732421875,-0.45166015625,-0.048828125,-0.50048828125,-0.18310546875,0.0732421875,0.03662109375,0.76904296875,-0.10986328125,-0.50048828125,-0.09765625,-0.4638671875
0,0.15869140625,-0.37841796875,0.09765625,-0.3173828125,0.390625,-0.40283203125,-0.341796875,0.0244140625,0.15869140625,-0.1953125,-0.0732421875,-1.03759765625,-0.1953125,0.8544921875,0.2197265625,-0.537109375,-0.1220703125,2.24609375,-0.23193359375,2.5634765625,-0.439453125,2.783203125,-0.48828125,3.94287109375,0.08544921875,-0.15869140625,0.20751953125,-0.78125,-0.03662109375,0.9765625,0.13427734375,0.2685546875,0.06103515625,-0.32958984375,0.03662109375,-0.84228515625,-0.06103515625,-0.3662109375,0.146484375,-0.69580078125,-0.439453125,-0.13427734375,0.08544921875,-0.634765625,-0.03662109375,-0.40283203125,0.1708984375,0.62255859375,0.0732421875,1.1962890625,-0.09765625,0.47607421875,-0.146484375,-0.18310546875,-0.28076171875,0.74462890625,-0.0732421875,0.634765625,0.439453125,0.57373046875,0.03662109375,0.8544921875,-0.06103515625,0.13427734375,0.4638671875,0.341796875,0.09765625,1.08642578125,-0.03662109375,0.18310546875,-0.15869140625,0.2685546875,0.20751953125,0.29296875,0.146484375,0.9033203125,-0.146484375,0.048828125,-0.03662109375,1.40380859375,0.06103515625,-0.93994140625,0.01220703125,-0.32958984375,-0.146484375,-1.025390625,-0.2685546875,-0.8056640625,0.06103515625,-1.5380859375,0.30517578125,-0.30517578125,0.18310546875,-0.23193359375,0.1953125,-1.220703125,-0.244140625,2.42919921875,-0.30517578125,6.8115234375,0.03662109375,1.7578125,-0.20751953125,3.08837890625,0.54931640625,-0.7080078125,-0.10986328125,-1.4404296875,0.10986328125,-1.07421875,-0.0244140625,0.4150390625,0.1708984375,0.01220703125,-0.06103515625,-0.45166015625,-0.08544921875,-0.4638671875,-0.048828125,-0.50048828125,-0.1708984375,0.06103515625,0.0244140625,0.7568359375,-0.1220703125,-0.48828125,-0.0732421875,-0.47607421875
0,0.146484375,-0.341796875,0.048828125,-0.3173828125,0.3662109375,-0.40283203125,-0.30517578125,0.01220703125,0.146484375,-0.146484375,-0.09765625,-1.025390625,-0.2197265625,0.87890625,0.146484375,-0.45166015625,-0.13427734375,3.1005859375,-0.1708984375,3.35693359375,-0.5126953125,3.369140625,-0.2685546875,5.0537109375,0.0244140625,-0.15869140625,0.2197265625,-0.79345703125,-0.10986328125,0.9765625,0.10986328125,0.2685546875,-0.048828125,-0.32958984375,0.09765625,-0.86669921875,-0.10986328125,-0.3662109375,0.09765625,-0.72021484375,-0.57373046875,-0.146484375,0.0732421875,-0.634765625,-0.18310546875,-0.42724609375,0.13427734375,0.62255859375,0.13427734375,1.1962890625,-0.1220703125,0.48828125,-0.13427734375,-0.1953125,-0.390625,0.7568359375,-0.1953125,0.64697265625,0.48828125,0.57373046875,0.0732421875,0.89111328125,0.048828125,0.15869140625,0.50048828125,0.341796875,0.01220703125,1.08642578125,-0.06103515625,0.18310546875,-0.146484375,0.244140625,0.1953125,0.29296875,0.10986328125,0.9033203125,-0.15869140625,0.048828125,-0.01220703125,1.3916015625,0.01220703125,-0.9521484375,-0.03662109375,-0.341796875,-0.20751953125,-1.025390625,-0.244140625,-0.8056640625,0.0732421875,-1.5380859375,0.32958984375,-0.28076171875,0.244140625,-0.2685546875,0.1220703125,-1.23291015625,-0.29296875,2.40478515625,-0.28076171875,6.73828125,0.0732421875,1.7822265625,-0.146484375,3.0517578125,0.390625,-0.732421875,-0.09765625,-1.46484375,0.1708984375,-1.0498046875,-0.01220703125,0.439453125,0.146484375,0.09765625,-0.03662109375,-0.45166015625,-0.0732421875,-0.45166015625,-0.048828125,-0.50048828125,-0.15869140625,0.03662109375,0.0244140625,0.7568359375,-0.1220703125,-0.47607421875,-0.06103515625,-0.50048828125
0,0.13427734375,-0.35400390625,0.08544921875,-0.30517578125,0.32958984375,-0.390625,-0.29296875,0,0.15869140625,-0.13427734375,-0.08544921875,-1.0009765625,-0.18310546875,0.86669921875,0.13427734375,-0.390625,-0.15869140625,3.89404296875,-0.10986328125,4.0771484375,-0.57373046875,3.8818359375,-0.01220703125,6.103515625,-0.06103515625,-0.13427734375,0.18310546875,-0.78125,-0.1708984375,0.9765625,-0.0244140625,0.244140625,-0.1708984375,-0.3173828125,0.18310546875,-0.8544921875,-0.13427734375,-0.40283203125,0.03662109375,-0.74462890625,-0.634765625,-0.1708984375,0.0244140625,-0.634765625,-0.30517578125,-0.439453125,0.13427734375,0.6103515625,0.15869140625,1.1962890625,-0.146484375,0.5126953125,-0.15869140625,-0.18310546875,-0.4150390625,0.7568359375,-0.30517578125,0.64697265625,0.4638671875,0.54931640625,0.08544921875,0.98876953125,0.10986328125,0.146484375,0.45166015625,0.341796875,-0.0732421875,1.08642578125,-0.0732421875,0.20751953125,-0.1708984375,0.244140625,0.15869140625,0.29296875,0.06103515625,0.89111328125,-0.1220703125,0.03662109375,-0.01220703125,1.3916015625,-0.0244140625,-0.9521484375,-0.08544921875,-0.341796875,-0.2685546875,-0.98876953125,-0.1708984375,-0.78125,0.06103515625,-1.52587890625,0.30517578125,-0.244140625,0.28076171875,-0.28076171875,-0.048828125,-1.220703125,-0.3173828125,2.30712890625,-0.23193359375,6.45751953125,0.08544921875,1.7333984375,-0.09765625,2.96630859375,0.15869140625,-0.7568359375,-0.06103515625,-1.45263671875,0.18310546875,-1.06201171875,0.03662109375,0.439453125,0.146484375,0.146484375,-0.0732421875,-0.45166015625,-0.0732421875,-0.439453125,-0.0732421875,-0.50048828125,-0.15869140625,0.048828125,0.048828125,0.7568359375,-0.10986328125,-0.4638671875,-0.048828125,-0.50048828125
0,0.1220703125,-0.341796875,0.06103515625,-0.29296875,0.30517578125,-0.390625,-0.28076171875,-0.01220703125,0.15869140625,-0.10986328125,-0.0244140625,-0.98876953125,-0.1953125,0.86669921875,0.13427734375,-0.35400390625,-0.13427734375,4.541015625,0,4.67529296875,-0.54931640625,4.2724609375,0.29296875,6.99462890625,-0.1220703125,-0.146484375,0.146484375,-0.76904296875,-0.2197265625,0.9521484375,-0.09765625,0.23193359375,-0.2685546875,-0.3173828125,0.28076171875,-0.86669921875,-0.18310546875,-0.439453125,-0.01220703125,-0.732421875,-0.57373046875,-0.1708984375,-0.048828125,-0.62255859375,-0.40283203125,-0.45166015625,0.0732421875,0.64697265625,0.1220703125,1.1962890625,-0.18310546875,0.5126953125,-0.15869140625,-0.15869140625,-0.4150390625,0.76904296875,-0.37841796875,0.634765625,0.50048828125,0.537109375,0.1220703125,1.08642578125,0.10986328125,0.15869140625,0.40283203125,0.32958984375,-0.13427734375,1.07421875,-0.09765625,0.20751953125,-0.20751953125,0.2685546875,0.1220703125,0.30517578125,0.0244140625,0.9033203125,-0.08544921875,0.01220703125,-0.01220703125,1.3916015625,-0.06103515625,-0.9521484375,-0.1220703125,-0.32958984375,-0.2685546875,-0.9765625,-0.03662109375,-0.7568359375,0.0732421875,-1.513671875,0.28076171875,-0.244140625,0.30517578125,-0.28076171875,-0.1953125,-1.220703125,-0.28076171875,2.1240234375,-0.18310546875,5.9814453125,0.08544921875,1.59912109375,-0.0732421875,2.74658203125,-0.06103515625,-0.74462890625,-0.048828125,-1.4404296875,0.2197265625,-1.0498046875,0.048828125,0.47607421875,0.09765625,0.23193359375,-0.0732421875,-0.45166015625,-0.08544921875,-0.42724609375,-0.0732421875,-0.5126953125,-0.15869140625,0.048828125,0.03662109375,0.76904296875,-0.13427734375,-0.4638671875,-0.048828125,-0.50048828125
0,0.09765625,-0.35400390625,0.048828125,-0.2685546875,0.30517578125,-0.390625,-0.244140625,-0.01220703125,0.1220703125,-0.15869140625,-0.0732421875,-1.0009765625,-0.1953125,0.86669921875,0.09765625,-0.35400390625,-0.048828125,5.01708984375,0.048828125,5.1025390625,-0.45166015625,4.541015625,0.3662109375,7.70263671875,-0.20751953125,-0.146484375,0.08544921875,-0.76904296875,-0.25634765625,0.9521484375,-0.1708984375,0.2197265625,-0.28076171875,-0.3173828125,0.35400390625,-0.84228515625,-0.1953125,-0.4638671875,-0.06103515625,-0.72021484375,-0.45166015625,-0.18310546875,-0.13427734375,-0.634765625,-0.47607421875,-0.45166015625,0.03662109375,0.6591796875,0.03662109375,1.171875,-0.25634765625,0.5126953125,-0.1953125,-0.15869140625,-0.390625,0.76904296875,-0.3662109375,0.634765625,0.47607421875,0.537109375,0.1708984375,1.15966796875,0.15869140625,0.15869140625,0.30517578125,0.341796875,-0.20751953125,1.0986328125,-0.09765625,0.244140625,-0.25634765625,0.2685546875,0.0732421875,0.29296875,0,0.87890625,-0.03662109375,0.01220703125,0,1.3916015625,-0.0732421875,-0.96435546875,-0.13427734375,-0.30517578125,-0.23193359375,-0.93994140625,0.0732421875,-0.72021484375,0.08544921875,-1.513671875,0.244140625,-0.2197265625,0.29296875,-0.29296875,-0.341796875,-1.23291015625,-0.2685546875,1.85546875,-0.08544921875,5.3955078125,0.06103515625,1.3671875,-0.0732421875,2.490234375,-0.244140625,-0.72021484375,-0.08544921875,-1.4404296875,0.20751953125,-1.03759765625,0.0732421875,0.4638671875,0.1220703125,0.32958984375,-0.0732421875,-0.439453125,-0.06103515625,-0.42724609375,-0.06103515625,-0.48828125,-0.146484375,0.048828125,0.03662109375,0.79345703125,-0.13427734375,-0.4638671875,-0.0244140625,-0.5126953125
0,0.10986328125,-0.35400390625,0.08544921875,-0.25634765625,0.30517578125,-0.40283203125,-0.244140625,0.0244140625,0.13427734375,-0.15869140625,-0.03662109375,-0.9765625,-0.1953125,0.86669921875,0.10986328125,-0.37841796875,0.01220703125,5.28564453125,0.048828125,5.322265625,-0.341796875,4.69970703125,0.4150390625,8.1787109375,-0.2685546875,-0.1220703125,0.048828125,-0.76904296875,-0.2685546875,0.93994140625,-0.244140625,0.23193359375,-0.1953125,-0.30517578125,0.390625,-0.84228515625,-0.1708984375,-0.439453125,-0.048828125,-0.72021484375,-0.29296875,-0.18310546875,-0.20751953125,-0.634765625,-0.48828125,-0.42724609375,-0.01220703125,0.634765625,-0.03662109375,1.1474609375,-0.35400390625,0.50048828125,-0.2197265625,-0.15869140625,-0.390625,0.78125,-0.30517578125,0.6591796875,0.40283203125,0.52490234375,0.40283203125,1.23291015625,0.146484375,0.15869140625,0.2197265625,0.341796875,-0.20751953125,1.07421875,-0.09765625,0.2197265625,-0.28076171875,0.2685546875,-0.01220703125,0.3173828125,-0.01220703125,0.89111328125,0.01220703125,0,-0.048828125,1.37939453125,-0.09765625,-0.9765625,-0.13427734375,-0.29296875,-0.1708984375,-0.93994140625,0.10986328125,-0.69580078125,0.09765625,-1.46484375,0.15869140625,-0.1953125,0.2197265625,-0.3173828125,-0.439453125,-1.23291015625,-0.20751953125,1.57470703125,0.0244140625,4.7607421875,0.01220703125,1.13525390625,-0.06103515625,2.18505859375,-0.29296875,-0.72021484375,-0.146484375,-1.42822265625,0.18310546875,-1.03759765625,0.06103515625,0.45166015625,0.0732421875,0.4150390625,-0.08544921875,-0.42724609375,-0.08544921875,-0.40283203125,-0.01220703125,-0.4638671875,-0.13427734375,0.048828125,0.0244140625,0.8056640625,-0.15869140625,-0.47607421875,-0.0244140625,-0.5126953125
0,0.10986328125,-0.3662109375,0.09765625,-0.244140625,0.30517578125,-0.40283203125,-0.25634765625,0.048828125,0.08544921875,-0.13427734375,-0.048828125,-0.96435546875,-0.2197265625,0.89111328125,0.08544921875,-0.42724609375,0.06103515625,5.35888671875,0,5.38330078125,-0.20751953125,4.72412109375,0.341796875,8.4228515625,-0.30517578125,-0.146484375,0,-0.7568359375,-0.28076171875,0.9521484375,-0.244140625,0.244140625,-0.09765625,-0.2685546875,0.4150390625,-0.84228515625,-0.08544921875,-0.439453125,-0.06103515625,-0.7080078125,-0.1220703125,-0.1708984375,-0.2197265625,-0.62255859375,-0.42724609375,-0.40283203125,-0.03662109375,0.62255859375,-0.08544921875,1.171875,-0.40283203125,0.48828125,-0.1953125,-0.13427734375,-0.439453125,0.78125,-0.20751953125,0.64697265625,0.35400390625,0.48828125,0.4638671875,1.23291015625,0.10986328125,0.146484375,0.146484375,0.341796875,-0.18310546875,1.08642578125,-0.10986328125,0.2197265625,-0.3173828125,0.2685546875,-0.08544921875,0.32958984375,-0.01220703125,0.89111328125,0.03662109375,0.01220703125,-0.0732421875,1.37939453125,-0.0732421875,-0.9521484375,-0.1220703125,-0.30517578125,-0.0244140625,-0.927734375,0.15869140625,-0.68359375,0.09765625,-1.46484375,0.08544921875,-0.2197265625,0.09765625,-0.30517578125,-0.390625,-1.23291015625,-0.09765625,1.26953125,0.03662109375,4.11376953125,-0.01220703125,0.84228515625,-0.048828125,1.8798828125,-0.2197265625,-0.68359375,-0.244140625,-1.4404296875,0.10986328125,-1.025390625,0.048828125,0.45166015625,0.0732421875,0.4638671875,-0.09765625,-0.45166015625,-0.08544921875,-0.40283203125,0.0244140625,-0.4638671875,-0.10986328125,0.048828125,0.03662109375,0.830078125,-0.15869140625,-0.4638671875,0,-0.5126953125
0,0.06103515625,-0.390625,0.0244140625,-0.23193359375,0.30517578125,-0.390625,-0.2197265625,0.048828125,0.09765625,-0.10986328125,-0.06103515625,-0.927734375,-0.1953125,0.9033203125,0.1220703125,-0.45166015625,0.146484375,5.31005859375,-0.0732421875,5.3466796875,-0.048828125,4.6875,0.32958984375,8.4228515625,-0.29296875,-0.15869140625,-0.048828125,-0.76904296875,-0.25634765625,0.93994140625,-0.1953125,0.244140625,0.0732421875,-0.29296875,0.390625,-0.8544921875,0.01220703125,-0.4638671875,-0.03662109375,-0.7080078125,0.0244140625,-0.1708984375,-0.18310546875,-0.62255859375,-0.32958984375,-0.40283203125,-0.0732421875,0.6103515625,-0.15869140625,1.15966796875,-0.45166015625,0.4638671875,-0.2197265625,-0.13427734375,-0.439453125,0.78125,-0.10986328125,0.634765625,0.25634765625,0.4638671875,0.48828125,1.20849609375,-0.03662109375,0.146484375,0.03662109375,0.341796875,-0.20751953125,1.08642578125,-0.10986328125,0.23193359375,-0.3173828125,0.2685546875,-0.09765625,0.341796875,-0.0244140625,0.86669921875,0.08544921875,0.01220703125,-0.048828125,1.37939453125,-0.03662109375,-0.927734375,-0.08544921875,-0.28076171875,0.048828125,-0.927734375,0.15869140625,-0.69580078125,0.08544921875,-1.45263671875,0.048828125,-0.20751953125,0,-0.29296875,-0.30517578125,-1.20849609375,0.01220703125,0.91552734375,0.01220703125,3.47900390625,-0.048828125,0.5615234375,-0.06103515625,1.5869140625,-0.10986328125,-0.6591796875,-0.3662109375,-1.42822265625,0.048828125,-1.0498046875,0.048828125,0.4150390625,0.06103515625,0.47607421875,-0.1220703125,-0.439453125,-0.10986328125,-0.390625,0.01220703125,-0.45166015625,-0.10986328125,0.03662109375,0.0244140625,0.86669921875,-0.13427734375,-0.4638671875,-0.0244140625,-0.5126953125
0,0.01220703125,-0.3662109375,0.06103515625,-0.23193359375,0.28076171875,-0.4150390625,-0.20751953125,0.048828125,0.1220703125,-0.048828125,-0.0244140625,-0.91552734375,-0.1708984375,0.9765625,0.15869140625,-0.52490234375,0.20751953125,5.09033203125,-0.146484375,5.16357421875,0.09765625,4.55322265625,0.25634765625,8.23974609375,-0.2685546875,-0.1708984375,-0.10986328125,-0.78125,-0.20751953125,0.9521484375,-0.0732421875,0.23193359375,0.1953125,-0.3173828125,0.341796875,-0.86669921875,0.1220703125,-0.4638671875,0.0244140625,-0.7080078125,0.10986328125,-0.1708984375,-0.10986328125,-0.6103515625,-0.20751953125,-0.390625,-0.06103515625,0.5859375,-0.23193359375,1.171875,-0.439453125,0.4638671875,-0.23193359375,-0.13427734375,-0.40283203125,0.74462890625,-0.03662109375,0.64697265625,0.2685546875,0.439453125,0.45166015625,1.1474609375,-0.048828125,0.13427734375,-0.1220703125,0.3173828125,-0.10986328125,1.07421875,-0.1220703125,0.2197265625,-0.32958984375,0.25634765625,-0.15869140625,0.341796875,-0.03662109375,0.84228515625,0.10986328125,0.0244140625,-0.0244140625,1.37939453125,0,-0.89111328125,-0.03662109375,-0.28076171875,0.146484375,-0.93994140625,0.08544921875,-0.732421875,0.06103515625,-1.47705078125,0.0244140625,-0.2197265625,-0.08544921875,-0.2685546875,-0.13427734375,-1.18408203125,0.09765625,0.6103515625,-0.01220703125,2.880859375,-0.0244140625,0.28076171875,-0.08544921875,1.28173828125,0.09765625,-0.67138671875,-0.45166015625,-1.416015625,-0.0244140625,-1.06201171875,0.0244140625,0.37841796875,0.08544921875,0.47607421875,-0.09765625,-0.45166015625,-0.09765625,-0.390625,0.0244140625,-0.45166015625,-0.09765625,0.03662109375,0,0.830078125,-0.1220703125,-0.47607421875,-0.06103515625,-0.5126953125
0,-0.01220703125,-0.35400390625,0.0244140625,-0.20751953125,0.25634765625,-0.4150390625,-0.18310546875,0.048828125,0.1220703125,0.0244140625,-0.048828125,-0.87890625,-0.1953125,1.03759765625,0.146484375,-0.5126953125,0.20751953125,4.833984375,-0.1708984375,4.94384765625,0.15869140625,4.39453125,0.0244140625,7.89794921875,-0.23193359375,-0.1708984375,-0.146484375,-0.7568359375,-0.13427734375,0.9521484375,0.0732421875,0.2197265625,0.3173828125,-0.30517578125,0.2685546875,-0.86669921875,0.2197265625,-0.45166015625,0.08544921875,-0.69580078125,0.1220703125,-0.1953125,0.03662109375,-0.62255859375,-0.06103515625,-0.37841796875,-0.0244140625,0.5859375,-0.28076171875,1.18408203125,-0.390625,0.4638671875,-0.28076171875,-0.146484375,-0.341796875,0.7568359375,0.0732421875,0.6103515625,0.2685546875,0.42724609375,0.537109375,1.0498046875,-0.048828125,0.1220703125,-0.1953125,0.3173828125,-0.0732421875,1.0986328125,-0.1220703125,0.25634765625,-0.3173828125,0.244140625,-0.20751953125,0.32958984375,-0.03662109375,0.86669921875,0.13427734375,0.048828125,0.0244140625,1.40380859375,0.0732421875,-0.89111328125,0.0244140625,-0.29296875,0.1953125,-0.96435546875,0.0244140625,-0.72021484375,0.0244140625,-1.4892578125,0.01220703125,-0.2197265625,-0.10986328125,-0.244140625,0.048828125,-1.171875,0.13427734375,0.30517578125,-0.048828125,2.28271484375,-0.048828125,0.0244140625,-0.15869140625,0.98876953125,0.2685546875,-0.68359375,-0.50048828125,-1.42822265625,-0.0732421875,-1.07421875,0,0.3662109375,0.06103515625,0.439453125,-0.08544921875,-0.439453125,-0.08544921875,-0.3662109375,0.01220703125,-0.45166015625,-0.09765625,0.0244140625,-0.0244140625,0.830078125,-0.10986328125,-0.45166015625,-0.0732421875,-0.50048828125
0,-0.01220703125,-0.35400390625,0.0732421875,-0.2197265625,0.23193359375,-0.42724609375,-0.18310546875,0.0244140625,0.10986328125,0.1220703125,-0.0732421875,-0.81787109375,-0.18310546875,1.123046875,0.1708984375,-0.47607421875,0.1708984375,4.541015625,-0.2197265625,4.67529296875,0.1220703125,4.19921875,-0.1708984375,7.421875,-0.15869140625,-0.18310546875,-0.1953125,-0.78125,-0.08544921875,0.93994140625,0.1953125,0.23193359375,0.341796875,-0.30517578125,0.20751953125,-0.8544921875,0.3173828125,-0.42724609375,0.10986328125,-0.7080078125,0.10986328125,-0.18310546875,0.1220703125,-0.62255859375,0,-0.35400390625,0.03662109375,0.5615234375,-0.30517578125,1.15966796875,-0.2685546875,0.4638671875,-0.2685546875,-0.146484375,-0.28076171875,0.76904296875,0.10986328125,0.634765625,0.2685546875,0.4150390625,0.48828125,0.9765625,0,0.146484375,-0.20751953125,0.30517578125,-0.048828125,1.08642578125,-0.13427734375,0.244140625,-0.29296875,0.244140625,-0.28076171875,0.35400390625,-0.03662109375,0.89111328125,0.08544921875,0.06103515625,0.10986328125,1.40380859375,0.13427734375,-0.89111328125,0.0732421875,-0.30517578125,0.15869140625,-0.9765625,-0.06103515625,-0.7568359375,0,-1.513671875,0.01220703125,-0.23193359375,-0.0732421875,-0.25634765625,0.1220703125,-1.13525390625,0.1220703125,0,-0.0244140625,1.6845703125,-0.0732421875,-0.18310546875,-0.2197265625,0.72021484375,0.35400390625,-0.68359375,-0.4150390625,-1.4404296875,-0.1220703125,-1.07421875,-0.03662109375,0.3662109375,0.0732421875,0.35400390625,-0.0732421875,-0.45166015625,-0.09765625,-0.37841796875,0.0244140625,-0.45166015625,-0.08544921875,0.01220703125,-0.0244140625,0.830078125,-0.10986328125,-0.45166015625,-0.0732421875,-0.50048828125
0,-0.0244140625,-0.35400390625,0.09765625,-0.20751953125,0.1953125,-0.4150390625,-0.18310546875,-0.01220703125,0.1220703125,0.20751953125,-0.06103515625,-0.76904296875,-0.15869140625,1.171875,0.1708984375,-0.37841796875,0.10986328125,4.23583984375,-0.25634765625,4.40673828125,0.06103515625,4.01611328125,-0.28076171875,6.92138671875,-0.09765625,-0.1953125,-0.1708984375,-0.78125,0,0.9521484375,0.25634765625,0.2197265625,0.30517578125,-0.32958984375,0.18310546875,-0.86669921875,0.35400390625,-0.42724609375,0.15869140625,-0.72021484375,0.0244140625,-0.1708984375,0.1953125,-0.62255859375,0.01220703125,-0.3662109375,0.0732421875,0.54931640625,-0.2685546875,1.171875,-0.146484375,0.47607421875,-0.2197265625,-0.18310546875,-0.20751953125,0.74462890625,0.15869140625,0.634765625,0.244140625,0.439453125,0.5126953125,0.89111328125,0.048828125,0.13427734375,-0.20751953125,0.30517578125,0.01220703125,1.08642578125,-0.15869140625,0.28076171875,-0.2685546875,0.25634765625,-0.29296875,0.32958984375,0,0.87890625,0.09765625,0.08544921875,0.146484375,1.37939453125,0.146484375,-0.9033203125,0.10986328125,-0.30517578125,0.09765625,-0.96435546875,-0.0732421875,-0.76904296875,-0.0244140625,-1.5380859375,0.048828125,-0.23193359375,0.06103515625,-0.25634765625,0.15869140625,-1.13525390625,0.10986328125,-0.29296875,-0.01220703125,1.11083984375,-0.06103515625,-0.4150390625,-0.29296875,0.48828125,0.4150390625,-0.67138671875,-0.244140625,-1.4404296875,-0.1220703125,-1.06201171875,-0.09765625,0.390625,0,0.2197265625,-0.0732421875,-0.439453125,-0.06103515625,-0.35400390625,0.0244140625,-0.47607421875,-0.08544921875,0.0244140625,-0.0244140625,0.830078125,-0.1220703125,-0.45166015625,-0.08544921875,-0.5126953125
1,-0.03662109375,-0.35400390625,0.048828125,-0.1953125,0.18310546875,-0.4150390625,-0.18310546875,0.0244140625,0.1220703125,0.2685546875,-0.048828125,-0.7080078125,-0.146484375,1.1962890625,0.2197265625,-0.2685546875,0.048828125,3.9794921875,-0.29296875,4.16259765625,-0.08544921875,3.8330078125,-0.32958984375,6.396484375,-0.048828125,-0.1953125,-0.1220703125,-0.8056640625,0.0732421875,0.96435546875,0.244140625,0.23193359375,0.1953125,-0.35400390625,0.18310546875,-0.8544921875,0.390625,-0.42724609375,0.1953125,-0.732421875,-0.08544921875,-0.18310546875,0.2197265625,-0.62255859375,-0.0244140625,-0.3662109375,0.146484375,0.54931640625,-0.28076171875,1.18408203125,-0.0244140625,0.4638671875,-0.15869140625,-0.18310546875,-0.18310546875,0.7568359375,0.1220703125,0.67138671875,0.23193359375,0.439453125,0.42724609375,0.86669921875,0.1220703125,0.13427734375,-0.2197265625,0.29296875,0.06103515625,1.07421875,-0.15869140625,0.28076171875,-0.244140625,0.244140625,-0.3173828125,0.32958984375,0,0.87890625,0.09765625,0.08544921875,0.2197265625,1.3916015625,0.15869140625,-0.91552734375,0.13427734375,-0.30517578125,-0.0244140625,-0.9521484375,-0.06103515625,-0.7568359375,-0.0244140625,-1.55029296875,0.08544921875,-0.23193359375,0.20751953125,-0.25634765625,0.08544921875,-1.123046875,0.048828125,-0.59814453125,0.03662109375,0.5126953125,-0.09765625,-0.634765625,-0.341796875,0.23193359375,0.3173828125,-0.69580078125,-0.06103515625,-1.42822265625,-0.1220703125,-1.0498046875,-0.13427734375,0.37841796875,0.01220703125,0.08544921875,-0.03662109375,-0.45166015625,-0.08544921875,-0.341796875,0.01220703125,-0.48828125,-0.10986328125,0.01220703125,-0.048828125,0.81787109375,-0.15869140625,-0.439453125,-0.09765625,-0.48828125
1,-0.06103515625,-0.35400390625,-0.01220703125,-0.1708984375,0.146484375,-0.42724609375,-0.18310546875,0,0.1220703125,0.3173828125,-0.06103515625,-0.67138671875,-0.146484375,1.2451171875,0.244140625,-0.13427734375,-0.01220703125,3.72314453125,-0.32958984375,3.90625,-0.23193359375,3.62548828125,-0.35400390625,5.89599609375,0.0244140625,-0.18310546875,-0.1220703125,-0.8056640625,0.15869140625,0.96435546875,0.2197265625,0.20751953125,0.01220703125,-0.3662109375,0.23193359375,-0.8544921875,0.40283203125,-0.439453125,0.23193359375,-0.72021484375,-0.15869140625,-0.15869140625,0.1953125,-0.634765625,-0.10986328125,-0.37841796875,0.15869140625,0.537109375,-0.23193359375,1.13525390625,0.1220703125,0.47607421875,-0.146484375,-0.15869140625,-0.146484375,0.78125,0.03662109375,0.68359375,0.23193359375,0.4638671875,0.40283203125,0.84228515625,0.1220703125,0.146484375,-0.30517578125,0.28076171875,0.1220703125,1.06201171875,-0.15869140625,0.28076171875,-0.2197265625,0.244140625,-0.32958984375,0.3173828125,0.0244140625,0.91552734375,0.08544921875,0.08544921875,0.23193359375,1.37939453125,0.1953125,-0.93994140625,0.1708984375,-0.30517578125,-0.18310546875,-0.9521484375,-0.0244140625,-0.76904296875,-0.048828125,-1.55029296875,0.1220703125,-0.2685546875,0.37841796875,-0.244140625,-0.03662109375,-1.11083984375,-0.08544921875,-0.86669921875,0.048828125,-0.1220703125,-0.08544921875,-0.830078125,-0.29296875,-0.0244140625,0.20751953125,-0.732421875,0.08544921875,-1.42822265625,-0.1220703125,-1.0498046875,-0.1708984375,0.390625,-0.048828125,-0.03662109375,-0.0732421875,-0.42724609375,-0.09765625,-0.32958984375,0.01220703125,-0.48828125,-0.08544921875,0.01220703125,-0.048828125,0.81787109375,-0.18310546875,-0.439453125,-0.10986328125,-0.48828125
1,-0.03662109375,-0.35400390625,0.0244140625,-0.13427734375,0.10986328125,-0.4150390625,-0.1708984375,0,0.13427734375,0.32958984375,-0.0732421875,-0.6103515625,-0.146484375,1.23291015625,0.2197265625,-0.03662109375,-0.0244140625,3.4912109375,-0.40283203125,3.7109375,-0.35400390625,3.43017578125,-0.29296875,5.48095703125,0.0732421875,-0.1708984375,-0.0732421875,-0.8056640625,0.244140625,0.9521484375,0.18310546875,0.20751953125,-0.2197265625,-0.3662109375,0.30517578125,-0.8544921875,0.3662109375,-0.4150390625,0.244140625,-0.72021484375,-0.2197265625,-0.1708984375,0.10986328125,-0.62255859375,-0.1708984375,-0.40283203125,0.13427734375,0.5615234375,-0.13427734375,1.13525390625,0.20751953125,0.5126953125,-0.10986328125,-0.146484375,-0.1708984375,0.7568359375,-0.048828125,0.67138671875,0.25634765625,0.47607421875,0.30517578125,0.86669921875,0.13427734375,0.15869140625,-0.32958984375,0.28076171875,0.20751953125,1.07421875,-0.146484375,0.28076171875,-0.20751953125,0.25634765625,-0.35400390625,0.30517578125,0.03662109375,0.89111328125,0.09765625,0.06103515625,0.244140625,1.37939453125,0.23193359375,-0.9521484375,0.1708984375,-0.3173828125,-0.25634765625,-0.9765625,0.03662109375,-0.7568359375,-0.01220703125,-1.5625,0.1220703125,-0.25634765625,0.4638671875,-0.25634765625,-0.10986328125,-1.13525390625,-0.20751953125,-1.13525390625,0,-0.74462890625,-0.0732421875,-0.927734375,-0.28076171875,-0.25634765625,0.13427734375,-0.74462890625,0.1953125,-1.42822265625,-0.0732421875,-1.025390625,-0.15869140625,0.4150390625,-0.01220703125,-0.1708984375,-0.048828125,-0.4638671875,-0.08544921875,-0.3173828125,0.0244140625,-0.48828125,-0.10986328125,0.03662109375,-0.06103515625,0.84228515625,-0.20751953125,-0.4150390625,-0.09765625,-0.48828125
1,-0.0732421875,-0.35400390625,0,-0.15869140625,0.08544921875,-0.390625,-0.146484375,0.01220703125,0.146484375,0.30517578125,-0.0732421875,-0.59814453125,-0.1220703125,1.20849609375,0.2197265625,0,-0.01220703125,3.30810546875,-0.45166015625,3.50341796875,-0.45166015625,3.271484375,-0.3662109375,5.126953125,0.08544921875,-0.1708984375,-0.048828125,-0.81787109375,0.28076171875,0.96435546875,0.13427734375,0.2197265625,-0.390625,-0.37841796875,0.29296875,-0.830078125,0.28076171875,-0.439453125,0.23193359375,-0.7080078125,-0.2685546875,-0.1708984375,0.01220703125,-0.62255859375,-0.2685546875,-0.42724609375,0.10986328125,0.5615234375,-0.03662109375,1.123046875,0.244140625,0.50048828125,-0.0732421875,-0.146484375,-0.1953125,0.78125,-0.1220703125,0.67138671875,0.3173828125,0.48828125,0.28076171875,0.93994140625,0.15869140625,0.18310546875,-0.32958984375,0.28076171875,0.23193359375,1.06201171875,-0.13427734375,0.28076171875,-0.20751953125,0.244140625,-0.32958984375,0.29296875,0.048828125,0.927734375,0.08544921875,0.06103515625,0.25634765625,1.35498046875,0.244140625,-0.96435546875,0.1708984375,-0.29296875,-0.30517578125,-0.9521484375,0.048828125,-0.72021484375,0.0244140625,-1.5380859375,0.146484375,-0.25634765625,0.48828125,-0.244140625,-0.146484375,-1.1474609375,-0.341796875,-1.33056640625,-0.06103515625,-1.26953125,-0.06103515625,-1.0498046875,-0.244140625,-0.4638671875,0.08544921875,-0.7568359375,0.23193359375,-1.416015625,-0.03662109375,-1.0009765625,-0.18310546875,0.42724609375,-0.01220703125,-0.25634765625,-0.048828125,-0.47607421875,-0.0732421875,-0.32958984375,0.0244140625,-0.50048828125,-0.10986328125,0.03662109375,-0.08544921875,0.8544921875,-0.23193359375,-0.439453125,-0.10986328125,-0.4638671875
1,-0.10986328125,-0.341796875,0.0244140625,-0.15869140625,0.08544921875,-0.40283203125,-0.146484375,0.01220703125,0.146484375,0.244140625,-0.03662109375,-0.62255859375,-0.10986328125,1.171875,0.20751953125,0,-0.01220703125,3.1494140625,-0.439453125,3.3203125,-0.4638671875,3.11279296875,-0.40283203125,4.89501953125,0.09765625,-0.1708984375,-0.10986328125,-0.8056640625,0.30517578125,0.98876953125,0.06103515625,0.244140625,-0.50048828125,-0.390625,0.20751953125,-0.830078125,0.146484375,-0.439453125,0.20751953125,-0.69580078125,-0.32958984375,-0.15869140625,-0.09765625,-0.6103515625,-0.29296875,-0.439453125,0.0732421875,0.6103515625,0.10986328125,1.123046875,0.244140625,0.5126953125,-0.048828125,-0.146484375,-0.15869140625,0.78125,-0.1708984375,0.67138671875,0.341796875,0.50048828125,0.23193359375,1.0009765625,0.15869140625,0.18310546875,-0.28076171875,0.28076171875,0.244140625,1.0498046875,-0.06103515625,0.25634765625,-0.244140625,0.25634765625,-0.28076171875,0.28076171875,0.09765625,0.91552734375,0.06103515625,0.048828125,0.23193359375,1.3671875,0.20751953125,-0.98876953125,0.146484375,-0.30517578125,-0.3173828125,-0.9521484375,0.03662109375,-0.7080078125,0.048828125,-1.52587890625,0.146484375,-0.2685546875,0.4638671875,-0.25634765625,-0.146484375,-1.1962890625,-0.45166015625,-1.4892578125,-0.15869140625,-1.66015625,-0.048828125,-1.123046875,-0.23193359375,-0.6103515625,0.146484375,-0.732421875,0.1953125,-1.4404296875,0.01220703125,-0.98876953125,-0.18310546875,0.45166015625,-0.03662109375,-0.29296875,-0.01220703125,-0.4638671875,-0.08544921875,-0.341796875,0.03662109375,-0.48828125,-0.10986328125,0.03662109375,-0.08544921875,0.9033203125,-0.2197265625,-0.439453125,-0.10986328125,-0.4638671875
1,-0.13427734375,-0.35400390625,0.0244140625,-0.2197265625,0.09765625,-0.390625,-0.15869140625,0.0244140625,0.146484375,0.1953125,-0.01220703125,-0.634765625,-0.0732421875,1.13525390625,0.1953125,-0.06103515625,0.06103515625,2.99072265625,-0.48828125,3.16162109375,-0.37841796875,3.01513671875,-0.439453125,4.72412109375,0.08544921875,-0.146484375,-0.10986328125,-0.78125,0.28076171875,0.98876953125,0.01220703125,0.23193359375,-0.52490234375,-0.35400390625,0.1220703125,-0.8056640625,0.0732421875,-0.439453125,0.146484375,-0.69580078125,-0.390625,-0.1708984375,-0.18310546875,-0.6103515625,-0.32958984375,-0.439453125,-0.01220703125,0.6103515625,0.1708984375,1.123046875,0.1953125,0.50048828125,-0.01220703125,-0.13427734375,-0.13427734375,0.76904296875,-0.18310546875,0.64697265625,0.32958984375,0.5126953125,0.244140625,1.07421875,0.18310546875,0.20751953125,-0.2197265625,0.28076171875,0.25634765625,1.0498046875,0.01220703125,0.23193359375,-0.28076171875,0.244140625,-0.23193359375,0.29296875,0.0732421875,0.91552734375,0.0732421875,0.048828125,0.18310546875,1.3671875,0.1708984375,-1.0009765625,0.10986328125,-0.30517578125,-0.2685546875,-0.9521484375,-0.01220703125,-0.72021484375,0.13427734375,-1.5380859375,0.1220703125,-0.2685546875,0.3662109375,-0.25634765625,-0.09765625,-1.220703125,-0.4638671875,-1.59912109375,-0.2197265625,-1.91650390625,-0.048828125,-1.1962890625,-0.20751953125,-0.72021484375,0.23193359375,-0.732421875,0.01220703125,-1.416015625,0.06103515625,-1.0009765625,-0.146484375,0.45166015625,-0.048828125,-0.29296875,0,-0.4638671875,-0.08544921875,-0.35400390625,0.03662109375,-0.47607421875,-0.10986328125,0.06103515625,-0.09765625,0.89111328125,-0.2197265625,-0.42724609375,-0.13427734375,-0.4638671875
1,-0.1708984375,-0.35400390625,0.03662109375,-0.244140625,0.09765625,-0.40283203125,-0.18310546875,0.03662109375,0.09765625,0.10986328125,-0.01220703125,-0.6591796875,-0.09765625,1.0986328125,0.1708984375,-0.15869140625,0.13427734375,2.84423828125,-0.42724609375,3.02734375,-0.25634765625,2.91748046875,-0.45166015625,4.60205078125,0.06103515625,-0.18310546875,-0.146484375,-0.8056640625,0.2197265625,0.96435546875,-0.08544921875,0.23193359375,-0.4150390625,-0.35400390625,0.048828125,-0.8056640625,0.01220703125,-0.42724609375,0.09765625,-0.7080078125,-0.4638671875,-0.146484375,-0.1953125,-0.62255859375,-0.37841796875,-0.45166015625,-0.1220703125,0.634765625,0.20751953125,1.1474609375,0.09765625,0.4638671875,0.0244140625,-0.1708984375,-0.146484375,0.76904296875,-0.1708984375,0.6103515625,0.35400390625,0.48828125,0.08544921875,1.0986328125,0.1953125,0.18310546875,-0.08544921875,0.3173828125,0.2685546875,1.06201171875,0.03662109375,0.23193359375,-0.3173828125,0.23193359375,-0.18310546875,0.28076171875,0.10986328125,0.89111328125,0.03662109375,0.048828125,0.1220703125,1.3671875,0.15869140625,-0.98876953125,0.06103515625,-0.29296875,-0.18310546875,-0.9765625,-0.10986328125,-0.72021484375,0.15869140625,-1.513671875,0.13427734375,-0.28076171875,0.2197265625,-0.2685546875,-0.03662109375,-1.2451171875,-0.40283203125,-1.62353515625,-0.30517578125,-1.9775390625,-0.048828125,-1.20849609375,-0.13427734375,-0.732421875,0.30517578125,-0.7080078125,-0.15869140625,-1.40380859375,0.08544921875,-1.01318359375,-0.1220703125,0.4150390625,-0.06103515625,-0.244140625,-0.01220703125,-0.47607421875,-0.09765625,-0.341796875,0.03662109375,-0.47607421875,-0.09765625,0.03662109375,-0.10986328125,0.86669921875,-0.20751953125,-0.42724609375,-0.15869140625,-0.4638671875
1,-0.18310546875,-0.3662109375,0,-0.2685546875,0.09765625,-0.40283203125,-0.1708984375,0.03662109375,0.10986328125,0.048828125,0,-0.68359375,-0.0732421875,1.0498046875,0.09765625,-0.2685546875,0.2197265625,2.72216796875,-0.37841796875,2.880859375,-0.09765625,2.84423828125,-0.4150390625,4.47998046875,0.048828125,-0.18310546875,-0.18310546875,-0.76904296875,0.09765625,0.9765625,-0.09765625,0.23193359375,-0.25634765625,-0.32958984375,-0.01220703125,-0.81787109375,0.01220703125,-0.4150390625,0.048828125,-0.68359375,-0.50048828125,-0.146484375,-0.146484375,-0.62255859375,-0.40283203125,-0.42724609375,-0.2197265625,0.6591796875,0.2197265625,1.15966796875,0,0.47607421875,0.03662109375,-0.13427734375,-0.146484375,0.7568359375,-0.146484375,0.6103515625,0.35400390625,0.47607421875,0.08544921875,1.0986328125,0.146484375,0.1953125,0.0244140625,0.341796875,0.2685546875,1.0498046875,0.06103515625,0.2197265625,-0.341796875,0.23193359375,-0.146484375,0.30517578125,0.1220703125,0.86669921875,0.03662109375,0.03662109375,0.048828125,1.3671875,0.09765625,-0.9765625,0.0244140625,-0.29296875,-0.048828125,-0.98876953125,-0.146484375,-0.72021484375,0.18310546875,-1.513671875,0.1220703125,-0.28076171875,0.08544921875,-0.30517578125,-0.03662109375,-1.25732421875,-0.30517578125,-1.5625,-0.37841796875,-1.8798828125,-0.06103515625,-1.18408203125,-0.10986328125,-0.68359375,0.3662109375,-0.68359375,-0.3173828125,-1.40380859375,0.048828125,-1.01318359375,-0.06103515625,0.42724609375,-0.10986328125,-0.1708984375,-0.0244140625,-0.47607421875,-0.08544921875,-0.341796875,0.06103515625,-0.47607421875,-0.10986328125,0.01220703125,-0.09765625,0.81787109375,-0.1953125,-0.45166015625,-0.15869140625,-0.47607421875
1,-0.15869140625,-0.3662109375,0.0244140625,-0.30517578125,0.0732421875,-0.42724609375,-0.10986328125,0.0732421875,0.13427734375,0.03662109375,0.01220703125,-0.7080078125,-0.048828125,1.06201171875,0,-0.3662109375,0.244140625,2.57568359375,-0.341796875,2.734375,0.0732421875,2.7587890625,-0.35400390625,4.26025390625,-0.01220703125,-0.1953125,-0.20751953125,-0.78125,-0.0244140625,0.9765625,-0.1220703125,0.23193359375,-0.08544921875,-0.30517578125,-0.08544921875,-0.84228515625,0.01220703125,-0.40283203125,0.01220703125,-0.68359375,-0.48828125,-0.146484375,-0.0732421875,-0.6103515625,-0.40283203125,-0.40283203125,-0.341796875,0.634765625,0.18310546875,1.171875,-0.10986328125,0.47607421875,0.03662109375,-0.13427734375,-0.13427734375,0.74462890625,-0.09765625,0.59814453125,0.37841796875,0.45166015625,0.06103515625,1.07421875,0.0244140625,0.1708984375,0.13427734375,0.3662109375,0.2685546875,1.07421875,0.10986328125,0.20751953125,-0.32958984375,0.20751953125,-0.09765625,0.3173828125,0.1708984375,0.84228515625,0.048828125,0.03662109375,-0.01220703125,1.3916015625,0.09765625,-0.93994140625,-0.01220703125,-0.28076171875,0.0244140625,-0.96435546875,-0.146484375,-0.72021484375,0.1953125,-1.513671875,0.10986328125,-0.29296875,-0.03662109375,-0.29296875,-0.06103515625,-1.25732421875,-0.2197265625,-1.45263671875,-0.390625,-1.6357421875,-0.06103515625,-1.13525390625,-0.06103515625,-0.57373046875,0.3173828125,-0.6591796875,-0.40283203125,-1.3916015625,0.01220703125,-1.025390625,0,0.390625,-0.08544921875,-0.09765625,-0.048828125,-0.45166015625,-0.08544921875,-0.35400390625,0.03662109375,-0.47607421875,-0.1220703125,0.0244140625,-0.1220703125,0.8056640625,-0.1708984375,-0.45166015625,-0.1708984375,-0.47607421875
1,-0.1953125,-0.3662109375,-0.06103515625,-0.30517578125,0.0244140625,-0.42724609375,-0.1220703125,0.0732421875,0.15869140625,0.0244140625,0.03662109375,-0.732421875,-0.048828125,1.025390625,-0.09765625,-0.40283203125,0.2685546875,2.3681640625,-0.18310546875,2.5634765625,0.20751953125,2.63671875,-0.25634765625,3.94287109375,-0.01220703125,-0.1953125,-0.25634765625,-0.76904296875,-0.146484375,0.96435546875,-0.09765625,0.2197265625,0.09765625,-0.29296875,-0.048828125,-0.84228515625,0,-0.4150390625,-0.01220703125,-0.7080078125,-0.45166015625,-0.1220703125,0.03662109375,-0.6103515625,-0.4150390625,-0.390625,-0.35400390625,0.634765625,0.1220703125,1.18408203125,-0.146484375,0.50048828125,0.0244140625,-0.13427734375,-0.13427734375,0.7568359375,-0.0244140625,0.59814453125,0.40283203125,0.45166015625,-0.03662109375,1.03759765625,-0.0732421875,0.1708984375,0.2197265625,0.3662109375,0.244140625,1.08642578125,0.09765625,0.1953125,-0.3173828125,0.23193359375,-0.06103515625,0.3173828125,0.2197265625,0.830078125,0.06103515625,0.048828125,-0.06103515625,1.3916015625,0.08544921875,-0.93994140625,-0.0244140625,-0.30517578125,0.08544921875,-0.98876953125,-0.08544921875,-0.74462890625,0.1953125,-1.513671875,0.08544921875,-0.28076171875,-0.10986328125,-0.30517578125,-0.1708984375,-1.2451171875,-0.10986328125,-1.3427734375,-0.341796875,-1.33056640625,-0.08544921875,-1.06201171875,-0.01220703125,-0.45166015625,0.2197265625,-0.67138671875,-0.40283203125,-1.40380859375,0.01220703125,-1.06201171875,0.03662109375,0.3662109375,-0.06103515625,-0.0244140625,-0.06103515625,-0.4638671875,-0.08544921875,-0.3662109375,0.01220703125,-0.4638671875,-0.1220703125,0.03662109375,-0.10986328125,0.78125,-0.15869140625,-0.48828125,-0.20751953125,-0.50048828125
1,-0.1953125,-0.37841796875,-0.0244140625,-0.3173828125,-0.01220703125,-0.42724609375,-0.0732421875,0.08544921875,0.13427734375,0.0244140625,-0.01220703125,-0.732421875,-0.0732421875,1.0498046875,-0.2685546875,-0.4150390625,0.244140625,2.11181640625,-0.09765625,2.33154296875,0.244140625,2.47802734375,-0.0732421875,3.4423828125,-0.048828125,-0.20751953125,-0.23193359375,-0.76904296875,-0.18310546875,0.96435546875,-0.03662109375,0.23193359375,0.146484375,-0.29296875,-0.01220703125,-0.86669921875,0.01220703125,-0.4150390625,0,-0.72021484375,-0.35400390625,-0.13427734375,0.1708984375,-0.634765625,-0.4150390625,-0.3662109375,-0.32958984375,0.62255859375,0.0244140625,1.18408203125,-0.23193359375,0.48828125,-0.048828125,-0.1220703125,-0.18310546875,0.732421875,0.06103515625,0.59814453125,0.439453125,0.42724609375,-0.1708984375,1.0009765625,-0.13427734375,0.15869140625,0.23193359375,0.390625,0.2197265625,1.07421875,0.10986328125,0.1953125,-0.25634765625,0.244140625,-0.0244140625,0.32958984375,0.2197265625,0.78125,0.03662109375,0.06103515625,-0.1220703125,1.416015625,0.08544921875,-0.91552734375,0,-0.3173828125,0.1220703125,-0.9765625,-0.03662109375,-0.78125,0.1708984375,-1.513671875,0.06103515625,-0.28076171875,-0.08544921875,-0.30517578125,-0.244140625,-1.23291015625,-0.1220703125,-1.18408203125,-0.20751953125,-1.01318359375,-0.10986328125,-0.9521484375,-0.01220703125,-0.3173828125,0.09765625,-0.68359375,-0.35400390625,-1.416015625,-0.03662109375,-1.06201171875,0.0732421875,0.37841796875,-0.08544921875,0.03662109375,-0.03662109375,-0.439453125,-0.08544921875,-0.390625,0.01220703125,-0.439453125,-0.1220703125,0.0244140625,-0.10986328125,0.76904296875,-0.15869140625,-0.48828125,-0.20751953125,-0.52490234375
1,-0.1953125,-0.3662109375,-0.0244140625,-0.3173828125,-0.03662109375,-0.4150390625,-0.01220703125,0.0732421875,0.146484375,0.06103515625,0.0244140625,-0.732421875,-0.048828125,1.07421875,-0.35400390625,-0.390625,0.1953125,1.81884765625,-0.01220703125,2.06298828125,0.23193359375,2.25830078125,-0.03662109375,2.77099609375,-0.048828125,-0.20751953125,-0.2197265625,-0.78125,-0.1708984375,0.96435546875,0.01220703125,0.23193359375,0.18310546875,-0.30517578125,0.048828125,-0.86669921875,0.0732421875,-0.4638671875,0.0244140625,-0.732421875,-0.25634765625,-0.1708984375,0.23193359375,-0.634765625,-0.390625,-0.37841796875,-0.244140625,0.59814453125,-0.0732421875,1.171875,-0.2197265625,0.5126953125,-0.06103515625,-0.1220703125,-0.18310546875,0.74462890625,0.13427734375,0.59814453125,0.4150390625,0.42724609375,-0.3173828125,0.9521484375,-0.10986328125,0.1708984375,0.341796875,0.3662109375,0.23193359375,1.08642578125,0.09765625,0.1953125,-0.23193359375,0.25634765625,0.0244140625,0.32958984375,0.244140625,0.79345703125,0.0244140625,0.06103515625,-0.146484375,1.3916015625,0.06103515625,-0.927734375,0.03662109375,-0.3173828125,0.10986328125,-0.9765625,0.03662109375,-0.79345703125,0.146484375,-1.513671875,0.03662109375,-0.28076171875,0,-0.29296875,-0.35400390625,-1.220703125,-0.08544921875,-1.03759765625,-0.08544921875,-0.7080078125,-0.1708984375,-0.86669921875,-0.01220703125,-0.15869140625,-0.048828125,-0.69580078125,-0.2197265625,-1.4404296875,-0.09765625,-1.0498046875,0.03662109375,0.390625,-0.08544921875,0.06103515625,-0.03662109375,-0.45166015625,-0.09765625,-0.40283203125,0,-0.4638671875,-0.146484375,0.0244140625,-0.1220703125,0.76904296875,-0.1953125,-0.50048828125,-0.2197265625,-0.54931640625
1,-0.2197265625,-0.3662109375,-0.048828125,-0.29296875,-0.048828125,-0.4150390625,-0.01220703125,0.048828125,0.18310546875,0.09765625,0.06103515625,-0.7568359375,-0.03662109375,1.08642578125,-0.37841796875,-0.3173828125,0.20751953125,1.416015625,0.048828125,1.72119140625,0.2197265625,1.98974609375,0.1953125,2.01416015625,-0.048828125,-0.20751953125,-0.18310546875,-0.78125,-0.08544921875,0.93994140625,0.0732421875,0.2197265625,0.1708984375,-0.341796875,0.146484375,-0.8544921875,0.13427734375,-0.47607421875,0.048828125,-0.7568359375,-0.146484375,-0.18310546875,0.28076171875,-0.634765625,-0.3662109375,-0.37841796875,-0.146484375,0.57373046875,-0.146484375,1.1474609375,-0.20751953125,0.50048828125,-0.06103515625,-0.10986328125,-0.23193359375,0.732421875,0.1708984375,0.6103515625,0.42724609375,0.439453125,-0.341796875,0.89111328125,-0.09765625,0.1708984375,0.40283203125,0.3662109375,0.18310546875,1.08642578125,0.09765625,0.20751953125,-0.146484375,0.244140625,0.06103515625,0.32958984375,0.244140625,0.8056640625,0.01220703125,0.0732421875,-0.18310546875,1.40380859375,0.03662109375,-0.927734375,0.09765625,-0.30517578125,0.03662109375,-0.96435546875,0.08544921875,-0.8056640625,0.1220703125,-1.513671875,0.01220703125,-0.23193359375,0.13427734375,-0.28076171875,-0.439453125,-1.20849609375,-0.06103515625,-0.9521484375,0.09765625,-0.52490234375,-0.244140625,-0.8544921875,-0.06103515625,-0.09765625,-0.15869140625,-0.72021484375,-0.0732421875,-1.4404296875,-0.15869140625,-1.03759765625,0.03662109375,0.4150390625,-0.10986328125,0.0244140625,-0.0244140625,-0.4638671875,-0.08544921875,-0.4150390625,0.01220703125,-0.45166015625,-0.1220703125,0.0244140625,-0.13427734375,0.78125,-0.1953125,-0.48828125,-0.2197265625,-0.54931640625
1,-0.2197265625,-0.341796875,-0.0732421875,-0.28076171875,-0.09765625,-0.40283203125,0.01220703125,0.03662109375,0.146484375,0.09765625,0.01220703125,-0.76904296875,-0.08544921875,1.08642578125,-0.439453125,-0.2685546875,0.23193359375,1.03759765625,0.048828125,1.35498046875,0.1953125,1.69677734375,0.32958984375,1.18408203125,-0.03662109375,-0.1708984375,-0.048828125,-0.78125,0.03662109375,0.927734375,0.1220703125,0.23193359375,0.0732421875,-0.32958984375,0.18310546875,-0.84228515625,0.15869140625,-0.50048828125,0.0732421875,-0.74462890625,-0.09765625,-0.1953125,0.29296875,-0.64697265625,-0.32958984375,-0.40283203125,-0.10986328125,0.54931640625,-0.18310546875,1.123046875,-0.1220703125,0.5126953125,-0.1220703125,-0.10986328125,-0.25634765625,0.7568359375,0.2197265625,0.634765625,0.4150390625,0.42724609375,-0.29296875,0.86669921875,-0.0732421875,0.1708984375,0.47607421875,0.37841796875,0.18310546875,1.0986328125,0.06103515625,0.2197265625,-0.10986328125,0.25634765625,0.146484375,0.3173828125,0.20751953125,0.79345703125,-0.0244140625,0.0732421875,-0.18310546875,1.416015625,0.048828125,-0.93994140625,0.13427734375,-0.3173828125,-0.03662109375,-0.96435546875,0.1220703125,-0.78125,0.09765625,-1.50146484375,-0.01220703125,-0.2197265625,0.18310546875,-0.25634765625,-0.37841796875,-1.1962890625,-0.09765625,-0.93994140625,0.146484375,-0.4638671875,-0.28076171875,-0.79345703125,-0.10986328125,-0.09765625,-0.23193359375,-0.76904296875,0.0244140625,-1.45263671875,-0.244140625,-1.0498046875,-0.0244140625,0.4150390625,-0.13427734375,0.01220703125,-0.0244140625,-0.439453125,-0.08544921875,-0.42724609375,0.01220703125,-0.47607421875,-0.1220703125,0.03662109375,-0.13427734375,0.78125,-0.1953125,-0.48828125,-0.244140625,-0.54931640625
0,-0.23193359375,-0.35400390625,-0.06103515625,-0.23193359375,-0.09765625,-0.3662109375,0.06103515625,0.0244140625,0.1953125,0.10986328125,0.048828125,-0.79345703125,-0.03662109375,1.07421875,-0.341796875,-0.244140625,0.20751953125,0.6103515625,-0.03662109375,0.96435546875,0.0732421875,1.37939453125,0.37841796875,0.3662109375,0,-0.1708984375,0.06103515625,-0.78125,0.1708984375,0.927734375,0.146484375,0.244140625,-0.0244140625,-0.341796875,0.20751953125,-0.8544921875,0.1708984375,-0.537109375,0.146484375,-0.7568359375,0.0244140625,-0.20751953125,0.25634765625,-0.634765625,-0.2685546875,-0.4150390625,-0.08544921875,0.54931640625,-0.20751953125,1.11083984375,-0.048828125,0.5126953125,-0.1708984375,-0.13427734375,-0.244140625,0.76904296875,0.20751953125,0.6591796875,0.35400390625,0.439453125,-0.390625,0.84228515625,-0.048828125,0.1708984375,0.5126953125,0.3662109375,0.146484375,1.08642578125,0.0732421875,0.20751953125,-0.10986328125,0.2685546875,0.23193359375,0.3173828125,0.1953125,0.84228515625,-0.0244140625,0.06103515625,-0.15869140625,1.40380859375,0.0732421875,-0.93994140625,0.18310546875,-0.3173828125,-0.10986328125,-0.96435546875,0.1708984375,-0.78125,0.048828125,-1.50146484375,-0.0244140625,-0.20751953125,0.2685546875,-0.25634765625,-0.341796875,-1.171875,-0.03662109375,-0.96435546875,0.1953125,-0.54931640625,-0.23193359375,-0.74462890625,-0.09765625,-0.1220703125,-0.18310546875,-0.78125,0.08544921875,-1.45263671875,-0.2685546875,-1.03759765625,-0.08544921875,0.439453125,-0.13427734375,-0.06103515625,-0.0244140625,-0.42724609375,-0.08544921875,-0.439453125,0.048828125,-0.50048828125,-0.13427734375,0.048828125,-0.146484375,0.79345703125,-0.20751953125,-0.47607421875,-0.244140625,-0.537109375
0,-0.25634765625,-0.35400390625,-0.048828125,-0.1953125,-0.1220703125,-0.3662109375,0.09765625,0.01220703125,0.1953125,0.0732421875,0.0732421875,-0.81787109375,-0.048828125,1.025390625,-0.2685546875,-0.18310546875,0.20751953125,0.2197265625,-0.15869140625,0.6103515625,0.08544921875,1.08642578125,0.4150390625,-0.29296875,0.03662109375,-0.146484375,0.1220703125,-0.79345703125,0.2685546875,0.93994140625,0.18310546875,0.244140625,-0.08544921875,-0.341796875,0.1220703125,-0.830078125,0.1708984375,-0.52490234375,0.23193359375,-0.74462890625,0.10986328125,-0.23193359375,0.1708984375,-0.634765625,-0.15869140625,-0.42724609375,-0.048828125,0.5615234375,-0.1220703125,1.123046875,0.048828125,0.48828125,-0.23193359375,-0.15869140625,-0.28076171875,0.76904296875,0.1953125,0.67138671875,0.32958984375,0.439453125,-0.439453125,0.81787109375,-0.03662109375,0.1708984375,0.50048828125,0.3662109375,0.1220703125,1.08642578125,0.0732421875,0.23193359375,-0.08544921875,0.244140625,0.23193359375,0.30517578125,0.146484375,0.86669921875,-0.01220703125,0.048828125,-0.1220703125,1.37939453125,0.10986328125,-0.93994140625,0.244140625,-0.32958984375,-0.09765625,-0.98876953125,0.1220703125,-0.7568359375,0,-1.50146484375,-0.0244140625,-0.20751953125,0.28076171875,-0.244140625,-0.25634765625,-1.18408203125,-0.048828125,-1.025390625,0.13427734375,-0.732421875,-0.2685546875,-0.732421875,-0.146484375,-0.1708984375,-0.06103515625,-0.79345703125,0.06103515625,-1.45263671875,-0.29296875,-1.01318359375,-0.146484375,0.45166015625,-0.13427734375,-0.09765625,-0.06103515625,-0.439453125,-0.10986328125,-0.439453125,0.03662109375,-0.48828125,-0.10986328125,0.0244140625,-0.1220703125,0.79345703125,-0.2197265625,-0.47607421875,-0.25634765625,-0.537109375
0,-0.2685546875,-0.37841796875,-0.01220703125,-0.146484375,-0.13427734375,-0.3662109375,0.10986328125,0.01220703125,0.18310546875,0.06103515625,0.08544921875,-0.8544921875,-0.048828125,0.9765625,-0.1220703125,-0.1708984375,0.244140625,-0.06103515625,-0.29296875,0.341796875,0.10986328125,0.91552734375,0.341796875,-0.74462890625,0.0732421875,-0.15869140625,0.13427734375,-0.79345703125,0.341796875,0.927734375,0.2197265625,0.244140625,-0.08544921875,-0.341796875,0.01220703125,-0.84228515625,0.15869140625,-0.5126953125,0.2685546875,-0.74462890625,0.20751953125,-0.23193359375,0.10986328125,-0.64697265625,-0.03662109375,-0.42724609375,-0.08544921875,0.5859375,-0.08544921875,1.13525390625,0.13427734375,0.50048828125,-0.30517578125,-0.146484375,-0.2685546875,0.78125,0.15869140625,0.67138671875,0.30517578125,0.47607421875,-0.40283203125,0.76904296875,0.0244140625,0.1708984375,0.537109375,0.3662109375,0.0732421875,1.06201171875,0.06103515625,0.23193359375,-0.09765625,0.23193359375,0.25634765625,0.30517578125,0.13427734375,0.81787109375,-0.0244140625,0.03662109375,-0.1220703125,1.37939453125,0.13427734375,-0.9521484375,0.25634765625,-0.3173828125,-0.09765625,-1.0009765625,0.048828125,-0.7568359375,-0.0244140625,-1.4892578125,0.06103515625,-0.18310546875,0.23193359375,-0.2685546875,-0.1220703125,-1.15966796875,-0.0732421875,-1.0986328125,0.03662109375,-0.93994140625,-0.244140625,-0.76904296875,-0.1953125,-0.244140625,0.10986328125,-0.7568359375,0.03662109375,-1.42822265625,-0.29296875,-1.01318359375,-0.20751953125,0.4638671875,-0.13427734375,-0.13427734375,-0.0732421875,-0.4638671875,-0.0732421875,-0.4638671875,0.048828125,-0.47607421875,-0.10986328125,0.03662109375,-0.13427734375,0.78125,-0.2197265625,-0.45166015625,-0.25634765625,-0.5126953125
0,-0.32958984375,-0.3662109375,-0.048828125,-0.1220703125,-0.1220703125,-0.390625,0.09765625,0.06103515625,0.15869140625,0,0.08544921875,-0.89111328125,-0.0732421875,0.93994140625,0.01220703125,-0.18310546875,0.25634765625,-0.1953125,-0.37841796875,0.20751953125,0.15869140625,0.81787109375,0.1708984375,-0.84228515625,0.1220703125,-0.146484375,0.1220703125,-0.79345703125,0.341796875,0.93994140625,0.2685546875,0.244140625,-0.048828125,-0.3173828125,-0.1220703125,-0.84228515625,0.15869140625,-0.48828125,0.28076171875,-0.7080078125,0.244140625,-0.20751953125,0.0732421875,-0.64697265625,0.06103515625,-0.4150390625,-0.146484375,0.5859375,0.01220703125,1.15966796875,0.2197265625,0.48828125,-0.341796875,-0.18310546875,-0.29296875,0.7568359375,0.06103515625,0.6591796875,0.28076171875,0.48828125,-0.390625,0.7568359375,0.1220703125,0.18310546875,0.5615234375,0.35400390625,-0.03662109375,1.06201171875,0.048828125,0.244140625,-0.08544921875,0.244140625,0.244140625,0.28076171875,0.13427734375,0.8544921875,0.01220703125,0.0244140625,-0.1220703125,1.3671875,0.1220703125,-0.927734375,0.25634765625,-0.30517578125,-0.13427734375,-0.98876953125,0,-0.732421875,-0.03662109375,-1.47705078125,0.10986328125,-0.20751953125,0.18310546875,-0.2685546875,0,-1.18408203125,-0.0732421875,-1.15966796875,-0.01220703125,-1.1474609375,-0.18310546875,-0.8056640625,-0.23193359375,-0.35400390625,0.3173828125,-0.74462890625,-0.0244140625,-1.4404296875,-0.23193359375,-1.0009765625,-0.29296875,0.45166015625,-0.15869140625,-0.15869140625,-0.0732421875,-0.4638671875,-0.08544921875,-0.4150390625,0.03662109375,-0.48828125,-0.10986328125,0.01220703125,-0.1220703125,0.8056640625,-0.2197265625,-0.42724609375,-0.244140625,-0.5126953125
0,-0.35400390625,-0.3662109375,-0.03662109375,-0.1220703125,-0.10986328125,-0.390625,0.09765625,0.06103515625,0.15869140625,-0.048828125,0.09765625,-0.86669921875,-0.08544921875,0.9033203125,0.15869140625,-0.23193359375,0.20751953125,-0.146484375,-0.48828125,0.2685546875,0.146484375,0.87890625,-0.13427734375,-0.64697265625,0.13427734375,-0.146484375,0.0732421875,-0.78125,0.30517578125,0.93994140625,0.3173828125,0.244140625,-0.01220703125,-0.28076171875,-0.25634765625,-0.8544921875,0.146484375,-0.4638671875,0.25634765625,-0.7080078125,0.1953125,-0.1953125,0.08544921875,-0.64697265625,0.10986328125,-0.37841796875,-0.1953125,0.5859375,0.0732421875,1.171875,0.244140625,0.4638671875,-0.35400390625,-0.15869140625,-0.30517578125,0.76904296875,-0.03662109375,0.6591796875,0.23193359375,0.48828125,-0.30517578125,0.7080078125,0.20751953125,0.1708984375,0.5126953125,0.3662109375,-0.06103515625,1.06201171875,0.048828125,0.244140625,-0.08544921875,0.23193359375,0.2197265625,0.28076171875,0.10986328125,0.84228515625,0.06103515625,0.0244140625,-0.13427734375,1.35498046875,0.10986328125,-0.9033203125,0.244140625,-0.3173828125,-0.08544921875,-0.98876953125,-0.1220703125,-0.732421875,-0.03662109375,-1.46484375,0.15869140625,-0.20751953125,0.1220703125,-0.2685546875,0.09765625,-1.1962890625,-0.1708984375,-1.18408203125,-0.1220703125,-1.2939453125,-0.146484375,-0.86669921875,-0.2685546875,-0.40283203125,0.48828125,-0.69580078125,-0.13427734375,-1.416015625,-0.18310546875,-0.98876953125,-0.341796875,0.439453125,-0.18310546875,-0.146484375,-0.08544921875,-0.47607421875,-0.08544921875,-0.390625,0.0244140625,-0.4638671875,-0.10986328125,0.0244140625,-0.13427734375,0.79345703125,-0.20751953125,-0.42724609375,-0.20751953125,-0.52490234375
0,-0.3662109375,-0.3662109375,-0.048828125,-0.1220703125,-0.10986328125,-0.40283203125,0.1220703125,0.06103515625,0.15869140625,-0.0732421875,0.10986328125,-0.86669921875,-0.08544921875,0.91552734375,0.3173828125,-0.244140625,0.1953125,0.10986328125,-0.5126953125,0.52490234375,0.146484375,1.08642578125,-0.29296875,-0.08544921875,0.1708984375,-0.15869140625,0,-0.8056640625,0.23193359375,0.93994140625,0.37841796875,0.244140625,0.01220703125,-0.25634765625,-0.30517578125,-0.8544921875,0.10986328125,-0.439453125,0.23193359375,-0.69580078125,0.13427734375,-0.18310546875,0.09765625,-0.64697265625,0.08544921875,-0.37841796875,-0.2685546875,0.59814453125,0.10986328125,1.1962890625,0.25634765625,0.48828125,-0.32958984375,-0.1708984375,-0.341796875,0.78125,-0.13427734375,0.634765625,0.15869140625,0.48828125,-0.1953125,0.68359375,0.341796875,0.15869140625,0.4638671875,0.341796875,-0.10986328125,1.06201171875,0.03662109375,0.25634765625,-0.13427734375,0.244140625,0.1708984375,0.30517578125,0.09765625,0.8056640625,0.10986328125,0.03662109375,-0.1708984375,1.3427734375,0.08544921875,-0.9033203125,0.2197265625,-0.30517578125,-0.09765625,-0.98876953125,-0.244140625,-0.74462890625,-0.0244140625,-1.46484375,0.23193359375,-0.20751953125,0.0732421875,-0.29296875,0.15869140625,-1.1962890625,-0.1953125,-1.18408203125,-0.23193359375,-1.3671875,-0.1220703125,-0.87890625,-0.2197265625,-0.390625,0.54931640625,-0.68359375,-0.146484375,-1.40380859375,-0.1220703125,-1.01318359375,-0.3662109375,0.4150390625,-0.18310546875,-0.1220703125,-0.08544921875,-0.47607421875,-0.0732421875,-0.40283203125,0.03662109375,-0.4638671875,-0.1220703125,0,-0.146484375,0.79345703125,-0.18310546875,-0.42724609375,-0.20751953125,-0.537109375
0,-0.390625,-0.390625,-0.0244140625,-0.13427734375,-0.10986328125,-0.4150390625,0.15869140625,0.0732421875,0.18310546875,-0.048828125,0.10986328125,-0.84228515625,-0.0732421875,0.93994140625,0.390625,-0.28076171875,0.09765625,0.5615234375,-0.5126953125,0.96435546875,0.0732421875,1.45263671875,-0.42724609375,0.79345703125,0.1708984375,-0.1708984375,-0.0732421875,-0.76904296875,0.1708984375,0.93994140625,0.42724609375,0.2197265625,0,-0.2685546875,-0.40283203125,-0.89111328125,0.06103515625,-0.4150390625,0.2197265625,-0.69580078125,-0.01220703125,-0.1708984375,0.15869140625,-0.6591796875,0.01220703125,-0.390625,-0.341796875,0.6103515625,0.09765625,1.18408203125,0.23193359375,0.48828125,-0.25634765625,-0.146484375,-0.341796875,0.76904296875,-0.2197265625,0.634765625,0.13427734375,0.48828125,-0.1953125,0.67138671875,0.341796875,0.146484375,0.3662109375,0.35400390625,-0.13427734375,1.08642578125,0.048828125,0.244140625,-0.1708984375,0.244140625,0.1220703125,0.32958984375,0.0732421875,0.830078125,0.15869140625,0.03662109375,-0.18310546875,1.3671875,0.06103515625,-0.89111328125,0.1708984375,-0.3173828125,-0.146484375,-0.9765625,-0.32958984375,-0.732421875,0.01220703125,-1.46484375,0.28076171875,-0.23193359375,0.0732421875,-0.30517578125,0.1708984375,-1.171875,-0.20751953125,-1.11083984375,-0.25634765625,-1.2939453125,-0.03662109375,-0.86669921875,-0.10986328125,-0.30517578125,0.5126953125,-0.64697265625,-0.1708984375,-1.40380859375,-0.0732421875,-1.0009765625,-0.341796875,0.390625,-0.20751953125,-0.0732421875,-0.09765625,-0.47607421875,-0.08544921875,-0.390625,0.03662109375,-0.439453125,-0.09765625,-0.01220703125,-0.146484375,0.8056640625,-0.18310546875,-0.4638671875,-0.18310546875,-0.5126953125
0,-0.37841796875,-0.390625,-0.048828125,-0.13427734375,-0.09765625,-0.40283203125,0.1953125,0.08544921875,0.18310546875,-0.0244140625,0.08544921875,-0.79345703125,-0.08544921875,0.9765625,0.57373046875,-0.30517578125,0.048828125,1.18408203125,-0.40283203125,1.5625,0.048828125,1.9287109375,-0.45166015625,1.89208984375,0.1220703125,-0.18310546875,-0.1708984375,-0.78125,0.06103515625,0.93994140625,0.40283203125,0.23193359375,-0.10986328125,-0.29296875,-0.439453125,-0.9033203125,0.0244140625,-0.40283203125,0.1708984375,-0.7080078125,-0.20751953125,-0.146484375,0.18310546875,-0.64697265625,-0.10986328125,-0.35400390625,-0.4150390625,0.57373046875,0.08544921875,1.18408203125,0.20751953125,0.50048828125,-0.20751953125,-0.13427734375,-0.32958984375,0.7568359375,-0.23193359375,0.62255859375,0.15869140625,0.47607421875,-0.0732421875,0.634765625,0.439453125,0.18310546875,0.2685546875,0.35400390625,-0.1220703125,1.08642578125,0.01220703125,0.244140625,-0.18310546875,0.244140625,0.06103515625,0.32958984375,0.06103515625,0.8056640625,0.2197265625,0.048828125,-0.20751953125,1.37939453125,0.048828125,-0.86669921875,0.13427734375,-0.3173828125,-0.1953125,-0.98876953125,-0.37841796875,-0.76904296875,0.03662109375,-1.47705078125,0.32958984375,-0.23193359375,0.06103515625,-0.29296875,0.15869140625,-1.15966796875,-0.2685546875,-1.01318359375,-0.28076171875,-1.13525390625,-0.03662109375,-0.8544921875,0.01220703125,-0.2197265625,0.40283203125,-0.6591796875,-0.146484375,-1.42822265625,-0.03662109375,-1.0498046875,-0.30517578125,0.390625,-0.244140625,-0.03662109375,-0.10986328125,-0.48828125,-0.0732421875,-0.390625,0.01220703125,-0.439453125,-0.08544921875,-0.01220703125,-0.146484375,0.8056640625,-0.18310546875,-0.45166015625,-0.1953125,-0.52490234375
0,-0.37841796875,-0.390625,-0.1220703125,-0.15869140625,-0.10986328125,-0.40283203125,0.2197265625,0.06103515625,0.1953125,0.048828125,0.0732421875,-0.74462890625,-0.09765625,1.025390625,0.5859375,-0.29296875,-0.01220703125,1.904296875,-0.30517578125,2.25830078125,-0.06103515625,2.45361328125,-0.3662109375,3.1005859375,0.08544921875,-0.1953125,-0.23193359375,-0.78125,0.01220703125,0.9521484375,0.3173828125,0.1953125,-0.23193359375,-0.30517578125,-0.4150390625,-0.91552734375,-0.03662109375,-0.4150390625,0.1220703125,-0.732421875,-0.35400390625,-0.18310546875,0.18310546875,-0.67138671875,-0.244140625,-0.35400390625,-0.45166015625,0.57373046875,0.048828125,1.171875,0.1220703125,0.52490234375,-0.15869140625,-0.10986328125,-0.28076171875,0.76904296875,-0.244140625,0.62255859375,0.146484375,0.4638671875,-0.09765625,0.634765625,0.54931640625,0.18310546875,0.15869140625,0.32958984375,-0.146484375,1.07421875,-0.01220703125,0.2197265625,-0.20751953125,0.244140625,0.048828125,0.341796875,0.048828125,0.81787109375,0.244140625,0.0732421875,-0.15869140625,1.37939453125,0,-0.89111328125,0.08544921875,-0.29296875,-0.23193359375,-0.9765625,-0.341796875,-0.78125,0.048828125,-1.4892578125,0.3173828125,-0.2685546875,0.1220703125,-0.28076171875,0.06103515625,-1.18408203125,-0.28076171875,-0.84228515625,-0.2197265625,-0.927734375,0.01220703125,-0.7080078125,0.09765625,-0.08544921875,0.1708984375,-0.68359375,-0.09765625,-1.4404296875,0,-1.03759765625,-0.244140625,0.37841796875,-0.244140625,-0.01220703125,-0.13427734375,-0.47607421875,-0.06103515625,-0.37841796875,0,-0.439453125,-0.10986328125,-0.01220703125,-0.146484375,0.8056640625,-0.18310546875,-0.48828125,-0.15869140625,-0.50048828125
0,-0.390625,-0.390625,-0.08544921875,-0.1708984375,-0.146484375,-0.3662109375,0.1953125,0.048828125,0.20751953125,0.1220703125,0.0732421875,-0.7080078125,-0.08544921875,1.08642578125,0.62255859375,-0.2685546875,-0.03662109375,2.67333984375,-0.1953125,2.978515625,-0.15869140625,3.03955078125,-0.28076171875,4.38232421875,0,-0.18310546875,-0.20751953125,-0.78125,-0.01220703125,0.93994140625,0.1708984375,0.1953125,-0.37841796875,-0.32958984375,-0.37841796875,-0.9033203125,-0.09765625,-0.4638671875,0.06103515625,-0.732421875,-0.45166015625,-0.1953125,0.13427734375,-0.67138671875,-0.341796875,-0.35400390625,-0.47607421875,0.537109375,0.01220703125,1.15966796875,0.048828125,0.5615234375,-0.10986328125,-0.09765625,-0.23193359375,0.7568359375,-0.244140625,0.634765625,0.18310546875,0.45166015625,0,0.6591796875,0.42724609375,0.20751953125,0.01220703125,0.3173828125,-0.13427734375,1.06201171875,-0.0732421875,0.244140625,-0.18310546875,0.25634765625,0,0.32958984375,0,0.79345703125,0.244140625,0.0732421875,-0.1220703125,1.3916015625,-0.048828125,-0.9033203125,0.048828125,-0.30517578125,-0.28076171875,-0.96435546875,-0.244140625,-0.8056640625,0.0732421875,-1.47705078125,0.30517578125,-0.2685546875,0.18310546875,-0.25634765625,-0.06103515625,-1.171875,-0.2685546875,-0.68359375,-0.08544921875,-0.6591796875,0.048828125,-0.59814453125,0.15869140625,0.0732421875,-0.06103515625,-0.69580078125,-0.08544921875,-1.4404296875,0.01220703125,-1.03759765625,-0.2197265625,0.390625,-0.25634765625,0,-0.1220703125,-0.47607421875,-0.06103515625,-0.37841796875,-0.01220703125,-0.439453125,-0.09765625,0,-0.13427734375,0.830078125,-0.18310546875,-0.5126953125,-0.15869140625,-0.5126953125
0,-0.4150390625,-0.3662109375,-0.10986328125,-0.1708984375,-0.15869140625,-0.35400390625,0.1953125,0.03662109375,0.1708984375,0.1708984375,0.08544921875,-0.68359375,-0.08544921875,1.08642578125,0.42724609375,-0.23193359375,-0.0244140625,3.47900390625,-0.10986328125,3.7353515625,-0.1953125,3.5888671875,-0.146484375,5.60302734375,-0.048828125,-0.18310546875,-0.244140625,-0.79345703125,-0.01220703125,0.9521484375,-0.0244140625,0.2197265625,-0.47607421875,-0.3662109375,-0.244140625,-0.89111328125,-0.1220703125,-0.5126953125,0,-0.74462890625,-0.4638671875,-0.20751953125,0.06103515625,-0.67138671875,-0.4150390625,-0.37841796875,-0.45166015625,0.54931640625,-0.03662109375,1.123046875,-0.0244140625,0.57373046875,-0.048828125,-0.10986328125,-0.18310546875,0.76904296875,-0.2197265625,0.634765625,0.15869140625,0.439453125,0.10986328125,0.68359375,0.42724609375,0.244140625,-0.03662109375,0.32958984375,-0.09765625,1.06201171875,-0.08544921875,0.23193359375,-0.20751953125,0.244140625,-0.03662109375,0.341796875,0,0.79345703125,0.244140625,0.09765625,-0.0732421875,1.40380859375,-0.09765625,-0.91552734375,0.0244140625,-0.3173828125,-0.29296875,-0.9765625,-0.1220703125,-0.79345703125,0.08544921875,-1.4892578125,0.244140625,-0.28076171875,0.1953125,-0.25634765625,-0.20751953125,-1.1962890625,-0.2685546875,-0.5615234375,-0.03662109375,-0.42724609375,0,-0.52490234375,0.146484375,0.23193359375,-0.28076171875,-0.72021484375,-0.10986328125,-1.46484375,0.01220703125,-1.01318359375,-0.1708984375,0.390625,-0.30517578125,0.01220703125,-0.10986328125,-0.47607421875,-0.08544921875,-0.40283203125,0.03662109375,-0.4638671875,-0.08544921875,0.01220703125,-0.146484375,0.830078125,-0.18310546875,-0.5126953125,-0.1220703125,-0.54931640625
0,-0.40283203125,-0.341796875,-0.09765625,-0.1708984375,-0.18310546875,-0.3662109375,0.20751953125,0.0244140625,0.18310546875,0.1708984375,0.08544921875,-0.7080078125,-0.048828125,1.0986328125,0.32958984375,-0.2197265625,0.048828125,4.19921875,-0.0732421875,4.4189453125,-0.20751953125,4.1015625,0.0244140625,6.7138671875,-0.1220703125,-0.18310546875,-0.23193359375,-0.8056640625,-0.0244140625,0.9521484375,-0.2197265625,0.20751953125,-0.4638671875,-0.37841796875,-0.15869140625,-0.87890625,-0.08544921875,-0.5126953125,-0.0244140625,-0.7568359375,-0.3662109375,-0.2197265625,-0.0244140625,-0.68359375,-0.4638671875,-0.42724609375,-0.4150390625,0.54931640625,-0.06103515625,1.123046875,-0.048828125,0.54931640625,0.01220703125,-0.09765625,-0.13427734375,0.7568359375,-0.20751953125,0.634765625,0.18310546875,0.42724609375,0.20751953125,0.732421875,0.3662109375,0.28076171875,-0.09765625,0.30517578125,-0.0732421875,1.0498046875,-0.10986328125,0.23193359375,-0.15869140625,0.244140625,-0.09765625,0.341796875,-0.03662109375,0.79345703125,0.2197265625,0.08544921875,0.03662109375,1.40380859375,-0.13427734375,-0.93994140625,-0.01220703125,-0.3173828125,-0.28076171875,-0.96435546875,0.01220703125,-0.81787109375,0.09765625,-1.4892578125,0.1953125,-0.2685546875,0.18310546875,-0.25634765625,-0.32958984375,-1.20849609375,-0.2197265625,-0.45166015625,0.0244140625,-0.244140625,-0.048828125,-0.439453125,0.13427734375,0.341796875,-0.4150390625,-0.76904296875,-0.1708984375,-1.47705078125,0,-1.025390625,-0.18310546875,0.4150390625,-0.3173828125,-0.03662109375,-0.08544921875,-0.45166015625,-0.06103515625,-0.40283203125,0.03662109375,-0.47607421875,-0.0732421875,0.03662109375,-0.1220703125,0.79345703125,-0.1708984375,-0.5126953125,-0.10986328125,-0.537109375
0,-0.45166015625,-0.341796875,-0.10986328125,-0.1708984375,-0.20751953125,-0.35400390625,0.244140625,0.03662109375,0.18310546875,0.15869140625,0.0732421875,-0.74462890625,-0.048828125,1.06201171875,0.28076171875,-0.1953125,0.15869140625,4.79736328125,-0.08544921875,4.98046875,-0.146484375,4.5166015625,0.244140625,7.62939453125,-0.18310546875,-0.18310546875,-0.1953125,-0.79345703125,-0.06103515625,0.93994140625,-0.341796875,0.2197265625,-0.40283203125,-0.37841796875,-0.1220703125,-0.87890625,-0.0732421875,-0.52490234375,0,-0.7568359375,-0.2197265625,-0.2197265625,-0.1220703125,-0.6591796875,-0.4638671875,-0.439453125,-0.37841796875,0.54931640625,-0.08544921875,1.123046875,-0.0732421875,0.52490234375,0.08544921875,-0.13427734375,-0.08544921875,0.76904296875,-0.15869140625,0.634765625,0.244140625,0.45166015625,0.20751953125,0.7568359375,0.40283203125,0.30517578125,-0.13427734375,0.29296875,-0.0244140625,1.025390625,-0.15869140625,0.23193359375,-0.10986328125,0.23193359375,-0.18310546875,0.32958984375,0.03662109375,0.8056640625,0.2197265625,0.09765625,0.15869140625,1.40380859375,-0.13427734375,-0.96435546875,-0.01220703125,-0.30517578125,-0.1953125,-0.9765625,0.08544921875,-0.79345703125,0.09765625,-1.50146484375,0.13427734375,-0.28076171875,0.048828125,-0.2685546875,-0.40283203125,-1.20849609375,-0.15869140625,-0.40283203125,0.03662109375,-0.15869140625,-0.09765625,-0.37841796875,0.13427734375,0.40283203125,-0.390625,-0.79345703125,-0.28076171875,-1.47705078125,-0.048828125,-0.98876953125,-0.18310546875,0.42724609375,-0.30517578125,-0.06103515625,-0.08544921875,-0.439453125,-0.06103515625,-0.390625,0.048828125,-0.4638671875,-0.06103515625,0.0244140625,-0.1220703125,0.81787109375,-0.1708984375,-0.52490234375,-0.10986328125,-0.57373046875
0,-0.439453125,-0.37841796875,-0.1220703125,-0.1953125,-0.23193359375,-0.35400390625,0.25634765625,0.03662109375,0.146484375,0.09765625,0.0732421875,-0.830078125,-0.03662109375,1.0009765625,0.18310546875,-0.20751953125,0.244140625,5.2490234375,-0.09765625,5.38330078125,0.0244140625,4.8095703125,0.2197265625,8.31298828125,-0.2685546875,-0.15869140625,-0.15869140625,-0.78125,-0.13427734375,0.927734375,-0.3662109375,0.23193359375,-0.25634765625,-0.35400390625,-0.048828125,-0.86669921875,-0.0244140625,-0.4638671875,-0.01220703125,-0.74462890625,-0.06103515625,-0.2197265625,-0.1220703125,-0.64697265625,-0.4150390625,-0.439453125,-0.341796875,0.57373046875,-0.15869140625,1.15966796875,-0.03662109375,0.537109375,0.13427734375,-0.15869140625,-0.048828125,0.74462890625,-0.10986328125,0.6103515625,0.23193359375,0.45166015625,0.25634765625,0.76904296875,0.4150390625,0.3662109375,-0.20751953125,0.30517578125,0.0244140625,1.03759765625,-0.15869140625,0.25634765625,-0.06103515625,0.2197265625,-0.244140625,0.32958984375,0.01220703125,0.79345703125,0.20751953125,0.08544921875,0.23193359375,1.37939453125,-0.10986328125,-0.98876953125,0.0244140625,-0.29296875,-0.08544921875,-0.9765625,0.13427734375,-0.79345703125,0.08544921875,-1.50146484375,0.10986328125,-0.2685546875,-0.048828125,-0.28076171875,-0.3662109375,-1.23291015625,-0.0732421875,-0.37841796875,0.03662109375,-0.15869140625,-0.13427734375,-0.35400390625,0.13427734375,0.439453125,-0.28076171875,-0.78125,-0.35400390625,-1.4404296875,-0.08544921875,-1.0009765625,-0.2197265625,0.42724609375,-0.3173828125,-0.09765625,-0.09765625,-0.4150390625,-0.0732421875,-0.37841796875,0.06103515625,-0.47607421875,-0.08544921875,0.03662109375,-0.1220703125,0.8056640625,-0.15869140625,-0.52490234375,-0.1220703125,-0.54931640625
1,-0.45166015625,-0.3662109375,-0.1220703125,-0.23193359375,-0.25634765625,-0.35400390625,0.2197265625,0.0244140625,0.146484375,0,0.0732421875,-0.91552734375,0.01220703125,0.927734375,0.1220703125,-0.1708984375,0.341796875,5.50537109375,-0.10986328125,5.62744140625,0.18310546875,4.99267578125,0.15869140625,8.75244140625,-0.3173828125,-0.13427734375,-0.146484375,-0.78125,-0.15869140625,0.93994140625,-0.28076171875,0.23193359375,-0.08544921875,-0.32958984375,-0.08544921875,-0.8544921875,0.0244140625,-0.45166015625,0.0244140625,-0.732421875,0.0732421875,-0.18310546875,-0.0732421875,-0.634765625,-0.35400390625,-0.439453125,-0.35400390625,0.59814453125,-0.146484375,1.1474609375,0.0244140625,0.48828125,0.146484375,-0.18310546875,0.0244140625,0.76904296875,-0.048828125,0.634765625,0.2197265625,0.4638671875,0.18310546875,0.76904296875,0.390625,0.42724609375,-0.2685546875,0.28076171875,0.0732421875,1.0498046875,-0.18310546875,0.2685546875,-0.0244140625,0.2197265625,-0.29296875,0.3173828125,0.03662109375,0.79345703125,0.18310546875,0.0732421875,0.30517578125,1.37939453125,-0.06103515625,-0.9765625,0.06103515625,-0.29296875,0.0244140625,-0.98876953125,0.10986328125,-0.76904296875,0.0244140625,-1.4892578125,0.06103515625,-0.2685546875,-0.20751953125,-0.2685546875,-0.244140625,-1.2451171875,0,-0.4150390625,0.0244140625,-0.2197265625,-0.13427734375,-0.4150390625,0.10986328125,0.40283203125,-0.08544921875,-0.79345703125,-0.4638671875,-1.45263671875,-0.146484375,-1.0009765625,-0.2685546875,0.439453125,-0.29296875,-0.1220703125,-0.13427734375,-0.390625,-0.06103515625,-0.3662109375,0.06103515625,-0.439453125,-0.0732421875,0.06103515625,-0.146484375,0.81787109375,-0.15869140625,-0.52490234375,-0.13427734375,-0.54931640625
1,-0.4638671875,-0.390625,-0.09765625,-0.244140625,-0.28076171875,-0.37841796875,0.18310546875,0.03662109375,0.15869140625,-0.06103515625,0.0732421875,-0.96435546875,0.03662109375,0.86669921875,-0.06103515625,-0.10986328125,0.390625,5.57861328125,-0.146484375,5.6640625,0.35400390625,5.01708984375,0.0244140625,8.87451171875,-0.35400390625,-0.13427734375,-0.1708984375,-0.8056640625,-0.20751953125,0.93994140625,-0.1220703125,0.244140625,0.0244140625,-0.29296875,-0.146484375,-0.84228515625,0.048828125,-0.42724609375,0.048828125,-0.69580078125,0.15869140625,-0.18310546875,0,-0.634765625,-0.25634765625,-0.439453125,-0.35400390625,0.634765625,-0.15869140625,1.171875,0.1220703125,0.47607421875,0.1708984375,-0.1708984375,0.0732421875,0.76904296875,0.01220703125,0.59814453125,0.09765625,0.4638671875,0.2685546875,0.7568359375,0.32958984375,0.47607421875,-0.30517578125,0.2685546875,0.1708984375,1.03759765625,-0.1708984375,0.28076171875,-0.0244140625,0.20751953125,-0.3173828125,0.30517578125,0.03662109375,0.8056640625,0.18310546875,0.048828125,0.29296875,1.37939453125,-0.0244140625,-0.96435546875,0.13427734375,-0.29296875,0.1220703125,-0.9765625,0,-0.74462890625,-0.048828125,-1.47705078125,0.048828125,-0.25634765625,-0.3173828125,-0.29296875,-0.10986328125,-1.2451171875,0.048828125,-0.50048828125,0,-0.390625,-0.13427734375,-0.52490234375,0.01220703125,0.32958984375,0.1220703125,-0.74462890625,-0.5126953125,-1.45263671875,-0.15869140625,-1.01318359375,-0.3173828125,0.439453125,-0.3173828125,-0.13427734375,-0.1220703125,-0.40283203125,-0.06103515625,-0.341796875,0.06103515625,-0.42724609375,-0.0732421875,0.03662109375,-0.15869140625,0.81787109375,-0.146484375,-0.5126953125,-0.15869140625,-0.54931640625
1,-0.45166015625,-0.40283203125,-0.10986328125,-0.25634765625,-0.30517578125,-0.37841796875,0.20751953125,0.048828125,0.1708984375,-0.08544921875,0.06103515625,-0.9765625,0.06103515625,0.86669921875,-0.2197265625,0.13427734375,0.390625,5.45654296875,-0.15869140625,5.5419921875,0.50048828125,4.9072265625,-0.10986328125,8.7158203125,-0.40283203125,-0.10986328125,-0.1953125,-0.79345703125,-0.20751953125,0.927734375,0.09765625,0.25634765625,0.1220703125,-0.28076171875,-0.1708984375,-0.86669921875,0.146484375,-0.42724609375,0.06103515625,-0.69580078125,0.1708984375,-0.1708984375,0.13427734375,-0.62255859375,-0.1220703125,-0.4150390625,-0.28076171875,0.6591796875,-0.146484375,1.171875,0.20751953125,0.45166015625,0.15869140625,-0.18310546875,0.09765625,0.76904296875,0.06103515625,0.6103515625,0.0732421875,0.47607421875,0.18310546875,0.7080078125,0.29296875,0.5126953125,-0.25634765625,0.28076171875,0.23193359375,1.025390625,-0.13427734375,0.28076171875,0,0.2197265625,-0.341796875,0.29296875,0.0244140625,0.8056640625,0.146484375,0.0732421875,0.2685546875,1.37939453125,0.0244140625,-0.96435546875,0.1708984375,-0.30517578125,0.18310546875,-0.9765625,-0.0732421875,-0.74462890625,-0.08544921875,-1.47705078125,0.048828125,-0.23193359375,-0.390625,-0.29296875,0.06103515625,-1.2451171875,0.08544921875,-0.6103515625,-0.0244140625,-0.54931640625,-0.1220703125,-0.6103515625,-0.08544921875,0.25634765625,0.244140625,-0.7080078125,-0.4638671875,-1.416015625,-0.1953125,-1.025390625,-0.40283203125,0.42724609375,-0.32958984375,-0.13427734375,-0.10986328125,-0.390625,-0.048828125,-0.30517578125,0.048828125,-0.40283203125,-0.08544921875,0,-0.15869140625,0.81787109375,-0.1220703125,-0.50048828125,-0.1708984375,-0.5615234375
1,-0.47607421875,-0.4150390625,-0.09765625,-0.28076171875,-0.32958984375,-0.390625,0.244140625,0.03662109375,0.1953125,-0.03662109375,0.06103515625,-0.927734375,0.06103515625,0.91552734375,-0.28076171875,0.48828125,0.341796875,5.13916015625,-0.1708984375,5.2001953125,0.537109375,4.6630859375,-0.2197265625,8.2275390625,-0.390625,-0.13427734375,-0.23193359375,-0.78125,-0.1953125,0.93994140625,0.29296875,0.25634765625,0.146484375,-0.29296875,-0.18310546875,-0.830078125,0.23193359375,-0.40283203125,0.08544921875,-0.69580078125,0.1220703125,-0.15869140625,0.23193359375,-0.62255859375,-0.0244140625,-0.40283203125,-0.25634765625,0.6591796875,-0.048828125,1.18408203125,0.25634765625,0.439453125,0.146484375,-0.146484375,0.08544921875,0.7568359375,0.08544921875,0.634765625,-0.06103515625,0.48828125,0.23193359375,0.6591796875,0.25634765625,0.59814453125,-0.23193359375,0.29296875,0.25634765625,1.0498046875,-0.0732421875,0.28076171875,-0.0244140625,0.2197265625,-0.29296875,0.28076171875,0.0244140625,0.81787109375,0.10986328125,0.048828125,0.2197265625,1.37939453125,0.03662109375,-0.927734375,0.1953125,-0.3173828125,0.10986328125,-0.9521484375,-0.146484375,-0.74462890625,-0.13427734375,-1.46484375,0.048828125,-0.2197265625,-0.3662109375,-0.3173828125,0.13427734375,-1.2451171875,0.13427734375,-0.76904296875,0,-0.7080078125,-0.09765625,-0.7080078125,-0.18310546875,0.146484375,0.30517578125,-0.69580078125,-0.32958984375,-1.40380859375,-0.2197265625,-1.03759765625,-0.50048828125,0.40283203125,-0.32958984375,-0.10986328125,-0.10986328125,-0.4150390625,-0.06103515625,-0.29296875,0.0244140625,-0.40283203125,-0.10986328125,0,-0.146484375,0.830078125,-0.1220703125,-0.4638671875,-0.1708984375,-0.537109375
1,-0.42724609375,-0.4150390625,-0.13427734375,-0.29296875,-0.32958984375,-0.390625,0.3173828125,0.048828125,0.1953125,0.0732421875,0.06103515625,-0.76904296875,0.08544921875,1.03759765625,-0.45166015625,1.08642578125,0.2685546875,4.62646484375,-0.18310546875,4.7119140625,0.5126953125,4.26025390625,-0.29296875,7.45849609375,-0.32958984375,-0.13427734375,-0.2197265625,-0.78125,-0.13427734375,0.9521484375,0.3662109375,0.25634765625,0.10986328125,-0.28076171875,-0.1953125,-0.8544921875,0.244140625,-0.42724609375,0.13427734375,-0.7080078125,0.048828125,-0.1953125,0.32958984375,-0.62255859375,0,-0.390625,-0.244140625,0.64697265625,-0.01220703125,1.1962890625,0.32958984375,0.4638671875,0.1220703125,-0.146484375,0,0.79345703125,0.08544921875,0.6591796875,-0.1220703125,0.48828125,0.20751953125,0.62255859375,0.1708984375,0.6591796875,-0.1708984375,0.28076171875,0.28076171875,1.03759765625,0,0.25634765625,-0.048828125,0.2197265625,-0.2197265625,0.30517578125,0.0244140625,0.81787109375,0.0732421875,0.048828125,0.13427734375,1.37939453125,0.09765625,-0.91552734375,0.20751953125,-0.3173828125,0.0244140625,-0.96435546875,-0.15869140625,-0.732421875,-0.18310546875,-1.4404296875,0.06103515625,-0.2197265625,-0.244140625,-0.3173828125,0.13427734375,-1.20849609375,0.0732421875,-0.86669921875,0.01220703125,-0.81787109375,-0.1220703125,-0.8056640625,-0.244140625,0.06103515625,0.25634765625,-0.67138671875,-0.1220703125,-1.42822265625,-0.20751953125,-1.06201171875,-0.52490234375,0.390625,-0.3173828125,-0.08544921875,-0.08544921875,-0.42724609375,-0.06103515625,-0.29296875,0.01220703125,-0.439453125,-0.1220703125,0.01220703125,-0.146484375,0.84228515625,-0.09765625,-0.48828125,-0.18310546875,-0.52490234375
1,-0.40283203125,-0.4150390625,-0.10986328125,-0.28076171875,-0.341796875,-0.390625,0.32958984375,0.06103515625,0.2197265625,0.2685546875,0.0732421875,-0.54931640625,0.09765625,1.25732421875,-0.4638671875,1.84326171875,0.20751953125,3.99169921875,-0.18310546875,4.08935546875,0.4638671875,3.77197265625,-0.35400390625,6.43310546875,-0.30517578125,-0.13427734375,-0.23193359375,-0.78125,-0.01220703125,0.9521484375,0.3662109375,0.244140625,-0.01220703125,-0.29296875,-0.18310546875,-0.84228515625,0.23193359375,-0.4150390625,0.146484375,-0.69580078125,-0.048828125,-0.18310546875,0.3662109375,-0.634765625,0,-0.390625,-0.244140625,0.64697265625,0.048828125,1.18408203125,0.37841796875,0.45166015625,0.08544921875,-0.1220703125,-0.03662109375,0.81787109375,0.0732421875,0.68359375,-0.15869140625,0.48828125,0.18310546875,0.59814453125,0.048828125,0.69580078125,-0.10986328125,0.28076171875,0.28076171875,1.07421875,0.048828125,0.25634765625,-0.0732421875,0.1953125,-0.13427734375,0.2685546875,0.048828125,0.830078125,0.048828125,0.03662109375,0.0732421875,1.37939453125,0.146484375,-0.91552734375,0.1953125,-0.341796875,-0.048828125,-0.9521484375,-0.15869140625,-0.7568359375,-0.1953125,-1.45263671875,0.08544921875,-0.2197265625,-0.09765625,-0.30517578125,0.1220703125,-1.18408203125,0,-0.93994140625,0.10986328125,-0.87890625,-0.1220703125,-0.8544921875,-0.2197265625,-0.01220703125,0.15869140625,-0.67138671875,0.06103515625,-1.4404296875,-0.23193359375,-1.08642578125,-0.537109375,0.37841796875,-0.3173828125,-0.0732421875,-0.048828125,-0.4150390625,-0.06103515625,-0.29296875,0.01220703125,-0.439453125,-0.146484375,0.01220703125,-0.146484375,0.81787109375,-0.09765625,-0.48828125,-0.18310546875,-0.50048828125
1,-0.390625,-0.37841796875,-0.10986328125,-0.2685546875,-0.3662109375,-0.390625,0.32958984375,0.06103515625,0.2197265625,0.5615234375,0.08544921875,-0.2685546875,0.1220703125,1.513671875,-0.5615234375,2.783203125,0.15869140625,3.22265625,-0.2197265625,3.35693359375,0.341796875,3.21044921875,-0.3662109375,5.18798828125,-0.25634765625,-0.13427734375,-0.18310546875,-0.76904296875,0.08544921875,0.93994140625,0.28076171875,0.25634765625,-0.13427734375,-0.3173828125,-0.23193359375,-0.84228515625,0.1953125,-0.42724609375,0.146484375,-0.7080078125,-0.0732421875,-0.18310546875,0.341796875,-0.634765625,-0.0244140625,-0.390625,-0.2685546875,0.62255859375,0.08544921875,1.171875,0.4150390625,0.48828125,0.03662109375,-0.10986328125,-0.0244140625,0.81787109375,0.0732421875,0.69580078125,-0.20751953125,0.50048828125,0.08544921875,0.59814453125,-0.0244140625,0.72021484375,0.03662109375,0.2685546875,0.30517578125,1.07421875,0.0732421875,0.23193359375,-0.08544921875,0.20751953125,-0.1220703125,0.2685546875,0.08544921875,0.81787109375,0.03662109375,0.048828125,-0.0244140625,1.37939453125,0.20751953125,-0.927734375,0.20751953125,-0.32958984375,-0.1953125,-0.927734375,-0.1708984375,-0.732421875,-0.1708984375,-1.4404296875,0.09765625,-0.2197265625,0.08544921875,-0.29296875,0.01220703125,-1.1474609375,-0.146484375,-0.96435546875,0.09765625,-0.89111328125,-0.10986328125,-0.84228515625,-0.146484375,-0.0244140625,0.06103515625,-0.68359375,0.18310546875,-1.42822265625,-0.25634765625,-1.07421875,-0.52490234375,0.3662109375,-0.29296875,-0.048828125,-0.0244140625,-0.4150390625,-0.06103515625,-0.3173828125,0,-0.47607421875,-0.146484375,0,-0.15869140625,0.8056640625,-0.09765625,-0.47607421875,-0.1708984375,-0.48828125
1,-0.40283203125,-0.37841796875,-0.08544921875,-0.25634765625,-0.3662109375,-0.390625,0.3173828125,0.048828125,0.1953125,0.9033203125,0.0732421875,0.06103515625,0.09765625,1.806640625,-0.6103515625,3.89404296875,0.09765625,2.40478515625,-0.25634765625,2.5634765625,0.18310546875,2.587890625,-0.37841796875,3.84521484375,-0.2685546875,-0.146484375,-0.10986328125,-0.74462890625,0.18310546875,0.927734375,0.13427734375,0.23193359375,-0.30517578125,-0.3173828125,-0.1953125,-0.86669921875,0.13427734375,-0.45166015625,0.13427734375,-0.69580078125,-0.10986328125,-0.1953125,0.2685546875,-0.64697265625,-0.03662109375,-0.390625,-0.32958984375,0.5859375,0.0732421875,1.15966796875,0.439453125,0.50048828125,0.01220703125,-0.09765625,0,0.8056640625,0.03662109375,0.69580078125,-0.2197265625,0.5126953125,-0.0244140625,0.6103515625,0.0244140625,0.7080078125,0.1708984375,0.25634765625,0.29296875,1.06201171875,0.09765625,0.2197265625,-0.08544921875,0.20751953125,-0.08544921875,0.2685546875,0.09765625,0.84228515625,-0.01220703125,0.048828125,-0.09765625,1.37939453125,0.20751953125,-0.93994140625,0.1708984375,-0.341796875,-0.23193359375,-0.927734375,-0.13427734375,-0.7568359375,-0.15869140625,-1.4892578125,0.09765625,-0.20751953125,0.2197265625,-0.2685546875,-0.03662109375,-1.13525390625,-0.244140625,-0.927734375,0.09765625,-0.84228515625,-0.0244140625,-0.830078125,-0.06103515625,-0.01220703125,-0.0244140625,-0.6591796875,0.2197265625,-1.416015625,-0.20751953125,-1.06201171875,-0.48828125,0.40283203125,-0.30517578125,-0.03662109375,0,-0.42724609375,-0.06103515625,-0.32958984375,-0.0244140625,-0.50048828125,-0.146484375,0.01220703125,-0.1220703125,0.78125,-0.10986328125,-0.47607421875,-0.15869140625,-0.48828125
1,-0.4150390625,-0.35400390625,-0.0732421875,-0.244140625,-0.3662109375,-0.3662109375,0.30517578125,0.01220703125,0.1708984375,1.26953125,0.06103515625,0.3662109375,0.09765625,2.13623046875,-0.47607421875,5.0537109375,0.1220703125,1.57470703125,-0.3173828125,1.77001953125,0.0732421875,1.96533203125,-0.390625,2.47802734375,-0.2685546875,-0.15869140625,-0.048828125,-0.76904296875,0.28076171875,0.91552734375,0,0.23193359375,-0.45166015625,-0.341796875,-0.23193359375,-0.8544921875,0.08544921875,-0.48828125,0.10986328125,-0.72021484375,-0.1220703125,-0.2197265625,0.13427734375,-0.6591796875,-0.08544921875,-0.40283203125,-0.390625,0.5859375,0.08544921875,1.15966796875,0.42724609375,0.50048828125,0.01220703125,-0.09765625,0.06103515625,0.79345703125,-0.0244140625,0.68359375,-0.18310546875,0.52490234375,-0.18310546875,0.64697265625,0.146484375,0.6591796875,0.30517578125,0.2197265625,0.25634765625,1.0498046875,0.09765625,0.20751953125,-0.03662109375,0.2197265625,-0.09765625,0.28076171875,0.146484375,0.8056640625,-0.01220703125,0.03662109375,-0.146484375,1.35498046875,0.18310546875,-0.927734375,0.15869140625,-0.3173828125,-0.29296875,-0.93994140625,-0.146484375,-0.76904296875,-0.10986328125,-1.4892578125,0.09765625,-0.20751953125,0.25634765625,-0.244140625,-0.06103515625,-1.1474609375,-0.35400390625,-0.9033203125,0.01220703125,-0.7568359375,-0.03662109375,-0.830078125,-0.0244140625,0,-0.0244140625,-0.68359375,0.1708984375,-1.42822265625,-0.1708984375,-1.07421875,-0.4150390625,0.390625,-0.3173828125,-0.048828125,0.0244140625,-0.4150390625,-0.06103515625,-0.341796875,-0.0244140625,-0.48828125,-0.146484375,0.03662109375,-0.146484375,0.7568359375,-0.10986328125,-0.47607421875,-0.146484375,-0.47607421875
1,-0.40283203125,-0.341796875,-0.048828125,-0.20751953125,-0.35400390625,-0.37841796875,0.32958984375,-0.01220703125,0.18310546875,1.64794921875,0.09765625,0.67138671875,0.10986328125,2.4169921875,-0.32958984375,6.1767578125,0.18310546875,0.78125,-0.37841796875,1.01318359375,-0.03662109375,1.40380859375,-0.37841796875,1.20849609375,-0.244140625,-0.13427734375,0.03662109375,-0.7568359375,0.29296875,0.91552734375,-0.09765625,0.23193359375,-0.52490234375,-0.35400390625,-0.2685546875,-0.87890625,-0.01220703125,-0.4638671875,0.048828125,-0.72021484375,-0.15869140625,-0.2197265625,0.0244140625,-0.64697265625,-0.0732421875,-0.42724609375,-0.45166015625,0.57373046875,0.048828125,1.1474609375,0.37841796875,0.5126953125,0.01220703125,-0.0732421875,0.0732421875,0.76904296875,-0.10986328125,0.67138671875,-0.1220703125,0.52490234375,-0.2197265625,0.67138671875,0.244140625,0.6103515625,0.35400390625,0.20751953125,0.25634765625,1.0498046875,0.10986328125,0.2197265625,-0.01220703125,0.20751953125,-0.0732421875,0.29296875,0.1220703125,0.8056640625,-0.03662109375,0.0244140625,-0.1953125,1.35498046875,0.1220703125,-0.93994140625,0.09765625,-0.30517578125,-0.30517578125,-0.93994140625,-0.1708984375,-0.7568359375,-0.0732421875,-1.47705078125,0.08544921875,-0.23193359375,0.20751953125,-0.244140625,-0.0244140625,-1.13525390625,-0.37841796875,-0.86669921875,-0.13427734375,-0.7080078125,-0.048828125,-0.76904296875,-0.01220703125,0.01220703125,0.03662109375,-0.72021484375,0.0244140625,-1.4404296875,-0.13427734375,-1.03759765625,-0.35400390625,0.4150390625,-0.30517578125,-0.048828125,0.06103515625,-0.390625,-0.0732421875,-0.37841796875,-0.03662109375,-0.48828125,-0.146484375,0.048828125,-0.1220703125,0.732421875,-0.08544921875,-0.48828125,-0.15869140625,-0.47607421875
1,-0.42724609375,-0.341796875,-0.03662109375,-0.1953125,-0.32958984375,-0.3662109375,0.30517578125,-0.01220703125,0.15869140625,1.9287109375,0.09765625,0.89111328125,0.0732421875,2.67333984375,-0.1708984375,7.177734375,0.2197265625,0.0732421875,-0.390625,0.35400390625,-0.048828125,0.9033203125,-0.37841796875,0.1220703125,-0.25634765625,-0.146484375,0.0732421875,-0.76904296875,0.23193359375,0.9033203125,-0.09765625,0.2197265625,-0.5126953125,-0.3662109375,-0.341796875,-0.87890625,-0.09765625,-0.47607421875,-0.01220703125,-0.74462890625,-0.23193359375,-0.20751953125,-0.06103515625,-0.64697265625,-0.08544921875,-0.439453125,-0.50048828125,0.5859375,-0.06103515625,1.15966796875,0.25634765625,0.50048828125,0.0732421875,-0.10986328125,0.0732421875,0.7568359375,-0.18310546875,0.67138671875,-0.0244140625,0.537109375,-0.3173828125,0.7568359375,0.3662109375,0.537109375,0.390625,0.20751953125,0.2197265625,1.06201171875,0.09765625,0.2197265625,0.048828125,0.18310546875,-0.0244140625,0.30517578125,0.13427734375,0.79345703125,-0.048828125,0.03662109375,-0.1953125,1.33056640625,0.08544921875,-0.9521484375,0.03662109375,-0.32958984375,-0.244140625,-0.9521484375,-0.2197265625,-0.7568359375,-0.01220703125,-1.4892578125,0.06103515625,-0.244140625,0.10986328125,-0.2197265625,0,-1.1474609375,-0.29296875,-0.81787109375,-0.1953125,-0.68359375,-0.03662109375,-0.72021484375,0.08544921875,0.0244140625,0.1220703125,-0.74462890625,-0.146484375,-1.4404296875,-0.1220703125,-1.0498046875,-0.28076171875,0.439453125,-0.3173828125,-0.06103515625,0.06103515625,-0.3662109375,-0.0732421875,-0.40283203125,-0.0732421875,-0.47607421875,-0.13427734375,0.048828125,-0.1220703125,0.72021484375,-0.09765625,-0.5126953125,-0.146484375,-0.50048828125
1,-0.4150390625,-0.35400390625,-0.06103515625,-0.1708984375,-0.28076171875,-0.40283203125,0.28076171875,0,0.13427734375,2.16064453125,0.09765625,1.0498046875,0,2.83203125,-0.1708984375,7.99560546875,0.25634765625,-0.52490234375,-0.3662109375,-0.2197265625,0.01220703125,0.537109375,-0.390625,-0.732421875,-0.244140625,-0.146484375,0.146484375,-0.7568359375,0.1220703125,0.89111328125,-0.0732421875,0.23193359375,-0.4150390625,-0.32958984375,-0.40283203125,-0.87890625,-0.146484375,-0.48828125,-0.03662109375,-0.7568359375,-0.2685546875,-0.23193359375,-0.09765625,-0.62255859375,-0.13427734375,-0.439453125,-0.537109375,0.5615234375,-0.146484375,1.171875,0.18310546875,0.48828125,0.0732421875,-0.13427734375,0.03662109375,0.74462890625,-0.23193359375,0.6591796875,0.03662109375,0.5126953125,-0.48828125,0.78125,0.3662109375,0.4638671875,0.42724609375,0.2197265625,0.146484375,1.06201171875,0.08544921875,0.20751953125,0.08544921875,0.1708984375,0.01220703125,0.30517578125,0.13427734375,0.7568359375,-0.0244140625,0.0244140625,-0.13427734375,1.318359375,0.06103515625,-0.96435546875,0,-0.3173828125,-0.146484375,-0.96435546875,-0.28076171875,-0.7568359375,0.03662109375,-1.513671875,0.06103515625,-0.244140625,-0.048828125,-0.25634765625,0.0244140625,-1.15966796875,-0.244140625,-0.76904296875,-0.3173828125,-0.6591796875,-0.09765625,-0.6591796875,0.06103515625,0.0244140625,0.1708984375,-0.732421875,-0.341796875,-1.42822265625,-0.13427734375,-1.025390625,-0.23193359375,0.45166015625,-0.3173828125,-0.08544921875,0.0732421875,-0.341796875,-0.0732421875,-0.40283203125,-0.048828125,-0.45166015625,-0.146484375,0.06103515625,-0.1220703125,0.72021484375,-0.048828125,-0.52490234375,-0.13427734375,-0.5126953125
1,-0.439453125,-0.3662109375,-0.048828125,-0.18310546875,-0.2685546875,-0.37841796875,0.2685546875,0.03662109375,0.146484375,2.294921875,0.09765625,1.13525390625,-0.048828125,2.9052734375,-0.0732421875,8.544921875,0.23193359375,-0.96435546875,-0.341796875,-0.57373046875,0.06103515625,0.3173828125,-0.439453125,-1.318359375,-0.2685546875,-0.13427734375,0.18310546875,-0.7568359375,-0.048828125,0.91552734375,-0.03662109375,0.244140625,-0.2197265625,-0.28076171875,-0.45166015625,-0.87890625,-0.18310546875,-0.47607421875,-0.06103515625,-0.7568359375,-0.3173828125,-0.20751953125,-0.06103515625,-0.6103515625,-0.18310546875,-0.42724609375,-0.57373046875,0.5859375,-0.2685546875,1.1962890625,0.06103515625,0.48828125,0.10986328125,-0.15869140625,-0.06103515625,0.74462890625,-0.25634765625,0.6591796875,0.09765625,0.52490234375,-0.5859375,0.79345703125,0.37841796875,0.42724609375,0.4638671875,0.23193359375,0.10986328125,1.07421875,0.0732421875,0.244140625,0.1220703125,0.1708984375,0.0732421875,0.3173828125,0.09765625,0.74462890625,-0.03662109375,0.03662109375,-0.08544921875,1.33056640625,0.0244140625,-0.9521484375,-0.03662109375,-0.29296875,-0.048828125,-0.96435546875,-0.29296875,-0.7568359375,0.048828125,-1.50146484375,0.06103515625,-0.244140625,-0.1953125,-0.25634765625,0.048828125,-1.18408203125,-0.1220703125,-0.74462890625,-0.30517578125,-0.67138671875,-0.08544921875,-0.6591796875,0.13427734375,0.01220703125,0.15869140625,-0.74462890625,-0.4638671875,-1.416015625,-0.146484375,-1.01318359375,-0.146484375,0.439453125,-0.30517578125,-0.08544921875,0.0732421875,-0.341796875,-0.048828125,-0.4150390625,-0.08544921875,-0.45166015625,-0.15869140625,0.03662109375,-0.1220703125,0.74462890625,-0.048828125,-0.52490234375,-0.13427734375,-0.50048828125
1,-0.45166015625,-0.37841796875,-0.03662109375,-0.15869140625,-0.244140625,-0.3662109375,0.244140625,0.048828125,0.146484375,2.30712890625,0.08544921875,1.11083984375,-0.09765625,2.9052734375,0.01220703125,8.740234375,0.25634765625,-1.2451171875,-0.20751953125,-0.8056640625,0.23193359375,0.1953125,-0.341796875,-1.5625,-0.3173828125,-0.13427734375,0.23193359375,-0.7568359375,-0.1953125,0.927734375,-0.01220703125,0.244140625,-0.03662109375,-0.29296875,-0.4638671875,-0.8544921875,-0.23193359375,-0.47607421875,-0.06103515625,-0.74462890625,-0.35400390625,-0.1953125,-0.0244140625,-0.634765625,-0.25634765625,-0.4150390625,-0.57373046875,0.6103515625,-0.3173828125,1.1962890625,0,0.48828125,0.13427734375,-0.18310546875,-0.10986328125,0.7568359375,-0.2197265625,0.67138671875,0.08544921875,0.537109375,-0.64697265625,0.81787109375,0.28076171875,0.390625,0.48828125,0.25634765625,0.0732421875,1.07421875,0.048828125,0.2685546875,0.13427734375,0.15869140625,0.146484375,0.29296875,0.03662109375,0.74462890625,-0.03662109375,0.03662109375,-0.03662109375,1.318359375,0,-0.93994140625,-0.048828125,-0.29296875,0.048828125,-0.96435546875,-0.244140625,-0.7568359375,0.048828125,-1.4892578125,0.03662109375,-0.25634765625,-0.28076171875,-0.2685546875,0.01220703125,-1.1962890625,-0.08544921875,-0.74462890625,-0.32958984375,-0.732421875,-0.13427734375,-0.6591796875,0.18310546875,-0.0244140625,0.0732421875,-0.72021484375,-0.54931640625,-1.40380859375,-0.13427734375,-1.0009765625,-0.1220703125,0.42724609375,-0.30517578125,-0.08544921875,0.09765625,-0.35400390625,-0.06103515625,-0.42724609375,-0.0732421875,-0.42724609375,-0.146484375,0.03662109375,-0.146484375,0.78125,-0.01220703125,-0.5126953125,-0.13427734375,-0.5126953125
0,-0.4150390625,-0.37841796875,-0.048828125,-0.1953125,-0.25634765625,-0.3662109375,0.25634765625,0.06103515625,0.15869140625,2.20947265625,0.06103515625,1.025390625,-0.1220703125,2.81982421875,0.0244140625,8.59375,0.244140625,-1.37939453125,-0.03662109375,-0.91552734375,0.35400390625,0.1708984375,-0.23193359375,-1.5869140625,-0.35400390625,-0.146484375,0.244140625,-0.7568359375,-0.32958984375,0.91552734375,0.01220703125,0.23193359375,0.1708984375,-0.28076171875,-0.40283203125,-0.84228515625,-0.2685546875,-0.45166015625,-0.0732421875,-0.732421875,-0.32958984375,-0.1953125,0.09765625,-0.62255859375,-0.30517578125,-0.4150390625,-0.537109375,0.62255859375,-0.32958984375,1.20849609375,-0.0732421875,0.48828125,0.1708984375,-0.1953125,-0.1220703125,0.7568359375,-0.1708984375,0.64697265625,0.0244140625,0.5126953125,-0.62255859375,0.78125,0.35400390625,0.37841796875,0.50048828125,0.25634765625,0,1.0498046875,0.048828125,0.28076171875,0.13427734375,0.1708984375,0.1708984375,0.30517578125,-0.06103515625,0.7080078125,-0.03662109375,0.06103515625,0,1.318359375,-0.0244140625,-0.93994140625,-0.06103515625,-0.29296875,0.09765625,-0.96435546875,-0.18310546875,-0.74462890625,0.0244140625,-1.46484375,0.01220703125,-0.25634765625,-0.32958984375,-0.3173828125,-0.06103515625,-1.20849609375,-0.0732421875,-0.76904296875,-0.32958984375,-0.76904296875,-0.15869140625,-0.67138671875,0.1708984375,-0.03662109375,-0.03662109375,-0.72021484375,-0.48828125,-1.416015625,-0.146484375,-1.0009765625,-0.10986328125,0.4150390625,-0.29296875,-0.0732421875,0.10986328125,-0.3662109375,-0.06103515625,-0.439453125,-0.03662109375,-0.390625,-0.15869140625,0.01220703125,-0.146484375,0.8056640625,-0.0244140625,-0.52490234375,-0.13427734375,-0.50048828125
0,-0.390625,-0.40283203125,-0.06103515625,-0.2197265625,-0.1953125,-0.390625,0.28076171875,0.0732421875,0.18310546875,2.06298828125,0.09765625,0.89111328125,-0.146484375,2.6611328125,0,8.19091796875,0.1953125,-1.3916015625,0.0732421875,-0.9033203125,0.42724609375,0.23193359375,-0.10986328125,-1.4404296875,-0.390625,-0.13427734375,0.29296875,-0.76904296875,-0.40283203125,0.93994140625,0.03662109375,0.23193359375,0.25634765625,-0.28076171875,-0.3173828125,-0.81787109375,-0.244140625,-0.45166015625,-0.06103515625,-0.732421875,-0.28076171875,-0.1953125,0.1953125,-0.62255859375,-0.341796875,-0.40283203125,-0.439453125,0.6103515625,-0.32958984375,1.20849609375,-0.146484375,0.5126953125,0.15869140625,-0.1953125,-0.1708984375,0.74462890625,-0.146484375,0.64697265625,-0.03662109375,0.48828125,-0.5615234375,0.732421875,0.390625,0.3662109375,0.5615234375,0.2685546875,-0.06103515625,1.0498046875,0.01220703125,0.28076171875,0.13427734375,0.1708984375,0.1708984375,0.30517578125,-0.0732421875,0.732421875,-0.03662109375,0.0732421875,0.048828125,1.3427734375,-0.048828125,-0.93994140625,-0.06103515625,-0.28076171875,0.13427734375,-0.96435546875,-0.10986328125,-0.74462890625,0.01220703125,-1.45263671875,-0.0244140625,-0.244140625,-0.28076171875,-0.3173828125,-0.146484375,-1.220703125,-0.048828125,-0.79345703125,-0.20751953125,-0.76904296875,-0.18310546875,-0.7080078125,0.1220703125,-0.06103515625,-0.20751953125,-0.69580078125,-0.35400390625,-1.416015625,-0.1953125,-1.025390625,-0.10986328125,0.390625,-0.30517578125,-0.06103515625,0.1220703125,-0.37841796875,-0.048828125,-0.42724609375,-0.06103515625,-0.37841796875,-0.15869140625,0.0244140625,-0.13427734375,0.81787109375,-0.01220703125,-0.47607421875,-0.146484375,-0.50048828125
0,-0.3662109375,-0.37841796875,-0.0732421875,-0.25634765625,-0.2197265625,-0.37841796875,0.2685546875,0.0732421875,0.15869140625,1.8798828125,0.0732421875,0.72021484375,-0.1708984375,2.50244140625,-0.146484375,7.5439453125,0.1953125,-1.30615234375,0.1708984375,-0.81787109375,0.47607421875,0.341796875,-0.048828125,-1.1962890625,-0.3662109375,-0.13427734375,0.3173828125,-0.76904296875,-0.37841796875,0.927734375,0.01220703125,0.244140625,0.2197265625,-0.28076171875,-0.23193359375,-0.830078125,-0.23193359375,-0.42724609375,-0.01220703125,-0.74462890625,-0.1708984375,-0.1953125,0.2685546875,-0.634765625,-0.390625,-0.390625,-0.341796875,0.59814453125,-0.23193359375,1.1962890625,-0.1953125,0.5126953125,0.146484375,-0.1708984375,-0.18310546875,0.74462890625,-0.0732421875,0.634765625,-0.1220703125,0.4638671875,-0.537109375,0.67138671875,0.4150390625,0.3662109375,0.59814453125,0.28076171875,-0.1953125,1.0498046875,-0.01220703125,0.28076171875,0.13427734375,0.1708984375,0.13427734375,0.29296875,-0.10986328125,0.732421875,-0.01220703125,0.09765625,0.0244140625,1.3427734375,-0.0732421875,-0.927734375,0,-0.30517578125,0.08544921875,-0.9521484375,-0.01220703125,-0.7568359375,-0.0244140625,-1.45263671875,-0.08544921875,-0.23193359375,-0.1708984375,-0.3173828125,-0.25634765625,-1.23291015625,0,-0.79345703125,-0.1220703125,-0.732421875,-0.23193359375,-0.732421875,0.06103515625,-0.048828125,-0.30517578125,-0.67138671875,-0.20751953125,-1.4404296875,-0.25634765625,-1.0498046875,-0.15869140625,0.37841796875,-0.3173828125,-0.048828125,0.10986328125,-0.4150390625,-0.06103515625,-0.390625,-0.03662109375,-0.4150390625,-0.1708984375,0,-0.09765625,0.830078125,-0.03662109375,-0.47607421875,-0.146484375,-0.50048828125
0,-0.390625,-0.3662109375,-0.10986328125,-0.2685546875,-0.23193359375,-0.37841796875,0.244140625,0.06103515625,0.15869140625,1.64794921875,0.06103515625,0.537109375,-0.18310546875,2.3193359375,-0.25634765625,6.7626953125,0.20751953125,-1.18408203125,0.23193359375,-0.69580078125,0.4638671875,0.4638671875,0.01220703125,-0.93994140625,-0.3173828125,-0.13427734375,0.32958984375,-0.76904296875,-0.29296875,0.927734375,-0.03662109375,0.244140625,0.18310546875,-0.3173828125,-0.15869140625,-0.84228515625,-0.20751953125,-0.439453125,0.03662109375,-0.74462890625,-0.048828125,-0.2197265625,0.2685546875,-0.62255859375,-0.390625,-0.40283203125,-0.2197265625,0.6103515625,-0.13427734375,1.171875,-0.2197265625,0.54931640625,0.08544921875,-0.1220703125,-0.244140625,0.7568359375,-0.03662109375,0.64697265625,-0.15869140625,0.45166015625,-0.45166015625,0.6103515625,0.3662109375,0.390625,0.52490234375,0.25634765625,-0.2685546875,1.03759765625,0.01220703125,0.2685546875,0.0732421875,0.1953125,0.10986328125,0.30517578125,-0.13427734375,0.74462890625,0.03662109375,0.10986328125,0.0244140625,1.37939453125,-0.048828125,-0.927734375,0.03662109375,-0.29296875,0.0244140625,-0.927734375,0.0732421875,-0.7568359375,-0.0244140625,-1.42822265625,-0.1220703125,-0.244140625,-0.01220703125,-0.3173828125,-0.2685546875,-1.220703125,0.0244140625,-0.79345703125,0,-0.67138671875,-0.23193359375,-0.7568359375,0.048828125,-0.0244140625,-0.390625,-0.68359375,-0.0732421875,-1.42822265625,-0.32958984375,-1.06201171875,-0.20751953125,0.35400390625,-0.29296875,-0.0244140625,0.1220703125,-0.45166015625,-0.048828125,-0.37841796875,-0.0244140625,-0.42724609375,-0.146484375,0,-0.09765625,0.81787109375,-0.03662109375,-0.439453125,-0.15869140625,-0.50048828125
0,-0.37841796875,-0.3662109375,-0.10986328125,-0.2685546875,-0.25634765625,-0.37841796875,0.25634765625,0.0732421875,0.1708984375,1.45263671875,0.0732421875,0.3662109375,-0.1708984375,2.1240234375,-0.3173828125,5.94482421875,0.2197265625,-1.03759765625,0.23193359375,-0.5859375,0.45166015625,0.52490234375,0.09765625,-0.7568359375,-0.29296875,-0.10986328125,0.30517578125,-0.79345703125,-0.15869140625,0.927734375,-0.0732421875,0.2197265625,0.08544921875,-0.32958984375,-0.09765625,-0.830078125,-0.1708984375,-0.439453125,0.10986328125,-0.74462890625,0.06103515625,-0.23193359375,0.23193359375,-0.634765625,-0.3662109375,-0.4150390625,-0.18310546875,0.57373046875,-0.0732421875,1.15966796875,-0.146484375,0.537109375,0,-0.09765625,-0.28076171875,0.76904296875,-0.01220703125,0.64697265625,-0.18310546875,0.439453125,-0.390625,0.537109375,0.3173828125,0.390625,0.45166015625,0.2685546875,-0.29296875,1.0498046875,0,0.25634765625,0.0244140625,0.20751953125,0.08544921875,0.3173828125,-0.1220703125,0.79345703125,0.08544921875,0.13427734375,0,1.37939453125,-0.03662109375,-0.93994140625,0.0732421875,-0.29296875,0,-0.927734375,0.146484375,-0.76904296875,-0.03662109375,-1.4404296875,-0.18310546875,-0.25634765625,0.13427734375,-0.341796875,-0.2197265625,-1.220703125,0.0244140625,-0.74462890625,0.048828125,-0.59814453125,-0.23193359375,-0.7080078125,0.0244140625,0.03662109375,-0.37841796875,-0.67138671875,0.03662109375,-1.42822265625,-0.37841796875,-1.07421875,-0.2685546875,0.3662109375,-0.28076171875,-0.06103515625,0.1220703125,-0.47607421875,-0.048828125,-0.390625,-0.03662109375,-0.4638671875,-0.13427734375,0,-0.09765625,0.79345703125,-0.048828125,-0.45166015625,-0.15869140625,-0.5126953125
0,-0.3662109375,-0.37841796875,-0.13427734375,-0.2197265625,-0.28076171875,-0.390625,0.25634765625,0.06103515625,0.13427734375,1.26953125,0.0732421875,0.25634765625,-0.15869140625,2.0263671875,-0.42724609375,5.23681640625,0.25634765625,-0.927734375,0.20751953125,-0.47607421875,0.4150390625,0.5859375,0.18310546875,-0.69580078125,-0.28076171875,-0.10986328125,0.30517578125,-0.7568359375,-0.01220703125,0.93994140625,-0.1220703125,0.23193359375,0,-0.37841796875,-0.10986328125,-0.86669921875,-0.15869140625,-0.48828125,0.146484375,-0.74462890625,0.15869140625,-0.25634765625,0.1953125,-0.634765625,-0.2685546875,-0.4150390625,-0.18310546875,0.5615234375,0.03662109375,1.1474609375,-0.08544921875,0.52490234375,-0.1220703125,-0.09765625,-0.30517578125,0.7568359375,-0.03662109375,0.634765625,-0.1953125,0.42724609375,-0.30517578125,0.50048828125,0.40283203125,0.4150390625,0.3173828125,0.28076171875,-0.32958984375,1.025390625,-0.01220703125,0.23193359375,0,0.2197265625,0.048828125,0.3173828125,-0.15869140625,0.76904296875,0.146484375,0.10986328125,-0.06103515625,1.37939453125,-0.01220703125,-0.93994140625,0.1220703125,-0.29296875,-0.048828125,-0.93994140625,0.1708984375,-0.78125,-0.0732421875,-1.42822265625,-0.18310546875,-0.2685546875,0.2197265625,-0.30517578125,-0.15869140625,-1.220703125,0.01220703125,-0.67138671875,0.08544921875,-0.47607421875,-0.25634765625,-0.69580078125,-0.01220703125,0.1220703125,-0.29296875,-0.67138671875,0.06103515625,-1.46484375,-0.390625,-1.0498046875,-0.3173828125,0.3662109375,-0.2685546875,-0.01220703125,0.1220703125,-0.4638671875,-0.06103515625,-0.37841796875,-0.01220703125,-0.48828125,-0.1220703125,0,-0.08544921875,0.78125,-0.03662109375,-0.45166015625,-0.1708984375,-0.52490234375
0,-0.37841796875,-0.35400390625,-0.10986328125,-0.15869140625,-0.244140625,-0.3662109375,0.23193359375,0.06103515625,0.10986328125,1.13525390625,0.08544921875,0.18310546875,-0.15869140625,1.91650390625,-0.50048828125,4.6875,0.244140625,-0.84228515625,0.06103515625,-0.4638671875,0.29296875,0.5859375,0.25634765625,-0.72021484375,-0.3173828125,-0.09765625,0.29296875,-0.76904296875,0.09765625,0.93994140625,-0.1708984375,0.20751953125,-0.06103515625,-0.35400390625,-0.1708984375,-0.86669921875,-0.09765625,-0.47607421875,0.15869140625,-0.7568359375,0.2197265625,-0.2685546875,0.1220703125,-0.62255859375,-0.13427734375,-0.40283203125,-0.244140625,0.54931640625,0.08544921875,1.13525390625,0,0.52490234375,-0.1708984375,-0.08544921875,-0.3662109375,0.7568359375,-0.0732421875,0.64697265625,-0.2197265625,0.439453125,-0.2197265625,0.47607421875,0.3662109375,0.439453125,0.23193359375,0.2685546875,-0.30517578125,1.01318359375,-0.048828125,0.25634765625,-0.0244140625,0.23193359375,-0.01220703125,0.341796875,-0.13427734375,0.78125,0.15869140625,0.10986328125,-0.1220703125,1.37939453125,0.01220703125,-0.93994140625,0.146484375,-0.3173828125,-0.048828125,-0.927734375,0.13427734375,-0.78125,-0.09765625,-1.45263671875,-0.15869140625,-0.25634765625,0.244140625,-0.30517578125,-0.06103515625,-1.220703125,0.01220703125,-0.64697265625,0.2197265625,-0.40283203125,-0.1953125,-0.69580078125,-0.01220703125,0.1953125,-0.13427734375,-0.68359375,0.03662109375,-1.47705078125,-0.4150390625,-1.03759765625,-0.35400390625,0.37841796875,-0.25634765625,-0.0244140625,0.1220703125,-0.47607421875,-0.06103515625,-0.390625,0.01220703125,-0.48828125,-0.1220703125,0,-0.1220703125,0.732421875,-0.0244140625,-0.4638671875,-0.18310546875,-0.52490234375
0,-0.3662109375,-0.35400390625,-0.1220703125,-0.09765625,-0.2685546875,-0.390625,0.2197265625,0.048828125,0.10986328125,1.0498046875,0.06103515625,0.13427734375,-0.1220703125,1.8798828125,-0.48828125,4.3212890625,0.28076171875,-0.8056640625,-0.0244140625,-0.45166015625,0.25634765625,0.537109375,0.244140625,-0.830078125,-0.29296875,-0.1220703125,0.244140625,-0.76904296875,0.15869140625,0.927734375,-0.1708984375,0.20751953125,-0.0732421875,-0.37841796875,-0.30517578125,-0.87890625,-0.08544921875,-0.5126953125,0.1708984375,-0.76904296875,0.30517578125,-0.2685546875,0,-0.634765625,0.01220703125,-0.40283203125,-0.29296875,0.54931640625,0.09765625,1.1474609375,0.06103515625,0.5126953125,-0.23193359375,-0.0732421875,-0.3662109375,0.7568359375,-0.146484375,0.64697265625,-0.25634765625,0.42724609375,-0.15869140625,0.47607421875,0.45166015625,0.45166015625,0.15869140625,0.29296875,-0.3173828125,1.03759765625,-0.0244140625,0.23193359375,-0.0244140625,0.23193359375,-0.0244140625,0.3173828125,-0.18310546875,0.79345703125,0.1708984375,0.10986328125,-0.15869140625,1.35498046875,0,-0.9521484375,0.15869140625,-0.29296875,-0.06103515625,-0.9521484375,0.10986328125,-0.78125,-0.1220703125,-1.47705078125,-0.1220703125,-0.244140625,0.18310546875,-0.30517578125,0.0732421875,-1.20849609375,-0.03662109375,-0.6591796875,0.08544921875,-0.35400390625,-0.13427734375,-0.64697265625,-0.03662109375,0.23193359375,0.06103515625,-0.68359375,-0.01220703125,-1.47705078125,-0.390625,-1.0498046875,-0.37841796875,0.390625,-0.28076171875,-0.0244140625,0.1220703125,-0.42724609375,-0.0732421875,-0.390625,0.0244140625,-0.47607421875,-0.1220703125,0,-0.13427734375,0.7568359375,-0.03662109375,-0.48828125,-0.1953125,-0.52490234375
0,-0.37841796875,-0.35400390625,-0.09765625,-0.01220703125,-0.2685546875,-0.390625,0.23193359375,0.0244140625,0.10986328125,1.06201171875,0.0732421875,0.1220703125,-0.09765625,1.91650390625,-0.5859375,4.21142578125,0.28076171875,-0.8056640625,-0.06103515625,-0.4638671875,0.2685546875,0.47607421875,0.15869140625,-0.98876953125,-0.28076171875,-0.08544921875,0.1953125,-0.7568359375,0.146484375,0.927734375,-0.13427734375,0.2197265625,-0.01220703125,-0.3662109375,-0.439453125,-0.89111328125,-0.06103515625,-0.5126953125,0.10986328125,-0.76904296875,0.32958984375,-0.244140625,-0.048828125,-0.634765625,0.13427734375,-0.42724609375,-0.37841796875,0.5615234375,0.1220703125,1.18408203125,0.09765625,0.50048828125,-0.28076171875,-0.1220703125,-0.3662109375,0.7568359375,-0.23193359375,0.6591796875,-0.25634765625,0.4638671875,-0.06103515625,0.4638671875,0.5126953125,0.48828125,0.03662109375,0.28076171875,-0.3173828125,1.03759765625,-0.06103515625,0.25634765625,-0.048828125,0.244140625,-0.048828125,0.32958984375,-0.18310546875,0.7568359375,0.146484375,0.08544921875,-0.1708984375,1.3916015625,-0.0244140625,-0.9521484375,0.1708984375,-0.30517578125,-0.09765625,-0.96435546875,0.03662109375,-0.76904296875,-0.15869140625,-1.47705078125,-0.09765625,-0.2197265625,0.10986328125,-0.3173828125,0.20751953125,-1.220703125,-0.10986328125,-0.6591796875,0.03662109375,-0.35400390625,-0.13427734375,-0.59814453125,-0.03662109375,0.25634765625,0.244140625,-0.74462890625,-0.0732421875,-1.47705078125,-0.3662109375,-1.0498046875,-0.4150390625,0.40283203125,-0.2685546875,-0.048828125,0.1220703125,-0.439453125,-0.0732421875,-0.4150390625,0.048828125,-0.4638671875,-0.13427734375,0,-0.13427734375,0.7568359375,-0.0244140625,-0.48828125,-0.18310546875,-0.52490234375
0,-0.35400390625,-0.3662109375,-0.0732421875,0.06103515625,-0.23193359375,-0.37841796875,0.20751953125,0.0244140625,0.09765625,1.07421875,0.0732421875,0.13427734375,-0.08544921875,1.953125,-0.6103515625,4.28466796875,0.18310546875,-0.84228515625,-0.10986328125,-0.50048828125,0.29296875,0.42724609375,0,-1.13525390625,-0.23193359375,-0.09765625,0.1220703125,-0.7568359375,0.15869140625,0.93994140625,-0.0732421875,0.20751953125,0.0244140625,-0.35400390625,-0.5615234375,-0.89111328125,-0.08544921875,-0.50048828125,0.09765625,-0.76904296875,0.3173828125,-0.2197265625,-0.06103515625,-0.634765625,0.244140625,-0.42724609375,-0.4638671875,0.57373046875,0.06103515625,1.20849609375,0.146484375,0.5126953125,-0.28076171875,-0.15869140625,-0.341796875,0.7568359375,-0.25634765625,0.634765625,-0.244140625,0.47607421875,0.0244140625,0.48828125,0.537109375,0.47607421875,-0.09765625,0.30517578125,-0.2685546875,1.06201171875,-0.08544921875,0.25634765625,-0.06103515625,0.244140625,-0.09765625,0.3173828125,-0.146484375,0.76904296875,0.13427734375,0.09765625,-0.13427734375,1.37939453125,-0.048828125,-0.9521484375,0.15869140625,-0.3173828125,-0.048828125,-0.9765625,-0.09765625,-0.7568359375,-0.15869140625,-1.46484375,-0.0244140625,-0.1953125,0.03662109375,-0.30517578125,0.32958984375,-1.1962890625,-0.18310546875,-0.69580078125,-0.048828125,-0.4150390625,-0.08544921875,-0.59814453125,0,0.20751953125,0.32958984375,-0.72021484375,-0.09765625,-1.4892578125,-0.32958984375,-1.06201171875,-0.40283203125,0.4150390625,-0.20751953125,-0.048828125,0.13427734375,-0.40283203125,-0.06103515625,-0.4150390625,0.03662109375,-0.439453125,-0.1220703125,-0.01220703125,-0.1220703125,0.76904296875,0,-0.50048828125,-0.15869140625,-0.52490234375
0,-0.341796875,-0.341796875,-0.0732421875,0.1220703125,-0.2197265625,-0.37841796875,0.20751953125,0.01220703125,0.09765625,1.171875,0.0732421875,0.18310546875,-0.06103515625,2.01416015625,-0.59814453125,4.5166015625,0.03662109375,-0.830078125,-0.15869140625,-0.5126953125,0.1953125,0.4150390625,-0.30517578125,-1.20849609375,-0.2197265625,-0.10986328125,0.06103515625,-0.7568359375,0.0732421875,0.93994140625,0.0244140625,0.20751953125,0.0732421875,-0.341796875,-0.6591796875,-0.87890625,-0.10986328125,-0.47607421875,0.10986328125,-0.76904296875,0.25634765625,-0.2197265625,-0.0244140625,-0.6103515625,0.25634765625,-0.42724609375,-0.47607421875,0.57373046875,-0.048828125,1.20849609375,0.13427734375,0.48828125,-0.29296875,-0.1708984375,-0.32958984375,0.76904296875,-0.23193359375,0.64697265625,-0.244140625,0.47607421875,-0.06103515625,0.5126953125,0.62255859375,0.4638671875,-0.146484375,0.3173828125,-0.25634765625,1.03759765625,-0.09765625,0.2685546875,-0.0244140625,0.244140625,-0.15869140625,0.32958984375,-0.13427734375,0.78125,0.09765625,0.0732421875,-0.048828125,1.3671875,-0.0732421875,-0.96435546875,0.13427734375,-0.3173828125,-0.06103515625,-0.9765625,-0.2197265625,-0.74462890625,-0.1708984375,-1.47705078125,0.048828125,-0.1953125,-0.01220703125,-0.3173828125,0.40283203125,-1.20849609375,-0.20751953125,-0.78125,0.01220703125,-0.54931640625,-0.0732421875,-0.64697265625,0.08544921875,0.1220703125,0.3173828125,-0.732421875,-0.13427734375,-1.47705078125,-0.30517578125,-1.03759765625,-0.35400390625,0.4150390625,-0.20751953125,-0.0732421875,0.10986328125,-0.390625,-0.048828125,-0.439453125,0.03662109375,-0.4150390625,-0.1220703125,0,-0.13427734375,0.79345703125,0.01220703125,-0.52490234375,-0.1708984375,-0.52490234375
0,-0.30517578125,-0.3662109375,-0.0732421875,0.1708984375,-0.18310546875,-0.390625,0.1953125,0.0244140625,0.1220703125,1.23291015625,0.0732421875,0.2197265625,-0.0244140625,2.06298828125,-0.57373046875,4.8095703125,-0.0732421875,-0.81787109375,-0.08544921875,-0.48828125,0.20751953125,0.42724609375,-0.4638671875,-1.20849609375,-0.2197265625,-0.08544921875,-0.01220703125,-0.76904296875,0.0244140625,0.9521484375,0.06103515625,0.2197265625,0.06103515625,-0.28076171875,-0.68359375,-0.86669921875,-0.13427734375,-0.4638671875,0.0732421875,-0.74462890625,0.10986328125,-0.20751953125,0.048828125,-0.59814453125,0.1953125,-0.42724609375,-0.48828125,0.59814453125,-0.09765625,1.20849609375,0.146484375,0.47607421875,-0.29296875,-0.18310546875,-0.29296875,0.76904296875,-0.1953125,0.64697265625,-0.25634765625,0.48828125,-0.09765625,0.57373046875,0.5859375,0.4638671875,-0.20751953125,0.35400390625,-0.244140625,1.0498046875,-0.146484375,0.2685546875,0,0.23193359375,-0.23193359375,0.32958984375,-0.09765625,0.74462890625,0.0732421875,0.0732421875,0.048828125,1.37939453125,-0.09765625,-0.96435546875,0.1220703125,-0.29296875,-0.1220703125,-0.9765625,-0.3173828125,-0.732421875,-0.1708984375,-1.46484375,0.08544921875,-0.18310546875,-0.03662109375,-0.30517578125,0.4150390625,-1.1962890625,-0.20751953125,-0.87890625,0.06103515625,-0.67138671875,-0.0732421875,-0.69580078125,0.2197265625,0.01220703125,0.1953125,-0.72021484375,-0.09765625,-1.47705078125,-0.28076171875,-1.0498046875,-0.29296875,0.42724609375,-0.2197265625,-0.0732421875,0.1220703125,-0.390625,-0.048828125,-0.439453125,0.048828125,-0.42724609375,-0.1220703125,-0.01220703125,-0.09765625,0.81787109375,0.03662109375,-0.5126953125,-0.15869140625,-0.52490234375
0,-0.29296875,-0.3662109375,-0.0732421875,0.18310546875,-0.20751953125,-0.40283203125,0.18310546875,0.03662109375,0.13427734375,1.25732421875,0.0244140625,0.23193359375,-0.01220703125,2.0751953125,-0.54931640625,4.98046875,-0.1953125,-0.79345703125,-0.01220703125,-0.4150390625,0.13427734375,0.48828125,-0.52490234375,-1.0986328125,-0.244140625,-0.1220703125,-0.03662109375,-0.74462890625,-0.0244140625,0.93994140625,0.048828125,0.2197265625,-0.0732421875,-0.28076171875,-0.67138671875,-0.830078125,-0.1953125,-0.45166015625,0.048828125,-0.72021484375,-0.06103515625,-0.15869140625,0.09765625,-0.6103515625,0.09765625,-0.42724609375,-0.48828125,0.57373046875,-0.1708984375,1.20849609375,0.15869140625,0.50048828125,-0.25634765625,-0.18310546875,-0.29296875,0.7568359375,-0.146484375,0.634765625,-0.28076171875,0.50048828125,-0.048828125,0.59814453125,0.5615234375,0.439453125,-0.2197265625,0.3662109375,-0.18310546875,1.07421875,-0.15869140625,0.2685546875,0.048828125,0.23193359375,-0.25634765625,0.32958984375,-0.13427734375,0.7568359375,0.0732421875,0.0732421875,0.13427734375,1.37939453125,-0.13427734375,-0.9521484375,0.09765625,-0.28076171875,-0.1708984375,-0.96435546875,-0.37841796875,-0.7080078125,-0.15869140625,-1.4404296875,0.10986328125,-0.1953125,-0.03662109375,-0.32958984375,0.37841796875,-1.1962890625,-0.23193359375,-0.96435546875,0.09765625,-0.72021484375,-0.06103515625,-0.7568359375,0.3173828125,-0.08544921875,0,-0.68359375,-0.06103515625,-1.42822265625,-0.20751953125,-1.03759765625,-0.2197265625,0.42724609375,-0.2197265625,-0.10986328125,0.10986328125,-0.40283203125,-0.06103515625,-0.4638671875,0.06103515625,-0.42724609375,-0.1220703125,-0.01220703125,-0.08544921875,0.830078125,0.048828125,-0.5126953125,-0.13427734375,-0.5615234375
0,-0.25634765625,-0.341796875,-0.0732421875,0.1708984375,-0.20751953125,-0.40283203125,0.18310546875,0.048828125,0.13427734375,1.26953125,0.01220703125,0.2197265625,0.01220703125,2.06298828125,-0.5859375,4.99267578125,-0.29296875,-0.68359375,0.01220703125,-0.30517578125,-0.03662109375,0.6103515625,-0.6103515625,-0.93994140625,-0.2197265625,-0.13427734375,-0.06103515625,-0.76904296875,-0.0732421875,0.93994140625,-0.0244140625,0.23193359375,-0.20751953125,-0.2685546875,-0.57373046875,-0.81787109375,-0.244140625,-0.4150390625,0,-0.72021484375,-0.244140625,-0.15869140625,0.10986328125,-0.6103515625,-0.0244140625,-0.42724609375,-0.47607421875,0.59814453125,-0.20751953125,1.18408203125,0.10986328125,0.50048828125,-0.18310546875,-0.1953125,-0.244140625,0.78125,-0.08544921875,0.62255859375,-0.3173828125,0.47607421875,-0.08544921875,0.62255859375,0.54931640625,0.37841796875,-0.29296875,0.35400390625,-0.1220703125,1.07421875,-0.18310546875,0.2685546875,0.06103515625,0.23193359375,-0.28076171875,0.30517578125,-0.13427734375,0.7568359375,0.06103515625,0.08544921875,0.20751953125,1.3916015625,-0.1708984375,-0.91552734375,0.0244140625,-0.2685546875,-0.244140625,-0.9521484375,-0.341796875,-0.7080078125,-0.13427734375,-1.45263671875,0.08544921875,-0.18310546875,0,-0.30517578125,0.29296875,-1.1962890625,-0.2197265625,-1.01318359375,0.20751953125,-0.72021484375,-0.01220703125,-0.81787109375,0.35400390625,-0.146484375,-0.2197265625,-0.67138671875,-0.06103515625,-1.416015625,-0.1953125,-1.03759765625,-0.18310546875,0.42724609375,-0.23193359375,-0.1220703125,0.10986328125,-0.40283203125,-0.048828125,-0.45166015625,0.06103515625,-0.42724609375,-0.1220703125,0,-0.0732421875,0.81787109375,0.06103515625,-0.537109375,-0.09765625,-0.537109375
1,-0.244140625,-0.35400390625,0,0.1220703125,-0.20751953125,-0.4150390625,0.15869140625,0.06103515625,0.08544921875,1.1962890625,0.0244140625,0.146484375,0,1.98974609375,-0.48828125,4.7119140625,-0.2685546875,-0.57373046875,0.146484375,-0.1708984375,-0.09765625,0.74462890625,-0.4638671875,-0.72021484375,-0.1708984375,-0.13427734375,-0.09765625,-0.7568359375,-0.06103515625,0.9521484375,-0.13427734375,0.23193359375,-0.32958984375,-0.28076171875,-0.48828125,-0.78125,-0.32958984375,-0.4150390625,-0.06103515625,-0.72021484375,-0.3662109375,-0.1708984375,0.06103515625,-0.6103515625,-0.13427734375,-0.4150390625,-0.439453125,0.6103515625,-0.20751953125,1.15966796875,0.09765625,0.48828125,-0.13427734375,-0.1708984375,-0.18310546875,0.78125,-0.0244140625,0.62255859375,-0.32958984375,0.4638671875,-0.03662109375,0.6591796875,0.5859375,0.32958984375,-0.3173828125,0.35400390625,-0.06103515625,1.07421875,-0.1708984375,0.25634765625,0.06103515625,0.23193359375,-0.35400390625,0.29296875,-0.13427734375,0.7568359375,0.06103515625,0.0732421875,0.2685546875,1.40380859375,-0.20751953125,-0.91552734375,-0.01220703125,-0.28076171875,-0.32958984375,-0.9521484375,-0.2685546875,-0.7080078125,-0.09765625,-1.45263671875,0.01220703125,-0.18310546875,0.0732421875,-0.28076171875,0.1220703125,-1.18408203125,-0.2197265625,-1.01318359375,0.2685546875,-0.6103515625,-0.01220703125,-0.84228515625,0.3173828125,-0.15869140625,-0.42724609375,-0.64697265625,-0.06103515625,-1.416015625,-0.18310546875,-1.03759765625,-0.146484375,0.4150390625,-0.2197265625,-0.10986328125,0.09765625,-0.42724609375,-0.048828125,-0.439453125,0.0732421875,-0.45166015625,-0.13427734375,-0.0244140625,-0.03662109375,0.81787109375,0.0732421875,-0.5126953125,-0.0732421875,-0.537109375
1,-0.25634765625,-0.3662109375,-0.048828125,0.03662109375,-0.23193359375,-0.40283203125,0.146484375,0.06103515625,0.06103515625,1.0498046875,0.03662109375,0.01220703125,0,1.8310546875,-0.54931640625,4.13818359375,-0.25634765625,-0.4150390625,0.146484375,0.0244140625,-0.20751953125,0.89111328125,-0.2685546875,-0.47607421875,-0.13427734375,-0.13427734375,-0.13427734375,-0.78125,-0.048828125,0.9521484375,-0.28076171875,0.244140625,-0.40283203125,-0.3173828125,-0.37841796875,-0.81787109375,-0.32958984375,-0.42724609375,-0.06103515625,-0.72021484375,-0.35400390625,-0.1708984375,-0.0244140625,-0.6103515625,-0.2197265625,-0.42724609375,-0.37841796875,0.5859375,-0.25634765625,1.1474609375,0.0732421875,0.50048828125,-0.03662109375,-0.146484375,-0.146484375,0.79345703125,0.0244140625,0.64697265625,-0.30517578125,0.439453125,-0.06103515625,0.6591796875,0.69580078125,0.2685546875,-0.3173828125,0.341796875,-0.0244140625,1.07421875,-0.1708984375,0.25634765625,0.06103515625,0.20751953125,-0.3662109375,0.29296875,-0.15869140625,0.79345703125,0.06103515625,0.08544921875,0.29296875,1.40380859375,-0.25634765625,-0.91552734375,-0.06103515625,-0.30517578125,-0.35400390625,-0.9765625,-0.1708984375,-0.72021484375,-0.08544921875,-1.45263671875,-0.03662109375,-0.1953125,0.08544921875,-0.30517578125,-0.0244140625,-1.171875,-0.18310546875,-0.89111328125,0.3662109375,-0.341796875,-0.0244140625,-0.76904296875,0.28076171875,-0.08544921875,-0.5615234375,-0.67138671875,-0.0732421875,-1.4404296875,-0.1953125,-1.03759765625,-0.13427734375,0.42724609375,-0.2197265625,-0.09765625,0.10986328125,-0.45166015625,-0.0732421875,-0.40283203125,0.0732421875,-0.42724609375,-0.146484375,-0.03662109375,-0.03662109375,0.830078125,0.0732421875,-0.50048828125,-0.08544921875,-0.537109375
1,-0.244140625,-0.35400390625,-0.0244140625,-0.048828125,-0.20751953125,-0.390625,0.13427734375,0.03662109375,0.0732421875,0.84228515625,0.048828125,-0.18310546875,0,1.66015625,-0.42724609375,3.2958984375,-0.1708984375,-0.20751953125,0.18310546875,0.2197265625,-0.20751953125,1.01318359375,-0.06103515625,-0.25634765625,-0.13427734375,-0.10986328125,-0.146484375,-0.78125,-0.048828125,0.93994140625,-0.42724609375,0.244140625,-0.341796875,-0.30517578125,-0.29296875,-0.79345703125,-0.3662109375,-0.40283203125,-0.01220703125,-0.7080078125,-0.28076171875,-0.1708984375,-0.08544921875,-0.62255859375,-0.244140625,-0.42724609375,-0.30517578125,0.62255859375,-0.25634765625,1.1474609375,0.048828125,0.48828125,0.0244140625,-0.1220703125,-0.0732421875,0.76904296875,0.048828125,0.634765625,-0.23193359375,0.4150390625,-0.10986328125,0.64697265625,0.68359375,0.1708984375,-0.30517578125,0.3173828125,0.01220703125,1.07421875,-0.13427734375,0.25634765625,0.03662109375,0.23193359375,-0.341796875,0.29296875,-0.10986328125,0.81787109375,0.03662109375,0.0732421875,0.30517578125,1.40380859375,-0.25634765625,-0.91552734375,-0.08544921875,-0.30517578125,-0.32958984375,-0.9521484375,-0.06103515625,-0.732421875,-0.0732421875,-1.4892578125,-0.10986328125,-0.2197265625,0.03662109375,-0.2685546875,-0.146484375,-1.171875,-0.15869140625,-0.68359375,0.3173828125,0.0732421875,-0.0732421875,-0.64697265625,0.20751953125,0.10986328125,-0.537109375,-0.6591796875,-0.15869140625,-1.416015625,-0.2197265625,-1.03759765625,-0.18310546875,0.40283203125,-0.244140625,-0.0732421875,0.10986328125,-0.45166015625,-0.06103515625,-0.40283203125,0.0732421875,-0.45166015625,-0.146484375,-0.01220703125,-0.03662109375,0.830078125,0.08544921875,-0.48828125,-0.048828125,-0.537109375
1,-0.25634765625,-0.37841796875,-0.03662109375,-0.13427734375,-0.20751953125,-0.40283203125,0.0732421875,0.01220703125,0.06103515625,0.5859375,0.06103515625,-0.390625,-0.0244140625,1.42822265625,-0.390625,2.23388671875,-0.03662109375,0,0.2197265625,0.439453125,-0.13427734375,1.171875,0.1708984375,-0.09765625,-0.13427734375,-0.1220703125,-0.18310546875,-0.76904296875,-0.0732421875,0.91552734375,-0.5859375,0.25634765625,-0.2197265625,-0.3173828125,-0.244140625,-0.8056640625,-0.37841796875,-0.439453125,0.01220703125,-0.72021484375,-0.15869140625,-0.18310546875,-0.1708984375,-0.64697265625,-0.25634765625,-0.439453125,-0.29296875,0.6103515625,-0.23193359375,1.15966796875,0.09765625,0.48828125,0.08544921875,-0.1220703125,0.01220703125,0.78125,0.048828125,0.64697265625,-0.1953125,0.4150390625,-0.146484375,0.634765625,0.6591796875,0.1220703125,-0.2685546875,0.3173828125,0.0732421875,1.08642578125,-0.10986328125,0.25634765625,0,0.23193359375,-0.30517578125,0.29296875,-0.10986328125,0.830078125,0.03662109375,0.048828125,0.29296875,1.40380859375,-0.25634765625,-0.91552734375,-0.0732421875,-0.3173828125,-0.23193359375,-0.927734375,0.01220703125,-0.74462890625,-0.08544921875,-1.50146484375,-0.1708984375,-0.23193359375,-0.048828125,-0.2685546875,-0.2197265625,-1.18408203125,-0.048828125,-0.3662109375,0.32958984375,0.67138671875,-0.09765625,-0.40283203125,0.146484375,0.390625,-0.439453125,-0.68359375,-0.2685546875,-1.4404296875,-0.23193359375,-1.025390625,-0.2197265625,0.439453125,-0.244140625,-0.06103515625,0.10986328125,-0.45166015625,-0.048828125,-0.390625,0.08544921875,-0.439453125,-0.146484375,-0.0244140625,-0.03662109375,0.81787109375,0.0732421875,-0.48828125,-0.06103515625,-0.52490234375
1,-0.2685546875,-0.37841796875,-0.0244140625,-0.2197265625,-0.23193359375,-0.390625,0.03662109375,0,0.03662109375,0.32958984375,0.03662109375,-0.6103515625,-0.03662109375,1.1962890625,-0.4638671875,1.123046875,0.03662109375,0.18310546875,0.15869140625,0.62255859375,-0.0732421875,1.30615234375,0.2197265625,0.01220703125,-0.23193359375,-0.08544921875,-0.18310546875,-0.76904296875,-0.1708984375,0.9033203125,-0.67138671875,0.2685546875,-0.09765625,-0.35400390625,-0.1953125,-0.830078125,-0.341796875,-0.45166015625,-0.01220703125,-0.732421875,0.01220703125,-0.18310546875,-0.1953125,-0.6591796875,-0.1953125,-0.45166015625,-0.28076171875,0.6103515625,-0.1953125,1.18408203125,0.10986328125,0.47607421875,0.1220703125,-0.1220703125,0.03662109375,0.74462890625,0.01220703125,0.64697265625,-0.18310546875,0.4150390625,-0.18310546875,0.59814453125,0.6103515625,0.08544921875,-0.1953125,0.28076171875,0.13427734375,1.06201171875,-0.048828125,0.23193359375,-0.01220703125,0.23193359375,-0.28076171875,0.30517578125,-0.0732421875,0.86669921875,0.0244140625,0.06103515625,0.2685546875,1.3916015625,-0.25634765625,-0.89111328125,-0.048828125,-0.32958984375,-0.09765625,-0.927734375,0.03662109375,-0.74462890625,-0.1220703125,-1.4892578125,-0.20751953125,-0.2685546875,-0.1953125,-0.25634765625,-0.18310546875,-1.171875,0.06103515625,0.03662109375,0.25634765625,1.3916015625,-0.10986328125,-0.13427734375,0.08544921875,0.74462890625,-0.28076171875,-0.7080078125,-0.341796875,-1.45263671875,-0.2685546875,-1.0009765625,-0.25634765625,0.439453125,-0.1953125,-0.048828125,0.1220703125,-0.439453125,-0.048828125,-0.3662109375,0.08544921875,-0.45166015625,-0.146484375,-0.03662109375,-0.03662109375,0.830078125,0.08544921875,-0.4638671875,-0.048828125,-0.537109375
1,-0.2197265625,-0.37841796875,0.048828125,-0.28076171875,-0.244140625,-0.390625,0.0244140625,-0.0244140625,0.0732421875,0.08544921875,0.0244140625,-0.830078125,-0.06103515625,0.9765625,-0.439453125,0.10986328125,0.09765625,0.37841796875,0.13427734375,0.79345703125,0.048828125,1.416015625,0.1953125,0.0244140625,-0.29296875,-0.10986328125,-0.18310546875,-0.76904296875,-0.3173828125,0.87890625,-0.64697265625,0.28076171875,0.10986328125,-0.35400390625,-0.15869140625,-0.830078125,-0.30517578125,-0.48828125,-0.0244140625,-0.732421875,0.15869140625,-0.2197265625,-0.15869140625,-0.6591796875,-0.09765625,-0.4638671875,-0.30517578125,0.59814453125,-0.048828125,1.1962890625,0.10986328125,0.48828125,0.1220703125,-0.10986328125,0.0244140625,0.74462890625,-0.048828125,0.64697265625,-0.13427734375,0.42724609375,-0.09765625,0.57373046875,0.5859375,0.0732421875,-0.09765625,0.28076171875,0.1708984375,1.06201171875,-0.0244140625,0.23193359375,-0.03662109375,0.23193359375,-0.244140625,0.30517578125,-0.01220703125,0.86669921875,0,0.048828125,0.1953125,1.37939453125,-0.23193359375,-0.927734375,-0.01220703125,-0.32958984375,0.0244140625,-0.91552734375,0.01220703125,-0.74462890625,-0.1708984375,-1.4892578125,-0.20751953125,-0.28076171875,-0.35400390625,-0.2685546875,-0.06103515625,-1.171875,0.1708984375,0.4638671875,0.2685546875,2.18505859375,-0.09765625,0.20751953125,-0.01220703125,1.1474609375,-0.03662109375,-0.74462890625,-0.390625,-1.46484375,-0.29296875,-1.0009765625,-0.32958984375,0.4150390625,-0.20751953125,-0.048828125,0.09765625,-0.45166015625,-0.048828125,-0.35400390625,0.08544921875,-0.45166015625,-0.146484375,-0.0244140625,-0.048828125,0.830078125,0.08544921875,-0.4638671875,-0.06103515625,-0.54931640625
1,-0.244140625,-0.3662109375,0.0244140625,-0.2685546875,-0.25634765625,-0.40283203125,-0.01220703125,-0.01220703125,0.08544921875,-0.09765625,0,-0.96435546875,-0.0732421875,0.81787109375,-0.47607421875,-0.6591796875,0.146484375,0.5126953125,0.146484375,0.927734375,0.20751953125,1.47705078125,0.13427734375,0.03662109375,-0.341796875,-0.10986328125,-0.20751953125,-0.7568359375,-0.42724609375,0.9033203125,-0.52490234375,0.2685546875,0.2685546875,-0.341796875,-0.20751953125,-0.84228515625,-0.25634765625,-0.48828125,0.0244140625,-0.74462890625,0.25634765625,-0.2197265625,-0.10986328125,-0.634765625,0.01220703125,-0.45166015625,-0.3662109375,0.5859375,0.06103515625,1.1962890625,0.06103515625,0.47607421875,0.1220703125,-0.1220703125,-0.03662109375,0.74462890625,-0.146484375,0.6591796875,-0.1953125,0.42724609375,-0.06103515625,0.537109375,0.57373046875,0.09765625,0.06103515625,0.29296875,0.18310546875,1.0498046875,-0.0244140625,0.23193359375,-0.0244140625,0.23193359375,-0.2197265625,0.32958984375,-0.01220703125,0.86669921875,-0.048828125,0.048828125,0.1220703125,1.3916015625,-0.23193359375,-0.96435546875,0.048828125,-0.32958984375,0.13427734375,-0.9521484375,-0.03662109375,-0.7568359375,-0.244140625,-1.47705078125,-0.2197265625,-0.30517578125,-0.42724609375,-0.2685546875,0.146484375,-1.20849609375,0.244140625,0.91552734375,0.28076171875,3.03955078125,-0.08544921875,0.5615234375,-0.08544921875,1.55029296875,0.13427734375,-0.7568359375,-0.35400390625,-1.47705078125,-0.28076171875,-0.9765625,-0.37841796875,0.45166015625,-0.1708984375,-0.048828125,0.10986328125,-0.439453125,-0.048828125,-0.341796875,0.09765625,-0.439453125,-0.146484375,-0.0244140625,-0.03662109375,0.8544921875,0.1220703125,-0.4638671875,-0.03662109375,-0.54931640625
1,-0.23193359375,-0.37841796875,0.048828125,-0.25634765625,-0.23193359375,-0.40283203125,-0.03662109375,0,0.03662109375,-0.1708984375,-0.01220703125,-1.025390625,-0.13427734375,0.7568359375,-0.50048828125,-1.0498046875,0.18310546875,0.634765625,0.1708984375,0.98876953125,0.35400390625,1.50146484375,0.03662109375,0,-0.3662109375,-0.10986328125,-0.20751953125,-0.78125,-0.50048828125,0.89111328125,-0.35400390625,0.25634765625,0.341796875,-0.32958984375,-0.2197265625,-0.830078125,-0.20751953125,-0.50048828125,0.06103515625,-0.732421875,0.28076171875,-0.2197265625,0.01220703125,-0.6591796875,0.13427734375,-0.439453125,-0.390625,0.5859375,0.13427734375,1.220703125,0,0.47607421875,0.08544921875,-0.10986328125,-0.10986328125,0.74462890625,-0.20751953125,0.6591796875,-0.09765625,0.4638671875,-0.048828125,0.537109375,0.52490234375,0.13427734375,0.18310546875,0.28076171875,0.18310546875,1.0498046875,-0.01220703125,0.20751953125,-0.01220703125,0.2197265625,-0.1708984375,0.341796875,0.048828125,0.86669921875,-0.09765625,0.03662109375,0.048828125,1.37939453125,-0.2197265625,-0.96435546875,0.09765625,-0.30517578125,0.18310546875,-0.9521484375,-0.1220703125,-0.76904296875,-0.3173828125,-1.47705078125,-0.20751953125,-0.28076171875,-0.48828125,-0.29296875,0.3173828125,-1.220703125,0.29296875,1.318359375,0.2685546875,3.89404296875,-0.0732421875,0.93994140625,-0.146484375,1.9287109375,0.2197265625,-0.76904296875,-0.23193359375,-1.45263671875,-0.29296875,-0.98876953125,-0.439453125,0.4638671875,-0.15869140625,-0.03662109375,0.10986328125,-0.40283203125,-0.048828125,-0.341796875,0.08544921875,-0.439453125,-0.146484375,-0.01220703125,-0.01220703125,0.8544921875,0.13427734375,-0.47607421875,-0.03662109375,-0.54931640625
1,-0.18310546875,-0.37841796875,0,-0.20751953125,-0.25634765625,-0.40283203125,-0.048828125,0,0.08544921875,-0.18310546875,-0.03662109375,-0.98876953125,-0.13427734375,0.78125,-0.57373046875,-1.025390625,0.10986328125,0.67138671875,0.20751953125,1.0498046875,0.50048828125,1.513671875,-0.0732421875,-0.03662109375,-0.390625,-0.13427734375,-0.2197265625,-0.76904296875,-0.5615234375,0.9033203125,-0.15869140625,0.25634765625,0.390625,-0.30517578125,-0.28076171875,-0.8544921875,-0.18310546875,-0.47607421875,0.0732421875,-0.74462890625,0.23193359375,-0.20751953125,0.1220703125,-0.67138671875,0.20751953125,-0.4150390625,-0.3662109375,0.5859375,0.1953125,1.2451171875,-0.03662109375,0.47607421875,0.06103515625,-0.13427734375,-0.13427734375,0.74462890625,-0.25634765625,0.67138671875,-0.10986328125,0.47607421875,-0.146484375,0.54931640625,0.52490234375,0.2197265625,0.2197265625,0.3173828125,0.1708984375,1.06201171875,-0.01220703125,0.2197265625,0.03662109375,0.20751953125,-0.10986328125,0.341796875,0.09765625,0.84228515625,-0.10986328125,0.048828125,-0.03662109375,1.3671875,-0.15869140625,-0.93994140625,0.146484375,-0.29296875,0.18310546875,-0.98876953125,-0.1708984375,-0.76904296875,-0.37841796875,-1.46484375,-0.2197265625,-0.28076171875,-0.439453125,-0.3173828125,0.4150390625,-1.2451171875,0.29296875,1.67236328125,0.2197265625,4.6630859375,-0.09765625,1.1962890625,-0.1953125,2.25830078125,0.244140625,-0.7568359375,-0.03662109375,-1.46484375,-0.30517578125,-1.0009765625,-0.45166015625,0.47607421875,-0.146484375,-0.03662109375,0.13427734375,-0.37841796875,-0.048828125,-0.3173828125,0.08544921875,-0.439453125,-0.146484375,0.01220703125,0,0.8544921875,0.13427734375,-0.47607421875,-0.0244140625,-0.537109375
1,-0.1953125,-0.37841796875,-0.01220703125,-0.1708984375,-0.28076171875,-0.4150390625,-0.048828125,0.01220703125,0.0732421875,-0.08544921875,-0.06103515625,-0.87890625,-0.18310546875,0.9033203125,-0.57373046875,-0.5615234375,0.03662109375,0.7080078125,0.2197265625,1.07421875,0.52490234375,1.513671875,-0.146484375,-0.0732421875,-0.37841796875,-0.1220703125,-0.20751953125,-0.74462890625,-0.52490234375,0.927734375,-0.048828125,0.244140625,0.35400390625,-0.30517578125,-0.2685546875,-0.8544921875,-0.1220703125,-0.4638671875,0.09765625,-0.74462890625,0.1708984375,-0.2197265625,0.20751953125,-0.6591796875,0.23193359375,-0.42724609375,-0.35400390625,0.59814453125,0.20751953125,1.220703125,-0.06103515625,0.48828125,0,-0.1708984375,-0.13427734375,0.74462890625,-0.244140625,0.6591796875,-0.1708984375,0.52490234375,-0.2197265625,0.57373046875,0.5126953125,0.29296875,0.25634765625,0.3173828125,0.1953125,1.06201171875,0,0.23193359375,0.08544921875,0.20751953125,-0.048828125,0.3173828125,0.1220703125,0.84228515625,-0.1220703125,0.048828125,-0.1220703125,1.35498046875,-0.1220703125,-0.927734375,0.1708984375,-0.30517578125,0.10986328125,-0.98876953125,-0.1953125,-0.7568359375,-0.390625,-1.45263671875,-0.2197265625,-0.28076171875,-0.29296875,-0.30517578125,0.40283203125,-1.2451171875,0.1953125,1.91650390625,0.1953125,5.2978515625,-0.09765625,1.416015625,-0.15869140625,2.5146484375,0.10986328125,-0.732421875,0.1708984375,-1.4404296875,-0.32958984375,-1.025390625,-0.4150390625,0.47607421875,-0.09765625,-0.048828125,0.1220703125,-0.37841796875,-0.048828125,-0.3173828125,0.06103515625,-0.42724609375,-0.146484375,0.01220703125,0.01220703125,0.89111328125,0.1220703125,-0.47607421875,-0.01220703125,-0.52490234375
1,-0.1708984375,-0.3662109375,0,-0.1220703125,-0.28076171875,-0.390625,-0.0244140625,0.01220703125,0.06103515625,0.10986328125,-0.09765625,-0.68359375,-0.2197265625,1.11083984375,-0.5126953125,0.341796875,-0.03662109375,0.634765625,0.18310546875,1.03759765625,0.4638671875,1.46484375,-0.18310546875,-0.1220703125,-0.37841796875,-0.13427734375,-0.18310546875,-0.76904296875,-0.4150390625,0.927734375,-0.0244140625,0.25634765625,0.28076171875,-0.30517578125,-0.28076171875,-0.8544921875,-0.10986328125,-0.4638671875,0.03662109375,-0.74462890625,0.10986328125,-0.1953125,0.23193359375,-0.64697265625,0.20751953125,-0.4150390625,-0.35400390625,0.59814453125,0.18310546875,1.1962890625,-0.06103515625,0.50048828125,-0.048828125,-0.18310546875,-0.13427734375,0.7568359375,-0.244140625,0.6591796875,-0.18310546875,0.54931640625,-0.18310546875,0.57373046875,0.5126953125,0.3173828125,0.30517578125,0.35400390625,0.15869140625,1.08642578125,-0.01220703125,0.244140625,0.1220703125,0.1953125,0,0.30517578125,0.1220703125,0.8056640625,-0.1220703125,0.06103515625,-0.1953125,1.37939453125,-0.0732421875,-0.91552734375,0.15869140625,-0.28076171875,0.0244140625,-0.96435546875,-0.1708984375,-0.7568359375,-0.37841796875,-1.45263671875,-0.20751953125,-0.244140625,-0.13427734375,-0.3173828125,0.32958984375,-1.2451171875,0.0732421875,2.0751953125,0.244140625,5.77392578125,-0.08544921875,1.513671875,-0.10986328125,2.685546875,0.01220703125,-0.68359375,0.3173828125,-1.42822265625,-0.341796875,-1.03759765625,-0.3662109375,0.4638671875,-0.09765625,-0.06103515625,0.10986328125,-0.390625,-0.06103515625,-0.30517578125,0.03662109375,-0.4150390625,-0.15869140625,0.01220703125,0.0244140625,0.91552734375,0.13427734375,-0.48828125,0,-0.537109375
1,-0.13427734375,-0.3662109375,-0.03662109375,-0.048828125,-0.2685546875,-0.40283203125,-0.0244140625,0.0244140625,0.06103515625,0.390625,-0.09765625,-0.40283203125,-0.23193359375,1.37939453125,-0.4150390625,1.5380859375,-0.09765625,0.5615234375,0.146484375,0.9765625,0.3662109375,1.416015625,-0.20751953125,-0.13427734375,-0.341796875,-0.15869140625,-0.15869140625,-0.76904296875,-0.25634765625,0.9521484375,-0.06103515625,0.25634765625,0.15869140625,-0.3173828125,-0.28076171875,-0.8544921875,-0.10986328125,-0.45166015625,0,-0.72021484375,0.06103515625,-0.1953125,0.18310546875,-0.6591796875,0.1953125,-0.390625,-0.341796875,0.5859375,0.1708984375,1.15966796875,-0.08544921875,0.50048828125,-0.09765625,-0.1953125,-0.09765625,0.78125,-0.2197265625,0.6591796875,-0.146484375,0.5859375,-0.244140625,0.59814453125,0.54931640625,0.32958984375,0.32958984375,0.341796875,0.08544921875,1.07421875,0,0.23193359375,0.146484375,0.2197265625,0.048828125,0.29296875,0.09765625,0.81787109375,-0.15869140625,0.06103515625,-0.25634765625,1.3671875,-0.0244140625,-0.89111328125,0.146484375,-0.2685546875,-0.10986328125,-0.9765625,-0.13427734375,-0.74462890625,-0.35400390625,-1.42822265625,-0.20751953125,-0.23193359375,0.0732421875,-0.30517578125,0.20751953125,-1.2451171875,-0.048828125,2.11181640625,0.28076171875,6.06689453125,-0.048828125,1.513671875,0,2.74658203125,-0.0732421875,-0.67138671875,0.35400390625,-1.42822265625,-0.29296875,-1.06201171875,-0.28076171875,0.45166015625,-0.09765625,-0.08544921875,0.10986328125,-0.42724609375,-0.048828125,-0.30517578125,0.0244140625,-0.42724609375,-0.13427734375,0,0.0244140625,0.89111328125,0.146484375,-0.48828125,0.01220703125,-0.52490234375
1,-0.1220703125,-0.35400390625,0,-0.0244140625,-0.25634765625,-0.390625,0,0.0244140625,0.048828125,0.732421875,-0.08544921875,-0.09765625,-0.23193359375,1.66015625,-0.341796875,2.94189453125,-0.06103515625,0.47607421875,0.1220703125,0.9033203125,0.2197265625,1.37939453125,-0.18310546875,-0.13427734375,-0.2685546875,-0.1220703125,-0.1220703125,-0.7568359375,-0.09765625,0.9521484375,-0.1708984375,0.28076171875,0.0244140625,-0.32958984375,-0.28076171875,-0.8544921875,-0.13427734375,-0.439453125,0,-0.72021484375,0.0732421875,-0.18310546875,0.10986328125,-0.634765625,0.18310546875,-0.4150390625,-0.3662109375,0.59814453125,0.048828125,1.13525390625,-0.06103515625,0.52490234375,-0.13427734375,-0.1953125,-0.10986328125,0.78125,-0.18310546875,0.64697265625,-0.1220703125,0.62255859375,-0.244140625,0.5859375,0.48828125,0.30517578125,0.3662109375,0.341796875,0.03662109375,1.07421875,-0.01220703125,0.23193359375,0.1708984375,0.20751953125,0.10986328125,0.2685546875,0.048828125,0.81787109375,-0.1708984375,0.06103515625,-0.3173828125,1.3671875,0.01220703125,-0.9033203125,0.09765625,-0.30517578125,-0.1708984375,-0.9765625,-0.0732421875,-0.74462890625,-0.29296875,-1.4404296875,-0.20751953125,-0.2197265625,0.1953125,-0.3173828125,0.1220703125,-1.220703125,-0.18310546875,2.08740234375,0.146484375,6.1279296875,0,1.4892578125,0.06103515625,2.734375,-0.0732421875,-0.64697265625,0.341796875,-1.42822265625,-0.2685546875,-1.06201171875,-0.20751953125,0.439453125,-0.08544921875,-0.08544921875,0.09765625,-0.4150390625,-0.06103515625,-0.29296875,0,-0.45166015625,-0.13427734375,0.01220703125,0.06103515625,0.9033203125,0.13427734375,-0.48828125,0.03662109375,-0.48828125
1,-0.10986328125,-0.35400390625,0.03662109375,-0.0244140625,-0.2197265625,-0.40283203125,-0.01220703125,0.01220703125,0,1.06201171875,-0.09765625,0.244140625,-0.244140625,2.01416015625,-0.35400390625,4.39453125,-0.1220703125,0.37841796875,0.03662109375,0.84228515625,0.0244140625,1.33056640625,-0.1953125,-0.146484375,-0.15869140625,-0.13427734375,-0.06103515625,-0.76904296875,0.03662109375,0.93994140625,-0.23193359375,0.25634765625,-0.10986328125,-0.32958984375,-0.29296875,-0.84228515625,-0.1708984375,-0.42724609375,-0.0244140625,-0.732421875,0.09765625,-0.18310546875,-0.03662109375,-0.634765625,0.15869140625,-0.4150390625,-0.35400390625,0.6103515625,-0.03662109375,1.123046875,-0.06103515625,0.50048828125,-0.18310546875,-0.1708984375,-0.1220703125,0.76904296875,-0.13427734375,0.64697265625,-0.06103515625,0.7080078125,-0.29296875,0.5615234375,0.50048828125,0.2685546875,0.35400390625,0.341796875,-0.0244140625,1.06201171875,0,0.23193359375,0.1708984375,0.244140625,0.1220703125,0.2685546875,-0.03662109375,0.830078125,-0.20751953125,0.0732421875,-0.341796875,1.37939453125,0.0244140625,-0.91552734375,0.06103515625,-0.32958984375,-0.2197265625,-0.96435546875,-0.0732421875,-0.74462890625,-0.23193359375,-1.45263671875,-0.23193359375,-0.1953125,0.23193359375,-0.29296875,0.09765625,-1.23291015625,-0.23193359375,1.953125,0.0244140625,6.005859375,-0.0244140625,1.3671875,0.0732421875,2.64892578125,-0.0244140625,-0.634765625,0.23193359375,-1.4404296875,-0.23193359375,-1.07421875,-0.146484375,0.42724609375,-0.08544921875,-0.0732421875,0.10986328125,-0.439453125,-0.048828125,-0.29296875,0.01220703125,-0.45166015625,-0.13427734375,0,0.06103515625,0.9033203125,0.13427734375,-0.48828125,0.03662109375,-0.48828125
0,-0.0732421875,-0.35400390625,0.048828125,-0.06103515625,-0.1953125,-0.40283203125,-0.01220703125,0.01220703125,0.0244140625,1.416015625,-0.10986328125,0.5615234375,-0.2197265625,2.3193359375,-0.42724609375,5.77392578125,-0.09765625,0.29296875,-0.03662109375,0.76904296875,-0.1220703125,1.30615234375,-0.1708984375,-0.15869140625,-0.0244140625,-0.1220703125,0.0244140625,-0.7568359375,0.1220703125,0.93994140625,-0.2685546875,0.25634765625,-0.146484375,-0.35400390625,-0.341796875,-0.86669921875,-0.23193359375,-0.439453125,-0.03662109375,-0.732421875,0.09765625,-0.1953125,-0.15869140625,-0.6103515625,0.1953125,-0.439453125,-0.35400390625,0.59814453125,-0.1708984375,1.11083984375,-0.048828125,0.5126953125,-0.23193359375,-0.1953125,-0.15869140625,0.732421875,-0.09765625,0.634765625,0.048828125,0.76904296875,-0.390625,0.537109375,0.439453125,0.2197265625,0.35400390625,0.30517578125,-0.09765625,1.0498046875,0,0.18310546875,0.15869140625,0.23193359375,0.10986328125,0.244140625,-0.0732421875,0.8544921875,-0.20751953125,0.06103515625,-0.3662109375,1.37939453125,0.0244140625,-0.91552734375,0.03662109375,-0.3173828125,-0.20751953125,-0.96435546875,-0.08544921875,-0.72021484375,-0.1708984375,-1.46484375,-0.23193359375,-0.20751953125,0.20751953125,-0.2685546875,0.08544921875,-1.20849609375,-0.20751953125,1.7822265625,-0.08544921875,5.67626953125,-0.03662109375,1.2451171875,0.08544921875,2.490234375,0.03662109375,-0.67138671875,0.08544921875,-1.42822265625,-0.18310546875,-1.07421875,-0.06103515625,0.40283203125,-0.06103515625,-0.0732421875,0.1220703125,-0.42724609375,-0.06103515625,-0.3173828125,0.0244140625,-0.45166015625,-0.146484375,0,0.06103515625,0.9033203125,0.1220703125,-0.50048828125,0.0244140625,-0.47607421875
0,-0.0732421875,-0.3662109375,0.09765625,-0.09765625,-0.15869140625,-0.37841796875,-0.03662109375,0.0244140625,0,1.72119140625,-0.13427734375,0.81787109375,-0.2197265625,2.5634765625,-0.28076171875,7.0068359375,-0.08544921875,0.25634765625,-0.048828125,0.72021484375,-0.1953125,1.30615234375,-0.23193359375,-0.18310546875,0.08544921875,-0.1220703125,0.08544921875,-0.78125,0.146484375,0.93994140625,-0.2685546875,0.25634765625,-0.13427734375,-0.35400390625,-0.390625,-0.84228515625,-0.28076171875,-0.439453125,-0.09765625,-0.7080078125,0.0732421875,-0.18310546875,-0.25634765625,-0.62255859375,0.1953125,-0.45166015625,-0.341796875,0.59814453125,-0.29296875,1.13525390625,-0.03662109375,0.50048828125,-0.25634765625,-0.18310546875,-0.1708984375,0.74462890625,-0.08544921875,0.634765625,0.0732421875,0.84228515625,-0.4638671875,0.52490234375,0.3662109375,0.15869140625,0.37841796875,0.29296875,-0.1708984375,1.03759765625,0,0.18310546875,0.13427734375,0.244140625,0.10986328125,0.23193359375,-0.146484375,0.86669921875,-0.18310546875,0.06103515625,-0.32958984375,1.37939453125,0,-0.927734375,-0.01220703125,-0.341796875,-0.15869140625,-0.9765625,-0.13427734375,-0.732421875,-0.08544921875,-1.50146484375,-0.2197265625,-0.2197265625,0.09765625,-0.28076171875,0.18310546875,-1.23291015625,-0.15869140625,1.62353515625,-0.1953125,5.2490234375,-0.0732421875,1.123046875,0.08544921875,2.3193359375,0.0732421875,-0.68359375,-0.08544921875,-1.4404296875,-0.18310546875,-1.06201171875,-0.0244140625,0.4150390625,-0.048828125,-0.048828125,0.08544921875,-0.439453125,-0.0732421875,-0.341796875,0,-0.47607421875,-0.1220703125,0,0.06103515625,0.89111328125,0.10986328125,-0.5126953125,0.048828125,-0.47607421875
0,-0.06103515625,-0.35400390625,0.10986328125,-0.13427734375,-0.10986328125,-0.37841796875,-0.06103515625,0.01220703125,0,1.9775390625,-0.15869140625,1.0498046875,-0.23193359375,2.8076171875,-0.29296875,7.99560546875,-0.0732421875,0.23193359375,-0.0244140625,0.67138671875,-0.1708984375,1.30615234375,-0.1953125,-0.2197265625,0.15869140625,-0.08544921875,0.146484375,-0.78125,0.10986328125,0.93994140625,-0.1953125,0.25634765625,-0.03662109375,-0.3173828125,-0.45166015625,-0.84228515625,-0.30517578125,-0.42724609375,-0.08544921875,-0.68359375,0,-0.18310546875,-0.3173828125,-0.6103515625,0.146484375,-0.45166015625,-0.341796875,0.59814453125,-0.30517578125,1.1474609375,0,0.5126953125,-0.30517578125,-0.18310546875,-0.20751953125,0.72021484375,-0.10986328125,0.634765625,0.2197265625,0.96435546875,-0.48828125,0.5126953125,0.30517578125,0.09765625,0.29296875,0.25634765625,-0.244140625,1.0498046875,-0.0244140625,0.18310546875,0.0732421875,0.244140625,0.0732421875,0.25634765625,-0.18310546875,0.91552734375,-0.1220703125,0.048828125,-0.2685546875,1.37939453125,-0.03662109375,-0.927734375,-0.03662109375,-0.35400390625,-0.08544921875,-1.0009765625,-0.1708984375,-0.72021484375,-0.06103515625,-1.513671875,-0.1953125,-0.1953125,-0.048828125,-0.28076171875,0.20751953125,-1.20849609375,-0.08544921875,1.45263671875,-0.30517578125,4.8095703125,-0.09765625,0.9521484375,0.08544921875,2.1240234375,0.10986328125,-0.7080078125,-0.1953125,-1.4404296875,-0.13427734375,-1.03759765625,0.0244140625,0.439453125,-0.0732421875,-0.03662109375,0.0732421875,-0.45166015625,-0.0732421875,-0.341796875,-0.01220703125,-0.47607421875,-0.10986328125,0.01220703125,0.06103515625,0.87890625,0.146484375,-0.48828125,0.06103515625,-0.4638671875
0,-0.0732421875,-0.3662109375,0.06103515625,-0.18310546875,-0.09765625,-0.390625,-0.06103515625,0.01220703125,0.01220703125,2.197265625,-0.1708984375,1.1962890625,-0.23193359375,2.978515625,-0.1708984375,8.7158203125,-0.09765625,0.2197265625,-0.06103515625,0.62255859375,-0.1953125,1.2939453125,-0.29296875,-0.2685546875,0.1953125,-0.09765625,0.1953125,-0.78125,0,0.9033203125,-0.1708984375,0.25634765625,0.1220703125,-0.29296875,-0.48828125,-0.84228515625,-0.35400390625,-0.4150390625,-0.1220703125,-0.7080078125,-0.0732421875,-0.1708984375,-0.2685546875,-0.6103515625,0.10986328125,-0.42724609375,-0.341796875,0.59814453125,-0.29296875,1.171875,0.01220703125,0.48828125,-0.341796875,-0.1708984375,-0.146484375,0.732421875,-0.10986328125,0.634765625,0.23193359375,1.0498046875,-0.57373046875,0.48828125,0.37841796875,0.06103515625,0.20751953125,0.25634765625,-0.28076171875,1.0498046875,-0.03662109375,0.18310546875,0.03662109375,0.23193359375,0.048828125,0.28076171875,-0.23193359375,0.91552734375,-0.048828125,0.0244140625,-0.1953125,1.37939453125,-0.0732421875,-0.93994140625,-0.06103515625,-0.37841796875,0.01220703125,-1.01318359375,-0.18310546875,-0.74462890625,-0.048828125,-1.52587890625,-0.1953125,-0.1953125,-0.146484375,-0.25634765625,0.244140625,-1.18408203125,0,1.26953125,-0.244140625,4.296875,-0.09765625,0.78125,0.13427734375,1.953125,0.06103515625,-0.74462890625,-0.244140625,-1.47705078125,-0.13427734375,-1.03759765625,0.048828125,0.45166015625,-0.06103515625,-0.0244140625,0.06103515625,-0.42724609375,-0.048828125,-0.3662109375,-0.03662109375,-0.47607421875,-0.09765625,0,0.0732421875,0.87890625,0.13427734375,-0.48828125,0.06103515625,-0.4638671875
0,-0.06103515625,-0.37841796875,0.08544921875,-0.23193359375,-0.0732421875,-0.37841796875,-0.08544921875,-0.01220703125,0.01220703125,2.34375,-0.18310546875,1.26953125,-0.23193359375,3.06396484375,-0.23193359375,9.1796875,-0.06103515625,0.1953125,0.0244140625,0.57373046875,-0.146484375,1.2939453125,-0.244140625,-0.32958984375,0.2197265625,-0.0732421875,0.244140625,-0.78125,-0.1708984375,0.91552734375,-0.15869140625,0.25634765625,0.28076171875,-0.29296875,-0.4638671875,-0.8544921875,-0.3662109375,-0.439453125,-0.13427734375,-0.7080078125,-0.146484375,-0.1708984375,-0.23193359375,-0.6103515625,0.03662109375,-0.439453125,-0.3173828125,0.6103515625,-0.1953125,1.1962890625,0.0244140625,0.48828125,-0.37841796875,-0.15869140625,-0.09765625,0.72021484375,-0.13427734375,0.634765625,0.23193359375,1.0986328125,-0.537109375,0.5126953125,0.52490234375,0.048828125,0.10986328125,0.25634765625,-0.341796875,1.07421875,-0.048828125,0.18310546875,0,0.23193359375,0,0.3173828125,-0.28076171875,0.91552734375,0.03662109375,0.0244140625,-0.15869140625,1.35498046875,-0.08544921875,-0.93994140625,-0.0732421875,-0.3662109375,0.0732421875,-1.01318359375,-0.15869140625,-0.74462890625,-0.0244140625,-1.5380859375,-0.1708984375,-0.20751953125,-0.244140625,-0.25634765625,0.20751953125,-1.171875,0.048828125,1.08642578125,-0.3173828125,3.82080078125,-0.13427734375,0.69580078125,0.1220703125,1.79443359375,-0.01220703125,-0.7568359375,-0.2197265625,-1.46484375,-0.1220703125,-1.03759765625,0.048828125,0.45166015625,-0.0244140625,-0.048828125,0.06103515625,-0.40283203125,-0.06103515625,-0.3662109375,-0.06103515625,-0.4638671875,-0.10986328125,0.0244140625,0.06103515625,0.87890625,0.15869140625,-0.47607421875,0.0732421875,-0.45166015625
0,-0.0732421875,-0.37841796875,0.08544921875,-0.28076171875,-0.03662109375,-0.390625,-0.10986328125,-0.01220703125,-0.0244140625,2.392578125,-0.20751953125,1.30615234375,-0.2197265625,3.08837890625,-0.244140625,9.38720703125,-0.048828125,0.1953125,0.18310546875,0.50048828125,0.03662109375,1.25732421875,-0.13427734375,-0.40283203125,0.20751953125,-0.08544921875,0.25634765625,-0.78125,-0.3173828125,0.91552734375,-0.18310546875,0.2685546875,0.4150390625,-0.28076171875,-0.40283203125,-0.86669921875,-0.3662109375,-0.45166015625,-0.09765625,-0.72021484375,-0.146484375,-0.18310546875,-0.15869140625,-0.62255859375,-0.048828125,-0.42724609375,-0.2685546875,0.62255859375,-0.0732421875,1.20849609375,0.0244140625,0.50048828125,-0.37841796875,-0.15869140625,-0.0732421875,0.7080078125,-0.1953125,0.64697265625,0.29296875,1.11083984375,-0.5126953125,0.52490234375,0.69580078125,0.08544921875,0.01220703125,0.25634765625,-0.37841796875,1.06201171875,-0.06103515625,0.18310546875,-0.0732421875,0.2197265625,-0.048828125,0.3173828125,-0.3173828125,0.91552734375,0.08544921875,0.01220703125,-0.13427734375,1.3427734375,-0.1220703125,-0.96435546875,-0.06103515625,-0.3662109375,0.1220703125,-1.0009765625,-0.1220703125,-0.74462890625,-0.0732421875,-1.5380859375,-0.23193359375,-0.20751953125,-0.2197265625,-0.2685546875,0.15869140625,-1.15966796875,0.0732421875,0.96435546875,-0.2685546875,3.466796875,-0.146484375,0.62255859375,0.0732421875,1.66015625,-0.1220703125,-0.76904296875,-0.1220703125,-1.46484375,-0.1220703125,-1.025390625,0.048828125,0.45166015625,0,-0.03662109375,0.048828125,-0.40283203125,-0.06103515625,-0.3662109375,-0.0732421875,-0.4638671875,-0.10986328125,0.03662109375,0.048828125,0.89111328125,0.1708984375,-0.45166015625,0.09765625,-0.4638671875
0,-0.048828125,-0.37841796875,0.08544921875,-0.28076171875,-0.0244140625,-0.390625,-0.1220703125,-0.01220703125,-0.03662109375,2.392578125,-0.2197265625,1.26953125,-0.1953125,3.06396484375,-0.23193359375,9.3505859375,-0.10986328125,0.1220703125,0.244140625,0.4150390625,0.06103515625,1.20849609375,-0.15869140625,-0.45166015625,0.15869140625,-0.09765625,0.2197265625,-0.76904296875,-0.4150390625,0.927734375,-0.1708984375,0.244140625,0.50048828125,-0.28076171875,-0.341796875,-0.87890625,-0.35400390625,-0.45166015625,-0.08544921875,-0.72021484375,-0.146484375,-0.18310546875,-0.0732421875,-0.6103515625,-0.09765625,-0.42724609375,-0.18310546875,0.64697265625,-0.01220703125,1.20849609375,0.0244140625,0.5126953125,-0.40283203125,-0.15869140625,-0.08544921875,0.732421875,-0.25634765625,0.634765625,0.3173828125,1.123046875,-0.48828125,0.57373046875,0.74462890625,0.1220703125,-0.048828125,0.25634765625,-0.37841796875,1.06201171875,-0.06103515625,0.20751953125,-0.146484375,0.2197265625,-0.09765625,0.30517578125,-0.32958984375,0.87890625,0.13427734375,0,-0.08544921875,1.3427734375,-0.1220703125,-0.9521484375,-0.048828125,-0.35400390625,0.1220703125,-1.025390625,-0.048828125,-0.732421875,-0.08544921875,-1.52587890625,-0.2685546875,-0.20751953125,-0.1708984375,-0.2685546875,0.0732421875,-1.15966796875,0.10986328125,0.87890625,-0.20751953125,3.18603515625,-0.18310546875,0.54931640625,0.03662109375,1.5625,-0.25634765625,-0.76904296875,0.048828125,-1.4404296875,-0.1708984375,-1.03759765625,-0.01220703125,0.45166015625,0.01220703125,-0.03662109375,0.06103515625,-0.390625,-0.0732421875,-0.3173828125,-0.048828125,-0.439453125,-0.10986328125,0.048828125,0.048828125,0.89111328125,0.18310546875,-0.47607421875,0.0732421875,-0.4638671875
0,-0.0244140625,-0.390625,0.09765625,-0.28076171875,-0.03662109375,-0.40283203125,-0.13427734375,0.0244140625,-0.03662109375,2.34375,-0.23193359375,1.18408203125,-0.1708984375,2.978515625,-0.23193359375,9.11865234375,-0.048828125,0.03662109375,0.40283203125,0.32958984375,0.20751953125,1.13525390625,-0.01220703125,-0.4638671875,0.146484375,-0.09765625,0.18310546875,-0.76904296875,-0.439453125,0.927734375,-0.18310546875,0.244140625,0.4638671875,-0.2685546875,-0.2197265625,-0.87890625,-0.30517578125,-0.4638671875,-0.048828125,-0.732421875,-0.08544921875,-0.15869140625,0.01220703125,-0.6103515625,-0.15869140625,-0.390625,-0.1220703125,0.634765625,0.09765625,1.171875,0.01220703125,0.52490234375,-0.40283203125,-0.15869140625,-0.10986328125,0.732421875,-0.32958984375,0.634765625,0.30517578125,0.98876953125,-0.5126953125,0.634765625,0.78125,0.146484375,-0.15869140625,0.25634765625,-0.40283203125,1.0498046875,-0.06103515625,0.20751953125,-0.1708984375,0.1953125,-0.146484375,0.28076171875,-0.35400390625,0.86669921875,0.18310546875,0.01220703125,-0.03662109375,1.33056640625,-0.13427734375,-0.927734375,-0.0244140625,-0.341796875,0.08544921875,-1.025390625,0.01220703125,-0.732421875,-0.09765625,-1.513671875,-0.32958984375,-0.2197265625,-0.048828125,-0.244140625,-0.03662109375,-1.15966796875,0.10986328125,0.79345703125,-0.09765625,3.0517578125,-0.23193359375,0.48828125,0.01220703125,1.4892578125,-0.341796875,-0.732421875,0.1953125,-1.4404296875,-0.20751953125,-1.025390625,-0.048828125,0.45166015625,0,-0.0244140625,0.06103515625,-0.37841796875,-0.06103515625,-0.30517578125,-0.03662109375,-0.4150390625,-0.1220703125,0.048828125,0.06103515625,0.91552734375,0.1708984375,-0.45166015625,0.0732421875,-0.4638671875
0,0,-0.390625,0.06103515625,-0.2685546875,-0.03662109375,-0.42724609375,-0.15869140625,0.0244140625,-0.048828125,2.20947265625,-0.244140625,1.06201171875,-0.1220703125,2.83203125,-0.2197265625,8.69140625,-0.06103515625,-0.03662109375,0.45166015625,0.23193359375,0.2197265625,1.06201171875,0.048828125,-0.5126953125,0.10986328125,-0.13427734375,0.146484375,-0.78125,-0.35400390625,0.9521484375,-0.20751953125,0.244140625,0.42724609375,-0.2685546875,-0.08544921875,-0.86669921875,-0.23193359375,-0.45166015625,-0.08544921875,-0.732421875,0.03662109375,-0.1953125,0.03662109375,-0.62255859375,-0.15869140625,-0.390625,-0.06103515625,0.634765625,0.1708984375,1.15966796875,0,0.537109375,-0.40283203125,-0.18310546875,-0.10986328125,0.732421875,-0.4150390625,0.62255859375,0.25634765625,0.87890625,-0.4638671875,0.68359375,0.78125,0.20751953125,-0.25634765625,0.244140625,-0.37841796875,1.03759765625,-0.08544921875,0.23193359375,-0.18310546875,0.1953125,-0.18310546875,0.28076171875,-0.30517578125,0.86669921875,0.18310546875,0.0244140625,-0.048828125,1.33056640625,-0.1220703125,-0.91552734375,0.01220703125,-0.32958984375,0.03662109375,-1.0009765625,0.08544921875,-0.72021484375,-0.13427734375,-1.47705078125,-0.4150390625,-0.20751953125,0.09765625,-0.2685546875,-0.0732421875,-1.171875,0.13427734375,0.732421875,-0.048828125,2.9296875,-0.244140625,0.42724609375,-0.01220703125,1.46484375,-0.341796875,-0.69580078125,0.3173828125,-1.4404296875,-0.25634765625,-1.025390625,-0.09765625,0.45166015625,-0.01220703125,-0.0244140625,0.06103515625,-0.3662109375,-0.06103515625,-0.30517578125,-0.03662109375,-0.4150390625,-0.1220703125,0.048828125,0.048828125,0.927734375,0.1708984375,-0.45166015625,0.06103515625,-0.4638671875
0,0.01220703125,-0.37841796875,0.0244140625,-0.23193359375,-0.01220703125,-0.4150390625,-0.18310546875,0.03662109375,-0.06103515625,2.05078125,-0.23193359375,0.9033203125,-0.10986328125,2.67333984375,-0.25634765625,8.11767578125,-0.01220703125,-0.1220703125,0.47607421875,0.13427734375,0.1708984375,0.96435546875,0.09765625,-0.50048828125,0.048828125,-0.13427734375,0.09765625,-0.78125,-0.23193359375,0.9521484375,-0.2685546875,0.23193359375,0.32958984375,-0.28076171875,0.0244140625,-0.87890625,-0.15869140625,-0.42724609375,-0.10986328125,-0.72021484375,0.1220703125,-0.18310546875,0.0244140625,-0.64697265625,-0.10986328125,-0.390625,-0.048828125,0.634765625,0.23193359375,1.1474609375,-0.048828125,0.50048828125,-0.390625,-0.1708984375,-0.10986328125,0.7568359375,-0.47607421875,0.6103515625,0.1953125,0.732421875,-0.390625,0.732421875,0.81787109375,0.244140625,-0.29296875,0.244140625,-0.32958984375,1.06201171875,-0.10986328125,0.25634765625,-0.146484375,0.20751953125,-0.20751953125,0.2685546875,-0.28076171875,0.8544921875,0.1708984375,0.0732421875,0,1.35498046875,-0.09765625,-0.9033203125,0.0244140625,-0.3173828125,-0.0244140625,-0.96435546875,0.09765625,-0.72021484375,-0.13427734375,-1.4892578125,-0.45166015625,-0.23193359375,0.1708984375,-0.2685546875,-0.048828125,-1.1962890625,0.10986328125,0.6591796875,-0.0244140625,2.83203125,-0.23193359375,0.35400390625,-0.03662109375,1.40380859375,-0.25634765625,-0.67138671875,0.3662109375,-1.45263671875,-0.28076171875,-1.06201171875,-0.09765625,0.42724609375,0,-0.03662109375,0.048828125,-0.390625,-0.08544921875,-0.30517578125,-0.048828125,-0.40283203125,-0.1220703125,0.0244140625,0.03662109375,0.927734375,0.18310546875,-0.45166015625,0.06103515625,-0.4638671875
0,0.03662109375,-0.37841796875,0.0244140625,-0.1953125,-0.01220703125,-0.40283203125,-0.20751953125,0.048828125,-0.08544921875,1.81884765625,-0.23193359375,0.7080078125,-0.08544921875,2.47802734375,-0.32958984375,7.36083984375,0,-0.20751953125,0.439453125,0.09765625,0.09765625,0.927734375,0.15869140625,-0.45166015625,0.01220703125,-0.146484375,0.06103515625,-0.78125,-0.10986328125,0.93994140625,-0.2685546875,0.244140625,0.244140625,-0.30517578125,0.03662109375,-0.8544921875,-0.09765625,-0.42724609375,-0.10986328125,-0.732421875,0.2197265625,-0.20751953125,0,-0.634765625,-0.01220703125,-0.40283203125,-0.06103515625,0.6103515625,0.23193359375,1.13525390625,-0.08544921875,0.5126953125,-0.341796875,-0.18310546875,-0.13427734375,0.74462890625,-0.5126953125,0.6103515625,0.146484375,0.57373046875,-0.20751953125,0.732421875,0.76904296875,0.23193359375,-0.3173828125,0.23193359375,-0.32958984375,1.06201171875,-0.10986328125,0.25634765625,-0.1220703125,0.2197265625,-0.28076171875,0.2685546875,-0.25634765625,0.87890625,0.13427734375,0.0732421875,-0.0244140625,1.33056640625,-0.06103515625,-0.91552734375,0.0244140625,-0.28076171875,-0.0732421875,-0.93994140625,0.1220703125,-0.7080078125,-0.15869140625,-1.47705078125,-0.47607421875,-0.244140625,0.25634765625,-0.28076171875,-0.01220703125,-1.18408203125,0.0732421875,0.54931640625,0.06103515625,2.67333984375,-0.2197265625,0.2685546875,-0.08544921875,1.30615234375,-0.09765625,-0.6591796875,0.35400390625,-1.45263671875,-0.2685546875,-1.0498046875,-0.10986328125,0.4150390625,0.01220703125,-0.048828125,0.0732421875,-0.4150390625,-0.06103515625,-0.3173828125,-0.03662109375,-0.40283203125,-0.10986328125,0.01220703125,0.0244140625,0.927734375,0.1708984375,-0.4638671875,0.048828125,-0.47607421875
0,0,-0.3662109375,0.0732421875,-0.1708984375,-0.0244140625,-0.37841796875,-0.20751953125,0.03662109375,-0.09765625,1.55029296875,-0.25634765625,0.50048828125,-0.048828125,2.25830078125,-0.32958984375,6.48193359375,-0.01220703125,-0.1953125,0.37841796875,0.13427734375,-0.06103515625,0.927734375,0.15869140625,-0.3662109375,-0.03662109375,-0.15869140625,0.048828125,-0.79345703125,0.01220703125,0.927734375,-0.23193359375,0.2197265625,0.1708984375,-0.32958984375,0.03662109375,-0.86669921875,-0.0244140625,-0.42724609375,-0.10986328125,-0.732421875,0.35400390625,-0.1953125,-0.0732421875,-0.62255859375,0.13427734375,-0.4150390625,-0.10986328125,0.6103515625,0.20751953125,1.13525390625,-0.1708984375,0.48828125,-0.341796875,-0.1953125,-0.09765625,0.7568359375,-0.50048828125,0.62255859375,0.15869140625,0.45166015625,-0.01220703125,0.732421875,0.7568359375,0.2197265625,-0.341796875,0.20751953125,-0.28076171875,1.0498046875,-0.1220703125,0.2685546875,-0.09765625,0.2197265625,-0.29296875,0.25634765625,-0.23193359375,0.89111328125,0.09765625,0.08544921875,-0.03662109375,1.3671875,-0.01220703125,-0.89111328125,0.03662109375,-0.29296875,-0.0732421875,-0.91552734375,0.08544921875,-0.732421875,-0.1708984375,-1.46484375,-0.45166015625,-0.2685546875,0.23193359375,-0.28076171875,0.06103515625,-1.18408203125,0.03662109375,0.42724609375,0.06103515625,2.44140625,-0.146484375,0.146484375,-0.08544921875,1.1962890625,0.09765625,-0.6591796875,0.30517578125,-1.4404296875,-0.244140625,-1.07421875,-0.13427734375,0.390625,0.0244140625,-0.06103515625,0.0732421875,-0.42724609375,-0.0732421875,-0.32958984375,-0.0732421875,-0.390625,-0.10986328125,0.01220703125,0.03662109375,0.9033203125,0.1953125,-0.47607421875,0.06103515625,-0.4638671875
0,0.0244140625,-0.35400390625,0.09765625,-0.1708984375,-0.048828125,-0.37841796875,-0.2197265625,0.01220703125,-0.1220703125,1.28173828125,-0.244140625,0.25634765625,-0.0244140625,2.03857421875,-0.3662109375,5.4931640625,-0.01220703125,-0.13427734375,0.35400390625,0.2197265625,-0.0732421875,0.96435546875,0.28076171875,-0.30517578125,-0.06103515625,-0.13427734375,0.0244140625,-0.78125,0.09765625,0.927734375,-0.1953125,0.2197265625,0.18310546875,-0.37841796875,-0.03662109375,-0.84228515625,-0.0244140625,-0.40283203125,-0.1220703125,-0.72021484375,0.45166015625,-0.18310546875,-0.15869140625,-0.6103515625,0.29296875,-0.42724609375,-0.20751953125,0.5859375,0.15869140625,1.123046875,-0.25634765625,0.47607421875,-0.341796875,-0.15869140625,-0.048828125,0.74462890625,-0.4638671875,0.62255859375,0.146484375,0.3173828125,0.048828125,0.69580078125,0.67138671875,0.20751953125,-0.4150390625,0.1708984375,-0.20751953125,1.0498046875,-0.13427734375,0.2685546875,-0.08544921875,0.20751953125,-0.30517578125,0.2685546875,-0.1708984375,0.86669921875,0.01220703125,0.08544921875,-0.0244140625,1.35498046875,0.01220703125,-0.91552734375,0.048828125,-0.3173828125,-0.08544921875,-0.927734375,0.06103515625,-0.74462890625,-0.18310546875,-1.47705078125,-0.37841796875,-0.2685546875,0.1953125,-0.30517578125,0.1953125,-1.20849609375,-0.01220703125,0.25634765625,0.01220703125,2.06298828125,-0.13427734375,0.0244140625,-0.1220703125,1.025390625,0.29296875,-0.6591796875,0.2197265625,-1.45263671875,-0.20751953125,-1.06201171875,-0.1220703125,0.37841796875,0.048828125,-0.048828125,0.0732421875,-0.4150390625,-0.06103515625,-0.35400390625,-0.0732421875,-0.390625,-0.10986328125,-0.01220703125,0.0244140625,0.87890625,0.1953125,-0.50048828125,0.06103515625,-0.48828125
1,0.01220703125,-0.32958984375,0.10986328125,-0.1708984375,-0.03662109375,-0.3662109375,-0.2197265625,0,-0.10986328125,0.98876953125,-0.25634765625,0.01220703125,0.01220703125,1.806640625,-0.3662109375,4.43115234375,-0.06103515625,-0.0244140625,0.23193359375,0.37841796875,-0.10986328125,1.0498046875,0.32958984375,-0.1953125,-0.0732421875,-0.1220703125,0.048828125,-0.78125,0.15869140625,0.9033203125,-0.10986328125,0.244140625,0.2197265625,-0.35400390625,-0.09765625,-0.830078125,-0.01220703125,-0.40283203125,-0.1220703125,-0.69580078125,0.48828125,-0.18310546875,-0.18310546875,-0.634765625,0.4638671875,-0.42724609375,-0.23193359375,0.59814453125,0.13427734375,1.123046875,-0.29296875,0.4638671875,-0.3662109375,-0.1220703125,0.0244140625,0.72021484375,-0.3662109375,0.62255859375,0.10986328125,0.28076171875,0.15869140625,0.67138671875,0.537109375,0.18310546875,-0.439453125,0.15869140625,-0.146484375,1.06201171875,-0.13427734375,0.28076171875,-0.0732421875,0.23193359375,-0.341796875,0.25634765625,-0.1220703125,0.89111328125,-0.01220703125,0.08544921875,-0.048828125,1.35498046875,0.03662109375,-0.927734375,0.0244140625,-0.30517578125,-0.08544921875,-0.93994140625,0,-0.76904296875,-0.1953125,-1.46484375,-0.341796875,-0.28076171875,0.10986328125,-0.30517578125,0.30517578125,-1.20849609375,-0.08544921875,0.048828125,0,1.5869140625,-0.10986328125,-0.10986328125,-0.09765625,0.830078125,0.439453125,-0.68359375,0.1708984375,-1.45263671875,-0.18310546875,-1.0498046875,-0.13427734375,0.390625,0.048828125,-0.048828125,0.08544921875,-0.42724609375,-0.0732421875,-0.3662109375,-0.0732421875,-0.40283203125,-0.10986328125,-0.01220703125,0.01220703125,0.84228515625,0.18310546875,-0.50048828125,0.06103515625,-0.50048828125
1,0.0244140625,-0.341796875,0.0732421875,-0.15869140625,-0.0244140625,-0.341796875,-0.2197265625,-0.01220703125,-0.13427734375,0.69580078125,-0.28076171875,-0.23193359375,-0.01220703125,1.5625,-0.37841796875,3.3935546875,-0.146484375,0.1708984375,0.18310546875,0.5615234375,-0.10986328125,1.15966796875,0.244140625,-0.09765625,-0.0732421875,-0.10986328125,0.06103515625,-0.78125,0.18310546875,0.91552734375,-0.03662109375,0.2197265625,0.29296875,-0.35400390625,-0.1953125,-0.830078125,0,-0.40283203125,-0.13427734375,-0.69580078125,0.48828125,-0.1708984375,-0.15869140625,-0.62255859375,0.54931640625,-0.4638671875,-0.2685546875,0.57373046875,0.03662109375,1.13525390625,-0.28076171875,0.45166015625,-0.3662109375,-0.1220703125,0.08544921875,0.72021484375,-0.32958984375,0.634765625,0.10986328125,0.2685546875,0.18310546875,0.62255859375,0.4150390625,0.1708984375,-0.42724609375,0.13427734375,-0.08544921875,1.0498046875,-0.08544921875,0.25634765625,-0.09765625,0.2197265625,-0.35400390625,0.2685546875,-0.08544921875,0.87890625,-0.01220703125,0.09765625,-0.0244140625,1.35498046875,0.01220703125,-0.927734375,0.0244140625,-0.32958984375,-0.06103515625,-0.9521484375,-0.1220703125,-0.76904296875,-0.2197265625,-1.4892578125,-0.2685546875,-0.28076171875,0.01220703125,-0.29296875,0.439453125,-1.220703125,-0.09765625,-0.18310546875,-0.048828125,1.0498046875,-0.08544921875,-0.29296875,-0.0244140625,0.62255859375,0.45166015625,-0.69580078125,0.15869140625,-1.45263671875,-0.15869140625,-1.0498046875,-0.09765625,0.40283203125,0.06103515625,-0.06103515625,0.08544921875,-0.4150390625,-0.06103515625,-0.37841796875,-0.09765625,-0.40283203125,-0.09765625,-0.0244140625,0.01220703125,0.830078125,0.18310546875,-0.5126953125,0.048828125,-0.50048828125
1,0.048828125,-0.35400390625,0.03662109375,-0.15869140625,-0.0244140625,-0.3662109375,-0.20751953125,-0.0244140625,-0.13427734375,0.42724609375,-0.25634765625,-0.4638671875,-0.03662109375,1.35498046875,-0.3662109375,2.38037109375,-0.2197265625,0.35400390625,0.15869140625,0.78125,-0.08544921875,1.28173828125,0.18310546875,-0.0244140625,-0.06103515625,-0.09765625,0.1220703125,-0.76904296875,0.146484375,0.9033203125,0.0244140625,0.23193359375,0.32958984375,-0.32958984375,-0.25634765625,-0.830078125,-0.048828125,-0.37841796875,-0.146484375,-0.69580078125,0.4150390625,-0.1708984375,-0.1220703125,-0.634765625,0.57373046875,-0.4638671875,-0.23193359375,0.6103515625,-0.0244140625,1.13525390625,-0.2685546875,0.47607421875,-0.3662109375,-0.10986328125,0.13427734375,0.72021484375,-0.30517578125,0.634765625,0.20751953125,0.3173828125,0.15869140625,0.5859375,0.32958984375,0.15869140625,-0.40283203125,0.1708984375,-0.01220703125,1.0498046875,-0.09765625,0.2685546875,-0.09765625,0.23193359375,-0.3173828125,0.28076171875,-0.048828125,0.86669921875,-0.048828125,0.08544921875,-0.01220703125,1.35498046875,-0.01220703125,-0.93994140625,0.01220703125,-0.32958984375,-0.06103515625,-0.9765625,-0.2197265625,-0.78125,-0.20751953125,-1.513671875,-0.18310546875,-0.28076171875,-0.03662109375,-0.29296875,0.47607421875,-1.220703125,-0.13427734375,-0.40283203125,-0.06103515625,0.45166015625,-0.0732421875,-0.439453125,0.0732421875,0.390625,0.37841796875,-0.732421875,0.15869140625,-1.45263671875,-0.1220703125,-1.0498046875,-0.03662109375,0.40283203125,0.06103515625,-0.048828125,0.0732421875,-0.439453125,-0.0732421875,-0.3662109375,-0.09765625,-0.4150390625,-0.09765625,-0.0244140625,0.03662109375,0.81787109375,0.1953125,-0.48828125,0.03662109375,-0.5126953125
1,0.048828125,-0.3662109375,0.08544921875,-0.1953125,-0.01220703125,-0.35400390625,-0.1953125,0,-0.146484375,0.18310546875,-0.3173828125,-0.68359375,-0.09765625,1.1474609375,-0.390625,1.4404296875,-0.32958984375,0.5126953125,0.1220703125,0.89111328125,-0.1220703125,1.3671875,0.01220703125,-0.0244140625,-0.03662109375,-0.09765625,0.146484375,-0.78125,0.048828125,0.927734375,0.13427734375,0.244140625,0.25634765625,-0.30517578125,-0.25634765625,-0.84228515625,-0.13427734375,-0.37841796875,-0.1220703125,-0.69580078125,0.29296875,-0.13427734375,-0.048828125,-0.62255859375,0.537109375,-0.4638671875,-0.1953125,0.6103515625,-0.1220703125,1.15966796875,-0.23193359375,0.47607421875,-0.32958984375,-0.1220703125,0.1953125,0.732421875,-0.2685546875,0.64697265625,0.18310546875,0.390625,0.13427734375,0.5615234375,0.390625,0.1708984375,-0.35400390625,0.18310546875,0.0244140625,1.06201171875,-0.048828125,0.28076171875,-0.1220703125,0.244140625,-0.244140625,0.29296875,-0.01220703125,0.87890625,-0.03662109375,0.0732421875,-0.03662109375,1.35498046875,-0.06103515625,-0.9765625,-0.0244140625,-0.32958984375,-0.08544921875,-1.01318359375,-0.32958984375,-0.76904296875,-0.1953125,-1.52587890625,-0.1220703125,-0.2685546875,-0.048828125,-0.29296875,0.48828125,-1.20849609375,-0.146484375,-0.6103515625,-0.01220703125,-0.0732421875,-0.0732421875,-0.57373046875,0.18310546875,0.20751953125,0.20751953125,-0.7568359375,0.1953125,-1.46484375,-0.08544921875,-1.0498046875,0.06103515625,0.4150390625,0.06103515625,-0.03662109375,0.06103515625,-0.4150390625,-0.0732421875,-0.3662109375,-0.08544921875,-0.40283203125,-0.1220703125,0.01220703125,0.048828125,0.830078125,0.18310546875,-0.48828125,0.048828125,-0.52490234375
1,0.06103515625,-0.3662109375,0.09765625,-0.20751953125,0,-0.390625,-0.13427734375,0,-0.18310546875,-0.0244140625,-0.3173828125,-0.89111328125,-0.13427734375,0.9765625,-0.42724609375,0.64697265625,-0.439453125,0.5859375,0.1220703125,0.96435546875,-0.1708984375,1.3916015625,-0.20751953125,-0.048828125,0.0244140625,-0.10986328125,0.18310546875,-0.76904296875,0.01220703125,0.9033203125,0.13427734375,0.244140625,0.146484375,-0.29296875,-0.244140625,-0.81787109375,-0.2197265625,-0.3662109375,-0.10986328125,-0.69580078125,0.10986328125,-0.146484375,0,-0.62255859375,0.390625,-0.45166015625,-0.13427734375,0.6103515625,-0.1708984375,1.171875,-0.18310546875,0.48828125,-0.2685546875,-0.09765625,0.28076171875,0.732421875,-0.2685546875,0.64697265625,0.18310546875,0.4638671875,0.146484375,0.52490234375,0.48828125,0.18310546875,-0.3173828125,0.1953125,0.048828125,1.07421875,0,0.2685546875,-0.18310546875,0.23193359375,-0.18310546875,0.28076171875,-0.03662109375,0.86669921875,-0.03662109375,0.08544921875,-0.01220703125,1.3671875,-0.0732421875,-1.0009765625,-0.0732421875,-0.341796875,-0.1220703125,-1.03759765625,-0.37841796875,-0.76904296875,-0.15869140625,-1.5625,-0.09765625,-0.2685546875,-0.0244140625,-0.32958984375,0.45166015625,-1.1962890625,-0.13427734375,-0.72021484375,0.0244140625,-0.45166015625,-0.03662109375,-0.6103515625,0.244140625,0.08544921875,-0.01220703125,-0.7568359375,0.20751953125,-1.4404296875,-0.048828125,-1.03759765625,0.10986328125,0.42724609375,0.0732421875,-0.048828125,0.06103515625,-0.390625,-0.0732421875,-0.37841796875,-0.13427734375,-0.4150390625,-0.1220703125,-0.0244140625,0.01220703125,0.84228515625,0.1708984375,-0.50048828125,0.048828125,-0.5126953125
1,0.06103515625,-0.37841796875,0.08544921875,-0.244140625,0.048828125,-0.390625,-0.146484375,0,-0.18310546875,-0.18310546875,-0.2685546875,-1.0498046875,-0.146484375,0.81787109375,-0.439453125,-0.03662109375,-0.4150390625,0.5859375,0.1708984375,0.9033203125,-0.2197265625,1.35498046875,-0.244140625,-0.13427734375,0.08544921875,-0.1220703125,0.20751953125,-0.7568359375,-0.0244140625,0.9521484375,0.10986328125,0.25634765625,-0.01220703125,-0.25634765625,-0.1708984375,-0.86669921875,-0.28076171875,-0.3662109375,-0.10986328125,-0.72021484375,-0.09765625,-0.146484375,0.0244140625,-0.6103515625,0.2197265625,-0.439453125,-0.0732421875,0.62255859375,-0.2197265625,1.18408203125,-0.0732421875,0.52490234375,-0.2197265625,-0.1220703125,0.35400390625,0.732421875,-0.25634765625,0.64697265625,0.15869140625,0.537109375,0.0732421875,0.537109375,0.5126953125,0.2197265625,-0.2197265625,0.244140625,0.09765625,1.08642578125,0.01220703125,0.2685546875,-0.23193359375,0.244140625,-0.1220703125,0.30517578125,0,0.8544921875,-0.0244140625,0.06103515625,0,1.3671875,-0.10986328125,-1.01318359375,-0.1220703125,-0.341796875,-0.18310546875,-1.06201171875,-0.3662109375,-0.76904296875,-0.10986328125,-1.5380859375,-0.13427734375,-0.25634765625,0.0244140625,-0.3173828125,0.341796875,-1.20849609375,-0.146484375,-0.76904296875,0.0732421875,-0.537109375,-0.03662109375,-0.64697265625,0.20751953125,0.08544921875,-0.1953125,-0.732421875,0.2197265625,-1.4404296875,-0.03662109375,-1.03759765625,0.146484375,0.45166015625,0.08544921875,-0.06103515625,0.06103515625,-0.390625,-0.06103515625,-0.37841796875,-0.10986328125,-0.390625,-0.13427734375,0.01220703125,0.0244140625,0.8544921875,0.15869140625,-0.5126953125,0.0732421875,-0.537109375
1,0.03662109375,-0.40283203125,0.06103515625,-0.28076171875,0.08544921875,-0.42724609375,-0.146484375,0.01220703125,-0.1953125,-0.3173828125,-0.25634765625,-1.171875,-0.1708984375,0.72021484375,-0.37841796875,-0.54931640625,-0.439453125,0.4638671875,0.146484375,0.732421875,-0.341796875,1.25732421875,-0.2197265625,-0.23193359375,0.1708984375,-0.1220703125,0.18310546875,-0.7568359375,-0.048828125,0.96435546875,0.01220703125,0.2685546875,-0.1220703125,-0.244140625,-0.10986328125,-0.86669921875,-0.30517578125,-0.37841796875,-0.09765625,-0.72021484375,-0.244140625,-0.1220703125,0,-0.62255859375,0.048828125,-0.4150390625,-0.01220703125,0.62255859375,-0.244140625,1.1962890625,0.01220703125,0.537109375,-0.1953125,-0.1220703125,0.3662109375,0.74462890625,-0.244140625,0.64697265625,0.1953125,0.5859375,0,0.537109375,0.537109375,0.2685546875,-0.10986328125,0.28076171875,0.09765625,1.0986328125,0.0244140625,0.2685546875,-0.23193359375,0.23193359375,-0.09765625,0.29296875,0.0244140625,0.8544921875,-0.01220703125,0.0732421875,0,1.37939453125,-0.10986328125,-0.98876953125,-0.18310546875,-0.341796875,-0.2197265625,-1.06201171875,-0.28076171875,-0.732421875,-0.06103515625,-1.5380859375,-0.20751953125,-0.244140625,0.1220703125,-0.3173828125,0.1953125,-1.18408203125,-0.15869140625,-0.67138671875,0.18310546875,-0.3662109375,-0.03662109375,-0.59814453125,0.146484375,0.1708984375,-0.3662109375,-0.7080078125,0.23193359375,-1.42822265625,-0.0244140625,-1.0498046875,0.146484375,0.45166015625,0.0732421875,-0.048828125,0.0732421875,-0.37841796875,-0.06103515625,-0.37841796875,-0.13427734375,-0.37841796875,-0.146484375,0.0244140625,0.048828125,0.86669921875,0.15869140625,-0.5126953125,0.0732421875,-0.537109375
1,0.01220703125,-0.37841796875,0.0244140625,-0.3173828125,0.10986328125,-0.4150390625,-0.15869140625,0,-0.1953125,-0.37841796875,-0.23193359375,-1.2451171875,-0.1953125,0.6591796875,-0.32958984375,-0.91552734375,-0.4150390625,0.244140625,0.146484375,0.50048828125,-0.4150390625,1.11083984375,-0.048828125,-0.341796875,0.23193359375,-0.13427734375,0.146484375,-0.76904296875,-0.06103515625,0.9765625,-0.13427734375,0.2685546875,-0.2197265625,-0.244140625,-0.0244140625,-0.89111328125,-0.30517578125,-0.37841796875,-0.10986328125,-0.732421875,-0.30517578125,-0.146484375,-0.048828125,-0.634765625,-0.06103515625,-0.4150390625,0.01220703125,0.62255859375,-0.1953125,1.1962890625,0.10986328125,0.54931640625,-0.15869140625,-0.146484375,0.3662109375,0.74462890625,-0.341796875,0.634765625,0.23193359375,0.6103515625,-0.08544921875,0.54931640625,0.45166015625,0.29296875,0.01220703125,0.3173828125,0.09765625,1.11083984375,0.0244140625,0.2685546875,-0.1953125,0.244140625,-0.08544921875,0.3173828125,0.0732421875,0.79345703125,0.01220703125,0.0732421875,0.048828125,1.3671875,-0.13427734375,-0.9765625,-0.20751953125,-0.32958984375,-0.244140625,-1.03759765625,-0.13427734375,-0.72021484375,-0.01220703125,-1.52587890625,-0.2685546875,-0.244140625,0.13427734375,-0.29296875,0.0244140625,-1.18408203125,-0.13427734375,-0.439453125,0.2685546875,0.10986328125,-0.06103515625,-0.4638671875,0.1220703125,0.37841796875,-0.4150390625,-0.69580078125,0.146484375,-1.42822265625,-0.048828125,-1.06201171875,0.09765625,0.45166015625,0.0732421875,-0.048828125,0.0732421875,-0.3662109375,-0.0732421875,-0.3662109375,-0.10986328125,-0.390625,-0.146484375,0.01220703125,0.048828125,0.9033203125,0.146484375,-0.52490234375,0.0732421875,-0.52490234375
1,0.01220703125,-0.390625,0.048828125,-0.341796875,0.1220703125,-0.439453125,-0.18310546875,0.01220703125,-0.20751953125,-0.42724609375,-0.2685546875,-1.28173828125,-0.20751953125,0.62255859375,-0.3173828125,-1.1474609375,-0.3662109375,0,0.1220703125,0.25634765625,-0.52490234375,0.93994140625,0.18310546875,-0.3662109375,0.2685546875,-0.1220703125,0.146484375,-0.79345703125,-0.0732421875,1.0009765625,-0.28076171875,0.2685546875,-0.18310546875,-0.2685546875,0.01220703125,-0.89111328125,-0.3173828125,-0.390625,-0.1220703125,-0.72021484375,-0.2685546875,-0.146484375,-0.146484375,-0.62255859375,-0.13427734375,-0.4150390625,0.0244140625,0.59814453125,-0.09765625,1.1962890625,0.10986328125,0.52490234375,-0.15869140625,-0.15869140625,0.3662109375,0.7568359375,-0.3662109375,0.62255859375,0.18310546875,0.6103515625,-0.09765625,0.57373046875,0.390625,0.30517578125,0.08544921875,0.341796875,0.10986328125,1.0986328125,0.01220703125,0.25634765625,-0.15869140625,0.25634765625,-0.08544921875,0.29296875,0.09765625,0.830078125,0.01220703125,0.08544921875,0.0732421875,1.37939453125,-0.13427734375,-0.9521484375,-0.244140625,-0.3173828125,-0.25634765625,-1.03759765625,-0.01220703125,-0.72021484375,0.0244140625,-1.50146484375,-0.35400390625,-0.2197265625,0.10986328125,-0.28076171875,-0.1220703125,-1.18408203125,-0.09765625,-0.1220703125,0.23193359375,0.86669921875,-0.09765625,-0.2197265625,0.0732421875,0.69580078125,-0.3662109375,-0.69580078125,0.0732421875,-1.4404296875,-0.08544921875,-1.0498046875,0.06103515625,0.439453125,0.06103515625,-0.03662109375,0.06103515625,-0.37841796875,-0.048828125,-0.3662109375,-0.1220703125,-0.390625,-0.1220703125,0.0244140625,0.06103515625,0.89111328125,0.146484375,-0.48828125,0.0732421875,-0.50048828125
1,0,-0.35400390625,0.06103515625,-0.32958984375,0.146484375,-0.42724609375,-0.1708984375,0.0244140625,-0.20751953125,-0.42724609375,-0.244140625,-1.28173828125,-0.23193359375,0.634765625,-0.29296875,-1.2451171875,-0.28076171875,-0.23193359375,0.146484375,0.08544921875,-0.537109375,0.8056640625,0.40283203125,-0.29296875,0.28076171875,-0.13427734375,0.1220703125,-0.8056640625,-0.1220703125,0.9765625,-0.47607421875,0.28076171875,-0.09765625,-0.29296875,0.0732421875,-0.89111328125,-0.29296875,-0.42724609375,-0.15869140625,-0.72021484375,-0.1708984375,-0.1708984375,-0.2685546875,-0.634765625,-0.1708984375,-0.42724609375,-0.0244140625,0.5859375,-0.0244140625,1.20849609375,0.10986328125,0.50048828125,-0.13427734375,-0.146484375,0.29296875,0.7568359375,-0.3662109375,0.59814453125,0.09765625,0.537109375,-0.048828125,0.5859375,0.32958984375,0.29296875,0.1220703125,0.3173828125,0.1220703125,1.07421875,0,0.2685546875,-0.10986328125,0.25634765625,-0.0732421875,0.29296875,0.1220703125,0.84228515625,0.01220703125,0.09765625,0.08544921875,1.37939453125,-0.1708984375,-0.927734375,-0.244140625,-0.30517578125,-0.1953125,-1.025390625,0.0732421875,-0.7080078125,0.01220703125,-1.4892578125,-0.4150390625,-0.20751953125,0.0244140625,-0.2685546875,-0.1708984375,-1.18408203125,0,0.3173828125,0.23193359375,1.8798828125,-0.1220703125,0.0732421875,0,1.0986328125,-0.20751953125,-0.6591796875,-0.01220703125,-1.416015625,-0.08544921875,-1.025390625,0.0244140625,0.439453125,0.048828125,-0.03662109375,0.048828125,-0.37841796875,-0.06103515625,-0.35400390625,-0.13427734375,-0.40283203125,-0.13427734375,0.03662109375,0.06103515625,0.86669921875,0.1708984375,-0.48828125,0.0732421875,-0.50048828125
1,0,-0.37841796875,0.06103515625,-0.35400390625,0.146484375,-0.42724609375,-0.1953125,0.03662109375,-0.20751953125,-0.4150390625,-0.2685546875,-1.23291015625,-0.244140625,0.634765625,-0.28076171875,-1.220703125,-0.20751953125,-0.30517578125,0.15869140625,0.06103515625,-0.5126953125,0.78125,0.52490234375,-0.03662109375,0.2197265625,-0.13427734375,0.08544921875,-0.76904296875,-0.20751953125,1.01318359375,-0.6103515625,0.25634765625,0.01220703125,-0.32958984375,0.13427734375,-0.9033203125,-0.2685546875,-0.45166015625,-0.13427734375,-0.732421875,0,-0.1708984375,-0.32958984375,-0.634765625,-0.13427734375,-0.4150390625,-0.10986328125,0.5859375,0.08544921875,1.18408203125,0.09765625,0.47607421875,-0.09765625,-0.1708984375,0.2685546875,0.74462890625,-0.40283203125,0.6103515625,0.13427734375,0.47607421875,-0.03662109375,0.59814453125,0.30517578125,0.3173828125,0.18310546875,0.29296875,0.10986328125,1.07421875,0.01220703125,0.25634765625,-0.03662109375,0.23193359375,-0.01220703125,0.2685546875,0.13427734375,0.830078125,0,0.09765625,0.10986328125,1.3916015625,-0.15869140625,-0.927734375,-0.20751953125,-0.32958984375,-0.08544921875,-1.01318359375,0.1220703125,-0.7080078125,0.01220703125,-1.47705078125,-0.439453125,-0.2197265625,-0.13427734375,-0.244140625,-0.146484375,-1.18408203125,0.10986328125,0.81787109375,0.18310546875,2.99072265625,-0.08544921875,0.4150390625,-0.01220703125,1.5380859375,0,-0.6591796875,-0.09765625,-1.416015625,-0.0732421875,-1.025390625,-0.01220703125,0.4150390625,0.048828125,-0.048828125,0.048828125,-0.40283203125,-0.06103515625,-0.341796875,-0.146484375,-0.4150390625,-0.13427734375,0.0244140625,0.0732421875,0.84228515625,0.1708984375,-0.4638671875,0.10986328125,-0.48828125
1,0,-0.3662109375,0.06103515625,-0.3173828125,0.146484375,-0.42724609375,-0.20751953125,0.0244140625,-0.18310546875,-0.37841796875,-0.25634765625,-1.1962890625,-0.244140625,0.67138671875,-0.23193359375,-1.123046875,-0.1708984375,-0.18310546875,0.1708984375,0.20751953125,-0.45166015625,0.9033203125,0.54931640625,0.37841796875,0.1220703125,-0.1220703125,0.06103515625,-0.78125,-0.32958984375,0.9765625,-0.6591796875,0.244140625,0.18310546875,-0.35400390625,0.146484375,-0.89111328125,-0.1708984375,-0.4638671875,-0.15869140625,-0.7568359375,0.18310546875,-0.20751953125,-0.3173828125,-0.64697265625,-0.06103515625,-0.40283203125,-0.1708984375,0.57373046875,0.15869140625,1.171875,0.03662109375,0.4638671875,-0.08544921875,-0.146484375,0.23193359375,0.732421875,-0.37841796875,0.59814453125,0.13427734375,0.42724609375,-0.10986328125,0.59814453125,0.37841796875,0.30517578125,0.2197265625,0.29296875,0.09765625,1.07421875,0.01220703125,0.244140625,0,0.244140625,0,0.2685546875,0.13427734375,0.84228515625,-0.0732421875,0.08544921875,0.09765625,1.3916015625,-0.09765625,-0.89111328125,-0.146484375,-0.3173828125,-0.01220703125,-1.0009765625,0.1220703125,-0.7080078125,-0.03662109375,-1.50146484375,-0.42724609375,-0.2197265625,-0.30517578125,-0.244140625,-0.03662109375,-1.18408203125,0.18310546875,1.28173828125,0.09765625,4.1259765625,-0.08544921875,0.8056640625,-0.06103515625,2.001953125,0.1953125,-0.6591796875,-0.10986328125,-1.4404296875,-0.09765625,-1.03759765625,-0.06103515625,0.40283203125,0.048828125,-0.03662109375,0.0244140625,-0.4150390625,-0.0732421875,-0.32958984375,-0.146484375,-0.40283203125,-0.13427734375,0.01220703125,0.06103515625,0.86669921875,0.146484375,-0.439453125,0.13427734375,-0.5126953125
1,0.01220703125,-0.3662109375,0.048828125,-0.3173828125,0.13427734375,-0.4150390625,-0.244140625,0.03662109375,-0.18310546875,-0.3662109375,-0.28076171875,-1.123046875,-0.2197265625,0.732421875,-0.09765625,-1.0009765625,-0.1708984375,0.09765625,0.1953125,0.5615234375,-0.35400390625,1.18408203125,0.54931640625,1.03759765625,0,-0.13427734375,0.0244140625,-0.78125,-0.4638671875,0.9521484375,-0.6103515625,0.2197265625,0.341796875,-0.390625,0.15869140625,-0.89111328125,-0.13427734375,-0.48828125,-0.13427734375,-0.732421875,0.29296875,-0.2197265625,-0.25634765625,-0.634765625,0.08544921875,-0.45166015625,-0.28076171875,0.5615234375,0.18310546875,1.18408203125,-0.048828125,0.47607421875,-0.06103515625,-0.146484375,0.20751953125,0.74462890625,-0.37841796875,0.62255859375,0.20751953125,0.390625,-0.1220703125,0.59814453125,0.42724609375,0.2685546875,0.28076171875,0.2685546875,0.0732421875,1.06201171875,0.01220703125,0.2197265625,0.03662109375,0.244140625,0.08544921875,0.28076171875,0.10986328125,0.81787109375,-0.1220703125,0.06103515625,0.10986328125,1.37939453125,-0.06103515625,-0.84228515625,-0.03662109375,-0.3173828125,0.08544921875,-0.9765625,0.0732421875,-0.732421875,-0.09765625,-1.4892578125,-0.4150390625,-0.1953125,-0.42724609375,-0.25634765625,0.1220703125,-1.18408203125,0.23193359375,1.74560546875,0.08544921875,5.126953125,-0.10986328125,1.171875,-0.08544921875,2.392578125,0.2685546875,-0.7080078125,-0.01220703125,-1.4404296875,-0.13427734375,-1.0498046875,-0.0732421875,0.40283203125,0.08544921875,-0.03662109375,0.0244140625,-0.4150390625,-0.06103515625,-0.3173828125,-0.15869140625,-0.40283203125,-0.1220703125,-0.01220703125,0.0732421875,0.8544921875,0.1220703125,-0.42724609375,0.15869140625,-0.5126953125
1,0.0244140625,-0.3662109375,0.048828125,-0.28076171875,0.18310546875,-0.390625,-0.2685546875,0.048828125,-0.1708984375,-0.32958984375,-0.29296875,-1.07421875,-0.1953125,0.7568359375,-0.13427734375,-0.830078125,-0.1953125,0.67138671875,0.2197265625,1.11083984375,-0.20751953125,1.59912109375,0.3173828125,1.8798828125,-0.1220703125,-0.10986328125,0.0244140625,-0.7568359375,-0.537109375,0.927734375,-0.47607421875,0.2197265625,0.390625,-0.390625,0.1220703125,-0.86669921875,-0.048828125,-0.47607421875,-0.1220703125,-0.72021484375,0.3173828125,-0.1953125,-0.15869140625,-0.6103515625,0.1708984375,-0.47607421875,-0.28076171875,0.57373046875,0.18310546875,1.15966796875,-0.1220703125,0.47607421875,-0.048828125,-0.13427734375,0.20751953125,0.732421875,-0.4150390625,0.59814453125,0.2685546875,0.341796875,-0.25634765625,0.5859375,0.390625,0.244140625,0.28076171875,0.2685546875,0.03662109375,1.06201171875,0.0244140625,0.20751953125,0.0244140625,0.23193359375,0.1220703125,0.28076171875,0.06103515625,0.830078125,-0.146484375,0.048828125,0.09765625,1.37939453125,-0.01220703125,-0.830078125,0.048828125,-0.32958984375,0.13427734375,-0.98876953125,0.03662109375,-0.74462890625,-0.146484375,-1.50146484375,-0.3662109375,-0.1953125,-0.4638671875,-0.2685546875,0.2685546875,-1.18408203125,0.20751953125,2.13623046875,-0.01220703125,5.94482421875,-0.1220703125,1.4892578125,-0.09765625,2.7099609375,0.30517578125,-0.732421875,0.15869140625,-1.4404296875,-0.13427734375,-1.025390625,-0.08544921875,0.40283203125,0.10986328125,-0.048828125,0.0244140625,-0.42724609375,-0.0732421875,-0.29296875,-0.18310546875,-0.390625,-0.10986328125,-0.03662109375,0.0732421875,0.84228515625,0.13427734375,-0.4150390625,0.1953125,-0.52490234375
1,0.048828125,-0.390625,0.06103515625,-0.25634765625,0.18310546875,-0.3662109375,-0.2685546875,0.01220703125,-0.146484375,-0.28076171875,-0.2685546875,-1.01318359375,-0.146484375,0.79345703125,-0.0732421875,-0.68359375,-0.2197265625,1.416015625,0.25634765625,1.8310546875,-0.09765625,2.18505859375,0.25634765625,2.880859375,-0.2197265625,-0.1220703125,0.048828125,-0.7568359375,-0.57373046875,0.93994140625,-0.30517578125,0.23193359375,0.439453125,-0.4150390625,0.10986328125,-0.8544921875,0,-0.47607421875,-0.13427734375,-0.72021484375,0.29296875,-0.20751953125,-0.048828125,-0.62255859375,0.25634765625,-0.47607421875,-0.2685546875,0.5859375,0.1220703125,1.13525390625,-0.1953125,0.4638671875,-0.03662109375,-0.10986328125,0.1953125,0.74462890625,-0.4150390625,0.634765625,0.32958984375,0.35400390625,-0.28076171875,0.5615234375,0.390625,0.2197265625,0.25634765625,0.244140625,0.01220703125,1.0498046875,0.0244140625,0.1953125,0.0244140625,0.23193359375,0.15869140625,0.29296875,0.0244140625,0.830078125,-0.20751953125,0.048828125,0.048828125,1.3671875,0.01220703125,-0.8544921875,0.10986328125,-0.32958984375,0.08544921875,-1.0009765625,-0.0244140625,-0.74462890625,-0.23193359375,-1.50146484375,-0.341796875,-0.1953125,-0.4150390625,-0.2685546875,0.341796875,-1.18408203125,0.146484375,2.3681640625,-0.09765625,6.494140625,-0.13427734375,1.74560546875,-0.09765625,2.9541015625,0.20751953125,-0.7568359375,0.341796875,-1.45263671875,-0.146484375,-1.025390625,-0.06103515625,0.40283203125,0.09765625,-0.03662109375,-0.01220703125,-0.40283203125,-0.06103515625,-0.29296875,-0.244140625,-0.390625,-0.09765625,-0.0244140625,0.08544921875,0.87890625,0.10986328125,-0.4150390625,0.2197265625,-0.52490234375
0,0.10986328125,-0.390625,0.0732421875,-0.244140625,0.2197265625,-0.3662109375,-0.244140625,0.01220703125,-0.1220703125,-0.25634765625,-0.29296875,-0.9765625,-0.1220703125,0.830078125,-0.0732421875,-0.52490234375,-0.25634765625,2.24609375,0.28076171875,2.63671875,-0.03662109375,2.77099609375,0.0732421875,3.96728515625,-0.28076171875,-0.1220703125,0.0732421875,-0.76904296875,-0.54931640625,0.9033203125,-0.1220703125,0.244140625,0.37841796875,-0.390625,0.03662109375,-0.8544921875,0.0244140625,-0.4638671875,-0.13427734375,-0.7080078125,0.23193359375,-0.18310546875,0.06103515625,-0.6103515625,0.30517578125,-0.45166015625,-0.20751953125,0.6103515625,0.03662109375,1.123046875,-0.25634765625,0.48828125,-0.01220703125,-0.08544921875,0.15869140625,0.74462890625,-0.42724609375,0.64697265625,0.40283203125,0.37841796875,-0.390625,0.5615234375,0.3662109375,0.2197265625,0.30517578125,0.23193359375,-0.048828125,1.06201171875,0.01220703125,0.1953125,0.01220703125,0.20751953125,0.18310546875,0.28076171875,-0.0244140625,0.81787109375,-0.15869140625,0.048828125,0.01220703125,1.3427734375,0.06103515625,-0.87890625,0.18310546875,-0.3173828125,0.03662109375,-1.0009765625,-0.03662109375,-0.732421875,-0.25634765625,-1.513671875,-0.28076171875,-0.20751953125,-0.25634765625,-0.28076171875,0.32958984375,-1.15966796875,0.03662109375,2.50244140625,-0.08544921875,6.787109375,-0.13427734375,1.89208984375,-0.048828125,3.06396484375,0.10986328125,-0.76904296875,0.50048828125,-1.45263671875,-0.13427734375,-1.03759765625,0,0.4150390625,0.1220703125,-0.03662109375,-0.01220703125,-0.4150390625,-0.06103515625,-0.28076171875,-0.244140625,-0.37841796875,-0.10986328125,0,0.09765625,0.9033203125,0.13427734375,-0.40283203125,0.20751953125,-0.52490234375
0,0.10986328125,-0.390625,0.01220703125,-0.20751953125,0.23193359375,-0.35400390625,-0.23193359375,0,-0.1708984375,-0.20751953125,-0.32958984375,-0.96435546875,-0.10986328125,0.8544921875,-0.08544921875,-0.42724609375,-0.3173828125,3.125,0.25634765625,3.45458984375,-0.08544921875,3.3935546875,0.048828125,5.06591796875,-0.28076171875,-0.13427734375,0.08544921875,-0.7568359375,-0.439453125,0.927734375,0.0244140625,0.244140625,0.25634765625,-0.3662109375,0.0732421875,-0.86669921875,0.0244140625,-0.4638671875,-0.08544921875,-0.69580078125,0.15869140625,-0.18310546875,0.13427734375,-0.62255859375,0.30517578125,-0.45166015625,-0.146484375,0.62255859375,-0.06103515625,1.11083984375,-0.3173828125,0.48828125,-0.048828125,-0.08544921875,0.10986328125,0.76904296875,-0.390625,0.6591796875,0.439453125,0.40283203125,-0.42724609375,0.5615234375,0.40283203125,0.18310546875,0.25634765625,0.244140625,-0.1708984375,1.06201171875,0.0244140625,0.2197265625,-0.0244140625,0.2197265625,0.15869140625,0.2685546875,-0.06103515625,0.84228515625,-0.146484375,0.03662109375,-0.03662109375,1.3427734375,0.146484375,-0.89111328125,0.20751953125,-0.32958984375,-0.06103515625,-1.01318359375,-0.01220703125,-0.74462890625,-0.2197265625,-1.52587890625,-0.23193359375,-0.23193359375,-0.09765625,-0.29296875,0.244140625,-1.15966796875,-0.0732421875,2.4658203125,-0.10986328125,6.73828125,-0.09765625,1.904296875,0,3.0517578125,0.01220703125,-0.76904296875,0.5615234375,-1.45263671875,-0.09765625,-1.0498046875,0.08544921875,0.42724609375,0.13427734375,-0.048828125,-0.03662109375,-0.390625,-0.0732421875,-0.29296875,-0.25634765625,-0.37841796875,-0.10986328125,0,0.09765625,0.927734375,0.13427734375,-0.42724609375,0.20751953125,-0.5126953125
0,0.1220703125,-0.390625,0.06103515625,-0.1708984375,0.23193359375,-0.37841796875,-0.20751953125,-0.01220703125,-0.1708984375,-0.18310546875,-0.28076171875,-0.96435546875,-0.03662109375,0.8544921875,-0.06103515625,-0.35400390625,-0.3662109375,3.9306640625,0.244140625,4.18701171875,-0.13427734375,3.94287109375,0.1220703125,6.103515625,-0.20751953125,-0.15869140625,0.10986328125,-0.74462890625,-0.29296875,0.93994140625,0.08544921875,0.23193359375,0.15869140625,-0.341796875,0.08544921875,-0.86669921875,0.01220703125,-0.439453125,-0.08544921875,-0.7080078125,0.1220703125,-0.146484375,0.10986328125,-0.62255859375,0.2685546875,-0.45166015625,-0.048828125,0.634765625,-0.15869140625,1.123046875,-0.3173828125,0.5126953125,-0.01220703125,-0.0732421875,0.08544921875,0.78125,-0.35400390625,0.67138671875,0.40283203125,0.45166015625,-0.37841796875,0.54931640625,0.3662109375,0.1953125,0.15869140625,0.244140625,-0.20751953125,1.07421875,0.01220703125,0.20751953125,-0.08544921875,0.2197265625,0.146484375,0.2685546875,-0.048828125,0.89111328125,-0.09765625,0.0244140625,-0.09765625,1.3427734375,0.1953125,-0.91552734375,0.1953125,-0.32958984375,-0.1708984375,-1.01318359375,0.01220703125,-0.74462890625,-0.18310546875,-1.513671875,-0.2197265625,-0.25634765625,0.13427734375,-0.28076171875,0.146484375,-1.1474609375,-0.1708984375,2.35595703125,-0.13427734375,6.4208984375,-0.0732421875,1.8310546875,0.048828125,2.89306640625,-0.048828125,-0.76904296875,0.5615234375,-1.4404296875,-0.0732421875,-1.0498046875,0.15869140625,0.439453125,0.15869140625,-0.048828125,-0.03662109375,-0.37841796875,-0.0732421875,-0.29296875,-0.244140625,-0.390625,-0.10986328125,0.0244140625,0.09765625,0.93994140625,0.13427734375,-0.42724609375,0.20751953125,-0.5126953125
0,0.09765625,-0.4150390625,0.0244140625,-0.13427734375,0.23193359375,-0.390625,-0.1953125,-0.01220703125,-0.20751953125,-0.13427734375,-0.25634765625,-0.96435546875,-0.01220703125,0.8544921875,-0.048828125,-0.3173828125,-0.341796875,4.6142578125,0.20751953125,4.8095703125,-0.23193359375,4.39453125,0.15869140625,7.0068359375,-0.10986328125,-0.146484375,0.13427734375,-0.76904296875,-0.10986328125,0.93994140625,0.08544921875,0.23193359375,0.01220703125,-0.3173828125,0.08544921875,-0.86669921875,-0.0244140625,-0.45166015625,-0.0732421875,-0.69580078125,0.08544921875,-0.13427734375,0.0732421875,-0.6103515625,0.20751953125,-0.4150390625,0.01220703125,0.62255859375,-0.2197265625,1.1474609375,-0.28076171875,0.5126953125,-0.03662109375,-0.10986328125,0.03662109375,0.7568359375,-0.3173828125,0.64697265625,0.37841796875,0.48828125,-0.37841796875,0.52490234375,0.25634765625,0.1708984375,0.08544921875,0.23193359375,-0.2685546875,1.06201171875,0.0244140625,0.23193359375,-0.146484375,0.2197265625,0.09765625,0.25634765625,-0.0732421875,0.87890625,-0.048828125,0.0244140625,-0.15869140625,1.33056640625,0.244140625,-0.91552734375,0.18310546875,-0.341796875,-0.20751953125,-1.0009765625,0.06103515625,-0.74462890625,-0.08544921875,-1.4892578125,-0.20751953125,-0.2685546875,0.2685546875,-0.29296875,0.0732421875,-1.15966796875,-0.2685546875,2.1240234375,-0.20751953125,5.94482421875,-0.03662109375,1.66015625,0.03662109375,2.67333984375,-0.01220703125,-0.732421875,0.48828125,-1.45263671875,-0.01220703125,-1.025390625,0.20751953125,0.439453125,0.15869140625,-0.06103515625,-0.03662109375,-0.37841796875,-0.06103515625,-0.2685546875,-0.25634765625,-0.390625,-0.10986328125,0.06103515625,0.10986328125,0.9521484375,0.13427734375,-0.45166015625,0.20751953125,-0.50048828125
0,0.146484375,-0.40283203125,0.0244140625,-0.10986328125,0.25634765625,-0.40283203125,-0.1708984375,0,-0.23193359375,-0.1220703125,-0.29296875,-0.96435546875,0,0.84228515625,-0.0732421875,-0.3173828125,-0.35400390625,5.06591796875,0.10986328125,5.224609375,-0.35400390625,4.7119140625,0,7.6904296875,0.0244140625,-0.1708984375,0.18310546875,-0.7568359375,0.06103515625,0.96435546875,0.048828125,0.244140625,-0.10986328125,-0.28076171875,0.0244140625,-0.86669921875,-0.06103515625,-0.42724609375,-0.06103515625,-0.69580078125,0.09765625,-0.146484375,-0.0244140625,-0.634765625,0.20751953125,-0.40283203125,0.0732421875,0.6103515625,-0.2685546875,1.1474609375,-0.244140625,0.52490234375,-0.09765625,-0.10986328125,0.06103515625,0.7568359375,-0.244140625,0.64697265625,0.28076171875,0.5126953125,-0.4150390625,0.52490234375,0.1708984375,0.146484375,-0.0244140625,0.2197265625,-0.29296875,1.08642578125,-0.01220703125,0.23193359375,-0.20751953125,0.23193359375,0.048828125,0.25634765625,-0.09765625,0.9033203125,0,0.03662109375,-0.1708984375,1.3427734375,0.25634765625,-0.927734375,0.13427734375,-0.32958984375,-0.25634765625,-0.98876953125,0.03662109375,-0.732421875,0,-1.47705078125,-0.23193359375,-0.2685546875,0.3173828125,-0.28076171875,0.03662109375,-1.18408203125,-0.2685546875,1.8310546875,-0.25634765625,5.37109375,-0.048828125,1.35498046875,-0.01220703125,2.4169921875,0.0732421875,-0.69580078125,0.341796875,-1.416015625,0.0244140625,-1.03759765625,0.2197265625,0.4638671875,0.146484375,-0.06103515625,-0.048828125,-0.390625,-0.0732421875,-0.28076171875,-0.2685546875,-0.4150390625,-0.1220703125,0.048828125,0.10986328125,0.9521484375,0.09765625,-0.439453125,0.20751953125,-0.50048828125
0,0.146484375,-0.390625,-0.0244140625,-0.13427734375,0.28076171875,-0.4150390625,-0.146484375,0,-0.2197265625,-0.09765625,-0.29296875,-0.96435546875,0.03662109375,0.8544921875,0.0244140625,-0.37841796875,-0.29296875,5.2978515625,0.06103515625,5.4443359375,-0.47607421875,4.833984375,0,8.16650390625,0.15869140625,-0.1708984375,0.1953125,-0.76904296875,0.18310546875,0.96435546875,-0.01220703125,0.23193359375,-0.18310546875,-0.25634765625,0.01220703125,-0.8544921875,-0.10986328125,-0.42724609375,-0.06103515625,-0.69580078125,0.09765625,-0.146484375,-0.13427734375,-0.62255859375,0.1953125,-0.390625,0.10986328125,0.59814453125,-0.2197265625,1.1962890625,-0.20751953125,0.5126953125,-0.15869140625,-0.146484375,0.06103515625,0.7568359375,-0.1953125,0.64697265625,0.23193359375,0.537109375,-0.341796875,0.5126953125,0.09765625,0.18310546875,-0.09765625,0.1953125,-0.30517578125,1.07421875,0.01220703125,0.23193359375,-0.28076171875,0.2197265625,-0.03662109375,0.25634765625,-0.09765625,0.87890625,0.048828125,0.01220703125,-0.1708984375,1.35498046875,0.23193359375,-0.91552734375,0.08544921875,-0.32958984375,-0.25634765625,-1.0009765625,-0.01220703125,-0.732421875,0.0732421875,-1.46484375,-0.25634765625,-0.25634765625,0.30517578125,-0.2685546875,0.08544921875,-1.20849609375,-0.244140625,1.47705078125,-0.3173828125,4.67529296875,-0.0732421875,1.025390625,-0.0244140625,2.099609375,0.13427734375,-0.67138671875,0.13427734375,-1.40380859375,0.06103515625,-1.03759765625,0.23193359375,0.439453125,0.1220703125,-0.0732421875,-0.0732421875,-0.3662109375,-0.06103515625,-0.25634765625,-0.2685546875,-0.40283203125,-0.10986328125,0.03662109375,0.09765625,0.91552734375,0.10986328125,-0.4638671875,0.1953125,-0.50048828125
0,0.15869140625,-0.390625,-0.03662109375,-0.146484375,0.29296875,-0.40283203125,-0.13427734375,0.01220703125,-0.25634765625,-0.06103515625,-0.30517578125,-0.93994140625,0,0.8544921875,0.03662109375,-0.439453125,-0.2685546875,5.38330078125,-0.0244140625,5.4931640625,-0.5859375,4.84619140625,-0.0732421875,8.3740234375,0.28076171875,-0.1708984375,0.244140625,-0.8056640625,0.244140625,0.96435546875,-0.06103515625,0.244140625,-0.1953125,-0.25634765625,-0.0732421875,-0.86669921875,-0.2197265625,-0.439453125,-0.08544921875,-0.68359375,0.08544921875,-0.1708984375,-0.244140625,-0.634765625,0.1953125,-0.390625,0.13427734375,0.59814453125,-0.146484375,1.220703125,-0.146484375,0.5126953125,-0.23193359375,-0.1708984375,0.0732421875,0.7568359375,-0.15869140625,0.64697265625,0.10986328125,0.537109375,-0.29296875,0.5126953125,0,0.13427734375,-0.1953125,0.1953125,-0.32958984375,1.07421875,0,0.244140625,-0.29296875,0.2197265625,-0.06103515625,0.25634765625,-0.13427734375,0.86669921875,0.09765625,0.0244140625,-0.09765625,1.3671875,0.2197265625,-0.91552734375,0.01220703125,-0.32958984375,-0.20751953125,-0.96435546875,-0.0732421875,-0.74462890625,0.15869140625,-1.45263671875,-0.25634765625,-0.28076171875,0.20751953125,-0.2685546875,0.15869140625,-1.220703125,-0.20751953125,1.11083984375,-0.40283203125,4.00390625,-0.08544921875,0.69580078125,-0.048828125,1.7822265625,0.1953125,-0.64697265625,-0.01220703125,-1.40380859375,0.0732421875,-1.03759765625,0.244140625,0.4150390625,0.0732421875,-0.0732421875,-0.08544921875,-0.3662109375,-0.08544921875,-0.25634765625,-0.30517578125,-0.42724609375,-0.10986328125,0,0.08544921875,0.87890625,0.09765625,-0.4638671875,0.20751953125,-0.50048828125
0,0.13427734375,-0.40283203125,-0.0732421875,-0.1708984375,0.29296875,-0.390625,-0.10986328125,0.01220703125,-0.25634765625,-0.03662109375,-0.30517578125,-0.927734375,0,0.89111328125,0.08544921875,-0.5126953125,-0.2685546875,5.2734375,-0.03662109375,5.3955078125,-0.6591796875,4.74853515625,-0.10986328125,8.38623046875,0.3662109375,-0.146484375,0.2685546875,-0.8056640625,0.244140625,0.9521484375,-0.09765625,0.244140625,-0.1708984375,-0.29296875,-0.10986328125,-0.86669921875,-0.28076171875,-0.45166015625,-0.0732421875,-0.69580078125,0.03662109375,-0.18310546875,-0.35400390625,-0.62255859375,0.1708984375,-0.4150390625,0.09765625,0.57373046875,-0.06103515625,1.220703125,-0.048828125,0.48828125,-0.30517578125,-0.15869140625,0.0732421875,0.74462890625,-0.08544921875,0.634765625,0.0244140625,0.5126953125,-0.2197265625,0.52490234375,-0.01220703125,0.15869140625,-0.341796875,0.18310546875,-0.29296875,1.06201171875,0,0.2197265625,-0.35400390625,0.2197265625,-0.09765625,0.25634765625,-0.1708984375,0.89111328125,0.1220703125,0.0244140625,-0.048828125,1.3671875,0.18310546875,-0.9033203125,-0.06103515625,-0.3173828125,-0.13427734375,-0.96435546875,-0.1220703125,-0.7568359375,0.1953125,-1.4404296875,-0.2685546875,-0.25634765625,0.08544921875,-0.2685546875,0.1953125,-1.220703125,-0.1220703125,0.7568359375,-0.439453125,3.33251953125,-0.10986328125,0.35400390625,-0.0244140625,1.50146484375,0.15869140625,-0.64697265625,-0.10986328125,-1.3916015625,0.08544921875,-1.03759765625,0.2197265625,0.40283203125,0.08544921875,-0.06103515625,-0.09765625,-0.37841796875,-0.08544921875,-0.28076171875,-0.30517578125,-0.4150390625,-0.09765625,-0.01220703125,0.06103515625,0.86669921875,0.08544921875,-0.47607421875,0.2197265625,-0.5126953125
0,0.10986328125,-0.40283203125,-0.03662109375,-0.20751953125,0.30517578125,-0.3662109375,-0.10986328125,0,-0.25634765625,0.0244140625,-0.25634765625,-0.86669921875,-0.01220703125,0.93994140625,0.15869140625,-0.5126953125,-0.2197265625,5.04150390625,0.01220703125,5.18798828125,-0.634765625,4.58984375,-0.1220703125,8.203125,0.37841796875,-0.1220703125,0.29296875,-0.8056640625,0.13427734375,0.927734375,-0.0732421875,0.244140625,-0.146484375,-0.3173828125,-0.1708984375,-0.8544921875,-0.28076171875,-0.45166015625,-0.0732421875,-0.7080078125,-0.0244140625,-0.2197265625,-0.341796875,-0.6103515625,0.10986328125,-0.439453125,0.06103515625,0.5615234375,0.03662109375,1.1962890625,0.03662109375,0.50048828125,-0.341796875,-0.15869140625,0.06103515625,0.7568359375,-0.146484375,0.62255859375,-0.01220703125,0.48828125,-0.1953125,0.537109375,0.048828125,0.146484375,-0.40283203125,0.1708984375,-0.244140625,1.07421875,0,0.2197265625,-0.341796875,0.2197265625,-0.13427734375,0.2685546875,-0.20751953125,0.86669921875,0.1220703125,0.0244140625,0.048828125,1.37939453125,0.15869140625,-0.9033203125,-0.0732421875,-0.3173828125,-0.0244140625,-0.96435546875,-0.15869140625,-0.732421875,0.2197265625,-1.46484375,-0.29296875,-0.25634765625,0,-0.25634765625,0.18310546875,-1.23291015625,-0.06103515625,0.45166015625,-0.45166015625,2.72216796875,-0.13427734375,0.0732421875,-0.0244140625,1.18408203125,0.09765625,-0.6591796875,-0.1220703125,-1.40380859375,0.1220703125,-1.0498046875,0.2197265625,0.390625,0.06103515625,-0.06103515625,-0.1220703125,-0.390625,-0.0732421875,-0.28076171875,-0.29296875,-0.42724609375,-0.10986328125,-0.0244140625,0.048828125,0.8544921875,0.0732421875,-0.48828125,0.2197265625,-0.52490234375
0,0.10986328125,-0.40283203125,-0.06103515625,-0.2197265625,0.3173828125,-0.3662109375,-0.146484375,0.0244140625,-0.29296875,0.06103515625,-0.29296875,-0.79345703125,-0.0244140625,1.0009765625,0.1708984375,-0.50048828125,-0.244140625,4.77294921875,0.03662109375,4.9072265625,-0.5615234375,4.38232421875,-0.244140625,7.84912109375,0.37841796875,-0.10986328125,0.28076171875,-0.79345703125,-0.01220703125,0.927734375,-0.06103515625,0.20751953125,-0.06103515625,-0.30517578125,-0.20751953125,-0.84228515625,-0.29296875,-0.47607421875,-0.10986328125,-0.69580078125,-0.10986328125,-0.23193359375,-0.28076171875,-0.6103515625,0.048828125,-0.42724609375,0.03662109375,0.57373046875,0.10986328125,1.18408203125,0.08544921875,0.47607421875,-0.40283203125,-0.1220703125,0.01220703125,0.7568359375,-0.20751953125,0.6103515625,-0.08544921875,0.4638671875,-0.244140625,0.57373046875,0.1220703125,0.13427734375,-0.439453125,0.18310546875,-0.1953125,1.06201171875,-0.0244140625,0.20751953125,-0.341796875,0.20751953125,-0.1708984375,0.2685546875,-0.2197265625,0.830078125,0.1220703125,0.0244140625,0.13427734375,1.35498046875,0.15869140625,-0.9033203125,-0.09765625,-0.3173828125,0.06103515625,-0.98876953125,-0.13427734375,-0.7568359375,0.23193359375,-1.46484375,-0.29296875,-0.2197265625,-0.10986328125,-0.25634765625,0.146484375,-1.23291015625,-0.0244140625,0.13427734375,-0.37841796875,2.1240234375,-0.1708984375,-0.146484375,-0.0244140625,0.927734375,-0.0244140625,-0.67138671875,-0.03662109375,-1.416015625,0.10986328125,-1.0498046875,0.20751953125,0.390625,0.048828125,-0.048828125,-0.13427734375,-0.40283203125,-0.06103515625,-0.29296875,-0.29296875,-0.439453125,-0.1220703125,-0.03662109375,0.01220703125,0.8544921875,0.048828125,-0.47607421875,0.23193359375,-0.52490234375
0,0.1220703125,-0.40283203125,-0.0244140625,-0.25634765625,0.32958984375,-0.3662109375,-0.15869140625,0.0244140625,-0.30517578125,0.10986328125,-0.28076171875,-0.7080078125,-0.0732421875,1.07421875,0.1708984375,-0.439453125,-0.23193359375,4.47998046875,0.08544921875,4.62646484375,-0.47607421875,4.150390625,-0.29296875,7.38525390625,0.341796875,-0.10986328125,0.2197265625,-0.79345703125,-0.1708984375,0.9033203125,-0.06103515625,0.1953125,0.048828125,-0.32958984375,-0.15869140625,-0.830078125,-0.29296875,-0.4638671875,-0.1220703125,-0.69580078125,-0.15869140625,-0.244140625,-0.2197265625,-0.6103515625,-0.01220703125,-0.42724609375,0.0244140625,0.57373046875,0.1220703125,1.171875,0.1220703125,0.48828125,-0.4150390625,-0.10986328125,0.0244140625,0.74462890625,-0.30517578125,0.634765625,-0.0732421875,0.45166015625,-0.25634765625,0.5859375,0.2197265625,0.13427734375,-0.4638671875,0.20751953125,-0.146484375,1.06201171875,-0.048828125,0.2197265625,-0.3173828125,0.2197265625,-0.2197265625,0.30517578125,-0.1953125,0.8056640625,0.10986328125,0.03662109375,0.1953125,1.35498046875,0.13427734375,-0.927734375,-0.06103515625,-0.3173828125,0.10986328125,-1.01318359375,-0.10986328125,-0.7568359375,0.1953125,-1.4892578125,-0.30517578125,-0.244140625,-0.146484375,-0.28076171875,0.048828125,-1.23291015625,0,-0.1708984375,-0.28076171875,1.5380859375,-0.2197265625,-0.3173828125,-0.03662109375,0.64697265625,-0.1708984375,-0.7080078125,0.08544921875,-1.42822265625,0.0732421875,-1.0498046875,0.1708984375,0.40283203125,0.048828125,-0.048828125,-0.146484375,-0.4150390625,-0.0732421875,-0.28076171875,-0.29296875,-0.439453125,-0.1220703125,-0.01220703125,-0.0244140625,0.84228515625,0.048828125,-0.47607421875,0.2197265625,-0.5126953125
0,0.09765625,-0.40283203125,-0.048828125,-0.25634765625,0.30517578125,-0.341796875,-0.1708984375,0.03662109375,-0.29296875,0.18310546875,-0.25634765625,-0.62255859375,-0.08544921875,1.1474609375,0.18310546875,-0.32958984375,-0.2197265625,4.19921875,0.13427734375,4.3212890625,-0.341796875,3.955078125,-0.244140625,6.87255859375,0.3173828125,-0.1220703125,0.1708984375,-0.79345703125,-0.29296875,0.927734375,-0.08544921875,0.1953125,0.09765625,-0.3662109375,-0.08544921875,-0.81787109375,-0.244140625,-0.45166015625,-0.13427734375,-0.72021484375,-0.1708984375,-0.2197265625,-0.13427734375,-0.59814453125,-0.09765625,-0.4638671875,0.01220703125,0.5615234375,0.15869140625,1.15966796875,0.1220703125,0.48828125,-0.390625,-0.08544921875,0,0.74462890625,-0.4150390625,0.634765625,-0.03662109375,0.45166015625,-0.28076171875,0.6103515625,0.2197265625,0.1220703125,-0.52490234375,0.23193359375,-0.10986328125,1.06201171875,-0.03662109375,0.20751953125,-0.30517578125,0.2197265625,-0.25634765625,0.3173828125,-0.20751953125,0.81787109375,0.10986328125,0.03662109375,0.2685546875,1.3671875,0.1220703125,-0.9033203125,-0.03662109375,-0.30517578125,0.15869140625,-1.06201171875,-0.06103515625,-0.76904296875,0.1708984375,-1.50146484375,-0.35400390625,-0.20751953125,-0.1220703125,-0.30517578125,-0.06103515625,-1.220703125,0,-0.42724609375,-0.1953125,0.96435546875,-0.2685546875,-0.4150390625,-0.048828125,0.3662109375,-0.28076171875,-0.74462890625,0.2197265625,-1.42822265625,0.01220703125,-1.06201171875,0.146484375,0.4150390625,0.03662109375,-0.03662109375,-0.1220703125,-0.4150390625,-0.0732421875,-0.30517578125,-0.28076171875,-0.45166015625,-0.15869140625,0.0244140625,-0.01220703125,0.8544921875,0.048828125,-0.47607421875,0.1953125,-0.47607421875
0,0.08544921875,-0.40283203125,-0.08544921875,-0.30517578125,0.30517578125,-0.35400390625,-0.146484375,0.048828125,-0.32958984375,0.20751953125,-0.25634765625,-0.57373046875,-0.10986328125,1.18408203125,0.15869140625,-0.23193359375,-0.25634765625,3.96728515625,0.2197265625,4.0771484375,-0.23193359375,3.759765625,-0.15869140625,6.3720703125,0.29296875,-0.1220703125,0.08544921875,-0.76904296875,-0.3662109375,0.9033203125,-0.1220703125,0.18310546875,0.08544921875,-0.35400390625,0.0244140625,-0.8056640625,-0.18310546875,-0.439453125,-0.1708984375,-0.7080078125,-0.146484375,-0.2197265625,-0.048828125,-0.62255859375,-0.146484375,-0.45166015625,0.0244140625,0.5859375,0.10986328125,1.13525390625,0.09765625,0.50048828125,-0.341796875,-0.08544921875,-0.01220703125,0.76904296875,-0.50048828125,0.634765625,0,0.45166015625,-0.29296875,0.634765625,0.25634765625,0.1220703125,-0.537109375,0.244140625,-0.06103515625,1.08642578125,-0.0732421875,0.23193359375,-0.29296875,0.244140625,-0.29296875,0.3173828125,-0.1953125,0.78125,0.10986328125,0.03662109375,0.30517578125,1.37939453125,0.09765625,-0.927734375,0.0244140625,-0.32958984375,0.10986328125,-1.0498046875,-0.01220703125,-0.7568359375,0.1220703125,-1.513671875,-0.341796875,-0.18310546875,-0.03662109375,-0.30517578125,-0.146484375,-1.20849609375,-0.01220703125,-0.6591796875,-0.146484375,0.40283203125,-0.29296875,-0.54931640625,-0.048828125,0.1708984375,-0.3173828125,-0.7568359375,0.3173828125,-1.4404296875,-0.06103515625,-1.0498046875,0.146484375,0.42724609375,0.01220703125,-0.048828125,-0.13427734375,-0.4150390625,-0.08544921875,-0.30517578125,-0.29296875,-0.42724609375,-0.15869140625,0.03662109375,0.01220703125,0.86669921875,0.048828125,-0.48828125,0.1708984375,-0.47607421875
1,0.06103515625,-0.4150390625,-0.048828125,-0.32958984375,0.30517578125,-0.35400390625,-0.13427734375,0.03662109375,-0.32958984375,0.25634765625,-0.2197265625,-0.54931640625,-0.15869140625,1.220703125,0.15869140625,-0.13427734375,-0.23193359375,3.759765625,0.2685546875,3.80859375,-0.1708984375,3.61328125,-0.10986328125,5.87158203125,0.25634765625,-0.13427734375,0.0244140625,-0.7568359375,-0.390625,0.9033203125,-0.15869140625,0.1953125,0,-0.341796875,0.1220703125,-0.79345703125,-0.10986328125,-0.4150390625,-0.1708984375,-0.7080078125,-0.048828125,-0.1953125,-0.03662109375,-0.6103515625,-0.15869140625,-0.439453125,0.01220703125,0.59814453125,0.0732421875,1.1474609375,0.0244140625,0.50048828125,-0.28076171875,-0.08544921875,0.01220703125,0.76904296875,-0.54931640625,0.634765625,0.10986328125,0.50048828125,-0.28076171875,0.634765625,0.30517578125,0.13427734375,-0.537109375,0.2685546875,0.01220703125,1.07421875,-0.0244140625,0.2197265625,-0.29296875,0.244140625,-0.3173828125,0.341796875,-0.18310546875,0.78125,0.13427734375,0.048828125,0.28076171875,1.35498046875,0.06103515625,-0.9521484375,0.09765625,-0.3173828125,0.06103515625,-1.06201171875,0.06103515625,-0.74462890625,0.08544921875,-1.50146484375,-0.35400390625,-0.1953125,0.09765625,-0.32958984375,-0.20751953125,-1.1962890625,0.01220703125,-0.9033203125,-0.146484375,-0.146484375,-0.28076171875,-0.68359375,-0.048828125,-0.0732421875,-0.28076171875,-0.7568359375,0.35400390625,-1.4404296875,-0.06103515625,-1.06201171875,0.13427734375,0.439453125,0.03662109375,-0.06103515625,-0.146484375,-0.4150390625,-0.0732421875,-0.3173828125,-0.2685546875,-0.45166015625,-0.15869140625,0.06103515625,-0.0244140625,0.84228515625,0.048828125,-0.5126953125,0.15869140625,-0.45166015625
1,0.03662109375,-0.4150390625,-0.06103515625,-0.30517578125,0.2685546875,-0.37841796875,-0.20751953125,0.03662109375,-0.341796875,0.2685546875,-0.20751953125,-0.54931640625,-0.1708984375,1.23291015625,0.13427734375,-0.06103515625,-0.1953125,3.57666015625,0.35400390625,3.61328125,-0.13427734375,3.466796875,0.13427734375,5.45654296875,0.20751953125,-0.13427734375,-0.03662109375,-0.7568359375,-0.32958984375,0.927734375,-0.13427734375,0.1953125,-0.08544921875,-0.30517578125,0.146484375,-0.76904296875,-0.03662109375,-0.390625,-0.15869140625,-0.69580078125,0.048828125,-0.1708984375,-0.03662109375,-0.62255859375,-0.1220703125,-0.439453125,0.01220703125,0.6103515625,0.03662109375,1.13525390625,-0.0732421875,0.50048828125,-0.2197265625,-0.09765625,0.01220703125,0.78125,-0.57373046875,0.64697265625,0.10986328125,0.54931640625,-0.25634765625,0.67138671875,0.25634765625,0.13427734375,-0.48828125,0.30517578125,0.03662109375,1.06201171875,0.01220703125,0.23193359375,-0.30517578125,0.244140625,-0.2685546875,0.35400390625,-0.146484375,0.830078125,0.10986328125,0.0732421875,0.2197265625,1.3671875,0.0732421875,-0.9521484375,0.146484375,-0.30517578125,0.03662109375,-1.07421875,0.10986328125,-0.74462890625,0.0732421875,-1.513671875,-0.3662109375,-0.1953125,0.23193359375,-0.3173828125,-0.2197265625,-1.171875,0.0244140625,-1.123046875,-0.1708984375,-0.69580078125,-0.25634765625,-0.78125,-0.048828125,-0.30517578125,-0.13427734375,-0.78125,0.29296875,-1.46484375,-0.06103515625,-1.0498046875,0.13427734375,0.4638671875,-0.01220703125,-0.06103515625,-0.13427734375,-0.40283203125,-0.08544921875,-0.32958984375,-0.29296875,-0.42724609375,-0.15869140625,0.06103515625,-0.03662109375,0.8544921875,0.0244140625,-0.52490234375,0.13427734375,-0.47607421875
1,0.03662109375,-0.390625,-0.08544921875,-0.341796875,0.2685546875,-0.390625,-0.1953125,0.0244140625,-0.341796875,0.29296875,-0.20751953125,-0.57373046875,-0.20751953125,1.20849609375,0.09765625,-0.0244140625,-0.18310546875,3.41796875,0.390625,3.4423828125,-0.146484375,3.33251953125,0.1953125,5.13916015625,0.1708984375,-0.1708984375,-0.10986328125,-0.74462890625,-0.244140625,0.927734375,-0.13427734375,0.2197265625,-0.13427734375,-0.25634765625,0.1953125,-0.732421875,0.0244140625,-0.35400390625,-0.13427734375,-0.7080078125,0.1708984375,-0.15869140625,-0.06103515625,-0.62255859375,-0.048828125,-0.37841796875,0.03662109375,0.62255859375,-0.0244140625,1.171875,-0.20751953125,0.4638671875,-0.146484375,-0.1220703125,0.0244140625,0.78125,-0.52490234375,0.64697265625,0.06103515625,0.537109375,-0.10986328125,0.67138671875,0.2685546875,0.13427734375,-0.45166015625,0.3173828125,0.048828125,1.07421875,0.03662109375,0.23193359375,-0.3662109375,0.244140625,-0.18310546875,0.341796875,-0.10986328125,0.81787109375,0.08544921875,0.0732421875,0.146484375,1.35498046875,0.13427734375,-0.927734375,0.1708984375,-0.32958984375,-0.03662109375,-1.06201171875,0.15869140625,-0.72021484375,0.06103515625,-1.47705078125,-0.341796875,-0.18310546875,0.29296875,-0.29296875,-0.1708984375,-1.1474609375,-0.01220703125,-1.28173828125,-0.23193359375,-1.1962890625,-0.2197265625,-0.87890625,-0.08544921875,-0.47607421875,0.048828125,-0.7568359375,0.23193359375,-1.47705078125,-0.01220703125,-1.03759765625,0.13427734375,0.47607421875,0.01220703125,-0.048828125,-0.1220703125,-0.390625,-0.0732421875,-0.341796875,-0.2685546875,-0.40283203125,-0.15869140625,0.0244140625,-0.03662109375,0.84228515625,0.01220703125,-0.50048828125,0.10986328125,-0.48828125
1,0.06103515625,-0.37841796875,-0.0732421875,-0.341796875,0.2685546875,-0.4150390625,-0.18310546875,0.0244140625,-0.32958984375,0.244140625,-0.2197265625,-0.62255859375,-0.2197265625,1.171875,0.09765625,-0.0732421875,-0.1708984375,3.30810546875,0.35400390625,3.2958984375,-0.18310546875,3.23486328125,0.25634765625,4.8828125,0.10986328125,-0.15869140625,-0.09765625,-0.7568359375,-0.10986328125,0.927734375,-0.09765625,0.23193359375,-0.15869140625,-0.25634765625,0.1708984375,-0.67138671875,0.06103515625,-0.3662109375,-0.13427734375,-0.7080078125,0.30517578125,-0.146484375,-0.10986328125,-0.64697265625,0.0732421875,-0.3662109375,0.0244140625,0.62255859375,-0.06103515625,1.18408203125,-0.2685546875,0.4638671875,-0.0732421875,-0.13427734375,0.06103515625,0.79345703125,-0.47607421875,0.6591796875,0.01220703125,0.54931640625,-0.06103515625,0.6591796875,0.13427734375,0.1708984375,-0.35400390625,0.3173828125,0.06103515625,1.06201171875,0.08544921875,0.23193359375,-0.390625,0.244140625,-0.13427734375,0.341796875,-0.08544921875,0.81787109375,0.0732421875,0.0732421875,0.08544921875,1.35498046875,0.15869140625,-0.91552734375,0.15869140625,-0.32958984375,-0.06103515625,-1.06201171875,0.13427734375,-0.732421875,0.08544921875,-1.47705078125,-0.3173828125,-0.2197265625,0.3173828125,-0.28076171875,-0.06103515625,-1.15966796875,-0.048828125,-1.4404296875,-0.32958984375,-1.57470703125,-0.1708984375,-1.0009765625,-0.1220703125,-0.59814453125,0.2685546875,-0.7568359375,0.146484375,-1.46484375,0.0244140625,-1.03759765625,0.09765625,0.4638671875,-0.0244140625,-0.06103515625,-0.13427734375,-0.40283203125,-0.08544921875,-0.35400390625,-0.25634765625,-0.4150390625,-0.146484375,0.0244140625,-0.0244140625,0.8544921875,0.01220703125,-0.5126953125,0.0732421875,-0.4638671875
1,0.08544921875,-0.3662109375,-0.10986328125,-0.3173828125,0.2685546875,-0.4150390625,-0.13427734375,0.06103515625,-0.28076171875,0.244140625,-0.1953125,-0.67138671875,-0.1953125,1.0986328125,0.09765625,-0.1220703125,-0.20751953125,3.16162109375,0.30517578125,3.173828125,-0.1953125,3.13720703125,0.341796875,4.74853515625,0.06103515625,-0.1708984375,-0.09765625,-0.78125,0.01220703125,0.927734375,-0.03662109375,0.244140625,-0.1708984375,-0.25634765625,0.13427734375,-0.5859375,0.09765625,-0.390625,-0.1220703125,-0.7080078125,0.37841796875,-0.1708984375,-0.15869140625,-0.64697265625,0.1953125,-0.37841796875,-0.01220703125,0.62255859375,-0.0732421875,1.220703125,-0.3662109375,0.439453125,0.01220703125,-0.146484375,0.09765625,0.78125,-0.439453125,0.6591796875,0.0732421875,0.5615234375,0.01220703125,0.6591796875,0.01220703125,0.146484375,-0.2685546875,0.32958984375,0.08544921875,1.06201171875,0.10986328125,0.244140625,-0.4150390625,0.25634765625,-0.06103515625,0.32958984375,-0.01220703125,0.84228515625,0.03662109375,0.0732421875,0.0244140625,1.37939453125,0.1953125,-0.9033203125,0.15869140625,-0.341796875,-0.06103515625,-1.025390625,0.0732421875,-0.74462890625,0.08544921875,-1.47705078125,-0.2685546875,-0.2197265625,0.25634765625,-0.25634765625,0.06103515625,-1.1474609375,-0.09765625,-1.513671875,-0.37841796875,-1.8310546875,-0.10986328125,-1.08642578125,-0.09765625,-0.67138671875,0.439453125,-0.7080078125,0.08544921875,-1.4404296875,0.0732421875,-1.03759765625,0.08544921875,0.45166015625,-0.01220703125,-0.048828125,-0.13427734375,-0.40283203125,-0.06103515625,-0.32958984375,-0.28076171875,-0.37841796875,-0.1220703125,0.01220703125,-0.048828125,0.86669921875,-0.03662109375,-0.48828125,0.06103515625,-0.47607421875
1,0.10986328125,-0.3662109375,-0.09765625,-0.28076171875,0.23193359375,-0.4150390625,-0.10986328125,0.06103515625,-0.28076171875,0.1953125,-0.20751953125,-0.732421875,-0.20751953125,1.07421875,0.1708984375,-0.2197265625,-0.2197265625,3.02734375,0.244140625,3.03955078125,-0.23193359375,3.076171875,0.35400390625,4.6142578125,0.0244140625,-0.15869140625,-0.06103515625,-0.78125,0.09765625,0.927734375,0.048828125,0.25634765625,-0.13427734375,-0.28076171875,0.0732421875,-0.42724609375,0.0732421875,-0.390625,-0.0732421875,-0.69580078125,0.42724609375,-0.15869140625,-0.20751953125,-0.62255859375,0.32958984375,-0.37841796875,0.0244140625,0.6103515625,-0.146484375,1.220703125,-0.37841796875,0.439453125,0.0732421875,-0.18310546875,0.1953125,0.78125,-0.40283203125,0.6591796875,0.01220703125,0.52490234375,0.146484375,0.634765625,0.0244140625,0.1708984375,-0.146484375,0.35400390625,0.08544921875,1.08642578125,0.13427734375,0.244140625,-0.4150390625,0.244140625,-0.0244140625,0.3173828125,0.0244140625,0.8056640625,0.0244140625,0.06103515625,-0.0732421875,1.3916015625,0.18310546875,-0.89111328125,0.1220703125,-0.3173828125,-0.03662109375,-1.025390625,0.01220703125,-0.74462890625,0.09765625,-1.47705078125,-0.20751953125,-0.25634765625,0.23193359375,-0.244140625,0.18310546875,-1.15966796875,-0.146484375,-1.5380859375,-0.45166015625,-1.91650390625,-0.048828125,-1.171875,-0.06103515625,-0.68359375,0.5126953125,-0.68359375,0.03662109375,-1.42822265625,0.1220703125,-1.03759765625,0.08544921875,0.42724609375,0,-0.06103515625,-0.08544921875,-0.4150390625,-0.0732421875,-0.30517578125,-0.25634765625,-0.37841796875,-0.13427734375,0.01220703125,-0.09765625,0.8544921875,-0.048828125,-0.4638671875,0.048828125,-0.48828125
1,0.10986328125,-0.390625,-0.0732421875,-0.2685546875,0.23193359375,-0.4150390625,-0.0732421875,0.08544921875,-0.25634765625,0.146484375,-0.1953125,-0.76904296875,-0.18310546875,1.025390625,0.1708984375,-0.3173828125,-0.2685546875,2.86865234375,0.15869140625,2.94189453125,-0.244140625,2.96630859375,0.30517578125,4.443359375,0,-0.15869140625,0,-0.79345703125,0.1220703125,0.93994140625,0.10986328125,0.25634765625,-0.10986328125,-0.30517578125,0,-0.25634765625,0.01220703125,-0.4150390625,-0.01220703125,-0.7080078125,0.4150390625,-0.18310546875,-0.2197265625,-0.634765625,0.40283203125,-0.42724609375,0.048828125,0.59814453125,-0.1708984375,1.220703125,-0.341796875,0.4638671875,0.15869140625,-0.146484375,0.25634765625,0.78125,-0.35400390625,0.634765625,-0.0244140625,0.47607421875,0.25634765625,0.6103515625,-0.048828125,0.1708984375,0,0.341796875,0.0732421875,1.06201171875,0.13427734375,0.2685546875,-0.40283203125,0.244140625,0.0244140625,0.32958984375,0.08544921875,0.8056640625,0,0.0732421875,-0.13427734375,1.3916015625,0.18310546875,-0.9033203125,0.048828125,-0.3173828125,-0.0244140625,-1.01318359375,-0.10986328125,-0.74462890625,0.1220703125,-1.4892578125,-0.1220703125,-0.2685546875,0.1953125,-0.25634765625,0.30517578125,-1.15966796875,-0.20751953125,-1.4892578125,-0.50048828125,-1.8798828125,0,-1.220703125,-0.01220703125,-0.64697265625,0.48828125,-0.68359375,0.048828125,-1.42822265625,0.146484375,-1.0498046875,0.10986328125,0.42724609375,-0.01220703125,-0.06103515625,-0.08544921875,-0.4150390625,-0.0732421875,-0.32958984375,-0.28076171875,-0.390625,-0.10986328125,-0.01220703125,-0.08544921875,0.86669921875,-0.06103515625,-0.4638671875,0,-0.4638671875
1,0.10986328125,-0.37841796875,-0.10986328125,-0.25634765625,0.2197265625,-0.37841796875,-0.0732421875,0.09765625,-0.2197265625,0.10986328125,-0.1953125,-0.7568359375,-0.15869140625,1.0009765625,0.15869140625,-0.4150390625,-0.3173828125,2.6611328125,0.0732421875,2.79541015625,-0.23193359375,2.84423828125,0.18310546875,4.21142578125,0.0244140625,-0.146484375,0.06103515625,-0.78125,0.1220703125,0.9521484375,0.1708984375,0.25634765625,-0.1220703125,-0.32958984375,0,-0.03662109375,-0.048828125,-0.42724609375,0.048828125,-0.69580078125,0.390625,-0.1708984375,-0.1953125,-0.634765625,0.40283203125,-0.42724609375,0.08544921875,0.6103515625,-0.18310546875,1.20849609375,-0.28076171875,0.4638671875,0.23193359375,-0.15869140625,0.29296875,0.76904296875,-0.29296875,0.634765625,-0.09765625,0.439453125,0.244140625,0.59814453125,-0.048828125,0.18310546875,0.08544921875,0.35400390625,0.09765625,1.0498046875,0.09765625,0.23193359375,-0.37841796875,0.25634765625,0.048828125,0.32958984375,0.09765625,0.79345703125,0,0.0732421875,-0.18310546875,1.3916015625,0.15869140625,-0.87890625,-0.01220703125,-0.32958984375,-0.03662109375,-1.0009765625,-0.2197265625,-0.74462890625,0.1708984375,-1.50146484375,-0.03662109375,-0.28076171875,0.1708984375,-0.2197265625,0.37841796875,-1.15966796875,-0.2197265625,-1.3916015625,-0.5126953125,-1.6845703125,0.01220703125,-1.1962890625,0.0732421875,-0.5615234375,0.3662109375,-0.68359375,0.0732421875,-1.40380859375,0.20751953125,-1.025390625,0.146484375,0.40283203125,0,-0.048828125,-0.08544921875,-0.439453125,-0.0732421875,-0.30517578125,-0.244140625,-0.37841796875,-0.10986328125,0,-0.08544921875,0.87890625,-0.0732421875,-0.4638671875,-0.01220703125,-0.4638671875
1,0.09765625,-0.37841796875,-0.1220703125,-0.244140625,0.23193359375,-0.390625,-0.03662109375,0.1220703125,-0.20751953125,0.06103515625,-0.15869140625,-0.74462890625,-0.13427734375,0.98876953125,0.1708984375,-0.48828125,-0.35400390625,2.42919921875,0.03662109375,2.60009765625,-0.2197265625,2.6611328125,0.01220703125,3.857421875,0.06103515625,-0.15869140625,0.10986328125,-0.79345703125,0.08544921875,0.91552734375,0.244140625,0.244140625,-0.20751953125,-0.35400390625,0,0.244140625,-0.13427734375,-0.439453125,0.08544921875,-0.7080078125,0.2685546875,-0.15869140625,-0.13427734375,-0.62255859375,0.3173828125,-0.439453125,0.15869140625,0.59814453125,-0.2197265625,1.18408203125,-0.18310546875,0.48828125,0.244140625,-0.13427734375,0.3173828125,0.76904296875,-0.30517578125,0.5859375,-0.0732421875,0.390625,0.25634765625,0.5859375,-0.03662109375,0.1708984375,0.1220703125,0.35400390625,0.10986328125,1.07421875,0.08544921875,0.244140625,-0.32958984375,0.244140625,0.0732421875,0.3173828125,0.13427734375,0.79345703125,-0.0244140625,0.0732421875,-0.20751953125,1.3916015625,0.15869140625,-0.9033203125,-0.06103515625,-0.32958984375,-0.06103515625,-0.98876953125,-0.29296875,-0.74462890625,0.23193359375,-1.513671875,0,-0.29296875,0.1953125,-0.20751953125,0.37841796875,-1.15966796875,-0.244140625,-1.2939453125,-0.4150390625,-1.416015625,0.0244140625,-1.15966796875,0.13427734375,-0.439453125,0.1708984375,-0.68359375,0.1220703125,-1.40380859375,0.2197265625,-1.0498046875,0.15869140625,0.37841796875,0,-0.03662109375,-0.08544921875,-0.439453125,-0.08544921875,-0.3173828125,-0.2197265625,-0.40283203125,-0.1220703125,0,-0.09765625,0.8544921875,-0.10986328125,-0.45166015625,0.01220703125,-0.45166015625
1,0.0732421875,-0.390625,-0.08544921875,-0.25634765625,0.244140625,-0.390625,-0.03662109375,0.13427734375,-0.23193359375,0.048828125,-0.18310546875,-0.732421875,-0.09765625,1.01318359375,0.13427734375,-0.48828125,-0.390625,2.1484375,-0.06103515625,2.34375,-0.28076171875,2.45361328125,-0.09765625,3.33251953125,0.0732421875,-0.15869140625,0.09765625,-0.78125,0.03662109375,0.9033203125,0.2685546875,0.23193359375,-0.30517578125,-0.35400390625,-0.01220703125,0.52490234375,-0.1953125,-0.4150390625,0.08544921875,-0.69580078125,0.0732421875,-0.1708984375,-0.0732421875,-0.62255859375,0.146484375,-0.4638671875,0.2197265625,0.62255859375,-0.146484375,1.15966796875,-0.10986328125,0.5126953125,0.20751953125,-0.146484375,0.3173828125,0.7568359375,-0.32958984375,0.59814453125,-0.06103515625,0.37841796875,0.2197265625,0.6103515625,-0.1220703125,0.15869140625,0.1953125,0.3173828125,0.13427734375,1.07421875,0.06103515625,0.20751953125,-0.28076171875,0.25634765625,0.1220703125,0.32958984375,0.146484375,0.8056640625,-0.0244140625,0.048828125,-0.23193359375,1.3916015625,0.1220703125,-0.9033203125,-0.1220703125,-0.3173828125,-0.09765625,-1.0009765625,-0.30517578125,-0.7568359375,0.25634765625,-1.52587890625,0.0244140625,-0.25634765625,0.2197265625,-0.244140625,0.35400390625,-1.1474609375,-0.244140625,-1.1962890625,-0.30517578125,-1.123046875,0.01220703125,-1.06201171875,0.146484375,-0.32958984375,-0.06103515625,-0.72021484375,0.15869140625,-1.416015625,0.20751953125,-1.06201171875,0.15869140625,0.390625,0,-0.06103515625,-0.0732421875,-0.42724609375,-0.08544921875,-0.32958984375,-0.18310546875,-0.40283203125,-0.13427734375,-0.01220703125,-0.0732421875,0.830078125,-0.1220703125,-0.4638671875,0.01220703125,-0.45166015625
1,0.0732421875,-0.37841796875,-0.09765625,-0.25634765625,0.2685546875,-0.37841796875,-0.03662109375,0.1220703125,-0.23193359375,0.06103515625,-0.15869140625,-0.68359375,-0.0732421875,1.03759765625,0.13427734375,-0.4638671875,-0.390625,1.81884765625,-0.13427734375,2.0263671875,-0.341796875,2.18505859375,-0.28076171875,2.6123046875,0.15869140625,-0.13427734375,0.0732421875,-0.76904296875,0.0244140625,0.9033203125,0.2685546875,0.23193359375,-0.439453125,-0.35400390625,0.09765625,0.8056640625,-0.20751953125,-0.40283203125,0.06103515625,-0.68359375,-0.15869140625,-0.18310546875,-0.06103515625,-0.6103515625,0,-0.47607421875,0.23193359375,0.64697265625,-0.08544921875,1.123046875,-0.08544921875,0.52490234375,0.15869140625,-0.13427734375,0.244140625,0.74462890625,-0.390625,0.59814453125,-0.048828125,0.37841796875,0.244140625,0.6103515625,-0.20751953125,0.146484375,0.2197265625,0.30517578125,0.08544921875,1.07421875,0.048828125,0.18310546875,-0.244140625,0.244140625,0.15869140625,0.3173828125,0.13427734375,0.78125,-0.048828125,0.048828125,-0.23193359375,1.37939453125,0.06103515625,-0.927734375,-0.18310546875,-0.32958984375,-0.15869140625,-1.01318359375,-0.2685546875,-0.7568359375,0.28076171875,-1.5380859375,0.0244140625,-0.2685546875,0.25634765625,-0.2685546875,0.23193359375,-1.1474609375,-0.25634765625,-1.07421875,-0.1708984375,-0.830078125,-0.01220703125,-0.91552734375,0.146484375,-0.23193359375,-0.25634765625,-0.732421875,0.146484375,-1.416015625,0.18310546875,-1.0498046875,0.146484375,0.390625,0,-0.06103515625,-0.08544921875,-0.42724609375,-0.06103515625,-0.3173828125,-0.1953125,-0.439453125,-0.146484375,0.03662109375,-0.08544921875,0.81787109375,-0.13427734375,-0.45166015625,0,-0.4638671875
1,0.0732421875,-0.37841796875,-0.0732421875,-0.25634765625,0.28076171875,-0.35400390625,-0.0244140625,0.10986328125,-0.2197265625,0.08544921875,-0.10986328125,-0.68359375,-0.03662109375,1.07421875,0.18310546875,-0.37841796875,-0.35400390625,1.416015625,-0.1708984375,1.6357421875,-0.390625,1.904296875,-0.25634765625,1.806640625,0.2197265625,-0.13427734375,0.03662109375,-0.74462890625,0.01220703125,0.91552734375,0.1953125,0.20751953125,-0.537109375,-0.3662109375,0.10986328125,1.06201171875,-0.2197265625,-0.390625,0.0244140625,-0.7080078125,-0.30517578125,-0.18310546875,-0.0732421875,-0.62255859375,-0.146484375,-0.4638671875,0.23193359375,0.64697265625,-0.0244140625,1.0986328125,-0.048828125,0.5126953125,0.09765625,-0.1220703125,0.2197265625,0.76904296875,-0.42724609375,0.5859375,0.01220703125,0.390625,0.1953125,0.6591796875,-0.2685546875,0.1220703125,0.25634765625,0.29296875,0.0732421875,1.07421875,0.03662109375,0.1708984375,-0.1953125,0.244140625,0.23193359375,0.30517578125,0.1220703125,0.78125,-0.06103515625,0.03662109375,-0.244140625,1.37939453125,0,-0.93994140625,-0.244140625,-0.32958984375,-0.2197265625,-1.01318359375,-0.18310546875,-0.76904296875,0.29296875,-1.52587890625,-0.01220703125,-0.2685546875,0.3173828125,-0.28076171875,0.06103515625,-1.15966796875,-0.244140625,-0.9765625,-0.01220703125,-0.6103515625,-0.048828125,-0.86669921875,0.10986328125,-0.146484375,-0.35400390625,-0.7080078125,0.13427734375,-1.416015625,0.1220703125,-1.03759765625,0.08544921875,0.42724609375,0,-0.0732421875,-0.09765625,-0.390625,-0.0732421875,-0.341796875,-0.15869140625,-0.439453125,-0.146484375,0.03662109375,-0.0244140625,0.81787109375,-0.1220703125,-0.439453125,0.0244140625,-0.47607421875
1,0.06103515625,-0.390625,-0.146484375,-0.25634765625,0.29296875,-0.3662109375,0,0.10986328125,-0.244140625,0.0732421875,-0.146484375,-0.69580078125,-0.06103515625,1.06201171875,0.15869140625,-0.30517578125,-0.341796875,0.9765625,-0.1953125,1.20849609375,-0.4638671875,1.5625,-0.23193359375,0.96435546875,0.28076171875,-0.15869140625,-0.03662109375,-0.76904296875,0,0.91552734375,0.0732421875,0.2197265625,-0.59814453125,-0.3173828125,0.23193359375,1.2451171875,-0.23193359375,-0.37841796875,-0.03662109375,-0.68359375,-0.40283203125,-0.1708984375,-0.146484375,-0.6103515625,-0.25634765625,-0.42724609375,0.1708984375,0.6591796875,0.01220703125,1.08642578125,0.0244140625,0.50048828125,0.048828125,-0.13427734375,0.1953125,0.7568359375,-0.47607421875,0.5859375,-0.03662109375,0.42724609375,0.01220703125,0.69580078125,-0.3173828125,0.10986328125,0.2685546875,0.28076171875,0.048828125,1.06201171875,0,0.15869140625,-0.1708984375,0.25634765625,0.2685546875,0.29296875,0.06103515625,0.830078125,-0.03662109375,0.0244140625,-0.1953125,1.3671875,-0.0732421875,-0.9765625,-0.2685546875,-0.3173828125,-0.23193359375,-1.0009765625,-0.06103515625,-0.74462890625,0.30517578125,-1.52587890625,-0.048828125,-0.25634765625,0.32958984375,-0.3173828125,-0.09765625,-1.15966796875,-0.1953125,-0.9521484375,-0.0244140625,-0.52490234375,-0.08544921875,-0.830078125,0.08544921875,-0.13427734375,-0.341796875,-0.72021484375,0.048828125,-1.42822265625,0.10986328125,-1.0498046875,0.048828125,0.40283203125,0,-0.08544921875,-0.08544921875,-0.3662109375,-0.08544921875,-0.35400390625,-0.1953125,-0.439453125,-0.13427734375,0.0244140625,-0.01220703125,0.8056640625,-0.1220703125,-0.4638671875,0.06103515625,-0.4638671875
1,0.048828125,-0.40283203125,-0.13427734375,-0.2685546875,0.32958984375,-0.37841796875,-0.0244140625,0.08544921875,-0.20751953125,0.09765625,-0.10986328125,-0.72021484375,-0.03662109375,1.06201171875,0.23193359375,-0.23193359375,-0.341796875,0.57373046875,-0.1708984375,0.830078125,-0.59814453125,1.26953125,-0.10986328125,0.18310546875,0.30517578125,-0.15869140625,-0.09765625,-0.76904296875,0,0.927734375,-0.0732421875,0.2197265625,-0.59814453125,-0.29296875,0.30517578125,1.3671875,-0.20751953125,-0.40283203125,-0.06103515625,-0.68359375,-0.390625,-0.1953125,-0.244140625,-0.62255859375,-0.3173828125,-0.40283203125,0.146484375,0.62255859375,0,1.123046875,0.048828125,0.50048828125,-0.0244140625,-0.146484375,0.2197265625,0.7568359375,-0.48828125,0.6103515625,-0.0244140625,0.45166015625,-0.06103515625,0.76904296875,-0.1708984375,0.10986328125,0.244140625,0.28076171875,0.048828125,1.07421875,0.0244140625,0.18310546875,-0.146484375,0.244140625,0.2197265625,0.29296875,0.048828125,0.8056640625,-0.06103515625,0.01220703125,-0.18310546875,1.3671875,-0.09765625,-0.98876953125,-0.2685546875,-0.3173828125,-0.20751953125,-1.0009765625,0.03662109375,-0.7568359375,0.29296875,-1.513671875,-0.10986328125,-0.23193359375,0.29296875,-0.32958984375,-0.25634765625,-1.15966796875,-0.06103515625,-0.98876953125,0,-0.5615234375,-0.10986328125,-0.7568359375,0.10986328125,-0.1708984375,-0.23193359375,-0.732421875,-0.08544921875,-1.4404296875,0.08544921875,-1.06201171875,0.01220703125,0.4150390625,-0.01220703125,-0.08544921875,-0.09765625,-0.37841796875,-0.06103515625,-0.35400390625,-0.18310546875,-0.42724609375,-0.13427734375,0.048828125,-0.0244140625,0.81787109375,-0.1220703125,-0.47607421875,0.0732421875,-0.48828125
1,0.0732421875,-0.390625,-0.15869140625,-0.2685546875,0.29296875,-0.3662109375,-0.0244140625,0.06103515625,-0.1953125,0.08544921875,-0.09765625,-0.76904296875,-0.0244140625,1.03759765625,0.25634765625,-0.1708984375,-0.29296875,0.20751953125,-0.1220703125,0.48828125,-0.634765625,1.025390625,0.08544921875,-0.45166015625,0.2197265625,-0.18310546875,-0.13427734375,-0.7568359375,-0.0244140625,0.93994140625,-0.244140625,0.23193359375,-0.48828125,-0.29296875,0.29296875,1.3671875,-0.1953125,-0.439453125,-0.09765625,-0.7080078125,-0.3173828125,-0.1708984375,-0.32958984375,-0.62255859375,-0.32958984375,-0.390625,0.0732421875,0.634765625,0.0244140625,1.15966796875,0.0732421875,0.45166015625,-0.048828125,-0.1708984375,0.244140625,0.78125,-0.47607421875,0.634765625,-0.03662109375,0.48828125,-0.13427734375,0.8056640625,-0.146484375,0.1220703125,0.28076171875,0.28076171875,-0.0244140625,1.0498046875,-0.01220703125,0.18310546875,-0.146484375,0.2197265625,0.20751953125,0.28076171875,0.0244140625,0.79345703125,-0.03662109375,0,-0.1708984375,1.3427734375,-0.0732421875,-1.0009765625,-0.244140625,-0.30517578125,-0.15869140625,-1.0009765625,0.1220703125,-0.74462890625,0.2685546875,-1.47705078125,-0.15869140625,-0.244140625,0.18310546875,-0.341796875,-0.30517578125,-1.171875,-0.01220703125,-1.025390625,-0.0732421875,-0.68359375,-0.13427734375,-0.7568359375,0.03662109375,-0.2197265625,-0.048828125,-0.732421875,-0.1953125,-1.45263671875,0.09765625,-1.03759765625,-0.0244140625,0.42724609375,-0.03662109375,-0.06103515625,-0.10986328125,-0.3662109375,-0.0732421875,-0.35400390625,-0.18310546875,-0.4150390625,-0.13427734375,0.03662109375,-0.03662109375,0.8056640625,-0.15869140625,-0.48828125,0.08544921875,-0.5126953125
0,0.08544921875,-0.3662109375,-0.146484375,-0.2685546875,0.3173828125,-0.390625,0,0.048828125,-0.15869140625,0.0244140625,-0.1220703125,-0.830078125,0,1.025390625,0.25634765625,-0.18310546875,-0.25634765625,-0.048828125,-0.09765625,0.25634765625,-0.67138671875,0.8544921875,0.23193359375,-0.84228515625,0.10986328125,-0.18310546875,-0.15869140625,-0.78125,-0.09765625,0.93994140625,-0.3662109375,0.2197265625,-0.390625,-0.2685546875,0.35400390625,1.2451171875,-0.10986328125,-0.45166015625,-0.146484375,-0.69580078125,-0.13427734375,-0.18310546875,-0.4150390625,-0.6103515625,-0.30517578125,-0.390625,0.0244140625,0.634765625,-0.0244140625,1.18408203125,0.0732421875,0.45166015625,-0.08544921875,-0.1708984375,0.2197265625,0.76904296875,-0.45166015625,0.634765625,0,0.50048828125,-0.23193359375,0.84228515625,-0.09765625,0.13427734375,0.29296875,0.25634765625,-0.13427734375,1.0498046875,-0.0244140625,0.20751953125,-0.1708984375,0.2197265625,0.1953125,0.29296875,-0.01220703125,0.84228515625,-0.03662109375,0.01220703125,-0.15869140625,1.3427734375,-0.06103515625,-1.0009765625,-0.1953125,-0.3173828125,-0.03662109375,-1.0009765625,0.1708984375,-0.72021484375,0.23193359375,-1.4892578125,-0.20751953125,-0.244140625,0.0244140625,-0.35400390625,-0.23193359375,-1.18408203125,0.09765625,-1.0498046875,-0.15869140625,-0.87890625,-0.1220703125,-0.8056640625,-0.03662109375,-0.30517578125,0.15869140625,-0.69580078125,-0.244140625,-1.4404296875,0.09765625,-1.025390625,-0.048828125,0.40283203125,-0.048828125,-0.06103515625,-0.10986328125,-0.35400390625,-0.08544921875,-0.3662109375,-0.18310546875,-0.42724609375,-0.1220703125,0.03662109375,-0.03662109375,0.8056640625,-0.146484375,-0.47607421875,0.09765625,-0.5126953125
0,0.10986328125,-0.390625,-0.13427734375,-0.30517578125,0.28076171875,-0.40283203125,-0.01220703125,0.01220703125,-0.1708984375,0.01220703125,-0.10986328125,-0.87890625,-0.01220703125,0.9765625,0.244140625,-0.2197265625,-0.1953125,-0.1708984375,-0.048828125,0.18310546875,-0.59814453125,0.81787109375,0.35400390625,-0.89111328125,-0.048828125,-0.1708984375,-0.1708984375,-0.8056640625,-0.1708984375,0.9521484375,-0.439453125,0.23193359375,-0.23193359375,-0.25634765625,0.35400390625,1.03759765625,-0.06103515625,-0.4638671875,-0.1708984375,-0.7080078125,0.01220703125,-0.1708984375,-0.390625,-0.59814453125,-0.2197265625,-0.37841796875,0.01220703125,0.6103515625,-0.146484375,1.1962890625,0.0732421875,0.439453125,-0.08544921875,-0.18310546875,0.18310546875,0.78125,-0.40283203125,0.634765625,0,0.52490234375,-0.4150390625,0.89111328125,-0.08544921875,0.146484375,0.2197265625,0.2685546875,-0.1708984375,1.03759765625,-0.0244140625,0.2197265625,-0.18310546875,0.23193359375,0.146484375,0.29296875,0,0.84228515625,-0.01220703125,0.03662109375,-0.18310546875,1.3427734375,-0.01220703125,-0.98876953125,-0.09765625,-0.30517578125,0.03662109375,-0.98876953125,0.15869140625,-0.74462890625,0.18310546875,-1.47705078125,-0.20751953125,-0.244140625,-0.13427734375,-0.341796875,-0.146484375,-1.171875,0.1708984375,-1.11083984375,-0.1220703125,-1.08642578125,-0.08544921875,-0.87890625,-0.06103515625,-0.3662109375,0.25634765625,-0.68359375,-0.20751953125,-1.4404296875,0.10986328125,-1.0498046875,-0.08544921875,0.42724609375,-0.01220703125,-0.048828125,-0.09765625,-0.37841796875,-0.0732421875,-0.341796875,-0.18310546875,-0.390625,-0.146484375,0.048828125,-0.0244140625,0.830078125,-0.146484375,-0.47607421875,0.10986328125,-0.52490234375
0,0.0732421875,-0.37841796875,-0.1220703125,-0.30517578125,0.2685546875,-0.40283203125,0.03662109375,-0.0244140625,-0.146484375,-0.0244140625,-0.1220703125,-0.91552734375,0,0.9521484375,0.244140625,-0.2685546875,-0.20751953125,-0.09765625,0,0.29296875,-0.5126953125,0.927734375,0.3173828125,-0.59814453125,-0.23193359375,-0.18310546875,-0.15869140625,-0.81787109375,-0.244140625,0.93994140625,-0.42724609375,0.25634765625,-0.08544921875,-0.244140625,0.35400390625,0.69580078125,0,-0.439453125,-0.1953125,-0.68359375,0.15869140625,-0.146484375,-0.30517578125,-0.6103515625,-0.1220703125,-0.40283203125,-0.01220703125,0.6103515625,-0.2197265625,1.20849609375,0.03662109375,0.439453125,-0.048828125,-0.18310546875,0.13427734375,0.76904296875,-0.390625,0.634765625,0.0732421875,0.537109375,-0.40283203125,0.89111328125,-0.1220703125,0.15869140625,0.1708984375,0.2685546875,-0.2197265625,1.03759765625,0,0.23193359375,-0.1953125,0.23193359375,0.146484375,0.30517578125,-0.03662109375,0.8544921875,0.0244140625,0.03662109375,-0.18310546875,1.3427734375,0,-0.93994140625,-0.03662109375,-0.29296875,0.13427734375,-0.98876953125,0.1220703125,-0.72021484375,0.09765625,-1.4892578125,-0.1953125,-0.2197265625,-0.244140625,-0.30517578125,0.048828125,-1.18408203125,0.15869140625,-1.15966796875,-0.15869140625,-1.25732421875,-0.08544921875,-0.96435546875,-0.18310546875,-0.40283203125,0.3173828125,-0.67138671875,-0.09765625,-1.4404296875,0.09765625,-1.03759765625,-0.13427734375,0.40283203125,-0.01220703125,-0.048828125,-0.10986328125,-0.390625,-0.06103515625,-0.35400390625,-0.2197265625,-0.37841796875,-0.146484375,0.03662109375,-0.0244140625,0.8056640625,-0.15869140625,-0.48828125,0.10986328125,-0.537109375
0,0.06103515625,-0.341796875,-0.15869140625,-0.29296875,0.25634765625,-0.390625,0,-0.01220703125,-0.146484375,-0.0244140625,-0.0732421875,-0.93994140625,0.01220703125,0.927734375,0.2685546875,-0.30517578125,-0.23193359375,0.18310546875,0.0732421875,0.57373046875,-0.35400390625,1.171875,0.32958984375,0.0244140625,-0.37841796875,-0.1708984375,-0.13427734375,-0.830078125,-0.30517578125,0.93994140625,-0.30517578125,0.25634765625,-0.048828125,-0.2685546875,0.3662109375,0.3173828125,0.03662109375,-0.4150390625,-0.1708984375,-0.67138671875,0.23193359375,-0.146484375,-0.23193359375,-0.634765625,-0.01220703125,-0.40283203125,-0.01220703125,0.6103515625,-0.35400390625,1.18408203125,0.01220703125,0.4638671875,-0.03662109375,-0.18310546875,0.0732421875,0.76904296875,-0.3662109375,0.64697265625,0.0732421875,0.50048828125,-0.47607421875,0.86669921875,-0.23193359375,0.18310546875,0.0732421875,0.2685546875,-0.244140625,1.01318359375,-0.01220703125,0.25634765625,-0.244140625,0.244140625,0.09765625,0.3173828125,-0.08544921875,0.87890625,0.06103515625,0.03662109375,-0.20751953125,1.35498046875,0.048828125,-0.927734375,0.06103515625,-0.29296875,0.1708984375,-0.98876953125,0.08544921875,-0.7080078125,0.048828125,-1.4892578125,-0.1953125,-0.20751953125,-0.2685546875,-0.29296875,0.18310546875,-1.20849609375,0.146484375,-1.1474609375,-0.1708984375,-1.3427734375,-0.1220703125,-0.98876953125,-0.244140625,-0.390625,0.25634765625,-0.67138671875,0.048828125,-1.416015625,0.09765625,-1.025390625,-0.13427734375,0.390625,-0.01220703125,-0.03662109375,-0.10986328125,-0.4150390625,-0.08544921875,-0.35400390625,-0.2197265625,-0.3662109375,-0.13427734375,0.01220703125,-0.048828125,0.78125,-0.15869140625,-0.47607421875,0.10986328125,-0.54931640625
0,0.06103515625,-0.3662109375,-0.10986328125,-0.28076171875,0.244140625,-0.3662109375,-0.0244140625,0,-0.13427734375,-0.01220703125,-0.06103515625,-0.9033203125,0.01220703125,0.93994140625,0.25634765625,-0.32958984375,-0.28076171875,0.6103515625,0.09765625,1.06201171875,-0.23193359375,1.5380859375,0.30517578125,0.927734375,-0.50048828125,-0.1708984375,-0.1220703125,-0.81787109375,-0.37841796875,0.927734375,-0.10986328125,0.23193359375,-0.0244140625,-0.30517578125,0.37841796875,-0.1220703125,0.048828125,-0.40283203125,-0.13427734375,-0.68359375,0.244140625,-0.146484375,-0.06103515625,-0.64697265625,0.06103515625,-0.4150390625,0.0732421875,0.59814453125,-0.4150390625,1.15966796875,-0.0244140625,0.48828125,0.01220703125,-0.15869140625,0,0.7568359375,-0.3173828125,0.634765625,0.048828125,0.47607421875,-0.4638671875,0.79345703125,-0.32958984375,0.1953125,0,0.2685546875,-0.23193359375,1.025390625,-0.03662109375,0.2685546875,-0.28076171875,0.23193359375,0.0732421875,0.32958984375,-0.09765625,0.87890625,0.10986328125,0.048828125,-0.2685546875,1.3671875,0.1220703125,-0.9033203125,0.09765625,-0.28076171875,0.146484375,-0.98876953125,0.03662109375,-0.72021484375,-0.0244140625,-1.4892578125,-0.146484375,-0.20751953125,-0.1953125,-0.244140625,0.23193359375,-1.23291015625,0.0732421875,-1.08642578125,-0.1220703125,-1.30615234375,-0.09765625,-0.98876953125,-0.23193359375,-0.32958984375,0.13427734375,-0.67138671875,0.20751953125,-1.3916015625,0.0732421875,-1.025390625,-0.10986328125,0.390625,-0.01220703125,-0.0244140625,-0.146484375,-0.42724609375,-0.0732421875,-0.35400390625,-0.2197265625,-0.37841796875,-0.1220703125,0,-0.03662109375,0.78125,-0.15869140625,-0.4638671875,0.1220703125,-0.537109375
0,0.06103515625,-0.37841796875,-0.1953125,-0.25634765625,0.2685546875,-0.37841796875,-0.03662109375,0.0244140625,-0.146484375,0.03662109375,-0.06103515625,-0.8544921875,0.01220703125,0.9521484375,0.35400390625,-0.30517578125,-0.25634765625,1.220703125,0.13427734375,1.6845703125,-0.06103515625,2.01416015625,0.18310546875,2.03857421875,-0.6103515625,-0.146484375,-0.1220703125,-0.8056640625,-0.40283203125,0.93994140625,0.09765625,0.23193359375,-0.06103515625,-0.341796875,0.390625,-0.537109375,0.06103515625,-0.4150390625,-0.09765625,-0.69580078125,0.20751953125,-0.18310546875,0.01220703125,-0.634765625,0.0732421875,-0.439453125,0.23193359375,0.59814453125,-0.45166015625,1.1474609375,-0.048828125,0.5126953125,0.03662109375,-0.146484375,-0.01220703125,0.7568359375,-0.29296875,0.62255859375,0.08544921875,0.439453125,-0.4150390625,0.72021484375,-0.35400390625,0.18310546875,-0.03662109375,0.28076171875,-0.244140625,1.03759765625,-0.048828125,0.2685546875,-0.3173828125,0.23193359375,0.09765625,0.341796875,-0.1220703125,0.89111328125,0.146484375,0.048828125,-0.25634765625,1.37939453125,0.2197265625,-0.89111328125,0.15869140625,-0.2685546875,0.09765625,-0.98876953125,0.0244140625,-0.72021484375,-0.0244140625,-1.50146484375,-0.09765625,-0.20751953125,-0.0244140625,-0.244140625,0.23193359375,-1.20849609375,-0.06103515625,-1.01318359375,-0.15869140625,-1.1474609375,-0.10986328125,-0.9765625,-0.244140625,-0.244140625,0.0244140625,-0.6591796875,0.28076171875,-1.40380859375,0.06103515625,-1.01318359375,-0.048828125,0.390625,-0.0244140625,-0.03662109375,-0.13427734375,-0.42724609375,-0.08544921875,-0.37841796875,-0.244140625,-0.390625,-0.1220703125,0,-0.06103515625,0.7568359375,-0.1708984375,-0.4638671875,0.09765625,-0.5615234375
0,0.06103515625,-0.37841796875,-0.15869140625,-0.244140625,0.28076171875,-0.37841796875,-0.03662109375,0.06103515625,-0.1220703125,0.06103515625,-0.048828125,-0.78125,0.01220703125,0.98876953125,0.37841796875,-0.25634765625,-0.25634765625,1.953125,0.09765625,2.38037109375,-0.01220703125,2.55126953125,0.10986328125,3.271484375,-0.634765625,-0.146484375,-0.1220703125,-0.8056640625,-0.341796875,0.927734375,0.28076171875,0.2197265625,-0.13427734375,-0.35400390625,0.341796875,-0.9033203125,0.08544921875,-0.4150390625,-0.048828125,-0.67138671875,0.15869140625,-0.18310546875,0.0732421875,-0.6591796875,0.10986328125,-0.45166015625,0.32958984375,0.6103515625,-0.4150390625,1.123046875,-0.08544921875,0.52490234375,0.03662109375,-0.15869140625,0.01220703125,0.7568359375,-0.2685546875,0.59814453125,0.15869140625,0.42724609375,-0.4638671875,0.59814453125,-0.32958984375,0.1953125,-0.146484375,0.28076171875,-0.20751953125,1.0498046875,-0.0732421875,0.25634765625,-0.32958984375,0.23193359375,0.048828125,0.32958984375,-0.1220703125,0.87890625,0.15869140625,0.06103515625,-0.28076171875,1.3916015625,0.30517578125,-0.87890625,0.15869140625,-0.28076171875,-0.01220703125,-0.98876953125,0.01220703125,-0.72021484375,0,-1.4892578125,-0.048828125,-0.20751953125,0.10986328125,-0.244140625,0.1708984375,-1.20849609375,-0.20751953125,-0.86669921875,-0.13427734375,-0.93994140625,-0.09765625,-0.9033203125,-0.1953125,-0.10986328125,-0.01220703125,-0.67138671875,0.2685546875,-1.3916015625,0.0732421875,-1.025390625,-0.0244140625,0.37841796875,0,-0.0244140625,-0.13427734375,-0.439453125,-0.0732421875,-0.390625,-0.25634765625,-0.390625,-0.1220703125,0.01220703125,-0.06103515625,0.76904296875,-0.18310546875,-0.4638671875,0.10986328125,-0.54931640625
0,0.0732421875,-0.4150390625,-0.146484375,-0.23193359375,0.28076171875,-0.3662109375,0.01220703125,0.08544921875,-0.10986328125,0.0732421875,-0.0244140625,-0.7080078125,0.0244140625,1.025390625,0.45166015625,-0.20751953125,-0.20751953125,2.734375,0.03662109375,3.125,0.0244140625,3.13720703125,-0.048828125,4.50439453125,-0.6103515625,-0.15869140625,-0.13427734375,-0.79345703125,-0.244140625,0.93994140625,0.37841796875,0.2197265625,-0.23193359375,-0.35400390625,0.3173828125,-1.18408203125,0.0732421875,-0.42724609375,-0.0732421875,-0.69580078125,0.0732421875,-0.1953125,0.0732421875,-0.64697265625,0.0732421875,-0.439453125,0.4150390625,0.62255859375,-0.30517578125,1.11083984375,-0.13427734375,0.52490234375,0.0244140625,-0.146484375,0.03662109375,0.732421875,-0.29296875,0.634765625,0.20751953125,0.4150390625,-0.35400390625,0.48828125,-0.2197265625,0.18310546875,-0.23193359375,0.28076171875,-0.18310546875,1.07421875,-0.10986328125,0.23193359375,-0.32958984375,0.25634765625,-0.01220703125,0.30517578125,-0.1220703125,0.8544921875,0.15869140625,0.0732421875,-0.2197265625,1.3916015625,0.3662109375,-0.9033203125,0.15869140625,-0.28076171875,-0.10986328125,-1.0009765625,0.048828125,-0.72021484375,0.0244140625,-1.47705078125,-0.0244140625,-0.1953125,0.28076171875,-0.2685546875,0.048828125,-1.1962890625,-0.25634765625,-0.7568359375,-0.1220703125,-0.69580078125,-0.0732421875,-0.74462890625,-0.146484375,0.0244140625,0.01220703125,-0.68359375,0.20751953125,-1.416015625,0.0732421875,-1.0498046875,0,0.3662109375,0,-0.03662109375,-0.13427734375,-0.42724609375,-0.0732421875,-0.3662109375,-0.20751953125,-0.40283203125,-0.1220703125,0.01220703125,-0.0732421875,0.76904296875,-0.18310546875,-0.47607421875,0.06103515625,-0.537109375
0,0.03662109375,-0.390625,-0.13427734375,-0.2197265625,0.244140625,-0.3662109375,0.03662109375,0.09765625,-0.13427734375,0.08544921875,0,-0.67138671875,0.01220703125,1.06201171875,0.35400390625,-0.18310546875,-0.1708984375,3.515625,-0.048828125,3.84521484375,0.01220703125,3.67431640625,-0.146484375,5.6884765625,-0.50048828125,-0.15869140625,-0.13427734375,-0.76904296875,-0.0732421875,0.93994140625,0.3662109375,0.23193359375,-0.35400390625,-0.37841796875,0.29296875,-1.33056640625,0.0244140625,-0.40283203125,-0.06103515625,-0.7080078125,0.03662109375,-0.1953125,0.03662109375,-0.64697265625,0.048828125,-0.42724609375,0.4638671875,0.62255859375,-0.1953125,1.11083984375,-0.13427734375,0.5126953125,0.01220703125,-0.146484375,0.03662109375,0.74462890625,-0.30517578125,0.64697265625,0.15869140625,0.40283203125,-0.244140625,0.42724609375,-0.2197265625,0.18310546875,-0.28076171875,0.28076171875,-0.1708984375,1.06201171875,-0.10986328125,0.20751953125,-0.341796875,0.25634765625,-0.06103515625,0.3173828125,-0.09765625,0.89111328125,0.146484375,0.0732421875,-0.18310546875,1.3916015625,0.3662109375,-0.93994140625,0.146484375,-0.28076171875,-0.1953125,-1.01318359375,0.10986328125,-0.74462890625,0.09765625,-1.50146484375,0.01220703125,-0.1953125,0.4150390625,-0.28076171875,-0.01220703125,-1.20849609375,-0.3173828125,-0.62255859375,-0.20751953125,-0.47607421875,-0.13427734375,-0.59814453125,-0.18310546875,0.15869140625,0.08544921875,-0.732421875,0.09765625,-1.416015625,0.0732421875,-1.03759765625,0.03662109375,0.35400390625,-0.01220703125,-0.048828125,-0.10986328125,-0.4150390625,-0.0732421875,-0.341796875,-0.2197265625,-0.390625,-0.1220703125,0.048828125,-0.09765625,0.78125,-0.1953125,-0.4638671875,0.048828125,-0.537109375
0,0.03662109375,-0.4150390625,-0.1953125,-0.23193359375,0.2197265625,-0.35400390625,0.09765625,0.09765625,-0.0732421875,0.06103515625,0.03662109375,-0.67138671875,0,1.06201171875,0.341796875,-0.18310546875,-0.1708984375,4.2236328125,-0.18310546875,4.50439453125,-0.09765625,4.1748046875,-0.244140625,6.75048828125,-0.37841796875,-0.1708984375,-0.13427734375,-0.76904296875,0.08544921875,0.96435546875,0.30517578125,0.23193359375,-0.45166015625,-0.35400390625,0.28076171875,-1.33056640625,-0.0244140625,-0.40283203125,-0.03662109375,-0.69580078125,0.01220703125,-0.1953125,-0.03662109375,-0.634765625,0.048828125,-0.3662109375,0.4638671875,0.64697265625,-0.10986328125,1.1474609375,-0.09765625,0.50048828125,-0.03662109375,-0.13427734375,0.01220703125,0.732421875,-0.341796875,0.64697265625,0.1708984375,0.4150390625,-0.1953125,0.3662109375,-0.20751953125,0.18310546875,-0.30517578125,0.29296875,-0.10986328125,1.07421875,-0.1708984375,0.1953125,-0.28076171875,0.25634765625,-0.1220703125,0.30517578125,-0.0732421875,0.8544921875,0.146484375,0.06103515625,-0.1220703125,1.37939453125,0.341796875,-0.927734375,0.09765625,-0.28076171875,-0.244140625,-1.01318359375,0.09765625,-0.7568359375,0.13427734375,-1.50146484375,0.03662109375,-0.20751953125,0.4150390625,-0.32958984375,-0.03662109375,-1.171875,-0.30517578125,-0.50048828125,-0.30517578125,-0.30517578125,-0.146484375,-0.45166015625,-0.18310546875,0.25634765625,0.15869140625,-0.72021484375,-0.08544921875,-1.4404296875,0.06103515625,-1.025390625,0.06103515625,0.390625,-0.06103515625,-0.03662109375,-0.09765625,-0.4150390625,-0.0732421875,-0.32958984375,-0.2197265625,-0.40283203125,-0.13427734375,0.048828125,-0.09765625,0.81787109375,-0.1708984375,-0.45166015625,0.01220703125,-0.52490234375
0,0.0244140625,-0.390625,-0.1708984375,-0.25634765625,0.1708984375,-0.35400390625,0.1220703125,0.0732421875,-0.0732421875,0.0244140625,0.048828125,-0.7080078125,-0.01220703125,1.03759765625,0.37841796875,-0.1708984375,-0.13427734375,4.8583984375,-0.25634765625,5.0537109375,-0.1708984375,4.57763671875,-0.13427734375,7.6416015625,-0.244140625,-0.1953125,-0.10986328125,-0.732421875,0.1953125,0.96435546875,0.20751953125,0.2197265625,-0.52490234375,-0.3173828125,0.2197265625,-1.2451171875,-0.0732421875,-0.4150390625,-0.06103515625,-0.69580078125,0.03662109375,-0.15869140625,-0.1953125,-0.62255859375,0.0244140625,-0.3662109375,0.439453125,0.64697265625,0,1.18408203125,-0.0732421875,0.48828125,-0.06103515625,-0.146484375,-0.048828125,0.732421875,-0.3662109375,0.64697265625,0.18310546875,0.439453125,-0.10986328125,0.37841796875,-0.15869140625,0.18310546875,-0.341796875,0.29296875,-0.03662109375,1.08642578125,-0.146484375,0.1708984375,-0.28076171875,0.25634765625,-0.15869140625,0.28076171875,-0.06103515625,0.830078125,0.146484375,0.048828125,-0.048828125,1.37939453125,0.29296875,-0.9521484375,0.0732421875,-0.28076171875,-0.20751953125,-1.01318359375,0.06103515625,-0.74462890625,0.20751953125,-1.4892578125,0.06103515625,-0.2197265625,0.37841796875,-0.341796875,0.0244140625,-1.15966796875,-0.244140625,-0.439453125,-0.4150390625,-0.1708984375,-0.146484375,-0.3662109375,-0.15869140625,0.32958984375,0.2197265625,-0.732421875,-0.25634765625,-1.4404296875,0.08544921875,-1.025390625,0.0732421875,0.4150390625,-0.10986328125,-0.048828125,-0.10986328125,-0.390625,-0.06103515625,-0.32958984375,-0.2197265625,-0.4150390625,-0.13427734375,0.06103515625,-0.1220703125,0.8544921875,-0.1708984375,-0.47607421875,-0.03662109375,-0.5126953125
0,0,-0.37841796875,-0.23193359375,-0.25634765625,0.1708984375,-0.3662109375,0.146484375,0.0732421875,-0.048828125,-0.03662109375,0.03662109375,-0.79345703125,-0.01220703125,0.9765625,0.4150390625,-0.18310546875,-0.1220703125,5.322265625,-0.32958984375,5.43212890625,-0.3173828125,4.8828125,-0.244140625,8.3251953125,-0.146484375,-0.1953125,-0.0732421875,-0.74462890625,0.25634765625,0.93994140625,0.15869140625,0.244140625,-0.54931640625,-0.28076171875,0.09765625,-1.07421875,-0.13427734375,-0.4150390625,-0.10986328125,-0.69580078125,0.0244140625,-0.1708984375,-0.29296875,-0.6103515625,0,-0.35400390625,0.3662109375,0.634765625,0.048828125,1.220703125,-0.06103515625,0.45166015625,-0.09765625,-0.146484375,-0.08544921875,0.7568359375,-0.40283203125,0.6591796875,0.2197265625,0.47607421875,0.0244140625,0.4150390625,-0.15869140625,0.20751953125,-0.390625,0.3173828125,0.0244140625,1.07421875,-0.15869140625,0.18310546875,-0.25634765625,0.25634765625,-0.20751953125,0.28076171875,-0.048828125,0.84228515625,0.13427734375,0.03662109375,0.01220703125,1.3671875,0.244140625,-0.93994140625,0,-0.28076171875,-0.13427734375,-1.0009765625,0.03662109375,-0.74462890625,0.2685546875,-1.4892578125,0.06103515625,-0.25634765625,0.23193359375,-0.341796875,0.08544921875,-1.1474609375,-0.18310546875,-0.42724609375,-0.4638671875,-0.18310546875,-0.146484375,-0.3173828125,-0.1220703125,0.32958984375,0.23193359375,-0.76904296875,-0.37841796875,-1.47705078125,0.08544921875,-1.025390625,0.08544921875,0.4150390625,-0.10986328125,-0.06103515625,-0.10986328125,-0.37841796875,-0.0732421875,-0.3173828125,-0.1953125,-0.390625,-0.10986328125,0.0732421875,-0.15869140625,0.8544921875,-0.1953125,-0.48828125,-0.03662109375,-0.52490234375
0,0.03662109375,-0.37841796875,-0.23193359375,-0.29296875,0.13427734375,-0.40283203125,0.15869140625,0.048828125,0,-0.09765625,0.06103515625,-0.87890625,-0.0244140625,0.927734375,0.439453125,-0.15869140625,-0.09765625,5.5908203125,-0.42724609375,5.6640625,-0.47607421875,5.0048828125,-0.341796875,8.72802734375,-0.09765625,-0.18310546875,-0.06103515625,-0.7568359375,0.25634765625,0.9521484375,0.1220703125,0.244140625,-0.48828125,-0.25634765625,0.03662109375,-0.86669921875,-0.2197265625,-0.4150390625,-0.15869140625,-0.69580078125,-0.048828125,-0.15869140625,-0.35400390625,-0.59814453125,-0.06103515625,-0.35400390625,0.29296875,0.634765625,0.01220703125,1.2451171875,0.01220703125,0.439453125,-0.13427734375,-0.13427734375,-0.146484375,0.76904296875,-0.4150390625,0.6591796875,0.1220703125,0.48828125,0.0732421875,0.5126953125,-0.1708984375,0.2197265625,-0.40283203125,0.28076171875,0.09765625,1.0498046875,-0.1220703125,0.1953125,-0.29296875,0.244140625,-0.2197265625,0.2685546875,-0.0732421875,0.8544921875,0.146484375,0.0244140625,0.06103515625,1.3671875,0.2197265625,-0.93994140625,-0.03662109375,-0.28076171875,-0.01220703125,-0.98876953125,-0.03662109375,-0.74462890625,0.32958984375,-1.50146484375,0.06103515625,-0.2685546875,0.09765625,-0.3662109375,0.1220703125,-1.1474609375,-0.09765625,-0.47607421875,-0.47607421875,-0.29296875,-0.10986328125,-0.3173828125,-0.06103515625,0.3173828125,0.1708984375,-0.74462890625,-0.42724609375,-1.47705078125,0.08544921875,-1.025390625,0.06103515625,0.4150390625,-0.10986328125,-0.048828125,-0.09765625,-0.3662109375,-0.0732421875,-0.3173828125,-0.20751953125,-0.390625,-0.10986328125,0.048828125,-0.15869140625,0.8544921875,-0.1953125,-0.48828125,-0.06103515625,-0.52490234375
1,0.01220703125,-0.390625,-0.20751953125,-0.29296875,0.13427734375,-0.40283203125,0.13427734375,0.048828125,0.0244140625,-0.146484375,0.08544921875,-0.93994140625,-0.06103515625,0.87890625,0.40283203125,-0.06103515625,-0.06103515625,5.65185546875,-0.4638671875,5.70068359375,-0.5126953125,5.04150390625,-0.37841796875,8.837890625,-0.1220703125,-0.20751953125,-0.03662109375,-0.79345703125,0.1953125,0.927734375,0.10986328125,0.244140625,-0.40283203125,-0.2685546875,-0.06103515625,-0.67138671875,-0.25634765625,-0.4150390625,-0.23193359375,-0.7080078125,-0.10986328125,-0.146484375,-0.3662109375,-0.59814453125,-0.1220703125,-0.37841796875,0.2197265625,0.62255859375,-0.01220703125,1.23291015625,0.01220703125,0.439453125,-0.146484375,-0.13427734375,-0.1708984375,0.76904296875,-0.3662109375,0.6591796875,0.048828125,0.48828125,0.30517578125,0.62255859375,-0.18310546875,0.2197265625,-0.37841796875,0.29296875,0.08544921875,1.0498046875,-0.08544921875,0.20751953125,-0.29296875,0.244140625,-0.23193359375,0.28076171875,-0.09765625,0.87890625,0.13427734375,0.0244140625,0.13427734375,1.3916015625,0.146484375,-0.93994140625,-0.08544921875,-0.29296875,0.10986328125,-1.0009765625,-0.048828125,-0.732421875,0.3662109375,-1.52587890625,0.03662109375,-0.28076171875,0,-0.32958984375,0.09765625,-1.1474609375,-0.0732421875,-0.54931640625,-0.4150390625,-0.439453125,-0.146484375,-0.37841796875,-0.03662109375,0.2685546875,0.06103515625,-0.732421875,-0.390625,-1.45263671875,0.0732421875,-1.0009765625,0.0732421875,0.4150390625,-0.09765625,-0.048828125,-0.09765625,-0.37841796875,-0.0732421875,-0.30517578125,-0.1953125,-0.40283203125,-0.1220703125,0.03662109375,-0.1708984375,0.830078125,-0.2197265625,-0.48828125,-0.06103515625,-0.537109375
1,-0.0244140625,-0.390625,-0.1953125,-0.30517578125,0.09765625,-0.40283203125,0.09765625,0.03662109375,0,-0.15869140625,0.09765625,-0.9765625,-0.06103515625,0.84228515625,0.30517578125,0.1708984375,-0.08544921875,5.5419921875,-0.45166015625,5.52978515625,-0.4638671875,4.931640625,-0.37841796875,8.65478515625,-0.15869140625,-0.18310546875,-0.06103515625,-0.81787109375,0.09765625,0.93994140625,0.1220703125,0.25634765625,-0.30517578125,-0.25634765625,-0.06103515625,-0.52490234375,-0.244140625,-0.42724609375,-0.244140625,-0.69580078125,-0.1953125,-0.13427734375,-0.28076171875,-0.59814453125,-0.1953125,-0.390625,0.15869140625,0.6103515625,-0.08544921875,1.23291015625,0.01220703125,0.4638671875,-0.146484375,-0.146484375,-0.15869140625,0.79345703125,-0.30517578125,0.64697265625,0.03662109375,0.5126953125,0.341796875,0.7080078125,-0.1220703125,0.20751953125,-0.341796875,0.29296875,0.10986328125,1.025390625,-0.06103515625,0.23193359375,-0.30517578125,0.244140625,-0.15869140625,0.2685546875,-0.09765625,0.86669921875,0.1220703125,0.01220703125,0.13427734375,1.37939453125,0.0732421875,-0.927734375,-0.09765625,-0.28076171875,0.1953125,-1.0009765625,-0.06103515625,-0.74462890625,0.35400390625,-1.55029296875,0.0244140625,-0.28076171875,-0.09765625,-0.3173828125,0.048828125,-1.15966796875,-0.08544921875,-0.634765625,-0.30517578125,-0.57373046875,-0.1708984375,-0.52490234375,-0.0244140625,0.1708984375,-0.0732421875,-0.72021484375,-0.25634765625,-1.45263671875,0.0244140625,-1.0009765625,0.03662109375,0.4150390625,-0.10986328125,-0.06103515625,-0.10986328125,-0.37841796875,-0.08544921875,-0.29296875,-0.15869140625,-0.3662109375,-0.1220703125,0.0244140625,-0.1708984375,0.79345703125,-0.23193359375,-0.4638671875,-0.0732421875,-0.5615234375
1,-0.0244140625,-0.40283203125,-0.1953125,-0.29296875,0.08544921875,-0.4150390625,0.09765625,0.03662109375,0.0244140625,-0.09765625,0.10986328125,-0.927734375,-0.06103515625,0.87890625,0.29296875,0.537109375,-0.1220703125,5.18798828125,-0.4150390625,5.17578125,-0.3662109375,4.638671875,-0.32958984375,8.14208984375,-0.2197265625,-0.1708984375,-0.0732421875,-0.81787109375,-0.03662109375,0.927734375,0.1220703125,0.244140625,-0.1708984375,-0.244140625,-0.01220703125,-0.439453125,-0.23193359375,-0.4150390625,-0.244140625,-0.69580078125,-0.23193359375,-0.15869140625,-0.20751953125,-0.6103515625,-0.25634765625,-0.40283203125,0.1220703125,0.62255859375,-0.1220703125,1.20849609375,0,0.47607421875,-0.146484375,-0.146484375,-0.146484375,0.78125,-0.23193359375,0.634765625,0.03662109375,0.5126953125,0.390625,0.79345703125,-0.1708984375,0.2197265625,-0.28076171875,0.29296875,0.13427734375,1.03759765625,0.01220703125,0.23193359375,-0.32958984375,0.23193359375,-0.13427734375,0.2685546875,-0.09765625,0.87890625,0.1220703125,0.0244140625,0.146484375,1.3916015625,0.0244140625,-0.927734375,-0.08544921875,-0.2685546875,0.25634765625,-0.96435546875,0,-0.74462890625,0.3173828125,-1.5380859375,0.01220703125,-0.2685546875,-0.08544921875,-0.25634765625,-0.048828125,-1.171875,-0.06103515625,-0.72021484375,-0.18310546875,-0.7080078125,-0.2197265625,-0.6591796875,-0.03662109375,0.09765625,-0.1953125,-0.69580078125,-0.15869140625,-1.416015625,-0.01220703125,-0.9765625,0,0.390625,-0.13427734375,-0.03662109375,-0.08544921875,-0.35400390625,-0.0732421875,-0.244140625,-0.1220703125,-0.341796875,-0.13427734375,0,-0.18310546875,0.76904296875,-0.2197265625,-0.45166015625,-0.09765625,-0.537109375
1,-0.08544921875,-0.390625,-0.146484375,-0.29296875,0.0732421875,-0.4150390625,0.0732421875,0.0244140625,0.06103515625,0.03662109375,0.13427734375,-0.79345703125,-0.09765625,0.98876953125,0.09765625,1.0986328125,-0.146484375,4.6630859375,-0.341796875,4.6875,-0.2685546875,4.248046875,-0.25634765625,7.36083984375,-0.23193359375,-0.15869140625,-0.146484375,-0.830078125,-0.13427734375,0.91552734375,0.10986328125,0.25634765625,-0.146484375,-0.28076171875,0.048828125,-0.4150390625,-0.1953125,-0.42724609375,-0.29296875,-0.69580078125,-0.25634765625,-0.15869140625,-0.1220703125,-0.62255859375,-0.30517578125,-0.42724609375,0.10986328125,0.64697265625,-0.20751953125,1.1474609375,0.01220703125,0.48828125,-0.09765625,-0.13427734375,-0.146484375,0.78125,-0.20751953125,0.62255859375,0.0244140625,0.47607421875,0.37841796875,0.84228515625,-0.25634765625,0.23193359375,-0.18310546875,0.30517578125,0.15869140625,1.03759765625,0.0732421875,0.244140625,-0.32958984375,0.23193359375,-0.08544921875,0.28076171875,-0.08544921875,0.89111328125,0.1220703125,0.0244140625,0.1220703125,1.37939453125,-0.0244140625,-0.927734375,-0.06103515625,-0.2685546875,0.28076171875,-0.96435546875,0.06103515625,-0.732421875,0.2685546875,-1.52587890625,-0.01220703125,-0.28076171875,-0.01220703125,-0.244140625,-0.15869140625,-1.20849609375,-0.0732421875,-0.81787109375,-0.06103515625,-0.830078125,-0.25634765625,-0.830078125,-0.03662109375,0.03662109375,-0.29296875,-0.67138671875,-0.048828125,-1.416015625,-0.10986328125,-1.01318359375,-0.03662109375,0.37841796875,-0.146484375,-0.03662109375,-0.0732421875,-0.37841796875,-0.0732421875,-0.25634765625,-0.0732421875,-0.341796875,-0.146484375,0,-0.20751953125,0.8056640625,-0.23193359375,-0.42724609375,-0.09765625,-0.54931640625
1,-0.08544921875,-0.4150390625,-0.10986328125,-0.28076171875,0.08544921875,-0.37841796875,0.06103515625,0.0244140625,0.0732421875,0.28076171875,0.146484375,-0.5859375,-0.08544921875,1.20849609375,0.048828125,1.86767578125,-0.146484375,3.955078125,-0.244140625,4.06494140625,-0.13427734375,3.7353515625,-0.15869140625,6.28662109375,-0.28076171875,-0.15869140625,-0.20751953125,-0.81787109375,-0.23193359375,0.927734375,0.048828125,0.244140625,-0.1708984375,-0.29296875,0.18310546875,-0.45166015625,-0.146484375,-0.439453125,-0.30517578125,-0.7080078125,-0.2197265625,-0.1953125,-0.048828125,-0.62255859375,-0.341796875,-0.45166015625,0.13427734375,0.62255859375,-0.29296875,1.11083984375,0,0.50048828125,-0.08544921875,-0.1708984375,-0.13427734375,0.7568359375,-0.15869140625,0.62255859375,-0.01220703125,0.439453125,0.35400390625,0.87890625,-0.32958984375,0.2197265625,-0.048828125,0.2685546875,0.13427734375,1.0498046875,0.08544921875,0.25634765625,-0.341796875,0.2197265625,-0.0244140625,0.29296875,-0.08544921875,0.9033203125,0.08544921875,0.03662109375,0.048828125,1.37939453125,-0.01220703125,-0.93994140625,-0.01220703125,-0.25634765625,0.2197265625,-0.96435546875,0.15869140625,-0.732421875,0.244140625,-1.4892578125,-0.06103515625,-0.25634765625,0.09765625,-0.244140625,-0.25634765625,-1.220703125,-0.048828125,-0.89111328125,0.048828125,-0.8544921875,-0.25634765625,-0.91552734375,-0.01220703125,0,-0.29296875,-0.6591796875,0.01220703125,-1.416015625,-0.1708984375,-1.01318359375,-0.03662109375,0.35400390625,-0.146484375,-0.0244140625,-0.08544921875,-0.390625,-0.0732421875,-0.244140625,-0.0732421875,-0.341796875,-0.146484375,0.0244140625,-0.18310546875,0.79345703125,-0.2197265625,-0.45166015625,-0.09765625,-0.5126953125
1,-0.0732421875,-0.40283203125,-0.08544921875,-0.2685546875,0.08544921875,-0.390625,0.048828125,0.03662109375,0.09765625,0.5859375,0.18310546875,-0.2685546875,-0.0732421875,1.4892578125,-0.10986328125,2.81982421875,-0.1220703125,3.16162109375,-0.15869140625,3.28369140625,0,3.16162109375,-0.048828125,5.029296875,-0.32958984375,-0.146484375,-0.28076171875,-0.8056640625,-0.25634765625,0.93994140625,-0.01220703125,0.23193359375,-0.20751953125,-0.32958984375,0.2685546875,-0.5859375,-0.06103515625,-0.45166015625,-0.32958984375,-0.7080078125,-0.1220703125,-0.20751953125,-0.01220703125,-0.62255859375,-0.35400390625,-0.45166015625,0.1708984375,0.62255859375,-0.3173828125,1.0986328125,0.01220703125,0.5126953125,-0.03662109375,-0.18310546875,-0.08544921875,0.76904296875,-0.13427734375,0.634765625,0.03662109375,0.45166015625,0.244140625,0.830078125,-0.35400390625,0.20751953125,0.13427734375,0.29296875,0.10986328125,1.06201171875,0.09765625,0.25634765625,-0.29296875,0.20751953125,-0.01220703125,0.3173828125,-0.048828125,0.89111328125,0.08544921875,0.03662109375,0.01220703125,1.3916015625,-0.03662109375,-0.9521484375,0.048828125,-0.2685546875,0.15869140625,-0.9521484375,0.2685546875,-0.732421875,0.2197265625,-1.46484375,-0.0732421875,-0.25634765625,0.23193359375,-0.244140625,-0.28076171875,-1.23291015625,-0.048828125,-0.91552734375,-0.01220703125,-0.86669921875,-0.28076171875,-0.96435546875,-0.03662109375,-0.0244140625,-0.1953125,-0.64697265625,-0.01220703125,-1.416015625,-0.1953125,-1.03759765625,-0.03662109375,0.35400390625,-0.13427734375,-0.0244140625,-0.06103515625,-0.390625,-0.0732421875,-0.244140625,-0.048828125,-0.35400390625,-0.13427734375,0.03662109375,-0.1953125,0.81787109375,-0.23193359375,-0.42724609375,-0.13427734375,-0.5126953125
1,-0.0732421875,-0.40283203125,-0.08544921875,-0.2685546875,0.0732421875,-0.3662109375,0.06103515625,0.0244140625,0.09765625,0.927734375,0.18310546875,0.0732421875,-0.0244140625,1.806640625,-0.244140625,3.90625,-0.08544921875,2.2705078125,-0.09765625,2.490234375,0.146484375,2.5390625,0.048828125,3.6376953125,-0.37841796875,-0.13427734375,-0.40283203125,-0.79345703125,-0.2197265625,0.93994140625,-0.048828125,0.2197265625,-0.2685546875,-0.35400390625,0.3173828125,-0.732421875,0.0244140625,-0.4638671875,-0.29296875,-0.72021484375,-0.048828125,-0.2197265625,0.01220703125,-0.62255859375,-0.3173828125,-0.45166015625,0.244140625,0.634765625,-0.3662109375,1.0986328125,0.01220703125,0.5126953125,0.03662109375,-0.1708984375,-0.03662109375,0.7568359375,-0.1220703125,0.634765625,0.0732421875,0.42724609375,0.23193359375,0.74462890625,-0.28076171875,0.23193359375,0.23193359375,0.28076171875,0.1220703125,1.06201171875,0.08544921875,0.244140625,-0.2685546875,0.2197265625,0.01220703125,0.32958984375,0.01220703125,0.87890625,0.06103515625,0.03662109375,-0.06103515625,1.37939453125,0,-0.96435546875,0.10986328125,-0.2685546875,0.08544921875,-0.9521484375,0.341796875,-0.74462890625,0.18310546875,-1.46484375,-0.06103515625,-0.23193359375,0.30517578125,-0.2685546875,-0.25634765625,-1.25732421875,-0.0244140625,-0.9033203125,-0.01220703125,-0.830078125,-0.25634765625,-0.9521484375,0.01220703125,-0.0244140625,-0.03662109375,-0.68359375,-0.048828125,-1.416015625,-0.20751953125,-1.0498046875,-0.03662109375,0.3662109375,-0.09765625,-0.0244140625,-0.0732421875,-0.390625,-0.08544921875,-0.2685546875,-0.048828125,-0.3662109375,-0.146484375,0.03662109375,-0.23193359375,0.830078125,-0.23193359375,-0.4150390625,-0.146484375,-0.47607421875
1,-0.0732421875,-0.42724609375,-0.048828125,-0.244140625,0.0732421875,-0.35400390625,0.06103515625,0.048828125,0.08544921875,1.30615234375,0.15869140625,0.4150390625,-0.03662109375,2.13623046875,-0.1953125,5.078125,-0.0732421875,1.40380859375,-0.03662109375,1.67236328125,0.15869140625,1.94091796875,0.13427734375,2.24609375,-0.390625,-0.146484375,-0.48828125,-0.7568359375,-0.13427734375,0.93994140625,-0.08544921875,0.20751953125,-0.30517578125,-0.37841796875,0.3662109375,-0.86669921875,0.09765625,-0.47607421875,-0.23193359375,-0.732421875,0.03662109375,-0.20751953125,-0.01220703125,-0.62255859375,-0.2197265625,-0.4638671875,0.29296875,0.634765625,-0.390625,1.13525390625,0.03662109375,0.48828125,0.10986328125,-0.1953125,0.06103515625,0.74462890625,-0.09765625,0.634765625,0.146484375,0.45166015625,0.25634765625,0.64697265625,-0.2197265625,0.25634765625,0.29296875,0.28076171875,0.10986328125,1.07421875,0.08544921875,0.244140625,-0.20751953125,0.20751953125,0.048828125,0.32958984375,0.0732421875,0.9033203125,0,0.03662109375,-0.10986328125,1.3671875,0.048828125,-0.9765625,0.146484375,-0.25634765625,-0.03662109375,-0.9521484375,0.37841796875,-0.74462890625,0.15869140625,-1.4404296875,-0.0244140625,-0.23193359375,0.35400390625,-0.29296875,-0.1953125,-1.25732421875,-0.08544921875,-0.87890625,-0.13427734375,-0.8056640625,-0.244140625,-0.89111328125,-0.08544921875,-0.0244140625,0.1708984375,-0.7080078125,-0.1220703125,-1.4404296875,-0.1708984375,-1.07421875,-0.08544921875,0.35400390625,-0.1220703125,0.01220703125,-0.06103515625,-0.390625,-0.08544921875,-0.28076171875,-0.03662109375,-0.37841796875,-0.146484375,0.06103515625,-0.244140625,0.84228515625,-0.23193359375,-0.4150390625,-0.15869140625,-0.48828125
1,-0.0732421875,-0.4150390625,-0.06103515625,-0.244140625,0.06103515625,-0.3662109375,0.08544921875,0.048828125,0.13427734375,1.64794921875,0.1708984375,0.732421875,-0.06103515625,2.47802734375,-0.09765625,6.21337890625,-0.0244140625,0.5615234375,0.0244140625,0.91552734375,0.10986328125,1.35498046875,0.18310546875,0.9765625,-0.40283203125,-0.15869140625,-0.54931640625,-0.76904296875,0.01220703125,0.96435546875,-0.10986328125,0.1953125,-0.29296875,-0.3662109375,0.3662109375,-0.96435546875,0.1220703125,-0.48828125,-0.146484375,-0.72021484375,0.10986328125,-0.2197265625,-0.0244140625,-0.62255859375,-0.09765625,-0.439453125,0.341796875,0.62255859375,-0.37841796875,1.1474609375,0.06103515625,0.50048828125,0.2197265625,-0.18310546875,0.1220703125,0.7568359375,-0.1220703125,0.6591796875,0.20751953125,0.4638671875,0.28076171875,0.57373046875,-0.13427734375,0.28076171875,0.35400390625,0.2685546875,0.08544921875,1.07421875,0.0732421875,0.2197265625,-0.1708984375,0.2197265625,0.08544921875,0.32958984375,0.08544921875,0.91552734375,-0.01220703125,0.03662109375,-0.13427734375,1.37939453125,0.0732421875,-0.9765625,0.15869140625,-0.25634765625,-0.06103515625,-0.93994140625,0.32958984375,-0.74462890625,0.13427734375,-1.42822265625,0.06103515625,-0.2197265625,0.32958984375,-0.3173828125,-0.06103515625,-1.23291015625,-0.1220703125,-0.84228515625,-0.2685546875,-0.732421875,-0.2197265625,-0.76904296875,-0.10986328125,-0.0244140625,0.35400390625,-0.72021484375,-0.18310546875,-1.45263671875,-0.15869140625,-1.0498046875,-0.1220703125,0.37841796875,-0.10986328125,0,-0.048828125,-0.3662109375,-0.0732421875,-0.28076171875,-0.048828125,-0.390625,-0.13427734375,0.0732421875,-0.20751953125,0.84228515625,-0.23193359375,-0.4150390625,-0.18310546875,-0.4638671875
1,-0.06103515625,-0.40283203125,-0.08544921875,-0.25634765625,0.06103515625,-0.35400390625,0.09765625,0.06103515625,0.18310546875,1.953125,0.146484375,0.96435546875,-0.048828125,2.734375,-0.048828125,7.23876953125,-0.0244140625,-0.146484375,0.0244140625,0.23193359375,0.0732421875,0.86669921875,0.23193359375,-0.1220703125,-0.40283203125,-0.18310546875,-0.57373046875,-0.74462890625,0.08544921875,0.9521484375,-0.08544921875,0.20751953125,-0.28076171875,-0.341796875,0.30517578125,-0.98876953125,0.1220703125,-0.47607421875,-0.048828125,-0.72021484375,0.1708984375,-0.20751953125,-0.09765625,-0.62255859375,0,-0.4150390625,0.3662109375,0.634765625,-0.42724609375,1.171875,0.09765625,0.47607421875,0.341796875,-0.20751953125,0.146484375,0.7568359375,-0.146484375,0.68359375,0.2197265625,0.4638671875,0.25634765625,0.48828125,-0.0732421875,0.29296875,0.390625,0.2685546875,0.048828125,1.07421875,0.06103515625,0.2197265625,-0.13427734375,0.23193359375,0.1220703125,0.32958984375,0.10986328125,0.89111328125,-0.06103515625,0.03662109375,-0.146484375,1.37939453125,0.09765625,-0.9765625,0.18310546875,-0.25634765625,-0.10986328125,-0.927734375,0.28076171875,-0.74462890625,0.10986328125,-1.4404296875,0.13427734375,-0.1953125,0.2685546875,-0.3173828125,0.0732421875,-1.1962890625,-0.1220703125,-0.79345703125,-0.35400390625,-0.6591796875,-0.1220703125,-0.72021484375,-0.08544921875,-0.01220703125,0.4638671875,-0.72021484375,-0.244140625,-1.47705078125,-0.1220703125,-1.0498046875,-0.1708984375,0.390625,-0.08544921875,0,-0.06103515625,-0.3662109375,-0.08544921875,-0.2685546875,-0.0244140625,-0.40283203125,-0.10986328125,0.06103515625,-0.244140625,0.830078125,-0.23193359375,-0.42724609375,-0.1953125,-0.47607421875
1,-0.06103515625,-0.40283203125,-0.09765625,-0.25634765625,0.06103515625,-0.35400390625,0.08544921875,0.0732421875,0.18310546875,2.1484375,0.146484375,1.15966796875,-0.06103515625,2.91748046875,-0.10986328125,8.056640625,0,-0.7080078125,0.0244140625,-0.3173828125,0.03662109375,0.48828125,0.244140625,-0.927734375,-0.40283203125,-0.18310546875,-0.5126953125,-0.74462890625,0.18310546875,0.93994140625,-0.0244140625,0.2197265625,-0.28076171875,-0.3173828125,0.25634765625,-0.98876953125,0.09765625,-0.45166015625,0.01220703125,-0.72021484375,0.1953125,-0.18310546875,-0.1220703125,-0.62255859375,0.13427734375,-0.40283203125,0.4150390625,0.634765625,-0.3662109375,1.1962890625,0.1220703125,0.48828125,0.439453125,-0.18310546875,0.13427734375,0.78125,-0.1953125,0.68359375,0.15869140625,0.48828125,0.28076171875,0.45166015625,-0.09765625,0.37841796875,0.40283203125,0.2685546875,0.048828125,1.06201171875,0.03662109375,0.2197265625,-0.09765625,0.23193359375,0.1708984375,0.30517578125,0.09765625,0.9033203125,-0.10986328125,0.048828125,-0.146484375,1.3916015625,0.10986328125,-0.9521484375,0.15869140625,-0.2685546875,-0.1220703125,-0.927734375,0.15869140625,-0.7568359375,0.10986328125,-1.45263671875,0.23193359375,-0.20751953125,0.20751953125,-0.32958984375,0.20751953125,-1.171875,-0.1708984375,-0.78125,-0.48828125,-0.6591796875,-0.10986328125,-0.67138671875,-0.10986328125,-0.0244140625,0.48828125,-0.7568359375,-0.28076171875,-1.4892578125,-0.0732421875,-1.0498046875,-0.20751953125,0.390625,-0.0732421875,-0.01220703125,-0.048828125,-0.35400390625,-0.08544921875,-0.2685546875,-0.0244140625,-0.4150390625,-0.1220703125,0.06103515625,-0.244140625,0.84228515625,-0.23193359375,-0.45166015625,-0.2197265625,-0.48828125
1,-0.0732421875,-0.390625,-0.1220703125,-0.28076171875,0.0244140625,-0.37841796875,0.09765625,0.06103515625,0.2197265625,2.24609375,0.15869140625,1.20849609375,-0.0244140625,2.99072265625,-0.048828125,8.55712890625,0.01220703125,-1.0986328125,-0.10986328125,-0.67138671875,-0.06103515625,0.244140625,0.18310546875,-1.42822265625,-0.390625,-0.1953125,-0.47607421875,-0.7568359375,0.20751953125,0.9521484375,0.048828125,0.25634765625,-0.28076171875,-0.28076171875,0.13427734375,-0.9521484375,0.048828125,-0.439453125,0.06103515625,-0.72021484375,0.1953125,-0.1708984375,-0.13427734375,-0.6103515625,0.20751953125,-0.37841796875,0.45166015625,0.6103515625,-0.30517578125,1.20849609375,0.1220703125,0.47607421875,0.48828125,-0.1708984375,0.08544921875,0.79345703125,-0.2197265625,0.69580078125,0.10986328125,0.47607421875,0.35400390625,0.45166015625,-0.13427734375,0.40283203125,0.4150390625,0.28076171875,0.03662109375,1.06201171875,0.03662109375,0.23193359375,-0.09765625,0.23193359375,0.20751953125,0.32958984375,0.0732421875,0.91552734375,-0.10986328125,0.06103515625,-0.08544921875,1.3916015625,0.09765625,-0.927734375,0.13427734375,-0.25634765625,-0.08544921875,-0.93994140625,0.01220703125,-0.72021484375,0.09765625,-1.46484375,0.32958984375,-0.20751953125,0.1708984375,-0.32958984375,0.3173828125,-1.15966796875,-0.09765625,-0.7568359375,-0.42724609375,-0.72021484375,-0.0244140625,-0.62255859375,-0.048828125,-0.03662109375,0.40283203125,-0.78125,-0.2685546875,-1.50146484375,0.01220703125,-1.025390625,-0.1953125,0.390625,-0.0732421875,0.01220703125,-0.06103515625,-0.341796875,-0.0732421875,-0.244140625,0,-0.37841796875,-0.10986328125,0.06103515625,-0.23193359375,0.81787109375,-0.28076171875,-0.4638671875,-0.20751953125,-0.50048828125
1,-0.0732421875,-0.35400390625,-0.09765625,-0.3173828125,0.03662109375,-0.390625,0.10986328125,0.03662109375,0.2197265625,2.25830078125,0.1708984375,1.171875,-0.0244140625,2.99072265625,0.08544921875,8.75244140625,0.0244140625,-1.318359375,-0.146484375,-0.89111328125,-0.09765625,0.146484375,0.1708984375,-1.6357421875,-0.3662109375,-0.1953125,-0.4150390625,-0.76904296875,0.2197265625,0.9521484375,0.13427734375,0.244140625,-0.25634765625,-0.25634765625,0.08544921875,-0.86669921875,-0.01220703125,-0.4150390625,0.08544921875,-0.7080078125,0.13427734375,-0.146484375,-0.1220703125,-0.62255859375,0.18310546875,-0.3662109375,0.439453125,0.6103515625,-0.23193359375,1.18408203125,0.09765625,0.48828125,0.537109375,-0.146484375,0,0.78125,-0.18310546875,0.68359375,0.048828125,0.48828125,0.40283203125,0.48828125,-0.15869140625,0.439453125,0.4150390625,0.29296875,-0.01220703125,1.0498046875,0.0244140625,0.244140625,-0.09765625,0.25634765625,0.2197265625,0.3173828125,0.01220703125,0.87890625,-0.1220703125,0.06103515625,-0.06103515625,1.416015625,0.0732421875,-0.91552734375,0.09765625,-0.2685546875,-0.0732421875,-0.91552734375,-0.146484375,-0.732421875,0.10986328125,-1.47705078125,0.3662109375,-0.23193359375,0.146484375,-0.3173828125,0.3662109375,-1.1474609375,-0.146484375,-0.76904296875,-0.35400390625,-0.78125,0,-0.6103515625,0,-0.06103515625,0.23193359375,-0.7568359375,-0.20751953125,-1.4892578125,0.03662109375,-1.01318359375,-0.20751953125,0.4150390625,-0.06103515625,0,-0.09765625,-0.3662109375,-0.0732421875,-0.2685546875,-0.0244140625,-0.37841796875,-0.1220703125,0.048828125,-0.20751953125,0.830078125,-0.28076171875,-0.45166015625,-0.1953125,-0.50048828125
1,-0.08544921875,-0.3662109375,-0.10986328125,-0.341796875,0.06103515625,-0.390625,0.09765625,0.0244140625,0.23193359375,2.16064453125,0.18310546875,1.07421875,-0.0244140625,2.880859375,0.20751953125,8.63037109375,-0.01220703125,-1.37939453125,-0.20751953125,-0.96435546875,-0.1220703125,0.146484375,0.06103515625,-1.5869140625,-0.3173828125,-0.1708984375,-0.35400390625,-0.76904296875,0.20751953125,0.96435546875,0.1708984375,0.23193359375,-0.28076171875,-0.25634765625,0.048828125,-0.8056640625,-0.0732421875,-0.4150390625,0.09765625,-0.72021484375,0.0244140625,-0.18310546875,-0.0732421875,-0.62255859375,0.15869140625,-0.35400390625,0.4150390625,0.59814453125,-0.1220703125,1.171875,0.0732421875,0.48828125,0.537109375,-0.10986328125,-0.06103515625,0.78125,-0.1220703125,0.67138671875,0.01220703125,0.4638671875,0.537109375,0.5615234375,-0.23193359375,0.47607421875,0.45166015625,0.30517578125,-0.0732421875,1.0498046875,0,0.2685546875,-0.09765625,0.2685546875,0.18310546875,0.30517578125,-0.01220703125,0.927734375,-0.09765625,0.03662109375,-0.0244140625,1.3916015625,0.01220703125,-0.91552734375,0.048828125,-0.25634765625,-0.08544921875,-0.96435546875,-0.2685546875,-0.72021484375,0.1220703125,-1.4892578125,0.40283203125,-0.23193359375,0.13427734375,-0.28076171875,0.37841796875,-1.15966796875,-0.1708984375,-0.79345703125,-0.2197265625,-0.79345703125,0.0244140625,-0.634765625,-0.01220703125,-0.08544921875,0.01220703125,-0.732421875,-0.1708984375,-1.46484375,0.0244140625,-1.01318359375,-0.2197265625,0.42724609375,-0.06103515625,0,-0.09765625,-0.35400390625,-0.08544921875,-0.2685546875,-0.01220703125,-0.3662109375,-0.1220703125,0.03662109375,-0.2197265625,0.830078125,-0.30517578125,-0.45166015625,-0.20751953125,-0.52490234375
1,-0.10986328125,-0.3662109375,-0.08544921875,-0.3662109375,0.0732421875,-0.390625,0.08544921875,0.0244140625,0.28076171875,2.01416015625,0.1953125,0.89111328125,-0.01220703125,2.7099609375,0.3173828125,8.203125,-0.0244140625,-1.35498046875,-0.2685546875,-0.91552734375,-0.08544921875,0.2197265625,-0.1220703125,-1.3916015625,-0.3173828125,-0.18310546875,-0.3173828125,-0.78125,0.1708984375,0.9521484375,0.20751953125,0.23193359375,-0.40283203125,-0.2197265625,0.01220703125,-0.7568359375,-0.1220703125,-0.4150390625,0.1220703125,-0.69580078125,-0.1220703125,-0.15869140625,0.0244140625,-0.62255859375,0.048828125,-0.341796875,0.40283203125,0.6103515625,-0.06103515625,1.15966796875,0.048828125,0.5126953125,0.52490234375,-0.09765625,-0.0732421875,0.7568359375,-0.0732421875,0.6591796875,0.01220703125,0.439453125,0.48828125,0.634765625,-0.29296875,0.439453125,0.47607421875,0.29296875,-0.15869140625,1.06201171875,-0.01220703125,0.2685546875,-0.1220703125,0.2685546875,0.1708984375,0.3173828125,-0.03662109375,0.91552734375,-0.06103515625,0.0244140625,0.01220703125,1.40380859375,-0.06103515625,-0.9033203125,0,-0.2685546875,-0.1220703125,-0.9765625,-0.3173828125,-0.72021484375,0.1220703125,-1.50146484375,0.4150390625,-0.25634765625,0.1708984375,-0.25634765625,0.28076171875,-1.15966796875,-0.18310546875,-0.84228515625,-0.06103515625,-0.8056640625,-0.01220703125,-0.69580078125,-0.0244140625,-0.08544921875,-0.1953125,-0.69580078125,-0.15869140625,-1.45263671875,-0.0244140625,-0.98876953125,-0.2197265625,0.4150390625,-0.048828125,0,-0.10986328125,-0.3662109375,-0.08544921875,-0.25634765625,0,-0.341796875,-0.09765625,0.03662109375,-0.23193359375,0.84228515625,-0.29296875,-0.45166015625,-0.1953125,-0.537109375
0,-0.1220703125,-0.3662109375,-0.06103515625,-0.35400390625,0.06103515625,-0.40283203125,0.10986328125,0.0244140625,0.30517578125,1.79443359375,0.1953125,0.69580078125,0,2.52685546875,0.29296875,7.5439453125,-0.03662109375,-1.220703125,-0.32958984375,-0.78125,-0.1220703125,0.341796875,-0.341796875,-1.123046875,-0.23193359375,-0.13427734375,-0.3173828125,-0.76904296875,0.146484375,0.93994140625,0.23193359375,0.244140625,-0.48828125,-0.23193359375,0.01220703125,-0.732421875,-0.1708984375,-0.40283203125,0.0732421875,-0.7080078125,-0.3173828125,-0.15869140625,0.01220703125,-0.62255859375,-0.048828125,-0.3662109375,0.35400390625,0.6103515625,-0.0244140625,1.13525390625,0.048828125,0.52490234375,0.50048828125,-0.13427734375,-0.09765625,0.7568359375,-0.06103515625,0.64697265625,0.01220703125,0.42724609375,0.4638671875,0.7080078125,-0.29296875,0.390625,0.42724609375,0.29296875,-0.1953125,1.03759765625,-0.01220703125,0.244140625,-0.13427734375,0.25634765625,0.10986328125,0.28076171875,-0.06103515625,0.91552734375,-0.03662109375,0.0244140625,-0.0244140625,1.3916015625,-0.10986328125,-0.9033203125,-0.048828125,-0.28076171875,-0.18310546875,-0.96435546875,-0.2685546875,-0.732421875,0.13427734375,-1.52587890625,0.3662109375,-0.25634765625,0.25634765625,-0.25634765625,0.1708984375,-1.18408203125,-0.1953125,-0.8544921875,0.0244140625,-0.76904296875,-0.06103515625,-0.732421875,-0.048828125,-0.08544921875,-0.30517578125,-0.69580078125,-0.18310546875,-1.416015625,-0.048828125,-1.0009765625,-0.23193359375,0.40283203125,-0.03662109375,-0.01220703125,-0.13427734375,-0.390625,-0.0732421875,-0.28076171875,-0.01220703125,-0.32958984375,-0.10986328125,0.03662109375,-0.23193359375,0.86669921875,-0.30517578125,-0.45166015625,-0.1953125,-0.50048828125
0,-0.13427734375,-0.37841796875,-0.1220703125,-0.32958984375,0.03662109375,-0.390625,0.09765625,0.06103515625,0.30517578125,1.57470703125,0.23193359375,0.52490234375,-0.01220703125,2.28271484375,0.3173828125,6.77490234375,-0.06103515625,-1.0986328125,-0.35400390625,-0.6591796875,-0.146484375,0.45166015625,-0.537109375,-0.86669921875,-0.146484375,-0.1220703125,-0.32958984375,-0.76904296875,0.1708984375,0.927734375,0.1953125,0.244140625,-0.5859375,-0.23193359375,0.0244140625,-0.7568359375,-0.20751953125,-0.40283203125,0.0244140625,-0.69580078125,-0.4638671875,-0.15869140625,0.01220703125,-0.62255859375,-0.18310546875,-0.37841796875,0.29296875,0.59814453125,-0.01220703125,1.123046875,0.01220703125,0.52490234375,0.4150390625,-0.15869140625,-0.09765625,0.74462890625,0,0.634765625,0.01220703125,0.42724609375,0.37841796875,0.7568359375,-0.32958984375,0.3662109375,0.37841796875,0.25634765625,-0.23193359375,1.0498046875,-0.01220703125,0.2685546875,-0.18310546875,0.25634765625,0.09765625,0.29296875,-0.08544921875,0.91552734375,0.03662109375,0,-0.0244140625,1.40380859375,-0.15869140625,-0.91552734375,-0.10986328125,-0.25634765625,-0.20751953125,-0.96435546875,-0.18310546875,-0.732421875,0.146484375,-1.50146484375,0.28076171875,-0.25634765625,0.32958984375,-0.244140625,0,-1.20849609375,-0.1953125,-0.830078125,0.09765625,-0.7080078125,-0.08544921875,-0.76904296875,-0.03662109375,-0.03662109375,-0.3173828125,-0.67138671875,-0.244140625,-1.416015625,-0.09765625,-1.025390625,-0.23193359375,0.37841796875,-0.0244140625,-0.01220703125,-0.1220703125,-0.390625,-0.06103515625,-0.29296875,0.0244140625,-0.341796875,-0.13427734375,0.03662109375,-0.2197265625,0.86669921875,-0.29296875,-0.4638671875,-0.20751953125,-0.5126953125
0,-0.146484375,-0.37841796875,-0.13427734375,-0.29296875,0.03662109375,-0.40283203125,0.08544921875,0.0732421875,0.3173828125,1.35498046875,0.244140625,0.35400390625,-0.01220703125,2.099609375,0.40283203125,5.95703125,-0.06103515625,-0.9765625,-0.341796875,-0.54931640625,-0.18310546875,0.537109375,-0.6103515625,-0.68359375,-0.08544921875,-0.10986328125,-0.3173828125,-0.7568359375,0.1708984375,0.927734375,0.146484375,0.244140625,-0.634765625,-0.244140625,0.03662109375,-0.81787109375,-0.25634765625,-0.40283203125,-0.0732421875,-0.7080078125,-0.537109375,-0.1708984375,-0.03662109375,-0.634765625,-0.2685546875,-0.390625,0.244140625,0.6103515625,-0.048828125,1.11083984375,-0.0244140625,0.52490234375,0.3173828125,-0.15869140625,-0.1220703125,0.732421875,0.048828125,0.6103515625,0.0244140625,0.42724609375,0.30517578125,0.78125,-0.2685546875,0.29296875,0.28076171875,0.244140625,-0.244140625,1.0498046875,-0.03662109375,0.25634765625,-0.20751953125,0.2685546875,0.048828125,0.2685546875,-0.15869140625,0.91552734375,0.08544921875,0.01220703125,-0.03662109375,1.37939453125,-0.18310546875,-0.927734375,-0.15869140625,-0.29296875,-0.18310546875,-0.9765625,-0.06103515625,-0.74462890625,0.15869140625,-1.50146484375,0.1953125,-0.25634765625,0.341796875,-0.2685546875,-0.1708984375,-1.1962890625,-0.13427734375,-0.78125,0.08544921875,-0.6103515625,-0.13427734375,-0.78125,-0.01220703125,0.03662109375,-0.244140625,-0.64697265625,-0.35400390625,-1.416015625,-0.1220703125,-1.0498046875,-0.23193359375,0.3662109375,-0.06103515625,0,-0.146484375,-0.4150390625,-0.08544921875,-0.32958984375,0.03662109375,-0.32958984375,-0.1220703125,0.048828125,-0.20751953125,0.84228515625,-0.2685546875,-0.45166015625,-0.1953125,-0.48828125
0,-0.10986328125,-0.37841796875,-0.146484375,-0.2685546875,0.03662109375,-0.40283203125,0.09765625,0.06103515625,0.341796875,1.18408203125,0.25634765625,0.2197265625,-0.01220703125,1.94091796875,0.37841796875,5.2001953125,-0.0732421875,-0.87890625,-0.30517578125,-0.4638671875,-0.2197265625,0.57373046875,-0.537109375,-0.67138671875,-0.048828125,-0.1220703125,-0.32958984375,-0.7568359375,0.15869140625,0.93994140625,0.048828125,0.2197265625,-0.5859375,-0.29296875,0.048828125,-0.87890625,-0.25634765625,-0.40283203125,-0.09765625,-0.7080078125,-0.5126953125,-0.1708984375,-0.10986328125,-0.6103515625,-0.3173828125,-0.4150390625,0.20751953125,0.62255859375,-0.09765625,1.1474609375,-0.0244140625,0.52490234375,0.1953125,-0.15869140625,-0.1220703125,0.732421875,0.1220703125,0.6103515625,0.048828125,0.4150390625,0.2197265625,0.7568359375,-0.25634765625,0.244140625,0.15869140625,0.23193359375,-0.2197265625,1.0498046875,-0.048828125,0.2685546875,-0.20751953125,0.25634765625,-0.0244140625,0.2685546875,-0.1220703125,0.91552734375,0.146484375,0,-0.08544921875,1.37939453125,-0.1953125,-0.927734375,-0.15869140625,-0.28076171875,-0.15869140625,-0.93994140625,0.048828125,-0.74462890625,0.13427734375,-1.50146484375,0.09765625,-0.28076171875,0.244140625,-0.2685546875,-0.28076171875,-1.18408203125,-0.048828125,-0.732421875,0.1220703125,-0.48828125,-0.1708984375,-0.78125,-0.0244140625,0.08544921875,-0.10986328125,-0.6591796875,-0.45166015625,-1.40380859375,-0.10986328125,-1.0498046875,-0.23193359375,0.35400390625,-0.048828125,-0.01220703125,-0.13427734375,-0.4150390625,-0.0732421875,-0.341796875,0.03662109375,-0.3662109375,-0.13427734375,0.048828125,-0.20751953125,0.84228515625,-0.25634765625,-0.439453125,-0.18310546875,-0.48828125
0,-0.09765625,-0.390625,-0.1220703125,-0.244140625,0.0244140625,-0.37841796875,0.08544921875,0.048828125,0.37841796875,1.06201171875,0.23193359375,0.13427734375,-0.01220703125,1.86767578125,0.40283203125,4.60205078125,-0.08544921875,-0.830078125,-0.28076171875,-0.42724609375,-0.3173828125,0.57373046875,-0.3662109375,-0.732421875,-0.0732421875,-0.13427734375,-0.32958984375,-0.7568359375,0.146484375,0.93994140625,-0.0732421875,0.23193359375,-0.4638671875,-0.29296875,0.048828125,-0.9521484375,-0.23193359375,-0.40283203125,-0.0732421875,-0.68359375,-0.42724609375,-0.1708984375,-0.18310546875,-0.62255859375,-0.341796875,-0.4150390625,0.146484375,0.634765625,-0.146484375,1.15966796875,-0.01220703125,0.5126953125,0.10986328125,-0.1953125,-0.15869140625,0.72021484375,0.13427734375,0.6103515625,0.146484375,0.42724609375,0.1220703125,0.72021484375,-0.28076171875,0.18310546875,0.10986328125,0.1953125,-0.23193359375,1.07421875,-0.0732421875,0.25634765625,-0.2197265625,0.23193359375,-0.06103515625,0.28076171875,-0.1220703125,0.9033203125,0.146484375,0.01220703125,-0.03662109375,1.3671875,-0.20751953125,-0.93994140625,-0.146484375,-0.30517578125,-0.08544921875,-0.93994140625,0.13427734375,-0.78125,0.08544921875,-1.50146484375,0.048828125,-0.2685546875,0.10986328125,-0.29296875,-0.32958984375,-1.18408203125,0.06103515625,-0.67138671875,0.18310546875,-0.40283203125,-0.13427734375,-0.732421875,-0.048828125,0.13427734375,0.08544921875,-0.68359375,-0.57373046875,-1.42822265625,-0.13427734375,-1.0986328125,-0.23193359375,0.3662109375,-0.06103515625,-0.03662109375,-0.146484375,-0.4150390625,-0.08544921875,-0.341796875,0.01220703125,-0.390625,-0.1220703125,0.06103515625,-0.20751953125,0.84228515625,-0.2197265625,-0.439453125,-0.20751953125,-0.4638671875
0,-0.1220703125,-0.37841796875,-0.10986328125,-0.244140625,-0.01220703125,-0.390625,0.06103515625,0.03662109375,0.42724609375,1.025390625,0.2685546875,0.08544921875,-0.01220703125,1.81884765625,0.45166015625,4.2236328125,-0.0732421875,-0.81787109375,-0.23193359375,-0.42724609375,-0.32958984375,0.5615234375,-0.18310546875,-0.89111328125,-0.1220703125,-0.1708984375,-0.32958984375,-0.732421875,0.1220703125,0.9521484375,-0.23193359375,0.23193359375,-0.3173828125,-0.29296875,0.1708984375,-0.96435546875,-0.23193359375,-0.4150390625,-0.0732421875,-0.7080078125,-0.28076171875,-0.15869140625,-0.20751953125,-0.64697265625,-0.3662109375,-0.40283203125,0.1220703125,0.6103515625,-0.2685546875,1.15966796875,-0.01220703125,0.47607421875,0.0732421875,-0.18310546875,-0.2197265625,0.74462890625,0.146484375,0.62255859375,0.08544921875,0.439453125,-0.1220703125,0.6591796875,-0.3173828125,0.146484375,-0.0244140625,0.18310546875,-0.23193359375,1.06201171875,-0.10986328125,0.23193359375,-0.1953125,0.20751953125,-0.10986328125,0.25634765625,-0.1708984375,0.86669921875,0.13427734375,0,-0.0244140625,1.35498046875,-0.1953125,-0.93994140625,-0.09765625,-0.3173828125,0.01220703125,-0.9765625,0.1708984375,-0.78125,0.048828125,-1.513671875,0.0244140625,-0.28076171875,-0.09765625,-0.30517578125,-0.25634765625,-1.18408203125,0.15869140625,-0.6103515625,0.08544921875,-0.35400390625,-0.08544921875,-0.64697265625,-0.10986328125,0.18310546875,0.23193359375,-0.69580078125,-0.59814453125,-1.4404296875,-0.13427734375,-1.06201171875,-0.25634765625,0.35400390625,-0.048828125,-0.0244140625,-0.13427734375,-0.37841796875,-0.0732421875,-0.3662109375,0.01220703125,-0.390625,-0.13427734375,0.06103515625,-0.1953125,0.79345703125,-0.20751953125,-0.45166015625,-0.20751953125,-0.47607421875
0,-0.10986328125,-0.37841796875,-0.10986328125,-0.244140625,-0.06103515625,-0.3662109375,0.0244140625,0.03662109375,0.439453125,1.01318359375,0.25634765625,0.09765625,-0.03662109375,1.8310546875,0.341796875,4.0771484375,-0.03662109375,-0.86669921875,-0.09765625,-0.4638671875,-0.2685546875,0.52490234375,0.01220703125,-1.06201171875,-0.2197265625,-0.1953125,-0.32958984375,-0.732421875,0.048828125,0.927734375,-0.341796875,0.2197265625,-0.13427734375,-0.30517578125,0.25634765625,-1.0009765625,-0.1953125,-0.40283203125,-0.048828125,-0.72021484375,-0.13427734375,-0.1708984375,-0.2197265625,-0.634765625,-0.30517578125,-0.40283203125,0.146484375,0.6103515625,-0.3173828125,1.18408203125,0.03662109375,0.47607421875,0.03662109375,-0.15869140625,-0.29296875,0.732421875,0.1953125,0.64697265625,0.09765625,0.45166015625,-0.146484375,0.62255859375,-0.4150390625,0.146484375,-0.13427734375,0.1953125,-0.13427734375,1.0498046875,-0.13427734375,0.25634765625,-0.18310546875,0.2197265625,-0.18310546875,0.28076171875,-0.15869140625,0.86669921875,0.1220703125,0.0244140625,0,1.3427734375,-0.15869140625,-0.9765625,-0.048828125,-0.30517578125,0.10986328125,-0.9521484375,0.146484375,-0.8056640625,-0.03662109375,-1.52587890625,0.0244140625,-0.29296875,-0.2197265625,-0.341796875,-0.10986328125,-1.1962890625,0.1953125,-0.6103515625,0.06103515625,-0.341796875,-0.09765625,-0.67138671875,-0.2197265625,0.1953125,0.3173828125,-0.68359375,-0.48828125,-1.4404296875,-0.13427734375,-1.0498046875,-0.32958984375,0.3662109375,-0.048828125,-0.03662109375,-0.13427734375,-0.35400390625,-0.06103515625,-0.3662109375,-0.01220703125,-0.4150390625,-0.1220703125,0.048828125,-0.1953125,0.78125,-0.2197265625,-0.45166015625,-0.20751953125,-0.48828125
0,-0.10986328125,-0.37841796875,-0.09765625,-0.28076171875,-0.09765625,-0.37841796875,0.03662109375,0,0.439453125,1.06201171875,0.244140625,0.10986328125,-0.048828125,1.89208984375,0.20751953125,4.13818359375,-0.06103515625,-0.89111328125,-0.03662109375,-0.5126953125,-0.15869140625,0.47607421875,0.15869140625,-1.1962890625,-0.32958984375,-0.2197265625,-0.3173828125,-0.72021484375,-0.08544921875,0.91552734375,-0.3662109375,0.2197265625,0,-0.28076171875,0.30517578125,-1.0009765625,-0.1708984375,-0.4150390625,-0.03662109375,-0.72021484375,0.0244140625,-0.1708984375,-0.18310546875,-0.634765625,-0.244140625,-0.3662109375,0.18310546875,0.5859375,-0.3662109375,1.1962890625,0.0732421875,0.47607421875,-0.01220703125,-0.13427734375,-0.32958984375,0.76904296875,0.20751953125,0.64697265625,0.0732421875,0.4638671875,-0.2197265625,0.59814453125,-0.35400390625,0.15869140625,-0.146484375,0.1708984375,-0.10986328125,1.0498046875,-0.15869140625,0.25634765625,-0.146484375,0.20751953125,-0.244140625,0.29296875,-0.18310546875,0.84228515625,0.09765625,0.0244140625,0.0732421875,1.35498046875,-0.13427734375,-0.98876953125,0.03662109375,-0.3173828125,0.20751953125,-0.9521484375,0.08544921875,-0.8056640625,-0.1220703125,-1.5380859375,0.03662109375,-0.29296875,-0.3173828125,-0.35400390625,0.06103515625,-1.171875,0.1708984375,-0.67138671875,-0.0244140625,-0.4150390625,-0.06103515625,-0.6591796875,-0.3173828125,0.15869140625,0.3173828125,-0.72021484375,-0.3662109375,-1.46484375,-0.1220703125,-1.0498046875,-0.37841796875,0.390625,-0.06103515625,-0.03662109375,-0.13427734375,-0.35400390625,-0.0732421875,-0.341796875,0.01220703125,-0.40283203125,-0.13427734375,0.048828125,-0.18310546875,0.76904296875,-0.2197265625,-0.48828125,-0.20751953125,-0.5126953125
0,-0.10986328125,-0.37841796875,-0.048828125,-0.244140625,-0.09765625,-0.37841796875,0.03662109375,0.01220703125,0.45166015625,1.13525390625,0.25634765625,0.1708984375,-0.03662109375,1.94091796875,0.1220703125,4.40673828125,-0.048828125,-0.89111328125,-0.06103515625,-0.54931640625,-0.1220703125,0.439453125,0.08544921875,-1.28173828125,-0.45166015625,-0.2197265625,-0.30517578125,-0.74462890625,-0.23193359375,0.91552734375,-0.29296875,0.2197265625,0.06103515625,-0.244140625,0.3662109375,-0.93994140625,-0.15869140625,-0.4150390625,0.0244140625,-0.72021484375,0.09765625,-0.15869140625,-0.1220703125,-0.64697265625,-0.20751953125,-0.341796875,0.244140625,0.634765625,-0.30517578125,1.1962890625,0.08544921875,0.48828125,-0.03662109375,-0.10986328125,-0.341796875,0.78125,0.20751953125,0.67138671875,0.06103515625,0.4638671875,-0.23193359375,0.59814453125,-0.40283203125,0.20751953125,-0.1953125,0.15869140625,-0.048828125,1.03759765625,-0.18310546875,0.25634765625,-0.10986328125,0.20751953125,-0.28076171875,0.3173828125,-0.146484375,0.830078125,0.09765625,0.03662109375,0.10986328125,1.318359375,-0.048828125,-1.0009765625,0.08544921875,-0.3173828125,0.244140625,-0.96435546875,0.03662109375,-0.78125,-0.18310546875,-1.55029296875,0.0244140625,-0.30517578125,-0.3173828125,-0.3662109375,0.1953125,-1.171875,0.10986328125,-0.7568359375,0.09765625,-0.54931640625,-0.06103515625,-0.64697265625,-0.32958984375,0.0732421875,0.20751953125,-0.732421875,-0.1953125,-1.46484375,-0.10986328125,-1.0498046875,-0.3662109375,0.4150390625,-0.048828125,-0.0244140625,-0.13427734375,-0.3662109375,-0.06103515625,-0.3173828125,-0.01220703125,-0.42724609375,-0.13427734375,0.048828125,-0.1708984375,0.78125,-0.23193359375,-0.47607421875,-0.20751953125,-0.5126953125
0,-0.10986328125,-0.390625,-0.06103515625,-0.25634765625,-0.10986328125,-0.40283203125,0,0.03662109375,0.45166015625,1.1962890625,0.2685546875,0.23193359375,-0.03662109375,2.001953125,-0.03662109375,4.69970703125,0.03662109375,-0.86669921875,0,-0.52490234375,0.048828125,0.4638671875,0.1220703125,-1.26953125,-0.54931640625,-0.20751953125,-0.30517578125,-0.7568359375,-0.32958984375,0.91552734375,-0.18310546875,0.2197265625,0.048828125,-0.2197265625,0.35400390625,-0.87890625,-0.1220703125,-0.390625,0.09765625,-0.7080078125,0.10986328125,-0.146484375,0,-0.6591796875,-0.13427734375,-0.3173828125,0.3173828125,0.62255859375,-0.20751953125,1.18408203125,0.10986328125,0.48828125,-0.0732421875,-0.09765625,-0.4150390625,0.78125,0.20751953125,0.68359375,0.06103515625,0.4638671875,-0.06103515625,0.64697265625,-0.439453125,0.25634765625,-0.25634765625,0.1708984375,0.01220703125,1.0498046875,-0.1708984375,0.2685546875,-0.0732421875,0.1953125,-0.3173828125,0.341796875,-0.13427734375,0.86669921875,0.10986328125,0.048828125,0.18310546875,1.33056640625,0.01220703125,-1.0009765625,0.146484375,-0.30517578125,0.2197265625,-0.9521484375,-0.0244140625,-0.79345703125,-0.23193359375,-1.55029296875,0.08544921875,-0.30517578125,-0.2197265625,-0.35400390625,0.244140625,-1.13525390625,-0.0244140625,-0.8544921875,0.15869140625,-0.67138671875,-0.0732421875,-0.69580078125,-0.30517578125,-0.01220703125,0.1220703125,-0.74462890625,-0.0732421875,-1.45263671875,-0.10986328125,-1.03759765625,-0.3662109375,0.4150390625,-0.048828125,-0.03662109375,-0.1220703125,-0.3662109375,-0.06103515625,-0.32958984375,0.01220703125,-0.40283203125,-0.1220703125,0.03662109375,-0.1708984375,0.76904296875,-0.244140625,-0.48828125,-0.2197265625,-0.50048828125
0,-0.146484375,-0.390625,-0.0244140625,-0.28076171875,-0.10986328125,-0.3662109375,-0.03662109375,0.03662109375,0.45166015625,1.2451171875,0.2685546875,0.2685546875,-0.03662109375,2.01416015625,-0.18310546875,4.931640625,0.08544921875,-0.79345703125,0,-0.4638671875,0.2197265625,0.537109375,0.08544921875,-1.13525390625,-0.59814453125,-0.1953125,-0.29296875,-0.78125,-0.390625,0.927734375,-0.06103515625,0.23193359375,0.03662109375,-0.2197265625,0.42724609375,-0.830078125,-0.08544921875,-0.40283203125,0.10986328125,-0.72021484375,0.09765625,-0.1708984375,0.08544921875,-0.6591796875,-0.09765625,-0.30517578125,0.40283203125,0.634765625,-0.1220703125,1.15966796875,0.1220703125,0.48828125,-0.13427734375,-0.06103515625,-0.45166015625,0.78125,0.2197265625,0.67138671875,0.0244140625,0.47607421875,-0.0244140625,0.72021484375,-0.341796875,0.28076171875,-0.3173828125,0.20751953125,0.0244140625,1.025390625,-0.18310546875,0.2685546875,-0.0732421875,0.20751953125,-0.30517578125,0.3173828125,-0.10986328125,0.8544921875,0.09765625,0.048828125,0.23193359375,1.3427734375,0.0732421875,-1.0009765625,0.15869140625,-0.30517578125,0.13427734375,-0.9521484375,-0.03662109375,-0.8056640625,-0.23193359375,-1.5380859375,0.10986328125,-0.30517578125,-0.0244140625,-0.341796875,0.1953125,-1.1474609375,-0.1953125,-0.9521484375,0.20751953125,-0.76904296875,-0.06103515625,-0.74462890625,-0.2685546875,-0.08544921875,0.048828125,-0.732421875,-0.03662109375,-1.4404296875,-0.1220703125,-1.0498046875,-0.341796875,0.439453125,-0.048828125,-0.0244140625,-0.13427734375,-0.35400390625,-0.08544921875,-0.32958984375,0.03662109375,-0.390625,-0.10986328125,0.01220703125,-0.18310546875,0.79345703125,-0.23193359375,-0.50048828125,-0.20751953125,-0.5126953125
0,-0.15869140625,-0.390625,0,-0.28076171875,-0.1220703125,-0.37841796875,-0.06103515625,0.048828125,0.45166015625,1.20849609375,0.23193359375,0.25634765625,-0.048828125,2.01416015625,-0.3173828125,4.96826171875,0.10986328125,-0.6591796875,-0.06103515625,-0.341796875,0.25634765625,0.59814453125,-0.08544921875,-0.927734375,-0.6103515625,-0.1708984375,-0.32958984375,-0.78125,-0.390625,0.91552734375,0.06103515625,0.2197265625,-0.0244140625,-0.244140625,0.42724609375,-0.79345703125,-0.06103515625,-0.439453125,0.15869140625,-0.74462890625,0.03662109375,-0.18310546875,0.15869140625,-0.6591796875,-0.08544921875,-0.341796875,0.48828125,0.634765625,0,1.171875,0.10986328125,0.48828125,-0.15869140625,-0.08544921875,-0.48828125,0.78125,0.18310546875,0.6591796875,0,0.45166015625,0,0.830078125,-0.29296875,0.341796875,-0.3173828125,0.23193359375,0.0732421875,1.0498046875,-0.15869140625,0.28076171875,-0.08544921875,0.2197265625,-0.32958984375,0.32958984375,-0.0732421875,0.9033203125,0.13427734375,0.06103515625,0.23193359375,1.3671875,0.10986328125,-0.98876953125,0.15869140625,-0.29296875,0,-0.9521484375,-0.06103515625,-0.79345703125,-0.1953125,-1.52587890625,0.10986328125,-0.29296875,0.1708984375,-0.35400390625,0.1220703125,-1.171875,-0.3173828125,-1.01318359375,0.2197265625,-0.78125,-0.06103515625,-0.79345703125,-0.244140625,-0.146484375,0.03662109375,-0.72021484375,-0.03662109375,-1.416015625,-0.18310546875,-1.025390625,-0.3173828125,0.4150390625,-0.01220703125,-0.03662109375,-0.1220703125,-0.3662109375,-0.0732421875,-0.30517578125,0.048828125,-0.35400390625,-0.1220703125,0.01220703125,-0.18310546875,0.8056640625,-0.20751953125,-0.50048828125,-0.20751953125,-0.52490234375
0,-0.18310546875,-0.40283203125,0,-0.30517578125,-0.1220703125,-0.390625,-0.09765625,0.03662109375,0.439453125,1.123046875,0.2197265625,0.20751953125,-0.06103515625,1.9287109375,-0.29296875,4.736328125,0.1953125,-0.5126953125,-0.08544921875,-0.1708984375,0.32958984375,0.7568359375,-0.13427734375,-0.69580078125,-0.5126953125,-0.15869140625,-0.35400390625,-0.76904296875,-0.3173828125,0.9033203125,0.15869140625,0.23193359375,-0.06103515625,-0.244140625,0.37841796875,-0.78125,-0.06103515625,-0.45166015625,0.13427734375,-0.732421875,0,-0.1953125,0.18310546875,-0.6591796875,-0.0732421875,-0.341796875,0.47607421875,0.634765625,0.10986328125,1.15966796875,0.08544921875,0.48828125,-0.146484375,-0.08544921875,-0.5126953125,0.7568359375,0.1220703125,0.634765625,0.0244140625,0.45166015625,0.03662109375,0.91552734375,-0.23193359375,0.37841796875,-0.29296875,0.25634765625,0.10986328125,1.0498046875,-0.1220703125,0.28076171875,-0.08544921875,0.20751953125,-0.341796875,0.341796875,-0.0244140625,0.9033203125,0.13427734375,0.0732421875,0.25634765625,1.37939453125,0.146484375,-0.98876953125,0.1220703125,-0.29296875,-0.10986328125,-0.93994140625,-0.03662109375,-0.76904296875,-0.15869140625,-1.46484375,0.146484375,-0.28076171875,0.341796875,-0.32958984375,0,-1.171875,-0.390625,-1.03759765625,0.146484375,-0.6591796875,-0.08544921875,-0.8056640625,-0.18310546875,-0.13427734375,0.08544921875,-0.7080078125,-0.1220703125,-1.416015625,-0.18310546875,-1.03759765625,-0.2685546875,0.42724609375,-0.048828125,-0.03662109375,-0.10986328125,-0.3662109375,-0.0732421875,-0.29296875,0.048828125,-0.35400390625,-0.10986328125,0.01220703125,-0.18310546875,0.81787109375,-0.20751953125,-0.5126953125,-0.20751953125,-0.50048828125
1,-0.15869140625,-0.40283203125,-0.03662109375,-0.30517578125,-0.1708984375,-0.390625,-0.0732421875,0.03662109375,0.439453125,0.98876953125,0.2197265625,0.0732421875,-0.08544921875,1.84326171875,-0.3662109375,4.19921875,0.1708984375,-0.32958984375,-0.1708984375,0.0244140625,0.29296875,0.91552734375,-0.20751953125,-0.439453125,-0.390625,-0.13427734375,-0.37841796875,-0.76904296875,-0.1953125,0.927734375,0.1708984375,0.244140625,-0.146484375,-0.29296875,0.341796875,-0.76904296875,-0.0732421875,-0.4638671875,0.13427734375,-0.732421875,-0.03662109375,-0.18310546875,0.1220703125,-0.634765625,-0.08544921875,-0.390625,0.439453125,0.62255859375,0.1708984375,1.15966796875,0.06103515625,0.5126953125,-0.1220703125,-0.1220703125,-0.52490234375,0.74462890625,0.06103515625,0.6103515625,0.08544921875,0.439453125,0.09765625,1.01318359375,-0.15869140625,0.3662109375,-0.25634765625,0.29296875,0.13427734375,1.07421875,-0.09765625,0.28076171875,-0.10986328125,0.2197265625,-0.341796875,0.32958984375,-0.0244140625,0.91552734375,0.1220703125,0.0732421875,0.25634765625,1.37939453125,0.146484375,-0.9521484375,0.09765625,-0.29296875,-0.2197265625,-0.9521484375,0.0244140625,-0.7568359375,-0.08544921875,-1.4404296875,0.146484375,-0.244140625,0.45166015625,-0.30517578125,-0.048828125,-1.18408203125,-0.40283203125,-0.91552734375,0.09765625,-0.390625,-0.0732421875,-0.76904296875,-0.10986328125,-0.03662109375,0.15869140625,-0.7080078125,-0.2685546875,-1.40380859375,-0.1708984375,-1.025390625,-0.244140625,0.42724609375,-0.0732421875,-0.0244140625,-0.09765625,-0.390625,-0.08544921875,-0.3173828125,0.0732421875,-0.35400390625,-0.10986328125,0,-0.15869140625,0.830078125,-0.1953125,-0.50048828125,-0.244140625,-0.48828125
1,-0.15869140625,-0.37841796875,-0.048828125,-0.29296875,-0.15869140625,-0.40283203125,-0.09765625,0.01220703125,0.42724609375,0.78125,0.23193359375,-0.10986328125,-0.0732421875,1.64794921875,-0.25634765625,3.35693359375,0.244140625,-0.13427734375,-0.29296875,0.244140625,0.244140625,1.025390625,-0.25634765625,-0.20751953125,-0.25634765625,-0.10986328125,-0.341796875,-0.78125,-0.03662109375,0.927734375,0.13427734375,0.244140625,-0.244140625,-0.3662109375,0.28076171875,-0.79345703125,-0.09765625,-0.4638671875,0.10986328125,-0.732421875,-0.0732421875,-0.2197265625,0.06103515625,-0.634765625,-0.0244140625,-0.4150390625,0.4150390625,0.62255859375,0.2197265625,1.171875,-0.01220703125,0.48828125,-0.08544921875,-0.1220703125,-0.5615234375,0.7568359375,-0.06103515625,0.6103515625,0.09765625,0.42724609375,0.1953125,1.123046875,-0.10986328125,0.3662109375,-0.2197265625,0.30517578125,0.1708984375,1.07421875,-0.03662109375,0.29296875,-0.146484375,0.23193359375,-0.30517578125,0.32958984375,0,0.927734375,0.146484375,0.08544921875,0.23193359375,1.3916015625,0.1220703125,-0.927734375,0.03662109375,-0.29296875,-0.2685546875,-0.96435546875,-0.01220703125,-0.7568359375,-0.03662109375,-1.4404296875,0.15869140625,-0.23193359375,0.47607421875,-0.28076171875,-0.03662109375,-1.1962890625,-0.3662109375,-0.72021484375,-0.13427734375,0.0732421875,-0.10986328125,-0.6591796875,-0.06103515625,0.15869140625,0.20751953125,-0.69580078125,-0.40283203125,-1.3916015625,-0.18310546875,-1.01318359375,-0.2197265625,0.40283203125,-0.06103515625,0,-0.08544921875,-0.390625,-0.0732421875,-0.29296875,0.08544921875,-0.37841796875,-0.09765625,0,-0.15869140625,0.8544921875,-0.146484375,-0.47607421875,-0.2685546875,-0.50048828125
1,-0.15869140625,-0.390625,-0.0732421875,-0.28076171875,-0.20751953125,-0.42724609375,-0.0732421875,0.03662109375,0.48828125,0.5126953125,0.20751953125,-0.32958984375,-0.0732421875,1.45263671875,-0.23193359375,2.35595703125,0.25634765625,0.06103515625,-0.3173828125,0.439453125,0.146484375,1.171875,-0.244140625,-0.08544921875,-0.09765625,-0.09765625,-0.341796875,-0.76904296875,0.09765625,0.91552734375,0.0732421875,0.244140625,-0.28076171875,-0.37841796875,0.15869140625,-0.830078125,-0.1708984375,-0.47607421875,0.0244140625,-0.732421875,-0.08544921875,-0.20751953125,-0.0732421875,-0.634765625,-0.03662109375,-0.439453125,0.341796875,0.62255859375,0.2197265625,1.18408203125,-0.09765625,0.48828125,-0.09765625,-0.146484375,-0.54931640625,0.74462890625,-0.1220703125,0.6103515625,0.1708984375,0.439453125,0.32958984375,1.171875,-0.048828125,0.341796875,-0.146484375,0.3173828125,0.20751953125,1.0986328125,0.0244140625,0.30517578125,-0.1953125,0.23193359375,-0.244140625,0.341796875,0.0244140625,0.91552734375,0.146484375,0.0732421875,0.244140625,1.40380859375,0.0732421875,-0.86669921875,-0.01220703125,-0.29296875,-0.244140625,-0.96435546875,-0.03662109375,-0.732421875,0.03662109375,-1.416015625,0.1953125,-0.1953125,0.3662109375,-0.2685546875,0.0244140625,-1.220703125,-0.32958984375,-0.4150390625,-0.20751953125,0.69580078125,-0.08544921875,-0.47607421875,0.01220703125,0.439453125,0.244140625,-0.67138671875,-0.537109375,-1.40380859375,-0.18310546875,-1.03759765625,-0.1953125,0.390625,-0.0732421875,0,-0.0732421875,-0.40283203125,-0.08544921875,-0.29296875,0.09765625,-0.390625,-0.08544921875,0,-0.15869140625,0.86669921875,-0.146484375,-0.4638671875,-0.28076171875,-0.48828125
1,-0.146484375,-0.390625,-0.06103515625,-0.23193359375,-0.23193359375,-0.40283203125,-0.06103515625,0.06103515625,0.4638671875,0.2685546875,0.18310546875,-0.54931640625,-0.06103515625,1.220703125,-0.23193359375,1.25732421875,0.18310546875,0.23193359375,-0.4150390625,0.64697265625,0.01220703125,1.30615234375,-0.3173828125,0.01220703125,0.0244140625,-0.1220703125,-0.2685546875,-0.7568359375,0.1708984375,0.93994140625,0.03662109375,0.244140625,-0.30517578125,-0.390625,0.0732421875,-0.87890625,-0.25634765625,-0.4638671875,0,-0.732421875,-0.09765625,-0.20751953125,-0.20751953125,-0.634765625,-0.048828125,-0.42724609375,0.244140625,0.6103515625,0.15869140625,1.18408203125,-0.1953125,0.50048828125,-0.1220703125,-0.15869140625,-0.48828125,0.74462890625,-0.15869140625,0.62255859375,0.15869140625,0.439453125,0.244140625,1.23291015625,-0.03662109375,0.29296875,-0.0244140625,0.29296875,0.20751953125,1.08642578125,0.01220703125,0.30517578125,-0.1953125,0.244140625,-0.18310546875,0.32958984375,0.048828125,0.87890625,0.146484375,0.048828125,0.1953125,1.37939453125,0.01220703125,-0.89111328125,-0.03662109375,-0.29296875,-0.15869140625,-0.9521484375,-0.09765625,-0.74462890625,0.0732421875,-1.416015625,0.20751953125,-0.1708984375,0.1953125,-0.28076171875,0.09765625,-1.20849609375,-0.2685546875,0,-0.341796875,1.4404296875,-0.06103515625,-0.1953125,0.0244140625,0.7568359375,0.2197265625,-0.69580078125,-0.57373046875,-1.416015625,-0.18310546875,-1.0498046875,-0.1953125,0.35400390625,-0.06103515625,-0.01220703125,-0.0732421875,-0.40283203125,-0.0732421875,-0.29296875,0.1220703125,-0.390625,-0.10986328125,-0.0244140625,-0.18310546875,0.86669921875,-0.13427734375,-0.42724609375,-0.30517578125,-0.50048828125
1,-0.13427734375,-0.37841796875,-0.08544921875,-0.20751953125,-0.25634765625,-0.40283203125,-0.048828125,0.048828125,0.48828125,0.06103515625,0.1953125,-0.7568359375,-0.048828125,1.03759765625,-0.18310546875,0.2685546875,0.15869140625,0.40283203125,-0.47607421875,0.8056640625,-0.15869140625,1.416015625,-0.390625,0.03662109375,0.0732421875,-0.13427734375,-0.18310546875,-0.7568359375,0.244140625,0.93994140625,0,0.244140625,-0.244140625,-0.37841796875,0.01220703125,-0.89111328125,-0.32958984375,-0.439453125,-0.0244140625,-0.732421875,-0.146484375,-0.18310546875,-0.244140625,-0.6103515625,-0.09765625,-0.4150390625,0.18310546875,0.62255859375,0.10986328125,1.18408203125,-0.23193359375,0.50048828125,-0.06103515625,-0.146484375,-0.4638671875,0.74462890625,-0.15869140625,0.62255859375,0.15869140625,0.4638671875,0.42724609375,1.26953125,-0.1220703125,0.28076171875,0.146484375,0.28076171875,0.1953125,1.06201171875,0.048828125,0.30517578125,-0.1708984375,0.244140625,-0.15869140625,0.32958984375,0.0732421875,0.87890625,0.1220703125,0.06103515625,0.15869140625,1.37939453125,-0.048828125,-0.89111328125,-0.0732421875,-0.3173828125,-0.06103515625,-0.93994140625,-0.1220703125,-0.74462890625,0.0732421875,-1.40380859375,0.23193359375,-0.18310546875,0.0244140625,-0.2685546875,0.146484375,-1.220703125,-0.23193359375,0.45166015625,-0.244140625,2.24609375,-0.06103515625,0.146484375,0.01220703125,1.15966796875,0.146484375,-0.68359375,-0.5615234375,-1.4404296875,-0.1953125,-1.03759765625,-0.20751953125,0.3662109375,-0.06103515625,-0.01220703125,-0.08544921875,-0.4150390625,-0.08544921875,-0.28076171875,0.1220703125,-0.40283203125,-0.09765625,-0.0244140625,-0.15869140625,0.86669921875,-0.10986328125,-0.40283203125,-0.3173828125,-0.47607421875
1,-0.13427734375,-0.3662109375,-0.048828125,-0.1953125,-0.25634765625,-0.4150390625,-0.048828125,0.048828125,0.50048828125,-0.1220703125,0.1708984375,-0.91552734375,-0.06103515625,0.91552734375,-0.146484375,-0.52490234375,0.15869140625,0.54931640625,-0.47607421875,0.96435546875,-0.28076171875,1.4892578125,-0.42724609375,0.03662109375,0.09765625,-0.146484375,-0.10986328125,-0.732421875,0.23193359375,0.927734375,-0.01220703125,0.244140625,-0.13427734375,-0.341796875,-0.06103515625,-0.91552734375,-0.390625,-0.42724609375,-0.03662109375,-0.72021484375,-0.20751953125,-0.1708984375,-0.25634765625,-0.62255859375,-0.1708984375,-0.390625,0.1220703125,0.62255859375,0.03662109375,1.18408203125,-0.30517578125,0.5126953125,0,-0.10986328125,-0.45166015625,0.78125,-0.1220703125,0.634765625,0.13427734375,0.4638671875,0.47607421875,1.2939453125,-0.2197265625,0.25634765625,0.25634765625,0.244140625,0.18310546875,1.07421875,0.048828125,0.28076171875,-0.146484375,0.2197265625,-0.146484375,0.29296875,0.0732421875,0.81787109375,0.09765625,0.048828125,0.10986328125,1.35498046875,-0.10986328125,-0.9033203125,-0.0732421875,-0.3173828125,0.03662109375,-0.93994140625,-0.1220703125,-0.74462890625,0.048828125,-1.42822265625,0.23193359375,-0.1953125,-0.1220703125,-0.29296875,0.13427734375,-1.220703125,-0.15869140625,0.9033203125,-0.06103515625,3.1005859375,-0.0244140625,0.52490234375,0.01220703125,1.57470703125,0.03662109375,-0.69580078125,-0.48828125,-1.45263671875,-0.20751953125,-1.03759765625,-0.2197265625,0.390625,-0.06103515625,0,-0.0732421875,-0.40283203125,-0.08544921875,-0.30517578125,0.13427734375,-0.390625,-0.09765625,-0.01220703125,-0.146484375,0.86669921875,-0.13427734375,-0.4150390625,-0.3173828125,-0.48828125
1,-0.1220703125,-0.341796875,-0.06103515625,-0.2197265625,-0.2685546875,-0.4150390625,-0.08544921875,0.048828125,0.47607421875,-0.20751953125,0.13427734375,-1.01318359375,-0.09765625,0.830078125,-0.13427734375,-0.93994140625,0.13427734375,0.64697265625,-0.45166015625,1.03759765625,-0.2685546875,1.55029296875,-0.390625,0,0.08544921875,-0.15869140625,-0.06103515625,-0.7568359375,0.18310546875,0.93994140625,-0.048828125,0.25634765625,-0.0732421875,-0.29296875,-0.08544921875,-0.9033203125,-0.42724609375,-0.390625,-0.06103515625,-0.74462890625,-0.30517578125,-0.15869140625,-0.1953125,-0.62255859375,-0.2197265625,-0.35400390625,0.09765625,0.62255859375,-0.03662109375,1.18408203125,-0.3173828125,0.50048828125,0.03662109375,-0.09765625,-0.42724609375,0.78125,-0.06103515625,0.64697265625,0.08544921875,0.4638671875,0.439453125,1.33056640625,-0.25634765625,0.20751953125,0.29296875,0.23193359375,0.1953125,1.03759765625,0.0732421875,0.28076171875,-0.08544921875,0.2197265625,-0.1220703125,0.28076171875,0.06103515625,0.78125,0.0732421875,0.06103515625,0.03662109375,1.3427734375,-0.146484375,-0.93994140625,-0.06103515625,-0.32958984375,0.10986328125,-0.96435546875,-0.08544921875,-0.7568359375,-0.0244140625,-1.46484375,0.1953125,-0.20751953125,-0.20751953125,-0.3173828125,0.03662109375,-1.1962890625,-0.1220703125,1.3671875,0.03662109375,3.94287109375,-0.048828125,0.89111328125,-0.0244140625,1.953125,-0.0732421875,-0.732421875,-0.35400390625,-1.45263671875,-0.25634765625,-1.025390625,-0.25634765625,0.37841796875,-0.06103515625,-0.01220703125,-0.06103515625,-0.40283203125,-0.06103515625,-0.3173828125,0.146484375,-0.37841796875,-0.08544921875,-0.01220703125,-0.146484375,0.86669921875,-0.1220703125,-0.42724609375,-0.29296875,-0.50048828125
1,-0.13427734375,-0.341796875,-0.048828125,-0.25634765625,-0.2685546875,-0.40283203125,-0.09765625,0.048828125,0.48828125,-0.1953125,0.146484375,-1.0009765625,-0.09765625,0.86669921875,-0.1220703125,-0.96435546875,0.09765625,0.7080078125,-0.42724609375,1.0986328125,-0.244140625,1.5869140625,-0.341796875,-0.0244140625,0.03662109375,-0.15869140625,-0.06103515625,-0.7568359375,0.0732421875,0.93994140625,-0.048828125,0.244140625,0.0244140625,-0.25634765625,-0.06103515625,-0.86669921875,-0.439453125,-0.35400390625,-0.0732421875,-0.732421875,-0.3662109375,-0.13427734375,-0.13427734375,-0.64697265625,-0.30517578125,-0.341796875,0.1220703125,0.64697265625,-0.09765625,1.1962890625,-0.29296875,0.52490234375,0.08544921875,-0.09765625,-0.42724609375,0.79345703125,0.01220703125,0.6591796875,0,0.4638671875,0.5126953125,1.318359375,-0.35400390625,0.18310546875,0.3173828125,0.2197265625,0.2197265625,1.025390625,0.06103515625,0.25634765625,0,0.20751953125,-0.13427734375,0.2685546875,0.10986328125,0.8056640625,0.03662109375,0.048828125,-0.048828125,1.33056640625,-0.146484375,-0.9521484375,-0.048828125,-0.341796875,0.18310546875,-0.9521484375,-0.01220703125,-0.78125,-0.0732421875,-1.4892578125,0.146484375,-0.2197265625,-0.18310546875,-0.32958984375,-0.06103515625,-1.1962890625,-0.10986328125,1.72119140625,0.1220703125,4.67529296875,-0.13427734375,1.20849609375,-0.0732421875,2.28271484375,-0.18310546875,-0.74462890625,-0.25634765625,-1.45263671875,-0.3173828125,-1.025390625,-0.29296875,0.4150390625,-0.06103515625,0,-0.06103515625,-0.40283203125,-0.08544921875,-0.3173828125,0.15869140625,-0.3662109375,-0.09765625,-0.01220703125,-0.1708984375,0.87890625,-0.146484375,-0.42724609375,-0.28076171875,-0.50048828125
1,-0.146484375,-0.35400390625,-0.01220703125,-0.29296875,-0.20751953125,-0.40283203125,-0.146484375,0.0244140625,0.50048828125,-0.06103515625,0.13427734375,-0.89111328125,-0.1220703125,0.96435546875,-0.08544921875,-0.5126953125,0.09765625,0.7080078125,-0.32958984375,1.11083984375,-0.10986328125,1.55029296875,-0.28076171875,-0.0732421875,-0.01220703125,-0.1708984375,-0.0732421875,-0.7568359375,-0.03662109375,0.927734375,-0.10986328125,0.244140625,0.09765625,-0.20751953125,0.03662109375,-0.8056640625,-0.42724609375,-0.3173828125,-0.09765625,-0.7080078125,-0.390625,-0.10986328125,-0.0732421875,-0.634765625,-0.390625,-0.32958984375,0.1708984375,0.64697265625,-0.1708984375,1.171875,-0.25634765625,0.537109375,0.08544921875,-0.06103515625,-0.32958984375,0.78125,0.048828125,0.64697265625,-0.0732421875,0.4638671875,0.439453125,1.318359375,-0.40283203125,0.1708984375,0.3662109375,0.20751953125,0.18310546875,1.0009765625,0.048828125,0.25634765625,0.0732421875,0.18310546875,-0.09765625,0.28076171875,0.09765625,0.79345703125,0.0244140625,0.048828125,-0.08544921875,1.33056640625,-0.146484375,-0.96435546875,0.01220703125,-0.32958984375,0.20751953125,-0.96435546875,0.06103515625,-0.78125,-0.10986328125,-1.4892578125,0.0732421875,-0.244140625,-0.1220703125,-0.32958984375,-0.1708984375,-1.20849609375,-0.09765625,1.9775390625,0.1953125,5.2734375,-0.18310546875,1.45263671875,-0.048828125,2.5390625,-0.20751953125,-0.74462890625,-0.15869140625,-1.47705078125,-0.390625,-1.025390625,-0.30517578125,0.40283203125,-0.0732421875,0,-0.0732421875,-0.40283203125,-0.0732421875,-0.32958984375,0.1708984375,-0.341796875,-0.10986328125,0.0244140625,-0.1708984375,0.8544921875,-0.146484375,-0.42724609375,-0.244140625,-0.5126953125
1,-0.15869140625,-0.35400390625,-0.0244140625,-0.3173828125,-0.1708984375,-0.40283203125,-0.15869140625,0.03662109375,0.50048828125,0.15869140625,0.09765625,-0.69580078125,-0.146484375,1.1474609375,-0.0244140625,0.3662109375,0.13427734375,0.72021484375,-0.2197265625,1.06201171875,0.0244140625,1.5380859375,-0.2197265625,-0.08544921875,-0.048828125,-0.15869140625,-0.1220703125,-0.76904296875,-0.13427734375,0.927734375,-0.18310546875,0.2197265625,0.10986328125,-0.1953125,0.10986328125,-0.732421875,-0.390625,-0.3173828125,-0.06103515625,-0.72021484375,-0.3662109375,-0.09765625,0.0244140625,-0.64697265625,-0.42724609375,-0.35400390625,0.20751953125,0.6591796875,-0.18310546875,1.171875,-0.15869140625,0.5126953125,0.0732421875,-0.0732421875,-0.23193359375,0.78125,0.09765625,0.634765625,-0.13427734375,0.439453125,0.439453125,1.2939453125,-0.3662109375,0.1708984375,0.42724609375,0.2197265625,0.146484375,1.01318359375,0.048828125,0.244140625,0.10986328125,0.18310546875,-0.06103515625,0.28076171875,0.08544921875,0.8056640625,0.01220703125,0.048828125,-0.13427734375,1.33056640625,-0.13427734375,-0.9765625,0.03662109375,-0.341796875,0.15869140625,-0.9765625,0.146484375,-0.8056640625,-0.1708984375,-1.513671875,0.01220703125,-0.25634765625,0,-0.3173828125,-0.2685546875,-1.1962890625,-0.08544921875,2.16064453125,0.35400390625,5.72509765625,-0.2197265625,1.6357421875,-0.06103515625,2.7099609375,-0.13427734375,-0.76904296875,-0.13427734375,-1.45263671875,-0.42724609375,-1.01318359375,-0.28076171875,0.4150390625,-0.048828125,-0.01220703125,-0.06103515625,-0.40283203125,-0.0732421875,-0.32958984375,0.15869140625,-0.341796875,-0.1220703125,-0.03662109375,-0.1708984375,0.87890625,-0.1220703125,-0.4638671875,-0.244140625,-0.52490234375
1,-0.13427734375,-0.3662109375,0.01220703125,-0.3173828125,-0.146484375,-0.37841796875,-0.15869140625,0.048828125,0.50048828125,0.4638671875,0.0732421875,-0.390625,-0.1953125,1.3916015625,0.048828125,1.57470703125,0.146484375,0.634765625,-0.10986328125,0.98876953125,0.15869140625,1.4892578125,-0.146484375,-0.0732421875,-0.06103515625,-0.15869140625,-0.2197265625,-0.78125,-0.20751953125,0.927734375,-0.28076171875,0.2197265625,0.0732421875,-0.20751953125,0.25634765625,-0.68359375,-0.3173828125,-0.30517578125,0,-0.7080078125,-0.30517578125,-0.13427734375,0.08544921875,-0.64697265625,-0.4638671875,-0.3662109375,0.28076171875,0.67138671875,-0.18310546875,1.171875,-0.06103515625,0.5126953125,0.03662109375,-0.0732421875,-0.18310546875,0.78125,0.13427734375,0.59814453125,-0.15869140625,0.439453125,0.45166015625,1.23291015625,-0.29296875,0.1708984375,0.47607421875,0.23193359375,0.06103515625,1.01318359375,0.048828125,0.244140625,0.13427734375,0.1708984375,0.01220703125,0.30517578125,0.03662109375,0.84228515625,-0.03662109375,0.03662109375,-0.15869140625,1.35498046875,-0.09765625,-0.96435546875,0.06103515625,-0.3173828125,0.06103515625,-0.9765625,0.2197265625,-0.8056640625,-0.1708984375,-1.52587890625,-0.0244140625,-0.29296875,0.1220703125,-0.3173828125,-0.29296875,-1.171875,-0.08544921875,2.1728515625,0.4150390625,5.9814453125,-0.20751953125,1.6845703125,-0.0732421875,2.783203125,0.0244140625,-0.72021484375,-0.1220703125,-1.42822265625,-0.47607421875,-1.0009765625,-0.2685546875,0.42724609375,-0.048828125,-0.01220703125,-0.06103515625,-0.37841796875,-0.0732421875,-0.3173828125,0.146484375,-0.32958984375,-0.09765625,0,-0.15869140625,0.89111328125,-0.1220703125,-0.4638671875,-0.23193359375,-0.537109375
1,-0.13427734375,-0.37841796875,0.03662109375,-0.32958984375,-0.13427734375,-0.37841796875,-0.1953125,0.048828125,0.5126953125,0.79345703125,0.048828125,-0.06103515625,-0.2197265625,1.67236328125,0.048828125,2.96630859375,0.20751953125,0.57373046875,-0.01220703125,0.9033203125,0.32958984375,1.4404296875,-0.09765625,-0.08544921875,-0.08544921875,-0.15869140625,-0.30517578125,-0.76904296875,-0.1953125,0.91552734375,-0.35400390625,0.2197265625,0.06103515625,-0.20751953125,0.3662109375,-0.6591796875,-0.23193359375,-0.341796875,0.01220703125,-0.72021484375,-0.1953125,-0.146484375,0.1220703125,-0.6591796875,-0.439453125,-0.37841796875,0.32958984375,0.6591796875,-0.1953125,1.171875,0.048828125,0.47607421875,0.01220703125,-0.08544921875,-0.10986328125,0.7568359375,0.10986328125,0.59814453125,-0.146484375,0.42724609375,0.390625,1.13525390625,-0.25634765625,0.1953125,0.48828125,0.25634765625,0.0244140625,1.0498046875,0.03662109375,0.25634765625,0.1220703125,0.18310546875,0.0732421875,0.30517578125,0.0244140625,0.84228515625,-0.06103515625,0.048828125,-0.18310546875,1.35498046875,-0.0244140625,-0.96435546875,0.0732421875,-0.3173828125,-0.0244140625,-0.9765625,0.2685546875,-0.79345703125,-0.20751953125,-1.4892578125,-0.0732421875,-0.29296875,0.23193359375,-0.3173828125,-0.2685546875,-1.15966796875,-0.1220703125,2.13623046875,0.2685546875,6.04248046875,-0.18310546875,1.62353515625,-0.0732421875,2.74658203125,0.20751953125,-0.72021484375,-0.1708984375,-1.416015625,-0.439453125,-1.01318359375,-0.28076171875,0.4150390625,-0.03662109375,-0.0244140625,-0.048828125,-0.390625,-0.0732421875,-0.3173828125,0.146484375,-0.341796875,-0.10986328125,-0.048828125,-0.15869140625,0.86669921875,-0.0732421875,-0.4638671875,-0.2197265625,-0.537109375
1,-0.13427734375,-0.390625,0.0244140625,-0.3173828125,-0.1708984375,-0.37841796875,-0.18310546875,0.06103515625,0.50048828125,1.1474609375,0.06103515625,0.28076171875,-0.2197265625,1.96533203125,0.01220703125,4.43115234375,0.2197265625,0.4638671875,0.03662109375,0.830078125,0.37841796875,1.3916015625,-0.03662109375,-0.10986328125,-0.048828125,-0.146484375,-0.35400390625,-0.76904296875,-0.15869140625,0.91552734375,-0.390625,0.2197265625,0.06103515625,-0.23193359375,0.390625,-0.6591796875,-0.15869140625,-0.35400390625,0.06103515625,-0.7080078125,-0.10986328125,-0.1708984375,0.15869140625,-0.6591796875,-0.341796875,-0.40283203125,0.35400390625,0.6591796875,-0.146484375,1.18408203125,0.15869140625,0.48828125,-0.0244140625,-0.10986328125,-0.09765625,0.74462890625,0.048828125,0.5859375,-0.10986328125,0.42724609375,0.341796875,1.025390625,-0.28076171875,0.2197265625,0.5126953125,0.30517578125,-0.048828125,1.06201171875,0.0244140625,0.2685546875,0.10986328125,0.1953125,0.09765625,0.3173828125,0,0.86669921875,-0.06103515625,0.03662109375,-0.1953125,1.3671875,0.03662109375,-0.9521484375,0.048828125,-0.30517578125,-0.10986328125,-0.9521484375,0.29296875,-0.78125,-0.23193359375,-1.4892578125,-0.048828125,-0.29296875,0.2685546875,-0.28076171875,-0.1953125,-1.15966796875,-0.10986328125,1.98974609375,0.10986328125,5.92041015625,-0.13427734375,1.4892578125,-0.08544921875,2.67333984375,0.4150390625,-0.7080078125,-0.2685546875,-1.416015625,-0.390625,-1.0009765625,-0.29296875,0.4150390625,-0.0244140625,-0.01220703125,-0.048828125,-0.390625,-0.06103515625,-0.32958984375,0.146484375,-0.341796875,-0.10986328125,-0.06103515625,-0.1708984375,0.86669921875,-0.0732421875,-0.48828125,-0.25634765625,-0.52490234375
1,-0.1220703125,-0.40283203125,-0.01220703125,-0.30517578125,-0.1708984375,-0.37841796875,-0.18310546875,0.06103515625,0.50048828125,1.4892578125,0.06103515625,0.62255859375,-0.23193359375,2.25830078125,-0.1220703125,5.82275390625,0.28076171875,0.3662109375,0.0732421875,0.74462890625,0.40283203125,1.35498046875,0.06103515625,-0.146484375,-0.0244140625,-0.146484375,-0.390625,-0.76904296875,-0.0732421875,0.89111328125,-0.40283203125,0.2197265625,0.048828125,-0.2685546875,0.390625,-0.6591796875,-0.146484375,-0.37841796875,0.09765625,-0.732421875,0,-0.1708984375,0.13427734375,-0.64697265625,-0.23193359375,-0.42724609375,0.341796875,0.64697265625,-0.08544921875,1.20849609375,0.18310546875,0.4638671875,-0.048828125,-0.146484375,-0.1220703125,0.732421875,-0.03662109375,0.59814453125,-0.1220703125,0.45166015625,0.28076171875,0.86669921875,-0.3173828125,0.244140625,0.54931640625,0.341796875,-0.146484375,1.07421875,0.01220703125,0.2685546875,0.08544921875,0.1953125,0.10986328125,0.3173828125,-0.01220703125,0.87890625,-0.01220703125,0.0244140625,-0.1953125,1.3671875,0.08544921875,-0.96435546875,0.048828125,-0.30517578125,-0.13427734375,-0.9521484375,0.244140625,-0.78125,-0.23193359375,-1.47705078125,-0.01220703125,-0.29296875,0.23193359375,-0.28076171875,-0.08544921875,-1.18408203125,-0.13427734375,1.806640625,-0.0732421875,5.65185546875,-0.09765625,1.30615234375,-0.08544921875,2.52685546875,0.537109375,-0.68359375,-0.30517578125,-1.416015625,-0.3173828125,-1.01318359375,-0.3173828125,0.390625,-0.03662109375,-0.01220703125,-0.03662109375,-0.37841796875,-0.0732421875,-0.341796875,0.15869140625,-0.341796875,-0.10986328125,0,-0.1708984375,0.8544921875,-0.0732421875,-0.48828125,-0.244140625,-0.5126953125
0,-0.1220703125,-0.4150390625,-0.048828125,-0.3173828125,-0.1708984375,-0.390625,-0.146484375,0.048828125,0.48828125,1.7578125,0.0244140625,0.89111328125,-0.18310546875,2.5146484375,-0.0732421875,7.03125,0.3662109375,0.28076171875,0.10986328125,0.7080078125,0.40283203125,1.318359375,0.06103515625,-0.1708984375,0.0244140625,-0.13427734375,-0.390625,-0.76904296875,0,0.9033203125,-0.37841796875,0.2197265625,0.0732421875,-0.30517578125,0.28076171875,-0.72021484375,-0.13427734375,-0.40283203125,0.13427734375,-0.732421875,0.0732421875,-0.18310546875,0.048828125,-0.64697265625,-0.1220703125,-0.4638671875,0.32958984375,0.64697265625,-0.0244140625,1.220703125,0.23193359375,0.48828125,-0.0732421875,-0.146484375,-0.09765625,0.74462890625,-0.06103515625,0.6103515625,-0.09765625,0.45166015625,0.1953125,0.732421875,-0.28076171875,0.28076171875,0.5126953125,0.3662109375,-0.18310546875,1.07421875,-0.0244140625,0.2685546875,0.048828125,0.2197265625,0.08544921875,0.32958984375,-0.048828125,0.87890625,0.03662109375,0.0244140625,-0.2197265625,1.37939453125,0.10986328125,-0.96435546875,0.0244140625,-0.30517578125,-0.1953125,-0.93994140625,0.1220703125,-0.76904296875,-0.25634765625,-1.4404296875,0.06103515625,-0.29296875,0.1708984375,-0.28076171875,0.048828125,-1.1962890625,-0.146484375,1.5869140625,-0.20751953125,5.26123046875,0.01220703125,1.08642578125,-0.06103515625,2.34375,0.57373046875,-0.6591796875,-0.35400390625,-1.42822265625,-0.25634765625,-1.01318359375,-0.32958984375,0.390625,-0.0244140625,0,-0.03662109375,-0.3662109375,-0.0732421875,-0.3173828125,0.13427734375,-0.3662109375,-0.09765625,0.01220703125,-0.146484375,0.84228515625,-0.06103515625,-0.45166015625,-0.25634765625,-0.48828125
0,-0.0732421875,-0.4150390625,-0.06103515625,-0.29296875,-0.18310546875,-0.4150390625,-0.13427734375,0.03662109375,0.47607421875,2.01416015625,0,1.123046875,-0.1708984375,2.734375,-0.23193359375,8.0078125,0.40283203125,0.23193359375,0.15869140625,0.64697265625,0.37841796875,1.2939453125,0.1708984375,-0.2197265625,0.06103515625,-0.13427734375,-0.341796875,-0.76904296875,0.06103515625,0.9033203125,-0.3173828125,0.2197265625,0.0732421875,-0.32958984375,0.20751953125,-0.76904296875,-0.1220703125,-0.4150390625,0.1953125,-0.72021484375,0.10986328125,-0.1953125,-0.01220703125,-0.62255859375,-0.0244140625,-0.47607421875,0.2685546875,0.634765625,0.01220703125,1.20849609375,0.244140625,0.48828125,-0.08544921875,-0.146484375,-0.09765625,0.732421875,-0.08544921875,0.634765625,-0.048828125,0.47607421875,0.13427734375,0.62255859375,-0.25634765625,0.3173828125,0.4150390625,0.35400390625,-0.25634765625,1.07421875,-0.03662109375,0.244140625,0,0.2197265625,0.048828125,0.30517578125,-0.0244140625,0.89111328125,0.1220703125,0.03662109375,-0.20751953125,1.3916015625,0.08544921875,-0.96435546875,0,-0.3173828125,-0.18310546875,-0.927734375,-0.03662109375,-0.7568359375,-0.244140625,-1.4404296875,0.13427734375,-0.2685546875,0.08544921875,-0.28076171875,0.20751953125,-1.23291015625,-0.13427734375,1.3671875,-0.2685546875,4.79736328125,0.10986328125,0.87890625,-0.03662109375,2.13623046875,0.5126953125,-0.67138671875,-0.341796875,-1.42822265625,-0.2197265625,-1.0498046875,-0.30517578125,0.390625,-0.0244140625,0,-0.0244140625,-0.390625,-0.08544921875,-0.29296875,0.13427734375,-0.3662109375,-0.0732421875,0.0244140625,-0.146484375,0.86669921875,-0.048828125,-0.439453125,-0.244140625,-0.47607421875
0,-0.08544921875,-0.390625,-0.048828125,-0.28076171875,-0.1708984375,-0.42724609375,-0.13427734375,0.03662109375,0.48828125,2.18505859375,0,1.28173828125,-0.10986328125,2.9052734375,-0.2197265625,8.7158203125,0.341796875,0.1708984375,0.048828125,0.6103515625,0.20751953125,1.2451171875,0.1220703125,-0.28076171875,0.09765625,-0.13427734375,-0.244140625,-0.78125,0.09765625,0.927734375,-0.244140625,0.2197265625,0.0732421875,-0.35400390625,0.15869140625,-0.830078125,-0.18310546875,-0.45166015625,0.25634765625,-0.72021484375,0.1220703125,-0.1953125,0,-0.6103515625,0.06103515625,-0.4638671875,0.28076171875,0.6591796875,0.048828125,1.220703125,0.244140625,0.50048828125,-0.08544921875,-0.13427734375,-0.0732421875,0.74462890625,-0.13427734375,0.634765625,0.0244140625,0.48828125,0.0732421875,0.50048828125,-0.146484375,0.32958984375,0.3173828125,0.3173828125,-0.2685546875,1.07421875,-0.06103515625,0.23193359375,-0.03662109375,0.2197265625,0,0.25634765625,-0.048828125,0.87890625,0.1708984375,0.048828125,-0.20751953125,1.37939453125,0.048828125,-0.96435546875,0.01220703125,-0.32958984375,-0.15869140625,-0.91552734375,-0.20751953125,-0.7568359375,-0.25634765625,-1.4404296875,0.25634765625,-0.28076171875,-0.03662109375,-0.29296875,0.3173828125,-1.23291015625,-0.146484375,1.171875,-0.146484375,4.30908203125,0.18310546875,0.7080078125,0.01220703125,1.9287109375,0.3662109375,-0.7080078125,-0.28076171875,-1.4404296875,-0.13427734375,-1.06201171875,-0.30517578125,0.37841796875,-0.01220703125,-0.01220703125,-0.048828125,-0.37841796875,-0.0732421875,-0.28076171875,0.1220703125,-0.40283203125,-0.0732421875,0,-0.146484375,0.8544921875,-0.0244140625,-0.4150390625,-0.2197265625,-0.47607421875
0,-0.1220703125,-0.37841796875,-0.0244140625,-0.28076171875,-0.1708984375,-0.42724609375,-0.15869140625,0.03662109375,0.45166015625,2.30712890625,0.01220703125,1.37939453125,-0.08544921875,3.02734375,-0.32958984375,9.1552734375,0.3662109375,0.1220703125,0,0.537109375,0.13427734375,1.220703125,0.10986328125,-0.35400390625,0.08544921875,-0.146484375,-0.13427734375,-0.74462890625,0.1220703125,0.927734375,-0.15869140625,0.23193359375,0.0732421875,-0.35400390625,0.1220703125,-0.89111328125,-0.244140625,-0.45166015625,0.2685546875,-0.74462890625,0.08544921875,-0.20751953125,0.01220703125,-0.6103515625,0.06103515625,-0.42724609375,0.23193359375,0.634765625,0.06103515625,1.20849609375,0.23193359375,0.52490234375,-0.09765625,-0.1220703125,-0.08544921875,0.76904296875,-0.1953125,0.67138671875,0.08544921875,0.48828125,-0.0732421875,0.45166015625,-0.08544921875,0.32958984375,0.2197265625,0.29296875,-0.25634765625,1.0498046875,-0.09765625,0.2197265625,-0.09765625,0.2197265625,-0.06103515625,0.25634765625,-0.0244140625,0.86669921875,0.20751953125,0.0244140625,-0.1953125,1.3671875,-0.03662109375,-0.9765625,0,-0.3173828125,-0.18310546875,-0.927734375,-0.341796875,-0.7568359375,-0.25634765625,-1.4404296875,0.32958984375,-0.244140625,-0.06103515625,-0.30517578125,0.32958984375,-1.23291015625,-0.13427734375,1.01318359375,-0.0732421875,3.84521484375,0.25634765625,0.6103515625,0.048828125,1.74560546875,0.146484375,-0.72021484375,-0.23193359375,-1.45263671875,-0.10986328125,-1.06201171875,-0.29296875,0.40283203125,0,-0.0244140625,-0.0244140625,-0.3662109375,-0.0732421875,-0.2685546875,0.1220703125,-0.37841796875,-0.08544921875,-0.03662109375,-0.1220703125,0.8544921875,-0.048828125,-0.439453125,-0.1953125,-0.45166015625
0,-0.1220703125,-0.3662109375,0,-0.25634765625,-0.1953125,-0.4150390625,-0.1708984375,0.048828125,0.40283203125,2.35595703125,0,1.3916015625,-0.048828125,3.03955078125,-0.390625,9.33837890625,0.32958984375,0.048828125,-0.03662109375,0.48828125,0.146484375,1.171875,0.1220703125,-0.4150390625,0.08544921875,-0.1708984375,-0.048828125,-0.732421875,0.13427734375,0.9521484375,-0.06103515625,0.244140625,0.048828125,-0.30517578125,0.09765625,-0.91552734375,-0.29296875,-0.439453125,0.2685546875,-0.74462890625,0.01220703125,-0.1953125,0.0732421875,-0.6103515625,0.0244140625,-0.40283203125,0.1953125,0.62255859375,0.048828125,1.18408203125,0.1953125,0.537109375,-0.0732421875,-0.09765625,-0.10986328125,0.79345703125,-0.18310546875,0.68359375,0.09765625,0.48828125,-0.06103515625,0.42724609375,-0.09765625,0.30517578125,0.15869140625,0.244140625,-0.29296875,1.01318359375,-0.13427734375,0.2197265625,-0.10986328125,0.1953125,-0.08544921875,0.23193359375,-0.048828125,0.87890625,0.2197265625,0.03662109375,-0.15869140625,1.3427734375,-0.09765625,-0.9521484375,0.0244140625,-0.32958984375,-0.20751953125,-0.927734375,-0.4150390625,-0.7568359375,-0.25634765625,-1.45263671875,0.37841796875,-0.244140625,-0.08544921875,-0.30517578125,0.30517578125,-1.220703125,-0.13427734375,0.9033203125,0.01220703125,3.466796875,0.244140625,0.54931640625,0.03662109375,1.611328125,-0.048828125,-0.732421875,-0.18310546875,-1.42822265625,-0.1220703125,-1.06201171875,-0.28076171875,0.40283203125,0.0244140625,-0.0244140625,-0.0244140625,-0.35400390625,-0.08544921875,-0.29296875,0.1220703125,-0.37841796875,-0.06103515625,-0.048828125,-0.146484375,0.8544921875,-0.03662109375,-0.45166015625,-0.18310546875,-0.42724609375
0,-0.13427734375,-0.35400390625,0,-0.2685546875,-0.20751953125,-0.42724609375,-0.15869140625,0.048828125,0.390625,2.3193359375,-0.03662109375,1.33056640625,-0.06103515625,3.01513671875,-0.390625,9.27734375,0.2197265625,-0.0244140625,-0.18310546875,0.4150390625,0.0732421875,1.13525390625,-0.10986328125,-0.48828125,0.1220703125,-0.1708984375,0.01220703125,-0.74462890625,0.1220703125,0.93994140625,0.0244140625,0.25634765625,-0.03662109375,-0.2685546875,0.06103515625,-0.93994140625,-0.32958984375,-0.42724609375,0.23193359375,-0.732421875,-0.1220703125,-0.2197265625,0.1220703125,-0.62255859375,-0.0244140625,-0.37841796875,0.1708984375,0.6103515625,0.01220703125,1.18408203125,0.08544921875,0.537109375,-0.048828125,-0.08544921875,-0.146484375,0.76904296875,-0.1708984375,0.69580078125,0.048828125,0.4638671875,-0.09765625,0.47607421875,-0.0244140625,0.25634765625,0.03662109375,0.18310546875,-0.28076171875,1.0009765625,-0.146484375,0.18310546875,-0.1220703125,0.1708984375,-0.1220703125,0.20751953125,-0.0732421875,0.86669921875,0.2197265625,0.03662109375,-0.1220703125,1.33056640625,-0.18310546875,-0.9521484375,0.01220703125,-0.341796875,-0.23193359375,-0.9521484375,-0.42724609375,-0.7568359375,-0.28076171875,-1.45263671875,0.37841796875,-0.20751953125,-0.0732421875,-0.32958984375,0.20751953125,-1.23291015625,-0.1220703125,0.86669921875,0.09765625,3.21044921875,0.20751953125,0.48828125,0.0244140625,1.4892578125,-0.2197265625,-0.732421875,-0.1953125,-1.45263671875,-0.18310546875,-1.0498046875,-0.29296875,0.4150390625,0.0244140625,-0.01220703125,-0.01220703125,-0.35400390625,-0.0732421875,-0.2685546875,0.10986328125,-0.37841796875,-0.06103515625,-0.0732421875,-0.146484375,0.8544921875,-0.06103515625,-0.45166015625,-0.1708984375,-0.439453125
0,-0.1708984375,-0.3662109375,-0.03662109375,-0.30517578125,-0.18310546875,-0.4150390625,-0.15869140625,0.048828125,0.3662109375,2.2705078125,-0.03662109375,1.20849609375,-0.0732421875,2.91748046875,-0.37841796875,8.99658203125,0.20751953125,-0.08544921875,-0.1708984375,0.3173828125,0.146484375,1.08642578125,-0.244140625,-0.5126953125,0.13427734375,-0.1708984375,0.06103515625,-0.7568359375,0.08544921875,0.927734375,0.10986328125,0.244140625,-0.10986328125,-0.23193359375,0.01220703125,-0.93994140625,-0.37841796875,-0.4150390625,0.23193359375,-0.732421875,-0.29296875,-0.20751953125,0.146484375,-0.634765625,-0.09765625,-0.35400390625,0.13427734375,0.62255859375,-0.048828125,1.171875,0.03662109375,0.52490234375,-0.0732421875,-0.06103515625,-0.1708984375,0.76904296875,-0.13427734375,0.68359375,0.0732421875,0.4638671875,-0.1953125,0.5615234375,-0.1220703125,0.20751953125,-0.06103515625,0.13427734375,-0.20751953125,1.0009765625,-0.146484375,0.1953125,-0.10986328125,0.1708984375,-0.1953125,0.23193359375,-0.048828125,0.89111328125,0.23193359375,0.0244140625,-0.0732421875,1.3427734375,-0.244140625,-0.9521484375,-0.01220703125,-0.341796875,-0.25634765625,-0.96435546875,-0.3662109375,-0.78125,-0.244140625,-1.47705078125,0.341796875,-0.20751953125,-0.01220703125,-0.32958984375,0.0244140625,-1.20849609375,-0.13427734375,0.76904296875,0.1708984375,3.02734375,0.1220703125,0.45166015625,0.0244140625,1.42822265625,-0.28076171875,-0.74462890625,-0.23193359375,-1.46484375,-0.2685546875,-1.07421875,-0.29296875,0.40283203125,0,-0.01220703125,0,-0.32958984375,-0.0732421875,-0.29296875,0.10986328125,-0.35400390625,-0.048828125,-0.06103515625,-0.146484375,0.84228515625,-0.01220703125,-0.47607421875,-0.18310546875,-0.45166015625
0,-0.13427734375,-0.341796875,0,-0.32958984375,-0.18310546875,-0.390625,-0.15869140625,0.03662109375,0.341796875,2.13623046875,-0.0732421875,1.06201171875,-0.09765625,2.79541015625,-0.37841796875,8.49609375,0.1220703125,-0.15869140625,-0.23193359375,0.244140625,0.13427734375,1.03759765625,-0.439453125,-0.52490234375,0.1708984375,-0.15869140625,0.09765625,-0.78125,0.06103515625,0.93994140625,0.1220703125,0.2197265625,-0.146484375,-0.25634765625,0,-0.93994140625,-0.4150390625,-0.390625,0.18310546875,-0.732421875,-0.4150390625,-0.1953125,0.13427734375,-0.64697265625,-0.18310546875,-0.3662109375,0.08544921875,0.62255859375,-0.10986328125,1.171875,-0.048828125,0.52490234375,-0.1220703125,-0.08544921875,-0.1708984375,0.7568359375,-0.09765625,0.67138671875,0.048828125,0.439453125,-0.1220703125,0.634765625,-0.23193359375,0.146484375,-0.1220703125,0.10986328125,-0.1708984375,1.0009765625,-0.18310546875,0.20751953125,-0.0732421875,0.15869140625,-0.2685546875,0.23193359375,-0.06103515625,0.89111328125,0.1953125,0.0244140625,0.03662109375,1.3427734375,-0.29296875,-0.9521484375,-0.048828125,-0.35400390625,-0.23193359375,-0.98876953125,-0.23193359375,-0.76904296875,-0.25634765625,-1.513671875,0.244140625,-0.20751953125,0.03662109375,-0.341796875,-0.1220703125,-1.18408203125,-0.13427734375,0.72021484375,0.2197265625,2.880859375,0.0732421875,0.47607421875,0.0732421875,1.3671875,-0.23193359375,-0.7568359375,-0.29296875,-1.45263671875,-0.28076171875,-1.06201171875,-0.29296875,0.42724609375,-0.0244140625,0,-0.01220703125,-0.32958984375,-0.0732421875,-0.29296875,0.10986328125,-0.3662109375,-0.048828125,-0.048828125,-0.13427734375,0.830078125,0,-0.48828125,-0.2197265625,-0.4638671875
0,-0.15869140625,-0.3662109375,0.01220703125,-0.341796875,-0.15869140625,-0.3662109375,-0.146484375,0.03662109375,0.32958984375,1.9775390625,-0.03662109375,0.86669921875,-0.13427734375,2.6123046875,-0.3662109375,7.8369140625,0.08544921875,-0.25634765625,-0.25634765625,0.1708984375,0.10986328125,0.9765625,-0.62255859375,-0.50048828125,0.20751953125,-0.15869140625,0.10986328125,-0.78125,0.03662109375,0.93994140625,0.09765625,0.2197265625,-0.1708984375,-0.2685546875,0,-0.91552734375,-0.4150390625,-0.40283203125,0.15869140625,-0.732421875,-0.47607421875,-0.2197265625,0.0732421875,-0.64697265625,-0.25634765625,-0.37841796875,0.048828125,0.634765625,-0.13427734375,1.171875,-0.10986328125,0.50048828125,-0.15869140625,-0.08544921875,-0.1708984375,0.7568359375,-0.048828125,0.64697265625,-0.01220703125,0.439453125,-0.2197265625,0.72021484375,-0.3662109375,0.1220703125,-0.146484375,0.10986328125,-0.1220703125,1.0009765625,-0.20751953125,0.23193359375,-0.048828125,0.146484375,-0.3173828125,0.244140625,-0.0732421875,0.9033203125,0.18310546875,0,0.10986328125,1.33056640625,-0.29296875,-0.93994140625,-0.0732421875,-0.32958984375,-0.244140625,-1.0009765625,-0.08544921875,-0.78125,-0.244140625,-1.513671875,0.146484375,-0.1953125,0.03662109375,-0.30517578125,-0.28076171875,-1.15966796875,-0.09765625,0.67138671875,0.23193359375,2.7587890625,0,0.4638671875,0.09765625,1.318359375,-0.1220703125,-0.78125,-0.37841796875,-1.45263671875,-0.32958984375,-1.0498046875,-0.244140625,0.439453125,-0.048828125,0,0.0244140625,-0.341796875,-0.08544921875,-0.29296875,0.09765625,-0.35400390625,-0.06103515625,-0.0244140625,-0.09765625,0.830078125,0.03662109375,-0.47607421875,-0.2197265625,-0.5126953125
0,-0.13427734375,-0.3662109375,-0.01220703125,-0.341796875,-0.15869140625,-0.3662109375,-0.15869140625,0.03662109375,0.29296875,1.7822265625,-0.048828125,0.6591796875,-0.18310546875,2.42919921875,-0.35400390625,7.06787109375,0.03662109375,-0.25634765625,-0.244140625,0.13427734375,0.09765625,0.93994140625,-0.64697265625,-0.47607421875,0.2685546875,-0.146484375,0.0732421875,-0.78125,0.03662109375,0.927734375,0,0.2197265625,-0.06103515625,-0.28076171875,0.0244140625,-0.89111328125,-0.42724609375,-0.4150390625,0.10986328125,-0.72021484375,-0.50048828125,-0.20751953125,0.01220703125,-0.6591796875,-0.30517578125,-0.4150390625,0.03662109375,0.634765625,-0.1220703125,1.171875,-0.13427734375,0.48828125,-0.2685546875,-0.10986328125,-0.1708984375,0.72021484375,0,0.634765625,-0.048828125,0.439453125,-0.146484375,0.8056640625,-0.50048828125,0.09765625,-0.146484375,0.15869140625,-0.06103515625,1.01318359375,-0.23193359375,0.25634765625,0.01220703125,0.18310546875,-0.35400390625,0.2685546875,-0.0732421875,0.89111328125,0.13427734375,0,0.1953125,1.3427734375,-0.29296875,-0.9033203125,-0.0732421875,-0.32958984375,-0.2197265625,-1.0009765625,0.0244140625,-0.78125,-0.23193359375,-1.50146484375,0.0244140625,-0.20751953125,-0.01220703125,-0.28076171875,-0.37841796875,-1.1474609375,-0.0244140625,0.59814453125,0.29296875,2.60009765625,-0.01220703125,0.40283203125,0.10986328125,1.2451171875,0.0732421875,-0.74462890625,-0.42724609375,-1.4404296875,-0.32958984375,-1.025390625,-0.23193359375,0.439453125,-0.06103515625,0.03662109375,0.0244140625,-0.341796875,-0.08544921875,-0.3173828125,0.08544921875,-0.32958984375,-0.048828125,0,-0.09765625,0.8056640625,0.06103515625,-0.50048828125,-0.244140625,-0.5126953125
0,-0.09765625,-0.37841796875,-0.01220703125,-0.341796875,-0.1220703125,-0.341796875,-0.146484375,0.0244140625,0.2685546875,1.5380859375,-0.06103515625,0.42724609375,-0.1708984375,2.197265625,-0.390625,6.18896484375,-0.01220703125,-0.20751953125,-0.2197265625,0.15869140625,-0.01220703125,0.96435546875,-0.62255859375,-0.37841796875,0.28076171875,-0.13427734375,0.01220703125,-0.78125,0.0244140625,0.91552734375,-0.09765625,0.244140625,0.09765625,-0.32958984375,0.10986328125,-0.87890625,-0.42724609375,-0.42724609375,0.048828125,-0.72021484375,-0.42724609375,-0.244140625,-0.03662109375,-0.64697265625,-0.3173828125,-0.40283203125,0.03662109375,0.62255859375,-0.09765625,1.18408203125,-0.13427734375,0.4638671875,-0.3173828125,-0.13427734375,-0.15869140625,0.72021484375,0.0244140625,0.62255859375,-0.13427734375,0.45166015625,-0.146484375,0.830078125,-0.57373046875,0.0732421875,-0.2197265625,0.1953125,0.01220703125,1.01318359375,-0.25634765625,0.28076171875,0.03662109375,0.1708984375,-0.390625,0.30517578125,-0.10986328125,0.9033203125,0.10986328125,0.01220703125,0.2685546875,1.33056640625,-0.2197265625,-0.87890625,-0.08544921875,-0.32958984375,-0.09765625,-1.0009765625,0.1220703125,-0.76904296875,-0.23193359375,-1.4892578125,-0.06103515625,-0.1953125,-0.09765625,-0.23193359375,-0.3662109375,-1.1474609375,0.09765625,0.4638671875,0.20751953125,2.35595703125,0.01220703125,0.29296875,0.10986328125,1.1474609375,0.244140625,-0.7080078125,-0.439453125,-1.42822265625,-0.30517578125,-1.03759765625,-0.2197265625,0.42724609375,-0.0732421875,0,0.03662109375,-0.341796875,-0.0732421875,-0.341796875,0.08544921875,-0.35400390625,-0.06103515625,0.048828125,-0.09765625,0.8056640625,0.0732421875,-0.52490234375,-0.25634765625,-0.5126953125
0,-0.10986328125,-0.3662109375,-0.0244140625,-0.3173828125,-0.13427734375,-0.341796875,-0.18310546875,0.03662109375,0.25634765625,1.28173828125,-0.06103515625,0.1953125,-0.20751953125,1.98974609375,-0.4150390625,5.26123046875,0.03662109375,-0.1220703125,-0.1220703125,0.25634765625,-0.03662109375,1.0009765625,-0.35400390625,-0.30517578125,0.25634765625,-0.10986328125,-0.03662109375,-0.78125,0,0.9033203125,-0.25634765625,0.244140625,0.25634765625,-0.341796875,0.18310546875,-0.86669921875,-0.42724609375,-0.439453125,0.06103515625,-0.72021484375,-0.29296875,-0.23193359375,-0.08544921875,-0.64697265625,-0.3173828125,-0.45166015625,0.0732421875,0.64697265625,-0.048828125,1.18408203125,-0.10986328125,0.4638671875,-0.37841796875,-0.13427734375,-0.1708984375,0.72021484375,0.01220703125,0.6103515625,-0.15869140625,0.439453125,-0.13427734375,0.8544921875,-0.6103515625,0.09765625,-0.28076171875,0.23193359375,0.10986328125,1.01318359375,-0.25634765625,0.29296875,0.048828125,0.18310546875,-0.42724609375,0.3173828125,-0.06103515625,0.89111328125,0.0732421875,0.03662109375,0.2685546875,1.3671875,-0.146484375,-0.87890625,-0.0732421875,-0.32958984375,0.01220703125,-0.9765625,0.1220703125,-0.76904296875,-0.23193359375,-1.4892578125,-0.13427734375,-0.18310546875,-0.244140625,-0.2197265625,-0.2685546875,-1.15966796875,0.146484375,0.29296875,0.1708984375,2.001953125,-0.01220703125,0.13427734375,-0.01220703125,1.01318359375,0.35400390625,-0.68359375,-0.341796875,-1.42822265625,-0.3173828125,-1.025390625,-0.28076171875,0.4150390625,-0.10986328125,0,0.0244140625,-0.35400390625,-0.06103515625,-0.32958984375,0.09765625,-0.3662109375,-0.08544921875,0.09765625,-0.06103515625,0.81787109375,0.0732421875,-0.52490234375,-0.28076171875,-0.5126953125
0,-0.10986328125,-0.37841796875,0,-0.30517578125,-0.1220703125,-0.35400390625,-0.20751953125,0.048828125,0.2197265625,1.01318359375,-0.08544921875,-0.01220703125,-0.2197265625,1.7822265625,-0.47607421875,4.30908203125,0.048828125,0.048828125,-0.0732421875,0.40283203125,-0.09765625,1.08642578125,-0.06103515625,-0.2197265625,0.23193359375,-0.08544921875,-0.06103515625,-0.76904296875,-0.06103515625,0.9033203125,-0.40283203125,0.244140625,0.40283203125,-0.390625,0.1708984375,-0.86669921875,-0.40283203125,-0.4638671875,0.10986328125,-0.72021484375,-0.146484375,-0.23193359375,-0.09765625,-0.634765625,-0.30517578125,-0.45166015625,0.048828125,0.6591796875,0,1.171875,-0.0732421875,0.47607421875,-0.45166015625,-0.13427734375,-0.1708984375,0.74462890625,0,0.59814453125,-0.13427734375,0.439453125,-0.048828125,0.86669921875,-0.6591796875,0.146484375,-0.29296875,0.28076171875,0.18310546875,1.0498046875,-0.23193359375,0.30517578125,0.06103515625,0.1953125,-0.42724609375,0.32958984375,-0.0732421875,0.87890625,0.03662109375,0.048828125,0.2685546875,1.37939453125,-0.09765625,-0.91552734375,-0.03662109375,-0.32958984375,0.09765625,-0.9765625,0.08544921875,-0.78125,-0.28076171875,-1.47705078125,-0.18310546875,-0.2197265625,-0.3173828125,-0.23193359375,-0.13427734375,-1.15966796875,0.15869140625,0.0732421875,0.18310546875,1.5380859375,0.03662109375,-0.0732421875,-0.06103515625,0.830078125,0.37841796875,-0.67138671875,-0.20751953125,-1.42822265625,-0.29296875,-1.025390625,-0.32958984375,0.4150390625,-0.146484375,-0.01220703125,0.06103515625,-0.35400390625,-0.06103515625,-0.35400390625,0.10986328125,-0.3662109375,-0.08544921875,0.1220703125,-0.06103515625,0.830078125,0.0732421875,-0.50048828125,-0.2685546875,-0.50048828125
0,-0.1220703125,-0.3662109375,-0.01220703125,-0.29296875,-0.1220703125,-0.3662109375,-0.28076171875,0.048828125,0.1708984375,0.72021484375,-0.1220703125,-0.23193359375,-0.20751953125,1.5625,-0.537109375,3.3447265625,0.0732421875,0.23193359375,0,0.57373046875,-0.06103515625,1.1962890625,0.09765625,-0.13427734375,0.1953125,-0.1220703125,-0.0732421875,-0.78125,-0.15869140625,0.9033203125,-0.537109375,0.2685546875,0.48828125,-0.42724609375,0.2197265625,-0.86669921875,-0.341796875,-0.50048828125,0.18310546875,-0.732421875,-0.0244140625,-0.23193359375,-0.06103515625,-0.634765625,-0.25634765625,-0.439453125,0.048828125,0.64697265625,0.06103515625,1.18408203125,-0.0244140625,0.47607421875,-0.537109375,-0.146484375,-0.1708984375,0.7568359375,-0.03662109375,0.62255859375,-0.15869140625,0.47607421875,-0.1220703125,0.81787109375,-0.62255859375,0.2197265625,-0.29296875,0.3173828125,0.20751953125,1.07421875,-0.20751953125,0.3173828125,0.06103515625,0.1953125,-0.37841796875,0.3173828125,-0.0732421875,0.8544921875,0.0244140625,0.048828125,0.28076171875,1.37939453125,-0.06103515625,-0.927734375,0.01220703125,-0.341796875,0.18310546875,-0.9521484375,0.01220703125,-0.76904296875,-0.32958984375,-1.47705078125,-0.1953125,-0.2197265625,-0.390625,-0.25634765625,0.0732421875,-1.15966796875,0.1220703125,-0.15869140625,0.1953125,0.98876953125,0.03662109375,-0.29296875,-0.13427734375,0.634765625,0.29296875,-0.68359375,-0.06103515625,-1.45263671875,-0.28076171875,-1.025390625,-0.35400390625,0.40283203125,-0.13427734375,-0.01220703125,0.03662109375,-0.37841796875,-0.08544921875,-0.3173828125,0.10986328125,-0.390625,-0.1220703125,0.10986328125,-0.03662109375,0.8544921875,0.08544921875,-0.47607421875,-0.25634765625,-0.48828125
1,-0.146484375,-0.37841796875,0,-0.28076171875,-0.09765625,-0.37841796875,-0.341796875,0.048828125,0.13427734375,0.439453125,-0.146484375,-0.42724609375,-0.2197265625,1.37939453125,-0.537109375,2.42919921875,0.146484375,0.40283203125,0.048828125,0.7568359375,0.0244140625,1.30615234375,0.29296875,-0.06103515625,0.09765625,-0.1220703125,-0.08544921875,-0.76904296875,-0.29296875,0.9033203125,-0.537109375,0.25634765625,0.47607421875,-0.439453125,0.28076171875,-0.87890625,-0.29296875,-0.52490234375,0.23193359375,-0.74462890625,0.048828125,-0.23193359375,0.03662109375,-0.62255859375,-0.23193359375,-0.42724609375,0.0732421875,0.634765625,0.1220703125,1.18408203125,0.06103515625,0.48828125,-0.54931640625,-0.146484375,-0.1953125,0.76904296875,-0.08544921875,0.634765625,-0.13427734375,0.48828125,-0.1220703125,0.76904296875,-0.5859375,0.2685546875,-0.2685546875,0.341796875,0.23193359375,1.07421875,-0.1708984375,0.30517578125,0.0244140625,0.20751953125,-0.29296875,0.32958984375,-0.0732421875,0.84228515625,-0.01220703125,0.048828125,0.244140625,1.35498046875,-0.01220703125,-0.93994140625,0.048828125,-0.341796875,0.1708984375,-0.93994140625,-0.048828125,-0.74462890625,-0.390625,-1.47705078125,-0.18310546875,-0.244140625,-0.37841796875,-0.2685546875,0.1708984375,-1.15966796875,0,-0.390625,0.2197265625,0.42724609375,0.048828125,-0.5126953125,-0.13427734375,0.4150390625,0.18310546875,-0.69580078125,0.0732421875,-1.45263671875,-0.244140625,-1.01318359375,-0.3173828125,0.390625,-0.15869140625,-0.0244140625,0.0732421875,-0.37841796875,-0.06103515625,-0.29296875,0.10986328125,-0.390625,-0.10986328125,0.09765625,-0.048828125,0.84228515625,0.06103515625,-0.45166015625,-0.23193359375,-0.4638671875
1,-0.1708984375,-0.3662109375,0.01220703125,-0.25634765625,-0.08544921875,-0.37841796875,-0.390625,0.0732421875,0.08544921875,0.1953125,-0.13427734375,-0.59814453125,-0.23193359375,1.18408203125,-0.62255859375,1.55029296875,0.1953125,0.52490234375,0.06103515625,0.89111328125,0.09765625,1.3916015625,0.30517578125,-0.01220703125,0.0244140625,-0.10986328125,-0.08544921875,-0.7568359375,-0.4150390625,0.93994140625,-0.48828125,0.25634765625,0.47607421875,-0.4150390625,0.28076171875,-0.89111328125,-0.244140625,-0.5126953125,0.244140625,-0.74462890625,0.048828125,-0.244140625,0.15869140625,-0.6103515625,-0.1953125,-0.40283203125,0.06103515625,0.634765625,0.146484375,1.171875,0.146484375,0.5126953125,-0.52490234375,-0.146484375,-0.2197265625,0.78125,-0.15869140625,0.62255859375,-0.09765625,0.4638671875,-0.06103515625,0.732421875,-0.52490234375,0.32958984375,-0.18310546875,0.35400390625,0.28076171875,1.07421875,-0.13427734375,0.28076171875,-0.03662109375,0.2197265625,-0.23193359375,0.30517578125,-0.0732421875,0.78125,0,0.03662109375,0.244140625,1.3671875,0,-0.93994140625,0.09765625,-0.32958984375,0.09765625,-0.91552734375,-0.09765625,-0.732421875,-0.439453125,-1.46484375,-0.146484375,-0.2685546875,-0.25634765625,-0.29296875,0.2197265625,-1.15966796875,-0.1220703125,-0.59814453125,0.2685546875,-0.09765625,0.08544921875,-0.634765625,-0.1220703125,0.2197265625,0.1220703125,-0.72021484375,0.146484375,-1.46484375,-0.23193359375,-1.01318359375,-0.29296875,0.37841796875,-0.15869140625,-0.0244140625,0.0732421875,-0.3662109375,-0.06103515625,-0.29296875,0.09765625,-0.3662109375,-0.1220703125,0.06103515625,-0.048828125,0.84228515625,0.06103515625,-0.439453125,-0.20751953125,-0.439453125
1,-0.1708984375,-0.32958984375,0.0244140625,-0.2685546875,-0.09765625,-0.390625,-0.42724609375,0.06103515625,0.048828125,0,-0.15869140625,-0.79345703125,-0.2685546875,1.03759765625,-0.69580078125,0.79345703125,0.244140625,0.57373046875,0.08544921875,0.9521484375,0.20751953125,1.416015625,0.23193359375,-0.06103515625,-0.0244140625,-0.146484375,-0.15869140625,-0.74462890625,-0.47607421875,0.91552734375,-0.3662109375,0.25634765625,0.439453125,-0.40283203125,0.30517578125,-0.89111328125,-0.1708984375,-0.50048828125,0.2685546875,-0.732421875,0.03662109375,-0.2197265625,0.29296875,-0.6103515625,-0.18310546875,-0.390625,0.1220703125,0.6103515625,0.146484375,1.171875,0.23193359375,0.48828125,-0.47607421875,-0.1220703125,-0.244140625,0.79345703125,-0.25634765625,0.6591796875,-0.10986328125,0.45166015625,-0.08544921875,0.69580078125,-0.35400390625,0.37841796875,-0.08544921875,0.341796875,0.30517578125,1.06201171875,-0.10986328125,0.25634765625,-0.0732421875,0.20751953125,-0.1953125,0.2685546875,-0.01220703125,0.81787109375,-0.03662109375,0.03662109375,0.2197265625,1.35498046875,0.03662109375,-0.93994140625,0.1220703125,-0.32958984375,0,-0.927734375,-0.10986328125,-0.74462890625,-0.4638671875,-1.4892578125,-0.0732421875,-0.29296875,-0.09765625,-0.2685546875,0.1708984375,-1.1474609375,-0.2197265625,-0.69580078125,0.2685546875,-0.4150390625,0.048828125,-0.72021484375,-0.0732421875,0.10986328125,0.06103515625,-0.732421875,0.1708984375,-1.45263671875,-0.244140625,-1.025390625,-0.29296875,0.40283203125,-0.1708984375,-0.01220703125,0.06103515625,-0.35400390625,-0.0732421875,-0.29296875,0.08544921875,-0.35400390625,-0.1220703125,0.01220703125,-0.048828125,0.8544921875,0.06103515625,-0.439453125,-0.1953125,-0.45166015625
1,-0.2197265625,-0.32958984375,0.01220703125,-0.28076171875,-0.08544921875,-0.37841796875,-0.42724609375,0.048828125,0.048828125,-0.18310546875,-0.18310546875,-0.93994140625,-0.3173828125,0.87890625,-0.7080078125,0.1220703125,0.3173828125,0.52490234375,0.10986328125,0.9033203125,0.3173828125,1.3671875,0.23193359375,-0.146484375,-0.0244140625,-0.146484375,-0.1708984375,-0.74462890625,-0.50048828125,0.927734375,-0.23193359375,0.2685546875,0.341796875,-0.37841796875,0.30517578125,-0.89111328125,-0.09765625,-0.47607421875,0.28076171875,-0.72021484375,0,-0.1953125,0.35400390625,-0.6103515625,-0.1708984375,-0.3662109375,0.1220703125,0.634765625,0.1708984375,1.171875,0.23193359375,0.5126953125,-0.42724609375,-0.10986328125,-0.25634765625,0.79345703125,-0.29296875,0.6591796875,-0.10986328125,0.4638671875,0,0.67138671875,-0.2685546875,0.4150390625,0.06103515625,0.3173828125,0.3173828125,1.07421875,-0.0732421875,0.244140625,-0.0732421875,0.2197265625,-0.1708984375,0.28076171875,0.0244140625,0.8056640625,-0.0244140625,0.048828125,0.18310546875,1.35498046875,0.06103515625,-0.927734375,0.1220703125,-0.32958984375,-0.1708984375,-0.98876953125,-0.10986328125,-0.74462890625,-0.45166015625,-1.513671875,-0.03662109375,-0.30517578125,0.048828125,-0.28076171875,0.0732421875,-1.15966796875,-0.32958984375,-0.72021484375,0.146484375,-0.50048828125,0.01220703125,-0.7568359375,-0.0244140625,0.08544921875,0.08544921875,-0.74462890625,0.10986328125,-1.45263671875,-0.2685546875,-1.01318359375,-0.25634765625,0.390625,-0.1708984375,-0.01220703125,0.08544921875,-0.35400390625,-0.06103515625,-0.244140625,0.08544921875,-0.32958984375,-0.10986328125,0,-0.06103515625,0.86669921875,0.06103515625,-0.4150390625,-0.15869140625,-0.47607421875
1,-0.18310546875,-0.3173828125,0.01220703125,-0.30517578125,-0.08544921875,-0.390625,-0.4150390625,0.03662109375,0.03662109375,-0.3173828125,-0.18310546875,-1.08642578125,-0.341796875,0.76904296875,-0.68359375,-0.439453125,0.3173828125,0.35400390625,0.0244140625,0.7568359375,0.3662109375,1.2451171875,0.146484375,-0.25634765625,0,-0.1708984375,-0.1953125,-0.74462890625,-0.439453125,0.927734375,-0.1220703125,0.244140625,0.2685546875,-0.32958984375,0.23193359375,-0.8544921875,-0.048828125,-0.439453125,0.28076171875,-0.69580078125,-0.048828125,-0.1953125,0.3662109375,-0.62255859375,-0.146484375,-0.35400390625,0.10986328125,0.62255859375,0.10986328125,1.15966796875,0.2197265625,0.50048828125,-0.40283203125,-0.10986328125,-0.20751953125,0.76904296875,-0.2685546875,0.67138671875,-0.1708984375,0.45166015625,0.01220703125,0.68359375,-0.1953125,0.439453125,0.1708984375,0.2685546875,0.3173828125,1.06201171875,-0.0732421875,0.244140625,-0.03662109375,0.244140625,-0.146484375,0.2685546875,0.09765625,0.8056640625,-0.0244140625,0.0244140625,0.13427734375,1.3427734375,0.09765625,-0.93994140625,0.13427734375,-0.3662109375,-0.244140625,-0.98876953125,-0.0732421875,-0.78125,-0.439453125,-1.5380859375,0,-0.3173828125,0.1953125,-0.29296875,-0.01220703125,-1.15966796875,-0.3173828125,-0.634765625,0.1708984375,-0.341796875,0.01220703125,-0.6591796875,0.0244140625,0.146484375,0.15869140625,-0.7568359375,-0.01220703125,-1.46484375,-0.25634765625,-1.03759765625,-0.20751953125,0.4150390625,-0.15869140625,0.01220703125,0.0732421875,-0.35400390625,-0.0732421875,-0.23193359375,0.0732421875,-0.29296875,-0.09765625,-0.048828125,-0.0244140625,0.86669921875,0.08544921875,-0.45166015625,-0.15869140625,-0.4638671875
1,-0.1953125,-0.35400390625,-0.01220703125,-0.30517578125,-0.06103515625,-0.390625,-0.3662109375,0.01220703125,0.0244140625,-0.37841796875,-0.18310546875,-1.18408203125,-0.390625,0.67138671875,-0.59814453125,-0.81787109375,0.29296875,0.08544921875,-0.03662109375,0.537109375,0.390625,1.11083984375,0.1220703125,-0.3662109375,0.08544921875,-0.1708984375,-0.23193359375,-0.74462890625,-0.30517578125,0.9521484375,-0.06103515625,0.244140625,0.1953125,-0.29296875,0.146484375,-0.830078125,-0.01220703125,-0.390625,0.23193359375,-0.7080078125,-0.03662109375,-0.1708984375,0.3173828125,-0.64697265625,-0.10986328125,-0.35400390625,0.0732421875,0.64697265625,0.0732421875,1.171875,0.146484375,0.48828125,-0.390625,-0.1220703125,-0.1708984375,0.74462890625,-0.244140625,0.64697265625,-0.18310546875,0.439453125,0.048828125,0.68359375,-0.1953125,0.45166015625,0.18310546875,0.2197265625,0.3173828125,1.06201171875,-0.048828125,0.23193359375,0,0.23193359375,-0.1220703125,0.28076171875,0.13427734375,0.84228515625,-0.0244140625,0.01220703125,0.0732421875,1.3671875,0.08544921875,-0.91552734375,0.10986328125,-0.35400390625,-0.3173828125,-1.0009765625,-0.0732421875,-0.76904296875,-0.40283203125,-1.5380859375,-0.01220703125,-0.28076171875,0.20751953125,-0.29296875,-0.0732421875,-1.18408203125,-0.28076171875,-0.42724609375,0.09765625,0.1220703125,-0.0244140625,-0.4638671875,0.08544921875,0.3173828125,0.20751953125,-0.76904296875,-0.146484375,-1.46484375,-0.23193359375,-1.0498046875,-0.146484375,0.42724609375,-0.18310546875,0.048828125,0.0732421875,-0.37841796875,-0.0732421875,-0.25634765625,0.08544921875,-0.28076171875,-0.09765625,-0.03662109375,-0.01220703125,0.87890625,0.146484375,-0.47607421875,-0.1953125,-0.47607421875
1,-0.18310546875,-0.3662109375,-0.0244140625,-0.29296875,-0.0732421875,-0.37841796875,-0.35400390625,0.0244140625,0.01220703125,-0.42724609375,-0.1953125,-1.25732421875,-0.42724609375,0.62255859375,-0.57373046875,-1.0986328125,0.2685546875,-0.15869140625,-0.09765625,0.30517578125,0.37841796875,0.9521484375,0.10986328125,-0.4150390625,0.18310546875,-0.15869140625,-0.18310546875,-0.72021484375,-0.13427734375,0.927734375,-0.048828125,0.244140625,0.08544921875,-0.29296875,0.06103515625,-0.84228515625,-0.01220703125,-0.35400390625,0.244140625,-0.72021484375,-0.048828125,-0.1708984375,0.244140625,-0.62255859375,-0.09765625,-0.37841796875,0.03662109375,0.634765625,0.048828125,1.171875,0.08544921875,0.47607421875,-0.30517578125,-0.13427734375,-0.13427734375,0.72021484375,-0.1708984375,0.634765625,-0.18310546875,0.42724609375,0.1220703125,0.7080078125,-0.3173828125,0.45166015625,0.244140625,0.2197265625,0.3173828125,1.0498046875,-0.048828125,0.2197265625,0.048828125,0.244140625,-0.09765625,0.28076171875,0.146484375,0.84228515625,-0.0244140625,0.01220703125,0.03662109375,1.3671875,0.06103515625,-0.927734375,0.06103515625,-0.341796875,-0.341796875,-1.01318359375,-0.10986328125,-0.78125,-0.341796875,-1.5380859375,-0.03662109375,-0.30517578125,0.1708984375,-0.28076171875,-0.08544921875,-1.18408203125,-0.23193359375,-0.09765625,0.01220703125,0.86669921875,-0.01220703125,-0.15869140625,0.10986328125,0.62255859375,0.23193359375,-0.7568359375,-0.2685546875,-1.47705078125,-0.2197265625,-1.025390625,-0.08544921875,0.439453125,-0.15869140625,0.03662109375,0.08544921875,-0.37841796875,-0.0732421875,-0.29296875,0.0732421875,-0.23193359375,-0.09765625,-0.048828125,-0.01220703125,0.86669921875,0.13427734375,-0.50048828125,-0.1708984375,-0.47607421875
1,-0.15869140625,-0.37841796875,-0.048828125,-0.3173828125,-0.06103515625,-0.3662109375,-0.30517578125,0.03662109375,0,-0.42724609375,-0.2197265625,-1.2939453125,-0.4638671875,0.59814453125,-0.54931640625,-1.25732421875,0.25634765625,-0.35400390625,-0.10986328125,0.10986328125,0.3173828125,0.8544921875,0.08544921875,-0.35400390625,0.2685546875,-0.13427734375,-0.18310546875,-0.7568359375,-0.01220703125,0.93994140625,-0.0732421875,0.2197265625,0.10986328125,-0.30517578125,-0.06103515625,-0.830078125,-0.03662109375,-0.341796875,0.18310546875,-0.69580078125,-0.0244140625,-0.15869140625,0.18310546875,-0.64697265625,-0.048828125,-0.4150390625,-0.01220703125,0.64697265625,0.03662109375,1.18408203125,-0.01220703125,0.45166015625,-0.25634765625,-0.146484375,-0.048828125,0.7080078125,-0.09765625,0.62255859375,-0.15869140625,0.439453125,0.15869140625,0.7080078125,-0.35400390625,0.4150390625,0.30517578125,0.2197265625,0.28076171875,1.03759765625,-0.03662109375,0.23193359375,0.0732421875,0.25634765625,-0.048828125,0.30517578125,0.1708984375,0.8544921875,-0.03662109375,0,0.03662109375,1.35498046875,0.0244140625,-0.9521484375,0.03662109375,-0.35400390625,-0.32958984375,-1.0009765625,-0.15869140625,-0.78125,-0.28076171875,-1.52587890625,-0.03662109375,-0.29296875,0.06103515625,-0.25634765625,-0.03662109375,-1.18408203125,-0.1708984375,0.30517578125,-0.01220703125,1.8310546875,0.01220703125,0.146484375,0.10986328125,1.01318359375,0.23193359375,-0.74462890625,-0.32958984375,-1.4892578125,-0.1953125,-1.06201171875,-0.06103515625,0.439453125,-0.15869140625,0.03662109375,0.09765625,-0.37841796875,-0.06103515625,-0.30517578125,0.048828125,-0.23193359375,-0.08544921875,-0.048828125,-0.01220703125,0.86669921875,0.15869140625,-0.537109375,-0.18310546875,-0.52490234375
1,-0.1220703125,-0.390625,-0.048828125,-0.30517578125,-0.0732421875,-0.3662109375,-0.2685546875,0.0244140625,-0.01220703125,-0.42724609375,-0.2197265625,-1.2939453125,-0.4638671875,0.62255859375,-0.54931640625,-1.30615234375,0.18310546875,-0.439453125,-0.15869140625,0.08544921875,0.1708984375,0.84228515625,0,-0.146484375,0.32958984375,-0.13427734375,-0.09765625,-0.7568359375,0.13427734375,0.93994140625,-0.09765625,0.244140625,0.09765625,-0.3173828125,-0.18310546875,-0.830078125,-0.1220703125,-0.35400390625,0.15869140625,-0.69580078125,-0.03662109375,-0.146484375,0.0732421875,-0.64697265625,-0.048828125,-0.4150390625,-0.0244140625,0.64697265625,0.03662109375,1.18408203125,-0.06103515625,0.4638671875,-0.2197265625,-0.1708984375,0.03662109375,0.7080078125,-0.0244140625,0.59814453125,-0.13427734375,0.439453125,0.1953125,0.67138671875,-0.35400390625,0.40283203125,0.3662109375,0.244140625,0.23193359375,1.06201171875,-0.048828125,0.244140625,0.10986328125,0.25634765625,-0.01220703125,0.3173828125,0.1708984375,0.86669921875,-0.09765625,0.01220703125,0.01220703125,1.3671875,0,-0.927734375,-0.0244140625,-0.35400390625,-0.2685546875,-0.96435546875,-0.2197265625,-0.7568359375,-0.2197265625,-1.513671875,-0.048828125,-0.2685546875,-0.09765625,-0.25634765625,-0.0244140625,-1.171875,-0.0732421875,0.76904296875,-0.048828125,2.9296875,0.03662109375,0.52490234375,0.146484375,1.46484375,0.15869140625,-0.74462890625,-0.30517578125,-1.45263671875,-0.15869140625,-1.0498046875,-0.06103515625,0.42724609375,-0.13427734375,0.01220703125,0.08544921875,-0.390625,-0.0732421875,-0.3173828125,0.0732421875,-0.23193359375,-0.09765625,-0.0244140625,-0.01220703125,0.86669921875,0.15869140625,-0.54931640625,-0.15869140625,-0.5126953125
1,-0.146484375,-0.40283203125,-0.048828125,-0.3173828125,-0.048828125,-0.3662109375,-0.23193359375,0.0244140625,-0.0244140625,-0.37841796875,-0.1953125,-1.2451171875,-0.45166015625,0.64697265625,-0.5126953125,-1.2451171875,0.09765625,-0.29296875,-0.1708984375,0.20751953125,0.01220703125,0.93994140625,-0.0244140625,0.29296875,0.40283203125,-0.10986328125,-0.01220703125,-0.7568359375,0.20751953125,0.93994140625,-0.10986328125,0.244140625,0.15869140625,-0.32958984375,-0.2685546875,-0.81787109375,-0.23193359375,-0.3662109375,0.13427734375,-0.69580078125,-0.09765625,-0.15869140625,-0.0244140625,-0.64697265625,-0.0732421875,-0.439453125,-0.06103515625,0.64697265625,-0.0244140625,1.1962890625,-0.146484375,0.45166015625,-0.1220703125,-0.1708984375,0.0732421875,0.7080078125,-0.0244140625,0.6103515625,-0.09765625,0.439453125,0.13427734375,0.64697265625,-0.341796875,0.35400390625,0.42724609375,0.2685546875,0.1953125,1.06201171875,-0.0244140625,0.23193359375,0.1220703125,0.2685546875,0.0732421875,0.35400390625,0.18310546875,0.84228515625,-0.146484375,0.0244140625,0.01220703125,1.3671875,0,-0.9521484375,-0.09765625,-0.32958984375,-0.1220703125,-0.96435546875,-0.25634765625,-0.78125,-0.1953125,-1.4892578125,-0.08544921875,-0.25634765625,-0.1953125,-0.25634765625,0.0244140625,-1.1962890625,0.01220703125,1.1962890625,-0.01220703125,4.0283203125,0.048828125,0.8544921875,0.08544921875,1.89208984375,0.06103515625,-0.732421875,-0.25634765625,-1.46484375,-0.1708984375,-1.06201171875,-0.08544921875,0.4150390625,-0.1220703125,-0.01220703125,0.0732421875,-0.37841796875,-0.0732421875,-0.341796875,0.048828125,-0.2197265625,-0.09765625,0.03662109375,-0.01220703125,0.8544921875,0.146484375,-0.54931640625,-0.1220703125,-0.50048828125
1,-0.1220703125,-0.4150390625,-0.0732421875,-0.3173828125,-0.06103515625,-0.390625,-0.2197265625,0.0244140625,-0.03662109375,-0.341796875,-0.244140625,-1.20849609375,-0.4150390625,0.69580078125,-0.390625,-1.123046875,0.06103515625,0.048828125,-0.15869140625,0.54931640625,-0.09765625,1.220703125,-0.03662109375,0.9521484375,0.390625,-0.1220703125,0.048828125,-0.74462890625,0.244140625,0.927734375,-0.1220703125,0.244140625,0.2197265625,-0.32958984375,-0.32958984375,-0.81787109375,-0.3173828125,-0.40283203125,0.13427734375,-0.72021484375,-0.1708984375,-0.15869140625,-0.06103515625,-0.64697265625,-0.1220703125,-0.45166015625,-0.08544921875,0.62255859375,-0.06103515625,1.1962890625,-0.15869140625,0.47607421875,-0.06103515625,-0.1708984375,0.146484375,0.732421875,-0.06103515625,0.62255859375,-0.08544921875,0.4638671875,0.2197265625,0.6103515625,-0.30517578125,0.32958984375,0.439453125,0.29296875,0.146484375,1.06201171875,0,0.244140625,0.09765625,0.244140625,0.09765625,0.3662109375,0.1220703125,0.8544921875,-0.1708984375,0.0244140625,-0.0244140625,1.37939453125,0.0244140625,-0.9765625,-0.13427734375,-0.32958984375,0.01220703125,-0.96435546875,-0.28076171875,-0.7568359375,-0.18310546875,-1.47705078125,-0.13427734375,-0.23193359375,-0.3173828125,-0.2685546875,-0.01220703125,-1.1962890625,0.0732421875,1.6357421875,0.09765625,5.04150390625,0.06103515625,1.15966796875,0.03662109375,2.30712890625,-0.03662109375,-0.7080078125,-0.13427734375,-1.45263671875,-0.18310546875,-1.0498046875,-0.10986328125,0.390625,-0.146484375,-0.01220703125,0.0732421875,-0.37841796875,-0.06103515625,-0.35400390625,0.06103515625,-0.2197265625,-0.09765625,0.03662109375,-0.0244140625,0.84228515625,0.146484375,-0.54931640625,-0.08544921875,-0.48828125
1,-0.1220703125,-0.40283203125,-0.06103515625,-0.3173828125,-0.06103515625,-0.4150390625,-0.2197265625,0.01220703125,-0.06103515625,-0.29296875,-0.2685546875,-1.15966796875,-0.40283203125,0.76904296875,-0.390625,-0.96435546875,0.01220703125,0.5859375,-0.15869140625,1.0986328125,-0.20751953125,1.6357421875,-0.1953125,1.79443359375,0.390625,-0.13427734375,0.10986328125,-0.74462890625,0.2197265625,0.91552734375,-0.10986328125,0.244140625,0.2685546875,-0.37841796875,-0.37841796875,-0.830078125,-0.390625,-0.45166015625,0.13427734375,-0.72021484375,-0.25634765625,-0.18310546875,-0.048828125,-0.64697265625,-0.1708984375,-0.47607421875,-0.10986328125,0.6103515625,-0.06103515625,1.18408203125,-0.15869140625,0.50048828125,-0.0244140625,-0.18310546875,0.20751953125,0.7568359375,-0.08544921875,0.634765625,-0.0732421875,0.4638671875,0.25634765625,0.5615234375,-0.244140625,0.30517578125,0.45166015625,0.30517578125,0.13427734375,1.06201171875,0.01220703125,0.244140625,0.10986328125,0.23193359375,0.08544921875,0.35400390625,0.09765625,0.86669921875,-0.1708984375,0.01220703125,-0.0732421875,1.3671875,0.01220703125,-0.96435546875,-0.146484375,-0.32958984375,0.08544921875,-0.93994140625,-0.25634765625,-0.74462890625,-0.18310546875,-1.46484375,-0.1708984375,-0.23193359375,-0.35400390625,-0.29296875,-0.13427734375,-1.18408203125,0.08544921875,2.001953125,0.146484375,5.859375,0,1.416015625,-0.01220703125,2.63671875,-0.13427734375,-0.69580078125,-0.0244140625,-1.46484375,-0.23193359375,-1.03759765625,-0.13427734375,0.4150390625,-0.15869140625,-0.01220703125,0.0732421875,-0.3662109375,-0.06103515625,-0.3173828125,0.0732421875,-0.244140625,-0.08544921875,0.06103515625,-0.03662109375,0.8544921875,0.10986328125,-0.5126953125,-0.048828125,-0.48828125
1,-0.13427734375,-0.40283203125,-0.048828125,-0.30517578125,-0.0244140625,-0.42724609375,-0.2197265625,0.01220703125,-0.048828125,-0.23193359375,-0.28076171875,-1.07421875,-0.3662109375,0.830078125,-0.32958984375,-0.76904296875,-0.0244140625,1.30615234375,-0.10986328125,1.79443359375,-0.146484375,2.1484375,-0.146484375,2.81982421875,0.32958984375,-0.1220703125,0.15869140625,-0.74462890625,0.146484375,0.91552734375,-0.09765625,0.25634765625,0.32958984375,-0.37841796875,-0.341796875,-0.8544921875,-0.42724609375,-0.45166015625,0.15869140625,-0.732421875,-0.32958984375,-0.1953125,0.0244140625,-0.6591796875,-0.2685546875,-0.47607421875,-0.08544921875,0.6103515625,-0.03662109375,1.171875,-0.1220703125,0.5126953125,-0.01220703125,-0.1708984375,0.28076171875,0.76904296875,-0.1220703125,0.62255859375,-0.08544921875,0.45166015625,0.1953125,0.537109375,-0.1953125,0.25634765625,0.48828125,0.29296875,0.01220703125,1.07421875,0.01220703125,0.2197265625,0.0732421875,0.23193359375,0.06103515625,0.341796875,0.03662109375,0.86669921875,-0.13427734375,0.048828125,-0.09765625,1.35498046875,0,-0.9521484375,-0.146484375,-0.32958984375,0.15869140625,-0.93994140625,-0.20751953125,-0.732421875,-0.2197265625,-1.45263671875,-0.20751953125,-0.20751953125,-0.3173828125,-0.29296875,-0.2197265625,-1.171875,0.09765625,2.23388671875,0.20751953125,6.45751953125,-0.0732421875,1.5625,-0.01220703125,2.880859375,-0.1953125,-0.69580078125,0.10986328125,-1.45263671875,-0.29296875,-1.03759765625,-0.18310546875,0.390625,-0.15869140625,-0.0244140625,0.06103515625,-0.341796875,-0.048828125,-0.29296875,0.06103515625,-0.244140625,-0.0732421875,0.06103515625,-0.048828125,0.84228515625,0.09765625,-0.45166015625,-0.01220703125,-0.4638671875
1,-0.09765625,-0.390625,-0.03662109375,-0.29296875,-0.0244140625,-0.4150390625,-0.25634765625,0.03662109375,-0.0732421875,-0.1953125,-0.2685546875,-1.025390625,-0.37841796875,0.86669921875,-0.29296875,-0.57373046875,-0.0244140625,2.16064453125,-0.0732421875,2.60009765625,-0.048828125,2.74658203125,-0.2197265625,3.94287109375,0.28076171875,-0.10986328125,0.146484375,-0.732421875,0.03662109375,0.9033203125,-0.09765625,0.2685546875,0.37841796875,-0.3662109375,-0.23193359375,-0.8544921875,-0.439453125,-0.47607421875,0.18310546875,-0.72021484375,-0.3662109375,-0.1708984375,0.08544921875,-0.634765625,-0.341796875,-0.45166015625,-0.0732421875,0.5859375,-0.01220703125,1.15966796875,-0.09765625,0.50048828125,-0.0244140625,-0.1708984375,0.30517578125,0.7568359375,-0.1220703125,0.634765625,-0.09765625,0.4638671875,0.244140625,0.50048828125,-0.18310546875,0.20751953125,0.45166015625,0.28076171875,-0.08544921875,1.07421875,0.0244140625,0.2197265625,0.0244140625,0.23193359375,0.03662109375,0.341796875,0.048828125,0.87890625,-0.1220703125,0.0244140625,-0.1220703125,1.3427734375,0,-0.9033203125,-0.10986328125,-0.3173828125,0.15869140625,-0.927734375,-0.10986328125,-0.732421875,-0.2685546875,-1.4404296875,-0.25634765625,-0.18310546875,-0.2197265625,-0.28076171875,-0.341796875,-1.18408203125,0.06103515625,2.34375,0.2685546875,6.72607421875,-0.146484375,1.64794921875,-0.0244140625,2.96630859375,-0.146484375,-0.72021484375,0.146484375,-1.4404296875,-0.35400390625,-1.03759765625,-0.13427734375,0.390625,-0.146484375,-0.0244140625,0.06103515625,-0.341796875,-0.06103515625,-0.25634765625,0.06103515625,-0.2685546875,-0.08544921875,0.03662109375,-0.03662109375,0.84228515625,0.08544921875,-0.439453125,0.01220703125,-0.45166015625
0,-0.1220703125,-0.390625,-0.01220703125,-0.2685546875,0.01220703125,-0.4150390625,-0.25634765625,0.06103515625,-0.09765625,-0.1953125,-0.32958984375,-0.96435546875,-0.37841796875,0.89111328125,-0.3173828125,-0.40283203125,0.01220703125,3.01513671875,-0.0244140625,3.38134765625,0.03662109375,3.3447265625,-0.10986328125,5.078125,0.29296875,-0.146484375,0.09765625,-0.732421875,-0.06103515625,0.927734375,-0.13427734375,0.2685546875,0.40283203125,-0.35400390625,-0.10986328125,-0.86669921875,-0.4638671875,-0.45166015625,0.18310546875,-0.7080078125,-0.37841796875,-0.146484375,0.1953125,-0.62255859375,-0.42724609375,-0.42724609375,-0.01220703125,0.5859375,0.06103515625,1.1474609375,-0.048828125,0.5126953125,-0.048828125,-0.146484375,0.2685546875,0.7568359375,-0.15869140625,0.64697265625,-0.1220703125,0.4638671875,0.2685546875,0.47607421875,-0.244140625,0.18310546875,0.37841796875,0.25634765625,-0.146484375,1.07421875,0.01220703125,0.20751953125,-0.03662109375,0.20751953125,0.06103515625,0.32958984375,0.0244140625,0.87890625,-0.0732421875,0.0244140625,-0.146484375,1.3427734375,0,-0.9033203125,-0.06103515625,-0.32958984375,0.13427734375,-0.93994140625,0,-0.72021484375,-0.28076171875,-1.4404296875,-0.2685546875,-0.1953125,-0.0732421875,-0.28076171875,-0.40283203125,-1.15966796875,0.0244140625,2.35595703125,0.32958984375,6.70166015625,-0.1953125,1.67236328125,-0.01220703125,2.9541015625,-0.03662109375,-0.732421875,0.146484375,-1.45263671875,-0.4150390625,-1.025390625,-0.146484375,0.40283203125,-0.1220703125,-0.0244140625,0.0732421875,-0.32958984375,-0.0732421875,-0.23193359375,0.03662109375,-0.29296875,-0.08544921875,0.0244140625,-0.048828125,0.86669921875,0.1220703125,-0.4150390625,0.06103515625,-0.45166015625
0,-0.09765625,-0.37841796875,0,-0.29296875,0.0244140625,-0.42724609375,-0.25634765625,0.06103515625,-0.06103515625,-0.18310546875,-0.32958984375,-0.93994140625,-0.341796875,0.9033203125,-0.2197265625,-0.29296875,0.048828125,3.7841796875,0.03662109375,4.1259765625,0.18310546875,3.86962890625,0.048828125,6.1279296875,0.28076171875,-0.146484375,-0.01220703125,-0.74462890625,-0.15869140625,0.9521484375,-0.2197265625,0.25634765625,0.4150390625,-0.30517578125,-0.01220703125,-0.89111328125,-0.4150390625,-0.439453125,0.20751953125,-0.72021484375,-0.32958984375,-0.15869140625,0.244140625,-0.6103515625,-0.4638671875,-0.40283203125,0.01220703125,0.57373046875,0.13427734375,1.15966796875,-0.01220703125,0.5126953125,-0.06103515625,-0.1220703125,0.2197265625,0.76904296875,-0.1708984375,0.634765625,-0.2197265625,0.4638671875,0.1953125,0.50048828125,-0.29296875,0.13427734375,0.30517578125,0.2197265625,-0.1953125,1.06201171875,0.01220703125,0.2197265625,-0.1220703125,0.2197265625,0.03662109375,0.3173828125,0.0244140625,0.86669921875,0,0.01220703125,-0.20751953125,1.3427734375,0.03662109375,-0.86669921875,-0.01220703125,-0.341796875,0.0732421875,-0.9521484375,0.09765625,-0.74462890625,-0.32958984375,-1.46484375,-0.30517578125,-0.18310546875,0.06103515625,-0.2685546875,-0.3662109375,-1.18408203125,0.01220703125,2.24609375,0.28076171875,6.4208984375,-0.20751953125,1.62353515625,0,2.8076171875,0.08544921875,-0.76904296875,0.1220703125,-1.46484375,-0.40283203125,-1.025390625,-0.13427734375,0.439453125,-0.1220703125,-0.01220703125,0.08544921875,-0.341796875,-0.06103515625,-0.20751953125,0.03662109375,-0.3173828125,-0.10986328125,-0.01220703125,-0.03662109375,0.8544921875,0.10986328125,-0.4150390625,0.0732421875,-0.45166015625
0,-0.09765625,-0.35400390625,-0.0244140625,-0.28076171875,0.03662109375,-0.40283203125,-0.2685546875,0.048828125,-0.06103515625,-0.1708984375,-0.341796875,-0.91552734375,-0.3173828125,0.89111328125,-0.1220703125,-0.28076171875,0.1220703125,4.4189453125,0.10986328125,4.72412109375,0.35400390625,4.3212890625,0.15869140625,7.03125,0.3173828125,-0.13427734375,-0.06103515625,-0.7568359375,-0.23193359375,0.96435546875,-0.3173828125,0.25634765625,0.4150390625,-0.30517578125,0.09765625,-0.87890625,-0.32958984375,-0.439453125,0.2197265625,-0.7080078125,-0.2197265625,-0.15869140625,0.20751953125,-0.634765625,-0.47607421875,-0.37841796875,0.03662109375,0.59814453125,0.18310546875,1.171875,0.03662109375,0.50048828125,-0.13427734375,-0.13427734375,0.23193359375,0.732421875,-0.13427734375,0.634765625,-0.32958984375,0.47607421875,0.18310546875,0.537109375,-0.29296875,0.1220703125,0.18310546875,0.20751953125,-0.2197265625,1.07421875,0.0244140625,0.2197265625,-0.1708984375,0.20751953125,-0.01220703125,0.30517578125,0.0244140625,0.9033203125,0.048828125,0,-0.244140625,1.3427734375,0.048828125,-0.86669921875,0.01220703125,-0.341796875,0,-0.96435546875,0.146484375,-0.74462890625,-0.341796875,-1.47705078125,-0.32958984375,-0.1953125,0.13427734375,-0.28076171875,-0.35400390625,-1.20849609375,-0.048828125,2.099609375,0.1953125,5.96923828125,-0.1708984375,1.52587890625,-0.03662109375,2.62451171875,0.29296875,-0.7568359375,0.0732421875,-1.45263671875,-0.341796875,-1.01318359375,-0.13427734375,0.45166015625,-0.1220703125,0,0.08544921875,-0.35400390625,-0.06103515625,-0.2197265625,0.048828125,-0.35400390625,-0.1220703125,-0.01220703125,-0.0244140625,0.87890625,0.15869140625,-0.42724609375,0.06103515625,-0.42724609375
0,-0.10986328125,-0.3662109375,-0.06103515625,-0.3173828125,0.03662109375,-0.40283203125,-0.2685546875,0.03662109375,-0.1220703125,-0.1708984375,-0.37841796875,-0.91552734375,-0.341796875,0.87890625,-0.146484375,-0.3173828125,0.146484375,4.9072265625,0.13427734375,5.13916015625,0.4638671875,4.6142578125,0.048828125,7.72705078125,0.341796875,-0.146484375,-0.146484375,-0.74462890625,-0.2197265625,0.96435546875,-0.3662109375,0.25634765625,0.3662109375,-0.29296875,0.13427734375,-0.86669921875,-0.244140625,-0.40283203125,0.244140625,-0.72021484375,-0.1220703125,-0.15869140625,0.1708984375,-0.62255859375,-0.439453125,-0.35400390625,0.06103515625,0.5615234375,0.1953125,1.171875,0.0732421875,0.4638671875,-0.20751953125,-0.13427734375,0.244140625,0.732421875,-0.048828125,0.634765625,-0.40283203125,0.45166015625,0.10986328125,0.537109375,-0.29296875,0.09765625,0.10986328125,0.1953125,-0.23193359375,1.0498046875,0,0.1953125,-0.20751953125,0.2197265625,-0.01220703125,0.30517578125,0.0244140625,0.89111328125,0.0732421875,0,-0.2685546875,1.3427734375,0.08544921875,-0.86669921875,0.048828125,-0.341796875,-0.0244140625,-0.98876953125,0.13427734375,-0.732421875,-0.3662109375,-1.4892578125,-0.28076171875,-0.1953125,0.1220703125,-0.29296875,-0.23193359375,-1.20849609375,-0.10986328125,1.84326171875,0.048828125,5.3955078125,-0.13427734375,1.3427734375,-0.0244140625,2.392578125,0.390625,-0.78125,0.0244140625,-1.45263671875,-0.2685546875,-1.01318359375,-0.13427734375,0.4638671875,-0.18310546875,0,0.08544921875,-0.3662109375,-0.06103515625,-0.244140625,0.048828125,-0.37841796875,-0.13427734375,-0.01220703125,0,0.89111328125,0.1708984375,-0.45166015625,0.0732421875,-0.45166015625
0,-0.13427734375,-0.35400390625,-0.048828125,-0.32958984375,0.01220703125,-0.37841796875,-0.25634765625,0.0244140625,-0.10986328125,-0.13427734375,-0.35400390625,-0.927734375,-0.30517578125,0.87890625,-0.0732421875,-0.37841796875,0.2197265625,5.18798828125,0.20751953125,5.3466796875,0.537109375,4.7607421875,0.08544921875,8.203125,0.3662109375,-0.1220703125,-0.18310546875,-0.74462890625,-0.20751953125,0.98876953125,-0.4150390625,0.244140625,0.30517578125,-0.2685546875,0.13427734375,-0.86669921875,-0.1953125,-0.390625,0.29296875,-0.72021484375,-0.01220703125,-0.15869140625,0.18310546875,-0.6103515625,-0.35400390625,-0.341796875,0.0244140625,0.6103515625,0.2197265625,1.1962890625,0.13427734375,0.439453125,-0.28076171875,-0.1220703125,0.2685546875,0.732421875,-0.01220703125,0.62255859375,-0.45166015625,0.4638671875,0.0244140625,0.57373046875,-0.28076171875,0.1220703125,0.0244140625,0.1708984375,-0.28076171875,1.03759765625,-0.0244140625,0.1953125,-0.25634765625,0.20751953125,-0.01220703125,0.28076171875,0,0.9033203125,0.10986328125,0.01220703125,-0.25634765625,1.3671875,0.10986328125,-0.89111328125,0.048828125,-0.341796875,-0.03662109375,-0.9765625,0.08544921875,-0.74462890625,-0.3662109375,-1.4892578125,-0.244140625,-0.20751953125,0.06103515625,-0.28076171875,-0.10986328125,-1.23291015625,-0.146484375,1.5380859375,-0.10986328125,4.72412109375,-0.06103515625,1.171875,-0.01220703125,2.08740234375,0.47607421875,-0.79345703125,-0.0244140625,-1.46484375,-0.15869140625,-1.025390625,-0.13427734375,0.4638671875,-0.18310546875,0.0244140625,0.09765625,-0.3662109375,-0.0732421875,-0.30517578125,0.06103515625,-0.390625,-0.146484375,-0.01220703125,0,0.87890625,0.20751953125,-0.47607421875,0.06103515625,-0.45166015625
0,-0.13427734375,-0.37841796875,-0.048828125,-0.35400390625,0.01220703125,-0.35400390625,-0.2197265625,0,-0.1708984375,-0.10986328125,-0.390625,-0.927734375,-0.30517578125,0.89111328125,-0.09765625,-0.50048828125,0.2197265625,5.2734375,0.2197265625,5.419921875,0.5126953125,4.82177734375,0.13427734375,8.41064453125,0.390625,-0.1220703125,-0.15869140625,-0.7568359375,-0.15869140625,0.98876953125,-0.35400390625,0.244140625,0.25634765625,-0.2685546875,0.03662109375,-0.86669921875,-0.1708984375,-0.40283203125,0.29296875,-0.732421875,0.09765625,-0.146484375,0.146484375,-0.64697265625,-0.25634765625,-0.32958984375,-0.03662109375,0.6103515625,0.2197265625,1.1962890625,0.146484375,0.4638671875,-0.341796875,-0.1708984375,0.2685546875,0.72021484375,0.0244140625,0.62255859375,-0.4150390625,0.45166015625,-0.1220703125,0.6103515625,-0.23193359375,0.13427734375,-0.10986328125,0.1708984375,-0.2685546875,1.03759765625,-0.03662109375,0.20751953125,-0.28076171875,0.20751953125,-0.048828125,0.28076171875,-0.01220703125,0.927734375,0.146484375,0.0244140625,-0.20751953125,1.35498046875,0.09765625,-0.9033203125,0.0732421875,-0.32958984375,-0.09765625,-0.98876953125,0,-0.76904296875,-0.35400390625,-1.4892578125,-0.2197265625,-0.23193359375,-0.01220703125,-0.29296875,-0.01220703125,-1.220703125,-0.15869140625,1.2451171875,-0.1953125,4.06494140625,0.0732421875,0.9765625,0,1.8310546875,0.439453125,-0.7568359375,-0.048828125,-1.45263671875,-0.06103515625,-1.01318359375,-0.10986328125,0.47607421875,-0.18310546875,0.0244140625,0.10986328125,-0.3662109375,-0.048828125,-0.32958984375,0.06103515625,-0.40283203125,-0.146484375,-0.01220703125,0.03662109375,0.87890625,0.18310546875,-0.50048828125,0.06103515625,-0.47607421875
0,-0.15869140625,-0.3662109375,-0.06103515625,-0.341796875,-0.01220703125,-0.37841796875,-0.1953125,-0.01220703125,-0.20751953125,-0.06103515625,-0.390625,-0.9033203125,-0.2685546875,0.91552734375,-0.10986328125,-0.52490234375,0.15869140625,5.2001953125,0.2197265625,5.31005859375,0.42724609375,4.74853515625,0.23193359375,8.3984375,0.40283203125,-0.09765625,-0.10986328125,-0.7568359375,-0.08544921875,0.98876953125,-0.28076171875,0.25634765625,0.23193359375,-0.30517578125,0,-0.87890625,-0.13427734375,-0.42724609375,0.29296875,-0.74462890625,0.18310546875,-0.15869140625,0.09765625,-0.634765625,-0.1220703125,-0.35400390625,-0.09765625,0.62255859375,0.146484375,1.18408203125,0.146484375,0.45166015625,-0.37841796875,-0.1708984375,0.2685546875,0.732421875,0.0732421875,0.634765625,-0.35400390625,0.45166015625,-0.18310546875,0.59814453125,-0.1953125,0.146484375,-0.1708984375,0.1708984375,-0.25634765625,1.025390625,-0.06103515625,0.2197265625,-0.244140625,0.20751953125,-0.09765625,0.29296875,-0.01220703125,0.9521484375,0.15869140625,0.06103515625,-0.10986328125,1.35498046875,0.09765625,-0.9033203125,0.0732421875,-0.3173828125,-0.08544921875,-0.98876953125,-0.146484375,-0.76904296875,-0.3173828125,-1.513671875,-0.1220703125,-0.23193359375,-0.048828125,-0.30517578125,0.1220703125,-1.220703125,-0.1708984375,0.9521484375,-0.244140625,3.466796875,0.146484375,0.732421875,0.06103515625,1.5625,0.29296875,-0.74462890625,-0.01220703125,-1.45263671875,0.03662109375,-1.025390625,-0.08544921875,0.4638671875,-0.13427734375,0.01220703125,0.1220703125,-0.390625,-0.0732421875,-0.3662109375,0.08544921875,-0.40283203125,-0.146484375,0,0.01220703125,0.86669921875,0.2197265625,-0.5126953125,0.06103515625,-0.48828125
0,-0.18310546875,-0.40283203125,-0.06103515625,-0.341796875,-0.0244140625,-0.40283203125,-0.18310546875,-0.01220703125,-0.20751953125,-0.01220703125,-0.3662109375,-0.86669921875,-0.23193359375,0.9765625,-0.1220703125,-0.54931640625,0.1708984375,5.0048828125,0.23193359375,5.11474609375,0.35400390625,4.58984375,0.3662109375,8.154296875,0.3173828125,-0.10986328125,-0.01220703125,-0.7568359375,-0.0244140625,0.9765625,-0.18310546875,0.2685546875,0.1953125,-0.3173828125,-0.0732421875,-0.86669921875,-0.15869140625,-0.42724609375,0.25634765625,-0.74462890625,0.23193359375,-0.1708984375,0.0732421875,-0.64697265625,0,-0.37841796875,-0.13427734375,0.64697265625,0.09765625,1.171875,0.1220703125,0.47607421875,-0.390625,-0.15869140625,0.23193359375,0.732421875,0.08544921875,0.62255859375,-0.29296875,0.439453125,-0.341796875,0.5859375,-0.18310546875,0.15869140625,-0.20751953125,0.1953125,-0.20751953125,1.03759765625,-0.08544921875,0.23193359375,-0.2197265625,0.20751953125,-0.15869140625,0.28076171875,0.01220703125,0.9521484375,0.15869140625,0.06103515625,-0.0244140625,1.35498046875,0.0732421875,-0.927734375,0.0732421875,-0.30517578125,-0.08544921875,-1.0009765625,-0.2685546875,-0.78125,-0.25634765625,-1.4892578125,-0.0244140625,-0.25634765625,-0.10986328125,-0.28076171875,0.18310546875,-1.20849609375,-0.146484375,0.6591796875,-0.2197265625,2.89306640625,0.2197265625,0.47607421875,0.0732421875,1.33056640625,0.09765625,-0.72021484375,0.03662109375,-1.45263671875,0.10986328125,-1.025390625,-0.0732421875,0.45166015625,-0.1220703125,0.0244140625,0.13427734375,-0.390625,-0.06103515625,-0.390625,0.06103515625,-0.390625,-0.146484375,0.0244140625,0.03662109375,0.84228515625,0.1953125,-0.52490234375,0.048828125,-0.5126953125
0,-0.18310546875,-0.40283203125,-0.08544921875,-0.32958984375,-0.01220703125,-0.40283203125,-0.18310546875,0.01220703125,-0.244140625,0.03662109375,-0.40283203125,-0.8056640625,-0.23193359375,1.03759765625,-0.2197265625,-0.52490234375,0.13427734375,4.77294921875,0.20751953125,4.87060546875,0.244140625,4.38232421875,0.29296875,7.77587890625,0.244140625,-0.10986328125,0.09765625,-0.7568359375,0,0.96435546875,-0.03662109375,0.28076171875,0.1953125,-0.3173828125,-0.09765625,-0.8544921875,-0.18310546875,-0.45166015625,0.244140625,-0.74462890625,0.244140625,-0.18310546875,0.10986328125,-0.64697265625,0.06103515625,-0.40283203125,-0.18310546875,0.64697265625,-0.0244140625,1.171875,0.08544921875,0.5126953125,-0.3662109375,-0.15869140625,0.146484375,0.74462890625,0.0732421875,0.64697265625,-0.1953125,0.439453125,-0.42724609375,0.54931640625,-0.20751953125,0.1708984375,-0.244140625,0.2197265625,-0.10986328125,1.0498046875,-0.10986328125,0.23193359375,-0.18310546875,0.20751953125,-0.23193359375,0.28076171875,0.048828125,0.9521484375,0.146484375,0.06103515625,0.06103515625,1.3427734375,0.06103515625,-0.91552734375,0.06103515625,-0.30517578125,-0.09765625,-0.98876953125,-0.37841796875,-0.76904296875,-0.20751953125,-1.4892578125,0.03662109375,-0.25634765625,-0.10986328125,-0.30517578125,0.1953125,-1.1962890625,-0.146484375,0.3662109375,-0.15869140625,2.33154296875,0.25634765625,0.1953125,0.0732421875,1.07421875,-0.08544921875,-0.7080078125,0.06103515625,-1.42822265625,0.146484375,-1.03759765625,-0.048828125,0.4150390625,-0.13427734375,0.01220703125,0.1220703125,-0.37841796875,-0.06103515625,-0.37841796875,0.0732421875,-0.35400390625,-0.146484375,0.03662109375,0.03662109375,0.830078125,0.1708984375,-0.5126953125,0.048828125,-0.537109375
0,-0.1953125,-0.4150390625,-0.0732421875,-0.3173828125,-0.01220703125,-0.42724609375,-0.13427734375,0,-0.244140625,0.09765625,-0.40283203125,-0.732421875,-0.20751953125,1.123046875,-0.244140625,-0.4150390625,0.048828125,4.47998046875,0.18310546875,4.60205078125,0.146484375,4.19921875,0.25634765625,7.28759765625,0.18310546875,-0.1220703125,0.1708984375,-0.74462890625,0,0.9765625,0.06103515625,0.2685546875,0.10986328125,-0.341796875,-0.146484375,-0.8544921875,-0.23193359375,-0.45166015625,0.25634765625,-0.74462890625,0.1708984375,-0.15869140625,0.146484375,-0.6591796875,0.06103515625,-0.4150390625,-0.18310546875,0.64697265625,-0.09765625,1.15966796875,0.06103515625,0.5126953125,-0.32958984375,-0.146484375,0.08544921875,0.7568359375,0.0244140625,0.634765625,-0.1708984375,0.42724609375,-0.4638671875,0.5126953125,-0.1953125,0.18310546875,-0.29296875,0.2197265625,-0.08544921875,1.03759765625,-0.09765625,0.23193359375,-0.1708984375,0.1953125,-0.2685546875,0.28076171875,0.048828125,0.927734375,0.1220703125,0.0732421875,0.15869140625,1.33056640625,0.03662109375,-0.9521484375,0.048828125,-0.29296875,-0.1220703125,-0.98876953125,-0.390625,-0.76904296875,-0.146484375,-1.50146484375,0.048828125,-0.2685546875,-0.09765625,-0.29296875,0.1708984375,-1.1962890625,-0.146484375,0.08544921875,-0.03662109375,1.7578125,0.1953125,-0.0732421875,0.06103515625,0.81787109375,-0.29296875,-0.68359375,0.0732421875,-1.416015625,0.10986328125,-1.0498046875,-0.03662109375,0.40283203125,-0.13427734375,-0.0244140625,0.13427734375,-0.37841796875,-0.06103515625,-0.341796875,0.0732421875,-0.3662109375,-0.13427734375,0.0244140625,0.0244140625,0.8056640625,0.146484375,-0.5126953125,0.03662109375,-0.52490234375
0,-0.1708984375,-0.42724609375,-0.06103515625,-0.28076171875,0,-0.4150390625,-0.146484375,0.0244140625,-0.25634765625,0.1708984375,-0.40283203125,-0.6591796875,-0.1708984375,1.1962890625,-0.29296875,-0.30517578125,-0.06103515625,4.18701171875,0.13427734375,4.345703125,0.1220703125,3.96728515625,0.146484375,6.75048828125,0.13427734375,-0.1220703125,0.2685546875,-0.7568359375,0,0.9765625,0.13427734375,0.25634765625,0.01220703125,-0.32958984375,-0.20751953125,-0.86669921875,-0.30517578125,-0.42724609375,0.25634765625,-0.72021484375,0.06103515625,-0.15869140625,0.18310546875,-0.6591796875,0.06103515625,-0.42724609375,-0.1953125,0.64697265625,-0.15869140625,1.1474609375,0.048828125,0.5126953125,-0.32958984375,-0.1220703125,0.048828125,0.74462890625,-0.0244140625,0.634765625,-0.13427734375,0.439453125,-0.6103515625,0.48828125,-0.1953125,0.1708984375,-0.35400390625,0.23193359375,0.01220703125,1.06201171875,-0.08544921875,0.2685546875,-0.1220703125,0.2197265625,-0.32958984375,0.3173828125,0.03662109375,0.927734375,0.09765625,0.0732421875,0.18310546875,1.35498046875,-0.01220703125,-0.91552734375,0.01220703125,-0.29296875,-0.1708984375,-0.96435546875,-0.341796875,-0.7568359375,-0.146484375,-1.47705078125,0.06103515625,-0.244140625,-0.06103515625,-0.2685546875,0.08544921875,-1.18408203125,-0.1708984375,-0.23193359375,0.08544921875,1.18408203125,0.1220703125,-0.35400390625,0.09765625,0.54931640625,-0.390625,-0.69580078125,0.0732421875,-1.4404296875,0.0244140625,-1.0498046875,-0.0244140625,0.390625,-0.1220703125,-0.0244140625,0.15869140625,-0.3662109375,-0.048828125,-0.32958984375,0.048828125,-0.341796875,-0.15869140625,0.03662109375,0.03662109375,0.8056640625,0.146484375,-0.52490234375,0.0244140625,-0.537109375
0,-0.1708984375,-0.40283203125,-0.0244140625,-0.28076171875,0.01220703125,-0.4150390625,-0.1220703125,0.01220703125,-0.23193359375,0.244140625,-0.390625,-0.5615234375,-0.18310546875,1.2939453125,-0.3173828125,-0.15869140625,-0.18310546875,3.9306640625,0.08544921875,4.1015625,0.1220703125,3.7841796875,-0.06103515625,6.2255859375,0.1220703125,-0.146484375,0.3173828125,-0.76904296875,0,0.9521484375,0.244140625,0.25634765625,-0.03662109375,-0.32958984375,-0.20751953125,-0.86669921875,-0.341796875,-0.4150390625,0.244140625,-0.72021484375,-0.10986328125,-0.15869140625,0.25634765625,-0.6591796875,0,-0.42724609375,-0.18310546875,0.634765625,-0.13427734375,1.1474609375,-0.01220703125,0.5126953125,-0.341796875,-0.1220703125,0.03662109375,0.732421875,-0.048828125,0.634765625,-0.048828125,0.439453125,-0.59814453125,0.47607421875,-0.1953125,0.13427734375,-0.35400390625,0.23193359375,0.09765625,1.08642578125,-0.06103515625,0.25634765625,-0.1220703125,0.20751953125,-0.341796875,0.3173828125,0.0244140625,0.927734375,0.06103515625,0.048828125,0.244140625,1.3427734375,-0.03662109375,-0.93994140625,-0.0244140625,-0.30517578125,-0.23193359375,-0.9521484375,-0.2685546875,-0.74462890625,-0.1220703125,-1.47705078125,0.01220703125,-0.23193359375,0.0244140625,-0.2685546875,-0.06103515625,-1.20849609375,-0.08544921875,-0.5126953125,0.146484375,0.5615234375,0.01220703125,-0.5859375,0.09765625,0.29296875,-0.3662109375,-0.67138671875,0.01220703125,-1.4404296875,-0.0732421875,-1.06201171875,0,0.37841796875,-0.1708984375,-0.0244140625,0.146484375,-0.35400390625,-0.06103515625,-0.29296875,0.048828125,-0.29296875,-0.1708984375,0.03662109375,0.048828125,0.81787109375,0.146484375,-0.47607421875,-0.01220703125,-0.52490234375
0,-0.18310546875,-0.40283203125,-0.06103515625,-0.29296875,0.0244140625,-0.439453125,-0.0732421875,0,-0.23193359375,0.2685546875,-0.3662109375,-0.52490234375,-0.20751953125,1.318359375,-0.3173828125,-0.03662109375,-0.2685546875,3.7109375,0.01220703125,3.8818359375,0.10986328125,3.60107421875,-0.30517578125,5.7373046875,0.146484375,-0.15869140625,0.32958984375,-0.76904296875,-0.01220703125,0.93994140625,0.25634765625,0.244140625,-0.0732421875,-0.341796875,-0.2197265625,-0.86669921875,-0.37841796875,-0.4150390625,0.2197265625,-0.7080078125,-0.29296875,-0.18310546875,0.2685546875,-0.634765625,-0.09765625,-0.4150390625,-0.13427734375,0.64697265625,-0.0732421875,1.15966796875,-0.048828125,0.48828125,-0.341796875,-0.09765625,0.08544921875,0.76904296875,-0.0732421875,0.634765625,-0.01220703125,0.45166015625,-0.54931640625,0.48828125,-0.1953125,0.10986328125,-0.30517578125,0.23193359375,0.13427734375,1.07421875,-0.048828125,0.2685546875,-0.15869140625,0.2197265625,-0.29296875,0.32958984375,0.03662109375,0.927734375,0.0244140625,0.048828125,0.28076171875,1.3427734375,-0.048828125,-0.96435546875,-0.03662109375,-0.3173828125,-0.244140625,-0.9765625,-0.13427734375,-0.74462890625,-0.1220703125,-1.4892578125,-0.048828125,-0.23193359375,0.048828125,-0.28076171875,-0.1953125,-1.20849609375,-0.06103515625,-0.81787109375,0.1953125,-0.08544921875,-0.0732421875,-0.81787109375,0.15869140625,0.0244140625,-0.29296875,-0.68359375,-0.048828125,-1.46484375,-0.146484375,-1.07421875,0.01220703125,0.3662109375,-0.20751953125,-0.01220703125,0.146484375,-0.341796875,-0.0732421875,-0.28076171875,0.03662109375,-0.30517578125,-0.15869140625,0.01220703125,0.048828125,0.8544921875,0.15869140625,-0.4638671875,-0.03662109375,-0.50048828125
0,-0.1708984375,-0.3662109375,-0.03662109375,-0.2685546875,0.048828125,-0.4150390625,-0.08544921875,-0.01220703125,-0.244140625,0.29296875,-0.35400390625,-0.5126953125,-0.23193359375,1.33056640625,-0.3173828125,0.03662109375,-0.2685546875,3.4912109375,0.03662109375,3.67431640625,0.09765625,3.45458984375,-0.390625,5.33447265625,0.18310546875,-0.1708984375,0.29296875,-0.76904296875,0,0.93994140625,0.23193359375,0.25634765625,-0.1220703125,-0.341796875,-0.2197265625,-0.87890625,-0.40283203125,-0.42724609375,0.1220703125,-0.69580078125,-0.439453125,-0.18310546875,0.244140625,-0.64697265625,-0.1708984375,-0.42724609375,-0.146484375,0.634765625,0.01220703125,1.15966796875,-0.06103515625,0.48828125,-0.32958984375,-0.10986328125,0.06103515625,0.7568359375,-0.08544921875,0.634765625,-0.0244140625,0.4638671875,-0.439453125,0.48828125,-0.23193359375,0.09765625,-0.25634765625,0.23193359375,0.18310546875,1.06201171875,-0.0244140625,0.23193359375,-0.20751953125,0.244140625,-0.25634765625,0.341796875,0.0244140625,0.91552734375,-0.01220703125,0.0244140625,0.2685546875,1.35498046875,-0.03662109375,-0.9765625,-0.06103515625,-0.341796875,-0.23193359375,-0.98876953125,0,-0.74462890625,-0.1220703125,-1.4892578125,-0.13427734375,-0.23193359375,0.0244140625,-0.28076171875,-0.30517578125,-1.20849609375,0.01220703125,-1.0986328125,0.2197265625,-0.72021484375,-0.09765625,-0.9765625,0.15869140625,-0.244140625,-0.1220703125,-0.72021484375,-0.08544921875,-1.47705078125,-0.1708984375,-1.0986328125,0.0244140625,0.37841796875,-0.18310546875,-0.01220703125,0.146484375,-0.35400390625,-0.0732421875,-0.244140625,0.0244140625,-0.32958984375,-0.1708984375,0.01220703125,0.048828125,0.87890625,0.1708984375,-0.47607421875,-0.08544921875,-0.47607421875
1,-0.1708984375,-0.35400390625,-0.06103515625,-0.29296875,0.048828125,-0.439453125,-0.06103515625,-0.01220703125,-0.28076171875,0.2685546875,-0.341796875,-0.52490234375,-0.244140625,1.2939453125,-0.341796875,0.09765625,-0.29296875,3.35693359375,0.06103515625,3.50341796875,0.08544921875,3.30810546875,-0.57373046875,5.01708984375,0.23193359375,-0.1708984375,0.244140625,-0.78125,0.0244140625,0.927734375,0.13427734375,0.25634765625,-0.048828125,-0.35400390625,-0.1708984375,-0.87890625,-0.439453125,-0.42724609375,0.1220703125,-0.7080078125,-0.50048828125,-0.1708984375,0.13427734375,-0.634765625,-0.244140625,-0.390625,-0.1220703125,0.634765625,0.06103515625,1.18408203125,-0.0732421875,0.4638671875,-0.341796875,-0.1220703125,0.048828125,0.74462890625,-0.10986328125,0.634765625,-0.048828125,0.48828125,-0.3173828125,0.537109375,-0.23193359375,0.0732421875,-0.2197265625,0.2197265625,0.244140625,1.06201171875,0.03662109375,0.2197265625,-0.25634765625,0.25634765625,-0.1953125,0.32958984375,0.06103515625,0.91552734375,-0.03662109375,0.01220703125,0.23193359375,1.3427734375,-0.048828125,-0.93994140625,-0.06103515625,-0.341796875,-0.18310546875,-0.98876953125,0.0732421875,-0.7568359375,-0.146484375,-1.50146484375,-0.18310546875,-0.2197265625,-0.03662109375,-0.2685546875,-0.341796875,-1.23291015625,0.0732421875,-1.33056640625,0.146484375,-1.2939453125,-0.1708984375,-1.07421875,0.10986328125,-0.45166015625,0.03662109375,-0.732421875,-0.09765625,-1.46484375,-0.18310546875,-1.06201171875,0,0.40283203125,-0.1953125,0.01220703125,0.13427734375,-0.35400390625,-0.0732421875,-0.23193359375,0.01220703125,-0.32958984375,-0.18310546875,0,0.0244140625,0.89111328125,0.18310546875,-0.45166015625,-0.13427734375,-0.4638671875
1,-0.18310546875,-0.35400390625,-0.06103515625,-0.2685546875,0.03662109375,-0.4150390625,-0.06103515625,0,-0.29296875,0.23193359375,-0.3173828125,-0.5615234375,-0.23193359375,1.2451171875,-0.35400390625,0.06103515625,-0.29296875,3.1982421875,0.0732421875,3.3447265625,0.0244140625,3.1982421875,-0.64697265625,4.8095703125,0.244140625,-0.1708984375,0.1708984375,-0.78125,0.0244140625,0.93994140625,0,0.23193359375,0.03662109375,-0.32958984375,-0.15869140625,-0.86669921875,-0.42724609375,-0.45166015625,0.10986328125,-0.68359375,-0.4150390625,-0.1953125,0.01220703125,-0.6103515625,-0.32958984375,-0.35400390625,-0.0732421875,0.634765625,0.1708984375,1.20849609375,-0.08544921875,0.4638671875,-0.35400390625,-0.13427734375,0.048828125,0.74462890625,-0.13427734375,0.634765625,-0.1220703125,0.48828125,-0.10986328125,0.537109375,-0.2197265625,0.08544921875,-0.10986328125,0.2197265625,0.3173828125,1.0498046875,0.0244140625,0.23193359375,-0.2685546875,0.25634765625,-0.15869140625,0.3173828125,0.10986328125,0.91552734375,-0.08544921875,0.01220703125,0.18310546875,1.35498046875,0,-0.93994140625,-0.06103515625,-0.35400390625,-0.0732421875,-1.01318359375,0.10986328125,-0.7568359375,-0.1708984375,-1.52587890625,-0.244140625,-0.20751953125,-0.1953125,-0.30517578125,-0.28076171875,-1.220703125,0.1708984375,-1.4892578125,0.08544921875,-1.69677734375,-0.18310546875,-1.18408203125,0,-0.634765625,0.146484375,-0.732421875,-0.048828125,-1.4404296875,-0.18310546875,-1.0498046875,-0.0244140625,0.40283203125,-0.2197265625,0.048828125,0.1220703125,-0.35400390625,-0.06103515625,-0.2197265625,-0.0244140625,-0.3173828125,-0.20751953125,-0.01220703125,0.048828125,0.89111328125,0.20751953125,-0.439453125,-0.15869140625,-0.45166015625
1,-0.146484375,-0.32958984375,-0.09765625,-0.29296875,0.048828125,-0.37841796875,-0.0732421875,0.01220703125,-0.3173828125,0.1953125,-0.29296875,-0.59814453125,-0.23193359375,1.18408203125,-0.3662109375,-0.0244140625,-0.29296875,3.06396484375,0.08544921875,3.21044921875,-0.048828125,3.125,-0.54931640625,4.65087890625,0.28076171875,-0.1708984375,0.1220703125,-0.78125,0.0244140625,0.93994140625,-0.18310546875,0.244140625,0.15869140625,-0.341796875,-0.10986328125,-0.86669921875,-0.40283203125,-0.42724609375,0.10986328125,-0.69580078125,-0.28076171875,-0.18310546875,-0.0732421875,-0.6103515625,-0.32958984375,-0.3662109375,-0.08544921875,0.62255859375,0.23193359375,1.220703125,-0.08544921875,0.45166015625,-0.37841796875,-0.1220703125,-0.01220703125,0.74462890625,-0.13427734375,0.62255859375,-0.15869140625,0.50048828125,-0.03662109375,0.57373046875,-0.244140625,0.09765625,-0.0244140625,0.23193359375,0.32958984375,1.03759765625,0.048828125,0.244140625,-0.244140625,0.25634765625,-0.1708984375,0.30517578125,0.146484375,0.927734375,-0.13427734375,0.03662109375,0.08544921875,1.3671875,0.048828125,-0.927734375,-0.0244140625,-0.3662109375,0.01220703125,-1.01318359375,0.06103515625,-0.74462890625,-0.23193359375,-1.513671875,-0.2685546875,-0.20751953125,-0.35400390625,-0.29296875,-0.18310546875,-1.23291015625,0.244140625,-1.59912109375,0.03662109375,-2.01416015625,-0.10986328125,-1.23291015625,-0.0732421875,-0.7568359375,0.1708984375,-0.74462890625,0.06103515625,-1.45263671875,-0.1708984375,-1.07421875,-0.0732421875,0.4150390625,-0.23193359375,0.06103515625,0.1220703125,-0.35400390625,-0.0732421875,-0.23193359375,-0.01220703125,-0.341796875,-0.1953125,0,0.03662109375,0.87890625,0.2197265625,-0.45166015625,-0.146484375,-0.4638671875
1,-0.146484375,-0.35400390625,-0.0732421875,-0.3173828125,0.06103515625,-0.3662109375,-0.08544921875,0,-0.341796875,0.13427734375,-0.30517578125,-0.67138671875,-0.20751953125,1.11083984375,-0.29296875,-0.15869140625,-0.25634765625,2.9052734375,0.10986328125,3.06396484375,-0.10986328125,3.03955078125,-0.40283203125,4.541015625,0.25634765625,-0.146484375,0.1220703125,-0.7568359375,-0.0244140625,0.9521484375,-0.32958984375,0.244140625,0.25634765625,-0.32958984375,-0.06103515625,-0.86669921875,-0.35400390625,-0.42724609375,0.10986328125,-0.68359375,-0.09765625,-0.15869140625,-0.10986328125,-0.62255859375,-0.341796875,-0.341796875,-0.10986328125,0.6103515625,0.2685546875,1.220703125,-0.06103515625,0.47607421875,-0.37841796875,-0.13427734375,-0.03662109375,0.74462890625,-0.15869140625,0.64697265625,-0.15869140625,0.5126953125,0.1220703125,0.5859375,-0.2685546875,0.146484375,0.1220703125,0.23193359375,0.32958984375,1.0498046875,0.03662109375,0.244140625,-0.23193359375,0.23193359375,-0.146484375,0.28076171875,0.18310546875,0.93994140625,-0.146484375,0.0244140625,0.03662109375,1.37939453125,0.09765625,-0.91552734375,-0.01220703125,-0.35400390625,0.09765625,-0.98876953125,0,-0.7568359375,-0.28076171875,-1.513671875,-0.3173828125,-0.18310546875,-0.45166015625,-0.30517578125,-0.0244140625,-1.23291015625,0.20751953125,-1.64794921875,0.01220703125,-2.1240234375,-0.048828125,-1.1962890625,-0.146484375,-0.78125,0.146484375,-0.74462890625,0.1708984375,-1.4404296875,-0.18310546875,-1.0498046875,-0.1220703125,0.42724609375,-0.28076171875,0.048828125,0.10986328125,-0.390625,-0.06103515625,-0.244140625,0,-0.341796875,-0.20751953125,0,0.0244140625,0.87890625,0.1953125,-0.4638671875,-0.09765625,-0.47607421875
1,-0.15869140625,-0.35400390625,-0.08544921875,-0.341796875,0.09765625,-0.3662109375,-0.09765625,0.01220703125,-0.341796875,0.10986328125,-0.29296875,-0.7080078125,-0.146484375,1.06201171875,-0.35400390625,-0.29296875,-0.2197265625,2.77099609375,0.18310546875,2.94189453125,-0.15869140625,2.9541015625,-0.1953125,4.39453125,0.18310546875,-0.10986328125,0.10986328125,-0.7568359375,-0.1220703125,0.96435546875,-0.439453125,0.25634765625,0.29296875,-0.32958984375,-0.01220703125,-0.830078125,-0.28076171875,-0.42724609375,0.13427734375,-0.68359375,0.03662109375,-0.146484375,-0.0732421875,-0.6103515625,-0.28076171875,-0.3662109375,-0.15869140625,0.62255859375,0.2685546875,1.1962890625,-0.01220703125,0.48828125,-0.35400390625,-0.13427734375,-0.0732421875,0.76904296875,-0.1953125,0.64697265625,-0.15869140625,0.50048828125,0.25634765625,0.6103515625,-0.25634765625,0.1708984375,0.1708984375,0.2197265625,0.30517578125,1.0498046875,0,0.244140625,-0.20751953125,0.244140625,-0.10986328125,0.2685546875,0.18310546875,0.91552734375,-0.18310546875,0.03662109375,-0.03662109375,1.37939453125,0.13427734375,-0.87890625,0.01220703125,-0.341796875,0.146484375,-0.9765625,-0.0732421875,-0.74462890625,-0.341796875,-1.513671875,-0.3173828125,-0.1953125,-0.48828125,-0.30517578125,0.10986328125,-1.220703125,0.10986328125,-1.5869140625,-0.03662109375,-2.0263671875,-0.0244140625,-1.123046875,-0.20751953125,-0.732421875,0.048828125,-0.7080078125,0.3173828125,-1.42822265625,-0.13427734375,-1.03759765625,-0.1220703125,0.4150390625,-0.25634765625,0.048828125,0.08544921875,-0.37841796875,-0.048828125,-0.25634765625,-0.01220703125,-0.341796875,-0.1953125,0,0.048828125,0.86669921875,0.18310546875,-0.48828125,-0.0732421875,-0.48828125
1,-0.1708984375,-0.3662109375,-0.09765625,-0.32958984375,0.09765625,-0.37841796875,-0.09765625,-0.01220703125,-0.341796875,0.08544921875,-0.29296875,-0.72021484375,-0.09765625,1.06201171875,-0.390625,-0.4150390625,-0.15869140625,2.60009765625,0.2685546875,2.783203125,-0.1708984375,2.83203125,-0.0244140625,4.1748046875,0.08544921875,-0.09765625,0.09765625,-0.732421875,-0.2197265625,0.9765625,-0.439453125,0.2685546875,0.3173828125,-0.3173828125,0.01220703125,-0.8544921875,-0.2197265625,-0.42724609375,0.10986328125,-0.69580078125,0.09765625,-0.15869140625,0.03662109375,-0.62255859375,-0.2197265625,-0.3662109375,-0.18310546875,0.64697265625,0.244140625,1.171875,-0.01220703125,0.50048828125,-0.390625,-0.146484375,-0.048828125,0.76904296875,-0.1708984375,0.634765625,-0.146484375,0.48828125,0.32958984375,0.59814453125,-0.146484375,0.1953125,0.2197265625,0.2685546875,0.29296875,1.03759765625,0.01220703125,0.244140625,-0.1220703125,0.2197265625,-0.0732421875,0.2685546875,0.2197265625,0.89111328125,-0.1708984375,0.0732421875,-0.09765625,1.3671875,0.18310546875,-0.9033203125,0.0244140625,-0.32958984375,0.13427734375,-0.9765625,-0.1220703125,-0.74462890625,-0.3662109375,-1.4892578125,-0.29296875,-0.1953125,-0.4150390625,-0.30517578125,0.15869140625,-1.20849609375,0,-1.4892578125,-0.08544921875,-1.79443359375,0.01220703125,-1.025390625,-0.20751953125,-0.62255859375,-0.03662109375,-0.72021484375,0.37841796875,-1.4404296875,-0.08544921875,-1.03759765625,-0.10986328125,0.4150390625,-0.23193359375,0.048828125,0.06103515625,-0.37841796875,-0.0732421875,-0.30517578125,0.01220703125,-0.35400390625,-0.1953125,0.01220703125,0.03662109375,0.8544921875,0.13427734375,-0.48828125,-0.01220703125,-0.50048828125
1,-0.1708984375,-0.3662109375,-0.0732421875,-0.341796875,0.10986328125,-0.37841796875,-0.09765625,-0.0244140625,-0.35400390625,0.08544921875,-0.25634765625,-0.732421875,-0.048828125,1.06201171875,-0.4150390625,-0.48828125,-0.09765625,2.38037109375,0.35400390625,2.57568359375,-0.1220703125,2.67333984375,0.06103515625,3.80859375,-0.0732421875,-0.08544921875,0.08544921875,-0.74462890625,-0.3662109375,0.93994140625,-0.40283203125,0.2685546875,0.2685546875,-0.3173828125,0.0244140625,-0.84228515625,-0.1708984375,-0.439453125,0.1220703125,-0.7080078125,0.13427734375,-0.15869140625,0.1708984375,-0.62255859375,-0.146484375,-0.390625,-0.18310546875,0.64697265625,0.18310546875,1.1474609375,0,0.5126953125,-0.37841796875,-0.13427734375,0.0244140625,0.76904296875,-0.146484375,0.634765625,-0.0732421875,0.50048828125,0.390625,0.59814453125,-0.09765625,0.2197265625,0.2685546875,0.29296875,0.28076171875,1.03759765625,0.01220703125,0.244140625,-0.1220703125,0.2197265625,-0.01220703125,0.2685546875,0.25634765625,0.89111328125,-0.146484375,0.06103515625,-0.10986328125,1.3671875,0.2197265625,-0.87890625,0.06103515625,-0.341796875,0.0732421875,-0.9765625,-0.146484375,-0.732421875,-0.35400390625,-1.50146484375,-0.29296875,-0.18310546875,-0.29296875,-0.29296875,0.15869140625,-1.171875,-0.10986328125,-1.318359375,-0.10986328125,-1.416015625,0.01220703125,-0.9521484375,-0.15869140625,-0.48828125,-0.048828125,-0.72021484375,0.37841796875,-1.42822265625,-0.03662109375,-1.025390625,-0.08544921875,0.42724609375,-0.23193359375,0.0244140625,0.06103515625,-0.3662109375,-0.06103515625,-0.341796875,0,-0.3173828125,-0.1708984375,0.0244140625,0.06103515625,0.830078125,0.1220703125,-0.50048828125,0.0244140625,-0.52490234375
1,-0.15869140625,-0.3662109375,-0.08544921875,-0.341796875,0.09765625,-0.390625,-0.08544921875,0,-0.390625,0.09765625,-0.29296875,-0.732421875,-0.06103515625,1.08642578125,-0.439453125,-0.48828125,-0.048828125,2.0751953125,0.3662109375,2.30712890625,-0.0244140625,2.45361328125,0.1953125,3.2958984375,-0.18310546875,-0.08544921875,0.06103515625,-0.7568359375,-0.4638671875,0.96435546875,-0.29296875,0.2685546875,0.2197265625,-0.3173828125,0.0244140625,-0.84228515625,-0.10986328125,-0.45166015625,0.1220703125,-0.72021484375,0.08544921875,-0.15869140625,0.2685546875,-0.64697265625,-0.10986328125,-0.4150390625,-0.2197265625,0.62255859375,0.1220703125,1.123046875,-0.0244140625,0.5126953125,-0.341796875,-0.13427734375,0.03662109375,0.76904296875,-0.13427734375,0.64697265625,-0.08544921875,0.48828125,0.42724609375,0.57373046875,-0.09765625,0.18310546875,0.30517578125,0.32958984375,0.23193359375,1.03759765625,0,0.23193359375,-0.0732421875,0.2197265625,0.0244140625,0.29296875,0.29296875,0.8544921875,-0.1708984375,0.06103515625,-0.15869140625,1.35498046875,0.244140625,-0.91552734375,0.09765625,-0.3173828125,-0.0244140625,-0.98876953125,-0.13427734375,-0.74462890625,-0.32958984375,-1.47705078125,-0.2685546875,-0.1953125,-0.13427734375,-0.28076171875,0.10986328125,-1.15966796875,-0.20751953125,-1.13525390625,-0.13427734375,-1.0498046875,0,-0.87890625,-0.1220703125,-0.3173828125,-0.048828125,-0.69580078125,0.3173828125,-1.416015625,-0.01220703125,-1.03759765625,-0.048828125,0.40283203125,-0.2197265625,0,0.048828125,-0.3662109375,-0.0732421875,-0.341796875,0,-0.3173828125,-0.18310546875,0.03662109375,0.048828125,0.81787109375,0.09765625,-0.50048828125,0.08544921875,-0.537109375
1,-0.1708984375,-0.390625,-0.048828125,-0.30517578125,0.0732421875,-0.40283203125,-0.0732421875,0.0244140625,-0.3662109375,0.1220703125,-0.32958984375,-0.7080078125,-0.06103515625,1.11083984375,-0.37841796875,-0.439453125,-0.0732421875,1.72119140625,0.341796875,1.98974609375,0.09765625,2.197265625,0.1708984375,2.587890625,-0.244140625,-0.09765625,0.03662109375,-0.76904296875,-0.5126953125,0.9521484375,-0.1708984375,0.28076171875,0.09765625,-0.35400390625,0.01220703125,-0.830078125,-0.03662109375,-0.45166015625,0.10986328125,-0.732421875,0.03662109375,-0.1708984375,0.35400390625,-0.64697265625,-0.03662109375,-0.4150390625,-0.1953125,0.59814453125,0.03662109375,1.123046875,-0.01220703125,0.50048828125,-0.30517578125,-0.15869140625,0.08544921875,0.7568359375,-0.13427734375,0.64697265625,-0.03662109375,0.48828125,0.37841796875,0.57373046875,-0.10986328125,0.15869140625,0.341796875,0.32958984375,0.20751953125,1.0498046875,0.01220703125,0.20751953125,-0.048828125,0.2197265625,0.09765625,0.30517578125,0.244140625,0.86669921875,-0.18310546875,0.06103515625,-0.15869140625,1.35498046875,0.23193359375,-0.91552734375,0.10986328125,-0.32958984375,-0.146484375,-1.0009765625,-0.09765625,-0.732421875,-0.2685546875,-1.47705078125,-0.25634765625,-0.1953125,0.06103515625,-0.2685546875,0,-1.1474609375,-0.1708984375,-1.01318359375,-0.15869140625,-0.69580078125,-0.01220703125,-0.81787109375,-0.06103515625,-0.18310546875,0.048828125,-0.69580078125,0.2197265625,-1.416015625,-0.01220703125,-1.03759765625,0.03662109375,0.390625,-0.20751953125,-0.01220703125,0.03662109375,-0.3662109375,-0.06103515625,-0.341796875,-0.01220703125,-0.3173828125,-0.18310546875,0.048828125,0.0244140625,0.81787109375,0.10986328125,-0.47607421875,0.10986328125,-0.537109375
1,-0.18310546875,-0.390625,-0.08544921875,-0.29296875,0.048828125,-0.4150390625,-0.01220703125,0.03662109375,-0.390625,0.1220703125,-0.30517578125,-0.68359375,-0.03662109375,1.13525390625,-0.28076171875,-0.3662109375,-0.048828125,1.30615234375,0.32958984375,1.59912109375,0.2197265625,1.904296875,0.23193359375,1.7822265625,-0.29296875,-0.1220703125,0,-0.76904296875,-0.52490234375,0.96435546875,-0.0244140625,0.2685546875,0,-0.32958984375,-0.048828125,-0.830078125,-0.03662109375,-0.42724609375,0.08544921875,-0.732421875,0,-0.15869140625,0.40283203125,-0.64697265625,0,-0.390625,-0.1953125,0.5859375,0.01220703125,1.13525390625,-0.048828125,0.48828125,-0.28076171875,-0.146484375,0.146484375,0.732421875,-0.13427734375,0.634765625,0.0244140625,0.48828125,0.30517578125,0.54931640625,-0.08544921875,0.146484375,0.35400390625,0.35400390625,0.146484375,1.07421875,0.0244140625,0.18310546875,-0.0732421875,0.2197265625,0.1708984375,0.341796875,0.15869140625,0.86669921875,-0.1708984375,0.0244140625,-0.13427734375,1.33056640625,0.2197265625,-0.93994140625,0.10986328125,-0.3173828125,-0.1953125,-1.01318359375,-0.048828125,-0.732421875,-0.20751953125,-1.46484375,-0.23193359375,-0.18310546875,0.20751953125,-0.2685546875,-0.08544921875,-1.15966796875,-0.146484375,-0.9033203125,-0.2685546875,-0.47607421875,0.0244140625,-0.81787109375,-0.0244140625,-0.08544921875,0.08544921875,-0.7080078125,0.06103515625,-1.416015625,-0.01220703125,-1.0498046875,0.10986328125,0.3662109375,-0.2197265625,-0.03662109375,0.0244140625,-0.3662109375,-0.06103515625,-0.35400390625,-0.0244140625,-0.30517578125,-0.15869140625,0.06103515625,0.048828125,0.8056640625,0.08544921875,-0.48828125,0.1220703125,-0.54931640625
1,-0.1708984375,-0.37841796875,-0.09765625,-0.2685546875,0.03662109375,-0.4150390625,0.01220703125,0.048828125,-0.42724609375,0.146484375,-0.341796875,-0.7080078125,-0.08544921875,1.123046875,-0.3173828125,-0.28076171875,-0.09765625,0.87890625,0.29296875,1.20849609375,0.25634765625,1.55029296875,0.146484375,0.93994140625,-0.29296875,-0.146484375,-0.0244140625,-0.76904296875,-0.40283203125,0.96435546875,0.0732421875,0.2685546875,-0.1220703125,-0.3173828125,-0.08544921875,-0.830078125,0.0244140625,-0.4150390625,0.0732421875,-0.72021484375,-0.03662109375,-0.146484375,0.390625,-0.634765625,0.048828125,-0.3662109375,-0.15869140625,0.59814453125,-0.06103515625,1.1474609375,0,0.4638671875,-0.25634765625,-0.1708984375,0.1953125,0.7568359375,-0.10986328125,0.6591796875,0.08544921875,0.50048828125,0.20751953125,0.54931640625,-0.048828125,0.10986328125,0.3662109375,0.3173828125,0.08544921875,1.07421875,0.06103515625,0.18310546875,-0.06103515625,0.20751953125,0.1708984375,0.32958984375,0.08544921875,0.86669921875,-0.18310546875,0.01220703125,-0.15869140625,1.33056640625,0.1953125,-0.93994140625,0.0732421875,-0.32958984375,-0.2685546875,-1.01318359375,-0.0244140625,-0.732421875,-0.1220703125,-1.46484375,-0.23193359375,-0.20751953125,0.2197265625,-0.23193359375,-0.0732421875,-1.15966796875,-0.10986328125,-0.87890625,-0.341796875,-0.3662109375,-0.048828125,-0.81787109375,0.03662109375,-0.01220703125,0.09765625,-0.69580078125,-0.048828125,-1.40380859375,0.01220703125,-1.0498046875,0.15869140625,0.37841796875,-0.15869140625,-0.03662109375,0.01220703125,-0.35400390625,-0.048828125,-0.35400390625,-0.06103515625,-0.30517578125,-0.146484375,0.048828125,0.048828125,0.78125,0.10986328125,-0.48828125,0.15869140625,-0.52490234375
1,-0.1708984375,-0.390625,-0.0732421875,-0.29296875,0.01220703125,-0.40283203125,0.0732421875,0.03662109375,-0.40283203125,0.1220703125,-0.29296875,-0.72021484375,-0.0244140625,1.123046875,-0.244140625,-0.2197265625,-0.1220703125,0.45166015625,0.25634765625,0.81787109375,0.28076171875,1.26953125,0.1220703125,0.13427734375,-0.2197265625,-0.15869140625,-0.03662109375,-0.79345703125,-0.28076171875,0.927734375,0.146484375,0.2685546875,-0.2197265625,-0.3173828125,-0.15869140625,-0.84228515625,0.0244140625,-0.42724609375,0.0244140625,-0.72021484375,-0.03662109375,-0.15869140625,0.35400390625,-0.64697265625,0.0732421875,-0.35400390625,-0.1220703125,0.5859375,-0.15869140625,1.1962890625,0.0244140625,0.47607421875,-0.18310546875,-0.1708984375,0.25634765625,0.74462890625,-0.06103515625,0.67138671875,0.0732421875,0.48828125,0.1953125,0.54931640625,0.03662109375,0.0732421875,0.4638671875,0.29296875,-0.0244140625,1.08642578125,0.03662109375,0.15869140625,-0.09765625,0.20751953125,0.146484375,0.32958984375,0.03662109375,0.91552734375,-0.10986328125,0.01220703125,-0.1220703125,1.3427734375,0.15869140625,-0.93994140625,0.01220703125,-0.32958984375,-0.2685546875,-1.03759765625,-0.0244140625,-0.74462890625,-0.048828125,-1.47705078125,-0.20751953125,-0.1953125,0.1953125,-0.2685546875,-0.06103515625,-1.15966796875,-0.0244140625,-0.86669921875,-0.32958984375,-0.4150390625,-0.01220703125,-0.830078125,0.13427734375,-0.03662109375,0.09765625,-0.732421875,-0.1220703125,-1.416015625,0.03662109375,-1.06201171875,0.244140625,0.3662109375,-0.146484375,-0.03662109375,0,-0.341796875,-0.06103515625,-0.341796875,-0.03662109375,-0.32958984375,-0.146484375,0.048828125,0.06103515625,0.76904296875,0.1220703125,-0.45166015625,0.146484375,-0.5126953125
1,-0.15869140625,-0.35400390625,-0.0732421875,-0.28076171875,0.01220703125,-0.40283203125,0.13427734375,0.06103515625,-0.439453125,0.08544921875,-0.30517578125,-0.76904296875,-0.0244140625,1.0986328125,-0.244140625,-0.18310546875,-0.146484375,0.0732421875,0.23193359375,0.4638671875,0.25634765625,1.01318359375,0.10986328125,-0.5126953125,-0.13427734375,-0.1708984375,-0.01220703125,-0.79345703125,-0.1220703125,0.927734375,0.146484375,0.2685546875,-0.3173828125,-0.3173828125,-0.2197265625,-0.8544921875,-0.048828125,-0.40283203125,0,-0.7080078125,0.01220703125,-0.15869140625,0.2685546875,-0.64697265625,0.08544921875,-0.341796875,-0.10986328125,0.5859375,-0.20751953125,1.1962890625,0.06103515625,0.4638671875,-0.10986328125,-0.1708984375,0.28076171875,0.74462890625,-0.06103515625,0.6591796875,0.0732421875,0.48828125,0.20751953125,0.537109375,0.146484375,0.06103515625,0.4638671875,0.25634765625,-0.1220703125,1.06201171875,0.06103515625,0.1220703125,-0.13427734375,0.18310546875,0.1220703125,0.30517578125,0.03662109375,0.86669921875,-0.06103515625,-0.01220703125,-0.1708984375,1.33056640625,0.146484375,-0.96435546875,-0.0244140625,-0.32958984375,-0.20751953125,-1.025390625,-0.08544921875,-0.74462890625,0.0244140625,-1.47705078125,-0.20751953125,-0.23193359375,0.10986328125,-0.28076171875,0,-1.171875,-0.03662109375,-0.91552734375,-0.37841796875,-0.5615234375,-0.06103515625,-0.830078125,0.08544921875,-0.0732421875,0.03662109375,-0.72021484375,-0.146484375,-1.416015625,0.048828125,-1.0498046875,0.3173828125,0.40283203125,-0.1220703125,0,0.01220703125,-0.35400390625,-0.048828125,-0.2685546875,-0.0244140625,-0.32958984375,-0.146484375,0.03662109375,0.03662109375,0.79345703125,0.13427734375,-0.439453125,0.146484375,-0.48828125
1,-0.15869140625,-0.3662109375,-0.0732421875,-0.30517578125,0.03662109375,-0.390625,0.1708984375,0.048828125,-0.439453125,0.0244140625,-0.30517578125,-0.81787109375,-0.0244140625,1.0498046875,-0.2197265625,-0.18310546875,-0.20751953125,-0.1708984375,0.146484375,0.244140625,0.15869140625,0.86669921875,0,-0.86669921875,-0.0732421875,-0.1708984375,0.048828125,-0.79345703125,0,0.9521484375,0.1220703125,0.244140625,-0.341796875,-0.3173828125,-0.29296875,-0.8544921875,-0.13427734375,-0.42724609375,0.06103515625,-0.7080078125,0.0244140625,-0.1708984375,0.1220703125,-0.634765625,0.09765625,-0.3173828125,-0.1220703125,0.5859375,-0.23193359375,1.220703125,0.10986328125,0.4638671875,-0.03662109375,-0.18310546875,0.29296875,0.74462890625,-0.09765625,0.64697265625,0.0244140625,0.48828125,0.25634765625,0.54931640625,0.25634765625,0.0732421875,0.42724609375,0.2197265625,-0.1708984375,1.0498046875,0.048828125,0.15869140625,-0.18310546875,0.2197265625,0.0732421875,0.29296875,0.01220703125,0.8544921875,0,-0.01220703125,-0.23193359375,1.35498046875,0.10986328125,-0.927734375,-0.0732421875,-0.3173828125,-0.10986328125,-1.0498046875,-0.13427734375,-0.74462890625,0.08544921875,-1.47705078125,-0.1953125,-0.20751953125,-0.03662109375,-0.2685546875,0.03662109375,-1.171875,-0.01220703125,-0.9765625,-0.3662109375,-0.74462890625,-0.09765625,-0.9033203125,0.06103515625,-0.13427734375,-0.06103515625,-0.72021484375,-0.06103515625,-1.42822265625,0.0244140625,-1.03759765625,0.29296875,0.42724609375,-0.08544921875,0.01220703125,0.0244140625,-0.35400390625,-0.06103515625,-0.244140625,0,-0.341796875,-0.146484375,0.03662109375,0.0244140625,0.8056640625,0.1220703125,-0.4150390625,0.146484375,-0.48828125
0,-0.09765625,-0.3662109375,-0.048828125,-0.3173828125,0.0244140625,-0.390625,0.23193359375,0.03662109375,-0.42724609375,-0.01220703125,-0.32958984375,-0.87890625,-0.0244140625,0.9765625,-0.20751953125,-0.20751953125,-0.25634765625,-0.25634765625,0.10986328125,0.1708984375,0.0244140625,0.8056640625,-0.06103515625,-0.96435546875,-0.0244140625,-0.13427734375,0.09765625,-0.76904296875,0.08544921875,0.9521484375,0.0732421875,0.244140625,-0.3173828125,-0.29296875,-0.35400390625,-0.84228515625,-0.2685546875,-0.40283203125,0,-0.69580078125,-0.01220703125,-0.15869140625,0.0244140625,-0.59814453125,0.0732421875,-0.29296875,-0.146484375,0.59814453125,-0.25634765625,1.20849609375,0.1220703125,0.4638671875,0,-0.1708984375,0.3173828125,0.74462890625,-0.1220703125,0.6591796875,0.01220703125,0.48828125,0.244140625,0.5615234375,0.30517578125,0.08544921875,0.341796875,0.20751953125,-0.244140625,1.0498046875,0.048828125,0.15869140625,-0.23193359375,0.20751953125,0.048828125,0.30517578125,0.01220703125,0.84228515625,0.06103515625,-0.01220703125,-0.28076171875,1.35498046875,0.09765625,-0.927734375,-0.13427734375,-0.32958984375,0,-1.01318359375,-0.1953125,-0.7568359375,0.10986328125,-1.4892578125,-0.1708984375,-0.2197265625,-0.1220703125,-0.28076171875,0.06103515625,-1.18408203125,0.06103515625,-1.0498046875,-0.244140625,-0.9521484375,-0.03662109375,-0.927734375,0.0732421875,-0.1953125,-0.18310546875,-0.7568359375,0.048828125,-1.4404296875,-0.01220703125,-1.07421875,0.2685546875,0.4150390625,-0.048828125,0.01220703125,0.01220703125,-0.341796875,-0.048828125,-0.23193359375,0.0244140625,-0.32958984375,-0.146484375,0.03662109375,0.03662109375,0.830078125,0.1220703125,-0.4150390625,0.1708984375,-0.4638671875
0,-0.13427734375,-0.3662109375,-0.03662109375,-0.341796875,0.01220703125,-0.37841796875,0.244140625,0.0244140625,-0.40283203125,-0.06103515625,-0.30517578125,-0.93994140625,-0.03662109375,0.96435546875,-0.1953125,-0.244140625,-0.30517578125,-0.15869140625,0.0732421875,0.25634765625,-0.13427734375,0.91552734375,-0.15869140625,-0.67138671875,-0.0244140625,-0.1220703125,0.1708984375,-0.76904296875,0.09765625,0.96435546875,0.06103515625,0.25634765625,-0.28076171875,-0.28076171875,-0.42724609375,-0.84228515625,-0.3173828125,-0.40283203125,-0.01220703125,-0.69580078125,-0.048828125,-0.13427734375,-0.06103515625,-0.6103515625,0.01220703125,-0.29296875,-0.1220703125,0.6103515625,-0.244140625,1.171875,0.146484375,0.45166015625,0.03662109375,-0.1708984375,0.28076171875,0.7568359375,-0.18310546875,0.64697265625,0.01220703125,0.4638671875,0.23193359375,0.57373046875,0.244140625,0.13427734375,0.25634765625,0.2197265625,-0.29296875,1.0498046875,0.048828125,0.18310546875,-0.2685546875,0.2197265625,-0.0244140625,0.29296875,-0.0244140625,0.84228515625,0.10986328125,0,-0.35400390625,1.3671875,0.08544921875,-0.91552734375,-0.146484375,-0.35400390625,0.08544921875,-1.01318359375,-0.18310546875,-0.74462890625,0.10986328125,-1.50146484375,-0.18310546875,-0.244140625,-0.18310546875,-0.29296875,0.03662109375,-1.18408203125,0.0244140625,-1.08642578125,-0.20751953125,-1.13525390625,-0.13427734375,-0.87890625,-0.01220703125,-0.244140625,-0.28076171875,-0.74462890625,0.18310546875,-1.45263671875,-0.08544921875,-1.06201171875,0.20751953125,0.42724609375,-0.0732421875,0.03662109375,0.01220703125,-0.341796875,-0.06103515625,-0.2197265625,0,-0.32958984375,-0.15869140625,0.0244140625,0.0244140625,0.8544921875,0.10986328125,-0.42724609375,0.18310546875,-0.4638671875
0,-0.146484375,-0.37841796875,-0.03662109375,-0.32958984375,0.0244140625,-0.390625,0.244140625,0.01220703125,-0.390625,-0.048828125,-0.28076171875,-0.9521484375,-0.01220703125,0.9521484375,-0.1220703125,-0.30517578125,-0.341796875,0.13427734375,0.048828125,0.54931640625,-0.28076171875,1.18408203125,-0.146484375,-0.048828125,-0.0244140625,-0.1220703125,0.29296875,-0.76904296875,0.048828125,0.9765625,0.0244140625,0.2685546875,-0.2197265625,-0.29296875,-0.42724609375,-0.84228515625,-0.40283203125,-0.42724609375,-0.03662109375,-0.68359375,-0.1708984375,-0.146484375,-0.0732421875,-0.59814453125,-0.048828125,-0.32958984375,-0.10986328125,0.634765625,-0.1708984375,1.171875,0.1220703125,0.4638671875,0.06103515625,-0.15869140625,0.1953125,0.76904296875,-0.23193359375,0.64697265625,0.0244140625,0.45166015625,0.29296875,0.57373046875,0.13427734375,0.13427734375,0.23193359375,0.2197265625,-0.32958984375,1.0498046875,0.03662109375,0.1953125,-0.28076171875,0.2197265625,-0.048828125,0.30517578125,-0.03662109375,0.81787109375,0.146484375,0,-0.3662109375,1.35498046875,0.03662109375,-0.9033203125,-0.15869140625,-0.341796875,0.1220703125,-0.98876953125,-0.1220703125,-0.74462890625,0.09765625,-1.4892578125,-0.23193359375,-0.25634765625,-0.1708984375,-0.29296875,-0.0732421875,-1.171875,0.08544921875,-1.03759765625,-0.09765625,-1.1962890625,-0.25634765625,-0.81787109375,-0.048828125,-0.23193359375,-0.35400390625,-0.76904296875,0.30517578125,-1.4404296875,-0.1708984375,-1.06201171875,0.15869140625,0.4638671875,-0.048828125,0.06103515625,-0.01220703125,-0.3662109375,-0.0732421875,-0.20751953125,-0.0244140625,-0.35400390625,-0.146484375,0.048828125,0.0244140625,0.87890625,0.0732421875,-0.4150390625,0.18310546875,-0.4638671875
0,-0.15869140625,-0.40283203125,0,-0.3173828125,0.06103515625,-0.390625,0.25634765625,0.01220703125,-0.390625,-0.048828125,-0.2685546875,-0.93994140625,-0.03662109375,0.93994140625,-0.0732421875,-0.3173828125,-0.37841796875,0.62255859375,0.08544921875,1.0009765625,-0.341796875,1.5625,-0.08544921875,0.86669921875,-0.048828125,-0.09765625,0.29296875,-0.78125,-0.03662109375,0.98876953125,0.048828125,0.25634765625,-0.18310546875,-0.2685546875,-0.4150390625,-0.8544921875,-0.439453125,-0.42724609375,-0.03662109375,-0.67138671875,-0.28076171875,-0.1220703125,-0.0244140625,-0.62255859375,-0.1220703125,-0.3173828125,-0.13427734375,0.64697265625,-0.09765625,1.13525390625,0.10986328125,0.47607421875,0.06103515625,-0.1220703125,0.1708984375,0.7568359375,-0.28076171875,0.62255859375,0.0244140625,0.45166015625,0.30517578125,0.5615234375,0.0732421875,0.1708984375,0.1220703125,0.2197265625,-0.341796875,1.025390625,0.03662109375,0.2197265625,-0.3173828125,0.23193359375,-0.06103515625,0.28076171875,-0.0732421875,0.84228515625,0.08544921875,0.0244140625,-0.32958984375,1.35498046875,0,-0.9033203125,-0.15869140625,-0.35400390625,0.1220703125,-0.9765625,-0.06103515625,-0.74462890625,0.0732421875,-1.50146484375,-0.2685546875,-0.2685546875,-0.0732421875,-0.29296875,-0.1708984375,-1.18408203125,0.1220703125,-0.93994140625,0.0244140625,-1.13525390625,-0.25634765625,-0.74462890625,0.0244140625,-0.15869140625,-0.3662109375,-0.7568359375,0.37841796875,-1.46484375,-0.23193359375,-1.03759765625,0.15869140625,0.42724609375,-0.0244140625,0.0732421875,0,-0.341796875,-0.048828125,-0.23193359375,-0.06103515625,-0.341796875,-0.146484375,0.03662109375,0,0.89111328125,0.0732421875,-0.45166015625,0.1953125,-0.4638671875
0,-0.18310546875,-0.40283203125,0,-0.30517578125,0.06103515625,-0.40283203125,0.2197265625,-0.01220703125,-0.341796875,0.01220703125,-0.30517578125,-0.9033203125,-0.048828125,0.98876953125,0.10986328125,-0.341796875,-0.341796875,1.23291015625,0.1220703125,1.611328125,-0.29296875,2.05078125,-0.09765625,1.98974609375,-0.09765625,-0.09765625,0.28076171875,-0.76904296875,-0.146484375,0.98876953125,0.09765625,0.25634765625,-0.0732421875,-0.29296875,-0.30517578125,-0.8544921875,-0.45166015625,-0.439453125,-0.048828125,-0.69580078125,-0.35400390625,-0.10986328125,0.0244140625,-0.62255859375,-0.20751953125,-0.3662109375,-0.1220703125,0.64697265625,-0.01220703125,1.123046875,0.048828125,0.4638671875,0.0244140625,-0.13427734375,0.1708984375,0.76904296875,-0.29296875,0.62255859375,0.0732421875,0.42724609375,0.3173828125,0.54931640625,0.0244140625,0.1708984375,0,0.2197265625,-0.30517578125,1.0498046875,0.0244140625,0.23193359375,-0.341796875,0.23193359375,-0.09765625,0.3173828125,-0.0732421875,0.8056640625,0.09765625,0.0244140625,-0.3173828125,1.3427734375,0.01220703125,-0.927734375,-0.1220703125,-0.341796875,0.0732421875,-0.98876953125,0.048828125,-0.7568359375,0.048828125,-1.50146484375,-0.29296875,-0.25634765625,0.048828125,-0.30517578125,-0.28076171875,-1.171875,0.0244140625,-0.76904296875,0,-0.91552734375,-0.341796875,-0.62255859375,-0.0244140625,-0.0244140625,-0.2685546875,-0.732421875,0.37841796875,-1.46484375,-0.2685546875,-1.06201171875,0.1220703125,0.42724609375,-0.0244140625,0.048828125,-0.01220703125,-0.3662109375,-0.06103515625,-0.244140625,-0.08544921875,-0.3173828125,-0.146484375,0.03662109375,0,0.927734375,0.03662109375,-0.45166015625,0.18310546875,-0.47607421875
0,-0.1953125,-0.40283203125,0,-0.32958984375,0.09765625,-0.42724609375,0.20751953125,-0.01220703125,-0.3173828125,0.0732421875,-0.30517578125,-0.81787109375,-0.0732421875,1.0498046875,0.1708984375,-0.341796875,-0.3173828125,1.96533203125,0.13427734375,2.294921875,-0.23193359375,2.60009765625,-0.048828125,3.25927734375,-0.1220703125,-0.08544921875,0.29296875,-0.76904296875,-0.25634765625,0.96435546875,0.09765625,0.28076171875,-0.0244140625,-0.28076171875,-0.1708984375,-0.86669921875,-0.4150390625,-0.439453125,-0.048828125,-0.69580078125,-0.390625,-0.1220703125,0.08544921875,-0.62255859375,-0.28076171875,-0.3662109375,-0.146484375,0.64697265625,0.06103515625,1.123046875,-0.0244140625,0.47607421875,0.03662109375,-0.13427734375,0.15869140625,0.78125,-0.2685546875,0.62255859375,0.15869140625,0.42724609375,0.29296875,0.5126953125,0.06103515625,0.18310546875,-0.0732421875,0.244140625,-0.2685546875,1.03759765625,0.01220703125,0.23193359375,-0.35400390625,0.2197265625,-0.13427734375,0.30517578125,-0.09765625,0.81787109375,0.09765625,0.03662109375,-0.25634765625,1.3427734375,0,-0.93994140625,-0.048828125,-0.341796875,0.0244140625,-1.0009765625,0.146484375,-0.78125,0.03662109375,-1.47705078125,-0.32958984375,-0.2685546875,0.1953125,-0.3173828125,-0.30517578125,-1.171875,-0.03662109375,-0.5859375,-0.01220703125,-0.634765625,-0.341796875,-0.48828125,0,0.1708984375,-0.146484375,-0.732421875,0.35400390625,-1.46484375,-0.2685546875,-1.0498046875,0.09765625,0.4150390625,-0.03662109375,0.03662109375,0.01220703125,-0.35400390625,-0.06103515625,-0.28076171875,-0.09765625,-0.3173828125,-0.1708984375,0.03662109375,0,0.9033203125,0.048828125,-0.47607421875,0.1953125,-0.47607421875
0,-0.18310546875,-0.40283203125,0,-0.30517578125,0.09765625,-0.439453125,0.1953125,-0.01220703125,-0.32958984375,0.10986328125,-0.3173828125,-0.78125,-0.10986328125,1.123046875,0.28076171875,-0.3173828125,-0.2685546875,2.7587890625,0.18310546875,3.03955078125,-0.1220703125,3.173828125,-0.10986328125,4.541015625,-0.13427734375,-0.08544921875,0.2197265625,-0.76904296875,-0.341796875,0.9521484375,0.03662109375,0.25634765625,-0.03662109375,-0.29296875,-0.048828125,-0.87890625,-0.37841796875,-0.439453125,-0.0732421875,-0.68359375,-0.32958984375,-0.146484375,0.146484375,-0.62255859375,-0.32958984375,-0.40283203125,-0.146484375,0.6103515625,0.10986328125,1.13525390625,-0.06103515625,0.4638671875,0,-0.1708984375,0.13427734375,0.76904296875,-0.3173828125,0.634765625,0.18310546875,0.4150390625,0.28076171875,0.48828125,0.048828125,0.15869140625,-0.146484375,0.25634765625,-0.25634765625,1.03759765625,-0.0244140625,0.2197265625,-0.32958984375,0.20751953125,-0.18310546875,0.32958984375,-0.10986328125,0.8056640625,0.09765625,0.048828125,-0.146484375,1.318359375,0.01220703125,-0.91552734375,0.0244140625,-0.32958984375,-0.0244140625,-0.98876953125,0.2685546875,-0.74462890625,0.0244140625,-1.47705078125,-0.37841796875,-0.25634765625,0.30517578125,-0.29296875,-0.28076171875,-1.15966796875,-0.13427734375,-0.32958984375,-0.048828125,-0.3173828125,-0.25634765625,-0.341796875,0,0.37841796875,0.0244140625,-0.72021484375,0.30517578125,-1.4404296875,-0.20751953125,-1.025390625,0.08544921875,0.40283203125,-0.048828125,0.03662109375,0.03662109375,-0.3662109375,-0.0732421875,-0.30517578125,-0.09765625,-0.30517578125,-0.18310546875,0.0732421875,0,0.89111328125,0.06103515625,-0.4638671875,0.1708984375,-0.48828125
0,-0.20751953125,-0.40283203125,-0.01220703125,-0.30517578125,0.09765625,-0.42724609375,0.15869140625,-0.0244140625,-0.341796875,0.13427734375,-0.3173828125,-0.732421875,-0.146484375,1.1474609375,0.18310546875,-0.29296875,-0.23193359375,3.515625,0.1953125,3.79638671875,0.01220703125,3.6865234375,-0.13427734375,5.7373046875,-0.08544921875,-0.09765625,0.0732421875,-0.76904296875,-0.37841796875,0.9521484375,-0.06103515625,0.2685546875,-0.03662109375,-0.3173828125,0.0244140625,-0.86669921875,-0.25634765625,-0.42724609375,-0.10986328125,-0.7080078125,-0.25634765625,-0.1708984375,0.13427734375,-0.62255859375,-0.35400390625,-0.40283203125,-0.1220703125,0.62255859375,0.146484375,1.171875,-0.09765625,0.45166015625,-0.0244140625,-0.18310546875,0.10986328125,0.74462890625,-0.30517578125,0.6103515625,0.23193359375,0.439453125,0.15869140625,0.4638671875,0.08544921875,0.146484375,-0.18310546875,0.244140625,-0.23193359375,1.0498046875,-0.048828125,0.1953125,-0.30517578125,0.20751953125,-0.1953125,0.341796875,-0.09765625,0.78125,0.09765625,0.03662109375,-0.0732421875,1.318359375,0.0244140625,-0.93994140625,0.09765625,-0.30517578125,-0.048828125,-0.9765625,0.32958984375,-0.74462890625,0.0244140625,-1.4892578125,-0.390625,-0.2685546875,0.390625,-0.30517578125,-0.1953125,-1.18408203125,-0.20751953125,-0.09765625,-0.1953125,0.01220703125,-0.25634765625,-0.23193359375,-0.048828125,0.5859375,0.2197265625,-0.7080078125,0.23193359375,-1.45263671875,-0.13427734375,-1.025390625,0.03662109375,0.40283203125,-0.08544921875,0.0244140625,0.03662109375,-0.37841796875,-0.048828125,-0.3173828125,-0.08544921875,-0.29296875,-0.1953125,0.03662109375,0.01220703125,0.86669921875,0.09765625,-0.47607421875,0.15869140625,-0.50048828125
0,-0.25634765625,-0.40283203125,-0.0244140625,-0.30517578125,0.10986328125,-0.42724609375,0.13427734375,-0.01220703125,-0.32958984375,0.146484375,-0.244140625,-0.732421875,-0.13427734375,1.1474609375,0.18310546875,-0.2685546875,-0.23193359375,4.2236328125,0.1953125,4.4677734375,0.1220703125,4.16259765625,-0.1708984375,6.79931640625,-0.03662109375,-0.1220703125,-0.01220703125,-0.76904296875,-0.37841796875,0.93994140625,-0.15869140625,0.28076171875,-0.10986328125,-0.30517578125,0.0732421875,-0.89111328125,-0.146484375,-0.4150390625,-0.09765625,-0.67138671875,-0.1953125,-0.1708984375,0.15869140625,-0.6103515625,-0.30517578125,-0.390625,-0.13427734375,0.59814453125,0.09765625,1.20849609375,-0.10986328125,0.45166015625,-0.0732421875,-0.20751953125,0.09765625,0.7568359375,-0.244140625,0.6103515625,0.28076171875,0.439453125,0.0732421875,0.45166015625,0.09765625,0.10986328125,-0.23193359375,0.25634765625,-0.20751953125,1.06201171875,-0.048828125,0.1708984375,-0.25634765625,0.2197265625,-0.20751953125,0.32958984375,-0.13427734375,0.81787109375,0.06103515625,0.03662109375,0.03662109375,1.33056640625,0.03662109375,-0.9521484375,0.13427734375,-0.32958984375,-0.08544921875,-0.98876953125,0.30517578125,-0.74462890625,0.048828125,-1.50146484375,-0.35400390625,-0.2197265625,0.32958984375,-0.29296875,-0.08544921875,-1.1474609375,-0.23193359375,0.08544921875,-0.29296875,0.25634765625,-0.1953125,-0.13427734375,-0.03662109375,0.74462890625,0.30517578125,-0.69580078125,0.1708984375,-1.4404296875,-0.03662109375,-1.01318359375,0.03662109375,0.4150390625,-0.08544921875,0.0244140625,0.01220703125,-0.40283203125,-0.06103515625,-0.3173828125,-0.06103515625,-0.28076171875,-0.18310546875,0.03662109375,0.0244140625,0.8544921875,0.09765625,-0.47607421875,0.10986328125,-0.5126953125
0,-0.23193359375,-0.37841796875,-0.03662109375,-0.29296875,0.10986328125,-0.4150390625,0.10986328125,0.01220703125,-0.28076171875,0.08544921875,-0.23193359375,-0.78125,-0.09765625,1.08642578125,0.18310546875,-0.244140625,-0.1708984375,4.79736328125,0.2685546875,5.04150390625,0.20751953125,4.541015625,-0.048828125,7.6904296875,0.0244140625,-0.1220703125,-0.09765625,-0.76904296875,-0.32958984375,0.927734375,-0.1953125,0.2685546875,-0.20751953125,-0.28076171875,0.08544921875,-0.89111328125,-0.03662109375,-0.40283203125,-0.1220703125,-0.64697265625,-0.09765625,-0.1953125,0.146484375,-0.62255859375,-0.20751953125,-0.390625,-0.1708984375,0.59814453125,0.01220703125,1.20849609375,-0.10986328125,0.45166015625,-0.15869140625,-0.1953125,0.0732421875,0.74462890625,-0.18310546875,0.6103515625,0.3173828125,0.4638671875,0.0244140625,0.45166015625,0.01220703125,0.10986328125,-0.2685546875,0.25634765625,-0.13427734375,1.03759765625,-0.0732421875,0.1708984375,-0.25634765625,0.23193359375,-0.244140625,0.32958984375,-0.1220703125,0.81787109375,0.048828125,0.03662109375,0.10986328125,1.33056640625,0.0732421875,-0.9521484375,0.146484375,-0.32958984375,-0.13427734375,-0.98876953125,0.244140625,-0.732421875,0.048828125,-1.4892578125,-0.29296875,-0.23193359375,0.29296875,-0.28076171875,0.06103515625,-1.15966796875,-0.23193359375,0.1708984375,-0.3662109375,0.4150390625,-0.09765625,-0.10986328125,0,0.86669921875,0.3173828125,-0.68359375,0.146484375,-1.4404296875,0.0732421875,-1.025390625,0.06103515625,0.40283203125,-0.09765625,0.03662109375,0,-0.4150390625,-0.06103515625,-0.32958984375,-0.03662109375,-0.30517578125,-0.1953125,0.0244140625,0.03662109375,0.84228515625,0.09765625,-0.45166015625,0.09765625,-0.52490234375
0,-0.2685546875,-0.390625,-0.03662109375,-0.30517578125,0.10986328125,-0.40283203125,0.10986328125,0.0244140625,-0.30517578125,0.0244140625,-0.18310546875,-0.81787109375,-0.0732421875,1.01318359375,0.1953125,-0.23193359375,-0.15869140625,5.2490234375,0.30517578125,5.4443359375,0.2197265625,4.8095703125,-0.06103515625,8.349609375,0.0244140625,-0.15869140625,-0.10986328125,-0.78125,-0.244140625,0.927734375,-0.20751953125,0.28076171875,-0.25634765625,-0.28076171875,0.03662109375,-0.89111328125,0.03662109375,-0.4150390625,-0.1220703125,-0.62255859375,0.01220703125,-0.2197265625,0.09765625,-0.6103515625,-0.08544921875,-0.37841796875,-0.20751953125,0.5859375,-0.06103515625,1.220703125,-0.09765625,0.4638671875,-0.146484375,-0.1708984375,0.01220703125,0.74462890625,-0.10986328125,0.62255859375,0.3173828125,0.47607421875,-0.03662109375,0.47607421875,-0.08544921875,0.10986328125,-0.3173828125,0.28076171875,-0.06103515625,1.0498046875,-0.048828125,0.146484375,-0.25634765625,0.25634765625,-0.244140625,0.32958984375,-0.10986328125,0.830078125,0.03662109375,0.048828125,0.15869140625,1.3427734375,0.08544921875,-0.927734375,0.146484375,-0.30517578125,-0.13427734375,-0.98876953125,0.13427734375,-0.7080078125,0.06103515625,-1.50146484375,-0.244140625,-0.2197265625,0.2197265625,-0.2685546875,0.1708984375,-1.1474609375,-0.23193359375,0.1953125,-0.32958984375,0.42724609375,-0.0244140625,-0.08544921875,0.06103515625,0.927734375,0.20751953125,-0.732421875,0.146484375,-1.4404296875,0.15869140625,-1.01318359375,0.0732421875,0.42724609375,-0.0732421875,0.0244140625,0,-0.40283203125,-0.0732421875,-0.32958984375,-0.048828125,-0.29296875,-0.20751953125,0.0244140625,0.0244140625,0.84228515625,0.09765625,-0.45166015625,0.06103515625,-0.52490234375
0,-0.244140625,-0.3662109375,-0.03662109375,-0.29296875,0.1220703125,-0.40283203125,0.10986328125,0.03662109375,-0.28076171875,-0.0732421875,-0.13427734375,-0.89111328125,-0.03662109375,0.927734375,0.18310546875,-0.18310546875,-0.09765625,5.52978515625,0.341796875,5.6884765625,0.15869140625,4.96826171875,-0.048828125,8.75244140625,-0.01220703125,-0.146484375,-0.10986328125,-0.76904296875,-0.1708984375,0.927734375,-0.146484375,0.2685546875,-0.30517578125,-0.2685546875,0.0244140625,-0.9033203125,0.08544921875,-0.40283203125,-0.13427734375,-0.6103515625,0.1220703125,-0.23193359375,0.06103515625,-0.62255859375,0.03662109375,-0.3662109375,-0.25634765625,0.5859375,-0.1708984375,1.1962890625,-0.0732421875,0.4638671875,-0.20751953125,-0.15869140625,-0.048828125,0.7568359375,-0.03662109375,0.634765625,0.25634765625,0.47607421875,-0.03662109375,0.5126953125,-0.15869140625,0.10986328125,-0.2685546875,0.30517578125,-0.0244140625,1.0498046875,-0.048828125,0.18310546875,-0.30517578125,0.28076171875,-0.244140625,0.32958984375,-0.0732421875,0.8544921875,0.01220703125,0.0244140625,0.146484375,1.37939453125,0.08544921875,-0.927734375,0.13427734375,-0.3173828125,-0.09765625,-0.98876953125,-0.03662109375,-0.7080078125,0.06103515625,-1.513671875,-0.1708984375,-0.20751953125,0.13427734375,-0.244140625,0.29296875,-1.13525390625,-0.20751953125,0.146484375,-0.29296875,0.341796875,0.048828125,-0.10986328125,0.1220703125,0.87890625,0.0244140625,-0.7568359375,0.15869140625,-1.42822265625,0.23193359375,-1.01318359375,0.1220703125,0.439453125,-0.06103515625,0.048828125,-0.0244140625,-0.40283203125,-0.06103515625,-0.32958984375,-0.06103515625,-0.30517578125,-0.1953125,0.0244140625,0.03662109375,0.84228515625,0.048828125,-0.4638671875,0.06103515625,-0.5126953125
0,-0.2197265625,-0.35400390625,-0.01220703125,-0.3173828125,0.1220703125,-0.390625,0.146484375,0.03662109375,-0.2685546875,-0.1708984375,-0.08544921875,-0.93994140625,-0.01220703125,0.8544921875,0.146484375,-0.09765625,-0.146484375,5.60302734375,0.341796875,5.74951171875,0.06103515625,4.96826171875,0.01220703125,8.837890625,-0.0732421875,-0.15869140625,-0.06103515625,-0.78125,-0.09765625,0.9521484375,-0.048828125,0.2685546875,-0.30517578125,-0.244140625,-0.0244140625,-0.87890625,0.10986328125,-0.390625,-0.1220703125,-0.54931640625,0.2685546875,-0.2197265625,0.0244140625,-0.634765625,0.1708984375,-0.341796875,-0.25634765625,0.59814453125,-0.20751953125,1.18408203125,-0.03662109375,0.50048828125,-0.25634765625,-0.15869140625,-0.08544921875,0.78125,0,0.6591796875,0.1953125,0.47607421875,-0.06103515625,0.54931640625,-0.20751953125,0.146484375,-0.25634765625,0.3173828125,0.0244140625,1.03759765625,0,0.18310546875,-0.32958984375,0.3173828125,-0.2197265625,0.32958984375,-0.06103515625,0.8056640625,0.01220703125,0.0244140625,0.13427734375,1.3916015625,0.08544921875,-0.9033203125,0.09765625,-0.28076171875,-0.0732421875,-0.96435546875,-0.15869140625,-0.7080078125,0.0732421875,-1.513671875,-0.0732421875,-0.2197265625,0.09765625,-0.244140625,0.32958984375,-1.13525390625,-0.1708984375,0.06103515625,-0.2197265625,0.18310546875,0.0732421875,-0.15869140625,0.1708984375,0.79345703125,-0.1708984375,-0.76904296875,0.18310546875,-1.4404296875,0.2685546875,-1.0009765625,0.10986328125,0.4638671875,-0.03662109375,0.048828125,-0.01220703125,-0.4150390625,-0.08544921875,-0.3173828125,-0.06103515625,-0.32958984375,-0.18310546875,0.03662109375,0.03662109375,0.8544921875,0.0244140625,-0.45166015625,0.06103515625,-0.5126953125
0,-0.1953125,-0.35400390625,0,-0.3173828125,0.1220703125,-0.390625,0.15869140625,0.01220703125,-0.244140625,-0.18310546875,-0.06103515625,-0.9521484375,0.03662109375,0.84228515625,0.10986328125,0.09765625,-0.23193359375,5.46875,0.35400390625,5.5908203125,-0.06103515625,4.84619140625,0.08544921875,8.6181640625,-0.18310546875,-0.13427734375,0,-0.78125,-0.03662109375,0.96435546875,0.048828125,0.28076171875,-0.32958984375,-0.23193359375,-0.09765625,-0.89111328125,0.06103515625,-0.40283203125,-0.0732421875,-0.52490234375,0.30517578125,-0.1953125,0.048828125,-0.6103515625,0.23193359375,-0.35400390625,-0.244140625,0.634765625,-0.2197265625,1.15966796875,-0.0244140625,0.50048828125,-0.30517578125,-0.10986328125,-0.10986328125,0.79345703125,0.08544921875,0.67138671875,0.20751953125,0.439453125,0,0.5859375,-0.244140625,0.15869140625,-0.23193359375,0.341796875,0.10986328125,1.07421875,0.06103515625,0.1953125,-0.341796875,0.30517578125,-0.1708984375,0.32958984375,-0.0244140625,0.81787109375,0,0.03662109375,0.09765625,1.40380859375,0.06103515625,-0.87890625,0.048828125,-0.28076171875,-0.09765625,-0.9765625,-0.2685546875,-0.7080078125,0.10986328125,-1.50146484375,-0.01220703125,-0.2197265625,0.09765625,-0.25634765625,0.341796875,-1.1474609375,-0.13427734375,-0.08544921875,-0.15869140625,0.01220703125,-0.01220703125,-0.28076171875,0.1708984375,0.69580078125,-0.3662109375,-0.74462890625,0.18310546875,-1.42822265625,0.23193359375,-0.98876953125,0.13427734375,0.48828125,-0.03662109375,0.048828125,-0.01220703125,-0.390625,-0.06103515625,-0.29296875,-0.03662109375,-0.32958984375,-0.18310546875,0.048828125,0.048828125,0.87890625,0,-0.45166015625,0.08544921875,-0.50048828125
1,-0.20751953125,-0.35400390625,-0.0244140625,-0.32958984375,0.10986328125,-0.37841796875,0.18310546875,0.0244140625,-0.2197265625,-0.1220703125,-0.01220703125,-0.87890625,0.06103515625,0.86669921875,0.1220703125,0.45166015625,-0.32958984375,5.17578125,0.29296875,5.2490234375,-0.15869140625,4.60205078125,0.1220703125,8.10546875,-0.2685546875,-0.1220703125,0.1220703125,-0.79345703125,-0.0244140625,0.96435546875,0.146484375,0.2685546875,-0.3662109375,-0.2197265625,-0.1220703125,-0.86669921875,0.0244140625,-0.3662109375,-0.0732421875,-0.50048828125,0.2685546875,-0.18310546875,0.048828125,-0.62255859375,0.25634765625,-0.37841796875,-0.1953125,0.62255859375,-0.1708984375,1.1474609375,0.0244140625,0.47607421875,-0.35400390625,-0.08544921875,-0.1220703125,0.78125,0.0732421875,0.6591796875,0.23193359375,0.45166015625,-0.08544921875,0.59814453125,-0.2685546875,0.15869140625,-0.146484375,0.341796875,0.1708984375,1.06201171875,0.0732421875,0.20751953125,-0.35400390625,0.29296875,-0.10986328125,0.3173828125,0,0.8056640625,-0.0244140625,0.048828125,0.03662109375,1.40380859375,0.03662109375,-0.87890625,0.0244140625,-0.28076171875,-0.15869140625,-0.98876953125,-0.2685546875,-0.72021484375,0.1220703125,-1.52587890625,0.0244140625,-0.2197265625,0.1220703125,-0.2685546875,0.29296875,-1.15966796875,-0.0732421875,-0.2685546875,-0.0732421875,-0.15869140625,-0.08544921875,-0.40283203125,0.20751953125,0.5615234375,-0.48828125,-0.7568359375,0.15869140625,-1.4404296875,0.146484375,-0.98876953125,0.146484375,0.48828125,-0.0244140625,0.03662109375,0,-0.3662109375,-0.048828125,-0.28076171875,-0.0732421875,-0.341796875,-0.15869140625,0.06103515625,0.048828125,0.8544921875,0,-0.47607421875,0.08544921875,-0.5126953125
1,-0.2197265625,-0.341796875,-0.0244140625,-0.341796875,0.08544921875,-0.37841796875,0.2197265625,-0.01220703125,-0.1953125,0.03662109375,-0.0244140625,-0.74462890625,0.10986328125,1.01318359375,0.03662109375,1.0009765625,-0.390625,4.6875,0.28076171875,4.7607421875,-0.1953125,4.21142578125,0.1220703125,7.28759765625,-0.32958984375,-0.10986328125,0.1953125,-0.78125,0.01220703125,0.9521484375,0.20751953125,0.2685546875,-0.390625,-0.244140625,-0.1708984375,-0.8544921875,-0.048828125,-0.37841796875,-0.0244140625,-0.48828125,0.18310546875,-0.15869140625,0.08544921875,-0.634765625,0.25634765625,-0.4150390625,-0.1220703125,0.64697265625,-0.13427734375,1.123046875,0.08544921875,0.48828125,-0.37841796875,-0.06103515625,-0.10986328125,0.79345703125,0.0732421875,0.6591796875,0.30517578125,0.4150390625,-0.0732421875,0.6103515625,-0.30517578125,0.15869140625,-0.0244140625,0.35400390625,0.1953125,1.06201171875,0.1220703125,0.244140625,-0.32958984375,0.2685546875,-0.1220703125,0.3173828125,0.0244140625,0.78125,-0.06103515625,0.048828125,0,1.40380859375,-0.01220703125,-0.89111328125,-0.0244140625,-0.29296875,-0.20751953125,-0.98876953125,-0.2197265625,-0.732421875,0.10986328125,-1.513671875,0.01220703125,-0.23193359375,0.18310546875,-0.29296875,0.15869140625,-1.18408203125,0.01220703125,-0.4150390625,-0.01220703125,-0.29296875,-0.13427734375,-0.50048828125,0.20751953125,0.48828125,-0.50048828125,-0.74462890625,0.08544921875,-1.40380859375,0.03662109375,-1.0009765625,0.13427734375,0.4638671875,-0.01220703125,0.0244140625,-0.01220703125,-0.341796875,-0.06103515625,-0.28076171875,-0.08544921875,-0.3662109375,-0.146484375,0.048828125,0.0244140625,0.830078125,-0.01220703125,-0.48828125,0.09765625,-0.50048828125
1,-0.1708984375,-0.35400390625,-0.0244140625,-0.341796875,0.09765625,-0.390625,0.25634765625,-0.01220703125,-0.15869140625,0.28076171875,-0.01220703125,-0.537109375,0.1220703125,1.20849609375,0.03662109375,1.7822265625,-0.439453125,4.0283203125,0.23193359375,4.1015625,-0.23193359375,3.72314453125,0.03662109375,6.2255859375,-0.35400390625,-0.09765625,0.25634765625,-0.78125,0,0.96435546875,0.28076171875,0.2685546875,-0.4638671875,-0.23193359375,-0.18310546875,-0.86669921875,-0.10986328125,-0.390625,-0.0244140625,-0.50048828125,0.01220703125,-0.15869140625,0.13427734375,-0.6591796875,0.18310546875,-0.42724609375,-0.0732421875,0.6591796875,-0.06103515625,1.13525390625,0.13427734375,0.47607421875,-0.42724609375,-0.08544921875,-0.10986328125,0.78125,0.01220703125,0.64697265625,0.341796875,0.40283203125,-0.08544921875,0.5859375,-0.20751953125,0.1708984375,0.146484375,0.32958984375,0.1708984375,1.07421875,0.09765625,0.2685546875,-0.3173828125,0.25634765625,-0.08544921875,0.32958984375,0.08544921875,0.78125,-0.09765625,0.08544921875,-0.03662109375,1.3916015625,-0.03662109375,-0.87890625,-0.0732421875,-0.29296875,-0.244140625,-0.98876953125,-0.13427734375,-0.7568359375,0.1220703125,-1.513671875,-0.0244140625,-0.244140625,0.244140625,-0.3173828125,0.01220703125,-1.1474609375,0.09765625,-0.50048828125,0.0244140625,-0.35400390625,-0.146484375,-0.57373046875,0.20751953125,0.390625,-0.4150390625,-0.7080078125,-0.01220703125,-1.40380859375,-0.06103515625,-1.0009765625,0.09765625,0.439453125,0.01220703125,0,-0.01220703125,-0.341796875,-0.06103515625,-0.28076171875,-0.0732421875,-0.341796875,-0.15869140625,0.06103515625,0.01220703125,0.81787109375,-0.048828125,-0.50048828125,0.08544921875,-0.5126953125
1,-0.13427734375,-0.32958984375,0,-0.32958984375,0.10986328125,-0.390625,0.29296875,0.01220703125,-0.13427734375,0.6103515625,0,-0.25634765625,0.146484375,1.50146484375,-0.048828125,2.77099609375,-0.45166015625,3.2470703125,0.20751953125,3.33251953125,-0.18310546875,3.16162109375,-0.1708984375,4.9560546875,-0.29296875,-0.10986328125,0.2685546875,-0.8056640625,0.01220703125,0.9521484375,0.30517578125,0.25634765625,-0.50048828125,-0.244140625,-0.18310546875,-0.8544921875,-0.15869140625,-0.390625,-0.09765625,-0.537109375,-0.1953125,-0.13427734375,0.13427734375,-0.634765625,0.08544921875,-0.42724609375,-0.0732421875,0.6591796875,0.03662109375,1.1474609375,0.1708984375,0.4638671875,-0.4150390625,-0.09765625,-0.13427734375,0.7568359375,-0.048828125,0.64697265625,0.40283203125,0.40283203125,-0.10986328125,0.5615234375,-0.1220703125,0.15869140625,0.23193359375,0.341796875,0.1953125,1.08642578125,0.08544921875,0.244140625,-0.2685546875,0.23193359375,-0.08544921875,0.32958984375,0.1220703125,0.76904296875,-0.1220703125,0.06103515625,-0.0732421875,1.3916015625,-0.03662109375,-0.9033203125,-0.10986328125,-0.30517578125,-0.25634765625,-0.98876953125,0,-0.76904296875,0.10986328125,-1.513671875,-0.08544921875,-0.25634765625,0.23193359375,-0.3173828125,-0.1220703125,-1.1474609375,0.1708984375,-0.54931640625,0.08544921875,-0.3662109375,-0.2197265625,-0.6591796875,0.2197265625,0.341796875,-0.28076171875,-0.6591796875,-0.1220703125,-1.40380859375,-0.09765625,-1.025390625,0.0732421875,0.4150390625,0.0244140625,0,0,-0.30517578125,-0.06103515625,-0.28076171875,-0.09765625,-0.341796875,-0.15869140625,0.03662109375,0.0244140625,0.830078125,-0.048828125,-0.50048828125,0.0732421875,-0.5126953125
1,-0.1220703125,-0.32958984375,0.0244140625,-0.3173828125,0.08544921875,-0.390625,0.32958984375,0.01220703125,-0.15869140625,0.9765625,0,0.06103515625,0.146484375,1.84326171875,-0.08544921875,3.8818359375,-0.50048828125,2.40478515625,0.1708984375,2.5146484375,-0.2197265625,2.5390625,-0.4150390625,3.57666015625,-0.244140625,-0.1220703125,0.2197265625,-0.79345703125,0.0244140625,0.96435546875,0.30517578125,0.25634765625,-0.48828125,-0.244140625,-0.15869140625,-0.87890625,-0.23193359375,-0.37841796875,-0.1220703125,-0.57373046875,-0.35400390625,-0.13427734375,0.10986328125,-0.64697265625,-0.06103515625,-0.42724609375,-0.048828125,0.64697265625,0.0732421875,1.15966796875,0.13427734375,0.4638671875,-0.3662109375,-0.1220703125,-0.15869140625,0.7568359375,-0.1220703125,0.62255859375,0.42724609375,0.4150390625,-0.09765625,0.52490234375,0.0244140625,0.10986328125,0.244140625,0.30517578125,0.1953125,1.07421875,0.08544921875,0.2685546875,-0.20751953125,0.1953125,-0.08544921875,0.32958984375,0.13427734375,0.8056640625,-0.13427734375,0.0732421875,-0.146484375,1.3671875,-0.03662109375,-0.91552734375,-0.146484375,-0.32958984375,-0.244140625,-1.01318359375,0.08544921875,-0.76904296875,0.10986328125,-1.52587890625,-0.1708984375,-0.30517578125,0.18310546875,-0.3173828125,-0.23193359375,-1.13525390625,0.25634765625,-0.5615234375,0.08544921875,-0.3173828125,-0.15869140625,-0.72021484375,0.18310546875,0.32958984375,-0.10986328125,-0.64697265625,-0.1953125,-1.416015625,-0.09765625,-1.01318359375,0.03662109375,0.4150390625,0.03662109375,-0.01220703125,-0.01220703125,-0.3173828125,-0.0732421875,-0.2685546875,-0.10986328125,-0.32958984375,-0.1708984375,0.0244140625,0.03662109375,0.81787109375,0,-0.52490234375,0.048828125,-0.50048828125
1,-0.13427734375,-0.35400390625,0,-0.29296875,0.048828125,-0.4150390625,0.32958984375,0.0244140625,-0.20751953125,1.35498046875,0.0244140625,0.4150390625,0.1220703125,2.13623046875,0.03662109375,5.078125,-0.54931640625,1.52587890625,0.1220703125,1.67236328125,-0.2197265625,1.94091796875,-0.62255859375,2.2216796875,-0.18310546875,-0.1220703125,0.18310546875,-0.79345703125,0.048828125,0.93994140625,0.23193359375,0.244140625,-0.439453125,-0.244140625,-0.10986328125,-0.86669921875,-0.3173828125,-0.37841796875,-0.15869140625,-0.634765625,-0.42724609375,-0.13427734375,0.048828125,-0.634765625,-0.18310546875,-0.40283203125,-0.06103515625,0.634765625,0.09765625,1.18408203125,0.08544921875,0.45166015625,-0.3173828125,-0.13427734375,-0.20751953125,0.74462890625,-0.23193359375,0.634765625,0.4638671875,0.4150390625,-0.01220703125,0.47607421875,0.1953125,0.09765625,0.30517578125,0.30517578125,0.2197265625,1.07421875,0.0244140625,0.23193359375,-0.146484375,0.18310546875,-0.048828125,0.341796875,0.15869140625,0.830078125,-0.146484375,0.06103515625,-0.1708984375,1.35498046875,-0.03662109375,-0.9521484375,-0.13427734375,-0.35400390625,-0.15869140625,-1.01318359375,0.146484375,-0.79345703125,0.08544921875,-1.52587890625,-0.244140625,-0.28076171875,0.08544921875,-0.30517578125,-0.2197265625,-1.1474609375,0.2197265625,-0.54931640625,0.01220703125,-0.25634765625,-0.20751953125,-0.732421875,0.01220703125,0.32958984375,0.0244140625,-0.64697265625,-0.15869140625,-1.42822265625,-0.1220703125,-1.03759765625,-0.0244140625,0.37841796875,0.048828125,-0.01220703125,-0.0244140625,-0.32958984375,-0.06103515625,-0.244140625,-0.1220703125,-0.30517578125,-0.1708984375,0,0.0244140625,0.830078125,-0.01220703125,-0.48828125,0.0244140625,-0.50048828125
1,-0.146484375,-0.3662109375,0.01220703125,-0.30517578125,0.048828125,-0.40283203125,0.3173828125,0.03662109375,-0.23193359375,1.6845703125,-0.01220703125,0.7080078125,0.146484375,2.45361328125,0.146484375,6.26220703125,-0.5126953125,0.67138671875,0.10986328125,0.89111328125,-0.244140625,1.3671875,-0.74462890625,0.9521484375,-0.06103515625,-0.13427734375,0.1220703125,-0.79345703125,0.06103515625,0.927734375,0.15869140625,0.23193359375,-0.35400390625,-0.2685546875,-0.10986328125,-0.89111328125,-0.3173828125,-0.37841796875,-0.1953125,-0.68359375,-0.390625,-0.146484375,-0.0732421875,-0.64697265625,-0.2685546875,-0.390625,-0.0732421875,0.5859375,0.09765625,1.1962890625,0.01220703125,0.4638671875,-0.20751953125,-0.146484375,-0.18310546875,0.74462890625,-0.25634765625,0.634765625,0.50048828125,0.439453125,0.15869140625,0.4638671875,0.29296875,0.08544921875,0.35400390625,0.2685546875,0.18310546875,1.07421875,0,0.1953125,-0.08544921875,0.1953125,-0.01220703125,0.3173828125,0.1220703125,0.86669921875,-0.18310546875,0.048828125,-0.1953125,1.35498046875,-0.0244140625,-0.9765625,-0.10986328125,-0.341796875,-0.03662109375,-1.03759765625,0.1708984375,-0.79345703125,0.10986328125,-1.52587890625,-0.29296875,-0.29296875,-0.048828125,-0.30517578125,-0.146484375,-1.15966796875,0.244140625,-0.5126953125,-0.01220703125,-0.2197265625,-0.1953125,-0.732421875,-0.1220703125,0.341796875,0.08544921875,-0.634765625,-0.06103515625,-1.416015625,-0.1220703125,-1.03759765625,-0.08544921875,0.37841796875,0.06103515625,0,-0.03662109375,-0.341796875,-0.0732421875,-0.25634765625,-0.146484375,-0.29296875,-0.146484375,0,0.0244140625,0.830078125,-0.01220703125,-0.48828125,0.0244140625,-0.50048828125
1,-0.13427734375,-0.3662109375,0.01220703125,-0.29296875,0.06103515625,-0.4150390625,0.3173828125,0.03662109375,-0.2197265625,1.96533203125,0.03662109375,0.93994140625,0.1708984375,2.72216796875,0.146484375,7.275390625,-0.45166015625,-0.0732421875,0.09765625,0.20751953125,-0.3173828125,0.89111328125,-0.72021484375,-0.13427734375,0.01220703125,-0.1708984375,0.048828125,-0.78125,0.048828125,0.927734375,0.0244140625,0.244140625,-0.244140625,-0.25634765625,-0.08544921875,-0.9033203125,-0.30517578125,-0.40283203125,-0.20751953125,-0.74462890625,-0.28076171875,-0.1708984375,-0.18310546875,-0.634765625,-0.30517578125,-0.3662109375,-0.1220703125,0.5859375,0.06103515625,1.18408203125,-0.06103515625,0.45166015625,-0.15869140625,-0.146484375,-0.13427734375,0.74462890625,-0.20751953125,0.634765625,0.4638671875,0.45166015625,0.3173828125,0.47607421875,0.35400390625,0.09765625,0.37841796875,0.25634765625,0.13427734375,1.08642578125,-0.0244140625,0.18310546875,-0.048828125,0.18310546875,0.03662109375,0.30517578125,0.08544921875,0.87890625,-0.20751953125,0.01220703125,-0.18310546875,1.35498046875,-0.0244140625,-0.96435546875,-0.08544921875,-0.35400390625,0.06103515625,-1.03759765625,0.10986328125,-0.78125,0.09765625,-1.52587890625,-0.30517578125,-0.29296875,-0.1708984375,-0.28076171875,-0.03662109375,-1.171875,0.20751953125,-0.50048828125,-0.01220703125,-0.20751953125,-0.06103515625,-0.69580078125,-0.1708984375,0.341796875,0.08544921875,-0.634765625,0.0732421875,-1.4404296875,-0.10986328125,-1.06201171875,-0.146484375,0.35400390625,0.0732421875,0.01220703125,-0.048828125,-0.35400390625,-0.0732421875,-0.244140625,-0.1708984375,-0.28076171875,-0.13427734375,0.0244140625,0.03662109375,0.81787109375,-0.01220703125,-0.4638671875,0.048828125,-0.48828125
1,-0.13427734375,-0.390625,0.01220703125,-0.29296875,0.0732421875,-0.4150390625,0.2685546875,0.0244140625,-0.244140625,2.1484375,0.03662109375,1.0986328125,0.1708984375,2.86865234375,0,8.06884765625,-0.42724609375,-0.67138671875,0.10986328125,-0.30517578125,-0.3662109375,0.50048828125,-0.59814453125,-0.91552734375,0.0244140625,-0.1708984375,0.01220703125,-0.76904296875,0.048828125,0.89111328125,-0.048828125,0.23193359375,-0.1708984375,-0.2685546875,-0.048828125,-0.9033203125,-0.28076171875,-0.4150390625,-0.244140625,-0.81787109375,-0.146484375,-0.18310546875,-0.28076171875,-0.62255859375,-0.28076171875,-0.37841796875,-0.2197265625,0.57373046875,0.03662109375,1.1962890625,-0.1708984375,0.4638671875,-0.09765625,-0.13427734375,-0.08544921875,0.7568359375,-0.13427734375,0.64697265625,0.439453125,0.4638671875,0.52490234375,0.48828125,0.3662109375,0.1220703125,0.40283203125,0.25634765625,0.08544921875,1.06201171875,-0.048828125,0.20751953125,-0.0244140625,0.20751953125,0.09765625,0.30517578125,0.0244140625,0.89111328125,-0.1953125,0,-0.18310546875,1.3427734375,0,-0.927734375,-0.06103515625,-0.32958984375,0.1708984375,-1.025390625,0.048828125,-0.78125,0.048828125,-1.513671875,-0.3173828125,-0.25634765625,-0.20751953125,-0.25634765625,0.15869140625,-1.1962890625,0.03662109375,-0.45166015625,-0.08544921875,-0.28076171875,-0.10986328125,-0.634765625,-0.30517578125,0.30517578125,0.03662109375,-0.67138671875,0.20751953125,-1.42822265625,-0.09765625,-1.0498046875,-0.1708984375,0.3662109375,0.09765625,0.03662109375,-0.0732421875,-0.341796875,-0.0732421875,-0.244140625,-0.1708984375,-0.29296875,-0.13427734375,0.03662109375,0.01220703125,0.81787109375,-0.03662109375,-0.439453125,0.0732421875,-0.48828125
1,-0.10986328125,-0.37841796875,-0.01220703125,-0.30517578125,0.09765625,-0.390625,0.23193359375,0.0244140625,-0.25634765625,2.24609375,0.048828125,1.171875,0.18310546875,2.9296875,-0.01220703125,8.58154296875,-0.390625,-1.0986328125,0.09765625,-0.68359375,-0.48828125,0.29296875,-0.48828125,-1.40380859375,0,-0.15869140625,0.01220703125,-0.78125,-0.0244140625,0.927734375,-0.1708984375,0.244140625,-0.048828125,-0.25634765625,0,-0.9033203125,-0.20751953125,-0.4150390625,-0.28076171875,-0.84228515625,-0.01220703125,-0.18310546875,-0.25634765625,-0.6103515625,-0.23193359375,-0.37841796875,-0.28076171875,0.57373046875,0.01220703125,1.171875,-0.25634765625,0.48828125,0,-0.1220703125,-0.08544921875,0.78125,-0.0244140625,0.67138671875,0.390625,0.47607421875,0.59814453125,0.52490234375,0.25634765625,0.146484375,0.40283203125,0.244140625,0.0244140625,1.07421875,-0.03662109375,0.18310546875,-0.01220703125,0.23193359375,0.08544921875,0.30517578125,0.01220703125,0.89111328125,-0.1708984375,-0.0244140625,-0.18310546875,1.3427734375,0.0244140625,-0.927734375,0,-0.3173828125,0.20751953125,-0.98876953125,-0.0244140625,-0.7568359375,0.0244140625,-1.50146484375,-0.3173828125,-0.244140625,-0.2197265625,-0.2685546875,0.28076171875,-1.220703125,-0.0244140625,-0.4638671875,-0.08544921875,-0.37841796875,-0.0244140625,-0.5615234375,-0.2685546875,0.244140625,-0.06103515625,-0.68359375,0.341796875,-1.46484375,-0.048828125,-1.0498046875,-0.1708984375,0.390625,0.09765625,0.03662109375,-0.0732421875,-0.32958984375,-0.0732421875,-0.2685546875,-0.15869140625,-0.28076171875,-0.13427734375,0.03662109375,0.0244140625,0.8056640625,-0.06103515625,-0.439453125,0.09765625,-0.47607421875
1,-0.13427734375,-0.40283203125,0,-0.29296875,0.09765625,-0.390625,0.18310546875,0.0244140625,-0.2685546875,2.24609375,0.06103515625,1.1474609375,0.146484375,2.91748046875,0.048828125,8.7890625,-0.341796875,-1.35498046875,0.1708984375,-0.89111328125,-0.48828125,0.15869140625,-0.2197265625,-1.62353515625,-0.1220703125,-0.1708984375,0.01220703125,-0.78125,-0.10986328125,0.91552734375,-0.2197265625,0.25634765625,0,-0.2685546875,0,-0.89111328125,-0.1708984375,-0.439453125,-0.2685546875,-0.84228515625,0.10986328125,-0.18310546875,-0.244140625,-0.62255859375,-0.15869140625,-0.390625,-0.341796875,0.57373046875,0,1.15966796875,-0.341796875,0.50048828125,0.048828125,-0.1220703125,-0.03662109375,0.78125,0.08544921875,0.67138671875,0.29296875,0.47607421875,0.69580078125,0.537109375,0.18310546875,0.15869140625,0.439453125,0.25634765625,-0.048828125,1.07421875,-0.048828125,0.20751953125,-0.06103515625,0.23193359375,0.09765625,0.29296875,0.01220703125,0.8544921875,-0.1220703125,0,-0.1953125,1.3671875,0.048828125,-0.91552734375,0.048828125,-0.3173828125,0.1953125,-1.0009765625,-0.06103515625,-0.7568359375,0,-1.4892578125,-0.3173828125,-0.244140625,-0.10986328125,-0.28076171875,0.35400390625,-1.23291015625,-0.1708984375,-0.47607421875,-0.146484375,-0.48828125,-0.048828125,-0.48828125,-0.23193359375,0.20751953125,-0.146484375,-0.72021484375,0.37841796875,-1.46484375,-0.01220703125,-1.03759765625,-0.09765625,0.4150390625,0.08544921875,0.03662109375,-0.06103515625,-0.32958984375,-0.06103515625,-0.28076171875,-0.146484375,-0.30517578125,-0.10986328125,0.03662109375,0.01220703125,0.81787109375,-0.13427734375,-0.4150390625,0.146484375,-0.47607421875
1,-0.1220703125,-0.4150390625,-0.01220703125,-0.29296875,0.08544921875,-0.390625,0.1708984375,0.0244140625,-0.25634765625,2.1240234375,0.048828125,1.06201171875,0.09765625,2.8076171875,0.146484375,8.60595703125,-0.32958984375,-1.45263671875,0.23193359375,-0.96435546875,-0.439453125,0.15869140625,-0.0244140625,-1.59912109375,-0.28076171875,-0.146484375,0.01220703125,-0.78125,-0.244140625,0.91552734375,-0.2197265625,0.244140625,0.0244140625,-0.29296875,0.01220703125,-0.89111328125,-0.10986328125,-0.42724609375,-0.28076171875,-0.81787109375,0.1708984375,-0.1953125,-0.1708984375,-0.62255859375,-0.06103515625,-0.40283203125,-0.35400390625,0.5859375,-0.01220703125,1.13525390625,-0.42724609375,0.5126953125,0.10986328125,-0.09765625,0.0244140625,0.79345703125,0.20751953125,0.67138671875,0.25634765625,0.45166015625,0.68359375,0.5859375,0.1220703125,0.1953125,0.45166015625,0.244140625,-0.13427734375,1.06201171875,-0.048828125,0.23193359375,-0.048828125,0.25634765625,0.06103515625,0.28076171875,-0.0244140625,0.830078125,-0.0732421875,0,-0.23193359375,1.35498046875,0.08544921875,-0.91552734375,0.09765625,-0.30517578125,0.10986328125,-0.98876953125,-0.03662109375,-0.74462890625,0,-1.47705078125,-0.2685546875,-0.2197265625,0.0732421875,-0.28076171875,0.32958984375,-1.2451171875,-0.2685546875,-0.47607421875,-0.2197265625,-0.54931640625,-0.08544921875,-0.45166015625,-0.18310546875,0.1708984375,-0.13427734375,-0.7080078125,0.35400390625,-1.4404296875,-0.01220703125,-1.025390625,-0.0732421875,0.42724609375,0.06103515625,0.048828125,-0.03662109375,-0.32958984375,-0.08544921875,-0.29296875,-0.146484375,-0.3173828125,-0.10986328125,0.048828125,0.01220703125,0.79345703125,-0.146484375,-0.45166015625,0.1708984375,-0.4638671875
1,-0.13427734375,-0.4150390625,-0.03662109375,-0.29296875,0.06103515625,-0.37841796875,0.1708984375,0.0244140625,-0.2197265625,1.953125,0.048828125,0.91552734375,0.0732421875,2.67333984375,0.15869140625,8.19091796875,-0.29296875,-1.4404296875,0.244140625,-0.91552734375,-0.37841796875,0.2197265625,0.06103515625,-1.42822265625,-0.390625,-0.146484375,0,-0.79345703125,-0.35400390625,0.9521484375,-0.146484375,0.244140625,0.0244140625,-0.2685546875,0.01220703125,-0.87890625,-0.06103515625,-0.42724609375,-0.28076171875,-0.79345703125,0.1708984375,-0.20751953125,-0.0732421875,-0.6103515625,0,-0.4150390625,-0.3662109375,0.59814453125,-0.03662109375,1.13525390625,-0.4150390625,0.5126953125,0.13427734375,-0.1220703125,0.08544921875,0.79345703125,0.29296875,0.6591796875,0.2197265625,0.4638671875,0.69580078125,0.59814453125,0.15869140625,0.1708984375,0.3662109375,0.25634765625,-0.1708984375,1.0498046875,-0.0244140625,0.2197265625,-0.10986328125,0.244140625,0.0244140625,0.2685546875,-0.01220703125,0.8056640625,-0.01220703125,0,-0.29296875,1.3671875,0.10986328125,-0.91552734375,0.10986328125,-0.28076171875,-0.0244140625,-0.9765625,0,-0.7080078125,0.03662109375,-1.46484375,-0.23193359375,-0.2197265625,0.25634765625,-0.29296875,0.25634765625,-1.23291015625,-0.30517578125,-0.52490234375,-0.341796875,-0.6103515625,-0.15869140625,-0.42724609375,-0.13427734375,0.15869140625,-0.08544921875,-0.74462890625,0.25634765625,-1.4404296875,0,-1.03759765625,0.01220703125,0.42724609375,0.06103515625,0.06103515625,-0.0244140625,-0.29296875,-0.0732421875,-0.3173828125,-0.13427734375,-0.32958984375,-0.13427734375,0.048828125,0.01220703125,0.8056640625,-0.15869140625,-0.4638671875,0.18310546875,-0.47607421875
1,-0.13427734375,-0.390625,-0.048828125,-0.30517578125,0.01220703125,-0.3662109375,0.1708984375,0.0244140625,-0.1953125,1.7578125,0.0732421875,0.76904296875,0.01220703125,2.50244140625,0.10986328125,7.48291015625,-0.32958984375,-1.318359375,0.2685546875,-0.8056640625,-0.25634765625,0.32958984375,0.1220703125,-1.18408203125,-0.5126953125,-0.146484375,-0.01220703125,-0.78125,-0.4150390625,0.9521484375,-0.0244140625,0.25634765625,-0.03662109375,-0.3173828125,0,-0.8544921875,0.03662109375,-0.45166015625,-0.2685546875,-0.7568359375,0.18310546875,-0.18310546875,-0.01220703125,-0.64697265625,0.0732421875,-0.439453125,-0.28076171875,0.6103515625,-0.10986328125,1.13525390625,-0.3662109375,0.50048828125,0.1708984375,-0.13427734375,0.1953125,0.78125,0.28076171875,0.634765625,0.2197265625,0.45166015625,0.69580078125,0.59814453125,0.2197265625,0.1708984375,0.30517578125,0.25634765625,-0.23193359375,1.03759765625,-0.01220703125,0.244140625,-0.13427734375,0.23193359375,0.01220703125,0.28076171875,-0.048828125,0.78125,0.0732421875,0.0244140625,-0.3173828125,1.37939453125,0.13427734375,-0.927734375,0.1220703125,-0.29296875,-0.146484375,-1.0009765625,0.10986328125,-0.732421875,0.048828125,-1.45263671875,-0.1708984375,-0.20751953125,0.439453125,-0.30517578125,0.15869140625,-1.23291015625,-0.23193359375,-0.50048828125,-0.390625,-0.62255859375,-0.1708984375,-0.3662109375,-0.06103515625,0.20751953125,0,-0.732421875,0.10986328125,-1.416015625,-0.01220703125,-1.01318359375,0.0732421875,0.42724609375,0.0732421875,0.0244140625,-0.048828125,-0.30517578125,-0.0732421875,-0.29296875,-0.15869140625,-0.32958984375,-0.13427734375,0.048828125,0,0.79345703125,-0.15869140625,-0.50048828125,0.20751953125,-0.47607421875
0,-0.13427734375,-0.390625,-0.0244140625,-0.30517578125,0,-0.37841796875,0.18310546875,0.01220703125,-0.13427734375,1.5625,0.06103515625,0.5859375,-0.0244140625,2.3193359375,0.10986328125,6.6650390625,-0.32958984375,-1.171875,0.28076171875,-0.7080078125,-0.146484375,0.45166015625,0.10986328125,-0.93994140625,-0.5615234375,-0.1220703125,-0.0244140625,-0.79345703125,-0.439453125,0.9521484375,0.09765625,0.25634765625,-0.10986328125,-0.32958984375,0,-0.8544921875,0.06103515625,-0.439453125,-0.2197265625,-0.69580078125,0.13427734375,-0.1953125,0.06103515625,-0.64697265625,0.13427734375,-0.45166015625,-0.2197265625,0.6103515625,-0.18310546875,1.1474609375,-0.29296875,0.50048828125,0.20751953125,-0.15869140625,0.244140625,0.78125,0.29296875,0.6103515625,0.2197265625,0.42724609375,0.64697265625,0.57373046875,0.3173828125,0.15869140625,0.1708984375,0.2685546875,-0.2685546875,1.03759765625,-0.01220703125,0.25634765625,-0.1953125,0.20751953125,-0.03662109375,0.30517578125,-0.06103515625,0.76904296875,0.13427734375,0.03662109375,-0.37841796875,1.40380859375,0.18310546875,-0.91552734375,0.09765625,-0.28076171875,-0.23193359375,-1.0009765625,0.15869140625,-0.74462890625,0.09765625,-1.46484375,-0.1708984375,-0.1953125,0.537109375,-0.3173828125,0.1220703125,-1.1962890625,-0.2197265625,-0.439453125,-0.390625,-0.5126953125,-0.09765625,-0.30517578125,0.01220703125,0.30517578125,0.0732421875,-0.72021484375,-0.048828125,-1.42822265625,-0.01220703125,-1.0009765625,0.146484375,0.439453125,0.09765625,0.0244140625,-0.0732421875,-0.29296875,-0.0732421875,-0.28076171875,-0.146484375,-0.32958984375,-0.146484375,0.03662109375,0,0.79345703125,-0.15869140625,-0.48828125,0.1953125,-0.5126953125
0,-0.09765625,-0.37841796875,0,-0.30517578125,-0.0244140625,-0.390625,0.1953125,0.01220703125,-0.0732421875,1.35498046875,0.048828125,0.439453125,-0.048828125,2.1484375,0.146484375,5.82275390625,-0.32958984375,-1.01318359375,0.2685546875,-0.5615234375,0,0.52490234375,0.048828125,-0.79345703125,-0.57373046875,-0.13427734375,-0.06103515625,-0.78125,-0.390625,0.96435546875,0.244140625,0.244140625,-0.1953125,-0.341796875,0.01220703125,-0.86669921875,0.08544921875,-0.4638671875,-0.20751953125,-0.68359375,0.146484375,-0.18310546875,0.06103515625,-0.6591796875,0.1708984375,-0.45166015625,-0.18310546875,0.62255859375,-0.2197265625,1.171875,-0.1953125,0.4638671875,0.20751953125,-0.1708984375,0.28076171875,0.74462890625,0.23193359375,0.6103515625,0.20751953125,0.4150390625,0.57373046875,0.54931640625,0.4150390625,0.146484375,0.1220703125,0.2685546875,-0.25634765625,1.03759765625,-0.0244140625,0.25634765625,-0.23193359375,0.1953125,-0.06103515625,0.3173828125,-0.0732421875,0.8056640625,0.15869140625,0.06103515625,-0.4150390625,1.37939453125,0.18310546875,-0.93994140625,0.048828125,-0.29296875,-0.29296875,-1.01318359375,0.18310546875,-0.732421875,0.146484375,-1.47705078125,-0.15869140625,-0.18310546875,0.537109375,-0.30517578125,0.0732421875,-1.18408203125,-0.1708984375,-0.341796875,-0.37841796875,-0.30517578125,-0.0244140625,-0.2685546875,0.0732421875,0.439453125,0.09765625,-0.69580078125,-0.1708984375,-1.416015625,0.01220703125,-1.0009765625,0.20751953125,0.439453125,0.10986328125,0.01220703125,-0.0732421875,-0.29296875,-0.0732421875,-0.2685546875,-0.146484375,-0.3173828125,-0.146484375,0.0244140625,0,0.79345703125,-0.146484375,-0.50048828125,0.20751953125,-0.52490234375
0,-0.10986328125,-0.3662109375,0.0244140625,-0.30517578125,0,-0.37841796875,0.18310546875,0.01220703125,-0.048828125,1.23291015625,0.0732421875,0.30517578125,-0.048828125,2.01416015625,0.1708984375,5.06591796875,-0.341796875,-0.91552734375,0.244140625,-0.50048828125,0.06103515625,0.57373046875,0,-0.74462890625,-0.57373046875,-0.1708984375,-0.1220703125,-0.78125,-0.30517578125,0.96435546875,0.32958984375,0.244140625,-0.29296875,-0.35400390625,0.0244140625,-0.87890625,0.0732421875,-0.48828125,-0.18310546875,-0.6591796875,0.1708984375,-0.20751953125,0.0244140625,-0.67138671875,0.1708984375,-0.439453125,-0.09765625,0.62255859375,-0.23193359375,1.18408203125,-0.10986328125,0.45166015625,0.20751953125,-0.18310546875,0.30517578125,0.732421875,0.1708984375,0.6103515625,0.244140625,0.439453125,0.45166015625,0.52490234375,0.40283203125,0.13427734375,0.06103515625,0.29296875,-0.28076171875,1.0498046875,-0.048828125,0.244140625,-0.23193359375,0.20751953125,-0.0732421875,0.32958984375,-0.10986328125,0.81787109375,0.18310546875,0.0732421875,-0.42724609375,1.3916015625,0.1708984375,-0.93994140625,0,-0.28076171875,-0.29296875,-1.01318359375,0.1220703125,-0.7568359375,0.20751953125,-1.46484375,-0.15869140625,-0.2197265625,0.48828125,-0.29296875,0.1220703125,-1.15966796875,-0.15869140625,-0.23193359375,-0.37841796875,-0.08544921875,-0.03662109375,-0.25634765625,0.0732421875,0.57373046875,0.08544921875,-0.68359375,-0.1953125,-1.45263671875,0.06103515625,-1.0009765625,0.23193359375,0.4150390625,0.08544921875,0,-0.08544921875,-0.29296875,-0.06103515625,-0.244140625,-0.10986328125,-0.30517578125,-0.146484375,0,0,0.81787109375,-0.1220703125,-0.50048828125,0.1953125,-0.52490234375
0,-0.1220703125,-0.341796875,0.03662109375,-0.3173828125,-0.01220703125,-0.390625,0.20751953125,0.0244140625,-0.048828125,1.1474609375,0.0732421875,0.2197265625,-0.0732421875,1.94091796875,0.18310546875,4.4921875,-0.35400390625,-0.8056640625,0.15869140625,-0.47607421875,0.01220703125,0.5615234375,-0.03662109375,-0.830078125,-0.52490234375,-0.18310546875,-0.10986328125,-0.79345703125,-0.1708984375,0.9521484375,0.32958984375,0.2197265625,-0.4150390625,-0.35400390625,0,-0.86669921875,-0.0244140625,-0.48828125,-0.1953125,-0.67138671875,0.146484375,-0.2197265625,-0.048828125,-0.64697265625,0.1708984375,-0.45166015625,-0.048828125,0.6103515625,-0.1953125,1.20849609375,-0.01220703125,0.45166015625,0.20751953125,-0.18310546875,0.18310546875,0.732421875,0.1220703125,0.62255859375,0.23193359375,0.439453125,0.3173828125,0.48828125,0.40283203125,0.10986328125,-0.0732421875,0.29296875,-0.23193359375,1.07421875,-0.08544921875,0.23193359375,-0.244140625,0.1953125,-0.1220703125,0.32958984375,-0.06103515625,0.8056640625,0.18310546875,0.0732421875,-0.4638671875,1.3916015625,0.18310546875,-0.93994140625,-0.0732421875,-0.3173828125,-0.1953125,-1.025390625,0.06103515625,-0.76904296875,0.29296875,-1.47705078125,-0.1708984375,-0.2197265625,0.3662109375,-0.2685546875,0.1708984375,-1.1474609375,-0.15869140625,-0.1220703125,-0.35400390625,0.08544921875,-0.09765625,-0.25634765625,0.03662109375,0.732421875,0.01220703125,-0.68359375,-0.13427734375,-1.42822265625,0.06103515625,-0.9765625,0.244140625,0.390625,0.1220703125,-0.01220703125,-0.08544921875,-0.29296875,-0.06103515625,-0.20751953125,-0.08544921875,-0.30517578125,-0.15869140625,0,0.01220703125,0.84228515625,-0.09765625,-0.47607421875,0.1708984375,-0.52490234375
0,-0.10986328125,-0.341796875,0.03662109375,-0.30517578125,-0.0244140625,-0.390625,0.1953125,0.0244140625,-0.01220703125,1.0986328125,0.10986328125,0.1708984375,-0.03662109375,1.91650390625,0.28076171875,4.1748046875,-0.37841796875,-0.79345703125,0.09765625,-0.48828125,-0.0244140625,0.5126953125,-0.1220703125,-0.96435546875,-0.45166015625,-0.1953125,-0.09765625,-0.78125,-0.0244140625,0.93994140625,0.28076171875,0.244140625,-0.45166015625,-0.341796875,-0.06103515625,-0.87890625,-0.10986328125,-0.47607421875,-0.1953125,-0.68359375,0.1220703125,-0.20751953125,-0.15869140625,-0.64697265625,0.146484375,-0.439453125,-0.0244140625,0.62255859375,-0.1953125,1.220703125,0.06103515625,0.45166015625,0.18310546875,-0.1708984375,0.0732421875,0.74462890625,0.0732421875,0.62255859375,0.25634765625,0.4638671875,0.23193359375,0.48828125,0.3173828125,0.10986328125,-0.1220703125,0.3173828125,-0.23193359375,1.06201171875,-0.0732421875,0.20751953125,-0.23193359375,0.1953125,-0.18310546875,0.341796875,-0.06103515625,0.830078125,0.1953125,0.06103515625,-0.390625,1.3671875,0.13427734375,-0.91552734375,-0.146484375,-0.32958984375,-0.10986328125,-1.025390625,-0.03662109375,-0.7568359375,0.35400390625,-1.50146484375,-0.1708984375,-0.2197265625,0.23193359375,-0.244140625,0.2197265625,-1.1474609375,-0.09765625,-0.03662109375,-0.28076171875,0.244140625,0,-0.2685546875,0.048828125,0.81787109375,-0.10986328125,-0.69580078125,-0.0732421875,-1.4404296875,0,-1.0009765625,0.18310546875,0.390625,0.13427734375,-0.01220703125,-0.048828125,-0.28076171875,-0.08544921875,-0.18310546875,-0.0732421875,-0.32958984375,-0.146484375,0,0,0.89111328125,-0.0732421875,-0.4638671875,0.146484375,-0.5126953125
0,-0.10986328125,-0.341796875,0.06103515625,-0.29296875,0.01220703125,-0.3662109375,0.20751953125,0.03662109375,0,1.08642578125,0.10986328125,0.18310546875,0.0244140625,1.91650390625,0.2197265625,4.0771484375,-0.37841796875,-0.78125,0.0732421875,-0.48828125,-0.13427734375,0.45166015625,-0.15869140625,-1.11083984375,-0.35400390625,-0.2197265625,-0.06103515625,-0.78125,0.0732421875,0.927734375,0.2197265625,0.23193359375,-0.40283203125,-0.29296875,-0.10986328125,-0.86669921875,-0.23193359375,-0.439453125,-0.18310546875,-0.7080078125,0.0732421875,-0.1708984375,-0.25634765625,-0.64697265625,0.10986328125,-0.37841796875,-0.0244140625,0.62255859375,-0.13427734375,1.20849609375,0.10986328125,0.47607421875,0.15869140625,-0.146484375,0.0244140625,0.74462890625,0.0732421875,0.64697265625,0.23193359375,0.4638671875,0.1953125,0.47607421875,0.28076171875,0.1220703125,-0.18310546875,0.30517578125,-0.244140625,1.07421875,-0.09765625,0.20751953125,-0.2197265625,0.18310546875,-0.2685546875,0.341796875,-0.048828125,0.84228515625,0.1708984375,0.06103515625,-0.32958984375,1.3671875,0.09765625,-0.9033203125,-0.20751953125,-0.341796875,-0.01220703125,-1.025390625,-0.08544921875,-0.7568359375,0.37841796875,-1.4892578125,-0.20751953125,-0.23193359375,0.146484375,-0.25634765625,0.2197265625,-1.15966796875,-0.0732421875,-0.048828125,-0.2197265625,0.29296875,0,-0.3173828125,-0.0244140625,0.8544921875,-0.2197265625,-0.67138671875,0.01220703125,-1.4404296875,-0.08544921875,-1.01318359375,0.10986328125,0.3662109375,0.146484375,0.01220703125,-0.03662109375,-0.28076171875,-0.06103515625,-0.18310546875,-0.06103515625,-0.30517578125,-0.146484375,0,-0.0244140625,0.87890625,-0.0732421875,-0.439453125,0.1220703125,-0.48828125
0,-0.0732421875,-0.341796875,0.06103515625,-0.2685546875,-0.01220703125,-0.37841796875,0.23193359375,0.03662109375,0.06103515625,1.123046875,0.0732421875,0.1708984375,0.048828125,1.94091796875,0.15869140625,4.2236328125,-0.40283203125,-0.79345703125,0.0244140625,-0.5126953125,-0.25634765625,0.42724609375,-0.20751953125,-1.25732421875,-0.2685546875,-0.2197265625,0.03662109375,-0.78125,0.13427734375,0.91552734375,0.1708984375,0.244140625,-0.3662109375,-0.28076171875,-0.15869140625,-0.89111328125,-0.29296875,-0.42724609375,-0.1708984375,-0.7568359375,-0.0244140625,-0.1708984375,-0.35400390625,-0.62255859375,0.048828125,-0.37841796875,-0.048828125,0.62255859375,-0.09765625,1.171875,0.1220703125,0.47607421875,0.13427734375,-0.13427734375,-0.0244140625,0.76904296875,0.08544921875,0.64697265625,0.20751953125,0.4638671875,0.1220703125,0.50048828125,0.3173828125,0.13427734375,-0.20751953125,0.28076171875,-0.18310546875,1.06201171875,-0.1220703125,0.18310546875,-0.1708984375,0.1953125,-0.3662109375,0.30517578125,-0.03662109375,0.9033203125,0.15869140625,0.03662109375,-0.244140625,1.3427734375,0.03662109375,-0.9033203125,-0.2197265625,-0.32958984375,0.06103515625,-1.03759765625,-0.08544921875,-0.7568359375,0.37841796875,-1.4892578125,-0.2197265625,-0.2197265625,0.0732421875,-0.23193359375,0.13427734375,-1.15966796875,-0.08544921875,-0.09765625,-0.18310546875,0.25634765625,-0.0732421875,-0.37841796875,-0.08544921875,0.830078125,-0.32958984375,-0.69580078125,0.1220703125,-1.4404296875,-0.18310546875,-1.03759765625,0.0244140625,0.37841796875,0.13427734375,0.01220703125,-0.03662109375,-0.25634765625,-0.06103515625,-0.18310546875,-0.0732421875,-0.30517578125,-0.146484375,0.01220703125,-0.048828125,0.89111328125,-0.09765625,-0.4150390625,0.09765625,-0.4638671875
0,-0.0732421875,-0.341796875,0.0732421875,-0.28076171875,-0.0244140625,-0.37841796875,0.23193359375,0.048828125,0.08544921875,1.1474609375,0.0732421875,0.2197265625,0.0732421875,2.001953125,0.10986328125,4.47998046875,-0.40283203125,-0.79345703125,-0.08544921875,-0.52490234375,-0.48828125,0.42724609375,-0.37841796875,-1.318359375,-0.25634765625,-0.20751953125,0.0732421875,-0.76904296875,0.13427734375,0.9521484375,0.13427734375,0.23193359375,-0.29296875,-0.244140625,-0.18310546875,-0.89111328125,-0.3662109375,-0.42724609375,-0.1953125,-0.76904296875,-0.08544921875,-0.13427734375,-0.3662109375,-0.634765625,-0.01220703125,-0.3662109375,-0.10986328125,0.634765625,-0.06103515625,1.13525390625,0.13427734375,0.5126953125,0.13427734375,-0.1220703125,-0.06103515625,0.76904296875,0.09765625,0.64697265625,0.1953125,0.4638671875,0.08544921875,0.5126953125,0.32958984375,0.15869140625,-0.25634765625,0.28076171875,-0.18310546875,1.03759765625,-0.1220703125,0.18310546875,-0.15869140625,0.1953125,-0.40283203125,0.29296875,-0.048828125,0.9033203125,0.146484375,0.03662109375,-0.1220703125,1.35498046875,-0.01220703125,-0.89111328125,-0.23193359375,-0.32958984375,0.09765625,-1.0498046875,-0.048828125,-0.74462890625,0.341796875,-1.50146484375,-0.2197265625,-0.244140625,0.048828125,-0.25634765625,0.048828125,-1.1474609375,-0.09765625,-0.20751953125,-0.09765625,0.13427734375,-0.048828125,-0.390625,-0.08544921875,0.732421875,-0.341796875,-0.7080078125,0.20751953125,-1.4404296875,-0.23193359375,-1.0498046875,-0.01220703125,0.3662109375,0.13427734375,0.03662109375,-0.048828125,-0.244140625,-0.0732421875,-0.20751953125,-0.1220703125,-0.29296875,-0.146484375,0.03662109375,-0.06103515625,0.89111328125,-0.10986328125,-0.4150390625,0.08544921875,-0.4638671875
0,-0.0732421875,-0.3662109375,0.0732421875,-0.28076171875,0.0244140625,-0.3662109375,0.23193359375,0.03662109375,0.09765625,1.1962890625,0.0732421875,0.23193359375,0.08544921875,2.05078125,0.08544921875,4.74853515625,-0.3173828125,-0.78125,-0.08544921875,-0.50048828125,-0.5859375,0.45166015625,-0.35400390625,-1.28173828125,-0.244140625,-0.18310546875,0.18310546875,-0.7568359375,0.09765625,0.9521484375,0.1708984375,0.2685546875,-0.1953125,-0.25634765625,-0.1708984375,-0.86669921875,-0.4150390625,-0.4150390625,-0.2197265625,-0.78125,-0.13427734375,-0.15869140625,-0.3173828125,-0.62255859375,-0.06103515625,-0.390625,-0.1708984375,0.634765625,-0.03662109375,1.13525390625,0.09765625,0.5126953125,0.09765625,-0.1220703125,-0.0732421875,0.78125,0.13427734375,0.64697265625,0.1708984375,0.4638671875,0.03662109375,0.52490234375,0.37841796875,0.146484375,-0.32958984375,0.23193359375,-0.09765625,1.03759765625,-0.13427734375,0.1953125,-0.15869140625,0.20751953125,-0.42724609375,0.28076171875,-0.03662109375,0.86669921875,0.1220703125,0.0244140625,-0.03662109375,1.35498046875,-0.06103515625,-0.89111328125,-0.1708984375,-0.32958984375,0.09765625,-1.03759765625,0,-0.74462890625,0.29296875,-1.50146484375,-0.23193359375,-0.25634765625,0.10986328125,-0.2685546875,-0.048828125,-1.15966796875,-0.1220703125,-0.30517578125,-0.06103515625,-0.06103515625,-0.0732421875,-0.32958984375,-0.0732421875,0.634765625,-0.28076171875,-0.72021484375,0.23193359375,-1.4404296875,-0.2685546875,-1.0498046875,-0.048828125,0.3662109375,0.10986328125,0.048828125,-0.06103515625,-0.2197265625,-0.0732421875,-0.20751953125,-0.1220703125,-0.28076171875,-0.13427734375,0.06103515625,-0.0732421875,0.8544921875,-0.10986328125,-0.40283203125,0.08544921875,-0.4638671875
0,-0.06103515625,-0.37841796875,0.08544921875,-0.28076171875,0,-0.35400390625,0.2197265625,0.03662109375,0.1220703125,1.220703125,0.06103515625,0.244140625,0.10986328125,2.03857421875,0.0244140625,4.98046875,-0.29296875,-0.72021484375,-0.08544921875,-0.42724609375,-0.634765625,0.50048828125,-0.30517578125,-1.171875,-0.25634765625,-0.1708984375,0.18310546875,-0.76904296875,0.048828125,0.9521484375,0.1708984375,0.244140625,-0.10986328125,-0.25634765625,-0.13427734375,-0.89111328125,-0.4150390625,-0.439453125,-0.2685546875,-0.79345703125,-0.146484375,-0.1708984375,-0.25634765625,-0.64697265625,-0.146484375,-0.390625,-0.18310546875,0.64697265625,-0.0244140625,1.123046875,0.048828125,0.5126953125,0.08544921875,-0.146484375,-0.10986328125,0.76904296875,0.1708984375,0.634765625,0.18310546875,0.45166015625,-0.0244140625,0.54931640625,0.4150390625,0.13427734375,-0.40283203125,0.23193359375,-0.0244140625,1.03759765625,-0.13427734375,0.2197265625,-0.15869140625,0.2197265625,-0.42724609375,0.244140625,-0.048828125,0.87890625,0.10986328125,0.0244140625,0,1.35498046875,-0.09765625,-0.9033203125,-0.1220703125,-0.32958984375,0.048828125,-1.01318359375,0.09765625,-0.74462890625,0.25634765625,-1.50146484375,-0.2685546875,-0.25634765625,0.18310546875,-0.29296875,-0.15869140625,-1.171875,-0.09765625,-0.35400390625,-0.0732421875,-0.15869140625,-0.0244140625,-0.244140625,-0.048828125,0.5126953125,-0.1953125,-0.69580078125,0.2197265625,-1.4404296875,-0.30517578125,-1.03759765625,-0.06103515625,0.40283203125,0.08544921875,0.06103515625,-0.06103515625,-0.20751953125,-0.06103515625,-0.23193359375,-0.15869140625,-0.29296875,-0.1220703125,0.06103515625,-0.0732421875,0.84228515625,-0.146484375,-0.4150390625,0.08544921875,-0.47607421875
0,-0.06103515625,-0.390625,0.0732421875,-0.3173828125,0.01220703125,-0.3662109375,0.20751953125,0.0244140625,0.10986328125,1.20849609375,0.06103515625,0.1953125,0.10986328125,2.0263671875,0.0244140625,4.96826171875,-0.30517578125,-0.634765625,-0.13427734375,-0.32958984375,-0.67138671875,0.62255859375,-0.3662109375,-0.98876953125,-0.2685546875,-0.15869140625,0.1708984375,-0.76904296875,-0.0244140625,0.9521484375,0.18310546875,0.25634765625,-0.0244140625,-0.244140625,-0.08544921875,-0.86669921875,-0.3662109375,-0.4150390625,-0.2685546875,-0.76904296875,-0.1220703125,-0.15869140625,-0.1953125,-0.634765625,-0.23193359375,-0.390625,-0.20751953125,0.634765625,-0.03662109375,1.11083984375,-0.0244140625,0.5126953125,0.0732421875,-0.15869140625,-0.09765625,0.7568359375,0.146484375,0.6591796875,0.2197265625,0.4638671875,-0.06103515625,0.537109375,0.341796875,0.13427734375,-0.37841796875,0.2685546875,-0.0244140625,1.025390625,-0.1220703125,0.20751953125,-0.15869140625,0.2197265625,-0.35400390625,0.2685546875,-0.0732421875,0.81787109375,0.1220703125,0.03662109375,0.06103515625,1.3671875,-0.13427734375,-0.927734375,-0.06103515625,-0.341796875,-0.0244140625,-1.025390625,0.1708984375,-0.74462890625,0.20751953125,-1.4892578125,-0.2685546875,-0.25634765625,0.29296875,-0.3173828125,-0.146484375,-1.18408203125,-0.08544921875,-0.390625,-0.1953125,-0.23193359375,0,-0.06103515625,-0.06103515625,0.47607421875,-0.03662109375,-0.69580078125,0.146484375,-1.4404296875,-0.29296875,-1.0498046875,-0.10986328125,0.40283203125,0.1220703125,0.0732421875,-0.06103515625,-0.1953125,-0.06103515625,-0.244140625,-0.146484375,-0.29296875,-0.10986328125,0.08544921875,-0.048828125,0.81787109375,-0.13427734375,-0.439453125,0.048828125,-0.50048828125
0,-0.048828125,-0.390625,0.0732421875,-0.3173828125,0,-0.3662109375,0.146484375,0.01220703125,0.10986328125,1.1474609375,0.06103515625,0.1220703125,0.09765625,1.94091796875,0.09765625,4.69970703125,-0.2197265625,-0.5126953125,-0.0732421875,-0.1953125,-0.52490234375,0.7568359375,-0.28076171875,-0.78125,-0.244140625,-0.15869140625,0.10986328125,-0.7568359375,-0.09765625,0.93994140625,0.13427734375,0.244140625,0.0244140625,-0.25634765625,-0.01220703125,-0.84228515625,-0.28076171875,-0.42724609375,-0.28076171875,-0.74462890625,-0.0732421875,-0.146484375,-0.15869140625,-0.634765625,-0.2685546875,-0.4150390625,-0.2685546875,0.64697265625,-0.0732421875,1.123046875,-0.09765625,0.50048828125,0.08544921875,-0.15869140625,-0.1220703125,0.7568359375,0.13427734375,0.634765625,0.25634765625,0.439453125,-0.08544921875,0.537109375,0.23193359375,0.10986328125,-0.3662109375,0.28076171875,0.01220703125,1.025390625,-0.09765625,0.23193359375,-0.18310546875,0.23193359375,-0.30517578125,0.28076171875,-0.09765625,0.78125,0.08544921875,0.0732421875,0.06103515625,1.3916015625,-0.1220703125,-0.927734375,0.0244140625,-0.32958984375,-0.0732421875,-1.0009765625,0.244140625,-0.7568359375,0.1708984375,-1.47705078125,-0.29296875,-0.28076171875,0.390625,-0.30517578125,-0.10986328125,-1.18408203125,-0.09765625,-0.2685546875,-0.23193359375,-0.20751953125,0,0.29296875,-0.08544921875,0.54931640625,0.146484375,-0.7080078125,0.0732421875,-1.45263671875,-0.23193359375,-1.07421875,-0.146484375,0.42724609375,0.08544921875,0.0732421875,-0.048828125,-0.2197265625,-0.08544921875,-0.28076171875,-0.1220703125,-0.29296875,-0.09765625,0.08544921875,-0.08544921875,0.79345703125,-0.1220703125,-0.4638671875,0.0244140625,-0.50048828125
0,-0.03662109375,-0.390625,0.048828125,-0.30517578125,-0.01220703125,-0.37841796875,0.1220703125,0.0244140625,0.10986328125,1.01318359375,0.09765625,-0.01220703125,0.10986328125,1.81884765625,0.048828125,4.16259765625,-0.23193359375,-0.35400390625,-0.06103515625,0,-0.4150390625,0.89111328125,-0.2685546875,-0.54931640625,-0.244140625,-0.15869140625,0.03662109375,-0.76904296875,-0.15869140625,0.93994140625,0.0732421875,0.244140625,0.0244140625,-0.2685546875,0.06103515625,-0.8544921875,-0.18310546875,-0.42724609375,-0.29296875,-0.72021484375,-0.01220703125,-0.146484375,-0.09765625,-0.64697265625,-0.28076171875,-0.4150390625,-0.2685546875,0.6591796875,-0.13427734375,1.13525390625,-0.1220703125,0.48828125,0.09765625,-0.1953125,-0.1708984375,0.76904296875,0.0732421875,0.6103515625,0.2685546875,0.42724609375,-0.0732421875,0.5126953125,0.09765625,0.1220703125,-0.3173828125,0.29296875,0.048828125,1.025390625,-0.0244140625,0.23193359375,-0.20751953125,0.23193359375,-0.25634765625,0.28076171875,-0.13427734375,0.76904296875,0.0732421875,0.08544921875,0.0732421875,1.3916015625,-0.09765625,-0.93994140625,0.0732421875,-0.3173828125,-0.10986328125,-1.0009765625,0.25634765625,-0.78125,0.1220703125,-1.4892578125,-0.29296875,-0.29296875,0.40283203125,-0.32958984375,-0.03662109375,-1.20849609375,-0.146484375,0.0244140625,-0.3173828125,0.03662109375,0.048828125,0.76904296875,-0.13427734375,0.76904296875,0.29296875,-0.7080078125,0.01220703125,-1.42822265625,-0.15869140625,-1.03759765625,-0.146484375,0.40283203125,0.0732421875,0.06103515625,-0.0244140625,-0.23193359375,-0.0732421875,-0.29296875,-0.10986328125,-0.29296875,-0.09765625,0.09765625,-0.06103515625,0.79345703125,-0.1220703125,-0.45166015625,-0.01220703125,-0.5126953125
0,-0.01220703125,-0.390625,0.06103515625,-0.29296875,0.048828125,-0.35400390625,0.08544921875,0.0244140625,0.13427734375,0.830078125,0.13427734375,-0.18310546875,0.13427734375,1.66015625,0.18310546875,3.3203125,-0.146484375,-0.18310546875,0.03662109375,0.15869140625,-0.23193359375,1.0498046875,-0.244140625,-0.35400390625,-0.20751953125,-0.1708984375,-0.048828125,-0.78125,-0.1708984375,0.927734375,-0.0244140625,0.25634765625,0.01220703125,-0.29296875,0.10986328125,-0.84228515625,-0.09765625,-0.42724609375,-0.2685546875,-0.69580078125,0.08544921875,-0.13427734375,-0.09765625,-0.64697265625,-0.244140625,-0.42724609375,-0.25634765625,0.6591796875,-0.15869140625,1.15966796875,-0.13427734375,0.48828125,0.0732421875,-0.18310546875,-0.20751953125,0.74462890625,-0.01220703125,0.62255859375,0.25634765625,0.4150390625,-0.03662109375,0.47607421875,0,0.09765625,-0.20751953125,0.32958984375,0.09765625,1.03759765625,-0.01220703125,0.2197265625,-0.244140625,0.244140625,-0.18310546875,0.32958984375,-0.08544921875,0.72021484375,0.06103515625,0.10986328125,0.08544921875,1.40380859375,-0.06103515625,-0.98876953125,0.10986328125,-0.3173828125,-0.13427734375,-1.0009765625,0.2197265625,-0.8056640625,0.1220703125,-1.4892578125,-0.23193359375,-0.28076171875,0.35400390625,-0.3173828125,0.10986328125,-1.220703125,-0.146484375,0.45166015625,-0.29296875,0.4150390625,0.18310546875,1.35498046875,-0.1220703125,1.123046875,0.3662109375,-0.68359375,-0.03662109375,-1.4404296875,-0.048828125,-1.0498046875,-0.09765625,0.4150390625,0.06103515625,0.03662109375,-0.048828125,-0.28076171875,-0.08544921875,-0.32958984375,-0.10986328125,-0.30517578125,-0.08544921875,0.06103515625,-0.06103515625,0.81787109375,-0.09765625,-0.4638671875,-0.01220703125,-0.52490234375
1,-0.0244140625,-0.3662109375,0.06103515625,-0.29296875,0.0732421875,-0.3662109375,0.0244140625,0.03662109375,0.15869140625,0.6103515625,0.18310546875,-0.37841796875,0.146484375,1.416015625,0.1708984375,2.30712890625,-0.048828125,0,0.15869140625,0.341796875,-0.048828125,1.15966796875,-0.15869140625,-0.20751953125,-0.1953125,-0.1708984375,-0.09765625,-0.7568359375,-0.15869140625,0.93994140625,-0.10986328125,0.244140625,-0.0732421875,-0.29296875,0.10986328125,-0.84228515625,0.01220703125,-0.40283203125,-0.2685546875,-0.67138671875,0.146484375,-0.13427734375,-0.10986328125,-0.634765625,-0.1220703125,-0.4150390625,-0.23193359375,0.67138671875,-0.1708984375,1.15966796875,-0.1708984375,0.47607421875,0.0732421875,-0.1708984375,-0.1953125,0.7568359375,-0.048828125,0.59814453125,0.28076171875,0.439453125,-0.0244140625,0.45166015625,-0.048828125,0.09765625,-0.08544921875,0.37841796875,0.09765625,1.06201171875,0.01220703125,0.23193359375,-0.23193359375,0.25634765625,-0.18310546875,0.341796875,-0.0732421875,0.7568359375,0.03662109375,0.1220703125,0.03662109375,1.416015625,0,-0.9765625,0.10986328125,-0.32958984375,-0.146484375,-0.98876953125,0.1708984375,-0.81787109375,0.10986328125,-1.4892578125,-0.1953125,-0.28076171875,0.25634765625,-0.3173828125,0.20751953125,-1.18408203125,-0.1708984375,1.025390625,-0.20751953125,0.96435546875,0.15869140625,2.0751953125,-0.06103515625,1.611328125,0.341796875,-0.69580078125,-0.01220703125,-1.42822265625,0.03662109375,-1.03759765625,-0.0732421875,0.42724609375,0.0732421875,0.0244140625,-0.06103515625,-0.341796875,-0.06103515625,-0.341796875,-0.1220703125,-0.3173828125,-0.08544921875,0.048828125,-0.06103515625,0.8056640625,-0.09765625,-0.5126953125,-0.01220703125,-0.52490234375
1,-0.0244140625,-0.35400390625,0.06103515625,-0.28076171875,0.09765625,-0.3662109375,-0.0244140625,0.048828125,0.15869140625,0.3662109375,0.2197265625,-0.5859375,0.146484375,1.20849609375,0.09765625,1.171875,-0.1220703125,0.1708984375,0.1708984375,0.537109375,-0.03662109375,1.25732421875,-0.18310546875,-0.1220703125,-0.18310546875,-0.15869140625,-0.1708984375,-0.76904296875,-0.10986328125,0.927734375,-0.18310546875,0.244140625,-0.13427734375,-0.30517578125,0.09765625,-0.84228515625,0.0732421875,-0.40283203125,-0.2197265625,-0.68359375,0.23193359375,-0.146484375,-0.13427734375,-0.62255859375,-0.0244140625,-0.4150390625,-0.20751953125,0.6591796875,-0.10986328125,1.171875,-0.13427734375,0.48828125,0.06103515625,-0.146484375,-0.18310546875,0.7568359375,-0.08544921875,0.59814453125,0.3173828125,0.45166015625,0.0244140625,0.45166015625,-0.048828125,0.09765625,0.048828125,0.390625,0.10986328125,1.0498046875,0.0244140625,0.2197265625,-0.20751953125,0.25634765625,-0.146484375,0.32958984375,-0.01220703125,0.74462890625,0.01220703125,0.09765625,-0.0244140625,1.416015625,0.03662109375,-1.01318359375,0.06103515625,-0.341796875,-0.1220703125,-0.9765625,0.01220703125,-0.81787109375,0.1220703125,-1.46484375,-0.15869140625,-0.29296875,0.2197265625,-0.3173828125,0.32958984375,-1.20849609375,-0.18310546875,1.6845703125,-0.1953125,1.5869140625,0.146484375,2.86865234375,-0.01220703125,2.18505859375,0.1953125,-0.68359375,-0.0244140625,-1.4404296875,0.10986328125,-1.0498046875,-0.01220703125,0.40283203125,0.09765625,0,-0.08544921875,-0.37841796875,-0.06103515625,-0.3173828125,-0.13427734375,-0.3173828125,-0.08544921875,0.03662109375,-0.048828125,0.830078125,-0.10986328125,-0.5126953125,0,-0.52490234375
1,-0.01220703125,-0.35400390625,0.048828125,-0.2685546875,0.10986328125,-0.35400390625,-0.0244140625,0.048828125,0.1953125,0.146484375,0.23193359375,-0.76904296875,0.18310546875,1.0009765625,0.08544921875,0.1708984375,-0.08544921875,0.32958984375,0.20751953125,0.68359375,-0.048828125,1.35498046875,-0.13427734375,-0.09765625,-0.20751953125,-0.146484375,-0.18310546875,-0.79345703125,-0.03662109375,0.9033203125,-0.1953125,0.20751953125,-0.1220703125,-0.30517578125,0.06103515625,-0.84228515625,0.08544921875,-0.390625,-0.146484375,-0.68359375,0.30517578125,-0.15869140625,-0.146484375,-0.634765625,0.0732421875,-0.40283203125,-0.25634765625,0.6591796875,-0.048828125,1.18408203125,-0.15869140625,0.48828125,0.0244140625,-0.1220703125,-0.23193359375,0.74462890625,-0.10986328125,0.6103515625,0.30517578125,0.45166015625,0.1220703125,0.439453125,-0.06103515625,0.1220703125,0.1220703125,0.390625,0.1220703125,1.0986328125,0.03662109375,0.23193359375,-0.1708984375,0.25634765625,-0.146484375,0.341796875,0.0244140625,0.74462890625,0.0244140625,0.08544921875,-0.06103515625,1.37939453125,0.0244140625,-1.0009765625,0.048828125,-0.3173828125,-0.08544921875,-0.98876953125,-0.15869140625,-0.79345703125,0.13427734375,-1.47705078125,-0.10986328125,-0.2685546875,0.146484375,-0.32958984375,0.42724609375,-1.1962890625,-0.13427734375,2.34375,-0.13427734375,2.23388671875,0.2197265625,3.69873046875,0.0244140625,2.79541015625,-0.0244140625,-0.68359375,0.03662109375,-1.42822265625,0.1220703125,-1.0498046875,0,0.390625,0.10986328125,-0.01220703125,-0.09765625,-0.390625,-0.06103515625,-0.3173828125,-0.13427734375,-0.29296875,-0.06103515625,0,-0.06103515625,0.830078125,-0.09765625,-0.5126953125,0.03662109375,-0.54931640625
1,-0.01220703125,-0.341796875,0.03662109375,-0.25634765625,0.10986328125,-0.32958984375,-0.06103515625,0.03662109375,0.23193359375,-0.0244140625,0.2197265625,-0.91552734375,0.18310546875,0.87890625,0,-0.5859375,-0.10986328125,0.45166015625,0.244140625,0.78125,-0.08544921875,1.40380859375,-0.06103515625,-0.08544921875,-0.23193359375,-0.146484375,-0.13427734375,-0.78125,0.01220703125,0.9033203125,-0.1708984375,0.2197265625,-0.146484375,-0.29296875,0.01220703125,-0.8544921875,0.0732421875,-0.390625,-0.09765625,-0.7080078125,0.390625,-0.1708984375,-0.1708984375,-0.634765625,0.1708984375,-0.37841796875,-0.15869140625,0.67138671875,0.01220703125,1.15966796875,-0.13427734375,0.50048828125,-0.048828125,-0.1220703125,-0.23193359375,0.76904296875,-0.1220703125,0.64697265625,0.25634765625,0.439453125,0.20751953125,0.4638671875,-0.03662109375,0.1220703125,0.146484375,0.40283203125,0.15869140625,1.07421875,0.03662109375,0.20751953125,-0.10986328125,0.2685546875,-0.09765625,0.3173828125,0.01220703125,0.78125,-0.01220703125,0.06103515625,-0.09765625,1.37939453125,0,-0.98876953125,-0.0244140625,-0.32958984375,-0.1220703125,-0.96435546875,-0.28076171875,-0.78125,0.18310546875,-1.50146484375,-0.03662109375,-0.25634765625,0.13427734375,-0.3173828125,0.439453125,-1.1962890625,-0.13427734375,3.0029296875,-0.0732421875,2.84423828125,0.18310546875,4.47998046875,0.048828125,3.38134765625,-0.244140625,-0.69580078125,0.01220703125,-1.40380859375,0.0732421875,-1.03759765625,0,0.37841796875,0.10986328125,-0.01220703125,-0.10986328125,-0.4150390625,-0.08544921875,-0.30517578125,-0.15869140625,-0.29296875,-0.06103515625,-0.01220703125,-0.03662109375,0.830078125,-0.13427734375,-0.48828125,0.06103515625,-0.537109375
1,0.048828125,-0.341796875,0.03662109375,-0.25634765625,0.0732421875,-0.341796875,-0.0244140625,0.03662109375,0.25634765625,-0.1220703125,0.20751953125,-0.98876953125,0.1708984375,0.81787109375,-0.048828125,-1.01318359375,-0.09765625,0.537109375,0.2685546875,0.86669921875,-0.146484375,1.42822265625,0.03662109375,-0.13427734375,-0.28076171875,-0.146484375,-0.08544921875,-0.78125,0.0732421875,0.9033203125,-0.09765625,0.23193359375,-0.1708984375,-0.28076171875,-0.03662109375,-0.8544921875,0.0244140625,-0.390625,-0.01220703125,-0.732421875,0.439453125,-0.18310546875,-0.18310546875,-0.62255859375,0.244140625,-0.35400390625,-0.146484375,0.634765625,0.048828125,1.13525390625,-0.08544921875,0.50048828125,-0.06103515625,-0.1220703125,-0.2685546875,0.7568359375,-0.18310546875,0.64697265625,0.18310546875,0.439453125,0.25634765625,0.4638671875,-0.048828125,0.15869140625,0.1708984375,0.40283203125,0.18310546875,1.08642578125,0,0.18310546875,-0.0732421875,0.244140625,-0.03662109375,0.29296875,0.03662109375,0.79345703125,0,0.0244140625,-0.15869140625,1.3671875,-0.06103515625,-0.9765625,-0.0732421875,-0.341796875,-0.146484375,-0.98876953125,-0.37841796875,-0.78125,0.23193359375,-1.4892578125,0.01220703125,-0.23193359375,0.15869140625,-0.3173828125,0.45166015625,-1.171875,-0.08544921875,3.5400390625,0.06103515625,3.35693359375,0.09765625,5.17578125,0.08544921875,3.86962890625,-0.40283203125,-0.7080078125,-0.01220703125,-1.3916015625,0,-1.025390625,-0.01220703125,0.37841796875,0.10986328125,0.01220703125,-0.10986328125,-0.4150390625,-0.0732421875,-0.2685546875,-0.18310546875,-0.28076171875,-0.048828125,-0.03662109375,-0.0732421875,0.830078125,-0.146484375,-0.45166015625,0.0732421875,-0.537109375
1,0.08544921875,-0.3173828125,0.03662109375,-0.29296875,0.09765625,-0.3173828125,0,0.048828125,0.30517578125,-0.13427734375,0.23193359375,-0.96435546875,0.18310546875,0.84228515625,-0.1708984375,-0.98876953125,-0.10986328125,0.5859375,0.25634765625,0.927734375,-0.25634765625,1.45263671875,0.13427734375,-0.15869140625,-0.3173828125,-0.1708984375,-0.01220703125,-0.78125,0.10986328125,0.9033203125,-0.01220703125,0.2197265625,-0.13427734375,-0.244140625,-0.09765625,-0.86669921875,-0.0244140625,-0.390625,-0.0244140625,-0.76904296875,0.42724609375,-0.1953125,-0.1708984375,-0.634765625,0.28076171875,-0.341796875,-0.10986328125,0.634765625,0.09765625,1.123046875,-0.01220703125,0.48828125,-0.08544921875,-0.09765625,-0.2685546875,0.7568359375,-0.2197265625,0.64697265625,0.1220703125,0.439453125,0.2685546875,0.50048828125,-0.03662109375,0.146484375,0.2197265625,0.40283203125,0.146484375,1.08642578125,-0.01220703125,0.1708984375,0,0.23193359375,0.01220703125,0.2685546875,0.048828125,0.8056640625,-0.0244140625,0.01220703125,-0.13427734375,1.3671875,-0.09765625,-0.98876953125,-0.13427734375,-0.341796875,-0.18310546875,-0.98876953125,-0.3662109375,-0.7568359375,0.23193359375,-1.4892578125,0.048828125,-0.244140625,0.15869140625,-0.3173828125,0.37841796875,-1.171875,0,3.9794921875,0.0732421875,3.74755859375,0.01220703125,5.77392578125,0.06103515625,4.248046875,-0.4638671875,-0.72021484375,-0.03662109375,-1.42822265625,-0.0732421875,-1.01318359375,-0.048828125,0.390625,0.0732421875,0.0244140625,-0.10986328125,-0.390625,-0.0732421875,-0.23193359375,-0.1953125,-0.28076171875,-0.0732421875,-0.048828125,-0.06103515625,0.84228515625,-0.1708984375,-0.439453125,0.1220703125,-0.50048828125
1,0.0732421875,-0.341796875,0.048828125,-0.28076171875,0.08544921875,-0.35400390625,0.01220703125,0.03662109375,0.30517578125,-0.06103515625,0.2197265625,-0.8544921875,0.15869140625,0.9521484375,-0.1708984375,-0.5126953125,-0.13427734375,0.59814453125,0.18310546875,0.9521484375,-0.30517578125,1.4404296875,0.18310546875,-0.18310546875,-0.341796875,-0.1708984375,0.06103515625,-0.79345703125,0.13427734375,0.9033203125,0.08544921875,0.2197265625,-0.18310546875,-0.244140625,-0.1220703125,-0.87890625,-0.10986328125,-0.37841796875,-0.01220703125,-0.7568359375,0.3662109375,-0.18310546875,-0.09765625,-0.6103515625,0.244140625,-0.35400390625,-0.06103515625,0.64697265625,0.08544921875,1.11083984375,0.08544921875,0.47607421875,-0.08544921875,-0.1220703125,-0.3173828125,0.7568359375,-0.2685546875,0.6591796875,0.048828125,0.45166015625,0.28076171875,0.5126953125,0.01220703125,0.146484375,0.28076171875,0.390625,0.1220703125,1.08642578125,-0.0244140625,0.1708984375,0.0244140625,0.244140625,0.03662109375,0.2685546875,0.03662109375,0.86669921875,-0.06103515625,-0.01220703125,-0.13427734375,1.37939453125,-0.1708984375,-0.9765625,-0.15869140625,-0.341796875,-0.25634765625,-1.01318359375,-0.28076171875,-0.72021484375,0.25634765625,-1.513671875,0.048828125,-0.2197265625,0.2197265625,-0.30517578125,0.23193359375,-1.13525390625,0.048828125,4.248046875,0.0732421875,3.955078125,-0.06103515625,6.23779296875,0.06103515625,4.5166015625,-0.4150390625,-0.74462890625,-0.13427734375,-1.4404296875,-0.13427734375,-1.01318359375,-0.048828125,0.4150390625,0.08544921875,0.03662109375,-0.08544921875,-0.37841796875,-0.06103515625,-0.244140625,-0.1953125,-0.29296875,-0.06103515625,-0.048828125,-0.08544921875,0.830078125,-0.1953125,-0.40283203125,0.13427734375,-0.5126953125
1,0.08544921875,-0.3662109375,0.06103515625,-0.29296875,0.10986328125,-0.3662109375,0.03662109375,0.048828125,0.2685546875,0.146484375,0.18310546875,-0.67138671875,0.10986328125,1.11083984375,-0.13427734375,0.40283203125,-0.10986328125,0.5859375,0.09765625,0.93994140625,-0.3173828125,1.416015625,0.146484375,-0.1953125,-0.3173828125,-0.1708984375,0.08544921875,-0.79345703125,0.1708984375,0.9033203125,0.13427734375,0.23193359375,-0.20751953125,-0.2685546875,-0.13427734375,-0.9033203125,-0.1708984375,-0.390625,-0.01220703125,-0.76904296875,0.244140625,-0.15869140625,-0.09765625,-0.62255859375,0.146484375,-0.341796875,-0.048828125,0.64697265625,0.03662109375,1.0986328125,0.146484375,0.48828125,-0.08544921875,-0.146484375,-0.390625,0.76904296875,-0.29296875,0.6591796875,-0.0244140625,0.439453125,0.3173828125,0.52490234375,0.09765625,0.146484375,0.35400390625,0.35400390625,0.06103515625,1.06201171875,-0.06103515625,0.15869140625,0.06103515625,0.244140625,0.09765625,0.25634765625,0.01220703125,0.830078125,-0.09765625,-0.0244140625,-0.1220703125,1.37939453125,-0.20751953125,-0.93994140625,-0.1708984375,-0.32958984375,-0.30517578125,-1.01318359375,-0.18310546875,-0.7080078125,0.25634765625,-1.4892578125,0.0244140625,-0.20751953125,0.244140625,-0.28076171875,0.0732421875,-1.13525390625,0.10986328125,4.35791015625,0.0244140625,4.06494140625,-0.0732421875,6.5185546875,0.03662109375,4.62646484375,-0.28076171875,-0.732421875,-0.20751953125,-1.416015625,-0.20751953125,-1.01318359375,-0.0732421875,0.4150390625,0.0732421875,0.06103515625,-0.09765625,-0.341796875,-0.08544921875,-0.28076171875,-0.1953125,-0.30517578125,-0.048828125,-0.048828125,-0.06103515625,0.81787109375,-0.20751953125,-0.40283203125,0.10986328125,-0.50048828125
1,0.08544921875,-0.37841796875,0.08544921875,-0.30517578125,0.09765625,-0.37841796875,0.048828125,0.03662109375,0.28076171875,0.4150390625,0.1708984375,-0.40283203125,0.048828125,1.35498046875,-0.08544921875,1.5869140625,-0.1220703125,0.537109375,-0.01220703125,0.87890625,-0.341796875,1.37939453125,0.01220703125,-0.15869140625,-0.23193359375,-0.1708984375,0.1220703125,-0.79345703125,0.15869140625,0.9033203125,0.1708984375,0.244140625,-0.244140625,-0.25634765625,-0.1708984375,-0.87890625,-0.23193359375,-0.40283203125,-0.06103515625,-0.76904296875,0.06103515625,-0.1708984375,-0.08544921875,-0.62255859375,0.048828125,-0.3662109375,-0.09765625,0.62255859375,0.01220703125,1.11083984375,0.146484375,0.4638671875,-0.09765625,-0.146484375,-0.40283203125,0.74462890625,-0.29296875,0.6591796875,0.0244140625,0.439453125,0.341796875,0.52490234375,0.2197265625,0.146484375,0.32958984375,0.35400390625,0.0244140625,1.06201171875,-0.06103515625,0.15869140625,0.03662109375,0.2197265625,0.08544921875,0.2685546875,0,0.81787109375,-0.10986328125,-0.01220703125,-0.09765625,1.3671875,-0.2685546875,-0.927734375,-0.1708984375,-0.32958984375,-0.3173828125,-0.98876953125,-0.0244140625,-0.72021484375,0.25634765625,-1.4892578125,-0.0244140625,-0.23193359375,0.244140625,-0.2685546875,-0.08544921875,-1.123046875,0.20751953125,4.345703125,-0.048828125,4.052734375,-0.0244140625,6.6650390625,0.0244140625,4.65087890625,-0.1220703125,-0.72021484375,-0.2685546875,-1.4404296875,-0.20751953125,-1.025390625,-0.146484375,0.4150390625,0.08544921875,0.0732421875,-0.09765625,-0.341796875,-0.06103515625,-0.2685546875,-0.23193359375,-0.29296875,-0.048828125,0.01220703125,-0.08544921875,0.81787109375,-0.20751953125,-0.42724609375,0.09765625,-0.47607421875
1,0.0732421875,-0.390625,0.0732421875,-0.341796875,0.09765625,-0.37841796875,0.048828125,0.0244140625,0.28076171875,0.74462890625,0.15869140625,-0.10986328125,0,1.66015625,-0.048828125,2.96630859375,-0.0732421875,0.48828125,-0.06103515625,0.8056640625,-0.28076171875,1.3671875,-0.18310546875,-0.13427734375,-0.1708984375,-0.1708984375,0.1220703125,-0.78125,0.13427734375,0.927734375,0.18310546875,0.244140625,-0.28076171875,-0.244140625,-0.146484375,-0.87890625,-0.28076171875,-0.40283203125,-0.09765625,-0.74462890625,-0.0732421875,-0.146484375,-0.09765625,-0.62255859375,-0.06103515625,-0.390625,-0.13427734375,0.634765625,-0.0732421875,1.13525390625,0.146484375,0.4638671875,-0.06103515625,-0.146484375,-0.40283203125,0.7568359375,-0.29296875,0.64697265625,0.06103515625,0.439453125,0.29296875,0.52490234375,0.29296875,0.13427734375,0.3662109375,0.35400390625,-0.0732421875,1.06201171875,-0.09765625,0.1708984375,0.06103515625,0.244140625,0.06103515625,0.28076171875,0.01220703125,0.84228515625,-0.10986328125,0,-0.0732421875,1.37939453125,-0.29296875,-0.91552734375,-0.15869140625,-0.341796875,-0.28076171875,-1.0009765625,0.0732421875,-0.74462890625,0.2685546875,-1.47705078125,-0.0732421875,-0.25634765625,0.1953125,-0.2685546875,-0.20751953125,-1.171875,0.20751953125,4.2724609375,-0.0732421875,3.94287109375,-0.08544921875,6.6650390625,-0.10986328125,4.58984375,0.01220703125,-0.72021484375,-0.29296875,-1.42822265625,-0.23193359375,-1.0009765625,-0.2197265625,0.439453125,0.08544921875,0.08544921875,-0.1220703125,-0.29296875,-0.0732421875,-0.3173828125,-0.25634765625,-0.29296875,-0.03662109375,0.0244140625,-0.0732421875,0.81787109375,-0.1953125,-0.42724609375,0.06103515625,-0.47607421875
1,0.08544921875,-0.37841796875,0.0732421875,-0.341796875,0.09765625,-0.390625,0.048828125,0.0244140625,0.23193359375,1.11083984375,0.1708984375,0.23193359375,-0.03662109375,1.96533203125,-0.01220703125,4.43115234375,-0.08544921875,0.439453125,-0.15869140625,0.7568359375,-0.30517578125,1.35498046875,-0.3662109375,-0.146484375,-0.048828125,-0.15869140625,0.0732421875,-0.76904296875,0.146484375,0.9521484375,0.15869140625,0.23193359375,-0.25634765625,-0.2685546875,-0.13427734375,-0.8544921875,-0.3662109375,-0.4150390625,-0.1708984375,-0.72021484375,-0.18310546875,-0.13427734375,-0.13427734375,-0.62255859375,-0.146484375,-0.4150390625,-0.244140625,0.62255859375,-0.1220703125,1.15966796875,0.15869140625,0.47607421875,0.01220703125,-0.1708984375,-0.390625,0.732421875,-0.3173828125,0.64697265625,0.10986328125,0.45166015625,0.23193359375,0.5126953125,0.28076171875,0.1220703125,0.3662109375,0.35400390625,-0.1708984375,1.0498046875,-0.09765625,0.1708984375,0.03662109375,0.244140625,0.0732421875,0.30517578125,-0.01220703125,0.81787109375,-0.06103515625,0.0244140625,-0.048828125,1.3916015625,-0.29296875,-0.9033203125,-0.1220703125,-0.32958984375,-0.18310546875,-1.0009765625,0.13427734375,-0.7568359375,0.23193359375,-1.50146484375,-0.13427734375,-0.244140625,0.0732421875,-0.2685546875,-0.1708984375,-1.15966796875,0.18310546875,4.0771484375,-0.06103515625,3.79638671875,-0.0732421875,6.54296875,-0.244140625,4.443359375,0.1220703125,-0.72021484375,-0.2197265625,-1.4404296875,-0.244140625,-1.0009765625,-0.30517578125,0.439453125,0.08544921875,0.048828125,-0.146484375,-0.29296875,-0.0732421875,-0.32958984375,-0.30517578125,-0.30517578125,-0.048828125,0.048828125,-0.0732421875,0.81787109375,-0.18310546875,-0.4638671875,0.03662109375,-0.47607421875
1,0.0732421875,-0.390625,0.09765625,-0.341796875,0.08544921875,-0.390625,0.03662109375,0.01220703125,0.244140625,1.47705078125,0.1708984375,0.54931640625,-0.09765625,2.2705078125,-0.08544921875,5.82275390625,-0.08544921875,0.390625,-0.20751953125,0.732421875,-0.29296875,1.318359375,-0.47607421875,-0.15869140625,0.08544921875,-0.15869140625,0.06103515625,-0.76904296875,0.15869140625,0.9521484375,0.1220703125,0.25634765625,-0.15869140625,-0.2685546875,-0.10986328125,-0.8544921875,-0.37841796875,-0.42724609375,-0.23193359375,-0.69580078125,-0.20751953125,-0.13427734375,-0.23193359375,-0.62255859375,-0.1953125,-0.42724609375,-0.28076171875,0.6103515625,-0.15869140625,1.171875,0.15869140625,0.45166015625,0.08544921875,-0.18310546875,-0.4150390625,0.74462890625,-0.341796875,0.634765625,0.1220703125,0.42724609375,0.244140625,0.48828125,0.244140625,0.10986328125,0.32958984375,0.37841796875,-0.244140625,1.06201171875,-0.09765625,0.15869140625,0.0244140625,0.2685546875,0.03662109375,0.3173828125,-0.0244140625,0.81787109375,0.01220703125,0.06103515625,-0.0732421875,1.40380859375,-0.2685546875,-0.87890625,-0.06103515625,-0.341796875,-0.08544921875,-0.98876953125,0.15869140625,-0.74462890625,0.1953125,-1.50146484375,-0.18310546875,-0.25634765625,-0.09765625,-0.2685546875,-0.10986328125,-1.18408203125,0.1220703125,3.86962890625,-0.03662109375,3.6376953125,-0.06103515625,6.3232421875,-0.341796875,4.296875,0.1708984375,-0.72021484375,-0.13427734375,-1.4404296875,-0.23193359375,-1.0009765625,-0.35400390625,0.45166015625,0.0732421875,0.0244140625,-0.18310546875,-0.28076171875,-0.0732421875,-0.341796875,-0.30517578125,-0.3173828125,-0.0732421875,0.048828125,-0.0732421875,0.81787109375,-0.15869140625,-0.47607421875,0.01220703125,-0.47607421875
1,0.048828125,-0.35400390625,0.09765625,-0.341796875,0.10986328125,-0.390625,0.01220703125,0.03662109375,0.20751953125,1.806640625,0.1708984375,0.8544921875,-0.146484375,2.5634765625,0.09765625,7.0556640625,-0.048828125,0.35400390625,-0.18310546875,0.64697265625,-0.3173828125,1.30615234375,-0.5615234375,-0.1953125,0.1708984375,-0.18310546875,0.01220703125,-0.7568359375,0.18310546875,0.927734375,0.0244140625,0.23193359375,-0.0732421875,-0.29296875,-0.08544921875,-0.86669921875,-0.40283203125,-0.42724609375,-0.29296875,-0.7080078125,-0.146484375,-0.13427734375,-0.29296875,-0.59814453125,-0.2197265625,-0.42724609375,-0.3662109375,0.59814453125,-0.18310546875,1.18408203125,0.1220703125,0.47607421875,0.15869140625,-0.1708984375,-0.3662109375,0.74462890625,-0.32958984375,0.62255859375,0.1708984375,0.439453125,0.2197265625,0.47607421875,0.28076171875,0.10986328125,0.2685546875,0.37841796875,-0.30517578125,1.06201171875,-0.10986328125,0.146484375,0,0.28076171875,0.03662109375,0.32958984375,-0.048828125,0.81787109375,0.0732421875,0.048828125,-0.08544921875,1.40380859375,-0.2197265625,-0.9033203125,-0.0244140625,-0.341796875,0.0244140625,-1.01318359375,0.06103515625,-0.76904296875,0.15869140625,-1.513671875,-0.1953125,-0.2685546875,-0.20751953125,-0.29296875,0,-1.20849609375,-0.048828125,3.662109375,-0.0244140625,3.4912109375,-0.06103515625,6.01806640625,-0.390625,4.13818359375,0.1220703125,-0.69580078125,-0.01220703125,-1.40380859375,-0.244140625,-1.0009765625,-0.390625,0.4638671875,0.0732421875,0,-0.2197265625,-0.30517578125,-0.0732421875,-0.341796875,-0.341796875,-0.30517578125,-0.06103515625,0.06103515625,-0.0732421875,0.830078125,-0.18310546875,-0.50048828125,0,-0.52490234375
1,0.0244140625,-0.3662109375,0.08544921875,-0.3173828125,0.13427734375,-0.3662109375,-0.0244140625,0.048828125,0.2197265625,2.099609375,0.13427734375,1.0986328125,-0.244140625,2.77099609375,0.10986328125,8.06884765625,-0.08544921875,0.3173828125,-0.146484375,0.57373046875,-0.35400390625,1.2939453125,-0.439453125,-0.23193359375,0.1953125,-0.146484375,0.01220703125,-0.8056640625,0.1953125,0.91552734375,-0.0244140625,0.2197265625,0.048828125,-0.29296875,-0.03662109375,-0.8544921875,-0.35400390625,-0.42724609375,-0.30517578125,-0.69580078125,-0.048828125,-0.15869140625,-0.37841796875,-0.6103515625,-0.20751953125,-0.45166015625,-0.4150390625,0.5859375,-0.18310546875,1.1962890625,0.0732421875,0.47607421875,0.23193359375,-0.1708984375,-0.32958984375,0.76904296875,-0.3173828125,0.6103515625,0.23193359375,0.439453125,0.18310546875,0.45166015625,0.341796875,0.10986328125,0.1708984375,0.390625,-0.3173828125,1.08642578125,-0.13427734375,0.13427734375,-0.03662109375,0.28076171875,-0.048828125,0.341796875,-0.06103515625,0.8056640625,0.1708984375,0.03662109375,-0.1220703125,1.416015625,-0.15869140625,-0.927734375,0.03662109375,-0.341796875,0.10986328125,-1.01318359375,0,-0.78125,0.08544921875,-1.513671875,-0.18310546875,-0.28076171875,-0.28076171875,-0.32958984375,0.1953125,-1.20849609375,-0.1953125,3.45458984375,-0.0732421875,3.35693359375,-0.0244140625,5.6640625,-0.35400390625,3.99169921875,0.048828125,-0.68359375,0.13427734375,-1.416015625,-0.20751953125,-1.0009765625,-0.37841796875,0.45166015625,0.048828125,0,-0.20751953125,-0.3173828125,-0.0732421875,-0.341796875,-0.341796875,-0.30517578125,-0.0732421875,0.0244140625,-0.08544921875,0.8056640625,-0.18310546875,-0.47607421875,0.01220703125,-0.537109375
0,0.0244140625,-0.390625,0.08544921875,-0.29296875,0.13427734375,-0.3662109375,-0.03662109375,0.08544921875,0.29296875,2.28271484375,0.15869140625,1.26953125,-0.2685546875,2.9296875,0.23193359375,8.80126953125,-0.09765625,0.28076171875,-0.1708984375,0.537109375,-0.5126953125,1.28173828125,-0.3662109375,-0.2685546875,0.15869140625,-0.15869140625,-0.0244140625,-0.81787109375,0.15869140625,0.91552734375,-0.1220703125,0.23193359375,0.18310546875,-0.30517578125,-0.0244140625,-0.8544921875,-0.3173828125,-0.42724609375,-0.29296875,-0.69580078125,0.048828125,-0.18310546875,-0.35400390625,-0.59814453125,-0.1708984375,-0.45166015625,-0.45166015625,0.5859375,-0.1953125,1.18408203125,0.03662109375,0.5126953125,0.30517578125,-0.15869140625,-0.29296875,0.78125,-0.341796875,0.6103515625,0.2685546875,0.439453125,0.20751953125,0.4638671875,0.390625,0.1220703125,0.08544921875,0.3662109375,-0.30517578125,1.08642578125,-0.13427734375,0.146484375,-0.0732421875,0.28076171875,-0.0732421875,0.35400390625,-0.0732421875,0.81787109375,0.1953125,0.03662109375,-0.15869140625,1.42822265625,-0.06103515625,-0.98876953125,0.0732421875,-0.35400390625,0.1220703125,-1.01318359375,-0.048828125,-0.78125,0.0244140625,-1.52587890625,-0.15869140625,-0.29296875,-0.2685546875,-0.341796875,0.29296875,-1.20849609375,-0.30517578125,3.25927734375,-0.13427734375,3.2470703125,-0.03662109375,5.2490234375,-0.2685546875,3.82080078125,-0.03662109375,-0.68359375,0.1953125,-1.40380859375,-0.18310546875,-1.01318359375,-0.32958984375,0.42724609375,0.0244140625,-0.01220703125,-0.18310546875,-0.3173828125,-0.06103515625,-0.3173828125,-0.30517578125,-0.28076171875,-0.06103515625,-0.01220703125,-0.08544921875,0.830078125,-0.1953125,-0.47607421875,0,-0.54931640625
0,0.03662109375,-0.37841796875,0.06103515625,-0.25634765625,0.146484375,-0.35400390625,-0.0732421875,0.08544921875,0.3173828125,2.40478515625,0.1708984375,1.37939453125,-0.30517578125,3.03955078125,0.25634765625,9.27734375,-0.06103515625,0.244140625,-0.0732421875,0.47607421875,-0.54931640625,1.25732421875,-0.1220703125,-0.341796875,0.09765625,-0.146484375,-0.03662109375,-0.79345703125,0.09765625,0.93994140625,-0.1953125,0.23193359375,0.28076171875,-0.3173828125,-0.0244140625,-0.87890625,-0.244140625,-0.4638671875,-0.25634765625,-0.69580078125,0.146484375,-0.1953125,-0.244140625,-0.5859375,-0.13427734375,-0.439453125,-0.4150390625,0.62255859375,-0.1953125,1.171875,0,0.48828125,0.341796875,-0.13427734375,-0.23193359375,0.79345703125,-0.341796875,0.6103515625,0.244140625,0.4150390625,0.2197265625,0.47607421875,0.439453125,0.1220703125,-0.01220703125,0.37841796875,-0.35400390625,1.07421875,-0.13427734375,0.15869140625,-0.06103515625,0.2685546875,-0.10986328125,0.32958984375,-0.08544921875,0.84228515625,0.2197265625,0.01220703125,-0.1708984375,1.416015625,0.03662109375,-0.98876953125,0.10986328125,-0.35400390625,0.0732421875,-1.0009765625,-0.06103515625,-0.79345703125,-0.01220703125,-1.52587890625,-0.1220703125,-0.30517578125,-0.15869140625,-0.3173828125,0.29296875,-1.1962890625,-0.3662109375,3.1005859375,-0.20751953125,3.11279296875,-0.13427734375,4.84619140625,-0.1953125,3.662109375,-0.06103515625,-0.67138671875,0.1953125,-1.40380859375,-0.2197265625,-1.01318359375,-0.29296875,0.4150390625,0,-0.01220703125,-0.1708984375,-0.32958984375,-0.0732421875,-0.28076171875,-0.30517578125,-0.29296875,-0.06103515625,-0.03662109375,-0.08544921875,0.830078125,-0.18310546875,-0.439453125,-0.01220703125,-0.54931640625
0,0.06103515625,-0.37841796875,0.0244140625,-0.25634765625,0.1220703125,-0.3662109375,-0.08544921875,0.08544921875,0.35400390625,2.44140625,0.146484375,1.3916015625,-0.32958984375,3.08837890625,0.32958984375,9.4482421875,-0.08544921875,0.1708984375,0.01220703125,0.42724609375,-0.50048828125,1.220703125,0.1953125,-0.45166015625,-0.03662109375,-0.15869140625,-0.03662109375,-0.79345703125,0,0.9521484375,-0.25634765625,0.23193359375,0.3173828125,-0.30517578125,-0.0244140625,-0.87890625,-0.18310546875,-0.4638671875,-0.2197265625,-0.732421875,0.23193359375,-0.23193359375,-0.1708984375,-0.62255859375,-0.06103515625,-0.42724609375,-0.390625,0.634765625,-0.18310546875,1.171875,0,0.52490234375,0.390625,-0.146484375,-0.15869140625,0.78125,-0.35400390625,0.6103515625,0.2197265625,0.42724609375,0.28076171875,0.50048828125,0.42724609375,0.13427734375,-0.10986328125,0.35400390625,-0.3173828125,1.08642578125,-0.146484375,0.1708984375,-0.0732421875,0.25634765625,-0.15869140625,0.32958984375,-0.06103515625,0.8544921875,0.20751953125,0,-0.146484375,1.3916015625,0.09765625,-1.01318359375,0.1220703125,-0.32958984375,-0.0244140625,-1.0009765625,-0.03662109375,-0.79345703125,-0.0244140625,-1.513671875,-0.0732421875,-0.3173828125,0,-0.341796875,0.2685546875,-1.18408203125,-0.390625,2.86865234375,-0.28076171875,2.96630859375,-0.15869140625,4.4677734375,-0.10986328125,3.47900390625,-0.0244140625,-0.67138671875,0.13427734375,-1.416015625,-0.2197265625,-1.025390625,-0.2197265625,0.390625,-0.01220703125,0,-0.146484375,-0.341796875,-0.0732421875,-0.2685546875,-0.3173828125,-0.28076171875,-0.0732421875,-0.048828125,-0.08544921875,0.830078125,-0.18310546875,-0.439453125,-0.03662109375,-0.537109375
0,0.06103515625,-0.3662109375,0.01220703125,-0.25634765625,0.1220703125,-0.3662109375,-0.08544921875,0.0732421875,0.4150390625,2.42919921875,0.15869140625,1.3671875,-0.3662109375,3.076171875,0.42724609375,9.423828125,-0.146484375,0.0732421875,-0.01220703125,0.341796875,-0.47607421875,1.15966796875,0.23193359375,-0.54931640625,-0.18310546875,-0.13427734375,-0.08544921875,-0.7568359375,-0.1220703125,0.93994140625,-0.28076171875,0.23193359375,0.35400390625,-0.30517578125,-0.048828125,-0.89111328125,-0.09765625,-0.45166015625,-0.1953125,-0.74462890625,0.244140625,-0.2197265625,-0.09765625,-0.62255859375,0,-0.4150390625,-0.30517578125,0.64697265625,-0.1953125,1.15966796875,0.01220703125,0.537109375,0.42724609375,-0.15869140625,-0.10986328125,0.76904296875,-0.3662109375,0.62255859375,0.15869140625,0.4150390625,0.3173828125,0.537109375,0.40283203125,0.146484375,-0.18310546875,0.341796875,-0.29296875,1.08642578125,-0.15869140625,0.18310546875,-0.06103515625,0.244140625,-0.1953125,0.3173828125,-0.09765625,0.89111328125,0.1708984375,-0.0244140625,-0.10986328125,1.3916015625,0.15869140625,-1.0009765625,0.13427734375,-0.32958984375,-0.15869140625,-0.9765625,0,-0.79345703125,-0.0244140625,-1.50146484375,-0.03662109375,-0.3173828125,0.13427734375,-0.341796875,0.18310546875,-1.18408203125,-0.35400390625,2.67333984375,-0.35400390625,2.79541015625,-0.20751953125,4.1015625,-0.048828125,3.271484375,0.0244140625,-0.69580078125,0,-1.4404296875,-0.1953125,-1.03759765625,-0.18310546875,0.390625,-0.0244140625,0.03662109375,-0.1220703125,-0.35400390625,-0.06103515625,-0.28076171875,-0.29296875,-0.2685546875,-0.06103515625,-0.03662109375,-0.08544921875,0.8544921875,-0.20751953125,-0.42724609375,-0.048828125,-0.537109375
0,0.0732421875,-0.341796875,-0.01220703125,-0.2685546875,0.1220703125,-0.35400390625,-0.09765625,0.03662109375,0.439453125,2.33154296875,0.1708984375,1.26953125,-0.3662109375,3.0029296875,0.50048828125,9.09423828125,-0.08544921875,-0.03662109375,0.1220703125,0.2685546875,-0.32958984375,1.11083984375,0.30517578125,-0.6103515625,-0.3173828125,-0.1708984375,-0.15869140625,-0.7568359375,-0.2197265625,0.93994140625,-0.2197265625,0.2197265625,0.341796875,-0.2685546875,-0.08544921875,-0.89111328125,0.01220703125,-0.47607421875,-0.146484375,-0.78125,0.25634765625,-0.23193359375,-0.0732421875,-0.634765625,0.09765625,-0.40283203125,-0.2197265625,0.634765625,-0.13427734375,1.15966796875,0.01220703125,0.5126953125,0.42724609375,-0.1708984375,-0.08544921875,0.7568359375,-0.3662109375,0.64697265625,0.09765625,0.439453125,0.28076171875,0.52490234375,0.28076171875,0.10986328125,-0.2197265625,0.3173828125,-0.28076171875,1.07421875,-0.1708984375,0.1953125,-0.03662109375,0.23193359375,-0.244140625,0.30517578125,-0.0732421875,0.87890625,0.146484375,-0.01220703125,-0.0244140625,1.3671875,0.2197265625,-0.98876953125,0.09765625,-0.341796875,-0.25634765625,-0.9765625,0.03662109375,-0.78125,0.01220703125,-1.4892578125,-0.0244140625,-0.30517578125,0.3173828125,-0.3173828125,0.09765625,-1.18408203125,-0.30517578125,2.4658203125,-0.40283203125,2.5634765625,-0.23193359375,3.77197265625,0.01220703125,3.076171875,0.10986328125,-0.7080078125,-0.1708984375,-1.416015625,-0.15869140625,-1.06201171875,-0.1220703125,0.3662109375,-0.0244140625,0.06103515625,-0.08544921875,-0.35400390625,-0.0732421875,-0.2685546875,-0.30517578125,-0.28076171875,-0.08544921875,-0.0244140625,-0.09765625,0.8544921875,-0.20751953125,-0.42724609375,-0.048828125,-0.5126953125
0,0.0732421875,-0.341796875,0.01220703125,-0.29296875,0.13427734375,-0.37841796875,-0.10986328125,0.03662109375,0.50048828125,2.18505859375,0.146484375,1.123046875,-0.37841796875,2.89306640625,0.5615234375,8.59375,-0.01220703125,-0.15869140625,0.09765625,0.1953125,-0.20751953125,1.03759765625,0.2685546875,-0.6103515625,-0.3662109375,-0.146484375,-0.23193359375,-0.7568359375,-0.23193359375,0.927734375,-0.15869140625,0.23193359375,0.2685546875,-0.29296875,-0.09765625,-0.87890625,0.09765625,-0.47607421875,-0.09765625,-0.7568359375,0.28076171875,-0.23193359375,-0.03662109375,-0.6591796875,0.18310546875,-0.4150390625,-0.10986328125,0.62255859375,-0.08544921875,1.15966796875,0.01220703125,0.5126953125,0.4150390625,-0.18310546875,-0.15869140625,0.74462890625,-0.37841796875,0.64697265625,0.0244140625,0.439453125,0.30517578125,0.54931640625,0.146484375,0.1220703125,-0.2685546875,0.29296875,-0.1953125,1.06201171875,-0.1953125,0.1953125,-0.01220703125,0.20751953125,-0.30517578125,0.2685546875,-0.06103515625,0.89111328125,0.09765625,-0.0244140625,0.048828125,1.3671875,0.244140625,-0.9765625,0.08544921875,-0.3173828125,-0.3173828125,-0.98876953125,0.048828125,-0.79345703125,0.08544921875,-1.4892578125,-0.01220703125,-0.30517578125,0.341796875,-0.30517578125,0.06103515625,-1.20849609375,-0.2197265625,2.23388671875,-0.439453125,2.28271484375,-0.23193359375,3.4912109375,0.0244140625,2.81982421875,0.146484375,-0.74462890625,-0.3173828125,-1.42822265625,-0.1220703125,-1.06201171875,-0.06103515625,0.390625,-0.03662109375,0.06103515625,-0.08544921875,-0.341796875,-0.06103515625,-0.2685546875,-0.28076171875,-0.30517578125,-0.08544921875,-0.01220703125,-0.09765625,0.84228515625,-0.1953125,-0.45166015625,-0.06103515625,-0.48828125
0,0.06103515625,-0.341796875,0.01220703125,-0.32958984375,0.146484375,-0.37841796875,-0.10986328125,0,0.48828125,1.98974609375,0.13427734375,0.91552734375,-0.390625,2.734375,0.54931640625,7.92236328125,0.03662109375,-0.25634765625,0.0732421875,0.1220703125,-0.09765625,0.96435546875,0.1953125,-0.634765625,-0.37841796875,-0.146484375,-0.29296875,-0.7568359375,-0.20751953125,0.91552734375,-0.0244140625,0.244140625,0.1953125,-0.29296875,-0.1708984375,-0.86669921875,0.15869140625,-0.47607421875,-0.08544921875,-0.7568359375,0.28076171875,-0.23193359375,-0.0244140625,-0.64697265625,0.25634765625,-0.4150390625,-0.048828125,0.634765625,-0.0244140625,1.15966796875,0.0244140625,0.50048828125,0.35400390625,-0.20751953125,-0.18310546875,0.72021484375,-0.3662109375,0.64697265625,-0.01220703125,0.4638671875,0.23193359375,0.54931640625,0.03662109375,0.1220703125,-0.28076171875,0.244140625,-0.15869140625,1.06201171875,-0.1708984375,0.23193359375,0.01220703125,0.20751953125,-0.30517578125,0.25634765625,-0.09765625,0.9033203125,0.08544921875,-0.0244140625,0.13427734375,1.35498046875,0.244140625,-0.9521484375,0.03662109375,-0.30517578125,-0.37841796875,-0.98876953125,0,-0.76904296875,0.13427734375,-1.47705078125,-0.0244140625,-0.29296875,0.3173828125,-0.30517578125,0.03662109375,-1.20849609375,-0.1220703125,1.98974609375,-0.4150390625,2.01416015625,-0.06103515625,3.1982421875,0.03662109375,2.57568359375,0.146484375,-0.74462890625,-0.42724609375,-1.45263671875,-0.06103515625,-1.0498046875,-0.0732421875,0.4150390625,-0.03662109375,0.06103515625,-0.06103515625,-0.3173828125,-0.06103515625,-0.29296875,-0.244140625,-0.30517578125,-0.09765625,0.0244140625,-0.10986328125,0.830078125,-0.15869140625,-0.47607421875,-0.0732421875,-0.47607421875
0,0.03662109375,-0.35400390625,0.01220703125,-0.32958984375,0.13427734375,-0.37841796875,-0.10986328125,-0.01220703125,0.48828125,1.7578125,0.1220703125,0.7080078125,-0.3662109375,2.52685546875,0.5126953125,7.12890625,0.08544921875,-0.3173828125,0.01220703125,0.09765625,0.0244140625,0.91552734375,0.10986328125,-0.5859375,-0.341796875,-0.146484375,-0.35400390625,-0.74462890625,-0.1220703125,0.89111328125,0.048828125,0.23193359375,0.09765625,-0.29296875,-0.2197265625,-0.87890625,0.1708984375,-0.4638671875,-0.09765625,-0.7568359375,0.28076171875,-0.20751953125,-0.0732421875,-0.634765625,0.2685546875,-0.4150390625,-0.01220703125,0.634765625,0.01220703125,1.171875,0.03662109375,0.48828125,0.2685546875,-0.20751953125,-0.18310546875,0.72021484375,-0.35400390625,0.64697265625,-0.01220703125,0.47607421875,0.1953125,0.537109375,0,0.1220703125,-0.3662109375,0.244140625,-0.06103515625,1.03759765625,-0.18310546875,0.244140625,0,0.2197265625,-0.29296875,0.2685546875,-0.10986328125,0.91552734375,0.06103515625,0,0.20751953125,1.3427734375,0.2197265625,-0.927734375,0.01220703125,-0.30517578125,-0.341796875,-0.98876953125,-0.06103515625,-0.7568359375,0.20751953125,-1.46484375,-0.03662109375,-0.2685546875,0.23193359375,-0.29296875,0.06103515625,-1.23291015625,-0.10986328125,1.7333984375,-0.3662109375,1.708984375,-0.08544921875,2.83203125,-0.01220703125,2.3193359375,0.09765625,-0.7080078125,-0.439453125,-1.4404296875,-0.03662109375,-1.03759765625,-0.09765625,0.42724609375,-0.0244140625,0.06103515625,-0.03662109375,-0.3173828125,-0.0732421875,-0.29296875,-0.23193359375,-0.30517578125,-0.10986328125,0.048828125,-0.1220703125,0.81787109375,-0.146484375,-0.45166015625,-0.09765625,-0.48828125
0,0.06103515625,-0.35400390625,-0.01220703125,-0.341796875,0.1220703125,-0.390625,-0.1220703125,0,0.50048828125,1.513671875,0.1220703125,0.4638671875,-0.341796875,2.294921875,0.4638671875,6.23779296875,0.1220703125,-0.30517578125,-0.0732421875,0.146484375,0.01220703125,0.927734375,-0.048828125,-0.47607421875,-0.2685546875,-0.15869140625,-0.40283203125,-0.76904296875,-0.03662109375,0.89111328125,0.0732421875,0.244140625,0.048828125,-0.30517578125,-0.244140625,-0.8544921875,0.1220703125,-0.439453125,-0.08544921875,-0.7568359375,0.28076171875,-0.18310546875,-0.1220703125,-0.634765625,0.29296875,-0.42724609375,-0.03662109375,0.62255859375,0.01220703125,1.18408203125,0.09765625,0.50048828125,0.244140625,-0.23193359375,-0.18310546875,0.7080078125,-0.390625,0.634765625,-0.03662109375,0.48828125,0.08544921875,0.52490234375,0.03662109375,0.09765625,-0.42724609375,0.244140625,0.01220703125,1.0498046875,-0.146484375,0.244140625,0.01220703125,0.23193359375,-0.32958984375,0.28076171875,-0.08544921875,0.89111328125,0.0732421875,0.0244140625,0.244140625,1.3427734375,0.1708984375,-0.927734375,-0.03662109375,-0.30517578125,-0.28076171875,-1.0009765625,-0.13427734375,-0.74462890625,0.25634765625,-1.45263671875,-0.0244140625,-0.25634765625,0.06103515625,-0.29296875,0.08544921875,-1.2451171875,-0.06103515625,1.416015625,-0.30517578125,1.3916015625,0.048828125,2.392578125,-0.06103515625,2.001953125,0.01220703125,-0.72021484375,-0.40283203125,-1.46484375,-0.06103515625,-1.0498046875,-0.13427734375,0.45166015625,-0.0244140625,0.03662109375,-0.0244140625,-0.30517578125,-0.06103515625,-0.3173828125,-0.2197265625,-0.3173828125,-0.09765625,0.06103515625,-0.1220703125,0.8056640625,-0.1220703125,-0.47607421875,-0.10986328125,-0.48828125
0,0.048828125,-0.35400390625,-0.01220703125,-0.3173828125,0.13427734375,-0.37841796875,-0.1220703125,0.01220703125,0.50048828125,1.25732421875,0.09765625,0.23193359375,-0.3173828125,2.0751953125,0.32958984375,5.2734375,0.1953125,-0.244140625,-0.09765625,0.244140625,0.06103515625,0.98876953125,-0.08544921875,-0.37841796875,-0.15869140625,-0.13427734375,-0.390625,-0.76904296875,0.08544921875,0.86669921875,0.048828125,0.23193359375,-0.01220703125,-0.30517578125,-0.30517578125,-0.8544921875,0.0732421875,-0.42724609375,-0.13427734375,-0.732421875,0.25634765625,-0.1708984375,-0.1953125,-0.6103515625,0.28076171875,-0.439453125,-0.0732421875,0.634765625,0.03662109375,1.1962890625,0.146484375,0.50048828125,0.18310546875,-0.23193359375,-0.18310546875,0.732421875,-0.4150390625,0.634765625,-0.01220703125,0.4638671875,-0.03662109375,0.52490234375,0.0732421875,0.08544921875,-0.4150390625,0.244140625,0.0244140625,1.025390625,-0.10986328125,0.23193359375,0,0.23193359375,-0.28076171875,0.29296875,-0.10986328125,0.89111328125,0.0732421875,0.03662109375,0.2685546875,1.3427734375,0.1220703125,-0.91552734375,-0.06103515625,-0.29296875,-0.15869140625,-1.0009765625,-0.20751953125,-0.74462890625,0.28076171875,-1.46484375,-0.0244140625,-0.23193359375,-0.09765625,-0.29296875,0.10986328125,-1.2451171875,-0.06103515625,1.11083984375,-0.1708984375,1.06201171875,0.03662109375,1.953125,-0.1708984375,1.708984375,-0.08544921875,-0.72021484375,-0.29296875,-1.45263671875,-0.1220703125,-1.0498046875,-0.20751953125,0.45166015625,-0.048828125,0.01220703125,0,-0.30517578125,-0.0732421875,-0.32958984375,-0.1953125,-0.32958984375,-0.10986328125,0.048828125,-0.13427734375,0.79345703125,-0.10986328125,-0.50048828125,-0.1220703125,-0.5126953125
0,0.06103515625,-0.35400390625,-0.01220703125,-0.30517578125,0.13427734375,-0.37841796875,-0.1220703125,0.048828125,0.50048828125,0.9765625,0.08544921875,0,-0.29296875,1.81884765625,0.23193359375,4.26025390625,0.20751953125,-0.09765625,-0.146484375,0.37841796875,-0.048828125,1.08642578125,-0.08544921875,-0.2685546875,-0.048828125,-0.13427734375,-0.35400390625,-0.79345703125,0.18310546875,0.89111328125,0,0.2197265625,-0.0244140625,-0.3173828125,-0.341796875,-0.84228515625,-0.03662109375,-0.4150390625,-0.1708984375,-0.732421875,0.15869140625,-0.1708984375,-0.28076171875,-0.59814453125,0.2685546875,-0.4638671875,-0.18310546875,0.6103515625,-0.01220703125,1.1962890625,0.20751953125,0.5126953125,0.10986328125,-0.20751953125,-0.1708984375,0.732421875,-0.42724609375,0.6103515625,0,0.45166015625,-0.18310546875,0.50048828125,0.0732421875,0.10986328125,-0.40283203125,0.23193359375,0.06103515625,1.025390625,-0.08544921875,0.2197265625,-0.048828125,0.244140625,-0.23193359375,0.29296875,-0.08544921875,0.9033203125,0.06103515625,0.06103515625,0.28076171875,1.3427734375,0.06103515625,-0.927734375,-0.048828125,-0.29296875,-0.03662109375,-1.01318359375,-0.244140625,-0.74462890625,0.28076171875,-1.47705078125,-0.01220703125,-0.244140625,-0.2197265625,-0.3173828125,0.0732421875,-1.2451171875,-0.06103515625,0.81787109375,-0.0244140625,0.74462890625,0,1.45263671875,-0.1953125,1.416015625,-0.15869140625,-0.7080078125,-0.20751953125,-1.4404296875,-0.18310546875,-1.03759765625,-0.28076171875,0.45166015625,-0.03662109375,0.01220703125,0.01220703125,-0.28076171875,-0.08544921875,-0.341796875,-0.2197265625,-0.30517578125,-0.10986328125,0.048828125,-0.146484375,0.8056640625,-0.10986328125,-0.5126953125,-0.13427734375,-0.54931640625
0,0.06103515625,-0.37841796875,-0.01220703125,-0.2685546875,0.1220703125,-0.390625,-0.10986328125,0.03662109375,0.48828125,0.732421875,0.08544921875,-0.2197265625,-0.244140625,1.5869140625,0.08544921875,3.22265625,0.20751953125,0.06103515625,-0.23193359375,0.5615234375,-0.1953125,1.20849609375,-0.20751953125,-0.15869140625,0.0244140625,-0.15869140625,-0.25634765625,-0.79345703125,0.28076171875,0.9033203125,-0.048828125,0.1953125,-0.0244140625,-0.30517578125,-0.390625,-0.830078125,-0.15869140625,-0.4150390625,-0.2197265625,-0.72021484375,0.06103515625,-0.1708984375,-0.3173828125,-0.6103515625,0.18310546875,-0.47607421875,-0.23193359375,0.64697265625,-0.09765625,1.171875,0.244140625,0.50048828125,0.0732421875,-0.1708984375,-0.146484375,0.74462890625,-0.390625,0.59814453125,0.01220703125,0.439453125,-0.341796875,0.50048828125,0.048828125,0.146484375,-0.341796875,0.244140625,0.06103515625,1.0498046875,-0.048828125,0.244140625,-0.09765625,0.23193359375,-0.20751953125,0.30517578125,-0.09765625,0.86669921875,0.06103515625,0.06103515625,0.28076171875,1.35498046875,0.01220703125,-0.927734375,-0.01220703125,-0.30517578125,0.03662109375,-1.0009765625,-0.244140625,-0.74462890625,0.25634765625,-1.4892578125,0.01220703125,-0.2197265625,-0.3173828125,-0.3173828125,0,-1.23291015625,-0.01220703125,0.54931640625,0.03662109375,0.5126953125,-0.03662109375,0.927734375,-0.20751953125,1.15966796875,-0.23193359375,-0.7080078125,-0.09765625,-1.45263671875,-0.23193359375,-1.0498046875,-0.3173828125,0.45166015625,-0.03662109375,0,-0.01220703125,-0.30517578125,-0.0732421875,-0.341796875,-0.2197265625,-0.29296875,-0.10986328125,0.03662109375,-0.146484375,0.8056640625,-0.13427734375,-0.5126953125,-0.1220703125,-0.5615234375
0,0.03662109375,-0.3662109375,-0.01220703125,-0.30517578125,0.13427734375,-0.40283203125,-0.06103515625,0.048828125,0.50048828125,0.4638671875,0.09765625,-0.47607421875,-0.20751953125,1.3671875,-0.0732421875,2.25830078125,0.2197265625,0.244140625,-0.244140625,0.72021484375,-0.3173828125,1.318359375,-0.1220703125,-0.0732421875,0.09765625,-0.1708984375,-0.146484375,-0.81787109375,0.3173828125,0.91552734375,-0.09765625,0.20751953125,0.01220703125,-0.3173828125,-0.439453125,-0.830078125,-0.2197265625,-0.40283203125,-0.244140625,-0.72021484375,-0.03662109375,-0.15869140625,-0.30517578125,-0.6103515625,0.10986328125,-0.439453125,-0.244140625,0.64697265625,-0.1708984375,1.15966796875,0.25634765625,0.5126953125,0,-0.15869140625,-0.1708984375,0.78125,-0.35400390625,0.6103515625,0.06103515625,0.439453125,-0.47607421875,0.5126953125,-0.03662109375,0.1220703125,-0.25634765625,0.244140625,0.1220703125,1.0498046875,-0.01220703125,0.23193359375,-0.15869140625,0.244140625,-0.1708984375,0.3173828125,-0.0732421875,0.86669921875,0.06103515625,0.0732421875,0.25634765625,1.3427734375,-0.0244140625,-0.9521484375,0.01220703125,-0.3173828125,0.1220703125,-1.01318359375,-0.18310546875,-0.74462890625,0.20751953125,-1.513671875,0.01220703125,-0.244140625,-0.3173828125,-0.29296875,-0.09765625,-1.1962890625,-0.03662109375,0.341796875,0.03662109375,0.32958984375,-0.13427734375,0.48828125,-0.15869140625,0.9521484375,-0.2197265625,-0.7080078125,-0.048828125,-1.4404296875,-0.29296875,-1.0498046875,-0.32958984375,0.439453125,-0.06103515625,-0.01220703125,-0.01220703125,-0.3173828125,-0.08544921875,-0.32958984375,-0.2197265625,-0.28076171875,-0.09765625,0.0244140625,-0.146484375,0.830078125,-0.1220703125,-0.5126953125,-0.09765625,-0.57373046875
0,0.06103515625,-0.390625,-0.0244140625,-0.28076171875,0.146484375,-0.390625,-0.06103515625,0.048828125,0.48828125,0.20751953125,0.06103515625,-0.68359375,-0.146484375,1.171875,-0.20751953125,1.3427734375,0.1953125,0.390625,-0.29296875,0.84228515625,-0.4638671875,1.40380859375,-0.09765625,-0.048828125,0.10986328125,-0.1708984375,-0.048828125,-0.8056640625,0.3173828125,0.927734375,-0.0732421875,0.1953125,0.10986328125,-0.32958984375,-0.40283203125,-0.830078125,-0.2685546875,-0.40283203125,-0.30517578125,-0.69580078125,-0.1220703125,-0.18310546875,-0.25634765625,-0.5859375,0.0244140625,-0.4638671875,-0.29296875,0.64697265625,-0.25634765625,1.171875,0.25634765625,0.50048828125,-0.03662109375,-0.146484375,-0.2197265625,0.78125,-0.29296875,0.5859375,0.03662109375,0.42724609375,-0.5615234375,0.5126953125,-0.1220703125,0.10986328125,-0.1708984375,0.23193359375,0.146484375,1.03759765625,0,0.23193359375,-0.1708984375,0.23193359375,-0.15869140625,0.3173828125,-0.06103515625,0.87890625,0.0244140625,0.0732421875,0.244140625,1.3671875,-0.048828125,-0.9765625,0.03662109375,-0.3173828125,0.10986328125,-1.01318359375,-0.09765625,-0.74462890625,0.13427734375,-1.513671875,0.01220703125,-0.25634765625,-0.25634765625,-0.28076171875,-0.1953125,-1.18408203125,-0.01220703125,0.1953125,0,0.244140625,-0.13427734375,0.18310546875,-0.1220703125,0.87890625,-0.146484375,-0.68359375,-0.048828125,-1.42822265625,-0.35400390625,-1.025390625,-0.3173828125,0.4150390625,-0.06103515625,0,-0.048828125,-0.341796875,-0.0732421875,-0.29296875,-0.25634765625,-0.29296875,-0.0732421875,0.01220703125,-0.13427734375,0.84228515625,-0.13427734375,-0.47607421875,-0.1220703125,-0.5615234375
1,0.06103515625,-0.3662109375,-0.06103515625,-0.28076171875,0.1220703125,-0.4150390625,-0.0732421875,0.048828125,0.45166015625,0,0.0732421875,-0.86669921875,-0.0732421875,1.01318359375,-0.341796875,0.5615234375,0.18310546875,0.439453125,-0.32958984375,0.87890625,-0.52490234375,1.416015625,-0.15869140625,-0.10986328125,0.10986328125,-0.1708984375,0.048828125,-0.8056640625,0.2685546875,0.927734375,-0.03662109375,0.1953125,0.2197265625,-0.29296875,-0.341796875,-0.84228515625,-0.29296875,-0.390625,-0.32958984375,-0.72021484375,-0.13427734375,-0.1708984375,-0.18310546875,-0.59814453125,-0.08544921875,-0.42724609375,-0.341796875,0.64697265625,-0.341796875,1.15966796875,0.2685546875,0.47607421875,-0.0732421875,-0.13427734375,-0.23193359375,0.7568359375,-0.23193359375,0.6103515625,-0.01220703125,0.42724609375,-0.59814453125,0.52490234375,-0.15869140625,0.10986328125,-0.048828125,0.23193359375,0.15869140625,1.03759765625,0.0244140625,0.244140625,-0.18310546875,0.1953125,-0.13427734375,0.30517578125,-0.0732421875,0.87890625,0.03662109375,0.06103515625,0.20751953125,1.3671875,-0.0732421875,-0.9521484375,0.0732421875,-0.3173828125,0.08544921875,-1.03759765625,0,-0.76904296875,0.0732421875,-1.55029296875,0,-0.25634765625,-0.08544921875,-0.28076171875,-0.244140625,-1.171875,-0.0732421875,0.2197265625,-0.09765625,0.244140625,-0.20751953125,0.08544921875,-0.13427734375,0.89111328125,0,-0.67138671875,-0.0732421875,-1.42822265625,-0.341796875,-1.03759765625,-0.32958984375,0.4150390625,-0.0732421875,0.01220703125,-0.048828125,-0.341796875,-0.0732421875,-0.25634765625,-0.2685546875,-0.29296875,-0.0732421875,0.0244140625,-0.15869140625,0.8544921875,-0.146484375,-0.4638671875,-0.09765625,-0.537109375
1,0.08544921875,-0.35400390625,-0.0732421875,-0.28076171875,0.10986328125,-0.40283203125,-0.06103515625,0.0244140625,0.40283203125,-0.20751953125,0.08544921875,-1.025390625,0,0.87890625,-0.4150390625,-0.09765625,0.15869140625,0.40283203125,-0.29296875,0.79345703125,-0.4638671875,1.35498046875,-0.048828125,-0.20751953125,0.0732421875,-0.1708984375,0.048828125,-0.81787109375,0.1953125,0.93994140625,0.01220703125,0.20751953125,0.29296875,-0.28076171875,-0.30517578125,-0.84228515625,-0.2685546875,-0.40283203125,-0.32958984375,-0.72021484375,-0.09765625,-0.1708984375,-0.146484375,-0.59814453125,-0.13427734375,-0.40283203125,-0.35400390625,0.67138671875,-0.32958984375,1.1474609375,0.2685546875,0.48828125,-0.13427734375,-0.1220703125,-0.18310546875,0.76904296875,-0.18310546875,0.62255859375,-0.09765625,0.45166015625,-0.62255859375,0.5126953125,-0.18310546875,0.10986328125,0.048828125,0.1953125,0.15869140625,1.03759765625,0.0244140625,0.244140625,-0.146484375,0.1953125,-0.08544921875,0.29296875,-0.048828125,0.9033203125,0.03662109375,0.0732421875,0.15869140625,1.35498046875,-0.048828125,-0.98876953125,0.146484375,-0.3173828125,0.06103515625,-1.01318359375,0.09765625,-0.78125,0.06103515625,-1.5380859375,-0.0244140625,-0.23193359375,0.048828125,-0.25634765625,-0.20751953125,-1.1474609375,-0.09765625,0.3662109375,-0.1220703125,0.4150390625,-0.09765625,0.28076171875,-0.146484375,1.01318359375,0.1953125,-0.68359375,-0.13427734375,-1.4404296875,-0.30517578125,-1.0498046875,-0.35400390625,0.37841796875,-0.08544921875,0.0244140625,-0.03662109375,-0.341796875,-0.0732421875,-0.23193359375,-0.25634765625,-0.30517578125,-0.0732421875,0,-0.146484375,0.87890625,-0.15869140625,-0.439453125,-0.10986328125,-0.52490234375
1,0.0732421875,-0.3662109375,-0.08544921875,-0.29296875,0.1220703125,-0.390625,-0.048828125,0.048828125,0.40283203125,-0.341796875,0.09765625,-1.1474609375,0.08544921875,0.79345703125,-0.4638671875,-0.5615234375,0.146484375,0.23193359375,-0.23193359375,0.67138671875,-0.3662109375,1.2451171875,-0.01220703125,-0.341796875,0.06103515625,-0.1708984375,0.0244140625,-0.8056640625,0.10986328125,0.927734375,0.01220703125,0.23193359375,0.35400390625,-0.2685546875,-0.1953125,-0.84228515625,-0.20751953125,-0.390625,-0.32958984375,-0.72021484375,-0.01220703125,-0.15869140625,-0.1220703125,-0.59814453125,-0.15869140625,-0.37841796875,-0.341796875,0.6591796875,-0.3173828125,1.15966796875,0.28076171875,0.45166015625,-0.15869140625,-0.15869140625,-0.10986328125,0.7568359375,-0.10986328125,0.64697265625,-0.146484375,0.45166015625,-0.634765625,0.52490234375,-0.13427734375,0.08544921875,0.08544921875,0.1953125,0.15869140625,1.03759765625,0.0244140625,0.25634765625,-0.10986328125,0.15869140625,-0.0732421875,0.28076171875,-0.048828125,0.9033203125,0.06103515625,0.048828125,0.1220703125,1.3427734375,-0.0244140625,-0.96435546875,0.15869140625,-0.341796875,0.01220703125,-1.0009765625,0.1708984375,-0.78125,0.03662109375,-1.52587890625,-0.048828125,-0.23193359375,0.15869140625,-0.244140625,-0.15869140625,-1.1474609375,-0.13427734375,0.67138671875,-0.2197265625,0.732421875,-0.01220703125,0.74462890625,-0.15869140625,1.33056640625,0.35400390625,-0.69580078125,-0.18310546875,-1.4404296875,-0.23193359375,-1.0498046875,-0.35400390625,0.3662109375,-0.10986328125,0.048828125,-0.0244140625,-0.341796875,-0.06103515625,-0.2197265625,-0.28076171875,-0.3173828125,-0.048828125,0.01220703125,-0.146484375,0.86669921875,-0.1220703125,-0.390625,-0.10986328125,-0.47607421875
1,0.0732421875,-0.35400390625,-0.06103515625,-0.29296875,0.13427734375,-0.37841796875,-0.0732421875,0.03662109375,0.390625,-0.439453125,0.10986328125,-1.23291015625,0.13427734375,0.732421875,-0.45166015625,-0.93994140625,0.1708984375,0.03662109375,-0.2197265625,0.42724609375,-0.20751953125,1.08642578125,0.048828125,-0.439453125,0.09765625,-0.146484375,-0.06103515625,-0.8056640625,0.0244140625,0.91552734375,-0.0732421875,0.23193359375,0.390625,-0.244140625,-0.15869140625,-0.84228515625,-0.0732421875,-0.390625,-0.35400390625,-0.732421875,0.08544921875,-0.1708984375,-0.08544921875,-0.62255859375,-0.13427734375,-0.3662109375,-0.3173828125,0.62255859375,-0.25634765625,1.18408203125,0.25634765625,0.4638671875,-0.146484375,-0.18310546875,-0.048828125,0.7568359375,-0.08544921875,0.6591796875,-0.1708984375,0.47607421875,-0.59814453125,0.52490234375,-0.13427734375,0.08544921875,0.146484375,0.18310546875,0.1708984375,1.03759765625,0.0244140625,0.28076171875,-0.06103515625,0.15869140625,-0.0244140625,0.25634765625,0,0.89111328125,0.03662109375,0.03662109375,0.08544921875,1.35498046875,0.01220703125,-0.96435546875,0.15869140625,-0.35400390625,0,-0.98876953125,0.1708984375,-0.78125,0.048828125,-1.4892578125,-0.048828125,-0.23193359375,0.1953125,-0.244140625,-0.10986328125,-1.1474609375,-0.15869140625,1.1474609375,-0.30517578125,1.1962890625,0.1220703125,1.55029296875,-0.13427734375,1.77001953125,0.4638671875,-0.74462890625,-0.2197265625,-1.4404296875,-0.10986328125,-1.06201171875,-0.3173828125,0.3662109375,-0.146484375,0.06103515625,0,-0.341796875,-0.0732421875,-0.2197265625,-0.23193359375,-0.3173828125,-0.0732421875,0.03662109375,-0.1708984375,0.84228515625,-0.146484375,-0.42724609375,-0.10986328125,-0.45166015625
1,0.0732421875,-0.35400390625,-0.048828125,-0.28076171875,0.15869140625,-0.37841796875,-0.09765625,0.01220703125,0.37841796875,-0.50048828125,0.08544921875,-1.28173828125,0.1708984375,0.68359375,-0.4150390625,-1.15966796875,0.1953125,-0.1708984375,-0.146484375,0.2197265625,-0.03662109375,0.91552734375,0.15869140625,-0.50048828125,0.09765625,-0.13427734375,-0.15869140625,-0.78125,-0.03662109375,0.91552734375,-0.15869140625,0.244140625,0.40283203125,-0.25634765625,-0.13427734375,-0.830078125,0.0244140625,-0.37841796875,-0.341796875,-0.7080078125,0.18310546875,-0.15869140625,-0.08544921875,-0.6103515625,-0.06103515625,-0.390625,-0.244140625,0.62255859375,-0.13427734375,1.18408203125,0.20751953125,0.45166015625,-0.20751953125,-0.18310546875,-0.03662109375,0.72021484375,-0.06103515625,0.67138671875,-0.146484375,0.47607421875,-0.52490234375,0.5126953125,-0.08544921875,0.09765625,0.23193359375,0.1708984375,0.146484375,1.03759765625,0.03662109375,0.30517578125,-0.03662109375,0.1708984375,0.0244140625,0.2685546875,-0.0244140625,0.927734375,0.03662109375,0.03662109375,0.08544921875,1.3427734375,0.08544921875,-0.9521484375,0.1708984375,-0.35400390625,0,-0.96435546875,0.1220703125,-0.76904296875,0.048828125,-1.46484375,-0.03662109375,-0.244140625,0.146484375,-0.244140625,-0.01220703125,-1.1474609375,-0.1708984375,1.77001953125,-0.3173828125,1.7578125,0.1953125,2.60009765625,-0.0732421875,2.3681640625,0.439453125,-0.732421875,-0.28076171875,-1.4404296875,-0.0244140625,-1.0498046875,-0.30517578125,0.390625,-0.146484375,0.06103515625,-0.03662109375,-0.32958984375,-0.06103515625,-0.23193359375,-0.20751953125,-0.341796875,-0.08544921875,0.03662109375,-0.1708984375,0.830078125,-0.146484375,-0.42724609375,-0.1220703125,-0.42724609375
1,0.0732421875,-0.341796875,-0.06103515625,-0.29296875,0.1953125,-0.37841796875,-0.1220703125,0.0244140625,0.3662109375,-0.50048828125,0.09765625,-1.28173828125,0.1708984375,0.67138671875,-0.40283203125,-1.2451171875,0.244140625,-0.32958984375,-0.0732421875,0.048828125,0.13427734375,0.79345703125,0.2197265625,-0.40283203125,0.13427734375,-0.146484375,-0.25634765625,-0.79345703125,-0.0732421875,0.9033203125,-0.244140625,0.25634765625,0.3662109375,-0.244140625,-0.09765625,-0.84228515625,0.13427734375,-0.3662109375,-0.30517578125,-0.72021484375,0.244140625,-0.15869140625,-0.0732421875,-0.6591796875,0.0244140625,-0.390625,-0.244140625,0.6103515625,-0.01220703125,1.1962890625,0.1708984375,0.4638671875,-0.25634765625,-0.18310546875,-0.03662109375,0.732421875,-0.10986328125,0.68359375,-0.146484375,0.48828125,-0.45166015625,0.5126953125,0.048828125,0.09765625,0.28076171875,0.1708984375,0.0732421875,1.025390625,0.03662109375,0.30517578125,0.0244140625,0.1708984375,0.06103515625,0.29296875,-0.048828125,0.87890625,0.0244140625,0.048828125,0.06103515625,1.33056640625,0.1220703125,-0.927734375,0.1220703125,-0.341796875,0,-0.9521484375,0.01220703125,-0.76904296875,0.048828125,-1.46484375,0.01220703125,-0.23193359375,0.1220703125,-0.2685546875,0.08544921875,-1.1962890625,-0.2197265625,2.5146484375,-0.2685546875,2.4658203125,0.2685546875,3.80859375,-0.03662109375,3.03955078125,0.29296875,-0.7080078125,-0.2685546875,-1.416015625,0.01220703125,-1.03759765625,-0.25634765625,0.40283203125,-0.1220703125,0.0732421875,-0.03662109375,-0.3173828125,-0.08544921875,-0.244140625,-0.1708984375,-0.32958984375,-0.08544921875,0.06103515625,-0.146484375,0.830078125,-0.13427734375,-0.4638671875,-0.1220703125,-0.42724609375
1,0.09765625,-0.35400390625,-0.048828125,-0.3173828125,0.20751953125,-0.3662109375,-0.18310546875,0.01220703125,0.341796875,-0.45166015625,0.09765625,-1.26953125,0.13427734375,0.67138671875,-0.3662109375,-1.25732421875,0.23193359375,-0.3662109375,-0.01220703125,0.0244140625,0.2685546875,0.76904296875,0.23193359375,-0.146484375,0.1220703125,-0.10986328125,-0.35400390625,-0.79345703125,-0.0732421875,0.89111328125,-0.3173828125,0.23193359375,0.3173828125,-0.25634765625,-0.1220703125,-0.84228515625,0.18310546875,-0.3662109375,-0.25634765625,-0.72021484375,0.30517578125,-0.15869140625,-0.08544921875,-0.634765625,0.15869140625,-0.40283203125,-0.1708984375,0.59814453125,0.10986328125,1.171875,0.146484375,0.48828125,-0.28076171875,-0.1953125,-0.048828125,0.732421875,-0.20751953125,0.68359375,-0.10986328125,0.47607421875,-0.4150390625,0.5126953125,0.0732421875,0.10986328125,0.35400390625,0.18310546875,0.06103515625,1.01318359375,0.03662109375,0.3173828125,0.0244140625,0.2197265625,0.10986328125,0.28076171875,-0.10986328125,0.86669921875,-0.01220703125,0.06103515625,0.03662109375,1.33056640625,0.1220703125,-0.93994140625,0.0732421875,-0.341796875,-0.01220703125,-0.93994140625,-0.15869140625,-0.7568359375,0.0732421875,-1.46484375,0.06103515625,-0.25634765625,0.08544921875,-0.28076171875,0.1953125,-1.18408203125,-0.25634765625,3.28369140625,-0.13427734375,3.173828125,0.25634765625,5.04150390625,0.01220703125,3.74755859375,0.09765625,-0.732421875,-0.2685546875,-1.4404296875,0.03662109375,-1.025390625,-0.25634765625,0.40283203125,-0.13427734375,0.06103515625,-0.06103515625,-0.3173828125,-0.0732421875,-0.244140625,-0.1708984375,-0.3173828125,-0.09765625,0.0732421875,-0.13427734375,0.79345703125,-0.13427734375,-0.48828125,-0.1220703125,-0.45166015625
1,0.10986328125,-0.3662109375,-0.0732421875,-0.32958984375,0.1953125,-0.37841796875,-0.18310546875,0.03662109375,0.35400390625,-0.40283203125,0.0732421875,-1.23291015625,0.06103515625,0.68359375,-0.3173828125,-1.18408203125,0.244140625,-0.1953125,0.06103515625,0.1708984375,0.30517578125,0.9033203125,0.29296875,0.30517578125,0.09765625,-0.146484375,-0.390625,-0.79345703125,-0.0732421875,0.89111328125,-0.35400390625,0.23193359375,0.30517578125,-0.29296875,-0.10986328125,-0.830078125,0.20751953125,-0.37841796875,-0.1708984375,-0.732421875,0.35400390625,-0.146484375,-0.1220703125,-0.634765625,0.23193359375,-0.40283203125,-0.15869140625,0.6103515625,0.1708984375,1.15966796875,0.1220703125,0.50048828125,-0.28076171875,-0.18310546875,-0.08544921875,0.74462890625,-0.3173828125,0.67138671875,-0.08544921875,0.47607421875,-0.32958984375,0.5126953125,0.1220703125,0.1220703125,0.32958984375,0.20751953125,0.01220703125,1.01318359375,0.048828125,0.341796875,0.01220703125,0.2197265625,0.10986328125,0.29296875,-0.146484375,0.87890625,-0.0244140625,0.08544921875,0.0244140625,1.3427734375,0.09765625,-0.927734375,0.03662109375,-0.35400390625,-0.01220703125,-0.927734375,-0.28076171875,-0.7568359375,0.09765625,-1.46484375,0.15869140625,-0.28076171875,0.0244140625,-0.30517578125,0.244140625,-1.20849609375,-0.30517578125,4.00390625,0.01220703125,3.857421875,0.146484375,6.2255859375,0,4.43115234375,-0.10986328125,-0.72021484375,-0.2685546875,-1.45263671875,0.0244140625,-1.01318359375,-0.29296875,0.40283203125,-0.13427734375,0.01220703125,-0.048828125,-0.3173828125,-0.06103515625,-0.2685546875,-0.15869140625,-0.29296875,-0.10986328125,0.0732421875,-0.1220703125,0.8056640625,-0.146484375,-0.5126953125,-0.10986328125,-0.50048828125
1,0.1220703125,-0.37841796875,-0.08544921875,-0.32958984375,0.1708984375,-0.390625,-0.1953125,0.03662109375,0.3173828125,-0.341796875,0.048828125,-1.171875,0,0.7080078125,-0.244140625,-1.03759765625,0.30517578125,0.1708984375,0.146484375,0.5126953125,0.3173828125,1.1962890625,0.42724609375,0.9765625,0.09765625,-0.13427734375,-0.40283203125,-0.81787109375,-0.03662109375,0.87890625,-0.3173828125,0.23193359375,0.29296875,-0.29296875,-0.146484375,-0.84228515625,0.23193359375,-0.390625,-0.08544921875,-0.732421875,0.40283203125,-0.146484375,-0.10986328125,-0.634765625,0.3173828125,-0.439453125,-0.15869140625,0.59814453125,0.18310546875,1.15966796875,0.09765625,0.5126953125,-0.25634765625,-0.15869140625,-0.1220703125,0.74462890625,-0.40283203125,0.64697265625,-0.09765625,0.45166015625,-0.18310546875,0.5126953125,0.13427734375,0.146484375,0.37841796875,0.1708984375,-0.048828125,1.025390625,0.03662109375,0.3173828125,-0.01220703125,0.2197265625,0.1220703125,0.29296875,-0.1708984375,0.84228515625,-0.01220703125,0.06103515625,-0.01220703125,1.3427734375,0.06103515625,-0.9521484375,-0.0244140625,-0.35400390625,-0.0732421875,-0.91552734375,-0.3662109375,-0.76904296875,0.08544921875,-1.4892578125,0.244140625,-0.28076171875,-0.03662109375,-0.29296875,0.244140625,-1.1962890625,-0.3173828125,4.65087890625,0.10986328125,4.47998046875,0.03662109375,7.2509765625,-0.01220703125,5.01708984375,-0.2685546875,-0.72021484375,-0.25634765625,-1.45263671875,-0.048828125,-1.025390625,-0.29296875,0.4150390625,-0.146484375,0.01220703125,-0.0244140625,-0.3173828125,-0.06103515625,-0.244140625,-0.1708984375,-0.30517578125,-0.1220703125,0.08544921875,-0.13427734375,0.81787109375,-0.1220703125,-0.5126953125,-0.08544921875,-0.52490234375
1,0.13427734375,-0.40283203125,-0.0732421875,-0.32958984375,0.15869140625,-0.4150390625,-0.1708984375,0.06103515625,0.30517578125,-0.28076171875,0.03662109375,-1.0986328125,-0.0732421875,0.74462890625,-0.18310546875,-0.87890625,0.2685546875,0.7568359375,0.146484375,1.07421875,0.2197265625,1.6357421875,0.3662109375,1.84326171875,0.048828125,-0.13427734375,-0.35400390625,-0.8056640625,0,0.86669921875,-0.244140625,0.2197265625,0.25634765625,-0.341796875,-0.1708984375,-0.8544921875,0.2197265625,-0.390625,-0.048828125,-0.732421875,0.37841796875,-0.15869140625,-0.1220703125,-0.62255859375,0.3662109375,-0.42724609375,-0.10986328125,0.6103515625,0.1708984375,1.1474609375,0.06103515625,0.5126953125,-0.23193359375,-0.13427734375,-0.146484375,0.7568359375,-0.4150390625,0.64697265625,-0.10986328125,0.439453125,-0.048828125,0.537109375,0.1953125,0.1708984375,0.40283203125,0.20751953125,-0.146484375,1.03759765625,0.03662109375,0.3173828125,-0.0244140625,0.244140625,0.09765625,0.28076171875,-0.15869140625,0.8544921875,0.01220703125,0.09765625,-0.01220703125,1.3427734375,0,-0.93994140625,-0.03662109375,-0.3662109375,-0.13427734375,-0.93994140625,-0.42724609375,-0.76904296875,0.08544921875,-1.513671875,0.3173828125,-0.28076171875,-0.06103515625,-0.28076171875,0.23193359375,-1.20849609375,-0.29296875,5.126953125,0.10986328125,4.931640625,-0.0732421875,7.958984375,0.01220703125,5.45654296875,-0.3173828125,-0.7080078125,-0.28076171875,-1.4404296875,-0.146484375,-1.0498046875,-0.30517578125,0.40283203125,-0.15869140625,-0.0244140625,0,-0.3173828125,-0.06103515625,-0.244140625,-0.15869140625,-0.30517578125,-0.146484375,0.0732421875,-0.10986328125,0.8056640625,-0.13427734375,-0.5126953125,-0.08544921875,-0.54931640625
1,0.146484375,-0.390625,-0.09765625,-0.30517578125,0.1708984375,-0.4150390625,-0.15869140625,0.0732421875,0.3173828125,-0.20751953125,0.01220703125,-1.0498046875,-0.146484375,0.7568359375,-0.1953125,-0.7080078125,0.30517578125,1.513671875,0.15869140625,1.806640625,0.1220703125,2.1728515625,0.48828125,2.86865234375,0.01220703125,-0.15869140625,-0.30517578125,-0.8056640625,0.03662109375,0.87890625,-0.15869140625,0.2197265625,0.1708984375,-0.35400390625,-0.20751953125,-0.8544921875,0.18310546875,-0.40283203125,0.01220703125,-0.72021484375,0.3662109375,-0.20751953125,-0.09765625,-0.6103515625,0.37841796875,-0.42724609375,-0.08544921875,0.6103515625,0.09765625,1.1474609375,-0.01220703125,0.5126953125,-0.244140625,-0.146484375,-0.10986328125,0.76904296875,-0.390625,0.62255859375,-0.13427734375,0.42724609375,0.08544921875,0.5615234375,0.28076171875,0.146484375,0.341796875,0.1953125,-0.2197265625,1.03759765625,0.0244140625,0.29296875,-0.048828125,0.2197265625,0.09765625,0.2685546875,-0.1220703125,0.84228515625,0.03662109375,0.09765625,-0.048828125,1.33056640625,-0.0732421875,-0.9765625,-0.0732421875,-0.3662109375,-0.1953125,-0.9521484375,-0.390625,-0.76904296875,0.03662109375,-1.52587890625,0.37841796875,-0.3173828125,-0.06103515625,-0.3173828125,0.1220703125,-1.1962890625,-0.20751953125,5.3955078125,0.0732421875,5.21240234375,-0.18310546875,8.30078125,0.0244140625,5.712890625,-0.30517578125,-0.68359375,-0.30517578125,-1.42822265625,-0.2197265625,-1.0498046875,-0.30517578125,0.42724609375,-0.146484375,-0.03662109375,0,-0.3173828125,-0.0732421875,-0.244140625,-0.15869140625,-0.29296875,-0.146484375,0.048828125,-0.10986328125,0.8544921875,-0.146484375,-0.50048828125,-0.08544921875,-0.54931640625
1,0.13427734375,-0.40283203125,-0.09765625,-0.30517578125,0.1953125,-0.42724609375,-0.15869140625,0.0732421875,0.3173828125,-0.18310546875,-0.0244140625,-1.01318359375,-0.23193359375,0.79345703125,-0.15869140625,-0.54931640625,0.29296875,2.35595703125,0.08544921875,2.60009765625,0.03662109375,2.77099609375,0.47607421875,3.99169921875,0,-0.1708984375,-0.25634765625,-0.81787109375,0.048828125,0.87890625,-0.0732421875,0.2197265625,0.15869140625,-0.32958984375,-0.2197265625,-0.86669921875,0.10986328125,-0.40283203125,0.0244140625,-0.72021484375,0.30517578125,-0.18310546875,-0.0732421875,-0.59814453125,0.37841796875,-0.4150390625,-0.06103515625,0.62255859375,0.03662109375,1.15966796875,-0.048828125,0.48828125,-0.25634765625,-0.146484375,-0.13427734375,0.7568359375,-0.341796875,0.634765625,-0.1953125,0.4150390625,0.13427734375,0.5859375,0.3173828125,0.13427734375,0.2685546875,0.2685546875,-0.2685546875,1.03759765625,0,0.29296875,-0.08544921875,0.2197265625,0.0732421875,0.25634765625,-0.09765625,0.8544921875,0.0732421875,0.0732421875,-0.0732421875,1.3427734375,-0.15869140625,-0.96435546875,-0.0732421875,-0.37841796875,-0.244140625,-0.9521484375,-0.29296875,-0.8056640625,0.01220703125,-1.5380859375,0.3662109375,-0.30517578125,-0.03662109375,-0.32958984375,-0.0244140625,-1.1962890625,-0.10986328125,5.45654296875,0.01220703125,5.28564453125,-0.25634765625,8.33740234375,0.048828125,5.77392578125,-0.18310546875,-0.68359375,-0.3662109375,-1.416015625,-0.30517578125,-1.0498046875,-0.25634765625,0.40283203125,-0.13427734375,-0.0244140625,0.0244140625,-0.32958984375,-0.0732421875,-0.23193359375,-0.146484375,-0.30517578125,-0.146484375,0.048828125,-0.1220703125,0.8544921875,-0.15869140625,-0.48828125,-0.10986328125,-0.52490234375
1,0.146484375,-0.390625,-0.10986328125,-0.30517578125,0.1708984375,-0.4150390625,-0.15869140625,0.0732421875,0.30517578125,-0.1708984375,-0.06103515625,-1.0009765625,-0.341796875,0.830078125,-0.10986328125,-0.47607421875,0.28076171875,3.23486328125,-0.0244140625,3.4423828125,-0.048828125,3.38134765625,0.54931640625,5.09033203125,0,-0.1708984375,-0.1708984375,-0.79345703125,0.06103515625,0.89111328125,0.0244140625,0.23193359375,0.03662109375,-0.35400390625,-0.2197265625,-0.8544921875,0.048828125,-0.42724609375,0,-0.7080078125,0.1708984375,-0.18310546875,-0.048828125,-0.6103515625,0.29296875,-0.40283203125,-0.0732421875,0.62255859375,-0.0244140625,1.171875,-0.10986328125,0.50048828125,-0.28076171875,-0.18310546875,-0.146484375,0.74462890625,-0.23193359375,0.634765625,-0.25634765625,0.42724609375,0.1708984375,0.59814453125,0.29296875,0.13427734375,0.1708984375,0.2685546875,-0.30517578125,1.025390625,0,0.2685546875,-0.1220703125,0.1953125,0.01220703125,0.244140625,-0.048828125,0.89111328125,0.13427734375,0.0732421875,-0.10986328125,1.3427734375,-0.2197265625,-1.0009765625,-0.09765625,-0.390625,-0.2685546875,-0.9765625,-0.1708984375,-0.79345703125,-0.0244140625,-1.55029296875,0.3173828125,-0.30517578125,-0.01220703125,-0.341796875,-0.1708984375,-1.171875,0,5.2978515625,-0.048828125,5.1513671875,-0.2197265625,8.0810546875,0,5.65185546875,-0.0244140625,-0.7080078125,-0.42724609375,-1.42822265625,-0.32958984375,-1.03759765625,-0.29296875,0.40283203125,-0.20751953125,-0.0244140625,0.03662109375,-0.3173828125,-0.08544921875,-0.244140625,-0.13427734375,-0.30517578125,-0.146484375,0.048828125,-0.1220703125,0.830078125,-0.13427734375,-0.4638671875,-0.10986328125,-0.50048828125
1,0.146484375,-0.3662109375,-0.10986328125,-0.30517578125,0.15869140625,-0.40283203125,-0.15869140625,0.0732421875,0.29296875,-0.20751953125,-0.0732421875,-1.0009765625,-0.4150390625,0.87890625,-0.13427734375,-0.4150390625,0.28076171875,4.01611328125,-0.09765625,4.1748046875,-0.06103515625,3.94287109375,0.54931640625,6.1279296875,0.048828125,-0.15869140625,-0.15869140625,-0.79345703125,0.06103515625,0.9033203125,0.06103515625,0.244140625,-0.01220703125,-0.3173828125,-0.25634765625,-0.86669921875,-0.0244140625,-0.45166015625,0,-0.72021484375,0.01220703125,-0.2197265625,-0.06103515625,-0.634765625,0.1708984375,-0.37841796875,-0.1220703125,0.62255859375,-0.048828125,1.1962890625,-0.146484375,0.48828125,-0.30517578125,-0.1953125,-0.1708984375,0.74462890625,-0.1220703125,0.64697265625,-0.35400390625,0.42724609375,0.18310546875,0.6103515625,0.28076171875,0.13427734375,0.08544921875,0.28076171875,-0.3173828125,1.025390625,-0.01220703125,0.25634765625,-0.15869140625,0.20751953125,-0.0244140625,0.2685546875,0,0.9033203125,0.1953125,0.06103515625,-0.15869140625,1.3427734375,-0.23193359375,-1.03759765625,-0.08544921875,-0.37841796875,-0.2685546875,-0.96435546875,-0.0244140625,-0.8056640625,-0.06103515625,-1.55029296875,0.25634765625,-0.29296875,-0.0244140625,-0.341796875,-0.341796875,-1.15966796875,0.048828125,4.9560546875,-0.0244140625,4.8828125,-0.18310546875,7.53173828125,-0.0732421875,5.3466796875,0.15869140625,-0.69580078125,-0.40283203125,-1.416015625,-0.3173828125,-1.01318359375,-0.32958984375,0.40283203125,-0.1953125,0.03662109375,0.0244140625,-0.3173828125,-0.0732421875,-0.25634765625,-0.13427734375,-0.3173828125,-0.146484375,0.0244140625,-0.146484375,0.830078125,-0.09765625,-0.4638671875,-0.15869140625,-0.47607421875
0,0.15869140625,-0.3662109375,-0.1220703125,-0.30517578125,0.10986328125,-0.390625,-0.146484375,0.06103515625,0.29296875,-0.2197265625,-0.10986328125,-1.03759765625,-0.47607421875,0.89111328125,-0.10986328125,-0.439453125,0.2685546875,4.65087890625,-0.146484375,4.78515625,0,4.3701171875,0.40283203125,7.0068359375,0.0732421875,-0.18310546875,-0.10986328125,-0.79345703125,0.06103515625,0.89111328125,0.06103515625,0.25634765625,-0.03662109375,-0.30517578125,-0.23193359375,-0.87890625,-0.06103515625,-0.4638671875,-0.06103515625,-0.732421875,-0.146484375,-0.20751953125,-0.0732421875,-0.6103515625,0.10986328125,-0.3662109375,-0.1953125,0.62255859375,-0.09765625,1.1962890625,-0.13427734375,0.48828125,-0.3173828125,-0.1708984375,-0.15869140625,0.732421875,-0.03662109375,0.634765625,-0.4150390625,0.42724609375,0.1220703125,0.59814453125,0.244140625,0.10986328125,0.048828125,0.2685546875,-0.390625,1.03759765625,-0.01220703125,0.28076171875,-0.18310546875,0.18310546875,-0.048828125,0.23193359375,0,0.9033203125,0.23193359375,0.0732421875,-0.146484375,1.3427734375,-0.244140625,-1.06201171875,-0.09765625,-0.390625,-0.1953125,-0.9765625,0.0732421875,-0.8056640625,-0.06103515625,-1.50146484375,0.1708984375,-0.25634765625,-0.09765625,-0.32958984375,-0.42724609375,-1.15966796875,0.0732421875,4.47998046875,0.01220703125,4.45556640625,-0.13427734375,6.82373046875,-0.18310546875,4.91943359375,0.2685546875,-0.69580078125,-0.341796875,-1.42822265625,-0.29296875,-1.01318359375,-0.37841796875,0.37841796875,-0.18310546875,0.048828125,0.06103515625,-0.30517578125,-0.0732421875,-0.244140625,-0.1708984375,-0.30517578125,-0.146484375,0.01220703125,-0.1220703125,0.86669921875,-0.09765625,-0.439453125,-0.1953125,-0.45166015625
0,0.13427734375,-0.35400390625,-0.10986328125,-0.29296875,0.10986328125,-0.37841796875,-0.1708984375,0.03662109375,0.29296875,-0.244140625,-0.10986328125,-1.07421875,-0.50048828125,0.87890625,-0.13427734375,-0.48828125,0.2197265625,5.09033203125,-0.25634765625,5.17578125,0.03662109375,4.67529296875,0.0244140625,7.6904296875,0.146484375,-0.15869140625,-0.146484375,-0.79345703125,0.0732421875,0.89111328125,0.06103515625,0.244140625,-0.01220703125,-0.30517578125,-0.2197265625,-0.89111328125,-0.09765625,-0.4638671875,-0.146484375,-0.72021484375,-0.23193359375,-0.1953125,-0.10986328125,-0.634765625,0.0244140625,-0.37841796875,-0.2685546875,0.62255859375,-0.15869140625,1.20849609375,-0.09765625,0.4638671875,-0.29296875,-0.2197265625,-0.146484375,0.732421875,0.0244140625,0.67138671875,-0.4638671875,0.45166015625,0.0732421875,0.5859375,0.2685546875,0.10986328125,-0.048828125,0.2685546875,-0.40283203125,1.025390625,-0.048828125,0.29296875,-0.1953125,0.1953125,-0.08544921875,0.25634765625,0,0.93994140625,0.244140625,0.06103515625,-0.1220703125,1.35498046875,-0.2197265625,-1.025390625,-0.08544921875,-0.3662109375,-0.048828125,-0.96435546875,0.10986328125,-0.79345703125,-0.0732421875,-1.50146484375,0.10986328125,-0.244140625,-0.1953125,-0.341796875,-0.390625,-1.15966796875,0.06103515625,3.9306640625,0.048828125,3.90625,-0.08544921875,6.0302734375,-0.25634765625,4.38232421875,0.32958984375,-0.69580078125,-0.25634765625,-1.45263671875,-0.2685546875,-1.01318359375,-0.4150390625,0.40283203125,-0.20751953125,0.08544921875,0.03662109375,-0.30517578125,-0.0732421875,-0.2685546875,-0.15869140625,-0.32958984375,-0.146484375,0.01220703125,-0.146484375,0.830078125,-0.09765625,-0.439453125,-0.20751953125,-0.42724609375
0,0.09765625,-0.3662109375,-0.1220703125,-0.29296875,0.13427734375,-0.37841796875,-0.1708984375,0.048828125,0.29296875,-0.28076171875,-0.09765625,-1.123046875,-0.48828125,0.830078125,-0.09765625,-0.57373046875,0.2197265625,5.31005859375,-0.244140625,5.43212890625,0.03662109375,4.833984375,-0.15869140625,8.14208984375,0.23193359375,-0.1708984375,-0.18310546875,-0.76904296875,0.0732421875,0.927734375,0.0244140625,0.2685546875,0.048828125,-0.3173828125,-0.18310546875,-0.89111328125,-0.1220703125,-0.45166015625,-0.1953125,-0.732421875,-0.244140625,-0.20751953125,-0.1953125,-0.62255859375,-0.01220703125,-0.390625,-0.341796875,0.59814453125,-0.20751953125,1.20849609375,-0.06103515625,0.48828125,-0.28076171875,-0.23193359375,-0.10986328125,0.72021484375,0.03662109375,0.6591796875,-0.47607421875,0.4638671875,0.09765625,0.5615234375,0.30517578125,0.10986328125,-0.146484375,0.23193359375,-0.341796875,1.025390625,-0.048828125,0.3173828125,-0.20751953125,0.18310546875,-0.10986328125,0.25634765625,-0.0244140625,0.89111328125,0.244140625,0.06103515625,-0.08544921875,1.3427734375,-0.146484375,-1.0009765625,-0.048828125,-0.35400390625,0.0732421875,-0.9521484375,0.0732421875,-0.7568359375,-0.06103515625,-1.47705078125,0.06103515625,-0.2197265625,-0.32958984375,-0.3173828125,-0.29296875,-1.1474609375,0.01220703125,3.33251953125,0.06103515625,3.2958984375,-0.06103515625,5.2001953125,-0.29296875,3.79638671875,0.2685546875,-0.72021484375,-0.13427734375,-1.45263671875,-0.23193359375,-1.01318359375,-0.4150390625,0.4150390625,-0.20751953125,0.09765625,0.01220703125,-0.3173828125,-0.0732421875,-0.29296875,-0.1708984375,-0.3173828125,-0.15869140625,-0.01220703125,-0.146484375,0.830078125,-0.08544921875,-0.439453125,-0.23193359375,-0.42724609375
0,0.0732421875,-0.37841796875,-0.10986328125,-0.28076171875,0.1220703125,-0.3662109375,-0.1953125,0.048828125,0.29296875,-0.3173828125,-0.10986328125,-1.1474609375,-0.47607421875,0.76904296875,-0.09765625,-0.68359375,0.18310546875,5.35888671875,-0.28076171875,5.46875,-0.0244140625,4.84619140625,-0.29296875,8.36181640625,0.3173828125,-0.1708984375,-0.1708984375,-0.76904296875,0.06103515625,0.93994140625,-0.01220703125,0.2685546875,0.13427734375,-0.32958984375,-0.18310546875,-0.89111328125,-0.13427734375,-0.45166015625,-0.244140625,-0.732421875,-0.1953125,-0.18310546875,-0.2197265625,-0.634765625,-0.03662109375,-0.4150390625,-0.341796875,0.59814453125,-0.2197265625,1.18408203125,0,0.52490234375,-0.244140625,-0.1953125,-0.0732421875,0.732421875,0,0.67138671875,-0.42724609375,0.48828125,0.0244140625,0.54931640625,0.3662109375,0.1220703125,-0.1708984375,0.23193359375,-0.341796875,1.01318359375,-0.08544921875,0.3173828125,-0.20751953125,0.20751953125,-0.13427734375,0.2685546875,-0.06103515625,0.86669921875,0.25634765625,0.06103515625,0.01220703125,1.3671875,-0.10986328125,-0.98876953125,-0.0244140625,-0.341796875,0.18310546875,-0.91552734375,-0.0244140625,-0.74462890625,-0.1220703125,-1.4404296875,0.03662109375,-0.1953125,-0.42724609375,-0.29296875,-0.13427734375,-1.15966796875,-0.08544921875,2.734375,0.0732421875,2.64892578125,-0.048828125,4.3701171875,-0.244140625,3.21044921875,0.18310546875,-0.72021484375,-0.0732421875,-1.46484375,-0.20751953125,-1.01318359375,-0.4150390625,0.40283203125,-0.1953125,0.1220703125,-0.03662109375,-0.3173828125,-0.08544921875,-0.32958984375,-0.146484375,-0.28076171875,-0.1708984375,0,-0.13427734375,0.8056640625,-0.048828125,-0.50048828125,-0.25634765625,-0.45166015625
0,0.06103515625,-0.3662109375,-0.13427734375,-0.29296875,0.1220703125,-0.37841796875,-0.1953125,0.048828125,0.3173828125,-0.341796875,-0.09765625,-1.171875,-0.4150390625,0.7568359375,-0.13427734375,-0.78125,0.1220703125,5.23681640625,-0.23193359375,5.38330078125,-0.1220703125,4.7607421875,-0.23193359375,8.33740234375,0.30517578125,-0.1708984375,-0.1953125,-0.79345703125,0.03662109375,0.9521484375,-0.048828125,0.25634765625,0.244140625,-0.32958984375,-0.15869140625,-0.86669921875,-0.1220703125,-0.45166015625,-0.25634765625,-0.7568359375,-0.10986328125,-0.1953125,-0.25634765625,-0.634765625,-0.03662109375,-0.4150390625,-0.32958984375,0.59814453125,-0.25634765625,1.15966796875,0.048828125,0.54931640625,-0.1953125,-0.1708984375,-0.03662109375,0.732421875,-0.08544921875,0.6591796875,-0.40283203125,0.48828125,-0.01220703125,0.5126953125,0.35400390625,0.146484375,-0.2197265625,0.20751953125,-0.28076171875,1.01318359375,-0.1220703125,0.3173828125,-0.18310546875,0.20751953125,-0.20751953125,0.2685546875,-0.03662109375,0.87890625,0.2197265625,0.0732421875,0.09765625,1.3671875,-0.01220703125,-0.9521484375,0.01220703125,-0.32958984375,0.2197265625,-0.927734375,-0.0732421875,-0.732421875,-0.15869140625,-1.46484375,0.03662109375,-0.18310546875,-0.4638671875,-0.3173828125,0.01220703125,-1.15966796875,-0.1953125,2.13623046875,0.0732421875,2.001953125,-0.048828125,3.57666015625,-0.1708984375,2.62451171875,0.06103515625,-0.74462890625,0.0244140625,-1.47705078125,-0.1708984375,-1.01318359375,-0.37841796875,0.4150390625,-0.20751953125,0.0732421875,-0.048828125,-0.3173828125,-0.08544921875,-0.341796875,-0.1220703125,-0.28076171875,-0.1708984375,0.01220703125,-0.146484375,0.8056640625,-0.0244140625,-0.5126953125,-0.3173828125,-0.4638671875
0,0.06103515625,-0.37841796875,-0.146484375,-0.30517578125,0.10986328125,-0.37841796875,-0.1953125,0.048828125,0.32958984375,-0.3662109375,-0.10986328125,-1.20849609375,-0.3662109375,0.7080078125,-0.15869140625,-0.89111328125,0.1220703125,4.99267578125,-0.1220703125,5.18798828125,-0.1708984375,4.6142578125,-0.06103515625,8.1298828125,0.2685546875,-0.15869140625,-0.2197265625,-0.78125,-0.01220703125,0.927734375,-0.10986328125,0.23193359375,0.37841796875,-0.341796875,-0.0732421875,-0.8544921875,-0.1220703125,-0.4638671875,-0.20751953125,-0.74462890625,0,-0.20751953125,-0.2197265625,-0.634765625,-0.0244140625,-0.42724609375,-0.30517578125,0.6103515625,-0.25634765625,1.13525390625,0.10986328125,0.54931640625,-0.1953125,-0.13427734375,-0.03662109375,0.74462890625,-0.23193359375,0.67138671875,-0.32958984375,0.47607421875,-0.0244140625,0.48828125,0.32958984375,0.15869140625,-0.25634765625,0.2197265625,-0.20751953125,1.01318359375,-0.146484375,0.3173828125,-0.146484375,0.2197265625,-0.23193359375,0.28076171875,-0.01220703125,0.830078125,0.20751953125,0.08544921875,0.18310546875,1.3427734375,0.048828125,-0.927734375,0.048828125,-0.32958984375,0.20751953125,-0.91552734375,-0.13427734375,-0.7080078125,-0.18310546875,-1.45263671875,0.048828125,-0.1953125,-0.4150390625,-0.30517578125,0.10986328125,-1.18408203125,-0.30517578125,1.55029296875,0.08544921875,1.3916015625,-0.0732421875,2.7587890625,-0.08544921875,2.05078125,0.03662109375,-0.72021484375,0.01220703125,-1.47705078125,-0.1708984375,-1.01318359375,-0.32958984375,0.42724609375,-0.2197265625,0.06103515625,-0.048828125,-0.3173828125,-0.0732421875,-0.3662109375,-0.08544921875,-0.29296875,-0.13427734375,0.0244140625,-0.146484375,0.8056640625,-0.0244140625,-0.537109375,-0.32958984375,-0.47607421875
0,0.06103515625,-0.37841796875,-0.18310546875,-0.3173828125,0.09765625,-0.40283203125,-0.1953125,0.03662109375,0.35400390625,-0.341796875,-0.13427734375,-1.15966796875,-0.29296875,0.69580078125,-0.1708984375,-0.927734375,0.08544921875,4.7119140625,-0.0244140625,4.94384765625,-0.20751953125,4.39453125,0.01220703125,7.75146484375,0.146484375,-0.15869140625,-0.23193359375,-0.79345703125,-0.06103515625,0.927734375,-0.20751953125,0.23193359375,0.45166015625,-0.341796875,-0.06103515625,-0.86669921875,-0.0732421875,-0.4638671875,-0.15869140625,-0.732421875,0.0732421875,-0.20751953125,-0.15869140625,-0.62255859375,-0.0244140625,-0.439453125,-0.2197265625,0.6103515625,-0.20751953125,1.13525390625,0.15869140625,0.57373046875,-0.146484375,-0.1220703125,-0.06103515625,0.7568359375,-0.341796875,0.64697265625,-0.244140625,0.4638671875,0.0244140625,0.47607421875,0.20751953125,0.15869140625,-0.3173828125,0.20751953125,-0.13427734375,1.01318359375,-0.146484375,0.30517578125,-0.1220703125,0.18310546875,-0.25634765625,0.2685546875,-0.0244140625,0.86669921875,0.15869140625,0.0732421875,0.244140625,1.35498046875,0.08544921875,-0.91552734375,0.0732421875,-0.35400390625,0.15869140625,-0.927734375,-0.13427734375,-0.72021484375,-0.2197265625,-1.47705078125,0.1220703125,-0.1953125,-0.3173828125,-0.29296875,0.13427734375,-1.171875,-0.341796875,0.9521484375,0,0.76904296875,-0.10986328125,1.9287109375,-0.0244140625,1.45263671875,0.06103515625,-0.732421875,-0.01220703125,-1.4892578125,-0.20751953125,-1.025390625,-0.25634765625,0.42724609375,-0.23193359375,0.0244140625,-0.0244140625,-0.341796875,-0.0732421875,-0.3662109375,-0.09765625,-0.29296875,-0.13427734375,0.048828125,-0.1708984375,0.8056640625,0,-0.537109375,-0.3662109375,-0.52490234375
0,0.09765625,-0.3662109375,-0.20751953125,-0.3173828125,0.06103515625,-0.37841796875,-0.18310546875,0.0244140625,0.35400390625,-0.32958984375,-0.10986328125,-1.123046875,-0.2197265625,0.7080078125,-0.15869140625,-0.9521484375,0.03662109375,4.4189453125,0.06103515625,4.65087890625,-0.25634765625,4.1748046875,0.1953125,7.26318359375,0.0732421875,-0.1708984375,-0.2685546875,-0.79345703125,-0.1220703125,0.927734375,-0.3173828125,0.2197265625,0.45166015625,-0.341796875,-0.06103515625,-0.8544921875,-0.01220703125,-0.439453125,-0.10986328125,-0.72021484375,0.1220703125,-0.1953125,-0.08544921875,-0.634765625,0,-0.4150390625,-0.15869140625,0.6103515625,-0.146484375,1.1474609375,0.146484375,0.5615234375,-0.13427734375,-0.1220703125,-0.09765625,0.7568359375,-0.40283203125,0.634765625,-0.20751953125,0.45166015625,0.06103515625,0.4638671875,0.09765625,0.15869140625,-0.3662109375,0.20751953125,-0.01220703125,1.03759765625,-0.18310546875,0.28076171875,-0.09765625,0.1953125,-0.29296875,0.29296875,-0.0244140625,0.86669921875,0.15869140625,0.08544921875,0.28076171875,1.3427734375,0.13427734375,-0.89111328125,0.09765625,-0.341796875,0.048828125,-0.93994140625,-0.09765625,-0.732421875,-0.25634765625,-1.50146484375,0.18310546875,-0.20751953125,-0.1953125,-0.29296875,0.13427734375,-1.1474609375,-0.30517578125,0.35400390625,-0.10986328125,0.15869140625,-0.15869140625,1.123046875,0.06103515625,0.84228515625,0.09765625,-0.74462890625,-0.15869140625,-1.4892578125,-0.2197265625,-1.01318359375,-0.1953125,0.439453125,-0.25634765625,-0.01220703125,-0.01220703125,-0.32958984375,-0.06103515625,-0.3662109375,-0.06103515625,-0.30517578125,-0.1220703125,0.06103515625,-0.15869140625,0.8056640625,0,-0.5615234375,-0.37841796875,-0.537109375
0,0.08544921875,-0.37841796875,-0.2197265625,-0.3173828125,0.06103515625,-0.390625,-0.18310546875,0.0244140625,0.35400390625,-0.29296875,-0.10986328125,-1.11083984375,-0.146484375,0.7080078125,-0.15869140625,-0.927734375,0.08544921875,4.1259765625,0.09765625,4.38232421875,-0.18310546875,3.96728515625,0.30517578125,6.73828125,-0.03662109375,-0.18310546875,-0.32958984375,-0.78125,-0.20751953125,0.927734375,-0.42724609375,0.2197265625,0.439453125,-0.32958984375,-0.0732421875,-0.84228515625,0.0732421875,-0.439453125,-0.0244140625,-0.732421875,0.13427734375,-0.1953125,0.01220703125,-0.634765625,0.0244140625,-0.4150390625,-0.06103515625,0.62255859375,-0.0732421875,1.171875,0.1220703125,0.52490234375,-0.146484375,-0.15869140625,-0.1220703125,0.76904296875,-0.4638671875,0.634765625,-0.15869140625,0.45166015625,0.06103515625,0.4638671875,0,0.146484375,-0.3173828125,0.1953125,0.03662109375,1.025390625,-0.146484375,0.28076171875,-0.08544921875,0.1708984375,-0.2685546875,0.28076171875,-0.06103515625,0.8544921875,0.1220703125,0.08544921875,0.30517578125,1.35498046875,0.1220703125,-0.89111328125,0.10986328125,-0.3662109375,-0.0732421875,-0.96435546875,-0.08544921875,-0.74462890625,-0.25634765625,-1.52587890625,0.2197265625,-0.23193359375,-0.06103515625,-0.2685546875,0.06103515625,-1.1474609375,-0.244140625,-0.28076171875,-0.23193359375,-0.4150390625,-0.1953125,0.25634765625,0.1220703125,0.30517578125,0.1220703125,-0.74462890625,-0.32958984375,-1.4404296875,-0.20751953125,-1.0009765625,-0.1220703125,0.4150390625,-0.244140625,-0.03662109375,0.01220703125,-0.3173828125,-0.0732421875,-0.35400390625,-0.048828125,-0.29296875,-0.10986328125,0.06103515625,-0.1708984375,0.79345703125,0,-0.52490234375,-0.341796875,-0.54931640625
0,0.10986328125,-0.37841796875,-0.23193359375,-0.32958984375,0.09765625,-0.37841796875,-0.1953125,0,0.32958984375,-0.25634765625,-0.1220703125,-1.08642578125,-0.08544921875,0.74462890625,-0.1953125,-0.8544921875,0.146484375,3.89404296875,0.10986328125,4.08935546875,-0.09765625,3.759765625,0.3173828125,6.21337890625,-0.146484375,-0.15869140625,-0.37841796875,-0.8056640625,-0.28076171875,0.9033203125,-0.47607421875,0.2197265625,0.37841796875,-0.32958984375,-0.08544921875,-0.8544921875,0.15869140625,-0.42724609375,0.01220703125,-0.732421875,0.13427734375,-0.20751953125,0.08544921875,-0.62255859375,0.06103515625,-0.42724609375,0,0.634765625,-0.03662109375,1.1962890625,0.048828125,0.50048828125,-0.10986328125,-0.15869140625,-0.13427734375,0.76904296875,-0.439453125,0.634765625,-0.15869140625,0.439453125,0.048828125,0.4638671875,-0.01220703125,0.10986328125,-0.28076171875,0.244140625,0.08544921875,1.0498046875,-0.10986328125,0.28076171875,-0.13427734375,0.1953125,-0.23193359375,0.29296875,-0.048828125,0.8544921875,0.0732421875,0.1220703125,0.30517578125,1.3427734375,0.10986328125,-0.9033203125,0.146484375,-0.37841796875,-0.15869140625,-1.0009765625,-0.03662109375,-0.7568359375,-0.244140625,-1.5380859375,0.25634765625,-0.25634765625,0.0732421875,-0.25634765625,-0.01220703125,-1.15966796875,-0.1708984375,-0.8544921875,-0.3173828125,-0.927734375,-0.1953125,-0.59814453125,0.18310546875,-0.2197265625,0.1708984375,-0.7080078125,-0.439453125,-1.4404296875,-0.15869140625,-1.01318359375,-0.06103515625,0.40283203125,-0.23193359375,-0.03662109375,0.01220703125,-0.3173828125,-0.0732421875,-0.3173828125,-0.048828125,-0.3173828125,-0.10986328125,0.048828125,-0.1708984375,0.8056640625,-0.01220703125,-0.52490234375,-0.32958984375,-0.5615234375
0,0.10986328125,-0.390625,-0.2197265625,-0.3173828125,0.09765625,-0.40283203125,-0.18310546875,0,0.3173828125,-0.25634765625,-0.13427734375,-1.07421875,-0.03662109375,0.79345703125,-0.2197265625,-0.7568359375,0.2197265625,3.662109375,0.0732421875,3.857421875,0.048828125,3.5888671875,0.2685546875,5.70068359375,-0.1953125,-0.18310546875,-0.42724609375,-0.8056640625,-0.341796875,0.89111328125,-0.4150390625,0.20751953125,0.30517578125,-0.3173828125,-0.0732421875,-0.86669921875,0.2197265625,-0.4150390625,0.08544921875,-0.69580078125,0.13427734375,-0.20751953125,0.09765625,-0.62255859375,0.1220703125,-0.42724609375,0.0732421875,0.634765625,-0.03662109375,1.220703125,-0.0244140625,0.48828125,-0.10986328125,-0.1708984375,-0.10986328125,0.76904296875,-0.42724609375,0.634765625,-0.1220703125,0.45166015625,0.03662109375,0.47607421875,-0.0244140625,0.09765625,-0.2685546875,0.25634765625,0.15869140625,1.06201171875,-0.03662109375,0.2685546875,-0.146484375,0.1953125,-0.18310546875,0.29296875,-0.0732421875,0.86669921875,0.0732421875,0.08544921875,0.2685546875,1.35498046875,0.09765625,-0.927734375,0.1220703125,-0.3662109375,-0.1953125,-1.01318359375,-0.01220703125,-0.78125,-0.1953125,-1.57470703125,0.25634765625,-0.2685546875,0.10986328125,-0.25634765625,-0.08544921875,-1.15966796875,-0.1220703125,-1.416015625,-0.32958984375,-1.3671875,-0.1708984375,-1.3427734375,0.20751953125,-0.64697265625,0.15869140625,-0.72021484375,-0.52490234375,-1.42822265625,-0.13427734375,-1.01318359375,-0.03662109375,0.37841796875,-0.244140625,-0.01220703125,0.0244140625,-0.29296875,-0.0732421875,-0.29296875,-0.03662109375,-0.30517578125,-0.1220703125,0.0244140625,-0.1708984375,0.79345703125,-0.03662109375,-0.5126953125,-0.3173828125,-0.54931640625
0,0.10986328125,-0.37841796875,-0.2197265625,-0.29296875,0.1220703125,-0.40283203125,-0.1953125,0.03662109375,0.25634765625,-0.25634765625,-0.146484375,-1.0498046875,-0.01220703125,0.830078125,-0.25634765625,-0.6591796875,0.3662109375,3.466796875,0.048828125,3.62548828125,0.25634765625,3.41796875,0.28076171875,5.2978515625,-0.23193359375,-0.18310546875,-0.47607421875,-0.81787109375,-0.341796875,0.89111328125,-0.341796875,0.244140625,0.18310546875,-0.30517578125,-0.10986328125,-0.87890625,0.244140625,-0.40283203125,0.06103515625,-0.7080078125,0.146484375,-0.18310546875,0.09765625,-0.6103515625,0.18310546875,-0.42724609375,0.0732421875,0.6591796875,0.03662109375,1.2451171875,-0.10986328125,0.4638671875,-0.1220703125,-0.20751953125,-0.08544921875,0.7568359375,-0.42724609375,0.634765625,-0.13427734375,0.45166015625,0.0244140625,0.47607421875,-0.048828125,0.09765625,-0.1708984375,0.25634765625,0.2197265625,1.06201171875,0.01220703125,0.25634765625,-0.2197265625,0.18310546875,-0.09765625,0.30517578125,-0.08544921875,0.8544921875,0.06103515625,0.09765625,0.2197265625,1.35498046875,0.06103515625,-0.96435546875,0.09765625,-0.37841796875,-0.20751953125,-1.01318359375,-0.06103515625,-0.79345703125,-0.1220703125,-1.5625,0.25634765625,-0.29296875,0.09765625,-0.29296875,-0.08544921875,-1.15966796875,-0.09765625,-1.84326171875,-0.28076171875,-1.69677734375,-0.146484375,-1.94091796875,0.1708984375,-0.98876953125,0.13427734375,-0.7080078125,-0.54931640625,-1.42822265625,-0.08544921875,-1.025390625,-0.048828125,0.35400390625,-0.23193359375,0,0.01220703125,-0.29296875,-0.06103515625,-0.25634765625,-0.01220703125,-0.29296875,-0.1220703125,0.01220703125,-0.15869140625,0.8056640625,-0.01220703125,-0.48828125,-0.30517578125,-0.537109375
0,0.08544921875,-0.35400390625,-0.2197265625,-0.28076171875,0.09765625,-0.40283203125,-0.18310546875,0.06103515625,0.244140625,-0.23193359375,-0.146484375,-1.06201171875,0,0.84228515625,-0.3173828125,-0.6103515625,0.42724609375,3.2958984375,-0.01220703125,3.45458984375,0.4150390625,3.2958984375,0.09765625,4.94384765625,-0.20751953125,-0.146484375,-0.52490234375,-0.79345703125,-0.341796875,0.91552734375,-0.244140625,0.244140625,0.048828125,-0.3173828125,-0.09765625,-0.87890625,0.25634765625,-0.4150390625,0.0244140625,-0.72021484375,0.146484375,-0.1953125,0.048828125,-0.62255859375,0.2197265625,-0.4150390625,0.03662109375,0.6591796875,0.0244140625,1.23291015625,-0.1953125,0.45166015625,-0.146484375,-0.18310546875,-0.08544921875,0.74462890625,-0.3662109375,0.64697265625,-0.15869140625,0.45166015625,0,0.48828125,-0.1220703125,0.09765625,-0.09765625,0.244140625,0.25634765625,1.06201171875,0.06103515625,0.2685546875,-0.244140625,0.1953125,-0.09765625,0.30517578125,-0.0732421875,0.87890625,0.048828125,0.08544921875,0.15869140625,1.3671875,0.01220703125,-1.0009765625,0.0732421875,-0.3662109375,-0.1220703125,-0.98876953125,-0.13427734375,-0.8056640625,-0.048828125,-1.55029296875,0.2197265625,-0.29296875,0.03662109375,-0.30517578125,-0.0732421875,-1.15966796875,-0.08544921875,-2.13623046875,-0.244140625,-1.89208984375,-0.146484375,-2.34375,0.03662109375,-1.1962890625,0.0732421875,-0.68359375,-0.47607421875,-1.4404296875,-0.06103515625,-1.01318359375,-0.10986328125,0.35400390625,-0.23193359375,0.048828125,0,-0.28076171875,-0.0732421875,-0.23193359375,-0.0244140625,-0.29296875,-0.10986328125,0,-0.13427734375,0.84228515625,-0.01220703125,-0.48828125,-0.29296875,-0.48828125
1,0.06103515625,-0.35400390625,-0.2197265625,-0.28076171875,0.06103515625,-0.37841796875,-0.15869140625,0.06103515625,0.20751953125,-0.2685546875,-0.1220703125,-1.07421875,-0.01220703125,0.8544921875,-0.4150390625,-0.57373046875,0.45166015625,3.173828125,-0.08544921875,3.28369140625,0.47607421875,3.173828125,-0.03662109375,4.72412109375,-0.1708984375,-0.13427734375,-0.52490234375,-0.78125,-0.29296875,0.91552734375,-0.15869140625,0.244140625,-0.09765625,-0.3173828125,-0.1220703125,-0.86669921875,0.23193359375,-0.4150390625,0,-0.7080078125,0.146484375,-0.18310546875,0,-0.6103515625,0.23193359375,-0.40283203125,-0.0244140625,0.6591796875,0.01220703125,1.220703125,-0.244140625,0.45166015625,-0.20751953125,-0.18310546875,-0.09765625,0.7568359375,-0.30517578125,0.6591796875,-0.15869140625,0.4638671875,-0.048828125,0.5126953125,-0.2197265625,0.10986328125,0.0244140625,0.2685546875,0.25634765625,1.08642578125,0.08544921875,0.29296875,-0.23193359375,0.1953125,-0.06103515625,0.30517578125,-0.048828125,0.84228515625,0.048828125,0.08544921875,0.10986328125,1.35498046875,-0.0244140625,-0.96435546875,0.06103515625,-0.3662109375,-0.03662109375,-0.9765625,-0.1953125,-0.79345703125,0.03662109375,-1.52587890625,0.18310546875,-0.30517578125,-0.08544921875,-0.29296875,-0.0732421875,-1.171875,-0.0244140625,-2.23388671875,-0.15869140625,-1.94091796875,-0.1708984375,-2.4658203125,-0.03662109375,-1.2451171875,-0.0244140625,-0.69580078125,-0.390625,-1.4404296875,-0.06103515625,-1.0498046875,-0.1708984375,0.341796875,-0.2197265625,0.0732421875,0.01220703125,-0.29296875,-0.0732421875,-0.23193359375,0.01220703125,-0.28076171875,-0.09765625,-0.03662109375,-0.15869140625,0.8544921875,-0.01220703125,-0.47607421875,-0.30517578125,-0.48828125
1,0.06103515625,-0.3662109375,-0.23193359375,-0.28076171875,0.048828125,-0.37841796875,-0.15869140625,0.06103515625,0.15869140625,-0.2685546875,-0.1220703125,-1.0986328125,-0.01220703125,0.8544921875,-0.439453125,-0.59814453125,0.4638671875,3.03955078125,-0.10986328125,3.16162109375,0.48828125,3.03955078125,-0.146484375,4.57763671875,-0.13427734375,-0.1220703125,-0.48828125,-0.78125,-0.2197265625,0.927734375,-0.09765625,0.25634765625,-0.1953125,-0.3173828125,-0.15869140625,-0.86669921875,0.13427734375,-0.4150390625,-0.08544921875,-0.72021484375,0.146484375,-0.1708984375,-0.06103515625,-0.634765625,0.23193359375,-0.42724609375,-0.09765625,0.6591796875,-0.08544921875,1.1962890625,-0.28076171875,0.4638671875,-0.25634765625,-0.1708984375,-0.146484375,0.7568359375,-0.23193359375,0.64697265625,-0.15869140625,0.47607421875,-0.08544921875,0.5126953125,-0.32958984375,0.1220703125,0.146484375,0.244140625,0.29296875,1.06201171875,0.0732421875,0.3173828125,-0.244140625,0.1953125,-0.0244140625,0.29296875,-0.0244140625,0.830078125,0.0244140625,0.09765625,0.08544921875,1.37939453125,-0.06103515625,-0.96435546875,0,-0.3662109375,0.08544921875,-0.93994140625,-0.23193359375,-0.76904296875,0.08544921875,-1.50146484375,0.18310546875,-0.28076171875,-0.18310546875,-0.3173828125,-0.0732421875,-1.171875,0.0244140625,-2.1484375,-0.03662109375,-1.84326171875,-0.20751953125,-2.33154296875,-0.09765625,-1.15966796875,-0.1220703125,-0.7080078125,-0.28076171875,-1.45263671875,-0.09765625,-1.03759765625,-0.244140625,0.35400390625,-0.1953125,0.09765625,0.048828125,-0.29296875,-0.08544921875,-0.244140625,0,-0.2685546875,-0.09765625,0,-0.1708984375,0.8544921875,0.03662109375,-0.48828125,-0.28076171875,-0.4638671875
1,0.0732421875,-0.37841796875,-0.20751953125,-0.29296875,0.0244140625,-0.37841796875,-0.15869140625,0.03662109375,0.13427734375,-0.29296875,-0.1220703125,-1.11083984375,-0.0244140625,0.830078125,-0.50048828125,-0.634765625,0.45166015625,2.880859375,-0.13427734375,3.02734375,0.4150390625,2.9541015625,-0.2197265625,4.45556640625,-0.048828125,-0.10986328125,-0.4150390625,-0.79345703125,-0.1708984375,0.927734375,-0.06103515625,0.25634765625,-0.28076171875,-0.32958984375,-0.1953125,-0.8544921875,0.0732421875,-0.390625,-0.09765625,-0.72021484375,0.06103515625,-0.15869140625,-0.1220703125,-0.62255859375,0.20751953125,-0.42724609375,-0.146484375,0.6591796875,-0.18310546875,1.1474609375,-0.29296875,0.50048828125,-0.30517578125,-0.146484375,-0.1708984375,0.7568359375,-0.20751953125,0.634765625,-0.1220703125,0.47607421875,-0.048828125,0.537109375,-0.37841796875,0.146484375,0.1953125,0.25634765625,0.30517578125,1.07421875,0.06103515625,0.30517578125,-0.20751953125,0.23193359375,0.01220703125,0.29296875,0.01220703125,0.84228515625,0,0.08544921875,0.06103515625,1.35498046875,-0.0732421875,-0.98876953125,0.01220703125,-0.341796875,0.18310546875,-0.927734375,-0.2197265625,-0.74462890625,0.1220703125,-1.47705078125,0.15869140625,-0.244140625,-0.25634765625,-0.30517578125,-0.10986328125,-1.18408203125,0.0732421875,-1.94091796875,0.03662109375,-1.67236328125,-0.25634765625,-1.94091796875,-0.048828125,-0.9521484375,-0.18310546875,-0.69580078125,-0.146484375,-1.46484375,-0.13427734375,-1.0498046875,-0.2685546875,0.37841796875,-0.18310546875,0.09765625,0.01220703125,-0.29296875,-0.08544921875,-0.244140625,-0.01220703125,-0.2685546875,-0.09765625,0,-0.1220703125,0.87890625,0.0244140625,-0.48828125,-0.30517578125,-0.45166015625
1,0.06103515625,-0.37841796875,-0.20751953125,-0.30517578125,0.048828125,-0.37841796875,-0.146484375,0.03662109375,0.10986328125,-0.30517578125,-0.13427734375,-1.1474609375,-0.06103515625,0.79345703125,-0.57373046875,-0.69580078125,0.390625,2.7587890625,-0.18310546875,2.91748046875,0.2685546875,2.84423828125,-0.2685546875,4.3212890625,0,-0.1220703125,-0.29296875,-0.8056640625,-0.1220703125,0.9521484375,-0.06103515625,0.2685546875,-0.28076171875,-0.32958984375,-0.1953125,-0.84228515625,-0.03662109375,-0.390625,-0.15869140625,-0.732421875,-0.03662109375,-0.146484375,-0.1220703125,-0.62255859375,0.15869140625,-0.4150390625,-0.20751953125,0.64697265625,-0.25634765625,1.1474609375,-0.2685546875,0.52490234375,-0.37841796875,-0.18310546875,-0.2197265625,0.7568359375,-0.2197265625,0.62255859375,-0.08544921875,0.4638671875,-0.01220703125,0.537109375,-0.40283203125,0.15869140625,0.244140625,0.25634765625,0.3173828125,1.07421875,0.06103515625,0.32958984375,-0.18310546875,0.23193359375,0.0244140625,0.30517578125,0.0244140625,0.830078125,0.01220703125,0.06103515625,0,1.3671875,-0.048828125,-0.9521484375,0.01220703125,-0.32958984375,0.1953125,-0.91552734375,-0.15869140625,-0.7568359375,0.09765625,-1.46484375,0.13427734375,-0.2685546875,-0.30517578125,-0.30517578125,-0.15869140625,-1.20849609375,0.0244140625,-1.5625,0.08544921875,-1.3916015625,-0.32958984375,-1.3916015625,-0.01220703125,-0.634765625,-0.2197265625,-0.72021484375,-0.048828125,-1.45263671875,-0.1953125,-1.03759765625,-0.2685546875,0.390625,-0.1708984375,0.08544921875,0,-0.29296875,-0.048828125,-0.25634765625,-0.06103515625,-0.23193359375,-0.10986328125,0.03662109375,-0.13427734375,0.8544921875,0.03662109375,-0.50048828125,-0.244140625,-0.439453125
1,0.0732421875,-0.390625,-0.20751953125,-0.28076171875,0.0244140625,-0.37841796875,-0.13427734375,0.0244140625,0.09765625,-0.30517578125,-0.13427734375,-1.1474609375,-0.08544921875,0.76904296875,-0.64697265625,-0.76904296875,0.2685546875,2.60009765625,-0.1953125,2.77099609375,0.09765625,2.74658203125,-0.28076171875,4.1259765625,0.03662109375,-0.10986328125,-0.20751953125,-0.79345703125,-0.08544921875,0.93994140625,-0.03662109375,0.2685546875,-0.244140625,-0.3173828125,-0.20751953125,-0.830078125,-0.146484375,-0.40283203125,-0.18310546875,-0.72021484375,-0.1708984375,-0.146484375,-0.1708984375,-0.62255859375,0.09765625,-0.4150390625,-0.23193359375,0.68359375,-0.29296875,1.123046875,-0.23193359375,0.537109375,-0.45166015625,-0.1708984375,-0.2197265625,0.74462890625,-0.2197265625,0.6103515625,-0.0244140625,0.4638671875,-0.03662109375,0.54931640625,-0.35400390625,0.146484375,0.2685546875,0.29296875,0.29296875,1.06201171875,0.0732421875,0.30517578125,-0.1220703125,0.244140625,0.0732421875,0.29296875,0.03662109375,0.830078125,0.01220703125,0.048828125,0,1.35498046875,-0.0732421875,-0.96435546875,0.0244140625,-0.35400390625,0.1953125,-0.91552734375,-0.08544921875,-0.72021484375,0.0244140625,-1.47705078125,0.146484375,-0.2685546875,-0.2685546875,-0.30517578125,-0.2197265625,-1.220703125,0,-1.171875,0.15869140625,-1.07421875,-0.390625,-0.87890625,0.048828125,-0.3173828125,-0.10986328125,-0.72021484375,-0.01220703125,-1.45263671875,-0.244140625,-1.025390625,-0.244140625,0.42724609375,-0.18310546875,0.06103515625,-0.0244140625,-0.28076171875,-0.08544921875,-0.25634765625,-0.048828125,-0.2197265625,-0.10986328125,0.03662109375,-0.13427734375,0.8544921875,0.0244140625,-0.50048828125,-0.1953125,-0.4638671875
1,0.0732421875,-0.40283203125,-0.2197265625,-0.30517578125,0,-0.390625,-0.09765625,0.01220703125,0.13427734375,-0.30517578125,-0.146484375,-1.1474609375,-0.13427734375,0.7568359375,-0.67138671875,-0.79345703125,0.1708984375,2.35595703125,-0.20751953125,2.60009765625,-0.03662109375,2.60009765625,-0.2685546875,3.77197265625,0.03662109375,-0.13427734375,-0.06103515625,-0.79345703125,-0.06103515625,0.927734375,-0.01220703125,0.2685546875,-0.1708984375,-0.29296875,-0.146484375,-0.830078125,-0.244140625,-0.4150390625,-0.1953125,-0.72021484375,-0.25634765625,-0.1708984375,-0.1220703125,-0.6103515625,0.0244140625,-0.390625,-0.2197265625,0.7080078125,-0.341796875,1.11083984375,-0.1953125,0.537109375,-0.537109375,-0.15869140625,-0.20751953125,0.732421875,-0.28076171875,0.59814453125,0.0732421875,0.45166015625,-0.0732421875,0.537109375,-0.29296875,0.13427734375,0.32958984375,0.28076171875,0.25634765625,1.06201171875,0.06103515625,0.29296875,-0.10986328125,0.244140625,0.13427734375,0.28076171875,-0.01220703125,0.8056640625,-0.01220703125,0.048828125,0,1.3671875,-0.0732421875,-0.93994140625,0.06103515625,-0.341796875,0.1708984375,-0.91552734375,0.06103515625,-0.72021484375,-0.01220703125,-1.47705078125,0.1220703125,-0.244140625,-0.1708984375,-0.28076171875,-0.29296875,-1.220703125,-0.0732421875,-0.830078125,0.1220703125,-0.8056640625,-0.35400390625,-0.4150390625,0.0732421875,-0.0244140625,0.0244140625,-0.732421875,0.0244140625,-1.4892578125,-0.25634765625,-1.03759765625,-0.2685546875,0.439453125,-0.1708984375,0.0244140625,-0.03662109375,-0.2685546875,-0.06103515625,-0.2685546875,-0.0732421875,-0.2197265625,-0.10986328125,0.0732421875,-0.13427734375,0.8544921875,0.01220703125,-0.50048828125,-0.15869140625,-0.47607421875
1,0.048828125,-0.40283203125,-0.20751953125,-0.29296875,-0.048828125,-0.42724609375,-0.06103515625,0.01220703125,0.08544921875,-0.30517578125,-0.146484375,-1.13525390625,-0.15869140625,0.732421875,-0.68359375,-0.830078125,0.10986328125,2.06298828125,-0.2197265625,2.35595703125,-0.1708984375,2.42919921875,-0.146484375,3.271484375,0.03662109375,-0.13427734375,0,-0.79345703125,-0.048828125,0.9521484375,-0.03662109375,0.244140625,-0.09765625,-0.30517578125,-0.09765625,-0.830078125,-0.28076171875,-0.439453125,-0.1953125,-0.69580078125,-0.32958984375,-0.1708984375,-0.06103515625,-0.62255859375,-0.08544921875,-0.37841796875,-0.2197265625,0.69580078125,-0.2685546875,1.13525390625,-0.1220703125,0.537109375,-0.62255859375,-0.15869140625,-0.1953125,0.732421875,-0.3173828125,0.59814453125,0.1708984375,0.45166015625,-0.09765625,0.537109375,-0.2197265625,0.13427734375,0.37841796875,0.2685546875,0.2197265625,1.03759765625,0.06103515625,0.2685546875,-0.08544921875,0.2197265625,0.1953125,0.25634765625,-0.03662109375,0.81787109375,-0.03662109375,0.048828125,0.0244140625,1.3427734375,-0.08544921875,-0.91552734375,0.08544921875,-0.3173828125,0.13427734375,-0.9521484375,0.15869140625,-0.74462890625,-0.0732421875,-1.50146484375,0.10986328125,-0.2197265625,-0.048828125,-0.2685546875,-0.30517578125,-1.220703125,-0.1220703125,-0.59814453125,0.03662109375,-0.634765625,-0.30517578125,-0.0732421875,0.06103515625,0.146484375,0.2197265625,-0.74462890625,-0.03662109375,-1.47705078125,-0.28076171875,-1.03759765625,-0.25634765625,0.439453125,-0.1708984375,0.0244140625,-0.0244140625,-0.2685546875,-0.09765625,-0.25634765625,-0.048828125,-0.1953125,-0.1220703125,0.0732421875,-0.13427734375,0.8544921875,0,-0.50048828125,-0.1220703125,-0.48828125
1,0.0244140625,-0.4150390625,-0.1953125,-0.30517578125,-0.06103515625,-0.439453125,-0.03662109375,0.01220703125,0.048828125,-0.28076171875,-0.13427734375,-1.0986328125,-0.1953125,0.74462890625,-0.68359375,-0.830078125,0.01220703125,1.72119140625,-0.244140625,2.03857421875,-0.2197265625,2.2216796875,-0.13427734375,2.587890625,0.0732421875,-0.146484375,0.048828125,-0.79345703125,-0.06103515625,0.93994140625,-0.03662109375,0.244140625,-0.03662109375,-0.29296875,-0.048828125,-0.81787109375,-0.29296875,-0.4638671875,-0.18310546875,-0.69580078125,-0.341796875,-0.18310546875,-0.0244140625,-0.62255859375,-0.1708984375,-0.341796875,-0.1708984375,0.72021484375,-0.20751953125,1.171875,-0.06103515625,0.5126953125,-0.67138671875,-0.15869140625,-0.1953125,0.74462890625,-0.3662109375,0.59814453125,0.20751953125,0.4150390625,-0.0244140625,0.50048828125,-0.13427734375,0.1220703125,0.390625,0.28076171875,0.146484375,1.03759765625,0.0732421875,0.23193359375,-0.0732421875,0.20751953125,0.23193359375,0.2685546875,-0.09765625,0.81787109375,-0.06103515625,0.048828125,0.03662109375,1.35498046875,-0.0732421875,-0.9521484375,0.1220703125,-0.341796875,0.08544921875,-0.9765625,0.2197265625,-0.7568359375,-0.10986328125,-1.513671875,0.10986328125,-0.244140625,0.0732421875,-0.28076171875,-0.25634765625,-1.23291015625,-0.1708984375,-0.48828125,-0.08544921875,-0.57373046875,-0.2197265625,0.03662109375,0.08544921875,0.2197265625,0.37841796875,-0.76904296875,-0.048828125,-1.46484375,-0.23193359375,-1.03759765625,-0.23193359375,0.439453125,-0.18310546875,0.01220703125,-0.0244140625,-0.2685546875,-0.0732421875,-0.23193359375,-0.03662109375,-0.1953125,-0.1220703125,0.0732421875,-0.09765625,0.84228515625,-0.0244140625,-0.5126953125,-0.10986328125,-0.50048828125
1,0.01220703125,-0.390625,-0.1953125,-0.29296875,-0.06103515625,-0.40283203125,-0.0732421875,0,0.0244140625,-0.2685546875,-0.1220703125,-1.08642578125,-0.244140625,0.7568359375,-0.64697265625,-0.78125,0.048828125,1.30615234375,-0.2197265625,1.66015625,-0.13427734375,1.953125,0.01220703125,1.79443359375,0.0732421875,-0.1708984375,0.01220703125,-0.8056640625,-0.08544921875,0.93994140625,-0.0732421875,0.244140625,-0.03662109375,-0.29296875,0.0732421875,-0.830078125,-0.25634765625,-0.47607421875,-0.18310546875,-0.69580078125,-0.29296875,-0.18310546875,0.03662109375,-0.62255859375,-0.23193359375,-0.35400390625,-0.1220703125,0.7080078125,-0.146484375,1.171875,-0.01220703125,0.48828125,-0.69580078125,-0.146484375,-0.1953125,0.732421875,-0.42724609375,0.6103515625,0.18310546875,0.4150390625,-0.09765625,0.50048828125,-0.10986328125,0.1220703125,0.42724609375,0.29296875,0.06103515625,1.03759765625,0.08544921875,0.20751953125,-0.06103515625,0.20751953125,0.1953125,0.2685546875,-0.10986328125,0.8056640625,-0.0732421875,0.048828125,0.03662109375,1.3671875,-0.0244140625,-0.96435546875,0.146484375,-0.32958984375,0.048828125,-1.0009765625,0.244140625,-0.7568359375,-0.146484375,-1.513671875,0.08544921875,-0.2197265625,0.146484375,-0.28076171875,-0.23193359375,-1.1962890625,-0.15869140625,-0.52490234375,-0.18310546875,-0.6103515625,-0.0732421875,-0.08544921875,0.1220703125,0.15869140625,0.47607421875,-0.74462890625,-0.13427734375,-1.416015625,-0.146484375,-1.025390625,-0.1953125,0.4638671875,-0.18310546875,0.01220703125,-0.0244140625,-0.29296875,-0.0732421875,-0.25634765625,0,-0.20751953125,-0.10986328125,0.048828125,-0.1220703125,0.8544921875,0.01220703125,-0.5126953125,-0.08544921875,-0.5126953125
1,0,-0.37841796875,-0.15869140625,-0.29296875,-0.08544921875,-0.439453125,-0.09765625,0.01220703125,-0.01220703125,-0.25634765625,-0.146484375,-1.0986328125,-0.25634765625,0.78125,-0.5859375,-0.74462890625,0.06103515625,0.86669921875,-0.2197265625,1.28173828125,-0.0244140625,1.64794921875,0.048828125,0.9521484375,0.146484375,-0.15869140625,-0.06103515625,-0.79345703125,-0.15869140625,0.91552734375,-0.15869140625,0.23193359375,-0.01220703125,-0.29296875,0.15869140625,-0.84228515625,-0.20751953125,-0.45166015625,-0.13427734375,-0.69580078125,-0.1708984375,-0.1953125,0.08544921875,-0.634765625,-0.25634765625,-0.3662109375,-0.01220703125,0.7080078125,-0.10986328125,1.1962890625,0,0.47607421875,-0.7080078125,-0.146484375,-0.244140625,0.7080078125,-0.50048828125,0.634765625,0.18310546875,0.439453125,-0.06103515625,0.4638671875,0,0.1220703125,0.50048828125,0.29296875,-0.06103515625,1.06201171875,0.10986328125,0.18310546875,-0.03662109375,0.1953125,0.1953125,0.29296875,-0.146484375,0.79345703125,-0.01220703125,0.03662109375,0.03662109375,1.3671875,0.048828125,-0.9765625,0.1708984375,-0.32958984375,0.0732421875,-1.01318359375,0.18310546875,-0.76904296875,-0.1953125,-1.513671875,0.08544921875,-0.23193359375,0.15869140625,-0.29296875,-0.18310546875,-1.20849609375,-0.18310546875,-0.69580078125,-0.20751953125,-0.7568359375,-0.048828125,-0.40283203125,0.1708984375,0,0.48828125,-0.7080078125,-0.1708984375,-1.416015625,-0.03662109375,-1.03759765625,-0.146484375,0.45166015625,-0.1708984375,0.01220703125,-0.03662109375,-0.29296875,-0.0732421875,-0.244140625,0.06103515625,-0.20751953125,-0.08544921875,0.06103515625,-0.10986328125,0.8544921875,0,-0.50048828125,-0.10986328125,-0.52490234375
1,-0.03662109375,-0.35400390625,-0.15869140625,-0.30517578125,-0.08544921875,-0.42724609375,-0.1220703125,0.01220703125,-0.0244140625,-0.23193359375,-0.13427734375,-1.08642578125,-0.29296875,0.81787109375,-0.5126953125,-0.72021484375,0.146484375,0.439453125,-0.18310546875,0.87890625,0.1708984375,1.37939453125,0.1220703125,0.15869140625,0.2197265625,-0.1708984375,-0.1708984375,-0.78125,-0.20751953125,0.927734375,-0.244140625,0.244140625,-0.03662109375,-0.2685546875,0.2197265625,-0.8544921875,-0.1220703125,-0.439453125,-0.0732421875,-0.68359375,-0.08544921875,-0.1953125,0.0732421875,-0.64697265625,-0.244140625,-0.37841796875,0.03662109375,0.7080078125,-0.10986328125,1.20849609375,-0.01220703125,0.4638671875,-0.6591796875,-0.15869140625,-0.28076171875,0.732421875,-0.57373046875,0.634765625,0.146484375,0.439453125,0.01220703125,0.48828125,0.1220703125,0.1220703125,0.48828125,0.3173828125,-0.1708984375,1.07421875,0.146484375,0.15869140625,-0.06103515625,0.18310546875,0.146484375,0.28076171875,-0.15869140625,0.81787109375,0.0244140625,0.03662109375,0,1.37939453125,0.1220703125,-0.96435546875,0.15869140625,-0.32958984375,0.06103515625,-1.0009765625,0.09765625,-0.7568359375,-0.20751953125,-1.52587890625,0.1220703125,-0.244140625,0.1220703125,-0.30517578125,-0.08544921875,-1.18408203125,-0.15869140625,-0.93994140625,-0.10986328125,-0.91552734375,0.08544921875,-0.8056640625,0.23193359375,-0.20751953125,0.35400390625,-0.69580078125,-0.15869140625,-1.4404296875,0.03662109375,-1.0498046875,-0.10986328125,0.42724609375,-0.15869140625,0.06103515625,-0.06103515625,-0.29296875,-0.0732421875,-0.2685546875,0.08544921875,-0.20751953125,-0.09765625,0.03662109375,-0.08544921875,0.86669921875,0.01220703125,-0.50048828125,-0.1220703125,-0.5126953125
1,-0.0244140625,-0.32958984375,-0.15869140625,-0.29296875,-0.09765625,-0.40283203125,-0.146484375,0.01220703125,-0.0732421875,-0.2197265625,-0.1708984375,-1.0986328125,-0.35400390625,0.84228515625,-0.48828125,-0.64697265625,0.20751953125,0.09765625,-0.146484375,0.52490234375,0.35400390625,1.123046875,0.1953125,-0.5126953125,0.2197265625,-0.1708984375,-0.28076171875,-0.76904296875,-0.25634765625,0.93994140625,-0.3662109375,0.244140625,-0.06103515625,-0.29296875,0.28076171875,-0.8544921875,-0.0244140625,-0.439453125,-0.0244140625,-0.69580078125,-0.01220703125,-0.1708984375,0.09765625,-0.634765625,-0.1708984375,-0.390625,0.0732421875,0.7080078125,-0.0732421875,1.220703125,-0.048828125,0.4638671875,-0.59814453125,-0.146484375,-0.2685546875,0.74462890625,-0.59814453125,0.6591796875,0.146484375,0.439453125,0.03662109375,0.47607421875,0.28076171875,0.146484375,0.42724609375,0.30517578125,-0.23193359375,1.08642578125,0.1708984375,0.1708984375,-0.13427734375,0.18310546875,0.1220703125,0.29296875,-0.15869140625,0.8056640625,0.08544921875,0.048828125,-0.0732421875,1.37939453125,0.146484375,-0.96435546875,0.13427734375,-0.30517578125,0.03662109375,-0.98876953125,-0.03662109375,-0.7568359375,-0.18310546875,-1.513671875,0.13427734375,-0.23193359375,0.0732421875,-0.2685546875,-0.03662109375,-1.171875,-0.2197265625,-1.18408203125,-0.06103515625,-1.07421875,0.10986328125,-1.220703125,0.1953125,-0.40283203125,0.2197265625,-0.68359375,-0.1953125,-1.416015625,0.08544921875,-1.0498046875,-0.13427734375,0.40283203125,-0.15869140625,0.06103515625,-0.0732421875,-0.29296875,-0.0732421875,-0.2685546875,0.10986328125,-0.244140625,-0.1220703125,0.0244140625,-0.08544921875,0.86669921875,0.048828125,-0.52490234375,-0.15869140625,-0.50048828125
1,-0.03662109375,-0.32958984375,-0.15869140625,-0.30517578125,-0.13427734375,-0.3662109375,-0.15869140625,0.0244140625,-0.09765625,-0.23193359375,-0.20751953125,-1.08642578125,-0.4150390625,0.84228515625,-0.42724609375,-0.6103515625,0.20751953125,-0.1708984375,-0.06103515625,0.29296875,0.47607421875,0.96435546875,0.18310546875,-0.91552734375,0.23193359375,-0.146484375,-0.35400390625,-0.79345703125,-0.29296875,0.96435546875,-0.4150390625,0.23193359375,-0.1220703125,-0.29296875,0.29296875,-0.86669921875,0.06103515625,-0.42724609375,0.06103515625,-0.69580078125,0.03662109375,-0.1708984375,0.0732421875,-0.62255859375,-0.09765625,-0.40283203125,0.13427734375,0.68359375,-0.0732421875,1.1962890625,-0.09765625,0.45166015625,-0.54931640625,-0.13427734375,-0.25634765625,0.74462890625,-0.54931640625,0.64697265625,0.18310546875,0.439453125,0.146484375,0.50048828125,0.35400390625,0.146484375,0.341796875,0.29296875,-0.2685546875,1.0986328125,0.1708984375,0.1708984375,-0.1953125,0.20751953125,0.0732421875,0.29296875,-0.15869140625,0.84228515625,0.1708984375,0.03662109375,-0.1220703125,1.37939453125,0.13427734375,-0.9521484375,0.10986328125,-0.29296875,0.048828125,-0.9765625,-0.2197265625,-0.74462890625,-0.18310546875,-1.4892578125,0.18310546875,-0.23193359375,0.0244140625,-0.29296875,0.03662109375,-1.1474609375,-0.244140625,-1.3916015625,0.048828125,-1.20849609375,0.0732421875,-1.5380859375,0.15869140625,-0.54931640625,0.0244140625,-0.68359375,-0.1953125,-1.4404296875,0.1220703125,-1.06201171875,-0.146484375,0.390625,-0.10986328125,0.0732421875,-0.08544921875,-0.32958984375,-0.08544921875,-0.28076171875,0.10986328125,-0.2685546875,-0.13427734375,0.0244140625,-0.048828125,0.84228515625,0.0732421875,-0.48828125,-0.18310546875,-0.48828125
1,0,-0.35400390625,-0.15869140625,-0.29296875,-0.15869140625,-0.3662109375,-0.146484375,0.048828125,-0.10986328125,-0.23193359375,-0.2197265625,-1.07421875,-0.42724609375,0.84228515625,-0.341796875,-0.5859375,0.23193359375,-0.25634765625,0.06103515625,0.20751953125,0.5615234375,0.927734375,0.2197265625,-1.0009765625,0.2197265625,-0.146484375,-0.42724609375,-0.76904296875,-0.3173828125,0.9765625,-0.40283203125,0.244140625,-0.18310546875,-0.28076171875,0.2685546875,-0.84228515625,0.09765625,-0.390625,0.08544921875,-0.7080078125,0.0732421875,-0.15869140625,0.03662109375,-0.634765625,-0.0244140625,-0.40283203125,0.146484375,0.64697265625,-0.1220703125,1.18408203125,-0.18310546875,0.4638671875,-0.5126953125,-0.09765625,-0.23193359375,0.7568359375,-0.5126953125,0.6591796875,0.20751953125,0.4638671875,0.20751953125,0.48828125,0.42724609375,0.1708984375,0.25634765625,0.29296875,-0.30517578125,1.0986328125,0.18310546875,0.1953125,-0.23193359375,0.2197265625,0.03662109375,0.28076171875,-0.13427734375,0.8544921875,0.20751953125,0.03662109375,-0.18310546875,1.37939453125,0.09765625,-0.93994140625,0.06103515625,-0.30517578125,0.01220703125,-0.927734375,-0.32958984375,-0.74462890625,-0.18310546875,-1.46484375,0.2685546875,-0.2197265625,-0.01220703125,-0.28076171875,0.08544921875,-1.1474609375,-0.2197265625,-1.46484375,0.18310546875,-1.25732421875,0.08544921875,-1.67236328125,0.25634765625,-0.59814453125,-0.13427734375,-0.67138671875,-0.20751953125,-1.45263671875,0.08544921875,-1.06201171875,-0.15869140625,0.390625,-0.0732421875,0.0732421875,-0.0732421875,-0.32958984375,-0.0732421875,-0.25634765625,0.10986328125,-0.28076171875,-0.15869140625,0,-0.048828125,0.830078125,0.06103515625,-0.5126953125,-0.1953125,-0.50048828125
1,-0.01220703125,-0.35400390625,-0.15869140625,-0.2685546875,-0.1708984375,-0.37841796875,-0.15869140625,0.048828125,-0.10986328125,-0.2685546875,-0.244140625,-1.08642578125,-0.40283203125,0.830078125,-0.29296875,-0.6103515625,0.20751953125,-0.146484375,0.146484375,0.29296875,0.50048828125,1.0009765625,0.23193359375,-0.72021484375,0.18310546875,-0.1220703125,-0.45166015625,-0.78125,-0.29296875,0.9765625,-0.35400390625,0.244140625,-0.23193359375,-0.25634765625,0.25634765625,-0.8544921875,0.13427734375,-0.3662109375,0.1220703125,-0.7080078125,0.09765625,-0.15869140625,0.01220703125,-0.64697265625,0.06103515625,-0.40283203125,0.13427734375,0.64697265625,-0.13427734375,1.15966796875,-0.2685546875,0.47607421875,-0.40283203125,-0.0732421875,-0.20751953125,0.732421875,-0.48828125,0.634765625,0.23193359375,0.4638671875,0.35400390625,0.52490234375,0.439453125,0.146484375,0.1953125,0.29296875,-0.32958984375,1.0986328125,0.146484375,0.18310546875,-0.29296875,0.244140625,0.048828125,0.2685546875,-0.10986328125,0.87890625,0.23193359375,0.03662109375,-0.1708984375,1.37939453125,0.03662109375,-0.89111328125,0.03662109375,-0.30517578125,-0.03662109375,-0.9033203125,-0.4150390625,-0.72021484375,-0.15869140625,-1.46484375,0.341796875,-0.20751953125,-0.03662109375,-0.25634765625,0.08544921875,-1.15966796875,-0.2197265625,-1.42822265625,0.15869140625,-1.23291015625,-0.08544921875,-1.611328125,0.1953125,-0.52490234375,-0.23193359375,-0.7080078125,-0.25634765625,-1.45263671875,0.03662109375,-1.07421875,-0.1708984375,0.390625,-0.0732421875,0.06103515625,-0.06103515625,-0.32958984375,-0.06103515625,-0.2685546875,0.1220703125,-0.32958984375,-0.15869140625,-0.01220703125,-0.03662109375,0.81787109375,0.06103515625,-0.5126953125,-0.18310546875,-0.48828125
0,0.01220703125,-0.37841796875,-0.1708984375,-0.28076171875,-0.18310546875,-0.37841796875,-0.1220703125,0.03662109375,-0.10986328125,-0.29296875,-0.25634765625,-1.07421875,-0.42724609375,0.81787109375,-0.23193359375,-0.64697265625,0.18310546875,0.146484375,0.2197265625,0.59814453125,0.37841796875,1.220703125,0.35400390625,-0.09765625,0.146484375,-0.1220703125,-0.4150390625,-0.76904296875,-0.2685546875,0.96435546875,-0.2197265625,0.244140625,-0.2685546875,-0.28076171875,0.18310546875,-0.86669921875,0.15869140625,-0.37841796875,0.1708984375,-0.732421875,0.10986328125,-0.146484375,0.0244140625,-0.634765625,0.13427734375,-0.390625,0.10986328125,0.62255859375,-0.146484375,1.13525390625,-0.37841796875,0.48828125,-0.341796875,-0.0732421875,-0.18310546875,0.74462890625,-0.45166015625,0.634765625,0.28076171875,0.45166015625,0.42724609375,0.5126953125,0.3662109375,0.1708984375,0.08544921875,0.29296875,-0.35400390625,1.0986328125,0.10986328125,0.18310546875,-0.29296875,0.244140625,0.0244140625,0.25634765625,-0.1220703125,0.87890625,0.2197265625,0.03662109375,-0.1220703125,1.37939453125,0,-0.86669921875,0.01220703125,-0.29296875,-0.10986328125,-0.89111328125,-0.4150390625,-0.69580078125,-0.1708984375,-1.47705078125,0.35400390625,-0.1953125,-0.06103515625,-0.25634765625,0.0732421875,-1.15966796875,-0.09765625,-1.220703125,0.146484375,-1.08642578125,-0.244140625,-1.3427734375,0.2197265625,-0.341796875,-0.2685546875,-0.69580078125,-0.28076171875,-1.45263671875,-0.048828125,-1.03759765625,-0.1708984375,0.40283203125,-0.03662109375,0.03662109375,-0.03662109375,-0.341796875,-0.06103515625,-0.28076171875,0.13427734375,-0.32958984375,-0.15869140625,0.01220703125,-0.048828125,0.830078125,0.06103515625,-0.52490234375,-0.18310546875,-0.48828125
0,0.0244140625,-0.3662109375,-0.1953125,-0.30517578125,-0.18310546875,-0.37841796875,-0.1220703125,0.03662109375,-0.15869140625,-0.3173828125,-0.28076171875,-1.0986328125,-0.40283203125,0.79345703125,-0.18310546875,-0.69580078125,0.10986328125,0.64697265625,0.25634765625,1.06201171875,0.244140625,1.611328125,0.48828125,0.81787109375,0.08544921875,-0.10986328125,-0.40283203125,-0.78125,-0.23193359375,0.96435546875,-0.10986328125,0.25634765625,-0.29296875,-0.28076171875,0.13427734375,-0.8544921875,0.15869140625,-0.3662109375,0.1708984375,-0.72021484375,0.09765625,-0.1708984375,0.03662109375,-0.64697265625,0.18310546875,-0.40283203125,0.08544921875,0.62255859375,-0.1708984375,1.11083984375,-0.47607421875,0.48828125,-0.28076171875,-0.0732421875,-0.146484375,0.74462890625,-0.42724609375,0.62255859375,0.30517578125,0.47607421875,0.47607421875,0.537109375,0.390625,0.146484375,-0.048828125,0.28076171875,-0.32958984375,1.06201171875,0.0732421875,0.20751953125,-0.28076171875,0.23193359375,-0.0244140625,0.25634765625,-0.0732421875,0.8544921875,0.20751953125,0.03662109375,-0.09765625,1.3671875,-0.0244140625,-0.87890625,-0.01220703125,-0.29296875,-0.18310546875,-0.9033203125,-0.341796875,-0.72021484375,-0.1708984375,-1.47705078125,0.40283203125,-0.1953125,-0.06103515625,-0.244140625,-0.01220703125,-1.1474609375,0.01220703125,-0.927734375,0.25634765625,-0.81787109375,-0.23193359375,-1.025390625,0.30517578125,-0.10986328125,-0.1953125,-0.69580078125,-0.32958984375,-1.4404296875,-0.13427734375,-1.03759765625,-0.1220703125,0.40283203125,-0.048828125,0.03662109375,-0.01220703125,-0.3173828125,-0.0732421875,-0.28076171875,0.146484375,-0.30517578125,-0.15869140625,0.01220703125,-0.03662109375,0.81787109375,0.048828125,-0.52490234375,-0.18310546875,-0.48828125
0,0.0244140625,-0.37841796875,-0.20751953125,-0.30517578125,-0.146484375,-0.390625,-0.08544921875,0.0244140625,-0.15869140625,-0.32958984375,-0.29296875,-1.123046875,-0.35400390625,0.79345703125,-0.146484375,-0.7568359375,0.0732421875,1.25732421875,0.29296875,1.69677734375,0.146484375,2.08740234375,0.52490234375,1.94091796875,0.01220703125,-0.1220703125,-0.29296875,-0.78125,-0.146484375,0.96435546875,-0.0244140625,0.25634765625,-0.341796875,-0.29296875,0.09765625,-0.86669921875,0.1220703125,-0.37841796875,0.1708984375,-0.72021484375,0.06103515625,-0.1708984375,0.06103515625,-0.64697265625,0.1953125,-0.4150390625,0.048828125,0.62255859375,-0.1708984375,1.11083984375,-0.50048828125,0.50048828125,-0.23193359375,-0.09765625,-0.10986328125,0.74462890625,-0.4150390625,0.6103515625,0.32958984375,0.4638671875,0.54931640625,0.52490234375,0.32958984375,0.13427734375,-0.13427734375,0.28076171875,-0.30517578125,1.07421875,0.048828125,0.1953125,-0.28076171875,0.25634765625,-0.06103515625,0.244140625,-0.08544921875,0.9033203125,0.1953125,0.03662109375,0,1.37939453125,-0.0732421875,-0.87890625,-0.03662109375,-0.32958984375,-0.2197265625,-0.91552734375,-0.2197265625,-0.732421875,-0.18310546875,-1.50146484375,0.341796875,-0.23193359375,0.01220703125,-0.25634765625,-0.146484375,-1.1962890625,0.0732421875,-0.6103515625,0.1953125,-0.59814453125,-0.28076171875,-0.62255859375,0.244140625,0.15869140625,-0.01220703125,-0.72021484375,-0.32958984375,-1.4404296875,-0.1708984375,-1.025390625,-0.10986328125,0.4150390625,-0.08544921875,0.048828125,0.01220703125,-0.3173828125,-0.08544921875,-0.2685546875,0.13427734375,-0.30517578125,-0.15869140625,0.0244140625,-0.0732421875,0.84228515625,0.048828125,-0.5126953125,-0.23193359375,-0.48828125
0,0.01220703125,-0.390625,-0.25634765625,-0.32958984375,-0.1708984375,-0.37841796875,-0.0732421875,0.0244140625,-0.1953125,-0.3173828125,-0.28076171875,-1.123046875,-0.3173828125,0.7568359375,-0.1220703125,-0.79345703125,0.0244140625,2.001953125,0.1953125,2.4169921875,0.06103515625,2.62451171875,0.5615234375,3.1982421875,-0.0244140625,-0.10986328125,-0.23193359375,-0.78125,-0.08544921875,0.93994140625,0.0244140625,0.244140625,-0.45166015625,-0.28076171875,0.08544921875,-0.8544921875,0.0732421875,-0.4150390625,0.146484375,-0.732421875,-0.048828125,-0.18310546875,0.09765625,-0.64697265625,0.1708984375,-0.42724609375,0.0244140625,0.62255859375,-0.20751953125,1.171875,-0.5126953125,0.50048828125,-0.18310546875,-0.1220703125,-0.06103515625,0.7568359375,-0.439453125,0.62255859375,0.35400390625,0.45166015625,0.54931640625,0.52490234375,0.25634765625,0.1220703125,-0.1708984375,0.2685546875,-0.2685546875,1.07421875,-0.01220703125,0.20751953125,-0.25634765625,0.23193359375,-0.146484375,0.23193359375,-0.0244140625,0.8544921875,0.146484375,0.048828125,0.048828125,1.3671875,-0.08544921875,-0.9033203125,-0.0732421875,-0.341796875,-0.20751953125,-0.927734375,-0.06103515625,-0.732421875,-0.1953125,-1.513671875,0.28076171875,-0.244140625,0.03662109375,-0.25634765625,-0.23193359375,-1.171875,0.1708984375,-0.28076171875,0.15869140625,-0.3662109375,-0.23193359375,-0.1953125,0.20751953125,0.4150390625,0.1708984375,-0.74462890625,-0.3173828125,-1.45263671875,-0.15869140625,-1.01318359375,-0.13427734375,0.42724609375,-0.08544921875,0.0244140625,0.01220703125,-0.30517578125,-0.06103515625,-0.23193359375,0.146484375,-0.28076171875,-0.146484375,0.01220703125,-0.09765625,0.86669921875,0.06103515625,-0.48828125,-0.2685546875,-0.50048828125
0,-0.01220703125,-0.390625,-0.2197265625,-0.3173828125,-0.20751953125,-0.40283203125,-0.08544921875,0.01220703125,-0.20751953125,-0.341796875,-0.29296875,-1.123046875,-0.2685546875,0.7568359375,-0.08544921875,-0.8056640625,-0.0244140625,2.7587890625,0.1220703125,3.1494140625,0.06103515625,3.1982421875,0.40283203125,4.4677734375,-0.03662109375,-0.13427734375,-0.1708984375,-0.76904296875,-0.01220703125,0.927734375,0.048828125,0.25634765625,-0.50048828125,-0.32958984375,0.08544921875,-0.87890625,0.01220703125,-0.45166015625,0.08544921875,-0.72021484375,-0.18310546875,-0.23193359375,0.0732421875,-0.62255859375,0.09765625,-0.40283203125,0.01220703125,0.6103515625,-0.20751953125,1.18408203125,-0.5126953125,0.50048828125,-0.1708984375,-0.146484375,0.01220703125,0.74462890625,-0.439453125,0.634765625,0.32958984375,0.45166015625,0.5615234375,0.52490234375,0.23193359375,0.13427734375,-0.1953125,0.23193359375,-0.23193359375,1.0498046875,-0.048828125,0.20751953125,-0.23193359375,0.20751953125,-0.1953125,0.23193359375,-0.01220703125,0.8544921875,0.146484375,0.048828125,0.13427734375,1.3427734375,-0.09765625,-0.927734375,-0.09765625,-0.341796875,-0.15869140625,-0.96435546875,0.06103515625,-0.74462890625,-0.20751953125,-1.52587890625,0.18310546875,-0.2685546875,0.0244140625,-0.28076171875,-0.35400390625,-1.18408203125,0.23193359375,-0.01220703125,0.15869140625,-0.146484375,-0.146484375,0.09765625,0.146484375,0.62255859375,0.29296875,-0.7568359375,-0.28076171875,-1.45263671875,-0.1708984375,-1.03759765625,-0.146484375,0.42724609375,-0.0732421875,0.01220703125,0.03662109375,-0.30517578125,-0.08544921875,-0.244140625,0.09765625,-0.25634765625,-0.146484375,0,-0.09765625,0.87890625,0.0732421875,-0.4638671875,-0.28076171875,-0.48828125
0,-0.01220703125,-0.390625,-0.23193359375,-0.3173828125,-0.20751953125,-0.4150390625,-0.09765625,-0.01220703125,-0.1708984375,-0.32958984375,-0.28076171875,-1.11083984375,-0.2197265625,0.74462890625,-0.08544921875,-0.78125,-0.048828125,3.55224609375,0.03662109375,3.8818359375,0.08544921875,3.7353515625,0.18310546875,5.70068359375,0,-0.146484375,-0.13427734375,-0.76904296875,0.03662109375,0.9033203125,0.0732421875,0.23193359375,-0.5615234375,-0.32958984375,0.09765625,-0.87890625,-0.048828125,-0.4638671875,0.03662109375,-0.732421875,-0.341796875,-0.2197265625,0.08544921875,-0.62255859375,-0.0244140625,-0.40283203125,-0.03662109375,0.6103515625,-0.2197265625,1.18408203125,-0.47607421875,0.50048828125,-0.10986328125,-0.15869140625,0.08544921875,0.76904296875,-0.42724609375,0.634765625,0.28076171875,0.45166015625,0.5859375,0.5126953125,0.1953125,0.146484375,-0.2197265625,0.20751953125,-0.1953125,1.03759765625,-0.0732421875,0.18310546875,-0.18310546875,0.1953125,-0.1953125,0.23193359375,-0.01220703125,0.830078125,0.09765625,0.0244140625,0.244140625,1.3427734375,-0.10986328125,-0.93994140625,-0.1220703125,-0.32958984375,-0.06103515625,-1.0009765625,0.0732421875,-0.7568359375,-0.20751953125,-1.52587890625,0.08544921875,-0.29296875,-0.0244140625,-0.29296875,-0.37841796875,-1.20849609375,0.2197265625,0.1708984375,0.09765625,0.0244140625,-0.146484375,0.244140625,0.03662109375,0.7568359375,0.341796875,-0.7568359375,-0.18310546875,-1.46484375,-0.13427734375,-1.025390625,-0.18310546875,0.4150390625,-0.048828125,0.03662109375,0.06103515625,-0.29296875,-0.0732421875,-0.23193359375,0.09765625,-0.23193359375,-0.13427734375,0,-0.09765625,0.89111328125,0.09765625,-0.439453125,-0.28076171875,-0.47607421875
0,-0.048828125,-0.37841796875,-0.1953125,-0.3173828125,-0.18310546875,-0.40283203125,-0.08544921875,0,-0.15869140625,-0.29296875,-0.28076171875,-1.11083984375,-0.1708984375,0.76904296875,-0.08544921875,-0.74462890625,-0.09765625,4.248046875,-0.13427734375,4.50439453125,0.10986328125,4.18701171875,-0.15869140625,6.77490234375,0.08544921875,-0.146484375,-0.10986328125,-0.78125,0.048828125,0.89111328125,0.0732421875,0.244140625,-0.5615234375,-0.3173828125,0.1220703125,-0.9033203125,-0.1220703125,-0.47607421875,-0.01220703125,-0.7080078125,-0.45166015625,-0.20751953125,0.03662109375,-0.59814453125,-0.15869140625,-0.390625,-0.0732421875,0.62255859375,-0.2197265625,1.220703125,-0.390625,0.50048828125,-0.10986328125,-0.18310546875,0.1220703125,0.76904296875,-0.40283203125,0.6591796875,0.1953125,0.439453125,0.54931640625,0.50048828125,0.1708984375,0.1708984375,-0.29296875,0.2197265625,-0.10986328125,1.0498046875,-0.08544921875,0.18310546875,-0.1708984375,0.20751953125,-0.23193359375,0.244140625,-0.01220703125,0.81787109375,0.08544921875,0.0244140625,0.29296875,1.33056640625,-0.06103515625,-0.93994140625,-0.13427734375,-0.341796875,0.0732421875,-1.025390625,0.06103515625,-0.78125,-0.18310546875,-1.513671875,0.0244140625,-0.28076171875,-0.10986328125,-0.29296875,-0.32958984375,-1.220703125,0.146484375,0.20751953125,0.1220703125,0.1220703125,-0.13427734375,0.2197265625,-0.01220703125,0.8544921875,0.29296875,-0.732421875,-0.0732421875,-1.42822265625,-0.09765625,-1.03759765625,-0.1708984375,0.40283203125,-0.03662109375,0.03662109375,0.06103515625,-0.29296875,-0.08544921875,-0.244140625,0.10986328125,-0.23193359375,-0.146484375,0.01220703125,-0.09765625,0.87890625,0.09765625,-0.45166015625,-0.30517578125,-0.47607421875
0,-0.0732421875,-0.390625,-0.20751953125,-0.3173828125,-0.146484375,-0.42724609375,-0.08544921875,0.0244140625,-0.1220703125,-0.28076171875,-0.25634765625,-1.08642578125,-0.10986328125,0.78125,-0.10986328125,-0.69580078125,-0.08544921875,4.82177734375,-0.1708984375,5.0048828125,0.15869140625,4.6142578125,-0.29296875,7.65380859375,0.1708984375,-0.18310546875,-0.13427734375,-0.76904296875,0.03662109375,0.91552734375,0.0732421875,0.25634765625,-0.5126953125,-0.32958984375,0.1953125,-0.9033203125,-0.13427734375,-0.47607421875,-0.03662109375,-0.69580078125,-0.47607421875,-0.1953125,-0.03662109375,-0.5859375,-0.25634765625,-0.37841796875,-0.06103515625,0.62255859375,-0.1708984375,1.2451171875,-0.32958984375,0.5126953125,-0.146484375,-0.1708984375,0.06103515625,0.76904296875,-0.37841796875,0.6591796875,0.146484375,0.45166015625,0.52490234375,0.5126953125,0.146484375,0.1708984375,-0.29296875,0.20751953125,-0.03662109375,1.0498046875,-0.0732421875,0.18310546875,-0.1708984375,0.18310546875,-0.2197265625,0.2685546875,-0.01220703125,0.8056640625,0.0732421875,-0.01220703125,0.3173828125,1.33056640625,0,-0.9765625,-0.09765625,-0.32958984375,0.1708984375,-1.025390625,-0.0244140625,-0.76904296875,-0.20751953125,-1.50146484375,-0.06103515625,-0.2685546875,-0.2197265625,-0.30517578125,-0.244140625,-1.23291015625,0.06103515625,0.1708984375,0.18310546875,0.13427734375,-0.09765625,0.0732421875,0.0244140625,0.81787109375,0.244140625,-0.72021484375,0.048828125,-1.42822265625,-0.0732421875,-1.03759765625,-0.1953125,0.390625,-0.048828125,0.0732421875,0.048828125,-0.3173828125,-0.08544921875,-0.25634765625,0.08544921875,-0.23193359375,-0.146484375,0.01220703125,-0.10986328125,0.87890625,0.1220703125,-0.4638671875,-0.2685546875,-0.47607421875
0,-0.048828125,-0.37841796875,-0.20751953125,-0.3173828125,-0.13427734375,-0.4150390625,-0.06103515625,0.0244140625,-0.146484375,-0.25634765625,-0.25634765625,-1.07421875,-0.0732421875,0.79345703125,-0.18310546875,-0.67138671875,-0.1220703125,5.2734375,-0.18310546875,5.37109375,0.1708984375,4.87060546875,-0.537109375,8.26416015625,0.28076171875,-0.146484375,-0.13427734375,-0.78125,0,0.9033203125,0.08544921875,0.25634765625,-0.439453125,-0.32958984375,0.25634765625,-0.89111328125,-0.1708984375,-0.45166015625,-0.03662109375,-0.68359375,-0.42724609375,-0.18310546875,-0.08544921875,-0.59814453125,-0.32958984375,-0.3662109375,0.0244140625,0.64697265625,-0.1220703125,1.220703125,-0.29296875,0.5126953125,-0.18310546875,-0.15869140625,0.0244140625,0.7568359375,-0.3662109375,0.64697265625,0.06103515625,0.439453125,0.50048828125,0.52490234375,-0.0244140625,0.18310546875,-0.25634765625,0.2197265625,0.03662109375,1.0498046875,-0.048828125,0.18310546875,-0.20751953125,0.2197265625,-0.18310546875,0.28076171875,0.01220703125,0.8056640625,0.06103515625,-0.0244140625,0.3173828125,1.35498046875,0.06103515625,-0.98876953125,-0.0732421875,-0.3173828125,0.244140625,-0.98876953125,-0.09765625,-0.76904296875,-0.23193359375,-1.4892578125,-0.0732421875,-0.2685546875,-0.2685546875,-0.32958984375,-0.0732421875,-1.23291015625,-0.0732421875,0.0732421875,0.20751953125,0.10986328125,-0.0732421875,-0.15869140625,0.03662109375,0.7568359375,0.146484375,-0.7080078125,0.146484375,-1.4404296875,-0.01220703125,-1.03759765625,-0.146484375,0.37841796875,-0.048828125,0.06103515625,0.03662109375,-0.3173828125,-0.08544921875,-0.28076171875,0.10986328125,-0.2197265625,-0.146484375,0,-0.08544921875,0.86669921875,0.1220703125,-0.47607421875,-0.25634765625,-0.4638671875
0,-0.06103515625,-0.3662109375,-0.2197265625,-0.30517578125,-0.13427734375,-0.40283203125,-0.048828125,0.0244140625,-0.1708984375,-0.244140625,-0.25634765625,-1.08642578125,-0.03662109375,0.8056640625,-0.244140625,-0.634765625,-0.13427734375,5.50537109375,-0.20751953125,5.56640625,0.13427734375,5.01708984375,-0.64697265625,8.642578125,0.3173828125,-0.15869140625,-0.13427734375,-0.78125,-0.0244140625,0.93994140625,0.06103515625,0.25634765625,-0.390625,-0.3173828125,0.341796875,-0.87890625,-0.1953125,-0.40283203125,-0.0244140625,-0.67138671875,-0.32958984375,-0.15869140625,-0.15869140625,-0.6103515625,-0.37841796875,-0.341796875,0.0732421875,0.64697265625,-0.048828125,1.18408203125,-0.244140625,0.48828125,-0.25634765625,-0.146484375,0.0244140625,0.74462890625,-0.29296875,0.67138671875,0,0.42724609375,0.37841796875,0.52490234375,-0.146484375,0.2197265625,-0.23193359375,0.2197265625,0.146484375,1.06201171875,-0.01220703125,0.20751953125,-0.2197265625,0.20751953125,-0.13427734375,0.29296875,0,0.76904296875,0.0732421875,-0.03662109375,0.2685546875,1.3427734375,0.08544921875,-0.98876953125,-0.03662109375,-0.30517578125,0.244140625,-0.9765625,-0.15869140625,-0.76904296875,-0.29296875,-1.47705078125,-0.06103515625,-0.25634765625,-0.28076171875,-0.30517578125,0.0732421875,-1.220703125,-0.1953125,-0.0732421875,0.18310546875,0.0732421875,-0.06103515625,-0.42724609375,0.0732421875,0.68359375,0.09765625,-0.7080078125,0.18310546875,-1.45263671875,0.01220703125,-1.025390625,-0.13427734375,0.37841796875,-0.0244140625,0.06103515625,0.0244140625,-0.3173828125,-0.0732421875,-0.28076171875,0.09765625,-0.20751953125,-0.1220703125,0.01220703125,-0.06103515625,0.86669921875,0.09765625,-0.48828125,-0.244140625,-0.50048828125
0,-0.0244140625,-0.35400390625,-0.23193359375,-0.30517578125,-0.15869140625,-0.40283203125,-0.03662109375,0.03662109375,-0.18310546875,-0.25634765625,-0.244140625,-1.0986328125,0.048828125,0.830078125,-0.30517578125,-0.634765625,-0.18310546875,5.57861328125,-0.15869140625,5.5908203125,0.03662109375,5.0048828125,-0.5615234375,8.740234375,0.30517578125,-0.15869140625,-0.13427734375,-0.79345703125,-0.08544921875,0.93994140625,0.03662109375,0.244140625,-0.3173828125,-0.30517578125,0.439453125,-0.9033203125,-0.1953125,-0.3662109375,0,-0.6591796875,-0.2197265625,-0.146484375,-0.18310546875,-0.59814453125,-0.439453125,-0.32958984375,0.10986328125,0.6591796875,-0.03662109375,1.15966796875,-0.1708984375,0.52490234375,-0.3173828125,-0.10986328125,0.0732421875,0.74462890625,-0.23193359375,0.64697265625,-0.01220703125,0.42724609375,0.20751953125,0.537109375,-0.244140625,0.20751953125,-0.146484375,0.18310546875,0.23193359375,1.03759765625,0.0244140625,0.2197265625,-0.23193359375,0.2197265625,-0.08544921875,0.25634765625,-0.01220703125,0.79345703125,0.06103515625,-0.0244140625,0.25634765625,1.35498046875,0.10986328125,-0.9521484375,0.03662109375,-0.28076171875,0.15869140625,-0.98876953125,-0.1708984375,-0.76904296875,-0.341796875,-1.45263671875,-0.0244140625,-0.23193359375,-0.20751953125,-0.30517578125,0.1220703125,-1.2451171875,-0.25634765625,-0.23193359375,0.1220703125,0,-0.09765625,-0.67138671875,0.10986328125,0.6103515625,0.08544921875,-0.67138671875,0.15869140625,-1.4404296875,0,-1.0498046875,-0.09765625,0.3662109375,-0.0244140625,0.0732421875,0.03662109375,-0.3173828125,-0.06103515625,-0.2685546875,0.1220703125,-0.23193359375,-0.09765625,0.0244140625,-0.08544921875,0.830078125,0.08544921875,-0.50048828125,-0.244140625,-0.5126953125
0,-0.0244140625,-0.341796875,-0.23193359375,-0.30517578125,-0.146484375,-0.37841796875,-0.048828125,0.03662109375,-0.18310546875,-0.25634765625,-0.23193359375,-1.0986328125,0.06103515625,0.81787109375,-0.40283203125,-0.634765625,-0.25634765625,5.45654296875,-0.06103515625,5.419921875,-0.03662109375,4.8583984375,-0.3662109375,8.544921875,0.25634765625,-0.146484375,-0.146484375,-0.76904296875,-0.1220703125,0.9521484375,-0.0244140625,0.2197265625,-0.25634765625,-0.30517578125,0.4638671875,-0.87890625,-0.18310546875,-0.341796875,0.01220703125,-0.69580078125,-0.13427734375,-0.13427734375,-0.1708984375,-0.5859375,-0.45166015625,-0.3662109375,0.15869140625,0.6591796875,-0.01220703125,1.123046875,-0.146484375,0.48828125,-0.3173828125,-0.09765625,0.10986328125,0.74462890625,-0.1708984375,0.62255859375,0,0.4638671875,0.09765625,0.57373046875,-0.1953125,0.1953125,-0.06103515625,0.1708984375,0.32958984375,1.03759765625,0.048828125,0.20751953125,-0.2685546875,0.23193359375,-0.06103515625,0.28076171875,0.01220703125,0.78125,0.03662109375,-0.0244140625,0.2197265625,1.35498046875,0.10986328125,-0.9521484375,0.09765625,-0.2685546875,0.048828125,-0.9765625,-0.13427734375,-0.7568359375,-0.40283203125,-1.46484375,0.03662109375,-0.2197265625,-0.08544921875,-0.30517578125,0.13427734375,-1.20849609375,-0.28076171875,-0.341796875,0.01220703125,-0.048828125,-0.1220703125,-0.8056640625,0.13427734375,0.52490234375,0.08544921875,-0.7080078125,0.09765625,-1.45263671875,-0.048828125,-1.025390625,-0.03662109375,0.3662109375,-0.048828125,0.0732421875,0.048828125,-0.341796875,-0.08544921875,-0.2685546875,0.10986328125,-0.244140625,-0.08544921875,0.048828125,-0.08544921875,0.84228515625,0.09765625,-0.50048828125,-0.2197265625,-0.5126953125
0,-0.0244140625,-0.3662109375,-0.20751953125,-0.30517578125,-0.15869140625,-0.35400390625,-0.048828125,0.048828125,-0.20751953125,-0.25634765625,-0.20751953125,-1.0986328125,0.08544921875,0.81787109375,-0.48828125,-0.64697265625,-0.244140625,5.126953125,0,5.04150390625,-0.09765625,4.6142578125,-0.13427734375,8.0078125,0.18310546875,-0.1220703125,-0.13427734375,-0.78125,-0.1708984375,0.96435546875,-0.146484375,0.2197265625,-0.2197265625,-0.32958984375,0.47607421875,-0.89111328125,-0.13427734375,-0.3662109375,0.06103515625,-0.68359375,-0.08544921875,-0.146484375,-0.10986328125,-0.6103515625,-0.40283203125,-0.40283203125,0.15869140625,0.64697265625,0,1.13525390625,-0.09765625,0.5126953125,-0.25634765625,-0.09765625,0.146484375,0.72021484375,-0.1708984375,0.64697265625,0.03662109375,0.45166015625,0.06103515625,0.59814453125,-0.146484375,0.18310546875,0.09765625,0.1708984375,0.390625,1.025390625,0.048828125,0.23193359375,-0.23193359375,0.2197265625,-0.03662109375,0.28076171875,0.01220703125,0.78125,0.0244140625,-0.01220703125,0.146484375,1.318359375,0.1220703125,-0.93994140625,0.15869140625,-0.29296875,-0.08544921875,-0.96435546875,-0.09765625,-0.732421875,-0.40283203125,-1.46484375,0.0732421875,-0.2197265625,0.048828125,-0.30517578125,0.0732421875,-1.1962890625,-0.244140625,-0.40283203125,-0.08544921875,-0.09765625,-0.1953125,-0.8056640625,0.15869140625,0.5126953125,0.146484375,-0.732421875,-0.0244140625,-1.42822265625,-0.048828125,-1.03759765625,0.03662109375,0.37841796875,-0.03662109375,0.0732421875,0.0732421875,-0.3173828125,-0.06103515625,-0.244140625,0.13427734375,-0.244140625,-0.06103515625,0.048828125,-0.08544921875,0.8544921875,0.09765625,-0.50048828125,-0.20751953125,-0.5126953125
1,-0.048828125,-0.3662109375,-0.18310546875,-0.29296875,-0.13427734375,-0.3662109375,-0.06103515625,0.06103515625,-0.23193359375,-0.244140625,-0.1953125,-1.0986328125,0.08544921875,0.8056640625,-0.5615234375,-0.6591796875,-0.25634765625,4.60205078125,0.09765625,4.52880859375,-0.1220703125,4.21142578125,0.048828125,7.177734375,0.09765625,-0.10986328125,-0.1708984375,-0.79345703125,-0.25634765625,0.9765625,-0.28076171875,0.23193359375,-0.15869140625,-0.35400390625,0.439453125,-0.87890625,-0.048828125,-0.390625,0.048828125,-0.7080078125,-0.0732421875,-0.15869140625,-0.0244140625,-0.62255859375,-0.32958984375,-0.4150390625,0.15869140625,0.64697265625,-0.03662109375,1.1474609375,-0.1220703125,0.5126953125,-0.29296875,-0.09765625,0.20751953125,0.732421875,-0.1708984375,0.634765625,0.10986328125,0.4638671875,-0.048828125,0.62255859375,-0.146484375,0.18310546875,0.23193359375,0.1953125,0.45166015625,1.03759765625,0.048828125,0.244140625,-0.18310546875,0.20751953125,0.01220703125,0.2685546875,0.06103515625,0.84228515625,-0.01220703125,0,0.08544921875,1.33056640625,0.146484375,-0.927734375,0.1953125,-0.29296875,-0.18310546875,-0.93994140625,-0.048828125,-0.72021484375,-0.40283203125,-1.45263671875,0.1220703125,-0.2197265625,0.18310546875,-0.30517578125,0,-1.15966796875,-0.244140625,-0.40283203125,-0.13427734375,-0.13427734375,-0.146484375,-0.72021484375,0.1953125,0.50048828125,0.15869140625,-0.7568359375,-0.15869140625,-1.45263671875,-0.0732421875,-1.03759765625,0.1220703125,0.40283203125,-0.03662109375,0.0732421875,0.09765625,-0.3173828125,-0.08544921875,-0.2197265625,0.146484375,-0.25634765625,-0.0732421875,0.048828125,-0.09765625,0.86669921875,0.06103515625,-0.47607421875,-0.1708984375,-0.48828125
1,-0.0732421875,-0.3662109375,-0.1953125,-0.28076171875,-0.09765625,-0.35400390625,-0.048828125,0.06103515625,-0.29296875,-0.2685546875,-0.18310546875,-1.08642578125,0.0732421875,0.8056640625,-0.62255859375,-0.68359375,-0.20751953125,3.9306640625,0.10986328125,3.8818359375,-0.0244140625,3.7353515625,0.146484375,6.11572265625,0.01220703125,-0.13427734375,-0.18310546875,-0.78125,-0.341796875,0.93994140625,-0.35400390625,0.23193359375,-0.18310546875,-0.37841796875,0.4150390625,-0.86669921875,0.0244140625,-0.439453125,0.0732421875,-0.732421875,-0.0732421875,-0.1953125,0.03662109375,-0.634765625,-0.23193359375,-0.42724609375,0.13427734375,0.62255859375,-0.0732421875,1.18408203125,-0.1708984375,0.48828125,-0.30517578125,-0.10986328125,0.244140625,0.732421875,-0.146484375,0.62255859375,0.15869140625,0.4638671875,-0.1953125,0.64697265625,-0.13427734375,0.15869140625,0.25634765625,0.1708984375,0.4638671875,1.01318359375,0.048828125,0.23193359375,-0.13427734375,0.1953125,0.0732421875,0.244140625,0.048828125,0.84228515625,-0.03662109375,0,0.0244140625,1.33056640625,0.15869140625,-0.927734375,0.2197265625,-0.29296875,-0.25634765625,-0.927734375,0,-0.732421875,-0.390625,-1.47705078125,0.09765625,-0.20751953125,0.28076171875,-0.30517578125,-0.06103515625,-1.13525390625,-0.18310546875,-0.3662109375,-0.146484375,-0.146484375,-0.09765625,-0.5615234375,0.20751953125,0.50048828125,0.1708984375,-0.78125,-0.244140625,-1.4404296875,-0.048828125,-1.025390625,0.15869140625,0.4150390625,-0.048828125,0.03662109375,0.06103515625,-0.32958984375,-0.0732421875,-0.20751953125,0.146484375,-0.2685546875,-0.06103515625,0.048828125,-0.08544921875,0.86669921875,0.0732421875,-0.48828125,-0.146484375,-0.50048828125
1,-0.09765625,-0.390625,-0.18310546875,-0.2685546875,-0.10986328125,-0.37841796875,-0.01220703125,0.03662109375,-0.29296875,-0.244140625,-0.1953125,-1.08642578125,0.048828125,0.79345703125,-0.62255859375,-0.732421875,-0.1220703125,3.13720703125,0.10986328125,3.1494140625,0.09765625,3.173828125,0.10986328125,4.8583984375,-0.09765625,-0.13427734375,-0.1953125,-0.78125,-0.40283203125,0.9521484375,-0.390625,0.2197265625,-0.2197265625,-0.35400390625,0.390625,-0.8544921875,0.1220703125,-0.47607421875,0.06103515625,-0.7568359375,-0.0732421875,-0.2197265625,0.0732421875,-0.634765625,-0.09765625,-0.4150390625,0.10986328125,0.57373046875,-0.09765625,1.1962890625,-0.20751953125,0.48828125,-0.30517578125,-0.1220703125,0.2197265625,0.732421875,-0.146484375,0.6103515625,0.20751953125,0.45166015625,-0.2685546875,0.6591796875,-0.1708984375,0.13427734375,0.29296875,0.15869140625,0.5126953125,1.0009765625,0.06103515625,0.23193359375,-0.08544921875,0.18310546875,0.146484375,0.2197265625,0.03662109375,0.87890625,-0.048828125,0.0244140625,-0.03662109375,1.30615234375,0.18310546875,-0.927734375,0.2197265625,-0.3173828125,-0.30517578125,-0.9521484375,-0.0244140625,-0.732421875,-0.3173828125,-1.513671875,0.03662109375,-0.2197265625,0.341796875,-0.30517578125,-0.08544921875,-1.08642578125,-0.13427734375,-0.32958984375,-0.146484375,-0.15869140625,-0.09765625,-0.42724609375,0.1953125,0.5126953125,0.1708984375,-0.76904296875,-0.25634765625,-1.4404296875,-0.01220703125,-1.01318359375,0.18310546875,0.42724609375,-0.03662109375,0.048828125,0.048828125,-0.3173828125,-0.0732421875,-0.1953125,0.15869140625,-0.25634765625,-0.048828125,0.048828125,-0.0732421875,0.9033203125,0.048828125,-0.47607421875,-0.1220703125,-0.47607421875
1,-0.1220703125,-0.37841796875,-0.146484375,-0.2685546875,-0.13427734375,-0.37841796875,0,0.0244140625,-0.30517578125,-0.25634765625,-0.15869140625,-1.0986328125,0.06103515625,0.79345703125,-0.64697265625,-0.732421875,-0.08544921875,2.294921875,0.048828125,2.35595703125,0.244140625,2.5634765625,0.03662109375,3.52783203125,-0.1708984375,-0.13427734375,-0.20751953125,-0.8056640625,-0.45166015625,0.927734375,-0.341796875,0.2197265625,-0.28076171875,-0.390625,0.35400390625,-0.87890625,0.1708984375,-0.537109375,0.048828125,-0.74462890625,-0.048828125,-0.23193359375,0.06103515625,-0.6591796875,-0.01220703125,-0.42724609375,0.06103515625,0.5615234375,-0.13427734375,1.20849609375,-0.28076171875,0.47607421875,-0.2685546875,-0.13427734375,0.1708984375,0.72021484375,-0.06103515625,0.634765625,0.2197265625,0.439453125,-0.29296875,0.67138671875,-0.20751953125,0.1220703125,0.35400390625,0.1708984375,0.48828125,0.98876953125,0.03662109375,0.23193359375,-0.048828125,0.18310546875,0.244140625,0.20751953125,0.03662109375,0.8544921875,-0.03662109375,0.03662109375,-0.0732421875,1.2939453125,0.146484375,-0.96435546875,0.1708984375,-0.3173828125,-0.23193359375,-0.93994140625,-0.0732421875,-0.7080078125,-0.244140625,-1.52587890625,-0.01220703125,-0.23193359375,0.3173828125,-0.29296875,-0.06103515625,-1.07421875,-0.0732421875,-0.32958984375,-0.0732421875,-0.20751953125,-0.0244140625,-0.30517578125,0.18310546875,0.50048828125,0.10986328125,-0.81787109375,-0.1708984375,-1.45263671875,0.01220703125,-1.0009765625,0.18310546875,0.45166015625,-0.0244140625,0.048828125,0.03662109375,-0.30517578125,-0.08544921875,-0.1953125,0.18310546875,-0.23193359375,-0.06103515625,0.03662109375,-0.06103515625,0.9033203125,0.06103515625,-0.45166015625,-0.08544921875,-0.4638671875
1,-0.10986328125,-0.40283203125,-0.146484375,-0.28076171875,-0.13427734375,-0.37841796875,-0.0244140625,0.0244140625,-0.29296875,-0.244140625,-0.13427734375,-1.08642578125,0.048828125,0.79345703125,-0.6103515625,-0.732421875,-0.03662109375,1.416015625,0.048828125,1.5625,0.37841796875,1.98974609375,-0.048828125,2.16064453125,-0.2197265625,-0.146484375,-0.244140625,-0.78125,-0.48828125,0.91552734375,-0.2197265625,0.2197265625,-0.3662109375,-0.37841796875,0.32958984375,-0.87890625,0.20751953125,-0.5615234375,0.01220703125,-0.732421875,-0.03662109375,-0.25634765625,0.03662109375,-0.6591796875,0.06103515625,-0.42724609375,0.03662109375,0.57373046875,-0.1953125,1.1962890625,-0.3173828125,0.47607421875,-0.2685546875,-0.1708984375,0.146484375,0.7568359375,0,0.634765625,0.146484375,0.4638671875,-0.25634765625,0.68359375,-0.2197265625,0.1220703125,0.37841796875,0.1708984375,0.40283203125,1.01318359375,0.048828125,0.20751953125,-0.0244140625,0.15869140625,0.37841796875,0.1953125,-0.01220703125,0.86669921875,-0.06103515625,0.048828125,-0.146484375,1.30615234375,0.146484375,-0.9521484375,0.1220703125,-0.32958984375,-0.1220703125,-0.96435546875,-0.15869140625,-0.72021484375,-0.146484375,-1.55029296875,-0.048828125,-0.25634765625,0.244140625,-0.2685546875,-0.048828125,-1.07421875,-0.0732421875,-0.32958984375,-0.1220703125,-0.28076171875,-0.08544921875,-0.2197265625,0.03662109375,0.4638671875,0.03662109375,-0.78125,-0.0732421875,-1.45263671875,0.01220703125,-0.98876953125,0.15869140625,0.45166015625,-0.0244140625,0.06103515625,0.048828125,-0.30517578125,-0.08544921875,-0.20751953125,0.18310546875,-0.23193359375,-0.08544921875,0.03662109375,-0.03662109375,0.93994140625,0.06103515625,-0.45166015625,-0.08544921875,-0.4638671875
1,-0.146484375,-0.390625,-0.13427734375,-0.28076171875,-0.146484375,-0.390625,0,0.01220703125,-0.30517578125,-0.2685546875,-0.1220703125,-1.07421875,0.01220703125,0.78125,-0.6103515625,-0.732421875,-0.03662109375,0.57373046875,-0.01220703125,0.78125,0.4638671875,1.42822265625,-0.146484375,0.91552734375,-0.23193359375,-0.146484375,-0.23193359375,-0.8056640625,-0.45166015625,0.91552734375,-0.06103515625,0.23193359375,-0.47607421875,-0.341796875,0.3173828125,-0.8544921875,0.2197265625,-0.5615234375,-0.01220703125,-0.732421875,-0.06103515625,-0.244140625,0.0244140625,-0.634765625,0.03662109375,-0.40283203125,-0.0244140625,0.57373046875,-0.20751953125,1.1962890625,-0.3662109375,0.4638671875,-0.28076171875,-0.1708984375,0.146484375,0.76904296875,0.06103515625,0.634765625,0.09765625,0.45166015625,-0.28076171875,0.7080078125,-0.28076171875,0.146484375,0.45166015625,0.146484375,0.32958984375,1.025390625,0.0244140625,0.20751953125,0.01220703125,0.18310546875,0.5126953125,0.2197265625,-0.03662109375,0.8544921875,-0.0732421875,0.06103515625,-0.18310546875,1.33056640625,0.1708984375,-0.93994140625,0.048828125,-0.341796875,-0.0244140625,-0.9765625,-0.244140625,-0.72021484375,-0.0732421875,-1.5869140625,-0.09765625,-0.244140625,0.1220703125,-0.2685546875,-0.048828125,-1.07421875,0.0244140625,-0.37841796875,-0.01220703125,-0.35400390625,-0.1220703125,-0.23193359375,-0.0244140625,0.390625,-0.048828125,-0.78125,0.03662109375,-1.45263671875,0,-0.9765625,0.09765625,0.42724609375,0.0244140625,0.06103515625,0.0732421875,-0.3173828125,-0.0732421875,-0.2197265625,0.1708984375,-0.244140625,-0.09765625,0.0244140625,-0.0244140625,0.93994140625,0.06103515625,-0.439453125,-0.0732421875,-0.4638671875
1,-0.1220703125,-0.40283203125,-0.13427734375,-0.29296875,-0.1220703125,-0.4150390625,-0.01220703125,0.01220703125,-0.341796875,-0.2685546875,-0.1220703125,-1.06201171875,-0.01220703125,0.8056640625,-0.5859375,-0.72021484375,-0.048828125,-0.13427734375,-0.01220703125,0.13427734375,0.439453125,0.96435546875,-0.23193359375,-0.13427734375,-0.20751953125,-0.18310546875,-0.1953125,-0.79345703125,-0.40283203125,0.91552734375,0.09765625,0.244140625,-0.54931640625,-0.341796875,0.29296875,-0.84228515625,0.1708984375,-0.52490234375,-0.0732421875,-0.72021484375,-0.0732421875,-0.2197265625,-0.048828125,-0.634765625,0.01220703125,-0.390625,0.01220703125,0.57373046875,-0.1953125,1.171875,-0.4150390625,0.47607421875,-0.29296875,-0.1708984375,0.18310546875,0.7568359375,0.1220703125,0.6591796875,0,0.439453125,-0.2197265625,0.68359375,-0.23193359375,0.13427734375,0.439453125,0.18310546875,0.28076171875,1.0498046875,0.06103515625,0.1953125,0.01220703125,0.18310546875,0.6103515625,0.23193359375,-0.0732421875,0.8544921875,-0.09765625,0.06103515625,-0.1953125,1.318359375,0.1953125,-0.9521484375,-0.01220703125,-0.32958984375,0.048828125,-0.96435546875,-0.244140625,-0.74462890625,-0.0244140625,-1.5869140625,-0.1220703125,-0.25634765625,-0.01220703125,-0.28076171875,-0.06103515625,-1.08642578125,0.0732421875,-0.42724609375,0.10986328125,-0.4638671875,-0.1220703125,-0.3662109375,0.0244140625,0.30517578125,-0.1220703125,-0.7568359375,0.13427734375,-1.45263671875,-0.0244140625,-0.9765625,0.08544921875,0.4150390625,-0.01220703125,0.048828125,0.06103515625,-0.3173828125,-0.08544921875,-0.2685546875,0.1708984375,-0.2197265625,-0.09765625,0.01220703125,0,0.87890625,0.06103515625,-0.4638671875,-0.03662109375,-0.4638671875
1,-0.1220703125,-0.40283203125,-0.1708984375,-0.2685546875,-0.13427734375,-0.4150390625,0.0244140625,0.0244140625,-0.341796875,-0.28076171875,-0.08544921875,-1.07421875,-0.048828125,0.79345703125,-0.537109375,-0.68359375,-0.10986328125,-0.72021484375,-0.06103515625,-0.37841796875,0.390625,0.59814453125,-0.30517578125,-0.93994140625,-0.13427734375,-0.1708984375,-0.13427734375,-0.78125,-0.30517578125,0.927734375,0.1953125,0.25634765625,-0.62255859375,-0.3173828125,0.25634765625,-0.84228515625,0.0732421875,-0.50048828125,-0.0244140625,-0.7080078125,-0.13427734375,-0.18310546875,-0.09765625,-0.64697265625,-0.08544921875,-0.3662109375,0.06103515625,0.6103515625,-0.10986328125,1.1474609375,-0.42724609375,0.47607421875,-0.29296875,-0.146484375,0.15869140625,0.7568359375,0.146484375,0.64697265625,-0.03662109375,0.439453125,-0.18310546875,0.68359375,-0.244140625,0.13427734375,0.45166015625,0.2197265625,0.1708984375,1.07421875,0.06103515625,0.1953125,0.0244140625,0.20751953125,0.634765625,0.28076171875,-0.10986328125,0.830078125,-0.08544921875,0.06103515625,-0.18310546875,1.33056640625,0.1953125,-0.927734375,-0.06103515625,-0.3173828125,0.09765625,-0.96435546875,-0.23193359375,-0.732421875,-0.03662109375,-1.5625,-0.146484375,-0.23193359375,-0.09765625,-0.25634765625,-0.10986328125,-1.123046875,0.01220703125,-0.537109375,0.0732421875,-0.52490234375,-0.25634765625,-0.537109375,-0.03662109375,0.1953125,-0.1220703125,-0.7080078125,0.23193359375,-1.46484375,-0.0732421875,-0.98876953125,0.10986328125,0.37841796875,0.01220703125,0.03662109375,0.06103515625,-0.3173828125,-0.06103515625,-0.2685546875,0.1708984375,-0.2197265625,-0.09765625,0,0,0.8544921875,0.048828125,-0.47607421875,-0.01220703125,-0.48828125
1,-0.13427734375,-0.37841796875,-0.18310546875,-0.29296875,-0.146484375,-0.4150390625,0.01220703125,0.0244140625,-0.341796875,-0.28076171875,-0.08544921875,-1.07421875,-0.048828125,0.81787109375,-0.48828125,-0.62255859375,-0.23193359375,-1.123046875,-0.13427734375,-0.732421875,0.1953125,0.341796875,-0.42724609375,-1.4404296875,-0.10986328125,-0.1708984375,-0.0732421875,-0.79345703125,-0.1953125,0.93994140625,0.23193359375,0.244140625,-0.6591796875,-0.3173828125,0.244140625,-0.8544921875,-0.01220703125,-0.4638671875,-0.01220703125,-0.69580078125,-0.2197265625,-0.1708984375,-0.13427734375,-0.62255859375,-0.15869140625,-0.37841796875,0.09765625,0.6103515625,0,1.11083984375,-0.4638671875,0.47607421875,-0.3662109375,-0.1220703125,0.146484375,0.76904296875,0.15869140625,0.64697265625,-0.0732421875,0.439453125,-0.048828125,0.64697265625,-0.20751953125,0.13427734375,0.48828125,0.23193359375,0.0732421875,1.07421875,0.03662109375,0.20751953125,0,0.23193359375,0.59814453125,0.29296875,-0.09765625,0.84228515625,-0.03662109375,0.06103515625,-0.1953125,1.37939453125,0.1953125,-0.91552734375,-0.08544921875,-0.29296875,0.1220703125,-0.9765625,-0.13427734375,-0.732421875,-0.08544921875,-1.55029296875,-0.13427734375,-0.25634765625,-0.13427734375,-0.2685546875,-0.15869140625,-1.171875,0.0244140625,-0.6591796875,0.146484375,-0.59814453125,-0.23193359375,-0.72021484375,0.06103515625,0.10986328125,-0.0244140625,-0.69580078125,0.2197265625,-1.45263671875,-0.10986328125,-1.01318359375,0.09765625,0.3662109375,0.01220703125,0.03662109375,0.03662109375,-0.30517578125,-0.0732421875,-0.29296875,0.13427734375,-0.23193359375,-0.10986328125,-0.01220703125,0,0.830078125,0.048828125,-0.50048828125,-0.01220703125,-0.5126953125
1,-0.13427734375,-0.37841796875,-0.1708984375,-0.28076171875,-0.146484375,-0.4150390625,0.0244140625,0.048828125,-0.341796875,-0.30517578125,-0.048828125,-1.07421875,-0.0244140625,0.79345703125,-0.47607421875,-0.5859375,-0.32958984375,-1.35498046875,-0.13427734375,-0.927734375,0.03662109375,0.18310546875,-0.390625,-1.66015625,-0.09765625,-0.146484375,0,-0.79345703125,-0.10986328125,0.93994140625,0.244140625,0.2685546875,-0.67138671875,-0.30517578125,0.244140625,-0.8544921875,-0.15869140625,-0.42724609375,0.0244140625,-0.69580078125,-0.32958984375,-0.15869140625,-0.18310546875,-0.62255859375,-0.23193359375,-0.3662109375,0.18310546875,0.62255859375,0.08544921875,1.11083984375,-0.42724609375,0.47607421875,-0.4150390625,-0.10986328125,0.1220703125,0.76904296875,0.146484375,0.62255859375,-0.1220703125,0.439453125,-0.0732421875,0.62255859375,-0.146484375,0.13427734375,0.439453125,0.25634765625,-0.06103515625,1.0986328125,0.06103515625,0.23193359375,-0.0244140625,0.244140625,0.5126953125,0.3173828125,-0.10986328125,0.8544921875,0.01220703125,0.03662109375,-0.244140625,1.3916015625,0.1708984375,-0.9033203125,-0.0732421875,-0.29296875,0.09765625,-0.9765625,0,-0.74462890625,-0.1708984375,-1.5380859375,-0.13427734375,-0.23193359375,-0.08544921875,-0.25634765625,-0.2197265625,-1.20849609375,-0.048828125,-0.7080078125,0.0732421875,-0.634765625,-0.23193359375,-0.830078125,0.09765625,0.048828125,0.09765625,-0.68359375,0.25634765625,-1.45263671875,-0.1708984375,-1.0498046875,0.08544921875,0.341796875,0.01220703125,0.03662109375,0.03662109375,-0.30517578125,-0.0732421875,-0.30517578125,0.1220703125,-0.23193359375,-0.08544921875,0.01220703125,0,0.79345703125,0.048828125,-0.50048828125,0.01220703125,-0.5126953125
1,-0.13427734375,-0.3662109375,-0.1708984375,-0.2685546875,-0.18310546875,-0.390625,0.03662109375,0.048828125,-0.35400390625,-0.3173828125,-0.048828125,-1.08642578125,-0.01220703125,0.81787109375,-0.45166015625,-0.59814453125,-0.4150390625,-1.4404296875,-0.146484375,-0.9765625,-0.1220703125,0.15869140625,-0.37841796875,-1.64794921875,-0.06103515625,-0.146484375,0.0732421875,-0.76904296875,-0.01220703125,0.93994140625,0.20751953125,0.25634765625,-0.634765625,-0.29296875,0.2685546875,-0.86669921875,-0.25634765625,-0.390625,0.0732421875,-0.69580078125,-0.40283203125,-0.13427734375,-0.1708984375,-0.62255859375,-0.3662109375,-0.35400390625,0.20751953125,0.634765625,0.1953125,1.07421875,-0.3662109375,0.48828125,-0.439453125,-0.10986328125,0.03662109375,0.732421875,0.10986328125,0.62255859375,-0.1220703125,0.439453125,-0.1220703125,0.5615234375,-0.1220703125,0.13427734375,0.42724609375,0.23193359375,-0.13427734375,1.08642578125,0.06103515625,0.23193359375,-0.06103515625,0.25634765625,0.4150390625,0.29296875,-0.1220703125,0.8544921875,0.10986328125,0.03662109375,-0.30517578125,1.3916015625,0.146484375,-0.927734375,-0.048828125,-0.28076171875,0.048828125,-0.9521484375,0.10986328125,-0.7568359375,-0.244140625,-1.513671875,-0.146484375,-0.25634765625,-0.01220703125,-0.28076171875,-0.244140625,-1.23291015625,-0.09765625,-0.732421875,-0.01220703125,-0.64697265625,-0.2197265625,-0.89111328125,0.10986328125,0.048828125,0.25634765625,-0.69580078125,0.2197265625,-1.45263671875,-0.1953125,-1.06201171875,0.06103515625,0.341796875,-0.0244140625,0.0244140625,0.048828125,-0.30517578125,-0.0732421875,-0.3173828125,0.1220703125,-0.244140625,-0.09765625,0.01220703125,-0.01220703125,0.76904296875,0.048828125,-0.48828125,0.0244140625,-0.537109375
1,-0.18310546875,-0.35400390625,-0.13427734375,-0.28076171875,-0.2197265625,-0.390625,0.0244140625,0.048828125,-0.35400390625,-0.3173828125,-0.06103515625,-1.0986328125,-0.0244140625,0.830078125,-0.42724609375,-0.62255859375,-0.439453125,-1.3916015625,-0.20751953125,-0.91552734375,-0.2685546875,0.1953125,-0.32958984375,-1.4892578125,-0.01220703125,-0.13427734375,0.1220703125,-0.76904296875,0.03662109375,0.9765625,0.1708984375,0.2685546875,-0.54931640625,-0.32958984375,0.29296875,-0.8544921875,-0.32958984375,-0.40283203125,0.06103515625,-0.7080078125,-0.45166015625,-0.15869140625,-0.13427734375,-0.634765625,-0.45166015625,-0.3662109375,0.20751953125,0.62255859375,0.23193359375,1.08642578125,-0.2685546875,0.48828125,-0.4150390625,-0.09765625,0,0.74462890625,0.03662109375,0.6103515625,-0.09765625,0.45166015625,0.06103515625,0.5126953125,-0.048828125,0.1220703125,0.341796875,0.2197265625,-0.23193359375,1.0986328125,0.048828125,0.244140625,-0.10986328125,0.25634765625,0.28076171875,0.30517578125,-0.15869140625,0.89111328125,0.1953125,0.0244140625,-0.32958984375,1.37939453125,0.09765625,-0.9521484375,0.01220703125,-0.28076171875,0.0244140625,-0.9521484375,0.20751953125,-0.74462890625,-0.3173828125,-1.50146484375,-0.146484375,-0.2685546875,0.09765625,-0.29296875,-0.244140625,-1.25732421875,-0.146484375,-0.69580078125,-0.1220703125,-0.57373046875,-0.20751953125,-0.84228515625,0.08544921875,0.08544921875,0.40283203125,-0.69580078125,0.18310546875,-1.46484375,-0.20751953125,-1.07421875,0.06103515625,0.35400390625,-0.0244140625,0.01220703125,0.06103515625,-0.3173828125,-0.0732421875,-0.3173828125,0.13427734375,-0.25634765625,-0.08544921875,-0.01220703125,-0.0244140625,0.74462890625,0.0732421875,-0.47607421875,0.048828125,-0.52490234375
1,-0.1953125,-0.341796875,-0.10986328125,-0.28076171875,-0.1953125,-0.35400390625,0.03662109375,0.03662109375,-0.35400390625,-0.28076171875,-0.048828125,-1.11083984375,-0.01220703125,0.81787109375,-0.40283203125,-0.6591796875,-0.439453125,-1.28173828125,-0.2685546875,-0.79345703125,-0.32958984375,0.29296875,-0.3173828125,-1.25732421875,0.03662109375,-0.146484375,0.146484375,-0.78125,0.06103515625,0.9765625,0.1220703125,0.2685546875,-0.42724609375,-0.32958984375,0.30517578125,-0.87890625,-0.35400390625,-0.4150390625,0.0732421875,-0.72021484375,-0.47607421875,-0.15869140625,-0.06103515625,-0.62255859375,-0.537109375,-0.3662109375,0.244140625,0.62255859375,0.2197265625,1.13525390625,-0.1953125,0.4638671875,-0.3662109375,-0.09765625,-0.01220703125,0.72021484375,-0.0244140625,0.634765625,-0.0732421875,0.45166015625,0.1220703125,0.4638671875,0.06103515625,0.1220703125,0.2685546875,0.20751953125,-0.28076171875,1.0986328125,0.06103515625,0.244140625,-0.13427734375,0.244140625,0.146484375,0.29296875,-0.15869140625,0.96435546875,0.23193359375,0.0244140625,-0.37841796875,1.3671875,0.08544921875,-0.93994140625,0.08544921875,-0.29296875,-0.01220703125,-0.96435546875,0.25634765625,-0.76904296875,-0.341796875,-1.50146484375,-0.15869140625,-0.244140625,0.1953125,-0.30517578125,-0.2197265625,-1.26953125,-0.13427734375,-0.6103515625,-0.146484375,-0.5126953125,-0.1220703125,-0.67138671875,0.15869140625,0.18310546875,0.48828125,-0.74462890625,0.10986328125,-1.46484375,-0.146484375,-1.0986328125,0.09765625,0.390625,-0.048828125,0.0244140625,0.08544921875,-0.3173828125,-0.06103515625,-0.32958984375,0.146484375,-0.25634765625,-0.09765625,0.01220703125,-0.0244140625,0.7568359375,0.0732421875,-0.4638671875,0.03662109375,-0.52490234375
1,-0.20751953125,-0.341796875,-0.09765625,-0.28076171875,-0.20751953125,-0.32958984375,0.048828125,0.01220703125,-0.3662109375,-0.28076171875,-0.03662109375,-1.13525390625,0,0.830078125,-0.35400390625,-0.69580078125,-0.4638671875,-1.1474609375,-0.3173828125,-0.64697265625,-0.3173828125,0.40283203125,-0.341796875,-1.0009765625,0.0732421875,-0.13427734375,0.13427734375,-0.79345703125,0.06103515625,0.9765625,0.03662109375,0.23193359375,-0.341796875,-0.341796875,0.341796875,-0.86669921875,-0.3173828125,-0.42724609375,0.09765625,-0.72021484375,-0.47607421875,-0.1708984375,0,-0.634765625,-0.54931640625,-0.390625,0.2197265625,0.57373046875,0.1953125,1.171875,-0.13427734375,0.4638671875,-0.32958984375,-0.10986328125,-0.0244140625,0.74462890625,-0.08544921875,0.62255859375,-0.01220703125,0.45166015625,0.13427734375,0.439453125,0.1708984375,0.10986328125,0.23193359375,0.1953125,-0.35400390625,1.07421875,0.048828125,0.25634765625,-0.15869140625,0.23193359375,0.08544921875,0.2685546875,-0.1953125,0.9521484375,0.28076171875,0.03662109375,-0.40283203125,1.3671875,0.1220703125,-0.9521484375,0.1220703125,-0.30517578125,-0.01220703125,-0.9521484375,0.23193359375,-0.7568359375,-0.3662109375,-1.50146484375,-0.18310546875,-0.244140625,0.28076171875,-0.3173828125,-0.146484375,-1.2451171875,-0.1708984375,-0.45166015625,-0.15869140625,-0.32958984375,0.048828125,-0.47607421875,0.1953125,0.341796875,0.48828125,-0.74462890625,0.06103515625,-1.46484375,-0.06103515625,-1.06201171875,0.10986328125,0.390625,-0.048828125,0.03662109375,0.08544921875,-0.30517578125,-0.0732421875,-0.3173828125,0.1708984375,-0.25634765625,-0.09765625,0.01220703125,-0.01220703125,0.7568359375,0.08544921875,-0.47607421875,0.03662109375,-0.5126953125
0,-0.20751953125,-0.341796875,-0.06103515625,-0.29296875,-0.1953125,-0.341796875,0.048828125,0,-0.3662109375,-0.2685546875,-0.03662109375,-1.123046875,0.01220703125,0.830078125,-0.3173828125,-0.74462890625,-0.439453125,-1.01318359375,-0.341796875,-0.537109375,-0.2197265625,0.50048828125,-0.3662109375,-0.830078125,0.10986328125,-0.13427734375,0.09765625,-0.78125,0,0.96435546875,0.01220703125,0.23193359375,-0.29296875,-0.341796875,0.3662109375,-0.86669921875,-0.2685546875,-0.4638671875,0.1220703125,-0.72021484375,-0.42724609375,-0.18310546875,0.048828125,-0.62255859375,-0.52490234375,-0.390625,0.1953125,0.57373046875,0.10986328125,1.1962890625,-0.13427734375,0.47607421875,-0.2685546875,-0.10986328125,-0.03662109375,0.74462890625,-0.08544921875,0.634765625,0.03662109375,0.4638671875,0.15869140625,0.42724609375,0.2685546875,0.09765625,0.13427734375,0.15869140625,-0.40283203125,1.0498046875,0.048828125,0.25634765625,-0.1708984375,0.20751953125,0.0244140625,0.23193359375,-0.2197265625,0.96435546875,0.3173828125,0.01220703125,-0.390625,1.35498046875,0.146484375,-0.96435546875,0.146484375,-0.30517578125,-0.0244140625,-0.96435546875,0.146484375,-0.76904296875,-0.35400390625,-1.50146484375,-0.1708984375,-0.2685546875,0.29296875,-0.341796875,-0.09765625,-1.25732421875,-0.146484375,-0.28076171875,-0.15869140625,-0.146484375,0.1953125,-0.29296875,0.25634765625,0.5126953125,0.439453125,-0.7568359375,0.03662109375,-1.45263671875,0.01220703125,-1.03759765625,0.13427734375,0.4150390625,-0.048828125,0.048828125,0.09765625,-0.30517578125,-0.0732421875,-0.3173828125,0.1708984375,-0.2685546875,-0.08544921875,0.0244140625,-0.01220703125,0.8056640625,0.09765625,-0.50048828125,0,-0.48828125
0,-0.1953125,-0.3662109375,-0.06103515625,-0.30517578125,-0.20751953125,-0.341796875,0.06103515625,-0.01220703125,-0.341796875,-0.23193359375,-0.048828125,-1.123046875,0.01220703125,0.81787109375,-0.30517578125,-0.732421875,-0.341796875,-0.91552734375,-0.29296875,-0.4638671875,-0.048828125,0.5615234375,-0.341796875,-0.76904296875,0.15869140625,-0.146484375,0.0732421875,-0.78125,-0.06103515625,0.93994140625,-0.03662109375,0.2197265625,-0.29296875,-0.341796875,0.3662109375,-0.86669921875,-0.18310546875,-0.4638671875,0.1220703125,-0.69580078125,-0.35400390625,-0.1708984375,0.048828125,-0.634765625,-0.48828125,-0.390625,0.1953125,0.5615234375,0.08544921875,1.220703125,-0.13427734375,0.47607421875,-0.1953125,-0.10986328125,-0.06103515625,0.74462890625,-0.03662109375,0.64697265625,0.048828125,0.4638671875,0.10986328125,0.42724609375,0.28076171875,0.1220703125,0,0.1220703125,-0.35400390625,1.025390625,0.03662109375,0.28076171875,-0.1953125,0.1953125,-0.0732421875,0.23193359375,-0.20751953125,0.96435546875,0.3173828125,0.01220703125,-0.37841796875,1.33056640625,0.1953125,-0.9765625,0.15869140625,-0.29296875,-0.0244140625,-0.96435546875,0.048828125,-0.732421875,-0.32958984375,-1.52587890625,-0.13427734375,-0.2685546875,0.28076171875,-0.35400390625,0.0244140625,-1.23291015625,-0.13427734375,-0.13427734375,-0.10986328125,0,0.23193359375,-0.1220703125,0.23193359375,0.64697265625,0.3173828125,-0.76904296875,0.03662109375,-1.47705078125,0.0732421875,-1.03759765625,0.13427734375,0.4150390625,-0.06103515625,0.048828125,0.06103515625,-0.29296875,-0.0732421875,-0.29296875,0.18310546875,-0.23193359375,-0.06103515625,0.03662109375,0,0.8056640625,0.09765625,-0.48828125,-0.0244140625,-0.47607421875
0,-0.1953125,-0.37841796875,-0.06103515625,-0.30517578125,-0.2197265625,-0.35400390625,0.06103515625,-0.01220703125,-0.35400390625,-0.2197265625,-0.0732421875,-1.0986328125,0,0.81787109375,-0.20751953125,-0.732421875,-0.29296875,-0.86669921875,-0.2685546875,-0.4150390625,0.0732421875,0.59814453125,-0.28076171875,-0.81787109375,0.13427734375,-0.146484375,0,-0.79345703125,-0.15869140625,0.927734375,-0.08544921875,0.2197265625,-0.3662109375,-0.32958984375,0.40283203125,-0.89111328125,-0.09765625,-0.50048828125,0.10986328125,-0.72021484375,-0.30517578125,-0.18310546875,0.03662109375,-0.634765625,-0.4150390625,-0.4150390625,0.15869140625,0.5615234375,0.03662109375,1.220703125,-0.146484375,0.47607421875,-0.10986328125,-0.1220703125,-0.10986328125,0.76904296875,-0.0244140625,0.6591796875,0.06103515625,0.45166015625,0.2197265625,0.48828125,0.23193359375,0.13427734375,-0.0732421875,0.08544921875,-0.3173828125,1.025390625,0,0.25634765625,-0.18310546875,0.18310546875,-0.1220703125,0.2197265625,-0.1953125,0.9521484375,0.29296875,0.03662109375,-0.30517578125,1.318359375,0.1953125,-0.98876953125,0.13427734375,-0.30517578125,-0.048828125,-0.98876953125,-0.09765625,-0.7568359375,-0.28076171875,-1.5380859375,-0.08544921875,-0.2685546875,0.2197265625,-0.32958984375,0.1220703125,-1.23291015625,-0.13427734375,-0.048828125,-0.10986328125,0.10986328125,0.2197265625,-0.01220703125,0.1708984375,0.7568359375,0.13427734375,-0.76904296875,0,-1.46484375,0.1220703125,-1.0009765625,0.0732421875,0.42724609375,-0.06103515625,0.048828125,0.03662109375,-0.29296875,-0.0732421875,-0.28076171875,0.20751953125,-0.23193359375,-0.06103515625,0.0244140625,0,0.81787109375,0.10986328125,-0.50048828125,-0.03662109375,-0.47607421875
0,-0.1953125,-0.37841796875,-0.0732421875,-0.29296875,-0.244140625,-0.35400390625,0.048828125,0.0244140625,-0.35400390625,-0.23193359375,-0.06103515625,-1.123046875,0.03662109375,0.8056640625,-0.18310546875,-0.7080078125,-0.2685546875,-0.87890625,-0.1953125,-0.439453125,0.1953125,0.59814453125,-0.244140625,-0.93994140625,0.1220703125,-0.146484375,0,-0.81787109375,-0.244140625,0.91552734375,-0.1220703125,0.23193359375,-0.37841796875,-0.341796875,0.40283203125,-0.86669921875,0.01220703125,-0.5126953125,0.1220703125,-0.732421875,-0.244140625,-0.1708984375,0.048828125,-0.634765625,-0.341796875,-0.42724609375,0.1708984375,0.5615234375,0,1.220703125,-0.1708984375,0.52490234375,-0.048828125,-0.10986328125,-0.10986328125,0.79345703125,0.09765625,0.68359375,0.01220703125,0.439453125,0.1953125,0.54931640625,0.15869140625,0.15869140625,-0.1220703125,0.08544921875,-0.2685546875,1.03759765625,-0.0732421875,0.25634765625,-0.15869140625,0.1708984375,-0.18310546875,0.2197265625,-0.146484375,0.927734375,0.25634765625,0.03662109375,-0.25634765625,1.318359375,0.18310546875,-0.96435546875,0.1220703125,-0.29296875,-0.08544921875,-0.98876953125,-0.2197265625,-0.74462890625,-0.2197265625,-1.5380859375,-0.03662109375,-0.244140625,0.146484375,-0.3173828125,0.1953125,-1.220703125,-0.0732421875,-0.01220703125,0,0.15869140625,0.25634765625,0,0.146484375,0.81787109375,-0.06103515625,-0.76904296875,-0.01220703125,-1.46484375,0.10986328125,-1.0009765625,0.06103515625,0.439453125,-0.048828125,0.06103515625,0,-0.28076171875,-0.08544921875,-0.25634765625,0.20751953125,-0.2197265625,-0.0732421875,0.0244140625,-0.01220703125,0.830078125,0.1220703125,-0.48828125,-0.06103515625,-0.48828125
0,-0.15869140625,-0.390625,-0.0732421875,-0.29296875,-0.2197265625,-0.37841796875,0.048828125,0.01220703125,-0.32958984375,-0.23193359375,-0.0732421875,-1.08642578125,0.048828125,0.78125,-0.1220703125,-0.68359375,-0.244140625,-0.9033203125,-0.03662109375,-0.4638671875,0.30517578125,0.54931640625,-0.23193359375,-1.0986328125,0.0732421875,-0.1708984375,0,-0.79345703125,-0.3173828125,0.91552734375,-0.10986328125,0.2197265625,-0.42724609375,-0.30517578125,0.4150390625,-0.87890625,0.06103515625,-0.5126953125,0.15869140625,-0.7080078125,-0.18310546875,-0.1708984375,0,-0.634765625,-0.3173828125,-0.40283203125,0.15869140625,0.57373046875,-0.01220703125,1.18408203125,-0.2197265625,0.50048828125,0.048828125,-0.13427734375,-0.06103515625,0.7568359375,0.15869140625,0.67138671875,-0.03662109375,0.40283203125,0.15869140625,0.59814453125,0.146484375,0.15869140625,-0.13427734375,0.08544921875,-0.2197265625,1.0498046875,-0.10986328125,0.25634765625,-0.146484375,0.1953125,-0.2197265625,0.23193359375,-0.0732421875,0.927734375,0.244140625,0.03662109375,-0.1708984375,1.318359375,0.15869140625,-0.93994140625,0.09765625,-0.30517578125,-0.15869140625,-1.0009765625,-0.30517578125,-0.72021484375,-0.15869140625,-1.5380859375,0.0244140625,-0.23193359375,0.10986328125,-0.30517578125,0.244140625,-1.1962890625,-0.048828125,-0.0732421875,0.06103515625,0.146484375,0.20751953125,-0.0732421875,0.1220703125,0.79345703125,-0.18310546875,-0.74462890625,-0.0244140625,-1.47705078125,0.08544921875,-1.01318359375,0.0244140625,0.42724609375,-0.0244140625,0.08544921875,-0.01220703125,-0.30517578125,-0.0732421875,-0.244140625,0.2197265625,-0.2197265625,-0.0732421875,-0.01220703125,-0.0244140625,0.81787109375,0.1220703125,-0.48828125,-0.06103515625,-0.4638671875
0,-0.1708984375,-0.40283203125,-0.08544921875,-0.29296875,-0.23193359375,-0.390625,0.08544921875,0.0244140625,-0.30517578125,-0.25634765625,-0.0732421875,-1.0986328125,0.048828125,0.78125,-0.0732421875,-0.64697265625,-0.3173828125,-0.9521484375,0.08544921875,-0.5126953125,0.30517578125,0.47607421875,-0.15869140625,-1.2451171875,0,-0.1708984375,-0.0244140625,-0.79345703125,-0.32958984375,0.9033203125,-0.06103515625,0.244140625,-0.47607421875,-0.30517578125,0.40283203125,-0.86669921875,0.09765625,-0.47607421875,0.20751953125,-0.7080078125,-0.1220703125,-0.1708984375,-0.0244140625,-0.62255859375,-0.23193359375,-0.40283203125,0.1220703125,0.5859375,-0.06103515625,1.13525390625,-0.244140625,0.50048828125,0.146484375,-0.15869140625,-0.06103515625,0.7568359375,0.1953125,0.67138671875,-0.03662109375,0.40283203125,0.28076171875,0.64697265625,0.0732421875,0.146484375,-0.1953125,0.10986328125,-0.15869140625,1.07421875,-0.1220703125,0.244140625,-0.146484375,0.20751953125,-0.1953125,0.2685546875,-0.03662109375,0.9033203125,0.23193359375,0.03662109375,-0.09765625,1.33056640625,0.10986328125,-0.9521484375,0.0732421875,-0.29296875,-0.244140625,-1.0009765625,-0.35400390625,-0.72021484375,-0.15869140625,-1.5380859375,0.08544921875,-0.23193359375,0.06103515625,-0.30517578125,0.244140625,-1.20849609375,0.0244140625,-0.1953125,0.08544921875,0.08544921875,0.08544921875,-0.244140625,0.10986328125,0.7080078125,-0.23193359375,-0.732421875,-0.0732421875,-1.45263671875,0.06103515625,-1.01318359375,0.01220703125,0.4150390625,-0.0244140625,0.0732421875,-0.0244140625,-0.30517578125,-0.0732421875,-0.28076171875,0.2197265625,-0.23193359375,-0.08544921875,0.01220703125,-0.048828125,0.81787109375,0.10986328125,-0.50048828125,-0.06103515625,-0.4638671875
0,-0.1708984375,-0.37841796875,-0.0732421875,-0.28076171875,-0.23193359375,-0.390625,0.0732421875,0.0244140625,-0.29296875,-0.28076171875,-0.06103515625,-1.08642578125,0.03662109375,0.78125,-0.048828125,-0.634765625,-0.42724609375,-0.9765625,0.13427734375,-0.54931640625,0.18310546875,0.45166015625,-0.20751953125,-1.318359375,-0.0732421875,-0.1708984375,-0.01220703125,-0.79345703125,-0.2685546875,0.93994140625,-0.01220703125,0.25634765625,-0.52490234375,-0.30517578125,0.341796875,-0.8544921875,0.0732421875,-0.439453125,0.244140625,-0.7080078125,-0.048828125,-0.15869140625,-0.03662109375,-0.634765625,-0.146484375,-0.40283203125,0.13427734375,0.6103515625,-0.09765625,1.1474609375,-0.29296875,0.52490234375,0.244140625,-0.1708984375,0,0.76904296875,0.2197265625,0.68359375,-0.0244140625,0.4150390625,0.28076171875,0.69580078125,0.06103515625,0.13427734375,-0.3173828125,0.13427734375,-0.09765625,1.06201171875,-0.15869140625,0.244140625,-0.13427734375,0.2197265625,-0.1953125,0.29296875,0.03662109375,0.87890625,0.2197265625,0.048828125,-0.048828125,1.35498046875,0.06103515625,-0.93994140625,0.0244140625,-0.29296875,-0.3173828125,-1.01318359375,-0.3173828125,-0.74462890625,-0.15869140625,-1.52587890625,0.13427734375,-0.1953125,0.048828125,-0.29296875,0.244140625,-1.20849609375,0.08544921875,-0.32958984375,0.13427734375,-0.0244140625,0.03662109375,-0.40283203125,0.13427734375,0.5615234375,-0.20751953125,-0.72021484375,-0.08544921875,-1.4404296875,-0.01220703125,-1.025390625,0.06103515625,0.390625,-0.03662109375,0.0732421875,-0.0244140625,-0.29296875,-0.0732421875,-0.28076171875,0.2197265625,-0.23193359375,-0.0732421875,0,-0.048828125,0.81787109375,0.10986328125,-0.50048828125,-0.03662109375,-0.48828125
0,-0.15869140625,-0.35400390625,-0.08544921875,-0.29296875,-0.23193359375,-0.390625,0.08544921875,0.0244140625,-0.2685546875,-0.2685546875,-0.0732421875,-1.07421875,0.048828125,0.78125,0,-0.62255859375,-0.45166015625,-0.98876953125,0.23193359375,-0.52490234375,0.10986328125,0.439453125,-0.0732421875,-1.318359375,-0.146484375,-0.18310546875,0,-0.78125,-0.18310546875,0.927734375,0.0244140625,0.25634765625,-0.62255859375,-0.29296875,0.28076171875,-0.84228515625,0.048828125,-0.4150390625,0.25634765625,-0.7080078125,-0.0244140625,-0.146484375,-0.08544921875,-0.64697265625,-0.1220703125,-0.390625,0.1708984375,0.6103515625,-0.10986328125,1.13525390625,-0.341796875,0.5126953125,0.341796875,-0.2197265625,0.0732421875,0.76904296875,0.20751953125,0.6591796875,0,0.42724609375,0.30517578125,0.72021484375,-0.01220703125,0.1220703125,-0.32958984375,0.1708984375,0,1.08642578125,-0.146484375,0.25634765625,-0.13427734375,0.2197265625,-0.15869140625,0.30517578125,0.0732421875,0.89111328125,0.20751953125,0.06103515625,-0.01220703125,1.3671875,0.01220703125,-0.9033203125,0.01220703125,-0.28076171875,-0.3662109375,-1.01318359375,-0.20751953125,-0.74462890625,-0.1708984375,-1.4892578125,0.13427734375,-0.20751953125,0.08544921875,-0.25634765625,0.10986328125,-1.18408203125,0.1220703125,-0.4638671875,0.13427734375,-0.146484375,0.06103515625,-0.52490234375,0.146484375,0.45166015625,-0.06103515625,-0.68359375,-0.10986328125,-1.46484375,-0.09765625,-1.025390625,0.0732421875,0.3662109375,-0.0244140625,0.048828125,-0.06103515625,-0.28076171875,-0.0732421875,-0.29296875,0.1708984375,-0.28076171875,-0.06103515625,-0.01220703125,-0.048828125,0.8056640625,0.09765625,-0.5126953125,-0.03662109375,-0.48828125
0,-0.15869140625,-0.35400390625,-0.0732421875,-0.28076171875,-0.2197265625,-0.3662109375,0.06103515625,0.0244140625,-0.25634765625,-0.28076171875,-0.06103515625,-1.06201171875,0.06103515625,0.78125,0.01220703125,-0.634765625,-0.50048828125,-0.927734375,0.20751953125,-0.47607421875,0,0.50048828125,0.08544921875,-1.20849609375,-0.1708984375,-0.1708984375,0.0244140625,-0.76904296875,-0.0732421875,0.93994140625,0.09765625,0.244140625,-0.67138671875,-0.3173828125,0.23193359375,-0.87890625,0.01220703125,-0.390625,0.2685546875,-0.72021484375,0.01220703125,-0.15869140625,-0.09765625,-0.634765625,-0.08544921875,-0.390625,0.146484375,0.6103515625,-0.08544921875,1.1474609375,-0.35400390625,0.50048828125,0.439453125,-0.23193359375,0.10986328125,0.732421875,0.13427734375,0.62255859375,0,0.40283203125,0.3173828125,0.7080078125,-0.03662109375,0.10986328125,-0.32958984375,0.2197265625,0.0732421875,1.07421875,-0.146484375,0.2685546875,-0.1708984375,0.23193359375,-0.08544921875,0.341796875,0.10986328125,0.87890625,0.20751953125,0.048828125,0,1.37939453125,-0.06103515625,-0.9033203125,-0.01220703125,-0.29296875,-0.37841796875,-1.01318359375,-0.08544921875,-0.732421875,-0.18310546875,-1.47705078125,0.0732421875,-0.1953125,0.146484375,-0.2685546875,-0.0244140625,-1.220703125,0.1953125,-0.52490234375,0.1220703125,-0.244140625,0.08544921875,-0.537109375,0.10986328125,0.3662109375,0.0732421875,-0.69580078125,-0.08544921875,-1.46484375,-0.1220703125,-1.03759765625,0.08544921875,0.3662109375,0,0.03662109375,-0.06103515625,-0.2685546875,-0.06103515625,-0.29296875,0.146484375,-0.2685546875,-0.03662109375,-0.0244140625,-0.06103515625,0.8056640625,0.1220703125,-0.5126953125,-0.0244140625,-0.5126953125
0,-0.1708984375,-0.35400390625,-0.0732421875,-0.28076171875,-0.18310546875,-0.3662109375,0.048828125,0.06103515625,-0.25634765625,-0.29296875,-0.03662109375,-1.07421875,0.048828125,0.79345703125,0.048828125,-0.64697265625,-0.50048828125,-0.81787109375,0.09765625,-0.35400390625,-0.146484375,0.5859375,0.0732421875,-1.03759765625,-0.20751953125,-0.146484375,0.08544921875,-0.78125,0.03662109375,0.93994140625,0.1708984375,0.23193359375,-0.69580078125,-0.32958984375,0.18310546875,-0.87890625,-0.048828125,-0.37841796875,0.25634765625,-0.732421875,-0.06103515625,-0.15869140625,-0.0732421875,-0.62255859375,-0.06103515625,-0.40283203125,0.15869140625,0.62255859375,-0.03662109375,1.171875,-0.32958984375,0.48828125,0.52490234375,-0.23193359375,0.10986328125,0.72021484375,0.06103515625,0.62255859375,0.048828125,0.4150390625,0.28076171875,0.68359375,-0.146484375,0.10986328125,-0.32958984375,0.25634765625,0.10986328125,1.07421875,-0.1220703125,0.2685546875,-0.1953125,0.23193359375,-0.03662109375,0.35400390625,0.10986328125,0.87890625,0.20751953125,0.048828125,0,1.3916015625,-0.09765625,-0.91552734375,-0.048828125,-0.28076171875,-0.341796875,-1.0009765625,0.048828125,-0.732421875,-0.1708984375,-1.46484375,-0.03662109375,-0.20751953125,0.18310546875,-0.28076171875,-0.15869140625,-1.1962890625,0.18310546875,-0.50048828125,0.10986328125,-0.25634765625,0.10986328125,-0.37841796875,-0.0244140625,0.35400390625,0.1953125,-0.69580078125,-0.03662109375,-1.45263671875,-0.13427734375,-1.07421875,0.0732421875,0.341796875,0.0244140625,0.01220703125,-0.048828125,-0.2685546875,-0.0732421875,-0.25634765625,0.10986328125,-0.2685546875,-0.048828125,-0.0244140625,-0.0732421875,0.81787109375,0.09765625,-0.50048828125,-0.0244140625,-0.5126953125
0,-0.1708984375,-0.35400390625,-0.048828125,-0.28076171875,-0.1708984375,-0.35400390625,0.0244140625,0.03662109375,-0.25634765625,-0.28076171875,-0.0244140625,-1.07421875,0.048828125,0.8056640625,0.03662109375,-0.67138671875,-0.439453125,-0.6591796875,-0.01220703125,-0.1953125,-0.09765625,0.72021484375,0.1220703125,-0.81787109375,-0.18310546875,-0.15869140625,0.10986328125,-0.79345703125,0.13427734375,0.93994140625,0.1953125,0.23193359375,-0.68359375,-0.35400390625,0.1708984375,-0.86669921875,-0.08544921875,-0.390625,0.28076171875,-0.72021484375,-0.18310546875,-0.1708984375,-0.06103515625,-0.62255859375,-0.1220703125,-0.40283203125,0.15869140625,0.6103515625,0.03662109375,1.18408203125,-0.29296875,0.48828125,0.5859375,-0.23193359375,0.0244140625,0.732421875,-0.0244140625,0.634765625,0.01220703125,0.42724609375,0.42724609375,0.68359375,-0.18310546875,0.09765625,-0.25634765625,0.28076171875,0.1708984375,1.07421875,-0.10986328125,0.2685546875,-0.20751953125,0.2197265625,0.0244140625,0.35400390625,0.146484375,0.86669921875,0.18310546875,0.06103515625,0.01220703125,1.40380859375,-0.1220703125,-0.91552734375,-0.048828125,-0.29296875,-0.244140625,-0.98876953125,0.1220703125,-0.74462890625,-0.146484375,-1.45263671875,-0.15869140625,-0.2197265625,0.15869140625,-0.29296875,-0.2685546875,-1.1962890625,0.1953125,-0.3173828125,0.13427734375,-0.15869140625,0.13427734375,0.01220703125,-0.08544921875,0.4638671875,0.2685546875,-0.7080078125,0.048828125,-1.4404296875,-0.10986328125,-1.08642578125,0.0732421875,0.35400390625,0.01220703125,0.0244140625,-0.048828125,-0.28076171875,-0.08544921875,-0.23193359375,0.09765625,-0.25634765625,-0.03662109375,-0.03662109375,-0.048828125,0.79345703125,0.09765625,-0.48828125,0,-0.52490234375
0,-0.1953125,-0.341796875,-0.0244140625,-0.29296875,-0.13427734375,-0.35400390625,0.048828125,0.048828125,-0.244140625,-0.28076171875,0,-1.08642578125,0.03662109375,0.81787109375,-0.01220703125,-0.7080078125,-0.5126953125,-0.45166015625,-0.18310546875,-0.01220703125,-0.09765625,0.87890625,0,-0.5615234375,-0.15869140625,-0.13427734375,0.146484375,-0.79345703125,0.1953125,0.93994140625,0.23193359375,0.23193359375,-0.64697265625,-0.35400390625,0.15869140625,-0.89111328125,-0.146484375,-0.42724609375,0.25634765625,-0.72021484375,-0.3173828125,-0.1953125,-0.048828125,-0.634765625,-0.18310546875,-0.37841796875,0.1708984375,0.6103515625,0.09765625,1.220703125,-0.29296875,0.4638671875,0.59814453125,-0.23193359375,-0.06103515625,0.72021484375,-0.048828125,0.64697265625,0.06103515625,0.439453125,0.47607421875,0.64697265625,-0.30517578125,0.10986328125,-0.1708984375,0.2685546875,0.244140625,1.07421875,-0.10986328125,0.2685546875,-0.23193359375,0.20751953125,0.06103515625,0.32958984375,0.1708984375,0.89111328125,0.1220703125,0.0732421875,-0.01220703125,1.40380859375,-0.146484375,-0.91552734375,-0.03662109375,-0.29296875,-0.1220703125,-1.0009765625,0.13427734375,-0.732421875,-0.13427734375,-1.46484375,-0.25634765625,-0.2197265625,0.09765625,-0.29296875,-0.25634765625,-1.20849609375,0.09765625,0.06103515625,0.08544921875,0.08544921875,0.1220703125,0.59814453125,-0.20751953125,0.7080078125,0.244140625,-0.69580078125,0.146484375,-1.45263671875,-0.06103515625,-1.07421875,0.03662109375,0.3662109375,0.0244140625,0.0244140625,-0.03662109375,-0.2685546875,-0.08544921875,-0.20751953125,0.06103515625,-0.28076171875,-0.048828125,-0.0244140625,-0.03662109375,0.830078125,0.1220703125,-0.4638671875,0.01220703125,-0.52490234375
0,-0.20751953125,-0.32958984375,-0.03662109375,-0.30517578125,-0.10986328125,-0.3662109375,0.01220703125,0.0244140625,-0.244140625,-0.29296875,0,-1.0986328125,0.01220703125,0.830078125,-0.03662109375,-0.732421875,-0.4638671875,-0.23193359375,-0.3173828125,0.1953125,-0.03662109375,1.0498046875,-0.244140625,-0.35400390625,-0.10986328125,-0.10986328125,0.18310546875,-0.78125,0.1708984375,0.9521484375,0.23193359375,0.23193359375,-0.6103515625,-0.35400390625,0.20751953125,-0.89111328125,-0.1953125,-0.45166015625,0.2685546875,-0.72021484375,-0.45166015625,-0.20751953125,-0.08544921875,-0.64697265625,-0.28076171875,-0.3662109375,0.10986328125,0.5859375,0.1708984375,1.23291015625,-0.25634765625,0.4638671875,0.5615234375,-0.23193359375,-0.08544921875,0.74462890625,-0.048828125,0.64697265625,0.048828125,0.439453125,0.40283203125,0.64697265625,-0.390625,0.10986328125,-0.048828125,0.29296875,0.3173828125,1.08642578125,-0.09765625,0.25634765625,-0.1953125,0.1953125,0.03662109375,0.30517578125,0.18310546875,0.9033203125,0.06103515625,0.06103515625,-0.03662109375,1.3671875,-0.10986328125,-0.9521484375,0.01220703125,-0.29296875,-0.01220703125,-1.01318359375,0.0732421875,-0.732421875,-0.10986328125,-1.47705078125,-0.3173828125,-0.20751953125,-0.0244140625,-0.3173828125,-0.18310546875,-1.1962890625,0,0.54931640625,0.03662109375,0.48828125,0.2197265625,1.25732421875,-0.20751953125,1.0986328125,0.1953125,-0.74462890625,0.25634765625,-1.47705078125,-0.08544921875,-1.0498046875,0.03662109375,0.3662109375,0,0.0244140625,-0.01220703125,-0.29296875,-0.0732421875,-0.20751953125,0.06103515625,-0.244140625,-0.048828125,-0.048828125,-0.06103515625,0.830078125,0.10986328125,-0.4638671875,0.03662109375,-0.50048828125
0,-0.1953125,-0.341796875,-0.01220703125,-0.32958984375,-0.10986328125,-0.35400390625,0.01220703125,0,-0.25634765625,-0.2685546875,0.0244140625,-1.11083984375,-0.01220703125,0.830078125,-0.0732421875,-0.74462890625,-0.4638671875,-0.01220703125,-0.3662109375,0.40283203125,0.048828125,1.1962890625,-0.439453125,-0.1953125,0,-0.1220703125,0.1953125,-0.79345703125,0.13427734375,0.93994140625,0.244140625,0.244140625,-0.52490234375,-0.32958984375,0.23193359375,-0.9033203125,-0.2685546875,-0.48828125,0.23193359375,-0.72021484375,-0.57373046875,-0.1953125,-0.15869140625,-0.6591796875,-0.35400390625,-0.3662109375,0.10986328125,0.59814453125,0.23193359375,1.220703125,-0.25634765625,0.47607421875,0.537109375,-0.20751953125,-0.0732421875,0.74462890625,-0.06103515625,0.6591796875,0.03662109375,0.45166015625,0.37841796875,0.67138671875,-0.40283203125,0.146484375,0.10986328125,0.2685546875,0.3662109375,1.06201171875,-0.08544921875,0.25634765625,-0.18310546875,0.20751953125,0.048828125,0.28076171875,0.1708984375,0.91552734375,0,0.06103515625,-0.06103515625,1.3671875,-0.09765625,-0.927734375,0.06103515625,-0.30517578125,0.048828125,-1.0009765625,0,-0.72021484375,-0.15869140625,-1.47705078125,-0.341796875,-0.20751953125,-0.08544921875,-0.3173828125,-0.08544921875,-1.18408203125,-0.09765625,1.123046875,-0.0244140625,0.9765625,0.1708984375,2.099609375,-0.15869140625,1.59912109375,0.13427734375,-0.74462890625,0.32958984375,-1.47705078125,-0.048828125,-1.06201171875,0.0244140625,0.37841796875,0.01220703125,0.048828125,-0.01220703125,-0.30517578125,-0.0732421875,-0.1708984375,0.048828125,-0.25634765625,-0.03662109375,-0.048828125,-0.01220703125,0.86669921875,0.10986328125,-0.439453125,0.08544921875,-0.50048828125
1,-0.20751953125,-0.35400390625,-0.01220703125,-0.32958984375,-0.08544921875,-0.3662109375,0,-0.0244140625,-0.23193359375,-0.244140625,0.03662109375,-1.0986328125,-0.03662109375,0.84228515625,-0.10986328125,-0.76904296875,-0.57373046875,0.1953125,-0.4638671875,0.6103515625,-0.0244140625,1.318359375,-0.732421875,-0.09765625,0.0732421875,-0.15869140625,0.1953125,-0.79345703125,0.03662109375,0.93994140625,0.25634765625,0.23193359375,-0.4638671875,-0.32958984375,0.29296875,-0.9033203125,-0.3173828125,-0.48828125,0.20751953125,-0.74462890625,-0.57373046875,-0.1953125,-0.20751953125,-0.67138671875,-0.40283203125,-0.35400390625,0.1220703125,0.6103515625,0.2685546875,1.220703125,-0.18310546875,0.47607421875,0.5126953125,-0.1708984375,-0.048828125,0.76904296875,-0.01220703125,0.67138671875,0.01220703125,0.45166015625,0.25634765625,0.68359375,-0.45166015625,0.146484375,0.15869140625,0.25634765625,0.40283203125,1.0498046875,-0.10986328125,0.23193359375,-0.1220703125,0.1953125,0.06103515625,0.2685546875,0.1708984375,0.91552734375,-0.06103515625,0.048828125,-0.08544921875,1.3671875,-0.03662109375,-0.927734375,0.1220703125,-0.29296875,0.08544921875,-0.98876953125,-0.0732421875,-0.732421875,-0.20751953125,-1.4892578125,-0.35400390625,-0.244140625,-0.146484375,-0.3173828125,0.10986328125,-1.18408203125,-0.23193359375,1.77001953125,-0.10986328125,1.5380859375,0.10986328125,2.99072265625,-0.18310546875,2.1484375,0.08544921875,-0.74462890625,0.37841796875,-1.46484375,-0.0244140625,-1.0498046875,0.0244140625,0.390625,0.01220703125,0.06103515625,-0.01220703125,-0.3173828125,-0.06103515625,-0.1953125,0.06103515625,-0.23193359375,-0.048828125,-0.03662109375,-0.0244140625,0.9033203125,0.08544921875,-0.439453125,0.10986328125,-0.47607421875
1,-0.20751953125,-0.3662109375,0,-0.32958984375,-0.08544921875,-0.3662109375,0.01220703125,-0.0244140625,-0.244140625,-0.2197265625,0.0732421875,-1.0986328125,-0.0244140625,0.84228515625,-0.15869140625,-0.732421875,-0.62255859375,0.35400390625,-0.4638671875,0.76904296875,-0.1220703125,1.42822265625,-0.8544921875,-0.0732421875,0.09765625,-0.1953125,0.20751953125,-0.79345703125,-0.048828125,0.927734375,0.25634765625,0.20751953125,-0.4150390625,-0.3173828125,0.341796875,-0.89111328125,-0.341796875,-0.48828125,0.15869140625,-0.732421875,-0.54931640625,-0.18310546875,-0.23193359375,-0.67138671875,-0.50048828125,-0.37841796875,0.10986328125,0.6103515625,0.30517578125,1.15966796875,-0.10986328125,0.50048828125,0.48828125,-0.13427734375,0.01220703125,0.78125,0.0244140625,0.64697265625,-0.0244140625,0.45166015625,0.1708984375,0.732421875,-0.40283203125,0.15869140625,0.20751953125,0.2197265625,0.439453125,1.06201171875,-0.13427734375,0.244140625,-0.0732421875,0.20751953125,0.1220703125,0.25634765625,0.15869140625,0.927734375,-0.1220703125,0.048828125,-0.09765625,1.3427734375,0,-0.91552734375,0.20751953125,-0.3173828125,0.0732421875,-0.98876953125,-0.09765625,-0.732421875,-0.23193359375,-1.513671875,-0.341796875,-0.244140625,-0.1708984375,-0.3173828125,0.2197265625,-1.1962890625,-0.2685546875,2.4169921875,-0.146484375,2.1484375,0.1708984375,3.86962890625,-0.146484375,2.7587890625,0.08544921875,-0.7568359375,0.32958984375,-1.46484375,-0.03662109375,-1.025390625,0.03662109375,0.4150390625,0.01220703125,0.06103515625,-0.0244140625,-0.32958984375,-0.08544921875,-0.20751953125,0.048828125,-0.244140625,-0.048828125,-0.01220703125,-0.0244140625,0.91552734375,0.08544921875,-0.45166015625,0.1220703125,-0.4638671875
1,-0.2197265625,-0.3662109375,0.01220703125,-0.32958984375,-0.10986328125,-0.37841796875,0,-0.03662109375,-0.2685546875,-0.244140625,0.09765625,-1.0986328125,-0.03662109375,0.830078125,-0.20751953125,-0.7080078125,-0.6591796875,0.50048828125,-0.3662109375,0.927734375,-0.23193359375,1.513671875,-0.78125,-0.0732421875,0.08544921875,-0.18310546875,0.244140625,-0.79345703125,-0.09765625,0.91552734375,0.2197265625,0.23193359375,-0.37841796875,-0.28076171875,0.37841796875,-0.89111328125,-0.341796875,-0.45166015625,0.20751953125,-0.72021484375,-0.45166015625,-0.15869140625,-0.2685546875,-0.64697265625,-0.54931640625,-0.390625,0.13427734375,0.634765625,0.28076171875,1.13525390625,-0.048828125,0.48828125,0.4150390625,-0.10986328125,0.03662109375,0.78125,0.0732421875,0.64697265625,-0.08544921875,0.439453125,0.09765625,0.74462890625,-0.4638671875,0.15869140625,0.244140625,0.1953125,0.45166015625,1.0498046875,-0.15869140625,0.2197265625,-0.01220703125,0.20751953125,0.20751953125,0.25634765625,0.15869140625,0.86669921875,-0.146484375,0.048828125,-0.1220703125,1.35498046875,0.01220703125,-0.91552734375,0.28076171875,-0.3173828125,-0.03662109375,-0.98876953125,-0.0732421875,-0.74462890625,-0.28076171875,-1.52587890625,-0.3173828125,-0.25634765625,-0.08544921875,-0.32958984375,0.25634765625,-1.20849609375,-0.30517578125,3.01513671875,-0.2197265625,2.734375,0.1220703125,4.6142578125,-0.13427734375,3.3203125,0.1220703125,-0.72021484375,0.2685546875,-1.46484375,-0.06103515625,-1.0009765625,0.08544921875,0.4150390625,0,0.08544921875,0.0244140625,-0.32958984375,-0.06103515625,-0.20751953125,0.0244140625,-0.23193359375,-0.03662109375,-0.0244140625,-0.01220703125,0.927734375,0.06103515625,-0.439453125,0.146484375,-0.47607421875
1,-0.244140625,-0.3662109375,0.0244140625,-0.3173828125,-0.08544921875,-0.37841796875,0,-0.0244140625,-0.23193359375,-0.25634765625,0.09765625,-1.0986328125,-0.048828125,0.8056640625,-0.25634765625,-0.6591796875,-0.67138671875,0.57373046875,-0.25634765625,1.03759765625,-0.3662109375,1.5625,-0.6103515625,-0.09765625,0.03662109375,-0.20751953125,0.2197265625,-0.79345703125,-0.146484375,0.927734375,0.1220703125,0.25634765625,-0.28076171875,-0.2685546875,0.390625,-0.87890625,-0.30517578125,-0.439453125,0.20751953125,-0.7080078125,-0.32958984375,-0.1220703125,-0.244140625,-0.634765625,-0.5615234375,-0.4150390625,0.10986328125,0.634765625,0.23193359375,1.123046875,0.01220703125,0.48828125,0.341796875,-0.10986328125,0.048828125,0.76904296875,0.13427734375,0.64697265625,-0.146484375,0.45166015625,-0.0244140625,0.7568359375,-0.5126953125,0.146484375,0.30517578125,0.1708984375,0.4150390625,1.06201171875,-0.15869140625,0.23193359375,0.06103515625,0.23193359375,0.25634765625,0.2685546875,0.13427734375,0.89111328125,-0.1708984375,0.048828125,-0.13427734375,1.3427734375,0.03662109375,-0.91552734375,0.3173828125,-0.3173828125,-0.15869140625,-0.96435546875,-0.048828125,-0.74462890625,-0.29296875,-1.513671875,-0.25634765625,-0.2685546875,0,-0.3173828125,0.244140625,-1.23291015625,-0.2685546875,3.50341796875,-0.25634765625,3.23486328125,0.03662109375,5.2490234375,-0.03662109375,3.82080078125,0.15869140625,-0.72021484375,0.13427734375,-1.47705078125,-0.09765625,-1.01318359375,0.146484375,0.4150390625,-0.01220703125,0.08544921875,0.0244140625,-0.341796875,-0.0732421875,-0.20751953125,-0.01220703125,-0.244140625,-0.048828125,-0.01220703125,-0.01220703125,0.9033203125,0.03662109375,-0.439453125,0.15869140625,-0.48828125
1,-0.2197265625,-0.390625,0.03662109375,-0.28076171875,-0.06103515625,-0.40283203125,-0.03662109375,-0.01220703125,-0.1953125,-0.2685546875,0.08544921875,-1.0986328125,-0.03662109375,0.8056640625,-0.25634765625,-0.634765625,-0.68359375,0.6103515625,-0.146484375,1.06201171875,-0.47607421875,1.5625,-0.3662109375,-0.15869140625,-0.01220703125,-0.20751953125,0.20751953125,-0.76904296875,-0.1708984375,0.927734375,-0.0244140625,0.244140625,-0.25634765625,-0.28076171875,0.341796875,-0.8544921875,-0.25634765625,-0.37841796875,0.18310546875,-0.72021484375,-0.2197265625,-0.10986328125,-0.2197265625,-0.62255859375,-0.52490234375,-0.439453125,0.0732421875,0.6591796875,0.13427734375,1.123046875,0.01220703125,0.47607421875,0.28076171875,-0.1220703125,-0.01220703125,0.76904296875,0.1953125,0.64697265625,-0.1708984375,0.47607421875,-0.09765625,0.72021484375,-0.57373046875,0.1220703125,0.3662109375,0.15869140625,0.390625,1.07421875,-0.1953125,0.23193359375,0.08544921875,0.23193359375,0.37841796875,0.25634765625,0.08544921875,0.9033203125,-0.146484375,0.0244140625,-0.10986328125,1.3671875,0.03662109375,-0.89111328125,0.32958984375,-0.32958984375,-0.30517578125,-0.9521484375,0.01220703125,-0.7568359375,-0.2685546875,-1.4892578125,-0.18310546875,-0.25634765625,0.1220703125,-0.3173828125,0.1708984375,-1.25732421875,-0.2197265625,3.857421875,-0.30517578125,3.6376953125,0.01220703125,5.7373046875,0.01220703125,4.18701171875,0.18310546875,-0.68359375,-0.0244140625,-1.45263671875,-0.13427734375,-1.025390625,0.1953125,0.40283203125,-0.0244140625,0.09765625,0.03662109375,-0.32958984375,-0.06103515625,-0.23193359375,0.03662109375,-0.244140625,-0.06103515625,0.01220703125,-0.01220703125,0.91552734375,0.06103515625,-0.439453125,0.15869140625,-0.50048828125
1,-0.2197265625,-0.3662109375,0.048828125,-0.28076171875,-0.048828125,-0.40283203125,-0.048828125,0.01220703125,-0.1708984375,-0.29296875,0.1220703125,-1.06201171875,-0.03662109375,0.79345703125,-0.2685546875,-0.6103515625,-0.7080078125,0.59814453125,-0.03662109375,1.07421875,-0.537109375,1.5380859375,-0.146484375,-0.1953125,-0.0732421875,-0.1953125,0.1708984375,-0.79345703125,-0.15869140625,0.927734375,-0.1953125,0.244140625,-0.1708984375,-0.3173828125,0.25634765625,-0.8544921875,-0.1708984375,-0.390625,0.146484375,-0.72021484375,-0.1220703125,-0.1220703125,-0.146484375,-0.5859375,-0.42724609375,-0.439453125,0.03662109375,0.64697265625,0.048828125,1.1474609375,0.0244140625,0.47607421875,0.244140625,-0.15869140625,-0.0732421875,0.76904296875,0.23193359375,0.6591796875,-0.1708984375,0.4638671875,-0.1708984375,0.68359375,-0.5859375,0.13427734375,0.32958984375,0.13427734375,0.32958984375,1.06201171875,-0.1708984375,0.23193359375,0.10986328125,0.23193359375,0.45166015625,0.25634765625,0.048828125,0.86669921875,-0.146484375,0.03662109375,-0.08544921875,1.37939453125,0.0732421875,-0.91552734375,0.3173828125,-0.3173828125,-0.37841796875,-0.93994140625,0.0732421875,-0.74462890625,-0.2685546875,-1.45263671875,-0.1708984375,-0.2685546875,0.28076171875,-0.3173828125,0.08544921875,-1.26953125,-0.20751953125,4.0771484375,-0.35400390625,3.9306640625,-0.0244140625,6.09130859375,0.06103515625,4.4677734375,0.18310546875,-0.68359375,-0.13427734375,-1.4404296875,-0.10986328125,-1.025390625,0.25634765625,0.390625,-0.048828125,0.09765625,0.03662109375,-0.3173828125,-0.0732421875,-0.2197265625,0.0244140625,-0.2685546875,-0.0732421875,0.0244140625,0,0.86669921875,-0.01220703125,-0.4638671875,0.13427734375,-0.5126953125
1,-0.25634765625,-0.35400390625,0.08544921875,-0.28076171875,-0.01220703125,-0.40283203125,-0.03662109375,0.03662109375,-0.18310546875,-0.28076171875,0.13427734375,-1.06201171875,-0.048828125,0.79345703125,-0.244140625,-0.634765625,-0.69580078125,0.5859375,0.03662109375,1.03759765625,-0.54931640625,1.50146484375,0.03662109375,-0.1953125,-0.18310546875,-0.18310546875,0.15869140625,-0.74462890625,-0.2197265625,0.93994140625,-0.341796875,0.25634765625,-0.15869140625,-0.341796875,0.1708984375,-0.8544921875,-0.06103515625,-0.390625,0.1953125,-0.69580078125,-0.08544921875,-0.13427734375,-0.09765625,-0.59814453125,-0.341796875,-0.42724609375,0.01220703125,0.634765625,-0.048828125,1.171875,0.01220703125,0.47607421875,0.2197265625,-0.15869140625,-0.0732421875,0.74462890625,0.2197265625,0.64697265625,-0.1220703125,0.4638671875,-0.25634765625,0.62255859375,-0.5859375,0.10986328125,0.32958984375,0.15869140625,0.28076171875,1.07421875,-0.146484375,0.25634765625,0.13427734375,0.23193359375,0.5126953125,0.28076171875,-0.0244140625,0.87890625,-0.10986328125,0.0244140625,-0.13427734375,1.37939453125,0.10986328125,-0.927734375,0.29296875,-0.30517578125,-0.4150390625,-0.93994140625,0.048828125,-0.732421875,-0.18310546875,-1.45263671875,-0.18310546875,-0.2685546875,0.3662109375,-0.30517578125,0.06103515625,-1.2451171875,-0.18310546875,4.21142578125,-0.35400390625,4.11376953125,0,6.298828125,0.08544921875,4.58984375,0.15869140625,-0.68359375,-0.146484375,-1.42822265625,-0.09765625,-1.0498046875,0.29296875,0.37841796875,-0.048828125,0.0732421875,0.0244140625,-0.30517578125,-0.06103515625,-0.23193359375,0.03662109375,-0.25634765625,-0.06103515625,0.0244140625,0,0.86669921875,-0.0244140625,-0.4638671875,0.1220703125,-0.52490234375
1,-0.244140625,-0.32958984375,0.09765625,-0.25634765625,-0.0244140625,-0.37841796875,-0.048828125,0.0244140625,-0.1708984375,-0.244140625,0.15869140625,-1.07421875,-0.048828125,0.8056640625,-0.2197265625,-0.67138671875,-0.6103515625,0.54931640625,0.0732421875,0.98876953125,-0.45166015625,1.45263671875,0.09765625,-0.20751953125,-0.29296875,-0.15869140625,0.09765625,-0.7568359375,-0.25634765625,0.93994140625,-0.37841796875,0.244140625,-0.13427734375,-0.341796875,0.08544921875,-0.86669921875,0.03662109375,-0.390625,0.23193359375,-0.7080078125,-0.06103515625,-0.1708984375,-0.06103515625,-0.59814453125,-0.23193359375,-0.42724609375,0.03662109375,0.64697265625,-0.08544921875,1.20849609375,0.0732421875,0.4638671875,0.18310546875,-0.1953125,-0.03662109375,0.74462890625,0.1953125,0.64697265625,-0.08544921875,0.47607421875,-0.29296875,0.57373046875,-0.5126953125,0.09765625,0.35400390625,0.18310546875,0.1708984375,1.06201171875,-0.146484375,0.2685546875,0.146484375,0.2197265625,0.54931640625,0.29296875,-0.06103515625,0.87890625,-0.03662109375,0.01220703125,-0.1220703125,1.3671875,0.10986328125,-0.91552734375,0.2197265625,-0.29296875,-0.40283203125,-0.93994140625,0,-0.74462890625,-0.08544921875,-1.42822265625,-0.23193359375,-0.25634765625,0.390625,-0.30517578125,0.0244140625,-1.23291015625,-0.13427734375,4.2236328125,-0.28076171875,4.13818359375,0.0732421875,6.38427734375,0.0732421875,4.638671875,0.09765625,-0.68359375,-0.13427734375,-1.4404296875,-0.0732421875,-1.0498046875,0.29296875,0.37841796875,-0.0732421875,0.09765625,0.03662109375,-0.29296875,-0.0732421875,-0.25634765625,0.0244140625,-0.244140625,-0.0732421875,0.0244140625,0,0.84228515625,-0.0244140625,-0.47607421875,0.10986328125,-0.54931640625
1,-0.2685546875,-0.32958984375,0.1220703125,-0.28076171875,-0.048828125,-0.37841796875,-0.06103515625,0.03662109375,-0.146484375,-0.1953125,0.1220703125,-1.07421875,-0.03662109375,0.81787109375,-0.1953125,-0.68359375,-0.47607421875,0.47607421875,0.06103515625,0.91552734375,-0.25634765625,1.40380859375,0.10986328125,-0.20751953125,-0.35400390625,-0.13427734375,0.0732421875,-0.76904296875,-0.29296875,0.9521484375,-0.32958984375,0.2197265625,-0.10986328125,-0.35400390625,0.01220703125,-0.8544921875,0.09765625,-0.4150390625,0.20751953125,-0.7080078125,-0.0732421875,-0.1708984375,-0.01220703125,-0.6103515625,-0.13427734375,-0.390625,0.0244140625,0.64697265625,-0.1220703125,1.23291015625,0.0732421875,0.4638671875,0.146484375,-0.20751953125,-0.048828125,0.7568359375,0.13427734375,0.64697265625,-0.01220703125,0.47607421875,-0.35400390625,0.54931640625,-0.42724609375,0.09765625,0.3173828125,0.20751953125,0.0244140625,1.07421875,-0.1220703125,0.2685546875,0.08544921875,0.2197265625,0.5615234375,0.29296875,-0.08544921875,0.8544921875,0.0244140625,0.03662109375,-0.1708984375,1.37939453125,0.1220703125,-0.91552734375,0.13427734375,-0.28076171875,-0.341796875,-0.9521484375,-0.048828125,-0.732421875,0.01220703125,-1.42822265625,-0.2685546875,-0.244140625,0.35400390625,-0.30517578125,0.048828125,-1.23291015625,-0.10986328125,4.13818359375,-0.23193359375,4.0771484375,0.0244140625,6.38427734375,-0.03662109375,4.5654296875,0.0244140625,-0.72021484375,-0.048828125,-1.4404296875,-0.0732421875,-1.08642578125,0.2685546875,0.40283203125,-0.06103515625,0.0732421875,0.0244140625,-0.29296875,-0.06103515625,-0.244140625,0.06103515625,-0.244140625,-0.09765625,0.01220703125,0.0244140625,0.8544921875,-0.01220703125,-0.47607421875,0.09765625,-0.5615234375
1,-0.28076171875,-0.32958984375,0.146484375,-0.29296875,-0.0244140625,-0.37841796875,-0.048828125,0.0244140625,-0.15869140625,-0.15869140625,0.13427734375,-1.07421875,-0.01220703125,0.8056640625,-0.146484375,-0.69580078125,-0.40283203125,0.42724609375,-0.01220703125,0.8544921875,-0.09765625,1.35498046875,0.0732421875,-0.2197265625,-0.4150390625,-0.10986328125,0.06103515625,-0.76904296875,-0.29296875,0.9765625,-0.20751953125,0.2197265625,-0.13427734375,-0.35400390625,-0.0732421875,-0.8544921875,0.13427734375,-0.439453125,0.25634765625,-0.7080078125,-0.0732421875,-0.1708984375,-0.01220703125,-0.634765625,-0.10986328125,-0.390625,0.06103515625,0.67138671875,-0.09765625,1.26953125,0.08544921875,0.48828125,0.13427734375,-0.20751953125,-0.048828125,0.7568359375,0.06103515625,0.67138671875,0.08544921875,0.47607421875,-0.20751953125,0.52490234375,-0.32958984375,0.10986328125,0.23193359375,0.23193359375,-0.08544921875,1.07421875,-0.10986328125,0.28076171875,0.0244140625,0.20751953125,0.57373046875,0.30517578125,-0.0732421875,0.8544921875,0.0732421875,0.048828125,-0.1708984375,1.3671875,0.13427734375,-0.9521484375,0.048828125,-0.29296875,-0.23193359375,-0.9521484375,-0.146484375,-0.74462890625,0.10986328125,-1.4404296875,-0.29296875,-0.25634765625,0.244140625,-0.3173828125,0.0244140625,-1.20849609375,-0.06103515625,4.01611328125,-0.15869140625,3.9794921875,-0.08544921875,6.31103515625,-0.1220703125,4.47998046875,-0.0732421875,-0.72021484375,0.03662109375,-1.416015625,-0.08544921875,-1.0498046875,0.1953125,0.40283203125,-0.08544921875,0.0732421875,0.0244140625,-0.28076171875,-0.0732421875,-0.23193359375,0.06103515625,-0.23193359375,-0.1220703125,0.01220703125,0.03662109375,0.84228515625,0.03662109375,-0.4638671875,0.0732421875,-0.537109375
1,-0.28076171875,-0.30517578125,0.13427734375,-0.3173828125,-0.048828125,-0.37841796875,-0.0244140625,0.0244140625,-0.1220703125,-0.1220703125,0.10986328125,-1.0986328125,-0.01220703125,0.8056640625,-0.09765625,-0.72021484375,-0.35400390625,0.3662109375,-0.048828125,0.7568359375,0.048828125,1.30615234375,0,-0.20751953125,-0.439453125,-0.10986328125,0.03662109375,-0.76904296875,-0.28076171875,0.93994140625,-0.048828125,0.18310546875,-0.15869140625,-0.3662109375,-0.1220703125,-0.8544921875,0.13427734375,-0.439453125,0.28076171875,-0.69580078125,-0.10986328125,-0.18310546875,-0.01220703125,-0.634765625,-0.08544921875,-0.40283203125,0.1220703125,0.64697265625,-0.03662109375,1.25732421875,0.06103515625,0.48828125,0.1220703125,-0.23193359375,-0.06103515625,0.7568359375,-0.01220703125,0.6591796875,0.146484375,0.48828125,-0.10986328125,0.54931640625,-0.244140625,0.1220703125,0.1220703125,0.244140625,-0.1953125,1.06201171875,-0.09765625,0.28076171875,-0.0244140625,0.1953125,0.52490234375,0.3173828125,-0.0732421875,0.830078125,0.08544921875,0.048828125,-0.1953125,1.35498046875,0.146484375,-0.9765625,-0.06103515625,-0.3173828125,-0.10986328125,-0.9765625,-0.2197265625,-0.732421875,0.18310546875,-1.46484375,-0.32958984375,-0.244140625,0.1220703125,-0.35400390625,0.0244140625,-1.20849609375,0,3.857421875,-0.1220703125,3.84521484375,-0.146484375,6.11572265625,-0.1708984375,4.33349609375,-0.13427734375,-0.72021484375,0.10986328125,-1.46484375,-0.1220703125,-1.06201171875,0.1220703125,0.40283203125,-0.09765625,0.0732421875,0.0244140625,-0.28076171875,-0.0732421875,-0.23193359375,0.0244140625,-0.2197265625,-0.13427734375,0,0.03662109375,0.84228515625,0.0244140625,-0.439453125,0.06103515625,-0.52490234375
1,-0.2685546875,-0.30517578125,0.13427734375,-0.32958984375,-0.03662109375,-0.35400390625,0.01220703125,0.01220703125,-0.09765625,-0.08544921875,0.1220703125,-1.08642578125,-0.048828125,0.81787109375,-0.03662109375,-0.72021484375,-0.32958984375,0.3173828125,-0.13427734375,0.72021484375,0.09765625,1.28173828125,-0.18310546875,-0.25634765625,-0.439453125,-0.09765625,0.01220703125,-0.76904296875,-0.23193359375,0.96435546875,0.10986328125,0.1953125,-0.2685546875,-0.32958984375,-0.18310546875,-0.86669921875,0.0732421875,-0.4638671875,0.28076171875,-0.72021484375,-0.1220703125,-0.1708984375,-0.0732421875,-0.64697265625,-0.10986328125,-0.3662109375,0.13427734375,0.64697265625,0.03662109375,1.23291015625,0.0732421875,0.48828125,0.09765625,-0.20751953125,-0.1220703125,0.8056640625,-0.08544921875,0.67138671875,0.1953125,0.50048828125,-0.1708984375,0.59814453125,-0.1953125,0.13427734375,0.01220703125,0.2685546875,-0.244140625,1.07421875,-0.06103515625,0.2685546875,-0.09765625,0.1953125,0.42724609375,0.30517578125,-0.06103515625,0.830078125,0.10986328125,0.08544921875,-0.2197265625,1.3671875,0.1220703125,-0.9765625,-0.10986328125,-0.3173828125,-0.0244140625,-0.98876953125,-0.2197265625,-0.732421875,0.2197265625,-1.4892578125,-0.3173828125,-0.2197265625,0.01220703125,-0.35400390625,0.01220703125,-1.15966796875,0.03662109375,3.64990234375,-0.09765625,3.64990234375,-0.2197265625,5.87158203125,-0.1708984375,4.13818359375,-0.146484375,-0.72021484375,0.20751953125,-1.42822265625,-0.1708984375,-1.06201171875,0.09765625,0.40283203125,-0.10986328125,0.08544921875,0.01220703125,-0.29296875,-0.048828125,-0.244140625,0.01220703125,-0.2197265625,-0.13427734375,0,0.01220703125,0.89111328125,0.0244140625,-0.45166015625,0.06103515625,-0.52490234375
1,-0.244140625,-0.30517578125,0.13427734375,-0.30517578125,-0.0244140625,-0.3662109375,0,0.01220703125,-0.10986328125,-0.06103515625,0.1220703125,-1.0986328125,-0.048828125,0.8056640625,0.0244140625,-0.69580078125,-0.341796875,0.2685546875,-0.08544921875,0.6591796875,0.13427734375,1.2451171875,-0.23193359375,-0.28076171875,-0.390625,-0.10986328125,0.01220703125,-0.76904296875,-0.13427734375,0.96435546875,0.2197265625,0.20751953125,-0.35400390625,-0.32958984375,-0.23193359375,-0.8544921875,-0.0244140625,-0.50048828125,0.28076171875,-0.732421875,-0.1708984375,-0.1708984375,-0.13427734375,-0.6591796875,-0.1953125,-0.3662109375,0.25634765625,0.6591796875,0.10986328125,1.18408203125,0.048828125,0.5126953125,0.146484375,-0.20751953125,-0.15869140625,0.78125,-0.15869140625,0.6591796875,0.1708984375,0.47607421875,0.0244140625,0.6591796875,-0.08544921875,0.1220703125,-0.06103515625,0.28076171875,-0.28076171875,1.03759765625,-0.06103515625,0.2685546875,-0.15869140625,0.20751953125,0.3173828125,0.30517578125,-0.03662109375,0.830078125,0.09765625,0.06103515625,-0.23193359375,1.35498046875,0.08544921875,-0.9521484375,-0.13427734375,-0.3173828125,0.01220703125,-0.96435546875,-0.15869140625,-0.732421875,0.18310546875,-1.50146484375,-0.29296875,-0.2197265625,-0.0732421875,-0.341796875,-0.03662109375,-1.13525390625,0.06103515625,3.4423828125,-0.08544921875,3.43017578125,-0.2197265625,5.6396484375,-0.1953125,3.955078125,-0.09765625,-0.7568359375,0.23193359375,-1.47705078125,-0.23193359375,-1.06201171875,0.0732421875,0.4150390625,-0.1220703125,0.08544921875,-0.01220703125,-0.3173828125,-0.06103515625,-0.23193359375,0.0244140625,-0.1953125,-0.146484375,0.01220703125,0,0.89111328125,0.0244140625,-0.439453125,0.0732421875,-0.48828125
1,-0.244140625,-0.29296875,0.09765625,-0.3173828125,-0.01220703125,-0.37841796875,0.0244140625,0,-0.0732421875,-0.0732421875,0.09765625,-1.0986328125,-0.06103515625,0.8056640625,0.0732421875,-0.68359375,-0.4638671875,0.244140625,-0.18310546875,0.634765625,0,1.23291015625,-0.4150390625,-0.3662109375,-0.3173828125,-0.13427734375,0,-0.78125,-0.03662109375,0.93994140625,0.29296875,0.1953125,-0.341796875,-0.30517578125,-0.244140625,-0.86669921875,-0.10986328125,-0.48828125,0.28076171875,-0.72021484375,-0.28076171875,-0.1708984375,-0.1708984375,-0.67138671875,-0.23193359375,-0.390625,0.2685546875,0.6591796875,0.13427734375,1.13525390625,0.03662109375,0.50048828125,0.18310546875,-0.13427734375,-0.2197265625,0.76904296875,-0.20751953125,0.64697265625,0.1220703125,0.47607421875,0,0.74462890625,-0.0244140625,0.1220703125,-0.146484375,0.29296875,-0.341796875,1.0498046875,-0.08544921875,0.25634765625,-0.18310546875,0.2197265625,0.1708984375,0.29296875,-0.0244140625,0.8056640625,0.08544921875,0.048828125,-0.23193359375,1.35498046875,0.0244140625,-0.927734375,-0.10986328125,-0.3173828125,0.0244140625,-0.9521484375,-0.03662109375,-0.7080078125,0.1220703125,-1.52587890625,-0.29296875,-0.2197265625,-0.048828125,-0.30517578125,-0.08544921875,-1.13525390625,0.0244140625,3.2470703125,-0.08544921875,3.23486328125,-0.23193359375,5.33447265625,-0.1708984375,3.77197265625,-0.03662109375,-0.74462890625,0.28076171875,-1.46484375,-0.28076171875,-1.03759765625,0.01220703125,0.4150390625,-0.10986328125,0.08544921875,-0.0244140625,-0.3173828125,-0.0732421875,-0.2685546875,0.03662109375,-0.2197265625,-0.13427734375,0.01220703125,-0.0244140625,0.91552734375,0.01220703125,-0.439453125,0.06103515625,-0.47607421875
0,-0.2197265625,-0.25634765625,0.09765625,-0.3173828125,-0.01220703125,-0.390625,0,0,-0.06103515625,-0.10986328125,0.06103515625,-1.08642578125,-0.0732421875,0.8056640625,0.09765625,-0.68359375,-0.42724609375,0.1953125,-0.20751953125,0.57373046875,-0.146484375,1.220703125,-0.42724609375,-0.42724609375,-0.2685546875,-0.1708984375,0.048828125,-0.76904296875,0.09765625,0.91552734375,0.244140625,0.20751953125,-0.35400390625,-0.30517578125,-0.244140625,-0.8544921875,-0.2197265625,-0.48828125,0.29296875,-0.7080078125,-0.37841796875,-0.13427734375,-0.23193359375,-0.6591796875,-0.30517578125,-0.390625,0.28076171875,0.67138671875,0.1708984375,1.123046875,0.01220703125,0.50048828125,0.25634765625,-0.13427734375,-0.20751953125,0.78125,-0.28076171875,0.64697265625,0.08544921875,0.4638671875,0.244140625,0.8056640625,0.06103515625,0.10986328125,-0.23193359375,0.2685546875,-0.30517578125,1.0498046875,-0.10986328125,0.244140625,-0.1953125,0.2197265625,0,0.29296875,0.0244140625,0.830078125,0.06103515625,0.048828125,-0.25634765625,1.35498046875,-0.0244140625,-0.927734375,-0.03662109375,-0.341796875,0,-0.96435546875,0.09765625,-0.732421875,0.06103515625,-1.5380859375,-0.29296875,-0.20751953125,0,-0.29296875,-0.10986328125,-1.1474609375,-0.0244140625,3.02734375,-0.10986328125,3.03955078125,-0.2685546875,4.98046875,-0.15869140625,3.61328125,0.09765625,-0.732421875,0.2685546875,-1.45263671875,-0.32958984375,-1.025390625,0.01220703125,0.42724609375,-0.10986328125,0.06103515625,-0.048828125,-0.32958984375,-0.0732421875,-0.25634765625,0.0244140625,-0.2197265625,-0.10986328125,0.0244140625,-0.0244140625,0.927734375,0,-0.47607421875,0.09765625,-0.4638671875
0,-0.2197265625,-0.244140625,0.10986328125,-0.3173828125,0,-0.40283203125,0.01220703125,0,-0.048828125,-0.146484375,0.048828125,-1.08642578125,-0.06103515625,0.8056640625,0.1220703125,-0.6591796875,-0.45166015625,0.10986328125,-0.2197265625,0.50048828125,-0.25634765625,1.171875,-0.35400390625,-0.5126953125,-0.2197265625,-0.1953125,0.08544921875,-0.76904296875,0.1708984375,0.9033203125,0.1708984375,0.23193359375,-0.28076171875,-0.30517578125,-0.23193359375,-0.86669921875,-0.29296875,-0.439453125,0.30517578125,-0.69580078125,-0.439453125,-0.10986328125,-0.23193359375,-0.64697265625,-0.4150390625,-0.390625,0.28076171875,0.68359375,0.20751953125,1.11083984375,-0.01220703125,0.4638671875,0.29296875,-0.10986328125,-0.18310546875,0.76904296875,-0.2685546875,0.634765625,0.03662109375,0.47607421875,0.390625,0.84228515625,0.08544921875,0.0732421875,-0.25634765625,0.25634765625,-0.29296875,1.03759765625,-0.146484375,0.23193359375,-0.15869140625,0.23193359375,-0.18310546875,0.28076171875,0.08544921875,0.8056640625,0.048828125,0.0244140625,-0.18310546875,1.35498046875,-0.10986328125,-0.93994140625,0.0244140625,-0.341796875,-0.0244140625,-0.96435546875,0.20751953125,-0.74462890625,0.0244140625,-1.55029296875,-0.3173828125,-0.2197265625,0.10986328125,-0.28076171875,-0.146484375,-1.13525390625,-0.10986328125,2.81982421875,-0.13427734375,2.8564453125,-0.2685546875,4.60205078125,-0.1708984375,3.4423828125,0.2197265625,-0.732421875,0.20751953125,-1.45263671875,-0.37841796875,-1.03759765625,0,0.4150390625,-0.1220703125,0.0732421875,-0.048828125,-0.3173828125,-0.0732421875,-0.28076171875,-0.0244140625,-0.244140625,-0.10986328125,0.03662109375,-0.0244140625,0.86669921875,0.01220703125,-0.47607421875,0.10986328125,-0.47607421875
0,-0.20751953125,-0.23193359375,0.13427734375,-0.30517578125,0.048828125,-0.37841796875,0.01220703125,0,0,-0.1953125,0.03662109375,-1.07421875,-0.0244140625,0.8056640625,0.15869140625,-0.6591796875,-0.5126953125,0.048828125,-0.32958984375,0.4150390625,-0.4638671875,1.13525390625,-0.439453125,-0.54931640625,-0.13427734375,-0.1953125,0.15869140625,-0.76904296875,0.2685546875,0.89111328125,0.09765625,0.244140625,-0.13427734375,-0.30517578125,-0.23193359375,-0.8544921875,-0.30517578125,-0.4150390625,0.29296875,-0.69580078125,-0.50048828125,-0.09765625,-0.18310546875,-0.64697265625,-0.47607421875,-0.4150390625,0.20751953125,0.69580078125,0.146484375,1.0986328125,-0.03662109375,0.45166015625,0.28076171875,-0.1220703125,-0.13427734375,0.7568359375,-0.2197265625,0.62255859375,-0.0244140625,0.4638671875,0.54931640625,0.84228515625,0.06103515625,0.08544921875,-0.2685546875,0.25634765625,-0.29296875,1.0498046875,-0.146484375,0.23193359375,-0.15869140625,0.244140625,-0.40283203125,0.29296875,0.13427734375,0.78125,0.03662109375,0.01220703125,-0.1220703125,1.3427734375,-0.146484375,-0.93994140625,0.10986328125,-0.341796875,-0.06103515625,-0.93994140625,0.30517578125,-0.74462890625,-0.0244140625,-1.55029296875,-0.341796875,-0.20751953125,0.1953125,-0.2685546875,-0.1220703125,-1.15966796875,-0.15869140625,2.6123046875,-0.18310546875,2.6611328125,-0.20751953125,4.2236328125,-0.146484375,3.23486328125,0.3662109375,-0.72021484375,0.1708984375,-1.42822265625,-0.35400390625,-1.0009765625,-0.0244140625,0.40283203125,-0.146484375,0.06103515625,-0.03662109375,-0.30517578125,-0.06103515625,-0.29296875,-0.0244140625,-0.23193359375,-0.13427734375,0.048828125,-0.03662109375,0.86669921875,0.03662109375,-0.4638671875,0.13427734375,-0.50048828125
0,-0.2197265625,-0.23193359375,0.13427734375,-0.30517578125,0.08544921875,-0.37841796875,0,0.0244140625,0,-0.23193359375,0.03662109375,-1.08642578125,0,0.79345703125,0.18310546875,-0.64697265625,-0.439453125,-0.03662109375,-0.3173828125,0.3173828125,-0.57373046875,1.08642578125,-0.40283203125,-0.59814453125,-0.08544921875,-0.1953125,0.1953125,-0.7568359375,0.28076171875,0.91552734375,0.0244140625,0.25634765625,-0.03662109375,-0.30517578125,-0.2685546875,-0.8544921875,-0.32958984375,-0.40283203125,0.25634765625,-0.69580078125,-0.48828125,-0.09765625,-0.15869140625,-0.634765625,-0.5126953125,-0.439453125,0.15869140625,0.69580078125,0.18310546875,1.123046875,-0.10986328125,0.439453125,0.29296875,-0.1220703125,-0.1220703125,0.72021484375,-0.09765625,0.6103515625,-0.0244140625,0.439453125,0.634765625,0.87890625,0,0.0732421875,-0.25634765625,0.2197265625,-0.2197265625,1.03759765625,-0.13427734375,0.25634765625,-0.1220703125,0.23193359375,-0.5615234375,0.28076171875,0.146484375,0.81787109375,0.0244140625,0.01220703125,-0.048828125,1.3671875,-0.13427734375,-0.9521484375,0.18310546875,-0.35400390625,-0.08544921875,-0.9521484375,0.341796875,-0.76904296875,-0.01220703125,-1.5380859375,-0.35400390625,-0.2197265625,0.29296875,-0.25634765625,-0.08544921875,-1.171875,-0.18310546875,2.392578125,-0.2197265625,2.4658203125,-0.15869140625,3.82080078125,-0.08544921875,3.03955078125,0.40283203125,-0.7080078125,0.13427734375,-1.4404296875,-0.29296875,-1.01318359375,0.01220703125,0.390625,-0.1220703125,0.06103515625,-0.048828125,-0.30517578125,-0.06103515625,-0.28076171875,-0.03662109375,-0.23193359375,-0.13427734375,0.01220703125,-0.03662109375,0.81787109375,0.03662109375,-0.48828125,0.13427734375,-0.5126953125
0,-0.2197265625,-0.20751953125,0.15869140625,-0.29296875,0.10986328125,-0.37841796875,0,0.01220703125,0.0244140625,-0.2685546875,0.0244140625,-1.07421875,0.01220703125,0.78125,0.2197265625,-0.6591796875,-0.45166015625,-0.10986328125,-0.341796875,0.1953125,-0.62255859375,1.03759765625,-0.42724609375,-0.62255859375,-0.03662109375,-0.1953125,0.2197265625,-0.76904296875,0.2685546875,0.9033203125,-0.01220703125,0.2685546875,0.09765625,-0.35400390625,-0.20751953125,-0.8544921875,-0.3173828125,-0.37841796875,0.1708984375,-0.68359375,-0.42724609375,-0.13427734375,-0.09765625,-0.62255859375,-0.54931640625,-0.439453125,0.10986328125,0.69580078125,0.15869140625,1.1474609375,-0.1220703125,0.439453125,0.29296875,-0.146484375,-0.1220703125,0.74462890625,-0.0244140625,0.6103515625,-0.09765625,0.42724609375,0.67138671875,0.87890625,-0.048828125,0.0732421875,-0.2685546875,0.20751953125,-0.1953125,1.0498046875,-0.13427734375,0.2685546875,-0.09765625,0.2685546875,-0.67138671875,0.28076171875,0.13427734375,0.81787109375,-0.01220703125,0.01220703125,0.01220703125,1.33056640625,-0.09765625,-0.93994140625,0.23193359375,-0.341796875,-0.048828125,-0.96435546875,0.30517578125,-0.76904296875,0.01220703125,-1.513671875,-0.341796875,-0.2197265625,0.341796875,-0.2685546875,-0.03662109375,-1.18408203125,-0.2197265625,2.18505859375,-0.2685546875,2.25830078125,-0.06103515625,3.4423828125,-0.0732421875,2.81982421875,0.35400390625,-0.7080078125,0.08544921875,-1.42822265625,-0.1953125,-1.01318359375,0.0244140625,0.390625,-0.146484375,0.06103515625,-0.03662109375,-0.30517578125,-0.0732421875,-0.25634765625,-0.0244140625,-0.244140625,-0.10986328125,0,-0.01220703125,0.81787109375,0.048828125,-0.47607421875,0.13427734375,-0.54931640625
0,-0.23193359375,-0.23193359375,0.146484375,-0.29296875,0.10986328125,-0.3662109375,0,0.048828125,0.048828125,-0.29296875,0.0244140625,-1.0498046875,0.01220703125,0.81787109375,0.1953125,-0.634765625,-0.390625,-0.18310546875,-0.35400390625,0.13427734375,-0.5859375,0.98876953125,-0.45166015625,-0.59814453125,-0.048828125,-0.1953125,0.244140625,-0.76904296875,0.1953125,0.91552734375,0,0.25634765625,0.10986328125,-0.35400390625,-0.1708984375,-0.84228515625,-0.244140625,-0.390625,0.10986328125,-0.68359375,-0.341796875,-0.146484375,-0.03662109375,-0.6103515625,-0.54931640625,-0.42724609375,0.0244140625,0.68359375,0.13427734375,1.15966796875,-0.1220703125,0.42724609375,0.28076171875,-0.146484375,-0.1220703125,0.732421875,-0.01220703125,0.62255859375,-0.08544921875,0.45166015625,0.57373046875,0.91552734375,-0.08544921875,0.0732421875,-0.341796875,0.20751953125,-0.10986328125,1.025390625,-0.1220703125,0.28076171875,-0.08544921875,0.25634765625,-0.76904296875,0.28076171875,0.13427734375,0.830078125,-0.01220703125,0.0244140625,0.06103515625,1.35498046875,-0.01220703125,-0.927734375,0.244140625,-0.3173828125,-0.03662109375,-0.96435546875,0.2197265625,-0.76904296875,0.048828125,-1.50146484375,-0.30517578125,-0.23193359375,0.35400390625,-0.25634765625,0.03662109375,-1.20849609375,-0.18310546875,1.9287109375,-0.1708984375,2.01416015625,0.1708984375,3.03955078125,-0.03662109375,2.57568359375,0.1953125,-0.7080078125,0.06103515625,-1.45263671875,-0.146484375,-1.01318359375,0.03662109375,0.37841796875,-0.13427734375,0.0732421875,-0.06103515625,-0.29296875,-0.048828125,-0.25634765625,0,-0.244140625,-0.09765625,-0.03662109375,-0.01220703125,0.79345703125,0.048828125,-0.47607421875,0.13427734375,-0.5615234375
0,-0.244140625,-0.2685546875,0.13427734375,-0.28076171875,0.1220703125,-0.3662109375,0.01220703125,0.03662109375,0.0732421875,-0.32958984375,0.03662109375,-1.07421875,0.0244140625,0.830078125,0.2197265625,-0.64697265625,-0.30517578125,-0.23193359375,-0.29296875,0.10986328125,-0.47607421875,0.96435546875,-0.45166015625,-0.54931640625,-0.0732421875,-0.1708984375,0.2685546875,-0.7568359375,0.08544921875,0.927734375,0,0.244140625,0.13427734375,-0.3662109375,-0.1220703125,-0.830078125,-0.20751953125,-0.40283203125,0.10986328125,-0.69580078125,-0.2197265625,-0.1708984375,0,-0.62255859375,-0.537109375,-0.4150390625,0.01220703125,0.6591796875,0.09765625,1.18408203125,-0.06103515625,0.45166015625,0.28076171875,-0.15869140625,-0.048828125,0.732421875,0.01220703125,0.6103515625,-0.0732421875,0.439453125,0.6103515625,0.98876953125,-0.06103515625,0.10986328125,-0.390625,0.2197265625,-0.0244140625,1.03759765625,-0.08544921875,0.2685546875,-0.08544921875,0.23193359375,-0.79345703125,0.28076171875,0.15869140625,0.8544921875,-0.01220703125,0.048828125,0.10986328125,1.3427734375,0.048828125,-0.927734375,0.23193359375,-0.30517578125,-0.03662109375,-0.9765625,0.08544921875,-0.76904296875,0.09765625,-1.47705078125,-0.28076171875,-0.244140625,0.3173828125,-0.2685546875,0.1220703125,-1.220703125,-0.2197265625,1.69677734375,-0.10986328125,1.72119140625,0.15869140625,2.67333984375,-0.09765625,2.294921875,0,-0.69580078125,0.0244140625,-1.4404296875,-0.08544921875,-1.025390625,0.0244140625,0.3662109375,-0.13427734375,0.0732421875,-0.0732421875,-0.29296875,-0.0732421875,-0.23193359375,0.01220703125,-0.23193359375,-0.09765625,-0.048828125,-0.01220703125,0.81787109375,0.0732421875,-0.4638671875,0.146484375,-0.5615234375
0,-0.23193359375,-0.29296875,0.13427734375,-0.3173828125,0.09765625,-0.35400390625,0,0.0244140625,0.08544921875,-0.32958984375,0.048828125,-1.08642578125,0.048828125,0.84228515625,0.1953125,-0.67138671875,-0.2685546875,-0.1953125,-0.25634765625,0.146484375,-0.341796875,0.98876953125,-0.50048828125,-0.47607421875,-0.0732421875,-0.15869140625,0.25634765625,-0.76904296875,-0.048828125,0.927734375,0,0.244140625,0.13427734375,-0.341796875,-0.048828125,-0.8056640625,-0.15869140625,-0.4150390625,0.10986328125,-0.69580078125,-0.15869140625,-0.15869140625,0.06103515625,-0.62255859375,-0.5615234375,-0.40283203125,0,0.6591796875,-0.01220703125,1.18408203125,-0.0244140625,0.4638671875,0.29296875,-0.15869140625,0.01220703125,0.7568359375,-0.06103515625,0.6103515625,-0.06103515625,0.45166015625,0.6591796875,1.03759765625,-0.08544921875,0.1220703125,-0.37841796875,0.2197265625,0.0244140625,1.03759765625,-0.048828125,0.2685546875,-0.10986328125,0.2197265625,-0.7568359375,0.29296875,0.1953125,0.84228515625,-0.03662109375,0.048828125,0.18310546875,1.35498046875,0.08544921875,-0.93994140625,0.18310546875,-0.29296875,-0.08544921875,-1.01318359375,-0.0732421875,-0.78125,0.15869140625,-1.47705078125,-0.2197265625,-0.25634765625,0.23193359375,-0.30517578125,0.23193359375,-1.23291015625,-0.18310546875,1.45263671875,0.0244140625,1.42822265625,0.28076171875,2.24609375,-0.15869140625,2.0263671875,-0.1708984375,-0.7080078125,-0.01220703125,-1.42822265625,-0.06103515625,-1.025390625,0,0.390625,-0.10986328125,0.06103515625,-0.08544921875,-0.29296875,-0.0732421875,-0.2197265625,0,-0.244140625,-0.10986328125,-0.06103515625,-0.01220703125,0.8544921875,0.048828125,-0.4638671875,0.15869140625,-0.537109375
0,-0.23193359375,-0.30517578125,0.1220703125,-0.3173828125,0.10986328125,-0.37841796875,-0.03662109375,0.01220703125,0.09765625,-0.3173828125,0.06103515625,-1.0986328125,0.048828125,0.84228515625,0.15869140625,-0.68359375,-0.1953125,-0.13427734375,-0.0732421875,0.244140625,-0.13427734375,1.06201171875,-0.390625,-0.3662109375,-0.13427734375,-0.146484375,0.244140625,-0.76904296875,-0.146484375,0.93994140625,-0.03662109375,0.23193359375,0.09765625,-0.32958984375,-0.048828125,-0.8056640625,-0.0732421875,-0.42724609375,0.1220703125,-0.68359375,-0.09765625,-0.15869140625,0.1220703125,-0.634765625,-0.5126953125,-0.40283203125,0.0732421875,0.6591796875,-0.03662109375,1.1962890625,0.0244140625,0.50048828125,0.25634765625,-0.146484375,0.13427734375,0.76904296875,-0.0732421875,0.62255859375,0,0.45166015625,0.634765625,1.1962890625,-0.09765625,0.1220703125,-0.40283203125,0.2197265625,0.0732421875,1.0498046875,0,0.28076171875,-0.146484375,0.1953125,-0.72021484375,0.28076171875,0.2197265625,0.8544921875,-0.06103515625,0.048828125,0.18310546875,1.3671875,0.10986328125,-0.927734375,0.146484375,-0.2685546875,-0.13427734375,-1.025390625,-0.1708984375,-0.7568359375,0.20751953125,-1.45263671875,-0.09765625,-0.2685546875,0.146484375,-0.3173828125,0.32958984375,-1.2451171875,-0.146484375,1.15966796875,0.048828125,1.123046875,0.244140625,1.7822265625,-0.23193359375,1.72119140625,-0.29296875,-0.7080078125,-0.03662109375,-1.45263671875,-0.06103515625,-1.01318359375,-0.048828125,0.40283203125,-0.0732421875,0.0732421875,-0.09765625,-0.29296875,-0.06103515625,-0.20751953125,-0.0244140625,-0.244140625,-0.09765625,-0.06103515625,0,0.89111328125,0.048828125,-0.45166015625,0.13427734375,-0.52490234375
0,-0.2197265625,-0.341796875,0.10986328125,-0.3173828125,0.09765625,-0.390625,-0.0244140625,0.01220703125,0.1220703125,-0.28076171875,0.06103515625,-1.0986328125,0.0244140625,0.8544921875,0.15869140625,-0.68359375,-0.244140625,0.0244140625,0.01220703125,0.40283203125,-0.01220703125,1.15966796875,-0.29296875,-0.2685546875,-0.146484375,-0.146484375,0.2197265625,-0.8056640625,-0.20751953125,0.93994140625,-0.0244140625,0.23193359375,0.0244140625,-0.29296875,-0.0244140625,-0.8056640625,-0.048828125,-0.439453125,0.15869140625,-0.68359375,-0.06103515625,-0.146484375,0.10986328125,-0.634765625,-0.47607421875,-0.390625,0.13427734375,0.64697265625,-0.10986328125,1.15966796875,0.1220703125,0.5126953125,0.23193359375,-0.1708984375,0.20751953125,0.7568359375,-0.10986328125,0.62255859375,0.03662109375,0.45166015625,0.52490234375,1.33056640625,-0.13427734375,0.1220703125,-0.35400390625,0.244140625,0.146484375,1.06201171875,0.048828125,0.29296875,-0.1953125,0.1708984375,-0.6591796875,0.28076171875,0.2685546875,0.8544921875,-0.10986328125,0.06103515625,0.2197265625,1.35498046875,0.08544921875,-0.9521484375,0.08544921875,-0.2685546875,-0.20751953125,-1.025390625,-0.244140625,-0.74462890625,0.244140625,-1.46484375,-0.0244140625,-0.2685546875,0.1220703125,-0.32958984375,0.341796875,-1.23291015625,-0.048828125,0.8544921875,0.0732421875,0.8056640625,0.18310546875,1.318359375,-0.2685546875,1.42822265625,-0.37841796875,-0.72021484375,-0.08544921875,-1.45263671875,-0.08544921875,-1.03759765625,-0.1220703125,0.40283203125,-0.08544921875,0.06103515625,-0.08544921875,-0.29296875,-0.06103515625,-0.1953125,-0.048828125,-0.25634765625,-0.09765625,-0.03662109375,-0.01220703125,0.87890625,0,-0.439453125,0.146484375,-0.48828125
0,-0.2197265625,-0.390625,0.10986328125,-0.3173828125,0.09765625,-0.390625,-0.0244140625,0,0.1220703125,-0.244140625,0.06103515625,-1.11083984375,0.0244140625,0.86669921875,0.13427734375,-0.68359375,-0.20751953125,0.1953125,0.1708984375,0.6103515625,0.08544921875,1.26953125,-0.23193359375,-0.1708984375,-0.1708984375,-0.13427734375,0.18310546875,-0.79345703125,-0.20751953125,0.927734375,-0.03662109375,0.2197265625,0.01220703125,-0.29296875,-0.06103515625,-0.8056640625,-0.03662109375,-0.439453125,0.244140625,-0.69580078125,-0.0244140625,-0.146484375,0.08544921875,-0.64697265625,-0.439453125,-0.390625,0.146484375,0.634765625,-0.1708984375,1.1474609375,0.1708984375,0.48828125,0.23193359375,-0.13427734375,0.20751953125,0.7568359375,-0.10986328125,0.6103515625,0.01220703125,0.4638671875,0.40283203125,1.45263671875,-0.15869140625,0.1220703125,-0.30517578125,0.28076171875,0.2197265625,1.0498046875,0.06103515625,0.29296875,-0.23193359375,0.18310546875,-0.59814453125,0.29296875,0.2685546875,0.830078125,-0.15869140625,0.048828125,0.1953125,1.3427734375,0.048828125,-0.93994140625,0.0244140625,-0.2685546875,-0.29296875,-1.0009765625,-0.2685546875,-0.74462890625,0.23193359375,-1.45263671875,0.09765625,-0.2685546875,0.06103515625,-0.35400390625,0.37841796875,-1.23291015625,0.06103515625,0.5615234375,0.0732421875,0.48828125,0.0732421875,0.89111328125,-0.23193359375,1.171875,-0.341796875,-0.74462890625,-0.146484375,-1.46484375,-0.13427734375,-1.03759765625,-0.10986328125,0.42724609375,-0.06103515625,0.0732421875,-0.1220703125,-0.29296875,-0.06103515625,-0.20751953125,-0.0732421875,-0.23193359375,-0.10986328125,-0.0244140625,-0.0244140625,0.89111328125,-0.0244140625,-0.439453125,0.15869140625,-0.4638671875
0,-0.20751953125,-0.40283203125,0.1220703125,-0.32958984375,0.13427734375,-0.40283203125,-0.0244140625,0,0.146484375,-0.2197265625,0.048828125,-1.11083984375,0.01220703125,0.86669921875,0.13427734375,-0.68359375,-0.15869140625,0.37841796875,0.244140625,0.79345703125,0.09765625,1.3671875,-0.048828125,-0.09765625,-0.1953125,-0.15869140625,0.09765625,-0.78125,-0.146484375,0.91552734375,-0.03662109375,0.2197265625,-0.03662109375,-0.2685546875,-0.13427734375,-0.81787109375,-0.0244140625,-0.4638671875,0.23193359375,-0.7080078125,0.01220703125,-0.13427734375,0.03662109375,-0.634765625,-0.341796875,-0.3662109375,0.18310546875,0.64697265625,-0.15869140625,1.123046875,0.244140625,0.48828125,0.20751953125,-0.146484375,0.20751953125,0.76904296875,-0.09765625,0.59814453125,-0.048828125,0.47607421875,0.35400390625,1.5869140625,-0.146484375,0.10986328125,-0.1953125,0.3173828125,0.2685546875,1.06201171875,0.08544921875,0.28076171875,-0.2197265625,0.20751953125,-0.5615234375,0.3173828125,0.2685546875,0.8056640625,-0.1708984375,0.03662109375,0.1708984375,1.3671875,-0.0244140625,-0.9521484375,-0.01220703125,-0.29296875,-0.37841796875,-1.0009765625,-0.18310546875,-0.7568359375,0.1953125,-1.46484375,0.15869140625,-0.2685546875,0.09765625,-0.35400390625,0.32958984375,-1.220703125,0.10986328125,0.32958984375,0.048828125,0.2685546875,0.048828125,0.52490234375,-0.25634765625,0.96435546875,-0.244140625,-0.732421875,-0.15869140625,-1.46484375,-0.20751953125,-1.025390625,-0.09765625,0.42724609375,-0.0244140625,0.0732421875,-0.10986328125,-0.28076171875,-0.06103515625,-0.20751953125,-0.06103515625,-0.23193359375,-0.10986328125,0,-0.0244140625,0.9033203125,-0.06103515625,-0.439453125,0.1953125,-0.439453125
0,-0.2197265625,-0.439453125,0.1220703125,-0.32958984375,0.15869140625,-0.4150390625,-0.03662109375,0,0.15869140625,-0.20751953125,0.0732421875,-1.11083984375,0.01220703125,0.86669921875,0.13427734375,-0.67138671875,-0.13427734375,0.52490234375,0.2685546875,0.927734375,0.03662109375,1.46484375,0.0732421875,-0.08544921875,-0.1953125,-0.15869140625,0.0244140625,-0.78125,-0.06103515625,0.9033203125,-0.03662109375,0.2197265625,-0.048828125,-0.28076171875,-0.20751953125,-0.81787109375,-0.01220703125,-0.439453125,0.23193359375,-0.69580078125,0.048828125,-0.13427734375,0.01220703125,-0.62255859375,-0.25634765625,-0.3662109375,0.244140625,0.6591796875,-0.15869140625,1.11083984375,0.25634765625,0.47607421875,0.1953125,-0.1220703125,0.1220703125,0.7568359375,-0.08544921875,0.62255859375,-0.09765625,0.50048828125,0.29296875,1.62353515625,-0.18310546875,0.09765625,-0.0732421875,0.32958984375,0.30517578125,1.06201171875,0.048828125,0.25634765625,-0.20751953125,0.20751953125,-0.4638671875,0.30517578125,0.25634765625,0.8056640625,-0.18310546875,0.03662109375,0.1220703125,1.35498046875,-0.08544921875,-0.96435546875,-0.03662109375,-0.28076171875,-0.45166015625,-1.01318359375,-0.09765625,-0.7568359375,0.18310546875,-1.47705078125,0.1220703125,-0.28076171875,0.15869140625,-0.341796875,0.1708984375,-1.20849609375,0.18310546875,0.15869140625,0.0732421875,0.13427734375,0.048828125,0.244140625,-0.28076171875,0.84228515625,-0.1220703125,-0.732421875,-0.146484375,-1.45263671875,-0.25634765625,-1.01318359375,-0.08544921875,0.439453125,-0.03662109375,0.08544921875,-0.09765625,-0.28076171875,-0.048828125,-0.2197265625,-0.09765625,-0.244140625,-0.1220703125,0.0244140625,-0.01220703125,0.87890625,-0.0732421875,-0.47607421875,0.18310546875,-0.439453125
0,-0.2197265625,-0.439453125,0.146484375,-0.30517578125,0.1708984375,-0.4150390625,-0.048828125,0.0244140625,0.146484375,-0.1953125,0.09765625,-1.08642578125,-0.03662109375,0.830078125,0.08544921875,-0.64697265625,-0.09765625,0.6103515625,0.2685546875,0.96435546875,-0.0244140625,1.47705078125,0.18310546875,-0.10986328125,-0.20751953125,-0.1953125,-0.01220703125,-0.79345703125,0.08544921875,0.91552734375,-0.01220703125,0.23193359375,0.01220703125,-0.2685546875,-0.32958984375,-0.830078125,-0.03662109375,-0.439453125,0.28076171875,-0.72021484375,0.0732421875,-0.146484375,0.0244140625,-0.634765625,-0.18310546875,-0.341796875,0.25634765625,0.6591796875,-0.13427734375,1.0986328125,0.30517578125,0.439453125,0.1953125,-0.09765625,0.08544921875,0.74462890625,-0.06103515625,0.6103515625,-0.146484375,0.5126953125,0.3173828125,1.62353515625,-0.244140625,0.0732421875,-0.01220703125,0.32958984375,0.32958984375,1.0498046875,0.03662109375,0.25634765625,-0.1708984375,0.2197265625,-0.390625,0.3173828125,0.23193359375,0.78125,-0.18310546875,0.01220703125,0.09765625,1.35498046875,-0.1708984375,-0.96435546875,-0.03662109375,-0.30517578125,-0.439453125,-1.0009765625,0.0244140625,-0.76904296875,0.15869140625,-1.47705078125,0.048828125,-0.29296875,0.1708984375,-0.341796875,0.01220703125,-1.1962890625,0.146484375,0.10986328125,0.0244140625,0.13427734375,-0.048828125,0.146484375,-0.35400390625,0.8544921875,-0.01220703125,-0.732421875,-0.09765625,-1.46484375,-0.29296875,-1.01318359375,-0.09765625,0.439453125,-0.0244140625,0.0732421875,-0.09765625,-0.2685546875,-0.06103515625,-0.244140625,-0.09765625,-0.2685546875,-0.09765625,0.03662109375,0,0.830078125,-0.06103515625,-0.4638671875,0.18310546875,-0.45166015625
1,-0.23193359375,-0.42724609375,0.15869140625,-0.29296875,0.15869140625,-0.40283203125,-0.09765625,0.01220703125,0.15869140625,-0.2197265625,0.10986328125,-1.08642578125,-0.048828125,0.8544921875,0.048828125,-0.64697265625,-0.01220703125,0.5615234375,0.2197265625,0.91552734375,-0.1220703125,1.416015625,0.32958984375,-0.1953125,-0.18310546875,-0.20751953125,-0.01220703125,-0.79345703125,0.1953125,0.9033203125,-0.01220703125,0.2197265625,0.06103515625,-0.28076171875,-0.390625,-0.84228515625,-0.06103515625,-0.40283203125,0.3662109375,-0.7080078125,0.01220703125,-0.146484375,0.0244140625,-0.6103515625,-0.13427734375,-0.37841796875,0.28076171875,0.6591796875,-0.09765625,1.123046875,0.32958984375,0.439453125,0.1953125,-0.10986328125,0.1220703125,0.74462890625,-0.01220703125,0.59814453125,-0.1220703125,0.52490234375,0.20751953125,1.513671875,-0.341796875,0.06103515625,0.0244140625,0.3173828125,0.341796875,1.03759765625,0.01220703125,0.25634765625,-0.13427734375,0.244140625,-0.30517578125,0.30517578125,0.2197265625,0.8056640625,-0.18310546875,0,0.03662109375,1.3427734375,-0.1953125,-0.96435546875,-0.03662109375,-0.3173828125,-0.40283203125,-1.0009765625,0.1220703125,-0.7568359375,0.20751953125,-1.50146484375,-0.08544921875,-0.244140625,0.15869140625,-0.3173828125,-0.10986328125,-1.1962890625,0.1708984375,0.244140625,0,0.32958984375,0.06103515625,0.29296875,-0.4150390625,1.025390625,0.0732421875,-0.72021484375,-0.0244140625,-1.45263671875,-0.28076171875,-1.01318359375,-0.13427734375,0.42724609375,-0.03662109375,0.06103515625,-0.0732421875,-0.29296875,-0.048828125,-0.25634765625,-0.13427734375,-0.2685546875,-0.1220703125,0.03662109375,0,0.8056640625,-0.048828125,-0.50048828125,0.1953125,-0.48828125
1,-0.23193359375,-0.37841796875,0.15869140625,-0.28076171875,0.1953125,-0.390625,-0.1220703125,0.03662109375,0.146484375,-0.23193359375,0.10986328125,-1.08642578125,-0.0732421875,0.81787109375,0.03662109375,-0.634765625,0.03662109375,0.45166015625,0.10986328125,0.74462890625,-0.1953125,1.28173828125,0.3662109375,-0.30517578125,-0.18310546875,-0.2197265625,-0.0244140625,-0.76904296875,0.30517578125,0.9033203125,0.01220703125,0.2197265625,0.13427734375,-0.28076171875,-0.45166015625,-0.84228515625,-0.09765625,-0.40283203125,0.29296875,-0.69580078125,-0.08544921875,-0.15869140625,0.03662109375,-0.6103515625,-0.09765625,-0.390625,0.20751953125,0.6591796875,-0.03662109375,1.13525390625,0.28076171875,0.4150390625,0.18310546875,-0.1220703125,0.10986328125,0.74462890625,0.01220703125,0.62255859375,-0.1220703125,0.54931640625,0.146484375,1.3671875,-0.30517578125,0.0732421875,0.09765625,0.30517578125,0.3662109375,1.025390625,-0.01220703125,0.244140625,-0.09765625,0.23193359375,-0.1953125,0.29296875,0.1708984375,0.79345703125,-0.1708984375,-0.01220703125,0,1.35498046875,-0.244140625,-0.9765625,-0.0244140625,-0.30517578125,-0.2685546875,-1.0009765625,0.18310546875,-0.7568359375,0.23193359375,-1.50146484375,-0.1953125,-0.244140625,0.09765625,-0.30517578125,-0.18310546875,-1.20849609375,0.0732421875,0.54931640625,-0.03662109375,0.67138671875,0.06103515625,0.72021484375,-0.47607421875,1.318359375,0.08544921875,-0.69580078125,0.048828125,-1.42822265625,-0.2685546875,-1.025390625,-0.1953125,0.4150390625,-0.01220703125,0.06103515625,-0.0732421875,-0.30517578125,-0.0732421875,-0.29296875,-0.15869140625,-0.2685546875,-0.13427734375,0.048828125,-0.01220703125,0.78125,-0.0244140625,-0.5126953125,0.1708984375,-0.5126953125
1,-0.20751953125,-0.35400390625,0.15869140625,-0.2685546875,0.20751953125,-0.35400390625,-0.13427734375,0.03662109375,0.146484375,-0.244140625,0.09765625,-1.07421875,-0.13427734375,0.81787109375,-0.01220703125,-0.6591796875,0.10986328125,0.25634765625,0.0244140625,0.52490234375,-0.20751953125,1.11083984375,0.3662109375,-0.40283203125,-0.20751953125,-0.23193359375,0,-0.76904296875,0.30517578125,0.927734375,0.06103515625,0.23193359375,0.146484375,-0.30517578125,-0.47607421875,-0.8544921875,-0.1708984375,-0.390625,0.28076171875,-0.72021484375,-0.1953125,-0.15869140625,0.03662109375,-0.6103515625,-0.13427734375,-0.390625,0.20751953125,0.6103515625,0.048828125,1.1474609375,0.244140625,0.4150390625,0.20751953125,-0.1220703125,0.13427734375,0.74462890625,0.06103515625,0.634765625,-0.0244140625,0.537109375,0.0732421875,1.171875,-0.2685546875,0.10986328125,0.13427734375,0.25634765625,0.341796875,1.03759765625,-0.0244140625,0.2685546875,-0.03662109375,0.244140625,-0.09765625,0.28076171875,0.13427734375,0.79345703125,-0.18310546875,-0.01220703125,0.01220703125,1.318359375,-0.244140625,-0.96435546875,0,-0.3173828125,-0.146484375,-1.01318359375,0.18310546875,-0.7568359375,0.2685546875,-1.513671875,-0.28076171875,-0.244140625,0.01220703125,-0.30517578125,-0.15869140625,-1.20849609375,-0.048828125,1.025390625,-0.03662109375,1.18408203125,0.1220703125,1.42822265625,-0.4638671875,1.79443359375,0.0732421875,-0.69580078125,0.146484375,-1.416015625,-0.2685546875,-1.0009765625,-0.1953125,0.40283203125,-0.01220703125,0.0732421875,-0.03662109375,-0.30517578125,-0.0732421875,-0.3173828125,-0.146484375,-0.25634765625,-0.146484375,0.03662109375,0.01220703125,0.76904296875,-0.03662109375,-0.52490234375,0.18310546875,-0.537109375
1,-0.1953125,-0.3173828125,0.146484375,-0.29296875,0.23193359375,-0.35400390625,-0.09765625,0.048828125,0.18310546875,-0.28076171875,0.09765625,-1.07421875,-0.1953125,0.830078125,0,-0.67138671875,0.0244140625,0.06103515625,-0.0732421875,0.30517578125,-0.2197265625,0.98876953125,0.23193359375,-0.42724609375,-0.18310546875,-0.20751953125,0.0244140625,-0.7568359375,0.2685546875,0.93994140625,0.09765625,0.23193359375,0.18310546875,-0.341796875,-0.45166015625,-0.84228515625,-0.2197265625,-0.37841796875,0.20751953125,-0.7080078125,-0.32958984375,-0.15869140625,0.01220703125,-0.6103515625,-0.1953125,-0.42724609375,0.13427734375,0.62255859375,0.0732421875,1.15966796875,0.2197265625,0.439453125,0.20751953125,-0.13427734375,0.18310546875,0.74462890625,0.09765625,0.6591796875,0.03662109375,0.52490234375,-0.06103515625,0.9521484375,-0.2197265625,0.13427734375,0.23193359375,0.2197265625,0.341796875,1.025390625,-0.06103515625,0.25634765625,-0.01220703125,0.2197265625,0.06103515625,0.29296875,0.06103515625,0.81787109375,-0.20751953125,0,0.0244140625,1.3427734375,-0.20751953125,-0.93994140625,0.048828125,-0.3173828125,-0.01220703125,-1.025390625,0.10986328125,-0.76904296875,0.25634765625,-1.513671875,-0.341796875,-0.23193359375,-0.0732421875,-0.28076171875,-0.10986328125,-1.20849609375,-0.146484375,1.64794921875,-0.0732421875,1.8310546875,0.1953125,2.4169921875,-0.439453125,2.38037109375,0.03662109375,-0.69580078125,0.1953125,-1.42822265625,-0.20751953125,-1.01318359375,-0.18310546875,0.37841796875,-0.0244140625,0.06103515625,-0.03662109375,-0.30517578125,-0.06103515625,-0.3173828125,-0.1220703125,-0.25634765625,-0.1708984375,0.01220703125,0,0.7568359375,-0.048828125,-0.52490234375,0.15869140625,-0.57373046875
1,-0.18310546875,-0.29296875,0.146484375,-0.28076171875,0.244140625,-0.3662109375,-0.10986328125,0.03662109375,0.1708984375,-0.28076171875,0.1220703125,-1.06201171875,-0.20751953125,0.81787109375,-0.01220703125,-0.68359375,-0.0244140625,-0.1220703125,-0.0732421875,0.146484375,-0.1708984375,0.86669921875,0.08544921875,-0.341796875,-0.1708984375,-0.1708984375,0.048828125,-0.7568359375,0.18310546875,0.91552734375,0.146484375,0.2197265625,0.1708984375,-0.32958984375,-0.390625,-0.84228515625,-0.2685546875,-0.3662109375,0.1708984375,-0.7080078125,-0.4150390625,-0.15869140625,-0.0244140625,-0.634765625,-0.30517578125,-0.42724609375,0.08544921875,0.6103515625,0.09765625,1.171875,0.18310546875,0.4638671875,0.18310546875,-0.13427734375,0.1708984375,0.76904296875,0.0732421875,0.69580078125,0.048828125,0.50048828125,-0.1220703125,0.7568359375,-0.2197265625,0.146484375,0.28076171875,0.1953125,0.30517578125,1.025390625,-0.048828125,0.244140625,-0.01220703125,0.20751953125,0.15869140625,0.25634765625,0,0.84228515625,-0.1953125,0.01220703125,0.01220703125,1.318359375,-0.15869140625,-0.9521484375,0.08544921875,-0.3173828125,0.08544921875,-1.025390625,0.03662109375,-0.7568359375,0.20751953125,-1.50146484375,-0.37841796875,-0.2197265625,-0.1708984375,-0.30517578125,0.0244140625,-1.20849609375,-0.25634765625,2.392578125,-0.09765625,2.52685546875,0.23193359375,3.60107421875,-0.4150390625,3.0517578125,0,-0.7080078125,0.23193359375,-1.4404296875,-0.1953125,-1.03759765625,-0.20751953125,0.3662109375,-0.03662109375,0.048828125,-0.0244140625,-0.29296875,-0.06103515625,-0.35400390625,-0.09765625,-0.23193359375,-0.18310546875,0.0244140625,0,0.7568359375,-0.048828125,-0.52490234375,0.15869140625,-0.5615234375
1,-0.1708984375,-0.25634765625,0.146484375,-0.25634765625,0.23193359375,-0.3662109375,-0.13427734375,0.0244140625,0.18310546875,-0.29296875,0.10986328125,-1.06201171875,-0.20751953125,0.830078125,-0.048828125,-0.68359375,-0.09765625,-0.20751953125,-0.06103515625,0.10986328125,-0.1708984375,0.8544921875,-0.18310546875,-0.10986328125,-0.15869140625,-0.1953125,0.09765625,-0.76904296875,0.09765625,0.93994140625,0.1953125,0.23193359375,0.23193359375,-0.35400390625,-0.28076171875,-0.84228515625,-0.341796875,-0.37841796875,0.1708984375,-0.7080078125,-0.439453125,-0.1708984375,-0.08544921875,-0.634765625,-0.390625,-0.4638671875,0.06103515625,0.5859375,0.08544921875,1.18408203125,0.1220703125,0.48828125,0.146484375,-0.146484375,0.1220703125,0.76904296875,0.06103515625,0.72021484375,0.08544921875,0.47607421875,-0.10986328125,0.6103515625,-0.244140625,0.15869140625,0.3173828125,0.1708984375,0.244140625,1.01318359375,-0.06103515625,0.25634765625,-0.01220703125,0.1953125,0.18310546875,0.25634765625,-0.01220703125,0.830078125,-0.2197265625,0.0244140625,0.01220703125,1.3427734375,-0.13427734375,-0.93994140625,0.13427734375,-0.28076171875,0.13427734375,-1.01318359375,0.01220703125,-0.74462890625,0.15869140625,-1.4892578125,-0.35400390625,-0.20751953125,-0.23193359375,-0.30517578125,0.1708984375,-1.18408203125,-0.28076171875,3.22265625,-0.1708984375,3.28369140625,0.1708984375,4.84619140625,-0.32958984375,3.77197265625,0.0244140625,-0.69580078125,0.1953125,-1.46484375,-0.18310546875,-1.0009765625,-0.23193359375,0.390625,0,0.06103515625,-0.03662109375,-0.30517578125,-0.06103515625,-0.3173828125,-0.10986328125,-0.20751953125,-0.18310546875,0.0244140625,-0.0244140625,0.76904296875,-0.03662109375,-0.52490234375,0.1708984375,-0.57373046875
1,-0.1708984375,-0.28076171875,0.146484375,-0.25634765625,0.2197265625,-0.390625,-0.1220703125,0.03662109375,0.1953125,-0.2685546875,0.08544921875,-1.06201171875,-0.1953125,0.84228515625,-0.08544921875,-0.6591796875,-0.1953125,-0.08544921875,-0.03662109375,0.2685546875,-0.2685546875,1.0009765625,-0.35400390625,0.341796875,-0.13427734375,-0.18310546875,0.0732421875,-0.76904296875,0.048828125,0.91552734375,0.20751953125,0.20751953125,0.2685546875,-0.32958984375,-0.18310546875,-0.830078125,-0.35400390625,-0.4150390625,0.08544921875,-0.7080078125,-0.37841796875,-0.15869140625,-0.09765625,-0.6591796875,-0.45166015625,-0.439453125,0.06103515625,0.6103515625,0.0244140625,1.171875,0.06103515625,0.537109375,0.10986328125,-0.146484375,0.0732421875,0.78125,0.048828125,0.72021484375,0.08544921875,0.45166015625,-0.09765625,0.50048828125,-0.28076171875,0.18310546875,0.390625,0.18310546875,0.10986328125,1.01318359375,-0.09765625,0.244140625,-0.048828125,0.1708984375,0.2685546875,0.28076171875,-0.01220703125,0.84228515625,-0.146484375,0.048828125,0.0244140625,1.3671875,-0.09765625,-0.93994140625,0.18310546875,-0.29296875,0.08544921875,-0.98876953125,0.01220703125,-0.7568359375,0.10986328125,-1.47705078125,-0.3173828125,-0.244140625,-0.25634765625,-0.3173828125,0.28076171875,-1.1962890625,-0.244140625,3.9794921875,-0.29296875,3.99169921875,0.03662109375,6.005859375,-0.341796875,4.43115234375,0.01220703125,-0.7080078125,0.1220703125,-1.45263671875,-0.146484375,-1.03759765625,-0.20751953125,0.390625,-0.01220703125,0.048828125,-0.03662109375,-0.28076171875,-0.06103515625,-0.32958984375,-0.09765625,-0.2197265625,-0.18310546875,0.0244140625,0,0.7568359375,-0.03662109375,-0.50048828125,0.18310546875,-0.57373046875
1,-0.15869140625,-0.30517578125,0.1708984375,-0.2685546875,0.20751953125,-0.40283203125,-0.10986328125,0.03662109375,0.1953125,-0.25634765625,0.048828125,-1.06201171875,-0.2197265625,0.84228515625,-0.1220703125,-0.64697265625,-0.1708984375,0.20751953125,0.06103515625,0.634765625,-0.341796875,1.28173828125,-0.35400390625,0.98876953125,-0.146484375,-0.146484375,0.10986328125,-0.76904296875,0.0244140625,0.927734375,0.1708984375,0.2197265625,0.32958984375,-0.32958984375,-0.1220703125,-0.830078125,-0.3662109375,-0.42724609375,0.10986328125,-0.7080078125,-0.2685546875,-0.13427734375,-0.146484375,-0.68359375,-0.52490234375,-0.45166015625,0.048828125,0.5859375,-0.03662109375,1.1474609375,0.0244140625,0.537109375,0.06103515625,-0.146484375,0,0.79345703125,0.03662109375,0.7568359375,0.10986328125,0.4150390625,-0.06103515625,0.4638671875,-0.25634765625,0.1708984375,0.390625,0.20751953125,-0.03662109375,1.01318359375,-0.10986328125,0.25634765625,-0.0732421875,0.15869140625,0.23193359375,0.2685546875,0.01220703125,0.830078125,-0.09765625,0.06103515625,0.01220703125,1.37939453125,-0.06103515625,-0.91552734375,0.20751953125,-0.29296875,-0.0244140625,-0.98876953125,0.03662109375,-0.74462890625,0.03662109375,-1.46484375,-0.2197265625,-0.23193359375,-0.1953125,-0.3173828125,0.341796875,-1.1962890625,-0.20751953125,4.62646484375,-0.4638671875,4.5654296875,-0.0732421875,7.0556640625,-0.29296875,4.9560546875,0.06103515625,-0.7080078125,-0.01220703125,-1.47705078125,-0.146484375,-1.03759765625,-0.1953125,0.40283203125,-0.01220703125,0.048828125,-0.01220703125,-0.29296875,-0.06103515625,-0.29296875,-0.10986328125,-0.20751953125,-0.18310546875,-0.01220703125,-0.01220703125,0.7568359375,-0.06103515625,-0.48828125,0.18310546875,-0.5615234375
1,-0.13427734375,-0.341796875,0.1708984375,-0.28076171875,0.20751953125,-0.4150390625,-0.06103515625,0.03662109375,0.244140625,-0.25634765625,0.03662109375,-1.06201171875,-0.244140625,0.84228515625,-0.1220703125,-0.64697265625,-0.23193359375,0.7080078125,0.146484375,1.18408203125,-0.4150390625,1.6845703125,-0.37841796875,1.8310546875,-0.13427734375,-0.15869140625,0.09765625,-0.78125,0.01220703125,0.927734375,0.0732421875,0.2197265625,0.37841796875,-0.29296875,-0.08544921875,-0.84228515625,-0.341796875,-0.439453125,0.09765625,-0.7080078125,-0.15869140625,-0.1220703125,-0.146484375,-0.67138671875,-0.537109375,-0.4150390625,0.08544921875,0.6103515625,-0.06103515625,1.13525390625,0.01220703125,0.537109375,0,-0.146484375,0,0.7568359375,0.03662109375,0.78125,0.08544921875,0.4150390625,-0.09765625,0.537109375,-0.25634765625,0.1708984375,0.32958984375,0.2197265625,-0.09765625,1.01318359375,-0.10986328125,0.244140625,-0.10986328125,0.1708984375,0.23193359375,0.28076171875,0.03662109375,0.8056640625,-0.0244140625,0.06103515625,0,1.37939453125,-0.0244140625,-0.927734375,0.25634765625,-0.28076171875,-0.146484375,-0.96435546875,0.0732421875,-0.74462890625,0.01220703125,-1.46484375,-0.1220703125,-0.2197265625,-0.08544921875,-0.32958984375,0.32958984375,-1.171875,-0.13427734375,5.11474609375,-0.5126953125,4.96826171875,-0.18310546875,7.87353515625,-0.244140625,5.38330078125,0.06103515625,-0.7568359375,-0.13427734375,-1.4892578125,-0.15869140625,-1.0498046875,-0.146484375,0.4150390625,-0.03662109375,0.0244140625,-0.0244140625,-0.30517578125,-0.048828125,-0.29296875,-0.09765625,-0.20751953125,-0.20751953125,0,-0.0244140625,0.78125,-0.048828125,-0.48828125,0.18310546875,-0.537109375
1,-0.15869140625,-0.37841796875,0.15869140625,-0.28076171875,0.23193359375,-0.4150390625,-0.0732421875,0.0244140625,0.244140625,-0.244140625,0.01220703125,-1.06201171875,-0.23193359375,0.8544921875,-0.1220703125,-0.62255859375,-0.23193359375,1.37939453125,0.2197265625,1.86767578125,-0.52490234375,2.197265625,-0.1708984375,2.8076171875,-0.1220703125,-0.15869140625,0.048828125,-0.76904296875,0.048828125,0.9033203125,-0.048828125,0.2197265625,0.4150390625,-0.29296875,-0.0732421875,-0.8544921875,-0.28076171875,-0.45166015625,0.10986328125,-0.69580078125,-0.08544921875,-0.13427734375,-0.13427734375,-0.67138671875,-0.5126953125,-0.42724609375,0.048828125,0.59814453125,-0.09765625,1.123046875,0.01220703125,0.52490234375,-0.1220703125,-0.15869140625,-0.01220703125,0.74462890625,0.06103515625,0.78125,0.0244140625,0.4150390625,-0.146484375,0.62255859375,-0.1708984375,0.13427734375,0.20751953125,0.244140625,-0.18310546875,1.03759765625,-0.1220703125,0.244140625,-0.15869140625,0.18310546875,0.23193359375,0.30517578125,0.0244140625,0.79345703125,0.0732421875,0.08544921875,-0.01220703125,1.3916015625,0.0244140625,-0.927734375,0.23193359375,-0.30517578125,-0.28076171875,-0.9521484375,0.1220703125,-0.74462890625,0,-1.46484375,-0.0244140625,-0.244140625,0.08544921875,-0.32958984375,0.2197265625,-1.15966796875,-0.10986328125,5.40771484375,-0.50048828125,5.2001953125,-0.2197265625,8.2763671875,-0.18310546875,5.615234375,0.048828125,-0.76904296875,-0.244140625,-1.4892578125,-0.18310546875,-1.025390625,-0.09765625,0.4150390625,-0.06103515625,0.048828125,-0.01220703125,-0.30517578125,-0.0732421875,-0.2685546875,-0.08544921875,-0.20751953125,-0.20751953125,-0.01220703125,-0.0244140625,0.79345703125,-0.06103515625,-0.47607421875,0.1708984375,-0.537109375
1,-0.18310546875,-0.37841796875,0.1708984375,-0.30517578125,0.2685546875,-0.40283203125,-0.10986328125,0.0244140625,0.244140625,-0.23193359375,0.01220703125,-1.06201171875,-0.2197265625,0.84228515625,-0.10986328125,-0.64697265625,-0.18310546875,2.16064453125,0.28076171875,2.63671875,-0.537109375,2.8076171875,-0.0244140625,3.86962890625,-0.146484375,-0.1708984375,0,-0.78125,0.06103515625,0.9033203125,-0.23193359375,0.23193359375,0.52490234375,-0.29296875,-0.10986328125,-0.8544921875,-0.23193359375,-0.47607421875,0.08544921875,-0.67138671875,0,-0.1220703125,-0.0732421875,-0.67138671875,-0.4150390625,-0.439453125,0.03662109375,0.634765625,-0.1220703125,1.13525390625,0.0244140625,0.50048828125,-0.2197265625,-0.1708984375,-0.01220703125,0.74462890625,0.048828125,0.79345703125,-0.0244140625,0.45166015625,-0.146484375,0.732421875,-0.146484375,0.10986328125,0.048828125,0.2685546875,-0.23193359375,1.0498046875,-0.13427734375,0.244140625,-0.1708984375,0.1953125,0.13427734375,0.32958984375,0.06103515625,0.81787109375,0.146484375,0.08544921875,-0.06103515625,1.37939453125,0.0732421875,-0.93994140625,0.20751953125,-0.3173828125,-0.3173828125,-0.9521484375,0.13427734375,-0.74462890625,0.03662109375,-1.46484375,0,-0.244140625,0.25634765625,-0.3173828125,0.18310546875,-1.15966796875,-0.08544921875,5.46875,-0.45166015625,5.224609375,-0.2685546875,8.36181640625,-0.1220703125,5.6396484375,0.01220703125,-0.74462890625,-0.2685546875,-1.4892578125,-0.18310546875,-1.025390625,-0.03662109375,0.4150390625,-0.06103515625,0.06103515625,0,-0.29296875,-0.06103515625,-0.2685546875,-0.048828125,-0.23193359375,-0.20751953125,-0.0244140625,-0.048828125,0.79345703125,-0.0732421875,-0.47607421875,0.13427734375,-0.52490234375
1,-0.1708984375,-0.4150390625,0.18310546875,-0.30517578125,0.28076171875,-0.40283203125,-0.1220703125,0.0244140625,0.23193359375,-0.244140625,0,-1.06201171875,-0.23193359375,0.84228515625,-0.09765625,-0.64697265625,-0.08544921875,2.978515625,0.29296875,3.41796875,-0.54931640625,3.369140625,0.244140625,4.96826171875,-0.146484375,-0.18310546875,-0.06103515625,-0.79345703125,0.03662109375,0.91552734375,-0.40283203125,0.2197265625,0.5615234375,-0.29296875,-0.146484375,-0.8544921875,-0.18310546875,-0.4638671875,0.09765625,-0.69580078125,0.03662109375,-0.13427734375,0.0244140625,-0.64697265625,-0.29296875,-0.439453125,0.0732421875,0.64697265625,-0.1220703125,1.1474609375,0.048828125,0.48828125,-0.32958984375,-0.1708984375,-0.06103515625,0.74462890625,0,0.8056640625,-0.08544921875,0.4638671875,-0.048828125,0.84228515625,-0.13427734375,0.09765625,0,0.29296875,-0.2685546875,1.06201171875,-0.13427734375,0.25634765625,-0.18310546875,0.20751953125,0.1220703125,0.35400390625,0.0732421875,0.79345703125,0.18310546875,0.08544921875,-0.08544921875,1.3916015625,0.09765625,-0.927734375,0.15869140625,-0.32958984375,-0.35400390625,-0.98876953125,0.13427734375,-0.76904296875,0.09765625,-1.46484375,0,-0.2685546875,0.3173828125,-0.30517578125,0.09765625,-1.15966796875,-0.08544921875,5.28564453125,-0.35400390625,5.06591796875,-0.25634765625,8.10546875,-0.13427734375,5.517578125,-0.048828125,-0.7568359375,-0.2685546875,-1.50146484375,-0.1708984375,-1.01318359375,-0.01220703125,0.42724609375,-0.06103515625,0.048828125,-0.01220703125,-0.28076171875,-0.0732421875,-0.2685546875,-0.0244140625,-0.23193359375,-0.1953125,0,-0.0732421875,0.79345703125,-0.0732421875,-0.48828125,0.09765625,-0.50048828125
1,-0.1953125,-0.42724609375,0.18310546875,-0.28076171875,0.25634765625,-0.4150390625,-0.13427734375,0.0244140625,0.244140625,-0.23193359375,-0.03662109375,-1.07421875,-0.23193359375,0.830078125,-0.09765625,-0.6103515625,0.09765625,3.74755859375,0.28076171875,4.1259765625,-0.48828125,3.89404296875,0.439453125,5.9814453125,-0.1953125,-0.18310546875,-0.10986328125,-0.76904296875,-0.01220703125,0.9033203125,-0.52490234375,0.244140625,0.64697265625,-0.29296875,-0.1708984375,-0.8544921875,-0.13427734375,-0.439453125,0.10986328125,-0.69580078125,0.03662109375,-0.15869140625,0.09765625,-0.62255859375,-0.18310546875,-0.42724609375,0.09765625,0.6591796875,-0.09765625,1.1962890625,0.08544921875,0.47607421875,-0.4150390625,-0.1708984375,-0.09765625,0.7568359375,-0.06103515625,0.8056640625,-0.10986328125,0.50048828125,-0.06103515625,0.91552734375,-0.06103515625,0.09765625,-0.09765625,0.28076171875,-0.3662109375,1.07421875,-0.1220703125,0.23193359375,-0.2197265625,0.23193359375,0.06103515625,0.341796875,0.0732421875,0.81787109375,0.20751953125,0.08544921875,-0.06103515625,1.3916015625,0.09765625,-0.96435546875,0.09765625,-0.341796875,-0.32958984375,-0.96435546875,0.06103515625,-0.76904296875,0.2197265625,-1.47705078125,-0.048828125,-0.2685546875,0.32958984375,-0.3173828125,0.0732421875,-1.18408203125,-0.08544921875,4.94384765625,-0.2685546875,4.74853515625,-0.25634765625,7.55615234375,-0.1953125,5.21240234375,-0.1220703125,-0.74462890625,-0.2197265625,-1.4892578125,-0.15869140625,-1.01318359375,-0.03662109375,0.40283203125,-0.0732421875,0.0732421875,-0.03662109375,-0.29296875,-0.0732421875,-0.28076171875,-0.06103515625,-0.25634765625,-0.1708984375,0.01220703125,-0.09765625,0.79345703125,-0.06103515625,-0.52490234375,0.048828125,-0.50048828125
1,-0.18310546875,-0.42724609375,0.18310546875,-0.29296875,0.23193359375,-0.390625,-0.10986328125,0.048828125,0.2685546875,-0.25634765625,-0.06103515625,-1.0498046875,-0.1953125,0.830078125,-0.08544921875,-0.59814453125,0.2685546875,4.40673828125,0.29296875,4.67529296875,-0.3173828125,4.30908203125,0.52490234375,6.87255859375,-0.25634765625,-0.20751953125,-0.15869140625,-0.7568359375,-0.10986328125,0.9033203125,-0.50048828125,0.23193359375,0.68359375,-0.29296875,-0.2197265625,-0.86669921875,-0.08544921875,-0.40283203125,0.18310546875,-0.7080078125,0.03662109375,-0.13427734375,0.13427734375,-0.62255859375,-0.06103515625,-0.42724609375,0.18310546875,0.67138671875,-0.03662109375,1.18408203125,0.146484375,0.45166015625,-0.48828125,-0.1708984375,-0.1708984375,0.7568359375,-0.146484375,0.78125,-0.09765625,0.5126953125,-0.09765625,0.96435546875,-0.03662109375,0.09765625,-0.1953125,0.28076171875,-0.37841796875,1.07421875,-0.1220703125,0.23193359375,-0.2197265625,0.25634765625,-0.0244140625,0.341796875,0.048828125,0.8056640625,0.23193359375,0.048828125,-0.048828125,1.37939453125,0.0732421875,-0.9521484375,0.01220703125,-0.32958984375,-0.23193359375,-0.96435546875,-0.0244140625,-0.78125,0.32958984375,-1.50146484375,-0.09765625,-0.28076171875,0.2685546875,-0.29296875,0.10986328125,-1.20849609375,-0.06103515625,4.47998046875,-0.15869140625,4.3212890625,-0.29296875,6.82373046875,-0.29296875,4.833984375,-0.20751953125,-0.72021484375,-0.15869140625,-1.46484375,-0.1708984375,-1.025390625,-0.08544921875,0.40283203125,-0.08544921875,0.06103515625,-0.03662109375,-0.29296875,-0.06103515625,-0.28076171875,-0.0732421875,-0.28076171875,-0.1708984375,0,-0.10986328125,0.8056640625,-0.03662109375,-0.537109375,0.01220703125,-0.52490234375
0,-0.1708984375,-0.40283203125,0.18310546875,-0.28076171875,0.2197265625,-0.37841796875,-0.06103515625,0.06103515625,0.3173828125,-0.25634765625,-0.0732421875,-1.0498046875,-0.20751953125,0.830078125,-0.048828125,-0.59814453125,0.341796875,4.8828125,0.3173828125,5.078125,-0.10986328125,4.60205078125,0.3662109375,7.55615234375,-0.29296875,-0.1953125,-0.1953125,-0.76904296875,-0.18310546875,0.91552734375,-0.390625,0.244140625,0.52490234375,-0.29296875,-0.2685546875,-0.84228515625,-0.0732421875,-0.390625,0.15869140625,-0.7080078125,0.0244140625,-0.15869140625,0.09765625,-0.6103515625,-0.01220703125,-0.42724609375,0.2197265625,0.67138671875,-0.048828125,1.1962890625,0.18310546875,0.45166015625,-0.48828125,-0.13427734375,-0.244140625,0.7568359375,-0.23193359375,0.76904296875,-0.10986328125,0.52490234375,-0.01220703125,0.9521484375,0.09765625,0.10986328125,-0.25634765625,0.2685546875,-0.35400390625,1.06201171875,-0.13427734375,0.23193359375,-0.1953125,0.244140625,-0.08544921875,0.35400390625,0.01220703125,0.8544921875,0.20751953125,0.03662109375,0.01220703125,1.3671875,0.048828125,-0.9521484375,-0.06103515625,-0.32958984375,-0.1220703125,-0.9765625,-0.1220703125,-0.79345703125,0.40283203125,-1.50146484375,-0.15869140625,-0.2685546875,0.15869140625,-0.29296875,0.10986328125,-1.23291015625,-0.0244140625,3.9306640625,-0.0732421875,3.82080078125,-0.3173828125,5.95703125,-0.341796875,4.345703125,-0.2685546875,-0.72021484375,-0.08544921875,-1.46484375,-0.18310546875,-1.01318359375,-0.15869140625,0.390625,-0.08544921875,0.06103515625,-0.0244140625,-0.28076171875,-0.0732421875,-0.29296875,-0.0732421875,-0.2685546875,-0.18310546875,0,-0.10986328125,0.78125,-0.03662109375,-0.52490234375,-0.0244140625,-0.52490234375
0,-0.146484375,-0.3662109375,0.18310546875,-0.2685546875,0.244140625,-0.35400390625,-0.06103515625,0.0732421875,0.32958984375,-0.2685546875,-0.08544921875,-1.03759765625,-0.1953125,0.830078125,-0.01220703125,-0.6103515625,0.4150390625,5.1513671875,0.3173828125,5.28564453125,0.048828125,4.7607421875,0.2685546875,8.02001953125,-0.3662109375,-0.18310546875,-0.2197265625,-0.7568359375,-0.28076171875,0.927734375,-0.20751953125,0.244140625,0.4638671875,-0.28076171875,-0.3173828125,-0.8544921875,-0.0732421875,-0.390625,0.146484375,-0.7080078125,0.06103515625,-0.15869140625,0.08544921875,-0.6103515625,0.01220703125,-0.40283203125,0.244140625,0.6591796875,-0.048828125,1.1962890625,0.2197265625,0.45166015625,-0.48828125,-0.13427734375,-0.30517578125,0.76904296875,-0.341796875,0.74462890625,-0.03662109375,0.5126953125,-0.06103515625,0.927734375,0.15869140625,0.13427734375,-0.30517578125,0.25634765625,-0.35400390625,1.06201171875,-0.09765625,0.244140625,-0.18310546875,0.244140625,-0.2197265625,0.3173828125,-0.01220703125,0.86669921875,0.146484375,0.0244140625,0.06103515625,1.37939453125,0.01220703125,-0.927734375,-0.146484375,-0.30517578125,0,-0.98876953125,-0.1708984375,-0.8056640625,0.47607421875,-1.50146484375,-0.15869140625,-0.28076171875,0.06103515625,-0.3173828125,0.09765625,-1.23291015625,0.0244140625,3.30810546875,-0.06103515625,3.25927734375,-0.32958984375,5.078125,-0.37841796875,3.8330078125,-0.29296875,-0.7080078125,0,-1.45263671875,-0.20751953125,-1.025390625,-0.2197265625,0.390625,-0.06103515625,0.0732421875,-0.03662109375,-0.2685546875,-0.06103515625,-0.3173828125,-0.06103515625,-0.28076171875,-0.18310546875,0,-0.1220703125,0.76904296875,-0.08544921875,-0.537109375,-0.03662109375,-0.52490234375
0,-0.146484375,-0.32958984375,0.15869140625,-0.28076171875,0.244140625,-0.35400390625,-0.048828125,0.0732421875,0.32958984375,-0.28076171875,-0.1220703125,-1.03759765625,-0.23193359375,0.830078125,0.0244140625,-0.634765625,0.42724609375,5.28564453125,0.3173828125,5.33447265625,0.146484375,4.82177734375,0.146484375,8.251953125,-0.4150390625,-0.1708984375,-0.244140625,-0.76904296875,-0.29296875,0.927734375,-0.03662109375,0.244140625,0.3173828125,-0.29296875,-0.3662109375,-0.84228515625,-0.08544921875,-0.37841796875,0.15869140625,-0.72021484375,0.048828125,-0.1953125,-0.01220703125,-0.6103515625,0.03662109375,-0.40283203125,0.28076171875,0.62255859375,-0.06103515625,1.20849609375,0.29296875,0.47607421875,-0.439453125,-0.146484375,-0.30517578125,0.76904296875,-0.40283203125,0.74462890625,0.048828125,0.50048828125,0,0.87890625,0.20751953125,0.15869140625,-0.341796875,0.244140625,-0.25634765625,1.0498046875,-0.0732421875,0.23193359375,-0.18310546875,0.20751953125,-0.32958984375,0.29296875,-0.01220703125,0.8544921875,0.08544921875,-0.01220703125,0.09765625,1.35498046875,-0.01220703125,-0.93994140625,-0.1708984375,-0.30517578125,0.06103515625,-0.98876953125,-0.15869140625,-0.81787109375,0.48828125,-1.50146484375,-0.1708984375,-0.2685546875,-0.03662109375,-0.3173828125,0.0732421875,-1.2451171875,0.048828125,2.72216796875,-0.0732421875,2.64892578125,-0.32958984375,4.23583984375,-0.42724609375,3.25927734375,-0.244140625,-0.7080078125,0.048828125,-1.45263671875,-0.244140625,-1.03759765625,-0.28076171875,0.37841796875,-0.0244140625,0.06103515625,0,-0.2685546875,-0.0732421875,-0.28076171875,-0.048828125,-0.2685546875,-0.1708984375,-0.0244140625,-0.10986328125,0.7568359375,-0.09765625,-0.5126953125,-0.048828125,-0.537109375
0,-0.1220703125,-0.3173828125,0.13427734375,-0.25634765625,0.23193359375,-0.35400390625,-0.0244140625,0.048828125,0.32958984375,-0.29296875,-0.1220703125,-1.07421875,-0.244140625,0.84228515625,0.08544921875,-0.634765625,0.390625,5.2490234375,0.29296875,5.2490234375,0.20751953125,4.7607421875,0.0732421875,8.28857421875,-0.390625,-0.15869140625,-0.28076171875,-0.76904296875,-0.23193359375,0.93994140625,0.08544921875,0.23193359375,0.15869140625,-0.2685546875,-0.341796875,-0.830078125,-0.146484375,-0.40283203125,0.146484375,-0.732421875,0.01220703125,-0.1953125,-0.09765625,-0.634765625,0,-0.40283203125,0.25634765625,0.62255859375,-0.1220703125,1.1962890625,0.28076171875,0.52490234375,-0.37841796875,-0.146484375,-0.29296875,0.76904296875,-0.48828125,0.74462890625,0.10986328125,0.48828125,0.03662109375,0.81787109375,0.30517578125,0.18310546875,-0.35400390625,0.23193359375,-0.1953125,1.0498046875,-0.048828125,0.2197265625,-0.18310546875,0.20751953125,-0.45166015625,0.28076171875,-0.0244140625,0.84228515625,0.0244140625,-0.01220703125,0.146484375,1.35498046875,-0.0732421875,-0.96435546875,-0.18310546875,-0.32958984375,0.08544921875,-1.0009765625,-0.09765625,-0.81787109375,0.45166015625,-1.50146484375,-0.1220703125,-0.25634765625,-0.10986328125,-0.35400390625,0.0244140625,-1.2451171875,0.06103515625,2.1484375,-0.18310546875,2.0751953125,-0.28076171875,3.3935546875,-0.42724609375,2.67333984375,-0.13427734375,-0.69580078125,0.06103515625,-1.45263671875,-0.244140625,-1.025390625,-0.341796875,0.390625,-0.01220703125,0.048828125,0,-0.2685546875,-0.0732421875,-0.244140625,-0.048828125,-0.23193359375,-0.1708984375,-0.01220703125,-0.1220703125,0.79345703125,-0.10986328125,-0.5126953125,-0.048828125,-0.54931640625
0,-0.146484375,-0.29296875,0.10986328125,-0.28076171875,0.20751953125,-0.341796875,-0.048828125,0.048828125,0.32958984375,-0.2685546875,-0.146484375,-1.06201171875,-0.2197265625,0.8544921875,0.146484375,-0.6591796875,0.3662109375,5.09033203125,0.3173828125,5.09033203125,0.1708984375,4.62646484375,0.01220703125,8.11767578125,-0.3662109375,-0.15869140625,-0.28076171875,-0.78125,-0.146484375,0.93994140625,0.146484375,0.23193359375,0.10986328125,-0.30517578125,-0.341796875,-0.81787109375,-0.20751953125,-0.390625,0.1953125,-0.732421875,-0.09765625,-0.1953125,-0.18310546875,-0.62255859375,-0.0244140625,-0.390625,0.23193359375,0.634765625,-0.1708984375,1.18408203125,0.2197265625,0.5126953125,-0.29296875,-0.146484375,-0.30517578125,0.78125,-0.50048828125,0.76904296875,0.15869140625,0.47607421875,0.06103515625,0.78125,0.30517578125,0.1953125,-0.42724609375,0.23193359375,-0.09765625,1.03759765625,0,0.23193359375,-0.18310546875,0.20751953125,-0.5859375,0.25634765625,-0.01220703125,0.86669921875,0,-0.0244140625,0.146484375,1.35498046875,-0.146484375,-0.96435546875,-0.15869140625,-0.3173828125,0.0732421875,-0.9765625,0.03662109375,-0.81787109375,0.3662109375,-1.47705078125,-0.13427734375,-0.28076171875,-0.1220703125,-0.341796875,-0.0244140625,-1.220703125,0.0244140625,1.5380859375,-0.28076171875,1.47705078125,-0.28076171875,2.52685546875,-0.4150390625,2.08740234375,0.01220703125,-0.7080078125,0.0732421875,-1.45263671875,-0.23193359375,-1.01318359375,-0.37841796875,0.390625,0,0.048828125,-0.0244140625,-0.28076171875,-0.06103515625,-0.23193359375,-0.048828125,-0.244140625,-0.15869140625,-0.03662109375,-0.1220703125,0.78125,-0.08544921875,-0.48828125,-0.03662109375,-0.537109375
0,-0.146484375,-0.30517578125,0.09765625,-0.30517578125,0.18310546875,-0.341796875,-0.048828125,0.03662109375,0.341796875,-0.25634765625,-0.1220703125,-1.07421875,-0.244140625,0.830078125,0.20751953125,-0.68359375,0.32958984375,4.87060546875,0.29296875,4.8583984375,0.0732421875,4.47998046875,-0.146484375,7.7880859375,-0.3173828125,-0.146484375,-0.23193359375,-0.76904296875,-0.0244140625,0.91552734375,0.10986328125,0.23193359375,0.146484375,-0.32958984375,-0.390625,-0.830078125,-0.2685546875,-0.4150390625,0.146484375,-0.732421875,-0.15869140625,-0.1708984375,-0.25634765625,-0.634765625,-0.03662109375,-0.390625,0.20751953125,0.62255859375,-0.1708984375,1.171875,0.15869140625,0.48828125,-0.2197265625,-0.1953125,-0.30517578125,0.7568359375,-0.47607421875,0.732421875,0.1708984375,0.4638671875,0.1953125,0.79345703125,0.29296875,0.1708984375,-0.439453125,0.23193359375,-0.048828125,1.0498046875,0.03662109375,0.244140625,-0.20751953125,0.1953125,-0.69580078125,0.244140625,-0.01220703125,0.81787109375,-0.048828125,0,0.1708984375,1.3427734375,-0.20751953125,-0.9765625,-0.08544921875,-0.30517578125,0.01220703125,-0.96435546875,0.15869140625,-0.76904296875,0.2685546875,-1.46484375,-0.146484375,-0.25634765625,-0.06103515625,-0.32958984375,-0.09765625,-1.18408203125,-0.048828125,0.91552734375,-0.35400390625,0.830078125,-0.2685546875,1.7333984375,-0.40283203125,1.47705078125,0.146484375,-0.732421875,0.0732421875,-1.47705078125,-0.23193359375,-1.025390625,-0.4150390625,0.40283203125,0.01220703125,0.048828125,-0.01220703125,-0.25634765625,-0.0732421875,-0.20751953125,-0.06103515625,-0.23193359375,-0.13427734375,-0.06103515625,-0.09765625,0.81787109375,-0.03662109375,-0.47607421875,-0.048828125,-0.52490234375
0,-0.146484375,-0.30517578125,0.10986328125,-0.30517578125,0.18310546875,-0.35400390625,-0.048828125,0.0244140625,0.341796875,-0.244140625,-0.10986328125,-1.08642578125,-0.244140625,0.84228515625,0.28076171875,-0.6591796875,0.2685546875,4.62646484375,0.25634765625,4.638671875,-0.09765625,4.2724609375,-0.25634765625,7.33642578125,-0.2197265625,-0.146484375,-0.1953125,-0.7568359375,0.09765625,0.927734375,0.0244140625,0.23193359375,0.2197265625,-0.29296875,-0.390625,-0.830078125,-0.341796875,-0.40283203125,0.03662109375,-0.72021484375,-0.2197265625,-0.1708984375,-0.30517578125,-0.64697265625,-0.08544921875,-0.3662109375,0.146484375,0.62255859375,-0.18310546875,1.18408203125,0.048828125,0.50048828125,-0.15869140625,-0.1708984375,-0.30517578125,0.74462890625,-0.439453125,0.74462890625,0.15869140625,0.439453125,0.1708984375,0.81787109375,0.23193359375,0.13427734375,-0.42724609375,0.20751953125,0,1.0498046875,0.06103515625,0.244140625,-0.2197265625,0.1708984375,-0.732421875,0.25634765625,0,0.79345703125,-0.08544921875,0,0.1953125,1.3427734375,-0.28076171875,-0.9765625,-0.01220703125,-0.3173828125,0,-0.927734375,0.2685546875,-0.76904296875,0.244140625,-1.46484375,-0.146484375,-0.2685546875,0.06103515625,-0.32958984375,-0.1220703125,-1.18408203125,-0.10986328125,0.30517578125,-0.3662109375,0.1953125,-0.2197265625,0.9521484375,-0.341796875,0.87890625,0.23193359375,-0.732421875,0.0244140625,-1.50146484375,-0.23193359375,-1.01318359375,-0.4150390625,0.4150390625,0.048828125,0.06103515625,-0.01220703125,-0.2685546875,-0.0732421875,-0.2197265625,-0.06103515625,-0.2197265625,-0.1220703125,-0.06103515625,-0.10986328125,0.830078125,-0.03662109375,-0.4638671875,-0.01220703125,-0.50048828125
0,-0.1708984375,-0.35400390625,0.146484375,-0.30517578125,0.1708984375,-0.3662109375,-0.08544921875,0.01220703125,0.35400390625,-0.23193359375,-0.10986328125,-1.08642578125,-0.244140625,0.81787109375,0.30517578125,-0.6591796875,0.25634765625,4.345703125,0.20751953125,4.39453125,-0.28076171875,4.06494140625,-0.3173828125,6.8359375,-0.15869140625,-0.13427734375,-0.15869140625,-0.78125,0.18310546875,0.89111328125,-0.048828125,0.2197265625,0.3662109375,-0.29296875,-0.42724609375,-0.81787109375,-0.35400390625,-0.4150390625,-0.0244140625,-0.72021484375,-0.25634765625,-0.15869140625,-0.28076171875,-0.634765625,-0.10986328125,-0.390625,0.048828125,0.634765625,-0.18310546875,1.18408203125,-0.0244140625,0.48828125,-0.09765625,-0.18310546875,-0.28076171875,0.732421875,-0.35400390625,0.7568359375,0.1220703125,0.439453125,0.1953125,0.9033203125,0.18310546875,0.13427734375,-0.40283203125,0.23193359375,0.06103515625,1.03759765625,0.10986328125,0.244140625,-0.25634765625,0.20751953125,-0.74462890625,0.2685546875,-0.01220703125,0.830078125,-0.08544921875,0.0244140625,0.1708984375,1.3427734375,-0.25634765625,-0.98876953125,0.048828125,-0.32958984375,-0.0244140625,-0.93994140625,0.341796875,-0.7568359375,0.20751953125,-1.45263671875,-0.1220703125,-0.244140625,0.15869140625,-0.32958984375,-0.06103515625,-1.15966796875,-0.18310546875,-0.32958984375,-0.30517578125,-0.40283203125,-0.1953125,0.146484375,-0.25634765625,0.28076171875,0.2685546875,-0.732421875,-0.01220703125,-1.4892578125,-0.2197265625,-1.025390625,-0.390625,0.4638671875,0.048828125,0.048828125,-0.01220703125,-0.29296875,-0.0732421875,-0.1953125,-0.08544921875,-0.2197265625,-0.10986328125,-0.048828125,-0.08544921875,0.8544921875,-0.09765625,-0.4638671875,0.01220703125,-0.47607421875
0,-0.18310546875,-0.37841796875,0.146484375,-0.29296875,0.20751953125,-0.40283203125,-0.10986328125,0.0244140625,0.341796875,-0.23193359375,-0.09765625,-1.06201171875,-0.28076171875,0.78125,0.35400390625,-0.64697265625,0.29296875,4.052734375,0.1708984375,4.16259765625,-0.4150390625,3.86962890625,-0.30517578125,6.31103515625,-0.08544921875,-0.15869140625,-0.10986328125,-0.78125,0.244140625,0.9033203125,-0.1220703125,0.23193359375,0.48828125,-0.29296875,-0.4150390625,-0.81787109375,-0.37841796875,-0.40283203125,-0.1220703125,-0.74462890625,-0.28076171875,-0.146484375,-0.25634765625,-0.6591796875,-0.13427734375,-0.4150390625,-0.03662109375,0.64697265625,-0.18310546875,1.1962890625,-0.0732421875,0.47607421875,-0.03662109375,-0.1953125,-0.2197265625,0.74462890625,-0.3173828125,0.732421875,0.08544921875,0.439453125,0.244140625,0.9765625,0.146484375,0.10986328125,-0.341796875,0.25634765625,0.10986328125,1.0498046875,0.146484375,0.244140625,-0.28076171875,0.2197265625,-0.7080078125,0.30517578125,-0.06103515625,0.8056640625,-0.10986328125,0.03662109375,0.1708984375,1.3671875,-0.18310546875,-1.0009765625,0.10986328125,-0.32958984375,-0.03662109375,-0.927734375,0.32958984375,-0.76904296875,0.1953125,-1.46484375,-0.13427734375,-0.25634765625,0.28076171875,-0.32958984375,-0.01220703125,-1.15966796875,-0.244140625,-0.927734375,-0.20751953125,-0.96435546875,-0.15869140625,-0.6103515625,-0.146484375,-0.25634765625,0.20751953125,-0.732421875,-0.01220703125,-1.47705078125,-0.18310546875,-1.01318359375,-0.30517578125,0.45166015625,0.06103515625,0.06103515625,0,-0.28076171875,-0.06103515625,-0.1953125,-0.0732421875,-0.2197265625,-0.10986328125,-0.048828125,-0.0732421875,0.86669921875,-0.1220703125,-0.4638671875,0.0732421875,-0.47607421875
0,-0.1953125,-0.40283203125,0.1220703125,-0.28076171875,0.20751953125,-0.4150390625,-0.15869140625,0.01220703125,0.35400390625,-0.2197265625,-0.0732421875,-1.0498046875,-0.25634765625,0.8056640625,0.3662109375,-0.634765625,0.35400390625,3.79638671875,0.13427734375,3.94287109375,-0.50048828125,3.6865234375,-0.341796875,5.810546875,-0.01220703125,-0.15869140625,-0.08544921875,-0.7568359375,0.23193359375,0.89111328125,-0.1708984375,0.244140625,0.5859375,-0.3173828125,-0.341796875,-0.81787109375,-0.4150390625,-0.390625,-0.20751953125,-0.7080078125,-0.23193359375,-0.146484375,-0.1708984375,-0.64697265625,-0.18310546875,-0.42724609375,-0.09765625,0.67138671875,-0.1953125,1.1962890625,-0.08544921875,0.4638671875,0.03662109375,-0.18310546875,-0.15869140625,0.732421875,-0.29296875,0.72021484375,0.03662109375,0.45166015625,0.3173828125,1.01318359375,0.10986328125,0.08544921875,-0.2685546875,0.2685546875,0.146484375,1.06201171875,0.1708984375,0.23193359375,-0.30517578125,0.23193359375,-0.64697265625,0.32958984375,-0.0244140625,0.81787109375,-0.13427734375,0.06103515625,0.15869140625,1.3916015625,-0.1220703125,-1.01318359375,0.10986328125,-0.32958984375,0.03662109375,-0.927734375,0.244140625,-0.74462890625,0.1953125,-1.46484375,-0.13427734375,-0.25634765625,0.30517578125,-0.30517578125,0.06103515625,-1.1474609375,-0.28076171875,-1.45263671875,-0.09765625,-1.4404296875,-0.0732421875,-1.318359375,-0.08544921875,-0.732421875,0.10986328125,-0.72021484375,-0.03662109375,-1.4892578125,-0.1220703125,-1.0009765625,-0.23193359375,0.45166015625,0.0732421875,0.06103515625,0.0244140625,-0.25634765625,-0.06103515625,-0.1953125,-0.06103515625,-0.2197265625,-0.10986328125,-0.03662109375,-0.0732421875,0.8544921875,-0.1220703125,-0.4638671875,0.08544921875,-0.45166015625
0,-0.1708984375,-0.4150390625,0.13427734375,-0.3173828125,0.1953125,-0.4150390625,-0.15869140625,0,0.35400390625,-0.23193359375,-0.08544921875,-1.03759765625,-0.3173828125,0.79345703125,0.390625,-0.634765625,0.390625,3.52783203125,0.146484375,3.7109375,-0.47607421875,3.515625,-0.244140625,5.3466796875,0.0244140625,-0.1708984375,-0.048828125,-0.76904296875,0.18310546875,0.91552734375,-0.1708984375,0.244140625,0.634765625,-0.29296875,-0.2685546875,-0.830078125,-0.390625,-0.40283203125,-0.1953125,-0.732421875,-0.18310546875,-0.15869140625,-0.09765625,-0.6591796875,-0.1953125,-0.4150390625,-0.09765625,0.64697265625,-0.20751953125,1.18408203125,-0.10986328125,0.42724609375,0.08544921875,-0.1220703125,-0.08544921875,0.7080078125,-0.2685546875,0.7080078125,0.01220703125,0.4638671875,0.35400390625,1.0009765625,0.1220703125,0.09765625,-0.18310546875,0.2685546875,0.13427734375,1.07421875,0.20751953125,0.23193359375,-0.3173828125,0.25634765625,-0.634765625,0.341796875,0.01220703125,0.8056640625,-0.13427734375,0.06103515625,0.10986328125,1.37939453125,-0.01220703125,-0.98876953125,0.09765625,-0.3173828125,0.01220703125,-0.93994140625,0.15869140625,-0.7568359375,0.1953125,-1.50146484375,-0.08544921875,-0.23193359375,0.29296875,-0.28076171875,0.13427734375,-1.123046875,-0.29296875,-1.8798828125,-0.03662109375,-1.79443359375,0,-1.904296875,-0.06103515625,-1.07421875,-0.06103515625,-0.732421875,-0.06103515625,-1.47705078125,-0.048828125,-0.98876953125,-0.1953125,0.439453125,0.06103515625,0.0732421875,0.0244140625,-0.25634765625,-0.048828125,-0.1953125,-0.09765625,-0.20751953125,-0.1220703125,0,-0.06103515625,0.830078125,-0.1220703125,-0.47607421875,0.09765625,-0.47607421875
0,-0.15869140625,-0.40283203125,0.1220703125,-0.32958984375,0.146484375,-0.40283203125,-0.15869140625,0,0.341796875,-0.25634765625,-0.06103515625,-1.06201171875,-0.29296875,0.79345703125,0.37841796875,-0.64697265625,0.439453125,3.2958984375,0.1708984375,3.515625,-0.40283203125,3.35693359375,-0.30517578125,5.0048828125,0.0244140625,-0.18310546875,-0.01220703125,-0.78125,0.0732421875,0.89111328125,-0.13427734375,0.244140625,0.6103515625,-0.28076171875,-0.146484375,-0.830078125,-0.37841796875,-0.40283203125,-0.15869140625,-0.72021484375,-0.06103515625,-0.1708984375,-0.03662109375,-0.62255859375,-0.2197265625,-0.4150390625,-0.048828125,0.67138671875,-0.18310546875,1.171875,-0.1220703125,0.439453125,0.09765625,-0.0732421875,-0.03662109375,0.732421875,-0.30517578125,0.732421875,-0.03662109375,0.47607421875,0.35400390625,0.98876953125,0.10986328125,0.08544921875,-0.06103515625,0.29296875,0.13427734375,1.07421875,0.20751953125,0.2197265625,-0.3173828125,0.25634765625,-0.59814453125,0.3662109375,0.03662109375,0.81787109375,-0.13427734375,0.048828125,0.10986328125,1.3671875,0.0732421875,-0.9521484375,0.06103515625,-0.3173828125,0.01220703125,-0.96435546875,-0.01220703125,-0.78125,0.244140625,-1.5380859375,-0.048828125,-0.25634765625,0.244140625,-0.28076171875,0.244140625,-1.11083984375,-0.29296875,-2.16064453125,-0.048828125,-2.001953125,-0.06103515625,-2.28271484375,-0.13427734375,-1.25732421875,-0.23193359375,-0.69580078125,-0.0732421875,-1.47705078125,-0.01220703125,-1.0009765625,-0.1953125,0.439453125,0.06103515625,0.0732421875,0.0244140625,-0.28076171875,-0.048828125,-0.18310546875,-0.10986328125,-0.244140625,-0.10986328125,0,-0.03662109375,0.84228515625,-0.09765625,-0.47607421875,0.10986328125,-0.50048828125
0,-0.146484375,-0.40283203125,0.1220703125,-0.3173828125,0.1220703125,-0.4150390625,-0.15869140625,0,0.32958984375,-0.244140625,-0.0244140625,-1.0498046875,-0.29296875,0.8056640625,0.35400390625,-0.6591796875,0.48828125,3.1005859375,0.244140625,3.3447265625,-0.28076171875,3.23486328125,-0.341796875,4.74853515625,0.0244140625,-0.18310546875,-0.0244140625,-0.7568359375,-0.06103515625,0.89111328125,-0.1220703125,0.2685546875,0.5615234375,-0.244140625,-0.09765625,-0.830078125,-0.341796875,-0.37841796875,-0.20751953125,-0.72021484375,0,-0.1708984375,-0.01220703125,-0.62255859375,-0.2685546875,-0.4150390625,0.06103515625,0.6591796875,-0.18310546875,1.1474609375,-0.09765625,0.45166015625,0.08544921875,-0.0244140625,-0.048828125,0.74462890625,-0.3173828125,0.7080078125,-0.03662109375,0.47607421875,0.32958984375,0.9033203125,0.1220703125,0.09765625,0.048828125,0.29296875,0.13427734375,1.06201171875,0.20751953125,0.23193359375,-0.28076171875,0.28076171875,-0.5615234375,0.35400390625,0.06103515625,0.84228515625,-0.10986328125,0.03662109375,0.09765625,1.3671875,0.09765625,-0.9765625,0.0244140625,-0.3173828125,0,-1.0009765625,-0.15869140625,-0.78125,0.25634765625,-1.5625,0.03662109375,-0.25634765625,0.15869140625,-0.28076171875,0.341796875,-1.123046875,-0.2685546875,-2.25830078125,-0.0732421875,-2.05078125,-0.13427734375,-2.42919921875,-0.1708984375,-1.26953125,-0.341796875,-0.68359375,-0.146484375,-1.45263671875,-0.0244140625,-1.01318359375,-0.244140625,0.4150390625,0.0732421875,0.08544921875,0.0244140625,-0.25634765625,-0.0732421875,-0.1708984375,-0.10986328125,-0.23193359375,-0.146484375,0.0244140625,0.01220703125,0.830078125,-0.10986328125,-0.47607421875,0.10986328125,-0.52490234375
0,-0.10986328125,-0.390625,0.10986328125,-0.3173828125,0.10986328125,-0.40283203125,-0.18310546875,0.03662109375,0.32958984375,-0.28076171875,-0.03662109375,-1.03759765625,-0.29296875,0.81787109375,0.29296875,-0.6591796875,0.5126953125,2.9296875,0.37841796875,3.173828125,-0.10986328125,3.13720703125,-0.3173828125,4.60205078125,0.01220703125,-0.1953125,-0.03662109375,-0.76904296875,-0.1953125,0.91552734375,-0.13427734375,0.2685546875,0.42724609375,-0.244140625,-0.06103515625,-0.830078125,-0.29296875,-0.3662109375,-0.18310546875,-0.732421875,0.0732421875,-0.18310546875,-0.0244140625,-0.62255859375,-0.25634765625,-0.40283203125,0.10986328125,0.67138671875,-0.13427734375,1.123046875,-0.08544921875,0.47607421875,0.01220703125,0.0244140625,-0.0732421875,0.74462890625,-0.3662109375,0.69580078125,-0.06103515625,0.47607421875,0.3173828125,0.78125,0.08544921875,0.1220703125,0.06103515625,0.32958984375,0.1953125,1.06201171875,0.18310546875,0.25634765625,-0.23193359375,0.2685546875,-0.5126953125,0.341796875,0.03662109375,0.830078125,-0.13427734375,0.0244140625,0.06103515625,1.3671875,0.08544921875,-0.96435546875,-0.01220703125,-0.30517578125,-0.08544921875,-1.0009765625,-0.2685546875,-0.78125,0.29296875,-1.57470703125,0.1220703125,-0.23193359375,0.09765625,-0.2685546875,0.4150390625,-1.0986328125,-0.15869140625,-2.18505859375,-0.048828125,-1.953125,-0.1708984375,-2.33154296875,-0.18310546875,-1.15966796875,-0.390625,-0.68359375,-0.18310546875,-1.42822265625,-0.048828125,-1.025390625,-0.29296875,0.40283203125,0.06103515625,0.08544921875,-0.01220703125,-0.244140625,-0.0732421875,-0.1708984375,-0.10986328125,-0.23193359375,-0.146484375,0.0244140625,-0.01220703125,0.81787109375,-0.1220703125,-0.47607421875,0.09765625,-0.54931640625
1,-0.09765625,-0.35400390625,0.06103515625,-0.28076171875,0.146484375,-0.37841796875,-0.1708984375,0.03662109375,0.3173828125,-0.25634765625,-0.03662109375,-1.0498046875,-0.32958984375,0.830078125,0.25634765625,-0.6591796875,0.537109375,2.8076171875,0.50048828125,3.03955078125,0.03662109375,3.0517578125,-0.244140625,4.4677734375,-0.01220703125,-0.18310546875,-0.06103515625,-0.76904296875,-0.29296875,0.91552734375,-0.18310546875,0.25634765625,0.32958984375,-0.244140625,-0.06103515625,-0.81787109375,-0.23193359375,-0.37841796875,-0.09765625,-0.72021484375,0.146484375,-0.18310546875,-0.03662109375,-0.634765625,-0.244140625,-0.42724609375,0.2197265625,0.634765625,-0.146484375,1.0986328125,-0.0244140625,0.5126953125,-0.03662109375,0.09765625,-0.09765625,0.76904296875,-0.37841796875,0.69580078125,-0.048828125,0.4638671875,0.13427734375,0.64697265625,0.048828125,0.13427734375,0.1220703125,0.341796875,0.2197265625,1.06201171875,0.15869140625,0.2685546875,-0.18310546875,0.25634765625,-0.4150390625,0.32958984375,0.06103515625,0.8544921875,-0.13427734375,0.0244140625,0.0732421875,1.3671875,0.06103515625,-0.9521484375,-0.048828125,-0.3173828125,-0.18310546875,-1.0009765625,-0.35400390625,-0.79345703125,0.30517578125,-1.57470703125,0.1953125,-0.25634765625,0.0732421875,-0.2685546875,0.42724609375,-1.0986328125,-0.08544921875,-1.94091796875,-0.03662109375,-1.7333984375,-0.2197265625,-1.9775390625,-0.13427734375,-0.927734375,-0.35400390625,-0.69580078125,-0.25634765625,-1.45263671875,-0.0732421875,-1.01318359375,-0.3173828125,0.40283203125,0.08544921875,0.09765625,-0.01220703125,-0.2685546875,-0.0732421875,-0.1708984375,-0.09765625,-0.244140625,-0.13427734375,0.048828125,0,0.8056640625,-0.1220703125,-0.48828125,0.09765625,-0.54931640625
1,-0.10986328125,-0.341796875,0.0244140625,-0.2685546875,0.146484375,-0.37841796875,-0.1708984375,0.03662109375,0.30517578125,-0.2685546875,-0.048828125,-1.06201171875,-0.37841796875,0.81787109375,0.18310546875,-0.6591796875,0.52490234375,2.685546875,0.6103515625,2.91748046875,0.1708984375,2.9541015625,-0.20751953125,4.345703125,0.01220703125,-0.146484375,-0.1220703125,-0.76904296875,-0.29296875,0.93994140625,-0.23193359375,0.244140625,0.25634765625,-0.244140625,-0.1220703125,-0.8056640625,-0.15869140625,-0.37841796875,-0.048828125,-0.732421875,0.1953125,-0.18310546875,-0.10986328125,-0.634765625,-0.15869140625,-0.42724609375,0.23193359375,0.634765625,-0.13427734375,1.13525390625,0.0244140625,0.52490234375,-0.048828125,0.0732421875,-0.09765625,0.79345703125,-0.3662109375,0.68359375,-0.03662109375,0.4638671875,0,0.52490234375,-0.0244140625,0.13427734375,0.146484375,0.32958984375,0.2197265625,1.07421875,0.13427734375,0.28076171875,-0.1220703125,0.23193359375,-0.32958984375,0.30517578125,-0.01220703125,0.86669921875,-0.1708984375,0.01220703125,0.06103515625,1.35498046875,-0.01220703125,-0.9521484375,-0.09765625,-0.29296875,-0.25634765625,-1.0009765625,-0.341796875,-0.79345703125,0.25634765625,-1.5625,0.2685546875,-0.25634765625,0.06103515625,-0.2685546875,0.4150390625,-1.123046875,0.03662109375,-1.55029296875,-0.048828125,-1.3916015625,-0.2197265625,-1.4892578125,-0.09765625,-0.59814453125,-0.25634765625,-0.7080078125,-0.28076171875,-1.42822265625,-0.08544921875,-1.01318359375,-0.3173828125,0.42724609375,0.06103515625,0.1220703125,-0.0244140625,-0.25634765625,-0.0732421875,-0.146484375,-0.10986328125,-0.23193359375,-0.1708984375,0.048828125,-0.01220703125,0.8056640625,-0.146484375,-0.47607421875,0.08544921875,-0.54931640625
1,-0.09765625,-0.32958984375,0.0244140625,-0.25634765625,0.146484375,-0.390625,-0.1708984375,0.048828125,0.30517578125,-0.2685546875,-0.06103515625,-1.0498046875,-0.341796875,0.830078125,0.09765625,-0.64697265625,0.52490234375,2.5634765625,0.68359375,2.79541015625,0.23193359375,2.86865234375,-0.10986328125,4.1259765625,0.0244140625,-0.13427734375,-0.20751953125,-0.7568359375,-0.244140625,0.93994140625,-0.28076171875,0.25634765625,0.25634765625,-0.28076171875,-0.20751953125,-0.79345703125,-0.1220703125,-0.40283203125,0.048828125,-0.7080078125,0.28076171875,-0.15869140625,-0.15869140625,-0.64697265625,-0.06103515625,-0.42724609375,0.25634765625,0.62255859375,-0.15869140625,1.13525390625,0.0732421875,0.5126953125,-0.1220703125,0.0732421875,-0.09765625,0.76904296875,-0.390625,0.69580078125,-0.03662109375,0.439453125,-0.0732421875,0.42724609375,0.03662109375,0.146484375,0.20751953125,0.30517578125,0.20751953125,1.06201171875,0.08544921875,0.28076171875,-0.09765625,0.1953125,-0.2197265625,0.2685546875,-0.0732421875,0.87890625,-0.1953125,0.01220703125,0.0732421875,1.3427734375,-0.08544921875,-0.93994140625,-0.10986328125,-0.28076171875,-0.32958984375,-0.9765625,-0.244140625,-0.79345703125,0.2197265625,-1.5380859375,0.2685546875,-0.25634765625,0.03662109375,-0.28076171875,0.32958984375,-1.13525390625,0.1220703125,-1.1962890625,-0.09765625,-1.03759765625,-0.2685546875,-1.01318359375,-0.06103515625,-0.2685546875,-0.15869140625,-0.69580078125,-0.25634765625,-1.45263671875,-0.13427734375,-1.03759765625,-0.341796875,0.4150390625,0.08544921875,0.10986328125,-0.03662109375,-0.244140625,-0.06103515625,-0.1220703125,-0.13427734375,-0.2197265625,-0.15869140625,0.06103515625,-0.0244140625,0.8056640625,-0.146484375,-0.4638671875,0.09765625,-0.54931640625
1,-0.0732421875,-0.32958984375,0.03662109375,-0.2685546875,0.13427734375,-0.37841796875,-0.15869140625,0.048828125,0.30517578125,-0.2685546875,-0.0732421875,-1.0498046875,-0.341796875,0.81787109375,0,-0.67138671875,0.62255859375,2.392578125,0.72021484375,2.60009765625,0.23193359375,2.72216796875,-0.0244140625,3.82080078125,0.03662109375,-0.10986328125,-0.25634765625,-0.78125,-0.1220703125,0.93994140625,-0.3173828125,0.244140625,0.29296875,-0.28076171875,-0.29296875,-0.81787109375,-0.09765625,-0.390625,0.06103515625,-0.72021484375,0.32958984375,-0.15869140625,-0.1953125,-0.67138671875,0.0244140625,-0.42724609375,0.28076171875,0.634765625,-0.146484375,1.15966796875,0.1220703125,0.52490234375,-0.1708984375,0.06103515625,-0.09765625,0.78125,-0.40283203125,0.732421875,-0.01220703125,0.439453125,-0.1953125,0.3662109375,0.08544921875,0.13427734375,0.2685546875,0.28076171875,0.146484375,1.07421875,0.06103515625,0.25634765625,-0.1220703125,0.18310546875,-0.0732421875,0.2685546875,-0.09765625,0.8544921875,-0.20751953125,0.0244140625,0.06103515625,1.35498046875,-0.18310546875,-0.927734375,-0.1220703125,-0.28076171875,-0.35400390625,-0.9521484375,-0.15869140625,-0.78125,0.1708984375,-1.513671875,0.1953125,-0.28076171875,0.06103515625,-0.2685546875,0.18310546875,-1.171875,0.1953125,-0.86669921875,-0.10986328125,-0.8056640625,-0.2685546875,-0.54931640625,-0.09765625,-0.01220703125,-0.06103515625,-0.732421875,-0.20751953125,-1.47705078125,-0.1708984375,-1.0498046875,-0.3662109375,0.42724609375,0.08544921875,0.08544921875,-0.0244140625,-0.25634765625,-0.0732421875,-0.13427734375,-0.1220703125,-0.244140625,-0.146484375,0.048828125,-0.0244140625,0.830078125,-0.146484375,-0.4638671875,0.0732421875,-0.5126953125
1,-0.08544921875,-0.341796875,0.08544921875,-0.28076171875,0.1220703125,-0.37841796875,-0.146484375,0.03662109375,0.30517578125,-0.2685546875,-0.10986328125,-1.0498046875,-0.341796875,0.8056640625,-0.08544921875,-0.6591796875,0.6591796875,2.1728515625,0.72021484375,2.392578125,0.15869140625,2.55126953125,0.18310546875,3.33251953125,0.03662109375,-0.1220703125,-0.29296875,-0.74462890625,0.0244140625,0.93994140625,-0.30517578125,0.23193359375,0.341796875,-0.28076171875,-0.390625,-0.81787109375,-0.09765625,-0.40283203125,0.03662109375,-0.732421875,0.32958984375,-0.15869140625,-0.2197265625,-0.6591796875,0.146484375,-0.42724609375,0.18310546875,0.634765625,-0.13427734375,1.1962890625,0.146484375,0.5126953125,-0.2197265625,0.01220703125,-0.0732421875,0.7568359375,-0.3662109375,0.7568359375,0,0.4150390625,-0.30517578125,0.4150390625,0.13427734375,0.1220703125,0.28076171875,0.25634765625,0.08544921875,1.06201171875,0.01220703125,0.23193359375,-0.09765625,0.1953125,-0.0244140625,0.25634765625,-0.15869140625,0.87890625,-0.2197265625,0.03662109375,0.0244140625,1.3427734375,-0.25634765625,-0.927734375,-0.13427734375,-0.28076171875,-0.29296875,-0.9521484375,-0.03662109375,-0.78125,0.1708984375,-1.50146484375,0.1220703125,-0.28076171875,0.06103515625,-0.29296875,0.03662109375,-1.20849609375,0.18310546875,-0.62255859375,-0.13427734375,-0.6103515625,-0.244140625,-0.18310546875,-0.1708984375,0.15869140625,0.0244140625,-0.74462890625,-0.10986328125,-1.4892578125,-0.20751953125,-1.03759765625,-0.40283203125,0.42724609375,0.0732421875,0.08544921875,-0.01220703125,-0.25634765625,-0.06103515625,-0.13427734375,-0.146484375,-0.25634765625,-0.18310546875,0.048828125,-0.0244140625,0.81787109375,-0.13427734375,-0.439453125,0.048828125,-0.4638671875
1,-0.08544921875,-0.3662109375,0.08544921875,-0.30517578125,0.1220703125,-0.3662109375,-0.1220703125,0.03662109375,0.25634765625,-0.23193359375,-0.09765625,-1.06201171875,-0.35400390625,0.79345703125,-0.15869140625,-0.67138671875,0.7080078125,1.904296875,0.6591796875,2.1240234375,0.048828125,2.3193359375,0.2685546875,2.67333984375,0.06103515625,-0.09765625,-0.30517578125,-0.76904296875,0.1220703125,0.93994140625,-0.29296875,0.244140625,0.40283203125,-0.32958984375,-0.48828125,-0.84228515625,-0.10986328125,-0.42724609375,0.048828125,-0.69580078125,0.28076171875,-0.15869140625,-0.20751953125,-0.6591796875,0.23193359375,-0.42724609375,0.13427734375,0.62255859375,-0.1953125,1.220703125,0.15869140625,0.47607421875,-0.244140625,-0.06103515625,-0.08544921875,0.7568359375,-0.341796875,0.732421875,-0.01220703125,0.42724609375,-0.45166015625,0.4638671875,0.2197265625,0.13427734375,0.32958984375,0.2197265625,0.01220703125,1.0498046875,-0.03662109375,0.244140625,-0.10986328125,0.18310546875,0.03662109375,0.2685546875,-0.20751953125,0.87890625,-0.1953125,0.048828125,0.0244140625,1.3427734375,-0.3173828125,-0.93994140625,-0.13427734375,-0.28076171875,-0.20751953125,-0.93994140625,0.0244140625,-0.7568359375,0.146484375,-1.47705078125,0,-0.29296875,0.048828125,-0.3173828125,-0.13427734375,-1.220703125,0.0732421875,-0.5126953125,-0.0732421875,-0.54931640625,-0.23193359375,-0.06103515625,-0.244140625,0.2197265625,0.03662109375,-0.74462890625,-0.03662109375,-1.47705078125,-0.23193359375,-1.01318359375,-0.439453125,0.4638671875,0.06103515625,0.06103515625,-0.01220703125,-0.23193359375,-0.08544921875,-0.15869140625,-0.146484375,-0.25634765625,-0.18310546875,0.03662109375,-0.0244140625,0.84228515625,-0.10986328125,-0.45166015625,0.03662109375,-0.439453125
1,-0.09765625,-0.37841796875,0.08544921875,-0.32958984375,0.15869140625,-0.3662109375,-0.146484375,0.01220703125,0.28076171875,-0.2197265625,-0.08544921875,-1.0498046875,-0.30517578125,0.78125,-0.1953125,-0.69580078125,0.78125,1.5625,0.59814453125,1.7822265625,-0.06103515625,2.0263671875,0.50048828125,1.91650390625,0.048828125,-0.1220703125,-0.28076171875,-0.7568359375,0.1708984375,0.93994140625,-0.25634765625,0.25634765625,0.45166015625,-0.30517578125,-0.50048828125,-0.84228515625,-0.1220703125,-0.439453125,0.01220703125,-0.7080078125,0.1708984375,-0.18310546875,-0.20751953125,-0.6591796875,0.25634765625,-0.4150390625,0.06103515625,0.62255859375,-0.244140625,1.220703125,0.1953125,0.4638671875,-0.2197265625,-0.10986328125,-0.1220703125,0.732421875,-0.29296875,0.732421875,-0.01220703125,0.4150390625,-0.52490234375,0.57373046875,0.20751953125,0.09765625,0.32958984375,0.1953125,-0.08544921875,1.0498046875,-0.06103515625,0.2197265625,-0.10986328125,0.1953125,0.0732421875,0.28076171875,-0.244140625,0.86669921875,-0.1220703125,0.06103515625,-0.0244140625,1.3427734375,-0.341796875,-0.9521484375,-0.13427734375,-0.28076171875,-0.06103515625,-0.9521484375,0.06103515625,-0.76904296875,0.146484375,-1.45263671875,-0.1220703125,-0.28076171875,-0.01220703125,-0.32958984375,-0.20751953125,-1.23291015625,-0.06103515625,-0.5615234375,0,-0.59814453125,-0.13427734375,-0.13427734375,-0.244140625,0.1220703125,0.01220703125,-0.732421875,0.06103515625,-1.47705078125,-0.244140625,-1.0009765625,-0.42724609375,0.47607421875,0.0732421875,0.048828125,0,-0.244140625,-0.0732421875,-0.15869140625,-0.1220703125,-0.244140625,-0.1953125,0.01220703125,-0.03662109375,0.8544921875,-0.1220703125,-0.439453125,-0.01220703125,-0.4150390625
1,-0.09765625,-0.37841796875,0.0732421875,-0.32958984375,0.15869140625,-0.3662109375,-0.1708984375,0.01220703125,0.2197265625,-0.2197265625,-0.1220703125,-1.07421875,-0.2685546875,0.8056640625,-0.244140625,-0.6591796875,0.76904296875,1.1474609375,0.5126953125,1.37939453125,-0.0732421875,1.72119140625,0.52490234375,1.06201171875,0.01220703125,-0.1220703125,-0.28076171875,-0.74462890625,0.1708984375,0.93994140625,-0.1953125,0.25634765625,0.439453125,-0.3173828125,-0.42724609375,-0.87890625,-0.146484375,-0.439453125,-0.01220703125,-0.72021484375,0.0244140625,-0.20751953125,-0.18310546875,-0.634765625,0.25634765625,-0.40283203125,-0.03662109375,0.6103515625,-0.3173828125,1.20849609375,0.18310546875,0.45166015625,-0.23193359375,-0.146484375,-0.1220703125,0.732421875,-0.23193359375,0.732421875,0.01220703125,0.42724609375,-0.5615234375,0.69580078125,0.13427734375,0.09765625,0.29296875,0.20751953125,-0.146484375,1.03759765625,-0.09765625,0.20751953125,-0.18310546875,0.1953125,0.1220703125,0.30517578125,-0.23193359375,0.86669921875,-0.08544921875,0.06103515625,-0.048828125,1.37939453125,-0.30517578125,-0.98876953125,-0.10986328125,-0.3173828125,0.10986328125,-0.9521484375,0.048828125,-0.7568359375,0.15869140625,-1.45263671875,-0.18310546875,-0.28076171875,-0.08544921875,-0.32958984375,-0.1708984375,-1.23291015625,-0.1953125,-0.74462890625,0.01220703125,-0.7568359375,-0.1220703125,-0.40283203125,-0.1953125,-0.0244140625,-0.048828125,-0.732421875,0.15869140625,-1.46484375,-0.23193359375,-1.01318359375,-0.390625,0.47607421875,0.0732421875,0.048828125,-0.01220703125,-0.23193359375,-0.0732421875,-0.1953125,-0.13427734375,-0.25634765625,-0.20751953125,-0.01220703125,-0.03662109375,0.8544921875,-0.13427734375,-0.47607421875,-0.0244140625,-0.40283203125
1,-0.06103515625,-0.4150390625,0.06103515625,-0.32958984375,0.15869140625,-0.37841796875,-0.146484375,0.03662109375,0.1953125,-0.1953125,-0.1220703125,-1.06201171875,-0.28076171875,0.78125,-0.244140625,-0.6591796875,0.68359375,0.72021484375,0.40283203125,0.98876953125,-0.0732421875,1.416015625,0.42724609375,0.25634765625,0,-0.146484375,-0.20751953125,-0.76904296875,0.13427734375,0.927734375,-0.1220703125,0.2685546875,0.42724609375,-0.30517578125,-0.3173828125,-0.9033203125,-0.1953125,-0.42724609375,-0.048828125,-0.72021484375,-0.1220703125,-0.2197265625,-0.15869140625,-0.62255859375,0.1708984375,-0.42724609375,-0.06103515625,0.62255859375,-0.390625,1.171875,0.1220703125,0.45166015625,-0.23193359375,-0.15869140625,-0.1708984375,0.72021484375,-0.1953125,0.72021484375,0.01220703125,0.45166015625,-0.48828125,0.84228515625,0.09765625,0.09765625,0.25634765625,0.244140625,-0.2197265625,1.0498046875,-0.09765625,0.1953125,-0.20751953125,0.23193359375,0.18310546875,0.32958984375,-0.23193359375,0.86669921875,-0.01220703125,0.06103515625,-0.09765625,1.35498046875,-0.23193359375,-1.01318359375,-0.0732421875,-0.32958984375,0.23193359375,-0.96435546875,-0.01220703125,-0.8056640625,0.1220703125,-1.45263671875,-0.23193359375,-0.29296875,-0.146484375,-0.341796875,-0.08544921875,-1.220703125,-0.244140625,-0.9765625,-0.01220703125,-0.96435546875,-0.03662109375,-0.76904296875,-0.08544921875,-0.23193359375,-0.06103515625,-0.72021484375,0.1708984375,-1.46484375,-0.1708984375,-1.01318359375,-0.390625,0.47607421875,0.0732421875,0.03662109375,0,-0.23193359375,-0.0732421875,-0.23193359375,-0.10986328125,-0.25634765625,-0.18310546875,-0.01220703125,-0.06103515625,0.830078125,-0.1220703125,-0.48828125,-0.0732421875,-0.42724609375
1,-0.0244140625,-0.4150390625,0.0244140625,-0.32958984375,0.146484375,-0.37841796875,-0.146484375,0.03662109375,0.20751953125,-0.1953125,-0.15869140625,-1.06201171875,-0.244140625,0.8056640625,-0.244140625,-0.634765625,0.634765625,0.30517578125,0.37841796875,0.62255859375,-0.0244140625,1.123046875,0.29296875,-0.40283203125,-0.01220703125,-0.15869140625,-0.1708984375,-0.74462890625,0.048828125,0.927734375,-0.0244140625,0.2685546875,0.45166015625,-0.3173828125,-0.20751953125,-0.91552734375,-0.25634765625,-0.45166015625,-0.15869140625,-0.72021484375,-0.23193359375,-0.23193359375,-0.2197265625,-0.62255859375,0.048828125,-0.42724609375,-0.09765625,0.634765625,-0.40283203125,1.15966796875,0.03662109375,0.4638671875,-0.25634765625,-0.20751953125,-0.1953125,0.72021484375,-0.18310546875,0.68359375,0.01220703125,0.45166015625,-0.37841796875,0.93994140625,0.03662109375,0.10986328125,0.1708984375,0.25634765625,-0.29296875,1.03759765625,-0.08544921875,0.23193359375,-0.2685546875,0.25634765625,0.1953125,0.341796875,-0.1708984375,0.830078125,0.08544921875,0.06103515625,-0.146484375,1.37939453125,-0.1953125,-1.025390625,-0.06103515625,-0.32958984375,0.32958984375,-0.96435546875,-0.0732421875,-0.78125,0.06103515625,-1.46484375,-0.2197265625,-0.28076171875,-0.2197265625,-0.32958984375,0.08544921875,-1.220703125,-0.341796875,-1.23291015625,-0.1708984375,-1.15966796875,-0.09765625,-1.171875,-0.09765625,-0.42724609375,-0.0244140625,-0.69580078125,0.15869140625,-1.4404296875,-0.15869140625,-1.01318359375,-0.3662109375,0.4638671875,0.0732421875,0.0244140625,0.0244140625,-0.23193359375,-0.08544921875,-0.2685546875,-0.1220703125,-0.25634765625,-0.15869140625,-0.048828125,-0.048828125,0.830078125,-0.10986328125,-0.50048828125,-0.0732421875,-0.45166015625
1,-0.0244140625,-0.40283203125,-0.01220703125,-0.30517578125,0.1220703125,-0.3662109375,-0.10986328125,0.048828125,0.1953125,-0.2197265625,-0.1708984375,-1.0498046875,-0.18310546875,0.81787109375,-0.23193359375,-0.62255859375,0.59814453125,0,0.390625,0.35400390625,0,0.93994140625,0.048828125,-0.830078125,0.01220703125,-0.18310546875,-0.09765625,-0.7568359375,-0.01220703125,0.9033203125,0.048828125,0.2685546875,0.4150390625,-0.30517578125,-0.0732421875,-0.927734375,-0.30517578125,-0.439453125,-0.20751953125,-0.72021484375,-0.244140625,-0.244140625,-0.2685546875,-0.62255859375,-0.048828125,-0.40283203125,-0.1220703125,0.634765625,-0.37841796875,1.123046875,-0.0244140625,0.47607421875,-0.244140625,-0.20751953125,-0.18310546875,0.74462890625,-0.2197265625,0.634765625,0.048828125,0.47607421875,-0.341796875,1.0009765625,0.09765625,0.10986328125,0.1220703125,0.29296875,-0.32958984375,1.025390625,-0.09765625,0.23193359375,-0.28076171875,0.25634765625,0.244140625,0.32958984375,-0.1220703125,0.84228515625,0.15869140625,0.06103515625,-0.20751953125,1.37939453125,-0.1220703125,-1.03759765625,-0.03662109375,-0.32958984375,0.30517578125,-0.9765625,-0.08544921875,-0.79345703125,0,-1.47705078125,-0.1708984375,-0.25634765625,-0.28076171875,-0.3173828125,0.2685546875,-1.20849609375,-0.29296875,-1.42822265625,-0.29296875,-1.2939453125,-0.18310546875,-1.50146484375,-0.09765625,-0.5615234375,0.01220703125,-0.7080078125,0.0732421875,-1.42822265625,-0.13427734375,-1.01318359375,-0.35400390625,0.4150390625,0.06103515625,0.0732421875,0.0244140625,-0.244140625,-0.08544921875,-0.28076171875,-0.10986328125,-0.25634765625,-0.1708984375,-0.03662109375,-0.048828125,0.81787109375,-0.08544921875,-0.52490234375,-0.08544921875,-0.47607421875
1,-0.0244140625,-0.37841796875,-0.048828125,-0.28076171875,0.08544921875,-0.390625,-0.09765625,0.03662109375,0.20751953125,-0.23193359375,-0.1953125,-1.06201171875,-0.18310546875,0.84228515625,-0.18310546875,-0.62255859375,0.5126953125,-0.1708984375,0.4150390625,0.244140625,-0.0244140625,0.87890625,-0.15869140625,-0.93994140625,0.0244140625,-0.18310546875,-0.0732421875,-0.74462890625,-0.0732421875,0.91552734375,0.09765625,0.28076171875,0.390625,-0.30517578125,0.01220703125,-0.91552734375,-0.341796875,-0.4150390625,-0.2685546875,-0.72021484375,-0.1953125,-0.23193359375,-0.341796875,-0.6103515625,-0.146484375,-0.40283203125,-0.06103515625,0.62255859375,-0.341796875,1.123046875,-0.08544921875,0.47607421875,-0.29296875,-0.2197265625,-0.1708984375,0.732421875,-0.244140625,0.59814453125,0.08544921875,0.45166015625,-0.29296875,1.0009765625,0.1953125,0.1220703125,0.0732421875,0.30517578125,-0.4150390625,1.0498046875,-0.10986328125,0.2685546875,-0.28076171875,0.244140625,0.28076171875,0.341796875,-0.09765625,0.87890625,0.1953125,0.06103515625,-0.1953125,1.37939453125,-0.03662109375,-1.025390625,-0.01220703125,-0.341796875,0.2197265625,-0.9765625,-0.08544921875,-0.8056640625,-0.06103515625,-1.50146484375,-0.13427734375,-0.25634765625,-0.244140625,-0.30517578125,0.341796875,-1.18408203125,-0.2197265625,-1.513671875,-0.244140625,-1.33056640625,-0.15869140625,-1.6845703125,0.01220703125,-0.6103515625,0.0732421875,-0.72021484375,-0.0732421875,-1.42822265625,-0.09765625,-1.03759765625,-0.341796875,0.4150390625,0.0732421875,0.08544921875,0.048828125,-0.244140625,-0.0732421875,-0.28076171875,-0.10986328125,-0.23193359375,-0.146484375,-0.03662109375,-0.0732421875,0.8056640625,-0.06103515625,-0.537109375,-0.08544921875,-0.52490234375
1,-0.03662109375,-0.3662109375,-0.048828125,-0.28076171875,0.09765625,-0.37841796875,-0.10986328125,0.03662109375,0.20751953125,-0.25634765625,-0.2197265625,-1.07421875,-0.15869140625,0.84228515625,-0.146484375,-0.59814453125,0.45166015625,-0.146484375,0.439453125,0.29296875,-0.08544921875,0.93994140625,-0.32958984375,-0.74462890625,0.08544921875,-0.2197265625,-0.03662109375,-0.76904296875,-0.13427734375,0.927734375,0.09765625,0.2685546875,0.45166015625,-0.30517578125,0.08544921875,-0.89111328125,-0.3662109375,-0.4150390625,-0.30517578125,-0.69580078125,-0.06103515625,-0.20751953125,-0.390625,-0.59814453125,-0.20751953125,-0.37841796875,-0.0732421875,0.634765625,-0.29296875,1.11083984375,-0.13427734375,0.4638671875,-0.4150390625,-0.1953125,-0.13427734375,0.732421875,-0.29296875,0.5859375,0.10986328125,0.439453125,-0.2197265625,1.0009765625,0.25634765625,0.1220703125,0,0.3173828125,-0.40283203125,1.06201171875,-0.13427734375,0.2685546875,-0.25634765625,0.25634765625,0.28076171875,0.32958984375,-0.06103515625,0.87890625,0.23193359375,0.06103515625,-0.1708984375,1.37939453125,0.06103515625,-1.01318359375,0.01220703125,-0.32958984375,0.09765625,-1.0009765625,-0.0244140625,-0.81787109375,-0.09765625,-1.5380859375,-0.03662109375,-0.2197265625,-0.146484375,-0.28076171875,0.390625,-1.1474609375,-0.2197265625,-1.45263671875,-0.28076171875,-1.25732421875,-0.2685546875,-1.64794921875,0.01220703125,-0.52490234375,0.10986328125,-0.72021484375,-0.1708984375,-1.46484375,-0.0732421875,-1.03759765625,-0.3173828125,0.40283203125,0.0732421875,0.08544921875,0.0732421875,-0.244140625,-0.0732421875,-0.30517578125,-0.08544921875,-0.23193359375,-0.15869140625,-0.01220703125,-0.0732421875,0.79345703125,-0.08544921875,-0.537109375,-0.09765625,-0.52490234375
1,-0.06103515625,-0.341796875,-0.06103515625,-0.28076171875,0.10986328125,-0.390625,-0.10986328125,0.03662109375,0.1953125,-0.2685546875,-0.2197265625,-1.06201171875,-0.1953125,0.8544921875,-0.08544921875,-0.64697265625,0.390625,0.08544921875,0.47607421875,0.5615234375,-0.13427734375,1.1474609375,-0.29296875,-0.15869140625,0.1220703125,-0.2197265625,-0.048828125,-0.76904296875,-0.15869140625,0.927734375,0.03662109375,0.2685546875,0.47607421875,-0.3173828125,0.13427734375,-0.9033203125,-0.35400390625,-0.40283203125,-0.28076171875,-0.72021484375,0.03662109375,-0.18310546875,-0.42724609375,-0.59814453125,-0.23193359375,-0.37841796875,-0.0244140625,0.6103515625,-0.25634765625,1.11083984375,-0.15869140625,0.50048828125,-0.439453125,-0.1953125,-0.1220703125,0.7568359375,-0.32958984375,0.57373046875,0.1220703125,0.45166015625,-0.13427734375,0.9521484375,0.35400390625,0.09765625,-0.08544921875,0.30517578125,-0.37841796875,1.06201171875,-0.146484375,0.28076171875,-0.23193359375,0.2685546875,0.244140625,0.32958984375,-0.0244140625,0.91552734375,0.23193359375,0.0244140625,-0.10986328125,1.3916015625,0.1220703125,-0.98876953125,0.048828125,-0.3173828125,-0.06103515625,-0.9765625,0,-0.79345703125,-0.10986328125,-1.5380859375,0.03662109375,-0.2197265625,0,-0.25634765625,0.341796875,-1.15966796875,-0.15869140625,-1.2451171875,-0.29296875,-1.06201171875,-0.341796875,-1.42822265625,0.03662109375,-0.3662109375,0.10986328125,-0.74462890625,-0.2685546875,-1.4404296875,-0.048828125,-1.03759765625,-0.244140625,0.37841796875,0.06103515625,0.1220703125,0.0732421875,-0.2685546875,-0.0732421875,-0.30517578125,-0.06103515625,-0.2197265625,-0.146484375,0.0244140625,-0.08544921875,0.79345703125,-0.13427734375,-0.54931640625,-0.13427734375,-0.52490234375
0,-0.06103515625,-0.32958984375,-0.0732421875,-0.28076171875,0.10986328125,-0.390625,-0.08544921875,0.0244140625,0.1708984375,-0.25634765625,-0.2685546875,-1.07421875,-0.146484375,0.86669921875,-0.03662109375,-0.6591796875,0.40283203125,0.50048828125,0.4638671875,1.0009765625,-0.2197265625,1.50146484375,-0.13427734375,0.7080078125,0.1708984375,-0.1953125,-0.09765625,-0.76904296875,-0.146484375,0.93994140625,-0.0732421875,0.244140625,0.54931640625,-0.3173828125,0.10986328125,-0.8544921875,-0.32958984375,-0.37841796875,-0.30517578125,-0.7080078125,0.15869140625,-0.13427734375,-0.42724609375,-0.59814453125,-0.20751953125,-0.37841796875,0.0244140625,0.62255859375,-0.1708984375,1.13525390625,-0.15869140625,0.48828125,-0.50048828125,-0.18310546875,-0.1953125,0.74462890625,-0.40283203125,0.59814453125,0.13427734375,0.45166015625,-0.0244140625,0.86669921875,0.40283203125,0.10986328125,-0.13427734375,0.28076171875,-0.3662109375,1.07421875,-0.18310546875,0.2685546875,-0.1953125,0.23193359375,0.09765625,0.29296875,0.0244140625,0.9033203125,0.20751953125,0.0244140625,-0.03662109375,1.35498046875,0.146484375,-0.96435546875,0.06103515625,-0.30517578125,-0.18310546875,-0.9765625,0.06103515625,-0.78125,-0.08544921875,-1.5380859375,0.09765625,-0.20751953125,0.13427734375,-0.2685546875,0.2685546875,-1.15966796875,-0.0732421875,-0.98876953125,-0.23193359375,-0.830078125,-0.30517578125,-1.0986328125,0.1220703125,-0.10986328125,0.09765625,-0.732421875,-0.2685546875,-1.45263671875,-0.048828125,-1.0498046875,-0.15869140625,0.390625,0.03662109375,0.13427734375,0.06103515625,-0.2685546875,-0.0732421875,-0.28076171875,-0.06103515625,-0.2197265625,-0.13427734375,0.01220703125,-0.09765625,0.8056640625,-0.15869140625,-0.537109375,-0.146484375,-0.54931640625
0,-0.08544921875,-0.341796875,-0.06103515625,-0.28076171875,0.10986328125,-0.37841796875,-0.09765625,0.0244140625,0.20751953125,-0.25634765625,-0.28076171875,-1.07421875,-0.15869140625,0.86669921875,-0.0244140625,-0.68359375,0.5126953125,1.11083984375,0.48828125,1.59912109375,-0.2197265625,1.96533203125,0.01220703125,1.79443359375,0.1953125,-0.15869140625,-0.13427734375,-0.7568359375,-0.10986328125,0.927734375,-0.244140625,0.23193359375,0.62255859375,-0.30517578125,0.09765625,-0.79345703125,-0.28076171875,-0.35400390625,-0.28076171875,-0.7080078125,0.2197265625,-0.146484375,-0.35400390625,-0.6103515625,-0.13427734375,-0.3662109375,0.03662109375,0.62255859375,-0.10986328125,1.15966796875,-0.18310546875,0.47607421875,-0.52490234375,-0.1708984375,-0.244140625,0.7568359375,-0.47607421875,0.64697265625,0.146484375,0.4638671875,0.0732421875,0.8056640625,0.439453125,0.09765625,-0.1953125,0.2685546875,-0.32958984375,1.08642578125,-0.18310546875,0.2685546875,-0.146484375,0.2197265625,-0.03662109375,0.28076171875,0.06103515625,0.9033203125,0.18310546875,0.03662109375,0.01220703125,1.37939453125,0.15869140625,-0.9521484375,0.06103515625,-0.30517578125,-0.244140625,-0.96435546875,0.0732421875,-0.7568359375,-0.06103515625,-1.513671875,0.1220703125,-0.20751953125,0.23193359375,-0.2685546875,0.20751953125,-1.15966796875,-0.048828125,-0.64697265625,-0.2685546875,-0.54931640625,-0.35400390625,-0.7080078125,0.0732421875,0.13427734375,0.01220703125,-0.7568359375,-0.23193359375,-1.46484375,-0.06103515625,-1.03759765625,-0.10986328125,0.40283203125,0.048828125,0.10986328125,0.06103515625,-0.2685546875,-0.08544921875,-0.2685546875,-0.08544921875,-0.1953125,-0.1220703125,0.03662109375,-0.10986328125,0.830078125,-0.1708984375,-0.537109375,-0.1708984375,-0.52490234375
0,-0.09765625,-0.3173828125,-0.0732421875,-0.28076171875,0.09765625,-0.3662109375,-0.1220703125,0.03662109375,0.18310546875,-0.244140625,-0.28076171875,-1.07421875,-0.1953125,0.830078125,0.048828125,-0.67138671875,0.6103515625,1.89208984375,0.4638671875,2.3193359375,-0.244140625,2.5390625,0.2197265625,3.01513671875,0.20751953125,-0.13427734375,-0.18310546875,-0.7568359375,-0.13427734375,0.93994140625,-0.42724609375,0.23193359375,0.62255859375,-0.3173828125,0.0244140625,-0.8056640625,-0.23193359375,-0.37841796875,-0.30517578125,-0.7080078125,0.244140625,-0.1220703125,-0.25634765625,-0.6103515625,-0.01220703125,-0.390625,0.0244140625,0.6591796875,-0.0732421875,1.1962890625,-0.15869140625,0.47607421875,-0.57373046875,-0.146484375,-0.28076171875,0.74462890625,-0.5126953125,0.7568359375,0.13427734375,0.439453125,0.1708984375,0.79345703125,0.50048828125,0.1220703125,-0.2197265625,0.2685546875,-0.30517578125,1.07421875,-0.20751953125,0.244140625,-0.1220703125,0.1953125,-0.1708984375,0.28076171875,0.06103515625,0.89111328125,0.18310546875,0.03662109375,0.10986328125,1.3671875,0.1708984375,-0.93994140625,0.01220703125,-0.29296875,-0.23193359375,-0.9765625,0.048828125,-0.732421875,0.01220703125,-1.513671875,0.08544921875,-0.20751953125,0.25634765625,-0.28076171875,0.15869140625,-1.18408203125,-0.01220703125,-0.32958984375,-0.15869140625,-0.30517578125,-0.35400390625,-0.30517578125,0.01220703125,0.390625,-0.10986328125,-0.76904296875,-0.15869140625,-1.4892578125,-0.09765625,-1.03759765625,-0.13427734375,0.42724609375,0.03662109375,0.08544921875,0.048828125,-0.28076171875,-0.06103515625,-0.25634765625,-0.08544921875,-0.20751953125,-0.10986328125,0.048828125,-0.09765625,0.81787109375,-0.1708984375,-0.52490234375,-0.18310546875,-0.50048828125
0,-0.10986328125,-0.32958984375,-0.08544921875,-0.28076171875,0.0732421875,-0.3662109375,-0.10986328125,0.0244140625,0.13427734375,-0.2197265625,-0.28076171875,-1.06201171875,-0.1953125,0.81787109375,0.08544921875,-0.6591796875,0.6591796875,2.67333984375,0.45166015625,3.08837890625,-0.1953125,3.11279296875,0.2685546875,4.28466796875,0.1708984375,-0.10986328125,-0.18310546875,-0.732421875,-0.1953125,0.927734375,-0.57373046875,0.244140625,0.64697265625,-0.3173828125,-0.01220703125,-0.81787109375,-0.1708984375,-0.40283203125,-0.29296875,-0.7080078125,0.25634765625,-0.15869140625,-0.15869140625,-0.62255859375,0.09765625,-0.40283203125,0.0244140625,0.64697265625,-0.0732421875,1.23291015625,-0.1220703125,0.45166015625,-0.5859375,-0.146484375,-0.28076171875,0.7568359375,-0.5615234375,0.84228515625,0.06103515625,0.4638671875,0.2685546875,0.78125,0.52490234375,0.13427734375,-0.28076171875,0.23193359375,-0.2197265625,1.07421875,-0.20751953125,0.23193359375,-0.10986328125,0.18310546875,-0.3173828125,0.28076171875,0.048828125,0.8544921875,0.15869140625,0.048828125,0.13427734375,1.35498046875,0.15869140625,-0.927734375,-0.048828125,-0.2685546875,-0.15869140625,-0.96435546875,-0.048828125,-0.72021484375,0.10986328125,-1.50146484375,0.048828125,-0.2197265625,0.25634765625,-0.28076171875,0.146484375,-1.18408203125,-0.03662109375,-0.06103515625,0.0244140625,-0.0732421875,-0.3173828125,0.0244140625,-0.0244140625,0.6103515625,-0.1708984375,-0.7568359375,-0.0732421875,-1.47705078125,-0.1220703125,-1.03759765625,-0.15869140625,0.439453125,0.03662109375,0.06103515625,0.01220703125,-0.2685546875,-0.0732421875,-0.20751953125,-0.08544921875,-0.2197265625,-0.13427734375,0.0244140625,-0.08544921875,0.830078125,-0.15869140625,-0.5126953125,-0.23193359375,-0.48828125
0,-0.13427734375,-0.341796875,-0.06103515625,-0.29296875,0.0732421875,-0.390625,-0.1220703125,0.03662109375,0.13427734375,-0.2197265625,-0.2685546875,-1.0498046875,-0.1953125,0.78125,0.09765625,-0.64697265625,0.79345703125,3.466796875,0.4638671875,3.82080078125,-0.13427734375,3.662109375,0.25634765625,5.50537109375,0.08544921875,-0.10986328125,-0.18310546875,-0.7568359375,-0.32958984375,0.93994140625,-0.5859375,0.2197265625,0.5615234375,-0.32958984375,-0.048828125,-0.81787109375,-0.13427734375,-0.439453125,-0.28076171875,-0.72021484375,0.2197265625,-0.1708984375,-0.08544921875,-0.62255859375,0.20751953125,-0.40283203125,0.0244140625,0.64697265625,-0.09765625,1.2451171875,-0.08544921875,0.4638671875,-0.5859375,-0.13427734375,-0.25634765625,0.74462890625,-0.5126953125,0.93994140625,0.0244140625,0.4638671875,0.25634765625,0.79345703125,0.54931640625,0.13427734375,-0.32958984375,0.244140625,-0.09765625,1.06201171875,-0.15869140625,0.2197265625,-0.09765625,0.18310546875,-0.42724609375,0.29296875,0.03662109375,0.84228515625,0.146484375,0.06103515625,0.146484375,1.3671875,0.13427734375,-0.91552734375,-0.10986328125,-0.28076171875,-0.048828125,-0.9521484375,-0.146484375,-0.7080078125,0.1708984375,-1.50146484375,-0.01220703125,-0.20751953125,0.15869140625,-0.29296875,0.15869140625,-1.18408203125,-0.048828125,0.13427734375,0.1220703125,0.08544921875,-0.37841796875,0.1708984375,-0.08544921875,0.7568359375,-0.25634765625,-0.7568359375,0.01220703125,-1.47705078125,-0.15869140625,-1.025390625,-0.2197265625,0.439453125,0.048828125,0.0732421875,-0.01220703125,-0.28076171875,-0.0732421875,-0.1953125,-0.09765625,-0.23193359375,-0.1220703125,0.03662109375,-0.10986328125,0.84228515625,-0.1708984375,-0.50048828125,-0.2685546875,-0.47607421875
0,-0.09765625,-0.32958984375,-0.08544921875,-0.29296875,0.06103515625,-0.40283203125,-0.10986328125,0.03662109375,0.10986328125,-0.2197265625,-0.2685546875,-1.07421875,-0.20751953125,0.78125,0.09765625,-0.6591796875,0.81787109375,4.1748046875,0.4150390625,4.4921875,0,4.1748046875,0.146484375,6.6162109375,0,-0.08544921875,-0.20751953125,-0.74462890625,-0.42724609375,0.93994140625,-0.50048828125,0.23193359375,0.3662109375,-0.3173828125,-0.0244140625,-0.830078125,-0.08544921875,-0.439453125,-0.2685546875,-0.732421875,0.1953125,-0.20751953125,-0.06103515625,-0.62255859375,0.25634765625,-0.4150390625,0.06103515625,0.64697265625,-0.1708984375,1.23291015625,-0.08544921875,0.48828125,-0.5859375,-0.10986328125,-0.25634765625,0.76904296875,-0.45166015625,1.025390625,-0.03662109375,0.47607421875,0.23193359375,0.84228515625,0.5859375,0.146484375,-0.341796875,0.25634765625,-0.0244140625,1.06201171875,-0.1220703125,0.2197265625,-0.1220703125,0.1953125,-0.45166015625,0.29296875,0.03662109375,0.84228515625,0.08544921875,0.048828125,0.1708984375,1.35498046875,0.10986328125,-0.927734375,-0.18310546875,-0.29296875,0.0732421875,-0.9521484375,-0.23193359375,-0.732421875,0.2197265625,-1.50146484375,-0.0244140625,-0.2197265625,0.03662109375,-0.28076171875,0.1220703125,-1.171875,-0.03662109375,0.1953125,0.146484375,0.15869140625,-0.37841796875,0.18310546875,-0.10986328125,0.8056640625,-0.25634765625,-0.732421875,0.08544921875,-1.46484375,-0.15869140625,-1.025390625,-0.244140625,0.45166015625,0.048828125,0.06103515625,-0.0244140625,-0.2685546875,-0.08544921875,-0.1708984375,-0.09765625,-0.25634765625,-0.1220703125,0.01220703125,-0.0732421875,0.8544921875,-0.18310546875,-0.50048828125,-0.2685546875,-0.47607421875
0,-0.08544921875,-0.341796875,-0.09765625,-0.30517578125,0.06103515625,-0.390625,-0.08544921875,0.01220703125,0.1220703125,-0.23193359375,-0.2685546875,-1.03759765625,-0.2197265625,0.76904296875,0.08544921875,-0.634765625,0.8544921875,4.79736328125,0.42724609375,5.0537109375,0.1708984375,4.58984375,0.20751953125,7.5439453125,-0.08544921875,-0.08544921875,-0.23193359375,-0.74462890625,-0.5126953125,0.927734375,-0.37841796875,0.25634765625,0.1708984375,-0.3173828125,0.01220703125,-0.8544921875,-0.03662109375,-0.47607421875,-0.2197265625,-0.72021484375,0.1708984375,-0.20751953125,-0.0732421875,-0.62255859375,0.25634765625,-0.439453125,0.0732421875,0.64697265625,-0.20751953125,1.220703125,-0.06103515625,0.4638671875,-0.62255859375,-0.10986328125,-0.25634765625,0.7568359375,-0.3662109375,1.08642578125,-0.06103515625,0.4638671875,0.18310546875,0.89111328125,0.5126953125,0.1220703125,-0.32958984375,0.2685546875,0.0244140625,1.03759765625,-0.048828125,0.2197265625,-0.1708984375,0.2197265625,-0.47607421875,0.3173828125,0.01220703125,0.79345703125,0.0244140625,0.03662109375,0.146484375,1.37939453125,0.0732421875,-0.93994140625,-0.2197265625,-0.29296875,0.1953125,-0.927734375,-0.28076171875,-0.732421875,0.1953125,-1.513671875,-0.01220703125,-0.23193359375,-0.048828125,-0.29296875,0.1220703125,-1.171875,-0.03662109375,0.15869140625,0.09765625,0.18310546875,-0.37841796875,0.03662109375,-0.0732421875,0.79345703125,-0.18310546875,-0.7080078125,0.1220703125,-1.4404296875,-0.18310546875,-1.025390625,-0.2685546875,0.4638671875,0.048828125,0.06103515625,-0.03662109375,-0.25634765625,-0.0732421875,-0.1953125,-0.09765625,-0.244140625,-0.10986328125,0,-0.08544921875,0.8544921875,-0.18310546875,-0.48828125,-0.2685546875,-0.47607421875
0,-0.09765625,-0.3173828125,-0.1220703125,-0.30517578125,0.03662109375,-0.40283203125,-0.06103515625,0.01220703125,0.10986328125,-0.244140625,-0.25634765625,-1.025390625,-0.2197265625,0.76904296875,0.09765625,-0.64697265625,0.8056640625,5.2490234375,0.4638671875,5.4443359375,0.2685546875,4.8583984375,0.048828125,8.21533203125,-0.15869140625,-0.10986328125,-0.244140625,-0.7568359375,-0.59814453125,0.93994140625,-0.23193359375,0.25634765625,-0.048828125,-0.30517578125,0.03662109375,-0.89111328125,-0.06103515625,-0.48828125,-0.1953125,-0.732421875,0.15869140625,-0.23193359375,-0.09765625,-0.62255859375,0.244140625,-0.439453125,0.08544921875,0.64697265625,-0.25634765625,1.18408203125,-0.08544921875,0.48828125,-0.5859375,-0.08544921875,-0.23193359375,0.76904296875,-0.3173828125,1.15966796875,-0.06103515625,0.45166015625,0.1708984375,0.9033203125,0.52490234375,0.146484375,-0.30517578125,0.2685546875,0.09765625,1.0498046875,0.0244140625,0.23193359375,-0.23193359375,0.25634765625,-0.52490234375,0.32958984375,0.0244140625,0.79345703125,-0.0244140625,0.0244140625,0.13427734375,1.37939453125,0.03662109375,-0.9521484375,-0.2685546875,-0.29296875,0.2197265625,-0.93994140625,-0.23193359375,-0.732421875,0.146484375,-1.513671875,-0.0244140625,-0.25634765625,-0.1708984375,-0.30517578125,0.048828125,-1.18408203125,0,0.048828125,-0.048828125,0.146484375,-0.28076171875,-0.1953125,-0.01220703125,0.732421875,-0.0732421875,-0.7080078125,0.1220703125,-1.45263671875,-0.18310546875,-1.025390625,-0.30517578125,0.439453125,0.0244140625,0.0732421875,-0.048828125,-0.25634765625,-0.0732421875,-0.2197265625,-0.06103515625,-0.23193359375,-0.146484375,0,-0.0732421875,0.89111328125,-0.1708984375,-0.48828125,-0.25634765625,-0.45166015625
0,-0.08544921875,-0.3173828125,-0.1220703125,-0.30517578125,0.01220703125,-0.4150390625,-0.048828125,0.0244140625,0.0244140625,-0.244140625,-0.244140625,-1.03759765625,-0.20751953125,0.81787109375,0.06103515625,-0.634765625,0.6591796875,5.517578125,0.439453125,5.6640625,0.341796875,5.029296875,-0.09765625,8.642578125,-0.20751953125,-0.1220703125,-0.28076171875,-0.74462890625,-0.5859375,0.93994140625,-0.06103515625,0.244140625,-0.23193359375,-0.3173828125,0.0732421875,-0.91552734375,-0.10986328125,-0.4638671875,-0.23193359375,-0.732421875,0.13427734375,-0.2197265625,-0.1953125,-0.6103515625,0.1953125,-0.45166015625,0.0732421875,0.634765625,-0.28076171875,1.13525390625,-0.09765625,0.48828125,-0.57373046875,-0.08544921875,-0.18310546875,0.7568359375,-0.25634765625,1.20849609375,-0.048828125,0.4638671875,0.13427734375,0.9033203125,0.52490234375,0.146484375,-0.244140625,0.29296875,0.13427734375,1.03759765625,0.0732421875,0.23193359375,-0.2685546875,0.28076171875,-0.5615234375,0.341796875,0.03662109375,0.81787109375,-0.0244140625,0.0244140625,0.08544921875,1.3916015625,-0.01220703125,-0.9765625,-0.28076171875,-0.32958984375,0.2197265625,-0.93994140625,-0.15869140625,-0.74462890625,0.0244140625,-1.52587890625,-0.03662109375,-0.2685546875,-0.2197265625,-0.29296875,0,-1.171875,0.01220703125,-0.10986328125,-0.1708984375,0.10986328125,-0.2685546875,-0.47607421875,0.0244140625,0.64697265625,0.08544921875,-0.7080078125,0.1220703125,-1.4404296875,-0.146484375,-1.025390625,-0.35400390625,0.42724609375,0.03662109375,0.09765625,-0.0732421875,-0.244140625,-0.0732421875,-0.2197265625,-0.06103515625,-0.2685546875,-0.13427734375,-0.01220703125,-0.06103515625,0.87890625,-0.1708984375,-0.47607421875,-0.23193359375,-0.47607421875
0,-0.08544921875,-0.30517578125,-0.1220703125,-0.30517578125,-0.01220703125,-0.40283203125,-0.048828125,0.03662109375,0.048828125,-0.23193359375,-0.20751953125,-1.03759765625,-0.1953125,0.830078125,0.01220703125,-0.62255859375,0.59814453125,5.55419921875,0.45166015625,5.67626953125,0.341796875,4.99267578125,-0.146484375,8.75244140625,-0.1953125,-0.15869140625,-0.28076171875,-0.78125,-0.5126953125,0.9521484375,0.048828125,0.244140625,-0.29296875,-0.3173828125,0.0732421875,-0.91552734375,-0.146484375,-0.4638671875,-0.25634765625,-0.732421875,0.09765625,-0.20751953125,-0.28076171875,-0.6103515625,0.15869140625,-0.4150390625,0.0244140625,0.64697265625,-0.28076171875,1.123046875,-0.10986328125,0.48828125,-0.47607421875,-0.09765625,-0.1220703125,0.76904296875,-0.25634765625,1.23291015625,0,0.45166015625,0.1220703125,0.927734375,0.52490234375,0.146484375,-0.146484375,0.30517578125,0.1708984375,1.06201171875,0.10986328125,0.2685546875,-0.23193359375,0.2685546875,-0.6591796875,0.3173828125,0.03662109375,0.78125,-0.03662109375,0.01220703125,0.01220703125,1.3671875,-0.03662109375,-0.9765625,-0.25634765625,-0.32958984375,0.2197265625,-0.93994140625,-0.048828125,-0.7568359375,-0.08544921875,-1.513671875,-0.048828125,-0.2685546875,-0.20751953125,-0.29296875,-0.03662109375,-1.171875,0,-0.25634765625,-0.2685546875,0.0244140625,-0.244140625,-0.7080078125,0.048828125,0.5615234375,0.23193359375,-0.7080078125,0.10986328125,-1.4404296875,-0.10986328125,-1.01318359375,-0.390625,0.390625,0.03662109375,0.10986328125,-0.09765625,-0.23193359375,-0.06103515625,-0.2197265625,-0.06103515625,-0.23193359375,-0.15869140625,0.01220703125,-0.06103515625,0.86669921875,-0.146484375,-0.48828125,-0.1953125,-0.4638671875
0,-0.08544921875,-0.3173828125,-0.1220703125,-0.28076171875,-0.0244140625,-0.4150390625,-0.03662109375,0.06103515625,0.06103515625,-0.2685546875,-0.18310546875,-1.0498046875,-0.1953125,0.84228515625,-0.048828125,-0.6103515625,0.52490234375,5.43212890625,0.439453125,5.52978515625,0.244140625,4.8583984375,-0.18310546875,8.58154296875,-0.1708984375,-0.1708984375,-0.23193359375,-0.7568359375,-0.40283203125,0.96435546875,0.06103515625,0.244140625,-0.28076171875,-0.3173828125,0.0244140625,-0.927734375,-0.1953125,-0.42724609375,-0.32958984375,-0.72021484375,0.0244140625,-0.15869140625,-0.37841796875,-0.62255859375,0.13427734375,-0.4150390625,-0.08544921875,0.64697265625,-0.35400390625,1.123046875,-0.08544921875,0.4638671875,-0.42724609375,-0.1220703125,-0.01220703125,0.7568359375,-0.2685546875,1.23291015625,0.06103515625,0.439453125,0,0.91552734375,0.54931640625,0.13427734375,-0.01220703125,0.29296875,0.20751953125,1.0498046875,0.13427734375,0.2685546875,-0.23193359375,0.25634765625,-0.69580078125,0.30517578125,0.0732421875,0.830078125,-0.0244140625,0.01220703125,-0.0732421875,1.35498046875,-0.06103515625,-0.9765625,-0.18310546875,-0.32958984375,0.15869140625,-0.927734375,0.08544921875,-0.7568359375,-0.1708984375,-1.50146484375,-0.08544921875,-0.25634765625,-0.146484375,-0.29296875,-0.09765625,-1.171875,-0.0732421875,-0.3662109375,-0.3173828125,-0.06103515625,-0.1953125,-0.81787109375,0.08544921875,0.48828125,0.3662109375,-0.72021484375,0.06103515625,-1.4404296875,-0.08544921875,-1.03759765625,-0.390625,0.390625,0.06103515625,0.1220703125,-0.10986328125,-0.25634765625,-0.0732421875,-0.20751953125,-0.0732421875,-0.2197265625,-0.1708984375,0,-0.048828125,0.86669921875,-0.1708984375,-0.50048828125,-0.1708984375,-0.48828125
0,-0.10986328125,-0.3173828125,-0.1220703125,-0.2685546875,0,-0.40283203125,-0.06103515625,0.06103515625,0.03662109375,-0.2685546875,-0.1708984375,-1.03759765625,-0.20751953125,0.84228515625,-0.09765625,-0.6103515625,0.42724609375,5.09033203125,0.40283203125,5.17578125,0.1220703125,4.57763671875,-0.1708984375,8.0810546875,-0.10986328125,-0.1708984375,-0.20751953125,-0.76904296875,-0.2197265625,0.93994140625,0.01220703125,0.23193359375,-0.146484375,-0.3173828125,0.048828125,-0.87890625,-0.23193359375,-0.390625,-0.32958984375,-0.72021484375,-0.0244140625,-0.13427734375,-0.4150390625,-0.634765625,0.10986328125,-0.4150390625,-0.09765625,0.6591796875,-0.40283203125,1.13525390625,-0.06103515625,0.48828125,-0.341796875,-0.13427734375,0.08544921875,0.732421875,-0.32958984375,1.23291015625,0.09765625,0.439453125,-0.10986328125,0.89111328125,0.5859375,0.146484375,0.048828125,0.244140625,0.23193359375,1.06201171875,0.13427734375,0.28076171875,-0.18310546875,0.244140625,-0.72021484375,0.29296875,0.08544921875,0.84228515625,-0.01220703125,0.0244140625,-0.13427734375,1.35498046875,-0.048828125,-0.96435546875,-0.1220703125,-0.32958984375,0.146484375,-0.91552734375,0.146484375,-0.7568359375,-0.1953125,-1.4892578125,-0.13427734375,-0.25634765625,0.01220703125,-0.29296875,-0.09765625,-1.18408203125,-0.13427734375,-0.42724609375,-0.341796875,-0.08544921875,-0.1708984375,-0.87890625,0.15869140625,0.4638671875,0.390625,-0.7080078125,0.03662109375,-1.42822265625,-0.03662109375,-1.01318359375,-0.35400390625,0.4150390625,0.06103515625,0.10986328125,-0.09765625,-0.25634765625,-0.0732421875,-0.20751953125,-0.09765625,-0.20751953125,-0.18310546875,0.01220703125,-0.0244140625,0.89111328125,-0.1708984375,-0.48828125,-0.13427734375,-0.47607421875
0,-0.09765625,-0.3173828125,-0.13427734375,-0.2685546875,0.0244140625,-0.37841796875,-0.08544921875,0.06103515625,0.06103515625,-0.29296875,-0.15869140625,-1.0498046875,-0.18310546875,0.8544921875,-0.146484375,-0.634765625,0.45166015625,4.57763671875,0.28076171875,4.67529296875,-0.0732421875,4.16259765625,-0.2197265625,7.2998046875,-0.03662109375,-0.15869140625,-0.18310546875,-0.76904296875,-0.08544921875,0.93994140625,-0.06103515625,0.244140625,0.03662109375,-0.30517578125,0.01220703125,-0.87890625,-0.23193359375,-0.3662109375,-0.390625,-0.72021484375,-0.06103515625,-0.10986328125,-0.40283203125,-0.62255859375,0.08544921875,-0.390625,-0.13427734375,0.64697265625,-0.4150390625,1.1474609375,-0.08544921875,0.48828125,-0.244140625,-0.13427734375,0.15869140625,0.72021484375,-0.32958984375,1.23291015625,0.09765625,0.439453125,-0.09765625,0.86669921875,0.59814453125,0.146484375,0.06103515625,0.20751953125,0.2685546875,1.0498046875,0.10986328125,0.29296875,-0.13427734375,0.244140625,-0.732421875,0.2685546875,0.08544921875,0.8544921875,-0.01220703125,0.0244140625,-0.1708984375,1.3427734375,-0.03662109375,-0.93994140625,-0.0732421875,-0.341796875,0.146484375,-0.93994140625,0.18310546875,-0.76904296875,-0.1953125,-1.47705078125,-0.15869140625,-0.244140625,0.146484375,-0.29296875,-0.0732421875,-1.1962890625,-0.2197265625,-0.439453125,-0.3173828125,-0.08544921875,-0.09765625,-0.87890625,0.28076171875,0.47607421875,0.35400390625,-0.72021484375,0.03662109375,-1.45263671875,-0.01220703125,-1.025390625,-0.2685546875,0.40283203125,0.08544921875,0.09765625,-0.09765625,-0.2685546875,-0.08544921875,-0.1953125,-0.10986328125,-0.20751953125,-0.15869140625,0.01220703125,-0.0244140625,0.86669921875,-0.13427734375,-0.48828125,-0.09765625,-0.47607421875
0,-0.13427734375,-0.3662109375,-0.1220703125,-0.2685546875,0.0244140625,-0.3662109375,-0.10986328125,0.06103515625,0.06103515625,-0.28076171875,-0.15869140625,-1.0498046875,-0.13427734375,0.8544921875,-0.18310546875,-0.64697265625,0.439453125,3.89404296875,0.1708984375,4.0283203125,-0.1953125,3.662109375,-0.25634765625,6.2255859375,0.048828125,-0.15869140625,-0.15869140625,-0.76904296875,0.0244140625,0.91552734375,-0.13427734375,0.2197265625,0.15869140625,-0.3173828125,0.0244140625,-0.86669921875,-0.2685546875,-0.3662109375,-0.42724609375,-0.72021484375,-0.0732421875,-0.1220703125,-0.35400390625,-0.62255859375,0.0244140625,-0.37841796875,-0.1953125,0.64697265625,-0.390625,1.15966796875,-0.09765625,0.48828125,-0.18310546875,-0.146484375,0.1953125,0.69580078125,-0.3662109375,1.220703125,0.0732421875,0.42724609375,-0.0732421875,0.86669921875,0.62255859375,0.1220703125,0.1220703125,0.1708984375,0.25634765625,1.0498046875,0.09765625,0.28076171875,-0.0732421875,0.20751953125,-0.68359375,0.25634765625,0.09765625,0.91552734375,-0.0244140625,0.03662109375,-0.20751953125,1.33056640625,0.0244140625,-0.93994140625,-0.03662109375,-0.341796875,0.15869140625,-0.93994140625,0.146484375,-0.76904296875,-0.1953125,-1.47705078125,-0.15869140625,-0.25634765625,0.2685546875,-0.30517578125,-0.048828125,-1.20849609375,-0.28076171875,-0.45166015625,-0.20751953125,-0.146484375,0.01220703125,-0.76904296875,0.37841796875,0.45166015625,0.20751953125,-0.732421875,0.03662109375,-1.45263671875,0.03662109375,-1.0498046875,-0.1953125,0.40283203125,0.08544921875,0.10986328125,-0.09765625,-0.29296875,-0.0732421875,-0.1953125,-0.13427734375,-0.20751953125,-0.146484375,0.0244140625,-0.03662109375,0.84228515625,-0.1220703125,-0.47607421875,-0.048828125,-0.47607421875
1,-0.13427734375,-0.3662109375,-0.146484375,-0.28076171875,0.01220703125,-0.35400390625,-0.13427734375,0.0244140625,0,-0.28076171875,-0.13427734375,-1.06201171875,-0.13427734375,0.8544921875,-0.15869140625,-0.6591796875,0.390625,3.1005859375,0.0732421875,3.271484375,-0.29296875,3.1005859375,-0.2685546875,4.9560546875,0.15869140625,-0.13427734375,-0.10986328125,-0.78125,0.048828125,0.93994140625,-0.1953125,0.244140625,0.244140625,-0.3173828125,0.08544921875,-0.8544921875,-0.28076171875,-0.35400390625,-0.45166015625,-0.732421875,-0.0732421875,-0.1220703125,-0.25634765625,-0.6103515625,0,-0.390625,-0.2197265625,0.634765625,-0.29296875,1.20849609375,-0.1220703125,0.48828125,-0.09765625,-0.13427734375,0.15869140625,0.69580078125,-0.42724609375,1.18408203125,0.0244140625,0.42724609375,-0.0732421875,0.87890625,0.57373046875,0.10986328125,0.1953125,0.146484375,0.1953125,1.0498046875,0.08544921875,0.2685546875,-0.03662109375,0.1708984375,-0.634765625,0.28076171875,0.08544921875,0.89111328125,-0.01220703125,0.048828125,-0.2197265625,1.318359375,0.10986328125,-0.9521484375,-0.0244140625,-0.341796875,0.1953125,-0.93994140625,0.048828125,-0.76904296875,-0.18310546875,-1.47705078125,-0.13427734375,-0.25634765625,0.2685546875,-0.30517578125,0.03662109375,-1.1962890625,-0.30517578125,-0.45166015625,-0.048828125,-0.20751953125,-0.0244140625,-0.57373046875,0.4150390625,0.47607421875,0.06103515625,-0.74462890625,0.03662109375,-1.45263671875,0.06103515625,-1.0498046875,-0.146484375,0.42724609375,0.06103515625,0.08544921875,-0.06103515625,-0.29296875,-0.06103515625,-0.18310546875,-0.146484375,-0.20751953125,-0.1708984375,0.01220703125,-0.01220703125,0.8544921875,-0.08544921875,-0.47607421875,-0.03662109375,-0.4638671875
1,-0.13427734375,-0.390625,-0.15869140625,-0.29296875,-0.048828125,-0.35400390625,-0.15869140625,0.01220703125,-0.01220703125,-0.28076171875,-0.1220703125,-1.03759765625,-0.10986328125,0.830078125,-0.1708984375,-0.68359375,0.37841796875,2.2705078125,0.0244140625,2.45361328125,-0.341796875,2.4658203125,-0.3173828125,3.60107421875,0.1953125,-0.1220703125,-0.08544921875,-0.76904296875,0.048828125,0.93994140625,-0.20751953125,0.244140625,0.2197265625,-0.32958984375,0.13427734375,-0.86669921875,-0.28076171875,-0.37841796875,-0.47607421875,-0.732421875,-0.03662109375,-0.146484375,-0.1708984375,-0.6103515625,-0.03662109375,-0.390625,-0.23193359375,0.634765625,-0.244140625,1.1962890625,-0.15869140625,0.50048828125,-0.1220703125,-0.13427734375,0.09765625,0.7080078125,-0.439453125,1.15966796875,0.01220703125,0.45166015625,-0.0732421875,0.89111328125,0.54931640625,0.10986328125,0.30517578125,0.146484375,0.146484375,1.0498046875,0.048828125,0.244140625,0,0.20751953125,-0.5859375,0.29296875,0.048828125,0.9033203125,-0.0244140625,0.06103515625,-0.20751953125,1.33056640625,0.15869140625,-0.927734375,-0.03662109375,-0.3173828125,0.15869140625,-0.93994140625,-0.048828125,-0.74462890625,-0.13427734375,-1.47705078125,-0.1220703125,-0.25634765625,0.2685546875,-0.3173828125,0.09765625,-1.1962890625,-0.28076171875,-0.4150390625,0.15869140625,-0.2685546875,-0.01220703125,-0.439453125,0.4638671875,0.48828125,-0.10986328125,-0.74462890625,-0.0244140625,-1.47705078125,0.10986328125,-1.01318359375,-0.10986328125,0.439453125,0.048828125,0.06103515625,-0.048828125,-0.28076171875,-0.0732421875,-0.20751953125,-0.13427734375,-0.1953125,-0.15869140625,0.01220703125,0.01220703125,0.81787109375,-0.06103515625,-0.45166015625,0,-0.45166015625
1,-0.13427734375,-0.4150390625,-0.1708984375,-0.32958984375,-0.09765625,-0.37841796875,-0.146484375,-0.01220703125,-0.0244140625,-0.28076171875,-0.146484375,-1.0498046875,-0.08544921875,0.830078125,-0.2197265625,-0.69580078125,0.390625,1.40380859375,0.048828125,1.66015625,-0.29296875,1.86767578125,-0.30517578125,2.197265625,0.2197265625,-0.10986328125,0,-0.74462890625,-0.03662109375,0.93994140625,-0.15869140625,0.25634765625,0.03662109375,-0.341796875,0.20751953125,-0.89111328125,-0.2685546875,-0.42724609375,-0.45166015625,-0.732421875,0.0244140625,-0.1708984375,-0.08544921875,-0.62255859375,-0.08544921875,-0.4150390625,-0.2197265625,0.634765625,-0.1708984375,1.1962890625,-0.1708984375,0.5126953125,-0.1220703125,-0.09765625,0.09765625,0.732421875,-0.40283203125,1.13525390625,-0.0244140625,0.45166015625,-0.1220703125,0.87890625,0.50048828125,0.10986328125,0.35400390625,0.1708984375,0.09765625,1.06201171875,0.01220703125,0.2685546875,0.01220703125,0.1953125,-0.50048828125,0.30517578125,0.01220703125,0.9033203125,-0.01220703125,0.0732421875,-0.2197265625,1.318359375,0.1953125,-0.927734375,-0.0732421875,-0.30517578125,0.146484375,-0.96435546875,-0.2197265625,-0.74462890625,-0.09765625,-1.46484375,-0.08544921875,-0.244140625,0.2197265625,-0.3173828125,0.1953125,-1.20849609375,-0.30517578125,-0.40283203125,0.23193359375,-0.3173828125,-0.10986328125,-0.3662109375,0.32958984375,0.4638671875,-0.23193359375,-0.78125,-0.06103515625,-1.47705078125,0.08544921875,-1.025390625,-0.10986328125,0.439453125,0.0244140625,0.048828125,-0.06103515625,-0.28076171875,-0.0732421875,-0.20751953125,-0.08544921875,-0.20751953125,-0.15869140625,0.0244140625,0.03662109375,0.84228515625,-0.048828125,-0.4638671875,0,-0.439453125
1,-0.09765625,-0.42724609375,-0.20751953125,-0.32958984375,-0.09765625,-0.390625,-0.13427734375,-0.01220703125,-0.03662109375,-0.244140625,-0.13427734375,-1.0498046875,-0.0732421875,0.81787109375,-0.25634765625,-0.68359375,0.390625,0.59814453125,0.08544921875,0.87890625,-0.1953125,1.30615234375,-0.29296875,0.91552734375,0.244140625,-0.1220703125,0.048828125,-0.76904296875,-0.146484375,0.96435546875,-0.146484375,0.25634765625,-0.1220703125,-0.32958984375,0.29296875,-0.91552734375,-0.23193359375,-0.4638671875,-0.439453125,-0.74462890625,0.0732421875,-0.23193359375,-0.03662109375,-0.6103515625,-0.146484375,-0.4150390625,-0.1708984375,0.634765625,-0.10986328125,1.18408203125,-0.18310546875,0.5126953125,-0.08544921875,-0.06103515625,0.1220703125,0.732421875,-0.35400390625,1.0986328125,-0.09765625,0.42724609375,-0.20751953125,0.89111328125,0.537109375,0.10986328125,0.37841796875,0.18310546875,0.0244140625,1.06201171875,-0.01220703125,0.2685546875,0,0.20751953125,-0.5126953125,0.32958984375,-0.048828125,0.8544921875,-0.03662109375,0.0732421875,-0.2197265625,1.3427734375,0.1953125,-0.927734375,-0.10986328125,-0.28076171875,0.13427734375,-0.9765625,-0.35400390625,-0.74462890625,-0.06103515625,-1.50146484375,0,-0.244140625,0.1708984375,-0.32958984375,0.29296875,-1.1962890625,-0.20751953125,-0.42724609375,0.30517578125,-0.390625,-0.2197265625,-0.3662109375,0.30517578125,0.40283203125,-0.25634765625,-0.7568359375,-0.13427734375,-1.4892578125,0.06103515625,-1.01318359375,-0.1708984375,0.42724609375,0,0.048828125,-0.06103515625,-0.28076171875,-0.0732421875,-0.1953125,-0.08544921875,-0.1953125,-0.15869140625,0,0.01220703125,0.84228515625,-0.0244140625,-0.4638671875,0,-0.45166015625
1,-0.08544921875,-0.42724609375,-0.2197265625,-0.3173828125,-0.09765625,-0.40283203125,-0.13427734375,0.01220703125,-0.03662109375,-0.23193359375,-0.13427734375,-1.0498046875,-0.06103515625,0.81787109375,-0.28076171875,-0.64697265625,0.341796875,-0.10986328125,0.13427734375,0.23193359375,-0.048828125,0.84228515625,-0.25634765625,-0.146484375,0.23193359375,-0.10986328125,0.048828125,-0.7568359375,-0.28076171875,0.927734375,-0.13427734375,0.244140625,-0.3173828125,-0.341796875,0.341796875,-0.91552734375,-0.146484375,-0.50048828125,-0.3662109375,-0.74462890625,0.13427734375,-0.2685546875,0,-0.62255859375,-0.15869140625,-0.439453125,-0.09765625,0.64697265625,-0.10986328125,1.171875,-0.20751953125,0.52490234375,-0.15869140625,-0.0244140625,0.13427734375,0.7568359375,-0.3173828125,1.03759765625,-0.146484375,0.439453125,-0.2685546875,0.91552734375,0.537109375,0.13427734375,0.439453125,0.2197265625,-0.06103515625,1.07421875,-0.0732421875,0.28076171875,-0.01220703125,0.23193359375,-0.47607421875,0.3173828125,-0.06103515625,0.86669921875,-0.03662109375,0.06103515625,-0.20751953125,1.35498046875,0.146484375,-0.9521484375,-0.146484375,-0.29296875,0.048828125,-0.98876953125,-0.45166015625,-0.7568359375,-0.048828125,-1.50146484375,0.08544921875,-0.2197265625,0.10986328125,-0.32958984375,0.35400390625,-1.18408203125,-0.06103515625,-0.48828125,0.32958984375,-0.45166015625,-0.1953125,-0.439453125,0.341796875,0.30517578125,-0.20751953125,-0.74462890625,-0.1953125,-1.45263671875,0.03662109375,-1.01318359375,-0.20751953125,0.4150390625,-0.0244140625,0.06103515625,-0.06103515625,-0.25634765625,-0.0732421875,-0.23193359375,-0.09765625,-0.2197265625,-0.1708984375,0,0,0.830078125,-0.048828125,-0.4638671875,-0.03662109375,-0.439453125
1,-0.08544921875,-0.42724609375,-0.25634765625,-0.3173828125,-0.08544921875,-0.4150390625,-0.1220703125,0.0244140625,-0.06103515625,-0.2197265625,-0.1220703125,-1.07421875,-0.06103515625,0.81787109375,-0.2685546875,-0.62255859375,0.25634765625,-0.69580078125,0.23193359375,-0.2685546875,0.09765625,0.50048828125,-0.20751953125,-0.96435546875,0.20751953125,-0.13427734375,0,-0.76904296875,-0.40283203125,0.96435546875,-0.1708984375,0.244140625,-0.45166015625,-0.32958984375,0.37841796875,-0.91552734375,-0.10986328125,-0.50048828125,-0.29296875,-0.74462890625,0.20751953125,-0.2685546875,-0.01220703125,-0.62255859375,-0.146484375,-0.45166015625,0.01220703125,0.634765625,-0.03662109375,1.1474609375,-0.1953125,0.5126953125,-0.20751953125,-0.01220703125,0.146484375,0.7568359375,-0.30517578125,1.0009765625,-0.15869140625,0.439453125,-0.30517578125,0.87890625,0.57373046875,0.1220703125,0.48828125,0.244140625,-0.1953125,1.0498046875,-0.08544921875,0.25634765625,-0.03662109375,0.23193359375,-0.45166015625,0.30517578125,-0.10986328125,0.8544921875,-0.01220703125,0.03662109375,-0.20751953125,1.35498046875,0.10986328125,-0.96435546875,-0.1708984375,-0.3173828125,-0.01220703125,-0.9765625,-0.47607421875,-0.7568359375,-0.0732421875,-1.52587890625,0.18310546875,-0.23193359375,0.08544921875,-0.3173828125,0.37841796875,-1.1474609375,0.0244140625,-0.5615234375,0.15869140625,-0.52490234375,-0.29296875,-0.54931640625,0.25634765625,0.20751953125,-0.10986328125,-0.7568359375,-0.23193359375,-1.45263671875,0.0244140625,-1.03759765625,-0.1953125,0.390625,-0.048828125,0.048828125,-0.048828125,-0.244140625,-0.0732421875,-0.2685546875,-0.1220703125,-0.23193359375,-0.1708984375,-0.01220703125,-0.01220703125,0.830078125,-0.0732421875,-0.48828125,-0.0732421875,-0.439453125
1,-0.09765625,-0.390625,-0.2685546875,-0.30517578125,-0.048828125,-0.4150390625,-0.1220703125,0.0244140625,-0.06103515625,-0.2197265625,-0.146484375,-1.0498046875,-0.03662109375,0.830078125,-0.29296875,-0.6103515625,0.1953125,-1.0986328125,0.244140625,-0.634765625,0.1708984375,0.28076171875,-0.23193359375,-1.50146484375,0.20751953125,-0.15869140625,-0.048828125,-0.76904296875,-0.45166015625,0.9521484375,-0.2197265625,0.244140625,-0.537109375,-0.3173828125,0.29296875,-0.9033203125,-0.048828125,-0.48828125,-0.25634765625,-0.74462890625,0.28076171875,-0.25634765625,-0.0732421875,-0.634765625,-0.1220703125,-0.42724609375,0.0244140625,0.64697265625,-0.01220703125,1.123046875,-0.18310546875,0.52490234375,-0.244140625,0,0.1708984375,0.7568359375,-0.2685546875,0.98876953125,-0.10986328125,0.4638671875,-0.37841796875,0.84228515625,0.59814453125,0.13427734375,0.4638671875,0.244140625,-0.2685546875,1.06201171875,-0.09765625,0.25634765625,-0.08544921875,0.244140625,-0.47607421875,0.30517578125,-0.10986328125,0.81787109375,0.048828125,0.0244140625,-0.23193359375,1.35498046875,0.01220703125,-0.98876953125,-0.20751953125,-0.3173828125,-0.10986328125,-0.9765625,-0.4150390625,-0.76904296875,-0.13427734375,-1.5380859375,0.2197265625,-0.20751953125,0.03662109375,-0.3173828125,0.341796875,-1.123046875,0.1953125,-0.64697265625,0.1220703125,-0.5859375,-0.25634765625,-0.7080078125,0.2685546875,0.1220703125,0.03662109375,-0.732421875,-0.244140625,-1.45263671875,0.01220703125,-1.01318359375,-0.25634765625,0.3662109375,-0.03662109375,0.06103515625,-0.048828125,-0.23193359375,-0.0732421875,-0.28076171875,-0.146484375,-0.244140625,-0.15869140625,0,0,0.84228515625,-0.0732421875,-0.48828125,-0.09765625,-0.439453125
1,-0.0732421875,-0.3662109375,-0.28076171875,-0.29296875,-0.0732421875,-0.4150390625,-0.13427734375,0.048828125,-0.06103515625,-0.20751953125,-0.15869140625,-1.0498046875,-0.01220703125,0.81787109375,-0.29296875,-0.59814453125,0.146484375,-1.3427734375,0.341796875,-0.84228515625,0.29296875,0.146484375,-0.10986328125,-1.7333984375,0.1708984375,-0.15869140625,-0.09765625,-0.76904296875,-0.439453125,0.9521484375,-0.244140625,0.23193359375,-0.59814453125,-0.3173828125,0.20751953125,-0.91552734375,0.01220703125,-0.47607421875,-0.23193359375,-0.74462890625,0.37841796875,-0.23193359375,-0.13427734375,-0.62255859375,-0.03662109375,-0.439453125,0,0.634765625,-0.08544921875,1.123046875,-0.146484375,0.50048828125,-0.35400390625,0,0.1220703125,0.7568359375,-0.2685546875,0.9765625,-0.048828125,0.45166015625,-0.50048828125,0.78125,0.62255859375,0.13427734375,0.42724609375,0.25634765625,-0.37841796875,1.06201171875,-0.13427734375,0.2685546875,-0.10986328125,0.244140625,-0.4150390625,0.29296875,-0.146484375,0.84228515625,0.13427734375,0.01220703125,-0.25634765625,1.35498046875,-0.0732421875,-0.98876953125,-0.1953125,-0.3173828125,-0.1953125,-0.96435546875,-0.3173828125,-0.76904296875,-0.1953125,-1.55029296875,0.1953125,-0.2197265625,0.0244140625,-0.28076171875,0.23193359375,-1.11083984375,0.2685546875,-0.7080078125,0.10986328125,-0.62255859375,-0.2685546875,-0.84228515625,0.1953125,0.048828125,0.13427734375,-0.732421875,-0.20751953125,-1.46484375,0.01220703125,-1.025390625,-0.2685546875,0.3662109375,-0.06103515625,0.0732421875,-0.06103515625,-0.244140625,-0.08544921875,-0.30517578125,-0.15869140625,-0.2197265625,-0.13427734375,0,0,0.81787109375,-0.10986328125,-0.5126953125,-0.13427734375,-0.45166015625
1,-0.09765625,-0.3662109375,-0.25634765625,-0.28076171875,-0.09765625,-0.40283203125,-0.10986328125,0.03662109375,-0.08544921875,-0.23193359375,-0.15869140625,-1.0498046875,-0.03662109375,0.84228515625,-0.341796875,-0.6103515625,0.1708984375,-1.416015625,0.439453125,-0.9033203125,0.35400390625,0.146484375,0,-1.69677734375,0.1953125,-0.15869140625,-0.1220703125,-0.76904296875,-0.3662109375,0.927734375,-0.2685546875,0.2197265625,-0.54931640625,-0.3173828125,0.0732421875,-0.89111328125,0.048828125,-0.47607421875,-0.23193359375,-0.74462890625,0.42724609375,-0.20751953125,-0.15869140625,-0.62255859375,0.0732421875,-0.40283203125,-0.0732421875,0.6591796875,-0.146484375,1.123046875,-0.13427734375,0.48828125,-0.3662109375,-0.0244140625,0.09765625,0.74462890625,-0.244140625,0.9765625,-0.01220703125,0.4638671875,-0.6103515625,0.732421875,0.62255859375,0.13427734375,0.35400390625,0.244140625,-0.45166015625,1.06201171875,-0.146484375,0.28076171875,-0.15869140625,0.25634765625,-0.35400390625,0.28076171875,-0.13427734375,0.81787109375,0.20751953125,0,-0.3173828125,1.35498046875,-0.13427734375,-0.9765625,-0.20751953125,-0.3173828125,-0.20751953125,-0.9521484375,-0.15869140625,-0.7568359375,-0.23193359375,-1.55029296875,0.1220703125,-0.1953125,0.048828125,-0.2685546875,0.06103515625,-1.11083984375,0.29296875,-0.72021484375,0.15869140625,-0.62255859375,-0.2685546875,-0.86669921875,0.0732421875,0.0244140625,0.1953125,-0.74462890625,-0.09765625,-1.46484375,-0.03662109375,-1.03759765625,-0.28076171875,0.3662109375,-0.048828125,0.08544921875,-0.048828125,-0.244140625,-0.0732421875,-0.29296875,-0.146484375,-0.1953125,-0.146484375,0.01220703125,-0.03662109375,0.81787109375,-0.10986328125,-0.50048828125,-0.1953125,-0.47607421875
1,-0.10986328125,-0.341796875,-0.244140625,-0.29296875,-0.0732421875,-0.390625,-0.1220703125,0.048828125,-0.1220703125,-0.23193359375,-0.15869140625,-1.03759765625,-0.0732421875,0.830078125,-0.35400390625,-0.6103515625,0.15869140625,-1.40380859375,0.4150390625,-0.86669921875,0.32958984375,0.20751953125,0.10986328125,-1.5380859375,0.15869140625,-0.146484375,-0.13427734375,-0.76904296875,-0.25634765625,0.93994140625,-0.28076171875,0.2197265625,-0.54931640625,-0.32958984375,-0.048828125,-0.86669921875,0.06103515625,-0.42724609375,-0.23193359375,-0.732421875,0.439453125,-0.15869140625,-0.1953125,-0.634765625,0.1708984375,-0.40283203125,-0.1708984375,0.6591796875,-0.25634765625,1.1474609375,-0.0732421875,0.45166015625,-0.439453125,-0.06103515625,0.0244140625,0.732421875,-0.20751953125,0.98876953125,-0.01220703125,0.4638671875,-0.67138671875,0.69580078125,0.62255859375,0.10986328125,0.25634765625,0.244140625,-0.45166015625,1.0498046875,-0.18310546875,0.28076171875,-0.146484375,0.244140625,-0.25634765625,0.25634765625,-0.13427734375,0.8056640625,0.244140625,0.01220703125,-0.37841796875,1.35498046875,-0.146484375,-1.0009765625,-0.2197265625,-0.3173828125,-0.1708984375,-0.93994140625,-0.01220703125,-0.7568359375,-0.2685546875,-1.5380859375,0.01220703125,-0.20751953125,0.048828125,-0.28076171875,-0.0732421875,-1.0986328125,0.2197265625,-0.69580078125,0.2197265625,-0.5126953125,-0.28076171875,-0.84228515625,0,0.08544921875,0.2197265625,-0.7080078125,0,-1.47705078125,-0.09765625,-1.025390625,-0.3173828125,0.37841796875,-0.0732421875,0.08544921875,-0.03662109375,-0.25634765625,-0.0732421875,-0.2685546875,-0.13427734375,-0.1953125,-0.13427734375,0.0244140625,-0.06103515625,0.79345703125,-0.10986328125,-0.48828125,-0.20751953125,-0.47607421875
1,-0.10986328125,-0.341796875,-0.244140625,-0.2685546875,-0.0244140625,-0.390625,-0.1220703125,0.06103515625,-0.13427734375,-0.244140625,-0.15869140625,-1.03759765625,-0.10986328125,0.81787109375,-0.35400390625,-0.62255859375,0.146484375,-1.2939453125,0.3662109375,-0.76904296875,0.25634765625,0.3173828125,0.2197265625,-1.2939453125,0.1220703125,-0.13427734375,-0.15869140625,-0.78125,-0.15869140625,0.93994140625,-0.244140625,0.2197265625,-0.50048828125,-0.32958984375,-0.13427734375,-0.8544921875,0.10986328125,-0.4150390625,-0.244140625,-0.72021484375,0.40283203125,-0.15869140625,-0.146484375,-0.64697265625,0.28076171875,-0.3662109375,-0.23193359375,0.6591796875,-0.3662109375,1.171875,-0.03662109375,0.45166015625,-0.47607421875,-0.10986328125,-0.01220703125,0.7568359375,-0.1953125,1.01318359375,0.06103515625,0.4638671875,-0.62255859375,0.67138671875,0.537109375,0.13427734375,0.18310546875,0.2197265625,-0.47607421875,1.06201171875,-0.1708984375,0.244140625,-0.1708984375,0.20751953125,-0.09765625,0.25634765625,-0.10986328125,0.81787109375,0.25634765625,0.01220703125,-0.35400390625,1.3427734375,-0.13427734375,-0.9521484375,-0.2197265625,-0.32958984375,-0.048828125,-0.93994140625,0.0732421875,-0.7568359375,-0.28076171875,-1.52587890625,-0.10986328125,-0.20751953125,0.03662109375,-0.25634765625,-0.23193359375,-1.11083984375,0.13427734375,-0.59814453125,0.30517578125,-0.439453125,-0.2685546875,-0.78125,0.01220703125,0.1708984375,0.13427734375,-0.72021484375,0.10986328125,-1.47705078125,-0.13427734375,-1.03759765625,-0.30517578125,0.37841796875,-0.08544921875,0.09765625,-0.048828125,-0.2685546875,-0.0732421875,-0.23193359375,-0.1220703125,-0.1953125,-0.1220703125,0.01220703125,-0.03662109375,0.7568359375,-0.08544921875,-0.48828125,-0.244140625,-0.47607421875
1,-0.10986328125,-0.35400390625,-0.244140625,-0.25634765625,0.03662109375,-0.37841796875,-0.08544921875,0.048828125,-0.13427734375,-0.25634765625,-0.15869140625,-1.025390625,-0.10986328125,0.830078125,-0.3662109375,-0.634765625,0.09765625,-1.171875,0.2685546875,-0.64697265625,0.1953125,0.42724609375,0.30517578125,-1.03759765625,0.10986328125,-0.1220703125,-0.13427734375,-0.76904296875,-0.048828125,0.9521484375,-0.1708984375,0.23193359375,-0.4638671875,-0.3173828125,-0.146484375,-0.84228515625,0.09765625,-0.40283203125,-0.2685546875,-0.732421875,0.30517578125,-0.13427734375,-0.10986328125,-0.634765625,0.30517578125,-0.35400390625,-0.2685546875,0.64697265625,-0.390625,1.1962890625,-0.0244140625,0.439453125,-0.52490234375,-0.1220703125,-0.0244140625,0.7568359375,-0.18310546875,0.98876953125,0.0732421875,0.47607421875,-0.6103515625,0.64697265625,0.5126953125,0.10986328125,0.03662109375,0.20751953125,-0.47607421875,1.0498046875,-0.1708984375,0.23193359375,-0.15869140625,0.18310546875,-0.0244140625,0.23193359375,-0.08544921875,0.8056640625,0.244140625,0.03662109375,-0.341796875,1.33056640625,-0.09765625,-0.91552734375,-0.20751953125,-0.3173828125,0.09765625,-0.927734375,0.10986328125,-0.74462890625,-0.25634765625,-1.513671875,-0.18310546875,-0.1953125,0,-0.25634765625,-0.25634765625,-1.11083984375,-0.0244140625,-0.48828125,0.3173828125,-0.32958984375,-0.13427734375,-0.5859375,0.0732421875,0.30517578125,0.08544921875,-0.7568359375,0.18310546875,-1.50146484375,-0.09765625,-1.03759765625,-0.2197265625,0.4150390625,-0.09765625,0.08544921875,-0.0244140625,-0.2685546875,-0.08544921875,-0.23193359375,-0.146484375,-0.1708984375,-0.1220703125,0.0244140625,-0.0732421875,0.76904296875,-0.0732421875,-0.47607421875,-0.28076171875,-0.48828125
1,-0.08544921875,-0.37841796875,-0.23193359375,-0.25634765625,0.0244140625,-0.3662109375,-0.06103515625,0.06103515625,-0.15869140625,-0.25634765625,-0.15869140625,-1.025390625,-0.09765625,0.830078125,-0.32958984375,-0.6103515625,0.06103515625,-1.0498046875,0.15869140625,-0.537109375,0.10986328125,0.52490234375,0.341796875,-0.8544921875,0.0732421875,-0.1220703125,-0.10986328125,-0.78125,0.01220703125,0.93994140625,-0.0732421875,0.23193359375,-0.54931640625,-0.32958984375,-0.08544921875,-0.81787109375,0.0732421875,-0.4150390625,-0.32958984375,-0.7080078125,0.146484375,-0.13427734375,-0.0732421875,-0.634765625,0.29296875,-0.341796875,-0.28076171875,0.67138671875,-0.40283203125,1.1962890625,-0.0244140625,0.42724609375,-0.5859375,-0.15869140625,-0.01220703125,0.7568359375,-0.1953125,0.9765625,0.06103515625,0.47607421875,-0.6103515625,0.634765625,0.50048828125,0.1220703125,-0.048828125,0.1953125,-0.439453125,1.06201171875,-0.1953125,0.244140625,-0.15869140625,0.1953125,0.13427734375,0.25634765625,-0.03662109375,0.8056640625,0.23193359375,0.048828125,-0.2685546875,1.35498046875,-0.048828125,-0.927734375,-0.2197265625,-0.3173828125,0.244140625,-0.91552734375,0.0732421875,-0.7568359375,-0.244140625,-1.50146484375,-0.23193359375,-0.1953125,-0.08544921875,-0.2197265625,-0.1953125,-1.13525390625,-0.18310546875,-0.341796875,0.3173828125,-0.1953125,-0.048828125,-0.3662109375,0.1220703125,0.47607421875,0.03662109375,-0.7568359375,0.20751953125,-1.50146484375,-0.06103515625,-1.025390625,-0.18310546875,0.42724609375,-0.09765625,0.0732421875,-0.0244140625,-0.28076171875,-0.08544921875,-0.20751953125,-0.146484375,-0.1953125,-0.10986328125,0.03662109375,-0.08544921875,0.76904296875,-0.08544921875,-0.47607421875,-0.29296875,-0.47607421875
1,-0.09765625,-0.35400390625,-0.244140625,-0.28076171875,-0.01220703125,-0.35400390625,-0.0732421875,0.03662109375,-0.18310546875,-0.23193359375,-0.146484375,-1.025390625,-0.1220703125,0.830078125,-0.28076171875,-0.64697265625,0.03662109375,-0.93994140625,0.1220703125,-0.47607421875,0.09765625,0.5859375,0.341796875,-0.81787109375,0.03662109375,-0.09765625,-0.06103515625,-0.78125,0.048828125,0.927734375,0.01220703125,0.244140625,-0.5859375,-0.35400390625,0.03662109375,-0.830078125,0,-0.439453125,-0.40283203125,-0.69580078125,-0.01220703125,-0.1708984375,-0.048828125,-0.62255859375,0.2197265625,-0.341796875,-0.30517578125,0.634765625,-0.341796875,1.18408203125,-0.06103515625,0.439453125,-0.6103515625,-0.15869140625,-0.048828125,0.76904296875,-0.2197265625,0.927734375,0.06103515625,0.4638671875,-0.537109375,0.64697265625,0.48828125,0.13427734375,-0.10986328125,0.23193359375,-0.4638671875,1.0498046875,-0.1953125,0.2197265625,-0.10986328125,0.20751953125,0.20751953125,0.29296875,-0.01220703125,0.81787109375,0.2197265625,0.03662109375,-0.15869140625,1.35498046875,0,-0.9033203125,-0.18310546875,-0.3173828125,0.30517578125,-0.927734375,0.01220703125,-0.7568359375,-0.3173828125,-1.4892578125,-0.25634765625,-0.2197265625,-0.20751953125,-0.244140625,-0.09765625,-1.18408203125,-0.28076171875,-0.1953125,0.30517578125,-0.06103515625,-0.09765625,-0.1953125,0.146484375,0.62255859375,0.0732421875,-0.74462890625,0.1708984375,-1.513671875,-0.0244140625,-1.025390625,-0.146484375,0.45166015625,-0.10986328125,0.06103515625,-0.0732421875,-0.28076171875,-0.08544921875,-0.2197265625,-0.1220703125,-0.20751953125,-0.1220703125,0.03662109375,-0.08544921875,0.78125,-0.048828125,-0.4638671875,-0.30517578125,-0.4638671875
0,-0.0732421875,-0.3662109375,-0.25634765625,-0.29296875,-0.048828125,-0.3662109375,-0.03662109375,0,-0.20751953125,-0.244140625,-0.18310546875,-1.03759765625,-0.09765625,0.8056640625,-0.2685546875,-0.64697265625,-0.06103515625,-0.87890625,0.06103515625,-0.4638671875,0.0732421875,0.6103515625,0.25634765625,-0.86669921875,0.048828125,-0.10986328125,0.01220703125,-0.78125,0,0.93994140625,0.10986328125,0.2685546875,-0.64697265625,-0.3662109375,0.146484375,-0.830078125,-0.08544921875,-0.48828125,-0.52490234375,-0.7080078125,-0.09765625,-0.2197265625,-0.06103515625,-0.64697265625,0.0732421875,-0.37841796875,-0.3173828125,0.634765625,-0.30517578125,1.20849609375,-0.048828125,0.47607421875,-0.6591796875,-0.15869140625,-0.048828125,0.76904296875,-0.23193359375,0.8544921875,0.048828125,0.45166015625,-0.5126953125,0.68359375,0.48828125,0.13427734375,-0.146484375,0.25634765625,-0.4150390625,1.0498046875,-0.2197265625,0.20751953125,-0.09765625,0.244140625,0.2197265625,0.30517578125,0.048828125,0.81787109375,0.2197265625,0.048828125,-0.0732421875,1.3671875,0.06103515625,-0.91552734375,-0.146484375,-0.30517578125,0.341796875,-0.9521484375,-0.048828125,-0.74462890625,-0.32958984375,-1.50146484375,-0.25634765625,-0.2197265625,-0.25634765625,-0.29296875,0.06103515625,-1.20849609375,-0.3173828125,-0.10986328125,0.1953125,0.048828125,-0.10986328125,-0.09765625,0.09765625,0.74462890625,0.10986328125,-0.76904296875,0.08544921875,-1.4892578125,-0.03662109375,-1.01318359375,-0.10986328125,0.45166015625,-0.13427734375,0.06103515625,-0.08544921875,-0.2685546875,-0.09765625,-0.244140625,-0.10986328125,-0.18310546875,-0.10986328125,0.0244140625,-0.09765625,0.76904296875,-0.06103515625,-0.47607421875,-0.30517578125,-0.4638671875
0,-0.0732421875,-0.37841796875,-0.23193359375,-0.30517578125,-0.048828125,-0.390625,-0.0244140625,0,-0.18310546875,-0.244140625,-0.15869140625,-1.0498046875,-0.10986328125,0.830078125,-0.2197265625,-0.6591796875,-0.13427734375,-0.89111328125,-0.0244140625,-0.45166015625,0.09765625,0.57373046875,0.048828125,-1.01318359375,0.03662109375,-0.1220703125,0.048828125,-0.76904296875,-0.048828125,0.93994140625,0.2197265625,0.25634765625,-0.7080078125,-0.35400390625,0.2685546875,-0.84228515625,-0.1708984375,-0.50048828125,-0.50048828125,-0.7080078125,-0.13427734375,-0.244140625,-0.10986328125,-0.64697265625,-0.03662109375,-0.3662109375,-0.244140625,0.62255859375,-0.2685546875,1.171875,-0.048828125,0.50048828125,-0.62255859375,-0.18310546875,-0.08544921875,0.76904296875,-0.244140625,0.78125,0.048828125,0.439453125,-0.52490234375,0.68359375,0.50048828125,0.146484375,-0.1708984375,0.28076171875,-0.341796875,1.06201171875,-0.244140625,0.20751953125,-0.06103515625,0.244140625,0.244140625,0.32958984375,0.048828125,0.8056640625,0.1708984375,0.03662109375,0.03662109375,1.3671875,0.1220703125,-0.89111328125,-0.09765625,-0.3173828125,0.3173828125,-0.93994140625,-0.0732421875,-0.7568359375,-0.390625,-1.4892578125,-0.244140625,-0.244140625,-0.2685546875,-0.30517578125,0.20751953125,-1.220703125,-0.25634765625,-0.06103515625,0.09765625,0.1220703125,-0.048828125,-0.0732421875,0.13427734375,0.78125,0.18310546875,-0.7568359375,-0.01220703125,-1.46484375,0.01220703125,-1.01318359375,-0.09765625,0.45166015625,-0.13427734375,0.03662109375,-0.0732421875,-0.244140625,-0.08544921875,-0.28076171875,-0.0732421875,-0.1953125,-0.10986328125,0.03662109375,-0.0732421875,0.79345703125,-0.01220703125,-0.50048828125,-0.29296875,-0.45166015625
0,-0.09765625,-0.390625,-0.244140625,-0.32958984375,-0.048828125,-0.390625,-0.01220703125,0,-0.18310546875,-0.2197265625,-0.146484375,-1.06201171875,-0.09765625,0.8056640625,-0.2197265625,-0.6591796875,-0.1953125,-0.93994140625,-0.03662109375,-0.48828125,0.15869140625,0.537109375,-0.18310546875,-1.1474609375,0.0732421875,-0.1220703125,0.08544921875,-0.7568359375,-0.08544921875,0.93994140625,0.244140625,0.244140625,-0.68359375,-0.341796875,0.3662109375,-0.8544921875,-0.20751953125,-0.50048828125,-0.5126953125,-0.7080078125,-0.10986328125,-0.2197265625,-0.1708984375,-0.64697265625,-0.1220703125,-0.37841796875,-0.2197265625,0.6103515625,-0.1953125,1.171875,-0.048828125,0.5126953125,-0.57373046875,-0.1953125,-0.13427734375,0.76904296875,-0.2197265625,0.72021484375,0.06103515625,0.439453125,-0.4150390625,0.7080078125,0.50048828125,0.1220703125,-0.23193359375,0.30517578125,-0.2685546875,1.0498046875,-0.25634765625,0.2197265625,-0.048828125,0.25634765625,0.1708984375,0.3173828125,0.048828125,0.8056640625,0.146484375,0.0244140625,0.10986328125,1.3916015625,0.1708984375,-0.91552734375,-0.06103515625,-0.30517578125,0.1953125,-0.9765625,-0.08544921875,-0.7568359375,-0.4150390625,-1.50146484375,-0.15869140625,-0.25634765625,-0.244140625,-0.32958984375,0.2685546875,-1.2451171875,-0.20751953125,-0.08544921875,-0.0732421875,0.09765625,-0.03662109375,-0.146484375,0.1220703125,0.7568359375,0.23193359375,-0.72021484375,-0.15869140625,-1.46484375,0.0244140625,-1.01318359375,-0.048828125,0.45166015625,-0.1220703125,0.03662109375,-0.08544921875,-0.23193359375,-0.0732421875,-0.30517578125,-0.10986328125,-0.2197265625,-0.10986328125,0.048828125,-0.10986328125,0.7568359375,0,-0.52490234375,-0.25634765625,-0.4638671875
0,-0.09765625,-0.40283203125,-0.244140625,-0.3173828125,-0.01220703125,-0.40283203125,-0.01220703125,0,-0.1953125,-0.23193359375,-0.146484375,-1.0498046875,-0.09765625,0.81787109375,-0.18310546875,-0.634765625,-0.30517578125,-0.9521484375,-0.0732421875,-0.52490234375,0.13427734375,0.47607421875,-0.341796875,-1.2939453125,0.13427734375,-0.13427734375,0.0732421875,-0.76904296875,-0.1220703125,0.9521484375,0.2685546875,0.25634765625,-0.64697265625,-0.3173828125,0.45166015625,-0.8544921875,-0.244140625,-0.48828125,-0.48828125,-0.72021484375,-0.01220703125,-0.2197265625,-0.25634765625,-0.6591796875,-0.1953125,-0.37841796875,-0.146484375,0.6103515625,-0.13427734375,1.1474609375,-0.0732421875,0.52490234375,-0.57373046875,-0.1708984375,-0.146484375,0.7568359375,-0.2685546875,0.64697265625,0.06103515625,0.45166015625,-0.32958984375,0.69580078125,0.5615234375,0.1220703125,-0.29296875,0.32958984375,-0.15869140625,1.06201171875,-0.2685546875,0.20751953125,-0.048828125,0.28076171875,0.06103515625,0.3173828125,0,0.79345703125,0.146484375,0,0.146484375,1.35498046875,0.23193359375,-0.93994140625,-0.01220703125,-0.3173828125,0.048828125,-0.9765625,-0.048828125,-0.76904296875,-0.4150390625,-1.52587890625,-0.1220703125,-0.244140625,-0.13427734375,-0.341796875,0.32958984375,-1.2451171875,-0.15869140625,-0.1708984375,-0.244140625,0.0732421875,-0.08544921875,-0.30517578125,0.15869140625,0.68359375,0.23193359375,-0.72021484375,-0.2685546875,-1.4404296875,0.048828125,-1.01318359375,-0.01220703125,0.45166015625,-0.13427734375,0.03662109375,-0.0732421875,-0.2197265625,-0.06103515625,-0.30517578125,-0.10986328125,-0.20751953125,-0.10986328125,0.01220703125,-0.1220703125,0.74462890625,-0.01220703125,-0.5126953125,-0.20751953125,-0.4638671875
0,-0.1220703125,-0.37841796875,-0.23193359375,-0.30517578125,0,-0.42724609375,-0.0244140625,0,-0.1953125,-0.2197265625,-0.15869140625,-1.06201171875,-0.0732421875,0.81787109375,-0.146484375,-0.6103515625,-0.3662109375,-0.9765625,-0.09765625,-0.5126953125,0.01220703125,0.45166015625,-0.537109375,-1.37939453125,0.1953125,-0.15869140625,0.048828125,-0.7568359375,-0.1220703125,0.96435546875,0.23193359375,0.244140625,-0.54931640625,-0.30517578125,0.45166015625,-0.87890625,-0.23193359375,-0.47607421875,-0.50048828125,-0.72021484375,0.1220703125,-0.2197265625,-0.29296875,-0.634765625,-0.1953125,-0.4150390625,-0.1220703125,0.62255859375,-0.0732421875,1.15966796875,-0.08544921875,0.50048828125,-0.52490234375,-0.18310546875,-0.18310546875,0.76904296875,-0.3173828125,0.62255859375,0.06103515625,0.45166015625,-0.18310546875,0.68359375,0.6103515625,0.13427734375,-0.29296875,0.3173828125,-0.09765625,1.0498046875,-0.23193359375,0.20751953125,-0.08544921875,0.25634765625,-0.0244140625,0.3173828125,-0.0244140625,0.76904296875,0.1220703125,0,0.18310546875,1.3671875,0.20751953125,-0.93994140625,0.0244140625,-0.3173828125,-0.09765625,-0.9765625,-0.0244140625,-0.76904296875,-0.40283203125,-1.5380859375,-0.03662109375,-0.2685546875,-0.048828125,-0.37841796875,0.2685546875,-1.220703125,-0.09765625,-0.3173828125,-0.2685546875,-0.03662109375,-0.01220703125,-0.48828125,0.20751953125,0.5615234375,0.18310546875,-0.7080078125,-0.3173828125,-1.416015625,0.08544921875,-1.025390625,0.06103515625,0.42724609375,-0.1708984375,0.048828125,-0.06103515625,-0.2197265625,-0.08544921875,-0.32958984375,-0.1220703125,-0.1953125,-0.08544921875,-0.0244140625,-0.1220703125,0.7568359375,-0.0244140625,-0.52490234375,-0.1708984375,-0.48828125
0,-0.13427734375,-0.37841796875,-0.20751953125,-0.29296875,-0.01220703125,-0.4150390625,-0.0244140625,0.0244140625,-0.2197265625,-0.23193359375,-0.1220703125,-1.0498046875,-0.06103515625,0.830078125,-0.10986328125,-0.59814453125,-0.341796875,-0.9521484375,-0.03662109375,-0.50048828125,-0.01220703125,0.45166015625,-0.4638671875,-1.37939453125,0.244140625,-0.18310546875,0,-0.7568359375,-0.09765625,0.9521484375,0.13427734375,0.244140625,-0.390625,-0.2685546875,0.35400390625,-0.87890625,-0.1708984375,-0.42724609375,-0.52490234375,-0.72021484375,0.23193359375,-0.18310546875,-0.3173828125,-0.64697265625,-0.15869140625,-0.390625,-0.09765625,0.634765625,-0.048828125,1.15966796875,-0.13427734375,0.48828125,-0.45166015625,-0.1708984375,-0.146484375,0.7568359375,-0.35400390625,0.59814453125,0.13427734375,0.4638671875,-0.09765625,0.67138671875,0.6103515625,0.10986328125,-0.30517578125,0.28076171875,-0.0732421875,1.03759765625,-0.20751953125,0.2197265625,-0.13427734375,0.2685546875,-0.18310546875,0.28076171875,-0.03662109375,0.76904296875,0.13427734375,-0.01220703125,0.1708984375,1.3671875,0.1953125,-0.96435546875,0.06103515625,-0.29296875,-0.18310546875,-0.927734375,-0.01220703125,-0.76904296875,-0.390625,-1.55029296875,0.01220703125,-0.25634765625,0.048828125,-0.35400390625,0.1953125,-1.220703125,-0.09765625,-0.439453125,-0.20751953125,-0.146484375,0.0244140625,-0.57373046875,0.20751953125,0.42724609375,0.10986328125,-0.7080078125,-0.2685546875,-1.42822265625,0.06103515625,-1.03759765625,0.09765625,0.390625,-0.1708984375,0.0732421875,-0.03662109375,-0.2197265625,-0.0732421875,-0.30517578125,-0.13427734375,-0.18310546875,-0.09765625,-0.06103515625,-0.1220703125,0.76904296875,-0.03662109375,-0.5126953125,-0.146484375,-0.52490234375
0,-0.1708984375,-0.35400390625,-0.2197265625,-0.25634765625,-0.03662109375,-0.4150390625,-0.0244140625,0.03662109375,-0.25634765625,-0.23193359375,-0.09765625,-1.07421875,-0.03662109375,0.81787109375,-0.0732421875,-0.5615234375,-0.35400390625,-0.89111328125,-0.0732421875,-0.439453125,-0.0732421875,0.50048828125,-0.25634765625,-1.2939453125,0.2685546875,-0.1708984375,-0.06103515625,-0.7568359375,-0.08544921875,0.9521484375,0,0.244140625,-0.3173828125,-0.25634765625,0.25634765625,-0.89111328125,-0.0732421875,-0.37841796875,-0.4638671875,-0.7080078125,0.341796875,-0.15869140625,-0.25634765625,-0.62255859375,-0.10986328125,-0.390625,-0.13427734375,0.64697265625,-0.0732421875,1.18408203125,-0.20751953125,0.4638671875,-0.42724609375,-0.1708984375,-0.09765625,0.74462890625,-0.3662109375,0.634765625,0.13427734375,0.47607421875,-0.048828125,0.64697265625,0.59814453125,0.10986328125,-0.28076171875,0.25634765625,0.01220703125,1.06201171875,-0.146484375,0.20751953125,-0.1708984375,0.23193359375,-0.30517578125,0.2685546875,-0.08544921875,0.78125,0.13427734375,-0.01220703125,0.146484375,1.35498046875,0.20751953125,-0.98876953125,0.08544921875,-0.28076171875,-0.1953125,-0.93994140625,-0.01220703125,-0.74462890625,-0.3662109375,-1.5380859375,0,-0.2685546875,0.13427734375,-0.341796875,0.146484375,-1.220703125,-0.08544921875,-0.5126953125,-0.048828125,-0.23193359375,0.06103515625,-0.5615234375,0.20751953125,0.3662109375,0,-0.7080078125,-0.1708984375,-1.42822265625,0.01220703125,-1.0498046875,0.10986328125,0.390625,-0.2197265625,0.08544921875,-0.0244140625,-0.2197265625,-0.06103515625,-0.29296875,-0.13427734375,-0.1708984375,-0.09765625,-0.03662109375,-0.1220703125,0.7568359375,-0.01220703125,-0.50048828125,-0.146484375,-0.537109375
0,-0.15869140625,-0.35400390625,-0.1953125,-0.25634765625,-0.048828125,-0.4150390625,-0.03662109375,0.048828125,-0.244140625,-0.244140625,-0.06103515625,-1.06201171875,0,0.830078125,-0.09765625,-0.57373046875,-0.390625,-0.78125,-0.08544921875,-0.3173828125,-0.2197265625,0.5859375,-0.15869140625,-1.0986328125,0.30517578125,-0.1708984375,-0.09765625,-0.7568359375,-0.09765625,0.9521484375,-0.15869140625,0.25634765625,-0.2197265625,-0.2685546875,0.146484375,-0.87890625,0.0244140625,-0.35400390625,-0.45166015625,-0.7080078125,0.3662109375,-0.146484375,-0.1708984375,-0.634765625,0.0244140625,-0.390625,-0.1953125,0.6591796875,-0.08544921875,1.20849609375,-0.25634765625,0.439453125,-0.32958984375,-0.1708984375,-0.048828125,0.732421875,-0.29296875,0.72021484375,0.13427734375,0.4638671875,-0.0732421875,0.634765625,0.59814453125,0.13427734375,-0.244140625,0.244140625,0.1220703125,1.06201171875,-0.10986328125,0.20751953125,-0.18310546875,0.2197265625,-0.439453125,0.28076171875,-0.10986328125,0.7568359375,0.10986328125,-0.0244140625,0.10986328125,1.35498046875,0.1953125,-0.98876953125,0.0732421875,-0.2685546875,-0.20751953125,-0.927734375,-0.06103515625,-0.74462890625,-0.29296875,-1.52587890625,-0.01220703125,-0.244140625,0.13427734375,-0.30517578125,0.08544921875,-1.18408203125,-0.1220703125,-0.439453125,0.10986328125,-0.23193359375,0.0244140625,-0.4150390625,0.13427734375,0.3662109375,-0.08544921875,-0.7080078125,-0.06103515625,-1.416015625,-0.0244140625,-1.025390625,0.09765625,0.40283203125,-0.23193359375,0.09765625,-0.0244140625,-0.25634765625,-0.09765625,-0.244140625,-0.15869140625,-0.1708984375,-0.10986328125,-0.048828125,-0.1220703125,0.76904296875,-0.048828125,-0.47607421875,-0.1708984375,-0.52490234375
0,-0.18310546875,-0.32958984375,-0.20751953125,-0.2685546875,-0.01220703125,-0.4150390625,-0.0244140625,0.03662109375,-0.25634765625,-0.28076171875,-0.06103515625,-1.06201171875,0,0.84228515625,-0.13427734375,-0.5615234375,-0.3173828125,-0.64697265625,-0.0732421875,-0.15869140625,-0.18310546875,0.7080078125,0.048828125,-0.86669921875,0.25634765625,-0.1708984375,-0.1220703125,-0.7568359375,-0.08544921875,0.9521484375,-0.341796875,0.2685546875,-0.23193359375,-0.2685546875,0.08544921875,-0.9033203125,0.1220703125,-0.32958984375,-0.47607421875,-0.732421875,0.390625,-0.13427734375,-0.08544921875,-0.62255859375,0.10986328125,-0.390625,-0.2197265625,0.64697265625,-0.10986328125,1.220703125,-0.29296875,0.42724609375,-0.32958984375,-0.1708984375,0,0.732421875,-0.2197265625,0.79345703125,0.10986328125,0.47607421875,-0.09765625,0.634765625,0.5615234375,0.146484375,-0.1708984375,0.23193359375,0.2197265625,1.07421875,-0.09765625,0.20751953125,-0.1708984375,0.20751953125,-0.6103515625,0.25634765625,-0.15869140625,0.78125,0.03662109375,-0.0244140625,0.0732421875,1.33056640625,0.15869140625,-0.96435546875,0.048828125,-0.28076171875,-0.10986328125,-0.93994140625,-0.1220703125,-0.732421875,-0.2197265625,-1.50146484375,-0.06103515625,-0.244140625,0.10986328125,-0.29296875,0.0732421875,-1.18408203125,-0.09765625,-0.2685546875,0.25634765625,-0.1220703125,-0.0244140625,-0.09765625,0.1708984375,0.48828125,-0.18310546875,-0.72021484375,0.048828125,-1.42822265625,-0.09765625,-1.03759765625,0.06103515625,0.390625,-0.25634765625,0.08544921875,-0.01220703125,-0.25634765625,-0.08544921875,-0.2197265625,-0.15869140625,-0.1708984375,-0.10986328125,-0.06103515625,-0.10986328125,0.81787109375,-0.03662109375,-0.47607421875,-0.1708984375,-0.5126953125
0,-0.15869140625,-0.32958984375,-0.1953125,-0.2685546875,-0.01220703125,-0.37841796875,-0.0244140625,0.0244140625,-0.1953125,-0.29296875,-0.0244140625,-1.0498046875,0.0244140625,0.84228515625,-0.1708984375,-0.59814453125,-0.3173828125,-0.48828125,-0.08544921875,0.01220703125,-0.18310546875,0.830078125,0.1708984375,-0.64697265625,0.146484375,-0.1220703125,-0.13427734375,-0.76904296875,-0.1708984375,0.9521484375,-0.439453125,0.2685546875,-0.30517578125,-0.28076171875,0.048828125,-0.87890625,0.23193359375,-0.341796875,-0.4150390625,-0.72021484375,0.37841796875,-0.1220703125,0.01220703125,-0.62255859375,0.1953125,-0.3662109375,-0.2197265625,0.6591796875,-0.09765625,1.20849609375,-0.3173828125,0.439453125,-0.29296875,-0.1708984375,0.0732421875,0.732421875,-0.146484375,0.89111328125,0.06103515625,0.47607421875,-0.03662109375,0.6591796875,0.5126953125,0.1220703125,-0.03662109375,0.2197265625,0.30517578125,1.07421875,-0.0732421875,0.20751953125,-0.1220703125,0.18310546875,-0.69580078125,0.2685546875,-0.1220703125,0.79345703125,0.01220703125,0,0.03662109375,1.35498046875,0.146484375,-0.93994140625,-0.01220703125,-0.28076171875,0,-0.927734375,-0.2197265625,-0.74462890625,-0.13427734375,-1.4892578125,-0.0732421875,-0.20751953125,0.03662109375,-0.2685546875,0.0244140625,-1.18408203125,-0.08544921875,0.048828125,0.2197265625,0.10986328125,-0.08544921875,0.439453125,0.146484375,0.74462890625,-0.20751953125,-0.74462890625,0.1220703125,-1.45263671875,-0.13427734375,-1.0498046875,0.08544921875,0.40283203125,-0.28076171875,0.09765625,-0.01220703125,-0.2685546875,-0.0732421875,-0.1953125,-0.18310546875,-0.1708984375,-0.1220703125,-0.048828125,-0.10986328125,0.81787109375,-0.01220703125,-0.4638671875,-0.1708984375,-0.50048828125
0,-0.15869140625,-0.341796875,-0.2197265625,-0.28076171875,-0.0244140625,-0.37841796875,-0.01220703125,0.0244140625,-0.20751953125,-0.29296875,0,-1.06201171875,0.048828125,0.84228515625,-0.1708984375,-0.64697265625,-0.2685546875,-0.29296875,-0.03662109375,0.1708984375,-0.09765625,0.9521484375,0.20751953125,-0.439453125,0.048828125,-0.1220703125,-0.15869140625,-0.7568359375,-0.28076171875,0.93994140625,-0.439453125,0.25634765625,-0.48828125,-0.3173828125,0.08544921875,-0.86669921875,0.30517578125,-0.3662109375,-0.439453125,-0.72021484375,0.37841796875,-0.1220703125,0.06103515625,-0.634765625,0.2197265625,-0.3662109375,-0.23193359375,0.634765625,-0.06103515625,1.220703125,-0.341796875,0.45166015625,-0.244140625,-0.1953125,0.146484375,0.74462890625,-0.0732421875,0.98876953125,0.048828125,0.439453125,-0.08544921875,0.7080078125,0.4638671875,0.1708984375,0.06103515625,0.23193359375,0.32958984375,1.06201171875,-0.06103515625,0.18310546875,-0.08544921875,0.1953125,-0.7568359375,0.28076171875,-0.09765625,0.76904296875,-0.048828125,0.0244140625,0.0244140625,1.3671875,0.13427734375,-0.91552734375,-0.08544921875,-0.28076171875,0.146484375,-0.9521484375,-0.29296875,-0.74462890625,-0.1220703125,-1.45263671875,-0.08544921875,-0.18310546875,-0.08544921875,-0.23193359375,0.0244140625,-1.1962890625,-0.06103515625,0.5126953125,0.1953125,0.42724609375,-0.0732421875,1.18408203125,0.18310546875,1.13525390625,-0.13427734375,-0.76904296875,0.146484375,-1.46484375,-0.15869140625,-1.03759765625,0.09765625,0.42724609375,-0.28076171875,0.08544921875,-0.01220703125,-0.29296875,-0.06103515625,-0.1708984375,-0.15869140625,-0.18310546875,-0.13427734375,-0.0244140625,-0.08544921875,0.8544921875,-0.03662109375,-0.48828125,-0.1708984375,-0.48828125
0,-0.15869140625,-0.341796875,-0.23193359375,-0.29296875,-0.0244140625,-0.35400390625,-0.01220703125,0.01220703125,-0.20751953125,-0.28076171875,0.0244140625,-1.0498046875,0.048828125,0.84228515625,-0.1708984375,-0.64697265625,-0.341796875,-0.10986328125,0.03662109375,0.341796875,0.06103515625,1.06201171875,0.23193359375,-0.3173828125,-0.08544921875,-0.09765625,-0.15869140625,-0.78125,-0.3662109375,0.927734375,-0.341796875,0.244140625,-0.69580078125,-0.35400390625,0.1220703125,-0.8544921875,0.341796875,-0.37841796875,-0.4150390625,-0.7080078125,0.32958984375,-0.13427734375,0.08544921875,-0.6103515625,0.1953125,-0.37841796875,-0.1953125,0.634765625,-0.08544921875,1.20849609375,-0.32958984375,0.47607421875,-0.244140625,-0.1708984375,0.20751953125,0.76904296875,-0.03662109375,1.07421875,-0.0244140625,0.439453125,-0.048828125,0.76904296875,0.4150390625,0.18310546875,0.10986328125,0.28076171875,0.3662109375,1.06201171875,-0.0244140625,0.18310546875,-0.0244140625,0.2197265625,-0.78125,0.30517578125,-0.1220703125,0.81787109375,-0.08544921875,0.01220703125,-0.0244140625,1.3671875,0.15869140625,-0.9033203125,-0.10986328125,-0.2685546875,0.244140625,-0.96435546875,-0.28076171875,-0.732421875,-0.146484375,-1.47705078125,-0.08544921875,-0.1708984375,-0.1953125,-0.244140625,0,-1.1962890625,-0.048828125,1.11083984375,0.10986328125,0.927734375,-0.08544921875,1.98974609375,0.244140625,1.6357421875,-0.03662109375,-0.76904296875,0.146484375,-1.46484375,-0.146484375,-1.01318359375,0.08544921875,0.42724609375,-0.29296875,0.08544921875,-0.0244140625,-0.28076171875,-0.0732421875,-0.1708984375,-0.1708984375,-0.2197265625,-0.13427734375,-0.0244140625,-0.0732421875,0.84228515625,-0.0732421875,-0.48828125,-0.1708984375,-0.48828125
0,-0.146484375,-0.35400390625,-0.23193359375,-0.29296875,-0.06103515625,-0.35400390625,0.03662109375,0,-0.1708984375,-0.28076171875,0,-1.0498046875,0.09765625,0.84228515625,-0.1953125,-0.6591796875,-0.439453125,0.048828125,0.06103515625,0.48828125,0.1708984375,1.171875,0.13427734375,-0.244140625,-0.18310546875,-0.10986328125,-0.13427734375,-0.76904296875,-0.439453125,0.9521484375,-0.1708984375,0.25634765625,-0.9033203125,-0.35400390625,0.1220703125,-0.8544921875,0.3173828125,-0.4150390625,-0.37841796875,-0.732421875,0.30517578125,-0.15869140625,0.06103515625,-0.59814453125,0.15869140625,-0.37841796875,-0.1953125,0.62255859375,-0.146484375,1.20849609375,-0.28076171875,0.50048828125,-0.2197265625,-0.1953125,0.3173828125,0.7568359375,0,1.1474609375,-0.048828125,0.4150390625,-0.09765625,0.78125,0.4150390625,0.18310546875,0.1708984375,0.32958984375,0.390625,1.06201171875,-0.03662109375,0.1708984375,0.03662109375,0.25634765625,-0.7568359375,0.32958984375,-0.06103515625,0.81787109375,-0.10986328125,0.048828125,-0.0244140625,1.3916015625,0.13427734375,-0.89111328125,-0.146484375,-0.2685546875,0.28076171875,-0.96435546875,-0.23193359375,-0.732421875,-0.20751953125,-1.47705078125,-0.0732421875,-0.18310546875,-0.2685546875,-0.25634765625,-0.06103515625,-1.20849609375,-0.1220703125,1.74560546875,-0.01220703125,1.47705078125,-0.09765625,2.86865234375,0.1953125,2.1728515625,0.10986328125,-0.76904296875,0.1220703125,-1.47705078125,-0.146484375,-1.0009765625,0.03662109375,0.439453125,-0.29296875,0.0732421875,0,-0.28076171875,-0.0732421875,-0.1953125,-0.1220703125,-0.2197265625,-0.13427734375,-0.0244140625,-0.06103515625,0.8544921875,-0.06103515625,-0.48828125,-0.1708984375,-0.4638671875
1,-0.15869140625,-0.37841796875,-0.2197265625,-0.32958984375,-0.0732421875,-0.37841796875,0.06103515625,0.01220703125,-0.1708984375,-0.2685546875,0.0244140625,-1.0498046875,0.13427734375,0.81787109375,-0.244140625,-0.67138671875,-0.52490234375,0.20751953125,0.048828125,0.59814453125,0.2685546875,1.2451171875,0.03662109375,-0.244140625,-0.29296875,-0.10986328125,-0.146484375,-0.7568359375,-0.439453125,0.9521484375,0.0244140625,0.244140625,-1.0498046875,-0.32958984375,0.10986328125,-0.8544921875,0.23193359375,-0.4150390625,-0.390625,-0.72021484375,0.2685546875,-0.1708984375,-0.0244140625,-0.62255859375,0.08544921875,-0.390625,-0.1708984375,0.64697265625,-0.15869140625,1.18408203125,-0.2197265625,0.5126953125,-0.20751953125,-0.1953125,0.4150390625,0.76904296875,0.0244140625,1.23291015625,-0.09765625,0.40283203125,-0.1708984375,0.78125,0.45166015625,0.1953125,0.20751953125,0.390625,0.341796875,1.07421875,0,0.1708984375,0.09765625,0.25634765625,-0.7568359375,0.32958984375,-0.048828125,0.81787109375,-0.13427734375,0.03662109375,-0.03662109375,1.40380859375,0.15869140625,-0.89111328125,-0.146484375,-0.30517578125,0.2685546875,-0.98876953125,-0.10986328125,-0.732421875,-0.29296875,-1.47705078125,-0.0732421875,-0.1953125,-0.29296875,-0.25634765625,-0.13427734375,-1.18408203125,-0.13427734375,2.4169921875,-0.146484375,2.0751953125,0.01220703125,3.69873046875,0.1708984375,2.7587890625,0.2685546875,-0.7568359375,0.10986328125,-1.45263671875,-0.10986328125,-0.98876953125,-0.0244140625,0.45166015625,-0.30517578125,0.0732421875,-0.01220703125,-0.2685546875,-0.09765625,-0.2197265625,-0.09765625,-0.20751953125,-0.146484375,-0.01220703125,-0.03662109375,0.84228515625,-0.0732421875,-0.47607421875,-0.15869140625,-0.45166015625
1,-0.1953125,-0.37841796875,-0.23193359375,-0.3173828125,-0.0732421875,-0.37841796875,0.03662109375,0.0244140625,-0.18310546875,-0.2685546875,0.01220703125,-1.0498046875,0.13427734375,0.830078125,-0.29296875,-0.67138671875,-0.52490234375,0.3173828125,0.01220703125,0.68359375,0.341796875,1.28173828125,-0.03662109375,-0.2685546875,-0.32958984375,-0.1220703125,-0.1708984375,-0.7568359375,-0.37841796875,0.93994140625,0.1708984375,0.244140625,-1.07421875,-0.3173828125,0.0732421875,-0.86669921875,0.1708984375,-0.4150390625,-0.3662109375,-0.7080078125,0.20751953125,-0.15869140625,-0.10986328125,-0.62255859375,0.0244140625,-0.390625,-0.18310546875,0.634765625,-0.20751953125,1.15966796875,-0.09765625,0.5126953125,-0.1708984375,-0.1708984375,0.45166015625,0.76904296875,0.048828125,1.28173828125,-0.1220703125,0.4150390625,-0.25634765625,0.76904296875,0.439453125,0.15869140625,0.28076171875,0.42724609375,0.32958984375,1.06201171875,0,0.15869140625,0.15869140625,0.25634765625,-0.67138671875,0.32958984375,-0.06103515625,0.86669921875,-0.146484375,0.03662109375,-0.03662109375,1.37939453125,0.1220703125,-0.9033203125,-0.09765625,-0.29296875,0.2197265625,-0.98876953125,0,-0.74462890625,-0.341796875,-1.50146484375,-0.10986328125,-0.20751953125,-0.20751953125,-0.2685546875,-0.1708984375,-1.18408203125,-0.18310546875,3.0029296875,-0.29296875,2.685546875,0.09765625,4.4677734375,0.1953125,3.30810546875,0.3662109375,-0.732421875,0.0732421875,-1.4404296875,-0.06103515625,-1.01318359375,-0.06103515625,0.42724609375,-0.28076171875,0.08544921875,-0.01220703125,-0.244140625,-0.0732421875,-0.2197265625,-0.0732421875,-0.23193359375,-0.15869140625,-0.03662109375,-0.01220703125,0.84228515625,-0.03662109375,-0.48828125,-0.15869140625,-0.47607421875
1,-0.20751953125,-0.37841796875,-0.23193359375,-0.3173828125,-0.048828125,-0.390625,0.0244140625,0.01220703125,-0.13427734375,-0.244140625,0.0244140625,-1.0498046875,0.146484375,0.81787109375,-0.341796875,-0.64697265625,-0.50048828125,0.4150390625,0.0244140625,0.732421875,0.30517578125,1.30615234375,-0.06103515625,-0.341796875,-0.29296875,-0.146484375,-0.15869140625,-0.76904296875,-0.28076171875,0.9521484375,0.244140625,0.244140625,-1.01318359375,-0.28076171875,0.03662109375,-0.84228515625,0.06103515625,-0.40283203125,-0.37841796875,-0.69580078125,0.146484375,-0.15869140625,-0.20751953125,-0.62255859375,-0.0244140625,-0.390625,-0.18310546875,0.634765625,-0.2197265625,1.1474609375,-0.01220703125,0.50048828125,-0.146484375,-0.15869140625,0.4638671875,0.76904296875,0.0732421875,1.318359375,-0.13427734375,0.439453125,-0.3662109375,0.732421875,0.341796875,0.18310546875,0.341796875,0.439453125,0.2685546875,1.06201171875,0.0244140625,0.15869140625,0.1708984375,0.29296875,-0.57373046875,0.32958984375,-0.10986328125,0.830078125,-0.15869140625,0.0244140625,0,1.37939453125,0.10986328125,-0.927734375,-0.048828125,-0.30517578125,0.15869140625,-0.9765625,0.1220703125,-0.74462890625,-0.3662109375,-1.513671875,-0.146484375,-0.2197265625,-0.0732421875,-0.29296875,-0.2197265625,-1.171875,-0.1708984375,3.4912109375,-0.32958984375,3.21044921875,0.1220703125,5.11474609375,0.25634765625,3.77197265625,0.4150390625,-0.72021484375,0.01220703125,-1.45263671875,-0.0244140625,-1.025390625,-0.06103515625,0.42724609375,-0.2685546875,0.0732421875,0,-0.23193359375,-0.08544921875,-0.23193359375,-0.0732421875,-0.2197265625,-0.146484375,-0.01220703125,-0.0244140625,0.81787109375,-0.01220703125,-0.47607421875,-0.1708984375,-0.47607421875
1,-0.1953125,-0.37841796875,-0.20751953125,-0.3173828125,-0.0244140625,-0.390625,0.0244140625,0.01220703125,-0.146484375,-0.23193359375,0.0244140625,-1.07421875,0.15869140625,0.830078125,-0.37841796875,-0.62255859375,-0.52490234375,0.4638671875,-0.048828125,0.78125,0.25634765625,1.2939453125,-0.08544921875,-0.390625,-0.23193359375,-0.146484375,-0.146484375,-0.76904296875,-0.13427734375,0.927734375,0.2197265625,0.25634765625,-0.8056640625,-0.29296875,-0.01220703125,-0.86669921875,0,-0.390625,-0.40283203125,-0.72021484375,0.09765625,-0.146484375,-0.28076171875,-0.62255859375,-0.0732421875,-0.4150390625,-0.18310546875,0.64697265625,-0.18310546875,1.15966796875,0.06103515625,0.48828125,-0.146484375,-0.146484375,0.4150390625,0.74462890625,0.06103515625,1.3671875,-0.1220703125,0.45166015625,-0.37841796875,0.64697265625,0.341796875,0.15869140625,0.32958984375,0.4150390625,0.18310546875,1.06201171875,0.03662109375,0.1708984375,0.146484375,0.2685546875,-0.5615234375,0.30517578125,-0.146484375,0.830078125,-0.13427734375,0.0244140625,-0.01220703125,1.37939453125,0.09765625,-0.9521484375,0.03662109375,-0.32958984375,0.146484375,-0.96435546875,0.1953125,-0.7568359375,-0.341796875,-1.52587890625,-0.1953125,-0.23193359375,0.0732421875,-0.30517578125,-0.1953125,-1.171875,-0.15869140625,3.86962890625,-0.341796875,3.6376953125,0.1220703125,5.615234375,0.30517578125,4.16259765625,0.37841796875,-0.7080078125,0.01220703125,-1.4404296875,0.0244140625,-1.03759765625,-0.01220703125,0.40283203125,-0.25634765625,0.08544921875,0.01220703125,-0.20751953125,-0.0732421875,-0.25634765625,-0.10986328125,-0.1953125,-0.146484375,-0.01220703125,-0.01220703125,0.830078125,0.0244140625,-0.47607421875,-0.13427734375,-0.47607421875
1,-0.1953125,-0.3662109375,-0.20751953125,-0.3173828125,-0.0244140625,-0.42724609375,0.0244140625,0.01220703125,-0.15869140625,-0.23193359375,0.01220703125,-1.06201171875,0.20751953125,0.8544921875,-0.4150390625,-0.62255859375,-0.537109375,0.50048828125,-0.09765625,0.78125,0.1220703125,1.30615234375,-0.13427734375,-0.4150390625,-0.13427734375,-0.15869140625,-0.15869140625,-0.79345703125,0.01220703125,0.93994140625,0.1220703125,0.244140625,-0.5615234375,-0.28076171875,-0.06103515625,-0.8544921875,-0.048828125,-0.3662109375,-0.439453125,-0.68359375,0.06103515625,-0.1220703125,-0.30517578125,-0.64697265625,-0.10986328125,-0.4150390625,-0.23193359375,0.6103515625,-0.15869140625,1.18408203125,0.10986328125,0.4638671875,-0.10986328125,-0.10986328125,0.341796875,0.74462890625,0.01220703125,1.40380859375,-0.08544921875,0.45166015625,-0.45166015625,0.54931640625,0.3173828125,0.15869140625,0.37841796875,0.37841796875,0.09765625,1.0498046875,0.0244140625,0.1708984375,0.13427734375,0.244140625,-0.537109375,0.2685546875,-0.18310546875,0.830078125,-0.1220703125,0.01220703125,-0.01220703125,1.3916015625,0.1220703125,-0.9521484375,0.06103515625,-0.32958984375,0.10986328125,-0.9765625,0.23193359375,-0.7568359375,-0.2685546875,-1.52587890625,-0.23193359375,-0.244140625,0.20751953125,-0.3173828125,-0.1953125,-1.15966796875,-0.20751953125,4.11376953125,-0.244140625,3.94287109375,0.1220703125,5.9814453125,0.30517578125,4.40673828125,0.20751953125,-0.69580078125,-0.01220703125,-1.416015625,0.1220703125,-1.0498046875,0.03662109375,0.3662109375,-0.25634765625,0.08544921875,0.01220703125,-0.1953125,-0.0732421875,-0.23193359375,-0.13427734375,-0.18310546875,-0.1220703125,-0.048828125,-0.01220703125,0.830078125,0.01220703125,-0.4638671875,-0.1220703125,-0.50048828125
1,-0.1953125,-0.3662109375,-0.20751953125,-0.30517578125,0,-0.4150390625,0.01220703125,0.0244140625,-0.15869140625,-0.2197265625,0.0244140625,-1.0498046875,0.2197265625,0.84228515625,-0.4638671875,-0.6103515625,-0.5859375,0.50048828125,-0.2197265625,0.76904296875,0,1.28173828125,-0.1708984375,-0.4150390625,-0.01220703125,-0.1708984375,-0.1220703125,-0.79345703125,0.146484375,0.9521484375,0.048828125,0.25634765625,-0.390625,-0.25634765625,-0.0732421875,-0.830078125,-0.09765625,-0.35400390625,-0.4638671875,-0.68359375,0.0244140625,-0.13427734375,-0.29296875,-0.634765625,-0.15869140625,-0.40283203125,-0.2685546875,0.634765625,-0.10986328125,1.171875,0.13427734375,0.439453125,-0.13427734375,-0.09765625,0.35400390625,0.732421875,-0.0244140625,1.42822265625,-0.0244140625,0.47607421875,-0.57373046875,0.4638671875,0.32958984375,0.1708984375,0.42724609375,0.35400390625,-0.048828125,1.06201171875,0.048828125,0.18310546875,0.08544921875,0.23193359375,-0.4638671875,0.2685546875,-0.20751953125,0.79345703125,-0.0732421875,0.0244140625,-0.048828125,1.35498046875,0.1708984375,-0.96435546875,0.08544921875,-0.3173828125,0.09765625,-0.98876953125,0.2197265625,-0.76904296875,-0.244140625,-1.52587890625,-0.2197265625,-0.28076171875,0.32958984375,-0.32958984375,-0.15869140625,-1.13525390625,-0.20751953125,4.26025390625,-0.0732421875,4.11376953125,0.1953125,6.2255859375,0.29296875,4.55322265625,0.03662109375,-0.7080078125,-0.03662109375,-1.42822265625,0.146484375,-1.0498046875,0.09765625,0.3662109375,-0.25634765625,0.10986328125,0.0244140625,-0.2197265625,-0.0732421875,-0.244140625,-0.146484375,-0.15869140625,-0.1220703125,-0.0244140625,-0.01220703125,0.84228515625,0,-0.4638671875,-0.10986328125,-0.50048828125
1,-0.1953125,-0.35400390625,-0.1953125,-0.29296875,0.01220703125,-0.40283203125,0.01220703125,0.01220703125,-0.18310546875,-0.2197265625,0.01220703125,-1.06201171875,0.2197265625,0.87890625,-0.48828125,-0.5859375,-0.5615234375,0.47607421875,-0.28076171875,0.74462890625,-0.13427734375,1.26953125,-0.1953125,-0.3662109375,0.0732421875,-0.1708984375,-0.06103515625,-0.79345703125,0.20751953125,0.927734375,-0.03662109375,0.2685546875,-0.244140625,-0.28076171875,-0.048828125,-0.8544921875,-0.08544921875,-0.35400390625,-0.50048828125,-0.69580078125,0.0244140625,-0.1220703125,-0.25634765625,-0.634765625,-0.15869140625,-0.390625,-0.28076171875,0.62255859375,-0.1220703125,1.18408203125,0.15869140625,0.439453125,-0.1220703125,-0.10986328125,0.3662109375,0.74462890625,-0.0244140625,1.45263671875,0.0244140625,0.48828125,-0.69580078125,0.40283203125,0.35400390625,0.20751953125,0.4150390625,0.29296875,-0.18310546875,1.06201171875,0.048828125,0.1953125,0.06103515625,0.2197265625,-0.40283203125,0.25634765625,-0.244140625,0.81787109375,-0.03662109375,0.03662109375,-0.0732421875,1.33056640625,0.2197265625,-0.9521484375,0.08544921875,-0.30517578125,0.09765625,-0.9521484375,0.1220703125,-0.76904296875,-0.20751953125,-1.52587890625,-0.1953125,-0.28076171875,0.35400390625,-0.32958984375,-0.0732421875,-1.13525390625,-0.23193359375,4.28466796875,0.10986328125,4.19921875,0.1953125,6.33544921875,0.2685546875,4.58984375,-0.1220703125,-0.67138671875,-0.048828125,-1.416015625,0.146484375,-1.0498046875,0.10986328125,0.3662109375,-0.25634765625,0.13427734375,0,-0.244140625,-0.0732421875,-0.2685546875,-0.13427734375,-0.13427734375,-0.1220703125,-0.0244140625,-0.06103515625,0.8544921875,0.048828125,-0.4638671875,-0.1220703125,-0.48828125
1,-0.1953125,-0.35400390625,-0.2197265625,-0.29296875,-0.01220703125,-0.390625,0,0,-0.18310546875,-0.23193359375,0,-1.0498046875,0.1708984375,0.87890625,-0.537109375,-0.5859375,-0.50048828125,0.4638671875,-0.32958984375,0.7080078125,-0.2197265625,1.2939453125,-0.20751953125,-0.32958984375,0.15869140625,-0.1708984375,-0.0244140625,-0.8056640625,0.20751953125,0.9765625,-0.048828125,0.244140625,-0.23193359375,-0.30517578125,-0.0244140625,-0.84228515625,-0.06103515625,-0.37841796875,-0.54931640625,-0.72021484375,0.08544921875,-0.1220703125,-0.18310546875,-0.62255859375,-0.18310546875,-0.390625,-0.29296875,0.62255859375,-0.1220703125,1.171875,0.2197265625,0.42724609375,-0.13427734375,-0.1220703125,0.35400390625,0.7568359375,0,1.42822265625,0.06103515625,0.48828125,-0.78125,0.390625,0.3662109375,0.2685546875,0.37841796875,0.23193359375,-0.25634765625,1.07421875,0.0244140625,0.1953125,0.01220703125,0.1708984375,-0.3173828125,0.25634765625,-0.244140625,0.81787109375,-0.01220703125,0.0244140625,-0.09765625,1.35498046875,0.25634765625,-0.93994140625,0.08544921875,-0.30517578125,0.048828125,-0.9765625,-0.01220703125,-0.76904296875,-0.1708984375,-1.52587890625,-0.13427734375,-0.29296875,0.35400390625,-0.30517578125,0.01220703125,-1.13525390625,-0.23193359375,4.2236328125,0.23193359375,4.13818359375,0.06103515625,6.33544921875,0.1953125,4.541015625,-0.25634765625,-0.69580078125,-0.0732421875,-1.42822265625,0.09765625,-1.0498046875,0.08544921875,0.35400390625,-0.28076171875,0.13427734375,0.01220703125,-0.23193359375,-0.06103515625,-0.25634765625,-0.1220703125,-0.13427734375,-0.09765625,0,-0.0732421875,0.86669921875,0.0732421875,-0.45166015625,-0.13427734375,-0.47607421875
1,-0.146484375,-0.35400390625,-0.20751953125,-0.2685546875,0,-0.37841796875,0.0244140625,0.03662109375,-0.20751953125,-0.244140625,-0.01220703125,-1.0498046875,0.15869140625,0.8544921875,-0.52490234375,-0.59814453125,-0.48828125,0.42724609375,-0.390625,0.6591796875,-0.25634765625,1.2939453125,-0.1953125,-0.28076171875,0.15869140625,-0.13427734375,0.048828125,-0.79345703125,0.1220703125,0.9521484375,-0.06103515625,0.25634765625,-0.30517578125,-0.30517578125,0.06103515625,-0.84228515625,-0.01220703125,-0.4150390625,-0.537109375,-0.72021484375,0.13427734375,-0.146484375,-0.10986328125,-0.634765625,-0.25634765625,-0.37841796875,-0.244140625,0.6103515625,-0.08544921875,1.15966796875,0.20751953125,0.40283203125,-0.1220703125,-0.1220703125,0.37841796875,0.7568359375,0.048828125,1.3916015625,0.08544921875,0.47607421875,-0.81787109375,0.40283203125,0.37841796875,0.32958984375,0.2685546875,0.20751953125,-0.3662109375,1.0498046875,-0.0244140625,0.18310546875,-0.0244140625,0.18310546875,-0.29296875,0.244140625,-0.23193359375,0.79345703125,0.01220703125,0.06103515625,-0.15869140625,1.3427734375,0.244140625,-0.89111328125,0.03662109375,-0.30517578125,0.03662109375,-0.96435546875,-0.18310546875,-0.7568359375,-0.15869140625,-1.513671875,-0.0732421875,-0.28076171875,0.29296875,-0.2685546875,0.09765625,-1.1474609375,-0.1953125,4.08935546875,0.23193359375,3.96728515625,-0.06103515625,6.28662109375,0.13427734375,4.4189453125,-0.28076171875,-0.732421875,-0.146484375,-1.4404296875,0.0732421875,-1.0498046875,0.0732421875,0.37841796875,-0.29296875,0.13427734375,0,-0.25634765625,-0.0732421875,-0.2685546875,-0.10986328125,-0.1220703125,-0.10986328125,0,-0.048828125,0.86669921875,0.0732421875,-0.45166015625,-0.13427734375,-0.47607421875
1,-0.13427734375,-0.35400390625,-0.20751953125,-0.2685546875,0.03662109375,-0.35400390625,0.0244140625,0.03662109375,-0.18310546875,-0.25634765625,-0.01220703125,-1.025390625,0.09765625,0.87890625,-0.537109375,-0.59814453125,-0.52490234375,0.40283203125,-0.3662109375,0.64697265625,-0.1953125,1.2939453125,-0.13427734375,-0.2685546875,0.1220703125,-0.13427734375,0.09765625,-0.79345703125,-0.01220703125,0.9521484375,-0.01220703125,0.2685546875,-0.45166015625,-0.32958984375,0.146484375,-0.830078125,0.03662109375,-0.45166015625,-0.52490234375,-0.732421875,0.1953125,-0.146484375,-0.03662109375,-0.6103515625,-0.25634765625,-0.35400390625,-0.20751953125,0.62255859375,-0.0732421875,1.15966796875,0.1708984375,0.45166015625,-0.06103515625,-0.10986328125,0.3662109375,0.74462890625,0.0732421875,1.3427734375,0.06103515625,0.4638671875,-0.81787109375,0.45166015625,0.32958984375,0.390625,0.2197265625,0.1953125,-0.42724609375,1.06201171875,-0.06103515625,0.18310546875,-0.10986328125,0.20751953125,-0.1953125,0.28076171875,-0.1953125,0.830078125,0,0.0732421875,-0.1953125,1.35498046875,0.2197265625,-0.9033203125,0.01220703125,-0.28076171875,-0.01220703125,-0.9765625,-0.3173828125,-0.7568359375,-0.146484375,-1.50146484375,0.0244140625,-0.25634765625,0.18310546875,-0.244140625,0.2197265625,-1.18408203125,-0.1220703125,3.9306640625,0.244140625,3.77197265625,-0.15869140625,6.16455078125,0.09765625,4.26025390625,-0.244140625,-0.7568359375,-0.2197265625,-1.45263671875,0,-1.025390625,0.048828125,0.4150390625,-0.29296875,0.13427734375,-0.0244140625,-0.25634765625,-0.0732421875,-0.28076171875,-0.13427734375,-0.15869140625,-0.1220703125,0.03662109375,-0.06103515625,0.86669921875,0.08544921875,-0.45166015625,-0.146484375,-0.4638671875
1,-0.15869140625,-0.3662109375,-0.20751953125,-0.2685546875,0.09765625,-0.32958984375,0.03662109375,0.01220703125,-0.15869140625,-0.28076171875,-0.01220703125,-1.025390625,0.0732421875,0.8544921875,-0.52490234375,-0.59814453125,-0.50048828125,0.35400390625,-0.3173828125,0.59814453125,-0.08544921875,1.2939453125,-0.13427734375,-0.29296875,0.09765625,-0.1220703125,0.10986328125,-0.79345703125,-0.18310546875,0.96435546875,0.0244140625,0.25634765625,-0.59814453125,-0.32958984375,0.1953125,-0.84228515625,0.1220703125,-0.45166015625,-0.45166015625,-0.74462890625,0.1708984375,-0.1708984375,0.0244140625,-0.62255859375,-0.23193359375,-0.341796875,-0.20751953125,0.6103515625,-0.03662109375,1.15966796875,0.1220703125,0.47607421875,-0.06103515625,-0.13427734375,0.3173828125,0.78125,0.146484375,1.2451171875,0.048828125,0.45166015625,-0.8544921875,0.5126953125,0.25634765625,0.439453125,0.1953125,0.20751953125,-0.5126953125,1.07421875,-0.09765625,0.18310546875,-0.146484375,0.20751953125,-0.13427734375,0.29296875,-0.1953125,0.84228515625,0.0244140625,0.0732421875,-0.1953125,1.35498046875,0.1708984375,-0.87890625,-0.01220703125,-0.2685546875,-0.10986328125,-0.98876953125,-0.37841796875,-0.76904296875,-0.15869140625,-1.50146484375,0.10986328125,-0.244140625,0.09765625,-0.28076171875,0.2685546875,-1.220703125,-0.03662109375,3.72314453125,0.23193359375,3.564453125,-0.18310546875,5.94482421875,0.08544921875,4.08935546875,-0.09765625,-0.78125,-0.28076171875,-1.45263671875,-0.0244140625,-1.0009765625,0.06103515625,0.42724609375,-0.30517578125,0.10986328125,-0.03662109375,-0.2685546875,-0.06103515625,-0.2685546875,-0.15869140625,-0.1708984375,-0.1220703125,0.048828125,-0.048828125,0.89111328125,0.06103515625,-0.439453125,-0.15869140625,-0.4638671875
1,-0.146484375,-0.390625,-0.18310546875,-0.29296875,0.09765625,-0.35400390625,0.03662109375,0.01220703125,-0.146484375,-0.28076171875,0,-1.025390625,0.06103515625,0.8544921875,-0.45166015625,-0.634765625,-0.4638671875,0.3173828125,-0.20751953125,0.57373046875,0.09765625,1.2939453125,-0.048828125,-0.32958984375,0.048828125,-0.13427734375,0.0732421875,-0.76904296875,-0.32958984375,0.93994140625,0.03662109375,0.28076171875,-0.68359375,-0.32958984375,0.18310546875,-0.830078125,0.1953125,-0.4638671875,-0.40283203125,-0.7568359375,0.2197265625,-0.18310546875,0.048828125,-0.634765625,-0.18310546875,-0.341796875,-0.18310546875,0.64697265625,-0.0732421875,1.1474609375,0.0244140625,0.47607421875,-0.048828125,-0.1708984375,0.244140625,0.7568359375,0.1953125,1.123046875,0.01220703125,0.42724609375,-0.81787109375,0.6103515625,0.13427734375,0.4638671875,0.08544921875,0.23193359375,-0.57373046875,1.07421875,-0.1220703125,0.1708984375,-0.15869140625,0.23193359375,-0.09765625,0.3173828125,-0.18310546875,0.8544921875,0.0732421875,0.08544921875,-0.1953125,1.37939453125,0.09765625,-0.9033203125,-0.048828125,-0.2685546875,-0.18310546875,-1.01318359375,-0.40283203125,-0.78125,-0.1953125,-1.513671875,0.1953125,-0.25634765625,0.03662109375,-0.28076171875,0.30517578125,-1.2451171875,0.0732421875,3.515625,0.23193359375,3.35693359375,-0.146484375,5.6640625,0.048828125,3.89404296875,0.048828125,-0.76904296875,-0.28076171875,-1.47705078125,-0.048828125,-1.0009765625,0.0244140625,0.4638671875,-0.30517578125,0.09765625,-0.03662109375,-0.2685546875,-0.08544921875,-0.2685546875,-0.1708984375,-0.18310546875,-0.09765625,0.03662109375,-0.0732421875,0.84228515625,0.06103515625,-0.45166015625,-0.1708984375,-0.4638671875
1,-0.13427734375,-0.37841796875,-0.1953125,-0.30517578125,0.08544921875,-0.35400390625,0.048828125,0,-0.13427734375,-0.2685546875,0,-1.025390625,0.048828125,0.86669921875,-0.42724609375,-0.64697265625,-0.5615234375,0.25634765625,-0.15869140625,0.52490234375,0.13427734375,1.26953125,-0.08544921875,-0.390625,0.01220703125,-0.1220703125,0.03662109375,-0.76904296875,-0.45166015625,0.93994140625,0.048828125,0.25634765625,-0.7080078125,-0.35400390625,0.10986328125,-0.84228515625,0.244140625,-0.4638671875,-0.3662109375,-0.76904296875,0.28076171875,-0.1953125,0,-0.62255859375,-0.13427734375,-0.37841796875,-0.1708984375,0.634765625,-0.13427734375,1.1474609375,-0.048828125,0.48828125,-0.048828125,-0.18310546875,0.15869140625,0.7568359375,0.28076171875,1.0009765625,-0.01220703125,0.439453125,-0.72021484375,0.64697265625,0,0.47607421875,0,0.29296875,-0.5859375,1.0986328125,-0.1708984375,0.18310546875,-0.146484375,0.25634765625,-0.048828125,0.35400390625,-0.1220703125,0.86669921875,0.146484375,0.08544921875,-0.20751953125,1.3671875,0.01220703125,-0.93994140625,-0.06103515625,-0.28076171875,-0.28076171875,-1.03759765625,-0.32958984375,-0.76904296875,-0.244140625,-1.4892578125,0.2197265625,-0.23193359375,-0.01220703125,-0.28076171875,0.244140625,-1.2451171875,0.1708984375,3.30810546875,0.23193359375,3.1494140625,-0.1220703125,5.2978515625,0.01220703125,3.72314453125,0.146484375,-0.74462890625,-0.25634765625,-1.47705078125,-0.0732421875,-0.9765625,-0.01220703125,0.45166015625,-0.3173828125,0.08544921875,-0.06103515625,-0.25634765625,-0.0732421875,-0.244140625,-0.18310546875,-0.1953125,-0.0732421875,0.03662109375,-0.06103515625,0.830078125,0.06103515625,-0.439453125,-0.1953125,-0.47607421875
1,-0.146484375,-0.37841796875,-0.1708984375,-0.30517578125,0.10986328125,-0.37841796875,0.03662109375,0,-0.1220703125,-0.25634765625,0.01220703125,-1.025390625,0.0244140625,0.84228515625,-0.390625,-0.634765625,-0.52490234375,0.1953125,-0.06103515625,0.47607421875,0.2197265625,1.2451171875,-0.08544921875,-0.4638671875,-0.03662109375,-0.146484375,0,-0.76904296875,-0.4638671875,0.93994140625,0,0.244140625,-0.7080078125,-0.32958984375,0,-0.830078125,0.2685546875,-0.4638671875,-0.32958984375,-0.74462890625,0.35400390625,-0.18310546875,-0.01220703125,-0.64697265625,-0.0244140625,-0.37841796875,-0.1953125,0.634765625,-0.146484375,1.1474609375,-0.08544921875,0.5126953125,-0.06103515625,-0.1953125,0.1220703125,0.7568359375,0.341796875,0.87890625,-0.03662109375,0.45166015625,-0.5859375,0.69580078125,-0.06103515625,0.50048828125,-0.03662109375,0.3173828125,-0.57373046875,1.0986328125,-0.18310546875,0.2197265625,-0.10986328125,0.2685546875,-0.01220703125,0.35400390625,-0.10986328125,0.8544921875,0.1708984375,0.06103515625,-0.10986328125,1.3671875,-0.06103515625,-0.9521484375,-0.08544921875,-0.28076171875,-0.35400390625,-1.01318359375,-0.20751953125,-0.76904296875,-0.30517578125,-1.4892578125,0.18310546875,-0.23193359375,0,-0.29296875,0.0732421875,-1.2451171875,0.25634765625,3.06396484375,0.244140625,2.978515625,-0.13427734375,4.89501953125,-0.06103515625,3.52783203125,0.18310546875,-0.732421875,-0.15869140625,-1.46484375,-0.1220703125,-0.98876953125,-0.03662109375,0.45166015625,-0.3173828125,0.08544921875,-0.0732421875,-0.2685546875,-0.06103515625,-0.25634765625,-0.15869140625,-0.1953125,-0.06103515625,0.01220703125,-0.08544921875,0.8056640625,0.06103515625,-0.45166015625,-0.20751953125,-0.50048828125
0,-0.13427734375,-0.37841796875,-0.13427734375,-0.3173828125,0.13427734375,-0.4150390625,0.06103515625,0,-0.10986328125,-0.244140625,0.0244140625,-1.03759765625,0.03662109375,0.8544921875,-0.37841796875,-0.62255859375,-0.48828125,0.10986328125,0.10986328125,0.42724609375,0.3662109375,1.171875,0.03662109375,-0.57373046875,-0.0732421875,-0.15869140625,-0.048828125,-0.76904296875,-0.40283203125,0.93994140625,-0.0244140625,0.244140625,-0.62255859375,-0.32958984375,-0.0732421875,-0.8544921875,0.28076171875,-0.439453125,-0.25634765625,-0.74462890625,0.37841796875,-0.20751953125,-0.03662109375,-0.64697265625,0.08544921875,-0.35400390625,-0.20751953125,0.634765625,-0.146484375,1.15966796875,-0.13427734375,0.5126953125,-0.10986328125,-0.1953125,0.10986328125,0.74462890625,0.40283203125,0.76904296875,-0.01220703125,0.45166015625,-0.6103515625,0.67138671875,-0.0244140625,0.47607421875,-0.0732421875,0.35400390625,-0.50048828125,1.0986328125,-0.2197265625,0.244140625,-0.03662109375,0.25634765625,0.03662109375,0.341796875,-0.08544921875,0.86669921875,0.1708984375,0.0732421875,-0.0244140625,1.40380859375,-0.13427734375,-0.96435546875,-0.09765625,-0.2685546875,-0.32958984375,-1.01318359375,-0.08544921875,-0.76904296875,-0.30517578125,-1.513671875,0.08544921875,-0.23193359375,0.0244140625,-0.3173828125,-0.048828125,-1.25732421875,0.23193359375,2.8564453125,0.2197265625,2.79541015625,-0.146484375,4.4677734375,-0.1220703125,3.35693359375,0.1708984375,-0.7080078125,-0.0732421875,-1.4404296875,-0.146484375,-1.01318359375,-0.03662109375,0.439453125,-0.32958984375,0.06103515625,-0.09765625,-0.25634765625,-0.0732421875,-0.2685546875,-0.13427734375,-0.20751953125,-0.048828125,0,-0.10986328125,0.79345703125,0.08544921875,-0.45166015625,-0.23193359375,-0.50048828125
0,-0.1220703125,-0.37841796875,-0.0732421875,-0.30517578125,0.18310546875,-0.42724609375,0.08544921875,0.0244140625,-0.048828125,-0.2197265625,0.048828125,-1.03759765625,0.06103515625,0.8544921875,-0.35400390625,-0.59814453125,-0.52490234375,-0.01220703125,0.03662109375,0.341796875,0.28076171875,1.11083984375,0.03662109375,-0.64697265625,-0.10986328125,-0.15869140625,-0.09765625,-0.78125,-0.29296875,0.927734375,-0.06103515625,0.23193359375,-0.5615234375,-0.3173828125,-0.2197265625,-0.86669921875,0.30517578125,-0.42724609375,-0.23193359375,-0.74462890625,0.390625,-0.18310546875,-0.03662109375,-0.62255859375,0.1953125,-0.40283203125,-0.25634765625,0.634765625,-0.09765625,1.1962890625,-0.15869140625,0.48828125,-0.20751953125,-0.18310546875,0.08544921875,0.74462890625,0.4150390625,0.72021484375,0.03662109375,0.439453125,-0.537109375,0.62255859375,-0.048828125,0.42724609375,-0.10986328125,0.341796875,-0.42724609375,1.08642578125,-0.2197265625,0.25634765625,-0.0244140625,0.28076171875,0.10986328125,0.35400390625,-0.0732421875,0.86669921875,0.20751953125,0.048828125,0.08544921875,1.40380859375,-0.1708984375,-0.98876953125,-0.1220703125,-0.25634765625,-0.29296875,-1.0009765625,0.0244140625,-0.74462890625,-0.2685546875,-1.513671875,-0.0244140625,-0.23193359375,0.0244140625,-0.32958984375,-0.244140625,-1.2451171875,0.1220703125,2.63671875,0.20751953125,2.6123046875,-0.146484375,4.052734375,-0.13427734375,3.173828125,0.08544921875,-0.69580078125,0.03662109375,-1.4404296875,-0.1708984375,-1.025390625,-0.0244140625,0.4150390625,-0.32958984375,0.09765625,-0.09765625,-0.25634765625,-0.06103515625,-0.2685546875,-0.1220703125,-0.1953125,-0.048828125,-0.0244140625,-0.10986328125,0.8056640625,0.09765625,-0.45166015625,-0.1953125,-0.50048828125
0,-0.13427734375,-0.37841796875,-0.03662109375,-0.28076171875,0.2197265625,-0.439453125,0.09765625,0.03662109375,-0.0244140625,-0.20751953125,0.048828125,-1.03759765625,0.0732421875,0.8544921875,-0.30517578125,-0.5615234375,-0.4150390625,-0.13427734375,0.10986328125,0.28076171875,0.29296875,1.025390625,0.1708984375,-0.7080078125,-0.15869140625,-0.15869140625,-0.10986328125,-0.79345703125,-0.1708984375,0.927734375,-0.048828125,0.2197265625,-0.4638671875,-0.29296875,-0.2685546875,-0.8544921875,0.3173828125,-0.4150390625,-0.20751953125,-0.72021484375,0.341796875,-0.18310546875,-0.0244140625,-0.634765625,0.2685546875,-0.37841796875,-0.2685546875,0.634765625,-0.01220703125,1.220703125,-0.18310546875,0.48828125,-0.25634765625,-0.1708984375,0.0732421875,0.732421875,0.37841796875,0.68359375,0.09765625,0.4638671875,-0.47607421875,0.57373046875,-0.0244140625,0.390625,-0.2197265625,0.32958984375,-0.341796875,1.08642578125,-0.20751953125,0.2685546875,0.01220703125,0.28076171875,0.15869140625,0.341796875,-0.048828125,0.86669921875,0.18310546875,0.03662109375,0.15869140625,1.3916015625,-0.1953125,-0.9765625,-0.13427734375,-0.28076171875,-0.1708984375,-0.9765625,0.06103515625,-0.732421875,-0.23193359375,-1.52587890625,-0.146484375,-0.244140625,0.01220703125,-0.32958984375,-0.37841796875,-1.20849609375,-0.03662109375,2.392578125,0.18310546875,2.42919921875,-0.1220703125,3.662109375,-0.09765625,2.96630859375,0.03662109375,-0.68359375,0.1220703125,-1.4404296875,-0.146484375,-1.06201171875,0.03662109375,0.390625,-0.341796875,0.1220703125,-0.08544921875,-0.244140625,-0.0732421875,-0.28076171875,-0.13427734375,-0.1953125,-0.06103515625,-0.03662109375,-0.13427734375,0.79345703125,0.0732421875,-0.45166015625,-0.1708984375,-0.5126953125
0,-0.1220703125,-0.341796875,-0.048828125,-0.2685546875,0.1953125,-0.42724609375,0.09765625,0.06103515625,0,-0.20751953125,0.03662109375,-1.03759765625,0.09765625,0.84228515625,-0.2685546875,-0.54931640625,-0.45166015625,-0.244140625,0.0732421875,0.2197265625,0.1953125,0.9521484375,0.23193359375,-0.72021484375,-0.1953125,-0.146484375,-0.08544921875,-0.78125,-0.06103515625,0.927734375,-0.048828125,0.2197265625,-0.42724609375,-0.29296875,-0.28076171875,-0.86669921875,0.244140625,-0.4150390625,-0.1953125,-0.7080078125,0.23193359375,-0.15869140625,0.0244140625,-0.64697265625,0.244140625,-0.390625,-0.28076171875,0.64697265625,0.03662109375,1.23291015625,-0.146484375,0.45166015625,-0.32958984375,-0.1708984375,0.048828125,0.732421875,0.30517578125,0.67138671875,0.13427734375,0.4638671875,-0.40283203125,0.48828125,0.0244140625,0.341796875,-0.29296875,0.3173828125,-0.2197265625,1.08642578125,-0.15869140625,0.2685546875,-0.0244140625,0.2685546875,0.18310546875,0.3173828125,-0.01220703125,0.87890625,0.1953125,0.0244140625,0.1953125,1.3671875,-0.1708984375,-0.98876953125,-0.10986328125,-0.28076171875,-0.01220703125,-0.9765625,0.06103515625,-0.74462890625,-0.1953125,-1.5380859375,-0.23193359375,-0.244140625,-0.048828125,-0.341796875,-0.390625,-1.1962890625,-0.23193359375,2.1728515625,0.1220703125,2.197265625,-0.09765625,3.3203125,-0.10986328125,2.77099609375,0.01220703125,-0.69580078125,0.1708984375,-1.4404296875,-0.1220703125,-1.0498046875,0.0732421875,0.37841796875,-0.3173828125,0.1220703125,-0.09765625,-0.244140625,-0.06103515625,-0.2685546875,-0.10986328125,-0.1953125,-0.06103515625,-0.03662109375,-0.13427734375,0.79345703125,0.06103515625,-0.45166015625,-0.1708984375,-0.50048828125
0,-0.09765625,-0.341796875,-0.03662109375,-0.28076171875,0.1708984375,-0.4150390625,0.1220703125,0.048828125,-0.01220703125,-0.23193359375,0.0244140625,-1.03759765625,0.08544921875,0.8544921875,-0.20751953125,-0.54931640625,-0.37841796875,-0.3173828125,0.01220703125,0.1953125,0.08544921875,0.89111328125,0.3173828125,-0.68359375,-0.1953125,-0.13427734375,-0.06103515625,-0.79345703125,0.03662109375,0.927734375,0.01220703125,0.2197265625,-0.47607421875,-0.30517578125,-0.1953125,-0.830078125,0.18310546875,-0.42724609375,-0.2197265625,-0.72021484375,0.08544921875,-0.18310546875,0.03662109375,-0.634765625,0.1953125,-0.37841796875,-0.2197265625,0.634765625,0.08544921875,1.23291015625,-0.09765625,0.45166015625,-0.390625,-0.146484375,-0.01220703125,0.74462890625,0.2197265625,0.68359375,0.1953125,0.47607421875,-0.35400390625,0.439453125,0.01220703125,0.29296875,-0.30517578125,0.244140625,-0.10986328125,1.08642578125,-0.13427734375,0.244140625,-0.03662109375,0.244140625,0.23193359375,0.29296875,-0.0244140625,0.87890625,0.1708984375,0.01220703125,0.244140625,1.37939453125,-0.09765625,-0.9765625,-0.08544921875,-0.2685546875,0.08544921875,-0.96435546875,0.03662109375,-0.732421875,-0.2197265625,-1.55029296875,-0.25634765625,-0.23193359375,-0.1220703125,-0.30517578125,-0.341796875,-1.15966796875,-0.35400390625,1.94091796875,0.08544921875,1.96533203125,0.0732421875,2.9541015625,-0.06103515625,2.55126953125,0.03662109375,-0.68359375,0.13427734375,-1.40380859375,-0.06103515625,-1.06201171875,0.09765625,0.37841796875,-0.32958984375,0.13427734375,-0.08544921875,-0.244140625,-0.08544921875,-0.28076171875,-0.1220703125,-0.1708984375,-0.0732421875,-0.048828125,-0.13427734375,0.8056640625,0.10986328125,-0.4638671875,-0.1708984375,-0.50048828125
0,-0.1220703125,-0.341796875,-0.03662109375,-0.29296875,0.15869140625,-0.40283203125,0.09765625,0.03662109375,0,-0.244140625,0.03662109375,-1.03759765625,0.08544921875,0.86669921875,-0.1708984375,-0.537109375,-0.35400390625,-0.341796875,-0.08544921875,0.1953125,-0.01220703125,0.89111328125,0.32958984375,-0.6103515625,-0.20751953125,-0.1220703125,-0.01220703125,-0.8056640625,0.10986328125,0.927734375,0.048828125,0.2197265625,-0.52490234375,-0.3173828125,-0.08544921875,-0.84228515625,0.08544921875,-0.4638671875,-0.2197265625,-0.72021484375,-0.13427734375,-0.1953125,0.10986328125,-0.6103515625,0.10986328125,-0.390625,-0.15869140625,0.64697265625,0.09765625,1.23291015625,0,0.4638671875,-0.4150390625,-0.146484375,-0.10986328125,0.74462890625,0.13427734375,0.7080078125,0.18310546875,0.47607421875,-0.32958984375,0.4150390625,0.09765625,0.29296875,-0.3173828125,0.1953125,-0.0244140625,1.06201171875,-0.0732421875,0.23193359375,-0.0732421875,0.20751953125,0.25634765625,0.29296875,-0.01220703125,0.927734375,0.1220703125,0.0244140625,0.2685546875,1.35498046875,-0.03662109375,-0.93994140625,-0.08544921875,-0.25634765625,0.1708984375,-0.96435546875,-0.0244140625,-0.732421875,-0.23193359375,-1.55029296875,-0.25634765625,-0.244140625,-0.20751953125,-0.28076171875,-0.20751953125,-1.1474609375,-0.4150390625,1.6845703125,-0.01220703125,1.7333984375,0.0732421875,2.57568359375,-0.048828125,2.2705078125,0.09765625,-0.69580078125,0.08544921875,-1.416015625,-0.0244140625,-1.06201171875,0.13427734375,0.390625,-0.3173828125,0.1220703125,-0.08544921875,-0.244140625,-0.06103515625,-0.29296875,-0.08544921875,-0.1708984375,-0.0732421875,-0.06103515625,-0.13427734375,0.8056640625,0.13427734375,-0.45166015625,-0.146484375,-0.50048828125
0,-0.1220703125,-0.35400390625,-0.03662109375,-0.29296875,0.13427734375,-0.37841796875,0.10986328125,0.03662109375,-0.0244140625,-0.25634765625,0,-1.0498046875,0.08544921875,0.84228515625,-0.146484375,-0.5615234375,-0.40283203125,-0.28076171875,-0.2197265625,0.28076171875,-0.09765625,0.93994140625,0.1953125,-0.50048828125,-0.23193359375,-0.1220703125,0.01220703125,-0.78125,0.146484375,0.927734375,0.146484375,0.23193359375,-0.5615234375,-0.32958984375,0.01220703125,-0.830078125,-0.01220703125,-0.45166015625,-0.23193359375,-0.72021484375,-0.244140625,-0.18310546875,0.0732421875,-0.634765625,-0.01220703125,-0.3662109375,-0.18310546875,0.634765625,0.06103515625,1.220703125,0.09765625,0.47607421875,-0.4150390625,-0.1220703125,-0.15869140625,0.76904296875,0.0732421875,0.72021484375,0.20751953125,0.47607421875,-0.2685546875,0.42724609375,0.18310546875,0.30517578125,-0.2685546875,0.18310546875,0.06103515625,1.03759765625,-0.03662109375,0.18310546875,-0.1220703125,0.20751953125,0.23193359375,0.29296875,-0.048828125,0.927734375,0.0732421875,0.01220703125,0.2685546875,1.3671875,0,-0.93994140625,-0.048828125,-0.28076171875,0.20751953125,-0.98876953125,-0.08544921875,-0.732421875,-0.25634765625,-1.57470703125,-0.2197265625,-0.25634765625,-0.244140625,-0.28076171875,-0.03662109375,-1.13525390625,-0.390625,1.416015625,-0.13427734375,1.416015625,0.13427734375,2.20947265625,-0.03662109375,2.001953125,0.15869140625,-0.74462890625,-0.03662109375,-1.4404296875,-0.0244140625,-1.0498046875,0.13427734375,0.390625,-0.30517578125,0.13427734375,-0.09765625,-0.244140625,-0.048828125,-0.2685546875,-0.0732421875,-0.15869140625,-0.08544921875,-0.06103515625,-0.09765625,0.79345703125,0.146484375,-0.439453125,-0.13427734375,-0.52490234375
0,-0.13427734375,-0.341796875,-0.01220703125,-0.30517578125,0.13427734375,-0.3662109375,0.09765625,0.01220703125,-0.01220703125,-0.25634765625,0,-1.0498046875,0.09765625,0.86669921875,-0.13427734375,-0.57373046875,-0.4150390625,-0.15869140625,-0.244140625,0.390625,-0.03662109375,1.03759765625,0.146484375,-0.35400390625,-0.23193359375,-0.1220703125,0.06103515625,-0.78125,0.10986328125,0.9033203125,0.23193359375,0.23193359375,-0.5615234375,-0.3173828125,0.13427734375,-0.830078125,-0.10986328125,-0.45166015625,-0.2197265625,-0.72021484375,-0.32958984375,-0.1953125,0.06103515625,-0.62255859375,-0.1220703125,-0.390625,-0.13427734375,0.67138671875,0.0732421875,1.20849609375,0.146484375,0.48828125,-0.37841796875,-0.13427734375,-0.1708984375,0.76904296875,0,0.7080078125,0.244140625,0.4638671875,-0.1953125,0.50048828125,0.1953125,0.390625,-0.23193359375,0.1708984375,0.15869140625,1.0498046875,-0.01220703125,0.18310546875,-0.18310546875,0.1953125,0.18310546875,0.30517578125,-0.0244140625,0.93994140625,0.0244140625,0,0.25634765625,1.3427734375,0.048828125,-0.89111328125,0.0244140625,-0.28076171875,0.13427734375,-0.98876953125,-0.10986328125,-0.7568359375,-0.32958984375,-1.5625,-0.15869140625,-0.244140625,-0.25634765625,-0.25634765625,0.09765625,-1.13525390625,-0.35400390625,1.1474609375,-0.25634765625,1.07421875,0.1708984375,1.8310546875,0.01220703125,1.69677734375,0.2197265625,-0.74462890625,-0.1708984375,-1.45263671875,-0.01220703125,-1.06201171875,0.13427734375,0.40283203125,-0.29296875,0.1220703125,-0.08544921875,-0.25634765625,-0.06103515625,-0.28076171875,-0.0732421875,-0.146484375,-0.08544921875,-0.06103515625,-0.0732421875,0.79345703125,0.146484375,-0.45166015625,-0.10986328125,-0.50048828125
0,-0.146484375,-0.341796875,-0.03662109375,-0.30517578125,0.1708984375,-0.390625,0.09765625,0.01220703125,0.01220703125,-0.28076171875,0.01220703125,-1.0498046875,0.08544921875,0.87890625,-0.146484375,-0.5615234375,-0.47607421875,0.03662109375,-0.341796875,0.54931640625,-0.048828125,1.18408203125,-0.048828125,-0.2197265625,-0.23193359375,-0.13427734375,0.0732421875,-0.78125,0.06103515625,0.9033203125,0.28076171875,0.244140625,-0.48828125,-0.32958984375,0.1953125,-0.830078125,-0.1708984375,-0.4638671875,-0.18310546875,-0.72021484375,-0.29296875,-0.1953125,0.048828125,-0.6103515625,-0.20751953125,-0.37841796875,-0.13427734375,0.6591796875,0.048828125,1.18408203125,0.1708984375,0.48828125,-0.30517578125,-0.1220703125,-0.1953125,0.78125,0.01220703125,0.67138671875,0.2197265625,0.4638671875,-0.1953125,0.5615234375,0.244140625,0.4638671875,-0.1220703125,0.18310546875,0.244140625,1.03759765625,-0.01220703125,0.146484375,-0.1708984375,0.20751953125,0.0732421875,0.32958984375,-0.01220703125,0.96435546875,-0.01220703125,0.01220703125,0.18310546875,1.3671875,0.048828125,-0.9033203125,0.0732421875,-0.2685546875,0.03662109375,-1.01318359375,-0.0732421875,-0.76904296875,-0.32958984375,-1.57470703125,-0.09765625,-0.23193359375,-0.18310546875,-0.25634765625,0.1708984375,-1.1474609375,-0.30517578125,0.87890625,-0.341796875,0.7568359375,0.18310546875,1.416015625,0.06103515625,1.37939453125,0.23193359375,-0.76904296875,-0.28076171875,-1.45263671875,-0.0244140625,-1.025390625,0.18310546875,0.42724609375,-0.30517578125,0.09765625,-0.08544921875,-0.244140625,-0.0732421875,-0.25634765625,-0.0732421875,-0.1708984375,-0.0732421875,-0.03662109375,-0.08544921875,0.8056640625,0.1220703125,-0.45166015625,-0.09765625,-0.52490234375
0,-0.15869140625,-0.341796875,-0.01220703125,-0.28076171875,0.15869140625,-0.390625,0.0732421875,0.0244140625,0,-0.2685546875,0.01220703125,-1.03759765625,0.09765625,0.86669921875,-0.08544921875,-0.54931640625,-0.439453125,0.2685546875,-0.35400390625,0.72021484375,-0.06103515625,1.3427734375,-0.23193359375,-0.0732421875,-0.15869140625,-0.13427734375,0.0732421875,-0.78125,0.0244140625,0.91552734375,0.29296875,0.244140625,-0.35400390625,-0.3173828125,0.25634765625,-0.84228515625,-0.1953125,-0.45166015625,-0.13427734375,-0.72021484375,-0.20751953125,-0.20751953125,-0.01220703125,-0.62255859375,-0.244140625,-0.40283203125,-0.15869140625,0.6591796875,-0.01220703125,1.15966796875,0.146484375,0.48828125,-0.23193359375,-0.1220703125,-0.18310546875,0.78125,0.048828125,0.6591796875,0.18310546875,0.45166015625,-0.1708984375,0.634765625,0.2197265625,0.52490234375,0.0244140625,0.244140625,0.29296875,1.03759765625,-0.0244140625,0.1708984375,-0.1708984375,0.2197265625,-0.03662109375,0.35400390625,0.03662109375,0.93994140625,0,0.0244140625,0.1220703125,1.37939453125,0.03662109375,-0.9033203125,0.13427734375,-0.3173828125,-0.13427734375,-1.0009765625,-0.01220703125,-0.78125,-0.32958984375,-1.55029296875,0,-0.20751953125,-0.08544921875,-0.244140625,0.18310546875,-1.171875,-0.244140625,0.5859375,-0.32958984375,0.47607421875,0.18310546875,0.9765625,0.13427734375,1.0986328125,0.20751953125,-0.74462890625,-0.32958984375,-1.46484375,0.01220703125,-1.025390625,0.23193359375,0.42724609375,-0.29296875,0.09765625,-0.06103515625,-0.25634765625,-0.06103515625,-0.23193359375,-0.09765625,-0.1708984375,-0.08544921875,-0.0244140625,-0.09765625,0.8056640625,0.10986328125,-0.42724609375,-0.06103515625,-0.537109375
0,-0.1708984375,-0.35400390625,0.0244140625,-0.28076171875,0.1708984375,-0.390625,0.06103515625,0.01220703125,0.0244140625,-0.244140625,0,-1.0498046875,0.08544921875,0.8544921875,-0.10986328125,-0.537109375,-0.45166015625,0.4638671875,-0.390625,0.86669921875,-0.10986328125,1.45263671875,-0.32958984375,0,-0.09765625,-0.146484375,0.03662109375,-0.76904296875,0.01220703125,0.93994140625,0.30517578125,0.244140625,-0.20751953125,-0.341796875,0.244140625,-0.84228515625,-0.1708984375,-0.45166015625,-0.08544921875,-0.72021484375,-0.0732421875,-0.18310546875,-0.0244140625,-0.62255859375,-0.244140625,-0.4150390625,-0.146484375,0.67138671875,-0.048828125,1.171875,0.1220703125,0.48828125,-0.13427734375,-0.1220703125,-0.18310546875,0.7568359375,0.10986328125,0.62255859375,0.146484375,0.4638671875,-0.15869140625,0.69580078125,0.10986328125,0.64697265625,0.13427734375,0.28076171875,0.32958984375,1.06201171875,-0.0244140625,0.1953125,-0.146484375,0.25634765625,-0.15869140625,0.3662109375,0.06103515625,0.91552734375,0.0244140625,0.03662109375,0.048828125,1.37939453125,0.01220703125,-0.9033203125,0.146484375,-0.3173828125,-0.2685546875,-1.025390625,0.0244140625,-0.78125,-0.30517578125,-1.57470703125,0.048828125,-0.2197265625,0.03662109375,-0.25634765625,0.10986328125,-1.15966796875,-0.244140625,0.3662109375,-0.30517578125,0.244140625,0.13427734375,0.54931640625,0.146484375,0.87890625,0.10986328125,-0.7568359375,-0.30517578125,-1.46484375,-0.01220703125,-1.025390625,0.25634765625,0.45166015625,-0.3173828125,0.09765625,-0.0244140625,-0.25634765625,-0.0732421875,-0.20751953125,-0.10986328125,-0.18310546875,-0.08544921875,-0.03662109375,-0.10986328125,0.79345703125,0.08544921875,-0.439453125,-0.048828125,-0.52490234375
0,-0.1953125,-0.32958984375,0.03662109375,-0.28076171875,0.10986328125,-0.40283203125,0.03662109375,0.01220703125,0,-0.23193359375,0.01220703125,-1.0498046875,0.09765625,0.87890625,-0.13427734375,-0.537109375,-0.52490234375,0.634765625,-0.4150390625,0.93994140625,-0.18310546875,1.52587890625,-0.390625,0,-0.048828125,-0.146484375,-0.01220703125,-0.78125,0.06103515625,0.93994140625,0.25634765625,0.244140625,-0.0244140625,-0.341796875,0.146484375,-0.84228515625,-0.13427734375,-0.439453125,-0.048828125,-0.72021484375,0.0244140625,-0.18310546875,-0.0244140625,-0.6103515625,-0.1953125,-0.42724609375,-0.2197265625,0.68359375,-0.09765625,1.1474609375,0.10986328125,0.47607421875,-0.08544921875,-0.13427734375,-0.18310546875,0.7568359375,0.146484375,0.5859375,0.15869140625,0.4638671875,-0.146484375,0.7568359375,0.048828125,0.732421875,0.1708984375,0.3173828125,0.341796875,1.06201171875,-0.03662109375,0.2197265625,-0.0732421875,0.25634765625,-0.3173828125,0.37841796875,0.08544921875,0.91552734375,0.0244140625,0.048828125,0,1.3916015625,0.01220703125,-0.927734375,0.1708984375,-0.30517578125,-0.3173828125,-1.025390625,0.08544921875,-0.78125,-0.2685546875,-1.5380859375,0.0732421875,-0.2197265625,0.13427734375,-0.30517578125,0.0244140625,-1.15966796875,-0.1708984375,0.2197265625,-0.23193359375,0.1220703125,0.146484375,0.244140625,0.146484375,0.732421875,-0.0244140625,-0.72021484375,-0.23193359375,-1.4892578125,-0.048828125,-1.025390625,0.25634765625,0.439453125,-0.29296875,0.08544921875,0,-0.244140625,-0.06103515625,-0.20751953125,-0.13427734375,-0.1953125,-0.0732421875,-0.01220703125,-0.10986328125,0.8056640625,0.08544921875,-0.42724609375,-0.03662109375,-0.52490234375
0,-0.1953125,-0.3173828125,0.048828125,-0.28076171875,0.1220703125,-0.40283203125,0.03662109375,0.01220703125,0.01220703125,-0.20751953125,0.03662109375,-1.06201171875,0.08544921875,0.87890625,-0.15869140625,-0.537109375,-0.5615234375,0.67138671875,-0.390625,0.93994140625,-0.2197265625,1.5380859375,-0.30517578125,-0.0732421875,-0.01220703125,-0.1708984375,-0.0732421875,-0.76904296875,0.10986328125,0.93994140625,0.146484375,0.25634765625,0.13427734375,-0.341796875,0.048828125,-0.84228515625,-0.0244140625,-0.42724609375,-0.048828125,-0.732421875,0.10986328125,-0.1708984375,0.0244140625,-0.62255859375,-0.146484375,-0.439453125,-0.25634765625,0.67138671875,-0.0732421875,1.18408203125,0.0732421875,0.439453125,0,-0.146484375,-0.15869140625,0.7568359375,0.2197265625,0.57373046875,0.13427734375,0.4638671875,-0.1953125,0.78125,-0.0244140625,0.8056640625,0.23193359375,0.32958984375,0.390625,1.06201171875,-0.06103515625,0.25634765625,-0.01220703125,0.28076171875,-0.390625,0.35400390625,0.1220703125,0.87890625,0.01220703125,0.06103515625,0,1.3916015625,0,-0.9521484375,0.15869140625,-0.3173828125,-0.341796875,-1.025390625,0.08544921875,-0.78125,-0.1953125,-1.5380859375,0.0732421875,-0.25634765625,0.20751953125,-0.30517578125,-0.03662109375,-1.1962890625,-0.15869140625,0.18310546875,-0.1953125,0.146484375,-0.0244140625,0.0732421875,0.08544921875,0.74462890625,-0.15869140625,-0.69580078125,-0.1220703125,-1.47705078125,-0.1220703125,-1.025390625,0.2197265625,0.42724609375,-0.29296875,0.09765625,-0.01220703125,-0.244140625,-0.06103515625,-0.18310546875,-0.10986328125,-0.1953125,-0.08544921875,-0.01220703125,-0.09765625,0.81787109375,0.0732421875,-0.45166015625,-0.06103515625,-0.5126953125
0,-0.1708984375,-0.30517578125,0.048828125,-0.30517578125,0.08544921875,-0.439453125,0.03662109375,0,0.0244140625,-0.1953125,0.03662109375,-1.07421875,0.06103515625,0.89111328125,-0.2197265625,-0.54931640625,-0.54931640625,0.6103515625,-0.32958984375,0.84228515625,-0.29296875,1.4404296875,-0.09765625,-0.20751953125,-0.03662109375,-0.1708984375,-0.13427734375,-0.78125,0.1220703125,0.96435546875,-0.048828125,0.2197265625,0.18310546875,-0.341796875,-0.0244140625,-0.84228515625,0.09765625,-0.439453125,-0.01220703125,-0.732421875,0.15869140625,-0.15869140625,0.1220703125,-0.64697265625,-0.048828125,-0.439453125,-0.30517578125,0.6591796875,-0.0732421875,1.20849609375,0.048828125,0.45166015625,0.08544921875,-0.146484375,-0.08544921875,0.74462890625,0.2197265625,0.57373046875,0.146484375,0.47607421875,-0.2197265625,0.79345703125,0.01220703125,0.830078125,0.29296875,0.3173828125,0.35400390625,1.07421875,-0.06103515625,0.28076171875,0.048828125,0.2685546875,-0.45166015625,0.341796875,0.18310546875,0.87890625,-0.01220703125,0.06103515625,0.01220703125,1.3916015625,-0.03662109375,-0.9765625,0.09765625,-0.341796875,-0.29296875,-0.98876953125,0.048828125,-0.76904296875,-0.09765625,-1.52587890625,0.01220703125,-0.2685546875,0.23193359375,-0.3173828125,-0.048828125,-1.1962890625,-0.06103515625,0.30517578125,-0.1220703125,0.30517578125,-0.01220703125,0.1708984375,0.048828125,0.89111328125,-0.244140625,-0.67138671875,-0.03662109375,-1.45263671875,-0.20751953125,-1.0498046875,0.18310546875,0.40283203125,-0.29296875,0.09765625,0,-0.23193359375,-0.0732421875,-0.1708984375,-0.10986328125,-0.1953125,-0.10986328125,0,-0.09765625,0.830078125,0.06103515625,-0.439453125,-0.08544921875,-0.50048828125
1,-0.1708984375,-0.30517578125,0.048828125,-0.29296875,0.09765625,-0.42724609375,0.048828125,0,0.048828125,-0.1708984375,0.048828125,-1.07421875,0.048828125,0.89111328125,-0.2197265625,-0.54931640625,-0.50048828125,0.4638671875,-0.30517578125,0.62255859375,-0.32958984375,1.26953125,0.09765625,-0.3662109375,-0.0732421875,-0.146484375,-0.146484375,-0.76904296875,0.10986328125,0.9521484375,-0.20751953125,0.2197265625,0.1953125,-0.35400390625,-0.08544921875,-0.84228515625,0.2197265625,-0.42724609375,-0.01220703125,-0.7080078125,0.1708984375,-0.1708984375,0.1953125,-0.6591796875,0.03662109375,-0.42724609375,-0.28076171875,0.64697265625,-0.08544921875,1.20849609375,0.03662109375,0.439453125,0.1708984375,-0.13427734375,-0.0244140625,0.74462890625,0.18310546875,0.5859375,0.15869140625,0.47607421875,-0.1953125,0.7568359375,0.06103515625,0.81787109375,0.341796875,0.29296875,0.3173828125,1.06201171875,-0.03662109375,0.28076171875,0.10986328125,0.25634765625,-0.50048828125,0.30517578125,0.18310546875,0.86669921875,-0.048828125,0.06103515625,0.01220703125,1.37939453125,-0.06103515625,-0.98876953125,0.06103515625,-0.3173828125,-0.20751953125,-0.96435546875,-0.01220703125,-0.76904296875,0.0244140625,-1.50146484375,-0.03662109375,-0.28076171875,0.20751953125,-0.35400390625,-0.03662109375,-1.20849609375,-0.03662109375,0.5859375,-0.048828125,0.62255859375,-0.03662109375,0.5859375,0.0244140625,1.1962890625,-0.2685546875,-0.67138671875,0.01220703125,-1.46484375,-0.244140625,-1.06201171875,0.13427734375,0.37841796875,-0.30517578125,0.10986328125,0.0244140625,-0.2197265625,-0.06103515625,-0.1708984375,-0.1220703125,-0.1953125,-0.10986328125,0,-0.10986328125,0.830078125,0.03662109375,-0.47607421875,-0.0732421875,-0.48828125
1,-0.13427734375,-0.28076171875,0.03662109375,-0.30517578125,0.1220703125,-0.4150390625,0.048828125,0,0.08544921875,-0.1708984375,0.048828125,-1.07421875,0.0244140625,0.89111328125,-0.20751953125,-0.5615234375,-0.45166015625,0.244140625,-0.2197265625,0.390625,-0.32958984375,1.06201171875,0.32958984375,-0.5126953125,-0.146484375,-0.146484375,-0.15869140625,-0.76904296875,0.03662109375,0.9521484375,-0.3662109375,0.23193359375,0.10986328125,-0.32958984375,-0.06103515625,-0.81787109375,0.30517578125,-0.390625,-0.01220703125,-0.7080078125,0.1953125,-0.146484375,0.28076171875,-0.64697265625,0.08544921875,-0.40283203125,-0.244140625,0.6591796875,-0.08544921875,1.220703125,0.01220703125,0.42724609375,0.28076171875,-0.13427734375,0.0732421875,0.7568359375,0.10986328125,0.634765625,0.20751953125,0.4638671875,-0.146484375,0.732421875,0.06103515625,0.72021484375,0.40283203125,0.23193359375,0.32958984375,1.06201171875,0,0.2685546875,0.09765625,0.2197265625,-0.4638671875,0.29296875,0.1953125,0.86669921875,-0.08544921875,0.048828125,0.048828125,1.3671875,-0.03662109375,-1.0009765625,-0.01220703125,-0.3173828125,-0.10986328125,-0.927734375,-0.09765625,-0.76904296875,0.0732421875,-1.47705078125,-0.0732421875,-0.28076171875,0.1220703125,-0.341796875,-0.06103515625,-1.23291015625,-0.0244140625,1.06201171875,0,1.07421875,-0.0244140625,1.30615234375,0,1.69677734375,-0.20751953125,-0.67138671875,0.0244140625,-1.45263671875,-0.244140625,-1.0498046875,0.10986328125,0.390625,-0.2685546875,0.1220703125,0.03662109375,-0.2197265625,-0.06103515625,-0.1708984375,-0.09765625,-0.1953125,-0.10986328125,0,-0.09765625,0.830078125,0.0244140625,-0.4638671875,-0.09765625,-0.48828125
1,-0.1220703125,-0.32958984375,0.03662109375,-0.30517578125,0.13427734375,-0.42724609375,0.048828125,0,0.1220703125,-0.1953125,0.06103515625,-1.06201171875,0,0.87890625,-0.23193359375,-0.57373046875,-0.47607421875,0.0244140625,-0.20751953125,0.10986328125,-0.2685546875,0.84228515625,0.42724609375,-0.59814453125,-0.2685546875,-0.146484375,-0.146484375,-0.76904296875,-0.08544921875,0.9765625,-0.4150390625,0.23193359375,-0.08544921875,-0.3173828125,-0.06103515625,-0.81787109375,0.341796875,-0.37841796875,0.03662109375,-0.7080078125,0.1953125,-0.146484375,0.35400390625,-0.634765625,0.09765625,-0.390625,-0.2197265625,0.6591796875,-0.0732421875,1.18408203125,-0.01220703125,0.4150390625,0.32958984375,-0.146484375,0.1220703125,0.76904296875,0.0244140625,0.6591796875,0.244140625,0.4638671875,-0.08544921875,0.69580078125,0.06103515625,0.59814453125,0.40283203125,0.18310546875,0.244140625,1.0498046875,0.0732421875,0.244140625,0.10986328125,0.20751953125,-0.48828125,0.2685546875,0.18310546875,0.91552734375,-0.10986328125,0.03662109375,0.03662109375,1.3427734375,-0.03662109375,-0.9765625,-0.06103515625,-0.3173828125,-0.01220703125,-0.927734375,-0.13427734375,-0.76904296875,0.13427734375,-1.46484375,-0.0732421875,-0.29296875,0.03662109375,-0.341796875,-0.0732421875,-1.220703125,-0.01220703125,1.72119140625,-0.01220703125,1.6845703125,0.01220703125,2.2705078125,-0.0244140625,2.30712890625,-0.08544921875,-0.67138671875,0,-1.45263671875,-0.2197265625,-1.0498046875,0.10986328125,0.40283203125,-0.2685546875,0.13427734375,0.03662109375,-0.2197265625,-0.06103515625,-0.18310546875,-0.0732421875,-0.18310546875,-0.1220703125,-0.0244140625,-0.0732421875,0.8544921875,0.03662109375,-0.47607421875,-0.10986328125,-0.4638671875
1,-0.08544921875,-0.35400390625,0.03662109375,-0.2685546875,0.08544921875,-0.4150390625,0.06103515625,0.0244140625,0.10986328125,-0.1953125,0.048828125,-1.06201171875,-0.0244140625,0.87890625,-0.2197265625,-0.5859375,-0.48828125,-0.1220703125,-0.15869140625,-0.048828125,-0.10986328125,0.7080078125,0.50048828125,-0.54931640625,-0.3662109375,-0.13427734375,-0.13427734375,-0.76904296875,-0.18310546875,0.96435546875,-0.32958984375,0.2197265625,-0.28076171875,-0.3173828125,-0.03662109375,-0.830078125,0.32958984375,-0.3662109375,0.03662109375,-0.69580078125,0.1708984375,-0.146484375,0.35400390625,-0.634765625,0.0244140625,-0.37841796875,-0.15869140625,0.6591796875,-0.08544921875,1.171875,0.01220703125,0.45166015625,0.35400390625,-0.1220703125,0.146484375,0.76904296875,-0.048828125,0.68359375,0.2685546875,0.4638671875,-0.10986328125,0.64697265625,0.0244140625,0.45166015625,0.4638671875,0.146484375,0.1708984375,1.03759765625,0.0732421875,0.2197265625,0.09765625,0.1953125,-0.4638671875,0.28076171875,0.1953125,0.9033203125,-0.09765625,0.03662109375,0.048828125,1.33056640625,0,-0.9521484375,-0.10986328125,-0.30517578125,0.0244140625,-0.91552734375,-0.09765625,-0.76904296875,0.1220703125,-1.47705078125,-0.0244140625,-0.28076171875,-0.0732421875,-0.3173828125,-0.08544921875,-1.23291015625,-0.03662109375,2.44140625,-0.0732421875,2.392578125,0.0732421875,3.4423828125,-0.09765625,2.99072265625,0.0732421875,-0.68359375,0,-1.4404296875,-0.18310546875,-1.06201171875,0.06103515625,0.390625,-0.25634765625,0.13427734375,0.03662109375,-0.23193359375,-0.048828125,-0.1708984375,-0.06103515625,-0.15869140625,-0.10986328125,-0.0244140625,-0.0732421875,0.86669921875,0.048828125,-0.439453125,-0.13427734375,-0.48828125
1,-0.06103515625,-0.35400390625,0.048828125,-0.28076171875,0.08544921875,-0.390625,0.048828125,0.0244140625,0.146484375,-0.2197265625,0.06103515625,-1.0498046875,-0.048828125,0.86669921875,-0.2685546875,-0.6103515625,-0.4150390625,-0.1220703125,-0.09765625,-0.0732421875,0.0244140625,0.68359375,0.45166015625,-0.30517578125,-0.4638671875,-0.146484375,-0.13427734375,-0.7568359375,-0.3173828125,0.93994140625,-0.2197265625,0.23193359375,-0.4638671875,-0.341796875,0,-0.830078125,0.29296875,-0.390625,0.06103515625,-0.7080078125,0.1220703125,-0.18310546875,0.3662109375,-0.634765625,0.01220703125,-0.40283203125,-0.06103515625,0.6591796875,-0.03662109375,1.15966796875,0.0244140625,0.4638671875,0.32958984375,-0.10986328125,0.10986328125,0.79345703125,-0.08544921875,0.7080078125,0.2197265625,0.439453125,-0.10986328125,0.634765625,-0.048828125,0.29296875,0.50048828125,0.146484375,0.01220703125,1.0498046875,0.1220703125,0.20751953125,0.0732421875,0.1953125,-0.42724609375,0.28076171875,0.1953125,0.93994140625,-0.08544921875,0.03662109375,0.048828125,1.33056640625,-0.01220703125,-0.9521484375,-0.09765625,-0.29296875,0.06103515625,-0.9033203125,-0.01220703125,-0.78125,0.06103515625,-1.47705078125,-0.03662109375,-0.2685546875,-0.10986328125,-0.3173828125,-0.13427734375,-1.23291015625,0.01220703125,3.23486328125,-0.1220703125,3.08837890625,0.08544921875,4.72412109375,-0.13427734375,3.69873046875,0.2685546875,-0.732421875,-0.048828125,-1.45263671875,-0.1708984375,-1.06201171875,-0.01220703125,0.40283203125,-0.244140625,0.146484375,0.03662109375,-0.23193359375,-0.06103515625,-0.15869140625,-0.048828125,-0.146484375,-0.09765625,-0.0244140625,-0.03662109375,0.87890625,0.048828125,-0.42724609375,-0.10986328125,-0.47607421875
1,-0.0732421875,-0.37841796875,0.048828125,-0.2685546875,0.0732421875,-0.35400390625,0.06103515625,0.01220703125,0.13427734375,-0.23193359375,0.048828125,-1.03759765625,-0.048828125,0.86669921875,-0.28076171875,-0.6103515625,-0.3662109375,0.08544921875,-0.10986328125,0.0732421875,0.13427734375,0.830078125,0.35400390625,0.13427734375,-0.54931640625,-0.13427734375,-0.13427734375,-0.7568359375,-0.390625,0.93994140625,-0.06103515625,0.23193359375,-0.57373046875,-0.32958984375,0.01220703125,-0.830078125,0.2197265625,-0.439453125,0.06103515625,-0.7080078125,0.0732421875,-0.1953125,0.29296875,-0.62255859375,-0.048828125,-0.390625,-0.0244140625,0.67138671875,-0.01220703125,1.1474609375,0.048828125,0.47607421875,0.32958984375,-0.09765625,0.06103515625,0.79345703125,-0.10986328125,0.7080078125,0.1953125,0.439453125,-0.08544921875,0.5859375,-0.0732421875,0.13427734375,0.4638671875,0.1708984375,-0.10986328125,1.03759765625,0.13427734375,0.1953125,0.01220703125,0.20751953125,-0.42724609375,0.28076171875,0.2197265625,0.93994140625,-0.048828125,0.03662109375,0.03662109375,1.3427734375,-0.0244140625,-0.9521484375,-0.08544921875,-0.3173828125,0.03662109375,-0.93994140625,0.1220703125,-0.79345703125,-0.0244140625,-1.47705078125,-0.03662109375,-0.244140625,-0.08544921875,-0.3173828125,-0.18310546875,-1.220703125,0.0244140625,3.99169921875,-0.18310546875,3.74755859375,0.048828125,5.99365234375,-0.1953125,4.38232421875,0.37841796875,-0.74462890625,-0.08544921875,-1.46484375,-0.1220703125,-1.03759765625,-0.06103515625,0.439453125,-0.244140625,0.146484375,0.06103515625,-0.244140625,-0.06103515625,-0.1220703125,0,-0.1708984375,-0.06103515625,-0.01220703125,-0.0244140625,0.86669921875,0.06103515625,-0.42724609375,-0.1220703125,-0.47607421875
1,-0.08544921875,-0.37841796875,0.0732421875,-0.28076171875,0.10986328125,-0.32958984375,0.06103515625,-0.01220703125,0.146484375,-0.23193359375,0.03662109375,-1.025390625,-0.06103515625,0.84228515625,-0.3173828125,-0.634765625,-0.30517578125,0.47607421875,-0.1220703125,0.439453125,0.23193359375,1.11083984375,0.29296875,0.79345703125,-0.5859375,-0.13427734375,-0.15869140625,-0.7568359375,-0.37841796875,0.93994140625,0.0732421875,0.2197265625,-0.52490234375,-0.3173828125,-0.0244140625,-0.84228515625,0.09765625,-0.45166015625,0.10986328125,-0.69580078125,0,-0.2197265625,0.2197265625,-0.62255859375,-0.09765625,-0.37841796875,-0.01220703125,0.6591796875,0.01220703125,1.1474609375,0.06103515625,0.50048828125,0.3173828125,-0.13427734375,0.0244140625,0.78125,-0.13427734375,0.68359375,0.1708984375,0.42724609375,-0.10986328125,0.57373046875,-0.1220703125,0.03662109375,0.4150390625,0.20751953125,-0.18310546875,1.0498046875,0.146484375,0.20751953125,-0.03662109375,0.23193359375,-0.390625,0.29296875,0.2197265625,0.9521484375,0.0244140625,0.03662109375,-0.01220703125,1.3427734375,-0.048828125,-0.9521484375,0.01220703125,-0.32958984375,-0.03662109375,-0.9765625,0.244140625,-0.79345703125,-0.0732421875,-1.4892578125,-0.0732421875,-0.25634765625,-0.01220703125,-0.30517578125,-0.23193359375,-1.220703125,0.01220703125,4.67529296875,-0.2685546875,4.33349609375,0.0732421875,7.09228515625,-0.23193359375,4.96826171875,0.42724609375,-0.732421875,-0.09765625,-1.45263671875,-0.048828125,-1.025390625,-0.06103515625,0.45166015625,-0.20751953125,0.1220703125,0.048828125,-0.23193359375,-0.06103515625,-0.13427734375,-0.0244140625,-0.18310546875,-0.08544921875,0,-0.0244140625,0.87890625,0.06103515625,-0.4150390625,-0.1220703125,-0.48828125
1,-0.08544921875,-0.390625,0.09765625,-0.29296875,0.10986328125,-0.3173828125,0.08544921875,0.01220703125,0.18310546875,-0.23193359375,0.0244140625,-1.0498046875,-0.048828125,0.8544921875,-0.32958984375,-0.64697265625,-0.29296875,1.07421875,-0.15869140625,0.98876953125,0.29296875,1.57470703125,0.1220703125,1.66015625,-0.5859375,-0.146484375,-0.146484375,-0.7568359375,-0.28076171875,0.927734375,0.1220703125,0.244140625,-0.390625,-0.30517578125,-0.03662109375,-0.86669921875,-0.0244140625,-0.47607421875,0.09765625,-0.72021484375,-0.0732421875,-0.23193359375,0.15869140625,-0.6103515625,-0.10986328125,-0.37841796875,-0.01220703125,0.6591796875,0.048828125,1.1474609375,0.0732421875,0.48828125,0.29296875,-0.146484375,0.0244140625,0.76904296875,-0.06103515625,0.67138671875,0.1708984375,0.42724609375,-0.1708984375,0.5615234375,-0.13427734375,-0.03662109375,0.32958984375,0.2685546875,-0.2685546875,1.03759765625,0.146484375,0.23193359375,-0.09765625,0.23193359375,-0.35400390625,0.30517578125,0.1953125,0.9765625,0.09765625,0.048828125,-0.048828125,1.3427734375,-0.10986328125,-0.96435546875,0.0732421875,-0.3173828125,-0.0732421875,-1.0009765625,0.30517578125,-0.8056640625,-0.09765625,-1.4892578125,-0.09765625,-0.23193359375,0.10986328125,-0.29296875,-0.23193359375,-1.220703125,0,5.16357421875,-0.29296875,4.79736328125,0.0732421875,7.8857421875,-0.2197265625,5.3955078125,0.3662109375,-0.74462890625,-0.10986328125,-1.4892578125,0.01220703125,-1.025390625,-0.01220703125,0.47607421875,-0.1953125,0.10986328125,0.03662109375,-0.25634765625,-0.06103515625,-0.146484375,-0.0244140625,-0.1708984375,-0.09765625,-0.01220703125,-0.0244140625,0.87890625,0.048828125,-0.42724609375,-0.10986328125,-0.47607421875
1,-0.09765625,-0.40283203125,0.10986328125,-0.29296875,0.09765625,-0.3173828125,0.06103515625,0,0.18310546875,-0.2197265625,0.01220703125,-1.06201171875,-0.03662109375,0.84228515625,-0.32958984375,-0.64697265625,-0.2685546875,1.8310546875,-0.2685546875,1.72119140625,0.23193359375,2.13623046875,0.06103515625,2.685546875,-0.4638671875,-0.15869140625,-0.13427734375,-0.7568359375,-0.1708984375,0.927734375,0.09765625,0.2197265625,-0.1220703125,-0.29296875,-0.06103515625,-0.8544921875,-0.13427734375,-0.45166015625,0.08544921875,-0.7080078125,-0.15869140625,-0.1953125,0.06103515625,-0.6103515625,-0.13427734375,-0.40283203125,-0.06103515625,0.67138671875,0.03662109375,1.13525390625,0.10986328125,0.48828125,0.2197265625,-0.146484375,0.01220703125,0.7568359375,-0.03662109375,0.64697265625,0.1220703125,0.42724609375,-0.28076171875,0.5615234375,-0.15869140625,-0.06103515625,0.23193359375,0.30517578125,-0.30517578125,1.0498046875,0.146484375,0.25634765625,-0.146484375,0.244140625,-0.32958984375,0.29296875,0.15869140625,0.93994140625,0.1220703125,0.06103515625,-0.09765625,1.35498046875,-0.10986328125,-0.9521484375,0.1708984375,-0.32958984375,-0.10986328125,-1.025390625,0.3662109375,-0.76904296875,-0.08544921875,-1.4892578125,-0.146484375,-0.2197265625,0.244140625,-0.29296875,-0.2197265625,-1.20849609375,-0.03662109375,5.4443359375,-0.23193359375,5.06591796875,0.0732421875,8.349609375,-0.146484375,5.62744140625,0.20751953125,-0.72021484375,-0.1220703125,-1.47705078125,0.048828125,-1.01318359375,0.048828125,0.48828125,-0.18310546875,0.1220703125,0.01220703125,-0.25634765625,-0.06103515625,-0.1708984375,-0.03662109375,-0.1953125,-0.08544921875,0,-0.0732421875,0.830078125,0.06103515625,-0.439453125,-0.10986328125,-0.47607421875
1,-0.0732421875,-0.40283203125,0.13427734375,-0.28076171875,0.08544921875,-0.29296875,0.03662109375,0.01220703125,0.18310546875,-0.20751953125,-0.01220703125,-1.0498046875,-0.01220703125,0.830078125,-0.341796875,-0.62255859375,-0.2685546875,2.685546875,-0.35400390625,2.52685546875,0.15869140625,2.734375,-0.10986328125,3.79638671875,-0.35400390625,-0.15869140625,-0.146484375,-0.76904296875,0,0.91552734375,0.0244140625,0.2197265625,0.10986328125,-0.30517578125,-0.09765625,-0.86669921875,-0.18310546875,-0.45166015625,0.03662109375,-0.7080078125,-0.23193359375,-0.18310546875,0.048828125,-0.62255859375,-0.15869140625,-0.42724609375,-0.0732421875,0.68359375,0.0244140625,1.1474609375,0.1953125,0.47607421875,0.18310546875,-0.13427734375,0.01220703125,0.7568359375,0,0.634765625,0.13427734375,0.439453125,-0.3662109375,0.5615234375,-0.15869140625,0.01220703125,0.18310546875,0.341796875,-0.40283203125,1.06201171875,0.10986328125,0.25634765625,-0.2197265625,0.244140625,-0.20751953125,0.3173828125,0.0732421875,0.91552734375,0.18310546875,0.048828125,-0.08544921875,1.37939453125,-0.13427734375,-0.9521484375,0.2197265625,-0.341796875,-0.1220703125,-1.01318359375,0.3662109375,-0.76904296875,-0.0732421875,-1.47705078125,-0.146484375,-0.2197265625,0.35400390625,-0.28076171875,-0.23193359375,-1.220703125,-0.048828125,5.4931640625,-0.146484375,5.16357421875,0.0732421875,8.43505859375,-0.13427734375,5.67626953125,0.0244140625,-0.72021484375,-0.09765625,-1.45263671875,0.09765625,-1.0009765625,0.048828125,0.47607421875,-0.15869140625,0.09765625,0.01220703125,-0.25634765625,-0.06103515625,-0.20751953125,-0.03662109375,-0.20751953125,-0.08544921875,0,-0.08544921875,0.830078125,0.08544921875,-0.4638671875,-0.09765625,-0.50048828125
1,-0.0732421875,-0.4150390625,0.13427734375,-0.29296875,0.08544921875,-0.3173828125,0.03662109375,0.01220703125,0.15869140625,-0.1953125,-0.01220703125,-1.06201171875,-0.03662109375,0.81787109375,-0.37841796875,-0.6103515625,-0.2685546875,3.515625,-0.48828125,3.3447265625,0,3.35693359375,-0.1220703125,4.9072265625,-0.23193359375,-0.15869140625,-0.146484375,-0.76904296875,0.13427734375,0.91552734375,-0.06103515625,0.244140625,0.32958984375,-0.29296875,-0.0732421875,-0.86669921875,-0.20751953125,-0.45166015625,-0.0244140625,-0.72021484375,-0.25634765625,-0.15869140625,0.03662109375,-0.62255859375,-0.1953125,-0.42724609375,-0.146484375,0.67138671875,-0.01220703125,1.15966796875,0.23193359375,0.47607421875,0.10986328125,-0.15869140625,-0.01220703125,0.732421875,0.0244140625,0.634765625,0.18310546875,0.45166015625,-0.45166015625,0.54931640625,-0.13427734375,0.09765625,0.0732421875,0.341796875,-0.45166015625,1.07421875,0.09765625,0.28076171875,-0.2685546875,0.244140625,-0.09765625,0.3173828125,0.01220703125,0.927734375,0.18310546875,0.048828125,-0.0732421875,1.3671875,-0.1220703125,-0.93994140625,0.25634765625,-0.3662109375,-0.1220703125,-1.025390625,0.28076171875,-0.74462890625,-0.0244140625,-1.4892578125,-0.146484375,-0.2197265625,0.4150390625,-0.29296875,-0.2197265625,-1.220703125,-0.06103515625,5.3466796875,-0.048828125,5.09033203125,0.048828125,8.16650390625,-0.13427734375,5.52978515625,-0.1708984375,-0.68359375,-0.13427734375,-1.45263671875,0.0732421875,-1.01318359375,0.0732421875,0.45166015625,-0.1220703125,0.09765625,0,-0.25634765625,-0.06103515625,-0.20751953125,-0.048828125,-0.1953125,-0.0732421875,0,-0.0732421875,0.78125,0.09765625,-0.48828125,-0.08544921875,-0.50048828125
1,-0.048828125,-0.4150390625,0.10986328125,-0.30517578125,0.0732421875,-0.341796875,0.0244140625,0.0244140625,0.13427734375,-0.18310546875,-0.0244140625,-1.06201171875,-0.0244140625,0.830078125,-0.32958984375,-0.57373046875,-0.18310546875,4.26025390625,-0.62255859375,4.052734375,-0.146484375,3.90625,-0.1220703125,5.908203125,-0.146484375,-0.1708984375,-0.10986328125,-0.76904296875,0.25634765625,0.91552734375,-0.1220703125,0.23193359375,0.42724609375,-0.28076171875,-0.01220703125,-0.86669921875,-0.18310546875,-0.42724609375,-0.0732421875,-0.7080078125,-0.244140625,-0.13427734375,0.06103515625,-0.62255859375,-0.2197265625,-0.42724609375,-0.20751953125,0.6591796875,-0.06103515625,1.1962890625,0.28076171875,0.47607421875,0.08544921875,-0.146484375,-0.0732421875,0.74462890625,0.0244140625,0.6591796875,0.23193359375,0.45166015625,-0.59814453125,0.57373046875,-0.18310546875,0.1953125,-0.01220703125,0.3173828125,-0.40283203125,1.07421875,0.0244140625,0.29296875,-0.2685546875,0.244140625,-0.01220703125,0.30517578125,-0.03662109375,0.87890625,0.1708984375,0.06103515625,-0.0244140625,1.3427734375,-0.08544921875,-0.91552734375,0.25634765625,-0.35400390625,-0.1220703125,-1.025390625,0.1953125,-0.74462890625,0.01220703125,-1.47705078125,-0.146484375,-0.23193359375,0.4150390625,-0.30517578125,-0.13427734375,-1.20849609375,-0.048828125,4.99267578125,0.06103515625,4.82177734375,0.0244140625,7.58056640625,-0.15869140625,5.26123046875,-0.28076171875,-0.68359375,-0.18310546875,-1.45263671875,0,-1.01318359375,0.08544921875,0.42724609375,-0.1220703125,0.09765625,0.0244140625,-0.244140625,-0.0732421875,-0.25634765625,-0.0732421875,-0.20751953125,-0.06103515625,-0.03662109375,-0.08544921875,0.74462890625,0.146484375,-0.50048828125,-0.08544921875,-0.48828125
1,-0.03662109375,-0.390625,0.13427734375,-0.29296875,0.048828125,-0.341796875,0.0244140625,0.0244140625,0.15869140625,-0.146484375,-0.048828125,-1.06201171875,0,0.84228515625,-0.32958984375,-0.5615234375,-0.15869140625,4.8583984375,-0.6591796875,4.638671875,-0.244140625,4.3212890625,-0.09765625,6.79931640625,-0.0732421875,-0.18310546875,-0.06103515625,-0.78125,0.29296875,0.9033203125,-0.15869140625,0.2197265625,0.45166015625,-0.30517578125,0.08544921875,-0.87890625,-0.10986328125,-0.439453125,-0.08544921875,-0.732421875,-0.1708984375,-0.13427734375,0.1220703125,-0.634765625,-0.2197265625,-0.439453125,-0.2197265625,0.67138671875,-0.1220703125,1.18408203125,0.28076171875,0.4638671875,0.0732421875,-0.1220703125,-0.09765625,0.7568359375,0.01220703125,0.6591796875,0.25634765625,0.4638671875,-0.6591796875,0.57373046875,-0.2685546875,0.28076171875,-0.03662109375,0.28076171875,-0.40283203125,1.07421875,-0.01220703125,0.2685546875,-0.2685546875,0.23193359375,0.13427734375,0.28076171875,-0.08544921875,0.84228515625,0.146484375,0.048828125,0.06103515625,1.35498046875,-0.08544921875,-0.927734375,0.23193359375,-0.341796875,-0.13427734375,-1.0009765625,0.01220703125,-0.7568359375,0.048828125,-1.4892578125,-0.08544921875,-0.25634765625,0.3662109375,-0.30517578125,-0.048828125,-1.1962890625,-0.06103515625,4.50439453125,0.13427734375,4.4189453125,-0.03662109375,6.8603515625,-0.15869140625,4.833984375,-0.29296875,-0.68359375,-0.2197265625,-1.45263671875,-0.048828125,-1.025390625,0.048828125,0.40283203125,-0.1220703125,0.09765625,0.01220703125,-0.25634765625,-0.06103515625,-0.28076171875,-0.09765625,-0.20751953125,-0.0732421875,-0.03662109375,-0.0732421875,0.732421875,0.10986328125,-0.50048828125,-0.0732421875,-0.50048828125
1,-0.03662109375,-0.37841796875,0.15869140625,-0.29296875,0.08544921875,-0.341796875,0.06103515625,0.01220703125,0.1953125,-0.15869140625,-0.06103515625,-1.06201171875,0.01220703125,0.84228515625,-0.28076171875,-0.57373046875,-0.1953125,5.2734375,-0.69580078125,5.0537109375,-0.341796875,4.6142578125,-0.2197265625,7.48291015625,-0.0244140625,-0.18310546875,-0.0244140625,-0.78125,0.2685546875,0.91552734375,-0.13427734375,0.23193359375,0.4150390625,-0.32958984375,0.15869140625,-0.86669921875,-0.0732421875,-0.439453125,-0.08544921875,-0.74462890625,-0.10986328125,-0.13427734375,0.18310546875,-0.634765625,-0.20751953125,-0.4150390625,-0.23193359375,0.64697265625,-0.20751953125,1.15966796875,0.25634765625,0.47607421875,0.0732421875,-0.1220703125,-0.146484375,0.74462890625,0.01220703125,0.69580078125,0.29296875,0.4638671875,-0.69580078125,0.57373046875,-0.32958984375,0.35400390625,-0.0732421875,0.2197265625,-0.35400390625,1.07421875,-0.0244140625,0.25634765625,-0.25634765625,0.2197265625,0.18310546875,0.28076171875,-0.0732421875,0.84228515625,0.1220703125,0.048828125,0.1220703125,1.3427734375,-0.08544921875,-0.9033203125,0.18310546875,-0.35400390625,-0.13427734375,-1.0009765625,-0.13427734375,-0.7568359375,0.10986328125,-1.4892578125,-0.0244140625,-0.244140625,0.25634765625,-0.30517578125,0.03662109375,-1.1962890625,-0.01220703125,3.9306640625,0.1953125,3.9306640625,-0.1220703125,6.04248046875,-0.146484375,4.35791015625,-0.244140625,-0.69580078125,-0.2685546875,-1.4404296875,-0.08544921875,-1.06201171875,0.048828125,0.390625,-0.09765625,0.08544921875,0.01220703125,-0.25634765625,-0.0732421875,-0.28076171875,-0.08544921875,-0.18310546875,-0.0732421875,-0.048828125,-0.0732421875,0.74462890625,0.08544921875,-0.50048828125,-0.048828125,-0.5126953125
0,-0.0244140625,-0.37841796875,0.15869140625,-0.30517578125,0.0732421875,-0.341796875,0.048828125,0,0.2197265625,-0.146484375,-0.09765625,-1.0498046875,0,0.87890625,-0.23193359375,-0.57373046875,-0.23193359375,5.4931640625,-0.72021484375,5.26123046875,-0.3662109375,4.77294921875,-0.20751953125,7.94677734375,-0.048828125,-0.1708984375,0.03662109375,-0.79345703125,0.20751953125,0.93994140625,-0.08544921875,0.23193359375,0.30517578125,-0.341796875,0.244140625,-0.84228515625,0,-0.4150390625,-0.0732421875,-0.732421875,-0.08544921875,-0.10986328125,0.23193359375,-0.6591796875,-0.244140625,-0.4150390625,-0.1708984375,0.64697265625,-0.25634765625,1.15966796875,0.23193359375,0.5126953125,0.0732421875,-0.1220703125,-0.18310546875,0.7568359375,-0.048828125,0.74462890625,0.341796875,0.47607421875,-0.6103515625,0.59814453125,-0.4638671875,0.390625,-0.08544921875,0.20751953125,-0.2685546875,1.06201171875,-0.03662109375,0.23193359375,-0.23193359375,0.20751953125,0.2685546875,0.29296875,-0.10986328125,0.81787109375,0.1220703125,0.0732421875,0.146484375,1.33056640625,-0.09765625,-0.91552734375,0.13427734375,-0.35400390625,-0.18310546875,-0.98876953125,-0.244140625,-0.7568359375,0.13427734375,-1.50146484375,0.048828125,-0.2685546875,0.15869140625,-0.3173828125,0.1220703125,-1.171875,0.048828125,3.3203125,0.18310546875,3.38134765625,-0.146484375,5.13916015625,-0.13427734375,3.8330078125,-0.10986328125,-0.68359375,-0.29296875,-1.42822265625,-0.146484375,-1.0498046875,0.048828125,0.390625,-0.1220703125,0.09765625,0,-0.2685546875,-0.06103515625,-0.25634765625,-0.06103515625,-0.18310546875,-0.06103515625,-0.03662109375,-0.09765625,0.7568359375,0.0732421875,-0.4638671875,-0.01220703125,-0.52490234375
0,0,-0.35400390625,0.1953125,-0.30517578125,0.06103515625,-0.35400390625,0.048828125,0,0.25634765625,-0.15869140625,-0.0732421875,-1.06201171875,-0.0244140625,0.87890625,-0.18310546875,-0.57373046875,-0.23193359375,5.52978515625,-0.68359375,5.322265625,-0.30517578125,4.78515625,-0.20751953125,8.203125,-0.0732421875,-0.1708984375,0.06103515625,-0.78125,0.06103515625,0.927734375,-0.0732421875,0.2197265625,0.1708984375,-0.3173828125,0.23193359375,-0.84228515625,0.0732421875,-0.40283203125,-0.01220703125,-0.732421875,-0.01220703125,-0.146484375,0.29296875,-0.6591796875,-0.18310546875,-0.37841796875,-0.13427734375,0.64697265625,-0.244140625,1.15966796875,0.15869140625,0.52490234375,0.0732421875,-0.1220703125,-0.18310546875,0.78125,-0.09765625,0.78125,0.3662109375,0.4638671875,-0.54931640625,0.59814453125,-0.47607421875,0.3662109375,-0.15869140625,0.20751953125,-0.23193359375,1.03759765625,-0.0244140625,0.20751953125,-0.244140625,0.20751953125,0.30517578125,0.29296875,-0.09765625,0.81787109375,0.13427734375,0.06103515625,0.1708984375,1.3427734375,-0.15869140625,-0.9033203125,0.08544921875,-0.35400390625,-0.28076171875,-0.9765625,-0.32958984375,-0.76904296875,0.10986328125,-1.4892578125,0.18310546875,-0.2685546875,0.0732421875,-0.32958984375,0.1953125,-1.18408203125,0.10986328125,2.685546875,0.1220703125,2.77099609375,-0.13427734375,4.248046875,-0.13427734375,3.271484375,0.0244140625,-0.7080078125,-0.3173828125,-1.4404296875,-0.15869140625,-1.06201171875,0.0244140625,0.37841796875,-0.10986328125,0.10986328125,0.01220703125,-0.2685546875,-0.06103515625,-0.244140625,-0.0732421875,-0.1708984375,-0.0732421875,-0.01220703125,-0.09765625,0.76904296875,0.0732421875,-0.4638671875,-0.03662109375,-0.52490234375
0,0,-0.35400390625,0.1953125,-0.3173828125,0.0244140625,-0.35400390625,0.03662109375,0.01220703125,0.25634765625,-0.18310546875,-0.048828125,-1.06201171875,-0.0244140625,0.86669921875,-0.13427734375,-0.59814453125,-0.1953125,5.43212890625,-0.59814453125,5.23681640625,-0.18310546875,4.7119140625,-0.1220703125,8.2275390625,-0.10986328125,-0.1708984375,0.03662109375,-0.79345703125,-0.0732421875,0.927734375,-0.048828125,0.2197265625,0.09765625,-0.32958984375,0.2197265625,-0.8056640625,0.15869140625,-0.4150390625,0.03662109375,-0.74462890625,0.048828125,-0.15869140625,0.29296875,-0.64697265625,-0.13427734375,-0.37841796875,-0.0244140625,0.64697265625,-0.1953125,1.171875,0.08544921875,0.52490234375,0.0244140625,-0.146484375,-0.1708984375,0.78125,-0.1220703125,0.79345703125,0.40283203125,0.439453125,-0.47607421875,0.5859375,-0.5126953125,0.30517578125,-0.244140625,0.2197265625,-0.10986328125,1.03759765625,-0.0244140625,0.18310546875,-0.244140625,0.20751953125,0.341796875,0.29296875,-0.06103515625,0.84228515625,0.1708984375,0.0732421875,0.20751953125,1.35498046875,-0.1953125,-0.91552734375,0.06103515625,-0.35400390625,-0.3662109375,-1.01318359375,-0.30517578125,-0.78125,0.08544921875,-1.50146484375,0.2197265625,-0.28076171875,0.01220703125,-0.3173828125,0.2197265625,-1.15966796875,0.1953125,2.05078125,0.0732421875,2.099609375,-0.1220703125,3.4423828125,-0.18310546875,2.685546875,0.1220703125,-0.732421875,-0.29296875,-1.46484375,-0.2197265625,-1.06201171875,-0.01220703125,0.40283203125,-0.10986328125,0.08544921875,0.01220703125,-0.25634765625,-0.0732421875,-0.2197265625,-0.06103515625,-0.15869140625,-0.08544921875,0.01220703125,-0.09765625,0.8056640625,0.0732421875,-0.42724609375,-0.03662109375,-0.52490234375
0,-0.0244140625,-0.341796875,0.20751953125,-0.30517578125,0.01220703125,-0.3662109375,0.03662109375,-0.01220703125,0.244140625,-0.18310546875,-0.048828125,-1.03759765625,-0.01220703125,0.87890625,-0.10986328125,-0.5859375,-0.18310546875,5.21240234375,-0.439453125,5.0537109375,-0.03662109375,4.5654296875,-0.06103515625,8.06884765625,-0.1220703125,-0.1953125,0,-0.78125,-0.1708984375,0.927734375,-0.0732421875,0.20751953125,0.1220703125,-0.3173828125,0.13427734375,-0.8056640625,0.244140625,-0.42724609375,0.15869140625,-0.732421875,0.10986328125,-0.18310546875,0.25634765625,-0.634765625,-0.08544921875,-0.3662109375,0,0.634765625,-0.10986328125,1.15966796875,0,0.5126953125,-0.03662109375,-0.15869140625,-0.1953125,0.76904296875,-0.146484375,0.8056640625,0.390625,0.45166015625,-0.32958984375,0.57373046875,-0.5126953125,0.20751953125,-0.2197265625,0.244140625,-0.048828125,1.06201171875,-0.0244140625,0.18310546875,-0.244140625,0.2197265625,0.3662109375,0.3173828125,-0.01220703125,0.84228515625,0.18310546875,0.03662109375,0.244140625,1.35498046875,-0.2685546875,-0.89111328125,0.01220703125,-0.35400390625,-0.390625,-1.01318359375,-0.1953125,-0.79345703125,0.048828125,-1.4892578125,0.25634765625,-0.28076171875,0.01220703125,-0.29296875,0.1708984375,-1.171875,0.23193359375,1.45263671875,0.0244140625,1.4404296875,-0.08544921875,2.6611328125,-0.25634765625,2.08740234375,0.1708984375,-0.7568359375,-0.1953125,-1.47705078125,-0.244140625,-1.0498046875,-0.0732421875,0.42724609375,-0.10986328125,0.08544921875,0.03662109375,-0.28076171875,-0.06103515625,-0.2197265625,-0.06103515625,-0.146484375,-0.0732421875,0.01220703125,-0.09765625,0.830078125,0.06103515625,-0.42724609375,0,-0.52490234375
0,0,-0.35400390625,0.20751953125,-0.29296875,0.03662109375,-0.3662109375,0.0244140625,0.01220703125,0.2685546875,-0.2197265625,-0.03662109375,-1.0498046875,-0.048828125,0.8544921875,-0.09765625,-0.6103515625,-0.23193359375,4.94384765625,-0.32958984375,4.8095703125,0.09765625,4.3701171875,-0.146484375,7.7392578125,-0.18310546875,-0.15869140625,-0.08544921875,-0.78125,-0.20751953125,0.927734375,-0.1220703125,0.2197265625,0.23193359375,-0.3173828125,0.048828125,-0.8056640625,0.25634765625,-0.45166015625,0.20751953125,-0.732421875,0.146484375,-0.2197265625,0.23193359375,-0.634765625,-0.01220703125,-0.3662109375,-0.048828125,0.634765625,-0.0244140625,1.171875,-0.0732421875,0.50048828125,-0.06103515625,-0.1953125,-0.18310546875,0.76904296875,-0.18310546875,0.76904296875,0.35400390625,0.42724609375,-0.15869140625,0.54931640625,-0.42724609375,0.10986328125,-0.244140625,0.29296875,-0.01220703125,1.0498046875,0.01220703125,0.20751953125,-0.244140625,0.23193359375,0.3662109375,0.30517578125,0.048828125,0.86669921875,0.1708984375,0.048828125,0.2685546875,1.3671875,-0.30517578125,-0.9033203125,-0.03662109375,-0.35400390625,-0.40283203125,-1.025390625,-0.09765625,-0.8056640625,0.0244140625,-1.50146484375,0.18310546875,-0.28076171875,0.03662109375,-0.2685546875,0,-1.1962890625,0.1708984375,0.84228515625,-0.01220703125,0.79345703125,-0.09765625,1.8310546875,-0.30517578125,1.4892578125,0.1708984375,-0.7568359375,-0.0732421875,-1.46484375,-0.2685546875,-1.025390625,-0.10986328125,0.42724609375,-0.09765625,0.08544921875,0.048828125,-0.29296875,-0.06103515625,-0.18310546875,-0.03662109375,-0.18310546875,-0.048828125,0.01220703125,-0.10986328125,0.8544921875,0.08544921875,-0.42724609375,0.01220703125,-0.5126953125
0,0,-0.35400390625,0.244140625,-0.28076171875,0.0244140625,-0.40283203125,0.03662109375,0.01220703125,0.28076171875,-0.23193359375,-0.048828125,-1.03759765625,-0.0732421875,0.84228515625,-0.06103515625,-0.62255859375,-0.29296875,4.58984375,-0.2197265625,4.57763671875,0.20751953125,4.1748046875,-0.1953125,7.31201171875,-0.2197265625,-0.15869140625,-0.13427734375,-0.76904296875,-0.18310546875,0.91552734375,-0.20751953125,0.2197265625,0.35400390625,-0.30517578125,-0.048828125,-0.8056640625,0.2685546875,-0.4638671875,0.28076171875,-0.72021484375,0.1708984375,-0.1953125,0.1953125,-0.634765625,0.1220703125,-0.3662109375,-0.01220703125,0.62255859375,0.09765625,1.20849609375,-0.13427734375,0.4638671875,-0.06103515625,-0.2197265625,-0.23193359375,0.74462890625,-0.20751953125,0.72021484375,0.3662109375,0.45166015625,-0.01220703125,0.537109375,-0.3662109375,0.0244140625,-0.20751953125,0.32958984375,0.09765625,1.0498046875,0.06103515625,0.23193359375,-0.25634765625,0.244140625,0.3662109375,0.3173828125,0.09765625,0.86669921875,0.1953125,0.03662109375,0.2197265625,1.3916015625,-0.3173828125,-0.93994140625,-0.048828125,-0.341796875,-0.390625,-1.025390625,0.0244140625,-0.8056640625,0.03662109375,-1.47705078125,0.06103515625,-0.29296875,0.08544921875,-0.28076171875,-0.15869140625,-1.1962890625,0.0732421875,0.23193359375,0,0.15869140625,-0.146484375,1.0009765625,-0.3173828125,0.89111328125,0.1220703125,-0.76904296875,0.06103515625,-1.46484375,-0.29296875,-1.01318359375,-0.1220703125,0.45166015625,-0.09765625,0.08544921875,0.06103515625,-0.2685546875,-0.06103515625,-0.1953125,-0.0244140625,-0.1708984375,-0.06103515625,0.03662109375,-0.13427734375,0.84228515625,0.048828125,-0.42724609375,-0.0244140625,-0.537109375
0,0.0244140625,-0.3662109375,0.25634765625,-0.2685546875,-0.01220703125,-0.4150390625,0.03662109375,0.0244140625,0.28076171875,-0.23193359375,-0.06103515625,-1.03759765625,-0.09765625,0.84228515625,-0.048828125,-0.62255859375,-0.23193359375,4.23583984375,-0.13427734375,4.3212890625,0.20751953125,3.9794921875,-0.23193359375,6.79931640625,-0.2197265625,-0.15869140625,-0.20751953125,-0.7568359375,-0.13427734375,0.927734375,-0.25634765625,0.2197265625,0.3662109375,-0.30517578125,-0.13427734375,-0.830078125,0.244140625,-0.42724609375,0.341796875,-0.72021484375,0.18310546875,-0.1953125,0.18310546875,-0.62255859375,0.23193359375,-0.37841796875,-0.01220703125,0.6103515625,0.1953125,1.20849609375,-0.1708984375,0.45166015625,-0.0244140625,-0.2197265625,-0.2685546875,0.74462890625,-0.20751953125,0.69580078125,0.30517578125,0.45166015625,0.146484375,0.48828125,-0.28076171875,-0.03662109375,-0.13427734375,0.32958984375,0.1708984375,1.06201171875,0.08544921875,0.244140625,-0.29296875,0.244140625,0.3662109375,0.32958984375,0.13427734375,0.86669921875,0.1953125,0.0244140625,0.18310546875,1.37939453125,-0.30517578125,-0.9521484375,-0.048828125,-0.35400390625,-0.32958984375,-1.01318359375,0.1220703125,-0.79345703125,0.0732421875,-1.47705078125,-0.0244140625,-0.29296875,0.09765625,-0.2685546875,-0.32958984375,-1.23291015625,-0.09765625,-0.35400390625,-0.048828125,-0.45166015625,-0.146484375,0.146484375,-0.29296875,0.28076171875,0.048828125,-0.74462890625,0.1708984375,-1.46484375,-0.25634765625,-1.01318359375,-0.0732421875,0.4638671875,-0.08544921875,0.10986328125,0.048828125,-0.25634765625,-0.06103515625,-0.18310546875,0,-0.15869140625,-0.0732421875,0.03662109375,-0.10986328125,0.81787109375,0.06103515625,-0.42724609375,0.01220703125,-0.537109375
0,0.01220703125,-0.35400390625,0.25634765625,-0.28076171875,-0.0244140625,-0.4150390625,0.0244140625,0.0244140625,0.29296875,-0.23193359375,-0.08544921875,-1.0498046875,-0.09765625,0.81787109375,-0.0244140625,-0.6103515625,-0.10986328125,3.90625,-0.13427734375,4.0771484375,0.1953125,3.79638671875,-0.1708984375,6.28662109375,-0.2197265625,-0.1708984375,-0.2197265625,-0.76904296875,-0.03662109375,0.91552734375,-0.29296875,0.23193359375,0.42724609375,-0.30517578125,-0.2197265625,-0.81787109375,0.1953125,-0.4150390625,0.3173828125,-0.67138671875,0.15869140625,-0.18310546875,0.15869140625,-0.62255859375,0.29296875,-0.4150390625,0.0244140625,0.634765625,0.23193359375,1.220703125,-0.146484375,0.45166015625,-0.03662109375,-0.23193359375,-0.3173828125,0.732421875,-0.244140625,0.69580078125,0.2685546875,0.4638671875,0.2685546875,0.48828125,-0.25634765625,-0.048828125,-0.1220703125,0.3173828125,0.2685546875,1.0498046875,0.09765625,0.2685546875,-0.28076171875,0.244140625,0.3173828125,0.341796875,0.1708984375,0.89111328125,0.1708984375,0.0244140625,0.146484375,1.37939453125,-0.29296875,-0.98876953125,-0.048828125,-0.32958984375,-0.20751953125,-1.01318359375,0.13427734375,-0.8056640625,0.1220703125,-1.47705078125,-0.09765625,-0.29296875,0.06103515625,-0.29296875,-0.4150390625,-1.23291015625,-0.23193359375,-0.9033203125,-0.048828125,-1.01318359375,-0.146484375,-0.68359375,-0.2197265625,-0.2685546875,0,-0.732421875,0.2197265625,-1.4404296875,-0.20751953125,-0.98876953125,-0.048828125,0.4638671875,-0.0732421875,0.10986328125,0.048828125,-0.25634765625,-0.048828125,-0.1953125,0.01220703125,-0.1953125,-0.0732421875,0.01220703125,-0.0732421875,0.79345703125,0.06103515625,-0.45166015625,0.01220703125,-0.537109375
0,0.048828125,-0.37841796875,0.23193359375,-0.28076171875,-0.0732421875,-0.4150390625,0.0244140625,0.03662109375,0.28076171875,-0.23193359375,-0.08544921875,-1.025390625,-0.1220703125,0.81787109375,-0.01220703125,-0.62255859375,-0.0732421875,3.62548828125,-0.10986328125,3.86962890625,0.1220703125,3.64990234375,-0.10986328125,5.7861328125,-0.20751953125,-0.1708984375,-0.23193359375,-0.76904296875,0.09765625,0.9033203125,-0.28076171875,0.2197265625,0.40283203125,-0.30517578125,-0.23193359375,-0.86669921875,0.146484375,-0.42724609375,0.3173828125,-0.69580078125,0.048828125,-0.1708984375,0.18310546875,-0.6103515625,0.29296875,-0.439453125,0.048828125,0.59814453125,0.244140625,1.20849609375,-0.146484375,0.4638671875,-0.048828125,-0.18310546875,-0.3662109375,0.74462890625,-0.25634765625,0.67138671875,0.2685546875,0.4638671875,0.40283203125,0.4638671875,-0.23193359375,-0.01220703125,0,0.29296875,0.3662109375,1.0498046875,0.10986328125,0.2685546875,-0.2685546875,0.25634765625,0.2685546875,0.3173828125,0.15869140625,0.87890625,0.10986328125,0.03662109375,0.10986328125,1.3671875,-0.244140625,-0.98876953125,-0.03662109375,-0.341796875,-0.06103515625,-1.025390625,0.1220703125,-0.78125,0.146484375,-1.46484375,-0.146484375,-0.29296875,0.0244140625,-0.30517578125,-0.4150390625,-1.25732421875,-0.32958984375,-1.416015625,-0.0732421875,-1.47705078125,-0.146484375,-1.42822265625,-0.15869140625,-0.732421875,0.01220703125,-0.7080078125,0.18310546875,-1.45263671875,-0.15869140625,-0.98876953125,-0.048828125,0.45166015625,-0.06103515625,0.09765625,0.048828125,-0.25634765625,-0.06103515625,-0.1953125,0.0244140625,-0.18310546875,-0.06103515625,-0.0244140625,-0.06103515625,0.78125,0.08544921875,-0.47607421875,0.01220703125,-0.5859375
0,0.06103515625,-0.37841796875,0.244140625,-0.2685546875,-0.09765625,-0.40283203125,0.03662109375,0.01220703125,0.28076171875,-0.20751953125,-0.09765625,-1.0498046875,-0.146484375,0.81787109375,0,-0.6103515625,-0.0244140625,3.35693359375,-0.146484375,3.64990234375,0.0244140625,3.466796875,0.09765625,5.35888671875,-0.1708984375,-0.1708984375,-0.20751953125,-0.76904296875,0.20751953125,0.9033203125,-0.244140625,0.2197265625,0.29296875,-0.29296875,-0.15869140625,-0.84228515625,0.0732421875,-0.4150390625,0.29296875,-0.69580078125,-0.09765625,-0.15869140625,0.18310546875,-0.6103515625,0.20751953125,-0.45166015625,0.06103515625,0.59814453125,0.244140625,1.18408203125,-0.1220703125,0.45166015625,-0.0244140625,-0.146484375,-0.37841796875,0.74462890625,-0.23193359375,0.67138671875,0.29296875,0.47607421875,0.47607421875,0.47607421875,-0.18310546875,0.0732421875,0.06103515625,0.2685546875,0.3662109375,1.03759765625,0.09765625,0.28076171875,-0.244140625,0.244140625,0.2197265625,0.3173828125,0.20751953125,0.86669921875,0.048828125,0.03662109375,0.1220703125,1.3427734375,-0.18310546875,-0.9765625,0,-0.32958984375,0.048828125,-1.0009765625,0.048828125,-0.78125,0.1220703125,-1.46484375,-0.13427734375,-0.28076171875,-0.0732421875,-0.32958984375,-0.35400390625,-1.25732421875,-0.30517578125,-1.85546875,-0.1220703125,-1.806640625,-0.1220703125,-2.05078125,-0.15869140625,-1.08642578125,0.06103515625,-0.69580078125,0.10986328125,-1.45263671875,-0.10986328125,-0.98876953125,-0.048828125,0.439453125,-0.06103515625,0.10986328125,0.06103515625,-0.2685546875,-0.06103515625,-0.244140625,0.03662109375,-0.20751953125,-0.0732421875,-0.01220703125,-0.048828125,0.7568359375,0.0732421875,-0.50048828125,0.01220703125,-0.5615234375
0,0.048828125,-0.3662109375,0.1953125,-0.2685546875,-0.10986328125,-0.40283203125,0.048828125,0.03662109375,0.2685546875,-0.18310546875,-0.1220703125,-1.0498046875,-0.146484375,0.8056640625,-0.01220703125,-0.5859375,-0.03662109375,3.16162109375,-0.1953125,3.47900390625,-0.06103515625,3.33251953125,0.1220703125,5.0048828125,-0.18310546875,-0.1953125,-0.13427734375,-0.78125,0.2685546875,0.91552734375,-0.15869140625,0.23193359375,0.2685546875,-0.30517578125,-0.03662109375,-0.8544921875,-0.048828125,-0.390625,0.25634765625,-0.7080078125,-0.25634765625,-0.15869140625,0.1953125,-0.6103515625,0.0732421875,-0.439453125,0.0244140625,0.634765625,0.1953125,1.171875,-0.146484375,0.4638671875,-0.01220703125,-0.10986328125,-0.32958984375,0.74462890625,-0.23193359375,0.68359375,0.3173828125,0.48828125,0.47607421875,0.50048828125,-0.10986328125,0.15869140625,0.08544921875,0.20751953125,0.40283203125,1.06201171875,0.0732421875,0.2685546875,-0.20751953125,0.25634765625,0.13427734375,0.30517578125,0.23193359375,0.87890625,-0.0244140625,0.03662109375,0.13427734375,1.3427734375,-0.1708984375,-0.9765625,0.0244140625,-0.30517578125,0.10986328125,-1.01318359375,-0.01220703125,-0.78125,0.09765625,-1.47705078125,-0.15869140625,-0.2685546875,-0.146484375,-0.35400390625,-0.18310546875,-1.25732421875,-0.28076171875,-2.099609375,-0.23193359375,-2.001953125,-0.1708984375,-2.4169921875,-0.20751953125,-1.2939453125,0.13427734375,-0.7080078125,-0.01220703125,-1.45263671875,-0.08544921875,-0.98876953125,-0.048828125,0.42724609375,-0.03662109375,0.1220703125,0.048828125,-0.244140625,-0.0732421875,-0.25634765625,0.0244140625,-0.18310546875,-0.09765625,0,-0.03662109375,0.7568359375,0.09765625,-0.50048828125,0.048828125,-0.5615234375
0,0.06103515625,-0.3662109375,0.20751953125,-0.244140625,-0.1708984375,-0.40283203125,0.048828125,0.03662109375,0.2685546875,-0.1708984375,-0.13427734375,-1.0498046875,-0.1708984375,0.81787109375,-0.01220703125,-0.54931640625,-0.0244140625,3.03955078125,-0.244140625,3.30810546875,-0.1220703125,3.18603515625,0.0732421875,4.74853515625,-0.20751953125,-0.20751953125,-0.08544921875,-0.74462890625,0.2685546875,0.87890625,-0.0732421875,0.23193359375,0.1953125,-0.30517578125,0.13427734375,-0.87890625,-0.146484375,-0.390625,0.25634765625,-0.7080078125,-0.3662109375,-0.146484375,0.146484375,-0.634765625,-0.06103515625,-0.45166015625,0.03662109375,0.6103515625,0.13427734375,1.171875,-0.146484375,0.50048828125,-0.01220703125,-0.09765625,-0.30517578125,0.78125,-0.18310546875,0.72021484375,0.32958984375,0.45166015625,0.47607421875,0.54931640625,-0.1220703125,0.25634765625,0.13427734375,0.15869140625,0.42724609375,1.03759765625,0.06103515625,0.2685546875,-0.18310546875,0.23193359375,0.0732421875,0.28076171875,0.2685546875,0.8544921875,-0.06103515625,0.048828125,0.08544921875,1.318359375,-0.15869140625,-0.96435546875,0.08544921875,-0.3173828125,0.10986328125,-0.98876953125,-0.048828125,-0.79345703125,0.0244140625,-1.46484375,-0.0732421875,-0.28076171875,-0.1708984375,-0.341796875,-0.01220703125,-1.2451171875,-0.1953125,-2.1728515625,-0.29296875,-2.05078125,-0.244140625,-2.52685546875,-0.23193359375,-1.33056640625,0.20751953125,-0.69580078125,-0.1708984375,-1.4404296875,-0.08544921875,-1.01318359375,-0.0732421875,0.439453125,-0.01220703125,0.13427734375,0.06103515625,-0.23193359375,-0.06103515625,-0.23193359375,0.048828125,-0.1708984375,-0.10986328125,0.01220703125,-0.0244140625,0.78125,0.0732421875,-0.47607421875,0.06103515625,-0.54931640625
0,0.06103515625,-0.35400390625,0.1953125,-0.244140625,-0.1220703125,-0.40283203125,0.048828125,0.06103515625,0.28076171875,-0.15869140625,-0.146484375,-1.0498046875,-0.18310546875,0.830078125,-0.048828125,-0.52490234375,0.03662109375,2.9541015625,-0.341796875,3.173828125,-0.1708984375,3.06396484375,-0.048828125,4.57763671875,-0.20751953125,-0.20751953125,-0.01220703125,-0.76904296875,0.23193359375,0.89111328125,0.03662109375,0.23193359375,0.20751953125,-0.3173828125,0.28076171875,-0.87890625,-0.25634765625,-0.40283203125,0.23193359375,-0.72021484375,-0.390625,-0.146484375,0.0732421875,-0.62255859375,-0.15869140625,-0.4638671875,0.03662109375,0.634765625,0.0732421875,1.15966796875,-0.09765625,0.52490234375,0.03662109375,-0.06103515625,-0.32958984375,0.79345703125,-0.146484375,0.7568359375,0.3173828125,0.4638671875,0.48828125,0.57373046875,-0.1708984375,0.29296875,0.1953125,0.1220703125,0.4150390625,1.0498046875,0.03662109375,0.244140625,-0.1220703125,0.2197265625,-0.01220703125,0.2685546875,0.244140625,0.87890625,-0.09765625,0.03662109375,0.06103515625,1.318359375,-0.1220703125,-0.9521484375,0.13427734375,-0.30517578125,0.03662109375,-0.98876953125,-0.048828125,-0.79345703125,-0.01220703125,-1.47705078125,-0.0244140625,-0.2685546875,-0.10986328125,-0.35400390625,0.06103515625,-1.23291015625,-0.1220703125,-2.099609375,-0.3173828125,-1.91650390625,-0.20751953125,-2.40478515625,-0.1953125,-1.20849609375,0.244140625,-0.67138671875,-0.2685546875,-1.4404296875,-0.09765625,-1.01318359375,-0.048828125,0.42724609375,0.0244140625,0.13427734375,0.06103515625,-0.23193359375,-0.06103515625,-0.18310546875,0.048828125,-0.1708984375,-0.10986328125,0.01220703125,-0.01220703125,0.8056640625,0.048828125,-0.45166015625,0.08544921875,-0.54931640625
0,0.048828125,-0.32958984375,0.18310546875,-0.25634765625,-0.13427734375,-0.390625,0.0244140625,0.06103515625,0.244140625,-0.1953125,-0.146484375,-1.025390625,-0.18310546875,0.8544921875,-0.0732421875,-0.5126953125,0,2.9296875,-0.42724609375,3.02734375,-0.146484375,2.978515625,-0.23193359375,4.45556640625,-0.1708984375,-0.20751953125,0.06103515625,-0.7568359375,0.18310546875,0.91552734375,0.09765625,0.2197265625,0.2685546875,-0.30517578125,0.390625,-0.87890625,-0.3662109375,-0.42724609375,0.23193359375,-0.732421875,-0.32958984375,-0.146484375,0.0244140625,-0.62255859375,-0.25634765625,-0.42724609375,0.08544921875,0.62255859375,0.0244140625,1.1474609375,-0.0732421875,0.52490234375,0.0244140625,-0.06103515625,-0.3173828125,0.78125,-0.13427734375,0.7568359375,0.3662109375,0.45166015625,0.4638671875,0.5859375,-0.1708984375,0.3173828125,0.23193359375,0.1220703125,0.40283203125,1.025390625,0.048828125,0.20751953125,-0.1220703125,0.20751953125,-0.06103515625,0.244140625,0.2197265625,0.87890625,-0.13427734375,0.0244140625,0.03662109375,1.318359375,-0.13427734375,-0.9521484375,0.18310546875,-0.32958984375,-0.08544921875,-1.01318359375,-0.01220703125,-0.79345703125,0,-1.47705078125,0.0244140625,-0.25634765625,-0.01220703125,-0.341796875,0.13427734375,-1.1962890625,-0.0732421875,-1.89208984375,-0.29296875,-1.6845703125,-0.1953125,-2.0751953125,-0.1708984375,-0.96435546875,0.20751953125,-0.68359375,-0.32958984375,-1.4404296875,-0.0732421875,-1.03759765625,-0.0244140625,0.4150390625,0.03662109375,0.10986328125,0.048828125,-0.25634765625,-0.06103515625,-0.1953125,0.08544921875,-0.1708984375,-0.1220703125,0.0244140625,-0.03662109375,0.81787109375,0.03662109375,-0.47607421875,0.0732421875,-0.537109375
1,0.048828125,-0.341796875,0.18310546875,-0.23193359375,-0.146484375,-0.37841796875,0.01220703125,0.06103515625,0.244140625,-0.1953125,-0.13427734375,-1.025390625,-0.18310546875,0.87890625,-0.1220703125,-0.5126953125,-0.0732421875,2.880859375,-0.48828125,2.9052734375,-0.146484375,2.8564453125,-0.45166015625,4.3212890625,-0.10986328125,-0.1953125,0.08544921875,-0.74462890625,0.146484375,0.9033203125,0.15869140625,0.2197265625,0.3662109375,-0.29296875,0.4150390625,-0.86669921875,-0.40283203125,-0.439453125,0.28076171875,-0.732421875,-0.28076171875,-0.18310546875,-0.0244140625,-0.634765625,-0.3173828125,-0.37841796875,0.06103515625,0.634765625,-0.0244140625,1.171875,-0.06103515625,0.537109375,0.03662109375,-0.0732421875,-0.30517578125,0.76904296875,-0.09765625,0.78125,0.3662109375,0.4638671875,0.3662109375,0.59814453125,-0.20751953125,0.30517578125,0.2685546875,0.13427734375,0.341796875,1.025390625,0.03662109375,0.1953125,-0.13427734375,0.18310546875,-0.048828125,0.25634765625,0.18310546875,0.86669921875,-0.1953125,0.01220703125,0.0732421875,1.30615234375,-0.10986328125,-0.93994140625,0.20751953125,-0.29296875,-0.23193359375,-1.03759765625,0.0732421875,-0.79345703125,-0.0244140625,-1.50146484375,0.06103515625,-0.25634765625,0.1220703125,-0.32958984375,0.09765625,-1.18408203125,-0.048828125,-1.57470703125,-0.20751953125,-1.40380859375,-0.2197265625,-1.5380859375,-0.13427734375,-0.6591796875,0.10986328125,-0.69580078125,-0.3173828125,-1.45263671875,-0.09765625,-1.03759765625,-0.01220703125,0.4150390625,0.048828125,0.09765625,0.03662109375,-0.23193359375,-0.048828125,-0.18310546875,0.08544921875,-0.18310546875,-0.10986328125,0.048828125,-0.0244140625,0.830078125,0.0244140625,-0.52490234375,0.0732421875,-0.537109375
1,0.0244140625,-0.3173828125,0.1708984375,-0.25634765625,-0.146484375,-0.40283203125,0.0244140625,0.048828125,0.23193359375,-0.2197265625,-0.146484375,-1.025390625,-0.1708984375,0.87890625,-0.146484375,-0.5615234375,-0.146484375,2.81982421875,-0.47607421875,2.74658203125,-0.18310546875,2.7587890625,-0.64697265625,4.13818359375,-0.03662109375,-0.18310546875,0.08544921875,-0.7568359375,0.09765625,0.91552734375,0.15869140625,0.2197265625,0.50048828125,-0.29296875,0.4150390625,-0.84228515625,-0.3662109375,-0.4638671875,0.29296875,-0.732421875,-0.146484375,-0.1953125,-0.06103515625,-0.6103515625,-0.3662109375,-0.37841796875,0.0244140625,0.634765625,-0.08544921875,1.1962890625,-0.03662109375,0.48828125,0.06103515625,-0.1220703125,-0.25634765625,0.76904296875,-0.1220703125,0.76904296875,0.30517578125,0.45166015625,0.32958984375,0.59814453125,-0.244140625,0.25634765625,0.2685546875,0.18310546875,0.244140625,1.06201171875,0.0244140625,0.20751953125,-0.10986328125,0.1953125,-0.0732421875,0.25634765625,0.15869140625,0.89111328125,-0.18310546875,0.01220703125,0.08544921875,1.33056640625,-0.1220703125,-0.9521484375,0.23193359375,-0.3173828125,-0.35400390625,-1.025390625,0.10986328125,-0.79345703125,0.0244140625,-1.513671875,0.08544921875,-0.25634765625,0.2685546875,-0.3173828125,0.03662109375,-1.171875,0,-1.20849609375,-0.09765625,-1.0986328125,-0.1953125,-0.9521484375,-0.146484375,-0.32958984375,-0.048828125,-0.72021484375,-0.23193359375,-1.4404296875,-0.1708984375,-1.03759765625,0,0.42724609375,0.0244140625,0.09765625,0.048828125,-0.244140625,-0.06103515625,-0.20751953125,0.06103515625,-0.1708984375,-0.10986328125,0.09765625,-0.06103515625,0.8544921875,0.0244140625,-0.54931640625,0.0732421875,-0.5126953125
1,0.0244140625,-0.32958984375,0.15869140625,-0.29296875,-0.1708984375,-0.37841796875,0.01220703125,0.0244140625,0.2197265625,-0.2197265625,-0.15869140625,-1.01318359375,-0.15869140625,0.86669921875,-0.18310546875,-0.5859375,-0.1953125,2.685546875,-0.45166015625,2.55126953125,-0.1953125,2.62451171875,-0.74462890625,3.80859375,0.0244140625,-0.1708984375,0.06103515625,-0.7568359375,0.08544921875,0.927734375,0.10986328125,0.2197265625,0.6591796875,-0.30517578125,0.35400390625,-0.8544921875,-0.3173828125,-0.45166015625,0.29296875,-0.732421875,-0.048828125,-0.1953125,-0.0732421875,-0.64697265625,-0.3173828125,-0.35400390625,-0.03662109375,0.64697265625,-0.13427734375,1.220703125,-0.01220703125,0.47607421875,0.10986328125,-0.15869140625,-0.18310546875,0.732421875,-0.15869140625,0.732421875,0.23193359375,0.439453125,0.2685546875,0.5615234375,-0.28076171875,0.1953125,0.30517578125,0.2197265625,0.18310546875,1.0498046875,0,0.20751953125,-0.1220703125,0.20751953125,-0.10986328125,0.2685546875,0.1953125,0.87890625,-0.1708984375,0.01220703125,0.09765625,1.3427734375,-0.10986328125,-0.93994140625,0.25634765625,-0.30517578125,-0.3662109375,-1.06201171875,0.146484375,-0.78125,0.0732421875,-1.52587890625,0.06103515625,-0.244140625,0.390625,-0.29296875,-0.0244140625,-1.171875,0.0244140625,-0.89111328125,0.03662109375,-0.84228515625,-0.25634765625,-0.45166015625,-0.1708984375,-0.048828125,-0.1953125,-0.72021484375,-0.13427734375,-1.46484375,-0.2685546875,-1.0498046875,-0.048828125,0.439453125,0.06103515625,0.10986328125,0.048828125,-0.20751953125,-0.048828125,-0.18310546875,0.048828125,-0.146484375,-0.10986328125,0.15869140625,-0.0732421875,0.8544921875,0.03662109375,-0.537109375,0.0732421875,-0.48828125
1,0.06103515625,-0.341796875,0.18310546875,-0.29296875,-0.1708984375,-0.40283203125,0.01220703125,0.0244140625,0.2685546875,-0.244140625,-0.15869140625,-1.01318359375,-0.1708984375,0.87890625,-0.20751953125,-0.59814453125,-0.1708984375,2.45361328125,-0.40283203125,2.3193359375,-0.244140625,2.47802734375,-0.62255859375,3.33251953125,0.03662109375,-0.15869140625,0.01220703125,-0.7568359375,0.10986328125,0.927734375,0,0.20751953125,0.76904296875,-0.3173828125,0.28076171875,-0.8544921875,-0.20751953125,-0.439453125,0.3173828125,-0.732421875,0.01220703125,-0.1953125,-0.06103515625,-0.64697265625,-0.2197265625,-0.35400390625,-0.03662109375,0.64697265625,-0.1708984375,1.25732421875,0.048828125,0.4638671875,0.18310546875,-0.18310546875,-0.146484375,0.732421875,-0.15869140625,0.732421875,0.18310546875,0.439453125,0.2685546875,0.52490234375,-0.2685546875,0.1220703125,0.3662109375,0.28076171875,0.06103515625,1.06201171875,0.0244140625,0.2197265625,-0.09765625,0.23193359375,-0.13427734375,0.28076171875,0.18310546875,0.84228515625,-0.13427734375,0.0244140625,0.08544921875,1.37939453125,-0.08544921875,-0.93994140625,0.2197265625,-0.341796875,-0.37841796875,-1.0498046875,0.10986328125,-0.78125,0.13427734375,-1.513671875,-0.0244140625,-0.23193359375,0.4638671875,-0.30517578125,-0.0732421875,-1.18408203125,0.09765625,-0.634765625,0.13427734375,-0.6591796875,-0.341796875,-0.146484375,-0.244140625,0.1220703125,-0.3173828125,-0.732421875,-0.048828125,-1.46484375,-0.35400390625,-1.03759765625,-0.08544921875,0.45166015625,0.0732421875,0.1220703125,0.06103515625,-0.2197265625,-0.06103515625,-0.15869140625,0.048828125,-0.13427734375,-0.10986328125,0.13427734375,-0.08544921875,0.8544921875,0.03662109375,-0.5126953125,0.06103515625,-0.5126953125
1,0.09765625,-0.35400390625,0.15869140625,-0.2685546875,-0.146484375,-0.40283203125,0.01220703125,0.0244140625,0.23193359375,-0.25634765625,-0.15869140625,-1.01318359375,-0.18310546875,0.8544921875,-0.2197265625,-0.6103515625,-0.2197265625,2.11181640625,-0.390625,1.98974609375,-0.3662109375,2.2705078125,-0.537109375,2.67333984375,0.0244140625,-0.146484375,0.01220703125,-0.7568359375,0.10986328125,0.96435546875,-0.1708984375,0.20751953125,0.78125,-0.3173828125,0.25634765625,-0.86669921875,-0.08544921875,-0.439453125,0.32958984375,-0.72021484375,0.03662109375,-0.15869140625,0.0244140625,-0.6591796875,-0.1220703125,-0.37841796875,-0.03662109375,0.67138671875,-0.18310546875,1.25732421875,0.06103515625,0.4638671875,0.25634765625,-0.23193359375,-0.1220703125,0.7568359375,-0.18310546875,0.72021484375,0.1220703125,0.45166015625,0.244140625,0.50048828125,-0.3173828125,0.0732421875,0.35400390625,0.32958984375,-0.03662109375,1.0498046875,0.06103515625,0.244140625,-0.13427734375,0.25634765625,-0.15869140625,0.28076171875,0.1953125,0.830078125,-0.08544921875,0.01220703125,0.01220703125,1.37939453125,-0.03662109375,-0.96435546875,0.15869140625,-0.341796875,-0.341796875,-1.0498046875,0.03662109375,-0.78125,0.23193359375,-1.513671875,-0.09765625,-0.23193359375,0.439453125,-0.2685546875,-0.06103515625,-1.18408203125,0.13427734375,-0.537109375,0.1708984375,-0.5859375,-0.3173828125,-0.048828125,-0.244140625,0.1708984375,-0.32958984375,-0.732421875,0.0244140625,-1.45263671875,-0.40283203125,-1.025390625,-0.10986328125,0.4638671875,0.08544921875,0.1220703125,0.06103515625,-0.2197265625,-0.06103515625,-0.146484375,0.03662109375,-0.146484375,-0.1220703125,0.08544921875,-0.09765625,0.830078125,0.0244140625,-0.48828125,0.0732421875,-0.5126953125
1,0.09765625,-0.37841796875,0.13427734375,-0.28076171875,-0.13427734375,-0.42724609375,0.01220703125,0.03662109375,0.25634765625,-0.244140625,-0.15869140625,-1.025390625,-0.18310546875,0.84228515625,-0.20751953125,-0.6103515625,-0.20751953125,1.6357421875,-0.32958984375,1.62353515625,-0.3662109375,2.01416015625,-0.23193359375,1.904296875,-0.0244140625,-0.15869140625,-0.01220703125,-0.8056640625,0.09765625,0.93994140625,-0.3173828125,0.23193359375,0.74462890625,-0.29296875,0.20751953125,-0.8544921875,0.048828125,-0.42724609375,0.3173828125,-0.7080078125,0.0244140625,-0.1708984375,0.1220703125,-0.64697265625,0,-0.390625,0,0.69580078125,-0.146484375,1.25732421875,0.0732421875,0.45166015625,0.28076171875,-0.23193359375,-0.146484375,0.74462890625,-0.20751953125,0.69580078125,0.048828125,0.4638671875,0.23193359375,0.48828125,-0.35400390625,0.048828125,0.29296875,0.35400390625,-0.10986328125,1.07421875,0.048828125,0.2685546875,-0.146484375,0.25634765625,-0.146484375,0.29296875,0.146484375,0.84228515625,-0.01220703125,0,-0.0244140625,1.3916015625,0,-0.9765625,0.09765625,-0.3662109375,-0.25634765625,-1.01318359375,-0.06103515625,-0.7568359375,0.30517578125,-1.513671875,-0.10986328125,-0.20751953125,0.37841796875,-0.28076171875,-0.03662109375,-1.1962890625,0.1708984375,-0.5859375,0.15869140625,-0.6103515625,-0.2685546875,-0.1708984375,-0.25634765625,0.09765625,-0.25634765625,-0.72021484375,0.06103515625,-1.45263671875,-0.390625,-1.01318359375,-0.146484375,0.4638671875,0.0732421875,0.13427734375,0.0732421875,-0.20751953125,-0.06103515625,-0.146484375,0.048828125,-0.13427734375,-0.10986328125,0.06103515625,-0.06103515625,0.81787109375,0.0244140625,-0.48828125,0.06103515625,-0.5126953125
1,0.10986328125,-0.37841796875,0.146484375,-0.2685546875,-0.15869140625,-0.40283203125,0.01220703125,0.0244140625,0.244140625,-0.244140625,-0.146484375,-1.01318359375,-0.1953125,0.8544921875,-0.18310546875,-0.57373046875,-0.18310546875,1.13525390625,-0.244140625,1.23291015625,-0.37841796875,1.708984375,0.03662109375,1.0498046875,-0.0732421875,-0.1708984375,-0.03662109375,-0.79345703125,0.03662109375,0.927734375,-0.4638671875,0.2197265625,0.64697265625,-0.29296875,0.18310546875,-0.84228515625,0.1220703125,-0.42724609375,0.35400390625,-0.7080078125,0.01220703125,-0.13427734375,0.20751953125,-0.64697265625,0.09765625,-0.390625,0.0244140625,0.7080078125,-0.06103515625,1.23291015625,0.01220703125,0.45166015625,0.28076171875,-0.2197265625,-0.1953125,0.74462890625,-0.2197265625,0.69580078125,0.0244140625,0.47607421875,0.28076171875,0.48828125,-0.4638671875,0.048828125,0.20751953125,0.341796875,-0.18310546875,1.07421875,0.06103515625,0.29296875,-0.1953125,0.25634765625,-0.15869140625,0.29296875,0.13427734375,0.81787109375,0.01220703125,0.0244140625,-0.06103515625,1.3916015625,0.06103515625,-0.96435546875,0.0244140625,-0.341796875,-0.13427734375,-0.98876953125,-0.13427734375,-0.7568359375,0.341796875,-1.47705078125,-0.13427734375,-0.244140625,0.25634765625,-0.29296875,-0.048828125,-1.20849609375,0.18310546875,-0.732421875,0.06103515625,-0.732421875,-0.28076171875,-0.48828125,-0.28076171875,-0.06103515625,-0.09765625,-0.7080078125,0.08544921875,-1.45263671875,-0.32958984375,-1.01318359375,-0.146484375,0.4638671875,0.08544921875,0.146484375,0.0732421875,-0.2197265625,-0.0732421875,-0.146484375,0.0732421875,-0.146484375,-0.10986328125,0,-0.06103515625,0.84228515625,-0.01220703125,-0.4638671875,0.048828125,-0.5126953125
1,0.146484375,-0.40283203125,0.13427734375,-0.28076171875,-0.1708984375,-0.40283203125,0.01220703125,0.048828125,0.2197265625,-0.23193359375,-0.18310546875,-1.0009765625,-0.20751953125,0.84228515625,-0.1708984375,-0.54931640625,-0.146484375,0.6103515625,-0.23193359375,0.830078125,-0.341796875,1.416015625,0.1708984375,0.2197265625,-0.13427734375,-0.1708984375,-0.03662109375,-0.78125,-0.08544921875,0.91552734375,-0.57373046875,0.23193359375,0.4150390625,-0.28076171875,0.18310546875,-0.8544921875,0.18310546875,-0.4150390625,0.35400390625,-0.72021484375,0.03662109375,-0.13427734375,0.244140625,-0.634765625,0.146484375,-0.390625,0.1220703125,0.7080078125,0,1.1962890625,-0.0244140625,0.47607421875,0.29296875,-0.23193359375,-0.244140625,0.7568359375,-0.244140625,0.7080078125,0.01220703125,0.4638671875,0.244140625,0.50048828125,-0.48828125,0.06103515625,0.15869140625,0.3173828125,-0.25634765625,1.06201171875,0.048828125,0.28076171875,-0.20751953125,0.2685546875,-0.09765625,0.28076171875,0.10986328125,0.8056640625,0.0244140625,0.0244140625,-0.0732421875,1.3671875,0.08544921875,-0.9765625,-0.03662109375,-0.341796875,-0.0244140625,-0.96435546875,-0.15869140625,-0.732421875,0.35400390625,-1.4892578125,-0.1220703125,-0.244140625,0.13427734375,-0.30517578125,-0.06103515625,-1.220703125,0.18310546875,-0.96435546875,0.01220703125,-0.9033203125,-0.1708984375,-0.89111328125,-0.28076171875,-0.2685546875,0.06103515625,-0.68359375,0.048828125,-1.46484375,-0.28076171875,-1.0009765625,-0.1708984375,0.4638671875,0.10986328125,0.146484375,0.0732421875,-0.23193359375,-0.0732421875,-0.13427734375,0.08544921875,-0.15869140625,-0.09765625,-0.06103515625,-0.03662109375,0.84228515625,0,-0.4150390625,0.048828125,-0.50048828125
1,0.13427734375,-0.37841796875,0.09765625,-0.29296875,-0.18310546875,-0.40283203125,0,0.03662109375,0.1953125,-0.2197265625,-0.18310546875,-1.01318359375,-0.244140625,0.8544921875,-0.13427734375,-0.5615234375,-0.03662109375,0.1220703125,-0.15869140625,0.50048828125,-0.1953125,1.13525390625,0.2685546875,-0.45166015625,-0.244140625,-0.1708984375,-0.0732421875,-0.79345703125,-0.1953125,0.9033203125,-0.5615234375,0.23193359375,0.1708984375,-0.2685546875,0.20751953125,-0.84228515625,0.1953125,-0.390625,0.40283203125,-0.7080078125,0,-0.1220703125,0.20751953125,-0.64697265625,0.146484375,-0.4150390625,0.1708984375,0.72021484375,0.06103515625,1.1474609375,-0.08544921875,0.50048828125,0.28076171875,-0.18310546875,-0.25634765625,0.76904296875,-0.2685546875,0.7080078125,0.048828125,0.45166015625,0.244140625,0.5126953125,-0.48828125,0.1220703125,0.15869140625,0.2685546875,-0.30517578125,1.0498046875,0.048828125,0.2685546875,-0.23193359375,0.23193359375,-0.0244140625,0.2685546875,0.08544921875,0.8056640625,0.0732421875,0.0244140625,-0.0732421875,1.33056640625,0.08544921875,-0.93994140625,-0.048828125,-0.3173828125,0.01220703125,-0.93994140625,-0.146484375,-0.76904296875,0.28076171875,-1.47705078125,-0.10986328125,-0.2685546875,0.0244140625,-0.32958984375,-0.13427734375,-1.23291015625,0.09765625,-1.20849609375,-0.15869140625,-1.0986328125,-0.18310546875,-1.30615234375,-0.4150390625,-0.48828125,0.25634765625,-0.68359375,0,-1.46484375,-0.2197265625,-1.03759765625,-0.25634765625,0.4150390625,0.146484375,0.146484375,0.0732421875,-0.244140625,-0.06103515625,-0.13427734375,0.10986328125,-0.18310546875,-0.09765625,-0.08544921875,-0.03662109375,0.86669921875,-0.0244140625,-0.40283203125,0.0244140625,-0.47607421875
1,0.146484375,-0.390625,0.10986328125,-0.29296875,-0.18310546875,-0.37841796875,-0.01220703125,0.048828125,0.18310546875,-0.18310546875,-0.1953125,-1.025390625,-0.23193359375,0.86669921875,-0.09765625,-0.5859375,0.048828125,-0.20751953125,-0.15869140625,0.244140625,-0.0732421875,0.927734375,0.25634765625,-0.9033203125,-0.30517578125,-0.1953125,-0.09765625,-0.79345703125,-0.29296875,0.9033203125,-0.48828125,0.244140625,0,-0.28076171875,0.244140625,-0.830078125,0.1708984375,-0.390625,0.4638671875,-0.69580078125,-0.03662109375,-0.10986328125,0.1953125,-0.634765625,0.0732421875,-0.4150390625,0.2685546875,0.7080078125,0.10986328125,1.123046875,-0.09765625,0.52490234375,0.30517578125,-0.15869140625,-0.23193359375,0.76904296875,-0.29296875,0.732421875,0.06103515625,0.45166015625,0.23193359375,0.52490234375,-0.4150390625,0.146484375,0.0732421875,0.23193359375,-0.32958984375,1.03759765625,-0.01220703125,0.244140625,-0.244140625,0.20751953125,-0.0244140625,0.244140625,0.06103515625,0.78125,0.10986328125,0.03662109375,-0.0732421875,1.318359375,0.03662109375,-0.9521484375,-0.0244140625,-0.3173828125,0,-0.93994140625,-0.08544921875,-0.78125,0.18310546875,-1.47705078125,-0.09765625,-0.2685546875,-0.03662109375,-0.341796875,-0.13427734375,-1.2451171875,0.0244140625,-1.3916015625,-0.25634765625,-1.23291015625,-0.1708984375,-1.5869140625,-0.50048828125,-0.59814453125,0.390625,-0.67138671875,-0.03662109375,-1.45263671875,-0.1708984375,-1.0498046875,-0.30517578125,0.4150390625,0.1220703125,0.1220703125,0.0732421875,-0.244140625,-0.06103515625,-0.146484375,0.09765625,-0.20751953125,-0.08544921875,-0.08544921875,-0.03662109375,0.86669921875,-0.01220703125,-0.4150390625,0.01220703125,-0.48828125
1,0.15869140625,-0.35400390625,0.1220703125,-0.29296875,-0.1708984375,-0.35400390625,-0.01220703125,0.0244140625,0.18310546875,-0.18310546875,-0.2197265625,-1.025390625,-0.23193359375,0.87890625,-0.09765625,-0.57373046875,0.1220703125,-0.37841796875,-0.15869140625,0.146484375,0.06103515625,0.84228515625,0.1708984375,-1.0009765625,-0.341796875,-0.18310546875,-0.1220703125,-0.79345703125,-0.341796875,0.9033203125,-0.341796875,0.2197265625,-0.09765625,-0.28076171875,0.244140625,-0.830078125,0.08544921875,-0.4150390625,0.5126953125,-0.72021484375,-0.0732421875,-0.15869140625,0.15869140625,-0.64697265625,0.048828125,-0.42724609375,0.3173828125,0.69580078125,0.1708984375,1.123046875,-0.10986328125,0.54931640625,0.30517578125,-0.1220703125,-0.1953125,0.74462890625,-0.29296875,0.72021484375,0.06103515625,0.4638671875,0.2197265625,0.5615234375,-0.37841796875,0.1708984375,-0.03662109375,0.18310546875,-0.28076171875,1.0498046875,-0.03662109375,0.23193359375,-0.23193359375,0.1953125,-0.01220703125,0.25634765625,0.06103515625,0.81787109375,0.09765625,0.048828125,-0.0732421875,1.318359375,-0.01220703125,-0.9521484375,0.0244140625,-0.30517578125,-0.048828125,-0.96435546875,0.03662109375,-0.79345703125,0.1220703125,-1.50146484375,-0.10986328125,-0.29296875,-0.048828125,-0.3662109375,-0.18310546875,-1.2451171875,0,-1.47705078125,-0.23193359375,-1.2451171875,-0.0732421875,-1.7578125,-0.40283203125,-0.634765625,0.4638671875,-0.6591796875,-0.06103515625,-1.4404296875,-0.10986328125,-1.03759765625,-0.32958984375,0.4150390625,0.13427734375,0.1220703125,0.0732421875,-0.25634765625,-0.0732421875,-0.15869140625,0.06103515625,-0.2197265625,-0.08544921875,-0.08544921875,-0.03662109375,0.87890625,0,-0.42724609375,0.0244140625,-0.47607421875
1,0.146484375,-0.37841796875,0.13427734375,-0.30517578125,-0.15869140625,-0.35400390625,-0.03662109375,0.03662109375,0.18310546875,-0.18310546875,-0.23193359375,-1.03759765625,-0.23193359375,0.89111328125,-0.048828125,-0.57373046875,0.13427734375,-0.341796875,-0.23193359375,0.244140625,0.1220703125,0.9033203125,0.03662109375,-0.76904296875,-0.37841796875,-0.18310546875,-0.146484375,-0.79345703125,-0.32958984375,0.9033203125,-0.1708984375,0.23193359375,-0.0244140625,-0.2685546875,0.15869140625,-0.84228515625,-0.0244140625,-0.439453125,0.537109375,-0.7080078125,-0.13427734375,-0.1708984375,0.08544921875,-0.64697265625,-0.01220703125,-0.40283203125,0.3173828125,0.68359375,0.2197265625,1.123046875,-0.1708984375,0.537109375,0.30517578125,-0.09765625,-0.1953125,0.7568359375,-0.28076171875,0.72021484375,0.09765625,0.439453125,0.1953125,0.57373046875,-0.37841796875,0.15869140625,-0.1220703125,0.18310546875,-0.25634765625,1.03759765625,-0.0732421875,0.20751953125,-0.2197265625,0.1953125,-0.0244140625,0.2685546875,0.03662109375,0.81787109375,0.1220703125,0.048828125,-0.0244140625,1.318359375,-0.06103515625,-0.927734375,0.06103515625,-0.3173828125,-0.08544921875,-0.9765625,0.13427734375,-0.81787109375,0.06103515625,-1.513671875,-0.13427734375,-0.28076171875,0.01220703125,-0.3662109375,-0.25634765625,-1.25732421875,-0.1220703125,-1.42822265625,-0.29296875,-1.220703125,-0.0732421875,-1.7333984375,-0.3662109375,-0.57373046875,0.42724609375,-0.67138671875,0,-1.45263671875,-0.03662109375,-1.0498046875,-0.28076171875,0.4150390625,0.146484375,0.1220703125,0.06103515625,-0.25634765625,-0.06103515625,-0.1708984375,0.06103515625,-0.20751953125,-0.0732421875,-0.03662109375,-0.03662109375,0.86669921875,0,-0.439453125,0,-0.47607421875
1,0.1220703125,-0.341796875,0.13427734375,-0.29296875,-0.1708984375,-0.35400390625,-0.06103515625,0.01220703125,0.15869140625,-0.1708984375,-0.23193359375,-1.03759765625,-0.1953125,0.89111328125,-0.03662109375,-0.5859375,0.1708984375,-0.03662109375,-0.2685546875,0.52490234375,0.1708984375,1.11083984375,-0.01220703125,-0.1953125,-0.35400390625,-0.1708984375,-0.146484375,-0.8056640625,-0.23193359375,0.89111328125,-0.0732421875,0.244140625,0.13427734375,-0.28076171875,0.0732421875,-0.84228515625,-0.146484375,-0.4638671875,0.54931640625,-0.69580078125,-0.2197265625,-0.20751953125,-0.01220703125,-0.634765625,-0.08544921875,-0.37841796875,0.32958984375,0.67138671875,0.18310546875,1.13525390625,-0.1953125,0.5126953125,0.28076171875,-0.13427734375,-0.244140625,0.74462890625,-0.25634765625,0.7080078125,0.10986328125,0.439453125,0.13427734375,0.57373046875,-0.37841796875,0.146484375,-0.20751953125,0.23193359375,-0.20751953125,1.0498046875,-0.1220703125,0.18310546875,-0.20751953125,0.20751953125,-0.01220703125,0.2685546875,0.0244140625,0.81787109375,0.1220703125,0.048828125,0.03662109375,1.33056640625,-0.08544921875,-0.96435546875,0.13427734375,-0.3173828125,-0.08544921875,-1.01318359375,0.2197265625,-0.81787109375,0.0732421875,-1.50146484375,-0.1708984375,-0.29296875,0.09765625,-0.341796875,-0.244140625,-1.2451171875,-0.1708984375,-1.25732421875,-0.28076171875,-1.11083984375,-0.1220703125,-1.4892578125,-0.23193359375,-0.40283203125,0.2685546875,-0.69580078125,0,-1.45263671875,0.0244140625,-1.06201171875,-0.2197265625,0.40283203125,0.15869140625,0.10986328125,0.048828125,-0.28076171875,-0.06103515625,-0.18310546875,0.03662109375,-0.2197265625,-0.0732421875,-0.01220703125,-0.0244140625,0.89111328125,-0.0244140625,-0.47607421875,-0.01220703125,-0.47607421875
1,0.1220703125,-0.32958984375,0.10986328125,-0.30517578125,-0.15869140625,-0.35400390625,-0.06103515625,0.01220703125,0.15869140625,-0.1708984375,-0.244140625,-1.03759765625,-0.18310546875,0.87890625,-0.01220703125,-0.5615234375,0.20751953125,0.439453125,-0.3173828125,0.98876953125,0.146484375,1.47705078125,-0.06103515625,0.69580078125,-0.2685546875,-0.18310546875,-0.1220703125,-0.8056640625,-0.08544921875,0.9033203125,-0.048828125,0.2197265625,0.29296875,-0.2685546875,-0.01220703125,-0.84228515625,-0.244140625,-0.48828125,0.48828125,-0.7080078125,-0.3173828125,-0.23193359375,-0.09765625,-0.62255859375,-0.13427734375,-0.35400390625,0.32958984375,0.64697265625,0.146484375,1.171875,-0.2197265625,0.5126953125,0.23193359375,-0.146484375,-0.30517578125,0.732421875,-0.20751953125,0.69580078125,0.09765625,0.4638671875,0.0732421875,0.54931640625,-0.439453125,0.13427734375,-0.2197265625,0.25634765625,-0.15869140625,1.03759765625,-0.15869140625,0.18310546875,-0.20751953125,0.2197265625,0.06103515625,0.2685546875,-0.01220703125,0.87890625,0.146484375,0.03662109375,0.10986328125,1.35498046875,-0.06103515625,-0.9765625,0.1953125,-0.3173828125,-0.0732421875,-1.025390625,0.28076171875,-0.830078125,0.08544921875,-1.52587890625,-0.20751953125,-0.29296875,0.20751953125,-0.35400390625,-0.2197265625,-1.23291015625,-0.18310546875,-0.9765625,-0.1953125,-0.9033203125,-0.0244140625,-1.11083984375,-0.0732421875,-0.18310546875,0.10986328125,-0.72021484375,-0.0244140625,-1.47705078125,0.0244140625,-1.06201171875,-0.20751953125,0.4150390625,0.15869140625,0.10986328125,0.0244140625,-0.28076171875,-0.06103515625,-0.18310546875,0.0244140625,-0.18310546875,-0.0732421875,0.048828125,-0.03662109375,0.89111328125,-0.03662109375,-0.48828125,0,-0.48828125
0,0.13427734375,-0.32958984375,0.09765625,-0.30517578125,-0.1708984375,-0.3662109375,-0.06103515625,0.01220703125,0.146484375,-0.20751953125,-0.23193359375,-1.025390625,-0.1708984375,0.86669921875,0,-0.54931640625,0.25634765625,1.0986328125,-0.35400390625,1.59912109375,0.13427734375,1.9775390625,-0.10986328125,1.81884765625,-0.18310546875,-0.1708984375,-0.13427734375,-0.79345703125,0.06103515625,0.91552734375,-0.06103515625,0.23193359375,0.50048828125,-0.29296875,-0.03662109375,-0.8544921875,-0.30517578125,-0.48828125,0.4638671875,-0.7080078125,-0.390625,-0.244140625,-0.1220703125,-0.6103515625,-0.146484375,-0.40283203125,0.28076171875,0.62255859375,0.06103515625,1.20849609375,-0.23193359375,0.4638671875,0.1953125,-0.18310546875,-0.3662109375,0.74462890625,-0.1708984375,0.69580078125,0.06103515625,0.4638671875,0.03662109375,0.5126953125,-0.4638671875,0.09765625,-0.3173828125,0.3173828125,-0.1220703125,1.07421875,-0.1953125,0.1953125,-0.23193359375,0.2197265625,0.13427734375,0.29296875,-0.048828125,0.86669921875,0.13427734375,0.03662109375,0.18310546875,1.35498046875,-0.048828125,-0.98876953125,0.2197265625,-0.29296875,-0.06103515625,-1.0498046875,0.244140625,-0.81787109375,0.09765625,-1.513671875,-0.20751953125,-0.29296875,0.28076171875,-0.32958984375,-0.18310546875,-1.23291015625,-0.20751953125,-0.64697265625,-0.1708984375,-0.64697265625,-0.10986328125,-0.68359375,-0.048828125,0.08544921875,-0.09765625,-0.732421875,-0.03662109375,-1.4892578125,-0.03662109375,-1.03759765625,-0.1708984375,0.4150390625,0.146484375,0.1220703125,0.0244140625,-0.2685546875,-0.06103515625,-0.1708984375,0.01220703125,-0.15869140625,-0.09765625,0.06103515625,-0.03662109375,0.86669921875,-0.0244140625,-0.50048828125,-0.0244140625,-0.48828125
0,0.15869140625,-0.341796875,0.08544921875,-0.29296875,-0.20751953125,-0.390625,-0.0732421875,0,0.15869140625,-0.23193359375,-0.244140625,-1.03759765625,-0.15869140625,0.8544921875,0.06103515625,-0.54931640625,0.23193359375,1.86767578125,-0.4150390625,2.294921875,-0.048828125,2.5146484375,-0.1953125,3.0517578125,-0.06103515625,-0.1708984375,-0.08544921875,-0.78125,0.20751953125,0.927734375,-0.146484375,0.23193359375,0.57373046875,-0.341796875,-0.048828125,-0.84228515625,-0.32958984375,-0.50048828125,0.390625,-0.69580078125,-0.42724609375,-0.25634765625,-0.08544921875,-0.6103515625,-0.1953125,-0.4150390625,0.20751953125,0.6103515625,0,1.25732421875,-0.244140625,0.45166015625,0.1220703125,-0.18310546875,-0.42724609375,0.74462890625,-0.09765625,0.67138671875,0,0.45166015625,0.0244140625,0.52490234375,-0.5615234375,0.08544921875,-0.4150390625,0.3662109375,-0.048828125,1.0498046875,-0.13427734375,0.20751953125,-0.244140625,0.244140625,0.20751953125,0.30517578125,-0.048828125,0.8544921875,0.13427734375,0,0.1708984375,1.37939453125,0.0244140625,-1.0009765625,0.244140625,-0.29296875,-0.048828125,-1.06201171875,0.18310546875,-0.8056640625,0.1220703125,-1.4892578125,-0.1953125,-0.2685546875,0.32958984375,-0.32958984375,-0.146484375,-1.23291015625,-0.18310546875,-0.3173828125,-0.09765625,-0.390625,-0.13427734375,-0.30517578125,-0.0244140625,0.3662109375,-0.244140625,-0.732421875,-0.0732421875,-1.50146484375,-0.08544921875,-1.03759765625,-0.18310546875,0.439453125,0.13427734375,0.13427734375,0,-0.2685546875,-0.0732421875,-0.18310546875,-0.0244140625,-0.15869140625,-0.09765625,0.03662109375,-0.03662109375,0.8544921875,-0.0244140625,-0.50048828125,0.01220703125,-0.5126953125
0,0.146484375,-0.3173828125,0.06103515625,-0.30517578125,-0.20751953125,-0.42724609375,-0.08544921875,0,0.15869140625,-0.244140625,-0.25634765625,-1.03759765625,-0.15869140625,0.84228515625,0.08544921875,-0.5859375,0.18310546875,2.67333984375,-0.47607421875,3.03955078125,-0.18310546875,3.08837890625,-0.341796875,4.3212890625,-0.03662109375,-0.15869140625,-0.03662109375,-0.78125,0.29296875,0.927734375,-0.18310546875,0.244140625,0.62255859375,-0.3173828125,0.06103515625,-0.8544921875,-0.3173828125,-0.50048828125,0.3173828125,-0.68359375,-0.45166015625,-0.244140625,-0.01220703125,-0.6103515625,-0.2197265625,-0.4150390625,0.09765625,0.62255859375,-0.048828125,1.2451171875,-0.1953125,0.45166015625,0.08544921875,-0.18310546875,-0.439453125,0.7568359375,-0.09765625,0.634765625,-0.01220703125,0.47607421875,0.01220703125,0.48828125,-0.6103515625,0.06103515625,-0.42724609375,0.37841796875,0.0244140625,1.0498046875,-0.10986328125,0.20751953125,-0.25634765625,0.25634765625,0.29296875,0.29296875,-0.0732421875,0.8544921875,0.13427734375,0,0.1708984375,1.3671875,0.048828125,-0.98876953125,0.23193359375,-0.28076171875,-0.048828125,-1.03759765625,0.09765625,-0.78125,0.18310546875,-1.4892578125,-0.18310546875,-0.2685546875,0.32958984375,-0.3173828125,-0.0732421875,-1.23291015625,-0.1708984375,-0.06103515625,-0.0732421875,-0.146484375,-0.13427734375,-0.01220703125,0,0.57373046875,-0.28076171875,-0.732421875,-0.10986328125,-1.4892578125,-0.146484375,-1.01318359375,-0.2197265625,0.45166015625,0.10986328125,0.15869140625,0.0244140625,-0.28076171875,-0.06103515625,-0.1708984375,-0.01220703125,-0.15869140625,-0.09765625,0.048828125,-0.048828125,0.8544921875,-0.0244140625,-0.50048828125,0.0244140625,-0.537109375
0,0.15869140625,-0.341796875,0.06103515625,-0.3173828125,-0.23193359375,-0.439453125,-0.0732421875,-0.01220703125,0.146484375,-0.244140625,-0.25634765625,-1.06201171875,-0.1708984375,0.84228515625,0.13427734375,-0.59814453125,0.10986328125,3.45458984375,-0.5126953125,3.77197265625,-0.32958984375,3.62548828125,-0.48828125,5.517578125,-0.03662109375,-0.15869140625,0.03662109375,-0.79345703125,0.341796875,0.91552734375,-0.2197265625,0.23193359375,0.5615234375,-0.28076171875,0.146484375,-0.8544921875,-0.28076171875,-0.439453125,0.28076171875,-0.7080078125,-0.45166015625,-0.18310546875,0.08544921875,-0.6103515625,-0.20751953125,-0.37841796875,0.08544921875,0.6103515625,-0.03662109375,1.2451171875,-0.1708984375,0.439453125,0,-0.1708984375,-0.4150390625,0.7568359375,-0.06103515625,0.62255859375,-0.03662109375,0.4638671875,-0.03662109375,0.50048828125,-0.62255859375,0.06103515625,-0.42724609375,0.3662109375,0.03662109375,1.025390625,-0.0732421875,0.23193359375,-0.30517578125,0.23193359375,0.45166015625,0.28076171875,-0.06103515625,0.81787109375,0.146484375,0,0.1220703125,1.35498046875,0.08544921875,-0.98876953125,0.1708984375,-0.2685546875,-0.0732421875,-1.025390625,-0.08544921875,-0.76904296875,0.1953125,-1.4892578125,-0.10986328125,-0.25634765625,0.25634765625,-0.3173828125,0.03662109375,-1.2451171875,-0.146484375,0.13427734375,-0.13427734375,0.03662109375,-0.23193359375,0.09765625,-0.048828125,0.69580078125,-0.25634765625,-0.72021484375,-0.18310546875,-1.50146484375,-0.1953125,-1.0009765625,-0.23193359375,0.45166015625,0.10986328125,0.1953125,0.0244140625,-0.28076171875,-0.06103515625,-0.18310546875,-0.0244140625,-0.1708984375,-0.10986328125,0.03662109375,-0.0244140625,0.86669921875,-0.03662109375,-0.47607421875,0.048828125,-0.52490234375
0,0.13427734375,-0.35400390625,0.06103515625,-0.3173828125,-0.23193359375,-0.42724609375,-0.08544921875,0,0.146484375,-0.244140625,-0.244140625,-1.03759765625,-0.18310546875,0.84228515625,0.1708984375,-0.59814453125,0.08544921875,4.16259765625,-0.52490234375,4.43115234375,-0.45166015625,4.1259765625,-0.5615234375,6.60400390625,0.01220703125,-0.1708984375,0.09765625,-0.78125,0.3173828125,0.91552734375,-0.18310546875,0.244140625,0.439453125,-0.244140625,0.20751953125,-0.81787109375,-0.2685546875,-0.40283203125,0.25634765625,-0.68359375,-0.40283203125,-0.15869140625,0.1220703125,-0.634765625,-0.1953125,-0.37841796875,0.0732421875,0.634765625,-0.01220703125,1.220703125,-0.146484375,0.4638671875,-0.1220703125,-0.1708984375,-0.40283203125,0.74462890625,-0.0732421875,0.634765625,-0.0244140625,0.45166015625,-0.03662109375,0.5126953125,-0.62255859375,0.08544921875,-0.40283203125,0.29296875,0.10986328125,1.0009765625,0.01220703125,0.23193359375,-0.30517578125,0.244140625,0.5126953125,0.28076171875,-0.06103515625,0.7568359375,0.146484375,-0.01220703125,0.06103515625,1.3427734375,0.13427734375,-0.9521484375,0.10986328125,-0.28076171875,-0.10986328125,-1.0009765625,-0.1953125,-0.732421875,0.20751953125,-1.4892578125,-0.0244140625,-0.25634765625,0.15869140625,-0.32958984375,0.13427734375,-1.2451171875,-0.0732421875,0.20751953125,-0.10986328125,0.13427734375,-0.25634765625,0.06103515625,-0.03662109375,0.76904296875,-0.10986328125,-0.69580078125,-0.23193359375,-1.47705078125,-0.1953125,-1.025390625,-0.2197265625,0.439453125,0.10986328125,0.18310546875,0.0244140625,-0.2685546875,-0.0732421875,-0.18310546875,-0.03662109375,-0.1708984375,-0.09765625,0,-0.01220703125,0.87890625,-0.06103515625,-0.4638671875,0.0732421875,-0.537109375
0,0.15869140625,-0.3662109375,0.0244140625,-0.3173828125,-0.2197265625,-0.42724609375,-0.10986328125,0.01220703125,0.1220703125,-0.2197265625,-0.244140625,-1.03759765625,-0.1953125,0.84228515625,0.1953125,-0.57373046875,0.10986328125,4.74853515625,-0.48828125,5.0048828125,-0.48828125,4.52880859375,-0.45166015625,7.4951171875,-0.01220703125,-0.15869140625,0.13427734375,-0.76904296875,0.25634765625,0.9033203125,-0.15869140625,0.244140625,0.3173828125,-0.28076171875,0.25634765625,-0.84228515625,-0.20751953125,-0.37841796875,0.2685546875,-0.69580078125,-0.35400390625,-0.1220703125,0.15869140625,-0.634765625,-0.1953125,-0.42724609375,0.08544921875,0.6103515625,0.048828125,1.171875,-0.15869140625,0.47607421875,-0.20751953125,-0.15869140625,-0.40283203125,0.7568359375,-0.146484375,0.68359375,0.01220703125,0.4638671875,-0.048828125,0.537109375,-0.57373046875,0.09765625,-0.341796875,0.244140625,0.1708984375,1.01318359375,0.0732421875,0.2197265625,-0.32958984375,0.2197265625,0.57373046875,0.2685546875,-0.01220703125,0.76904296875,0.15869140625,-0.01220703125,0.0244140625,1.33056640625,0.146484375,-0.96435546875,0.048828125,-0.3173828125,-0.18310546875,-1.0009765625,-0.29296875,-0.732421875,0.20751953125,-1.4892578125,0.048828125,-0.2197265625,0.09765625,-0.32958984375,0.23193359375,-1.2451171875,0.0244140625,0.1708984375,-0.146484375,0.18310546875,-0.2197265625,-0.146484375,-0.0732421875,0.7568359375,0.06103515625,-0.69580078125,-0.28076171875,-1.4892578125,-0.1953125,-1.01318359375,-0.28076171875,0.42724609375,0.09765625,0.15869140625,-0.01220703125,-0.244140625,-0.06103515625,-0.18310546875,-0.0244140625,-0.1953125,-0.10986328125,-0.01220703125,-0.01220703125,0.830078125,-0.08544921875,-0.42724609375,0.10986328125,-0.537109375
0,0.13427734375,-0.37841796875,0.0244140625,-0.30517578125,-0.244140625,-0.4150390625,-0.1220703125,0.0244140625,0.10986328125,-0.1953125,-0.23193359375,-1.03759765625,-0.1953125,0.8544921875,0.20751953125,-0.59814453125,0.03662109375,5.18798828125,-0.42724609375,5.3955078125,-0.40283203125,4.82177734375,-0.50048828125,8.14208984375,0,-0.1708984375,0.1708984375,-0.76904296875,0.15869140625,0.91552734375,-0.1220703125,0.25634765625,0.1953125,-0.3173828125,0.25634765625,-0.84228515625,-0.1220703125,-0.3662109375,0.3173828125,-0.7080078125,-0.28076171875,-0.10986328125,0.20751953125,-0.634765625,-0.1953125,-0.48828125,0.10986328125,0.6103515625,0.06103515625,1.123046875,-0.10986328125,0.5126953125,-0.3173828125,-0.13427734375,-0.40283203125,0.74462890625,-0.2685546875,0.74462890625,0.0732421875,0.4638671875,-0.09765625,0.5615234375,-0.5126953125,0.1220703125,-0.25634765625,0.23193359375,0.18310546875,1.0009765625,0.10986328125,0.23193359375,-0.30517578125,0.2197265625,0.57373046875,0.2685546875,0.03662109375,0.72021484375,0.1220703125,-0.01220703125,-0.01220703125,1.318359375,0.13427734375,-0.927734375,0,-0.29296875,-0.25634765625,-0.98876953125,-0.29296875,-0.732421875,0.18310546875,-1.46484375,0.1220703125,-0.23193359375,0.03662109375,-0.3173828125,0.2685546875,-1.220703125,0.10986328125,0.03662109375,-0.09765625,0.15869140625,-0.18310546875,-0.390625,-0.13427734375,0.69580078125,0.1708984375,-0.68359375,-0.23193359375,-1.46484375,-0.1953125,-1.0498046875,-0.35400390625,0.40283203125,0.09765625,0.146484375,-0.01220703125,-0.244140625,-0.048828125,-0.20751953125,-0.01220703125,-0.2197265625,-0.10986328125,-0.03662109375,-0.0244140625,0.830078125,-0.09765625,-0.4638671875,0.13427734375,-0.5126953125
0,0.10986328125,-0.37841796875,0.03662109375,-0.30517578125,-0.2685546875,-0.40283203125,-0.1220703125,0.0244140625,0.09765625,-0.1953125,-0.23193359375,-1.0498046875,-0.20751953125,0.830078125,0.244140625,-0.5615234375,0.01220703125,5.46875,-0.32958984375,5.6396484375,-0.29296875,4.96826171875,-0.52490234375,8.544921875,0,-0.1953125,0.10986328125,-0.78125,0.048828125,0.9033203125,-0.1220703125,0.23193359375,0.10986328125,-0.35400390625,0.2685546875,-0.830078125,-0.0732421875,-0.3173828125,0.35400390625,-0.72021484375,-0.18310546875,-0.09765625,0.2197265625,-0.59814453125,-0.1708984375,-0.48828125,0.146484375,0.64697265625,0.1220703125,1.0986328125,-0.03662109375,0.50048828125,-0.35400390625,-0.1220703125,-0.4150390625,0.7568359375,-0.390625,0.81787109375,0.13427734375,0.45166015625,-0.10986328125,0.57373046875,-0.439453125,0.13427734375,-0.10986328125,0.18310546875,0.244140625,1.0009765625,0.146484375,0.23193359375,-0.2685546875,0.1953125,0.5615234375,0.28076171875,0.13427734375,0.7080078125,0.13427734375,-0.01220703125,-0.10986328125,1.30615234375,0.08544921875,-0.91552734375,-0.03662109375,-0.29296875,-0.3173828125,-0.96435546875,-0.2197265625,-0.74462890625,0.1220703125,-1.47705078125,0.18310546875,-0.23193359375,0,-0.30517578125,0.244140625,-1.220703125,0.15869140625,-0.09765625,-0.03662109375,0.08544921875,-0.146484375,-0.6103515625,-0.25634765625,0.6103515625,0.23193359375,-0.68359375,-0.15869140625,-1.42822265625,-0.20751953125,-1.03759765625,-0.439453125,0.40283203125,0.09765625,0.13427734375,-0.03662109375,-0.23193359375,-0.0732421875,-0.23193359375,-0.0244140625,-0.23193359375,-0.09765625,-0.03662109375,-0.03662109375,0.81787109375,-0.08544921875,-0.45166015625,0.15869140625,-0.5126953125
0,0.1220703125,-0.3662109375,0,-0.29296875,-0.28076171875,-0.4150390625,-0.1220703125,0.03662109375,0.0732421875,-0.18310546875,-0.20751953125,-1.025390625,-0.2197265625,0.8544921875,0.28076171875,-0.5615234375,0.0244140625,5.55419921875,-0.2197265625,5.6640625,-0.15869140625,4.99267578125,-0.52490234375,8.67919921875,-0.0244140625,-0.1708984375,0.06103515625,-0.78125,-0.048828125,0.91552734375,-0.1220703125,0.25634765625,0.10986328125,-0.341796875,0.20751953125,-0.830078125,-0.03662109375,-0.32958984375,0.45166015625,-0.72021484375,-0.09765625,-0.10986328125,0.1953125,-0.6103515625,-0.15869140625,-0.47607421875,0.20751953125,0.67138671875,0.1708984375,1.08642578125,0,0.50048828125,-0.32958984375,-0.13427734375,-0.4150390625,0.74462890625,-0.5126953125,0.89111328125,0.1220703125,0.4638671875,-0.0732421875,0.5859375,-0.32958984375,0.146484375,0.048828125,0.15869140625,0.2685546875,1.01318359375,0.13427734375,0.20751953125,-0.25634765625,0.18310546875,0.52490234375,0.2685546875,0.1953125,0.76904296875,0.15869140625,-0.01220703125,-0.146484375,1.318359375,0.01220703125,-0.91552734375,-0.06103515625,-0.29296875,-0.390625,-0.96435546875,-0.1220703125,-0.78125,0.10986328125,-1.50146484375,0.15869140625,-0.23193359375,0.03662109375,-0.29296875,0.15869140625,-1.18408203125,0.15869140625,-0.25634765625,0.03662109375,0.0244140625,-0.146484375,-0.84228515625,-0.35400390625,0.537109375,0.20751953125,-0.67138671875,-0.0732421875,-1.42822265625,-0.20751953125,-1.025390625,-0.48828125,0.40283203125,0.13427734375,0.10986328125,-0.01220703125,-0.23193359375,-0.06103515625,-0.2197265625,-0.0244140625,-0.23193359375,-0.1220703125,-0.03662109375,-0.0244140625,0.8056640625,-0.0732421875,-0.439453125,0.1708984375,-0.5126953125
0,0.1220703125,-0.3662109375,-0.01220703125,-0.29296875,-0.2685546875,-0.390625,-0.13427734375,0.0244140625,0.06103515625,-0.20751953125,-0.2197265625,-1.03759765625,-0.23193359375,0.87890625,0.30517578125,-0.537109375,0.048828125,5.48095703125,-0.146484375,5.517578125,0,4.8828125,-0.48828125,8.49609375,0,-0.15869140625,-0.048828125,-0.78125,-0.09765625,0.927734375,-0.20751953125,0.25634765625,0.146484375,-0.32958984375,0.09765625,-0.84228515625,0.01220703125,-0.341796875,0.4638671875,-0.74462890625,-0.0244140625,-0.13427734375,0.08544921875,-0.59814453125,-0.0732421875,-0.4638671875,0.28076171875,0.69580078125,0.1953125,1.08642578125,-0.03662109375,0.48828125,-0.29296875,-0.15869140625,-0.439453125,0.7080078125,-0.5859375,0.9765625,0.13427734375,0.4638671875,0.0244140625,0.5859375,-0.244140625,0.13427734375,0.09765625,0.146484375,0.3173828125,1.025390625,0.13427734375,0.20751953125,-0.15869140625,0.15869140625,0.45166015625,0.29296875,0.20751953125,0.7568359375,0.15869140625,0.01220703125,-0.20751953125,1.318359375,-0.0244140625,-0.9033203125,-0.08544921875,-0.29296875,-0.4150390625,-0.9765625,0,-0.79345703125,0.09765625,-1.4892578125,0.08544921875,-0.2197265625,0.0732421875,-0.28076171875,-0.01220703125,-1.171875,0.0732421875,-0.37841796875,0.09765625,-0.06103515625,-0.20751953125,-0.98876953125,-0.40283203125,0.4638671875,0.146484375,-0.67138671875,0.06103515625,-1.4404296875,-0.2197265625,-1.06201171875,-0.48828125,0.40283203125,0.10986328125,0.09765625,0.01220703125,-0.20751953125,-0.0732421875,-0.2197265625,0,-0.20751953125,-0.10986328125,-0.0244140625,-0.01220703125,0.78125,-0.0732421875,-0.4638671875,0.23193359375,-0.52490234375
0,0.13427734375,-0.37841796875,-0.03662109375,-0.30517578125,-0.28076171875,-0.40283203125,-0.10986328125,0.0244140625,0.03662109375,-0.2197265625,-0.20751953125,-1.03759765625,-0.25634765625,0.8544921875,0.3173828125,-0.5615234375,0.10986328125,5.2490234375,-0.08544921875,5.17578125,0.13427734375,4.62646484375,-0.4638671875,8.0322265625,0.048828125,-0.13427734375,-0.15869140625,-0.78125,-0.1220703125,0.927734375,-0.2685546875,0.244140625,0.1953125,-0.30517578125,-0.03662109375,-0.830078125,0.01220703125,-0.35400390625,0.50048828125,-0.732421875,0.048828125,-0.15869140625,-0.01220703125,-0.62255859375,0.0244140625,-0.4150390625,0.29296875,0.68359375,0.2197265625,1.123046875,-0.06103515625,0.48828125,-0.23193359375,-0.1708984375,-0.439453125,0.7568359375,-0.62255859375,1.08642578125,0.15869140625,0.4638671875,0.15869140625,0.5615234375,-0.1220703125,0.13427734375,0.09765625,0.18310546875,0.37841796875,1.03759765625,0.10986328125,0.2197265625,-0.10986328125,0.1708984375,0.40283203125,0.30517578125,0.20751953125,0.8056640625,0.146484375,0.01220703125,-0.2685546875,1.318359375,-0.0732421875,-0.91552734375,-0.08544921875,-0.30517578125,-0.35400390625,-1.0009765625,0.09765625,-0.79345703125,0.10986328125,-1.513671875,-0.01220703125,-0.23193359375,0.08544921875,-0.29296875,-0.15869140625,-1.15966796875,-0.01220703125,-0.45166015625,0.0732421875,-0.1220703125,-0.2197265625,-0.96435546875,-0.3662109375,0.42724609375,0.08544921875,-0.69580078125,0.146484375,-1.45263671875,-0.15869140625,-1.06201171875,-0.45166015625,0.40283203125,0.10986328125,0.08544921875,0.0244140625,-0.20751953125,-0.06103515625,-0.2197265625,0.01220703125,-0.2197265625,-0.09765625,-0.0244140625,0,0.76904296875,-0.048828125,-0.50048828125,0.20751953125,-0.52490234375
0,0.146484375,-0.35400390625,-0.048828125,-0.3173828125,-0.244140625,-0.37841796875,-0.13427734375,0.01220703125,0.0244140625,-0.20751953125,-0.20751953125,-1.03759765625,-0.244140625,0.8544921875,0.3173828125,-0.57373046875,0.2197265625,4.78515625,0,4.67529296875,0.23193359375,4.23583984375,-0.42724609375,7.28759765625,0.10986328125,-0.13427734375,-0.2197265625,-0.79345703125,-0.048828125,0.9521484375,-0.32958984375,0.2197265625,0.2197265625,-0.25634765625,-0.15869140625,-0.84228515625,0.01220703125,-0.37841796875,0.47607421875,-0.74462890625,0.0732421875,-0.1953125,-0.03662109375,-0.6103515625,0.09765625,-0.3662109375,0.3173828125,0.68359375,0.18310546875,1.15966796875,-0.10986328125,0.4638671875,-0.146484375,-0.18310546875,-0.47607421875,0.74462890625,-0.59814453125,1.171875,0.1953125,0.47607421875,0.2197265625,0.54931640625,-0.06103515625,0.08544921875,0.13427734375,0.23193359375,0.37841796875,1.0498046875,0.048828125,0.20751953125,-0.0732421875,0.1953125,0.390625,0.29296875,0.1708984375,0.8544921875,0.10986328125,0.03662109375,-0.20751953125,1.3427734375,-0.10986328125,-0.9521484375,-0.09765625,-0.30517578125,-0.25634765625,-1.0009765625,0.13427734375,-0.79345703125,0.15869140625,-1.513671875,-0.1220703125,-0.23193359375,0.08544921875,-0.25634765625,-0.28076171875,-1.13525390625,-0.1220703125,-0.48828125,0,-0.18310546875,-0.20751953125,-0.8544921875,-0.3173828125,0.4150390625,0.06103515625,-0.7080078125,0.1953125,-1.46484375,-0.146484375,-1.07421875,-0.40283203125,0.4150390625,0.09765625,0.08544921875,0.03662109375,-0.23193359375,-0.06103515625,-0.23193359375,0.0244140625,-0.1953125,-0.10986328125,0,0.01220703125,0.76904296875,-0.06103515625,-0.50048828125,0.1953125,-0.52490234375
0,0.15869140625,-0.35400390625,-0.0732421875,-0.3173828125,-0.2685546875,-0.37841796875,-0.10986328125,0,0.01220703125,-0.2197265625,-0.18310546875,-1.0498046875,-0.28076171875,0.8544921875,0.32958984375,-0.59814453125,0.2685546875,4.1748046875,0.03662109375,4.04052734375,0.244140625,3.759765625,-0.35400390625,6.26220703125,0.15869140625,-0.10986328125,-0.23193359375,-0.78125,0.0244140625,0.93994140625,-0.35400390625,0.2197265625,0.18310546875,-0.2197265625,-0.20751953125,-0.8544921875,-0.0244140625,-0.4150390625,0.45166015625,-0.732421875,0.048828125,-0.2197265625,-0.06103515625,-0.6591796875,0.146484375,-0.32958984375,0.2685546875,0.67138671875,0.1708984375,1.1962890625,-0.18310546875,0.47607421875,-0.09765625,-0.1953125,-0.45166015625,0.732421875,-0.54931640625,1.2451171875,0.146484375,0.50048828125,0.3173828125,0.52490234375,-0.10986328125,0.0732421875,0.15869140625,0.2685546875,0.3662109375,1.0498046875,0.048828125,0.23193359375,-0.06103515625,0.1953125,0.390625,0.30517578125,0.146484375,0.84228515625,0.0244140625,0.03662109375,-0.1708984375,1.3671875,-0.08544921875,-0.96435546875,-0.06103515625,-0.30517578125,-0.1220703125,-1.0009765625,0.13427734375,-0.78125,0.20751953125,-1.4892578125,-0.15869140625,-0.25634765625,0.03662109375,-0.2685546875,-0.29296875,-1.1474609375,-0.146484375,-0.42724609375,-0.0732421875,-0.1953125,-0.146484375,-0.7080078125,-0.244140625,0.439453125,0.048828125,-0.72021484375,0.2197265625,-1.4404296875,-0.1220703125,-1.06201171875,-0.341796875,0.439453125,0.08544921875,0.09765625,0.03662109375,-0.23193359375,-0.0732421875,-0.23193359375,-0.0244140625,-0.1708984375,-0.09765625,0.0244140625,0.01220703125,0.78125,-0.048828125,-0.5126953125,0.1953125,-0.537109375
0,0.15869140625,-0.35400390625,-0.09765625,-0.30517578125,-0.244140625,-0.37841796875,-0.08544921875,0.01220703125,-0.01220703125,-0.2197265625,-0.18310546875,-1.03759765625,-0.30517578125,0.8544921875,0.35400390625,-0.59814453125,0.3173828125,3.43017578125,0.0732421875,3.2958984375,0.1953125,3.18603515625,-0.25634765625,5.01708984375,0.1708984375,-0.1220703125,-0.23193359375,-0.79345703125,0.10986328125,0.9521484375,-0.3173828125,0.23193359375,0.146484375,-0.2197265625,-0.1953125,-0.86669921875,-0.048828125,-0.439453125,0.42724609375,-0.74462890625,-0.06103515625,-0.244140625,-0.0732421875,-0.634765625,0.1708984375,-0.3173828125,0.25634765625,0.6591796875,0.15869140625,1.220703125,-0.2685546875,0.45166015625,-0.0244140625,-0.18310546875,-0.45166015625,0.732421875,-0.4638671875,1.28173828125,0.09765625,0.48828125,0.4638671875,0.52490234375,-0.1708984375,0.048828125,0.23193359375,0.28076171875,0.32958984375,1.07421875,0.0244140625,0.244140625,-0.08544921875,0.2197265625,0.40283203125,0.30517578125,0.08544921875,0.89111328125,-0.03662109375,0.03662109375,-0.10986328125,1.3671875,-0.06103515625,-1.0009765625,-0.0244140625,-0.30517578125,-0.01220703125,-1.01318359375,0.08544921875,-0.7568359375,0.18310546875,-1.50146484375,-0.2197265625,-0.244140625,-0.03662109375,-0.25634765625,-0.244140625,-1.15966796875,-0.1220703125,-0.390625,-0.18310546875,-0.20751953125,-0.1953125,-0.54931640625,-0.18310546875,0.45166015625,0.13427734375,-0.732421875,0.09765625,-1.45263671875,-0.08544921875,-1.03759765625,-0.3173828125,0.45166015625,0.10986328125,0.09765625,0.01220703125,-0.244140625,-0.06103515625,-0.244140625,-0.0244140625,-0.15869140625,-0.10986328125,0.0244140625,0,0.78125,-0.048828125,-0.52490234375,0.18310546875,-0.537109375
1,0.146484375,-0.35400390625,-0.10986328125,-0.29296875,-0.2685546875,-0.35400390625,-0.08544921875,0.0244140625,-0.048828125,-0.20751953125,-0.1953125,-1.03759765625,-0.32958984375,0.8544921875,0.32958984375,-0.5859375,0.341796875,2.57568359375,0.0732421875,2.47802734375,0.13427734375,2.587890625,-0.09765625,3.662109375,0.1708984375,-0.1220703125,-0.20751953125,-0.8056640625,0.1708984375,0.927734375,-0.2197265625,0.2197265625,0.048828125,-0.20751953125,-0.1220703125,-0.9033203125,-0.10986328125,-0.48828125,0.3173828125,-0.732421875,-0.23193359375,-0.29296875,-0.0244140625,-0.6591796875,0.1708984375,-0.30517578125,0.244140625,0.634765625,0.146484375,1.2451171875,-0.3173828125,0.45166015625,0.0244140625,-0.18310546875,-0.40283203125,0.7568359375,-0.37841796875,1.30615234375,0.0244140625,0.48828125,0.54931640625,0.52490234375,-0.20751953125,0.048828125,0.244140625,0.32958984375,0.2685546875,1.0498046875,0,0.25634765625,-0.0732421875,0.23193359375,0.35400390625,0.30517578125,0.0244140625,0.86669921875,-0.08544921875,0.03662109375,-0.0732421875,1.3671875,-0.03662109375,-1.025390625,0.0244140625,-0.30517578125,0.0732421875,-1.025390625,0.0244140625,-0.7568359375,0.10986328125,-1.50146484375,-0.23193359375,-0.28076171875,-0.1220703125,-0.2685546875,-0.13427734375,-1.171875,-0.048828125,-0.341796875,-0.20751953125,-0.23193359375,-0.15869140625,-0.45166015625,-0.13427734375,0.439453125,0.23193359375,-0.7080078125,-0.048828125,-1.47705078125,-0.06103515625,-1.03759765625,-0.28076171875,0.45166015625,0.1220703125,0.1220703125,0,-0.23193359375,-0.06103515625,-0.23193359375,-0.03662109375,-0.1220703125,-0.09765625,0,0.0244140625,0.8056640625,-0.03662109375,-0.52490234375,0.15869140625,-0.54931640625
1,0.13427734375,-0.35400390625,-0.146484375,-0.28076171875,-0.25634765625,-0.341796875,-0.10986328125,0.03662109375,-0.06103515625,-0.20751953125,-0.1953125,-1.03759765625,-0.341796875,0.830078125,0.29296875,-0.5859375,0.341796875,1.708984375,0.06103515625,1.6845703125,0.03662109375,1.9775390625,0.01220703125,2.28271484375,0.1220703125,-0.13427734375,-0.146484375,-0.79345703125,0.18310546875,0.927734375,-0.13427734375,0.23193359375,-0.08544921875,-0.2197265625,0.01220703125,-0.89111328125,-0.18310546875,-0.48828125,0.23193359375,-0.7080078125,-0.40283203125,-0.244140625,0.0244140625,-0.67138671875,0.09765625,-0.30517578125,0.1708984375,0.62255859375,0.15869140625,1.23291015625,-0.32958984375,0.47607421875,0.10986328125,-0.146484375,-0.32958984375,0.76904296875,-0.25634765625,1.30615234375,-0.01220703125,0.48828125,0.57373046875,0.537109375,-0.28076171875,0.0732421875,0.2685546875,0.30517578125,0.1708984375,1.06201171875,-0.01220703125,0.25634765625,-0.09765625,0.2197265625,0.25634765625,0.30517578125,-0.01220703125,0.830078125,-0.1220703125,0.048828125,-0.0732421875,1.3671875,0,-1.025390625,0.0732421875,-0.3173828125,0.10986328125,-1.01318359375,-0.01220703125,-0.74462890625,0.03662109375,-1.4892578125,-0.2197265625,-0.28076171875,-0.1953125,-0.2685546875,0.06103515625,-1.18408203125,-0.0732421875,-0.32958984375,-0.37841796875,-0.244140625,-0.28076171875,-0.439453125,-0.2197265625,0.40283203125,0.29296875,-0.72021484375,-0.2197265625,-1.46484375,-0.0244140625,-1.025390625,-0.244140625,0.4638671875,0.15869140625,0.1220703125,-0.01220703125,-0.23193359375,-0.0732421875,-0.23193359375,-0.048828125,-0.13427734375,-0.09765625,0,0.0244140625,0.81787109375,-0.048828125,-0.48828125,0.15869140625,-0.537109375
1,0.15869140625,-0.3662109375,-0.1708984375,-0.28076171875,-0.2197265625,-0.341796875,-0.10986328125,0.048828125,-0.0732421875,-0.1953125,-0.15869140625,-1.01318359375,-0.341796875,0.8544921875,0.25634765625,-0.5859375,0.32958984375,0.84228515625,0.01220703125,0.93994140625,-0.03662109375,1.40380859375,0.08544921875,1.0009765625,0.08544921875,-0.1220703125,-0.06103515625,-0.76904296875,0.20751953125,0.91552734375,-0.01220703125,0.23193359375,-0.20751953125,-0.244140625,0.10986328125,-0.9033203125,-0.28076171875,-0.47607421875,0.146484375,-0.7080078125,-0.52490234375,-0.23193359375,-0.01220703125,-0.67138671875,0,-0.37841796875,0.15869140625,0.6103515625,0.146484375,1.1962890625,-0.32958984375,0.4638671875,0.13427734375,-0.10986328125,-0.25634765625,0.76904296875,-0.2197265625,1.2939453125,-0.048828125,0.47607421875,0.5615234375,0.537109375,-0.30517578125,0.09765625,0.28076171875,0.28076171875,0.0732421875,1.0498046875,-0.0244140625,0.25634765625,-0.10986328125,0.2197265625,0.18310546875,0.29296875,-0.0732421875,0.84228515625,-0.10986328125,0.03662109375,-0.08544921875,1.3427734375,0.0244140625,-1.01318359375,0.1220703125,-0.3173828125,0.06103515625,-1.01318359375,-0.03662109375,-0.74462890625,-0.0244140625,-1.4892578125,-0.18310546875,-0.29296875,-0.2197265625,-0.29296875,0.1708984375,-1.23291015625,0.0244140625,-0.3662109375,-0.4150390625,-0.29296875,-0.2685546875,-0.47607421875,-0.10986328125,0.341796875,0.30517578125,-0.69580078125,-0.35400390625,-1.47705078125,-0.0244140625,-1.03759765625,-0.18310546875,0.439453125,0.13427734375,0.1220703125,-0.0244140625,-0.2197265625,-0.06103515625,-0.20751953125,-0.048828125,-0.146484375,-0.1220703125,-0.0244140625,0.01220703125,0.8056640625,-0.0732421875,-0.48828125,0.146484375,-0.537109375
1,0.146484375,-0.3662109375,-0.18310546875,-0.28076171875,-0.1953125,-0.32958984375,-0.10986328125,0.06103515625,-0.0732421875,-0.18310546875,-0.1953125,-1.025390625,-0.341796875,0.84228515625,0.23193359375,-0.57373046875,0.28076171875,0.08544921875,-0.048828125,0.30517578125,-0.06103515625,0.927734375,0.048828125,-0.10986328125,0.03662109375,-0.15869140625,0.0244140625,-0.76904296875,0.1708984375,0.91552734375,0.1220703125,0.25634765625,-0.20751953125,-0.2685546875,0.23193359375,-0.87890625,-0.3662109375,-0.45166015625,0.1220703125,-0.72021484375,-0.59814453125,-0.18310546875,-0.0244140625,-0.6591796875,-0.1220703125,-0.42724609375,0.15869140625,0.59814453125,0.1220703125,1.18408203125,-0.3173828125,0.50048828125,0.09765625,-0.08544921875,-0.1953125,0.78125,-0.18310546875,1.25732421875,-0.06103515625,0.439453125,0.5859375,0.54931640625,-0.29296875,0.13427734375,0.244140625,0.244140625,-0.03662109375,1.025390625,-0.0244140625,0.23193359375,-0.1220703125,0.20751953125,0.06103515625,0.2685546875,-0.08544921875,0.8056640625,-0.08544921875,0.0244140625,-0.08544921875,1.3427734375,0.08544921875,-1.0009765625,0.15869140625,-0.3173828125,-0.01220703125,-1.0009765625,-0.0244140625,-0.74462890625,-0.048828125,-1.4892578125,-0.1220703125,-0.28076171875,-0.1953125,-0.29296875,0.2197265625,-1.26953125,0.03662109375,-0.45166015625,-0.3662109375,-0.37841796875,-0.18310546875,-0.59814453125,-0.048828125,0.25634765625,0.2685546875,-0.69580078125,-0.4150390625,-1.46484375,0.01220703125,-1.01318359375,-0.13427734375,0.42724609375,0.13427734375,0.1220703125,-0.0244140625,-0.20751953125,-0.06103515625,-0.20751953125,-0.01220703125,-0.1708984375,-0.13427734375,-0.06103515625,0.03662109375,0.830078125,-0.10986328125,-0.4638671875,0.15869140625,-0.52490234375
1,0.13427734375,-0.37841796875,-0.18310546875,-0.28076171875,-0.15869140625,-0.341796875,-0.10986328125,0.06103515625,-0.09765625,-0.1953125,-0.1708984375,-1.025390625,-0.29296875,0.86669921875,0.15869140625,-0.57373046875,0.13427734375,-0.57373046875,-0.13427734375,-0.2197265625,-0.0732421875,0.54931640625,-0.08544921875,-0.9521484375,0.01220703125,-0.18310546875,0.09765625,-0.76904296875,0.10986328125,0.89111328125,0.20751953125,0.244140625,-0.2197265625,-0.30517578125,0.30517578125,-0.87890625,-0.390625,-0.439453125,0.10986328125,-0.7080078125,-0.5615234375,-0.146484375,-0.08544921875,-0.6591796875,-0.244140625,-0.45166015625,0.1708984375,0.5859375,0.09765625,1.15966796875,-0.2685546875,0.50048828125,0.10986328125,-0.08544921875,-0.146484375,0.76904296875,-0.20751953125,1.220703125,-0.0244140625,0.439453125,0.5615234375,0.57373046875,-0.23193359375,0.146484375,0.1953125,0.1708984375,-0.13427734375,1.025390625,-0.01220703125,0.23193359375,-0.1708984375,0.18310546875,0.048828125,0.244140625,-0.0732421875,0.79345703125,-0.048828125,0.01220703125,-0.13427734375,1.318359375,0.10986328125,-0.98876953125,0.20751953125,-0.32958984375,-0.13427734375,-0.98876953125,-0.01220703125,-0.76904296875,-0.0732421875,-1.50146484375,-0.0732421875,-0.2685546875,-0.1220703125,-0.3173828125,0.20751953125,-1.28173828125,-0.048828125,-0.537109375,-0.390625,-0.48828125,-0.2197265625,-0.7568359375,-0.0732421875,0.18310546875,0.18310546875,-0.69580078125,-0.42724609375,-1.46484375,0.01220703125,-1.025390625,-0.10986328125,0.390625,0.146484375,0.13427734375,-0.048828125,-0.18310546875,-0.09765625,-0.20751953125,-0.01220703125,-0.1953125,-0.1220703125,-0.08544921875,0.03662109375,0.8056640625,-0.10986328125,-0.47607421875,0.146484375,-0.5126953125
1,0.1220703125,-0.3662109375,-0.20751953125,-0.29296875,-0.146484375,-0.32958984375,-0.1220703125,0.048828125,-0.09765625,-0.15869140625,-0.15869140625,-1.03759765625,-0.29296875,0.8544921875,0.146484375,-0.57373046875,0.03662109375,-1.025390625,-0.18310546875,-0.57373046875,-0.08544921875,0.29296875,-0.3662109375,-1.4892578125,0.0244140625,-0.1953125,0.1220703125,-0.78125,0.08544921875,0.9033203125,0.244140625,0.23193359375,-0.09765625,-0.32958984375,0.341796875,-0.84228515625,-0.439453125,-0.4150390625,0.06103515625,-0.7080078125,-0.45166015625,-0.146484375,-0.1953125,-0.62255859375,-0.32958984375,-0.47607421875,0.1708984375,0.634765625,0.0244140625,1.13525390625,-0.1953125,0.50048828125,0.1220703125,-0.10986328125,-0.08544921875,0.732421875,-0.29296875,1.1474609375,-0.0244140625,0.45166015625,0.48828125,0.5859375,-0.1953125,0.13427734375,0.10986328125,0.1220703125,-0.20751953125,1.01318359375,0,0.20751953125,-0.23193359375,0.146484375,0.01220703125,0.2197265625,-0.0732421875,0.81787109375,0.01220703125,0.0244140625,-0.146484375,1.33056640625,0.15869140625,-0.9521484375,0.244140625,-0.32958984375,-0.244140625,-0.9765625,0.0244140625,-0.79345703125,-0.0732421875,-1.5380859375,-0.03662109375,-0.29296875,0,-0.30517578125,0.1220703125,-1.26953125,-0.01220703125,-0.634765625,-0.23193359375,-0.5859375,-0.146484375,-0.84228515625,0,0.08544921875,0.048828125,-0.69580078125,-0.32958984375,-1.4404296875,-0.03662109375,-1.01318359375,-0.1220703125,0.390625,0.146484375,0.146484375,-0.0732421875,-0.1953125,-0.0732421875,-0.18310546875,0.01220703125,-0.20751953125,-0.13427734375,-0.0732421875,0,0.8056640625,-0.09765625,-0.47607421875,0.1220703125,-0.537109375
1,0.09765625,-0.37841796875,-0.20751953125,-0.29296875,-0.146484375,-0.35400390625,-0.1220703125,0.06103515625,-0.10986328125,-0.1708984375,-0.146484375,-1.03759765625,-0.28076171875,0.87890625,0.10986328125,-0.537109375,0,-1.318359375,-0.146484375,-0.78125,-0.08544921875,0.15869140625,-0.5615234375,-1.77001953125,0.0732421875,-0.20751953125,0.08544921875,-0.76904296875,0.0244140625,0.9033203125,0.244140625,0.23193359375,0.0244140625,-0.37841796875,0.30517578125,-0.84228515625,-0.40283203125,-0.37841796875,0.0732421875,-0.7080078125,-0.3173828125,-0.08544921875,-0.28076171875,-0.62255859375,-0.37841796875,-0.48828125,0.13427734375,0.64697265625,-0.0244140625,1.13525390625,-0.06103515625,0.50048828125,0.1220703125,-0.13427734375,-0.06103515625,0.74462890625,-0.35400390625,1.0986328125,-0.01220703125,0.439453125,0.4150390625,0.6103515625,-0.244140625,0.15869140625,0,0.09765625,-0.244140625,1.025390625,-0.048828125,0.20751953125,-0.244140625,0.15869140625,0.01220703125,0.2197265625,-0.06103515625,0.84228515625,0.0732421875,0.03662109375,-0.1953125,1.30615234375,0.20751953125,-0.927734375,0.23193359375,-0.32958984375,-0.3173828125,-0.9765625,0.0244140625,-0.79345703125,-0.06103515625,-1.52587890625,-0.0732421875,-0.29296875,0.13427734375,-0.30517578125,0.048828125,-1.26953125,-0.06103515625,-0.72021484375,-0.1220703125,-0.634765625,-0.18310546875,-0.9521484375,-0.03662109375,0.048828125,-0.10986328125,-0.68359375,-0.20751953125,-1.42822265625,-0.13427734375,-1.025390625,-0.1220703125,0.40283203125,0.13427734375,0.15869140625,-0.09765625,-0.18310546875,-0.0732421875,-0.1708984375,0.0244140625,-0.1953125,-0.13427734375,-0.06103515625,-0.03662109375,0.830078125,-0.09765625,-0.4638671875,0.1220703125,-0.52490234375
1,0.10986328125,-0.37841796875,-0.1953125,-0.28076171875,-0.15869140625,-0.341796875,-0.1220703125,0.06103515625,-0.09765625,-0.1708984375,-0.1220703125,-1.0498046875,-0.28076171875,0.86669921875,0.08544921875,-0.54931640625,-0.03662109375,-1.4404296875,-0.13427734375,-0.84228515625,-0.08544921875,0.1220703125,-0.69580078125,-1.7578125,0.1220703125,-0.1953125,0.03662109375,-0.7568359375,0.0244140625,0.927734375,0.1953125,0.23193359375,0.1220703125,-0.3662109375,0.23193359375,-0.84228515625,-0.28076171875,-0.40283203125,0.03662109375,-0.72021484375,-0.1953125,-0.09765625,-0.25634765625,-0.6103515625,-0.40283203125,-0.47607421875,0.15869140625,0.6591796875,-0.01220703125,1.13525390625,0.01220703125,0.47607421875,0.0732421875,-0.15869140625,-0.08544921875,0.72021484375,-0.40283203125,1.06201171875,-0.06103515625,0.439453125,0.32958984375,0.59814453125,-0.3173828125,0.13427734375,-0.06103515625,0.09765625,-0.25634765625,1.03759765625,-0.06103515625,0.2197265625,-0.244140625,0.1708984375,0.03662109375,0.2197265625,-0.06103515625,0.8544921875,0.08544921875,0.03662109375,-0.244140625,1.318359375,0.25634765625,-0.927734375,0.18310546875,-0.35400390625,-0.35400390625,-0.98876953125,0.01220703125,-0.81787109375,0.0244140625,-1.52587890625,-0.09765625,-0.28076171875,0.2197265625,-0.29296875,0,-1.23291015625,-0.0732421875,-0.7568359375,-0.048828125,-0.67138671875,-0.28076171875,-0.9765625,-0.048828125,0.048828125,-0.23193359375,-0.72021484375,-0.08544921875,-1.4404296875,-0.23193359375,-1.03759765625,-0.13427734375,0.390625,0.15869140625,0.146484375,-0.1220703125,-0.1953125,-0.06103515625,-0.146484375,0.0244140625,-0.20751953125,-0.1220703125,-0.03662109375,-0.048828125,0.81787109375,-0.06103515625,-0.4638671875,0.10986328125,-0.5126953125
1,0.09765625,-0.37841796875,-0.20751953125,-0.28076171875,-0.1220703125,-0.3662109375,-0.13427734375,0.06103515625,-0.1220703125,-0.2197265625,-0.13427734375,-1.06201171875,-0.25634765625,0.86669921875,0.0732421875,-0.54931640625,-0.03662109375,-1.416015625,-0.10986328125,-0.79345703125,-0.09765625,0.18310546875,-0.72021484375,-1.5869140625,0.1708984375,-0.1708984375,-0.0244140625,-0.76904296875,0.03662109375,0.927734375,0.09765625,0.23193359375,0.18310546875,-0.3662109375,0.1220703125,-0.830078125,-0.1708984375,-0.4150390625,0.0244140625,-0.7080078125,-0.09765625,-0.1220703125,-0.244140625,-0.5859375,-0.3662109375,-0.439453125,0.1953125,0.67138671875,0.03662109375,1.1474609375,0.048828125,0.47607421875,0.06103515625,-0.18310546875,-0.15869140625,0.72021484375,-0.390625,1.03759765625,-0.06103515625,0.439453125,0.25634765625,0.57373046875,-0.40283203125,0.1220703125,-0.1708984375,0.1220703125,-0.28076171875,1.0498046875,-0.08544921875,0.23193359375,-0.23193359375,0.18310546875,0.03662109375,0.244140625,-0.06103515625,0.89111328125,0.08544921875,0.048828125,-0.20751953125,1.33056640625,0.28076171875,-0.9033203125,0.1220703125,-0.341796875,-0.3173828125,-0.96435546875,-0.06103515625,-0.8056640625,0.0732421875,-1.513671875,-0.18310546875,-0.2685546875,0.23193359375,-0.30517578125,-0.0732421875,-1.220703125,-0.08544921875,-0.74462890625,-0.09765625,-0.64697265625,-0.35400390625,-0.86669921875,-0.08544921875,0.09765625,-0.30517578125,-0.72021484375,0.01220703125,-1.4404296875,-0.28076171875,-1.07421875,-0.13427734375,0.4150390625,0.1708984375,0.13427734375,-0.15869140625,-0.23193359375,-0.08544921875,-0.13427734375,0,-0.20751953125,-0.1220703125,-0.0244140625,-0.048828125,0.830078125,-0.048828125,-0.4638671875,0.09765625,-0.50048828125
1,0.1220703125,-0.390625,-0.20751953125,-0.28076171875,-0.09765625,-0.37841796875,-0.13427734375,0.06103515625,-0.13427734375,-0.244140625,-0.146484375,-1.06201171875,-0.2197265625,0.86669921875,0.0244140625,-0.57373046875,-0.06103515625,-1.30615234375,-0.09765625,-0.7080078125,-0.1708984375,0.3173828125,-0.6591796875,-1.33056640625,0.1953125,-0.1708984375,-0.08544921875,-0.76904296875,0.03662109375,0.91552734375,-0.0732421875,0.23193359375,0.15869140625,-0.32958984375,0.03662109375,-0.830078125,-0.048828125,-0.439453125,0.06103515625,-0.72021484375,0,-0.15869140625,-0.146484375,-0.59814453125,-0.28076171875,-0.390625,0.1953125,0.6591796875,0.10986328125,1.18408203125,0.0732421875,0.47607421875,0.048828125,-0.23193359375,-0.20751953125,0.72021484375,-0.37841796875,1.0009765625,-0.08544921875,0.4638671875,0.13427734375,0.5615234375,-0.48828125,0.10986328125,-0.28076171875,0.15869140625,-0.2197265625,1.07421875,-0.13427734375,0.244140625,-0.20751953125,0.2197265625,0.0732421875,0.2685546875,-0.0244140625,0.91552734375,0.06103515625,0.06103515625,-0.1953125,1.35498046875,0.3173828125,-0.927734375,0.06103515625,-0.35400390625,-0.23193359375,-0.9765625,-0.146484375,-0.8056640625,0.15869140625,-1.513671875,-0.20751953125,-0.244140625,0.1953125,-0.28076171875,-0.048828125,-1.20849609375,-0.0244140625,-0.64697265625,-0.09765625,-0.57373046875,-0.3662109375,-0.6591796875,0,0.20751953125,-0.25634765625,-0.74462890625,0.08544921875,-1.4404296875,-0.32958984375,-1.0498046875,-0.10986328125,0.42724609375,0.1953125,0.1220703125,-0.15869140625,-0.23193359375,-0.0732421875,-0.1220703125,0.01220703125,-0.20751953125,-0.1220703125,0,-0.03662109375,0.87890625,-0.048828125,-0.439453125,0.0732421875,-0.50048828125
1,0.10986328125,-0.37841796875,-0.20751953125,-0.28076171875,-0.08544921875,-0.390625,-0.1220703125,0.048828125,-0.13427734375,-0.244140625,-0.1220703125,-1.07421875,-0.23193359375,0.8544921875,0.048828125,-0.5859375,-0.048828125,-1.123046875,-0.048828125,-0.57373046875,-0.23193359375,0.45166015625,-0.47607421875,-1.07421875,0.2197265625,-0.146484375,-0.10986328125,-0.76904296875,0.01220703125,0.91552734375,-0.28076171875,0.2197265625,0.1708984375,-0.28076171875,-0.03662109375,-0.8544921875,0.0732421875,-0.42724609375,0.06103515625,-0.72021484375,0.01220703125,-0.20751953125,-0.10986328125,-0.59814453125,-0.1708984375,-0.341796875,0.244140625,0.67138671875,0.1220703125,1.220703125,0.1220703125,0.47607421875,0.01220703125,-0.2197265625,-0.1953125,0.74462890625,-0.35400390625,0.98876953125,-0.09765625,0.48828125,0.03662109375,0.54931640625,-0.48828125,0.08544921875,-0.30517578125,0.2197265625,-0.2197265625,1.07421875,-0.1708984375,0.25634765625,-0.1708984375,0.244140625,0.09765625,0.29296875,0.01220703125,0.927734375,0.03662109375,0.06103515625,-0.08544921875,1.37939453125,0.3173828125,-0.91552734375,-0.01220703125,-0.341796875,-0.08544921875,-0.98876953125,-0.244140625,-0.8056640625,0.244140625,-1.50146484375,-0.23193359375,-0.2197265625,0.0732421875,-0.29296875,-0.0244140625,-1.18408203125,-0.0732421875,-0.50048828125,-0.18310546875,-0.4150390625,-0.30517578125,-0.47607421875,0.03662109375,0.3662109375,-0.146484375,-0.7568359375,0.09765625,-1.45263671875,-0.32958984375,-1.03759765625,-0.146484375,0.45166015625,0.18310546875,0.10986328125,-0.15869140625,-0.23193359375,-0.06103515625,-0.146484375,0.03662109375,-0.1953125,-0.13427734375,0,-0.048828125,0.87890625,-0.08544921875,-0.47607421875,0.0732421875,-0.50048828125
1,0.13427734375,-0.37841796875,-0.2197265625,-0.30517578125,-0.0732421875,-0.40283203125,-0.146484375,0.048828125,-0.146484375,-0.25634765625,-0.10986328125,-1.0498046875,-0.23193359375,0.86669921875,0.048828125,-0.57373046875,0.01220703125,-0.9765625,0.048828125,-0.45166015625,-0.2685546875,0.537109375,-0.29296875,-0.87890625,0.20751953125,-0.1220703125,-0.1220703125,-0.7568359375,-0.048828125,0.927734375,-0.42724609375,0.2197265625,0.0732421875,-0.2685546875,-0.06103515625,-0.87890625,0.1708984375,-0.45166015625,0.01220703125,-0.732421875,0.01220703125,-0.244140625,-0.06103515625,-0.62255859375,-0.03662109375,-0.3173828125,0.2685546875,0.634765625,0.146484375,1.220703125,0.15869140625,0.47607421875,-0.0244140625,-0.20751953125,-0.18310546875,0.7568359375,-0.32958984375,0.98876953125,-0.0732421875,0.48828125,-0.0244140625,0.5126953125,-0.47607421875,0.09765625,-0.341796875,0.23193359375,-0.20751953125,1.07421875,-0.2197265625,0.28076171875,-0.13427734375,0.244140625,0.13427734375,0.3173828125,0.048828125,0.96435546875,0.01220703125,0.03662109375,-0.01220703125,1.37939453125,0.3173828125,-0.9521484375,-0.09765625,-0.341796875,0.03662109375,-1.0009765625,-0.30517578125,-0.76904296875,0.25634765625,-1.50146484375,-0.23193359375,-0.2197265625,-0.048828125,-0.25634765625,-0.0244140625,-1.15966796875,-0.08544921875,-0.30517578125,-0.244140625,-0.244140625,-0.18310546875,-0.29296875,0.0732421875,0.52490234375,0.06103515625,-0.76904296875,0.10986328125,-1.45263671875,-0.28076171875,-1.03759765625,-0.15869140625,0.439453125,0.20751953125,0.1220703125,-0.1708984375,-0.25634765625,-0.06103515625,-0.1708984375,0.048828125,-0.1953125,-0.13427734375,0.01220703125,-0.06103515625,0.87890625,-0.08544921875,-0.5126953125,0.08544921875,-0.5126953125
1,0.10986328125,-0.3662109375,-0.23193359375,-0.29296875,-0.06103515625,-0.40283203125,-0.10986328125,0.03662109375,-0.1220703125,-0.2685546875,-0.08544921875,-1.0498046875,-0.244140625,0.84228515625,0.0732421875,-0.57373046875,0.09765625,-0.86669921875,0.18310546875,-0.37841796875,-0.23193359375,0.59814453125,-0.08544921875,-0.8056640625,0.15869140625,-0.1220703125,-0.1220703125,-0.7568359375,-0.146484375,0.927734375,-0.54931640625,0.23193359375,-0.15869140625,-0.25634765625,-0.048828125,-0.9033203125,0.20751953125,-0.48828125,0.03662109375,-0.72021484375,0,-0.28076171875,-0.03662109375,-0.634765625,0.03662109375,-0.3173828125,0.25634765625,0.64697265625,0.1708984375,1.20849609375,0.1708984375,0.4638671875,-0.03662109375,-0.1708984375,-0.146484375,0.7568359375,-0.25634765625,0.98876953125,-0.0732421875,0.47607421875,-0.09765625,0.5126953125,-0.45166015625,0.09765625,-0.32958984375,0.244140625,-0.1953125,1.06201171875,-0.244140625,0.2685546875,-0.1220703125,0.2685546875,0.15869140625,0.30517578125,0.06103515625,0.93994140625,0.01220703125,0.03662109375,0.0732421875,1.40380859375,0.29296875,-0.9521484375,-0.146484375,-0.32958984375,0.13427734375,-1.0009765625,-0.2685546875,-0.74462890625,0.2197265625,-1.50146484375,-0.1953125,-0.1953125,-0.146484375,-0.25634765625,-0.01220703125,-1.15966796875,-0.13427734375,-0.1708984375,-0.29296875,-0.06103515625,-0.18310546875,-0.146484375,0.048828125,0.67138671875,0.28076171875,-0.7568359375,0.08544921875,-1.46484375,-0.244140625,-1.025390625,-0.23193359375,0.45166015625,0.2197265625,0.1220703125,-0.1708984375,-0.23193359375,-0.06103515625,-0.1708984375,0.048828125,-0.18310546875,-0.13427734375,0.01220703125,-0.0244140625,0.9033203125,-0.09765625,-0.52490234375,0.0732421875,-0.5126953125
1,0.09765625,-0.3662109375,-0.23193359375,-0.30517578125,-0.0244140625,-0.390625,-0.13427734375,0.01220703125,-0.10986328125,-0.25634765625,-0.0732421875,-1.025390625,-0.244140625,0.84228515625,0.13427734375,-0.59814453125,0.146484375,-0.830078125,0.25634765625,-0.341796875,-0.18310546875,0.6103515625,0.08544921875,-0.8544921875,0.03662109375,-0.13427734375,-0.146484375,-0.7568359375,-0.28076171875,0.9033203125,-0.54931640625,0.2197265625,-0.390625,-0.2197265625,-0.06103515625,-0.9033203125,0.244140625,-0.48828125,0.0244140625,-0.732421875,-0.0732421875,-0.28076171875,0,-0.67138671875,0.048828125,-0.3173828125,0.30517578125,0.62255859375,0.20751953125,1.1962890625,0.1220703125,0.50048828125,-0.048828125,-0.13427734375,-0.10986328125,0.78125,-0.1708984375,1.0009765625,-0.08544921875,0.4638671875,-0.13427734375,0.52490234375,-0.439453125,0.08544921875,-0.3662109375,0.25634765625,-0.13427734375,1.01318359375,-0.28076171875,0.28076171875,-0.13427734375,0.244140625,0.18310546875,0.3173828125,0.01220703125,0.93994140625,0.01220703125,0.0244140625,0.10986328125,1.3916015625,0.23193359375,-0.96435546875,-0.1708984375,-0.32958984375,0.15869140625,-0.98876953125,-0.2197265625,-0.74462890625,0.146484375,-1.4892578125,-0.1708984375,-0.1953125,-0.23193359375,-0.244140625,-0.048828125,-1.15966796875,-0.23193359375,-0.03662109375,-0.40283203125,0.08544921875,-0.15869140625,-0.08544921875,0.01220703125,0.76904296875,0.4150390625,-0.76904296875,0.0732421875,-1.46484375,-0.20751953125,-1.025390625,-0.2685546875,0.45166015625,0.2197265625,0.13427734375,-0.15869140625,-0.2197265625,-0.0732421875,-0.13427734375,0.06103515625,-0.1708984375,-0.13427734375,0,-0.03662109375,0.89111328125,-0.1220703125,-0.48828125,0.0732421875,-0.48828125
0,0.09765625,-0.35400390625,-0.23193359375,-0.28076171875,-0.0244140625,-0.37841796875,-0.13427734375,0.01220703125,-0.10986328125,-0.23193359375,-0.0732421875,-1.0009765625,-0.1953125,0.830078125,0.146484375,-0.57373046875,0.18310546875,-0.84228515625,0.30517578125,-0.32958984375,-0.06103515625,0.59814453125,0.10986328125,-0.9765625,-0.03662109375,-0.15869140625,-0.18310546875,-0.78125,-0.390625,0.91552734375,-0.439453125,0.23193359375,-0.537109375,-0.1708984375,-0.09765625,-0.9033203125,0.20751953125,-0.48828125,0.08544921875,-0.732421875,-0.09765625,-0.2685546875,0.0244140625,-0.6591796875,0.03662109375,-0.3173828125,0.341796875,0.634765625,0.20751953125,1.15966796875,0.0732421875,0.5126953125,-0.03662109375,-0.09765625,-0.0732421875,0.78125,-0.10986328125,1.0009765625,-0.06103515625,0.4638671875,-0.15869140625,0.537109375,-0.4638671875,0.09765625,-0.4638671875,0.25634765625,-0.03662109375,1.025390625,-0.2685546875,0.28076171875,-0.1220703125,0.244140625,0.18310546875,0.30517578125,0.03662109375,0.9033203125,0.0244140625,0.01220703125,0.1220703125,1.37939453125,0.18310546875,-0.96435546875,-0.15869140625,-0.3173828125,0.13427734375,-1.0009765625,-0.10986328125,-0.74462890625,0.03662109375,-1.513671875,-0.1708984375,-0.23193359375,-0.244140625,-0.244140625,-0.06103515625,-1.171875,-0.23193359375,0.01220703125,-0.35400390625,0.18310546875,-0.06103515625,-0.146484375,0.0732421875,0.830078125,0.47607421875,-0.732421875,0.0732421875,-1.47705078125,-0.1220703125,-1.025390625,-0.28076171875,0.45166015625,0.2197265625,0.13427734375,-0.15869140625,-0.2197265625,-0.06103515625,-0.1220703125,0.03662109375,-0.1708984375,-0.1220703125,-0.03662109375,-0.0244140625,0.9033203125,-0.10986328125,-0.4638671875,0.06103515625,-0.50048828125
0,0.048828125,-0.35400390625,-0.23193359375,-0.28076171875,0.03662109375,-0.37841796875,-0.1220703125,0.0244140625,-0.1220703125,-0.2197265625,-0.0732421875,-1.025390625,-0.18310546875,0.86669921875,0.15869140625,-0.5615234375,0.28076171875,-0.87890625,0.3662109375,-0.35400390625,0.08544921875,0.52490234375,0.10986328125,-1.15966796875,-0.1220703125,-0.18310546875,-0.18310546875,-0.78125,-0.48828125,0.9033203125,-0.30517578125,0.244140625,-0.634765625,-0.15869140625,-0.1220703125,-0.9033203125,0.10986328125,-0.47607421875,0.048828125,-0.732421875,-0.146484375,-0.244140625,-0.06103515625,-0.67138671875,-0.01220703125,-0.341796875,0.35400390625,0.6103515625,0.18310546875,1.13525390625,-0.0244140625,0.5126953125,-0.048828125,-0.1220703125,-0.06103515625,0.78125,-0.03662109375,0.9765625,-0.06103515625,0.45166015625,-0.1708984375,0.5615234375,-0.48828125,0.09765625,-0.45166015625,0.23193359375,0.0244140625,1.025390625,-0.23193359375,0.25634765625,-0.13427734375,0.20751953125,0.1953125,0.2685546875,0.01220703125,0.87890625,0.048828125,0.01220703125,0.13427734375,1.35498046875,0.13427734375,-0.9521484375,-0.10986328125,-0.32958984375,0.09765625,-0.9765625,0.0244140625,-0.74462890625,0,-1.50146484375,-0.18310546875,-0.23193359375,-0.20751953125,-0.23193359375,-0.09765625,-1.171875,-0.29296875,-0.03662109375,-0.30517578125,0.18310546875,0.0244140625,-0.28076171875,0.15869140625,0.78125,0.4150390625,-0.72021484375,0.0732421875,-1.47705078125,-0.0732421875,-1.025390625,-0.244140625,0.4150390625,0.1953125,0.1220703125,-0.15869140625,-0.20751953125,-0.0732421875,-0.13427734375,0.0244140625,-0.1708984375,-0.1220703125,-0.08544921875,-0.048828125,0.87890625,-0.1220703125,-0.42724609375,0.03662109375,-0.50048828125
0,0.048828125,-0.3662109375,-0.23193359375,-0.28076171875,0.08544921875,-0.37841796875,-0.13427734375,0.03662109375,-0.09765625,-0.20751953125,-0.06103515625,-1.0009765625,-0.1708984375,0.86669921875,0.23193359375,-0.54931640625,0.244140625,-0.9521484375,0.390625,-0.390625,0.23193359375,0.42724609375,0.048828125,-1.3427734375,-0.1953125,-0.20751953125,-0.18310546875,-0.76904296875,-0.5126953125,0.89111328125,-0.1220703125,0.244140625,-0.6103515625,-0.146484375,-0.13427734375,-0.89111328125,-0.01220703125,-0.4638671875,0.01220703125,-0.732421875,-0.18310546875,-0.20751953125,-0.146484375,-0.6591796875,-0.048828125,-0.3662109375,0.37841796875,0.6103515625,0.10986328125,1.13525390625,-0.09765625,0.52490234375,-0.06103515625,-0.1220703125,-0.08544921875,0.74462890625,0,0.927734375,-0.0244140625,0.439453125,-0.1220703125,0.54931640625,-0.5126953125,0.09765625,-0.4638671875,0.2197265625,0.03662109375,1.025390625,-0.18310546875,0.25634765625,-0.15869140625,0.2197265625,0.244140625,0.28076171875,0.0244140625,0.84228515625,0.0244140625,0,0.146484375,1.3427734375,0.0732421875,-0.927734375,-0.048828125,-0.32958984375,0.08544921875,-0.96435546875,0.1220703125,-0.74462890625,-0.03662109375,-1.50146484375,-0.20751953125,-0.23193359375,-0.10986328125,-0.2685546875,-0.09765625,-1.15966796875,-0.30517578125,-0.18310546875,-0.244140625,0.0732421875,0.0244140625,-0.439453125,0.2197265625,0.67138671875,0.25634765625,-0.7080078125,0.048828125,-1.4892578125,0.01220703125,-1.03759765625,-0.1953125,0.40283203125,0.146484375,0.146484375,-0.15869140625,-0.2197265625,-0.0732421875,-0.13427734375,-0.01220703125,-0.18310546875,-0.1220703125,-0.10986328125,-0.03662109375,0.87890625,-0.15869140625,-0.40283203125,0.0244140625,-0.50048828125
0,0.0244140625,-0.35400390625,-0.2685546875,-0.29296875,0.08544921875,-0.37841796875,-0.1220703125,0.03662109375,-0.09765625,-0.20751953125,-0.03662109375,-1.01318359375,-0.15869140625,0.87890625,0.244140625,-0.537109375,0.2685546875,-0.98876953125,0.30517578125,-0.42724609375,0.23193359375,0.390625,-0.146484375,-1.42822265625,-0.18310546875,-0.20751953125,-0.18310546875,-0.78125,-0.45166015625,0.87890625,0,0.23193359375,-0.4638671875,-0.13427734375,-0.18310546875,-0.87890625,-0.146484375,-0.4150390625,-0.06103515625,-0.72021484375,-0.23193359375,-0.1708984375,-0.25634765625,-0.64697265625,-0.09765625,-0.3662109375,0.32958984375,0.62255859375,0.08544921875,1.123046875,-0.1708984375,0.50048828125,-0.09765625,-0.1220703125,-0.10986328125,0.74462890625,-0.01220703125,0.87890625,0.048828125,0.42724609375,-0.01220703125,0.54931640625,-0.537109375,0.1220703125,-0.4638671875,0.20751953125,0.09765625,1.01318359375,-0.13427734375,0.23193359375,-0.23193359375,0.1953125,0.29296875,0.25634765625,0.06103515625,0.84228515625,0.01220703125,-0.01220703125,0.10986328125,1.33056640625,0.06103515625,-0.93994140625,0.03662109375,-0.3173828125,0.08544921875,-0.96435546875,0.20751953125,-0.7568359375,-0.048828125,-1.513671875,-0.2197265625,-0.28076171875,-0.01220703125,-0.2685546875,-0.0732421875,-1.18408203125,-0.341796875,-0.35400390625,-0.1220703125,-0.048828125,0.09765625,-0.5615234375,0.30517578125,0.52490234375,0.0732421875,-0.732421875,0.01220703125,-1.47705078125,0.048828125,-1.0498046875,-0.15869140625,0.40283203125,0.13427734375,0.13427734375,-0.15869140625,-0.20751953125,-0.09765625,-0.146484375,-0.03662109375,-0.20751953125,-0.1220703125,-0.09765625,-0.048828125,0.86669921875,-0.146484375,-0.439453125,0.01220703125,-0.47607421875
0,0.0244140625,-0.35400390625,-0.25634765625,-0.29296875,0.09765625,-0.390625,-0.1220703125,0.03662109375,-0.08544921875,-0.2197265625,-0.01220703125,-1.01318359375,-0.146484375,0.89111328125,0.2685546875,-0.537109375,0.28076171875,-0.9765625,0.32958984375,-0.4150390625,0.28076171875,0.390625,-0.1220703125,-1.416015625,-0.13427734375,-0.1953125,-0.18310546875,-0.8056640625,-0.341796875,0.87890625,0.0732421875,0.2685546875,-0.3173828125,-0.13427734375,-0.1708984375,-0.8544921875,-0.2685546875,-0.390625,-0.08544921875,-0.7080078125,-0.30517578125,-0.1220703125,-0.3173828125,-0.634765625,-0.15869140625,-0.40283203125,0.29296875,0.634765625,0.048828125,1.1474609375,-0.244140625,0.47607421875,-0.13427734375,-0.146484375,-0.09765625,0.72021484375,-0.03662109375,0.830078125,0.06103515625,0.42724609375,0.03662109375,0.537109375,-0.4638671875,0.09765625,-0.40283203125,0.20751953125,0.15869140625,1.03759765625,-0.03662109375,0.1953125,-0.2685546875,0.1708984375,0.390625,0.2685546875,0.0244140625,0.81787109375,0.0244140625,-0.0244140625,0.0732421875,1.318359375,0.08544921875,-0.927734375,0.10986328125,-0.32958984375,0.0732421875,-0.9765625,0.25634765625,-0.76904296875,-0.03662109375,-1.513671875,-0.2197265625,-0.28076171875,0.13427734375,-0.29296875,-0.06103515625,-1.171875,-0.3662109375,-0.48828125,-0.01220703125,-0.18310546875,0.10986328125,-0.68359375,0.341796875,0.4150390625,-0.1220703125,-0.72021484375,-0.0244140625,-1.46484375,0.01220703125,-1.025390625,-0.15869140625,0.40283203125,0.06103515625,0.1220703125,-0.13427734375,-0.20751953125,-0.0732421875,-0.1708984375,-0.06103515625,-0.20751953125,-0.146484375,-0.06103515625,-0.048828125,0.86669921875,-0.146484375,-0.42724609375,0.01220703125,-0.47607421875
0,0.01220703125,-0.3662109375,-0.2685546875,-0.30517578125,0.10986328125,-0.390625,-0.15869140625,0.0244140625,-0.08544921875,-0.20751953125,0,-1.025390625,-0.146484375,0.87890625,0.29296875,-0.537109375,0.23193359375,-0.9033203125,0.29296875,-0.3662109375,0.25634765625,0.439453125,-0.146484375,-1.30615234375,-0.0732421875,-0.1708984375,-0.15869140625,-0.8056640625,-0.1953125,0.89111328125,0.09765625,0.244140625,-0.10986328125,-0.1220703125,-0.146484375,-0.84228515625,-0.3173828125,-0.37841796875,-0.13427734375,-0.7080078125,-0.35400390625,-0.13427734375,-0.29296875,-0.62255859375,-0.2197265625,-0.4150390625,0.244140625,0.64697265625,0.06103515625,1.1474609375,-0.25634765625,0.47607421875,-0.20751953125,-0.1708984375,-0.0732421875,0.732421875,-0.0244140625,0.74462890625,0.0732421875,0.45166015625,0.15869140625,0.537109375,-0.390625,0.09765625,-0.35400390625,0.2197265625,0.2197265625,1.025390625,0,0.1708984375,-0.244140625,0.1953125,0.40283203125,0.25634765625,0.01220703125,0.8056640625,0,-0.03662109375,0.01220703125,1.318359375,0.15869140625,-0.93994140625,0.15869140625,-0.32958984375,0.0732421875,-0.9765625,0.1953125,-0.78125,-0.01220703125,-1.5380859375,-0.1953125,-0.29296875,0.1953125,-0.29296875,-0.06103515625,-1.18408203125,-0.3662109375,-0.57373046875,0.08544921875,-0.29296875,0.08544921875,-0.68359375,0.341796875,0.30517578125,-0.29296875,-0.72021484375,-0.0732421875,-1.45263671875,-0.048828125,-1.03759765625,-0.146484375,0.40283203125,0.048828125,0.13427734375,-0.1220703125,-0.2197265625,-0.0732421875,-0.18310546875,-0.048828125,-0.20751953125,-0.13427734375,-0.01220703125,-0.06103515625,0.84228515625,-0.13427734375,-0.45166015625,0.01220703125,-0.4638671875
0,0.0244140625,-0.3662109375,-0.28076171875,-0.3173828125,0.1220703125,-0.390625,-0.15869140625,0,-0.0732421875,-0.20751953125,0,-1.03759765625,-0.10986328125,0.87890625,0.30517578125,-0.537109375,0.15869140625,-0.76904296875,0.20751953125,-0.25634765625,0.08544921875,0.5615234375,-0.28076171875,-1.123046875,0,-0.1708984375,-0.10986328125,-0.78125,-0.0732421875,0.89111328125,0.03662109375,0.25634765625,0,-0.13427734375,-0.13427734375,-0.84228515625,-0.3662109375,-0.37841796875,-0.20751953125,-0.7080078125,-0.37841796875,-0.146484375,-0.28076171875,-0.59814453125,-0.2685546875,-0.4150390625,0.20751953125,0.64697265625,0.13427734375,1.18408203125,-0.28076171875,0.45166015625,-0.29296875,-0.20751953125,-0.08544921875,0.7080078125,-0.01220703125,0.67138671875,0.03662109375,0.45166015625,0.29296875,0.537109375,-0.35400390625,0.1220703125,-0.23193359375,0.23193359375,0.29296875,1.0498046875,0.03662109375,0.146484375,-0.20751953125,0.18310546875,0.37841796875,0.25634765625,0.0244140625,0.8544921875,0,-0.01220703125,-0.06103515625,1.318359375,0.23193359375,-0.91552734375,0.146484375,-0.3173828125,0.06103515625,-0.9765625,0.13427734375,-0.78125,-0.01220703125,-1.52587890625,-0.15869140625,-0.28076171875,0.20751953125,-0.30517578125,-0.01220703125,-1.171875,-0.30517578125,-0.5615234375,0.0732421875,-0.341796875,0.01220703125,-0.45166015625,0.30517578125,0.29296875,-0.35400390625,-0.732421875,-0.13427734375,-1.46484375,-0.10986328125,-1.06201171875,-0.18310546875,0.40283203125,0.01220703125,0.09765625,-0.1220703125,-0.23193359375,-0.0732421875,-0.2197265625,-0.0732421875,-0.1953125,-0.13427734375,0.0244140625,-0.048828125,0.8544921875,-0.10986328125,-0.4638671875,0.01220703125,-0.4638671875
0,0.01220703125,-0.3662109375,-0.30517578125,-0.32958984375,0.13427734375,-0.390625,-0.146484375,0.0244140625,-0.0732421875,-0.20751953125,-0.01220703125,-1.0498046875,-0.1220703125,0.87890625,0.28076171875,-0.5859375,0.18310546875,-0.59814453125,0.23193359375,-0.13427734375,-0.0244140625,0.7080078125,-0.28076171875,-0.89111328125,0.01220703125,-0.1708984375,-0.06103515625,-0.79345703125,0.0244140625,0.9033203125,-0.01220703125,0.25634765625,0,-0.146484375,-0.08544921875,-0.8544921875,-0.390625,-0.4150390625,-0.28076171875,-0.7080078125,-0.341796875,-0.2197265625,-0.23193359375,-0.59814453125,-0.3173828125,-0.390625,0.1220703125,0.634765625,0.15869140625,1.15966796875,-0.29296875,0.45166015625,-0.37841796875,-0.20751953125,-0.08544921875,0.72021484375,-0.06103515625,0.62255859375,0,0.4638671875,0.37841796875,0.52490234375,-0.28076171875,0.09765625,-0.10986328125,0.2685546875,0.32958984375,1.0498046875,0.03662109375,0.1708984375,-0.146484375,0.2197265625,0.4150390625,0.28076171875,0,0.8544921875,-0.048828125,0.01220703125,-0.09765625,1.35498046875,0.2685546875,-0.9033203125,0.13427734375,-0.3173828125,0.01220703125,-0.9765625,-0.01220703125,-0.78125,0.0244140625,-1.52587890625,-0.1220703125,-0.28076171875,0.18310546875,-0.30517578125,0.03662109375,-1.15966796875,-0.146484375,-0.40283203125,0.08544921875,-0.25634765625,-0.08544921875,-0.0244140625,0.3173828125,0.42724609375,-0.32958984375,-0.74462890625,-0.2197265625,-1.45263671875,-0.146484375,-1.06201171875,-0.18310546875,0.4150390625,-0.01220703125,0.10986328125,-0.09765625,-0.2197265625,-0.0732421875,-0.23193359375,-0.06103515625,-0.20751953125,-0.18310546875,0.0244140625,-0.06103515625,0.830078125,-0.1220703125,-0.48828125,0.0244140625,-0.4638671875
0,0,-0.37841796875,-0.32958984375,-0.3173828125,0.146484375,-0.37841796875,-0.15869140625,0.0244140625,-0.08544921875,-0.20751953125,0.01220703125,-1.03759765625,-0.10986328125,0.87890625,0.244140625,-0.57373046875,0.03662109375,-0.390625,0.1708984375,0.0244140625,-0.1953125,0.89111328125,-0.341796875,-0.62255859375,0.048828125,-0.146484375,0.048828125,-0.76904296875,0.0732421875,0.91552734375,-0.0244140625,0.244140625,-0.03662109375,-0.1708984375,-0.0244140625,-0.89111328125,-0.3662109375,-0.439453125,-0.3173828125,-0.732421875,-0.29296875,-0.25634765625,-0.1708984375,-0.6103515625,-0.341796875,-0.3662109375,0.08544921875,0.634765625,0.20751953125,1.15966796875,-0.23193359375,0.4638671875,-0.4638671875,-0.1953125,-0.146484375,0.7080078125,-0.048828125,0.5859375,-0.03662109375,0.47607421875,0.48828125,0.52490234375,-0.28076171875,0.10986328125,-0.08544921875,0.32958984375,0.32958984375,1.0498046875,0.048828125,0.18310546875,-0.08544921875,0.23193359375,0.4150390625,0.30517578125,-0.03662109375,0.87890625,-0.048828125,0.01220703125,-0.146484375,1.37939453125,0.29296875,-0.927734375,0.09765625,-0.30517578125,-0.0244140625,-0.96435546875,-0.1708984375,-0.78125,0.048828125,-1.5380859375,-0.03662109375,-0.28076171875,0.0732421875,-0.29296875,0.146484375,-1.1962890625,0,-0.06103515625,-0.03662109375,0,-0.146484375,0.5615234375,0.2685546875,0.67138671875,-0.2197265625,-0.7568359375,-0.28076171875,-1.46484375,-0.1708984375,-1.03759765625,-0.18310546875,0.42724609375,0,0.08544921875,-0.1220703125,-0.23193359375,-0.0732421875,-0.244140625,-0.0244140625,-0.18310546875,-0.18310546875,0.048828125,-0.03662109375,0.81787109375,-0.146484375,-0.50048828125,0.06103515625,-0.4638671875
0,0,-0.40283203125,-0.32958984375,-0.3173828125,0.1708984375,-0.37841796875,-0.146484375,0.0244140625,-0.10986328125,-0.20751953125,0.03662109375,-1.0498046875,-0.10986328125,0.87890625,0.2197265625,-0.5859375,0.03662109375,-0.15869140625,0.18310546875,0.23193359375,-0.341796875,1.06201171875,-0.3662109375,-0.390625,0.06103515625,-0.146484375,0.1708984375,-0.79345703125,0.03662109375,0.91552734375,-0.03662109375,0.23193359375,-0.10986328125,-0.1953125,0.03662109375,-0.89111328125,-0.35400390625,-0.439453125,-0.29296875,-0.732421875,-0.2197265625,-0.25634765625,-0.146484375,-0.62255859375,-0.35400390625,-0.35400390625,0.03662109375,0.62255859375,0.1953125,1.171875,-0.146484375,0.4638671875,-0.52490234375,-0.1708984375,-0.1953125,0.732421875,-0.06103515625,0.5615234375,-0.0732421875,0.4638671875,0.537109375,0.537109375,-0.244140625,0.10986328125,-0.01220703125,0.341796875,0.341796875,1.0498046875,0.06103515625,0.1953125,-0.06103515625,0.2685546875,0.4150390625,0.341796875,-0.048828125,0.9033203125,-0.08544921875,0.0244140625,-0.15869140625,1.3916015625,0.3173828125,-0.9521484375,0.0732421875,-0.29296875,-0.06103515625,-0.9521484375,-0.28076171875,-0.76904296875,0.0732421875,-1.513671875,0.06103515625,-0.25634765625,-0.01220703125,-0.29296875,0.23193359375,-1.1962890625,0.18310546875,0.42724609375,-0.08544921875,0.40283203125,-0.048828125,1.2939453125,0.23193359375,1.08642578125,-0.06103515625,-0.78125,-0.3173828125,-1.45263671875,-0.15869140625,-1.03759765625,-0.2197265625,0.4150390625,-0.01220703125,0.08544921875,-0.10986328125,-0.2197265625,-0.09765625,-0.28076171875,0,-0.18310546875,-0.1953125,0.0732421875,-0.03662109375,0.79345703125,-0.15869140625,-0.537109375,0.0732421875,-0.47607421875
0,-0.0244140625,-0.40283203125,-0.30517578125,-0.29296875,0.1953125,-0.40283203125,-0.146484375,0.0244140625,-0.1220703125,-0.23193359375,0.048828125,-1.03759765625,-0.13427734375,0.87890625,0.1708984375,-0.5859375,0.01220703125,0.06103515625,0.244140625,0.45166015625,-0.390625,1.23291015625,-0.30517578125,-0.1953125,0.06103515625,-0.13427734375,0.23193359375,-0.78125,-0.03662109375,0.91552734375,0,0.244140625,-0.20751953125,-0.23193359375,0.08544921875,-0.9033203125,-0.32958984375,-0.45166015625,-0.28076171875,-0.732421875,-0.13427734375,-0.29296875,-0.08544921875,-0.634765625,-0.3662109375,-0.35400390625,0.08544921875,0.5859375,0.15869140625,1.1474609375,-0.0244140625,0.48828125,-0.6103515625,-0.10986328125,-0.2197265625,0.74462890625,-0.06103515625,0.57373046875,-0.15869140625,0.45166015625,0.54931640625,0.54931640625,-0.1953125,0.08544921875,0.06103515625,0.37841796875,0.30517578125,1.06201171875,0.08544921875,0.20751953125,0,0.29296875,0.42724609375,0.35400390625,-0.09765625,0.93994140625,-0.10986328125,0.03662109375,-0.18310546875,1.416015625,0.2685546875,-0.96435546875,0.03662109375,-0.28076171875,-0.146484375,-0.96435546875,-0.3662109375,-0.7568359375,0.048828125,-1.513671875,0.15869140625,-0.25634765625,-0.08544921875,-0.25634765625,0.25634765625,-1.20849609375,0.29296875,1.025390625,-0.048828125,0.9521484375,-0.0732421875,2.08740234375,0.13427734375,1.57470703125,0.0732421875,-0.74462890625,-0.32958984375,-1.46484375,-0.13427734375,-1.01318359375,-0.25634765625,0.439453125,0,0.09765625,-0.146484375,-0.20751953125,-0.0732421875,-0.29296875,0.01220703125,-0.1708984375,-0.18310546875,0.06103515625,-0.03662109375,0.79345703125,-0.15869140625,-0.5126953125,0.09765625,-0.5126953125
0,-0.03662109375,-0.37841796875,-0.3173828125,-0.28076171875,0.1953125,-0.40283203125,-0.146484375,0.03662109375,-0.13427734375,-0.244140625,0.06103515625,-1.03759765625,-0.13427734375,0.86669921875,0.15869140625,-0.5859375,-0.1220703125,0.2197265625,0.244140625,0.62255859375,-0.4150390625,1.3671875,-0.32958984375,-0.0732421875,0.03662109375,-0.15869140625,0.244140625,-0.79345703125,-0.1220703125,0.91552734375,0.03662109375,0.23193359375,-0.28076171875,-0.29296875,0.0732421875,-0.89111328125,-0.25634765625,-0.45166015625,-0.2685546875,-0.74462890625,-0.09765625,-0.2685546875,-0.0244140625,-0.64697265625,-0.40283203125,-0.341796875,0.13427734375,0.59814453125,0.146484375,1.13525390625,0.06103515625,0.47607421875,-0.634765625,-0.1220703125,-0.244140625,0.7568359375,-0.048828125,0.6103515625,-0.1953125,0.439453125,0.5615234375,0.5615234375,-0.13427734375,0.09765625,0.1220703125,0.3662109375,0.2685546875,1.06201171875,0.08544921875,0.23193359375,0.03662109375,0.29296875,0.40283203125,0.341796875,-0.15869140625,0.9521484375,-0.13427734375,0.06103515625,-0.2197265625,1.40380859375,0.1953125,-0.96435546875,0.01220703125,-0.28076171875,-0.2197265625,-0.9765625,-0.35400390625,-0.74462890625,0.0244140625,-1.50146484375,0.2197265625,-0.244140625,-0.146484375,-0.25634765625,0.3173828125,-1.23291015625,0.3173828125,1.69677734375,-0.03662109375,1.57470703125,-0.048828125,2.9052734375,-0.0732421875,2.1484375,0.15869140625,-0.7568359375,-0.2685546875,-1.46484375,-0.146484375,-1.025390625,-0.3173828125,0.439453125,0.03662109375,0.10986328125,-0.146484375,-0.20751953125,-0.08544921875,-0.25634765625,0.01220703125,-0.146484375,-0.18310546875,0.06103515625,-0.048828125,0.78125,-0.146484375,-0.50048828125,0.1220703125,-0.50048828125
0,-0.048828125,-0.37841796875,-0.29296875,-0.30517578125,0.1953125,-0.40283203125,-0.13427734375,0.0244140625,-0.13427734375,-0.244140625,0.09765625,-1.03759765625,-0.13427734375,0.87890625,0.13427734375,-0.57373046875,-0.1220703125,0.390625,0.3173828125,0.78125,-0.32958984375,1.46484375,-0.30517578125,-0.0244140625,0.03662109375,-0.1708984375,0.25634765625,-0.79345703125,-0.244140625,0.9033203125,0.08544921875,0.244140625,-0.3662109375,-0.29296875,0.048828125,-0.91552734375,-0.1953125,-0.4638671875,-0.1953125,-0.74462890625,-0.03662109375,-0.25634765625,-0.0244140625,-0.634765625,-0.37841796875,-0.35400390625,0.2197265625,0.6103515625,0.13427734375,1.123046875,0.1220703125,0.5126953125,-0.634765625,-0.1220703125,-0.25634765625,0.74462890625,-0.0244140625,0.67138671875,-0.2197265625,0.4150390625,0.54931640625,0.57373046875,-0.048828125,0.10986328125,0.2197265625,0.3662109375,0.25634765625,1.07421875,0.08544921875,0.23193359375,0.01220703125,0.28076171875,0.37841796875,0.341796875,-0.1953125,0.89111328125,-0.146484375,0.03662109375,-0.20751953125,1.3916015625,0.10986328125,-0.9765625,-0.01220703125,-0.29296875,-0.29296875,-0.96435546875,-0.2685546875,-0.74462890625,-0.0244140625,-1.50146484375,0.2197265625,-0.244140625,-0.15869140625,-0.2685546875,0.244140625,-1.25732421875,0.29296875,2.34375,0.01220703125,2.197265625,0.06103515625,3.69873046875,-0.1953125,2.734375,0.1708984375,-0.732421875,-0.146484375,-1.47705078125,-0.13427734375,-1.025390625,-0.37841796875,0.42724609375,0.01220703125,0.1220703125,-0.15869140625,-0.18310546875,-0.0732421875,-0.244140625,0,-0.146484375,-0.1708984375,0.01220703125,-0.048828125,0.79345703125,-0.1708984375,-0.50048828125,0.1220703125,-0.50048828125
0,-0.06103515625,-0.3662109375,-0.30517578125,-0.29296875,0.244140625,-0.40283203125,-0.13427734375,0.0244140625,-0.13427734375,-0.23193359375,0.09765625,-1.0498046875,-0.13427734375,0.8544921875,0.08544921875,-0.5615234375,-0.08544921875,0.48828125,0.390625,0.93994140625,-0.18310546875,1.5380859375,-0.29296875,-0.048828125,0.03662109375,-0.1708984375,0.1953125,-0.78125,-0.3173828125,0.89111328125,0.0732421875,0.2197265625,-0.3662109375,-0.32958984375,-0.0732421875,-0.87890625,-0.13427734375,-0.45166015625,-0.13427734375,-0.7080078125,0.01220703125,-0.20751953125,-0.048828125,-0.64697265625,-0.35400390625,-0.390625,0.29296875,0.6103515625,0.0732421875,1.11083984375,0.13427734375,0.5126953125,-0.634765625,-0.10986328125,-0.244140625,0.74462890625,0.048828125,0.7568359375,-0.1953125,0.42724609375,0.45166015625,0.59814453125,-0.0244140625,0.09765625,0.23193359375,0.32958984375,0.18310546875,1.06201171875,0.1220703125,0.2197265625,0.01220703125,0.2685546875,0.29296875,0.3173828125,-0.28076171875,0.86669921875,-0.13427734375,0.0244140625,-0.20751953125,1.3916015625,0.048828125,-0.96435546875,-0.01220703125,-0.30517578125,-0.35400390625,-0.9765625,-0.1708984375,-0.7568359375,-0.03662109375,-1.4892578125,0.1708984375,-0.23193359375,-0.1708984375,-0.2685546875,0.10986328125,-1.25732421875,0.1220703125,2.9296875,0.03662109375,2.783203125,0.06103515625,4.40673828125,-0.25634765625,3.271484375,0.13427734375,-0.732421875,0,-1.46484375,-0.10986328125,-1.025390625,-0.37841796875,0.40283203125,0.0244140625,0.146484375,-0.1708984375,-0.18310546875,-0.0732421875,-0.244140625,0.0244140625,-0.13427734375,-0.15869140625,-0.048828125,-0.0732421875,0.8056640625,-0.146484375,-0.4638671875,0.1220703125,-0.5126953125
1,-0.08544921875,-0.35400390625,-0.3173828125,-0.30517578125,0.28076171875,-0.40283203125,-0.1708984375,0.01220703125,-0.13427734375,-0.23193359375,0.10986328125,-1.03759765625,-0.15869140625,0.87890625,0.0732421875,-0.5615234375,-0.048828125,0.54931640625,0.4638671875,1.0498046875,-0.01220703125,1.55029296875,-0.2197265625,-0.08544921875,0.09765625,-0.18310546875,0.09765625,-0.78125,-0.37841796875,0.89111328125,0.048828125,0.244140625,-0.390625,-0.341796875,-0.20751953125,-0.86669921875,-0.10986328125,-0.40283203125,-0.0732421875,-0.7080078125,0.06103515625,-0.15869140625,-0.13427734375,-0.62255859375,-0.29296875,-0.4150390625,0.29296875,0.634765625,0.048828125,1.1474609375,0.1708984375,0.50048828125,-0.59814453125,-0.1220703125,-0.2197265625,0.74462890625,0.06103515625,0.86669921875,-0.15869140625,0.42724609375,0.439453125,0.59814453125,-0.048828125,0.08544921875,0.30517578125,0.29296875,0.09765625,1.03759765625,0.0732421875,0.20751953125,0.0244140625,0.244140625,0.23193359375,0.29296875,-0.28076171875,0.8544921875,-0.146484375,0.03662109375,-0.15869140625,1.3671875,0,-0.9521484375,0,-0.28076171875,-0.28076171875,-0.96435546875,-0.06103515625,-0.76904296875,-0.0244140625,-1.50146484375,0.08544921875,-0.244140625,-0.1708984375,-0.2685546875,-0.048828125,-1.2451171875,-0.01220703125,3.4423828125,0.09765625,3.28369140625,0.01220703125,5.029296875,-0.18310546875,3.72314453125,0.0732421875,-0.72021484375,0.10986328125,-1.46484375,-0.08544921875,-1.03759765625,-0.32958984375,0.40283203125,0.03662109375,0.15869140625,-0.1708984375,-0.18310546875,-0.08544921875,-0.2197265625,0.0244140625,-0.13427734375,-0.146484375,-0.0732421875,-0.0732421875,0.81787109375,-0.146484375,-0.439453125,0.09765625,-0.5126953125
1,-0.09765625,-0.3662109375,-0.341796875,-0.3173828125,0.32958984375,-0.4150390625,-0.146484375,0.01220703125,-0.18310546875,-0.20751953125,0.09765625,-1.03759765625,-0.1708984375,0.87890625,0.0244140625,-0.54931640625,0.0244140625,0.54931640625,0.50048828125,1.0986328125,0.15869140625,1.5625,-0.1708984375,-0.13427734375,0.146484375,-0.1708984375,0.0244140625,-0.78125,-0.4150390625,0.87890625,-0.048828125,0.244140625,-0.32958984375,-0.341796875,-0.30517578125,-0.84228515625,-0.08544921875,-0.390625,-0.03662109375,-0.68359375,0.146484375,-0.13427734375,-0.1953125,-0.62255859375,-0.18310546875,-0.439453125,0.3173828125,0.634765625,0,1.18408203125,0.1708984375,0.47607421875,-0.537109375,-0.146484375,-0.18310546875,0.72021484375,0.0732421875,0.96435546875,-0.1220703125,0.42724609375,0.45166015625,0.57373046875,-0.048828125,0.08544921875,0.35400390625,0.23193359375,-0.01220703125,1.03759765625,0.06103515625,0.20751953125,-0.01220703125,0.20751953125,0.1708984375,0.25634765625,-0.2685546875,0.8056640625,-0.1220703125,0.0244140625,-0.09765625,1.3427734375,-0.0732421875,-0.93994140625,-0.0244140625,-0.29296875,-0.18310546875,-0.9765625,0.01220703125,-0.7568359375,-0.06103515625,-1.4892578125,-0.03662109375,-0.1953125,-0.18310546875,-0.28076171875,-0.20751953125,-1.2451171875,-0.15869140625,3.8330078125,0.09765625,3.64990234375,-0.01220703125,5.55419921875,-0.10986328125,4.1015625,0.0244140625,-0.72021484375,0.1708984375,-1.45263671875,-0.0244140625,-1.0009765625,-0.28076171875,0.37841796875,0.048828125,0.13427734375,-0.18310546875,-0.18310546875,-0.08544921875,-0.1953125,0.0244140625,-0.13427734375,-0.13427734375,-0.0732421875,-0.0732421875,0.81787109375,-0.146484375,-0.439453125,0.048828125,-0.52490234375
1,-0.1220703125,-0.3662109375,-0.29296875,-0.3173828125,0.3173828125,-0.40283203125,-0.15869140625,0.0244140625,-0.15869140625,-0.1953125,0.10986328125,-1.025390625,-0.2197265625,0.87890625,0,-0.54931640625,0.0732421875,0.54931640625,0.5126953125,1.11083984375,0.28076171875,1.513671875,-0.146484375,-0.18310546875,0.1953125,-0.15869140625,-0.0732421875,-0.8056640625,-0.3662109375,0.89111328125,-0.10986328125,0.244140625,-0.30517578125,-0.32958984375,-0.439453125,-0.8056640625,-0.09765625,-0.37841796875,-0.03662109375,-0.69580078125,0.146484375,-0.10986328125,-0.25634765625,-0.62255859375,-0.08544921875,-0.42724609375,0.3173828125,0.64697265625,-0.0244140625,1.1962890625,0.1708984375,0.4638671875,-0.47607421875,-0.1953125,-0.146484375,0.732421875,0.0732421875,1.07421875,-0.08544921875,0.4150390625,0.45166015625,0.57373046875,-0.08544921875,0.09765625,0.35400390625,0.20751953125,-0.08544921875,1.03759765625,0.03662109375,0.1953125,-0.0732421875,0.1953125,0.09765625,0.23193359375,-0.2685546875,0.78125,-0.0732421875,0.01220703125,-0.13427734375,1.3427734375,-0.09765625,-0.927734375,-0.0244140625,-0.29296875,-0.03662109375,-0.96435546875,0.03662109375,-0.7568359375,-0.0244140625,-1.47705078125,-0.09765625,-0.23193359375,-0.20751953125,-0.29296875,-0.30517578125,-1.20849609375,-0.2685546875,4.052734375,0.09765625,3.94287109375,-0.03662109375,5.92041015625,-0.0244140625,4.35791015625,0.01220703125,-0.69580078125,0.1953125,-1.45263671875,-0.01220703125,-1.01318359375,-0.244140625,0.37841796875,0.06103515625,0.146484375,-0.18310546875,-0.20751953125,-0.08544921875,-0.1953125,0.0244140625,-0.146484375,-0.146484375,-0.048828125,-0.0732421875,0.81787109375,-0.1220703125,-0.4150390625,0.03662109375,-0.5126953125
1,-0.10986328125,-0.390625,-0.32958984375,-0.30517578125,0.30517578125,-0.40283203125,-0.15869140625,0.01220703125,-0.146484375,-0.1953125,0.13427734375,-1.03759765625,-0.23193359375,0.86669921875,-0.01220703125,-0.54931640625,0.09765625,0.48828125,0.57373046875,1.08642578125,0.3173828125,1.47705078125,-0.08544921875,-0.23193359375,0.2197265625,-0.146484375,-0.09765625,-0.79345703125,-0.30517578125,0.9033203125,-0.1708984375,0.25634765625,-0.32958984375,-0.2685546875,-0.47607421875,-0.8056640625,-0.13427734375,-0.35400390625,-0.0732421875,-0.68359375,0.13427734375,-0.1220703125,-0.25634765625,-0.62255859375,0.048828125,-0.42724609375,0.28076171875,0.6591796875,-0.01220703125,1.220703125,0.15869140625,0.4638671875,-0.37841796875,-0.20751953125,-0.0732421875,0.732421875,0.09765625,1.1962890625,-0.06103515625,0.42724609375,0.48828125,0.537109375,-0.048828125,0.10986328125,0.3173828125,0.1708984375,-0.1953125,1.03759765625,-0.01220703125,0.18310546875,-0.10986328125,0.1708984375,0.048828125,0.23193359375,-0.244140625,0.8056640625,-0.06103515625,0,-0.146484375,1.318359375,-0.08544921875,-0.9033203125,-0.01220703125,-0.30517578125,0.09765625,-0.9765625,0.048828125,-0.76904296875,-0.0244140625,-1.47705078125,-0.146484375,-0.23193359375,-0.28076171875,-0.30517578125,-0.30517578125,-1.1962890625,-0.28076171875,4.13818359375,-0.01220703125,4.1015625,0,6.15234375,0.048828125,4.4921875,0.0732421875,-0.7080078125,0.15869140625,-1.45263671875,-0.03662109375,-1.0498046875,-0.18310546875,0.37841796875,0.06103515625,0.15869140625,-0.15869140625,-0.20751953125,-0.08544921875,-0.15869140625,0.03662109375,-0.1708984375,-0.15869140625,-0.01220703125,-0.048828125,0.830078125,-0.10986328125,-0.42724609375,0,-0.50048828125
1,-0.1220703125,-0.390625,-0.32958984375,-0.30517578125,0.32958984375,-0.390625,-0.1708984375,0.048828125,-0.146484375,-0.18310546875,0.146484375,-1.03759765625,-0.244140625,0.8544921875,-0.0244140625,-0.52490234375,0.146484375,0.42724609375,0.59814453125,0.98876953125,0.30517578125,1.40380859375,-0.01220703125,-0.2685546875,0.20751953125,-0.1708984375,-0.146484375,-0.79345703125,-0.1953125,0.91552734375,-0.1953125,0.25634765625,-0.3662109375,-0.244140625,-0.50048828125,-0.8056640625,-0.1708984375,-0.35400390625,-0.10986328125,-0.68359375,0.048828125,-0.13427734375,-0.2197265625,-0.6103515625,0.10986328125,-0.4150390625,0.23193359375,0.68359375,-0.03662109375,1.23291015625,0.1220703125,0.4638671875,-0.2685546875,-0.23193359375,0.03662109375,0.74462890625,0.0732421875,1.28173828125,-0.10986328125,0.45166015625,0.54931640625,0.50048828125,-0.048828125,0.09765625,0.244140625,0.146484375,-0.244140625,1.025390625,-0.06103515625,0.1708984375,-0.146484375,0.18310546875,-0.01220703125,0.23193359375,-0.20751953125,0.79345703125,0,-0.01220703125,-0.18310546875,1.3427734375,-0.03662109375,-0.9033203125,-0.01220703125,-0.30517578125,0.1953125,-0.9765625,0.01220703125,-0.76904296875,-0.0732421875,-1.50146484375,-0.15869140625,-0.23193359375,-0.37841796875,-0.3173828125,-0.23193359375,-1.171875,-0.2685546875,4.1259765625,-0.09765625,4.06494140625,0,6.3232421875,0.1220703125,4.5166015625,0.15869140625,-0.7568359375,0.0244140625,-1.46484375,-0.06103515625,-1.0498046875,-0.09765625,0.390625,0.03662109375,0.146484375,-0.146484375,-0.20751953125,-0.0732421875,-0.15869140625,0.01220703125,-0.15869140625,-0.146484375,0,-0.0732421875,0.8056640625,-0.1220703125,-0.4150390625,-0.0244140625,-0.50048828125
1,-0.13427734375,-0.390625,-0.30517578125,-0.30517578125,0.32958984375,-0.40283203125,-0.18310546875,0.03662109375,-0.10986328125,-0.1953125,0.146484375,-1.03759765625,-0.244140625,0.86669921875,-0.0244140625,-0.5126953125,0.1708984375,0.341796875,0.634765625,0.91552734375,0.2685546875,1.3427734375,0.1220703125,-0.28076171875,0.1708984375,-0.15869140625,-0.13427734375,-0.8056640625,-0.09765625,0.91552734375,-0.13427734375,0.2685546875,-0.45166015625,-0.20751953125,-0.4638671875,-0.78125,-0.18310546875,-0.3662109375,-0.18310546875,-0.69580078125,-0.09765625,-0.15869140625,-0.18310546875,-0.62255859375,0.10986328125,-0.40283203125,0.18310546875,0.67138671875,-0.0244140625,1.23291015625,0.0732421875,0.47607421875,-0.18310546875,-0.23193359375,0.13427734375,0.74462890625,0.09765625,1.37939453125,-0.146484375,0.4638671875,0.6103515625,0.50048828125,-0.03662109375,0.10986328125,0.13427734375,0.15869140625,-0.2685546875,1.025390625,-0.13427734375,0.1953125,-0.15869140625,0.1953125,-0.08544921875,0.25634765625,-0.146484375,0.830078125,0.03662109375,-0.01220703125,-0.20751953125,1.35498046875,0,-0.91552734375,0.01220703125,-0.29296875,0.28076171875,-0.96435546875,-0.06103515625,-0.78125,-0.1220703125,-1.4892578125,-0.10986328125,-0.2197265625,-0.47607421875,-0.28076171875,-0.06103515625,-1.13525390625,-0.23193359375,4.052734375,-0.244140625,3.9794921875,-0.10986328125,6.3720703125,0.1953125,4.4921875,0.2197265625,-0.76904296875,-0.146484375,-1.4404296875,-0.03662109375,-1.0498046875,-0.048828125,0.4150390625,0.0244140625,0.146484375,-0.146484375,-0.20751953125,-0.08544921875,-0.15869140625,-0.01220703125,-0.13427734375,-0.146484375,-0.0244140625,-0.0732421875,0.830078125,-0.1220703125,-0.439453125,-0.0244140625,-0.48828125
1,-0.15869140625,-0.40283203125,-0.3173828125,-0.3173828125,0.3662109375,-0.390625,-0.1953125,0.0244140625,-0.1220703125,-0.1953125,0.15869140625,-1.0498046875,-0.25634765625,0.86669921875,-0.048828125,-0.537109375,0.146484375,0.2685546875,0.6103515625,0.8544921875,0.09765625,1.318359375,0.30517578125,-0.3173828125,0.08544921875,-0.15869140625,-0.09765625,-0.78125,-0.048828125,0.91552734375,-0.03662109375,0.244140625,-0.50048828125,-0.1953125,-0.4150390625,-0.8056640625,-0.2685546875,-0.37841796875,-0.18310546875,-0.69580078125,-0.244140625,-0.18310546875,-0.13427734375,-0.6103515625,0.06103515625,-0.40283203125,0.1220703125,0.64697265625,0,1.23291015625,0,0.4638671875,-0.06103515625,-0.244140625,0.20751953125,0.76904296875,0.09765625,1.45263671875,-0.18310546875,0.45166015625,0.67138671875,0.5126953125,-0.03662109375,0.1220703125,0.0732421875,0.15869140625,-0.3173828125,1.03759765625,-0.1708984375,0.1953125,-0.1708984375,0.20751953125,-0.13427734375,0.25634765625,-0.1220703125,0.87890625,0.0732421875,-0.01220703125,-0.23193359375,1.35498046875,0.01220703125,-0.927734375,0.048828125,-0.30517578125,0.29296875,-0.9521484375,-0.10986328125,-0.7568359375,-0.23193359375,-1.513671875,-0.08544921875,-0.244140625,-0.52490234375,-0.28076171875,0.13427734375,-1.13525390625,-0.18310546875,3.94287109375,-0.390625,3.86962890625,-0.1708984375,6.3232421875,0.244140625,4.39453125,0.244140625,-0.8056640625,-0.29296875,-1.45263671875,-0.01220703125,-1.0498046875,0.01220703125,0.4150390625,0.01220703125,0.1220703125,-0.146484375,-0.1953125,-0.0732421875,-0.1708984375,-0.01220703125,-0.10986328125,-0.13427734375,-0.01220703125,-0.0732421875,0.81787109375,-0.10986328125,-0.45166015625,-0.048828125,-0.50048828125
1,-0.1708984375,-0.390625,-0.2685546875,-0.3173828125,0.390625,-0.3662109375,-0.18310546875,0.0244140625,-0.10986328125,-0.20751953125,0.15869140625,-1.06201171875,-0.2685546875,0.87890625,-0.08544921875,-0.54931640625,0.13427734375,0.1953125,0.537109375,0.74462890625,-0.01220703125,1.26953125,0.42724609375,-0.32958984375,0.0244140625,-0.15869140625,-0.0244140625,-0.7568359375,-0.01220703125,0.9033203125,0.08544921875,0.25634765625,-0.537109375,-0.15869140625,-0.30517578125,-0.830078125,-0.3662109375,-0.4150390625,-0.244140625,-0.7080078125,-0.32958984375,-0.2197265625,-0.1708984375,-0.59814453125,-0.03662109375,-0.37841796875,0.048828125,0.64697265625,-0.01220703125,1.1962890625,-0.0244140625,0.47607421875,0,-0.2197265625,0.2197265625,0.76904296875,0.08544921875,1.50146484375,-0.2197265625,0.439453125,0.732421875,0.537109375,-0.0732421875,0.13427734375,-0.0244140625,0.1953125,-0.37841796875,1.025390625,-0.1953125,0.2197265625,-0.1708984375,0.2197265625,-0.15869140625,0.29296875,-0.146484375,0.87890625,0.0732421875,0.0244140625,-0.23193359375,1.3671875,0.10986328125,-0.927734375,0.08544921875,-0.29296875,0.23193359375,-0.9521484375,-0.1220703125,-0.732421875,-0.30517578125,-1.513671875,-0.03662109375,-0.2197265625,-0.5126953125,-0.2685546875,0.23193359375,-1.123046875,-0.1708984375,3.79638671875,-0.4638671875,3.7109375,-0.18310546875,6.15234375,0.28076171875,4.26025390625,0.2197265625,-0.8056640625,-0.341796875,-1.46484375,0.03662109375,-1.03759765625,0.03662109375,0.4150390625,0,0.1220703125,-0.15869140625,-0.1953125,-0.09765625,-0.18310546875,-0.01220703125,-0.10986328125,-0.146484375,-0.01220703125,-0.08544921875,0.830078125,-0.146484375,-0.47607421875,-0.0244140625,-0.50048828125
1,-0.1708984375,-0.37841796875,-0.2685546875,-0.32958984375,0.40283203125,-0.37841796875,-0.18310546875,0.01220703125,-0.09765625,-0.23193359375,0.18310546875,-1.03759765625,-0.28076171875,0.86669921875,-0.09765625,-0.5859375,0.03662109375,0.13427734375,0.52490234375,0.69580078125,-0.06103515625,1.25732421875,0.439453125,-0.35400390625,-0.06103515625,-0.1708984375,0.06103515625,-0.78125,-0.0244140625,0.9033203125,0.20751953125,0.244140625,-0.5126953125,-0.146484375,-0.13427734375,-0.84228515625,-0.45166015625,-0.40283203125,-0.32958984375,-0.7080078125,-0.37841796875,-0.20751953125,-0.2197265625,-0.6103515625,-0.1220703125,-0.37841796875,0.0244140625,0.64697265625,0.03662109375,1.18408203125,-0.06103515625,0.47607421875,0.01220703125,-0.20751953125,0.1953125,0.7568359375,0.08544921875,1.50146484375,-0.25634765625,0.439453125,0.68359375,0.57373046875,-0.15869140625,0.13427734375,-0.09765625,0.20751953125,-0.40283203125,1.0498046875,-0.244140625,0.244140625,-0.13427734375,0.23193359375,-0.1953125,0.30517578125,-0.09765625,0.89111328125,0.06103515625,0.0244140625,-0.1953125,1.3671875,0.146484375,-0.927734375,0.13427734375,-0.3173828125,0.146484375,-0.96435546875,-0.09765625,-0.7568359375,-0.3173828125,-1.52587890625,0.01220703125,-0.23193359375,-0.40283203125,-0.25634765625,0.29296875,-1.1474609375,-0.20751953125,3.61328125,-0.390625,3.564453125,-0.1708984375,5.8837890625,0.32958984375,4.11376953125,0.15869140625,-0.8056640625,-0.341796875,-1.45263671875,0.0244140625,-1.025390625,0.03662109375,0.4150390625,0.01220703125,0.1220703125,-0.1708984375,-0.18310546875,-0.0732421875,-0.1953125,-0.01220703125,-0.1220703125,-0.146484375,-0.01220703125,-0.0732421875,0.8544921875,-0.146484375,-0.47607421875,-0.0244140625,-0.50048828125
1,-0.20751953125,-0.37841796875,-0.2685546875,-0.3173828125,0.3662109375,-0.37841796875,-0.1953125,0,-0.13427734375,-0.2197265625,0.15869140625,-1.0498046875,-0.29296875,0.86669921875,-0.13427734375,-0.5859375,-0.0244140625,0.13427734375,0.50048828125,0.634765625,-0.06103515625,1.26953125,0.40283203125,-0.37841796875,-0.13427734375,-0.1708984375,0.1220703125,-0.76904296875,-0.08544921875,0.9033203125,0.29296875,0.244140625,-0.4150390625,-0.1708984375,0,-0.8544921875,-0.5126953125,-0.4150390625,-0.35400390625,-0.732421875,-0.32958984375,-0.2197265625,-0.244140625,-0.62255859375,-0.25634765625,-0.37841796875,0.0244140625,0.6103515625,0.08544921875,1.171875,-0.08544921875,0.50048828125,0.0244140625,-0.146484375,0.13427734375,0.76904296875,0.10986328125,1.4892578125,-0.32958984375,0.439453125,0.67138671875,0.59814453125,-0.25634765625,0.13427734375,-0.18310546875,0.23193359375,-0.42724609375,1.0498046875,-0.2685546875,0.25634765625,-0.10986328125,0.23193359375,-0.23193359375,0.32958984375,-0.0732421875,0.87890625,0.03662109375,0.048828125,-0.1708984375,1.35498046875,0.1953125,-0.93994140625,0.15869140625,-0.3173828125,0.01220703125,-0.96435546875,-0.0732421875,-0.74462890625,-0.30517578125,-1.52587890625,0.048828125,-0.244140625,-0.25634765625,-0.28076171875,0.2685546875,-1.18408203125,-0.20751953125,3.43017578125,-0.2685546875,3.3935546875,-0.0732421875,5.55419921875,0.29296875,3.9306640625,0.06103515625,-0.79345703125,-0.2685546875,-1.46484375,-0.01220703125,-1.025390625,0.03662109375,0.42724609375,0.01220703125,0.146484375,-0.1708984375,-0.18310546875,-0.08544921875,-0.15869140625,0.0244140625,-0.10986328125,-0.146484375,0,-0.10986328125,0.8544921875,-0.13427734375,-0.47607421875,-0.0244140625,-0.48828125
1,-0.20751953125,-0.37841796875,-0.244140625,-0.30517578125,0.341796875,-0.390625,-0.18310546875,0,-0.09765625,-0.23193359375,0.18310546875,-1.03759765625,-0.30517578125,0.8544921875,-0.15869140625,-0.6103515625,-0.146484375,0.1220703125,0.4150390625,0.6103515625,-0.13427734375,1.26953125,0.08544921875,-0.42724609375,-0.1220703125,-0.15869140625,0.146484375,-0.76904296875,-0.08544921875,0.89111328125,0.35400390625,0.23193359375,-0.32958984375,-0.2197265625,0.0732421875,-0.8544921875,-0.50048828125,-0.4150390625,-0.37841796875,-0.72021484375,-0.244140625,-0.1953125,-0.3173828125,-0.634765625,-0.32958984375,-0.37841796875,0.08544921875,0.59814453125,0.1220703125,1.171875,-0.10986328125,0.4638671875,-0.01220703125,-0.15869140625,0.09765625,0.7568359375,0.13427734375,1.4404296875,-0.32958984375,0.439453125,0.5859375,0.62255859375,-0.3173828125,0.10986328125,-0.2197265625,0.23193359375,-0.390625,1.0498046875,-0.25634765625,0.28076171875,-0.08544921875,0.25634765625,-0.244140625,0.32958984375,-0.06103515625,0.84228515625,0.01220703125,0.03662109375,-0.1220703125,1.3427734375,0.244140625,-0.96435546875,0.146484375,-0.30517578125,-0.10986328125,-0.96435546875,-0.0244140625,-0.7568359375,-0.25634765625,-1.5380859375,0.06103515625,-0.25634765625,-0.06103515625,-0.28076171875,0.146484375,-1.18408203125,-0.23193359375,3.23486328125,-0.0732421875,3.2470703125,-0.0732421875,5.1513671875,0.25634765625,3.72314453125,-0.06103515625,-0.7568359375,-0.18310546875,-1.46484375,-0.06103515625,-1.025390625,-0.01220703125,0.40283203125,0.0244140625,0.146484375,-0.1708984375,-0.1708984375,-0.0732421875,-0.1708984375,0.03662109375,-0.146484375,-0.146484375,0.01220703125,-0.09765625,0.87890625,-0.13427734375,-0.4638671875,-0.03662109375,-0.4638671875
1,-0.20751953125,-0.390625,-0.23193359375,-0.29296875,0.341796875,-0.390625,-0.1708984375,0,-0.10986328125,-0.23193359375,0.1953125,-1.03759765625,-0.30517578125,0.84228515625,-0.1708984375,-0.59814453125,-0.10986328125,0.13427734375,0.4150390625,0.57373046875,-0.09765625,1.25732421875,-0.146484375,-0.50048828125,-0.10986328125,-0.15869140625,0.1220703125,-0.76904296875,-0.08544921875,0.87890625,0.3662109375,0.23193359375,-0.20751953125,-0.25634765625,0.08544921875,-0.87890625,-0.5126953125,-0.42724609375,-0.341796875,-0.72021484375,-0.13427734375,-0.18310546875,-0.30517578125,-0.64697265625,-0.4150390625,-0.390625,0.10986328125,0.59814453125,0.146484375,1.18408203125,-0.1220703125,0.4638671875,-0.0732421875,-0.15869140625,0.1220703125,0.7568359375,0.15869140625,1.37939453125,-0.29296875,0.45166015625,0.50048828125,0.64697265625,-0.2685546875,0.1220703125,-0.244140625,0.25634765625,-0.30517578125,1.03759765625,-0.25634765625,0.2685546875,-0.0244140625,0.23193359375,-0.23193359375,0.30517578125,-0.08544921875,0.8544921875,0.0244140625,0.048828125,-0.08544921875,1.33056640625,0.2685546875,-0.96435546875,0.15869140625,-0.3173828125,-0.18310546875,-0.96435546875,-0.01220703125,-0.732421875,-0.1953125,-1.5380859375,0.048828125,-0.25634765625,0.08544921875,-0.2685546875,0.08544921875,-1.220703125,-0.2197265625,3.03955078125,0.03662109375,3.076171875,-0.15869140625,4.74853515625,0.20751953125,3.52783203125,-0.18310546875,-0.72021484375,-0.06103515625,-1.46484375,-0.13427734375,-1.01318359375,-0.0244140625,0.390625,0.048828125,0.15869140625,-0.1708984375,-0.1708984375,-0.06103515625,-0.15869140625,0.03662109375,-0.1708984375,-0.15869140625,0,-0.08544921875,0.91552734375,-0.10986328125,-0.48828125,-0.03662109375,-0.4638671875
1,-0.1953125,-0.37841796875,-0.1953125,-0.29296875,0.35400390625,-0.4150390625,-0.15869140625,0.01220703125,-0.1220703125,-0.23193359375,0.1953125,-1.03759765625,-0.30517578125,0.86669921875,-0.1953125,-0.57373046875,-0.1220703125,0.10986328125,0.390625,0.52490234375,-0.08544921875,1.23291015625,-0.3173828125,-0.57373046875,-0.03662109375,-0.15869140625,0.048828125,-0.78125,-0.048828125,0.89111328125,0.341796875,0.2197265625,-0.0732421875,-0.30517578125,0.03662109375,-0.8544921875,-0.48828125,-0.42724609375,-0.28076171875,-0.7080078125,-0.0244140625,-0.15869140625,-0.3173828125,-0.634765625,-0.47607421875,-0.37841796875,0.10986328125,0.59814453125,0.13427734375,1.20849609375,-0.0732421875,0.47607421875,-0.13427734375,-0.18310546875,0.10986328125,0.732421875,0.09765625,1.2939453125,-0.25634765625,0.45166015625,0.40283203125,0.64697265625,-0.244140625,0.10986328125,-0.29296875,0.23193359375,-0.25634765625,1.03759765625,-0.2685546875,0.28076171875,-0.01220703125,0.23193359375,-0.20751953125,0.28076171875,-0.10986328125,0.8056640625,0.01220703125,0.06103515625,-0.03662109375,1.33056640625,0.29296875,-0.9521484375,0.1708984375,-0.30517578125,-0.2197265625,-0.96435546875,-0.03662109375,-0.7568359375,-0.1220703125,-1.5380859375,0,-0.2685546875,0.146484375,-0.29296875,0.01220703125,-1.220703125,-0.20751953125,2.83203125,0.1220703125,2.880859375,-0.244140625,4.35791015625,0.18310546875,3.33251953125,-0.25634765625,-0.732421875,0.06103515625,-1.47705078125,-0.1708984375,-1.025390625,-0.048828125,0.390625,0.03662109375,0.15869140625,-0.146484375,-0.15869140625,-0.0732421875,-0.1708984375,0.03662109375,-0.15869140625,-0.146484375,0.01220703125,-0.10986328125,0.9033203125,-0.10986328125,-0.48828125,-0.048828125,-0.4638671875
1,-0.20751953125,-0.40283203125,-0.18310546875,-0.2685546875,0.390625,-0.40283203125,-0.13427734375,0,-0.13427734375,-0.20751953125,0.20751953125,-1.025390625,-0.28076171875,0.8544921875,-0.2197265625,-0.5615234375,-0.15869140625,0.08544921875,0.30517578125,0.439453125,-0.15869140625,1.20849609375,-0.537109375,-0.634765625,0.048828125,-0.15869140625,0.01220703125,-0.78125,-0.0244140625,0.89111328125,0.2685546875,0.23193359375,-0.048828125,-0.35400390625,-0.0244140625,-0.84228515625,-0.45166015625,-0.42724609375,-0.25634765625,-0.72021484375,0.0732421875,-0.13427734375,-0.28076171875,-0.64697265625,-0.45166015625,-0.4150390625,0.08544921875,0.5859375,0.13427734375,1.220703125,-0.0244140625,0.4638671875,-0.2197265625,-0.1953125,0.1220703125,0.74462890625,0.1220703125,1.20849609375,-0.15869140625,0.45166015625,0.23193359375,0.62255859375,-0.23193359375,0.09765625,-0.390625,0.2197265625,-0.15869140625,1.03759765625,-0.2685546875,0.25634765625,0.01220703125,0.1953125,-0.146484375,0.2685546875,-0.1220703125,0.79345703125,-0.01220703125,0.048828125,0.01220703125,1.33056640625,0.28076171875,-0.9521484375,0.13427734375,-0.32958984375,-0.15869140625,-0.96435546875,-0.09765625,-0.7568359375,-0.01220703125,-1.5380859375,-0.03662109375,-0.2685546875,0.146484375,-0.28076171875,0.01220703125,-1.2451171875,-0.1953125,2.6123046875,0.146484375,2.685546875,-0.30517578125,4.0283203125,0.15869140625,3.16162109375,-0.23193359375,-0.69580078125,0.15869140625,-1.4404296875,-0.2197265625,-1.01318359375,-0.03662109375,0.37841796875,0.048828125,0.1708984375,-0.10986328125,-0.15869140625,-0.0732421875,-0.15869140625,0.0244140625,-0.15869140625,-0.146484375,0.0244140625,-0.10986328125,0.9033203125,-0.09765625,-0.47607421875,-0.0732421875,-0.4638671875
0,-0.1708984375,-0.390625,-0.146484375,-0.29296875,0.37841796875,-0.37841796875,-0.10986328125,0,-0.10986328125,-0.20751953125,0.20751953125,-1.03759765625,-0.28076171875,0.8544921875,-0.244140625,-0.54931640625,-0.0732421875,0.0244140625,0.35400390625,0.32958984375,-0.1220703125,1.15966796875,-0.4638671875,-0.68359375,0.1220703125,-0.15869140625,-0.01220703125,-0.78125,0,0.9033203125,0.1708984375,0.23193359375,-0.0244140625,-0.37841796875,-0.08544921875,-0.8544921875,-0.37841796875,-0.42724609375,-0.244140625,-0.69580078125,0.13427734375,-0.13427734375,-0.2197265625,-0.62255859375,-0.390625,-0.40283203125,0.0732421875,0.6103515625,0.10986328125,1.2451171875,0.048828125,0.4638671875,-0.28076171875,-0.2197265625,0.08544921875,0.7568359375,0.1220703125,1.123046875,-0.08544921875,0.439453125,0.09765625,0.6103515625,-0.1953125,0.09765625,-0.40283203125,0.2197265625,-0.08544921875,1.025390625,-0.25634765625,0.25634765625,-0.01220703125,0.20751953125,-0.03662109375,0.25634765625,-0.13427734375,0.76904296875,-0.0244140625,0.048828125,0.03662109375,1.33056640625,0.2685546875,-0.9521484375,0.0732421875,-0.3173828125,-0.0732421875,-0.9765625,-0.18310546875,-0.7568359375,0.06103515625,-1.513671875,-0.06103515625,-0.2685546875,0.08544921875,-0.29296875,0.048828125,-1.220703125,-0.1708984375,2.392578125,0.06103515625,2.52685546875,-0.32958984375,3.64990234375,0.15869140625,2.9541015625,-0.09765625,-0.67138671875,0.1953125,-1.4404296875,-0.25634765625,-1.0009765625,-0.048828125,0.37841796875,0.0244140625,0.18310546875,-0.0732421875,-0.146484375,-0.0732421875,-0.146484375,0.03662109375,-0.1708984375,-0.15869140625,0,-0.1220703125,0.87890625,-0.0732421875,-0.45166015625,-0.0732421875,-0.48828125
0,-0.1708984375,-0.40283203125,-0.146484375,-0.29296875,0.35400390625,-0.390625,-0.09765625,0.01220703125,-0.1220703125,-0.2197265625,0.20751953125,-1.03759765625,-0.2685546875,0.8544921875,-0.23193359375,-0.5615234375,-0.0244140625,-0.06103515625,0.390625,0.244140625,-0.1708984375,1.06201171875,-0.35400390625,-0.732421875,0.15869140625,-0.1708984375,-0.03662109375,-0.78125,-0.01220703125,0.91552734375,-0.01220703125,0.23193359375,-0.0732421875,-0.390625,-0.13427734375,-0.84228515625,-0.29296875,-0.439453125,-0.2197265625,-0.69580078125,0.15869140625,-0.13427734375,-0.1708984375,-0.6103515625,-0.2685546875,-0.4150390625,0.10986328125,0.62255859375,0,1.23291015625,0.09765625,0.4638671875,-0.3173828125,-0.20751953125,0.0732421875,0.74462890625,0.13427734375,1.025390625,-0.0244140625,0.4638671875,-0.03662109375,0.5859375,-0.23193359375,0.10986328125,-0.37841796875,0.23193359375,-0.0244140625,1.025390625,-0.2197265625,0.2197265625,-0.048828125,0.2197265625,0.09765625,0.25634765625,-0.146484375,0.76904296875,-0.0732421875,0.06103515625,0.06103515625,1.35498046875,0.23193359375,-0.93994140625,0,-0.3173828125,0.03662109375,-0.98876953125,-0.244140625,-0.78125,0.1220703125,-1.513671875,-0.03662109375,-0.2685546875,-0.048828125,-0.30517578125,0.10986328125,-1.20849609375,-0.146484375,2.1728515625,-0.06103515625,2.28271484375,-0.29296875,3.33251953125,0.10986328125,2.72216796875,0.048828125,-0.69580078125,0.20751953125,-1.4404296875,-0.244140625,-1.03759765625,-0.048828125,0.390625,0.01220703125,0.15869140625,-0.0732421875,-0.18310546875,-0.08544921875,-0.15869140625,0.03662109375,-0.15869140625,-0.1708984375,-0.01220703125,-0.10986328125,0.8544921875,-0.0732421875,-0.439453125,-0.0732421875,-0.5126953125
0,-0.18310546875,-0.40283203125,-0.13427734375,-0.30517578125,0.32958984375,-0.390625,-0.09765625,0.01220703125,-0.10986328125,-0.20751953125,0.20751953125,-1.0498046875,-0.25634765625,0.8544921875,-0.2197265625,-0.5615234375,0.0244140625,-0.146484375,0.40283203125,0.18310546875,-0.1953125,0.98876953125,-0.1708984375,-0.732421875,0.146484375,-0.1708984375,-0.09765625,-0.7568359375,-0.01220703125,0.9521484375,-0.15869140625,0.2197265625,-0.13427734375,-0.37841796875,-0.13427734375,-0.84228515625,-0.244140625,-0.439453125,-0.1953125,-0.7080078125,0.15869140625,-0.15869140625,-0.09765625,-0.6103515625,-0.15869140625,-0.42724609375,0.10986328125,0.62255859375,-0.06103515625,1.220703125,0.10986328125,0.47607421875,-0.390625,-0.20751953125,0.06103515625,0.74462890625,0.1708984375,0.9521484375,-0.01220703125,0.4638671875,-0.1220703125,0.57373046875,-0.23193359375,0.09765625,-0.32958984375,0.23193359375,0.048828125,1.01318359375,-0.146484375,0.20751953125,-0.10986328125,0.2197265625,0.1953125,0.2685546875,-0.146484375,0.79345703125,-0.06103515625,0.06103515625,0.06103515625,1.3671875,0.18310546875,-0.93994140625,-0.06103515625,-0.341796875,0.10986328125,-0.98876953125,-0.28076171875,-0.76904296875,0.10986328125,-1.52587890625,0,-0.28076171875,-0.146484375,-0.30517578125,0.146484375,-1.1962890625,-0.08544921875,1.94091796875,-0.10986328125,1.98974609375,-0.09765625,3.0517578125,0.09765625,2.47802734375,0.23193359375,-0.69580078125,0.18310546875,-1.4404296875,-0.23193359375,-1.06201171875,-0.08544921875,0.37841796875,0.01220703125,0.15869140625,-0.06103515625,-0.18310546875,-0.06103515625,-0.1708984375,0.06103515625,-0.15869140625,-0.18310546875,-0.01220703125,-0.10986328125,0.8544921875,-0.09765625,-0.4150390625,-0.048828125,-0.50048828125
0,-0.1953125,-0.40283203125,-0.15869140625,-0.29296875,0.341796875,-0.37841796875,-0.10986328125,0,-0.1220703125,-0.23193359375,0.20751953125,-1.0498046875,-0.25634765625,0.8544921875,-0.1953125,-0.5615234375,0.06103515625,-0.18310546875,0.45166015625,0.10986328125,-0.25634765625,0.9521484375,0.0732421875,-0.68359375,0.09765625,-0.1708984375,-0.10986328125,-0.78125,-0.08544921875,0.9765625,-0.2685546875,0.244140625,-0.2685546875,-0.390625,-0.1708984375,-0.84228515625,-0.1953125,-0.45166015625,-0.146484375,-0.72021484375,0.13427734375,-0.18310546875,-0.03662109375,-0.6103515625,-0.06103515625,-0.4150390625,0.10986328125,0.62255859375,-0.13427734375,1.1962890625,0.13427734375,0.47607421875,-0.37841796875,-0.18310546875,0,0.7568359375,0.23193359375,0.87890625,-0.03662109375,0.45166015625,-0.13427734375,0.57373046875,-0.2685546875,0.10986328125,-0.20751953125,0.2685546875,0.146484375,1.0498046875,-0.09765625,0.18310546875,-0.1220703125,0.20751953125,0.29296875,0.28076171875,-0.146484375,0.79345703125,-0.0732421875,0.06103515625,0.0244140625,1.3671875,0.1220703125,-0.93994140625,-0.09765625,-0.341796875,0.13427734375,-0.9765625,-0.2197265625,-0.78125,0.06103515625,-1.5380859375,0.0732421875,-0.29296875,-0.25634765625,-0.30517578125,0.10986328125,-1.18408203125,-0.08544921875,1.6845703125,-0.20751953125,1.69677734375,-0.09765625,2.734375,0.0732421875,2.23388671875,0.37841796875,-0.72021484375,0.15869140625,-1.46484375,-0.2197265625,-1.06201171875,-0.1220703125,0.390625,-0.0244140625,0.146484375,-0.06103515625,-0.20751953125,-0.0732421875,-0.1708984375,0.06103515625,-0.13427734375,-0.18310546875,0,-0.146484375,0.830078125,-0.1220703125,-0.42724609375,-0.048828125,-0.52490234375
0,-0.23193359375,-0.37841796875,-0.1953125,-0.29296875,0.341796875,-0.40283203125,-0.10986328125,0.03662109375,-0.0732421875,-0.23193359375,0.20751953125,-1.0498046875,-0.2197265625,0.8544921875,-0.1953125,-0.54931640625,0.08544921875,-0.1953125,0.47607421875,0.15869140625,-0.28076171875,0.9521484375,0.15869140625,-0.59814453125,0,-0.1220703125,-0.10986328125,-0.76904296875,-0.2197265625,0.96435546875,-0.3173828125,0.23193359375,-0.45166015625,-0.32958984375,-0.20751953125,-0.84228515625,-0.15869140625,-0.439453125,-0.18310546875,-0.732421875,0.10986328125,-0.1708984375,-0.06103515625,-0.62255859375,0,-0.390625,0.08544921875,0.64697265625,-0.2197265625,1.18408203125,0.1220703125,0.47607421875,-0.37841796875,-0.18310546875,-0.03662109375,0.78125,0.29296875,0.81787109375,-0.0732421875,0.4638671875,-0.1708984375,0.5859375,-0.32958984375,0.10986328125,-0.09765625,0.3173828125,0.18310546875,1.03759765625,-0.06103515625,0.1953125,-0.146484375,0.2197265625,0.32958984375,0.3173828125,-0.146484375,0.8056640625,-0.06103515625,0.03662109375,-0.03662109375,1.40380859375,0.048828125,-0.93994140625,-0.1220703125,-0.341796875,0.1708984375,-0.98876953125,-0.13427734375,-0.76904296875,0,-1.5380859375,0.08544921875,-0.29296875,-0.29296875,-0.28076171875,0.08544921875,-1.18408203125,-0.01220703125,1.42822265625,-0.18310546875,1.35498046875,0.048828125,2.38037109375,0.09765625,1.96533203125,0.439453125,-0.732421875,0.13427734375,-1.46484375,-0.15869140625,-1.06201171875,-0.10986328125,0.42724609375,-0.03662109375,0.146484375,-0.06103515625,-0.1953125,-0.0732421875,-0.1708984375,0.0244140625,-0.13427734375,-0.1953125,0.0244140625,-0.13427734375,0.8544921875,-0.13427734375,-0.439453125,-0.048828125,-0.50048828125
0,-0.23193359375,-0.3662109375,-0.13427734375,-0.30517578125,0.35400390625,-0.42724609375,-0.09765625,0.03662109375,-0.08544921875,-0.2197265625,0.20751953125,-1.025390625,-0.20751953125,0.8544921875,-0.18310546875,-0.54931640625,0.08544921875,-0.146484375,0.5615234375,0.23193359375,-0.13427734375,1.0009765625,0.30517578125,-0.50048828125,-0.09765625,-0.13427734375,-0.1220703125,-0.76904296875,-0.341796875,0.9521484375,-0.23193359375,0.23193359375,-0.5615234375,-0.28076171875,-0.23193359375,-0.8544921875,-0.20751953125,-0.439453125,-0.1708984375,-0.74462890625,0.10986328125,-0.18310546875,-0.0732421875,-0.6103515625,0.01220703125,-0.3662109375,0.08544921875,0.634765625,-0.29296875,1.171875,0.09765625,0.5126953125,-0.4150390625,-0.18310546875,-0.0244140625,0.79345703125,0.3173828125,0.76904296875,-0.0732421875,0.45166015625,-0.15869140625,0.6103515625,-0.28076171875,0.10986328125,0.03662109375,0.37841796875,0.244140625,1.0498046875,-0.01220703125,0.1953125,-0.13427734375,0.244140625,0.341796875,0.32958984375,-0.1220703125,0.81787109375,-0.048828125,0.048828125,-0.08544921875,1.416015625,-0.01220703125,-0.96435546875,-0.10986328125,-0.3662109375,0.1708984375,-0.98876953125,-0.0244140625,-0.78125,-0.0732421875,-1.5625,0.06103515625,-0.28076171875,-0.2685546875,-0.28076171875,0.0244140625,-1.1962890625,-0.048828125,1.13525390625,-0.10986328125,1.03759765625,0.09765625,1.9287109375,0.10986328125,1.6845703125,0.40283203125,-0.732421875,0.09765625,-1.45263671875,-0.09765625,-1.0498046875,-0.09765625,0.439453125,-0.048828125,0.146484375,-0.03662109375,-0.20751953125,-0.06103515625,-0.15869140625,0.01220703125,-0.10986328125,-0.1953125,0.048828125,-0.146484375,0.8544921875,-0.15869140625,-0.45166015625,-0.06103515625,-0.4638671875
0,-0.23193359375,-0.35400390625,-0.13427734375,-0.30517578125,0.341796875,-0.4150390625,-0.08544921875,0.0244140625,-0.0732421875,-0.2197265625,0.1953125,-1.01318359375,-0.1953125,0.84228515625,-0.1708984375,-0.5615234375,0.048828125,-0.03662109375,0.52490234375,0.37841796875,-0.03662109375,1.11083984375,0.4150390625,-0.37841796875,-0.20751953125,-0.15869140625,-0.1220703125,-0.76904296875,-0.48828125,0.93994140625,-0.10986328125,0.244140625,-0.57373046875,-0.25634765625,-0.23193359375,-0.8544921875,-0.2685546875,-0.4150390625,-0.18310546875,-0.72021484375,0.08544921875,-0.1708984375,-0.15869140625,-0.64697265625,0.0244140625,-0.37841796875,0.09765625,0.62255859375,-0.32958984375,1.171875,0.0732421875,0.50048828125,-0.47607421875,-0.1708984375,-0.01220703125,0.76904296875,0.32958984375,0.72021484375,-0.01220703125,0.47607421875,-0.10986328125,0.634765625,-0.244140625,0.10986328125,0.1953125,0.3662109375,0.244140625,1.08642578125,0.01220703125,0.20751953125,-0.1220703125,0.244140625,0.35400390625,0.341796875,-0.09765625,0.84228515625,-0.048828125,0.048828125,-0.13427734375,1.416015625,-0.048828125,-0.9765625,-0.0732421875,-0.341796875,0.15869140625,-0.98876953125,0.08544921875,-0.7568359375,-0.13427734375,-1.5625,0.0244140625,-0.25634765625,-0.18310546875,-0.29296875,-0.0244140625,-1.171875,-0.0732421875,0.84228515625,-0.0244140625,0.732421875,0.20751953125,1.416015625,0.244140625,1.40380859375,0.2685546875,-0.7568359375,0.0732421875,-1.46484375,-0.06103515625,-1.0498046875,-0.0244140625,0.45166015625,-0.0732421875,0.13427734375,-0.03662109375,-0.2197265625,-0.0732421875,-0.1708984375,-0.01220703125,-0.10986328125,-0.1708984375,0.048828125,-0.146484375,0.86669921875,-0.1708984375,-0.4638671875,-0.06103515625,-0.47607421875
0,-0.244140625,-0.35400390625,-0.15869140625,-0.30517578125,0.341796875,-0.40283203125,-0.08544921875,0.01220703125,-0.0732421875,-0.244140625,0.1708984375,-1.01318359375,-0.20751953125,0.8544921875,-0.1708984375,-0.57373046875,0.0244140625,0.10986328125,0.5615234375,0.5615234375,0.08544921875,1.23291015625,0.341796875,-0.2685546875,-0.2685546875,-0.15869140625,-0.13427734375,-0.78125,-0.537109375,0.91552734375,0.03662109375,0.23193359375,-0.50048828125,-0.25634765625,-0.2197265625,-0.86669921875,-0.35400390625,-0.4150390625,-0.244140625,-0.72021484375,0.048828125,-0.18310546875,-0.2197265625,-0.62255859375,0,-0.37841796875,0.10986328125,0.62255859375,-0.28076171875,1.15966796875,0.03662109375,0.48828125,-0.50048828125,-0.146484375,-0.0244140625,0.7568359375,0.32958984375,0.67138671875,-0.01220703125,0.45166015625,0,0.67138671875,-0.1708984375,0.09765625,0.25634765625,0.40283203125,0.244140625,1.0986328125,0.0244140625,0.20751953125,-0.0732421875,0.25634765625,0.3173828125,0.341796875,-0.0732421875,0.830078125,-0.03662109375,0.03662109375,-0.1708984375,1.416015625,-0.08544921875,-0.96435546875,-0.048828125,-0.341796875,0.1708984375,-0.98876953125,0.15869140625,-0.7568359375,-0.13427734375,-1.59912109375,-0.0244140625,-0.25634765625,-0.0732421875,-0.30517578125,-0.03662109375,-1.18408203125,-0.08544921875,0.537109375,0.146484375,0.48828125,0.244140625,0.87890625,0.30517578125,1.11083984375,0.06103515625,-0.72021484375,0.048828125,-1.45263671875,-0.01220703125,-1.03759765625,0.0244140625,0.439453125,-0.10986328125,0.1220703125,-0.048828125,-0.2197265625,-0.06103515625,-0.1708984375,-0.03662109375,-0.1220703125,-0.15869140625,0.0732421875,-0.146484375,0.8544921875,-0.15869140625,-0.4638671875,-0.06103515625,-0.45166015625
0,-0.244140625,-0.3662109375,-0.1220703125,-0.3173828125,0.29296875,-0.40283203125,-0.10986328125,0,-0.08544921875,-0.2685546875,0.15869140625,-1.025390625,-0.1953125,0.86669921875,-0.2197265625,-0.5859375,0.0244140625,0.25634765625,0.52490234375,0.732421875,0.20751953125,1.3427734375,0.390625,-0.18310546875,-0.3173828125,-0.1708984375,-0.1708984375,-0.79345703125,-0.52490234375,0.927734375,0.20751953125,0.244140625,-0.4638671875,-0.23193359375,-0.2197265625,-0.89111328125,-0.42724609375,-0.40283203125,-0.29296875,-0.732421875,-0.03662109375,-0.146484375,-0.30517578125,-0.6591796875,-0.0244140625,-0.3662109375,0.09765625,0.62255859375,-0.23193359375,1.15966796875,-0.01220703125,0.47607421875,-0.537109375,-0.146484375,-0.0244140625,0.74462890625,0.29296875,0.634765625,0,0.47607421875,0.09765625,0.72021484375,-0.048828125,0.09765625,0.29296875,0.40283203125,0.32958984375,1.07421875,0.03662109375,0.20751953125,-0.0244140625,0.244140625,0.30517578125,0.32958984375,-0.06103515625,0.8544921875,-0.08544921875,0.048828125,-0.23193359375,1.3916015625,-0.08544921875,-0.98876953125,0,-0.32958984375,0.18310546875,-0.9765625,0.20751953125,-0.76904296875,-0.1220703125,-1.5625,-0.08544921875,-0.23193359375,0.08544921875,-0.3173828125,-0.06103515625,-1.171875,-0.13427734375,0.30517578125,0.3173828125,0.28076171875,0.25634765625,0.37841796875,0.30517578125,0.91552734375,-0.146484375,-0.7080078125,0.01220703125,-1.45263671875,-0.0244140625,-1.01318359375,0.048828125,0.42724609375,-0.1220703125,0.1220703125,-0.03662109375,-0.1953125,-0.06103515625,-0.1708984375,-0.048828125,-0.1220703125,-0.146484375,0.048828125,-0.146484375,0.8544921875,-0.13427734375,-0.47607421875,-0.08544921875,-0.45166015625
0,-0.244140625,-0.35400390625,-0.13427734375,-0.3173828125,0.28076171875,-0.390625,-0.09765625,-0.01220703125,-0.03662109375,-0.25634765625,0.15869140625,-1.01318359375,-0.18310546875,0.87890625,-0.1953125,-0.57373046875,-0.03662109375,0.3662109375,0.48828125,0.87890625,0.244140625,1.42822265625,0.341796875,-0.1708984375,-0.29296875,-0.146484375,-0.1953125,-0.78125,-0.439453125,0.927734375,0.30517578125,0.244140625,-0.2685546875,-0.20751953125,-0.23193359375,-0.8544921875,-0.5126953125,-0.390625,-0.3662109375,-0.72021484375,-0.1220703125,-0.13427734375,-0.390625,-0.6591796875,-0.048828125,-0.37841796875,0.048828125,0.64697265625,-0.1953125,1.18408203125,-0.06103515625,0.4638671875,-0.57373046875,-0.15869140625,-0.0244140625,0.74462890625,0.1953125,0.62255859375,0.01220703125,0.47607421875,0.18310546875,0.732421875,-0.0244140625,0.09765625,0.32958984375,0.37841796875,0.32958984375,1.08642578125,0.03662109375,0.2197265625,0.01220703125,0.244140625,0.2685546875,0.30517578125,-0.09765625,0.84228515625,-0.08544921875,0.03662109375,-0.23193359375,1.37939453125,-0.01220703125,-0.96435546875,0.03662109375,-0.3173828125,0.20751953125,-0.9521484375,0.1708984375,-0.76904296875,-0.10986328125,-1.5625,-0.08544921875,-0.2197265625,0.1953125,-0.30517578125,-0.06103515625,-1.18408203125,-0.10986328125,0.146484375,0.42724609375,0.18310546875,0.25634765625,0.01220703125,0.29296875,0.78125,-0.3173828125,-0.69580078125,-0.03662109375,-1.46484375,-0.06103515625,-1.01318359375,0.09765625,0.42724609375,-0.18310546875,0.15869140625,-0.03662109375,-0.18310546875,-0.0732421875,-0.15869140625,-0.08544921875,-0.15869140625,-0.15869140625,0.06103515625,-0.10986328125,0.86669921875,-0.10986328125,-0.4638671875,-0.08544921875,-0.439453125
0,-0.23193359375,-0.35400390625,-0.146484375,-0.29296875,0.30517578125,-0.40283203125,-0.08544921875,0.01220703125,-0.03662109375,-0.25634765625,0.146484375,-0.98876953125,-0.1953125,0.87890625,-0.20751953125,-0.57373046875,-0.08544921875,0.40283203125,0.40283203125,0.91552734375,0.244140625,1.45263671875,0.244140625,-0.1953125,-0.25634765625,-0.18310546875,-0.20751953125,-0.8056640625,-0.29296875,0.9033203125,0.30517578125,0.244140625,-0.09765625,-0.2197265625,-0.2197265625,-0.84228515625,-0.5615234375,-0.390625,-0.37841796875,-0.72021484375,-0.20751953125,-0.1220703125,-0.3662109375,-0.6591796875,-0.09765625,-0.390625,0,0.62255859375,-0.146484375,1.1962890625,-0.10986328125,0.4638671875,-0.5859375,-0.146484375,-0.03662109375,0.74462890625,0.10986328125,0.6103515625,0.048828125,0.47607421875,0.32958984375,0.732421875,0.048828125,0.10986328125,0.37841796875,0.341796875,0.341796875,1.0498046875,0.0244140625,0.2197265625,0.06103515625,0.244140625,0.20751953125,0.29296875,-0.13427734375,0.830078125,-0.1220703125,0.03662109375,-0.25634765625,1.3671875,0.06103515625,-0.93994140625,0.03662109375,-0.30517578125,0.18310546875,-0.93994140625,0.10986328125,-0.7568359375,-0.09765625,-1.5380859375,-0.0732421875,-0.2197265625,0.18310546875,-0.29296875,-0.01220703125,-1.18408203125,-0.048828125,0.08544921875,0.4150390625,0.1953125,0.10986328125,-0.13427734375,0.2197265625,0.7568359375,-0.40283203125,-0.7080078125,-0.08544921875,-1.46484375,-0.1220703125,-1.01318359375,0.06103515625,0.40283203125,-0.20751953125,0.146484375,-0.0244140625,-0.18310546875,-0.09765625,-0.10986328125,-0.10986328125,-0.18310546875,-0.1708984375,0,-0.09765625,0.8544921875,-0.08544921875,-0.4150390625,-0.09765625,-0.45166015625
0,-0.23193359375,-0.3662109375,-0.146484375,-0.30517578125,0.3173828125,-0.40283203125,-0.10986328125,0,-0.0732421875,-0.20751953125,0.13427734375,-1.0009765625,-0.18310546875,0.87890625,-0.2197265625,-0.54931640625,-0.1220703125,0.3662109375,0.32958984375,0.87890625,0.20751953125,1.3916015625,0.244140625,-0.2685546875,-0.18310546875,-0.18310546875,-0.20751953125,-0.8056640625,-0.18310546875,0.9033203125,0.23193359375,0.2197265625,0,-0.23193359375,-0.15869140625,-0.8544921875,-0.5859375,-0.42724609375,-0.4150390625,-0.74462890625,-0.2685546875,-0.10986328125,-0.32958984375,-0.64697265625,-0.1220703125,-0.42724609375,-0.06103515625,0.634765625,-0.15869140625,1.220703125,-0.10986328125,0.4638671875,-0.5615234375,-0.13427734375,-0.06103515625,0.74462890625,0.0244140625,0.59814453125,0.06103515625,0.439453125,0.45166015625,0.76904296875,0.09765625,0.10986328125,0.45166015625,0.30517578125,0.29296875,1.0498046875,0.0244140625,0.20751953125,0.08544921875,0.23193359375,0.18310546875,0.2685546875,-0.20751953125,0.84228515625,-0.18310546875,0.01220703125,-0.23193359375,1.3671875,0.13427734375,-0.9521484375,0.06103515625,-0.30517578125,0.15869140625,-0.93994140625,0,-0.7568359375,-0.08544921875,-1.5380859375,-0.03662109375,-0.20751953125,0.1953125,-0.29296875,0.06103515625,-1.18408203125,0.048828125,0.23193359375,0.40283203125,0.35400390625,0.09765625,0.03662109375,0.23193359375,0.9033203125,-0.37841796875,-0.72021484375,-0.15869140625,-1.4404296875,-0.15869140625,-0.98876953125,0.06103515625,0.390625,-0.244140625,0.15869140625,0.01220703125,-0.18310546875,-0.08544921875,-0.08544921875,-0.0732421875,-0.18310546875,-0.1708984375,-0.01220703125,-0.09765625,0.84228515625,-0.0732421875,-0.42724609375,-0.09765625,-0.45166015625
0,-0.244140625,-0.3662109375,-0.146484375,-0.28076171875,0.341796875,-0.40283203125,-0.08544921875,0.03662109375,-0.01220703125,-0.18310546875,0.1220703125,-1.01318359375,-0.1953125,0.87890625,-0.244140625,-0.54931640625,-0.18310546875,0.20751953125,0.244140625,0.69580078125,0.048828125,1.25732421875,0.1953125,-0.40283203125,-0.15869140625,-0.18310546875,-0.15869140625,-0.8056640625,-0.0732421875,0.89111328125,0.15869140625,0.20751953125,0.09765625,-0.23193359375,-0.09765625,-0.84228515625,-0.62255859375,-0.4150390625,-0.42724609375,-0.732421875,-0.25634765625,-0.1220703125,-0.28076171875,-0.62255859375,-0.1708984375,-0.4150390625,-0.10986328125,0.64697265625,-0.13427734375,1.1962890625,-0.10986328125,0.47607421875,-0.52490234375,-0.146484375,-0.13427734375,0.74462890625,-0.03662109375,0.6103515625,0.13427734375,0.4638671875,0.54931640625,0.74462890625,0.13427734375,0.10986328125,0.4638671875,0.28076171875,0.2197265625,1.03759765625,0.0244140625,0.1953125,0.06103515625,0.2197265625,0.10986328125,0.2685546875,-0.2685546875,0.84228515625,-0.2197265625,0,-0.1953125,1.35498046875,0.1708984375,-0.91552734375,0.048828125,-0.29296875,0.1220703125,-0.9521484375,-0.146484375,-0.76904296875,-0.0732421875,-1.52587890625,0.0244140625,-0.1953125,0.08544921875,-0.29296875,0.15869140625,-1.18408203125,0.13427734375,0.5615234375,0.28076171875,0.69580078125,0.06103515625,0.47607421875,0.1953125,1.220703125,-0.29296875,-0.69580078125,-0.23193359375,-1.4404296875,-0.1708984375,-1.01318359375,0.048828125,0.40283203125,-0.28076171875,0.146484375,0.01220703125,-0.15869140625,-0.0732421875,-0.1220703125,-0.0732421875,-0.18310546875,-0.18310546875,-0.0244140625,-0.09765625,0.81787109375,-0.06103515625,-0.42724609375,-0.10986328125,-0.50048828125
1,-0.25634765625,-0.390625,-0.1220703125,-0.28076171875,0.341796875,-0.37841796875,-0.09765625,0.048828125,-0.048828125,-0.18310546875,0.10986328125,-1.0009765625,-0.1708984375,0.8544921875,-0.28076171875,-0.52490234375,-0.23193359375,0.0244140625,0.146484375,0.48828125,-0.10986328125,1.0986328125,0.20751953125,-0.48828125,-0.13427734375,-0.1708984375,-0.08544921875,-0.79345703125,0,0.91552734375,0.146484375,0.2197265625,0.06103515625,-0.244140625,-0.03662109375,-0.830078125,-0.57373046875,-0.4150390625,-0.390625,-0.72021484375,-0.2197265625,-0.10986328125,-0.2197265625,-0.64697265625,-0.20751953125,-0.45166015625,-0.09765625,0.64697265625,-0.1220703125,1.1962890625,-0.13427734375,0.48828125,-0.47607421875,-0.13427734375,-0.1708984375,0.76904296875,-0.06103515625,0.6103515625,0.15869140625,0.42724609375,0.69580078125,0.72021484375,0.23193359375,0.13427734375,0.48828125,0.244140625,0.13427734375,1.025390625,0.0244140625,0.20751953125,0.06103515625,0.1953125,0.01220703125,0.28076171875,-0.28076171875,0.81787109375,-0.244140625,-0.01220703125,-0.1953125,1.3427734375,0.15869140625,-0.9033203125,0.03662109375,-0.30517578125,0.06103515625,-1.0009765625,-0.2685546875,-0.76904296875,-0.048828125,-1.52587890625,0.10986328125,-0.1953125,0,-0.29296875,0.2685546875,-1.15966796875,0.23193359375,1.0498046875,0.1953125,1.18408203125,0.09765625,1.28173828125,0.18310546875,1.6845703125,-0.10986328125,-0.7080078125,-0.244140625,-1.45263671875,-0.146484375,-1.025390625,0.0244140625,0.390625,-0.244140625,0.13427734375,0,-0.18310546875,-0.08544921875,-0.09765625,-0.03662109375,-0.146484375,-0.1953125,-0.01220703125,-0.0732421875,0.81787109375,-0.06103515625,-0.42724609375,-0.1220703125,-0.50048828125
1,-0.2685546875,-0.37841796875,-0.09765625,-0.28076171875,0.32958984375,-0.390625,-0.08544921875,0.0244140625,-0.0732421875,-0.15869140625,0.1220703125,-1.01318359375,-0.1708984375,0.84228515625,-0.32958984375,-0.52490234375,-0.25634765625,-0.2197265625,0.09765625,0.25634765625,-0.23193359375,0.927734375,0.23193359375,-0.52490234375,-0.10986328125,-0.1708984375,0.01220703125,-0.78125,0.0244140625,0.91552734375,0.10986328125,0.20751953125,0.01220703125,-0.2197265625,0.0244140625,-0.830078125,-0.537109375,-0.4150390625,-0.37841796875,-0.72021484375,-0.146484375,-0.1220703125,-0.146484375,-0.634765625,-0.2197265625,-0.45166015625,-0.08544921875,0.634765625,-0.146484375,1.18408203125,-0.10986328125,0.50048828125,-0.4150390625,-0.13427734375,-0.1708984375,0.78125,-0.01220703125,0.59814453125,0.15869140625,0.42724609375,0.72021484375,0.69580078125,0.25634765625,0.15869140625,0.5126953125,0.23193359375,0.0244140625,1.0498046875,0.01220703125,0.1953125,0,0.2197265625,-0.03662109375,0.28076171875,-0.32958984375,0.830078125,-0.1953125,0,-0.1708984375,1.3427734375,0.146484375,-0.89111328125,0.0244140625,-0.3173828125,-0.03662109375,-0.98876953125,-0.341796875,-0.76904296875,-0.048828125,-1.513671875,0.20751953125,-0.20751953125,-0.0732421875,-0.28076171875,0.32958984375,-1.171875,0.29296875,1.69677734375,0.18310546875,1.7578125,0.13427734375,2.392578125,0.0732421875,2.294921875,0.03662109375,-0.74462890625,-0.2197265625,-1.45263671875,-0.15869140625,-1.03759765625,-0.0244140625,0.37841796875,-0.244140625,0.15869140625,0.01220703125,-0.18310546875,-0.06103515625,-0.10986328125,-0.0244140625,-0.146484375,-0.1708984375,-0.01220703125,-0.0732421875,0.81787109375,-0.08544921875,-0.4150390625,-0.1220703125,-0.48828125
1,-0.28076171875,-0.3662109375,-0.10986328125,-0.29296875,0.29296875,-0.42724609375,-0.0732421875,0.01220703125,-0.03662109375,-0.15869140625,0.09765625,-1.025390625,-0.18310546875,0.84228515625,-0.35400390625,-0.537109375,-0.244140625,-0.40283203125,0.10986328125,0.09765625,-0.3662109375,0.79345703125,0.2685546875,-0.48828125,-0.0732421875,-0.15869140625,0.0732421875,-0.76904296875,-0.01220703125,0.927734375,0.08544921875,0.2197265625,-0.06103515625,-0.244140625,0.0732421875,-0.84228515625,-0.5126953125,-0.4150390625,-0.35400390625,-0.69580078125,-0.048828125,-0.13427734375,-0.0732421875,-0.62255859375,-0.29296875,-0.47607421875,-0.0244140625,0.64697265625,-0.15869140625,1.1474609375,-0.1220703125,0.48828125,-0.390625,-0.10986328125,-0.18310546875,0.78125,0.06103515625,0.6103515625,0.09765625,0.42724609375,0.76904296875,0.634765625,0.28076171875,0.15869140625,0.5126953125,0.2197265625,-0.1220703125,1.03759765625,0.0244140625,0.1953125,-0.0244140625,0.2197265625,-0.1220703125,0.29296875,-0.32958984375,0.84228515625,-0.13427734375,-0.01220703125,-0.20751953125,1.3427734375,0.06103515625,-0.89111328125,0,-0.3173828125,-0.13427734375,-1.0009765625,-0.390625,-0.7568359375,-0.08544921875,-1.5380859375,0.30517578125,-0.244140625,-0.1220703125,-0.29296875,0.4150390625,-1.1474609375,0.29296875,2.490234375,0.1953125,2.4658203125,0.20751953125,3.6865234375,-0.048828125,3.01513671875,0.1220703125,-0.76904296875,-0.13427734375,-1.46484375,-0.18310546875,-1.025390625,-0.0732421875,0.40283203125,-0.2685546875,0.146484375,0.03662109375,-0.1953125,-0.0732421875,-0.13427734375,-0.01220703125,-0.146484375,-0.15869140625,-0.01220703125,-0.08544921875,0.84228515625,-0.08544921875,-0.42724609375,-0.10986328125,-0.47607421875
1,-0.28076171875,-0.37841796875,-0.048828125,-0.3173828125,0.29296875,-0.4150390625,-0.06103515625,-0.01220703125,0,-0.1708984375,0.09765625,-1.03759765625,-0.15869140625,0.84228515625,-0.37841796875,-0.52490234375,-0.2685546875,-0.4638671875,0.048828125,0.0732421875,-0.42724609375,0.78125,0.25634765625,-0.23193359375,-0.0732421875,-0.1708984375,0.08544921875,-0.7568359375,-0.0732421875,0.927734375,0.1220703125,0.2197265625,-0.146484375,-0.23193359375,0.048828125,-0.87890625,-0.4150390625,-0.42724609375,-0.25634765625,-0.7080078125,0.0244140625,-0.15869140625,-0.0244140625,-0.62255859375,-0.3173828125,-0.439453125,0.048828125,0.64697265625,-0.1953125,1.13525390625,-0.09765625,0.48828125,-0.341796875,-0.10986328125,-0.1708984375,0.78125,0.18310546875,0.634765625,0.03662109375,0.42724609375,0.72021484375,0.634765625,0.2685546875,0.13427734375,0.50048828125,0.23193359375,-0.244140625,1.06201171875,0.01220703125,0.20751953125,-0.08544921875,0.244140625,-0.1953125,0.3173828125,-0.32958984375,0.79345703125,-0.0732421875,0,-0.244140625,1.35498046875,-0.01220703125,-0.9033203125,0,-0.32958984375,-0.20751953125,-1.01318359375,-0.35400390625,-0.7568359375,-0.1220703125,-1.52587890625,0.341796875,-0.25634765625,-0.09765625,-0.2685546875,0.4150390625,-1.18408203125,0.25634765625,3.2958984375,0.2197265625,3.16162109375,0.18310546875,4.99267578125,-0.1220703125,3.7353515625,0.15869140625,-0.76904296875,-0.0244140625,-1.47705078125,-0.20751953125,-1.025390625,-0.146484375,0.42724609375,-0.23193359375,0.1220703125,0.01220703125,-0.20751953125,-0.08544921875,-0.15869140625,-0.0244140625,-0.146484375,-0.15869140625,0,-0.10986328125,0.81787109375,-0.10986328125,-0.42724609375,-0.1220703125,-0.50048828125
1,-0.28076171875,-0.3662109375,-0.03662109375,-0.30517578125,0.29296875,-0.40283203125,-0.048828125,0,0.01220703125,-0.146484375,0.09765625,-1.025390625,-0.15869140625,0.8544921875,-0.40283203125,-0.52490234375,-0.23193359375,-0.32958984375,0.03662109375,0.2197265625,-0.40283203125,0.89111328125,0.28076171875,0.20751953125,-0.0732421875,-0.1708984375,0.0732421875,-0.7568359375,-0.18310546875,0.927734375,0.1220703125,0.2197265625,-0.20751953125,-0.2197265625,0.01220703125,-0.8544921875,-0.32958984375,-0.439453125,-0.20751953125,-0.72021484375,0.10986328125,-0.1953125,-0.01220703125,-0.64697265625,-0.30517578125,-0.42724609375,0.08544921875,0.6103515625,-0.20751953125,1.13525390625,-0.048828125,0.50048828125,-0.3173828125,-0.10986328125,-0.13427734375,0.78125,0.29296875,0.634765625,0.01220703125,0.439453125,0.6591796875,0.62255859375,0.23193359375,0.13427734375,0.439453125,0.23193359375,-0.35400390625,1.07421875,0,0.20751953125,-0.13427734375,0.2685546875,-0.244140625,0.32958984375,-0.3173828125,0.830078125,0.048828125,0.01220703125,-0.2685546875,1.35498046875,-0.08544921875,-0.927734375,-0.01220703125,-0.341796875,-0.244140625,-1.0009765625,-0.2685546875,-0.7568359375,-0.146484375,-1.52587890625,0.3173828125,-0.25634765625,-0.0732421875,-0.28076171875,0.29296875,-1.18408203125,0.10986328125,4.0771484375,0.244140625,3.86962890625,0.048828125,6.21337890625,-0.1708984375,4.443359375,0.10986328125,-0.76904296875,0.1220703125,-1.47705078125,-0.2197265625,-1.025390625,-0.146484375,0.42724609375,-0.1708984375,0.146484375,0.0244140625,-0.1953125,-0.0732421875,-0.1953125,-0.048828125,-0.10986328125,-0.146484375,-0.01220703125,-0.09765625,0.84228515625,-0.09765625,-0.4638671875,-0.09765625,-0.5126953125
1,-0.28076171875,-0.3662109375,-0.048828125,-0.3173828125,0.30517578125,-0.40283203125,-0.06103515625,-0.01220703125,-0.0244140625,-0.15869140625,0.08544921875,-1.03759765625,-0.146484375,0.84228515625,-0.439453125,-0.5615234375,-0.146484375,-0.01220703125,0.048828125,0.57373046875,-0.25634765625,1.1962890625,0.3662109375,0.89111328125,-0.03662109375,-0.15869140625,0,-0.76904296875,-0.23193359375,0.93994140625,0.15869140625,0.23193359375,-0.23193359375,-0.20751953125,-0.06103515625,-0.8544921875,-0.244140625,-0.45166015625,-0.15869140625,-0.72021484375,0.18310546875,-0.18310546875,-0.03662109375,-0.634765625,-0.3173828125,-0.390625,0.146484375,0.62255859375,-0.23193359375,1.11083984375,-0.01220703125,0.50048828125,-0.3173828125,-0.10986328125,-0.08544921875,0.7568359375,0.3662109375,0.634765625,-0.03662109375,0.439453125,0.634765625,0.6103515625,0.2197265625,0.1220703125,0.37841796875,0.25634765625,-0.42724609375,1.07421875,-0.01220703125,0.23193359375,-0.1953125,0.28076171875,-0.32958984375,0.341796875,-0.28076171875,0.84228515625,0.1220703125,0.03662109375,-0.30517578125,1.3671875,-0.15869140625,-0.927734375,-0.048828125,-0.341796875,-0.23193359375,-1.0009765625,-0.18310546875,-0.732421875,-0.15869140625,-1.5380859375,0.23193359375,-0.28076171875,-0.0244140625,-0.29296875,0.146484375,-1.20849609375,-0.0732421875,4.7119140625,0.244140625,4.4677734375,-0.01220703125,7.2265625,-0.13427734375,5.029296875,0.048828125,-0.76904296875,0.28076171875,-1.46484375,-0.244140625,-1.0498046875,-0.09765625,0.439453125,-0.13427734375,0.15869140625,0.0244140625,-0.18310546875,-0.0732421875,-0.1953125,-0.0732421875,-0.09765625,-0.146484375,0.01220703125,-0.1220703125,0.8544921875,-0.08544921875,-0.4638671875,-0.09765625,-0.47607421875
1,-0.28076171875,-0.35400390625,0,-0.30517578125,0.30517578125,-0.40283203125,-0.048828125,0,0.0244140625,-0.15869140625,0.08544921875,-1.025390625,-0.1220703125,0.86669921875,-0.439453125,-0.537109375,-0.13427734375,0.52490234375,0.06103515625,1.123046875,-0.08544921875,1.66015625,0.2197265625,1.77001953125,-0.01220703125,-0.1708984375,-0.06103515625,-0.7568359375,-0.29296875,0.91552734375,0.10986328125,0.23193359375,-0.244140625,-0.18310546875,-0.15869140625,-0.87890625,-0.1953125,-0.439453125,-0.0732421875,-0.7080078125,0.2685546875,-0.1708984375,-0.08544921875,-0.634765625,-0.244140625,-0.390625,0.15869140625,0.62255859375,-0.3173828125,1.13525390625,0.048828125,0.48828125,-0.30517578125,-0.10986328125,0,0.74462890625,0.42724609375,0.64697265625,-0.048828125,0.439453125,0.54931640625,0.634765625,0.25634765625,0.10986328125,0.35400390625,0.28076171875,-0.47607421875,1.08642578125,-0.0244140625,0.25634765625,-0.20751953125,0.28076171875,-0.3173828125,0.35400390625,-0.244140625,0.8056640625,0.146484375,0.048828125,-0.32958984375,1.35498046875,-0.2197265625,-0.9521484375,-0.06103515625,-0.35400390625,-0.15869140625,-0.96435546875,-0.0732421875,-0.732421875,-0.13427734375,-1.5380859375,0.1220703125,-0.2685546875,0.0244140625,-0.30517578125,-0.01220703125,-1.220703125,-0.244140625,5.18798828125,0.23193359375,4.9072265625,-0.06103515625,7.9345703125,-0.06103515625,5.48095703125,0.0244140625,-0.7568359375,0.3662109375,-1.46484375,-0.244140625,-1.0498046875,-0.06103515625,0.439453125,-0.10986328125,0.1708984375,0.03662109375,-0.18310546875,-0.0732421875,-0.1708984375,-0.06103515625,-0.09765625,-0.13427734375,0.0244140625,-0.10986328125,0.8544921875,-0.09765625,-0.4638671875,-0.09765625,-0.50048828125
1,-0.28076171875,-0.35400390625,0,-0.30517578125,0.28076171875,-0.40283203125,-0.048828125,0.01220703125,0.0244140625,-0.15869140625,0.08544921875,-1.025390625,-0.09765625,0.89111328125,-0.439453125,-0.537109375,-0.0732421875,1.2451171875,0.13427734375,1.85546875,0.08544921875,2.18505859375,0.25634765625,2.79541015625,0.01220703125,-0.15869140625,-0.1708984375,-0.78125,-0.341796875,0.93994140625,0.03662109375,0.2197265625,-0.18310546875,-0.20751953125,-0.23193359375,-0.86669921875,-0.1708984375,-0.45166015625,-0.09765625,-0.72021484375,0.29296875,-0.1708984375,-0.10986328125,-0.64697265625,-0.146484375,-0.390625,0.146484375,0.62255859375,-0.3662109375,1.1474609375,0.09765625,0.45166015625,-0.28076171875,-0.10986328125,0.0732421875,0.732421875,0.439453125,0.64697265625,-0.048828125,0.45166015625,0.52490234375,0.64697265625,0.29296875,0.09765625,0.244140625,0.29296875,-0.52490234375,1.08642578125,-0.08544921875,0.2685546875,-0.2197265625,0.2685546875,-0.3173828125,0.32958984375,-0.20751953125,0.830078125,0.15869140625,0.06103515625,-0.3173828125,1.37939453125,-0.244140625,-0.9521484375,-0.0732421875,-0.341796875,-0.048828125,-0.9521484375,0,-0.74462890625,-0.10986328125,-1.55029296875,0.0244140625,-0.28076171875,0.03662109375,-0.29296875,-0.1953125,-1.2451171875,-0.390625,5.419921875,0.2197265625,5.18798828125,-0.0732421875,8.251953125,0.03662109375,5.70068359375,0.01220703125,-0.74462890625,0.37841796875,-1.46484375,-0.244140625,-1.0498046875,-0.0244140625,0.4150390625,-0.08544921875,0.18310546875,0.0244140625,-0.1708984375,-0.0732421875,-0.13427734375,-0.048828125,-0.10986328125,-0.13427734375,0.06103515625,-0.13427734375,0.84228515625,-0.08544921875,-0.4638671875,-0.09765625,-0.48828125
1,-0.28076171875,-0.3662109375,0.01220703125,-0.29296875,0.2197265625,-0.40283203125,-0.048828125,0,0.06103515625,-0.18310546875,0.0732421875,-1.025390625,-0.09765625,0.87890625,-0.45166015625,-0.54931640625,-0.0732421875,2.08740234375,0.18310546875,2.6611328125,0.2197265625,2.8076171875,0.15869140625,3.90625,0.0244140625,-0.146484375,-0.244140625,-0.76904296875,-0.28076171875,0.927734375,-0.048828125,0.23193359375,-0.20751953125,-0.244140625,-0.3173828125,-0.8544921875,-0.1953125,-0.439453125,-0.0732421875,-0.732421875,0.30517578125,-0.1708984375,-0.13427734375,-0.64697265625,-0.03662109375,-0.3662109375,0.13427734375,0.62255859375,-0.390625,1.171875,0.146484375,0.439453125,-0.23193359375,-0.10986328125,0.15869140625,0.74462890625,0.37841796875,0.67138671875,-0.03662109375,0.4638671875,0.4150390625,0.64697265625,0.32958984375,0.08544921875,0.146484375,0.28076171875,-0.50048828125,1.0498046875,-0.1220703125,0.244140625,-0.20751953125,0.2685546875,-0.3173828125,0.3173828125,-0.146484375,0.830078125,0.1220703125,0.0732421875,-0.2685546875,1.37939453125,-0.23193359375,-0.93994140625,-0.08544921875,-0.32958984375,0.08544921875,-0.93994140625,0.0244140625,-0.7568359375,-0.06103515625,-1.5380859375,-0.06103515625,-0.29296875,0.0244140625,-0.3173828125,-0.23193359375,-1.23291015625,-0.45166015625,5.43212890625,0.15869140625,5.26123046875,-0.0732421875,8.21533203125,0.13427734375,5.72509765625,0.08544921875,-0.7080078125,0.30517578125,-1.45263671875,-0.28076171875,-1.03759765625,0.0244140625,0.4150390625,-0.0732421875,0.20751953125,0.01220703125,-0.146484375,-0.0732421875,-0.10986328125,-0.03662109375,-0.10986328125,-0.146484375,0.048828125,-0.1220703125,0.8544921875,-0.048828125,-0.439453125,-0.10986328125,-0.47607421875
1,-0.28076171875,-0.3662109375,0.03662109375,-0.30517578125,0.20751953125,-0.40283203125,-0.048828125,0.0244140625,0.06103515625,-0.18310546875,0.06103515625,-1.03759765625,-0.09765625,0.87890625,-0.45166015625,-0.54931640625,-0.06103515625,2.96630859375,0.2197265625,3.4912109375,0.2685546875,3.3935546875,0.20751953125,5.0048828125,0.06103515625,-0.15869140625,-0.29296875,-0.79345703125,-0.20751953125,0.927734375,-0.1220703125,0.23193359375,-0.1953125,-0.244140625,-0.37841796875,-0.86669921875,-0.1708984375,-0.42724609375,-0.06103515625,-0.74462890625,0.3173828125,-0.146484375,-0.09765625,-0.634765625,0.0732421875,-0.3662109375,0.08544921875,0.62255859375,-0.439453125,1.20849609375,0.18310546875,0.45166015625,-0.146484375,-0.1220703125,0.2197265625,0.732421875,0.30517578125,0.69580078125,0,0.48828125,0.3173828125,0.68359375,0.3173828125,0.06103515625,0.08544921875,0.2685546875,-0.50048828125,1.06201171875,-0.18310546875,0.244140625,-0.146484375,0.2685546875,-0.30517578125,0.29296875,-0.09765625,0.830078125,0.10986328125,0.08544921875,-0.146484375,1.37939453125,-0.1708984375,-0.9521484375,-0.08544921875,-0.3173828125,0.1953125,-0.93994140625,0.0244140625,-0.7568359375,-0.06103515625,-1.513671875,-0.0732421875,-0.29296875,-0.03662109375,-0.3173828125,-0.18310546875,-1.23291015625,-0.45166015625,5.23681640625,0.06103515625,5.11474609375,-0.06103515625,7.89794921875,0.20751953125,5.5419921875,0.13427734375,-0.7080078125,0.15869140625,-1.46484375,-0.30517578125,-1.03759765625,0.0732421875,0.390625,-0.06103515625,0.2197265625,0,-0.15869140625,-0.0732421875,-0.09765625,-0.048828125,-0.1220703125,-0.146484375,0.06103515625,-0.1220703125,0.86669921875,-0.01220703125,-0.45166015625,-0.146484375,-0.48828125
1,-0.28076171875,-0.3662109375,0.0244140625,-0.29296875,0.20751953125,-0.40283203125,-0.06103515625,0.01220703125,0.048828125,-0.18310546875,0.048828125,-1.025390625,-0.09765625,0.9033203125,-0.45166015625,-0.54931640625,-0.0244140625,3.77197265625,0.244140625,4.23583984375,0.25634765625,3.94287109375,0.3662109375,6.0546875,0.03662109375,-0.18310546875,-0.3173828125,-0.76904296875,-0.13427734375,0.89111328125,-0.1953125,0.23193359375,-0.25634765625,-0.25634765625,-0.341796875,-0.8544921875,-0.2197265625,-0.40283203125,-0.0732421875,-0.732421875,0.20751953125,-0.13427734375,-0.03662109375,-0.6591796875,0.18310546875,-0.3662109375,0.01220703125,0.62255859375,-0.48828125,1.20849609375,0.1953125,0.45166015625,-0.1220703125,-0.09765625,0.29296875,0.74462890625,0.18310546875,0.732421875,0.01220703125,0.47607421875,0.28076171875,0.68359375,0.2685546875,0.10986328125,0.06103515625,0.28076171875,-0.45166015625,1.03759765625,-0.20751953125,0.2197265625,-0.09765625,0.23193359375,-0.32958984375,0.2685546875,-0.03662109375,0.8544921875,0.0732421875,0.08544921875,-0.03662109375,1.3671875,-0.08544921875,-0.9521484375,-0.0732421875,-0.30517578125,0.25634765625,-0.93994140625,-0.03662109375,-0.78125,-0.10986328125,-1.513671875,-0.0732421875,-0.29296875,-0.15869140625,-0.30517578125,-0.048828125,-1.23291015625,-0.37841796875,4.8583984375,-0.08544921875,4.82177734375,-0.048828125,7.33642578125,0.25634765625,5.224609375,0.2197265625,-0.69580078125,0,-1.45263671875,-0.28076171875,-1.0498046875,0.09765625,0.40283203125,-0.08544921875,0.1953125,0.01220703125,-0.15869140625,-0.0732421875,-0.09765625,-0.06103515625,-0.15869140625,-0.13427734375,0.06103515625,-0.13427734375,0.8544921875,0,-0.439453125,-0.146484375,-0.45166015625
1,-0.29296875,-0.37841796875,0.048828125,-0.30517578125,0.20751953125,-0.42724609375,-0.06103515625,0.0244140625,0.06103515625,-0.1953125,0.0244140625,-1.01318359375,-0.09765625,0.9033203125,-0.439453125,-0.54931640625,-0.03662109375,4.45556640625,0.25634765625,4.833984375,0.2197265625,4.39453125,0.50048828125,6.94580078125,-0.01220703125,-0.146484375,-0.28076171875,-0.8056640625,-0.0732421875,0.87890625,-0.1708984375,0.2197265625,-0.30517578125,-0.29296875,-0.28076171875,-0.84228515625,-0.2685546875,-0.40283203125,-0.13427734375,-0.732421875,0.08544921875,-0.13427734375,-0.01220703125,-0.6591796875,0.20751953125,-0.390625,-0.03662109375,0.59814453125,-0.4638671875,1.20849609375,0.1953125,0.4638671875,-0.08544921875,-0.10986328125,0.28076171875,0.74462890625,0.1220703125,0.74462890625,0.01220703125,0.47607421875,0.244140625,0.67138671875,0.18310546875,0.10986328125,0.048828125,0.244140625,-0.4150390625,1.0498046875,-0.20751953125,0.20751953125,-0.06103515625,0.23193359375,-0.341796875,0.2685546875,-0.03662109375,0.84228515625,0.048828125,0.03662109375,0.048828125,1.35498046875,0,-0.93994140625,-0.048828125,-0.30517578125,0.29296875,-0.96435546875,-0.048828125,-0.78125,-0.1708984375,-1.4892578125,-0.048828125,-0.29296875,-0.244140625,-0.30517578125,0.146484375,-1.1962890625,-0.2685546875,4.38232421875,-0.18310546875,4.4189453125,-0.06103515625,6.60400390625,0.2685546875,4.77294921875,0.25634765625,-0.67138671875,-0.146484375,-1.416015625,-0.23193359375,-1.01318359375,0.13427734375,0.390625,-0.09765625,0.1708984375,0.03662109375,-0.1708984375,-0.0732421875,-0.09765625,-0.0732421875,-0.146484375,-0.13427734375,0.048828125,-0.10986328125,0.86669921875,0,-0.42724609375,-0.13427734375,-0.45166015625
1,-0.2685546875,-0.35400390625,0.048828125,-0.30517578125,0.1708984375,-0.4150390625,-0.048828125,0,0.08544921875,-0.1953125,0,-1.0498046875,-0.09765625,0.91552734375,-0.4150390625,-0.5615234375,-0.09765625,4.96826171875,0.23193359375,5.26123046875,0.10986328125,4.6875,0.47607421875,7.65380859375,-0.1220703125,-0.1708984375,-0.2197265625,-0.79345703125,-0.0244140625,0.89111328125,-0.08544921875,0.2197265625,-0.32958984375,-0.32958984375,-0.146484375,-0.830078125,-0.341796875,-0.390625,-0.20751953125,-0.72021484375,-0.0244140625,-0.1220703125,0.01220703125,-0.64697265625,0.1708984375,-0.40283203125,-0.08544921875,0.59814453125,-0.45166015625,1.171875,0.1220703125,0.4638671875,-0.0244140625,-0.09765625,0.244140625,0.76904296875,0.06103515625,0.76904296875,0.048828125,0.45166015625,0.2197265625,0.64697265625,0.13427734375,0.146484375,0,0.2197265625,-0.37841796875,1.0498046875,-0.2197265625,0.2197265625,-0.0244140625,0.2197265625,-0.341796875,0.2685546875,-0.0244140625,0.84228515625,0,0.0244140625,0.10986328125,1.35498046875,0.0732421875,-0.9521484375,0,-0.30517578125,0.25634765625,-0.9765625,-0.06103515625,-0.78125,-0.25634765625,-1.4892578125,-0.0244140625,-0.29296875,-0.2685546875,-0.28076171875,0.32958984375,-1.20849609375,-0.20751953125,3.80859375,-0.2197265625,3.8818359375,-0.048828125,5.79833984375,0.25634765625,4.26025390625,0.2197265625,-0.68359375,-0.2197265625,-1.416015625,-0.18310546875,-1.025390625,0.146484375,0.390625,-0.1220703125,0.15869140625,0.048828125,-0.1953125,-0.06103515625,-0.13427734375,-0.10986328125,-0.1708984375,-0.1220703125,0.06103515625,-0.09765625,0.86669921875,-0.0244140625,-0.42724609375,-0.146484375,-0.45166015625
1,-0.2685546875,-0.3662109375,0.0732421875,-0.30517578125,0.13427734375,-0.40283203125,-0.06103515625,0.01220703125,0.06103515625,-0.1708984375,-0.0244140625,-1.03759765625,-0.09765625,0.9033203125,-0.42724609375,-0.54931640625,-0.13427734375,5.23681640625,0.2197265625,5.4931640625,-0.01220703125,4.8095703125,0.62255859375,8.06884765625,-0.2197265625,-0.18310546875,-0.146484375,-0.78125,0.0244140625,0.89111328125,0.0244140625,0.2197265625,-0.29296875,-0.341796875,-0.0244140625,-0.830078125,-0.390625,-0.390625,-0.28076171875,-0.7080078125,-0.1708984375,-0.10986328125,0.01220703125,-0.62255859375,0.08544921875,-0.4150390625,-0.0732421875,0.62255859375,-0.3662109375,1.171875,0.06103515625,0.47607421875,-0.03662109375,-0.09765625,0.244140625,0.76904296875,0.03662109375,0.79345703125,0.01220703125,0.439453125,0.18310546875,0.62255859375,0.146484375,0.1708984375,-0.09765625,0.244140625,-0.3173828125,1.0498046875,-0.23193359375,0.2197265625,-0.01220703125,0.244140625,-0.3662109375,0.28076171875,-0.01220703125,0.87890625,-0.0244140625,0.01220703125,0.15869140625,1.3671875,0.1220703125,-0.9521484375,0.06103515625,-0.32958984375,0.15869140625,-1.0009765625,-0.03662109375,-0.78125,-0.29296875,-1.4892578125,0.03662109375,-0.2685546875,-0.1953125,-0.28076171875,0.40283203125,-1.18408203125,-0.15869140625,3.22265625,-0.18310546875,3.28369140625,0,5.01708984375,0.244140625,3.6865234375,0.1708984375,-0.72021484375,-0.244140625,-1.416015625,-0.15869140625,-1.01318359375,0.146484375,0.4150390625,-0.146484375,0.13427734375,0.048828125,-0.1708984375,-0.0732421875,-0.13427734375,-0.1220703125,-0.15869140625,-0.10986328125,0.03662109375,-0.09765625,0.830078125,-0.048828125,-0.42724609375,-0.10986328125,-0.439453125
0,-0.23193359375,-0.3662109375,0.08544921875,-0.29296875,0.10986328125,-0.40283203125,-0.03662109375,0.0244140625,0.0732421875,-0.18310546875,-0.03662109375,-1.025390625,-0.08544921875,0.87890625,-0.40283203125,-0.54931640625,-0.2197265625,5.3466796875,0.146484375,5.5419921875,-0.1220703125,4.833984375,0.6591796875,8.28857421875,-0.25634765625,-0.1708984375,-0.048828125,-0.78125,0.0732421875,0.89111328125,0.146484375,0.23193359375,-0.25634765625,-0.341796875,0.1220703125,-0.830078125,-0.4638671875,-0.37841796875,-0.2685546875,-0.7080078125,-0.2197265625,-0.10986328125,-0.048828125,-0.62255859375,-0.08544921875,-0.42724609375,-0.06103515625,0.634765625,-0.32958984375,1.15966796875,0.01220703125,0.48828125,-0.03662109375,-0.10986328125,0.244140625,0.79345703125,0.03662109375,0.8056640625,-0.0244140625,0.45166015625,0.1220703125,0.6103515625,0.15869140625,0.1708984375,-0.13427734375,0.244140625,-0.2197265625,1.08642578125,-0.1953125,0.23193359375,-0.01220703125,0.25634765625,-0.32958984375,0.28076171875,0,0.86669921875,-0.0244140625,0.01220703125,0.18310546875,1.3671875,0.13427734375,-0.9521484375,0.10986328125,-0.35400390625,0,-1.0009765625,0,-0.76904296875,-0.3173828125,-1.50146484375,0.09765625,-0.244140625,-0.0732421875,-0.2685546875,0.40283203125,-1.171875,-0.08544921875,2.63671875,-0.09765625,2.63671875,0.01220703125,4.248046875,0.1953125,3.11279296875,0.03662109375,-0.732421875,-0.2197265625,-1.4404296875,-0.15869140625,-1.0009765625,0.10986328125,0.45166015625,-0.15869140625,0.1220703125,0.048828125,-0.1953125,-0.048828125,-0.15869140625,-0.146484375,-0.146484375,-0.1220703125,0.01220703125,-0.09765625,0.84228515625,-0.06103515625,-0.439453125,-0.09765625,-0.4638671875
0,-0.20751953125,-0.3662109375,0.09765625,-0.2685546875,0.0732421875,-0.37841796875,-0.0244140625,0.03662109375,0.09765625,-0.18310546875,-0.03662109375,-1.03759765625,-0.09765625,0.87890625,-0.4150390625,-0.52490234375,-0.2685546875,5.28564453125,0.06103515625,5.4443359375,-0.18310546875,4.74853515625,0.6591796875,8.23974609375,-0.2685546875,-0.18310546875,0,-0.76904296875,0.09765625,0.89111328125,0.23193359375,0.20751953125,-0.13427734375,-0.35400390625,0.25634765625,-0.8544921875,-0.48828125,-0.40283203125,-0.25634765625,-0.7080078125,-0.20751953125,-0.1220703125,-0.0732421875,-0.6103515625,-0.20751953125,-0.45166015625,-0.01220703125,0.62255859375,-0.3173828125,1.15966796875,0,0.48828125,-0.0244140625,-0.13427734375,0.23193359375,0.78125,0,0.79345703125,-0.03662109375,0.45166015625,0.08544921875,0.59814453125,0.1953125,0.1708984375,-0.1220703125,0.2685546875,-0.15869140625,1.07421875,-0.1708984375,0.2197265625,-0.03662109375,0.25634765625,-0.23193359375,0.30517578125,0,0.87890625,-0.06103515625,-0.01220703125,0.2197265625,1.37939453125,0.146484375,-0.9521484375,0.15869140625,-0.35400390625,-0.1220703125,-1.03759765625,0.048828125,-0.7568359375,-0.3173828125,-1.52587890625,0.146484375,-0.23193359375,0.09765625,-0.25634765625,0.30517578125,-1.15966796875,-0.06103515625,2.06298828125,0.06103515625,2.001953125,0.03662109375,3.47900390625,0.0732421875,2.55126953125,-0.09765625,-0.72021484375,-0.13427734375,-1.45263671875,-0.15869140625,-1.01318359375,0.06103515625,0.47607421875,-0.1708984375,0.10986328125,0.03662109375,-0.20751953125,-0.0732421875,-0.18310546875,-0.13427734375,-0.1220703125,-0.13427734375,-0.01220703125,-0.08544921875,0.8544921875,-0.048828125,-0.439453125,-0.08544921875,-0.4638671875
0,-0.2197265625,-0.37841796875,0.0732421875,-0.28076171875,0.0244140625,-0.3662109375,-0.01220703125,0.03662109375,0.0732421875,-0.15869140625,-0.048828125,-1.01318359375,-0.10986328125,0.86669921875,-0.37841796875,-0.5126953125,-0.29296875,5.06591796875,-0.01220703125,5.23681640625,-0.13427734375,4.5654296875,0.537109375,8.02001953125,-0.244140625,-0.2197265625,0.03662109375,-0.78125,0.03662109375,0.9033203125,0.29296875,0.23193359375,-0.06103515625,-0.37841796875,0.30517578125,-0.8544921875,-0.48828125,-0.40283203125,-0.244140625,-0.72021484375,-0.13427734375,-0.146484375,-0.146484375,-0.62255859375,-0.341796875,-0.45166015625,0.0244140625,0.62255859375,-0.2685546875,1.1474609375,-0.03662109375,0.47607421875,-0.06103515625,-0.15869140625,0.244140625,0.7568359375,0.048828125,0.7568359375,-0.03662109375,0.45166015625,0.048828125,0.54931640625,0.20751953125,0.1220703125,-0.09765625,0.30517578125,-0.06103515625,1.07421875,-0.15869140625,0.23193359375,-0.06103515625,0.25634765625,-0.23193359375,0.32958984375,-0.01220703125,0.87890625,-0.06103515625,-0.01220703125,0.1953125,1.37939453125,0.146484375,-0.93994140625,0.1953125,-0.35400390625,-0.1953125,-1.025390625,0.0732421875,-0.7568359375,-0.30517578125,-1.5380859375,0.15869140625,-0.23193359375,0.244140625,-0.2685546875,0.20751953125,-1.15966796875,-0.01220703125,1.46484375,0.20751953125,1.37939453125,-0.01220703125,2.685546875,-0.03662109375,1.9775390625,-0.18310546875,-0.74462890625,-0.0244140625,-1.45263671875,-0.1953125,-1.01318359375,0.0244140625,0.50048828125,-0.18310546875,0.1220703125,0.03662109375,-0.1953125,-0.0732421875,-0.1953125,-0.1220703125,-0.13427734375,-0.10986328125,-0.0244140625,-0.10986328125,0.84228515625,-0.03662109375,-0.439453125,-0.09765625,-0.45166015625
0,-0.20751953125,-0.3662109375,0.09765625,-0.25634765625,0.03662109375,-0.37841796875,-0.0244140625,0.03662109375,0.0732421875,-0.18310546875,-0.048828125,-1.025390625,-0.10986328125,0.87890625,-0.3662109375,-0.50048828125,-0.30517578125,4.79736328125,-0.13427734375,4.96826171875,-0.0732421875,4.38232421875,0.1708984375,7.62939453125,-0.1708984375,-0.23193359375,0.03662109375,-0.78125,0.06103515625,0.89111328125,0.32958984375,0.2197265625,0.0244140625,-0.35400390625,0.30517578125,-0.8544921875,-0.4638671875,-0.40283203125,-0.20751953125,-0.7080078125,0.01220703125,-0.15869140625,-0.15869140625,-0.62255859375,-0.45166015625,-0.42724609375,0.048828125,0.6103515625,-0.28076171875,1.171875,-0.06103515625,0.439453125,-0.06103515625,-0.1953125,0.2197265625,0.7568359375,0.09765625,0.72021484375,-0.0244140625,0.439453125,0.0244140625,0.537109375,0.1953125,0.10986328125,-0.0244140625,0.32958984375,0.048828125,1.07421875,-0.0732421875,0.23193359375,-0.09765625,0.244140625,-0.18310546875,0.32958984375,-0.0244140625,0.89111328125,-0.048828125,-0.0244140625,0.1708984375,1.3916015625,0.1220703125,-0.93994140625,0.1953125,-0.35400390625,-0.23193359375,-1.0009765625,0.048828125,-0.74462890625,-0.2197265625,-1.5380859375,0.1220703125,-0.2197265625,0.35400390625,-0.28076171875,0.10986328125,-1.15966796875,0.0244140625,0.86669921875,0.29296875,0.7568359375,-0.08544921875,1.86767578125,-0.09765625,1.3916015625,-0.25634765625,-0.7568359375,0.08544921875,-1.45263671875,-0.244140625,-1.0009765625,-0.0244140625,0.47607421875,-0.18310546875,0.15869140625,0.03662109375,-0.18310546875,-0.0732421875,-0.1953125,-0.10986328125,-0.09765625,-0.13427734375,-0.0244140625,-0.09765625,0.8544921875,-0.0244140625,-0.4638671875,-0.09765625,-0.4638671875
0,-0.1953125,-0.35400390625,0.09765625,-0.2685546875,0.0244140625,-0.37841796875,0,0.0244140625,0.0732421875,-0.1953125,-0.0732421875,-1.01318359375,-0.09765625,0.87890625,-0.341796875,-0.52490234375,-0.30517578125,4.4921875,-0.2197265625,4.67529296875,-0.0732421875,4.16259765625,-0.146484375,7.177734375,-0.0732421875,-0.244140625,-0.01220703125,-0.78125,0.08544921875,0.9033203125,0.30517578125,0.20751953125,0.146484375,-0.341796875,0.28076171875,-0.87890625,-0.4150390625,-0.45166015625,-0.15869140625,-0.74462890625,0.146484375,-0.18310546875,-0.15869140625,-0.6103515625,-0.50048828125,-0.4150390625,0.08544921875,0.59814453125,-0.29296875,1.1962890625,-0.06103515625,0.45166015625,-0.08544921875,-0.2197265625,0.2197265625,0.72021484375,0.13427734375,0.69580078125,-0.01220703125,0.439453125,-0.0732421875,0.537109375,0.15869140625,0.08544921875,0.06103515625,0.32958984375,0.13427734375,1.07421875,-0.048828125,0.23193359375,-0.10986328125,0.244140625,-0.146484375,0.341796875,-0.048828125,0.9033203125,-0.06103515625,-0.01220703125,0.13427734375,1.37939453125,0.09765625,-0.91552734375,0.146484375,-0.35400390625,-0.2197265625,-0.9765625,-0.0244140625,-0.72021484375,-0.15869140625,-1.5380859375,0.06103515625,-0.23193359375,0.37841796875,-0.28076171875,0.03662109375,-1.18408203125,0.03662109375,0.244140625,0.341796875,0.1708984375,-0.146484375,0.98876953125,-0.13427734375,0.79345703125,-0.2197265625,-0.732421875,0.146484375,-1.46484375,-0.2685546875,-1.0009765625,-0.03662109375,0.47607421875,-0.18310546875,0.1708984375,0.06103515625,-0.1953125,-0.06103515625,-0.20751953125,-0.1220703125,-0.10986328125,-0.146484375,-0.01220703125,-0.09765625,0.86669921875,-0.01220703125,-0.4638671875,-0.1220703125,-0.4638671875
0,-0.2197265625,-0.3662109375,0.10986328125,-0.28076171875,-0.01220703125,-0.3662109375,0.0244140625,0.01220703125,0.06103515625,-0.20751953125,-0.08544921875,-1.0009765625,-0.10986328125,0.89111328125,-0.32958984375,-0.52490234375,-0.29296875,4.19921875,-0.28076171875,4.39453125,-0.06103515625,3.9794921875,-0.37841796875,6.65283203125,0.03662109375,-0.2197265625,-0.06103515625,-0.79345703125,0.10986328125,0.89111328125,0.2197265625,0.23193359375,0.20751953125,-0.3173828125,0.20751953125,-0.87890625,-0.3662109375,-0.47607421875,-0.15869140625,-0.732421875,0.244140625,-0.1708984375,-0.13427734375,-0.634765625,-0.4638671875,-0.3662109375,0.09765625,0.5859375,-0.3173828125,1.1962890625,-0.0732421875,0.45166015625,-0.1708984375,-0.20751953125,0.1708984375,0.732421875,0.1953125,0.67138671875,-0.01220703125,0.439453125,-0.06103515625,0.537109375,0.09765625,0.0732421875,0.18310546875,0.341796875,0.2197265625,1.06201171875,0,0.23193359375,-0.1220703125,0.23193359375,-0.15869140625,0.3173828125,-0.03662109375,0.91552734375,-0.08544921875,-0.01220703125,0.0732421875,1.3916015625,0.0732421875,-0.93994140625,0.0732421875,-0.35400390625,-0.13427734375,-0.9521484375,-0.09765625,-0.732421875,-0.03662109375,-1.52587890625,0.01220703125,-0.23193359375,0.35400390625,-0.28076171875,0.03662109375,-1.18408203125,0.048828125,-0.37841796875,0.30517578125,-0.40283203125,-0.18310546875,0.08544921875,-0.146484375,0.23193359375,-0.13427734375,-0.7080078125,0.18310546875,-1.47705078125,-0.28076171875,-1.01318359375,-0.03662109375,0.4638671875,-0.18310546875,0.1708984375,0.06103515625,-0.18310546875,-0.06103515625,-0.1953125,-0.10986328125,-0.09765625,-0.146484375,-0.01220703125,-0.09765625,0.87890625,-0.01220703125,-0.45166015625,-0.1220703125,-0.48828125
0,-0.244140625,-0.341796875,0.09765625,-0.29296875,-0.09765625,-0.390625,0.01220703125,0,0.09765625,-0.20751953125,-0.0732421875,-0.98876953125,-0.1220703125,0.87890625,-0.30517578125,-0.54931640625,-0.28076171875,3.91845703125,-0.29296875,4.1259765625,-0.10986328125,3.759765625,-0.45166015625,6.1279296875,0.1220703125,-0.20751953125,-0.09765625,-0.8056640625,0.1953125,0.9033203125,0.09765625,0.2197265625,0.25634765625,-0.29296875,0.146484375,-0.89111328125,-0.30517578125,-0.47607421875,-0.08544921875,-0.732421875,0.25634765625,-0.18310546875,-0.0244140625,-0.59814453125,-0.390625,-0.341796875,0.0732421875,0.57373046875,-0.40283203125,1.20849609375,-0.09765625,0.45166015625,-0.20751953125,-0.1953125,0.1220703125,0.732421875,0.20751953125,0.67138671875,0.01220703125,0.45166015625,-0.09765625,0.54931640625,0.08544921875,0.06103515625,0.30517578125,0.341796875,0.28076171875,1.07421875,0.03662109375,0.1953125,-0.08544921875,0.2197265625,-0.06103515625,0.30517578125,-0.0244140625,0.9033203125,-0.09765625,0.01220703125,0.03662109375,1.3916015625,0.048828125,-0.93994140625,0.01220703125,-0.341796875,-0.048828125,-0.91552734375,-0.20751953125,-0.74462890625,0.048828125,-1.52587890625,0,-0.244140625,0.244140625,-0.28076171875,0.0244140625,-1.18408203125,0.06103515625,-0.98876953125,0.1953125,-0.9521484375,-0.13427734375,-0.8056640625,-0.1708984375,-0.30517578125,0,-0.72021484375,0.18310546875,-1.46484375,-0.2685546875,-1.025390625,-0.048828125,0.439453125,-0.20751953125,0.1953125,0.06103515625,-0.18310546875,-0.06103515625,-0.18310546875,-0.0732421875,-0.1220703125,-0.146484375,0.01220703125,-0.09765625,0.86669921875,0.01220703125,-0.4638671875,-0.146484375,-0.47607421875
0,-0.23193359375,-0.3662109375,0.09765625,-0.30517578125,-0.1220703125,-0.390625,0.048828125,0,0.09765625,-0.2197265625,-0.08544921875,-1.0009765625,-0.09765625,0.87890625,-0.29296875,-0.537109375,-0.30517578125,3.64990234375,-0.32958984375,3.8818359375,-0.18310546875,3.57666015625,-0.4150390625,5.65185546875,0.13427734375,-0.2197265625,-0.1220703125,-0.81787109375,0.1953125,0.87890625,0,0.1953125,0.244140625,-0.29296875,0.06103515625,-0.8544921875,-0.18310546875,-0.47607421875,-0.048828125,-0.732421875,0.25634765625,-0.1953125,0.0244140625,-0.634765625,-0.2685546875,-0.341796875,0.06103515625,0.59814453125,-0.47607421875,1.1962890625,-0.08544921875,0.4638671875,-0.28076171875,-0.15869140625,0.06103515625,0.72021484375,0.23193359375,0.64697265625,0.0244140625,0.4638671875,-0.09765625,0.537109375,0.146484375,0.06103515625,0.390625,0.32958984375,0.32958984375,1.06201171875,0.0244140625,0.18310546875,-0.03662109375,0.2197265625,-0.0244140625,0.28076171875,-0.01220703125,0.89111328125,-0.09765625,0,0.0244140625,1.3671875,0.01220703125,-0.927734375,-0.0732421875,-0.3662109375,0.01220703125,-0.91552734375,-0.23193359375,-0.7568359375,0.0732421875,-1.513671875,0,-0.244140625,0.13427734375,-0.30517578125,0.06103515625,-1.171875,0.048828125,-1.55029296875,0.0732421875,-1.42822265625,-0.10986328125,-1.55029296875,-0.2197265625,-0.76904296875,0.18310546875,-0.7080078125,0.1953125,-1.45263671875,-0.25634765625,-1.025390625,-0.06103515625,0.37841796875,-0.2197265625,0.20751953125,0.06103515625,-0.1708984375,-0.06103515625,-0.18310546875,-0.0732421875,-0.10986328125,-0.146484375,0.0244140625,-0.09765625,0.86669921875,0.0244140625,-0.439453125,-0.146484375,-0.47607421875
0,-0.2197265625,-0.3662109375,0.10986328125,-0.29296875,-0.146484375,-0.37841796875,0.048828125,0.0244140625,0.1220703125,-0.20751953125,-0.10986328125,-1.01318359375,-0.08544921875,0.87890625,-0.28076171875,-0.52490234375,-0.30517578125,3.4423828125,-0.29296875,3.662109375,-0.23193359375,3.40576171875,-0.08544921875,5.2490234375,0.1220703125,-0.20751953125,-0.146484375,-0.830078125,0.18310546875,0.86669921875,-0.1708984375,0.20751953125,0.1220703125,-0.28076171875,-0.06103515625,-0.84228515625,-0.08544921875,-0.439453125,-0.0244140625,-0.732421875,0.25634765625,-0.1953125,0.09765625,-0.62255859375,-0.15869140625,-0.35400390625,0.0244140625,0.59814453125,-0.48828125,1.18408203125,-0.048828125,0.47607421875,-0.35400390625,-0.15869140625,0.08544921875,0.72021484375,0.1953125,0.67138671875,0.06103515625,0.4638671875,-0.0732421875,0.5615234375,0.2197265625,0.0732421875,0.45166015625,0.3173828125,0.40283203125,1.03759765625,0.03662109375,0.15869140625,0.03662109375,0.1953125,0,0.28076171875,-0.01220703125,0.86669921875,-0.09765625,0.0244140625,0.0244140625,1.37939453125,0.0244140625,-0.93994140625,-0.13427734375,-0.35400390625,0.06103515625,-0.93994140625,-0.2197265625,-0.76904296875,0.03662109375,-1.513671875,0.03662109375,-0.2685546875,-0.048828125,-0.29296875,0.0732421875,-1.18408203125,0.048828125,-1.94091796875,-0.048828125,-1.7822265625,-0.06103515625,-2.1240234375,-0.20751953125,-1.13525390625,0.341796875,-0.69580078125,0.15869140625,-1.45263671875,-0.20751953125,-1.0009765625,-0.0732421875,0.37841796875,-0.2197265625,0.18310546875,0.048828125,-0.15869140625,-0.0732421875,-0.18310546875,-0.0732421875,-0.10986328125,-0.15869140625,0.03662109375,-0.1220703125,0.8544921875,0.0244140625,-0.439453125,-0.146484375,-0.4638671875
0,-0.244140625,-0.35400390625,0.08544921875,-0.2685546875,-0.18310546875,-0.390625,0.06103515625,0.01220703125,0.1220703125,-0.20751953125,-0.1220703125,-1.01318359375,-0.08544921875,0.89111328125,-0.25634765625,-0.52490234375,-0.30517578125,3.271484375,-0.2685546875,3.45458984375,-0.29296875,3.2958984375,0.08544921875,4.931640625,0.03662109375,-0.1708984375,-0.10986328125,-0.830078125,0.09765625,0.86669921875,-0.2685546875,0.2197265625,0,-0.3173828125,-0.13427734375,-0.81787109375,-0.0244140625,-0.42724609375,-0.01220703125,-0.72021484375,0.2197265625,-0.1953125,0.146484375,-0.62255859375,-0.0244140625,-0.37841796875,0.01220703125,0.6103515625,-0.50048828125,1.13525390625,0.01220703125,0.5126953125,-0.42724609375,-0.13427734375,0.09765625,0.72021484375,0.146484375,0.68359375,0.10986328125,0.45166015625,-0.08544921875,0.5615234375,0.29296875,0.09765625,0.52490234375,0.32958984375,0.40283203125,1.03759765625,0.048828125,0.15869140625,0.06103515625,0.20751953125,0.048828125,0.2685546875,0,0.8544921875,-0.09765625,0,0.01220703125,1.3671875,0.01220703125,-0.93994140625,-0.15869140625,-0.32958984375,0.09765625,-0.93994140625,-0.146484375,-0.78125,-0.01220703125,-1.513671875,0.048828125,-0.28076171875,-0.15869140625,-0.30517578125,0.03662109375,-1.171875,0.0244140625,-2.197265625,-0.20751953125,-1.98974609375,-0.03662109375,-2.5146484375,-0.25634765625,-1.33056640625,0.4150390625,-0.6591796875,0.15869140625,-1.4404296875,-0.1708984375,-1.0009765625,-0.06103515625,0.40283203125,-0.244140625,0.18310546875,0.0732421875,-0.15869140625,-0.0732421875,-0.18310546875,-0.06103515625,-0.10986328125,-0.13427734375,0.03662109375,-0.10986328125,0.8544921875,-0.01220703125,-0.45166015625,-0.1220703125,-0.4638671875
0,-0.25634765625,-0.3662109375,0.08544921875,-0.30517578125,-0.20751953125,-0.40283203125,0.06103515625,0,0.15869140625,-0.2197265625,-0.146484375,-1.01318359375,-0.06103515625,0.89111328125,-0.23193359375,-0.537109375,-0.3173828125,3.13720703125,-0.2197265625,3.30810546875,-0.3173828125,3.18603515625,0.23193359375,4.7119140625,-0.08544921875,-0.1708984375,-0.10986328125,-0.830078125,-0.06103515625,0.89111328125,-0.35400390625,0.23193359375,-0.146484375,-0.3173828125,-0.1953125,-0.79345703125,0.0244140625,-0.439453125,-0.048828125,-0.72021484375,0.20751953125,-0.1953125,0.1220703125,-0.62255859375,0.06103515625,-0.40283203125,0.048828125,0.59814453125,-0.47607421875,1.123046875,0.06103515625,0.52490234375,-0.5126953125,-0.08544921875,0.10986328125,0.7568359375,0.10986328125,0.72021484375,0.10986328125,0.45166015625,-0.03662109375,0.54931640625,0.390625,0.1220703125,0.5615234375,0.30517578125,0.390625,1.025390625,0.03662109375,0.15869140625,0.10986328125,0.2197265625,0.03662109375,0.28076171875,-0.01220703125,0.86669921875,-0.10986328125,0.01220703125,-0.01220703125,1.37939453125,0.01220703125,-0.9521484375,-0.1708984375,-0.32958984375,0.10986328125,-0.9765625,-0.048828125,-0.78125,-0.08544921875,-1.52587890625,0.03662109375,-0.29296875,-0.1953125,-0.30517578125,0.01220703125,-1.18408203125,-0.01220703125,-2.28271484375,-0.23193359375,-2.03857421875,-0.0244140625,-2.6123046875,-0.2197265625,-1.37939453125,0.4150390625,-0.68359375,0.1708984375,-1.47705078125,-0.1220703125,-1.01318359375,-0.03662109375,0.40283203125,-0.20751953125,0.15869140625,0.0732421875,-0.1708984375,-0.06103515625,-0.20751953125,-0.0732421875,-0.146484375,-0.13427734375,0.06103515625,-0.10986328125,0.84228515625,-0.01220703125,-0.47607421875,-0.10986328125,-0.4638671875
0,-0.244140625,-0.3662109375,0.09765625,-0.29296875,-0.2197265625,-0.40283203125,0.06103515625,0,0.13427734375,-0.2197265625,-0.146484375,-1.025390625,-0.03662109375,0.87890625,-0.23193359375,-0.5615234375,-0.3173828125,2.99072265625,-0.146484375,3.1494140625,-0.244140625,3.1005859375,0.3173828125,4.52880859375,-0.23193359375,-0.1708984375,-0.10986328125,-0.81787109375,-0.18310546875,0.89111328125,-0.32958984375,0.20751953125,-0.244140625,-0.341796875,-0.23193359375,-0.8056640625,0,-0.42724609375,-0.0732421875,-0.732421875,0.15869140625,-0.1708984375,0.10986328125,-0.6103515625,0.10986328125,-0.40283203125,0.06103515625,0.59814453125,-0.45166015625,1.123046875,0.08544921875,0.52490234375,-0.5615234375,-0.10986328125,0.09765625,0.78125,0.03662109375,0.72021484375,0.10986328125,0.439453125,-0.03662109375,0.54931640625,0.439453125,0.13427734375,0.62255859375,0.32958984375,0.3662109375,1.0498046875,0.03662109375,0.15869140625,0.1220703125,0.244140625,0.048828125,0.29296875,-0.01220703125,0.8544921875,-0.13427734375,0,0,1.3671875,0,-0.9521484375,-0.15869140625,-0.32958984375,0.0732421875,-1.0009765625,0.0732421875,-0.78125,-0.1953125,-1.47705078125,-0.0244140625,-0.2685546875,-0.15869140625,-0.29296875,-0.048828125,-1.20849609375,-0.06103515625,-2.1728515625,-0.18310546875,-2.01416015625,0.06103515625,-2.38037109375,-0.09765625,-1.26953125,0.2685546875,-0.72021484375,0.146484375,-1.46484375,-0.06103515625,-1.025390625,-0.01220703125,0.40283203125,-0.1953125,0.146484375,0.08544921875,-0.1708984375,-0.0732421875,-0.20751953125,-0.048828125,-0.10986328125,-0.10986328125,0.06103515625,-0.1220703125,0.8056640625,-0.048828125,-0.45166015625,-0.1220703125,-0.47607421875
0,-0.25634765625,-0.3662109375,0.09765625,-0.28076171875,-0.25634765625,-0.390625,0.06103515625,-0.0244140625,0.1708984375,-0.20751953125,-0.18310546875,-1.01318359375,-0.03662109375,0.87890625,-0.20751953125,-0.537109375,-0.341796875,2.880859375,-0.09765625,3.01513671875,-0.13427734375,3.0517578125,0.341796875,4.38232421875,-0.3662109375,-0.1708984375,-0.13427734375,-0.8056640625,-0.28076171875,0.9033203125,-0.1953125,0.2197265625,-0.20751953125,-0.341796875,-0.25634765625,-0.8056640625,0.01220703125,-0.42724609375,-0.08544921875,-0.72021484375,0.13427734375,-0.146484375,0.03662109375,-0.6103515625,0.1220703125,-0.4150390625,0.1220703125,0.634765625,-0.42724609375,1.123046875,0.13427734375,0.52490234375,-0.5859375,-0.146484375,0.08544921875,0.76904296875,-0.048828125,0.72021484375,0.06103515625,0.439453125,0.048828125,0.52490234375,0.52490234375,0.10986328125,0.634765625,0.32958984375,0.2685546875,1.07421875,0.0244140625,0.18310546875,0.13427734375,0.25634765625,0.0244140625,0.30517578125,-0.03662109375,0.87890625,-0.10986328125,0.01220703125,0,1.3671875,-0.0244140625,-0.96435546875,-0.10986328125,-0.30517578125,0.0732421875,-1.0009765625,0.146484375,-0.78125,-0.20751953125,-1.47705078125,-0.0732421875,-0.2685546875,-0.0244140625,-0.3173828125,-0.10986328125,-1.220703125,-0.13427734375,-1.9287109375,-0.10986328125,-1.7822265625,0.09765625,-1.96533203125,-0.03662109375,-1.025390625,0.08544921875,-0.732421875,0.13427734375,-1.47705078125,-0.03662109375,-1.01318359375,0,0.42724609375,-0.20751953125,0.15869140625,0.08544921875,-0.18310546875,-0.0732421875,-0.1953125,-0.06103515625,-0.10986328125,-0.08544921875,0.0244140625,-0.13427734375,0.78125,-0.03662109375,-0.4638671875,-0.13427734375,-0.48828125
0,-0.25634765625,-0.3662109375,0.09765625,-0.29296875,-0.28076171875,-0.390625,0.06103515625,-0.0244140625,0.146484375,-0.20751953125,-0.18310546875,-1.025390625,-0.01220703125,0.86669921875,-0.2197265625,-0.5615234375,-0.390625,2.7099609375,-0.08544921875,2.89306640625,-0.0244140625,2.96630859375,0.28076171875,4.21142578125,-0.439453125,-0.1708984375,-0.1708984375,-0.79345703125,-0.35400390625,0.9033203125,-0.10986328125,0.2197265625,-0.146484375,-0.35400390625,-0.29296875,-0.81787109375,-0.03662109375,-0.40283203125,-0.146484375,-0.72021484375,0.1220703125,-0.146484375,-0.0244140625,-0.62255859375,0.10986328125,-0.439453125,0.13427734375,0.634765625,-0.40283203125,1.1474609375,0.1953125,0.5126953125,-0.59814453125,-0.1953125,0.03662109375,0.7568359375,-0.146484375,0.7080078125,0,0.42724609375,0.0732421875,0.537109375,0.6103515625,0.13427734375,0.64697265625,0.30517578125,0.146484375,1.0498046875,0.0244140625,0.1953125,0.15869140625,0.244140625,-0.0732421875,0.341796875,-0.01220703125,0.9033203125,-0.10986328125,-0.01220703125,0.01220703125,1.37939453125,0,-0.9521484375,-0.06103515625,-0.3173828125,0.0732421875,-0.98876953125,0.20751953125,-0.7568359375,-0.2197265625,-1.46484375,-0.13427734375,-0.2685546875,0.13427734375,-0.3173828125,-0.1220703125,-1.23291015625,-0.20751953125,-1.55029296875,0.01220703125,-1.47705078125,0.13427734375,-1.40380859375,0.01220703125,-0.7080078125,-0.1220703125,-0.7568359375,0.0732421875,-1.47705078125,0,-1.0009765625,0.048828125,0.439453125,-0.20751953125,0.146484375,0.06103515625,-0.18310546875,-0.0732421875,-0.1953125,-0.09765625,-0.10986328125,-0.08544921875,0,-0.10986328125,0.76904296875,-0.01220703125,-0.4638671875,-0.15869140625,-0.5126953125
1,-0.2685546875,-0.35400390625,0.10986328125,-0.28076171875,-0.30517578125,-0.390625,0.03662109375,-0.03662109375,0.10986328125,-0.2197265625,-0.18310546875,-1.025390625,0.01220703125,0.86669921875,-0.20751953125,-0.57373046875,-0.3662109375,2.52685546875,-0.1220703125,2.72216796875,0.09765625,2.86865234375,0.18310546875,3.955078125,-0.5126953125,-0.18310546875,-0.2197265625,-0.78125,-0.341796875,0.91552734375,0.01220703125,0.20751953125,-0.06103515625,-0.32958984375,-0.3173828125,-0.84228515625,-0.10986328125,-0.42724609375,-0.1220703125,-0.72021484375,0.03662109375,-0.13427734375,-0.08544921875,-0.6103515625,0.08544921875,-0.40283203125,0.10986328125,0.634765625,-0.40283203125,1.1474609375,0.23193359375,0.48828125,-0.5859375,-0.20751953125,0.0244140625,0.74462890625,-0.244140625,0.7080078125,-0.03662109375,0.4150390625,0.13427734375,0.537109375,0.5859375,0.09765625,0.67138671875,0.29296875,0.0244140625,1.06201171875,0,0.2197265625,0.13427734375,0.25634765625,-0.1220703125,0.35400390625,0,0.91552734375,-0.09765625,0.01220703125,0.0244140625,1.3671875,0.0732421875,-0.93994140625,0,-0.3173828125,0.08544921875,-0.9765625,0.18310546875,-0.74462890625,-0.23193359375,-1.45263671875,-0.1708984375,-0.2685546875,0.29296875,-0.32958984375,-0.15869140625,-1.23291015625,-0.2685546875,-1.15966796875,0.09765625,-1.1474609375,0.10986328125,-0.84228515625,0.01220703125,-0.37841796875,-0.2685546875,-0.7568359375,0.01220703125,-1.4892578125,-0.048828125,-1.0009765625,0.048828125,0.4638671875,-0.2197265625,0.1708984375,0.048828125,-0.1953125,-0.0732421875,-0.2197265625,-0.08544921875,-0.13427734375,-0.06103515625,-0.0244140625,-0.08544921875,0.74462890625,0.03662109375,-0.45166015625,-0.15869140625,-0.5126953125
1,-0.25634765625,-0.32958984375,0.10986328125,-0.28076171875,-0.32958984375,-0.40283203125,0.01220703125,-0.03662109375,0.09765625,-0.2197265625,-0.18310546875,-1.01318359375,0.01220703125,0.87890625,-0.20751953125,-0.57373046875,-0.3662109375,2.3193359375,-0.1953125,2.5390625,0.18310546875,2.7099609375,0.06103515625,3.57666015625,-0.50048828125,-0.18310546875,-0.29296875,-0.7568359375,-0.2685546875,0.89111328125,0.06103515625,0.1953125,0.06103515625,-0.3173828125,-0.35400390625,-0.8544921875,-0.18310546875,-0.45166015625,-0.15869140625,-0.72021484375,-0.0244140625,-0.146484375,-0.15869140625,-0.6103515625,0.0732421875,-0.3662109375,0.1220703125,0.634765625,-0.40283203125,1.171875,0.1953125,0.439453125,-0.52490234375,-0.20751953125,0,0.732421875,-0.29296875,0.69580078125,-0.03662109375,0.439453125,0.23193359375,0.50048828125,0.62255859375,0.08544921875,0.64697265625,0.29296875,-0.1220703125,1.08642578125,0.01220703125,0.2197265625,0.10986328125,0.244140625,-0.2197265625,0.341796875,-0.0244140625,0.927734375,-0.03662109375,0.01220703125,0.0244140625,1.35498046875,0.10986328125,-0.91552734375,0.048828125,-0.3173828125,0.10986328125,-0.9765625,0.1220703125,-0.76904296875,-0.18310546875,-1.45263671875,-0.1708984375,-0.23193359375,0.40283203125,-0.32958984375,-0.1220703125,-1.2451171875,-0.244140625,-0.830078125,0.1220703125,-0.81787109375,0.08544921875,-0.40283203125,0.01220703125,-0.0732421875,-0.32958984375,-0.76904296875,-0.048828125,-1.50146484375,-0.06103515625,-1.0009765625,0.0244140625,0.48828125,-0.23193359375,0.15869140625,0.0732421875,-0.20751953125,-0.06103515625,-0.244140625,-0.09765625,-0.1220703125,-0.03662109375,-0.01220703125,-0.08544921875,0.7568359375,0.048828125,-0.4638671875,-0.1708984375,-0.48828125
1,-0.2197265625,-0.341796875,0.13427734375,-0.28076171875,-0.30517578125,-0.37841796875,0.01220703125,0,0.08544921875,-0.2197265625,-0.1953125,-1.01318359375,0.0244140625,0.89111328125,-0.2197265625,-0.5615234375,-0.32958984375,2.0263671875,-0.28076171875,2.28271484375,0.1953125,2.52685546875,0.09765625,3.0517578125,-0.4150390625,-0.20751953125,-0.341796875,-0.76904296875,-0.146484375,0.89111328125,0.09765625,0.20751953125,0.1953125,-0.3173828125,-0.35400390625,-0.87890625,-0.244140625,-0.4638671875,-0.13427734375,-0.732421875,-0.08544921875,-0.146484375,-0.13427734375,-0.5859375,0.01220703125,-0.3662109375,0.10986328125,0.62255859375,-0.390625,1.1962890625,0.13427734375,0.45166015625,-0.48828125,-0.20751953125,0.03662109375,0.74462890625,-0.29296875,0.68359375,0,0.439453125,0.2197265625,0.52490234375,0.6591796875,0.0732421875,0.59814453125,0.25634765625,-0.2197265625,1.08642578125,0.01220703125,0.23193359375,0.048828125,0.244140625,-0.30517578125,0.32958984375,-0.0244140625,0.9521484375,0.03662109375,0.01220703125,-0.01220703125,1.37939453125,0.1708984375,-0.927734375,0.08544921875,-0.3173828125,0.08544921875,-0.9521484375,0.06103515625,-0.7568359375,-0.18310546875,-1.4404296875,-0.146484375,-0.2197265625,0.42724609375,-0.341796875,-0.0244140625,-1.25732421875,-0.1953125,-0.62255859375,0.13427734375,-0.62255859375,0.01220703125,-0.10986328125,0.03662109375,0.1220703125,-0.29296875,-0.732421875,-0.1220703125,-1.4892578125,-0.10986328125,-1.01318359375,0,0.48828125,-0.25634765625,0.1708984375,0.08544921875,-0.1953125,-0.06103515625,-0.244140625,-0.10986328125,-0.10986328125,-0.048828125,-0.0244140625,-0.08544921875,0.76904296875,0.06103515625,-0.4638671875,-0.1953125,-0.5126953125
1,-0.2197265625,-0.341796875,0.1708984375,-0.28076171875,-0.32958984375,-0.3662109375,0.01220703125,0.01220703125,0.09765625,-0.2197265625,-0.23193359375,-1.0009765625,0,0.9033203125,-0.244140625,-0.54931640625,-0.29296875,1.6845703125,-0.390625,1.96533203125,0.15869140625,2.24609375,0.01220703125,2.392578125,-0.3173828125,-0.18310546875,-0.35400390625,-0.76904296875,0,0.86669921875,0.048828125,0.2197265625,0.30517578125,-0.30517578125,-0.30517578125,-0.87890625,-0.28076171875,-0.4638671875,-0.1708984375,-0.72021484375,-0.1708984375,-0.15869140625,-0.08544921875,-0.59814453125,-0.0244140625,-0.35400390625,0.10986328125,0.6103515625,-0.37841796875,1.1962890625,0.06103515625,0.45166015625,-0.45166015625,-0.18310546875,0.03662109375,0.732421875,-0.28076171875,0.6591796875,-0.0244140625,0.45166015625,0.32958984375,0.52490234375,0.57373046875,0.048828125,0.5126953125,0.23193359375,-0.32958984375,1.07421875,0.01220703125,0.20751953125,-0.01220703125,0.244140625,-0.37841796875,0.3173828125,-0.0732421875,0.93994140625,0.10986328125,0.01220703125,-0.048828125,1.33056640625,0.1953125,-0.927734375,0.0732421875,-0.30517578125,0.06103515625,-0.93994140625,-0.08544921875,-0.74462890625,-0.13427734375,-1.4404296875,-0.08544921875,-0.20751953125,0.40283203125,-0.32958984375,0.06103515625,-1.23291015625,-0.10986328125,-0.537109375,0.048828125,-0.537109375,-0.03662109375,-0.08544921875,0.08544921875,0.1953125,-0.15869140625,-0.7080078125,-0.1708984375,-1.46484375,-0.13427734375,-1.0009765625,-0.0244140625,0.4638671875,-0.2685546875,0.18310546875,0.09765625,-0.1953125,-0.08544921875,-0.2685546875,-0.10986328125,-0.1220703125,-0.048828125,-0.0244140625,-0.06103515625,0.78125,0.0732421875,-0.47607421875,-0.1953125,-0.50048828125
1,-0.1953125,-0.341796875,0.15869140625,-0.29296875,-0.341796875,-0.37841796875,0,0.0244140625,0.10986328125,-0.2197265625,-0.23193359375,-0.98876953125,-0.01220703125,0.9033203125,-0.23193359375,-0.537109375,-0.244140625,1.28173828125,-0.439453125,1.62353515625,0.03662109375,1.96533203125,0.0732421875,1.611328125,-0.20751953125,-0.18310546875,-0.32958984375,-0.78125,0.146484375,0.8544921875,-0.0244140625,0.1953125,0.390625,-0.3173828125,-0.2197265625,-0.87890625,-0.3173828125,-0.45166015625,-0.15869140625,-0.732421875,-0.18310546875,-0.1708984375,-0.048828125,-0.62255859375,-0.10986328125,-0.341796875,0.0732421875,0.6103515625,-0.341796875,1.1962890625,0,0.45166015625,-0.390625,-0.146484375,0.08544921875,0.7568359375,-0.244140625,0.68359375,0.01220703125,0.45166015625,0.4150390625,0.537109375,0.52490234375,0.06103515625,0.4150390625,0.20751953125,-0.3662109375,1.07421875,0.01220703125,0.1953125,-0.06103515625,0.23193359375,-0.45166015625,0.3173828125,-0.08544921875,0.91552734375,0.1708984375,0.01220703125,-0.10986328125,1.33056640625,0.1953125,-0.93994140625,0.06103515625,-0.29296875,0.0244140625,-0.927734375,-0.23193359375,-0.72021484375,-0.10986328125,-1.46484375,0.01220703125,-0.1953125,0.3173828125,-0.32958984375,0.1953125,-1.20849609375,0.01220703125,-0.62255859375,0.01220703125,-0.5615234375,0.0244140625,-0.28076171875,0.048828125,0.13427734375,-0.01220703125,-0.68359375,-0.18310546875,-1.4404296875,-0.10986328125,-1.01318359375,-0.06103515625,0.439453125,-0.2685546875,0.1953125,0.1220703125,-0.20751953125,-0.06103515625,-0.2685546875,-0.10986328125,-0.1220703125,-0.03662109375,-0.0244140625,-0.048828125,0.78125,0.0732421875,-0.50048828125,-0.1953125,-0.47607421875
1,-0.1953125,-0.341796875,0.18310546875,-0.3173828125,-0.37841796875,-0.37841796875,0.01220703125,0.0244140625,0.13427734375,-0.244140625,-0.2197265625,-1.0009765625,0.01220703125,0.87890625,-0.244140625,-0.537109375,-0.2197265625,0.86669921875,-0.50048828125,1.25732421875,-0.13427734375,1.6357421875,0.03662109375,0.8056640625,-0.146484375,-0.1708984375,-0.2685546875,-0.78125,0.2685546875,0.86669921875,-0.048828125,0.20751953125,0.32958984375,-0.3173828125,-0.15869140625,-0.89111328125,-0.29296875,-0.4638671875,-0.10986328125,-0.732421875,-0.1708984375,-0.1953125,0.01220703125,-0.634765625,-0.1708984375,-0.3173828125,0.0244140625,0.6103515625,-0.3173828125,1.1962890625,-0.06103515625,0.4638671875,-0.32958984375,-0.10986328125,0.06103515625,0.76904296875,-0.23193359375,0.72021484375,-0.01220703125,0.4638671875,0.390625,0.54931640625,0.52490234375,0.0732421875,0.35400390625,0.18310546875,-0.4638671875,1.06201171875,0,0.20751953125,-0.09765625,0.2197265625,-0.48828125,0.29296875,-0.0732421875,0.9033203125,0.23193359375,0,-0.1220703125,1.33056640625,0.15869140625,-0.927734375,0.0244140625,-0.29296875,-0.06103515625,-0.927734375,-0.3173828125,-0.74462890625,-0.06103515625,-1.46484375,0.09765625,-0.1953125,0.25634765625,-0.3173828125,0.30517578125,-1.1962890625,0.0732421875,-0.81787109375,0,-0.7568359375,-0.0244140625,-0.6103515625,-0.01220703125,-0.03662109375,0.1220703125,-0.69580078125,-0.18310546875,-1.46484375,-0.146484375,-1.0498046875,-0.1220703125,0.42724609375,-0.29296875,0.15869140625,0.13427734375,-0.20751953125,-0.0732421875,-0.25634765625,-0.10986328125,-0.1220703125,-0.0244140625,-0.0244140625,-0.03662109375,0.79345703125,0.08544921875,-0.50048828125,-0.2197265625,-0.47607421875
1,-0.18310546875,-0.3662109375,0.18310546875,-0.3173828125,-0.40283203125,-0.390625,0.03662109375,0.03662109375,0.13427734375,-0.2197265625,-0.2197265625,-1.01318359375,0.01220703125,0.89111328125,-0.2685546875,-0.52490234375,-0.20751953125,0.42724609375,-0.5615234375,0.86669921875,-0.30517578125,1.33056640625,0.03662109375,0.06103515625,-0.1220703125,-0.20751953125,-0.18310546875,-0.76904296875,0.3173828125,0.8544921875,-0.10986328125,0.20751953125,0.25634765625,-0.30517578125,-0.08544921875,-0.8544921875,-0.23193359375,-0.439453125,-0.06103515625,-0.7080078125,-0.08544921875,-0.1953125,0.048828125,-0.64697265625,-0.23193359375,-0.32958984375,0.0244140625,0.5859375,-0.29296875,1.171875,-0.08544921875,0.48828125,-0.244140625,-0.09765625,0.10986328125,0.76904296875,-0.23193359375,0.74462890625,0.01220703125,0.47607421875,0.42724609375,0.57373046875,0.5126953125,0.09765625,0.244140625,0.20751953125,-0.50048828125,1.01318359375,-0.0244140625,0.20751953125,-0.1220703125,0.1953125,-0.47607421875,0.29296875,-0.09765625,0.87890625,0.244140625,0,-0.10986328125,1.318359375,0.09765625,-0.9521484375,-0.01220703125,-0.28076171875,-0.1708984375,-0.96435546875,-0.40283203125,-0.732421875,-0.0732421875,-1.47705078125,0.1953125,-0.1953125,0.1953125,-0.3173828125,0.390625,-1.171875,0.13427734375,-1.07421875,0.048828125,-0.93994140625,0.0244140625,-1.0009765625,-0.0244140625,-0.244140625,0.2197265625,-0.67138671875,-0.1220703125,-1.46484375,-0.146484375,-1.03759765625,-0.1708984375,0.42724609375,-0.29296875,0.15869140625,0.13427734375,-0.2197265625,-0.06103515625,-0.25634765625,-0.10986328125,-0.13427734375,-0.03662109375,0,-0.03662109375,0.78125,0.06103515625,-0.5126953125,-0.2197265625,-0.50048828125
1,-0.146484375,-0.3662109375,0.1953125,-0.30517578125,-0.390625,-0.390625,0.048828125,0.01220703125,0.1220703125,-0.2197265625,-0.2197265625,-1.025390625,0.0244140625,0.87890625,-0.2685546875,-0.537109375,-0.146484375,0.08544921875,-0.59814453125,0.54931640625,-0.45166015625,1.0498046875,0.06103515625,-0.537109375,-0.0732421875,-0.20751953125,-0.09765625,-0.8056640625,0.2685546875,0.84228515625,-0.09765625,0.20751953125,0.1708984375,-0.30517578125,-0.0732421875,-0.8544921875,-0.146484375,-0.42724609375,0,-0.72021484375,0,-0.1953125,0.10986328125,-0.6591796875,-0.29296875,-0.35400390625,0.03662109375,0.5859375,-0.28076171875,1.13525390625,-0.0732421875,0.50048828125,-0.15869140625,-0.08544921875,0.15869140625,0.78125,-0.20751953125,0.76904296875,0.0244140625,0.47607421875,0.40283203125,0.5859375,0.5615234375,0.10986328125,0.1708984375,0.18310546875,-0.52490234375,1.01318359375,-0.048828125,0.20751953125,-0.15869140625,0.1708984375,-0.48828125,0.2685546875,-0.09765625,0.830078125,0.29296875,0,-0.09765625,1.30615234375,0.0244140625,-0.9521484375,-0.0732421875,-0.30517578125,-0.244140625,-0.98876953125,-0.3662109375,-0.732421875,-0.08544921875,-1.47705078125,0.2685546875,-0.2197265625,0.13427734375,-0.32958984375,0.42724609375,-1.1474609375,0.048828125,-1.2939453125,0.0244140625,-1.123046875,-0.01220703125,-1.42822265625,-0.18310546875,-0.439453125,0.2197265625,-0.6591796875,-0.01220703125,-1.45263671875,-0.1708984375,-1.01318359375,-0.20751953125,0.439453125,-0.29296875,0.146484375,0.13427734375,-0.1953125,-0.0732421875,-0.244140625,-0.08544921875,-0.13427734375,-0.03662109375,0,-0.0244140625,0.78125,0.048828125,-0.5126953125,-0.20751953125,-0.48828125
1,-0.146484375,-0.37841796875,0.1708984375,-0.3173828125,-0.37841796875,-0.40283203125,0.06103515625,0.01220703125,0.1220703125,-0.2197265625,-0.2197265625,-1.025390625,0.0244140625,0.87890625,-0.28076171875,-0.52490234375,-0.18310546875,-0.146484375,-0.634765625,0.3173828125,-0.54931640625,0.86669921875,0.03662109375,-0.87890625,-0.06103515625,-0.1953125,-0.0244140625,-0.8056640625,0.2197265625,0.84228515625,-0.048828125,0.1953125,0.03662109375,-0.341796875,-0.048828125,-0.830078125,-0.048828125,-0.4150390625,0,-0.72021484375,0.0732421875,-0.1953125,0.13427734375,-0.64697265625,-0.32958984375,-0.390625,0.0732421875,0.59814453125,-0.28076171875,1.11083984375,-0.0732421875,0.50048828125,-0.08544921875,-0.09765625,0.2197265625,0.78125,-0.244140625,0.79345703125,0.0244140625,0.45166015625,0.35400390625,0.57373046875,0.5859375,0.10986328125,0.09765625,0.1953125,-0.52490234375,1.01318359375,-0.06103515625,0.2197265625,-0.15869140625,0.1708984375,-0.5126953125,0.29296875,-0.10986328125,0.830078125,0.30517578125,0,-0.03662109375,1.3427734375,-0.06103515625,-0.9521484375,-0.09765625,-0.3173828125,-0.3173828125,-1.01318359375,-0.28076171875,-0.74462890625,-0.10986328125,-1.50146484375,0.28076171875,-0.2197265625,0.15869140625,-0.30517578125,0.37841796875,-1.1474609375,-0.048828125,-1.4892578125,0.048828125,-1.28173828125,-0.06103515625,-1.72119140625,-0.25634765625,-0.62255859375,0.18310546875,-0.6591796875,0.13427734375,-1.45263671875,-0.244140625,-1.025390625,-0.20751953125,0.439453125,-0.3173828125,0.1220703125,0.146484375,-0.20751953125,-0.06103515625,-0.2197265625,-0.10986328125,-0.1220703125,-0.048828125,0.01220703125,-0.048828125,0.78125,0.0244140625,-0.5126953125,-0.18310546875,-0.50048828125
1,-0.15869140625,-0.3662109375,0.1708984375,-0.30517578125,-0.4150390625,-0.390625,0.0732421875,-0.01220703125,0.146484375,-0.23193359375,-0.23193359375,-1.025390625,0.0244140625,0.86669921875,-0.28076171875,-0.50048828125,-0.1220703125,-0.244140625,-0.59814453125,0.23193359375,-0.47607421875,0.84228515625,0.048828125,-0.93994140625,-0.08544921875,-0.1953125,0.01220703125,-0.8056640625,0.10986328125,0.86669921875,-0.03662109375,0.20751953125,-0.0244140625,-0.35400390625,-0.06103515625,-0.830078125,0.0244140625,-0.42724609375,0.048828125,-0.72021484375,0.1953125,-0.15869140625,0.15869140625,-0.64697265625,-0.2685546875,-0.40283203125,0.10986328125,0.59814453125,-0.2685546875,1.11083984375,-0.048828125,0.50048828125,-0.03662109375,-0.13427734375,0.2685546875,0.78125,-0.25634765625,0.79345703125,0.0244140625,0.4638671875,0.3173828125,0.57373046875,0.5859375,0.1220703125,0.03662109375,0.2197265625,-0.50048828125,1.025390625,-0.0732421875,0.244140625,-0.1220703125,0.1953125,-0.52490234375,0.341796875,-0.08544921875,0.8056640625,0.29296875,0.0244140625,-0.01220703125,1.35498046875,-0.1220703125,-0.9521484375,-0.13427734375,-0.3173828125,-0.341796875,-1.025390625,-0.1708984375,-0.7568359375,-0.1220703125,-1.513671875,0.1953125,-0.23193359375,0.18310546875,-0.30517578125,0.20751953125,-1.13525390625,-0.15869140625,-1.55029296875,0.1220703125,-1.3671875,-0.01220703125,-1.79443359375,-0.1708984375,-0.67138671875,0.10986328125,-0.69580078125,0.23193359375,-1.47705078125,-0.25634765625,-1.025390625,-0.13427734375,0.439453125,-0.2685546875,0.13427734375,0.15869140625,-0.1953125,-0.06103515625,-0.20751953125,-0.13427734375,-0.1220703125,-0.048828125,0,-0.06103515625,0.76904296875,0.01220703125,-0.50048828125,-0.15869140625,-0.50048828125
1,-0.146484375,-0.40283203125,0.146484375,-0.28076171875,-0.4150390625,-0.42724609375,0.08544921875,0.0244140625,0.146484375,-0.23193359375,-0.2197265625,-1.025390625,0.03662109375,0.86669921875,-0.2685546875,-0.48828125,-0.15869140625,-0.146484375,-0.5615234375,0.35400390625,-0.390625,0.93994140625,0.048828125,-0.6591796875,-0.08544921875,-0.18310546875,0.01220703125,-0.79345703125,0.01220703125,0.89111328125,-0.0244140625,0.20751953125,-0.06103515625,-0.3662109375,-0.1220703125,-0.81787109375,0.10986328125,-0.4150390625,0.09765625,-0.7080078125,0.2685546875,-0.146484375,0.08544921875,-0.634765625,-0.244140625,-0.4150390625,0.146484375,0.62255859375,-0.2685546875,1.0986328125,-0.01220703125,0.50048828125,0.01220703125,-0.146484375,0.30517578125,0.76904296875,-0.28076171875,0.76904296875,0,0.47607421875,0.29296875,0.57373046875,0.59814453125,0.10986328125,0,0.25634765625,-0.47607421875,1.03759765625,-0.09765625,0.244140625,-0.09765625,0.1953125,-0.5126953125,0.3662109375,-0.0732421875,0.830078125,0.29296875,0.0244140625,0.048828125,1.33056640625,-0.15869140625,-0.93994140625,-0.15869140625,-0.32958984375,-0.3173828125,-1.03759765625,-0.06103515625,-0.7568359375,-0.10986328125,-1.4892578125,0.0732421875,-0.23193359375,0.23193359375,-0.30517578125,0.03662109375,-1.171875,-0.32958984375,-1.46484375,0.0732421875,-1.33056640625,-0.048828125,-1.64794921875,-0.1953125,-0.6103515625,0.03662109375,-0.72021484375,0.30517578125,-1.47705078125,-0.23193359375,-1.01318359375,-0.09765625,0.45166015625,-0.25634765625,0.1220703125,0.15869140625,-0.18310546875,-0.06103515625,-0.1953125,-0.146484375,-0.1220703125,-0.06103515625,-0.01220703125,-0.06103515625,0.76904296875,0.01220703125,-0.48828125,-0.15869140625,-0.52490234375
1,-0.1708984375,-0.390625,0.15869140625,-0.28076171875,-0.4638671875,-0.42724609375,0.08544921875,0,0.146484375,-0.2197265625,-0.23193359375,-1.025390625,0.01220703125,0.8544921875,-0.28076171875,-0.50048828125,-0.1953125,0.15869140625,-0.50048828125,0.6591796875,-0.23193359375,1.171875,0.09765625,-0.0732421875,-0.08544921875,-0.20751953125,-0.048828125,-0.76904296875,-0.06103515625,0.91552734375,-0.06103515625,0.2197265625,-0.03662109375,-0.3662109375,-0.18310546875,-0.830078125,0.1708984375,-0.4150390625,0.1708984375,-0.7080078125,0.32958984375,-0.10986328125,0.01220703125,-0.64697265625,-0.13427734375,-0.4150390625,0.10986328125,0.59814453125,-0.28076171875,1.13525390625,0.0732421875,0.47607421875,0.03662109375,-0.20751953125,0.35400390625,0.7568359375,-0.341796875,0.732421875,-0.09765625,0.4638671875,0.29296875,0.54931640625,0.537109375,0.09765625,-0.03662109375,0.30517578125,-0.4638671875,1.025390625,-0.09765625,0.244140625,-0.0732421875,0.20751953125,-0.4638671875,0.35400390625,-0.048828125,0.8544921875,0.25634765625,0.03662109375,0.1220703125,1.3427734375,-0.1708984375,-0.93994140625,-0.1953125,-0.341796875,-0.25634765625,-1.03759765625,0,-0.76904296875,-0.09765625,-1.4892578125,-0.08544921875,-0.244140625,0.28076171875,-0.30517578125,-0.13427734375,-1.171875,-0.37841796875,-1.25732421875,0.0732421875,-1.15966796875,-0.09765625,-1.3671875,-0.15869140625,-0.42724609375,0.03662109375,-0.76904296875,0.30517578125,-1.4892578125,-0.244140625,-1.01318359375,-0.06103515625,0.47607421875,-0.23193359375,0.13427734375,0.13427734375,-0.18310546875,-0.0732421875,-0.1953125,-0.13427734375,-0.10986328125,-0.06103515625,-0.01220703125,-0.0732421875,0.7568359375,0.048828125,-0.52490234375,-0.15869140625,-0.5126953125
1,-0.15869140625,-0.3662109375,0.146484375,-0.2685546875,-0.48828125,-0.439453125,0.0732421875,0,0.146484375,-0.20751953125,-0.23193359375,-1.01318359375,0.0244140625,0.87890625,-0.2685546875,-0.52490234375,-0.146484375,0.634765625,-0.42724609375,1.123046875,-0.08544921875,1.5869140625,0.15869140625,0.81787109375,-0.0732421875,-0.18310546875,-0.13427734375,-0.78125,-0.10986328125,0.9033203125,-0.1220703125,0.20751953125,-0.0244140625,-0.3662109375,-0.29296875,-0.8544921875,0.1953125,-0.42724609375,0.25634765625,-0.68359375,0.390625,-0.13427734375,-0.0244140625,-0.634765625,-0.0244140625,-0.45166015625,0.08544921875,0.5859375,-0.25634765625,1.171875,0.1220703125,0.48828125,0.01220703125,-0.23193359375,0.3173828125,0.74462890625,-0.341796875,0.68359375,-0.13427734375,0.4638671875,0.18310546875,0.52490234375,0.42724609375,0.09765625,-0.10986328125,0.32958984375,-0.35400390625,1.0498046875,-0.10986328125,0.244140625,-0.048828125,0.2197265625,-0.439453125,0.37841796875,-0.0244140625,0.86669921875,0.244140625,0.03662109375,0.1708984375,1.37939453125,-0.13427734375,-0.927734375,-0.2197265625,-0.32958984375,-0.1708984375,-1.01318359375,0.0244140625,-0.78125,-0.048828125,-1.4892578125,-0.18310546875,-0.25634765625,0.28076171875,-0.3173828125,-0.28076171875,-1.1962890625,-0.32958984375,-0.96435546875,0.03662109375,-0.89111328125,-0.01220703125,-0.98876953125,-0.048828125,-0.18310546875,0.06103515625,-0.7568359375,0.20751953125,-1.50146484375,-0.25634765625,-1.0009765625,-0.01220703125,0.47607421875,-0.2197265625,0.13427734375,0.09765625,-0.1708984375,-0.0732421875,-0.20751953125,-0.1708984375,-0.1220703125,-0.0732421875,-0.0244140625,-0.06103515625,0.7568359375,0.0732421875,-0.48828125,-0.15869140625,-0.537109375
1,-0.1220703125,-0.35400390625,0.15869140625,-0.29296875,-0.48828125,-0.439453125,0.06103515625,0,0.15869140625,-0.1953125,-0.2197265625,-0.98876953125,0.0244140625,0.87890625,-0.244140625,-0.537109375,-0.13427734375,1.25732421875,-0.32958984375,1.7333984375,0.13427734375,2.06298828125,0.03662109375,1.904296875,-0.048828125,-0.20751953125,-0.2197265625,-0.78125,-0.146484375,0.9033203125,-0.2197265625,0.1953125,-0.01220703125,-0.4150390625,-0.37841796875,-0.87890625,0.1953125,-0.4638671875,0.28076171875,-0.72021484375,0.390625,-0.13427734375,-0.06103515625,-0.62255859375,0.10986328125,-0.4638671875,0.0732421875,0.59814453125,-0.244140625,1.1962890625,0.13427734375,0.47607421875,0,-0.244140625,0.28076171875,0.7568359375,-0.35400390625,0.64697265625,-0.15869140625,0.47607421875,0.06103515625,0.50048828125,0.35400390625,0.08544921875,-0.146484375,0.35400390625,-0.29296875,1.07421875,-0.0732421875,0.244140625,-0.048828125,0.25634765625,-0.341796875,0.37841796875,0.01220703125,0.9033203125,0.2197265625,0.06103515625,0.2197265625,1.35498046875,-0.10986328125,-0.93994140625,-0.20751953125,-0.341796875,-0.06103515625,-0.98876953125,0,-0.76904296875,-0.048828125,-1.4892578125,-0.25634765625,-0.25634765625,0.20751953125,-0.30517578125,-0.29296875,-1.20849609375,-0.29296875,-0.64697265625,-0.10986328125,-0.6103515625,-0.0244140625,-0.57373046875,-0.1220703125,0.09765625,0.10986328125,-0.76904296875,0.08544921875,-1.50146484375,-0.244140625,-1.01318359375,0.01220703125,0.47607421875,-0.1953125,0.13427734375,0.08544921875,-0.18310546875,-0.0732421875,-0.2197265625,-0.15869140625,-0.13427734375,-0.0732421875,-0.03662109375,-0.0732421875,0.76904296875,0.09765625,-0.48828125,-0.146484375,-0.52490234375
0,-0.13427734375,-0.32958984375,0.146484375,-0.28076171875,-0.48828125,-0.4150390625,0.0732421875,-0.0244140625,0.18310546875,-0.1953125,-0.244140625,-1.01318359375,0.01220703125,0.89111328125,-0.244140625,-0.54931640625,-0.20751953125,2.001953125,-0.25634765625,2.44140625,0.18310546875,2.60009765625,0.048828125,3.11279296875,-0.06103515625,-0.20751953125,-0.29296875,-0.76904296875,-0.146484375,0.9033203125,-0.32958984375,0.18310546875,-0.03662109375,-0.390625,-0.42724609375,-0.89111328125,0.1708984375,-0.4638671875,0.244140625,-0.732421875,0.35400390625,-0.146484375,-0.03662109375,-0.62255859375,0.2197265625,-0.439453125,0.048828125,0.5859375,-0.20751953125,1.20849609375,0.1953125,0.47607421875,-0.06103515625,-0.20751953125,0.28076171875,0.7568359375,-0.390625,0.59814453125,-0.13427734375,0.4638671875,-0.09765625,0.50048828125,0.30517578125,0.06103515625,-0.1708984375,0.35400390625,-0.23193359375,1.0498046875,-0.0732421875,0.2197265625,-0.08544921875,0.25634765625,-0.244140625,0.341796875,0.048828125,0.89111328125,0.1953125,0.03662109375,0.25634765625,1.3671875,-0.03662109375,-0.9521484375,-0.1953125,-0.3173828125,0.0244140625,-0.9765625,-0.03662109375,-0.76904296875,-0.08544921875,-1.513671875,-0.2685546875,-0.2685546875,0.08544921875,-0.32958984375,-0.23193359375,-1.220703125,-0.20751953125,-0.3173828125,-0.2197265625,-0.29296875,-0.03662109375,-0.25634765625,-0.09765625,0.35400390625,0.1708984375,-0.732421875,-0.08544921875,-1.50146484375,-0.23193359375,-1.03759765625,0.048828125,0.47607421875,-0.1953125,0.146484375,0.0732421875,-0.1708984375,-0.0732421875,-0.2197265625,-0.15869140625,-0.13427734375,-0.0732421875,-0.0244140625,-0.08544921875,0.78125,0.08544921875,-0.5126953125,-0.15869140625,-0.52490234375
0,-0.10986328125,-0.30517578125,0.13427734375,-0.29296875,-0.48828125,-0.42724609375,0.08544921875,-0.01220703125,0.1953125,-0.1953125,-0.2685546875,-0.98876953125,0.01220703125,0.9033203125,-0.2197265625,-0.5859375,-0.18310546875,2.77099609375,-0.1953125,3.18603515625,0.2197265625,3.173828125,-0.03662109375,4.3701171875,-0.03662109375,-0.23193359375,-0.3173828125,-0.79345703125,-0.1220703125,0.86669921875,-0.390625,0.20751953125,-0.048828125,-0.37841796875,-0.390625,-0.89111328125,0.1220703125,-0.4638671875,0.25634765625,-0.74462890625,0.2685546875,-0.1708984375,0.03662109375,-0.6103515625,0.29296875,-0.439453125,0.03662109375,0.59814453125,-0.1953125,1.20849609375,0.2685546875,0.50048828125,-0.08544921875,-0.20751953125,0.30517578125,0.74462890625,-0.37841796875,0.5615234375,-0.0732421875,0.48828125,-0.23193359375,0.50048828125,0.29296875,0.09765625,-0.15869140625,0.35400390625,-0.146484375,1.06201171875,0,0.20751953125,-0.13427734375,0.23193359375,-0.1953125,0.3173828125,0.0732421875,0.89111328125,0.1708984375,0.048828125,0.244140625,1.3916015625,0.01220703125,-0.927734375,-0.15869140625,-0.341796875,0.08544921875,-0.96435546875,-0.0732421875,-0.78125,-0.13427734375,-1.513671875,-0.2685546875,-0.28076171875,-0.048828125,-0.30517578125,-0.09765625,-1.2451171875,-0.15869140625,-0.0732421875,-0.2685546875,-0.03662109375,-0.03662109375,-0.048828125,-0.10986328125,0.57373046875,0.20751953125,-0.7080078125,-0.20751953125,-1.47705078125,-0.1953125,-1.025390625,0.048828125,0.4638671875,-0.1953125,0.1708984375,0.08544921875,-0.18310546875,-0.048828125,-0.23193359375,-0.1708984375,-0.146484375,-0.08544921875,-0.0244140625,-0.06103515625,0.78125,0.0732421875,-0.5126953125,-0.1220703125,-0.5126953125
0,-0.13427734375,-0.3173828125,0.13427734375,-0.28076171875,-0.48828125,-0.390625,0.08544921875,-0.01220703125,0.1953125,-0.1708984375,-0.28076171875,-1.0009765625,0,0.9033203125,-0.18310546875,-0.5859375,-0.1708984375,3.52783203125,-0.1220703125,3.91845703125,0.1708984375,3.7109375,-0.06103515625,5.5419921875,-0.06103515625,-0.23193359375,-0.3173828125,-0.79345703125,-0.06103515625,0.8544921875,-0.390625,0.20751953125,-0.06103515625,-0.35400390625,-0.28076171875,-0.89111328125,0.0732421875,-0.4638671875,0.2197265625,-0.7568359375,0.10986328125,-0.1708984375,0.0732421875,-0.6103515625,0.2685546875,-0.4150390625,0.0244140625,0.59814453125,-0.20751953125,1.20849609375,0.35400390625,0.4638671875,-0.09765625,-0.1708984375,0.3173828125,0.7568359375,-0.4150390625,0.57373046875,0,0.47607421875,-0.30517578125,0.50048828125,0.29296875,0.08544921875,-0.08544921875,0.3173828125,-0.06103515625,1.07421875,0.0244140625,0.2197265625,-0.1953125,0.25634765625,-0.146484375,0.28076171875,0.10986328125,0.86669921875,0.13427734375,0.0244140625,0.244140625,1.3671875,0.06103515625,-0.9521484375,-0.09765625,-0.32958984375,0.0732421875,-0.96435546875,-0.06103515625,-0.78125,-0.20751953125,-1.50146484375,-0.23193359375,-0.28076171875,-0.146484375,-0.3173828125,0.08544921875,-1.23291015625,-0.09765625,0.048828125,-0.3662109375,0.10986328125,-0.09765625,0.0244140625,-0.146484375,0.69580078125,0.1708984375,-0.68359375,-0.28076171875,-1.45263671875,-0.10986328125,-1.03759765625,0.03662109375,0.45166015625,-0.23193359375,0.1953125,0.1220703125,-0.2197265625,-0.06103515625,-0.244140625,-0.18310546875,-0.146484375,-0.0732421875,-0.0244140625,-0.06103515625,0.76904296875,0.08544921875,-0.52490234375,-0.1220703125,-0.50048828125
0,-0.10986328125,-0.3173828125,0.146484375,-0.29296875,-0.47607421875,-0.37841796875,0.09765625,0,0.2197265625,-0.1953125,-0.25634765625,-1.01318359375,0.03662109375,0.9033203125,-0.18310546875,-0.57373046875,-0.20751953125,4.248046875,-0.10986328125,4.58984375,0.0244140625,4.18701171875,0,6.62841796875,-0.08544921875,-0.2197265625,-0.28076171875,-0.79345703125,0.0244140625,0.87890625,-0.341796875,0.20751953125,-0.0244140625,-0.35400390625,-0.146484375,-0.87890625,-0.01220703125,-0.47607421875,0.2197265625,-0.74462890625,-0.06103515625,-0.1953125,0.1220703125,-0.62255859375,0.20751953125,-0.390625,0.03662109375,0.59814453125,-0.1953125,1.1962890625,0.40283203125,0.50048828125,-0.0732421875,-0.10986328125,0.341796875,0.76904296875,-0.42724609375,0.59814453125,0.08544921875,0.4638671875,-0.45166015625,0.5126953125,0.28076171875,0.10986328125,-0.03662109375,0.29296875,0.0244140625,1.06201171875,0.0244140625,0.2197265625,-0.244140625,0.244140625,-0.1220703125,0.244140625,0.146484375,0.830078125,0.09765625,0.0244140625,0.244140625,1.37939453125,0.08544921875,-0.9521484375,-0.0244140625,-0.30517578125,-0.01220703125,-0.9521484375,-0.0732421875,-0.78125,-0.28076171875,-1.513671875,-0.20751953125,-0.29296875,-0.15869140625,-0.32958984375,0.2197265625,-1.23291015625,-0.06103515625,0.08544921875,-0.35400390625,0.1708984375,-0.1220703125,-0.06103515625,-0.146484375,0.7568359375,0.1220703125,-0.68359375,-0.3173828125,-1.45263671875,-0.06103515625,-1.03759765625,0.048828125,0.439453125,-0.244140625,0.18310546875,0.13427734375,-0.23193359375,-0.0732421875,-0.23193359375,-0.18310546875,-0.15869140625,-0.06103515625,-0.0244140625,-0.03662109375,0.76904296875,0.08544921875,-0.48828125,-0.09765625,-0.50048828125
0,-0.10986328125,-0.35400390625,0.13427734375,-0.2685546875,-0.4638671875,-0.3662109375,0.09765625,0.01220703125,0.18310546875,-0.1953125,-0.2685546875,-1.01318359375,0.048828125,0.9033203125,-0.146484375,-0.52490234375,-0.1708984375,4.84619140625,-0.09765625,5.1513671875,-0.08544921875,4.5654296875,0.25634765625,7.50732421875,-0.1220703125,-0.2197265625,-0.2197265625,-0.79345703125,0.06103515625,0.87890625,-0.18310546875,0.2197265625,0,-0.32958984375,-0.01220703125,-0.87890625,-0.0732421875,-0.4638671875,0.1953125,-0.74462890625,-0.20751953125,-0.1708984375,0.10986328125,-0.62255859375,0.08544921875,-0.37841796875,0.09765625,0.6103515625,-0.2197265625,1.171875,0.45166015625,0.50048828125,-0.09765625,-0.09765625,0.3662109375,0.78125,-0.50048828125,0.6591796875,0.1708984375,0.45166015625,-0.5615234375,0.5126953125,0.30517578125,0.10986328125,0.08544921875,0.2685546875,0.13427734375,1.06201171875,0.048828125,0.1953125,-0.25634765625,0.23193359375,-0.1708984375,0.244140625,0.18310546875,0.8056640625,0.08544921875,0.01220703125,0.2197265625,1.3671875,0.13427734375,-0.98876953125,0.048828125,-0.29296875,-0.09765625,-0.9765625,-0.06103515625,-0.79345703125,-0.28076171875,-1.513671875,-0.1708984375,-0.29296875,-0.09765625,-0.32958984375,0.30517578125,-1.20849609375,-0.01220703125,0.0732421875,-0.29296875,0.146484375,-0.09765625,-0.20751953125,-0.146484375,0.74462890625,0,-0.67138671875,-0.25634765625,-1.4404296875,-0.048828125,-1.03759765625,0.03662109375,0.4150390625,-0.244140625,0.1708984375,0.13427734375,-0.2197265625,-0.06103515625,-0.18310546875,-0.2197265625,-0.15869140625,-0.06103515625,0,-0.03662109375,0.79345703125,0.09765625,-0.48828125,-0.0732421875,-0.50048828125
0,-0.10986328125,-0.35400390625,0.146484375,-0.2685546875,-0.4638671875,-0.390625,0.08544921875,0.01220703125,0.18310546875,-0.20751953125,-0.2685546875,-1.03759765625,0.048828125,0.9033203125,-0.146484375,-0.5126953125,-0.18310546875,5.2978515625,-0.1220703125,5.56640625,-0.20751953125,4.82177734375,0.28076171875,8.16650390625,-0.146484375,-0.20751953125,-0.1708984375,-0.79345703125,0.09765625,0.8544921875,-0.0732421875,0.1953125,0.0244140625,-0.28076171875,0.0244140625,-0.84228515625,-0.09765625,-0.42724609375,0.244140625,-0.732421875,-0.29296875,-0.20751953125,0.048828125,-0.634765625,-0.0732421875,-0.35400390625,0.09765625,0.64697265625,-0.28076171875,1.15966796875,0.4638671875,0.50048828125,-0.0732421875,-0.0732421875,0.32958984375,0.78125,-0.50048828125,0.74462890625,0.244140625,0.439453125,-0.67138671875,0.52490234375,0.28076171875,0.1220703125,0.1953125,0.25634765625,0.20751953125,1.07421875,0.048828125,0.20751953125,-0.2685546875,0.2197265625,-0.15869140625,0.244140625,0.20751953125,0.8056640625,0.06103515625,0,0.1953125,1.37939453125,0.15869140625,-1.0009765625,0.10986328125,-0.28076171875,-0.244140625,-1.0009765625,-0.01220703125,-0.76904296875,-0.29296875,-1.513671875,-0.09765625,-0.30517578125,0.0244140625,-0.32958984375,0.2685546875,-1.23291015625,0.03662109375,-0.048828125,-0.20751953125,0.10986328125,-0.09765625,-0.4638671875,-0.20751953125,0.68359375,-0.10986328125,-0.67138671875,-0.146484375,-1.416015625,-0.06103515625,-1.025390625,-0.01220703125,0.4150390625,-0.244140625,0.15869140625,0.1220703125,-0.20751953125,-0.06103515625,-0.1708984375,-0.20751953125,-0.146484375,-0.048828125,0.0244140625,-0.03662109375,0.78125,0.0732421875,-0.47607421875,-0.06103515625,-0.48828125
0,-0.08544921875,-0.37841796875,0.1220703125,-0.28076171875,-0.45166015625,-0.40283203125,0.09765625,0.01220703125,0.146484375,-0.2197265625,-0.25634765625,-1.03759765625,0.03662109375,0.9033203125,-0.13427734375,-0.5126953125,-0.1953125,5.5419921875,-0.18310546875,5.77392578125,-0.2685546875,4.94384765625,0.244140625,8.5693359375,-0.15869140625,-0.20751953125,-0.09765625,-0.81787109375,0.1220703125,0.86669921875,0.048828125,0.1953125,0.1220703125,-0.28076171875,0.08544921875,-0.84228515625,-0.1220703125,-0.40283203125,0.244140625,-0.68359375,-0.28076171875,-0.18310546875,0,-0.64697265625,-0.15869140625,-0.35400390625,0.1708984375,0.6591796875,-0.29296875,1.13525390625,0.4150390625,0.47607421875,-0.06103515625,-0.08544921875,0.2685546875,0.78125,-0.4638671875,0.81787109375,0.28076171875,0.42724609375,-0.64697265625,0.537109375,0.244140625,0.13427734375,0.2685546875,0.25634765625,0.25634765625,1.0498046875,0.03662109375,0.1953125,-0.23193359375,0.2197265625,-0.15869140625,0.25634765625,0.20751953125,0.76904296875,0.0732421875,-0.01220703125,0.15869140625,1.35498046875,0.15869140625,-0.9765625,0.15869140625,-0.29296875,-0.32958984375,-1.01318359375,0,-0.78125,-0.244140625,-1.513671875,-0.06103515625,-0.28076171875,0.18310546875,-0.32958984375,0.18310546875,-1.23291015625,0.0732421875,-0.1953125,-0.1220703125,0.01220703125,-0.15869140625,-0.68359375,-0.2197265625,0.57373046875,-0.23193359375,-0.69580078125,-0.03662109375,-1.42822265625,-0.09765625,-1.03759765625,-0.03662109375,0.4150390625,-0.244140625,0.146484375,0.08544921875,-0.2197265625,-0.06103515625,-0.1708984375,-0.20751953125,-0.13427734375,-0.06103515625,0.0244140625,-0.03662109375,0.8056640625,0.06103515625,-0.4638671875,-0.06103515625,-0.48828125
0,-0.0732421875,-0.4150390625,0.1220703125,-0.28076171875,-0.40283203125,-0.40283203125,0.09765625,0.01220703125,0.10986328125,-0.20751953125,-0.2685546875,-1.0498046875,0.0244140625,0.89111328125,-0.1220703125,-0.50048828125,-0.2197265625,5.62744140625,-0.25634765625,5.810546875,-0.28076171875,4.96826171875,0.09765625,8.69140625,-0.1220703125,-0.18310546875,-0.0244140625,-0.8056640625,0.1220703125,0.87890625,0.146484375,0.1953125,0.23193359375,-0.2685546875,0.0732421875,-0.830078125,-0.1220703125,-0.37841796875,0.20751953125,-0.68359375,-0.1953125,-0.1708984375,-0.08544921875,-0.64697265625,-0.2685546875,-0.35400390625,0.1708984375,0.67138671875,-0.29296875,1.13525390625,0.32958984375,0.47607421875,-0.048828125,-0.10986328125,0.20751953125,0.78125,-0.4150390625,0.91552734375,0.25634765625,0.439453125,-0.57373046875,0.5126953125,0.1708984375,0.13427734375,0.2685546875,0.25634765625,0.341796875,1.06201171875,0.01220703125,0.20751953125,-0.18310546875,0.20751953125,-0.146484375,0.25634765625,0.18310546875,0.7568359375,0.0732421875,-0.01220703125,0.1220703125,1.35498046875,0.13427734375,-0.9765625,0.18310546875,-0.29296875,-0.3662109375,-1.01318359375,0.0244140625,-0.76904296875,-0.1708984375,-1.4892578125,-0.0732421875,-0.28076171875,0.30517578125,-0.32958984375,0.09765625,-1.23291015625,0.0732421875,-0.32958984375,-0.09765625,-0.09765625,-0.23193359375,-0.830078125,-0.25634765625,0.50048828125,-0.3173828125,-0.72021484375,0.06103515625,-1.42822265625,-0.1708984375,-1.0498046875,-0.06103515625,0.390625,-0.23193359375,0.146484375,0.09765625,-0.1953125,-0.06103515625,-0.146484375,-0.1953125,-0.1220703125,-0.048828125,0.03662109375,-0.03662109375,0.830078125,0.06103515625,-0.4638671875,-0.0732421875,-0.50048828125
0,-0.09765625,-0.4150390625,0.09765625,-0.28076171875,-0.40283203125,-0.4150390625,0.09765625,0,0.1220703125,-0.20751953125,-0.25634765625,-1.03759765625,0.0244140625,0.86669921875,-0.09765625,-0.50048828125,-0.20751953125,5.48095703125,-0.32958984375,5.6396484375,-0.25634765625,4.833984375,-0.10986328125,8.4716796875,-0.048828125,-0.18310546875,0,-0.8056640625,0.13427734375,0.91552734375,0.13427734375,0.1953125,0.3173828125,-0.25634765625,0.0732421875,-0.830078125,-0.09765625,-0.3662109375,0.1953125,-0.64697265625,-0.06103515625,-0.1220703125,-0.1220703125,-0.67138671875,-0.2685546875,-0.35400390625,0.1708984375,0.68359375,-0.29296875,1.1474609375,0.25634765625,0.47607421875,-0.03662109375,-0.13427734375,0.1220703125,0.732421875,-0.390625,1.0009765625,0.244140625,0.45166015625,-0.5126953125,0.52490234375,0.13427734375,0.146484375,0.32958984375,0.25634765625,0.37841796875,1.06201171875,0.01220703125,0.23193359375,-0.15869140625,0.2197265625,-0.13427734375,0.28076171875,0.1953125,0.79345703125,0.06103515625,-0.0244140625,0.09765625,1.3427734375,0.13427734375,-0.9521484375,0.2197265625,-0.30517578125,-0.37841796875,-1.01318359375,-0.01220703125,-0.76904296875,-0.08544921875,-1.4892578125,-0.10986328125,-0.25634765625,0.40283203125,-0.341796875,-0.0244140625,-1.2451171875,0.03662109375,-0.40283203125,-0.06103515625,-0.18310546875,-0.28076171875,-0.8544921875,-0.244140625,0.439453125,-0.28076171875,-0.74462890625,0.13427734375,-1.4404296875,-0.2197265625,-1.03759765625,-0.03662109375,0.42724609375,-0.2197265625,0.15869140625,0.06103515625,-0.20751953125,-0.08544921875,-0.1220703125,-0.20751953125,-0.09765625,-0.0732421875,0.048828125,0,0.87890625,0.06103515625,-0.439453125,-0.09765625,-0.48828125
0,-0.10986328125,-0.4150390625,0.08544921875,-0.28076171875,-0.390625,-0.4150390625,0.09765625,-0.0244140625,0.146484375,-0.1953125,-0.2685546875,-1.0498046875,0.0244140625,0.86669921875,-0.0732421875,-0.52490234375,-0.244140625,5.1513671875,-0.3662109375,5.26123046875,-0.20751953125,4.5654296875,-0.3662109375,7.92236328125,0.06103515625,-0.18310546875,-0.03662109375,-0.78125,0.146484375,0.91552734375,0.1220703125,0.20751953125,0.4638671875,-0.28076171875,0.01220703125,-0.84228515625,-0.06103515625,-0.35400390625,0.18310546875,-0.64697265625,0.06103515625,-0.1220703125,-0.13427734375,-0.64697265625,-0.25634765625,-0.37841796875,0.13427734375,0.67138671875,-0.2685546875,1.18408203125,0.15869140625,0.45166015625,-0.08544921875,-0.18310546875,0.18310546875,0.74462890625,-0.3662109375,1.0986328125,0.2197265625,0.45166015625,-0.37841796875,0.52490234375,0.1953125,0.146484375,0.35400390625,0.25634765625,0.3662109375,1.0498046875,-0.01220703125,0.23193359375,-0.09765625,0.20751953125,-0.13427734375,0.29296875,0.1220703125,0.79345703125,0.03662109375,-0.01220703125,0.08544921875,1.3671875,0.10986328125,-0.9521484375,0.1708984375,-0.3173828125,-0.2685546875,-1.01318359375,-0.08544921875,-0.76904296875,0.0244140625,-1.50146484375,-0.18310546875,-0.2685546875,0.4150390625,-0.341796875,-0.0732421875,-1.2451171875,-0.0244140625,-0.47607421875,-0.13427734375,-0.2197265625,-0.32958984375,-0.84228515625,-0.1953125,0.40283203125,-0.20751953125,-0.76904296875,0.15869140625,-1.4404296875,-0.244140625,-1.025390625,-0.03662109375,0.4150390625,-0.23193359375,0.146484375,0.0732421875,-0.20751953125,-0.06103515625,-0.13427734375,-0.2197265625,-0.09765625,-0.08544921875,0.03662109375,-0.01220703125,0.89111328125,0.08544921875,-0.439453125,-0.13427734375,-0.48828125
0,-0.10986328125,-0.4150390625,0.0732421875,-0.28076171875,-0.37841796875,-0.4150390625,0.09765625,-0.01220703125,0.15869140625,-0.18310546875,-0.28076171875,-1.03759765625,0.048828125,0.86669921875,-0.0732421875,-0.5126953125,-0.25634765625,4.638671875,-0.40283203125,4.72412109375,-0.20751953125,4.16259765625,-0.6103515625,7.080078125,0.15869140625,-0.1953125,-0.048828125,-0.78125,0.1708984375,0.9033203125,0.06103515625,0.20751953125,0.50048828125,-0.30517578125,-0.08544921875,-0.86669921875,0.0244140625,-0.3662109375,0.2685546875,-0.64697265625,0.146484375,-0.13427734375,-0.10986328125,-0.64697265625,-0.20751953125,-0.390625,0.0732421875,0.67138671875,-0.2197265625,1.20849609375,0.06103515625,0.439453125,-0.146484375,-0.20751953125,0.1708984375,0.732421875,-0.30517578125,1.15966796875,0.15869140625,0.4638671875,-0.2197265625,0.52490234375,0.20751953125,0.1220703125,0.4150390625,0.25634765625,0.37841796875,1.03759765625,0,0.23193359375,-0.06103515625,0.20751953125,-0.10986328125,0.3173828125,0.06103515625,0.81787109375,0.01220703125,0,0.09765625,1.3427734375,0.09765625,-0.9521484375,0.1220703125,-0.32958984375,-0.18310546875,-1.01318359375,-0.1708984375,-0.76904296875,0.10986328125,-1.50146484375,-0.20751953125,-0.25634765625,0.35400390625,-0.341796875,-0.06103515625,-1.25732421875,-0.0732421875,-0.47607421875,-0.244140625,-0.20751953125,-0.25634765625,-0.74462890625,-0.20751953125,0.40283203125,-0.06103515625,-0.76904296875,0.1708984375,-1.4404296875,-0.244140625,-1.0009765625,-0.06103515625,0.42724609375,-0.20751953125,0.1708984375,0.048828125,-0.20751953125,-0.06103515625,-0.146484375,-0.20751953125,-0.08544921875,-0.08544921875,0.03662109375,0,0.89111328125,0.10986328125,-0.439453125,-0.146484375,-0.50048828125
0,-0.09765625,-0.40283203125,0.0732421875,-0.2685546875,-0.40283203125,-0.42724609375,0.09765625,0.01220703125,0.146484375,-0.18310546875,-0.2685546875,-1.01318359375,0.048828125,0.86669921875,-0.06103515625,-0.537109375,-0.25634765625,3.96728515625,-0.37841796875,4.04052734375,-0.244140625,3.67431640625,-0.732421875,5.9814453125,0.244140625,-0.2197265625,-0.0732421875,-0.76904296875,0.1953125,0.91552734375,0,0.2197265625,0.48828125,-0.341796875,-0.18310546875,-0.86669921875,0.08544921875,-0.37841796875,0.30517578125,-0.62255859375,0.20751953125,-0.1220703125,-0.03662109375,-0.64697265625,-0.09765625,-0.390625,-0.0244140625,0.68359375,-0.146484375,1.1962890625,-0.048828125,0.45166015625,-0.20751953125,-0.18310546875,0.1708984375,0.72021484375,-0.30517578125,1.20849609375,0.13427734375,0.48828125,-0.06103515625,0.537109375,0.2685546875,0.10986328125,0.45166015625,0.25634765625,0.30517578125,1.0498046875,0.0244140625,0.23193359375,-0.0244140625,0.2197265625,-0.10986328125,0.32958984375,-0.0244140625,0.830078125,0.03662109375,0,0.146484375,1.3671875,0.1220703125,-0.93994140625,0.0244140625,-0.341796875,-0.06103515625,-1.0009765625,-0.2197265625,-0.7568359375,0.18310546875,-1.4892578125,-0.20751953125,-0.23193359375,0.244140625,-0.32958984375,-0.06103515625,-1.2451171875,-0.09765625,-0.45166015625,-0.341796875,-0.18310546875,-0.18310546875,-0.634765625,-0.18310546875,0.4150390625,0.13427734375,-0.76904296875,0.13427734375,-1.45263671875,-0.2197265625,-1.01318359375,-0.08544921875,0.45166015625,-0.1953125,0.15869140625,0.0244140625,-0.20751953125,-0.06103515625,-0.1708984375,-0.20751953125,-0.0732421875,-0.09765625,0.0244140625,-0.01220703125,0.87890625,0.13427734375,-0.4638671875,-0.146484375,-0.48828125
0,-0.10986328125,-0.37841796875,0.048828125,-0.28076171875,-0.35400390625,-0.4150390625,0.0732421875,0.03662109375,0.15869140625,-0.1953125,-0.2685546875,-1.0009765625,0.048828125,0.87890625,-0.048828125,-0.537109375,-0.30517578125,3.1494140625,-0.37841796875,3.2470703125,-0.30517578125,3.11279296875,-0.68359375,4.67529296875,0.2685546875,-0.23193359375,-0.09765625,-0.78125,0.18310546875,0.89111328125,-0.09765625,0.23193359375,0.4150390625,-0.341796875,-0.2685546875,-0.87890625,0.15869140625,-0.40283203125,0.29296875,-0.62255859375,0.23193359375,-0.1220703125,0.08544921875,-0.64697265625,-0.01220703125,-0.40283203125,-0.0732421875,0.64697265625,-0.03662109375,1.20849609375,-0.08544921875,0.47607421875,-0.28076171875,-0.18310546875,0.146484375,0.732421875,-0.30517578125,1.23291015625,0.08544921875,0.48828125,0.01220703125,0.5859375,0.32958984375,0.10986328125,0.40283203125,0.25634765625,0.244140625,1.03759765625,0.03662109375,0.2197265625,0,0.20751953125,-0.13427734375,0.3173828125,-0.09765625,0.8056640625,0.0244140625,0.0244140625,0.146484375,1.3671875,0.1220703125,-0.93994140625,-0.03662109375,-0.341796875,0.0244140625,-0.98876953125,-0.23193359375,-0.76904296875,0.1953125,-1.4892578125,-0.1953125,-0.23193359375,0.09765625,-0.30517578125,-0.0244140625,-1.23291015625,-0.1220703125,-0.439453125,-0.42724609375,-0.146484375,-0.146484375,-0.537109375,-0.20751953125,0.42724609375,0.28076171875,-0.732421875,0.10986328125,-1.4404296875,-0.20751953125,-1.01318359375,-0.1220703125,0.4638671875,-0.1953125,0.1708984375,0.0244140625,-0.2197265625,-0.048828125,-0.1708984375,-0.1953125,-0.10986328125,-0.09765625,0.03662109375,-0.0244140625,0.86669921875,0.1220703125,-0.47607421875,-0.146484375,-0.5126953125
0,-0.15869140625,-0.35400390625,0.0244140625,-0.29296875,-0.32958984375,-0.4150390625,0.06103515625,0.03662109375,0.146484375,-0.18310546875,-0.29296875,-0.98876953125,0.06103515625,0.89111328125,-0.03662109375,-0.537109375,-0.341796875,2.2705078125,-0.30517578125,2.40478515625,-0.42724609375,2.490234375,-0.537109375,3.30810546875,0.23193359375,-0.244140625,-0.09765625,-0.78125,0.1708984375,0.87890625,-0.2685546875,0.244140625,0.29296875,-0.341796875,-0.341796875,-0.87890625,0.2197265625,-0.4150390625,0.25634765625,-0.64697265625,0.1953125,-0.15869140625,0.18310546875,-0.64697265625,0.08544921875,-0.390625,-0.0732421875,0.62255859375,0.03662109375,1.20849609375,-0.06103515625,0.48828125,-0.341796875,-0.15869140625,0.10986328125,0.732421875,-0.341796875,1.25732421875,0.06103515625,0.48828125,0.10986328125,0.64697265625,0.37841796875,0.1220703125,0.42724609375,0.23193359375,0.15869140625,1.03759765625,0.048828125,0.23193359375,-0.01220703125,0.2197265625,-0.18310546875,0.29296875,-0.10986328125,0.84228515625,0.09765625,0.03662109375,0.10986328125,1.35498046875,0.13427734375,-0.9521484375,-0.0732421875,-0.32958984375,0.01220703125,-0.9765625,-0.18310546875,-0.7568359375,0.18310546875,-1.513671875,-0.146484375,-0.20751953125,-0.048828125,-0.29296875,-0.0244140625,-1.220703125,-0.0732421875,-0.4150390625,-0.42724609375,-0.146484375,-0.01220703125,-0.47607421875,-0.1708984375,0.4150390625,0.40283203125,-0.69580078125,0.10986328125,-1.45263671875,-0.146484375,-1.025390625,-0.146484375,0.439453125,-0.1708984375,0.18310546875,0.01220703125,-0.2197265625,-0.06103515625,-0.15869140625,-0.15869140625,-0.09765625,-0.1220703125,0,-0.0244140625,0.89111328125,0.09765625,-0.45166015625,-0.146484375,-0.48828125
1,-0.18310546875,-0.30517578125,0.01220703125,-0.3173828125,-0.28076171875,-0.390625,0.048828125,0.03662109375,0.146484375,-0.18310546875,-0.29296875,-0.98876953125,0.06103515625,0.9033203125,-0.01220703125,-0.54931640625,-0.3662109375,1.42822265625,-0.1953125,1.57470703125,-0.48828125,1.91650390625,-0.30517578125,1.9287109375,0.146484375,-0.244140625,-0.10986328125,-0.76904296875,0.09765625,0.87890625,-0.37841796875,0.2197265625,0.1220703125,-0.35400390625,-0.341796875,-0.89111328125,0.25634765625,-0.439453125,0.2685546875,-0.68359375,0.146484375,-0.18310546875,0.244140625,-0.634765625,0.15869140625,-0.37841796875,-0.0244140625,0.62255859375,0.08544921875,1.20849609375,0.01220703125,0.50048828125,-0.37841796875,-0.13427734375,0.06103515625,0.732421875,-0.4150390625,1.2939453125,0.048828125,0.4638671875,0.18310546875,0.72021484375,0.42724609375,0.1220703125,0.40283203125,0.23193359375,0.048828125,1.03759765625,0.0732421875,0.23193359375,-0.03662109375,0.20751953125,-0.23193359375,0.28076171875,-0.146484375,0.84228515625,0.15869140625,0.048828125,0.0732421875,1.3671875,0.1220703125,-0.96435546875,-0.10986328125,-0.32958984375,0.01220703125,-0.9765625,-0.0732421875,-0.78125,0.10986328125,-1.513671875,-0.18310546875,-0.23193359375,-0.1220703125,-0.28076171875,-0.0732421875,-1.1962890625,-0.1708984375,-0.42724609375,-0.47607421875,-0.1708984375,-0.06103515625,-0.50048828125,-0.20751953125,0.3662109375,0.37841796875,-0.68359375,0.09765625,-1.46484375,-0.0732421875,-1.025390625,-0.146484375,0.439453125,-0.1953125,0.18310546875,-0.01220703125,-0.20751953125,-0.0732421875,-0.146484375,-0.1708984375,-0.10986328125,-0.10986328125,-0.0244140625,-0.048828125,0.86669921875,0.09765625,-0.4638671875,-0.146484375,-0.48828125
1,-0.18310546875,-0.3173828125,-0.01220703125,-0.3173828125,-0.2197265625,-0.3662109375,0.048828125,0.0244140625,0.15869140625,-0.1708984375,-0.28076171875,-1.01318359375,0.08544921875,0.91552734375,-0.01220703125,-0.537109375,-0.3662109375,0.5859375,-0.10986328125,0.81787109375,-0.50048828125,1.35498046875,-0.10986328125,0.68359375,0.048828125,-0.244140625,-0.10986328125,-0.79345703125,-0.03662109375,0.8544921875,-0.47607421875,0.244140625,-0.048828125,-0.35400390625,-0.341796875,-0.86669921875,0.2685546875,-0.4638671875,0.25634765625,-0.69580078125,0.09765625,-0.18310546875,0.28076171875,-0.634765625,0.146484375,-0.3662109375,0.048828125,0.6103515625,0.0732421875,1.15966796875,0.0732421875,0.52490234375,-0.4150390625,-0.10986328125,0.0244140625,0.74462890625,-0.439453125,1.25732421875,0.01220703125,0.45166015625,0.23193359375,0.830078125,0.48828125,0.13427734375,0.3173828125,0.244140625,-0.0244140625,1.0498046875,0.0732421875,0.244140625,-0.08544921875,0.1953125,-0.28076171875,0.29296875,-0.1220703125,0.830078125,0.23193359375,0.06103515625,0.0244140625,1.35498046875,0.1220703125,-0.9521484375,-0.09765625,-0.341796875,-0.01220703125,-0.9765625,0.048828125,-0.78125,0.048828125,-1.513671875,-0.1953125,-0.20751953125,-0.10986328125,-0.2685546875,-0.10986328125,-1.171875,-0.20751953125,-0.45166015625,-0.390625,-0.244140625,-0.048828125,-0.5615234375,-0.13427734375,0.28076171875,0.25634765625,-0.68359375,0.08544921875,-1.47705078125,-0.01220703125,-1.03759765625,-0.13427734375,0.40283203125,-0.18310546875,0.1953125,0.01220703125,-0.20751953125,-0.048828125,-0.13427734375,-0.18310546875,-0.13427734375,-0.09765625,0,-0.06103515625,0.86669921875,0.0732421875,-0.4638671875,-0.146484375,-0.5126953125
1,-0.18310546875,-0.3173828125,-0.03662109375,-0.341796875,-0.1953125,-0.35400390625,0.0244140625,0.03662109375,0.15869140625,-0.146484375,-0.3173828125,-1.0009765625,0.08544921875,0.9033203125,-0.03662109375,-0.537109375,-0.35400390625,-0.10986328125,-0.01220703125,0.18310546875,-0.47607421875,0.8544921875,0.01220703125,-0.3662109375,-0.08544921875,-0.23193359375,-0.10986328125,-0.8056640625,-0.18310546875,0.8544921875,-0.5126953125,0.23193359375,-0.1708984375,-0.3662109375,-0.35400390625,-0.84228515625,0.244140625,-0.47607421875,0.28076171875,-0.72021484375,0.08544921875,-0.18310546875,0.244140625,-0.634765625,0.15869140625,-0.37841796875,0.13427734375,0.62255859375,0.048828125,1.123046875,0.146484375,0.537109375,-0.3662109375,-0.09765625,-0.0244140625,0.732421875,-0.50048828125,1.25732421875,0,0.42724609375,0.1953125,0.9033203125,0.57373046875,0.1220703125,0.23193359375,0.25634765625,-0.13427734375,1.0498046875,0.09765625,0.25634765625,-0.10986328125,0.23193359375,-0.35400390625,0.28076171875,-0.08544921875,0.830078125,0.30517578125,0.06103515625,-0.0244140625,1.3671875,0.0732421875,-0.93994140625,-0.06103515625,-0.341796875,-0.01220703125,-0.96435546875,0.15869140625,-0.79345703125,0.01220703125,-1.52587890625,-0.244140625,-0.23193359375,-0.0244140625,-0.2685546875,-0.18310546875,-1.171875,-0.23193359375,-0.5126953125,-0.244140625,-0.3662109375,0.048828125,-0.634765625,-0.048828125,0.18310546875,0.1220703125,-0.6591796875,0.048828125,-1.46484375,0.048828125,-1.01318359375,-0.13427734375,0.390625,-0.15869140625,0.20751953125,0.01220703125,-0.23193359375,-0.048828125,-0.1220703125,-0.1953125,-0.1220703125,-0.08544921875,0.01220703125,-0.048828125,0.89111328125,0.08544921875,-0.47607421875,-0.146484375,-0.52490234375
1,-0.1708984375,-0.3173828125,-0.03662109375,-0.341796875,-0.15869140625,-0.3662109375,0.01220703125,0,0.13427734375,-0.15869140625,-0.30517578125,-1.01318359375,0.08544921875,0.9033203125,-0.0244140625,-0.52490234375,-0.32958984375,-0.67138671875,0.048828125,-0.30517578125,-0.37841796875,0.47607421875,0.048828125,-1.123046875,-0.1953125,-0.244140625,-0.146484375,-0.81787109375,-0.2685546875,0.84228515625,-0.45166015625,0.23193359375,-0.20751953125,-0.3662109375,-0.3662109375,-0.830078125,0.1953125,-0.48828125,0.28076171875,-0.74462890625,0.06103515625,-0.18310546875,0.15869140625,-0.634765625,0.1220703125,-0.35400390625,0.18310546875,0.6103515625,0.0244140625,1.123046875,0.244140625,0.54931640625,-0.32958984375,-0.09765625,-0.03662109375,0.72021484375,-0.50048828125,1.20849609375,0.0244140625,0.4150390625,0.13427734375,0.9521484375,0.64697265625,0.1220703125,0.1220703125,0.28076171875,-0.2197265625,1.03759765625,0.0732421875,0.244140625,-0.15869140625,0.20751953125,-0.45166015625,0.28076171875,-0.048828125,0.81787109375,0.37841796875,0.06103515625,-0.06103515625,1.3671875,0.0732421875,-0.9521484375,-0.01220703125,-0.32958984375,-0.0244140625,-0.9765625,0.23193359375,-0.8056640625,-0.01220703125,-1.5380859375,-0.30517578125,-0.244140625,0.1220703125,-0.2685546875,-0.1953125,-1.15966796875,-0.32958984375,-0.5859375,-0.15869140625,-0.45166015625,-0.0244140625,-0.81787109375,-0.09765625,0.0732421875,-0.06103515625,-0.64697265625,0,-1.47705078125,0.08544921875,-1.025390625,-0.1220703125,0.40283203125,-0.15869140625,0.18310546875,0,-0.23193359375,-0.048828125,-0.10986328125,-0.18310546875,-0.146484375,-0.09765625,0.01220703125,-0.06103515625,0.86669921875,0.08544921875,-0.4638671875,-0.13427734375,-0.50048828125
1,-0.15869140625,-0.32958984375,-0.03662109375,-0.341796875,-0.10986328125,-0.341796875,-0.01220703125,0.01220703125,0.1220703125,-0.1708984375,-0.28076171875,-1.025390625,0.08544921875,0.9033203125,-0.03662109375,-0.50048828125,-0.29296875,-1.08642578125,0.01220703125,-0.64697265625,-0.28076171875,0.28076171875,-0.0732421875,-1.57470703125,-0.28076171875,-0.2197265625,-0.1708984375,-0.830078125,-0.30517578125,0.87890625,-0.341796875,0.2197265625,-0.10986328125,-0.341796875,-0.42724609375,-0.8056640625,0.146484375,-0.45166015625,0.244140625,-0.7568359375,0.03662109375,-0.1708984375,0.06103515625,-0.634765625,0.09765625,-0.37841796875,0.20751953125,0.6103515625,0,1.123046875,0.32958984375,0.5126953125,-0.29296875,-0.09765625,-0.048828125,0.74462890625,-0.48828125,1.171875,0,0.42724609375,0.08544921875,0.98876953125,0.64697265625,0.1220703125,0.06103515625,0.28076171875,-0.30517578125,1.0498046875,0.0732421875,0.25634765625,-0.18310546875,0.23193359375,-0.4638671875,0.28076171875,-0.01220703125,0.830078125,0.40283203125,0.03662109375,-0.10986328125,1.35498046875,0.08544921875,-0.9521484375,0.048828125,-0.32958984375,-0.03662109375,-0.98876953125,0.25634765625,-0.79345703125,0.01220703125,-1.52587890625,-0.3173828125,-0.2685546875,0.28076171875,-0.2685546875,-0.2197265625,-1.171875,-0.28076171875,-0.69580078125,-0.01220703125,-0.5859375,-0.03662109375,-0.927734375,-0.0244140625,0.01220703125,-0.1953125,-0.69580078125,-0.0732421875,-1.45263671875,0.048828125,-1.025390625,-0.1220703125,0.37841796875,-0.13427734375,0.18310546875,0,-0.23193359375,-0.08544921875,-0.1220703125,-0.1953125,-0.15869140625,-0.08544921875,0.01220703125,-0.06103515625,0.9033203125,0.08544921875,-0.47607421875,-0.13427734375,-0.52490234375
1,-0.1708984375,-0.341796875,-0.03662109375,-0.3173828125,-0.08544921875,-0.35400390625,-0.01220703125,0.01220703125,0.08544921875,-0.1708984375,-0.28076171875,-1.025390625,0.0732421875,0.87890625,-0.03662109375,-0.50048828125,-0.1708984375,-1.318359375,0.03662109375,-0.81787109375,-0.08544921875,0.1708984375,-0.1220703125,-1.77001953125,-0.29296875,-0.18310546875,-0.23193359375,-0.79345703125,-0.30517578125,0.9033203125,-0.23193359375,0.25634765625,0.0732421875,-0.32958984375,-0.42724609375,-0.81787109375,0.08544921875,-0.42724609375,0.2197265625,-0.76904296875,-0.01220703125,-0.15869140625,-0.0244140625,-0.64697265625,0.06103515625,-0.37841796875,0.1953125,0.634765625,-0.0244140625,1.1474609375,0.341796875,0.47607421875,-0.2685546875,-0.09765625,-0.0244140625,0.732421875,-0.439453125,1.11083984375,0,0.42724609375,0.09765625,0.9765625,0.57373046875,0.13427734375,-0.0244140625,0.28076171875,-0.35400390625,1.025390625,0.0244140625,0.23193359375,-0.20751953125,0.2197265625,-0.4638671875,0.28076171875,0.0244140625,0.830078125,0.4150390625,0.01220703125,-0.10986328125,1.3427734375,0.08544921875,-0.9521484375,0.13427734375,-0.3173828125,-0.01220703125,-0.98876953125,0.2197265625,-0.76904296875,0.048828125,-1.513671875,-0.30517578125,-0.25634765625,0.42724609375,-0.28076171875,-0.2197265625,-1.171875,-0.20751953125,-0.732421875,0.03662109375,-0.69580078125,-0.09765625,-0.91552734375,-0.0244140625,-0.048828125,-0.2685546875,-0.7568359375,-0.15869140625,-1.46484375,-0.01220703125,-1.03759765625,-0.10986328125,0.390625,-0.10986328125,0.18310546875,-0.03662109375,-0.20751953125,-0.0732421875,-0.09765625,-0.2197265625,-0.15869140625,-0.08544921875,0.0244140625,-0.0732421875,0.89111328125,0.09765625,-0.47607421875,-0.146484375,-0.5126953125
1,-0.146484375,-0.35400390625,-0.06103515625,-0.29296875,-0.03662109375,-0.37841796875,0,0.01220703125,0.08544921875,-0.18310546875,-0.2685546875,-1.0498046875,0.06103515625,0.87890625,-0.048828125,-0.48828125,-0.03662109375,-1.416015625,0.0244140625,-0.8544921875,0.08544921875,0.1708984375,-0.23193359375,-1.74560546875,-0.28076171875,-0.15869140625,-0.3173828125,-0.8056640625,-0.23193359375,0.91552734375,-0.1220703125,0.2197265625,0.244140625,-0.32958984375,-0.4150390625,-0.830078125,0,-0.42724609375,0.1953125,-0.79345703125,-0.048828125,-0.146484375,-0.10986328125,-0.64697265625,0.03662109375,-0.390625,0.1708984375,0.634765625,-0.01220703125,1.15966796875,0.3662109375,0.439453125,-0.18310546875,-0.15869140625,0,0.74462890625,-0.35400390625,1.06201171875,-0.03662109375,0.42724609375,0.03662109375,0.927734375,0.48828125,0.1220703125,-0.15869140625,0.25634765625,-0.390625,1.03759765625,0.01220703125,0.23193359375,-0.23193359375,0.20751953125,-0.5126953125,0.29296875,0.06103515625,0.84228515625,0.4150390625,-0.01220703125,-0.10986328125,1.33056640625,0.09765625,-0.91552734375,0.18310546875,-0.3173828125,-0.0244140625,-1.0009765625,0.13427734375,-0.78125,0.06103515625,-1.4892578125,-0.2685546875,-0.28076171875,0.47607421875,-0.29296875,-0.15869140625,-1.1962890625,-0.1220703125,-0.732421875,0.0732421875,-0.69580078125,-0.20751953125,-0.84228515625,-0.03662109375,-0.03662109375,-0.25634765625,-0.78125,-0.25634765625,-1.4892578125,-0.048828125,-1.01318359375,-0.10986328125,0.40283203125,-0.10986328125,0.18310546875,-0.0244140625,-0.20751953125,-0.06103515625,-0.10986328125,-0.18310546875,-0.15869140625,-0.0732421875,0.03662109375,-0.06103515625,0.86669921875,0.08544921875,-0.48828125,-0.15869140625,-0.48828125
1,-0.1220703125,-0.341796875,-0.048828125,-0.2685546875,0.01220703125,-0.390625,-0.01220703125,0.03662109375,0.08544921875,-0.1708984375,-0.244140625,-1.0498046875,0.08544921875,0.86669921875,-0.0244140625,-0.48828125,0.048828125,-1.37939453125,-0.03662109375,-0.8056640625,0.146484375,0.28076171875,-0.3173828125,-1.5380859375,-0.18310546875,-0.1708984375,-0.3662109375,-0.81787109375,-0.13427734375,0.9033203125,-0.09765625,0.23193359375,0.439453125,-0.30517578125,-0.35400390625,-0.830078125,-0.06103515625,-0.4150390625,0.2197265625,-0.76904296875,-0.1220703125,-0.146484375,-0.10986328125,-0.6591796875,0.01220703125,-0.37841796875,0.1708984375,0.62255859375,0.0244140625,1.20849609375,0.390625,0.439453125,-0.1220703125,-0.15869140625,0.048828125,0.74462890625,-0.25634765625,1.0498046875,-0.0732421875,0.439453125,0,0.84228515625,0.4150390625,0.1220703125,-0.20751953125,0.244140625,-0.4150390625,1.025390625,-0.0244140625,0.23193359375,-0.244140625,0.20751953125,-0.54931640625,0.29296875,0.0732421875,0.84228515625,0.390625,-0.03662109375,-0.01220703125,1.3427734375,0.1220703125,-0.9033203125,0.2197265625,-0.3173828125,-0.0732421875,-0.98876953125,0.0244140625,-0.79345703125,0.0732421875,-1.50146484375,-0.2197265625,-0.30517578125,0.4638671875,-0.28076171875,-0.08544921875,-1.1962890625,-0.0244140625,-0.67138671875,0,-0.634765625,-0.3173828125,-0.74462890625,-0.048828125,0.03662109375,-0.13427734375,-0.79345703125,-0.3173828125,-1.47705078125,-0.0732421875,-1.01318359375,-0.13427734375,0.4150390625,-0.08544921875,0.1708984375,-0.0244140625,-0.1953125,-0.08544921875,-0.1220703125,-0.15869140625,-0.13427734375,-0.06103515625,0.048828125,-0.06103515625,0.86669921875,0.09765625,-0.47607421875,-0.18310546875,-0.47607421875
1,-0.1220703125,-0.30517578125,-0.0732421875,-0.28076171875,0.08544921875,-0.40283203125,-0.0244140625,0.01220703125,0.09765625,-0.20751953125,-0.244140625,-1.0498046875,0.0732421875,0.86669921875,-0.0244140625,-0.5126953125,0.1220703125,-1.25732421875,-0.03662109375,-0.7080078125,0.146484375,0.37841796875,-0.439453125,-1.28173828125,-0.09765625,-0.13427734375,-0.35400390625,-0.8056640625,0,0.927734375,-0.10986328125,0.2197265625,0.5126953125,-0.29296875,-0.29296875,-0.8544921875,-0.08544921875,-0.42724609375,0.18310546875,-0.76904296875,-0.18310546875,-0.13427734375,-0.10986328125,-0.6591796875,-0.01220703125,-0.37841796875,0.048828125,0.62255859375,0.03662109375,1.220703125,0.40283203125,0.4150390625,-0.048828125,-0.18310546875,0.09765625,0.7568359375,-0.20751953125,1.03759765625,-0.09765625,0.47607421875,-0.0732421875,0.76904296875,0.40283203125,0.13427734375,-0.28076171875,0.244140625,-0.390625,1.025390625,-0.06103515625,0.2197265625,-0.2197265625,0.1953125,-0.62255859375,0.29296875,0.10986328125,0.8544921875,0.341796875,-0.0244140625,0.06103515625,1.33056640625,0.13427734375,-0.91552734375,0.1953125,-0.30517578125,-0.10986328125,-0.98876953125,-0.08544921875,-0.78125,0.09765625,-1.47705078125,-0.146484375,-0.30517578125,0.390625,-0.30517578125,0.048828125,-1.20849609375,0.1220703125,-0.5615234375,-0.03662109375,-0.537109375,-0.30517578125,-0.5615234375,-0.0244140625,0.15869140625,-0.01220703125,-0.76904296875,-0.3662109375,-1.45263671875,-0.06103515625,-1.01318359375,-0.1220703125,0.439453125,-0.09765625,0.1708984375,-0.01220703125,-0.1708984375,-0.06103515625,-0.1220703125,-0.15869140625,-0.10986328125,-0.08544921875,0.048828125,-0.03662109375,0.87890625,0.09765625,-0.47607421875,-0.18310546875,-0.50048828125
1,-0.06103515625,-0.25634765625,-0.08544921875,-0.2685546875,0.08544921875,-0.40283203125,-0.0244140625,0.03662109375,0.08544921875,-0.23193359375,-0.23193359375,-1.03759765625,0.06103515625,0.84228515625,-0.0244140625,-0.5126953125,0.13427734375,-1.123046875,-0.10986328125,-0.59814453125,0.06103515625,0.52490234375,-0.50048828125,-1.03759765625,0.01220703125,-0.1220703125,-0.29296875,-0.78125,0.146484375,0.93994140625,-0.13427734375,0.23193359375,0.52490234375,-0.29296875,-0.2197265625,-0.8544921875,-0.09765625,-0.40283203125,0.146484375,-0.74462890625,-0.2197265625,-0.13427734375,-0.0732421875,-0.64697265625,-0.09765625,-0.390625,-0.0244140625,0.62255859375,0.01220703125,1.23291015625,0.40283203125,0.439453125,0.01220703125,-0.15869140625,0.1953125,0.732421875,-0.15869140625,1.01318359375,-0.10986328125,0.48828125,-0.1220703125,0.6591796875,0.439453125,0.13427734375,-0.30517578125,0.23193359375,-0.35400390625,1.0498046875,-0.08544921875,0.1953125,-0.20751953125,0.20751953125,-0.64697265625,0.29296875,0.15869140625,0.87890625,0.30517578125,-0.03662109375,0.1220703125,1.35498046875,0.09765625,-0.93994140625,0.15869140625,-0.32958984375,-0.15869140625,-0.98876953125,-0.20751953125,-0.8056640625,0.10986328125,-1.4892578125,-0.03662109375,-0.29296875,0.25634765625,-0.3173828125,0.15869140625,-1.23291015625,0.18310546875,-0.42724609375,-0.03662109375,-0.3173828125,-0.20751953125,-0.4150390625,-0.09765625,0.3662109375,0.10986328125,-0.7568359375,-0.35400390625,-1.4404296875,-0.06103515625,-1.01318359375,-0.1708984375,0.45166015625,-0.08544921875,0.18310546875,0,-0.15869140625,-0.0732421875,-0.1220703125,-0.1220703125,-0.09765625,-0.09765625,0.03662109375,-0.01220703125,0.86669921875,0.13427734375,-0.439453125,-0.1953125,-0.50048828125
1,-0.0732421875,-0.20751953125,-0.09765625,-0.28076171875,0.09765625,-0.3662109375,-0.03662109375,0.0244140625,0.08544921875,-0.20751953125,-0.20751953125,-1.01318359375,0.03662109375,0.8544921875,-0.0244140625,-0.52490234375,0.146484375,-0.98876953125,-0.13427734375,-0.50048828125,-0.09765625,0.6103515625,-0.52490234375,-0.9033203125,0.0732421875,-0.1220703125,-0.23193359375,-0.76904296875,0.20751953125,0.93994140625,-0.146484375,0.2197265625,0.45166015625,-0.30517578125,-0.146484375,-0.86669921875,-0.09765625,-0.439453125,0.13427734375,-0.74462890625,-0.20751953125,-0.15869140625,0.01220703125,-0.64697265625,-0.15869140625,-0.4150390625,-0.0732421875,0.6103515625,0.01220703125,1.2451171875,0.390625,0.45166015625,0.10986328125,-0.15869140625,0.25634765625,0.76904296875,-0.1708984375,0.9765625,-0.08544921875,0.50048828125,-0.13427734375,0.5615234375,0.4638671875,0.146484375,-0.32958984375,0.244140625,-0.29296875,1.0498046875,-0.1220703125,0.20751953125,-0.20751953125,0.2197265625,-0.634765625,0.30517578125,0.10986328125,0.8544921875,0.29296875,-0.03662109375,0.18310546875,1.35498046875,0.08544921875,-0.927734375,0.09765625,-0.32958984375,-0.25634765625,-1.0009765625,-0.28076171875,-0.8056640625,0.146484375,-1.47705078125,0.048828125,-0.30517578125,0.15869140625,-0.3173828125,0.25634765625,-1.23291015625,0.25634765625,-0.2685546875,-0.03662109375,-0.10986328125,-0.08544921875,-0.25634765625,-0.1708984375,0.537109375,0.1953125,-0.74462890625,-0.28076171875,-1.45263671875,-0.0732421875,-1.01318359375,-0.20751953125,0.45166015625,-0.09765625,0.1708984375,0.0244140625,-0.1708984375,-0.0732421875,-0.10986328125,-0.1220703125,-0.10986328125,-0.09765625,0,0.01220703125,0.87890625,0.1220703125,-0.42724609375,-0.18310546875,-0.50048828125
1,-0.08544921875,-0.15869140625,-0.1220703125,-0.28076171875,0.1220703125,-0.3662109375,-0.0244140625,0.048828125,0.03662109375,-0.20751953125,-0.1708984375,-1.0009765625,0.0244140625,0.87890625,-0.0244140625,-0.537109375,0.146484375,-0.91552734375,-0.15869140625,-0.45166015625,-0.23193359375,0.634765625,-0.50048828125,-0.86669921875,0.08544921875,-0.15869140625,-0.146484375,-0.74462890625,0.23193359375,0.93994140625,-0.13427734375,0.23193359375,0.341796875,-0.35400390625,-0.08544921875,-0.86669921875,-0.06103515625,-0.42724609375,0.1220703125,-0.72021484375,-0.1708984375,-0.15869140625,0.1220703125,-0.62255859375,-0.20751953125,-0.42724609375,-0.08544921875,0.59814453125,0.01220703125,1.220703125,0.40283203125,0.4638671875,0.1953125,-0.15869140625,0.3173828125,0.7568359375,-0.1708984375,0.98876953125,-0.03662109375,0.47607421875,-0.146484375,0.50048828125,0.47607421875,0.15869140625,-0.4638671875,0.2685546875,-0.1708984375,1.03759765625,-0.1220703125,0.1953125,-0.20751953125,0.2197265625,-0.634765625,0.30517578125,0.13427734375,0.8544921875,0.28076171875,-0.0244140625,0.23193359375,1.37939453125,0.0244140625,-0.96435546875,0.06103515625,-0.32958984375,-0.341796875,-0.9765625,-0.28076171875,-0.8056640625,0.1220703125,-1.47705078125,0.13427734375,-0.29296875,0.03662109375,-0.29296875,0.30517578125,-1.23291015625,0.23193359375,-0.10986328125,-0.01220703125,0.09765625,-0.08544921875,-0.18310546875,-0.2685546875,0.7080078125,0.1953125,-0.72021484375,-0.15869140625,-1.4404296875,-0.0732421875,-1.01318359375,-0.25634765625,0.439453125,-0.09765625,0.18310546875,-0.01220703125,-0.1953125,-0.06103515625,-0.10986328125,-0.1220703125,-0.09765625,-0.09765625,0,0,0.87890625,0.08544921875,-0.4150390625,-0.1708984375,-0.5126953125
1,-0.0732421875,-0.13427734375,-0.13427734375,-0.29296875,0.15869140625,-0.3662109375,-0.0244140625,0.0244140625,0.01220703125,-0.20751953125,-0.15869140625,-0.98876953125,0.0244140625,0.89111328125,-0.0244140625,-0.54931640625,0.08544921875,-0.87890625,-0.18310546875,-0.45166015625,-0.4150390625,0.64697265625,-0.45166015625,-0.91552734375,0.08544921875,-0.18310546875,-0.0244140625,-0.7568359375,0.20751953125,0.91552734375,-0.1220703125,0.244140625,0.15869140625,-0.3662109375,-0.048828125,-0.86669921875,0,-0.439453125,0.13427734375,-0.7080078125,-0.13427734375,-0.1708984375,0.15869140625,-0.62255859375,-0.30517578125,-0.42724609375,-0.03662109375,0.6103515625,0,1.18408203125,0.42724609375,0.5126953125,0.30517578125,-0.146484375,0.341796875,0.7568359375,-0.20751953125,0.98876953125,-0.03662109375,0.47607421875,-0.13427734375,0.45166015625,0.439453125,0.18310546875,-0.47607421875,0.2685546875,-0.09765625,1.03759765625,-0.06103515625,0.18310546875,-0.23193359375,0.2197265625,-0.59814453125,0.29296875,0.146484375,0.830078125,0.28076171875,-0.0244140625,0.244140625,1.3916015625,-0.03662109375,-0.9765625,0,-0.32958984375,-0.390625,-0.96435546875,-0.2197265625,-0.8056640625,0.1220703125,-1.45263671875,0.146484375,-0.28076171875,0.01220703125,-0.29296875,0.30517578125,-1.23291015625,0.09765625,-0.03662109375,-0.0244140625,0.244140625,-0.1220703125,-0.18310546875,-0.35400390625,0.8056640625,0.13427734375,-0.68359375,-0.03662109375,-1.45263671875,-0.08544921875,-1.0009765625,-0.30517578125,0.45166015625,-0.09765625,0.18310546875,-0.01220703125,-0.23193359375,-0.06103515625,-0.1220703125,-0.10986328125,-0.10986328125,-0.10986328125,-0.01220703125,0,0.89111328125,0.0732421875,-0.4150390625,-0.15869140625,-0.52490234375
1,-0.10986328125,-0.10986328125,-0.1708984375,-0.30517578125,0.18310546875,-0.37841796875,-0.01220703125,0.0244140625,0.0244140625,-0.2197265625,-0.15869140625,-0.98876953125,-0.01220703125,0.87890625,-0.0244140625,-0.50048828125,0.0244140625,-0.9033203125,-0.15869140625,-0.47607421875,-0.52490234375,0.57373046875,-0.45166015625,-1.03759765625,0.06103515625,-0.18310546875,0.0732421875,-0.78125,0.08544921875,0.9033203125,-0.0732421875,0.2197265625,0.0244140625,-0.37841796875,0,-0.86669921875,0.048828125,-0.42724609375,0.1220703125,-0.69580078125,-0.0732421875,-0.15869140625,0.18310546875,-0.59814453125,-0.32958984375,-0.439453125,-0.03662109375,0.59814453125,0.03662109375,1.1474609375,0.3662109375,0.5126953125,0.32958984375,-0.13427734375,0.341796875,0.74462890625,-0.2685546875,0.98876953125,-0.048828125,0.45166015625,-0.10986328125,0.4150390625,0.3662109375,0.18310546875,-0.42724609375,0.30517578125,-0.048828125,1.03759765625,-0.048828125,0.18310546875,-0.2685546875,0.2197265625,-0.50048828125,0.30517578125,0.146484375,0.8056640625,0.25634765625,-0.01220703125,0.244140625,1.3916015625,-0.08544921875,-0.9765625,-0.0244140625,-0.35400390625,-0.4638671875,-0.98876953125,-0.15869140625,-0.8056640625,0.10986328125,-1.4892578125,0.10986328125,-0.25634765625,0.048828125,-0.29296875,0.1708984375,-1.2451171875,0.0244140625,-0.048828125,0,0.29296875,-0.03662109375,-0.25634765625,-0.32958984375,0.830078125,0.0732421875,-0.68359375,0.1220703125,-1.4404296875,-0.08544921875,-1.03759765625,-0.28076171875,0.42724609375,-0.09765625,0.18310546875,-0.01220703125,-0.23193359375,-0.0732421875,-0.1220703125,-0.10986328125,-0.1220703125,-0.13427734375,-0.01220703125,0,0.9033203125,0.08544921875,-0.439453125,-0.10986328125,-0.5126953125
0,-0.06103515625,-0.1220703125,-0.13427734375,-0.30517578125,0.20751953125,-0.3662109375,0.01220703125,0.01220703125,0.06103515625,-0.23193359375,-0.15869140625,-0.96435546875,0.01220703125,0.89111328125,-0.0244140625,-0.5126953125,0.03662109375,-0.927734375,-0.1220703125,-0.52490234375,-0.47607421875,0.50048828125,-0.4150390625,-1.1962890625,0.01220703125,-0.20751953125,0.146484375,-0.76904296875,0.01220703125,0.89111328125,-0.01220703125,0.244140625,-0.03662109375,-0.37841796875,-0.0244140625,-0.84228515625,0.10986328125,-0.45166015625,0.146484375,-0.69580078125,0,-0.1708984375,0.1953125,-0.6103515625,-0.30517578125,-0.42724609375,0.01220703125,0.59814453125,0.06103515625,1.1474609375,0.2685546875,0.52490234375,0.3662109375,-0.13427734375,0.2685546875,0.76904296875,-0.25634765625,0.93994140625,-0.0244140625,0.45166015625,-0.09765625,0.439453125,0.3173828125,0.1708984375,-0.40283203125,0.32958984375,0,1.03759765625,0.03662109375,0.20751953125,-0.32958984375,0.244140625,-0.439453125,0.30517578125,0.1953125,0.81787109375,0.244140625,-0.01220703125,0.2197265625,1.37939453125,-0.15869140625,-0.96435546875,-0.08544921875,-0.341796875,-0.45166015625,-0.98876953125,-0.06103515625,-0.8056640625,0.08544921875,-1.50146484375,0.01220703125,-0.23193359375,0.08544921875,-0.29296875,-0.0244140625,-1.23291015625,-0.09765625,-0.09765625,-0.03662109375,0.25634765625,-0.048828125,-0.35400390625,-0.28076171875,0.76904296875,0.01220703125,-0.6591796875,0.1953125,-1.45263671875,-0.0732421875,-1.025390625,-0.2197265625,0.42724609375,-0.06103515625,0.18310546875,0.01220703125,-0.25634765625,-0.06103515625,-0.13427734375,-0.10986328125,-0.13427734375,-0.13427734375,0.01220703125,0,0.9033203125,0.0732421875,-0.439453125,-0.08544921875,-0.5126953125
0,-0.0732421875,-0.13427734375,-0.1953125,-0.30517578125,0.20751953125,-0.3662109375,0,0.01220703125,0.06103515625,-0.2197265625,-0.13427734375,-1.0009765625,0,0.89111328125,-0.01220703125,-0.52490234375,-0.048828125,-0.9765625,-0.0732421875,-0.5615234375,-0.40283203125,0.439453125,-0.40283203125,-1.33056640625,-0.01220703125,-0.20751953125,0.1708984375,-0.79345703125,-0.0732421875,0.87890625,-0.01220703125,0.2197265625,-0.03662109375,-0.3662109375,-0.146484375,-0.830078125,0.1708984375,-0.4638671875,0.1953125,-0.7080078125,0.06103515625,-0.1708984375,0.146484375,-0.62255859375,-0.25634765625,-0.4150390625,0.048828125,0.62255859375,0.10986328125,1.1474609375,0.1953125,0.5126953125,0.4150390625,-0.13427734375,0.2197265625,0.7568359375,-0.28076171875,0.927734375,-0.0244140625,0.439453125,-0.13427734375,0.47607421875,0.28076171875,0.1708984375,-0.3173828125,0.341796875,0.0732421875,1.0498046875,0.08544921875,0.2197265625,-0.35400390625,0.244140625,-0.341796875,0.32958984375,0.18310546875,0.81787109375,0.2197265625,0,0.20751953125,1.40380859375,-0.1708984375,-0.96435546875,-0.10986328125,-0.341796875,-0.37841796875,-1.0009765625,0.0244140625,-0.8056640625,0.1220703125,-1.513671875,-0.1220703125,-0.2197265625,0.13427734375,-0.28076171875,-0.23193359375,-1.20849609375,-0.2197265625,-0.2197265625,-0.09765625,0.15869140625,-0.09765625,-0.537109375,-0.2197265625,0.6591796875,0.01220703125,-0.64697265625,0.20751953125,-1.416015625,-0.08544921875,-1.01318359375,-0.1953125,0.4150390625,-0.06103515625,0.18310546875,0.03662109375,-0.25634765625,-0.0732421875,-0.146484375,-0.10986328125,-0.146484375,-0.13427734375,0.01220703125,0.0244140625,0.87890625,0.0732421875,-0.439453125,-0.06103515625,-0.5126953125
0,-0.0732421875,-0.1708984375,-0.20751953125,-0.3173828125,0.2197265625,-0.3662109375,0,0,0.06103515625,-0.20751953125,-0.1220703125,-1.01318359375,-0.01220703125,0.9033203125,0.048828125,-0.5126953125,-0.09765625,-0.96435546875,-0.08544921875,-0.5859375,-0.3173828125,0.40283203125,-0.50048828125,-1.3671875,-0.01220703125,-0.20751953125,0.08544921875,-0.830078125,-0.15869140625,0.8544921875,-0.03662109375,0.2197265625,0.0732421875,-0.32958984375,-0.30517578125,-0.830078125,0.20751953125,-0.439453125,0.20751953125,-0.72021484375,0.15869140625,-0.18310546875,0.10986328125,-0.6103515625,-0.15869140625,-0.40283203125,0.048828125,0.62255859375,0.1708984375,1.13525390625,0.1708984375,0.47607421875,0.390625,-0.10986328125,0.18310546875,0.74462890625,-0.29296875,0.87890625,-0.0244140625,0.439453125,-0.2197265625,0.5126953125,0.28076171875,0.146484375,-0.25634765625,0.37841796875,0.15869140625,1.03759765625,0.09765625,0.2197265625,-0.390625,0.23193359375,-0.25634765625,0.32958984375,0.20751953125,0.8056640625,0.18310546875,0.0244140625,0.18310546875,1.3671875,-0.1953125,-0.9765625,-0.1220703125,-0.32958984375,-0.25634765625,-0.98876953125,0.0732421875,-0.79345703125,0.15869140625,-1.52587890625,-0.23193359375,-0.2197265625,0.1708984375,-0.28076171875,-0.40283203125,-1.1962890625,-0.2197265625,-0.390625,-0.15869140625,-0.0244140625,-0.0732421875,-0.67138671875,-0.15869140625,0.48828125,0.03662109375,-0.68359375,0.146484375,-1.45263671875,-0.08544921875,-1.025390625,-0.1220703125,0.390625,0,0.15869140625,0.03662109375,-0.25634765625,-0.06103515625,-0.146484375,-0.10986328125,-0.15869140625,-0.146484375,0.01220703125,0,0.89111328125,0.08544921875,-0.4638671875,-0.03662109375,-0.50048828125
0,-0.0732421875,-0.23193359375,-0.20751953125,-0.3173828125,0.2197265625,-0.37841796875,0,0.01220703125,0.06103515625,-0.1953125,-0.08544921875,-1.01318359375,-0.06103515625,0.87890625,0.06103515625,-0.50048828125,-0.03662109375,-0.9521484375,0.048828125,-0.52490234375,-0.10986328125,0.42724609375,-0.4150390625,-1.318359375,0.0244140625,-0.1953125,0.01220703125,-0.8056640625,-0.23193359375,0.89111328125,-0.10986328125,0.2197265625,0.10986328125,-0.32958984375,-0.45166015625,-0.830078125,0.23193359375,-0.439453125,0.1953125,-0.732421875,0.20751953125,-0.1708984375,0.0732421875,-0.634765625,-0.03662109375,-0.40283203125,0.06103515625,0.634765625,0.20751953125,1.1474609375,0.1953125,0.47607421875,0.35400390625,-0.10986328125,0.13427734375,0.74462890625,-0.25634765625,0.830078125,-0.0244140625,0.42724609375,-0.2197265625,0.5615234375,0.2685546875,0.146484375,-0.1708984375,0.3662109375,0.20751953125,1.03759765625,0.10986328125,0.2197265625,-0.390625,0.244140625,-0.1953125,0.3173828125,0.18310546875,0.84228515625,0.15869140625,0.01220703125,0.15869140625,1.35498046875,-0.1953125,-0.9521484375,-0.1220703125,-0.30517578125,-0.10986328125,-0.9765625,0.0732421875,-0.78125,0.1953125,-1.5380859375,-0.30517578125,-0.2197265625,0.10986328125,-0.28076171875,-0.4638671875,-1.18408203125,-0.23193359375,-0.52490234375,-0.29296875,-0.2197265625,-0.03662109375,-0.69580078125,-0.13427734375,0.3662109375,0.09765625,-0.732421875,0.01220703125,-1.45263671875,-0.06103515625,-1.025390625,-0.10986328125,0.40283203125,0.01220703125,0.146484375,0.03662109375,-0.25634765625,-0.0732421875,-0.15869140625,-0.10986328125,-0.1708984375,-0.15869140625,0.01220703125,0,0.86669921875,0.10986328125,-0.47607421875,-0.0244140625,-0.52490234375
0,-0.08544921875,-0.29296875,-0.23193359375,-0.3173828125,0.2685546875,-0.37841796875,0,0,0.048828125,-0.2197265625,-0.10986328125,-1.025390625,-0.09765625,0.89111328125,0.10986328125,-0.48828125,-0.0244140625,-0.89111328125,0.1220703125,-0.42724609375,0.10986328125,0.5126953125,-0.3662109375,-1.2451171875,0.03662109375,-0.18310546875,-0.10986328125,-0.79345703125,-0.2685546875,0.89111328125,-0.20751953125,0.2197265625,0.15869140625,-0.30517578125,-0.537109375,-0.81787109375,0.2197265625,-0.42724609375,0.2197265625,-0.74462890625,0.25634765625,-0.18310546875,0.03662109375,-0.634765625,0.10986328125,-0.390625,0.0244140625,0.634765625,0.29296875,1.18408203125,0.18310546875,0.4638671875,0.3173828125,-0.13427734375,0.146484375,0.74462890625,-0.2197265625,0.76904296875,-0.06103515625,0.4638671875,-0.3173828125,0.6103515625,0.30517578125,0.13427734375,-0.03662109375,0.35400390625,0.23193359375,1.025390625,0.10986328125,0.2197265625,-0.3662109375,0.20751953125,-0.13427734375,0.3173828125,0.13427734375,0.830078125,0.1220703125,0.01220703125,0.10986328125,1.35498046875,-0.1708984375,-0.93994140625,-0.10986328125,-0.30517578125,0.0244140625,-1.0009765625,0.03662109375,-0.76904296875,0.1708984375,-1.513671875,-0.32958984375,-0.244140625,0.048828125,-0.2685546875,-0.42724609375,-1.1962890625,-0.18310546875,-0.59814453125,-0.390625,-0.35400390625,-0.0244140625,-0.6103515625,-0.0732421875,0.244140625,0.1708984375,-0.76904296875,-0.1220703125,-1.47705078125,-0.048828125,-1.01318359375,-0.09765625,0.4150390625,0,0.13427734375,0.03662109375,-0.244140625,-0.0732421875,-0.1708984375,-0.09765625,-0.15869140625,-0.15869140625,0.0244140625,0,0.86669921875,0.1220703125,-0.48828125,-0.0244140625,-0.537109375
0,-0.08544921875,-0.35400390625,-0.1953125,-0.30517578125,0.28076171875,-0.40283203125,0,0.03662109375,0.048828125,-0.1708984375,-0.10986328125,-1.0009765625,-0.10986328125,0.89111328125,0.15869140625,-0.47607421875,0.01220703125,-0.7568359375,0.1220703125,-0.244140625,0.15869140625,0.6103515625,-0.47607421875,-1.06201171875,0.10986328125,-0.1708984375,-0.1953125,-0.8056640625,-0.2197265625,0.89111328125,-0.29296875,0.2197265625,0.2197265625,-0.28076171875,-0.54931640625,-0.86669921875,0.1953125,-0.4150390625,0.18310546875,-0.74462890625,0.25634765625,-0.18310546875,0.048828125,-0.64697265625,0.244140625,-0.37841796875,-0.01220703125,0.634765625,0.28076171875,1.1962890625,0.20751953125,0.42724609375,0.244140625,-0.15869140625,0.15869140625,0.732421875,-0.13427734375,0.68359375,-0.0732421875,0.45166015625,-0.4150390625,0.62255859375,0.3173828125,0.10986328125,-0.0244140625,0.32958984375,0.2685546875,1.03759765625,0.0732421875,0.20751953125,-0.30517578125,0.20751953125,-0.08544921875,0.28076171875,0.15869140625,0.81787109375,0.09765625,0,0.08544921875,1.318359375,-0.146484375,-0.927734375,-0.0732421875,-0.3173828125,0.1220703125,-0.98876953125,0,-0.7568359375,0.10986328125,-1.50146484375,-0.3173828125,-0.23193359375,-0.0732421875,-0.2685546875,-0.29296875,-1.15966796875,-0.18310546875,-0.54931640625,-0.5126953125,-0.40283203125,-0.08544921875,-0.37841796875,-0.06103515625,0.244140625,0.18310546875,-0.78125,-0.2685546875,-1.46484375,-0.03662109375,-1.03759765625,-0.08544921875,0.42724609375,0.01220703125,0.146484375,-0.01220703125,-0.23193359375,-0.0732421875,-0.15869140625,-0.1220703125,-0.146484375,-0.15869140625,0.0244140625,0.0244140625,0.86669921875,0.10986328125,-0.47607421875,-0.03662109375,-0.5126953125
0,-0.09765625,-0.42724609375,-0.18310546875,-0.29296875,0.30517578125,-0.390625,0.0244140625,0.048828125,0.048828125,-0.18310546875,-0.13427734375,-1.01318359375,-0.09765625,0.87890625,0.1953125,-0.48828125,0.08544921875,-0.6103515625,0.25634765625,-0.0732421875,0.25634765625,0.76904296875,-0.390625,-0.830078125,0.13427734375,-0.18310546875,-0.244140625,-0.78125,-0.15869140625,0.9033203125,-0.341796875,0.2197265625,0.2197265625,-0.25634765625,-0.52490234375,-0.8544921875,0.15869140625,-0.439453125,0.09765625,-0.74462890625,0.146484375,-0.1708984375,0.1220703125,-0.64697265625,0.3173828125,-0.3662109375,-0.01220703125,0.64697265625,0.23193359375,1.20849609375,0.25634765625,0.45166015625,0.15869140625,-0.15869140625,0.15869140625,0.74462890625,0,0.64697265625,-0.10986328125,0.4638671875,-0.50048828125,0.634765625,0.23193359375,0.10986328125,0,0.29296875,0.35400390625,1.025390625,0.048828125,0.20751953125,-0.28076171875,0.20751953125,-0.0732421875,0.25634765625,0.1220703125,0.8544921875,0.03662109375,0.01220703125,0.048828125,1.30615234375,-0.1220703125,-0.927734375,-0.0244140625,-0.3173828125,0.15869140625,-1.01318359375,-0.01220703125,-0.7568359375,0.0732421875,-1.50146484375,-0.2685546875,-0.244140625,-0.1953125,-0.29296875,-0.0732421875,-1.1474609375,-0.15869140625,-0.341796875,-0.5126953125,-0.28076171875,-0.10986328125,0.0244140625,0,0.3662109375,0.1708984375,-0.79345703125,-0.32958984375,-1.45263671875,0.0244140625,-1.0498046875,-0.0732421875,0.439453125,0.03662109375,0.146484375,0.01220703125,-0.18310546875,-0.06103515625,-0.146484375,-0.09765625,-0.15869140625,-0.1708984375,0.01220703125,0.01220703125,0.830078125,0.10986328125,-0.48828125,-0.01220703125,-0.52490234375
0,-0.1220703125,-0.439453125,-0.23193359375,-0.28076171875,0.35400390625,-0.4150390625,0.03662109375,0.048828125,0.0244140625,-0.18310546875,-0.09765625,-1.0009765625,-0.10986328125,0.86669921875,0.1953125,-0.48828125,0.06103515625,-0.40283203125,0.29296875,0.1220703125,0.1708984375,0.927734375,-0.3662109375,-0.64697265625,0.1220703125,-0.1708984375,-0.25634765625,-0.78125,-0.08544921875,0.91552734375,-0.32958984375,0.23193359375,0.2197265625,-0.244140625,-0.390625,-0.84228515625,0.13427734375,-0.42724609375,0.09765625,-0.732421875,-0.01220703125,-0.1708984375,0.146484375,-0.67138671875,0.29296875,-0.390625,0,0.64697265625,0.20751953125,1.220703125,0.29296875,0.4638671875,0.0732421875,-0.18310546875,0.1220703125,0.7568359375,0.048828125,0.6103515625,-0.1220703125,0.47607421875,-0.5859375,0.634765625,0.15869140625,0.1220703125,0.03662109375,0.2685546875,0.390625,1.03759765625,0.01220703125,0.1953125,-0.244140625,0.20751953125,-0.048828125,0.25634765625,0.1220703125,0.81787109375,0.01220703125,-0.01220703125,0.0244140625,1.33056640625,-0.0732421875,-0.91552734375,0.01220703125,-0.30517578125,0.09765625,-1.0009765625,0,-0.74462890625,0,-1.50146484375,-0.1953125,-0.2685546875,-0.25634765625,-0.28076171875,0.13427734375,-1.171875,-0.15869140625,0,-0.50048828125,0,-0.146484375,0.54931640625,-0.01220703125,0.64697265625,0.10986328125,-0.78125,-0.37841796875,-1.46484375,0.09765625,-1.0498046875,-0.08544921875,0.45166015625,0.01220703125,0.146484375,0.03662109375,-0.15869140625,-0.06103515625,-0.146484375,-0.09765625,-0.146484375,-0.18310546875,0,0.0244140625,0.84228515625,0.08544921875,-0.48828125,0,-0.5126953125
0,-0.10986328125,-0.439453125,-0.2197265625,-0.2685546875,0.37841796875,-0.40283203125,0.0244140625,0.06103515625,0.01220703125,-0.18310546875,-0.09765625,-1.0009765625,-0.10986328125,0.86669921875,0.2197265625,-0.5126953125,0.13427734375,-0.18310546875,0.390625,0.32958984375,0.08544921875,1.07421875,-0.25634765625,-0.4638671875,0.08544921875,-0.18310546875,-0.23193359375,-0.7568359375,-0.01220703125,0.91552734375,-0.23193359375,0.23193359375,0.23193359375,-0.28076171875,-0.29296875,-0.86669921875,0.06103515625,-0.42724609375,0.10986328125,-0.72021484375,-0.18310546875,-0.1953125,0.20751953125,-0.6591796875,0.18310546875,-0.37841796875,0,0.64697265625,0.10986328125,1.220703125,0.30517578125,0.47607421875,0.048828125,-0.15869140625,0.0732421875,0.7568359375,0.10986328125,0.59814453125,-0.15869140625,0.45166015625,-0.6591796875,0.62255859375,0.0732421875,0.13427734375,0.06103515625,0.23193359375,0.3662109375,1.025390625,0,0.18310546875,-0.1953125,0.1953125,0,0.244140625,0.0732421875,0.81787109375,-0.01220703125,-0.01220703125,0.01220703125,1.3427734375,-0.048828125,-0.91552734375,0.0732421875,-0.32958984375,-0.01220703125,-1.01318359375,0.0244140625,-0.732421875,-0.0244140625,-1.4892578125,-0.13427734375,-0.2685546875,-0.20751953125,-0.29296875,0.244140625,-1.15966796875,-0.09765625,0.50048828125,-0.42724609375,0.4150390625,-0.06103515625,1.1962890625,-0.01220703125,1.03759765625,0,-0.7568359375,-0.29296875,-1.45263671875,0.06103515625,-1.03759765625,-0.0732421875,0.439453125,0.0244140625,0.15869140625,0.03662109375,-0.15869140625,-0.0732421875,-0.146484375,-0.06103515625,-0.13427734375,-0.146484375,0.01220703125,0.0244140625,0.830078125,0.0732421875,-0.5126953125,0.01220703125,-0.5126953125
0,-0.10986328125,-0.45166015625,-0.20751953125,-0.2685546875,0.40283203125,-0.390625,0.048828125,0.0244140625,-0.0244140625,-0.18310546875,-0.09765625,-0.98876953125,-0.1220703125,0.89111328125,0.2197265625,-0.52490234375,0.18310546875,0.03662109375,0.4638671875,0.52490234375,-0.01220703125,1.20849609375,-0.06103515625,-0.32958984375,0.03662109375,-0.20751953125,-0.18310546875,-0.74462890625,0.0244140625,0.9033203125,-0.08544921875,0.244140625,0.20751953125,-0.28076171875,-0.15869140625,-0.8544921875,-0.0244140625,-0.390625,0.0732421875,-0.69580078125,-0.3662109375,-0.18310546875,0.20751953125,-0.64697265625,0.08544921875,-0.37841796875,0,0.634765625,0.01220703125,1.171875,0.30517578125,0.48828125,0.0244140625,-0.146484375,-0.01220703125,0.76904296875,0.146484375,0.634765625,-0.13427734375,0.4638671875,-0.67138671875,0.5859375,0.03662109375,0.1220703125,0.13427734375,0.20751953125,0.390625,1.025390625,-0.03662109375,0.18310546875,-0.1708984375,0.20751953125,0.0732421875,0.244140625,0.03662109375,0.830078125,-0.03662109375,-0.01220703125,-0.01220703125,1.33056640625,-0.0244140625,-0.927734375,0.1220703125,-0.341796875,-0.13427734375,-1.025390625,0.0732421875,-0.76904296875,-0.0244140625,-1.513671875,-0.0732421875,-0.28076171875,-0.1220703125,-0.28076171875,0.29296875,-1.18408203125,-0.0732421875,1.08642578125,-0.25634765625,0.98876953125,-0.10986328125,1.94091796875,-0.03662109375,1.57470703125,-0.146484375,-0.732421875,-0.1953125,-1.46484375,0.06103515625,-1.03759765625,-0.06103515625,0.439453125,0.0244140625,0.1708984375,0.048828125,-0.13427734375,-0.048828125,-0.1708984375,-0.0244140625,-0.1220703125,-0.146484375,0.01220703125,0.0244140625,0.84228515625,0.06103515625,-0.52490234375,0.0244140625,-0.5126953125
0,-0.1220703125,-0.42724609375,-0.18310546875,-0.30517578125,0.45166015625,-0.37841796875,0.03662109375,0.0244140625,-0.03662109375,-0.1953125,-0.08544921875,-0.98876953125,-0.146484375,0.9033203125,0.23193359375,-0.52490234375,0.10986328125,0.25634765625,0.390625,0.69580078125,-0.1708984375,1.33056640625,0.01220703125,-0.244140625,-0.0244140625,-0.2197265625,-0.08544921875,-0.732421875,0.048828125,0.87890625,0.03662109375,0.23193359375,0.20751953125,-0.3173828125,-0.01220703125,-0.86669921875,-0.10986328125,-0.390625,0.01220703125,-0.7080078125,-0.45166015625,-0.1953125,0.146484375,-0.634765625,-0.08544921875,-0.37841796875,-0.048828125,0.634765625,-0.03662109375,1.1474609375,0.341796875,0.47607421875,0,-0.146484375,-0.06103515625,0.7568359375,0.1708984375,0.68359375,-0.09765625,0.4638671875,-0.732421875,0.57373046875,0.0732421875,0.13427734375,0.146484375,0.20751953125,0.35400390625,1.03759765625,-0.0244140625,0.1953125,-0.15869140625,0.18310546875,0.06103515625,0.2685546875,-0.03662109375,0.8056640625,-0.048828125,-0.03662109375,0,1.35498046875,-0.01220703125,-0.93994140625,0.146484375,-0.341796875,-0.25634765625,-1.0009765625,0.10986328125,-0.7568359375,-0.01220703125,-1.513671875,-0.0244140625,-0.28076171875,0.03662109375,-0.29296875,0.23193359375,-1.18408203125,-0.08544921875,1.74560546875,-0.1708984375,1.5869140625,-0.2197265625,2.734375,-0.09765625,2.16064453125,-0.25634765625,-0.72021484375,-0.08544921875,-1.4404296875,-0.01220703125,-1.03759765625,-0.08544921875,0.42724609375,0.0244140625,0.1953125,0.03662109375,-0.13427734375,-0.06103515625,-0.15869140625,-0.01220703125,-0.10986328125,-0.146484375,0.0244140625,0.03662109375,0.84228515625,0.03662109375,-0.5126953125,0.03662109375,-0.50048828125
0,-0.1220703125,-0.40283203125,-0.1953125,-0.3173828125,0.47607421875,-0.390625,0.06103515625,0.01220703125,-0.048828125,-0.1953125,-0.09765625,-0.98876953125,-0.15869140625,0.91552734375,0.20751953125,-0.537109375,0.146484375,0.439453125,0.3173828125,0.830078125,-0.25634765625,1.37939453125,0.03662109375,-0.2197265625,-0.06103515625,-0.2197265625,-0.0244140625,-0.7568359375,0.09765625,0.86669921875,0.146484375,0.23193359375,0.244140625,-0.3173828125,0.1708984375,-0.8544921875,-0.1708984375,-0.390625,-0.01220703125,-0.69580078125,-0.439453125,-0.18310546875,0.1220703125,-0.6103515625,-0.20751953125,-0.37841796875,0.01220703125,0.62255859375,-0.06103515625,1.13525390625,0.3173828125,0.48828125,-0.01220703125,-0.15869140625,-0.06103515625,0.74462890625,0.1708984375,0.7568359375,-0.048828125,0.4638671875,-0.69580078125,0.5859375,0.10986328125,0.13427734375,0.1220703125,0.23193359375,0.2685546875,1.0498046875,-0.0244140625,0.20751953125,-0.146484375,0.18310546875,-0.03662109375,0.29296875,-0.048828125,0.8056640625,-0.048828125,0,-0.01220703125,1.3671875,0.01220703125,-0.9521484375,0.15869140625,-0.341796875,-0.32958984375,-1.01318359375,0.15869140625,-0.76904296875,0.03662109375,-1.52587890625,-0.01220703125,-0.28076171875,0.1953125,-0.29296875,0.1220703125,-1.20849609375,-0.03662109375,2.392578125,-0.0732421875,2.2216796875,-0.20751953125,3.5400390625,-0.0732421875,2.72216796875,-0.3173828125,-0.72021484375,0.01220703125,-1.45263671875,-0.09765625,-1.0498046875,-0.09765625,0.390625,0.0244140625,0.20751953125,0.03662109375,-0.1708984375,-0.06103515625,-0.146484375,-0.0244140625,-0.13427734375,-0.146484375,0.0244140625,0.01220703125,0.8544921875,0.03662109375,-0.5126953125,0.01220703125,-0.48828125
0,-0.10986328125,-0.35400390625,-0.1953125,-0.3173828125,0.48828125,-0.37841796875,0.048828125,-0.01220703125,-0.048828125,-0.20751953125,-0.08544921875,-1.01318359375,-0.1708984375,0.91552734375,0.20751953125,-0.52490234375,0.10986328125,0.6103515625,0.25634765625,0.927734375,-0.28076171875,1.45263671875,-0.01220703125,-0.1953125,-0.048828125,-0.20751953125,0.048828125,-0.7568359375,0.09765625,0.8544921875,0.2197265625,0.23193359375,0.28076171875,-0.3173828125,0.2685546875,-0.84228515625,-0.18310546875,-0.4150390625,0.0244140625,-0.7080078125,-0.37841796875,-0.1953125,0.0244140625,-0.59814453125,-0.28076171875,-0.37841796875,-0.03662109375,0.634765625,-0.048828125,1.13525390625,0.29296875,0.4638671875,-0.0732421875,-0.18310546875,-0.0732421875,0.72021484375,0.1708984375,0.86669921875,0,0.439453125,-0.59814453125,0.54931640625,0.15869140625,0.09765625,0.13427734375,0.23193359375,0.1953125,1.03759765625,-0.03662109375,0.20751953125,-0.146484375,0.1708984375,-0.08544921875,0.29296875,-0.0244140625,0.81787109375,-0.048828125,-0.01220703125,-0.048828125,1.35498046875,0.03662109375,-0.96435546875,0.146484375,-0.341796875,-0.341796875,-1.03759765625,0.146484375,-0.78125,0.09765625,-1.50146484375,-0.03662109375,-0.29296875,0.32958984375,-0.28076171875,0.01220703125,-1.1962890625,-0.06103515625,2.978515625,-0.0244140625,2.8076171875,-0.25634765625,4.28466796875,-0.0732421875,3.2470703125,-0.29296875,-0.7080078125,0.03662109375,-1.45263671875,-0.1708984375,-1.025390625,-0.08544921875,0.40283203125,0.01220703125,0.2197265625,0.03662109375,-0.18310546875,-0.0732421875,-0.15869140625,0.01220703125,-0.1220703125,-0.15869140625,0.0244140625,0.01220703125,0.84228515625,0.03662109375,-0.50048828125,0,-0.4638671875
0,-0.1220703125,-0.32958984375,-0.2197265625,-0.3173828125,0.537109375,-0.3662109375,0.03662109375,0,-0.03662109375,-0.20751953125,-0.0732421875,-1.0009765625,-0.18310546875,0.91552734375,0.20751953125,-0.52490234375,0.06103515625,0.72021484375,0.20751953125,0.9765625,-0.23193359375,1.47705078125,-0.18310546875,-0.20751953125,-0.03662109375,-0.20751953125,0.1220703125,-0.79345703125,0.10986328125,0.86669921875,0.2197265625,0.23193359375,0.341796875,-0.32958984375,0.2685546875,-0.8544921875,-0.20751953125,-0.4150390625,-0.01220703125,-0.72021484375,-0.244140625,-0.1953125,-0.06103515625,-0.6103515625,-0.35400390625,-0.37841796875,-0.06103515625,0.634765625,0.01220703125,1.123046875,0.2197265625,0.45166015625,-0.08544921875,-0.20751953125,-0.048828125,0.7080078125,0.06103515625,0.9521484375,0.03662109375,0.439453125,-0.48828125,0.59814453125,0.2197265625,0.09765625,0.09765625,0.2197265625,0.08544921875,1.06201171875,-0.0244140625,0.244140625,-0.15869140625,0.1708984375,-0.15869140625,0.3173828125,0.0244140625,0.8056640625,-0.0244140625,0,-0.09765625,1.3671875,0.06103515625,-0.98876953125,0.1220703125,-0.35400390625,-0.30517578125,-1.03759765625,0.08544921875,-0.8056640625,0.18310546875,-1.513671875,-0.0732421875,-0.32958984375,0.3662109375,-0.28076171875,-0.0732421875,-1.20849609375,-0.01220703125,3.466796875,-0.0732421875,3.3203125,-0.30517578125,4.89501953125,-0.01220703125,3.69873046875,-0.1953125,-0.67138671875,0.0732421875,-1.46484375,-0.20751953125,-1.01318359375,-0.048828125,0.37841796875,0,0.2197265625,0.03662109375,-0.18310546875,-0.06103515625,-0.146484375,0.0244140625,-0.1220703125,-0.146484375,0.01220703125,0.01220703125,0.84228515625,0.03662109375,-0.50048828125,-0.06103515625,-0.5126953125
1,-0.13427734375,-0.32958984375,-0.2197265625,-0.3173828125,0.50048828125,-0.3662109375,0,0.03662109375,-0.06103515625,-0.20751953125,-0.06103515625,-1.01318359375,-0.1708984375,0.91552734375,0.20751953125,-0.5126953125,0.048828125,0.78125,0.1708984375,1.0009765625,-0.1708984375,1.4892578125,-0.439453125,-0.2197265625,0.01220703125,-0.18310546875,0.15869140625,-0.8056640625,0.09765625,0.87890625,0.2197265625,0.23193359375,0.40283203125,-0.30517578125,0.1953125,-0.8544921875,-0.146484375,-0.4150390625,0,-0.72021484375,-0.1220703125,-0.1953125,-0.09765625,-0.62255859375,-0.3662109375,-0.35400390625,-0.146484375,0.634765625,0.08544921875,1.171875,0.1708984375,0.45166015625,-0.1220703125,-0.2197265625,-0.048828125,0.72021484375,0.03662109375,1.07421875,0.048828125,0.45166015625,-0.35400390625,0.67138671875,0.25634765625,0.09765625,0.048828125,0.23193359375,0,1.0498046875,-0.0244140625,0.244140625,-0.146484375,0.1953125,-0.23193359375,0.341796875,0.048828125,0.830078125,-0.01220703125,0.01220703125,-0.13427734375,1.3671875,0.06103515625,-0.98876953125,0.06103515625,-0.35400390625,-0.1953125,-1.03759765625,-0.01220703125,-0.8056640625,0.28076171875,-1.50146484375,-0.13427734375,-0.28076171875,0.32958984375,-0.28076171875,-0.06103515625,-1.20849609375,0,3.79638671875,-0.13427734375,3.6865234375,-0.244140625,5.46875,0.01220703125,4.06494140625,-0.048828125,-0.7080078125,0.06103515625,-1.46484375,-0.23193359375,-1.025390625,-0.048828125,0.37841796875,0,0.1953125,0.048828125,-0.20751953125,-0.06103515625,-0.15869140625,0,-0.13427734375,-0.15869140625,0.01220703125,0,0.81787109375,0.048828125,-0.50048828125,-0.0732421875,-0.48828125
1,-0.15869140625,-0.32958984375,-0.25634765625,-0.30517578125,0.537109375,-0.3662109375,-0.048828125,0.03662109375,-0.06103515625,-0.20751953125,-0.06103515625,-0.98876953125,-0.18310546875,0.91552734375,0.20751953125,-0.48828125,0,0.8056640625,0.13427734375,1.025390625,-0.146484375,1.47705078125,-0.69580078125,-0.244140625,0.0732421875,-0.15869140625,0.146484375,-0.8056640625,0.03662109375,0.89111328125,0.20751953125,0.2197265625,0.4150390625,-0.30517578125,0.10986328125,-0.8544921875,-0.09765625,-0.45166015625,-0.048828125,-0.76904296875,0.01220703125,-0.20751953125,-0.09765625,-0.62255859375,-0.3173828125,-0.3662109375,-0.23193359375,0.64697265625,0.18310546875,1.171875,0.146484375,0.439453125,-0.1220703125,-0.2197265625,-0.09765625,0.732421875,-0.06103515625,1.15966796875,0.0244140625,0.4638671875,-0.2197265625,0.732421875,0.29296875,0.08544921875,-0.06103515625,0.244140625,-0.048828125,1.0498046875,-0.01220703125,0.2685546875,-0.18310546875,0.1953125,-0.29296875,0.35400390625,0.03662109375,0.830078125,0.03662109375,0.0244140625,-0.15869140625,1.3671875,0.08544921875,-0.9765625,0.01220703125,-0.32958984375,-0.1220703125,-1.0498046875,-0.08544921875,-0.79345703125,0.3662109375,-1.50146484375,-0.1220703125,-0.28076171875,0.23193359375,-0.28076171875,-0.06103515625,-1.20849609375,-0.01220703125,4.04052734375,-0.2197265625,3.8818359375,-0.244140625,5.95703125,-0.03662109375,4.296875,0.15869140625,-0.74462890625,0,-1.4892578125,-0.2197265625,-1.03759765625,-0.08544921875,0.3662109375,0,0.18310546875,0.06103515625,-0.2197265625,-0.06103515625,-0.13427734375,0.01220703125,-0.10986328125,-0.1953125,-0.01220703125,0,0.8056640625,0.048828125,-0.4638671875,-0.0732421875,-0.537109375
1,-0.146484375,-0.32958984375,-0.23193359375,-0.29296875,0.5126953125,-0.37841796875,-0.06103515625,0.03662109375,-0.03662109375,-0.20751953125,-0.048828125,-1.01318359375,-0.18310546875,0.9033203125,0.15869140625,-0.48828125,-0.01220703125,0.76904296875,0.0732421875,0.9765625,-0.13427734375,1.45263671875,-0.84228515625,-0.28076171875,0.13427734375,-0.1708984375,0.09765625,-0.81787109375,0.048828125,0.9033203125,0.13427734375,0.23193359375,0.4150390625,-0.32958984375,0.08544921875,-0.8544921875,-0.0244140625,-0.45166015625,-0.1220703125,-0.74462890625,0.10986328125,-0.20751953125,-0.01220703125,-0.64697265625,-0.23193359375,-0.4150390625,-0.25634765625,0.64697265625,0.2685546875,1.1962890625,0.10986328125,0.45166015625,-0.08544921875,-0.1953125,-0.15869140625,0.732421875,-0.1220703125,1.28173828125,-0.01220703125,0.4638671875,-0.09765625,0.8056640625,0.32958984375,0.08544921875,-0.18310546875,0.2197265625,-0.09765625,1.06201171875,-0.0244140625,0.2685546875,-0.18310546875,0.1953125,-0.35400390625,0.32958984375,0.06103515625,0.830078125,0.0732421875,0,-0.1953125,1.3916015625,0.06103515625,-0.98876953125,-0.048828125,-0.32958984375,-0.0244140625,-1.0498046875,-0.1220703125,-0.76904296875,0.390625,-1.513671875,-0.09765625,-0.2685546875,0.08544921875,-0.28076171875,-0.0244140625,-1.20849609375,-0.0244140625,4.13818359375,-0.3173828125,4.01611328125,-0.10986328125,6.2744140625,-0.09765625,4.43115234375,0.29296875,-0.78125,-0.06103515625,-1.4892578125,-0.146484375,-1.025390625,-0.15869140625,0.390625,0,0.1953125,0.06103515625,-0.2197265625,-0.0732421875,-0.146484375,0.03662109375,-0.09765625,-0.20751953125,0,0,0.78125,0.06103515625,-0.4638671875,-0.048828125,-0.54931640625
1,-0.15869140625,-0.35400390625,-0.25634765625,-0.29296875,0.50048828125,-0.390625,-0.03662109375,0.06103515625,-0.03662109375,-0.1953125,-0.048828125,-1.01318359375,-0.1708984375,0.9033203125,0.15869140625,-0.47607421875,-0.0244140625,0.6591796875,0.06103515625,0.93994140625,-0.1708984375,1.416015625,-0.84228515625,-0.2685546875,0.18310546875,-0.15869140625,0.08544921875,-0.830078125,0.0244140625,0.89111328125,0.048828125,0.20751953125,0.3173828125,-0.3173828125,0.06103515625,-0.830078125,0.048828125,-0.439453125,-0.146484375,-0.74462890625,0.1708984375,-0.18310546875,0.048828125,-0.64697265625,-0.1220703125,-0.4150390625,-0.30517578125,0.64697265625,0.28076171875,1.20849609375,0.048828125,0.45166015625,-0.048828125,-0.1708984375,-0.20751953125,0.72021484375,-0.10986328125,1.3427734375,-0.06103515625,0.4638671875,0.06103515625,0.8056640625,0.37841796875,0.06103515625,-0.25634765625,0.23193359375,-0.15869140625,1.0498046875,-0.03662109375,0.29296875,-0.20751953125,0.1953125,-0.35400390625,0.35400390625,0.06103515625,0.86669921875,0.09765625,0.0244140625,-0.2197265625,1.3427734375,0.0244140625,-0.96435546875,-0.0732421875,-0.30517578125,0.03662109375,-1.03759765625,-0.0732421875,-0.7568359375,0.37841796875,-1.513671875,-0.0732421875,-0.2685546875,-0.0732421875,-0.29296875,-0.0244140625,-1.220703125,0.01220703125,4.150390625,-0.3173828125,4.00390625,-0.01220703125,6.4697265625,-0.0732421875,4.4921875,0.37841796875,-0.76904296875,-0.0732421875,-1.47705078125,-0.1220703125,-1.025390625,-0.1953125,0.4150390625,0.01220703125,0.18310546875,0.06103515625,-0.1953125,-0.0732421875,-0.1708984375,0.048828125,-0.09765625,-0.20751953125,-0.0244140625,0,0.78125,0.03662109375,-0.4638671875,-0.06103515625,-0.5615234375
1,-0.15869140625,-0.390625,-0.25634765625,-0.28076171875,0.5126953125,-0.390625,-0.048828125,0.048828125,-0.0244140625,-0.1953125,-0.048828125,-1.01318359375,-0.13427734375,0.89111328125,0.1220703125,-0.47607421875,-0.048828125,0.5615234375,0.1708984375,0.86669921875,-0.2197265625,1.3916015625,-0.69580078125,-0.28076171875,0.1708984375,-0.146484375,0.06103515625,-0.81787109375,-0.01220703125,0.91552734375,-0.0732421875,0.20751953125,0.146484375,-0.30517578125,0.08544921875,-0.8544921875,0.13427734375,-0.439453125,-0.1708984375,-0.7568359375,0.146484375,-0.18310546875,0.10986328125,-0.6591796875,0,-0.42724609375,-0.2685546875,0.6591796875,0.28076171875,1.171875,-0.0244140625,0.42724609375,-0.01220703125,-0.13427734375,-0.244140625,0.74462890625,-0.08544921875,1.416015625,-0.1220703125,0.4638671875,0.1708984375,0.84228515625,0.42724609375,0.08544921875,-0.32958984375,0.2197265625,-0.20751953125,1.06201171875,-0.048828125,0.28076171875,-0.23193359375,0.2197265625,-0.37841796875,0.35400390625,0.06103515625,0.830078125,0.10986328125,0,-0.23193359375,1.3427734375,0,-0.98876953125,-0.08544921875,-0.32958984375,0.048828125,-1.03759765625,0.01220703125,-0.7568359375,0.29296875,-1.513671875,-0.048828125,-0.25634765625,-0.20751953125,-0.29296875,-0.03662109375,-1.23291015625,-0.03662109375,4.04052734375,-0.29296875,3.955078125,-0.048828125,6.5185546875,-0.08544921875,4.45556640625,0.40283203125,-0.78125,-0.09765625,-1.47705078125,-0.0244140625,-1.03759765625,-0.20751953125,0.4150390625,0.01220703125,0.1708984375,0.0732421875,-0.2197265625,-0.06103515625,-0.1953125,0.06103515625,-0.09765625,-0.2197265625,-0.03662109375,-0.01220703125,0.78125,0.03662109375,-0.48828125,-0.0732421875,-0.5615234375
1,-0.15869140625,-0.37841796875,-0.23193359375,-0.28076171875,0.537109375,-0.4150390625,-0.0732421875,0.048828125,-0.01220703125,-0.1953125,-0.01220703125,-1.025390625,-0.1220703125,0.9033203125,0.09765625,-0.48828125,-0.08544921875,0.45166015625,0.1953125,0.8056640625,-0.32958984375,1.3671875,-0.45166015625,-0.29296875,0.1220703125,-0.146484375,0.06103515625,-0.8056640625,-0.06103515625,0.9033203125,-0.1953125,0.2197265625,-0.048828125,-0.30517578125,0.10986328125,-0.84228515625,0.146484375,-0.45166015625,-0.18310546875,-0.74462890625,0.08544921875,-0.1708984375,0.1708984375,-0.6591796875,0.0732421875,-0.40283203125,-0.20751953125,0.634765625,0.2685546875,1.13525390625,-0.048828125,0.439453125,0.01220703125,-0.1220703125,-0.28076171875,0.7568359375,-0.01220703125,1.4892578125,-0.18310546875,0.47607421875,0.244140625,0.84228515625,0.45166015625,0.10986328125,-0.42724609375,0.2197265625,-0.20751953125,1.06201171875,-0.048828125,0.28076171875,-0.2197265625,0.2197265625,-0.4150390625,0.32958984375,0.08544921875,0.830078125,0.13427734375,0,-0.20751953125,1.3427734375,-0.0244140625,-0.96435546875,-0.08544921875,-0.32958984375,0.048828125,-1.03759765625,0.13427734375,-0.76904296875,0.23193359375,-1.4892578125,-0.0732421875,-0.244140625,-0.25634765625,-0.30517578125,-0.0732421875,-1.220703125,-0.06103515625,3.91845703125,-0.20751953125,3.84521484375,-0.03662109375,6.4208984375,-0.03662109375,4.40673828125,0.29296875,-0.78125,-0.10986328125,-1.45263671875,0.06103515625,-1.025390625,-0.20751953125,0.4150390625,0.03662109375,0.1953125,0.08544921875,-0.1953125,-0.0732421875,-0.2197265625,0.0732421875,-0.10986328125,-0.18310546875,-0.03662109375,-0.01220703125,0.81787109375,0.01220703125,-0.5126953125,-0.06103515625,-0.54931640625
1,-0.15869140625,-0.4150390625,-0.2685546875,-0.29296875,0.54931640625,-0.40283203125,-0.09765625,0.048828125,0,-0.1953125,0,-1.025390625,-0.13427734375,0.86669921875,0.08544921875,-0.48828125,-0.06103515625,0.35400390625,0.29296875,0.732421875,-0.3662109375,1.3427734375,-0.15869140625,-0.341796875,0.03662109375,-0.1708984375,0.08544921875,-0.8056640625,-0.1708984375,0.927734375,-0.2685546875,0.23193359375,-0.244140625,-0.30517578125,0.09765625,-0.86669921875,0.18310546875,-0.45166015625,-0.15869140625,-0.72021484375,0.0244140625,-0.1708984375,0.1953125,-0.6591796875,0.10986328125,-0.4150390625,-0.1708984375,0.62255859375,0.2685546875,1.13525390625,-0.08544921875,0.4638671875,0.01220703125,-0.1220703125,-0.25634765625,0.76904296875,0.06103515625,1.52587890625,-0.23193359375,0.47607421875,0.341796875,0.81787109375,0.4150390625,0.13427734375,-0.45166015625,0.20751953125,-0.23193359375,1.07421875,-0.0732421875,0.2685546875,-0.23193359375,0.2197265625,-0.439453125,0.3173828125,0.10986328125,0.84228515625,0.146484375,0.01220703125,-0.1953125,1.35498046875,-0.06103515625,-0.9521484375,-0.048828125,-0.32958984375,0.01220703125,-1.03759765625,0.244140625,-0.732421875,0.146484375,-1.50146484375,-0.09765625,-0.23193359375,-0.244140625,-0.3173828125,-0.1220703125,-1.23291015625,-0.08544921875,3.759765625,-0.13427734375,3.7109375,-0.0244140625,6.201171875,-0.048828125,4.296875,0.146484375,-0.7568359375,-0.13427734375,-1.4404296875,0.1220703125,-1.06201171875,-0.1953125,0.4150390625,0.0244140625,0.18310546875,0.09765625,-0.20751953125,-0.048828125,-0.2197265625,0.0732421875,-0.09765625,-0.1708984375,-0.03662109375,-0.0244140625,0.8056640625,0,-0.52490234375,-0.06103515625,-0.537109375
1,-0.15869140625,-0.4150390625,-0.2685546875,-0.29296875,0.54931640625,-0.40283203125,-0.08544921875,0.0244140625,0.01220703125,-0.1953125,0.01220703125,-1.0009765625,-0.146484375,0.89111328125,0.048828125,-0.5126953125,0.01220703125,0.2685546875,0.341796875,0.68359375,-0.29296875,1.318359375,-0.0244140625,-0.40283203125,-0.08544921875,-0.18310546875,0.048828125,-0.79345703125,-0.2685546875,0.91552734375,-0.341796875,0.244140625,-0.30517578125,-0.30517578125,0.10986328125,-0.84228515625,0.10986328125,-0.42724609375,-0.146484375,-0.72021484375,-0.048828125,-0.18310546875,0.20751953125,-0.6591796875,0.08544921875,-0.40283203125,-0.09765625,0.62255859375,0.2685546875,1.11083984375,-0.1220703125,0.4638671875,0.06103515625,-0.10986328125,-0.29296875,0.76904296875,0.09765625,1.513671875,-0.25634765625,0.4638671875,0.37841796875,0.74462890625,0.37841796875,0.1220703125,-0.50048828125,0.2197265625,-0.2197265625,1.07421875,-0.08544921875,0.25634765625,-0.1953125,0.2197265625,-0.48828125,0.32958984375,0.146484375,0.84228515625,0.13427734375,0,-0.146484375,1.3427734375,-0.09765625,-0.93994140625,0.0244140625,-0.32958984375,0.01220703125,-1.01318359375,0.341796875,-0.732421875,0.08544921875,-1.47705078125,-0.146484375,-0.244140625,-0.13427734375,-0.30517578125,-0.1708984375,-1.220703125,-0.146484375,3.57666015625,-0.01220703125,3.5400390625,-0.048828125,5.8837890625,-0.06103515625,4.1259765625,-0.01220703125,-0.732421875,-0.18310546875,-1.4404296875,0.15869140625,-1.06201171875,-0.18310546875,0.42724609375,0.03662109375,0.20751953125,0.1220703125,-0.1953125,-0.0732421875,-0.28076171875,0.048828125,-0.1220703125,-0.18310546875,-0.048828125,-0.03662109375,0.81787109375,-0.01220703125,-0.5615234375,-0.0732421875,-0.54931640625
1,-0.1708984375,-0.4150390625,-0.2685546875,-0.2685546875,0.57373046875,-0.37841796875,-0.0732421875,0.03662109375,-0.01220703125,-0.20751953125,0.01220703125,-1.01318359375,-0.146484375,0.87890625,0.0244140625,-0.5126953125,0.0732421875,0.244140625,0.42724609375,0.64697265625,-0.13427734375,1.30615234375,0.10986328125,-0.45166015625,-0.18310546875,-0.20751953125,0.03662109375,-0.78125,-0.3662109375,0.9033203125,-0.3173828125,0.244140625,-0.30517578125,-0.29296875,0.1220703125,-0.84228515625,0.0244140625,-0.4150390625,-0.13427734375,-0.68359375,-0.0732421875,-0.18310546875,0.1220703125,-0.64697265625,0.048828125,-0.3662109375,-0.01220703125,0.62255859375,0.28076171875,1.123046875,-0.13427734375,0.4638671875,0.0732421875,-0.1220703125,-0.3173828125,0.7568359375,0.13427734375,1.52587890625,-0.244140625,0.4638671875,0.3173828125,0.64697265625,0.341796875,0.1220703125,-0.48828125,0.244140625,-0.18310546875,1.07421875,-0.10986328125,0.23193359375,-0.18310546875,0.23193359375,-0.50048828125,0.3662109375,0.146484375,0.8544921875,0.10986328125,0.01220703125,-0.08544921875,1.3427734375,-0.1220703125,-0.93994140625,0.08544921875,-0.341796875,-0.01220703125,-0.98876953125,0.37841796875,-0.732421875,0.09765625,-1.4892578125,-0.1953125,-0.23193359375,-0.0244140625,-0.32958984375,-0.1953125,-1.20849609375,-0.15869140625,3.369140625,0.0732421875,3.35693359375,-0.0732421875,5.48095703125,-0.08544921875,3.955078125,-0.1953125,-0.69580078125,-0.25634765625,-1.416015625,0.146484375,-1.06201171875,-0.15869140625,0.4150390625,0.08544921875,0.1953125,0.09765625,-0.18310546875,-0.0732421875,-0.2685546875,0.048828125,-0.13427734375,-0.1708984375,-0.06103515625,-0.06103515625,0.81787109375,-0.01220703125,-0.54931640625,-0.06103515625,-0.52490234375
1,-0.146484375,-0.40283203125,-0.244140625,-0.2685546875,0.57373046875,-0.37841796875,-0.0732421875,0.0244140625,-0.01220703125,-0.20751953125,0.0244140625,-1.0009765625,-0.13427734375,0.87890625,-0.01220703125,-0.52490234375,0.08544921875,0.1953125,0.341796875,0.59814453125,-0.0732421875,1.26953125,-0.048828125,-0.5126953125,-0.20751953125,-0.2197265625,-0.03662109375,-0.78125,-0.4150390625,0.89111328125,-0.2197265625,0.244140625,-0.25634765625,-0.29296875,0.15869140625,-0.8544921875,-0.09765625,-0.4150390625,-0.09765625,-0.69580078125,-0.1220703125,-0.1708984375,0.03662109375,-0.64697265625,0.048828125,-0.35400390625,-0.01220703125,0.59814453125,0.28076171875,1.13525390625,-0.10986328125,0.47607421875,0.08544921875,-0.1220703125,-0.28076171875,0.7568359375,0.18310546875,1.4892578125,-0.2197265625,0.4638671875,0.25634765625,0.57373046875,0.29296875,0.146484375,-0.537109375,0.25634765625,-0.20751953125,1.07421875,-0.10986328125,0.2197265625,-0.1953125,0.23193359375,-0.50048828125,0.390625,0.1708984375,0.8544921875,0.0732421875,0.03662109375,-0.03662109375,1.3671875,-0.1220703125,-0.93994140625,0.146484375,-0.341796875,0.01220703125,-0.96435546875,0.341796875,-0.74462890625,0.10986328125,-1.47705078125,-0.2197265625,-0.2197265625,0.13427734375,-0.3173828125,-0.20751953125,-1.171875,-0.08544921875,3.173828125,0.146484375,3.173828125,-0.1220703125,5.06591796875,-0.08544921875,3.759765625,-0.2685546875,-0.7080078125,-0.30517578125,-1.45263671875,0.0732421875,-1.06201171875,-0.13427734375,0.390625,0.10986328125,0.1953125,0.09765625,-0.20751953125,-0.06103515625,-0.25634765625,0.048828125,-0.13427734375,-0.15869140625,-0.06103515625,-0.06103515625,0.8056640625,-0.03662109375,-0.5615234375,-0.03662109375,-0.52490234375
1,-0.15869140625,-0.390625,-0.2197265625,-0.28076171875,0.5859375,-0.3662109375,-0.06103515625,0.0244140625,0,-0.23193359375,0.0244140625,-0.98876953125,-0.1708984375,0.89111328125,-0.01220703125,-0.52490234375,0.2197265625,0.1708984375,0.35400390625,0.537109375,0.09765625,1.2451171875,-0.146484375,-0.5859375,-0.1953125,-0.23193359375,-0.0732421875,-0.79345703125,-0.4638671875,0.86669921875,-0.18310546875,0.23193359375,-0.09765625,-0.28076171875,0.1953125,-0.830078125,-0.2197265625,-0.37841796875,-0.09765625,-0.67138671875,-0.20751953125,-0.1953125,-0.08544921875,-0.62255859375,0.0244140625,-0.341796875,-0.0244140625,0.5859375,0.25634765625,1.15966796875,-0.08544921875,0.48828125,0.09765625,-0.15869140625,-0.23193359375,0.732421875,0.18310546875,1.40380859375,-0.20751953125,0.4638671875,0.13427734375,0.48828125,0.25634765625,0.1220703125,-0.5859375,0.28076171875,-0.146484375,1.07421875,-0.10986328125,0.2197265625,-0.20751953125,0.244140625,-0.50048828125,0.390625,0.1708984375,0.8544921875,0.0732421875,0.03662109375,-0.01220703125,1.3671875,-0.09765625,-0.93994140625,0.1953125,-0.341796875,0.0244140625,-0.96435546875,0.28076171875,-0.74462890625,0.10986328125,-1.50146484375,-0.1953125,-0.2197265625,0.244140625,-0.2685546875,-0.18310546875,-1.18408203125,-0.0244140625,2.9541015625,0.1708984375,3.01513671875,-0.244140625,4.65087890625,-0.03662109375,3.5400390625,-0.29296875,-0.67138671875,-0.390625,-1.4404296875,0.01220703125,-1.0498046875,-0.1220703125,0.40283203125,0.09765625,0.18310546875,0.0732421875,-0.18310546875,-0.0732421875,-0.25634765625,0.048828125,-0.146484375,-0.15869140625,-0.0732421875,-0.048828125,0.79345703125,-0.03662109375,-0.54931640625,-0.01220703125,-0.5126953125
1,-0.10986328125,-0.37841796875,-0.244140625,-0.29296875,0.6103515625,-0.3662109375,-0.06103515625,0.0244140625,0.01220703125,-0.2197265625,0,-1.01318359375,-0.1708984375,0.91552734375,-0.01220703125,-0.54931640625,0.30517578125,0.1220703125,0.32958984375,0.47607421875,0.29296875,1.20849609375,-0.1953125,-0.634765625,-0.1953125,-0.244140625,-0.13427734375,-0.79345703125,-0.42724609375,0.84228515625,-0.09765625,0.2197265625,0.06103515625,-0.30517578125,0.20751953125,-0.8544921875,-0.30517578125,-0.40283203125,-0.10986328125,-0.68359375,-0.244140625,-0.1953125,-0.1708984375,-0.62255859375,0.0244140625,-0.341796875,-0.09765625,0.59814453125,0.1708984375,1.20849609375,-0.0244140625,0.47607421875,0.1220703125,-0.15869140625,-0.13427734375,0.732421875,0.15869140625,1.318359375,-0.1708984375,0.4638671875,0.048828125,0.42724609375,0.23193359375,0.13427734375,-0.6103515625,0.32958984375,-0.08544921875,1.06201171875,-0.09765625,0.20751953125,-0.23193359375,0.2685546875,-0.439453125,0.439453125,0.1953125,0.87890625,0.06103515625,0.048828125,-0.01220703125,1.35498046875,-0.048828125,-0.927734375,0.1953125,-0.341796875,0.0244140625,-0.96435546875,0.18310546875,-0.732421875,0.1220703125,-1.4892578125,-0.13427734375,-0.1953125,0.244140625,-0.25634765625,-0.09765625,-1.1474609375,0.09765625,2.74658203125,0.06103515625,2.81982421875,-0.30517578125,4.2236328125,-0.01220703125,3.3203125,-0.23193359375,-0.67138671875,-0.45166015625,-1.42822265625,-0.03662109375,-1.0498046875,-0.09765625,0.37841796875,0.1220703125,0.18310546875,0.0732421875,-0.1953125,-0.06103515625,-0.244140625,0.09765625,-0.146484375,-0.18310546875,-0.0732421875,-0.0732421875,0.79345703125,-0.03662109375,-0.50048828125,-0.0244140625,-0.5126953125
1,-0.10986328125,-0.341796875,-0.2197265625,-0.30517578125,0.6103515625,-0.37841796875,-0.048828125,0.01220703125,0.01220703125,-0.244140625,0.01220703125,-1.025390625,-0.1708984375,0.91552734375,-0.0244140625,-0.52490234375,0.2685546875,0.06103515625,0.20751953125,0.4150390625,0.29296875,1.13525390625,-0.37841796875,-0.64697265625,-0.146484375,-0.244140625,-0.1708984375,-0.81787109375,-0.32958984375,0.84228515625,-0.0244140625,0.2197265625,0.20751953125,-0.3173828125,0.1708984375,-0.84228515625,-0.32958984375,-0.40283203125,-0.1220703125,-0.72021484375,-0.28076171875,-0.20751953125,-0.18310546875,-0.6103515625,-0.01220703125,-0.35400390625,-0.13427734375,0.5859375,0.13427734375,1.220703125,0.0244140625,0.47607421875,0.15869140625,-0.1953125,-0.0732421875,0.72021484375,0.1220703125,1.20849609375,-0.1708984375,0.4638671875,-0.03662109375,0.37841796875,0.244140625,0.10986328125,-0.5615234375,0.35400390625,-0.06103515625,1.06201171875,-0.06103515625,0.20751953125,-0.29296875,0.244140625,-0.37841796875,0.42724609375,0.20751953125,0.86669921875,0.0244140625,0.03662109375,0,1.40380859375,-0.0244140625,-0.9521484375,0.18310546875,-0.3173828125,0.01220703125,-0.9521484375,0.03662109375,-0.732421875,0.1220703125,-1.4892578125,-0.0732421875,-0.1953125,0.2197265625,-0.25634765625,-0.01220703125,-1.15966796875,0.1953125,2.5146484375,-0.01220703125,2.587890625,-0.3173828125,3.857421875,0.01220703125,3.125,-0.06103515625,-0.72021484375,-0.47607421875,-1.46484375,-0.0244140625,-1.0498046875,-0.06103515625,0.37841796875,0.1220703125,0.18310546875,0.08544921875,-0.1953125,-0.06103515625,-0.244140625,0.09765625,-0.146484375,-0.1708984375,-0.06103515625,-0.048828125,0.79345703125,-0.03662109375,-0.50048828125,-0.0244140625,-0.52490234375
0,-0.10986328125,-0.35400390625,-0.18310546875,-0.30517578125,0.59814453125,-0.37841796875,-0.06103515625,-0.01220703125,0,-0.2197265625,0.0244140625,-1.025390625,-0.15869140625,0.93994140625,-0.048828125,-0.52490234375,0.32958984375,-0.01220703125,0.2197265625,0.35400390625,0.341796875,1.0498046875,-0.37841796875,-0.6591796875,-0.09765625,-0.20751953125,-0.15869140625,-0.78125,-0.23193359375,0.86669921875,0.03662109375,0.23193359375,0.3173828125,-0.32958984375,0.18310546875,-0.8544921875,-0.3173828125,-0.42724609375,-0.2197265625,-0.7080078125,-0.32958984375,-0.20751953125,-0.1708984375,-0.634765625,-0.0732421875,-0.341796875,-0.20751953125,0.57373046875,0.08544921875,1.20849609375,0.08544921875,0.45166015625,0.23193359375,-0.1953125,-0.01220703125,0.74462890625,0.03662109375,1.0986328125,-0.1953125,0.47607421875,-0.10986328125,0.3662109375,0.1953125,0.1220703125,-0.50048828125,0.35400390625,0,1.0498046875,-0.0244140625,0.2197265625,-0.341796875,0.244140625,-0.29296875,0.439453125,0.20751953125,0.86669921875,0.0244140625,0.048828125,0,1.37939453125,-0.01220703125,-0.91552734375,0.15869140625,-0.341796875,-0.0244140625,-0.9521484375,-0.10986328125,-0.732421875,0.146484375,-1.4892578125,0.0244140625,-0.20751953125,0.08544921875,-0.244140625,0.10986328125,-1.1474609375,0.23193359375,2.28271484375,-0.0244140625,2.34375,-0.29296875,3.5888671875,0.01220703125,2.86865234375,0.0244140625,-0.7568359375,-0.45166015625,-1.47705078125,-0.0244140625,-1.03759765625,-0.0732421875,0.37841796875,0.146484375,0.1708984375,0.09765625,-0.1953125,-0.06103515625,-0.23193359375,0.10986328125,-0.15869140625,-0.1953125,-0.0732421875,-0.0244140625,0.76904296875,-0.06103515625,-0.47607421875,-0.01220703125,-0.5615234375
0,-0.08544921875,-0.341796875,-0.18310546875,-0.3173828125,0.5615234375,-0.390625,-0.048828125,-0.01220703125,0,-0.1953125,0.0244140625,-1.03759765625,-0.15869140625,0.91552734375,-0.08544921875,-0.5126953125,0.29296875,-0.1220703125,0.1708984375,0.25634765625,0.2685546875,0.9765625,-0.4150390625,-0.69580078125,-0.03662109375,-0.1953125,-0.10986328125,-0.78125,-0.10986328125,0.87890625,0.08544921875,0.2197265625,0.29296875,-0.341796875,0.23193359375,-0.8544921875,-0.29296875,-0.4150390625,-0.244140625,-0.732421875,-0.32958984375,-0.18310546875,-0.1220703125,-0.62255859375,-0.10986328125,-0.35400390625,-0.29296875,0.5859375,0.048828125,1.220703125,0.1220703125,0.45166015625,0.244140625,-0.1708984375,-0.03662109375,0.7568359375,0,0.9765625,-0.1953125,0.4638671875,-0.15869140625,0.390625,0.13427734375,0.1220703125,-0.390625,0.35400390625,0.0732421875,1.0498046875,0.048828125,0.23193359375,-0.40283203125,0.23193359375,-0.18310546875,0.40283203125,0.1708984375,0.86669921875,0.01220703125,0.03662109375,-0.0244140625,1.37939453125,-0.01220703125,-0.91552734375,0.09765625,-0.341796875,-0.08544921875,-0.96435546875,-0.2197265625,-0.732421875,0.18310546875,-1.50146484375,0.13427734375,-0.1953125,-0.048828125,-0.25634765625,0.23193359375,-1.171875,0.23193359375,2.0751953125,-0.03662109375,2.11181640625,-0.20751953125,3.33251953125,-0.06103515625,2.64892578125,0.09765625,-0.79345703125,-0.37841796875,-1.47705078125,0,-1.025390625,-0.10986328125,0.40283203125,0.15869140625,0.18310546875,0.08544921875,-0.1953125,-0.06103515625,-0.23193359375,0.10986328125,-0.13427734375,-0.1953125,-0.06103515625,-0.01220703125,0.76904296875,-0.06103515625,-0.47607421875,-0.01220703125,-0.537109375
0,-0.10986328125,-0.3662109375,-0.13427734375,-0.3173828125,0.52490234375,-0.40283203125,-0.048828125,0,-0.01220703125,-0.18310546875,0.03662109375,-1.025390625,-0.18310546875,0.9033203125,-0.09765625,-0.5126953125,0.2197265625,-0.20751953125,0.13427734375,0.1708984375,0.10986328125,0.91552734375,-0.47607421875,-0.6591796875,0.01220703125,-0.18310546875,-0.0244140625,-0.81787109375,-0.0732421875,0.86669921875,0.09765625,0.1953125,0.244140625,-0.35400390625,0.32958984375,-0.86669921875,-0.23193359375,-0.4150390625,-0.28076171875,-0.74462890625,-0.30517578125,-0.1708984375,-0.06103515625,-0.634765625,-0.1708984375,-0.37841796875,-0.341796875,0.59814453125,0.0244140625,1.20849609375,0.08544921875,0.45166015625,0.2685546875,-0.15869140625,-0.06103515625,0.7568359375,-0.03662109375,0.86669921875,-0.20751953125,0.45166015625,-0.2197265625,0.439453125,0.048828125,0.1220703125,-0.30517578125,0.35400390625,0.13427734375,1.06201171875,0.08544921875,0.25634765625,-0.4150390625,0.23193359375,-0.146484375,0.37841796875,0.15869140625,0.89111328125,-0.01220703125,0.03662109375,-0.048828125,1.3671875,-0.048828125,-0.9033203125,0.0732421875,-0.3173828125,-0.1708984375,-0.93994140625,-0.29296875,-0.732421875,0.18310546875,-1.4892578125,0.23193359375,-0.244140625,-0.09765625,-0.28076171875,0.29296875,-1.15966796875,0.20751953125,1.8310546875,0.01220703125,1.8798828125,-0.01220703125,3.0517578125,-0.10986328125,2.44140625,0.13427734375,-0.76904296875,-0.244140625,-1.4892578125,-0.01220703125,-1.025390625,-0.1708984375,0.40283203125,0.146484375,0.15869140625,0.0732421875,-0.20751953125,-0.06103515625,-0.244140625,0.08544921875,-0.1220703125,-0.1953125,-0.03662109375,-0.01220703125,0.79345703125,-0.03662109375,-0.48828125,0.01220703125,-0.537109375
0,-0.08544921875,-0.37841796875,-0.13427734375,-0.29296875,0.52490234375,-0.4150390625,-0.03662109375,0.0244140625,0,-0.1708984375,0.0244140625,-1.03759765625,-0.1708984375,0.89111328125,-0.09765625,-0.48828125,0.1220703125,-0.28076171875,0.10986328125,0.13427734375,-0.06103515625,0.89111328125,-0.5126953125,-0.5859375,0.03662109375,-0.15869140625,0.048828125,-0.830078125,-0.048828125,0.89111328125,0.09765625,0.1953125,0.1220703125,-0.35400390625,0.4150390625,-0.86669921875,-0.18310546875,-0.439453125,-0.3662109375,-0.7568359375,-0.28076171875,-0.1708984375,0.0244140625,-0.6591796875,-0.20751953125,-0.37841796875,-0.40283203125,0.6103515625,0.01220703125,1.15966796875,0.048828125,0.47607421875,0.28076171875,-0.146484375,-0.10986328125,0.79345703125,-0.01220703125,0.79345703125,-0.2197265625,0.4638671875,-0.32958984375,0.5126953125,-0.048828125,0.146484375,-0.1708984375,0.3173828125,0.23193359375,1.06201171875,0.13427734375,0.28076171875,-0.390625,0.2197265625,-0.146484375,0.35400390625,0.18310546875,0.9033203125,0,0.0244140625,-0.1220703125,1.3427734375,-0.09765625,-0.89111328125,0.03662109375,-0.341796875,-0.244140625,-0.9521484375,-0.28076171875,-0.7568359375,0.146484375,-1.50146484375,0.2685546875,-0.2685546875,-0.15869140625,-0.28076171875,0.3173828125,-1.171875,0.06103515625,1.5869140625,0.01220703125,1.6357421875,-0.01220703125,2.734375,-0.15869140625,2.20947265625,0.08544921875,-0.79345703125,-0.09765625,-1.47705078125,-0.03662109375,-1.01318359375,-0.23193359375,0.4150390625,0.1220703125,0.15869140625,0.06103515625,-0.18310546875,-0.06103515625,-0.244140625,0.09765625,-0.10986328125,-0.1708984375,-0.03662109375,0,0.8056640625,-0.048828125,-0.5126953125,0.01220703125,-0.52490234375
0,-0.09765625,-0.37841796875,-0.13427734375,-0.2685546875,0.52490234375,-0.4150390625,-0.048828125,0.06103515625,0,-0.1708984375,0.0244140625,-1.03759765625,-0.15869140625,0.87890625,-0.0732421875,-0.48828125,0,-0.28076171875,0.0732421875,0.13427734375,-0.2685546875,0.91552734375,-0.537109375,-0.537109375,0.0244140625,-0.13427734375,0.1708984375,-0.830078125,-0.01220703125,0.927734375,0.0732421875,0.20751953125,-0.03662109375,-0.35400390625,0.45166015625,-0.87890625,-0.1220703125,-0.4638671875,-0.37841796875,-0.7568359375,-0.1953125,-0.18310546875,0.08544921875,-0.6591796875,-0.23193359375,-0.37841796875,-0.390625,0.6103515625,0.03662109375,1.1474609375,0.01220703125,0.47607421875,0.29296875,-0.146484375,-0.18310546875,0.79345703125,0.048828125,0.72021484375,-0.20751953125,0.4638671875,-0.341796875,0.5615234375,-0.10986328125,0.146484375,0,0.28076171875,0.244140625,1.03759765625,0.146484375,0.2685546875,-0.3662109375,0.20751953125,-0.09765625,0.29296875,0.2197265625,0.91552734375,-0.03662109375,0.0244140625,-0.13427734375,1.35498046875,-0.15869140625,-0.9033203125,0,-0.341796875,-0.3173828125,-0.96435546875,-0.1953125,-0.732421875,0.09765625,-1.50146484375,0.2685546875,-0.28076171875,-0.15869140625,-0.30517578125,0.244140625,-1.171875,-0.0244140625,1.33056640625,0,1.3427734375,0.09765625,2.35595703125,-0.1220703125,1.96533203125,0.01220703125,-0.78125,0.0732421875,-1.4404296875,-0.048828125,-1.025390625,-0.25634765625,0.42724609375,0.13427734375,0.1708984375,0.03662109375,-0.18310546875,-0.06103515625,-0.244140625,0.0732421875,-0.08544921875,-0.1953125,-0.03662109375,-0.01220703125,0.79345703125,-0.0732421875,-0.52490234375,0.01220703125,-0.5126953125
0,-0.09765625,-0.390625,-0.1708984375,-0.2685546875,0.537109375,-0.4150390625,-0.06103515625,0.06103515625,0,-0.1953125,0.048828125,-1.03759765625,-0.15869140625,0.87890625,-0.03662109375,-0.47607421875,-0.048828125,-0.2197265625,0.10986328125,0.2197265625,-0.35400390625,0.98876953125,-0.45166015625,-0.4638671875,0.01220703125,-0.146484375,0.244140625,-0.81787109375,-0.06103515625,0.91552734375,0.06103515625,0.2197265625,-0.13427734375,-0.341796875,0.45166015625,-0.87890625,-0.048828125,-0.4638671875,-0.341796875,-0.74462890625,-0.1708984375,-0.1953125,0.13427734375,-0.64697265625,-0.244140625,-0.37841796875,-0.35400390625,0.59814453125,0.03662109375,1.1474609375,-0.01220703125,0.48828125,0.3173828125,-0.10986328125,-0.18310546875,0.79345703125,0.0244140625,0.67138671875,-0.146484375,0.439453125,-0.3173828125,0.6103515625,-0.13427734375,0.13427734375,0.0732421875,0.23193359375,0.29296875,1.07421875,0.1220703125,0.244140625,-0.30517578125,0.23193359375,-0.0732421875,0.244140625,0.1953125,0.9521484375,-0.06103515625,0.01220703125,-0.18310546875,1.35498046875,-0.1953125,-0.91552734375,-0.0244140625,-0.32958984375,-0.341796875,-0.9765625,-0.1220703125,-0.76904296875,0.10986328125,-1.4892578125,0.1953125,-0.30517578125,-0.10986328125,-0.30517578125,0.0732421875,-1.18408203125,-0.1708984375,1.07421875,-0.01220703125,1.08642578125,0.10986328125,1.8798828125,-0.06103515625,1.6845703125,-0.0244140625,-0.74462890625,0.15869140625,-1.45263671875,-0.0244140625,-1.0009765625,-0.23193359375,0.4150390625,0.13427734375,0.146484375,0.06103515625,-0.1953125,-0.048828125,-0.23193359375,0.06103515625,-0.09765625,-0.1953125,-0.01220703125,0,0.79345703125,-0.08544921875,-0.5126953125,0.03662109375,-0.52490234375
0,-0.10986328125,-0.4150390625,-0.146484375,-0.28076171875,0.50048828125,-0.390625,-0.06103515625,0.06103515625,0.01220703125,-0.1953125,0.03662109375,-1.01318359375,-0.15869140625,0.87890625,-0.06103515625,-0.47607421875,-0.10986328125,-0.10986328125,0.09765625,0.3662109375,-0.439453125,1.0498046875,-0.32958984375,-0.37841796875,-0.03662109375,-0.1708984375,0.30517578125,-0.8056640625,-0.08544921875,0.9033203125,0.06103515625,0.20751953125,-0.1708984375,-0.30517578125,0.390625,-0.8544921875,-0.01220703125,-0.47607421875,-0.30517578125,-0.732421875,-0.13427734375,-0.1953125,0.15869140625,-0.634765625,-0.20751953125,-0.341796875,-0.28076171875,0.6103515625,0.0732421875,1.123046875,-0.0244140625,0.4638671875,0.341796875,-0.146484375,-0.1708984375,0.78125,-0.01220703125,0.6591796875,-0.048828125,0.42724609375,-0.35400390625,0.634765625,-0.10986328125,0.13427734375,0.13427734375,0.1708984375,0.341796875,1.07421875,0.13427734375,0.2197265625,-0.2685546875,0.20751953125,-0.03662109375,0.2197265625,0.20751953125,0.9521484375,-0.08544921875,0.01220703125,-0.23193359375,1.33056640625,-0.2197265625,-0.93994140625,-0.01220703125,-0.3173828125,-0.30517578125,-0.9765625,0.01220703125,-0.7568359375,0.146484375,-1.50146484375,0.0732421875,-0.29296875,-0.03662109375,-0.3173828125,-0.09765625,-1.1962890625,-0.28076171875,0.78125,-0.0244140625,0.81787109375,0.09765625,1.33056640625,0.03662109375,1.416015625,-0.03662109375,-0.72021484375,0.1708984375,-1.42822265625,-0.01220703125,-1.025390625,-0.18310546875,0.40283203125,0.146484375,0.15869140625,0.06103515625,-0.1953125,-0.06103515625,-0.244140625,0.0732421875,-0.1220703125,-0.1953125,-0.0244140625,0,0.81787109375,-0.09765625,-0.537109375,0.03662109375,-0.50048828125
0,-0.10986328125,-0.40283203125,-0.13427734375,-0.29296875,0.48828125,-0.390625,-0.0732421875,0.0244140625,0.01220703125,-0.20751953125,0.03662109375,-1.025390625,-0.1708984375,0.86669921875,-0.0732421875,-0.5126953125,-0.15869140625,0.048828125,0.06103515625,0.54931640625,-0.35400390625,1.1962890625,-0.32958984375,-0.3173828125,-0.048828125,-0.1708984375,0.3173828125,-0.8056640625,-0.1220703125,0.89111328125,0.06103515625,0.23193359375,-0.146484375,-0.30517578125,0.2685546875,-0.84228515625,0,-0.45166015625,-0.15869140625,-0.7080078125,-0.03662109375,-0.20751953125,0.1220703125,-0.64697265625,-0.15869140625,-0.32958984375,-0.23193359375,0.6103515625,0.15869140625,1.1474609375,-0.048828125,0.4638671875,0.341796875,-0.146484375,-0.1708984375,0.78125,-0.048828125,0.6591796875,0,0.45166015625,-0.341796875,0.6103515625,-0.06103515625,0.13427734375,0.146484375,0.15869140625,0.341796875,1.06201171875,0.1220703125,0.23193359375,-0.1953125,0.2197265625,0.01220703125,0.2197265625,0.18310546875,0.96435546875,-0.10986328125,-0.01220703125,-0.244140625,1.3671875,-0.23193359375,-0.96435546875,-0.01220703125,-0.341796875,-0.244140625,-0.9765625,0.08544921875,-0.76904296875,0.15869140625,-1.50146484375,-0.06103515625,-0.28076171875,0.01220703125,-0.28076171875,-0.2685546875,-1.1962890625,-0.2685546875,0.50048828125,-0.06103515625,0.54931640625,0.0732421875,0.76904296875,0.13427734375,1.171875,0,-0.69580078125,0.15869140625,-1.4404296875,-0.0244140625,-1.0498046875,-0.13427734375,0.4150390625,0.146484375,0.15869140625,0.048828125,-0.2197265625,-0.06103515625,-0.2197265625,0.048828125,-0.1220703125,-0.1953125,-0.0244140625,-0.01220703125,0.79345703125,-0.08544921875,-0.54931640625,0.048828125,-0.47607421875
0,-0.1220703125,-0.390625,-0.15869140625,-0.30517578125,0.48828125,-0.37841796875,-0.048828125,0.0244140625,0,-0.20751953125,0.01220703125,-1.01318359375,-0.146484375,0.9033203125,-0.0732421875,-0.5126953125,-0.08544921875,0.244140625,0.0732421875,0.74462890625,-0.18310546875,1.33056640625,-0.2197265625,-0.2685546875,-0.01220703125,-0.18310546875,0.2197265625,-0.7568359375,-0.1953125,0.89111328125,0.03662109375,0.244140625,-0.08544921875,-0.2685546875,0.15869140625,-0.81787109375,-0.0244140625,-0.439453125,-0.1220703125,-0.69580078125,0.0244140625,-0.2197265625,0.08544921875,-0.62255859375,-0.1220703125,-0.3173828125,-0.18310546875,0.634765625,0.1953125,1.1474609375,-0.1220703125,0.439453125,0.35400390625,-0.146484375,-0.1708984375,0.7568359375,-0.08544921875,0.64697265625,0.048828125,0.45166015625,-0.3662109375,0.59814453125,-0.08544921875,0.1220703125,0.15869140625,0.146484375,0.32958984375,1.07421875,0.09765625,0.1953125,-0.15869140625,0.20751953125,0.0732421875,0.23193359375,0.1220703125,0.9765625,-0.1708984375,0.01220703125,-0.2685546875,1.3427734375,-0.28076171875,-0.9765625,0,-0.30517578125,-0.1220703125,-0.9765625,0.1220703125,-0.78125,0.1708984375,-1.513671875,-0.1220703125,-0.2685546875,0.03662109375,-0.28076171875,-0.3662109375,-1.20849609375,-0.28076171875,0.2685546875,-0.146484375,0.3173828125,0.01220703125,0.3173828125,0.18310546875,0.93994140625,0.0732421875,-0.7080078125,0.06103515625,-1.4404296875,-0.06103515625,-1.06201171875,-0.1220703125,0.390625,0.1708984375,0.18310546875,0.03662109375,-0.20751953125,-0.0732421875,-0.1953125,0.03662109375,-0.13427734375,-0.18310546875,-0.01220703125,-0.0244140625,0.81787109375,-0.08544921875,-0.5126953125,0.06103515625,-0.48828125
0,-0.146484375,-0.3662109375,-0.13427734375,-0.30517578125,0.4638671875,-0.390625,-0.0732421875,0.01220703125,0.01220703125,-0.2197265625,0.01220703125,-1.0009765625,-0.15869140625,0.89111328125,-0.06103515625,-0.52490234375,-0.0732421875,0.37841796875,0.08544921875,0.87890625,-0.0244140625,1.37939453125,-0.20751953125,-0.25634765625,0.06103515625,-0.1708984375,0.13427734375,-0.76904296875,-0.20751953125,0.89111328125,-0.048828125,0.25634765625,-0.048828125,-0.2685546875,0.08544921875,-0.830078125,-0.06103515625,-0.42724609375,-0.10986328125,-0.69580078125,0.09765625,-0.2197265625,0.06103515625,-0.6103515625,0.01220703125,-0.3173828125,-0.15869140625,0.6103515625,0.1953125,1.18408203125,-0.18310546875,0.439453125,0.341796875,-0.15869140625,-0.1953125,0.74462890625,-0.048828125,0.67138671875,0.0732421875,0.439453125,-0.37841796875,0.54931640625,-0.13427734375,0.13427734375,0.244140625,0.1708984375,0.30517578125,1.03759765625,0.09765625,0.18310546875,-0.13427734375,0.2197265625,0.1220703125,0.244140625,0.0732421875,0.9033203125,-0.23193359375,0.01220703125,-0.28076171875,1.35498046875,-0.2685546875,-0.9765625,0,-0.32958984375,0.0244140625,-0.98876953125,0.146484375,-0.76904296875,0.1953125,-1.4892578125,-0.146484375,-0.25634765625,-0.01220703125,-0.2685546875,-0.35400390625,-1.220703125,-0.2197265625,0.13427734375,-0.2197265625,0.18310546875,0.01220703125,0.01220703125,0.28076171875,0.76904296875,0.146484375,-0.68359375,-0.08544921875,-1.42822265625,-0.06103515625,-1.06201171875,-0.10986328125,0.3662109375,0.18310546875,0.1708984375,0.03662109375,-0.1953125,-0.06103515625,-0.18310546875,0.03662109375,-0.15869140625,-0.1708984375,-0.01220703125,-0.03662109375,0.830078125,-0.09765625,-0.5126953125,0.048828125,-0.47607421875
0,-0.146484375,-0.35400390625,-0.146484375,-0.29296875,0.5126953125,-0.40283203125,-0.0732421875,-0.01220703125,0,-0.244140625,0.0244140625,-0.98876953125,-0.15869140625,0.91552734375,-0.0244140625,-0.5126953125,0,0.439453125,0.0732421875,0.93994140625,0.13427734375,1.416015625,-0.28076171875,-0.28076171875,0.10986328125,-0.1953125,0.0244140625,-0.7568359375,-0.25634765625,0.86669921875,-0.1220703125,0.25634765625,-0.048828125,-0.29296875,0.0244140625,-0.8056640625,-0.09765625,-0.4150390625,-0.10986328125,-0.68359375,0.13427734375,-0.2197265625,0,-0.59814453125,0.10986328125,-0.32958984375,-0.1708984375,0.6103515625,0.15869140625,1.220703125,-0.25634765625,0.439453125,0.2685546875,-0.1708984375,-0.244140625,0.74462890625,0.01220703125,0.67138671875,0.09765625,0.4638671875,-0.30517578125,0.52490234375,-0.20751953125,0.10986328125,0.28076171875,0.18310546875,0.244140625,1.0498046875,0.08544921875,0.18310546875,-0.10986328125,0.2197265625,0.13427734375,0.28076171875,0.01220703125,0.89111328125,-0.25634765625,0,-0.28076171875,1.35498046875,-0.244140625,-0.9765625,0.048828125,-0.3173828125,0.10986328125,-0.98876953125,0.09765625,-0.78125,0.1220703125,-1.4892578125,-0.1220703125,-0.25634765625,-0.1220703125,-0.2685546875,-0.28076171875,-1.220703125,-0.1708984375,0.1220703125,-0.341796875,0.18310546875,-0.1220703125,-0.13427734375,0.3173828125,0.72021484375,0.1708984375,-0.7080078125,-0.244140625,-1.4404296875,-0.06103515625,-1.0498046875,-0.08544921875,0.37841796875,0.18310546875,0.1708984375,0,-0.18310546875,-0.06103515625,-0.15869140625,0.0244140625,-0.146484375,-0.18310546875,-0.0244140625,-0.01220703125,0.830078125,-0.09765625,-0.48828125,0.0244140625,-0.48828125
0,-0.15869140625,-0.341796875,-0.1220703125,-0.29296875,0.47607421875,-0.390625,-0.06103515625,0.01220703125,0,-0.244140625,0.0244140625,-0.9765625,-0.1708984375,0.91552734375,-0.0244140625,-0.50048828125,0.1220703125,0.42724609375,0.15869140625,0.9033203125,0.29296875,1.3671875,-0.23193359375,-0.341796875,0.15869140625,-0.1708984375,-0.06103515625,-0.78125,-0.28076171875,0.87890625,-0.2197265625,0.25634765625,-0.0244140625,-0.341796875,-0.01220703125,-0.79345703125,-0.1220703125,-0.37841796875,-0.0244140625,-0.68359375,0.09765625,-0.20751953125,0.01220703125,-0.6103515625,0.20751953125,-0.35400390625,-0.20751953125,0.59814453125,0.08544921875,1.2451171875,-0.3173828125,0.439453125,0.25634765625,-0.18310546875,-0.32958984375,0.74462890625,0.03662109375,0.67138671875,0.08544921875,0.45166015625,-0.244140625,0.48828125,-0.25634765625,0.13427734375,0.2685546875,0.23193359375,0.15869140625,1.06201171875,0.06103515625,0.18310546875,-0.09765625,0.23193359375,0.1220703125,0.32958984375,-0.0244140625,0.8544921875,-0.2685546875,0,-0.29296875,1.3671875,-0.23193359375,-0.98876953125,0.0732421875,-0.3173828125,0.20751953125,-0.98876953125,0.06103515625,-0.76904296875,0.03662109375,-1.47705078125,-0.08544921875,-0.2197265625,-0.23193359375,-0.25634765625,-0.10986328125,-1.20849609375,-0.10986328125,0.20751953125,-0.32958984375,0.29296875,-0.0732421875,0.01220703125,0.341796875,0.8544921875,0.1708984375,-0.74462890625,-0.341796875,-1.45263671875,-0.01220703125,-1.06201171875,-0.048828125,0.3662109375,0.1953125,0.18310546875,-0.01220703125,-0.18310546875,-0.0732421875,-0.13427734375,0.01220703125,-0.146484375,-0.18310546875,0,-0.0244140625,0.84228515625,-0.10986328125,-0.48828125,0.0244140625,-0.48828125
0,-0.15869140625,-0.35400390625,-0.048828125,-0.29296875,0.50048828125,-0.40283203125,-0.06103515625,0.01220703125,0,-0.244140625,0.03662109375,-0.98876953125,-0.1708984375,0.91552734375,-0.03662109375,-0.48828125,0.10986328125,0.28076171875,0.1953125,0.74462890625,0.37841796875,1.25732421875,-0.1953125,-0.439453125,0.18310546875,-0.18310546875,-0.10986328125,-0.78125,-0.2197265625,0.87890625,-0.25634765625,0.23193359375,-0.03662109375,-0.341796875,-0.03662109375,-0.79345703125,-0.15869140625,-0.390625,-0.01220703125,-0.69580078125,0.0244140625,-0.20751953125,0,-0.62255859375,0.244140625,-0.341796875,-0.18310546875,0.6103515625,0.0244140625,1.23291015625,-0.341796875,0.439453125,0.23193359375,-0.1953125,-0.40283203125,0.74462890625,0.0732421875,0.64697265625,0.048828125,0.45166015625,-0.2197265625,0.48828125,-0.2197265625,0.13427734375,0.30517578125,0.3173828125,0.0732421875,1.07421875,0.06103515625,0.2197265625,-0.10986328125,0.244140625,0.0732421875,0.341796875,-0.0244140625,0.830078125,-0.244140625,0.0244140625,-0.28076171875,1.3671875,-0.1953125,-0.96435546875,0.1220703125,-0.3173828125,0.18310546875,-0.9765625,0.048828125,-0.76904296875,-0.0244140625,-1.46484375,-0.03662109375,-0.20751953125,-0.32958984375,-0.2685546875,0.1220703125,-1.20849609375,-0.08544921875,0.50048828125,-0.30517578125,0.54931640625,-0.0732421875,0.537109375,0.341796875,1.123046875,0.10986328125,-0.78125,-0.37841796875,-1.4892578125,0.0244140625,-1.0498046875,-0.048828125,0.37841796875,0.18310546875,0.1708984375,-0.01220703125,-0.1708984375,-0.06103515625,-0.1220703125,0,-0.15869140625,-0.1708984375,-0.01220703125,-0.0244140625,0.86669921875,-0.10986328125,-0.4638671875,0.048828125,-0.47607421875
0,-0.146484375,-0.35400390625,-0.048828125,-0.30517578125,0.45166015625,-0.42724609375,-0.048828125,0.01220703125,-0.0244140625,-0.2197265625,0.03662109375,-1.0009765625,-0.18310546875,0.9033203125,-0.03662109375,-0.50048828125,0.09765625,0.09765625,0.25634765625,0.537109375,0.341796875,1.0986328125,-0.06103515625,-0.50048828125,0.15869140625,-0.146484375,-0.146484375,-0.79345703125,-0.18310546875,0.9033203125,-0.20751953125,0.23193359375,-0.048828125,-0.341796875,0.048828125,-0.8056640625,-0.1953125,-0.390625,-0.06103515625,-0.7080078125,-0.10986328125,-0.1953125,0,-0.634765625,0.1953125,-0.341796875,-0.2197265625,0.6103515625,0.0244140625,1.20849609375,-0.3662109375,0.4638671875,0.18310546875,-0.1953125,-0.439453125,0.76904296875,0.1220703125,0.634765625,-0.01220703125,0.42724609375,-0.1953125,0.537109375,-0.146484375,0.146484375,0.3173828125,0.3662109375,-0.03662109375,1.07421875,0.048828125,0.2197265625,-0.13427734375,0.244140625,0.01220703125,0.35400390625,-0.0244140625,0.830078125,-0.18310546875,0,-0.3173828125,1.35498046875,-0.15869140625,-0.93994140625,0.146484375,-0.32958984375,0.1220703125,-0.98876953125,0.048828125,-0.74462890625,-0.10986328125,-1.46484375,0.01220703125,-0.20751953125,-0.35400390625,-0.28076171875,0.25634765625,-1.20849609375,-0.03662109375,0.98876953125,-0.2197265625,0.98876953125,-0.03662109375,1.37939453125,0.32958984375,1.57470703125,0,-0.81787109375,-0.32958984375,-1.47705078125,0.0244140625,-1.0498046875,-0.0244140625,0.390625,0.1708984375,0.18310546875,-0.01220703125,-0.15869140625,-0.0732421875,-0.1220703125,0,-0.15869140625,-0.15869140625,0.01220703125,-0.0244140625,0.830078125,-0.09765625,-0.45166015625,0.03662109375,-0.48828125
1,-0.146484375,-0.3662109375,-0.03662109375,-0.29296875,0.42724609375,-0.4150390625,-0.048828125,0,-0.0244140625,-0.20751953125,0.048828125,-1.01318359375,-0.1953125,0.87890625,-0.06103515625,-0.50048828125,0.0732421875,-0.1220703125,0.3173828125,0.3173828125,0.28076171875,0.927734375,0.08544921875,-0.52490234375,0.09765625,-0.15869140625,-0.10986328125,-0.81787109375,-0.13427734375,0.927734375,-0.08544921875,0.20751953125,-0.0732421875,-0.32958984375,0.1708984375,-0.79345703125,-0.23193359375,-0.4150390625,-0.0732421875,-0.72021484375,-0.2685546875,-0.18310546875,0.0244140625,-0.6591796875,0.1220703125,-0.3662109375,-0.2685546875,0.62255859375,0.0244140625,1.18408203125,-0.3662109375,0.48828125,0.0732421875,-0.18310546875,-0.45166015625,0.7568359375,0.1220703125,0.6103515625,-0.03662109375,0.439453125,-0.10986328125,0.59814453125,-0.08544921875,0.15869140625,0.23193359375,0.37841796875,-0.09765625,1.07421875,0.048828125,0.25634765625,-0.1708984375,0.244140625,-0.048828125,0.3662109375,0,0.78125,-0.13427734375,0.0244140625,-0.32958984375,1.35498046875,-0.1220703125,-0.927734375,0.18310546875,-0.32958984375,0,-0.9765625,0.08544921875,-0.74462890625,-0.13427734375,-1.4892578125,0.06103515625,-0.20751953125,-0.28076171875,-0.2685546875,0.32958984375,-1.18408203125,-0.01220703125,1.64794921875,-0.0732421875,1.611328125,-0.01220703125,2.42919921875,0.2685546875,2.18505859375,-0.10986328125,-0.84228515625,-0.2685546875,-1.46484375,0.01220703125,-1.025390625,-0.06103515625,0.40283203125,0.1708984375,0.15869140625,0,-0.1708984375,-0.06103515625,-0.13427734375,0.01220703125,-0.13427734375,-0.15869140625,0.01220703125,-0.03662109375,0.84228515625,-0.09765625,-0.439453125,0.048828125,-0.50048828125
1,-0.146484375,-0.3662109375,-0.0244140625,-0.29296875,0.439453125,-0.4150390625,-0.048828125,0,-0.048828125,-0.1953125,0.03662109375,-1.01318359375,-0.1953125,0.87890625,-0.06103515625,-0.5126953125,0.06103515625,-0.3173828125,0.35400390625,0.13427734375,0.15869140625,0.81787109375,0.2685546875,-0.4150390625,0.03662109375,-0.1220703125,-0.048828125,-0.830078125,-0.08544921875,0.91552734375,0.03662109375,0.20751953125,-0.10986328125,-0.32958984375,0.30517578125,-0.8056640625,-0.35400390625,-0.4638671875,-0.15869140625,-0.72021484375,-0.390625,-0.1953125,0,-0.6591796875,0.01220703125,-0.37841796875,-0.30517578125,0.6103515625,0.01220703125,1.15966796875,-0.37841796875,0.50048828125,-0.0244140625,-0.18310546875,-0.47607421875,0.78125,0.1708984375,0.57373046875,-0.0732421875,0.439453125,-0.06103515625,0.6591796875,0,0.15869140625,0.1708984375,0.37841796875,-0.1708984375,1.07421875,0.03662109375,0.2685546875,-0.1953125,0.25634765625,-0.09765625,0.341796875,0,0.81787109375,-0.06103515625,0.01220703125,-0.37841796875,1.3671875,-0.03662109375,-0.89111328125,0.1953125,-0.32958984375,-0.1220703125,-0.98876953125,0.09765625,-0.72021484375,-0.15869140625,-1.4892578125,0.09765625,-0.20751953125,-0.146484375,-0.2685546875,0.28076171875,-1.18408203125,-0.0244140625,2.42919921875,0.048828125,2.33154296875,-0.0244140625,3.6376953125,0.1708984375,2.89306640625,-0.20751953125,-0.8056640625,-0.1953125,-1.46484375,-0.0732421875,-1.03759765625,-0.10986328125,0.42724609375,0.15869140625,0.15869140625,0.0244140625,-0.1708984375,-0.0732421875,-0.146484375,0.0244140625,-0.10986328125,-0.13427734375,0.01220703125,-0.048828125,0.84228515625,-0.10986328125,-0.439453125,0.0732421875,-0.48828125
1,-0.13427734375,-0.390625,-0.0244140625,-0.28076171875,0.439453125,-0.4150390625,-0.0244140625,0.01220703125,-0.03662109375,-0.18310546875,0.03662109375,-1.025390625,-0.18310546875,0.8544921875,-0.048828125,-0.48828125,-0.01220703125,-0.3662109375,0.32958984375,0.08544921875,0.01220703125,0.81787109375,0.390625,-0.15869140625,-0.048828125,-0.10986328125,0.048828125,-0.81787109375,-0.048828125,0.96435546875,0.146484375,0.20751953125,-0.1220703125,-0.3662109375,0.4150390625,-0.830078125,-0.4150390625,-0.48828125,-0.18310546875,-0.732421875,-0.47607421875,-0.18310546875,-0.03662109375,-0.67138671875,-0.08544921875,-0.3662109375,-0.3662109375,0.6103515625,0.01220703125,1.13525390625,-0.40283203125,0.5126953125,-0.1220703125,-0.18310546875,-0.5126953125,0.78125,0.1708984375,0.57373046875,-0.09765625,0.4150390625,0.01220703125,0.72021484375,-0.01220703125,0.146484375,0.09765625,0.3662109375,-0.2197265625,1.07421875,0.01220703125,0.29296875,-0.1953125,0.2685546875,-0.1708984375,0.3173828125,0.048828125,0.86669921875,0.01220703125,0.03662109375,-0.40283203125,1.35498046875,0,-0.87890625,0.1708984375,-0.341796875,-0.2197265625,-0.96435546875,0.10986328125,-0.74462890625,-0.13427734375,-1.513671875,0.10986328125,-0.2197265625,0.0244140625,-0.25634765625,0.1708984375,-1.171875,0.03662109375,3.21044921875,0.1708984375,3.125,-0.10986328125,4.9072265625,0.1953125,3.6376953125,-0.25634765625,-0.78125,-0.06103515625,-1.46484375,-0.15869140625,-1.03759765625,-0.13427734375,0.4150390625,0.13427734375,0.1708984375,-0.01220703125,-0.18310546875,-0.06103515625,-0.13427734375,0.03662109375,-0.09765625,-0.146484375,0.0244140625,-0.06103515625,0.84228515625,-0.1220703125,-0.439453125,0.0732421875,-0.5126953125
1,-0.1220703125,-0.37841796875,0.0244140625,-0.2685546875,0.42724609375,-0.40283203125,-0.048828125,0.0244140625,-0.03662109375,-0.1708984375,0.03662109375,-1.01318359375,-0.18310546875,0.86669921875,-0.048828125,-0.48828125,-0.048828125,-0.23193359375,0.29296875,0.25634765625,-0.0732421875,0.9521484375,0.50048828125,0.244140625,-0.146484375,-0.10986328125,0.10986328125,-0.8056640625,-0.0244140625,1.0009765625,0.2197265625,0.2197265625,-0.06103515625,-0.3173828125,0.50048828125,-0.830078125,-0.45166015625,-0.50048828125,-0.15869140625,-0.74462890625,-0.5126953125,-0.20751953125,-0.06103515625,-0.6591796875,-0.1708984375,-0.341796875,-0.3662109375,0.6103515625,0.01220703125,1.123046875,-0.37841796875,0.5126953125,-0.20751953125,-0.20751953125,-0.5615234375,0.76904296875,0.1220703125,0.57373046875,-0.0732421875,0.439453125,0.03662109375,0.7568359375,-0.048828125,0.146484375,0.03662109375,0.35400390625,-0.29296875,1.07421875,-0.01220703125,0.29296875,-0.1953125,0.244140625,-0.2197265625,0.28076171875,0.10986328125,0.87890625,0.048828125,0.03662109375,-0.42724609375,1.3427734375,0.03662109375,-0.89111328125,0.146484375,-0.3173828125,-0.29296875,-0.9765625,0.10986328125,-0.732421875,-0.0732421875,-1.52587890625,0.0732421875,-0.23193359375,0.15869140625,-0.28076171875,0.03662109375,-1.1474609375,0.01220703125,3.99169921875,0.1953125,3.8818359375,-0.25634765625,6.09130859375,0.15869140625,4.3701171875,-0.244140625,-0.78125,-0.01220703125,-1.45263671875,-0.2197265625,-1.025390625,-0.10986328125,0.4150390625,0.09765625,0.15869140625,-0.0244140625,-0.1708984375,-0.0732421875,-0.146484375,0.0732421875,-0.09765625,-0.13427734375,-0.01220703125,-0.03662109375,0.84228515625,-0.13427734375,-0.439453125,0.0732421875,-0.5126953125
1,-0.1220703125,-0.390625,0,-0.244140625,0.4150390625,-0.40283203125,-0.06103515625,0.0244140625,-0.048828125,-0.18310546875,0.06103515625,-1.01318359375,-0.1953125,0.8544921875,-0.06103515625,-0.50048828125,-0.0732421875,0.10986328125,0.1953125,0.59814453125,-0.0732421875,1.2451171875,0.537109375,0.89111328125,-0.2197265625,-0.146484375,0.1708984375,-0.78125,-0.01220703125,0.98876953125,0.2685546875,0.2197265625,-0.0244140625,-0.3173828125,0.5615234375,-0.84228515625,-0.47607421875,-0.50048828125,-0.2197265625,-0.732421875,-0.47607421875,-0.20751953125,-0.15869140625,-0.64697265625,-0.244140625,-0.30517578125,-0.390625,0.59814453125,0.0244140625,1.13525390625,-0.32958984375,0.48828125,-0.23193359375,-0.2197265625,-0.6103515625,0.7568359375,0.0244140625,0.59814453125,-0.048828125,0.4638671875,0.08544921875,0.76904296875,-0.01220703125,0.15869140625,-0.01220703125,0.30517578125,-0.28076171875,1.06201171875,-0.048828125,0.25634765625,-0.1708984375,0.244140625,-0.29296875,0.25634765625,0.1220703125,0.87890625,0.08544921875,0.03662109375,-0.390625,1.35498046875,0.08544921875,-0.89111328125,0.08544921875,-0.341796875,-0.30517578125,-0.9765625,0.0244140625,-0.732421875,-0.0244140625,-1.5380859375,0,-0.23193359375,0.23193359375,-0.244140625,-0.06103515625,-1.1474609375,0,4.67529296875,0.18310546875,4.50439453125,-0.32958984375,7.06787109375,0.146484375,4.99267578125,-0.18310546875,-0.732421875,-0.01220703125,-1.4404296875,-0.2685546875,-1.03759765625,-0.0732421875,0.390625,0.10986328125,0.18310546875,-0.048828125,-0.18310546875,-0.0732421875,-0.1708984375,0.06103515625,-0.09765625,-0.13427734375,0,-0.06103515625,0.8544921875,-0.1220703125,-0.47607421875,0.048828125,-0.5126953125
1,-0.0732421875,-0.4150390625,-0.0244140625,-0.25634765625,0.3662109375,-0.37841796875,-0.08544921875,0.0244140625,-0.03662109375,-0.20751953125,0.06103515625,-1.01318359375,-0.18310546875,0.86669921875,-0.0732421875,-0.48828125,-0.13427734375,0.6591796875,0.08544921875,1.15966796875,-0.0244140625,1.64794921875,0.23193359375,1.69677734375,-0.20751953125,-0.146484375,0.2197265625,-0.79345703125,-0.0244140625,0.96435546875,0.3173828125,0.23193359375,0.03662109375,-0.29296875,0.57373046875,-0.8544921875,-0.4638671875,-0.5126953125,-0.1953125,-0.72021484375,-0.35400390625,-0.1953125,-0.15869140625,-0.64697265625,-0.2685546875,-0.341796875,-0.439453125,0.62255859375,-0.01220703125,1.15966796875,-0.25634765625,0.47607421875,-0.2197265625,-0.2197265625,-0.62255859375,0.78125,-0.06103515625,0.634765625,-0.01220703125,0.4638671875,0.1220703125,0.7568359375,0.0244140625,0.10986328125,-0.10986328125,0.29296875,-0.30517578125,1.0498046875,-0.06103515625,0.23193359375,-0.13427734375,0.23193359375,-0.30517578125,0.244140625,0.146484375,0.91552734375,0.09765625,0.0244140625,-0.341796875,1.3427734375,0.0732421875,-0.89111328125,0.048828125,-0.341796875,-0.2685546875,-0.98876953125,-0.048828125,-0.7568359375,0.03662109375,-1.5380859375,-0.06103515625,-0.244140625,0.2197265625,-0.25634765625,-0.08544921875,-1.15966796875,0.01220703125,5.18798828125,0.10986328125,5.01708984375,-0.30517578125,7.763671875,0.09765625,5.43212890625,-0.06103515625,-0.69580078125,-0.0244140625,-1.4404296875,-0.2685546875,-1.03759765625,-0.0732421875,0.3662109375,0.10986328125,0.1708984375,-0.03662109375,-0.1953125,-0.06103515625,-0.1708984375,0.0732421875,-0.09765625,-0.146484375,-0.01220703125,-0.06103515625,0.86669921875,-0.08544921875,-0.4638671875,0.06103515625,-0.50048828125
1,-0.08544921875,-0.390625,-0.0244140625,-0.25634765625,0.341796875,-0.390625,-0.09765625,0.01220703125,-0.0244140625,-0.20751953125,0.0732421875,-1.01318359375,-0.1708984375,0.89111328125,-0.1220703125,-0.5126953125,-0.09765625,1.40380859375,-0.048828125,1.85546875,0.08544921875,2.18505859375,0.0244140625,2.69775390625,-0.1708984375,-0.1953125,0.20751953125,-0.76904296875,0,0.93994140625,0.30517578125,0.244140625,0.10986328125,-0.29296875,0.5126953125,-0.84228515625,-0.40283203125,-0.48828125,-0.15869140625,-0.72021484375,-0.23193359375,-0.1953125,-0.23193359375,-0.64697265625,-0.244140625,-0.341796875,-0.42724609375,0.62255859375,-0.0244140625,1.1962890625,-0.2197265625,0.4638671875,-0.15869140625,-0.2197265625,-0.69580078125,0.7568359375,-0.1220703125,0.68359375,0.0244140625,0.4638671875,0.146484375,0.72021484375,0.09765625,0.10986328125,-0.1708984375,0.28076171875,-0.3173828125,1.0498046875,-0.08544921875,0.2197265625,-0.08544921875,0.244140625,-0.35400390625,0.23193359375,0.15869140625,0.9033203125,0.10986328125,0.0244140625,-0.2197265625,1.35498046875,0.06103515625,-0.927734375,0.01220703125,-0.341796875,-0.18310546875,-0.96435546875,-0.13427734375,-0.74462890625,0.10986328125,-1.5380859375,-0.0732421875,-0.23193359375,0.15869140625,-0.25634765625,-0.048828125,-1.171875,-0.0244140625,5.45654296875,0.03662109375,5.26123046875,-0.25634765625,8.14208984375,0.048828125,5.67626953125,0.08544921875,-0.69580078125,-0.06103515625,-1.46484375,-0.23193359375,-1.0498046875,-0.13427734375,0.35400390625,0.10986328125,0.1953125,-0.048828125,-0.1708984375,-0.06103515625,-0.1708984375,0.06103515625,-0.1220703125,-0.13427734375,-0.0244140625,-0.08544921875,0.87890625,-0.09765625,-0.48828125,0.048828125,-0.50048828125
1,-0.06103515625,-0.40283203125,-0.0244140625,-0.2685546875,0.29296875,-0.3662109375,-0.1220703125,0,-0.048828125,-0.23193359375,0.0732421875,-1.025390625,-0.15869140625,0.89111328125,-0.146484375,-0.5126953125,-0.09765625,2.25830078125,-0.1220703125,2.64892578125,0.13427734375,2.783203125,-0.37841796875,3.77197265625,-0.08544921875,-0.2197265625,0.15869140625,-0.78125,-0.01220703125,0.91552734375,0.29296875,0.244140625,0.09765625,-0.29296875,0.47607421875,-0.8544921875,-0.3662109375,-0.42724609375,-0.1708984375,-0.7080078125,-0.09765625,-0.20751953125,-0.20751953125,-0.62255859375,-0.20751953125,-0.3662109375,-0.42724609375,0.634765625,-0.048828125,1.1962890625,-0.2197265625,0.439453125,-0.08544921875,-0.23193359375,-0.72021484375,0.732421875,-0.1708984375,0.732421875,0.03662109375,0.47607421875,0.1953125,0.6591796875,0.18310546875,0.1220703125,-0.1953125,0.29296875,-0.3173828125,1.0498046875,-0.10986328125,0.20751953125,-0.0244140625,0.23193359375,-0.4150390625,0.2685546875,0.18310546875,0.91552734375,0.048828125,0.03662109375,-0.13427734375,1.35498046875,0.0732421875,-0.927734375,-0.03662109375,-0.32958984375,-0.0732421875,-0.98876953125,-0.18310546875,-0.7568359375,0.13427734375,-1.5380859375,-0.0732421875,-0.244140625,-0.01220703125,-0.25634765625,-0.0244140625,-1.171875,-0.03662109375,5.517578125,-0.09765625,5.31005859375,-0.18310546875,8.21533203125,0.01220703125,5.7373046875,0.2685546875,-0.68359375,-0.08544921875,-1.46484375,-0.1953125,-1.0498046875,-0.20751953125,0.35400390625,0.10986328125,0.1953125,-0.048828125,-0.1708984375,-0.08544921875,-0.1708984375,0.0732421875,-0.15869140625,-0.13427734375,-0.01220703125,-0.08544921875,0.89111328125,-0.09765625,-0.4638671875,0.03662109375,-0.48828125
1,-0.08544921875,-0.3662109375,-0.01220703125,-0.28076171875,0.2685546875,-0.40283203125,-0.10986328125,-0.01220703125,-0.048828125,-0.244140625,0.0732421875,-1.0009765625,-0.13427734375,0.89111328125,-0.1708984375,-0.537109375,-0.13427734375,3.11279296875,-0.25634765625,3.4423828125,0.0732421875,3.35693359375,-0.52490234375,4.87060546875,0.01220703125,-0.20751953125,0.146484375,-0.79345703125,-0.0244140625,0.86669921875,0.23193359375,0.25634765625,0.03662109375,-0.30517578125,0.439453125,-0.8544921875,-0.30517578125,-0.40283203125,-0.13427734375,-0.68359375,0.01220703125,-0.2197265625,-0.09765625,-0.62255859375,-0.146484375,-0.37841796875,-0.4150390625,0.634765625,-0.10986328125,1.18408203125,-0.28076171875,0.4638671875,-0.03662109375,-0.2197265625,-0.68359375,0.7568359375,-0.18310546875,0.7568359375,0.048828125,0.48828125,0.23193359375,0.59814453125,0.15869140625,0.10986328125,-0.2197265625,0.29296875,-0.2685546875,1.03759765625,-0.1220703125,0.20751953125,0.01220703125,0.20751953125,-0.45166015625,0.25634765625,0.18310546875,0.9033203125,0.03662109375,0.01220703125,-0.03662109375,1.3427734375,0.0244140625,-0.93994140625,-0.06103515625,-0.32958984375,-0.01220703125,-0.9765625,-0.1708984375,-0.78125,0.10986328125,-1.52587890625,-0.03662109375,-0.2685546875,-0.146484375,-0.25634765625,0.0244140625,-1.18408203125,-0.0244140625,5.33447265625,-0.1708984375,5.18798828125,-0.08544921875,7.94677734375,-0.0244140625,5.5908203125,0.37841796875,-0.7080078125,-0.0732421875,-1.42822265625,-0.146484375,-1.03759765625,-0.25634765625,0.35400390625,0.09765625,0.1953125,-0.048828125,-0.146484375,-0.08544921875,-0.1708984375,0.09765625,-0.15869140625,-0.146484375,-0.0244140625,-0.08544921875,0.86669921875,-0.10986328125,-0.47607421875,0.048828125,-0.48828125
1,-0.08544921875,-0.3662109375,-0.0244140625,-0.28076171875,0.1953125,-0.390625,-0.13427734375,0,-0.048828125,-0.2197265625,0.08544921875,-1.0009765625,-0.1220703125,0.91552734375,-0.20751953125,-0.52490234375,-0.146484375,3.90625,-0.25634765625,4.1748046875,0.048828125,3.86962890625,-0.4638671875,5.9326171875,0.08544921875,-0.23193359375,0.1220703125,-0.81787109375,-0.06103515625,0.81787109375,0.13427734375,0.244140625,-0.0732421875,-0.3173828125,0.32958984375,-0.8544921875,-0.2197265625,-0.390625,-0.10986328125,-0.67138671875,0.01220703125,-0.18310546875,0,-0.62255859375,-0.0732421875,-0.4150390625,-0.37841796875,0.6591796875,-0.13427734375,1.1962890625,-0.3173828125,0.47607421875,0.06103515625,-0.18310546875,-0.7080078125,0.7568359375,-0.15869140625,0.8056640625,0.048828125,0.4638671875,0.25634765625,0.5615234375,0.15869140625,0.13427734375,-0.1953125,0.29296875,-0.244140625,1.0498046875,-0.146484375,0.2197265625,0.03662109375,0.2197265625,-0.4638671875,0.29296875,0.146484375,0.89111328125,0.0244140625,0.0244140625,0.03662109375,1.3427734375,-0.03662109375,-0.9521484375,-0.06103515625,-0.30517578125,0.03662109375,-0.98876953125,-0.1220703125,-0.74462890625,0.048828125,-1.513671875,-0.01220703125,-0.2685546875,-0.29296875,-0.2685546875,0.03662109375,-1.18408203125,-0.0732421875,4.98046875,-0.15869140625,4.8095703125,-0.048828125,7.3974609375,-0.0244140625,5.26123046875,0.42724609375,-0.72021484375,-0.06103515625,-1.4404296875,-0.06103515625,-1.0498046875,-0.2685546875,0.341796875,0.08544921875,0.18310546875,-0.048828125,-0.146484375,-0.0732421875,-0.146484375,0.13427734375,-0.1708984375,-0.15869140625,-0.0244140625,-0.0732421875,0.8544921875,-0.08544921875,-0.48828125,0.048828125,-0.48828125
1,-0.0732421875,-0.35400390625,-0.01220703125,-0.29296875,0.15869140625,-0.390625,-0.146484375,-0.01220703125,-0.048828125,-0.1953125,0.0732421875,-1.0009765625,-0.10986328125,0.91552734375,-0.20751953125,-0.5126953125,-0.08544921875,4.57763671875,-0.20751953125,4.7607421875,-0.03662109375,4.296875,-0.32958984375,6.87255859375,0.13427734375,-0.1953125,0.1220703125,-0.830078125,-0.1220703125,0.81787109375,0.03662109375,0.244140625,-0.2685546875,-0.35400390625,0.28076171875,-0.8544921875,-0.15869140625,-0.40283203125,-0.03662109375,-0.64697265625,-0.01220703125,-0.2197265625,0.09765625,-0.634765625,0,-0.4150390625,-0.32958984375,0.64697265625,-0.146484375,1.171875,-0.341796875,0.48828125,0.146484375,-0.18310546875,-0.68359375,0.7568359375,-0.10986328125,0.81787109375,0.0244140625,0.439453125,0.28076171875,0.50048828125,0.09765625,0.13427734375,-0.28076171875,0.28076171875,-0.1953125,1.01318359375,-0.10986328125,0.20751953125,0.03662109375,0.20751953125,-0.45166015625,0.29296875,0.13427734375,0.87890625,0.01220703125,0.01220703125,0.10986328125,1.3427734375,-0.06103515625,-0.9521484375,-0.06103515625,-0.3173828125,0.048828125,-1.0009765625,-0.06103515625,-0.74462890625,-0.0244140625,-1.513671875,-0.0244140625,-0.28076171875,-0.3662109375,-0.28076171875,0.01220703125,-1.18408203125,-0.13427734375,4.45556640625,-0.1220703125,4.3212890625,0.0244140625,6.7626953125,0,4.833984375,0.341796875,-0.7568359375,-0.0732421875,-1.47705078125,0.01220703125,-1.0498046875,-0.25634765625,0.35400390625,0.08544921875,0.1953125,-0.0732421875,-0.1708984375,-0.0732421875,-0.15869140625,0.146484375,-0.15869140625,-0.15869140625,-0.0244140625,-0.08544921875,0.84228515625,-0.1220703125,-0.48828125,0.03662109375,-0.48828125
1,-0.0732421875,-0.341796875,-0.01220703125,-0.28076171875,0.1220703125,-0.390625,-0.15869140625,0.01220703125,-0.03662109375,-0.1708984375,0.0732421875,-1.0009765625,-0.09765625,0.9033203125,-0.23193359375,-0.50048828125,-0.10986328125,5.04150390625,-0.18310546875,5.16357421875,-0.146484375,4.60205078125,-0.25634765625,7.5927734375,0.10986328125,-0.18310546875,0.1220703125,-0.81787109375,-0.146484375,0.830078125,-0.0732421875,0.25634765625,-0.439453125,-0.3662109375,0.20751953125,-0.8544921875,-0.0732421875,-0.4150390625,0.09765625,-0.634765625,-0.048828125,-0.244140625,0.13427734375,-0.64697265625,0.03662109375,-0.40283203125,-0.2197265625,0.64697265625,-0.10986328125,1.1474609375,-0.3662109375,0.48828125,0.244140625,-0.15869140625,-0.6591796875,0.7568359375,-0.08544921875,0.79345703125,0.01220703125,0.42724609375,0.341796875,0.48828125,0.048828125,0.1708984375,-0.30517578125,0.28076171875,-0.146484375,1.025390625,-0.0732421875,0.23193359375,-0.01220703125,0.18310546875,-0.4150390625,0.30517578125,0.10986328125,0.87890625,0,0.01220703125,0.15869140625,1.33056640625,-0.13427734375,-0.927734375,-0.048828125,-0.3173828125,0.0244140625,-0.9765625,0.06103515625,-0.732421875,-0.10986328125,-1.50146484375,-0.048828125,-0.2685546875,-0.341796875,-0.3173828125,-0.0244140625,-1.18408203125,-0.1708984375,3.89404296875,-0.03662109375,3.74755859375,0.03662109375,6.01806640625,0.06103515625,4.296875,0.18310546875,-0.79345703125,-0.06103515625,-1.46484375,0.06103515625,-1.0498046875,-0.244140625,0.40283203125,0.08544921875,0.1708984375,-0.0732421875,-0.18310546875,-0.08544921875,-0.146484375,0.146484375,-0.13427734375,-0.13427734375,-0.0244140625,-0.10986328125,0.81787109375,-0.13427734375,-0.47607421875,0.048828125,-0.48828125
1,-0.08544921875,-0.35400390625,-0.01220703125,-0.28076171875,0.06103515625,-0.40283203125,-0.146484375,0.0244140625,-0.0244140625,-0.15869140625,0.0732421875,-0.98876953125,-0.08544921875,0.9033203125,-0.25634765625,-0.45166015625,-0.06103515625,5.31005859375,-0.06103515625,5.3955078125,-0.1953125,4.77294921875,0.048828125,8.04443359375,0,-0.18310546875,0.146484375,-0.81787109375,-0.2197265625,0.8544921875,-0.1708984375,0.2197265625,-0.5859375,-0.37841796875,0.20751953125,-0.8544921875,-0.03662109375,-0.45166015625,0.0732421875,-0.62255859375,-0.08544921875,-0.2197265625,0.13427734375,-0.634765625,0.048828125,-0.40283203125,-0.15869140625,0.62255859375,-0.06103515625,1.123046875,-0.42724609375,0.50048828125,0.3173828125,-0.13427734375,-0.634765625,0.74462890625,-0.09765625,0.78125,-0.06103515625,0.439453125,0.37841796875,0.48828125,0.0244140625,0.15869140625,-0.28076171875,0.244140625,-0.10986328125,1.025390625,-0.03662109375,0.25634765625,-0.0732421875,0.20751953125,-0.3173828125,0.3173828125,0.08544921875,0.8544921875,-0.01220703125,0.0244140625,0.1708984375,1.35498046875,-0.18310546875,-0.91552734375,-0.01220703125,-0.30517578125,-0.01220703125,-0.98876953125,0.13427734375,-0.7568359375,-0.1220703125,-1.4892578125,-0.1220703125,-0.2685546875,-0.244140625,-0.3173828125,-0.10986328125,-1.20849609375,-0.25634765625,3.2958984375,0.1220703125,3.18603515625,-0.01220703125,5.2001953125,0.10986328125,3.74755859375,0.0244140625,-0.79345703125,-0.10986328125,-1.45263671875,0.09765625,-1.03759765625,-0.23193359375,0.4150390625,0.0732421875,0.146484375,-0.06103515625,-0.1708984375,-0.0732421875,-0.146484375,0.146484375,-0.1220703125,-0.15869140625,-0.03662109375,-0.09765625,0.79345703125,-0.10986328125,-0.47607421875,0.048828125,-0.5126953125
1,-0.0732421875,-0.341796875,0,-0.2685546875,0.01220703125,-0.40283203125,-0.1220703125,0.03662109375,-0.0244140625,-0.13427734375,0.03662109375,-1.0009765625,-0.09765625,0.89111328125,-0.29296875,-0.45166015625,-0.06103515625,5.3466796875,0,5.4443359375,-0.2685546875,4.79736328125,0.244140625,8.26416015625,-0.09765625,-0.15869140625,0.13427734375,-0.830078125,-0.341796875,0.84228515625,-0.244140625,0.2197265625,-0.67138671875,-0.390625,0.2197265625,-0.84228515625,-0.06103515625,-0.48828125,0.10986328125,-0.59814453125,-0.10986328125,-0.2197265625,0.13427734375,-0.64697265625,0.03662109375,-0.40283203125,-0.08544921875,0.634765625,-0.048828125,1.13525390625,-0.4638671875,0.5126953125,0.3662109375,-0.10986328125,-0.57373046875,0.74462890625,-0.08544921875,0.72021484375,-0.09765625,0.439453125,0.40283203125,0.52490234375,0.0244140625,0.18310546875,-0.2685546875,0.25634765625,-0.03662109375,1.06201171875,0.0244140625,0.25634765625,-0.1220703125,0.1953125,-0.1953125,0.29296875,0.09765625,0.89111328125,-0.0244140625,0.0244140625,0.18310546875,1.3671875,-0.1708984375,-0.91552734375,0,-0.3173828125,0,-0.98876953125,0.2197265625,-0.7568359375,-0.146484375,-1.52587890625,-0.18310546875,-0.2685546875,-0.0732421875,-0.32958984375,-0.1220703125,-1.20849609375,-0.32958984375,2.62451171875,0.23193359375,2.587890625,-0.06103515625,4.33349609375,0.15869140625,3.18603515625,-0.15869140625,-0.8056640625,-0.10986328125,-1.45263671875,0.03662109375,-1.025390625,-0.1953125,0.42724609375,0.0732421875,0.13427734375,-0.08544921875,-0.15869140625,-0.06103515625,-0.1708984375,0.10986328125,-0.09765625,-0.146484375,-0.048828125,-0.10986328125,0.78125,-0.13427734375,-0.47607421875,0.048828125,-0.5126953125
0,-0.03662109375,-0.35400390625,0.01220703125,-0.2685546875,-0.01220703125,-0.42724609375,-0.1220703125,0.0244140625,-0.03662109375,-0.146484375,0.03662109375,-0.9765625,-0.09765625,0.9033203125,-0.30517578125,-0.4638671875,-0.048828125,5.23681640625,0.0244140625,5.35888671875,-0.2197265625,4.7119140625,0.40283203125,8.26416015625,-0.18310546875,-0.15869140625,0.09765625,-0.84228515625,-0.4150390625,0.86669921875,-0.23193359375,0.20751953125,-0.68359375,-0.390625,0.18310546875,-0.8544921875,-0.1220703125,-0.50048828125,0.1220703125,-0.57373046875,-0.1220703125,-0.2197265625,0.03662109375,-0.6591796875,0.01220703125,-0.40283203125,-0.08544921875,0.634765625,-0.03662109375,1.123046875,-0.52490234375,0.5126953125,0.45166015625,-0.09765625,-0.50048828125,0.7568359375,-0.08544921875,0.69580078125,-0.08544921875,0.42724609375,0.439453125,0.54931640625,-0.01220703125,0.15869140625,-0.1708984375,0.23193359375,0.03662109375,1.0498046875,0.06103515625,0.2685546875,-0.1708984375,0.20751953125,-0.09765625,0.29296875,0.09765625,0.87890625,-0.01220703125,0.0244140625,0.13427734375,1.35498046875,-0.15869140625,-0.91552734375,0.03662109375,-0.32958984375,0.01220703125,-0.98876953125,0.25634765625,-0.7568359375,-0.15869140625,-1.50146484375,-0.244140625,-0.2685546875,0.09765625,-0.341796875,-0.1220703125,-1.20849609375,-0.29296875,2.0263671875,0.30517578125,2.01416015625,-0.146484375,3.47900390625,0.18310546875,2.60009765625,-0.23193359375,-0.78125,-0.13427734375,-1.45263671875,-0.048828125,-1.025390625,-0.1708984375,0.42724609375,0.08544921875,0.146484375,-0.08544921875,-0.15869140625,-0.0732421875,-0.1953125,0.13427734375,-0.08544921875,-0.13427734375,-0.06103515625,-0.13427734375,0.78125,-0.1708984375,-0.48828125,0.06103515625,-0.52490234375
0,-0.01220703125,-0.3662109375,0.0732421875,-0.2685546875,-0.01220703125,-0.4150390625,-0.09765625,0.01220703125,-0.0244140625,-0.15869140625,0.0244140625,-0.98876953125,-0.08544921875,0.9033203125,-0.30517578125,-0.47607421875,0.0732421875,5.01708984375,0.06103515625,5.17578125,-0.06103515625,4.57763671875,0.4150390625,8.056640625,-0.2685546875,-0.13427734375,0.048828125,-0.81787109375,-0.45166015625,0.9033203125,-0.18310546875,0.20751953125,-0.6103515625,-0.32958984375,0.1708984375,-0.8544921875,-0.1953125,-0.5126953125,0.1708984375,-0.57373046875,-0.18310546875,-0.20751953125,-0.048828125,-0.6591796875,0.01220703125,-0.37841796875,-0.10986328125,0.64697265625,-0.01220703125,1.15966796875,-0.52490234375,0.50048828125,0.4638671875,-0.146484375,-0.439453125,0.732421875,-0.0732421875,0.67138671875,-0.10986328125,0.45166015625,0.47607421875,0.59814453125,-0.048828125,0.15869140625,-0.048828125,0.20751953125,0.09765625,1.0498046875,0.0732421875,0.25634765625,-0.1708984375,0.20751953125,-0.048828125,0.28076171875,0.10986328125,0.8544921875,-0.06103515625,0.0244140625,0.1220703125,1.3427734375,-0.08544921875,-0.927734375,0.06103515625,-0.30517578125,0.03662109375,-0.9765625,0.20751953125,-0.7568359375,-0.15869140625,-1.513671875,-0.244140625,-0.2685546875,0.244140625,-0.341796875,-0.1220703125,-1.18408203125,-0.20751953125,1.416015625,0.30517578125,1.416015625,-0.23193359375,2.60009765625,0.2197265625,2.01416015625,-0.23193359375,-0.7568359375,-0.18310546875,-1.45263671875,-0.1220703125,-1.025390625,-0.146484375,0.42724609375,0.08544921875,0.146484375,-0.10986328125,-0.1708984375,-0.06103515625,-0.18310546875,0.1220703125,-0.08544921875,-0.15869140625,-0.06103515625,-0.1220703125,0.78125,-0.1708984375,-0.4638671875,0.06103515625,-0.5126953125
0,0,-0.341796875,0.0732421875,-0.28076171875,-0.03662109375,-0.40283203125,-0.09765625,-0.01220703125,0,-0.1708984375,0.048828125,-1.01318359375,-0.08544921875,0.87890625,-0.30517578125,-0.5126953125,0.1220703125,4.74853515625,0.048828125,4.9560546875,0.08544921875,4.3701171875,0.23193359375,7.6416015625,-0.3173828125,-0.15869140625,0,-0.81787109375,-0.50048828125,0.927734375,-0.10986328125,0.2197265625,-0.439453125,-0.3173828125,0.146484375,-0.86669921875,-0.2685546875,-0.50048828125,0.15869140625,-0.54931640625,-0.23193359375,-0.18310546875,-0.146484375,-0.64697265625,0.01220703125,-0.3662109375,-0.1708984375,0.62255859375,-0.03662109375,1.171875,-0.5126953125,0.48828125,0.439453125,-0.18310546875,-0.3662109375,0.7568359375,-0.09765625,0.67138671875,-0.1220703125,0.4638671875,0.4150390625,0.62255859375,-0.15869140625,0.15869140625,0.0244140625,0.18310546875,0.15869140625,1.06201171875,0.08544921875,0.25634765625,-0.1708984375,0.2197265625,-0.0244140625,0.25634765625,0.15869140625,0.89111328125,-0.06103515625,0.0244140625,0.0732421875,1.35498046875,0,-0.9521484375,0.06103515625,-0.3173828125,0.03662109375,-0.98876953125,0.15869140625,-0.7568359375,-0.1220703125,-1.513671875,-0.2197265625,-0.28076171875,0.28076171875,-0.32958984375,-0.048828125,-1.1962890625,-0.08544921875,0.8056640625,0.25634765625,0.84228515625,-0.29296875,1.708984375,0.29296875,1.40380859375,-0.1708984375,-0.72021484375,-0.2197265625,-1.46484375,-0.1953125,-1.0009765625,-0.10986328125,0.42724609375,0.08544921875,0.15869140625,-0.13427734375,-0.15869140625,-0.0732421875,-0.18310546875,0.1220703125,-0.08544921875,-0.146484375,-0.048828125,-0.1220703125,0.78125,-0.18310546875,-0.48828125,0.0732421875,-0.52490234375
0,0.0244140625,-0.3662109375,0.0732421875,-0.30517578125,-0.08544921875,-0.40283203125,-0.08544921875,0.01220703125,-0.03662109375,-0.18310546875,0.03662109375,-1.0009765625,-0.0732421875,0.89111328125,-0.29296875,-0.52490234375,0.1953125,4.45556640625,-0.01220703125,4.69970703125,0.25634765625,4.1748046875,0.0732421875,7.11669921875,-0.3173828125,-0.18310546875,-0.048828125,-0.79345703125,-0.4638671875,0.927734375,0,0.20751953125,-0.25634765625,-0.28076171875,0.1220703125,-0.8544921875,-0.32958984375,-0.45166015625,0.1220703125,-0.54931640625,-0.28076171875,-0.146484375,-0.2685546875,-0.6591796875,0.03662109375,-0.341796875,-0.244140625,0.634765625,-0.01220703125,1.1962890625,-0.47607421875,0.45166015625,0.4150390625,-0.1953125,-0.32958984375,0.74462890625,-0.15869140625,0.67138671875,-0.10986328125,0.4638671875,0.35400390625,0.64697265625,-0.18310546875,0.146484375,0.20751953125,0.18310546875,0.2197265625,1.06201171875,0.08544921875,0.2197265625,-0.13427734375,0.20751953125,0.03662109375,0.2685546875,0.13427734375,0.87890625,-0.08544921875,0.03662109375,0.03662109375,1.35498046875,0.0732421875,-0.9521484375,0.06103515625,-0.29296875,0,-0.9765625,0.048828125,-0.76904296875,-0.09765625,-1.52587890625,-0.15869140625,-0.25634765625,0.244140625,-0.3173828125,0.0244140625,-1.171875,0.03662109375,0.20751953125,0.20751953125,0.25634765625,-0.2685546875,0.8056640625,0.30517578125,0.830078125,-0.08544921875,-0.67138671875,-0.25634765625,-1.45263671875,-0.1708984375,-1.025390625,-0.08544921875,0.4150390625,0.06103515625,0.1708984375,-0.15869140625,-0.18310546875,-0.08544921875,-0.1708984375,0.1220703125,-0.08544921875,-0.15869140625,-0.0244140625,-0.10986328125,0.830078125,-0.18310546875,-0.47607421875,0.06103515625,-0.50048828125
0,0.0244140625,-0.3662109375,0.09765625,-0.30517578125,-0.10986328125,-0.40283203125,-0.08544921875,0,-0.048828125,-0.1953125,0.0244140625,-1.01318359375,-0.0732421875,0.9033203125,-0.30517578125,-0.537109375,0.23193359375,4.1748046875,-0.06103515625,4.43115234375,0.32958984375,3.955078125,-0.0732421875,6.5673828125,-0.30517578125,-0.20751953125,-0.10986328125,-0.7568359375,-0.35400390625,0.93994140625,0.08544921875,0.2197265625,-0.08544921875,-0.28076171875,0.146484375,-0.86669921875,-0.37841796875,-0.439453125,0.13427734375,-0.54931640625,-0.341796875,-0.15869140625,-0.29296875,-0.6591796875,0.01220703125,-0.37841796875,-0.341796875,0.634765625,0.01220703125,1.23291015625,-0.47607421875,0.45166015625,0.3662109375,-0.244140625,-0.3662109375,0.74462890625,-0.2197265625,0.67138671875,-0.0732421875,0.47607421875,0.2685546875,0.6591796875,-0.244140625,0.146484375,0.28076171875,0.18310546875,0.25634765625,1.0498046875,0.0732421875,0.2197265625,-0.09765625,0.20751953125,0.06103515625,0.2685546875,0.13427734375,0.86669921875,-0.09765625,0.0244140625,0.0244140625,1.3671875,0.10986328125,-0.9521484375,0.03662109375,-0.3173828125,-0.01220703125,-0.96435546875,-0.08544921875,-0.76904296875,-0.10986328125,-1.513671875,-0.09765625,-0.23193359375,0.1708984375,-0.30517578125,0.15869140625,-1.18408203125,0.08544921875,-0.42724609375,0.1708984375,-0.32958984375,-0.20751953125,-0.0732421875,0.2685546875,0.2197265625,0.03662109375,-0.67138671875,-0.25634765625,-1.45263671875,-0.146484375,-1.0498046875,-0.1220703125,0.37841796875,0.048828125,0.1708984375,-0.146484375,-0.1708984375,-0.0732421875,-0.146484375,0.10986328125,-0.08544921875,-0.146484375,-0.01220703125,-0.10986328125,0.830078125,-0.1708984375,-0.47607421875,0.048828125,-0.47607421875
0,0.0244140625,-0.35400390625,0.10986328125,-0.30517578125,-0.1708984375,-0.390625,-0.08544921875,0.01220703125,-0.048828125,-0.2197265625,0.0244140625,-1.01318359375,-0.0732421875,0.9033203125,-0.32958984375,-0.54931640625,0.18310546875,3.91845703125,-0.10986328125,4.18701171875,0.390625,3.7841796875,-0.15869140625,6.005859375,-0.25634765625,-0.20751953125,-0.10986328125,-0.78125,-0.25634765625,0.91552734375,0.15869140625,0.2197265625,0.0244140625,-0.28076171875,0.20751953125,-0.8544921875,-0.4150390625,-0.390625,0.0732421875,-0.5615234375,-0.37841796875,-0.15869140625,-0.28076171875,-0.634765625,0,-0.37841796875,-0.45166015625,0.64697265625,0,1.23291015625,-0.4638671875,0.4638671875,0.3173828125,-0.244140625,-0.40283203125,0.7568359375,-0.20751953125,0.68359375,-0.06103515625,0.4638671875,0.1220703125,0.6591796875,-0.244140625,0.146484375,0.32958984375,0.1953125,0.30517578125,1.03759765625,0.0732421875,0.1953125,-0.0244140625,0.20751953125,0.10986328125,0.28076171875,0.13427734375,0.86669921875,-0.09765625,0.03662109375,-0.0244140625,1.35498046875,0.09765625,-0.96435546875,0.0244140625,-0.32958984375,-0.06103515625,-0.9765625,-0.1953125,-0.76904296875,-0.08544921875,-1.52587890625,-0.01220703125,-0.23193359375,0.048828125,-0.29296875,0.2685546875,-1.171875,0.13427734375,-0.98876953125,0.1708984375,-0.91552734375,-0.13427734375,-0.87890625,0.146484375,-0.30517578125,0.08544921875,-0.67138671875,-0.20751953125,-1.45263671875,-0.146484375,-1.025390625,-0.1708984375,0.37841796875,0.03662109375,0.1953125,-0.18310546875,-0.15869140625,-0.0732421875,-0.13427734375,0.08544921875,-0.08544921875,-0.15869140625,0,-0.10986328125,0.84228515625,-0.146484375,-0.48828125,0.048828125,-0.47607421875
0,0.0244140625,-0.341796875,0.10986328125,-0.30517578125,-0.20751953125,-0.40283203125,-0.06103515625,0,-0.03662109375,-0.2197265625,0.03662109375,-1.01318359375,-0.048828125,0.9033203125,-0.32958984375,-0.5126953125,0.09765625,3.7109375,-0.18310546875,3.955078125,0.32958984375,3.57666015625,-0.25634765625,5.517578125,-0.20751953125,-0.2197265625,-0.10986328125,-0.76904296875,-0.15869140625,0.89111328125,0.1953125,0.244140625,0.01220703125,-0.28076171875,0.2685546875,-0.86669921875,-0.42724609375,-0.3662109375,0.01220703125,-0.5859375,-0.4150390625,-0.1708984375,-0.2197265625,-0.64697265625,-0.06103515625,-0.3662109375,-0.5126953125,0.634765625,0.01220703125,1.220703125,-0.40283203125,0.4638671875,0.244140625,-0.2685546875,-0.4150390625,0.7568359375,-0.18310546875,0.7080078125,-0.0244140625,0.4638671875,0.0244140625,0.634765625,-0.244140625,0.146484375,0.37841796875,0.20751953125,0.35400390625,1.0498046875,0.0732421875,0.1953125,0.06103515625,0.18310546875,0.146484375,0.29296875,0.10986328125,0.8544921875,-0.10986328125,0.048828125,-0.03662109375,1.3671875,0.048828125,-0.96435546875,-0.01220703125,-0.30517578125,-0.146484375,-0.9765625,-0.28076171875,-0.732421875,-0.08544921875,-1.50146484375,0.0732421875,-0.2197265625,-0.048828125,-0.28076171875,0.35400390625,-1.15966796875,0.08544921875,-1.4892578125,0.18310546875,-1.3916015625,-0.0732421875,-1.62353515625,0.048828125,-0.76904296875,0.10986328125,-0.6591796875,-0.09765625,-1.42822265625,-0.146484375,-1.025390625,-0.244140625,0.3662109375,-0.01220703125,0.18310546875,-0.18310546875,-0.146484375,-0.06103515625,-0.146484375,0.06103515625,-0.0732421875,-0.146484375,0.01220703125,-0.09765625,0.830078125,-0.15869140625,-0.45166015625,0.048828125,-0.47607421875
0,0.0244140625,-0.32958984375,0.1220703125,-0.3173828125,-0.23193359375,-0.4150390625,-0.08544921875,0.01220703125,0,-0.2197265625,0.01220703125,-1.0009765625,-0.048828125,0.91552734375,-0.28076171875,-0.50048828125,0.03662109375,3.50341796875,-0.1953125,3.77197265625,0.244140625,3.43017578125,-0.18310546875,5.09033203125,-0.15869140625,-0.23193359375,-0.06103515625,-0.78125,-0.048828125,0.87890625,0.15869140625,0.20751953125,-0.0732421875,-0.30517578125,0.35400390625,-0.87890625,-0.40283203125,-0.341796875,-0.01220703125,-0.59814453125,-0.390625,-0.146484375,-0.15869140625,-0.64697265625,-0.13427734375,-0.3662109375,-0.52490234375,0.64697265625,-0.01220703125,1.1962890625,-0.3173828125,0.50048828125,0.15869140625,-0.20751953125,-0.4150390625,0.7568359375,-0.1953125,0.72021484375,0.01220703125,0.48828125,-0.09765625,0.6103515625,-0.2197265625,0.15869140625,0.4638671875,0.244140625,0.3173828125,1.0498046875,0.0732421875,0.18310546875,0.1220703125,0.18310546875,0.1708984375,0.30517578125,0.048828125,0.830078125,-0.1220703125,0.03662109375,-0.048828125,1.35498046875,0.01220703125,-0.9521484375,-0.0244140625,-0.30517578125,-0.2197265625,-0.9521484375,-0.32958984375,-0.7080078125,-0.13427734375,-1.47705078125,0.146484375,-0.20751953125,-0.146484375,-0.2685546875,0.4150390625,-1.1474609375,0.01220703125,-1.904296875,0.1708984375,-1.7822265625,-0.048828125,-2.1728515625,-0.0732421875,-1.123046875,0.10986328125,-0.69580078125,0.03662109375,-1.45263671875,-0.1708984375,-1.03759765625,-0.3173828125,0.3662109375,0,0.18310546875,-0.1708984375,-0.15869140625,-0.06103515625,-0.10986328125,0.06103515625,-0.09765625,-0.146484375,0.0244140625,-0.0732421875,0.81787109375,-0.18310546875,-0.45166015625,0.0244140625,-0.48828125
0,0.03662109375,-0.32958984375,0.10986328125,-0.29296875,-0.25634765625,-0.40283203125,-0.08544921875,0,0.01220703125,-0.1953125,0.01220703125,-1.01318359375,-0.0244140625,0.927734375,-0.29296875,-0.48828125,-0.06103515625,3.3447265625,-0.1953125,3.57666015625,0.06103515625,3.2958984375,-0.244140625,4.8095703125,-0.13427734375,-0.20751953125,0.0244140625,-0.8056640625,0,0.8544921875,0.10986328125,0.20751953125,-0.2197265625,-0.3173828125,0.40283203125,-0.87890625,-0.37841796875,-0.3173828125,0,-0.6103515625,-0.341796875,-0.1708984375,-0.048828125,-0.64697265625,-0.1953125,-0.37841796875,-0.50048828125,0.6591796875,-0.01220703125,1.1474609375,-0.23193359375,0.5126953125,0.1220703125,-0.18310546875,-0.37841796875,0.76904296875,-0.23193359375,0.72021484375,0.048828125,0.4638671875,-0.244140625,0.57373046875,-0.15869140625,0.13427734375,0.54931640625,0.23193359375,0.32958984375,1.0498046875,0.08544921875,0.18310546875,0.13427734375,0.1953125,0.23193359375,0.30517578125,-0.0244140625,0.830078125,-0.13427734375,0.0244140625,-0.06103515625,1.35498046875,-0.048828125,-0.927734375,-0.048828125,-0.3173828125,-0.30517578125,-0.93994140625,-0.2685546875,-0.72021484375,-0.1708984375,-1.46484375,0.1708984375,-0.1953125,-0.1708984375,-0.25634765625,0.40283203125,-1.171875,-0.10986328125,-2.18505859375,0.1220703125,-2.03857421875,-0.048828125,-2.45361328125,-0.15869140625,-1.318359375,0.0732421875,-0.732421875,0.146484375,-1.46484375,-0.1708984375,-1.0498046875,-0.30517578125,0.37841796875,-0.01220703125,0.18310546875,-0.1708984375,-0.13427734375,-0.0732421875,-0.09765625,0.048828125,-0.10986328125,-0.15869140625,0.0244140625,-0.06103515625,0.830078125,-0.18310546875,-0.439453125,-0.01220703125,-0.50048828125
0,0.01220703125,-0.35400390625,0.1220703125,-0.29296875,-0.28076171875,-0.390625,-0.08544921875,0,0.01220703125,-0.18310546875,0,-1.0009765625,-0.01220703125,0.927734375,-0.28076171875,-0.48828125,-0.13427734375,3.173828125,-0.23193359375,3.3935546875,-0.1220703125,3.1982421875,-0.2685546875,4.638671875,-0.146484375,-0.1953125,0.13427734375,-0.8056640625,0.08544921875,0.8544921875,0.06103515625,0.2197265625,-0.37841796875,-0.35400390625,0.390625,-0.89111328125,-0.341796875,-0.3662109375,0.01220703125,-0.6591796875,-0.25634765625,-0.1953125,-0.01220703125,-0.6591796875,-0.28076171875,-0.40283203125,-0.4150390625,0.64697265625,-0.0244140625,1.13525390625,-0.1708984375,0.52490234375,0.10986328125,-0.146484375,-0.35400390625,0.7568359375,-0.23193359375,0.7080078125,0.048828125,0.45166015625,-0.341796875,0.54931640625,-0.18310546875,0.1220703125,0.5615234375,0.2685546875,0.28076171875,1.0498046875,0.08544921875,0.2197265625,0.13427734375,0.20751953125,0.23193359375,0.3173828125,-0.13427734375,0.81787109375,-0.13427734375,0.0244140625,-0.06103515625,1.35498046875,-0.13427734375,-0.927734375,-0.048828125,-0.3173828125,-0.3662109375,-0.9521484375,-0.2197265625,-0.72021484375,-0.1953125,-1.46484375,0.10986328125,-0.1953125,-0.1220703125,-0.23193359375,0.2685546875,-1.1474609375,-0.1953125,-2.2705078125,0.08544921875,-2.16064453125,-0.06103515625,-2.4658203125,-0.18310546875,-1.3671875,0.048828125,-0.76904296875,0.2197265625,-1.46484375,-0.146484375,-1.025390625,-0.28076171875,0.390625,-0.048828125,0.1708984375,-0.18310546875,-0.13427734375,-0.06103515625,-0.09765625,0.03662109375,-0.10986328125,-0.15869140625,0.01220703125,-0.06103515625,0.84228515625,-0.18310546875,-0.439453125,-0.01220703125,-0.50048828125
0,0,-0.32958984375,0.10986328125,-0.3173828125,-0.341796875,-0.390625,-0.09765625,0,0.01220703125,-0.1708984375,-0.01220703125,-1.0009765625,0,0.93994140625,-0.25634765625,-0.47607421875,-0.1953125,3.02734375,-0.2197265625,3.23486328125,-0.28076171875,3.125,-0.25634765625,4.47998046875,-0.146484375,-0.1708984375,0.2197265625,-0.8056640625,0.048828125,0.86669921875,0.03662109375,0.2197265625,-0.4150390625,-0.35400390625,0.37841796875,-0.87890625,-0.25634765625,-0.390625,0.048828125,-0.69580078125,-0.18310546875,-0.1953125,0.048828125,-0.6591796875,-0.30517578125,-0.37841796875,-0.3173828125,0.634765625,-0.03662109375,1.123046875,-0.13427734375,0.537109375,0.08544921875,-0.13427734375,-0.35400390625,0.74462890625,-0.2197265625,0.68359375,0.03662109375,0.42724609375,-0.40283203125,0.537109375,-0.244140625,0.10986328125,0.537109375,0.29296875,0.20751953125,1.06201171875,0.08544921875,0.23193359375,0.146484375,0.20751953125,0.18310546875,0.30517578125,-0.18310546875,0.830078125,-0.1220703125,0.01220703125,-0.09765625,1.3427734375,-0.20751953125,-0.89111328125,-0.06103515625,-0.3173828125,-0.40283203125,-0.96435546875,-0.146484375,-0.72021484375,-0.18310546875,-1.46484375,0,-0.1953125,-0.0732421875,-0.25634765625,0.08544921875,-1.15966796875,-0.23193359375,-2.18505859375,0.1220703125,-2.0751953125,-0.06103515625,-2.2705078125,-0.09765625,-1.25732421875,0.06103515625,-0.79345703125,0.23193359375,-1.46484375,-0.146484375,-1.025390625,-0.244140625,0.4150390625,-0.0732421875,0.1708984375,-0.18310546875,-0.146484375,-0.0732421875,-0.1220703125,0.0244140625,-0.1220703125,-0.146484375,0,-0.06103515625,0.84228515625,-0.1708984375,-0.42724609375,0,-0.48828125
0,-0.01220703125,-0.341796875,0.08544921875,-0.3173828125,-0.40283203125,-0.35400390625,-0.08544921875,-0.01220703125,0,-0.1708984375,-0.01220703125,-1.01318359375,0,0.93994140625,-0.244140625,-0.48828125,-0.2685546875,2.8564453125,-0.23193359375,3.0517578125,-0.35400390625,2.99072265625,-0.18310546875,4.38232421875,-0.15869140625,-0.1708984375,0.28076171875,-0.830078125,0.0244140625,0.86669921875,0.048828125,0.20751953125,-0.5126953125,-0.37841796875,0.3173828125,-0.86669921875,-0.1708984375,-0.4150390625,0.15869140625,-0.72021484375,-0.10986328125,-0.1708984375,0.0732421875,-0.64697265625,-0.30517578125,-0.37841796875,-0.244140625,0.62255859375,-0.03662109375,1.123046875,-0.15869140625,0.5126953125,0.03662109375,-0.13427734375,-0.3662109375,0.732421875,-0.1708984375,0.68359375,0.01220703125,0.439453125,-0.42724609375,0.50048828125,-0.30517578125,0.08544921875,0.537109375,0.3173828125,0.10986328125,1.08642578125,0.09765625,0.23193359375,0.13427734375,0.23193359375,0.15869140625,0.29296875,-0.23193359375,0.8056640625,-0.13427734375,0.0244140625,-0.09765625,1.35498046875,-0.23193359375,-0.87890625,-0.0732421875,-0.3173828125,-0.390625,-0.98876953125,-0.048828125,-0.732421875,-0.1708984375,-1.47705078125,-0.1220703125,-0.2197265625,0,-0.25634765625,-0.10986328125,-1.15966796875,-0.23193359375,-1.9287109375,0.0732421875,-1.806640625,-0.09765625,-1.8798828125,-0.03662109375,-1.01318359375,0.0732421875,-0.78125,0.1953125,-1.45263671875,-0.13427734375,-1.025390625,-0.20751953125,0.439453125,-0.09765625,0.146484375,-0.15869140625,-0.146484375,-0.06103515625,-0.146484375,0.048828125,-0.10986328125,-0.146484375,-0.0244140625,-0.0732421875,0.830078125,-0.1953125,-0.45166015625,-0.01220703125,-0.47607421875
0,0,-0.35400390625,0.08544921875,-0.29296875,-0.439453125,-0.341796875,-0.0732421875,-0.01220703125,0.01220703125,-0.1708984375,-0.01220703125,-0.98876953125,0.01220703125,0.927734375,-0.244140625,-0.50048828125,-0.25634765625,2.64892578125,-0.28076171875,2.880859375,-0.32958984375,2.89306640625,-0.1708984375,4.2724609375,-0.1708984375,-0.15869140625,0.28076171875,-0.84228515625,-0.03662109375,0.87890625,0.03662109375,0.1953125,-0.52490234375,-0.35400390625,0.20751953125,-0.86669921875,-0.13427734375,-0.4638671875,0.146484375,-0.74462890625,-0.03662109375,-0.1708984375,0.03662109375,-0.634765625,-0.30517578125,-0.37841796875,-0.1708984375,0.6103515625,-0.08544921875,1.15966796875,-0.23193359375,0.5126953125,0.0244140625,-0.146484375,-0.40283203125,0.74462890625,-0.1220703125,0.68359375,-0.01220703125,0.439453125,-0.390625,0.50048828125,-0.4150390625,0.09765625,0.52490234375,0.3173828125,0,1.07421875,0.08544921875,0.2197265625,0.10986328125,0.244140625,0.10986328125,0.29296875,-0.244140625,0.84228515625,-0.0732421875,0.03662109375,-0.10986328125,1.35498046875,-0.28076171875,-0.87890625,-0.0732421875,-0.30517578125,-0.29296875,-0.98876953125,0.0244140625,-0.732421875,-0.1708984375,-1.4892578125,-0.2197265625,-0.2197265625,0.048828125,-0.28076171875,-0.2685546875,-1.171875,-0.2197265625,-1.611328125,0.03662109375,-1.4892578125,-0.13427734375,-1.42822265625,0.01220703125,-0.69580078125,0.146484375,-0.76904296875,0.1220703125,-1.46484375,-0.18310546875,-1.01318359375,-0.1220703125,0.439453125,-0.10986328125,0.15869140625,-0.15869140625,-0.15869140625,-0.06103515625,-0.1708984375,0.03662109375,-0.1220703125,-0.1220703125,-0.0244140625,-0.08544921875,0.84228515625,-0.18310546875,-0.4638671875,0,-0.48828125
0,0,-0.3662109375,0.06103515625,-0.2685546875,-0.439453125,-0.3173828125,-0.0732421875,0.01220703125,0,-0.146484375,0.01220703125,-0.98876953125,0.0244140625,0.91552734375,-0.25634765625,-0.50048828125,-0.20751953125,2.47802734375,-0.28076171875,2.685546875,-0.18310546875,2.79541015625,-0.146484375,4.052734375,-0.09765625,-0.146484375,0.244140625,-0.81787109375,-0.08544921875,0.89111328125,0.01220703125,0.2197265625,-0.52490234375,-0.3662109375,0.06103515625,-0.86669921875,-0.06103515625,-0.5126953125,0.1953125,-0.74462890625,0.08544921875,-0.1708984375,-0.03662109375,-0.634765625,-0.244140625,-0.35400390625,-0.1708984375,0.62255859375,-0.13427734375,1.18408203125,-0.3173828125,0.48828125,0.03662109375,-0.15869140625,-0.48828125,0.732421875,-0.13427734375,0.69580078125,0,0.45166015625,-0.3173828125,0.50048828125,-0.439453125,0.0732421875,0.4638671875,0.30517578125,-0.09765625,1.06201171875,0.08544921875,0.18310546875,0.08544921875,0.244140625,0.048828125,0.2685546875,-0.2197265625,0.8544921875,-0.0732421875,0.06103515625,-0.15869140625,1.35498046875,-0.28076171875,-0.89111328125,-0.06103515625,-0.32958984375,-0.15869140625,-1.0009765625,0.03662109375,-0.7568359375,-0.146484375,-1.4892578125,-0.25634765625,-0.244140625,0.01220703125,-0.29296875,-0.29296875,-1.1962890625,-0.1953125,-1.23291015625,-0.06103515625,-1.0986328125,-0.15869140625,-0.91552734375,0.048828125,-0.3662109375,0.20751953125,-0.74462890625,-0.048828125,-1.4404296875,-0.1953125,-1.01318359375,-0.08544921875,0.42724609375,-0.1220703125,0.146484375,-0.1708984375,-0.1708984375,-0.0732421875,-0.1953125,0.03662109375,-0.10986328125,-0.09765625,0,-0.08544921875,0.84228515625,-0.1953125,-0.47607421875,0.01220703125,-0.47607421875
1,0,-0.3662109375,0.03662109375,-0.28076171875,-0.45166015625,-0.29296875,-0.0732421875,0.01220703125,-0.048828125,-0.18310546875,0,-0.98876953125,0.03662109375,0.91552734375,-0.244140625,-0.50048828125,-0.0732421875,2.20947265625,-0.28076171875,2.47802734375,-0.0244140625,2.63671875,-0.15869140625,3.67431640625,-0.0244140625,-0.146484375,0.15869140625,-0.8056640625,-0.13427734375,0.927734375,-0.03662109375,0.2197265625,-0.45166015625,-0.32958984375,-0.08544921875,-0.8544921875,-0.0732421875,-0.5126953125,0.25634765625,-0.76904296875,0.10986328125,-0.18310546875,-0.048828125,-0.634765625,-0.09765625,-0.341796875,-0.146484375,0.6103515625,-0.18310546875,1.23291015625,-0.390625,0.48828125,0.01220703125,-0.1708984375,-0.50048828125,0.74462890625,-0.15869140625,0.69580078125,0,0.4638671875,-0.28076171875,0.48828125,-0.45166015625,0.10986328125,0.37841796875,0.29296875,-0.18310546875,1.06201171875,0.06103515625,0.1953125,0.0244140625,0.23193359375,0,0.2685546875,-0.1953125,0.87890625,-0.01220703125,0.06103515625,-0.18310546875,1.3671875,-0.25634765625,-0.9033203125,-0.048828125,-0.32958984375,-0.0244140625,-0.98876953125,0.0244140625,-0.76904296875,-0.1708984375,-1.50146484375,-0.25634765625,-0.25634765625,-0.06103515625,-0.29296875,-0.25634765625,-1.1962890625,-0.146484375,-0.91552734375,-0.1220703125,-0.74462890625,-0.1220703125,-0.52490234375,0.08544921875,-0.08544921875,0.244140625,-0.7080078125,-0.1953125,-1.4404296875,-0.15869140625,-1.0009765625,-0.0244140625,0.4150390625,-0.10986328125,0.15869140625,-0.1708984375,-0.15869140625,-0.06103515625,-0.18310546875,0.048828125,-0.09765625,-0.1220703125,-0.01220703125,-0.0732421875,0.84228515625,-0.1708984375,-0.48828125,0,-0.4638671875
1,0.0244140625,-0.3662109375,0.08544921875,-0.28076171875,-0.48828125,-0.28076171875,-0.0732421875,0,-0.0244140625,-0.1953125,-0.01220703125,-1.01318359375,0.048828125,0.9033203125,-0.23193359375,-0.50048828125,0.048828125,1.91650390625,-0.30517578125,2.2216796875,0.146484375,2.44140625,-0.06103515625,3.125,0.08544921875,-0.1708984375,0.03662109375,-0.78125,-0.18310546875,0.93994140625,-0.10986328125,0.20751953125,-0.45166015625,-0.30517578125,-0.1953125,-0.86669921875,-0.09765625,-0.52490234375,0.29296875,-0.732421875,0.1708984375,-0.18310546875,-0.10986328125,-0.62255859375,0.0244140625,-0.35400390625,-0.15869140625,0.59814453125,-0.18310546875,1.23291015625,-0.47607421875,0.4638671875,-0.03662109375,-0.2197265625,-0.47607421875,0.7568359375,-0.1953125,0.7080078125,0.03662109375,0.48828125,-0.1953125,0.47607421875,-0.4150390625,0.10986328125,0.29296875,0.28076171875,-0.25634765625,1.06201171875,0.01220703125,0.1708984375,0,0.23193359375,-0.0732421875,0.28076171875,-0.1708984375,0.89111328125,0.0732421875,0.048828125,-0.2197265625,1.3671875,-0.2197265625,-0.91552734375,-0.01220703125,-0.341796875,0.048828125,-0.9765625,-0.01220703125,-0.76904296875,-0.244140625,-1.50146484375,-0.23193359375,-0.2685546875,-0.2197265625,-0.32958984375,-0.10986328125,-1.1962890625,-0.1220703125,-0.69580078125,-0.15869140625,-0.52490234375,-0.1220703125,-0.3173828125,0.1220703125,0.08544921875,0.23193359375,-0.68359375,-0.29296875,-1.45263671875,-0.09765625,-1.0009765625,0.048828125,0.40283203125,-0.09765625,0.18310546875,-0.1953125,-0.1708984375,-0.0732421875,-0.1708984375,0.048828125,-0.0732421875,-0.09765625,0,-0.09765625,0.84228515625,-0.146484375,-0.5126953125,-0.01220703125,-0.4638671875
1,0.0244140625,-0.3662109375,0.048828125,-0.30517578125,-0.50048828125,-0.244140625,-0.0732421875,0.01220703125,-0.03662109375,-0.20751953125,-0.01220703125,-1.0009765625,0.03662109375,0.91552734375,-0.2685546875,-0.52490234375,0.08544921875,1.5625,-0.2685546875,1.89208984375,0.3173828125,2.1728515625,-0.09765625,2.40478515625,0.146484375,-0.18310546875,-0.01220703125,-0.76904296875,-0.20751953125,0.93994140625,-0.1953125,0.2197265625,-0.4638671875,-0.3173828125,-0.2197265625,-0.86669921875,-0.1220703125,-0.52490234375,0.30517578125,-0.74462890625,0.146484375,-0.1953125,-0.1220703125,-0.62255859375,0.13427734375,-0.3662109375,-0.20751953125,0.6103515625,-0.13427734375,1.25732421875,-0.5615234375,0.48828125,-0.09765625,-0.23193359375,-0.42724609375,0.76904296875,-0.25634765625,0.7568359375,0.0244140625,0.4638671875,-0.08544921875,0.50048828125,-0.3173828125,0.15869140625,0.2197265625,0.244140625,-0.32958984375,1.0498046875,-0.01220703125,0.146484375,-0.03662109375,0.2197265625,-0.08544921875,0.25634765625,-0.15869140625,0.9033203125,0.10986328125,0.03662109375,-0.244140625,1.35498046875,-0.15869140625,-0.91552734375,-0.0244140625,-0.32958984375,0.09765625,-0.98876953125,-0.048828125,-0.78125,-0.30517578125,-1.52587890625,-0.1953125,-0.2685546875,-0.341796875,-0.32958984375,0.08544921875,-1.1962890625,-0.0732421875,-0.59814453125,-0.1220703125,-0.45166015625,-0.048828125,-0.244140625,0.1220703125,0.13427734375,0.146484375,-0.69580078125,-0.3173828125,-1.45263671875,-0.0244140625,-1.01318359375,0.06103515625,0.37841796875,-0.08544921875,0.18310546875,-0.20751953125,-0.1708984375,-0.0732421875,-0.1708984375,0.048828125,-0.06103515625,-0.10986328125,0,-0.10986328125,0.8544921875,-0.15869140625,-0.5126953125,-0.03662109375,-0.47607421875
1,0.06103515625,-0.3662109375,0.06103515625,-0.29296875,-0.5615234375,-0.244140625,-0.048828125,0,-0.0244140625,-0.2197265625,-0.0244140625,-1.0009765625,0.0244140625,0.927734375,-0.30517578125,-0.50048828125,0.13427734375,1.171875,-0.1708984375,1.5380859375,0.47607421875,1.86767578125,0.0244140625,1.5625,0.1708984375,-0.1953125,-0.0732421875,-0.7568359375,-0.1953125,0.93994140625,-0.23193359375,0.2197265625,-0.48828125,-0.30517578125,-0.18310546875,-0.86669921875,-0.18310546875,-0.50048828125,0.2685546875,-0.732421875,0.06103515625,-0.1953125,-0.09765625,-0.62255859375,0.1953125,-0.35400390625,-0.28076171875,0.5859375,-0.048828125,1.23291015625,-0.634765625,0.48828125,-0.1220703125,-0.25634765625,-0.439453125,0.76904296875,-0.3662109375,0.78125,0.0244140625,0.4638671875,0.048828125,0.52490234375,-0.25634765625,0.18310546875,0.1220703125,0.244140625,-0.390625,1.0498046875,0,0.146484375,-0.048828125,0.20751953125,-0.09765625,0.28076171875,-0.1220703125,0.91552734375,0.146484375,0.01220703125,-0.2197265625,1.35498046875,-0.08544921875,-0.91552734375,0.01220703125,-0.3662109375,0.0732421875,-0.98876953125,-0.06103515625,-0.79345703125,-0.390625,-1.52587890625,-0.15869140625,-0.28076171875,-0.40283203125,-0.3173828125,0.25634765625,-1.1962890625,0,-0.634765625,-0.0732421875,-0.54931640625,0.06103515625,-0.3662109375,0.08544921875,0.08544921875,0.048828125,-0.68359375,-0.2685546875,-1.46484375,-0.0244140625,-1.025390625,0.0732421875,0.3662109375,-0.10986328125,0.1953125,-0.23193359375,-0.18310546875,-0.0732421875,-0.15869140625,0.03662109375,-0.0732421875,-0.09765625,0.01220703125,-0.08544921875,0.8544921875,-0.1220703125,-0.47607421875,-0.0244140625,-0.45166015625
1,0.0732421875,-0.32958984375,0.0732421875,-0.30517578125,-0.57373046875,-0.23193359375,-0.0244140625,0,-0.0244140625,-0.2197265625,-0.048828125,-1.01318359375,0,0.91552734375,-0.30517578125,-0.5126953125,0.10986328125,0.76904296875,-0.0732421875,1.15966796875,0.50048828125,1.55029296875,0.13427734375,0.7080078125,0.13427734375,-0.20751953125,-0.08544921875,-0.74462890625,-0.1953125,0.91552734375,-0.2197265625,0.2197265625,-0.537109375,-0.341796875,-0.10986328125,-0.8544921875,-0.2197265625,-0.47607421875,0.23193359375,-0.72021484375,-0.13427734375,-0.20751953125,-0.08544921875,-0.62255859375,0.1953125,-0.341796875,-0.35400390625,0.6103515625,0.0244140625,1.20849609375,-0.6591796875,0.50048828125,-0.1953125,-0.25634765625,-0.4638671875,0.78125,-0.4638671875,0.76904296875,-0.01220703125,0.45166015625,0.1953125,0.54931640625,-0.23193359375,0.1953125,0,0.25634765625,-0.40283203125,1.03759765625,-0.0244140625,0.15869140625,-0.06103515625,0.2197265625,-0.13427734375,0.30517578125,-0.06103515625,0.9033203125,0.15869140625,0,-0.1953125,1.3671875,-0.03662109375,-0.9521484375,0.0244140625,-0.341796875,-0.01220703125,-0.98876953125,-0.048828125,-0.78125,-0.4150390625,-1.513671875,-0.10986328125,-0.2685546875,-0.3662109375,-0.32958984375,0.341796875,-1.20849609375,0,-0.78125,-0.01220703125,-0.68359375,0.03662109375,-0.68359375,0,-0.06103515625,-0.0732421875,-0.68359375,-0.18310546875,-1.45263671875,-0.048828125,-1.025390625,0.0244140625,0.3662109375,-0.10986328125,0.1953125,-0.25634765625,-0.1708984375,-0.0732421875,-0.13427734375,0.03662109375,-0.08544921875,-0.08544921875,0.0244140625,-0.10986328125,0.8544921875,-0.1220703125,-0.47607421875,-0.0244140625,-0.48828125
1,0.08544921875,-0.3173828125,0.09765625,-0.29296875,-0.6103515625,-0.23193359375,0,0.01220703125,0,-0.20751953125,-0.048828125,-1.01318359375,0,0.927734375,-0.32958984375,-0.47607421875,0.09765625,0.3662109375,0.01220703125,0.79345703125,0.4150390625,1.26953125,0.30517578125,-0.08544921875,0.0732421875,-0.20751953125,-0.08544921875,-0.732421875,-0.15869140625,0.927734375,-0.18310546875,0.1953125,-0.5126953125,-0.32958984375,-0.01220703125,-0.84228515625,-0.244140625,-0.47607421875,0.2197265625,-0.72021484375,-0.29296875,-0.2197265625,-0.0244140625,-0.634765625,0.15869140625,-0.341796875,-0.37841796875,0.62255859375,0.06103515625,1.171875,-0.67138671875,0.48828125,-0.20751953125,-0.20751953125,-0.48828125,0.79345703125,-0.537109375,0.76904296875,-0.048828125,0.42724609375,0.30517578125,0.54931640625,-0.2197265625,0.18310546875,-0.048828125,0.29296875,-0.4150390625,1.07421875,-0.03662109375,0.20751953125,-0.03662109375,0.2197265625,-0.15869140625,0.32958984375,-0.0244140625,0.9033203125,0.146484375,0.01220703125,-0.13427734375,1.3671875,0.0244140625,-0.96435546875,0.048828125,-0.35400390625,-0.10986328125,-0.96435546875,-0.0244140625,-0.78125,-0.4150390625,-1.50146484375,-0.09765625,-0.2685546875,-0.23193359375,-0.3173828125,0.3662109375,-1.1962890625,0.06103515625,-1.0498046875,0.10986328125,-0.93994140625,0.048828125,-1.06201171875,-0.048828125,-0.29296875,-0.146484375,-0.72021484375,-0.09765625,-1.45263671875,-0.13427734375,-1.03759765625,-0.03662109375,0.35400390625,-0.1220703125,0.20751953125,-0.28076171875,-0.1708984375,-0.0732421875,-0.10986328125,0.03662109375,-0.08544921875,-0.09765625,0.0244140625,-0.10986328125,0.86669921875,-0.13427734375,-0.4638671875,0.01220703125,-0.48828125
1,0.10986328125,-0.3173828125,0.1220703125,-0.28076171875,-0.59814453125,-0.2685546875,0.01220703125,0.01220703125,0.0244140625,-0.20751953125,-0.0732421875,-1.0009765625,-0.0244140625,0.93994140625,-0.3662109375,-0.4638671875,0.03662109375,0.0244140625,0.08544921875,0.4638671875,0.30517578125,1.0009765625,0.52490234375,-0.7080078125,-0.01220703125,-0.20751953125,-0.048828125,-0.7568359375,-0.10986328125,0.9033203125,-0.08544921875,0.2197265625,-0.52490234375,-0.341796875,0.08544921875,-0.84228515625,-0.28076171875,-0.45166015625,0.13427734375,-0.72021484375,-0.4150390625,-0.20751953125,-0.048828125,-0.62255859375,0.09765625,-0.37841796875,-0.390625,0.634765625,0.06103515625,1.11083984375,-0.634765625,0.52490234375,-0.244140625,-0.1708984375,-0.52490234375,0.78125,-0.62255859375,0.74462890625,-0.08544921875,0.4150390625,0.3662109375,0.537109375,-0.20751953125,0.1708984375,-0.048828125,0.3173828125,-0.40283203125,1.0498046875,-0.048828125,0.23193359375,0,0.23193359375,-0.15869140625,0.32958984375,0.03662109375,0.86669921875,0.146484375,-0.0244140625,-0.06103515625,1.37939453125,0.10986328125,-0.9765625,0.048828125,-0.35400390625,-0.244140625,-0.96435546875,-0.03662109375,-0.7568359375,-0.37841796875,-1.47705078125,-0.0732421875,-0.2685546875,-0.048828125,-0.30517578125,0.2685546875,-1.20849609375,-0.01220703125,-1.2939453125,0.09765625,-1.1962890625,-0.0732421875,-1.35498046875,-0.1220703125,-0.5126953125,-0.2197265625,-0.7568359375,0.03662109375,-1.50146484375,-0.1953125,-1.0498046875,-0.0732421875,0.37841796875,-0.13427734375,0.1953125,-0.28076171875,-0.18310546875,-0.0732421875,-0.13427734375,0.0244140625,-0.10986328125,-0.09765625,0.0244140625,-0.10986328125,0.87890625,-0.146484375,-0.45166015625,0.0244140625,-0.47607421875
1,0.08544921875,-0.30517578125,0.1220703125,-0.28076171875,-0.634765625,-0.3173828125,0.01220703125,0.01220703125,0.048828125,-0.20751953125,-0.08544921875,-1.01318359375,-0.0244140625,0.91552734375,-0.390625,-0.439453125,-0.01220703125,-0.2197265625,0.09765625,0.25634765625,0.13427734375,0.86669921875,0.68359375,-1.07421875,-0.09765625,-0.20751953125,0.01220703125,-0.78125,-0.0732421875,0.91552734375,0.03662109375,0.20751953125,-0.47607421875,-0.37841796875,0.13427734375,-0.84228515625,-0.32958984375,-0.45166015625,0.10986328125,-0.72021484375,-0.48828125,-0.1953125,-0.10986328125,-0.64697265625,-0.01220703125,-0.37841796875,-0.390625,0.62255859375,0.048828125,1.11083984375,-0.59814453125,0.52490234375,-0.2685546875,-0.13427734375,-0.57373046875,0.78125,-0.634765625,0.732421875,-0.1220703125,0.40283203125,0.4638671875,0.54931640625,-0.1708984375,0.15869140625,-0.06103515625,0.341796875,-0.341796875,1.0498046875,-0.0732421875,0.25634765625,0.0244140625,0.244140625,-0.1953125,0.341796875,0.08544921875,0.81787109375,0.13427734375,0.01220703125,0.03662109375,1.37939453125,0.13427734375,-0.9765625,0.03662109375,-0.35400390625,-0.32958984375,-0.927734375,-0.048828125,-0.76904296875,-0.32958984375,-1.46484375,-0.10986328125,-0.25634765625,0.10986328125,-0.30517578125,0.146484375,-1.220703125,-0.08544921875,-1.46484375,0.10986328125,-1.3671875,-0.20751953125,-1.57470703125,-0.15869140625,-0.634765625,-0.2197265625,-0.79345703125,0.0732421875,-1.4892578125,-0.2685546875,-1.03759765625,-0.06103515625,0.40283203125,-0.146484375,0.20751953125,-0.30517578125,-0.18310546875,-0.0732421875,-0.146484375,0.0244140625,-0.10986328125,-0.0732421875,0.01220703125,-0.1220703125,0.87890625,-0.15869140625,-0.45166015625,0.03662109375,-0.47607421875
1,0.10986328125,-0.32958984375,0.08544921875,-0.25634765625,-0.67138671875,-0.3662109375,0,0.0244140625,0.03662109375,-0.20751953125,-0.0732421875,-1.0009765625,-0.048828125,0.9033203125,-0.37841796875,-0.42724609375,-0.048828125,-0.3173828125,0.09765625,0.1708984375,0.0244140625,0.830078125,0.79345703125,-1.08642578125,-0.1708984375,-0.146484375,0.06103515625,-0.8056640625,0.0244140625,0.91552734375,0.10986328125,0.1953125,-0.341796875,-0.390625,0.18310546875,-0.830078125,-0.32958984375,-0.4638671875,0.09765625,-0.72021484375,-0.47607421875,-0.2197265625,-0.15869140625,-0.6591796875,-0.08544921875,-0.390625,-0.37841796875,0.62255859375,0.048828125,1.11083984375,-0.52490234375,0.50048828125,-0.25634765625,-0.09765625,-0.6103515625,0.76904296875,-0.5859375,0.69580078125,-0.1708984375,0.42724609375,0.47607421875,0.5615234375,-0.13427734375,0.13427734375,-0.06103515625,0.35400390625,-0.3173828125,1.06201171875,-0.09765625,0.2685546875,0.03662109375,0.244140625,-0.15869140625,0.3173828125,0.08544921875,0.84228515625,0.1220703125,0,0.13427734375,1.35498046875,0.146484375,-0.96435546875,0.0244140625,-0.3662109375,-0.390625,-0.93994140625,-0.08544921875,-0.7568359375,-0.2685546875,-1.45263671875,-0.146484375,-0.23193359375,0.20751953125,-0.30517578125,0.03662109375,-1.20849609375,-0.10986328125,-1.5625,0.1220703125,-1.40380859375,-0.1708984375,-1.64794921875,-0.06103515625,-0.68359375,-0.15869140625,-0.79345703125,0.1220703125,-1.50146484375,-0.3173828125,-1.025390625,-0.06103515625,0.4150390625,-0.15869140625,0.1708984375,-0.32958984375,-0.1953125,-0.06103515625,-0.15869140625,0.01220703125,-0.10986328125,-0.08544921875,0.01220703125,-0.1220703125,0.86669921875,-0.1708984375,-0.45166015625,0.048828125,-0.48828125
1,0.10986328125,-0.3173828125,0.10986328125,-0.25634765625,-0.69580078125,-0.390625,0,0.01220703125,0.03662109375,-0.1953125,-0.048828125,-1.025390625,-0.06103515625,0.927734375,-0.37841796875,-0.45166015625,-0.08544921875,-0.20751953125,0,0.28076171875,-0.01220703125,0.9521484375,0.74462890625,-0.76904296875,-0.2197265625,-0.146484375,0.08544921875,-0.84228515625,0.06103515625,0.91552734375,0.1953125,0.2197265625,-0.25634765625,-0.3662109375,0.18310546875,-0.830078125,-0.30517578125,-0.50048828125,0.048828125,-0.74462890625,-0.37841796875,-0.20751953125,-0.244140625,-0.64697265625,-0.146484375,-0.390625,-0.35400390625,0.62255859375,0.0244140625,1.11083984375,-0.50048828125,0.48828125,-0.28076171875,-0.10986328125,-0.57373046875,0.74462890625,-0.537109375,0.67138671875,-0.2197265625,0.4150390625,0.537109375,0.54931640625,-0.18310546875,0.1220703125,-0.15869140625,0.341796875,-0.244140625,1.0498046875,-0.08544921875,0.244140625,0.048828125,0.25634765625,-0.18310546875,0.30517578125,0.1220703125,0.8544921875,0.10986328125,0,0.1953125,1.3427734375,0.1220703125,-0.9521484375,-0.0244140625,-0.37841796875,-0.37841796875,-0.927734375,-0.15869140625,-0.78125,-0.18310546875,-1.4404296875,-0.20751953125,-0.2197265625,0.25634765625,-0.28076171875,-0.048828125,-1.20849609375,-0.2197265625,-1.47705078125,-0.01220703125,-1.35498046875,-0.244140625,-1.5625,-0.10986328125,-0.5859375,-0.03662109375,-0.78125,0.146484375,-1.47705078125,-0.32958984375,-1.025390625,-0.048828125,0.439453125,-0.15869140625,0.1708984375,-0.3173828125,-0.18310546875,-0.0732421875,-0.15869140625,-0.01220703125,-0.10986328125,-0.06103515625,0,-0.13427734375,0.86669921875,-0.146484375,-0.45166015625,0.048828125,-0.47607421875
1,0.10986328125,-0.35400390625,0.0732421875,-0.2685546875,-0.7080078125,-0.439453125,-0.01220703125,0.01220703125,0.048828125,-0.1708984375,-0.048828125,-1.025390625,-0.06103515625,0.91552734375,-0.37841796875,-0.48828125,-0.08544921875,0.08544921875,-0.09765625,0.57373046875,-0.0244140625,1.1962890625,0.6591796875,-0.1220703125,-0.20751953125,-0.1220703125,0.09765625,-0.81787109375,0.08544921875,0.93994140625,0.2197265625,0.2197265625,-0.13427734375,-0.37841796875,0.1953125,-0.86669921875,-0.23193359375,-0.52490234375,0.03662109375,-0.7080078125,-0.2685546875,-0.20751953125,-0.28076171875,-0.634765625,-0.1953125,-0.390625,-0.3662109375,0.62255859375,-0.01220703125,1.13525390625,-0.45166015625,0.47607421875,-0.30517578125,-0.13427734375,-0.54931640625,0.72021484375,-0.42724609375,0.6591796875,-0.2197265625,0.45166015625,0.537109375,0.54931640625,-0.23193359375,0.09765625,-0.20751953125,0.341796875,-0.15869140625,1.0498046875,-0.0732421875,0.23193359375,0.03662109375,0.25634765625,-0.1953125,0.28076171875,0.10986328125,0.8544921875,0.10986328125,0.0244140625,0.244140625,1.35498046875,0.09765625,-0.93994140625,-0.0732421875,-0.35400390625,-0.29296875,-0.93994140625,-0.23193359375,-0.7568359375,-0.10986328125,-1.4404296875,-0.23193359375,-0.2197265625,0.23193359375,-0.29296875,-0.01220703125,-1.20849609375,-0.23193359375,-1.318359375,-0.09765625,-1.15966796875,-0.23193359375,-1.33056640625,-0.08544921875,-0.42724609375,0.15869140625,-0.76904296875,0.15869140625,-1.46484375,-0.3173828125,-1.03759765625,-0.08544921875,0.45166015625,-0.1708984375,0.1708984375,-0.32958984375,-0.1953125,-0.06103515625,-0.18310546875,-0.03662109375,-0.09765625,-0.06103515625,-0.0244140625,-0.1220703125,0.89111328125,-0.13427734375,-0.47607421875,0.03662109375,-0.47607421875
1,0.10986328125,-0.37841796875,0.08544921875,-0.2685546875,-0.732421875,-0.45166015625,-0.048828125,0,0.0732421875,-0.1708984375,-0.06103515625,-1.01318359375,-0.0732421875,0.9033203125,-0.40283203125,-0.50048828125,-0.13427734375,0.5615234375,-0.20751953125,1.03759765625,0.06103515625,1.5625,0.45166015625,0.81787109375,-0.146484375,-0.1220703125,0.048828125,-0.830078125,0.1220703125,0.91552734375,0.1953125,0.2197265625,-0.01220703125,-0.37841796875,0.146484375,-0.84228515625,-0.146484375,-0.52490234375,0.03662109375,-0.7080078125,-0.13427734375,-0.2197265625,-0.2685546875,-0.64697265625,-0.20751953125,-0.37841796875,-0.32958984375,0.6103515625,-0.0732421875,1.1474609375,-0.4150390625,0.45166015625,-0.30517578125,-0.146484375,-0.5126953125,0.732421875,-0.35400390625,0.634765625,-0.20751953125,0.45166015625,0.4638671875,0.5615234375,-0.3173828125,0.08544921875,-0.15869140625,0.30517578125,-0.13427734375,1.0498046875,-0.0732421875,0.1953125,0.01220703125,0.23193359375,-0.146484375,0.25634765625,0.10986328125,0.87890625,0.06103515625,0.01220703125,0.29296875,1.3427734375,0.08544921875,-0.927734375,-0.09765625,-0.341796875,-0.15869140625,-0.9521484375,-0.3173828125,-0.7568359375,-0.06103515625,-1.45263671875,-0.23193359375,-0.2197265625,0.08544921875,-0.28076171875,0.01220703125,-1.20849609375,-0.23193359375,-1.025390625,-0.1953125,-0.9033203125,-0.1220703125,-1.03759765625,-0.06103515625,-0.18310546875,0.28076171875,-0.7568359375,0.1220703125,-1.47705078125,-0.29296875,-1.0009765625,-0.13427734375,0.45166015625,-0.1708984375,0.15869140625,-0.341796875,-0.18310546875,-0.06103515625,-0.18310546875,-0.048828125,-0.09765625,-0.08544921875,-0.01220703125,-0.13427734375,0.86669921875,-0.13427734375,-0.47607421875,0.01220703125,-0.47607421875
1,0.09765625,-0.390625,0.06103515625,-0.28076171875,-0.7080078125,-0.47607421875,-0.0732421875,0,0.06103515625,-0.1708984375,-0.048828125,-1.025390625,-0.06103515625,0.87890625,-0.4150390625,-0.5126953125,-0.13427734375,1.18408203125,-0.244140625,1.64794921875,0.1220703125,2.06298828125,0.0732421875,1.94091796875,-0.03662109375,-0.10986328125,-0.0244140625,-0.81787109375,0.146484375,0.927734375,0.18310546875,0.244140625,-0.03662109375,-0.3662109375,0.048828125,-0.8544921875,-0.06103515625,-0.5126953125,0.08544921875,-0.69580078125,-0.0244140625,-0.20751953125,-0.244140625,-0.62255859375,-0.18310546875,-0.3662109375,-0.29296875,0.6103515625,-0.1220703125,1.18408203125,-0.3173828125,0.47607421875,-0.28076171875,-0.1953125,-0.4638671875,0.732421875,-0.341796875,0.6103515625,-0.1708984375,0.50048828125,0.37841796875,0.5859375,-0.37841796875,0.10986328125,-0.1220703125,0.244140625,-0.03662109375,1.03759765625,-0.0244140625,0.18310546875,-0.0244140625,0.23193359375,-0.15869140625,0.25634765625,0.10986328125,0.89111328125,0.06103515625,0.01220703125,0.29296875,1.3427734375,0.03662109375,-0.91552734375,-0.13427734375,-0.35400390625,-0.03662109375,-0.96435546875,-0.32958984375,-0.76904296875,-0.08544921875,-1.45263671875,-0.2197265625,-0.2197265625,-0.048828125,-0.29296875,0.08544921875,-1.20849609375,-0.25634765625,-0.69580078125,-0.29296875,-0.57373046875,-0.08544921875,-0.69580078125,-0.09765625,0.0732421875,0.3662109375,-0.72021484375,0.13427734375,-1.4404296875,-0.23193359375,-1.025390625,-0.18310546875,0.439453125,-0.18310546875,0.1708984375,-0.341796875,-0.1953125,-0.06103515625,-0.1708984375,-0.048828125,-0.08544921875,-0.0732421875,-0.01220703125,-0.13427734375,0.87890625,-0.10986328125,-0.4638671875,0.01220703125,-0.45166015625
1,0.10986328125,-0.390625,0.03662109375,-0.29296875,-0.74462890625,-0.47607421875,-0.09765625,-0.01220703125,0.06103515625,-0.18310546875,-0.048828125,-1.025390625,-0.048828125,0.9033203125,-0.439453125,-0.52490234375,-0.10986328125,1.94091796875,-0.3173828125,2.3681640625,0.1220703125,2.6123046875,-0.1953125,3.13720703125,0.09765625,-0.10986328125,-0.08544921875,-0.76904296875,0.10986328125,0.93994140625,0.09765625,0.23193359375,-0.048828125,-0.30517578125,-0.0244140625,-0.86669921875,-0.01220703125,-0.50048828125,0.09765625,-0.69580078125,0.048828125,-0.18310546875,-0.15869140625,-0.62255859375,-0.10986328125,-0.390625,-0.2685546875,0.634765625,-0.13427734375,1.18408203125,-0.2197265625,0.47607421875,-0.2685546875,-0.20751953125,-0.3662109375,0.7568359375,-0.3173828125,0.59814453125,-0.10986328125,0.48828125,0.29296875,0.6103515625,-0.37841796875,0.10986328125,-0.0244140625,0.20751953125,0.06103515625,1.03759765625,-0.01220703125,0.15869140625,-0.048828125,0.2197265625,-0.0732421875,0.25634765625,0.08544921875,0.87890625,0.06103515625,0,0.29296875,1.3427734375,0.01220703125,-0.927734375,-0.15869140625,-0.341796875,0,-0.9765625,-0.28076171875,-0.76904296875,-0.15869140625,-1.50146484375,-0.18310546875,-0.2197265625,-0.1953125,-0.28076171875,0.146484375,-1.18408203125,-0.25634765625,-0.37841796875,-0.28076171875,-0.28076171875,0,-0.4150390625,-0.06103515625,0.30517578125,0.390625,-0.68359375,0.1220703125,-1.4404296875,-0.1708984375,-1.0498046875,-0.1708984375,0.42724609375,-0.1953125,0.1708984375,-0.32958984375,-0.20751953125,-0.08544921875,-0.13427734375,-0.048828125,-0.08544921875,-0.09765625,0,-0.1220703125,0.87890625,-0.1220703125,-0.47607421875,0,-0.47607421875
0,0.10986328125,-0.4150390625,0.048828125,-0.28076171875,-0.7568359375,-0.45166015625,-0.09765625,0,0.1220703125,-0.18310546875,-0.08544921875,-1.0009765625,-0.06103515625,0.87890625,-0.439453125,-0.50048828125,-0.10986328125,2.7099609375,-0.341796875,3.13720703125,0.1220703125,3.1982421875,-0.42724609375,4.35791015625,0.1953125,-0.13427734375,-0.13427734375,-0.732421875,0.1220703125,0.93994140625,0.048828125,0.244140625,-0.20751953125,-0.30517578125,-0.1220703125,-0.84228515625,0.09765625,-0.439453125,0.13427734375,-0.67138671875,0.048828125,-0.15869140625,-0.048828125,-0.6103515625,-0.06103515625,-0.37841796875,-0.20751953125,0.634765625,-0.146484375,1.18408203125,-0.1220703125,0.50048828125,-0.2197265625,-0.2197265625,-0.2685546875,0.74462890625,-0.3662109375,0.5615234375,-0.08544921875,0.48828125,0.2197265625,0.62255859375,-0.30517578125,0.13427734375,0.0244140625,0.2197265625,0.146484375,1.03759765625,0,0.146484375,-0.08544921875,0.20751953125,-0.01220703125,0.28076171875,0.06103515625,0.9033203125,0.0244140625,0,0.29296875,1.3427734375,-0.03662109375,-0.927734375,-0.1708984375,-0.341796875,0.03662109375,-0.98876953125,-0.2197265625,-0.7568359375,-0.244140625,-1.50146484375,-0.18310546875,-0.244140625,-0.28076171875,-0.28076171875,0.1220703125,-1.171875,-0.29296875,-0.10986328125,-0.244140625,-0.0732421875,0.1220703125,-0.1953125,0,0.50048828125,0.29296875,-0.67138671875,0.10986328125,-1.45263671875,-0.048828125,-1.06201171875,-0.1708984375,0.40283203125,-0.2197265625,0.1708984375,-0.32958984375,-0.20751953125,-0.06103515625,-0.09765625,-0.06103515625,-0.0732421875,-0.10986328125,0,-0.0732421875,0.86669921875,-0.10986328125,-0.439453125,-0.0244140625,-0.4638671875
0,0.1220703125,-0.4150390625,0.0244140625,-0.28076171875,-0.79345703125,-0.4150390625,-0.08544921875,0,0.1220703125,-0.18310546875,-0.09765625,-1.01318359375,-0.03662109375,0.86669921875,-0.439453125,-0.50048828125,-0.08544921875,3.47900390625,-0.28076171875,3.86962890625,0.048828125,3.72314453125,-0.48828125,5.52978515625,0.244140625,-0.1708984375,-0.146484375,-0.72021484375,0.1220703125,0.927734375,-0.048828125,0.23193359375,-0.37841796875,-0.28076171875,-0.1220703125,-0.84228515625,0.146484375,-0.390625,0.15869140625,-0.6591796875,0.0244140625,-0.146484375,0.03662109375,-0.6103515625,0.01220703125,-0.390625,-0.15869140625,0.634765625,-0.1708984375,1.171875,-0.0732421875,0.5126953125,-0.146484375,-0.18310546875,-0.146484375,0.7568359375,-0.4150390625,0.59814453125,-0.01220703125,0.48828125,0.18310546875,0.634765625,-0.25634765625,0.13427734375,0.08544921875,0.23193359375,0.20751953125,1.0498046875,0.01220703125,0.13427734375,-0.08544921875,0.20751953125,0,0.30517578125,0.048828125,0.86669921875,0.01220703125,0,0.25634765625,1.37939453125,-0.06103515625,-0.9033203125,-0.15869140625,-0.341796875,0.03662109375,-1.01318359375,-0.09765625,-0.7568359375,-0.2685546875,-1.513671875,-0.23193359375,-0.2197265625,-0.29296875,-0.28076171875,0.06103515625,-1.171875,-0.30517578125,0.0732421875,-0.1708984375,0.0732421875,0.09765625,-0.08544921875,0.03662109375,0.62255859375,0.15869140625,-0.67138671875,0.1220703125,-1.4404296875,0.0244140625,-1.06201171875,-0.1220703125,0.40283203125,-0.20751953125,0.20751953125,-0.29296875,-0.20751953125,-0.0732421875,-0.1220703125,-0.06103515625,-0.0732421875,-0.08544921875,0,-0.06103515625,0.87890625,-0.10986328125,-0.45166015625,0,-0.47607421875
0,0.09765625,-0.40283203125,0.048828125,-0.28076171875,-0.7568359375,-0.37841796875,-0.09765625,0.01220703125,0.1220703125,-0.1953125,-0.09765625,-0.9765625,-0.048828125,0.89111328125,-0.40283203125,-0.48828125,-0.15869140625,4.18701171875,-0.25634765625,4.52880859375,-0.10986328125,4.2236328125,-0.37841796875,6.55517578125,0.20751953125,-0.18310546875,-0.146484375,-0.7080078125,0.09765625,0.9033203125,-0.18310546875,0.23193359375,-0.5615234375,-0.28076171875,-0.1708984375,-0.84228515625,0.1953125,-0.37841796875,0.1708984375,-0.6591796875,-0.0244140625,-0.1220703125,0.10986328125,-0.62255859375,0.048828125,-0.37841796875,-0.1220703125,0.67138671875,-0.146484375,1.15966796875,-0.06103515625,0.52490234375,-0.03662109375,-0.18310546875,-0.0732421875,0.78125,-0.50048828125,0.6103515625,0.0244140625,0.4638671875,0.1220703125,0.6591796875,-0.244140625,0.1220703125,0.2197265625,0.2685546875,0.25634765625,1.07421875,0.0244140625,0.1708984375,-0.09765625,0.2197265625,0.06103515625,0.3173828125,0.048828125,0.84228515625,-0.0244140625,0,0.23193359375,1.3671875,-0.03662109375,-0.93994140625,-0.13427734375,-0.35400390625,0.01220703125,-0.9765625,0.0244140625,-0.74462890625,-0.3173828125,-1.52587890625,-0.30517578125,-0.25634765625,-0.18310546875,-0.28076171875,-0.01220703125,-1.171875,-0.3173828125,0.13427734375,0,0.13427734375,0.06103515625,-0.1953125,0.06103515625,0.67138671875,0,-0.67138671875,0.06103515625,-1.4404296875,0.03662109375,-1.06201171875,-0.13427734375,0.40283203125,-0.2197265625,0.2197265625,-0.28076171875,-0.20751953125,-0.06103515625,-0.146484375,-0.06103515625,-0.0732421875,-0.10986328125,0.01220703125,-0.09765625,0.84228515625,-0.13427734375,-0.45166015625,0,-0.47607421875
0,0.10986328125,-0.37841796875,0.048828125,-0.2685546875,-0.732421875,-0.3662109375,-0.048828125,0.01220703125,0.1220703125,-0.20751953125,-0.10986328125,-0.98876953125,-0.08544921875,0.9033203125,-0.37841796875,-0.47607421875,-0.18310546875,4.7607421875,-0.08544921875,5.078125,-0.1953125,4.60205078125,0.03662109375,7.421875,0.10986328125,-0.1953125,-0.13427734375,-0.72021484375,0.048828125,0.89111328125,-0.28076171875,0.20751953125,-0.7080078125,-0.2685546875,-0.1953125,-0.830078125,0.23193359375,-0.37841796875,0.1953125,-0.6591796875,-0.0244140625,-0.13427734375,0.13427734375,-0.62255859375,0.048828125,-0.3662109375,-0.09765625,0.6591796875,-0.146484375,1.123046875,-0.0732421875,0.50048828125,0.048828125,-0.18310546875,0,0.78125,-0.5859375,0.634765625,0,0.45166015625,0.13427734375,0.6591796875,-0.30517578125,0.1220703125,0.2685546875,0.3173828125,0.28076171875,1.07421875,0.03662109375,0.20751953125,-0.0732421875,0.23193359375,0.10986328125,0.32958984375,0.03662109375,0.84228515625,-0.048828125,0,0.2197265625,1.37939453125,-0.0244140625,-0.927734375,-0.146484375,-0.35400390625,0.03662109375,-0.98876953125,0.10986328125,-0.74462890625,-0.30517578125,-1.52587890625,-0.3662109375,-0.2685546875,-0.01220703125,-0.28076171875,-0.10986328125,-1.15966796875,-0.3173828125,0.08544921875,0.08544921875,0.0732421875,0,-0.32958984375,0.10986328125,0.64697265625,-0.13427734375,-0.7080078125,0.03662109375,-1.46484375,-0.0244140625,-1.07421875,-0.1220703125,0.390625,-0.23193359375,0.2197265625,-0.244140625,-0.1953125,-0.0732421875,-0.13427734375,-0.09765625,-0.08544921875,-0.10986328125,0.03662109375,-0.08544921875,0.84228515625,-0.13427734375,-0.4638671875,0.01220703125,-0.47607421875
0,0.1220703125,-0.35400390625,0.0732421875,-0.28076171875,-0.7080078125,-0.341796875,-0.048828125,0,0.08544921875,-0.2197265625,-0.10986328125,-0.98876953125,-0.10986328125,0.91552734375,-0.3662109375,-0.45166015625,-0.244140625,5.18798828125,-0.01220703125,5.4443359375,-0.28076171875,4.8828125,0.25634765625,8.04443359375,0,-0.20751953125,-0.10986328125,-0.74462890625,-0.0732421875,0.87890625,-0.37841796875,0.20751953125,-0.74462890625,-0.29296875,-0.20751953125,-0.8544921875,0.244140625,-0.390625,0.1708984375,-0.67138671875,-0.08544921875,-0.146484375,0.08544921875,-0.6103515625,0.048828125,-0.3662109375,-0.08544921875,0.68359375,-0.10986328125,1.11083984375,-0.10986328125,0.48828125,0.08544921875,-0.1220703125,0.048828125,0.7568359375,-0.634765625,0.732421875,-0.01220703125,0.439453125,0.10986328125,0.62255859375,-0.390625,0.10986328125,0.30517578125,0.3662109375,0.341796875,1.0986328125,0.0244140625,0.244140625,-0.048828125,0.244140625,0.18310546875,0.3173828125,-0.01220703125,0.8056640625,-0.09765625,-0.01220703125,0.18310546875,1.37939453125,0.048828125,-0.93994140625,-0.10986328125,-0.390625,0.01220703125,-0.9521484375,0.18310546875,-0.7568359375,-0.2685546875,-1.513671875,-0.40283203125,-0.2685546875,0.15869140625,-0.29296875,-0.13427734375,-1.18408203125,-0.2197265625,-0.048828125,0.18310546875,-0.0244140625,-0.09765625,-0.47607421875,0.146484375,0.57373046875,-0.20751953125,-0.72021484375,0.01220703125,-1.47705078125,-0.09765625,-1.06201171875,-0.0732421875,0.390625,-0.244140625,0.20751953125,-0.23193359375,-0.18310546875,-0.06103515625,-0.146484375,-0.10986328125,-0.09765625,-0.0732421875,0.03662109375,-0.10986328125,0.8056640625,-0.13427734375,-0.4638671875,0.03662109375,-0.50048828125
0,0.146484375,-0.35400390625,0.0244140625,-0.30517578125,-0.7080078125,-0.32958984375,-0.06103515625,-0.01220703125,0.09765625,-0.2197265625,-0.10986328125,-0.98876953125,-0.10986328125,0.927734375,-0.390625,-0.47607421875,-0.23193359375,5.3955078125,0.0732421875,5.65185546875,-0.2685546875,5.0048828125,0.42724609375,8.447265625,-0.1220703125,-0.2197265625,-0.1220703125,-0.79345703125,-0.18310546875,0.84228515625,-0.40283203125,0.1953125,-0.67138671875,-0.3173828125,-0.2685546875,-0.84228515625,0.2197265625,-0.42724609375,0.10986328125,-0.69580078125,-0.0732421875,-0.1708984375,0,-0.634765625,0.048828125,-0.35400390625,-0.10986328125,0.6591796875,-0.06103515625,1.0986328125,-0.1708984375,0.45166015625,0.13427734375,-0.13427734375,0.01220703125,0.7568359375,-0.634765625,0.8056640625,-0.03662109375,0.4638671875,0.146484375,0.6103515625,-0.47607421875,0.08544921875,0.40283203125,0.390625,0.37841796875,1.07421875,0.03662109375,0.25634765625,0,0.23193359375,0.2685546875,0.3173828125,-0.0732421875,0.79345703125,-0.10986328125,-0.01220703125,0.15869140625,1.37939453125,0.13427734375,-0.93994140625,-0.0732421875,-0.3662109375,0.048828125,-0.93994140625,0.15869140625,-0.76904296875,-0.23193359375,-1.4892578125,-0.40283203125,-0.28076171875,0.32958984375,-0.28076171875,-0.15869140625,-1.18408203125,-0.13427734375,-0.2197265625,0.23193359375,-0.1220703125,-0.2197265625,-0.6103515625,0.1708984375,0.48828125,-0.244140625,-0.74462890625,-0.06103515625,-1.4892578125,-0.1708984375,-1.0498046875,-0.048828125,0.40283203125,-0.25634765625,0.18310546875,-0.23193359375,-0.15869140625,-0.06103515625,-0.15869140625,-0.1220703125,-0.0732421875,-0.0732421875,0.03662109375,-0.1220703125,0.8056640625,-0.13427734375,-0.4638671875,0.0244140625,-0.50048828125
0,0.146484375,-0.35400390625,0.03662109375,-0.30517578125,-0.6591796875,-0.30517578125,-0.048828125,-0.0244140625,0.0732421875,-0.1953125,-0.1220703125,-0.98876953125,-0.09765625,0.927734375,-0.37841796875,-0.47607421875,-0.1708984375,5.46875,0.09765625,5.6640625,-0.15869140625,5.0048828125,0.48828125,8.55712890625,-0.25634765625,-0.2197265625,-0.146484375,-0.81787109375,-0.25634765625,0.84228515625,-0.35400390625,0.18310546875,-0.50048828125,-0.3662109375,-0.35400390625,-0.830078125,0.15869140625,-0.439453125,0.10986328125,-0.68359375,-0.06103515625,-0.18310546875,-0.10986328125,-0.6591796875,0.08544921875,-0.341796875,-0.1220703125,0.6591796875,-0.01220703125,1.123046875,-0.244140625,0.45166015625,0.146484375,-0.1220703125,-0.03662109375,0.732421875,-0.62255859375,0.9033203125,-0.09765625,0.4638671875,0.146484375,0.5615234375,-0.54931640625,0.0732421875,0.45166015625,0.390625,0.40283203125,1.0498046875,0.01220703125,0.25634765625,0.03662109375,0.244140625,0.30517578125,0.29296875,-0.1220703125,0.81787109375,-0.1220703125,0.01220703125,0.15869140625,1.3916015625,0.1953125,-0.93994140625,-0.0732421875,-0.390625,0.048828125,-0.93994140625,0.1220703125,-0.76904296875,-0.1708984375,-1.4892578125,-0.341796875,-0.29296875,0.390625,-0.30517578125,-0.1220703125,-1.1962890625,-0.03662109375,-0.3662109375,0.2197265625,-0.2197265625,-0.30517578125,-0.732421875,0.2197265625,0.42724609375,-0.2197265625,-0.7568359375,-0.1220703125,-1.45263671875,-0.244140625,-1.025390625,0.01220703125,0.42724609375,-0.23193359375,0.1708984375,-0.2197265625,-0.146484375,-0.0732421875,-0.18310546875,-0.146484375,-0.09765625,-0.0732421875,0.01220703125,-0.13427734375,0.8056640625,-0.13427734375,-0.45166015625,0.03662109375,-0.52490234375
0,0.146484375,-0.35400390625,0.0244140625,-0.29296875,-0.67138671875,-0.30517578125,-0.048828125,0,0.048828125,-0.1953125,-0.09765625,-1.0009765625,-0.1220703125,0.91552734375,-0.37841796875,-0.4638671875,-0.09765625,5.33447265625,0.10986328125,5.4931640625,0.01220703125,4.89501953125,0.4150390625,8.41064453125,-0.29296875,-0.1953125,-0.1953125,-0.830078125,-0.3173828125,0.86669921875,-0.2685546875,0.2197265625,-0.28076171875,-0.3662109375,-0.390625,-0.830078125,0.10986328125,-0.439453125,-0.01220703125,-0.68359375,-0.10986328125,-0.18310546875,-0.23193359375,-0.6591796875,0.1220703125,-0.3662109375,-0.1953125,0.64697265625,0.09765625,1.1474609375,-0.2685546875,0.439453125,0.15869140625,-0.1220703125,-0.01220703125,0.7080078125,-0.5859375,0.98876953125,-0.13427734375,0.47607421875,0.1220703125,0.52490234375,-0.52490234375,0.06103515625,0.50048828125,0.3662109375,0.40283203125,1.06201171875,0,0.25634765625,0.048828125,0.25634765625,0.3662109375,0.28076171875,-0.1708984375,0.8056640625,-0.15869140625,0,0.13427734375,1.37939453125,0.244140625,-0.927734375,-0.0244140625,-0.37841796875,0.01220703125,-0.91552734375,0.06103515625,-0.76904296875,-0.1708984375,-1.50146484375,-0.29296875,-0.29296875,0.37841796875,-0.30517578125,-0.048828125,-1.20849609375,0.048828125,-0.47607421875,0.23193359375,-0.25634765625,-0.29296875,-0.79345703125,0.2197265625,0.3662109375,-0.09765625,-0.7568359375,-0.15869140625,-1.45263671875,-0.25634765625,-1.025390625,0.048828125,0.439453125,-0.25634765625,0.146484375,-0.18310546875,-0.13427734375,-0.0732421875,-0.18310546875,-0.146484375,-0.09765625,-0.09765625,-0.01220703125,-0.146484375,0.78125,-0.10986328125,-0.47607421875,0.01220703125,-0.52490234375
0,0.13427734375,-0.390625,0.048828125,-0.28076171875,-0.6103515625,-0.3173828125,-0.048828125,0,0.08544921875,-0.18310546875,-0.08544921875,-1.0009765625,-0.13427734375,0.91552734375,-0.341796875,-0.4638671875,-0.048828125,4.99267578125,0.13427734375,5.17578125,0.2197265625,4.6142578125,0.32958984375,7.8857421875,-0.341796875,-0.18310546875,-0.244140625,-0.830078125,-0.341796875,0.9033203125,-0.1708984375,0.20751953125,-0.0732421875,-0.40283203125,-0.390625,-0.830078125,0.0244140625,-0.45166015625,-0.09765625,-0.7080078125,-0.13427734375,-0.1953125,-0.35400390625,-0.6591796875,0.1220703125,-0.390625,-0.25634765625,0.634765625,0.13427734375,1.15966796875,-0.29296875,0.42724609375,0.146484375,-0.1220703125,-0.01220703125,0.72021484375,-0.5126953125,1.07421875,-0.18310546875,0.47607421875,0.13427734375,0.48828125,-0.47607421875,0.0732421875,0.48828125,0.341796875,0.37841796875,1.025390625,0.01220703125,0.23193359375,0.048828125,0.23193359375,0.390625,0.25634765625,-0.244140625,0.86669921875,-0.18310546875,0.01220703125,0.146484375,1.35498046875,0.25634765625,-0.9521484375,-0.0244140625,-0.3662109375,-0.01220703125,-0.91552734375,-0.06103515625,-0.79345703125,-0.1708984375,-1.513671875,-0.20751953125,-0.29296875,0.30517578125,-0.3173828125,0.03662109375,-1.220703125,0.09765625,-0.54931640625,0.23193359375,-0.244140625,-0.25634765625,-0.8056640625,0.15869140625,0.3662109375,-0.0244140625,-0.74462890625,-0.15869140625,-1.4404296875,-0.244140625,-1.0009765625,0.03662109375,0.439453125,-0.23193359375,0.15869140625,-0.18310546875,-0.146484375,-0.06103515625,-0.1953125,-0.146484375,-0.09765625,-0.08544921875,-0.03662109375,-0.13427734375,0.78125,-0.08544921875,-0.50048828125,0.01220703125,-0.52490234375
0,0.13427734375,-0.40283203125,0.03662109375,-0.2685546875,-0.5615234375,-0.32958984375,-0.03662109375,0.01220703125,0.06103515625,-0.15869140625,-0.09765625,-1.01318359375,-0.15869140625,0.89111328125,-0.30517578125,-0.47607421875,-0.03662109375,4.5166015625,0.06103515625,4.6630859375,0.390625,4.21142578125,0.1953125,7.1044921875,-0.341796875,-0.1708984375,-0.3173828125,-0.8056640625,-0.2685546875,0.89111328125,-0.08544921875,0.2197265625,0.048828125,-0.40283203125,-0.3173828125,-0.81787109375,-0.048828125,-0.4638671875,-0.08544921875,-0.69580078125,-0.244140625,-0.18310546875,-0.3662109375,-0.67138671875,0.09765625,-0.4150390625,-0.30517578125,0.62255859375,0.1953125,1.18408203125,-0.28076171875,0.439453125,0.0732421875,-0.10986328125,0.0244140625,0.732421875,-0.439453125,1.15966796875,-0.23193359375,0.48828125,0.01220703125,0.47607421875,-0.37841796875,0.0732421875,0.439453125,0.30517578125,0.3173828125,1.025390625,0.0244140625,0.20751953125,0.0732421875,0.244140625,0.35400390625,0.25634765625,-0.30517578125,0.86669921875,-0.146484375,0.03662109375,0.146484375,1.35498046875,0.244140625,-0.9521484375,-0.0244140625,-0.341796875,-0.03662109375,-0.89111328125,-0.23193359375,-0.76904296875,-0.1708984375,-1.50146484375,-0.1220703125,-0.29296875,0.1708984375,-0.32958984375,0.15869140625,-1.23291015625,0.1220703125,-0.57373046875,0.18310546875,-0.1953125,-0.10986328125,-0.7568359375,0.0244140625,0.390625,0.048828125,-0.69580078125,-0.09765625,-1.45263671875,-0.244140625,-1.01318359375,-0.01220703125,0.439453125,-0.23193359375,0.146484375,-0.1708984375,-0.146484375,-0.0732421875,-0.18310546875,-0.13427734375,-0.08544921875,-0.10986328125,-0.03662109375,-0.13427734375,0.76904296875,-0.0732421875,-0.48828125,0,-0.537109375
0,0.1220703125,-0.390625,0.0244140625,-0.28076171875,-0.5615234375,-0.29296875,-0.06103515625,-0.01220703125,0.08544921875,-0.15869140625,-0.10986328125,-1.0009765625,-0.146484375,0.89111328125,-0.2685546875,-0.48828125,-0.03662109375,3.8330078125,0.01220703125,4.01611328125,0.439453125,3.72314453125,0.0732421875,6.0791015625,-0.3173828125,-0.18310546875,-0.3662109375,-0.8056640625,-0.1953125,0.91552734375,0.01220703125,0.2197265625,0.146484375,-0.4150390625,-0.2685546875,-0.8056640625,-0.0732421875,-0.439453125,-0.10986328125,-0.68359375,-0.28076171875,-0.1953125,-0.32958984375,-0.634765625,0.0732421875,-0.439453125,-0.3173828125,0.62255859375,0.23193359375,1.20849609375,-0.2197265625,0.4638671875,0,-0.15869140625,0.048828125,0.732421875,-0.40283203125,1.220703125,-0.1953125,0.47607421875,-0.09765625,0.47607421875,-0.32958984375,0.09765625,0.50048828125,0.2685546875,0.2197265625,1.03759765625,0.01220703125,0.1708984375,0.0732421875,0.2197265625,0.3173828125,0.25634765625,-0.2685546875,0.86669921875,-0.09765625,0.03662109375,0.10986328125,1.3427734375,0.2197265625,-0.96435546875,-0.0244140625,-0.32958984375,-0.048828125,-0.927734375,-0.32958984375,-0.78125,-0.20751953125,-1.50146484375,-0.0244140625,-0.29296875,0.0732421875,-0.341796875,0.25634765625,-1.220703125,0.10986328125,-0.537109375,0.15869140625,-0.146484375,0.01220703125,-0.69580078125,-0.1220703125,0.42724609375,0.09765625,-0.67138671875,-0.048828125,-1.45263671875,-0.244140625,-1.025390625,-0.10986328125,0.42724609375,-0.2197265625,0.146484375,-0.1953125,-0.146484375,-0.0732421875,-0.18310546875,-0.13427734375,-0.08544921875,-0.08544921875,-0.03662109375,-0.09765625,0.7568359375,-0.0732421875,-0.50048828125,-0.0244140625,-0.52490234375
0,0.08544921875,-0.40283203125,0.0244140625,-0.2685546875,-0.54931640625,-0.28076171875,-0.06103515625,0.01220703125,0.09765625,-0.146484375,-0.09765625,-1.0009765625,-0.146484375,0.89111328125,-0.244140625,-0.47607421875,-0.03662109375,3.1005859375,-0.0244140625,3.271484375,0.4638671875,3.1494140625,-0.01220703125,4.82177734375,-0.244140625,-0.18310546875,-0.3662109375,-0.79345703125,-0.08544921875,0.91552734375,0.03662109375,0.23193359375,0.09765625,-0.390625,-0.20751953125,-0.8056640625,-0.13427734375,-0.45166015625,-0.146484375,-0.68359375,-0.341796875,-0.13427734375,-0.28076171875,-0.62255859375,-0.01220703125,-0.45166015625,-0.341796875,0.64697265625,0.1953125,1.1962890625,-0.1220703125,0.48828125,-0.06103515625,-0.1708984375,0.03662109375,0.74462890625,-0.341796875,1.26953125,-0.15869140625,0.4638671875,-0.18310546875,0.48828125,-0.35400390625,0.1220703125,0.52490234375,0.23193359375,0.10986328125,1.03759765625,0.0244140625,0.15869140625,0.03662109375,0.2197265625,0.23193359375,0.25634765625,-0.29296875,0.89111328125,-0.0244140625,0.0244140625,0.06103515625,1.33056640625,0.15869140625,-0.96435546875,-0.048828125,-0.32958984375,-0.1220703125,-0.9521484375,-0.4150390625,-0.78125,-0.23193359375,-1.513671875,0.06103515625,-0.29296875,-0.0244140625,-0.32958984375,0.341796875,-1.23291015625,0.06103515625,-0.48828125,0.10986328125,-0.09765625,0.01220703125,-0.62255859375,-0.28076171875,0.42724609375,0.0732421875,-0.67138671875,0.06103515625,-1.4404296875,-0.20751953125,-1.025390625,-0.20751953125,0.40283203125,-0.2197265625,0.15869140625,-0.1708984375,-0.15869140625,-0.0732421875,-0.18310546875,-0.146484375,-0.0732421875,-0.08544921875,-0.048828125,-0.09765625,0.76904296875,-0.06103515625,-0.5126953125,-0.06103515625,-0.50048828125
0,0.09765625,-0.390625,0.0244140625,-0.25634765625,-0.5126953125,-0.244140625,-0.06103515625,0.01220703125,0.1220703125,-0.1708984375,-0.08544921875,-1.0009765625,-0.15869140625,0.89111328125,-0.244140625,-0.47607421875,0.048828125,2.28271484375,-0.0732421875,2.45361328125,0.37841796875,2.50244140625,-0.08544921875,3.4423828125,-0.18310546875,-0.1708984375,-0.35400390625,-0.76904296875,0.048828125,0.927734375,0.0244140625,0.23193359375,0.0732421875,-0.341796875,-0.09765625,-0.81787109375,-0.15869140625,-0.439453125,-0.146484375,-0.68359375,-0.37841796875,-0.15869140625,-0.1708984375,-0.62255859375,-0.10986328125,-0.439453125,-0.30517578125,0.634765625,0.15869140625,1.171875,-0.06103515625,0.50048828125,-0.13427734375,-0.1708984375,0.0244140625,0.76904296875,-0.3173828125,1.2939453125,-0.146484375,0.45166015625,-0.29296875,0.5126953125,-0.3662109375,0.13427734375,0.4638671875,0.25634765625,-0.01220703125,1.06201171875,0,0.1708984375,-0.01220703125,0.20751953125,0.1708984375,0.29296875,-0.25634765625,0.89111328125,0.03662109375,0.03662109375,0.03662109375,1.35498046875,0.06103515625,-0.98876953125,-0.0732421875,-0.32958984375,-0.18310546875,-0.9765625,-0.40283203125,-0.79345703125,-0.23193359375,-1.52587890625,0.10986328125,-0.29296875,-0.0732421875,-0.32958984375,0.35400390625,-1.23291015625,0,-0.439453125,0.10986328125,-0.1220703125,0.09765625,-0.57373046875,-0.2685546875,0.4150390625,0.048828125,-0.6591796875,0.1708984375,-1.4404296875,-0.1708984375,-1.025390625,-0.23193359375,0.40283203125,-0.244140625,0.15869140625,-0.15869140625,-0.15869140625,-0.0732421875,-0.18310546875,-0.146484375,-0.0732421875,-0.06103515625,-0.048828125,-0.0732421875,0.78125,-0.0732421875,-0.5126953125,-0.0732421875,-0.537109375
0,0.0732421875,-0.37841796875,0,-0.2685546875,-0.5126953125,-0.20751953125,-0.0732421875,0.01220703125,0.10986328125,-0.15869140625,-0.09765625,-0.98876953125,-0.18310546875,0.91552734375,-0.2197265625,-0.47607421875,0.0244140625,1.42822265625,-0.09765625,1.64794921875,0.1953125,1.91650390625,-0.10986328125,2.03857421875,-0.10986328125,-0.18310546875,-0.2685546875,-0.7568359375,0.13427734375,0.927734375,-0.0244140625,0.244140625,-0.03662109375,-0.28076171875,-0.0244140625,-0.81787109375,-0.1708984375,-0.439453125,-0.10986328125,-0.67138671875,-0.3662109375,-0.15869140625,-0.0732421875,-0.62255859375,-0.15869140625,-0.4150390625,-0.2197265625,0.64697265625,0.08544921875,1.171875,-0.03662109375,0.52490234375,-0.18310546875,-0.1708984375,-0.0244140625,0.78125,-0.25634765625,1.30615234375,-0.13427734375,0.4638671875,-0.3173828125,0.57373046875,-0.390625,0.1708984375,0.37841796875,0.2685546875,-0.09765625,1.0498046875,-0.0244140625,0.18310546875,-0.0732421875,0.2197265625,0.146484375,0.30517578125,-0.2685546875,0.87890625,0.13427734375,0.048828125,-0.0244140625,1.3427734375,0,-0.96435546875,-0.09765625,-0.3173828125,-0.244140625,-1.01318359375,-0.341796875,-0.8056640625,-0.23193359375,-1.52587890625,0.06103515625,-0.2685546875,-0.048828125,-0.3173828125,0.28076171875,-1.2451171875,-0.15869140625,-0.40283203125,0.01220703125,-0.18310546875,0.01220703125,-0.57373046875,-0.3662109375,0.3662109375,0.03662109375,-0.64697265625,0.23193359375,-1.4404296875,-0.1220703125,-1.0498046875,-0.2197265625,0.40283203125,-0.244140625,0.18310546875,-0.20751953125,-0.1708984375,-0.06103515625,-0.18310546875,-0.1220703125,-0.06103515625,-0.048828125,-0.0244140625,-0.0732421875,0.8056640625,-0.09765625,-0.52490234375,-0.09765625,-0.5126953125
1,0.03662109375,-0.3662109375,-0.0244140625,-0.2685546875,-0.50048828125,-0.1708984375,-0.06103515625,0.01220703125,0.10986328125,-0.1708984375,-0.09765625,-1.01318359375,-0.1953125,0.927734375,-0.1953125,-0.4638671875,0.0244140625,0.62255859375,-0.13427734375,0.89111328125,0.0244140625,1.33056640625,-0.10986328125,0.7568359375,-0.08544921875,-0.20751953125,-0.1953125,-0.74462890625,0.1953125,0.89111328125,-0.0732421875,0.23193359375,-0.1220703125,-0.2685546875,0.03662109375,-0.830078125,-0.146484375,-0.4150390625,-0.048828125,-0.68359375,-0.30517578125,-0.146484375,-0.01220703125,-0.62255859375,-0.244140625,-0.4150390625,-0.15869140625,0.6591796875,0,1.15966796875,0,0.50048828125,-0.244140625,-0.18310546875,-0.09765625,0.79345703125,-0.23193359375,1.2939453125,-0.1220703125,0.439453125,-0.341796875,0.634765625,-0.390625,0.146484375,0.25634765625,0.30517578125,-0.1953125,1.06201171875,-0.048828125,0.20751953125,-0.13427734375,0.2197265625,0.0732421875,0.341796875,-0.29296875,0.87890625,0.2197265625,0.03662109375,-0.0732421875,1.3671875,-0.06103515625,-0.9765625,-0.13427734375,-0.3173828125,-0.28076171875,-1.01318359375,-0.23193359375,-0.79345703125,-0.2197265625,-1.52587890625,-0.03662109375,-0.25634765625,0,-0.30517578125,0.10986328125,-1.25732421875,-0.18310546875,-0.42724609375,-0.01220703125,-0.25634765625,-0.01220703125,-0.634765625,-0.3173828125,0.30517578125,0.06103515625,-0.67138671875,0.25634765625,-1.45263671875,-0.09765625,-1.07421875,-0.20751953125,0.390625,-0.244140625,0.1953125,-0.20751953125,-0.18310546875,-0.08544921875,-0.1708984375,-0.1220703125,-0.048828125,-0.048828125,0.01220703125,-0.0732421875,0.81787109375,-0.10986328125,-0.50048828125,-0.10986328125,-0.5126953125
1,0.048828125,-0.3662109375,-0.06103515625,-0.2685546875,-0.5126953125,-0.15869140625,-0.0732421875,0.01220703125,0.09765625,-0.18310546875,-0.08544921875,-1.0009765625,-0.2197265625,0.927734375,-0.1708984375,-0.45166015625,0.0244140625,-0.1220703125,-0.1708984375,0.23193359375,-0.18310546875,0.8544921875,-0.08544921875,-0.341796875,-0.0732421875,-0.2197265625,-0.0732421875,-0.74462890625,0.1708984375,0.86669921875,-0.1220703125,0.244140625,-0.18310546875,-0.244140625,0.03662109375,-0.830078125,-0.08544921875,-0.439453125,0.0244140625,-0.68359375,-0.23193359375,-0.15869140625,0.0244140625,-0.62255859375,-0.29296875,-0.40283203125,-0.06103515625,0.67138671875,-0.06103515625,1.15966796875,0.03662109375,0.5126953125,-0.29296875,-0.18310546875,-0.13427734375,0.78125,-0.20751953125,1.28173828125,-0.1220703125,0.439453125,-0.32958984375,0.634765625,-0.37841796875,0.13427734375,0.18310546875,0.30517578125,-0.25634765625,1.06201171875,-0.06103515625,0.23193359375,-0.1953125,0.23193359375,0.0244140625,0.341796875,-0.23193359375,0.8544921875,0.244140625,0.03662109375,-0.10986328125,1.35498046875,-0.08544921875,-0.96435546875,-0.15869140625,-0.32958984375,-0.28076171875,-1.01318359375,-0.13427734375,-0.79345703125,-0.20751953125,-1.513671875,-0.15869140625,-0.244140625,0.08544921875,-0.3173828125,-0.09765625,-1.2451171875,-0.20751953125,-0.48828125,-0.06103515625,-0.40283203125,-0.01220703125,-0.72021484375,-0.2197265625,0.18310546875,0.10986328125,-0.7080078125,0.23193359375,-1.45263671875,-0.1220703125,-1.08642578125,-0.15869140625,0.40283203125,-0.25634765625,0.18310546875,-0.1953125,-0.18310546875,-0.0732421875,-0.13427734375,-0.10986328125,-0.0732421875,-0.03662109375,0.01220703125,-0.09765625,0.79345703125,-0.10986328125,-0.48828125,-0.13427734375,-0.50048828125
1,0.048828125,-0.3662109375,-0.06103515625,-0.23193359375,-0.47607421875,-0.18310546875,-0.06103515625,0.01220703125,0.08544921875,-0.18310546875,-0.08544921875,-0.98876953125,-0.2197265625,0.927734375,-0.15869140625,-0.42724609375,0.03662109375,-0.7080078125,-0.20751953125,-0.29296875,-0.341796875,0.48828125,-0.03662109375,-1.1474609375,-0.03662109375,-0.23193359375,-0.01220703125,-0.74462890625,0.13427734375,0.8544921875,-0.13427734375,0.23193359375,-0.2685546875,-0.23193359375,-0.0244140625,-0.8544921875,0.0244140625,-0.42724609375,0.0732421875,-0.68359375,-0.1220703125,-0.13427734375,0.048828125,-0.62255859375,-0.2685546875,-0.37841796875,0,0.6591796875,-0.0732421875,1.171875,0.06103515625,0.47607421875,-0.35400390625,-0.18310546875,-0.10986328125,0.78125,-0.1953125,1.23291015625,-0.1220703125,0.42724609375,-0.32958984375,0.64697265625,-0.3662109375,0.13427734375,0.13427734375,0.3173828125,-0.341796875,1.07421875,-0.08544921875,0.28076171875,-0.2197265625,0.23193359375,-0.0244140625,0.35400390625,-0.28076171875,0.87890625,0.29296875,0.048828125,-0.10986328125,1.3427734375,-0.08544921875,-0.96435546875,-0.18310546875,-0.341796875,-0.20751953125,-1.01318359375,-0.0244140625,-0.79345703125,-0.1708984375,-1.513671875,-0.25634765625,-0.244140625,0.146484375,-0.29296875,-0.28076171875,-1.23291015625,-0.29296875,-0.5859375,-0.1953125,-0.5615234375,-0.15869140625,-0.79345703125,-0.25634765625,0.06103515625,0.1708984375,-0.72021484375,0.15869140625,-1.47705078125,-0.1708984375,-1.08642578125,-0.10986328125,0.4150390625,-0.25634765625,0.18310546875,-0.15869140625,-0.146484375,-0.06103515625,-0.10986328125,-0.09765625,-0.09765625,-0.0244140625,0.01220703125,-0.1220703125,0.76904296875,-0.10986328125,-0.4638671875,-0.1220703125,-0.48828125
1,0.03662109375,-0.3662109375,-0.0732421875,-0.244140625,-0.439453125,-0.18310546875,-0.048828125,0.01220703125,0.1220703125,-0.20751953125,-0.0732421875,-1.0009765625,-0.23193359375,0.93994140625,-0.18310546875,-0.42724609375,0.10986328125,-1.1474609375,-0.3173828125,-0.6591796875,-0.45166015625,0.23193359375,-0.06103515625,-1.66015625,-0.01220703125,-0.244140625,-0.01220703125,-0.7568359375,0.08544921875,0.84228515625,-0.10986328125,0.23193359375,-0.2685546875,-0.244140625,-0.10986328125,-0.84228515625,0.0732421875,-0.439453125,0.08544921875,-0.68359375,-0.0244140625,-0.1708984375,0,-0.634765625,-0.23193359375,-0.40283203125,0.01220703125,0.6591796875,-0.09765625,1.171875,0.06103515625,0.4638671875,-0.4150390625,-0.15869140625,-0.0732421875,0.7568359375,-0.1953125,1.18408203125,-0.10986328125,0.45166015625,-0.28076171875,0.6103515625,-0.3662109375,0.09765625,0.01220703125,0.32958984375,-0.390625,1.06201171875,-0.06103515625,0.30517578125,-0.23193359375,0.23193359375,-0.048828125,0.32958984375,-0.244140625,0.89111328125,0.25634765625,0.06103515625,-0.09765625,1.3427734375,-0.0732421875,-0.9521484375,-0.20751953125,-0.32958984375,-0.08544921875,-1.025390625,0.0244140625,-0.78125,-0.1220703125,-1.50146484375,-0.29296875,-0.23193359375,0.13427734375,-0.28076171875,-0.40283203125,-1.20849609375,-0.23193359375,-0.64697265625,-0.244140625,-0.72021484375,-0.18310546875,-0.84228515625,-0.15869140625,-0.048828125,0.20751953125,-0.78125,0.06103515625,-1.46484375,-0.23193359375,-1.07421875,-0.03662109375,0.439453125,-0.244140625,0.18310546875,-0.146484375,-0.146484375,-0.08544921875,-0.10986328125,-0.0732421875,-0.09765625,-0.0244140625,0,-0.13427734375,0.76904296875,-0.08544921875,-0.45166015625,-0.13427734375,-0.50048828125
1,0.03662109375,-0.35400390625,-0.08544921875,-0.25634765625,-0.4150390625,-0.2197265625,-0.0732421875,0,0.08544921875,-0.2197265625,-0.06103515625,-0.96435546875,-0.2197265625,0.91552734375,-0.20751953125,-0.439453125,0.2197265625,-1.40380859375,-0.3173828125,-0.86669921875,-0.3662109375,0.13427734375,0.01220703125,-1.84326171875,0.048828125,-0.244140625,0.0244140625,-0.79345703125,0.01220703125,0.8544921875,-0.10986328125,0.2197265625,-0.244140625,-0.2685546875,-0.244140625,-0.830078125,0.1220703125,-0.4638671875,0.08544921875,-0.69580078125,0.08544921875,-0.1708984375,-0.0244140625,-0.64697265625,-0.1220703125,-0.37841796875,-0.0244140625,0.68359375,-0.0732421875,1.171875,0.0244140625,0.45166015625,-0.439453125,-0.15869140625,-0.03662109375,0.74462890625,-0.2197265625,1.1474609375,-0.1220703125,0.4638671875,-0.244140625,0.57373046875,-0.30517578125,0.10986328125,-0.06103515625,0.30517578125,-0.42724609375,1.0498046875,-0.10986328125,0.30517578125,-0.20751953125,0.23193359375,-0.09765625,0.29296875,-0.1953125,0.9033203125,0.244140625,0.048828125,-0.048828125,1.3427734375,-0.03662109375,-0.96435546875,-0.18310546875,-0.341796875,0.0732421875,-0.98876953125,0.048828125,-0.79345703125,-0.1220703125,-1.513671875,-0.30517578125,-0.23193359375,0.0732421875,-0.2685546875,-0.3662109375,-1.23291015625,-0.2197265625,-0.72021484375,-0.3173828125,-0.78125,-0.20751953125,-0.86669921875,-0.10986328125,-0.10986328125,0.20751953125,-0.79345703125,-0.09765625,-1.46484375,-0.23193359375,-1.0498046875,0.03662109375,0.4638671875,-0.244140625,0.15869140625,-0.146484375,-0.1708984375,-0.06103515625,-0.09765625,-0.08544921875,-0.09765625,-0.0244140625,-0.01220703125,-0.10986328125,0.7568359375,-0.09765625,-0.47607421875,-0.146484375,-0.50048828125
1,0.06103515625,-0.37841796875,-0.09765625,-0.25634765625,-0.37841796875,-0.28076171875,-0.08544921875,-0.01220703125,0.09765625,-0.244140625,-0.06103515625,-0.98876953125,-0.23193359375,0.927734375,-0.20751953125,-0.45166015625,0.28076171875,-1.52587890625,-0.30517578125,-0.91552734375,-0.1953125,0.15869140625,0.0244140625,-1.79443359375,0.09765625,-0.20751953125,-0.048828125,-0.78125,-0.06103515625,0.86669921875,-0.146484375,0.23193359375,-0.30517578125,-0.30517578125,-0.35400390625,-0.830078125,0.13427734375,-0.47607421875,0.10986328125,-0.69580078125,0.15869140625,-0.1708984375,-0.08544921875,-0.6591796875,0.03662109375,-0.37841796875,-0.0732421875,0.67138671875,-0.0732421875,1.1474609375,0.048828125,0.45166015625,-0.47607421875,-0.1220703125,-0.01220703125,0.74462890625,-0.25634765625,1.0986328125,-0.146484375,0.47607421875,-0.18310546875,0.537109375,-0.30517578125,0.09765625,-0.10986328125,0.29296875,-0.45166015625,1.025390625,-0.13427734375,0.29296875,-0.1953125,0.25634765625,-0.1220703125,0.28076171875,-0.1708984375,0.927734375,0.18310546875,0.06103515625,0.03662109375,1.33056640625,0.0244140625,-0.9765625,-0.1708984375,-0.35400390625,0.18310546875,-0.9765625,0.01220703125,-0.78125,-0.146484375,-1.513671875,-0.2685546875,-0.23193359375,-0.048828125,-0.2685546875,-0.28076171875,-1.20849609375,-0.20751953125,-0.7568359375,-0.341796875,-0.76904296875,-0.20751953125,-0.86669921875,-0.03662109375,-0.09765625,0.18310546875,-0.78125,-0.18310546875,-1.46484375,-0.1953125,-1.03759765625,0.1220703125,0.439453125,-0.2197265625,0.15869140625,-0.10986328125,-0.15869140625,-0.0732421875,-0.10986328125,-0.048828125,-0.09765625,-0.06103515625,-0.03662109375,-0.10986328125,0.74462890625,-0.0732421875,-0.47607421875,-0.13427734375,-0.48828125
1,0.03662109375,-0.35400390625,-0.10986328125,-0.29296875,-0.37841796875,-0.3173828125,-0.0732421875,-0.03662109375,0.08544921875,-0.2197265625,-0.08544921875,-1.0009765625,-0.244140625,0.927734375,-0.20751953125,-0.48828125,0.35400390625,-1.513671875,-0.25634765625,-0.86669921875,0.0244140625,0.25634765625,0,-1.611328125,0.146484375,-0.1953125,-0.10986328125,-0.79345703125,-0.1220703125,0.89111328125,-0.2197265625,0.244140625,-0.2685546875,-0.32958984375,-0.390625,-0.830078125,0.10986328125,-0.50048828125,0.10986328125,-0.7080078125,0.23193359375,-0.18310546875,-0.10986328125,-0.6591796875,0.18310546875,-0.390625,-0.13427734375,0.6591796875,0,1.1474609375,0.03662109375,0.439453125,-0.4150390625,-0.10986328125,0.01220703125,0.74462890625,-0.29296875,1.07421875,-0.15869140625,0.50048828125,-0.1220703125,0.5126953125,-0.28076171875,0.09765625,-0.1953125,0.2685546875,-0.40283203125,1.03759765625,-0.1708984375,0.25634765625,-0.146484375,0.244140625,-0.15869140625,0.2685546875,-0.1220703125,0.93994140625,0.146484375,0.06103515625,0.10986328125,1.35498046875,0.06103515625,-0.9521484375,-0.13427734375,-0.3662109375,0.2685546875,-0.9765625,-0.03662109375,-0.78125,-0.244140625,-1.52587890625,-0.23193359375,-0.25634765625,-0.18310546875,-0.25634765625,-0.09765625,-1.220703125,-0.2197265625,-0.74462890625,-0.35400390625,-0.7080078125,-0.23193359375,-0.78125,-0.048828125,-0.0244140625,0.146484375,-0.76904296875,-0.1953125,-1.45263671875,-0.146484375,-1.01318359375,0.15869140625,0.45166015625,-0.2197265625,0.13427734375,-0.1220703125,-0.146484375,-0.08544921875,-0.1220703125,-0.048828125,-0.09765625,-0.06103515625,-0.0244140625,-0.09765625,0.7568359375,-0.06103515625,-0.4638671875,-0.1220703125,-0.47607421875
1,0.0732421875,-0.35400390625,-0.10986328125,-0.3173828125,-0.341796875,-0.35400390625,-0.0732421875,-0.048828125,0.08544921875,-0.20751953125,-0.0732421875,-1.0009765625,-0.25634765625,0.9033203125,-0.18310546875,-0.50048828125,0.390625,-1.40380859375,-0.1953125,-0.74462890625,0.20751953125,0.37841796875,0,-1.3427734375,0.146484375,-0.1953125,-0.18310546875,-0.79345703125,-0.1708984375,0.86669921875,-0.3173828125,0.2197265625,-0.32958984375,-0.35400390625,-0.40283203125,-0.81787109375,0.08544921875,-0.48828125,0.10986328125,-0.6591796875,0.20751953125,-0.18310546875,-0.048828125,-0.64697265625,0.29296875,-0.37841796875,-0.2197265625,0.64697265625,0.03662109375,1.171875,0.01220703125,0.45166015625,-0.3662109375,-0.10986328125,0.0244140625,0.7568359375,-0.32958984375,1.03759765625,-0.15869140625,0.4638671875,-0.06103515625,0.50048828125,-0.244140625,0.1220703125,-0.244140625,0.23193359375,-0.37841796875,1.025390625,-0.18310546875,0.244140625,-0.1708984375,0.244140625,-0.18310546875,0.2685546875,-0.1220703125,0.96435546875,0.10986328125,0.03662109375,0.1953125,1.35498046875,0.10986328125,-0.93994140625,-0.09765625,-0.35400390625,0.30517578125,-0.9765625,-0.06103515625,-0.76904296875,-0.30517578125,-1.52587890625,-0.1953125,-0.25634765625,-0.2685546875,-0.28076171875,0.09765625,-1.20849609375,-0.1220703125,-0.64697265625,-0.28076171875,-0.537109375,-0.15869140625,-0.68359375,-0.01220703125,0.1220703125,0.048828125,-0.7568359375,-0.15869140625,-1.45263671875,-0.13427734375,-1.0009765625,0.18310546875,0.42724609375,-0.18310546875,0.10986328125,-0.09765625,-0.13427734375,-0.0732421875,-0.10986328125,-0.0732421875,-0.10986328125,-0.0732421875,-0.03662109375,-0.10986328125,0.76904296875,-0.0244140625,-0.4638671875,-0.13427734375,-0.48828125
1,0.0732421875,-0.3662109375,-0.0732421875,-0.30517578125,-0.3173828125,-0.390625,-0.048828125,-0.03662109375,0.09765625,-0.20751953125,-0.08544921875,-1.025390625,-0.244140625,0.9033203125,-0.18310546875,-0.50048828125,0.390625,-1.23291015625,-0.08544921875,-0.634765625,0.341796875,0.48828125,-0.03662109375,-1.07421875,0.146484375,-0.1708984375,-0.23193359375,-0.8056640625,-0.1953125,0.87890625,-0.3662109375,0.244140625,-0.3662109375,-0.3662109375,-0.341796875,-0.81787109375,0.048828125,-0.48828125,0.09765625,-0.64697265625,0.1220703125,-0.1953125,-0.01220703125,-0.62255859375,0.35400390625,-0.390625,-0.2197265625,0.6591796875,0.03662109375,1.1474609375,-0.01220703125,0.47607421875,-0.32958984375,-0.08544921875,0.01220703125,0.76904296875,-0.37841796875,1.0009765625,-0.146484375,0.47607421875,0.0244140625,0.50048828125,-0.15869140625,0.146484375,-0.32958984375,0.25634765625,-0.32958984375,1.025390625,-0.15869140625,0.2197265625,-0.18310546875,0.244140625,-0.2197265625,0.2685546875,-0.09765625,0.9521484375,0.10986328125,0.01220703125,0.244140625,1.35498046875,0.1708984375,-0.9521484375,-0.03662109375,-0.35400390625,0.244140625,-0.98876953125,-0.08544921875,-0.79345703125,-0.3173828125,-1.50146484375,-0.146484375,-0.244140625,-0.2685546875,-0.30517578125,0.20751953125,-1.20849609375,-0.09765625,-0.50048828125,-0.2197265625,-0.35400390625,-0.09765625,-0.54931640625,-0.08544921875,0.30517578125,-0.048828125,-0.68359375,-0.09765625,-1.45263671875,-0.146484375,-1.01318359375,0.13427734375,0.42724609375,-0.1708984375,0.10986328125,-0.08544921875,-0.1220703125,-0.06103515625,-0.10986328125,-0.0732421875,-0.09765625,-0.09765625,-0.01220703125,-0.09765625,0.78125,-0.0244140625,-0.4638671875,-0.13427734375,-0.47607421875
1,0.048828125,-0.37841796875,-0.09765625,-0.32958984375,-0.32958984375,-0.4150390625,-0.0244140625,-0.01220703125,0.1220703125,-0.20751953125,-0.09765625,-1.01318359375,-0.2685546875,0.91552734375,-0.1708984375,-0.5126953125,0.3662109375,-1.06201171875,0.03662109375,-0.5126953125,0.3662109375,0.6103515625,0.0244140625,-0.89111328125,0.09765625,-0.146484375,-0.244140625,-0.78125,-0.18310546875,0.9033203125,-0.341796875,0.244140625,-0.32958984375,-0.32958984375,-0.2197265625,-0.8056640625,-0.0244140625,-0.42724609375,0.048828125,-0.634765625,-0.01220703125,-0.1708984375,0.01220703125,-0.62255859375,0.32958984375,-0.37841796875,-0.23193359375,0.64697265625,0.0244140625,1.1474609375,-0.03662109375,0.48828125,-0.2685546875,-0.1220703125,0,0.78125,-0.4150390625,1.0009765625,-0.09765625,0.47607421875,0.1220703125,0.52490234375,-0.1220703125,0.15869140625,-0.341796875,0.244140625,-0.23193359375,1.03759765625,-0.1220703125,0.20751953125,-0.18310546875,0.244140625,-0.18310546875,0.2685546875,-0.048828125,0.9521484375,0.08544921875,0,0.29296875,1.35498046875,0.2197265625,-0.93994140625,0.0244140625,-0.341796875,0.1953125,-1.01318359375,-0.08544921875,-0.78125,-0.30517578125,-1.513671875,-0.09765625,-0.244140625,-0.1953125,-0.3173828125,0.2685546875,-1.220703125,-0.03662109375,-0.3173828125,-0.13427734375,-0.1220703125,-0.048828125,-0.45166015625,-0.10986328125,0.48828125,-0.13427734375,-0.67138671875,0,-1.46484375,-0.1953125,-1.0009765625,0.0732421875,0.40283203125,-0.1953125,0.13427734375,-0.06103515625,-0.10986328125,-0.08544921875,-0.1220703125,-0.09765625,-0.10986328125,-0.0732421875,0,-0.0732421875,0.8056640625,-0.0244140625,-0.4638671875,-0.10986328125,-0.47607421875
1,0.06103515625,-0.4150390625,-0.10986328125,-0.30517578125,-0.244140625,-0.40283203125,0.01220703125,-0.0244140625,0.146484375,-0.20751953125,-0.08544921875,-1.025390625,-0.25634765625,0.91552734375,-0.15869140625,-0.48828125,0.30517578125,-0.91552734375,0.18310546875,-0.40283203125,0.341796875,0.6591796875,0.18310546875,-0.8544921875,0.06103515625,-0.13427734375,-0.244140625,-0.7568359375,-0.15869140625,0.9033203125,-0.29296875,0.244140625,-0.3173828125,-0.29296875,-0.1220703125,-0.79345703125,-0.10986328125,-0.40283203125,-0.01220703125,-0.6103515625,-0.18310546875,-0.146484375,0.06103515625,-0.59814453125,0.23193359375,-0.35400390625,-0.20751953125,0.634765625,-0.01220703125,1.15966796875,-0.08544921875,0.48828125,-0.23193359375,-0.146484375,0.03662109375,0.76904296875,-0.40283203125,0.98876953125,-0.08544921875,0.439453125,0.15869140625,0.5615234375,-0.0732421875,0.1708984375,-0.29296875,0.2197265625,-0.18310546875,1.03759765625,-0.09765625,0.18310546875,-0.23193359375,0.244140625,-0.10986328125,0.30517578125,-0.048828125,0.927734375,0.048828125,0,0.32958984375,1.35498046875,0.244140625,-0.91552734375,0.08544921875,-0.341796875,0.03662109375,-1.0009765625,-0.03662109375,-0.76904296875,-0.2685546875,-1.50146484375,-0.08544921875,-0.25634765625,-0.0244140625,-0.3173828125,0.25634765625,-1.220703125,-0.03662109375,-0.18310546875,-0.10986328125,0.03662109375,-0.1708984375,-0.3662109375,-0.13427734375,0.634765625,-0.23193359375,-0.67138671875,0.10986328125,-1.46484375,-0.23193359375,-1.03759765625,0.01220703125,0.390625,-0.1708984375,0.15869140625,-0.048828125,-0.08544921875,-0.0732421875,-0.10986328125,-0.10986328125,-0.09765625,-0.08544921875,0.01220703125,-0.0732421875,0.8056640625,-0.03662109375,-0.4638671875,-0.06103515625,-0.47607421875
1,0.048828125,-0.40283203125,-0.10986328125,-0.3173828125,-0.2197265625,-0.390625,-0.01220703125,0.01220703125,0.146484375,-0.20751953125,-0.09765625,-1.0009765625,-0.28076171875,0.9033203125,-0.1708984375,-0.4638671875,0.2685546875,-0.86669921875,0.25634765625,-0.37841796875,0.20751953125,0.634765625,0.341796875,-0.927734375,-0.03662109375,-0.13427734375,-0.23193359375,-0.732421875,-0.08544921875,0.89111328125,-0.23193359375,0.25634765625,-0.25634765625,-0.2685546875,-0.01220703125,-0.8056640625,-0.1953125,-0.37841796875,-0.03662109375,-0.6103515625,-0.341796875,-0.146484375,0.048828125,-0.59814453125,0.13427734375,-0.37841796875,-0.1708984375,0.62255859375,0.01220703125,1.1474609375,-0.13427734375,0.5126953125,-0.1953125,-0.1953125,0.08544921875,0.7568359375,-0.3173828125,0.96435546875,-0.0732421875,0.439453125,0.28076171875,0.5859375,-0.0732421875,0.18310546875,-0.30517578125,0.244140625,-0.08544921875,1.06201171875,-0.0732421875,0.1708984375,-0.2685546875,0.23193359375,-0.0244140625,0.3173828125,-0.048828125,0.87890625,0.01220703125,-0.01220703125,0.32958984375,1.3427734375,0.25634765625,-0.93994140625,0.10986328125,-0.32958984375,-0.10986328125,-1.01318359375,-0.0244140625,-0.76904296875,-0.2197265625,-1.4892578125,-0.0732421875,-0.2685546875,0.146484375,-0.32958984375,0.146484375,-1.20849609375,-0.10986328125,-0.0732421875,-0.09765625,0.18310546875,-0.2685546875,-0.32958984375,-0.1708984375,0.74462890625,-0.20751953125,-0.6591796875,0.146484375,-1.45263671875,-0.244140625,-1.025390625,-0.01220703125,0.37841796875,-0.146484375,0.1708984375,-0.0244140625,-0.03662109375,-0.06103515625,-0.10986328125,-0.13427734375,-0.10986328125,-0.09765625,0.03662109375,-0.08544921875,0.8056640625,-0.06103515625,-0.45166015625,-0.048828125,-0.4638671875
1,0.03662109375,-0.390625,-0.146484375,-0.3173828125,-0.244140625,-0.37841796875,0,0.0244140625,0.13427734375,-0.2197265625,-0.08544921875,-1.01318359375,-0.29296875,0.91552734375,-0.15869140625,-0.45166015625,0.29296875,-0.8544921875,0.32958984375,-0.40283203125,0.0732421875,0.59814453125,0.50048828125,-1.07421875,-0.0732421875,-0.15869140625,-0.20751953125,-0.74462890625,-0.0244140625,0.89111328125,-0.10986328125,0.244140625,-0.13427734375,-0.244140625,0.10986328125,-0.81787109375,-0.28076171875,-0.37841796875,-0.09765625,-0.6103515625,-0.4150390625,-0.146484375,-0.048828125,-0.6103515625,0.01220703125,-0.3662109375,-0.146484375,0.634765625,0.0244140625,1.15966796875,-0.18310546875,0.50048828125,-0.1708984375,-0.1953125,0.10986328125,0.76904296875,-0.25634765625,0.9521484375,-0.10986328125,0.439453125,0.32958984375,0.59814453125,-0.09765625,0.15869140625,-0.2685546875,0.244140625,0.03662109375,1.0498046875,-0.06103515625,0.18310546875,-0.3173828125,0.2197265625,0.08544921875,0.3173828125,-0.06103515625,0.89111328125,0.01220703125,0,0.341796875,1.35498046875,0.2197265625,-0.96435546875,0.10986328125,-0.30517578125,-0.1953125,-1.0009765625,-0.0244140625,-0.76904296875,-0.15869140625,-1.50146484375,-0.1220703125,-0.28076171875,0.29296875,-0.32958984375,0.0244140625,-1.220703125,-0.0732421875,-0.03662109375,-0.10986328125,0.2197265625,-0.244140625,-0.3662109375,-0.09765625,0.79345703125,-0.13427734375,-0.68359375,0.18310546875,-1.4404296875,-0.244140625,-1.03759765625,-0.0244140625,0.341796875,-0.13427734375,0.1708984375,0.01220703125,-0.01220703125,-0.06103515625,-0.10986328125,-0.15869140625,-0.08544921875,-0.09765625,0.06103515625,-0.09765625,0.79345703125,-0.06103515625,-0.439453125,0,-0.4638671875
1,0.03662109375,-0.37841796875,-0.13427734375,-0.30517578125,-0.23193359375,-0.341796875,-0.0244140625,0.03662109375,0.13427734375,-0.23193359375,-0.08544921875,-1.0009765625,-0.29296875,0.91552734375,-0.15869140625,-0.42724609375,0.29296875,-0.87890625,0.341796875,-0.4638671875,-0.03662109375,0.52490234375,0.62255859375,-1.25732421875,-0.13427734375,-0.18310546875,-0.1708984375,-0.72021484375,0.06103515625,0.91552734375,-0.03662109375,0.244140625,-0.01220703125,-0.2685546875,0.1708984375,-0.830078125,-0.30517578125,-0.4150390625,-0.09765625,-0.6103515625,-0.42724609375,-0.15869140625,-0.10986328125,-0.62255859375,-0.09765625,-0.3662109375,-0.09765625,0.64697265625,0.03662109375,1.171875,-0.15869140625,0.47607421875,-0.146484375,-0.20751953125,0.13427734375,0.76904296875,-0.20751953125,0.91552734375,-0.146484375,0.42724609375,0.32958984375,0.59814453125,-0.1220703125,0.13427734375,-0.2197265625,0.23193359375,0.13427734375,1.03759765625,-0.048828125,0.23193359375,-0.341796875,0.18310546875,0.1953125,0.3173828125,-0.06103515625,0.84228515625,-0.01220703125,-0.0244140625,0.35400390625,1.3427734375,0.2197265625,-0.9521484375,0.09765625,-0.30517578125,-0.23193359375,-1.0009765625,-0.048828125,-0.76904296875,-0.0732421875,-1.47705078125,-0.15869140625,-0.28076171875,0.3662109375,-0.3173828125,-0.09765625,-1.220703125,-0.09765625,-0.08544921875,-0.146484375,0.18310546875,-0.2197265625,-0.439453125,-0.0732421875,0.732421875,-0.0244140625,-0.72021484375,0.1708984375,-1.47705078125,-0.244140625,-1.03759765625,-0.01220703125,0.3662109375,-0.1708984375,0.1953125,0.0244140625,0.03662109375,-0.0732421875,-0.08544921875,-0.146484375,-0.0732421875,-0.10986328125,0.048828125,-0.09765625,0.79345703125,-0.048828125,-0.45166015625,0.01220703125,-0.4638671875
0,0.048828125,-0.3662109375,-0.10986328125,-0.28076171875,-0.1953125,-0.32958984375,-0.03662109375,0.03662109375,0.1708984375,-0.20751953125,-0.08544921875,-1.025390625,-0.29296875,0.927734375,-0.1708984375,-0.4150390625,0.2685546875,-0.9033203125,0.2685546875,-0.48828125,-0.08544921875,0.50048828125,0.6591796875,-1.42822265625,-0.146484375,-0.1953125,-0.146484375,-0.732421875,0.13427734375,0.89111328125,0.01220703125,0.23193359375,0.1220703125,-0.244140625,0.1708984375,-0.8544921875,-0.28076171875,-0.42724609375,-0.15869140625,-0.634765625,-0.341796875,-0.1708984375,-0.23193359375,-0.634765625,-0.146484375,-0.3662109375,-0.03662109375,0.62255859375,0.048828125,1.171875,-0.15869140625,0.45166015625,-0.146484375,-0.2197265625,0.2197265625,0.74462890625,-0.10986328125,0.9033203125,-0.18310546875,0.42724609375,0.37841796875,0.57373046875,-0.09765625,0.1220703125,-0.10986328125,0.244140625,0.244140625,1.03759765625,-0.048828125,0.244140625,-0.32958984375,0.20751953125,0.2197265625,0.30517578125,-0.048828125,0.84228515625,-0.0244140625,-0.01220703125,0.3173828125,1.35498046875,0.18310546875,-0.9765625,0.048828125,-0.30517578125,-0.1953125,-0.9765625,-0.09765625,-0.76904296875,0,-1.46484375,-0.1708984375,-0.25634765625,0.390625,-0.30517578125,-0.1220703125,-1.23291015625,-0.146484375,-0.18310546875,-0.1953125,0.048828125,-0.1953125,-0.5126953125,-0.08544921875,0.62255859375,0.15869140625,-0.7568359375,0.18310546875,-1.47705078125,-0.25634765625,-1.03759765625,-0.048828125,0.37841796875,-0.15869140625,0.20751953125,0.0244140625,0.06103515625,-0.0732421875,-0.0732421875,-0.146484375,-0.048828125,-0.1220703125,0.03662109375,-0.08544921875,0.8056640625,-0.03662109375,-0.439453125,0.01220703125,-0.47607421875
0,0.03662109375,-0.3662109375,-0.146484375,-0.28076171875,-0.146484375,-0.3173828125,-0.0732421875,0.03662109375,0.1708984375,-0.20751953125,-0.03662109375,-0.98876953125,-0.2685546875,0.9033203125,-0.146484375,-0.42724609375,0.25634765625,-0.93994140625,0.09765625,-0.50048828125,-0.18310546875,0.4638671875,0.48828125,-1.513671875,-0.09765625,-0.2197265625,-0.13427734375,-0.732421875,0.18310546875,0.9033203125,0.0732421875,0.244140625,0.25634765625,-0.2685546875,0.09765625,-0.86669921875,-0.25634765625,-0.45166015625,-0.1708984375,-0.64697265625,-0.2197265625,-0.1708984375,-0.3173828125,-0.64697265625,-0.1708984375,-0.3662109375,-0.06103515625,0.59814453125,0.06103515625,1.18408203125,-0.10986328125,0.45166015625,-0.1708984375,-0.20751953125,0.29296875,0.72021484375,-0.0732421875,0.86669921875,-0.2197265625,0.45166015625,0.32958984375,0.54931640625,-0.09765625,0.10986328125,0.08544921875,0.25634765625,0.3173828125,1.03759765625,-0.048828125,0.2685546875,-0.3173828125,0.1953125,0.23193359375,0.3173828125,-0.03662109375,0.86669921875,-0.03662109375,0,0.28076171875,1.3427734375,0.15869140625,-0.96435546875,-0.01220703125,-0.32958984375,-0.146484375,-0.9765625,-0.15869140625,-0.78125,0.0244140625,-1.4892578125,-0.1953125,-0.28076171875,0.29296875,-0.29296875,-0.08544921875,-1.23291015625,-0.146484375,-0.3173828125,-0.25634765625,-0.10986328125,-0.0732421875,-0.57373046875,-0.09765625,0.48828125,0.28076171875,-0.78125,0.18310546875,-1.47705078125,-0.25634765625,-1.03759765625,-0.08544921875,0.40283203125,-0.18310546875,0.23193359375,0.048828125,0.06103515625,-0.0732421875,-0.08544921875,-0.13427734375,-0.048828125,-0.146484375,0.03662109375,-0.08544921875,0.81787109375,-0.01220703125,-0.45166015625,-0.0244140625,-0.47607421875
0,0.01220703125,-0.35400390625,-0.146484375,-0.25634765625,-0.10986328125,-0.32958984375,-0.09765625,0.03662109375,0.146484375,-0.20751953125,-0.0732421875,-1.0009765625,-0.29296875,0.91552734375,-0.146484375,-0.4150390625,0.28076171875,-0.96435546875,0.03662109375,-0.50048828125,-0.06103515625,0.50048828125,0.3173828125,-1.4892578125,-0.03662109375,-0.2197265625,-0.146484375,-0.7568359375,0.20751953125,0.89111328125,0.08544921875,0.244140625,0.2685546875,-0.29296875,0.0244140625,-0.86669921875,-0.2197265625,-0.4638671875,-0.15869140625,-0.634765625,-0.09765625,-0.18310546875,-0.341796875,-0.6591796875,-0.13427734375,-0.37841796875,-0.0732421875,0.6103515625,0.03662109375,1.1962890625,-0.048828125,0.4638671875,-0.18310546875,-0.20751953125,0.4150390625,0.732421875,-0.03662109375,0.81787109375,-0.244140625,0.47607421875,0.3173828125,0.52490234375,-0.09765625,0.1220703125,0.1708984375,0.2685546875,0.3662109375,1.025390625,-0.048828125,0.2685546875,-0.25634765625,0.1953125,0.23193359375,0.30517578125,-0.03662109375,0.87890625,-0.03662109375,0,0.2685546875,1.3671875,0.146484375,-0.9765625,-0.0732421875,-0.3173828125,-0.0244140625,-0.96435546875,-0.20751953125,-0.7568359375,0.06103515625,-1.47705078125,-0.1708984375,-0.29296875,0.15869140625,-0.30517578125,-0.03662109375,-1.23291015625,-0.1220703125,-0.4638671875,-0.244140625,-0.2685546875,0.0244140625,-0.6103515625,-0.09765625,0.35400390625,0.3662109375,-0.76904296875,0.1708984375,-1.45263671875,-0.20751953125,-1.025390625,-0.06103515625,0.42724609375,-0.15869140625,0.20751953125,0.048828125,0.0244140625,-0.08544921875,-0.1220703125,-0.1220703125,-0.03662109375,-0.146484375,0.048828125,-0.0732421875,0.81787109375,0.01220703125,-0.439453125,-0.048828125,-0.4638671875
0,-0.01220703125,-0.35400390625,-0.1708984375,-0.2685546875,-0.09765625,-0.35400390625,-0.1220703125,0.03662109375,0.146484375,-0.1953125,-0.08544921875,-1.01318359375,-0.28076171875,0.9033203125,-0.146484375,-0.439453125,0.28076171875,-0.927734375,-0.06103515625,-0.45166015625,0,0.59814453125,0.0244140625,-1.3427734375,0.06103515625,-0.20751953125,-0.1708984375,-0.79345703125,0.20751953125,0.89111328125,0.08544921875,0.2197265625,0.28076171875,-0.3173828125,-0.0244140625,-0.86669921875,-0.18310546875,-0.4638671875,-0.1708984375,-0.634765625,0.03662109375,-0.15869140625,-0.3173828125,-0.67138671875,-0.08544921875,-0.37841796875,-0.0732421875,0.62255859375,0,1.1962890625,0,0.4638671875,-0.1708984375,-0.18310546875,0.52490234375,0.74462890625,0.01220703125,0.78125,-0.30517578125,0.47607421875,0.244140625,0.50048828125,-0.08544921875,0.09765625,0.1708984375,0.244140625,0.4150390625,1.025390625,-0.08544921875,0.2685546875,-0.1953125,0.20751953125,0.28076171875,0.29296875,-0.06103515625,0.89111328125,-0.06103515625,-0.01220703125,0.244140625,1.35498046875,0.15869140625,-0.9765625,-0.13427734375,-0.3173828125,0.048828125,-0.93994140625,-0.1953125,-0.76904296875,0.08544921875,-1.46484375,-0.1220703125,-0.28076171875,0.03662109375,-0.29296875,0.01220703125,-1.23291015625,-0.13427734375,-0.54931640625,-0.18310546875,-0.341796875,0.08544921875,-0.537109375,-0.0732421875,0.244140625,0.390625,-0.7568359375,0.146484375,-1.45263671875,-0.146484375,-1.03759765625,-0.0244140625,0.439453125,-0.146484375,0.1953125,0.06103515625,-0.0244140625,-0.0732421875,-0.13427734375,-0.10986328125,-0.048828125,-0.13427734375,0.01220703125,-0.048828125,0.81787109375,-0.0244140625,-0.45166015625,-0.06103515625,-0.47607421875
0,-0.03662109375,-0.3662109375,-0.1708984375,-0.2685546875,-0.03662109375,-0.390625,-0.13427734375,0.03662109375,0.1220703125,-0.20751953125,-0.10986328125,-1.01318359375,-0.28076171875,0.9033203125,-0.09765625,-0.439453125,0.23193359375,-0.830078125,-0.1953125,-0.32958984375,-0.01220703125,0.68359375,-0.37841796875,-1.13525390625,0.18310546875,-0.1953125,-0.23193359375,-0.79345703125,0.1953125,0.87890625,0.03662109375,0.2197265625,0.20751953125,-0.35400390625,-0.0732421875,-0.87890625,-0.15869140625,-0.4638671875,-0.10986328125,-0.64697265625,0.09765625,-0.18310546875,-0.244140625,-0.6591796875,-0.0244140625,-0.37841796875,-0.15869140625,0.6103515625,-0.048828125,1.1962890625,0.09765625,0.48828125,-0.15869140625,-0.1708984375,0.5615234375,0.74462890625,0.0244140625,0.72021484375,-0.3173828125,0.4638671875,0.13427734375,0.48828125,-0.0732421875,0.13427734375,0.1953125,0.244140625,0.4638671875,1.025390625,-0.09765625,0.2685546875,-0.15869140625,0.20751953125,0.3173828125,0.29296875,-0.048828125,0.87890625,-0.06103515625,0.01220703125,0.2197265625,1.3427734375,0.15869140625,-0.9765625,-0.18310546875,-0.32958984375,0.10986328125,-0.96435546875,-0.146484375,-0.79345703125,0.06103515625,-1.46484375,-0.1220703125,-0.2685546875,-0.1220703125,-0.29296875,0.03662109375,-1.2451171875,-0.1708984375,-0.50048828125,-0.146484375,-0.3173828125,0.146484375,-0.32958984375,-0.03662109375,0.2685546875,0.30517578125,-0.7568359375,0.1220703125,-1.45263671875,-0.0732421875,-1.01318359375,0.01220703125,0.439453125,-0.13427734375,0.15869140625,0.10986328125,-0.09765625,-0.048828125,-0.18310546875,-0.1220703125,-0.06103515625,-0.1220703125,0.0244140625,-0.06103515625,0.81787109375,0.01220703125,-0.45166015625,-0.08544921875,-0.48828125
0,-0.0244140625,-0.390625,-0.146484375,-0.25634765625,-0.0244140625,-0.4150390625,-0.146484375,0.0244140625,0.1220703125,-0.1953125,-0.08544921875,-1.0009765625,-0.29296875,0.89111328125,-0.08544921875,-0.439453125,0.20751953125,-0.6591796875,-0.146484375,-0.146484375,0,0.830078125,-0.52490234375,-0.87890625,0.25634765625,-0.15869140625,-0.25634765625,-0.8056640625,0.18310546875,0.9033203125,-0.03662109375,0.2197265625,0.03662109375,-0.3662109375,-0.1220703125,-0.87890625,-0.0732421875,-0.4638671875,-0.146484375,-0.634765625,0.09765625,-0.18310546875,-0.146484375,-0.67138671875,0.06103515625,-0.37841796875,-0.146484375,0.634765625,-0.1220703125,1.1962890625,0.15869140625,0.5126953125,-0.13427734375,-0.15869140625,0.6103515625,0.76904296875,0.03662109375,0.6591796875,-0.30517578125,0.4638671875,0.03662109375,0.48828125,-0.09765625,0.15869140625,0.18310546875,0.2685546875,0.45166015625,1.025390625,-0.13427734375,0.244140625,-0.1220703125,0.23193359375,0.341796875,0.28076171875,-0.09765625,0.89111328125,-0.08544921875,0.0244140625,0.2197265625,1.35498046875,0.146484375,-0.96435546875,-0.1708984375,-0.32958984375,0.146484375,-0.9765625,-0.0732421875,-0.78125,-0.01220703125,-1.47705078125,-0.13427734375,-0.25634765625,-0.1708984375,-0.30517578125,-0.0244140625,-1.2451171875,-0.15869140625,-0.32958984375,-0.0244140625,-0.1953125,0.13427734375,0.01220703125,0.06103515625,0.40283203125,0.15869140625,-0.732421875,0.08544921875,-1.46484375,-0.0244140625,-1.01318359375,0.0732421875,0.439453125,-0.1220703125,0.146484375,0.09765625,-0.15869140625,-0.0732421875,-0.18310546875,-0.1220703125,-0.08544921875,-0.10986328125,0.01220703125,-0.06103515625,0.84228515625,0,-0.48828125,-0.08544921875,-0.48828125
0,-0.03662109375,-0.40283203125,-0.1708984375,-0.28076171875,0.03662109375,-0.439453125,-0.1220703125,0,0.10986328125,-0.20751953125,-0.13427734375,-1.0009765625,-0.29296875,0.9033203125,-0.06103515625,-0.439453125,0.10986328125,-0.42724609375,-0.15869140625,0.0244140625,-0.09765625,0.98876953125,-0.54931640625,-0.59814453125,0.2685546875,-0.15869140625,-0.23193359375,-0.81787109375,0.15869140625,0.91552734375,-0.08544921875,0.23193359375,-0.1220703125,-0.390625,-0.15869140625,-0.84228515625,0,-0.4638671875,-0.13427734375,-0.634765625,0.0244140625,-0.15869140625,-0.0732421875,-0.6591796875,0.15869140625,-0.3662109375,-0.146484375,0.634765625,-0.10986328125,1.1962890625,0.20751953125,0.52490234375,-0.13427734375,-0.15869140625,0.6103515625,0.76904296875,0.01220703125,0.6591796875,-0.28076171875,0.45166015625,-0.08544921875,0.537109375,-0.10986328125,0.18310546875,0.244140625,0.29296875,0.4150390625,1.025390625,-0.1220703125,0.2197265625,-0.10986328125,0.25634765625,0.4150390625,0.29296875,-0.1708984375,0.86669921875,-0.1220703125,0.03662109375,0.2197265625,1.3427734375,0.1708984375,-0.96435546875,-0.18310546875,-0.3173828125,0.13427734375,-0.9765625,0.0244140625,-0.78125,-0.048828125,-1.47705078125,-0.15869140625,-0.2685546875,-0.10986328125,-0.30517578125,-0.09765625,-1.23291015625,-0.1953125,0.01220703125,0.06103515625,0.09765625,0.09765625,0.537109375,0.048828125,0.68359375,-0.01220703125,-0.7080078125,0.01220703125,-1.4404296875,-0.01220703125,-1.01318359375,0.09765625,0.42724609375,-0.1220703125,0.146484375,0.1220703125,-0.2197265625,-0.0732421875,-0.2197265625,-0.10986328125,-0.10986328125,-0.10986328125,0.01220703125,-0.048828125,0.84228515625,0.0244140625,-0.5126953125,-0.08544921875,-0.47607421875
0,-0.01220703125,-0.390625,-0.15869140625,-0.30517578125,0.06103515625,-0.4638671875,-0.10986328125,-0.01220703125,0.10986328125,-0.18310546875,-0.1220703125,-1.0009765625,-0.29296875,0.87890625,-0.0244140625,-0.47607421875,0.0244140625,-0.20751953125,-0.0732421875,0.23193359375,-0.2197265625,1.11083984375,-0.42724609375,-0.37841796875,0.2197265625,-0.1220703125,-0.23193359375,-0.8056640625,0.0732421875,0.91552734375,-0.20751953125,0.23193359375,-0.30517578125,-0.37841796875,-0.2197265625,-0.830078125,0.048828125,-0.45166015625,-0.18310546875,-0.62255859375,-0.0244140625,-0.15869140625,0,-0.64697265625,0.20751953125,-0.3662109375,-0.1220703125,0.64697265625,-0.08544921875,1.171875,0.2197265625,0.537109375,-0.13427734375,-0.15869140625,0.5859375,0.76904296875,-0.01220703125,0.62255859375,-0.18310546875,0.439453125,-0.18310546875,0.54931640625,-0.13427734375,0.1953125,0.29296875,0.30517578125,0.4150390625,1.025390625,-0.13427734375,0.1953125,-0.09765625,0.2685546875,0.390625,0.3173828125,-0.2197265625,0.830078125,-0.09765625,0.048828125,0.20751953125,1.35498046875,0.1953125,-0.96435546875,-0.15869140625,-0.3173828125,0.146484375,-0.98876953125,0.1220703125,-0.79345703125,-0.0244140625,-1.46484375,-0.18310546875,-0.25634765625,0.01220703125,-0.32958984375,-0.20751953125,-1.23291015625,-0.13427734375,0.48828125,0.146484375,0.52490234375,0.09765625,1.15966796875,0.06103515625,1.11083984375,-0.15869140625,-0.67138671875,-0.03662109375,-1.4404296875,-0.03662109375,-1.01318359375,0.10986328125,0.390625,-0.146484375,0.146484375,0.146484375,-0.25634765625,-0.08544921875,-0.2197265625,-0.09765625,-0.1220703125,-0.10986328125,0.03662109375,-0.048828125,0.8056640625,0.03662109375,-0.52490234375,-0.09765625,-0.47607421875
0,-0.01220703125,-0.390625,-0.1953125,-0.30517578125,0.1220703125,-0.47607421875,-0.10986328125,0,0.09765625,-0.1953125,-0.1220703125,-1.0009765625,-0.28076171875,0.9033203125,-0.0244140625,-0.47607421875,-0.0732421875,0.03662109375,0.08544921875,0.42724609375,-0.32958984375,1.2451171875,-0.13427734375,-0.1953125,0.13427734375,-0.1220703125,-0.2197265625,-0.78125,0.01220703125,0.927734375,-0.28076171875,0.23193359375,-0.35400390625,-0.37841796875,-0.23193359375,-0.830078125,0.06103515625,-0.4150390625,-0.2685546875,-0.634765625,-0.06103515625,-0.13427734375,0.0244140625,-0.634765625,0.2197265625,-0.3662109375,-0.08544921875,0.6591796875,-0.06103515625,1.15966796875,0.244140625,0.5126953125,-0.1220703125,-0.15869140625,0.57373046875,0.78125,-0.06103515625,0.634765625,-0.09765625,0.45166015625,-0.3173828125,0.5859375,-0.0732421875,0.2197265625,0.29296875,0.3173828125,0.32958984375,1.03759765625,-0.10986328125,0.1953125,-0.08544921875,0.28076171875,0.35400390625,0.32958984375,-0.2685546875,0.830078125,-0.08544921875,0.048828125,0.18310546875,1.3671875,0.20751953125,-0.9521484375,-0.09765625,-0.32958984375,0.15869140625,-1.0009765625,0.18310546875,-0.78125,0.03662109375,-1.47705078125,-0.23193359375,-0.2197265625,0.1708984375,-0.32958984375,-0.2685546875,-1.23291015625,-0.048828125,1.0986328125,0.1953125,1.06201171875,-0.06103515625,1.904296875,0.03662109375,1.611328125,-0.23193359375,-0.68359375,-0.08544921875,-1.45263671875,-0.10986328125,-1.01318359375,0.1220703125,0.37841796875,-0.13427734375,0.13427734375,0.15869140625,-0.2685546875,-0.0732421875,-0.20751953125,-0.08544921875,-0.1220703125,-0.09765625,0.01220703125,-0.06103515625,0.78125,0.0244140625,-0.52490234375,-0.10986328125,-0.47607421875
0,-0.01220703125,-0.40283203125,-0.18310546875,-0.3173828125,0.18310546875,-0.439453125,-0.09765625,0,0.10986328125,-0.1708984375,-0.1220703125,-1.01318359375,-0.28076171875,0.89111328125,0,-0.47607421875,-0.18310546875,0.2685546875,0.146484375,0.6103515625,-0.4638671875,1.3671875,0.10986328125,-0.13427734375,0.048828125,-0.13427734375,-0.1708984375,-0.76904296875,-0.09765625,0.927734375,-0.35400390625,0.23193359375,-0.32958984375,-0.341796875,-0.20751953125,-0.8056640625,0.0732421875,-0.37841796875,-0.29296875,-0.634765625,-0.0732421875,-0.146484375,0.048828125,-0.62255859375,0.2197265625,-0.37841796875,-0.08544921875,0.64697265625,-0.048828125,1.15966796875,0.25634765625,0.5126953125,-0.10986328125,-0.15869140625,0.57373046875,0.76904296875,-0.048828125,0.6591796875,-0.01220703125,0.45166015625,-0.390625,0.62255859375,-0.0244140625,0.244140625,0.3173828125,0.35400390625,0.2197265625,1.06201171875,-0.0732421875,0.20751953125,-0.1220703125,0.28076171875,0.35400390625,0.341796875,-0.29296875,0.830078125,-0.08544921875,0.06103515625,0.15869140625,1.37939453125,0.244140625,-0.9521484375,-0.01220703125,-0.341796875,0.146484375,-0.98876953125,0.23193359375,-0.79345703125,0.06103515625,-1.50146484375,-0.20751953125,-0.20751953125,0.32958984375,-0.32958984375,-0.2685546875,-1.20849609375,0.01220703125,1.7578125,0.18310546875,1.64794921875,-0.2197265625,2.72216796875,-0.01220703125,2.16064453125,-0.23193359375,-0.68359375,-0.1708984375,-1.4404296875,-0.15869140625,-1.03759765625,0.10986328125,0.3662109375,-0.146484375,0.15869140625,0.18310546875,-0.2685546875,-0.08544921875,-0.1953125,-0.08544921875,-0.10986328125,-0.08544921875,0.0244140625,-0.06103515625,0.78125,0,-0.50048828125,-0.1220703125,-0.48828125
0,-0.0244140625,-0.40283203125,-0.18310546875,-0.3173828125,0.2197265625,-0.40283203125,-0.09765625,0,0.10986328125,-0.1708984375,-0.10986328125,-1.01318359375,-0.30517578125,0.89111328125,-0.0244140625,-0.4638671875,-0.18310546875,0.45166015625,0.1953125,0.8056640625,-0.48828125,1.4404296875,0.28076171875,-0.13427734375,-0.048828125,-0.15869140625,-0.1708984375,-0.74462890625,-0.23193359375,0.9033203125,-0.439453125,0.23193359375,-0.23193359375,-0.32958984375,-0.23193359375,-0.8056640625,0.048828125,-0.40283203125,-0.3173828125,-0.6591796875,-0.03662109375,-0.1220703125,-0.06103515625,-0.62255859375,0.20751953125,-0.37841796875,-0.0732421875,0.634765625,-0.03662109375,1.1474609375,0.25634765625,0.50048828125,-0.09765625,-0.18310546875,0.6103515625,0.76904296875,-0.06103515625,0.732421875,0.06103515625,0.42724609375,-0.439453125,0.6591796875,0.03662109375,0.25634765625,0.29296875,0.3662109375,0.10986328125,1.06201171875,-0.06103515625,0.1953125,-0.146484375,0.2685546875,0.28076171875,0.3662109375,-0.341796875,0.81787109375,-0.03662109375,0.06103515625,0.1220703125,1.37939453125,0.23193359375,-0.93994140625,0.048828125,-0.341796875,0.146484375,-1.01318359375,0.20751953125,-0.78125,0.06103515625,-1.513671875,-0.1708984375,-0.2197265625,0.45166015625,-0.3173828125,-0.25634765625,-1.18408203125,0.09765625,2.38037109375,0.13427734375,2.24609375,-0.20751953125,3.52783203125,-0.0244140625,2.74658203125,-0.1708984375,-0.7080078125,-0.2197265625,-1.4404296875,-0.18310546875,-1.03759765625,0.1220703125,0.35400390625,-0.13427734375,0.15869140625,0.18310546875,-0.244140625,-0.08544921875,-0.1708984375,-0.10986328125,-0.10986328125,-0.08544921875,0,-0.048828125,0.74462890625,0.01220703125,-0.50048828125,-0.1220703125,-0.5126953125
0,-0.03662109375,-0.40283203125,-0.15869140625,-0.29296875,0.28076171875,-0.390625,-0.0732421875,0.0244140625,0.08544921875,-0.18310546875,-0.1220703125,-1.01318359375,-0.2685546875,0.9033203125,0.01220703125,-0.45166015625,-0.1220703125,0.59814453125,0.2685546875,0.927734375,-0.390625,1.47705078125,0.390625,-0.18310546875,-0.146484375,-0.20751953125,-0.20751953125,-0.74462890625,-0.3173828125,0.89111328125,-0.42724609375,0.23193359375,-0.048828125,-0.29296875,-0.1708984375,-0.81787109375,0.0244140625,-0.390625,-0.35400390625,-0.67138671875,-0.0244140625,-0.15869140625,-0.18310546875,-0.634765625,0.1953125,-0.3662109375,-0.08544921875,0.62255859375,0.048828125,1.171875,0.25634765625,0.4638671875,-0.03662109375,-0.18310546875,0.64697265625,0.74462890625,-0.0244140625,0.830078125,0.09765625,0.42724609375,-0.5126953125,0.67138671875,0.0732421875,0.244140625,0.20751953125,0.3662109375,0.01220703125,1.06201171875,-0.06103515625,0.23193359375,-0.1953125,0.25634765625,0.244140625,0.35400390625,-0.341796875,0.84228515625,0,0.06103515625,0.06103515625,1.3916015625,0.244140625,-0.927734375,0.08544921875,-0.341796875,0.146484375,-0.98876953125,0.146484375,-0.79345703125,0.0732421875,-1.50146484375,-0.08544921875,-0.20751953125,0.48828125,-0.29296875,-0.1708984375,-1.171875,0.146484375,2.978515625,0.09765625,2.783203125,-0.15869140625,4.296875,-0.0732421875,3.271484375,-0.0732421875,-0.7080078125,-0.25634765625,-1.4404296875,-0.1953125,-1.07421875,0.1220703125,0.35400390625,-0.10986328125,0.18310546875,0.18310546875,-0.20751953125,-0.0732421875,-0.1708984375,-0.10986328125,-0.09765625,-0.0732421875,-0.01220703125,-0.048828125,0.7568359375,0.01220703125,-0.47607421875,-0.1220703125,-0.5126953125
0,-0.0244140625,-0.390625,-0.18310546875,-0.28076171875,0.3173828125,-0.32958984375,-0.0732421875,0.0244140625,0.06103515625,-0.18310546875,-0.10986328125,-1.0009765625,-0.244140625,0.89111328125,0.01220703125,-0.42724609375,-0.06103515625,0.67138671875,0.30517578125,1.0498046875,-0.1953125,1.513671875,0.37841796875,-0.25634765625,-0.20751953125,-0.244140625,-0.25634765625,-0.72021484375,-0.390625,0.86669921875,-0.37841796875,0.2197265625,0.18310546875,-0.29296875,-0.1708984375,-0.79345703125,-0.0244140625,-0.390625,-0.35400390625,-0.69580078125,-0.0244140625,-0.13427734375,-0.2685546875,-0.62255859375,0.18310546875,-0.35400390625,-0.06103515625,0.59814453125,0.1220703125,1.18408203125,0.23193359375,0.47607421875,-0.0244140625,-0.20751953125,0.6591796875,0.72021484375,0.01220703125,0.89111328125,0.0732421875,0.439453125,-0.537109375,0.68359375,0.08544921875,0.244140625,0.146484375,0.35400390625,-0.08544921875,1.06201171875,-0.03662109375,0.23193359375,-0.244140625,0.23193359375,0.2197265625,0.32958984375,-0.341796875,0.89111328125,0.09765625,0.0244140625,-0.01220703125,1.3916015625,0.25634765625,-0.93994140625,0.146484375,-0.3662109375,0.10986328125,-0.9765625,0.03662109375,-0.78125,0.06103515625,-1.50146484375,-0.0244140625,-0.20751953125,0.4638671875,-0.2685546875,-0.08544921875,-1.18408203125,0.1708984375,3.4423828125,0.1220703125,3.23486328125,-0.1220703125,4.99267578125,-0.10986328125,3.7353515625,0,-0.72021484375,-0.23193359375,-1.42822265625,-0.18310546875,-1.06201171875,0.09765625,0.3662109375,-0.10986328125,0.18310546875,0.18310546875,-0.15869140625,-0.0732421875,-0.15869140625,-0.10986328125,-0.08544921875,-0.10986328125,0,-0.0244140625,0.76904296875,0.06103515625,-0.47607421875,-0.146484375,-0.50048828125
1,-0.0732421875,-0.390625,-0.15869140625,-0.2685546875,0.341796875,-0.30517578125,-0.09765625,0.03662109375,0.0732421875,-0.20751953125,-0.09765625,-0.98876953125,-0.2197265625,0.91552734375,0.06103515625,-0.439453125,0,0.68359375,0.23193359375,1.08642578125,0,1.50146484375,0.29296875,-0.32958984375,-0.2197265625,-0.28076171875,-0.30517578125,-0.732421875,-0.4638671875,0.8544921875,-0.3173828125,0.20751953125,0.3662109375,-0.30517578125,-0.1220703125,-0.81787109375,-0.0732421875,-0.40283203125,-0.4150390625,-0.7080078125,-0.0732421875,-0.18310546875,-0.3662109375,-0.64697265625,0.15869140625,-0.3662109375,-0.08544921875,0.6103515625,0.09765625,1.171875,0.1953125,0.42724609375,-0.0244140625,-0.2197265625,0.634765625,0.732421875,0.06103515625,1.0009765625,0.1220703125,0.45166015625,-0.5126953125,0.67138671875,0.0732421875,0.244140625,0.048828125,0.32958984375,-0.146484375,1.06201171875,-0.048828125,0.2685546875,-0.29296875,0.2197265625,0.10986328125,0.30517578125,-0.32958984375,0.89111328125,0.15869140625,0.03662109375,-0.09765625,1.37939453125,0.23193359375,-0.96435546875,0.146484375,-0.3662109375,0.06103515625,-0.96435546875,-0.10986328125,-0.78125,0.03662109375,-1.513671875,0.0732421875,-0.244140625,0.35400390625,-0.25634765625,0.03662109375,-1.171875,0.15869140625,3.80859375,0.09765625,3.60107421875,-0.0244140625,5.52978515625,-0.2197265625,4.06494140625,0.06103515625,-0.74462890625,-0.1708984375,-1.4404296875,-0.18310546875,-1.06201171875,0.01220703125,0.390625,-0.1220703125,0.1953125,0.20751953125,-0.1220703125,-0.0732421875,-0.18310546875,-0.10986328125,-0.06103515625,-0.10986328125,-0.01220703125,-0.0244140625,0.7568359375,0.06103515625,-0.4638671875,-0.15869140625,-0.52490234375
1,-0.0732421875,-0.3662109375,-0.18310546875,-0.29296875,0.390625,-0.29296875,-0.10986328125,0.01220703125,0.048828125,-0.1953125,-0.09765625,-1.01318359375,-0.2197265625,0.927734375,0.09765625,-0.439453125,0.09765625,0.6591796875,0.15869140625,1.07421875,0.15869140625,1.50146484375,0.15869140625,-0.341796875,-0.244140625,-0.2685546875,-0.35400390625,-0.7568359375,-0.4150390625,0.81787109375,-0.18310546875,0.20751953125,0.50048828125,-0.32958984375,-0.0244140625,-0.830078125,-0.15869140625,-0.4150390625,-0.4150390625,-0.76904296875,-0.13427734375,-0.18310546875,-0.35400390625,-0.6591796875,0.146484375,-0.390625,-0.08544921875,0.57373046875,0.08544921875,1.171875,0.1220703125,0.4150390625,-0.06103515625,-0.18310546875,0.5615234375,0.72021484375,0.15869140625,1.0986328125,0.09765625,0.47607421875,-0.47607421875,0.64697265625,0.048828125,0.2197265625,0.0244140625,0.29296875,-0.2197265625,1.06201171875,-0.03662109375,0.28076171875,-0.29296875,0.20751953125,0.0244140625,0.28076171875,-0.29296875,0.927734375,0.2197265625,0.0244140625,-0.1953125,1.3671875,0.18310546875,-0.96435546875,0.1220703125,-0.390625,0.03662109375,-0.98876953125,-0.23193359375,-0.78125,0.0244140625,-1.52587890625,0.18310546875,-0.25634765625,0.23193359375,-0.244140625,0.18310546875,-1.18408203125,0.08544921875,4.04052734375,0.08544921875,3.8818359375,0.0244140625,5.9814453125,-0.3662109375,4.296875,0.08544921875,-0.7568359375,-0.06103515625,-1.4404296875,-0.15869140625,-1.06201171875,-0.09765625,0.4150390625,-0.10986328125,0.20751953125,0.23193359375,-0.09765625,-0.0732421875,-0.1953125,-0.0732421875,-0.06103515625,-0.10986328125,0,-0.01220703125,0.8056640625,0.08544921875,-0.4638671875,-0.18310546875,-0.52490234375
1,-0.08544921875,-0.3662109375,-0.18310546875,-0.29296875,0.45166015625,-0.28076171875,-0.10986328125,0.0244140625,0.03662109375,-0.1953125,-0.10986328125,-1.01318359375,-0.2197265625,0.93994140625,0.10986328125,-0.47607421875,0.1708984375,0.59814453125,0.09765625,1.03759765625,0.244140625,1.47705078125,0.01220703125,-0.37841796875,-0.1953125,-0.25634765625,-0.390625,-0.79345703125,-0.35400390625,0.81787109375,-0.1220703125,0.20751953125,0.52490234375,-0.390625,0.048828125,-0.830078125,-0.25634765625,-0.4638671875,-0.35400390625,-0.78125,-0.20751953125,-0.1708984375,-0.30517578125,-0.64697265625,0.0732421875,-0.42724609375,-0.13427734375,0.6103515625,0.03662109375,1.171875,0.06103515625,0.45166015625,-0.0732421875,-0.15869140625,0.47607421875,0.7080078125,0.2685546875,1.18408203125,0.08544921875,0.47607421875,-0.3662109375,0.64697265625,-0.0244140625,0.2197265625,-0.01220703125,0.2685546875,-0.30517578125,1.0498046875,-0.03662109375,0.28076171875,-0.3173828125,0.1953125,0,0.28076171875,-0.2685546875,0.87890625,0.244140625,0.01220703125,-0.20751953125,1.35498046875,0.13427734375,-0.98876953125,0.09765625,-0.3662109375,-0.048828125,-0.9765625,-0.341796875,-0.78125,0.048828125,-1.52587890625,0.25634765625,-0.2685546875,0.146484375,-0.28076171875,0.2685546875,-1.18408203125,-0.01220703125,4.13818359375,0.048828125,4.01611328125,0.0732421875,6.23779296875,-0.45166015625,4.43115234375,0.08544921875,-0.74462890625,0.06103515625,-1.46484375,-0.13427734375,-1.03759765625,-0.1708984375,0.4150390625,-0.08544921875,0.18310546875,0.23193359375,-0.08544921875,-0.0732421875,-0.2197265625,-0.0732421875,-0.048828125,-0.1220703125,-0.01220703125,-0.01220703125,0.81787109375,0.048828125,-0.47607421875,-0.1953125,-0.52490234375
1,-0.09765625,-0.35400390625,-0.1953125,-0.3173828125,0.47607421875,-0.29296875,-0.08544921875,0.01220703125,0.048828125,-0.1953125,-0.1220703125,-0.98876953125,-0.20751953125,0.9521484375,0.146484375,-0.47607421875,0.18310546875,0.5126953125,0.06103515625,0.98876953125,0.28076171875,1.416015625,-0.1220703125,-0.37841796875,-0.13427734375,-0.23193359375,-0.390625,-0.8056640625,-0.244140625,0.81787109375,-0.06103515625,0.20751953125,0.439453125,-0.390625,0.146484375,-0.84228515625,-0.29296875,-0.50048828125,-0.35400390625,-0.79345703125,-0.28076171875,-0.18310546875,-0.25634765625,-0.6591796875,-0.0244140625,-0.40283203125,-0.13427734375,0.5859375,-0.03662109375,1.15966796875,0.048828125,0.4638671875,-0.09765625,-0.13427734375,0.40283203125,0.72021484375,0.32958984375,1.28173828125,0.0732421875,0.47607421875,-0.30517578125,0.59814453125,-0.06103515625,0.20751953125,-0.15869140625,0.244140625,-0.32958984375,1.03759765625,-0.0244140625,0.28076171875,-0.30517578125,0.1708984375,-0.0244140625,0.2685546875,-0.244140625,0.87890625,0.244140625,0.01220703125,-0.25634765625,1.35498046875,0.0732421875,-0.96435546875,0.0244140625,-0.3662109375,-0.09765625,-0.9521484375,-0.37841796875,-0.78125,0.048828125,-1.513671875,0.28076171875,-0.28076171875,0.08544921875,-0.28076171875,0.32958984375,-1.18408203125,-0.048828125,4.150390625,0.03662109375,4.0771484375,0.10986328125,6.38427734375,-0.4150390625,4.47998046875,0.0732421875,-0.72021484375,0.1708984375,-1.47705078125,-0.13427734375,-1.03759765625,-0.2197265625,0.40283203125,-0.06103515625,0.18310546875,0.244140625,-0.10986328125,-0.0732421875,-0.23193359375,-0.06103515625,-0.048828125,-0.10986328125,-0.01220703125,-0.03662109375,0.8056640625,0.048828125,-0.48828125,-0.2197265625,-0.52490234375
1,-0.09765625,-0.37841796875,-0.18310546875,-0.32958984375,0.5126953125,-0.29296875,-0.09765625,0.01220703125,0.0732421875,-0.1708984375,-0.09765625,-1.0009765625,-0.2197265625,0.96435546875,0.1708984375,-0.48828125,0.23193359375,0.42724609375,0.08544921875,0.89111328125,0.25634765625,1.3916015625,-0.146484375,-0.341796875,-0.0732421875,-0.20751953125,-0.341796875,-0.830078125,-0.146484375,0.830078125,-0.048828125,0.2197265625,0.341796875,-0.40283203125,0.2685546875,-0.84228515625,-0.30517578125,-0.5126953125,-0.32958984375,-0.76904296875,-0.30517578125,-0.18310546875,-0.146484375,-0.6591796875,-0.09765625,-0.40283203125,-0.10986328125,0.62255859375,-0.03662109375,1.13525390625,0.0244140625,0.47607421875,-0.15869140625,-0.10986328125,0.3662109375,0.72021484375,0.40283203125,1.318359375,0.0732421875,0.4638671875,-0.2197265625,0.5859375,-0.0244140625,0.1953125,-0.1953125,0.1953125,-0.40283203125,1.03759765625,0,0.244140625,-0.30517578125,0.1708984375,-0.08544921875,0.244140625,-0.2197265625,0.89111328125,0.2197265625,0.01220703125,-0.23193359375,1.3427734375,0.0244140625,-0.9765625,-0.048828125,-0.32958984375,-0.15869140625,-0.9521484375,-0.32958984375,-0.78125,0.06103515625,-1.50146484375,0.25634765625,-0.29296875,0.09765625,-0.30517578125,0.29296875,-1.20849609375,-0.18310546875,4.06494140625,-0.0244140625,4.04052734375,0.0244140625,6.3720703125,-0.341796875,4.43115234375,0.0732421875,-0.72021484375,0.20751953125,-1.4892578125,-0.13427734375,-1.025390625,-0.1708984375,0.4150390625,-0.06103515625,0.1708984375,0.25634765625,-0.13427734375,-0.0732421875,-0.244140625,-0.048828125,-0.06103515625,-0.09765625,-0.048828125,-0.0244140625,0.81787109375,0.06103515625,-0.48828125,-0.23193359375,-0.52490234375
1,-0.09765625,-0.35400390625,-0.20751953125,-0.3173828125,0.52490234375,-0.30517578125,-0.09765625,0.0244140625,0.0732421875,-0.146484375,-0.08544921875,-0.9765625,-0.20751953125,0.93994140625,0.1953125,-0.48828125,0.18310546875,0.3662109375,0.03662109375,0.79345703125,0.048828125,1.35498046875,-0.15869140625,-0.32958984375,-0.0244140625,-0.15869140625,-0.25634765625,-0.81787109375,-0.048828125,0.87890625,-0.08544921875,0.23193359375,0.2197265625,-0.37841796875,0.2685546875,-0.86669921875,-0.2685546875,-0.48828125,-0.30517578125,-0.78125,-0.3173828125,-0.1708984375,-0.08544921875,-0.6591796875,-0.1708984375,-0.390625,-0.0732421875,0.62255859375,-0.03662109375,1.123046875,0.01220703125,0.48828125,-0.23193359375,-0.08544921875,0.35400390625,0.7568359375,0.4150390625,1.40380859375,0.1220703125,0.4638671875,-0.09765625,0.54931640625,0,0.1708984375,-0.23193359375,0.1953125,-0.4150390625,1.0498046875,0.03662109375,0.20751953125,-0.29296875,0.1953125,-0.1708984375,0.244140625,-0.1953125,0.84228515625,0.2197265625,0,-0.15869140625,1.3427734375,0,-0.9765625,-0.10986328125,-0.3173828125,-0.20751953125,-0.96435546875,-0.28076171875,-0.78125,0.08544921875,-1.47705078125,0.18310546875,-0.28076171875,0.18310546875,-0.30517578125,0.13427734375,-1.20849609375,-0.2197265625,3.9794921875,-0.13427734375,3.94287109375,-0.06103515625,6.26220703125,-0.1953125,4.345703125,0.09765625,-0.7080078125,0.2197265625,-1.47705078125,-0.1220703125,-1.01318359375,-0.146484375,0.40283203125,-0.06103515625,0.15869140625,0.244140625,-0.1708984375,-0.06103515625,-0.23193359375,-0.048828125,-0.0732421875,-0.1220703125,-0.0244140625,-0.03662109375,0.81787109375,0.048828125,-0.50048828125,-0.2197265625,-0.52490234375
1,-0.1220703125,-0.3662109375,-0.18310546875,-0.30517578125,0.5859375,-0.28076171875,-0.0732421875,0.03662109375,0.08544921875,-0.15869140625,-0.09765625,-1.0009765625,-0.1953125,0.927734375,0.244140625,-0.45166015625,0.146484375,0.3173828125,-0.01220703125,0.76904296875,-0.13427734375,1.3671875,-0.1220703125,-0.32958984375,0,-0.13427734375,-0.18310546875,-0.81787109375,0.0244140625,0.9033203125,-0.08544921875,0.23193359375,0.10986328125,-0.37841796875,0.2685546875,-0.86669921875,-0.1953125,-0.47607421875,-0.3173828125,-0.74462890625,-0.28076171875,-0.15869140625,-0.048828125,-0.64697265625,-0.2197265625,-0.390625,-0.048828125,0.6591796875,-0.01220703125,1.123046875,-0.01220703125,0.50048828125,-0.32958984375,-0.09765625,0.341796875,0.7568359375,0.3662109375,1.4404296875,0.15869140625,0.4638671875,-0.03662109375,0.50048828125,0.10986328125,0.1220703125,-0.244140625,0.1953125,-0.390625,1.03759765625,0.09765625,0.1708984375,-0.28076171875,0.1953125,-0.2197265625,0.244140625,-0.15869140625,0.79345703125,0.1953125,0,-0.09765625,1.33056640625,-0.01220703125,-0.9765625,-0.15869140625,-0.30517578125,-0.18310546875,-1.0009765625,-0.146484375,-0.79345703125,0.09765625,-1.47705078125,0.08544921875,-0.2685546875,0.23193359375,-0.30517578125,-0.048828125,-1.23291015625,-0.23193359375,3.82080078125,-0.2197265625,3.79638671875,-0.1220703125,6.04248046875,-0.08544921875,4.2236328125,0.13427734375,-0.7080078125,0.2197265625,-1.47705078125,-0.15869140625,-1.0009765625,-0.0732421875,0.390625,-0.06103515625,0.1708984375,0.25634765625,-0.2197265625,-0.0732421875,-0.2197265625,-0.048828125,-0.0732421875,-0.10986328125,-0.048828125,-0.03662109375,0.78125,0.048828125,-0.50048828125,-0.20751953125,-0.54931640625
1,-0.1220703125,-0.3662109375,-0.1953125,-0.3173828125,0.634765625,-0.25634765625,-0.08544921875,0.048828125,0.06103515625,-0.1708984375,-0.09765625,-0.9765625,-0.20751953125,0.91552734375,0.25634765625,-0.42724609375,0.0732421875,0.29296875,-0.0244140625,0.7080078125,-0.35400390625,1.30615234375,-0.1220703125,-0.341796875,0.01220703125,-0.1220703125,-0.0732421875,-0.830078125,0.03662109375,0.91552734375,-0.08544921875,0.244140625,0.08544921875,-0.35400390625,0.1708984375,-0.86669921875,-0.1220703125,-0.439453125,-0.28076171875,-0.74462890625,-0.23193359375,-0.15869140625,0,-0.6591796875,-0.25634765625,-0.37841796875,-0.01220703125,0.6591796875,0.01220703125,1.13525390625,-0.0244140625,0.50048828125,-0.42724609375,-0.10986328125,0.3173828125,0.7568359375,0.29296875,1.4404296875,0.20751953125,0.45166015625,0.03662109375,0.4638671875,0.1220703125,0.13427734375,-0.2685546875,0.2197265625,-0.37841796875,1.0498046875,0.146484375,0.1708984375,-0.28076171875,0.20751953125,-0.2197265625,0.29296875,-0.15869140625,0.76904296875,0.18310546875,0.01220703125,-0.06103515625,1.33056640625,-0.0244140625,-0.9765625,-0.1953125,-0.29296875,-0.1708984375,-1.0009765625,0,-0.78125,0.146484375,-1.4892578125,0,-0.28076171875,0.25634765625,-0.3173828125,-0.2197265625,-1.25732421875,-0.20751953125,3.64990234375,-0.29296875,3.62548828125,-0.20751953125,5.7373046875,0,4.06494140625,0.15869140625,-0.69580078125,0.10986328125,-1.46484375,-0.1953125,-1.01318359375,-0.01220703125,0.3662109375,-0.0244140625,0.15869140625,0.244140625,-0.23193359375,-0.0732421875,-0.1953125,-0.06103515625,-0.09765625,-0.1220703125,-0.048828125,-0.03662109375,0.79345703125,0.01220703125,-0.50048828125,-0.1708984375,-0.54931640625
1,-0.13427734375,-0.390625,-0.1953125,-0.30517578125,0.68359375,-0.2197265625,-0.08544921875,0.048828125,0.03662109375,-0.18310546875,-0.08544921875,-0.96435546875,-0.20751953125,0.91552734375,0.25634765625,-0.45166015625,0.06103515625,0.28076171875,-0.048828125,0.6591796875,-0.47607421875,1.2939453125,-0.06103515625,-0.3662109375,0.03662109375,-0.1220703125,-0.01220703125,-0.79345703125,0.0244140625,0.9521484375,-0.09765625,0.2685546875,0.08544921875,-0.341796875,0.0732421875,-0.87890625,-0.0244140625,-0.439453125,-0.341796875,-0.732421875,-0.13427734375,-0.15869140625,-0.01220703125,-0.64697265625,-0.20751953125,-0.37841796875,0.03662109375,0.68359375,0.03662109375,1.171875,0.06103515625,0.48828125,-0.5126953125,-0.146484375,0.29296875,0.74462890625,0.2197265625,1.416015625,0.25634765625,0.45166015625,0.0732421875,0.4638671875,0.13427734375,0.08544921875,-0.341796875,0.2685546875,-0.3173828125,1.06201171875,0.2197265625,0.15869140625,-0.29296875,0.2197265625,-0.25634765625,0.30517578125,-0.15869140625,0.74462890625,0.146484375,0.03662109375,-0.01220703125,1.35498046875,-0.06103515625,-0.98876953125,-0.1953125,-0.3173828125,-0.09765625,-1.0009765625,0.08544921875,-0.8056640625,0.20751953125,-1.4892578125,-0.06103515625,-0.28076171875,0.2685546875,-0.30517578125,-0.3662109375,-1.26953125,-0.146484375,3.45458984375,-0.35400390625,3.4423828125,-0.18310546875,5.3955078125,0.048828125,3.90625,0.20751953125,-0.68359375,-0.048828125,-1.46484375,-0.2197265625,-1.03759765625,0.06103515625,0.35400390625,-0.03662109375,0.1708984375,0.244140625,-0.244140625,-0.06103515625,-0.1953125,-0.03662109375,-0.09765625,-0.146484375,-0.048828125,-0.048828125,0.8056640625,0.0244140625,-0.48828125,-0.18310546875,-0.537109375
1,-0.13427734375,-0.37841796875,-0.18310546875,-0.3173828125,0.732421875,-0.18310546875,-0.08544921875,0.048828125,0.03662109375,-0.20751953125,-0.08544921875,-0.98876953125,-0.18310546875,0.9033203125,0.25634765625,-0.42724609375,-0.03662109375,0.2685546875,-0.13427734375,0.634765625,-0.6103515625,1.25732421875,-0.146484375,-0.439453125,0.048828125,-0.13427734375,0.0244140625,-0.79345703125,-0.01220703125,0.927734375,-0.0732421875,0.25634765625,0.06103515625,-0.32958984375,-0.08544921875,-0.8544921875,0.0244140625,-0.4150390625,-0.3173828125,-0.7080078125,0,-0.13427734375,-0.06103515625,-0.64697265625,-0.15869140625,-0.3662109375,0.03662109375,0.67138671875,0.048828125,1.1962890625,0.13427734375,0.48828125,-0.57373046875,-0.1953125,0.2685546875,0.7568359375,0.146484375,1.3916015625,0.28076171875,0.439453125,0.09765625,0.45166015625,0.2197265625,0.08544921875,-0.40283203125,0.29296875,-0.244140625,1.0498046875,0.28076171875,0.15869140625,-0.30517578125,0.2197265625,-0.1953125,0.3173828125,-0.1220703125,0.732421875,0.13427734375,0.03662109375,-0.0244140625,1.35498046875,-0.06103515625,-1.01318359375,-0.15869140625,-0.32958984375,0,-0.98876953125,0.13427734375,-0.81787109375,0.20751953125,-1.46484375,-0.06103515625,-0.25634765625,0.244140625,-0.30517578125,-0.3662109375,-1.26953125,-0.08544921875,3.25927734375,-0.37841796875,3.22265625,-0.1953125,5.029296875,0.10986328125,3.72314453125,0.1953125,-0.7080078125,-0.18310546875,-1.45263671875,-0.20751953125,-1.0498046875,0.146484375,0.37841796875,-0.0244140625,0.1708984375,0.25634765625,-0.25634765625,-0.0732421875,-0.1708984375,-0.0244140625,-0.09765625,-0.1708984375,-0.048828125,-0.03662109375,0.79345703125,0.03662109375,-0.47607421875,-0.1708984375,-0.52490234375
1,-0.13427734375,-0.37841796875,-0.1708984375,-0.3173828125,0.74462890625,-0.146484375,-0.08544921875,0.03662109375,0.03662109375,-0.2197265625,-0.0732421875,-0.96435546875,-0.18310546875,0.9033203125,0.25634765625,-0.439453125,0.01220703125,0.244140625,-0.0732421875,0.59814453125,-0.57373046875,1.23291015625,-0.1708984375,-0.48828125,0.06103515625,-0.13427734375,0.0244140625,-0.7568359375,-0.048828125,0.9521484375,-0.08544921875,0.25634765625,0.0732421875,-0.30517578125,-0.20751953125,-0.84228515625,0.08544921875,-0.42724609375,-0.3173828125,-0.7080078125,0.15869140625,-0.15869140625,-0.08544921875,-0.64697265625,-0.048828125,-0.3662109375,0,0.6591796875,0.01220703125,1.220703125,0.13427734375,0.4638671875,-0.5859375,-0.20751953125,0.25634765625,0.732421875,0.10986328125,1.33056640625,0.29296875,0.439453125,0.15869140625,0.42724609375,0.244140625,0.0732421875,-0.42724609375,0.30517578125,-0.20751953125,1.06201171875,0.30517578125,0.15869140625,-0.32958984375,0.23193359375,-0.146484375,0.341796875,-0.08544921875,0.7568359375,0.1220703125,0.03662109375,0.0244140625,1.3671875,-0.0244140625,-1.0009765625,-0.1220703125,-0.3173828125,0.10986328125,-1.0009765625,0.13427734375,-0.81787109375,0.10986328125,-1.46484375,-0.048828125,-0.244140625,0.1220703125,-0.28076171875,-0.28076171875,-1.28173828125,-0.06103515625,3.06396484375,-0.3662109375,3.01513671875,-0.2197265625,4.65087890625,0.146484375,3.52783203125,0.18310546875,-0.7080078125,-0.29296875,-1.4404296875,-0.1708984375,-1.07421875,0.2197265625,0.37841796875,-0.0244140625,0.18310546875,0.2685546875,-0.23193359375,-0.06103515625,-0.15869140625,-0.01220703125,-0.10986328125,-0.15869140625,-0.03662109375,-0.01220703125,0.79345703125,0.06103515625,-0.4638671875,-0.18310546875,-0.537109375
1,-0.10986328125,-0.37841796875,-0.15869140625,-0.30517578125,0.74462890625,-0.146484375,-0.09765625,0.03662109375,0.03662109375,-0.1953125,-0.06103515625,-0.9521484375,-0.1708984375,0.91552734375,0.25634765625,-0.439453125,0.048828125,0.2197265625,-0.0244140625,0.5615234375,-0.35400390625,1.18408203125,-0.10986328125,-0.6103515625,0.0732421875,-0.1708984375,0.0244140625,-0.74462890625,-0.09765625,0.927734375,-0.10986328125,0.244140625,0.01220703125,-0.3173828125,-0.29296875,-0.84228515625,0.09765625,-0.42724609375,-0.30517578125,-0.72021484375,0.2685546875,-0.1708984375,-0.15869140625,-0.64697265625,0.08544921875,-0.390625,-0.0244140625,0.634765625,-0.03662109375,1.23291015625,0.18310546875,0.4638671875,-0.54931640625,-0.18310546875,0.23193359375,0.72021484375,0.0732421875,1.26953125,0.2685546875,0.439453125,0.13427734375,0.45166015625,0.30517578125,0.0732421875,-0.439453125,0.3173828125,-0.09765625,1.06201171875,0.35400390625,0.1708984375,-0.37841796875,0.23193359375,-0.03662109375,0.32958984375,-0.08544921875,0.7568359375,0.10986328125,0.048828125,0.0244140625,1.3671875,-0.0244140625,-1.01318359375,-0.048828125,-0.35400390625,0.1953125,-0.98876953125,0.09765625,-0.79345703125,0,-1.46484375,0.0244140625,-0.23193359375,-0.03662109375,-0.2685546875,-0.146484375,-1.28173828125,-0.048828125,2.8564453125,-0.29296875,2.81982421875,-0.20751953125,4.296875,0.10986328125,3.3203125,0.09765625,-0.72021484375,-0.32958984375,-1.42822265625,-0.10986328125,-1.07421875,0.2197265625,0.390625,-0.0244140625,0.1953125,0.28076171875,-0.20751953125,-0.06103515625,-0.1708984375,-0.048828125,-0.09765625,-0.1708984375,-0.048828125,0.01220703125,0.78125,0.08544921875,-0.4638671875,-0.1708984375,-0.537109375
1,-0.10986328125,-0.37841796875,-0.146484375,-0.30517578125,0.8056640625,-0.15869140625,-0.09765625,0.0244140625,0.0244140625,-0.18310546875,-0.048828125,-0.98876953125,-0.15869140625,0.91552734375,0.28076171875,-0.45166015625,-0.01220703125,0.1220703125,-0.0244140625,0.48828125,-0.1953125,1.123046875,-0.2197265625,-0.69580078125,0.0732421875,-0.1953125,-0.03662109375,-0.732421875,-0.15869140625,0.86669921875,-0.20751953125,0.23193359375,0.048828125,-0.32958984375,-0.29296875,-0.8544921875,0.09765625,-0.45166015625,-0.29296875,-0.72021484375,0.341796875,-0.1708984375,-0.1953125,-0.6591796875,0.1953125,-0.40283203125,-0.03662109375,0.62255859375,-0.10986328125,1.20849609375,0.18310546875,0.45166015625,-0.52490234375,-0.1708984375,0.2197265625,0.732421875,0.0732421875,1.1962890625,0.25634765625,0.45166015625,0.10986328125,0.48828125,0.3662109375,0.08544921875,-0.32958984375,0.3173828125,-0.03662109375,1.0986328125,0.35400390625,0.1953125,-0.3662109375,0.244140625,0.06103515625,0.32958984375,-0.03662109375,0.79345703125,0.09765625,0.03662109375,0,1.3916015625,0,-1.0009765625,0.01220703125,-0.32958984375,0.2685546875,-0.98876953125,0.06103515625,-0.78125,-0.06103515625,-1.47705078125,0.0732421875,-0.2197265625,-0.13427734375,-0.28076171875,0.06103515625,-1.25732421875,0.01220703125,2.62451171875,-0.18310546875,2.6123046875,-0.1953125,3.955078125,0.048828125,3.125,-0.01220703125,-0.732421875,-0.29296875,-1.45263671875,-0.048828125,-1.08642578125,0.1708984375,0.390625,-0.03662109375,0.15869140625,0.29296875,-0.1708984375,-0.06103515625,-0.18310546875,-0.048828125,-0.08544921875,-0.18310546875,-0.048828125,0.03662109375,0.78125,0.10986328125,-0.47607421875,-0.18310546875,-0.52490234375
1,-0.1220703125,-0.37841796875,-0.13427734375,-0.29296875,0.830078125,-0.2197265625,-0.10986328125,0.03662109375,0.0244140625,-0.1953125,-0.06103515625,-0.9765625,-0.15869140625,0.927734375,0.28076171875,-0.4638671875,0.03662109375,0.01220703125,0.08544921875,0.40283203125,0.048828125,1.06201171875,-0.18310546875,-0.74462890625,0.08544921875,-0.1953125,-0.09765625,-0.7568359375,-0.2197265625,0.8544921875,-0.2685546875,0.2197265625,0.01220703125,-0.32958984375,-0.244140625,-0.86669921875,0.03662109375,-0.45166015625,-0.29296875,-0.732421875,0.341796875,-0.1708984375,-0.18310546875,-0.64697265625,0.2685546875,-0.40283203125,-0.03662109375,0.62255859375,-0.1953125,1.20849609375,0.1953125,0.45166015625,-0.50048828125,-0.15869140625,0.2197265625,0.732421875,0.10986328125,1.0986328125,0.2197265625,0.45166015625,0.09765625,0.52490234375,0.3173828125,0.10986328125,-0.25634765625,0.30517578125,0.048828125,1.07421875,0.35400390625,0.20751953125,-0.37841796875,0.23193359375,0.08544921875,0.30517578125,-0.0244140625,0.81787109375,0.0732421875,0.01220703125,0,1.37939453125,0.01220703125,-0.98876953125,0.09765625,-0.35400390625,0.23193359375,-0.96435546875,0.03662109375,-0.76904296875,-0.13427734375,-1.4892578125,0.1220703125,-0.20751953125,-0.18310546875,-0.2685546875,0.18310546875,-1.26953125,0.0244140625,2.40478515625,-0.08544921875,2.40478515625,-0.20751953125,3.6376953125,-0.048828125,2.9052734375,-0.09765625,-0.72021484375,-0.23193359375,-1.45263671875,-0.01220703125,-1.07421875,0.10986328125,0.4150390625,-0.0244140625,0.15869140625,0.2685546875,-0.146484375,-0.06103515625,-0.1953125,-0.0244140625,-0.08544921875,-0.18310546875,-0.048828125,0.03662109375,0.76904296875,0.1220703125,-0.48828125,-0.146484375,-0.537109375
0,-0.1220703125,-0.37841796875,-0.13427734375,-0.25634765625,0.830078125,-0.30517578125,-0.08544921875,0.0244140625,0.01220703125,-0.20751953125,-0.0732421875,-0.98876953125,-0.146484375,0.927734375,0.28076171875,-0.439453125,-0.01220703125,-0.13427734375,0.15869140625,0.28076171875,0.20751953125,1.0009765625,-0.244140625,-0.7568359375,0.048828125,-0.20751953125,-0.146484375,-0.76904296875,-0.2685546875,0.84228515625,-0.32958984375,0.20751953125,-0.01220703125,-0.3173828125,-0.10986328125,-0.86669921875,-0.048828125,-0.47607421875,-0.28076171875,-0.7568359375,0.29296875,-0.15869140625,-0.13427734375,-0.6591796875,0.30517578125,-0.4150390625,-0.0244140625,0.59814453125,-0.25634765625,1.15966796875,0.15869140625,0.47607421875,-0.47607421875,-0.15869140625,0.2197265625,0.732421875,0.18310546875,1.0009765625,0.20751953125,0.439453125,0.09765625,0.52490234375,0.29296875,0.10986328125,-0.10986328125,0.244140625,0.09765625,1.0498046875,0.35400390625,0.23193359375,-0.37841796875,0.2197265625,0.1220703125,0.28076171875,-0.0244140625,0.830078125,0.0244140625,0,-0.048828125,1.3671875,0.03662109375,-0.9521484375,0.1708984375,-0.32958984375,0.13427734375,-0.96435546875,0.048828125,-0.732421875,-0.09765625,-1.4892578125,0.1708984375,-0.1953125,-0.146484375,-0.2685546875,0.2685546875,-1.2451171875,0.048828125,2.16064453125,-0.06103515625,2.1728515625,-0.244140625,3.3203125,-0.1953125,2.7099609375,-0.18310546875,-0.72021484375,-0.1220703125,-1.4404296875,-0.048828125,-1.0986328125,0.0244140625,0.40283203125,-0.03662109375,0.15869140625,0.25634765625,-0.1220703125,-0.06103515625,-0.18310546875,-0.03662109375,-0.08544921875,-0.15869140625,-0.06103515625,0.0244140625,0.76904296875,0.10986328125,-0.5126953125,-0.1220703125,-0.537109375
0,-0.09765625,-0.3662109375,-0.1220703125,-0.28076171875,0.8544921875,-0.390625,-0.06103515625,0.01220703125,0.0244140625,-0.18310546875,-0.08544921875,-1.0009765625,-0.146484375,0.9521484375,0.28076171875,-0.4638671875,-0.048828125,-0.25634765625,0.30517578125,0.18310546875,0.2685546875,0.9765625,-0.25634765625,-0.76904296875,0.01220703125,-0.20751953125,-0.1708984375,-0.79345703125,-0.28076171875,0.84228515625,-0.3173828125,0.23193359375,-0.01220703125,-0.35400390625,0.03662109375,-0.86669921875,-0.1220703125,-0.47607421875,-0.2685546875,-0.76904296875,0.10986328125,-0.1953125,-0.1220703125,-0.64697265625,0.23193359375,-0.4150390625,0.01220703125,0.5615234375,-0.29296875,1.123046875,0.15869140625,0.47607421875,-0.37841796875,-0.10986328125,0.2197265625,0.72021484375,0.244140625,0.91552734375,0.18310546875,0.45166015625,0.0732421875,0.5615234375,0.2197265625,0.09765625,0.03662109375,0.244140625,0.1708984375,1.03759765625,0.341796875,0.2197265625,-0.35400390625,0.18310546875,0.15869140625,0.2685546875,0.0244140625,0.830078125,0,-0.01220703125,-0.06103515625,1.3671875,0.048828125,-0.927734375,0.20751953125,-0.3173828125,0,-0.9521484375,0.0732421875,-0.7568359375,-0.06103515625,-1.4892578125,0.18310546875,-0.1953125,-0.01220703125,-0.28076171875,0.2685546875,-1.220703125,0.146484375,1.91650390625,-0.03662109375,1.953125,-0.1953125,2.99072265625,-0.20751953125,2.47802734375,-0.2197265625,-0.7080078125,-0.0244140625,-1.42822265625,-0.08544921875,-1.06201171875,-0.0244140625,0.40283203125,-0.03662109375,0.146484375,0.25634765625,-0.10986328125,-0.06103515625,-0.20751953125,-0.06103515625,-0.0732421875,-0.146484375,-0.0732421875,0,0.76904296875,0.0732421875,-0.5126953125,-0.10986328125,-0.54931640625
0,-0.1220703125,-0.35400390625,-0.1220703125,-0.2685546875,0.86669921875,-0.439453125,-0.06103515625,0,0.048828125,-0.18310546875,-0.08544921875,-0.98876953125,-0.13427734375,0.93994140625,0.3173828125,-0.47607421875,-0.08544921875,-0.341796875,0.4150390625,0.1220703125,0.25634765625,0.93994140625,-0.1953125,-0.69580078125,-0.01220703125,-0.18310546875,-0.1953125,-0.81787109375,-0.244140625,0.8544921875,-0.28076171875,0.23193359375,0.01220703125,-0.35400390625,0.15869140625,-0.87890625,-0.2197265625,-0.48828125,-0.2685546875,-0.79345703125,-0.06103515625,-0.18310546875,-0.08544921875,-0.64697265625,0.1220703125,-0.40283203125,0.0732421875,0.5859375,-0.30517578125,1.0986328125,0.1708984375,0.48828125,-0.3173828125,-0.1220703125,0.2197265625,0.732421875,0.32958984375,0.84228515625,0.20751953125,0.45166015625,0.06103515625,0.59814453125,0.1708984375,0.10986328125,0.10986328125,0.18310546875,0.25634765625,1.03759765625,0.3173828125,0.244140625,-0.30517578125,0.1953125,0.1953125,0.25634765625,0.01220703125,0.830078125,-0.0244140625,0,-0.048828125,1.318359375,0.08544921875,-0.927734375,0.2197265625,-0.29296875,-0.146484375,-0.9765625,0.10986328125,-0.74462890625,-0.01220703125,-1.50146484375,0.18310546875,-0.1953125,0.146484375,-0.28076171875,0.1708984375,-1.1962890625,0.09765625,1.64794921875,-0.06103515625,1.69677734375,-0.3173828125,2.6123046875,-0.25634765625,2.2216796875,-0.18310546875,-0.7080078125,0,-1.45263671875,-0.10986328125,-1.0498046875,-0.03662109375,0.40283203125,0,0.15869140625,0.244140625,-0.10986328125,-0.06103515625,-0.20751953125,-0.09765625,-0.08544921875,-0.146484375,-0.0732421875,0.01220703125,0.79345703125,0.0732421875,-0.537109375,-0.08544921875,-0.52490234375
0,-0.1220703125,-0.35400390625,-0.10986328125,-0.2685546875,0.86669921875,-0.48828125,-0.0732421875,-0.01220703125,0.0244140625,-0.18310546875,-0.0732421875,-1.0009765625,-0.13427734375,0.9521484375,0.341796875,-0.4638671875,-0.09765625,-0.35400390625,0.47607421875,0.146484375,0.1220703125,1.0009765625,-0.15869140625,-0.6103515625,-0.06103515625,-0.15869140625,-0.18310546875,-0.8056640625,-0.1953125,0.89111328125,-0.2197265625,0.23193359375,0.01220703125,-0.341796875,0.29296875,-0.89111328125,-0.30517578125,-0.50048828125,-0.28076171875,-0.8056640625,-0.20751953125,-0.1953125,-0.10986328125,-0.634765625,-0.0244140625,-0.3662109375,0.1220703125,0.5859375,-0.29296875,1.11083984375,0.1708984375,0.48828125,-0.23193359375,-0.146484375,0.23193359375,0.72021484375,0.3173828125,0.76904296875,0.20751953125,0.439453125,0.048828125,0.5859375,0.2197265625,0.10986328125,0.10986328125,0.146484375,0.30517578125,1.01318359375,0.30517578125,0.244140625,-0.244140625,0.18310546875,0.29296875,0.25634765625,0,0.84228515625,-0.06103515625,-0.0244140625,-0.06103515625,1.318359375,0.08544921875,-0.93994140625,0.20751953125,-0.29296875,-0.25634765625,-0.9765625,0.09765625,-0.78125,0.09765625,-1.4892578125,0.146484375,-0.18310546875,0.341796875,-0.29296875,0.0244140625,-1.18408203125,0.1220703125,1.35498046875,-0.09765625,1.40380859375,-0.2685546875,2.197265625,-0.18310546875,1.94091796875,-0.13427734375,-0.7080078125,0.01220703125,-1.46484375,-0.13427734375,-1.03759765625,-0.01220703125,0.390625,-0.01220703125,0.15869140625,0.244140625,-0.13427734375,-0.06103515625,-0.18310546875,-0.09765625,-0.0732421875,-0.1708984375,-0.0732421875,-0.01220703125,0.79345703125,0.06103515625,-0.52490234375,-0.0732421875,-0.54931640625
0,-0.13427734375,-0.35400390625,-0.09765625,-0.29296875,0.830078125,-0.5126953125,-0.0732421875,-0.0244140625,0.01220703125,-0.18310546875,-0.06103515625,-1.0009765625,-0.1220703125,0.9521484375,0.3662109375,-0.48828125,-0.09765625,-0.29296875,0.5615234375,0.20751953125,0.0732421875,1.06201171875,0.0732421875,-0.5126953125,-0.10986328125,-0.146484375,-0.1708984375,-0.8056640625,-0.13427734375,0.9033203125,-0.10986328125,0.244140625,0.13427734375,-0.32958984375,0.3662109375,-0.89111328125,-0.35400390625,-0.50048828125,-0.3173828125,-0.79345703125,-0.3173828125,-0.18310546875,-0.15869140625,-0.634765625,-0.146484375,-0.35400390625,0.08544921875,0.5859375,-0.29296875,1.11083984375,0.1708984375,0.48828125,-0.15869140625,-0.1708984375,0.29296875,0.732421875,0.28076171875,0.74462890625,0.244140625,0.439453125,0.048828125,0.57373046875,0.25634765625,0.09765625,0.13427734375,0.146484375,0.3662109375,1.0009765625,0.30517578125,0.2197265625,-0.1953125,0.1953125,0.341796875,0.25634765625,-0.01220703125,0.830078125,-0.1220703125,0,-0.06103515625,1.318359375,0.0732421875,-0.93994140625,0.18310546875,-0.28076171875,-0.35400390625,-0.98876953125,0.09765625,-0.76904296875,0.13427734375,-1.47705078125,0.10986328125,-0.1953125,0.47607421875,-0.29296875,-0.0732421875,-1.18408203125,0.0732421875,1.0498046875,-0.1708984375,1.11083984375,-0.2685546875,1.69677734375,-0.13427734375,1.66015625,-0.0244140625,-0.67138671875,0.01220703125,-1.46484375,-0.1708984375,-1.0498046875,0.01220703125,0.390625,-0.0244140625,0.18310546875,0.25634765625,-0.15869140625,-0.06103515625,-0.1708984375,-0.1220703125,-0.09765625,-0.1708984375,-0.06103515625,0,0.81787109375,0.06103515625,-0.5126953125,-0.06103515625,-0.537109375
0,-0.13427734375,-0.35400390625,-0.09765625,-0.28076171875,0.84228515625,-0.5126953125,-0.08544921875,-0.01220703125,-0.01220703125,-0.1708984375,-0.06103515625,-1.01318359375,-0.08544921875,0.93994140625,0.390625,-0.4638671875,-0.09765625,-0.146484375,0.5126953125,0.35400390625,-0.08544921875,1.1474609375,0.32958984375,-0.40283203125,-0.13427734375,-0.13427734375,-0.10986328125,-0.8056640625,-0.06103515625,0.9033203125,-0.01220703125,0.25634765625,0.244140625,-0.341796875,0.35400390625,-0.89111328125,-0.37841796875,-0.47607421875,-0.32958984375,-0.79345703125,-0.35400390625,-0.20751953125,-0.2197265625,-0.62255859375,-0.23193359375,-0.341796875,0.09765625,0.59814453125,-0.28076171875,1.1474609375,0.10986328125,0.47607421875,-0.0732421875,-0.2197265625,0.3662109375,0.732421875,0.244140625,0.69580078125,0.29296875,0.439453125,0.06103515625,0.537109375,0.29296875,0.09765625,0.18310546875,0.146484375,0.37841796875,1.025390625,0.341796875,0.23193359375,-0.15869140625,0.20751953125,0.390625,0.28076171875,-0.09765625,0.84228515625,-0.13427734375,0.0244140625,-0.048828125,1.318359375,0.06103515625,-0.93994140625,0.13427734375,-0.29296875,-0.35400390625,-1.0009765625,0.048828125,-0.76904296875,0.1953125,-1.46484375,0.048828125,-0.18310546875,0.48828125,-0.28076171875,-0.13427734375,-1.171875,0.03662109375,0.732421875,-0.244140625,0.79345703125,-0.18310546875,1.18408203125,-0.10986328125,1.35498046875,0.146484375,-0.68359375,0.01220703125,-1.45263671875,-0.15869140625,-1.03759765625,0,0.3662109375,-0.0244140625,0.1708984375,0.244140625,-0.18310546875,-0.0732421875,-0.1708984375,-0.1220703125,-0.08544921875,-0.18310546875,-0.06103515625,0.01220703125,0.84228515625,0.0732421875,-0.5126953125,-0.0732421875,-0.52490234375
0,-0.1708984375,-0.37841796875,-0.10986328125,-0.28076171875,0.830078125,-0.48828125,-0.1220703125,-0.01220703125,-0.0244140625,-0.1708984375,-0.06103515625,-1.0009765625,-0.0732421875,0.91552734375,0.40283203125,-0.4638671875,-0.13427734375,0.048828125,0.4150390625,0.52490234375,-0.15869140625,1.25732421875,0.37841796875,-0.29296875,-0.13427734375,-0.146484375,-0.06103515625,-0.81787109375,-0.01220703125,0.91552734375,0.06103515625,0.23193359375,0.3662109375,-0.32958984375,0.3173828125,-0.9033203125,-0.390625,-0.45166015625,-0.341796875,-0.78125,-0.3173828125,-0.20751953125,-0.30517578125,-0.62255859375,-0.29296875,-0.32958984375,0.09765625,0.59814453125,-0.244140625,1.18408203125,0.10986328125,0.47607421875,-0.01220703125,-0.23193359375,0.40283203125,0.72021484375,0.1708984375,0.69580078125,0.3173828125,0.4638671875,0.0732421875,0.48828125,0.29296875,0.08544921875,0.2685546875,0.1953125,0.3662109375,1.03759765625,0.37841796875,0.23193359375,-0.146484375,0.20751953125,0.4150390625,0.29296875,-0.13427734375,0.830078125,-0.146484375,0.0244140625,-0.048828125,1.318359375,0.06103515625,-0.93994140625,0.09765625,-0.28076171875,-0.29296875,-1.0009765625,0.01220703125,-0.7568359375,0.25634765625,-1.46484375,0.0244140625,-0.2197265625,0.4150390625,-0.29296875,-0.09765625,-1.18408203125,0.01220703125,0.45166015625,-0.2685546875,0.52490234375,-0.09765625,0.6591796875,-0.10986328125,1.07421875,0.2685546875,-0.7080078125,0,-1.4404296875,-0.146484375,-1.03759765625,-0.0244140625,0.390625,-0.03662109375,0.1953125,0.25634765625,-0.20751953125,-0.06103515625,-0.146484375,-0.09765625,-0.08544921875,-0.1953125,-0.048828125,0,0.84228515625,0.09765625,-0.50048828125,-0.0732421875,-0.52490234375
0,-0.15869140625,-0.37841796875,-0.10986328125,-0.25634765625,0.830078125,-0.45166015625,-0.13427734375,0.03662109375,-0.01220703125,-0.15869140625,-0.0732421875,-0.98876953125,-0.06103515625,0.9033203125,0.4150390625,-0.42724609375,-0.1220703125,0.28076171875,0.30517578125,0.72021484375,-0.1708984375,1.3427734375,0.42724609375,-0.23193359375,-0.1220703125,-0.13427734375,-0.01220703125,-0.78125,0.0732421875,0.9521484375,0.13427734375,0.25634765625,0.47607421875,-0.341796875,0.244140625,-0.87890625,-0.37841796875,-0.45166015625,-0.30517578125,-0.74462890625,-0.20751953125,-0.20751953125,-0.3662109375,-0.6103515625,-0.29296875,-0.32958984375,0.06103515625,0.6103515625,-0.2197265625,1.220703125,0.09765625,0.48828125,0,-0.25634765625,0.390625,0.72021484375,0.13427734375,0.67138671875,0.3173828125,0.45166015625,0.08544921875,0.45166015625,0.20751953125,0.09765625,0.3173828125,0.244140625,0.37841796875,1.06201171875,0.390625,0.23193359375,-0.10986328125,0.2197265625,0.40283203125,0.341796875,-0.1953125,0.81787109375,-0.15869140625,0.03662109375,-0.0244140625,1.3427734375,0.03662109375,-0.9765625,0.03662109375,-0.29296875,-0.18310546875,-1.01318359375,-0.048828125,-0.76904296875,0.25634765625,-1.46484375,0.03662109375,-0.2197265625,0.28076171875,-0.30517578125,-0.08544921875,-1.1962890625,-0.01220703125,0.2197265625,-0.25634765625,0.28076171875,0,0.20751953125,-0.10986328125,0.84228515625,0.3662109375,-0.7080078125,-0.0244140625,-1.45263671875,-0.1220703125,-1.0498046875,-0.03662109375,0.390625,-0.0244140625,0.1953125,0.2685546875,-0.1953125,-0.06103515625,-0.146484375,-0.0732421875,-0.09765625,-0.1708984375,-0.0244140625,-0.01220703125,0.830078125,0.10986328125,-0.48828125,-0.10986328125,-0.52490234375
0,-0.1708984375,-0.40283203125,-0.0732421875,-0.244140625,0.84228515625,-0.4150390625,-0.13427734375,0.03662109375,-0.048828125,-0.1708984375,-0.0732421875,-0.98876953125,-0.06103515625,0.91552734375,0.390625,-0.4150390625,-0.1220703125,0.45166015625,0.146484375,0.86669921875,-0.1708984375,1.40380859375,0.25634765625,-0.244140625,-0.06103515625,-0.15869140625,0.0244140625,-0.78125,0.09765625,0.9521484375,0.1708984375,0.2197265625,0.47607421875,-0.341796875,0.18310546875,-0.8544921875,-0.3173828125,-0.45166015625,-0.32958984375,-0.732421875,-0.06103515625,-0.20751953125,-0.3662109375,-0.62255859375,-0.28076171875,-0.3173828125,0,0.62255859375,-0.20751953125,1.23291015625,0.0732421875,0.4638671875,-0.03662109375,-0.2197265625,0.341796875,0.72021484375,0.13427734375,0.6591796875,0.28076171875,0.4638671875,0.13427734375,0.42724609375,0.15869140625,0.09765625,0.32958984375,0.30517578125,0.28076171875,1.06201171875,0.37841796875,0.244140625,-0.09765625,0.244140625,0.341796875,0.3662109375,-0.244140625,0.81787109375,-0.15869140625,0.048828125,-0.03662109375,1.37939453125,0.03662109375,-0.9765625,-0.01220703125,-0.29296875,-0.06103515625,-1.025390625,-0.0732421875,-0.76904296875,0.23193359375,-1.45263671875,0.06103515625,-0.2197265625,0.1220703125,-0.29296875,-0.0244140625,-1.23291015625,-0.0244140625,0.06103515625,-0.20751953125,0.146484375,0.08544921875,-0.09765625,-0.0732421875,0.7080078125,0.35400390625,-0.74462890625,-0.0244140625,-1.46484375,-0.06103515625,-1.06201171875,-0.03662109375,0.390625,0,0.1953125,0.244140625,-0.20751953125,-0.048828125,-0.1220703125,-0.08544921875,-0.10986328125,-0.1708984375,-0.01220703125,0.01220703125,0.8544921875,0.10986328125,-0.50048828125,-0.10986328125,-0.5126953125
0,-0.1708984375,-0.40283203125,-0.0732421875,-0.244140625,0.81787109375,-0.35400390625,-0.13427734375,0.048828125,-0.048828125,-0.18310546875,-0.048828125,-0.9765625,-0.0732421875,0.87890625,0.40283203125,-0.40283203125,-0.13427734375,0.52490234375,0.01220703125,0.927734375,-0.06103515625,1.3916015625,-0.10986328125,-0.28076171875,-0.01220703125,-0.18310546875,0.06103515625,-0.76904296875,0.0732421875,0.927734375,0.1708984375,0.244140625,0.42724609375,-0.3173828125,0.10986328125,-0.84228515625,-0.25634765625,-0.42724609375,-0.29296875,-0.7080078125,0.048828125,-0.18310546875,-0.35400390625,-0.62255859375,-0.25634765625,-0.3173828125,-0.08544921875,0.6591796875,-0.146484375,1.23291015625,0.048828125,0.47607421875,-0.03662109375,-0.20751953125,0.2685546875,0.74462890625,0.09765625,0.634765625,0.244140625,0.4638671875,0.10986328125,0.42724609375,0.10986328125,0.10986328125,0.3662109375,0.35400390625,0.18310546875,1.07421875,0.3662109375,0.244140625,-0.09765625,0.244140625,0.244140625,0.37841796875,-0.2685546875,0.8056640625,-0.13427734375,0.03662109375,-0.048828125,1.3671875,0.0244140625,-0.9765625,-0.0244140625,-0.3173828125,0.0244140625,-1.01318359375,-0.0732421875,-0.78125,0.18310546875,-1.47705078125,0.09765625,-0.23193359375,-0.048828125,-0.30517578125,0.01220703125,-1.23291015625,-0.1220703125,0.03662109375,-0.146484375,0.146484375,0.048828125,-0.146484375,-0.048828125,0.68359375,0.25634765625,-0.74462890625,-0.048828125,-1.45263671875,-0.01220703125,-1.08642578125,0.01220703125,0.390625,0,0.20751953125,0.23193359375,-0.18310546875,-0.06103515625,-0.10986328125,-0.09765625,-0.08544921875,-0.15869140625,-0.0244140625,0.0244140625,0.830078125,0.10986328125,-0.47607421875,-0.146484375,-0.52490234375
0,-0.18310546875,-0.4150390625,-0.06103515625,-0.244140625,0.8056640625,-0.29296875,-0.13427734375,0.048828125,-0.0244140625,-0.1708984375,-0.03662109375,-0.9521484375,-0.06103515625,0.87890625,0.4150390625,-0.42724609375,-0.10986328125,0.50048828125,-0.03662109375,0.86669921875,0,1.33056640625,-0.341796875,-0.3662109375,0.048828125,-0.20751953125,0.0732421875,-0.76904296875,0.06103515625,0.927734375,0.18310546875,0.2197265625,0.3173828125,-0.3173828125,0.0732421875,-0.8544921875,-0.1953125,-0.42724609375,-0.25634765625,-0.69580078125,0.13427734375,-0.1953125,-0.25634765625,-0.62255859375,-0.1708984375,-0.35400390625,-0.15869140625,0.634765625,-0.15869140625,1.23291015625,0.03662109375,0.48828125,-0.01220703125,-0.20751953125,0.20751953125,0.7568359375,0.146484375,0.634765625,0.20751953125,0.45166015625,0.0244140625,0.439453125,0.1220703125,0.13427734375,0.3662109375,0.37841796875,0.08544921875,1.08642578125,0.3662109375,0.244140625,-0.1220703125,0.244140625,0.146484375,0.37841796875,-0.30517578125,0.8056640625,-0.0732421875,0.048828125,-0.048828125,1.3916015625,0.03662109375,-0.98876953125,-0.03662109375,-0.3173828125,0.1220703125,-1.01318359375,-0.03662109375,-0.78125,0.10986328125,-1.46484375,0.10986328125,-0.244140625,-0.13427734375,-0.30517578125,-0.01220703125,-1.23291015625,-0.1708984375,0.1708984375,-0.0244140625,0.28076171875,0.146484375,0.0732421875,-0.01220703125,0.830078125,0.09765625,-0.74462890625,-0.06103515625,-1.4404296875,0.048828125,-1.08642578125,0.03662109375,0.40283203125,-0.01220703125,0.1708984375,0.2197265625,-0.1708984375,-0.06103515625,-0.10986328125,-0.1220703125,-0.08544921875,-0.15869140625,-0.01220703125,0.0244140625,0.84228515625,0.10986328125,-0.4638671875,-0.13427734375,-0.52490234375
0,-0.20751953125,-0.4150390625,-0.048828125,-0.28076171875,0.8056640625,-0.29296875,-0.09765625,0.048828125,-0.0244140625,-0.1953125,-0.03662109375,-0.98876953125,-0.03662109375,0.91552734375,0.439453125,-0.439453125,-0.1953125,0.35400390625,-0.10986328125,0.74462890625,0,1.20849609375,-0.54931640625,-0.47607421875,0.10986328125,-0.2197265625,0.0732421875,-0.7568359375,0.01220703125,0.927734375,0.15869140625,0.244140625,0.1708984375,-0.32958984375,0.03662109375,-0.84228515625,-0.146484375,-0.439453125,-0.244140625,-0.7080078125,0.15869140625,-0.1953125,-0.1708984375,-0.64697265625,-0.0732421875,-0.3662109375,-0.13427734375,0.64697265625,-0.146484375,1.1962890625,0.048828125,0.50048828125,-0.048828125,-0.1708984375,0.1708984375,0.74462890625,0.18310546875,0.6103515625,0.1953125,0.45166015625,-0.08544921875,0.4638671875,0.15869140625,0.15869140625,0.32958984375,0.37841796875,-0.01220703125,1.07421875,0.35400390625,0.23193359375,-0.146484375,0.244140625,0.09765625,0.35400390625,-0.2685546875,0.830078125,0,0.048828125,-0.10986328125,1.3916015625,0.03662109375,-0.9765625,-0.0244140625,-0.32958984375,0.146484375,-1.025390625,0.03662109375,-0.79345703125,0.0732421875,-1.47705078125,0.06103515625,-0.25634765625,-0.146484375,-0.3173828125,-0.048828125,-1.220703125,-0.25634765625,0.5126953125,0.08544921875,0.5859375,0.13427734375,0.5859375,-0.048828125,1.171875,-0.0732421875,-0.76904296875,-0.1220703125,-1.4404296875,0.0732421875,-1.08642578125,0.01220703125,0.40283203125,-0.01220703125,0.1953125,0.2197265625,-0.13427734375,-0.06103515625,-0.1220703125,-0.10986328125,-0.08544921875,-0.146484375,-0.0244140625,0.0244140625,0.84228515625,0.1220703125,-0.4638671875,-0.146484375,-0.52490234375
0,-0.1953125,-0.37841796875,-0.03662109375,-0.2685546875,0.76904296875,-0.30517578125,-0.09765625,0.03662109375,-0.03662109375,-0.20751953125,-0.06103515625,-0.98876953125,-0.0732421875,0.927734375,0.42724609375,-0.47607421875,-0.3173828125,0.10986328125,-0.1220703125,0.537109375,-0.0244140625,1.0498046875,-0.5859375,-0.5859375,0.10986328125,-0.2197265625,0.09765625,-0.7568359375,-0.01220703125,0.89111328125,0.1220703125,0.23193359375,0.0244140625,-0.3173828125,0.0244140625,-0.84228515625,-0.10986328125,-0.439453125,-0.1708984375,-0.72021484375,0.10986328125,-0.1953125,-0.0732421875,-0.6591796875,-0.01220703125,-0.37841796875,-0.08544921875,0.634765625,-0.146484375,1.171875,0.10986328125,0.5126953125,-0.09765625,-0.146484375,0.146484375,0.732421875,0.25634765625,0.6103515625,0.18310546875,0.439453125,-0.2197265625,0.50048828125,0.23193359375,0.18310546875,0.29296875,0.3662109375,-0.09765625,1.08642578125,0.32958984375,0.25634765625,-0.18310546875,0.244140625,0,0.35400390625,-0.2685546875,0.79345703125,0.0732421875,0.048828125,-0.1708984375,1.3671875,0,-0.93994140625,0.0244140625,-0.3173828125,0.1220703125,-1.0009765625,0.1220703125,-0.78125,0.048828125,-1.46484375,-0.01220703125,-0.28076171875,-0.0732421875,-0.3173828125,-0.146484375,-1.2451171875,-0.244140625,1.025390625,0.1220703125,1.06201171875,0.146484375,1.40380859375,-0.048828125,1.6357421875,-0.1953125,-0.7568359375,-0.1708984375,-1.45263671875,0.03662109375,-1.06201171875,-0.01220703125,0.4150390625,-0.0244140625,0.18310546875,0.2197265625,-0.13427734375,-0.0732421875,-0.1220703125,-0.10986328125,-0.0732421875,-0.1220703125,-0.048828125,0.0244140625,0.84228515625,0.09765625,-0.45166015625,-0.146484375,-0.52490234375
0,-0.18310546875,-0.390625,-0.048828125,-0.29296875,0.7568359375,-0.341796875,-0.06103515625,0.0244140625,-0.03662109375,-0.1953125,-0.06103515625,-0.98876953125,-0.0732421875,0.93994140625,0.4150390625,-0.47607421875,-0.390625,-0.13427734375,-0.0732421875,0.30517578125,-0.13427734375,0.91552734375,-0.40283203125,-0.57373046875,0.0732421875,-0.20751953125,0.10986328125,-0.7568359375,-0.048828125,0.89111328125,0.0732421875,0.2197265625,-0.1708984375,-0.30517578125,0.01220703125,-0.8544921875,-0.0732421875,-0.439453125,-0.1220703125,-0.732421875,0.09765625,-0.18310546875,0,-0.6591796875,0.048828125,-0.37841796875,0,0.64697265625,-0.15869140625,1.1474609375,0.2197265625,0.5126953125,-0.13427734375,-0.146484375,0.1708984375,0.72021484375,0.28076171875,0.59814453125,0.2197265625,0.42724609375,-0.341796875,0.537109375,0.29296875,0.20751953125,0.146484375,0.3662109375,-0.18310546875,1.07421875,0.28076171875,0.25634765625,-0.2197265625,0.23193359375,-0.0732421875,0.3173828125,-0.23193359375,0.84228515625,0.146484375,0.06103515625,-0.20751953125,1.35498046875,-0.01220703125,-0.9521484375,0.08544921875,-0.30517578125,0.10986328125,-0.98876953125,0.1708984375,-0.78125,0.06103515625,-1.45263671875,-0.03662109375,-0.28076171875,0.10986328125,-0.30517578125,-0.244140625,-1.23291015625,-0.18310546875,1.64794921875,0.10986328125,1.69677734375,0.03662109375,2.44140625,-0.0732421875,2.24609375,-0.23193359375,-0.74462890625,-0.2197265625,-1.46484375,-0.01220703125,-1.06201171875,-0.03662109375,0.390625,-0.0244140625,0.1708984375,0.23193359375,-0.15869140625,-0.0732421875,-0.10986328125,-0.08544921875,-0.08544921875,-0.10986328125,-0.048828125,-0.01220703125,0.8056640625,0.0732421875,-0.45166015625,-0.146484375,-0.5126953125
1,-0.18310546875,-0.390625,-0.03662109375,-0.3173828125,0.74462890625,-0.390625,-0.03662109375,0.01220703125,-0.048828125,-0.1953125,-0.03662109375,-0.98876953125,-0.06103515625,0.927734375,0.4150390625,-0.4638671875,-0.45166015625,-0.3662109375,0.0244140625,0.13427734375,-0.28076171875,0.81787109375,-0.15869140625,-0.47607421875,0,-0.1953125,0.08544921875,-0.78125,-0.0732421875,0.89111328125,-0.048828125,0.23193359375,-0.2685546875,-0.29296875,0,-0.86669921875,-0.048828125,-0.4150390625,-0.048828125,-0.732421875,0.06103515625,-0.1708984375,0,-0.64697265625,0.048828125,-0.3662109375,0.048828125,0.64697265625,-0.146484375,1.13525390625,0.28076171875,0.52490234375,-0.146484375,-0.1708984375,0.15869140625,0.732421875,0.29296875,0.5859375,0.23193359375,0.42724609375,-0.4150390625,0.54931640625,0.25634765625,0.20751953125,0.048828125,0.32958984375,-0.28076171875,1.0498046875,0.20751953125,0.244140625,-0.25634765625,0.23193359375,-0.09765625,0.30517578125,-0.18310546875,0.84228515625,0.1708984375,0.048828125,-0.28076171875,1.3671875,0,-0.96435546875,0.15869140625,-0.29296875,0.06103515625,-1.01318359375,0.25634765625,-0.79345703125,0.10986328125,-1.4404296875,-0.09765625,-0.2685546875,0.28076171875,-0.3173828125,-0.25634765625,-1.23291015625,-0.08544921875,2.38037109375,0.0732421875,2.40478515625,-0.03662109375,3.67431640625,-0.08544921875,2.96630859375,-0.1953125,-0.7568359375,-0.28076171875,-1.46484375,-0.048828125,-1.06201171875,-0.06103515625,0.390625,-0.0244140625,0.1708984375,0.244140625,-0.146484375,-0.06103515625,-0.13427734375,-0.09765625,-0.10986328125,-0.09765625,-0.0732421875,0,0.81787109375,0.09765625,-0.4638671875,-0.13427734375,-0.48828125
1,-0.20751953125,-0.40283203125,-0.0732421875,-0.3173828125,0.69580078125,-0.4150390625,-0.03662109375,0.0244140625,-0.06103515625,-0.20751953125,-0.03662109375,-0.98876953125,-0.03662109375,0.927734375,0.42724609375,-0.45166015625,-0.47607421875,-0.4150390625,0.0732421875,0.0732421875,-0.3662109375,0.8544921875,0.0732421875,-0.20751953125,-0.048828125,-0.15869140625,0.06103515625,-0.76904296875,-0.13427734375,0.87890625,-0.13427734375,0.23193359375,-0.28076171875,-0.30517578125,-0.0244140625,-0.8544921875,-0.06103515625,-0.390625,-0.01220703125,-0.732421875,0.08544921875,-0.146484375,-0.01220703125,-0.64697265625,0.01220703125,-0.35400390625,0.1220703125,0.64697265625,-0.2197265625,1.13525390625,0.3173828125,0.50048828125,-0.18310546875,-0.18310546875,0.13427734375,0.732421875,0.32958984375,0.57373046875,0.28076171875,0.439453125,-0.50048828125,0.5615234375,0.146484375,0.23193359375,-0.0244140625,0.30517578125,-0.32958984375,1.0498046875,0.15869140625,0.23193359375,-0.29296875,0.2197265625,-0.13427734375,0.28076171875,-0.15869140625,0.81787109375,0.20751953125,0.03662109375,-0.30517578125,1.3427734375,0.01220703125,-0.96435546875,0.2197265625,-0.29296875,0.06103515625,-1.0009765625,0.29296875,-0.79345703125,0.1220703125,-1.416015625,-0.0732421875,-0.29296875,0.439453125,-0.30517578125,-0.2685546875,-1.220703125,0.0732421875,3.18603515625,0.0244140625,3.1494140625,-0.13427734375,4.91943359375,-0.048828125,3.7109375,-0.08544921875,-0.72021484375,-0.30517578125,-1.45263671875,-0.10986328125,-1.0498046875,-0.0244140625,0.390625,-0.048828125,0.18310546875,0.20751953125,-0.15869140625,-0.0732421875,-0.18310546875,-0.08544921875,-0.10986328125,-0.09765625,-0.06103515625,0,0.84228515625,0.09765625,-0.47607421875,-0.146484375,-0.50048828125
1,-0.2197265625,-0.390625,-0.08544921875,-0.30517578125,0.68359375,-0.4638671875,-0.0244140625,0.048828125,-0.08544921875,-0.1953125,-0.048828125,-0.98876953125,-0.01220703125,0.91552734375,0.40283203125,-0.42724609375,-0.439453125,-0.30517578125,0.1220703125,0.20751953125,-0.40283203125,0.98876953125,0.32958984375,0.29296875,-0.10986328125,-0.15869140625,0.0244140625,-0.76904296875,-0.1953125,0.9033203125,-0.25634765625,0.25634765625,-0.146484375,-0.3173828125,-0.0732421875,-0.84228515625,-0.10986328125,-0.40283203125,-0.06103515625,-0.74462890625,0.10986328125,-0.13427734375,-0.10986328125,-0.64697265625,-0.01220703125,-0.3662109375,0.1708984375,0.6591796875,-0.29296875,1.15966796875,0.3662109375,0.5126953125,-0.20751953125,-0.23193359375,0.0732421875,0.72021484375,0.341796875,0.5859375,0.35400390625,0.439453125,-0.54931640625,0.54931640625,0.10986328125,0.23193359375,-0.09765625,0.30517578125,-0.37841796875,1.03759765625,0.09765625,0.23193359375,-0.2685546875,0.23193359375,-0.20751953125,0.29296875,-0.09765625,0.8544921875,0.1953125,0.03662109375,-0.3173828125,1.3427734375,0.048828125,-0.9521484375,0.244140625,-0.2685546875,0.03662109375,-0.98876953125,0.2685546875,-0.76904296875,0.1220703125,-1.40380859375,-0.06103515625,-0.29296875,0.537109375,-0.30517578125,-0.2197265625,-1.220703125,0.15869140625,3.955078125,-0.0244140625,3.8818359375,-0.20751953125,6.09130859375,-0.06103515625,4.43115234375,0.01220703125,-0.732421875,-0.341796875,-1.45263671875,-0.1220703125,-1.03759765625,-0.0244140625,0.37841796875,-0.0732421875,0.18310546875,0.1953125,-0.1708984375,-0.06103515625,-0.18310546875,-0.0732421875,-0.10986328125,-0.1220703125,-0.048828125,0.01220703125,0.84228515625,0.10986328125,-0.48828125,-0.15869140625,-0.50048828125
1,-0.2197265625,-0.37841796875,-0.048828125,-0.3173828125,0.634765625,-0.4638671875,0.01220703125,0.0244140625,-0.10986328125,-0.18310546875,-0.048828125,-1.0009765625,0.01220703125,0.91552734375,0.390625,-0.439453125,-0.35400390625,0.048828125,0.1708984375,0.5615234375,-0.30517578125,1.30615234375,0.45166015625,0.93994140625,-0.15869140625,-0.13427734375,-0.03662109375,-0.76904296875,-0.28076171875,0.927734375,-0.32958984375,0.244140625,0.048828125,-0.29296875,-0.08544921875,-0.8544921875,-0.1708984375,-0.37841796875,0,-0.7568359375,0.10986328125,-0.1220703125,-0.1953125,-0.64697265625,0.01220703125,-0.341796875,0.18310546875,0.64697265625,-0.341796875,1.18408203125,0.32958984375,0.47607421875,-0.25634765625,-0.2197265625,0.0244140625,0.74462890625,0.341796875,0.634765625,0.390625,0.48828125,-0.5859375,0.50048828125,0.0732421875,0.244140625,-0.10986328125,0.29296875,-0.40283203125,1.03759765625,0.03662109375,0.1953125,-0.28076171875,0.244140625,-0.2685546875,0.28076171875,-0.0732421875,0.830078125,0.18310546875,0.01220703125,-0.3173828125,1.3427734375,0.0732421875,-0.9521484375,0.25634765625,-0.29296875,0,-1.01318359375,0.2197265625,-0.78125,0.13427734375,-1.37939453125,0.0244140625,-0.25634765625,0.5126953125,-0.29296875,-0.09765625,-1.20849609375,0.20751953125,4.58984375,-0.048828125,4.45556640625,-0.1708984375,7.0556640625,-0.1220703125,5.0048828125,0.10986328125,-0.7080078125,-0.28076171875,-1.45263671875,-0.09765625,-1.025390625,-0.06103515625,0.390625,-0.06103515625,0.15869140625,0.1708984375,-0.18310546875,-0.048828125,-0.1953125,-0.0732421875,-0.1220703125,-0.13427734375,-0.03662109375,0.0244140625,0.830078125,0.1220703125,-0.48828125,-0.1708984375,-0.48828125
1,-0.2197265625,-0.3662109375,-0.03662109375,-0.30517578125,0.59814453125,-0.4638671875,0,0.048828125,-0.10986328125,-0.18310546875,-0.03662109375,-0.9765625,0.0244140625,0.9033203125,0.341796875,-0.4150390625,-0.30517578125,0.62255859375,0.13427734375,1.11083984375,-0.1953125,1.708984375,0.28076171875,1.81884765625,-0.23193359375,-0.10986328125,-0.10986328125,-0.79345703125,-0.30517578125,0.927734375,-0.32958984375,0.23193359375,0.25634765625,-0.3173828125,-0.0732421875,-0.84228515625,-0.244140625,-0.390625,0.0244140625,-0.74462890625,0.10986328125,-0.13427734375,-0.2685546875,-0.64697265625,0.01220703125,-0.341796875,0.15869140625,0.6591796875,-0.37841796875,1.220703125,0.30517578125,0.47607421875,-0.28076171875,-0.244140625,-0.01220703125,0.74462890625,0.341796875,0.67138671875,0.4150390625,0.48828125,-0.6103515625,0.48828125,0.08544921875,0.25634765625,-0.09765625,0.30517578125,-0.439453125,1.0498046875,0.01220703125,0.1953125,-0.25634765625,0.25634765625,-0.341796875,0.29296875,-0.01220703125,0.8056640625,0.18310546875,0.01220703125,-0.25634765625,1.3671875,0.0732421875,-0.9765625,0.25634765625,-0.28076171875,0,-1.025390625,0.09765625,-0.7568359375,0.1220703125,-1.35498046875,0.0732421875,-0.25634765625,0.45166015625,-0.29296875,0.048828125,-1.220703125,0.20751953125,5.0537109375,-0.03662109375,4.91943359375,-0.13427734375,7.72705078125,-0.23193359375,5.4443359375,0.146484375,-0.7080078125,-0.18310546875,-1.4892578125,-0.09765625,-1.025390625,-0.10986328125,0.3662109375,-0.08544921875,0.15869140625,0.18310546875,-0.18310546875,-0.08544921875,-0.20751953125,-0.048828125,-0.13427734375,-0.146484375,-0.03662109375,0.03662109375,0.830078125,0.1220703125,-0.48828125,-0.1708984375,-0.5126953125
1,-0.23193359375,-0.3662109375,-0.0244140625,-0.30517578125,0.57373046875,-0.42724609375,0.01220703125,0.03662109375,-0.10986328125,-0.1708984375,-0.0244140625,-0.98876953125,0.03662109375,0.89111328125,0.32958984375,-0.4150390625,-0.18310546875,1.37939453125,0.10986328125,1.79443359375,-0.0244140625,2.2216796875,0.2197265625,2.84423828125,-0.23193359375,-0.1220703125,-0.1708984375,-0.79345703125,-0.341796875,0.91552734375,-0.30517578125,0.244140625,0.37841796875,-0.29296875,-0.0244140625,-0.830078125,-0.341796875,-0.40283203125,0.03662109375,-0.72021484375,0.048828125,-0.13427734375,-0.341796875,-0.634765625,-0.01220703125,-0.32958984375,0.146484375,0.6591796875,-0.390625,1.23291015625,0.23193359375,0.4638671875,-0.30517578125,-0.2197265625,0,0.7568359375,0.29296875,0.69580078125,0.4150390625,0.5126953125,-0.5859375,0.4638671875,0.1708984375,0.25634765625,-0.13427734375,0.3173828125,-0.4150390625,1.03759765625,-0.01220703125,0.20751953125,-0.23193359375,0.2685546875,-0.37841796875,0.3173828125,0.03662109375,0.8056640625,0.146484375,0.01220703125,-0.20751953125,1.3427734375,0.06103515625,-0.9765625,0.1708984375,-0.2685546875,-0.0244140625,-1.0009765625,-0.06103515625,-0.74462890625,0.13427734375,-1.35498046875,0.1220703125,-0.23193359375,0.35400390625,-0.32958984375,0.1953125,-1.23291015625,0.10986328125,5.31005859375,0,5.16357421875,-0.09765625,8.09326171875,-0.3173828125,5.67626953125,0.146484375,-0.7080078125,-0.09765625,-1.46484375,-0.08544921875,-1.025390625,-0.20751953125,0.37841796875,-0.06103515625,0.1708984375,0.146484375,-0.1953125,-0.06103515625,-0.18310546875,-0.01220703125,-0.1220703125,-0.146484375,-0.0244140625,0.048828125,0.81787109375,0.10986328125,-0.48828125,-0.1708984375,-0.50048828125
1,-0.25634765625,-0.37841796875,0,-0.2685546875,0.537109375,-0.390625,0.0244140625,0.03662109375,-0.09765625,-0.15869140625,-0.03662109375,-0.98876953125,0.03662109375,0.89111328125,0.32958984375,-0.4150390625,-0.08544921875,2.25830078125,0.03662109375,2.60009765625,0.1220703125,2.81982421875,-0.03662109375,3.9306640625,-0.2685546875,-0.10986328125,-0.1953125,-0.76904296875,-0.35400390625,0.9521484375,-0.1953125,0.244140625,0.390625,-0.28076171875,0.06103515625,-0.84228515625,-0.40283203125,-0.390625,0.0732421875,-0.7080078125,-0.048828125,-0.1708984375,-0.341796875,-0.62255859375,-0.048828125,-0.3173828125,0.09765625,0.64697265625,-0.3662109375,1.220703125,0.18310546875,0.45166015625,-0.32958984375,-0.20751953125,-0.01220703125,0.7568359375,0.25634765625,0.69580078125,0.4150390625,0.50048828125,-0.48828125,0.42724609375,0.1953125,0.23193359375,-0.146484375,0.32958984375,-0.4150390625,1.0498046875,-0.048828125,0.1953125,-0.15869140625,0.29296875,-0.3662109375,0.341796875,0.048828125,0.76904296875,0.09765625,-0.01220703125,-0.15869140625,1.3671875,0.0244140625,-0.9765625,0.1220703125,-0.2685546875,-0.06103515625,-1.025390625,-0.18310546875,-0.74462890625,0.15869140625,-1.37939453125,0.2197265625,-0.1953125,0.244140625,-0.3173828125,0.32958984375,-1.20849609375,0,5.33447265625,0.06103515625,5.2001953125,-0.08544921875,8.10546875,-0.32958984375,5.67626953125,0.1220703125,-0.72021484375,0,-1.4404296875,-0.09765625,-1.06201171875,-0.20751953125,0.37841796875,-0.048828125,0.1708984375,0.13427734375,-0.18310546875,-0.0732421875,-0.20751953125,0.01220703125,-0.1220703125,-0.1708984375,-0.0244140625,0.048828125,0.79345703125,0.10986328125,-0.50048828125,-0.1220703125,-0.52490234375
1,-0.25634765625,-0.37841796875,0,-0.28076171875,0.5126953125,-0.35400390625,0.01220703125,0.03662109375,-0.08544921875,-0.146484375,-0.03662109375,-1.0009765625,0.03662109375,0.89111328125,0.3173828125,-0.40283203125,-0.03662109375,3.1494140625,-0.0244140625,3.41796875,0.20751953125,3.40576171875,-0.1708984375,5.0048828125,-0.2685546875,-0.13427734375,-0.20751953125,-0.732421875,-0.30517578125,0.9521484375,-0.09765625,0.2685546875,0.35400390625,-0.2685546875,0.09765625,-0.8544921875,-0.439453125,-0.390625,0.0732421875,-0.69580078125,-0.10986328125,-0.15869140625,-0.32958984375,-0.62255859375,-0.10986328125,-0.32958984375,0.01220703125,0.6591796875,-0.30517578125,1.1962890625,0.09765625,0.45166015625,-0.35400390625,-0.18310546875,-0.0732421875,0.7568359375,0.20751953125,0.74462890625,0.40283203125,0.50048828125,-0.3662109375,0.4150390625,0.2685546875,0.23193359375,-0.20751953125,0.35400390625,-0.341796875,1.06201171875,-0.0244140625,0.20751953125,-0.10986328125,0.25634765625,-0.35400390625,0.32958984375,0.08544921875,0.74462890625,0.08544921875,-0.01220703125,-0.0732421875,1.37939453125,0,-0.98876953125,0.03662109375,-0.28076171875,-0.10986328125,-1.025390625,-0.30517578125,-0.74462890625,0.13427734375,-1.3916015625,0.244140625,-0.1953125,0.18310546875,-0.30517578125,0.37841796875,-1.20849609375,-0.10986328125,5.2001953125,0.06103515625,5.04150390625,-0.08544921875,7.8125,-0.28076171875,5.4931640625,0.10986328125,-0.732421875,0.08544921875,-1.45263671875,-0.1220703125,-1.07421875,-0.2197265625,0.390625,-0.0732421875,0.15869140625,0.146484375,-0.1708984375,-0.0732421875,-0.18310546875,0,-0.08544921875,-0.146484375,-0.048828125,0.048828125,0.78125,0.10986328125,-0.47607421875,-0.1220703125,-0.54931640625
1,-0.2685546875,-0.37841796875,0.0244140625,-0.244140625,0.4638671875,-0.3173828125,0.0244140625,0.03662109375,-0.0732421875,-0.15869140625,-0.03662109375,-1.0009765625,0.048828125,0.91552734375,0.32958984375,-0.40283203125,0,3.94287109375,-0.01220703125,4.16259765625,0.2685546875,3.91845703125,-0.18310546875,5.99365234375,-0.23193359375,-0.15869140625,-0.20751953125,-0.732421875,-0.244140625,0.927734375,0.03662109375,0.244140625,0.20751953125,-0.2685546875,0.1708984375,-0.8544921875,-0.439453125,-0.390625,0.01220703125,-0.68359375,-0.1953125,-0.1953125,-0.244140625,-0.62255859375,-0.23193359375,-0.32958984375,-0.03662109375,0.68359375,-0.244140625,1.1962890625,0.03662109375,0.47607421875,-0.40283203125,-0.13427734375,-0.10986328125,0.78125,0.1220703125,0.74462890625,0.37841796875,0.48828125,-0.23193359375,0.439453125,0.3173828125,0.2197265625,-0.28076171875,0.341796875,-0.29296875,1.0498046875,0,0.2197265625,-0.10986328125,0.244140625,-0.341796875,0.32958984375,0.1220703125,0.78125,0.09765625,0,-0.09765625,1.3671875,-0.03662109375,-0.96435546875,-0.03662109375,-0.29296875,-0.1708984375,-1.025390625,-0.3173828125,-0.74462890625,0.1220703125,-1.42822265625,0.25634765625,-0.1953125,0.10986328125,-0.29296875,0.37841796875,-1.20849609375,-0.2197265625,4.8583984375,0.06103515625,4.736328125,-0.15869140625,7.275390625,-0.18310546875,5.17578125,0.0732421875,-0.732421875,0.1708984375,-1.45263671875,-0.10986328125,-1.06201171875,-0.1708984375,0.390625,-0.06103515625,0.1708984375,0.15869140625,-0.15869140625,-0.0732421875,-0.1953125,0.0244140625,-0.06103515625,-0.146484375,-0.048828125,0.0244140625,0.7568359375,0.0732421875,-0.48828125,-0.09765625,-0.5615234375
1,-0.25634765625,-0.37841796875,0.0244140625,-0.25634765625,0.42724609375,-0.30517578125,0.0244140625,0.048828125,-0.0732421875,-0.1708984375,-0.03662109375,-1.0009765625,0.06103515625,0.91552734375,0.32958984375,-0.4150390625,0,4.60205078125,0.03662109375,4.7607421875,0.25634765625,4.3212890625,-0.244140625,6.84814453125,-0.244140625,-0.1708984375,-0.146484375,-0.732421875,-0.1708984375,0.9033203125,0.10986328125,0.23193359375,0.1220703125,-0.25634765625,0.244140625,-0.8544921875,-0.40283203125,-0.3662109375,0.0732421875,-0.69580078125,-0.23193359375,-0.1953125,-0.1708984375,-0.62255859375,-0.30517578125,-0.3173828125,-0.0732421875,0.68359375,-0.1953125,1.1474609375,-0.01220703125,0.47607421875,-0.45166015625,-0.10986328125,-0.15869140625,0.7568359375,0.0732421875,0.74462890625,0.3173828125,0.47607421875,-0.0732421875,0.4638671875,0.30517578125,0.18310546875,-0.2197265625,0.30517578125,-0.23193359375,1.0498046875,0,0.2197265625,-0.13427734375,0.2197265625,-0.244140625,0.3173828125,0.15869140625,0.76904296875,0.09765625,-0.01220703125,-0.06103515625,1.37939453125,-0.08544921875,-0.96435546875,-0.09765625,-0.29296875,-0.244140625,-1.0009765625,-0.28076171875,-0.74462890625,0.09765625,-1.46484375,0.20751953125,-0.1953125,0.13427734375,-0.29296875,0.2685546875,-1.20849609375,-0.25634765625,4.39453125,0.0244140625,4.28466796875,-0.20751953125,6.5673828125,-0.0732421875,4.7119140625,0.08544921875,-0.732421875,0.18310546875,-1.45263671875,-0.1220703125,-1.08642578125,-0.13427734375,0.390625,-0.06103515625,0.1708984375,0.15869140625,-0.15869140625,-0.06103515625,-0.20751953125,0.03662109375,-0.06103515625,-0.146484375,-0.0732421875,0.01220703125,0.76904296875,0.048828125,-0.47607421875,-0.08544921875,-0.54931640625
1,-0.28076171875,-0.35400390625,0.048828125,-0.25634765625,0.37841796875,-0.30517578125,0,0.03662109375,-0.0732421875,-0.1953125,-0.03662109375,-1.0009765625,0.08544921875,0.927734375,0.30517578125,-0.4150390625,-0.13427734375,5.078125,0,5.16357421875,0.146484375,4.65087890625,-0.4150390625,7.51953125,-0.20751953125,-0.1953125,-0.06103515625,-0.7568359375,-0.09765625,0.89111328125,0.146484375,0.244140625,0.048828125,-0.29296875,0.25634765625,-0.87890625,-0.3662109375,-0.37841796875,0.03662109375,-0.7080078125,-0.25634765625,-0.1953125,-0.1220703125,-0.634765625,-0.3662109375,-0.32958984375,-0.06103515625,0.68359375,-0.10986328125,1.123046875,-0.03662109375,0.48828125,-0.48828125,-0.10986328125,-0.20751953125,0.732421875,0.01220703125,0.7080078125,0.25634765625,0.45166015625,0.03662109375,0.48828125,0.37841796875,0.15869140625,-0.1953125,0.2685546875,-0.146484375,1.0498046875,0.03662109375,0.23193359375,-0.18310546875,0.2197265625,-0.1953125,0.29296875,0.146484375,0.81787109375,0.0732421875,-0.0244140625,-0.06103515625,1.3671875,-0.1220703125,-0.9521484375,-0.13427734375,-0.28076171875,-0.3173828125,-1.0009765625,-0.1708984375,-0.74462890625,0.08544921875,-1.50146484375,0.10986328125,-0.1953125,0.18310546875,-0.28076171875,0.08544921875,-1.18408203125,-0.20751953125,3.857421875,-0.06103515625,3.759765625,-0.244140625,5.79833984375,0.06103515625,4.21142578125,0.1220703125,-0.732421875,0.10986328125,-1.4404296875,-0.1220703125,-1.07421875,-0.10986328125,0.40283203125,-0.0244140625,0.15869140625,0.146484375,-0.1708984375,-0.06103515625,-0.20751953125,0.06103515625,-0.06103515625,-0.146484375,-0.1220703125,0.0244140625,0.79345703125,0.048828125,-0.48828125,-0.08544921875,-0.5615234375
1,-0.2685546875,-0.3662109375,0.03662109375,-0.2685546875,0.35400390625,-0.32958984375,0.01220703125,0.03662109375,-0.08544921875,-0.18310546875,-0.06103515625,-0.98876953125,0.08544921875,0.9521484375,0.29296875,-0.42724609375,-0.2197265625,5.2978515625,0.06103515625,5.38330078125,-0.03662109375,4.82177734375,-0.40283203125,7.958984375,-0.1953125,-0.20751953125,0.01220703125,-0.7568359375,-0.0244140625,0.86669921875,0.146484375,0.23193359375,-0.0244140625,-0.2685546875,0.23193359375,-0.86669921875,-0.29296875,-0.37841796875,0.048828125,-0.7080078125,-0.18310546875,-0.15869140625,-0.06103515625,-0.634765625,-0.4150390625,-0.3173828125,-0.0244140625,0.68359375,-0.08544921875,1.11083984375,-0.048828125,0.48828125,-0.5126953125,-0.09765625,-0.244140625,0.7568359375,-0.03662109375,0.69580078125,0.25634765625,0.47607421875,0.15869140625,0.54931640625,0.35400390625,0.13427734375,-0.13427734375,0.2197265625,-0.08544921875,1.06201171875,0.048828125,0.25634765625,-0.1953125,0.20751953125,-0.09765625,0.29296875,0.146484375,0.86669921875,0.0732421875,0,-0.09765625,1.35498046875,-0.15869140625,-0.96435546875,-0.146484375,-0.3173828125,-0.35400390625,-1.0009765625,-0.03662109375,-0.74462890625,0.10986328125,-1.52587890625,0.01220703125,-0.20751953125,0.20751953125,-0.28076171875,-0.09765625,-1.1962890625,-0.1708984375,3.2470703125,-0.1708984375,3.22265625,-0.29296875,4.98046875,0.10986328125,3.662109375,0.15869140625,-0.74462890625,-0.048828125,-1.42822265625,-0.15869140625,-1.08642578125,-0.08544921875,0.40283203125,0,0.15869140625,0.13427734375,-0.15869140625,-0.08544921875,-0.1953125,0.0732421875,-0.06103515625,-0.13427734375,-0.09765625,0.0244140625,0.79345703125,0.0244140625,-0.50048828125,-0.06103515625,-0.54931640625
1,-0.2685546875,-0.3662109375,0.08544921875,-0.29296875,0.32958984375,-0.3662109375,0.01220703125,0,-0.0732421875,-0.1953125,-0.048828125,-0.98876953125,0.08544921875,0.96435546875,0.28076171875,-0.439453125,-0.32958984375,5.37109375,0.048828125,5.4443359375,-0.25634765625,4.87060546875,-0.4150390625,8.154296875,-0.2197265625,-0.2197265625,0.13427734375,-0.7568359375,0.048828125,0.8544921875,0.13427734375,0.25634765625,-0.06103515625,-0.28076171875,0.1953125,-0.8544921875,-0.20751953125,-0.37841796875,0.048828125,-0.7080078125,-0.06103515625,-0.1953125,-0.01220703125,-0.64697265625,-0.390625,-0.30517578125,-0.01220703125,0.6591796875,-0.08544921875,1.13525390625,-0.03662109375,0.48828125,-0.50048828125,-0.13427734375,-0.29296875,0.732421875,-0.0244140625,0.67138671875,0.2197265625,0.439453125,0.2685546875,0.5615234375,0.390625,0.09765625,-0.0732421875,0.1953125,-0.0244140625,1.08642578125,0.0244140625,0.2685546875,-0.20751953125,0.20751953125,-0.01220703125,0.28076171875,0.15869140625,0.87890625,0.048828125,0.01220703125,-0.1220703125,1.318359375,-0.18310546875,-0.927734375,-0.15869140625,-0.3173828125,-0.32958984375,-0.98876953125,0.0732421875,-0.76904296875,0.1220703125,-1.55029296875,-0.0732421875,-0.2197265625,0.2197265625,-0.29296875,-0.25634765625,-1.171875,-0.09765625,2.6611328125,-0.2685546875,2.62451171875,-0.3173828125,4.1259765625,0.1220703125,3.076171875,0.18310546875,-0.74462890625,-0.1708984375,-1.4404296875,-0.18310546875,-1.06201171875,-0.03662109375,0.40283203125,0.03662109375,0.146484375,0.10986328125,-0.146484375,-0.06103515625,-0.2197265625,0.06103515625,-0.09765625,-0.1220703125,-0.0732421875,0.01220703125,0.79345703125,0.048828125,-0.5126953125,-0.048828125,-0.5615234375
1,-0.2685546875,-0.3662109375,0.0732421875,-0.3173828125,0.2685546875,-0.4150390625,0.0244140625,0,-0.0732421875,-0.20751953125,-0.03662109375,-1.0009765625,0.10986328125,0.96435546875,0.2685546875,-0.4638671875,-0.439453125,5.23681640625,0.03662109375,5.33447265625,-0.439453125,4.79736328125,-0.35400390625,8.16650390625,-0.18310546875,-0.20751953125,0.20751953125,-0.830078125,0.0732421875,0.830078125,0.09765625,0.244140625,-0.03662109375,-0.29296875,0.08544921875,-0.86669921875,-0.1220703125,-0.390625,0.06103515625,-0.7080078125,0.06103515625,-0.15869140625,0.01220703125,-0.6591796875,-0.341796875,-0.30517578125,0.01220703125,0.64697265625,-0.10986328125,1.15966796875,-0.03662109375,0.47607421875,-0.50048828125,-0.15869140625,-0.3173828125,0.74462890625,-0.03662109375,0.6591796875,0.2197265625,0.439453125,0.30517578125,0.54931640625,0.40283203125,0.08544921875,-0.048828125,0.18310546875,0.0244140625,1.06201171875,-0.03662109375,0.2685546875,-0.1953125,0.2197265625,-0.01220703125,0.28076171875,0.146484375,0.927734375,0.03662109375,0.0244140625,-0.1708984375,1.3427734375,-0.1953125,-0.93994140625,-0.1220703125,-0.3173828125,-0.244140625,-0.98876953125,0.1220703125,-0.7568359375,0.10986328125,-1.57470703125,-0.10986328125,-0.244140625,0.18310546875,-0.30517578125,-0.341796875,-1.171875,-0.03662109375,2.0751953125,-0.3173828125,2.05078125,-0.3173828125,3.30810546875,0.1220703125,2.52685546875,0.1708984375,-0.74462890625,-0.30517578125,-1.4404296875,-0.1708984375,-1.06201171875,0.01220703125,0.40283203125,0.06103515625,0.15869140625,0.08544921875,-0.1708984375,-0.06103515625,-0.20751953125,0.048828125,-0.09765625,-0.1220703125,-0.08544921875,0.0244140625,0.79345703125,0.06103515625,-0.5126953125,-0.06103515625,-0.54931640625
0,-0.23193359375,-0.3662109375,0.10986328125,-0.341796875,0.2197265625,-0.4150390625,0.0244140625,-0.01220703125,-0.08544921875,-0.18310546875,-0.048828125,-1.0009765625,0.1220703125,0.96435546875,0.1953125,-0.4638671875,-0.42724609375,5.0048828125,0.06103515625,5.126953125,-0.48828125,4.6875,-0.28076171875,7.958984375,-0.146484375,-0.1953125,0.20751953125,-0.79345703125,0.0732421875,0.86669921875,0.08544921875,0.2685546875,-0.03662109375,-0.29296875,-0.01220703125,-0.86669921875,-0.0732421875,-0.40283203125,0.09765625,-0.69580078125,0.20751953125,-0.146484375,-0.03662109375,-0.6591796875,-0.29296875,-0.341796875,0.03662109375,0.59814453125,-0.1708984375,1.171875,-0.01220703125,0.4638671875,-0.50048828125,-0.18310546875,-0.25634765625,0.732421875,-0.01220703125,0.64697265625,0.2197265625,0.45166015625,0.3173828125,0.50048828125,0.390625,0.048828125,0.06103515625,0.1708984375,0.08544921875,1.0498046875,-0.146484375,0.2685546875,-0.18310546875,0.20751953125,0.01220703125,0.28076171875,0.15869140625,0.93994140625,0.0244140625,0.0244140625,-0.2197265625,1.3427734375,-0.1953125,-0.93994140625,-0.0732421875,-0.3173828125,-0.10986328125,-0.9765625,0.15869140625,-0.732421875,0.048828125,-1.5625,-0.10986328125,-0.25634765625,0.08544921875,-0.29296875,-0.3173828125,-1.171875,-0.01220703125,1.47705078125,-0.29296875,1.46484375,-0.25634765625,2.4658203125,0.1220703125,1.953125,0.15869140625,-0.72021484375,-0.37841796875,-1.42822265625,-0.10986328125,-1.0498046875,0.03662109375,0.4150390625,0.048828125,0.15869140625,0.09765625,-0.146484375,-0.048828125,-0.1953125,0.06103515625,-0.09765625,-0.10986328125,-0.0732421875,0.048828125,0.79345703125,0.0732421875,-0.5126953125,-0.048828125,-0.537109375
0,-0.23193359375,-0.3662109375,0.18310546875,-0.341796875,0.18310546875,-0.45166015625,0.048828125,0,-0.06103515625,-0.1708984375,-0.06103515625,-0.98876953125,0.13427734375,0.96435546875,0.1708984375,-0.4638671875,-0.439453125,4.77294921875,0.03662109375,4.87060546875,-0.439453125,4.4921875,-0.4150390625,7.60498046875,-0.10986328125,-0.15869140625,0.20751953125,-0.8056640625,0.048828125,0.89111328125,0.03662109375,0.25634765625,0.048828125,-0.2685546875,-0.146484375,-0.87890625,-0.0244140625,-0.40283203125,0.1220703125,-0.7080078125,0.3173828125,-0.146484375,-0.06103515625,-0.64697265625,-0.1708984375,-0.35400390625,0.01220703125,0.59814453125,-0.2197265625,1.20849609375,0.0244140625,0.42724609375,-0.48828125,-0.2197265625,-0.23193359375,0.732421875,0,0.64697265625,0.23193359375,0.47607421875,0.3173828125,0.48828125,0.341796875,0.06103515625,0.15869140625,0.15869140625,0.09765625,1.0498046875,-0.25634765625,0.2685546875,-0.09765625,0.23193359375,0.0732421875,0.2685546875,0.13427734375,0.93994140625,0,0.03662109375,-0.2197265625,1.35498046875,-0.20751953125,-0.91552734375,0.01220703125,-0.3173828125,-0.01220703125,-0.98876953125,0.13427734375,-0.78125,-0.03662109375,-1.5625,-0.09765625,-0.2685546875,-0.048828125,-0.3173828125,-0.20751953125,-1.1962890625,0,0.8544921875,-0.20751953125,0.8544921875,-0.1953125,1.64794921875,0.0732421875,1.3671875,0.0732421875,-0.732421875,-0.390625,-1.4404296875,-0.03662109375,-1.0498046875,0.048828125,0.40283203125,0.03662109375,0.146484375,0.09765625,-0.146484375,-0.06103515625,-0.1953125,0.048828125,-0.08544921875,-0.10986328125,-0.06103515625,0.048828125,0.78125,0.0732421875,-0.52490234375,-0.06103515625,-0.54931640625
0,-0.20751953125,-0.3662109375,0.15869140625,-0.32958984375,0.1220703125,-0.42724609375,0.048828125,0,-0.0732421875,-0.15869140625,-0.03662109375,-1.01318359375,0.146484375,0.927734375,0.10986328125,-0.439453125,-0.42724609375,4.443359375,-0.01220703125,4.58984375,-0.29296875,4.248046875,-0.48828125,7.11669921875,-0.048828125,-0.1708984375,0.1708984375,-0.830078125,0.01220703125,0.87890625,-0.01220703125,0.244140625,0.0732421875,-0.2685546875,-0.1708984375,-0.86669921875,-0.03662109375,-0.390625,0.23193359375,-0.69580078125,0.37841796875,-0.13427734375,-0.0732421875,-0.64697265625,-0.01220703125,-0.37841796875,0.0244140625,0.59814453125,-0.25634765625,1.220703125,0.03662109375,0.42724609375,-0.4638671875,-0.20751953125,-0.1953125,0.7568359375,0.048828125,0.67138671875,0.25634765625,0.48828125,0.25634765625,0.4638671875,0.341796875,0.08544921875,0.15869140625,0.1953125,0.146484375,1.0498046875,-0.390625,0.23193359375,-0.0732421875,0.23193359375,0.10986328125,0.3173828125,0.09765625,0.96435546875,-0.0244140625,0.03662109375,-0.25634765625,1.35498046875,-0.1953125,-0.927734375,0.08544921875,-0.3173828125,0.08544921875,-0.98876953125,0.06103515625,-0.76904296875,-0.10986328125,-1.52587890625,-0.0732421875,-0.2685546875,-0.1708984375,-0.3173828125,-0.048828125,-1.1962890625,0.03662109375,0.23193359375,-0.09765625,0.244140625,-0.146484375,0.76904296875,-0.0244140625,0.79345703125,-0.0244140625,-0.732421875,-0.3173828125,-1.4404296875,0.0244140625,-1.06201171875,-0.0244140625,0.37841796875,0.0244140625,0.18310546875,0.08544921875,-0.13427734375,-0.0732421875,-0.20751953125,0.048828125,-0.09765625,-0.09765625,-0.048828125,0.048828125,0.76904296875,0.06103515625,-0.537109375,-0.0732421875,-0.54931640625
0,-0.2197265625,-0.37841796875,0.15869140625,-0.30517578125,0.09765625,-0.439453125,0.03662109375,0.0244140625,-0.08544921875,-0.146484375,-0.0732421875,-1.01318359375,0.13427734375,0.89111328125,0.08544921875,-0.4150390625,-0.40283203125,4.1748046875,0,4.30908203125,-0.10986328125,4.00390625,-0.537109375,6.6162109375,-0.01220703125,-0.146484375,0.1220703125,-0.81787109375,-0.048828125,0.89111328125,-0.08544921875,0.25634765625,0.06103515625,-0.25634765625,-0.13427734375,-0.84228515625,-0.0732421875,-0.37841796875,0.28076171875,-0.69580078125,0.42724609375,-0.146484375,-0.0732421875,-0.62255859375,0.10986328125,-0.37841796875,0.03662109375,0.57373046875,-0.25634765625,1.23291015625,0.0732421875,0.439453125,-0.4150390625,-0.1953125,-0.18310546875,0.76904296875,0.06103515625,0.68359375,0.244140625,0.47607421875,0.1953125,0.45166015625,0.29296875,0.1220703125,0.25634765625,0.23193359375,0.20751953125,1.03759765625,-0.52490234375,0.25634765625,-0.0244140625,0.25634765625,0.1708984375,0.3173828125,0.08544921875,0.93994140625,-0.048828125,0.0244140625,-0.244140625,1.35498046875,-0.15869140625,-0.93994140625,0.15869140625,-0.341796875,0.13427734375,-1.025390625,0.048828125,-0.76904296875,-0.1708984375,-1.513671875,-0.048828125,-0.25634765625,-0.244140625,-0.30517578125,0.1708984375,-1.220703125,0.01220703125,-0.40283203125,0.01220703125,-0.3662109375,-0.146484375,-0.08544921875,-0.13427734375,0.1953125,-0.10986328125,-0.72021484375,-0.23193359375,-1.416015625,0.03662109375,-1.03759765625,-0.09765625,0.390625,0,0.18310546875,0.06103515625,-0.146484375,-0.06103515625,-0.18310546875,0.03662109375,-0.08544921875,-0.0732421875,-0.06103515625,0.03662109375,0.76904296875,0.06103515625,-0.52490234375,-0.09765625,-0.54931640625
0,-0.2197265625,-0.40283203125,0.15869140625,-0.30517578125,0.0732421875,-0.4150390625,0.03662109375,0.03662109375,-0.08544921875,-0.13427734375,-0.08544921875,-1.01318359375,0.09765625,0.89111328125,0.03662109375,-0.4150390625,-0.390625,3.91845703125,0.01220703125,4.0283203125,0.09765625,3.7841796875,-0.5615234375,6.09130859375,0.0244140625,-0.1220703125,0.0732421875,-0.79345703125,-0.1708984375,0.89111328125,-0.15869140625,0.23193359375,0,-0.2685546875,-0.08544921875,-0.8544921875,-0.1220703125,-0.390625,0.35400390625,-0.7080078125,0.4150390625,-0.146484375,-0.0244140625,-0.634765625,0.18310546875,-0.4150390625,0.0732421875,0.59814453125,-0.2685546875,1.1962890625,0.13427734375,0.4638671875,-0.3662109375,-0.18310546875,-0.146484375,0.79345703125,0.03662109375,0.7080078125,0.2685546875,0.47607421875,0.10986328125,0.45166015625,0.2685546875,0.15869140625,0.29296875,0.244140625,0.1953125,1.0498046875,-0.634765625,0.2197265625,0.03662109375,0.2685546875,0.1708984375,0.3173828125,0.0244140625,0.91552734375,-0.08544921875,0.0244140625,-0.2197265625,1.37939453125,-0.1220703125,-0.96435546875,0.1953125,-0.3173828125,0.08544921875,-1.0009765625,-0.01220703125,-0.76904296875,-0.1708984375,-1.47705078125,-0.06103515625,-0.2685546875,-0.244140625,-0.3173828125,0.28076171875,-1.220703125,0,-1.0009765625,0.09765625,-0.9521484375,-0.1708984375,-0.9033203125,-0.244140625,-0.3173828125,-0.18310546875,-0.72021484375,-0.13427734375,-1.4404296875,0,-1.0498046875,-0.1708984375,0.40283203125,-0.01220703125,0.18310546875,0.06103515625,-0.1220703125,-0.06103515625,-0.18310546875,0.03662109375,-0.06103515625,-0.048828125,-0.048828125,0.01220703125,0.78125,0.048828125,-0.5126953125,-0.10986328125,-0.5615234375
0,-0.23193359375,-0.390625,0.1708984375,-0.28076171875,0.01220703125,-0.40283203125,0.0244140625,0.03662109375,-0.08544921875,-0.146484375,-0.08544921875,-1.01318359375,0.06103515625,0.89111328125,-0.01220703125,-0.390625,-0.37841796875,3.7109375,0.06103515625,3.82080078125,0.2197265625,3.564453125,-0.62255859375,5.5908203125,0.01220703125,-0.146484375,0.0244140625,-0.79345703125,-0.23193359375,0.91552734375,-0.1953125,0.2197265625,-0.1220703125,-0.2685546875,0.03662109375,-0.8544921875,-0.15869140625,-0.3662109375,0.37841796875,-0.72021484375,0.30517578125,-0.146484375,0.01220703125,-0.6103515625,0.18310546875,-0.439453125,0.1220703125,0.6103515625,-0.32958984375,1.171875,0.1953125,0.47607421875,-0.29296875,-0.13427734375,-0.09765625,0.78125,0.0244140625,0.732421875,0.25634765625,0.4638671875,0.06103515625,0.48828125,0.28076171875,0.15869140625,0.341796875,0.28076171875,0.18310546875,1.06201171875,-0.7080078125,0.2197265625,0.06103515625,0.25634765625,0.20751953125,0.29296875,-0.01220703125,0.9033203125,-0.1220703125,0.0244140625,-0.23193359375,1.3671875,-0.08544921875,-0.96435546875,0.2197265625,-0.32958984375,-0.01220703125,-1.03759765625,-0.0244140625,-0.7568359375,-0.146484375,-1.45263671875,-0.0732421875,-0.25634765625,-0.13427734375,-0.30517578125,0.3173828125,-1.220703125,-0.01220703125,-1.55029296875,0.1220703125,-1.42822265625,-0.2197265625,-1.62353515625,-0.2685546875,-0.76904296875,-0.25634765625,-0.732421875,-0.0732421875,-1.42822265625,-0.048828125,-1.06201171875,-0.2197265625,0.40283203125,-0.0244140625,0.1953125,0.03662109375,-0.13427734375,-0.0732421875,-0.1708984375,0,-0.048828125,-0.048828125,-0.0732421875,0.03662109375,0.79345703125,0.048828125,-0.50048828125,-0.09765625,-0.537109375
0,-0.1953125,-0.40283203125,0.15869140625,-0.29296875,-0.03662109375,-0.3662109375,0.03662109375,0.03662109375,-0.08544921875,-0.146484375,-0.0732421875,-1.0009765625,0.048828125,0.86669921875,-0.06103515625,-0.4150390625,-0.32958984375,3.515625,0.20751953125,3.662109375,0.3662109375,3.3935546875,-0.50048828125,5.16357421875,-0.01220703125,-0.146484375,0,-0.78125,-0.2685546875,0.927734375,-0.1953125,0.2197265625,-0.1953125,-0.25634765625,0.18310546875,-0.84228515625,-0.18310546875,-0.35400390625,0.30517578125,-0.72021484375,0.13427734375,-0.15869140625,0.03662109375,-0.6103515625,0.09765625,-0.42724609375,0.13427734375,0.634765625,-0.40283203125,1.15966796875,0.244140625,0.48828125,-0.20751953125,-0.13427734375,-0.0732421875,0.78125,-0.03662109375,0.732421875,0.23193359375,0.45166015625,0,0.5126953125,0.28076171875,0.1708984375,0.3662109375,0.28076171875,0.1953125,1.03759765625,-0.76904296875,0.20751953125,0.08544921875,0.25634765625,0.1953125,0.29296875,-0.10986328125,0.927734375,-0.1708984375,0,-0.1953125,1.37939453125,-0.0244140625,-0.9765625,0.20751953125,-0.30517578125,-0.1220703125,-1.025390625,-0.0244140625,-0.74462890625,-0.13427734375,-1.45263671875,-0.08544921875,-0.244140625,-0.0244140625,-0.30517578125,0.25634765625,-1.23291015625,-0.0244140625,-1.9775390625,0.09765625,-1.79443359375,-0.30517578125,-2.16064453125,-0.25634765625,-1.13525390625,-0.1953125,-0.732421875,-0.0244140625,-1.42822265625,-0.1220703125,-1.0498046875,-0.20751953125,0.390625,-0.01220703125,0.1708984375,0.0244140625,-0.1220703125,-0.048828125,-0.1708984375,-0.048828125,-0.06103515625,-0.03662109375,-0.06103515625,0,0.81787109375,0.06103515625,-0.47607421875,-0.06103515625,-0.537109375
0,-0.20751953125,-0.390625,0.1708984375,-0.2685546875,-0.08544921875,-0.35400390625,0.03662109375,0.03662109375,-0.08544921875,-0.1708984375,-0.048828125,-1.01318359375,0.06103515625,0.87890625,-0.08544921875,-0.42724609375,-0.32958984375,3.3447265625,0.3173828125,3.4912109375,0.37841796875,3.22265625,-0.48828125,4.84619140625,0.01220703125,-0.15869140625,-0.03662109375,-0.76904296875,-0.2685546875,0.91552734375,-0.13427734375,0.23193359375,-0.1953125,-0.2685546875,0.3173828125,-0.830078125,-0.18310546875,-0.341796875,0.30517578125,-0.72021484375,-0.0244140625,-0.146484375,0.06103515625,-0.62255859375,-0.0244140625,-0.4150390625,0.15869140625,0.64697265625,-0.4150390625,1.15966796875,0.28076171875,0.48828125,-0.10986328125,-0.13427734375,-0.03662109375,0.76904296875,-0.09765625,0.72021484375,0.1953125,0.4638671875,-0.0244140625,0.5615234375,0.28076171875,0.15869140625,0.390625,0.28076171875,0.13427734375,1.06201171875,-0.8056640625,0.20751953125,0.0732421875,0.23193359375,0.1953125,0.2685546875,-0.15869140625,0.9521484375,-0.1953125,0.01220703125,-0.18310546875,1.37939453125,0,-0.9765625,0.18310546875,-0.32958984375,-0.244140625,-1.0009765625,-0.0244140625,-0.76904296875,-0.08544921875,-1.45263671875,-0.0732421875,-0.2197265625,0.13427734375,-0.3173828125,0.13427734375,-1.220703125,-0.03662109375,-2.23388671875,-0.048828125,-2.0263671875,-0.37841796875,-2.50244140625,-0.20751953125,-1.3427734375,-0.10986328125,-0.732421875,0.01220703125,-1.4404296875,-0.15869140625,-1.025390625,-0.18310546875,0.40283203125,-0.03662109375,0.1708984375,0.01220703125,-0.13427734375,-0.0732421875,-0.1708984375,-0.0732421875,-0.03662109375,-0.0244140625,-0.06103515625,-0.01220703125,0.81787109375,0.048828125,-0.50048828125,-0.03662109375,-0.52490234375
0,-0.2197265625,-0.3662109375,0.15869140625,-0.30517578125,-0.13427734375,-0.3662109375,0.03662109375,0.01220703125,-0.09765625,-0.18310546875,-0.06103515625,-1.0009765625,0.048828125,0.89111328125,-0.146484375,-0.42724609375,-0.32958984375,3.22265625,0.3662109375,3.35693359375,0.3173828125,3.1005859375,-0.40283203125,4.60205078125,-0.03662109375,-0.18310546875,-0.0244140625,-0.78125,-0.23193359375,0.9033203125,-0.048828125,0.2197265625,-0.08544921875,-0.28076171875,0.37841796875,-0.84228515625,-0.18310546875,-0.35400390625,0.2197265625,-0.72021484375,-0.1953125,-0.18310546875,0.01220703125,-0.634765625,-0.13427734375,-0.40283203125,0.10986328125,0.64697265625,-0.40283203125,1.11083984375,0.28076171875,0.50048828125,-0.048828125,-0.1220703125,0,0.76904296875,-0.1220703125,0.68359375,0.1220703125,0.4638671875,-0.08544921875,0.59814453125,0.244140625,0.15869140625,0.439453125,0.2685546875,0.09765625,1.06201171875,-0.76904296875,0.2197265625,0.06103515625,0.2197265625,0.1220703125,0.28076171875,-0.1708984375,0.93994140625,-0.18310546875,-0.01220703125,-0.18310546875,1.35498046875,0.03662109375,-0.9521484375,0.146484375,-0.3173828125,-0.32958984375,-1.0009765625,0.01220703125,-0.76904296875,-0.0732421875,-1.46484375,-0.10986328125,-0.23193359375,0.2685546875,-0.30517578125,0.0244140625,-1.23291015625,-0.01220703125,-2.30712890625,-0.18310546875,-2.06298828125,-0.40283203125,-2.57568359375,-0.1708984375,-1.37939453125,0.0244140625,-0.732421875,0,-1.4404296875,-0.18310546875,-1.03759765625,-0.15869140625,0.390625,-0.03662109375,0.18310546875,0.0244140625,-0.1220703125,-0.06103515625,-0.18310546875,-0.10986328125,-0.048828125,-0.0244140625,-0.048828125,-0.01220703125,0.830078125,0.06103515625,-0.48828125,-0.0244140625,-0.52490234375
0,-0.2197265625,-0.3662109375,0.18310546875,-0.29296875,-0.15869140625,-0.35400390625,0.03662109375,0.0244140625,-0.08544921875,-0.1708984375,-0.0732421875,-1.0009765625,0.0732421875,0.9033203125,-0.2197265625,-0.439453125,-0.35400390625,3.06396484375,0.40283203125,3.25927734375,0.18310546875,3.01513671875,-0.244140625,4.45556640625,-0.09765625,-0.18310546875,0.01220703125,-0.76904296875,-0.15869140625,0.89111328125,0.01220703125,0.2197265625,0.048828125,-0.28076171875,0.40283203125,-0.84228515625,-0.1953125,-0.35400390625,0.1708984375,-0.732421875,-0.28076171875,-0.1708984375,-0.048828125,-0.634765625,-0.23193359375,-0.37841796875,0.09765625,0.62255859375,-0.37841796875,1.13525390625,0.30517578125,0.48828125,-0.0244140625,-0.146484375,0,0.74462890625,-0.18310546875,0.64697265625,0.10986328125,0.439453125,-0.13427734375,0.62255859375,0.1708984375,0.1220703125,0.47607421875,0.244140625,0.01220703125,1.06201171875,-0.72021484375,0.2197265625,0.03662109375,0.20751953125,0,0.244140625,-0.18310546875,0.96435546875,-0.146484375,-0.01220703125,-0.1708984375,1.3427734375,0.048828125,-0.9521484375,0.08544921875,-0.32958984375,-0.37841796875,-0.9765625,-0.01220703125,-0.78125,-0.03662109375,-1.46484375,-0.10986328125,-0.2197265625,0.30517578125,-0.29296875,-0.08544921875,-1.220703125,-0.0244140625,-2.18505859375,-0.25634765625,-1.96533203125,-0.30517578125,-2.392578125,-0.10986328125,-1.25732421875,0.18310546875,-0.732421875,-0.03662109375,-1.4404296875,-0.18310546875,-1.03759765625,-0.20751953125,0.40283203125,-0.06103515625,0.20751953125,0.01220703125,-0.1220703125,-0.0732421875,-0.18310546875,-0.1220703125,-0.0732421875,-0.048828125,-0.03662109375,-0.01220703125,0.84228515625,0.0732421875,-0.48828125,-0.03662109375,-0.50048828125
0,-0.20751953125,-0.32958984375,0.15869140625,-0.28076171875,-0.2197265625,-0.3662109375,0.03662109375,0.01220703125,-0.08544921875,-0.15869140625,-0.048828125,-0.98876953125,0.06103515625,0.91552734375,-0.2685546875,-0.42724609375,-0.35400390625,2.9296875,0.390625,3.11279296875,0.01220703125,2.9296875,-0.048828125,4.33349609375,-0.1220703125,-0.1953125,0.048828125,-0.78125,-0.0732421875,0.87890625,0.09765625,0.23193359375,0.146484375,-0.28076171875,0.3662109375,-0.81787109375,-0.15869140625,-0.35400390625,0.15869140625,-0.74462890625,-0.28076171875,-0.146484375,-0.10986328125,-0.634765625,-0.29296875,-0.3662109375,0.08544921875,0.64697265625,-0.3173828125,1.123046875,0.23193359375,0.47607421875,0.0244140625,-0.13427734375,-0.06103515625,0.732421875,-0.2197265625,0.634765625,0.10986328125,0.45166015625,-0.1220703125,0.62255859375,0.09765625,0.09765625,0.42724609375,0.20751953125,-0.08544921875,1.06201171875,-0.634765625,0.23193359375,0.048828125,0.1953125,-0.0244140625,0.244140625,-0.146484375,0.96435546875,-0.09765625,0,-0.20751953125,1.33056640625,0.0244140625,-0.927734375,0.048828125,-0.3173828125,-0.341796875,-0.96435546875,-0.03662109375,-0.76904296875,0.01220703125,-1.46484375,-0.1220703125,-0.2197265625,0.2685546875,-0.29296875,-0.09765625,-1.1962890625,-0.03662109375,-1.904296875,-0.3173828125,-1.708984375,-0.18310546875,-2.03857421875,-0.0732421875,-1.025390625,0.28076171875,-0.72021484375,-0.0732421875,-1.4404296875,-0.18310546875,-1.0498046875,-0.244140625,0.42724609375,-0.048828125,0.1708984375,0,-0.10986328125,-0.08544921875,-0.1708984375,-0.1220703125,-0.06103515625,-0.048828125,-0.03662109375,-0.048828125,0.79345703125,0.0732421875,-0.4638671875,-0.01220703125,-0.50048828125
0,-0.20751953125,-0.341796875,0.18310546875,-0.30517578125,-0.244140625,-0.37841796875,0.0244140625,0.01220703125,-0.09765625,-0.1708984375,-0.03662109375,-0.9765625,0.048828125,0.927734375,-0.32958984375,-0.45166015625,-0.35400390625,2.7587890625,0.30517578125,2.978515625,-0.1220703125,2.8564453125,0.0732421875,4.19921875,-0.13427734375,-0.2197265625,0.08544921875,-0.79345703125,0.01220703125,0.8544921875,0.13427734375,0.23193359375,0.23193359375,-0.28076171875,0.30517578125,-0.84228515625,-0.1220703125,-0.35400390625,0.146484375,-0.74462890625,-0.2197265625,-0.15869140625,-0.1708984375,-0.64697265625,-0.30517578125,-0.37841796875,0,0.62255859375,-0.25634765625,1.13525390625,0.18310546875,0.4638671875,0.048828125,-0.18310546875,-0.10986328125,0.74462890625,-0.244140625,0.6103515625,0.1220703125,0.45166015625,-0.13427734375,0.59814453125,0.048828125,0.08544921875,0.37841796875,0.1953125,-0.1708984375,1.07421875,-0.57373046875,0.23193359375,0.048828125,0.1708984375,-0.10986328125,0.23193359375,-0.1220703125,0.96435546875,-0.06103515625,0,-0.2197265625,1.33056640625,0.01220703125,-0.91552734375,0.01220703125,-0.32958984375,-0.25634765625,-0.93994140625,-0.06103515625,-0.78125,0.01220703125,-1.47705078125,-0.09765625,-0.20751953125,0.15869140625,-0.30517578125,-0.03662109375,-1.171875,-0.03662109375,-1.5380859375,-0.35400390625,-1.3916015625,-0.08544921875,-1.5380859375,-0.08544921875,-0.69580078125,0.341796875,-0.74462890625,-0.10986328125,-1.45263671875,-0.146484375,-1.03759765625,-0.244140625,0.4150390625,-0.06103515625,0.1953125,-0.01220703125,-0.1220703125,-0.06103515625,-0.146484375,-0.1220703125,-0.06103515625,-0.048828125,-0.03662109375,-0.03662109375,0.830078125,0.08544921875,-0.45166015625,-0.01220703125,-0.5126953125
0,-0.23193359375,-0.341796875,0.18310546875,-0.30517578125,-0.28076171875,-0.4150390625,0.048828125,0.01220703125,-0.0732421875,-0.1708984375,-0.0244140625,-1.0009765625,0.048828125,0.93994140625,-0.35400390625,-0.4638671875,-0.28076171875,2.57568359375,0.1953125,2.81982421875,-0.15869140625,2.77099609375,0.1220703125,4.00390625,-0.1220703125,-0.20751953125,0.146484375,-0.79345703125,0.08544921875,0.87890625,0.18310546875,0.244140625,0.3173828125,-0.28076171875,0.15869140625,-0.830078125,-0.08544921875,-0.3662109375,0.09765625,-0.7568359375,-0.09765625,-0.1708984375,-0.20751953125,-0.6591796875,-0.32958984375,-0.37841796875,-0.06103515625,0.62255859375,-0.1953125,1.1474609375,0.13427734375,0.45166015625,0.0732421875,-0.1708984375,-0.13427734375,0.732421875,-0.2685546875,0.62255859375,0.146484375,0.4638671875,-0.18310546875,0.54931640625,0.048828125,0.08544921875,0.2685546875,0.15869140625,-0.23193359375,1.06201171875,-0.5859375,0.23193359375,0.06103515625,0.1953125,-0.2197265625,0.23193359375,-0.0732421875,0.9521484375,0,0,-0.2685546875,1.3427734375,-0.03662109375,-0.89111328125,-0.01220703125,-0.3173828125,-0.13427734375,-0.9521484375,-0.10986328125,-0.79345703125,0,-1.4892578125,-0.0732421875,-0.20751953125,0.01220703125,-0.30517578125,0.0244140625,-1.15966796875,-0.06103515625,-1.15966796875,-0.30517578125,-1.07421875,0,-1.025390625,-0.03662109375,-0.37841796875,0.3173828125,-0.74462890625,-0.1220703125,-1.45263671875,-0.10986328125,-1.0498046875,-0.244140625,0.4150390625,-0.048828125,0.1953125,0,-0.146484375,-0.0732421875,-0.09765625,-0.13427734375,-0.06103515625,-0.06103515625,-0.03662109375,-0.03662109375,0.84228515625,0.09765625,-0.42724609375,0,-0.5126953125
0,-0.244140625,-0.32958984375,0.1953125,-0.341796875,-0.32958984375,-0.4150390625,0.03662109375,0.01220703125,-0.048828125,-0.1708984375,-0.03662109375,-0.9765625,0.0732421875,0.927734375,-0.3662109375,-0.4638671875,-0.244140625,2.34375,0.0732421875,2.63671875,-0.1220703125,2.6611328125,-0.0244140625,3.62548828125,-0.09765625,-0.20751953125,0.1708984375,-0.79345703125,0.10986328125,0.9033203125,0.23193359375,0.244140625,0.3662109375,-0.28076171875,0.048828125,-0.8544921875,-0.01220703125,-0.37841796875,0.1220703125,-0.74462890625,0.01220703125,-0.1708984375,-0.20751953125,-0.6591796875,-0.30517578125,-0.37841796875,-0.1220703125,0.6103515625,-0.1708984375,1.171875,0.146484375,0.45166015625,0.0732421875,-0.18310546875,-0.15869140625,0.74462890625,-0.30517578125,0.6591796875,0.1708984375,0.4638671875,-0.23193359375,0.5126953125,0.09765625,0.09765625,0.23193359375,0.1708984375,-0.3173828125,1.07421875,-0.6103515625,0.23193359375,0.06103515625,0.20751953125,-0.2685546875,0.25634765625,-0.0244140625,0.96435546875,0.03662109375,0.01220703125,-0.3173828125,1.3427734375,-0.048828125,-0.89111328125,-0.03662109375,-0.3173828125,-0.01220703125,-0.96435546875,-0.146484375,-0.76904296875,-0.06103515625,-1.50146484375,-0.03662109375,-0.20751953125,-0.146484375,-0.28076171875,0.08544921875,-1.1474609375,-0.09765625,-0.8056640625,-0.1953125,-0.78125,0.0732421875,-0.57373046875,0.01220703125,-0.1220703125,0.1953125,-0.732421875,-0.1220703125,-1.4892578125,0,-1.0498046875,-0.244140625,0.4150390625,-0.0732421875,0.20751953125,-0.01220703125,-0.15869140625,-0.0732421875,-0.0732421875,-0.13427734375,-0.0732421875,-0.0732421875,-0.03662109375,-0.048828125,0.86669921875,0.09765625,-0.42724609375,0.01220703125,-0.5126953125
1,-0.244140625,-0.35400390625,0.20751953125,-0.341796875,-0.3662109375,-0.439453125,0.0244140625,-0.01220703125,-0.048828125,-0.1708984375,-0.0244140625,-1.0009765625,0.048828125,0.927734375,-0.3662109375,-0.47607421875,-0.244140625,2.03857421875,-0.048828125,2.34375,-0.03662109375,2.47802734375,-0.1708984375,3.11279296875,-0.03662109375,-0.20751953125,0.1953125,-0.79345703125,0.10986328125,0.91552734375,0.25634765625,0.2197265625,0.37841796875,-0.28076171875,0.0244140625,-0.8544921875,0.0244140625,-0.37841796875,0.08544921875,-0.732421875,0.10986328125,-0.1708984375,-0.1220703125,-0.6591796875,-0.2685546875,-0.390625,-0.1220703125,0.5859375,-0.09765625,1.171875,0.15869140625,0.4638671875,0.0732421875,-0.18310546875,-0.15869140625,0.76904296875,-0.32958984375,0.68359375,0.23193359375,0.4638671875,-0.341796875,0.47607421875,0.146484375,0.1220703125,0.20751953125,0.1708984375,-0.3662109375,1.07421875,-0.6591796875,0.2197265625,0.048828125,0.2197265625,-0.3662109375,0.28076171875,-0.01220703125,0.93994140625,0.0732421875,0.03662109375,-0.3173828125,1.3671875,-0.09765625,-0.9033203125,-0.048828125,-0.341796875,0.0732421875,-0.98876953125,-0.1220703125,-0.79345703125,-0.10986328125,-1.513671875,-0.03662109375,-0.23193359375,-0.28076171875,-0.28076171875,0.0732421875,-1.15966796875,-0.13427734375,-0.5615234375,-0.08544921875,-0.5859375,0.09765625,-0.28076171875,0.0244140625,0.048828125,0.06103515625,-0.72021484375,-0.13427734375,-1.47705078125,0.06103515625,-1.0498046875,-0.2685546875,0.4150390625,-0.048828125,0.20751953125,0,-0.15869140625,-0.08544921875,-0.0732421875,-0.13427734375,-0.08544921875,-0.0732421875,-0.048828125,-0.03662109375,0.87890625,0.10986328125,-0.4150390625,0.01220703125,-0.5126953125
1,-0.29296875,-0.3662109375,0.1953125,-0.30517578125,-0.37841796875,-0.42724609375,0.0244140625,0,-0.03662109375,-0.15869140625,-0.01220703125,-1.0009765625,0.03662109375,0.927734375,-0.341796875,-0.45166015625,-0.30517578125,1.66015625,-0.18310546875,1.9775390625,0.01220703125,2.24609375,-0.439453125,2.42919921875,0.01220703125,-0.18310546875,0.20751953125,-0.81787109375,0.06103515625,0.89111328125,0.29296875,0.2197265625,0.244140625,-0.29296875,-0.01220703125,-0.8544921875,0.0732421875,-0.40283203125,0.18310546875,-0.732421875,0.146484375,-0.1708984375,-0.01220703125,-0.6591796875,-0.244140625,-0.40283203125,-0.10986328125,0.59814453125,-0.03662109375,1.171875,0.146484375,0.4638671875,0.048828125,-0.1708984375,-0.15869140625,0.7568359375,-0.35400390625,0.7080078125,0.25634765625,0.45166015625,-0.3662109375,0.45166015625,0.1708984375,0.13427734375,0.10986328125,0.2197265625,-0.4150390625,1.08642578125,-0.72021484375,0.2197265625,0.0244140625,0.2197265625,-0.4150390625,0.3173828125,0.06103515625,0.9033203125,0.048828125,0.048828125,-0.3173828125,1.37939453125,-0.10986328125,-0.927734375,-0.03662109375,-0.341796875,0.13427734375,-1.01318359375,-0.08544921875,-0.78125,-0.1220703125,-1.513671875,-0.0732421875,-0.20751953125,-0.28076171875,-0.29296875,0.03662109375,-1.171875,-0.2197265625,-0.5126953125,0.048828125,-0.5126953125,0.09765625,-0.20751953125,0.06103515625,0.1220703125,-0.0732421875,-0.732421875,-0.18310546875,-1.47705078125,0.1220703125,-1.07421875,-0.30517578125,0.42724609375,-0.03662109375,0.20751953125,0,-0.1708984375,-0.06103515625,-0.03662109375,-0.15869140625,-0.0732421875,-0.06103515625,-0.03662109375,-0.03662109375,0.9033203125,0.09765625,-0.40283203125,0.0244140625,-0.5126953125
1,-0.2685546875,-0.3662109375,0.1953125,-0.30517578125,-0.4150390625,-0.42724609375,0.01220703125,0,-0.03662109375,-0.146484375,-0.01220703125,-1.01318359375,0.01220703125,0.927734375,-0.30517578125,-0.42724609375,-0.3173828125,1.23291015625,-0.20751953125,1.5869140625,0.06103515625,1.9775390625,-0.5859375,1.62353515625,0.048828125,-0.1708984375,0.20751953125,-0.81787109375,0.01220703125,0.91552734375,0.29296875,0.20751953125,0.048828125,-0.3173828125,-0.01220703125,-0.84228515625,0.1220703125,-0.40283203125,0.244140625,-0.72021484375,0.1708984375,-0.1708984375,0.1220703125,-0.6591796875,-0.1708984375,-0.40283203125,-0.048828125,0.6103515625,-0.048828125,1.18408203125,0.146484375,0.48828125,0.0244140625,-0.1708984375,-0.20751953125,0.76904296875,-0.341796875,0.74462890625,0.2685546875,0.4638671875,-0.40283203125,0.45166015625,0.15869140625,0.15869140625,0.03662109375,0.2685546875,-0.42724609375,1.07421875,-0.830078125,0.1953125,0.01220703125,0.23193359375,-0.45166015625,0.35400390625,0.10986328125,0.87890625,0.06103515625,0.06103515625,-0.32958984375,1.3916015625,-0.1220703125,-0.93994140625,0.01220703125,-0.35400390625,0.10986328125,-1.01318359375,0.0244140625,-0.76904296875,-0.1220703125,-1.50146484375,-0.146484375,-0.2197265625,-0.2197265625,-0.28076171875,-0.01220703125,-1.1962890625,-0.20751953125,-0.5859375,0.13427734375,-0.57373046875,0.1220703125,-0.341796875,0.06103515625,0.048828125,-0.1708984375,-0.732421875,-0.1953125,-1.4892578125,0.09765625,-1.07421875,-0.32958984375,0.40283203125,-0.048828125,0.2197265625,0,-0.18310546875,-0.0732421875,-0.048828125,-0.1708984375,-0.06103515625,-0.048828125,-0.0244140625,-0.048828125,0.9033203125,0.08544921875,-0.4150390625,0.01220703125,-0.50048828125
1,-0.29296875,-0.3662109375,0.20751953125,-0.2685546875,-0.4638671875,-0.40283203125,0.03662109375,0.0244140625,0,-0.13427734375,-0.01220703125,-1.025390625,0.01220703125,0.9033203125,-0.244140625,-0.40283203125,-0.341796875,0.78125,-0.20751953125,1.15966796875,0,1.64794921875,-0.67138671875,0.78125,0.06103515625,-0.1708984375,0.244140625,-0.8056640625,0,0.91552734375,0.244140625,0.20751953125,-0.1953125,-0.3173828125,0,-0.81787109375,0.18310546875,-0.37841796875,0.244140625,-0.732421875,0.1220703125,-0.15869140625,0.20751953125,-0.634765625,-0.146484375,-0.390625,0.06103515625,0.64697265625,-0.08544921875,1.171875,0.15869140625,0.50048828125,-0.01220703125,-0.146484375,-0.25634765625,0.76904296875,-0.30517578125,0.7568359375,0.25634765625,0.45166015625,-0.42724609375,0.48828125,0.06103515625,0.15869140625,-0.08544921875,0.3173828125,-0.45166015625,1.06201171875,-0.91552734375,0.1953125,0.03662109375,0.23193359375,-0.5126953125,0.3662109375,0.146484375,0.89111328125,0.06103515625,0.048828125,-0.244140625,1.3916015625,-0.1220703125,-0.927734375,0.06103515625,-0.32958984375,0.08544921875,-1.01318359375,0.08544921875,-0.76904296875,-0.09765625,-1.52587890625,-0.23193359375,-0.23193359375,-0.08544921875,-0.25634765625,-0.10986328125,-1.1962890625,-0.18310546875,-0.79345703125,0.1708984375,-0.7568359375,-0.03662109375,-0.634765625,0.08544921875,-0.10986328125,-0.18310546875,-0.732421875,-0.2685546875,-1.46484375,0.03662109375,-1.0986328125,-0.3173828125,0.40283203125,-0.0244140625,0.2197265625,-0.01220703125,-0.1708984375,-0.06103515625,-0.06103515625,-0.146484375,-0.0732421875,-0.03662109375,-0.0244140625,-0.048828125,0.9033203125,0.06103515625,-0.439453125,0.0244140625,-0.48828125
1,-0.30517578125,-0.37841796875,0.18310546875,-0.25634765625,-0.48828125,-0.37841796875,0.03662109375,0.03662109375,0,-0.13427734375,0,-1.0009765625,0,0.91552734375,-0.2197265625,-0.37841796875,-0.341796875,0.35400390625,-0.15869140625,0.76904296875,-0.10986328125,1.33056640625,-0.57373046875,-0.0244140625,0.06103515625,-0.18310546875,0.20751953125,-0.8056640625,-0.0244140625,0.91552734375,0.2197265625,0.18310546875,-0.40283203125,-0.30517578125,0.01220703125,-0.830078125,0.2197265625,-0.37841796875,0.25634765625,-0.7080078125,0.1220703125,-0.1708984375,0.2685546875,-0.62255859375,-0.13427734375,-0.37841796875,0.1708984375,0.64697265625,-0.15869140625,1.15966796875,0.15869140625,0.48828125,-0.048828125,-0.15869140625,-0.341796875,0.76904296875,-0.244140625,0.7568359375,0.2197265625,0.45166015625,-0.390625,0.47607421875,-0.03662109375,0.15869140625,-0.15869140625,0.37841796875,-0.45166015625,1.06201171875,-0.98876953125,0.1953125,0,0.244140625,-0.52490234375,0.37841796875,0.1708984375,0.87890625,0.0244140625,0.0732421875,-0.1953125,1.40380859375,-0.10986328125,-0.93994140625,0.06103515625,-0.341796875,0.048828125,-1.01318359375,0.1708984375,-0.76904296875,-0.048828125,-1.50146484375,-0.2685546875,-0.20751953125,0.06103515625,-0.25634765625,-0.18310546875,-1.18408203125,-0.048828125,-1.0498046875,0.18310546875,-0.9521484375,-0.13427734375,-1.025390625,0.1953125,-0.3173828125,-0.1708984375,-0.732421875,-0.32958984375,-1.46484375,0.01220703125,-1.07421875,-0.28076171875,0.4150390625,-0.03662109375,0.20751953125,-0.0244140625,-0.13427734375,-0.0732421875,-0.08544921875,-0.13427734375,-0.06103515625,-0.03662109375,-0.01220703125,-0.048828125,0.89111328125,0.0244140625,-0.42724609375,0.0244140625,-0.4638671875
1,-0.30517578125,-0.37841796875,0.20751953125,-0.23193359375,-0.5126953125,-0.37841796875,0.048828125,0.0732421875,0,-0.13427734375,0,-1.01318359375,0.01220703125,0.91552734375,-0.1708984375,-0.3662109375,-0.32958984375,-0.01220703125,-0.048828125,0.4150390625,-0.23193359375,1.03759765625,-0.37841796875,-0.67138671875,0.0244140625,-0.1953125,0.2197265625,-0.81787109375,-0.0244140625,0.9033203125,0.10986328125,0.1953125,-0.48828125,-0.30517578125,0.0244140625,-0.830078125,0.244140625,-0.37841796875,0.25634765625,-0.7080078125,0.08544921875,-0.1708984375,0.25634765625,-0.64697265625,-0.13427734375,-0.341796875,0.2685546875,0.67138671875,-0.23193359375,1.15966796875,0.15869140625,0.50048828125,-0.09765625,-0.1708984375,-0.40283203125,0.74462890625,-0.25634765625,0.74462890625,0.1708984375,0.45166015625,-0.390625,0.5126953125,-0.1220703125,0.146484375,-0.1953125,0.40283203125,-0.45166015625,1.0498046875,-1.025390625,0.20751953125,-0.01220703125,0.244140625,-0.537109375,0.4150390625,0.1708984375,0.8544921875,0.0244140625,0.03662109375,-0.1220703125,1.3916015625,-0.0732421875,-0.96435546875,0.13427734375,-0.32958984375,0.01220703125,-1.0009765625,0.2197265625,-0.7568359375,-0.06103515625,-1.50146484375,-0.25634765625,-0.2197265625,0.1953125,-0.25634765625,-0.1953125,-1.20849609375,0.0244140625,-1.2939453125,0.0244140625,-1.15966796875,-0.29296875,-1.37939453125,0.1708984375,-0.48828125,-0.09765625,-0.732421875,-0.341796875,-1.45263671875,-0.03662109375,-1.06201171875,-0.25634765625,0.4150390625,-0.048828125,0.1953125,-0.0244140625,-0.13427734375,-0.0732421875,-0.10986328125,-0.146484375,-0.048828125,-0.0244140625,-0.0244140625,-0.03662109375,0.86669921875,0.03662109375,-0.439453125,0.01220703125,-0.48828125
1,-0.30517578125,-0.341796875,0.20751953125,-0.23193359375,-0.52490234375,-0.3662109375,0.048828125,0.048828125,0,-0.13427734375,-0.01220703125,-0.98876953125,0.03662109375,0.927734375,-0.18310546875,-0.37841796875,-0.341796875,-0.23193359375,0,0.244140625,-0.37841796875,0.87890625,-0.15869140625,-1.06201171875,-0.01220703125,-0.1953125,0.15869140625,-0.8056640625,-0.048828125,0.89111328125,-0.0244140625,0.1953125,-0.40283203125,-0.32958984375,-0.01220703125,-0.81787109375,0.23193359375,-0.40283203125,0.2197265625,-0.72021484375,0.1220703125,-0.18310546875,0.20751953125,-0.634765625,-0.13427734375,-0.32958984375,0.29296875,0.68359375,-0.2685546875,1.15966796875,0.15869140625,0.47607421875,-0.15869140625,-0.1953125,-0.42724609375,0.74462890625,-0.20751953125,0.72021484375,0.1220703125,0.4638671875,-0.37841796875,0.52490234375,-0.13427734375,0.1220703125,-0.2685546875,0.42724609375,-0.390625,1.0498046875,-1.0009765625,0.20751953125,-0.048828125,0.2685546875,-0.52490234375,0.390625,0.18310546875,0.9033203125,-0.01220703125,0.048828125,-0.03662109375,1.37939453125,-0.03662109375,-0.9765625,0.18310546875,-0.3173828125,-0.01220703125,-0.98876953125,0.23193359375,-0.74462890625,-0.048828125,-1.4892578125,-0.20751953125,-0.2197265625,0.3173828125,-0.29296875,-0.1708984375,-1.18408203125,0.1708984375,-1.47705078125,-0.03662109375,-1.318359375,-0.35400390625,-1.6845703125,0.146484375,-0.634765625,-0.0244140625,-0.7080078125,-0.35400390625,-1.45263671875,-0.048828125,-1.03759765625,-0.244140625,0.4150390625,-0.0732421875,0.23193359375,-0.03662109375,-0.09765625,-0.0732421875,-0.13427734375,-0.1220703125,-0.048828125,-0.0244140625,0,-0.03662109375,0.84228515625,0.03662109375,-0.45166015625,0.0244140625,-0.4638671875
1,-0.30517578125,-0.35400390625,0.1953125,-0.244140625,-0.5615234375,-0.341796875,0.0732421875,0.03662109375,-0.0244140625,-0.15869140625,-0.01220703125,-0.98876953125,0.048828125,0.91552734375,-0.1708984375,-0.4150390625,-0.23193359375,-0.30517578125,0.1220703125,0.1708984375,-0.390625,0.84228515625,0.0244140625,-1.123046875,-0.048828125,-0.20751953125,0.08544921875,-0.78125,-0.09765625,0.87890625,-0.1953125,0.20751953125,-0.20751953125,-0.341796875,-0.0244140625,-0.84228515625,0.1953125,-0.42724609375,0.2197265625,-0.72021484375,0.146484375,-0.1953125,0.10986328125,-0.64697265625,-0.13427734375,-0.3173828125,0.30517578125,0.67138671875,-0.2685546875,1.1474609375,0.18310546875,0.4638671875,-0.2197265625,-0.20751953125,-0.4150390625,0.72021484375,-0.1953125,0.69580078125,0.1220703125,0.45166015625,-0.3662109375,0.52490234375,-0.13427734375,0.10986328125,-0.35400390625,0.4150390625,-0.32958984375,1.0498046875,-0.98876953125,0.2197265625,-0.08544921875,0.25634765625,-0.47607421875,0.40283203125,0.1953125,0.927734375,-0.01220703125,0.0244140625,-0.0244140625,1.37939453125,0.03662109375,-0.9765625,0.1953125,-0.29296875,-0.0732421875,-0.9765625,0.23193359375,-0.7568359375,-0.0732421875,-1.47705078125,-0.1708984375,-0.25634765625,0.28076171875,-0.29296875,-0.09765625,-1.20849609375,0.32958984375,-1.55029296875,-0.01220703125,-1.3427734375,-0.2197265625,-1.77001953125,0.15869140625,-0.6591796875,0.03662109375,-0.732421875,-0.32958984375,-1.4404296875,-0.03662109375,-1.01318359375,-0.2685546875,0.439453125,-0.06103515625,0.23193359375,-0.06103515625,-0.1220703125,-0.0732421875,-0.1220703125,-0.1220703125,-0.01220703125,-0.06103515625,-0.0244140625,-0.048828125,0.84228515625,0.0244140625,-0.45166015625,0.03662109375,-0.4638671875
1,-0.32958984375,-0.341796875,0.20751953125,-0.2685546875,-0.57373046875,-0.35400390625,0.06103515625,0.0244140625,0.01220703125,-0.18310546875,-0.0244140625,-0.9765625,0.048828125,0.91552734375,-0.1953125,-0.45166015625,-0.1220703125,-0.15869140625,0.1220703125,0.30517578125,-0.390625,0.9521484375,0.13427734375,-0.81787109375,-0.09765625,-0.20751953125,0.048828125,-0.76904296875,-0.146484375,0.89111328125,-0.3173828125,0.2197265625,-0.01220703125,-0.341796875,-0.03662109375,-0.830078125,0.10986328125,-0.42724609375,0.2685546875,-0.69580078125,0.18310546875,-0.18310546875,0,-0.62255859375,-0.08544921875,-0.3173828125,0.25634765625,0.6591796875,-0.2685546875,1.171875,0.1708984375,0.4638671875,-0.29296875,-0.1953125,-0.40283203125,0.72021484375,-0.2197265625,0.67138671875,0.146484375,0.4638671875,-0.35400390625,0.537109375,-0.08544921875,0.08544921875,-0.35400390625,0.390625,-0.29296875,1.0498046875,-0.8544921875,0.23193359375,-0.08544921875,0.244140625,-0.4150390625,0.37841796875,0.2197265625,0.9521484375,0,0.01220703125,0.0244140625,1.35498046875,0.0732421875,-0.9765625,0.2197265625,-0.29296875,-0.09765625,-0.9521484375,0.146484375,-0.74462890625,-0.09765625,-1.513671875,-0.06103515625,-0.25634765625,0.2197265625,-0.29296875,0.03662109375,-1.20849609375,0.2685546875,-1.46484375,-0.0732421875,-1.2939453125,-0.18310546875,-1.72119140625,-0.01220703125,-0.57373046875,0.0732421875,-0.72021484375,-0.2685546875,-1.42822265625,-0.03662109375,-1.025390625,-0.3173828125,0.439453125,-0.08544921875,0.244140625,-0.08544921875,-0.13427734375,-0.08544921875,-0.13427734375,-0.13427734375,-0.03662109375,-0.06103515625,-0.03662109375,-0.03662109375,0.8544921875,0.01220703125,-0.439453125,0.0244140625,-0.48828125
1,-0.341796875,-0.3662109375,0.20751953125,-0.29296875,-0.59814453125,-0.3662109375,0.0732421875,0.01220703125,0,-0.18310546875,-0.0244140625,-1.0009765625,0.0244140625,0.927734375,-0.2197265625,-0.45166015625,-0.01220703125,0.13427734375,0.1220703125,0.634765625,-0.30517578125,1.20849609375,0.18310546875,-0.1708984375,-0.146484375,-0.20751953125,-0.01220703125,-0.7568359375,-0.1708984375,0.87890625,-0.3662109375,0.2197265625,0.15869140625,-0.3173828125,-0.0244140625,-0.84228515625,0.06103515625,-0.4150390625,0.1708984375,-0.7080078125,0.15869140625,-0.1708984375,-0.09765625,-0.634765625,-0.048828125,-0.35400390625,0.15869140625,0.69580078125,-0.23193359375,1.15966796875,0.15869140625,0.47607421875,-0.341796875,-0.23193359375,-0.390625,0.7080078125,-0.28076171875,0.62255859375,0.20751953125,0.45166015625,-0.3173828125,0.537109375,-0.03662109375,0.06103515625,-0.30517578125,0.3662109375,-0.23193359375,1.06201171875,-0.74462890625,0.23193359375,-0.08544921875,0.244140625,-0.30517578125,0.3662109375,0.244140625,0.9765625,-0.0244140625,0.0244140625,0.03662109375,1.35498046875,0.0732421875,-0.9521484375,0.20751953125,-0.30517578125,-0.09765625,-0.9521484375,-0.01220703125,-0.74462890625,-0.13427734375,-1.513671875,0.0244140625,-0.25634765625,0.09765625,-0.3173828125,0.15869140625,-1.1962890625,0.1953125,-1.25732421875,-0.0244140625,-1.11083984375,-0.18310546875,-1.50146484375,-0.13427734375,-0.40283203125,0.048828125,-0.732421875,-0.1708984375,-1.4404296875,-0.048828125,-1.03759765625,-0.40283203125,0.42724609375,-0.10986328125,0.2197265625,-0.1220703125,-0.15869140625,-0.0732421875,-0.13427734375,-0.10986328125,-0.06103515625,-0.08544921875,-0.048828125,-0.048828125,0.86669921875,0.0244140625,-0.4638671875,0.06103515625,-0.4638671875
1,-0.3662109375,-0.3662109375,0.1953125,-0.30517578125,-0.59814453125,-0.390625,0.0732421875,0.01220703125,0.01220703125,-0.20751953125,-0.048828125,-1.0009765625,-0.01220703125,0.927734375,-0.2685546875,-0.45166015625,0.10986328125,0.634765625,0.13427734375,1.11083984375,-0.15869140625,1.5869140625,0.18310546875,0.78125,-0.15869140625,-0.1708984375,-0.0732421875,-0.78125,-0.20751953125,0.87890625,-0.3173828125,0.25634765625,0.23193359375,-0.30517578125,0,-0.830078125,-0.03662109375,-0.390625,0.1708984375,-0.69580078125,0.10986328125,-0.1708984375,-0.15869140625,-0.64697265625,-0.0244140625,-0.37841796875,0.08544921875,0.68359375,-0.2197265625,1.18408203125,0.18310546875,0.4638671875,-0.40283203125,-0.20751953125,-0.40283203125,0.72021484375,-0.390625,0.59814453125,0.25634765625,0.45166015625,-0.28076171875,0.50048828125,-0.03662109375,0.0732421875,-0.244140625,0.341796875,-0.146484375,1.07421875,-0.634765625,0.2197265625,-0.0732421875,0.23193359375,-0.244140625,0.35400390625,0.244140625,0.9765625,-0.03662109375,0.01220703125,0.0244140625,1.35498046875,0.03662109375,-0.9521484375,0.18310546875,-0.30517578125,-0.13427734375,-0.93994140625,-0.146484375,-0.732421875,-0.1220703125,-1.50146484375,0.10986328125,-0.244140625,-0.06103515625,-0.3173828125,0.28076171875,-1.20849609375,0.048828125,-0.9765625,0.048828125,-0.86669921875,-0.0732421875,-1.1474609375,-0.1708984375,-0.18310546875,-0.01220703125,-0.74462890625,-0.03662109375,-1.4404296875,-0.0732421875,-1.03759765625,-0.4150390625,0.42724609375,-0.1220703125,0.2197265625,-0.1708984375,-0.1708984375,-0.0732421875,-0.13427734375,-0.08544921875,-0.06103515625,-0.08544921875,-0.0244140625,-0.048828125,0.8544921875,0.0244140625,-0.439453125,0.0732421875,-0.45166015625
1,-0.3662109375,-0.390625,0.20751953125,-0.32958984375,-0.6103515625,-0.40283203125,0.06103515625,0.0244140625,0.03662109375,-0.18310546875,-0.03662109375,-1.01318359375,0,0.927734375,-0.30517578125,-0.45166015625,0.2197265625,1.26953125,0.10986328125,1.72119140625,0.06103515625,2.0751953125,0,1.91650390625,-0.1708984375,-0.146484375,-0.13427734375,-0.79345703125,-0.25634765625,0.89111328125,-0.20751953125,0.244140625,0.23193359375,-0.32958984375,0.01220703125,-0.81787109375,-0.08544921875,-0.40283203125,0.18310546875,-0.7080078125,-0.0244140625,-0.1708984375,-0.146484375,-0.67138671875,-0.08544921875,-0.40283203125,0.01220703125,0.68359375,-0.20751953125,1.171875,0.20751953125,0.48828125,-0.390625,-0.18310546875,-0.390625,0.732421875,-0.5126953125,0.59814453125,0.30517578125,0.45166015625,-0.2685546875,0.48828125,0.01220703125,0.0732421875,-0.13427734375,0.3173828125,-0.048828125,1.06201171875,-0.4638671875,0.20751953125,-0.0244140625,0.2197265625,-0.20751953125,0.32958984375,0.25634765625,0.96435546875,-0.0244140625,0,0.01220703125,1.35498046875,0,-0.93994140625,0.13427734375,-0.28076171875,-0.146484375,-0.9521484375,-0.30517578125,-0.74462890625,-0.13427734375,-1.50146484375,0.1708984375,-0.244140625,-0.18310546875,-0.3173828125,0.32958984375,-1.20849609375,-0.1220703125,-0.64697265625,0.0732421875,-0.57373046875,-0.13427734375,-0.7568359375,-0.20751953125,0.0732421875,-0.06103515625,-0.74462890625,0.03662109375,-1.46484375,-0.08544921875,-1.03759765625,-0.390625,0.42724609375,-0.10986328125,0.2197265625,-0.1708984375,-0.1708984375,-0.0732421875,-0.146484375,-0.08544921875,-0.0732421875,-0.10986328125,-0.03662109375,-0.048828125,0.87890625,0.01220703125,-0.4638671875,0.08544921875,-0.4638671875
1,-0.341796875,-0.40283203125,0.2197265625,-0.30517578125,-0.62255859375,-0.40283203125,0.06103515625,0.03662109375,0.06103515625,-0.1708984375,-0.03662109375,-1.0009765625,-0.03662109375,0.91552734375,-0.37841796875,-0.42724609375,0.2685546875,2.0263671875,0.09765625,2.44140625,0.23193359375,2.64892578125,-0.15869140625,3.18603515625,-0.1953125,-0.10986328125,-0.13427734375,-0.79345703125,-0.244140625,0.927734375,-0.03662109375,0.28076171875,0.1708984375,-0.30517578125,0.048828125,-0.830078125,-0.13427734375,-0.40283203125,0.13427734375,-0.6591796875,-0.13427734375,-0.146484375,-0.0732421875,-0.6591796875,-0.15869140625,-0.40283203125,-0.0732421875,0.67138671875,-0.20751953125,1.15966796875,0.244140625,0.47607421875,-0.35400390625,-0.15869140625,-0.42724609375,0.74462890625,-0.62255859375,0.5859375,0.341796875,0.439453125,-0.20751953125,0.50048828125,0.08544921875,0.08544921875,-0.0244140625,0.28076171875,0.06103515625,1.06201171875,-0.37841796875,0.1708984375,0.01220703125,0.1953125,-0.20751953125,0.3173828125,0.244140625,0.927734375,-0.0732421875,0.01220703125,-0.0244140625,1.3427734375,-0.06103515625,-0.93994140625,0.08544921875,-0.29296875,-0.18310546875,-0.96435546875,-0.390625,-0.72021484375,-0.15869140625,-1.4892578125,0.1953125,-0.244140625,-0.23193359375,-0.32958984375,0.32958984375,-1.18408203125,-0.2197265625,-0.341796875,0.10986328125,-0.30517578125,-0.1220703125,-0.42724609375,-0.1220703125,0.3173828125,-0.06103515625,-0.732421875,0.10986328125,-1.47705078125,-0.08544921875,-1.03759765625,-0.3662109375,0.40283203125,-0.10986328125,0.1953125,-0.1708984375,-0.1708984375,-0.0732421875,-0.1220703125,-0.08544921875,-0.08544921875,-0.08544921875,-0.03662109375,-0.09765625,0.87890625,-0.01220703125,-0.4638671875,0.10986328125,-0.4638671875
1,-0.35400390625,-0.40283203125,0.20751953125,-0.29296875,-0.6591796875,-0.40283203125,0.06103515625,0.048828125,0.06103515625,-0.146484375,-0.0244140625,-1.01318359375,-0.03662109375,0.9033203125,-0.439453125,-0.40283203125,0.2197265625,2.8076171875,0.08544921875,3.173828125,0.3173828125,3.21044921875,-0.40283203125,4.4677734375,-0.18310546875,-0.09765625,-0.13427734375,-0.78125,-0.23193359375,0.9521484375,0.08544921875,0.2685546875,0.06103515625,-0.28076171875,0.1220703125,-0.830078125,-0.1708984375,-0.3662109375,0.146484375,-0.6591796875,-0.1953125,-0.1708984375,0.03662109375,-0.67138671875,-0.2685546875,-0.42724609375,-0.08544921875,0.6591796875,-0.1953125,1.13525390625,0.2197265625,0.5126953125,-0.2685546875,-0.1220703125,-0.45166015625,0.76904296875,-0.68359375,0.6103515625,0.35400390625,0.42724609375,-0.09765625,0.52490234375,0.10986328125,0.13427734375,0.09765625,0.29296875,0.146484375,1.08642578125,-0.30517578125,0.13427734375,0.09765625,0.20751953125,-0.13427734375,0.29296875,0.23193359375,0.89111328125,-0.08544921875,0,-0.03662109375,1.35498046875,-0.10986328125,-0.9521484375,0.03662109375,-0.3173828125,-0.2197265625,-0.96435546875,-0.4150390625,-0.732421875,-0.15869140625,-1.50146484375,0.146484375,-0.244140625,-0.23193359375,-0.3173828125,0.2685546875,-1.1962890625,-0.29296875,-0.08544921875,0.13427734375,-0.06103515625,-0.09765625,-0.1708984375,0,0.52490234375,-0.03662109375,-0.732421875,0.0732421875,-1.46484375,-0.08544921875,-1.0498046875,-0.341796875,0.40283203125,-0.146484375,0.1953125,-0.1708984375,-0.18310546875,-0.0732421875,-0.146484375,-0.09765625,-0.06103515625,-0.08544921875,-0.01220703125,-0.08544921875,0.87890625,-0.01220703125,-0.4638671875,0.10986328125,-0.45166015625
0,-0.341796875,-0.40283203125,0.1953125,-0.2685546875,-0.6591796875,-0.40283203125,0.08544921875,0.0732421875,0.08544921875,-0.1220703125,-0.01220703125,-1.0009765625,-0.03662109375,0.9033203125,-0.5126953125,-0.40283203125,0.15869140625,3.5400390625,0.048828125,3.8818359375,0.32958984375,3.74755859375,-0.52490234375,5.65185546875,-0.18310546875,-0.0732421875,-0.0732421875,-0.79345703125,-0.18310546875,0.9521484375,0.1953125,0.2685546875,-0.10986328125,-0.30517578125,0.146484375,-0.8544921875,-0.13427734375,-0.390625,0.1708984375,-0.68359375,-0.28076171875,-0.1953125,0.146484375,-0.6591796875,-0.3662109375,-0.4150390625,-0.08544921875,0.6591796875,-0.20751953125,1.13525390625,0.1708984375,0.48828125,-0.1220703125,-0.1220703125,-0.47607421875,0.78125,-0.68359375,0.634765625,0.35400390625,0.42724609375,-0.0244140625,0.5126953125,0.1953125,0.10986328125,0.18310546875,0.32958984375,0.2197265625,1.07421875,-0.25634765625,0.09765625,0.15869140625,0.1953125,-0.0732421875,0.28076171875,0.23193359375,0.89111328125,-0.146484375,0,-0.06103515625,1.3671875,-0.1708984375,-0.93994140625,-0.01220703125,-0.30517578125,-0.2685546875,-0.9765625,-0.32958984375,-0.7568359375,-0.1220703125,-1.4892578125,0.06103515625,-0.25634765625,-0.15869140625,-0.3173828125,0.1220703125,-1.220703125,-0.28076171875,0.048828125,0.03662109375,0.0732421875,-0.15869140625,-0.0732421875,0.01220703125,0.634765625,0,-0.732421875,-0.01220703125,-1.4892578125,-0.10986328125,-1.025390625,-0.3173828125,0.390625,-0.15869140625,0.1953125,-0.1708984375,-0.1708984375,-0.0732421875,-0.13427734375,-0.08544921875,-0.06103515625,-0.09765625,0.01220703125,-0.08544921875,0.89111328125,-0.01220703125,-0.4638671875,0.09765625,-0.45166015625
0,-0.3173828125,-0.37841796875,0.1953125,-0.28076171875,-0.6591796875,-0.37841796875,0.08544921875,0.0732421875,0.08544921875,-0.10986328125,0,-1.0009765625,-0.0244140625,0.89111328125,-0.5615234375,-0.40283203125,0.0244140625,4.2236328125,0.048828125,4.541015625,0.1953125,4.2236328125,-0.5859375,6.7138671875,-0.18310546875,-0.0732421875,0.01220703125,-0.8056640625,-0.08544921875,0.96435546875,0.23193359375,0.25634765625,-0.28076171875,-0.3173828125,0.13427734375,-0.8544921875,-0.10986328125,-0.4150390625,0.10986328125,-0.68359375,-0.2685546875,-0.20751953125,0.23193359375,-0.64697265625,-0.439453125,-0.40283203125,-0.03662109375,0.64697265625,-0.244140625,1.11083984375,0.13427734375,0.50048828125,-0.03662109375,-0.10986328125,-0.50048828125,0.78125,-0.6591796875,0.6591796875,0.32958984375,0.4150390625,0.03662109375,0.5126953125,0.1953125,0.1220703125,0.1708984375,0.341796875,0.28076171875,1.06201171875,-0.2197265625,0.08544921875,0.20751953125,0.18310546875,-0.048828125,0.2685546875,0.1708984375,0.84228515625,-0.1708984375,0.01220703125,-0.09765625,1.37939453125,-0.20751953125,-0.9521484375,-0.06103515625,-0.3173828125,-0.28076171875,-1.0009765625,-0.20751953125,-0.74462890625,-0.048828125,-1.50146484375,-0.06103515625,-0.23193359375,-0.08544921875,-0.30517578125,-0.06103515625,-1.220703125,-0.244140625,0.09765625,-0.06103515625,0.15869140625,-0.15869140625,-0.10986328125,0.0732421875,0.69580078125,0.048828125,-0.72021484375,-0.13427734375,-1.4892578125,-0.1220703125,-1.03759765625,-0.244140625,0.4150390625,-0.1220703125,0.1953125,-0.18310546875,-0.15869140625,-0.0732421875,-0.146484375,-0.10986328125,-0.048828125,-0.09765625,0.01220703125,-0.09765625,0.86669921875,-0.03662109375,-0.47607421875,0.10986328125,-0.439453125
0,-0.30517578125,-0.37841796875,0.18310546875,-0.28076171875,-0.62255859375,-0.3662109375,0.0732421875,0.03662109375,0.08544921875,-0.09765625,0.03662109375,-1.0009765625,-0.03662109375,0.9033203125,-0.62255859375,-0.4150390625,-0.048828125,4.78515625,0.09765625,5.078125,0.048828125,4.58984375,-0.439453125,7.568359375,-0.1708984375,-0.09765625,0.09765625,-0.79345703125,-0.0244140625,0.96435546875,0.20751953125,0.244140625,-0.3662109375,-0.30517578125,0.09765625,-0.84228515625,-0.03662109375,-0.439453125,0.18310546875,-0.69580078125,-0.1953125,-0.23193359375,0.2685546875,-0.634765625,-0.52490234375,-0.37841796875,0.0244140625,0.634765625,-0.244140625,1.11083984375,0.048828125,0.48828125,0.0244140625,-0.13427734375,-0.5126953125,0.78125,-0.5859375,0.7080078125,0.2685546875,0.42724609375,0.10986328125,0.537109375,0.10986328125,0.10986328125,0.1708984375,0.37841796875,0.35400390625,1.07421875,-0.2197265625,0.0732421875,0.2197265625,0.20751953125,0,0.2685546875,0.18310546875,0.84228515625,-0.2197265625,0.0244140625,-0.09765625,1.3916015625,-0.20751953125,-0.93994140625,-0.09765625,-0.30517578125,-0.25634765625,-1.0009765625,-0.08544921875,-0.7568359375,0,-1.50146484375,-0.15869140625,-0.20751953125,-0.06103515625,-0.30517578125,-0.23193359375,-1.20849609375,-0.1953125,0.03662109375,-0.13427734375,0.15869140625,-0.1708984375,-0.244140625,0.10986328125,0.68359375,0.08544921875,-0.72021484375,-0.28076171875,-1.47705078125,-0.146484375,-1.0498046875,-0.20751953125,0.40283203125,-0.09765625,0.20751953125,-0.1953125,-0.1220703125,-0.0732421875,-0.15869140625,-0.09765625,-0.0244140625,-0.1220703125,0.0244140625,-0.09765625,0.8544921875,-0.0244140625,-0.47607421875,0.08544921875,-0.4638671875
0,-0.29296875,-0.35400390625,0.1708984375,-0.2685546875,-0.6103515625,-0.35400390625,0.0732421875,0.03662109375,0.0732421875,-0.10986328125,0.048828125,-1.0009765625,-0.0244140625,0.91552734375,-0.7080078125,-0.4150390625,-0.146484375,5.2001953125,0.08544921875,5.45654296875,-0.146484375,4.833984375,-0.45166015625,8.16650390625,-0.18310546875,-0.13427734375,0.18310546875,-0.78125,0.06103515625,0.96435546875,0.1953125,0.244140625,-0.390625,-0.3173828125,-0.0244140625,-0.84228515625,0.06103515625,-0.439453125,0.1708984375,-0.72021484375,-0.09765625,-0.23193359375,0.29296875,-0.634765625,-0.5126953125,-0.3662109375,0.09765625,0.64697265625,-0.2197265625,1.123046875,0,0.47607421875,0.08544921875,-0.15869140625,-0.5126953125,0.74462890625,-0.47607421875,0.7568359375,0.18310546875,0.439453125,0.1953125,0.54931640625,0.06103515625,0.09765625,0.2197265625,0.390625,0.35400390625,1.07421875,-0.244140625,0.08544921875,0.1953125,0.23193359375,0.0244140625,0.244140625,0.1220703125,0.87890625,-0.244140625,0.048828125,-0.06103515625,1.3916015625,-0.244140625,-0.927734375,-0.08544921875,-0.32958984375,-0.18310546875,-0.98876953125,0.0244140625,-0.7568359375,0.0244140625,-1.50146484375,-0.23193359375,-0.2197265625,-0.06103515625,-0.29296875,-0.3662109375,-1.20849609375,-0.146484375,-0.08544921875,-0.25634765625,0.08544921875,-0.15869140625,-0.45166015625,0.10986328125,0.62255859375,0.0732421875,-0.72021484375,-0.3662109375,-1.47705078125,-0.1220703125,-1.06201171875,-0.15869140625,0.4150390625,-0.0732421875,0.2197265625,-0.18310546875,-0.09765625,-0.0732421875,-0.1708984375,-0.10986328125,0,-0.09765625,0.01220703125,-0.10986328125,0.830078125,-0.01220703125,-0.47607421875,0.08544921875,-0.50048828125
0,-0.2685546875,-0.35400390625,0.1708984375,-0.244140625,-0.6103515625,-0.32958984375,0.0732421875,0.0244140625,0.0732421875,-0.13427734375,0.03662109375,-1.025390625,0,0.9033203125,-0.7568359375,-0.439453125,-0.1708984375,5.4443359375,0.0244140625,5.6884765625,-0.3173828125,4.98046875,-0.42724609375,8.49609375,-0.1708984375,-0.18310546875,0.25634765625,-0.76904296875,0.1220703125,0.9521484375,0.13427734375,0.2197265625,-0.341796875,-0.32958984375,-0.15869140625,-0.86669921875,0.10986328125,-0.45166015625,0.20751953125,-0.732421875,0.0244140625,-0.23193359375,0.3173828125,-0.634765625,-0.45166015625,-0.3662109375,0.1220703125,0.6591796875,-0.1708984375,1.13525390625,-0.048828125,0.47607421875,0.15869140625,-0.1708984375,-0.48828125,0.7568359375,-0.390625,0.830078125,0.06103515625,0.45166015625,0.20751953125,0.57373046875,-0.01220703125,0.0732421875,0.25634765625,0.390625,0.35400390625,1.0498046875,-0.25634765625,0.10986328125,0.1220703125,0.25634765625,0.048828125,0.244140625,0.0244140625,0.87890625,-0.2685546875,0.0244140625,-0.06103515625,1.37939453125,-0.23193359375,-0.91552734375,-0.08544921875,-0.32958984375,-0.08544921875,-0.98876953125,0.09765625,-0.76904296875,-0.01220703125,-1.5380859375,-0.25634765625,-0.1953125,-0.1220703125,-0.30517578125,-0.390625,-1.20849609375,-0.10986328125,-0.20751953125,-0.25634765625,0,-0.09765625,-0.6591796875,0.09765625,0.52490234375,0.06103515625,-0.72021484375,-0.42724609375,-1.46484375,-0.048828125,-1.0498046875,-0.13427734375,0.42724609375,-0.08544921875,0.20751953125,-0.20751953125,-0.10986328125,-0.0732421875,-0.18310546875,-0.1220703125,-0.01220703125,-0.09765625,-0.01220703125,-0.1220703125,0.830078125,0,-0.50048828125,0.06103515625,-0.50048828125
0,-0.28076171875,-0.341796875,0.146484375,-0.25634765625,-0.59814453125,-0.341796875,0.06103515625,0.0244140625,0.0732421875,-0.13427734375,0.03662109375,-0.98876953125,0,0.9033203125,-0.79345703125,-0.4150390625,-0.1708984375,5.50537109375,-0.03662109375,5.70068359375,-0.4150390625,4.9560546875,-0.439453125,8.55712890625,-0.10986328125,-0.20751953125,0.244140625,-0.76904296875,0.15869140625,0.91552734375,0.08544921875,0.1953125,-0.244140625,-0.341796875,-0.3173828125,-0.87890625,0.146484375,-0.4638671875,0.30517578125,-0.7568359375,0.15869140625,-0.2197265625,0.2685546875,-0.62255859375,-0.390625,-0.3662109375,0.15869140625,0.64697265625,-0.10986328125,1.15966796875,-0.10986328125,0.4638671875,0.2197265625,-0.1708984375,-0.439453125,0.732421875,-0.28076171875,0.91552734375,0.0244140625,0.45166015625,0.1953125,0.57373046875,-0.03662109375,0.0732421875,0.3173828125,0.37841796875,0.29296875,1.06201171875,-0.29296875,0.146484375,0.0244140625,0.2685546875,0.03662109375,0.25634765625,-0.01220703125,0.91552734375,-0.28076171875,0.0244140625,-0.0244140625,1.37939453125,-0.1953125,-0.93994140625,-0.06103515625,-0.3173828125,0.01220703125,-0.9765625,0.09765625,-0.76904296875,-0.08544921875,-1.5380859375,-0.23193359375,-0.2197265625,-0.20751953125,-0.29296875,-0.30517578125,-1.171875,-0.08544921875,-0.35400390625,-0.2197265625,-0.08544921875,-0.03662109375,-0.84228515625,0.03662109375,0.45166015625,0,-0.72021484375,-0.390625,-1.45263671875,0.03662109375,-1.06201171875,-0.1708984375,0.42724609375,-0.06103515625,0.244140625,-0.20751953125,-0.1220703125,-0.0732421875,-0.1953125,-0.13427734375,-0.0244140625,-0.1220703125,0,-0.09765625,0.81787109375,0,-0.47607421875,0.06103515625,-0.5126953125
0,-0.25634765625,-0.341796875,0.146484375,-0.25634765625,-0.59814453125,-0.32958984375,0.0732421875,0.01220703125,0.08544921875,-0.1708984375,0.048828125,-0.98876953125,0,0.9033203125,-0.81787109375,-0.439453125,-0.13427734375,5.37109375,-0.09765625,5.52978515625,-0.4150390625,4.8095703125,-0.4150390625,8.33740234375,-0.06103515625,-0.2197265625,0.23193359375,-0.76904296875,0.18310546875,0.89111328125,0.048828125,0.1953125,-0.1708984375,-0.341796875,-0.42724609375,-0.87890625,0.146484375,-0.4638671875,0.390625,-0.76904296875,0.28076171875,-0.1953125,0.23193359375,-0.62255859375,-0.244140625,-0.3662109375,0.15869140625,0.67138671875,-0.06103515625,1.171875,-0.146484375,0.48828125,0.25634765625,-0.1708984375,-0.341796875,0.72021484375,-0.244140625,1.0009765625,-0.01220703125,0.4638671875,0.1953125,0.57373046875,-0.0244140625,0.06103515625,0.3173828125,0.3662109375,0.2197265625,1.03759765625,-0.35400390625,0.18310546875,-0.01220703125,0.28076171875,-0.048828125,0.2685546875,-0.0732421875,0.927734375,-0.28076171875,0.01220703125,0,1.3671875,-0.1953125,-0.93994140625,-0.0244140625,-0.341796875,0.09765625,-0.96435546875,0.06103515625,-0.76904296875,-0.15869140625,-1.55029296875,-0.1708984375,-0.20751953125,-0.341796875,-0.28076171875,-0.15869140625,-1.15966796875,-0.0732421875,-0.439453125,-0.1220703125,-0.1220703125,0.01220703125,-0.9521484375,-0.048828125,0.42724609375,-0.08544921875,-0.69580078125,-0.3173828125,-1.45263671875,0.06103515625,-1.0498046875,-0.18310546875,0.42724609375,-0.03662109375,0.244140625,-0.2197265625,-0.10986328125,-0.0732421875,-0.20751953125,-0.13427734375,-0.03662109375,-0.08544921875,0,-0.09765625,0.81787109375,0,-0.47607421875,0.0244140625,-0.52490234375
0,-0.244140625,-0.35400390625,0.15869140625,-0.2685546875,-0.6103515625,-0.341796875,0.0732421875,0.01220703125,0.08544921875,-0.1953125,0.0244140625,-0.9765625,-0.0244140625,0.9033203125,-0.830078125,-0.42724609375,-0.0732421875,5.029296875,-0.146484375,5.17578125,-0.32958984375,4.541015625,-0.40283203125,7.80029296875,0,-0.244140625,0.20751953125,-0.78125,0.13427734375,0.87890625,0,0.1953125,-0.1953125,-0.32958984375,-0.47607421875,-0.8544921875,0.13427734375,-0.47607421875,0.439453125,-0.7568359375,0.35400390625,-0.1708984375,0.20751953125,-0.62255859375,-0.0732421875,-0.3662109375,0.146484375,0.6591796875,-0.03662109375,1.18408203125,-0.18310546875,0.45166015625,0.30517578125,-0.15869140625,-0.3173828125,0.732421875,-0.244140625,1.08642578125,-0.01220703125,0.4638671875,0.1953125,0.5859375,-0.01220703125,0.048828125,0.35400390625,0.32958984375,0.08544921875,1.03759765625,-0.35400390625,0.20751953125,-0.06103515625,0.25634765625,-0.06103515625,0.28076171875,-0.06103515625,0.9033203125,-0.25634765625,0,0.01220703125,1.3427734375,-0.146484375,-0.91552734375,0.0732421875,-0.341796875,0.15869140625,-0.9765625,0.01220703125,-0.7568359375,-0.25634765625,-1.5380859375,-0.13427734375,-0.2197265625,-0.45166015625,-0.28076171875,0.0732421875,-1.15966796875,-0.048828125,-0.5126953125,0.01220703125,-0.146484375,0.01220703125,-0.9521484375,-0.08544921875,0.40283203125,-0.18310546875,-0.72021484375,-0.23193359375,-1.4404296875,0.048828125,-1.0498046875,-0.244140625,0.4150390625,-0.03662109375,0.23193359375,-0.20751953125,-0.1220703125,-0.08544921875,-0.1953125,-0.13427734375,-0.048828125,-0.08544921875,0,-0.08544921875,0.81787109375,0.01220703125,-0.48828125,0.01220703125,-0.52490234375
0,-0.20751953125,-0.35400390625,0.10986328125,-0.28076171875,-0.57373046875,-0.3173828125,0.06103515625,0,0.09765625,-0.2197265625,0,-0.98876953125,-0.0732421875,0.91552734375,-0.830078125,-0.42724609375,0.01220703125,4.541015625,-0.18310546875,4.65087890625,-0.1708984375,4.16259765625,-0.40283203125,7.01904296875,0.09765625,-0.244140625,0.1220703125,-0.8056640625,0.09765625,0.8544921875,-0.0732421875,0.1953125,-0.29296875,-0.35400390625,-0.48828125,-0.86669921875,0.09765625,-0.4638671875,0.50048828125,-0.76904296875,0.3662109375,-0.146484375,0.20751953125,-0.62255859375,0.06103515625,-0.40283203125,0.15869140625,0.64697265625,-0.03662109375,1.171875,-0.15869140625,0.4638671875,0.29296875,-0.13427734375,-0.29296875,0.74462890625,-0.2685546875,1.171875,-0.01220703125,0.4638671875,0.1708984375,0.5859375,0,0.08544921875,0.3662109375,0.2685546875,0,1.0498046875,-0.37841796875,0.2197265625,-0.09765625,0.244140625,-0.10986328125,0.30517578125,-0.0732421875,0.91552734375,-0.20751953125,0,-0.0244140625,1.35498046875,-0.08544921875,-0.9033203125,0.09765625,-0.341796875,0.15869140625,-0.98876953125,-0.0244140625,-0.732421875,-0.3173828125,-1.5380859375,-0.10986328125,-0.2197265625,-0.48828125,-0.25634765625,0.20751953125,-1.18408203125,-0.08544921875,-0.50048828125,0.09765625,-0.15869140625,-0.01220703125,-0.91552734375,-0.146484375,0.4150390625,-0.2685546875,-0.7080078125,-0.10986328125,-1.45263671875,0,-1.06201171875,-0.28076171875,0.4150390625,-0.0244140625,0.2197265625,-0.18310546875,-0.1220703125,-0.0732421875,-0.1953125,-0.146484375,-0.06103515625,-0.0732421875,0.0244140625,-0.09765625,0.8056640625,0,-0.48828125,0.0244140625,-0.50048828125
0,-0.20751953125,-0.3662109375,0.08544921875,-0.30517578125,-0.59814453125,-0.3173828125,0.048828125,0,0.08544921875,-0.2197265625,0,-1.0009765625,-0.0732421875,0.91552734375,-0.81787109375,-0.42724609375,0.10986328125,3.8818359375,-0.18310546875,3.99169921875,0.01220703125,3.64990234375,-0.40283203125,5.9814453125,0.146484375,-0.1953125,0.048828125,-0.8056640625,0.03662109375,0.81787109375,-0.13427734375,0.2197265625,-0.4150390625,-0.3662109375,-0.42724609375,-0.8544921875,0.03662109375,-0.47607421875,0.47607421875,-0.7568359375,0.30517578125,-0.15869140625,0.25634765625,-0.634765625,0.13427734375,-0.4150390625,0.1708984375,0.62255859375,-0.08544921875,1.15966796875,-0.1220703125,0.48828125,0.29296875,-0.10986328125,-0.23193359375,0.74462890625,-0.3662109375,1.23291015625,-0.0244140625,0.42724609375,0.0732421875,0.54931640625,-0.01220703125,0.09765625,0.341796875,0.244140625,-0.10986328125,1.03759765625,-0.3662109375,0.244140625,-0.13427734375,0.20751953125,-0.146484375,0.3173828125,-0.06103515625,0.87890625,-0.15869140625,-0.01220703125,-0.03662109375,1.3427734375,-0.06103515625,-0.927734375,0.10986328125,-0.35400390625,0.09765625,-0.96435546875,-0.06103515625,-0.74462890625,-0.29296875,-1.55029296875,-0.10986328125,-0.23193359375,-0.4150390625,-0.25634765625,0.2685546875,-1.171875,-0.09765625,-0.47607421875,0.15869140625,-0.13427734375,-0.0244140625,-0.81787109375,-0.10986328125,0.42724609375,-0.29296875,-0.7080078125,-0.0244140625,-1.47705078125,-0.08544921875,-1.0498046875,-0.29296875,0.42724609375,-0.0244140625,0.1953125,-0.18310546875,-0.13427734375,-0.06103515625,-0.1953125,-0.15869140625,-0.06103515625,-0.06103515625,0.0244140625,-0.09765625,0.8056640625,-0.0244140625,-0.50048828125,0.01220703125,-0.50048828125
0,-0.23193359375,-0.37841796875,0.03662109375,-0.341796875,-0.5859375,-0.3173828125,0.03662109375,-0.0244140625,0.09765625,-0.20751953125,0.01220703125,-1.0009765625,-0.1220703125,0.927734375,-0.76904296875,-0.4638671875,0.1953125,3.11279296875,-0.10986328125,3.1982421875,0.15869140625,3.11279296875,-0.4150390625,4.7607421875,0.1708984375,-0.1708984375,-0.0244140625,-0.81787109375,-0.048828125,0.8544921875,-0.18310546875,0.2197265625,-0.50048828125,-0.3662109375,-0.3173828125,-0.830078125,-0.0244140625,-0.50048828125,0.439453125,-0.732421875,0.20751953125,-0.146484375,0.3173828125,-0.634765625,0.15869140625,-0.439453125,0.1953125,0.634765625,-0.1220703125,1.15966796875,-0.06103515625,0.48828125,0.2685546875,-0.08544921875,-0.23193359375,0.7568359375,-0.40283203125,1.28173828125,-0.01220703125,0.4150390625,-0.01220703125,0.54931640625,-0.0732421875,0.10986328125,0.3173828125,0.20751953125,-0.1708984375,1.03759765625,-0.3173828125,0.2197265625,-0.15869140625,0.1953125,-0.1953125,0.3173828125,-0.06103515625,0.8544921875,-0.08544921875,-0.0244140625,-0.06103515625,1.33056640625,0.03662109375,-0.9033203125,0.10986328125,-0.3662109375,-0.01220703125,-0.96435546875,-0.06103515625,-0.72021484375,-0.2685546875,-1.52587890625,-0.09765625,-0.2685546875,-0.2685546875,-0.244140625,0.25634765625,-1.18408203125,-0.10986328125,-0.42724609375,0.15869140625,-0.146484375,-0.1708984375,-0.69580078125,-0.048828125,0.45166015625,-0.23193359375,-0.7080078125,0.01220703125,-1.45263671875,-0.15869140625,-1.03759765625,-0.2685546875,0.4150390625,-0.0244140625,0.18310546875,-0.1953125,-0.146484375,-0.06103515625,-0.20751953125,-0.146484375,-0.048828125,-0.06103515625,0.01220703125,-0.1220703125,0.78125,-0.0244140625,-0.5126953125,0,-0.5126953125
0,-0.1953125,-0.390625,0.0244140625,-0.32958984375,-0.5615234375,-0.3173828125,0.03662109375,0,0.08544921875,-0.18310546875,0.03662109375,-1.0009765625,-0.146484375,0.91552734375,-0.74462890625,-0.45166015625,0.20751953125,2.2705078125,-0.03662109375,2.40478515625,0.28076171875,2.5390625,-0.42724609375,3.40576171875,0.146484375,-0.1708984375,-0.08544921875,-0.8056640625,-0.10986328125,0.89111328125,-0.1708984375,0.23193359375,-0.50048828125,-0.3662109375,-0.18310546875,-0.81787109375,-0.0732421875,-0.48828125,0.40283203125,-0.7080078125,0,-0.146484375,0.35400390625,-0.64697265625,0.08544921875,-0.4150390625,0.20751953125,0.62255859375,-0.1220703125,1.1474609375,-0.01220703125,0.48828125,0.23193359375,-0.0732421875,-0.2685546875,0.76904296875,-0.4638671875,1.2939453125,-0.01220703125,0.4150390625,-0.0732421875,0.54931640625,-0.1220703125,0.10986328125,0.23193359375,0.2197265625,-0.20751953125,1.0498046875,-0.28076171875,0.2197265625,-0.13427734375,0.1953125,-0.2685546875,0.30517578125,-0.0244140625,0.8544921875,-0.0244140625,0.01220703125,-0.0732421875,1.33056640625,0.08544921875,-0.91552734375,0.0732421875,-0.35400390625,-0.13427734375,-0.9765625,-0.03662109375,-0.74462890625,-0.1953125,-1.513671875,-0.09765625,-0.2685546875,-0.10986328125,-0.25634765625,0.09765625,-1.1962890625,-0.09765625,-0.4150390625,0.13427734375,-0.1708984375,-0.18310546875,-0.62255859375,0.08544921875,0.4150390625,-0.13427734375,-0.72021484375,0.0244140625,-1.47705078125,-0.244140625,-1.025390625,-0.2197265625,0.40283203125,-0.03662109375,0.18310546875,-0.1953125,-0.13427734375,-0.08544921875,-0.18310546875,-0.1708984375,-0.03662109375,-0.06103515625,-0.01220703125,-0.146484375,0.8056640625,-0.01220703125,-0.5126953125,0.01220703125,-0.5126953125
0,-0.2685546875,-0.390625,-0.01220703125,-0.30517578125,-0.5615234375,-0.29296875,0.06103515625,0.0244140625,0.08544921875,-0.15869140625,0.0244140625,-1.01318359375,-0.15869140625,0.9033203125,-0.7080078125,-0.439453125,0.25634765625,1.40380859375,0.0732421875,1.59912109375,0.29296875,1.9287109375,-0.37841796875,2.03857421875,0.13427734375,-0.146484375,-0.146484375,-0.8056640625,-0.1220703125,0.87890625,-0.15869140625,0.23193359375,-0.4638671875,-0.35400390625,-0.0732421875,-0.81787109375,-0.10986328125,-0.4638671875,0.29296875,-0.69580078125,-0.15869140625,-0.146484375,0.35400390625,-0.634765625,-0.0244140625,-0.4150390625,0.18310546875,0.64697265625,-0.13427734375,1.123046875,0.01220703125,0.50048828125,0.1953125,-0.09765625,-0.3173828125,0.76904296875,-0.50048828125,1.2939453125,-0.0244140625,0.4150390625,-0.10986328125,0.52490234375,-0.15869140625,0.10986328125,0.1953125,0.2197265625,-0.2197265625,1.03759765625,-0.2197265625,0.20751953125,-0.10986328125,0.18310546875,-0.341796875,0.30517578125,-0.01220703125,0.8056640625,0.01220703125,0.03662109375,-0.08544921875,1.3427734375,0.13427734375,-0.91552734375,0.048828125,-0.35400390625,-0.23193359375,-0.9765625,-0.048828125,-0.74462890625,-0.09765625,-1.513671875,-0.1220703125,-0.29296875,0.0732421875,-0.25634765625,-0.03662109375,-1.20849609375,-0.15869140625,-0.40283203125,-0.048828125,-0.23193359375,-0.28076171875,-0.5859375,0.0732421875,0.40283203125,-0.01220703125,-0.732421875,0,-1.46484375,-0.25634765625,-1.03759765625,-0.20751953125,0.40283203125,-0.048828125,0.1953125,-0.1708984375,-0.146484375,-0.08544921875,-0.1708984375,-0.146484375,-0.01220703125,-0.06103515625,-0.01220703125,-0.13427734375,0.78125,-0.0244140625,-0.50048828125,0.048828125,-0.5126953125
0,-0.244140625,-0.390625,-0.0244140625,-0.3173828125,-0.537109375,-0.25634765625,0.06103515625,0.01220703125,0.0732421875,-0.146484375,0.048828125,-1.01318359375,-0.1953125,0.91552734375,-0.67138671875,-0.439453125,0.2197265625,0.57373046875,0.15869140625,0.84228515625,0.20751953125,1.35498046875,-0.28076171875,0.76904296875,0.08544921875,-0.146484375,-0.146484375,-0.81787109375,-0.10986328125,0.89111328125,-0.08544921875,0.244140625,-0.390625,-0.35400390625,-0.01220703125,-0.830078125,-0.1708984375,-0.45166015625,0.25634765625,-0.7080078125,-0.3173828125,-0.18310546875,0.32958984375,-0.6591796875,-0.10986328125,-0.4150390625,0.13427734375,0.64697265625,-0.10986328125,1.11083984375,0.06103515625,0.48828125,0.2197265625,-0.13427734375,-0.341796875,0.7568359375,-0.50048828125,1.25732421875,-0.0244140625,0.4150390625,-0.244140625,0.52490234375,-0.1220703125,0.10986328125,0.1220703125,0.25634765625,-0.25634765625,1.0498046875,-0.15869140625,0.1953125,-0.09765625,0.18310546875,-0.3662109375,0.29296875,0.0244140625,0.79345703125,0.03662109375,0.03662109375,-0.08544921875,1.35498046875,0.15869140625,-0.9521484375,0,-0.35400390625,-0.341796875,-0.9765625,-0.048828125,-0.74462890625,-0.0244140625,-1.4892578125,-0.146484375,-0.30517578125,0.18310546875,-0.29296875,-0.1220703125,-1.220703125,-0.13427734375,-0.439453125,-0.1708984375,-0.30517578125,-0.20751953125,-0.59814453125,0.13427734375,0.3173828125,0.09765625,-0.72021484375,-0.048828125,-1.47705078125,-0.29296875,-1.03759765625,-0.18310546875,0.390625,-0.03662109375,0.20751953125,-0.1708984375,-0.1220703125,-0.048828125,-0.15869140625,-0.1708984375,-0.03662109375,-0.048828125,-0.01220703125,-0.146484375,0.78125,-0.048828125,-0.47607421875,0.0732421875,-0.50048828125
1,-0.25634765625,-0.37841796875,-0.06103515625,-0.28076171875,-0.54931640625,-0.1953125,0.03662109375,0.03662109375,0.06103515625,-0.146484375,0.06103515625,-1.0009765625,-0.20751953125,0.91552734375,-0.634765625,-0.42724609375,0.1953125,-0.13427734375,0.2197265625,0.18310546875,0.08544921875,0.89111328125,-0.10986328125,-0.29296875,0,-0.146484375,-0.146484375,-0.79345703125,-0.048828125,0.927734375,-0.0732421875,0.244140625,-0.2685546875,-0.35400390625,-0.048828125,-0.81787109375,-0.18310546875,-0.42724609375,0.146484375,-0.72021484375,-0.3662109375,-0.18310546875,0.23193359375,-0.64697265625,-0.1708984375,-0.42724609375,0.06103515625,0.62255859375,-0.08544921875,1.123046875,0.09765625,0.4638671875,0.2197265625,-0.18310546875,-0.341796875,0.7568359375,-0.47607421875,1.20849609375,-0.0732421875,0.40283203125,-0.30517578125,0.537109375,-0.06103515625,0.09765625,0.01220703125,0.28076171875,-0.28076171875,1.06201171875,-0.09765625,0.18310546875,-0.03662109375,0.1953125,-0.390625,0.2685546875,0.0732421875,0.8056640625,0.0244140625,0.0732421875,-0.10986328125,1.3671875,0.13427734375,-0.9521484375,-0.06103515625,-0.3662109375,-0.35400390625,-0.98876953125,-0.08544921875,-0.76904296875,0.0732421875,-1.50146484375,-0.1708984375,-0.28076171875,0.1953125,-0.30517578125,-0.15869140625,-1.23291015625,-0.09765625,-0.50048828125,-0.1953125,-0.439453125,-0.03662109375,-0.68359375,0.18310546875,0.18310546875,0.18310546875,-0.72021484375,-0.0732421875,-1.46484375,-0.2685546875,-1.03759765625,-0.1953125,0.390625,-0.048828125,0.20751953125,-0.1708984375,-0.13427734375,-0.08544921875,-0.146484375,-0.15869140625,0,-0.09765625,-0.048828125,-0.13427734375,0.8056640625,-0.048828125,-0.47607421875,0.08544921875,-0.52490234375
1,-0.23193359375,-0.35400390625,-0.0732421875,-0.28076171875,-0.48828125,-0.13427734375,0.0244140625,0.0244140625,0.0732421875,-0.13427734375,0.0244140625,-1.01318359375,-0.20751953125,0.91552734375,-0.59814453125,-0.40283203125,0.20751953125,-0.72021484375,0.23193359375,-0.3173828125,-0.0732421875,0.52490234375,0.1220703125,-1.11083984375,-0.0732421875,-0.15869140625,-0.13427734375,-0.78125,0.0244140625,0.927734375,0,0.244140625,-0.13427734375,-0.341796875,-0.0732421875,-0.8056640625,-0.20751953125,-0.45166015625,0.10986328125,-0.732421875,-0.35400390625,-0.18310546875,0.1708984375,-0.62255859375,-0.25634765625,-0.40283203125,0.03662109375,0.634765625,-0.06103515625,1.11083984375,0.146484375,0.439453125,0.2197265625,-0.20751953125,-0.341796875,0.74462890625,-0.439453125,1.13525390625,-0.09765625,0.42724609375,-0.47607421875,0.5615234375,0.01220703125,0.08544921875,-0.048828125,0.30517578125,-0.32958984375,1.0498046875,-0.0244140625,0.1708984375,0,0.20751953125,-0.42724609375,0.25634765625,0.10986328125,0.8056640625,0.048828125,0.0732421875,-0.0732421875,1.3427734375,0.10986328125,-0.96435546875,-0.0732421875,-0.37841796875,-0.29296875,-0.98876953125,-0.1220703125,-0.78125,0.13427734375,-1.50146484375,-0.15869140625,-0.29296875,0.13427734375,-0.3173828125,-0.10986328125,-1.2451171875,-0.15869140625,-0.5859375,-0.30517578125,-0.5615234375,0,-0.79345703125,0.1220703125,0.08544921875,0.2197265625,-0.72021484375,-0.10986328125,-1.46484375,-0.2197265625,-1.0498046875,-0.20751953125,0.390625,-0.03662109375,0.20751953125,-0.1708984375,-0.1220703125,-0.0732421875,-0.15869140625,-0.13427734375,-0.01220703125,-0.1220703125,-0.06103515625,-0.13427734375,0.79345703125,-0.06103515625,-0.50048828125,0.10986328125,-0.537109375
1,-0.23193359375,-0.32958984375,-0.08544921875,-0.2685546875,-0.48828125,-0.09765625,0.048828125,0.03662109375,0.10986328125,-0.10986328125,0,-1.0009765625,-0.244140625,0.927734375,-0.57373046875,-0.4150390625,0.2197265625,-1.15966796875,0.1953125,-0.67138671875,-0.2197265625,0.2685546875,0.28076171875,-1.62353515625,-0.13427734375,-0.18310546875,-0.09765625,-0.76904296875,0.10986328125,0.93994140625,0.0244140625,0.25634765625,0.06103515625,-0.341796875,-0.09765625,-0.8056640625,-0.23193359375,-0.42724609375,0.13427734375,-0.732421875,-0.244140625,-0.18310546875,0.0732421875,-0.634765625,-0.28076171875,-0.37841796875,0,0.64697265625,0.01220703125,1.13525390625,0.15869140625,0.45166015625,0.20751953125,-0.23193359375,-0.32958984375,0.74462890625,-0.35400390625,1.08642578125,-0.10986328125,0.42724609375,-0.54931640625,0.59814453125,0.01220703125,0.06103515625,-0.10986328125,0.32958984375,-0.3662109375,1.0498046875,0,0.18310546875,0.03662109375,0.20751953125,-0.50048828125,0.25634765625,0.15869140625,0.79345703125,0.0244140625,0.0732421875,-0.01220703125,1.35498046875,0.08544921875,-0.98876953125,-0.1220703125,-0.35400390625,-0.20751953125,-1.01318359375,-0.1708984375,-0.8056640625,0.13427734375,-1.513671875,-0.1220703125,-0.2685546875,0,-0.32958984375,-0.048828125,-1.25732421875,-0.08544921875,-0.6591796875,-0.1953125,-0.64697265625,0.13427734375,-0.9033203125,0.1953125,-0.01220703125,0.1708984375,-0.72021484375,-0.1220703125,-1.46484375,-0.15869140625,-1.0498046875,-0.23193359375,0.390625,-0.03662109375,0.20751953125,-0.146484375,-0.09765625,-0.048828125,-0.1708984375,-0.13427734375,0,-0.1220703125,-0.048828125,-0.10986328125,0.8056640625,-0.03662109375,-0.48828125,0.10986328125,-0.52490234375
1,-0.23193359375,-0.29296875,-0.09765625,-0.29296875,-0.48828125,-0.048828125,0.06103515625,0.01220703125,0.1220703125,-0.1220703125,0.01220703125,-1.0009765625,-0.244140625,0.93994140625,-0.5859375,-0.439453125,0.20751953125,-1.3916015625,0.08544921875,-0.8544921875,-0.23193359375,0.15869140625,0.32958984375,-1.85546875,-0.15869140625,-0.20751953125,-0.06103515625,-0.74462890625,0.18310546875,0.91552734375,0.06103515625,0.244140625,0.18310546875,-0.32958984375,-0.146484375,-0.84228515625,-0.244140625,-0.42724609375,0.13427734375,-0.72021484375,-0.146484375,-0.1708984375,0.01220703125,-0.6591796875,-0.32958984375,-0.3662109375,-0.0732421875,0.6591796875,0.0244140625,1.1474609375,0.146484375,0.47607421875,0.20751953125,-0.23193359375,-0.28076171875,0.74462890625,-0.3173828125,1.025390625,-0.13427734375,0.45166015625,-0.62255859375,0.67138671875,-0.01220703125,0.0732421875,-0.13427734375,0.32958984375,-0.37841796875,1.0498046875,0,0.1953125,0.06103515625,0.2197265625,-0.537109375,0.2685546875,0.1953125,0.8056640625,0,0.08544921875,0.048828125,1.3427734375,0.048828125,-0.98876953125,-0.10986328125,-0.3662109375,-0.06103515625,-1.0009765625,-0.15869140625,-0.8056640625,0.13427734375,-1.50146484375,-0.0732421875,-0.28076171875,-0.1708984375,-0.35400390625,0.03662109375,-1.25732421875,-0.10986328125,-0.74462890625,-0.10986328125,-0.69580078125,0.20751953125,-0.96435546875,0.18310546875,-0.06103515625,0.08544921875,-0.7080078125,-0.13427734375,-1.46484375,-0.06103515625,-1.0498046875,-0.28076171875,0.37841796875,-0.03662109375,0.2197265625,-0.146484375,-0.09765625,-0.06103515625,-0.15869140625,-0.09765625,0,-0.146484375,-0.0244140625,-0.1220703125,0.81787109375,-0.048828125,-0.48828125,0.1220703125,-0.52490234375
1,-0.25634765625,-0.244140625,-0.1220703125,-0.3173828125,-0.4638671875,-0.0244140625,0.03662109375,0,0.13427734375,-0.15869140625,0.01220703125,-0.98876953125,-0.244140625,0.9521484375,-0.5859375,-0.4638671875,0.2197265625,-1.50146484375,-0.01220703125,-0.927734375,-0.23193359375,0.146484375,0.25634765625,-1.84326171875,-0.13427734375,-0.23193359375,-0.048828125,-0.7568359375,0.23193359375,0.89111328125,0.1220703125,0.244140625,0.20751953125,-0.30517578125,-0.146484375,-0.8544921875,-0.20751953125,-0.45166015625,0.10986328125,-0.732421875,-0.03662109375,-0.1708984375,0.03662109375,-0.6591796875,-0.3173828125,-0.341796875,-0.06103515625,0.67138671875,0.03662109375,1.18408203125,0.1220703125,0.47607421875,0.20751953125,-0.2197265625,-0.28076171875,0.74462890625,-0.244140625,1.01318359375,-0.1220703125,0.47607421875,-0.634765625,0.732421875,-0.01220703125,0.09765625,-0.15869140625,0.32958984375,-0.439453125,1.0498046875,-0.01220703125,0.1953125,0.01220703125,0.2197265625,-0.5126953125,0.2685546875,0.1708984375,0.830078125,-0.0244140625,0.08544921875,0.10986328125,1.35498046875,0.0244140625,-0.9521484375,-0.09765625,-0.35400390625,0.03662109375,-1.0009765625,-0.13427734375,-0.79345703125,0.048828125,-1.513671875,-0.01220703125,-0.28076171875,-0.3173828125,-0.341796875,0.1220703125,-1.26953125,-0.13427734375,-0.7568359375,0.01220703125,-0.72021484375,0.23193359375,-0.98876953125,0.1953125,-0.0732421875,-0.03662109375,-0.7080078125,-0.15869140625,-1.46484375,0.0244140625,-1.07421875,-0.3173828125,0.4150390625,-0.048828125,0.20751953125,-0.1220703125,-0.08544921875,-0.08544921875,-0.146484375,-0.10986328125,-0.0244140625,-0.146484375,-0.01220703125,-0.09765625,0.81787109375,-0.048828125,-0.48828125,0.13427734375,-0.5126953125
1,-0.2685546875,-0.20751953125,-0.146484375,-0.3173828125,-0.45166015625,-0.0244140625,0.03662109375,-0.01220703125,0.146484375,-0.15869140625,0,-0.98876953125,-0.28076171875,0.9521484375,-0.5859375,-0.4638671875,0.18310546875,-1.45263671875,-0.13427734375,-0.8544921875,-0.13427734375,0.2197265625,0.048828125,-1.6845703125,-0.08544921875,-0.20751953125,-0.01220703125,-0.74462890625,0.2197265625,0.87890625,0.146484375,0.23193359375,0.18310546875,-0.30517578125,-0.18310546875,-0.86669921875,-0.18310546875,-0.439453125,0.1708984375,-0.732421875,0.03662109375,-0.1708984375,0.08544921875,-0.6591796875,-0.32958984375,-0.32958984375,-0.0244140625,0.64697265625,0.03662109375,1.1962890625,0.06103515625,0.48828125,0.1953125,-0.1708984375,-0.3173828125,0.7568359375,-0.23193359375,1.0009765625,-0.09765625,0.4638671875,-0.59814453125,0.8056640625,-0.0732421875,0.10986328125,-0.29296875,0.3173828125,-0.4150390625,1.0498046875,-0.06103515625,0.23193359375,0.01220703125,0.23193359375,-0.54931640625,0.30517578125,0.23193359375,0.81787109375,-0.06103515625,0.048828125,0.18310546875,1.3916015625,-0.01220703125,-0.9521484375,-0.08544921875,-0.35400390625,0.13427734375,-0.98876953125,-0.1220703125,-0.78125,0,-1.50146484375,-0.03662109375,-0.25634765625,-0.4150390625,-0.341796875,0.08544921875,-1.26953125,-0.23193359375,-0.72021484375,0.146484375,-0.64697265625,0.146484375,-0.91552734375,0.146484375,-0.0244140625,-0.18310546875,-0.7080078125,-0.18310546875,-1.4892578125,0.048828125,-1.06201171875,-0.341796875,0.4150390625,-0.0244140625,0.2197265625,-0.15869140625,-0.09765625,-0.0732421875,-0.15869140625,-0.09765625,-0.03662109375,-0.146484375,0,-0.10986328125,0.8056640625,-0.03662109375,-0.48828125,0.13427734375,-0.5126953125
1,-0.25634765625,-0.15869140625,-0.146484375,-0.341796875,-0.37841796875,-0.06103515625,0.0244140625,-0.048828125,0.15869140625,-0.1708984375,0.01220703125,-0.98876953125,-0.2685546875,0.93994140625,-0.57373046875,-0.47607421875,0.15869140625,-1.3427734375,-0.20751953125,-0.7568359375,-0.048828125,0.32958984375,-0.2197265625,-1.3916015625,-0.01220703125,-0.20751953125,0.01220703125,-0.76904296875,0.23193359375,0.87890625,0.1953125,0.2197265625,-0.0244140625,-0.30517578125,-0.1708984375,-0.86669921875,-0.15869140625,-0.47607421875,0.146484375,-0.732421875,0.0732421875,-0.18310546875,0.18310546875,-0.67138671875,-0.30517578125,-0.341796875,0.01220703125,0.634765625,0.01220703125,1.1962890625,0.01220703125,0.50048828125,0.18310546875,-0.13427734375,-0.35400390625,0.78125,-0.2197265625,1.025390625,-0.0732421875,0.45166015625,-0.5615234375,0.89111328125,-0.08544921875,0.1220703125,-0.37841796875,0.30517578125,-0.3662109375,1.07421875,-0.0732421875,0.244140625,-0.048828125,0.23193359375,-0.50048828125,0.341796875,0.23193359375,0.8544921875,-0.03662109375,0.03662109375,0.1708984375,1.3671875,-0.0244140625,-0.9521484375,-0.06103515625,-0.341796875,0.15869140625,-0.9765625,-0.03662109375,-0.76904296875,-0.0732421875,-1.46484375,-0.0732421875,-0.23193359375,-0.42724609375,-0.341796875,0.0244140625,-1.25732421875,-0.1708984375,-0.6103515625,0.29296875,-0.5126953125,0.09765625,-0.78125,0.18310546875,0.0732421875,-0.2685546875,-0.7080078125,-0.1953125,-1.47705078125,0.0244140625,-1.06201171875,-0.32958984375,0.4150390625,-0.01220703125,0.20751953125,-0.15869140625,-0.10986328125,-0.06103515625,-0.1220703125,-0.08544921875,-0.0732421875,-0.13427734375,0.03662109375,-0.09765625,0.8056640625,-0.06103515625,-0.48828125,0.1708984375,-0.48828125
1,-0.25634765625,-0.08544921875,-0.13427734375,-0.35400390625,-0.341796875,-0.13427734375,0.0244140625,-0.048828125,0.1708984375,-0.1953125,-0.01220703125,-0.98876953125,-0.25634765625,0.96435546875,-0.5859375,-0.4638671875,0.1220703125,-1.20849609375,-0.20751953125,-0.634765625,-0.01220703125,0.439453125,-0.47607421875,-1.13525390625,0.048828125,-0.1953125,0.01220703125,-0.78125,0.18310546875,0.84228515625,0.1953125,0.2197265625,-0.25634765625,-0.29296875,-0.13427734375,-0.87890625,-0.08544921875,-0.4638671875,0.10986328125,-0.7080078125,0.06103515625,-0.1708984375,0.30517578125,-0.634765625,-0.25634765625,-0.341796875,0.10986328125,0.6591796875,-0.01220703125,1.15966796875,-0.03662109375,0.50048828125,0.18310546875,-0.09765625,-0.3662109375,0.78125,-0.23193359375,1.025390625,-0.0244140625,0.42724609375,-0.52490234375,0.9765625,-0.0732421875,0.1220703125,-0.390625,0.28076171875,-0.3173828125,1.0498046875,-0.08544921875,0.23193359375,-0.10986328125,0.244140625,-0.45166015625,0.32958984375,0.244140625,0.87890625,-0.03662109375,0.01220703125,0.2197265625,1.37939453125,-0.03662109375,-0.927734375,-0.03662109375,-0.32958984375,0.1220703125,-0.9765625,0.048828125,-0.74462890625,-0.08544921875,-1.45263671875,-0.146484375,-0.23193359375,-0.3662109375,-0.3173828125,-0.08544921875,-1.23291015625,-0.15869140625,-0.47607421875,0.32958984375,-0.35400390625,0.048828125,-0.64697265625,0.1708984375,0.2197265625,-0.28076171875,-0.69580078125,-0.2197265625,-1.46484375,-0.03662109375,-1.0498046875,-0.30517578125,0.42724609375,-0.01220703125,0.20751953125,-0.15869140625,-0.10986328125,-0.06103515625,-0.10986328125,-0.0732421875,-0.048828125,-0.15869140625,0.03662109375,-0.09765625,0.79345703125,-0.0732421875,-0.50048828125,0.18310546875,-0.48828125
1,-0.25634765625,-0.01220703125,-0.15869140625,-0.341796875,-0.3173828125,-0.18310546875,0.0244140625,-0.06103515625,0.18310546875,-0.1708984375,-0.01220703125,-1.0009765625,-0.244140625,0.9521484375,-0.5859375,-0.4638671875,0.08544921875,-1.07421875,-0.1708984375,-0.54931640625,-0.0244140625,0.57373046875,-0.6591796875,-0.93994140625,0.09765625,-0.1708984375,0,-0.79345703125,0.146484375,0.86669921875,0.13427734375,0.20751953125,-0.42724609375,-0.29296875,-0.10986328125,-0.87890625,-0.06103515625,-0.50048828125,0.1708984375,-0.72021484375,0.01220703125,-0.15869140625,0.4150390625,-0.64697265625,-0.2197265625,-0.37841796875,0.1953125,0.64697265625,-0.03662109375,1.1474609375,-0.09765625,0.50048828125,0.146484375,-0.09765625,-0.35400390625,0.79345703125,-0.244140625,1.0498046875,-0.03662109375,0.42724609375,-0.42724609375,1.06201171875,-0.09765625,0.146484375,-0.4150390625,0.28076171875,-0.18310546875,1.07421875,-0.06103515625,0.23193359375,-0.20751953125,0.2197265625,-0.3662109375,0.32958984375,0.25634765625,0.87890625,-0.0732421875,0.01220703125,0.18310546875,1.37939453125,-0.0244140625,-0.927734375,-0.03662109375,-0.32958984375,0.13427734375,-0.9521484375,0.10986328125,-0.732421875,-0.0732421875,-1.46484375,-0.1708984375,-0.20751953125,-0.2197265625,-0.3173828125,-0.1953125,-1.23291015625,-0.08544921875,-0.341796875,0.3662109375,-0.1708984375,0,-0.4638671875,0.244140625,0.390625,-0.244140625,-0.72021484375,-0.2685546875,-1.46484375,-0.10986328125,-1.0498046875,-0.28076171875,0.4150390625,-0.0244140625,0.18310546875,-0.18310546875,-0.1220703125,-0.0732421875,-0.10986328125,-0.06103515625,-0.03662109375,-0.146484375,0.0244140625,-0.10986328125,0.78125,-0.08544921875,-0.47607421875,0.18310546875,-0.48828125
1,-0.2197265625,0.09765625,-0.1708984375,-0.3173828125,-0.32958984375,-0.244140625,0,-0.03662109375,0.15869140625,-0.146484375,-0.03662109375,-0.9765625,-0.2197265625,0.96435546875,-0.62255859375,-0.4638671875,0.06103515625,-0.9765625,-0.10986328125,-0.47607421875,-0.0732421875,0.634765625,-0.68359375,-0.89111328125,0.1220703125,-0.1708984375,0.0244140625,-0.78125,0.13427734375,0.87890625,0.0732421875,0.23193359375,-0.537109375,-0.32958984375,-0.06103515625,-0.86669921875,0.0244140625,-0.47607421875,0.1220703125,-0.69580078125,-0.01220703125,-0.1708984375,0.4638671875,-0.634765625,-0.1953125,-0.40283203125,0.244140625,0.64697265625,-0.03662109375,1.13525390625,-0.13427734375,0.5126953125,0.09765625,-0.0732421875,-0.32958984375,0.76904296875,-0.2685546875,1.06201171875,-0.03662109375,0.42724609375,-0.3173828125,1.13525390625,-0.06103515625,0.13427734375,-0.390625,0.25634765625,-0.0732421875,1.07421875,-0.03662109375,0.2197265625,-0.28076171875,0.2197265625,-0.25634765625,0.3173828125,0.25634765625,0.86669921875,-0.03662109375,-0.0244140625,0.15869140625,1.37939453125,0.0244140625,-0.927734375,0,-0.341796875,0.0732421875,-0.93994140625,0.1708984375,-0.732421875,-0.06103515625,-1.46484375,-0.2197265625,-0.20751953125,-0.048828125,-0.30517578125,-0.25634765625,-1.1962890625,0.01220703125,-0.20751953125,0.29296875,-0.01220703125,-0.15869140625,-0.341796875,0.2685546875,0.537109375,-0.1708984375,-0.72021484375,-0.28076171875,-1.47705078125,-0.1708984375,-1.06201171875,-0.23193359375,0.40283203125,-0.03662109375,0.18310546875,-0.15869140625,-0.146484375,-0.0732421875,-0.10986328125,-0.08544921875,-0.03662109375,-0.1708984375,0.0244140625,-0.08544921875,0.8056640625,-0.08544921875,-0.47607421875,0.18310546875,-0.48828125
1,-0.23193359375,0.1708984375,-0.1953125,-0.3173828125,-0.30517578125,-0.30517578125,-0.01220703125,-0.03662109375,0.15869140625,-0.13427734375,-0.0244140625,-1.0009765625,-0.18310546875,0.96435546875,-0.64697265625,-0.45166015625,0.01220703125,-0.93994140625,-0.03662109375,-0.4638671875,-0.1953125,0.62255859375,-0.52490234375,-0.9521484375,0.09765625,-0.1708984375,-0.01220703125,-0.78125,0.09765625,0.8544921875,-0.0732421875,0.23193359375,-0.5126953125,-0.30517578125,-0.0732421875,-0.84228515625,0.06103515625,-0.4638671875,0.0732421875,-0.7080078125,-0.01220703125,-0.15869140625,0.45166015625,-0.62255859375,-0.15869140625,-0.4150390625,0.2685546875,0.6591796875,0.01220703125,1.13525390625,-0.23193359375,0.50048828125,0,-0.09765625,-0.29296875,0.76904296875,-0.29296875,1.07421875,-0.048828125,0.42724609375,-0.15869140625,1.171875,-0.01220703125,0.13427734375,-0.341796875,0.244140625,0.0732421875,1.07421875,0.0244140625,0.20751953125,-0.28076171875,0.2197265625,-0.1953125,0.29296875,0.2685546875,0.8544921875,-0.03662109375,-0.0244140625,0.146484375,1.35498046875,0.0732421875,-0.91552734375,0.0244140625,-0.341796875,0.0244140625,-0.9521484375,0.2197265625,-0.72021484375,-0.06103515625,-1.47705078125,-0.1953125,-0.2197265625,0.08544921875,-0.32958984375,-0.3173828125,-1.20849609375,0.08544921875,-0.10986328125,0.20751953125,0.10986328125,-0.1953125,-0.29296875,0.1953125,0.634765625,-0.06103515625,-0.732421875,-0.29296875,-1.45263671875,-0.20751953125,-1.0498046875,-0.1708984375,0.40283203125,-0.06103515625,0.20751953125,-0.18310546875,-0.15869140625,-0.08544921875,-0.08544921875,-0.0732421875,-0.0244140625,-0.146484375,0.01220703125,-0.08544921875,0.830078125,-0.10986328125,-0.4638671875,0.13427734375,-0.48828125
1,-0.2197265625,0.244140625,-0.2197265625,-0.29296875,-0.2685546875,-0.3662109375,0,-0.01220703125,0.1708984375,-0.1220703125,-0.03662109375,-1.0009765625,-0.18310546875,0.93994140625,-0.62255859375,-0.42724609375,0.01220703125,-0.98876953125,0,-0.52490234375,-0.341796875,0.5615234375,-0.29296875,-1.07421875,0.048828125,-0.15869140625,-0.048828125,-0.81787109375,0.048828125,0.8544921875,-0.20751953125,0.23193359375,-0.4150390625,-0.3173828125,-0.15869140625,-0.84228515625,0.08544921875,-0.47607421875,0.03662109375,-0.68359375,0.0244140625,-0.146484375,0.390625,-0.62255859375,-0.09765625,-0.42724609375,0.244140625,0.634765625,0.03662109375,1.123046875,-0.25634765625,0.50048828125,-0.08544921875,-0.1220703125,-0.28076171875,0.74462890625,-0.35400390625,1.06201171875,-0.09765625,0.439453125,-0.10986328125,1.18408203125,-0.01220703125,0.09765625,-0.25634765625,0.2197265625,0.1953125,1.03759765625,0.0732421875,0.1708984375,-0.25634765625,0.2197265625,-0.1708984375,0.29296875,0.28076171875,0.81787109375,-0.0244140625,-0.03662109375,0.09765625,1.33056640625,0.13427734375,-0.927734375,0.03662109375,-0.35400390625,0,-0.927734375,0.20751953125,-0.72021484375,-0.06103515625,-1.4892578125,-0.146484375,-0.20751953125,0.15869140625,-0.3173828125,-0.244140625,-1.20849609375,0.1953125,-0.08544921875,0.18310546875,0.1708984375,-0.08544921875,-0.30517578125,0.146484375,0.67138671875,-0.01220703125,-0.74462890625,-0.25634765625,-1.46484375,-0.20751953125,-1.06201171875,-0.13427734375,0.40283203125,-0.06103515625,0.23193359375,-0.146484375,-0.15869140625,-0.06103515625,-0.09765625,-0.0732421875,0.01220703125,-0.1708984375,-0.0244140625,-0.0732421875,0.84228515625,-0.10986328125,-0.47607421875,0.13427734375,-0.50048828125
1,-0.2197265625,0.25634765625,-0.23193359375,-0.28076171875,-0.25634765625,-0.40283203125,-0.03662109375,0,0.18310546875,-0.146484375,-0.03662109375,-0.98876953125,-0.1708984375,0.93994140625,-0.59814453125,-0.42724609375,0.01220703125,-1.0498046875,0.06103515625,-0.6103515625,-0.4150390625,0.48828125,-0.01220703125,-1.25732421875,0,-0.15869140625,-0.0732421875,-0.8056640625,0,0.87890625,-0.341796875,0.244140625,-0.23193359375,-0.32958984375,-0.1953125,-0.81787109375,0.08544921875,-0.45166015625,-0.09765625,-0.69580078125,0.0732421875,-0.1953125,0.2685546875,-0.62255859375,-0.03662109375,-0.42724609375,0.1953125,0.634765625,0.09765625,1.15966796875,-0.2685546875,0.4638671875,-0.1708984375,-0.1708984375,-0.28076171875,0.74462890625,-0.35400390625,1.0498046875,-0.13427734375,0.439453125,-0.01220703125,1.15966796875,0.0244140625,0.08544921875,-0.1220703125,0.20751953125,0.28076171875,1.03759765625,0.13427734375,0.1708984375,-0.1708984375,0.1953125,-0.1220703125,0.2685546875,0.2685546875,0.830078125,-0.0244140625,-0.01220703125,0.06103515625,1.318359375,0.1708984375,-0.93994140625,0.06103515625,-0.341796875,-0.03662109375,-0.93994140625,0.18310546875,-0.74462890625,-0.048828125,-1.4892578125,-0.08544921875,-0.20751953125,0.13427734375,-0.3173828125,-0.146484375,-1.220703125,0.1708984375,-0.13427734375,0.13427734375,0.1708984375,0.048828125,-0.37841796875,0.0244140625,0.634765625,0.01220703125,-0.732421875,-0.18310546875,-1.47705078125,-0.2197265625,-1.0498046875,-0.146484375,0.40283203125,-0.06103515625,0.244140625,-0.146484375,-0.1708984375,-0.0732421875,-0.08544921875,-0.0732421875,0.01220703125,-0.1708984375,-0.048828125,-0.08544921875,0.8544921875,-0.09765625,-0.4638671875,0.1220703125,-0.48828125
0,-0.20751953125,0.25634765625,-0.244140625,-0.2685546875,-0.18310546875,-0.4150390625,-0.01220703125,0.0244140625,0.15869140625,-0.15869140625,-0.0244140625,-1.0009765625,-0.15869140625,0.927734375,-0.6103515625,-0.4150390625,0.06103515625,-1.123046875,0.09765625,-0.69580078125,-0.42724609375,0.4150390625,0.2197265625,-1.46484375,-0.06103515625,-0.1708984375,-0.1220703125,-0.8056640625,-0.09765625,0.9033203125,-0.48828125,0.23193359375,0.048828125,-0.3173828125,-0.25634765625,-0.81787109375,0.01220703125,-0.42724609375,-0.146484375,-0.72021484375,0.0732421875,-0.1953125,0.1708984375,-0.62255859375,0.06103515625,-0.40283203125,0.13427734375,0.62255859375,0.10986328125,1.15966796875,-0.2197265625,0.47607421875,-0.23193359375,-0.1953125,-0.2685546875,0.74462890625,-0.35400390625,1.01318359375,-0.20751953125,0.4638671875,0.048828125,1.11083984375,0.048828125,0.08544921875,-0.03662109375,0.20751953125,0.37841796875,1.03759765625,0.1953125,0.1708984375,-0.0732421875,0.20751953125,-0.09765625,0.28076171875,0.25634765625,0.8056640625,-0.03662109375,0,0.048828125,1.2939453125,0.18310546875,-0.93994140625,0.06103515625,-0.341796875,-0.06103515625,-0.96435546875,0.03662109375,-0.74462890625,-0.08544921875,-1.50146484375,0.01220703125,-0.23193359375,0.048828125,-0.30517578125,0,-1.20849609375,0.08544921875,-0.2685546875,0.13427734375,0.048828125,0.08544921875,-0.50048828125,-0.13427734375,0.5615234375,-0.0244140625,-0.72021484375,-0.08544921875,-1.47705078125,-0.18310546875,-1.06201171875,-0.20751953125,0.42724609375,-0.0732421875,0.244140625,-0.15869140625,-0.1953125,-0.06103515625,-0.09765625,-0.048828125,-0.01220703125,-0.15869140625,-0.0244140625,-0.09765625,0.87890625,-0.08544921875,-0.45166015625,0.09765625,-0.50048828125
0,-0.1708984375,0.20751953125,-0.244140625,-0.2685546875,-0.146484375,-0.3662109375,-0.0244140625,0.048828125,0.18310546875,-0.1708984375,-0.048828125,-0.98876953125,-0.18310546875,0.927734375,-0.5615234375,-0.40283203125,0.1220703125,-1.220703125,0.10986328125,-0.74462890625,-0.3173828125,0.341796875,0.3173828125,-1.611328125,-0.146484375,-0.18310546875,-0.18310546875,-0.8056640625,-0.15869140625,0.9033203125,-0.5615234375,0.23193359375,0.2685546875,-0.32958984375,-0.25634765625,-0.830078125,-0.08544921875,-0.45166015625,-0.1953125,-0.74462890625,0.0244140625,-0.20751953125,0.0732421875,-0.62255859375,0.09765625,-0.3662109375,0.0244140625,0.6103515625,0.0732421875,1.18408203125,-0.1953125,0.4638671875,-0.29296875,-0.2197265625,-0.2685546875,0.7568359375,-0.30517578125,0.93994140625,-0.20751953125,0.48828125,0.10986328125,1.0498046875,0.09765625,0.09765625,0.0244140625,0.2197265625,0.439453125,1.025390625,0.2685546875,0.18310546875,0,0.1953125,-0.01220703125,0.30517578125,0.244140625,0.8056640625,-0.048828125,0.01220703125,0.03662109375,1.30615234375,0.15869140625,-0.9521484375,0.06103515625,-0.3662109375,-0.0732421875,-0.96435546875,-0.1220703125,-0.76904296875,-0.06103515625,-1.513671875,0.08544921875,-0.23193359375,-0.09765625,-0.3173828125,0.1708984375,-1.220703125,-0.0732421875,-0.4150390625,0.1220703125,-0.08544921875,0.20751953125,-0.62255859375,-0.244140625,0.40283203125,-0.0732421875,-0.7080078125,0.048828125,-1.45263671875,-0.18310546875,-1.0498046875,-0.244140625,0.42724609375,-0.09765625,0.244140625,-0.1708984375,-0.1953125,-0.0732421875,-0.10986328125,-0.06103515625,-0.0244140625,-0.15869140625,-0.03662109375,-0.10986328125,0.89111328125,-0.08544921875,-0.45166015625,0.10986328125,-0.48828125
0,-0.15869140625,0.13427734375,-0.244140625,-0.2685546875,-0.13427734375,-0.35400390625,-0.01220703125,0.048828125,0.1953125,-0.18310546875,-0.048828125,-0.9765625,-0.18310546875,0.927734375,-0.5615234375,-0.390625,0.146484375,-1.28173828125,0.09765625,-0.8056640625,-0.15869140625,0.29296875,0.30517578125,-1.67236328125,-0.20751953125,-0.20751953125,-0.25634765625,-0.78125,-0.20751953125,0.89111328125,-0.537109375,0.2197265625,0.32958984375,-0.3173828125,-0.20751953125,-0.830078125,-0.15869140625,-0.4638671875,-0.20751953125,-0.732421875,-0.03662109375,-0.1708984375,0,-0.62255859375,0.09765625,-0.3662109375,-0.0244140625,0.62255859375,-0.01220703125,1.18408203125,-0.18310546875,0.47607421875,-0.29296875,-0.23193359375,-0.25634765625,0.732421875,-0.28076171875,0.86669921875,-0.23193359375,0.50048828125,0.15869140625,0.98876953125,0.13427734375,0.09765625,0.09765625,0.2197265625,0.52490234375,1.03759765625,0.32958984375,0.1953125,0.09765625,0.2197265625,0.0244140625,0.32958984375,0.23193359375,0.84228515625,-0.048828125,0.0244140625,0.0244140625,1.2939453125,0.10986328125,-0.96435546875,0.01220703125,-0.35400390625,-0.09765625,-0.9765625,-0.25634765625,-0.76904296875,-0.06103515625,-1.513671875,0.18310546875,-0.244140625,-0.1953125,-0.32958984375,0.32958984375,-1.220703125,-0.20751953125,-0.52490234375,0.10986328125,-0.20751953125,0.25634765625,-0.69580078125,-0.2685546875,0.2685546875,-0.10986328125,-0.72021484375,0.10986328125,-1.4404296875,-0.1708984375,-1.0498046875,-0.25634765625,0.42724609375,-0.09765625,0.244140625,-0.18310546875,-0.1953125,-0.0732421875,-0.1220703125,-0.048828125,-0.03662109375,-0.18310546875,0,-0.1220703125,0.91552734375,-0.09765625,-0.45166015625,0.08544921875,-0.50048828125
0,-0.146484375,0.0244140625,-0.30517578125,-0.28076171875,-0.10986328125,-0.30517578125,-0.01220703125,0.03662109375,0.1708984375,-0.2197265625,-0.01220703125,-0.96435546875,-0.18310546875,0.93994140625,-0.537109375,-0.390625,0.146484375,-1.2939453125,0.06103515625,-0.79345703125,0.0244140625,0.28076171875,0.23193359375,-1.62353515625,-0.244140625,-0.20751953125,-0.30517578125,-0.79345703125,-0.2685546875,0.89111328125,-0.42724609375,0.2197265625,0.3662109375,-0.32958984375,-0.13427734375,-0.81787109375,-0.244140625,-0.47607421875,-0.25634765625,-0.74462890625,-0.15869140625,-0.18310546875,0.0244140625,-0.62255859375,0.048828125,-0.35400390625,-0.06103515625,0.6103515625,-0.08544921875,1.1962890625,-0.15869140625,0.47607421875,-0.28076171875,-0.20751953125,-0.23193359375,0.74462890625,-0.2197265625,0.78125,-0.2197265625,0.48828125,0.10986328125,0.93994140625,0.1220703125,0.10986328125,0.15869140625,0.20751953125,0.52490234375,1.01318359375,0.37841796875,0.23193359375,0.15869140625,0.2197265625,0.048828125,0.37841796875,0.146484375,0.81787109375,-0.06103515625,0.03662109375,0.0244140625,1.318359375,0.01220703125,-0.96435546875,0.01220703125,-0.35400390625,-0.10986328125,-0.9765625,-0.3662109375,-0.78125,-0.06103515625,-1.52587890625,0.23193359375,-0.2685546875,-0.25634765625,-0.32958984375,0.37841796875,-1.20849609375,-0.30517578125,-0.59814453125,0.10986328125,-0.3173828125,0.29296875,-0.62255859375,-0.2197265625,0.20751953125,-0.10986328125,-0.72021484375,0.15869140625,-1.46484375,-0.1220703125,-1.03759765625,-0.28076171875,0.439453125,-0.10986328125,0.23193359375,-0.1708984375,-0.1708984375,-0.0732421875,-0.09765625,-0.08544921875,-0.06103515625,-0.1708984375,0,-0.1220703125,0.9033203125,-0.09765625,-0.42724609375,0.08544921875,-0.50048828125
0,-0.13427734375,-0.08544921875,-0.3173828125,-0.30517578125,-0.06103515625,-0.25634765625,-0.03662109375,0.01220703125,0.1708984375,-0.23193359375,-0.01220703125,-0.96435546875,-0.20751953125,0.9521484375,-0.50048828125,-0.42724609375,0.146484375,-1.26953125,0.03662109375,-0.74462890625,0.20751953125,0.32958984375,0.08544921875,-1.513671875,-0.28076171875,-0.20751953125,-0.3173828125,-0.76904296875,-0.29296875,0.89111328125,-0.244140625,0.23193359375,0.25634765625,-0.32958984375,-0.0732421875,-0.84228515625,-0.3173828125,-0.47607421875,-0.28076171875,-0.74462890625,-0.2685546875,-0.1708984375,0.048828125,-0.62255859375,-0.06103515625,-0.35400390625,-0.0732421875,0.634765625,-0.15869140625,1.18408203125,-0.13427734375,0.50048828125,-0.29296875,-0.1708984375,-0.2197265625,0.7568359375,-0.18310546875,0.7080078125,-0.20751953125,0.4638671875,0.09765625,0.87890625,0.1220703125,0.13427734375,0.2197265625,0.23193359375,0.52490234375,1.01318359375,0.37841796875,0.25634765625,0.1953125,0.20751953125,0.0732421875,0.42724609375,0.0732421875,0.84228515625,-0.09765625,0.03662109375,0.06103515625,1.3427734375,-0.048828125,-0.96435546875,-0.0244140625,-0.35400390625,-0.1708984375,-0.9765625,-0.37841796875,-0.76904296875,-0.048828125,-1.513671875,0.244140625,-0.28076171875,-0.28076171875,-0.35400390625,0.390625,-1.23291015625,-0.390625,-0.54931640625,0.06103515625,-0.29296875,0.30517578125,-0.42724609375,-0.15869140625,0.2197265625,-0.06103515625,-0.72021484375,0.1220703125,-1.46484375,-0.09765625,-1.025390625,-0.25634765625,0.42724609375,-0.08544921875,0.23193359375,-0.15869140625,-0.1708984375,-0.0732421875,-0.09765625,-0.09765625,-0.08544921875,-0.18310546875,0,-0.15869140625,0.89111328125,-0.10986328125,-0.4150390625,0.048828125,-0.48828125
0,-0.13427734375,-0.20751953125,-0.32958984375,-0.341796875,-0.01220703125,-0.2197265625,-0.06103515625,-0.0244140625,0.1708984375,-0.2197265625,0,-0.9521484375,-0.25634765625,0.9521484375,-0.48828125,-0.439453125,0.10986328125,-1.20849609375,0.01220703125,-0.68359375,0.3173828125,0.3662109375,-0.0244140625,-1.3916015625,-0.28076171875,-0.2197265625,-0.3173828125,-0.7568359375,-0.25634765625,0.89111328125,-0.09765625,0.23193359375,0.10986328125,-0.341796875,-0.03662109375,-0.84228515625,-0.3173828125,-0.4638671875,-0.341796875,-0.732421875,-0.32958984375,-0.146484375,0.13427734375,-0.62255859375,-0.18310546875,-0.3662109375,-0.03662109375,0.62255859375,-0.15869140625,1.1474609375,-0.09765625,0.52490234375,-0.244140625,-0.1220703125,-0.15869140625,0.78125,-0.09765625,0.634765625,-0.1708984375,0.4638671875,0.10986328125,0.86669921875,0.146484375,0.146484375,0.25634765625,0.2197265625,0.50048828125,1.03759765625,0.35400390625,0.2685546875,0.15869140625,0.20751953125,0.048828125,0.47607421875,-0.01220703125,0.8544921875,-0.1220703125,0.048828125,0.10986328125,1.3427734375,-0.10986328125,-0.9765625,-0.048828125,-0.32958984375,-0.2197265625,-0.98876953125,-0.32958984375,-0.76904296875,-0.03662109375,-1.50146484375,0.18310546875,-0.25634765625,-0.20751953125,-0.341796875,0.29296875,-1.220703125,-0.32958984375,-0.35400390625,0.0244140625,-0.18310546875,0.25634765625,-0.06103515625,-0.0732421875,0.35400390625,0.01220703125,-0.72021484375,0.03662109375,-1.4892578125,-0.10986328125,-1.025390625,-0.20751953125,0.42724609375,-0.08544921875,0.2197265625,-0.15869140625,-0.15869140625,-0.08544921875,-0.0732421875,-0.09765625,-0.0732421875,-0.18310546875,0.0244140625,-0.15869140625,0.86669921875,-0.10986328125,-0.4150390625,0.0244140625,-0.47607421875
0,-0.09765625,-0.35400390625,-0.35400390625,-0.341796875,0.03662109375,-0.2197265625,-0.03662109375,-0.06103515625,0.15869140625,-0.20751953125,-0.0244140625,-0.9521484375,-0.2685546875,0.96435546875,-0.47607421875,-0.47607421875,0.06103515625,-1.1474609375,0.01220703125,-0.634765625,0.30517578125,0.45166015625,-0.10986328125,-1.2451171875,-0.2685546875,-0.2197265625,-0.30517578125,-0.7568359375,-0.1953125,0.86669921875,0.01220703125,0.244140625,-0.0732421875,-0.3662109375,0.01220703125,-0.84228515625,-0.29296875,-0.45166015625,-0.32958984375,-0.72021484375,-0.390625,-0.146484375,0.2197265625,-0.634765625,-0.29296875,-0.40283203125,0,0.64697265625,-0.146484375,1.171875,-0.048828125,0.52490234375,-0.1708984375,-0.08544921875,-0.13427734375,0.76904296875,-0.0732421875,0.57373046875,-0.1220703125,0.439453125,0.08544921875,0.8544921875,0.13427734375,0.15869140625,0.244140625,0.25634765625,0.4150390625,1.03759765625,0.30517578125,0.2685546875,0.10986328125,0.23193359375,-0.0244140625,0.50048828125,-0.1220703125,0.8056640625,-0.1220703125,0.048828125,0.13427734375,1.3671875,-0.146484375,-0.96435546875,-0.08544921875,-0.29296875,-0.2685546875,-0.9521484375,-0.28076171875,-0.7568359375,0,-1.4892578125,0.10986328125,-0.2685546875,-0.13427734375,-0.341796875,0.1220703125,-1.2451171875,-0.3173828125,0.01220703125,-0.09765625,0.0732421875,0.18310546875,0.48828125,-0.048828125,0.62255859375,0.09765625,-0.72021484375,-0.08544921875,-1.4892578125,-0.13427734375,-1.01318359375,-0.146484375,0.4150390625,-0.06103515625,0.2197265625,-0.15869140625,-0.146484375,-0.0732421875,-0.0732421875,-0.10986328125,-0.0732421875,-0.1708984375,0.048828125,-0.146484375,0.86669921875,-0.10986328125,-0.42724609375,0.01220703125,-0.4638671875
0,-0.0732421875,-0.45166015625,-0.37841796875,-0.341796875,0.08544921875,-0.2197265625,-0.048828125,-0.0732421875,0.13427734375,-0.1953125,-0.0244140625,-0.9521484375,-0.29296875,0.96435546875,-0.4638671875,-0.47607421875,-0.0244140625,-1.11083984375,0.03662109375,-0.5859375,0.23193359375,0.48828125,-0.1220703125,-1.13525390625,-0.25634765625,-0.18310546875,-0.2197265625,-0.78125,-0.10986328125,0.86669921875,0.048828125,0.23193359375,-0.20751953125,-0.341796875,0.01220703125,-0.830078125,-0.2685546875,-0.4638671875,-0.341796875,-0.69580078125,-0.37841796875,-0.1220703125,0.28076171875,-0.6591796875,-0.35400390625,-0.40283203125,0.06103515625,0.634765625,-0.146484375,1.1474609375,-0.08544921875,0.5126953125,-0.10986328125,-0.048828125,-0.09765625,0.76904296875,-0.03662109375,0.57373046875,-0.1220703125,0.42724609375,0.08544921875,0.9033203125,0.15869140625,0.146484375,0.23193359375,0.2685546875,0.3173828125,1.06201171875,0.29296875,0.2685546875,0.03662109375,0.23193359375,-0.08544921875,0.50048828125,-0.13427734375,0.86669921875,-0.1220703125,0.048828125,0.1220703125,1.3671875,-0.15869140625,-0.9521484375,-0.10986328125,-0.28076171875,-0.25634765625,-0.9521484375,-0.10986328125,-0.7568359375,0.048828125,-1.47705078125,0.01220703125,-0.2685546875,-0.06103515625,-0.32958984375,-0.0732421875,-1.2451171875,-0.23193359375,0.48828125,-0.1953125,0.47607421875,0.1953125,1.1474609375,0.0244140625,1.025390625,0.10986328125,-0.732421875,-0.20751953125,-1.4892578125,-0.13427734375,-1.025390625,-0.1220703125,0.40283203125,-0.048828125,0.2197265625,-0.13427734375,-0.13427734375,-0.0732421875,-0.0732421875,-0.10986328125,-0.03662109375,-0.1708984375,0.06103515625,-0.15869140625,0.84228515625,-0.10986328125,-0.439453125,-0.0244140625,-0.45166015625
0,-0.048828125,-0.5126953125,-0.390625,-0.341796875,0.146484375,-0.23193359375,-0.06103515625,-0.08544921875,0.13427734375,-0.1708984375,0,-0.9765625,-0.29296875,0.93994140625,-0.4638671875,-0.4638671875,-0.0732421875,-1.08642578125,0.01220703125,-0.57373046875,0.048828125,0.52490234375,-0.10986328125,-1.0986328125,-0.2197265625,-0.15869140625,-0.1708984375,-0.78125,-0.01220703125,0.8544921875,0.01220703125,0.2197265625,-0.23193359375,-0.3173828125,-0.03662109375,-0.830078125,-0.20751953125,-0.4150390625,-0.30517578125,-0.7080078125,-0.29296875,-0.1220703125,0.30517578125,-0.64697265625,-0.439453125,-0.390625,0.146484375,0.6591796875,-0.1220703125,1.15966796875,-0.09765625,0.5126953125,0,-0.0732421875,-0.048828125,0.7568359375,-0.0732421875,0.5859375,-0.1220703125,0.42724609375,0.06103515625,0.93994140625,0.1953125,0.146484375,0.2197265625,0.30517578125,0.1953125,1.07421875,0.244140625,0.23193359375,-0.0732421875,0.2197265625,-0.1220703125,0.50048828125,-0.1708984375,0.8544921875,-0.048828125,0.048828125,0.13427734375,1.37939453125,-0.1708984375,-0.93994140625,-0.13427734375,-0.29296875,-0.2197265625,-0.93994140625,-0.01220703125,-0.78125,0.06103515625,-1.46484375,-0.0244140625,-0.2685546875,0.01220703125,-0.32958984375,-0.2197265625,-1.25732421875,-0.1708984375,1.07421875,-0.2685546875,0.98876953125,0.13427734375,1.94091796875,0.09765625,1.52587890625,0.146484375,-0.732421875,-0.30517578125,-1.50146484375,-0.09765625,-1.025390625,-0.08544921875,0.390625,-0.06103515625,0.23193359375,-0.15869140625,-0.1220703125,-0.0732421875,-0.08544921875,-0.10986328125,-0.0244140625,-0.146484375,0.048828125,-0.18310546875,0.830078125,-0.10986328125,-0.48828125,-0.0244140625,-0.45166015625
0,-0.03662109375,-0.537109375,-0.390625,-0.30517578125,0.13427734375,-0.244140625,-0.0732421875,-0.06103515625,0.1220703125,-0.18310546875,-0.0244140625,-0.98876953125,-0.29296875,0.927734375,-0.45166015625,-0.45166015625,-0.1220703125,-1.07421875,-0.03662109375,-0.5859375,-0.15869140625,0.52490234375,-0.0732421875,-1.11083984375,-0.20751953125,-0.13427734375,-0.0732421875,-0.76904296875,0.09765625,0.89111328125,-0.0732421875,0.244140625,-0.18310546875,-0.3173828125,-0.0732421875,-0.830078125,-0.13427734375,-0.4150390625,-0.30517578125,-0.68359375,-0.2197265625,-0.13427734375,0.29296875,-0.634765625,-0.439453125,-0.390625,0.18310546875,0.6591796875,-0.1220703125,1.1474609375,-0.09765625,0.48828125,0.08544921875,-0.09765625,0.03662109375,0.74462890625,-0.09765625,0.64697265625,-0.18310546875,0.4150390625,0.1220703125,0.96435546875,0.2197265625,0.13427734375,0.13427734375,0.30517578125,0.06103515625,1.06201171875,0.20751953125,0.2197265625,-0.1953125,0.23193359375,-0.18310546875,0.48828125,-0.1708984375,0.830078125,0,0.06103515625,0.09765625,1.3916015625,-0.15869140625,-0.93994140625,-0.13427734375,-0.30517578125,-0.13427734375,-0.96435546875,0.09765625,-0.78125,0.048828125,-1.45263671875,-0.0244140625,-0.25634765625,0.0244140625,-0.32958984375,-0.32958984375,-1.25732421875,-0.1708984375,1.72119140625,-0.30517578125,1.5625,0.08544921875,2.77099609375,0.08544921875,2.099609375,0.13427734375,-0.732421875,-0.3173828125,-1.50146484375,-0.0732421875,-1.0498046875,-0.03662109375,0.4150390625,-0.048828125,0.2197265625,-0.146484375,-0.1220703125,-0.0732421875,-0.09765625,-0.13427734375,-0.01220703125,-0.1708984375,0.06103515625,-0.15869140625,0.84228515625,-0.1220703125,-0.50048828125,-0.048828125,-0.45166015625
0,-0.03662109375,-0.5126953125,-0.390625,-0.28076171875,0.1953125,-0.25634765625,-0.08544921875,-0.03662109375,0.10986328125,-0.1708984375,-0.03662109375,-1.0009765625,-0.28076171875,0.9033203125,-0.4150390625,-0.40283203125,-0.1220703125,-1.08642578125,-0.1220703125,-0.634765625,-0.35400390625,0.50048828125,-0.03662109375,-1.220703125,-0.1708984375,-0.1220703125,0,-0.76904296875,0.1708984375,0.91552734375,-0.1220703125,0.23193359375,-0.1220703125,-0.3173828125,-0.20751953125,-0.81787109375,-0.06103515625,-0.390625,-0.29296875,-0.67138671875,-0.08544921875,-0.15869140625,0.2685546875,-0.634765625,-0.3662109375,-0.4150390625,0.2197265625,0.67138671875,-0.08544921875,1.171875,-0.146484375,0.4638671875,0.1708984375,-0.1220703125,0.10986328125,0.732421875,-0.09765625,0.732421875,-0.20751953125,0.45166015625,0.15869140625,1.03759765625,0.244140625,0.1220703125,0.06103515625,0.341796875,-0.01220703125,1.06201171875,0.1953125,0.23193359375,-0.28076171875,0.23193359375,-0.244140625,0.439453125,-0.1708984375,0.84228515625,0.0732421875,0.03662109375,0.06103515625,1.37939453125,-0.13427734375,-0.93994140625,-0.10986328125,-0.3173828125,-0.01220703125,-0.9765625,0.1220703125,-0.79345703125,-0.0244140625,-1.47705078125,0.01220703125,-0.25634765625,-0.048828125,-0.32958984375,-0.28076171875,-1.26953125,-0.13427734375,2.33154296875,-0.23193359375,2.16064453125,0.1708984375,3.57666015625,0.13427734375,2.67333984375,0.03662109375,-0.732421875,-0.2685546875,-1.47705078125,-0.0244140625,-1.0498046875,-0.03662109375,0.37841796875,-0.03662109375,0.20751953125,-0.13427734375,-0.13427734375,-0.0732421875,-0.146484375,-0.13427734375,0.01220703125,-0.15869140625,0.03662109375,-0.15869140625,0.84228515625,-0.1220703125,-0.52490234375,-0.0732421875,-0.45166015625
0,-0.03662109375,-0.47607421875,-0.4150390625,-0.2685546875,0.20751953125,-0.30517578125,-0.08544921875,0.01220703125,0.10986328125,-0.18310546875,-0.03662109375,-0.96435546875,-0.28076171875,0.9033203125,-0.3662109375,-0.390625,-0.08544921875,-1.1474609375,-0.18310546875,-0.67138671875,-0.50048828125,0.45166015625,-0.01220703125,-1.3671875,-0.09765625,-0.13427734375,0.048828125,-0.78125,0.18310546875,0.96435546875,-0.146484375,0.244140625,-0.048828125,-0.3173828125,-0.3173828125,-0.81787109375,0.0244140625,-0.390625,-0.3173828125,-0.6591796875,0.048828125,-0.15869140625,0.23193359375,-0.6591796875,-0.244140625,-0.42724609375,0.2197265625,0.6591796875,-0.0244140625,1.1962890625,-0.18310546875,0.47607421875,0.23193359375,-0.18310546875,0.18310546875,0.732421875,-0.1220703125,0.81787109375,-0.28076171875,0.4638671875,0.1708984375,1.0498046875,0.18310546875,0.09765625,-0.06103515625,0.3662109375,-0.09765625,1.07421875,0.146484375,0.2197265625,-0.35400390625,0.23193359375,-0.3173828125,0.40283203125,-0.18310546875,0.81787109375,0.146484375,0.048828125,0.0244140625,1.3671875,-0.0732421875,-0.96435546875,-0.06103515625,-0.30517578125,0.0732421875,-0.9765625,0.08544921875,-0.78125,-0.1220703125,-1.4892578125,0.048828125,-0.25634765625,-0.1708984375,-0.32958984375,-0.1708984375,-1.23291015625,-0.146484375,2.91748046875,-0.18310546875,2.734375,0.1953125,4.33349609375,0.10986328125,3.23486328125,-0.03662109375,-0.7080078125,-0.15869140625,-1.46484375,-0.0244140625,-1.0498046875,0,0.390625,-0.01220703125,0.2197265625,-0.09765625,-0.146484375,-0.08544921875,-0.1708984375,-0.15869140625,0.01220703125,-0.146484375,0.0244140625,-0.1220703125,0.8544921875,-0.1220703125,-0.54931640625,-0.048828125,-0.45166015625
0,-0.048828125,-0.40283203125,-0.390625,-0.2685546875,0.25634765625,-0.30517578125,-0.09765625,0.0244140625,0.13427734375,-0.18310546875,-0.06103515625,-0.98876953125,-0.28076171875,0.87890625,-0.29296875,-0.3662109375,-0.01220703125,-1.220703125,-0.244140625,-0.74462890625,-0.54931640625,0.37841796875,-0.01220703125,-1.4892578125,-0.048828125,-0.13427734375,0.03662109375,-0.79345703125,0.1708984375,0.9521484375,-0.1953125,0.2197265625,-0.03662109375,-0.30517578125,-0.40283203125,-0.830078125,0.03662109375,-0.390625,-0.2685546875,-0.6591796875,0.13427734375,-0.1953125,0.20751953125,-0.6591796875,-0.1220703125,-0.4150390625,0.15869140625,0.6591796875,0,1.1962890625,-0.23193359375,0.4638671875,0.28076171875,-0.1953125,0.20751953125,0.732421875,-0.13427734375,0.9033203125,-0.37841796875,0.47607421875,0.23193359375,1.01318359375,0.10986328125,0.10986328125,-0.1220703125,0.3662109375,-0.20751953125,1.06201171875,0.146484375,0.2197265625,-0.40283203125,0.244140625,-0.3662109375,0.390625,-0.146484375,0.8056640625,0.1953125,0.03662109375,-0.0244140625,1.3671875,-0.0244140625,-0.927734375,0,-0.3173828125,0.15869140625,-0.9765625,0.06103515625,-0.79345703125,-0.1953125,-1.4892578125,0.0732421875,-0.23193359375,-0.29296875,-0.30517578125,0.0244140625,-1.2451171875,-0.10986328125,3.38134765625,-0.03662109375,3.23486328125,0.1220703125,5.0048828125,0.10986328125,3.69873046875,-0.13427734375,-0.7080078125,-0.06103515625,-1.45263671875,-0.06103515625,-1.025390625,0,0.390625,-0.0244140625,0.20751953125,-0.1220703125,-0.146484375,-0.06103515625,-0.1953125,-0.15869140625,-0.01220703125,-0.146484375,0.0244140625,-0.10986328125,0.8544921875,-0.13427734375,-0.5126953125,-0.03662109375,-0.47607421875
0,0,-0.341796875,-0.40283203125,-0.28076171875,0.30517578125,-0.3173828125,-0.13427734375,0.048828125,0.13427734375,-0.20751953125,-0.0732421875,-0.98876953125,-0.3173828125,0.9033203125,-0.23193359375,-0.390625,0.06103515625,-1.25732421875,-0.28076171875,-0.79345703125,-0.48828125,0.35400390625,-0.0244140625,-1.57470703125,0.01220703125,-0.146484375,0,-0.79345703125,0.13427734375,0.9521484375,-0.244140625,0.20751953125,-0.048828125,-0.30517578125,-0.4150390625,-0.81787109375,-0.01220703125,-0.42724609375,-0.244140625,-0.68359375,0.18310546875,-0.18310546875,0.18310546875,-0.64697265625,0.01220703125,-0.40283203125,0.146484375,0.64697265625,0.06103515625,1.1962890625,-0.2685546875,0.47607421875,0.244140625,-0.2197265625,0.1708984375,0.7568359375,-0.13427734375,0.98876953125,-0.42724609375,0.48828125,0.2685546875,0.96435546875,-0.01220703125,0.09765625,-0.146484375,0.3662109375,-0.2685546875,1.0498046875,0.146484375,0.20751953125,-0.42724609375,0.244140625,-0.35400390625,0.35400390625,-0.146484375,0.84228515625,0.23193359375,0.03662109375,-0.0244140625,1.35498046875,0.0244140625,-0.927734375,0.048828125,-0.30517578125,0.1953125,-0.9765625,0.0244140625,-0.76904296875,-0.2685546875,-1.4892578125,0.10986328125,-0.23193359375,-0.390625,-0.3173828125,0.18310546875,-1.26953125,-0.0732421875,3.72314453125,0.0244140625,3.6376953125,0.0244140625,5.517578125,0.0732421875,4.06494140625,-0.20751953125,-0.69580078125,0.03662109375,-1.47705078125,-0.1220703125,-1.025390625,-0.048828125,0.42724609375,-0.0244140625,0.18310546875,-0.15869140625,-0.146484375,-0.06103515625,-0.1953125,-0.146484375,0,-0.146484375,-0.01220703125,-0.10986328125,0.81787109375,-0.13427734375,-0.50048828125,-0.01220703125,-0.47607421875
1,0,-0.30517578125,-0.390625,-0.2685546875,0.35400390625,-0.3173828125,-0.146484375,0.06103515625,0.1220703125,-0.2197265625,-0.09765625,-0.98876953125,-0.32958984375,0.89111328125,-0.15869140625,-0.4150390625,0.10986328125,-1.26953125,-0.3173828125,-0.76904296875,-0.29296875,0.3173828125,-0.03662109375,-1.611328125,0.03662109375,-0.1708984375,-0.048828125,-0.7568359375,0.08544921875,0.9521484375,-0.3173828125,0.20751953125,-0.13427734375,-0.30517578125,-0.32958984375,-0.830078125,-0.0244140625,-0.42724609375,-0.25634765625,-0.69580078125,0.18310546875,-0.1953125,0.1953125,-0.6591796875,0.15869140625,-0.40283203125,0.1220703125,0.62255859375,0.10986328125,1.20849609375,-0.30517578125,0.47607421875,0.20751953125,-0.20751953125,0.15869140625,0.7568359375,-0.13427734375,1.0986328125,-0.4638671875,0.48828125,0.244140625,0.87890625,-0.06103515625,0.1220703125,-0.1953125,0.35400390625,-0.29296875,1.03759765625,0.15869140625,0.2197265625,-0.35400390625,0.244140625,-0.3662109375,0.341796875,-0.10986328125,0.84228515625,0.244140625,0.048828125,0.01220703125,1.3427734375,0.06103515625,-0.93994140625,0.10986328125,-0.32958984375,0.15869140625,-0.9765625,-0.0244140625,-0.76904296875,-0.244140625,-1.50146484375,0.1220703125,-0.2197265625,-0.390625,-0.32958984375,0.29296875,-1.25732421875,-0.08544921875,3.955078125,0.0732421875,3.91845703125,-0.09765625,5.8837890625,0.03662109375,4.33349609375,-0.23193359375,-0.7080078125,0.08544921875,-1.45263671875,-0.18310546875,-1.03759765625,-0.08544921875,0.40283203125,-0.0244140625,0.20751953125,-0.13427734375,-0.146484375,-0.0732421875,-0.1953125,-0.146484375,-0.03662109375,-0.146484375,-0.01220703125,-0.09765625,0.79345703125,-0.146484375,-0.50048828125,-0.01220703125,-0.5126953125
1,-0.03662109375,-0.28076171875,-0.40283203125,-0.28076171875,0.390625,-0.32958984375,-0.18310546875,0.048828125,0.10986328125,-0.20751953125,-0.10986328125,-1.01318359375,-0.30517578125,0.91552734375,-0.13427734375,-0.40283203125,0.146484375,-1.26953125,-0.29296875,-0.7568359375,-0.09765625,0.30517578125,-0.03662109375,-1.611328125,0.06103515625,-0.20751953125,-0.13427734375,-0.74462890625,-0.01220703125,0.93994140625,-0.3662109375,0.2197265625,-0.25634765625,-0.29296875,-0.23193359375,-0.830078125,-0.09765625,-0.439453125,-0.28076171875,-0.7080078125,0.13427734375,-0.1953125,0.244140625,-0.64697265625,0.23193359375,-0.40283203125,0.1220703125,0.62255859375,0.10986328125,1.18408203125,-0.35400390625,0.50048828125,0.1708984375,-0.18310546875,0.13427734375,0.79345703125,-0.09765625,1.171875,-0.4638671875,0.47607421875,0.15869140625,0.79345703125,-0.048828125,0.13427734375,-0.23193359375,0.32958984375,-0.32958984375,1.01318359375,0.20751953125,0.20751953125,-0.30517578125,0.244140625,-0.37841796875,0.35400390625,-0.048828125,0.830078125,0.2685546875,0.06103515625,0.048828125,1.35498046875,0.09765625,-0.96435546875,0.13427734375,-0.32958984375,0.10986328125,-0.96435546875,-0.03662109375,-0.76904296875,-0.2197265625,-1.4892578125,0.10986328125,-0.20751953125,-0.2685546875,-0.35400390625,0.32958984375,-1.220703125,-0.10986328125,4.04052734375,0.09765625,4.052734375,-0.15869140625,6.16455078125,0.08544921875,4.50439453125,-0.1953125,-0.7080078125,0.10986328125,-1.45263671875,-0.25634765625,-1.03759765625,-0.06103515625,0.4150390625,-0.03662109375,0.18310546875,-0.146484375,-0.13427734375,-0.0732421875,-0.1953125,-0.15869140625,-0.06103515625,-0.146484375,-0.0244140625,-0.1220703125,0.78125,-0.146484375,-0.48828125,-0.03662109375,-0.52490234375
1,-0.01220703125,-0.30517578125,-0.439453125,-0.28076171875,0.390625,-0.30517578125,-0.20751953125,0.01220703125,0.09765625,-0.1953125,-0.1220703125,-0.98876953125,-0.29296875,0.927734375,-0.08544921875,-0.4150390625,0.20751953125,-1.23291015625,-0.25634765625,-0.7080078125,0.09765625,0.35400390625,-0.0244140625,-1.52587890625,0.06103515625,-0.2197265625,-0.20751953125,-0.74462890625,-0.13427734375,0.9033203125,-0.40283203125,0.23193359375,-0.29296875,-0.30517578125,-0.10986328125,-0.84228515625,-0.1708984375,-0.42724609375,-0.29296875,-0.72021484375,0.01220703125,-0.18310546875,0.28076171875,-0.64697265625,0.2197265625,-0.40283203125,0.1220703125,0.634765625,0.10986328125,1.15966796875,-0.35400390625,0.5126953125,0.1220703125,-0.15869140625,0.13427734375,0.76904296875,-0.08544921875,1.20849609375,-0.439453125,0.45166015625,0.08544921875,0.69580078125,-0.0244140625,0.1708984375,-0.244140625,0.30517578125,-0.32958984375,1.01318359375,0.2197265625,0.20751953125,-0.25634765625,0.23193359375,-0.40283203125,0.3662109375,0,0.8544921875,0.244140625,0.03662109375,0.09765625,1.3671875,0.1708984375,-0.9765625,0.15869140625,-0.341796875,-0.0244140625,-0.927734375,-0.03662109375,-0.76904296875,-0.146484375,-1.47705078125,0.10986328125,-0.23193359375,-0.1220703125,-0.35400390625,0.2685546875,-1.20849609375,-0.10986328125,4.052734375,0.0732421875,4.08935546875,-0.18310546875,6.2744140625,0.13427734375,4.541015625,-0.06103515625,-0.7080078125,0.09765625,-1.45263671875,-0.32958984375,-1.0498046875,-0.01220703125,0.40283203125,-0.03662109375,0.1953125,-0.146484375,-0.13427734375,-0.08544921875,-0.18310546875,-0.18310546875,-0.08544921875,-0.13427734375,-0.0244140625,-0.1220703125,0.7568359375,-0.15869140625,-0.47607421875,-0.01220703125,-0.52490234375
1,-0.048828125,-0.3173828125,-0.4150390625,-0.30517578125,0.439453125,-0.32958984375,-0.20751953125,0,0.06103515625,-0.1953125,-0.10986328125,-0.9765625,-0.28076171875,0.927734375,-0.01220703125,-0.4150390625,0.1953125,-1.18408203125,-0.1708984375,-0.6591796875,0.2197265625,0.40283203125,-0.0732421875,-1.42822265625,0.03662109375,-0.23193359375,-0.244140625,-0.7568359375,-0.1953125,0.89111328125,-0.42724609375,0.244140625,-0.341796875,-0.30517578125,-0.0244140625,-0.84228515625,-0.1953125,-0.40283203125,-0.42724609375,-0.74462890625,-0.15869140625,-0.146484375,0.2685546875,-0.64697265625,0.1708984375,-0.40283203125,0.13427734375,0.64697265625,0.13427734375,1.1474609375,-0.30517578125,0.50048828125,0.0732421875,-0.13427734375,0.10986328125,0.78125,-0.048828125,1.25732421875,-0.4150390625,0.42724609375,0.048828125,0.62255859375,0.0732421875,0.15869140625,-0.30517578125,0.3173828125,-0.2685546875,1.01318359375,0.28076171875,0.1953125,-0.1708984375,0.2197265625,-0.42724609375,0.40283203125,0.048828125,0.8544921875,0.20751953125,0.0244140625,0.1708984375,1.35498046875,0.1708984375,-0.9765625,0.13427734375,-0.3173828125,-0.13427734375,-0.93994140625,-0.0732421875,-0.7568359375,-0.06103515625,-1.47705078125,0.06103515625,-0.20751953125,0.06103515625,-0.32958984375,0.146484375,-1.20849609375,-0.15869140625,3.96728515625,-0.01220703125,4.052734375,-0.2685546875,6.2744140625,0.13427734375,4.5166015625,0.0732421875,-0.7080078125,0.08544921875,-1.45263671875,-0.341796875,-1.06201171875,0.03662109375,0.4150390625,-0.08544921875,0.18310546875,-0.15869140625,-0.10986328125,-0.06103515625,-0.1708984375,-0.18310546875,-0.0732421875,-0.1220703125,-0.01220703125,-0.10986328125,0.76904296875,-0.146484375,-0.45166015625,-0.01220703125,-0.50048828125
1,0.01220703125,-0.3662109375,-0.42724609375,-0.30517578125,0.50048828125,-0.341796875,-0.20751953125,0.01220703125,0.08544921875,-0.18310546875,-0.1220703125,-0.98876953125,-0.2685546875,0.91552734375,0.01220703125,-0.40283203125,0.15869140625,-1.13525390625,-0.048828125,-0.6103515625,0.28076171875,0.4638671875,-0.06103515625,-1.2939453125,0.03662109375,-0.23193359375,-0.2685546875,-0.76904296875,-0.23193359375,0.86669921875,-0.390625,0.244140625,-0.29296875,-0.30517578125,0.03662109375,-0.8544921875,-0.2197265625,-0.390625,-0.4638671875,-0.74462890625,-0.3173828125,-0.13427734375,0.25634765625,-0.64697265625,0.1220703125,-0.390625,0.09765625,0.634765625,0.1708984375,1.1474609375,-0.20751953125,0.48828125,0.01220703125,-0.1220703125,0.08544921875,0.78125,-0.03662109375,1.2939453125,-0.32958984375,0.439453125,-0.03662109375,0.5615234375,0.08544921875,0.15869140625,-0.3173828125,0.30517578125,-0.25634765625,1.03759765625,0.30517578125,0.20751953125,-0.13427734375,0.2197265625,-0.439453125,0.439453125,0.03662109375,0.89111328125,0.1953125,-0.01220703125,0.23193359375,1.37939453125,0.1708984375,-0.9521484375,0.10986328125,-0.3173828125,-0.244140625,-0.9521484375,-0.0732421875,-0.74462890625,0.01220703125,-1.47705078125,0.01220703125,-0.2197265625,0.20751953125,-0.3173828125,0.03662109375,-1.18408203125,-0.15869140625,3.86962890625,-0.09765625,3.9306640625,-0.244140625,6.15234375,0.1220703125,4.39453125,0.18310546875,-0.7080078125,0.0732421875,-1.47705078125,-0.35400390625,-1.0498046875,0.03662109375,0.4150390625,-0.06103515625,0.18310546875,-0.1708984375,-0.0732421875,-0.0732421875,-0.18310546875,-0.1708984375,-0.0732421875,-0.1220703125,-0.01220703125,-0.10986328125,0.7568359375,-0.1220703125,-0.4638671875,0.01220703125,-0.5126953125
1,0.01220703125,-0.4150390625,-0.42724609375,-0.32958984375,0.50048828125,-0.37841796875,-0.1953125,0,0.0732421875,-0.1953125,-0.10986328125,-1.0009765625,-0.2197265625,0.927734375,0.0732421875,-0.439453125,0.1220703125,-1.11083984375,0.08544921875,-0.5859375,0.23193359375,0.50048828125,0.0244140625,-1.20849609375,-0.03662109375,-0.23193359375,-0.2685546875,-0.78125,-0.23193359375,0.84228515625,-0.32958984375,0.2685546875,-0.10986328125,-0.30517578125,0.048828125,-0.8544921875,-0.28076171875,-0.4150390625,-0.50048828125,-0.74462890625,-0.42724609375,-0.1220703125,0.1953125,-0.64697265625,0.01220703125,-0.4150390625,0.06103515625,0.62255859375,0.15869140625,1.123046875,-0.1708984375,0.4638671875,-0.048828125,-0.10986328125,0.10986328125,0.74462890625,-0.01220703125,1.30615234375,-0.23193359375,0.42724609375,-0.1220703125,0.52490234375,0.0244140625,0.15869140625,-0.390625,0.25634765625,-0.15869140625,1.06201171875,0.3173828125,0.1953125,-0.1220703125,0.23193359375,-0.45166015625,0.439453125,0.06103515625,0.91552734375,0.1708984375,-0.01220703125,0.29296875,1.37939453125,0.1953125,-0.927734375,0.048828125,-0.30517578125,-0.29296875,-0.927734375,-0.1220703125,-0.74462890625,0.08544921875,-1.45263671875,-0.0244140625,-0.23193359375,0.2685546875,-0.29296875,-0.03662109375,-1.18408203125,-0.10986328125,3.7109375,-0.18310546875,3.77197265625,-0.146484375,5.96923828125,0.0732421875,4.248046875,0.28076171875,-0.72021484375,0.06103515625,-1.47705078125,-0.30517578125,-1.0498046875,0,0.4150390625,-0.08544921875,0.1953125,-0.13427734375,-0.06103515625,-0.0732421875,-0.1708984375,-0.13427734375,-0.0732421875,-0.1220703125,0,-0.09765625,0.7568359375,-0.146484375,-0.47607421875,0.048828125,-0.5126953125
1,0.01220703125,-0.45166015625,-0.4150390625,-0.3173828125,0.48828125,-0.37841796875,-0.18310546875,-0.01220703125,0.0732421875,-0.1708984375,-0.13427734375,-0.98876953125,-0.18310546875,0.93994140625,0.10986328125,-0.42724609375,0.09765625,-1.08642578125,0.1708984375,-0.5859375,0.1220703125,0.537109375,0.146484375,-1.1474609375,-0.13427734375,-0.2197265625,-0.25634765625,-0.81787109375,-0.15869140625,0.81787109375,-0.30517578125,0.2685546875,0.0244140625,-0.30517578125,0.03662109375,-0.830078125,-0.30517578125,-0.4150390625,-0.537109375,-0.74462890625,-0.4638671875,-0.1220703125,0.09765625,-0.634765625,-0.08544921875,-0.4150390625,0.01220703125,0.64697265625,0.1220703125,1.13525390625,-0.10986328125,0.4638671875,-0.10986328125,-0.10986328125,0.08544921875,0.732421875,0.0244140625,1.318359375,-0.1953125,0.439453125,-0.244140625,0.48828125,-0.0244140625,0.10986328125,-0.439453125,0.25634765625,-0.09765625,1.03759765625,0.341796875,0.1953125,-0.146484375,0.20751953125,-0.439453125,0.45166015625,0.10986328125,0.91552734375,0.1708984375,-0.0244140625,0.3173828125,1.3671875,0.15869140625,-0.91552734375,0.01220703125,-0.30517578125,-0.29296875,-0.9521484375,-0.1953125,-0.7568359375,0.13427734375,-1.47705078125,-0.03662109375,-0.23193359375,0.2685546875,-0.28076171875,-0.048828125,-1.1962890625,-0.08544921875,3.5400390625,-0.2197265625,3.55224609375,-0.06103515625,5.6884765625,0.0244140625,4.06494140625,0.25634765625,-0.72021484375,0.06103515625,-1.46484375,-0.20751953125,-1.0498046875,-0.06103515625,0.40283203125,-0.09765625,0.1953125,-0.1708984375,-0.0732421875,-0.0732421875,-0.15869140625,-0.08544921875,-0.01220703125,-0.13427734375,0,-0.0732421875,0.7568359375,-0.15869140625,-0.50048828125,0.06103515625,-0.50048828125
1,0,-0.4638671875,-0.42724609375,-0.32958984375,0.5859375,-0.4150390625,-0.18310546875,-0.03662109375,0.048828125,-0.1708984375,-0.13427734375,-1.0009765625,-0.1708984375,0.93994140625,0.15869140625,-0.439453125,0.08544921875,-1.06201171875,0.20751953125,-0.57373046875,0,0.54931640625,0.341796875,-1.1474609375,-0.2197265625,-0.20751953125,-0.20751953125,-0.79345703125,-0.0732421875,0.84228515625,-0.25634765625,0.2685546875,0.1953125,-0.29296875,-0.01220703125,-0.830078125,-0.341796875,-0.42724609375,-0.50048828125,-0.732421875,-0.45166015625,-0.13427734375,0.01220703125,-0.634765625,-0.1220703125,-0.42724609375,0.01220703125,0.64697265625,0.06103515625,1.15966796875,-0.048828125,0.439453125,-0.13427734375,-0.1220703125,0.03662109375,0.72021484375,0.01220703125,1.2939453125,-0.1708984375,0.439453125,-0.29296875,0.50048828125,-0.15869140625,0.10986328125,-0.439453125,0.25634765625,-0.06103515625,1.06201171875,0.35400390625,0.1708984375,-0.2197265625,0.20751953125,-0.3662109375,0.42724609375,0.146484375,0.91552734375,0.1220703125,-0.03662109375,0.3173828125,1.35498046875,0.13427734375,-0.89111328125,-0.048828125,-0.3173828125,-0.2197265625,-0.96435546875,-0.244140625,-0.76904296875,0.18310546875,-1.47705078125,0,-0.244140625,0.18310546875,-0.29296875,0.01220703125,-1.1962890625,-0.0732421875,3.35693359375,-0.20751953125,3.35693359375,0.08544921875,5.38330078125,-0.01220703125,3.8818359375,0.20751953125,-0.72021484375,0,-1.42822265625,-0.13427734375,-1.0498046875,-0.0732421875,0.390625,-0.146484375,0.20751953125,-0.1708984375,-0.06103515625,-0.0732421875,-0.1708984375,-0.09765625,-0.0244140625,-0.15869140625,-0.0244140625,-0.0732421875,0.78125,-0.15869140625,-0.52490234375,0.08544921875,-0.50048828125
1,0,-0.48828125,-0.37841796875,-0.3173828125,0.54931640625,-0.42724609375,-0.1953125,-0.0244140625,0.0732421875,-0.15869140625,-0.146484375,-1.0009765625,-0.146484375,0.927734375,0.1953125,-0.42724609375,0.06103515625,-1.08642578125,0.18310546875,-0.57373046875,-0.13427734375,0.50048828125,0.52490234375,-1.20849609375,-0.25634765625,-0.18310546875,-0.1708984375,-0.8056640625,0.01220703125,0.86669921875,-0.1953125,0.25634765625,0.3173828125,-0.30517578125,-0.10986328125,-0.84228515625,-0.32958984375,-0.4150390625,-0.54931640625,-0.7080078125,-0.390625,-0.1220703125,-0.10986328125,-0.62255859375,-0.1708984375,-0.439453125,0.01220703125,0.68359375,-0.0244140625,1.171875,-0.0244140625,0.439453125,-0.13427734375,-0.15869140625,0.0244140625,0.732421875,0.06103515625,1.2939453125,-0.2197265625,0.45166015625,-0.28076171875,0.5126953125,-0.23193359375,0.09765625,-0.439453125,0.25634765625,0,1.08642578125,0.37841796875,0.1708984375,-0.29296875,0.20751953125,-0.30517578125,0.390625,0.15869140625,0.91552734375,0.09765625,-0.03662109375,0.30517578125,1.3427734375,0.09765625,-0.89111328125,-0.08544921875,-0.32958984375,-0.08544921875,-0.98876953125,-0.29296875,-0.78125,0.15869140625,-1.47705078125,0.0244140625,-0.2685546875,0.03662109375,-0.29296875,0.048828125,-1.1962890625,-0.09765625,3.16162109375,-0.10986328125,3.13720703125,0.18310546875,5.029296875,0,3.64990234375,0.0732421875,-0.72021484375,0.0244140625,-1.416015625,-0.048828125,-1.0498046875,-0.10986328125,0.40283203125,-0.13427734375,0.20751953125,-0.1953125,-0.08544921875,-0.06103515625,-0.1708984375,-0.0732421875,-0.01220703125,-0.15869140625,-0.0244140625,-0.06103515625,0.78125,-0.18310546875,-0.52490234375,0.0732421875,-0.50048828125
1,0,-0.45166015625,-0.40283203125,-0.30517578125,0.5859375,-0.4150390625,-0.1953125,0.01220703125,0.06103515625,-0.146484375,-0.146484375,-1.0009765625,-0.146484375,0.93994140625,0.2197265625,-0.4150390625,0.0732421875,-1.123046875,0.08544921875,-0.64697265625,-0.1953125,0.47607421875,0.634765625,-1.28173828125,-0.28076171875,-0.18310546875,-0.146484375,-0.81787109375,0.0732421875,0.8544921875,-0.10986328125,0.23193359375,0.37841796875,-0.29296875,-0.18310546875,-0.830078125,-0.32958984375,-0.40283203125,-0.54931640625,-0.69580078125,-0.2685546875,-0.13427734375,-0.15869140625,-0.634765625,-0.1953125,-0.4150390625,-0.01220703125,0.6591796875,-0.048828125,1.18408203125,0,0.45166015625,-0.13427734375,-0.18310546875,0,0.72021484375,0.09765625,1.26953125,-0.25634765625,0.4638671875,-0.29296875,0.537109375,-0.2197265625,0.0732421875,-0.42724609375,0.2197265625,0.0732421875,1.0498046875,0.3662109375,0.1953125,-0.35400390625,0.1953125,-0.20751953125,0.35400390625,0.146484375,0.89111328125,0.08544921875,-0.0244140625,0.2685546875,1.33056640625,0.0732421875,-0.927734375,-0.09765625,-0.3173828125,0.01220703125,-0.9765625,-0.28076171875,-0.78125,0.1220703125,-1.4892578125,0.09765625,-0.2685546875,-0.1220703125,-0.3173828125,0.13427734375,-1.220703125,-0.15869140625,2.96630859375,0.0244140625,2.94189453125,0.15869140625,4.6630859375,0.01220703125,3.4423828125,-0.03662109375,-0.732421875,-0.01220703125,-1.3916015625,0,-1.0498046875,-0.09765625,0.390625,-0.146484375,0.1953125,-0.1953125,-0.09765625,-0.0732421875,-0.18310546875,-0.06103515625,0,-0.15869140625,-0.03662109375,-0.0732421875,0.8056640625,-0.18310546875,-0.52490234375,0.08544921875,-0.48828125
1,0,-0.42724609375,-0.390625,-0.2685546875,0.59814453125,-0.4150390625,-0.20751953125,0.0244140625,0.0732421875,-0.1708984375,-0.1220703125,-1.0009765625,-0.146484375,0.927734375,0.25634765625,-0.390625,0.0732421875,-1.171875,0.01220703125,-0.7080078125,-0.1953125,0.439453125,0.57373046875,-1.35498046875,-0.20751953125,-0.18310546875,-0.10986328125,-0.81787109375,0.10986328125,0.87890625,-0.01220703125,0.2197265625,0.35400390625,-0.29296875,-0.2685546875,-0.84228515625,-0.3173828125,-0.42724609375,-0.537109375,-0.68359375,-0.1708984375,-0.15869140625,-0.13427734375,-0.634765625,-0.1953125,-0.42724609375,0.0244140625,0.67138671875,-0.06103515625,1.171875,-0.06103515625,0.47607421875,-0.18310546875,-0.1953125,0,0.72021484375,0.146484375,1.220703125,-0.28076171875,0.47607421875,-0.2685546875,0.5615234375,-0.1953125,0.08544921875,-0.35400390625,0.2197265625,0.13427734375,1.025390625,0.3173828125,0.20751953125,-0.4150390625,0.1953125,-0.15869140625,0.30517578125,0.15869140625,0.89111328125,0.048828125,-0.01220703125,0.23193359375,1.33056640625,0.03662109375,-0.9521484375,-0.10986328125,-0.32958984375,0.09765625,-0.9765625,-0.23193359375,-0.79345703125,0.0244140625,-1.50146484375,0.10986328125,-0.28076171875,-0.25634765625,-0.30517578125,0.1220703125,-1.23291015625,-0.2197265625,2.74658203125,0.10986328125,2.77099609375,0.10986328125,4.30908203125,0.0244140625,3.25927734375,-0.13427734375,-0.72021484375,-0.048828125,-1.3671875,0.0244140625,-1.0498046875,-0.0732421875,0.40283203125,-0.1220703125,0.20751953125,-0.18310546875,-0.09765625,-0.08544921875,-0.1708984375,-0.048828125,-0.0244140625,-0.146484375,-0.048828125,-0.06103515625,0.8056640625,-0.18310546875,-0.52490234375,0.08544921875,-0.5126953125
1,0.0244140625,-0.37841796875,-0.341796875,-0.25634765625,0.67138671875,-0.390625,-0.1953125,0.03662109375,0.0732421875,-0.15869140625,-0.146484375,-0.98876953125,-0.1220703125,0.9521484375,0.28076171875,-0.341796875,0.048828125,-1.20849609375,-0.08544921875,-0.732421875,-0.1220703125,0.390625,0.42724609375,-1.416015625,-0.13427734375,-0.1708984375,-0.08544921875,-0.8056640625,0.1220703125,0.9033203125,0.048828125,0.2197265625,0.2197265625,-0.3173828125,-0.3173828125,-0.84228515625,-0.28076171875,-0.4150390625,-0.4638671875,-0.67138671875,-0.09765625,-0.18310546875,-0.0244140625,-0.634765625,-0.18310546875,-0.40283203125,0.0244140625,0.67138671875,-0.048828125,1.171875,-0.09765625,0.48828125,-0.20751953125,-0.20751953125,0.03662109375,0.732421875,0.1953125,1.15966796875,-0.29296875,0.47607421875,-0.20751953125,0.57373046875,-0.1953125,0.10986328125,-0.30517578125,0.1953125,0.244140625,1.0009765625,0.30517578125,0.23193359375,-0.45166015625,0.1953125,-0.13427734375,0.244140625,0.146484375,0.89111328125,0.0244140625,0.01220703125,0.20751953125,1.33056640625,0.01220703125,-0.9765625,-0.1220703125,-0.341796875,0.1953125,-0.98876953125,-0.1953125,-0.81787109375,-0.048828125,-1.50146484375,0.0732421875,-0.2685546875,-0.28076171875,-0.30517578125,0.08544921875,-1.2451171875,-0.23193359375,2.52685546875,0.18310546875,2.57568359375,0.048828125,3.96728515625,0.03662109375,3.0517578125,-0.20751953125,-0.7080078125,-0.048828125,-1.3671875,0,-1.06201171875,-0.048828125,0.390625,-0.10986328125,0.20751953125,-0.18310546875,-0.146484375,-0.0732421875,-0.13427734375,-0.01220703125,-0.03662109375,-0.146484375,-0.06103515625,-0.06103515625,0.81787109375,-0.1708984375,-0.5126953125,0.048828125,-0.5126953125
1,0.048828125,-0.341796875,-0.3173828125,-0.25634765625,0.6591796875,-0.341796875,-0.1953125,0.048828125,0.048828125,-0.15869140625,-0.1220703125,-0.98876953125,-0.10986328125,0.93994140625,0.29296875,-0.35400390625,0.06103515625,-1.23291015625,-0.146484375,-0.72021484375,0,0.3662109375,0.13427734375,-1.47705078125,-0.048828125,-0.1953125,-0.0732421875,-0.79345703125,0.09765625,0.91552734375,0.0732421875,0.2197265625,-0.03662109375,-0.30517578125,-0.29296875,-0.84228515625,-0.244140625,-0.4150390625,-0.4150390625,-0.6591796875,-0.10986328125,-0.18310546875,0.10986328125,-0.634765625,-0.15869140625,-0.37841796875,0.03662109375,0.67138671875,-0.0244140625,1.15966796875,-0.10986328125,0.48828125,-0.23193359375,-0.18310546875,0.048828125,0.7568359375,0.15869140625,1.0986328125,-0.29296875,0.47607421875,-0.13427734375,0.57373046875,-0.18310546875,0.10986328125,-0.1953125,0.18310546875,0.32958984375,1.0009765625,0.28076171875,0.2685546875,-0.47607421875,0.20751953125,-0.08544921875,0.23193359375,0.146484375,0.87890625,-0.01220703125,0.01220703125,0.1708984375,1.30615234375,0.0244140625,-1.01318359375,-0.09765625,-0.32958984375,0.18310546875,-0.9765625,-0.0732421875,-0.8056640625,-0.048828125,-1.50146484375,0,-0.29296875,-0.20751953125,-0.3173828125,0.01220703125,-1.25732421875,-0.1953125,2.28271484375,0.1953125,2.4169921875,-0.06103515625,3.6376953125,0.0732421875,2.86865234375,-0.18310546875,-0.69580078125,-0.09765625,-1.3427734375,-0.06103515625,-1.06201171875,-0.048828125,0.37841796875,-0.10986328125,0.20751953125,-0.23193359375,-0.1708984375,-0.0732421875,-0.09765625,0,-0.048828125,-0.13427734375,-0.0732421875,-0.048828125,0.81787109375,-0.146484375,-0.48828125,0.0732421875,-0.52490234375
1,0.06103515625,-0.29296875,-0.30517578125,-0.25634765625,0.67138671875,-0.29296875,-0.2197265625,0.03662109375,0.048828125,-0.1708984375,-0.13427734375,-0.98876953125,-0.1220703125,0.9521484375,0.29296875,-0.35400390625,0.03662109375,-1.25732421875,-0.15869140625,-0.7568359375,0.01220703125,0.341796875,-0.10986328125,-1.47705078125,0.01220703125,-0.20751953125,-0.08544921875,-0.76904296875,0.0732421875,0.91552734375,0.06103515625,0.2197265625,-0.1708984375,-0.32958984375,-0.2685546875,-0.84228515625,-0.1708984375,-0.4150390625,-0.35400390625,-0.6103515625,-0.13427734375,-0.1708984375,0.1708984375,-0.634765625,-0.10986328125,-0.37841796875,0.09765625,0.64697265625,0,1.15966796875,-0.2197265625,0.50048828125,-0.25634765625,-0.1953125,0.0732421875,0.7568359375,0.13427734375,1.03759765625,-0.28076171875,0.4638671875,-0.01220703125,0.57373046875,-0.2197265625,0.13427734375,-0.13427734375,0.20751953125,0.40283203125,0.98876953125,0.2685546875,0.2685546875,-0.48828125,0.20751953125,-0.01220703125,0.2197265625,0.09765625,0.9033203125,-0.048828125,0.01220703125,0.15869140625,1.318359375,0.0244140625,-1.06201171875,-0.09765625,-0.3173828125,0.18310546875,-0.9765625,0.03662109375,-0.79345703125,-0.0244140625,-1.4892578125,-0.06103515625,-0.30517578125,-0.09765625,-0.32958984375,-0.09765625,-1.220703125,-0.15869140625,2.08740234375,0.13427734375,2.20947265625,-0.18310546875,3.3203125,0.0732421875,2.685546875,-0.146484375,-0.69580078125,-0.15869140625,-1.3916015625,-0.13427734375,-1.0498046875,0,0.390625,-0.09765625,0.1953125,-0.20751953125,-0.1708984375,-0.0732421875,-0.10986328125,0.0244140625,-0.06103515625,-0.146484375,-0.06103515625,-0.06103515625,0.84228515625,-0.15869140625,-0.47607421875,0.048828125,-0.52490234375
0,0.08544921875,-0.30517578125,-0.29296875,-0.29296875,0.67138671875,-0.28076171875,-0.20751953125,0.0244140625,0.03662109375,-0.1708984375,-0.13427734375,-0.9765625,-0.09765625,0.93994140625,0.2685546875,-0.390625,0,-1.2451171875,-0.1708984375,-0.7080078125,0,0.341796875,-0.341796875,-1.46484375,0.06103515625,-0.23193359375,-0.09765625,-0.76904296875,0.048828125,0.91552734375,0.048828125,0.23193359375,-0.3173828125,-0.3173828125,-0.28076171875,-0.84228515625,-0.1220703125,-0.4150390625,-0.35400390625,-0.5859375,-0.146484375,-0.146484375,0.244140625,-0.64697265625,-0.0732421875,-0.390625,0.1708984375,0.62255859375,-0.01220703125,1.13525390625,-0.29296875,0.5126953125,-0.29296875,-0.1708984375,0.10986328125,0.7568359375,0.0732421875,0.9521484375,-0.28076171875,0.4638671875,0.0732421875,0.5615234375,-0.1708984375,0.13427734375,-0.10986328125,0.20751953125,0.5126953125,0.98876953125,0.2685546875,0.25634765625,-0.4150390625,0.20751953125,0.048828125,0.23193359375,0.09765625,0.93994140625,-0.0732421875,0.01220703125,0.10986328125,1.2939453125,0.0732421875,-1.025390625,-0.048828125,-0.29296875,0.18310546875,-0.98876953125,0.1220703125,-0.79345703125,0.0244140625,-1.50146484375,-0.1220703125,-0.28076171875,0.08544921875,-0.30517578125,-0.146484375,-1.2451171875,-0.03662109375,1.85546875,0.09765625,1.9775390625,-0.09765625,2.99072265625,0.13427734375,2.47802734375,-0.0732421875,-0.67138671875,-0.18310546875,-1.3916015625,-0.20751953125,-1.0498046875,0.08544921875,0.37841796875,-0.08544921875,0.2197265625,-0.23193359375,-0.18310546875,-0.0732421875,-0.10986328125,0.0244140625,-0.06103515625,-0.13427734375,-0.048828125,-0.0244140625,0.84228515625,-0.13427734375,-0.45166015625,0.03662109375,-0.52490234375
0,0.10986328125,-0.30517578125,-0.28076171875,-0.30517578125,0.69580078125,-0.25634765625,-0.20751953125,0.01220703125,0.0244140625,-0.1708984375,-0.13427734375,-0.9765625,-0.0732421875,0.93994140625,0.2685546875,-0.40283203125,-0.048828125,-1.20849609375,-0.10986328125,-0.68359375,-0.0732421875,0.3662109375,-0.4150390625,-1.416015625,0.08544921875,-0.2685546875,-0.09765625,-0.76904296875,0.01220703125,0.89111328125,0.01220703125,0.244140625,-0.37841796875,-0.32958984375,-0.29296875,-0.84228515625,-0.048828125,-0.37841796875,-0.40283203125,-0.54931640625,-0.146484375,-0.146484375,0.2685546875,-0.64697265625,-0.03662109375,-0.390625,0.2197265625,0.64697265625,0.0244140625,1.13525390625,-0.3662109375,0.48828125,-0.2685546875,-0.146484375,0.09765625,0.7568359375,0.01220703125,0.89111328125,-0.2685546875,0.45166015625,0.1953125,0.5615234375,-0.146484375,0.146484375,-0.0732421875,0.2197265625,0.5859375,1.0009765625,0.29296875,0.23193359375,-0.35400390625,0.20751953125,0.1220703125,0.25634765625,0.048828125,0.91552734375,-0.0732421875,0.0244140625,0.08544921875,1.318359375,0.146484375,-1.01318359375,-0.0244140625,-0.29296875,0.146484375,-0.98876953125,0.20751953125,-0.78125,0.06103515625,-1.52587890625,-0.13427734375,-0.28076171875,0.2685546875,-0.30517578125,-0.20751953125,-1.23291015625,0.03662109375,1.64794921875,0.03662109375,1.74560546875,-0.13427734375,2.60009765625,0.09765625,2.24609375,0.03662109375,-0.69580078125,-0.1953125,-1.416015625,-0.23193359375,-1.0498046875,0.146484375,0.37841796875,-0.08544921875,0.20751953125,-0.23193359375,-0.15869140625,-0.0732421875,-0.10986328125,0.03662109375,-0.06103515625,-0.1220703125,-0.01220703125,-0.01220703125,0.86669921875,-0.1220703125,-0.45166015625,0.01220703125,-0.52490234375
0,0.1220703125,-0.341796875,-0.28076171875,-0.30517578125,0.69580078125,-0.2197265625,-0.20751953125,0,-0.01220703125,-0.146484375,-0.10986328125,-0.98876953125,-0.0732421875,0.9521484375,0.2685546875,-0.439453125,-0.1220703125,-1.15966796875,-0.0732421875,-0.634765625,-0.1953125,0.40283203125,-0.3173828125,-1.33056640625,0.048828125,-0.2685546875,-0.10986328125,-0.78125,-0.0244140625,0.87890625,-0.09765625,0.25634765625,-0.3173828125,-0.32958984375,-0.32958984375,-0.84228515625,0,-0.4150390625,-0.42724609375,-0.5126953125,-0.1220703125,-0.146484375,0.20751953125,-0.634765625,0,-0.4150390625,0.2197265625,0.64697265625,0.03662109375,1.15966796875,-0.40283203125,0.48828125,-0.23193359375,-0.146484375,0.06103515625,0.74462890625,0.0244140625,0.8056640625,-0.28076171875,0.4150390625,0.35400390625,0.52490234375,-0.146484375,0.13427734375,-0.0244140625,0.23193359375,0.59814453125,1.025390625,0.30517578125,0.23193359375,-0.28076171875,0.2197265625,0.13427734375,0.2685546875,-0.0732421875,0.927734375,-0.06103515625,0,0.10986328125,1.33056640625,0.2197265625,-0.98876953125,0.01220703125,-0.2685546875,0.1220703125,-0.98876953125,0.18310546875,-0.76904296875,0.08544921875,-1.513671875,-0.09765625,-0.25634765625,0.4150390625,-0.341796875,-0.18310546875,-1.2451171875,0.10986328125,1.37939453125,-0.048828125,1.47705078125,0.0244140625,2.197265625,0.03662109375,1.98974609375,0.08544921875,-0.69580078125,-0.146484375,-1.42822265625,-0.23193359375,-1.03759765625,0.15869140625,0.390625,-0.0732421875,0.1953125,-0.20751953125,-0.15869140625,-0.0732421875,-0.146484375,0.048828125,-0.048828125,-0.10986328125,-0.0244140625,-0.0244140625,0.87890625,-0.10986328125,-0.45166015625,-0.0244140625,-0.50048828125
0,0.15869140625,-0.3662109375,-0.28076171875,-0.32958984375,0.6591796875,-0.2197265625,-0.20751953125,-0.01220703125,-0.01220703125,-0.13427734375,-0.10986328125,-0.98876953125,-0.08544921875,0.9033203125,0.28076171875,-0.45166015625,-0.15869140625,-1.13525390625,0,-0.6103515625,-0.37841796875,0.439453125,-0.13427734375,-1.26953125,0,-0.25634765625,-0.13427734375,-0.79345703125,-0.0732421875,0.8544921875,-0.23193359375,0.25634765625,-0.1708984375,-0.32958984375,-0.35400390625,-0.81787109375,-0.01220703125,-0.4150390625,-0.4638671875,-0.50048828125,-0.10986328125,-0.1220703125,0.1708984375,-0.634765625,0.06103515625,-0.439453125,0.15869140625,0.64697265625,0.048828125,1.18408203125,-0.45166015625,0.45166015625,-0.2197265625,-0.15869140625,0.01220703125,0.732421875,0.01220703125,0.7568359375,-0.20751953125,0.439453125,0.4638671875,0.50048828125,-0.0244140625,0.13427734375,0.06103515625,0.244140625,0.6103515625,1.03759765625,0.3662109375,0.23193359375,-0.23193359375,0.20751953125,0.1953125,0.28076171875,-0.146484375,0.927734375,-0.08544921875,0,0.09765625,1.3427734375,0.244140625,-0.96435546875,0.03662109375,-0.28076171875,0.048828125,-0.9765625,0.13427734375,-0.76904296875,0.10986328125,-1.50146484375,-0.06103515625,-0.2197265625,0.439453125,-0.3173828125,-0.08544921875,-1.23291015625,0.08544921875,1.11083984375,-0.08544921875,1.171875,0.13427734375,1.7333984375,-0.10986328125,1.6845703125,0.146484375,-0.69580078125,-0.03662109375,-1.46484375,-0.2197265625,-1.025390625,0.09765625,0.390625,-0.06103515625,0.18310546875,-0.20751953125,-0.146484375,-0.0732421875,-0.13427734375,0.06103515625,-0.0244140625,-0.10986328125,0,-0.01220703125,0.86669921875,-0.10986328125,-0.4638671875,-0.03662109375,-0.50048828125
0,0.146484375,-0.40283203125,-0.2685546875,-0.341796875,0.64697265625,-0.20751953125,-0.23193359375,-0.03662109375,-0.0244140625,-0.10986328125,-0.09765625,-0.98876953125,-0.08544921875,0.91552734375,0.28076171875,-0.439453125,-0.18310546875,-1.0986328125,0.08544921875,-0.6103515625,-0.45166015625,0.4638671875,0.15869140625,-1.220703125,-0.08544921875,-0.25634765625,-0.146484375,-0.8056640625,-0.10986328125,0.84228515625,-0.3662109375,0.25634765625,0.08544921875,-0.3173828125,-0.3662109375,-0.84228515625,-0.048828125,-0.40283203125,-0.5126953125,-0.50048828125,-0.048828125,-0.10986328125,0.0244140625,-0.634765625,0.13427734375,-0.4638671875,0.10986328125,0.67138671875,0.03662109375,1.1962890625,-0.52490234375,0.45166015625,-0.1953125,-0.146484375,-0.03662109375,0.72021484375,0.08544921875,0.69580078125,-0.25634765625,0.439453125,0.5126953125,0.48828125,0,0.10986328125,0.1708984375,0.25634765625,0.537109375,1.03759765625,0.4150390625,0.2197265625,-0.20751953125,0.20751953125,0.15869140625,0.3173828125,-0.2197265625,0.91552734375,-0.048828125,0,0.1220703125,1.318359375,0.25634765625,-0.93994140625,0.03662109375,-0.28076171875,-0.0244140625,-0.98876953125,0.03662109375,-0.7568359375,0.1220703125,-1.4892578125,0,-0.2197265625,0.4150390625,-0.30517578125,0.048828125,-1.220703125,-0.01220703125,0.84228515625,-0.10986328125,0.84228515625,0.20751953125,1.220703125,-0.2685546875,1.37939453125,0.10986328125,-0.732421875,0.06103515625,-1.47705078125,-0.18310546875,-1.0009765625,-0.0244140625,0.37841796875,-0.06103515625,0.2197265625,-0.1953125,-0.146484375,-0.0732421875,-0.10986328125,0.0732421875,0,-0.10986328125,0,0,0.86669921875,-0.10986328125,-0.47607421875,-0.048828125,-0.48828125
0,0.18310546875,-0.45166015625,-0.2685546875,-0.30517578125,0.69580078125,-0.18310546875,-0.244140625,-0.0244140625,-0.0244140625,-0.09765625,-0.09765625,-1.0009765625,-0.0732421875,0.927734375,0.29296875,-0.439453125,-0.18310546875,-1.0986328125,0.146484375,-0.59814453125,-0.4638671875,0.47607421875,0.40283203125,-1.20849609375,-0.1953125,-0.23193359375,-0.20751953125,-0.79345703125,-0.18310546875,0.84228515625,-0.5126953125,0.2685546875,0.30517578125,-0.30517578125,-0.35400390625,-0.81787109375,-0.10986328125,-0.37841796875,-0.42724609375,-0.50048828125,-0.03662109375,-0.10986328125,-0.08544921875,-0.634765625,0.18310546875,-0.45166015625,0.0732421875,0.67138671875,0.01220703125,1.18408203125,-0.52490234375,0.42724609375,-0.23193359375,-0.146484375,-0.0244140625,0.732421875,0.1708984375,0.6591796875,-0.2685546875,0.439453125,0.537109375,0.45166015625,-0.03662109375,0.09765625,0.23193359375,0.28076171875,0.439453125,1.06201171875,0.4150390625,0.2197265625,-0.1708984375,0.20751953125,0.13427734375,0.32958984375,-0.23193359375,0.87890625,-0.0244140625,0,0.1220703125,1.3427734375,0.23193359375,-0.9033203125,0.01220703125,-0.28076171875,-0.06103515625,-0.9765625,-0.09765625,-0.7568359375,0.146484375,-1.4892578125,0.06103515625,-0.2197265625,0.3173828125,-0.29296875,0.20751953125,-1.20849609375,-0.1220703125,0.5615234375,-0.08544921875,0.537109375,0.2685546875,0.69580078125,-0.32958984375,1.08642578125,0.0732421875,-0.74462890625,0.18310546875,-1.513671875,-0.146484375,-1.01318359375,-0.1220703125,0.390625,-0.0732421875,0.1953125,-0.18310546875,-0.146484375,-0.0732421875,-0.09765625,0.08544921875,0.01220703125,-0.10986328125,-0.01220703125,-0.03662109375,0.8544921875,-0.10986328125,-0.48828125,-0.0732421875,-0.47607421875
0,0.1708984375,-0.439453125,-0.2685546875,-0.29296875,0.67138671875,-0.15869140625,-0.25634765625,0,-0.01220703125,-0.0732421875,-0.1220703125,-1.0009765625,-0.10986328125,0.927734375,0.3173828125,-0.40283203125,-0.15869140625,-1.08642578125,0.146484375,-0.6103515625,-0.37841796875,0.47607421875,0.537109375,-1.2451171875,-0.29296875,-0.2197265625,-0.28076171875,-0.8056640625,-0.2685546875,0.830078125,-0.6103515625,0.244140625,0.4150390625,-0.29296875,-0.32958984375,-0.830078125,-0.23193359375,-0.3662109375,-0.50048828125,-0.52490234375,-0.09765625,-0.10986328125,-0.15869140625,-0.634765625,0.1953125,-0.439453125,0.048828125,0.64697265625,0,1.1962890625,-0.5615234375,0.439453125,-0.2197265625,-0.15869140625,-0.03662109375,0.732421875,0.25634765625,0.62255859375,-0.35400390625,0.4638671875,0.5615234375,0.47607421875,-0.0732421875,0.10986328125,0.29296875,0.29296875,0.29296875,1.0498046875,0.439453125,0.2197265625,-0.146484375,0.1953125,0.09765625,0.3173828125,-0.23193359375,0.8544921875,-0.0244140625,0.01220703125,0.0732421875,1.35498046875,0.18310546875,-0.91552734375,0.01220703125,-0.29296875,-0.1220703125,-0.9765625,-0.23193359375,-0.76904296875,0.13427734375,-1.50146484375,0.1708984375,-0.2197265625,0.18310546875,-0.28076171875,0.390625,-1.18408203125,-0.25634765625,0.3173828125,-0.09765625,0.29296875,0.244140625,0.2685546875,-0.3662109375,0.8544921875,0.048828125,-0.74462890625,0.29296875,-1.50146484375,-0.13427734375,-1.025390625,-0.1220703125,0.390625,-0.06103515625,0.18310546875,-0.1953125,-0.146484375,-0.0732421875,-0.10986328125,0.0732421875,0.01220703125,-0.09765625,-0.03662109375,-0.048828125,0.84228515625,-0.10986328125,-0.50048828125,-0.09765625,-0.48828125
0,0.18310546875,-0.439453125,-0.2685546875,-0.29296875,0.6591796875,-0.13427734375,-0.25634765625,0,0,-0.09765625,-0.09765625,-1.0009765625,-0.09765625,0.927734375,0.35400390625,-0.40283203125,-0.10986328125,-1.123046875,0.10986328125,-0.62255859375,-0.2197265625,0.42724609375,0.537109375,-1.2939453125,-0.341796875,-0.2197265625,-0.3173828125,-0.830078125,-0.32958984375,0.84228515625,-0.5859375,0.2197265625,0.40283203125,-0.28076171875,-0.25634765625,-0.830078125,-0.32958984375,-0.390625,-0.48828125,-0.537109375,-0.146484375,-0.1220703125,-0.23193359375,-0.62255859375,0.2197265625,-0.42724609375,0.01220703125,0.67138671875,0.0244140625,1.171875,-0.537109375,0.4638671875,-0.20751953125,-0.1708984375,0.01220703125,0.74462890625,0.35400390625,0.6103515625,-0.42724609375,0.47607421875,0.54931640625,0.50048828125,-0.13427734375,0.10986328125,0.29296875,0.29296875,0.146484375,1.0498046875,0.439453125,0.23193359375,-0.146484375,0.18310546875,0.03662109375,0.30517578125,-0.244140625,0.84228515625,0.06103515625,0.01220703125,0.0244140625,1.3427734375,0.08544921875,-0.9033203125,0.01220703125,-0.32958984375,-0.1953125,-1.0009765625,-0.3662109375,-0.79345703125,0.10986328125,-1.513671875,0.25634765625,-0.244140625,0.08544921875,-0.244140625,0.50048828125,-1.1962890625,-0.32958984375,0.146484375,-0.0732421875,0.13427734375,0.2197265625,-0.03662109375,-0.29296875,0.69580078125,0.0732421875,-0.732421875,0.341796875,-1.4892578125,-0.1220703125,-1.03759765625,-0.08544921875,0.40283203125,-0.048828125,0.18310546875,-0.1953125,-0.13427734375,-0.0732421875,-0.10986328125,0.048828125,-0.01220703125,-0.0732421875,-0.0244140625,-0.0732421875,0.84228515625,-0.1220703125,-0.5126953125,-0.10986328125,-0.50048828125
0,0.2197265625,-0.40283203125,-0.28076171875,-0.28076171875,0.68359375,-0.1220703125,-0.28076171875,0.01220703125,0,-0.10986328125,-0.09765625,-0.9765625,-0.0732421875,0.93994140625,0.40283203125,-0.37841796875,-0.08544921875,-1.13525390625,0.06103515625,-0.68359375,-0.01220703125,0.40283203125,0.45166015625,-1.3427734375,-0.341796875,-0.18310546875,-0.37841796875,-0.830078125,-0.40283203125,0.84228515625,-0.48828125,0.20751953125,0.30517578125,-0.28076171875,-0.18310546875,-0.830078125,-0.4150390625,-0.4150390625,-0.5126953125,-0.6103515625,-0.28076171875,-0.146484375,-0.20751953125,-0.64697265625,0.13427734375,-0.40283203125,0.01220703125,0.6591796875,0.048828125,1.18408203125,-0.47607421875,0.47607421875,-0.18310546875,-0.1953125,0.0244140625,0.7568359375,0.47607421875,0.59814453125,-0.47607421875,0.47607421875,0.52490234375,0.5126953125,-0.15869140625,0.09765625,0.23193359375,0.29296875,0.0244140625,1.03759765625,0.40283203125,0.23193359375,-0.146484375,0.1953125,0.01220703125,0.29296875,-0.2685546875,0.830078125,0.10986328125,0.0244140625,0,1.3671875,0.01220703125,-0.9521484375,0.0244140625,-0.341796875,-0.25634765625,-1.01318359375,-0.4150390625,-0.78125,0.0732421875,-1.50146484375,0.30517578125,-0.23193359375,0.0244140625,-0.2685546875,0.52490234375,-1.18408203125,-0.390625,0.08544921875,-0.10986328125,0.146484375,0.09765625,-0.15869140625,-0.18310546875,0.68359375,0.1220703125,-0.732421875,0.30517578125,-1.47705078125,-0.1220703125,-1.03759765625,-0.03662109375,0.390625,-0.048828125,0.1953125,-0.18310546875,-0.15869140625,-0.06103515625,-0.10986328125,0.048828125,-0.0244140625,-0.048828125,-0.06103515625,-0.09765625,0.8544921875,-0.09765625,-0.5126953125,-0.1220703125,-0.50048828125
0,0.244140625,-0.35400390625,-0.25634765625,-0.2685546875,0.62255859375,-0.10986328125,-0.2685546875,0.0244140625,0.01220703125,-0.13427734375,-0.10986328125,-0.9765625,-0.0732421875,0.93994140625,0.4638671875,-0.390625,-0.0244140625,-1.1474609375,0.0244140625,-0.69580078125,0.1708984375,0.390625,0.30517578125,-1.3671875,-0.35400390625,-0.15869140625,-0.4150390625,-0.81787109375,-0.42724609375,0.86669921875,-0.30517578125,0.20751953125,0.1220703125,-0.29296875,-0.09765625,-0.8544921875,-0.5126953125,-0.42724609375,-0.4638671875,-0.67138671875,-0.4150390625,-0.1708984375,-0.146484375,-0.634765625,0.06103515625,-0.390625,0.01220703125,0.62255859375,0.0732421875,1.171875,-0.40283203125,0.50048828125,-0.146484375,-0.1953125,0.048828125,0.76904296875,0.54931640625,0.5859375,-0.47607421875,0.47607421875,0.42724609375,0.52490234375,-0.146484375,0.10986328125,0.146484375,0.30517578125,-0.08544921875,1.0498046875,0.37841796875,0.25634765625,-0.23193359375,0.1953125,-0.09765625,0.29296875,-0.28076171875,0.84228515625,0.1708984375,0.048828125,-0.06103515625,1.3427734375,-0.03662109375,-0.96435546875,0,-0.35400390625,-0.32958984375,-0.98876953125,-0.37841796875,-0.79345703125,0.03662109375,-1.513671875,0.28076171875,-0.2197265625,0.0244140625,-0.25634765625,0.47607421875,-1.18408203125,-0.32958984375,0.2197265625,-0.18310546875,0.28076171875,0.10986328125,0.0244140625,-0.048828125,0.8056640625,0.18310546875,-0.74462890625,0.23193359375,-1.46484375,-0.1220703125,-1.0498046875,0,0.37841796875,-0.03662109375,0.18310546875,-0.18310546875,-0.1708984375,-0.06103515625,-0.10986328125,0.048828125,-0.06103515625,-0.08544921875,-0.0732421875,-0.10986328125,0.830078125,-0.09765625,-0.50048828125,-0.09765625,-0.52490234375
0,0.25634765625,-0.341796875,-0.25634765625,-0.2685546875,0.634765625,-0.10986328125,-0.2685546875,0.01220703125,-0.01220703125,-0.15869140625,-0.09765625,-0.9765625,-0.0732421875,0.9521484375,0.50048828125,-0.40283203125,-0.01220703125,-1.18408203125,0.0244140625,-0.72021484375,0.29296875,0.37841796875,0.18310546875,-1.416015625,-0.32958984375,-0.18310546875,-0.42724609375,-0.8056640625,-0.37841796875,0.91552734375,-0.146484375,0.20751953125,-0.06103515625,-0.28076171875,-0.0732421875,-0.87890625,-0.54931640625,-0.45166015625,-0.40283203125,-0.72021484375,-0.4638671875,-0.1953125,-0.08544921875,-0.64697265625,-0.09765625,-0.35400390625,0.0244140625,0.64697265625,0.0732421875,1.1474609375,-0.3173828125,0.50048828125,-0.10986328125,-0.1708984375,0.09765625,0.76904296875,0.537109375,0.5859375,-0.52490234375,0.48828125,0.3662109375,0.54931640625,-0.10986328125,0.13427734375,0.06103515625,0.29296875,-0.15869140625,1.025390625,0.30517578125,0.25634765625,-0.30517578125,0.1953125,-0.1708984375,0.2685546875,-0.25634765625,0.830078125,0.23193359375,0.048828125,-0.08544921875,1.37939453125,-0.09765625,-0.9765625,-0.0244140625,-0.3173828125,-0.35400390625,-0.9765625,-0.32958984375,-0.79345703125,0.0244140625,-1.50146484375,0.18310546875,-0.23193359375,0.0732421875,-0.25634765625,0.29296875,-1.18408203125,-0.29296875,0.5126953125,-0.2685546875,0.6103515625,0.0244140625,0.4638671875,0.048828125,1.13525390625,0.23193359375,-0.74462890625,0.06103515625,-1.45263671875,-0.1708984375,-1.03759765625,0.048828125,0.37841796875,-0.03662109375,0.1708984375,-0.15869140625,-0.1708984375,-0.0732421875,-0.1220703125,0.048828125,-0.06103515625,-0.0732421875,-0.06103515625,-0.1220703125,0.830078125,-0.1220703125,-0.48828125,-0.08544921875,-0.52490234375
0,0.28076171875,-0.341796875,-0.2197265625,-0.28076171875,0.67138671875,-0.09765625,-0.244140625,0.0244140625,0,-0.18310546875,-0.09765625,-0.96435546875,-0.06103515625,0.9521484375,0.5126953125,-0.390625,-0.03662109375,-1.18408203125,0.0244140625,-0.7080078125,0.29296875,0.3662109375,0.06103515625,-1.42822265625,-0.3173828125,-0.20751953125,-0.4150390625,-0.78125,-0.29296875,0.927734375,-0.03662109375,0.23193359375,-0.2197265625,-0.2685546875,-0.0244140625,-0.87890625,-0.5615234375,-0.47607421875,-0.37841796875,-0.79345703125,-0.50048828125,-0.1953125,-0.03662109375,-0.6591796875,-0.2197265625,-0.341796875,0.0732421875,0.64697265625,0.0244140625,1.13525390625,-0.23193359375,0.5126953125,-0.048828125,-0.18310546875,0.146484375,0.76904296875,0.52490234375,0.59814453125,-0.5126953125,0.47607421875,0.3173828125,0.537109375,-0.1220703125,0.10986328125,-0.0244140625,0.28076171875,-0.25634765625,1.01318359375,0.25634765625,0.25634765625,-0.37841796875,0.20751953125,-0.23193359375,0.2685546875,-0.20751953125,0.8544921875,0.28076171875,0.06103515625,-0.1953125,1.3671875,-0.13427734375,-0.98876953125,-0.048828125,-0.32958984375,-0.35400390625,-0.96435546875,-0.2197265625,-0.78125,0.0244140625,-1.52587890625,0.09765625,-0.23193359375,0.10986328125,-0.28076171875,0.08544921875,-1.1962890625,-0.244140625,0.96435546875,-0.3173828125,1.0986328125,0.0244140625,1.23291015625,0.15869140625,1.611328125,0.244140625,-0.732421875,-0.06103515625,-1.45263671875,-0.1708984375,-1.0498046875,0.10986328125,0.3662109375,-0.0244140625,0.18310546875,-0.15869140625,-0.15869140625,-0.048828125,-0.1220703125,0.0732421875,-0.0732421875,-0.08544921875,-0.0732421875,-0.13427734375,0.84228515625,-0.10986328125,-0.48828125,-0.09765625,-0.54931640625
0,0.29296875,-0.32958984375,-0.1953125,-0.29296875,0.62255859375,-0.13427734375,-0.244140625,0.0244140625,-0.0244140625,-0.1953125,-0.10986328125,-0.9765625,-0.03662109375,0.9521484375,0.54931640625,-0.40283203125,-0.03662109375,-1.1474609375,0,-0.69580078125,0.244140625,0.37841796875,0.01220703125,-1.416015625,-0.29296875,-0.1953125,-0.35400390625,-0.78125,-0.1953125,0.93994140625,0.0244140625,0.2197265625,-0.3173828125,-0.25634765625,-0.048828125,-0.89111328125,-0.537109375,-0.47607421875,-0.37841796875,-0.8056640625,-0.42724609375,-0.1708984375,-0.0244140625,-0.64697265625,-0.3173828125,-0.341796875,0.10986328125,0.64697265625,-0.01220703125,1.1474609375,-0.146484375,0.5126953125,0.01220703125,-0.146484375,0.18310546875,0.78125,0.45166015625,0.6103515625,-0.50048828125,0.45166015625,0.20751953125,0.537109375,-0.1220703125,0.146484375,-0.0732421875,0.28076171875,-0.3173828125,1.0009765625,0.1953125,0.2685546875,-0.4150390625,0.23193359375,-0.28076171875,0.2685546875,-0.1953125,0.8544921875,0.341796875,0.0732421875,-0.23193359375,1.37939453125,-0.1220703125,-0.9765625,-0.0732421875,-0.32958984375,-0.3173828125,-0.9521484375,-0.0732421875,-0.78125,0.06103515625,-1.52587890625,0.01220703125,-0.23193359375,0.18310546875,-0.29296875,-0.10986328125,-1.1962890625,-0.18310546875,1.611328125,-0.35400390625,1.708984375,0,2.2705078125,0.244140625,2.24609375,0.2197265625,-0.72021484375,-0.1953125,-1.45263671875,-0.18310546875,-1.06201171875,0.1953125,0.390625,-0.03662109375,0.18310546875,-0.1220703125,-0.13427734375,-0.06103515625,-0.08544921875,0.048828125,-0.08544921875,-0.08544921875,-0.06103515625,-0.146484375,0.84228515625,-0.10986328125,-0.48828125,-0.10986328125,-0.52490234375
0,0.28076171875,-0.3173828125,-0.18310546875,-0.29296875,0.68359375,-0.1708984375,-0.25634765625,0,-0.06103515625,-0.2197265625,-0.09765625,-0.9521484375,-0.01220703125,0.9521484375,0.57373046875,-0.42724609375,-0.03662109375,-1.11083984375,-0.01220703125,-0.64697265625,0.09765625,0.390625,0,-1.37939453125,-0.23193359375,-0.20751953125,-0.28076171875,-0.7568359375,-0.09765625,0.93994140625,0,0.25634765625,-0.341796875,-0.2685546875,-0.09765625,-0.89111328125,-0.42724609375,-0.47607421875,-0.3662109375,-0.8056640625,-0.341796875,-0.1708984375,-0.0244140625,-0.634765625,-0.3662109375,-0.341796875,0.1220703125,0.62255859375,-0.0244140625,1.15966796875,-0.03662109375,0.537109375,0.0732421875,-0.1708984375,0.20751953125,0.78125,0.32958984375,0.634765625,-0.47607421875,0.439453125,0.15869140625,0.52490234375,-0.146484375,0.13427734375,-0.146484375,0.28076171875,-0.35400390625,1.025390625,0.13427734375,0.244140625,-0.439453125,0.23193359375,-0.28076171875,0.2685546875,-0.1953125,0.87890625,0.341796875,0.06103515625,-0.244140625,1.3671875,-0.10986328125,-0.98876953125,-0.09765625,-0.30517578125,-0.20751953125,-0.96435546875,0.01220703125,-0.76904296875,0.08544921875,-1.52587890625,-0.0732421875,-0.2197265625,0.20751953125,-0.29296875,-0.2685546875,-1.1962890625,-0.2197265625,2.35595703125,-0.3662109375,2.44140625,0,3.47900390625,0.28076171875,2.9296875,0.1953125,-0.732421875,-0.244140625,-1.46484375,-0.13427734375,-1.0498046875,0.25634765625,0.390625,-0.0244140625,0.1953125,-0.10986328125,-0.13427734375,-0.06103515625,-0.08544921875,0.0244140625,-0.0732421875,-0.10986328125,-0.048828125,-0.13427734375,0.84228515625,-0.10986328125,-0.48828125,-0.1220703125,-0.52490234375
1,0.29296875,-0.32958984375,-0.15869140625,-0.30517578125,0.64697265625,-0.23193359375,-0.244140625,-0.0244140625,-0.06103515625,-0.20751953125,-0.09765625,-0.96435546875,0.01220703125,0.9521484375,0.59814453125,-0.4150390625,-0.048828125,-1.08642578125,-0.03662109375,-0.6103515625,-0.1220703125,0.4150390625,0.0244140625,-1.318359375,-0.2197265625,-0.23193359375,-0.15869140625,-0.7568359375,-0.0244140625,0.93994140625,-0.048828125,0.23193359375,-0.28076171875,-0.29296875,-0.2197265625,-0.87890625,-0.341796875,-0.47607421875,-0.37841796875,-0.79345703125,-0.25634765625,-0.1708984375,-0.0244140625,-0.64697265625,-0.35400390625,-0.3662109375,0.1708984375,0.62255859375,-0.03662109375,1.18408203125,0.01220703125,0.50048828125,0.13427734375,-0.15869140625,0.20751953125,0.7568359375,0.2197265625,0.62255859375,-0.439453125,0.439453125,0.1708984375,0.48828125,-0.1953125,0.13427734375,-0.18310546875,0.2685546875,-0.4150390625,1.025390625,0.08544921875,0.2197265625,-0.40283203125,0.244140625,-0.3173828125,0.25634765625,-0.15869140625,0.9033203125,0.37841796875,0.06103515625,-0.244140625,1.3671875,-0.06103515625,-0.98876953125,-0.0732421875,-0.29296875,-0.08544921875,-0.9765625,0.08544921875,-0.76904296875,0.048828125,-1.5380859375,-0.0732421875,-0.2197265625,0.15869140625,-0.28076171875,-0.30517578125,-1.1962890625,-0.15869140625,3.18603515625,-0.28076171875,3.1982421875,-0.03662109375,4.7607421875,0.28076171875,3.6865234375,0.10986328125,-0.72021484375,-0.20751953125,-1.45263671875,-0.0732421875,-1.03759765625,0.30517578125,0.37841796875,-0.0244140625,0.20751953125,-0.10986328125,-0.13427734375,-0.0732421875,-0.08544921875,0.01220703125,-0.048828125,-0.09765625,-0.03662109375,-0.146484375,0.830078125,-0.09765625,-0.45166015625,-0.1220703125,-0.537109375
1,0.30517578125,-0.35400390625,-0.15869140625,-0.32958984375,0.57373046875,-0.30517578125,-0.2685546875,-0.01220703125,-0.06103515625,-0.20751953125,-0.09765625,-0.9765625,0.048828125,0.96435546875,0.62255859375,-0.42724609375,-0.0732421875,-1.06201171875,-0.09765625,-0.5859375,-0.3173828125,0.42724609375,0.0244140625,-1.28173828125,-0.1708984375,-0.244140625,-0.0732421875,-0.7568359375,0.0244140625,0.9033203125,-0.09765625,0.244140625,-0.1953125,-0.28076171875,-0.341796875,-0.87890625,-0.23193359375,-0.4638671875,-0.3173828125,-0.78125,-0.13427734375,-0.1708984375,-0.0732421875,-0.62255859375,-0.29296875,-0.37841796875,0.146484375,0.62255859375,0,1.18408203125,0,0.47607421875,0.1708984375,-0.146484375,0.15869140625,0.732421875,0.1220703125,0.64697265625,-0.42724609375,0.439453125,0.13427734375,0.48828125,-0.23193359375,0.13427734375,-0.1953125,0.29296875,-0.42724609375,1.01318359375,0.0244140625,0.20751953125,-0.390625,0.23193359375,-0.40283203125,0.2685546875,-0.146484375,0.87890625,0.3662109375,0.048828125,-0.2197265625,1.35498046875,-0.01220703125,-0.96435546875,-0.048828125,-0.28076171875,0.03662109375,-0.96435546875,0.0732421875,-0.76904296875,-0.0244140625,-1.52587890625,-0.06103515625,-0.244140625,0.06103515625,-0.29296875,-0.2685546875,-1.20849609375,-0.146484375,3.94287109375,-0.1953125,3.89404296875,-0.13427734375,5.96923828125,0.1953125,4.35791015625,0.03662109375,-0.732421875,-0.146484375,-1.45263671875,-0.06103515625,-1.03759765625,0.2685546875,0.390625,-0.048828125,0.244140625,-0.08544921875,-0.1220703125,-0.06103515625,-0.0732421875,-0.01220703125,-0.03662109375,-0.10986328125,-0.01220703125,-0.1220703125,0.830078125,-0.08544921875,-0.45166015625,-0.10986328125,-0.54931640625
1,0.3173828125,-0.35400390625,-0.10986328125,-0.3173828125,0.6103515625,-0.37841796875,-0.2685546875,-0.06103515625,-0.048828125,-0.1708984375,-0.1220703125,-0.9765625,0.06103515625,0.93994140625,0.634765625,-0.439453125,-0.0732421875,-1.06201171875,-0.15869140625,-0.57373046875,-0.47607421875,0.4638671875,0.03662109375,-1.25732421875,-0.10986328125,-0.2197265625,-0.0244140625,-0.74462890625,0.06103515625,0.93994140625,-0.1220703125,0.25634765625,-0.146484375,-0.32958984375,-0.390625,-0.86669921875,-0.1708984375,-0.4638671875,-0.30517578125,-0.7568359375,-0.01220703125,-0.15869140625,-0.1220703125,-0.62255859375,-0.1953125,-0.40283203125,0.1220703125,0.634765625,0.048828125,1.18408203125,-0.0732421875,0.4638671875,0.244140625,-0.1708984375,0.1220703125,0.72021484375,0.048828125,0.6591796875,-0.42724609375,0.439453125,0.09765625,0.4638671875,-0.20751953125,0.146484375,-0.1953125,0.3173828125,-0.3662109375,1.025390625,0.0244140625,0.20751953125,-0.341796875,0.23193359375,-0.40283203125,0.29296875,-0.10986328125,0.8544921875,0.35400390625,0.048828125,-0.146484375,1.35498046875,0.0244140625,-0.9765625,-0.01220703125,-0.28076171875,0.13427734375,-0.9765625,0.03662109375,-0.79345703125,-0.08544921875,-1.5380859375,-0.048828125,-0.244140625,-0.10986328125,-0.29296875,-0.09765625,-1.20849609375,-0.1220703125,4.6142578125,-0.1220703125,4.47998046875,-0.23193359375,7.0068359375,0.09765625,4.931640625,-0.03662109375,-0.74462890625,-0.048828125,-1.47705078125,-0.06103515625,-1.025390625,0.20751953125,0.37841796875,-0.03662109375,0.244140625,-0.0732421875,-0.10986328125,-0.08544921875,-0.06103515625,0,-0.01220703125,-0.10986328125,0.01220703125,-0.09765625,0.81787109375,-0.09765625,-0.45166015625,-0.09765625,-0.537109375
1,0.30517578125,-0.35400390625,-0.06103515625,-0.3173828125,0.5615234375,-0.439453125,-0.2685546875,-0.048828125,-0.048828125,-0.146484375,-0.146484375,-0.9765625,0.08544921875,0.927734375,0.64697265625,-0.439453125,-0.03662109375,-1.06201171875,-0.18310546875,-0.57373046875,-0.5126953125,0.439453125,0.03662109375,-1.26953125,-0.0732421875,-0.20751953125,-0.0244140625,-0.74462890625,0.03662109375,0.927734375,-0.13427734375,0.244140625,-0.09765625,-0.341796875,-0.45166015625,-0.86669921875,-0.09765625,-0.439453125,-0.25634765625,-0.72021484375,0.048828125,-0.1708984375,-0.146484375,-0.6103515625,-0.03662109375,-0.42724609375,0.0732421875,0.64697265625,0.09765625,1.18408203125,-0.13427734375,0.439453125,0.25634765625,-0.146484375,0.0732421875,0.72021484375,0.048828125,0.68359375,-0.4150390625,0.439453125,0.048828125,0.47607421875,-0.15869140625,0.146484375,-0.15869140625,0.341796875,-0.35400390625,1.06201171875,0.03662109375,0.1953125,-0.28076171875,0.2197265625,-0.4150390625,0.28076171875,-0.09765625,0.830078125,0.341796875,0.0244140625,-0.10986328125,1.3427734375,0.0732421875,-0.96435546875,0.03662109375,-0.29296875,0.1953125,-1.0009765625,0.01220703125,-0.79345703125,-0.1708984375,-1.5380859375,-0.048828125,-0.25634765625,-0.23193359375,-0.30517578125,0.09765625,-1.220703125,-0.09765625,5.126953125,-0.0732421875,4.89501953125,-0.3173828125,7.75146484375,-0.0244140625,5.35888671875,-0.10986328125,-0.7568359375,0.048828125,-1.4892578125,-0.1220703125,-1.03759765625,0.1220703125,0.40283203125,-0.048828125,0.2685546875,-0.03662109375,-0.09765625,-0.0732421875,-0.03662109375,0,0.01220703125,-0.13427734375,0.0244140625,-0.10986328125,0.830078125,-0.1220703125,-0.45166015625,-0.0732421875,-0.52490234375
1,0.30517578125,-0.37841796875,-0.06103515625,-0.30517578125,0.54931640625,-0.48828125,-0.25634765625,-0.048828125,-0.03662109375,-0.146484375,-0.15869140625,-0.98876953125,0.08544921875,0.927734375,0.67138671875,-0.42724609375,-0.0244140625,-1.0986328125,-0.2197265625,-0.59814453125,-0.45166015625,0.47607421875,0.03662109375,-1.28173828125,-0.03662109375,-0.20751953125,-0.03662109375,-0.7568359375,0.0244140625,0.91552734375,-0.1708984375,0.244140625,-0.09765625,-0.341796875,-0.37841796875,-0.86669921875,-0.0732421875,-0.42724609375,-0.23193359375,-0.72021484375,0.15869140625,-0.18310546875,-0.13427734375,-0.6103515625,0.09765625,-0.42724609375,0.06103515625,0.6591796875,0.13427734375,1.15966796875,-0.1953125,0.439453125,0.2685546875,-0.15869140625,0.03662109375,0.72021484375,0.048828125,0.68359375,-0.42724609375,0.439453125,0.01220703125,0.48828125,-0.10986328125,0.13427734375,-0.1953125,0.35400390625,-0.28076171875,1.06201171875,0.08544921875,0.20751953125,-0.2197265625,0.2197265625,-0.37841796875,0.30517578125,-0.0732421875,0.8056640625,0.3173828125,0.0244140625,-0.0732421875,1.318359375,0.10986328125,-0.9765625,0.09765625,-0.28076171875,0.18310546875,-1.01318359375,-0.0244140625,-0.81787109375,-0.1708984375,-1.52587890625,0,-0.25634765625,-0.244140625,-0.29296875,0.244140625,-1.23291015625,-0.08544921875,5.419921875,-0.01220703125,5.1513671875,-0.439453125,8.154296875,-0.10986328125,5.60302734375,-0.09765625,-0.732421875,0.1220703125,-1.50146484375,-0.18310546875,-1.03759765625,0.0732421875,0.4150390625,-0.0732421875,0.28076171875,-0.0244140625,-0.1220703125,-0.06103515625,-0.048828125,0,0.01220703125,-0.146484375,0.03662109375,-0.09765625,0.830078125,-0.13427734375,-0.45166015625,-0.0732421875,-0.52490234375
1,0.2685546875,-0.390625,-0.06103515625,-0.29296875,0.47607421875,-0.50048828125,-0.25634765625,-0.01220703125,-0.0732421875,-0.10986328125,-0.146484375,-0.98876953125,0.08544921875,0.93994140625,0.67138671875,-0.42724609375,-0.01220703125,-1.11083984375,-0.25634765625,-0.634765625,-0.29296875,0.47607421875,0.01220703125,-1.26953125,0.0244140625,-0.1708984375,-0.08544921875,-0.76904296875,-0.03662109375,0.89111328125,-0.1953125,0.244140625,-0.18310546875,-0.32958984375,-0.3173828125,-0.87890625,-0.08544921875,-0.42724609375,-0.25634765625,-0.72021484375,0.1220703125,-0.18310546875,-0.10986328125,-0.62255859375,0.20751953125,-0.40283203125,0.048828125,0.64697265625,0.18310546875,1.13525390625,-0.244140625,0.45166015625,0.28076171875,-0.1708984375,0.01220703125,0.72021484375,0.10986328125,0.69580078125,-0.42724609375,0.439453125,0.0244140625,0.5126953125,-0.10986328125,0.13427734375,-0.25634765625,0.341796875,-0.20751953125,1.07421875,0.10986328125,0.20751953125,-0.1953125,0.2197265625,-0.32958984375,0.29296875,-0.03662109375,0.81787109375,0.341796875,0.01220703125,-0.08544921875,1.3427734375,0.13427734375,-0.98876953125,0.13427734375,-0.30517578125,0.13427734375,-1.0009765625,-0.03662109375,-0.79345703125,-0.1708984375,-1.52587890625,-0.01220703125,-0.28076171875,-0.1708984375,-0.30517578125,0.341796875,-1.23291015625,-0.10986328125,5.46875,0,5.16357421875,-0.52490234375,8.23974609375,-0.13427734375,5.615234375,-0.03662109375,-0.732421875,0.146484375,-1.4892578125,-0.25634765625,-1.03759765625,0.146484375,0.390625,-0.08544921875,0.28076171875,-0.01220703125,-0.1220703125,-0.0732421875,-0.048828125,-0.01220703125,0.0244140625,-0.13427734375,0.03662109375,-0.0732421875,0.84228515625,-0.146484375,-0.45166015625,-0.06103515625,-0.50048828125
1,0.30517578125,-0.37841796875,-0.03662109375,-0.29296875,0.45166015625,-0.48828125,-0.25634765625,0.0244140625,-0.0732421875,-0.1220703125,-0.1220703125,-0.98876953125,0.09765625,0.93994140625,0.68359375,-0.4150390625,-0.01220703125,-1.13525390625,-0.244140625,-0.67138671875,-0.0732421875,0.45166015625,0.01220703125,-1.30615234375,0.06103515625,-0.15869140625,-0.15869140625,-0.76904296875,-0.1220703125,0.9033203125,-0.20751953125,0.2197265625,-0.2685546875,-0.32958984375,-0.1953125,-0.89111328125,-0.10986328125,-0.42724609375,-0.2197265625,-0.7080078125,0.03662109375,-0.18310546875,-0.048828125,-0.634765625,0.2685546875,-0.390625,0.048828125,0.64697265625,0.20751953125,1.123046875,-0.2685546875,0.45166015625,0.25634765625,-0.1708984375,0,0.72021484375,0.15869140625,0.7080078125,-0.40283203125,0.45166015625,0.048828125,0.537109375,-0.18310546875,0.1220703125,-0.244140625,0.341796875,-0.15869140625,1.07421875,0.15869140625,0.20751953125,-0.1708984375,0.1953125,-0.2685546875,0.28076171875,-0.0244140625,0.8056640625,0.32958984375,0.01220703125,-0.0732421875,1.35498046875,0.18310546875,-0.98876953125,0.18310546875,-0.30517578125,0.03662109375,-1.0009765625,-0.03662109375,-0.8056640625,-0.1220703125,-1.52587890625,-0.01220703125,-0.29296875,-0.048828125,-0.29296875,0.32958984375,-1.23291015625,-0.13427734375,5.31005859375,-0.06103515625,5.029296875,-0.5615234375,7.97119140625,-0.146484375,5.48095703125,0.06103515625,-0.72021484375,0.18310546875,-1.4892578125,-0.3173828125,-1.03759765625,0.1708984375,0.40283203125,-0.0732421875,0.28076171875,0,-0.13427734375,-0.0732421875,-0.08544921875,-0.0244140625,-0.01220703125,-0.13427734375,0.03662109375,-0.0732421875,0.86669921875,-0.1220703125,-0.47607421875,-0.09765625,-0.47607421875
1,0.28076171875,-0.35400390625,-0.0244140625,-0.2685546875,0.50048828125,-0.47607421875,-0.244140625,0.01220703125,-0.09765625,-0.146484375,-0.13427734375,-0.9765625,0.08544921875,0.9521484375,0.69580078125,-0.4150390625,-0.01220703125,-1.15966796875,-0.2197265625,-0.69580078125,0.10986328125,0.439453125,-0.0244140625,-1.318359375,0.09765625,-0.146484375,-0.20751953125,-0.76904296875,-0.23193359375,0.91552734375,-0.2197265625,0.244140625,-0.341796875,-0.341796875,-0.03662109375,-0.87890625,-0.1708984375,-0.45166015625,-0.28076171875,-0.7080078125,-0.0732421875,-0.1953125,0,-0.64697265625,0.3173828125,-0.3662109375,0.0732421875,0.62255859375,0.23193359375,1.11083984375,-0.32958984375,0.4638671875,0.23193359375,-0.146484375,-0.01220703125,0.732421875,0.25634765625,0.72021484375,-0.390625,0.45166015625,0.06103515625,0.5615234375,-0.23193359375,0.1220703125,-0.23193359375,0.32958984375,-0.0732421875,1.08642578125,0.20751953125,0.2197265625,-0.15869140625,0.18310546875,-0.18310546875,0.29296875,0,0.79345703125,0.30517578125,0.01220703125,-0.06103515625,1.3671875,0.2197265625,-1.01318359375,0.18310546875,-0.32958984375,-0.08544921875,-1.0009765625,-0.01220703125,-0.8056640625,-0.0732421875,-1.513671875,-0.03662109375,-0.2685546875,0.146484375,-0.29296875,0.23193359375,-1.23291015625,-0.15869140625,4.9560546875,-0.15869140625,4.736328125,-0.50048828125,7.470703125,-0.13427734375,5.1513671875,0.1953125,-0.7080078125,0.15869140625,-1.46484375,-0.30517578125,-1.03759765625,0.1953125,0.40283203125,-0.08544921875,0.244140625,0.01220703125,-0.146484375,-0.0732421875,-0.10986328125,0,-0.03662109375,-0.13427734375,0.0244140625,-0.048828125,0.86669921875,-0.10986328125,-0.50048828125,-0.09765625,-0.47607421875
1,0.29296875,-0.35400390625,-0.01220703125,-0.2685546875,0.439453125,-0.4150390625,-0.23193359375,0.048828125,-0.09765625,-0.15869140625,-0.10986328125,-0.9765625,0.06103515625,0.9521484375,0.67138671875,-0.40283203125,-0.0244140625,-1.15966796875,-0.13427734375,-0.69580078125,0.28076171875,0.45166015625,-0.048828125,-1.3427734375,0.0732421875,-0.13427734375,-0.25634765625,-0.76904296875,-0.3173828125,0.927734375,-0.25634765625,0.244140625,-0.3173828125,-0.32958984375,0.06103515625,-0.91552734375,-0.20751953125,-0.439453125,-0.25634765625,-0.732421875,-0.25634765625,-0.1953125,0,-0.67138671875,0.25634765625,-0.35400390625,0.08544921875,0.6103515625,0.244140625,1.08642578125,-0.341796875,0.47607421875,0.1708984375,-0.146484375,0,0.72021484375,0.341796875,0.7080078125,-0.40283203125,0.439453125,0.08544921875,0.5615234375,-0.341796875,0.10986328125,-0.18310546875,0.3173828125,0.01220703125,1.0498046875,0.23193359375,0.244140625,-0.20751953125,0.20751953125,-0.1220703125,0.29296875,0.03662109375,0.830078125,0.30517578125,0.01220703125,-0.06103515625,1.3671875,0.20751953125,-1.01318359375,0.18310546875,-0.3173828125,-0.1708984375,-0.9765625,0,-0.8056640625,-0.0244140625,-1.50146484375,-0.06103515625,-0.2685546875,0.32958984375,-0.28076171875,0.146484375,-1.25732421875,-0.18310546875,4.47998046875,-0.244140625,4.30908203125,-0.439453125,6.7626953125,-0.15869140625,4.74853515625,0.341796875,-0.7080078125,0.18310546875,-1.46484375,-0.28076171875,-1.03759765625,0.1708984375,0.4150390625,-0.0732421875,0.23193359375,0.0244140625,-0.146484375,-0.0732421875,-0.1220703125,0.0244140625,-0.048828125,-0.13427734375,0.0244140625,-0.048828125,0.84228515625,-0.1220703125,-0.48828125,-0.13427734375,-0.47607421875
1,0.29296875,-0.341796875,0.01220703125,-0.2685546875,0.42724609375,-0.35400390625,-0.2197265625,0.03662109375,-0.09765625,-0.1953125,-0.10986328125,-0.98876953125,0.06103515625,0.9521484375,0.62255859375,-0.4150390625,-0.08544921875,-1.171875,0.0244140625,-0.7080078125,0.35400390625,0.439453125,-0.06103515625,-1.33056640625,0.048828125,-0.15869140625,-0.29296875,-0.78125,-0.341796875,0.927734375,-0.25634765625,0.23193359375,-0.1708984375,-0.30517578125,0.15869140625,-0.9033203125,-0.25634765625,-0.45166015625,-0.29296875,-0.7568359375,-0.40283203125,-0.20751953125,-0.0244140625,-0.67138671875,0.15869140625,-0.30517578125,0.10986328125,0.634765625,0.18310546875,1.0986328125,-0.35400390625,0.4638671875,0.08544921875,-0.13427734375,-0.03662109375,0.72021484375,0.40283203125,0.7080078125,-0.390625,0.45166015625,0.09765625,0.5615234375,-0.42724609375,0.09765625,-0.146484375,0.32958984375,0.0732421875,1.0498046875,0.2685546875,0.25634765625,-0.244140625,0.2197265625,-0.08544921875,0.29296875,0.01220703125,0.8056640625,0.28076171875,0.0244140625,-0.09765625,1.40380859375,0.18310546875,-1.0009765625,0.15869140625,-0.3173828125,-0.23193359375,-0.9765625,-0.048828125,-0.78125,0.03662109375,-1.47705078125,-0.1220703125,-0.25634765625,0.439453125,-0.30517578125,0.0244140625,-1.220703125,-0.15869140625,3.91845703125,-0.32958984375,3.84521484375,-0.32958984375,5.908203125,-0.15869140625,4.23583984375,0.4150390625,-0.69580078125,0.1708984375,-1.4404296875,-0.244140625,-1.025390625,0.1220703125,0.40283203125,-0.10986328125,0.2197265625,0.048828125,-0.13427734375,-0.08544921875,-0.1708984375,0.0244140625,-0.0732421875,-0.13427734375,0.01220703125,-0.0244140625,0.8544921875,-0.1220703125,-0.48828125,-0.146484375,-0.47607421875
1,0.29296875,-0.32958984375,0.0244140625,-0.28076171875,0.40283203125,-0.2685546875,-0.18310546875,0,-0.10986328125,-0.20751953125,-0.10986328125,-0.98876953125,0.048828125,0.93994140625,0.62255859375,-0.42724609375,-0.146484375,-1.13525390625,0.13427734375,-0.69580078125,0.341796875,0.4150390625,0,-1.318359375,0,-0.15869140625,-0.2685546875,-0.79345703125,-0.3173828125,0.93994140625,-0.20751953125,0.244140625,-0.0244140625,-0.30517578125,0.146484375,-0.9033203125,-0.32958984375,-0.47607421875,-0.32958984375,-0.76904296875,-0.5126953125,-0.2197265625,-0.13427734375,-0.6591796875,0.0732421875,-0.29296875,0.10986328125,0.62255859375,0.08544921875,1.13525390625,-0.29296875,0.47607421875,0.048828125,-0.13427734375,-0.08544921875,0.74462890625,0.42724609375,0.7080078125,-0.32958984375,0.4638671875,0.08544921875,0.5615234375,-0.42724609375,0.08544921875,-0.09765625,0.30517578125,0.146484375,1.0498046875,0.2685546875,0.25634765625,-0.1953125,0.244140625,-0.09765625,0.28076171875,0.0732421875,0.830078125,0.2685546875,0.03662109375,-0.146484375,1.40380859375,0.15869140625,-0.98876953125,0.09765625,-0.29296875,-0.2197265625,-0.9521484375,-0.10986328125,-0.76904296875,0.08544921875,-1.47705078125,-0.15869140625,-0.244140625,0.5126953125,-0.30517578125,-0.01220703125,-1.220703125,-0.1708984375,3.30810546875,-0.3173828125,3.271484375,-0.244140625,5.01708984375,-0.146484375,3.6865234375,0.42724609375,-0.72021484375,0.10986328125,-1.4404296875,-0.1708984375,-1.03759765625,0.0732421875,0.390625,-0.10986328125,0.20751953125,0.06103515625,-0.146484375,-0.06103515625,-0.15869140625,0.0244140625,-0.0732421875,-0.146484375,0,-0.0244140625,0.84228515625,-0.13427734375,-0.47607421875,-0.13427734375,-0.50048828125
1,0.30517578125,-0.341796875,0.03662109375,-0.30517578125,0.3662109375,-0.23193359375,-0.1953125,-0.0244140625,-0.10986328125,-0.20751953125,-0.10986328125,-0.9765625,0.048828125,0.9521484375,0.5859375,-0.42724609375,-0.1953125,-1.123046875,0.244140625,-0.68359375,0.244140625,0.40283203125,0.0732421875,-1.2939453125,-0.0732421875,-0.15869140625,-0.244140625,-0.79345703125,-0.244140625,0.9521484375,-0.18310546875,0.244140625,0.13427734375,-0.30517578125,0.1220703125,-0.91552734375,-0.341796875,-0.48828125,-0.35400390625,-0.76904296875,-0.52490234375,-0.2197265625,-0.23193359375,-0.67138671875,-0.01220703125,-0.30517578125,0.09765625,0.634765625,0.03662109375,1.15966796875,-0.23193359375,0.48828125,-0.03662109375,-0.13427734375,-0.0732421875,0.732421875,0.40283203125,0.69580078125,-0.29296875,0.4638671875,0.09765625,0.5615234375,-0.4150390625,0.09765625,-0.01220703125,0.29296875,0.18310546875,1.025390625,0.1953125,0.25634765625,-0.1953125,0.244140625,-0.06103515625,0.2685546875,0.09765625,0.8544921875,0.23193359375,0.048828125,-0.2197265625,1.3916015625,0.15869140625,-0.9765625,0.048828125,-0.30517578125,-0.1708984375,-0.91552734375,-0.15869140625,-0.7568359375,0.10986328125,-1.47705078125,-0.15869140625,-0.23193359375,0.45166015625,-0.29296875,0.01220703125,-1.20849609375,-0.1953125,2.685546875,-0.2685546875,2.7099609375,-0.1220703125,4.1748046875,-0.08544921875,3.1005859375,0.3173828125,-0.732421875,0.09765625,-1.42822265625,-0.09765625,-1.0498046875,0.0732421875,0.390625,-0.10986328125,0.1953125,0.06103515625,-0.1220703125,-0.0732421875,-0.18310546875,0.03662109375,-0.06103515625,-0.13427734375,-0.0244140625,-0.01220703125,0.830078125,-0.10986328125,-0.4638671875,-0.146484375,-0.5126953125
1,0.29296875,-0.3662109375,0.048828125,-0.30517578125,0.37841796875,-0.2197265625,-0.1708984375,-0.01220703125,-0.09765625,-0.20751953125,-0.10986328125,-0.98876953125,0.0244140625,0.927734375,0.5859375,-0.42724609375,-0.2197265625,-1.08642578125,0.29296875,-0.634765625,0.10986328125,0.40283203125,0.20751953125,-1.2939453125,-0.1220703125,-0.18310546875,-0.1953125,-0.79345703125,-0.15869140625,0.93994140625,-0.09765625,0.244140625,0.2685546875,-0.30517578125,0.03662109375,-0.91552734375,-0.3662109375,-0.47607421875,-0.37841796875,-0.76904296875,-0.4638671875,-0.2197265625,-0.30517578125,-0.634765625,-0.0732421875,-0.3173828125,0.13427734375,0.64697265625,0.0244140625,1.171875,-0.13427734375,0.48828125,-0.13427734375,-0.1220703125,-0.03662109375,0.732421875,0.37841796875,0.6591796875,-0.2197265625,0.45166015625,0.13427734375,0.537109375,-0.40283203125,0.08544921875,0.03662109375,0.28076171875,0.23193359375,1.025390625,0.146484375,0.28076171875,-0.13427734375,0.23193359375,0,0.25634765625,0.10986328125,0.84228515625,0.1953125,0.048828125,-0.25634765625,1.3671875,0.1220703125,-0.9765625,0.01220703125,-0.30517578125,-0.08544921875,-0.93994140625,-0.2197265625,-0.7568359375,0.10986328125,-1.47705078125,-0.13427734375,-0.2197265625,0.32958984375,-0.30517578125,0.06103515625,-1.18408203125,-0.1953125,2.06298828125,-0.20751953125,2.099609375,-0.03662109375,3.30810546875,-0.048828125,2.5390625,0.20751953125,-0.74462890625,0.048828125,-1.42822265625,0.0244140625,-1.03759765625,0.08544921875,0.390625,-0.13427734375,0.1953125,0.048828125,-0.13427734375,-0.06103515625,-0.15869140625,0.03662109375,-0.048828125,-0.146484375,-0.03662109375,-0.0244140625,0.81787109375,-0.10986328125,-0.4638671875,-0.146484375,-0.50048828125
1,0.30517578125,-0.390625,0.08544921875,-0.30517578125,0.341796875,-0.23193359375,-0.15869140625,-0.0244140625,-0.08544921875,-0.1953125,-0.08544921875,-0.96435546875,-0.01220703125,0.93994140625,0.57373046875,-0.4150390625,-0.2197265625,-1.08642578125,0.30517578125,-0.62255859375,-0.01220703125,0.42724609375,0.3662109375,-1.28173828125,-0.1708984375,-0.1953125,-0.146484375,-0.78125,-0.09765625,0.927734375,-0.01220703125,0.244140625,0.341796875,-0.3173828125,-0.06103515625,-0.89111328125,-0.37841796875,-0.4638671875,-0.35400390625,-0.732421875,-0.341796875,-0.20751953125,-0.37841796875,-0.62255859375,-0.13427734375,-0.32958984375,0.13427734375,0.64697265625,0.06103515625,1.1962890625,-0.06103515625,0.47607421875,-0.1953125,-0.13427734375,-0.0244140625,0.72021484375,0.341796875,0.6591796875,-0.23193359375,0.45166015625,0.15869140625,0.50048828125,-0.37841796875,0.09765625,0.0732421875,0.25634765625,0.244140625,1.025390625,0.09765625,0.25634765625,-0.1220703125,0.23193359375,0.03662109375,0.244140625,0.09765625,0.86669921875,0.146484375,0.0732421875,-0.2685546875,1.35498046875,0.09765625,-0.9521484375,0,-0.3173828125,0.03662109375,-0.93994140625,-0.2197265625,-0.732421875,0.08544921875,-1.47705078125,-0.09765625,-0.1953125,0.18310546875,-0.28076171875,0.10986328125,-1.1962890625,-0.23193359375,1.45263671875,-0.09765625,1.50146484375,0.0244140625,2.44140625,-0.03662109375,1.94091796875,0.09765625,-0.76904296875,0.0244140625,-1.4404296875,0.09765625,-1.01318359375,0.0732421875,0.42724609375,-0.10986328125,0.1953125,0.06103515625,-0.1220703125,-0.06103515625,-0.146484375,0.03662109375,-0.0244140625,-0.15869140625,-0.03662109375,-0.01220703125,0.830078125,-0.08544921875,-0.4638671875,-0.146484375,-0.5126953125
0,0.3173828125,-0.42724609375,0.08544921875,-0.29296875,0.29296875,-0.23193359375,-0.146484375,0.01220703125,-0.048828125,-0.1708984375,-0.10986328125,-0.9521484375,-0.03662109375,0.927734375,0.537109375,-0.40283203125,-0.1953125,-1.0986328125,0.244140625,-0.6103515625,-0.09765625,0.42724609375,0.4638671875,-1.2939453125,-0.15869140625,-0.2197265625,-0.13427734375,-0.8056640625,-0.01220703125,0.91552734375,0.08544921875,0.23193359375,0.30517578125,-0.3173828125,-0.10986328125,-0.9033203125,-0.341796875,-0.439453125,-0.341796875,-0.732421875,-0.23193359375,-0.1953125,-0.4150390625,-0.62255859375,-0.146484375,-0.32958984375,0.08544921875,0.6591796875,0.10986328125,1.1962890625,-0.01220703125,0.47607421875,-0.2685546875,-0.146484375,-0.03662109375,0.732421875,0.25634765625,0.68359375,-0.1708984375,0.4638671875,0.18310546875,0.48828125,-0.390625,0.10986328125,0.10986328125,0.25634765625,0.29296875,1.025390625,0.048828125,0.25634765625,-0.08544921875,0.23193359375,0.09765625,0.2685546875,0.048828125,0.86669921875,0.13427734375,0.06103515625,-0.2685546875,1.3427734375,0.08544921875,-0.927734375,-0.01220703125,-0.3173828125,0.1220703125,-0.96435546875,-0.1953125,-0.74462890625,0.03662109375,-1.513671875,-0.10986328125,-0.244140625,0.0244140625,-0.25634765625,0.1220703125,-1.18408203125,-0.2685546875,0.84228515625,-0.01220703125,0.86669921875,-0.01220703125,1.62353515625,-0.03662109375,1.3671875,-0.048828125,-0.74462890625,0.0244140625,-1.4404296875,0.13427734375,-1.0498046875,0.03662109375,0.4150390625,-0.1220703125,0.23193359375,0.0732421875,-0.1220703125,-0.0732421875,-0.15869140625,0.0244140625,-0.01220703125,-0.146484375,-0.0244140625,-0.0244140625,0.830078125,-0.09765625,-0.42724609375,-0.1220703125,-0.52490234375
0,0.30517578125,-0.439453125,0.10986328125,-0.29296875,0.25634765625,-0.28076171875,-0.13427734375,0.0244140625,-0.048828125,-0.1708984375,-0.10986328125,-0.93994140625,-0.06103515625,0.91552734375,0.50048828125,-0.390625,-0.1708984375,-1.08642578125,0.146484375,-0.59814453125,-0.146484375,0.45166015625,0.48828125,-1.28173828125,-0.09765625,-0.2197265625,-0.10986328125,-0.78125,0.048828125,0.91552734375,0.146484375,0.244140625,0.25634765625,-0.35400390625,-0.18310546875,-0.89111328125,-0.30517578125,-0.45166015625,-0.3173828125,-0.732421875,-0.13427734375,-0.1953125,-0.37841796875,-0.59814453125,-0.18310546875,-0.3662109375,0.0732421875,0.634765625,0.146484375,1.18408203125,0.0244140625,0.4638671875,-0.3662109375,-0.146484375,-0.01220703125,0.72021484375,0.15869140625,0.67138671875,-0.18310546875,0.4638671875,0.1953125,0.47607421875,-0.37841796875,0.09765625,0.1953125,0.2685546875,0.30517578125,1.0498046875,0.03662109375,0.244140625,-0.0732421875,0.23193359375,0.15869140625,0.25634765625,-0.01220703125,0.8544921875,0.09765625,0.0732421875,-0.23193359375,1.3427734375,0.06103515625,-0.927734375,-0.03662109375,-0.3173828125,0.15869140625,-0.98876953125,-0.1220703125,-0.7568359375,-0.03662109375,-1.513671875,-0.09765625,-0.2197265625,-0.048828125,-0.28076171875,0.08544921875,-1.171875,-0.25634765625,0.244140625,0.0244140625,0.244140625,-0.08544921875,0.74462890625,-0.0244140625,0.76904296875,-0.1220703125,-0.7568359375,-0.01220703125,-1.45263671875,0.0732421875,-1.0498046875,0.0244140625,0.4150390625,-0.09765625,0.244140625,0.06103515625,-0.1220703125,-0.0732421875,-0.15869140625,0.01220703125,0.01220703125,-0.1220703125,0,-0.01220703125,0.8544921875,-0.10986328125,-0.439453125,-0.1220703125,-0.50048828125
0,0.30517578125,-0.4150390625,0.13427734375,-0.29296875,0.23193359375,-0.3173828125,-0.1220703125,0.01220703125,-0.0732421875,-0.146484375,-0.10986328125,-0.93994140625,-0.0732421875,0.93994140625,0.48828125,-0.4150390625,-0.15869140625,-1.08642578125,0.01220703125,-0.59814453125,-0.08544921875,0.45166015625,0.35400390625,-1.318359375,-0.03662109375,-0.20751953125,-0.08544921875,-0.7568359375,0.06103515625,0.89111328125,0.2197265625,0.23193359375,0.13427734375,-0.3662109375,-0.1953125,-0.87890625,-0.244140625,-0.4638671875,-0.244140625,-0.7080078125,-0.048828125,-0.18310546875,-0.30517578125,-0.62255859375,-0.1708984375,-0.390625,0.06103515625,0.62255859375,0.1953125,1.18408203125,0.08544921875,0.47607421875,-0.390625,-0.15869140625,-0.048828125,0.7568359375,0.08544921875,0.6591796875,-0.18310546875,0.439453125,0.20751953125,0.5126953125,-0.32958984375,0.1220703125,0.25634765625,0.2685546875,0.28076171875,1.07421875,0.03662109375,0.23193359375,-0.048828125,0.2197265625,0.2197265625,0.28076171875,-0.08544921875,0.8544921875,0.06103515625,0.0732421875,-0.20751953125,1.33056640625,0.0732421875,-0.9033203125,-0.03662109375,-0.341796875,0.15869140625,-1.0009765625,0,-0.7568359375,-0.0732421875,-1.52587890625,-0.15869140625,-0.244140625,-0.048828125,-0.25634765625,0.01220703125,-1.171875,-0.2197265625,-0.37841796875,0.03662109375,-0.3662109375,-0.20751953125,-0.09765625,-0.01220703125,0.1953125,-0.1220703125,-0.74462890625,-0.0244140625,-1.46484375,-0.01220703125,-1.0498046875,0.0244140625,0.439453125,-0.09765625,0.244140625,0.0732421875,-0.1220703125,-0.06103515625,-0.146484375,0.03662109375,0.01220703125,-0.13427734375,-0.0244140625,-0.01220703125,0.830078125,-0.09765625,-0.45166015625,-0.09765625,-0.537109375
0,0.3173828125,-0.40283203125,0.146484375,-0.29296875,0.1708984375,-0.35400390625,-0.10986328125,0.0244140625,-0.0732421875,-0.146484375,-0.08544921875,-0.96435546875,-0.06103515625,0.93994140625,0.439453125,-0.40283203125,-0.1220703125,-1.11083984375,-0.0732421875,-0.6103515625,0,0.4638671875,0.09765625,-1.3427734375,0.0732421875,-0.20751953125,-0.08544921875,-0.76904296875,0.06103515625,0.8544921875,0.25634765625,0.23193359375,-0.06103515625,-0.3662109375,-0.1953125,-0.86669921875,-0.1708984375,-0.4638671875,-0.1953125,-0.69580078125,-0.01220703125,-0.20751953125,-0.13427734375,-0.6103515625,-0.1220703125,-0.40283203125,0.01220703125,0.62255859375,0.15869140625,1.1474609375,0.13427734375,0.47607421875,-0.3662109375,-0.15869140625,-0.048828125,0.7568359375,-0.0244140625,0.6591796875,-0.23193359375,0.42724609375,0.28076171875,0.52490234375,-0.29296875,0.13427734375,0.32958984375,0.28076171875,0.2685546875,1.06201171875,0.048828125,0.244140625,-0.0244140625,0.2197265625,0.2685546875,0.2685546875,-0.1220703125,0.830078125,0.0244140625,0.0732421875,-0.20751953125,1.318359375,0.09765625,-0.91552734375,-0.0244140625,-0.341796875,0.146484375,-1.0009765625,0.10986328125,-0.76904296875,-0.03662109375,-1.52587890625,-0.1953125,-0.244140625,0.03662109375,-0.2685546875,-0.0732421875,-1.18408203125,-0.146484375,-0.98876953125,0.048828125,-0.93994140625,-0.341796875,-0.89111328125,0.03662109375,-0.32958984375,-0.08544921875,-0.72021484375,-0.09765625,-1.46484375,-0.09765625,-1.06201171875,0.09765625,0.42724609375,-0.08544921875,0.23193359375,0.048828125,-0.13427734375,-0.06103515625,-0.146484375,0.0244140625,0.0244140625,-0.1220703125,0,-0.01220703125,0.81787109375,-0.06103515625,-0.4638671875,-0.10986328125,-0.5615234375
0,0.3173828125,-0.35400390625,0.18310546875,-0.28076171875,0.146484375,-0.37841796875,-0.1220703125,0.03662109375,-0.08544921875,-0.1220703125,-0.0732421875,-0.96435546875,-0.06103515625,0.9765625,0.4150390625,-0.40283203125,-0.1220703125,-1.1474609375,-0.15869140625,-0.62255859375,0.0244140625,0.45166015625,-0.1953125,-1.3427734375,0.15869140625,-0.18310546875,-0.10986328125,-0.8056640625,0.048828125,0.8544921875,0.28076171875,0.23193359375,-0.2685546875,-0.3662109375,-0.1953125,-0.86669921875,-0.08544921875,-0.4638671875,-0.1708984375,-0.72021484375,0,-0.20751953125,-0.06103515625,-0.634765625,-0.0732421875,-0.390625,0.03662109375,0.62255859375,0.15869140625,1.13525390625,0.1708984375,0.48828125,-0.341796875,-0.15869140625,-0.0732421875,0.7568359375,-0.06103515625,0.6591796875,-0.25634765625,0.42724609375,0.341796875,0.54931640625,-0.1953125,0.146484375,0.341796875,0.30517578125,0.23193359375,1.08642578125,0.048828125,0.244140625,0.0244140625,0.23193359375,0.25634765625,0.2685546875,-0.1953125,0.78125,0,0.048828125,-0.2197265625,1.35498046875,0.09765625,-0.9521484375,0,-0.32958984375,0.13427734375,-1.01318359375,0.20751953125,-0.76904296875,0.01220703125,-1.55029296875,-0.25634765625,-0.244140625,0.1708984375,-0.28076171875,-0.15869140625,-1.15966796875,-0.06103515625,-1.5380859375,0.0244140625,-1.42822265625,-0.37841796875,-1.59912109375,0.0732421875,-0.8056640625,0.0244140625,-0.7080078125,-0.13427734375,-1.45263671875,-0.20751953125,-1.07421875,0.18310546875,0.42724609375,-0.06103515625,0.2197265625,0.06103515625,-0.1220703125,-0.06103515625,-0.146484375,0.0244140625,0,-0.10986328125,-0.01220703125,-0.01220703125,0.830078125,-0.03662109375,-0.50048828125,-0.1220703125,-0.54931640625
0,0.30517578125,-0.35400390625,0.1708984375,-0.28076171875,0.146484375,-0.390625,-0.10986328125,0.01220703125,-0.10986328125,-0.1220703125,-0.06103515625,-0.9765625,-0.03662109375,0.96435546875,0.35400390625,-0.4150390625,-0.15869140625,-1.15966796875,-0.18310546875,-0.634765625,0.0244140625,0.45166015625,-0.45166015625,-1.318359375,0.23193359375,-0.1708984375,-0.13427734375,-0.79345703125,0.0244140625,0.86669921875,0.25634765625,0.23193359375,-0.4150390625,-0.35400390625,-0.1953125,-0.86669921875,-0.0244140625,-0.48828125,-0.146484375,-0.72021484375,0.01220703125,-0.1953125,-0.03662109375,-0.634765625,0,-0.40283203125,0.048828125,0.6103515625,0.146484375,1.123046875,0.1708984375,0.47607421875,-0.2685546875,-0.1708984375,-0.06103515625,0.74462890625,-0.06103515625,0.67138671875,-0.2685546875,0.45166015625,0.40283203125,0.54931640625,-0.09765625,0.1220703125,0.37841796875,0.3173828125,0.1708984375,1.08642578125,0.048828125,0.244140625,0.03662109375,0.2197265625,0.1953125,0.28076171875,-0.23193359375,0.78125,0.01220703125,0.03662109375,-0.2197265625,1.35498046875,0.1708984375,-0.96435546875,0.0244140625,-0.3173828125,0.08544921875,-0.98876953125,0.2685546875,-0.78125,0.01220703125,-1.513671875,-0.29296875,-0.2685546875,0.341796875,-0.29296875,-0.18310546875,-1.18408203125,-0.01220703125,-1.94091796875,-0.01220703125,-1.806640625,-0.390625,-2.16064453125,0.06103515625,-1.1474609375,0.1220703125,-0.68359375,-0.15869140625,-1.46484375,-0.2197265625,-1.0498046875,0.2197265625,0.42724609375,-0.0244140625,0.1953125,0.048828125,-0.1220703125,-0.06103515625,-0.146484375,0.0244140625,-0.01220703125,-0.1220703125,0,-0.01220703125,0.830078125,0,-0.5126953125,-0.13427734375,-0.5615234375
0,0.28076171875,-0.341796875,0.15869140625,-0.25634765625,0.08544921875,-0.37841796875,-0.1220703125,0.03662109375,-0.08544921875,-0.13427734375,-0.0732421875,-0.9765625,-0.0244140625,0.9765625,0.29296875,-0.390625,-0.18310546875,-1.18408203125,-0.18310546875,-0.64697265625,-0.048828125,0.439453125,-0.5859375,-1.33056640625,0.2685546875,-0.146484375,-0.13427734375,-0.8056640625,-0.01220703125,0.9033203125,0.23193359375,0.23193359375,-0.42724609375,-0.3662109375,-0.1953125,-0.87890625,0.03662109375,-0.48828125,-0.146484375,-0.76904296875,0.01220703125,-0.20751953125,-0.0244140625,-0.6591796875,0.06103515625,-0.40283203125,0.0732421875,0.59814453125,0.08544921875,1.13525390625,0.10986328125,0.4638671875,-0.1708984375,-0.15869140625,-0.08544921875,0.732421875,0.01220703125,0.6591796875,-0.28076171875,0.4638671875,0.439453125,0.57373046875,-0.048828125,0.1220703125,0.4150390625,0.341796875,0.1220703125,1.08642578125,0.10986328125,0.244140625,0,0.23193359375,0.1220703125,0.2685546875,-0.2685546875,0.78125,0.06103515625,0.0244140625,-0.23193359375,1.37939453125,0.1953125,-0.9765625,0.048828125,-0.3173828125,0.0732421875,-1.0009765625,0.244140625,-0.78125,0.03662109375,-1.50146484375,-0.25634765625,-0.244140625,0.5126953125,-0.29296875,-0.18310546875,-1.20849609375,0.03662109375,-2.197265625,-0.08544921875,-2.0263671875,-0.40283203125,-2.4658203125,-0.09765625,-1.3427734375,0.1708984375,-0.72021484375,-0.10986328125,-1.45263671875,-0.1953125,-1.0498046875,0.1953125,0.439453125,-0.0244140625,0.20751953125,0.048828125,-0.1220703125,-0.0732421875,-0.146484375,-0.01220703125,-0.03662109375,-0.1220703125,-0.01220703125,-0.03662109375,0.8056640625,0.0244140625,-0.50048828125,-0.15869140625,-0.54931640625
0,0.2685546875,-0.35400390625,0.1953125,-0.244140625,0.0244140625,-0.390625,-0.09765625,0.03662109375,-0.09765625,-0.18310546875,-0.06103515625,-0.98876953125,-0.01220703125,0.96435546875,0.25634765625,-0.37841796875,-0.244140625,-1.171875,-0.1220703125,-0.67138671875,-0.146484375,0.439453125,-0.5615234375,-1.318359375,0.23193359375,-0.1220703125,-0.146484375,-0.79345703125,-0.048828125,0.91552734375,0.15869140625,0.23193359375,-0.341796875,-0.3662109375,-0.20751953125,-0.89111328125,0.048828125,-0.50048828125,-0.13427734375,-0.78125,0.0244140625,-0.2197265625,-0.08544921875,-0.67138671875,0.10986328125,-0.390625,0.09765625,0.59814453125,0.0732421875,1.15966796875,0.048828125,0.4638671875,-0.10986328125,-0.15869140625,-0.08544921875,0.74462890625,0.06103515625,0.6591796875,-0.2685546875,0.47607421875,0.47607421875,0.54931640625,0,0.10986328125,0.42724609375,0.341796875,0.01220703125,1.07421875,0.1220703125,0.25634765625,0.01220703125,0.23193359375,0.0732421875,0.30517578125,-0.28076171875,0.76904296875,0.09765625,0.01220703125,-0.244140625,1.37939453125,0.20751953125,-1.0009765625,0.06103515625,-0.30517578125,0.048828125,-0.9765625,0.20751953125,-0.76904296875,0.03662109375,-1.4892578125,-0.2197265625,-0.244140625,0.6103515625,-0.29296875,-0.1220703125,-1.20849609375,0.03662109375,-2.294921875,-0.146484375,-2.0751953125,-0.35400390625,-2.5634765625,-0.20751953125,-1.3916015625,0.20751953125,-0.72021484375,-0.0244140625,-1.46484375,-0.1953125,-1.0498046875,0.1220703125,0.4150390625,-0.03662109375,0.1953125,0.0732421875,-0.13427734375,-0.048828125,-0.15869140625,0,-0.048828125,-0.1220703125,-0.03662109375,-0.0244140625,0.84228515625,0.03662109375,-0.5126953125,-0.15869140625,-0.52490234375
0,0.28076171875,-0.35400390625,0.20751953125,-0.244140625,-0.0244140625,-0.37841796875,-0.08544921875,0.048828125,-0.06103515625,-0.1953125,-0.048828125,-0.98876953125,-0.01220703125,0.93994140625,0.18310546875,-0.3662109375,-0.30517578125,-1.1474609375,-0.0732421875,-0.68359375,-0.29296875,0.45166015625,-0.390625,-1.318359375,0.146484375,-0.15869140625,-0.1708984375,-0.79345703125,-0.08544921875,0.927734375,0.03662109375,0.244140625,-0.10986328125,-0.341796875,-0.23193359375,-0.89111328125,0.03662109375,-0.48828125,-0.10986328125,-0.8056640625,0.03662109375,-0.23193359375,-0.13427734375,-0.67138671875,0.10986328125,-0.390625,0.10986328125,0.6103515625,0.0732421875,1.1962890625,-0.048828125,0.4638671875,-0.03662109375,-0.18310546875,-0.09765625,0.72021484375,0.0732421875,0.6591796875,-0.244140625,0.48828125,0.50048828125,0.537109375,0.01220703125,0.09765625,0.40283203125,0.35400390625,-0.0732421875,1.06201171875,0.1708984375,0.244140625,0,0.25634765625,-0.03662109375,0.3173828125,-0.2685546875,0.76904296875,0.15869140625,0.01220703125,-0.2685546875,1.3916015625,0.23193359375,-0.9765625,0.06103515625,-0.29296875,0.048828125,-0.9765625,0.10986328125,-0.78125,0.01220703125,-1.47705078125,-0.15869140625,-0.25634765625,0.5859375,-0.32958984375,0.01220703125,-1.220703125,-0.0244140625,-2.20947265625,-0.1220703125,-1.953125,-0.2685546875,-2.40478515625,-0.30517578125,-1.25732421875,0.18310546875,-0.72021484375,0.09765625,-1.45263671875,-0.1708984375,-1.03759765625,0,0.40283203125,-0.03662109375,0.20751953125,0.09765625,-0.13427734375,-0.0732421875,-0.146484375,-0.01220703125,-0.048828125,-0.1220703125,-0.048828125,-0.0244140625,0.830078125,0.01220703125,-0.50048828125,-0.15869140625,-0.52490234375
0,0.25634765625,-0.390625,0.23193359375,-0.2685546875,-0.0732421875,-0.390625,-0.09765625,0.0244140625,-0.03662109375,-0.2197265625,-0.06103515625,-0.9765625,-0.01220703125,0.927734375,0.146484375,-0.3662109375,-0.3662109375,-1.13525390625,0.01220703125,-0.6591796875,-0.4150390625,0.45166015625,-0.146484375,-1.2939453125,0.048828125,-0.1708984375,-0.1708984375,-0.78125,-0.13427734375,0.9521484375,-0.06103515625,0.244140625,0.10986328125,-0.341796875,-0.1953125,-0.89111328125,-0.03662109375,-0.47607421875,-0.146484375,-0.78125,0.08544921875,-0.20751953125,-0.244140625,-0.67138671875,0.1220703125,-0.4150390625,0.13427734375,0.64697265625,0.048828125,1.220703125,-0.06103515625,0.45166015625,0.0244140625,-0.1708984375,-0.06103515625,0.72021484375,0.09765625,0.6591796875,-0.2197265625,0.50048828125,0.48828125,0.5126953125,0.03662109375,0.08544921875,0.341796875,0.37841796875,-0.146484375,1.0498046875,0.15869140625,0.244140625,0,0.244140625,-0.09765625,0.32958984375,-0.25634765625,0.79345703125,0.2197265625,0.03662109375,-0.32958984375,1.37939453125,0.2197265625,-0.9765625,0.06103515625,-0.28076171875,0.0244140625,-0.9765625,-0.0244140625,-0.76904296875,0,-1.47705078125,-0.0732421875,-0.23193359375,0.48828125,-0.3173828125,0.13427734375,-1.23291015625,-0.13427734375,-1.9775390625,-0.08544921875,-1.69677734375,-0.20751953125,-2.0263671875,-0.37841796875,-1.025390625,0.13427734375,-0.7568359375,0.1953125,-1.4404296875,-0.18310546875,-1.0498046875,-0.09765625,0.4150390625,-0.03662109375,0.20751953125,0.09765625,-0.13427734375,-0.0732421875,-0.13427734375,0,-0.06103515625,-0.13427734375,-0.048828125,-0.0244140625,0.84228515625,0.01220703125,-0.48828125,-0.20751953125,-0.50048828125
0,0.244140625,-0.40283203125,0.25634765625,-0.29296875,-0.06103515625,-0.40283203125,-0.06103515625,0.01220703125,-0.0244140625,-0.244140625,-0.06103515625,-0.9765625,0.01220703125,0.91552734375,0.09765625,-0.37841796875,-0.390625,-1.11083984375,0.08544921875,-0.64697265625,-0.390625,0.4638671875,0.146484375,-1.30615234375,-0.0732421875,-0.20751953125,-0.18310546875,-0.76904296875,-0.1708984375,0.9521484375,-0.1953125,0.2685546875,0.29296875,-0.32958984375,-0.15869140625,-0.86669921875,-0.146484375,-0.4638671875,-0.13427734375,-0.76904296875,0.03662109375,-0.20751953125,-0.3662109375,-0.6591796875,0.10986328125,-0.40283203125,0.13427734375,0.64697265625,0.08544921875,1.2451171875,-0.10986328125,0.45166015625,0.0732421875,-0.20751953125,-0.0244140625,0.72021484375,0.08544921875,0.6591796875,-0.1708984375,0.50048828125,0.50048828125,0.48828125,0.08544921875,0.08544921875,0.30517578125,0.37841796875,-0.244140625,1.0498046875,0.15869140625,0.2197265625,0.0244140625,0.244140625,-0.10986328125,0.32958984375,-0.23193359375,0.81787109375,0.28076171875,0.03662109375,-0.390625,1.37939453125,0.20751953125,-0.9521484375,0.03662109375,-0.29296875,-0.0244140625,-0.9765625,-0.15869140625,-0.76904296875,-0.0244140625,-1.46484375,0,-0.25634765625,0.341796875,-0.29296875,0.29296875,-1.25732421875,-0.23193359375,-1.59912109375,-0.0732421875,-1.37939453125,-0.1708984375,-1.55029296875,-0.390625,-0.732421875,0.09765625,-0.7568359375,0.28076171875,-1.4404296875,-0.13427734375,-1.0498046875,-0.146484375,0.40283203125,-0.06103515625,0.244140625,0.1220703125,-0.1220703125,-0.06103515625,-0.146484375,0.01220703125,-0.048828125,-0.146484375,-0.048828125,-0.03662109375,0.84228515625,0,-0.48828125,-0.23193359375,-0.5126953125
0,0.244140625,-0.42724609375,0.23193359375,-0.30517578125,-0.08544921875,-0.390625,-0.06103515625,-0.01220703125,0.01220703125,-0.20751953125,-0.06103515625,-0.98876953125,0.01220703125,0.927734375,0.06103515625,-0.37841796875,-0.3662109375,-1.11083984375,0.13427734375,-0.6103515625,-0.32958984375,0.4638671875,0.29296875,-1.30615234375,-0.1953125,-0.2197265625,-0.1953125,-0.78125,-0.2685546875,0.9521484375,-0.244140625,0.25634765625,0.35400390625,-0.3173828125,-0.048828125,-0.8544921875,-0.23193359375,-0.45166015625,-0.13427734375,-0.74462890625,-0.03662109375,-0.18310546875,-0.45166015625,-0.64697265625,0.08544921875,-0.42724609375,0.08544921875,0.6591796875,0.10986328125,1.2451171875,-0.09765625,0.48828125,0.18310546875,-0.20751953125,0.048828125,0.72021484375,0.06103515625,0.6591796875,-0.15869140625,0.5126953125,0.5615234375,0.4638671875,0.08544921875,0.10986328125,0.29296875,0.3662109375,-0.29296875,1.03759765625,0.10986328125,0.2197265625,-0.01220703125,0.23193359375,-0.1708984375,0.3173828125,-0.23193359375,0.81787109375,0.29296875,0.03662109375,-0.40283203125,1.3671875,0.146484375,-0.93994140625,0.0244140625,-0.28076171875,-0.0732421875,-1.0009765625,-0.28076171875,-0.8056640625,-0.03662109375,-1.50146484375,0.0732421875,-0.23193359375,0.23193359375,-0.30517578125,0.40283203125,-1.2451171875,-0.29296875,-1.2451171875,-0.06103515625,-1.025390625,-0.1953125,-1.07421875,-0.341796875,-0.4150390625,0.10986328125,-0.76904296875,0.2685546875,-1.45263671875,-0.08544921875,-1.03759765625,-0.13427734375,0.4150390625,-0.06103515625,0.244140625,0.1220703125,-0.1220703125,-0.0732421875,-0.13427734375,-0.01220703125,-0.03662109375,-0.1708984375,-0.0244140625,-0.06103515625,0.87890625,-0.03662109375,-0.47607421875,-0.23193359375,-0.48828125
0,0.2197265625,-0.40283203125,0.244140625,-0.32958984375,-0.146484375,-0.40283203125,-0.0244140625,-0.0244140625,0.03662109375,-0.1953125,-0.06103515625,-0.98876953125,-0.01220703125,0.927734375,0.048828125,-0.40283203125,-0.3173828125,-1.0986328125,0.146484375,-0.62255859375,-0.1953125,0.47607421875,0.30517578125,-1.30615234375,-0.28076171875,-0.23193359375,-0.23193359375,-0.78125,-0.29296875,0.927734375,-0.25634765625,0.25634765625,0.25634765625,-0.32958984375,0.06103515625,-0.84228515625,-0.32958984375,-0.42724609375,-0.10986328125,-0.74462890625,-0.1708984375,-0.1708984375,-0.50048828125,-0.62255859375,0.03662109375,-0.4150390625,0.1220703125,0.68359375,0.13427734375,1.220703125,-0.1220703125,0.50048828125,0.244140625,-0.2197265625,0.06103515625,0.7568359375,0.048828125,0.67138671875,-0.1220703125,0.48828125,0.57373046875,0.45166015625,0.0732421875,0.09765625,0.2685546875,0.3662109375,-0.341796875,1.03759765625,0.06103515625,0.2197265625,-0.01220703125,0.2197265625,-0.2197265625,0.30517578125,-0.18310546875,0.84228515625,0.30517578125,0.0244140625,-0.4150390625,1.3671875,0.06103515625,-0.927734375,0.0244140625,-0.3173828125,-0.13427734375,-1.0009765625,-0.3662109375,-0.78125,-0.048828125,-1.50146484375,0.09765625,-0.23193359375,0.1220703125,-0.29296875,0.4638671875,-1.25732421875,-0.29296875,-0.9033203125,-0.10986328125,-0.732421875,-0.2197265625,-0.64697265625,-0.28076171875,-0.13427734375,0.13427734375,-0.78125,0.2197265625,-1.4404296875,-0.0732421875,-1.06201171875,-0.1220703125,0.40283203125,-0.0732421875,0.25634765625,0.10986328125,-0.13427734375,-0.06103515625,-0.1220703125,0,-0.01220703125,-0.15869140625,-0.03662109375,-0.0732421875,0.86669921875,-0.048828125,-0.47607421875,-0.2197265625,-0.48828125
0,0.1953125,-0.4150390625,0.244140625,-0.341796875,-0.18310546875,-0.40283203125,0,-0.0244140625,0.03662109375,-0.18310546875,-0.09765625,-0.98876953125,-0.0244140625,0.927734375,0.0244140625,-0.390625,-0.2685546875,-1.08642578125,0.1220703125,-0.62255859375,-0.01220703125,0.48828125,0.2197265625,-1.30615234375,-0.28076171875,-0.23193359375,-0.244140625,-0.76904296875,-0.3662109375,0.91552734375,-0.1953125,0.25634765625,0.1220703125,-0.29296875,0.1220703125,-0.8544921875,-0.40283203125,-0.42724609375,-0.09765625,-0.72021484375,-0.3173828125,-0.18310546875,-0.4638671875,-0.6103515625,-0.0244140625,-0.4150390625,0.09765625,0.67138671875,0.15869140625,1.20849609375,-0.1220703125,0.50048828125,0.23193359375,-0.1953125,0.1220703125,0.76904296875,0,0.67138671875,-0.1708984375,0.47607421875,0.57373046875,0.45166015625,0.0244140625,0.09765625,0.1953125,0.32958984375,-0.37841796875,1.06201171875,-0.01220703125,0.18310546875,-0.01220703125,0.20751953125,-0.29296875,0.28076171875,-0.1708984375,0.81787109375,0.2685546875,0.03662109375,-0.37841796875,1.3671875,0.0244140625,-0.927734375,0,-0.3173828125,-0.18310546875,-1.025390625,-0.32958984375,-0.79345703125,-0.0732421875,-1.50146484375,0.048828125,-0.23193359375,0.08544921875,-0.2685546875,0.45166015625,-1.2451171875,-0.25634765625,-0.68359375,-0.20751953125,-0.54931640625,-0.2685546875,-0.35400390625,-0.15869140625,0.048828125,0.18310546875,-0.74462890625,0.10986328125,-1.416015625,-0.0732421875,-1.06201171875,-0.08544921875,0.4150390625,-0.048828125,0.2685546875,0.146484375,-0.1220703125,-0.06103515625,-0.146484375,-0.01220703125,0.01220703125,-0.146484375,-0.01220703125,-0.08544921875,0.89111328125,-0.048828125,-0.45166015625,-0.2197265625,-0.47607421875
1,0.18310546875,-0.40283203125,0.2685546875,-0.3173828125,-0.2197265625,-0.42724609375,0,0,0.0244140625,-0.146484375,-0.0732421875,-1.0009765625,-0.01220703125,0.927734375,0,-0.37841796875,-0.15869140625,-1.06201171875,0.10986328125,-0.59814453125,0.15869140625,0.50048828125,0.06103515625,-1.30615234375,-0.28076171875,-0.2197265625,-0.2685546875,-0.76904296875,-0.390625,0.89111328125,-0.0244140625,0.25634765625,-0.03662109375,-0.29296875,0.18310546875,-0.830078125,-0.4638671875,-0.390625,-0.09765625,-0.69580078125,-0.42724609375,-0.15869140625,-0.4150390625,-0.59814453125,-0.1220703125,-0.40283203125,0.09765625,0.68359375,0.13427734375,1.1962890625,-0.10986328125,0.5126953125,0.244140625,-0.1953125,0.10986328125,0.74462890625,-0.03662109375,0.6591796875,-0.1708984375,0.439453125,0.537109375,0.47607421875,-0.0244140625,0.10986328125,0.15869140625,0.3173828125,-0.3662109375,1.06201171875,-0.08544921875,0.1708984375,-0.01220703125,0.1953125,-0.35400390625,0.28076171875,-0.10986328125,0.86669921875,0.2685546875,0.0244140625,-0.30517578125,1.3427734375,-0.03662109375,-0.91552734375,-0.01220703125,-0.3173828125,-0.25634765625,-1.06201171875,-0.25634765625,-0.78125,-0.0732421875,-1.52587890625,-0.01220703125,-0.2197265625,0.10986328125,-0.2685546875,0.30517578125,-1.23291015625,-0.20751953125,-0.57373046875,-0.244140625,-0.47607421875,-0.30517578125,-0.28076171875,-0.0732421875,0.09765625,0.2197265625,-0.7568359375,-0.01220703125,-1.416015625,-0.1220703125,-1.06201171875,-0.06103515625,0.390625,-0.0244140625,0.25634765625,0.13427734375,-0.1220703125,-0.06103515625,-0.13427734375,-0.01220703125,0,-0.1708984375,-0.0244140625,-0.08544921875,0.87890625,-0.0732421875,-0.45166015625,-0.20751953125,-0.48828125
1,0.1708984375,-0.40283203125,0.25634765625,-0.3173828125,-0.28076171875,-0.42724609375,0.0244140625,0.01220703125,0.01220703125,-0.13427734375,-0.09765625,-1.0009765625,-0.01220703125,0.927734375,-0.03662109375,-0.37841796875,-0.08544921875,-1.0986328125,0.08544921875,-0.59814453125,0.30517578125,0.47607421875,-0.08544921875,-1.33056640625,-0.244140625,-0.2197265625,-0.3173828125,-0.79345703125,-0.35400390625,0.89111328125,0.10986328125,0.23193359375,-0.1708984375,-0.29296875,0.20751953125,-0.84228515625,-0.4638671875,-0.40283203125,-0.08544921875,-0.69580078125,-0.47607421875,-0.15869140625,-0.3173828125,-0.6103515625,-0.2197265625,-0.3662109375,0.06103515625,0.6591796875,0.09765625,1.15966796875,-0.0244140625,0.5126953125,0.1953125,-0.1953125,0.06103515625,0.74462890625,-0.09765625,0.6591796875,-0.2197265625,0.42724609375,0.48828125,0.50048828125,-0.09765625,0.10986328125,0.09765625,0.29296875,-0.3662109375,1.03759765625,-0.13427734375,0.1708984375,-0.01220703125,0.1708984375,-0.40283203125,0.25634765625,-0.06103515625,0.86669921875,0.244140625,0.01220703125,-0.2685546875,1.3427734375,-0.09765625,-0.93994140625,-0.0244140625,-0.341796875,-0.2685546875,-1.03759765625,-0.146484375,-0.76904296875,-0.06103515625,-1.513671875,-0.1220703125,-0.2197265625,0.13427734375,-0.244140625,0.09765625,-1.220703125,-0.1220703125,-0.62255859375,-0.30517578125,-0.54931640625,-0.28076171875,-0.40283203125,0.0244140625,0.06103515625,0.20751953125,-0.732421875,-0.146484375,-1.42822265625,-0.18310546875,-1.06201171875,0.03662109375,0.40283203125,0,0.25634765625,0.15869140625,-0.1220703125,-0.06103515625,-0.13427734375,0.01220703125,0,-0.1708984375,-0.01220703125,-0.08544921875,0.87890625,-0.08544921875,-0.439453125,-0.2197265625,-0.52490234375
1,0.146484375,-0.390625,0.28076171875,-0.29296875,-0.28076171875,-0.42724609375,0.048828125,0.0244140625,0.0244140625,-0.1220703125,-0.09765625,-0.9765625,-0.01220703125,0.9521484375,-0.06103515625,-0.390625,-0.048828125,-1.123046875,0.048828125,-0.634765625,0.32958984375,0.47607421875,-0.18310546875,-1.30615234375,-0.18310546875,-0.1953125,-0.30517578125,-0.8056640625,-0.28076171875,0.8544921875,0.1953125,0.20751953125,-0.25634765625,-0.30517578125,0.2197265625,-0.84228515625,-0.4150390625,-0.40283203125,-0.10986328125,-0.732421875,-0.50048828125,-0.18310546875,-0.23193359375,-0.59814453125,-0.2685546875,-0.35400390625,0.01220703125,0.634765625,0.0732421875,1.15966796875,0.048828125,0.5126953125,0.1708984375,-0.2197265625,0.0732421875,0.74462890625,-0.15869140625,0.69580078125,-0.244140625,0.42724609375,0.42724609375,0.52490234375,-0.1953125,0.13427734375,0.0244140625,0.2685546875,-0.35400390625,1.0498046875,-0.18310546875,0.1708984375,-0.0244140625,0.1708984375,-0.4150390625,0.25634765625,-0.048828125,0.89111328125,0.23193359375,0.0244140625,-0.244140625,1.33056640625,-0.09765625,-0.93994140625,-0.06103515625,-0.32958984375,-0.2197265625,-1.01318359375,0.03662109375,-0.7568359375,-0.01220703125,-1.513671875,-0.23193359375,-0.1953125,0.1953125,-0.2685546875,-0.09765625,-1.23291015625,-0.09765625,-0.76904296875,-0.30517578125,-0.732421875,-0.341796875,-0.67138671875,0.08544921875,-0.10986328125,0.18310546875,-0.74462890625,-0.2685546875,-1.45263671875,-0.1953125,-1.07421875,0.146484375,0.40283203125,0.01220703125,0.23193359375,0.1953125,-0.1220703125,-0.0732421875,-0.13427734375,0,0,-0.18310546875,-0.01220703125,-0.08544921875,0.84228515625,-0.0732421875,-0.4638671875,-0.18310546875,-0.52490234375
1,0.146484375,-0.37841796875,0.2685546875,-0.29296875,-0.32958984375,-0.42724609375,0.06103515625,0.0244140625,0.03662109375,-0.146484375,-0.08544921875,-0.96435546875,0,0.9765625,-0.08544921875,-0.37841796875,-0.0244140625,-1.13525390625,0,-0.64697265625,0.3173828125,0.4638671875,-0.2685546875,-1.318359375,-0.13427734375,-0.18310546875,-0.244140625,-0.81787109375,-0.18310546875,0.87890625,0.25634765625,0.2197265625,-0.28076171875,-0.29296875,0.1953125,-0.84228515625,-0.32958984375,-0.40283203125,-0.13427734375,-0.72021484375,-0.42724609375,-0.1953125,-0.2197265625,-0.62255859375,-0.30517578125,-0.341796875,0.0244140625,0.62255859375,0.06103515625,1.171875,0.09765625,0.50048828125,0.13427734375,-0.23193359375,-0.0244140625,0.74462890625,-0.1708984375,0.68359375,-0.25634765625,0.390625,0.35400390625,0.52490234375,-0.1953125,0.1220703125,-0.03662109375,0.2197265625,-0.30517578125,1.0498046875,-0.1708984375,0.1953125,-0.03662109375,0.15869140625,-0.390625,0.244140625,-0.03662109375,0.91552734375,0.20751953125,0.0244140625,-0.2197265625,1.33056640625,-0.08544921875,-0.93994140625,-0.0732421875,-0.341796875,-0.15869140625,-0.98876953125,0.10986328125,-0.74462890625,0.0244140625,-1.513671875,-0.25634765625,-0.20751953125,0.2197265625,-0.28076171875,-0.28076171875,-1.20849609375,-0.06103515625,-1.03759765625,-0.244140625,-0.96435546875,-0.32958984375,-1.0498046875,0.15869140625,-0.30517578125,0.1220703125,-0.72021484375,-0.29296875,-1.45263671875,-0.146484375,-1.06201171875,0.2197265625,0.37841796875,0.0244140625,0.20751953125,0.1708984375,-0.1220703125,-0.0732421875,-0.146484375,0,-0.03662109375,-0.15869140625,-0.01220703125,-0.09765625,0.81787109375,-0.03662109375,-0.4638671875,-0.18310546875,-0.5126953125
1,0.10986328125,-0.3662109375,0.29296875,-0.29296875,-0.341796875,-0.42724609375,0.0732421875,0.03662109375,0.03662109375,-0.1708984375,-0.10986328125,-0.9765625,-0.01220703125,0.96435546875,-0.146484375,-0.37841796875,-0.01220703125,-1.13525390625,-0.01220703125,-0.68359375,0.1953125,0.45166015625,-0.35400390625,-1.30615234375,-0.0732421875,-0.15869140625,-0.15869140625,-0.830078125,-0.0732421875,0.89111328125,0.23193359375,0.2197265625,-0.29296875,-0.29296875,0.13427734375,-0.8544921875,-0.1953125,-0.40283203125,-0.09765625,-0.7568359375,-0.30517578125,-0.1953125,-0.20751953125,-0.62255859375,-0.29296875,-0.32958984375,0.03662109375,0.634765625,0.08544921875,1.1962890625,0.15869140625,0.5126953125,0.09765625,-0.2197265625,-0.0244140625,0.7568359375,-0.15869140625,0.69580078125,-0.23193359375,0.390625,0.23193359375,0.537109375,-0.1708984375,0.1220703125,-0.08544921875,0.2197265625,-0.2685546875,1.025390625,-0.146484375,0.20751953125,-0.06103515625,0.15869140625,-0.341796875,0.25634765625,-0.048828125,0.91552734375,0.20751953125,0.01220703125,-0.2197265625,1.33056640625,-0.08544921875,-0.9521484375,-0.09765625,-0.32958984375,-0.0244140625,-0.96435546875,0.1708984375,-0.74462890625,0.0244140625,-1.47705078125,-0.29296875,-0.20751953125,0.18310546875,-0.29296875,-0.35400390625,-1.1962890625,-0.08544921875,-1.28173828125,-0.29296875,-1.171875,-0.32958984375,-1.416015625,0.03662109375,-0.5126953125,0.01220703125,-0.7568359375,-0.28076171875,-1.46484375,-0.0732421875,-1.07421875,0.2197265625,0.4150390625,0.0732421875,0.1953125,0.1708984375,-0.10986328125,-0.06103515625,-0.18310546875,-0.01220703125,-0.048828125,-0.1953125,-0.0244140625,-0.08544921875,0.79345703125,0,-0.48828125,-0.1953125,-0.52490234375
1,0.10986328125,-0.341796875,0.30517578125,-0.2685546875,-0.37841796875,-0.42724609375,0.0732421875,0.03662109375,0.06103515625,-0.1953125,-0.09765625,-0.9765625,-0.03662109375,0.96435546875,-0.1708984375,-0.390625,-0.0732421875,-1.13525390625,-0.048828125,-0.67138671875,0.0244140625,0.439453125,-0.3662109375,-1.318359375,-0.03662109375,-0.146484375,-0.048828125,-0.81787109375,-0.0244140625,0.9033203125,0.18310546875,0.2197265625,-0.1953125,-0.2685546875,0,-0.84228515625,-0.0732421875,-0.390625,-0.06103515625,-0.74462890625,-0.1708984375,-0.1953125,-0.2197265625,-0.64697265625,-0.244140625,-0.32958984375,0.03662109375,0.634765625,0.0732421875,1.1962890625,0.23193359375,0.48828125,0.048828125,-0.1953125,-0.03662109375,0.7568359375,-0.146484375,0.69580078125,-0.146484375,0.42724609375,0.1220703125,0.54931640625,-0.08544921875,0.13427734375,-0.06103515625,0.1953125,-0.2685546875,1.01318359375,-0.08544921875,0.23193359375,-0.10986328125,0.1953125,-0.29296875,0.244140625,-0.0244140625,0.87890625,0.20751953125,0,-0.18310546875,1.3427734375,-0.048828125,-0.96435546875,-0.09765625,-0.341796875,0.09765625,-0.96435546875,0.146484375,-0.72021484375,-0.0244140625,-1.47705078125,-0.2685546875,-0.1953125,0.09765625,-0.29296875,-0.3173828125,-1.1962890625,-0.048828125,-1.46484375,-0.2197265625,-1.318359375,-0.3173828125,-1.66015625,-0.0732421875,-0.634765625,-0.06103515625,-0.74462890625,-0.23193359375,-1.46484375,-0.01220703125,-1.06201171875,0.1953125,0.40283203125,0.08544921875,0.1953125,0.1708984375,-0.1220703125,-0.0732421875,-0.20751953125,-0.0244140625,-0.048828125,-0.1953125,-0.03662109375,-0.048828125,0.78125,-0.01220703125,-0.48828125,-0.1708984375,-0.5126953125
1,0.08544921875,-0.35400390625,0.30517578125,-0.30517578125,-0.4150390625,-0.390625,0.08544921875,0.03662109375,0.0732421875,-0.20751953125,-0.10986328125,-0.96435546875,-0.048828125,0.96435546875,-0.2197265625,-0.390625,-0.13427734375,-1.13525390625,-0.09765625,-0.6591796875,-0.1708984375,0.439453125,-0.35400390625,-1.318359375,-0.03662109375,-0.146484375,0.03662109375,-0.8056640625,0.048828125,0.91552734375,0.15869140625,0.20751953125,-0.03662109375,-0.28076171875,-0.10986328125,-0.8544921875,0.01220703125,-0.390625,-0.01220703125,-0.7568359375,-0.048828125,-0.1708984375,-0.20751953125,-0.6591796875,-0.1708984375,-0.341796875,0.048828125,0.6103515625,0.0732421875,1.20849609375,0.30517578125,0.45166015625,0.03662109375,-0.1953125,-0.0732421875,0.7568359375,-0.15869140625,0.7080078125,-0.06103515625,0.45166015625,0,0.537109375,-0.01220703125,0.1220703125,-0.01220703125,0.1708984375,-0.244140625,1.025390625,0.01220703125,0.25634765625,-0.15869140625,0.1953125,-0.25634765625,0.25634765625,0.01220703125,0.9033203125,0.1708984375,0.01220703125,-0.1708984375,1.33056640625,-0.03662109375,-0.96435546875,-0.06103515625,-0.32958984375,0.18310546875,-0.9521484375,0.08544921875,-0.72021484375,-0.06103515625,-1.47705078125,-0.20751953125,-0.1953125,-0.01220703125,-0.29296875,-0.1953125,-1.18408203125,-0.0244140625,-1.5380859375,-0.08544921875,-1.3427734375,-0.244140625,-1.7822265625,-0.15869140625,-0.69580078125,-0.13427734375,-0.7568359375,-0.146484375,-1.47705078125,-0.01220703125,-1.06201171875,0.08544921875,0.42724609375,0.09765625,0.1953125,0.1953125,-0.1220703125,-0.048828125,-0.23193359375,-0.01220703125,-0.048828125,-0.18310546875,-0.0244140625,-0.03662109375,0.79345703125,-0.01220703125,-0.52490234375,-0.15869140625,-0.50048828125
1,0.06103515625,-0.35400390625,0.3173828125,-0.28076171875,-0.42724609375,-0.40283203125,0.08544921875,0,0.08544921875,-0.20751953125,-0.1220703125,-0.98876953125,-0.048828125,0.96435546875,-0.2685546875,-0.390625,-0.18310546875,-1.0986328125,-0.10986328125,-0.6591796875,-0.341796875,0.439453125,-0.30517578125,-1.30615234375,0.01220703125,-0.13427734375,0.08544921875,-0.81787109375,0.06103515625,0.927734375,0.146484375,0.2197265625,0.01220703125,-0.3173828125,-0.1708984375,-0.87890625,0.06103515625,-0.390625,0.0732421875,-0.7568359375,0.08544921875,-0.1708984375,-0.244140625,-0.67138671875,-0.09765625,-0.35400390625,0.048828125,0.62255859375,0.03662109375,1.220703125,0.40283203125,0.45166015625,0.01220703125,-0.1708984375,-0.01220703125,0.76904296875,-0.1708984375,0.69580078125,0.01220703125,0.47607421875,-0.0732421875,0.54931640625,0,0.09765625,0.06103515625,0.15869140625,-0.18310546875,1.025390625,0.06103515625,0.244140625,-0.1708984375,0.20751953125,-0.15869140625,0.25634765625,0.06103515625,0.87890625,0.1708984375,0.0244140625,-0.146484375,1.3427734375,-0.01220703125,-0.96435546875,-0.01220703125,-0.341796875,0.28076171875,-0.9521484375,0.048828125,-0.72021484375,-0.13427734375,-1.47705078125,-0.15869140625,-0.20751953125,-0.09765625,-0.29296875,0.0244140625,-1.15966796875,-0.03662109375,-1.47705078125,-0.08544921875,-1.28173828125,-0.30517578125,-1.708984375,-0.30517578125,-0.62255859375,-0.18310546875,-0.76904296875,-0.06103515625,-1.46484375,-0.03662109375,-1.0498046875,-0.0244140625,0.4150390625,0.09765625,0.1953125,0.2197265625,-0.1220703125,-0.048828125,-0.25634765625,0,-0.048828125,-0.1953125,-0.0244140625,-0.03662109375,0.78125,-0.01220703125,-0.52490234375,-0.146484375,-0.5126953125
1,0.048828125,-0.37841796875,0.32958984375,-0.28076171875,-0.45166015625,-0.390625,0.10986328125,0,0.08544921875,-0.18310546875,-0.09765625,-0.9765625,-0.06103515625,0.93994140625,-0.30517578125,-0.3662109375,-0.23193359375,-1.07421875,-0.15869140625,-0.634765625,-0.4150390625,0.40283203125,-0.2685546875,-1.30615234375,0.01220703125,-0.15869140625,0.1220703125,-0.8056640625,0.0244140625,0.927734375,0.1708984375,0.1953125,0.03662109375,-0.32958984375,-0.146484375,-0.8544921875,0.09765625,-0.42724609375,0.15869140625,-0.76904296875,0.1708984375,-0.15869140625,-0.244140625,-0.6591796875,-0.01220703125,-0.390625,0.06103515625,0.62255859375,-0.0244140625,1.20849609375,0.42724609375,0.45166015625,-0.01220703125,-0.146484375,-0.0244140625,0.78125,-0.18310546875,0.67138671875,0.1220703125,0.47607421875,-0.1708984375,0.52490234375,-0.01220703125,0.1220703125,0.08544921875,0.146484375,-0.1220703125,1.03759765625,0.09765625,0.244140625,-0.13427734375,0.2197265625,-0.10986328125,0.25634765625,0.09765625,0.87890625,0.146484375,0.01220703125,-0.1708984375,1.318359375,0.048828125,-0.9521484375,0.048828125,-0.35400390625,0.2685546875,-0.9521484375,0.0244140625,-0.7568359375,-0.1953125,-1.4892578125,-0.10986328125,-0.23193359375,-0.2197265625,-0.28076171875,0.2197265625,-1.15966796875,-0.03662109375,-1.2939453125,-0.06103515625,-1.06201171875,-0.37841796875,-1.4892578125,-0.37841796875,-0.4638671875,-0.13427734375,-0.7568359375,-0.01220703125,-1.45263671875,-0.09765625,-1.07421875,-0.06103515625,0.42724609375,0.10986328125,0.20751953125,0.20751953125,-0.1220703125,-0.06103515625,-0.25634765625,0.01220703125,-0.048828125,-0.18310546875,-0.03662109375,-0.0244140625,0.76904296875,-0.01220703125,-0.537109375,-0.1220703125,-0.537109375
1,0,-0.37841796875,0.3173828125,-0.28076171875,-0.4638671875,-0.3662109375,0.10986328125,-0.01220703125,0.0732421875,-0.1708984375,-0.08544921875,-0.9765625,-0.08544921875,0.9521484375,-0.390625,-0.37841796875,-0.2685546875,-1.0498046875,-0.15869140625,-0.62255859375,-0.40283203125,0.4150390625,-0.28076171875,-1.318359375,0.01220703125,-0.1708984375,0.1220703125,-0.78125,-0.01220703125,0.91552734375,0.18310546875,0.1953125,-0.03662109375,-0.32958984375,-0.0732421875,-0.86669921875,0.0732421875,-0.45166015625,0.2197265625,-0.76904296875,0.25634765625,-0.15869140625,-0.23193359375,-0.6591796875,0.08544921875,-0.40283203125,0.0732421875,0.64697265625,-0.06103515625,1.171875,0.45166015625,0.45166015625,-0.0244140625,-0.1220703125,-0.10986328125,0.76904296875,-0.13427734375,0.634765625,0.146484375,0.4638671875,-0.20751953125,0.5126953125,-0.09765625,0.1220703125,0.15869140625,0.146484375,-0.06103515625,1.0498046875,0.09765625,0.23193359375,-0.08544921875,0.20751953125,-0.03662109375,0.244140625,0.09765625,0.87890625,0.08544921875,0,-0.18310546875,1.35498046875,0.08544921875,-0.93994140625,0.09765625,-0.35400390625,0.1953125,-0.98876953125,0.0244140625,-0.7568359375,-0.18310546875,-1.47705078125,-0.06103515625,-0.2197265625,-0.18310546875,-0.28076171875,0.3173828125,-1.15966796875,-0.048828125,-1.03759765625,-0.06103515625,-0.81787109375,-0.3662109375,-1.15966796875,-0.390625,-0.2197265625,-0.06103515625,-0.7568359375,0.03662109375,-1.45263671875,-0.13427734375,-1.07421875,-0.06103515625,0.45166015625,0.15869140625,0.244140625,0.18310546875,-0.1220703125,-0.06103515625,-0.244140625,0.048828125,-0.03662109375,-0.1953125,-0.0244140625,0,0.76904296875,0,-0.52490234375,-0.1220703125,-0.54931640625
1,0,-0.40283203125,0.341796875,-0.28076171875,-0.50048828125,-0.37841796875,0.146484375,0.01220703125,0.08544921875,-0.1708984375,-0.048828125,-0.98876953125,-0.10986328125,0.927734375,-0.4638671875,-0.37841796875,-0.29296875,-1.06201171875,-0.18310546875,-0.6103515625,-0.3173828125,0.4150390625,-0.30517578125,-1.33056640625,0.03662109375,-0.20751953125,0.08544921875,-0.79345703125,-0.08544921875,0.87890625,0.15869140625,0.23193359375,-0.3173828125,-0.35400390625,0.03662109375,-0.86669921875,0.048828125,-0.4638671875,0.30517578125,-0.74462890625,0.244140625,-0.1220703125,-0.2197265625,-0.62255859375,0.15869140625,-0.40283203125,0.1220703125,0.634765625,-0.06103515625,1.1474609375,0.40283203125,0.48828125,-0.0244140625,-0.08544921875,-0.13427734375,0.76904296875,-0.06103515625,0.62255859375,0.2197265625,0.4638671875,-0.1708984375,0.47607421875,-0.18310546875,0.146484375,0.25634765625,0.13427734375,-0.01220703125,1.06201171875,0.09765625,0.2197265625,-0.0244140625,0.1953125,0.0244140625,0.25634765625,0.1220703125,0.8544921875,0.08544921875,0,-0.1953125,1.3427734375,0.1220703125,-0.91552734375,0.1708984375,-0.35400390625,0.09765625,-0.98876953125,0.03662109375,-0.7568359375,-0.18310546875,-1.4892578125,-0.03662109375,-0.23193359375,-0.048828125,-0.2685546875,0.35400390625,-1.171875,-0.06103515625,-0.69580078125,-0.146484375,-0.54931640625,-0.390625,-0.78125,-0.4150390625,0.06103515625,0.03662109375,-0.76904296875,0.0732421875,-1.45263671875,-0.1708984375,-1.06201171875,-0.048828125,0.42724609375,0.1708984375,0.23193359375,0.18310546875,-0.146484375,-0.0732421875,-0.1953125,0.048828125,-0.0244140625,-0.18310546875,-0.03662109375,0.01220703125,0.79345703125,-0.01220703125,-0.5126953125,-0.13427734375,-0.57373046875
1,-0.01220703125,-0.40283203125,0.3173828125,-0.29296875,-0.5126953125,-0.37841796875,0.13427734375,0.0244140625,0.06103515625,-0.13427734375,-0.048828125,-0.98876953125,-0.13427734375,0.91552734375,-0.52490234375,-0.390625,-0.30517578125,-1.06201171875,-0.13427734375,-0.57373046875,-0.13427734375,0.439453125,-0.35400390625,-1.30615234375,0.08544921875,-0.2197265625,0.03662109375,-0.78125,-0.18310546875,0.87890625,0.09765625,0.244140625,-0.2685546875,-0.341796875,0.1708984375,-0.84228515625,-0.01220703125,-0.4638671875,0.32958984375,-0.732421875,0.1953125,-0.13427734375,-0.18310546875,-0.62255859375,0.1953125,-0.390625,0.18310546875,0.634765625,-0.1220703125,1.123046875,0.30517578125,0.48828125,-0.03662109375,-0.09765625,-0.2197265625,0.76904296875,-0.0244140625,0.57373046875,0.18310546875,0.45166015625,-0.10986328125,0.52490234375,-0.20751953125,0.146484375,0.29296875,0.146484375,0.03662109375,1.06201171875,0.10986328125,0.18310546875,0.03662109375,0.20751953125,0.03662109375,0.25634765625,0.1220703125,0.86669921875,0.03662109375,0,-0.1708984375,1.33056640625,0.15869140625,-0.927734375,0.18310546875,-0.3662109375,-0.06103515625,-1.0009765625,0.06103515625,-0.76904296875,-0.13427734375,-1.4892578125,-0.06103515625,-0.244140625,0.08544921875,-0.25634765625,0.2685546875,-1.15966796875,-0.0732421875,-0.390625,-0.1953125,-0.2685546875,-0.3662109375,-0.4638671875,-0.3662109375,0.30517578125,0.18310546875,-0.76904296875,0.08544921875,-1.45263671875,-0.1953125,-1.03759765625,-0.048828125,0.42724609375,0.18310546875,0.2685546875,0.18310546875,-0.13427734375,-0.06103515625,-0.1708984375,0.06103515625,-0.0244140625,-0.18310546875,-0.0244140625,0.0244140625,0.79345703125,-0.03662109375,-0.47607421875,-0.146484375,-0.5615234375
1,-0.0244140625,-0.40283203125,0.28076171875,-0.28076171875,-0.537109375,-0.390625,0.15869140625,0.01220703125,0.06103515625,-0.10986328125,-0.0244140625,-1.025390625,-0.146484375,0.89111328125,-0.6591796875,-0.390625,-0.28076171875,-1.07421875,-0.06103515625,-0.59814453125,0.0244140625,0.45166015625,-0.37841796875,-1.30615234375,0.1220703125,-0.2197265625,-0.03662109375,-0.7568359375,-0.244140625,0.87890625,0.048828125,0.2685546875,-0.30517578125,-0.35400390625,0.2685546875,-0.830078125,-0.048828125,-0.47607421875,0.341796875,-0.72021484375,0.09765625,-0.15869140625,-0.146484375,-0.6103515625,0.20751953125,-0.390625,0.18310546875,0.64697265625,-0.1220703125,1.08642578125,0.23193359375,0.5126953125,-0.03662109375,-0.09765625,-0.244140625,0.7568359375,0.01220703125,0.57373046875,0.13427734375,0.439453125,-0.08544921875,0.52490234375,-0.2197265625,0.13427734375,0.28076171875,0.146484375,0.10986328125,1.07421875,0.08544921875,0.1953125,0.0732421875,0.1953125,0.10986328125,0.25634765625,0.09765625,0.86669921875,0,0.01220703125,-0.15869140625,1.3427734375,0.146484375,-0.927734375,0.1953125,-0.35400390625,-0.1953125,-1.01318359375,0.06103515625,-0.76904296875,-0.0732421875,-1.513671875,-0.09765625,-0.244140625,0.32958984375,-0.25634765625,0.146484375,-1.18408203125,-0.09765625,-0.1220703125,-0.23193359375,-0.0732421875,-0.30517578125,-0.20751953125,-0.29296875,0.5126953125,0.2685546875,-0.7568359375,0.10986328125,-1.45263671875,-0.20751953125,-1.0498046875,-0.06103515625,0.4150390625,0.1953125,0.25634765625,0.15869140625,-0.146484375,-0.06103515625,-0.146484375,0.08544921875,-0.0244140625,-0.1953125,-0.0732421875,0.03662109375,0.81787109375,-0.03662109375,-0.45166015625,-0.1708984375,-0.57373046875
1,-0.03662109375,-0.390625,0.28076171875,-0.30517578125,-0.54931640625,-0.390625,0.146484375,0.048828125,0.06103515625,-0.10986328125,-0.01220703125,-1.01318359375,-0.15869140625,0.927734375,-0.76904296875,-0.40283203125,-0.29296875,-1.11083984375,0,-0.59814453125,0.18310546875,0.45166015625,-0.390625,-1.30615234375,0.13427734375,-0.20751953125,-0.09765625,-0.76904296875,-0.29296875,0.8544921875,0.0244140625,0.25634765625,-0.20751953125,-0.37841796875,0.3662109375,-0.8544921875,-0.13427734375,-0.48828125,0.3173828125,-0.72021484375,-0.03662109375,-0.18310546875,-0.146484375,-0.62255859375,0.146484375,-0.37841796875,0.1953125,0.634765625,-0.146484375,1.08642578125,0.1708984375,0.50048828125,-0.1220703125,-0.146484375,-0.20751953125,0.74462890625,0.03662109375,0.57373046875,0.1220703125,0.439453125,0,0.54931640625,-0.2197265625,0.13427734375,0.30517578125,0.15869140625,0.1708984375,1.0498046875,0.06103515625,0.20751953125,0.1220703125,0.2197265625,0.1953125,0.2685546875,0.09765625,0.8544921875,-0.0244140625,0.01220703125,-0.13427734375,1.35498046875,0.146484375,-0.93994140625,0.1953125,-0.341796875,-0.29296875,-1.025390625,0.03662109375,-0.78125,-0.0244140625,-1.5380859375,-0.146484375,-0.28076171875,0.45166015625,-0.2685546875,0.0244140625,-1.1962890625,-0.08544921875,0.0244140625,-0.29296875,0.06103515625,-0.25634765625,-0.08544921875,-0.28076171875,0.64697265625,0.3662109375,-0.74462890625,0.13427734375,-1.45263671875,-0.2197265625,-1.0498046875,-0.09765625,0.40283203125,0.1708984375,0.25634765625,0.146484375,-0.15869140625,-0.06103515625,-0.1220703125,0.10986328125,-0.0244140625,-0.1953125,-0.048828125,0.03662109375,0.8056640625,-0.0244140625,-0.45166015625,-0.1953125,-0.5615234375
0,-0.048828125,-0.37841796875,0.28076171875,-0.30517578125,-0.52490234375,-0.40283203125,0.1708984375,0.0244140625,0.09765625,-0.09765625,-0.01220703125,-1.01318359375,-0.15869140625,0.93994140625,-0.89111328125,-0.390625,-0.29296875,-1.1474609375,0.13427734375,-0.62255859375,0.28076171875,0.45166015625,-0.42724609375,-1.2939453125,0.13427734375,-0.20751953125,-0.146484375,-0.78125,-0.28076171875,0.86669921875,-0.01220703125,0.25634765625,0,-0.3662109375,0.40283203125,-0.8544921875,-0.15869140625,-0.47607421875,0.25634765625,-0.72021484375,-0.1708984375,-0.2197265625,-0.1708984375,-0.62255859375,0.06103515625,-0.3662109375,0.20751953125,0.59814453125,-0.10986328125,1.11083984375,0.13427734375,0.50048828125,-0.15869140625,-0.1708984375,-0.20751953125,0.7568359375,0.0244140625,0.6103515625,0.08544921875,0.439453125,0.09765625,0.54931640625,-0.1953125,0.1220703125,0.341796875,0.1708984375,0.1708984375,1.025390625,0.048828125,0.20751953125,0.146484375,0.20751953125,0.23193359375,0.28076171875,0.03662109375,0.8544921875,-0.0732421875,0.01220703125,-0.08544921875,1.3427734375,0.13427734375,-0.9521484375,0.15869140625,-0.341796875,-0.32958984375,-1.03759765625,-0.0244140625,-0.76904296875,0.0732421875,-1.55029296875,-0.20751953125,-0.25634765625,0.4638671875,-0.28076171875,-0.08544921875,-1.20849609375,-0.08544921875,0.08544921875,-0.28076171875,0.1220703125,-0.1953125,-0.08544921875,-0.18310546875,0.72021484375,0.390625,-0.72021484375,0.0732421875,-1.45263671875,-0.1953125,-1.0498046875,-0.1220703125,0.40283203125,0.18310546875,0.25634765625,0.146484375,-0.13427734375,-0.06103515625,-0.10986328125,0.09765625,-0.0244140625,-0.1708984375,-0.048828125,0.03662109375,0.81787109375,-0.0244140625,-0.45166015625,-0.23193359375,-0.5615234375
0,-0.03662109375,-0.37841796875,0.28076171875,-0.29296875,-0.537109375,-0.40283203125,0.18310546875,0.048828125,0.1220703125,-0.10986328125,0,-1.01318359375,-0.1708984375,0.93994140625,-0.9521484375,-0.37841796875,-0.25634765625,-1.1474609375,0.23193359375,-0.64697265625,0.2685546875,0.4638671875,-0.37841796875,-1.25732421875,0.10986328125,-0.1708984375,-0.13427734375,-0.79345703125,-0.25634765625,0.89111328125,-0.03662109375,0.25634765625,0.10986328125,-0.341796875,0.4150390625,-0.8544921875,-0.20751953125,-0.50048828125,0.1953125,-0.732421875,-0.28076171875,-0.244140625,-0.2685546875,-0.64697265625,-0.06103515625,-0.37841796875,0.15869140625,0.59814453125,-0.03662109375,1.123046875,0.09765625,0.47607421875,-0.244140625,-0.1953125,-0.1708984375,0.76904296875,-0.01220703125,0.64697265625,0.08544921875,0.42724609375,0.2197265625,0.54931640625,-0.23193359375,0.09765625,0.40283203125,0.20751953125,0.18310546875,1.03759765625,0.03662109375,0.244140625,0.146484375,0.20751953125,0.29296875,0.30517578125,-0.03662109375,0.8544921875,-0.10986328125,0.0244140625,-0.08544921875,1.35498046875,0.10986328125,-0.93994140625,0.09765625,-0.341796875,-0.28076171875,-1.0498046875,-0.08544921875,-0.76904296875,0.10986328125,-1.55029296875,-0.20751953125,-0.244140625,0.42724609375,-0.29296875,-0.048828125,-1.220703125,-0.10986328125,0.06103515625,-0.20751953125,0.1220703125,-0.1220703125,-0.2197265625,-0.06103515625,0.69580078125,0.29296875,-0.7568359375,0.0732421875,-1.47705078125,-0.1220703125,-1.025390625,-0.08544921875,0.37841796875,0.1708984375,0.25634765625,0.146484375,-0.146484375,-0.0732421875,-0.10986328125,0.09765625,-0.048828125,-0.15869140625,-0.048828125,0.01220703125,0.81787109375,-0.01220703125,-0.45166015625,-0.25634765625,-0.54931640625
0,-0.08544921875,-0.37841796875,0.28076171875,-0.29296875,-0.537109375,-0.37841796875,0.20751953125,0.048828125,0.15869140625,-0.15869140625,0.01220703125,-1.0009765625,-0.1953125,0.91552734375,-0.98876953125,-0.3662109375,-0.244140625,-1.15966796875,0.3173828125,-0.67138671875,0.23193359375,0.439453125,-0.30517578125,-1.25732421875,0.06103515625,-0.1708984375,-0.10986328125,-0.8056640625,-0.2197265625,0.91552734375,-0.01220703125,0.23193359375,0.1953125,-0.32958984375,0.40283203125,-0.87890625,-0.2197265625,-0.47607421875,0.146484375,-0.74462890625,-0.30517578125,-0.25634765625,-0.37841796875,-0.634765625,-0.10986328125,-0.35400390625,0.09765625,0.5859375,0.0244140625,1.1474609375,0.06103515625,0.4638671875,-0.32958984375,-0.20751953125,-0.1220703125,0.76904296875,-0.0732421875,0.7080078125,0.0244140625,0.439453125,0.29296875,0.54931640625,-0.25634765625,0.08544921875,0.45166015625,0.23193359375,0.15869140625,1.03759765625,0,0.244140625,0.13427734375,0.23193359375,0.28076171875,0.3173828125,-0.08544921875,0.81787109375,-0.15869140625,0.03662109375,-0.048828125,1.3427734375,0.09765625,-0.9765625,0.08544921875,-0.32958984375,-0.20751953125,-1.025390625,-0.146484375,-0.76904296875,0.146484375,-1.5380859375,-0.20751953125,-0.28076171875,0.29296875,-0.32958984375,-0.0244140625,-1.20849609375,-0.1220703125,-0.03662109375,-0.13427734375,0.03662109375,-0.048828125,-0.42724609375,0.06103515625,0.62255859375,0.18310546875,-0.74462890625,0.03662109375,-1.45263671875,-0.03662109375,-1.03759765625,-0.08544921875,0.40283203125,0.146484375,0.25634765625,0.146484375,-0.146484375,-0.06103515625,-0.1220703125,0.0732421875,-0.06103515625,-0.15869140625,-0.06103515625,0,0.84228515625,0.01220703125,-0.47607421875,-0.2685546875,-0.537109375
0,-0.10986328125,-0.35400390625,0.25634765625,-0.2685546875,-0.5615234375,-0.3662109375,0.20751953125,0.06103515625,0.15869140625,-0.18310546875,0,-0.98876953125,-0.23193359375,0.927734375,-0.9765625,-0.341796875,-0.20751953125,-1.1474609375,0.37841796875,-0.68359375,0.1220703125,0.4638671875,-0.1953125,-1.2451171875,0.0244140625,-0.1220703125,-0.08544921875,-0.81787109375,-0.13427734375,0.927734375,0.01220703125,0.244140625,0.32958984375,-0.30517578125,0.3662109375,-0.86669921875,-0.23193359375,-0.45166015625,0.146484375,-0.7568359375,-0.2685546875,-0.2197265625,-0.47607421875,-0.634765625,-0.15869140625,-0.35400390625,0.048828125,0.5615234375,0.08544921875,1.171875,0.06103515625,0.4638671875,-0.37841796875,-0.20751953125,-0.1220703125,0.79345703125,-0.13427734375,0.78125,0.06103515625,0.45166015625,0.390625,0.52490234375,-0.244140625,0.0732421875,0.48828125,0.244140625,0.10986328125,1.06201171875,-0.03662109375,0.2685546875,0.10986328125,0.20751953125,0.25634765625,0.341796875,-0.13427734375,0.84228515625,-0.1708984375,0.03662109375,-0.0244140625,1.35498046875,0.0732421875,-0.9765625,0.01220703125,-0.3173828125,-0.08544921875,-1.025390625,-0.1708984375,-0.76904296875,0.18310546875,-1.5380859375,-0.18310546875,-0.25634765625,0.15869140625,-0.35400390625,0.03662109375,-1.220703125,-0.10986328125,-0.1708984375,-0.03662109375,-0.06103515625,-0.01220703125,-0.6103515625,0.13427734375,0.50048828125,0.01220703125,-0.76904296875,-0.048828125,-1.45263671875,0.03662109375,-1.01318359375,-0.10986328125,0.4150390625,0.10986328125,0.20751953125,0.146484375,-0.13427734375,-0.0732421875,-0.10986328125,0.0732421875,-0.0732421875,-0.1708984375,-0.048828125,-0.01220703125,0.84228515625,0.01220703125,-0.4638671875,-0.25634765625,-0.5126953125
0,-0.09765625,-0.3662109375,0.2197265625,-0.25634765625,-0.59814453125,-0.3173828125,0.20751953125,0.048828125,0.1953125,-0.20751953125,0.01220703125,-0.98876953125,-0.2685546875,0.93994140625,-0.89111328125,-0.341796875,-0.20751953125,-1.13525390625,0.3662109375,-0.68359375,-0.01220703125,0.4638671875,-0.03662109375,-1.25732421875,0,-0.1220703125,-0.01220703125,-0.81787109375,-0.0732421875,0.96435546875,0.08544921875,0.25634765625,0.341796875,-0.28076171875,0.30517578125,-0.87890625,-0.244140625,-0.4638671875,0.15869140625,-0.76904296875,-0.15869140625,-0.20751953125,-0.5859375,-0.6591796875,-0.20751953125,-0.341796875,-0.03662109375,0.5859375,0.1220703125,1.20849609375,0.09765625,0.4638671875,-0.4150390625,-0.1953125,-0.18310546875,0.78125,-0.2197265625,0.89111328125,0.13427734375,0.45166015625,0.439453125,0.52490234375,-0.244140625,0.0732421875,0.52490234375,0.23193359375,0.0244140625,1.0498046875,-0.06103515625,0.2685546875,0.0732421875,0.20751953125,0.2197265625,0.32958984375,-0.1220703125,0.830078125,-0.18310546875,0.06103515625,0,1.35498046875,0.048828125,-0.9765625,-0.01220703125,-0.3173828125,-0.01220703125,-1.025390625,-0.15869140625,-0.76904296875,0.10986328125,-1.52587890625,-0.10986328125,-0.244140625,-0.0244140625,-0.341796875,0.06103515625,-1.220703125,-0.1220703125,-0.3173828125,0.048828125,-0.13427734375,-0.03662109375,-0.7568359375,0.15869140625,0.42724609375,-0.10986328125,-0.7568359375,-0.09765625,-1.46484375,0.08544921875,-1.0009765625,-0.10986328125,0.42724609375,0.08544921875,0.20751953125,0.146484375,-0.13427734375,-0.0732421875,-0.10986328125,0.06103515625,-0.0732421875,-0.18310546875,-0.03662109375,-0.03662109375,0.86669921875,0,-0.4638671875,-0.23193359375,-0.48828125
0,-0.09765625,-0.35400390625,0.2197265625,-0.25634765625,-0.5859375,-0.28076171875,0.2197265625,0.03662109375,0.18310546875,-0.2197265625,0.01220703125,-0.98876953125,-0.2685546875,0.93994140625,-0.79345703125,-0.32958984375,-0.18310546875,-1.13525390625,0.29296875,-0.68359375,-0.09765625,0.45166015625,0.0732421875,-1.28173828125,0,-0.10986328125,0.0244140625,-0.8056640625,-0.0244140625,0.9765625,0.146484375,0.23193359375,0.3662109375,-0.20751953125,0.28076171875,-0.8544921875,-0.23193359375,-0.45166015625,0.20751953125,-0.78125,-0.048828125,-0.1953125,-0.5859375,-0.6591796875,-0.23193359375,-0.32958984375,-0.0732421875,0.5859375,0.048828125,1.220703125,0.18310546875,0.4638671875,-0.4638671875,-0.18310546875,-0.18310546875,0.8056640625,-0.28076171875,0.9765625,0.18310546875,0.45166015625,0.50048828125,0.5126953125,-0.15869140625,0.09765625,0.537109375,0.23193359375,-0.048828125,1.0498046875,-0.06103515625,0.25634765625,0.048828125,0.1953125,0.146484375,0.32958984375,-0.13427734375,0.84228515625,-0.1708984375,0.06103515625,0,1.35498046875,0.03662109375,-0.9765625,-0.01220703125,-0.30517578125,0.03662109375,-1.01318359375,-0.13427734375,-0.76904296875,0.048828125,-1.52587890625,-0.10986328125,-0.25634765625,-0.18310546875,-0.35400390625,0.0244140625,-1.220703125,-0.10986328125,-0.4150390625,0.10986328125,-0.1708984375,-0.09765625,-0.86669921875,0.15869140625,0.35400390625,-0.1220703125,-0.7568359375,-0.1708984375,-1.45263671875,0.03662109375,-1.01318359375,-0.15869140625,0.4150390625,0.08544921875,0.2197265625,0.1708984375,-0.1220703125,-0.0732421875,-0.1220703125,0.0732421875,-0.06103515625,-0.1708984375,-0.048828125,-0.0244140625,0.8544921875,0,-0.4638671875,-0.20751953125,-0.47607421875
0,-0.08544921875,-0.3662109375,0.20751953125,-0.25634765625,-0.62255859375,-0.2685546875,0.20751953125,0.0244140625,0.20751953125,-0.2197265625,-0.01220703125,-0.98876953125,-0.25634765625,0.927734375,-0.634765625,-0.35400390625,-0.13427734375,-1.11083984375,0.18310546875,-0.64697265625,-0.15869140625,0.4638671875,0.08544921875,-1.25732421875,0.0244140625,-0.13427734375,0.03662109375,-0.81787109375,0.03662109375,0.96435546875,0.2685546875,0.23193359375,0.28076171875,-0.15869140625,0.2685546875,-0.86669921875,-0.1953125,-0.439453125,0.25634765625,-0.7568359375,0.048828125,-0.15869140625,-0.48828125,-0.64697265625,-0.244140625,-0.341796875,-0.1220703125,0.59814453125,0.0244140625,1.220703125,0.25634765625,0.47607421875,-0.4638671875,-0.1708984375,-0.20751953125,0.8056640625,-0.3173828125,1.07421875,0.25634765625,0.45166015625,0.5126953125,0.50048828125,-0.06103515625,0.13427734375,0.48828125,0.20751953125,-0.146484375,1.06201171875,-0.0732421875,0.2685546875,0.01220703125,0.18310546875,0.0732421875,0.32958984375,-0.146484375,0.86669921875,-0.146484375,0.0732421875,-0.01220703125,1.3427734375,0.0244140625,-0.96435546875,-0.0244140625,-0.30517578125,0.03662109375,-0.98876953125,-0.03662109375,-0.7568359375,0.048828125,-1.52587890625,-0.10986328125,-0.20751953125,-0.2197265625,-0.35400390625,-0.03662109375,-1.20849609375,-0.048828125,-0.48828125,0.15869140625,-0.1953125,-0.2197265625,-0.89111328125,0.18310546875,0.341796875,-0.1220703125,-0.79345703125,-0.23193359375,-1.46484375,-0.03662109375,-1.01318359375,-0.146484375,0.439453125,0.0732421875,0.20751953125,0.18310546875,-0.13427734375,-0.0732421875,-0.1220703125,0.09765625,-0.0732421875,-0.15869140625,-0.06103515625,-0.048828125,0.86669921875,0.0244140625,-0.48828125,-0.1953125,-0.47607421875
0,-0.10986328125,-0.3662109375,0.1708984375,-0.2685546875,-0.64697265625,-0.28076171875,0.2197265625,0.01220703125,0.1708984375,-0.20751953125,0,-0.9765625,-0.25634765625,0.93994140625,-0.5615234375,-0.35400390625,-0.146484375,-1.0986328125,0.0732421875,-0.64697265625,-0.13427734375,0.4638671875,0,-1.28173828125,0.08544921875,-0.1220703125,0.048828125,-0.8056640625,0.09765625,0.96435546875,0.390625,0.244140625,0.09765625,-0.09765625,0.2685546875,-0.84228515625,-0.1708984375,-0.4638671875,0.3173828125,-0.76904296875,0.1220703125,-0.1708984375,-0.42724609375,-0.64697265625,-0.25634765625,-0.35400390625,-0.146484375,0.62255859375,-0.06103515625,1.1962890625,0.3173828125,0.48828125,-0.47607421875,-0.1220703125,-0.23193359375,0.79345703125,-0.32958984375,1.1474609375,0.23193359375,0.4638671875,0.50048828125,0.5126953125,-0.01220703125,0.146484375,0.45166015625,0.20751953125,-0.15869140625,1.07421875,-0.08544921875,0.244140625,0,0.1953125,0.0244140625,0.35400390625,-0.146484375,0.87890625,-0.09765625,0.0732421875,-0.0732421875,1.3671875,-0.0244140625,-0.9521484375,0.01220703125,-0.30517578125,0,-0.98876953125,0.09765625,-0.7568359375,0.0244140625,-1.513671875,-0.1220703125,-0.20751953125,-0.20751953125,-0.341796875,-0.09765625,-1.220703125,0,-0.48828125,0.146484375,-0.1953125,-0.25634765625,-0.81787109375,0.1708984375,0.32958984375,-0.03662109375,-0.8056640625,-0.25634765625,-1.45263671875,-0.10986328125,-1.025390625,-0.10986328125,0.45166015625,0.10986328125,0.2197265625,0.18310546875,-0.13427734375,-0.06103515625,-0.13427734375,0.08544921875,-0.03662109375,-0.15869140625,-0.048828125,-0.048828125,0.84228515625,0.01220703125,-0.4638671875,-0.1708984375,-0.48828125
0,-0.10986328125,-0.40283203125,0.1708984375,-0.25634765625,-0.64697265625,-0.29296875,0.20751953125,0,0.1953125,-0.1708984375,0,-0.9765625,-0.23193359375,0.93994140625,-0.47607421875,-0.3662109375,-0.13427734375,-1.11083984375,-0.048828125,-0.62255859375,-0.048828125,0.45166015625,-0.1953125,-1.30615234375,0.15869140625,-0.146484375,0.06103515625,-0.79345703125,0.10986328125,0.91552734375,0.4150390625,0.244140625,-0.1220703125,-0.0244140625,0.3173828125,-0.84228515625,-0.09765625,-0.4638671875,0.37841796875,-0.7568359375,0.15869140625,-0.146484375,-0.29296875,-0.6591796875,-0.2197265625,-0.40283203125,-0.1220703125,0.59814453125,-0.13427734375,1.171875,0.35400390625,0.48828125,-0.439453125,-0.10986328125,-0.2197265625,0.76904296875,-0.28076171875,1.1962890625,0.25634765625,0.4638671875,0.52490234375,0.52490234375,0.01220703125,0.15869140625,0.37841796875,0.18310546875,-0.18310546875,1.06201171875,-0.13427734375,0.23193359375,-0.01220703125,0.1708984375,-0.048828125,0.3662109375,-0.13427734375,0.89111328125,-0.06103515625,0.08544921875,-0.1220703125,1.3671875,-0.0244140625,-0.927734375,0.06103515625,-0.30517578125,-0.01220703125,-1.0009765625,0.1953125,-0.76904296875,0.06103515625,-1.513671875,-0.18310546875,-0.1953125,-0.0732421875,-0.3173828125,-0.20751953125,-1.18408203125,0.10986328125,-0.45166015625,0.1220703125,-0.18310546875,-0.25634765625,-0.72021484375,0.146484375,0.35400390625,0.03662109375,-0.79345703125,-0.29296875,-1.46484375,-0.146484375,-1.03759765625,-0.06103515625,0.4638671875,0.08544921875,0.23193359375,0.18310546875,-0.13427734375,-0.06103515625,-0.146484375,0.0732421875,-0.0244140625,-0.146484375,-0.06103515625,-0.048828125,0.84228515625,0.0244140625,-0.45166015625,-0.15869140625,-0.48828125
0,-0.13427734375,-0.40283203125,0.15869140625,-0.25634765625,-0.67138671875,-0.3173828125,0.20751953125,0.03662109375,0.1953125,-0.15869140625,-0.01220703125,-0.98876953125,-0.2197265625,0.9521484375,-0.30517578125,-0.3662109375,-0.13427734375,-1.08642578125,-0.15869140625,-0.59814453125,0.01220703125,0.4638671875,-0.45166015625,-1.318359375,0.244140625,-0.15869140625,0.048828125,-0.79345703125,0.10986328125,0.927734375,0.439453125,0.25634765625,-0.341796875,0.08544921875,0.30517578125,-0.8544921875,-0.01220703125,-0.4638671875,0.4150390625,-0.74462890625,0.15869140625,-0.146484375,-0.20751953125,-0.64697265625,-0.13427734375,-0.40283203125,-0.0732421875,0.6103515625,-0.146484375,1.123046875,0.32958984375,0.48828125,-0.35400390625,-0.09765625,-0.23193359375,0.76904296875,-0.20751953125,1.220703125,0.2685546875,0.45166015625,0.50048828125,0.52490234375,0.01220703125,0.146484375,0.30517578125,0.1708984375,-0.2197265625,1.06201171875,-0.18310546875,0.23193359375,-0.03662109375,0.18310546875,-0.06103515625,0.35400390625,-0.10986328125,0.91552734375,-0.01220703125,0.08544921875,-0.15869140625,1.35498046875,-0.048828125,-0.9033203125,0.10986328125,-0.32958984375,-0.048828125,-1.0009765625,0.25634765625,-0.78125,0.0732421875,-1.513671875,-0.18310546875,-0.20751953125,0.09765625,-0.29296875,-0.25634765625,-1.171875,0.1953125,-0.42724609375,0.13427734375,-0.1708984375,-0.28076171875,-0.64697265625,0.08544921875,0.37841796875,0.09765625,-0.78125,-0.28076171875,-1.4404296875,-0.146484375,-1.0498046875,-0.03662109375,0.439453125,0.08544921875,0.23193359375,0.18310546875,-0.13427734375,-0.06103515625,-0.146484375,0.06103515625,0,-0.146484375,-0.048828125,-0.06103515625,0.86669921875,0.03662109375,-0.45166015625,-0.15869140625,-0.48828125
0,-0.13427734375,-0.4150390625,0.146484375,-0.244140625,-0.64697265625,-0.32958984375,0.15869140625,0.0732421875,0.20751953125,-0.146484375,0,-0.9765625,-0.20751953125,0.9521484375,-0.25634765625,-0.3662109375,-0.18310546875,-1.08642578125,-0.20751953125,-0.5859375,0.0244140625,0.47607421875,-0.7080078125,-1.3427734375,0.29296875,-0.18310546875,0.048828125,-0.7568359375,0.09765625,0.9033203125,0.4150390625,0.25634765625,-0.45166015625,0.20751953125,0.28076171875,-0.84228515625,0.06103515625,-0.4638671875,0.439453125,-0.7080078125,0.13427734375,-0.18310546875,-0.15869140625,-0.64697265625,-0.08544921875,-0.40283203125,0.01220703125,0.634765625,-0.146484375,1.13525390625,0.30517578125,0.47607421875,-0.30517578125,-0.08544921875,-0.1953125,0.74462890625,-0.1708984375,1.23291015625,0.2685546875,0.439453125,0.439453125,0.54931640625,0.06103515625,0.146484375,0.25634765625,0.1708984375,-0.2685546875,1.0498046875,-0.1953125,0.244140625,-0.03662109375,0.18310546875,-0.1220703125,0.37841796875,-0.08544921875,0.9521484375,0.01220703125,0.06103515625,-0.13427734375,1.3427734375,0.01220703125,-0.89111328125,0.15869140625,-0.341796875,-0.08544921875,-1.01318359375,0.2685546875,-0.78125,0.08544921875,-1.52587890625,-0.146484375,-0.1953125,0.29296875,-0.2685546875,-0.30517578125,-1.171875,0.25634765625,-0.40283203125,0.18310546875,-0.15869140625,-0.20751953125,-0.5859375,0.01220703125,0.3662109375,0.10986328125,-0.74462890625,-0.20751953125,-1.4404296875,-0.146484375,-1.0498046875,-0.08544921875,0.42724609375,0.0732421875,0.2197265625,0.1953125,-0.146484375,-0.06103515625,-0.15869140625,0.048828125,0,-0.1220703125,-0.01220703125,-0.0732421875,0.8544921875,0.03662109375,-0.4638671875,-0.146484375,-0.50048828125
0,-0.15869140625,-0.40283203125,0.146484375,-0.244140625,-0.67138671875,-0.390625,0.1708984375,0.048828125,0.1953125,-0.146484375,-0.01220703125,-0.9765625,-0.18310546875,0.9521484375,-0.20751953125,-0.390625,-0.244140625,-1.123046875,-0.23193359375,-0.59814453125,0,0.4638671875,-0.9033203125,-1.3671875,0.32958984375,-0.1953125,0.06103515625,-0.79345703125,0.08544921875,0.89111328125,0.390625,0.23193359375,-0.42724609375,0.30517578125,0.2685546875,-0.8544921875,0.13427734375,-0.48828125,0.439453125,-0.7080078125,0.146484375,-0.18310546875,-0.13427734375,-0.6591796875,0,-0.40283203125,0.09765625,0.634765625,-0.13427734375,1.13525390625,0.30517578125,0.47607421875,-0.25634765625,-0.08544921875,-0.1708984375,0.74462890625,-0.13427734375,1.23291015625,0.2685546875,0.4638671875,0.3662109375,0.52490234375,0.18310546875,0.10986328125,0.1708984375,0.1708984375,-0.25634765625,1.07421875,-0.23193359375,0.25634765625,-0.01220703125,0.1953125,-0.18310546875,0.35400390625,-0.03662109375,0.927734375,0.048828125,0.048828125,-0.09765625,1.3427734375,0.048828125,-0.89111328125,0.20751953125,-0.35400390625,-0.09765625,-1.025390625,0.244140625,-0.78125,0.10986328125,-1.55029296875,-0.1220703125,-0.20751953125,0.4150390625,-0.2685546875,-0.29296875,-1.15966796875,0.1708984375,-0.40283203125,0.13427734375,-0.1953125,-0.244140625,-0.5859375,-0.20751953125,0.341796875,0.10986328125,-0.732421875,-0.1220703125,-1.4404296875,-0.15869140625,-1.03759765625,-0.18310546875,0.4150390625,0.0732421875,0.20751953125,0.1953125,-0.1220703125,-0.0732421875,-0.15869140625,0.06103515625,-0.01220703125,-0.1220703125,0.0244140625,-0.0732421875,0.84228515625,0.048828125,-0.45166015625,-0.146484375,-0.50048828125
0,-0.20751953125,-0.4150390625,0.146484375,-0.25634765625,-0.59814453125,-0.4150390625,0.15869140625,0.0244140625,0.2197265625,-0.1220703125,-0.0244140625,-0.96435546875,-0.1708984375,0.96435546875,-0.146484375,-0.37841796875,-0.30517578125,-1.13525390625,-0.1953125,-0.62255859375,-0.08544921875,0.439453125,-0.89111328125,-1.33056640625,0.30517578125,-0.1953125,0.0732421875,-0.8056640625,0.03662109375,0.87890625,0.341796875,0.244140625,-0.20751953125,0.35400390625,0.1953125,-0.8544921875,0.146484375,-0.47607421875,0.4150390625,-0.7080078125,0.1708984375,-0.20751953125,-0.18310546875,-0.64697265625,0.03662109375,-0.390625,0.13427734375,0.62255859375,-0.13427734375,1.123046875,0.341796875,0.4638671875,-0.18310546875,-0.1220703125,-0.146484375,0.732421875,-0.15869140625,1.220703125,0.2685546875,0.45166015625,0.341796875,0.57373046875,0.29296875,0.10986328125,0.10986328125,0.2197265625,-0.28076171875,1.0498046875,-0.2685546875,0.29296875,0.0244140625,0.20751953125,-0.2197265625,0.35400390625,0.03662109375,0.91552734375,0.0732421875,0.06103515625,-0.048828125,1.3427734375,0.08544921875,-0.89111328125,0.2197265625,-0.3662109375,-0.13427734375,-1.03759765625,0.18310546875,-0.79345703125,0.09765625,-1.5625,-0.06103515625,-0.20751953125,0.40283203125,-0.25634765625,-0.2197265625,-1.18408203125,0.146484375,-0.42724609375,0.15869140625,-0.28076171875,-0.1953125,-0.64697265625,-0.28076171875,0.28076171875,0.08544921875,-0.7080078125,0.01220703125,-1.42822265625,-0.146484375,-1.06201171875,-0.28076171875,0.40283203125,0.048828125,0.2197265625,0.20751953125,-0.1220703125,-0.06103515625,-0.15869140625,0.0244140625,-0.01220703125,-0.1220703125,0.048828125,-0.08544921875,0.84228515625,0.08544921875,-0.47607421875,-0.15869140625,-0.48828125
1,-0.23193359375,-0.390625,0.1220703125,-0.25634765625,-0.634765625,-0.439453125,0.18310546875,0.03662109375,0.20751953125,-0.1220703125,-0.01220703125,-0.9521484375,-0.18310546875,0.9765625,-0.1953125,-0.40283203125,-0.37841796875,-1.13525390625,-0.1220703125,-0.62255859375,-0.20751953125,0.4638671875,-0.72021484375,-1.30615234375,0.244140625,-0.1708984375,0.0732421875,-0.8056640625,0.0244140625,0.87890625,0.244140625,0.244140625,0.01220703125,0.40283203125,0.18310546875,-0.8544921875,0.146484375,-0.4638671875,0.40283203125,-0.72021484375,0.18310546875,-0.20751953125,-0.244140625,-0.64697265625,0.06103515625,-0.390625,0.1708984375,0.634765625,-0.18310546875,1.15966796875,0.37841796875,0.439453125,-0.146484375,-0.10986328125,-0.09765625,0.72021484375,-0.18310546875,1.18408203125,0.25634765625,0.4638671875,0.341796875,0.54931640625,0.3662109375,0.09765625,0.0732421875,0.20751953125,-0.30517578125,1.03759765625,-0.3173828125,0.2685546875,0.06103515625,0.20751953125,-0.29296875,0.35400390625,0.048828125,0.927734375,0.06103515625,0.0732421875,0.0244140625,1.33056640625,0.0732421875,-0.927734375,0.2197265625,-0.341796875,-0.10986328125,-1.01318359375,0.048828125,-0.78125,0.08544921875,-1.57470703125,0,-0.20751953125,0.3662109375,-0.2685546875,-0.08544921875,-1.171875,0.03662109375,-0.47607421875,0.1953125,-0.390625,-0.06103515625,-0.732421875,-0.3173828125,0.18310546875,0.06103515625,-0.69580078125,0.10986328125,-1.45263671875,-0.13427734375,-1.06201171875,-0.3662109375,0.390625,0.048828125,0.20751953125,0.23193359375,-0.1220703125,-0.06103515625,-0.1708984375,0.0244140625,0,-0.146484375,0.0732421875,-0.09765625,0.830078125,0.09765625,-0.4638671875,-0.146484375,-0.5126953125
1,-0.244140625,-0.3662109375,0.1220703125,-0.28076171875,-0.62255859375,-0.439453125,0.1708984375,0.048828125,0.20751953125,-0.146484375,-0.0244140625,-0.9765625,-0.2197265625,0.9521484375,-0.23193359375,-0.4150390625,-0.40283203125,-1.11083984375,-0.048828125,-0.64697265625,-0.32958984375,0.4638671875,-0.47607421875,-1.26953125,0.1220703125,-0.15869140625,0.048828125,-0.81787109375,0,0.89111328125,0.13427734375,0.23193359375,0.2197265625,0.4150390625,0.20751953125,-0.8544921875,0.08544921875,-0.47607421875,0.3662109375,-0.7568359375,0.18310546875,-0.23193359375,-0.32958984375,-0.64697265625,0.08544921875,-0.37841796875,0.1708984375,0.62255859375,-0.1708984375,1.1962890625,0.35400390625,0.45166015625,-0.0732421875,-0.146484375,-0.048828125,0.72021484375,-0.1953125,1.13525390625,0.28076171875,0.45166015625,0.3173828125,0.54931640625,0.40283203125,0.0732421875,0.0244140625,0.23193359375,-0.28076171875,1.025390625,-0.3662109375,0.29296875,0.06103515625,0.2197265625,-0.30517578125,0.35400390625,0.0732421875,0.927734375,0.0732421875,0.0732421875,0.09765625,1.3427734375,0.0244140625,-0.927734375,0.20751953125,-0.35400390625,-0.13427734375,-0.9765625,-0.10986328125,-0.74462890625,0.08544921875,-1.55029296875,0.0732421875,-0.23193359375,0.20751953125,-0.28076171875,0.0732421875,-1.15966796875,-0.08544921875,-0.57373046875,0.10986328125,-0.52490234375,-0.09765625,-0.86669921875,-0.390625,0.0732421875,0.06103515625,-0.7080078125,0.1708984375,-1.46484375,-0.10986328125,-1.06201171875,-0.390625,0.37841796875,0.0244140625,0.1953125,0.25634765625,-0.09765625,-0.0732421875,-0.18310546875,0.01220703125,-0.01220703125,-0.15869140625,0.03662109375,-0.08544921875,0.8056640625,0.08544921875,-0.47607421875,-0.13427734375,-0.5126953125
1,-0.28076171875,-0.3662109375,0.10986328125,-0.28076171875,-0.59814453125,-0.4150390625,0.1953125,0.0244140625,0.2197265625,-0.15869140625,-0.03662109375,-0.9765625,-0.244140625,0.9521484375,-0.35400390625,-0.4150390625,-0.37841796875,-1.11083984375,0.03662109375,-0.634765625,-0.35400390625,0.47607421875,-0.20751953125,-1.26953125,0.01220703125,-0.1220703125,0.048828125,-0.830078125,-0.0732421875,0.9033203125,0,0.2197265625,0.29296875,0.35400390625,0.18310546875,-0.8544921875,0,-0.45166015625,0.3173828125,-0.7568359375,0.1220703125,-0.20751953125,-0.42724609375,-0.62255859375,0.10986328125,-0.390625,0.1220703125,0.62255859375,-0.15869140625,1.20849609375,0.30517578125,0.4638671875,0,-0.1708984375,0.01220703125,0.732421875,-0.29296875,1.0986328125,0.29296875,0.48828125,0.30517578125,0.54931640625,0.3662109375,0.06103515625,0.01220703125,0.25634765625,-0.3173828125,1.03759765625,-0.35400390625,0.25634765625,0.06103515625,0.2197265625,-0.3173828125,0.35400390625,0.048828125,0.927734375,0.09765625,0.09765625,0.146484375,1.35498046875,-0.0244140625,-0.93994140625,0.1953125,-0.35400390625,-0.1708984375,-0.96435546875,-0.23193359375,-0.7568359375,0.09765625,-1.55029296875,0.15869140625,-0.244140625,0.1220703125,-0.29296875,0.23193359375,-1.18408203125,-0.08544921875,-0.6591796875,0.1220703125,-0.62255859375,-0.03662109375,-0.96435546875,-0.2685546875,-0.0244140625,0.08544921875,-0.69580078125,0.13427734375,-1.46484375,-0.0732421875,-1.07421875,-0.42724609375,0.390625,0.0244140625,0.1953125,0.244140625,-0.10986328125,-0.0732421875,-0.18310546875,-0.0244140625,-0.0244140625,-0.18310546875,0.0244140625,-0.0732421875,0.79345703125,0.08544921875,-0.48828125,-0.13427734375,-0.5126953125
1,-0.2685546875,-0.35400390625,0.1220703125,-0.29296875,-0.59814453125,-0.390625,0.2197265625,0.0244140625,0.244140625,-0.1708984375,-0.03662109375,-0.96435546875,-0.25634765625,0.93994140625,-0.45166015625,-0.4150390625,-0.32958984375,-1.11083984375,0.06103515625,-0.634765625,-0.3173828125,0.47607421875,-0.048828125,-1.2451171875,-0.08544921875,-0.13427734375,0.03662109375,-0.81787109375,-0.15869140625,0.91552734375,-0.09765625,0.2197265625,0.29296875,0.28076171875,0.2197265625,-0.84228515625,-0.10986328125,-0.42724609375,0.32958984375,-0.76904296875,0.03662109375,-0.20751953125,-0.48828125,-0.634765625,0.08544921875,-0.390625,0.09765625,0.62255859375,-0.13427734375,1.20849609375,0.244140625,0.4638671875,0.048828125,-0.1708984375,0.01220703125,0.74462890625,-0.35400390625,1.0498046875,0.30517578125,0.4638671875,0.32958984375,0.52490234375,0.28076171875,0.08544921875,-0.03662109375,0.28076171875,-0.2685546875,1.0498046875,-0.341796875,0.244140625,0.0244140625,0.2197265625,-0.32958984375,0.3662109375,0.09765625,0.9033203125,0.08544921875,0.10986328125,0.18310546875,1.35498046875,-0.0732421875,-0.9521484375,0.13427734375,-0.341796875,-0.20751953125,-0.96435546875,-0.30517578125,-0.732421875,0.0732421875,-1.5380859375,0.20751953125,-0.25634765625,0.01220703125,-0.28076171875,0.341796875,-1.171875,-0.0732421875,-0.7568359375,0.048828125,-0.69580078125,-0.06103515625,-1.0009765625,-0.1953125,-0.08544921875,0.1220703125,-0.732421875,0.0732421875,-1.4404296875,-0.0732421875,-1.07421875,-0.4150390625,0.390625,0,0.20751953125,0.23193359375,-0.10986328125,-0.048828125,-0.15869140625,-0.03662109375,-0.0244140625,-0.20751953125,-0.01220703125,-0.0732421875,0.78125,0.048828125,-0.4638671875,-0.10986328125,-0.5126953125
1,-0.29296875,-0.35400390625,0.09765625,-0.28076171875,-0.5859375,-0.3662109375,0.20751953125,0.0244140625,0.23193359375,-0.15869140625,-0.0244140625,-0.9765625,-0.25634765625,0.93994140625,-0.47607421875,-0.390625,-0.244140625,-1.07421875,0.08544921875,-0.64697265625,-0.1953125,0.47607421875,0.0244140625,-1.2451171875,-0.146484375,-0.1220703125,-0.0244140625,-0.8056640625,-0.25634765625,0.927734375,-0.1708984375,0.20751953125,0.2685546875,0.13427734375,0.25634765625,-0.84228515625,-0.2197265625,-0.4150390625,0.37841796875,-0.78125,-0.10986328125,-0.1953125,-0.48828125,-0.634765625,0.03662109375,-0.37841796875,0.03662109375,0.64697265625,-0.10986328125,1.20849609375,0.20751953125,0.47607421875,0.03662109375,-0.18310546875,0,0.76904296875,-0.4638671875,1.01318359375,0.341796875,0.4638671875,0.32958984375,0.52490234375,0.20751953125,0.09765625,-0.09765625,0.29296875,-0.23193359375,1.08642578125,-0.32958984375,0.2197265625,-0.01220703125,0.20751953125,-0.29296875,0.390625,0.1220703125,0.87890625,0.0732421875,0.08544921875,0.18310546875,1.35498046875,-0.146484375,-0.9765625,0.09765625,-0.3173828125,-0.2685546875,-0.96435546875,-0.3173828125,-0.74462890625,0.08544921875,-1.55029296875,0.2197265625,-0.28076171875,-0.03662109375,-0.30517578125,0.3662109375,-1.18408203125,-0.0244140625,-0.76904296875,-0.03662109375,-0.7080078125,-0.09765625,-0.98876953125,-0.10986328125,-0.09765625,0.15869140625,-0.72021484375,-0.03662109375,-1.45263671875,-0.09765625,-1.06201171875,-0.3662109375,0.40283203125,0,0.2197265625,0.244140625,-0.1220703125,-0.0732421875,-0.1708984375,-0.0244140625,-0.01220703125,-0.20751953125,-0.048828125,-0.0732421875,0.8056640625,0.0244140625,-0.4638671875,-0.13427734375,-0.537109375
1,-0.30517578125,-0.37841796875,0.0732421875,-0.28076171875,-0.5615234375,-0.341796875,0.2197265625,0.0244140625,0.25634765625,-0.1708984375,-0.03662109375,-0.98876953125,-0.25634765625,0.927734375,-0.537109375,-0.35400390625,-0.13427734375,-1.07421875,0.048828125,-0.634765625,-0.06103515625,0.48828125,-0.048828125,-1.25732421875,-0.13427734375,-0.15869140625,-0.10986328125,-0.8056640625,-0.30517578125,0.93994140625,-0.15869140625,0.244140625,0.146484375,-0.0244140625,0.29296875,-0.81787109375,-0.30517578125,-0.42724609375,0.341796875,-0.78125,-0.244140625,-0.18310546875,-0.40283203125,-0.62255859375,-0.0244140625,-0.37841796875,-0.0244140625,0.64697265625,-0.08544921875,1.18408203125,0.13427734375,0.5126953125,0.03662109375,-0.18310546875,-0.0732421875,0.78125,-0.54931640625,0.98876953125,0.35400390625,0.4638671875,0.341796875,0.50048828125,0.1953125,0.1220703125,-0.146484375,0.30517578125,-0.23193359375,1.07421875,-0.29296875,0.1953125,-0.06103515625,0.23193359375,-0.23193359375,0.3662109375,0.18310546875,0.89111328125,0.08544921875,0.0732421875,0.20751953125,1.3671875,-0.1953125,-0.9765625,0.048828125,-0.30517578125,-0.3173828125,-0.96435546875,-0.29296875,-0.74462890625,0.0732421875,-1.513671875,0.1708984375,-0.2685546875,-0.048828125,-0.341796875,0.28076171875,-1.20849609375,-0.01220703125,-0.74462890625,-0.146484375,-0.6591796875,-0.1708984375,-0.89111328125,-0.0732421875,-0.048828125,0.1953125,-0.72021484375,-0.146484375,-1.46484375,-0.146484375,-1.06201171875,-0.3173828125,0.40283203125,0,0.2197265625,0.2197265625,-0.13427734375,-0.06103515625,-0.1708984375,-0.0244140625,-0.01220703125,-0.20751953125,-0.06103515625,-0.0732421875,0.830078125,-0.01220703125,-0.48828125,-0.10986328125,-0.52490234375
1,-0.3173828125,-0.37841796875,0.048828125,-0.2685546875,-0.52490234375,-0.32958984375,0.2197265625,0.01220703125,0.244140625,-0.1708984375,-0.048828125,-0.9765625,-0.25634765625,0.9033203125,-0.67138671875,-0.35400390625,-0.03662109375,-1.07421875,0.03662109375,-0.62255859375,0.1220703125,0.4638671875,-0.1708984375,-1.28173828125,-0.1220703125,-0.1708984375,-0.1708984375,-0.79345703125,-0.30517578125,0.927734375,-0.048828125,0.23193359375,0.03662109375,-0.2197265625,0.3662109375,-0.8544921875,-0.341796875,-0.439453125,0.341796875,-0.76904296875,-0.341796875,-0.15869140625,-0.3173828125,-0.634765625,-0.13427734375,-0.37841796875,-0.08544921875,0.634765625,-0.06103515625,1.18408203125,0.10986328125,0.52490234375,0,-0.1953125,-0.10986328125,0.79345703125,-0.54931640625,0.96435546875,0.35400390625,0.4638671875,0.25634765625,0.5126953125,0.18310546875,0.13427734375,-0.18310546875,0.30517578125,-0.146484375,1.08642578125,-0.23193359375,0.18310546875,-0.09765625,0.244140625,-0.1708984375,0.341796875,0.2197265625,0.86669921875,0.08544921875,0.03662109375,0.1953125,1.3671875,-0.25634765625,-0.9765625,0.01220703125,-0.3173828125,-0.3662109375,-1.0009765625,-0.18310546875,-0.74462890625,0.0732421875,-1.5380859375,0.09765625,-0.2685546875,-0.03662109375,-0.32958984375,0.10986328125,-1.220703125,0.0732421875,-0.67138671875,-0.15869140625,-0.54931640625,-0.18310546875,-0.78125,0.08544921875,0.09765625,0.1708984375,-0.7568359375,-0.25634765625,-1.47705078125,-0.20751953125,-1.06201171875,-0.20751953125,0.40283203125,0.0244140625,0.23193359375,0.2197265625,-0.146484375,-0.0732421875,-0.1708984375,-0.01220703125,-0.01220703125,-0.1953125,-0.0732421875,-0.08544921875,0.830078125,-0.01220703125,-0.48828125,-0.10986328125,-0.52490234375
1,-0.32958984375,-0.40283203125,0.03662109375,-0.2685546875,-0.52490234375,-0.30517578125,0.244140625,0.0244140625,0.244140625,-0.1708984375,-0.048828125,-0.98876953125,-0.25634765625,0.91552734375,-0.76904296875,-0.40283203125,0.048828125,-1.0986328125,-0.03662109375,-0.6103515625,0.28076171875,0.45166015625,-0.28076171875,-1.2939453125,-0.09765625,-0.20751953125,-0.23193359375,-0.79345703125,-0.2685546875,0.89111328125,0.048828125,0.2197265625,-0.1220703125,-0.3662109375,0.40283203125,-0.84228515625,-0.29296875,-0.439453125,0.3173828125,-0.76904296875,-0.390625,-0.146484375,-0.244140625,-0.64697265625,-0.2685546875,-0.40283203125,-0.146484375,0.6591796875,-0.048828125,1.171875,0.08544921875,0.52490234375,-0.06103515625,-0.15869140625,-0.1220703125,0.8056640625,-0.54931640625,0.9521484375,0.35400390625,0.4638671875,0.20751953125,0.50048828125,0.20751953125,0.1220703125,-0.146484375,0.3173828125,-0.048828125,1.08642578125,-0.1708984375,0.1953125,-0.15869140625,0.23193359375,-0.10986328125,0.30517578125,0.2197265625,0.830078125,0.06103515625,0.048828125,0.146484375,1.3671875,-0.25634765625,-0.96435546875,-0.01220703125,-0.29296875,-0.341796875,-1.0009765625,-0.048828125,-0.7568359375,0.08544921875,-1.5380859375,0.01220703125,-0.2685546875,0.048828125,-0.32958984375,-0.08544921875,-1.23291015625,0.06103515625,-0.537109375,-0.1953125,-0.37841796875,-0.10986328125,-0.59814453125,0.15869140625,0.25634765625,0.15869140625,-0.732421875,-0.29296875,-1.4404296875,-0.23193359375,-1.06201171875,-0.09765625,0.439453125,0.0244140625,0.244140625,0.20751953125,-0.1708984375,-0.048828125,-0.1708984375,-0.0244140625,0.01220703125,-0.15869140625,-0.06103515625,-0.09765625,0.84228515625,-0.01220703125,-0.47607421875,-0.08544921875,-0.52490234375
1,-0.32958984375,-0.37841796875,0.01220703125,-0.2685546875,-0.48828125,-0.28076171875,0.2197265625,0.01220703125,0.2685546875,-0.13427734375,-0.0244140625,-0.98876953125,-0.25634765625,0.927734375,-0.81787109375,-0.40283203125,0.10986328125,-1.0986328125,-0.0732421875,-0.62255859375,0.32958984375,0.439453125,-0.390625,-1.2939453125,-0.048828125,-0.2197265625,-0.2197265625,-0.79345703125,-0.23193359375,0.89111328125,0.10986328125,0.23193359375,-0.20751953125,-0.4638671875,0.341796875,-0.84228515625,-0.244140625,-0.42724609375,0.3173828125,-0.7568359375,-0.37841796875,-0.13427734375,-0.18310546875,-0.634765625,-0.341796875,-0.4150390625,-0.1953125,0.64697265625,0.01220703125,1.15966796875,0.09765625,0.5126953125,-0.10986328125,-0.15869140625,-0.1708984375,0.76904296875,-0.50048828125,0.9521484375,0.35400390625,0.4638671875,0.1708984375,0.5126953125,0.18310546875,0.10986328125,-0.08544921875,0.28076171875,0,1.08642578125,-0.146484375,0.18310546875,-0.1708984375,0.23193359375,-0.09765625,0.25634765625,0.2197265625,0.8544921875,0.0244140625,0.048828125,0.10986328125,1.3427734375,-0.25634765625,-0.96435546875,-0.0244140625,-0.3173828125,-0.2685546875,-1.01318359375,0.06103515625,-0.76904296875,0.13427734375,-1.5380859375,-0.048828125,-0.2685546875,0.0732421875,-0.32958984375,-0.2685546875,-1.23291015625,0.06103515625,-0.37841796875,-0.146484375,-0.1953125,-0.03662109375,-0.45166015625,0.2197265625,0.439453125,0.03662109375,-0.74462890625,-0.32958984375,-1.4404296875,-0.1708984375,-1.0498046875,-0.0244140625,0.4150390625,0.03662109375,0.23193359375,0.1953125,-0.1708984375,-0.06103515625,-0.18310546875,-0.03662109375,0,-0.15869140625,-0.03662109375,-0.06103515625,0.84228515625,0,-0.48828125,-0.06103515625,-0.54931640625
1,-0.32958984375,-0.390625,0.01220703125,-0.29296875,-0.439453125,-0.25634765625,0.20751953125,-0.01220703125,0.244140625,-0.146484375,-0.0244140625,-1.0009765625,-0.244140625,0.9521484375,-0.8056640625,-0.42724609375,0.10986328125,-1.11083984375,-0.09765625,-0.6103515625,0.30517578125,0.439453125,-0.50048828125,-1.33056640625,-0.03662109375,-0.23193359375,-0.18310546875,-0.78125,-0.1708984375,0.86669921875,0.15869140625,0.244140625,-0.244140625,-0.537109375,0.244140625,-0.8544921875,-0.13427734375,-0.4150390625,0.341796875,-0.732421875,-0.23193359375,-0.1220703125,-0.1953125,-0.64697265625,-0.390625,-0.40283203125,-0.2197265625,0.6591796875,0.048828125,1.1474609375,0.08544921875,0.50048828125,-0.15869140625,-0.18310546875,-0.1708984375,0.76904296875,-0.439453125,0.927734375,0.37841796875,0.4638671875,0.10986328125,0.52490234375,0.13427734375,0.09765625,-0.03662109375,0.28076171875,0.08544921875,1.07421875,-0.1220703125,0.1953125,-0.1953125,0.244140625,-0.0732421875,0.23193359375,0.23193359375,0.8544921875,-0.01220703125,0.01220703125,0.048828125,1.35498046875,-0.25634765625,-0.9521484375,-0.01220703125,-0.30517578125,-0.1708984375,-1.025390625,0.10986328125,-0.76904296875,0.18310546875,-1.55029296875,-0.048828125,-0.25634765625,0.08544921875,-0.341796875,-0.37841796875,-1.2451171875,0.06103515625,-0.244140625,-0.09765625,-0.0244140625,-0.06103515625,-0.341796875,0.1953125,0.57373046875,-0.08544921875,-0.74462890625,-0.28076171875,-1.4404296875,-0.1220703125,-1.03759765625,-0.0244140625,0.4150390625,0.048828125,0.23193359375,0.20751953125,-0.146484375,-0.0732421875,-0.18310546875,-0.03662109375,0.01220703125,-0.146484375,-0.01220703125,-0.08544921875,0.84228515625,0.03662109375,-0.5126953125,-0.08544921875,-0.537109375
1,-0.341796875,-0.390625,-0.01220703125,-0.30517578125,-0.3662109375,-0.23193359375,0.1708984375,0,0.25634765625,-0.1220703125,-0.03662109375,-0.98876953125,-0.20751953125,0.9521484375,-0.8056640625,-0.42724609375,0.048828125,-1.11083984375,-0.146484375,-0.6103515625,0.20751953125,0.42724609375,-0.52490234375,-1.30615234375,-0.01220703125,-0.2197265625,-0.1220703125,-0.78125,-0.0732421875,0.81787109375,0.146484375,0.2197265625,-0.18310546875,-0.54931640625,0.13427734375,-0.830078125,-0.01220703125,-0.4150390625,0.32958984375,-0.69580078125,-0.09765625,-0.1220703125,-0.15869140625,-0.62255859375,-0.40283203125,-0.42724609375,-0.23193359375,0.6591796875,0.01220703125,1.171875,0.06103515625,0.50048828125,-0.20751953125,-0.18310546875,-0.1220703125,0.7568359375,-0.37841796875,0.91552734375,0.37841796875,0.4638671875,0.0244140625,0.537109375,0.09765625,0.09765625,0.08544921875,0.29296875,0.10986328125,1.0498046875,-0.08544921875,0.20751953125,-0.15869140625,0.244140625,0.03662109375,0.20751953125,0.244140625,0.86669921875,-0.06103515625,0.01220703125,0.0244140625,1.35498046875,-0.2197265625,-0.93994140625,0,-0.3173828125,-0.048828125,-1.025390625,0.10986328125,-0.78125,0.1220703125,-1.5380859375,-0.048828125,-0.244140625,0.048828125,-0.3173828125,-0.3662109375,-1.2451171875,0.048828125,-0.13427734375,-0.03662109375,0.09765625,-0.048828125,-0.3173828125,0.048828125,0.69580078125,-0.1708984375,-0.732421875,-0.1953125,-1.45263671875,-0.0732421875,-1.03759765625,-0.06103515625,0.42724609375,0.048828125,0.2197265625,0.1953125,-0.146484375,-0.0732421875,-0.15869140625,-0.06103515625,-0.01220703125,-0.13427734375,0,-0.08544921875,0.8544921875,0.048828125,-0.5126953125,-0.06103515625,-0.52490234375
1,-0.32958984375,-0.37841796875,-0.048828125,-0.29296875,-0.390625,-0.23193359375,0.18310546875,0.01220703125,0.25634765625,-0.13427734375,-0.048828125,-0.98876953125,-0.1953125,0.96435546875,-0.72021484375,-0.4150390625,-0.03662109375,-1.0986328125,-0.146484375,-0.62255859375,0.0244140625,0.42724609375,-0.54931640625,-1.30615234375,-0.01220703125,-0.2197265625,-0.03662109375,-0.8056640625,0,0.8056640625,0.13427734375,0.2197265625,-0.08544921875,-0.52490234375,0.0244140625,-0.84228515625,0.10986328125,-0.37841796875,0.32958984375,-0.69580078125,0.048828125,-0.13427734375,-0.18310546875,-0.634765625,-0.35400390625,-0.4150390625,-0.2197265625,0.6591796875,-0.0732421875,1.1474609375,0.13427734375,0.48828125,-0.2685546875,-0.1708984375,-0.18310546875,0.74462890625,-0.28076171875,0.89111328125,0.35400390625,0.4638671875,-0.06103515625,0.537109375,0.01220703125,0.08544921875,0.13427734375,0.28076171875,0.1708984375,1.06201171875,-0.0732421875,0.20751953125,-0.08544921875,0.23193359375,0.09765625,0.1953125,0.23193359375,0.87890625,-0.09765625,0.01220703125,0,1.3427734375,-0.15869140625,-0.9521484375,0.03662109375,-0.30517578125,0.03662109375,-1.01318359375,0.06103515625,-0.76904296875,0.0244140625,-1.5380859375,-0.01220703125,-0.23193359375,-0.08544921875,-0.30517578125,-0.25634765625,-1.2451171875,0.09765625,-0.10986328125,0.0732421875,0.15869140625,0.01220703125,-0.32958984375,-0.0244140625,0.732421875,-0.23193359375,-0.732421875,-0.08544921875,-1.45263671875,-0.0732421875,-1.025390625,-0.15869140625,0.4150390625,0.03662109375,0.23193359375,0.1708984375,-0.10986328125,-0.048828125,-0.146484375,-0.03662109375,0,-0.146484375,0,-0.08544921875,0.830078125,0.06103515625,-0.537109375,-0.0732421875,-0.537109375
1,-0.35400390625,-0.341796875,-0.06103515625,-0.29296875,-0.32958984375,-0.1953125,0.146484375,0,0.2685546875,-0.146484375,-0.0244140625,-0.9765625,-0.1708984375,0.96435546875,-0.634765625,-0.4150390625,-0.10986328125,-1.11083984375,-0.1708984375,-0.634765625,-0.1708984375,0.4150390625,-0.52490234375,-1.26953125,-0.03662109375,-0.18310546875,0.048828125,-0.8056640625,0.06103515625,0.81787109375,0.13427734375,0.2197265625,0.0732421875,-0.4638671875,-0.048828125,-0.8544921875,0.15869140625,-0.40283203125,0.37841796875,-0.7080078125,0.20751953125,-0.1708984375,-0.18310546875,-0.62255859375,-0.28076171875,-0.439453125,-0.18310546875,0.6591796875,-0.1708984375,1.1962890625,0.1953125,0.45166015625,-0.35400390625,-0.18310546875,-0.23193359375,0.74462890625,-0.2197265625,0.9033203125,0.40283203125,0.47607421875,-0.08544921875,0.54931640625,-0.0244140625,0.08544921875,0.13427734375,0.28076171875,0.244140625,1.03759765625,-0.06103515625,0.18310546875,-0.03662109375,0.2197265625,0.1953125,0.18310546875,0.15869140625,0.89111328125,-0.18310546875,0.01220703125,-0.01220703125,1.3427734375,-0.1220703125,-0.93994140625,0.09765625,-0.32958984375,0.09765625,-1.01318359375,0.03662109375,-0.76904296875,-0.048828125,-1.513671875,0.03662109375,-0.2197265625,-0.244140625,-0.30517578125,-0.10986328125,-1.23291015625,0.13427734375,-0.1708984375,0.08544921875,0.13427734375,0.0244140625,-0.439453125,-0.13427734375,0.7080078125,-0.20751953125,-0.72021484375,-0.0244140625,-1.42822265625,-0.08544921875,-1.01318359375,-0.2685546875,0.4150390625,0.0732421875,0.23193359375,0.15869140625,-0.1220703125,-0.0732421875,-0.1708984375,-0.048828125,0.01220703125,-0.1220703125,0.01220703125,-0.06103515625,0.830078125,0.08544921875,-0.52490234375,-0.06103515625,-0.50048828125
1,-0.35400390625,-0.35400390625,-0.0732421875,-0.29296875,-0.28076171875,-0.15869140625,0.146484375,0.0244140625,0.2685546875,-0.15869140625,-0.048828125,-0.96435546875,-0.18310546875,0.9765625,-0.54931640625,-0.390625,-0.18310546875,-1.0986328125,-0.1953125,-0.634765625,-0.35400390625,0.42724609375,-0.52490234375,-1.25732421875,-0.06103515625,-0.15869140625,0.146484375,-0.830078125,0.0732421875,0.86669921875,0.13427734375,0.2197265625,0.0732421875,-0.35400390625,-0.06103515625,-0.8544921875,0.2197265625,-0.4150390625,0.439453125,-0.74462890625,0.341796875,-0.2197265625,-0.1953125,-0.6103515625,-0.1953125,-0.439453125,-0.146484375,0.64697265625,-0.29296875,1.1962890625,0.20751953125,0.4638671875,-0.3662109375,-0.15869140625,-0.29296875,0.74462890625,-0.1708984375,0.89111328125,0.390625,0.47607421875,-0.1708984375,0.537109375,-0.03662109375,0.09765625,0.1708984375,0.2685546875,0.3173828125,1.025390625,-0.048828125,0.15869140625,0.01220703125,0.2197265625,0.25634765625,0.18310546875,0.13427734375,0.91552734375,-0.2197265625,0.0244140625,0,1.33056640625,-0.06103515625,-0.96435546875,0.1953125,-0.3173828125,0.13427734375,-0.98876953125,0.01220703125,-0.7568359375,-0.1220703125,-1.513671875,0.03662109375,-0.20751953125,-0.3662109375,-0.3173828125,0.09765625,-1.220703125,0.13427734375,-0.25634765625,0.0732421875,0.03662109375,-0.03662109375,-0.54931640625,-0.18310546875,0.5859375,-0.15869140625,-0.74462890625,0.01220703125,-1.42822265625,-0.1220703125,-1.025390625,-0.32958984375,0.4150390625,0.08544921875,0.25634765625,0.18310546875,-0.10986328125,-0.0732421875,-0.10986328125,-0.03662109375,-0.01220703125,-0.10986328125,-0.0244140625,-0.06103515625,0.84228515625,0.09765625,-0.50048828125,-0.08544921875,-0.5126953125
0,-0.35400390625,-0.3662109375,-0.08544921875,-0.29296875,-0.25634765625,-0.146484375,0.1220703125,0.0244140625,0.25634765625,-0.1708984375,-0.048828125,-0.9521484375,-0.2197265625,0.9521484375,-0.48828125,-0.37841796875,-0.2197265625,-1.11083984375,-0.20751953125,-0.64697265625,-0.45166015625,0.45166015625,-0.52490234375,-1.2451171875,-0.08544921875,-0.146484375,0.1708984375,-0.8056640625,0.0732421875,0.89111328125,0.13427734375,0.20751953125,0.048828125,-0.2685546875,0,-0.8544921875,0.20751953125,-0.45166015625,0.5126953125,-0.7568359375,0.40283203125,-0.23193359375,-0.244140625,-0.62255859375,-0.09765625,-0.4150390625,-0.15869140625,0.634765625,-0.35400390625,1.18408203125,0.18310546875,0.45166015625,-0.42724609375,-0.1708984375,-0.341796875,0.76904296875,-0.15869140625,0.84228515625,0.45166015625,0.4638671875,-0.244140625,0.52490234375,0,0.09765625,0.2197265625,0.2685546875,0.37841796875,1.03759765625,-0.048828125,0.146484375,0,0.20751953125,0.28076171875,0.1953125,0.0732421875,0.927734375,-0.2685546875,0.0244140625,0.01220703125,1.33056640625,-0.0244140625,-0.96435546875,0.244140625,-0.32958984375,0.06103515625,-0.9765625,0,-0.7568359375,-0.1708984375,-1.50146484375,0.0732421875,-0.18310546875,-0.40283203125,-0.30517578125,0.2197265625,-1.23291015625,0.1220703125,-0.390625,-0.01220703125,-0.09765625,-0.03662109375,-0.67138671875,-0.1953125,0.45166015625,-0.048828125,-0.7080078125,0.048828125,-1.45263671875,-0.1220703125,-1.025390625,-0.35400390625,0.4150390625,0.0732421875,0.25634765625,0.1708984375,-0.1220703125,-0.06103515625,-0.09765625,-0.03662109375,0.0244140625,-0.10986328125,-0.01220703125,-0.0244140625,0.830078125,0.09765625,-0.50048828125,-0.10986328125,-0.52490234375
0,-0.3662109375,-0.35400390625,-0.08544921875,-0.29296875,-0.2197265625,-0.10986328125,0.09765625,0.03662109375,0.244140625,-0.1708984375,-0.01220703125,-0.9521484375,-0.2197265625,0.93994140625,-0.40283203125,-0.37841796875,-0.244140625,-1.0986328125,-0.20751953125,-0.634765625,-0.4638671875,0.4638671875,-0.5126953125,-1.23291015625,-0.10986328125,-0.09765625,0.15869140625,-0.81787109375,0.03662109375,0.927734375,0.09765625,0.2197265625,-0.1220703125,-0.2197265625,0.08544921875,-0.8544921875,0.15869140625,-0.47607421875,0.57373046875,-0.76904296875,0.4150390625,-0.25634765625,-0.20751953125,-0.6103515625,-0.0244140625,-0.390625,-0.1220703125,0.64697265625,-0.40283203125,1.171875,0.1220703125,0.47607421875,-0.439453125,-0.146484375,-0.30517578125,0.78125,-0.1953125,0.8056640625,0.5126953125,0.47607421875,-0.244140625,0.50048828125,0.0732421875,0.1220703125,0.25634765625,0.25634765625,0.3662109375,1.025390625,-0.048828125,0.13427734375,0.03662109375,0.23193359375,0.37841796875,0.1953125,-0.01220703125,0.927734375,-0.3173828125,0.0244140625,0.0244140625,1.318359375,0,-0.93994140625,0.30517578125,-0.30517578125,-0.048828125,-0.96435546875,-0.01220703125,-0.76904296875,-0.1708984375,-1.4892578125,0.0732421875,-0.18310546875,-0.3173828125,-0.30517578125,0.28076171875,-1.220703125,0.0732421875,-0.537109375,-0.09765625,-0.23193359375,0.0244140625,-0.72021484375,-0.1708984375,0.32958984375,0.06103515625,-0.72021484375,0.08544921875,-1.4404296875,-0.1220703125,-1.03759765625,-0.3662109375,0.4150390625,0.08544921875,0.28076171875,0.1708984375,-0.1220703125,-0.0732421875,-0.09765625,-0.0244140625,0.0244140625,-0.08544921875,-0.03662109375,0,0.84228515625,0.08544921875,-0.47607421875,-0.09765625,-0.52490234375
0,-0.3662109375,-0.35400390625,-0.10986328125,-0.30517578125,-0.2197265625,-0.1220703125,0.09765625,0.0244140625,0.20751953125,-0.15869140625,-0.0244140625,-0.96435546875,-0.244140625,0.9521484375,-0.2685546875,-0.37841796875,-0.20751953125,-1.11083984375,-0.18310546875,-0.62255859375,-0.37841796875,0.50048828125,-0.537109375,-1.2451171875,-0.0732421875,-0.09765625,0.146484375,-0.81787109375,-0.0244140625,0.9521484375,0.06103515625,0.20751953125,-0.2685546875,-0.146484375,0.23193359375,-0.86669921875,0.09765625,-0.47607421875,0.57373046875,-0.78125,0.3662109375,-0.25634765625,-0.18310546875,-0.6103515625,0.048828125,-0.37841796875,-0.08544921875,0.634765625,-0.37841796875,1.171875,0.1220703125,0.50048828125,-0.45166015625,-0.15869140625,-0.29296875,0.79345703125,-0.2197265625,0.74462890625,0.5859375,0.45166015625,-0.20751953125,0.50048828125,0.146484375,0.13427734375,0.3173828125,0.25634765625,0.3662109375,1.0498046875,-0.06103515625,0.13427734375,-0.01220703125,0.2197265625,0.37841796875,0.244140625,-0.0732421875,0.927734375,-0.35400390625,0.03662109375,0.06103515625,1.3427734375,0.01220703125,-0.93994140625,0.341796875,-0.32958984375,-0.1708984375,-0.9765625,0.0244140625,-0.76904296875,-0.13427734375,-1.47705078125,0.09765625,-0.1953125,-0.15869140625,-0.32958984375,0.23193359375,-1.20849609375,0.03662109375,-0.6103515625,-0.15869140625,-0.341796875,0.0732421875,-0.64697265625,-0.09765625,0.244140625,0.1953125,-0.7080078125,0.048828125,-1.4404296875,-0.1220703125,-1.025390625,-0.35400390625,0.439453125,0.09765625,0.25634765625,0.146484375,-0.15869140625,-0.06103515625,-0.06103515625,-0.03662109375,0.01220703125,-0.10986328125,-0.048828125,-0.01220703125,0.87890625,0.0732421875,-0.439453125,-0.1220703125,-0.5126953125
0,-0.40283203125,-0.3662109375,-0.10986328125,-0.29296875,-0.1708984375,-0.146484375,0.09765625,0,0.1708984375,-0.15869140625,-0.01220703125,-0.96435546875,-0.25634765625,0.93994140625,-0.15869140625,-0.37841796875,-0.13427734375,-1.11083984375,-0.13427734375,-0.62255859375,-0.1953125,0.47607421875,-0.54931640625,-1.25732421875,-0.06103515625,-0.1220703125,0.0732421875,-0.8056640625,-0.0732421875,0.9521484375,-0.01220703125,0.2197265625,-0.341796875,-0.1708984375,0.3662109375,-0.86669921875,0,-0.47607421875,0.57373046875,-0.78125,0.29296875,-0.2197265625,-0.13427734375,-0.5859375,0.06103515625,-0.35400390625,-0.03662109375,0.6591796875,-0.32958984375,1.18408203125,0.1220703125,0.5126953125,-0.439453125,-0.1220703125,-0.25634765625,0.78125,-0.3173828125,0.68359375,0.634765625,0.45166015625,-0.20751953125,0.47607421875,0.2197265625,0.146484375,0.30517578125,0.23193359375,0.30517578125,1.0498046875,-0.10986328125,0.146484375,-0.0244140625,0.244140625,0.35400390625,0.28076171875,-0.13427734375,0.91552734375,-0.3662109375,0.03662109375,0.09765625,1.3671875,0.03662109375,-0.927734375,0.32958984375,-0.341796875,-0.2685546875,-0.98876953125,0.03662109375,-0.7568359375,-0.08544921875,-1.4892578125,0.048828125,-0.18310546875,0,-0.32958984375,0.09765625,-1.1962890625,-0.0244140625,-0.57373046875,-0.2197265625,-0.3173828125,0.1220703125,-0.439453125,-0.048828125,0.23193359375,0.28076171875,-0.74462890625,0.048828125,-1.42822265625,-0.1708984375,-1.06201171875,-0.35400390625,0.42724609375,0.1220703125,0.25634765625,0.10986328125,-0.18310546875,-0.0732421875,-0.0732421875,-0.01220703125,0,-0.08544921875,-0.03662109375,-0.0244140625,0.89111328125,0.06103515625,-0.439453125,-0.146484375,-0.5126953125
0,-0.40283203125,-0.3662109375,-0.146484375,-0.30517578125,-0.09765625,-0.18310546875,0.09765625,0.01220703125,0.146484375,-0.15869140625,-0.01220703125,-0.96435546875,-0.2685546875,0.93994140625,-0.08544921875,-0.3662109375,-0.03662109375,-1.123046875,-0.09765625,-0.6103515625,-0.0244140625,0.50048828125,-0.537109375,-1.28173828125,-0.03662109375,-0.13427734375,0.01220703125,-0.81787109375,-0.15869140625,0.93994140625,-0.06103515625,0.23193359375,-0.3662109375,-0.1953125,0.47607421875,-0.84228515625,-0.06103515625,-0.47607421875,0.48828125,-0.76904296875,0.1708984375,-0.2197265625,-0.08544921875,-0.57373046875,0.01220703125,-0.341796875,0,0.6591796875,-0.29296875,1.18408203125,0.0732421875,0.5126953125,-0.4638671875,-0.15869140625,-0.18310546875,0.79345703125,-0.390625,0.6591796875,0.634765625,0.45166015625,-0.146484375,0.47607421875,0.2685546875,0.146484375,0.30517578125,0.244140625,0.244140625,1.06201171875,-0.13427734375,0.146484375,-0.048828125,0.244140625,0.3662109375,0.2685546875,-0.1220703125,0.89111328125,-0.3662109375,0.0244140625,0.10986328125,1.3671875,0.048828125,-0.927734375,0.3173828125,-0.341796875,-0.3173828125,-0.98876953125,0.01220703125,-0.78125,-0.03662109375,-1.52587890625,-0.01220703125,-0.1953125,0.15869140625,-0.29296875,0,-1.171875,0,-0.390625,-0.20751953125,-0.20751953125,0.13427734375,-0.048828125,0.06103515625,0.3662109375,0.341796875,-0.7568359375,0.0732421875,-1.45263671875,-0.20751953125,-1.07421875,-0.35400390625,0.4150390625,0.1220703125,0.25634765625,0.0732421875,-0.18310546875,-0.0732421875,-0.08544921875,0.01220703125,0,-0.06103515625,-0.03662109375,-0.03662109375,0.91552734375,0.0732421875,-0.439453125,-0.146484375,-0.50048828125
0,-0.40283203125,-0.390625,-0.15869140625,-0.29296875,-0.0732421875,-0.2197265625,0.0732421875,0.0244140625,0.1220703125,-0.146484375,-0.03662109375,-0.9765625,-0.30517578125,0.93994140625,-0.06103515625,-0.37841796875,0.048828125,-1.13525390625,0.01220703125,-0.62255859375,0.1220703125,0.48828125,-0.537109375,-1.2939453125,-0.0244140625,-0.1953125,-0.06103515625,-0.8056640625,-0.20751953125,0.927734375,-0.10986328125,0.2197265625,-0.2685546875,-0.244140625,0.537109375,-0.830078125,-0.10986328125,-0.45166015625,0.4150390625,-0.76904296875,0.01220703125,-0.1708984375,-0.10986328125,-0.5859375,-0.03662109375,-0.35400390625,-0.01220703125,0.64697265625,-0.25634765625,1.18408203125,0.0244140625,0.50048828125,-0.439453125,-0.13427734375,-0.146484375,0.78125,-0.47607421875,0.634765625,0.6103515625,0.42724609375,-0.10986328125,0.47607421875,0.32958984375,0.146484375,0.29296875,0.244140625,0.18310546875,1.07421875,-0.18310546875,0.18310546875,-0.10986328125,0.244140625,0.3173828125,0.30517578125,-0.1220703125,0.89111328125,-0.3173828125,0,0.1220703125,1.3671875,0.03662109375,-0.927734375,0.2685546875,-0.32958984375,-0.37841796875,-1.0009765625,-0.0244140625,-0.7568359375,0.0244140625,-1.50146484375,-0.048828125,-0.2197265625,0.2197265625,-0.30517578125,-0.0732421875,-1.171875,-0.048828125,-0.0244140625,-0.18310546875,0.06103515625,0.15869140625,0.48828125,0.10986328125,0.62255859375,0.3173828125,-0.732421875,0.03662109375,-1.45263671875,-0.20751953125,-1.0498046875,-0.32958984375,0.4150390625,0.10986328125,0.244140625,0.0732421875,-0.1708984375,-0.0732421875,-0.0732421875,0.03662109375,0,-0.048828125,0,-0.0244140625,0.9521484375,0.0732421875,-0.45166015625,-0.15869140625,-0.50048828125
0,-0.4150390625,-0.390625,-0.18310546875,-0.28076171875,-0.06103515625,-0.2685546875,0.06103515625,0.01220703125,0.09765625,-0.13427734375,-0.03662109375,-0.98876953125,-0.341796875,0.927734375,-0.06103515625,-0.35400390625,0.09765625,-1.1474609375,0.09765625,-0.634765625,0.25634765625,0.47607421875,-0.52490234375,-1.28173828125,-0.0244140625,-0.2197265625,-0.09765625,-0.79345703125,-0.244140625,0.87890625,-0.15869140625,0.23193359375,-0.10986328125,-0.3173828125,0.537109375,-0.830078125,-0.15869140625,-0.45166015625,0.29296875,-0.732421875,-0.13427734375,-0.15869140625,-0.10986328125,-0.57373046875,-0.15869140625,-0.35400390625,-0.048828125,0.67138671875,-0.1953125,1.18408203125,-0.01220703125,0.5126953125,-0.4150390625,-0.15869140625,-0.15869140625,0.76904296875,-0.537109375,0.62255859375,0.57373046875,0.45166015625,-0.01220703125,0.50048828125,0.32958984375,0.146484375,0.2685546875,0.23193359375,0.08544921875,1.07421875,-0.2197265625,0.2197265625,-0.20751953125,0.244140625,0.2685546875,0.3173828125,-0.10986328125,0.84228515625,-0.2685546875,0.01220703125,0.1220703125,1.3671875,0.03662109375,-0.91552734375,0.18310546875,-0.341796875,-0.3173828125,-0.9765625,-0.08544921875,-0.76904296875,0.10986328125,-1.52587890625,-0.09765625,-0.23193359375,0.244140625,-0.30517578125,-0.1220703125,-1.18408203125,-0.048828125,0.4638671875,-0.08544921875,0.48828125,0.25634765625,1.171875,0.244140625,1.01318359375,0.20751953125,-0.72021484375,0.01220703125,-1.46484375,-0.146484375,-1.03759765625,-0.2685546875,0.4150390625,0.10986328125,0.2685546875,0.03662109375,-0.15869140625,-0.048828125,-0.08544921875,0.03662109375,-0.01220703125,-0.048828125,0.01220703125,-0.03662109375,0.93994140625,0.0732421875,-0.4638671875,-0.146484375,-0.47607421875
0,-0.4150390625,-0.37841796875,-0.1953125,-0.2685546875,-0.03662109375,-0.341796875,0.03662109375,0.01220703125,0.10986328125,-0.146484375,-0.03662109375,-0.98876953125,-0.37841796875,0.93994140625,-0.08544921875,-0.32958984375,0.15869140625,-1.123046875,0.18310546875,-0.62255859375,0.29296875,0.45166015625,-0.4638671875,-1.28173828125,-0.03662109375,-0.23193359375,-0.13427734375,-0.78125,-0.23193359375,0.84228515625,-0.1953125,0.23193359375,0,-0.35400390625,0.50048828125,-0.84228515625,-0.1708984375,-0.45166015625,0.18310546875,-0.72021484375,-0.20751953125,-0.1708984375,-0.20751953125,-0.57373046875,-0.2685546875,-0.341796875,-0.10986328125,0.64697265625,-0.146484375,1.18408203125,-0.0732421875,0.48828125,-0.3662109375,-0.1708984375,-0.15869140625,0.74462890625,-0.537109375,0.64697265625,0.52490234375,0.439453125,0.09765625,0.5126953125,0.37841796875,0.10986328125,0.1953125,0.25634765625,0.01220703125,1.07421875,-0.25634765625,0.23193359375,-0.2685546875,0.244140625,0.20751953125,0.30517578125,-0.08544921875,0.830078125,-0.23193359375,0,0.0732421875,1.35498046875,0.03662109375,-0.91552734375,0.10986328125,-0.341796875,-0.1953125,-1.0009765625,-0.13427734375,-0.76904296875,0.1708984375,-1.5380859375,-0.09765625,-0.244140625,0.13427734375,-0.29296875,-0.08544921875,-1.171875,-0.048828125,1.07421875,0.03662109375,1.025390625,0.25634765625,1.91650390625,0.3173828125,1.52587890625,0.0732421875,-0.7080078125,-0.0244140625,-1.45263671875,-0.048828125,-1.0498046875,-0.2685546875,0.40283203125,0.09765625,0.23193359375,0.03662109375,-0.13427734375,-0.06103515625,-0.10986328125,0.01220703125,-0.01220703125,-0.06103515625,0.03662109375,-0.048828125,0.91552734375,0.09765625,-0.48828125,-0.13427734375,-0.47607421875
0,-0.42724609375,-0.390625,-0.1953125,-0.2685546875,0,-0.37841796875,0.03662109375,0.0244140625,0.08544921875,-0.146484375,-0.048828125,-0.9765625,-0.3662109375,0.9521484375,-0.0732421875,-0.35400390625,0.20751953125,-1.123046875,0.28076171875,-0.62255859375,0.2685546875,0.45166015625,-0.35400390625,-1.28173828125,-0.08544921875,-0.23193359375,-0.09765625,-0.78125,-0.18310546875,0.8056640625,-0.1953125,0.2197265625,0.10986328125,-0.40283203125,0.439453125,-0.8544921875,-0.1953125,-0.4638671875,0.1220703125,-0.7080078125,-0.2197265625,-0.1953125,-0.3173828125,-0.57373046875,-0.341796875,-0.35400390625,-0.20751953125,0.6591796875,-0.10986328125,1.18408203125,-0.13427734375,0.47607421875,-0.28076171875,-0.18310546875,-0.1953125,0.74462890625,-0.5126953125,0.69580078125,0.48828125,0.47607421875,0.1708984375,0.52490234375,0.42724609375,0.09765625,0.10986328125,0.23193359375,-0.0732421875,1.08642578125,-0.3173828125,0.2197265625,-0.341796875,0.2197265625,0.10986328125,0.30517578125,-0.0732421875,0.84228515625,-0.15869140625,-0.0244140625,0.03662109375,1.35498046875,0,-0.927734375,0.048828125,-0.341796875,-0.0732421875,-1.0009765625,-0.1708984375,-0.7568359375,0.1708984375,-1.55029296875,-0.06103515625,-0.25634765625,0,-0.2685546875,-0.03662109375,-1.171875,-0.08544921875,1.72119140625,0.13427734375,1.5869140625,0.244140625,2.72216796875,0.32958984375,2.08740234375,-0.06103515625,-0.7080078125,-0.09765625,-1.45263671875,0,-1.03759765625,-0.244140625,0.390625,0.048828125,0.2197265625,0.01220703125,-0.10986328125,-0.048828125,-0.10986328125,-0.01220703125,-0.01220703125,-0.0732421875,0.03662109375,-0.06103515625,0.87890625,0.08544921875,-0.47607421875,-0.146484375,-0.47607421875
0,-0.4150390625,-0.341796875,-0.1953125,-0.28076171875,0.048828125,-0.4150390625,0.03662109375,0.0244140625,0.09765625,-0.15869140625,-0.06103515625,-0.9765625,-0.341796875,0.9521484375,-0.06103515625,-0.3662109375,0.2197265625,-1.123046875,0.29296875,-0.6591796875,0.18310546875,0.42724609375,-0.20751953125,-1.23291015625,-0.1220703125,-0.23193359375,-0.06103515625,-0.8056640625,-0.1220703125,0.78125,-0.1953125,0.23193359375,0.23193359375,-0.4150390625,0.32958984375,-0.84228515625,-0.1708984375,-0.48828125,0.01220703125,-0.72021484375,-0.1220703125,-0.20751953125,-0.35400390625,-0.5859375,-0.3662109375,-0.3662109375,-0.244140625,0.634765625,-0.13427734375,1.171875,-0.23193359375,0.4638671875,-0.25634765625,-0.18310546875,-0.20751953125,0.74462890625,-0.390625,0.7568359375,0.439453125,0.4638671875,0.25634765625,0.52490234375,0.48828125,0.09765625,0.048828125,0.23193359375,-0.1220703125,1.06201171875,-0.3662109375,0.2197265625,-0.390625,0.1953125,0.048828125,0.25634765625,-0.048828125,0.830078125,-0.15869140625,0,0.0244140625,1.3671875,0,-0.93994140625,-0.0244140625,-0.341796875,0.048828125,-1.01318359375,-0.18310546875,-0.76904296875,0.13427734375,-1.5625,-0.0244140625,-0.28076171875,-0.15869140625,-0.2685546875,0.03662109375,-1.171875,-0.08544921875,2.392578125,0.20751953125,2.1728515625,0.28076171875,3.5400390625,0.2685546875,2.67333984375,-0.1708984375,-0.7080078125,-0.13427734375,-1.45263671875,0,-1.025390625,-0.2685546875,0.390625,0.0244140625,0.2197265625,0.01220703125,-0.09765625,-0.08544921875,-0.1220703125,-0.0244140625,-0.0244140625,-0.0732421875,0.0244140625,-0.06103515625,0.81787109375,0.09765625,-0.5126953125,-0.13427734375,-0.50048828125
0,-0.439453125,-0.30517578125,-0.20751953125,-0.29296875,0.06103515625,-0.439453125,0.03662109375,0.01220703125,0.10986328125,-0.15869140625,-0.0732421875,-0.9765625,-0.3173828125,0.96435546875,-0.08544921875,-0.37841796875,0.2685546875,-1.11083984375,0.25634765625,-0.6591796875,0.0732421875,0.42724609375,-0.03662109375,-1.220703125,-0.146484375,-0.1953125,0,-0.8056640625,-0.048828125,0.8056640625,-0.10986328125,0.23193359375,0.25634765625,-0.40283203125,0.2197265625,-0.8544921875,-0.15869140625,-0.47607421875,0.0244140625,-0.732421875,-0.03662109375,-0.23193359375,-0.37841796875,-0.59814453125,-0.390625,-0.37841796875,-0.29296875,0.634765625,-0.18310546875,1.15966796875,-0.2197265625,0.4638671875,-0.244140625,-0.15869140625,-0.1708984375,0.732421875,-0.30517578125,0.8056640625,0.37841796875,0.47607421875,0.3662109375,0.54931640625,0.50048828125,0.09765625,-0.01220703125,0.23193359375,-0.1708984375,1.07421875,-0.40283203125,0.2197265625,-0.4150390625,0.1708984375,0,0.2685546875,-0.03662109375,0.86669921875,-0.146484375,0,0,1.33056640625,-0.01220703125,-0.93994140625,-0.03662109375,-0.35400390625,0.08544921875,-0.98876953125,-0.146484375,-0.7568359375,0.03662109375,-1.57470703125,-0.01220703125,-0.2685546875,-0.3173828125,-0.29296875,0.06103515625,-1.1962890625,-0.03662109375,3.0029296875,0.20751953125,2.7099609375,0.244140625,4.296875,0.23193359375,3.1982421875,-0.1708984375,-0.72021484375,-0.1953125,-1.45263671875,-0.0244140625,-1.03759765625,-0.29296875,0.37841796875,0.01220703125,0.2197265625,-0.01220703125,-0.08544921875,-0.06103515625,-0.146484375,-0.048828125,-0.0244140625,-0.08544921875,0.03662109375,-0.06103515625,0.78125,0.09765625,-0.50048828125,-0.13427734375,-0.50048828125
0,-0.4150390625,-0.28076171875,-0.23193359375,-0.29296875,0.08544921875,-0.4150390625,0.01220703125,0.01220703125,0.10986328125,-0.15869140625,-0.0732421875,-0.96435546875,-0.30517578125,0.9521484375,-0.0732421875,-0.3662109375,0.28076171875,-1.08642578125,0.18310546875,-0.64697265625,-0.03662109375,0.45166015625,0.0732421875,-1.20849609375,-0.146484375,-0.146484375,0.0244140625,-0.76904296875,0.03662109375,0.8544921875,-0.06103515625,0.25634765625,0.25634765625,-0.390625,0.15869140625,-0.8544921875,-0.10986328125,-0.48828125,0.03662109375,-0.72021484375,0.048828125,-0.244140625,-0.40283203125,-0.59814453125,-0.390625,-0.40283203125,-0.32958984375,0.6103515625,-0.2197265625,1.1474609375,-0.1953125,0.45166015625,-0.244140625,-0.13427734375,-0.13427734375,0.74462890625,-0.244140625,0.89111328125,0.35400390625,0.4638671875,0.390625,0.537109375,0.50048828125,0.08544921875,-0.0732421875,0.23193359375,-0.1953125,1.03759765625,-0.439453125,0.2197265625,-0.390625,0.15869140625,-0.06103515625,0.25634765625,0.03662109375,0.8544921875,-0.13427734375,0.01220703125,0.048828125,1.318359375,-0.0732421875,-0.9521484375,-0.048828125,-0.341796875,0.09765625,-0.9765625,-0.06103515625,-0.74462890625,-0.01220703125,-1.55029296875,-0.048828125,-0.2685546875,-0.390625,-0.30517578125,0.01220703125,-1.20849609375,0.048828125,3.515625,0.2197265625,3.18603515625,0.10986328125,4.96826171875,0.18310546875,3.6865234375,-0.13427734375,-0.7080078125,-0.23193359375,-1.4404296875,-0.0732421875,-1.025390625,-0.29296875,0.40283203125,-0.01220703125,0.20751953125,-0.0244140625,-0.09765625,-0.06103515625,-0.146484375,-0.06103515625,-0.03662109375,-0.0732421875,0.0244140625,-0.0732421875,0.79345703125,0.10986328125,-0.48828125,-0.09765625,-0.50048828125
0,-0.4150390625,-0.2197265625,-0.2685546875,-0.29296875,0.10986328125,-0.42724609375,0.01220703125,0.01220703125,0.1220703125,-0.13427734375,-0.048828125,-0.96435546875,-0.28076171875,0.9521484375,-0.10986328125,-0.37841796875,0.2685546875,-1.11083984375,0.048828125,-0.62255859375,-0.10986328125,0.4638671875,0.146484375,-1.220703125,-0.146484375,-0.15869140625,0.06103515625,-0.78125,0.10986328125,0.9033203125,0.01220703125,0.244140625,0.13427734375,-0.32958984375,0.10986328125,-0.8544921875,-0.0732421875,-0.47607421875,0.06103515625,-0.732421875,0.10986328125,-0.25634765625,-0.3173828125,-0.5859375,-0.37841796875,-0.40283203125,-0.341796875,0.6103515625,-0.1953125,1.1474609375,-0.23193359375,0.47607421875,-0.25634765625,-0.13427734375,-0.06103515625,0.78125,-0.1708984375,0.98876953125,0.3662109375,0.47607421875,0.37841796875,0.54931640625,0.48828125,0.10986328125,-0.15869140625,0.20751953125,-0.23193359375,1.0498046875,-0.47607421875,0.18310546875,-0.37841796875,0.146484375,-0.1220703125,0.244140625,0.09765625,0.8544921875,-0.1220703125,0.03662109375,0.10986328125,1.318359375,-0.08544921875,-0.96435546875,-0.03662109375,-0.35400390625,0.06103515625,-0.9765625,0.0732421875,-0.76904296875,-0.06103515625,-1.55029296875,-0.08544921875,-0.25634765625,-0.341796875,-0.3173828125,-0.06103515625,-1.220703125,0.15869140625,3.8818359375,0.146484375,3.5888671875,0.0244140625,5.4931640625,0.146484375,4.06494140625,-0.048828125,-0.72021484375,-0.244140625,-1.42822265625,-0.09765625,-1.025390625,-0.28076171875,0.390625,0,0.2197265625,-0.06103515625,-0.10986328125,-0.06103515625,-0.13427734375,-0.06103515625,-0.03662109375,-0.10986328125,0.01220703125,-0.0732421875,0.7568359375,0.08544921875,-0.47607421875,-0.06103515625,-0.50048828125
0,-0.40283203125,-0.18310546875,-0.2685546875,-0.29296875,0.146484375,-0.390625,-0.03662109375,0.03662109375,0.10986328125,-0.146484375,-0.048828125,-0.9521484375,-0.23193359375,0.93994140625,-0.06103515625,-0.35400390625,0.244140625,-1.0986328125,-0.08544921875,-0.6103515625,-0.10986328125,0.4638671875,0.09765625,-1.220703125,-0.13427734375,-0.13427734375,0.09765625,-0.78125,0.15869140625,0.927734375,0.10986328125,0.2197265625,-0.06103515625,-0.29296875,0.09765625,-0.830078125,-0.01220703125,-0.45166015625,0.13427734375,-0.74462890625,0.1708984375,-0.244140625,-0.2197265625,-0.59814453125,-0.390625,-0.40283203125,-0.32958984375,0.62255859375,-0.18310546875,1.11083984375,-0.23193359375,0.48828125,-0.2685546875,-0.09765625,0.03662109375,0.79345703125,-0.146484375,1.07421875,0.37841796875,0.4638671875,0.37841796875,0.537109375,0.537109375,0.10986328125,-0.1953125,0.2197265625,-0.23193359375,1.03759765625,-0.48828125,0.18310546875,-0.35400390625,0.1708984375,-0.146484375,0.25634765625,0.13427734375,0.89111328125,-0.1220703125,0.048828125,0.1708984375,1.318359375,-0.13427734375,-0.96435546875,0.0244140625,-0.341796875,0.048828125,-0.93994140625,0.1708984375,-0.76904296875,-0.06103515625,-1.513671875,-0.146484375,-0.28076171875,-0.2197265625,-0.30517578125,-0.146484375,-1.2451171875,0.23193359375,4.1015625,0.09765625,3.84521484375,0,5.908203125,0.10986328125,4.345703125,0.048828125,-0.7080078125,-0.2685546875,-1.416015625,-0.10986328125,-1.01318359375,-0.2685546875,0.42724609375,0,0.2197265625,-0.09765625,-0.10986328125,-0.06103515625,-0.1953125,-0.048828125,-0.03662109375,-0.09765625,-0.01220703125,-0.06103515625,0.74462890625,0.0732421875,-0.47607421875,-0.01220703125,-0.5126953125
1,-0.439453125,-0.15869140625,-0.2685546875,-0.30517578125,0.244140625,-0.35400390625,-0.06103515625,0.01220703125,0.08544921875,-0.146484375,-0.03662109375,-0.9521484375,-0.1953125,0.93994140625,-0.01220703125,-0.35400390625,0.20751953125,-1.11083984375,-0.23193359375,-0.6103515625,-0.06103515625,0.4638671875,-0.10986328125,-1.23291015625,-0.08544921875,-0.10986328125,0.1220703125,-0.7568359375,0.18310546875,0.9521484375,0.1708984375,0.20751953125,-0.30517578125,-0.244140625,0.0732421875,-0.84228515625,0.06103515625,-0.42724609375,0.1708984375,-0.7568359375,0.20751953125,-0.1953125,-0.10986328125,-0.62255859375,-0.341796875,-0.390625,-0.2685546875,0.62255859375,-0.1708984375,1.11083984375,-0.1953125,0.48828125,-0.2197265625,-0.09765625,0.0732421875,0.78125,-0.15869140625,1.1474609375,0.37841796875,0.439453125,0.32958984375,0.52490234375,0.6103515625,0.1220703125,-0.2197265625,0.20751953125,-0.20751953125,1.03759765625,-0.50048828125,0.18310546875,-0.30517578125,0.18310546875,-0.1953125,0.28076171875,0.15869140625,0.8544921875,-0.09765625,0.048828125,0.2197265625,1.33056640625,-0.10986328125,-0.9765625,0.0732421875,-0.32958984375,0.01220703125,-0.96435546875,0.25634765625,-0.76904296875,-0.03662109375,-1.52587890625,-0.1708984375,-0.25634765625,-0.0244140625,-0.3173828125,-0.23193359375,-1.2451171875,0.25634765625,4.21142578125,0.0732421875,3.99169921875,0.03662109375,6.15234375,0.01220703125,4.4677734375,0.0732421875,-0.69580078125,-0.2685546875,-1.4404296875,-0.06103515625,-1.025390625,-0.25634765625,0.42724609375,-0.01220703125,0.20751953125,-0.1220703125,-0.146484375,-0.0732421875,-0.1953125,-0.06103515625,-0.03662109375,-0.1220703125,-0.0244140625,-0.0732421875,0.7568359375,0.06103515625,-0.47607421875,0.01220703125,-0.52490234375
1,-0.45166015625,-0.146484375,-0.29296875,-0.2685546875,0.20751953125,-0.3173828125,-0.0732421875,0.01220703125,0.03662109375,-0.1220703125,-0.0244140625,-0.9521484375,-0.13427734375,0.927734375,0.048828125,-0.35400390625,0.18310546875,-1.0986328125,-0.28076171875,-0.59814453125,0,0.47607421875,-0.341796875,-1.25732421875,-0.0244140625,-0.13427734375,0.15869140625,-0.76904296875,0.1708984375,0.96435546875,0.23193359375,0.23193359375,-0.4638671875,-0.23193359375,0.048828125,-0.81787109375,0.146484375,-0.439453125,0.23193359375,-0.7568359375,0.20751953125,-0.18310546875,-0.03662109375,-0.634765625,-0.2685546875,-0.390625,-0.1708984375,0.634765625,-0.20751953125,1.11083984375,-0.09765625,0.47607421875,-0.18310546875,-0.08544921875,0.1220703125,0.79345703125,-0.15869140625,1.20849609375,0.3662109375,0.439453125,0.32958984375,0.52490234375,0.69580078125,0.1220703125,-0.25634765625,0.1953125,-0.20751953125,1.03759765625,-0.48828125,0.18310546875,-0.2685546875,0.18310546875,-0.244140625,0.3173828125,0.146484375,0.830078125,-0.09765625,0.06103515625,0.30517578125,1.35498046875,-0.06103515625,-0.96435546875,0.13427734375,-0.341796875,0,-0.9521484375,0.3173828125,-0.76904296875,-0.01220703125,-1.513671875,-0.15869140625,-0.2685546875,0.15869140625,-0.3173828125,-0.2685546875,-1.25732421875,0.25634765625,4.21142578125,0.09765625,4.00390625,0.10986328125,6.31103515625,-0.06103515625,4.4921875,0.10986328125,-0.732421875,-0.18310546875,-1.4404296875,-0.0732421875,-1.01318359375,-0.2685546875,0.45166015625,-0.0244140625,0.1953125,-0.1220703125,-0.146484375,-0.06103515625,-0.1953125,-0.06103515625,-0.0244140625,-0.10986328125,0,-0.09765625,0.7568359375,0.048828125,-0.5126953125,0.03662109375,-0.50048828125
1,-0.4150390625,-0.15869140625,-0.28076171875,-0.29296875,0.2685546875,-0.32958984375,-0.10986328125,0,0.0244140625,-0.10986328125,-0.048828125,-0.96435546875,-0.0732421875,0.91552734375,0.1220703125,-0.35400390625,0.10986328125,-1.0986328125,-0.3173828125,-0.59814453125,0,0.47607421875,-0.5859375,-1.26953125,0.0244140625,-0.15869140625,0.13427734375,-0.78125,0.20751953125,0.9521484375,0.20751953125,0.23193359375,-0.537109375,-0.23193359375,0.048828125,-0.830078125,0.23193359375,-0.42724609375,0.20751953125,-0.74462890625,0.1953125,-0.18310546875,0.03662109375,-0.62255859375,-0.2197265625,-0.390625,-0.06103515625,0.64697265625,-0.2685546875,1.1474609375,0.0244140625,0.47607421875,-0.146484375,-0.10986328125,0.1708984375,0.79345703125,-0.18310546875,1.25732421875,0.35400390625,0.439453125,0.244140625,0.50048828125,0.76904296875,0.10986328125,-0.341796875,0.1953125,-0.1708984375,1.025390625,-0.45166015625,0.2197265625,-0.2685546875,0.20751953125,-0.30517578125,0.3173828125,0.1708984375,0.830078125,-0.08544921875,0.06103515625,0.3662109375,1.35498046875,-0.048828125,-0.9765625,0.1708984375,-0.32958984375,-0.01220703125,-0.96435546875,0.28076171875,-0.78125,-0.0244140625,-1.513671875,-0.146484375,-0.2685546875,0.3173828125,-0.32958984375,-0.28076171875,-1.2451171875,0.146484375,4.1259765625,0.10986328125,3.96728515625,0.0732421875,6.34765625,-0.1953125,4.45556640625,0.08544921875,-0.7568359375,-0.06103515625,-1.45263671875,-0.08544921875,-1.025390625,-0.341796875,0.42724609375,0,0.18310546875,-0.13427734375,-0.15869140625,-0.06103515625,-0.1953125,-0.08544921875,-0.0244140625,-0.09765625,0.01220703125,-0.10986328125,0.76904296875,0.0732421875,-0.5126953125,0.03662109375,-0.5126953125
1,-0.45166015625,-0.18310546875,-0.29296875,-0.30517578125,0.3173828125,-0.32958984375,-0.146484375,-0.01220703125,0,-0.13427734375,-0.0244140625,-0.9765625,-0.06103515625,0.927734375,0.146484375,-0.3662109375,0.0732421875,-1.0986328125,-0.29296875,-0.62255859375,-0.048828125,0.45166015625,-0.7568359375,-1.26953125,0.048828125,-0.1708984375,0.10986328125,-0.76904296875,0.20751953125,0.927734375,0.18310546875,0.2197265625,-0.439453125,-0.25634765625,0.01220703125,-0.84228515625,0.28076171875,-0.42724609375,0.1708984375,-0.74462890625,0.18310546875,-0.146484375,0.048828125,-0.64697265625,-0.1708984375,-0.37841796875,0.048828125,0.634765625,-0.3173828125,1.171875,0.06103515625,0.48828125,-0.1220703125,-0.1220703125,0.20751953125,0.76904296875,-0.2197265625,1.30615234375,0.25634765625,0.42724609375,0.146484375,0.5126953125,0.74462890625,0.10986328125,-0.37841796875,0.18310546875,-0.10986328125,1.025390625,-0.40283203125,0.23193359375,-0.25634765625,0.20751953125,-0.30517578125,0.32958984375,0.18310546875,0.79345703125,-0.06103515625,0.06103515625,0.390625,1.3427734375,0,-0.96435546875,0.20751953125,-0.341796875,-0.0244140625,-0.98876953125,0.2197265625,-0.78125,-0.03662109375,-1.513671875,-0.09765625,-0.2685546875,0.3662109375,-0.32958984375,-0.18310546875,-1.220703125,0.048828125,3.99169921875,0.13427734375,3.86962890625,0.048828125,6.25,-0.30517578125,4.38232421875,0.0244140625,-0.732421875,0.048828125,-1.45263671875,-0.0732421875,-1.025390625,-0.4150390625,0.439453125,0,0.1953125,-0.13427734375,-0.1708984375,-0.0732421875,-0.18310546875,-0.09765625,0,-0.10986328125,0.048828125,-0.10986328125,0.78125,0.08544921875,-0.5126953125,0.0732421875,-0.50048828125
1,-0.4638671875,-0.20751953125,-0.30517578125,-0.32958984375,0.341796875,-0.32958984375,-0.146484375,-0.03662109375,-0.01220703125,-0.13427734375,-0.03662109375,-0.98876953125,-0.048828125,0.93994140625,0.1708984375,-0.390625,-0.01220703125,-1.08642578125,-0.20751953125,-0.634765625,-0.1220703125,0.45166015625,-0.74462890625,-1.25732421875,0.0244140625,-0.18310546875,0.10986328125,-0.76904296875,0.20751953125,0.91552734375,0.13427734375,0.23193359375,-0.25634765625,-0.30517578125,-0.0244140625,-0.830078125,0.28076171875,-0.42724609375,0.146484375,-0.72021484375,0.20751953125,-0.10986328125,-0.0244140625,-0.6591796875,-0.0732421875,-0.37841796875,0.0732421875,0.67138671875,-0.35400390625,1.18408203125,0.08544921875,0.47607421875,-0.09765625,-0.146484375,0.244140625,0.7568359375,-0.28076171875,1.3427734375,0.1708984375,0.439453125,0.0732421875,0.48828125,0.72021484375,0.09765625,-0.341796875,0.1953125,-0.0732421875,1.03759765625,-0.341796875,0.244140625,-0.30517578125,0.23193359375,-0.244140625,0.341796875,0.146484375,0.79345703125,-0.06103515625,0.06103515625,0.4150390625,1.33056640625,0.03662109375,-0.927734375,0.20751953125,-0.32958984375,-0.03662109375,-0.9765625,0.09765625,-0.74462890625,-0.048828125,-1.513671875,-0.0732421875,-0.244140625,0.35400390625,-0.32958984375,-0.048828125,-1.20849609375,-0.0732421875,3.82080078125,0.09765625,3.74755859375,0.08544921875,6.04248046875,-0.32958984375,4.23583984375,0,-0.732421875,0.15869140625,-1.4404296875,-0.06103515625,-1.03759765625,-0.45166015625,0.439453125,-0.01220703125,0.1953125,-0.146484375,-0.1708984375,-0.06103515625,-0.15869140625,-0.08544921875,0.01220703125,-0.1220703125,0.03662109375,-0.10986328125,0.78125,0.10986328125,-0.5126953125,0.06103515625,-0.48828125
1,-0.4638671875,-0.28076171875,-0.3173828125,-0.30517578125,0.37841796875,-0.37841796875,-0.15869140625,-0.06103515625,-0.0244140625,-0.146484375,0,-1.0009765625,-0.0732421875,0.93994140625,0.18310546875,-0.40283203125,-0.048828125,-1.07421875,-0.13427734375,-0.6103515625,-0.25634765625,0.48828125,-0.634765625,-1.26953125,-0.03662109375,-0.1953125,0.0732421875,-0.7568359375,0.23193359375,0.9033203125,0,0.244140625,-0.048828125,-0.341796875,-0.06103515625,-0.84228515625,0.244140625,-0.439453125,0.09765625,-0.72021484375,0.244140625,-0.13427734375,-0.1220703125,-0.6591796875,-0.06103515625,-0.390625,0.048828125,0.6591796875,-0.341796875,1.220703125,0.048828125,0.4638671875,-0.08544921875,-0.18310546875,0.2197265625,0.74462890625,-0.30517578125,1.40380859375,0.10986328125,0.439453125,-0.01220703125,0.47607421875,0.67138671875,0.13427734375,-0.3173828125,0.18310546875,0.0244140625,1.025390625,-0.2685546875,0.2685546875,-0.341796875,0.23193359375,-0.15869140625,0.341796875,0.15869140625,0.79345703125,-0.06103515625,0.03662109375,0.390625,1.33056640625,0.048828125,-0.927734375,0.1708984375,-0.32958984375,-0.06103515625,-0.9765625,-0.06103515625,-0.74462890625,-0.0732421875,-1.50146484375,-0.01220703125,-0.2197265625,0.23193359375,-0.32958984375,0.06103515625,-1.20849609375,-0.13427734375,3.6376953125,0.03662109375,3.57666015625,0.08544921875,5.77392578125,-0.28076171875,4.052734375,-0.01220703125,-0.74462890625,0.18310546875,-1.46484375,-0.0244140625,-1.0498046875,-0.4150390625,0.42724609375,-0.0244140625,0.1953125,-0.146484375,-0.146484375,-0.0732421875,-0.15869140625,-0.10986328125,0.0244140625,-0.10986328125,0.0244140625,-0.09765625,0.76904296875,0.1220703125,-0.48828125,0.048828125,-0.5126953125
1,-0.4638671875,-0.3173828125,-0.30517578125,-0.30517578125,0.390625,-0.390625,-0.15869140625,-0.048828125,-0.048828125,-0.1708984375,0.01220703125,-0.96435546875,-0.09765625,0.9765625,0.13427734375,-0.390625,-0.0244140625,-1.0498046875,-0.048828125,-0.6103515625,-0.37841796875,0.47607421875,-0.37841796875,-1.28173828125,-0.10986328125,-0.2197265625,0.09765625,-0.7568359375,0.1953125,0.8544921875,-0.15869140625,0.20751953125,0.13427734375,-0.37841796875,-0.13427734375,-0.8544921875,0.15869140625,-0.439453125,0.08544921875,-0.7080078125,0.2685546875,-0.1220703125,-0.23193359375,-0.6591796875,-0.048828125,-0.40283203125,0,0.6591796875,-0.32958984375,1.220703125,0,0.45166015625,-0.06103515625,-0.20751953125,0.15869140625,0.74462890625,-0.3173828125,1.3916015625,0.06103515625,0.4638671875,-0.10986328125,0.48828125,0.634765625,0.08544921875,-0.244140625,0.1953125,0.0732421875,1.0498046875,-0.2197265625,0.2685546875,-0.4150390625,0.2197265625,-0.0732421875,0.32958984375,0.13427734375,0.81787109375,-0.06103515625,0.0244140625,0.35400390625,1.33056640625,0.0732421875,-0.9521484375,0.1220703125,-0.32958984375,-0.048828125,-0.98876953125,-0.1953125,-0.74462890625,-0.0244140625,-1.513671875,0.0732421875,-0.20751953125,0.1220703125,-0.341796875,0.244140625,-1.171875,-0.1708984375,3.4423828125,-0.01220703125,3.369140625,0.146484375,5.43212890625,-0.1953125,3.8818359375,0.01220703125,-0.7568359375,0.146484375,-1.46484375,-0.03662109375,-1.06201171875,-0.390625,0.42724609375,-0.03662109375,0.1953125,-0.146484375,-0.13427734375,-0.06103515625,-0.146484375,-0.1220703125,0.0244140625,-0.13427734375,0,-0.08544921875,0.74462890625,0.13427734375,-0.5126953125,0.048828125,-0.52490234375
1,-0.42724609375,-0.3662109375,-0.32958984375,-0.30517578125,0.4150390625,-0.42724609375,-0.1708984375,-0.01220703125,-0.08544921875,-0.1708984375,0,-0.96435546875,-0.10986328125,0.96435546875,0.13427734375,-0.390625,0.0244140625,-1.06201171875,0.03662109375,-0.6103515625,-0.4150390625,0.47607421875,-0.1220703125,-1.26953125,-0.18310546875,-0.20751953125,0.048828125,-0.78125,0.1708984375,0.830078125,-0.341796875,0.20751953125,0.23193359375,-0.37841796875,-0.1220703125,-0.830078125,0.06103515625,-0.439453125,0.03662109375,-0.72021484375,0.23193359375,-0.13427734375,-0.28076171875,-0.634765625,-0.01220703125,-0.40283203125,-0.0732421875,0.634765625,-0.28076171875,1.1962890625,-0.0244140625,0.45166015625,-0.01220703125,-0.1953125,0.15869140625,0.72021484375,-0.32958984375,1.3916015625,0.03662109375,0.4638671875,-0.244140625,0.5126953125,0.634765625,0.08544921875,-0.146484375,0.1953125,0.1220703125,1.03759765625,-0.13427734375,0.2685546875,-0.42724609375,0.2197265625,-0.03662109375,0.30517578125,0.15869140625,0.830078125,-0.08544921875,0.01220703125,0.3173828125,1.33056640625,0.0244140625,-0.9521484375,0.06103515625,-0.35400390625,-0.10986328125,-0.9765625,-0.3173828125,-0.74462890625,-0.03662109375,-1.52587890625,0.13427734375,-0.1953125,0.06103515625,-0.32958984375,0.32958984375,-1.15966796875,-0.1708984375,3.22265625,-0.06103515625,3.18603515625,0.10986328125,5.06591796875,-0.09765625,3.7109375,0.06103515625,-0.732421875,0.0732421875,-1.4404296875,-0.06103515625,-1.03759765625,-0.35400390625,0.4150390625,-0.048828125,0.20751953125,-0.10986328125,-0.09765625,-0.06103515625,-0.1220703125,-0.13427734375,0.01220703125,-0.146484375,-0.01220703125,-0.0732421875,0.74462890625,0.10986328125,-0.47607421875,0.03662109375,-0.52490234375
1,-0.42724609375,-0.42724609375,-0.3173828125,-0.29296875,0.47607421875,-0.439453125,-0.18310546875,-0.01220703125,-0.1220703125,-0.1708984375,0.0244140625,-0.9765625,-0.146484375,0.9521484375,0.09765625,-0.37841796875,0.1220703125,-1.07421875,0.048828125,-0.59814453125,-0.390625,0.4638671875,0.08544921875,-1.2451171875,-0.25634765625,-0.20751953125,-0.01220703125,-0.78125,0.1220703125,0.84228515625,-0.50048828125,0.20751953125,0.25634765625,-0.40283203125,-0.06103515625,-0.84228515625,-0.01220703125,-0.439453125,-0.01220703125,-0.72021484375,0.146484375,-0.15869140625,-0.30517578125,-0.62255859375,-0.0244140625,-0.42724609375,-0.18310546875,0.634765625,-0.25634765625,1.18408203125,-0.048828125,0.439453125,0.0244140625,-0.1708984375,0.1220703125,0.74462890625,-0.3173828125,1.3427734375,0.03662109375,0.47607421875,-0.30517578125,0.50048828125,0.67138671875,0.09765625,-0.0732421875,0.15869140625,0.23193359375,1.025390625,-0.10986328125,0.2685546875,-0.42724609375,0.1953125,0.0244140625,0.2685546875,0.18310546875,0.86669921875,-0.10986328125,-0.01220703125,0.2685546875,1.30615234375,0,-0.93994140625,-0.01220703125,-0.3662109375,-0.146484375,-0.96435546875,-0.3662109375,-0.74462890625,-0.0732421875,-1.513671875,0.146484375,-0.1953125,-0.048828125,-0.32958984375,0.37841796875,-1.15966796875,-0.13427734375,3.03955078125,-0.146484375,2.96630859375,0.03662109375,4.6875,0.01220703125,3.4912109375,0.08544921875,-0.72021484375,-0.03662109375,-1.46484375,-0.13427734375,-1.03759765625,-0.30517578125,0.4150390625,-0.048828125,0.1953125,-0.10986328125,-0.09765625,-0.06103515625,-0.146484375,-0.10986328125,0.0244140625,-0.13427734375,-0.03662109375,-0.06103515625,0.732421875,0.10986328125,-0.47607421875,0.01220703125,-0.52490234375
1,-0.4150390625,-0.4638671875,-0.32958984375,-0.30517578125,0.5126953125,-0.45166015625,-0.18310546875,-0.01220703125,-0.1220703125,-0.1953125,0.0244140625,-0.9521484375,-0.20751953125,0.9765625,0.048828125,-0.3662109375,0.23193359375,-1.0498046875,0.03662109375,-0.5859375,-0.244140625,0.4638671875,0.1708984375,-1.25732421875,-0.3173828125,-0.18310546875,-0.08544921875,-0.79345703125,0.0732421875,0.86669921875,-0.57373046875,0.2197265625,0.2197265625,-0.37841796875,0.048828125,-0.8544921875,-0.10986328125,-0.47607421875,-0.03662109375,-0.7568359375,0.048828125,-0.1708984375,-0.30517578125,-0.634765625,-0.03662109375,-0.40283203125,-0.244140625,0.59814453125,-0.25634765625,1.13525390625,-0.048828125,0.4638671875,0.06103515625,-0.15869140625,0.08544921875,0.74462890625,-0.29296875,1.26953125,0.08544921875,0.4638671875,-0.439453125,0.52490234375,0.69580078125,0.10986328125,0.03662109375,0.18310546875,0.2685546875,1.025390625,-0.10986328125,0.244140625,-0.40283203125,0.1953125,0.06103515625,0.25634765625,0.1953125,0.86669921875,-0.13427734375,0,0.20751953125,1.30615234375,-0.03662109375,-0.9521484375,-0.08544921875,-0.35400390625,-0.20751953125,-0.96435546875,-0.32958984375,-0.7568359375,-0.1220703125,-1.513671875,0.10986328125,-0.18310546875,-0.0732421875,-0.28076171875,0.35400390625,-1.15966796875,-0.13427734375,2.84423828125,-0.1953125,2.7587890625,-0.06103515625,4.28466796875,0.10986328125,3.3203125,0.10986328125,-0.7080078125,-0.146484375,-1.45263671875,-0.18310546875,-1.025390625,-0.23193359375,0.4150390625,-0.0732421875,0.23193359375,-0.13427734375,-0.08544921875,-0.048828125,-0.1708984375,-0.13427734375,0,-0.146484375,-0.03662109375,-0.048828125,0.732421875,0.09765625,-0.50048828125,0.01220703125,-0.52490234375
1,-0.4150390625,-0.48828125,-0.3173828125,-0.29296875,0.57373046875,-0.439453125,-0.20751953125,0,-0.15869140625,-0.18310546875,0.0244140625,-0.9521484375,-0.23193359375,0.96435546875,0.0244140625,-0.3662109375,0.32958984375,-1.07421875,0.01220703125,-0.5859375,-0.13427734375,0.50048828125,0.1220703125,-1.2451171875,-0.32958984375,-0.1708984375,-0.20751953125,-0.76904296875,0.048828125,0.89111328125,-0.57373046875,0.2197265625,0.10986328125,-0.35400390625,0.1220703125,-0.84228515625,-0.1708984375,-0.48828125,-0.048828125,-0.74462890625,-0.06103515625,-0.20751953125,-0.1953125,-0.59814453125,-0.10986328125,-0.40283203125,-0.32958984375,0.59814453125,-0.2197265625,1.13525390625,-0.048828125,0.48828125,0.048828125,-0.1220703125,0.06103515625,0.7568359375,-0.29296875,1.171875,0.15869140625,0.4638671875,-0.52490234375,0.50048828125,0.732421875,0.10986328125,0.06103515625,0.146484375,0.341796875,1.0498046875,-0.08544921875,0.23193359375,-0.35400390625,0.18310546875,0.0732421875,0.244140625,0.23193359375,0.87890625,-0.15869140625,0.0244140625,0.18310546875,1.2939453125,-0.09765625,-0.927734375,-0.146484375,-0.35400390625,-0.244140625,-0.96435546875,-0.29296875,-0.7568359375,-0.08544921875,-1.52587890625,0.03662109375,-0.18310546875,-0.08544921875,-0.29296875,0.1953125,-1.171875,-0.08544921875,2.62451171875,-0.25634765625,2.57568359375,-0.146484375,3.9306640625,0.2197265625,3.1005859375,0.09765625,-0.69580078125,-0.244140625,-1.4404296875,-0.244140625,-1.01318359375,-0.146484375,0.42724609375,-0.08544921875,0.2197265625,-0.146484375,-0.0732421875,-0.06103515625,-0.18310546875,-0.10986328125,-0.01220703125,-0.1220703125,-0.0244140625,-0.03662109375,0.72021484375,0.0732421875,-0.50048828125,0.01220703125,-0.52490234375
1,-0.3662109375,-0.4638671875,-0.35400390625,-0.28076171875,0.5615234375,-0.42724609375,-0.23193359375,0,-0.15869140625,-0.18310546875,0.03662109375,-0.96435546875,-0.29296875,0.96435546875,0,-0.3662109375,0.4150390625,-1.08642578125,-0.048828125,-0.57373046875,0.048828125,0.48828125,0.03662109375,-1.2451171875,-0.341796875,-0.1708984375,-0.28076171875,-0.78125,0,0.9033203125,-0.48828125,0.23193359375,-0.03662109375,-0.32958984375,0.18310546875,-0.8544921875,-0.1708984375,-0.47607421875,-0.10986328125,-0.7568359375,-0.13427734375,-0.2197265625,-0.10986328125,-0.6103515625,-0.23193359375,-0.40283203125,-0.390625,0.5859375,-0.20751953125,1.123046875,-0.1708984375,0.47607421875,0.03662109375,-0.146484375,0.048828125,0.74462890625,-0.25634765625,1.07421875,0.23193359375,0.45166015625,-0.5615234375,0.52490234375,0.6591796875,0.10986328125,0.06103515625,0.15869140625,0.4150390625,1.025390625,-0.08544921875,0.20751953125,-0.32958984375,0.2197265625,0.146484375,0.244140625,0.2197265625,0.87890625,-0.1708984375,0.0244140625,0.13427734375,1.28173828125,-0.1220703125,-0.93994140625,-0.18310546875,-0.3662109375,-0.2685546875,-0.9521484375,-0.1708984375,-0.76904296875,-0.08544921875,-1.513671875,-0.06103515625,-0.1708984375,-0.0244140625,-0.28076171875,0,-1.18408203125,-0.08544921875,2.40478515625,-0.25634765625,2.392578125,-0.1708984375,3.564453125,0.3173828125,2.9052734375,0.03662109375,-0.68359375,-0.28076171875,-1.4404296875,-0.244140625,-1.025390625,-0.06103515625,0.42724609375,-0.09765625,0.2197265625,-0.1708984375,-0.0732421875,-0.0732421875,-0.20751953125,-0.09765625,-0.01220703125,-0.13427734375,-0.03662109375,-0.048828125,0.732421875,0.03662109375,-0.537109375,0.0244140625,-0.5126953125
1,-0.40283203125,-0.439453125,-0.35400390625,-0.30517578125,0.59814453125,-0.37841796875,-0.25634765625,0,-0.1953125,-0.15869140625,0.03662109375,-0.96435546875,-0.3173828125,0.9521484375,0.01220703125,-0.390625,0.45166015625,-1.0986328125,-0.09765625,-0.5859375,0.18310546875,0.48828125,-0.10986328125,-1.2451171875,-0.32958984375,-0.18310546875,-0.29296875,-0.7568359375,0.01220703125,0.91552734375,-0.341796875,0.23193359375,-0.1708984375,-0.30517578125,0.18310546875,-0.8544921875,-0.1708984375,-0.47607421875,-0.08544921875,-0.7568359375,-0.1708984375,-0.18310546875,-0.0244140625,-0.62255859375,-0.3662109375,-0.390625,-0.42724609375,0.57373046875,-0.18310546875,1.123046875,-0.23193359375,0.45166015625,0.03662109375,-0.1220703125,0.0244140625,0.74462890625,-0.2197265625,0.96435546875,0.29296875,0.47607421875,-0.62255859375,0.52490234375,0.57373046875,0.10986328125,0.1220703125,0.15869140625,0.45166015625,1.025390625,-0.09765625,0.1953125,-0.28076171875,0.1953125,0.1708984375,0.25634765625,0.18310546875,0.84228515625,-0.1953125,0.03662109375,0.09765625,1.30615234375,-0.1708984375,-0.9521484375,-0.20751953125,-0.35400390625,-0.20751953125,-0.9521484375,-0.048828125,-0.76904296875,-0.06103515625,-1.50146484375,-0.15869140625,-0.18310546875,0.0244140625,-0.29296875,-0.20751953125,-1.18408203125,-0.09765625,2.1728515625,-0.20751953125,2.18505859375,-0.146484375,3.22265625,0.32958984375,2.685546875,-0.0244140625,-0.69580078125,-0.2685546875,-1.4404296875,-0.18310546875,-1.03759765625,0,0.40283203125,-0.146484375,0.20751953125,-0.146484375,-0.08544921875,-0.0732421875,-0.1953125,-0.10986328125,0,-0.10986328125,-0.0244140625,-0.0244140625,0.72021484375,0.0244140625,-0.5126953125,0.01220703125,-0.5126953125
1,-0.390625,-0.40283203125,-0.341796875,-0.29296875,0.62255859375,-0.3662109375,-0.25634765625,0,-0.20751953125,-0.1708984375,0.048828125,-0.96435546875,-0.35400390625,0.93994140625,0.0244140625,-0.37841796875,0.4638671875,-1.11083984375,-0.1220703125,-0.57373046875,0.25634765625,0.47607421875,-0.20751953125,-1.25732421875,-0.28076171875,-0.1708984375,-0.30517578125,-0.76904296875,0.03662109375,0.91552734375,-0.18310546875,0.23193359375,-0.25634765625,-0.29296875,0.146484375,-0.8544921875,-0.09765625,-0.47607421875,-0.1220703125,-0.7568359375,-0.1220703125,-0.1708984375,0.06103515625,-0.62255859375,-0.4638671875,-0.4150390625,-0.4150390625,0.59814453125,-0.2197265625,1.123046875,-0.244140625,0.45166015625,0.0244140625,-0.1220703125,0,0.732421875,-0.1708984375,0.86669921875,0.3173828125,0.4638671875,-0.5615234375,0.5126953125,0.47607421875,0.09765625,0.15869140625,0.1708984375,0.439453125,1.03759765625,-0.0732421875,0.1953125,-0.25634765625,0.2197265625,0.25634765625,0.2685546875,0.09765625,0.830078125,-0.20751953125,0.048828125,0.08544921875,1.30615234375,-0.20751953125,-0.91552734375,-0.20751953125,-0.35400390625,-0.10986328125,-0.927734375,0.01220703125,-0.78125,-0.06103515625,-1.52587890625,-0.20751953125,-0.23193359375,0.0244140625,-0.29296875,-0.3662109375,-1.20849609375,-0.06103515625,1.904296875,-0.09765625,1.953125,0.0244140625,2.89306640625,0.29296875,2.44140625,-0.10986328125,-0.69580078125,-0.2197265625,-1.45263671875,-0.13427734375,-1.01318359375,-0.0244140625,0.4150390625,-0.15869140625,0.2197265625,-0.13427734375,-0.09765625,-0.06103515625,-0.1708984375,-0.13427734375,-0.01220703125,-0.08544921875,-0.01220703125,-0.0732421875,0.72021484375,0.01220703125,-0.537109375,0.01220703125,-0.52490234375
0,-0.37841796875,-0.3662109375,-0.3173828125,-0.28076171875,0.64697265625,-0.35400390625,-0.2685546875,0.0244140625,-0.20751953125,-0.146484375,0.0244140625,-0.9521484375,-0.341796875,0.93994140625,0.048828125,-0.37841796875,0.390625,-1.11083984375,-0.10986328125,-0.5615234375,0.244140625,0.4638671875,-0.2197265625,-1.26953125,-0.2685546875,-0.1953125,-0.20751953125,-0.732421875,0.0732421875,0.89111328125,-0.06103515625,0.2197265625,-0.28076171875,-0.3173828125,0.06103515625,-0.8544921875,-0.03662109375,-0.47607421875,-0.146484375,-0.732421875,0,-0.1708984375,0.10986328125,-0.62255859375,-0.54931640625,-0.390625,-0.3662109375,0.5859375,-0.29296875,1.13525390625,-0.25634765625,0.45166015625,0.03662109375,-0.13427734375,-0.06103515625,0.72021484375,-0.10986328125,0.79345703125,0.32958984375,0.439453125,-0.52490234375,0.50048828125,0.4150390625,0.08544921875,0.2197265625,0.18310546875,0.40283203125,1.025390625,-0.0732421875,0.1953125,-0.2197265625,0.2197265625,0.32958984375,0.29296875,0.03662109375,0.76904296875,-0.2685546875,0.048828125,0.09765625,1.318359375,-0.1953125,-0.9033203125,-0.1953125,-0.35400390625,0.0244140625,-0.93994140625,0.048828125,-0.78125,-0.08544921875,-1.5380859375,-0.2197265625,-0.244140625,-0.01220703125,-0.29296875,-0.390625,-1.20849609375,-0.10986328125,1.6357421875,0.01220703125,1.6845703125,0.01220703125,2.52685546875,0.18310546875,2.18505859375,-0.1708984375,-0.7080078125,-0.13427734375,-1.42822265625,-0.0732421875,-1.06201171875,-0.03662109375,0.4150390625,-0.18310546875,0.2197265625,-0.09765625,-0.09765625,-0.0732421875,-0.1708984375,-0.146484375,0,-0.08544921875,0.0244140625,-0.06103515625,0.732421875,0.0244140625,-0.54931640625,0.01220703125,-0.52490234375
0,-0.37841796875,-0.341796875,-0.3173828125,-0.28076171875,0.67138671875,-0.341796875,-0.28076171875,0.0244140625,-0.20751953125,-0.1220703125,0.0244140625,-0.9765625,-0.341796875,0.9521484375,0.08544921875,-0.3662109375,0.30517578125,-1.11083984375,-0.10986328125,-0.5859375,0.146484375,0.45166015625,-0.244140625,-1.26953125,-0.2197265625,-0.20751953125,-0.09765625,-0.74462890625,0.146484375,0.86669921875,-0.0244140625,0.2197265625,-0.20751953125,-0.32958984375,-0.08544921875,-0.8544921875,0.10986328125,-0.4638671875,-0.146484375,-0.72021484375,0.13427734375,-0.13427734375,0.15869140625,-0.634765625,-0.54931640625,-0.4150390625,-0.29296875,0.6103515625,-0.35400390625,1.171875,-0.2685546875,0.439453125,0.01220703125,-0.1220703125,-0.1220703125,0.72021484375,-0.06103515625,0.732421875,0.30517578125,0.4638671875,-0.50048828125,0.50048828125,0.439453125,0.08544921875,0.28076171875,0.1953125,0.37841796875,1.03759765625,-0.0732421875,0.23193359375,-0.20751953125,0.2197265625,0.35400390625,0.30517578125,-0.06103515625,0.78125,-0.28076171875,0.03662109375,0.1220703125,1.33056640625,-0.20751953125,-0.91552734375,-0.13427734375,-0.35400390625,0.1220703125,-0.93994140625,0.0244140625,-0.76904296875,-0.15869140625,-1.55029296875,-0.2197265625,-0.25634765625,-0.10986328125,-0.30517578125,-0.32958984375,-1.23291015625,-0.08544921875,1.35498046875,0.146484375,1.37939453125,0.06103515625,2.11181640625,0.0732421875,1.904296875,-0.1953125,-0.732421875,-0.03662109375,-1.4404296875,-0.048828125,-1.0498046875,-0.1220703125,0.4150390625,-0.23193359375,0.1953125,-0.10986328125,-0.1220703125,-0.06103515625,-0.15869140625,-0.146484375,0.0244140625,-0.0732421875,-0.01220703125,-0.09765625,0.72021484375,0.048828125,-0.52490234375,-0.01220703125,-0.5126953125
0,-0.3662109375,-0.32958984375,-0.341796875,-0.25634765625,0.68359375,-0.32958984375,-0.29296875,0.03662109375,-0.20751953125,-0.10986328125,0.0244140625,-0.96435546875,-0.341796875,0.93994140625,0.15869140625,-0.35400390625,0.1953125,-1.08642578125,-0.10986328125,-0.57373046875,-0.03662109375,0.4638671875,-0.23193359375,-1.26953125,-0.1953125,-0.2197265625,-0.03662109375,-0.74462890625,0.2197265625,0.84228515625,0.01220703125,0.2197265625,-0.10986328125,-0.341796875,-0.23193359375,-0.830078125,0.18310546875,-0.4638671875,-0.09765625,-0.7080078125,0.244140625,-0.1220703125,0.18310546875,-0.6591796875,-0.48828125,-0.42724609375,-0.2197265625,0.634765625,-0.40283203125,1.20849609375,-0.28076171875,0.45166015625,-0.03662109375,-0.13427734375,-0.13427734375,0.732421875,-0.0244140625,0.69580078125,0.2685546875,0.45166015625,-0.4150390625,0.50048828125,0.45166015625,0.08544921875,0.244140625,0.20751953125,0.29296875,1.03759765625,-0.09765625,0.244140625,-0.20751953125,0.2197265625,0.35400390625,0.32958984375,-0.13427734375,0.8056640625,-0.28076171875,0.048828125,0.13427734375,1.3427734375,-0.15869140625,-0.9521484375,-0.09765625,-0.341796875,0.20751953125,-0.96435546875,0,-0.76904296875,-0.23193359375,-1.55029296875,-0.23193359375,-0.2685546875,-0.244140625,-0.3173828125,-0.18310546875,-1.23291015625,-0.09765625,1.06201171875,0.15869140625,1.08642578125,0.048828125,1.66015625,-0.03662109375,1.59912109375,-0.20751953125,-0.72021484375,0,-1.42822265625,-0.048828125,-1.07421875,-0.2197265625,0.4150390625,-0.244140625,0.20751953125,-0.09765625,-0.13427734375,-0.0732421875,-0.13427734375,-0.146484375,0.01220703125,-0.08544921875,0.01220703125,-0.08544921875,0.74462890625,0.0732421875,-0.537109375,-0.0244140625,-0.537109375
0,-0.32958984375,-0.32958984375,-0.37841796875,-0.2685546875,0.68359375,-0.35400390625,-0.3173828125,0.0244140625,-0.23193359375,-0.13427734375,0.01220703125,-0.96435546875,-0.30517578125,0.93994140625,0.18310546875,-0.37841796875,0.0732421875,-1.08642578125,-0.1220703125,-0.57373046875,-0.23193359375,0.48828125,-0.23193359375,-1.30615234375,-0.23193359375,-0.23193359375,0.08544921875,-0.732421875,0.29296875,0.8544921875,0,0.23193359375,-0.0244140625,-0.390625,-0.35400390625,-0.81787109375,0.23193359375,-0.45166015625,-0.048828125,-0.7080078125,0.341796875,-0.13427734375,0.15869140625,-0.6591796875,-0.4150390625,-0.42724609375,-0.15869140625,0.67138671875,-0.37841796875,1.20849609375,-0.29296875,0.45166015625,-0.09765625,-0.15869140625,-0.15869140625,0.732421875,-0.03662109375,0.6591796875,0.2197265625,0.45166015625,-0.3173828125,0.5126953125,0.439453125,0.09765625,0.25634765625,0.20751953125,0.20751953125,1.0009765625,-0.08544921875,0.2685546875,-0.2197265625,0.1953125,0.3173828125,0.32958984375,-0.15869140625,0.830078125,-0.244140625,0.03662109375,0.13427734375,1.33056640625,-0.1220703125,-0.96435546875,-0.0244140625,-0.3662109375,0.28076171875,-0.98876953125,-0.0244140625,-0.78125,-0.3173828125,-1.55029296875,-0.23193359375,-0.28076171875,-0.35400390625,-0.32958984375,0.06103515625,-1.25732421875,-0.1220703125,0.74462890625,0.146484375,0.78125,0.0244140625,1.123046875,-0.03662109375,1.33056640625,-0.10986328125,-0.72021484375,0.0244140625,-1.46484375,-0.0732421875,-1.07421875,-0.25634765625,0.42724609375,-0.2685546875,0.2197265625,-0.10986328125,-0.1220703125,-0.06103515625,-0.146484375,-0.10986328125,0.01220703125,-0.0732421875,0,-0.0732421875,0.732421875,0.09765625,-0.537109375,-0.048828125,-0.52490234375
0,-0.341796875,-0.341796875,-0.390625,-0.28076171875,0.67138671875,-0.390625,-0.32958984375,0.0244140625,-0.23193359375,-0.13427734375,0,-0.9765625,-0.28076171875,0.93994140625,0.2685546875,-0.3662109375,0.01220703125,-1.06201171875,-0.146484375,-0.5859375,-0.40283203125,0.4638671875,-0.1953125,-1.30615234375,-0.23193359375,-0.23193359375,0.1953125,-0.732421875,0.3173828125,0.8544921875,-0.048828125,0.2197265625,-0.01220703125,-0.390625,-0.45166015625,-0.8544921875,0.23193359375,-0.4638671875,0.0244140625,-0.69580078125,0.45166015625,-0.13427734375,0.1220703125,-0.6591796875,-0.30517578125,-0.439453125,-0.1220703125,0.64697265625,-0.32958984375,1.220703125,-0.28076171875,0.4638671875,-0.1708984375,-0.18310546875,-0.13427734375,0.732421875,-0.06103515625,0.64697265625,0.18310546875,0.439453125,-0.25634765625,0.52490234375,0.42724609375,0.09765625,0.2685546875,0.15869140625,0.09765625,1.025390625,-0.09765625,0.2685546875,-0.25634765625,0.1953125,0.244140625,0.29296875,-0.1953125,0.84228515625,-0.20751953125,0.0244140625,0.1220703125,1.318359375,-0.08544921875,-0.96435546875,0.01220703125,-0.35400390625,0.244140625,-1.0009765625,-0.0244140625,-0.76904296875,-0.3662109375,-1.55029296875,-0.20751953125,-0.2685546875,-0.390625,-0.341796875,0.1953125,-1.2451171875,-0.1220703125,0.4638671875,0.0732421875,0.48828125,0,0.634765625,-0.01220703125,1.06201171875,-0.0244140625,-0.72021484375,0.048828125,-1.45263671875,-0.06103515625,-1.07421875,-0.25634765625,0.45166015625,-0.25634765625,0.2197265625,-0.09765625,-0.1220703125,-0.048828125,-0.146484375,-0.08544921875,0.01220703125,-0.0732421875,-0.01220703125,-0.0732421875,0.7568359375,0.1220703125,-0.5126953125,-0.048828125,-0.537109375
0,-0.32958984375,-0.3662109375,-0.42724609375,-0.28076171875,0.67138671875,-0.4150390625,-0.35400390625,0,-0.2685546875,-0.1708984375,-0.01220703125,-0.96435546875,-0.2197265625,0.9521484375,0.341796875,-0.37841796875,0.0244140625,-1.07421875,-0.15869140625,-0.5859375,-0.48828125,0.4638671875,-0.10986328125,-1.28173828125,-0.20751953125,-0.23193359375,0.244140625,-0.78125,0.3173828125,0.830078125,-0.09765625,0.2197265625,-0.13427734375,-0.390625,-0.50048828125,-0.8544921875,0.18310546875,-0.47607421875,0.0732421875,-0.72021484375,0.50048828125,-0.15869140625,0.1220703125,-0.64697265625,-0.1708984375,-0.439453125,-0.10986328125,0.64697265625,-0.25634765625,1.220703125,-0.23193359375,0.47607421875,-0.25634765625,-0.1708984375,-0.09765625,0.74462890625,-0.10986328125,0.634765625,0.146484375,0.45166015625,-0.244140625,0.5126953125,0.35400390625,0.13427734375,0.2197265625,0.15869140625,-0.01220703125,1.01318359375,-0.1220703125,0.2685546875,-0.30517578125,0.18310546875,0.20751953125,0.29296875,-0.20751953125,0.86669921875,-0.10986328125,0.01220703125,0.0732421875,1.30615234375,-0.03662109375,-0.98876953125,0.048828125,-0.341796875,0.1708984375,-0.98876953125,-0.0244140625,-0.76904296875,-0.35400390625,-1.50146484375,-0.1953125,-0.2685546875,-0.3173828125,-0.341796875,0.28076171875,-1.220703125,-0.13427734375,0.23193359375,-0.03662109375,0.244140625,0,0.18310546875,0.0244140625,0.84228515625,0.1220703125,-0.732421875,0.03662109375,-1.46484375,-0.08544921875,-1.08642578125,-0.244140625,0.42724609375,-0.2685546875,0.23193359375,-0.08544921875,-0.10986328125,-0.0732421875,-0.146484375,-0.06103515625,0,-0.06103515625,-0.03662109375,-0.06103515625,0.74462890625,0.13427734375,-0.5126953125,-0.03662109375,-0.52490234375
0,-0.32958984375,-0.37841796875,-0.390625,-0.29296875,0.67138671875,-0.42724609375,-0.35400390625,-0.01220703125,-0.29296875,-0.1708984375,-0.03662109375,-0.9765625,-0.18310546875,0.96435546875,0.390625,-0.37841796875,0.048828125,-1.06201171875,-0.1953125,-0.5859375,-0.4638671875,0.4638671875,-0.1220703125,-1.2451171875,-0.1953125,-0.2197265625,0.25634765625,-0.79345703125,0.25634765625,0.84228515625,-0.18310546875,0.244140625,-0.2685546875,-0.4150390625,-0.50048828125,-0.87890625,0.1220703125,-0.50048828125,0.0732421875,-0.732421875,0.52490234375,-0.1708984375,0.13427734375,-0.62255859375,-0.048828125,-0.439453125,-0.03662109375,0.634765625,-0.23193359375,1.18408203125,-0.1220703125,0.48828125,-0.3173828125,-0.15869140625,-0.09765625,0.7568359375,-0.146484375,0.62255859375,0.13427734375,0.439453125,-0.244140625,0.5126953125,0.390625,0.146484375,0.1708984375,0.13427734375,-0.08544921875,1.025390625,-0.1220703125,0.25634765625,-0.35400390625,0.18310546875,0.15869140625,0.2685546875,-0.23193359375,0.87890625,-0.03662109375,0.01220703125,0.0732421875,1.2939453125,0.03662109375,-1.0009765625,0.09765625,-0.341796875,0.048828125,-0.98876953125,0.01220703125,-0.78125,-0.32958984375,-1.4892578125,-0.18310546875,-0.244140625,-0.20751953125,-0.341796875,0.2685546875,-1.25732421875,-0.13427734375,0.08544921875,-0.09765625,0.10986328125,0.0244140625,-0.09765625,0.048828125,0.7080078125,0.244140625,-0.72021484375,0.01220703125,-1.4404296875,-0.0732421875,-1.06201171875,-0.1953125,0.4150390625,-0.2685546875,0.2197265625,-0.06103515625,-0.09765625,-0.08544921875,-0.146484375,-0.06103515625,0.01220703125,-0.06103515625,-0.048828125,-0.048828125,0.78125,0.1220703125,-0.50048828125,-0.0244140625,-0.52490234375
0,-0.341796875,-0.4150390625,-0.37841796875,-0.28076171875,0.69580078125,-0.439453125,-0.35400390625,-0.0244140625,-0.32958984375,-0.1708984375,-0.048828125,-0.9765625,-0.15869140625,0.9521484375,0.4638671875,-0.390625,0.146484375,-1.07421875,-0.23193359375,-0.59814453125,-0.3662109375,0.47607421875,-0.10986328125,-1.220703125,-0.15869140625,-0.20751953125,0.20751953125,-0.79345703125,0.1708984375,0.87890625,-0.20751953125,0.2197265625,-0.390625,-0.3662109375,-0.439453125,-0.84228515625,0.1220703125,-0.5126953125,0.09765625,-0.74462890625,0.5126953125,-0.1953125,0.15869140625,-0.62255859375,0.048828125,-0.4150390625,-0.03662109375,0.6103515625,-0.1953125,1.15966796875,0.0244140625,0.50048828125,-0.37841796875,-0.13427734375,-0.1220703125,0.7568359375,-0.23193359375,0.6103515625,0.146484375,0.42724609375,-0.23193359375,0.537109375,0.439453125,0.13427734375,0.0732421875,0.13427734375,-0.1220703125,1.025390625,-0.13427734375,0.25634765625,-0.37841796875,0.1708984375,0.10986328125,0.28076171875,-0.23193359375,0.89111328125,0.048828125,0,0.06103515625,1.28173828125,0.09765625,-1.025390625,0.0732421875,-0.32958984375,-0.08544921875,-0.9765625,0.0244140625,-0.78125,-0.28076171875,-1.4892578125,-0.1953125,-0.244140625,-0.03662109375,-0.341796875,0.13427734375,-1.23291015625,-0.13427734375,0.08544921875,-0.20751953125,0.1220703125,-0.0244140625,-0.20751953125,0.03662109375,0.7080078125,0.3173828125,-0.67138671875,0.01220703125,-1.45263671875,-0.146484375,-1.03759765625,-0.1708984375,0.40283203125,-0.28076171875,0.20751953125,-0.09765625,-0.10986328125,-0.06103515625,-0.13427734375,-0.048828125,0,-0.06103515625,-0.06103515625,-0.06103515625,0.76904296875,0.10986328125,-0.5126953125,0,-0.52490234375
0,-0.3662109375,-0.439453125,-0.390625,-0.29296875,0.68359375,-0.4150390625,-0.3662109375,0,-0.3662109375,-0.15869140625,-0.048828125,-0.9765625,-0.1220703125,0.9765625,0.48828125,-0.40283203125,0.2197265625,-1.08642578125,-0.23193359375,-0.59814453125,-0.1953125,0.48828125,-0.13427734375,-1.220703125,-0.13427734375,-0.18310546875,0.09765625,-0.79345703125,0.06103515625,0.86669921875,-0.2685546875,0.2197265625,-0.40283203125,-0.341796875,-0.341796875,-0.86669921875,0.08544921875,-0.52490234375,0.03662109375,-0.7568359375,0.4150390625,-0.1953125,0.244140625,-0.62255859375,0.146484375,-0.40283203125,-0.03662109375,0.5859375,-0.20751953125,1.123046875,0.09765625,0.50048828125,-0.40283203125,-0.13427734375,-0.13427734375,0.7568359375,-0.29296875,0.57373046875,0.15869140625,0.42724609375,-0.18310546875,0.52490234375,0.50048828125,0.146484375,0.01220703125,0.1220703125,-0.2197265625,1.01318359375,-0.1953125,0.244140625,-0.390625,0.18310546875,0.08544921875,0.25634765625,-0.23193359375,0.9033203125,0.09765625,0.01220703125,0.048828125,1.28173828125,0.1220703125,-0.98876953125,0.0732421875,-0.32958984375,-0.2197265625,-0.98876953125,0.048828125,-0.76904296875,-0.23193359375,-1.4892578125,-0.2197265625,-0.23193359375,0.10986328125,-0.32958984375,0.01220703125,-1.25732421875,-0.09765625,0.23193359375,-0.23193359375,0.2685546875,0.09765625,-0.048828125,0.09765625,0.8544921875,0.35400390625,-0.69580078125,0.01220703125,-1.46484375,-0.18310546875,-1.03759765625,-0.1708984375,0.40283203125,-0.25634765625,0.2197265625,-0.08544921875,-0.1220703125,-0.06103515625,-0.10986328125,-0.048828125,-0.01220703125,-0.048828125,-0.0732421875,-0.048828125,0.78125,0.09765625,-0.50048828125,0,-0.52490234375
0,-0.35400390625,-0.45166015625,-0.3662109375,-0.28076171875,0.64697265625,-0.40283203125,-0.390625,0.01220703125,-0.35400390625,-0.15869140625,-0.048828125,-0.98876953125,-0.10986328125,0.93994140625,0.50048828125,-0.37841796875,0.3173828125,-1.08642578125,-0.20751953125,-0.59814453125,-0.03662109375,0.48828125,-0.1220703125,-1.2451171875,-0.08544921875,-0.1708984375,0.01220703125,-0.79345703125,-0.06103515625,0.87890625,-0.35400390625,0.2197265625,-0.37841796875,-0.28076171875,-0.30517578125,-0.86669921875,0.03662109375,-0.5126953125,-0.0732421875,-0.74462890625,0.2685546875,-0.23193359375,0.2685546875,-0.6103515625,0.146484375,-0.35400390625,-0.0244140625,0.6103515625,-0.2197265625,1.11083984375,0.09765625,0.48828125,-0.37841796875,-0.1220703125,-0.13427734375,0.74462890625,-0.35400390625,0.5615234375,0.18310546875,0.42724609375,-0.20751953125,0.52490234375,0.57373046875,0.1220703125,-0.01220703125,0.10986328125,-0.244140625,1.01318359375,-0.23193359375,0.244140625,-0.42724609375,0.18310546875,0.048828125,0.2685546875,-0.2197265625,0.87890625,0.15869140625,0,0.06103515625,1.28173828125,0.15869140625,-0.98876953125,0.03662109375,-0.32958984375,-0.32958984375,-0.96435546875,0.01220703125,-0.76904296875,-0.1708984375,-1.46484375,-0.23193359375,-0.2197265625,0.18310546875,-0.30517578125,-0.08544921875,-1.23291015625,-0.146484375,0.537109375,-0.2197265625,0.6103515625,0.146484375,0.4638671875,0.13427734375,1.15966796875,0.29296875,-0.7080078125,0,-1.46484375,-0.18310546875,-1.025390625,-0.146484375,0.4150390625,-0.25634765625,0.2197265625,-0.09765625,-0.10986328125,-0.06103515625,-0.08544921875,-0.06103515625,-0.01220703125,-0.048828125,-0.03662109375,-0.048828125,0.78125,0.09765625,-0.48828125,0.0244140625,-0.52490234375
0,-0.37841796875,-0.45166015625,-0.341796875,-0.28076171875,0.634765625,-0.3662109375,-0.4150390625,0.01220703125,-0.341796875,-0.1708984375,-0.048828125,-0.98876953125,-0.08544921875,0.927734375,0.5126953125,-0.3662109375,0.3662109375,-1.0986328125,-0.1708984375,-0.5859375,0.09765625,0.50048828125,-0.09765625,-1.23291015625,-0.0732421875,-0.1708984375,-0.08544921875,-0.78125,-0.15869140625,0.89111328125,-0.390625,0.2197265625,-0.29296875,-0.30517578125,-0.25634765625,-0.8544921875,0,-0.5126953125,-0.15869140625,-0.76904296875,0.1220703125,-0.20751953125,0.25634765625,-0.634765625,0.10986328125,-0.35400390625,-0.09765625,0.59814453125,-0.2197265625,1.11083984375,0.0732421875,0.4638671875,-0.30517578125,-0.10986328125,-0.13427734375,0.72021484375,-0.32958984375,0.537109375,0.15869140625,0.439453125,-0.20751953125,0.5126953125,0.6591796875,0.09765625,-0.08544921875,0.09765625,-0.29296875,1.0009765625,-0.28076171875,0.244140625,-0.439453125,0.1953125,-0.03662109375,0.25634765625,-0.18310546875,0.86669921875,0.1708984375,0,0.06103515625,1.30615234375,0.13427734375,-0.98876953125,-0.0244140625,-0.3173828125,-0.3173828125,-0.93994140625,-0.0244140625,-0.74462890625,-0.06103515625,-1.46484375,-0.25634765625,-0.1953125,0.2197265625,-0.30517578125,-0.13427734375,-1.20849609375,-0.15869140625,1.0498046875,-0.146484375,1.07421875,0.29296875,1.25732421875,0.1953125,1.6357421875,0.146484375,-0.69580078125,-0.01220703125,-1.46484375,-0.13427734375,-1.01318359375,-0.09765625,0.4150390625,-0.25634765625,0.23193359375,-0.10986328125,-0.13427734375,-0.06103515625,-0.0732421875,-0.0732421875,-0.0244140625,-0.06103515625,-0.048828125,-0.0732421875,0.78125,0.06103515625,-0.50048828125,0.01220703125,-0.5126953125
0,-0.3173828125,-0.42724609375,-0.30517578125,-0.28076171875,0.64697265625,-0.341796875,-0.40283203125,0.0244140625,-0.341796875,-0.1708984375,-0.06103515625,-0.98876953125,-0.09765625,0.927734375,0.50048828125,-0.3662109375,0.3662109375,-1.11083984375,-0.048828125,-0.59814453125,0.2197265625,0.50048828125,-0.0732421875,-1.2451171875,-0.09765625,-0.20751953125,-0.146484375,-0.79345703125,-0.244140625,0.87890625,-0.4150390625,0.2197265625,-0.15869140625,-0.2685546875,-0.25634765625,-0.84228515625,-0.03662109375,-0.48828125,-0.29296875,-0.76904296875,-0.048828125,-0.20751953125,0.244140625,-0.62255859375,0,-0.32958984375,-0.146484375,0.59814453125,-0.244140625,1.0986328125,0.06103515625,0.42724609375,-0.23193359375,-0.1220703125,-0.13427734375,0.74462890625,-0.3173828125,0.52490234375,0.1220703125,0.45166015625,-0.18310546875,0.50048828125,0.67138671875,0.10986328125,-0.146484375,0.10986328125,-0.341796875,1.01318359375,-0.30517578125,0.244140625,-0.42724609375,0.1953125,-0.0732421875,0.28076171875,-0.15869140625,0.86669921875,0.23193359375,-0.01220703125,0.08544921875,1.33056640625,0.08544921875,-0.927734375,-0.09765625,-0.32958984375,-0.244140625,-0.93994140625,-0.08544921875,-0.74462890625,0,-1.46484375,-0.25634765625,-0.18310546875,0.15869140625,-0.25634765625,-0.06103515625,-1.1962890625,-0.2197265625,1.69677734375,-0.06103515625,1.72119140625,0.37841796875,2.294921875,0.20751953125,2.23388671875,0.048828125,-0.7080078125,-0.06103515625,-1.45263671875,-0.03662109375,-1.0009765625,-0.08544921875,0.40283203125,-0.244140625,0.20751953125,-0.1220703125,-0.146484375,-0.06103515625,-0.048828125,-0.0732421875,-0.01220703125,-0.03662109375,-0.03662109375,-0.09765625,0.8056640625,0.0732421875,-0.50048828125,0.0244140625,-0.50048828125
0,-0.35400390625,-0.4150390625,-0.29296875,-0.28076171875,0.64697265625,-0.341796875,-0.37841796875,0.01220703125,-0.35400390625,-0.1708984375,-0.06103515625,-0.98876953125,-0.09765625,0.927734375,0.4638671875,-0.37841796875,0.37841796875,-1.0986328125,0.06103515625,-0.57373046875,0.2197265625,0.47607421875,-0.01220703125,-1.26953125,-0.08544921875,-0.2197265625,-0.1708984375,-0.79345703125,-0.28076171875,0.86669921875,-0.40283203125,0.23193359375,-0.06103515625,-0.28076171875,-0.244140625,-0.84228515625,-0.0732421875,-0.50048828125,-0.341796875,-0.78125,-0.10986328125,-0.1708984375,0.1708984375,-0.64697265625,-0.09765625,-0.32958984375,-0.20751953125,0.62255859375,-0.2685546875,1.13525390625,0.08544921875,0.4150390625,-0.15869140625,-0.09765625,-0.13427734375,0.7080078125,-0.2685546875,0.54931640625,0.06103515625,0.45166015625,-0.146484375,0.48828125,0.68359375,0.08544921875,-0.1708984375,0.146484375,-0.32958984375,1.025390625,-0.32958984375,0.25634765625,-0.3662109375,0.20751953125,-0.1708984375,0.29296875,-0.10986328125,0.830078125,0.25634765625,0.01220703125,0.10986328125,1.33056640625,0.03662109375,-0.9033203125,-0.1220703125,-0.3173828125,-0.10986328125,-0.96435546875,-0.15869140625,-0.7568359375,0.0244140625,-1.47705078125,-0.244140625,-0.1953125,0.01220703125,-0.2685546875,0.01220703125,-1.18408203125,-0.2685546875,2.44140625,0.06103515625,2.42919921875,0.42724609375,3.50341796875,0.1708984375,2.91748046875,-0.08544921875,-0.7080078125,-0.10986328125,-1.46484375,0.01220703125,-1.0009765625,-0.10986328125,0.42724609375,-0.244140625,0.2197265625,-0.10986328125,-0.13427734375,-0.08544921875,-0.06103515625,-0.1220703125,0,-0.06103515625,-0.0244140625,-0.09765625,0.81787109375,0.06103515625,-0.50048828125,0.0244140625,-0.50048828125
0,-0.3173828125,-0.37841796875,-0.244140625,-0.29296875,0.67138671875,-0.341796875,-0.4150390625,0.01220703125,-0.35400390625,-0.1708984375,-0.06103515625,-0.9765625,-0.09765625,0.96435546875,0.4638671875,-0.3662109375,0.3173828125,-1.123046875,0.146484375,-0.6103515625,0.1953125,0.47607421875,0.09765625,-1.26953125,-0.1220703125,-0.244140625,-0.15869140625,-0.79345703125,-0.2685546875,0.830078125,-0.390625,0.2197265625,0.08544921875,-0.29296875,-0.25634765625,-0.84228515625,-0.1220703125,-0.48828125,-0.40283203125,-0.76904296875,-0.10986328125,-0.146484375,0.10986328125,-0.6591796875,-0.1953125,-0.35400390625,-0.2685546875,0.64697265625,-0.244140625,1.15966796875,0.0732421875,0.40283203125,-0.0732421875,-0.13427734375,-0.1220703125,0.72021484375,-0.2197265625,0.57373046875,0.03662109375,0.47607421875,-0.06103515625,0.50048828125,0.68359375,0.09765625,-0.15869140625,0.15869140625,-0.30517578125,1.0009765625,-0.341796875,0.28076171875,-0.35400390625,0.20751953125,-0.244140625,0.29296875,-0.03662109375,0.79345703125,0.25634765625,0,0.18310546875,1.35498046875,0,-0.927734375,-0.1708984375,-0.35400390625,-0.01220703125,-0.9765625,-0.18310546875,-0.76904296875,-0.01220703125,-1.46484375,-0.1953125,-0.18310546875,-0.13427734375,-0.2685546875,0.10986328125,-1.171875,-0.2685546875,3.23486328125,0.1220703125,3.18603515625,0.35400390625,4.77294921875,0.10986328125,3.62548828125,-0.20751953125,-0.732421875,-0.146484375,-1.46484375,0.01220703125,-1.03759765625,-0.1220703125,0.42724609375,-0.244140625,0.2197265625,-0.08544921875,-0.146484375,-0.08544921875,-0.0732421875,-0.1220703125,0,-0.08544921875,0.01220703125,-0.08544921875,0.81787109375,0.08544921875,-0.50048828125,0,-0.50048828125
1,-0.341796875,-0.3662109375,-0.23193359375,-0.3173828125,0.64697265625,-0.32958984375,-0.40283203125,0,-0.35400390625,-0.146484375,-0.06103515625,-0.96435546875,-0.08544921875,0.98876953125,0.47607421875,-0.3662109375,0.2685546875,-1.123046875,0.1953125,-0.6103515625,0.06103515625,0.4638671875,0.2197265625,-1.26953125,-0.1708984375,-0.23193359375,-0.13427734375,-0.8056640625,-0.1953125,0.830078125,-0.3662109375,0.25634765625,0.1953125,-0.3173828125,-0.32958984375,-0.8544921875,-0.13427734375,-0.4638671875,-0.40283203125,-0.7568359375,-0.048828125,-0.15869140625,0.09765625,-0.634765625,-0.2685546875,-0.40283203125,-0.244140625,0.6591796875,-0.2197265625,1.18408203125,0,0.4150390625,0,-0.13427734375,-0.08544921875,0.74462890625,-0.18310546875,0.5859375,-0.01220703125,0.47607421875,-0.048828125,0.47607421875,0.68359375,0.10986328125,-0.20751953125,0.18310546875,-0.2685546875,1.01318359375,-0.3662109375,0.28076171875,-0.3173828125,0.1953125,-0.25634765625,0.29296875,0,0.8056640625,0.25634765625,0.01220703125,0.2197265625,1.3671875,-0.0244140625,-0.927734375,-0.15869140625,-0.3173828125,0.0732421875,-0.9521484375,-0.1708984375,-0.74462890625,-0.06103515625,-1.47705078125,-0.18310546875,-0.20751953125,-0.3173828125,-0.2685546875,0.15869140625,-1.1474609375,-0.20751953125,3.96728515625,0.13427734375,3.89404296875,0.1953125,5.99365234375,0.06103515625,4.296875,-0.2197265625,-0.732421875,-0.20751953125,-1.4404296875,-0.01220703125,-1.07421875,-0.1953125,0.42724609375,-0.23193359375,0.2197265625,-0.06103515625,-0.146484375,-0.0732421875,-0.06103515625,-0.1220703125,-0.01220703125,-0.09765625,0.0244140625,-0.0732421875,0.830078125,0.08544921875,-0.48828125,0,-0.50048828125
1,-0.32958984375,-0.341796875,-0.23193359375,-0.29296875,0.59814453125,-0.3662109375,-0.40283203125,-0.0244140625,-0.3662109375,-0.146484375,-0.08544921875,-0.96435546875,-0.0732421875,0.98876953125,0.42724609375,-0.3662109375,0.2197265625,-1.11083984375,0.1953125,-0.59814453125,-0.08544921875,0.48828125,0.3662109375,-1.26953125,-0.18310546875,-0.244140625,-0.10986328125,-0.7568359375,-0.09765625,0.84228515625,-0.29296875,0.25634765625,0.23193359375,-0.3173828125,-0.3662109375,-0.8544921875,-0.146484375,-0.45166015625,-0.32958984375,-0.7568359375,0.0244140625,-0.13427734375,0.048828125,-0.64697265625,-0.3173828125,-0.42724609375,-0.2685546875,0.64697265625,-0.18310546875,1.18408203125,-0.09765625,0.439453125,0.048828125,-0.13427734375,-0.06103515625,0.732421875,-0.15869140625,0.62255859375,-0.06103515625,0.47607421875,-0.01220703125,0.47607421875,0.69580078125,0.10986328125,-0.2685546875,0.20751953125,-0.1953125,1.01318359375,-0.35400390625,0.28076171875,-0.29296875,0.1953125,-0.25634765625,0.29296875,0.048828125,0.78125,0.25634765625,0.03662109375,0.28076171875,1.3671875,-0.0732421875,-0.89111328125,-0.13427734375,-0.32958984375,0.10986328125,-0.9765625,-0.09765625,-0.7568359375,-0.1220703125,-1.47705078125,-0.20751953125,-0.20751953125,-0.390625,-0.244140625,0.10986328125,-1.1474609375,-0.13427734375,4.60205078125,0.0732421875,4.47998046875,0.0244140625,6.9580078125,0.048828125,4.89501953125,-0.1953125,-0.732421875,-0.25634765625,-1.4404296875,-0.048828125,-1.07421875,-0.2197265625,0.42724609375,-0.2685546875,0.1953125,-0.06103515625,-0.13427734375,-0.0732421875,-0.0732421875,-0.146484375,0,-0.10986328125,0.03662109375,-0.0732421875,0.8544921875,0.09765625,-0.47607421875,-0.01220703125,-0.48828125
1,-0.341796875,-0.35400390625,-0.23193359375,-0.30517578125,0.5859375,-0.37841796875,-0.40283203125,-0.01220703125,-0.35400390625,-0.146484375,-0.08544921875,-0.9765625,-0.06103515625,0.96435546875,0.390625,-0.37841796875,0.15869140625,-1.11083984375,0.13427734375,-0.6103515625,-0.18310546875,0.4638671875,0.47607421875,-1.26953125,-0.23193359375,-0.244140625,-0.06103515625,-0.79345703125,-0.01220703125,0.81787109375,-0.23193359375,0.25634765625,0.15869140625,-0.3662109375,-0.37841796875,-0.87890625,-0.146484375,-0.45166015625,-0.23193359375,-0.7568359375,0.10986328125,-0.13427734375,0.08544921875,-0.634765625,-0.35400390625,-0.45166015625,-0.244140625,0.634765625,-0.1220703125,1.15966796875,-0.1708984375,0.4638671875,0.10986328125,-0.13427734375,-0.048828125,0.74462890625,-0.1953125,0.67138671875,-0.10986328125,0.45166015625,0.048828125,0.5126953125,0.67138671875,0.13427734375,-0.29296875,0.23193359375,-0.1708984375,1.0009765625,-0.3173828125,0.2685546875,-0.29296875,0.1953125,-0.23193359375,0.29296875,0.10986328125,0.8056640625,0.25634765625,0.01220703125,0.244140625,1.3671875,-0.0732421875,-0.927734375,-0.10986328125,-0.32958984375,0.09765625,-0.9765625,0,-0.76904296875,-0.18310546875,-1.4892578125,-0.2685546875,-0.25634765625,-0.390625,-0.25634765625,0.048828125,-1.1474609375,-0.0244140625,5.06591796875,-0.0244140625,4.931640625,-0.08544921875,7.67822265625,0.06103515625,5.31005859375,-0.1220703125,-0.7080078125,-0.25634765625,-1.4404296875,-0.048828125,-1.08642578125,-0.20751953125,0.390625,-0.25634765625,0.2197265625,-0.06103515625,-0.10986328125,-0.08544921875,-0.08544921875,-0.146484375,-0.01220703125,-0.146484375,0.048828125,-0.06103515625,0.8544921875,0.06103515625,-0.47607421875,-0.01220703125,-0.48828125
1,-0.35400390625,-0.3662109375,-0.23193359375,-0.28076171875,0.5615234375,-0.4150390625,-0.37841796875,0,-0.35400390625,-0.146484375,-0.08544921875,-0.96435546875,-0.0732421875,0.9521484375,0.37841796875,-0.35400390625,0.13427734375,-1.11083984375,0.048828125,-0.6103515625,-0.23193359375,0.4638671875,0.52490234375,-1.25732421875,-0.23193359375,-0.244140625,-0.01220703125,-0.81787109375,0.0732421875,0.79345703125,-0.15869140625,0.244140625,0,-0.341796875,-0.40283203125,-0.86669921875,-0.18310546875,-0.4638671875,-0.09765625,-0.7568359375,0.15869140625,-0.13427734375,0.146484375,-0.634765625,-0.3662109375,-0.45166015625,-0.2197265625,0.59814453125,-0.09765625,1.18408203125,-0.2197265625,0.50048828125,0.18310546875,-0.146484375,0.0244140625,0.76904296875,-0.1953125,0.69580078125,-0.146484375,0.439453125,0.09765625,0.5126953125,0.6103515625,0.18310546875,-0.28076171875,0.244140625,-0.1220703125,1.025390625,-0.23193359375,0.244140625,-0.30517578125,0.20751953125,-0.20751953125,0.28076171875,0.13427734375,0.81787109375,0.25634765625,0.03662109375,0.244140625,1.3427734375,-0.0732421875,-0.93994140625,-0.0732421875,-0.3662109375,0.0732421875,-0.9765625,0.10986328125,-0.76904296875,-0.1953125,-1.47705078125,-0.29296875,-0.25634765625,-0.28076171875,-0.2685546875,-0.06103515625,-1.1474609375,0.01220703125,5.2978515625,-0.08544921875,5.1513671875,-0.15869140625,8.04443359375,0.0732421875,5.55419921875,0.01220703125,-0.7080078125,-0.28076171875,-1.4404296875,-0.048828125,-1.08642578125,-0.13427734375,0.40283203125,-0.2685546875,0.244140625,-0.08544921875,-0.10986328125,-0.0732421875,-0.0732421875,-0.146484375,0,-0.15869140625,0.03662109375,-0.06103515625,0.86669921875,0.03662109375,-0.4638671875,-0.01220703125,-0.48828125
1,-0.32958984375,-0.3662109375,-0.20751953125,-0.28076171875,0.57373046875,-0.4150390625,-0.4150390625,-0.01220703125,-0.3662109375,-0.146484375,-0.08544921875,-0.96435546875,-0.048828125,0.9521484375,0.3173828125,-0.390625,0.10986328125,-1.123046875,-0.048828125,-0.62255859375,-0.23193359375,0.4638671875,0.47607421875,-1.220703125,-0.18310546875,-0.23193359375,0.01220703125,-0.79345703125,0.146484375,0.830078125,-0.03662109375,0.244140625,-0.244140625,-0.341796875,-0.37841796875,-0.87890625,-0.146484375,-0.48828125,-0.0732421875,-0.732421875,0.23193359375,-0.15869140625,0.20751953125,-0.62255859375,-0.390625,-0.42724609375,-0.15869140625,0.59814453125,-0.09765625,1.171875,-0.2197265625,0.52490234375,0.23193359375,-0.13427734375,0.0732421875,0.76904296875,-0.1953125,0.69580078125,-0.2197265625,0.42724609375,0.13427734375,0.537109375,0.52490234375,0.1708984375,-0.244140625,0.2685546875,-0.06103515625,1.0498046875,-0.13427734375,0.23193359375,-0.3173828125,0.2197265625,-0.1708984375,0.28076171875,0.15869140625,0.8056640625,0.244140625,0.0244140625,0.2197265625,1.3427734375,-0.08544921875,-1.0009765625,-0.06103515625,-0.3662109375,0.03662109375,-0.98876953125,0.18310546875,-0.76904296875,-0.1708984375,-1.46484375,-0.32958984375,-0.25634765625,-0.10986328125,-0.29296875,-0.15869140625,-1.171875,0.0244140625,5.33447265625,-0.0732421875,5.2001953125,-0.18310546875,8.0810546875,0.0244140625,5.60302734375,0.0732421875,-0.69580078125,-0.23193359375,-1.45263671875,-0.048828125,-1.07421875,-0.0732421875,0.390625,-0.2685546875,0.244140625,-0.1220703125,-0.10986328125,-0.0732421875,-0.06103515625,-0.15869140625,-0.01220703125,-0.1708984375,0.048828125,-0.048828125,0.830078125,0.01220703125,-0.439453125,0.0244140625,-0.48828125
1,-0.341796875,-0.3662109375,-0.1953125,-0.30517578125,0.537109375,-0.4150390625,-0.40283203125,-0.01220703125,-0.35400390625,-0.146484375,-0.08544921875,-0.98876953125,-0.03662109375,0.9521484375,0.30517578125,-0.37841796875,0.06103515625,-1.0986328125,-0.15869140625,-0.6103515625,-0.1708984375,0.4638671875,0.29296875,-1.220703125,-0.1220703125,-0.2197265625,0.01220703125,-0.8056640625,0.1708984375,0.84228515625,0.0244140625,0.244140625,-0.45166015625,-0.32958984375,-0.3662109375,-0.87890625,-0.048828125,-0.4638671875,-0.06103515625,-0.74462890625,0.23193359375,-0.1708984375,0.29296875,-0.62255859375,-0.341796875,-0.42724609375,-0.08544921875,0.5859375,-0.09765625,1.15966796875,-0.18310546875,0.537109375,0.23193359375,-0.146484375,0.13427734375,0.76904296875,-0.23193359375,0.7080078125,-0.20751953125,0.4150390625,0.13427734375,0.537109375,0.48828125,0.15869140625,-0.18310546875,0.28076171875,0.01220703125,1.03759765625,-0.048828125,0.2197265625,-0.3173828125,0.23193359375,-0.1220703125,0.25634765625,0.1708984375,0.830078125,0.244140625,0.03662109375,0.18310546875,1.33056640625,-0.0244140625,-0.98876953125,-0.01220703125,-0.3662109375,-0.01220703125,-0.9765625,0.244140625,-0.76904296875,-0.146484375,-1.46484375,-0.3173828125,-0.28076171875,0.0732421875,-0.30517578125,-0.2197265625,-1.171875,0.01220703125,5.18798828125,-0.048828125,5.04150390625,-0.13427734375,7.77587890625,-0.048828125,5.4443359375,0.09765625,-0.7080078125,-0.13427734375,-1.45263671875,-0.0244140625,-1.07421875,-0.048828125,0.35400390625,-0.244140625,0.244140625,-0.1220703125,-0.09765625,-0.08544921875,-0.0244140625,-0.15869140625,0,-0.13427734375,0,-0.03662109375,0.830078125,-0.0244140625,-0.45166015625,0.0732421875,-0.48828125
1,-0.32958984375,-0.390625,-0.1953125,-0.28076171875,0.5126953125,-0.42724609375,-0.4150390625,-0.01220703125,-0.37841796875,-0.13427734375,-0.06103515625,-0.96435546875,-0.0244140625,0.9521484375,0.23193359375,-0.37841796875,0.048828125,-1.11083984375,-0.18310546875,-0.6103515625,-0.146484375,0.47607421875,0.08544921875,-1.220703125,-0.03662109375,-0.20751953125,0.0244140625,-0.8056640625,0.18310546875,0.8544921875,0.0732421875,0.23193359375,-0.62255859375,-0.29296875,-0.390625,-0.87890625,0.03662109375,-0.45166015625,-0.0732421875,-0.74462890625,0.20751953125,-0.18310546875,0.390625,-0.62255859375,-0.28076171875,-0.4150390625,0,0.59814453125,-0.08544921875,1.15966796875,-0.18310546875,0.537109375,0.1953125,-0.15869140625,0.13427734375,0.76904296875,-0.244140625,0.7080078125,-0.25634765625,0.40283203125,0.1220703125,0.54931640625,0.35400390625,0.1708984375,-0.10986328125,0.2685546875,0.08544921875,1.0498046875,0.01220703125,0.1953125,-0.28076171875,0.20751953125,-0.10986328125,0.28076171875,0.1708984375,0.8056640625,0.23193359375,0.048828125,0.1708984375,1.33056640625,0.048828125,-0.9765625,0.03662109375,-0.341796875,-0.0244140625,-0.9765625,0.244140625,-0.76904296875,-0.13427734375,-1.46484375,-0.28076171875,-0.244140625,0.1953125,-0.2685546875,-0.23193359375,-1.20849609375,-0.048828125,4.833984375,-0.048828125,4.7119140625,-0.1220703125,7.26318359375,-0.13427734375,5.16357421875,0.0732421875,-0.68359375,0,-1.4404296875,-0.01220703125,-1.06201171875,-0.09765625,0.3662109375,-0.25634765625,0.244140625,-0.10986328125,-0.1220703125,-0.06103515625,-0.0244140625,-0.15869140625,0.01220703125,-0.13427734375,0.0244140625,-0.0732421875,0.84228515625,-0.048828125,-0.439453125,0.09765625,-0.48828125
1,-0.30517578125,-0.390625,-0.2197265625,-0.30517578125,0.54931640625,-0.4150390625,-0.42724609375,0,-0.37841796875,-0.146484375,-0.0732421875,-0.96435546875,-0.0244140625,0.9521484375,0.18310546875,-0.3662109375,-0.01220703125,-1.123046875,-0.18310546875,-0.6103515625,-0.146484375,0.48828125,-0.146484375,-1.220703125,0.0244140625,-0.20751953125,0.0244140625,-0.79345703125,0.15869140625,0.89111328125,0.0732421875,0.2197265625,-0.59814453125,-0.28076171875,-0.40283203125,-0.86669921875,0.10986328125,-0.42724609375,-0.08544921875,-0.72021484375,0.2197265625,-0.1708984375,0.4150390625,-0.6103515625,-0.18310546875,-0.390625,0.048828125,0.62255859375,-0.048828125,1.13525390625,-0.18310546875,0.5126953125,0.146484375,-0.1708984375,0.06103515625,0.7568359375,-0.3173828125,0.67138671875,-0.20751953125,0.390625,0.06103515625,0.52490234375,0.2685546875,0.146484375,-0.0244140625,0.28076171875,0.146484375,1.0498046875,0.06103515625,0.1953125,-0.23193359375,0.23193359375,-0.09765625,0.2685546875,0.15869140625,0.8056640625,0.20751953125,0.03662109375,0.146484375,1.3427734375,0.1220703125,-0.9521484375,0.0732421875,-0.341796875,-0.03662109375,-0.98876953125,0.1953125,-0.7568359375,-0.146484375,-1.45263671875,-0.25634765625,-0.2685546875,0.244140625,-0.28076171875,-0.18310546875,-1.2451171875,-0.1708984375,4.39453125,-0.03662109375,4.2724609375,-0.08544921875,6.55517578125,-0.15869140625,4.74853515625,-0.01220703125,-0.69580078125,0.10986328125,-1.45263671875,-0.03662109375,-1.03759765625,-0.13427734375,0.3662109375,-0.244140625,0.25634765625,-0.0732421875,-0.1220703125,-0.0732421875,-0.01220703125,-0.15869140625,0,-0.10986328125,-0.01220703125,-0.08544921875,0.84228515625,-0.0244140625,-0.42724609375,0.09765625,-0.5126953125
1,-0.3173828125,-0.40283203125,-0.2197265625,-0.29296875,0.52490234375,-0.390625,-0.42724609375,-0.01220703125,-0.3662109375,-0.15869140625,-0.0732421875,-0.96435546875,-0.01220703125,0.93994140625,0.15869140625,-0.341796875,-0.0732421875,-1.123046875,-0.1220703125,-0.57373046875,-0.146484375,0.48828125,-0.35400390625,-1.23291015625,0.06103515625,-0.1953125,0.01220703125,-0.78125,0.1220703125,0.86669921875,0.0244140625,0.2197265625,-0.47607421875,-0.25634765625,-0.48828125,-0.84228515625,0.18310546875,-0.4150390625,-0.13427734375,-0.72021484375,0.2197265625,-0.146484375,0.37841796875,-0.62255859375,-0.08544921875,-0.3662109375,0.08544921875,0.64697265625,-0.0244140625,1.171875,-0.20751953125,0.48828125,0.1220703125,-0.1708984375,0.0244140625,0.74462890625,-0.341796875,0.64697265625,-0.18310546875,0.42724609375,-0.0732421875,0.537109375,0.30517578125,0.1220703125,0.08544921875,0.2685546875,0.1953125,1.06201171875,0.08544921875,0.1708984375,-0.20751953125,0.23193359375,-0.09765625,0.30517578125,0.146484375,0.830078125,0.18310546875,0.0244140625,0.08544921875,1.3671875,0.2197265625,-0.96435546875,0.09765625,-0.341796875,-0.048828125,-1.0009765625,0.09765625,-0.76904296875,-0.15869140625,-1.46484375,-0.1953125,-0.2685546875,0.2197265625,-0.29296875,-0.0732421875,-1.26953125,-0.25634765625,3.84521484375,-0.06103515625,3.759765625,-0.048828125,5.77392578125,-0.15869140625,4.23583984375,-0.03662109375,-0.72021484375,0.20751953125,-1.45263671875,-0.0244140625,-1.025390625,-0.146484375,0.390625,-0.2685546875,0.244140625,-0.09765625,-0.1220703125,-0.06103515625,0,-0.15869140625,-0.0244140625,-0.09765625,0,-0.08544921875,0.84228515625,-0.01220703125,-0.42724609375,0.09765625,-0.48828125
1,-0.3173828125,-0.390625,-0.20751953125,-0.28076171875,0.48828125,-0.37841796875,-0.4150390625,-0.01220703125,-0.3662109375,-0.1708984375,-0.0732421875,-0.9765625,-0.03662109375,0.93994140625,0.10986328125,-0.3173828125,-0.13427734375,-1.13525390625,-0.03662109375,-0.57373046875,-0.244140625,0.47607421875,-0.390625,-1.26953125,0.048828125,-0.20751953125,0.01220703125,-0.79345703125,0.0732421875,0.86669921875,-0.01220703125,0.23193359375,-0.32958984375,-0.2685546875,-0.537109375,-0.8544921875,0.1708984375,-0.37841796875,-0.15869140625,-0.7080078125,0.25634765625,-0.13427734375,0.32958984375,-0.62255859375,-0.01220703125,-0.3662109375,0.0732421875,0.67138671875,-0.0244140625,1.171875,-0.18310546875,0.4638671875,0.10986328125,-0.1708984375,-0.03662109375,0.74462890625,-0.3662109375,0.6591796875,-0.10986328125,0.439453125,-0.2197265625,0.5615234375,0.30517578125,0.10986328125,0.146484375,0.28076171875,0.2685546875,1.03759765625,0.10986328125,0.18310546875,-0.13427734375,0.23193359375,-0.06103515625,0.30517578125,0.1220703125,0.8056640625,0.146484375,0,0.048828125,1.37939453125,0.244140625,-0.9765625,0.06103515625,-0.35400390625,-0.03662109375,-0.9765625,-0.06103515625,-0.76904296875,-0.18310546875,-1.47705078125,-0.15869140625,-0.2685546875,0.10986328125,-0.3173828125,0.048828125,-1.26953125,-0.3173828125,3.271484375,-0.06103515625,3.22265625,-0.048828125,4.98046875,-0.08544921875,3.69873046875,-0.0244140625,-0.7080078125,0.20751953125,-1.4404296875,-0.01220703125,-1.03759765625,-0.0732421875,0.390625,-0.2685546875,0.244140625,-0.08544921875,-0.1220703125,-0.0732421875,-0.01220703125,-0.15869140625,-0.01220703125,-0.10986328125,0,-0.08544921875,0.86669921875,0.0244140625,-0.42724609375,0.08544921875,-0.48828125
1,-0.30517578125,-0.390625,-0.18310546875,-0.244140625,0.47607421875,-0.390625,-0.390625,0,-0.341796875,-0.1708984375,-0.048828125,-0.96435546875,-0.06103515625,0.91552734375,0.06103515625,-0.30517578125,-0.1708984375,-1.11083984375,0.048828125,-0.54931640625,-0.341796875,0.48828125,-0.29296875,-1.26953125,-0.01220703125,-0.20751953125,-0.01220703125,-0.76904296875,0.0244140625,0.8544921875,-0.146484375,0.2197265625,-0.10986328125,-0.3173828125,-0.5126953125,-0.86669921875,0.13427734375,-0.3662109375,-0.244140625,-0.68359375,0.28076171875,-0.08544921875,0.23193359375,-0.64697265625,0.06103515625,-0.3662109375,0.03662109375,0.7080078125,0,1.18408203125,-0.048828125,0.42724609375,0.0732421875,-0.1708984375,-0.08544921875,0.732421875,-0.3662109375,0.68359375,-0.06103515625,0.45166015625,-0.37841796875,0.54931640625,0.341796875,0.09765625,0.146484375,0.28076171875,0.3173828125,1.03759765625,0.1220703125,0.18310546875,-0.0732421875,0.23193359375,-0.01220703125,0.3173828125,0.08544921875,0.8056640625,0.1220703125,0.01220703125,-0.0244140625,1.3916015625,0.2197265625,-0.96435546875,0.03662109375,-0.341796875,-0.06103515625,-0.98876953125,-0.1953125,-0.78125,-0.18310546875,-1.4892578125,-0.0732421875,-0.25634765625,-0.048828125,-0.29296875,0.18310546875,-1.26953125,-0.37841796875,2.685546875,-0.0732421875,2.63671875,-0.03662109375,4.150390625,-0.0244140625,3.11279296875,0,-0.72021484375,0.18310546875,-1.45263671875,0.01220703125,-1.025390625,-0.0244140625,0.40283203125,-0.29296875,0.23193359375,-0.09765625,-0.146484375,-0.06103515625,-0.01220703125,-0.1708984375,-0.0244140625,-0.10986328125,0.01220703125,-0.06103515625,0.8544921875,0.048828125,-0.42724609375,0.09765625,-0.48828125
1,-0.3173828125,-0.37841796875,-0.15869140625,-0.25634765625,0.45166015625,-0.3662109375,-0.37841796875,0.01220703125,-0.35400390625,-0.1708984375,-0.03662109375,-0.96435546875,-0.09765625,0.93994140625,0.0244140625,-0.29296875,-0.1953125,-1.0986328125,0.15869140625,-0.57373046875,-0.47607421875,0.45166015625,-0.09765625,-1.28173828125,-0.06103515625,-0.23193359375,-0.03662109375,-0.79345703125,-0.03662109375,0.84228515625,-0.29296875,0.20751953125,0.0732421875,-0.3173828125,-0.5126953125,-0.86669921875,0.03662109375,-0.37841796875,-0.28076171875,-0.67138671875,0.25634765625,-0.08544921875,0.146484375,-0.64697265625,0.09765625,-0.390625,0,0.69580078125,0.01220703125,1.18408203125,0.10986328125,0.439453125,0.048828125,-0.1708984375,-0.08544921875,0.732421875,-0.35400390625,0.69580078125,0,0.4638671875,-0.47607421875,0.59814453125,0.29296875,0.0732421875,0.2197265625,0.29296875,0.35400390625,1.025390625,0.1220703125,0.20751953125,-0.03662109375,0.2197265625,0.0732421875,0.29296875,0.01220703125,0.81787109375,0.09765625,-0.0244140625,-0.06103515625,1.37939453125,0.18310546875,-0.9521484375,-0.03662109375,-0.341796875,-0.08544921875,-0.93994140625,-0.341796875,-0.7568359375,-0.18310546875,-1.47705078125,-0.01220703125,-0.28076171875,-0.13427734375,-0.3173828125,0.30517578125,-1.2451171875,-0.37841796875,2.099609375,-0.1220703125,2.03857421875,-0.03662109375,3.3203125,0.03662109375,2.5390625,0.06103515625,-0.732421875,0.10986328125,-1.42822265625,-0.03662109375,-1.03759765625,0.03662109375,0.4150390625,-0.28076171875,0.23193359375,-0.10986328125,-0.13427734375,-0.08544921875,-0.03662109375,-0.1708984375,-0.01220703125,-0.1220703125,0.048828125,-0.03662109375,0.86669921875,0.06103515625,-0.4638671875,0.0732421875,-0.50048828125
1,-0.2685546875,-0.3662109375,-0.1708984375,-0.25634765625,0.439453125,-0.40283203125,-0.37841796875,0.01220703125,-0.341796875,-0.1708984375,-0.03662109375,-0.9521484375,-0.06103515625,0.9521484375,0.01220703125,-0.29296875,-0.1708984375,-1.07421875,0.23193359375,-0.57373046875,-0.537109375,0.4638671875,0.146484375,-1.28173828125,-0.10986328125,-0.2197265625,-0.06103515625,-0.79345703125,-0.06103515625,0.84228515625,-0.45166015625,0.244140625,0.1220703125,-0.32958984375,-0.45166015625,-0.87890625,-0.08544921875,-0.3662109375,-0.32958984375,-0.64697265625,0.2197265625,-0.08544921875,0.06103515625,-0.6591796875,0.1220703125,-0.37841796875,-0.048828125,0.7080078125,0.0244140625,1.1962890625,0.18310546875,0.439453125,0.048828125,-0.18310546875,-0.08544921875,0.72021484375,-0.35400390625,0.732421875,0.0244140625,0.47607421875,-0.5615234375,0.62255859375,0.2197265625,0.08544921875,0.244140625,0.2685546875,0.35400390625,1.03759765625,0.15869140625,0.23193359375,0.01220703125,0.2197265625,0.1220703125,0.30517578125,-0.06103515625,0.81787109375,0.0732421875,-0.06103515625,-0.08544921875,1.3916015625,0.1220703125,-0.9033203125,-0.08544921875,-0.32958984375,-0.13427734375,-0.93994140625,-0.42724609375,-0.76904296875,-0.20751953125,-1.4892578125,0.03662109375,-0.2685546875,-0.18310546875,-0.29296875,0.35400390625,-1.2451171875,-0.341796875,1.50146484375,-0.1953125,1.416015625,-0.09765625,2.490234375,0.08544921875,1.91650390625,0.09765625,-0.7568359375,-0.0244140625,-1.416015625,-0.09765625,-1.03759765625,0.06103515625,0.4150390625,-0.29296875,0.244140625,-0.09765625,-0.09765625,-0.08544921875,-0.0732421875,-0.15869140625,-0.01220703125,-0.146484375,0.03662109375,-0.01220703125,0.87890625,0.06103515625,-0.48828125,0.048828125,-0.5126953125
1,-0.29296875,-0.3662109375,-0.15869140625,-0.25634765625,0.4150390625,-0.40283203125,-0.35400390625,0.01220703125,-0.30517578125,-0.1708984375,-0.03662109375,-0.9765625,-0.0732421875,0.96435546875,-0.03662109375,-0.3173828125,-0.1220703125,-1.0498046875,0.23193359375,-0.57373046875,-0.50048828125,0.4638671875,0.3662109375,-1.2939453125,-0.15869140625,-0.2197265625,-0.09765625,-0.7568359375,-0.146484375,0.86669921875,-0.5859375,0.23193359375,0.15869140625,-0.341796875,-0.390625,-0.87890625,-0.20751953125,-0.341796875,-0.32958984375,-0.59814453125,0.13427734375,-0.0732421875,0,-0.6591796875,0.10986328125,-0.42724609375,-0.0732421875,0.7080078125,0.01220703125,1.1962890625,0.2197265625,0.4638671875,0.0732421875,-0.1708984375,-0.08544921875,0.74462890625,-0.30517578125,0.74462890625,0.01220703125,0.4638671875,-0.68359375,0.67138671875,0.1220703125,0.10986328125,0.28076171875,0.244140625,0.341796875,1.01318359375,0.146484375,0.23193359375,0.01220703125,0.20751953125,0.18310546875,0.28076171875,-0.10986328125,0.8544921875,0.03662109375,-0.03662109375,-0.06103515625,1.3671875,0.0732421875,-0.91552734375,-0.146484375,-0.3173828125,-0.20751953125,-0.93994140625,-0.4150390625,-0.78125,-0.1953125,-1.50146484375,0,-0.28076171875,-0.1708984375,-0.3173828125,0.3173828125,-1.23291015625,-0.30517578125,0.89111328125,-0.2685546875,0.79345703125,-0.15869140625,1.64794921875,0.146484375,1.30615234375,0.10986328125,-0.7568359375,-0.146484375,-1.42822265625,-0.146484375,-1.0498046875,0.08544921875,0.42724609375,-0.28076171875,0.2197265625,-0.13427734375,-0.09765625,-0.06103515625,-0.0732421875,-0.146484375,0,-0.15869140625,0.06103515625,0,0.8544921875,0.0732421875,-0.48828125,0.03662109375,-0.50048828125
0,-0.244140625,-0.35400390625,-0.146484375,-0.2685546875,0.37841796875,-0.40283203125,-0.30517578125,0,-0.2685546875,-0.15869140625,-0.03662109375,-0.96435546875,-0.06103515625,0.96435546875,-0.06103515625,-0.37841796875,-0.048828125,-1.06201171875,0.2197265625,-0.5859375,-0.40283203125,0.45166015625,0.4638671875,-1.2939453125,-0.20751953125,-0.20751953125,-0.1708984375,-0.79345703125,-0.1953125,0.8544921875,-0.62255859375,0.23193359375,0.09765625,-0.341796875,-0.30517578125,-0.9033203125,-0.3173828125,-0.35400390625,-0.28076171875,-0.57373046875,0.03662109375,-0.10986328125,0.03662109375,-0.6591796875,0.048828125,-0.42724609375,-0.08544921875,0.68359375,-0.0244140625,1.18408203125,0.1953125,0.47607421875,0.0244140625,-0.146484375,-0.1220703125,0.7568359375,-0.244140625,0.74462890625,-0.03662109375,0.4638671875,-0.72021484375,0.7080078125,0.01220703125,0.13427734375,0.3173828125,0.20751953125,0.30517578125,1.025390625,0.13427734375,0.244140625,0.01220703125,0.20751953125,0.1953125,0.2685546875,-0.1708984375,0.89111328125,0.0244140625,-0.01220703125,-0.06103515625,1.3671875,0,-0.927734375,-0.20751953125,-0.341796875,-0.244140625,-0.9521484375,-0.3662109375,-0.78125,-0.1708984375,-1.4892578125,-0.06103515625,-0.2685546875,-0.10986328125,-0.30517578125,0.20751953125,-1.20849609375,-0.23193359375,0.25634765625,-0.3173828125,0.1708984375,-0.23193359375,0.79345703125,0.1953125,0.72021484375,0.10986328125,-0.76904296875,-0.20751953125,-1.4404296875,-0.1953125,-1.0498046875,0.10986328125,0.4150390625,-0.25634765625,0.2197265625,-0.09765625,-0.10986328125,-0.0732421875,-0.09765625,-0.13427734375,0,-0.1708984375,0.06103515625,0,0.87890625,0.06103515625,-0.5126953125,0.0244140625,-0.48828125
0,-0.23193359375,-0.341796875,-0.13427734375,-0.28076171875,0.35400390625,-0.4150390625,-0.28076171875,-0.01220703125,-0.2197265625,-0.146484375,-0.048828125,-0.9765625,-0.06103515625,0.96435546875,-0.0732421875,-0.37841796875,0.01220703125,-1.06201171875,0.1953125,-0.5859375,-0.23193359375,0.4638671875,0.45166015625,-1.2451171875,-0.244140625,-0.20751953125,-0.2197265625,-0.81787109375,-0.2685546875,0.84228515625,-0.5859375,0.23193359375,-0.0244140625,-0.341796875,-0.20751953125,-0.89111328125,-0.390625,-0.37841796875,-0.30517578125,-0.5126953125,-0.06103515625,-0.13427734375,0.10986328125,-0.634765625,-0.03662109375,-0.42724609375,-0.08544921875,0.68359375,-0.0732421875,1.15966796875,0.15869140625,0.48828125,0.01220703125,-0.13427734375,-0.1953125,0.7568359375,-0.1953125,0.7568359375,-0.03662109375,0.45166015625,-0.74462890625,0.74462890625,-0.09765625,0.13427734375,0.30517578125,0.18310546875,0.1953125,1.025390625,0.15869140625,0.2197265625,0.01220703125,0.20751953125,0.1953125,0.25634765625,-0.2197265625,0.87890625,0.01220703125,-0.01220703125,-0.09765625,1.35498046875,-0.08544921875,-0.927734375,-0.244140625,-0.3173828125,-0.244140625,-0.93994140625,-0.244140625,-0.8056640625,-0.15869140625,-1.4892578125,-0.15869140625,-0.25634765625,-0.06103515625,-0.30517578125,0.0244140625,-1.18408203125,-0.23193359375,-0.390625,-0.3173828125,-0.4638671875,-0.29296875,-0.0732421875,0.244140625,0.1220703125,0.08544921875,-0.7568359375,-0.244140625,-1.4404296875,-0.20751953125,-1.06201171875,0.1708984375,0.4150390625,-0.244140625,0.244140625,-0.1220703125,-0.09765625,-0.06103515625,-0.10986328125,-0.1220703125,0.0244140625,-0.18310546875,0.048828125,0,0.87890625,0.0244140625,-0.48828125,0.03662109375,-0.50048828125
0,-0.1953125,-0.3662109375,-0.10986328125,-0.28076171875,0.3173828125,-0.4150390625,-0.2685546875,-0.01220703125,-0.23193359375,-0.1220703125,-0.0732421875,-0.9765625,-0.048828125,0.96435546875,-0.0732421875,-0.40283203125,0.048828125,-1.0498046875,0.15869140625,-0.6103515625,-0.0244140625,0.47607421875,0.3662109375,-1.20849609375,-0.244140625,-0.18310546875,-0.244140625,-0.830078125,-0.32958984375,0.87890625,-0.45166015625,0.244140625,-0.13427734375,-0.32958984375,-0.1708984375,-0.87890625,-0.42724609375,-0.390625,-0.341796875,-0.47607421875,-0.1220703125,-0.15869140625,0.1708984375,-0.6103515625,-0.18310546875,-0.37841796875,-0.048828125,0.6591796875,-0.1220703125,1.171875,0.09765625,0.48828125,0,-0.146484375,-0.29296875,0.7568359375,-0.146484375,0.74462890625,0.01220703125,0.45166015625,-0.732421875,0.74462890625,-0.09765625,0.13427734375,0.3173828125,0.1708984375,0.09765625,1.025390625,0.18310546875,0.20751953125,0.01220703125,0.2197265625,0.146484375,0.2685546875,-0.25634765625,0.9033203125,0.03662109375,-0.01220703125,-0.13427734375,1.33056640625,-0.13427734375,-0.927734375,-0.2685546875,-0.3173828125,-0.2197265625,-0.96435546875,-0.09765625,-0.79345703125,-0.10986328125,-1.46484375,-0.244140625,-0.244140625,0.0244140625,-0.28076171875,-0.146484375,-1.1962890625,-0.20751953125,-0.9765625,-0.244140625,-1.07421875,-0.29296875,-0.89111328125,0.25634765625,-0.4150390625,0.01220703125,-0.78125,-0.2197265625,-1.45263671875,-0.146484375,-1.0009765625,0.18310546875,0.4150390625,-0.244140625,0.23193359375,-0.1220703125,-0.13427734375,-0.06103515625,-0.10986328125,-0.1220703125,0.0244140625,-0.146484375,0.03662109375,-0.01220703125,0.89111328125,-0.03662109375,-0.50048828125,0.0244140625,-0.50048828125
0,-0.23193359375,-0.37841796875,-0.08544921875,-0.30517578125,0.3173828125,-0.4150390625,-0.25634765625,0,-0.2197265625,-0.10986328125,-0.09765625,-0.9765625,-0.03662109375,0.96435546875,-0.09765625,-0.390625,0.06103515625,-1.06201171875,0.10986328125,-0.59814453125,0.13427734375,0.48828125,0.2197265625,-1.20849609375,-0.244140625,-0.15869140625,-0.244140625,-0.8056640625,-0.341796875,0.9033203125,-0.25634765625,0.244140625,-0.23193359375,-0.30517578125,-0.13427734375,-0.87890625,-0.390625,-0.40283203125,-0.341796875,-0.42724609375,-0.1220703125,-0.1953125,0.244140625,-0.59814453125,-0.30517578125,-0.3662109375,-0.03662109375,0.634765625,-0.13427734375,1.15966796875,0.048828125,0.50048828125,-0.0244140625,-0.15869140625,-0.29296875,0.76904296875,-0.10986328125,0.74462890625,0.0732421875,0.42724609375,-0.7080078125,0.74462890625,-0.09765625,0.13427734375,0.30517578125,0.1708984375,0,1.0498046875,0.1708984375,0.1953125,-0.01220703125,0.1953125,0.10986328125,0.2685546875,-0.2685546875,0.9033203125,0.0732421875,-0.01220703125,-0.1708984375,1.30615234375,-0.146484375,-0.9521484375,-0.28076171875,-0.29296875,-0.146484375,-0.96435546875,0,-0.8056640625,-0.0732421875,-1.46484375,-0.2685546875,-0.20751953125,0.06103515625,-0.30517578125,-0.29296875,-1.18408203125,-0.18310546875,-1.52587890625,-0.146484375,-1.55029296875,-0.23193359375,-1.611328125,0.1708984375,-0.86669921875,-0.06103515625,-0.76904296875,-0.18310546875,-1.45263671875,-0.1220703125,-1.0009765625,0.15869140625,0.4150390625,-0.23193359375,0.25634765625,-0.13427734375,-0.1220703125,-0.08544921875,-0.10986328125,-0.1220703125,0,-0.13427734375,0.01220703125,-0.048828125,0.89111328125,-0.0732421875,-0.48828125,0.048828125,-0.48828125
0,-0.20751953125,-0.390625,-0.01220703125,-0.28076171875,0.28076171875,-0.40283203125,-0.25634765625,-0.01220703125,-0.1953125,-0.10986328125,-0.08544921875,-0.9765625,0.01220703125,0.96435546875,-0.10986328125,-0.37841796875,0.01220703125,-1.06201171875,0.08544921875,-0.59814453125,0.2197265625,0.48828125,0.1220703125,-1.18408203125,-0.1953125,-0.15869140625,-0.20751953125,-0.79345703125,-0.341796875,0.9033203125,-0.06103515625,0.2685546875,-0.32958984375,-0.29296875,-0.146484375,-0.86669921875,-0.32958984375,-0.439453125,-0.3662109375,-0.40283203125,-0.09765625,-0.1953125,0.3173828125,-0.6103515625,-0.390625,-0.35400390625,0.01220703125,0.634765625,-0.10986328125,1.171875,-0.048828125,0.48828125,-0.03662109375,-0.18310546875,-0.25634765625,0.74462890625,-0.06103515625,0.732421875,0.10986328125,0.42724609375,-0.64697265625,0.7080078125,-0.06103515625,0.10986328125,0.28076171875,0.1708984375,-0.10986328125,1.0498046875,0.18310546875,0.18310546875,-0.0244140625,0.20751953125,0.0732421875,0.29296875,-0.2685546875,0.91552734375,0.15869140625,-0.01220703125,-0.20751953125,1.33056640625,-0.146484375,-0.96435546875,-0.244140625,-0.3173828125,-0.03662109375,-0.98876953125,0.048828125,-0.78125,-0.06103515625,-1.47705078125,-0.29296875,-0.20751953125,0.0244140625,-0.28076171875,-0.32958984375,-1.20849609375,-0.1953125,-1.9287109375,-0.03662109375,-1.904296875,-0.20751953125,-2.18505859375,0.048828125,-1.1962890625,-0.15869140625,-0.78125,-0.09765625,-1.47705078125,-0.08544921875,-0.98876953125,0.10986328125,0.40283203125,-0.2197265625,0.2685546875,-0.1220703125,-0.13427734375,-0.0732421875,-0.08544921875,-0.13427734375,0,-0.1220703125,0,-0.06103515625,0.89111328125,-0.08544921875,-0.47607421875,0.048828125,-0.50048828125
0,-0.2197265625,-0.40283203125,0,-0.2685546875,0.2197265625,-0.37841796875,-0.244140625,0,-0.1708984375,-0.1220703125,-0.1220703125,-0.9521484375,0.048828125,0.93994140625,-0.09765625,-0.37841796875,-0.06103515625,-1.06201171875,0.09765625,-0.5859375,0.2197265625,0.48828125,0.08544921875,-1.1962890625,-0.15869140625,-0.15869140625,-0.15869140625,-0.79345703125,-0.30517578125,0.89111328125,0.0732421875,0.25634765625,-0.2197265625,-0.2685546875,-0.20751953125,-0.86669921875,-0.2197265625,-0.42724609375,-0.30517578125,-0.390625,0.01220703125,-0.1953125,0.3662109375,-0.59814453125,-0.439453125,-0.3173828125,0.0732421875,0.6103515625,-0.03662109375,1.18408203125,-0.13427734375,0.48828125,-0.09765625,-0.13427734375,-0.23193359375,0.74462890625,-0.146484375,0.7080078125,0.10986328125,0.42724609375,-0.5615234375,0.64697265625,-0.01220703125,0.10986328125,0.2197265625,0.18310546875,-0.18310546875,1.06201171875,0.1953125,0.1708984375,-0.048828125,0.2197265625,0.048828125,0.25634765625,-0.2685546875,0.89111328125,0.244140625,-0.01220703125,-0.23193359375,1.33056640625,-0.13427734375,-0.9521484375,-0.2197265625,-0.30517578125,0.08544921875,-1.0009765625,0.0732421875,-0.76904296875,-0.10986328125,-1.47705078125,-0.2685546875,-0.20751953125,-0.06103515625,-0.2685546875,-0.30517578125,-1.1962890625,-0.2197265625,-2.197265625,-0.01220703125,-2.099609375,-0.25634765625,-2.5146484375,-0.13427734375,-1.37939453125,-0.18310546875,-0.7568359375,0.01220703125,-1.47705078125,-0.0732421875,-0.98876953125,0.0244140625,0.42724609375,-0.23193359375,0.23193359375,-0.1220703125,-0.146484375,-0.08544921875,-0.10986328125,-0.146484375,0,-0.1220703125,0,-0.08544921875,0.8544921875,-0.10986328125,-0.47607421875,0.0244140625,-0.48828125
0,-0.1953125,-0.390625,-0.0244140625,-0.28076171875,0.20751953125,-0.390625,-0.23193359375,0,-0.1708984375,-0.15869140625,-0.13427734375,-0.96435546875,0.0732421875,0.927734375,-0.08544921875,-0.3662109375,-0.146484375,-1.07421875,0.09765625,-0.59814453125,0.13427734375,0.48828125,0.03662109375,-1.1962890625,-0.1220703125,-0.1708984375,-0.0732421875,-0.78125,-0.2197265625,0.87890625,0.1220703125,0.2685546875,-0.0732421875,-0.244140625,-0.29296875,-0.86669921875,-0.1220703125,-0.4150390625,-0.28076171875,-0.4150390625,0.08544921875,-0.20751953125,0.37841796875,-0.634765625,-0.4150390625,-0.30517578125,0.10986328125,0.59814453125,0.048828125,1.18408203125,-0.244140625,0.45166015625,-0.146484375,-0.146484375,-0.18310546875,0.732421875,-0.244140625,0.67138671875,0.146484375,0.45166015625,-0.50048828125,0.54931640625,0,0.10986328125,0.13427734375,0.15869140625,-0.244140625,1.0498046875,0.18310546875,0.15869140625,-0.0732421875,0.2197265625,-0.0244140625,0.29296875,-0.244140625,0.87890625,0.3173828125,0,-0.28076171875,1.35498046875,-0.08544921875,-0.9521484375,-0.146484375,-0.3173828125,0.1708984375,-1.01318359375,0.048828125,-0.7568359375,-0.18310546875,-1.47705078125,-0.23193359375,-0.20751953125,-0.1953125,-0.29296875,-0.18310546875,-1.1962890625,-0.1708984375,-2.2705078125,-0.0244140625,-2.1240234375,-0.3173828125,-2.587890625,-0.1953125,-1.40380859375,-0.15869140625,-0.74462890625,0.06103515625,-1.47705078125,-0.10986328125,-0.9765625,-0.048828125,0.42724609375,-0.2197265625,0.25634765625,-0.1220703125,-0.13427734375,-0.0732421875,-0.09765625,-0.10986328125,0.0244140625,-0.13427734375,0.0244140625,-0.10986328125,0.8544921875,-0.10986328125,-0.45166015625,0.01220703125,-0.4638671875
0,-0.20751953125,-0.37841796875,-0.01220703125,-0.28076171875,0.13427734375,-0.390625,-0.20751953125,0,-0.15869140625,-0.146484375,-0.146484375,-0.9521484375,0.13427734375,0.93994140625,-0.048828125,-0.341796875,-0.23193359375,-1.06201171875,0.146484375,-0.54931640625,0,0.50048828125,0.03662109375,-1.23291015625,-0.048828125,-0.18310546875,0.01220703125,-0.7568359375,-0.13427734375,0.87890625,0.146484375,0.2685546875,0.01220703125,-0.244140625,-0.40283203125,-0.86669921875,-0.048828125,-0.42724609375,-0.1953125,-0.4638671875,0.146484375,-0.1708984375,0.439453125,-0.634765625,-0.32958984375,-0.32958984375,0.1708984375,0.6103515625,0.1220703125,1.1962890625,-0.3173828125,0.439453125,-0.1708984375,-0.15869140625,-0.1708984375,0.732421875,-0.3173828125,0.69580078125,0.15869140625,0.4638671875,-0.390625,0.50048828125,-0.0244140625,0.09765625,0.10986328125,0.18310546875,-0.32958984375,1.0498046875,0.1708984375,0.1708984375,-0.0732421875,0.23193359375,-0.03662109375,0.28076171875,-0.23193359375,0.89111328125,0.3662109375,-0.0244140625,-0.3173828125,1.3671875,-0.03662109375,-0.9521484375,-0.0732421875,-0.30517578125,0.23193359375,-1.01318359375,0.0244140625,-0.76904296875,-0.23193359375,-1.50146484375,-0.244140625,-0.1953125,-0.28076171875,-0.28076171875,0,-1.220703125,-0.18310546875,-2.16064453125,0.01220703125,-1.98974609375,-0.341796875,-2.4169921875,-0.1708984375,-1.28173828125,-0.06103515625,-0.732421875,0.08544921875,-1.46484375,-0.10986328125,-1.01318359375,-0.0732421875,0.42724609375,-0.23193359375,0.244140625,-0.10986328125,-0.1220703125,-0.0732421875,-0.1220703125,-0.10986328125,0.01220703125,-0.13427734375,0.0244140625,-0.10986328125,0.8544921875,-0.10986328125,-0.45166015625,0.01220703125,-0.48828125
0,-0.18310546875,-0.3662109375,-0.01220703125,-0.30517578125,0.08544921875,-0.390625,-0.2197265625,-0.01220703125,-0.15869140625,-0.1708984375,-0.15869140625,-0.9521484375,0.146484375,0.93994140625,-0.0244140625,-0.3662109375,-0.3173828125,-1.06201171875,0.13427734375,-0.54931640625,-0.15869140625,0.47607421875,0.06103515625,-1.2451171875,-0.0732421875,-0.20751953125,0.08544921875,-0.7568359375,-0.048828125,0.87890625,0.10986328125,0.25634765625,0.01220703125,-0.25634765625,-0.45166015625,-0.87890625,-0.01220703125,-0.439453125,-0.1220703125,-0.537109375,0.20751953125,-0.1708984375,0.45166015625,-0.64697265625,-0.25634765625,-0.3662109375,0.23193359375,0.62255859375,0.18310546875,1.18408203125,-0.29296875,0.439453125,-0.23193359375,-0.146484375,-0.1953125,0.72021484375,-0.390625,0.68359375,0.1220703125,0.4638671875,-0.30517578125,0.42724609375,-0.03662109375,0.09765625,0.08544921875,0.20751953125,-0.37841796875,1.0498046875,0.15869140625,0.18310546875,-0.08544921875,0.25634765625,-0.09765625,0.29296875,-0.1953125,0.89111328125,0.4150390625,-0.03662109375,-0.32958984375,1.3916015625,0.048828125,-0.91552734375,-0.0244140625,-0.30517578125,0.2197265625,-0.98876953125,-0.01220703125,-0.74462890625,-0.29296875,-1.50146484375,-0.244140625,-0.2197265625,-0.32958984375,-0.2685546875,0.15869140625,-1.1962890625,-0.18310546875,-1.89208984375,-0.03662109375,-1.7333984375,-0.32958984375,-2.05078125,-0.10986328125,-1.0009765625,0.0244140625,-0.72021484375,0.10986328125,-1.4404296875,-0.13427734375,-1.0009765625,-0.01220703125,0.4150390625,-0.23193359375,0.23193359375,-0.08544921875,-0.10986328125,-0.0732421875,-0.1220703125,-0.10986328125,-0.01220703125,-0.146484375,0.048828125,-0.08544921875,0.830078125,-0.06103515625,-0.45166015625,-0.01220703125,-0.50048828125
0,-0.146484375,-0.35400390625,0,-0.28076171875,0.048828125,-0.390625,-0.18310546875,0,-0.15869140625,-0.1708984375,-0.1708984375,-0.9521484375,0.18310546875,0.96435546875,-0.01220703125,-0.35400390625,-0.3662109375,-1.06201171875,0.09765625,-0.54931640625,-0.341796875,0.48828125,0.06103515625,-1.28173828125,-0.03662109375,-0.2197265625,0.1708984375,-0.76904296875,-0.0244140625,0.86669921875,0.03662109375,0.25634765625,-0.048828125,-0.25634765625,-0.4638671875,-0.86669921875,-0.01220703125,-0.45166015625,-0.08544921875,-0.59814453125,0.28076171875,-0.1708984375,0.4150390625,-0.64697265625,-0.146484375,-0.3662109375,0.23193359375,0.64697265625,0.20751953125,1.171875,-0.1708984375,0.45166015625,-0.29296875,-0.13427734375,-0.23193359375,0.732421875,-0.40283203125,0.67138671875,0.06103515625,0.48828125,-0.1708984375,0.40283203125,-0.048828125,0.10986328125,0.0244140625,0.20751953125,-0.42724609375,1.03759765625,0.1220703125,0.20751953125,-0.0244140625,0.25634765625,-0.1708984375,0.3173828125,-0.1953125,0.87890625,0.42724609375,-0.048828125,-0.341796875,1.37939453125,0.09765625,-0.89111328125,0,-0.3173828125,0.146484375,-0.96435546875,0,-0.74462890625,-0.28076171875,-1.52587890625,-0.20751953125,-0.23193359375,-0.2685546875,-0.2685546875,0.25634765625,-1.18408203125,-0.20751953125,-1.55029296875,-0.13427734375,-1.37939453125,-0.30517578125,-1.5869140625,-0.08544921875,-0.68359375,0.15869140625,-0.72021484375,0.09765625,-1.4404296875,-0.146484375,-1.03759765625,0.03662109375,0.4150390625,-0.23193359375,0.2197265625,-0.08544921875,-0.09765625,-0.0732421875,-0.146484375,-0.09765625,-0.0244140625,-0.15869140625,0.0732421875,-0.10986328125,0.830078125,-0.03662109375,-0.45166015625,0,-0.47607421875
0,-0.15869140625,-0.3173828125,0.03662109375,-0.2685546875,0.01220703125,-0.40283203125,-0.146484375,0.01220703125,-0.15869140625,-0.1708984375,-0.1708984375,-0.93994140625,0.18310546875,0.98876953125,0.01220703125,-0.341796875,-0.341796875,-1.0498046875,0.0732421875,-0.54931640625,-0.42724609375,0.48828125,0.08544921875,-1.26953125,-0.03662109375,-0.20751953125,0.1708984375,-0.76904296875,-0.03662109375,0.89111328125,-0.03662109375,0.23193359375,-0.1708984375,-0.2197265625,-0.4150390625,-0.87890625,-0.048828125,-0.47607421875,-0.048828125,-0.69580078125,0.30517578125,-0.13427734375,0.390625,-0.64697265625,-0.048828125,-0.390625,0.244140625,0.64697265625,0.1708984375,1.15966796875,-0.09765625,0.47607421875,-0.341796875,-0.13427734375,-0.25634765625,0.72021484375,-0.390625,0.69580078125,-0.0244140625,0.48828125,-0.0732421875,0.390625,-0.048828125,0.1220703125,0,0.2197265625,-0.4638671875,1.03759765625,0.08544921875,0.1953125,-0.01220703125,0.2685546875,-0.244140625,0.3173828125,-0.1708984375,0.87890625,0.439453125,-0.06103515625,-0.3173828125,1.3671875,0.18310546875,-0.91552734375,0.03662109375,-0.32958984375,0.03662109375,-0.9521484375,0.01220703125,-0.74462890625,-0.244140625,-1.52587890625,-0.18310546875,-0.25634765625,-0.15869140625,-0.28076171875,0.25634765625,-1.171875,-0.25634765625,-1.171875,-0.2197265625,-1.03759765625,-0.2685546875,-1.06201171875,-0.03662109375,-0.35400390625,0.244140625,-0.74462890625,0.10986328125,-1.42822265625,-0.1708984375,-1.07421875,0.08544921875,0.4150390625,-0.2197265625,0.2197265625,-0.09765625,-0.08544921875,-0.08544921875,-0.15869140625,-0.06103515625,-0.01220703125,-0.1708984375,0.08544921875,-0.08544921875,0.8056640625,-0.03662109375,-0.4638671875,-0.01220703125,-0.50048828125
0,-0.10986328125,-0.29296875,0.0244140625,-0.2685546875,-0.0244140625,-0.4150390625,-0.146484375,0.03662109375,-0.146484375,-0.146484375,-0.1708984375,-0.9521484375,0.18310546875,0.9765625,-0.01220703125,-0.341796875,-0.28076171875,-1.0498046875,0.01220703125,-0.54931640625,-0.47607421875,0.48828125,0.0732421875,-1.26953125,0.0244140625,-0.1953125,0.13427734375,-0.78125,-0.0732421875,0.9033203125,-0.09765625,0.244140625,-0.30517578125,-0.1708984375,-0.341796875,-0.87890625,-0.06103515625,-0.48828125,-0.0244140625,-0.76904296875,0.35400390625,-0.146484375,0.40283203125,-0.6591796875,0.08544921875,-0.3662109375,0.23193359375,0.67138671875,0.18310546875,1.123046875,-0.0732421875,0.50048828125,-0.32958984375,-0.13427734375,-0.2685546875,0.72021484375,-0.3173828125,0.68359375,-0.06103515625,0.47607421875,-0.0244140625,0.4150390625,-0.048828125,0.10986328125,-0.048828125,0.1953125,-0.439453125,1.06201171875,0.06103515625,0.20751953125,0.01220703125,0.2685546875,-0.3662109375,0.29296875,-0.10986328125,0.87890625,0.42724609375,-0.048828125,-0.25634765625,1.3671875,0.244140625,-0.927734375,0,-0.341796875,-0.1220703125,-0.927734375,0.03662109375,-0.7568359375,-0.1708984375,-1.513671875,-0.1708984375,-0.2685546875,0.0244140625,-0.2685546875,0.1708984375,-1.1962890625,-0.1953125,-0.86669921875,-0.3173828125,-0.7568359375,-0.2197265625,-0.6103515625,0.01220703125,-0.09765625,0.30517578125,-0.72021484375,0.09765625,-1.4404296875,-0.18310546875,-1.07421875,0.09765625,0.4150390625,-0.2197265625,0.20751953125,-0.10986328125,-0.08544921875,-0.0732421875,-0.15869140625,-0.06103515625,-0.01220703125,-0.15869140625,0.08544921875,-0.0732421875,0.79345703125,-0.03662109375,-0.47607421875,0.0244140625,-0.48828125
0,-0.10986328125,-0.28076171875,0.0244140625,-0.2685546875,-0.09765625,-0.42724609375,-0.13427734375,0.06103515625,-0.1220703125,-0.1220703125,-0.15869140625,-0.9521484375,0.18310546875,0.98876953125,-0.01220703125,-0.32958984375,-0.1953125,-1.0498046875,-0.03662109375,-0.5615234375,-0.439453125,0.47607421875,0.03662109375,-1.25732421875,0.09765625,-0.20751953125,0.048828125,-0.79345703125,-0.15869140625,0.87890625,-0.15869140625,0.20751953125,-0.3173828125,-0.1220703125,-0.29296875,-0.86669921875,-0.0732421875,-0.48828125,0.0244140625,-0.8056640625,0.32958984375,-0.15869140625,0.40283203125,-0.64697265625,0.18310546875,-0.37841796875,0.2197265625,0.64697265625,0.15869140625,1.0986328125,-0.06103515625,0.50048828125,-0.35400390625,-0.13427734375,-0.25634765625,0.72021484375,-0.2197265625,0.69580078125,-0.146484375,0.4638671875,-0.01220703125,0.45166015625,-0.1220703125,0.13427734375,-0.06103515625,0.18310546875,-0.439453125,1.03759765625,0.03662109375,0.2197265625,0.048828125,0.25634765625,-0.3662109375,0.29296875,-0.06103515625,0.9033203125,0.40283203125,-0.03662109375,-0.20751953125,1.33056640625,0.2685546875,-0.93994140625,-0.0244140625,-0.32958984375,-0.2685546875,-0.91552734375,0.03662109375,-0.76904296875,-0.13427734375,-1.513671875,-0.18310546875,-0.29296875,0.1953125,-0.2685546875,0.06103515625,-1.20849609375,-0.1953125,-0.64697265625,-0.32958984375,-0.57373046875,-0.15869140625,-0.32958984375,0.06103515625,0.06103515625,0.30517578125,-0.74462890625,0.10986328125,-1.42822265625,-0.18310546875,-1.06201171875,0.09765625,0.40283203125,-0.1953125,0.23193359375,-0.08544921875,-0.0732421875,-0.0732421875,-0.1708984375,-0.06103515625,0,-0.146484375,0.0732421875,-0.08544921875,0.8056640625,-0.06103515625,-0.48828125,0.06103515625,-0.48828125
1,-0.13427734375,-0.244140625,0.06103515625,-0.2685546875,-0.13427734375,-0.42724609375,-0.10986328125,0.03662109375,-0.0732421875,-0.146484375,-0.13427734375,-0.96435546875,0.13427734375,0.9765625,0,-0.341796875,-0.1220703125,-1.06201171875,-0.0244140625,-0.5859375,-0.28076171875,0.48828125,-0.03662109375,-1.2451171875,0.146484375,-0.1708984375,-0.048828125,-0.8056640625,-0.244140625,0.8544921875,-0.1953125,0.20751953125,-0.3173828125,-0.048828125,-0.244140625,-0.87890625,-0.1220703125,-0.5126953125,0,-0.84228515625,0.244140625,-0.15869140625,0.42724609375,-0.6591796875,0.2685546875,-0.37841796875,0.23193359375,0.6591796875,0.1220703125,1.11083984375,-0.048828125,0.5126953125,-0.35400390625,-0.146484375,-0.23193359375,0.72021484375,-0.1220703125,0.6591796875,-0.23193359375,0.42724609375,-0.0244140625,0.52490234375,-0.20751953125,0.146484375,-0.09765625,0.1708984375,-0.439453125,1.03759765625,0,0.25634765625,0.06103515625,0.23193359375,-0.40283203125,0.29296875,-0.048828125,0.91552734375,0.37841796875,-0.01220703125,-0.146484375,1.33056640625,0.25634765625,-0.96435546875,-0.048828125,-0.341796875,-0.37841796875,-0.927734375,0.01220703125,-0.78125,-0.06103515625,-1.50146484375,-0.1953125,-0.3173828125,0.28076171875,-0.28076171875,-0.06103515625,-1.220703125,-0.18310546875,-0.5615234375,-0.3173828125,-0.537109375,-0.06103515625,-0.25634765625,0.13427734375,0.08544921875,0.23193359375,-0.74462890625,0.09765625,-1.4404296875,-0.15869140625,-1.07421875,0.1220703125,0.40283203125,-0.18310546875,0.23193359375,-0.0732421875,-0.06103515625,-0.06103515625,-0.15869140625,-0.0732421875,0.01220703125,-0.146484375,0.06103515625,-0.09765625,0.830078125,-0.0732421875,-0.48828125,0.06103515625,-0.4638671875
1,-0.15869140625,-0.2197265625,0.0732421875,-0.2685546875,-0.15869140625,-0.42724609375,-0.1220703125,0.048828125,-0.0732421875,-0.13427734375,-0.146484375,-0.9765625,0.0732421875,0.98876953125,-0.03662109375,-0.35400390625,-0.06103515625,-1.06201171875,-0.01220703125,-0.6103515625,-0.10986328125,0.47607421875,-0.048828125,-1.1962890625,0.1708984375,-0.18310546875,-0.18310546875,-0.8056640625,-0.3662109375,0.87890625,-0.28076171875,0.2197265625,-0.2685546875,0.0732421875,-0.146484375,-0.87890625,-0.1708984375,-0.52490234375,-0.06103515625,-0.86669921875,0.146484375,-0.1708984375,0.45166015625,-0.6591796875,0.244140625,-0.37841796875,0.2197265625,0.6591796875,0.146484375,1.123046875,0.01220703125,0.50048828125,-0.341796875,-0.146484375,-0.1953125,0.72021484375,-0.0732421875,0.64697265625,-0.244140625,0.4150390625,-0.0244140625,0.54931640625,-0.25634765625,0.13427734375,-0.146484375,0.146484375,-0.3662109375,1.03759765625,0.01220703125,0.23193359375,0.08544921875,0.2197265625,-0.40283203125,0.28076171875,-0.01220703125,0.927734375,0.32958984375,-0.01220703125,-0.1220703125,1.318359375,0.2197265625,-0.98876953125,-0.09765625,-0.32958984375,-0.40283203125,-0.927734375,-0.048828125,-0.78125,0.01220703125,-1.50146484375,-0.23193359375,-0.29296875,0.3173828125,-0.3173828125,-0.10986328125,-1.220703125,-0.1953125,-0.634765625,-0.244140625,-0.6103515625,0.09765625,-0.390625,0.146484375,-0.01220703125,0.08544921875,-0.7568359375,0.08544921875,-1.45263671875,-0.0732421875,-1.06201171875,0.1708984375,0.40283203125,-0.18310546875,0.23193359375,-0.10986328125,-0.0732421875,-0.0732421875,-0.146484375,-0.09765625,0.0244140625,-0.146484375,0.048828125,-0.1220703125,0.84228515625,-0.09765625,-0.50048828125,0.09765625,-0.45166015625
1,-0.146484375,-0.2197265625,0.09765625,-0.28076171875,-0.1708984375,-0.4150390625,-0.09765625,0.048828125,-0.048828125,-0.13427734375,-0.1220703125,-0.96435546875,0.01220703125,0.96435546875,-0.09765625,-0.35400390625,-0.03662109375,-1.06201171875,0.048828125,-0.6103515625,0.048828125,0.48828125,-0.048828125,-1.18408203125,0.1953125,-0.15869140625,-0.2685546875,-0.78125,-0.45166015625,0.89111328125,-0.29296875,0.2197265625,-0.1708984375,0.15869140625,-0.1220703125,-0.87890625,-0.2197265625,-0.52490234375,-0.1220703125,-0.84228515625,-0.01220703125,-0.1953125,0.390625,-0.634765625,0.20751953125,-0.390625,0.1953125,0.64697265625,0.1220703125,1.13525390625,0.08544921875,0.45166015625,-0.30517578125,-0.146484375,-0.146484375,0.72021484375,-0.01220703125,0.6591796875,-0.20751953125,0.42724609375,-0.01220703125,0.5859375,-0.2685546875,0.146484375,-0.1708984375,0.1220703125,-0.341796875,1.025390625,0,0.23193359375,0.06103515625,0.1953125,-0.390625,0.2685546875,0.06103515625,0.93994140625,0.35400390625,0.0244140625,-0.13427734375,1.318359375,0.15869140625,-1.01318359375,-0.13427734375,-0.3173828125,-0.35400390625,-0.9521484375,-0.10986328125,-0.8056640625,0.06103515625,-1.4892578125,-0.2197265625,-0.30517578125,0.29296875,-0.3173828125,-0.08544921875,-1.23291015625,-0.2685546875,-0.81787109375,-0.10986328125,-0.79345703125,0.1220703125,-0.67138671875,0.146484375,-0.18310546875,-0.048828125,-0.74462890625,0.03662109375,-1.46484375,0,-1.0498046875,0.15869140625,0.40283203125,-0.1708984375,0.25634765625,-0.1220703125,-0.09765625,-0.0732421875,-0.1220703125,-0.146484375,0.048828125,-0.1220703125,0.0244140625,-0.09765625,0.8544921875,-0.1220703125,-0.48828125,0.09765625,-0.48828125
1,-0.13427734375,-0.1953125,0.146484375,-0.28076171875,-0.1953125,-0.40283203125,-0.0732421875,0.048828125,-0.01220703125,-0.15869140625,-0.09765625,-0.96435546875,-0.01220703125,0.9521484375,-0.15869140625,-0.3662109375,-0.0732421875,-1.07421875,0.13427734375,-0.62255859375,0.1708984375,0.48828125,-0.0244140625,-1.171875,0.18310546875,-0.15869140625,-0.32958984375,-0.81787109375,-0.52490234375,0.9033203125,-0.3173828125,0.2197265625,-0.03662109375,0.28076171875,-0.10986328125,-0.87890625,-0.2685546875,-0.50048828125,-0.2197265625,-0.79345703125,-0.13427734375,-0.1953125,0.35400390625,-0.62255859375,0.13427734375,-0.35400390625,0.15869140625,0.634765625,0.1708984375,1.15966796875,0.146484375,0.45166015625,-0.25634765625,-0.13427734375,-0.0732421875,0.72021484375,0,0.6591796875,-0.1220703125,0.4150390625,-0.0244140625,0.6103515625,-0.18310546875,0.13427734375,-0.1708984375,0.13427734375,-0.29296875,1.0498046875,0.06103515625,0.23193359375,0.0244140625,0.18310546875,-0.3662109375,0.2685546875,0.10986328125,0.93994140625,0.3173828125,0.03662109375,-0.1708984375,1.33056640625,0.10986328125,-1.01318359375,-0.18310546875,-0.29296875,-0.23193359375,-0.9765625,-0.1953125,-0.8056640625,0.09765625,-1.4892578125,-0.1953125,-0.28076171875,0.1708984375,-0.30517578125,0,-1.2451171875,-0.30517578125,-1.07421875,0.048828125,-1.0009765625,0.1708984375,-1.0498046875,0.146484375,-0.40283203125,-0.1953125,-0.732421875,-0.01220703125,-1.45263671875,0.0732421875,-1.025390625,0.10986328125,0.40283203125,-0.1708984375,0.2685546875,-0.13427734375,-0.09765625,-0.0732421875,-0.10986328125,-0.15869140625,0.048828125,-0.10986328125,0,-0.13427734375,0.87890625,-0.13427734375,-0.48828125,0.08544921875,-0.47607421875
1,-0.146484375,-0.1953125,0.146484375,-0.29296875,-0.244140625,-0.40283203125,-0.06103515625,0.03662109375,0.03662109375,-0.13427734375,-0.10986328125,-0.9765625,-0.048828125,0.9521484375,-0.20751953125,-0.37841796875,-0.146484375,-1.0986328125,0.244140625,-0.62255859375,0.2197265625,0.48828125,0.01220703125,-1.171875,0.1708984375,-0.15869140625,-0.341796875,-0.79345703125,-0.537109375,0.91552734375,-0.28076171875,0.2197265625,0.09765625,0.390625,-0.1220703125,-0.87890625,-0.30517578125,-0.4638671875,-0.244140625,-0.74462890625,-0.1953125,-0.20751953125,0.244140625,-0.62255859375,0.048828125,-0.37841796875,0.08544921875,0.6103515625,0.146484375,1.171875,0.2197265625,0.42724609375,-0.1953125,-0.146484375,-0.0244140625,0.72021484375,-0.01220703125,0.6591796875,-0.08544921875,0.42724609375,-0.01220703125,0.62255859375,-0.08544921875,0.1220703125,-0.146484375,0.1220703125,-0.2197265625,1.025390625,0.13427734375,0.23193359375,-0.0244140625,0.146484375,-0.3173828125,0.25634765625,0.146484375,0.927734375,0.2685546875,0.01220703125,-0.15869140625,1.33056640625,0.06103515625,-1.0009765625,-0.2197265625,-0.3173828125,-0.10986328125,-0.98876953125,-0.25634765625,-0.8056640625,0.0732421875,-1.4892578125,-0.15869140625,-0.2685546875,0.01220703125,-0.32958984375,0.09765625,-1.2451171875,-0.3662109375,-1.3427734375,0.06103515625,-1.20849609375,0.06103515625,-1.4404296875,0.03662109375,-0.59814453125,-0.2685546875,-0.7568359375,-0.0244140625,-1.45263671875,0.06103515625,-1.01318359375,0.048828125,0.40283203125,-0.15869140625,0.28076171875,-0.09765625,-0.09765625,-0.0732421875,-0.09765625,-0.1708984375,0.048828125,-0.1220703125,0.0244140625,-0.1220703125,0.86669921875,-0.1220703125,-0.47607421875,0.03662109375,-0.48828125
1,-0.146484375,-0.18310546875,0.1708984375,-0.28076171875,-0.23193359375,-0.4150390625,-0.06103515625,0.0244140625,0.0732421875,-0.15869140625,-0.08544921875,-0.96435546875,-0.09765625,0.9521484375,-0.23193359375,-0.3662109375,-0.2197265625,-1.07421875,0.341796875,-0.6103515625,0.1953125,0.48828125,0.08544921875,-1.18408203125,0.146484375,-0.18310546875,-0.3173828125,-0.79345703125,-0.50048828125,0.87890625,-0.23193359375,0.23193359375,0.2685546875,0.439453125,-0.146484375,-0.87890625,-0.3173828125,-0.4638671875,-0.23193359375,-0.732421875,-0.2197265625,-0.20751953125,0.15869140625,-0.6103515625,-0.01220703125,-0.40283203125,0.08544921875,0.5859375,0.13427734375,1.18408203125,0.2197265625,0.4150390625,-0.10986328125,-0.15869140625,-0.01220703125,0.72021484375,-0.0732421875,0.67138671875,-0.0732421875,0.439453125,-0.0244140625,0.59814453125,0,0.10986328125,-0.10986328125,0.10986328125,-0.13427734375,1.03759765625,0.1708984375,0.244140625,-0.03662109375,0.146484375,-0.2685546875,0.25634765625,0.18310546875,0.927734375,0.25634765625,0.01220703125,-0.1953125,1.33056640625,0,-0.9765625,-0.1953125,-0.30517578125,-0.01220703125,-1.01318359375,-0.25634765625,-0.79345703125,0.01220703125,-1.50146484375,-0.1220703125,-0.244140625,-0.15869140625,-0.3173828125,0.13427734375,-1.2451171875,-0.28076171875,-1.50146484375,0.0732421875,-1.33056640625,-0.0732421875,-1.72119140625,0.01220703125,-0.732421875,-0.25634765625,-0.72021484375,-0.048828125,-1.46484375,0.01220703125,-1.0009765625,-0.01220703125,0.4150390625,-0.1708984375,0.2685546875,-0.10986328125,-0.1220703125,-0.0732421875,-0.09765625,-0.18310546875,0.01220703125,-0.13427734375,0.0244140625,-0.09765625,0.86669921875,-0.1220703125,-0.4638671875,0.01220703125,-0.48828125
1,-0.146484375,-0.2197265625,0.1708984375,-0.2685546875,-0.25634765625,-0.42724609375,-0.0244140625,0.048828125,0.09765625,-0.15869140625,-0.0732421875,-0.9521484375,-0.1220703125,0.93994140625,-0.25634765625,-0.35400390625,-0.30517578125,-1.0498046875,0.439453125,-0.5615234375,0.10986328125,0.48828125,0.18310546875,-1.220703125,0.08544921875,-0.1953125,-0.28076171875,-0.78125,-0.42724609375,0.89111328125,-0.18310546875,0.244140625,0.3662109375,0.4638671875,-0.1953125,-0.87890625,-0.40283203125,-0.48828125,-0.1953125,-0.69580078125,-0.1953125,-0.1953125,0.10986328125,-0.6103515625,-0.06103515625,-0.40283203125,0.09765625,0.5859375,0.10986328125,1.20849609375,0.18310546875,0.4150390625,0.01220703125,-0.13427734375,0.048828125,0.72021484375,-0.146484375,0.6591796875,-0.01220703125,0.45166015625,0,0.5615234375,0,0.1220703125,-0.06103515625,0.1220703125,-0.08544921875,1.01318359375,0.20751953125,0.25634765625,-0.01220703125,0.13427734375,-0.20751953125,0.25634765625,0.2197265625,0.91552734375,0.1953125,0.01220703125,-0.25634765625,1.35498046875,-0.01220703125,-0.98876953125,-0.18310546875,-0.30517578125,0.0732421875,-1.025390625,-0.18310546875,-0.78125,-0.03662109375,-1.513671875,-0.146484375,-0.2685546875,-0.25634765625,-0.32958984375,0.1220703125,-1.2451171875,-0.146484375,-1.5625,0.10986328125,-1.3427734375,-0.15869140625,-1.85546875,0.08544921875,-0.74462890625,-0.23193359375,-0.72021484375,-0.06103515625,-1.47705078125,-0.048828125,-1.0009765625,-0.048828125,0.4150390625,-0.18310546875,0.28076171875,-0.09765625,-0.1220703125,-0.0732421875,-0.09765625,-0.15869140625,0,-0.15869140625,0.03662109375,-0.0732421875,0.86669921875,-0.1220703125,-0.45166015625,-0.0244140625,-0.4638671875
1,-0.1220703125,-0.23193359375,0.18310546875,-0.25634765625,-0.29296875,-0.42724609375,0.01220703125,0.0244140625,0.09765625,-0.146484375,-0.08544921875,-0.9521484375,-0.146484375,0.96435546875,-0.2685546875,-0.3173828125,-0.35400390625,-1.06201171875,0.48828125,-0.54931640625,0.0244140625,0.5126953125,0.3173828125,-1.2451171875,0.06103515625,-0.20751953125,-0.244140625,-0.78125,-0.341796875,0.87890625,-0.08544921875,0.244140625,0.32958984375,0.4638671875,-0.23193359375,-0.89111328125,-0.4150390625,-0.48828125,-0.09765625,-0.67138671875,-0.09765625,-0.1953125,0.048828125,-0.62255859375,-0.1220703125,-0.40283203125,0.13427734375,0.5859375,0.0732421875,1.18408203125,0.1220703125,0.439453125,0.10986328125,-0.13427734375,0.0732421875,0.7080078125,-0.20751953125,0.6591796875,-0.03662109375,0.4638671875,0.08544921875,0.537109375,-0.048828125,0.10986328125,0.01220703125,0.13427734375,0,1.0009765625,0.20751953125,0.244140625,0.048828125,0.146484375,-0.1708984375,0.244140625,0.244140625,0.927734375,0.1708984375,0.0244140625,-0.28076171875,1.3671875,-0.048828125,-0.9765625,-0.1708984375,-0.3173828125,0.09765625,-1.025390625,-0.09765625,-0.78125,-0.08544921875,-1.513671875,-0.1953125,-0.23193359375,-0.25634765625,-0.3173828125,0.08544921875,-1.23291015625,-0.0732421875,-1.4892578125,-0.01220703125,-1.26953125,-0.32958984375,-1.79443359375,0.0732421875,-0.67138671875,-0.10986328125,-0.72021484375,-0.08544921875,-1.47705078125,-0.1220703125,-1.01318359375,-0.01220703125,0.40283203125,-0.18310546875,0.2685546875,-0.10986328125,-0.13427734375,-0.0732421875,-0.08544921875,-0.146484375,0,-0.18310546875,0.048828125,-0.06103515625,0.8544921875,-0.10986328125,-0.45166015625,-0.0244140625,-0.48828125
1,-0.10986328125,-0.2685546875,0.18310546875,-0.2685546875,-0.3662109375,-0.4150390625,0.0244140625,0.0244140625,0.146484375,-0.146484375,-0.0732421875,-0.93994140625,-0.18310546875,0.96435546875,-0.28076171875,-0.3173828125,-0.40283203125,-1.0498046875,0.47607421875,-0.537109375,-0.03662109375,0.50048828125,0.439453125,-1.26953125,0.03662109375,-0.23193359375,-0.1708984375,-0.78125,-0.2197265625,0.86669921875,-0.01220703125,0.23193359375,0.20751953125,0.37841796875,-0.23193359375,-0.89111328125,-0.42724609375,-0.48828125,-0.048828125,-0.67138671875,-0.0244140625,-0.1953125,0.0244140625,-0.64697265625,-0.1708984375,-0.40283203125,0.18310546875,0.57373046875,0,1.1474609375,0.15869140625,0.439453125,0.146484375,-0.1220703125,0.0732421875,0.72021484375,-0.2197265625,0.64697265625,-0.03662109375,0.45166015625,0.146484375,0.5126953125,-0.13427734375,0.09765625,0.10986328125,0.13427734375,0.03662109375,1.01318359375,0.18310546875,0.244140625,0.08544921875,0.13427734375,-0.146484375,0.25634765625,0.29296875,0.927734375,0.146484375,0.01220703125,-0.35400390625,1.35498046875,-0.0244140625,-0.96435546875,-0.10986328125,-0.3173828125,0.09765625,-1.025390625,0.0244140625,-0.78125,-0.09765625,-1.52587890625,-0.244140625,-0.2197265625,-0.1708984375,-0.29296875,-0.03662109375,-1.20849609375,0.0244140625,-1.318359375,0.01220703125,-1.0986328125,-0.42724609375,-1.55029296875,0.09765625,-0.48828125,0,-0.732421875,-0.09765625,-1.4404296875,-0.1708984375,-1.03759765625,0.048828125,0.40283203125,-0.15869140625,0.25634765625,-0.08544921875,-0.09765625,-0.09765625,-0.10986328125,-0.13427734375,-0.01220703125,-0.18310546875,0.0732421875,-0.0732421875,0.8544921875,-0.1220703125,-0.42724609375,-0.0244140625,-0.47607421875
1,-0.10986328125,-0.30517578125,0.20751953125,-0.2685546875,-0.37841796875,-0.4150390625,0.048828125,0.0244140625,0.146484375,-0.146484375,-0.08544921875,-0.927734375,-0.1708984375,0.9765625,-0.29296875,-0.32958984375,-0.4150390625,-1.03759765625,0.390625,-0.537109375,-0.0732421875,0.50048828125,0.52490234375,-1.26953125,0.01220703125,-0.23193359375,-0.1220703125,-0.78125,-0.146484375,0.86669921875,0.08544921875,0.23193359375,-0.06103515625,0.2685546875,-0.1953125,-0.87890625,-0.42724609375,-0.50048828125,0.03662109375,-0.72021484375,0.0244140625,-0.1953125,0.0732421875,-0.6591796875,-0.20751953125,-0.4150390625,0.2197265625,0.6103515625,0.0244140625,1.15966796875,0.13427734375,0.45166015625,0.146484375,-0.1220703125,0.01220703125,0.732421875,-0.20751953125,0.64697265625,-0.10986328125,0.45166015625,0.25634765625,0.48828125,-0.244140625,0.10986328125,0.146484375,0.18310546875,0.1220703125,1.01318359375,0.20751953125,0.25634765625,0.1708984375,0.146484375,-0.1220703125,0.2685546875,0.28076171875,0.91552734375,0.09765625,0.01220703125,-0.390625,1.35498046875,-0.0244140625,-0.9765625,-0.08544921875,-0.32958984375,0.0732421875,-1.01318359375,0.146484375,-0.78125,-0.08544921875,-1.5380859375,-0.28076171875,-0.244140625,-0.03662109375,-0.29296875,-0.146484375,-1.18408203125,0.048828125,-1.0498046875,0.048828125,-0.84228515625,-0.37841796875,-1.220703125,0.1220703125,-0.23193359375,0.048828125,-0.72021484375,-0.048828125,-1.4404296875,-0.1708984375,-1.0498046875,0.08544921875,0.40283203125,-0.15869140625,0.2685546875,-0.09765625,-0.08544921875,-0.0732421875,-0.10986328125,-0.10986328125,-0.01220703125,-0.18310546875,0.06103515625,-0.048828125,0.8544921875,-0.146484375,-0.439453125,-0.01220703125,-0.47607421875
1,-0.0732421875,-0.3173828125,0.2197265625,-0.2685546875,-0.390625,-0.4150390625,0.0732421875,0.0244140625,0.1708984375,-0.146484375,-0.08544921875,-0.93994140625,-0.146484375,1.0009765625,-0.32958984375,-0.341796875,-0.390625,-1.03759765625,0.29296875,-0.52490234375,-0.0732421875,0.5126953125,0.5126953125,-1.25732421875,0.0732421875,-0.20751953125,-0.08544921875,-0.78125,-0.09765625,0.87890625,0.18310546875,0.23193359375,-0.32958984375,0.18310546875,-0.1953125,-0.89111328125,-0.390625,-0.47607421875,0.08544921875,-0.732421875,0.048828125,-0.20751953125,0.146484375,-0.634765625,-0.2197265625,-0.4150390625,0.244140625,0.6103515625,0.048828125,1.13525390625,0.048828125,0.50048828125,0.18310546875,-0.13427734375,-0.048828125,0.7568359375,-0.18310546875,0.634765625,-0.13427734375,0.45166015625,0.29296875,0.47607421875,-0.29296875,0.10986328125,0.1708984375,0.15869140625,0.15869140625,1.0009765625,0.20751953125,0.25634765625,0.23193359375,0.18310546875,-0.06103515625,0.25634765625,0.28076171875,0.9033203125,0.06103515625,0,-0.37841796875,1.33056640625,0.03662109375,-0.98876953125,-0.048828125,-0.35400390625,0.03662109375,-0.98876953125,0.244140625,-0.76904296875,-0.048828125,-1.52587890625,-0.28076171875,-0.23193359375,0.15869140625,-0.30517578125,-0.244140625,-1.15966796875,0.01220703125,-0.72021484375,0,-0.54931640625,-0.390625,-0.81787109375,0.0244140625,0.048828125,0.048828125,-0.74462890625,0.01220703125,-1.4404296875,-0.1953125,-1.06201171875,0.06103515625,0.390625,-0.146484375,0.244140625,-0.09765625,-0.08544921875,-0.09765625,-0.13427734375,-0.1220703125,0,-0.146484375,0.0732421875,-0.06103515625,0.8544921875,-0.15869140625,-0.45166015625,0.0244140625,-0.4638671875
1,-0.0732421875,-0.35400390625,0.20751953125,-0.29296875,-0.37841796875,-0.42724609375,0.08544921875,0,0.2197265625,-0.1220703125,-0.08544921875,-0.9521484375,-0.09765625,1.0009765625,-0.32958984375,-0.3662109375,-0.40283203125,-1.025390625,0.15869140625,-0.52490234375,-0.0244140625,0.48828125,0.35400390625,-1.25732421875,0.13427734375,-0.1953125,-0.0732421875,-0.8056640625,-0.06103515625,0.86669921875,0.25634765625,0.23193359375,-0.4638671875,0.03662109375,-0.1953125,-0.86669921875,-0.32958984375,-0.4638671875,0.09765625,-0.74462890625,0.0732421875,-0.1708984375,0.23193359375,-0.64697265625,-0.1708984375,-0.37841796875,0.29296875,0.59814453125,0.10986328125,1.1474609375,-0.0732421875,0.50048828125,0.15869140625,-0.18310546875,-0.08544921875,0.74462890625,-0.15869140625,0.62255859375,-0.08544921875,0.45166015625,0.2685546875,0.47607421875,-0.341796875,0.09765625,0.2197265625,0.1708984375,0.2197265625,1.0009765625,0.1953125,0.244140625,0.28076171875,0.1953125,-0.0244140625,0.25634765625,0.20751953125,0.86669921875,0.03662109375,0.03662109375,-0.40283203125,1.318359375,0.10986328125,-0.98876953125,0,-0.35400390625,0.01220703125,-0.96435546875,0.28076171875,-0.7568359375,0,-1.52587890625,-0.23193359375,-0.23193359375,0.3173828125,-0.3173828125,-0.28076171875,-1.1474609375,-0.0244140625,-0.390625,0.048828125,-0.29296875,-0.32958984375,-0.4638671875,-0.03662109375,0.29296875,0.03662109375,-0.74462890625,0.08544921875,-1.45263671875,-0.20751953125,-1.0498046875,-0.0244140625,0.390625,-0.15869140625,0.244140625,-0.09765625,-0.08544921875,-0.0732421875,-0.1220703125,-0.08544921875,0.01220703125,-0.15869140625,0.0732421875,-0.0732421875,0.8544921875,-0.18310546875,-0.4638671875,0.048828125,-0.47607421875
1,-0.06103515625,-0.4150390625,0.1953125,-0.29296875,-0.390625,-0.42724609375,0.10986328125,0.0244140625,0.25634765625,-0.13427734375,-0.10986328125,-0.96435546875,-0.06103515625,1.01318359375,-0.341796875,-0.3662109375,-0.3662109375,-1.0498046875,0.08544921875,-0.57373046875,0.06103515625,0.50048828125,0.10986328125,-1.23291015625,0.2197265625,-0.20751953125,-0.06103515625,-0.830078125,-0.08544921875,0.87890625,0.30517578125,0.2197265625,-0.5126953125,-0.10986328125,-0.244140625,-0.84228515625,-0.23193359375,-0.47607421875,0.146484375,-0.74462890625,0.06103515625,-0.18310546875,0.3173828125,-0.6591796875,-0.10986328125,-0.40283203125,0.341796875,0.62255859375,0.15869140625,1.13525390625,-0.146484375,0.48828125,0.1220703125,-0.20751953125,-0.10986328125,0.74462890625,-0.09765625,0.59814453125,-0.09765625,0.42724609375,0.244140625,0.47607421875,-0.3662109375,0.10986328125,0.2197265625,0.20751953125,0.23193359375,1.01318359375,0.18310546875,0.244140625,0.30517578125,0.20751953125,0.0244140625,0.28076171875,0.13427734375,0.8544921875,0,0.03662109375,-0.35400390625,1.35498046875,0.2197265625,-1.025390625,0.0244140625,-0.3662109375,0.0244140625,-0.9521484375,0.2685546875,-0.78125,0.0244140625,-1.50146484375,-0.1708984375,-0.23193359375,0.37841796875,-0.30517578125,-0.2197265625,-1.13525390625,-0.10986328125,-0.13427734375,0.048828125,-0.1220703125,-0.244140625,-0.1953125,-0.06103515625,0.5126953125,-0.0244140625,-0.76904296875,0.1708984375,-1.4404296875,-0.18310546875,-1.06201171875,-0.06103515625,0.37841796875,-0.13427734375,0.23193359375,-0.09765625,-0.08544921875,-0.0732421875,-0.10986328125,-0.0732421875,0.01220703125,-0.13427734375,0.08544921875,-0.0732421875,0.87890625,-0.18310546875,-0.47607421875,0.06103515625,-0.48828125
1,-0.03662109375,-0.42724609375,0.20751953125,-0.28076171875,-0.4150390625,-0.40283203125,0.09765625,0.01220703125,0.28076171875,-0.10986328125,-0.10986328125,-0.96435546875,-0.048828125,0.9765625,-0.35400390625,-0.3662109375,-0.35400390625,-1.03759765625,0.06103515625,-0.59814453125,0.08544921875,0.50048828125,-0.15869140625,-1.18408203125,0.3173828125,-0.15869140625,-0.0732421875,-0.830078125,-0.1220703125,0.87890625,0.29296875,0.2197265625,-0.45166015625,-0.244140625,-0.30517578125,-0.86669921875,-0.15869140625,-0.45166015625,0.10986328125,-0.78125,0.10986328125,-0.1953125,0.32958984375,-0.64697265625,0,-0.390625,0.390625,0.634765625,0.1953125,1.13525390625,-0.1220703125,0.4638671875,0.0732421875,-0.23193359375,-0.13427734375,0.732421875,-0.03662109375,0.59814453125,-0.146484375,0.42724609375,0.15869140625,0.48828125,-0.3662109375,0.09765625,0.2685546875,0.1953125,0.2197265625,1.01318359375,0.1953125,0.23193359375,0.30517578125,0.20751953125,0.048828125,0.2685546875,0.048828125,0.84228515625,-0.06103515625,0.06103515625,-0.32958984375,1.3427734375,0.2685546875,-1.01318359375,0.048828125,-0.37841796875,-0.01220703125,-0.927734375,0.20751953125,-0.7568359375,0,-1.513671875,-0.1220703125,-0.20751953125,0.390625,-0.30517578125,-0.08544921875,-1.13525390625,-0.18310546875,0.01220703125,0.0244140625,0.01220703125,-0.23193359375,-0.08544921875,-0.10986328125,0.64697265625,-0.01220703125,-0.76904296875,0.244140625,-1.45263671875,-0.1708984375,-1.06201171875,-0.048828125,0.390625,-0.1220703125,0.25634765625,-0.09765625,-0.0732421875,-0.0732421875,-0.10986328125,-0.03662109375,0.0244140625,-0.1220703125,0.0732421875,-0.08544921875,0.8544921875,-0.18310546875,-0.47607421875,0.08544921875,-0.47607421875
0,-0.0244140625,-0.439453125,0.1953125,-0.28076171875,-0.42724609375,-0.390625,0.13427734375,0.01220703125,0.29296875,-0.10986328125,-0.10986328125,-0.96435546875,-0.0244140625,0.96435546875,-0.390625,-0.3662109375,-0.37841796875,-1.03759765625,0.03662109375,-0.6103515625,0.06103515625,0.50048828125,-0.390625,-1.15966796875,0.390625,-0.146484375,-0.0732421875,-0.8544921875,-0.1953125,0.9033203125,0.244140625,0.23193359375,-0.29296875,-0.32958984375,-0.35400390625,-0.8544921875,-0.09765625,-0.47607421875,0.01220703125,-0.76904296875,0.13427734375,-0.18310546875,0.28076171875,-0.62255859375,0.13427734375,-0.37841796875,0.390625,0.64697265625,0.25634765625,1.15966796875,-0.0732421875,0.47607421875,-0.01220703125,-0.25634765625,-0.15869140625,0.732421875,0,0.62255859375,-0.1220703125,0.42724609375,0.09765625,0.50048828125,-0.45166015625,0.09765625,0.29296875,0.23193359375,0.18310546875,1.03759765625,0.18310546875,0.23193359375,0.3173828125,0.2197265625,0.03662109375,0.25634765625,-0.048828125,0.8056640625,-0.09765625,0.0732421875,-0.3173828125,1.3427734375,0.25634765625,-1.01318359375,0.0732421875,-0.3662109375,0,-0.927734375,0.09765625,-0.79345703125,-0.01220703125,-1.52587890625,-0.048828125,-0.2197265625,0.30517578125,-0.29296875,0.09765625,-1.123046875,-0.20751953125,0.09765625,0.01220703125,0.0732421875,-0.1953125,-0.09765625,-0.1220703125,0.68359375,0.01220703125,-0.79345703125,0.244140625,-1.45263671875,-0.1220703125,-1.06201171875,-0.0244140625,0.390625,-0.1220703125,0.244140625,-0.10986328125,-0.09765625,-0.08544921875,-0.09765625,-0.03662109375,0.03662109375,-0.10986328125,0.048828125,-0.0732421875,0.8544921875,-0.18310546875,-0.47607421875,0.09765625,-0.48828125
0,-0.01220703125,-0.4638671875,0.244140625,-0.28076171875,-0.42724609375,-0.390625,0.15869140625,0.0244140625,0.32958984375,-0.10986328125,-0.1220703125,-0.9521484375,0.0244140625,0.96435546875,-0.42724609375,-0.32958984375,-0.37841796875,-1.0498046875,0.0732421875,-0.62255859375,0.01220703125,0.47607421875,-0.42724609375,-1.171875,0.3662109375,-0.13427734375,-0.0732421875,-0.830078125,-0.23193359375,0.9033203125,0.1708984375,0.23193359375,-0.10986328125,-0.40283203125,-0.37841796875,-0.8544921875,-0.08544921875,-0.4638671875,-0.01220703125,-0.7568359375,0.1220703125,-0.1953125,0.244140625,-0.62255859375,0.18310546875,-0.3662109375,0.3662109375,0.67138671875,0.25634765625,1.1962890625,-0.048828125,0.4638671875,-0.0732421875,-0.28076171875,-0.15869140625,0.732421875,0,0.6591796875,0.01220703125,0.4150390625,0.0732421875,0.50048828125,-0.5615234375,0.1220703125,0.29296875,0.1953125,0.1220703125,1.0498046875,0.1953125,0.23193359375,0.3173828125,0.23193359375,0.0244140625,0.2685546875,-0.1220703125,0.830078125,-0.10986328125,0.06103515625,-0.30517578125,1.3671875,0.2197265625,-1.025390625,0.048828125,-0.390625,-0.01220703125,-0.96435546875,-0.03662109375,-0.78125,-0.01220703125,-1.5380859375,0.06103515625,-0.2197265625,0.20751953125,-0.30517578125,0.28076171875,-1.11083984375,-0.2197265625,0.048828125,-0.0244140625,0.048828125,-0.18310546875,-0.23193359375,-0.10986328125,0.68359375,0.048828125,-0.7568359375,0.2197265625,-1.45263671875,-0.09765625,-1.03759765625,-0.01220703125,0.4150390625,-0.146484375,0.25634765625,-0.10986328125,-0.09765625,-0.0732421875,-0.0732421875,-0.048828125,0.03662109375,-0.08544921875,0.01220703125,-0.06103515625,0.8544921875,-0.13427734375,-0.47607421875,0.10986328125,-0.48828125
0,0.01220703125,-0.439453125,0.23193359375,-0.28076171875,-0.42724609375,-0.40283203125,0.18310546875,0.03662109375,0.341796875,-0.13427734375,-0.10986328125,-0.9521484375,0.0244140625,0.93994140625,-0.439453125,-0.341796875,-0.439453125,-1.06201171875,0.09765625,-0.64697265625,-0.09765625,0.47607421875,-0.3662109375,-1.1962890625,0.341796875,-0.15869140625,-0.09765625,-0.830078125,-0.29296875,0.927734375,0.048828125,0.2197265625,0.08544921875,-0.45166015625,-0.3662109375,-0.86669921875,-0.10986328125,-0.4638671875,-0.0244140625,-0.732421875,0.10986328125,-0.18310546875,0.18310546875,-0.6103515625,0.20751953125,-0.3662109375,0.32958984375,0.6591796875,0.20751953125,1.220703125,-0.01220703125,0.4638671875,-0.15869140625,-0.28076171875,-0.1953125,0.732421875,0.06103515625,0.732421875,0.048828125,0.439453125,0.0244140625,0.48828125,-0.634765625,0.13427734375,0.3173828125,0.23193359375,0.03662109375,1.06201171875,0.23193359375,0.244140625,0.2685546875,0.20751953125,0,0.28076171875,-0.15869140625,0.84228515625,-0.10986328125,0.048828125,-0.32958984375,1.35498046875,0.15869140625,-1.01318359375,0.06103515625,-0.390625,-0.048828125,-0.9765625,-0.1708984375,-0.78125,0.01220703125,-1.52587890625,0.146484375,-0.23193359375,0.09765625,-0.3173828125,0.42724609375,-1.11083984375,-0.1953125,-0.048828125,-0.08544921875,0.0244140625,-0.1708984375,-0.4638671875,-0.09765625,0.62255859375,0.08544921875,-0.7568359375,0.13427734375,-1.45263671875,-0.06103515625,-1.03759765625,0,0.42724609375,-0.13427734375,0.244140625,-0.1220703125,-0.10986328125,-0.0732421875,-0.0732421875,-0.03662109375,0.01220703125,-0.08544921875,-0.01220703125,-0.048828125,0.8544921875,-0.1220703125,-0.4638671875,0.08544921875,-0.5126953125
0,0.03662109375,-0.42724609375,0.25634765625,-0.28076171875,-0.4150390625,-0.40283203125,0.20751953125,0,0.3662109375,-0.1220703125,-0.09765625,-0.9521484375,0.048828125,0.9521484375,-0.47607421875,-0.341796875,-0.45166015625,-1.0498046875,0.146484375,-0.634765625,-0.244140625,0.47607421875,-0.1708984375,-1.18408203125,0.2685546875,-0.18310546875,-0.10986328125,-0.8056640625,-0.3173828125,0.93994140625,-0.09765625,0.2197265625,0.244140625,-0.439453125,-0.32958984375,-0.84228515625,-0.1953125,-0.4638671875,0,-0.732421875,0.06103515625,-0.1708984375,0.08544921875,-0.6103515625,0.2685546875,-0.3662109375,0.3173828125,0.6591796875,0.13427734375,1.23291015625,0,0.439453125,-0.2197265625,-0.244140625,-0.2685546875,0.732421875,0.06103515625,0.81787109375,0.06103515625,0.4638671875,0.01220703125,0.48828125,-0.7568359375,0.10986328125,0.341796875,0.2197265625,-0.06103515625,1.07421875,0.20751953125,0.244140625,0.23193359375,0.1953125,-0.048828125,0.2685546875,-0.18310546875,0.8544921875,-0.0732421875,0.048828125,-0.341796875,1.37939453125,0.09765625,-0.9765625,0.0244140625,-0.35400390625,-0.09765625,-0.98876953125,-0.2685546875,-0.78125,0.0244140625,-1.5380859375,0.20751953125,-0.25634765625,0.06103515625,-0.2685546875,0.5126953125,-1.123046875,-0.18310546875,-0.20751953125,-0.15869140625,-0.03662109375,-0.20751953125,-0.69580078125,-0.0732421875,0.537109375,0.146484375,-0.74462890625,0,-1.4404296875,-0.10986328125,-1.01318359375,0,0.4150390625,-0.13427734375,0.244140625,-0.13427734375,-0.1220703125,-0.06103515625,-0.0732421875,-0.0244140625,-0.01220703125,-0.10986328125,-0.0244140625,-0.01220703125,0.84228515625,-0.0732421875,-0.4638671875,0.048828125,-0.50048828125
0,0.048828125,-0.37841796875,0.244140625,-0.28076171875,-0.4638671875,-0.4150390625,0.2197265625,0.01220703125,0.40283203125,-0.13427734375,-0.10986328125,-0.9521484375,0.0244140625,0.93994140625,-0.4638671875,-0.35400390625,-0.42724609375,-1.06201171875,0.1953125,-0.6103515625,-0.3173828125,0.4638671875,0.06103515625,-1.20849609375,0.20751953125,-0.1953125,-0.1220703125,-0.8056640625,-0.341796875,0.927734375,-0.23193359375,0.23193359375,0.30517578125,-0.390625,-0.244140625,-0.84228515625,-0.28076171875,-0.45166015625,0.03662109375,-0.7080078125,-0.048828125,-0.15869140625,0.03662109375,-0.6103515625,0.29296875,-0.35400390625,0.29296875,0.67138671875,0.06103515625,1.23291015625,0,0.45166015625,-0.25634765625,-0.2197265625,-0.3662109375,0.732421875,0.0732421875,0.9033203125,0.03662109375,0.45166015625,-0.0244140625,0.47607421875,-0.76904296875,0.1220703125,0.29296875,0.244140625,-0.13427734375,1.07421875,0.23193359375,0.2685546875,0.15869140625,0.20751953125,-0.048828125,0.28076171875,-0.20751953125,0.89111328125,-0.0244140625,0.0244140625,-0.35400390625,1.3916015625,0.01220703125,-0.9521484375,-0.01220703125,-0.35400390625,-0.18310546875,-0.98876953125,-0.28076171875,-0.78125,0.01220703125,-1.52587890625,0.1953125,-0.244140625,0.01220703125,-0.28076171875,0.50048828125,-1.15966796875,-0.13427734375,-0.341796875,-0.23193359375,-0.1220703125,-0.29296875,-0.89111328125,-0.03662109375,0.4638671875,0.1708984375,-0.732421875,-0.09765625,-1.416015625,-0.15869140625,-1.01318359375,0.03662109375,0.42724609375,-0.13427734375,0.25634765625,-0.146484375,-0.13427734375,-0.0732421875,-0.08544921875,-0.01220703125,-0.03662109375,-0.10986328125,-0.01220703125,0.0244140625,0.84228515625,-0.06103515625,-0.45166015625,0.01220703125,-0.48828125
0,0.09765625,-0.341796875,0.2197265625,-0.29296875,-0.4638671875,-0.42724609375,0.23193359375,0,0.439453125,-0.13427734375,-0.1220703125,-0.93994140625,-0.01220703125,0.9521484375,-0.45166015625,-0.35400390625,-0.4150390625,-1.0498046875,0.20751953125,-0.59814453125,-0.32958984375,0.47607421875,0.25634765625,-1.2451171875,0.1220703125,-0.20751953125,-0.1220703125,-0.8056640625,-0.40283203125,0.927734375,-0.341796875,0.23193359375,0.32958984375,-0.341796875,-0.13427734375,-0.84228515625,-0.37841796875,-0.439453125,0.01220703125,-0.7080078125,-0.146484375,-0.146484375,-0.06103515625,-0.62255859375,0.2197265625,-0.35400390625,0.28076171875,0.64697265625,-0.01220703125,1.23291015625,-0.048828125,0.4638671875,-0.30517578125,-0.1708984375,-0.4150390625,0.74462890625,0.06103515625,1.0009765625,0.03662109375,0.45166015625,0,0.47607421875,-0.76904296875,0.1220703125,0.23193359375,0.2197265625,-0.20751953125,1.08642578125,0.20751953125,0.2685546875,0.09765625,0.18310546875,-0.06103515625,0.25634765625,-0.20751953125,0.927734375,0.01220703125,0.03662109375,-0.40283203125,1.3916015625,-0.048828125,-0.93994140625,-0.06103515625,-0.341796875,-0.244140625,-0.98876953125,-0.23193359375,-0.76904296875,0.03662109375,-1.52587890625,0.13427734375,-0.2685546875,0.09765625,-0.29296875,0.40283203125,-1.18408203125,-0.1220703125,-0.45166015625,-0.29296875,-0.1708984375,-0.35400390625,-0.9765625,0.03662109375,0.40283203125,0.15869140625,-0.74462890625,-0.1708984375,-1.42822265625,-0.1953125,-1.025390625,0.09765625,0.42724609375,-0.1220703125,0.2685546875,-0.13427734375,-0.10986328125,-0.06103515625,-0.09765625,0,-0.03662109375,-0.13427734375,0.03662109375,0.0244140625,0.8544921875,-0.06103515625,-0.45166015625,-0.01220703125,-0.48828125
0,0.09765625,-0.32958984375,0.23193359375,-0.28076171875,-0.5126953125,-0.439453125,0.25634765625,0.0244140625,0.439453125,-0.10986328125,-0.1220703125,-0.9521484375,-0.0244140625,0.9765625,-0.4638671875,-0.341796875,-0.35400390625,-1.06201171875,0.2197265625,-0.57373046875,-0.2685546875,0.47607421875,0.37841796875,-1.25732421875,0.03662109375,-0.2197265625,-0.13427734375,-0.8056640625,-0.4638671875,0.9033203125,-0.3662109375,0.20751953125,0.23193359375,-0.29296875,0.01220703125,-0.8544921875,-0.45166015625,-0.439453125,0.06103515625,-0.7080078125,-0.2685546875,-0.146484375,-0.06103515625,-0.6103515625,0.18310546875,-0.37841796875,0.3173828125,0.6591796875,-0.048828125,1.1962890625,-0.0244140625,0.50048828125,-0.341796875,-0.1708984375,-0.40283203125,0.7568359375,0.09765625,1.11083984375,0.0244140625,0.47607421875,0.06103515625,0.4638671875,-0.76904296875,0.146484375,0.13427734375,0.23193359375,-0.244140625,1.07421875,0.13427734375,0.29296875,0.08544921875,0.1953125,-0.10986328125,0.25634765625,-0.1953125,0.927734375,0.08544921875,0,-0.42724609375,1.37939453125,-0.10986328125,-0.927734375,-0.10986328125,-0.32958984375,-0.29296875,-0.9765625,-0.13427734375,-0.74462890625,0.0732421875,-1.513671875,0.06103515625,-0.25634765625,0.1953125,-0.28076171875,0.20751953125,-1.220703125,-0.09765625,-0.48828125,-0.244140625,-0.18310546875,-0.40283203125,-1.01318359375,0.09765625,0.37841796875,0.10986328125,-0.732421875,-0.1708984375,-1.416015625,-0.1953125,-1.0009765625,0.18310546875,0.439453125,-0.10986328125,0.2685546875,-0.13427734375,-0.09765625,-0.08544921875,-0.08544921875,0,-0.048828125,-0.1220703125,0.03662109375,0.0244140625,0.8544921875,-0.08544921875,-0.439453125,-0.01220703125,-0.48828125
0,0.146484375,-0.3173828125,0.2685546875,-0.2685546875,-0.48828125,-0.42724609375,0.25634765625,0.0244140625,0.45166015625,-0.10986328125,-0.146484375,-0.9521484375,-0.03662109375,0.9765625,-0.47607421875,-0.35400390625,-0.3173828125,-1.03759765625,0.244140625,-0.5615234375,-0.1220703125,0.50048828125,0.37841796875,-1.25732421875,-0.03662109375,-0.1953125,-0.146484375,-0.79345703125,-0.5126953125,0.89111328125,-0.28076171875,0.2197265625,0.08544921875,-0.244140625,0.10986328125,-0.8544921875,-0.5126953125,-0.42724609375,0.06103515625,-0.7080078125,-0.37841796875,-0.146484375,-0.06103515625,-0.634765625,0.048828125,-0.40283203125,0.3173828125,0.64697265625,-0.03662109375,1.18408203125,0,0.5126953125,-0.390625,-0.15869140625,-0.40283203125,0.74462890625,0.0732421875,1.18408203125,-0.01220703125,0.4638671875,0.1220703125,0.47607421875,-0.68359375,0.15869140625,0.0732421875,0.23193359375,-0.30517578125,1.025390625,0.09765625,0.28076171875,0.0732421875,0.1953125,-0.10986328125,0.244140625,-0.1708984375,0.927734375,0.10986328125,0,-0.439453125,1.3671875,-0.146484375,-0.927734375,-0.146484375,-0.341796875,-0.2685546875,-0.96435546875,-0.0244140625,-0.7568359375,0.10986328125,-1.50146484375,-0.048828125,-0.25634765625,0.25634765625,-0.3173828125,0.03662109375,-1.25732421875,-0.06103515625,-0.50048828125,-0.20751953125,-0.15869140625,-0.35400390625,-0.96435546875,0.0732421875,0.37841796875,0.01220703125,-0.72021484375,-0.10986328125,-1.42822265625,-0.13427734375,-1.025390625,0.2197265625,0.42724609375,-0.09765625,0.244140625,-0.13427734375,-0.09765625,-0.0732421875,-0.10986328125,-0.01220703125,-0.03662109375,-0.09765625,0.03662109375,0.01220703125,0.86669921875,-0.1220703125,-0.439453125,-0.01220703125,-0.50048828125
0,0.1708984375,-0.341796875,0.28076171875,-0.244140625,-0.47607421875,-0.42724609375,0.28076171875,0.0244140625,0.47607421875,-0.13427734375,-0.146484375,-0.96435546875,-0.048828125,0.98876953125,-0.537109375,-0.32958984375,-0.30517578125,-1.0498046875,0.20751953125,-0.52490234375,0.048828125,0.537109375,0.29296875,-1.2451171875,-0.0732421875,-0.18310546875,-0.146484375,-0.78125,-0.5859375,0.89111328125,-0.13427734375,0.2197265625,-0.01220703125,-0.20751953125,0.20751953125,-0.830078125,-0.537109375,-0.40283203125,0.0732421875,-0.72021484375,-0.37841796875,-0.15869140625,-0.03662109375,-0.62255859375,-0.09765625,-0.37841796875,0.32958984375,0.67138671875,0,1.15966796875,-0.01220703125,0.50048828125,-0.439453125,-0.15869140625,-0.3662109375,0.74462890625,0.048828125,1.26953125,-0.06103515625,0.4638671875,0.23193359375,0.47607421875,-0.62255859375,0.13427734375,0.0244140625,0.244140625,-0.3173828125,1.025390625,0.048828125,0.29296875,0.0732421875,0.1953125,-0.18310546875,0.244140625,-0.1708984375,0.927734375,0.146484375,0,-0.42724609375,1.35498046875,-0.15869140625,-0.9765625,-0.18310546875,-0.35400390625,-0.20751953125,-0.9521484375,0.10986328125,-0.76904296875,0.1708984375,-1.4892578125,-0.0732421875,-0.25634765625,0.30517578125,-0.32958984375,-0.146484375,-1.28173828125,-0.03662109375,-0.47607421875,-0.10986328125,-0.1708984375,-0.25634765625,-0.87890625,0.03662109375,0.40283203125,-0.0732421875,-0.72021484375,-0.0244140625,-1.3916015625,-0.13427734375,-1.06201171875,0.2197265625,0.42724609375,-0.08544921875,0.2685546875,-0.146484375,-0.08544921875,-0.06103515625,-0.09765625,-0.048828125,-0.03662109375,-0.09765625,0.0244140625,-0.01220703125,0.8544921875,-0.1708984375,-0.4638671875,0,-0.5126953125
0,0.18310546875,-0.341796875,0.28076171875,-0.244140625,-0.48828125,-0.439453125,0.28076171875,0.01220703125,0.47607421875,-0.13427734375,-0.15869140625,-0.96435546875,-0.0732421875,0.98876953125,-0.5615234375,-0.35400390625,-0.28076171875,-1.03759765625,0.18310546875,-0.52490234375,0.2197265625,0.52490234375,0.1708984375,-1.23291015625,-0.10986328125,-0.1708984375,-0.1708984375,-0.8056640625,-0.59814453125,0.87890625,0.06103515625,0.2197265625,-0.09765625,-0.20751953125,0.2197265625,-0.830078125,-0.50048828125,-0.40283203125,0.09765625,-0.74462890625,-0.390625,-0.15869140625,0.0244140625,-0.6103515625,-0.1953125,-0.40283203125,0.32958984375,0.6591796875,0.06103515625,1.15966796875,-0.0732421875,0.50048828125,-0.47607421875,-0.1708984375,-0.341796875,0.74462890625,0.0244140625,1.318359375,-0.06103515625,0.45166015625,0.32958984375,0.48828125,-0.54931640625,0.13427734375,-0.0732421875,0.244140625,-0.341796875,1.0498046875,-0.0244140625,0.28076171875,0.06103515625,0.2197265625,-0.20751953125,0.2685546875,-0.13427734375,0.89111328125,0.146484375,0.01220703125,-0.37841796875,1.35498046875,-0.146484375,-0.9765625,-0.1708984375,-0.341796875,-0.09765625,-0.9765625,0.15869140625,-0.76904296875,0.2197265625,-1.4892578125,-0.0732421875,-0.25634765625,0.29296875,-0.341796875,-0.23193359375,-1.2939453125,0.01220703125,-0.42724609375,-0.03662109375,-0.1708984375,-0.28076171875,-0.76904296875,-0.06103515625,0.42724609375,-0.15869140625,-0.732421875,0.06103515625,-1.3916015625,-0.09765625,-1.06201171875,0.146484375,0.42724609375,-0.048828125,0.244140625,-0.15869140625,-0.0732421875,-0.08544921875,-0.09765625,0,0,-0.08544921875,0.0244140625,-0.01220703125,0.86669921875,-0.2197265625,-0.45166015625,-0.01220703125,-0.50048828125
0,0.2197265625,-0.341796875,0.3173828125,-0.2685546875,-0.47607421875,-0.45166015625,0.2685546875,-0.01220703125,0.48828125,-0.146484375,-0.15869140625,-0.96435546875,-0.08544921875,0.9765625,-0.52490234375,-0.341796875,-0.29296875,-1.03759765625,0.18310546875,-0.57373046875,0.341796875,0.5126953125,0.01220703125,-1.18408203125,-0.09765625,-0.146484375,-0.15869140625,-0.830078125,-0.57373046875,0.89111328125,0.20751953125,0.23193359375,-0.03662109375,-0.20751953125,0.18310546875,-0.8544921875,-0.42724609375,-0.40283203125,0.09765625,-0.76904296875,-0.3173828125,-0.1708984375,0.0244140625,-0.62255859375,-0.29296875,-0.390625,0.341796875,0.68359375,0.13427734375,1.171875,-0.146484375,0.47607421875,-0.48828125,-0.23193359375,-0.341796875,0.7568359375,-0.0244140625,1.3427734375,-0.10986328125,0.439453125,0.390625,0.48828125,-0.47607421875,0.1220703125,-0.08544921875,0.23193359375,-0.37841796875,1.025390625,-0.048828125,0.2685546875,0.09765625,0.23193359375,-0.25634765625,0.25634765625,-0.10986328125,0.9033203125,0.1708984375,0.01220703125,-0.32958984375,1.3427734375,-0.09765625,-1.0009765625,-0.1220703125,-0.3662109375,0,-0.98876953125,0.1953125,-0.76904296875,0.1708984375,-1.4892578125,-0.06103515625,-0.25634765625,0.2197265625,-0.341796875,-0.20751953125,-1.26953125,0.0244140625,-0.3662109375,0.048828125,-0.20751953125,-0.244140625,-0.634765625,-0.1220703125,0.40283203125,-0.20751953125,-0.732421875,0.146484375,-1.42822265625,-0.13427734375,-1.06201171875,0.048828125,0.4150390625,-0.048828125,0.23193359375,-0.15869140625,-0.0732421875,-0.0732421875,-0.08544921875,-0.048828125,0.01220703125,-0.10986328125,0.0244140625,-0.0244140625,0.86669921875,-0.25634765625,-0.45166015625,0.01220703125,-0.50048828125
0,0.1953125,-0.3662109375,0.32958984375,-0.2685546875,-0.50048828125,-0.42724609375,0.28076171875,0,0.50048828125,-0.15869140625,-0.1708984375,-0.9765625,-0.0732421875,0.96435546875,-0.5126953125,-0.3662109375,-0.30517578125,-1.0498046875,0.1708984375,-0.5859375,0.35400390625,0.50048828125,-0.10986328125,-1.13525390625,-0.08544921875,-0.13427734375,-0.1220703125,-0.830078125,-0.45166015625,0.9033203125,0.30517578125,0.23193359375,0.03662109375,-0.25634765625,0.08544921875,-0.84228515625,-0.35400390625,-0.40283203125,0.10986328125,-0.78125,-0.244140625,-0.15869140625,0.048828125,-0.62255859375,-0.3173828125,-0.40283203125,0.3662109375,0.7080078125,0.18310546875,1.1962890625,-0.1953125,0.45166015625,-0.47607421875,-0.2685546875,-0.3173828125,0.732421875,-0.048828125,1.3671875,-0.10986328125,0.45166015625,0.47607421875,0.50048828125,-0.45166015625,0.09765625,-0.1220703125,0.23193359375,-0.37841796875,1.03759765625,-0.0732421875,0.23193359375,0.1220703125,0.23193359375,-0.35400390625,0.29296875,-0.0732421875,0.8544921875,0.1708984375,0.0244140625,-0.244140625,1.3427734375,-0.08544921875,-1.01318359375,-0.0732421875,-0.35400390625,0.10986328125,-0.98876953125,0.15869140625,-0.76904296875,0.08544921875,-1.47705078125,-0.0244140625,-0.244140625,0.0732421875,-0.35400390625,-0.1220703125,-1.26953125,-0.03662109375,-0.3662109375,0,-0.244140625,-0.37841796875,-0.6103515625,-0.2197265625,0.35400390625,-0.20751953125,-0.74462890625,0.18310546875,-1.416015625,-0.18310546875,-1.06201171875,0,0.439453125,-0.0244140625,0.25634765625,-0.146484375,-0.08544921875,-0.08544921875,-0.08544921875,-0.048828125,0.03662109375,-0.1220703125,0.0244140625,-0.03662109375,0.86669921875,-0.244140625,-0.45166015625,0,-0.5126953125
0,0.20751953125,-0.40283203125,0.37841796875,-0.30517578125,-0.5126953125,-0.42724609375,0.2685546875,0,0.48828125,-0.15869140625,-0.1708984375,-0.9521484375,-0.0732421875,0.96435546875,-0.54931640625,-0.37841796875,-0.28076171875,-1.03759765625,0.18310546875,-0.59814453125,0.29296875,0.48828125,-0.15869140625,-1.0986328125,-0.048828125,-0.13427734375,-0.08544921875,-0.81787109375,-0.30517578125,0.9033203125,0.30517578125,0.2197265625,0.09765625,-0.29296875,-0.06103515625,-0.84228515625,-0.23193359375,-0.4150390625,0.1220703125,-0.78125,-0.146484375,-0.15869140625,0.08544921875,-0.6103515625,-0.28076171875,-0.390625,0.35400390625,0.68359375,0.18310546875,1.20849609375,-0.1953125,0.45166015625,-0.439453125,-0.28076171875,-0.35400390625,0.74462890625,-0.08544921875,1.3427734375,-0.18310546875,0.4638671875,0.59814453125,0.48828125,-0.3662109375,0.10986328125,-0.10986328125,0.2197265625,-0.40283203125,1.0498046875,-0.09765625,0.2197265625,0.1220703125,0.244140625,-0.4150390625,0.28076171875,-0.08544921875,0.81787109375,0.18310546875,0.048828125,-0.1708984375,1.3427734375,-0.0244140625,-1.025390625,0.0244140625,-0.35400390625,0.18310546875,-0.9765625,0.10986328125,-0.76904296875,0,-1.4892578125,0.01220703125,-0.2197265625,-0.08544921875,-0.35400390625,0.06103515625,-1.23291015625,-0.01220703125,-0.40283203125,0.0244140625,-0.3662109375,-0.42724609375,-0.6103515625,-0.18310546875,0.28076171875,-0.13427734375,-0.78125,0.1708984375,-1.4404296875,-0.20751953125,-1.07421875,0.01220703125,0.42724609375,-0.0244140625,0.2685546875,-0.1708984375,-0.1220703125,-0.0732421875,-0.0732421875,-0.0244140625,0.0244140625,-0.13427734375,0.0244140625,-0.03662109375,0.86669921875,-0.2197265625,-0.439453125,-0.01220703125,-0.54931640625
0,0.1953125,-0.42724609375,0.37841796875,-0.32958984375,-0.5126953125,-0.439453125,0.28076171875,0,0.47607421875,-0.15869140625,-0.1953125,-0.96435546875,-0.03662109375,0.927734375,-0.52490234375,-0.37841796875,-0.30517578125,-1.0498046875,0.15869140625,-0.6103515625,0.1708984375,0.5126953125,-0.1953125,-1.07421875,0,-0.146484375,-0.0732421875,-0.830078125,-0.15869140625,0.927734375,0.23193359375,0.244140625,0.1708984375,-0.32958984375,-0.13427734375,-0.84228515625,-0.1953125,-0.42724609375,0.1220703125,-0.7568359375,-0.06103515625,-0.1708984375,0.09765625,-0.6103515625,-0.2197265625,-0.4150390625,0.341796875,0.67138671875,0.1953125,1.1962890625,-0.244140625,0.45166015625,-0.341796875,-0.3173828125,-0.35400390625,0.74462890625,-0.0732421875,1.318359375,-0.146484375,0.47607421875,0.634765625,0.50048828125,-0.3173828125,0.09765625,-0.1220703125,0.23193359375,-0.4150390625,1.07421875,-0.09765625,0.20751953125,0.13427734375,0.244140625,-0.48828125,0.28076171875,-0.0732421875,0.81787109375,0.15869140625,0.048828125,-0.146484375,1.3427734375,0.0244140625,-1.01318359375,0.10986328125,-0.35400390625,0.20751953125,-0.9765625,0.09765625,-0.76904296875,-0.10986328125,-1.50146484375,0.048828125,-0.18310546875,-0.1953125,-0.341796875,0.23193359375,-1.20849609375,-0.048828125,-0.47607421875,-0.01220703125,-0.47607421875,-0.37841796875,-0.64697265625,-0.1220703125,0.1708984375,-0.03662109375,-0.78125,0.1953125,-1.4404296875,-0.1953125,-1.06201171875,0.06103515625,0.42724609375,-0.01220703125,0.25634765625,-0.1953125,-0.15869140625,-0.08544921875,-0.0732421875,-0.03662109375,0.03662109375,-0.13427734375,0.01220703125,-0.03662109375,0.87890625,-0.20751953125,-0.439453125,-0.03662109375,-0.537109375
1,0.18310546875,-0.439453125,0.3662109375,-0.3173828125,-0.52490234375,-0.42724609375,0.28076171875,0.01220703125,0.4638671875,-0.1708984375,-0.15869140625,-0.96435546875,-0.0244140625,0.927734375,-0.48828125,-0.390625,-0.3173828125,-1.0498046875,0.10986328125,-0.62255859375,0,0.50048828125,-0.18310546875,-1.07421875,0,-0.13427734375,-0.06103515625,-0.8056640625,-0.0244140625,0.927734375,0.15869140625,0.23193359375,0.0732421875,-0.37841796875,-0.146484375,-0.84228515625,-0.1708984375,-0.4150390625,0.1220703125,-0.732421875,0.0244140625,-0.15869140625,0.1220703125,-0.6103515625,-0.13427734375,-0.4150390625,0.32958984375,0.64697265625,0.18310546875,1.2451171875,-0.28076171875,0.45166015625,-0.25634765625,-0.28076171875,-0.3173828125,0.7568359375,-0.01220703125,1.26953125,-0.1220703125,0.50048828125,0.732421875,0.5126953125,-0.341796875,0.10986328125,-0.1953125,0.244140625,-0.40283203125,1.11083984375,-0.08544921875,0.20751953125,0.08544921875,0.2197265625,-0.5126953125,0.28076171875,-0.048828125,0.79345703125,0.146484375,0.03662109375,-0.146484375,1.3427734375,0.0732421875,-0.9765625,0.15869140625,-0.341796875,0.15869140625,-0.98876953125,0.06103515625,-0.76904296875,-0.09765625,-1.513671875,0.08544921875,-0.18310546875,-0.1953125,-0.32958984375,0.35400390625,-1.171875,-0.13427734375,-0.54931640625,-0.13427734375,-0.6103515625,-0.439453125,-0.69580078125,-0.146484375,0.048828125,0.09765625,-0.79345703125,0.18310546875,-1.45263671875,-0.2197265625,-1.03759765625,0.0732421875,0.439453125,0,0.25634765625,-0.20751953125,-0.146484375,-0.0732421875,-0.06103515625,-0.03662109375,0.01220703125,-0.13427734375,0.0244140625,-0.03662109375,0.87890625,-0.18310546875,-0.439453125,-0.03662109375,-0.52490234375
1,0.1953125,-0.42724609375,0.37841796875,-0.30517578125,-0.50048828125,-0.4150390625,0.2685546875,0.0244140625,0.4638671875,-0.1708984375,-0.146484375,-0.96435546875,0,0.91552734375,-0.40283203125,-0.3662109375,-0.28076171875,-1.03759765625,0.0244140625,-0.62255859375,-0.146484375,0.5126953125,-0.18310546875,-1.0986328125,0.0244140625,-0.15869140625,0,-0.8056640625,0.06103515625,0.927734375,0.06103515625,0.244140625,0,-0.4150390625,-0.13427734375,-0.8544921875,-0.18310546875,-0.42724609375,0.146484375,-0.68359375,0.048828125,-0.146484375,0.1220703125,-0.634765625,-0.03662109375,-0.4150390625,0.2685546875,0.634765625,0.18310546875,1.2451171875,-0.32958984375,0.47607421875,-0.2197265625,-0.2685546875,-0.30517578125,0.7568359375,0.0244140625,1.23291015625,-0.15869140625,0.50048828125,0.830078125,0.5126953125,-0.3173828125,0.10986328125,-0.2197265625,0.2685546875,-0.341796875,1.123046875,-0.0732421875,0.20751953125,0.048828125,0.244140625,-0.48828125,0.28076171875,-0.01220703125,0.81787109375,0.15869140625,0.0244140625,-0.13427734375,1.3671875,0.15869140625,-0.93994140625,0.20751953125,-0.32958984375,0.048828125,-1.0009765625,0.03662109375,-0.76904296875,-0.08544921875,-1.52587890625,0.09765625,-0.1708984375,-0.08544921875,-0.30517578125,0.3662109375,-1.15966796875,-0.08544921875,-0.64697265625,-0.146484375,-0.7080078125,-0.341796875,-0.81787109375,-0.0732421875,-0.03662109375,0.2197265625,-0.79345703125,0.146484375,-1.4404296875,-0.244140625,-1.01318359375,0.0244140625,0.45166015625,0.0244140625,0.25634765625,-0.1953125,-0.1708984375,-0.0732421875,-0.06103515625,-0.03662109375,0.01220703125,-0.1708984375,0.0244140625,-0.03662109375,0.87890625,-0.15869140625,-0.45166015625,-0.03662109375,-0.5126953125
1,0.23193359375,-0.40283203125,0.341796875,-0.30517578125,-0.52490234375,-0.40283203125,0.2685546875,0.048828125,0.50048828125,-0.15869140625,-0.13427734375,-0.96435546875,0,0.927734375,-0.3662109375,-0.35400390625,-0.244140625,-1.03759765625,-0.0732421875,-0.59814453125,-0.25634765625,0.5126953125,-0.2197265625,-1.123046875,0.06103515625,-0.1953125,0,-0.8056640625,0.0732421875,0.927734375,-0.01220703125,0.244140625,-0.13427734375,-0.42724609375,-0.06103515625,-0.86669921875,-0.2197265625,-0.4150390625,0.2197265625,-0.6103515625,0.08544921875,-0.146484375,0.1220703125,-0.6103515625,0.06103515625,-0.42724609375,0.28076171875,0.6103515625,0.20751953125,1.2451171875,-0.35400390625,0.47607421875,-0.146484375,-0.244140625,-0.28076171875,0.7568359375,0.10986328125,1.171875,-0.15869140625,0.50048828125,0.86669921875,0.52490234375,-0.32958984375,0.1220703125,-0.20751953125,0.2685546875,-0.3173828125,1.11083984375,-0.03662109375,0.1953125,-0.03662109375,0.2197265625,-0.48828125,0.29296875,0.06103515625,0.830078125,0.1220703125,0.0244140625,-0.08544921875,1.3427734375,0.2197265625,-0.91552734375,0.1953125,-0.341796875,-0.08544921875,-1.0009765625,0.03662109375,-0.74462890625,0,-1.5380859375,0.10986328125,-0.18310546875,0.10986328125,-0.28076171875,0.29296875,-1.13525390625,-0.0732421875,-0.7080078125,-0.20751953125,-0.74462890625,-0.30517578125,-0.89111328125,-0.03662109375,-0.10986328125,0.28076171875,-0.76904296875,0.1220703125,-1.45263671875,-0.29296875,-1.0009765625,-0.01220703125,0.45166015625,0.03662109375,0.2685546875,-0.2197265625,-0.18310546875,-0.0732421875,-0.0732421875,-0.01220703125,0,-0.1708984375,0.048828125,-0.0244140625,0.89111328125,-0.13427734375,-0.47607421875,-0.03662109375,-0.50048828125
1,0.2197265625,-0.390625,0.32958984375,-0.2685546875,-0.50048828125,-0.390625,0.2685546875,0.048828125,0.537109375,-0.15869140625,-0.10986328125,-0.9521484375,-0.01220703125,0.93994140625,-0.28076171875,-0.32958984375,-0.1708984375,-1.0498046875,-0.1220703125,-0.5615234375,-0.30517578125,0.52490234375,-0.23193359375,-1.18408203125,0.0732421875,-0.20751953125,-0.01220703125,-0.79345703125,0.06103515625,0.91552734375,-0.0732421875,0.244140625,-0.1953125,-0.40283203125,0.01220703125,-0.8544921875,-0.23193359375,-0.4150390625,0.244140625,-0.57373046875,0.1220703125,-0.15869140625,0.10986328125,-0.62255859375,0.18310546875,-0.42724609375,0.30517578125,0.634765625,0.20751953125,1.20849609375,-0.341796875,0.50048828125,-0.1220703125,-0.20751953125,-0.244140625,0.7568359375,0.13427734375,1.13525390625,-0.1220703125,0.48828125,0.91552734375,0.52490234375,-0.37841796875,0.1220703125,-0.20751953125,0.2685546875,-0.25634765625,1.11083984375,0.0244140625,0.2197265625,-0.08544921875,0.2197265625,-0.4150390625,0.28076171875,0.09765625,0.81787109375,0.10986328125,0,-0.06103515625,1.3671875,0.244140625,-0.89111328125,0.18310546875,-0.30517578125,-0.2197265625,-1.01318359375,0,-0.732421875,0.0732421875,-1.5380859375,0.09765625,-0.18310546875,0.29296875,-0.25634765625,0.15869140625,-1.1474609375,-0.01220703125,-0.732421875,-0.23193359375,-0.72021484375,-0.28076171875,-0.9521484375,-0.01220703125,-0.09765625,0.29296875,-0.74462890625,0.13427734375,-1.45263671875,-0.29296875,-1.01318359375,-0.0244140625,0.42724609375,0.03662109375,0.25634765625,-0.244140625,-0.1708984375,-0.0732421875,-0.0732421875,-0.01220703125,-0.03662109375,-0.15869140625,0.06103515625,-0.048828125,0.9033203125,-0.146484375,-0.4638671875,-0.0244140625,-0.48828125
1,0.1953125,-0.341796875,0.3173828125,-0.25634765625,-0.48828125,-0.390625,0.28076171875,0.048828125,0.5615234375,-0.13427734375,-0.09765625,-0.93994140625,-0.01220703125,0.93994140625,-0.146484375,-0.3173828125,-0.1220703125,-1.03759765625,-0.1708984375,-0.54931640625,-0.2685546875,0.5126953125,-0.25634765625,-1.20849609375,0.1220703125,-0.1953125,-0.01220703125,-0.8056640625,-0.01220703125,0.89111328125,-0.10986328125,0.23193359375,-0.23193359375,-0.3662109375,0.10986328125,-0.84228515625,-0.29296875,-0.4150390625,0.244140625,-0.537109375,0.08544921875,-0.1708984375,0.10986328125,-0.62255859375,0.244140625,-0.4150390625,0.3173828125,0.6103515625,0.23193359375,1.18408203125,-0.341796875,0.48828125,-0.08544921875,-0.20751953125,-0.18310546875,0.7568359375,0.1708984375,1.07421875,-0.1708984375,0.48828125,0.91552734375,0.537109375,-0.3662109375,0.13427734375,-0.15869140625,0.29296875,-0.18310546875,1.0986328125,0.0244140625,0.23193359375,-0.1220703125,0.1953125,-0.37841796875,0.2685546875,0.1220703125,0.8544921875,0.09765625,-0.0244140625,-0.09765625,1.35498046875,0.244140625,-0.89111328125,0.15869140625,-0.32958984375,-0.3173828125,-1.0009765625,-0.03662109375,-0.74462890625,0.15869140625,-1.55029296875,0.06103515625,-0.20751953125,0.4638671875,-0.2685546875,0.06103515625,-1.171875,-0.048828125,-0.72021484375,-0.2197265625,-0.6103515625,-0.2685546875,-0.927734375,0,-0.01220703125,0.1953125,-0.72021484375,0.08544921875,-1.4404296875,-0.23193359375,-1.025390625,-0.01220703125,0.42724609375,0.048828125,0.25634765625,-0.20751953125,-0.13427734375,-0.0732421875,-0.08544921875,-0.0244140625,-0.0244140625,-0.15869140625,0.06103515625,-0.06103515625,0.87890625,-0.15869140625,-0.4638671875,0,-0.47607421875
1,0.20751953125,-0.30517578125,0.3173828125,-0.25634765625,-0.47607421875,-0.37841796875,0.29296875,0.03662109375,0.5859375,-0.13427734375,-0.08544921875,-0.93994140625,0,0.96435546875,-0.09765625,-0.3173828125,-0.13427734375,-1.03759765625,-0.18310546875,-0.52490234375,-0.146484375,0.52490234375,-0.28076171875,-1.23291015625,0.1220703125,-0.1953125,-0.048828125,-0.8056640625,-0.09765625,0.86669921875,-0.08544921875,0.23193359375,-0.20751953125,-0.32958984375,0.2197265625,-0.8544921875,-0.32958984375,-0.439453125,0.20751953125,-0.5126953125,-0.01220703125,-0.18310546875,0.10986328125,-0.62255859375,0.28076171875,-0.4150390625,0.35400390625,0.62255859375,0.1953125,1.1474609375,-0.28076171875,0.50048828125,-0.10986328125,-0.1953125,-0.10986328125,0.74462890625,0.1953125,1.025390625,-0.2197265625,0.4638671875,0.89111328125,0.5126953125,-0.4150390625,0.1220703125,-0.10986328125,0.2685546875,-0.09765625,1.08642578125,0.01220703125,0.244140625,-0.10986328125,0.20751953125,-0.32958984375,0.25634765625,0.15869140625,0.8544921875,0.06103515625,-0.01220703125,-0.1220703125,1.3427734375,0.23193359375,-0.91552734375,0.09765625,-0.30517578125,-0.35400390625,-1.0009765625,-0.10986328125,-0.74462890625,0.244140625,-1.5380859375,0.03662109375,-0.2197265625,0.537109375,-0.25634765625,-0.048828125,-1.171875,0.01220703125,-0.634765625,-0.09765625,-0.45166015625,-0.1953125,-0.84228515625,0.06103515625,0.08544921875,0.0732421875,-0.69580078125,0.0732421875,-1.42822265625,-0.15869140625,-1.0498046875,-0.01220703125,0.439453125,0.048828125,0.2685546875,-0.23193359375,-0.1220703125,-0.08544921875,-0.10986328125,-0.0244140625,-0.03662109375,-0.146484375,0.048828125,-0.08544921875,0.86669921875,-0.1708984375,-0.48828125,0,-0.47607421875
1,0.20751953125,-0.2685546875,0.32958984375,-0.25634765625,-0.45166015625,-0.3662109375,0.28076171875,0.048828125,0.57373046875,-0.09765625,-0.0732421875,-0.93994140625,0.01220703125,0.96435546875,-0.0244140625,-0.32958984375,-0.13427734375,-1.03759765625,-0.13427734375,-0.48828125,0.01220703125,0.5126953125,-0.25634765625,-1.26953125,0.1220703125,-0.1953125,-0.08544921875,-0.81787109375,-0.20751953125,0.89111328125,-0.08544921875,0.23193359375,-0.15869140625,-0.29296875,0.32958984375,-0.84228515625,-0.3662109375,-0.4150390625,0.146484375,-0.5126953125,-0.1220703125,-0.1953125,0.06103515625,-0.634765625,0.25634765625,-0.40283203125,0.341796875,0.62255859375,0.18310546875,1.1474609375,-0.2197265625,0.47607421875,-0.10986328125,-0.1953125,-0.0244140625,0.7568359375,0.146484375,1.0009765625,-0.28076171875,0.4638671875,0.9033203125,0.50048828125,-0.4638671875,0.1220703125,-0.0244140625,0.244140625,-0.01220703125,1.03759765625,-0.0244140625,0.25634765625,-0.08544921875,0.20751953125,-0.29296875,0.25634765625,0.20751953125,0.84228515625,0.03662109375,0.01220703125,-0.15869140625,1.35498046875,0.1708984375,-0.927734375,0.048828125,-0.3173828125,-0.341796875,-1.0009765625,-0.18310546875,-0.72021484375,0.30517578125,-1.52587890625,0.03662109375,-0.2197265625,0.5615234375,-0.29296875,-0.048828125,-1.1962890625,-0.01220703125,-0.50048828125,-0.01220703125,-0.3173828125,-0.048828125,-0.72021484375,0.06103515625,0.23193359375,-0.048828125,-0.69580078125,0.01220703125,-1.45263671875,-0.0732421875,-1.08642578125,-0.06103515625,0.4150390625,0.06103515625,0.25634765625,-0.23193359375,-0.10986328125,-0.06103515625,-0.1220703125,-0.048828125,-0.0244140625,-0.1220703125,0.0244140625,-0.10986328125,0.830078125,-0.2197265625,-0.50048828125,0.01220703125,-0.52490234375
1,0.20751953125,-0.28076171875,0.341796875,-0.25634765625,-0.439453125,-0.3662109375,0.28076171875,0.03662109375,0.57373046875,-0.10986328125,-0.06103515625,-0.9765625,0,0.98876953125,-0.01220703125,-0.32958984375,-0.15869140625,-1.03759765625,-0.048828125,-0.48828125,0.1708984375,0.50048828125,-0.2197265625,-1.28173828125,0.09765625,-0.18310546875,-0.09765625,-0.830078125,-0.29296875,0.87890625,-0.06103515625,0.23193359375,-0.01220703125,-0.244140625,0.37841796875,-0.84228515625,-0.390625,-0.439453125,0.1220703125,-0.52490234375,-0.29296875,-0.20751953125,0,-0.634765625,0.20751953125,-0.390625,0.341796875,0.59814453125,0.13427734375,1.1474609375,-0.146484375,0.47607421875,-0.08544921875,-0.2197265625,0.10986328125,0.74462890625,0.09765625,1.0009765625,-0.30517578125,0.4638671875,0.91552734375,0.47607421875,-0.4638671875,0.10986328125,0.0732421875,0.20751953125,0.048828125,1.025390625,-0.01220703125,0.25634765625,-0.08544921875,0.20751953125,-0.2685546875,0.244140625,0.23193359375,0.830078125,-0.0244140625,0.0244140625,-0.1708984375,1.33056640625,0.13427734375,-0.93994140625,0.01220703125,-0.3173828125,-0.23193359375,-0.9765625,-0.244140625,-0.74462890625,0.341796875,-1.50146484375,0.048828125,-0.25634765625,0.45166015625,-0.29296875,0.03662109375,-1.1962890625,-0.01220703125,-0.35400390625,0.08544921875,-0.1220703125,0.0244140625,-0.5859375,0.0244140625,0.4150390625,-0.146484375,-0.68359375,-0.03662109375,-1.4404296875,-0.01220703125,-1.07421875,-0.13427734375,0.4150390625,0.08544921875,0.25634765625,-0.2685546875,-0.0732421875,-0.0732421875,-0.13427734375,-0.048828125,0.01220703125,-0.09765625,0.01220703125,-0.09765625,0.81787109375,-0.20751953125,-0.48828125,0,-0.537109375
1,0.2197265625,-0.25634765625,0.3662109375,-0.25634765625,-0.42724609375,-0.37841796875,0.30517578125,0.03662109375,0.5615234375,-0.10986328125,-0.0732421875,-0.9765625,-0.01220703125,0.9765625,0,-0.32958984375,-0.244140625,-1.025390625,0.048828125,-0.52490234375,0.3173828125,0.50048828125,-0.2197265625,-1.25732421875,0.06103515625,-0.1708984375,-0.1220703125,-0.86669921875,-0.32958984375,0.87890625,-0.03662109375,0.2197265625,0.146484375,-0.2197265625,0.4150390625,-0.84228515625,-0.42724609375,-0.42724609375,0.0732421875,-0.537109375,-0.42724609375,-0.20751953125,-0.10986328125,-0.62255859375,0.13427734375,-0.37841796875,0.30517578125,0.634765625,0.10986328125,1.15966796875,-0.10986328125,0.47607421875,-0.08544921875,-0.23193359375,0.146484375,0.732421875,0.0244140625,0.9765625,-0.390625,0.4638671875,0.9033203125,0.48828125,-0.50048828125,0.10986328125,0.08544921875,0.1953125,0.10986328125,1.01318359375,-0.03662109375,0.2685546875,-0.0244140625,0.23193359375,-0.1953125,0.25634765625,0.2685546875,0.830078125,-0.0732421875,0.01220703125,-0.1708984375,1.33056640625,0.0732421875,-0.96435546875,-0.0244140625,-0.341796875,-0.09765625,-0.9521484375,-0.25634765625,-0.76904296875,0.341796875,-1.4892578125,0.08544921875,-0.2685546875,0.29296875,-0.30517578125,0.10986328125,-1.20849609375,0.0244140625,-0.23193359375,0.1220703125,0.048828125,-0.06103515625,-0.4638671875,-0.048828125,0.57373046875,-0.1953125,-0.7080078125,-0.06103515625,-1.4404296875,-0.0244140625,-1.08642578125,-0.18310546875,0.40283203125,0.08544921875,0.23193359375,-0.23193359375,-0.06103515625,-0.0732421875,-0.1220703125,-0.06103515625,0,-0.0732421875,-0.01220703125,-0.1220703125,0.8056640625,-0.20751953125,-0.4638671875,-0.0732421875,-0.5615234375
1,0.13427734375,-0.2685546875,0.3173828125,-0.25634765625,-0.40283203125,-0.40283203125,0.29296875,0.048828125,0.537109375,-0.1220703125,-0.0732421875,-0.9765625,-0.048828125,0.98876953125,-0.01220703125,-0.32958984375,-0.28076171875,-1.01318359375,0.18310546875,-0.52490234375,0.390625,0.50048828125,-0.18310546875,-1.220703125,0.06103515625,-0.1220703125,-0.1220703125,-0.86669921875,-0.341796875,0.87890625,-0.01220703125,0.23193359375,0.3173828125,-0.2197265625,0.42724609375,-0.8544921875,-0.42724609375,-0.42724609375,0.048828125,-0.57373046875,-0.5126953125,-0.1708984375,-0.1953125,-0.6103515625,0.06103515625,-0.37841796875,0.28076171875,0.6103515625,0.01220703125,1.1962890625,-0.13427734375,0.45166015625,-0.146484375,-0.25634765625,0.20751953125,0.74462890625,-0.01220703125,0.96435546875,-0.45166015625,0.4638671875,0.830078125,0.5126953125,-0.537109375,0.10986328125,0.0732421875,0.15869140625,0.20751953125,1.0009765625,-0.048828125,0.2685546875,0.01220703125,0.244140625,-0.13427734375,0.2685546875,0.2685546875,0.8056640625,-0.1220703125,0.03662109375,-0.146484375,1.33056640625,0.0244140625,-0.96435546875,-0.048828125,-0.341796875,0.0244140625,-0.9521484375,-0.2685546875,-0.76904296875,0.29296875,-1.50146484375,0.146484375,-0.29296875,0.15869140625,-0.30517578125,0.1953125,-1.1962890625,0.0732421875,-0.146484375,0.13427734375,0.146484375,-0.1953125,-0.390625,-0.1220703125,0.68359375,-0.1708984375,-0.7080078125,-0.1220703125,-1.4404296875,-0.08544921875,-1.08642578125,-0.20751953125,0.42724609375,0.09765625,0.244140625,-0.20751953125,-0.048828125,-0.08544921875,-0.146484375,-0.08544921875,0.0244140625,-0.06103515625,-0.01220703125,-0.09765625,0.78125,-0.20751953125,-0.47607421875,-0.09765625,-0.54931640625
1,0.20751953125,-0.28076171875,0.3173828125,-0.2685546875,-0.35400390625,-0.4150390625,0.28076171875,0.0244140625,0.52490234375,-0.146484375,-0.0732421875,-0.9765625,-0.06103515625,0.9521484375,-0.06103515625,-0.341796875,-0.29296875,-1.0009765625,0.2685546875,-0.54931640625,0.390625,0.50048828125,-0.146484375,-1.18408203125,0.0732421875,-0.13427734375,-0.09765625,-0.8544921875,-0.2685546875,0.9033203125,0.01220703125,0.23193359375,0.4638671875,-0.2197265625,0.3662109375,-0.84228515625,-0.4150390625,-0.390625,0,-0.59814453125,-0.50048828125,-0.13427734375,-0.29296875,-0.59814453125,0.0244140625,-0.390625,0.30517578125,0.6103515625,-0.03662109375,1.220703125,-0.09765625,0.4638671875,-0.1708984375,-0.30517578125,0.23193359375,0.72021484375,-0.03662109375,0.96435546875,-0.42724609375,0.45166015625,0.74462890625,0.537109375,-0.5615234375,0.1220703125,0.1220703125,0.15869140625,0.244140625,1.01318359375,-0.0732421875,0.244140625,0.06103515625,0.2685546875,-0.048828125,0.25634765625,0.2685546875,0.78125,-0.15869140625,0.048828125,-0.13427734375,1.3427734375,0,-0.96435546875,-0.03662109375,-0.35400390625,0.13427734375,-0.9765625,-0.2197265625,-0.76904296875,0.18310546875,-1.4892578125,0.13427734375,-0.28076171875,-0.01220703125,-0.32958984375,0.23193359375,-1.1962890625,0.1953125,-0.1220703125,0.1708984375,0.1708984375,-0.28076171875,-0.3662109375,-0.03662109375,0.72021484375,-0.13427734375,-0.732421875,-0.1708984375,-1.46484375,-0.146484375,-1.06201171875,-0.15869140625,0.439453125,0.08544921875,0.244140625,-0.2197265625,-0.06103515625,-0.08544921875,-0.1708984375,-0.06103515625,0.0244140625,-0.08544921875,-0.01220703125,-0.09765625,0.78125,-0.18310546875,-0.48828125,-0.146484375,-0.57373046875
1,0.146484375,-0.29296875,0.3173828125,-0.2685546875,-0.35400390625,-0.42724609375,0.25634765625,0.01220703125,0.45166015625,-0.15869140625,-0.08544921875,-0.9521484375,-0.0732421875,0.9521484375,-0.09765625,-0.341796875,-0.29296875,-1.0009765625,0.32958984375,-0.5859375,0.3173828125,0.50048828125,-0.06103515625,-1.18408203125,0.03662109375,-0.13427734375,-0.09765625,-0.8544921875,-0.15869140625,0.9033203125,0.0244140625,0.2197265625,0.47607421875,-0.28076171875,0.341796875,-0.84228515625,-0.42724609375,-0.390625,-0.01220703125,-0.634765625,-0.47607421875,-0.1220703125,-0.35400390625,-0.59814453125,-0.0244140625,-0.390625,0.28076171875,0.6103515625,-0.08544921875,1.220703125,-0.10986328125,0.4638671875,-0.18310546875,-0.25634765625,0.1953125,0.72021484375,-0.1220703125,0.91552734375,-0.439453125,0.47607421875,0.62255859375,0.54931640625,-0.5615234375,0.13427734375,0.15869140625,0.1708984375,0.28076171875,1.03759765625,-0.06103515625,0.244140625,0.0732421875,0.244140625,0.01220703125,0.2685546875,0.23193359375,0.74462890625,-0.20751953125,0.048828125,-0.10986328125,1.3427734375,0,-0.9521484375,-0.048828125,-0.341796875,0.1953125,-0.98876953125,-0.1220703125,-0.78125,0.10986328125,-1.4892578125,0.09765625,-0.28076171875,-0.048828125,-0.3173828125,0.1953125,-1.20849609375,0.29296875,-0.1708984375,0.1220703125,0.1220703125,-0.3173828125,-0.4150390625,0.01220703125,0.6591796875,-0.0732421875,-0.7568359375,-0.1953125,-1.46484375,-0.20751953125,-1.0498046875,-0.10986328125,0.439453125,0.10986328125,0.23193359375,-0.1953125,-0.08544921875,-0.0732421875,-0.15869140625,-0.03662109375,0.03662109375,-0.0732421875,0.01220703125,-0.048828125,0.8056640625,-0.1708984375,-0.48828125,-0.1708984375,-0.537109375
1,0.1953125,-0.32958984375,0.3173828125,-0.30517578125,-0.30517578125,-0.439453125,0.2685546875,0.01220703125,0.439453125,-0.15869140625,-0.10986328125,-0.9521484375,-0.1220703125,0.93994140625,-0.146484375,-0.32958984375,-0.23193359375,-1.025390625,0.35400390625,-0.5859375,0.244140625,0.50048828125,0.0732421875,-1.171875,0.0244140625,-0.15869140625,-0.08544921875,-0.84228515625,-0.048828125,0.91552734375,0.0732421875,0.2197265625,0.40283203125,-0.30517578125,0.29296875,-0.830078125,-0.45166015625,-0.40283203125,0.048828125,-0.69580078125,-0.40283203125,-0.146484375,-0.341796875,-0.5859375,-0.03662109375,-0.390625,0.2197265625,0.62255859375,-0.09765625,1.1962890625,-0.1220703125,0.45166015625,-0.13427734375,-0.2197265625,0.18310546875,0.74462890625,-0.1708984375,0.87890625,-0.37841796875,0.4638671875,0.59814453125,0.57373046875,-0.4638671875,0.13427734375,0.1953125,0.1708984375,0.3173828125,1.0498046875,-0.0244140625,0.23193359375,0.06103515625,0.23193359375,0.03662109375,0.2685546875,0.13427734375,0.732421875,-0.2685546875,0.03662109375,-0.0732421875,1.35498046875,-0.01220703125,-0.9521484375,-0.0244140625,-0.35400390625,0.18310546875,-1.01318359375,0.0244140625,-0.8056640625,0.0732421875,-1.513671875,0.048828125,-0.28076171875,0.01220703125,-0.30517578125,0.10986328125,-1.1962890625,0.341796875,-0.28076171875,0.146484375,0,-0.390625,-0.52490234375,0.01220703125,0.5615234375,0,-0.78125,-0.2197265625,-1.46484375,-0.23193359375,-1.025390625,-0.0244140625,0.439453125,0.146484375,0.23193359375,-0.18310546875,-0.09765625,-0.06103515625,-0.1708984375,-0.01220703125,0.01220703125,-0.0732421875,0.01220703125,-0.0244140625,0.81787109375,-0.15869140625,-0.50048828125,-0.18310546875,-0.5126953125
1,0.1708984375,-0.341796875,0.3173828125,-0.30517578125,-0.3173828125,-0.439453125,0.25634765625,0,0.439453125,-0.13427734375,-0.13427734375,-0.9521484375,-0.1220703125,0.927734375,-0.20751953125,-0.341796875,-0.146484375,-1.03759765625,0.2685546875,-0.5859375,0.146484375,0.50048828125,0.2197265625,-1.171875,0.01220703125,-0.13427734375,-0.0732421875,-0.830078125,0.06103515625,0.927734375,0.13427734375,0.23193359375,0.244140625,-0.341796875,0.28076171875,-0.84228515625,-0.40283203125,-0.4150390625,0.0732421875,-0.72021484375,-0.341796875,-0.146484375,-0.2685546875,-0.5859375,-0.06103515625,-0.4150390625,0.20751953125,0.6103515625,-0.09765625,1.18408203125,-0.146484375,0.4638671875,-0.08544921875,-0.18310546875,0.18310546875,0.732421875,-0.2197265625,0.830078125,-0.25634765625,0.439453125,0.52490234375,0.59814453125,-0.37841796875,0.13427734375,0.1953125,0.18310546875,0.3173828125,1.06201171875,-0.0244140625,0.23193359375,0.0732421875,0.2197265625,0.03662109375,0.25634765625,0.08544921875,0.76904296875,-0.30517578125,0.03662109375,-0.03662109375,1.35498046875,0.03662109375,-0.927734375,-0.0244140625,-0.35400390625,0.18310546875,-1.01318359375,0.146484375,-0.78125,0.08544921875,-1.50146484375,-0.0244140625,-0.25634765625,0.1953125,-0.29296875,-0.0244140625,-1.20849609375,0.35400390625,-0.42724609375,0.09765625,-0.13427734375,-0.29296875,-0.62255859375,-0.01220703125,0.42724609375,0.03662109375,-0.79345703125,-0.15869140625,-1.45263671875,-0.25634765625,-1.01318359375,0,0.45166015625,0.15869140625,0.23193359375,-0.15869140625,-0.08544921875,-0.06103515625,-0.18310546875,0.0244140625,0.01220703125,-0.10986328125,0.0244140625,-0.0244140625,0.81787109375,-0.15869140625,-0.48828125,-0.18310546875,-0.5126953125
0,0.1953125,-0.37841796875,0.3173828125,-0.3173828125,-0.3173828125,-0.42724609375,0.244140625,0,0.42724609375,-0.146484375,-0.13427734375,-0.9521484375,-0.146484375,0.9521484375,-0.28076171875,-0.35400390625,-0.048828125,-1.03759765625,0.15869140625,-0.6103515625,0.09765625,0.50048828125,0.29296875,-1.18408203125,-0.01220703125,-0.18310546875,-0.0732421875,-0.79345703125,0.13427734375,0.91552734375,0.1953125,0.23193359375,0.03662109375,-0.3662109375,0.25634765625,-0.8544921875,-0.35400390625,-0.439453125,0.1220703125,-0.76904296875,-0.28076171875,-0.15869140625,-0.18310546875,-0.59814453125,-0.1220703125,-0.40283203125,0.1953125,0.59814453125,-0.08544921875,1.171875,-0.1708984375,0.48828125,-0.06103515625,-0.146484375,0.15869140625,0.74462890625,-0.20751953125,0.78125,-0.2197265625,0.439453125,0.48828125,0.6103515625,-0.32958984375,0.146484375,0.2197265625,0.1953125,0.28076171875,1.0498046875,-0.03662109375,0.23193359375,0.0244140625,0.1953125,0.01220703125,0.23193359375,0.01220703125,0.76904296875,-0.341796875,0.03662109375,0.01220703125,1.35498046875,0.10986328125,-0.91552734375,0.0244140625,-0.32958984375,0.1708984375,-1.01318359375,0.28076171875,-0.78125,0.1220703125,-1.52587890625,-0.048828125,-0.25634765625,0.40283203125,-0.29296875,-0.1220703125,-1.20849609375,0.32958984375,-0.57373046875,0.1220703125,-0.2685546875,-0.15869140625,-0.68359375,-0.08544921875,0.29296875,0.0244140625,-0.78125,-0.09765625,-1.4404296875,-0.30517578125,-1.0009765625,-0.0244140625,0.439453125,0.15869140625,0.23193359375,-0.146484375,-0.10986328125,-0.06103515625,-0.18310546875,0.0244140625,-0.01220703125,-0.08544921875,0.0244140625,-0.01220703125,0.81787109375,-0.1708984375,-0.5126953125,-0.1708984375,-0.50048828125
0,0.20751953125,-0.3662109375,0.29296875,-0.3173828125,-0.3173828125,-0.439453125,0.25634765625,0.01220703125,0.4638671875,-0.13427734375,-0.146484375,-0.96435546875,-0.1220703125,0.9521484375,-0.3662109375,-0.341796875,0.03662109375,-1.03759765625,0.03662109375,-0.6103515625,0.0732421875,0.50048828125,0.29296875,-1.18408203125,0.01220703125,-0.1953125,-0.0244140625,-0.79345703125,0.13427734375,0.89111328125,0.30517578125,0.23193359375,-0.146484375,-0.37841796875,0.20751953125,-0.8544921875,-0.25634765625,-0.4638671875,0.13427734375,-0.79345703125,-0.23193359375,-0.146484375,-0.09765625,-0.59814453125,-0.10986328125,-0.390625,0.1953125,0.5859375,-0.08544921875,1.1474609375,-0.1953125,0.47607421875,-0.0244140625,-0.146484375,0.1708984375,0.78125,-0.20751953125,0.68359375,-0.13427734375,0.439453125,0.439453125,0.62255859375,-0.3173828125,0.146484375,0.23193359375,0.18310546875,0.20751953125,1.03759765625,-0.01220703125,0.244140625,0.01220703125,0.1953125,-0.01220703125,0.244140625,-0.0244140625,0.78125,-0.29296875,0.01220703125,0.048828125,1.35498046875,0.1708984375,-0.91552734375,0.048828125,-0.3173828125,0.1220703125,-0.98876953125,0.30517578125,-0.76904296875,0.1953125,-1.513671875,-0.048828125,-0.244140625,0.57373046875,-0.29296875,-0.18310546875,-1.23291015625,0.244140625,-0.64697265625,0.13427734375,-0.32958984375,-0.06103515625,-0.64697265625,-0.18310546875,0.2197265625,0.0244140625,-0.74462890625,-0.01220703125,-1.4404296875,-0.3173828125,-1.01318359375,-0.09765625,0.42724609375,0.13427734375,0.2197265625,-0.1220703125,-0.10986328125,-0.06103515625,-0.1708984375,0.06103515625,0,-0.0732421875,0.01220703125,-0.01220703125,0.81787109375,-0.18310546875,-0.52490234375,-0.13427734375,-0.50048828125
0,0.1708984375,-0.3662109375,0.25634765625,-0.30517578125,-0.30517578125,-0.42724609375,0.244140625,0.03662109375,0.439453125,-0.13427734375,-0.1708984375,-0.96435546875,-0.09765625,0.9521484375,-0.45166015625,-0.32958984375,0.048828125,-1.0498046875,-0.08544921875,-0.5859375,0.09765625,0.47607421875,0.15869140625,-1.1962890625,0.048828125,-0.23193359375,0.01220703125,-0.78125,0.10986328125,0.86669921875,0.32958984375,0.20751953125,-0.28076171875,-0.3662109375,0.146484375,-0.830078125,-0.1220703125,-0.48828125,0.10986328125,-0.79345703125,-0.2197265625,-0.1953125,0,-0.634765625,-0.10986328125,-0.3662109375,0.20751953125,0.59814453125,-0.08544921875,1.123046875,-0.25634765625,0.48828125,0,-0.1220703125,0.23193359375,0.7568359375,-0.23193359375,0.62255859375,-0.06103515625,0.42724609375,0.439453125,0.634765625,-0.3662109375,0.146484375,0.23193359375,0.2197265625,0.1220703125,1.0498046875,0,0.2685546875,-0.03662109375,0.1708984375,-0.048828125,0.244140625,-0.10986328125,0.830078125,-0.244140625,0,0.08544921875,1.3427734375,0.244140625,-0.927734375,0.06103515625,-0.32958984375,0.10986328125,-0.9765625,0.28076171875,-0.7568359375,0.20751953125,-1.513671875,-0.01220703125,-0.2197265625,0.68359375,-0.30517578125,-0.1953125,-1.23291015625,0.146484375,-0.57373046875,0.08544921875,-0.3173828125,0.01220703125,-0.47607421875,-0.28076171875,0.2197265625,-0.01220703125,-0.732421875,0.08544921875,-1.42822265625,-0.29296875,-1.03759765625,-0.146484375,0.439453125,0.13427734375,0.2197265625,-0.09765625,-0.09765625,-0.0732421875,-0.146484375,0.06103515625,0,-0.048828125,0,-0.01220703125,0.8056640625,-0.20751953125,-0.5126953125,-0.13427734375,-0.52490234375
0,0.146484375,-0.390625,0.23193359375,-0.28076171875,-0.25634765625,-0.40283203125,0.2197265625,0.0732421875,0.390625,-0.1220703125,-0.13427734375,-0.9521484375,-0.06103515625,0.9521484375,-0.47607421875,-0.3173828125,0.03662109375,-1.025390625,-0.15869140625,-0.5859375,0.13427734375,0.47607421875,-0.08544921875,-1.1962890625,0.06103515625,-0.20751953125,0.03662109375,-0.7568359375,0.03662109375,0.86669921875,0.37841796875,0.20751953125,-0.3173828125,-0.37841796875,0.08544921875,-0.84228515625,-0.048828125,-0.5126953125,0.08544921875,-0.81787109375,-0.18310546875,-0.2197265625,0.048828125,-0.634765625,-0.048828125,-0.37841796875,0.18310546875,0.59814453125,-0.08544921875,1.123046875,-0.2685546875,0.4638671875,-0.048828125,-0.10986328125,0.20751953125,0.7568359375,-0.1708984375,0.5615234375,-0.0732421875,0.42724609375,0.47607421875,0.6103515625,-0.4638671875,0.1220703125,0.1708984375,0.2197265625,0.0244140625,1.0498046875,0.01220703125,0.2685546875,-0.0732421875,0.1708984375,-0.0732421875,0.2685546875,-0.13427734375,0.830078125,-0.18310546875,0.0244140625,0.09765625,1.3427734375,0.29296875,-0.9521484375,0.0732421875,-0.341796875,0.0732421875,-0.98876953125,0.23193359375,-0.74462890625,0.1953125,-1.50146484375,0.0244140625,-0.2197265625,0.68359375,-0.3173828125,-0.08544921875,-1.23291015625,0.10986328125,-0.390625,0.09765625,-0.146484375,0.048828125,-0.13427734375,-0.3173828125,0.35400390625,-0.0244140625,-0.69580078125,0.13427734375,-1.416015625,-0.244140625,-1.03759765625,-0.1953125,0.42724609375,0.1220703125,0.2197265625,-0.0732421875,-0.08544921875,-0.06103515625,-0.13427734375,0.0732421875,-0.01220703125,-0.03662109375,-0.03662109375,-0.048828125,0.79345703125,-0.20751953125,-0.48828125,-0.0732421875,-0.52490234375
0,0.18310546875,-0.390625,0.2197265625,-0.28076171875,-0.20751953125,-0.40283203125,0.1953125,0.0732421875,0.40283203125,-0.1220703125,-0.1220703125,-0.96435546875,-0.01220703125,0.96435546875,-0.52490234375,-0.3173828125,0,-0.98876953125,-0.20751953125,-0.54931640625,0.1220703125,0.48828125,-0.35400390625,-1.220703125,0.0732421875,-0.20751953125,0.03662109375,-0.76904296875,0.01220703125,0.87890625,0.390625,0.2197265625,-0.2197265625,-0.35400390625,0.03662109375,-0.81787109375,0.06103515625,-0.50048828125,0.06103515625,-0.79345703125,-0.13427734375,-0.244140625,0.08544921875,-0.64697265625,0.0244140625,-0.3662109375,0.2197265625,0.59814453125,-0.13427734375,1.11083984375,-0.28076171875,0.45166015625,-0.0732421875,-0.13427734375,0.15869140625,0.7568359375,-0.09765625,0.52490234375,-0.1220703125,0.42724609375,0.54931640625,0.62255859375,-0.5859375,0.10986328125,0.08544921875,0.23193359375,-0.01220703125,1.025390625,-0.03662109375,0.2685546875,-0.146484375,0.1953125,-0.13427734375,0.28076171875,-0.15869140625,0.81787109375,-0.0732421875,0.01220703125,0.09765625,1.3671875,0.29296875,-0.96435546875,0.10986328125,-0.32958984375,0.0244140625,-0.9765625,0.08544921875,-0.74462890625,0.18310546875,-1.513671875,0.0732421875,-0.23193359375,0.6103515625,-0.30517578125,0.03662109375,-1.23291015625,0.03662109375,-0.0244140625,-0.01220703125,0.13427734375,0.048828125,0.390625,-0.341796875,0.634765625,0.01220703125,-0.69580078125,0.1220703125,-1.416015625,-0.13427734375,-1.06201171875,-0.2197265625,0.42724609375,0.09765625,0.20751953125,-0.06103515625,-0.048828125,-0.048828125,-0.09765625,0.06103515625,-0.01220703125,-0.03662109375,-0.06103515625,-0.06103515625,0.78125,-0.18310546875,-0.50048828125,-0.0732421875,-0.5615234375
0,0.1953125,-0.390625,0.1953125,-0.2685546875,-0.20751953125,-0.37841796875,0.1708984375,0.0732421875,0.37841796875,-0.1220703125,-0.10986328125,-0.96435546875,0,0.98876953125,-0.537109375,-0.32958984375,-0.08544921875,-1.0009765625,-0.23193359375,-0.537109375,0.08544921875,0.4638671875,-0.537109375,-1.20849609375,0.09765625,-0.1953125,0.048828125,-0.81787109375,-0.03662109375,0.8544921875,0.35400390625,0.1953125,-0.0732421875,-0.32958984375,-0.048828125,-0.81787109375,0.09765625,-0.5126953125,0.01220703125,-0.76904296875,-0.1220703125,-0.244140625,0.03662109375,-0.64697265625,0.06103515625,-0.35400390625,0.20751953125,0.62255859375,-0.13427734375,1.1474609375,-0.29296875,0.439453125,-0.09765625,-0.15869140625,0.09765625,0.74462890625,-0.0244140625,0.537109375,-0.1708984375,0.439453125,0.6103515625,0.6103515625,-0.64697265625,0.10986328125,0.01220703125,0.2685546875,-0.0732421875,1.01318359375,-0.0732421875,0.25634765625,-0.1708984375,0.20751953125,-0.20751953125,0.28076171875,-0.15869140625,0.86669921875,-0.06103515625,0.01220703125,0.09765625,1.33056640625,0.28076171875,-0.9765625,0.1220703125,-0.341796875,-0.01220703125,-0.96435546875,-0.0732421875,-0.7568359375,0.1708984375,-1.513671875,0.18310546875,-0.23193359375,0.47607421875,-0.3173828125,0.20751953125,-1.23291015625,0.048828125,0.45166015625,-0.03662109375,0.52490234375,0.146484375,1.07421875,-0.32958984375,1.03759765625,0.06103515625,-0.69580078125,0.06103515625,-1.416015625,-0.09765625,-1.07421875,-0.25634765625,0.40283203125,0.08544921875,0.23193359375,-0.048828125,-0.048828125,-0.0732421875,-0.0732421875,0.048828125,0,-0.03662109375,-0.0732421875,-0.048828125,0.78125,-0.18310546875,-0.50048828125,-0.06103515625,-0.5615234375
0,0.2197265625,-0.40283203125,0.1953125,-0.2685546875,-0.146484375,-0.390625,0.13427734375,0.03662109375,0.341796875,-0.15869140625,-0.09765625,-0.96435546875,0.0244140625,0.96435546875,-0.52490234375,-0.3173828125,-0.1708984375,-1.01318359375,-0.23193359375,-0.537109375,0.048828125,0.47607421875,-0.64697265625,-1.1962890625,0.09765625,-0.1708984375,0.048828125,-0.830078125,-0.0732421875,0.830078125,0.32958984375,0.1953125,0.09765625,-0.32958984375,-0.06103515625,-0.84228515625,0.08544921875,-0.52490234375,0.01220703125,-0.76904296875,-0.08544921875,-0.244140625,0,-0.6591796875,0.0732421875,-0.35400390625,0.20751953125,0.62255859375,-0.15869140625,1.15966796875,-0.37841796875,0.439453125,-0.09765625,-0.15869140625,0.03662109375,0.72021484375,0.048828125,0.5859375,-0.18310546875,0.439453125,0.634765625,0.5859375,-0.72021484375,0.08544921875,-0.048828125,0.25634765625,-0.146484375,1.025390625,-0.1220703125,0.244140625,-0.20751953125,0.23193359375,-0.244140625,0.29296875,-0.18310546875,0.8056640625,-0.01220703125,0.048828125,0.09765625,1.33056640625,0.2197265625,-0.98876953125,0.10986328125,-0.341796875,-0.0732421875,-0.96435546875,-0.2197265625,-0.74462890625,0.15869140625,-1.513671875,0.2685546875,-0.25634765625,0.30517578125,-0.30517578125,0.37841796875,-1.20849609375,0.03662109375,1.06201171875,-0.1220703125,1.03759765625,0.10986328125,1.86767578125,-0.30517578125,1.55029296875,0.13427734375,-0.69580078125,-0.0244140625,-1.42822265625,-0.08544921875,-1.08642578125,-0.29296875,0.40283203125,0.0732421875,0.244140625,-0.0732421875,-0.048828125,-0.06103515625,-0.0732421875,0.03662109375,0,-0.048828125,-0.048828125,-0.03662109375,0.81787109375,-0.15869140625,-0.48828125,-0.0732421875,-0.54931640625
0,0.23193359375,-0.37841796875,0.1708984375,-0.28076171875,-0.13427734375,-0.37841796875,0.1220703125,0.01220703125,0.32958984375,-0.15869140625,-0.08544921875,-0.9765625,0.048828125,0.96435546875,-0.5126953125,-0.341796875,-0.20751953125,-1.0009765625,-0.18310546875,-0.52490234375,-0.08544921875,0.50048828125,-0.62255859375,-1.171875,0.0732421875,-0.13427734375,0.06103515625,-0.84228515625,-0.048828125,0.87890625,0.2197265625,0.1953125,0.244140625,-0.28076171875,-0.03662109375,-0.84228515625,0.03662109375,-0.50048828125,0,-0.78125,-0.09765625,-0.23193359375,-0.10986328125,-0.6591796875,0.10986328125,-0.32958984375,0.1953125,0.634765625,-0.1708984375,1.18408203125,-0.4150390625,0.439453125,-0.18310546875,-0.1708984375,0.08544921875,0.74462890625,0.06103515625,0.634765625,-0.1220703125,0.439453125,0.67138671875,0.57373046875,-0.72021484375,0.09765625,-0.09765625,0.25634765625,-0.18310546875,1.0009765625,-0.1708984375,0.1953125,-0.2197265625,0.2197265625,-0.25634765625,0.2685546875,-0.146484375,0.7568359375,0.0244140625,0.06103515625,0.1220703125,1.3427734375,0.09765625,-0.98876953125,0.1220703125,-0.3662109375,-0.1220703125,-0.9765625,-0.3173828125,-0.74462890625,0.13427734375,-1.52587890625,0.341796875,-0.2685546875,0.2197265625,-0.32958984375,0.47607421875,-1.18408203125,0.01220703125,1.69677734375,-0.20751953125,1.611328125,-0.01220703125,2.7099609375,-0.30517578125,2.1240234375,0.20751953125,-0.7080078125,-0.15869140625,-1.4404296875,-0.10986328125,-1.07421875,-0.29296875,0.390625,0.06103515625,0.2685546875,-0.048828125,-0.048828125,-0.06103515625,-0.0732421875,0.0244140625,0.01220703125,-0.06103515625,-0.06103515625,-0.048828125,0.84228515625,-0.10986328125,-0.47607421875,-0.08544921875,-0.537109375
0,0.20751953125,-0.40283203125,0.1708984375,-0.28076171875,-0.09765625,-0.390625,0.08544921875,0.01220703125,0.3173828125,-0.1708984375,-0.08544921875,-0.96435546875,0.03662109375,0.93994140625,-0.45166015625,-0.341796875,-0.25634765625,-1.0009765625,-0.1220703125,-0.52490234375,-0.2197265625,0.5126953125,-0.45166015625,-1.15966796875,0.0244140625,-0.13427734375,0.03662109375,-0.84228515625,-0.048828125,0.9033203125,0.0732421875,0.23193359375,0.341796875,-0.28076171875,0.03662109375,-0.84228515625,-0.03662109375,-0.4638671875,0.01220703125,-0.732421875,-0.13427734375,-0.2197265625,-0.244140625,-0.634765625,0.1220703125,-0.341796875,0.1953125,0.64697265625,-0.1220703125,1.18408203125,-0.45166015625,0.439453125,-0.29296875,-0.1708984375,0.10986328125,0.732421875,0.0732421875,0.72021484375,-0.146484375,0.45166015625,0.68359375,0.5859375,-0.6591796875,0.10986328125,-0.146484375,0.2685546875,-0.1953125,1.01318359375,-0.20751953125,0.18310546875,-0.1953125,0.23193359375,-0.29296875,0.28076171875,-0.1220703125,0.7568359375,0.0244140625,0.06103515625,0.1708984375,1.3427734375,-0.0244140625,-1.0009765625,0.08544921875,-0.3662109375,-0.18310546875,-1.0009765625,-0.341796875,-0.74462890625,0.08544921875,-1.5380859375,0.3662109375,-0.244140625,0.13427734375,-0.32958984375,0.537109375,-1.15966796875,0.048828125,2.35595703125,-0.244140625,2.197265625,-0.03662109375,3.5400390625,-0.20751953125,2.734375,0.20751953125,-0.732421875,-0.244140625,-1.4404296875,-0.146484375,-1.07421875,-0.25634765625,0.40283203125,0.06103515625,0.28076171875,-0.03662109375,-0.06103515625,-0.06103515625,-0.08544921875,0.03662109375,0.0244140625,-0.0732421875,-0.0244140625,0,0.86669921875,-0.09765625,-0.4638671875,-0.08544921875,-0.50048828125
0,0.2197265625,-0.390625,0.13427734375,-0.28076171875,-0.0732421875,-0.37841796875,0.08544921875,-0.01220703125,0.29296875,-0.146484375,-0.0732421875,-0.96435546875,0,0.927734375,-0.3662109375,-0.341796875,-0.23193359375,-1.0009765625,-0.0732421875,-0.537109375,-0.32958984375,0.537109375,-0.2685546875,-1.15966796875,-0.01220703125,-0.1220703125,0.01220703125,-0.84228515625,-0.0244140625,0.91552734375,-0.0732421875,0.23193359375,0.3662109375,-0.25634765625,0.09765625,-0.830078125,-0.146484375,-0.42724609375,0.01220703125,-0.7080078125,-0.2197265625,-0.18310546875,-0.32958984375,-0.64697265625,0.1220703125,-0.341796875,0.1708984375,0.67138671875,-0.06103515625,1.1962890625,-0.45166015625,0.45166015625,-0.40283203125,-0.15869140625,0.146484375,0.732421875,-0.01220703125,0.79345703125,-0.1220703125,0.4638671875,0.69580078125,0.59814453125,-0.62255859375,0.13427734375,-0.1708984375,0.2685546875,-0.23193359375,1.01318359375,-0.28076171875,0.18310546875,-0.18310546875,0.25634765625,-0.30517578125,0.2685546875,-0.08544921875,0.69580078125,0.048828125,0.06103515625,0.244140625,1.35498046875,-0.1220703125,-1.0009765625,0.06103515625,-0.3662109375,-0.23193359375,-1.0009765625,-0.30517578125,-0.74462890625,0.01220703125,-1.5380859375,0.30517578125,-0.244140625,0.146484375,-0.30517578125,0.47607421875,-1.11083984375,0.03662109375,2.9296875,-0.25634765625,2.7587890625,-0.09765625,4.33349609375,-0.08544921875,3.271484375,0.18310546875,-0.7568359375,-0.29296875,-1.46484375,-0.18310546875,-1.03759765625,-0.15869140625,0.4150390625,0.03662109375,0.2685546875,-0.03662109375,-0.06103515625,-0.08544921875,-0.0732421875,0,0.03662109375,-0.09765625,0,-0.01220703125,0.86669921875,-0.06103515625,-0.47607421875,-0.08544921875,-0.50048828125
0,0.2685546875,-0.3662109375,0.146484375,-0.28076171875,-0.08544921875,-0.37841796875,0.06103515625,0.01220703125,0.28076171875,-0.146484375,-0.06103515625,-0.9521484375,-0.048828125,0.93994140625,-0.25634765625,-0.341796875,-0.1708984375,-1.0009765625,-0.0732421875,-0.54931640625,-0.3662109375,0.5126953125,-0.048828125,-1.15966796875,-0.0732421875,-0.15869140625,-0.03662109375,-0.830078125,-0.048828125,0.927734375,-0.2197265625,0.23193359375,0.29296875,-0.2685546875,0.1953125,-0.84228515625,-0.2685546875,-0.390625,0.03662109375,-0.69580078125,-0.35400390625,-0.1708984375,-0.4150390625,-0.62255859375,0.06103515625,-0.3662109375,0.146484375,0.6591796875,-0.03662109375,1.171875,-0.42724609375,0.48828125,-0.48828125,-0.146484375,0.146484375,0.76904296875,-0.09765625,0.9033203125,-0.0244140625,0.439453125,0.69580078125,0.6103515625,-0.6103515625,0.15869140625,-0.20751953125,0.25634765625,-0.25634765625,1.03759765625,-0.2685546875,0.1708984375,-0.1708984375,0.244140625,-0.3662109375,0.2685546875,-0.03662109375,0.72021484375,0.03662109375,0.048828125,0.30517578125,1.35498046875,-0.1708984375,-0.9521484375,0.01220703125,-0.3662109375,-0.244140625,-1.01318359375,-0.23193359375,-0.732421875,-0.01220703125,-1.57470703125,0.2197265625,-0.244140625,0.18310546875,-0.28076171875,0.29296875,-1.123046875,0.048828125,3.40576171875,-0.1953125,3.23486328125,-0.20751953125,5.0048828125,0.0244140625,3.7353515625,0.1220703125,-0.7568359375,-0.30517578125,-1.45263671875,-0.18310546875,-1.025390625,-0.06103515625,0.40283203125,0.03662109375,0.2685546875,-0.01220703125,-0.09765625,-0.0732421875,-0.09765625,0,0.01220703125,-0.10986328125,0.01220703125,-0.01220703125,0.9033203125,-0.06103515625,-0.4638671875,-0.09765625,-0.48828125
0,0.3173828125,-0.35400390625,0.13427734375,-0.28076171875,-0.0244140625,-0.3662109375,0.06103515625,0.01220703125,0.244140625,-0.15869140625,-0.06103515625,-0.9521484375,-0.08544921875,0.9521484375,-0.146484375,-0.30517578125,-0.08544921875,-1.01318359375,-0.048828125,-0.52490234375,-0.2685546875,0.537109375,0.146484375,-1.171875,-0.146484375,-0.146484375,-0.08544921875,-0.79345703125,-0.10986328125,0.927734375,-0.2685546875,0.25634765625,0.20751953125,-0.28076171875,0.30517578125,-0.830078125,-0.341796875,-0.390625,0.048828125,-0.69580078125,-0.47607421875,-0.15869140625,-0.42724609375,-0.59814453125,0.0244140625,-0.40283203125,0.13427734375,0.64697265625,-0.01220703125,1.18408203125,-0.37841796875,0.50048828125,-0.54931640625,-0.13427734375,0.13427734375,0.78125,-0.1708984375,1.0009765625,0.01220703125,0.45166015625,0.69580078125,0.634765625,-0.537109375,0.18310546875,-0.2197265625,0.244140625,-0.2685546875,1.06201171875,-0.29296875,0.1708984375,-0.1953125,0.23193359375,-0.3662109375,0.244140625,-0.01220703125,0.732421875,0.0244140625,0.03662109375,0.341796875,1.33056640625,-0.1708984375,-0.927734375,-0.03662109375,-0.3662109375,-0.244140625,-1.01318359375,-0.10986328125,-0.7568359375,0,-1.5380859375,0.1220703125,-0.244140625,0.25634765625,-0.28076171875,0.09765625,-1.123046875,0.08544921875,3.759765625,-0.1220703125,3.60107421875,-0.20751953125,5.55419921875,0.06103515625,4.1015625,0.03662109375,-0.76904296875,-0.25634765625,-1.4404296875,-0.13427734375,-1.0009765625,-0.048828125,0.40283203125,0.03662109375,0.25634765625,0,-0.0732421875,-0.08544921875,-0.08544921875,-0.01220703125,0,-0.1220703125,0.03662109375,-0.03662109375,0.87890625,-0.08544921875,-0.4638671875,-0.0732421875,-0.47607421875
0,0.30517578125,-0.341796875,0.146484375,-0.2685546875,0,-0.35400390625,0.06103515625,0.03662109375,0.2197265625,-0.15869140625,-0.0732421875,-0.927734375,-0.1220703125,0.9521484375,-0.048828125,-0.3173828125,0.03662109375,-1.01318359375,-0.08544921875,-0.5126953125,-0.13427734375,0.537109375,0.15869140625,-1.15966796875,-0.1953125,-0.1708984375,-0.13427734375,-0.78125,-0.15869140625,0.93994140625,-0.2197265625,0.244140625,0.06103515625,-0.30517578125,0.35400390625,-0.830078125,-0.4150390625,-0.40283203125,0.048828125,-0.69580078125,-0.59814453125,-0.1708984375,-0.390625,-0.5859375,-0.09765625,-0.42724609375,0.048828125,0.634765625,-0.048828125,1.1474609375,-0.3173828125,0.50048828125,-0.5859375,-0.13427734375,0.06103515625,0.79345703125,-0.25634765625,1.07421875,0.01220703125,0.439453125,0.7568359375,0.6591796875,-0.47607421875,0.1953125,-0.2197265625,0.2197265625,-0.2685546875,1.06201171875,-0.28076171875,0.18310546875,-0.1953125,0.20751953125,-0.42724609375,0.244140625,0,0.74462890625,0.03662109375,0.03662109375,0.40283203125,1.33056640625,-0.15869140625,-0.96435546875,-0.0732421875,-0.37841796875,-0.1953125,-1.025390625,-0.01220703125,-0.74462890625,0.0244140625,-1.5625,0.048828125,-0.23193359375,0.3173828125,-0.29296875,-0.1220703125,-1.123046875,0.09765625,3.9794921875,-0.0244140625,3.8818359375,-0.20751953125,5.92041015625,0.0244140625,4.35791015625,-0.048828125,-0.7568359375,-0.15869140625,-1.4404296875,-0.10986328125,-1.0009765625,-0.0244140625,0.4150390625,0.048828125,0.244140625,0.01220703125,-0.0732421875,-0.0732421875,-0.09765625,0,-0.0244140625,-0.09765625,0.03662109375,-0.06103515625,0.8544921875,-0.09765625,-0.47607421875,-0.06103515625,-0.47607421875
1,0.29296875,-0.32958984375,0.13427734375,-0.28076171875,0.0244140625,-0.3662109375,0.01220703125,0.0244140625,0.1953125,-0.13427734375,-0.0732421875,-0.93994140625,-0.1708984375,0.98876953125,0.0732421875,-0.32958984375,0.09765625,-1.025390625,-0.09765625,-0.50048828125,0.048828125,0.5126953125,0.146484375,-1.1962890625,-0.2685546875,-0.18310546875,-0.1708984375,-0.76904296875,-0.20751953125,0.91552734375,-0.1220703125,0.244140625,-0.048828125,-0.35400390625,0.341796875,-0.84228515625,-0.37841796875,-0.439453125,0.0244140625,-0.72021484375,-0.634765625,-0.18310546875,-0.37841796875,-0.5859375,-0.2197265625,-0.439453125,0.01220703125,0.62255859375,-0.06103515625,1.123046875,-0.28076171875,0.50048828125,-0.6103515625,-0.10986328125,0.0244140625,0.76904296875,-0.32958984375,1.13525390625,0.06103515625,0.4150390625,0.732421875,0.6591796875,-0.35400390625,0.1708984375,-0.2685546875,0.1953125,-0.1953125,1.07421875,-0.2197265625,0.20751953125,-0.2197265625,0.20751953125,-0.45166015625,0.23193359375,0.0244140625,0.79345703125,0.048828125,0.0244140625,0.439453125,1.33056640625,-0.15869140625,-0.9521484375,-0.08544921875,-0.3662109375,-0.0732421875,-1.03759765625,0.08544921875,-0.74462890625,0.0732421875,-1.5625,0,-0.25634765625,0.341796875,-0.29296875,-0.29296875,-1.11083984375,0.1220703125,4.0771484375,0.03662109375,4.0283203125,-0.18310546875,6.15234375,-0.0732421875,4.5166015625,-0.10986328125,-0.732421875,-0.08544921875,-1.45263671875,-0.146484375,-0.9765625,-0.06103515625,0.439453125,0.048828125,0.23193359375,0.048828125,-0.08544921875,-0.08544921875,-0.08544921875,-0.0244140625,-0.03662109375,-0.0732421875,0.06103515625,-0.06103515625,0.86669921875,-0.1220703125,-0.47607421875,-0.06103515625,-0.47607421875
1,0.28076171875,-0.32958984375,0.13427734375,-0.28076171875,0.048828125,-0.35400390625,-0.03662109375,0.048828125,0.15869140625,-0.1220703125,-0.06103515625,-0.9521484375,-0.18310546875,0.9521484375,0.1220703125,-0.32958984375,0.15869140625,-1.03759765625,-0.08544921875,-0.52490234375,0.15869140625,0.48828125,0,-1.1962890625,-0.28076171875,-0.20751953125,-0.15869140625,-0.78125,-0.244140625,0.89111328125,0.0244140625,0.2197265625,-0.06103515625,-0.35400390625,0.2685546875,-0.830078125,-0.30517578125,-0.4638671875,-0.0244140625,-0.732421875,-0.59814453125,-0.18310546875,-0.32958984375,-0.5859375,-0.29296875,-0.439453125,0,0.62255859375,-0.09765625,1.123046875,-0.25634765625,0.47607421875,-0.5859375,-0.146484375,0,0.7568359375,-0.3662109375,1.220703125,0.03662109375,0.4150390625,0.7080078125,0.6591796875,-0.1953125,0.15869140625,-0.25634765625,0.1953125,-0.1708984375,1.06201171875,-0.1953125,0.1953125,-0.23193359375,0.1708984375,-0.40283203125,0.23193359375,0.048828125,0.81787109375,0.048828125,0.0244140625,0.4638671875,1.33056640625,-0.13427734375,-0.96435546875,-0.0732421875,-0.3662109375,0.0732421875,-1.01318359375,0.1220703125,-0.74462890625,0.03662109375,-1.55029296875,-0.0244140625,-0.25634765625,0.2685546875,-0.2685546875,-0.3173828125,-1.15966796875,0.1708984375,4.0771484375,0.08544921875,4.06494140625,-0.1708984375,6.25,-0.09765625,4.541015625,-0.1708984375,-0.732421875,0,-1.4404296875,-0.1708984375,-1.0009765625,-0.10986328125,0.42724609375,0.048828125,0.23193359375,0.048828125,-0.10986328125,-0.06103515625,-0.10986328125,-0.048828125,-0.03662109375,-0.0732421875,0.048828125,-0.06103515625,0.84228515625,-0.10986328125,-0.47607421875,-0.03662109375,-0.48828125
1,0.2685546875,-0.3173828125,0.09765625,-0.28076171875,0.06103515625,-0.3662109375,-0.06103515625,0.048828125,0.09765625,-0.10986328125,-0.0732421875,-0.9521484375,-0.244140625,0.96435546875,0.18310546875,-0.341796875,0.1708984375,-1.025390625,-0.06103515625,-0.5126953125,0.2685546875,0.48828125,-0.1220703125,-1.1962890625,-0.30517578125,-0.1953125,-0.146484375,-0.78125,-0.1953125,0.9033203125,0.1708984375,0.2197265625,0,-0.341796875,0.1953125,-0.84228515625,-0.2197265625,-0.4638671875,-0.048828125,-0.74462890625,-0.537109375,-0.18310546875,-0.2685546875,-0.5859375,-0.341796875,-0.4150390625,-0.03662109375,0.634765625,-0.13427734375,1.1474609375,-0.2197265625,0.48828125,-0.537109375,-0.15869140625,-0.01220703125,0.7568359375,-0.3662109375,1.26953125,-0.01220703125,0.4150390625,0.69580078125,0.64697265625,-0.13427734375,0.13427734375,-0.244140625,0.20751953125,-0.10986328125,1.06201171875,-0.13427734375,0.20751953125,-0.28076171875,0.15869140625,-0.37841796875,0.2197265625,0.08544921875,0.830078125,0.03662109375,0.0244140625,0.4638671875,1.318359375,-0.08544921875,-0.9521484375,-0.03662109375,-0.3662109375,0.1708984375,-1.025390625,0.10986328125,-0.7568359375,-0.03662109375,-1.5380859375,-0.01220703125,-0.25634765625,0.1220703125,-0.28076171875,-0.29296875,-1.18408203125,0.15869140625,4.00390625,0.0732421875,4.01611328125,-0.30517578125,6.25,-0.146484375,4.47998046875,-0.15869140625,-0.732421875,0.0244140625,-1.4404296875,-0.20751953125,-1.03759765625,-0.1220703125,0.42724609375,0.048828125,0.23193359375,0.0732421875,-0.09765625,-0.0732421875,-0.10986328125,-0.048828125,-0.01220703125,-0.048828125,0.03662109375,-0.0732421875,0.8544921875,-0.10986328125,-0.48828125,-0.03662109375,-0.48828125
1,0.25634765625,-0.32958984375,0.1220703125,-0.28076171875,0.09765625,-0.3662109375,-0.08544921875,0.03662109375,0.08544921875,-0.09765625,-0.048828125,-0.96435546875,-0.23193359375,0.96435546875,0.18310546875,-0.35400390625,0.1708984375,-1.01318359375,-0.06103515625,-0.5126953125,0.3173828125,0.50048828125,-0.1953125,-1.20849609375,-0.28076171875,-0.20751953125,-0.146484375,-0.7568359375,-0.15869140625,0.9033203125,0.244140625,0.20751953125,0.06103515625,-0.341796875,0.10986328125,-0.830078125,-0.10986328125,-0.47607421875,-0.0732421875,-0.7568359375,-0.439453125,-0.2197265625,-0.29296875,-0.6103515625,-0.341796875,-0.4150390625,-0.06103515625,0.62255859375,-0.18310546875,1.1474609375,-0.20751953125,0.4638671875,-0.50048828125,-0.15869140625,0.0244140625,0.7568359375,-0.2685546875,1.30615234375,-0.048828125,0.42724609375,0.69580078125,0.62255859375,-0.0732421875,0.1220703125,-0.244140625,0.1953125,-0.048828125,1.03759765625,-0.09765625,0.244140625,-0.32958984375,0.1708984375,-0.29296875,0.244140625,0.10986328125,0.87890625,0.048828125,0.01220703125,0.439453125,1.33056640625,-0.048828125,-0.9521484375,0.01220703125,-0.35400390625,0.2685546875,-1.025390625,0.06103515625,-0.76904296875,-0.1220703125,-1.52587890625,-0.01220703125,-0.244140625,-0.03662109375,-0.29296875,-0.146484375,-1.23291015625,0.13427734375,3.89404296875,0.048828125,3.89404296875,-0.390625,6.16455078125,-0.1953125,4.35791015625,-0.09765625,-0.72021484375,0.0244140625,-1.45263671875,-0.20751953125,-1.0498046875,-0.146484375,0.390625,0.048828125,0.25634765625,0.09765625,-0.10986328125,-0.0732421875,-0.1220703125,-0.06103515625,-0.01220703125,-0.0732421875,0.0244140625,-0.08544921875,0.84228515625,-0.10986328125,-0.48828125,-0.03662109375,-0.48828125
1,0.2685546875,-0.32958984375,0.10986328125,-0.29296875,0.18310546875,-0.341796875,-0.09765625,0.03662109375,0.08544921875,-0.1220703125,-0.0732421875,-0.9521484375,-0.244140625,0.9521484375,0.2197265625,-0.3662109375,0.146484375,-1.025390625,-0.0732421875,-0.50048828125,0.29296875,0.50048828125,-0.28076171875,-1.1962890625,-0.2685546875,-0.18310546875,-0.1220703125,-0.78125,-0.0244140625,0.89111328125,0.244140625,0.1953125,0.13427734375,-0.341796875,0.01220703125,-0.830078125,-0.01220703125,-0.50048828125,-0.09765625,-0.78125,-0.341796875,-0.2197265625,-0.2197265625,-0.634765625,-0.29296875,-0.4150390625,-0.09765625,0.6103515625,-0.1953125,1.15966796875,-0.15869140625,0.4638671875,-0.45166015625,-0.15869140625,0,0.74462890625,-0.2197265625,1.35498046875,-0.1220703125,0.439453125,0.68359375,0.5615234375,-0.048828125,0.09765625,-0.1953125,0.1953125,0.03662109375,1.03759765625,-0.06103515625,0.244140625,-0.35400390625,0.1953125,-0.20751953125,0.244140625,0.10986328125,0.8544921875,0.0732421875,0.01220703125,0.390625,1.318359375,0.01220703125,-0.9521484375,0.06103515625,-0.3662109375,0.2685546875,-1.01318359375,0.03662109375,-0.76904296875,-0.2197265625,-1.50146484375,0.01220703125,-0.244140625,-0.15869140625,-0.29296875,0.048828125,-1.25732421875,0.15869140625,3.74755859375,-0.0244140625,3.7353515625,-0.40283203125,5.94482421875,-0.18310546875,4.21142578125,0,-0.7080078125,0.0244140625,-1.42822265625,-0.2197265625,-1.0498046875,-0.13427734375,0.40283203125,0.08544921875,0.244140625,0.10986328125,-0.10986328125,-0.0732421875,-0.10986328125,-0.048828125,0.01220703125,-0.0732421875,-0.01220703125,-0.0732421875,0.86669921875,-0.08544921875,-0.50048828125,-0.03662109375,-0.5126953125
1,0.244140625,-0.37841796875,0.09765625,-0.28076171875,0.18310546875,-0.3662109375,-0.08544921875,0.0244140625,0.06103515625,-0.10986328125,-0.06103515625,-0.96435546875,-0.23193359375,0.9521484375,0.244140625,-0.3662109375,0.1220703125,-1.0009765625,-0.10986328125,-0.52490234375,0.244140625,0.5126953125,-0.32958984375,-1.171875,-0.20751953125,-0.1708984375,-0.08544921875,-0.8056640625,0.10986328125,0.86669921875,0.1708984375,0.1953125,0.10986328125,-0.30517578125,-0.08544921875,-0.8544921875,0.048828125,-0.50048828125,-0.06103515625,-0.78125,-0.2685546875,-0.20751953125,-0.20751953125,-0.6591796875,-0.23193359375,-0.390625,-0.08544921875,0.6103515625,-0.20751953125,1.171875,-0.13427734375,0.47607421875,-0.341796875,-0.15869140625,0.0244140625,0.74462890625,-0.13427734375,1.37939453125,-0.15869140625,0.45166015625,0.67138671875,0.537109375,-0.0244140625,0.08544921875,-0.146484375,0.23193359375,0.1220703125,1.0498046875,-0.01220703125,0.244140625,-0.35400390625,0.20751953125,-0.1953125,0.2685546875,0.13427734375,0.8544921875,0.06103515625,0.03662109375,0.32958984375,1.33056640625,0.0732421875,-0.98876953125,0.1220703125,-0.37841796875,0.2197265625,-1.0009765625,0.0244140625,-0.78125,-0.23193359375,-1.50146484375,0.03662109375,-0.2685546875,-0.20751953125,-0.3173828125,0.1953125,-1.26953125,0.13427734375,3.5888671875,-0.08544921875,3.564453125,-0.37841796875,5.6884765625,-0.18310546875,4.0283203125,0.15869140625,-0.732421875,-0.03662109375,-1.4404296875,-0.2197265625,-1.0498046875,-0.13427734375,0.4150390625,0.08544921875,0.2685546875,0.10986328125,-0.13427734375,-0.0732421875,-0.13427734375,-0.06103515625,0.01220703125,-0.0732421875,-0.0244140625,-0.03662109375,0.9033203125,-0.048828125,-0.50048828125,-0.0732421875,-0.5126953125
1,0.1953125,-0.390625,0.09765625,-0.29296875,0.18310546875,-0.390625,-0.10986328125,0.0244140625,0.06103515625,-0.15869140625,-0.06103515625,-0.9765625,-0.23193359375,0.96435546875,0.20751953125,-0.3662109375,0.09765625,-1.025390625,-0.1953125,-0.537109375,0.08544921875,0.537109375,-0.32958984375,-1.1474609375,-0.20751953125,-0.1220703125,-0.048828125,-0.84228515625,0.2197265625,0.87890625,0.0732421875,0.18310546875,0.0244140625,-0.28076171875,-0.0732421875,-0.81787109375,0.08544921875,-0.4638671875,-0.048828125,-0.78125,-0.1708984375,-0.2197265625,-0.15869140625,-0.6591796875,-0.18310546875,-0.37841796875,-0.08544921875,0.6103515625,-0.18310546875,1.1962890625,-0.1220703125,0.47607421875,-0.20751953125,-0.146484375,0.048828125,0.74462890625,-0.1220703125,1.416015625,-0.13427734375,0.47607421875,0.6591796875,0.50048828125,-0.03662109375,0.09765625,-0.03662109375,0.25634765625,0.18310546875,1.0498046875,-0.0244140625,0.244140625,-0.32958984375,0.2197265625,-0.15869140625,0.28076171875,0.13427734375,0.86669921875,0.048828125,0.03662109375,0.29296875,1.33056640625,0.1220703125,-0.98876953125,0.1953125,-0.35400390625,0.1220703125,-1.01318359375,0,-0.78125,-0.2197265625,-1.513671875,0.0732421875,-0.28076171875,-0.1220703125,-0.341796875,0.2685546875,-1.28173828125,0.1220703125,3.3935546875,-0.1708984375,3.369140625,-0.2685546875,5.37109375,-0.23193359375,3.8330078125,0.28076171875,-0.74462890625,-0.06103515625,-1.45263671875,-0.244140625,-1.0498046875,-0.15869140625,0.4150390625,0.0732421875,0.2685546875,0.1220703125,-0.13427734375,-0.0732421875,-0.13427734375,-0.03662109375,0.01220703125,-0.0732421875,-0.0244140625,-0.03662109375,0.9033203125,-0.048828125,-0.48828125,-0.08544921875,-0.50048828125
1,0.20751953125,-0.40283203125,0.048828125,-0.30517578125,0.2197265625,-0.390625,-0.10986328125,-0.01220703125,0.03662109375,-0.1708984375,-0.048828125,-0.98876953125,-0.20751953125,0.96435546875,0.15869140625,-0.390625,0.09765625,-1.025390625,-0.28076171875,-0.54931640625,-0.09765625,0.54931640625,-0.37841796875,-1.13525390625,-0.1708984375,-0.10986328125,0.048828125,-0.830078125,0.30517578125,0.89111328125,-0.01220703125,0.18310546875,-0.10986328125,-0.2685546875,0,-0.8056640625,0.0732421875,-0.45166015625,0.03662109375,-0.7568359375,-0.048828125,-0.1953125,-0.146484375,-0.64697265625,-0.0732421875,-0.37841796875,-0.09765625,0.634765625,-0.10986328125,1.18408203125,-0.146484375,0.47607421875,-0.10986328125,-0.13427734375,0.10986328125,0.76904296875,-0.146484375,1.3916015625,-0.13427734375,0.45166015625,0.62255859375,0.48828125,0.01220703125,0.09765625,0.08544921875,0.29296875,0.23193359375,1.025390625,-0.03662109375,0.23193359375,-0.29296875,0.2197265625,-0.15869140625,0.29296875,0.13427734375,0.8056640625,0,0.048828125,0.25634765625,1.33056640625,0.146484375,-0.9765625,0.20751953125,-0.3662109375,-0.0244140625,-1.0009765625,0.01220703125,-0.78125,-0.15869140625,-1.50146484375,0.09765625,-0.2685546875,0.0244140625,-0.35400390625,0.28076171875,-1.26953125,0.1220703125,3.1982421875,-0.18310546875,3.13720703125,-0.18310546875,5.04150390625,-0.1953125,3.62548828125,0.341796875,-0.74462890625,-0.09765625,-1.46484375,-0.2685546875,-1.03759765625,-0.18310546875,0.40283203125,0.08544921875,0.28076171875,0.10986328125,-0.146484375,-0.06103515625,-0.13427734375,-0.03662109375,0.0244140625,-0.0732421875,-0.0244140625,-0.01220703125,0.91552734375,-0.0244140625,-0.47607421875,-0.09765625,-0.5126953125
1,0.1708984375,-0.42724609375,0.0244140625,-0.32958984375,0.244140625,-0.4150390625,-0.10986328125,-0.01220703125,0.048828125,-0.1708984375,-0.03662109375,-0.9765625,-0.18310546875,0.9765625,0.13427734375,-0.37841796875,0.10986328125,-1.01318359375,-0.390625,-0.537109375,-0.2197265625,0.52490234375,-0.390625,-1.1474609375,-0.13427734375,-0.10986328125,0.08544921875,-0.84228515625,0.341796875,0.9033203125,-0.09765625,0.18310546875,-0.244140625,-0.28076171875,0.0732421875,-0.79345703125,0.03662109375,-0.45166015625,0.09765625,-0.74462890625,0.0244140625,-0.1953125,-0.15869140625,-0.64697265625,-0.0244140625,-0.40283203125,-0.09765625,0.634765625,-0.1220703125,1.18408203125,-0.13427734375,0.48828125,-0.048828125,-0.10986328125,0.1953125,0.76904296875,-0.18310546875,1.33056640625,-0.13427734375,0.4638671875,0.57373046875,0.48828125,0.0244140625,0.13427734375,0.13427734375,0.28076171875,0.30517578125,1.0498046875,-0.06103515625,0.2197265625,-0.25634765625,0.2197265625,-0.09765625,0.30517578125,0.13427734375,0.830078125,0,0.048828125,0.25634765625,1.3427734375,0.146484375,-0.98876953125,0.18310546875,-0.341796875,-0.15869140625,-1.01318359375,0,-0.78125,-0.10986328125,-1.4892578125,0.09765625,-0.2685546875,0.20751953125,-0.35400390625,0.18310546875,-1.23291015625,0.09765625,3.01513671875,-0.146484375,2.9541015625,-0.15869140625,4.67529296875,-0.1953125,3.4423828125,0.3173828125,-0.7568359375,-0.09765625,-1.45263671875,-0.25634765625,-1.03759765625,-0.1708984375,0.42724609375,0.09765625,0.29296875,0.10986328125,-0.15869140625,-0.048828125,-0.1220703125,0,0.0244140625,-0.09765625,-0.01220703125,-0.0244140625,0.9033203125,-0.01220703125,-0.47607421875,-0.10986328125,-0.5126953125
1,0.1708984375,-0.390625,-0.03662109375,-0.32958984375,0.28076171875,-0.42724609375,-0.146484375,-0.0244140625,0.01220703125,-0.1953125,-0.0244140625,-0.96435546875,-0.18310546875,0.98876953125,0.10986328125,-0.37841796875,0.1220703125,-1.03759765625,-0.45166015625,-0.537109375,-0.30517578125,0.537109375,-0.40283203125,-1.15966796875,-0.10986328125,-0.1220703125,0.09765625,-0.81787109375,0.32958984375,0.91552734375,-0.1220703125,0.1953125,-0.30517578125,-0.28076171875,0.15869140625,-0.79345703125,0,-0.42724609375,0.18310546875,-0.732421875,0.03662109375,-0.18310546875,-0.1708984375,-0.62255859375,0.06103515625,-0.40283203125,-0.06103515625,0.6103515625,-0.1220703125,1.171875,-0.08544921875,0.52490234375,0.03662109375,-0.10986328125,0.28076171875,0.78125,-0.2685546875,1.2451171875,-0.13427734375,0.45166015625,0.57373046875,0.5126953125,0.10986328125,0.146484375,0.13427734375,0.28076171875,0.40283203125,1.07421875,-0.03662109375,0.20751953125,-0.20751953125,0.2197265625,-0.01220703125,0.3173828125,0.1220703125,0.81787109375,-0.03662109375,0.03662109375,0.25634765625,1.35498046875,0.10986328125,-0.96435546875,0.1708984375,-0.35400390625,-0.2685546875,-1.01318359375,0.01220703125,-0.7568359375,-0.0732421875,-1.513671875,0.08544921875,-0.25634765625,0.40283203125,-0.35400390625,0.08544921875,-1.23291015625,0.048828125,2.79541015625,-0.10986328125,2.72216796875,-0.10986328125,4.3212890625,-0.146484375,3.22265625,0.244140625,-0.76904296875,-0.10986328125,-1.46484375,-0.20751953125,-1.01318359375,-0.1953125,0.42724609375,0.0732421875,0.28076171875,0.1220703125,-0.15869140625,-0.06103515625,-0.1220703125,-0.01220703125,0.01220703125,-0.09765625,0.01220703125,-0.06103515625,0.9033203125,0,-0.4638671875,-0.08544921875,-0.50048828125
1,0.1708984375,-0.37841796875,-0.03662109375,-0.341796875,0.2685546875,-0.42724609375,-0.13427734375,-0.0244140625,0,-0.18310546875,-0.01220703125,-0.9521484375,-0.1708984375,0.96435546875,0.0732421875,-0.37841796875,0.146484375,-1.025390625,-0.48828125,-0.54931640625,-0.30517578125,0.537109375,-0.40283203125,-1.15966796875,-0.08544921875,-0.146484375,0.1220703125,-0.8056640625,0.25634765625,0.9033203125,-0.13427734375,0.18310546875,-0.35400390625,-0.30517578125,0.25634765625,-0.81787109375,-0.06103515625,-0.45166015625,0.20751953125,-0.72021484375,0.01220703125,-0.18310546875,-0.20751953125,-0.59814453125,0.09765625,-0.4150390625,-0.03662109375,0.6103515625,-0.1220703125,1.171875,-0.048828125,0.52490234375,0.13427734375,-0.10986328125,0.341796875,0.76904296875,-0.3173828125,1.15966796875,-0.15869140625,0.45166015625,0.5859375,0.537109375,0.08544921875,0.15869140625,0.15869140625,0.30517578125,0.45166015625,1.07421875,-0.0732421875,0.1708984375,-0.1708984375,0.20751953125,0.03662109375,0.29296875,0.1220703125,0.8056640625,-0.048828125,0.0244140625,0.244140625,1.35498046875,0.06103515625,-0.93994140625,0.146484375,-0.35400390625,-0.32958984375,-1.01318359375,-0.0244140625,-0.74462890625,-0.048828125,-1.513671875,0.0732421875,-0.25634765625,0.4638671875,-0.35400390625,0.01220703125,-1.20849609375,0.048828125,2.587890625,-0.03662109375,2.5146484375,-0.03662109375,3.96728515625,-0.10986328125,3.02734375,0.10986328125,-0.76904296875,-0.1220703125,-1.47705078125,-0.1220703125,-1.01318359375,-0.1708984375,0.439453125,0.06103515625,0.25634765625,0.13427734375,-0.146484375,-0.0732421875,-0.10986328125,-0.0244140625,0.01220703125,-0.10986328125,0.03662109375,-0.08544921875,0.87890625,0,-0.439453125,-0.0732421875,-0.50048828125
1,0.15869140625,-0.390625,-0.01220703125,-0.32958984375,0.25634765625,-0.40283203125,-0.15869140625,0,-0.0244140625,-0.146484375,0.01220703125,-0.9521484375,-0.15869140625,0.96435546875,0.048828125,-0.3662109375,0.146484375,-1.03759765625,-0.50048828125,-0.52490234375,-0.20751953125,0.52490234375,-0.37841796875,-1.1962890625,-0.06103515625,-0.1708984375,0.1220703125,-0.78125,0.1708984375,0.9033203125,-0.1220703125,0.20751953125,-0.341796875,-0.3173828125,0.341796875,-0.8056640625,-0.10986328125,-0.45166015625,0.1708984375,-0.72021484375,-0.09765625,-0.18310546875,-0.18310546875,-0.59814453125,0.10986328125,-0.4150390625,-0.01220703125,0.6103515625,-0.15869140625,1.171875,-0.01220703125,0.5126953125,0.146484375,-0.146484375,0.37841796875,0.76904296875,-0.37841796875,1.0498046875,-0.13427734375,0.45166015625,0.59814453125,0.54931640625,-0.0244140625,0.15869140625,0.18310546875,0.29296875,0.45166015625,1.08642578125,-0.048828125,0.1708984375,-0.1708984375,0.20751953125,0.1220703125,0.28076171875,0.048828125,0.84228515625,-0.08544921875,0.01220703125,0.25634765625,1.35498046875,0.0244140625,-0.93994140625,0.1220703125,-0.32958984375,-0.29296875,-1.01318359375,-0.09765625,-0.732421875,0.01220703125,-1.513671875,0.0732421875,-0.23193359375,0.50048828125,-0.3173828125,0,-1.18408203125,0,2.35595703125,0.048828125,2.30712890625,-0.01220703125,3.662109375,-0.08544921875,2.84423828125,0.01220703125,-0.76904296875,-0.1708984375,-1.47705078125,-0.0244140625,-0.98876953125,-0.23193359375,0.45166015625,0.06103515625,0.2685546875,0.1220703125,-0.15869140625,-0.0732421875,-0.08544921875,-0.0244140625,-0.01220703125,-0.08544921875,0.0244140625,-0.09765625,0.8544921875,-0.01220703125,-0.45166015625,-0.06103515625,-0.5126953125
1,0.15869140625,-0.390625,-0.0244140625,-0.3173828125,0.28076171875,-0.40283203125,-0.1708984375,0.0244140625,-0.048828125,-0.146484375,0,-0.93994140625,-0.15869140625,0.9521484375,0,-0.32958984375,0.146484375,-1.03759765625,-0.45166015625,-0.5126953125,-0.0732421875,0.52490234375,-0.35400390625,-1.220703125,-0.048828125,-0.1953125,0.10986328125,-0.76904296875,0.0732421875,0.86669921875,-0.08544921875,0.20751953125,-0.244140625,-0.35400390625,0.3662109375,-0.830078125,-0.13427734375,-0.4638671875,0.13427734375,-0.72021484375,-0.28076171875,-0.1708984375,-0.2197265625,-0.6103515625,0.06103515625,-0.439453125,0,0.62255859375,-0.13427734375,1.1962890625,-0.0244140625,0.5126953125,0.1220703125,-0.1953125,0.40283203125,0.7568359375,-0.40283203125,0.93994140625,-0.0732421875,0.45166015625,0.537109375,0.57373046875,-0.10986328125,0.15869140625,0.23193359375,0.29296875,0.47607421875,1.08642578125,-0.048828125,0.15869140625,-0.1708984375,0.1953125,0.15869140625,0.2685546875,-0.0244140625,0.830078125,-0.13427734375,0,0.28076171875,1.33056640625,-0.01220703125,-0.9033203125,0.08544921875,-0.341796875,-0.23193359375,-1.01318359375,-0.1953125,-0.72021484375,0.048828125,-1.513671875,0.06103515625,-0.2197265625,0.4150390625,-0.30517578125,0.03662109375,-1.18408203125,0,2.16064453125,0.08544921875,2.11181640625,0.03662109375,3.3447265625,-0.13427734375,2.6611328125,-0.0732421875,-0.72021484375,-0.20751953125,-1.46484375,0.01220703125,-1.0009765625,-0.25634765625,0.45166015625,0.03662109375,0.23193359375,0.146484375,-0.13427734375,-0.08544921875,-0.1220703125,-0.03662109375,0,-0.09765625,0.06103515625,-0.09765625,0.830078125,0,-0.4638671875,-0.0732421875,-0.50048828125
1,0.13427734375,-0.40283203125,-0.06103515625,-0.30517578125,0.29296875,-0.37841796875,-0.1708984375,0.048828125,-0.09765625,-0.1220703125,0,-0.93994140625,-0.13427734375,0.96435546875,-0.03662109375,-0.341796875,0.13427734375,-1.0498046875,-0.341796875,-0.52490234375,0.0244140625,0.48828125,-0.32958984375,-1.20849609375,-0.08544921875,-0.2197265625,0.08544921875,-0.78125,-0.03662109375,0.84228515625,-0.09765625,0.20751953125,-0.10986328125,-0.35400390625,0.32958984375,-0.84228515625,-0.13427734375,-0.47607421875,0.09765625,-0.7080078125,-0.45166015625,-0.18310546875,-0.30517578125,-0.6103515625,0,-0.439453125,-0.03662109375,0.62255859375,-0.146484375,1.23291015625,-0.06103515625,0.50048828125,0.03662109375,-0.18310546875,0.4150390625,0.74462890625,-0.40283203125,0.830078125,-0.10986328125,0.45166015625,0.42724609375,0.57373046875,-0.15869140625,0.146484375,0.2685546875,0.28076171875,0.45166015625,1.08642578125,-0.06103515625,0.146484375,-0.18310546875,0.20751953125,0.15869140625,0.23193359375,-0.0732421875,0.84228515625,-0.18310546875,-0.01220703125,0.30517578125,1.3427734375,-0.0244140625,-0.93994140625,0.0244140625,-0.32958984375,-0.1220703125,-1.0009765625,-0.244140625,-0.732421875,0.06103515625,-1.52587890625,0.06103515625,-0.20751953125,0.23193359375,-0.28076171875,0.0732421875,-1.18408203125,0.0732421875,1.91650390625,0.146484375,1.904296875,0.13427734375,2.978515625,-0.1220703125,2.45361328125,-0.10986328125,-0.7080078125,-0.244140625,-1.46484375,-0.03662109375,-0.98876953125,-0.25634765625,0.439453125,0.03662109375,0.20751953125,0.1708984375,-0.1220703125,-0.06103515625,-0.13427734375,-0.048828125,-0.01220703125,-0.09765625,0.06103515625,-0.08544921875,0.81787109375,-0.01220703125,-0.47607421875,-0.08544921875,-0.5126953125
0,0.09765625,-0.390625,-0.10986328125,-0.29296875,0.32958984375,-0.35400390625,-0.1953125,0.06103515625,-0.13427734375,-0.146484375,-0.01220703125,-0.9033203125,-0.1220703125,0.96435546875,-0.08544921875,-0.341796875,0.1220703125,-1.025390625,-0.23193359375,-0.50048828125,0.146484375,0.47607421875,-0.3173828125,-1.220703125,-0.0732421875,-0.2197265625,0.08544921875,-0.78125,-0.08544921875,0.86669921875,-0.10986328125,0.20751953125,0.048828125,-0.341796875,0.2685546875,-0.86669921875,-0.13427734375,-0.4638671875,0.06103515625,-0.72021484375,-0.5859375,-0.1708984375,-0.3662109375,-0.6103515625,-0.06103515625,-0.42724609375,-0.0732421875,0.64697265625,-0.1220703125,1.25732421875,-0.06103515625,0.48828125,0.01220703125,-0.2197265625,0.40283203125,0.732421875,-0.37841796875,0.7568359375,-0.146484375,0.45166015625,0.35400390625,0.5615234375,-0.1708984375,0.13427734375,0.29296875,0.2197265625,0.40283203125,1.07421875,-0.06103515625,0.18310546875,-0.18310546875,0.1953125,0.1953125,0.23193359375,-0.10986328125,0.87890625,-0.18310546875,0,0.32958984375,1.3427734375,-0.048828125,-0.927734375,0,-0.341796875,0.01220703125,-1.0009765625,-0.244140625,-0.72021484375,-0.01220703125,-1.513671875,0.08544921875,-0.20751953125,0.06103515625,-0.28076171875,0.10986328125,-1.18408203125,0.09765625,1.6845703125,0.146484375,1.62353515625,-0.0244140625,2.60009765625,-0.13427734375,2.20947265625,-0.09765625,-0.7080078125,-0.28076171875,-1.45263671875,-0.08544921875,-1.0009765625,-0.28076171875,0.439453125,0.03662109375,0.20751953125,0.1953125,-0.10986328125,-0.0732421875,-0.1220703125,-0.03662109375,-0.01220703125,-0.09765625,0.06103515625,-0.08544921875,0.8056640625,0,-0.50048828125,-0.10986328125,-0.50048828125
0,0.10986328125,-0.37841796875,-0.1220703125,-0.28076171875,0.32958984375,-0.3662109375,-0.1953125,0.06103515625,-0.146484375,-0.1220703125,0,-0.89111328125,-0.08544921875,0.98876953125,-0.10986328125,-0.341796875,0.10986328125,-1.01318359375,-0.1220703125,-0.50048828125,0.23193359375,0.50048828125,-0.2685546875,-1.220703125,-0.08544921875,-0.2197265625,0.0244140625,-0.76904296875,-0.08544921875,0.86669921875,-0.13427734375,0.20751953125,0.1708984375,-0.341796875,0.20751953125,-0.86669921875,-0.13427734375,-0.48828125,0.03662109375,-0.732421875,-0.64697265625,-0.20751953125,-0.5126953125,-0.62255859375,-0.13427734375,-0.4150390625,-0.146484375,0.64697265625,-0.09765625,1.2451171875,-0.0244140625,0.4638671875,-0.08544921875,-0.2197265625,0.40283203125,0.732421875,-0.35400390625,0.69580078125,-0.09765625,0.45166015625,0.2685546875,0.537109375,-0.09765625,0.1220703125,0.32958984375,0.18310546875,0.30517578125,1.0498046875,-0.0732421875,0.18310546875,-0.20751953125,0.20751953125,0.1708984375,0.23193359375,-0.10986328125,0.9033203125,-0.15869140625,-0.01220703125,0.3173828125,1.33056640625,-0.048828125,-0.9521484375,-0.0244140625,-0.341796875,0.09765625,-1.01318359375,-0.2197265625,-0.732421875,-0.09765625,-1.50146484375,0.0244140625,-0.20751953125,-0.09765625,-0.2685546875,0.1220703125,-1.20849609375,0.1953125,1.4404296875,0.146484375,1.3671875,-0.03662109375,2.1484375,-0.0244140625,1.953125,-0.0732421875,-0.67138671875,-0.30517578125,-1.4404296875,-0.15869140625,-1.0009765625,-0.2197265625,0.439453125,0.048828125,0.1953125,0.20751953125,-0.10986328125,-0.06103515625,-0.1220703125,-0.048828125,-0.01220703125,-0.08544921875,0.06103515625,-0.06103515625,0.830078125,0.01220703125,-0.50048828125,-0.13427734375,-0.48828125
0,0.10986328125,-0.390625,-0.1220703125,-0.28076171875,0.37841796875,-0.35400390625,-0.20751953125,0.048828125,-0.1708984375,-0.13427734375,0,-0.927734375,-0.10986328125,0.9765625,-0.09765625,-0.341796875,0.13427734375,-1.025390625,0.01220703125,-0.52490234375,0.23193359375,0.48828125,-0.2197265625,-1.220703125,-0.0732421875,-0.2197265625,-0.0244140625,-0.81787109375,-0.01220703125,0.81787109375,-0.146484375,0.1953125,0.25634765625,-0.3173828125,0.1708984375,-0.9033203125,-0.13427734375,-0.50048828125,-0.0244140625,-0.74462890625,-0.62255859375,-0.1953125,-0.57373046875,-0.64697265625,-0.13427734375,-0.390625,-0.18310546875,0.6591796875,-0.09765625,1.220703125,0.03662109375,0.45166015625,-0.18310546875,-0.23193359375,0.390625,0.72021484375,-0.23193359375,0.62255859375,-0.10986328125,0.4638671875,0.08544921875,0.5126953125,-0.03662109375,0.09765625,0.29296875,0.20751953125,0.2197265625,1.03759765625,-0.08544921875,0.1953125,-0.28076171875,0.2197265625,0.146484375,0.25634765625,-0.09765625,0.9033203125,-0.10986328125,-0.01220703125,0.29296875,1.3427734375,-0.0244140625,-0.927734375,-0.06103515625,-0.35400390625,0.15869140625,-0.98876953125,-0.146484375,-0.74462890625,-0.1953125,-1.50146484375,-0.03662109375,-0.1953125,-0.18310546875,-0.28076171875,0.06103515625,-1.20849609375,0.2197265625,1.13525390625,0.08544921875,1.0986328125,-0.0732421875,1.611328125,0.03662109375,1.6357421875,0.01220703125,-0.67138671875,-0.3173828125,-1.42822265625,-0.2197265625,-1.025390625,-0.15869140625,0.42724609375,0.06103515625,0.2197265625,0.23193359375,-0.09765625,-0.0732421875,-0.15869140625,-0.0244140625,0,-0.08544921875,0.06103515625,-0.0732421875,0.8056640625,0.03662109375,-0.52490234375,-0.15869140625,-0.52490234375
0,0.10986328125,-0.390625,-0.10986328125,-0.29296875,0.3662109375,-0.3662109375,-0.25634765625,0.01220703125,-0.2197265625,-0.10986328125,0.0244140625,-0.927734375,-0.146484375,1.0009765625,-0.1220703125,-0.3662109375,0.20751953125,-1.06201171875,0.06103515625,-0.5615234375,0.23193359375,0.48828125,-0.1708984375,-1.18408203125,-0.0732421875,-0.1953125,-0.048828125,-0.8544921875,0.09765625,0.830078125,-0.20751953125,0.2197265625,0.23193359375,-0.341796875,0.13427734375,-0.9033203125,-0.13427734375,-0.52490234375,0.01220703125,-0.74462890625,-0.54931640625,-0.2197265625,-0.57373046875,-0.64697265625,-0.18310546875,-0.40283203125,-0.25634765625,0.67138671875,-0.1220703125,1.1962890625,0.08544921875,0.4638671875,-0.25634765625,-0.1953125,0.3662109375,0.7080078125,-0.15869140625,0.59814453125,-0.06103515625,0.4638671875,-0.09765625,0.50048828125,-0.0244140625,0.08544921875,0.23193359375,0.18310546875,0.13427734375,1.01318359375,-0.0732421875,0.23193359375,-0.29296875,0.244140625,0.1220703125,0.30517578125,-0.09765625,0.91552734375,-0.08544921875,0,0.23193359375,1.33056640625,0.01220703125,-0.927734375,-0.03662109375,-0.3662109375,0.1708984375,-0.9765625,0,-0.79345703125,-0.23193359375,-1.47705078125,-0.1220703125,-0.20751953125,-0.1708984375,-0.29296875,-0.0244140625,-1.220703125,0.244140625,0.830078125,0.1220703125,0.79345703125,-0.06103515625,1.06201171875,0.06103515625,1.3671875,0.08544921875,-0.69580078125,-0.32958984375,-1.4404296875,-0.2197265625,-1.0498046875,-0.1220703125,0.4150390625,0.0732421875,0.20751953125,0.244140625,-0.09765625,-0.08544921875,-0.13427734375,-0.01220703125,0,-0.09765625,0.0244140625,-0.03662109375,0.79345703125,0.0244140625,-0.54931640625,-0.1708984375,-0.52490234375
0,0.0732421875,-0.390625,-0.13427734375,-0.28076171875,0.37841796875,-0.37841796875,-0.25634765625,0.01220703125,-0.20751953125,-0.10986328125,0.01220703125,-0.93994140625,-0.18310546875,1.0009765625,-0.10986328125,-0.37841796875,0.28076171875,-1.03759765625,0.0732421875,-0.54931640625,0.13427734375,0.50048828125,-0.06103515625,-1.15966796875,-0.0732421875,-0.15869140625,-0.06103515625,-0.84228515625,0.20751953125,0.86669921875,-0.2197265625,0.2197265625,0.15869140625,-0.3173828125,0.06103515625,-0.9033203125,-0.1220703125,-0.50048828125,0.01220703125,-0.74462890625,-0.45166015625,-0.23193359375,-0.5615234375,-0.634765625,-0.18310546875,-0.37841796875,-0.30517578125,0.634765625,-0.1708984375,1.1962890625,0.146484375,0.47607421875,-0.2685546875,-0.1953125,0.32958984375,0.72021484375,-0.09765625,0.5859375,-0.048828125,0.45166015625,-0.28076171875,0.47607421875,-0.03662109375,0.0732421875,0.13427734375,0.18310546875,0.0732421875,1.0009765625,-0.09765625,0.244140625,-0.32958984375,0.25634765625,0.048828125,0.28076171875,-0.10986328125,0.927734375,-0.01220703125,0.01220703125,0.18310546875,1.3427734375,0.06103515625,-0.93994140625,-0.03662109375,-0.3662109375,0.18310546875,-0.96435546875,0.1220703125,-0.7568359375,-0.2197265625,-1.513671875,-0.20751953125,-0.23193359375,-0.0732421875,-0.32958984375,-0.1708984375,-1.23291015625,0.2197265625,0.537109375,0.1220703125,0.48828125,0.0244140625,0.57373046875,-0.01220703125,1.0498046875,0.09765625,-0.7080078125,-0.25634765625,-1.4404296875,-0.244140625,-1.06201171875,-0.08544921875,0.40283203125,0.048828125,0.20751953125,0.23193359375,-0.09765625,-0.06103515625,-0.1220703125,0,0.0244140625,-0.09765625,0.01220703125,-0.03662109375,0.79345703125,0.03662109375,-0.537109375,-0.1953125,-0.537109375
0,0.06103515625,-0.40283203125,-0.15869140625,-0.28076171875,0.4150390625,-0.40283203125,-0.25634765625,-0.01220703125,-0.25634765625,-0.1220703125,0,-0.96435546875,-0.1953125,1.01318359375,-0.10986328125,-0.390625,0.3662109375,-1.01318359375,0,-0.537109375,0.0244140625,0.50048828125,0.048828125,-1.1474609375,-0.09765625,-0.13427734375,-0.06103515625,-0.8544921875,0.28076171875,0.86669921875,-0.1953125,0.23193359375,-0.0244140625,-0.32958984375,0.0732421875,-0.89111328125,-0.0732421875,-0.48828125,0.10986328125,-0.74462890625,-0.32958984375,-0.2197265625,-0.47607421875,-0.62255859375,-0.244140625,-0.37841796875,-0.341796875,0.67138671875,-0.20751953125,1.15966796875,0.18310546875,0.50048828125,-0.2685546875,-0.15869140625,0.30517578125,0.732421875,-0.0244140625,0.5859375,0.08544921875,0.45166015625,-0.42724609375,0.47607421875,-0.09765625,0.09765625,0.0732421875,0.18310546875,0.0244140625,1.0009765625,-0.10986328125,0.25634765625,-0.3173828125,0.244140625,0.0244140625,0.30517578125,-0.09765625,0.91552734375,0.01220703125,0.048828125,0.15869140625,1.33056640625,0.10986328125,-0.927734375,-0.01220703125,-0.37841796875,0.1708984375,-0.9765625,0.23193359375,-0.78125,-0.1708984375,-1.50146484375,-0.25634765625,-0.244140625,0.10986328125,-0.32958984375,-0.28076171875,-1.20849609375,0.1220703125,0.30517578125,0.15869140625,0.23193359375,0.10986328125,0.15869140625,-0.09765625,0.81787109375,0.08544921875,-0.72021484375,-0.1953125,-1.4404296875,-0.28076171875,-1.08642578125,-0.1220703125,0.390625,0.06103515625,0.244140625,0.2685546875,-0.08544921875,-0.0732421875,-0.1220703125,0.03662109375,0.06103515625,-0.08544921875,-0.0244140625,-0.03662109375,0.81787109375,0.0244140625,-0.5126953125,-0.1953125,-0.537109375
0,0.0732421875,-0.40283203125,-0.23193359375,-0.244140625,0.42724609375,-0.390625,-0.2685546875,-0.0244140625,-0.244140625,-0.13427734375,0.01220703125,-0.9765625,-0.20751953125,1.0009765625,-0.1220703125,-0.37841796875,0.439453125,-1.0009765625,-0.09765625,-0.54931640625,-0.03662109375,0.537109375,0.15869140625,-1.13525390625,-0.13427734375,-0.10986328125,-0.0244140625,-0.81787109375,0.32958984375,0.89111328125,-0.1708984375,0.23193359375,-0.25634765625,-0.341796875,0.048828125,-0.86669921875,-0.0244140625,-0.48828125,0.146484375,-0.732421875,-0.23193359375,-0.1953125,-0.390625,-0.634765625,-0.244140625,-0.37841796875,-0.3662109375,0.67138671875,-0.2685546875,1.13525390625,0.1708984375,0.52490234375,-0.3173828125,-0.13427734375,0.28076171875,0.7568359375,0,0.5859375,0.18310546875,0.42724609375,-0.537109375,0.47607421875,-0.0732421875,0.09765625,0.0732421875,0.1953125,-0.048828125,1.0009765625,-0.146484375,0.25634765625,-0.32958984375,0.244140625,-0.048828125,0.32958984375,-0.10986328125,0.89111328125,0.0244140625,0.06103515625,0.18310546875,1.3427734375,0.15869140625,-0.927734375,0.0244140625,-0.3662109375,0.1708984375,-0.9765625,0.2685546875,-0.78125,-0.10986328125,-1.52587890625,-0.2197265625,-0.2685546875,0.2685546875,-0.341796875,-0.341796875,-1.23291015625,0.0244140625,0.15869140625,0.20751953125,0.09765625,0.18310546875,-0.0732421875,-0.1953125,0.67138671875,0.048828125,-0.72021484375,-0.08544921875,-1.42822265625,-0.2685546875,-1.06201171875,-0.20751953125,0.40283203125,0.08544921875,0.25634765625,0.2685546875,-0.09765625,-0.0732421875,-0.10986328125,0.06103515625,0.06103515625,-0.09765625,-0.01220703125,-0.06103515625,0.81787109375,0.01220703125,-0.48828125,-0.15869140625,-0.537109375
0,0.06103515625,-0.40283203125,-0.23193359375,-0.23193359375,0.4150390625,-0.40283203125,-0.28076171875,-0.0244140625,-0.23193359375,-0.15869140625,0.0244140625,-0.96435546875,-0.23193359375,0.9765625,-0.09765625,-0.37841796875,0.45166015625,-1.01318359375,-0.1953125,-0.54931640625,-0.08544921875,0.537109375,0.1953125,-1.15966796875,-0.1708984375,-0.10986328125,-0.01220703125,-0.8056640625,0.32958984375,0.9033203125,-0.09765625,0.2197265625,-0.439453125,-0.3662109375,0.06103515625,-0.8544921875,0.06103515625,-0.47607421875,0.1220703125,-0.732421875,-0.13427734375,-0.20751953125,-0.2685546875,-0.62255859375,-0.244140625,-0.40283203125,-0.3662109375,0.67138671875,-0.341796875,1.13525390625,0.1953125,0.5126953125,-0.30517578125,-0.10986328125,0.23193359375,0.76904296875,0.01220703125,0.57373046875,0.25634765625,0.439453125,-0.68359375,0.48828125,-0.01220703125,0.09765625,-0.0244140625,0.23193359375,-0.09765625,1.03759765625,-0.1953125,0.25634765625,-0.341796875,0.244140625,-0.09765625,0.3173828125,-0.0732421875,0.86669921875,0.048828125,0.0732421875,0.20751953125,1.3427734375,0.1953125,-0.93994140625,0.03662109375,-0.35400390625,0.1708984375,-0.96435546875,0.244140625,-0.8056640625,-0.09765625,-1.55029296875,-0.1953125,-0.2685546875,0.3662109375,-0.32958984375,-0.37841796875,-1.220703125,-0.10986328125,0.13427734375,0.15869140625,0.0732421875,0.13427734375,-0.15869140625,-0.3173828125,0.6591796875,0,-0.732421875,0.01220703125,-1.4404296875,-0.25634765625,-1.07421875,-0.30517578125,0.390625,0.06103515625,0.2685546875,0.244140625,-0.10986328125,-0.06103515625,-0.08544921875,0.048828125,0.0732421875,-0.1220703125,-0.03662109375,-0.048828125,0.830078125,0.01220703125,-0.48828125,-0.13427734375,-0.52490234375
0,0.09765625,-0.40283203125,-0.244140625,-0.20751953125,0.42724609375,-0.40283203125,-0.29296875,-0.0244140625,-0.2685546875,-0.15869140625,0.01220703125,-0.96435546875,-0.23193359375,0.9521484375,-0.13427734375,-0.3662109375,0.4150390625,-1.0009765625,-0.2685546875,-0.537109375,-0.09765625,0.5615234375,0.10986328125,-1.15966796875,-0.1708984375,-0.10986328125,0.0244140625,-0.79345703125,0.28076171875,0.89111328125,-0.01220703125,0.20751953125,-0.54931640625,-0.37841796875,0.048828125,-0.81787109375,0.146484375,-0.47607421875,0.15869140625,-0.7080078125,-0.10986328125,-0.1953125,-0.146484375,-0.6103515625,-0.20751953125,-0.40283203125,-0.341796875,0.62255859375,-0.390625,1.1474609375,0.2197265625,0.52490234375,-0.2685546875,-0.10986328125,0.146484375,0.76904296875,0.01220703125,0.57373046875,0.28076171875,0.42724609375,-0.732421875,0.50048828125,0.03662109375,0.09765625,-0.08544921875,0.2685546875,-0.146484375,1.08642578125,-0.20751953125,0.2197265625,-0.3173828125,0.23193359375,-0.15869140625,0.30517578125,-0.048828125,0.86669921875,0.06103515625,0.048828125,0.20751953125,1.3427734375,0.1708984375,-0.93994140625,0.06103515625,-0.35400390625,0.146484375,-1.0009765625,0.1953125,-0.79345703125,-0.13427734375,-1.55029296875,-0.146484375,-0.29296875,0.37841796875,-0.3173828125,-0.3173828125,-1.220703125,-0.15869140625,0.2685546875,0.15869140625,0.1953125,0.244140625,0.048828125,-0.341796875,0.79345703125,-0.01220703125,-0.7568359375,0.0732421875,-1.4404296875,-0.20751953125,-1.06201171875,-0.35400390625,0.390625,0.0732421875,0.2685546875,0.23193359375,-0.13427734375,-0.08544921875,-0.08544921875,0.03662109375,0.048828125,-0.1220703125,-0.01220703125,-0.0732421875,0.830078125,0,-0.47607421875,-0.1220703125,-0.52490234375
0,0.06103515625,-0.37841796875,-0.25634765625,-0.18310546875,0.42724609375,-0.40283203125,-0.30517578125,-0.01220703125,-0.2685546875,-0.146484375,0.0244140625,-0.93994140625,-0.23193359375,0.93994140625,-0.146484375,-0.32958984375,0.341796875,-0.98876953125,-0.341796875,-0.50048828125,-0.048828125,0.54931640625,-0.1220703125,-1.171875,-0.146484375,-0.13427734375,0.0732421875,-0.7568359375,0.23193359375,0.9033203125,0.0732421875,0.1953125,-0.54931640625,-0.35400390625,0.048828125,-0.8056640625,0.1953125,-0.48828125,0.15869140625,-0.69580078125,-0.0732421875,-0.18310546875,-0.08544921875,-0.59814453125,-0.1708984375,-0.40283203125,-0.2685546875,0.634765625,-0.4150390625,1.1474609375,0.2197265625,0.50048828125,-0.23193359375,-0.13427734375,0.06103515625,0.74462890625,0.01220703125,0.54931640625,0.32958984375,0.45166015625,-0.72021484375,0.537109375,0.10986328125,0.09765625,-0.1220703125,0.29296875,-0.20751953125,1.07421875,-0.244140625,0.1953125,-0.29296875,0.1953125,-0.20751953125,0.29296875,-0.01220703125,0.86669921875,0.0732421875,0.06103515625,0.25634765625,1.35498046875,0.1708984375,-0.96435546875,0.10986328125,-0.3662109375,0.1220703125,-1.01318359375,0.0732421875,-0.78125,-0.18310546875,-1.5625,-0.0732421875,-0.29296875,0.32958984375,-0.30517578125,-0.18310546875,-1.23291015625,-0.23193359375,0.57373046875,0.0732421875,0.50048828125,0.23193359375,0.5615234375,-0.3662109375,1.13525390625,0.03662109375,-0.74462890625,0.0732421875,-1.45263671875,-0.10986328125,-1.0498046875,-0.40283203125,0.390625,0.08544921875,0.29296875,0.244140625,-0.1220703125,-0.048828125,-0.10986328125,0.03662109375,0.03662109375,-0.13427734375,0,-0.08544921875,0.81787109375,-0.0244140625,-0.47607421875,-0.09765625,-0.5126953125
0,0.048828125,-0.390625,-0.2685546875,-0.146484375,0.47607421875,-0.40283203125,-0.30517578125,0,-0.29296875,-0.13427734375,0.01220703125,-0.9521484375,-0.20751953125,0.93994140625,-0.1220703125,-0.3173828125,0.25634765625,-0.98876953125,-0.3662109375,-0.50048828125,-0.03662109375,0.537109375,-0.35400390625,-1.1962890625,-0.146484375,-0.146484375,0.09765625,-0.7568359375,0.18310546875,0.8544921875,0.146484375,0.18310546875,-0.439453125,-0.37841796875,0.03662109375,-0.81787109375,0.2197265625,-0.47607421875,0.13427734375,-0.7080078125,-0.06103515625,-0.1953125,-0.06103515625,-0.6103515625,-0.1220703125,-0.40283203125,-0.2197265625,0.62255859375,-0.3662109375,1.171875,0.1708984375,0.4638671875,-0.244140625,-0.146484375,0.0244140625,0.7568359375,0.06103515625,0.5615234375,0.341796875,0.42724609375,-0.67138671875,0.5615234375,0.18310546875,0.09765625,-0.15869140625,0.30517578125,-0.1953125,1.07421875,-0.23193359375,0.1708984375,-0.28076171875,0.1953125,-0.30517578125,0.25634765625,0.0244140625,0.84228515625,0.06103515625,0.06103515625,0.29296875,1.3427734375,0.10986328125,-0.96435546875,0.09765625,-0.32958984375,0.09765625,-1.01318359375,-0.09765625,-0.76904296875,-0.2197265625,-1.5380859375,0.01220703125,-0.29296875,0.20751953125,-0.3173828125,-0.03662109375,-1.1962890625,-0.2197265625,1.0986328125,0.03662109375,1.01318359375,0.25634765625,1.35498046875,-0.32958984375,1.611328125,0.08544921875,-0.732421875,0.01220703125,-1.4404296875,-0.0732421875,-1.025390625,-0.40283203125,0.390625,0.06103515625,0.28076171875,0.1953125,-0.13427734375,-0.06103515625,-0.10986328125,0,0.01220703125,-0.13427734375,0.0244140625,-0.06103515625,0.81787109375,-0.0244140625,-0.48828125,-0.09765625,-0.50048828125
0,0.01220703125,-0.35400390625,-0.30517578125,-0.13427734375,0.50048828125,-0.40283203125,-0.32958984375,0.01220703125,-0.3173828125,-0.13427734375,0.01220703125,-0.93994140625,-0.2197265625,0.927734375,-0.13427734375,-0.3173828125,0.1220703125,-1.01318359375,-0.341796875,-0.50048828125,-0.048828125,0.5126953125,-0.59814453125,-1.220703125,-0.15869140625,-0.1708984375,0.10986328125,-0.76904296875,0.1953125,0.8544921875,0.15869140625,0.1708984375,-0.2685546875,-0.3662109375,0.03662109375,-0.79345703125,0.23193359375,-0.47607421875,0.10986328125,-0.69580078125,-0.048828125,-0.1953125,-0.08544921875,-0.6103515625,-0.0732421875,-0.4150390625,-0.1953125,0.6103515625,-0.2685546875,1.18408203125,0.10986328125,0.4638671875,-0.29296875,-0.15869140625,0.06103515625,0.74462890625,0.0244140625,0.54931640625,0.3662109375,0.4638671875,-0.5859375,0.5615234375,0.2197265625,0.08544921875,-0.146484375,0.30517578125,-0.20751953125,1.07421875,-0.23193359375,0.15869140625,-0.25634765625,0.1953125,-0.32958984375,0.2685546875,0.03662109375,0.84228515625,0.06103515625,0.048828125,0.3173828125,1.35498046875,0.03662109375,-0.96435546875,0.0732421875,-0.32958984375,0.01220703125,-1.025390625,-0.23193359375,-0.7568359375,-0.2197265625,-1.513671875,0.0732421875,-0.28076171875,0.048828125,-0.30517578125,0.1708984375,-1.23291015625,-0.1953125,1.74560546875,-0.048828125,1.66015625,0.20751953125,2.38037109375,-0.29296875,2.25830078125,0.15869140625,-0.732421875,-0.09765625,-1.4404296875,-0.08544921875,-1.03759765625,-0.390625,0.390625,0.048828125,0.28076171875,0.18310546875,-0.13427734375,-0.06103515625,-0.1220703125,0,0.01220703125,-0.1708984375,0.03662109375,-0.048828125,0.81787109375,-0.0244140625,-0.50048828125,-0.06103515625,-0.5126953125
0,0,-0.3662109375,-0.341796875,-0.08544921875,0.5126953125,-0.40283203125,-0.32958984375,0.0244140625,-0.3173828125,-0.10986328125,0.03662109375,-0.93994140625,-0.20751953125,0.9765625,-0.1220703125,-0.30517578125,0.0244140625,-1.0009765625,-0.3173828125,-0.50048828125,-0.09765625,0.52490234375,-0.72021484375,-1.23291015625,-0.1220703125,-0.20751953125,0.1220703125,-0.7568359375,0.18310546875,0.86669921875,0.13427734375,0.18310546875,-0.0732421875,-0.3662109375,0.048828125,-0.830078125,0.1953125,-0.47607421875,0.10986328125,-0.68359375,-0.0244140625,-0.1953125,-0.1220703125,-0.62255859375,-0.048828125,-0.40283203125,-0.18310546875,0.62255859375,-0.13427734375,1.1962890625,0.01220703125,0.45166015625,-0.341796875,-0.146484375,0.0244140625,0.732421875,-0.03662109375,0.5615234375,0.32958984375,0.4638671875,-0.50048828125,0.57373046875,0.20751953125,0.08544921875,-0.146484375,0.3173828125,-0.1953125,1.06201171875,-0.23193359375,0.18310546875,-0.25634765625,0.1953125,-0.4150390625,0.25634765625,0.048828125,0.87890625,0.0732421875,0.0244140625,0.35400390625,1.3427734375,-0.048828125,-0.98876953125,0.03662109375,-0.32958984375,-0.048828125,-1.03759765625,-0.3662109375,-0.7568359375,-0.18310546875,-1.513671875,0.13427734375,-0.28076171875,-0.03662109375,-0.29296875,0.2685546875,-1.20849609375,-0.20751953125,2.50244140625,-0.09765625,2.4169921875,0.1220703125,3.57666015625,-0.20751953125,2.978515625,0.2197265625,-0.7080078125,-0.23193359375,-1.4404296875,-0.1220703125,-1.025390625,-0.37841796875,0.4150390625,0.0244140625,0.2685546875,0.18310546875,-0.10986328125,-0.06103515625,-0.10986328125,-0.03662109375,-0.01220703125,-0.1708984375,0.06103515625,-0.0244140625,0.79345703125,0.01220703125,-0.50048828125,-0.08544921875,-0.48828125
0,0,-0.3662109375,-0.35400390625,-0.0732421875,0.52490234375,-0.37841796875,-0.32958984375,0.048828125,-0.341796875,-0.10986328125,0.048828125,-0.9521484375,-0.2197265625,0.9521484375,-0.10986328125,-0.30517578125,-0.048828125,-1.01318359375,-0.2197265625,-0.47607421875,-0.1953125,0.52490234375,-0.69580078125,-1.23291015625,-0.1220703125,-0.20751953125,0.08544921875,-0.7568359375,0.1953125,0.84228515625,0.06103515625,0.18310546875,0.0732421875,-0.341796875,0.10986328125,-0.81787109375,0.1220703125,-0.4638671875,0.20751953125,-0.72021484375,-0.03662109375,-0.18310546875,-0.23193359375,-0.64697265625,-0.048828125,-0.40283203125,-0.18310546875,0.59814453125,-0.03662109375,1.1962890625,-0.01220703125,0.439453125,-0.35400390625,-0.18310546875,0.0244140625,0.7568359375,-0.08544921875,0.59814453125,0.2685546875,0.50048828125,-0.4150390625,0.57373046875,0.15869140625,0.0732421875,-0.23193359375,0.29296875,-0.1220703125,1.0498046875,-0.20751953125,0.18310546875,-0.28076171875,0.20751953125,-0.390625,0.2685546875,0.08544921875,0.9033203125,0.08544921875,0.03662109375,0.3662109375,1.3427734375,-0.15869140625,-0.98876953125,-0.03662109375,-0.32958984375,-0.13427734375,-1.0009765625,-0.42724609375,-0.7568359375,-0.1708984375,-1.4892578125,0.146484375,-0.29296875,-0.1220703125,-0.30517578125,0.32958984375,-1.2451171875,-0.146484375,3.30810546875,-0.10986328125,3.18603515625,0.01220703125,4.8095703125,-0.0732421875,3.7109375,0.2197265625,-0.68359375,-0.341796875,-1.4404296875,-0.15869140625,-1.01318359375,-0.29296875,0.40283203125,0.0244140625,0.25634765625,0.13427734375,-0.08544921875,-0.06103515625,-0.08544921875,-0.03662109375,-0.0244140625,-0.18310546875,0.06103515625,-0.01220703125,0.79345703125,0.048828125,-0.5126953125,-0.08544921875,-0.4638671875
1,0,-0.3662109375,-0.390625,-0.03662109375,0.537109375,-0.3662109375,-0.341796875,0.06103515625,-0.35400390625,-0.10986328125,0.048828125,-0.93994140625,-0.23193359375,0.98876953125,-0.03662109375,-0.30517578125,-0.06103515625,-1.025390625,-0.15869140625,-0.47607421875,-0.2685546875,0.5126953125,-0.54931640625,-1.2451171875,-0.13427734375,-0.2197265625,0.08544921875,-0.79345703125,0.23193359375,0.830078125,-0.09765625,0.1953125,0.15869140625,-0.3173828125,0.20751953125,-0.830078125,0.01220703125,-0.47607421875,0.20751953125,-0.72021484375,-0.10986328125,-0.1953125,-0.29296875,-0.6591796875,-0.06103515625,-0.37841796875,-0.2685546875,0.59814453125,0.06103515625,1.171875,-0.01220703125,0.439453125,-0.35400390625,-0.18310546875,-0.0732421875,0.74462890625,-0.08544921875,0.5859375,0.1708984375,0.48828125,-0.29296875,0.5615234375,0.10986328125,0.0732421875,-0.25634765625,0.25634765625,-0.10986328125,1.025390625,-0.18310546875,0.20751953125,-0.32958984375,0.1953125,-0.3662109375,0.28076171875,0.10986328125,0.927734375,0.13427734375,0.0244140625,0.3173828125,1.318359375,-0.20751953125,-0.96435546875,-0.08544921875,-0.341796875,-0.23193359375,-1.025390625,-0.40283203125,-0.76904296875,-0.18310546875,-1.50146484375,0.09765625,-0.28076171875,-0.15869140625,-0.30517578125,0.25634765625,-1.2451171875,-0.13427734375,4.0771484375,-0.1220703125,3.955078125,-0.146484375,5.96923828125,0.048828125,4.39453125,0.1953125,-0.68359375,-0.4150390625,-1.416015625,-0.1953125,-1.01318359375,-0.1708984375,0.390625,0.0244140625,0.2685546875,0.13427734375,-0.08544921875,-0.06103515625,-0.06103515625,-0.06103515625,0,-0.1708984375,0.06103515625,-0.01220703125,0.8056640625,0.06103515625,-0.5126953125,-0.03662109375,-0.47607421875
1,-0.0244140625,-0.3662109375,-0.35400390625,-0.06103515625,0.5615234375,-0.3662109375,-0.341796875,0.06103515625,-0.35400390625,-0.13427734375,0.03662109375,-0.93994140625,-0.28076171875,0.98876953125,0,-0.3173828125,-0.048828125,-1.03759765625,-0.1220703125,-0.5126953125,-0.32958984375,0.50048828125,-0.32958984375,-1.1962890625,-0.13427734375,-0.20751953125,0.01220703125,-0.830078125,0.25634765625,0.84228515625,-0.25634765625,0.2197265625,0.15869140625,-0.30517578125,0.29296875,-0.8544921875,-0.1220703125,-0.5126953125,0.25634765625,-0.7568359375,-0.1953125,-0.18310546875,-0.32958984375,-0.634765625,-0.06103515625,-0.3662109375,-0.29296875,0.62255859375,0.10986328125,1.15966796875,-0.06103515625,0.45166015625,-0.35400390625,-0.146484375,-0.1220703125,0.7568359375,-0.03662109375,0.6103515625,0.09765625,0.48828125,-0.2197265625,0.54931640625,0.1220703125,0.06103515625,-0.23193359375,0.2197265625,-0.08544921875,1.0009765625,-0.13427734375,0.244140625,-0.35400390625,0.20751953125,-0.2197265625,0.2685546875,0.13427734375,0.9521484375,0.146484375,0.03662109375,0.28076171875,1.35498046875,-0.23193359375,-0.9765625,-0.15869140625,-0.3662109375,-0.28076171875,-1.025390625,-0.341796875,-0.78125,-0.1953125,-1.4892578125,0.01220703125,-0.25634765625,-0.08544921875,-0.3173828125,0.08544921875,-1.23291015625,-0.146484375,4.72412109375,-0.08544921875,4.541015625,-0.20751953125,6.94580078125,0.18310546875,4.96826171875,0.10986328125,-0.67138671875,-0.4150390625,-1.4404296875,-0.13427734375,-1.0498046875,-0.0732421875,0.3662109375,0.01220703125,0.2685546875,0.13427734375,-0.06103515625,-0.06103515625,-0.03662109375,-0.08544921875,0.01220703125,-0.18310546875,0.048828125,-0.0244140625,0.81787109375,0.0732421875,-0.48828125,-0.048828125,-0.45166015625
1,-0.03662109375,-0.390625,-0.37841796875,-0.08544921875,0.537109375,-0.37841796875,-0.35400390625,0.0244140625,-0.3662109375,-0.13427734375,0.0244140625,-0.93994140625,-0.25634765625,1.0009765625,0.06103515625,-0.35400390625,0.0244140625,-1.03759765625,-0.06103515625,-0.54931640625,-0.35400390625,0.5126953125,-0.10986328125,-1.1474609375,-0.146484375,-0.1953125,-0.0244140625,-0.830078125,0.25634765625,0.86669921875,-0.42724609375,0.2197265625,0.10986328125,-0.28076171875,0.32958984375,-0.86669921875,-0.20751953125,-0.48828125,0.28076171875,-0.732421875,-0.29296875,-0.18310546875,-0.4150390625,-0.6591796875,-0.0732421875,-0.341796875,-0.35400390625,0.634765625,0.08544921875,1.123046875,-0.06103515625,0.48828125,-0.35400390625,-0.13427734375,-0.20751953125,0.7568359375,-0.048828125,0.62255859375,0.08544921875,0.48828125,-0.2197265625,0.537109375,0.15869140625,0.0732421875,-0.20751953125,0.18310546875,0,1.01318359375,-0.06103515625,0.25634765625,-0.40283203125,0.1953125,-0.15869140625,0.28076171875,0.146484375,0.96435546875,0.15869140625,0.0244140625,0.2197265625,1.33056640625,-0.20751953125,-0.96435546875,-0.20751953125,-0.37841796875,-0.30517578125,-1.01318359375,-0.244140625,-0.76904296875,-0.1708984375,-1.46484375,-0.08544921875,-0.25634765625,-0.0244140625,-0.32958984375,-0.09765625,-1.23291015625,-0.1220703125,5.17578125,0,4.99267578125,-0.18310546875,7.65380859375,0.18310546875,5.37109375,0.01220703125,-0.67138671875,-0.3662109375,-1.42822265625,-0.09765625,-1.0498046875,-0.01220703125,0.390625,0.0244140625,0.2685546875,0.13427734375,-0.0732421875,-0.048828125,-0.03662109375,-0.09765625,0.01220703125,-0.1953125,0.048828125,-0.01220703125,0.84228515625,0.08544921875,-0.47607421875,-0.01220703125,-0.4638671875
1,-0.03662109375,-0.390625,-0.3662109375,-0.10986328125,0.57373046875,-0.37841796875,-0.341796875,0.01220703125,-0.341796875,-0.13427734375,0,-0.9521484375,-0.25634765625,1.0009765625,0.10986328125,-0.37841796875,0.1220703125,-1.03759765625,-0.048828125,-0.54931640625,-0.2685546875,0.50048828125,0.03662109375,-1.1474609375,-0.1953125,-0.15869140625,-0.0732421875,-0.830078125,0.1708984375,0.89111328125,-0.5126953125,0.244140625,-0.01220703125,-0.29296875,0.3662109375,-0.86669921875,-0.244140625,-0.4638671875,0.23193359375,-0.732421875,-0.390625,-0.15869140625,-0.37841796875,-0.6591796875,-0.13427734375,-0.341796875,-0.4150390625,0.634765625,0.0244140625,1.13525390625,-0.06103515625,0.5126953125,-0.32958984375,-0.13427734375,-0.25634765625,0.76904296875,-0.01220703125,0.62255859375,0.09765625,0.48828125,-0.23193359375,0.5126953125,0.18310546875,0.08544921875,-0.09765625,0.146484375,0.048828125,1.0009765625,-0.0244140625,0.244140625,-0.40283203125,0.18310546875,-0.09765625,0.28076171875,0.15869140625,0.9765625,0.10986328125,0.0244140625,0.146484375,1.33056640625,-0.18310546875,-0.96435546875,-0.23193359375,-0.3662109375,-0.2685546875,-1.025390625,-0.08544921875,-0.78125,-0.10986328125,-1.50146484375,-0.18310546875,-0.23193359375,0.01220703125,-0.32958984375,-0.30517578125,-1.220703125,-0.13427734375,5.40771484375,0.10986328125,5.2490234375,-0.1708984375,8.0078125,0.1220703125,5.55419921875,-0.0244140625,-0.69580078125,-0.28076171875,-1.42822265625,-0.0732421875,-1.06201171875,0,0.37841796875,0.01220703125,0.28076171875,0.15869140625,-0.048828125,-0.06103515625,-0.01220703125,-0.08544921875,0.048828125,-0.18310546875,0.0244140625,-0.01220703125,0.86669921875,0.0732421875,-0.47607421875,-0.0244140625,-0.4638671875
1,-0.0732421875,-0.390625,-0.390625,-0.13427734375,0.54931640625,-0.3662109375,-0.35400390625,-0.01220703125,-0.32958984375,-0.15869140625,0.01220703125,-0.96435546875,-0.25634765625,0.98876953125,0.10986328125,-0.37841796875,0.2197265625,-1.025390625,-0.048828125,-0.52490234375,-0.1953125,0.5126953125,0.1220703125,-1.123046875,-0.25634765625,-0.15869140625,-0.10986328125,-0.81787109375,0.08544921875,0.9033203125,-0.48828125,0.2685546875,-0.09765625,-0.29296875,0.40283203125,-0.8544921875,-0.28076171875,-0.439453125,0.1953125,-0.72021484375,-0.439453125,-0.13427734375,-0.32958984375,-0.64697265625,-0.20751953125,-0.35400390625,-0.4638671875,0.64697265625,-0.0244140625,1.0986328125,-0.048828125,0.537109375,-0.32958984375,-0.10986328125,-0.25634765625,0.76904296875,0.0244140625,0.64697265625,0.08544921875,0.45166015625,-0.28076171875,0.52490234375,0.244140625,0.09765625,-0.0244140625,0.1220703125,0.13427734375,1.0009765625,0.01220703125,0.25634765625,-0.390625,0.1953125,-0.0732421875,0.2685546875,0.1708984375,0.9765625,0.08544921875,0.0244140625,0.08544921875,1.318359375,-0.1953125,-0.9521484375,-0.244140625,-0.390625,-0.15869140625,-1.025390625,0.01220703125,-0.78125,-0.0732421875,-1.513671875,-0.20751953125,-0.23193359375,0,-0.35400390625,-0.4638671875,-1.1962890625,-0.09765625,5.3955078125,0.15869140625,5.2490234375,-0.13427734375,8.06884765625,0.01220703125,5.56640625,-0.09765625,-0.72021484375,-0.1953125,-1.4404296875,-0.08544921875,-1.08642578125,-0.048828125,0.37841796875,0,0.25634765625,0.15869140625,-0.048828125,-0.06103515625,-0.03662109375,-0.10986328125,0.048828125,-0.15869140625,0.03662109375,-0.03662109375,0.9033203125,0.0732421875,-0.47607421875,-0.01220703125,-0.439453125
1,-0.0732421875,-0.390625,-0.390625,-0.1708984375,0.54931640625,-0.390625,-0.341796875,-0.0244140625,-0.32958984375,-0.1708984375,0.01220703125,-0.98876953125,-0.25634765625,0.9765625,0.13427734375,-0.37841796875,0.28076171875,-1.0009765625,-0.06103515625,-0.52490234375,-0.0732421875,0.5126953125,0.09765625,-1.13525390625,-0.32958984375,-0.1708984375,-0.1708984375,-0.81787109375,-0.0244140625,0.927734375,-0.439453125,0.2685546875,-0.15869140625,-0.3173828125,0.35400390625,-0.8544921875,-0.23193359375,-0.439453125,0.1708984375,-0.732421875,-0.45166015625,-0.1220703125,-0.2685546875,-0.634765625,-0.2685546875,-0.3662109375,-0.537109375,0.634765625,-0.06103515625,1.11083984375,-0.03662109375,0.52490234375,-0.37841796875,-0.1220703125,-0.23193359375,0.76904296875,0.048828125,0.634765625,0.09765625,0.42724609375,-0.3662109375,0.5126953125,0.30517578125,0.09765625,0.08544921875,0.10986328125,0.20751953125,1.025390625,0.01220703125,0.2685546875,-0.37841796875,0.18310546875,-0.0732421875,0.25634765625,0.2197265625,0.9521484375,0.0732421875,0.0244140625,0.0244140625,1.318359375,-0.18310546875,-0.93994140625,-0.23193359375,-0.390625,-0.0244140625,-1.025390625,0.08544921875,-0.76904296875,-0.08544921875,-1.513671875,-0.1953125,-0.2197265625,-0.06103515625,-0.35400390625,-0.5126953125,-1.171875,-0.09765625,5.21240234375,0.15869140625,5.06591796875,-0.1220703125,7.80029296875,-0.06103515625,5.37109375,-0.15869140625,-0.7568359375,-0.1220703125,-1.416015625,-0.10986328125,-1.07421875,-0.1220703125,0.37841796875,-0.01220703125,0.28076171875,0.15869140625,-0.06103515625,-0.06103515625,-0.08544921875,-0.13427734375,0.048828125,-0.15869140625,0.0244140625,-0.0244140625,0.87890625,0.06103515625,-0.47607421875,0,-0.45166015625
1,-0.10986328125,-0.40283203125,-0.40283203125,-0.18310546875,0.57373046875,-0.40283203125,-0.341796875,-0.048828125,-0.32958984375,-0.1708984375,0.01220703125,-0.9765625,-0.25634765625,0.9521484375,0.146484375,-0.37841796875,0.32958984375,-1.0009765625,-0.048828125,-0.5126953125,0.0732421875,0.5126953125,0.048828125,-1.15966796875,-0.3662109375,-0.18310546875,-0.20751953125,-0.78125,-0.15869140625,0.927734375,-0.2685546875,0.244140625,-0.15869140625,-0.35400390625,0.29296875,-0.8544921875,-0.1953125,-0.4150390625,0.13427734375,-0.72021484375,-0.390625,-0.1220703125,-0.1708984375,-0.634765625,-0.29296875,-0.390625,-0.6103515625,0.64697265625,-0.10986328125,1.13525390625,0.0244140625,0.52490234375,-0.35400390625,-0.10986328125,-0.1953125,0.78125,0.0732421875,0.6591796875,0.09765625,0.439453125,-0.4638671875,0.52490234375,0.40283203125,0.08544921875,0.15869140625,0.13427734375,0.28076171875,1.03759765625,0.048828125,0.25634765625,-0.32958984375,0.1708984375,-0.0244140625,0.25634765625,0.244140625,0.927734375,0.06103515625,0.01220703125,-0.03662109375,1.318359375,-0.146484375,-0.9521484375,-0.1708984375,-0.390625,0.1220703125,-1.01318359375,0.08544921875,-0.78125,-0.15869140625,-1.52587890625,-0.15869140625,-0.2197265625,-0.18310546875,-0.3173828125,-0.439453125,-1.15966796875,-0.09765625,4.833984375,0.146484375,4.72412109375,-0.1708984375,7.26318359375,-0.1220703125,5.04150390625,-0.10986328125,-0.7568359375,-0.06103515625,-1.4404296875,-0.13427734375,-1.06201171875,-0.1708984375,0.37841796875,-0.01220703125,0.29296875,0.18310546875,-0.048828125,-0.0732421875,-0.1220703125,-0.146484375,0.06103515625,-0.13427734375,0.03662109375,-0.0244140625,0.86669921875,0.0732421875,-0.48828125,-0.01220703125,-0.4638671875
1,-0.13427734375,-0.390625,-0.40283203125,-0.1953125,0.57373046875,-0.42724609375,-0.32958984375,-0.03662109375,-0.341796875,-0.1708984375,0.048828125,-0.9765625,-0.23193359375,0.96435546875,0.18310546875,-0.35400390625,0.341796875,-1.0009765625,-0.06103515625,-0.50048828125,0.15869140625,0.5126953125,-0.03662109375,-1.15966796875,-0.42724609375,-0.18310546875,-0.25634765625,-0.76904296875,-0.20751953125,0.89111328125,-0.10986328125,0.23193359375,-0.1220703125,-0.3662109375,0.15869140625,-0.84228515625,-0.09765625,-0.42724609375,0.09765625,-0.72021484375,-0.29296875,-0.15869140625,-0.08544921875,-0.634765625,-0.29296875,-0.40283203125,-0.6103515625,0.64697265625,-0.146484375,1.15966796875,0.1220703125,0.48828125,-0.3173828125,-0.1220703125,-0.18310546875,0.76904296875,0.10986328125,0.6591796875,0.13427734375,0.4150390625,-0.537109375,0.5126953125,0.4638671875,0.10986328125,0.18310546875,0.1220703125,0.32958984375,1.06201171875,0.03662109375,0.25634765625,-0.2685546875,0.146484375,0,0.2685546875,0.25634765625,0.87890625,0.06103515625,0.01220703125,-0.1220703125,1.318359375,-0.13427734375,-0.96435546875,-0.0732421875,-0.3662109375,0.23193359375,-1.0009765625,0.03662109375,-0.76904296875,-0.28076171875,-1.5380859375,-0.13427734375,-0.1953125,-0.341796875,-0.29296875,-0.3173828125,-1.11083984375,-0.09765625,4.345703125,0.0244140625,4.2724609375,-0.18310546875,6.55517578125,-0.1220703125,4.6142578125,-0.03662109375,-0.7568359375,-0.06103515625,-1.46484375,-0.13427734375,-1.06201171875,-0.23193359375,0.37841796875,-0.01220703125,0.2685546875,0.13427734375,-0.08544921875,-0.06103515625,-0.146484375,-0.15869140625,0.048828125,-0.1220703125,0.03662109375,-0.03662109375,0.830078125,0.0732421875,-0.48828125,-0.01220703125,-0.47607421875
1,-0.13427734375,-0.390625,-0.3662109375,-0.2197265625,0.5859375,-0.4150390625,-0.3173828125,-0.0244140625,-0.341796875,-0.13427734375,0.0244140625,-0.96435546875,-0.2197265625,0.93994140625,0.23193359375,-0.341796875,0.29296875,-0.98876953125,-0.0244140625,-0.48828125,0.2197265625,0.5126953125,-0.15869140625,-1.1962890625,-0.4150390625,-0.2197265625,-0.244140625,-0.7568359375,-0.2197265625,0.89111328125,0,0.23193359375,-0.09765625,-0.390625,0.0244140625,-0.84228515625,0.01220703125,-0.439453125,0.13427734375,-0.7080078125,-0.18310546875,-0.146484375,-0.0732421875,-0.64697265625,-0.2685546875,-0.40283203125,-0.5859375,0.64697265625,-0.15869140625,1.1962890625,0.23193359375,0.4638671875,-0.244140625,-0.146484375,-0.13427734375,0.7568359375,0.10986328125,0.68359375,0.09765625,0.42724609375,-0.57373046875,0.537109375,0.52490234375,0.1220703125,0.1708984375,0.15869140625,0.439453125,1.06201171875,0.0732421875,0.25634765625,-0.23193359375,0.1708984375,0.0732421875,0.29296875,0.244140625,0.84228515625,0.0244140625,0.03662109375,-0.1953125,1.318359375,-0.09765625,-0.93994140625,0.03662109375,-0.35400390625,0.29296875,-0.98876953125,0.01220703125,-0.74462890625,-0.37841796875,-1.52587890625,-0.09765625,-0.1953125,-0.48828125,-0.2685546875,-0.13427734375,-1.11083984375,-0.08544921875,3.77197265625,-0.0244140625,3.7353515625,-0.15869140625,5.74951171875,-0.146484375,4.1015625,0.0732421875,-0.76904296875,-0.048828125,-1.45263671875,-0.146484375,-1.0498046875,-0.244140625,0.390625,-0.0244140625,0.28076171875,0.1708984375,-0.048828125,-0.048828125,-0.146484375,-0.13427734375,0.03662109375,-0.13427734375,0.06103515625,-0.01220703125,0.8056640625,0.06103515625,-0.50048828125,-0.03662109375,-0.48828125
1,-0.18310546875,-0.37841796875,-0.3662109375,-0.1953125,0.5615234375,-0.40283203125,-0.3173828125,0.01220703125,-0.35400390625,-0.13427734375,0.03662109375,-0.9521484375,-0.1953125,0.9521484375,0.244140625,-0.29296875,0.25634765625,-1.0009765625,-0.03662109375,-0.48828125,0.20751953125,0.52490234375,-0.244140625,-1.1962890625,-0.42724609375,-0.2197265625,-0.2197265625,-0.76904296875,-0.146484375,0.8544921875,0.03662109375,0.2197265625,-0.048828125,-0.390625,-0.08544921875,-0.830078125,0.0732421875,-0.4638671875,0.10986328125,-0.69580078125,-0.0732421875,-0.15869140625,0,-0.634765625,-0.2197265625,-0.40283203125,-0.5615234375,0.634765625,-0.1708984375,1.220703125,0.25634765625,0.45166015625,-0.244140625,-0.15869140625,-0.0732421875,0.74462890625,0.0732421875,0.68359375,0.10986328125,0.42724609375,-0.6103515625,0.54931640625,0.5859375,0.09765625,0.20751953125,0.18310546875,0.4638671875,1.0498046875,0.0732421875,0.244140625,-0.1953125,0.1708984375,0.09765625,0.3173828125,0.18310546875,0.84228515625,0.03662109375,0.048828125,-0.23193359375,1.3427734375,-0.06103515625,-0.96435546875,0.10986328125,-0.341796875,0.25634765625,-0.98876953125,-0.01220703125,-0.7568359375,-0.4150390625,-1.513671875,-0.09765625,-0.20751953125,-0.54931640625,-0.2685546875,0.03662109375,-1.0986328125,-0.13427734375,3.16162109375,-0.10986328125,3.16162109375,-0.146484375,4.9072265625,-0.146484375,3.564453125,0.2197265625,-0.74462890625,-0.03662109375,-1.45263671875,-0.13427734375,-1.0498046875,-0.25634765625,0.40283203125,-0.03662109375,0.25634765625,0.146484375,-0.09765625,-0.06103515625,-0.1708984375,-0.146484375,0.0244140625,-0.13427734375,0.0732421875,0.01220703125,0.76904296875,0.0732421875,-0.52490234375,-0.03662109375,-0.47607421875
1,-0.2197265625,-0.35400390625,-0.4150390625,-0.20751953125,0.54931640625,-0.40283203125,-0.30517578125,0.01220703125,-0.32958984375,-0.10986328125,0.03662109375,-0.9521484375,-0.18310546875,0.96435546875,0.20751953125,-0.29296875,0.18310546875,-0.96435546875,-0.06103515625,-0.48828125,0.09765625,0.537109375,-0.244140625,-1.1962890625,-0.37841796875,-0.20751953125,-0.18310546875,-0.74462890625,-0.03662109375,0.87890625,0,0.20751953125,-0.0732421875,-0.390625,-0.146484375,-0.84228515625,0.09765625,-0.48828125,0.146484375,-0.67138671875,0.0244140625,-0.1953125,0.03662109375,-0.64697265625,-0.15869140625,-0.40283203125,-0.48828125,0.64697265625,-0.18310546875,1.220703125,0.3173828125,0.439453125,-0.2197265625,-0.15869140625,0.03662109375,0.74462890625,0.06103515625,0.68359375,0.10986328125,0.439453125,-0.7080078125,0.54931640625,0.62255859375,0.10986328125,0.2197265625,0.25634765625,0.42724609375,1.0498046875,0.10986328125,0.23193359375,-0.1708984375,0.20751953125,0.15869140625,0.32958984375,0.1220703125,0.84228515625,0.0244140625,0.06103515625,-0.2197265625,1.3427734375,-0.03662109375,-0.98876953125,0.15869140625,-0.341796875,0.1708984375,-0.9521484375,-0.0244140625,-0.76904296875,-0.37841796875,-1.513671875,-0.08544921875,-0.2197265625,-0.48828125,-0.2685546875,0.13427734375,-1.11083984375,-0.1708984375,2.5634765625,-0.18310546875,2.60009765625,-0.09765625,4.06494140625,-0.15869140625,3.02734375,0.32958984375,-0.732421875,-0.06103515625,-1.46484375,-0.146484375,-1.0498046875,-0.23193359375,0.4150390625,-0.03662109375,0.25634765625,0.15869140625,-0.09765625,-0.06103515625,-0.18310546875,-0.10986328125,0.0244140625,-0.15869140625,0.06103515625,0.01220703125,0.78125,0.0732421875,-0.5126953125,-0.08544921875,-0.47607421875
1,-0.2685546875,-0.32958984375,-0.4150390625,-0.1953125,0.52490234375,-0.390625,-0.29296875,0.0244140625,-0.32958984375,-0.09765625,0.048828125,-0.9521484375,-0.1708984375,0.98876953125,0.18310546875,-0.29296875,0.1220703125,-0.9765625,-0.09765625,-0.47607421875,-0.048828125,0.52490234375,-0.25634765625,-1.220703125,-0.35400390625,-0.2197265625,-0.10986328125,-0.76904296875,0.0732421875,0.86669921875,-0.048828125,0.1953125,-0.146484375,-0.37841796875,-0.1220703125,-0.830078125,0.09765625,-0.50048828125,0.1953125,-0.64697265625,0.15869140625,-0.18310546875,0.048828125,-0.64697265625,-0.1220703125,-0.390625,-0.47607421875,0.634765625,-0.18310546875,1.2451171875,0.390625,0.42724609375,-0.13427734375,-0.146484375,0.1220703125,0.74462890625,-0.0244140625,0.69580078125,0.1220703125,0.439453125,-0.72021484375,0.54931640625,0.59814453125,0.1220703125,0.29296875,0.28076171875,0.390625,1.0498046875,0.1220703125,0.244140625,-0.1708984375,0.23193359375,0.2197265625,0.35400390625,0.0244140625,0.8544921875,-0.01220703125,0.0732421875,-0.20751953125,1.3671875,0.01220703125,-1.0009765625,0.1953125,-0.30517578125,0.0244140625,-0.9521484375,0.01220703125,-0.74462890625,-0.3173828125,-1.4892578125,-0.06103515625,-0.23193359375,-0.37841796875,-0.2685546875,0.13427734375,-1.11083984375,-0.20751953125,1.98974609375,-0.18310546875,2.01416015625,-0.03662109375,3.22265625,-0.10986328125,2.45361328125,0.3662109375,-0.732421875,-0.03662109375,-1.45263671875,-0.1953125,-1.03759765625,-0.25634765625,0.390625,-0.06103515625,0.244140625,0.1708984375,-0.09765625,-0.06103515625,-0.1708984375,-0.1220703125,0.0244140625,-0.15869140625,0.06103515625,-0.0244140625,0.79345703125,0.0732421875,-0.52490234375,-0.0732421875,-0.47607421875
1,-0.29296875,-0.341796875,-0.439453125,-0.1708984375,0.5126953125,-0.390625,-0.30517578125,0.03662109375,-0.30517578125,-0.0732421875,0.06103515625,-0.9521484375,-0.1220703125,0.98876953125,0.13427734375,-0.30517578125,0.0732421875,-1.0009765625,-0.15869140625,-0.50048828125,-0.1953125,0.52490234375,-0.28076171875,-1.1962890625,-0.3173828125,-0.20751953125,-0.048828125,-0.8056640625,0.1708984375,0.8544921875,-0.1220703125,0.1953125,-0.2685546875,-0.35400390625,-0.0244140625,-0.86669921875,0.048828125,-0.50048828125,0.3173828125,-0.62255859375,0.25634765625,-0.1708984375,0.09765625,-0.64697265625,-0.06103515625,-0.3662109375,-0.390625,0.64697265625,-0.2197265625,1.1962890625,0.45166015625,0.439453125,-0.06103515625,-0.1220703125,0.1708984375,0.74462890625,-0.10986328125,0.6591796875,0.048828125,0.439453125,-0.7080078125,0.52490234375,0.537109375,0.13427734375,0.3173828125,0.32958984375,0.32958984375,1.03759765625,0.13427734375,0.25634765625,-0.18310546875,0.25634765625,0.20751953125,0.3662109375,-0.0244140625,0.91552734375,0,0.03662109375,-0.20751953125,1.3671875,0.03662109375,-1.0009765625,0.18310546875,-0.32958984375,-0.13427734375,-0.9521484375,0.01220703125,-0.7568359375,-0.23193359375,-1.46484375,-0.0244140625,-0.244140625,-0.2197265625,-0.2685546875,0.0732421875,-1.13525390625,-0.25634765625,1.3671875,-0.1708984375,1.42822265625,0.0244140625,2.38037109375,-0.03662109375,1.904296875,0.32958984375,-0.72021484375,-0.06103515625,-1.46484375,-0.1708984375,-1.0498046875,-0.25634765625,0.37841796875,-0.09765625,0.244140625,0.146484375,-0.08544921875,-0.06103515625,-0.15869140625,-0.13427734375,0.01220703125,-0.1708984375,0.048828125,-0.0244140625,0.78125,0.06103515625,-0.537109375,-0.09765625,-0.47607421875
1,-0.32958984375,-0.32958984375,-0.42724609375,-0.1953125,0.52490234375,-0.3662109375,-0.30517578125,0.0244140625,-0.28076171875,-0.08544921875,0.06103515625,-0.9521484375,-0.10986328125,1.01318359375,0.08544921875,-0.3173828125,0.03662109375,-1.01318359375,-0.20751953125,-0.50048828125,-0.3173828125,0.5126953125,-0.28076171875,-1.15966796875,-0.25634765625,-0.1708984375,0.01220703125,-0.830078125,0.2197265625,0.84228515625,-0.18310546875,0.20751953125,-0.37841796875,-0.341796875,0.08544921875,-0.86669921875,0,-0.50048828125,0.390625,-0.59814453125,0.3173828125,-0.1953125,0.0244140625,-0.64697265625,-0.01220703125,-0.35400390625,-0.3662109375,0.64697265625,-0.2197265625,1.171875,0.48828125,0.4638671875,-0.01220703125,-0.09765625,0.1708984375,0.74462890625,-0.13427734375,0.67138671875,-0.01220703125,0.45166015625,-0.69580078125,0.537109375,0.4638671875,0.1220703125,0.3173828125,0.35400390625,0.2197265625,1.025390625,0.1708984375,0.244140625,-0.20751953125,0.25634765625,0.18310546875,0.341796875,-0.08544921875,0.91552734375,0.01220703125,0.0244140625,-0.1953125,1.37939453125,0.048828125,-0.9765625,0.15869140625,-0.30517578125,-0.244140625,-0.96435546875,0.01220703125,-0.7568359375,-0.1708984375,-1.46484375,-0.06103515625,-0.25634765625,-0.01220703125,-0.25634765625,-0.06103515625,-1.18408203125,-0.30517578125,0.7568359375,-0.09765625,0.830078125,0.08544921875,1.52587890625,0,1.3427734375,0.244140625,-0.69580078125,-0.08544921875,-1.46484375,-0.09765625,-1.03759765625,-0.2197265625,0.4150390625,-0.10986328125,0.23193359375,0.10986328125,-0.09765625,-0.06103515625,-0.13427734375,-0.1220703125,0.0244140625,-0.1708984375,0.03662109375,-0.048828125,0.8056640625,0.0732421875,-0.48828125,-0.0732421875,-0.47607421875
0,-0.32958984375,-0.35400390625,-0.4150390625,-0.18310546875,0.4638671875,-0.37841796875,-0.29296875,0.01220703125,-0.2685546875,-0.09765625,0.048828125,-0.96435546875,-0.09765625,1.025390625,0.01220703125,-0.32958984375,0,-1.025390625,-0.244140625,-0.50048828125,-0.390625,0.50048828125,-0.2685546875,-1.1474609375,-0.1708984375,-0.1708984375,0.06103515625,-0.830078125,0.20751953125,0.89111328125,-0.20751953125,0.20751953125,-0.4150390625,-0.341796875,0.20751953125,-0.89111328125,-0.0244140625,-0.5126953125,0.45166015625,-0.57373046875,0.35400390625,-0.20751953125,0.03662109375,-0.64697265625,0.048828125,-0.341796875,-0.341796875,0.62255859375,-0.1953125,1.11083984375,0.439453125,0.47607421875,0.0244140625,-0.09765625,0.1708984375,0.7568359375,-0.1708984375,0.67138671875,0.01220703125,0.439453125,-0.76904296875,0.54931640625,0.45166015625,0.1220703125,0.32958984375,0.3662109375,0.1220703125,1.025390625,0.15869140625,0.2685546875,-0.2197265625,0.25634765625,0.15869140625,0.341796875,-0.13427734375,0.93994140625,0.048828125,0.03662109375,-0.20751953125,1.3671875,0.01220703125,-0.9765625,0.1220703125,-0.30517578125,-0.341796875,-0.9765625,-0.0244140625,-0.78125,-0.13427734375,-1.45263671875,-0.0732421875,-0.25634765625,0.048828125,-0.30517578125,-0.146484375,-1.23291015625,-0.341796875,0.1708984375,0,0.20751953125,0.146484375,0.6591796875,0.06103515625,0.7568359375,0.10986328125,-0.7080078125,-0.1220703125,-1.4404296875,0,-1.0498046875,-0.20751953125,0.390625,-0.13427734375,0.23193359375,0.1220703125,-0.0732421875,-0.0732421875,-0.13427734375,-0.09765625,0.048828125,-0.18310546875,0.01220703125,-0.048828125,0.81787109375,0.06103515625,-0.50048828125,-0.06103515625,-0.47607421875
0,-0.341796875,-0.37841796875,-0.45166015625,-0.18310546875,0.4638671875,-0.390625,-0.2685546875,-0.01220703125,-0.29296875,-0.10986328125,0.0732421875,-0.9765625,-0.09765625,1.01318359375,-0.0244140625,-0.32958984375,0.01220703125,-1.025390625,-0.2685546875,-0.5126953125,-0.40283203125,0.5126953125,-0.2685546875,-1.13525390625,-0.1220703125,-0.1708984375,0.10986328125,-0.830078125,0.15869140625,0.89111328125,-0.23193359375,0.20751953125,-0.40283203125,-0.35400390625,0.25634765625,-0.87890625,-0.0732421875,-0.5126953125,0.40283203125,-0.54931640625,0.29296875,-0.18310546875,0.048828125,-0.634765625,0.08544921875,-0.32958984375,-0.32958984375,0.6591796875,-0.18310546875,1.07421875,0.35400390625,0.47607421875,0.08544921875,-0.09765625,0.1220703125,0.74462890625,-0.20751953125,0.6591796875,0.1220703125,0.42724609375,-0.830078125,0.537109375,0.42724609375,0.10986328125,0.28076171875,0.3662109375,-0.0244140625,1.025390625,0.08544921875,0.2685546875,-0.2685546875,0.25634765625,0.09765625,0.3173828125,-0.18310546875,0.9765625,0.0732421875,0.01220703125,-0.244140625,1.3671875,0.0244140625,-0.9765625,0.06103515625,-0.3173828125,-0.3662109375,-1.0009765625,-0.09765625,-0.78125,-0.06103515625,-1.4892578125,-0.08544921875,-0.28076171875,0.06103515625,-0.3173828125,-0.20751953125,-1.26953125,-0.37841796875,-0.47607421875,0.09765625,-0.40283203125,0.1953125,-0.18310546875,0.08544921875,0.15869140625,-0.01220703125,-0.69580078125,-0.1953125,-1.45263671875,0.09765625,-1.03759765625,-0.18310546875,0.40283203125,-0.146484375,0.244140625,0.08544921875,-0.0732421875,-0.06103515625,-0.13427734375,-0.09765625,0.0732421875,-0.1953125,-0.01220703125,-0.06103515625,0.830078125,0.0732421875,-0.48828125,-0.0732421875,-0.47607421875
0,-0.37841796875,-0.37841796875,-0.47607421875,-0.20751953125,0.4638671875,-0.390625,-0.28076171875,0,-0.29296875,-0.13427734375,0.08544921875,-0.96435546875,-0.09765625,1.01318359375,-0.08544921875,-0.341796875,0.01220703125,-1.025390625,-0.25634765625,-0.50048828125,-0.341796875,0.52490234375,-0.1953125,-1.13525390625,-0.0732421875,-0.15869140625,0.10986328125,-0.81787109375,0.06103515625,0.89111328125,-0.20751953125,0.20751953125,-0.30517578125,-0.341796875,0.32958984375,-0.87890625,-0.0732421875,-0.47607421875,0.3662109375,-0.54931640625,0.23193359375,-0.1708984375,0.0244140625,-0.6103515625,0.08544921875,-0.32958984375,-0.3173828125,0.67138671875,-0.146484375,1.07421875,0.30517578125,0.50048828125,0.10986328125,-0.08544921875,0.0732421875,0.7568359375,-0.2685546875,0.64697265625,0.1953125,0.42724609375,-0.87890625,0.537109375,0.42724609375,0.08544921875,0.25634765625,0.3173828125,-0.13427734375,1.03759765625,0.10986328125,0.23193359375,-0.28076171875,0.23193359375,0.06103515625,0.29296875,-0.1953125,0.9521484375,0.10986328125,0.0244140625,-0.29296875,1.3427734375,0,-0.9765625,0.0244140625,-0.3173828125,-0.30517578125,-1.01318359375,-0.1708984375,-0.78125,-0.01220703125,-1.52587890625,-0.08544921875,-0.29296875,0,-0.341796875,-0.18310546875,-1.28173828125,-0.37841796875,-1.03759765625,0.13427734375,-1.0009765625,0.23193359375,-0.96435546875,0.0732421875,-0.37841796875,-0.08544921875,-0.72021484375,-0.244140625,-1.46484375,0.146484375,-1.03759765625,-0.2197265625,0.4150390625,-0.15869140625,0.244140625,0.09765625,-0.08544921875,-0.0732421875,-0.146484375,-0.09765625,0.06103515625,-0.20751953125,0,-0.08544921875,0.830078125,0.06103515625,-0.48828125,-0.03662109375,-0.50048828125
0,-0.37841796875,-0.390625,-0.4638671875,-0.2197265625,0.439453125,-0.390625,-0.23193359375,-0.01220703125,-0.3173828125,-0.1708984375,0.08544921875,-0.96435546875,-0.09765625,0.98876953125,-0.13427734375,-0.35400390625,0.03662109375,-1.025390625,-0.2197265625,-0.48828125,-0.1953125,0.52490234375,-0.15869140625,-1.13525390625,-0.06103515625,-0.18310546875,0.06103515625,-0.81787109375,-0.03662109375,0.87890625,-0.2197265625,0.23193359375,-0.146484375,-0.35400390625,0.341796875,-0.87890625,-0.08544921875,-0.48828125,0.23193359375,-0.537109375,0.09765625,-0.1708984375,0.0244140625,-0.62255859375,0.048828125,-0.35400390625,-0.341796875,0.67138671875,-0.10986328125,1.07421875,0.23193359375,0.50048828125,0.0732421875,-0.09765625,0.06103515625,0.732421875,-0.25634765625,0.634765625,0.25634765625,0.42724609375,-0.927734375,0.54931640625,0.4638671875,0.06103515625,0.1708984375,0.28076171875,-0.18310546875,1.0498046875,0.08544921875,0.2197265625,-0.3173828125,0.20751953125,0,0.244140625,-0.20751953125,0.9521484375,0.1708984375,0.01220703125,-0.32958984375,1.3427734375,-0.048828125,-0.9765625,-0.03662109375,-0.341796875,-0.2197265625,-1.01318359375,-0.2197265625,-0.79345703125,0,-1.55029296875,-0.03662109375,-0.30517578125,-0.18310546875,-0.35400390625,-0.13427734375,-1.30615234375,-0.3173828125,-1.5625,0.13427734375,-1.50146484375,0.15869140625,-1.64794921875,0.0732421875,-0.84228515625,-0.146484375,-0.732421875,-0.25634765625,-1.45263671875,0.09765625,-1.01318359375,-0.23193359375,0.40283203125,-0.18310546875,0.244140625,0.10986328125,-0.09765625,-0.06103515625,-0.15869140625,-0.06103515625,0.06103515625,-0.20751953125,0.01220703125,-0.08544921875,0.81787109375,0.06103515625,-0.47607421875,-0.01220703125,-0.48828125
0,-0.40283203125,-0.390625,-0.50048828125,-0.244140625,0.439453125,-0.40283203125,-0.23193359375,-0.0244140625,-0.29296875,-0.18310546875,0.08544921875,-0.9765625,-0.10986328125,0.9765625,-0.1708984375,-0.35400390625,0.06103515625,-1.0009765625,-0.1220703125,-0.48828125,-0.0732421875,0.5615234375,-0.10986328125,-1.123046875,-0.048828125,-0.18310546875,-0.0244140625,-0.79345703125,-0.15869140625,0.87890625,-0.23193359375,0.244140625,-0.01220703125,-0.40283203125,0.28076171875,-0.89111328125,-0.0732421875,-0.48828125,0.18310546875,-0.54931640625,-0.06103515625,-0.1708984375,-0.03662109375,-0.62255859375,-0.01220703125,-0.37841796875,-0.4150390625,0.69580078125,-0.08544921875,1.0986328125,0.20751953125,0.47607421875,0.03662109375,-0.10986328125,0.048828125,0.732421875,-0.25634765625,0.64697265625,0.30517578125,0.439453125,-0.9765625,0.5615234375,0.47607421875,0.06103515625,0.10986328125,0.25634765625,-0.2685546875,1.03759765625,0.048828125,0.20751953125,-0.3173828125,0.1953125,-0.03662109375,0.244140625,-0.1708984375,0.91552734375,0.2197265625,0.0244140625,-0.3662109375,1.3427734375,-0.0732421875,-1.0009765625,-0.06103515625,-0.3662109375,-0.06103515625,-1.03759765625,-0.2685546875,-0.78125,-0.048828125,-1.5625,0,-0.30517578125,-0.341796875,-0.35400390625,-0.06103515625,-1.28173828125,-0.25634765625,-1.96533203125,0.10986328125,-1.85546875,0.03662109375,-2.18505859375,0.0732421875,-1.1962890625,-0.09765625,-0.74462890625,-0.30517578125,-1.47705078125,0.03662109375,-1.01318359375,-0.23193359375,0.4150390625,-0.18310546875,0.25634765625,0.06103515625,-0.08544921875,-0.0732421875,-0.1708984375,-0.06103515625,0.048828125,-0.1953125,0.01220703125,-0.1220703125,0.8056640625,0.06103515625,-0.48828125,-0.0244140625,-0.48828125
0,-0.390625,-0.40283203125,-0.4638671875,-0.29296875,0.439453125,-0.42724609375,-0.2197265625,-0.0244140625,-0.3173828125,-0.18310546875,0.09765625,-0.9521484375,-0.13427734375,0.9521484375,-0.244140625,-0.3662109375,0.08544921875,-1.0009765625,-0.01220703125,-0.48828125,0.048828125,0.5615234375,-0.06103515625,-1.171875,-0.0244140625,-0.1953125,-0.10986328125,-0.78125,-0.244140625,0.89111328125,-0.25634765625,0.244140625,0.1220703125,-0.4150390625,0.23193359375,-0.87890625,-0.09765625,-0.47607421875,0.08544921875,-0.57373046875,-0.18310546875,-0.18310546875,-0.15869140625,-0.62255859375,-0.10986328125,-0.40283203125,-0.52490234375,0.68359375,-0.06103515625,1.123046875,0.20751953125,0.47607421875,0,-0.13427734375,0.048828125,0.72021484375,-0.2197265625,0.634765625,0.390625,0.439453125,-1.0009765625,0.537109375,0.4638671875,0.06103515625,0.048828125,0.2197265625,-0.341796875,1.06201171875,0.01220703125,0.2197265625,-0.341796875,0.18310546875,-0.048828125,0.2197265625,-0.146484375,0.86669921875,0.25634765625,0.01220703125,-0.40283203125,1.33056640625,-0.09765625,-1.0009765625,-0.03662109375,-0.3662109375,0.03662109375,-1.025390625,-0.244140625,-0.79345703125,-0.15869140625,-1.57470703125,0,-0.29296875,-0.537109375,-0.35400390625,-0.03662109375,-1.25732421875,-0.20751953125,-2.23388671875,0.01220703125,-2.0751953125,-0.10986328125,-2.50244140625,0.09765625,-1.37939453125,-0.048828125,-0.732421875,-0.3173828125,-1.47705078125,-0.03662109375,-1.01318359375,-0.20751953125,0.42724609375,-0.1708984375,0.25634765625,0.06103515625,-0.1220703125,-0.06103515625,-0.18310546875,-0.048828125,0.06103515625,-0.20751953125,0.01220703125,-0.1220703125,0.79345703125,0.09765625,-0.48828125,-0.048828125,-0.5126953125
0,-0.439453125,-0.390625,-0.439453125,-0.30517578125,0.390625,-0.4150390625,-0.20751953125,-0.0244140625,-0.29296875,-0.18310546875,0.09765625,-0.96435546875,-0.15869140625,0.93994140625,-0.244140625,-0.35400390625,0.09765625,-1.01318359375,0.09765625,-0.4638671875,0.146484375,0.54931640625,-0.08544921875,-1.171875,-0.01220703125,-0.23193359375,-0.18310546875,-0.78125,-0.244140625,0.87890625,-0.3173828125,0.244140625,0.23193359375,-0.4150390625,0.13427734375,-0.86669921875,-0.09765625,-0.48828125,0.01220703125,-0.59814453125,-0.2197265625,-0.1708984375,-0.2197265625,-0.6103515625,-0.146484375,-0.40283203125,-0.5859375,0.69580078125,-0.09765625,1.1474609375,0.18310546875,0.4638671875,-0.0244140625,-0.13427734375,0,0.72021484375,-0.146484375,0.64697265625,0.3662109375,0.439453125,-0.9765625,0.52490234375,0.390625,0.06103515625,0.01220703125,0.2197265625,-0.4150390625,1.07421875,-0.048828125,0.18310546875,-0.35400390625,0.1708984375,-0.09765625,0.23193359375,-0.10986328125,0.8544921875,0.2685546875,0,-0.42724609375,1.33056640625,-0.06103515625,-1.0009765625,-0.06103515625,-0.341796875,0.09765625,-1.03759765625,-0.1953125,-0.78125,-0.244140625,-1.59912109375,-0.048828125,-0.29296875,-0.64697265625,-0.32958984375,-0.0732421875,-1.2451171875,-0.10986328125,-2.28271484375,0.01220703125,-2.1484375,-0.20751953125,-2.57568359375,0.1220703125,-1.4404296875,0.01220703125,-0.7568359375,-0.30517578125,-1.47705078125,-0.08544921875,-0.98876953125,-0.10986328125,0.45166015625,-0.1708984375,0.244140625,0.06103515625,-0.10986328125,-0.0732421875,-0.1708984375,-0.0244140625,0.03662109375,-0.1953125,-0.01220703125,-0.08544921875,0.76904296875,0.08544921875,-0.48828125,-0.048828125,-0.52490234375
0,-0.42724609375,-0.390625,-0.4638671875,-0.3173828125,0.35400390625,-0.4150390625,-0.1953125,-0.03662109375,-0.28076171875,-0.1708984375,0.0732421875,-0.96435546875,-0.18310546875,0.9521484375,-0.244140625,-0.35400390625,0.146484375,-1.01318359375,0.2197265625,-0.48828125,0.146484375,0.54931640625,-0.048828125,-1.18408203125,0.01220703125,-0.2197265625,-0.244140625,-0.7568359375,-0.20751953125,0.84228515625,-0.341796875,0.244140625,0.2685546875,-0.40283203125,0.0732421875,-0.8544921875,-0.09765625,-0.4638671875,-0.03662109375,-0.634765625,-0.20751953125,-0.1953125,-0.28076171875,-0.64697265625,-0.15869140625,-0.40283203125,-0.634765625,0.7080078125,-0.13427734375,1.15966796875,0.15869140625,0.45166015625,-0.09765625,-0.13427734375,-0.0732421875,0.7080078125,-0.06103515625,0.64697265625,0.37841796875,0.4638671875,-0.96435546875,0.5126953125,0.2685546875,0.0732421875,-0.03662109375,0.23193359375,-0.42724609375,1.06201171875,-0.08544921875,0.1708984375,-0.3173828125,0.1708984375,-0.09765625,0.244140625,-0.0732421875,0.81787109375,0.25634765625,-0.01220703125,-0.439453125,1.3427734375,-0.06103515625,-1.01318359375,-0.03662109375,-0.35400390625,0.1220703125,-1.03759765625,-0.08544921875,-0.79345703125,-0.29296875,-1.5869140625,-0.09765625,-0.29296875,-0.634765625,-0.32958984375,-0.15869140625,-1.20849609375,-0.06103515625,-2.18505859375,0.0732421875,-2.0263671875,-0.20751953125,-2.392578125,0.10986328125,-1.30615234375,0.09765625,-0.732421875,-0.29296875,-1.47705078125,-0.10986328125,-1.0009765625,-0.08544921875,0.439453125,-0.1708984375,0.244140625,0.03662109375,-0.10986328125,-0.06103515625,-0.1708984375,0.01220703125,0.03662109375,-0.20751953125,0.01220703125,-0.09765625,0.7568359375,0.10986328125,-0.5126953125,-0.048828125,-0.52490234375
0,-0.439453125,-0.3662109375,-0.45166015625,-0.3173828125,0.30517578125,-0.4150390625,-0.18310546875,-0.01220703125,-0.28076171875,-0.13427734375,0.06103515625,-0.93994140625,-0.1953125,0.93994140625,-0.1953125,-0.3662109375,0.1708984375,-1.0009765625,0.244140625,-0.47607421875,0.1708984375,0.54931640625,-0.01220703125,-1.1962890625,0,-0.1953125,-0.28076171875,-0.76904296875,-0.1220703125,0.8544921875,-0.390625,0.23193359375,0.23193359375,-0.37841796875,-0.01220703125,-0.8544921875,-0.09765625,-0.47607421875,-0.06103515625,-0.68359375,-0.1220703125,-0.18310546875,-0.2685546875,-0.6591796875,-0.1953125,-0.390625,-0.64697265625,0.732421875,-0.20751953125,1.1962890625,0.1220703125,0.45166015625,-0.13427734375,-0.13427734375,-0.1953125,0.732421875,0.01220703125,0.64697265625,0.32958984375,0.45166015625,-0.98876953125,0.5126953125,0.2197265625,0.08544921875,-0.03662109375,0.25634765625,-0.48828125,1.07421875,-0.09765625,0.1953125,-0.2685546875,0.20751953125,-0.15869140625,0.2685546875,-0.03662109375,0.8056640625,0.244140625,-0.0244140625,-0.4150390625,1.3427734375,-0.0244140625,-1.01318359375,-0.0244140625,-0.35400390625,0.1220703125,-1.01318359375,0.0244140625,-0.78125,-0.29296875,-1.5380859375,-0.18310546875,-0.244140625,-0.52490234375,-0.3173828125,-0.3173828125,-1.1962890625,-0.048828125,-1.9287109375,0.10986328125,-1.77001953125,-0.1708984375,-2.0263671875,0.06103515625,-1.06201171875,0.08544921875,-0.72021484375,-0.23193359375,-1.4892578125,-0.15869140625,-0.98876953125,-0.06103515625,0.45166015625,-0.15869140625,0.244140625,0.06103515625,-0.1220703125,-0.0732421875,-0.1708984375,0.0732421875,0.03662109375,-0.1708984375,0.01220703125,-0.0732421875,0.74462890625,0.10986328125,-0.5126953125,-0.06103515625,-0.52490234375
0,-0.4638671875,-0.3662109375,-0.439453125,-0.2685546875,0.28076171875,-0.42724609375,-0.1708984375,0,-0.2197265625,-0.10986328125,0.06103515625,-0.9521484375,-0.23193359375,0.9521484375,-0.15869140625,-0.32958984375,0.18310546875,-1.01318359375,0.30517578125,-0.47607421875,0.1220703125,0.537109375,0.0732421875,-1.220703125,-0.03662109375,-0.2197265625,-0.28076171875,-0.78125,-0.048828125,0.830078125,-0.42724609375,0.20751953125,0.0732421875,-0.341796875,-0.048828125,-0.830078125,-0.08544921875,-0.45166015625,-0.048828125,-0.69580078125,-0.048828125,-0.1953125,-0.20751953125,-0.6591796875,-0.2197265625,-0.37841796875,-0.67138671875,0.72021484375,-0.2685546875,1.1962890625,0.146484375,0.45166015625,-0.18310546875,-0.1220703125,-0.29296875,0.74462890625,0.03662109375,0.64697265625,0.341796875,0.4638671875,-1.01318359375,0.50048828125,0.20751953125,0.10986328125,-0.0244140625,0.25634765625,-0.4638671875,1.08642578125,-0.13427734375,0.1953125,-0.2197265625,0.20751953125,-0.23193359375,0.29296875,0,0.8544921875,0.23193359375,-0.0244140625,-0.35400390625,1.3427734375,-0.0244140625,-1.01318359375,-0.01220703125,-0.341796875,0.1220703125,-1.01318359375,0.13427734375,-0.79345703125,-0.2197265625,-1.52587890625,-0.25634765625,-0.244140625,-0.341796875,-0.3173828125,-0.47607421875,-1.1962890625,-0.146484375,-1.5869140625,0.1953125,-1.42822265625,-0.1220703125,-1.59912109375,-0.03662109375,-0.732421875,0.048828125,-0.7080078125,-0.13427734375,-1.45263671875,-0.2197265625,-1.0009765625,-0.1220703125,0.439453125,-0.18310546875,0.25634765625,0.048828125,-0.10986328125,-0.06103515625,-0.1708984375,0.0732421875,0.048828125,-0.1708984375,0.01220703125,-0.10986328125,0.76904296875,0.09765625,-0.52490234375,-0.09765625,-0.52490234375
0,-0.439453125,-0.35400390625,-0.439453125,-0.28076171875,0.2685546875,-0.4150390625,-0.1708984375,0,-0.20751953125,-0.1220703125,0.03662109375,-0.96435546875,-0.244140625,0.96435546875,-0.15869140625,-0.32958984375,0.1953125,-1.025390625,0.29296875,-0.50048828125,-0.01220703125,0.5126953125,0.23193359375,-1.1962890625,-0.08544921875,-0.1953125,-0.25634765625,-0.81787109375,0,0.81787109375,-0.37841796875,0.1953125,-0.13427734375,-0.3173828125,-0.03662109375,-0.830078125,-0.048828125,-0.439453125,0,-0.72021484375,0.06103515625,-0.1953125,-0.1953125,-0.64697265625,-0.2197265625,-0.37841796875,-0.6591796875,0.732421875,-0.32958984375,1.171875,0.20751953125,0.50048828125,-0.20751953125,-0.1220703125,-0.35400390625,0.76904296875,0.09765625,0.634765625,0.3173828125,0.45166015625,-0.9521484375,0.50048828125,0.1708984375,0.1220703125,-0.03662109375,0.25634765625,-0.4150390625,1.0498046875,-0.18310546875,0.2197265625,-0.20751953125,0.20751953125,-0.28076171875,0.30517578125,0.03662109375,0.8544921875,0.244140625,-0.0244140625,-0.30517578125,1.33056640625,0.01220703125,-1.0009765625,0.03662109375,-0.341796875,0.10986328125,-1.01318359375,0.23193359375,-0.8056640625,-0.15869140625,-1.50146484375,-0.25634765625,-0.244140625,-0.10986328125,-0.29296875,-0.537109375,-1.171875,-0.25634765625,-1.220703125,0.23193359375,-1.07421875,-0.0732421875,-1.11083984375,-0.13427734375,-0.40283203125,0.03662109375,-0.72021484375,-0.0244140625,-1.4404296875,-0.2197265625,-1.0009765625,-0.1953125,0.4150390625,-0.18310546875,0.25634765625,0.048828125,-0.10986328125,-0.06103515625,-0.18310546875,0.0732421875,0.0244140625,-0.1708984375,0.03662109375,-0.1220703125,0.79345703125,0.09765625,-0.54931640625,-0.08544921875,-0.50048828125
0,-0.439453125,-0.3662109375,-0.390625,-0.2685546875,0.20751953125,-0.4150390625,-0.146484375,0,-0.1708984375,-0.09765625,0.0244140625,-0.9521484375,-0.25634765625,0.96435546875,-0.146484375,-0.3173828125,0.1708984375,-1.06201171875,0.244140625,-0.5126953125,-0.10986328125,0.5126953125,0.32958984375,-1.15966796875,-0.13427734375,-0.15869140625,-0.20751953125,-0.81787109375,0.03662109375,0.8056640625,-0.30517578125,0.20751953125,-0.30517578125,-0.30517578125,-0.03662109375,-0.830078125,-0.0244140625,-0.4150390625,0,-0.7568359375,0.1708984375,-0.15869140625,-0.10986328125,-0.6591796875,-0.23193359375,-0.37841796875,-0.62255859375,0.7080078125,-0.341796875,1.171875,0.2685546875,0.50048828125,-0.244140625,-0.10986328125,-0.3662109375,0.76904296875,0.10986328125,0.62255859375,0.30517578125,0.439453125,-0.91552734375,0.50048828125,0.20751953125,0.13427734375,-0.0732421875,0.2685546875,-0.35400390625,1.03759765625,-0.15869140625,0.2197265625,-0.1708984375,0.20751953125,-0.25634765625,0.32958984375,0.048828125,0.89111328125,0.2197265625,0,-0.25634765625,1.33056640625,0.0732421875,-0.96435546875,0.06103515625,-0.3173828125,0.10986328125,-0.9765625,0.244140625,-0.78125,-0.09765625,-1.47705078125,-0.20751953125,-0.244140625,0.08544921875,-0.29296875,-0.57373046875,-1.20849609375,-0.35400390625,-0.91552734375,0.2197265625,-0.79345703125,0.01220703125,-0.68359375,-0.18310546875,-0.1220703125,0.0244140625,-0.72021484375,0.06103515625,-1.46484375,-0.23193359375,-1.025390625,-0.23193359375,0.4150390625,-0.20751953125,0.25634765625,0.048828125,-0.10986328125,-0.06103515625,-0.1708984375,0.08544921875,0.06103515625,-0.15869140625,0.0244140625,-0.10986328125,0.78125,0.0732421875,-0.537109375,-0.08544921875,-0.50048828125
0,-0.48828125,-0.35400390625,-0.42724609375,-0.25634765625,0.1220703125,-0.390625,-0.13427734375,0,-0.13427734375,-0.09765625,0,-0.96435546875,-0.2685546875,0.9521484375,-0.08544921875,-0.32958984375,0.10986328125,-1.03759765625,0.1953125,-0.5126953125,-0.18310546875,0.5126953125,0.37841796875,-1.1474609375,-0.15869140625,-0.1708984375,-0.13427734375,-0.81787109375,0.01220703125,0.830078125,-0.18310546875,0.23193359375,-0.50048828125,-0.29296875,-0.048828125,-0.84228515625,0.048828125,-0.40283203125,-0.048828125,-0.76904296875,0.244140625,-0.146484375,-0.0244140625,-0.634765625,-0.1953125,-0.390625,-0.5859375,0.68359375,-0.3173828125,1.1474609375,0.29296875,0.50048828125,-0.30517578125,-0.146484375,-0.390625,0.76904296875,0.0732421875,0.62255859375,0.28076171875,0.439453125,-0.91552734375,0.50048828125,0.2197265625,0.10986328125,-0.15869140625,0.2685546875,-0.23193359375,1.01318359375,-0.146484375,0.2197265625,-0.15869140625,0.1953125,-0.30517578125,0.3173828125,0.08544921875,0.9033203125,0.20751953125,-0.01220703125,-0.2197265625,1.3427734375,0.10986328125,-0.93994140625,0.08544921875,-0.3173828125,0.09765625,-0.9765625,0.244140625,-0.78125,-0.08544921875,-1.46484375,-0.13427734375,-0.23193359375,0.1708984375,-0.30517578125,-0.50048828125,-1.220703125,-0.390625,-0.7080078125,0.20751953125,-0.59814453125,0.03662109375,-0.42724609375,-0.20751953125,0.048828125,0.03662109375,-0.72021484375,0.1220703125,-1.4404296875,-0.146484375,-1.03759765625,-0.29296875,0.40283203125,-0.1953125,0.244140625,0.03662109375,-0.08544921875,-0.0732421875,-0.18310546875,0.06103515625,0.048828125,-0.15869140625,0.01220703125,-0.1220703125,0.76904296875,0.0732421875,-0.54931640625,-0.0732421875,-0.48828125
0,-0.47607421875,-0.35400390625,-0.40283203125,-0.25634765625,0.09765625,-0.390625,-0.146484375,-0.01220703125,-0.13427734375,-0.09765625,-0.01220703125,-0.9521484375,-0.23193359375,0.9765625,-0.048828125,-0.32958984375,-0.01220703125,-1.0498046875,0.13427734375,-0.5126953125,-0.15869140625,0.5126953125,0.32958984375,-1.13525390625,-0.15869140625,-0.15869140625,-0.03662109375,-0.81787109375,-0.03662109375,0.8544921875,-0.0244140625,0.2197265625,-0.48828125,-0.28076171875,-0.08544921875,-0.8544921875,0.10986328125,-0.40283203125,-0.03662109375,-0.76904296875,0.2685546875,-0.146484375,0.048828125,-0.62255859375,-0.1220703125,-0.3662109375,-0.50048828125,0.67138671875,-0.2685546875,1.1474609375,0.30517578125,0.48828125,-0.30517578125,-0.146484375,-0.37841796875,0.78125,0.01220703125,0.64697265625,0.32958984375,0.439453125,-0.91552734375,0.537109375,0.244140625,0.1220703125,-0.1708984375,0.2685546875,-0.146484375,1.03759765625,-0.13427734375,0.2197265625,-0.1708984375,0.18310546875,-0.244140625,0.30517578125,0.10986328125,0.9033203125,0.244140625,0.01220703125,-0.244140625,1.3427734375,0.1220703125,-0.91552734375,0.10986328125,-0.29296875,0.06103515625,-0.96435546875,0.15869140625,-0.76904296875,-0.09765625,-1.47705078125,-0.03662109375,-0.2197265625,0.1708984375,-0.30517578125,-0.32958984375,-1.2451171875,-0.4150390625,-0.634765625,0.15869140625,-0.5615234375,0.10986328125,-0.341796875,-0.15869140625,0.10986328125,0.08544921875,-0.72021484375,0.08544921875,-1.45263671875,-0.048828125,-1.0498046875,-0.30517578125,0.3662109375,-0.2197265625,0.244140625,0.01220703125,-0.09765625,-0.06103515625,-0.1708984375,0.0244140625,0.048828125,-0.18310546875,0.01220703125,-0.10986328125,0.78125,0.0732421875,-0.5615234375,-0.0732421875,-0.48828125
1,-0.5126953125,-0.390625,-0.390625,-0.2685546875,0.048828125,-0.40283203125,-0.1220703125,-0.048828125,-0.1220703125,-0.10986328125,-0.01220703125,-0.9765625,-0.18310546875,0.98876953125,0,-0.35400390625,-0.10986328125,-1.025390625,0.09765625,-0.5126953125,-0.08544921875,0.5126953125,0.1708984375,-1.123046875,-0.1220703125,-0.146484375,0.0244140625,-0.81787109375,-0.08544921875,0.8544921875,0.0732421875,0.2197265625,-0.390625,-0.29296875,-0.146484375,-0.87890625,0.1953125,-0.390625,-0.03662109375,-0.76904296875,0.28076171875,-0.146484375,0.13427734375,-0.6103515625,-0.048828125,-0.35400390625,-0.439453125,0.64697265625,-0.1953125,1.13525390625,0.341796875,0.48828125,-0.28076171875,-0.1708984375,-0.4150390625,0.76904296875,-0.10986328125,0.6591796875,0.32958984375,0.45166015625,-0.89111328125,0.54931640625,0.30517578125,0.10986328125,-0.1708984375,0.23193359375,-0.09765625,1.025390625,-0.09765625,0.2197265625,-0.20751953125,0.1708984375,-0.25634765625,0.29296875,0.1220703125,0.89111328125,0.2197265625,0.0244140625,-0.2197265625,1.35498046875,0.08544921875,-0.93994140625,0.1220703125,-0.29296875,0.03662109375,-0.9765625,0,-0.76904296875,-0.048828125,-1.50146484375,0.03662109375,-0.23193359375,0.1220703125,-0.3173828125,-0.146484375,-1.23291015625,-0.3662109375,-0.7080078125,0.0732421875,-0.59814453125,0.18310546875,-0.4638671875,-0.1220703125,0.048828125,0.09765625,-0.72021484375,0.048828125,-1.4404296875,-0.0244140625,-1.07421875,-0.3173828125,0.37841796875,-0.2197265625,0.244140625,0,-0.09765625,-0.06103515625,-0.1708984375,0,0.06103515625,-0.18310546875,-0.0244140625,-0.10986328125,0.7568359375,0.06103515625,-0.5615234375,-0.08544921875,-0.50048828125
1,-0.48828125,-0.40283203125,-0.40283203125,-0.28076171875,0.06103515625,-0.40283203125,-0.1220703125,-0.06103515625,-0.13427734375,-0.13427734375,-0.0244140625,-0.9765625,-0.15869140625,0.96435546875,0.03662109375,-0.32958984375,-0.18310546875,-1.03759765625,0.048828125,-0.50048828125,-0.03662109375,0.5126953125,-0.06103515625,-1.11083984375,-0.08544921875,-0.15869140625,0.06103515625,-0.79345703125,-0.1220703125,0.87890625,0.1708984375,0.2197265625,-0.1953125,-0.3173828125,-0.146484375,-0.87890625,0.244140625,-0.439453125,-0.09765625,-0.74462890625,0.25634765625,-0.15869140625,0.1220703125,-0.6103515625,0.01220703125,-0.35400390625,-0.3662109375,0.6103515625,-0.146484375,1.171875,0.37841796875,0.4638671875,-0.2685546875,-0.1953125,-0.4638671875,0.7568359375,-0.23193359375,0.67138671875,0.37841796875,0.45166015625,-0.89111328125,0.57373046875,0.35400390625,0.09765625,-0.10986328125,0.2197265625,0,1.01318359375,-0.06103515625,0.2197265625,-0.25634765625,0.15869140625,-0.23193359375,0.244140625,0.1708984375,0.91552734375,0.2197265625,0.0244140625,-0.23193359375,1.3427734375,0.01220703125,-0.93994140625,0.09765625,-0.30517578125,0,-0.9765625,-0.13427734375,-0.78125,0,-1.513671875,0.146484375,-0.2685546875,-0.01220703125,-0.3173828125,0.08544921875,-1.23291015625,-0.32958984375,-0.89111328125,-0.0244140625,-0.7568359375,0.1220703125,-0.7568359375,-0.06103515625,-0.1220703125,0.146484375,-0.732421875,-0.08544921875,-1.42822265625,-0.01220703125,-1.06201171875,-0.2685546875,0.3662109375,-0.244140625,0.25634765625,-0.01220703125,-0.08544921875,-0.0732421875,-0.18310546875,-0.0244140625,0.048828125,-0.18310546875,-0.0244140625,-0.1220703125,0.74462890625,0.0732421875,-0.5615234375,-0.08544921875,-0.5126953125
1,-0.537109375,-0.40283203125,-0.35400390625,-0.28076171875,-0.0244140625,-0.390625,-0.0732421875,-0.06103515625,-0.1220703125,-0.146484375,-0.06103515625,-0.96435546875,-0.13427734375,0.9765625,0.01220703125,-0.32958984375,-0.25634765625,-1.01318359375,0.06103515625,-0.50048828125,-0.03662109375,0.5126953125,-0.28076171875,-1.13525390625,0,-0.1708984375,0.03662109375,-0.79345703125,-0.1220703125,0.87890625,0.20751953125,0.23193359375,0.0244140625,-0.341796875,-0.13427734375,-0.9033203125,0.28076171875,-0.439453125,-0.0732421875,-0.74462890625,0.2685546875,-0.18310546875,0.10986328125,-0.62255859375,0.06103515625,-0.3662109375,-0.30517578125,0.6103515625,-0.1220703125,1.18408203125,0.390625,0.45166015625,-0.2197265625,-0.20751953125,-0.4638671875,0.732421875,-0.3173828125,0.69580078125,0.4150390625,0.47607421875,-0.81787109375,0.59814453125,0.4150390625,0.08544921875,-0.0732421875,0.20751953125,0.0732421875,1.025390625,-0.01220703125,0.1953125,-0.2685546875,0.146484375,-0.1708984375,0.244140625,0.1953125,0.87890625,0.2197265625,0.0244140625,-0.3173828125,1.33056640625,-0.06103515625,-0.93994140625,0.06103515625,-0.3173828125,-0.048828125,-0.98876953125,-0.25634765625,-0.76904296875,0.01220703125,-1.5380859375,0.2197265625,-0.2685546875,-0.09765625,-0.29296875,0.2685546875,-1.2451171875,-0.2685546875,-1.13525390625,-0.08544921875,-0.9765625,0.10986328125,-1.11083984375,0.08544921875,-0.32958984375,0.15869140625,-0.732421875,-0.20751953125,-1.4404296875,-0.048828125,-1.0498046875,-0.23193359375,0.35400390625,-0.23193359375,0.25634765625,-0.048828125,-0.1220703125,-0.0732421875,-0.1708984375,-0.048828125,0.048828125,-0.18310546875,-0.03662109375,-0.10986328125,0.74462890625,0.0732421875,-0.537109375,-0.06103515625,-0.52490234375
1,-0.52490234375,-0.439453125,-0.40283203125,-0.29296875,-0.0732421875,-0.40283203125,-0.03662109375,-0.0244140625,-0.08544921875,-0.146484375,-0.06103515625,-0.9521484375,-0.10986328125,0.9521484375,-0.01220703125,-0.3173828125,-0.341796875,-1.0009765625,0.0732421875,-0.50048828125,-0.048828125,0.5126953125,-0.4150390625,-1.171875,0.08544921875,-0.18310546875,0.01220703125,-0.76904296875,-0.1220703125,0.8544921875,0.18310546875,0.23193359375,0.1708984375,-0.37841796875,-0.10986328125,-0.91552734375,0.2197265625,-0.47607421875,-0.09765625,-0.74462890625,0.28076171875,-0.1953125,0.06103515625,-0.634765625,0.0732421875,-0.37841796875,-0.32958984375,0.62255859375,-0.09765625,1.1962890625,0.37841796875,0.439453125,-0.15869140625,-0.2197265625,-0.50048828125,0.7568359375,-0.30517578125,0.7080078125,0.37841796875,0.47607421875,-0.76904296875,0.6103515625,0.50048828125,0.08544921875,-0.01220703125,0.15869140625,0.1708984375,1.03759765625,0.03662109375,0.1953125,-0.2685546875,0.13427734375,-0.15869140625,0.23193359375,0.20751953125,0.86669921875,0.20751953125,0.01220703125,-0.30517578125,1.33056640625,-0.13427734375,-0.93994140625,0.01220703125,-0.30517578125,-0.09765625,-1.0009765625,-0.341796875,-0.76904296875,0.0244140625,-1.55029296875,0.23193359375,-0.28076171875,-0.15869140625,-0.29296875,0.390625,-1.20849609375,-0.30517578125,-1.3916015625,-0.1953125,-1.171875,0,-1.46484375,0.1220703125,-0.537109375,0.10986328125,-0.74462890625,-0.29296875,-1.4404296875,-0.08544921875,-1.0498046875,-0.10986328125,0.3662109375,-0.244140625,0.2685546875,-0.06103515625,-0.10986328125,-0.08544921875,-0.18310546875,-0.09765625,0.03662109375,-0.18310546875,-0.03662109375,-0.09765625,0.74462890625,0.0732421875,-0.50048828125,-0.06103515625,-0.537109375
1,-0.537109375,-0.4150390625,-0.40283203125,-0.30517578125,-0.08544921875,-0.4150390625,-0.03662109375,-0.03662109375,-0.06103515625,-0.1708984375,-0.08544921875,-0.96435546875,-0.06103515625,0.96435546875,-0.0244140625,-0.32958984375,-0.32958984375,-0.98876953125,0.0732421875,-0.47607421875,-0.1220703125,0.5126953125,-0.42724609375,-1.1962890625,0.146484375,-0.20751953125,-0.03662109375,-0.78125,-0.09765625,0.86669921875,0.09765625,0.20751953125,0.25634765625,-0.40283203125,-0.06103515625,-0.89111328125,0.1708984375,-0.5126953125,-0.08544921875,-0.732421875,0.244140625,-0.1953125,-0.03662109375,-0.64697265625,0.08544921875,-0.37841796875,-0.3662109375,0.6103515625,-0.08544921875,1.20849609375,0.35400390625,0.4150390625,-0.048828125,-0.2197265625,-0.5126953125,0.732421875,-0.2685546875,0.7080078125,0.3173828125,0.48828125,-0.5859375,0.6103515625,0.50048828125,0.06103515625,0.0732421875,0.146484375,0.23193359375,1.03759765625,0.0244140625,0.2197265625,-0.23193359375,0.146484375,-0.1220703125,0.2685546875,0.20751953125,0.81787109375,0.2197265625,-0.0244140625,-0.35400390625,1.33056640625,-0.2197265625,-0.96435546875,-0.048828125,-0.32958984375,-0.18310546875,-1.0009765625,-0.341796875,-0.78125,-0.01220703125,-1.5380859375,0.1953125,-0.29296875,-0.1953125,-0.2685546875,0.4150390625,-1.220703125,-0.29296875,-1.5625,-0.2197265625,-1.30615234375,-0.10986328125,-1.74560546875,0.23193359375,-0.68359375,0.10986328125,-0.732421875,-0.35400390625,-1.4404296875,-0.1220703125,-1.0498046875,0,0.37841796875,-0.244140625,0.244140625,-0.06103515625,-0.1220703125,-0.06103515625,-0.18310546875,-0.146484375,0.048828125,-0.1953125,-0.03662109375,-0.10986328125,0.7568359375,0.08544921875,-0.50048828125,-0.03662109375,-0.52490234375
1,-0.537109375,-0.40283203125,-0.37841796875,-0.32958984375,-0.09765625,-0.42724609375,-0.0244140625,-0.0244140625,-0.03662109375,-0.1708984375,-0.09765625,-0.9521484375,-0.03662109375,0.96435546875,-0.01220703125,-0.32958984375,-0.3173828125,-0.98876953125,0.0732421875,-0.50048828125,-0.1953125,0.5126953125,-0.30517578125,-1.20849609375,0.1953125,-0.2197265625,-0.09765625,-0.79345703125,-0.0732421875,0.8544921875,-0.08544921875,0.2197265625,0.25634765625,-0.37841796875,0.03662109375,-0.9033203125,0.06103515625,-0.48828125,-0.01220703125,-0.74462890625,0.18310546875,-0.18310546875,-0.08544921875,-0.6591796875,0.0732421875,-0.3662109375,-0.42724609375,0.64697265625,-0.0732421875,1.18408203125,0.29296875,0.42724609375,0.01220703125,-0.20751953125,-0.52490234375,0.72021484375,-0.18310546875,0.7080078125,0.244140625,0.50048828125,-0.42724609375,0.59814453125,0.50048828125,0.06103515625,0.13427734375,0.1708984375,0.28076171875,1.0498046875,0.0244140625,0.23193359375,-0.1953125,0.1708984375,-0.06103515625,0.28076171875,0.1708984375,0.81787109375,0.1953125,-0.0244140625,-0.390625,1.3427734375,-0.244140625,-0.98876953125,-0.10986328125,-0.341796875,-0.25634765625,-0.98876953125,-0.3173828125,-0.78125,-0.0244140625,-1.513671875,0.09765625,-0.29296875,-0.146484375,-0.25634765625,0.30517578125,-1.1962890625,-0.2685546875,-1.62353515625,-0.1220703125,-1.3427734375,-0.08544921875,-1.84326171875,0.3662109375,-0.732421875,0.0244140625,-0.72021484375,-0.341796875,-1.45263671875,-0.10986328125,-1.03759765625,0.1220703125,0.40283203125,-0.2197265625,0.25634765625,-0.08544921875,-0.1220703125,-0.0732421875,-0.1708984375,-0.1953125,0.03662109375,-0.18310546875,-0.01220703125,-0.08544921875,0.7568359375,0.09765625,-0.48828125,-0.0244140625,-0.537109375
1,-0.537109375,-0.390625,-0.35400390625,-0.3173828125,-0.08544921875,-0.42724609375,0.03662109375,-0.01220703125,-0.01220703125,-0.15869140625,-0.10986328125,-0.9521484375,-0.0244140625,0.93994140625,0.03662109375,-0.341796875,-0.2685546875,-0.9765625,0.09765625,-0.50048828125,-0.25634765625,0.52490234375,-0.13427734375,-1.20849609375,0.1953125,-0.20751953125,-0.146484375,-0.76904296875,-0.06103515625,0.87890625,-0.29296875,0.20751953125,0.18310546875,-0.35400390625,0.09765625,-0.9033203125,-0.048828125,-0.47607421875,-0.0732421875,-0.732421875,0.0732421875,-0.1708984375,-0.146484375,-0.67138671875,0.048828125,-0.37841796875,-0.4638671875,0.6591796875,-0.10986328125,1.18408203125,0.1953125,0.42724609375,0.0732421875,-0.18310546875,-0.537109375,0.74462890625,-0.08544921875,0.69580078125,0.18310546875,0.48828125,-0.30517578125,0.5859375,0.48828125,0.08544921875,0.146484375,0.20751953125,0.3173828125,1.0498046875,0.0244140625,0.23193359375,-0.1708984375,0.18310546875,0.01220703125,0.30517578125,0.146484375,0.81787109375,0.1953125,-0.03662109375,-0.4150390625,1.3427734375,-0.244140625,-1.025390625,-0.15869140625,-0.341796875,-0.3173828125,-0.98876953125,-0.23193359375,-0.78125,-0.01220703125,-1.4892578125,-0.03662109375,-0.3173828125,-0.08544921875,-0.25634765625,0.10986328125,-1.20849609375,-0.29296875,-1.55029296875,-0.10986328125,-1.25732421875,-0.08544921875,-1.7822265625,0.30517578125,-0.6591796875,-0.048828125,-0.69580078125,-0.2685546875,-1.4404296875,-0.06103515625,-1.03759765625,0.18310546875,0.40283203125,-0.1953125,0.244140625,-0.0732421875,-0.10986328125,-0.0732421875,-0.18310546875,-0.20751953125,0.01220703125,-0.1953125,-0.01220703125,-0.0732421875,0.76904296875,0.10986328125,-0.48828125,0.01220703125,-0.52490234375
1,-0.54931640625,-0.37841796875,-0.32958984375,-0.3173828125,-0.0732421875,-0.4150390625,0.03662109375,0,0.01220703125,-0.13427734375,-0.146484375,-0.93994140625,-0.01220703125,0.96435546875,0.048828125,-0.341796875,-0.23193359375,-1.0009765625,0.146484375,-0.47607421875,-0.29296875,0.54931640625,0.09765625,-1.20849609375,0.146484375,-0.20751953125,-0.18310546875,-0.76904296875,-0.10986328125,0.86669921875,-0.48828125,0.20751953125,0.0732421875,-0.3173828125,0.1708984375,-0.89111328125,-0.10986328125,-0.4638671875,-0.09765625,-0.74462890625,-0.01220703125,-0.1708984375,-0.1220703125,-0.67138671875,0.01220703125,-0.37841796875,-0.48828125,0.67138671875,-0.1220703125,1.1474609375,0.18310546875,0.4638671875,0.18310546875,-0.13427734375,-0.52490234375,0.732421875,0,0.6591796875,0.15869140625,0.47607421875,-0.1953125,0.57373046875,0.45166015625,0.08544921875,0.146484375,0.23193359375,0.35400390625,1.025390625,0.0244140625,0.244140625,-0.1220703125,0.20751953125,0.06103515625,0.30517578125,0.10986328125,0.8544921875,0.18310546875,-0.048828125,-0.47607421875,1.3427734375,-0.2197265625,-1.01318359375,-0.1953125,-0.341796875,-0.30517578125,-0.98876953125,-0.0732421875,-0.79345703125,0.01220703125,-1.47705078125,-0.13427734375,-0.30517578125,0,-0.2685546875,-0.08544921875,-1.20849609375,-0.2685546875,-1.3427734375,-0.06103515625,-1.08642578125,-0.08544921875,-1.59912109375,0.20751953125,-0.5126953125,-0.10986328125,-0.7080078125,-0.20751953125,-1.46484375,-0.03662109375,-1.03759765625,0.1953125,0.40283203125,-0.2197265625,0.2685546875,-0.08544921875,-0.09765625,-0.06103515625,-0.1708984375,-0.20751953125,0.0244140625,-0.20751953125,0.0244140625,-0.08544921875,0.76904296875,0.09765625,-0.50048828125,0.0244140625,-0.5126953125
1,-0.54931640625,-0.390625,-0.35400390625,-0.30517578125,-0.10986328125,-0.4150390625,0.06103515625,0.0244140625,0.0244140625,-0.13427734375,-0.13427734375,-0.9521484375,0,0.9521484375,0.0244140625,-0.341796875,-0.15869140625,-1.0009765625,0.1953125,-0.50048828125,-0.29296875,0.5126953125,0.244140625,-1.20849609375,0.0732421875,-0.2197265625,-0.2197265625,-0.8056640625,-0.20751953125,0.8544921875,-0.6103515625,0.20751953125,-0.048828125,-0.29296875,0.1708984375,-0.9033203125,-0.146484375,-0.439453125,-0.10986328125,-0.76904296875,-0.10986328125,-0.1708984375,-0.08544921875,-0.67138671875,-0.0244140625,-0.40283203125,-0.48828125,0.68359375,-0.10986328125,1.123046875,0.1708984375,0.47607421875,0.244140625,-0.13427734375,-0.47607421875,0.7568359375,0.09765625,0.64697265625,0.1220703125,0.4638671875,-0.10986328125,0.5615234375,0.4150390625,0.08544921875,0.1953125,0.2685546875,0.35400390625,1.03759765625,0.0244140625,0.25634765625,-0.06103515625,0.2197265625,0.1220703125,0.29296875,0.03662109375,0.87890625,0.1708984375,-0.048828125,-0.47607421875,1.35498046875,-0.2197265625,-1.01318359375,-0.1953125,-0.32958984375,-0.244140625,-0.9765625,0,-0.8056640625,0.0732421875,-1.47705078125,-0.2197265625,-0.30517578125,0.0244140625,-0.2685546875,-0.30517578125,-1.20849609375,-0.244140625,-1.06201171875,0,-0.8544921875,0.0244140625,-1.23291015625,0.1220703125,-0.25634765625,-0.1708984375,-0.7080078125,-0.10986328125,-1.46484375,-0.01220703125,-1.06201171875,0.1220703125,0.40283203125,-0.1953125,0.25634765625,-0.06103515625,-0.09765625,-0.06103515625,-0.1708984375,-0.1953125,0.03662109375,-0.1953125,0,-0.08544921875,0.76904296875,0.09765625,-0.5126953125,0.03662109375,-0.5126953125
1,-0.57373046875,-0.37841796875,-0.341796875,-0.3173828125,-0.09765625,-0.40283203125,0.048828125,0.0244140625,0.048828125,-0.13427734375,-0.13427734375,-0.9521484375,0,0.9765625,0.01220703125,-0.341796875,-0.09765625,-1.01318359375,0.20751953125,-0.52490234375,-0.2685546875,0.52490234375,0.32958984375,-1.15966796875,-0.06103515625,-0.1953125,-0.2685546875,-0.830078125,-0.35400390625,0.86669921875,-0.5859375,0.20751953125,-0.1953125,-0.2685546875,0.18310546875,-0.9033203125,-0.1708984375,-0.42724609375,-0.13427734375,-0.76904296875,-0.1220703125,-0.1708984375,-0.06103515625,-0.6591796875,-0.09765625,-0.37841796875,-0.5615234375,0.69580078125,-0.1220703125,1.13525390625,0.1953125,0.47607421875,0.341796875,-0.10986328125,-0.4150390625,0.74462890625,0.1220703125,0.6103515625,0.06103515625,0.42724609375,0.01220703125,0.57373046875,0.40283203125,0.08544921875,0.244140625,0.28076171875,0.29296875,1.03759765625,0.0244140625,0.25634765625,-0.0732421875,0.20751953125,0.146484375,0.30517578125,-0.01220703125,0.9033203125,0.146484375,-0.048828125,-0.439453125,1.35498046875,-0.1953125,-0.96435546875,-0.1708984375,-0.32958984375,-0.1220703125,-0.9765625,0.06103515625,-0.8056640625,0.048828125,-1.46484375,-0.2197265625,-0.28076171875,0,-0.30517578125,-0.390625,-1.220703125,-0.20751953125,-0.72021484375,-0.03662109375,-0.5615234375,-0.0244140625,-0.8544921875,0.01220703125,0,-0.1708984375,-0.7080078125,-0.03662109375,-1.46484375,-0.048828125,-1.07421875,0,0.4150390625,-0.2197265625,0.244140625,-0.0732421875,-0.08544921875,-0.0732421875,-0.1708984375,-0.18310546875,0.0244140625,-0.1953125,-0.01220703125,-0.10986328125,0.76904296875,0.1220703125,-0.52490234375,0.048828125,-0.52490234375
1,-0.5859375,-0.37841796875,-0.35400390625,-0.28076171875,-0.13427734375,-0.40283203125,0.048828125,0.01220703125,0.048828125,-0.13427734375,-0.13427734375,-0.96435546875,-0.01220703125,0.96435546875,-0.0244140625,-0.32958984375,-0.0732421875,-1.03759765625,0.244140625,-0.54931640625,-0.1953125,0.537109375,0.341796875,-1.11083984375,-0.1708984375,-0.1708984375,-0.28076171875,-0.84228515625,-0.48828125,0.86669921875,-0.4638671875,0.2197265625,-0.28076171875,-0.2685546875,0.09765625,-0.91552734375,-0.13427734375,-0.439453125,-0.18310546875,-0.76904296875,-0.08544921875,-0.1708984375,0,-0.6591796875,-0.15869140625,-0.390625,-0.5859375,0.69580078125,-0.1220703125,1.11083984375,0.1953125,0.47607421875,0.3662109375,-0.10986328125,-0.32958984375,0.74462890625,0.1708984375,0.57373046875,0,0.439453125,0.08544921875,0.5859375,0.37841796875,0.0732421875,0.30517578125,0.28076171875,0.29296875,1.025390625,0.048828125,0.25634765625,-0.0732421875,0.23193359375,0.20751953125,0.30517578125,-0.0732421875,0.93994140625,0.1220703125,-0.03662109375,-0.4150390625,1.3427734375,-0.13427734375,-0.93994140625,-0.09765625,-0.32958984375,-0.01220703125,-0.9765625,0.08544921875,-0.79345703125,-0.01220703125,-1.45263671875,-0.18310546875,-0.25634765625,-0.08544921875,-0.3173828125,-0.40283203125,-1.2451171875,-0.1953125,-0.439453125,-0.03662109375,-0.3173828125,-0.03662109375,-0.5126953125,-0.03662109375,0.2685546875,-0.09765625,-0.72021484375,0.03662109375,-1.45263671875,-0.03662109375,-1.07421875,-0.0732421875,0.4150390625,-0.20751953125,0.25634765625,-0.06103515625,-0.08544921875,-0.0732421875,-0.146484375,-0.1708984375,0.048828125,-0.18310546875,-0.0244140625,-0.09765625,0.74462890625,0.09765625,-0.537109375,0.03662109375,-0.52490234375
1,-0.5859375,-0.390625,-0.3662109375,-0.25634765625,-0.10986328125,-0.40283203125,0.06103515625,0.048828125,0.048828125,-0.13427734375,-0.1220703125,-0.9765625,-0.03662109375,0.9765625,-0.0244140625,-0.30517578125,-0.1220703125,-1.01318359375,0.28076171875,-0.537109375,-0.0732421875,0.54931640625,0.29296875,-1.08642578125,-0.25634765625,-0.15869140625,-0.30517578125,-0.84228515625,-0.62255859375,0.9033203125,-0.2685546875,0.244140625,-0.2685546875,-0.244140625,0.01220703125,-0.89111328125,-0.0732421875,-0.439453125,-0.25634765625,-0.76904296875,-0.01220703125,-0.15869140625,0.03662109375,-0.64697265625,-0.1708984375,-0.40283203125,-0.62255859375,0.69580078125,-0.15869140625,1.11083984375,0.20751953125,0.4638671875,0.40283203125,-0.1220703125,-0.23193359375,0.7568359375,0.18310546875,0.59814453125,-0.03662109375,0.42724609375,0.048828125,0.62255859375,0.42724609375,0.0732421875,0.29296875,0.25634765625,0.2197265625,1.01318359375,0.048828125,0.2197265625,-0.0732421875,0.20751953125,0.18310546875,0.2685546875,-0.13427734375,0.927734375,0.10986328125,-0.03662109375,-0.390625,1.3427734375,-0.13427734375,-0.927734375,-0.01220703125,-0.30517578125,0.08544921875,-0.9765625,0.08544921875,-0.79345703125,-0.08544921875,-1.45263671875,-0.146484375,-0.244140625,-0.23193359375,-0.30517578125,-0.32958984375,-1.2451171875,-0.1953125,-0.1708984375,-0.13427734375,-0.09765625,-0.01220703125,-0.25634765625,-0.048828125,0.50048828125,-0.01220703125,-0.7568359375,0.0732421875,-1.45263671875,-0.0244140625,-1.07421875,-0.1220703125,0.40283203125,-0.1953125,0.2685546875,-0.0732421875,-0.0732421875,-0.06103515625,-0.13427734375,-0.10986328125,0.06103515625,-0.1708984375,-0.0244140625,-0.08544921875,0.7568359375,0.10986328125,-0.54931640625,0.0244140625,-0.5126953125
1,-0.5859375,-0.40283203125,-0.32958984375,-0.2685546875,-0.13427734375,-0.390625,0.06103515625,0.01220703125,0.048828125,-0.15869140625,-0.09765625,-0.9521484375,-0.0244140625,0.96435546875,-0.01220703125,-0.3173828125,-0.18310546875,-1.025390625,0.30517578125,-0.537109375,0.048828125,0.5126953125,0.2197265625,-1.0986328125,-0.32958984375,-0.1708984375,-0.29296875,-0.830078125,-0.67138671875,0.91552734375,-0.048828125,0.244140625,-0.18310546875,-0.244140625,-0.13427734375,-0.89111328125,-0.01220703125,-0.439453125,-0.29296875,-0.7568359375,0.09765625,-0.15869140625,0.0732421875,-0.634765625,-0.1708984375,-0.37841796875,-0.54931640625,0.7080078125,-0.1953125,1.13525390625,0.244140625,0.439453125,0.42724609375,-0.1220703125,-0.15869140625,0.7568359375,0.08544921875,0.59814453125,-0.048828125,0.42724609375,0,0.68359375,0.40283203125,0.06103515625,0.28076171875,0.23193359375,0.1220703125,1.025390625,0.0732421875,0.20751953125,-0.08544921875,0.18310546875,0.18310546875,0.244140625,-0.1708984375,0.927734375,0.09765625,-0.01220703125,-0.390625,1.3427734375,-0.08544921875,-0.927734375,0.0732421875,-0.3173828125,0.15869140625,-0.98876953125,0.0732421875,-0.79345703125,-0.1708984375,-1.47705078125,-0.1220703125,-0.23193359375,-0.37841796875,-0.341796875,-0.15869140625,-1.2451171875,-0.1953125,-0.01220703125,-0.244140625,0.03662109375,-0.03662109375,-0.146484375,-0.0732421875,0.62255859375,0.13427734375,-0.7080078125,0.10986328125,-1.45263671875,-0.048828125,-1.06201171875,-0.13427734375,0.390625,-0.1953125,0.29296875,-0.0732421875,-0.048828125,-0.06103515625,-0.13427734375,-0.1220703125,0.048828125,-0.18310546875,-0.03662109375,-0.09765625,0.7568359375,0.1220703125,-0.54931640625,-0.01220703125,-0.52490234375
1,-0.5859375,-0.40283203125,-0.35400390625,-0.28076171875,-0.15869140625,-0.390625,0.048828125,-0.0244140625,0.08544921875,-0.1708984375,-0.10986328125,-0.9521484375,-0.03662109375,0.9765625,-0.03662109375,-0.3173828125,-0.2197265625,-1.0009765625,0.3173828125,-0.52490234375,0.08544921875,0.537109375,0.15869140625,-1.123046875,-0.35400390625,-0.18310546875,-0.28076171875,-0.81787109375,-0.59814453125,0.91552734375,0.08544921875,0.23193359375,-0.10986328125,-0.28076171875,-0.2197265625,-0.87890625,0.03662109375,-0.439453125,-0.30517578125,-0.74462890625,0.20751953125,-0.18310546875,0.10986328125,-0.634765625,-0.13427734375,-0.341796875,-0.50048828125,0.68359375,-0.2197265625,1.1474609375,0.244140625,0.439453125,0.390625,-0.1220703125,-0.08544921875,0.72021484375,0,0.59814453125,-0.06103515625,0.439453125,-0.0244140625,0.732421875,0.3662109375,0.06103515625,0.30517578125,0.18310546875,0.01220703125,1.0009765625,0.06103515625,0.20751953125,-0.08544921875,0.18310546875,0.15869140625,0.23193359375,-0.20751953125,0.927734375,0.09765625,0,-0.4150390625,1.33056640625,-0.06103515625,-0.9521484375,0.1708984375,-0.30517578125,0.146484375,-0.9765625,0.06103515625,-0.79345703125,-0.1953125,-1.4892578125,-0.10986328125,-0.23193359375,-0.48828125,-0.341796875,-0.01220703125,-1.23291015625,-0.2197265625,0.01220703125,-0.29296875,0.10986328125,-0.0244140625,-0.146484375,-0.048828125,0.68359375,0.2685546875,-0.7568359375,0.09765625,-1.4404296875,-0.06103515625,-1.0498046875,-0.15869140625,0.390625,-0.20751953125,0.28076171875,-0.08544921875,-0.06103515625,-0.06103515625,-0.13427734375,-0.09765625,0.08544921875,-0.15869140625,-0.06103515625,-0.1220703125,0.78125,0.09765625,-0.537109375,-0.01220703125,-0.5126953125
0,-0.5615234375,-0.37841796875,-0.30517578125,-0.29296875,-0.20751953125,-0.37841796875,0.08544921875,-0.01220703125,0.10986328125,-0.1708984375,-0.10986328125,-0.9521484375,-0.048828125,0.9765625,-0.03662109375,-0.32958984375,-0.244140625,-0.98876953125,0.29296875,-0.50048828125,0.10986328125,0.54931640625,0.048828125,-1.123046875,-0.341796875,-0.1953125,-0.2685546875,-0.8056640625,-0.4638671875,0.91552734375,0.146484375,0.244140625,-0.06103515625,-0.28076171875,-0.28076171875,-0.86669921875,0.08544921875,-0.439453125,-0.244140625,-0.732421875,0.29296875,-0.1708984375,0.1220703125,-0.62255859375,-0.08544921875,-0.35400390625,-0.40283203125,0.67138671875,-0.2197265625,1.18408203125,0.29296875,0.42724609375,0.37841796875,-0.15869140625,-0.09765625,0.72021484375,-0.03662109375,0.64697265625,-0.0732421875,0.45166015625,-0.1220703125,0.79345703125,0.341796875,0.0732421875,0.28076171875,0.15869140625,-0.09765625,1.01318359375,0.03662109375,0.1953125,-0.10986328125,0.18310546875,0.10986328125,0.25634765625,-0.244140625,0.89111328125,0.146484375,0.01220703125,-0.40283203125,1.33056640625,-0.01220703125,-0.927734375,0.2197265625,-0.29296875,0.08544921875,-0.98876953125,0.06103515625,-0.76904296875,-0.18310546875,-1.55029296875,-0.0732421875,-0.20751953125,-0.50048828125,-0.3173828125,0.1220703125,-1.1962890625,-0.20751953125,-0.0244140625,-0.32958984375,0.1220703125,0.01220703125,-0.28076171875,0,0.67138671875,0.3173828125,-0.74462890625,0.1220703125,-1.42822265625,-0.10986328125,-1.03759765625,-0.1953125,0.390625,-0.20751953125,0.29296875,-0.09765625,-0.0732421875,-0.0732421875,-0.13427734375,-0.09765625,0.06103515625,-0.15869140625,-0.03662109375,-0.10986328125,0.8056640625,0.0732421875,-0.52490234375,-0.0244140625,-0.5126953125
0,-0.57373046875,-0.37841796875,-0.28076171875,-0.30517578125,-0.23193359375,-0.390625,0.06103515625,-0.0244140625,0.10986328125,-0.1708984375,-0.10986328125,-0.93994140625,-0.0732421875,0.98876953125,-0.0732421875,-0.32958984375,-0.28076171875,-0.98876953125,0.25634765625,-0.50048828125,0.0732421875,0.54931640625,-0.0244140625,-1.171875,-0.2685546875,-0.2197265625,-0.2197265625,-0.79345703125,-0.28076171875,0.927734375,0.1220703125,0.25634765625,-0.08544921875,-0.3662109375,-0.2685546875,-0.86669921875,0.06103515625,-0.4638671875,-0.1708984375,-0.732421875,0.37841796875,-0.20751953125,0.10986328125,-0.6103515625,-0.048828125,-0.390625,-0.32958984375,0.634765625,-0.2197265625,1.171875,0.28076171875,0.42724609375,0.3173828125,-0.1708984375,-0.08544921875,0.72021484375,-0.0732421875,0.72021484375,-0.09765625,0.4638671875,-0.23193359375,0.86669921875,0.30517578125,0.0732421875,0.23193359375,0.13427734375,-0.1708984375,1.01318359375,0.01220703125,0.18310546875,-0.13427734375,0.15869140625,0.06103515625,0.25634765625,-0.25634765625,0.8544921875,0.18310546875,0.03662109375,-0.40283203125,1.33056640625,0.01220703125,-0.9521484375,0.244140625,-0.30517578125,0.01220703125,-0.9765625,0.048828125,-0.78125,-0.1220703125,-1.55029296875,-0.06103515625,-0.2197265625,-0.35400390625,-0.29296875,0.1708984375,-1.18408203125,-0.2197265625,-0.15869140625,-0.29296875,0.0732421875,0.0244140625,-0.5126953125,0.06103515625,0.6103515625,0.341796875,-0.72021484375,0.10986328125,-1.42822265625,-0.146484375,-1.03759765625,-0.1953125,0.37841796875,-0.2197265625,0.29296875,-0.10986328125,-0.09765625,-0.048828125,-0.1220703125,-0.06103515625,0.06103515625,-0.13427734375,-0.03662109375,-0.10986328125,0.8056640625,0.06103515625,-0.52490234375,-0.03662109375,-0.5126953125
0,-0.5615234375,-0.3662109375,-0.30517578125,-0.3173828125,-0.2685546875,-0.390625,0.0732421875,-0.01220703125,0.1220703125,-0.13427734375,-0.10986328125,-0.96435546875,-0.09765625,0.98876953125,-0.10986328125,-0.341796875,-0.3173828125,-1.01318359375,0.18310546875,-0.48828125,-0.03662109375,0.5615234375,-0.0732421875,-1.20849609375,-0.1953125,-0.244140625,-0.1708984375,-0.76904296875,-0.13427734375,0.9033203125,0.0244140625,0.23193359375,-0.1953125,-0.4150390625,-0.20751953125,-0.84228515625,0.0244140625,-0.4638671875,-0.0732421875,-0.72021484375,0.45166015625,-0.2197265625,0.06103515625,-0.6103515625,0.01220703125,-0.40283203125,-0.28076171875,0.634765625,-0.20751953125,1.18408203125,0.2685546875,0.45166015625,0.32958984375,-0.1953125,-0.0732421875,0.72021484375,-0.06103515625,0.79345703125,-0.1220703125,0.45166015625,-0.3173828125,0.9033203125,0.30517578125,0.10986328125,0.13427734375,0.13427734375,-0.2197265625,0.98876953125,0.01220703125,0.20751953125,-0.15869140625,0.18310546875,0,0.2685546875,-0.2685546875,0.830078125,0.25634765625,0.03662109375,-0.390625,1.318359375,0.048828125,-0.96435546875,0.2197265625,-0.32958984375,-0.1220703125,-0.9765625,0.06103515625,-0.76904296875,-0.0244140625,-1.5625,-0.048828125,-0.2197265625,-0.18310546875,-0.29296875,0.15869140625,-1.1474609375,-0.2685546875,-0.28076171875,-0.23193359375,0.0244140625,0.0244140625,-0.74462890625,0.1220703125,0.537109375,0.30517578125,-0.7080078125,0.08544921875,-1.42822265625,-0.15869140625,-1.03759765625,-0.1708984375,0.37841796875,-0.2197265625,0.28076171875,-0.1220703125,-0.08544921875,-0.06103515625,-0.146484375,-0.048828125,0.048828125,-0.146484375,-0.01220703125,-0.09765625,0.79345703125,0.048828125,-0.52490234375,-0.03662109375,-0.50048828125
0,-0.5859375,-0.37841796875,-0.244140625,-0.3173828125,-0.20751953125,-0.37841796875,0.0732421875,-0.01220703125,0.1220703125,-0.1220703125,-0.10986328125,-0.93994140625,-0.10986328125,1.0009765625,-0.13427734375,-0.341796875,-0.3173828125,-1.01318359375,0.1220703125,-0.50048828125,-0.1708984375,0.54931640625,-0.09765625,-1.220703125,-0.1220703125,-0.244140625,-0.146484375,-0.78125,0,0.89111328125,-0.048828125,0.25634765625,-0.37841796875,-0.42724609375,-0.0732421875,-0.81787109375,-0.03662109375,-0.4638671875,-0.0244140625,-0.72021484375,0.47607421875,-0.20751953125,0.048828125,-0.59814453125,0.08544921875,-0.40283203125,-0.2197265625,0.64697265625,-0.18310546875,1.18408203125,0.28076171875,0.4638671875,0.390625,-0.20751953125,-0.10986328125,0.72021484375,-0.08544921875,0.89111328125,-0.10986328125,0.4638671875,-0.42724609375,0.9033203125,0.341796875,0.1220703125,0.0732421875,0.15869140625,-0.29296875,1.0009765625,0,0.23193359375,-0.18310546875,0.1953125,-0.03662109375,0.28076171875,-0.2685546875,0.8056640625,0.30517578125,0.03662109375,-0.37841796875,1.33056640625,0.06103515625,-1.01318359375,0.1708984375,-0.3173828125,-0.2197265625,-0.98876953125,0.06103515625,-0.76904296875,0.01220703125,-1.5625,-0.0732421875,-0.23193359375,0.0244140625,-0.28076171875,0.08544921875,-1.123046875,-0.29296875,-0.4150390625,-0.1220703125,-0.03662109375,0.0732421875,-0.9521484375,0.2197265625,0.45166015625,0.18310546875,-0.7080078125,0.03662109375,-1.4404296875,-0.13427734375,-1.03759765625,-0.08544921875,0.390625,-0.25634765625,0.28076171875,-0.1220703125,-0.0732421875,-0.06103515625,-0.1708984375,-0.048828125,0.03662109375,-0.146484375,-0.0244140625,-0.08544921875,0.76904296875,0.03662109375,-0.50048828125,-0.0244140625,-0.5126953125
0,-0.5859375,-0.3662109375,-0.1708984375,-0.30517578125,-0.244140625,-0.40283203125,0.08544921875,0,0.1220703125,-0.1220703125,-0.1220703125,-0.927734375,-0.13427734375,0.9765625,-0.13427734375,-0.3173828125,-0.3173828125,-1.03759765625,0.0732421875,-0.47607421875,-0.28076171875,0.54931640625,-0.09765625,-1.20849609375,-0.01220703125,-0.23193359375,-0.06103515625,-0.78125,0.0732421875,0.89111328125,-0.13427734375,0.23193359375,-0.48828125,-0.439453125,0.0244140625,-0.7568359375,-0.09765625,-0.4638671875,-0.0244140625,-0.72021484375,0.48828125,-0.20751953125,0.06103515625,-0.59814453125,0.13427734375,-0.390625,-0.20751953125,0.67138671875,-0.1953125,1.15966796875,0.2685546875,0.48828125,0.40283203125,-0.1953125,-0.13427734375,0.732421875,-0.08544921875,1.0009765625,-0.146484375,0.45166015625,-0.50048828125,0.91552734375,0.45166015625,0.13427734375,0.06103515625,0.18310546875,-0.341796875,1.01318359375,-0.048828125,0.2197265625,-0.20751953125,0.18310546875,-0.0732421875,0.2685546875,-0.29296875,0.79345703125,0.3173828125,0.01220703125,-0.37841796875,1.3427734375,0.06103515625,-1.01318359375,0.09765625,-0.3173828125,-0.30517578125,-0.98876953125,0.01220703125,-0.7568359375,0.08544921875,-1.5869140625,-0.10986328125,-0.2685546875,0.18310546875,-0.28076171875,0,-1.11083984375,-0.32958984375,-0.50048828125,-0.0244140625,-0.08544921875,0.1220703125,-1.06201171875,0.30517578125,0.390625,0.0244140625,-0.68359375,-0.01220703125,-1.42822265625,-0.0244140625,-1.0498046875,-0.048828125,0.40283203125,-0.25634765625,0.25634765625,-0.146484375,-0.0732421875,-0.06103515625,-0.18310546875,-0.03662109375,0.03662109375,-0.13427734375,0,-0.09765625,0.7568359375,0.01220703125,-0.537109375,-0.03662109375,-0.5126953125
0,-0.59814453125,-0.37841796875,-0.1708984375,-0.29296875,-0.25634765625,-0.4150390625,0.08544921875,0.01220703125,0.10986328125,-0.10986328125,-0.13427734375,-0.927734375,-0.13427734375,0.9765625,-0.146484375,-0.3173828125,-0.30517578125,-1.01318359375,0.03662109375,-0.4638671875,-0.3662109375,0.5615234375,-0.08544921875,-1.20849609375,0.0732421875,-0.244140625,0.01220703125,-0.76904296875,0.048828125,0.87890625,-0.15869140625,0.23193359375,-0.5126953125,-0.40283203125,0.1708984375,-0.732421875,-0.10986328125,-0.4638671875,0.01220703125,-0.72021484375,0.47607421875,-0.1953125,0.0732421875,-0.634765625,0.1708984375,-0.37841796875,-0.1708984375,0.64697265625,-0.18310546875,1.123046875,0.30517578125,0.50048828125,0.45166015625,-0.1953125,-0.1708984375,0.732421875,-0.048828125,1.06201171875,-0.0732421875,0.45166015625,-0.537109375,0.8544921875,0.42724609375,0.1220703125,0.0244140625,0.23193359375,-0.37841796875,1.01318359375,-0.10986328125,0.244140625,-0.18310546875,0.18310546875,-0.1220703125,0.29296875,-0.28076171875,0.78125,0.3173828125,0.0244140625,-0.3173828125,1.3427734375,0.0244140625,-1.01318359375,0.01220703125,-0.32958984375,-0.32958984375,-0.98876953125,-0.0244140625,-0.7568359375,0.15869140625,-1.5625,-0.15869140625,-0.244140625,0.23193359375,-0.2685546875,-0.10986328125,-1.0986328125,-0.35400390625,-0.54931640625,0.08544921875,-0.1220703125,0.1220703125,-1.0986328125,0.3173828125,0.37841796875,-0.09765625,-0.67138671875,-0.0732421875,-1.416015625,0.048828125,-1.06201171875,-0.03662109375,0.4150390625,-0.2685546875,0.2685546875,-0.15869140625,-0.09765625,-0.0732421875,-0.15869140625,-0.0244140625,0.03662109375,-0.146484375,-0.01220703125,-0.08544921875,0.732421875,0.03662109375,-0.537109375,-0.01220703125,-0.52490234375
0,-0.59814453125,-0.3662109375,-0.1953125,-0.244140625,-0.25634765625,-0.40283203125,0.10986328125,0.03662109375,0.08544921875,-0.10986328125,-0.15869140625,-0.927734375,-0.10986328125,0.9765625,-0.15869140625,-0.3173828125,-0.29296875,-1.03759765625,0.048828125,-0.48828125,-0.35400390625,0.537109375,-0.0732421875,-1.220703125,0.08544921875,-0.23193359375,0.048828125,-0.79345703125,0,0.87890625,-0.1220703125,0.23193359375,-0.42724609375,-0.439453125,0.25634765625,-0.69580078125,-0.146484375,-0.47607421875,0,-0.74462890625,0.390625,-0.18310546875,0.15869140625,-0.634765625,0.20751953125,-0.4150390625,-0.15869140625,0.64697265625,-0.18310546875,1.123046875,0.29296875,0.48828125,0.47607421875,-0.146484375,-0.18310546875,0.732421875,-0.0244140625,1.13525390625,-0.048828125,0.439453125,-0.57373046875,0.81787109375,0.390625,0.1220703125,-0.0244140625,0.2685546875,-0.40283203125,1.03759765625,-0.15869140625,0.25634765625,-0.15869140625,0.18310546875,-0.2197265625,0.28076171875,-0.244140625,0.76904296875,0.29296875,0.0244140625,-0.2685546875,1.3427734375,0.0244140625,-1.0009765625,-0.0244140625,-0.32958984375,-0.25634765625,-0.98876953125,-0.08544921875,-0.76904296875,0.20751953125,-1.55029296875,-0.1708984375,-0.25634765625,0.244140625,-0.28076171875,-0.13427734375,-1.11083984375,-0.3173828125,-0.5615234375,0.09765625,-0.1220703125,0.15869140625,-1.03759765625,0.3173828125,0.3662109375,-0.20751953125,-0.67138671875,-0.13427734375,-1.42822265625,0.10986328125,-1.08642578125,-0.048828125,0.4150390625,-0.2685546875,0.2685546875,-0.15869140625,-0.0732421875,-0.06103515625,-0.1708984375,-0.01220703125,0.048828125,-0.1220703125,-0.01220703125,-0.10986328125,0.7568359375,0.01220703125,-0.537109375,-0.0244140625,-0.537109375
0,-0.5859375,-0.37841796875,-0.2197265625,-0.244140625,-0.25634765625,-0.40283203125,0.1220703125,0,0.08544921875,-0.10986328125,-0.13427734375,-0.9521484375,-0.09765625,0.9765625,-0.18310546875,-0.32958984375,-0.28076171875,-1.0498046875,0.0732421875,-0.48828125,-0.30517578125,0.52490234375,-0.06103515625,-1.171875,0.10986328125,-0.2197265625,0.06103515625,-0.81787109375,-0.0732421875,0.8544921875,-0.09765625,0.2197265625,-0.244140625,-0.45166015625,0.28076171875,-0.634765625,-0.15869140625,-0.4638671875,-0.06103515625,-0.732421875,0.28076171875,-0.15869140625,0.09765625,-0.6103515625,0.1953125,-0.4638671875,-0.1953125,0.67138671875,-0.2197265625,1.0986328125,0.25634765625,0.47607421875,0.4638671875,-0.10986328125,-0.1953125,0.76904296875,0,1.15966796875,-0.03662109375,0.4150390625,-0.54931640625,0.74462890625,0.32958984375,0.09765625,-0.06103515625,0.3173828125,-0.390625,1.03759765625,-0.20751953125,0.25634765625,-0.1220703125,0.1953125,-0.29296875,0.30517578125,-0.1953125,0.81787109375,0.2685546875,0.0244140625,-0.1953125,1.3671875,-0.01220703125,-1.0009765625,-0.09765625,-0.32958984375,-0.18310546875,-0.9765625,-0.146484375,-0.76904296875,0.2197265625,-1.55029296875,-0.13427734375,-0.2685546875,0.1220703125,-0.29296875,-0.09765625,-1.11083984375,-0.25634765625,-0.54931640625,0.10986328125,-0.1220703125,0.146484375,-0.96435546875,0.2685546875,0.3662109375,-0.18310546875,-0.68359375,-0.18310546875,-1.416015625,0.10986328125,-1.07421875,-0.08544921875,0.40283203125,-0.29296875,0.2685546875,-0.15869140625,-0.09765625,-0.0732421875,-0.1708984375,-0.01220703125,0.03662109375,-0.10986328125,-0.03662109375,-0.10986328125,0.7568359375,0.01220703125,-0.537109375,-0.0244140625,-0.52490234375
0,-0.57373046875,-0.390625,-0.1708984375,-0.25634765625,-0.23193359375,-0.390625,0.146484375,-0.01220703125,0.09765625,-0.10986328125,-0.146484375,-0.93994140625,-0.09765625,0.96435546875,-0.23193359375,-0.32958984375,-0.2685546875,-1.025390625,0.13427734375,-0.5126953125,-0.2197265625,0.52490234375,-0.0244140625,-1.123046875,0.1220703125,-0.18310546875,0.01220703125,-0.84228515625,-0.20751953125,0.87890625,-0.06103515625,0.2197265625,-0.09765625,-0.40283203125,0.20751953125,-0.59814453125,-0.18310546875,-0.439453125,-0.10986328125,-0.72021484375,0.13427734375,-0.15869140625,0.01220703125,-0.5859375,0.146484375,-0.45166015625,-0.244140625,0.68359375,-0.23193359375,1.11083984375,0.20751953125,0.4638671875,0.45166015625,-0.08544921875,-0.2685546875,0.72021484375,0.09765625,1.220703125,-0.06103515625,0.4150390625,-0.50048828125,0.68359375,0.18310546875,0.09765625,-0.10986328125,0.35400390625,-0.3662109375,1.06201171875,-0.2197265625,0.2685546875,-0.10986328125,0.2197265625,-0.3662109375,0.29296875,-0.146484375,0.8056640625,0.2197265625,0.03662109375,-0.1220703125,1.3671875,-0.03662109375,-0.98876953125,-0.09765625,-0.32958984375,-0.06103515625,-0.9521484375,-0.1708984375,-0.76904296875,0.1708984375,-1.52587890625,-0.0732421875,-0.28076171875,-0.06103515625,-0.30517578125,0.01220703125,-1.13525390625,-0.146484375,-0.48828125,0.09765625,-0.1220703125,-0.01220703125,-0.84228515625,0.244140625,0.37841796875,-0.15869140625,-0.68359375,-0.244140625,-1.42822265625,0.09765625,-1.0986328125,-0.09765625,0.42724609375,-0.2685546875,0.2685546875,-0.1708984375,-0.09765625,-0.0732421875,-0.15869140625,0.03662109375,0.048828125,-0.13427734375,-0.0244140625,-0.08544921875,0.79345703125,0.0244140625,-0.52490234375,-0.01220703125,-0.537109375
0,-0.537109375,-0.37841796875,-0.15869140625,-0.2197265625,-0.244140625,-0.37841796875,0.1708984375,-0.0244140625,0.08544921875,-0.1220703125,-0.146484375,-0.93994140625,-0.0732421875,0.9765625,-0.25634765625,-0.32958984375,-0.2685546875,-1.01318359375,0.23193359375,-0.5126953125,-0.09765625,0.537109375,0.03662109375,-1.11083984375,0.1220703125,-0.18310546875,-0.06103515625,-0.830078125,-0.3173828125,0.89111328125,-0.048828125,0.23193359375,0.0732421875,-0.341796875,0.13427734375,-0.54931640625,-0.1953125,-0.439453125,-0.2685546875,-0.72021484375,-0.0244140625,-0.1220703125,0.01220703125,-0.59814453125,0.10986328125,-0.42724609375,-0.341796875,0.69580078125,-0.23193359375,1.11083984375,0.06103515625,0.45166015625,0.439453125,-0.09765625,-0.3173828125,0.732421875,0.1708984375,1.23291015625,-0.03662109375,0.390625,-0.439453125,0.6103515625,0.1953125,0.10986328125,-0.13427734375,0.3662109375,-0.35400390625,1.025390625,-0.23193359375,0.2685546875,-0.08544921875,0.23193359375,-0.37841796875,0.30517578125,-0.10986328125,0.830078125,0.15869140625,0.048828125,-0.048828125,1.3916015625,-0.048828125,-0.9521484375,-0.09765625,-0.341796875,0.0244140625,-0.96435546875,-0.13427734375,-0.7568359375,0.09765625,-1.52587890625,-0.06103515625,-0.25634765625,-0.23193359375,-0.30517578125,0.06103515625,-1.171875,-0.03662109375,-0.47607421875,0.06103515625,-0.13427734375,-0.048828125,-0.7568359375,0.30517578125,0.37841796875,-0.1220703125,-0.68359375,-0.25634765625,-1.42822265625,0.06103515625,-1.07421875,-0.06103515625,0.42724609375,-0.28076171875,0.2685546875,-0.146484375,-0.10986328125,-0.0732421875,-0.146484375,0.03662109375,0.048828125,-0.146484375,-0.01220703125,-0.0732421875,0.81787109375,0.0244140625,-0.52490234375,-0.01220703125,-0.52490234375
0,-0.537109375,-0.390625,-0.10986328125,-0.2197265625,-0.2685546875,-0.390625,0.20751953125,-0.03662109375,0.09765625,-0.1220703125,-0.146484375,-0.96435546875,-0.048828125,0.9765625,-0.244140625,-0.3173828125,-0.2685546875,-1.01318359375,0.30517578125,-0.50048828125,0.01220703125,0.54931640625,0.048828125,-1.0986328125,0.10986328125,-0.18310546875,-0.13427734375,-0.81787109375,-0.390625,0.91552734375,-0.09765625,0.23193359375,0.25634765625,-0.3173828125,0.03662109375,-0.50048828125,-0.1953125,-0.439453125,-0.32958984375,-0.72021484375,-0.10986328125,-0.13427734375,-0.09765625,-0.59814453125,0.03662109375,-0.40283203125,-0.439453125,0.72021484375,-0.25634765625,1.123046875,0,0.4150390625,0.439453125,-0.10986328125,-0.35400390625,0.732421875,0.1953125,1.23291015625,-0.03662109375,0.4150390625,-0.341796875,0.5615234375,0.1953125,0.08544921875,-0.20751953125,0.390625,-0.32958984375,1.0498046875,-0.23193359375,0.244140625,-0.08544921875,0.2197265625,-0.37841796875,0.29296875,-0.0732421875,0.8544921875,0.1220703125,0.048828125,0,1.3671875,-0.06103515625,-0.91552734375,-0.0732421875,-0.3173828125,0.08544921875,-0.9521484375,-0.08544921875,-0.76904296875,0.01220703125,-1.4892578125,-0.09765625,-0.25634765625,-0.390625,-0.29296875,0.0732421875,-1.1962890625,0.0244140625,-0.48828125,-0.0732421875,-0.1953125,-0.1953125,-0.69580078125,0.18310546875,0.3173828125,-0.06103515625,-0.69580078125,-0.244140625,-1.4404296875,0.048828125,-1.06201171875,0,0.42724609375,-0.25634765625,0.28076171875,-0.146484375,-0.10986328125,-0.06103515625,-0.146484375,0.0732421875,0.06103515625,-0.146484375,-0.03662109375,-0.08544921875,0.830078125,0.048828125,-0.537109375,-0.03662109375,-0.5126953125
0,-0.52490234375,-0.40283203125,-0.13427734375,-0.23193359375,-0.25634765625,-0.37841796875,0.2197265625,-0.0244140625,0.1220703125,-0.13427734375,-0.146484375,-0.96435546875,-0.03662109375,0.9765625,-0.23193359375,-0.30517578125,-0.2685546875,-0.98876953125,0.3662109375,-0.50048828125,0.1708984375,0.57373046875,0.048828125,-1.0986328125,0.08544921875,-0.18310546875,-0.1708984375,-0.8056640625,-0.4150390625,0.91552734375,-0.15869140625,0.23193359375,0.3173828125,-0.28076171875,-0.06103515625,-0.4638671875,-0.2197265625,-0.439453125,-0.32958984375,-0.72021484375,-0.1220703125,-0.1220703125,-0.10986328125,-0.5859375,-0.0244140625,-0.35400390625,-0.439453125,0.72021484375,-0.244140625,1.1474609375,-0.0732421875,0.4150390625,0.4638671875,-0.10986328125,-0.390625,0.7080078125,0.1953125,1.20849609375,0.03662109375,0.42724609375,-0.28076171875,0.54931640625,0.1708984375,0.0732421875,-0.23193359375,0.3662109375,-0.244140625,1.0498046875,-0.23193359375,0.244140625,-0.0732421875,0.20751953125,-0.35400390625,0.28076171875,-0.0244140625,0.830078125,0.09765625,0.06103515625,0.048828125,1.3916015625,-0.0732421875,-0.93994140625,-0.0244140625,-0.29296875,0.1220703125,-0.9521484375,0,-0.76904296875,-0.048828125,-1.4892578125,-0.13427734375,-0.2685546875,-0.439453125,-0.30517578125,0.048828125,-1.23291015625,0.08544921875,-0.537109375,-0.06103515625,-0.29296875,-0.2197265625,-0.732421875,0.1708984375,0.25634765625,-0.03662109375,-0.7080078125,-0.18310546875,-1.45263671875,0.0244140625,-1.06201171875,0.03662109375,0.4150390625,-0.244140625,0.28076171875,-0.1220703125,-0.10986328125,-0.0732421875,-0.146484375,0.0732421875,0.06103515625,-0.15869140625,-0.01220703125,-0.10986328125,0.830078125,0.048828125,-0.52490234375,-0.0244140625,-0.52490234375
0,-0.50048828125,-0.390625,-0.10986328125,-0.244140625,-0.25634765625,-0.37841796875,0.25634765625,-0.0244140625,0.15869140625,-0.15869140625,-0.15869140625,-0.9765625,-0.0244140625,0.96435546875,-0.1708984375,-0.29296875,-0.28076171875,-0.98876953125,0.439453125,-0.47607421875,0.20751953125,0.5615234375,0.06103515625,-1.11083984375,0.08544921875,-0.18310546875,-0.244140625,-0.8056640625,-0.37841796875,0.89111328125,-0.2197265625,0.2197265625,0.30517578125,-0.2685546875,-0.08544921875,-0.50048828125,-0.23193359375,-0.42724609375,-0.32958984375,-0.68359375,-0.09765625,-0.1220703125,-0.09765625,-0.59814453125,-0.048828125,-0.341796875,-0.439453125,0.7080078125,-0.20751953125,1.171875,-0.13427734375,0.42724609375,0.4150390625,-0.09765625,-0.40283203125,0.72021484375,0.1708984375,1.1474609375,0.06103515625,0.45166015625,-0.146484375,0.54931640625,0.2197265625,0.09765625,-0.23193359375,0.3662109375,-0.18310546875,1.0498046875,-0.18310546875,0.23193359375,-0.13427734375,0.20751953125,-0.29296875,0.28076171875,0.03662109375,0.84228515625,0.0732421875,0.06103515625,0.06103515625,1.37939453125,-0.06103515625,-0.927734375,0.03662109375,-0.29296875,0.09765625,-0.93994140625,0.1220703125,-0.78125,-0.048828125,-1.50146484375,-0.18310546875,-0.25634765625,-0.35400390625,-0.29296875,-0.03662109375,-1.25732421875,0.08544921875,-0.59814453125,-0.01220703125,-0.42724609375,-0.1220703125,-0.79345703125,0.10986328125,0.15869140625,0,-0.7080078125,-0.08544921875,-1.45263671875,-0.01220703125,-1.03759765625,0.03662109375,0.40283203125,-0.25634765625,0.28076171875,-0.10986328125,-0.09765625,-0.0732421875,-0.146484375,0.09765625,0.0732421875,-0.13427734375,-0.0244140625,-0.09765625,0.830078125,0.048828125,-0.5126953125,-0.0244140625,-0.52490234375
1,-0.47607421875,-0.40283203125,-0.09765625,-0.2685546875,-0.2685546875,-0.390625,0.25634765625,-0.0244140625,0.1953125,-0.18310546875,-0.146484375,-0.9521484375,-0.0244140625,0.96435546875,-0.13427734375,-0.30517578125,-0.2197265625,-0.98876953125,0.48828125,-0.47607421875,0.20751953125,0.57373046875,0.06103515625,-1.1474609375,0.08544921875,-0.2197265625,-0.244140625,-0.79345703125,-0.29296875,0.89111328125,-0.244140625,0.23193359375,0.244140625,-0.25634765625,-0.1220703125,-0.5126953125,-0.2685546875,-0.4150390625,-0.32958984375,-0.6591796875,-0.048828125,-0.13427734375,-0.1953125,-0.64697265625,-0.09765625,-0.30517578125,-0.4150390625,0.69580078125,-0.146484375,1.18408203125,-0.1708984375,0.439453125,0.32958984375,-0.10986328125,-0.4150390625,0.72021484375,0.13427734375,1.123046875,0.0244140625,0.439453125,-0.06103515625,0.5859375,0.1708984375,0.09765625,-0.20751953125,0.341796875,-0.146484375,1.025390625,-0.146484375,0.2197265625,-0.18310546875,0.20751953125,-0.2685546875,0.244140625,0.09765625,0.8544921875,0.03662109375,0.06103515625,0.08544921875,1.3671875,-0.048828125,-0.93994140625,0.06103515625,-0.29296875,0.08544921875,-0.9521484375,0.25634765625,-0.76904296875,0.01220703125,-1.513671875,-0.2197265625,-0.25634765625,-0.1953125,-0.30517578125,-0.146484375,-1.26953125,-0.03662109375,-0.69580078125,-0.0244140625,-0.537109375,-0.18310546875,-0.89111328125,-0.08544921875,0.0244140625,-0.01220703125,-0.74462890625,0.048828125,-1.46484375,-0.03662109375,-1.0498046875,-0.03662109375,0.40283203125,-0.25634765625,0.28076171875,-0.08544921875,-0.09765625,-0.0732421875,-0.146484375,0.1220703125,0.048828125,-0.10986328125,-0.0244140625,-0.1220703125,0.86669921875,0.01220703125,-0.5126953125,-0.03662109375,-0.52490234375
1,-0.48828125,-0.3662109375,-0.03662109375,-0.30517578125,-0.244140625,-0.40283203125,0.2197265625,0,0.1953125,-0.1708984375,-0.1708984375,-0.9765625,-0.048828125,0.9765625,-0.08544921875,-0.3173828125,-0.18310546875,-0.98876953125,0.50048828125,-0.50048828125,0.13427734375,0.54931640625,0.13427734375,-1.171875,0.048828125,-0.23193359375,-0.23193359375,-0.79345703125,-0.2197265625,0.86669921875,-0.25634765625,0.23193359375,0.0244140625,-0.28076171875,-0.13427734375,-0.5615234375,-0.28076171875,-0.439453125,-0.32958984375,-0.67138671875,0.048828125,-0.15869140625,-0.1220703125,-0.64697265625,-0.1220703125,-0.32958984375,-0.341796875,0.68359375,-0.06103515625,1.1962890625,-0.20751953125,0.4638671875,0.25634765625,-0.09765625,-0.40283203125,0.72021484375,0.0732421875,1.07421875,0.01220703125,0.45166015625,0,0.62255859375,0.1220703125,0.146484375,-0.20751953125,0.341796875,-0.03662109375,1.025390625,-0.10986328125,0.2197265625,-0.18310546875,0.1708984375,-0.23193359375,0.23193359375,0.146484375,0.84228515625,0.0244140625,0.06103515625,0.08544921875,1.35498046875,0,-0.96435546875,0.10986328125,-0.30517578125,0.06103515625,-0.93994140625,0.32958984375,-0.78125,0.08544921875,-1.513671875,-0.23193359375,-0.244140625,0.06103515625,-0.3173828125,-0.23193359375,-1.25732421875,-0.1220703125,-0.7568359375,0.0244140625,-0.64697265625,-0.08544921875,-0.9765625,-0.09765625,-0.0732421875,-0.01220703125,-0.72021484375,0.1708984375,-1.45263671875,-0.06103515625,-1.025390625,-0.1220703125,0.4150390625,-0.25634765625,0.29296875,-0.09765625,-0.1220703125,-0.06103515625,-0.13427734375,0.1220703125,0.048828125,-0.13427734375,-0.0244140625,-0.1220703125,0.86669921875,0,-0.47607421875,-0.03662109375,-0.5126953125
1,-0.47607421875,-0.3662109375,-0.03662109375,-0.3173828125,-0.3173828125,-0.4150390625,0.20751953125,0,0.20751953125,-0.1708984375,-0.1708984375,-0.9765625,-0.048828125,0.9765625,-0.06103515625,-0.341796875,-0.1953125,-1.01318359375,0.48828125,-0.5126953125,0,0.537109375,0.25634765625,-1.1962890625,0,-0.25634765625,-0.1953125,-0.79345703125,-0.15869140625,0.84228515625,-0.1953125,0.2197265625,-0.18310546875,-0.30517578125,-0.15869140625,-0.634765625,-0.29296875,-0.4638671875,-0.25634765625,-0.6591796875,0.13427734375,-0.18310546875,-0.0732421875,-0.67138671875,-0.1220703125,-0.3173828125,-0.3173828125,0.6591796875,-0.0244140625,1.20849609375,-0.18310546875,0.4638671875,0.18310546875,-0.09765625,-0.390625,0.732421875,0.06103515625,1.025390625,-0.048828125,0.45166015625,0.15869140625,0.69580078125,0.15869140625,0.18310546875,-0.15869140625,0.3173828125,0.08544921875,1.01318359375,-0.0732421875,0.244140625,-0.18310546875,0.1953125,-0.1953125,0.2197265625,0.18310546875,0.830078125,0.0244140625,0.03662109375,0.08544921875,1.35498046875,0.048828125,-0.98876953125,0.13427734375,-0.3173828125,0.0732421875,-0.96435546875,0.32958984375,-0.78125,0.146484375,-1.50146484375,-0.18310546875,-0.25634765625,0.2685546875,-0.32958984375,-0.30517578125,-1.26953125,-0.20751953125,-0.830078125,0.01220703125,-0.7080078125,-0.01220703125,-1.03759765625,-0.146484375,-0.1220703125,-0.0244140625,-0.7080078125,0.25634765625,-1.46484375,-0.03662109375,-1.03759765625,-0.146484375,0.42724609375,-0.25634765625,0.28076171875,-0.10986328125,-0.09765625,-0.0732421875,-0.1220703125,0.10986328125,0.048828125,-0.10986328125,-0.01220703125,-0.13427734375,0.86669921875,0.03662109375,-0.47607421875,-0.048828125,-0.52490234375
1,-0.4638671875,-0.37841796875,-0.0244140625,-0.35400390625,-0.32958984375,-0.42724609375,0.1953125,0.01220703125,0.1953125,-0.146484375,-0.1953125,-0.9521484375,-0.06103515625,0.9765625,-0.03662109375,-0.3662109375,-0.1953125,-1.01318359375,0.439453125,-0.5126953125,-0.10986328125,0.5615234375,0.390625,-1.1962890625,-0.06103515625,-0.25634765625,-0.09765625,-0.78125,-0.10986328125,0.8544921875,-0.09765625,0.23193359375,-0.341796875,-0.32958984375,-0.146484375,-0.68359375,-0.28076171875,-0.4638671875,-0.1953125,-0.6591796875,0.20751953125,-0.18310546875,-0.01220703125,-0.67138671875,-0.1220703125,-0.3662109375,-0.244140625,0.6591796875,-0.01220703125,1.18408203125,-0.146484375,0.48828125,0.1220703125,-0.0732421875,-0.439453125,0.732421875,-0.01220703125,0.96435546875,-0.09765625,0.439453125,0.2197265625,0.74462890625,0.09765625,0.2197265625,-0.13427734375,0.3173828125,0.15869140625,1.01318359375,-0.03662109375,0.23193359375,-0.13427734375,0.1953125,-0.20751953125,0.2197265625,0.1953125,0.830078125,-0.03662109375,0.0244140625,0.08544921875,1.3427734375,0.08544921875,-1.0009765625,0.1708984375,-0.32958984375,0.048828125,-0.96435546875,0.3173828125,-0.76904296875,0.1708984375,-1.513671875,-0.1220703125,-0.23193359375,0.40283203125,-0.32958984375,-0.28076171875,-1.25732421875,-0.28076171875,-0.84228515625,-0.0244140625,-0.72021484375,-0.0244140625,-1.025390625,-0.1220703125,-0.10986328125,-0.01220703125,-0.7080078125,0.30517578125,-1.45263671875,-0.0244140625,-1.0498046875,-0.13427734375,0.40283203125,-0.25634765625,0.28076171875,-0.09765625,-0.08544921875,-0.0732421875,-0.10986328125,0.06103515625,0.03662109375,-0.1220703125,-0.03662109375,-0.1220703125,0.8544921875,0.0244140625,-0.48828125,-0.0732421875,-0.52490234375
1,-0.4150390625,-0.3662109375,-0.01220703125,-0.35400390625,-0.32958984375,-0.45166015625,0.1953125,0.01220703125,0.20751953125,-0.13427734375,-0.18310546875,-0.9521484375,-0.08544921875,0.9765625,0,-0.341796875,-0.244140625,-1.025390625,0.3662109375,-0.5126953125,-0.15869140625,0.5615234375,0.47607421875,-1.20849609375,-0.08544921875,-0.244140625,-0.01220703125,-0.79345703125,-0.13427734375,0.8544921875,0.048828125,0.2197265625,-0.45166015625,-0.37841796875,-0.18310546875,-0.78125,-0.1953125,-0.48828125,-0.146484375,-0.68359375,0.28076171875,-0.20751953125,0.1220703125,-0.68359375,-0.10986328125,-0.40283203125,-0.15869140625,0.64697265625,0,1.18408203125,-0.10986328125,0.5126953125,0.09765625,-0.09765625,-0.47607421875,0.72021484375,-0.048828125,0.927734375,-0.13427734375,0.42724609375,0.244140625,0.7568359375,0.0732421875,0.244140625,-0.048828125,0.28076171875,0.25634765625,1.025390625,-0.06103515625,0.244140625,-0.08544921875,0.20751953125,-0.1708984375,0.244140625,0.23193359375,0.84228515625,-0.06103515625,0.0244140625,0.06103515625,1.3427734375,0.1220703125,-1.03759765625,0.15869140625,-0.3173828125,0,-0.96435546875,0.25634765625,-0.76904296875,0.1953125,-1.50146484375,-0.06103515625,-0.20751953125,0.439453125,-0.32958984375,-0.1708984375,-1.220703125,-0.32958984375,-0.78125,-0.13427734375,-0.67138671875,-0.048828125,-0.93994140625,-0.08544921875,-0.048828125,0.01220703125,-0.72021484375,0.25634765625,-1.42822265625,0.03662109375,-1.07421875,-0.13427734375,0.4150390625,-0.2685546875,0.28076171875,-0.08544921875,-0.0732421875,-0.0732421875,-0.10986328125,0.048828125,0.03662109375,-0.13427734375,-0.03662109375,-0.13427734375,0.84228515625,0.01220703125,-0.47607421875,-0.08544921875,-0.537109375
1,-0.37841796875,-0.3662109375,0.0732421875,-0.32958984375,-0.3173828125,-0.4150390625,0.15869140625,0.0244140625,0.1953125,-0.1220703125,-0.20751953125,-0.96435546875,-0.08544921875,0.9765625,0.0244140625,-0.32958984375,-0.244140625,-1.03759765625,0.3173828125,-0.52490234375,-0.1953125,0.52490234375,0.45166015625,-1.1962890625,-0.048828125,-0.244140625,0.06103515625,-0.81787109375,-0.15869140625,0.8544921875,0.25634765625,0.20751953125,-0.390625,-0.4150390625,-0.23193359375,-0.81787109375,-0.15869140625,-0.50048828125,-0.1708984375,-0.67138671875,0.28076171875,-0.2197265625,0.15869140625,-0.68359375,-0.06103515625,-0.42724609375,-0.08544921875,0.6103515625,-0.0732421875,1.1962890625,-0.01220703125,0.5126953125,0.0732421875,-0.10986328125,-0.52490234375,0.7080078125,-0.03662109375,0.9033203125,-0.146484375,0.42724609375,0.20751953125,0.76904296875,0.13427734375,0.29296875,0.048828125,0.2685546875,0.28076171875,1.025390625,-0.0244140625,0.244140625,-0.0244140625,0.2197265625,-0.15869140625,0.25634765625,0.23193359375,0.89111328125,-0.0732421875,0.01220703125,0.0244140625,1.33056640625,0.13427734375,-0.98876953125,0.1708984375,-0.341796875,-0.048828125,-0.96435546875,0.10986328125,-0.78125,0.18310546875,-1.50146484375,0.0244140625,-0.2197265625,0.4150390625,-0.3173828125,-0.0244140625,-1.20849609375,-0.2197265625,-0.64697265625,-0.1708984375,-0.5615234375,-0.0244140625,-0.79345703125,0.03662109375,0.08544921875,0.06103515625,-0.7568359375,0.1953125,-1.4404296875,0.03662109375,-1.06201171875,-0.1220703125,0.4150390625,-0.28076171875,0.2685546875,-0.0732421875,-0.0732421875,-0.08544921875,-0.1220703125,0.0244140625,0.03662109375,-0.09765625,-0.0244140625,-0.15869140625,0.830078125,0.01220703125,-0.50048828125,-0.08544921875,-0.5126953125
1,-0.3662109375,-0.35400390625,0.048828125,-0.3173828125,-0.341796875,-0.4150390625,0.15869140625,0.03662109375,0.18310546875,-0.10986328125,-0.18310546875,-0.93994140625,-0.0732421875,0.96435546875,0.06103515625,-0.30517578125,-0.30517578125,-1.03759765625,0.23193359375,-0.52490234375,-0.1220703125,0.5126953125,0.3173828125,-1.1474609375,-0.01220703125,-0.2197265625,0.09765625,-0.81787109375,-0.1708984375,0.84228515625,0.3662109375,0.1953125,-0.244140625,-0.4150390625,-0.3173828125,-0.84228515625,-0.0732421875,-0.50048828125,-0.2197265625,-0.67138671875,0.341796875,-0.1953125,0.1708984375,-0.68359375,0.01220703125,-0.45166015625,0.01220703125,0.6103515625,-0.08544921875,1.171875,0.06103515625,0.48828125,0.0732421875,-0.10986328125,-0.48828125,0.72021484375,-0.03662109375,0.9033203125,-0.146484375,0.4150390625,0.2197265625,0.732421875,0.0732421875,0.3173828125,0.06103515625,0.29296875,0.341796875,1.03759765625,-0.0244140625,0.2685546875,0.048828125,0.23193359375,-0.1220703125,0.28076171875,0.20751953125,0.9033203125,-0.0732421875,0.0244140625,0.03662109375,1.3427734375,0.0732421875,-1.0009765625,0.1220703125,-0.341796875,-0.08544921875,-0.93994140625,-0.03662109375,-0.76904296875,0.1953125,-1.513671875,0.10986328125,-0.23193359375,0.28076171875,-0.32958984375,0.15869140625,-1.171875,-0.2197265625,-0.5126953125,-0.28076171875,-0.390625,0.01220703125,-0.64697265625,0.08544921875,0.23193359375,0.10986328125,-0.7568359375,0.06103515625,-1.45263671875,0.0244140625,-1.06201171875,-0.09765625,0.42724609375,-0.25634765625,0.2685546875,-0.0732421875,-0.06103515625,-0.06103515625,-0.09765625,0,0.03662109375,-0.10986328125,-0.0244140625,-0.13427734375,0.81787109375,0,-0.50048828125,-0.06103515625,-0.5126953125
1,-0.3173828125,-0.341796875,0.048828125,-0.2685546875,-0.3662109375,-0.390625,0.15869140625,0.03662109375,0.1708984375,-0.08544921875,-0.18310546875,-0.93994140625,-0.08544921875,0.96435546875,0.03662109375,-0.28076171875,-0.3173828125,-1.01318359375,0.18310546875,-0.52490234375,-0.09765625,0.5126953125,0.09765625,-1.0986328125,0.06103515625,-0.1953125,0.09765625,-0.830078125,-0.15869140625,0.86669921875,0.439453125,0.1953125,-0.0244140625,-0.4150390625,-0.3662109375,-0.84228515625,-0.03662109375,-0.48828125,-0.244140625,-0.6591796875,0.37841796875,-0.1953125,0.13427734375,-0.64697265625,0.08544921875,-0.4638671875,0.048828125,0.634765625,-0.1220703125,1.20849609375,0.1220703125,0.4638671875,0.03662109375,-0.1220703125,-0.48828125,0.72021484375,0.03662109375,0.9033203125,-0.15869140625,0.4150390625,0.20751953125,0.69580078125,0.10986328125,0.341796875,0.0732421875,0.29296875,0.40283203125,1.06201171875,-0.0244140625,0.25634765625,0.08544921875,0.2197265625,-0.06103515625,0.29296875,0.18310546875,0.9033203125,-0.09765625,0.03662109375,0.048828125,1.3427734375,0.01220703125,-0.98876953125,0.09765625,-0.35400390625,-0.13427734375,-0.927734375,-0.1708984375,-0.7568359375,0.20751953125,-1.52587890625,0.18310546875,-0.20751953125,0.1708984375,-0.30517578125,0.32958984375,-1.171875,-0.1708984375,-0.341796875,-0.3173828125,-0.18310546875,0.0244140625,-0.47607421875,0.18310546875,0.4150390625,0.1220703125,-0.74462890625,-0.0732421875,-1.45263671875,-0.03662109375,-1.06201171875,-0.048828125,0.439453125,-0.2685546875,0.2685546875,-0.08544921875,-0.048828125,-0.0732421875,-0.09765625,-0.03662109375,0.03662109375,-0.10986328125,-0.0244140625,-0.146484375,0.830078125,-0.01220703125,-0.5126953125,-0.03662109375,-0.50048828125
1,-0.32958984375,-0.341796875,0.03662109375,-0.25634765625,-0.37841796875,-0.37841796875,0.1708984375,0.048828125,0.1708984375,-0.09765625,-0.15869140625,-0.927734375,-0.09765625,0.9765625,0,-0.2685546875,-0.32958984375,-0.98876953125,0.146484375,-0.52490234375,-0.0732421875,0.52490234375,-0.146484375,-1.06201171875,0.15869140625,-0.146484375,0.0732421875,-0.830078125,-0.13427734375,0.89111328125,0.45166015625,0.2197265625,0.20751953125,-0.390625,-0.40283203125,-0.81787109375,-0.06103515625,-0.48828125,-0.2197265625,-0.7080078125,0.37841796875,-0.1708984375,0.06103515625,-0.64697265625,0.13427734375,-0.439453125,0.0244140625,0.67138671875,-0.1220703125,1.20849609375,0.1220703125,0.45166015625,0.03662109375,-0.15869140625,-0.42724609375,0.7080078125,0.06103515625,0.93994140625,-0.15869140625,0.439453125,0.146484375,0.64697265625,0.09765625,0.35400390625,0.1220703125,0.29296875,0.4150390625,1.0498046875,0,0.244140625,0.09765625,0.2197265625,0,0.30517578125,0.10986328125,0.93994140625,-0.13427734375,0.048828125,0.08544921875,1.35498046875,-0.06103515625,-0.93994140625,0.06103515625,-0.32958984375,-0.1953125,-0.927734375,-0.2685546875,-0.74462890625,0.18310546875,-1.55029296875,0.244140625,-0.2197265625,0.048828125,-0.3173828125,0.439453125,-1.15966796875,-0.13427734375,-0.1953125,-0.390625,-0.0244140625,-0.10986328125,-0.35400390625,0.2685546875,0.54931640625,0.09765625,-0.76904296875,-0.146484375,-1.45263671875,-0.0732421875,-1.0498046875,0.048828125,0.4150390625,-0.2685546875,0.244140625,-0.09765625,-0.06103515625,-0.0732421875,-0.1220703125,-0.048828125,0.03662109375,-0.08544921875,0,-0.1220703125,0.830078125,-0.01220703125,-0.5126953125,-0.0244140625,-0.50048828125
1,-0.28076171875,-0.341796875,0.06103515625,-0.244140625,-0.37841796875,-0.390625,0.15869140625,0.0244140625,0.1708984375,-0.1220703125,-0.15869140625,-0.93994140625,-0.09765625,0.9521484375,-0.03662109375,-0.25634765625,-0.35400390625,-0.96435546875,0.08544921875,-0.50048828125,-0.08544921875,0.537109375,-0.32958984375,-1.06201171875,0.25634765625,-0.146484375,0.0244140625,-0.84228515625,-0.09765625,0.9033203125,0.3662109375,0.20751953125,0.37841796875,-0.37841796875,-0.35400390625,-0.79345703125,-0.08544921875,-0.48828125,-0.2685546875,-0.69580078125,0.390625,-0.18310546875,0.01220703125,-0.62255859375,0.15869140625,-0.42724609375,-0.01220703125,0.6591796875,-0.08544921875,1.23291015625,0.1220703125,0.4638671875,0.09765625,-0.1708984375,-0.40283203125,0.7080078125,0.10986328125,0.9521484375,-0.15869140625,0.45166015625,0.146484375,0.6103515625,0.1220703125,0.37841796875,0.146484375,0.28076171875,0.390625,1.06201171875,0.03662109375,0.25634765625,0.09765625,0.23193359375,0.048828125,0.3173828125,0.01220703125,0.927734375,-0.146484375,0.048828125,0.13427734375,1.37939453125,-0.1220703125,-0.91552734375,0.01220703125,-0.32958984375,-0.29296875,-0.9521484375,-0.30517578125,-0.74462890625,0.15869140625,-1.55029296875,0.1953125,-0.20751953125,-0.03662109375,-0.28076171875,0.50048828125,-1.15966796875,-0.18310546875,-0.09765625,-0.4150390625,0.10986328125,-0.2197265625,-0.28076171875,0.28076171875,0.67138671875,0.06103515625,-0.76904296875,-0.20751953125,-1.45263671875,-0.08544921875,-1.03759765625,0.18310546875,0.40283203125,-0.244140625,0.2685546875,-0.08544921875,-0.0732421875,-0.0732421875,-0.09765625,-0.0732421875,0.03662109375,-0.09765625,-0.01220703125,-0.08544921875,0.8544921875,0,-0.537109375,-0.0244140625,-0.48828125
1,-0.28076171875,-0.29296875,0.06103515625,-0.23193359375,-0.3662109375,-0.40283203125,0.146484375,0.0244140625,0.1708984375,-0.10986328125,-0.13427734375,-0.93994140625,-0.08544921875,0.96435546875,-0.08544921875,-0.28076171875,-0.3173828125,-0.96435546875,0.06103515625,-0.48828125,-0.09765625,0.537109375,-0.3662109375,-1.06201171875,0.30517578125,-0.13427734375,-0.01220703125,-0.81787109375,-0.048828125,0.927734375,0.2685546875,0.20751953125,0.45166015625,-0.3662109375,-0.2685546875,-0.732421875,-0.15869140625,-0.45166015625,-0.23193359375,-0.69580078125,0.3662109375,-0.18310546875,-0.03662109375,-0.634765625,0.1953125,-0.390625,-0.048828125,0.67138671875,-0.08544921875,1.2451171875,0.146484375,0.439453125,0.1708984375,-0.18310546875,-0.341796875,0.72021484375,0.09765625,0.96435546875,-0.09765625,0.4638671875,0.146484375,0.5859375,0.146484375,0.390625,0.18310546875,0.28076171875,0.341796875,1.07421875,0.06103515625,0.23193359375,0.1220703125,0.20751953125,0.08544921875,0.32958984375,-0.09765625,0.9033203125,-0.1708984375,0.06103515625,0.13427734375,1.3671875,-0.15869140625,-0.91552734375,-0.048828125,-0.3173828125,-0.32958984375,-0.9765625,-0.28076171875,-0.74462890625,0.146484375,-1.57470703125,0.10986328125,-0.23193359375,-0.06103515625,-0.2685546875,0.45166015625,-1.171875,-0.13427734375,-0.0732421875,-0.341796875,0.146484375,-0.1708984375,-0.32958984375,0.341796875,0.732421875,-0.0244140625,-0.78125,-0.1953125,-1.46484375,-0.048828125,-1.025390625,0.28076171875,0.390625,-0.2197265625,0.28076171875,-0.048828125,-0.0732421875,-0.06103515625,-0.10986328125,-0.09765625,0.0244140625,-0.08544921875,-0.01220703125,-0.0732421875,0.86669921875,-0.0244140625,-0.52490234375,0.01220703125,-0.48828125
1,-0.23193359375,-0.244140625,0.09765625,-0.25634765625,-0.341796875,-0.390625,0.146484375,0.01220703125,0.1953125,-0.1220703125,-0.146484375,-0.93994140625,-0.09765625,0.9521484375,-0.09765625,-0.28076171875,-0.29296875,-0.96435546875,0.0244140625,-0.4638671875,-0.1953125,0.54931640625,-0.3173828125,-1.08642578125,0.341796875,-0.146484375,-0.048828125,-0.8056640625,0.03662109375,0.91552734375,0.048828125,0.23193359375,0.42724609375,-0.3173828125,-0.15869140625,-0.68359375,-0.23193359375,-0.45166015625,-0.2685546875,-0.7080078125,0.25634765625,-0.18310546875,-0.06103515625,-0.62255859375,0.1953125,-0.341796875,-0.0732421875,0.6591796875,-0.08544921875,1.220703125,0.15869140625,0.45166015625,0.2685546875,-0.18310546875,-0.29296875,0.732421875,0.06103515625,0.96435546875,-0.048828125,0.48828125,0.1953125,0.57373046875,0.244140625,0.4150390625,0.20751953125,0.29296875,0.29296875,1.06201171875,0.03662109375,0.23193359375,0.08544921875,0.2197265625,0.10986328125,0.3173828125,-0.18310546875,0.87890625,-0.18310546875,0.0732421875,0.1708984375,1.37939453125,-0.1953125,-0.9033203125,-0.0732421875,-0.32958984375,-0.3662109375,-0.9765625,-0.23193359375,-0.7568359375,0.15869140625,-1.57470703125,-0.01220703125,-0.2197265625,-0.01220703125,-0.244140625,0.28076171875,-1.20849609375,-0.1220703125,-0.10986328125,-0.29296875,0.13427734375,-0.09765625,-0.4150390625,0.29296875,0.69580078125,-0.10986328125,-0.76904296875,-0.1220703125,-1.47705078125,-0.0244140625,-1.025390625,0.30517578125,0.390625,-0.20751953125,0.29296875,-0.03662109375,-0.048828125,-0.0732421875,-0.10986328125,-0.08544921875,0.0244140625,-0.08544921875,0.01220703125,-0.0732421875,0.8544921875,-0.03662109375,-0.50048828125,0.0244140625,-0.48828125
1,-0.244140625,-0.18310546875,0.10986328125,-0.25634765625,-0.341796875,-0.40283203125,0.146484375,0,0.1953125,-0.13427734375,-0.13427734375,-0.9521484375,-0.10986328125,0.96435546875,-0.1220703125,-0.29296875,-0.28076171875,-0.96435546875,0.03662109375,-0.45166015625,-0.244140625,0.5615234375,-0.15869140625,-1.123046875,0.3173828125,-0.18310546875,-0.08544921875,-0.79345703125,0.048828125,0.91552734375,-0.15869140625,0.20751953125,0.29296875,-0.30517578125,-0.048828125,-0.6591796875,-0.32958984375,-0.439453125,-0.25634765625,-0.72021484375,0.1220703125,-0.18310546875,-0.08544921875,-0.64697265625,0.18310546875,-0.341796875,-0.09765625,0.6591796875,-0.08544921875,1.2451171875,0.10986328125,0.48828125,0.35400390625,-0.18310546875,-0.2685546875,0.732421875,-0.0244140625,0.93994140625,-0.0244140625,0.47607421875,0.29296875,0.6103515625,0.25634765625,0.390625,0.2197265625,0.28076171875,0.18310546875,1.06201171875,0.048828125,0.2197265625,0.0732421875,0.23193359375,0.10986328125,0.30517578125,-0.20751953125,0.86669921875,-0.18310546875,0.048828125,0.15869140625,1.3671875,-0.23193359375,-0.91552734375,-0.09765625,-0.341796875,-0.35400390625,-0.98876953125,-0.15869140625,-0.7568359375,0.15869140625,-1.5869140625,-0.10986328125,-0.23193359375,0.03662109375,-0.25634765625,0.08544921875,-1.20849609375,-0.1220703125,-0.25634765625,-0.1708984375,0.03662109375,-0.09765625,-0.5615234375,0.13427734375,0.59814453125,-0.1708984375,-0.74462890625,-0.0244140625,-1.4404296875,-0.01220703125,-1.03759765625,0.244140625,0.40283203125,-0.2197265625,0.29296875,-0.01220703125,-0.048828125,-0.0732421875,-0.08544921875,-0.10986328125,0.03662109375,-0.06103515625,-0.0244140625,-0.09765625,0.89111328125,-0.048828125,-0.50048828125,0.048828125,-0.48828125
1,-0.20751953125,-0.1220703125,0.10986328125,-0.29296875,-0.3173828125,-0.40283203125,0.13427734375,-0.01220703125,0.18310546875,-0.146484375,-0.1220703125,-0.9521484375,-0.1220703125,0.9521484375,-0.146484375,-0.30517578125,-0.23193359375,-0.9765625,0.0732421875,-0.439453125,-0.3173828125,0.54931640625,0.06103515625,-1.15966796875,0.25634765625,-0.20751953125,-0.10986328125,-0.8056640625,0,0.9033203125,-0.3173828125,0.2197265625,0.1220703125,-0.30517578125,0.0244140625,-0.634765625,-0.37841796875,-0.45166015625,-0.28076171875,-0.72021484375,-0.01220703125,-0.18310546875,-0.15869140625,-0.64697265625,0.10986328125,-0.30517578125,-0.08544921875,0.64697265625,-0.09765625,1.220703125,0.048828125,0.5126953125,0.439453125,-0.18310546875,-0.1953125,0.7568359375,-0.03662109375,0.86669921875,-0.08544921875,0.4638671875,0.3662109375,0.6591796875,0.25634765625,0.37841796875,0.23193359375,0.25634765625,0.0732421875,1.07421875,0.06103515625,0.2197265625,0.03662109375,0.23193359375,0.0732421875,0.29296875,-0.25634765625,0.89111328125,-0.13427734375,0.0244140625,0.1708984375,1.37939453125,-0.2197265625,-0.93994140625,-0.1220703125,-0.32958984375,-0.30517578125,-1.01318359375,-0.048828125,-0.74462890625,0.1953125,-1.57470703125,-0.1708984375,-0.244140625,0.08544921875,-0.25634765625,-0.10986328125,-1.20849609375,-0.09765625,-0.390625,-0.1220703125,-0.10986328125,-0.0244140625,-0.68359375,-0.0244140625,0.48828125,-0.1953125,-0.74462890625,0.048828125,-1.4404296875,0,-1.0498046875,0.146484375,0.390625,-0.20751953125,0.29296875,0.0244140625,-0.0732421875,-0.06103515625,-0.08544921875,-0.09765625,0.0244140625,-0.06103515625,-0.01220703125,-0.0732421875,0.87890625,-0.03662109375,-0.48828125,0.048828125,-0.48828125
0,-0.20751953125,-0.0732421875,0.1220703125,-0.28076171875,-0.2685546875,-0.4150390625,0.1220703125,0.01220703125,0.2197265625,-0.1220703125,-0.10986328125,-0.927734375,-0.10986328125,0.96435546875,-0.20751953125,-0.3173828125,-0.20751953125,-0.9765625,0.09765625,-0.4638671875,-0.341796875,0.57373046875,0.23193359375,-1.18408203125,0.09765625,-0.23193359375,-0.1220703125,-0.79345703125,-0.1220703125,0.89111328125,-0.439453125,0.20751953125,-0.03662109375,-0.29296875,0.06103515625,-0.6591796875,-0.390625,-0.439453125,-0.29296875,-0.74462890625,-0.09765625,-0.2197265625,-0.10986328125,-0.67138671875,0.0244140625,-0.3173828125,-0.15869140625,0.634765625,-0.1220703125,1.1962890625,0,0.54931640625,0.537109375,-0.15869140625,-0.13427734375,0.76904296875,-0.09765625,0.76904296875,-0.15869140625,0.439453125,0.537109375,0.72021484375,0.23193359375,0.32958984375,0.20751953125,0.244140625,-0.03662109375,1.06201171875,0.0732421875,0.20751953125,-0.03662109375,0.23193359375,0.048828125,0.25634765625,-0.29296875,0.87890625,-0.09765625,0.0244140625,0.1953125,1.35498046875,-0.1953125,-0.9765625,-0.10986328125,-0.35400390625,-0.18310546875,-1.0498046875,0,-0.76904296875,0.20751953125,-1.5625,-0.18310546875,-0.25634765625,0.0732421875,-0.28076171875,-0.244140625,-1.1962890625,-0.0732421875,-0.537109375,-0.09765625,-0.2197265625,0,-0.78125,-0.1220703125,0.341796875,-0.1708984375,-0.72021484375,0.10986328125,-1.45263671875,-0.01220703125,-1.0498046875,0.03662109375,0.390625,-0.18310546875,0.29296875,0.0244140625,-0.08544921875,-0.0732421875,-0.08544921875,-0.0732421875,0.048828125,-0.08544921875,-0.03662109375,-0.03662109375,0.89111328125,-0.0244140625,-0.47607421875,0.048828125,-0.48828125
0,-0.18310546875,-0.03662109375,0.15869140625,-0.30517578125,-0.30517578125,-0.42724609375,0.1220703125,0.0244140625,0.23193359375,-0.1220703125,-0.10986328125,-0.9521484375,-0.09765625,0.93994140625,-0.244140625,-0.32958984375,-0.18310546875,-0.9765625,0.15869140625,-0.4638671875,-0.30517578125,0.57373046875,0.35400390625,-1.20849609375,-0.03662109375,-0.244140625,-0.146484375,-0.79345703125,-0.244140625,0.87890625,-0.390625,0.20751953125,-0.146484375,-0.28076171875,0.048828125,-0.7080078125,-0.42724609375,-0.4150390625,-0.37841796875,-0.74462890625,-0.146484375,-0.20751953125,-0.13427734375,-0.6591796875,-0.09765625,-0.32958984375,-0.15869140625,0.64697265625,-0.09765625,1.171875,-0.0732421875,0.5615234375,0.5859375,-0.1220703125,-0.06103515625,0.7568359375,-0.15869140625,0.732421875,-0.2197265625,0.439453125,0.6103515625,0.76904296875,0.13427734375,0.29296875,0.15869140625,0.23193359375,-0.15869140625,1.07421875,0.0732421875,0.2197265625,-0.08544921875,0.2197265625,0.0244140625,0.25634765625,-0.30517578125,0.86669921875,-0.0732421875,0.01220703125,0.18310546875,1.3671875,-0.15869140625,-1.01318359375,-0.03662109375,-0.35400390625,-0.03662109375,-1.0498046875,0.03662109375,-0.76904296875,0.1953125,-1.5380859375,-0.18310546875,-0.2685546875,0.03662109375,-0.3173828125,-0.30517578125,-1.220703125,-0.06103515625,-0.59814453125,-0.13427734375,-0.28076171875,-0.0244140625,-0.7568359375,-0.1708984375,0.28076171875,-0.08544921875,-0.72021484375,0.146484375,-1.45263671875,-0.01220703125,-1.06201171875,-0.048828125,0.390625,-0.1708984375,0.28076171875,0.01220703125,-0.10986328125,-0.06103515625,-0.0732421875,-0.06103515625,0.03662109375,-0.0732421875,-0.01220703125,-0.06103515625,0.86669921875,-0.01220703125,-0.47607421875,0.0244140625,-0.47607421875
0,-0.1708984375,-0.0244140625,0.18310546875,-0.29296875,-0.28076171875,-0.42724609375,0.08544921875,0.01220703125,0.23193359375,-0.10986328125,-0.08544921875,-0.93994140625,-0.08544921875,0.927734375,-0.2685546875,-0.32958984375,-0.18310546875,-0.9765625,0.18310546875,-0.4638671875,-0.244140625,0.5615234375,0.390625,-1.18408203125,-0.1708984375,-0.244140625,-0.15869140625,-0.8056640625,-0.3662109375,0.87890625,-0.2685546875,0.2197265625,-0.18310546875,-0.244140625,-0.01220703125,-0.7568359375,-0.37841796875,-0.390625,-0.4150390625,-0.74462890625,-0.15869140625,-0.18310546875,-0.0732421875,-0.64697265625,-0.1708984375,-0.32958984375,-0.1220703125,0.6591796875,-0.1220703125,1.15966796875,-0.146484375,0.537109375,0.6103515625,-0.13427734375,-0.0244140625,0.732421875,-0.18310546875,0.64697265625,-0.244140625,0.42724609375,0.7080078125,0.78125,0.03662109375,0.23193359375,0.08544921875,0.25634765625,-0.20751953125,1.0498046875,0.06103515625,0.23193359375,-0.10986328125,0.23193359375,-0.0244140625,0.2685546875,-0.30517578125,0.89111328125,-0.03662109375,-0.01220703125,0.146484375,1.3671875,-0.13427734375,-1.025390625,0.0244140625,-0.35400390625,0.03662109375,-1.03759765625,0.0244140625,-0.78125,0.1220703125,-1.5380859375,-0.13427734375,-0.2685546875,-0.048828125,-0.32958984375,-0.2685546875,-1.20849609375,-0.0244140625,-0.5615234375,-0.244140625,-0.2685546875,-0.01220703125,-0.54931640625,-0.18310546875,0.29296875,0,-0.732421875,0.18310546875,-1.45263671875,-0.03662109375,-1.08642578125,-0.06103515625,0.40283203125,-0.13427734375,0.29296875,0.0244140625,-0.1220703125,-0.0732421875,-0.06103515625,-0.048828125,0.048828125,-0.0732421875,-0.03662109375,-0.048828125,0.86669921875,0.01220703125,-0.4638671875,0.01220703125,-0.48828125
0,-0.08544921875,0,0.15869140625,-0.30517578125,-0.29296875,-0.4150390625,0.048828125,0.0244140625,0.2197265625,-0.09765625,-0.0732421875,-0.96435546875,-0.0732421875,0.93994140625,-0.25634765625,-0.32958984375,-0.20751953125,-1.0009765625,0.1953125,-0.48828125,-0.146484375,0.57373046875,0.341796875,-1.18408203125,-0.28076171875,-0.23193359375,-0.18310546875,-0.81787109375,-0.50048828125,0.8544921875,-0.06103515625,0.20751953125,-0.20751953125,-0.25634765625,-0.09765625,-0.830078125,-0.30517578125,-0.390625,-0.439453125,-0.7568359375,-0.08544921875,-0.18310546875,0.01220703125,-0.64697265625,-0.2197265625,-0.35400390625,-0.08544921875,0.6591796875,-0.09765625,1.1474609375,-0.2197265625,0.537109375,0.5615234375,-0.1220703125,-0.03662109375,0.72021484375,-0.20751953125,0.59814453125,-0.2685546875,0.40283203125,0.69580078125,0.76904296875,0.01220703125,0.18310546875,0.03662109375,0.244140625,-0.29296875,1.07421875,0.0244140625,0.25634765625,-0.13427734375,0.2197265625,-0.048828125,0.29296875,-0.29296875,0.927734375,0.01220703125,0.01220703125,0.09765625,1.35498046875,-0.10986328125,-1.01318359375,0.13427734375,-0.37841796875,0.13427734375,-1.03759765625,0.01220703125,-0.78125,0.0244140625,-1.513671875,-0.10986328125,-0.28076171875,-0.10986328125,-0.35400390625,-0.09765625,-1.220703125,0.01220703125,-0.390625,-0.25634765625,-0.146484375,-0.06103515625,-0.18310546875,-0.1220703125,0.40283203125,0.146484375,-0.72021484375,0.20751953125,-1.45263671875,-0.03662109375,-1.0986328125,-0.0732421875,0.390625,-0.09765625,0.28076171875,0.03662109375,-0.1220703125,-0.06103515625,-0.06103515625,-0.0244140625,0.03662109375,-0.08544921875,-0.048828125,-0.0732421875,0.86669921875,0,-0.48828125,-0.01220703125,-0.50048828125
0,-0.06103515625,-0.048828125,0.15869140625,-0.30517578125,-0.29296875,-0.4150390625,0.0244140625,0.03662109375,0.2197265625,-0.0732421875,-0.048828125,-0.96435546875,-0.08544921875,0.93994140625,-0.2197265625,-0.32958984375,-0.1708984375,-0.98876953125,0.2197265625,-0.50048828125,0,0.537109375,0.25634765625,-1.13525390625,-0.32958984375,-0.2197265625,-0.1708984375,-0.84228515625,-0.54931640625,0.8544921875,0.1708984375,0.23193359375,-0.146484375,-0.2685546875,-0.23193359375,-0.87890625,-0.2197265625,-0.4150390625,-0.439453125,-0.74462890625,0.0244140625,-0.18310546875,0.01220703125,-0.634765625,-0.244140625,-0.37841796875,0,0.64697265625,-0.0732421875,1.171875,-0.2685546875,0.537109375,0.52490234375,-0.13427734375,-0.048828125,0.7080078125,-0.1953125,0.5859375,-0.244140625,0.4150390625,0.59814453125,0.732421875,-0.06103515625,0.13427734375,0.048828125,0.244140625,-0.32958984375,1.06201171875,-0.0244140625,0.244140625,-0.146484375,0.1953125,-0.08544921875,0.29296875,-0.25634765625,0.9521484375,0.048828125,-0.01220703125,0.08544921875,1.35498046875,-0.0244140625,-1.01318359375,0.20751953125,-0.37841796875,0.15869140625,-1.025390625,0.01220703125,-0.79345703125,-0.048828125,-1.4892578125,-0.08544921875,-0.28076171875,-0.1953125,-0.35400390625,0.08544921875,-1.23291015625,-0.01220703125,-0.0244140625,-0.341796875,0.10986328125,-0.08544921875,0.35400390625,-0.1220703125,0.68359375,0.2197265625,-0.74462890625,0.18310546875,-1.45263671875,-0.0732421875,-1.11083984375,-0.08544921875,0.390625,-0.09765625,0.2685546875,0.03662109375,-0.10986328125,-0.0732421875,-0.08544921875,-0.01220703125,0.03662109375,-0.08544921875,-0.01220703125,-0.0732421875,0.8544921875,-0.01220703125,-0.48828125,-0.01220703125,-0.50048828125
0,-0.03662109375,-0.10986328125,0.146484375,-0.30517578125,-0.3173828125,-0.40283203125,-0.01220703125,0.03662109375,0.23193359375,-0.09765625,-0.048828125,-0.96435546875,-0.08544921875,0.927734375,-0.18310546875,-0.30517578125,-0.15869140625,-0.9765625,0.20751953125,-0.50048828125,0.09765625,0.52490234375,0.15869140625,-1.08642578125,-0.28076171875,-0.1708984375,-0.20751953125,-0.830078125,-0.47607421875,0.87890625,0.29296875,0.244140625,-0.09765625,-0.28076171875,-0.35400390625,-0.9521484375,-0.15869140625,-0.42724609375,-0.390625,-0.7568359375,0.146484375,-0.18310546875,0.048828125,-0.634765625,-0.20751953125,-0.37841796875,0.0732421875,0.64697265625,-0.03662109375,1.1962890625,-0.29296875,0.48828125,0.439453125,-0.146484375,-0.03662109375,0.69580078125,-0.20751953125,0.57373046875,-0.23193359375,0.4150390625,0.5859375,0.67138671875,-0.10986328125,0.0732421875,-0.01220703125,0.25634765625,-0.35400390625,1.06201171875,-0.0732421875,0.244140625,-0.09765625,0.18310546875,-0.1220703125,0.29296875,-0.23193359375,0.9521484375,0.048828125,0.01220703125,0.09765625,1.33056640625,-0.0244140625,-0.98876953125,0.28076171875,-0.3662109375,0.08544921875,-1.0009765625,0.01220703125,-0.79345703125,-0.0244140625,-1.4892578125,-0.06103515625,-0.2685546875,-0.23193359375,-0.32958984375,0.25634765625,-1.23291015625,0.01220703125,0.45166015625,-0.35400390625,0.5126953125,0,1.0498046875,-0.048828125,1.06201171875,0.2685546875,-0.732421875,0.1708984375,-1.45263671875,-0.15869140625,-1.11083984375,-0.0732421875,0.37841796875,-0.08544921875,0.244140625,0.0244140625,-0.09765625,-0.0732421875,-0.10986328125,-0.01220703125,0.0244140625,-0.06103515625,-0.0244140625,-0.06103515625,0.830078125,-0.03662109375,-0.48828125,-0.03662109375,-0.5126953125
0,-0.03662109375,-0.1953125,0.146484375,-0.25634765625,-0.30517578125,-0.390625,0.01220703125,0.048828125,0.25634765625,-0.09765625,-0.0732421875,-0.9765625,-0.09765625,0.9521484375,-0.146484375,-0.30517578125,-0.146484375,-0.9765625,0.1708984375,-0.5126953125,0.146484375,0.54931640625,0.0732421875,-1.06201171875,-0.23193359375,-0.15869140625,-0.20751953125,-0.830078125,-0.341796875,0.9033203125,0.3662109375,0.23193359375,-0.06103515625,-0.3173828125,-0.42724609375,-0.9521484375,-0.10986328125,-0.45166015625,-0.35400390625,-0.7568359375,0.2197265625,-0.20751953125,0.06103515625,-0.59814453125,-0.1708984375,-0.40283203125,0.09765625,0.64697265625,0,1.20849609375,-0.30517578125,0.47607421875,0.3662109375,-0.1708984375,-0.01220703125,0.68359375,-0.1708984375,0.59814453125,-0.1708984375,0.4150390625,0.48828125,0.5859375,-0.0732421875,0.048828125,-0.0732421875,0.2685546875,-0.37841796875,1.06201171875,-0.10986328125,0.23193359375,-0.03662109375,0.1953125,-0.146484375,0.3173828125,-0.1953125,0.9765625,0.0244140625,0.0244140625,0.13427734375,1.35498046875,0.03662109375,-0.96435546875,0.28076171875,-0.3662109375,-0.01220703125,-1.0009765625,0.01220703125,-0.79345703125,-0.01220703125,-1.513671875,-0.03662109375,-0.25634765625,-0.146484375,-0.341796875,0.32958984375,-1.25732421875,-0.01220703125,1.0498046875,-0.3173828125,1.0009765625,-0.048828125,1.86767578125,0.048828125,1.52587890625,0.25634765625,-0.7568359375,0.1708984375,-1.4404296875,-0.2197265625,-1.08642578125,-0.06103515625,0.37841796875,-0.0732421875,0.23193359375,0.0244140625,-0.0732421875,-0.06103515625,-0.1220703125,0.01220703125,0.0244140625,-0.0732421875,-0.0244140625,-0.06103515625,0.78125,-0.06103515625,-0.48828125,-0.0244140625,-0.5126953125
0,-0.01220703125,-0.28076171875,0.1708984375,-0.2685546875,-0.3173828125,-0.40283203125,-0.0244140625,0.0244140625,0.2197265625,-0.09765625,-0.06103515625,-0.98876953125,-0.10986328125,0.93994140625,-0.1708984375,-0.2685546875,-0.10986328125,-0.9765625,0.08544921875,-0.50048828125,0.15869140625,0.57373046875,-0.01220703125,-1.06201171875,-0.13427734375,-0.146484375,-0.1708984375,-0.81787109375,-0.146484375,0.9033203125,0.25634765625,0.244140625,-0.09765625,-0.32958984375,-0.42724609375,-0.9765625,-0.10986328125,-0.4638671875,-0.341796875,-0.7568359375,0.32958984375,-0.20751953125,0.0732421875,-0.62255859375,-0.10986328125,-0.390625,0.15869140625,0.6591796875,0,1.2451171875,-0.244140625,0.45166015625,0.29296875,-0.15869140625,-0.01220703125,0.67138671875,-0.18310546875,0.6591796875,-0.1220703125,0.45166015625,0.390625,0.52490234375,-0.06103515625,0.08544921875,-0.08544921875,0.28076171875,-0.341796875,1.07421875,-0.13427734375,0.2197265625,0,0.20751953125,-0.23193359375,0.30517578125,-0.1708984375,0.9521484375,0.03662109375,0.01220703125,0.1953125,1.37939453125,0.06103515625,-0.96435546875,0.25634765625,-0.35400390625,-0.15869140625,-1.0009765625,0.048828125,-0.8056640625,0.048828125,-1.513671875,-0.01220703125,-0.244140625,0.01220703125,-0.30517578125,0.32958984375,-1.26953125,-0.06103515625,1.69677734375,-0.29296875,1.59912109375,-0.06103515625,2.7099609375,0.1220703125,2.099609375,0.146484375,-0.74462890625,0.1220703125,-1.4404296875,-0.23193359375,-1.08642578125,0.03662109375,0.3662109375,-0.0732421875,0.25634765625,0.0244140625,-0.0732421875,-0.06103515625,-0.13427734375,0.0244140625,0.03662109375,-0.08544921875,-0.03662109375,-0.0732421875,0.76904296875,-0.0732421875,-0.5126953125,-0.0244140625,-0.52490234375
0,0,-0.37841796875,0.2197265625,-0.244140625,-0.3173828125,-0.390625,-0.048828125,0.06103515625,0.23193359375,-0.146484375,-0.08544921875,-0.98876953125,-0.0732421875,0.9521484375,-0.13427734375,-0.25634765625,-0.0732421875,-0.96435546875,0,-0.48828125,0.0732421875,0.5615234375,-0.0732421875,-1.0498046875,-0.0244140625,-0.146484375,-0.146484375,-0.81787109375,0.048828125,0.91552734375,0.13427734375,0.25634765625,-0.20751953125,-0.32958984375,-0.3662109375,-0.9521484375,-0.1220703125,-0.48828125,-0.2685546875,-0.7568359375,0.390625,-0.1953125,0.09765625,-0.62255859375,0,-0.3662109375,0.15869140625,0.64697265625,0,1.23291015625,-0.15869140625,0.45166015625,0.2197265625,-0.15869140625,0,0.69580078125,-0.146484375,0.74462890625,-0.01220703125,0.4638671875,0.28076171875,0.47607421875,-0.0732421875,0.09765625,-0.09765625,0.29296875,-0.32958984375,1.06201171875,-0.1708984375,0.23193359375,0.0244140625,0.20751953125,-0.244140625,0.30517578125,-0.1708984375,0.927734375,0.0244140625,0.0244140625,0.25634765625,1.3671875,0.0732421875,-0.96435546875,0.1953125,-0.3662109375,-0.32958984375,-1.01318359375,0.048828125,-0.78125,0.15869140625,-1.52587890625,-0.03662109375,-0.23193359375,0.1953125,-0.30517578125,0.244140625,-1.28173828125,-0.06103515625,2.33154296875,-0.2197265625,2.18505859375,0.03662109375,3.55224609375,0.20751953125,2.67333984375,0,-0.74462890625,0.08544921875,-1.45263671875,-0.18310546875,-1.06201171875,0.10986328125,0.37841796875,-0.09765625,0.2685546875,0,-0.03662109375,-0.0732421875,-0.146484375,0.03662109375,0.03662109375,-0.06103515625,-0.0732421875,-0.08544921875,0.78125,-0.06103515625,-0.50048828125,-0.048828125,-0.54931640625
0,0.0244140625,-0.45166015625,0.20751953125,-0.23193359375,-0.2685546875,-0.40283203125,-0.048828125,0.048828125,0.244140625,-0.146484375,-0.08544921875,-0.9765625,-0.0732421875,0.9765625,-0.10986328125,-0.244140625,-0.0732421875,-0.9521484375,-0.09765625,-0.48828125,-0.01220703125,0.5615234375,-0.146484375,-1.08642578125,0.048828125,-0.1708984375,-0.048828125,-0.79345703125,0.1708984375,0.91552734375,0.01220703125,0.2197265625,-0.35400390625,-0.341796875,-0.2197265625,-0.927734375,-0.13427734375,-0.50048828125,-0.18310546875,-0.732421875,0.390625,-0.1953125,0.13427734375,-0.62255859375,0.06103515625,-0.3662109375,0.1953125,0.64697265625,-0.048828125,1.1962890625,-0.0732421875,0.4638671875,0.146484375,-0.1708984375,-0.0244140625,0.7080078125,-0.146484375,0.830078125,0.06103515625,0.439453125,0.13427734375,0.439453125,-0.18310546875,0.13427734375,-0.09765625,0.3173828125,-0.32958984375,1.06201171875,-0.1708984375,0.20751953125,0.03662109375,0.20751953125,-0.29296875,0.30517578125,-0.146484375,0.9033203125,0.03662109375,0.0244140625,0.29296875,1.37939453125,0.08544921875,-0.9521484375,0.13427734375,-0.32958984375,-0.42724609375,-1.01318359375,0.048828125,-0.78125,0.20751953125,-1.50146484375,-0.08544921875,-0.20751953125,0.37841796875,-0.29296875,0.1220703125,-1.26953125,-0.09765625,2.9296875,-0.09765625,2.7587890625,0.10986328125,4.2724609375,0.2685546875,3.21044921875,-0.13427734375,-0.732421875,0.03662109375,-1.42822265625,-0.09765625,-1.07421875,0.13427734375,0.37841796875,-0.1220703125,0.28076171875,-0.0244140625,-0.03662109375,-0.0732421875,-0.13427734375,0.03662109375,0.03662109375,-0.06103515625,-0.10986328125,-0.10986328125,0.76904296875,-0.10986328125,-0.5126953125,-0.048828125,-0.5615234375
0,0,-0.50048828125,0.25634765625,-0.23193359375,-0.23193359375,-0.40283203125,-0.03662109375,0.03662109375,0.25634765625,-0.146484375,-0.08544921875,-0.96435546875,-0.0732421875,0.98876953125,-0.08544921875,-0.2685546875,-0.06103515625,-0.9521484375,-0.1708984375,-0.4638671875,-0.13427734375,0.57373046875,-0.15869140625,-1.11083984375,0.13427734375,-0.18310546875,0.03662109375,-0.8056640625,0.25634765625,0.9033203125,-0.0732421875,0.20751953125,-0.4150390625,-0.3173828125,-0.08544921875,-0.87890625,-0.146484375,-0.50048828125,-0.146484375,-0.74462890625,0.4150390625,-0.1953125,0.18310546875,-0.634765625,0.10986328125,-0.341796875,0.20751953125,0.64697265625,-0.1220703125,1.18408203125,-0.0244140625,0.48828125,0.09765625,-0.146484375,-0.0732421875,0.74462890625,-0.146484375,0.9033203125,0.1220703125,0.42724609375,0.08544921875,0.4150390625,-0.3173828125,0.1708984375,-0.13427734375,0.32958984375,-0.2685546875,1.06201171875,-0.1708984375,0.1953125,0.048828125,0.2197265625,-0.3173828125,0.29296875,-0.1220703125,0.9033203125,0.03662109375,0.03662109375,0.30517578125,1.37939453125,0.0732421875,-0.96435546875,0.048828125,-0.32958984375,-0.4638671875,-1.0009765625,-0.01220703125,-0.78125,0.25634765625,-1.4892578125,-0.1220703125,-0.20751953125,0.4638671875,-0.28076171875,-0.01220703125,-1.2451171875,-0.09765625,3.41796875,0.01220703125,3.2470703125,0.1220703125,4.91943359375,0.2685546875,3.6865234375,-0.25634765625,-0.732421875,-0.06103515625,-1.45263671875,0,-1.06201171875,0.1220703125,0.37841796875,-0.13427734375,0.28076171875,-0.01220703125,-0.03662109375,-0.0732421875,-0.146484375,0.048828125,0.03662109375,-0.06103515625,-0.09765625,-0.13427734375,0.76904296875,-0.09765625,-0.5126953125,-0.048828125,-0.5615234375
0,0.048828125,-0.52490234375,0.23193359375,-0.2685546875,-0.20751953125,-0.42724609375,-0.03662109375,0.01220703125,0.23193359375,-0.15869140625,-0.09765625,-0.96435546875,-0.06103515625,1.0009765625,-0.01220703125,-0.29296875,-0.048828125,-0.9521484375,-0.23193359375,-0.4638671875,-0.1953125,0.57373046875,-0.1708984375,-1.15966796875,0.1708984375,-0.1953125,0.09765625,-0.79345703125,0.23193359375,0.91552734375,-0.06103515625,0.1953125,-0.390625,-0.3173828125,0.03662109375,-0.830078125,-0.1708984375,-0.5126953125,-0.13427734375,-0.732421875,0.341796875,-0.1953125,0.25634765625,-0.64697265625,0.15869140625,-0.35400390625,0.20751953125,0.6591796875,-0.18310546875,1.171875,-0.01220703125,0.5126953125,0.06103515625,-0.15869140625,-0.146484375,0.7568359375,-0.08544921875,0.96435546875,0.1220703125,0.42724609375,0.03662109375,0.45166015625,-0.341796875,0.1708984375,-0.1953125,0.32958984375,-0.23193359375,1.06201171875,-0.18310546875,0.20751953125,0.03662109375,0.23193359375,-0.3173828125,0.2685546875,-0.0732421875,0.87890625,0,0.0244140625,0.29296875,1.35498046875,0.03662109375,-0.9765625,-0.0244140625,-0.3173828125,-0.439453125,-1.01318359375,-0.09765625,-0.74462890625,0.30517578125,-1.4892578125,-0.10986328125,-0.1708984375,0.48828125,-0.28076171875,-0.03662109375,-1.220703125,-0.048828125,3.77197265625,0.0244140625,3.62548828125,0.146484375,5.43212890625,0.18310546875,4.06494140625,-0.28076171875,-0.7080078125,-0.1220703125,-1.46484375,0.01220703125,-1.06201171875,0.09765625,0.37841796875,-0.13427734375,0.28076171875,-0.01220703125,-0.048828125,-0.0732421875,-0.15869140625,0.06103515625,0.0244140625,-0.06103515625,-0.1220703125,-0.1220703125,0.78125,-0.10986328125,-0.5126953125,-0.048828125,-0.54931640625
0,0.06103515625,-0.50048828125,0.2685546875,-0.28076171875,-0.1708984375,-0.439453125,-0.0244140625,0.01220703125,0.2197265625,-0.1220703125,-0.08544921875,-0.96435546875,-0.08544921875,1.0009765625,-0.048828125,-0.32958984375,-0.06103515625,-0.9521484375,-0.2197265625,-0.47607421875,-0.244140625,0.5615234375,-0.13427734375,-1.18408203125,0.15869140625,-0.20751953125,0.146484375,-0.8056640625,0.15869140625,0.87890625,-0.048828125,0.20751953125,-0.32958984375,-0.32958984375,0.08544921875,-0.79345703125,-0.15869140625,-0.47607421875,-0.13427734375,-0.74462890625,0.20751953125,-0.15869140625,0.2685546875,-0.6591796875,0.1708984375,-0.37841796875,0.2197265625,0.6591796875,-0.20751953125,1.13525390625,0,0.52490234375,0.01220703125,-0.15869140625,-0.2197265625,0.74462890625,-0.09765625,1.03759765625,0.09765625,0.439453125,0,0.52490234375,-0.390625,0.1708984375,-0.2197265625,0.30517578125,-0.1953125,1.06201171875,-0.15869140625,0.2197265625,-0.03662109375,0.244140625,-0.29296875,0.244140625,-0.01220703125,0.89111328125,0,0.01220703125,0.3173828125,1.35498046875,0,-0.9765625,-0.06103515625,-0.3173828125,-0.341796875,-1.025390625,-0.20751953125,-0.732421875,0.341796875,-1.4892578125,-0.10986328125,-0.15869140625,0.4150390625,-0.2685546875,-0.048828125,-1.18408203125,-0.0244140625,4.01611328125,0,3.90625,0.03662109375,5.77392578125,0.08544921875,4.30908203125,-0.28076171875,-0.69580078125,-0.20751953125,-1.45263671875,0.03662109375,-1.0498046875,0.048828125,0.390625,-0.146484375,0.28076171875,0.01220703125,-0.06103515625,-0.0732421875,-0.1708984375,0.048828125,0.03662109375,-0.0732421875,-0.09765625,-0.146484375,0.79345703125,-0.0732421875,-0.50048828125,-0.0244140625,-0.54931640625
0,0.1220703125,-0.4638671875,0.25634765625,-0.29296875,-0.15869140625,-0.439453125,-0.01220703125,0,0.2197265625,-0.09765625,-0.0732421875,-0.9765625,-0.06103515625,1.0009765625,-0.048828125,-0.341796875,-0.048828125,-0.9521484375,-0.2197265625,-0.50048828125,-0.23193359375,0.57373046875,-0.0732421875,-1.1962890625,0.146484375,-0.20751953125,0.1708984375,-0.8056640625,0.03662109375,0.9033203125,0,0.1953125,-0.15869140625,-0.28076171875,0.08544921875,-0.76904296875,-0.146484375,-0.42724609375,-0.1953125,-0.74462890625,0.03662109375,-0.13427734375,0.28076171875,-0.67138671875,0.1220703125,-0.3662109375,0.1953125,0.67138671875,-0.2197265625,1.123046875,-0.0244140625,0.537109375,0,-0.15869140625,-0.244140625,0.7568359375,-0.06103515625,1.08642578125,0.15869140625,0.439453125,0.09765625,0.5859375,-0.3173828125,0.15869140625,-0.23193359375,0.3173828125,-0.146484375,1.06201171875,-0.10986328125,0.244140625,-0.08544921875,0.244140625,-0.25634765625,0.2685546875,0.03662109375,0.8544921875,-0.0244140625,0.01220703125,0.3173828125,1.35498046875,-0.03662109375,-0.96435546875,-0.10986328125,-0.3173828125,-0.23193359375,-1.01318359375,-0.2685546875,-0.72021484375,0.341796875,-1.47705078125,-0.08544921875,-0.18310546875,0.244140625,-0.2685546875,0.01220703125,-1.15966796875,0.03662109375,4.08935546875,-0.10986328125,4.06494140625,-0.01220703125,6.005859375,0,4.4677734375,-0.20751953125,-0.69580078125,-0.244140625,-1.45263671875,0.03662109375,-1.06201171875,0,0.390625,-0.10986328125,0.25634765625,-0.01220703125,-0.0732421875,-0.08544921875,-0.1708984375,0.06103515625,0.03662109375,-0.0732421875,-0.09765625,-0.13427734375,0.8056640625,-0.06103515625,-0.47607421875,-0.03662109375,-0.54931640625
1,0.13427734375,-0.42724609375,0.28076171875,-0.29296875,-0.146484375,-0.439453125,0,0,0.1953125,-0.0732421875,-0.06103515625,-0.9521484375,-0.08544921875,0.96435546875,-0.06103515625,-0.341796875,-0.09765625,-0.96435546875,-0.20751953125,-0.50048828125,-0.18310546875,0.54931640625,0,-1.18408203125,0.1220703125,-0.1953125,0.13427734375,-0.79345703125,-0.1220703125,0.9033203125,0.048828125,0.1953125,-0.03662109375,-0.28076171875,0.08544921875,-0.76904296875,-0.18310546875,-0.40283203125,-0.25634765625,-0.72021484375,-0.1220703125,-0.1220703125,0.1953125,-0.6591796875,0.08544921875,-0.3662109375,0.20751953125,0.68359375,-0.1953125,1.1474609375,-0.048828125,0.5126953125,-0.048828125,-0.1708984375,-0.244140625,0.732421875,-0.10986328125,1.15966796875,0.18310546875,0.42724609375,0.0732421875,0.68359375,-0.341796875,0.13427734375,-0.20751953125,0.29296875,-0.048828125,1.07421875,-0.09765625,0.244140625,-0.1220703125,0.20751953125,-0.1708984375,0.25634765625,0.06103515625,0.87890625,-0.03662109375,0.01220703125,0.29296875,1.33056640625,-0.048828125,-0.9765625,-0.1220703125,-0.341796875,-0.146484375,-1.025390625,-0.30517578125,-0.74462890625,0.25634765625,-1.50146484375,-0.06103515625,-0.1953125,0.08544921875,-0.29296875,0.09765625,-1.1474609375,0.1708984375,4.08935546875,-0.15869140625,4.13818359375,-0.048828125,6.1279296875,0.01220703125,4.52880859375,-0.13427734375,-0.7080078125,-0.2685546875,-1.45263671875,0.01220703125,-1.06201171875,0.01220703125,0.40283203125,-0.08544921875,0.2685546875,0,-0.10986328125,-0.0732421875,-0.1708984375,0.06103515625,0.01220703125,-0.0732421875,-0.0732421875,-0.146484375,0.76904296875,-0.048828125,-0.47607421875,-0.048828125,-0.537109375
1,0.13427734375,-0.3662109375,0.23193359375,-0.28076171875,-0.146484375,-0.439453125,0.0244140625,0.0244140625,0.18310546875,-0.0732421875,-0.03662109375,-0.96435546875,-0.0732421875,0.96435546875,-0.0732421875,-0.341796875,-0.13427734375,-0.98876953125,-0.1220703125,-0.5126953125,-0.10986328125,0.537109375,0.0244140625,-1.18408203125,0.10986328125,-0.20751953125,0.06103515625,-0.79345703125,-0.2197265625,0.87890625,0.06103515625,0.1953125,0.0732421875,-0.29296875,0.03662109375,-0.79345703125,-0.20751953125,-0.390625,-0.30517578125,-0.7080078125,-0.2197265625,-0.1220703125,0.15869140625,-0.6591796875,0,-0.37841796875,0.146484375,0.68359375,-0.146484375,1.15966796875,-0.09765625,0.47607421875,-0.10986328125,-0.18310546875,-0.20751953125,0.74462890625,-0.10986328125,1.220703125,0.2197265625,0.439453125,0.20751953125,0.69580078125,-0.32958984375,0.10986328125,-0.18310546875,0.2685546875,0.03662109375,1.06201171875,-0.06103515625,0.25634765625,-0.13427734375,0.20751953125,-0.09765625,0.25634765625,0.09765625,0.87890625,-0.06103515625,0.0244140625,0.2685546875,1.35498046875,-0.06103515625,-0.9521484375,-0.09765625,-0.32958984375,-0.0732421875,-1.025390625,-0.2685546875,-0.74462890625,0.1708984375,-1.513671875,-0.0732421875,-0.1953125,-0.08544921875,-0.29296875,0.13427734375,-1.123046875,0.23193359375,3.99169921875,-0.20751953125,4.08935546875,-0.20751953125,6.11572265625,-0.048828125,4.4921875,-0.0732421875,-0.69580078125,-0.2197265625,-1.45263671875,0.0244140625,-1.07421875,0.03662109375,0.40283203125,-0.0732421875,0.25634765625,0.01220703125,-0.09765625,-0.08544921875,-0.1708984375,0.048828125,0.01220703125,-0.06103515625,-0.06103515625,-0.13427734375,0.78125,-0.048828125,-0.4638671875,-0.06103515625,-0.52490234375
1,0.20751953125,-0.32958984375,0.25634765625,-0.28076171875,-0.1220703125,-0.439453125,0.0244140625,0.03662109375,0.20751953125,-0.08544921875,-0.048828125,-0.96435546875,-0.06103515625,0.93994140625,-0.08544921875,-0.32958984375,-0.13427734375,-1.0009765625,-0.0732421875,-0.52490234375,0.01220703125,0.537109375,0,-1.13525390625,0.08544921875,-0.18310546875,-0.01220703125,-0.81787109375,-0.30517578125,0.87890625,0.03662109375,0.1953125,0.1708984375,-0.32958984375,-0.03662109375,-0.81787109375,-0.244140625,-0.37841796875,-0.3173828125,-0.72021484375,-0.28076171875,-0.146484375,0.09765625,-0.64697265625,-0.06103515625,-0.4150390625,0.0732421875,0.67138671875,-0.06103515625,1.1962890625,-0.13427734375,0.45166015625,-0.146484375,-0.1708984375,-0.1953125,0.74462890625,-0.18310546875,1.2939453125,0.23193359375,0.439453125,0.20751953125,0.72021484375,-0.30517578125,0.08544921875,-0.13427734375,0.23193359375,0.09765625,1.03759765625,-0.0732421875,0.244140625,-0.10986328125,0.20751953125,-0.06103515625,0.29296875,0.1220703125,0.86669921875,-0.09765625,0.01220703125,0.20751953125,1.33056640625,-0.08544921875,-0.93994140625,-0.048828125,-0.35400390625,-0.0244140625,-1.01318359375,-0.15869140625,-0.7568359375,0.0732421875,-1.52587890625,-0.13427734375,-0.2197265625,-0.2197265625,-0.32958984375,0.1220703125,-1.13525390625,0.23193359375,3.857421875,-0.20751953125,3.99169921875,-0.244140625,6.01806640625,-0.1220703125,4.35791015625,0,-0.7080078125,-0.146484375,-1.42822265625,0.03662109375,-1.08642578125,0.03662109375,0.40283203125,-0.06103515625,0.244140625,-0.01220703125,-0.08544921875,-0.0732421875,-0.146484375,0.03662109375,0,-0.06103515625,-0.01220703125,-0.1220703125,0.7568359375,-0.08544921875,-0.4638671875,-0.048828125,-0.52490234375
1,0.2197265625,-0.29296875,0.23193359375,-0.2685546875,-0.08544921875,-0.42724609375,0,0.03662109375,0.2197265625,-0.09765625,-0.048828125,-0.9521484375,-0.08544921875,0.93994140625,-0.08544921875,-0.29296875,-0.1220703125,-1.025390625,0.01220703125,-0.5126953125,0.1708984375,0.54931640625,-0.048828125,-1.08642578125,0.09765625,-0.1708984375,-0.08544921875,-0.81787109375,-0.3173828125,0.9033203125,0,0.20751953125,0.1708984375,-0.3662109375,-0.10986328125,-0.8544921875,-0.28076171875,-0.390625,-0.30517578125,-0.72021484375,-0.25634765625,-0.15869140625,0.048828125,-0.634765625,-0.10986328125,-0.40283203125,0.09765625,0.68359375,0.01220703125,1.20849609375,-0.1708984375,0.45166015625,-0.1953125,-0.18310546875,-0.1220703125,0.72021484375,-0.23193359375,1.3427734375,0.23193359375,0.4638671875,0.1953125,0.72021484375,-0.30517578125,0.06103515625,-0.03662109375,0.2197265625,0.146484375,1.03759765625,-0.09765625,0.244140625,-0.09765625,0.20751953125,0,0.28076171875,0.1708984375,0.86669921875,-0.09765625,0.03662109375,0.13427734375,1.3427734375,-0.0732421875,-0.96435546875,0.01220703125,-0.35400390625,-0.03662109375,-1.0009765625,-0.0244140625,-0.74462890625,0,-1.5380859375,-0.18310546875,-0.23193359375,-0.1953125,-0.341796875,0.08544921875,-1.123046875,0.20751953125,3.67431640625,-0.1708984375,3.8330078125,-0.23193359375,5.82275390625,-0.20751953125,4.23583984375,0,-0.72021484375,-0.03662109375,-1.4404296875,-0.0244140625,-1.0986328125,-0.01220703125,0.42724609375,-0.03662109375,0.25634765625,0.0244140625,-0.08544921875,-0.08544921875,-0.15869140625,0.03662109375,-0.01220703125,-0.06103515625,-0.03662109375,-0.10986328125,0.76904296875,-0.09765625,-0.4638671875,-0.048828125,-0.537109375
1,0.20751953125,-0.29296875,0.23193359375,-0.244140625,-0.09765625,-0.439453125,-0.01220703125,0.03662109375,0.244140625,-0.10986328125,-0.0732421875,-0.9521484375,-0.08544921875,0.93994140625,-0.08544921875,-0.28076171875,-0.10986328125,-1.01318359375,0.06103515625,-0.52490234375,0.25634765625,0.5615234375,-0.06103515625,-1.0498046875,0.09765625,-0.1708984375,-0.15869140625,-0.81787109375,-0.25634765625,0.9033203125,-0.06103515625,0.23193359375,0.15869140625,-0.3662109375,-0.1708984375,-0.89111328125,-0.30517578125,-0.40283203125,-0.28076171875,-0.732421875,-0.1708984375,-0.1708984375,0.0244140625,-0.62255859375,-0.1708984375,-0.390625,0.08544921875,0.64697265625,0.08544921875,1.2451171875,-0.20751953125,0.439453125,-0.20751953125,-0.1708984375,-0.08544921875,0.732421875,-0.32958984375,1.416015625,0.244140625,0.48828125,0.2685546875,0.69580078125,-0.2197265625,0.06103515625,0.048828125,0.18310546875,0.18310546875,1.03759765625,-0.0732421875,0.23193359375,-0.048828125,0.1953125,0.048828125,0.30517578125,0.1953125,0.8544921875,-0.1220703125,0.03662109375,0.0732421875,1.3671875,-0.048828125,-0.9521484375,0.08544921875,-0.3662109375,-0.03662109375,-1.0009765625,0.10986328125,-0.74462890625,0.0244140625,-1.5625,-0.25634765625,-0.25634765625,-0.09765625,-0.3173828125,-0.01220703125,-1.11083984375,0.1220703125,3.466796875,-0.09765625,3.64990234375,-0.25634765625,5.56640625,-0.29296875,4.0283203125,-0.03662109375,-0.72021484375,0.09765625,-1.416015625,-0.0732421875,-1.0986328125,-0.09765625,0.4150390625,-0.01220703125,0.28076171875,0.0244140625,-0.0732421875,-0.06103515625,-0.146484375,0.01220703125,0.01220703125,-0.06103515625,-0.0244140625,-0.09765625,0.7568359375,-0.08544921875,-0.50048828125,-0.0244140625,-0.537109375
1,0.1953125,-0.28076171875,0.28076171875,-0.244140625,-0.09765625,-0.42724609375,-0.0244140625,0.06103515625,0.25634765625,-0.1220703125,-0.048828125,-0.93994140625,-0.09765625,0.9521484375,-0.0732421875,-0.2685546875,-0.048828125,-1.0009765625,0.10986328125,-0.5126953125,0.25634765625,0.54931640625,-0.03662109375,-1.06201171875,0.09765625,-0.1708984375,-0.1953125,-0.8056640625,-0.13427734375,0.91552734375,-0.13427734375,0.2197265625,0.03662109375,-0.390625,-0.20751953125,-0.91552734375,-0.32958984375,-0.4150390625,-0.25634765625,-0.7080078125,-0.0732421875,-0.1953125,-0.03662109375,-0.6103515625,-0.18310546875,-0.3662109375,0.10986328125,0.64697265625,0.1220703125,1.2451171875,-0.23193359375,0.45166015625,-0.1953125,-0.15869140625,-0.10986328125,0.72021484375,-0.390625,1.4404296875,0.23193359375,0.47607421875,0.37841796875,0.6591796875,-0.15869140625,0.06103515625,0.03662109375,0.18310546875,0.25634765625,1.0498046875,-0.06103515625,0.2197265625,-0.01220703125,0.18310546875,0.06103515625,0.30517578125,0.18310546875,0.86669921875,-0.13427734375,0.048828125,0.09765625,1.35498046875,-0.01220703125,-0.927734375,0.13427734375,-0.3662109375,-0.048828125,-0.98876953125,0.2197265625,-0.7568359375,0.06103515625,-1.57470703125,-0.2685546875,-0.25634765625,0.0732421875,-0.30517578125,-0.08544921875,-1.11083984375,0,3.25927734375,-0.08544921875,3.466796875,-0.1708984375,5.2734375,-0.341796875,3.8330078125,-0.06103515625,-0.72021484375,0.2197265625,-1.42822265625,-0.13427734375,-1.07421875,-0.13427734375,0.42724609375,0,0.2685546875,0.0244140625,-0.048828125,-0.06103515625,-0.15869140625,-0.01220703125,0.01220703125,-0.03662109375,-0.0244140625,-0.06103515625,0.76904296875,-0.08544921875,-0.5126953125,-0.0244140625,-0.52490234375
1,0.18310546875,-0.30517578125,0.244140625,-0.244140625,-0.0732421875,-0.45166015625,-0.03662109375,0.048828125,0.244140625,-0.15869140625,-0.048828125,-0.927734375,-0.09765625,0.9521484375,-0.10986328125,-0.28076171875,-0.01220703125,-0.98876953125,0.10986328125,-0.50048828125,0.1708984375,0.537109375,0,-1.07421875,0.06103515625,-0.18310546875,-0.18310546875,-0.8056640625,-0.0244140625,0.9033203125,-0.1708984375,0.2197265625,-0.18310546875,-0.40283203125,-0.1953125,-0.9033203125,-0.35400390625,-0.4638671875,-0.1953125,-0.68359375,0.01220703125,-0.20751953125,0,-0.6103515625,-0.1953125,-0.390625,0.1708984375,0.64697265625,0.09765625,1.23291015625,-0.2685546875,0.4638671875,-0.2197265625,-0.13427734375,-0.1220703125,0.74462890625,-0.42724609375,1.4404296875,0.2197265625,0.48828125,0.439453125,0.62255859375,-0.25634765625,0.09765625,0.06103515625,0.18310546875,0.30517578125,1.0498046875,-0.048828125,0.2197265625,0.03662109375,0.1953125,0.1220703125,0.30517578125,0.1953125,0.84228515625,-0.18310546875,0.048828125,0.08544921875,1.35498046875,0.08544921875,-0.9521484375,0.18310546875,-0.3662109375,-0.06103515625,-0.98876953125,0.244140625,-0.76904296875,0.09765625,-1.5625,-0.23193359375,-0.2685546875,0.28076171875,-0.30517578125,-0.15869140625,-1.13525390625,-0.08544921875,3.03955078125,-0.10986328125,3.23486328125,-0.146484375,4.931640625,-0.3173828125,3.61328125,-0.0732421875,-0.732421875,0.28076171875,-1.416015625,-0.1708984375,-1.06201171875,-0.13427734375,0.40283203125,0.0244140625,0.28076171875,0.03662109375,-0.03662109375,-0.06103515625,-0.146484375,-0.01220703125,0.03662109375,-0.0244140625,-0.0244140625,-0.0732421875,0.76904296875,-0.08544921875,-0.537109375,-0.0244140625,-0.52490234375
1,0.20751953125,-0.32958984375,0.25634765625,-0.244140625,-0.048828125,-0.439453125,-0.08544921875,0.0244140625,0.244140625,-0.146484375,-0.03662109375,-0.9521484375,-0.10986328125,0.9765625,-0.10986328125,-0.28076171875,0.03662109375,-0.96435546875,0.09765625,-0.50048828125,0.06103515625,0.5615234375,0.1220703125,-1.08642578125,0.03662109375,-0.1953125,-0.13427734375,-0.8056640625,0.06103515625,0.9033203125,-0.08544921875,0.2197265625,-0.40283203125,-0.390625,-0.1708984375,-0.89111328125,-0.3662109375,-0.48828125,-0.13427734375,-0.68359375,0.048828125,-0.2197265625,0.10986328125,-0.62255859375,-0.23193359375,-0.40283203125,0.18310546875,0.634765625,0.09765625,1.20849609375,-0.2685546875,0.48828125,-0.146484375,-0.1220703125,-0.15869140625,0.7568359375,-0.40283203125,1.40380859375,0.1953125,0.48828125,0.537109375,0.59814453125,-0.2197265625,0.1220703125,0.10986328125,0.23193359375,0.30517578125,1.06201171875,-0.03662109375,0.20751953125,0.06103515625,0.20751953125,0.15869140625,0.32958984375,0.13427734375,0.84228515625,-0.2197265625,0.06103515625,0.03662109375,1.35498046875,0.15869140625,-0.96435546875,0.18310546875,-0.32958984375,-0.03662109375,-0.9765625,0.23193359375,-0.78125,0.13427734375,-1.52587890625,-0.18310546875,-0.25634765625,0.45166015625,-0.28076171875,-0.1953125,-1.13525390625,-0.13427734375,2.83203125,-0.10986328125,3.01513671875,-0.1708984375,4.5654296875,-0.244140625,3.40576171875,-0.01220703125,-0.732421875,0.25634765625,-1.416015625,-0.13427734375,-1.03759765625,-0.09765625,0.4150390625,0.048828125,0.28076171875,0.03662109375,-0.0244140625,-0.08544921875,-0.146484375,-0.0732421875,0.048828125,-0.0244140625,-0.0244140625,-0.0732421875,0.78125,-0.10986328125,-0.54931640625,-0.048828125,-0.54931640625
1,0.244140625,-0.40283203125,0.25634765625,-0.244140625,0,-0.439453125,-0.08544921875,0.0244140625,0.23193359375,-0.1220703125,-0.01220703125,-0.96435546875,-0.1220703125,0.9765625,-0.09765625,-0.30517578125,0.06103515625,-0.93994140625,0.0732421875,-0.48828125,-0.06103515625,0.54931640625,0.25634765625,-1.0986328125,0.01220703125,-0.2197265625,-0.048828125,-0.79345703125,0.09765625,0.89111328125,0.0244140625,0.23193359375,-0.5859375,-0.40283203125,-0.146484375,-0.87890625,-0.32958984375,-0.52490234375,-0.08544921875,-0.6591796875,0.09765625,-0.2197265625,0.1953125,-0.6103515625,-0.2197265625,-0.390625,0.23193359375,0.62255859375,0.09765625,1.18408203125,-0.29296875,0.48828125,-0.13427734375,-0.09765625,-0.146484375,0.7568359375,-0.341796875,1.30615234375,0.13427734375,0.48828125,0.5859375,0.59814453125,-0.28076171875,0.13427734375,0.15869140625,0.28076171875,0.30517578125,1.06201171875,0,0.244140625,0.08544921875,0.2197265625,0.18310546875,0.3173828125,0.06103515625,0.81787109375,-0.23193359375,0.048828125,0.048828125,1.3427734375,0.2197265625,-0.9765625,0.18310546875,-0.32958984375,-0.08544921875,-0.98876953125,0.1708984375,-0.78125,0.13427734375,-1.55029296875,-0.13427734375,-0.2685546875,0.537109375,-0.2685546875,-0.15869140625,-1.171875,-0.15869140625,2.6123046875,-0.146484375,2.83203125,-0.18310546875,4.19921875,-0.1708984375,3.18603515625,0.03662109375,-0.7080078125,0.20751953125,-1.42822265625,-0.10986328125,-1.0498046875,-0.0732421875,0.4150390625,0.06103515625,0.2685546875,0.01220703125,-0.03662109375,-0.0732421875,-0.15869140625,-0.08544921875,0.048828125,-0.01220703125,-0.03662109375,-0.06103515625,0.79345703125,-0.1220703125,-0.537109375,-0.06103515625,-0.54931640625
1,0.23193359375,-0.45166015625,0.28076171875,-0.244140625,0.01220703125,-0.42724609375,-0.09765625,0.0244140625,0.1953125,-0.1220703125,0,-0.96435546875,-0.1220703125,0.98876953125,-0.0732421875,-0.30517578125,0.09765625,-0.93994140625,0.01220703125,-0.47607421875,-0.146484375,0.537109375,0.341796875,-1.1474609375,-0.0244140625,-0.20751953125,0.03662109375,-0.79345703125,0.09765625,0.87890625,0.1708984375,0.2197265625,-0.64697265625,-0.35400390625,-0.15869140625,-0.84228515625,-0.29296875,-0.52490234375,-0.0732421875,-0.634765625,0.10986328125,-0.1953125,0.3173828125,-0.62255859375,-0.23193359375,-0.390625,0.25634765625,0.64697265625,0.08544921875,1.15966796875,-0.29296875,0.5126953125,-0.18310546875,-0.1220703125,-0.13427734375,0.7568359375,-0.244140625,1.20849609375,0.0732421875,0.50048828125,0.62255859375,0.64697265625,-0.3173828125,0.146484375,0.2197265625,0.30517578125,0.28076171875,1.07421875,0.01220703125,0.23193359375,0.1220703125,0.2197265625,0.23193359375,0.3173828125,0,0.8544921875,-0.2685546875,0.03662109375,0.03662109375,1.35498046875,0.244140625,-0.98876953125,0.1953125,-0.30517578125,-0.09765625,-0.96435546875,0.03662109375,-0.78125,0.1220703125,-1.50146484375,-0.048828125,-0.25634765625,0.50048828125,-0.25634765625,-0.048828125,-1.1962890625,-0.0732421875,2.40478515625,-0.23193359375,2.60009765625,-0.18310546875,3.86962890625,-0.09765625,2.978515625,0.09765625,-0.72021484375,0.08544921875,-1.416015625,-0.10986328125,-1.0498046875,-0.0732421875,0.40283203125,0.06103515625,0.2685546875,0.01220703125,-0.048828125,-0.0732421875,-0.15869140625,-0.13427734375,0.03662109375,-0.01220703125,-0.01220703125,-0.03662109375,0.79345703125,-0.09765625,-0.52490234375,-0.08544921875,-0.537109375
1,0.30517578125,-0.45166015625,0.25634765625,-0.25634765625,0.03662109375,-0.42724609375,-0.10986328125,0.03662109375,0.1708984375,-0.1220703125,0.0244140625,-0.9765625,-0.09765625,0.98876953125,-0.03662109375,-0.30517578125,0.06103515625,-0.93994140625,-0.0244140625,-0.47607421875,-0.20751953125,0.537109375,0.35400390625,-1.171875,-0.0244140625,-0.23193359375,0.09765625,-0.78125,0.0732421875,0.8544921875,0.341796875,0.20751953125,-0.537109375,-0.3173828125,-0.15869140625,-0.79345703125,-0.244140625,-0.48828125,-0.03662109375,-0.6103515625,0.1220703125,-0.1708984375,0.3662109375,-0.634765625,-0.1708984375,-0.390625,0.3173828125,0.62255859375,0.10986328125,1.15966796875,-0.28076171875,0.52490234375,-0.18310546875,-0.15869140625,-0.10986328125,0.732421875,-0.18310546875,1.0986328125,0.01220703125,0.48828125,0.62255859375,0.68359375,-0.244140625,0.146484375,0.2197265625,0.35400390625,0.25634765625,1.07421875,0,0.25634765625,0.1220703125,0.23193359375,0.2197265625,0.3173828125,-0.06103515625,0.81787109375,-0.28076171875,0.048828125,0.03662109375,1.35498046875,0.18310546875,-1.0009765625,0.146484375,-0.29296875,-0.08544921875,-0.9765625,-0.146484375,-0.79345703125,0.09765625,-1.47705078125,0.03662109375,-0.28076171875,0.4150390625,-0.2685546875,0.08544921875,-1.23291015625,-0.03662109375,2.2216796875,-0.3173828125,2.392578125,-0.20751953125,3.5400390625,-0.09765625,2.7587890625,0.15869140625,-0.69580078125,-0.06103515625,-1.45263671875,-0.13427734375,-1.06201171875,-0.048828125,0.390625,0.0732421875,0.28076171875,0.0244140625,-0.0732421875,-0.08544921875,-0.15869140625,-0.15869140625,0.03662109375,0,-0.0244140625,-0.0244140625,0.81787109375,-0.08544921875,-0.52490234375,-0.09765625,-0.5615234375
1,0.3173828125,-0.47607421875,0.25634765625,-0.2685546875,0.03662109375,-0.42724609375,-0.13427734375,0.0244140625,0.15869140625,-0.1220703125,0.048828125,-0.9765625,-0.10986328125,0.98876953125,-0.03662109375,-0.32958984375,0.0244140625,-0.9521484375,-0.0732421875,-0.50048828125,-0.15869140625,0.5615234375,0.20751953125,-1.15966796875,0,-0.23193359375,0.146484375,-0.78125,0.0244140625,0.86669921875,0.439453125,0.2197265625,-0.3662109375,-0.32958984375,-0.20751953125,-0.78125,-0.15869140625,-0.47607421875,-0.048828125,-0.5859375,0.146484375,-0.15869140625,0.37841796875,-0.64697265625,-0.13427734375,-0.4150390625,0.37841796875,0.64697265625,0.146484375,1.15966796875,-0.244140625,0.5126953125,-0.2197265625,-0.1953125,-0.048828125,0.732421875,-0.08544921875,0.93994140625,-0.03662109375,0.4638671875,0.5859375,0.72021484375,-0.29296875,0.13427734375,0.25634765625,0.3662109375,0.1708984375,1.07421875,0.0244140625,0.28076171875,0.10986328125,0.2197265625,0.20751953125,0.30517578125,-0.10986328125,0.8544921875,-0.30517578125,0.03662109375,0.0732421875,1.35498046875,0.146484375,-1.0009765625,0.09765625,-0.30517578125,-0.1220703125,-0.98876953125,-0.2685546875,-0.78125,0.1220703125,-1.47705078125,0.10986328125,-0.2685546875,0.25634765625,-0.28076171875,0.28076171875,-1.28173828125,-0.01220703125,2.0263671875,-0.40283203125,2.16064453125,-0.25634765625,3.21044921875,-0.0732421875,2.55126953125,0.15869140625,-0.69580078125,-0.20751953125,-1.4404296875,-0.18310546875,-1.08642578125,0,0.4150390625,0.10986328125,0.28076171875,-0.01220703125,-0.0732421875,-0.0732421875,-0.1708984375,-0.1708984375,0.0244140625,-0.0244140625,0,-0.01220703125,0.8056640625,-0.09765625,-0.52490234375,-0.09765625,-0.54931640625
1,0.37841796875,-0.45166015625,0.2685546875,-0.2685546875,0.0732421875,-0.4150390625,-0.1220703125,0,0.146484375,-0.1220703125,0.06103515625,-0.98876953125,-0.10986328125,1.0009765625,-0.06103515625,-0.30517578125,0.01220703125,-0.927734375,-0.13427734375,-0.5126953125,-0.146484375,0.5615234375,0,-1.171875,-0.01220703125,-0.2197265625,0.15869140625,-0.76904296875,0.048828125,0.87890625,0.48828125,0.1953125,-0.1220703125,-0.3173828125,-0.18310546875,-0.78125,-0.13427734375,-0.40283203125,-0.048828125,-0.5859375,0.15869140625,-0.1708984375,0.32958984375,-0.64697265625,-0.06103515625,-0.40283203125,0.390625,0.67138671875,0.18310546875,1.18408203125,-0.2197265625,0.4638671875,-0.1953125,-0.2197265625,0.048828125,0.74462890625,-0.0732421875,0.830078125,-0.048828125,0.47607421875,0.6103515625,0.74462890625,-0.23193359375,0.10986328125,0.28076171875,0.35400390625,0.0732421875,1.07421875,0.0244140625,0.28076171875,0.0732421875,0.25634765625,0.15869140625,0.28076171875,-0.13427734375,0.8544921875,-0.25634765625,0.0244140625,0.08544921875,1.37939453125,0.048828125,-0.98876953125,0.03662109375,-0.30517578125,-0.20751953125,-1.0009765625,-0.37841796875,-0.78125,0.13427734375,-1.4892578125,0.15869140625,-0.28076171875,0.1708984375,-0.30517578125,0.4150390625,-1.2939453125,0.03662109375,1.806640625,-0.40283203125,1.91650390625,-0.18310546875,2.880859375,-0.01220703125,2.30712890625,0.13427734375,-0.72021484375,-0.30517578125,-1.46484375,-0.1953125,-1.07421875,0.06103515625,0.4150390625,0.09765625,0.2685546875,-0.03662109375,-0.09765625,-0.08544921875,-0.1708984375,-0.1708984375,0.01220703125,-0.0244140625,-0.03662109375,0.01220703125,0.79345703125,-0.08544921875,-0.50048828125,-0.10986328125,-0.5859375
1,0.35400390625,-0.42724609375,0.25634765625,-0.2685546875,0.09765625,-0.4150390625,-0.10986328125,0.01220703125,0.13427734375,-0.09765625,0.0732421875,-0.98876953125,-0.10986328125,1.0009765625,-0.06103515625,-0.30517578125,0,-0.9521484375,-0.15869140625,-0.52490234375,-0.15869140625,0.54931640625,-0.25634765625,-1.15966796875,0.0244140625,-0.20751953125,0.13427734375,-0.79345703125,0.048828125,0.86669921875,0.47607421875,0.1953125,0.08544921875,-0.30517578125,-0.13427734375,-0.79345703125,-0.146484375,-0.35400390625,-0.06103515625,-0.5859375,0.1953125,-0.146484375,0.2685546875,-0.64697265625,-0.01220703125,-0.37841796875,0.35400390625,0.6591796875,0.20751953125,1.1962890625,-0.1708984375,0.439453125,-0.20751953125,-0.244140625,0.09765625,0.732421875,-0.09765625,0.7568359375,-0.0732421875,0.47607421875,0.62255859375,0.7568359375,-0.15869140625,0.09765625,0.25634765625,0.341796875,-0.048828125,1.08642578125,0.03662109375,0.2685546875,0.03662109375,0.25634765625,0.1220703125,0.28076171875,-0.18310546875,0.8544921875,-0.2197265625,0.01220703125,0.06103515625,1.3671875,-0.048828125,-0.98876953125,-0.0244140625,-0.32958984375,-0.29296875,-1.01318359375,-0.42724609375,-0.78125,0.09765625,-1.4892578125,0.146484375,-0.28076171875,0.09765625,-0.341796875,0.47607421875,-1.2939453125,-0.01220703125,1.57470703125,-0.37841796875,1.66015625,-0.25634765625,2.52685546875,-0.01220703125,2.08740234375,0.048828125,-0.7080078125,-0.341796875,-1.47705078125,-0.15869140625,-1.0986328125,0.146484375,0.42724609375,0.1220703125,0.25634765625,-0.03662109375,-0.13427734375,-0.0732421875,-0.146484375,-0.15869140625,0,-0.0244140625,0,0.01220703125,0.8056640625,-0.09765625,-0.4638671875,-0.09765625,-0.5859375
0,0.4150390625,-0.37841796875,0.29296875,-0.29296875,0.1220703125,-0.42724609375,-0.09765625,-0.01220703125,0.1220703125,-0.09765625,0.08544921875,-0.96435546875,-0.09765625,0.9765625,-0.09765625,-0.29296875,-0.03662109375,-0.9765625,-0.2197265625,-0.537109375,-0.13427734375,0.537109375,-0.4638671875,-1.13525390625,0.09765625,-0.18310546875,0.09765625,-0.81787109375,0.09765625,0.86669921875,0.37841796875,0.20751953125,0.1708984375,-0.3173828125,-0.0732421875,-0.78125,-0.18310546875,-0.3173828125,-0.0732421875,-0.6103515625,0.18310546875,-0.1220703125,0.1708984375,-0.6591796875,0.0244140625,-0.3662109375,0.30517578125,0.6591796875,0.15869140625,1.220703125,-0.10986328125,0.42724609375,-0.1708984375,-0.244140625,0.15869140625,0.74462890625,-0.08544921875,0.69580078125,-0.03662109375,0.47607421875,0.5859375,0.78125,-0.1708984375,0.09765625,0.2197265625,0.28076171875,-0.1220703125,1.07421875,0.03662109375,0.28076171875,-0.0244140625,0.23193359375,0.08544921875,0.28076171875,-0.244140625,0.87890625,-0.1708984375,0,0.01220703125,1.3671875,-0.10986328125,-0.98876953125,-0.08544921875,-0.3662109375,-0.35400390625,-1.025390625,-0.390625,-0.78125,0.06103515625,-1.50146484375,0.0732421875,-0.2685546875,0.06103515625,-0.35400390625,0.47607421875,-1.26953125,0.0244140625,1.33056640625,-0.244140625,1.37939453125,-0.1708984375,2.099609375,-0.01220703125,1.84326171875,-0.048828125,-0.732421875,-0.29296875,-1.47705078125,-0.10986328125,-1.08642578125,0.18310546875,0.42724609375,0.10986328125,0.25634765625,-0.048828125,-0.10986328125,-0.0732421875,-0.13427734375,-0.15869140625,-0.01220703125,0,-0.01220703125,0.0244140625,0.8056640625,-0.13427734375,-0.48828125,-0.09765625,-0.57373046875
0,0.390625,-0.35400390625,0.30517578125,-0.29296875,0.18310546875,-0.40283203125,-0.08544921875,0,0.10986328125,-0.09765625,0.08544921875,-0.96435546875,-0.1220703125,0.9765625,-0.09765625,-0.29296875,-0.0732421875,-0.9765625,-0.2197265625,-0.54931640625,-0.15869140625,0.5615234375,-0.537109375,-1.0986328125,0.1220703125,-0.1708984375,0.06103515625,-0.830078125,0.146484375,0.9033203125,0.28076171875,0.20751953125,0.18310546875,-0.32958984375,0.03662109375,-0.830078125,-0.2685546875,-0.29296875,-0.048828125,-0.64697265625,0.146484375,-0.10986328125,0.146484375,-0.634765625,0.0732421875,-0.3662109375,0.2685546875,0.67138671875,0.10986328125,1.23291015625,-0.048828125,0.42724609375,-0.20751953125,-0.23193359375,0.1953125,0.732421875,-0.146484375,0.67138671875,-0.03662109375,0.48828125,0.48828125,0.7568359375,-0.1220703125,0.1220703125,0.1220703125,0.25634765625,-0.15869140625,1.06201171875,0.0244140625,0.25634765625,-0.048828125,0.25634765625,0.01220703125,0.25634765625,-0.25634765625,0.86669921875,-0.10986328125,0,-0.01220703125,1.3671875,-0.146484375,-0.9765625,-0.13427734375,-0.35400390625,-0.42724609375,-1.03759765625,-0.32958984375,-0.76904296875,0.01220703125,-1.52587890625,-0.048828125,-0.2685546875,0.10986328125,-0.3662109375,0.35400390625,-1.28173828125,0,1.01318359375,-0.146484375,1.11083984375,-0.15869140625,1.64794921875,-0.09765625,1.5625,-0.1220703125,-0.74462890625,-0.20751953125,-1.46484375,-0.0732421875,-1.0986328125,0.1708984375,0.4150390625,0.10986328125,0.2685546875,-0.048828125,-0.10986328125,-0.0732421875,-0.13427734375,-0.13427734375,0,0,-0.01220703125,0.0244140625,0.8056640625,-0.10986328125,-0.48828125,-0.06103515625,-0.5615234375
0,0.4150390625,-0.341796875,0.30517578125,-0.28076171875,0.2197265625,-0.40283203125,-0.10986328125,0.01220703125,0.1220703125,-0.1220703125,0.0732421875,-0.93994140625,-0.1708984375,0.96435546875,-0.08544921875,-0.29296875,-0.08544921875,-0.9765625,-0.1953125,-0.5126953125,-0.20751953125,0.5615234375,-0.5126953125,-1.08642578125,0.13427734375,-0.15869140625,0.03662109375,-0.830078125,0.1708984375,0.89111328125,0.09765625,0.23193359375,0.13427734375,-0.341796875,0.1220703125,-0.84228515625,-0.30517578125,-0.30517578125,-0.048828125,-0.69580078125,0.0244140625,-0.10986328125,0.09765625,-0.634765625,0.09765625,-0.3662109375,0.18310546875,0.6591796875,0.0732421875,1.23291015625,-0.0244140625,0.42724609375,-0.18310546875,-0.20751953125,0.244140625,0.74462890625,-0.20751953125,0.64697265625,-0.0244140625,0.5126953125,0.45166015625,0.72021484375,-0.1708984375,0.1220703125,0.048828125,0.20751953125,-0.2685546875,1.06201171875,0,0.244140625,-0.0732421875,0.244140625,0,0.2685546875,-0.244140625,0.8544921875,-0.0732421875,0,-0.048828125,1.35498046875,-0.1708984375,-0.9521484375,-0.146484375,-0.35400390625,-0.42724609375,-1.025390625,-0.20751953125,-0.78125,0.01220703125,-1.5625,-0.15869140625,-0.244140625,0.1708984375,-0.341796875,0.18310546875,-1.26953125,0.0244140625,0.7080078125,-0.01220703125,0.78125,-0.08544921875,1.13525390625,-0.20751953125,1.30615234375,-0.20751953125,-0.7568359375,-0.09765625,-1.4892578125,-0.06103515625,-1.06201171875,0.09765625,0.42724609375,0.146484375,0.25634765625,-0.06103515625,-0.10986328125,-0.08544921875,-0.146484375,-0.1220703125,0.0244140625,0,-0.01220703125,0.0244140625,0.79345703125,-0.146484375,-0.50048828125,-0.03662109375,-0.54931640625
0,0.40283203125,-0.32958984375,0.3173828125,-0.2685546875,0.244140625,-0.40283203125,-0.1220703125,0.03662109375,0.10986328125,-0.1220703125,0.09765625,-0.9521484375,-0.18310546875,0.9765625,-0.08544921875,-0.28076171875,-0.09765625,-0.96435546875,-0.15869140625,-0.5126953125,-0.25634765625,0.54931640625,-0.341796875,-1.08642578125,0.08544921875,-0.15869140625,0.0244140625,-0.8056640625,0.18310546875,0.9033203125,-0.1220703125,0.244140625,0.0244140625,-0.35400390625,0.15869140625,-0.87890625,-0.37841796875,-0.341796875,-0.03662109375,-0.732421875,-0.08544921875,-0.146484375,0,-0.634765625,0.1220703125,-0.35400390625,0.15869140625,0.6591796875,0.0244140625,1.20849609375,-0.01220703125,0.439453125,-0.15869140625,-0.15869140625,0.2685546875,0.74462890625,-0.29296875,0.6591796875,0,0.50048828125,0.42724609375,0.732421875,-0.15869140625,0.1708984375,0.01220703125,0.18310546875,-0.3173828125,1.0498046875,-0.048828125,0.2197265625,-0.09765625,0.25634765625,-0.03662109375,0.244140625,-0.2197265625,0.89111328125,-0.06103515625,0.01220703125,-0.06103515625,1.3427734375,-0.146484375,-0.9521484375,-0.1708984375,-0.3662109375,-0.37841796875,-1.025390625,-0.0732421875,-0.76904296875,0.0244140625,-1.57470703125,-0.23193359375,-0.2197265625,0.1953125,-0.341796875,0.01220703125,-1.220703125,0.01220703125,0.42724609375,0.01220703125,0.50048828125,-0.10986328125,0.62255859375,-0.30517578125,1.025390625,-0.25634765625,-0.7568359375,-0.0244140625,-1.47705078125,-0.09765625,-1.0498046875,-0.01220703125,0.4150390625,0.15869140625,0.28076171875,-0.03662109375,-0.1220703125,-0.06103515625,-0.1220703125,-0.10986328125,0.01220703125,-0.01220703125,0.01220703125,0.03662109375,0.8056640625,-0.13427734375,-0.52490234375,-0.03662109375,-0.54931640625
0,0.42724609375,-0.32958984375,0.35400390625,-0.28076171875,0.28076171875,-0.37841796875,-0.13427734375,0.03662109375,0.09765625,-0.13427734375,0.10986328125,-0.927734375,-0.18310546875,0.98876953125,-0.1220703125,-0.29296875,-0.08544921875,-0.98876953125,-0.1220703125,-0.48828125,-0.30517578125,0.537109375,-0.13427734375,-1.08642578125,0,-0.1708984375,0,-0.8056640625,0.09765625,0.91552734375,-0.2685546875,0.2197265625,-0.09765625,-0.390625,0.20751953125,-0.87890625,-0.4638671875,-0.390625,-0.03662109375,-0.76904296875,-0.1953125,-0.15869140625,0.0244140625,-0.62255859375,0.10986328125,-0.3662109375,0.15869140625,0.64697265625,0,1.18408203125,-0.03662109375,0.45166015625,-0.146484375,-0.10986328125,0.2685546875,0.7568359375,-0.37841796875,0.64697265625,-0.01220703125,0.5126953125,0.29296875,0.72021484375,-0.13427734375,0.20751953125,-0.03662109375,0.18310546875,-0.3662109375,1.0498046875,-0.08544921875,0.2197265625,-0.09765625,0.244140625,-0.09765625,0.2685546875,-0.1953125,0.87890625,-0.0244140625,0.01220703125,-0.048828125,1.318359375,-0.1220703125,-0.927734375,-0.146484375,-0.35400390625,-0.29296875,-1.025390625,0.0244140625,-0.7568359375,0.03662109375,-1.5869140625,-0.28076171875,-0.23193359375,0.23193359375,-0.30517578125,-0.146484375,-1.220703125,0.0244140625,0.18310546875,0.03662109375,0.28076171875,-0.13427734375,0.1708984375,-0.3662109375,0.8544921875,-0.1953125,-0.78125,0.03662109375,-1.47705078125,-0.1220703125,-1.03759765625,-0.06103515625,0.40283203125,0.13427734375,0.28076171875,-0.06103515625,-0.0732421875,-0.0732421875,-0.13427734375,-0.08544921875,0.048828125,-0.03662109375,0,0.03662109375,0.81787109375,-0.1220703125,-0.54931640625,-0.0244140625,-0.5615234375
0,0.439453125,-0.35400390625,0.341796875,-0.25634765625,0.29296875,-0.390625,-0.13427734375,0.03662109375,0.09765625,-0.1220703125,0.09765625,-0.91552734375,-0.15869140625,1.01318359375,-0.13427734375,-0.29296875,-0.03662109375,-0.9765625,-0.06103515625,-0.47607421875,-0.30517578125,0.54931640625,0.048828125,-1.08642578125,-0.10986328125,-0.18310546875,-0.01220703125,-0.78125,-0.03662109375,0.91552734375,-0.37841796875,0.23193359375,-0.20751953125,-0.390625,0.2197265625,-0.87890625,-0.4638671875,-0.45166015625,-0.0732421875,-0.8056640625,-0.28076171875,-0.18310546875,0.06103515625,-0.62255859375,0.01220703125,-0.37841796875,0.15869140625,0.64697265625,0.03662109375,1.18408203125,-0.0732421875,0.50048828125,-0.10986328125,-0.10986328125,0.244140625,0.7568359375,-0.42724609375,0.64697265625,0,0.47607421875,0.28076171875,0.7568359375,-0.1220703125,0.244140625,-0.0732421875,0.18310546875,-0.390625,1.03759765625,-0.1220703125,0.20751953125,-0.0732421875,0.25634765625,-0.146484375,0.29296875,-0.18310546875,0.89111328125,-0.01220703125,0.0244140625,-0.06103515625,1.3427734375,-0.0732421875,-0.91552734375,-0.09765625,-0.32958984375,-0.1708984375,-1.01318359375,0.0732421875,-0.76904296875,-0.0244140625,-1.5625,-0.25634765625,-0.20751953125,0.2197265625,-0.25634765625,-0.1953125,-1.1962890625,0.0244140625,0.01220703125,0,0.146484375,-0.1708984375,-0.10986328125,-0.341796875,0.732421875,-0.10986328125,-0.76904296875,0.0732421875,-1.47705078125,-0.146484375,-1.025390625,-0.1220703125,0.40283203125,0.146484375,0.28076171875,-0.03662109375,-0.08544921875,-0.06103515625,-0.15869140625,-0.048828125,0.06103515625,-0.01220703125,-0.0244140625,0.03662109375,0.830078125,-0.10986328125,-0.537109375,-0.0244140625,-0.54931640625
0,0.47607421875,-0.3662109375,0.341796875,-0.2685546875,0.29296875,-0.37841796875,-0.15869140625,0.01220703125,0.0732421875,-0.1220703125,0.13427734375,-0.927734375,-0.13427734375,1.01318359375,-0.1708984375,-0.3173828125,0,-0.9765625,-0.048828125,-0.439453125,-0.244140625,0.537109375,0.18310546875,-1.11083984375,-0.244140625,-0.20751953125,0,-0.76904296875,-0.18310546875,0.91552734375,-0.3173828125,0.23193359375,-0.2685546875,-0.37841796875,0.18310546875,-0.89111328125,-0.4638671875,-0.47607421875,-0.06103515625,-0.81787109375,-0.341796875,-0.1953125,0.0732421875,-0.634765625,-0.08544921875,-0.3662109375,0.18310546875,0.62255859375,0.06103515625,1.1474609375,-0.08544921875,0.48828125,-0.03662109375,-0.09765625,0.20751953125,0.7568359375,-0.390625,0.62255859375,0.048828125,0.48828125,0.1708984375,0.8056640625,-0.09765625,0.244140625,-0.08544921875,0.20751953125,-0.390625,1.0498046875,-0.13427734375,0.2197265625,-0.03662109375,0.2197265625,-0.2197265625,0.28076171875,-0.15869140625,0.9033203125,0.01220703125,0.03662109375,-0.0244140625,1.3427734375,-0.0244140625,-0.91552734375,-0.03662109375,-0.32958984375,-0.08544921875,-1.0009765625,0.0732421875,-0.732421875,-0.08544921875,-1.55029296875,-0.23193359375,-0.1953125,0.146484375,-0.2685546875,-0.18310546875,-1.171875,0,-0.01220703125,-0.1220703125,0.13427734375,-0.29296875,-0.1953125,-0.30517578125,0.72021484375,0,-0.74462890625,0.09765625,-1.45263671875,-0.15869140625,-1.0009765625,-0.08544921875,0.390625,0.146484375,0.29296875,-0.048828125,-0.08544921875,-0.08544921875,-0.1220703125,-0.048828125,0.06103515625,-0.0244140625,-0.01220703125,0.0244140625,0.8056640625,-0.09765625,-0.537109375,-0.048828125,-0.54931640625
0,0.47607421875,-0.3662109375,0.29296875,-0.2685546875,0.29296875,-0.4150390625,-0.1220703125,0,0.0732421875,-0.1220703125,0.13427734375,-0.927734375,-0.146484375,1.025390625,-0.1953125,-0.341796875,0.048828125,-0.9765625,0.01220703125,-0.42724609375,-0.1708984375,0.54931640625,0.23193359375,-1.1474609375,-0.3173828125,-0.2197265625,-0.0244140625,-0.78125,-0.30517578125,0.89111328125,-0.15869140625,0.244140625,-0.2685546875,-0.3662109375,0.08544921875,-0.8544921875,-0.42724609375,-0.5126953125,-0.048828125,-0.79345703125,-0.37841796875,-0.2197265625,0.15869140625,-0.62255859375,-0.1708984375,-0.37841796875,0.20751953125,0.634765625,0.09765625,1.123046875,-0.18310546875,0.50048828125,-0.0244140625,-0.06103515625,0.20751953125,0.7568359375,-0.341796875,0.59814453125,0.09765625,0.47607421875,0.10986328125,0.86669921875,-0.0244140625,0.244140625,-0.08544921875,0.23193359375,-0.3662109375,1.06201171875,-0.13427734375,0.2197265625,0,0.23193359375,-0.28076171875,0.2685546875,-0.10986328125,0.86669921875,0,0,0.01220703125,1.3427734375,0.03662109375,-0.91552734375,0.048828125,-0.29296875,0.01220703125,-1.0009765625,0.06103515625,-0.732421875,-0.20751953125,-1.52587890625,-0.1708984375,-0.20751953125,0.0732421875,-0.244140625,-0.06103515625,-1.171875,0.01220703125,0.13427734375,-0.1708984375,0.2685546875,-0.23193359375,-0.0244140625,-0.244140625,0.87890625,0.1220703125,-0.74462890625,0.10986328125,-1.4404296875,-0.1708984375,-1.0009765625,-0.0732421875,0.40283203125,0.146484375,0.28076171875,-0.0244140625,-0.0732421875,-0.0732421875,-0.146484375,-0.01220703125,0.03662109375,-0.03662109375,-0.03662109375,0.0244140625,0.79345703125,-0.09765625,-0.50048828125,-0.06103515625,-0.537109375
0,0.50048828125,-0.37841796875,0.25634765625,-0.28076171875,0.2685546875,-0.4150390625,-0.13427734375,-0.01220703125,0.048828125,-0.1220703125,0.13427734375,-0.93994140625,-0.13427734375,1.025390625,-0.1953125,-0.35400390625,0.09765625,-0.9765625,0,-0.439453125,-0.0244140625,0.52490234375,0.1708984375,-1.171875,-0.3662109375,-0.2197265625,-0.048828125,-0.79345703125,-0.40283203125,0.89111328125,0,0.2197265625,-0.25634765625,-0.32958984375,-0.048828125,-0.8544921875,-0.37841796875,-0.48828125,-0.0244140625,-0.78125,-0.32958984375,-0.20751953125,0.1708984375,-0.62255859375,-0.2685546875,-0.390625,0.244140625,0.634765625,0.13427734375,1.11083984375,-0.20751953125,0.50048828125,-0.0244140625,-0.10986328125,0.18310546875,0.7568359375,-0.341796875,0.5615234375,0.09765625,0.4638671875,0.1220703125,0.9521484375,-0.048828125,0.244140625,-0.08544921875,0.25634765625,-0.35400390625,1.0498046875,-0.1220703125,0.20751953125,0.0244140625,0.23193359375,-0.30517578125,0.2685546875,-0.08544921875,0.89111328125,-0.0244140625,0.01220703125,0.048828125,1.33056640625,0.08544921875,-0.927734375,0.146484375,-0.29296875,0.06103515625,-1.0009765625,0.0244140625,-0.72021484375,-0.28076171875,-1.47705078125,-0.146484375,-0.20751953125,-0.048828125,-0.244140625,0.1220703125,-1.171875,-0.03662109375,0.50048828125,-0.2685546875,0.6103515625,-0.18310546875,0.47607421875,-0.20751953125,1.171875,0.2197265625,-0.732421875,0.10986328125,-1.45263671875,-0.23193359375,-1.01318359375,-0.08544921875,0.4150390625,0.15869140625,0.25634765625,-0.03662109375,-0.08544921875,-0.0732421875,-0.13427734375,0.01220703125,0.048828125,-0.03662109375,-0.048828125,0.03662109375,0.8056640625,-0.06103515625,-0.4638671875,-0.09765625,-0.5615234375
0,0.50048828125,-0.37841796875,0.23193359375,-0.25634765625,0.2685546875,-0.4150390625,-0.13427734375,-0.01220703125,0.048828125,-0.1220703125,0.1220703125,-0.96435546875,-0.15869140625,1.0009765625,-0.1953125,-0.35400390625,0.1708984375,-0.9521484375,0.01220703125,-0.45166015625,0.1220703125,0.5615234375,0.10986328125,-1.171875,-0.37841796875,-0.20751953125,-0.10986328125,-0.78125,-0.37841796875,0.9033203125,0.146484375,0.2197265625,-0.15869140625,-0.30517578125,-0.18310546875,-0.81787109375,-0.29296875,-0.4638671875,0,-0.74462890625,-0.2197265625,-0.1953125,0.1220703125,-0.634765625,-0.3173828125,-0.37841796875,0.32958984375,0.64697265625,0.18310546875,1.13525390625,-0.2685546875,0.4638671875,-0.0244140625,-0.13427734375,0.1708984375,0.732421875,-0.29296875,0.537109375,0.08544921875,0.47607421875,0.13427734375,0.9765625,-0.08544921875,0.20751953125,-0.15869140625,0.28076171875,-0.30517578125,1.0498046875,-0.13427734375,0.2197265625,0,0.2197265625,-0.341796875,0.2685546875,-0.048828125,0.87890625,-0.048828125,-0.03662109375,0.1220703125,1.33056640625,0.1220703125,-0.927734375,0.18310546875,-0.28076171875,0.03662109375,-1.0009765625,0,-0.732421875,-0.30517578125,-1.45263671875,-0.09765625,-0.23193359375,-0.09765625,-0.244140625,0.2685546875,-1.171875,-0.048828125,1.01318359375,-0.29296875,1.0986328125,-0.10986328125,1.26953125,-0.1220703125,1.67236328125,0.23193359375,-0.7080078125,0.10986328125,-1.45263671875,-0.28076171875,-1.01318359375,-0.09765625,0.4150390625,0.15869140625,0.28076171875,-0.0244140625,-0.08544921875,-0.0732421875,-0.1220703125,0.01220703125,0.03662109375,-0.03662109375,-0.048828125,0.0244140625,0.8056640625,-0.0732421875,-0.4638671875,-0.09765625,-0.5615234375
0,0.54931640625,-0.37841796875,0.29296875,-0.25634765625,0.2685546875,-0.42724609375,-0.18310546875,0,0.03662109375,-0.08544921875,0.13427734375,-0.96435546875,-0.1708984375,1.01318359375,-0.20751953125,-0.35400390625,0.23193359375,-0.9521484375,-0.0244140625,-0.45166015625,0.1953125,0.537109375,-0.01220703125,-1.171875,-0.30517578125,-0.20751953125,-0.13427734375,-0.78125,-0.28076171875,0.89111328125,0.1953125,0.2197265625,-0.08544921875,-0.28076171875,-0.30517578125,-0.81787109375,-0.20751953125,-0.439453125,0.03662109375,-0.72021484375,-0.10986328125,-0.1953125,0.10986328125,-0.62255859375,-0.3173828125,-0.37841796875,0.37841796875,0.67138671875,0.18310546875,1.1474609375,-0.2685546875,0.45166015625,-0.06103515625,-0.146484375,0.1708984375,0.732421875,-0.28076171875,0.54931640625,0.08544921875,0.47607421875,0.1220703125,1.06201171875,-0.2197265625,0.1708984375,-0.1953125,0.3173828125,-0.23193359375,1.06201171875,-0.08544921875,0.23193359375,-0.03662109375,0.2197265625,-0.35400390625,0.25634765625,0,0.87890625,-0.048828125,-0.0244140625,0.1708984375,1.3427734375,0.13427734375,-0.93994140625,0.20751953125,-0.28076171875,-0.0244140625,-1.01318359375,-0.0244140625,-0.7080078125,-0.2685546875,-1.47705078125,-0.0732421875,-0.244140625,-0.06103515625,-0.2685546875,0.35400390625,-1.18408203125,-0.048828125,1.67236328125,-0.28076171875,1.7578125,-0.06103515625,2.33154296875,-0.08544921875,2.28271484375,0.1953125,-0.69580078125,0.13427734375,-1.45263671875,-0.32958984375,-1.03759765625,-0.08544921875,0.40283203125,0.146484375,0.2685546875,-0.06103515625,-0.08544921875,-0.0732421875,-0.13427734375,0.01220703125,0.0244140625,-0.048828125,-0.048828125,0,0.79345703125,-0.0732421875,-0.4638671875,-0.09765625,-0.54931640625
0,0.57373046875,-0.3662109375,0.2685546875,-0.25634765625,0.2685546875,-0.439453125,-0.20751953125,0.0244140625,0.03662109375,-0.10986328125,0.10986328125,-0.96435546875,-0.146484375,0.98876953125,-0.20751953125,-0.3173828125,0.29296875,-0.96435546875,-0.08544921875,-0.47607421875,0.244140625,0.537109375,-0.10986328125,-1.15966796875,-0.25634765625,-0.1953125,-0.146484375,-0.81787109375,-0.09765625,0.86669921875,0.1953125,0.20751953125,-0.048828125,-0.28076171875,-0.32958984375,-0.830078125,-0.1220703125,-0.4150390625,0.0732421875,-0.68359375,0,-0.18310546875,0.0732421875,-0.62255859375,-0.29296875,-0.37841796875,0.42724609375,0.68359375,0.15869140625,1.171875,-0.28076171875,0.42724609375,-0.13427734375,-0.15869140625,0.146484375,0.74462890625,-0.2197265625,0.5126953125,0.1220703125,0.4638671875,0.10986328125,1.07421875,-0.40283203125,0.1220703125,-0.18310546875,0.28076171875,-0.20751953125,1.0498046875,-0.048828125,0.23193359375,-0.08544921875,0.20751953125,-0.3173828125,0.2685546875,0.03662109375,0.89111328125,-0.0244140625,-0.0244140625,0.146484375,1.3427734375,0.18310546875,-0.93994140625,0.1953125,-0.29296875,-0.18310546875,-1.0009765625,0,-0.732421875,-0.2197265625,-1.47705078125,-0.03662109375,-0.28076171875,0.03662109375,-0.30517578125,0.3662109375,-1.1962890625,-0.08544921875,2.47802734375,-0.2197265625,2.5146484375,0.01220703125,3.55224609375,-0.01220703125,2.99072265625,0.0732421875,-0.69580078125,0.0732421875,-1.4404296875,-0.3173828125,-1.07421875,-0.06103515625,0.42724609375,0.1220703125,0.25634765625,-0.0732421875,-0.0732421875,-0.08544921875,-0.15869140625,0.0244140625,0.01220703125,-0.03662109375,-0.048828125,-0.01220703125,0.78125,-0.09765625,-0.47607421875,-0.09765625,-0.54931640625
0,0.5615234375,-0.341796875,0.30517578125,-0.244140625,0.29296875,-0.45166015625,-0.20751953125,0.0244140625,0.03662109375,-0.10986328125,0.10986328125,-0.96435546875,-0.146484375,1.0009765625,-0.244140625,-0.29296875,0.3173828125,-1.0009765625,-0.15869140625,-0.48828125,0.244140625,0.54931640625,-0.23193359375,-1.123046875,-0.1953125,-0.15869140625,-0.1220703125,-0.81787109375,0.09765625,0.8544921875,0.09765625,0.1953125,-0.1220703125,-0.28076171875,-0.29296875,-0.830078125,-0.1220703125,-0.390625,0.15869140625,-0.68359375,0.13427734375,-0.15869140625,0.048828125,-0.59814453125,-0.1953125,-0.37841796875,0.42724609375,0.68359375,0.13427734375,1.1962890625,-0.30517578125,0.4150390625,-0.1953125,-0.18310546875,0.10986328125,0.74462890625,-0.15869140625,0.537109375,0.13427734375,0.4638671875,0.08544921875,1.07421875,-0.47607421875,0.0732421875,-0.18310546875,0.28076171875,-0.1708984375,1.0498046875,0.01220703125,0.2197265625,-0.1220703125,0.1953125,-0.244140625,0.25634765625,0.06103515625,0.86669921875,-0.048828125,0,0.146484375,1.33056640625,0.18310546875,-0.93994140625,0.13427734375,-0.3173828125,-0.3173828125,-1.01318359375,0,-0.732421875,-0.18310546875,-1.4892578125,-0.03662109375,-0.29296875,0.1953125,-0.32958984375,0.28076171875,-1.20849609375,-0.0732421875,3.271484375,-0.09765625,3.271484375,0.0244140625,4.82177734375,0.03662109375,3.69873046875,-0.048828125,-0.7080078125,0.048828125,-1.46484375,-0.23193359375,-1.08642578125,-0.03662109375,0.42724609375,0.10986328125,0.2685546875,-0.08544921875,-0.08544921875,-0.0732421875,-0.146484375,0.03662109375,0.0244140625,-0.03662109375,-0.03662109375,-0.03662109375,0.79345703125,-0.08544921875,-0.50048828125,-0.1220703125,-0.54931640625
1,0.57373046875,-0.2685546875,0.2685546875,-0.25634765625,0.29296875,-0.439453125,-0.20751953125,0.0244140625,0.0244140625,-0.10986328125,0.09765625,-0.93994140625,-0.13427734375,0.9765625,-0.2197265625,-0.30517578125,0.32958984375,-0.9765625,-0.2197265625,-0.52490234375,0.146484375,0.5615234375,-0.30517578125,-1.07421875,-0.0732421875,-0.146484375,-0.08544921875,-0.84228515625,0.244140625,0.87890625,-0.01220703125,0.20751953125,-0.23193359375,-0.3173828125,-0.1708984375,-0.81787109375,-0.10986328125,-0.390625,0.23193359375,-0.68359375,0.2197265625,-0.15869140625,0.09765625,-0.59814453125,-0.09765625,-0.35400390625,0.37841796875,0.69580078125,0.08544921875,1.18408203125,-0.28076171875,0.42724609375,-0.25634765625,-0.15869140625,0.048828125,0.74462890625,-0.1220703125,0.57373046875,0.146484375,0.439453125,0.048828125,1.03759765625,-0.45166015625,0.03662109375,-0.10986328125,0.2685546875,-0.09765625,1.0498046875,0.06103515625,0.20751953125,-0.18310546875,0.1708984375,-0.18310546875,0.25634765625,0.0732421875,0.86669921875,-0.03662109375,0.01220703125,0.08544921875,1.3427734375,0.1708984375,-0.96435546875,0.06103515625,-0.3173828125,-0.4150390625,-1.01318359375,-0.01220703125,-0.732421875,-0.13427734375,-1.50146484375,-0.048828125,-0.28076171875,0.37841796875,-0.341796875,0.15869140625,-1.20849609375,-0.1220703125,4.0283203125,0.0244140625,3.99169921875,-0.0244140625,5.9814453125,0.0244140625,4.39453125,-0.18310546875,-0.7080078125,-0.06103515625,-1.46484375,-0.15869140625,-1.08642578125,-0.06103515625,0.42724609375,0.08544921875,0.25634765625,-0.0732421875,-0.0732421875,-0.0732421875,-0.15869140625,0.048828125,0,-0.0244140625,-0.0244140625,-0.0732421875,0.81787109375,-0.10986328125,-0.52490234375,-0.1220703125,-0.52490234375
1,0.52490234375,-0.244140625,0.2197265625,-0.2685546875,0.29296875,-0.42724609375,-0.23193359375,0.03662109375,0.01220703125,-0.1220703125,0.08544921875,-0.9521484375,-0.1220703125,0.98876953125,-0.20751953125,-0.3173828125,0.2685546875,-0.9765625,-0.28076171875,-0.50048828125,0.0244140625,0.57373046875,-0.37841796875,-1.06201171875,-0.048828125,-0.146484375,-0.01220703125,-0.830078125,0.37841796875,0.9033203125,-0.09765625,0.20751953125,-0.3173828125,-0.341796875,-0.048828125,-0.8544921875,-0.13427734375,-0.37841796875,0.30517578125,-0.7080078125,0.28076171875,-0.15869140625,0.10986328125,-0.6103515625,0,-0.37841796875,0.35400390625,0.7080078125,0.048828125,1.171875,-0.244140625,0.439453125,-0.30517578125,-0.13427734375,-0.0244140625,0.732421875,-0.1220703125,0.5859375,0.1708984375,0.45166015625,0,0.9521484375,-0.42724609375,0.048828125,-0.06103515625,0.244140625,-0.01220703125,1.0498046875,0.13427734375,0.18310546875,-0.1953125,0.18310546875,-0.146484375,0.2685546875,0.10986328125,0.8544921875,-0.06103515625,0.0244140625,0.0244140625,1.3427734375,0.15869140625,-0.96435546875,-0.048828125,-0.32958984375,-0.4638671875,-1.01318359375,-0.09765625,-0.7568359375,-0.09765625,-1.50146484375,-0.08544921875,-0.29296875,0.4638671875,-0.35400390625,0.048828125,-1.220703125,-0.1708984375,4.6630859375,0.08544921875,4.58984375,-0.03662109375,6.9580078125,-0.03662109375,4.96826171875,-0.2685546875,-0.7080078125,-0.146484375,-1.47705078125,-0.09765625,-1.08642578125,-0.10986328125,0.4150390625,0.08544921875,0.2685546875,-0.06103515625,-0.09765625,-0.0732421875,-0.1708984375,0.0732421875,0.01220703125,-0.01220703125,-0.01220703125,-0.06103515625,0.81787109375,-0.13427734375,-0.52490234375,-0.13427734375,-0.52490234375
1,0.5126953125,-0.23193359375,0.2197265625,-0.2685546875,0.29296875,-0.40283203125,-0.2197265625,0.0244140625,-0.01220703125,-0.1220703125,0.09765625,-0.9521484375,-0.1220703125,0.98876953125,-0.1953125,-0.30517578125,0.23193359375,-0.9765625,-0.30517578125,-0.5126953125,-0.1220703125,0.5859375,-0.4150390625,-1.06201171875,-0.03662109375,-0.13427734375,0.08544921875,-0.830078125,0.439453125,0.91552734375,-0.1220703125,0.244140625,-0.3173828125,-0.341796875,0.08544921875,-0.84228515625,-0.1220703125,-0.40283203125,0.32958984375,-0.72021484375,0.2685546875,-0.1708984375,0.1220703125,-0.62255859375,0.09765625,-0.35400390625,0.341796875,0.72021484375,0.01220703125,1.15966796875,-0.18310546875,0.4638671875,-0.42724609375,-0.10986328125,-0.0244140625,0.732421875,-0.1220703125,0.62255859375,0.1953125,0.42724609375,0.08544921875,0.87890625,-0.2685546875,0.06103515625,-0.01220703125,0.2197265625,0.048828125,1.03759765625,0.146484375,0.18310546875,-0.1953125,0.18310546875,-0.13427734375,0.25634765625,0.13427734375,0.86669921875,-0.048828125,0.048828125,-0.0244140625,1.3427734375,0.09765625,-0.96435546875,-0.10986328125,-0.3173828125,-0.4150390625,-1.01318359375,-0.20751953125,-0.76904296875,-0.048828125,-1.5380859375,-0.10986328125,-0.2685546875,0.48828125,-0.35400390625,-0.03662109375,-1.220703125,-0.10986328125,5.1025390625,0.1220703125,5.029296875,-0.09765625,7.67822265625,-0.09765625,5.38330078125,-0.25634765625,-0.72021484375,-0.1953125,-1.46484375,-0.08544921875,-1.08642578125,-0.18310546875,0.390625,0.0732421875,0.28076171875,-0.06103515625,-0.08544921875,-0.08544921875,-0.18310546875,0.0732421875,0,0,0,-0.06103515625,0.79345703125,-0.1220703125,-0.54931640625,-0.146484375,-0.537109375
1,0.5859375,-0.23193359375,0.2197265625,-0.29296875,0.29296875,-0.37841796875,-0.20751953125,0.03662109375,0,-0.09765625,0.0732421875,-0.93994140625,-0.06103515625,0.98876953125,-0.18310546875,-0.30517578125,0.20751953125,-0.96435546875,-0.32958984375,-0.50048828125,-0.25634765625,0.5859375,-0.42724609375,-1.06201171875,-0.0244140625,-0.146484375,0.146484375,-0.79345703125,0.4150390625,0.927734375,-0.09765625,0.2197265625,-0.29296875,-0.35400390625,0.1953125,-0.84228515625,-0.1220703125,-0.4150390625,0.30517578125,-0.74462890625,0.1953125,-0.15869140625,0.13427734375,-0.634765625,0.15869140625,-0.3662109375,0.3173828125,0.69580078125,0.0244140625,1.13525390625,-0.1220703125,0.48828125,-0.537109375,-0.0732421875,-0.0244140625,0.732421875,-0.18310546875,0.6591796875,0.2197265625,0.439453125,0.03662109375,0.79345703125,-0.15869140625,0.048828125,0.06103515625,0.244140625,0.08544921875,1.06201171875,0.10986328125,0.1953125,-0.15869140625,0.1953125,-0.09765625,0.2685546875,0.1708984375,0.830078125,-0.048828125,0.048828125,-0.0732421875,1.35498046875,0.09765625,-0.96435546875,-0.18310546875,-0.341796875,-0.30517578125,-1.03759765625,-0.29296875,-0.76904296875,-0.01220703125,-1.52587890625,-0.10986328125,-0.25634765625,0.439453125,-0.341796875,-0.03662109375,-1.2451171875,-0.048828125,5.322265625,0.10986328125,5.2490234375,-0.2197265625,8.04443359375,-0.1708984375,5.60302734375,-0.1953125,-0.732421875,-0.2685546875,-1.47705078125,-0.09765625,-1.0986328125,-0.244140625,0.390625,0.0732421875,0.25634765625,-0.048828125,-0.0732421875,-0.0732421875,-0.15869140625,0.06103515625,0.01220703125,-0.01220703125,0.0244140625,-0.06103515625,0.78125,-0.09765625,-0.54931640625,-0.13427734375,-0.537109375
1,0.54931640625,-0.23193359375,0.2197265625,-0.29296875,0.28076171875,-0.3662109375,-0.18310546875,0.048828125,-0.048828125,-0.09765625,0.08544921875,-0.93994140625,-0.048828125,1.0009765625,-0.18310546875,-0.3173828125,0.13427734375,-0.96435546875,-0.30517578125,-0.48828125,-0.35400390625,0.5859375,-0.390625,-1.08642578125,-0.0732421875,-0.1708984375,0.18310546875,-0.76904296875,0.3173828125,0.9521484375,-0.03662109375,0.23193359375,-0.1708984375,-0.3173828125,0.29296875,-0.8544921875,-0.13427734375,-0.4150390625,0.28076171875,-0.7568359375,0.06103515625,-0.146484375,0.1220703125,-0.634765625,0.18310546875,-0.37841796875,0.35400390625,0.68359375,0.06103515625,1.123046875,-0.146484375,0.48828125,-0.634765625,-0.06103515625,-0.01220703125,0.732421875,-0.2685546875,0.68359375,0.23193359375,0.42724609375,0.048828125,0.7080078125,-0.15869140625,0.10986328125,0.1220703125,0.20751953125,0.09765625,1.06201171875,0.09765625,0.20751953125,-0.10986328125,0.1953125,-0.048828125,0.2685546875,0.1953125,0.830078125,-0.0732421875,0.06103515625,-0.08544921875,1.3427734375,0.0732421875,-0.927734375,-0.2197265625,-0.32958984375,-0.15869140625,-1.03759765625,-0.37841796875,-0.78125,-0.01220703125,-1.55029296875,-0.08544921875,-0.25634765625,0.30517578125,-0.30517578125,-0.0244140625,-1.23291015625,0.0244140625,5.33447265625,0.048828125,5.26123046875,-0.32958984375,8.056640625,-0.1708984375,5.615234375,-0.09765625,-0.732421875,-0.30517578125,-1.45263671875,-0.10986328125,-1.07421875,-0.25634765625,0.3662109375,0.0732421875,0.25634765625,-0.048828125,-0.0732421875,-0.06103515625,-0.13427734375,0.048828125,0.0244140625,-0.0244140625,0.0244140625,-0.048828125,0.76904296875,-0.09765625,-0.54931640625,-0.146484375,-0.54931640625
1,0.5859375,-0.25634765625,0.23193359375,-0.28076171875,0.2685546875,-0.3662109375,-0.18310546875,0.03662109375,-0.048828125,-0.10986328125,0.10986328125,-0.927734375,-0.06103515625,0.98876953125,-0.2197265625,-0.30517578125,0.10986328125,-0.93994140625,-0.30517578125,-0.4638671875,-0.40283203125,0.5859375,-0.3173828125,-1.11083984375,-0.08544921875,-0.1953125,0.1953125,-0.76904296875,0.20751953125,0.91552734375,0.06103515625,0.23193359375,-0.01220703125,-0.32958984375,0.3173828125,-0.84228515625,-0.13427734375,-0.42724609375,0.2197265625,-0.76904296875,-0.1220703125,-0.15869140625,0.1220703125,-0.64697265625,0.146484375,-0.390625,0.35400390625,0.69580078125,0.1220703125,1.11083984375,-0.08544921875,0.5126953125,-0.7080078125,-0.06103515625,0.0244140625,0.732421875,-0.35400390625,0.72021484375,0.28076171875,0.439453125,0.08544921875,0.634765625,-0.13427734375,0.13427734375,0.09765625,0.244140625,0.146484375,1.08642578125,0.08544921875,0.2197265625,-0.0732421875,0.20751953125,0.01220703125,0.28076171875,0.18310546875,0.84228515625,-0.09765625,0.048828125,-0.13427734375,1.35498046875,0.0732421875,-0.93994140625,-0.23193359375,-0.30517578125,-0.0244140625,-1.0498046875,-0.390625,-0.79345703125,-0.048828125,-1.52587890625,-0.06103515625,-0.23193359375,0.1708984375,-0.3173828125,0.0244140625,-1.2451171875,0.146484375,5.126953125,0.01220703125,5.09033203125,-0.37841796875,7.77587890625,-0.15869140625,5.4443359375,0,-0.732421875,-0.32958984375,-1.46484375,-0.146484375,-1.07421875,-0.23193359375,0.35400390625,0.048828125,0.25634765625,-0.06103515625,-0.08544921875,-0.06103515625,-0.13427734375,0.03662109375,0.03662109375,-0.01220703125,0,-0.06103515625,0.74462890625,-0.08544921875,-0.52490234375,-0.15869140625,-0.5615234375
1,0.54931640625,-0.28076171875,0.1953125,-0.28076171875,0.25634765625,-0.35400390625,-0.146484375,0.03662109375,-0.048828125,-0.0732421875,0.13427734375,-0.93994140625,-0.06103515625,0.9765625,-0.244140625,-0.30517578125,0.08544921875,-0.96435546875,-0.25634765625,-0.4638671875,-0.3173828125,0.5615234375,-0.25634765625,-1.1474609375,-0.09765625,-0.2197265625,0.15869140625,-0.74462890625,0.10986328125,0.9033203125,0.08544921875,0.2197265625,0.08544921875,-0.3173828125,0.32958984375,-0.81787109375,-0.1708984375,-0.40283203125,0.18310546875,-0.76904296875,-0.25634765625,-0.13427734375,0.08544921875,-0.64697265625,0.06103515625,-0.390625,0.32958984375,0.69580078125,0.146484375,1.1474609375,-0.0732421875,0.52490234375,-0.732421875,-0.03662109375,0.03662109375,0.72021484375,-0.45166015625,0.72021484375,0.25634765625,0.4638671875,-0.03662109375,0.5859375,-0.13427734375,0.1708984375,0.10986328125,0.2685546875,0.18310546875,1.07421875,0.08544921875,0.23193359375,-0.03662109375,0.2197265625,0.0732421875,0.28076171875,0.15869140625,0.81787109375,-0.146484375,0.06103515625,-0.1708984375,1.3427734375,0.06103515625,-0.927734375,-0.23193359375,-0.30517578125,0.03662109375,-1.07421875,-0.37841796875,-0.79345703125,-0.15869140625,-1.513671875,-0.0732421875,-0.1953125,-0.0244140625,-0.29296875,0.08544921875,-1.2451171875,0.23193359375,4.74853515625,0.03662109375,4.74853515625,-0.45166015625,7.2265625,-0.15869140625,5.126953125,0.06103515625,-0.72021484375,-0.28076171875,-1.45263671875,-0.146484375,-1.07421875,-0.1953125,0.3662109375,0.048828125,0.2685546875,-0.048828125,-0.09765625,-0.0732421875,-0.13427734375,0,0.03662109375,-0.0244140625,-0.03662109375,-0.048828125,0.7568359375,-0.09765625,-0.52490234375,-0.15869140625,-0.57373046875
1,0.5615234375,-0.32958984375,0.1708984375,-0.28076171875,0.28076171875,-0.3662109375,-0.146484375,0.0244140625,-0.0732421875,-0.06103515625,0.13427734375,-0.93994140625,-0.048828125,1.0009765625,-0.244140625,-0.32958984375,0.0732421875,-0.96435546875,-0.15869140625,-0.4638671875,-0.1953125,0.54931640625,-0.2197265625,-1.15966796875,-0.10986328125,-0.2197265625,0.0732421875,-0.7568359375,0.01220703125,0.89111328125,0.03662109375,0.20751953125,0.18310546875,-0.30517578125,0.28076171875,-0.79345703125,-0.1708984375,-0.4150390625,0.13427734375,-0.76904296875,-0.35400390625,-0.1708984375,-0.0244140625,-0.634765625,-0.0244140625,-0.390625,0.3173828125,0.67138671875,0.1708984375,1.1474609375,-0.048828125,0.47607421875,-0.72021484375,-0.0732421875,-0.0244140625,0.72021484375,-0.5126953125,0.7080078125,0.18310546875,0.45166015625,0.048828125,0.54931640625,-0.0732421875,0.15869140625,0.146484375,0.28076171875,0.18310546875,1.08642578125,0.08544921875,0.23193359375,-0.01220703125,0.23193359375,0.146484375,0.28076171875,0.0732421875,0.830078125,-0.15869140625,0.0244140625,-0.1953125,1.3427734375,0.06103515625,-0.93994140625,-0.1953125,-0.30517578125,0.09765625,-1.0498046875,-0.3173828125,-0.78125,-0.28076171875,-1.50146484375,-0.1220703125,-0.1953125,-0.15869140625,-0.29296875,0.10986328125,-1.25732421875,0.23193359375,4.26025390625,0.06103515625,4.296875,-0.439453125,6.50634765625,-0.1708984375,4.6875,0.03662109375,-0.732421875,-0.1953125,-1.4404296875,-0.1708984375,-1.07421875,-0.1708984375,0.37841796875,0.048828125,0.2685546875,-0.048828125,-0.08544921875,-0.0732421875,-0.13427734375,-0.01220703125,0.048828125,-0.0244140625,-0.03662109375,-0.048828125,0.76904296875,-0.08544921875,-0.50048828125,-0.1708984375,-0.57373046875
1,0.5615234375,-0.35400390625,0.06103515625,-0.28076171875,0.29296875,-0.37841796875,-0.18310546875,-0.01220703125,-0.048828125,-0.06103515625,0.13427734375,-0.93994140625,-0.048828125,1.01318359375,-0.244140625,-0.3173828125,0.1220703125,-0.96435546875,-0.1220703125,-0.47607421875,-0.06103515625,0.5615234375,-0.18310546875,-1.1474609375,-0.048828125,-0.2197265625,-0.048828125,-0.7568359375,-0.0244140625,0.9033203125,-0.0244140625,0.20751953125,0.20751953125,-0.3173828125,0.1953125,-0.79345703125,-0.1953125,-0.4150390625,0.06103515625,-0.74462890625,-0.42724609375,-0.1708984375,-0.10986328125,-0.64697265625,-0.09765625,-0.40283203125,0.29296875,0.67138671875,0.1708984375,1.15966796875,-0.03662109375,0.47607421875,-0.7080078125,-0.10986328125,-0.06103515625,0.732421875,-0.5126953125,0.72021484375,0.20751953125,0.4638671875,-0.03662109375,0.57373046875,0.06103515625,0.1708984375,0.1708984375,0.2685546875,0.18310546875,1.06201171875,0.06103515625,0.2197265625,0.0244140625,0.23193359375,0.25634765625,0.28076171875,-0.01220703125,0.84228515625,-0.2197265625,0.0244140625,-0.18310546875,1.35498046875,0.0732421875,-0.93994140625,-0.10986328125,-0.29296875,0.0732421875,-1.03759765625,-0.1708984375,-0.76904296875,-0.30517578125,-1.513671875,-0.1708984375,-0.18310546875,-0.20751953125,-0.29296875,0.146484375,-1.26953125,0.244140625,3.69873046875,0.10986328125,3.77197265625,-0.4150390625,5.712890625,-0.23193359375,4.1748046875,0,-0.72021484375,-0.10986328125,-1.42822265625,-0.23193359375,-1.03759765625,-0.15869140625,0.37841796875,0.048828125,0.2685546875,-0.01220703125,-0.0732421875,-0.0732421875,-0.13427734375,-0.048828125,0.03662109375,-0.03662109375,-0.06103515625,-0.06103515625,0.76904296875,-0.09765625,-0.45166015625,-0.13427734375,-0.57373046875
1,0.54931640625,-0.390625,0.1220703125,-0.30517578125,0.28076171875,-0.390625,-0.1953125,-0.0244140625,-0.03662109375,-0.06103515625,0.13427734375,-0.9521484375,-0.0732421875,1.01318359375,-0.244140625,-0.3173828125,0.146484375,-0.96435546875,-0.0732421875,-0.45166015625,0.13427734375,0.5615234375,-0.244140625,-1.123046875,-0.0244140625,-0.20751953125,-0.15869140625,-0.74462890625,-0.0244140625,0.89111328125,-0.13427734375,0.20751953125,0.20751953125,-0.32958984375,0.1220703125,-0.76904296875,-0.20751953125,-0.40283203125,0.06103515625,-0.72021484375,-0.3662109375,-0.15869140625,-0.23193359375,-0.64697265625,-0.15869140625,-0.390625,0.30517578125,0.6591796875,0.1708984375,1.15966796875,-0.03662109375,0.47607421875,-0.634765625,-0.15869140625,-0.09765625,0.74462890625,-0.57373046875,0.69580078125,0.146484375,0.47607421875,-0.0244140625,0.5859375,0.1220703125,0.15869140625,0.23193359375,0.25634765625,0.1953125,1.0498046875,0.06103515625,0.23193359375,0.01220703125,0.20751953125,0.29296875,0.2685546875,-0.06103515625,0.84228515625,-0.2685546875,0.0244140625,-0.15869140625,1.3427734375,0.0732421875,-0.9521484375,-0.06103515625,-0.3173828125,0.06103515625,-1.03759765625,-0.0244140625,-0.7568359375,-0.3173828125,-1.47705078125,-0.20751953125,-0.18310546875,-0.146484375,-0.3173828125,0.08544921875,-1.2451171875,0.10986328125,3.13720703125,0.1708984375,3.22265625,-0.35400390625,4.87060546875,-0.28076171875,3.61328125,-0.048828125,-0.7080078125,0.03662109375,-1.45263671875,-0.28076171875,-1.025390625,-0.2197265625,0.37841796875,0.06103515625,0.25634765625,-0.0244140625,-0.08544921875,-0.06103515625,-0.13427734375,-0.08544921875,0.048828125,-0.048828125,-0.06103515625,-0.048828125,0.79345703125,-0.08544921875,-0.4638671875,-0.146484375,-0.54931640625
1,0.537109375,-0.390625,0.15869140625,-0.29296875,0.25634765625,-0.4150390625,-0.1953125,-0.01220703125,-0.01220703125,-0.0732421875,0.13427734375,-0.9521484375,-0.06103515625,1.0009765625,-0.2685546875,-0.3173828125,0.20751953125,-0.96435546875,-0.0244140625,-0.45166015625,0.23193359375,0.54931640625,-0.2685546875,-1.11083984375,0.01220703125,-0.20751953125,-0.25634765625,-0.78125,0.048828125,0.87890625,-0.244140625,0.18310546875,0.18310546875,-0.32958984375,0.08544921875,-0.79345703125,-0.20751953125,-0.4150390625,0.06103515625,-0.72021484375,-0.29296875,-0.15869140625,-0.3173828125,-0.634765625,-0.20751953125,-0.390625,0.3173828125,0.67138671875,0.1708984375,1.18408203125,-0.08544921875,0.4638671875,-0.57373046875,-0.1708984375,-0.09765625,0.74462890625,-0.54931640625,0.69580078125,0.146484375,0.47607421875,0.048828125,0.62255859375,0.08544921875,0.146484375,0.25634765625,0.23193359375,0.13427734375,1.03759765625,0.03662109375,0.2197265625,0.0244140625,0.20751953125,0.29296875,0.25634765625,-0.1220703125,0.86669921875,-0.25634765625,0.0244140625,-0.13427734375,1.3427734375,0.13427734375,-0.9521484375,0.0244140625,-0.30517578125,0.048828125,-1.025390625,0.1220703125,-0.732421875,-0.25634765625,-1.47705078125,-0.2197265625,-0.20751953125,0.03662109375,-0.30517578125,0.01220703125,-1.23291015625,0,2.55126953125,0.18310546875,2.63671875,-0.2685546875,4.0283203125,-0.30517578125,3.0517578125,-0.0732421875,-0.72021484375,0.146484375,-1.45263671875,-0.29296875,-1.025390625,-0.23193359375,0.390625,0.048828125,0.25634765625,-0.06103515625,-0.08544921875,-0.0732421875,-0.146484375,-0.10986328125,0.03662109375,-0.06103515625,-0.0244140625,-0.06103515625,0.78125,-0.09765625,-0.47607421875,-0.1220703125,-0.52490234375
1,0.52490234375,-0.390625,0.13427734375,-0.29296875,0.25634765625,-0.4150390625,-0.20751953125,-0.0244140625,-0.03662109375,-0.08544921875,0.13427734375,-0.96435546875,-0.08544921875,0.98876953125,-0.2685546875,-0.30517578125,0.28076171875,-0.9765625,0.01220703125,-0.4638671875,0.25634765625,0.537109375,-0.25634765625,-1.08642578125,0.0244140625,-0.1708984375,-0.29296875,-0.79345703125,0.146484375,0.8544921875,-0.30517578125,0.1953125,0.0244140625,-0.35400390625,0.08544921875,-0.8056640625,-0.1953125,-0.390625,0.08544921875,-0.69580078125,-0.18310546875,-0.15869140625,-0.341796875,-0.64697265625,-0.23193359375,-0.37841796875,0.30517578125,0.67138671875,0.15869140625,1.18408203125,-0.1220703125,0.45166015625,-0.537109375,-0.1953125,-0.03662109375,0.7568359375,-0.48828125,0.69580078125,0.1220703125,0.47607421875,0.048828125,0.634765625,0.10986328125,0.10986328125,0.29296875,0.2197265625,0.06103515625,1.01318359375,0.06103515625,0.23193359375,0.01220703125,0.18310546875,0.28076171875,0.28076171875,-0.15869140625,0.86669921875,-0.28076171875,0.01220703125,-0.09765625,1.35498046875,0.18310546875,-0.927734375,0.08544921875,-0.3173828125,0.0244140625,-1.01318359375,0.2197265625,-0.732421875,-0.1953125,-1.46484375,-0.1708984375,-0.20751953125,0.23193359375,-0.3173828125,-0.048828125,-1.1962890625,-0.09765625,1.953125,0.1953125,2.08740234375,-0.23193359375,3.1982421875,-0.29296875,2.45361328125,-0.048828125,-0.7080078125,0.1953125,-1.45263671875,-0.28076171875,-1.025390625,-0.23193359375,0.40283203125,0.048828125,0.244140625,-0.0732421875,-0.09765625,-0.06103515625,-0.15869140625,-0.1220703125,0.01220703125,-0.048828125,-0.01220703125,-0.048828125,0.7568359375,-0.13427734375,-0.47607421875,-0.09765625,-0.52490234375
1,0.45166015625,-0.4150390625,0.1220703125,-0.29296875,0.23193359375,-0.40283203125,-0.1953125,0,-0.03662109375,-0.06103515625,0.13427734375,-0.9521484375,-0.09765625,0.98876953125,-0.30517578125,-0.29296875,0.341796875,-0.96435546875,0.048828125,-0.47607421875,0.23193359375,0.54931640625,-0.20751953125,-1.0498046875,0,-0.15869140625,-0.28076171875,-0.830078125,0.2197265625,0.86669921875,-0.341796875,0.20751953125,-0.1708984375,-0.35400390625,0.0732421875,-0.8056640625,-0.18310546875,-0.40283203125,0.09765625,-0.69580078125,-0.10986328125,-0.146484375,-0.28076171875,-0.634765625,-0.25634765625,-0.37841796875,0.29296875,0.6591796875,0.1953125,1.18408203125,-0.15869140625,0.47607421875,-0.4150390625,-0.18310546875,-0.01220703125,0.76904296875,-0.439453125,0.68359375,0.08544921875,0.47607421875,0.0732421875,0.67138671875,0.03662109375,0.08544921875,0.3173828125,0.2197265625,0,1.025390625,0.08544921875,0.23193359375,-0.0244140625,0.18310546875,0.2197265625,0.28076171875,-0.15869140625,0.86669921875,-0.25634765625,0.01220703125,-0.1220703125,1.35498046875,0.244140625,-0.93994140625,0.09765625,-0.32958984375,0.0244140625,-1.025390625,0.20751953125,-0.732421875,-0.1708984375,-1.50146484375,-0.10986328125,-0.20751953125,0.42724609375,-0.3173828125,-0.13427734375,-1.18408203125,-0.146484375,1.3671875,0.15869140625,1.46484375,-0.18310546875,2.3681640625,-0.28076171875,1.904296875,0,-0.7080078125,0.15869140625,-1.46484375,-0.244140625,-1.0498046875,-0.23193359375,0.40283203125,0.03662109375,0.244140625,-0.0732421875,-0.08544921875,-0.0732421875,-0.15869140625,-0.15869140625,0.0244140625,-0.03662109375,0.01220703125,-0.03662109375,0.76904296875,-0.10986328125,-0.50048828125,-0.08544921875,-0.50048828125
1,0.45166015625,-0.4150390625,0.09765625,-0.28076171875,0.2685546875,-0.40283203125,-0.1953125,0.0244140625,-0.0732421875,-0.08544921875,0.1220703125,-0.927734375,-0.09765625,0.9765625,-0.30517578125,-0.29296875,0.3662109375,-0.9521484375,0.08544921875,-0.48828125,0.1220703125,0.537109375,-0.06103515625,-1.0498046875,-0.03662109375,-0.15869140625,-0.23193359375,-0.81787109375,0.244140625,0.89111328125,-0.28076171875,0.20751953125,-0.37841796875,-0.37841796875,0.03662109375,-0.830078125,-0.18310546875,-0.4150390625,0.09765625,-0.7080078125,-0.08544921875,-0.15869140625,-0.1953125,-0.64697265625,-0.25634765625,-0.3662109375,0.28076171875,0.6591796875,0.1953125,1.171875,-0.1708984375,0.47607421875,-0.29296875,-0.15869140625,0.01220703125,0.76904296875,-0.3662109375,0.68359375,0.1220703125,0.439453125,0.0244140625,0.7080078125,0.09765625,0.08544921875,0.28076171875,0.20751953125,-0.048828125,1.03759765625,0.08544921875,0.25634765625,-0.0732421875,0.18310546875,0.18310546875,0.28076171875,-0.20751953125,0.87890625,-0.20751953125,0.01220703125,-0.13427734375,1.3671875,0.30517578125,-0.93994140625,0.1220703125,-0.341796875,-0.01220703125,-1.0009765625,0.1953125,-0.7568359375,-0.13427734375,-1.513671875,-0.0732421875,-0.2197265625,0.52490234375,-0.32958984375,-0.10986328125,-1.18408203125,-0.13427734375,0.7568359375,0.10986328125,0.87890625,-0.18310546875,1.52587890625,-0.2197265625,1.318359375,0.048828125,-0.7080078125,0.08544921875,-1.46484375,-0.18310546875,-1.06201171875,-0.2197265625,0.37841796875,0.0244140625,0.2685546875,-0.06103515625,-0.08544921875,-0.06103515625,-0.13427734375,-0.1953125,0.03662109375,-0.03662109375,0.0244140625,-0.0244140625,0.78125,-0.10986328125,-0.50048828125,-0.10986328125,-0.50048828125
0,0.439453125,-0.40283203125,0.0244140625,-0.28076171875,0.2685546875,-0.40283203125,-0.20751953125,0.03662109375,-0.10986328125,-0.10986328125,0.1220703125,-0.93994140625,-0.10986328125,0.9765625,-0.28076171875,-0.28076171875,0.35400390625,-0.93994140625,0.09765625,-0.50048828125,0.01220703125,0.537109375,0.09765625,-1.0498046875,-0.09765625,-0.146484375,-0.15869140625,-0.81787109375,0.2685546875,0.9033203125,-0.13427734375,0.20751953125,-0.5126953125,-0.4150390625,0,-0.84228515625,-0.08544921875,-0.45166015625,0.13427734375,-0.69580078125,-0.03662109375,-0.1708984375,-0.048828125,-0.6591796875,-0.244140625,-0.390625,0.244140625,0.6591796875,0.23193359375,1.1474609375,-0.2197265625,0.48828125,-0.2197265625,-0.146484375,0.08544921875,0.76904296875,-0.40283203125,0.68359375,0.146484375,0.45166015625,0,0.732421875,0.10986328125,0.08544921875,0.23193359375,0.1953125,-0.0732421875,1.0498046875,0.08544921875,0.244140625,-0.08544921875,0.1953125,0.1220703125,0.29296875,-0.20751953125,0.9033203125,-0.15869140625,0.0244140625,-0.15869140625,1.33056640625,0.30517578125,-0.93994140625,0.13427734375,-0.341796875,0,-1.01318359375,0.0732421875,-0.732421875,-0.09765625,-1.52587890625,-0.01220703125,-0.2197265625,0.52490234375,-0.32958984375,-0.0244140625,-1.15966796875,-0.10986328125,0.15869140625,0.03662109375,0.244140625,-0.18310546875,0.64697265625,-0.2197265625,0.72021484375,0.10986328125,-0.69580078125,-0.048828125,-1.45263671875,-0.1953125,-1.06201171875,-0.20751953125,0.390625,0.048828125,0.25634765625,-0.03662109375,-0.06103515625,-0.0732421875,-0.09765625,-0.23193359375,0.048828125,-0.048828125,0.0244140625,-0.01220703125,0.76904296875,-0.09765625,-0.50048828125,-0.1220703125,-0.50048828125
0,0.439453125,-0.390625,0.048828125,-0.2685546875,0.2685546875,-0.390625,-0.1708984375,0.048828125,-0.0732421875,-0.1220703125,0.09765625,-0.93994140625,-0.09765625,0.96435546875,-0.2685546875,-0.28076171875,0.29296875,-0.9521484375,0.048828125,-0.47607421875,-0.10986328125,0.54931640625,0.2197265625,-1.06201171875,-0.1708984375,-0.15869140625,-0.06103515625,-0.78125,0.244140625,0.89111328125,0,0.2197265625,-0.47607421875,-0.390625,0.01220703125,-0.830078125,-0.0244140625,-0.48828125,0.1220703125,-0.732421875,-0.03662109375,-0.1708984375,0.01220703125,-0.6591796875,-0.25634765625,-0.4150390625,0.30517578125,0.67138671875,0.244140625,1.13525390625,-0.244140625,0.48828125,-0.15869140625,-0.1220703125,0.09765625,0.7568359375,-0.439453125,0.68359375,0.09765625,0.439453125,0.13427734375,0.78125,0.09765625,0.08544921875,0.13427734375,0.2197265625,-0.13427734375,1.03759765625,0.0244140625,0.244140625,-0.09765625,0.20751953125,0.03662109375,0.29296875,-0.15869140625,0.86669921875,-0.146484375,0.0244140625,-0.18310546875,1.3427734375,0.244140625,-0.927734375,0.09765625,-0.341796875,-0.0244140625,-1.0009765625,-0.09765625,-0.74462890625,-0.06103515625,-1.5380859375,0.048828125,-0.25634765625,0.45166015625,-0.3173828125,0.09765625,-1.123046875,-0.06103515625,-0.47607421875,-0.048828125,-0.37841796875,-0.20751953125,-0.244140625,-0.18310546875,0.15869140625,0.15869140625,-0.68359375,-0.20751953125,-1.45263671875,-0.23193359375,-1.07421875,-0.20751953125,0.37841796875,0.0244140625,0.2685546875,-0.01220703125,-0.048828125,-0.0732421875,-0.1220703125,-0.25634765625,0.048828125,-0.048828125,0.03662109375,0.01220703125,0.78125,-0.09765625,-0.50048828125,-0.1220703125,-0.5126953125
0,0.42724609375,-0.3662109375,0.03662109375,-0.2685546875,0.30517578125,-0.37841796875,-0.18310546875,0.048828125,-0.09765625,-0.146484375,0.10986328125,-0.96435546875,-0.09765625,0.9765625,-0.2685546875,-0.3173828125,0.2197265625,-0.927734375,0.01220703125,-0.48828125,-0.1953125,0.5615234375,0.28076171875,-1.08642578125,-0.1953125,-0.1708984375,0.0244140625,-0.7568359375,0.23193359375,0.9033203125,0.20751953125,0.23193359375,-0.40283203125,-0.37841796875,-0.0244140625,-0.8544921875,0.06103515625,-0.47607421875,0.10986328125,-0.74462890625,-0.03662109375,-0.15869140625,0.048828125,-0.64697265625,-0.1953125,-0.4150390625,0.30517578125,0.67138671875,0.23193359375,1.11083984375,-0.32958984375,0.47607421875,-0.1220703125,-0.10986328125,0.146484375,0.76904296875,-0.4638671875,0.64697265625,0.048828125,0.439453125,0.13427734375,0.830078125,0.06103515625,0.0732421875,0.09765625,0.20751953125,-0.18310546875,1.03759765625,-0.01220703125,0.2197265625,-0.10986328125,0.20751953125,-0.01220703125,0.2685546875,-0.15869140625,0.9033203125,-0.08544921875,0.0244140625,-0.18310546875,1.33056640625,0.1953125,-0.9521484375,0.06103515625,-0.341796875,-0.06103515625,-1.025390625,-0.20751953125,-0.7568359375,-0.01220703125,-1.57470703125,0.13427734375,-0.25634765625,0.3173828125,-0.29296875,0.3173828125,-1.13525390625,0,-1.06201171875,-0.10986328125,-0.9521484375,-0.244140625,-1.0498046875,-0.146484375,-0.3662109375,0.15869140625,-0.67138671875,-0.3173828125,-1.46484375,-0.25634765625,-1.06201171875,-0.15869140625,0.37841796875,0.01220703125,0.29296875,-0.0244140625,-0.06103515625,-0.0732421875,-0.13427734375,-0.28076171875,0.048828125,-0.048828125,0.01220703125,0.01220703125,0.78125,-0.0732421875,-0.5126953125,-0.146484375,-0.52490234375
0,0.40283203125,-0.37841796875,0.0732421875,-0.28076171875,0.28076171875,-0.390625,-0.15869140625,0.0244140625,-0.146484375,-0.146484375,0.09765625,-0.93994140625,-0.09765625,0.96435546875,-0.244140625,-0.3173828125,0.15869140625,-0.93994140625,-0.0244140625,-0.4638671875,-0.1953125,0.5615234375,0.18310546875,-1.11083984375,-0.23193359375,-0.1953125,0.08544921875,-0.7568359375,0.18310546875,0.9033203125,0.32958984375,0.23193359375,-0.244140625,-0.32958984375,-0.0244140625,-0.84228515625,0.1220703125,-0.45166015625,0.10986328125,-0.78125,-0.03662109375,-0.15869140625,0.06103515625,-0.64697265625,-0.18310546875,-0.42724609375,0.341796875,0.67138671875,0.23193359375,1.123046875,-0.32958984375,0.45166015625,-0.09765625,-0.09765625,0.20751953125,0.72021484375,-0.50048828125,0.634765625,0.01220703125,0.439453125,0.1708984375,0.86669921875,0,0.08544921875,0.0732421875,0.20751953125,-0.20751953125,1.07421875,-0.03662109375,0.2197265625,-0.09765625,0.23193359375,-0.0244140625,0.28076171875,-0.146484375,0.84228515625,-0.048828125,0.03662109375,-0.18310546875,1.318359375,0.10986328125,-0.91552734375,0,-0.35400390625,-0.13427734375,-1.025390625,-0.341796875,-0.7568359375,0,-1.5625,0.1953125,-0.28076171875,0.1708984375,-0.28076171875,0.439453125,-1.13525390625,-0.01220703125,-1.59912109375,-0.15869140625,-1.47705078125,-0.28076171875,-1.77001953125,-0.09765625,-0.84228515625,0.13427734375,-0.69580078125,-0.35400390625,-1.46484375,-0.25634765625,-1.08642578125,-0.10986328125,0.37841796875,0,0.28076171875,-0.03662109375,-0.0732421875,-0.08544921875,-0.13427734375,-0.30517578125,0.0732421875,-0.0732421875,0.01220703125,0.01220703125,0.81787109375,-0.08544921875,-0.48828125,-0.146484375,-0.50048828125
0,0.35400390625,-0.3662109375,0.048828125,-0.30517578125,0.29296875,-0.390625,-0.146484375,0.0244140625,-0.146484375,-0.146484375,0.08544921875,-0.96435546875,-0.08544921875,0.98876953125,-0.244140625,-0.3173828125,0.09765625,-0.93994140625,-0.0732421875,-0.4638671875,-0.1708984375,0.5615234375,-0.01220703125,-1.1474609375,-0.20751953125,-0.20751953125,0.1220703125,-0.7568359375,0.18310546875,0.86669921875,0.3662109375,0.2197265625,-0.048828125,-0.3173828125,-0.0244140625,-0.8544921875,0.146484375,-0.45166015625,0.09765625,-0.78125,-0.048828125,-0.1708984375,0,-0.634765625,-0.15869140625,-0.439453125,0.4150390625,0.68359375,0.1953125,1.123046875,-0.35400390625,0.439453125,-0.06103515625,-0.10986328125,0.2197265625,0.72021484375,-0.52490234375,0.634765625,-0.06103515625,0.439453125,0.15869140625,0.927734375,-0.08544921875,0.08544921875,0.01220703125,0.244140625,-0.23193359375,1.07421875,-0.09765625,0.2197265625,-0.1220703125,0.2197265625,-0.08544921875,0.28076171875,-0.13427734375,0.8544921875,0,0.03662109375,-0.20751953125,1.30615234375,0.0244140625,-0.96435546875,-0.048828125,-0.3662109375,-0.2197265625,-1.0498046875,-0.35400390625,-0.78125,0.01220703125,-1.5869140625,0.20751953125,-0.29296875,0.06103515625,-0.30517578125,0.48828125,-1.1474609375,-0.0732421875,-2.0263671875,-0.13427734375,-1.85546875,-0.3173828125,-2.33154296875,-0.03662109375,-1.1962890625,0.06103515625,-0.68359375,-0.341796875,-1.45263671875,-0.2197265625,-1.07421875,-0.0244140625,0.37841796875,-0.01220703125,0.30517578125,-0.0244140625,-0.0732421875,-0.06103515625,-0.1220703125,-0.30517578125,0.0732421875,-0.08544921875,0.01220703125,0.0244140625,0.81787109375,-0.048828125,-0.4638671875,-0.146484375,-0.48828125
0,0.341796875,-0.3662109375,0.01220703125,-0.30517578125,0.29296875,-0.40283203125,-0.1220703125,0.01220703125,-0.10986328125,-0.146484375,0.08544921875,-0.9765625,-0.08544921875,0.98876953125,-0.23193359375,-0.3173828125,0.01220703125,-0.9521484375,-0.13427734375,-0.4638671875,-0.1220703125,0.57373046875,-0.25634765625,-1.1474609375,-0.146484375,-0.2197265625,0.09765625,-0.7568359375,0.18310546875,0.86669921875,0.35400390625,0.1953125,0.10986328125,-0.29296875,0,-0.830078125,0.13427734375,-0.439453125,0.1220703125,-0.79345703125,-0.03662109375,-0.1708984375,-0.06103515625,-0.64697265625,-0.1220703125,-0.439453125,0.32958984375,0.67138671875,0.146484375,1.11083984375,-0.32958984375,0.45166015625,-0.048828125,-0.146484375,0.244140625,0.72021484375,-0.537109375,0.634765625,-0.0732421875,0.45166015625,0.1708984375,0.96435546875,-0.146484375,0.08544921875,-0.0244140625,0.244140625,-0.244140625,1.07421875,-0.1220703125,0.2197265625,-0.09765625,0.23193359375,-0.1220703125,0.29296875,-0.13427734375,0.87890625,0.0244140625,0.0244140625,-0.2197265625,1.33056640625,-0.06103515625,-0.96435546875,-0.0732421875,-0.341796875,-0.29296875,-1.0498046875,-0.341796875,-0.78125,-0.048828125,-1.55029296875,0.15869140625,-0.29296875,0,-0.30517578125,0.50048828125,-1.15966796875,-0.146484375,-2.28271484375,-0.13427734375,-2.0751953125,-0.35400390625,-2.67333984375,-0.08544921875,-1.416015625,-0.048828125,-0.69580078125,-0.2685546875,-1.45263671875,-0.1953125,-1.06201171875,0,0.3662109375,-0.01220703125,0.29296875,-0.03662109375,-0.0732421875,-0.0732421875,-0.1220703125,-0.2685546875,0.08544921875,-0.08544921875,0.01220703125,0.03662109375,0.830078125,-0.0732421875,-0.439453125,-0.1220703125,-0.50048828125
0,0.2685546875,-0.40283203125,-0.01220703125,-0.30517578125,0.2685546875,-0.4150390625,-0.09765625,0,-0.1220703125,-0.13427734375,0.0732421875,-0.98876953125,-0.0732421875,0.98876953125,-0.2197265625,-0.30517578125,-0.048828125,-0.96435546875,-0.146484375,-0.45166015625,-0.0732421875,0.5859375,-0.47607421875,-1.123046875,-0.09765625,-0.1953125,0.0732421875,-0.7568359375,0.23193359375,0.89111328125,0.244140625,0.20751953125,0.244140625,-0.28076171875,0.06103515625,-0.830078125,0.09765625,-0.40283203125,0.13427734375,-0.7568359375,-0.048828125,-0.18310546875,-0.1708984375,-0.6103515625,-0.06103515625,-0.4150390625,0.341796875,0.6591796875,0.08544921875,1.13525390625,-0.3173828125,0.42724609375,-0.10986328125,-0.1953125,0.20751953125,0.732421875,-0.537109375,0.634765625,-0.146484375,0.4638671875,0.146484375,1.0009765625,-0.1708984375,0.09765625,-0.06103515625,0.244140625,-0.23193359375,1.06201171875,-0.13427734375,0.20751953125,-0.06103515625,0.244140625,-0.2197265625,0.2685546875,-0.09765625,0.8544921875,0.048828125,0.01220703125,-0.20751953125,1.3427734375,-0.13427734375,-0.927734375,-0.09765625,-0.3173828125,-0.35400390625,-1.07421875,-0.30517578125,-0.7568359375,-0.08544921875,-1.55029296875,0.08544921875,-0.30517578125,-0.0244140625,-0.29296875,0.40283203125,-1.1962890625,-0.146484375,-2.34375,-0.048828125,-2.1240234375,-0.37841796875,-2.74658203125,-0.15869140625,-1.45263671875,-0.13427734375,-0.7080078125,-0.18310546875,-1.45263671875,-0.2197265625,-1.06201171875,0,0.37841796875,0,0.2685546875,-0.01220703125,-0.0732421875,-0.06103515625,-0.10986328125,-0.23193359375,0.06103515625,-0.09765625,-0.01220703125,0.03662109375,0.8056640625,-0.08544921875,-0.439453125,-0.09765625,-0.48828125
0,0.2685546875,-0.390625,0,-0.28076171875,0.28076171875,-0.42724609375,-0.10986328125,0,-0.1220703125,-0.10986328125,0.048828125,-0.96435546875,-0.0732421875,1.0009765625,-0.20751953125,-0.29296875,-0.10986328125,-0.96435546875,-0.18310546875,-0.4638671875,-0.048828125,0.59814453125,-0.537109375,-1.1474609375,-0.0732421875,-0.18310546875,0.0244140625,-0.74462890625,0.244140625,0.9033203125,0.146484375,0.2197265625,0.2685546875,-0.28076171875,0.1220703125,-0.81787109375,0.0244140625,-0.4150390625,0.09765625,-0.7568359375,-0.09765625,-0.18310546875,-0.244140625,-0.634765625,-0.01220703125,-0.390625,0.29296875,0.64697265625,0.01220703125,1.13525390625,-0.30517578125,0.439453125,-0.15869140625,-0.1953125,0.13427734375,0.72021484375,-0.52490234375,0.62255859375,-0.15869140625,0.47607421875,0.06103515625,1.03759765625,-0.15869140625,0.08544921875,-0.0732421875,0.2685546875,-0.244140625,1.06201171875,-0.13427734375,0.18310546875,-0.048828125,0.23193359375,-0.2685546875,0.25634765625,-0.048828125,0.89111328125,0.0244140625,0.0244140625,-0.13427734375,1.3427734375,-0.13427734375,-0.927734375,-0.09765625,-0.32958984375,-0.40283203125,-1.0498046875,-0.1708984375,-0.7568359375,-0.10986328125,-1.513671875,-0.03662109375,-0.29296875,-0.01220703125,-0.30517578125,0.23193359375,-1.220703125,-0.15869140625,-2.25830078125,0.0732421875,-1.98974609375,-0.35400390625,-2.55126953125,-0.1708984375,-1.33056640625,-0.2197265625,-0.72021484375,-0.0732421875,-1.47705078125,-0.20751953125,-1.0498046875,-0.048828125,0.390625,0,0.30517578125,0.01220703125,-0.0732421875,-0.06103515625,-0.13427734375,-0.1953125,0.06103515625,-0.08544921875,0.01220703125,0.01220703125,0.81787109375,-0.08544921875,-0.45166015625,-0.08544921875,-0.4638671875
0,0.244140625,-0.390625,0.01220703125,-0.29296875,0.28076171875,-0.42724609375,-0.09765625,0,-0.13427734375,-0.1220703125,0.03662109375,-0.93994140625,-0.03662109375,1.0009765625,-0.2197265625,-0.28076171875,-0.13427734375,-0.98876953125,-0.15869140625,-0.48828125,-0.06103515625,0.5859375,-0.5126953125,-1.123046875,-0.048828125,-0.20751953125,-0.01220703125,-0.76904296875,0.25634765625,0.86669921875,-0.0244140625,0.1953125,0.2197265625,-0.29296875,0.1953125,-0.81787109375,-0.01220703125,-0.390625,0.10986328125,-0.72021484375,-0.15869140625,-0.1953125,-0.3173828125,-0.64697265625,0.0244140625,-0.37841796875,0.25634765625,0.634765625,-0.0244140625,1.1474609375,-0.30517578125,0.45166015625,-0.23193359375,-0.18310546875,0.10986328125,0.74462890625,-0.537109375,0.62255859375,-0.146484375,0.4638671875,0,1.06201171875,-0.0732421875,0.10986328125,-0.06103515625,0.28076171875,-0.2685546875,1.06201171875,-0.146484375,0.18310546875,-0.048828125,0.244140625,-0.3173828125,0.2685546875,-0.01220703125,0.89111328125,0.048828125,0.0244140625,-0.06103515625,1.3671875,-0.1220703125,-0.91552734375,-0.09765625,-0.3173828125,-0.3662109375,-1.0498046875,-0.048828125,-0.7568359375,-0.09765625,-1.50146484375,-0.09765625,-0.29296875,0.03662109375,-0.30517578125,0.048828125,-1.28173828125,-0.13427734375,-2.001953125,0.10986328125,-1.74560546875,-0.32958984375,-2.1728515625,-0.18310546875,-1.08642578125,-0.25634765625,-0.72021484375,0,-1.46484375,-0.25634765625,-1.0498046875,-0.10986328125,0.40283203125,0,0.29296875,0.048828125,-0.08544921875,-0.0732421875,-0.10986328125,-0.1708984375,0.06103515625,-0.09765625,-0.0244140625,0.01220703125,0.830078125,-0.08544921875,-0.45166015625,-0.048828125,-0.47607421875
0,0.2197265625,-0.40283203125,0.01220703125,-0.28076171875,0.29296875,-0.4150390625,-0.0732421875,0,-0.13427734375,-0.10986328125,0.01220703125,-0.9521484375,-0.0244140625,0.98876953125,-0.23193359375,-0.2685546875,-0.13427734375,-1.0009765625,-0.13427734375,-0.48828125,-0.10986328125,0.57373046875,-0.37841796875,-1.0986328125,-0.06103515625,-0.1708984375,-0.048828125,-0.79345703125,0.2197265625,0.86669921875,-0.20751953125,0.1953125,0.146484375,-0.3173828125,0.2685546875,-0.830078125,-0.048828125,-0.390625,0.0732421875,-0.69580078125,-0.28076171875,-0.1953125,-0.341796875,-0.634765625,0.01220703125,-0.35400390625,0.29296875,0.6103515625,-0.0244140625,1.1474609375,-0.28076171875,0.4638671875,-0.29296875,-0.18310546875,0.09765625,0.76904296875,-0.5126953125,0.634765625,-0.10986328125,0.4638671875,-0.146484375,1.025390625,0.01220703125,0.13427734375,-0.13427734375,0.29296875,-0.244140625,1.0498046875,-0.146484375,0.18310546875,-0.0244140625,0.244140625,-0.35400390625,0.2685546875,0,0.87890625,0.08544921875,0.01220703125,0.0244140625,1.3671875,-0.1220703125,-0.927734375,-0.0732421875,-0.3173828125,-0.28076171875,-1.0498046875,0.0244140625,-0.76904296875,-0.0732421875,-1.46484375,-0.1220703125,-0.29296875,0.0732421875,-0.32958984375,-0.146484375,-1.30615234375,-0.15869140625,-1.6357421875,0.13427734375,-1.37939453125,-0.3662109375,-1.64794921875,-0.20751953125,-0.7568359375,-0.1953125,-0.74462890625,0.01220703125,-1.46484375,-0.28076171875,-1.03759765625,-0.1708984375,0.37841796875,0,0.28076171875,0.03662109375,-0.0732421875,-0.06103515625,-0.09765625,-0.146484375,0.03662109375,-0.0732421875,-0.0244140625,-0.01220703125,0.84228515625,-0.10986328125,-0.45166015625,-0.03662109375,-0.47607421875
0,0.15869140625,-0.390625,0.01220703125,-0.2685546875,0.25634765625,-0.4150390625,-0.048828125,0,-0.146484375,-0.09765625,0,-0.9521484375,0.01220703125,1.01318359375,-0.23193359375,-0.29296875,-0.09765625,-0.9765625,-0.08544921875,-0.50048828125,-0.146484375,0.57373046875,-0.15869140625,-1.07421875,-0.13427734375,-0.15869140625,-0.08544921875,-0.79345703125,0.1220703125,0.9033203125,-0.35400390625,0.20751953125,0.08544921875,-0.341796875,0.30517578125,-0.830078125,-0.08544921875,-0.390625,0.01220703125,-0.68359375,-0.37841796875,-0.15869140625,-0.29296875,-0.6591796875,-0.01220703125,-0.3662109375,0.23193359375,0.6103515625,-0.048828125,1.1474609375,-0.23193359375,0.47607421875,-0.3173828125,-0.18310546875,0.1220703125,0.79345703125,-0.50048828125,0.6591796875,-0.048828125,0.45166015625,-0.244140625,0.96435546875,0.048828125,0.13427734375,-0.1708984375,0.28076171875,-0.15869140625,1.0498046875,-0.146484375,0.1953125,-0.048828125,0.244140625,-0.32958984375,0.244140625,0.03662109375,0.87890625,0.0732421875,0.01220703125,0.048828125,1.40380859375,-0.048828125,-0.927734375,-0.048828125,-0.30517578125,-0.13427734375,-1.025390625,0.0732421875,-0.76904296875,-0.13427734375,-1.46484375,-0.10986328125,-0.28076171875,0.0732421875,-0.341796875,-0.244140625,-1.35498046875,-0.18310546875,-1.23291015625,0.048828125,-1.03759765625,-0.4150390625,-1.123046875,-0.20751953125,-0.42724609375,-0.08544921875,-0.732421875,0.0244140625,-1.47705078125,-0.29296875,-1.025390625,-0.146484375,0.4150390625,-0.0244140625,0.28076171875,0.01220703125,-0.09765625,-0.0732421875,-0.08544921875,-0.13427734375,0.0244140625,-0.09765625,-0.03662109375,-0.0244140625,0.8544921875,-0.10986328125,-0.45166015625,-0.01220703125,-0.4638671875
0,0.13427734375,-0.390625,-0.01220703125,-0.28076171875,0.244140625,-0.4150390625,-0.03662109375,0.0244140625,-0.13427734375,-0.09765625,0.01220703125,-0.927734375,0.01220703125,1.01318359375,-0.20751953125,-0.3173828125,-0.048828125,-0.9765625,-0.01220703125,-0.50048828125,-0.1708984375,0.5859375,0.03662109375,-1.06201171875,-0.20751953125,-0.146484375,-0.09765625,-0.8056640625,-0.01220703125,0.9033203125,-0.48828125,0.20751953125,-0.01220703125,-0.35400390625,0.28076171875,-0.830078125,-0.13427734375,-0.42724609375,0.01220703125,-0.68359375,-0.4150390625,-0.18310546875,-0.2685546875,-0.634765625,-0.1220703125,-0.3662109375,0.18310546875,0.59814453125,-0.0244140625,1.1474609375,-0.15869140625,0.48828125,-0.28076171875,-0.20751953125,0.09765625,0.78125,-0.4638671875,0.67138671875,0.03662109375,0.42724609375,-0.4150390625,0.86669921875,0.08544921875,0.10986328125,-0.15869140625,0.28076171875,-0.1220703125,1.0498046875,-0.0732421875,0.2197265625,-0.09765625,0.25634765625,-0.28076171875,0.2685546875,0.0732421875,0.87890625,0.10986328125,0.01220703125,0.0732421875,1.40380859375,0.0244140625,-0.927734375,0.03662109375,-0.29296875,0.01220703125,-1.025390625,0.0244140625,-0.78125,-0.20751953125,-1.46484375,-0.08544921875,-0.2685546875,0.01220703125,-0.3662109375,-0.244140625,-1.35498046875,-0.18310546875,-0.91552734375,-0.03662109375,-0.72021484375,-0.42724609375,-0.67138671875,-0.13427734375,-0.13427734375,0.03662109375,-0.74462890625,0.0244140625,-1.4892578125,-0.28076171875,-1.03759765625,-0.13427734375,0.40283203125,-0.0244140625,0.29296875,0.01220703125,-0.09765625,-0.0732421875,-0.0732421875,-0.09765625,0.03662109375,-0.09765625,-0.048828125,-0.03662109375,0.830078125,-0.09765625,-0.45166015625,-0.0244140625,-0.45166015625
0,0.09765625,-0.40283203125,-0.06103515625,-0.28076171875,0.244140625,-0.40283203125,-0.03662109375,0.0244140625,-0.1220703125,-0.10986328125,-0.01220703125,-0.93994140625,0.03662109375,1.0009765625,-0.2197265625,-0.3173828125,-0.03662109375,-0.9521484375,0.06103515625,-0.50048828125,-0.146484375,0.5859375,0.18310546875,-1.0498046875,-0.32958984375,-0.146484375,-0.13427734375,-0.79345703125,-0.15869140625,0.9033203125,-0.4638671875,0.2197265625,-0.048828125,-0.3662109375,0.23193359375,-0.8544921875,-0.1220703125,-0.40283203125,-0.048828125,-0.67138671875,-0.439453125,-0.18310546875,-0.1953125,-0.67138671875,-0.244140625,-0.35400390625,0.15869140625,0.634765625,-0.06103515625,1.123046875,-0.09765625,0.50048828125,-0.2685546875,-0.1953125,0.10986328125,0.76904296875,-0.439453125,0.6591796875,0.10986328125,0.439453125,-0.50048828125,0.74462890625,0.048828125,0.10986328125,-0.1708984375,0.28076171875,-0.0732421875,1.06201171875,-0.0244140625,0.2197265625,-0.10986328125,0.23193359375,-0.244140625,0.28076171875,0.13427734375,0.84228515625,0.10986328125,0,0.08544921875,1.37939453125,0.08544921875,-0.9521484375,0.10986328125,-0.29296875,0.1220703125,-1.025390625,-0.0244140625,-0.79345703125,-0.28076171875,-1.50146484375,-0.06103515625,-0.2685546875,-0.10986328125,-0.35400390625,-0.1953125,-1.33056640625,-0.2197265625,-0.6591796875,-0.1220703125,-0.52490234375,-0.4150390625,-0.3662109375,-0.10986328125,0.048828125,0.18310546875,-0.76904296875,0.03662109375,-1.4892578125,-0.28076171875,-1.025390625,-0.13427734375,0.40283203125,-0.03662109375,0.30517578125,0.01220703125,-0.10986328125,-0.0732421875,-0.06103515625,-0.10986328125,0.0244140625,-0.10986328125,-0.03662109375,-0.06103515625,0.84228515625,-0.06103515625,-0.4638671875,-0.0244140625,-0.47607421875
0,0.0732421875,-0.4150390625,-0.0244140625,-0.29296875,0.23193359375,-0.390625,-0.01220703125,0.0244140625,-0.15869140625,-0.10986328125,-0.01220703125,-0.9521484375,0.0732421875,0.98876953125,-0.2197265625,-0.30517578125,0.0244140625,-0.93994140625,0.09765625,-0.48828125,-0.08544921875,0.54931640625,0.2197265625,-1.0498046875,-0.40283203125,-0.146484375,-0.18310546875,-0.76904296875,-0.244140625,0.91552734375,-0.3662109375,0.20751953125,-0.06103515625,-0.3662109375,0.146484375,-0.830078125,-0.08544921875,-0.439453125,-0.03662109375,-0.7080078125,-0.439453125,-0.1953125,-0.146484375,-0.6591796875,-0.341796875,-0.341796875,0.1708984375,0.634765625,-0.10986328125,1.11083984375,-0.10986328125,0.5126953125,-0.23193359375,-0.1708984375,0.09765625,0.74462890625,-0.390625,0.6591796875,0.146484375,0.42724609375,-0.48828125,0.62255859375,-0.0244140625,0.08544921875,-0.146484375,0.29296875,0,1.0498046875,0.01220703125,0.20751953125,-0.146484375,0.244140625,-0.15869140625,0.28076171875,0.1708984375,0.87890625,0.146484375,0,0.0732421875,1.3671875,0.15869140625,-0.9521484375,0.15869140625,-0.30517578125,0.2197265625,-1.025390625,-0.048828125,-0.76904296875,-0.35400390625,-1.50146484375,-0.03662109375,-0.23193359375,-0.244140625,-0.32958984375,0,-1.2939453125,-0.2197265625,-0.5859375,-0.1953125,-0.4638671875,-0.3173828125,-0.29296875,0,0.10986328125,0.2685546875,-0.74462890625,0.01220703125,-1.47705078125,-0.29296875,-1.025390625,-0.15869140625,0.40283203125,-0.048828125,0.29296875,0.01220703125,-0.09765625,-0.06103515625,-0.048828125,-0.08544921875,0.048828125,-0.146484375,-0.048828125,-0.03662109375,0.86669921875,-0.0244140625,-0.48828125,-0.0244140625,-0.4638671875
1,0.048828125,-0.40283203125,-0.06103515625,-0.28076171875,0.25634765625,-0.390625,-0.01220703125,0.0244140625,-0.1708984375,-0.1220703125,-0.0244140625,-0.91552734375,0.08544921875,0.9765625,-0.1953125,-0.30517578125,0.048828125,-0.93994140625,0.09765625,-0.47607421875,-0.01220703125,0.54931640625,0.1953125,-1.06201171875,-0.45166015625,-0.146484375,-0.2197265625,-0.74462890625,-0.30517578125,0.89111328125,-0.2197265625,0.23193359375,-0.0244140625,-0.35400390625,0.06103515625,-0.86669921875,-0.06103515625,-0.45166015625,-0.03662109375,-0.7080078125,-0.37841796875,-0.20751953125,-0.15869140625,-0.6591796875,-0.42724609375,-0.3662109375,0.1953125,0.64697265625,-0.10986328125,1.123046875,-0.13427734375,0.47607421875,-0.2197265625,-0.15869140625,0.10986328125,0.732421875,-0.3662109375,0.6591796875,0.15869140625,0.42724609375,-0.4638671875,0.50048828125,-0.048828125,0.0732421875,-0.0732421875,0.28076171875,0.06103515625,1.0498046875,0.048828125,0.20751953125,-0.1220703125,0.2197265625,-0.1708984375,0.28076171875,0.20751953125,0.9033203125,0.13427734375,0.01220703125,0.0732421875,1.3427734375,0.20751953125,-0.9765625,0.2197265625,-0.28076171875,0.20751953125,-1.01318359375,-0.0732421875,-0.7568359375,-0.35400390625,-1.52587890625,-0.01220703125,-0.244140625,-0.35400390625,-0.32958984375,0.15869140625,-1.25732421875,-0.13427734375,-0.634765625,-0.2197265625,-0.52490234375,-0.2197265625,-0.4150390625,0.0732421875,0.0244140625,0.29296875,-0.72021484375,0.0244140625,-1.4892578125,-0.3173828125,-1.025390625,-0.18310546875,0.40283203125,-0.06103515625,0.29296875,0,-0.1220703125,-0.06103515625,-0.03662109375,-0.0732421875,0.03662109375,-0.146484375,-0.03662109375,-0.0244140625,0.86669921875,0,-0.47607421875,-0.03662109375,-0.47607421875
1,-0.01220703125,-0.40283203125,-0.09765625,-0.28076171875,0.23193359375,-0.40283203125,-0.0244140625,0.0244140625,-0.20751953125,-0.15869140625,-0.03662109375,-0.927734375,0.10986328125,0.96435546875,-0.146484375,-0.28076171875,0.09765625,-0.93994140625,0.08544921875,-0.45166015625,0.09765625,0.54931640625,0.13427734375,-1.0986328125,-0.439453125,-0.15869140625,-0.30517578125,-0.76904296875,-0.3173828125,0.89111328125,-0.06103515625,0.20751953125,0.01220703125,-0.35400390625,-0.03662109375,-0.84228515625,0,-0.47607421875,-0.01220703125,-0.69580078125,-0.28076171875,-0.2197265625,-0.1708984375,-0.634765625,-0.50048828125,-0.3662109375,0.244140625,0.6591796875,-0.1220703125,1.123046875,-0.18310546875,0.4638671875,-0.18310546875,-0.146484375,0.08544921875,0.732421875,-0.341796875,0.6591796875,0.1220703125,0.439453125,-0.47607421875,0.4150390625,-0.1220703125,0.06103515625,0,0.25634765625,0.1220703125,1.0498046875,0.03662109375,0.20751953125,-0.13427734375,0.20751953125,-0.146484375,0.28076171875,0.25634765625,0.89111328125,0.146484375,0,0.06103515625,1.33056640625,0.244140625,-0.98876953125,0.2685546875,-0.30517578125,0.13427734375,-1.025390625,-0.06103515625,-0.74462890625,-0.3173828125,-1.5380859375,0.01220703125,-0.2197265625,-0.3173828125,-0.3173828125,0.2685546875,-1.220703125,-0.15869140625,-0.78125,-0.2197265625,-0.7080078125,-0.15869140625,-0.7080078125,0.03662109375,-0.13427734375,0.23193359375,-0.74462890625,0.01220703125,-1.46484375,-0.30517578125,-1.025390625,-0.1953125,0.35400390625,-0.08544921875,0.28076171875,-0.0244140625,-0.1220703125,-0.06103515625,-0.03662109375,-0.0732421875,0.048828125,-0.15869140625,0.01220703125,-0.03662109375,0.8544921875,0,-0.4638671875,-0.06103515625,-0.4638671875
1,-0.0244140625,-0.390625,-0.08544921875,-0.2685546875,0.20751953125,-0.40283203125,0,0.0244140625,-0.1708984375,-0.15869140625,-0.048828125,-0.91552734375,0.09765625,0.9765625,-0.1220703125,-0.29296875,0.13427734375,-0.96435546875,0.06103515625,-0.4638671875,0.15869140625,0.54931640625,0.048828125,-1.13525390625,-0.37841796875,-0.1953125,-0.32958984375,-0.76904296875,-0.23193359375,0.89111328125,0,0.2197265625,-0.0244140625,-0.3662109375,-0.10986328125,-0.8544921875,0.06103515625,-0.47607421875,0.0244140625,-0.72021484375,-0.1953125,-0.20751953125,-0.1708984375,-0.64697265625,-0.48828125,-0.390625,0.23193359375,0.6591796875,-0.0732421875,1.123046875,-0.20751953125,0.45166015625,-0.146484375,-0.13427734375,0.06103515625,0.7080078125,-0.30517578125,0.68359375,0.1220703125,0.439453125,-0.42724609375,0.341796875,-0.1708984375,0.0732421875,0.09765625,0.28076171875,0.18310546875,1.06201171875,0.06103515625,0.20751953125,-0.1220703125,0.1953125,-0.1220703125,0.29296875,0.2685546875,0.9521484375,0.15869140625,0.01220703125,-0.0244140625,1.33056640625,0.25634765625,-0.96435546875,0.28076171875,-0.3173828125,-0.0244140625,-1.01318359375,-0.03662109375,-0.74462890625,-0.244140625,-1.55029296875,0.06103515625,-0.23193359375,-0.25634765625,-0.29296875,0.3173828125,-1.18408203125,-0.08544921875,-1.025390625,-0.06103515625,-0.927734375,-0.0244140625,-1.06201171875,0.13427734375,-0.35400390625,0.1220703125,-0.732421875,-0.0244140625,-1.46484375,-0.25634765625,-1.03759765625,-0.15869140625,0.3662109375,-0.08544921875,0.28076171875,-0.06103515625,-0.10986328125,-0.06103515625,-0.0244140625,-0.048828125,0.03662109375,-0.13427734375,0.0244140625,-0.048828125,0.8544921875,0.0244140625,-0.45166015625,-0.0732421875,-0.45166015625
1,-0.048828125,-0.390625,-0.06103515625,-0.28076171875,0.20751953125,-0.40283203125,0,0.01220703125,-0.1953125,-0.15869140625,-0.0732421875,-0.927734375,0.09765625,0.9765625,-0.09765625,-0.28076171875,0.15869140625,-0.9521484375,0.03662109375,-0.4638671875,0.18310546875,0.54931640625,-0.048828125,-1.1474609375,-0.30517578125,-0.1953125,-0.3173828125,-0.7568359375,-0.09765625,0.8544921875,0.03662109375,0.2197265625,-0.0244140625,-0.341796875,-0.15869140625,-0.830078125,0.08544921875,-0.47607421875,0.06103515625,-0.7080078125,-0.0732421875,-0.20751953125,-0.2197265625,-0.6591796875,-0.439453125,-0.37841796875,0.2197265625,0.6591796875,-0.03662109375,1.13525390625,-0.28076171875,0.45166015625,-0.1708984375,-0.1220703125,0.01220703125,0.72021484375,-0.25634765625,0.67138671875,0.10986328125,0.4638671875,-0.37841796875,0.35400390625,-0.1953125,0.06103515625,0.15869140625,0.2685546875,0.20751953125,1.03759765625,0.09765625,0.1953125,-0.1220703125,0.1953125,-0.06103515625,0.2685546875,0.2685546875,0.89111328125,0.146484375,0,-0.08544921875,1.3427734375,0.25634765625,-0.93994140625,0.244140625,-0.32958984375,-0.1708984375,-1.01318359375,0,-0.74462890625,-0.1708984375,-1.57470703125,0.0732421875,-0.23193359375,-0.1220703125,-0.2685546875,0.244140625,-1.1474609375,-0.1708984375,-1.220703125,0.01220703125,-1.1474609375,0.0244140625,-1.416015625,0.09765625,-0.5859375,-0.01220703125,-0.72021484375,-0.06103515625,-1.47705078125,-0.13427734375,-1.0498046875,-0.146484375,0.37841796875,-0.06103515625,0.25634765625,-0.06103515625,-0.08544921875,-0.0732421875,-0.03662109375,-0.03662109375,0.03662109375,-0.146484375,0.01220703125,-0.03662109375,0.84228515625,0.01220703125,-0.47607421875,-0.08544921875,-0.4638671875
1,-0.048828125,-0.37841796875,-0.06103515625,-0.3173828125,0.1953125,-0.40283203125,0.048828125,-0.01220703125,-0.146484375,-0.13427734375,-0.08544921875,-0.93994140625,0.1220703125,0.9765625,-0.08544921875,-0.29296875,0.13427734375,-0.96435546875,0.01220703125,-0.45166015625,0.1953125,0.5615234375,-0.13427734375,-1.15966796875,-0.2685546875,-0.1708984375,-0.29296875,-0.76904296875,0.0732421875,0.86669921875,-0.01220703125,0.23193359375,-0.06103515625,-0.32958984375,-0.10986328125,-0.830078125,0.10986328125,-0.45166015625,0.10986328125,-0.7080078125,0.03662109375,-0.1953125,-0.28076171875,-0.62255859375,-0.3662109375,-0.40283203125,0.15869140625,0.6591796875,0.01220703125,1.13525390625,-0.3662109375,0.45166015625,-0.18310546875,-0.1220703125,0.0244140625,0.72021484375,-0.2197265625,0.68359375,0.0732421875,0.47607421875,-0.30517578125,0.390625,-0.18310546875,0.08544921875,0.1708984375,0.29296875,0.28076171875,1.03759765625,0.08544921875,0.20751953125,-0.09765625,0.20751953125,-0.01220703125,0.28076171875,0.25634765625,0.927734375,0.146484375,0.01220703125,-0.10986328125,1.318359375,0.244140625,-0.927734375,0.18310546875,-0.341796875,-0.29296875,-1.0009765625,0.01220703125,-0.7568359375,-0.09765625,-1.57470703125,0.06103515625,-0.23193359375,0.0732421875,-0.23193359375,0.146484375,-1.1474609375,-0.25634765625,-1.3916015625,0.1220703125,-1.26953125,0,-1.66015625,0.01220703125,-0.68359375,-0.1220703125,-0.72021484375,-0.1220703125,-1.45263671875,-0.048828125,-1.025390625,-0.15869140625,0.40283203125,-0.0244140625,0.25634765625,-0.06103515625,-0.08544921875,-0.0732421875,-0.0244140625,-0.0244140625,0.01220703125,-0.13427734375,0,-0.048828125,0.81787109375,-0.0244140625,-0.47607421875,-0.08544921875,-0.47607421875
1,-0.048828125,-0.37841796875,-0.09765625,-0.3173828125,0.1953125,-0.390625,0.048828125,-0.048828125,-0.15869140625,-0.10986328125,-0.08544921875,-0.93994140625,0.13427734375,1.0009765625,-0.048828125,-0.30517578125,0.08544921875,-0.96435546875,-0.01220703125,-0.45166015625,0.09765625,0.57373046875,-0.2197265625,-1.15966796875,-0.1953125,-0.1953125,-0.2197265625,-0.76904296875,0.2197265625,0.86669921875,-0.10986328125,0.23193359375,-0.10986328125,-0.3173828125,-0.01220703125,-0.8056640625,0.10986328125,-0.439453125,0.10986328125,-0.72021484375,0.10986328125,-0.18310546875,-0.3173828125,-0.62255859375,-0.2197265625,-0.4150390625,0.0732421875,0.67138671875,0.06103515625,1.15966796875,-0.40283203125,0.45166015625,-0.2197265625,-0.1220703125,0.048828125,0.74462890625,-0.23193359375,0.68359375,0.048828125,0.47607421875,-0.1953125,0.439453125,-0.146484375,0.1220703125,0.1708984375,0.28076171875,0.3173828125,1.0498046875,0.06103515625,0.18310546875,-0.08544921875,0.20751953125,0.0732421875,0.28076171875,0.20751953125,0.91552734375,0.1220703125,0.0244140625,-0.15869140625,1.33056640625,0.20751953125,-0.927734375,0.1220703125,-0.32958984375,-0.3662109375,-1.0009765625,-0.0244140625,-0.7568359375,-0.03662109375,-1.5625,-0.01220703125,-0.25634765625,0.1708984375,-0.23193359375,0.06103515625,-1.1474609375,-0.20751953125,-1.42822265625,0.29296875,-1.28173828125,0.06103515625,-1.7333984375,0.08544921875,-0.7080078125,-0.1708984375,-0.7080078125,-0.18310546875,-1.45263671875,0,-1.025390625,-0.1953125,0.4150390625,-0.01220703125,0.2685546875,-0.048828125,-0.08544921875,-0.0732421875,-0.01220703125,0,0,-0.13427734375,0.0244140625,-0.06103515625,0.8056640625,-0.03662109375,-0.45166015625,-0.06103515625,-0.47607421875
1,-0.1220703125,-0.3662109375,-0.15869140625,-0.32958984375,0.244140625,-0.4150390625,0.06103515625,-0.03662109375,-0.1708984375,-0.10986328125,-0.1220703125,-0.927734375,0.10986328125,1.01318359375,-0.03662109375,-0.29296875,-0.01220703125,-0.98876953125,-0.03662109375,-0.47607421875,-0.01220703125,0.57373046875,-0.25634765625,-1.1474609375,-0.18310546875,-0.1953125,-0.13427734375,-0.81787109375,0.29296875,0.84228515625,-0.10986328125,0.20751953125,-0.1220703125,-0.32958984375,0.06103515625,-0.8056640625,0.09765625,-0.40283203125,0.10986328125,-0.72021484375,0.18310546875,-0.15869140625,-0.3173828125,-0.62255859375,-0.09765625,-0.390625,0.03662109375,0.68359375,0.10986328125,1.15966796875,-0.45166015625,0.4638671875,-0.32958984375,-0.13427734375,0.09765625,0.74462890625,-0.28076171875,0.6591796875,0.048828125,0.4638671875,-0.1220703125,0.537109375,-0.244140625,0.10986328125,0.1953125,0.29296875,0.30517578125,1.0498046875,0.03662109375,0.20751953125,-0.06103515625,0.23193359375,0.13427734375,0.28076171875,0.18310546875,0.89111328125,0.08544921875,0.0244140625,-0.13427734375,1.33056640625,0.146484375,-0.91552734375,0.06103515625,-0.35400390625,-0.35400390625,-1.0009765625,-0.13427734375,-0.76904296875,0.01220703125,-1.52587890625,0,-0.244140625,0.23193359375,-0.23193359375,-0.0244140625,-1.171875,-0.1953125,-1.33056640625,0.341796875,-1.1962890625,-0.01220703125,-1.64794921875,0.048828125,-0.634765625,-0.146484375,-0.72021484375,-0.244140625,-1.46484375,-0.01220703125,-1.03759765625,-0.23193359375,0.42724609375,-0.01220703125,0.244140625,-0.01220703125,-0.08544921875,-0.0732421875,-0.01220703125,0.01220703125,0,-0.146484375,0.01220703125,-0.08544921875,0.78125,-0.06103515625,-0.439453125,-0.0732421875,-0.48828125
1,-0.1220703125,-0.37841796875,-0.15869140625,-0.3173828125,0.20751953125,-0.4150390625,0.0732421875,-0.01220703125,-0.20751953125,-0.08544921875,-0.1220703125,-0.927734375,0.09765625,1.0009765625,-0.0244140625,-0.3173828125,-0.08544921875,-1.0009765625,-0.048828125,-0.47607421875,-0.146484375,0.57373046875,-0.28076171875,-1.11083984375,-0.1708984375,-0.1953125,-0.01220703125,-0.830078125,0.341796875,0.84228515625,-0.13427734375,0.20751953125,-0.1220703125,-0.32958984375,0.1708984375,-0.81787109375,0.09765625,-0.390625,0.09765625,-0.7080078125,0.1708984375,-0.1708984375,-0.30517578125,-0.634765625,0.01220703125,-0.390625,0.01220703125,0.68359375,0.15869140625,1.171875,-0.48828125,0.47607421875,-0.42724609375,-0.13427734375,0.13427734375,0.78125,-0.3173828125,0.6591796875,0.01220703125,0.439453125,-0.10986328125,0.5859375,-0.2197265625,0.146484375,0.244140625,0.3173828125,0.29296875,1.0498046875,0.0244140625,0.2197265625,-0.048828125,0.25634765625,0.18310546875,0.28076171875,0.09765625,0.9033203125,0.048828125,0.03662109375,-0.1220703125,1.3671875,0.10986328125,-0.927734375,0,-0.341796875,-0.244140625,-0.96435546875,-0.1953125,-0.7568359375,0.0732421875,-1.52587890625,0.01220703125,-0.2685546875,0.23193359375,-0.244140625,-0.01220703125,-1.171875,-0.13427734375,-1.08642578125,0.3173828125,-0.98876953125,-0.20751953125,-1.3916015625,-0.048828125,-0.4150390625,-0.09765625,-0.732421875,-0.32958984375,-1.46484375,-0.06103515625,-1.025390625,-0.2685546875,0.439453125,0.01220703125,0.25634765625,0.01220703125,-0.0732421875,-0.08544921875,-0.01220703125,0.03662109375,0.0244140625,-0.13427734375,-0.0244140625,-0.09765625,0.78125,-0.0732421875,-0.439453125,-0.0732421875,-0.50048828125
1,-0.13427734375,-0.390625,-0.09765625,-0.30517578125,0.2197265625,-0.42724609375,0.09765625,0,-0.20751953125,-0.08544921875,-0.13427734375,-0.927734375,0.09765625,1.0009765625,0,-0.29296875,-0.146484375,-0.9765625,-0.0732421875,-0.48828125,-0.29296875,0.59814453125,-0.2685546875,-1.06201171875,-0.146484375,-0.15869140625,0.048828125,-0.81787109375,0.29296875,0.87890625,-0.0732421875,0.20751953125,-0.048828125,-0.32958984375,0.23193359375,-0.8056640625,0.1220703125,-0.390625,0.0732421875,-0.732421875,0.08544921875,-0.15869140625,-0.28076171875,-0.64697265625,0.08544921875,-0.390625,0.0244140625,0.68359375,0.1953125,1.1474609375,-0.47607421875,0.48828125,-0.48828125,-0.146484375,0.13427734375,0.79345703125,-0.35400390625,0.62255859375,0,0.4150390625,-0.01220703125,0.6591796875,-0.18310546875,0.1708984375,0.30517578125,0.32958984375,0.25634765625,1.0498046875,0,0.2197265625,-0.0732421875,0.244140625,0.1953125,0.29296875,0.01220703125,0.927734375,0.0244140625,0.03662109375,-0.1220703125,1.3671875,0.09765625,-0.927734375,-0.06103515625,-0.341796875,-0.1220703125,-0.98876953125,-0.29296875,-0.78125,0.09765625,-1.50146484375,0.0244140625,-0.30517578125,0.1708984375,-0.25634765625,0,-1.220703125,0.048828125,-0.78125,0.341796875,-0.67138671875,-0.23193359375,-1.025390625,0.08544921875,-0.1220703125,-0.03662109375,-0.7080078125,-0.3662109375,-1.45263671875,-0.08544921875,-1.01318359375,-0.244140625,0.42724609375,0.0244140625,0.2685546875,0.01220703125,-0.0732421875,-0.06103515625,-0.0244140625,0.0244140625,0.01220703125,-0.146484375,-0.06103515625,-0.0732421875,0.79345703125,-0.06103515625,-0.4638671875,-0.0732421875,-0.45166015625
1,-0.146484375,-0.40283203125,-0.08544921875,-0.2685546875,0.20751953125,-0.40283203125,0.10986328125,0,-0.2197265625,-0.08544921875,-0.13427734375,-0.93994140625,0.0732421875,1.0009765625,0,-0.2685546875,-0.1708984375,-0.9521484375,-0.08544921875,-0.50048828125,-0.35400390625,0.5859375,-0.20751953125,-1.06201171875,-0.18310546875,-0.15869140625,0.10986328125,-0.81787109375,0.2197265625,0.89111328125,-0.0244140625,0.20751953125,0.08544921875,-0.3173828125,0.28076171875,-0.830078125,0.13427734375,-0.40283203125,0.0244140625,-0.72021484375,-0.048828125,-0.15869140625,-0.25634765625,-0.6591796875,0.08544921875,-0.40283203125,0.0732421875,0.67138671875,0.13427734375,1.15966796875,-0.40283203125,0.50048828125,-0.50048828125,-0.15869140625,0.10986328125,0.78125,-0.3662109375,0.59814453125,0.01220703125,0.42724609375,-0.0732421875,0.68359375,-0.1220703125,0.20751953125,0.30517578125,0.32958984375,0.1953125,1.06201171875,-0.0244140625,0.23193359375,-0.08544921875,0.25634765625,0.1708984375,0.28076171875,-0.06103515625,0.93994140625,-0.01220703125,0.0244140625,-0.10986328125,1.37939453125,0.0732421875,-0.927734375,-0.0732421875,-0.3173828125,0.048828125,-0.98876953125,-0.3173828125,-0.76904296875,0.03662109375,-1.4892578125,0.06103515625,-0.29296875,0.048828125,-0.25634765625,0.048828125,-1.220703125,0.08544921875,-0.45166015625,0.244140625,-0.30517578125,-0.341796875,-0.64697265625,0.0244140625,0.2197265625,0.01220703125,-0.732421875,-0.3662109375,-1.45263671875,-0.146484375,-1.025390625,-0.1708984375,0.45166015625,0.0244140625,0.2685546875,0.03662109375,-0.10986328125,-0.06103515625,-0.03662109375,0.0244140625,0.0244140625,-0.1708984375,-0.06103515625,-0.10986328125,0.84228515625,-0.06103515625,-0.45166015625,-0.0732421875,-0.47607421875
1,-0.15869140625,-0.40283203125,-0.146484375,-0.25634765625,0.1708984375,-0.390625,0.10986328125,0.03662109375,-0.18310546875,-0.10986328125,-0.146484375,-0.927734375,0.03662109375,0.98876953125,0.01220703125,-0.28076171875,-0.18310546875,-0.93994140625,-0.08544921875,-0.50048828125,-0.35400390625,0.5859375,-0.146484375,-1.0498046875,-0.18310546875,-0.15869140625,0.1220703125,-0.830078125,0.10986328125,0.9033203125,-0.0244140625,0.23193359375,0.1953125,-0.3173828125,0.30517578125,-0.8544921875,0.08544921875,-0.4150390625,-0.0732421875,-0.74462890625,-0.244140625,-0.146484375,-0.25634765625,-0.67138671875,0.0244140625,-0.40283203125,0.03662109375,0.6591796875,0.08544921875,1.15966796875,-0.28076171875,0.50048828125,-0.48828125,-0.1708984375,0.0732421875,0.76904296875,-0.32958984375,0.5859375,0.01220703125,0.42724609375,-0.048828125,0.67138671875,0.06103515625,0.20751953125,0.3173828125,0.32958984375,0.146484375,1.06201171875,-0.0244140625,0.23193359375,-0.1220703125,0.25634765625,0.146484375,0.29296875,-0.09765625,0.96435546875,-0.01220703125,0.0244140625,-0.09765625,1.3671875,0.0732421875,-0.93994140625,-0.0732421875,-0.32958984375,0.15869140625,-1.0009765625,-0.30517578125,-0.76904296875,-0.048828125,-1.4892578125,0.03662109375,-0.29296875,-0.1220703125,-0.30517578125,0.09765625,-1.23291015625,0.146484375,-0.09765625,0.2197265625,0.03662109375,-0.390625,-0.28076171875,0.06103515625,0.54931640625,0.048828125,-0.732421875,-0.32958984375,-1.47705078125,-0.1708984375,-1.03759765625,-0.1220703125,0.42724609375,0.0244140625,0.28076171875,0.03662109375,-0.09765625,-0.0732421875,-0.048828125,0,0.03662109375,-0.1708984375,-0.0732421875,-0.09765625,0.830078125,-0.048828125,-0.48828125,-0.08544921875,-0.47607421875
1,-0.20751953125,-0.40283203125,-0.15869140625,-0.23193359375,0.1953125,-0.390625,0.10986328125,0.0244140625,-0.15869140625,-0.1220703125,-0.13427734375,-0.93994140625,0.0244140625,0.9765625,-0.01220703125,-0.28076171875,-0.18310546875,-0.927734375,-0.08544921875,-0.52490234375,-0.244140625,0.5859375,-0.10986328125,-1.0498046875,-0.1708984375,-0.1708984375,0.03662109375,-0.8056640625,-0.01220703125,0.927734375,-0.0244140625,0.2197265625,0.28076171875,-0.32958984375,0.28076171875,-0.86669921875,0.048828125,-0.45166015625,-0.15869140625,-0.74462890625,-0.40283203125,-0.1708984375,-0.28076171875,-0.6591796875,-0.06103515625,-0.4150390625,0.0244140625,0.64697265625,0.01220703125,1.171875,-0.1953125,0.48828125,-0.4638671875,-0.20751953125,0.048828125,0.74462890625,-0.28076171875,0.5859375,0,0.42724609375,-0.10986328125,0.64697265625,0.13427734375,0.23193359375,0.30517578125,0.30517578125,0.06103515625,1.0498046875,-0.03662109375,0.25634765625,-0.13427734375,0.28076171875,0.1220703125,0.2685546875,-0.06103515625,0.96435546875,0,0.0244140625,-0.1220703125,1.35498046875,0.08544921875,-0.9765625,-0.048828125,-0.30517578125,0.20751953125,-1.0009765625,-0.23193359375,-0.78125,-0.146484375,-1.50146484375,-0.01220703125,-0.30517578125,-0.25634765625,-0.3173828125,0.10986328125,-1.2451171875,0.15869140625,0.1953125,0.2685546875,0.30517578125,-0.2685546875,-0.01220703125,0.1220703125,0.81787109375,0.03662109375,-0.72021484375,-0.244140625,-1.46484375,-0.1953125,-1.0009765625,-0.09765625,0.4150390625,0.03662109375,0.2685546875,0.06103515625,-0.09765625,-0.0732421875,-0.0732421875,-0.01220703125,0.03662109375,-0.1953125,-0.06103515625,-0.0732421875,0.8056640625,-0.03662109375,-0.48828125,-0.09765625,-0.48828125
1,-0.1953125,-0.390625,-0.1708984375,-0.20751953125,0.1708984375,-0.40283203125,0.09765625,0.03662109375,-0.18310546875,-0.146484375,-0.13427734375,-0.9521484375,0,0.9765625,-0.0244140625,-0.29296875,-0.13427734375,-0.93994140625,-0.0732421875,-0.5126953125,-0.06103515625,0.5859375,-0.048828125,-1.06201171875,-0.13427734375,-0.1708984375,-0.06103515625,-0.78125,-0.146484375,0.927734375,-0.08544921875,0.23193359375,0.35400390625,-0.3173828125,0.244140625,-0.87890625,0.0244140625,-0.48828125,-0.20751953125,-0.76904296875,-0.5126953125,-0.1953125,-0.3662109375,-0.67138671875,-0.146484375,-0.40283203125,0,0.62255859375,-0.03662109375,1.18408203125,-0.18310546875,0.4638671875,-0.50048828125,-0.2197265625,0.048828125,0.74462890625,-0.20751953125,0.5859375,0.03662109375,0.439453125,-0.1220703125,0.57373046875,0.146484375,0.244140625,0.28076171875,0.2685546875,-0.048828125,1.03759765625,-0.0244140625,0.23193359375,-0.1708984375,0.23193359375,0.09765625,0.244140625,-0.06103515625,0.9521484375,0.0244140625,0.0244140625,-0.09765625,1.33056640625,0.10986328125,-0.98876953125,-0.01220703125,-0.2685546875,0.23193359375,-1.01318359375,-0.08544921875,-0.78125,-0.20751953125,-1.52587890625,-0.0732421875,-0.32958984375,-0.3173828125,-0.3173828125,0.1220703125,-1.25732421875,0.0244140625,0.390625,0.244140625,0.5126953125,-0.25634765625,0.15869140625,-0.03662109375,0.9765625,0.0244140625,-0.72021484375,-0.1220703125,-1.47705078125,-0.23193359375,-1.025390625,-0.146484375,0.390625,0.0244140625,0.28076171875,0.0732421875,-0.09765625,-0.0732421875,-0.0732421875,-0.0244140625,0.03662109375,-0.2197265625,-0.048828125,-0.0244140625,0.8056640625,-0.0244140625,-0.52490234375,-0.06103515625,-0.48828125
1,-0.2197265625,-0.40283203125,-0.1708984375,-0.1953125,0.1708984375,-0.37841796875,0.13427734375,0.01220703125,-0.1708984375,-0.146484375,-0.15869140625,-0.9521484375,-0.0244140625,0.98876953125,-0.0244140625,-0.30517578125,-0.08544921875,-0.91552734375,-0.048828125,-0.48828125,0.09765625,0.5859375,-0.0244140625,-1.06201171875,-0.06103515625,-0.18310546875,-0.18310546875,-0.76904296875,-0.2197265625,0.927734375,-0.1708984375,0.244140625,0.3173828125,-0.30517578125,0.20751953125,-0.9033203125,-0.0244140625,-0.50048828125,-0.2197265625,-0.79345703125,-0.54931640625,-0.20751953125,-0.45166015625,-0.67138671875,-0.2197265625,-0.40283203125,-0.01220703125,0.634765625,-0.048828125,1.18408203125,-0.13427734375,0.4638671875,-0.439453125,-0.20751953125,0.048828125,0.72021484375,-0.1220703125,0.62255859375,-0.048828125,0.47607421875,-0.146484375,0.5126953125,0.13427734375,0.28076171875,0.20751953125,0.2197265625,-0.09765625,1.025390625,-0.03662109375,0.244140625,-0.18310546875,0.2197265625,0.08544921875,0.244140625,-0.09765625,0.9521484375,0.08544921875,0.03662109375,-0.08544921875,1.318359375,0.13427734375,-0.98876953125,0.03662109375,-0.28076171875,0.18310546875,-1.01318359375,0.09765625,-0.78125,-0.20751953125,-1.5380859375,-0.1220703125,-0.32958984375,-0.29296875,-0.32958984375,0.08544921875,-1.2451171875,-0.0732421875,0.47607421875,0.23193359375,0.62255859375,-0.15869140625,0.146484375,-0.09765625,1.07421875,-0.01220703125,-0.72021484375,0.0244140625,-1.4892578125,-0.244140625,-1.025390625,-0.18310546875,0.40283203125,0.0244140625,0.28076171875,0.0732421875,-0.10986328125,-0.06103515625,-0.0732421875,-0.048828125,0.03662109375,-0.23193359375,-0.08544921875,-0.03662109375,0.8056640625,-0.0244140625,-0.537109375,-0.03662109375,-0.5126953125
0,-0.25634765625,-0.40283203125,-0.18310546875,-0.146484375,0.146484375,-0.37841796875,0.146484375,0,-0.1708984375,-0.1708984375,-0.1708984375,-0.9521484375,-0.0244140625,0.98876953125,-0.01220703125,-0.29296875,-0.03662109375,-0.93994140625,0,-0.47607421875,0.3173828125,0.5615234375,-0.0732421875,-1.11083984375,0.01220703125,-0.23193359375,-0.28076171875,-0.7568359375,-0.2197265625,0.91552734375,-0.25634765625,0.2197265625,0.30517578125,-0.341796875,0.15869140625,-0.89111328125,-0.03662109375,-0.5126953125,-0.23193359375,-0.78125,-0.48828125,-0.20751953125,-0.52490234375,-0.6591796875,-0.244140625,-0.4150390625,-0.0244140625,0.6103515625,-0.0244140625,1.1962890625,-0.0732421875,0.47607421875,-0.341796875,-0.18310546875,0.09765625,0.7080078125,-0.01220703125,0.67138671875,-0.0732421875,0.50048828125,-0.1220703125,0.47607421875,0.15869140625,0.32958984375,0.10986328125,0.18310546875,-0.1220703125,1.01318359375,-0.048828125,0.2197265625,-0.20751953125,0.1953125,0.03662109375,0.244140625,-0.08544921875,0.96435546875,0.15869140625,0.0244140625,-0.09765625,1.30615234375,0.15869140625,-0.98876953125,0.06103515625,-0.28076171875,0.15869140625,-1.0009765625,0.25634765625,-0.78125,-0.1708984375,-1.55029296875,-0.146484375,-0.32958984375,-0.15869140625,-0.3173828125,0,-1.23291015625,-0.18310546875,0.50048828125,0.244140625,0.6591796875,-0.03662109375,0.06103515625,-0.1220703125,1.0986328125,-0.03662109375,-0.7080078125,0.10986328125,-1.46484375,-0.244140625,-1.03759765625,-0.20751953125,0.40283203125,0.01220703125,0.2685546875,0.0732421875,-0.10986328125,-0.0732421875,-0.08544921875,-0.0732421875,0.0244140625,-0.23193359375,-0.06103515625,-0.06103515625,0.78125,-0.0244140625,-0.57373046875,-0.048828125,-0.52490234375
0,-0.30517578125,-0.37841796875,-0.146484375,-0.09765625,0.10986328125,-0.390625,0.15869140625,0,-0.13427734375,-0.15869140625,-0.18310546875,-0.9521484375,-0.048828125,0.9521484375,0,-0.2685546875,0.0244140625,-0.93994140625,0.048828125,-0.4638671875,0.4150390625,0.5615234375,-0.10986328125,-1.123046875,0.08544921875,-0.23193359375,-0.35400390625,-0.7568359375,-0.20751953125,0.87890625,-0.37841796875,0.2197265625,0.2197265625,-0.341796875,0.08544921875,-0.9033203125,-0.03662109375,-0.50048828125,-0.2197265625,-0.76904296875,-0.390625,-0.23193359375,-0.59814453125,-0.64697265625,-0.29296875,-0.4150390625,-0.0732421875,0.59814453125,-0.0244140625,1.220703125,0,0.47607421875,-0.25634765625,-0.15869140625,0.1708984375,0.72021484375,0.06103515625,0.7568359375,-0.08544921875,0.48828125,-0.18310546875,0.4638671875,0.1708984375,0.3662109375,0.08544921875,0.1708984375,-0.15869140625,1.025390625,-0.03662109375,0.20751953125,-0.244140625,0.1953125,0.01220703125,0.244140625,-0.08544921875,0.9521484375,0.2197265625,0.03662109375,-0.10986328125,1.2939453125,0.20751953125,-0.9765625,0.13427734375,-0.28076171875,0.09765625,-1.01318359375,0.3173828125,-0.78125,-0.10986328125,-1.55029296875,-0.1220703125,-0.30517578125,0,-0.30517578125,-0.0732421875,-1.23291015625,-0.29296875,0.45166015625,0.23193359375,0.6103515625,0.0244140625,-0.0732421875,-0.10986328125,1.03759765625,-0.03662109375,-0.72021484375,0.18310546875,-1.46484375,-0.18310546875,-1.06201171875,-0.2197265625,0.40283203125,0.01220703125,0.2685546875,0.0732421875,-0.09765625,-0.0732421875,-0.08544921875,-0.09765625,0,-0.23193359375,-0.0732421875,-0.048828125,0.76904296875,-0.03662109375,-0.537109375,-0.01220703125,-0.5126953125
0,-0.32958984375,-0.3662109375,-0.1708984375,-0.08544921875,0.13427734375,-0.4150390625,0.15869140625,0,-0.15869140625,-0.146484375,-0.18310546875,-0.9765625,-0.048828125,0.9521484375,0.01220703125,-0.244140625,0.08544921875,-0.927734375,0.10986328125,-0.439453125,0.42724609375,0.54931640625,-0.09765625,-1.13525390625,0.0732421875,-0.20751953125,-0.3662109375,-0.76904296875,-0.1708984375,0.89111328125,-0.4150390625,0.2197265625,0.048828125,-0.37841796875,0.0732421875,-0.86669921875,0.01220703125,-0.50048828125,-0.244140625,-0.7568359375,-0.244140625,-0.23193359375,-0.54931640625,-0.634765625,-0.30517578125,-0.4150390625,-0.1220703125,0.6103515625,0,1.220703125,-0.01220703125,0.48828125,-0.146484375,-0.1708984375,0.18310546875,0.74462890625,0.0732421875,0.84228515625,-0.09765625,0.5126953125,-0.1708984375,0.48828125,0.23193359375,0.4150390625,0.06103515625,0.146484375,-0.1708984375,1.025390625,-0.0732421875,0.18310546875,-0.244140625,0.146484375,-0.0244140625,0.2685546875,-0.06103515625,0.927734375,0.25634765625,0.03662109375,-0.146484375,1.318359375,0.2685546875,-0.9765625,0.13427734375,-0.29296875,0.08544921875,-1.0009765625,0.32958984375,-0.76904296875,-0.08544921875,-1.52587890625,-0.08544921875,-0.29296875,0.1953125,-0.30517578125,-0.146484375,-1.23291015625,-0.37841796875,0.35400390625,0.15869140625,0.5615234375,0.0732421875,-0.244140625,-0.09765625,0.96435546875,0,-0.72021484375,0.15869140625,-1.45263671875,-0.13427734375,-1.0498046875,-0.244140625,0.4150390625,0,0.25634765625,0.048828125,-0.09765625,-0.08544921875,-0.06103515625,-0.09765625,0.01220703125,-0.2197265625,-0.03662109375,-0.048828125,0.78125,-0.048828125,-0.52490234375,-0.01220703125,-0.5126953125
0,-0.35400390625,-0.37841796875,-0.1953125,-0.048828125,0.0732421875,-0.40283203125,0.15869140625,-0.0244140625,-0.15869140625,-0.13427734375,-0.18310546875,-0.93994140625,-0.0244140625,0.96435546875,0,-0.244140625,0.09765625,-0.9521484375,0.18310546875,-0.439453125,0.40283203125,0.5615234375,-0.06103515625,-1.1474609375,0.0244140625,-0.244140625,-0.32958984375,-0.76904296875,-0.09765625,0.86669921875,-0.42724609375,0.2197265625,-0.1220703125,-0.341796875,0.0732421875,-0.84228515625,0.048828125,-0.47607421875,-0.20751953125,-0.74462890625,-0.18310546875,-0.20751953125,-0.537109375,-0.634765625,-0.28076171875,-0.42724609375,-0.20751953125,0.59814453125,-0.048828125,1.2451171875,-0.048828125,0.5126953125,-0.08544921875,-0.1708984375,0.2197265625,0.7568359375,0.08544921875,0.93994140625,-0.10986328125,0.50048828125,-0.1220703125,0.5615234375,0.23193359375,0.439453125,-0.01220703125,0.15869140625,-0.2197265625,1.03759765625,-0.1220703125,0.1708984375,-0.1953125,0.146484375,-0.048828125,0.28076171875,-0.01220703125,0.96435546875,0.2685546875,0.03662109375,-0.1220703125,1.318359375,0.28076171875,-0.9521484375,0.146484375,-0.30517578125,0.0732421875,-1.0009765625,0.30517578125,-0.76904296875,-0.03662109375,-1.513671875,-0.01220703125,-0.28076171875,0.3173828125,-0.28076171875,-0.1708984375,-1.23291015625,-0.390625,0.25634765625,0.0732421875,0.50048828125,0.09765625,-0.37841796875,-0.06103515625,0.86669921875,0.09765625,-0.69580078125,0.09765625,-1.45263671875,-0.09765625,-1.03759765625,-0.25634765625,0.439453125,-0.0244140625,0.2685546875,0.048828125,-0.08544921875,-0.0732421875,-0.08544921875,-0.146484375,0,-0.25634765625,-0.0244140625,-0.03662109375,0.76904296875,-0.06103515625,-0.48828125,0.01220703125,-0.5126953125
0,-0.35400390625,-0.3662109375,-0.23193359375,-0.03662109375,0.09765625,-0.40283203125,0.1708984375,-0.0244140625,-0.18310546875,-0.1220703125,-0.20751953125,-0.9521484375,-0.01220703125,0.9765625,-0.01220703125,-0.25634765625,0.048828125,-0.9765625,0.2197265625,-0.45166015625,0.2685546875,0.54931640625,0.06103515625,-1.13525390625,-0.048828125,-0.244140625,-0.25634765625,-0.78125,-0.0732421875,0.84228515625,-0.341796875,0.2197265625,-0.28076171875,-0.3662109375,0.06103515625,-0.830078125,0.1220703125,-0.45166015625,-0.20751953125,-0.72021484375,-0.1220703125,-0.18310546875,-0.439453125,-0.62255859375,-0.2685546875,-0.42724609375,-0.2685546875,0.6103515625,-0.048828125,1.220703125,-0.1220703125,0.50048828125,-0.01220703125,-0.18310546875,0.28076171875,0.7568359375,0.0244140625,1.025390625,-0.146484375,0.48828125,-0.0732421875,0.6591796875,0.2197265625,0.45166015625,-0.03662109375,0.2197265625,-0.2685546875,1.0498046875,-0.13427734375,0.1708984375,-0.146484375,0.1708984375,-0.13427734375,0.30517578125,0.048828125,0.927734375,0.2685546875,0.0244140625,-0.0732421875,1.33056640625,0.28076171875,-0.9521484375,0.146484375,-0.30517578125,0.06103515625,-1.0009765625,0.20751953125,-0.74462890625,0,-1.50146484375,0.03662109375,-0.244140625,0.3662109375,-0.25634765625,-0.10986328125,-1.23291015625,-0.341796875,0.18310546875,0,0.4638671875,0.06103515625,-0.439453125,-0.03662109375,0.78125,0.1708984375,-0.69580078125,-0.03662109375,-1.45263671875,-0.09765625,-1.07421875,-0.25634765625,0.439453125,-0.048828125,0.2685546875,0.03662109375,-0.08544921875,-0.0732421875,-0.0732421875,-0.18310546875,0,-0.244140625,0,-0.048828125,0.79345703125,-0.06103515625,-0.48828125,0.01220703125,-0.5126953125
0,-0.40283203125,-0.341796875,-0.23193359375,-0.0244140625,0.06103515625,-0.390625,0.146484375,-0.0244140625,-0.1953125,-0.09765625,-0.20751953125,-0.927734375,-0.01220703125,0.98876953125,0,-0.25634765625,-0.0244140625,-0.9765625,0.244140625,-0.47607421875,0.10986328125,0.5615234375,0.23193359375,-1.11083984375,-0.1220703125,-0.20751953125,-0.15869140625,-0.830078125,-0.03662109375,0.84228515625,-0.20751953125,0.2197265625,-0.32958984375,-0.3662109375,0.048828125,-0.830078125,0.20751953125,-0.40283203125,-0.1953125,-0.732421875,-0.08544921875,-0.1708984375,-0.30517578125,-0.62255859375,-0.23193359375,-0.42724609375,-0.25634765625,0.6103515625,-0.048828125,1.20849609375,-0.15869140625,0.50048828125,0.03662109375,-0.20751953125,0.32958984375,0.76904296875,-0.01220703125,1.0986328125,-0.1953125,0.48828125,-0.03662109375,0.74462890625,0.08544921875,0.45166015625,-0.06103515625,0.244140625,-0.28076171875,1.0498046875,-0.15869140625,0.20751953125,-0.1220703125,0.18310546875,-0.25634765625,0.3173828125,0.08544921875,0.91552734375,0.25634765625,0.0244140625,0.01220703125,1.33056640625,0.25634765625,-0.9521484375,0.10986328125,-0.30517578125,0.06103515625,-0.98876953125,0,-0.74462890625,0.03662109375,-1.46484375,0.10986328125,-0.25634765625,0.30517578125,-0.28076171875,-0.03662109375,-1.23291015625,-0.30517578125,0.09765625,-0.10986328125,0.439453125,0,-0.42724609375,0,0.74462890625,0.2197265625,-0.68359375,-0.18310546875,-1.4404296875,-0.15869140625,-1.06201171875,-0.25634765625,0.439453125,-0.06103515625,0.244140625,0.0244140625,-0.0732421875,-0.0732421875,-0.0732421875,-0.1953125,0.03662109375,-0.2685546875,0,-0.048828125,0.79345703125,-0.048828125,-0.4638671875,0.01220703125,-0.5126953125
0,-0.4150390625,-0.32958984375,-0.25634765625,-0.048828125,0.0732421875,-0.40283203125,0.146484375,-0.0244140625,-0.1953125,-0.09765625,-0.23193359375,-0.9521484375,-0.0244140625,0.98876953125,0.03662109375,-0.2685546875,-0.10986328125,-0.9765625,0.20751953125,-0.50048828125,0.01220703125,0.57373046875,0.35400390625,-1.0498046875,-0.1708984375,-0.1953125,-0.08544921875,-0.81787109375,0,0.8544921875,-0.0732421875,0.23193359375,-0.2685546875,-0.3662109375,0.01220703125,-0.84228515625,0.25634765625,-0.390625,-0.1953125,-0.72021484375,-0.06103515625,-0.146484375,-0.25634765625,-0.634765625,-0.15869140625,-0.42724609375,-0.244140625,0.64697265625,-0.10986328125,1.18408203125,-0.20751953125,0.5126953125,0.08544921875,-0.1953125,0.37841796875,0.7568359375,-0.0732421875,1.15966796875,-0.2197265625,0.45166015625,0,0.81787109375,0.06103515625,0.439453125,-0.10986328125,0.29296875,-0.2685546875,1.06201171875,-0.1953125,0.2197265625,-0.0732421875,0.23193359375,-0.341796875,0.3173828125,0.13427734375,0.91552734375,0.23193359375,0.0244140625,0.08544921875,1.3671875,0.18310546875,-0.96435546875,0.08544921875,-0.32958984375,0.0244140625,-1.0009765625,-0.1708984375,-0.7568359375,0.06103515625,-1.47705078125,0.1708984375,-0.25634765625,0.18310546875,-0.2685546875,0.09765625,-1.23291015625,-0.2197265625,0.08544921875,-0.1708984375,0.439453125,-0.03662109375,-0.341796875,0.09765625,0.7080078125,0.23193359375,-0.69580078125,-0.2685546875,-1.4404296875,-0.20751953125,-1.06201171875,-0.20751953125,0.439453125,-0.10986328125,0.25634765625,-0.0244140625,-0.08544921875,-0.06103515625,-0.0732421875,-0.1953125,0.048828125,-0.25634765625,-0.0244140625,-0.0244140625,0.79345703125,-0.03662109375,-0.48828125,0,-0.48828125
0,-0.40283203125,-0.341796875,-0.2685546875,-0.06103515625,0.03662109375,-0.40283203125,0.146484375,-0.01220703125,-0.2197265625,-0.09765625,-0.2197265625,-0.927734375,-0.0244140625,1.0009765625,0.06103515625,-0.28076171875,-0.1708984375,-0.96435546875,0.146484375,-0.50048828125,-0.09765625,0.57373046875,0.40283203125,-1.03759765625,-0.18310546875,-0.18310546875,0,-0.81787109375,-0.0244140625,0.87890625,0.10986328125,0.23193359375,-0.13427734375,-0.35400390625,-0.0244140625,-0.84228515625,0.341796875,-0.37841796875,-0.2197265625,-0.72021484375,-0.03662109375,-0.1220703125,-0.244140625,-0.634765625,-0.146484375,-0.40283203125,-0.1953125,0.634765625,-0.146484375,1.1962890625,-0.2685546875,0.50048828125,0.13427734375,-0.2197265625,0.35400390625,0.7568359375,-0.1220703125,1.2451171875,-0.23193359375,0.42724609375,-0.0244140625,0.8544921875,-0.03662109375,0.40283203125,-0.13427734375,0.3173828125,-0.28076171875,1.06201171875,-0.2197265625,0.25634765625,-0.06103515625,0.2197265625,-0.40283203125,0.3173828125,0.1220703125,0.91552734375,0.244140625,0.0244140625,0.13427734375,1.3671875,0.08544921875,-0.9521484375,0.048828125,-0.3173828125,-0.0244140625,-1.01318359375,-0.3173828125,-0.7568359375,0.08544921875,-1.47705078125,0.23193359375,-0.23193359375,0.0732421875,-0.29296875,0.25634765625,-1.220703125,-0.2685546875,0.10986328125,-0.2685546875,0.45166015625,-0.146484375,-0.23193359375,0.23193359375,0.68359375,0.15869140625,-0.72021484375,-0.29296875,-1.4404296875,-0.23193359375,-1.06201171875,-0.13427734375,0.439453125,-0.13427734375,0.28076171875,-0.0244140625,-0.0732421875,-0.06103515625,-0.0732421875,-0.1953125,0.048828125,-0.25634765625,-0.01220703125,-0.0244140625,0.830078125,0,-0.50048828125,-0.0244140625,-0.48828125
0,-0.40283203125,-0.35400390625,-0.23193359375,-0.08544921875,0,-0.390625,0.13427734375,-0.01220703125,-0.1953125,-0.10986328125,-0.23193359375,-0.93994140625,-0.048828125,0.9765625,0.08544921875,-0.29296875,-0.244140625,-0.96435546875,0.0732421875,-0.50048828125,-0.09765625,0.57373046875,0.30517578125,-1.025390625,-0.1953125,-0.18310546875,0.048828125,-0.81787109375,-0.0244140625,0.89111328125,0.23193359375,0.25634765625,0.06103515625,-0.3173828125,-0.03662109375,-0.86669921875,0.3662109375,-0.390625,-0.2197265625,-0.74462890625,-0.03662109375,-0.1220703125,-0.2685546875,-0.634765625,-0.08544921875,-0.390625,-0.13427734375,0.67138671875,-0.15869140625,1.171875,-0.3173828125,0.48828125,0.1708984375,-0.23193359375,0.2685546875,0.732421875,-0.146484375,1.25732421875,-0.25634765625,0.439453125,-0.03662109375,0.86669921875,-0.09765625,0.3662109375,-0.23193359375,0.29296875,-0.23193359375,1.0498046875,-0.1953125,0.2685546875,-0.09765625,0.244140625,-0.45166015625,0.29296875,0.15869140625,0.9033203125,0.2197265625,0.01220703125,0.1953125,1.35498046875,0,-0.96435546875,-0.03662109375,-0.32958984375,-0.09765625,-0.98876953125,-0.3662109375,-0.76904296875,0.0732421875,-1.4892578125,0.25634765625,-0.244140625,-0.0244140625,-0.30517578125,0.341796875,-1.220703125,-0.2685546875,0.1708984375,-0.2197265625,0.47607421875,-0.18310546875,-0.10986328125,0.29296875,0.69580078125,0.0732421875,-0.72021484375,-0.25634765625,-1.42822265625,-0.23193359375,-1.03759765625,-0.048828125,0.4150390625,-0.146484375,0.29296875,-0.01220703125,-0.09765625,-0.08544921875,-0.08544921875,-0.18310546875,0.0732421875,-0.29296875,-0.01220703125,-0.0244140625,0.84228515625,0.01220703125,-0.48828125,-0.06103515625,-0.48828125
0,-0.42724609375,-0.3662109375,-0.2685546875,-0.1220703125,-0.03662109375,-0.37841796875,0.13427734375,0.01220703125,-0.1708984375,-0.10986328125,-0.244140625,-0.93994140625,-0.0732421875,0.9765625,0.10986328125,-0.29296875,-0.2685546875,-0.9521484375,0.01220703125,-0.5126953125,-0.06103515625,0.57373046875,0.10986328125,-1.03759765625,-0.1708984375,-0.1708984375,0.048828125,-0.79345703125,-0.03662109375,0.91552734375,0.244140625,0.244140625,0.25634765625,-0.32958984375,0,-0.86669921875,0.341796875,-0.40283203125,-0.25634765625,-0.74462890625,-0.0244140625,-0.13427734375,-0.32958984375,-0.6591796875,-0.048828125,-0.40283203125,-0.146484375,0.6591796875,-0.2197265625,1.18408203125,-0.3662109375,0.48828125,0.1953125,-0.244140625,0.1708984375,0.74462890625,-0.1708984375,1.28173828125,-0.20751953125,0.439453125,-0.06103515625,0.8544921875,-0.03662109375,0.3173828125,-0.30517578125,0.29296875,-0.15869140625,1.06201171875,-0.15869140625,0.30517578125,-0.10986328125,0.244140625,-0.45166015625,0.29296875,0.1708984375,0.91552734375,0.2197265625,0,0.2197265625,1.3671875,-0.08544921875,-0.9521484375,-0.048828125,-0.32958984375,-0.18310546875,-0.98876953125,-0.37841796875,-0.78125,0.03662109375,-1.513671875,0.2197265625,-0.2685546875,-0.13427734375,-0.30517578125,0.40283203125,-1.1962890625,-0.2197265625,0.18310546875,-0.13427734375,0.48828125,-0.1708984375,-0.03662109375,0.30517578125,0.69580078125,-0.03662109375,-0.72021484375,-0.18310546875,-1.45263671875,-0.2197265625,-1.0498046875,0,0.4150390625,-0.13427734375,0.28076171875,-0.01220703125,-0.09765625,-0.06103515625,-0.06103515625,-0.15869140625,0.08544921875,-0.28076171875,-0.0244140625,-0.0244140625,0.8544921875,0.03662109375,-0.47607421875,-0.09765625,-0.48828125
0,-0.45166015625,-0.37841796875,-0.30517578125,-0.15869140625,-0.0244140625,-0.3662109375,0.1220703125,0.01220703125,-0.18310546875,-0.13427734375,-0.25634765625,-0.927734375,-0.08544921875,0.9765625,0.1220703125,-0.29296875,-0.29296875,-0.93994140625,-0.048828125,-0.50048828125,-0.0244140625,0.57373046875,-0.1708984375,-1.06201171875,-0.08544921875,-0.20751953125,-0.01220703125,-0.78125,-0.01220703125,0.93994140625,0.23193359375,0.244140625,0.390625,-0.32958984375,0.048828125,-0.87890625,0.28076171875,-0.4150390625,-0.23193359375,-0.76904296875,-0.06103515625,-0.1708984375,-0.390625,-0.6591796875,-0.0244140625,-0.390625,-0.13427734375,0.67138671875,-0.1953125,1.1962890625,-0.4150390625,0.439453125,0.1220703125,-0.244140625,0.13427734375,0.72021484375,-0.15869140625,1.28173828125,-0.244140625,0.439453125,-0.13427734375,0.79345703125,0.06103515625,0.29296875,-0.28076171875,0.2685546875,-0.1708984375,1.0498046875,-0.10986328125,0.29296875,-0.15869140625,0.25634765625,-0.4150390625,0.25634765625,0.1708984375,0.9033203125,0.23193359375,0.01220703125,0.23193359375,1.35498046875,-0.1708984375,-0.96435546875,-0.08544921875,-0.32958984375,-0.2685546875,-0.98876953125,-0.29296875,-0.8056640625,-0.03662109375,-1.5380859375,0.10986328125,-0.2685546875,-0.146484375,-0.30517578125,0.32958984375,-1.171875,-0.25634765625,0.20751953125,-0.01220703125,0.439453125,-0.15869140625,-0.0244140625,0.25634765625,0.6591796875,-0.09765625,-0.7080078125,-0.09765625,-1.45263671875,-0.244140625,-1.0498046875,0,0.4150390625,-0.13427734375,0.28076171875,-0.01220703125,-0.0732421875,-0.06103515625,-0.0732421875,-0.13427734375,0.06103515625,-0.28076171875,-0.048828125,-0.0244140625,0.84228515625,0.01220703125,-0.48828125,-0.08544921875,-0.50048828125
0,-0.47607421875,-0.3662109375,-0.29296875,-0.20751953125,-0.048828125,-0.3662109375,0.13427734375,0.01220703125,-0.146484375,-0.1220703125,-0.2685546875,-0.927734375,-0.09765625,0.9765625,0.1220703125,-0.30517578125,-0.29296875,-0.96435546875,-0.08544921875,-0.47607421875,0.01220703125,0.5615234375,-0.439453125,-1.07421875,0.01220703125,-0.2197265625,-0.08544921875,-0.7568359375,0.0244140625,0.91552734375,0.13427734375,0.2197265625,0.4638671875,-0.32958984375,0.146484375,-0.87890625,0.18310546875,-0.439453125,-0.1953125,-0.76904296875,-0.09765625,-0.18310546875,-0.537109375,-0.64697265625,0.0244140625,-0.40283203125,-0.13427734375,0.67138671875,-0.1953125,1.20849609375,-0.439453125,0.439453125,0.08544921875,-0.244140625,0.048828125,0.72021484375,-0.0732421875,1.25732421875,-0.2685546875,0.439453125,-0.09765625,0.732421875,0.1220703125,0.244140625,-0.25634765625,0.2197265625,-0.1220703125,1.03759765625,-0.048828125,0.25634765625,-0.23193359375,0.23193359375,-0.3662109375,0.25634765625,0.2197265625,0.927734375,0.2197265625,0.01220703125,0.244140625,1.35498046875,-0.1953125,-0.9765625,-0.10986328125,-0.32958984375,-0.30517578125,-0.98876953125,-0.1953125,-0.8056640625,-0.0732421875,-1.5625,0,-0.29296875,-0.18310546875,-0.30517578125,0.18310546875,-1.15966796875,-0.2685546875,0.15869140625,-0.06103515625,0.35400390625,-0.2197265625,-0.06103515625,0.0244140625,0.62255859375,-0.15869140625,-0.72021484375,0,-1.46484375,-0.25634765625,-1.03759765625,-0.048828125,0.4150390625,-0.09765625,0.29296875,0,-0.0732421875,-0.0732421875,-0.06103515625,-0.09765625,0.08544921875,-0.28076171875,-0.048828125,-0.01220703125,0.830078125,0.01220703125,-0.4638671875,-0.08544921875,-0.50048828125
0,-0.5126953125,-0.390625,-0.32958984375,-0.25634765625,-0.06103515625,-0.35400390625,0.1220703125,0.01220703125,-0.10986328125,-0.13427734375,-0.2685546875,-0.93994140625,-0.10986328125,1.01318359375,0.13427734375,-0.30517578125,-0.30517578125,-0.96435546875,-0.08544921875,-0.4638671875,0.0244140625,0.5615234375,-0.5615234375,-1.11083984375,0.08544921875,-0.23193359375,-0.10986328125,-0.74462890625,0.03662109375,0.91552734375,0.048828125,0.23193359375,0.50048828125,-0.29296875,0.146484375,-0.86669921875,0.0732421875,-0.45166015625,-0.1953125,-0.76904296875,-0.1953125,-0.18310546875,-0.6103515625,-0.64697265625,0.048828125,-0.40283203125,-0.15869140625,0.68359375,-0.1953125,1.18408203125,-0.390625,0.47607421875,0.01220703125,-0.2197265625,0.0244140625,0.72021484375,-0.01220703125,1.23291015625,-0.2685546875,0.45166015625,-0.1953125,0.634765625,0.09765625,0.25634765625,-0.18310546875,0.18310546875,-0.03662109375,1.025390625,-0.0244140625,0.23193359375,-0.244140625,0.2197265625,-0.28076171875,0.23193359375,0.1953125,0.9033203125,0.244140625,0.01220703125,0.25634765625,1.3427734375,-0.18310546875,-0.98876953125,-0.1220703125,-0.35400390625,-0.2685546875,-0.9765625,-0.03662109375,-0.81787109375,-0.0732421875,-1.55029296875,-0.06103515625,-0.28076171875,-0.1220703125,-0.30517578125,0,-1.11083984375,-0.20751953125,0.0732421875,0.0244140625,0.2197265625,-0.18310546875,-0.1953125,0,0.52490234375,-0.146484375,-0.7080078125,0.03662109375,-1.46484375,-0.28076171875,-1.06201171875,-0.10986328125,0.4150390625,-0.08544921875,0.29296875,-0.0244140625,-0.048828125,-0.0732421875,-0.08544921875,-0.06103515625,0.0732421875,-0.2685546875,-0.03662109375,-0.03662109375,0.81787109375,-0.01220703125,-0.45166015625,-0.048828125,-0.5126953125
0,-0.54931640625,-0.390625,-0.30517578125,-0.29296875,-0.09765625,-0.35400390625,0.1220703125,-0.01220703125,-0.09765625,-0.146484375,-0.2685546875,-0.93994140625,-0.10986328125,0.98876953125,0.146484375,-0.3173828125,-0.29296875,-0.96435546875,-0.0732421875,-0.47607421875,-0.03662109375,0.59814453125,-0.5859375,-1.123046875,0.08544921875,-0.25634765625,-0.15869140625,-0.74462890625,0.0244140625,0.87890625,-0.1220703125,0.2197265625,0.47607421875,-0.3173828125,0.1220703125,-0.84228515625,0.01220703125,-0.45166015625,-0.1953125,-0.76904296875,-0.3173828125,-0.1953125,-0.67138671875,-0.634765625,0.048828125,-0.390625,-0.18310546875,0.67138671875,-0.18310546875,1.20849609375,-0.25634765625,0.45166015625,-0.048828125,-0.20751953125,-0.01220703125,0.74462890625,0.0732421875,1.18408203125,-0.2685546875,0.45166015625,-0.244140625,0.5859375,-0.0732421875,0.2197265625,-0.08544921875,0.146484375,0.01220703125,1.01318359375,0.0244140625,0.2197265625,-0.2685546875,0.1953125,-0.25634765625,0.23193359375,0.18310546875,0.9033203125,0.244140625,0.01220703125,0.23193359375,1.33056640625,-0.146484375,-0.9765625,-0.1220703125,-0.35400390625,-0.1953125,-0.96435546875,0.03662109375,-0.8056640625,-0.06103515625,-1.55029296875,-0.13427734375,-0.29296875,-0.06103515625,-0.2685546875,-0.1953125,-1.123046875,-0.1953125,-0.06103515625,0.03662109375,0.048828125,-0.1953125,-0.37841796875,0.01220703125,0.42724609375,-0.08544921875,-0.732421875,0.048828125,-1.47705078125,-0.29296875,-1.06201171875,-0.10986328125,0.4150390625,-0.09765625,0.30517578125,-0.0244140625,-0.0732421875,-0.06103515625,-0.0732421875,-0.048828125,0.06103515625,-0.28076171875,-0.01220703125,-0.048828125,0.81787109375,-0.01220703125,-0.439453125,-0.048828125,-0.48828125
1,-0.6103515625,-0.40283203125,-0.29296875,-0.32958984375,-0.09765625,-0.3662109375,0.1220703125,-0.01220703125,-0.09765625,-0.13427734375,-0.28076171875,-0.9521484375,-0.10986328125,1.01318359375,0.15869140625,-0.32958984375,-0.25634765625,-0.9765625,-0.01220703125,-0.42724609375,-0.1220703125,0.5859375,-0.439453125,-1.1474609375,0.06103515625,-0.2685546875,-0.1708984375,-0.72021484375,-0.0244140625,0.86669921875,-0.29296875,0.2197265625,0.390625,-0.29296875,0.13427734375,-0.86669921875,-0.06103515625,-0.45166015625,-0.2197265625,-0.7568359375,-0.37841796875,-0.18310546875,-0.68359375,-0.634765625,0.0244140625,-0.40283203125,-0.1708984375,0.68359375,-0.2197265625,1.20849609375,-0.13427734375,0.50048828125,-0.0732421875,-0.20751953125,-0.0244140625,0.74462890625,0.13427734375,1.1474609375,-0.23193359375,0.4638671875,-0.29296875,0.54931640625,-0.15869140625,0.2197265625,-0.0244140625,0.13427734375,0.09765625,1.025390625,0.03662109375,0.20751953125,-0.2685546875,0.1708984375,-0.244140625,0.25634765625,0.20751953125,0.89111328125,0.23193359375,0.0244140625,0.20751953125,1.3427734375,-0.08544921875,-1.0009765625,-0.08544921875,-0.35400390625,-0.03662109375,-0.9521484375,0.08544921875,-0.8056640625,-0.08544921875,-1.57470703125,-0.15869140625,-0.3173828125,-0.048828125,-0.2685546875,-0.30517578125,-1.13525390625,-0.23193359375,-0.2197265625,-0.08544921875,-0.146484375,-0.244140625,-0.5615234375,-0.09765625,0.32958984375,0.0244140625,-0.72021484375,0.03662109375,-1.47705078125,-0.2685546875,-1.06201171875,-0.10986328125,0.42724609375,-0.10986328125,0.28076171875,0.01220703125,-0.048828125,-0.06103515625,-0.06103515625,-0.0244140625,0.03662109375,-0.2685546875,0,-0.048828125,0.830078125,-0.03662109375,-0.42724609375,-0.01220703125,-0.4638671875
1,-0.6103515625,-0.390625,-0.30517578125,-0.32958984375,-0.1220703125,-0.40283203125,0.10986328125,-0.048828125,-0.10986328125,-0.1220703125,-0.2685546875,-0.9521484375,-0.10986328125,0.98876953125,0.1220703125,-0.32958984375,-0.2197265625,-1.0009765625,0.10986328125,-0.45166015625,-0.1708984375,0.5859375,-0.20751953125,-1.1474609375,-0.0244140625,-0.2685546875,-0.20751953125,-0.7568359375,-0.09765625,0.8544921875,-0.40283203125,0.2197265625,0.30517578125,-0.30517578125,0.1220703125,-0.84228515625,-0.09765625,-0.439453125,-0.25634765625,-0.74462890625,-0.4638671875,-0.18310546875,-0.57373046875,-0.62255859375,-0.06103515625,-0.4150390625,-0.1953125,0.6591796875,-0.29296875,1.18408203125,-0.0244140625,0.50048828125,-0.146484375,-0.1953125,-0.0732421875,0.7568359375,0.244140625,1.06201171875,-0.2197265625,0.47607421875,-0.35400390625,0.52490234375,-0.18310546875,0.23193359375,0.08544921875,0.18310546875,0.1708984375,1.01318359375,0.03662109375,0.18310546875,-0.23193359375,0.1708984375,-0.18310546875,0.29296875,0.20751953125,0.87890625,0.2197265625,0.048828125,0.1220703125,1.33056640625,-0.0244140625,-1.01318359375,-0.048828125,-0.35400390625,0.146484375,-0.9765625,0.09765625,-0.79345703125,-0.13427734375,-1.55029296875,-0.146484375,-0.30517578125,-0.0732421875,-0.25634765625,-0.35400390625,-1.13525390625,-0.1708984375,-0.390625,-0.0732421875,-0.29296875,-0.146484375,-0.72021484375,0.01220703125,0.20751953125,0.1708984375,-0.7080078125,0.01220703125,-1.46484375,-0.2197265625,-1.03759765625,-0.10986328125,0.439453125,-0.1220703125,0.2685546875,0.01220703125,-0.06103515625,-0.0732421875,-0.03662109375,0,0.03662109375,-0.25634765625,0,-0.08544921875,0.830078125,-0.0244140625,-0.42724609375,0.01220703125,-0.45166015625
1,-0.634765625,-0.390625,-0.30517578125,-0.32958984375,-0.10986328125,-0.390625,0.10986328125,-0.03662109375,-0.06103515625,-0.1220703125,-0.29296875,-0.9521484375,-0.1220703125,1.0009765625,0.09765625,-0.29296875,-0.20751953125,-0.98876953125,0.18310546875,-0.45166015625,-0.23193359375,0.57373046875,0,-1.13525390625,-0.146484375,-0.2685546875,-0.20751953125,-0.76904296875,-0.23193359375,0.830078125,-0.52490234375,0.20751953125,0.244140625,-0.32958984375,0.08544921875,-0.84228515625,-0.10986328125,-0.439453125,-0.2685546875,-0.74462890625,-0.4638671875,-0.15869140625,-0.48828125,-0.62255859375,-0.13427734375,-0.40283203125,-0.23193359375,0.6591796875,-0.3662109375,1.1962890625,0.09765625,0.5126953125,-0.1953125,-0.18310546875,-0.1220703125,0.76904296875,0.28076171875,1.0009765625,-0.18310546875,0.4638671875,-0.37841796875,0.5126953125,-0.244140625,0.2197265625,0.13427734375,0.20751953125,0.1953125,1.03759765625,0.048828125,0.2197265625,-0.146484375,0.18310546875,-0.146484375,0.32958984375,0.244140625,0.86669921875,0.18310546875,0.01220703125,0.10986328125,1.35498046875,0.048828125,-1.01318359375,-0.01220703125,-0.35400390625,0.2685546875,-0.9765625,0.03662109375,-0.78125,-0.20751953125,-1.55029296875,-0.10986328125,-0.30517578125,-0.15869140625,-0.244140625,-0.3173828125,-1.1474609375,-0.1708984375,-0.52490234375,-0.15869140625,-0.4150390625,-0.1220703125,-0.84228515625,0.01220703125,0.10986328125,0.28076171875,-0.72021484375,0.01220703125,-1.46484375,-0.1953125,-1.0498046875,-0.09765625,0.42724609375,-0.146484375,0.25634765625,0.0244140625,-0.06103515625,-0.0732421875,-0.048828125,0,0.01220703125,-0.244140625,0.01220703125,-0.08544921875,0.830078125,0.01220703125,-0.45166015625,0.06103515625,-0.439453125
1,-0.64697265625,-0.40283203125,-0.341796875,-0.29296875,-0.10986328125,-0.4150390625,0.1220703125,-0.03662109375,-0.03662109375,-0.1220703125,-0.28076171875,-0.927734375,-0.1220703125,0.9765625,0.1220703125,-0.28076171875,-0.1708984375,-1.01318359375,0.2685546875,-0.4638671875,-0.2197265625,0.57373046875,0.18310546875,-1.08642578125,-0.2685546875,-0.23193359375,-0.23193359375,-0.79345703125,-0.3662109375,0.8544921875,-0.5126953125,0.2197265625,0.18310546875,-0.32958984375,-0.01220703125,-0.84228515625,-0.1220703125,-0.4150390625,-0.30517578125,-0.732421875,-0.439453125,-0.15869140625,-0.3662109375,-0.6103515625,-0.244140625,-0.37841796875,-0.30517578125,0.6591796875,-0.40283203125,1.1962890625,0.1220703125,0.50048828125,-0.244140625,-0.18310546875,-0.15869140625,0.76904296875,0.29296875,0.9521484375,-0.15869140625,0.45166015625,-0.37841796875,0.52490234375,-0.146484375,0.2197265625,0.13427734375,0.25634765625,0.28076171875,1.0498046875,0.06103515625,0.23193359375,-0.09765625,0.18310546875,-0.08544921875,0.35400390625,0.23193359375,0.86669921875,0.15869140625,0.0244140625,0.08544921875,1.35498046875,0.09765625,-0.98876953125,0.048828125,-0.32958984375,0.37841796875,-0.9765625,0.03662109375,-0.76904296875,-0.2685546875,-1.513671875,-0.09765625,-0.3173828125,-0.28076171875,-0.23193359375,-0.13427734375,-1.18408203125,-0.1708984375,-0.59814453125,-0.20751953125,-0.4638671875,-0.0244140625,-0.87890625,0,0.10986328125,0.37841796875,-0.7080078125,0.0244140625,-1.45263671875,-0.1708984375,-1.07421875,-0.13427734375,0.42724609375,-0.1708984375,0.25634765625,0.06103515625,-0.048828125,-0.06103515625,-0.06103515625,-0.01220703125,0.03662109375,-0.244140625,0.048828125,-0.09765625,0.830078125,0.0244140625,-0.4638671875,0.048828125,-0.45166015625
1,-0.68359375,-0.390625,-0.37841796875,-0.2685546875,-0.13427734375,-0.4150390625,0.15869140625,-0.0244140625,-0.01220703125,-0.1220703125,-0.28076171875,-0.91552734375,-0.146484375,0.9765625,0.09765625,-0.2685546875,-0.1708984375,-0.98876953125,0.30517578125,-0.47607421875,-0.146484375,0.57373046875,0.25634765625,-1.0498046875,-0.32958984375,-0.20751953125,-0.30517578125,-0.81787109375,-0.47607421875,0.86669921875,-0.42724609375,0.2197265625,0.1708984375,-0.3173828125,-0.1220703125,-0.8544921875,-0.08544921875,-0.4150390625,-0.341796875,-0.74462890625,-0.439453125,-0.13427734375,-0.28076171875,-0.62255859375,-0.341796875,-0.37841796875,-0.3173828125,0.6591796875,-0.3662109375,1.1962890625,0.1953125,0.47607421875,-0.29296875,-0.1953125,-0.13427734375,0.74462890625,0.2685546875,0.91552734375,-0.06103515625,0.45166015625,-0.40283203125,0.54931640625,-0.06103515625,0.244140625,0.1708984375,0.29296875,0.341796875,1.07421875,0.03662109375,0.23193359375,-0.06103515625,0.1953125,0.01220703125,0.32958984375,0.20751953125,0.84228515625,0.10986328125,0.01220703125,0.06103515625,1.3671875,0.13427734375,-0.9765625,0.09765625,-0.341796875,0.35400390625,-0.96435546875,0.0244140625,-0.76904296875,-0.244140625,-1.52587890625,-0.0732421875,-0.30517578125,-0.390625,-0.244140625,0.0244140625,-1.2451171875,-0.15869140625,-0.5859375,-0.2685546875,-0.390625,-0.01220703125,-0.81787109375,-0.01220703125,0.146484375,0.37841796875,-0.72021484375,0.03662109375,-1.45263671875,-0.15869140625,-1.07421875,-0.13427734375,0.42724609375,-0.18310546875,0.2685546875,0.06103515625,-0.048828125,-0.0732421875,-0.06103515625,-0.01220703125,0.048828125,-0.2685546875,0.01220703125,-0.09765625,0.81787109375,0.08544921875,-0.47607421875,0.06103515625,-0.439453125
1,-0.67138671875,-0.40283203125,-0.32958984375,-0.23193359375,-0.146484375,-0.4150390625,0.15869140625,0,0,-0.10986328125,-0.28076171875,-0.91552734375,-0.146484375,0.96435546875,0.10986328125,-0.29296875,-0.15869140625,-0.9765625,0.30517578125,-0.47607421875,-0.048828125,0.59814453125,0.244140625,-1.03759765625,-0.35400390625,-0.18310546875,-0.32958984375,-0.830078125,-0.5615234375,0.86669921875,-0.30517578125,0.2197265625,0.1953125,-0.29296875,-0.2685546875,-0.84228515625,-0.048828125,-0.439453125,-0.32958984375,-0.72021484375,-0.32958984375,-0.15869140625,-0.2685546875,-0.634765625,-0.37841796875,-0.35400390625,-0.3173828125,0.634765625,-0.341796875,1.1962890625,0.2197265625,0.45166015625,-0.32958984375,-0.1953125,-0.09765625,0.732421875,0.23193359375,0.91552734375,0,0.4638671875,-0.37841796875,0.57373046875,-0.0244140625,0.25634765625,0.20751953125,0.30517578125,0.341796875,1.07421875,0.01220703125,0.244140625,-0.06103515625,0.20751953125,0.06103515625,0.35400390625,0.18310546875,0.8544921875,0.10986328125,0.0244140625,0.0732421875,1.35498046875,0.146484375,-0.96435546875,0.13427734375,-0.3173828125,0.29296875,-0.98876953125,0.03662109375,-0.76904296875,-0.20751953125,-1.4892578125,-0.0244140625,-0.29296875,-0.390625,-0.28076171875,0.15869140625,-1.25732421875,-0.09765625,-0.5126953125,-0.23193359375,-0.2685546875,0.09765625,-0.7080078125,0.0244140625,0.25634765625,0.29296875,-0.7080078125,0.048828125,-1.45263671875,-0.1708984375,-1.08642578125,-0.1220703125,0.4150390625,-0.20751953125,0.29296875,0.08544921875,-0.01220703125,-0.06103515625,-0.0732421875,0.01220703125,0.08544921875,-0.25634765625,-0.01220703125,-0.10986328125,0.84228515625,0.1220703125,-0.47607421875,0.048828125,-0.47607421875
1,-0.7080078125,-0.37841796875,-0.32958984375,-0.244140625,-0.15869140625,-0.4150390625,0.1708984375,0,0.0244140625,-0.10986328125,-0.28076171875,-0.927734375,-0.146484375,0.9765625,0.146484375,-0.2685546875,-0.1220703125,-0.96435546875,0.29296875,-0.48828125,0.09765625,0.59814453125,0.2197265625,-1.0498046875,-0.35400390625,-0.20751953125,-0.35400390625,-0.81787109375,-0.57373046875,0.89111328125,-0.1220703125,0.23193359375,0.15869140625,-0.30517578125,-0.390625,-0.86669921875,-0.01220703125,-0.45166015625,-0.3173828125,-0.732421875,-0.28076171875,-0.15869140625,-0.244140625,-0.634765625,-0.390625,-0.32958984375,-0.29296875,0.64697265625,-0.3173828125,1.1962890625,0.2685546875,0.45166015625,-0.32958984375,-0.18310546875,-0.06103515625,0.72021484375,0.1708984375,0.9033203125,0.09765625,0.4638671875,-0.390625,0.57373046875,0.10986328125,0.29296875,0.25634765625,0.30517578125,0.341796875,1.0498046875,0.03662109375,0.244140625,-0.06103515625,0.20751953125,0.1220703125,0.32958984375,0.10986328125,0.8544921875,0.06103515625,0.01220703125,0.048828125,1.3671875,0.1708984375,-0.93994140625,0.1220703125,-0.3173828125,0.1708984375,-0.96435546875,0.0732421875,-0.78125,-0.10986328125,-1.47705078125,-0.01220703125,-0.29296875,-0.3173828125,-0.30517578125,0.244140625,-1.28173828125,-0.13427734375,-0.30517578125,-0.13427734375,-0.0732421875,0.1708984375,-0.5126953125,0.2197265625,0.42724609375,0.18310546875,-0.72021484375,0.048828125,-1.4404296875,-0.13427734375,-1.08642578125,-0.09765625,0.40283203125,-0.1953125,0.3173828125,0.0732421875,-0.01220703125,-0.0732421875,-0.06103515625,0.0244140625,0.10986328125,-0.2685546875,-0.0244140625,-0.09765625,0.84228515625,0.13427734375,-0.47607421875,0.048828125,-0.47607421875
1,-0.69580078125,-0.3662109375,-0.341796875,-0.20751953125,-0.1708984375,-0.4150390625,0.18310546875,-0.01220703125,0.03662109375,-0.1220703125,-0.28076171875,-0.927734375,-0.13427734375,0.96435546875,0.15869140625,-0.28076171875,-0.10986328125,-0.9521484375,0.23193359375,-0.48828125,0.18310546875,0.5859375,0.13427734375,-1.0498046875,-0.32958984375,-0.1953125,-0.40283203125,-0.830078125,-0.48828125,0.91552734375,-0.0244140625,0.23193359375,0.1220703125,-0.29296875,-0.47607421875,-0.8544921875,0.03662109375,-0.439453125,-0.25634765625,-0.732421875,-0.18310546875,-0.146484375,-0.2197265625,-0.62255859375,-0.341796875,-0.341796875,-0.341796875,0.634765625,-0.2685546875,1.20849609375,0.2197265625,0.439453125,-0.32958984375,-0.1953125,-0.048828125,0.72021484375,0.09765625,0.927734375,0.146484375,0.4638671875,-0.42724609375,0.5859375,0.0732421875,0.341796875,0.30517578125,0.29296875,0.3173828125,1.06201171875,0.03662109375,0.2685546875,-0.0732421875,0.2197265625,0.13427734375,0.3173828125,0.03662109375,0.87890625,0.0244140625,0.0244140625,0.048828125,1.3671875,0.146484375,-0.9521484375,0.09765625,-0.30517578125,-0.01220703125,-0.96435546875,0.10986328125,-0.79345703125,-0.0244140625,-1.47705078125,-0.0244140625,-0.2685546875,-0.1953125,-0.32958984375,0.23193359375,-1.30615234375,-0.146484375,-0.10986328125,-0.0244140625,0.13427734375,0.20751953125,-0.32958984375,0.390625,0.6103515625,0.06103515625,-0.72021484375,0.0244140625,-1.45263671875,-0.0732421875,-1.07421875,-0.08544921875,0.4150390625,-0.20751953125,0.3173828125,0.09765625,-0.01220703125,-0.08544921875,-0.0732421875,0.0244140625,0.10986328125,-0.2685546875,-0.01220703125,-0.09765625,0.84228515625,0.1220703125,-0.4638671875,0.0244140625,-0.48828125
1,-0.72021484375,-0.3662109375,-0.3662109375,-0.20751953125,-0.1220703125,-0.40283203125,0.1708984375,-0.01220703125,0.03662109375,-0.10986328125,-0.28076171875,-0.9521484375,-0.15869140625,0.96435546875,0.15869140625,-0.29296875,-0.0732421875,-0.93994140625,0.1708984375,-0.47607421875,0.25634765625,0.59814453125,0.03662109375,-1.06201171875,-0.2685546875,-0.20751953125,-0.37841796875,-0.8056640625,-0.390625,0.91552734375,0.0244140625,0.23193359375,0.06103515625,-0.2685546875,-0.4638671875,-0.8544921875,0.01220703125,-0.4150390625,-0.23193359375,-0.7080078125,-0.06103515625,-0.15869140625,-0.23193359375,-0.62255859375,-0.28076171875,-0.3173828125,-0.3173828125,0.67138671875,-0.1953125,1.220703125,0.15869140625,0.42724609375,-0.35400390625,-0.1953125,-0.0244140625,0.7080078125,-0.0244140625,0.9521484375,0.146484375,0.4638671875,-0.2685546875,0.5859375,0.0732421875,0.40283203125,0.29296875,0.29296875,0.2197265625,1.0498046875,0.048828125,0.25634765625,-0.09765625,0.20751953125,0.13427734375,0.25634765625,-0.01220703125,0.89111328125,0,0.0244140625,0.0732421875,1.3671875,0.0732421875,-0.9521484375,0.06103515625,-0.28076171875,-0.13427734375,-0.9765625,0.146484375,-0.81787109375,0.03662109375,-1.4892578125,-0.06103515625,-0.244140625,-0.0244140625,-0.3662109375,0.15869140625,-1.28173828125,-0.20751953125,0.09765625,0.10986328125,0.3662109375,0.18310546875,-0.15869140625,0.28076171875,0.76904296875,-0.0244140625,-0.732421875,-0.0244140625,-1.46484375,-0.048828125,-1.0498046875,-0.08544921875,0.40283203125,-0.1953125,0.341796875,0.0732421875,-0.01220703125,-0.06103515625,-0.08544921875,0.0244140625,0.09765625,-0.2685546875,0,-0.09765625,0.84228515625,0.1220703125,-0.4638671875,0.0244140625,-0.48828125
1,-0.74462890625,-0.37841796875,-0.3662109375,-0.244140625,-0.13427734375,-0.390625,0.1953125,-0.01220703125,0.06103515625,-0.1220703125,-0.2685546875,-0.93994140625,-0.13427734375,0.98876953125,0.13427734375,-0.29296875,-0.10986328125,-0.927734375,0.09765625,-0.48828125,0.28076171875,0.59814453125,-0.03662109375,-1.0986328125,-0.1953125,-0.23193359375,-0.30517578125,-0.8056640625,-0.244140625,0.89111328125,0,0.244140625,-0.01220703125,-0.28076171875,-0.390625,-0.8544921875,0,-0.4150390625,-0.146484375,-0.7080078125,-0.03662109375,-0.1708984375,-0.2197265625,-0.634765625,-0.20751953125,-0.3662109375,-0.341796875,0.67138671875,-0.146484375,1.220703125,0.06103515625,0.439453125,-0.35400390625,-0.18310546875,-0.048828125,0.69580078125,-0.09765625,0.93994140625,0.1220703125,0.47607421875,-0.13427734375,0.6103515625,0.10986328125,0.439453125,0.3173828125,0.23193359375,0.13427734375,1.0498046875,0.0732421875,0.23193359375,-0.13427734375,0.20751953125,0.1220703125,0.2685546875,-0.048828125,0.8544921875,0.01220703125,0.03662109375,0.03662109375,1.3427734375,0.03662109375,-0.96435546875,0.03662109375,-0.3173828125,-0.23193359375,-0.98876953125,0.146484375,-0.830078125,0.1220703125,-1.4892578125,-0.0732421875,-0.23193359375,0.08544921875,-0.390625,0.06103515625,-1.26953125,-0.20751953125,0.28076171875,0.1708984375,0.5859375,0.146484375,-0.03662109375,0.23193359375,0.9033203125,-0.0732421875,-0.72021484375,-0.048828125,-1.46484375,-0.0732421875,-1.0498046875,-0.09765625,0.40283203125,-0.1953125,0.32958984375,0.06103515625,-0.01220703125,-0.0732421875,-0.06103515625,0.048828125,0.09765625,-0.244140625,0.01220703125,-0.10986328125,0.84228515625,0.10986328125,-0.45166015625,0.03662109375,-0.47607421875
1,-0.7568359375,-0.37841796875,-0.390625,-0.25634765625,-0.10986328125,-0.37841796875,0.18310546875,0,0.0732421875,-0.1220703125,-0.28076171875,-0.927734375,-0.13427734375,0.98876953125,0.15869140625,-0.28076171875,-0.1708984375,-0.91552734375,0.06103515625,-0.4638671875,0.1953125,0.59814453125,-0.10986328125,-1.11083984375,-0.146484375,-0.244140625,-0.23193359375,-0.79345703125,-0.13427734375,0.89111328125,-0.048828125,0.23193359375,-0.03662109375,-0.28076171875,-0.28076171875,-0.84228515625,-0.0244140625,-0.40283203125,-0.06103515625,-0.67138671875,0.03662109375,-0.18310546875,-0.2197265625,-0.64697265625,-0.08544921875,-0.35400390625,-0.341796875,0.67138671875,-0.0732421875,1.1962890625,-0.01220703125,0.4638671875,-0.35400390625,-0.146484375,-0.06103515625,0.7080078125,-0.146484375,0.927734375,0.08544921875,0.47607421875,0.01220703125,0.62255859375,0.1220703125,0.48828125,0.30517578125,0.20751953125,0.0244140625,1.03759765625,0.03662109375,0.2197265625,-0.1953125,0.1953125,0.06103515625,0.244140625,-0.0732421875,0.86669921875,0.048828125,0.03662109375,0.01220703125,1.35498046875,0.01220703125,-0.9765625,-0.03662109375,-0.3173828125,-0.244140625,-0.96435546875,0.0732421875,-0.81787109375,0.146484375,-1.4892578125,-0.13427734375,-0.2197265625,0.1708984375,-0.37841796875,0,-1.2451171875,-0.20751953125,0.390625,0.2197265625,0.68359375,0.048828125,-0.048828125,0.30517578125,0.9521484375,-0.08544921875,-0.72021484375,-0.08544921875,-1.46484375,-0.146484375,-1.03759765625,-0.10986328125,0.4150390625,-0.18310546875,0.3173828125,0.08544921875,0,-0.08544921875,-0.0732421875,0.03662109375,0.08544921875,-0.25634765625,0.03662109375,-0.1220703125,0.8544921875,0.0732421875,-0.439453125,0.048828125,-0.47607421875
1,-0.7568359375,-0.390625,-0.30517578125,-0.28076171875,-0.146484375,-0.37841796875,0.2197265625,-0.01220703125,0.09765625,-0.1220703125,-0.29296875,-0.9521484375,-0.1708984375,0.98876953125,0.146484375,-0.25634765625,-0.23193359375,-0.927734375,0.0244140625,-0.4638671875,0.0732421875,0.59814453125,-0.1708984375,-1.1474609375,-0.1220703125,-0.25634765625,-0.13427734375,-0.76904296875,-0.048828125,0.89111328125,-0.08544921875,0.25634765625,0,-0.29296875,-0.2197265625,-0.8544921875,-0.0732421875,-0.390625,-0.01220703125,-0.64697265625,0.08544921875,-0.1708984375,-0.2197265625,-0.6591796875,0.0244140625,-0.3662109375,-0.30517578125,0.68359375,-0.08544921875,1.1962890625,-0.0244140625,0.50048828125,-0.32958984375,-0.1220703125,-0.0732421875,0.72021484375,-0.1220703125,0.87890625,0.03662109375,0.47607421875,0.146484375,0.6591796875,0.09765625,0.52490234375,0.244140625,0.1708984375,-0.09765625,1.03759765625,0.048828125,0.2197265625,-0.244140625,0.18310546875,0.048828125,0.244140625,-0.08544921875,0.89111328125,0.08544921875,0.0244140625,-0.01220703125,1.3427734375,-0.01220703125,-0.9765625,-0.0732421875,-0.3173828125,-0.15869140625,-0.98876953125,-0.01220703125,-0.8056640625,0.2197265625,-1.50146484375,-0.1708984375,-0.20751953125,0.1953125,-0.37841796875,-0.03662109375,-1.20849609375,-0.1953125,0.3662109375,0.1708984375,0.64697265625,-0.0732421875,-0.10986328125,0.30517578125,0.91552734375,-0.01220703125,-0.732421875,-0.1220703125,-1.4404296875,-0.1953125,-1.03759765625,-0.09765625,0.4150390625,-0.1953125,0.28076171875,0.13427734375,0.0244140625,-0.0732421875,-0.08544921875,0.048828125,0.0732421875,-0.244140625,0.0732421875,-0.146484375,0.830078125,0.048828125,-0.4638671875,0.048828125,-0.4638671875
1,-0.732421875,-0.37841796875,-0.3173828125,-0.30517578125,-0.13427734375,-0.37841796875,0.20751953125,0,0.09765625,-0.146484375,-0.28076171875,-0.9521484375,-0.15869140625,0.9765625,0.13427734375,-0.244140625,-0.28076171875,-0.9521484375,-0.01220703125,-0.45166015625,-0.0732421875,0.57373046875,-0.20751953125,-1.1474609375,-0.08544921875,-0.2685546875,0,-0.76904296875,-0.03662109375,0.86669921875,-0.10986328125,0.244140625,0.048828125,-0.3173828125,-0.1220703125,-0.8544921875,-0.10986328125,-0.390625,0.048828125,-0.634765625,0.06103515625,-0.1708984375,-0.20751953125,-0.64697265625,0.10986328125,-0.390625,-0.244140625,0.69580078125,-0.08544921875,1.15966796875,-0.03662109375,0.537109375,-0.28076171875,-0.10986328125,-0.09765625,0.732421875,-0.03662109375,0.830078125,-0.01220703125,0.45166015625,0.1708984375,0.68359375,0.09765625,0.5126953125,0.1708984375,0.1953125,-0.15869140625,1.01318359375,0.048828125,0.2197265625,-0.28076171875,0.1708984375,0.01220703125,0.25634765625,-0.10986328125,0.8544921875,0.13427734375,0.03662109375,-0.048828125,1.35498046875,-0.01220703125,-0.9765625,-0.09765625,-0.341796875,-0.03662109375,-1.0009765625,-0.10986328125,-0.79345703125,0.244140625,-1.52587890625,-0.2197265625,-0.1953125,0.10986328125,-0.32958984375,-0.03662109375,-1.18408203125,-0.09765625,0.2685546875,0.1953125,0.5126953125,-0.1220703125,-0.244140625,0.40283203125,0.830078125,0.048828125,-0.72021484375,-0.146484375,-1.45263671875,-0.25634765625,-1.03759765625,-0.08544921875,0.42724609375,-0.1708984375,0.25634765625,0.09765625,0.048828125,-0.0732421875,-0.0732421875,0.03662109375,0.048828125,-0.25634765625,0.048828125,-0.146484375,0.830078125,0.06103515625,-0.47607421875,0.03662109375,-0.4638671875
0,-0.732421875,-0.37841796875,-0.28076171875,-0.32958984375,-0.13427734375,-0.37841796875,0.1953125,0,0.08544921875,-0.146484375,-0.29296875,-0.9521484375,-0.15869140625,0.9765625,0.09765625,-0.25634765625,-0.3173828125,-0.93994140625,0,-0.4638671875,-0.2197265625,0.57373046875,-0.2197265625,-1.13525390625,-0.08544921875,-0.2685546875,0.09765625,-0.78125,-0.09765625,0.84228515625,-0.0732421875,0.23193359375,0.1708984375,-0.341796875,-0.0732421875,-0.8544921875,-0.13427734375,-0.40283203125,0.0732421875,-0.634765625,0.01220703125,-0.18310546875,-0.1220703125,-0.64697265625,0.1220703125,-0.390625,-0.20751953125,0.68359375,-0.146484375,1.13525390625,-0.048828125,0.54931640625,-0.28076171875,-0.08544921875,-0.08544921875,0.732421875,0.048828125,0.7568359375,-0.01220703125,0.439453125,0.2197265625,0.72021484375,0.06103515625,0.48828125,0.0732421875,0.2197265625,-0.20751953125,1.025390625,0.01220703125,0.244140625,-0.29296875,0.18310546875,-0.06103515625,0.244140625,-0.10986328125,0.87890625,0.23193359375,0.0244140625,-0.10986328125,1.35498046875,-0.0244140625,-0.9521484375,-0.10986328125,-0.341796875,0.10986328125,-0.9765625,-0.1708984375,-0.8056640625,0.20751953125,-1.52587890625,-0.1953125,-0.20751953125,0.01220703125,-0.29296875,-0.0732421875,-1.15966796875,-0.0244140625,0.09765625,0.146484375,0.32958984375,-0.1708984375,-0.439453125,0.4638671875,0.69580078125,0.1220703125,-0.74462890625,-0.18310546875,-1.45263671875,-0.23193359375,-1.0498046875,-0.048828125,0.42724609375,-0.15869140625,0.25634765625,0.09765625,0.06103515625,-0.06103515625,-0.0732421875,0.048828125,0.048828125,-0.244140625,0.06103515625,-0.15869140625,0.84228515625,0.048828125,-0.47607421875,0.03662109375,-0.439453125
0,-0.7080078125,-0.37841796875,-0.28076171875,-0.35400390625,-0.15869140625,-0.390625,0.20751953125,-0.01220703125,0.146484375,-0.146484375,-0.28076171875,-0.9521484375,-0.15869140625,0.98876953125,0.0732421875,-0.244140625,-0.30517578125,-0.96435546875,0,-0.439453125,-0.30517578125,0.57373046875,-0.1708984375,-1.123046875,-0.10986328125,-0.244140625,0.146484375,-0.78125,-0.1953125,0.8544921875,-0.048828125,0.23193359375,0.29296875,-0.32958984375,-0.01220703125,-0.87890625,-0.18310546875,-0.40283203125,0.03662109375,-0.59814453125,-0.13427734375,-0.15869140625,-0.1220703125,-0.64697265625,0.09765625,-0.390625,-0.10986328125,0.68359375,-0.1953125,1.13525390625,-0.0732421875,0.54931640625,-0.23193359375,-0.10986328125,-0.06103515625,0.7568359375,0.10986328125,0.67138671875,-0.03662109375,0.439453125,0.30517578125,0.74462890625,0.09765625,0.439453125,0.0244140625,0.23193359375,-0.25634765625,1.01318359375,-0.0244140625,0.23193359375,-0.29296875,0.1953125,-0.08544921875,0.2685546875,-0.08544921875,0.8544921875,0.28076171875,0.01220703125,-0.13427734375,1.3671875,0,-0.96435546875,-0.09765625,-0.35400390625,0.20751953125,-0.98876953125,-0.18310546875,-0.78125,0.10986328125,-1.513671875,-0.20751953125,-0.1953125,-0.13427734375,-0.25634765625,-0.03662109375,-1.1474609375,0.0244140625,-0.10986328125,0.1220703125,0.0732421875,-0.146484375,-0.59814453125,0.52490234375,0.62255859375,0.15869140625,-0.74462890625,-0.13427734375,-1.4404296875,-0.23193359375,-1.06201171875,-0.01220703125,0.45166015625,-0.146484375,0.244140625,0.10986328125,0.1220703125,-0.06103515625,-0.09765625,0.03662109375,0.03662109375,-0.244140625,0.06103515625,-0.15869140625,0.81787109375,0.06103515625,-0.48828125,0.01220703125,-0.439453125
0,-0.68359375,-0.390625,-0.30517578125,-0.341796875,-0.15869140625,-0.4150390625,0.1953125,-0.01220703125,0.15869140625,-0.1220703125,-0.2685546875,-0.93994140625,-0.1953125,0.9765625,0.048828125,-0.25634765625,-0.29296875,-0.9521484375,-0.01220703125,-0.439453125,-0.341796875,0.5859375,-0.09765625,-1.0986328125,-0.10986328125,-0.23193359375,0.13427734375,-0.8056640625,-0.25634765625,0.84228515625,-0.0244140625,0.244140625,0.35400390625,-0.35400390625,0.03662109375,-0.87890625,-0.23193359375,-0.4150390625,-0.0244140625,-0.6103515625,-0.25634765625,-0.146484375,-0.13427734375,-0.67138671875,0.03662109375,-0.390625,-0.10986328125,0.67138671875,-0.1953125,1.123046875,-0.03662109375,0.57373046875,-0.2197265625,-0.1220703125,-0.06103515625,0.732421875,0.20751953125,0.6103515625,-0.03662109375,0.4150390625,0.30517578125,0.74462890625,0.1220703125,0.3662109375,-0.01220703125,0.28076171875,-0.29296875,1.025390625,-0.0732421875,0.23193359375,-0.28076171875,0.1953125,-0.146484375,0.30517578125,-0.0732421875,0.87890625,0.28076171875,0.01220703125,-0.1708984375,1.35498046875,0.01220703125,-0.93994140625,-0.09765625,-0.35400390625,0.2685546875,-1.0009765625,-0.15869140625,-0.79345703125,-0.0244140625,-1.513671875,-0.25634765625,-0.2197265625,-0.29296875,-0.2197265625,-0.06103515625,-1.171875,0.03662109375,-0.28076171875,0.146484375,-0.08544921875,-0.01220703125,-0.72021484375,0.48828125,0.634765625,0.15869140625,-0.732421875,-0.0244140625,-1.4404296875,-0.2197265625,-1.07421875,-0.01220703125,0.45166015625,-0.1220703125,0.2685546875,0.08544921875,0.1708984375,-0.06103515625,-0.10986328125,0,0.03662109375,-0.25634765625,0.06103515625,-0.13427734375,0.84228515625,0.06103515625,-0.48828125,0.01220703125,-0.439453125
0,-0.68359375,-0.3662109375,-0.30517578125,-0.32958984375,-0.1708984375,-0.40283203125,0.18310546875,-0.01220703125,0.15869140625,-0.09765625,-0.2685546875,-0.93994140625,-0.2197265625,0.98876953125,0.048828125,-0.2685546875,-0.244140625,-0.9521484375,-0.01220703125,-0.42724609375,-0.244140625,0.57373046875,-0.048828125,-1.07421875,-0.0732421875,-0.20751953125,0.08544921875,-0.8056640625,-0.3662109375,0.84228515625,-0.06103515625,0.244140625,0.4150390625,-0.341796875,-0.01220703125,-0.86669921875,-0.28076171875,-0.4150390625,-0.10986328125,-0.62255859375,-0.390625,-0.13427734375,-0.1708984375,-0.67138671875,-0.06103515625,-0.390625,-0.09765625,0.69580078125,-0.1708984375,1.123046875,0.03662109375,0.5615234375,-0.20751953125,-0.1708984375,0.0244140625,0.72021484375,0.2197265625,0.537109375,0,0.40283203125,0.2685546875,0.7568359375,0.1953125,0.244140625,-0.08544921875,0.30517578125,-0.3662109375,1.03759765625,-0.10986328125,0.23193359375,-0.25634765625,0.2197265625,-0.1708984375,0.32958984375,-0.03662109375,0.87890625,0.28076171875,0,-0.146484375,1.3671875,0.03662109375,-0.91552734375,-0.08544921875,-0.3173828125,0.25634765625,-1.0009765625,-0.0244140625,-0.78125,-0.09765625,-1.52587890625,-0.30517578125,-0.2197265625,-0.3662109375,-0.2197265625,-0.06103515625,-1.171875,-0.0244140625,-0.32958984375,0.10986328125,-0.1953125,0.03662109375,-0.7080078125,0.341796875,0.830078125,0.10986328125,-0.74462890625,0.09765625,-1.4404296875,-0.1953125,-1.07421875,-0.08544921875,0.4638671875,-0.10986328125,0.25634765625,0.0732421875,0.244140625,-0.06103515625,-0.10986328125,-0.0244140625,0.0732421875,-0.2685546875,0.03662109375,-0.1220703125,0.84228515625,0.0732421875,-0.50048828125,0,-0.45166015625
0,-0.67138671875,-0.3662109375,-0.28076171875,-0.30517578125,-0.1708984375,-0.37841796875,0.146484375,0,0.18310546875,-0.0732421875,-0.23193359375,-0.93994140625,-0.23193359375,1.0009765625,0.048828125,-0.28076171875,-0.1953125,-0.9521484375,0,-0.439453125,-0.09765625,0.59814453125,-0.0244140625,-1.06201171875,0.01220703125,-0.1953125,-0.01220703125,-0.830078125,-0.42724609375,0.86669921875,-0.1220703125,0.2197265625,0.45166015625,-0.35400390625,-0.048828125,-0.87890625,-0.341796875,-0.42724609375,-0.13427734375,-0.62255859375,-0.42724609375,-0.146484375,-0.2685546875,-0.67138671875,-0.13427734375,-0.35400390625,-0.15869140625,0.69580078125,-0.15869140625,1.13525390625,0.1220703125,0.5615234375,-0.15869140625,-0.1953125,0.0244140625,0.72021484375,0.20751953125,0.537109375,0.0244140625,0.42724609375,0.2197265625,0.74462890625,0.2685546875,0.1953125,-0.10986328125,0.30517578125,-0.35400390625,1.03759765625,-0.13427734375,0.244140625,-0.20751953125,0.244140625,-0.244140625,0.32958984375,0,0.86669921875,0.28076171875,0,-0.09765625,1.37939453125,0.0732421875,-0.927734375,-0.06103515625,-0.3173828125,0.23193359375,-1.0009765625,0.10986328125,-0.76904296875,-0.08544921875,-1.4892578125,-0.37841796875,-0.23193359375,-0.3662109375,-0.2197265625,-0.08544921875,-1.20849609375,-0.15869140625,-0.244140625,0.06103515625,-0.09765625,0.09765625,-0.54931640625,0.29296875,1.18408203125,0.0732421875,-0.76904296875,0.23193359375,-1.42822265625,-0.2197265625,-1.07421875,-0.18310546875,0.439453125,-0.0732421875,0.28076171875,0.048828125,0.30517578125,-0.08544921875,-0.09765625,-0.048828125,0.08544921875,-0.28076171875,0.0244140625,-0.09765625,0.84228515625,0.09765625,-0.48828125,-0.01220703125,-0.45166015625
0,-0.69580078125,-0.35400390625,-0.28076171875,-0.29296875,-0.1708984375,-0.390625,0.15869140625,0.0244140625,0.1953125,-0.0732421875,-0.23193359375,-0.927734375,-0.23193359375,0.98876953125,0.01220703125,-0.28076171875,-0.13427734375,-0.96435546875,0.01220703125,-0.45166015625,0.048828125,0.62255859375,-0.048828125,-1.03759765625,0.06103515625,-0.1953125,-0.1220703125,-0.81787109375,-0.45166015625,0.87890625,-0.20751953125,0.23193359375,0.42724609375,-0.30517578125,-0.13427734375,-0.87890625,-0.390625,-0.42724609375,-0.1708984375,-0.6591796875,-0.40283203125,-0.13427734375,-0.3662109375,-0.67138671875,-0.1708984375,-0.3173828125,-0.2197265625,0.68359375,-0.1708984375,1.18408203125,0.1953125,0.5615234375,-0.08544921875,-0.18310546875,0.048828125,0.72021484375,0.1708984375,0.54931640625,0.06103515625,0.4638671875,0.2685546875,0.78125,0.29296875,0.09765625,-0.13427734375,0.28076171875,-0.35400390625,1.03759765625,-0.146484375,0.2685546875,-0.18310546875,0.244140625,-0.3173828125,0.341796875,0.03662109375,0.86669921875,0.29296875,-0.0244140625,-0.01220703125,1.3671875,0.09765625,-0.91552734375,-0.048828125,-0.3173828125,0.20751953125,-1.025390625,0.244140625,-0.78125,-0.06103515625,-1.4892578125,-0.40283203125,-0.244140625,-0.28076171875,-0.25634765625,-0.146484375,-1.23291015625,-0.2197265625,0.03662109375,0.03662109375,0.15869140625,0.1708984375,-0.25634765625,0.25634765625,1.8310546875,0.048828125,-0.78125,0.29296875,-1.42822265625,-0.1708984375,-1.0498046875,-0.2197265625,0.4150390625,-0.03662109375,0.30517578125,0.01220703125,0.341796875,-0.0732421875,-0.1220703125,-0.08544921875,0.10986328125,-0.28076171875,0.01220703125,-0.08544921875,0.8544921875,0.09765625,-0.47607421875,0,-0.47607421875
0,-0.67138671875,-0.37841796875,-0.25634765625,-0.25634765625,-0.20751953125,-0.390625,0.13427734375,0.0244140625,0.18310546875,-0.0732421875,-0.20751953125,-0.91552734375,-0.2197265625,1.0009765625,-0.01220703125,-0.28076171875,-0.08544921875,-0.927734375,0.06103515625,-0.439453125,0.2197265625,0.6103515625,-0.0732421875,-1.0498046875,0.10986328125,-0.1953125,-0.20751953125,-0.81787109375,-0.439453125,0.9033203125,-0.3173828125,0.2197265625,0.35400390625,-0.30517578125,-0.2197265625,-0.86669921875,-0.42724609375,-0.4150390625,-0.2197265625,-0.69580078125,-0.35400390625,-0.15869140625,-0.4150390625,-0.634765625,-0.20751953125,-0.30517578125,-0.28076171875,0.69580078125,-0.20751953125,1.220703125,0.244140625,0.5615234375,-0.03662109375,-0.15869140625,0.06103515625,0.74462890625,0.10986328125,0.59814453125,0.08544921875,0.48828125,0.20751953125,0.8056640625,0.28076171875,0.06103515625,-0.15869140625,0.2685546875,-0.341796875,1.0498046875,-0.18310546875,0.244140625,-0.146484375,0.23193359375,-0.32958984375,0.32958984375,0.06103515625,0.86669921875,0.28076171875,-0.01220703125,0.048828125,1.35498046875,0.1220703125,-0.927734375,-0.03662109375,-0.30517578125,0.1708984375,-1.0009765625,0.32958984375,-0.78125,0.01220703125,-1.45263671875,-0.37841796875,-0.23193359375,-0.1220703125,-0.28076171875,-0.18310546875,-1.2451171875,-0.30517578125,0.537109375,-0.0244140625,0.59814453125,0.1953125,0.15869140625,0.2197265625,2.685546875,0.08544921875,-0.7568359375,0.341796875,-1.45263671875,-0.13427734375,-1.03759765625,-0.25634765625,0.42724609375,-0.03662109375,0.32958984375,0.0244140625,0.40283203125,-0.06103515625,-0.09765625,-0.13427734375,0.1220703125,-0.28076171875,0,-0.09765625,0.86669921875,0.0732421875,-0.48828125,0.0244140625,-0.48828125
0,-0.68359375,-0.3662109375,-0.2685546875,-0.25634765625,-0.20751953125,-0.390625,0.09765625,0.01220703125,0.20751953125,-0.0732421875,-0.20751953125,-0.927734375,-0.2197265625,0.98876953125,-0.03662109375,-0.30517578125,-0.03662109375,-0.91552734375,0.10986328125,-0.439453125,0.341796875,0.6103515625,-0.1220703125,-1.06201171875,0.146484375,-0.1953125,-0.25634765625,-0.8056640625,-0.390625,0.91552734375,-0.3662109375,0.244140625,0.20751953125,-0.28076171875,-0.28076171875,-0.86669921875,-0.4150390625,-0.4150390625,-0.23193359375,-0.74462890625,-0.2685546875,-0.146484375,-0.45166015625,-0.634765625,-0.2197265625,-0.30517578125,-0.3662109375,0.69580078125,-0.2197265625,1.23291015625,0.2685546875,0.537109375,-0.01220703125,-0.146484375,0.10986328125,0.732421875,0.06103515625,0.6591796875,0.06103515625,0.50048828125,0.15869140625,0.81787109375,0.28076171875,0.03662109375,-0.146484375,0.23193359375,-0.32958984375,1.06201171875,-0.1708984375,0.244140625,-0.10986328125,0.2197265625,-0.35400390625,0.3173828125,0.06103515625,0.84228515625,0.2685546875,0,0.09765625,1.33056640625,0.15869140625,-0.9521484375,-0.0244140625,-0.30517578125,0.20751953125,-0.98876953125,0.35400390625,-0.78125,0.048828125,-1.42822265625,-0.35400390625,-0.244140625,0.0732421875,-0.3173828125,-0.25634765625,-1.2451171875,-0.3662109375,1.1474609375,-0.08544921875,1.20849609375,0.13427734375,0.6591796875,0.13427734375,3.69873046875,0.10986328125,-0.7568359375,0.28076171875,-1.46484375,-0.08544921875,-1.025390625,-0.25634765625,0.40283203125,-0.03662109375,0.32958984375,-0.0244140625,0.4150390625,-0.06103515625,-0.08544921875,-0.146484375,0.10986328125,-0.28076171875,0.0244140625,-0.09765625,0.8544921875,0.06103515625,-0.48828125,0.01220703125,-0.48828125
0,-0.72021484375,-0.37841796875,-0.2685546875,-0.244140625,-0.23193359375,-0.37841796875,0.08544921875,0,0.1953125,-0.08544921875,-0.2197265625,-0.91552734375,-0.23193359375,0.98876953125,-0.0732421875,-0.30517578125,-0.03662109375,-0.91552734375,0.1708984375,-0.439453125,0.3662109375,0.62255859375,-0.1220703125,-1.0986328125,0.13427734375,-0.1953125,-0.244140625,-0.79345703125,-0.341796875,0.9033203125,-0.40283203125,0.25634765625,0.0732421875,-0.29296875,-0.32958984375,-0.8544921875,-0.40283203125,-0.40283203125,-0.1953125,-0.78125,-0.1708984375,-0.15869140625,-0.4150390625,-0.634765625,-0.20751953125,-0.28076171875,-0.40283203125,0.7080078125,-0.23193359375,1.18408203125,0.28076171875,0.5126953125,0,-0.13427734375,0.146484375,0.732421875,0.01220703125,0.7080078125,0.048828125,0.47607421875,0.1220703125,0.830078125,0.2197265625,0.01220703125,-0.20751953125,0.1953125,-0.25634765625,1.01318359375,-0.15869140625,0.244140625,-0.08544921875,0.18310546875,-0.40283203125,0.25634765625,0.09765625,0.87890625,0.23193359375,0.0244140625,0.13427734375,1.30615234375,0.18310546875,-0.9765625,-0.048828125,-0.30517578125,0.1953125,-0.9765625,0.3173828125,-0.79345703125,0.0732421875,-1.4404296875,-0.30517578125,-0.2685546875,0.2197265625,-0.341796875,-0.30517578125,-1.25732421875,-0.29296875,1.84326171875,-0.1220703125,1.904296875,0.09765625,1.220703125,0.15869140625,4.79736328125,0.20751953125,-0.74462890625,0.1708984375,-1.45263671875,-0.08544921875,-1.03759765625,-0.23193359375,0.40283203125,-0.01220703125,0.32958984375,-0.01220703125,0.42724609375,-0.0732421875,-0.0732421875,-0.18310546875,0.10986328125,-0.244140625,0.01220703125,-0.10986328125,0.86669921875,0.06103515625,-0.439453125,0.048828125,-0.50048828125
0,-0.72021484375,-0.35400390625,-0.25634765625,-0.2685546875,-0.244140625,-0.3662109375,0.0732421875,0.01220703125,0.20751953125,-0.10986328125,-0.2197265625,-0.91552734375,-0.2197265625,0.9765625,-0.0732421875,-0.30517578125,-0.048828125,-0.91552734375,0.2197265625,-0.42724609375,0.3173828125,0.6103515625,-0.10986328125,-1.123046875,0.048828125,-0.20751953125,-0.23193359375,-0.8056640625,-0.25634765625,0.89111328125,-0.4150390625,0.25634765625,-0.09765625,-0.29296875,-0.3662109375,-0.87890625,-0.3662109375,-0.390625,-0.1220703125,-0.79345703125,-0.15869140625,-0.15869140625,-0.3173828125,-0.634765625,-0.1953125,-0.30517578125,-0.439453125,0.7080078125,-0.244140625,1.1474609375,0.28076171875,0.47607421875,0.0244140625,-0.10986328125,0.1708984375,0.732421875,0,0.8056640625,0.01220703125,0.48828125,0.03662109375,0.86669921875,0.25634765625,0.03662109375,-0.23193359375,0.146484375,-0.1953125,1.025390625,-0.13427734375,0.23193359375,-0.0732421875,0.15869140625,-0.390625,0.2685546875,0.146484375,0.87890625,0.244140625,0.03662109375,0.15869140625,1.2939453125,0.18310546875,-0.98876953125,-0.06103515625,-0.29296875,0.1953125,-0.9765625,0.20751953125,-0.79345703125,0.09765625,-1.4404296875,-0.244140625,-0.244140625,0.32958984375,-0.341796875,-0.28076171875,-1.2451171875,-0.28076171875,2.57568359375,-0.20751953125,2.6123046875,-0.0244140625,1.7822265625,0.048828125,5.9326171875,0.28076171875,-0.7568359375,0.0732421875,-1.4892578125,-0.146484375,-1.03759765625,-0.20751953125,0.37841796875,-0.0244140625,0.30517578125,-0.01220703125,0.390625,-0.06103515625,-0.0732421875,-0.18310546875,0.08544921875,-0.244140625,0.03662109375,-0.10986328125,0.84228515625,0.048828125,-0.45166015625,0.06103515625,-0.47607421875
0,-0.732421875,-0.3662109375,-0.23193359375,-0.2685546875,-0.244140625,-0.3662109375,0.03662109375,-0.01220703125,0.2197265625,-0.13427734375,-0.2197265625,-0.93994140625,-0.23193359375,1.0009765625,-0.08544921875,-0.3173828125,-0.10986328125,-0.93994140625,0.29296875,-0.42724609375,0.1953125,0.62255859375,0.0244140625,-1.13525390625,-0.0244140625,-0.2197265625,-0.15869140625,-0.8056640625,-0.2197265625,0.89111328125,-0.32958984375,0.244140625,-0.20751953125,-0.32958984375,-0.42724609375,-0.86669921875,-0.28076171875,-0.390625,-0.10986328125,-0.8056640625,-0.10986328125,-0.15869140625,-0.20751953125,-0.59814453125,-0.146484375,-0.32958984375,-0.4150390625,0.72021484375,-0.2685546875,1.13525390625,0.2685546875,0.50048828125,0.0244140625,-0.09765625,0.146484375,0.7568359375,-0.03662109375,0.89111328125,0,0.48828125,0,0.91552734375,0.28076171875,0.08544921875,-0.23193359375,0.1220703125,-0.15869140625,1.025390625,-0.09765625,0.2197265625,-0.13427734375,0.146484375,-0.37841796875,0.25634765625,0.1708984375,0.87890625,0.2197265625,0.0732421875,0.1708984375,1.30615234375,0.1708984375,-1.01318359375,-0.06103515625,-0.30517578125,0.1953125,-0.98876953125,0.03662109375,-0.8056640625,0.1220703125,-1.46484375,-0.1708984375,-0.25634765625,0.3173828125,-0.341796875,-0.1953125,-1.220703125,-0.2197265625,3.2470703125,-0.30517578125,3.28369140625,-0.1220703125,2.28271484375,0.25634765625,7.01904296875,0.29296875,-0.74462890625,-0.0732421875,-1.4892578125,-0.2197265625,-1.025390625,-0.15869140625,0.40283203125,-0.03662109375,0.25634765625,-0.048828125,0.3662109375,-0.06103515625,-0.08544921875,-0.1708984375,0.06103515625,-0.23193359375,0.048828125,-0.08544921875,0.8544921875,0.06103515625,-0.4638671875,0.048828125,-0.4638671875
0,-0.68359375,-0.3662109375,-0.23193359375,-0.28076171875,-0.244140625,-0.3662109375,0.0244140625,-0.0244140625,0.2197265625,-0.13427734375,-0.1953125,-0.93994140625,-0.20751953125,0.98876953125,-0.03662109375,-0.30517578125,-0.18310546875,-0.9521484375,0.28076171875,-0.42724609375,0.06103515625,0.62255859375,0.1708984375,-1.13525390625,-0.09765625,-0.2197265625,-0.0732421875,-0.76904296875,-0.18310546875,0.89111328125,-0.23193359375,0.244140625,-0.2197265625,-0.3173828125,-0.45166015625,-0.86669921875,-0.2197265625,-0.390625,-0.09765625,-0.79345703125,-0.0732421875,-0.18310546875,-0.10986328125,-0.62255859375,-0.09765625,-0.35400390625,-0.390625,0.732421875,-0.30517578125,1.123046875,0.29296875,0.4638671875,0.06103515625,-0.1220703125,0.09765625,0.74462890625,-0.06103515625,0.98876953125,0.01220703125,0.47607421875,-0.0244140625,0.9033203125,0.244140625,0.1220703125,-0.20751953125,0.13427734375,-0.0732421875,1.0009765625,-0.06103515625,0.2197265625,-0.1708984375,0.13427734375,-0.32958984375,0.244140625,0.1953125,0.86669921875,0.23193359375,0.0732421875,0.13427734375,1.318359375,0.09765625,-1.01318359375,-0.10986328125,-0.3173828125,0.15869140625,-1.0009765625,-0.146484375,-0.8056640625,0.1708984375,-1.47705078125,-0.09765625,-0.2685546875,0.244140625,-0.341796875,-0.06103515625,-1.1962890625,-0.13427734375,3.8330078125,-0.32958984375,3.857421875,-0.15869140625,2.69775390625,0.42724609375,7.9833984375,0.2685546875,-0.74462890625,-0.1708984375,-1.47705078125,-0.23193359375,-1.03759765625,-0.09765625,0.40283203125,-0.0244140625,0.2685546875,-0.06103515625,0.30517578125,-0.0732421875,-0.10986328125,-0.18310546875,0.048828125,-0.23193359375,0.0244140625,-0.08544921875,0.830078125,0.048828125,-0.4638671875,0.06103515625,-0.47607421875
0,-0.68359375,-0.341796875,-0.25634765625,-0.30517578125,-0.25634765625,-0.37841796875,-0.01220703125,-0.01220703125,0.244140625,-0.13427734375,-0.1953125,-0.93994140625,-0.23193359375,1.025390625,-0.0244140625,-0.28076171875,-0.2197265625,-0.96435546875,0.244140625,-0.42724609375,-0.08544921875,0.62255859375,0.30517578125,-1.15966796875,-0.146484375,-0.2197265625,0.01220703125,-0.79345703125,-0.1953125,0.89111328125,-0.06103515625,0.244140625,-0.13427734375,-0.35400390625,-0.48828125,-0.86669921875,-0.146484375,-0.4150390625,-0.146484375,-0.79345703125,-0.01220703125,-0.15869140625,-0.048828125,-0.634765625,-0.048828125,-0.37841796875,-0.341796875,0.7568359375,-0.341796875,1.11083984375,0.2685546875,0.439453125,0.0732421875,-0.1220703125,0.03662109375,0.7568359375,-0.09765625,1.07421875,0.048828125,0.45166015625,-0.1953125,0.9033203125,0.2685546875,0.146484375,-0.13427734375,0.18310546875,0.0244140625,1.03759765625,-0.03662109375,0.23193359375,-0.20751953125,0.15869140625,-0.3173828125,0.2685546875,0.20751953125,0.86669921875,0.23193359375,0.08544921875,0.10986328125,1.33056640625,0.0244140625,-1.01318359375,-0.13427734375,-0.30517578125,0.10986328125,-0.9765625,-0.29296875,-0.79345703125,0.1953125,-1.513671875,-0.0244140625,-0.2685546875,0.146484375,-0.32958984375,0.0732421875,-1.1962890625,-0.13427734375,4.248046875,-0.3173828125,4.30908203125,-0.1708984375,3.03955078125,0.50048828125,8.7890625,0.2197265625,-0.74462890625,-0.20751953125,-1.47705078125,-0.23193359375,-1.07421875,0,0.4150390625,-0.03662109375,0.25634765625,-0.0732421875,0.20751953125,-0.0732421875,-0.10986328125,-0.15869140625,0.03662109375,-0.2197265625,0.0244140625,-0.0732421875,0.81787109375,0.0732421875,-0.47607421875,0.03662109375,-0.47607421875
0,-0.64697265625,-0.3173828125,-0.25634765625,-0.3173828125,-0.28076171875,-0.37841796875,-0.01220703125,0.01220703125,0.25634765625,-0.10986328125,-0.1953125,-0.9521484375,-0.244140625,1.03759765625,0,-0.28076171875,-0.23193359375,-0.98876953125,0.1953125,-0.40283203125,-0.1708984375,0.62255859375,0.37841796875,-1.13525390625,-0.15869140625,-0.20751953125,0.06103515625,-0.8056640625,-0.1953125,0.87890625,0.146484375,0.23193359375,-0.0244140625,-0.3662109375,-0.439453125,-0.86669921875,-0.08544921875,-0.4150390625,-0.10986328125,-0.76904296875,0.01220703125,-0.18310546875,0,-0.64697265625,-0.0244140625,-0.40283203125,-0.20751953125,0.74462890625,-0.341796875,1.123046875,0.244140625,0.4150390625,0.10986328125,-0.15869140625,0.01220703125,0.74462890625,-0.1220703125,1.1474609375,0.13427734375,0.45166015625,-0.09765625,0.830078125,0.25634765625,0.18310546875,-0.08544921875,0.25634765625,0.0732421875,1.06201171875,-0.0244140625,0.244140625,-0.20751953125,0.20751953125,-0.32958984375,0.30517578125,0.2197265625,0.86669921875,0.1708984375,0.048828125,0.06103515625,1.35498046875,-0.08544921875,-0.98876953125,-0.18310546875,-0.30517578125,0.01220703125,-1.0009765625,-0.37841796875,-0.78125,0.1953125,-1.5380859375,0.01220703125,-0.28076171875,0.06103515625,-0.3173828125,0.18310546875,-1.220703125,-0.13427734375,4.50439453125,-0.3173828125,4.57763671875,-0.1953125,3.25927734375,0.439453125,9.423828125,0.1220703125,-0.74462890625,-0.1953125,-1.45263671875,-0.1953125,-1.07421875,0.0732421875,0.4150390625,-0.03662109375,0.25634765625,-0.09765625,0.10986328125,-0.06103515625,-0.10986328125,-0.146484375,0.03662109375,-0.2197265625,0.01220703125,-0.0732421875,0.84228515625,0.0732421875,-0.47607421875,0.0244140625,-0.48828125
1,-0.64697265625,-0.30517578125,-0.28076171875,-0.3173828125,-0.2685546875,-0.37841796875,-0.01220703125,0.03662109375,0.2685546875,-0.08544921875,-0.15869140625,-0.93994140625,-0.29296875,1.025390625,0.0244140625,-0.25634765625,-0.23193359375,-0.9765625,0.09765625,-0.439453125,-0.1953125,0.59814453125,0.29296875,-1.0986328125,-0.1220703125,-0.18310546875,0.08544921875,-0.79345703125,-0.1708984375,0.86669921875,0.23193359375,0.23193359375,0.1708984375,-0.341796875,-0.390625,-0.86669921875,-0.06103515625,-0.4150390625,-0.06103515625,-0.74462890625,0.03662109375,-0.15869140625,0,-0.64697265625,0,-0.4150390625,-0.09765625,0.74462890625,-0.341796875,1.15966796875,0.2197265625,0.42724609375,0.09765625,-0.15869140625,-0.01220703125,0.732421875,-0.10986328125,1.1962890625,0.1708984375,0.439453125,-0.15869140625,0.76904296875,0.1953125,0.1708984375,-0.048828125,0.28076171875,0.1708984375,1.07421875,0,0.244140625,-0.1708984375,0.2197265625,-0.28076171875,0.3173828125,0.23193359375,0.8544921875,0.10986328125,0.048828125,0.0244140625,1.37939453125,-0.1708984375,-1.0009765625,-0.1953125,-0.341796875,-0.1220703125,-1.01318359375,-0.3662109375,-0.78125,0.1220703125,-1.55029296875,-0.01220703125,-0.2685546875,-0.0244140625,-0.30517578125,0.28076171875,-1.20849609375,-0.048828125,4.6630859375,-0.23193359375,4.7607421875,-0.1220703125,3.40576171875,0.40283203125,9.87548828125,0.048828125,-0.7568359375,-0.1220703125,-1.45263671875,-0.1708984375,-1.0986328125,0.0732421875,0.42724609375,-0.03662109375,0.244140625,-0.09765625,0.03662109375,-0.0732421875,-0.1220703125,-0.10986328125,0.03662109375,-0.20751953125,-0.01220703125,-0.06103515625,0.830078125,0.09765625,-0.48828125,0.01220703125,-0.48828125
1,-0.68359375,-0.30517578125,-0.29296875,-0.30517578125,-0.244140625,-0.390625,-0.03662109375,0.0244140625,0.244140625,-0.09765625,-0.15869140625,-0.927734375,-0.3173828125,1.01318359375,0.0244140625,-0.25634765625,-0.20751953125,-0.9765625,0.01220703125,-0.4150390625,-0.15869140625,0.59814453125,0.1220703125,-1.07421875,-0.048828125,-0.1708984375,0.03662109375,-0.81787109375,-0.13427734375,0.87890625,0.2685546875,0.20751953125,0.32958984375,-0.35400390625,-0.37841796875,-0.87890625,-0.09765625,-0.4150390625,-0.03662109375,-0.732421875,0.06103515625,-0.13427734375,-0.048828125,-0.64697265625,0.01220703125,-0.40283203125,-0.03662109375,0.7568359375,-0.3173828125,1.18408203125,0.23193359375,0.42724609375,0.06103515625,-0.18310546875,0,0.732421875,-0.09765625,1.26953125,0.23193359375,0.439453125,-0.146484375,0.68359375,0.146484375,0.15869140625,0.0732421875,0.32958984375,0.244140625,1.07421875,-0.01220703125,0.25634765625,-0.15869140625,0.23193359375,-0.25634765625,0.3173828125,0.2197265625,0.84228515625,0.06103515625,0.0244140625,-0.048828125,1.40380859375,-0.244140625,-1.0009765625,-0.2197265625,-0.32958984375,-0.2197265625,-1.01318359375,-0.2685546875,-0.78125,0.0732421875,-1.5380859375,-0.06103515625,-0.2685546875,-0.06103515625,-0.29296875,0.25634765625,-1.20849609375,-0.048828125,4.736328125,-0.1953125,4.833984375,-0.1220703125,3.50341796875,0.29296875,10.14404296875,-0.0244140625,-0.7568359375,-0.06103515625,-1.4404296875,-0.13427734375,-1.0986328125,0.048828125,0.42724609375,-0.0244140625,0.25634765625,-0.09765625,-0.03662109375,-0.06103515625,-0.1220703125,-0.08544921875,0.06103515625,-0.1953125,-0.0244140625,-0.06103515625,0.8544921875,0.10986328125,-0.47607421875,-0.0244140625,-0.5126953125
1,-0.634765625,-0.28076171875,-0.28076171875,-0.3173828125,-0.25634765625,-0.40283203125,-0.03662109375,0.03662109375,0.2685546875,-0.10986328125,-0.15869140625,-0.927734375,-0.35400390625,1.0009765625,0.01220703125,-0.25634765625,-0.18310546875,-0.9521484375,-0.09765625,-0.42724609375,-0.1220703125,0.6103515625,-0.13427734375,-1.0498046875,0.06103515625,-0.1708984375,-0.01220703125,-0.81787109375,-0.10986328125,0.89111328125,0.28076171875,0.20751953125,0.4150390625,-0.341796875,-0.341796875,-0.89111328125,-0.15869140625,-0.40283203125,0.01220703125,-0.7080078125,0.03662109375,-0.146484375,-0.13427734375,-0.64697265625,0.03662109375,-0.3662109375,0.01220703125,0.7568359375,-0.30517578125,1.220703125,0.244140625,0.42724609375,0.048828125,-0.1708984375,-0.01220703125,0.72021484375,-0.0732421875,1.33056640625,0.2197265625,0.4150390625,-0.03662109375,0.59814453125,-0.0244140625,0.146484375,0.09765625,0.32958984375,0.3173828125,1.08642578125,0.01220703125,0.28076171875,-0.146484375,0.244140625,-0.2197265625,0.30517578125,0.20751953125,0.8544921875,0.03662109375,0.01220703125,-0.08544921875,1.40380859375,-0.244140625,-0.9521484375,-0.23193359375,-0.3173828125,-0.30517578125,-1.0009765625,-0.146484375,-0.7568359375,0.0244140625,-1.55029296875,-0.15869140625,-0.23193359375,-0.10986328125,-0.28076171875,0.13427734375,-1.1962890625,0.01220703125,4.69970703125,-0.09765625,4.82177734375,-0.1220703125,3.4912109375,0.28076171875,10.26611328125,-0.06103515625,-0.74462890625,0.01220703125,-1.45263671875,-0.146484375,-1.0986328125,-0.048828125,0.4150390625,-0.03662109375,0.28076171875,-0.08544921875,-0.0732421875,-0.048828125,-0.13427734375,-0.048828125,0.048828125,-0.18310546875,-0.01220703125,-0.048828125,0.87890625,0.10986328125,-0.47607421875,-0.048828125,-0.5126953125
1,-0.6103515625,-0.2685546875,-0.2685546875,-0.28076171875,-0.20751953125,-0.40283203125,-0.06103515625,0.01220703125,0.2685546875,-0.10986328125,-0.146484375,-0.927734375,-0.341796875,1.0009765625,0.01220703125,-0.29296875,-0.146484375,-0.927734375,-0.15869140625,-0.439453125,-0.0732421875,0.59814453125,-0.37841796875,-1.03759765625,0.1953125,-0.1953125,-0.03662109375,-0.78125,-0.0732421875,0.89111328125,0.18310546875,0.20751953125,0.47607421875,-0.3173828125,-0.30517578125,-0.9033203125,-0.244140625,-0.4150390625,0.01220703125,-0.7080078125,-0.01220703125,-0.13427734375,-0.2197265625,-0.67138671875,0.0732421875,-0.341796875,0,0.72021484375,-0.29296875,1.2451171875,0.25634765625,0.45166015625,0.01220703125,-0.1708984375,-0.048828125,0.69580078125,-0.03662109375,1.3671875,0.23193359375,0.42724609375,-0.01220703125,0.52490234375,-0.0732421875,0.13427734375,0.146484375,0.341796875,0.390625,1.06201171875,0,0.29296875,-0.10986328125,0.25634765625,-0.1708984375,0.30517578125,0.18310546875,0.81787109375,-0.01220703125,0,-0.09765625,1.416015625,-0.244140625,-0.9521484375,-0.25634765625,-0.341796875,-0.3173828125,-1.0009765625,0.0244140625,-0.76904296875,0.0244140625,-1.513671875,-0.25634765625,-0.244140625,-0.08544921875,-0.244140625,0,-1.20849609375,0.048828125,4.67529296875,-0.06103515625,4.74853515625,-0.08544921875,3.45458984375,0.1708984375,10.24169921875,-0.03662109375,-0.732421875,0.0732421875,-1.4404296875,-0.13427734375,-1.0986328125,-0.1220703125,0.40283203125,-0.048828125,0.3173828125,-0.08544921875,-0.08544921875,-0.06103515625,-0.13427734375,-0.0244140625,0.0732421875,-0.1953125,-0.0244140625,-0.06103515625,0.89111328125,0.1220703125,-0.47607421875,-0.048828125,-0.50048828125
1,-0.59814453125,-0.2685546875,-0.2197265625,-0.28076171875,-0.20751953125,-0.42724609375,-0.0732421875,0,0.25634765625,-0.1220703125,-0.146484375,-0.927734375,-0.35400390625,0.96435546875,-0.01220703125,-0.29296875,-0.1220703125,-0.9033203125,-0.1953125,-0.439453125,-0.06103515625,0.62255859375,-0.50048828125,-1.03759765625,0.28076171875,-0.18310546875,-0.0732421875,-0.79345703125,-0.048828125,0.9033203125,0.06103515625,0.20751953125,0.47607421875,-0.28076171875,-0.25634765625,-0.9033203125,-0.30517578125,-0.42724609375,0.01220703125,-0.732421875,-0.1220703125,-0.146484375,-0.29296875,-0.64697265625,0.08544921875,-0.32958984375,-0.0244140625,0.69580078125,-0.29296875,1.25732421875,0.244140625,0.4638671875,0.01220703125,-0.18310546875,-0.1220703125,0.72021484375,-0.01220703125,1.40380859375,0.2197265625,0.42724609375,0.15869140625,0.48828125,-0.08544921875,0.1220703125,0.15869140625,0.30517578125,0.42724609375,1.07421875,-0.01220703125,0.2685546875,-0.08544921875,0.2685546875,-0.08544921875,0.29296875,0.09765625,0.89111328125,-0.0244140625,-0.01220703125,-0.1220703125,1.40380859375,-0.23193359375,-0.96435546875,-0.23193359375,-0.341796875,-0.244140625,-1.0009765625,0.10986328125,-0.76904296875,0.06103515625,-1.513671875,-0.30517578125,-0.2197265625,-0.06103515625,-0.2685546875,-0.1953125,-1.1962890625,0.01220703125,4.5654296875,-0.08544921875,4.62646484375,-0.13427734375,3.38134765625,0.0244140625,10.04638671875,0.06103515625,-0.732421875,0.048828125,-1.45263671875,-0.10986328125,-1.07421875,-0.146484375,0.40283203125,-0.03662109375,0.341796875,-0.09765625,-0.08544921875,-0.06103515625,-0.13427734375,0.01220703125,0.0732421875,-0.1953125,-0.0244140625,-0.0732421875,0.87890625,0.09765625,-0.47607421875,-0.0244140625,-0.48828125
1,-0.5859375,-0.25634765625,-0.1953125,-0.2685546875,-0.23193359375,-0.40283203125,-0.08544921875,0.01220703125,0.28076171875,-0.10986328125,-0.13427734375,-0.93994140625,-0.30517578125,0.9765625,-0.03662109375,-0.29296875,-0.10986328125,-0.89111328125,-0.15869140625,-0.45166015625,-0.10986328125,0.6103515625,-0.5615234375,-1.0498046875,0.28076171875,-0.1708984375,-0.08544921875,-0.79345703125,-0.0244140625,0.89111328125,-0.06103515625,0.2197265625,0.42724609375,-0.25634765625,-0.1953125,-0.9033203125,-0.32958984375,-0.439453125,0,-0.732421875,-0.2197265625,-0.146484375,-0.32958984375,-0.64697265625,0.09765625,-0.32958984375,-0.03662109375,0.68359375,-0.29296875,1.2451171875,0.2685546875,0.48828125,-0.03662109375,-0.15869140625,-0.146484375,0.7080078125,0.03662109375,1.40380859375,0.25634765625,0.45166015625,0.2197265625,0.4638671875,-0.13427734375,0.10986328125,0.1953125,0.25634765625,0.439453125,1.06201171875,0.01220703125,0.244140625,-0.0732421875,0.244140625,0,0.25634765625,0.0244140625,0.87890625,-0.09765625,-0.0244140625,-0.1220703125,1.37939453125,-0.1953125,-0.93994140625,-0.20751953125,-0.341796875,-0.1220703125,-0.98876953125,0.146484375,-0.7568359375,0.048828125,-1.52587890625,-0.32958984375,-0.2197265625,-0.048828125,-0.30517578125,-0.30517578125,-1.171875,-0.01220703125,4.4677734375,-0.13427734375,4.443359375,-0.10986328125,3.271484375,-0.0244140625,9.716796875,0.18310546875,-0.74462890625,0.06103515625,-1.45263671875,-0.0732421875,-1.0498046875,-0.13427734375,0.40283203125,-0.048828125,0.32958984375,-0.0732421875,-0.09765625,-0.06103515625,-0.13427734375,0.01220703125,0.08544921875,-0.1708984375,-0.0244140625,-0.0732421875,0.89111328125,0.0732421875,-0.47607421875,0,-0.47607421875
1,-0.537109375,-0.28076171875,-0.2197265625,-0.2685546875,-0.1953125,-0.4150390625,-0.10986328125,0.01220703125,0.28076171875,-0.10986328125,-0.10986328125,-0.93994140625,-0.28076171875,0.9521484375,-0.0732421875,-0.30517578125,-0.1220703125,-0.9033203125,-0.10986328125,-0.42724609375,-0.1708984375,0.62255859375,-0.4638671875,-1.06201171875,0.23193359375,-0.1953125,-0.08544921875,-0.78125,-0.06103515625,0.9033203125,-0.2197265625,0.20751953125,0.29296875,-0.2685546875,-0.146484375,-0.9033203125,-0.32958984375,-0.439453125,-0.0732421875,-0.7568359375,-0.32958984375,-0.1708984375,-0.29296875,-0.634765625,0.08544921875,-0.341796875,-0.048828125,0.67138671875,-0.2685546875,1.20849609375,0.30517578125,0.50048828125,-0.13427734375,-0.10986328125,-0.146484375,0.732421875,0.10986328125,1.3916015625,0.244140625,0.42724609375,0.2197265625,0.50048828125,-0.1220703125,0.13427734375,0.2685546875,0.1953125,0.42724609375,1.0498046875,0.03662109375,0.23193359375,-0.03662109375,0.2197265625,0.06103515625,0.23193359375,-0.03662109375,0.8544921875,-0.146484375,-0.03662109375,-0.10986328125,1.3427734375,-0.146484375,-0.9521484375,-0.146484375,-0.32958984375,0.06103515625,-0.9765625,0.146484375,-0.76904296875,0.01220703125,-1.50146484375,-0.32958984375,-0.23193359375,-0.03662109375,-0.30517578125,-0.3662109375,-1.171875,-0.048828125,4.33349609375,-0.20751953125,4.2236328125,-0.10986328125,3.11279296875,-0.03662109375,9.26513671875,0.32958984375,-0.7568359375,0.048828125,-1.47705078125,-0.0244140625,-1.03759765625,-0.1220703125,0.40283203125,-0.048828125,0.341796875,-0.09765625,-0.06103515625,-0.0732421875,-0.10986328125,0.03662109375,0.09765625,-0.1708984375,-0.01220703125,-0.10986328125,0.86669921875,0.0732421875,-0.4638671875,0.048828125,-0.4638671875
1,-0.5615234375,-0.30517578125,-0.2197265625,-0.244140625,-0.1953125,-0.390625,-0.1220703125,0.0244140625,0.28076171875,-0.13427734375,-0.09765625,-0.91552734375,-0.2685546875,0.93994140625,-0.09765625,-0.29296875,-0.13427734375,-0.91552734375,-0.03662109375,-0.4150390625,-0.244140625,0.62255859375,-0.23193359375,-1.07421875,0.1220703125,-0.2197265625,-0.08544921875,-0.78125,-0.146484375,0.87890625,-0.29296875,0.2197265625,0.1708984375,-0.29296875,-0.13427734375,-0.9033203125,-0.30517578125,-0.439453125,-0.1220703125,-0.7568359375,-0.3662109375,-0.15869140625,-0.20751953125,-0.634765625,0.048828125,-0.35400390625,-0.09765625,0.67138671875,-0.244140625,1.171875,0.3173828125,0.5126953125,-0.2197265625,-0.10986328125,-0.146484375,0.732421875,0.13427734375,1.3427734375,0.23193359375,0.439453125,0.3662109375,0.537109375,-0.1220703125,0.13427734375,0.30517578125,0.15869140625,0.4150390625,1.03759765625,0.03662109375,0.20751953125,-0.03662109375,0.1953125,0.1220703125,0.1953125,-0.08544921875,0.87890625,-0.15869140625,-0.03662109375,-0.08544921875,1.3427734375,-0.0732421875,-0.96435546875,-0.08544921875,-0.3173828125,0.20751953125,-0.9765625,0.09765625,-0.76904296875,-0.06103515625,-1.513671875,-0.28076171875,-0.23193359375,-0.09765625,-0.29296875,-0.3662109375,-1.15966796875,-0.0732421875,4.13818359375,-0.25634765625,3.955078125,-0.10986328125,2.91748046875,-0.06103515625,8.69140625,0.42724609375,-0.7568359375,0.048828125,-1.47705078125,0,-1.01318359375,-0.10986328125,0.4150390625,-0.048828125,0.32958984375,-0.08544921875,-0.03662109375,-0.048828125,-0.0732421875,0.0244140625,0.09765625,-0.146484375,-0.01220703125,-0.1220703125,0.8544921875,0.06103515625,-0.4638671875,0.0732421875,-0.47607421875
1,-0.52490234375,-0.32958984375,-0.28076171875,-0.25634765625,-0.1708984375,-0.40283203125,-0.1220703125,0.0244140625,0.3173828125,-0.1220703125,-0.0732421875,-0.91552734375,-0.2685546875,0.9521484375,-0.08544921875,-0.2685546875,-0.15869140625,-0.927734375,0.03662109375,-0.42724609375,-0.25634765625,0.62255859375,-0.03662109375,-1.11083984375,-0.03662109375,-0.2197265625,-0.06103515625,-0.76904296875,-0.2685546875,0.89111328125,-0.37841796875,0.20751953125,0.048828125,-0.28076171875,-0.1708984375,-0.87890625,-0.25634765625,-0.40283203125,-0.1708984375,-0.76904296875,-0.4150390625,-0.18310546875,-0.09765625,-0.62255859375,-0.03662109375,-0.3662109375,-0.1220703125,0.6591796875,-0.15869140625,1.123046875,0.3173828125,0.52490234375,-0.341796875,-0.10986328125,-0.1220703125,0.74462890625,0.13427734375,1.25732421875,0.1953125,0.439453125,0.3662109375,0.62255859375,-0.08544921875,0.10986328125,0.28076171875,0.1220703125,0.35400390625,1.025390625,0.06103515625,0.1953125,-0.06103515625,0.1708984375,0.10986328125,0.1953125,-0.09765625,0.87890625,-0.1708984375,-0.0244140625,-0.08544921875,1.318359375,-0.048828125,-0.9765625,-0.0244140625,-0.341796875,0.30517578125,-0.9765625,0.0732421875,-0.78125,-0.146484375,-1.5380859375,-0.244140625,-0.25634765625,-0.20751953125,-0.3173828125,-0.25634765625,-1.15966796875,-0.09765625,3.89404296875,-0.35400390625,3.662109375,-0.10986328125,2.6611328125,-0.01220703125,8.09326171875,0.50048828125,-0.7568359375,0.08544921875,-1.47705078125,-0.03662109375,-1.025390625,-0.1220703125,0.439453125,-0.03662109375,0.3173828125,-0.08544921875,-0.03662109375,-0.06103515625,-0.08544921875,0.03662109375,0.08544921875,-0.146484375,-0.01220703125,-0.13427734375,0.8544921875,0.0732421875,-0.4638671875,0.10986328125,-0.47607421875
1,-0.5126953125,-0.341796875,-0.244140625,-0.244140625,-0.1708984375,-0.37841796875,-0.146484375,0.03662109375,0.30517578125,-0.1220703125,-0.06103515625,-0.927734375,-0.2685546875,0.96435546875,-0.10986328125,-0.25634765625,-0.1708984375,-0.927734375,0.0732421875,-0.40283203125,-0.2197265625,0.62255859375,0.1220703125,-1.11083984375,-0.18310546875,-0.2197265625,-0.09765625,-0.76904296875,-0.40283203125,0.86669921875,-0.35400390625,0.244140625,-0.048828125,-0.3173828125,-0.244140625,-0.86669921875,-0.18310546875,-0.4150390625,-0.20751953125,-0.7568359375,-0.35400390625,-0.15869140625,-0.06103515625,-0.634765625,-0.09765625,-0.390625,-0.13427734375,0.6591796875,-0.18310546875,1.0986328125,0.35400390625,0.50048828125,-0.45166015625,-0.10986328125,-0.09765625,0.732421875,0.13427734375,1.1474609375,0.1953125,0.42724609375,0.37841796875,0.68359375,-0.0732421875,0.10986328125,0.29296875,0.10986328125,0.244140625,1.03759765625,0.0732421875,0.1953125,-0.08544921875,0.15869140625,0.09765625,0.1953125,-0.09765625,0.86669921875,-0.146484375,-0.01220703125,-0.10986328125,1.2939453125,0,-1.0009765625,0.048828125,-0.32958984375,0.3173828125,-1.0009765625,0.06103515625,-0.78125,-0.15869140625,-1.5380859375,-0.1953125,-0.25634765625,-0.28076171875,-0.32958984375,-0.09765625,-1.1474609375,-0.06103515625,3.61328125,-0.32958984375,3.369140625,-0.0244140625,2.3681640625,0.1220703125,7.470703125,0.47607421875,-0.7568359375,0.10986328125,-1.46484375,-0.03662109375,-1.01318359375,-0.10986328125,0.42724609375,-0.048828125,0.29296875,-0.06103515625,-0.0244140625,-0.048828125,-0.0732421875,0.03662109375,0.09765625,-0.15869140625,0,-0.1220703125,0.84228515625,0.06103515625,-0.4638671875,0.09765625,-0.50048828125
1,-0.45166015625,-0.37841796875,-0.23193359375,-0.2685546875,-0.146484375,-0.37841796875,-0.15869140625,0.0244140625,0.30517578125,-0.1220703125,-0.048828125,-0.927734375,-0.2685546875,0.98876953125,-0.146484375,-0.28076171875,-0.18310546875,-0.9765625,0.10986328125,-0.4150390625,-0.1708984375,0.62255859375,0.23193359375,-1.11083984375,-0.244140625,-0.2197265625,-0.10986328125,-0.76904296875,-0.48828125,0.86669921875,-0.25634765625,0.244140625,-0.09765625,-0.3173828125,-0.3662109375,-0.86669921875,-0.09765625,-0.4150390625,-0.2685546875,-0.7568359375,-0.28076171875,-0.15869140625,0.01220703125,-0.634765625,-0.15869140625,-0.40283203125,-0.15869140625,0.67138671875,-0.1953125,1.08642578125,0.47607421875,0.47607421875,-0.54931640625,-0.13427734375,-0.048828125,0.732421875,0.06103515625,1.0498046875,0.1953125,0.45166015625,0.3662109375,0.72021484375,-0.10986328125,0.10986328125,0.2685546875,0.146484375,0.15869140625,1.025390625,0.09765625,0.20751953125,-0.10986328125,0.15869140625,0.0732421875,0.23193359375,-0.09765625,0.9033203125,-0.08544921875,0,-0.13427734375,1.33056640625,0,-1.0009765625,0.08544921875,-0.32958984375,0.2685546875,-1.01318359375,0.06103515625,-0.78125,-0.1220703125,-1.5625,-0.1220703125,-0.25634765625,-0.32958984375,-0.3173828125,0.01220703125,-1.123046875,-0.0732421875,3.33251953125,-0.32958984375,3.08837890625,0.01220703125,2.1240234375,0.09765625,6.884765625,0.4150390625,-0.76904296875,0.10986328125,-1.4892578125,-0.03662109375,-1.025390625,-0.0732421875,0.4150390625,-0.0732421875,0.28076171875,-0.048828125,-0.03662109375,-0.0732421875,-0.08544921875,0.06103515625,0.08544921875,-0.15869140625,0.01220703125,-0.1220703125,0.84228515625,0.10986328125,-0.4638671875,0.08544921875,-0.50048828125
1,-0.42724609375,-0.390625,-0.244140625,-0.28076171875,-0.146484375,-0.37841796875,-0.15869140625,0.0244140625,0.29296875,-0.146484375,-0.03662109375,-0.91552734375,-0.244140625,0.96435546875,-0.1708984375,-0.2685546875,-0.146484375,-0.93994140625,0.0732421875,-0.40283203125,-0.048828125,0.6103515625,0.1953125,-1.0986328125,-0.29296875,-0.20751953125,-0.1708984375,-0.78125,-0.54931640625,0.86669921875,-0.13427734375,0.25634765625,-0.13427734375,-0.341796875,-0.42724609375,-0.86669921875,-0.03662109375,-0.37841796875,-0.2685546875,-0.7080078125,-0.15869140625,-0.15869140625,0.0732421875,-0.634765625,-0.1953125,-0.37841796875,-0.10986328125,0.6591796875,-0.1708984375,1.123046875,0.48828125,0.48828125,-0.5615234375,-0.15869140625,-0.0244140625,0.732421875,-0.01220703125,0.927734375,0.23193359375,0.42724609375,0.40283203125,0.72021484375,-0.06103515625,0.1220703125,0.23193359375,0.18310546875,0.01220703125,1.025390625,0.1220703125,0.2197265625,-0.18310546875,0.146484375,0.06103515625,0.25634765625,-0.09765625,0.87890625,-0.0244140625,-0.01220703125,-0.15869140625,1.3427734375,0.03662109375,-0.98876953125,0.10986328125,-0.341796875,0.146484375,-1.0009765625,0.09765625,-0.76904296875,-0.08544921875,-1.59912109375,-0.0732421875,-0.29296875,-0.29296875,-0.28076171875,0.0732421875,-1.123046875,-0.1220703125,3.03955078125,-0.25634765625,2.81982421875,0.03662109375,1.86767578125,0.146484375,6.4208984375,0.2685546875,-0.76904296875,0.08544921875,-1.47705078125,-0.01220703125,-1.0498046875,-0.0244140625,0.42724609375,-0.06103515625,0.2685546875,-0.03662109375,-0.048828125,-0.0732421875,-0.0732421875,0.06103515625,0.0732421875,-0.146484375,0.0244140625,-0.13427734375,0.86669921875,0.1220703125,-0.45166015625,0.06103515625,-0.48828125
1,-0.37841796875,-0.4150390625,-0.20751953125,-0.2685546875,-0.13427734375,-0.3662109375,-0.1708984375,0.0244140625,0.3173828125,-0.13427734375,-0.03662109375,-0.927734375,-0.244140625,0.98876953125,-0.18310546875,-0.28076171875,-0.10986328125,-0.927734375,0.01220703125,-0.42724609375,0.09765625,0.59814453125,0.15869140625,-1.07421875,-0.2685546875,-0.1953125,-0.20751953125,-0.78125,-0.537109375,0.8544921875,0.0244140625,0.2197265625,-0.1708984375,-0.35400390625,-0.42724609375,-0.86669921875,0.03662109375,-0.40283203125,-0.2197265625,-0.72021484375,-0.08544921875,-0.1220703125,0.15869140625,-0.634765625,-0.1708984375,-0.390625,-0.048828125,0.67138671875,-0.1708984375,1.15966796875,0.5126953125,0.45166015625,-0.5615234375,-0.1708984375,-0.06103515625,0.72021484375,-0.0732421875,0.8544921875,0.23193359375,0.439453125,0.341796875,0.7080078125,0,0.1220703125,0.18310546875,0.2197265625,-0.06103515625,1.0498046875,0.13427734375,0.23193359375,-0.23193359375,0.1708984375,0.01220703125,0.29296875,-0.10986328125,0.84228515625,0.03662109375,0.01220703125,-0.1953125,1.3671875,0.03662109375,-0.98876953125,0.08544921875,-0.35400390625,-0.0244140625,-1.025390625,0.146484375,-0.78125,-0.0244140625,-1.59912109375,-0.03662109375,-0.29296875,-0.20751953125,-0.28076171875,0.09765625,-1.1474609375,-0.18310546875,2.79541015625,-0.146484375,2.6123046875,0.08544921875,1.64794921875,0.15869140625,6.06689453125,0.13427734375,-0.74462890625,0.048828125,-1.46484375,0.0244140625,-1.03759765625,0,0.4150390625,-0.0732421875,0.2685546875,-0.06103515625,-0.08544921875,-0.06103515625,-0.08544921875,0.0732421875,0.0732421875,-0.146484375,0.0244140625,-0.13427734375,0.86669921875,0.1220703125,-0.4638671875,0.03662109375,-0.48828125
1,-0.37841796875,-0.42724609375,-0.2197265625,-0.28076171875,-0.1220703125,-0.37841796875,-0.15869140625,0.03662109375,0.3173828125,-0.10986328125,-0.03662109375,-0.927734375,-0.2197265625,1.0009765625,-0.2197265625,-0.2685546875,-0.048828125,-0.927734375,-0.048828125,-0.4150390625,0.1708984375,0.5859375,0.0732421875,-1.0498046875,-0.1953125,-0.15869140625,-0.25634765625,-0.78125,-0.45166015625,0.87890625,0.09765625,0.2197265625,-0.1708984375,-0.32958984375,-0.42724609375,-0.86669921875,0.06103515625,-0.390625,-0.13427734375,-0.72021484375,0.01220703125,-0.1220703125,0.2197265625,-0.634765625,-0.1220703125,-0.37841796875,0.01220703125,0.67138671875,-0.18310546875,1.1962890625,0.52490234375,0.4638671875,-0.5859375,-0.20751953125,-0.06103515625,0.732421875,-0.10986328125,0.7568359375,0.244140625,0.439453125,0.35400390625,0.67138671875,0.08544921875,0.10986328125,0.0732421875,0.25634765625,-0.146484375,1.06201171875,0.10986328125,0.25634765625,-0.28076171875,0.1953125,-0.0244140625,0.30517578125,-0.13427734375,0.830078125,0.06103515625,0.0244140625,-0.28076171875,1.3671875,0.01220703125,-1.0009765625,0.08544921875,-0.341796875,-0.1953125,-1.025390625,0.1708984375,-0.76904296875,-0.0244140625,-1.59912109375,-0.03662109375,-0.30517578125,-0.048828125,-0.29296875,0.0244140625,-1.171875,-0.2685546875,2.5634765625,-0.048828125,2.4658203125,0.0244140625,1.513671875,0.13427734375,5.810546875,0.01220703125,-0.74462890625,-0.01220703125,-1.47705078125,0.03662109375,-1.06201171875,0.01220703125,0.40283203125,-0.048828125,0.28076171875,-0.048828125,-0.09765625,-0.0732421875,-0.10986328125,0.0732421875,0.0732421875,-0.146484375,0.01220703125,-0.1220703125,0.87890625,0.13427734375,-0.4638671875,0.0244140625,-0.48828125
0,-0.341796875,-0.42724609375,-0.25634765625,-0.2685546875,-0.1220703125,-0.37841796875,-0.146484375,0.03662109375,0.30517578125,-0.09765625,-0.01220703125,-0.927734375,-0.1953125,1.01318359375,-0.244140625,-0.2685546875,-0.0244140625,-0.927734375,-0.13427734375,-0.42724609375,0.23193359375,0.5859375,0.01220703125,-1.025390625,-0.13427734375,-0.1708984375,-0.244140625,-0.8056640625,-0.35400390625,0.9033203125,0.1220703125,0.2197265625,-0.2197265625,-0.3173828125,-0.37841796875,-0.86669921875,0.08544921875,-0.390625,-0.0244140625,-0.72021484375,0.09765625,-0.10986328125,0.244140625,-0.64697265625,-0.0732421875,-0.390625,0.06103515625,0.67138671875,-0.1953125,1.20849609375,0.52490234375,0.45166015625,-0.48828125,-0.2197265625,-0.06103515625,0.72021484375,-0.09765625,0.7080078125,0.244140625,0.439453125,0.3173828125,0.6103515625,0.13427734375,0.10986328125,0.03662109375,0.28076171875,-0.244140625,1.07421875,0.08544921875,0.2685546875,-0.3173828125,0.23193359375,-0.0244140625,0.341796875,-0.13427734375,0.79345703125,0.0732421875,0.01220703125,-0.32958984375,1.37939453125,0.01220703125,-0.98876953125,0.048828125,-0.341796875,-0.29296875,-1.025390625,0.146484375,-0.76904296875,0.01220703125,-1.57470703125,-0.06103515625,-0.30517578125,0.0732421875,-0.2685546875,-0.0244140625,-1.171875,-0.23193359375,2.38037109375,0.0244140625,2.38037109375,0,1.416015625,0.1220703125,5.60302734375,-0.03662109375,-0.74462890625,-0.06103515625,-1.46484375,-0.0244140625,-1.07421875,-0.01220703125,0.40283203125,-0.06103515625,0.29296875,-0.0732421875,-0.146484375,-0.06103515625,-0.13427734375,0.0732421875,0.06103515625,-0.146484375,0.01220703125,-0.09765625,0.87890625,0.09765625,-0.48828125,0.01220703125,-0.48828125
0,-0.30517578125,-0.42724609375,-0.244140625,-0.25634765625,-0.10986328125,-0.390625,-0.146484375,0.03662109375,0.341796875,-0.10986328125,0.01220703125,-0.93994140625,-0.20751953125,1.01318359375,-0.25634765625,-0.2685546875,-0.0244140625,-0.9033203125,-0.20751953125,-0.439453125,0.244140625,0.57373046875,-0.09765625,-1.025390625,-0.03662109375,-0.18310546875,-0.1953125,-0.79345703125,-0.18310546875,0.9033203125,0.10986328125,0.2197265625,-0.23193359375,-0.25634765625,-0.28076171875,-0.87890625,0.06103515625,-0.40283203125,0.0732421875,-0.7080078125,0.15869140625,-0.09765625,0.2685546875,-0.64697265625,-0.01220703125,-0.390625,0.13427734375,0.67138671875,-0.23193359375,1.23291015625,0.537109375,0.4638671875,-0.4150390625,-0.20751953125,-0.06103515625,0.732421875,-0.08544921875,0.6591796875,0.25634765625,0.45166015625,0.3662109375,0.5615234375,0.1220703125,0.09765625,-0.0244140625,0.28076171875,-0.29296875,1.07421875,0.048828125,0.29296875,-0.30517578125,0.25634765625,-0.06103515625,0.341796875,-0.13427734375,0.78125,0.08544921875,0.0244140625,-0.3662109375,1.3916015625,-0.0244140625,-0.9765625,0,-0.341796875,-0.32958984375,-1.01318359375,0.0732421875,-0.76904296875,0.06103515625,-1.55029296875,-0.13427734375,-0.29296875,0.146484375,-0.28076171875,-0.10986328125,-1.18408203125,-0.1953125,2.20947265625,0.03662109375,2.28271484375,-0.09765625,1.35498046875,0.18310546875,5.3955078125,0.01220703125,-0.7568359375,-0.13427734375,-1.46484375,-0.08544921875,-1.07421875,-0.048828125,0.40283203125,-0.0732421875,0.3173828125,-0.06103515625,-0.13427734375,-0.06103515625,-0.1220703125,0.08544921875,0.08544921875,-0.10986328125,0,-0.10986328125,0.89111328125,0.1220703125,-0.48828125,0.01220703125,-0.5126953125
0,-0.25634765625,-0.4150390625,-0.18310546875,-0.25634765625,-0.09765625,-0.37841796875,-0.15869140625,0.048828125,0.341796875,-0.09765625,0.0244140625,-0.9521484375,-0.1953125,1.025390625,-0.28076171875,-0.23193359375,-0.01220703125,-0.91552734375,-0.2197265625,-0.439453125,0.15869140625,0.5859375,-0.20751953125,-1.025390625,0.0244140625,-0.1953125,-0.15869140625,-0.8056640625,-0.03662109375,0.89111328125,0.0244140625,0.23193359375,-0.20751953125,-0.25634765625,-0.1953125,-0.87890625,0.0244140625,-0.37841796875,0.146484375,-0.732421875,0.1953125,-0.10986328125,0.29296875,-0.634765625,0.0732421875,-0.390625,0.15869140625,0.67138671875,-0.23193359375,1.220703125,0.52490234375,0.48828125,-0.32958984375,-0.18310546875,-0.03662109375,0.7568359375,-0.06103515625,0.64697265625,0.20751953125,0.439453125,0.47607421875,0.5126953125,0.1220703125,0.09765625,-0.09765625,0.28076171875,-0.341796875,1.06201171875,-0.0244140625,0.28076171875,-0.30517578125,0.2685546875,-0.1220703125,0.32958984375,-0.1220703125,0.76904296875,0.09765625,0.03662109375,-0.32958984375,1.37939453125,-0.03662109375,-0.9521484375,-0.03662109375,-0.341796875,-0.244140625,-1.0009765625,-0.01220703125,-0.76904296875,0.1220703125,-1.52587890625,-0.1708984375,-0.28076171875,0.18310546875,-0.2685546875,-0.1708984375,-1.220703125,-0.09765625,2.05078125,0.0244140625,2.18505859375,-0.1953125,1.23291015625,0.3173828125,5.078125,0.048828125,-0.732421875,-0.1953125,-1.45263671875,-0.15869140625,-1.07421875,-0.048828125,0.37841796875,-0.06103515625,0.32958984375,-0.10986328125,-0.13427734375,-0.08544921875,-0.10986328125,0.0732421875,0.09765625,-0.09765625,-0.01220703125,-0.09765625,0.9033203125,0.10986328125,-0.50048828125,0,-0.52490234375
0,-0.23193359375,-0.390625,-0.20751953125,-0.244140625,-0.09765625,-0.390625,-0.1708984375,0.03662109375,0.341796875,-0.08544921875,0.03662109375,-0.9521484375,-0.20751953125,1.01318359375,-0.25634765625,-0.23193359375,-0.03662109375,-0.87890625,-0.2685546875,-0.45166015625,0.048828125,0.5859375,-0.28076171875,-1.03759765625,0.06103515625,-0.18310546875,-0.0244140625,-0.8056640625,0.048828125,0.89111328125,-0.03662109375,0.2197265625,-0.18310546875,-0.23193359375,-0.10986328125,-0.86669921875,0.03662109375,-0.3662109375,0.1708984375,-0.732421875,0.1953125,-0.10986328125,0.32958984375,-0.634765625,0.146484375,-0.35400390625,0.244140625,0.67138671875,-0.20751953125,1.18408203125,0.47607421875,0.50048828125,-0.244140625,-0.146484375,-0.0732421875,0.76904296875,-0.0244140625,0.64697265625,0.146484375,0.4638671875,0.48828125,0.5126953125,0.0732421875,0.09765625,-0.09765625,0.2685546875,-0.3662109375,1.025390625,-0.0732421875,0.28076171875,-0.2685546875,0.2685546875,-0.1953125,0.30517578125,-0.13427734375,0.74462890625,0.06103515625,0.06103515625,-0.29296875,1.3671875,-0.06103515625,-0.96435546875,-0.0732421875,-0.32958984375,-0.1220703125,-0.9765625,-0.13427734375,-0.76904296875,0.146484375,-1.47705078125,-0.20751953125,-0.28076171875,0.146484375,-0.28076171875,-0.15869140625,-1.2451171875,-0.01220703125,1.8310546875,-0.048828125,2.01416015625,-0.25634765625,1.11083984375,0.28076171875,4.62646484375,0.13427734375,-0.732421875,-0.2197265625,-1.46484375,-0.1708984375,-1.06201171875,-0.01220703125,0.40283203125,-0.03662109375,0.32958984375,-0.09765625,-0.10986328125,-0.0732421875,-0.09765625,0.06103515625,0.09765625,-0.09765625,-0.03662109375,-0.10986328125,0.89111328125,0.08544921875,-0.47607421875,-0.0244140625,-0.52490234375
0,-0.20751953125,-0.37841796875,-0.15869140625,-0.244140625,-0.09765625,-0.40283203125,-0.1953125,0.03662109375,0.341796875,-0.10986328125,0.0732421875,-0.93994140625,-0.23193359375,1.025390625,-0.2685546875,-0.25634765625,-0.048828125,-0.9033203125,-0.29296875,-0.45166015625,-0.1220703125,0.59814453125,-0.30517578125,-1.06201171875,0.08544921875,-0.18310546875,0.09765625,-0.78125,0.08544921875,0.9033203125,-0.0732421875,0.23193359375,-0.0732421875,-0.2197265625,-0.03662109375,-0.8544921875,-0.01220703125,-0.3662109375,0.13427734375,-0.74462890625,0.13427734375,-0.10986328125,0.3662109375,-0.62255859375,0.1953125,-0.35400390625,0.30517578125,0.69580078125,-0.1953125,1.15966796875,0.4150390625,0.52490234375,-0.18310546875,-0.13427734375,-0.048828125,0.76904296875,0.048828125,0.634765625,0.09765625,0.4638671875,0.537109375,0.537109375,0.0732421875,0.10986328125,-0.1220703125,0.244140625,-0.3662109375,1.01318359375,-0.09765625,0.25634765625,-0.23193359375,0.25634765625,-0.28076171875,0.2685546875,-0.1220703125,0.76904296875,0.03662109375,0.03662109375,-0.20751953125,1.35498046875,-0.06103515625,-0.96435546875,-0.10986328125,-0.3173828125,0.01220703125,-0.9765625,-0.23193359375,-0.78125,0.10986328125,-1.4892578125,-0.2197265625,-0.29296875,0.0732421875,-0.30517578125,-0.1708984375,-1.26953125,0.146484375,1.55029296875,-0.048828125,1.74560546875,-0.2685546875,0.89111328125,0.341796875,3.96728515625,0.18310546875,-0.732421875,-0.244140625,-1.46484375,-0.13427734375,-1.0498046875,0,0.40283203125,-0.03662109375,0.3173828125,-0.10986328125,-0.09765625,-0.06103515625,-0.048828125,0.06103515625,0.08544921875,-0.06103515625,-0.03662109375,-0.1220703125,0.89111328125,0.06103515625,-0.45166015625,-0.01220703125,-0.52490234375
0,-0.1708984375,-0.3662109375,-0.18310546875,-0.244140625,-0.10986328125,-0.40283203125,-0.1953125,0.03662109375,0.341796875,-0.13427734375,0.08544921875,-0.9521484375,-0.20751953125,1.025390625,-0.2685546875,-0.25634765625,-0.0732421875,-0.89111328125,-0.28076171875,-0.439453125,-0.2685546875,0.5859375,-0.3173828125,-1.07421875,0.048828125,-0.1953125,0.1708984375,-0.78125,0.03662109375,0.89111328125,-0.0732421875,0.23193359375,0.01220703125,-0.2197265625,0.01220703125,-0.84228515625,0.01220703125,-0.37841796875,0.08544921875,-0.7568359375,0.0244140625,-0.1220703125,0.40283203125,-0.6103515625,0.1953125,-0.35400390625,0.3662109375,0.69580078125,-0.146484375,1.123046875,0.37841796875,0.52490234375,-0.06103515625,-0.13427734375,0.01220703125,0.76904296875,0.06103515625,0.634765625,0.01220703125,0.45166015625,0.59814453125,0.6103515625,0.13427734375,0.10986328125,-0.146484375,0.25634765625,-0.35400390625,1.01318359375,-0.10986328125,0.25634765625,-0.1953125,0.244140625,-0.3662109375,0.28076171875,-0.08544921875,0.78125,-0.01220703125,0.03662109375,-0.146484375,1.33056640625,-0.06103515625,-0.98876953125,-0.0732421875,-0.30517578125,0.13427734375,-0.9521484375,-0.25634765625,-0.79345703125,0.03662109375,-1.4892578125,-0.23193359375,-0.2685546875,-0.06103515625,-0.32958984375,-0.146484375,-1.26953125,0.146484375,1.1962890625,-0.03662109375,1.3916015625,-0.20751953125,0.6103515625,0.29296875,3.13720703125,0.15869140625,-0.732421875,-0.1953125,-1.45263671875,-0.1220703125,-1.03759765625,0.03662109375,0.4150390625,-0.03662109375,0.32958984375,-0.10986328125,-0.08544921875,-0.06103515625,-0.01220703125,0.06103515625,0.08544921875,-0.03662109375,-0.03662109375,-0.1220703125,0.89111328125,0.048828125,-0.42724609375,-0.0244140625,-0.54931640625
0,-0.13427734375,-0.37841796875,-0.1953125,-0.244140625,-0.0732421875,-0.390625,-0.20751953125,0.0244140625,0.35400390625,-0.1220703125,0.08544921875,-0.93994140625,-0.2197265625,1.01318359375,-0.244140625,-0.244140625,-0.0732421875,-0.87890625,-0.2685546875,-0.439453125,-0.341796875,0.59814453125,-0.29296875,-1.11083984375,0.01220703125,-0.1953125,0.25634765625,-0.76904296875,-0.01220703125,0.87890625,0,0.23193359375,0.10986328125,-0.25634765625,0.0244140625,-0.8544921875,0,-0.37841796875,0.0244140625,-0.76904296875,-0.1220703125,-0.13427734375,0.4150390625,-0.62255859375,0.15869140625,-0.37841796875,0.35400390625,0.69580078125,-0.08544921875,1.0986328125,0.30517578125,0.52490234375,0.03662109375,-0.13427734375,0,0.7568359375,0.06103515625,0.62255859375,0,0.45166015625,0.69580078125,0.68359375,0.0732421875,0.08544921875,-0.18310546875,0.23193359375,-0.3173828125,1.01318359375,-0.13427734375,0.23193359375,-0.18310546875,0.20751953125,-0.390625,0.2685546875,-0.06103515625,0.8056640625,-0.0244140625,0.0244140625,-0.10986328125,1.3427734375,-0.03662109375,-0.98876953125,-0.08544921875,-0.3173828125,0.18310546875,-0.927734375,-0.23193359375,-0.79345703125,-0.0732421875,-1.4892578125,-0.23193359375,-0.2685546875,-0.1953125,-0.32958984375,-0.1708984375,-1.2451171875,0.09765625,0.79345703125,-0.03662109375,0.9765625,-0.13427734375,0.28076171875,0.23193359375,2.23388671875,0.1220703125,-0.72021484375,-0.10986328125,-1.46484375,-0.13427734375,-1.01318359375,0,0.42724609375,-0.01220703125,0.30517578125,-0.1220703125,-0.06103515625,-0.08544921875,0.0244140625,0.0244140625,0.03662109375,-0.03662109375,-0.03662109375,-0.08544921875,0.89111328125,0.048828125,-0.42724609375,0,-0.52490234375
0,-0.09765625,-0.3662109375,-0.1708984375,-0.244140625,-0.0732421875,-0.390625,-0.23193359375,0.01220703125,0.35400390625,-0.13427734375,0.08544921875,-0.93994140625,-0.2197265625,1.01318359375,-0.25634765625,-0.2685546875,-0.06103515625,-0.91552734375,-0.2685546875,-0.42724609375,-0.35400390625,0.5859375,-0.25634765625,-1.11083984375,0,-0.1953125,0.2197265625,-0.76904296875,-0.08544921875,0.89111328125,0.03662109375,0.23193359375,0.18310546875,-0.2685546875,-0.01220703125,-0.84228515625,-0.048828125,-0.35400390625,-0.048828125,-0.7568359375,-0.23193359375,-0.1708984375,0.390625,-0.634765625,0.10986328125,-0.3662109375,0.30517578125,0.68359375,-0.0732421875,1.11083984375,0.28076171875,0.52490234375,0.13427734375,-0.13427734375,0.0244140625,0.74462890625,0.06103515625,0.59814453125,-0.09765625,0.4638671875,0.74462890625,0.79345703125,0.01220703125,0.08544921875,-0.25634765625,0.244140625,-0.244140625,1.0009765625,-0.10986328125,0.244140625,-0.1708984375,0.18310546875,-0.4150390625,0.244140625,-0.0244140625,0.84228515625,-0.0244140625,0.01220703125,-0.03662109375,1.318359375,-0.03662109375,-0.98876953125,-0.048828125,-0.3173828125,0.1708984375,-0.93994140625,-0.1220703125,-0.7568359375,-0.146484375,-1.513671875,-0.23193359375,-0.244140625,-0.25634765625,-0.35400390625,-0.18310546875,-1.23291015625,0.03662109375,0.390625,0,0.537109375,-0.06103515625,-0.08544921875,0.13427734375,1.35498046875,0.0732421875,-0.732421875,0,-1.45263671875,-0.146484375,-1.0009765625,-0.08544921875,0.439453125,-0.0244140625,0.28076171875,-0.13427734375,-0.0732421875,-0.0732421875,0.01220703125,0,0.0244140625,-0.03662109375,0,-0.0732421875,0.89111328125,0.048828125,-0.42724609375,-0.03662109375,-0.5126953125
0,-0.03662109375,-0.3662109375,-0.1708984375,-0.244140625,-0.08544921875,-0.390625,-0.25634765625,0.01220703125,0.3173828125,-0.13427734375,0.10986328125,-0.93994140625,-0.1708984375,1.01318359375,-0.28076171875,-0.244140625,-0.048828125,-0.9033203125,-0.25634765625,-0.4150390625,-0.28076171875,0.59814453125,-0.20751953125,-1.11083984375,0.01220703125,-0.18310546875,0.146484375,-0.76904296875,-0.15869140625,0.89111328125,0.03662109375,0.23193359375,0.2197265625,-0.3173828125,-0.1220703125,-0.8544921875,-0.1220703125,-0.37841796875,-0.1220703125,-0.7568359375,-0.32958984375,-0.15869140625,0.32958984375,-0.634765625,0.06103515625,-0.390625,0.2197265625,0.69580078125,-0.03662109375,1.13525390625,0.2685546875,0.5126953125,0.1708984375,-0.1220703125,0.0244140625,0.732421875,0.01220703125,0.59814453125,-0.146484375,0.47607421875,0.7568359375,0.84228515625,-0.0244140625,0.08544921875,-0.25634765625,0.25634765625,-0.13427734375,1.025390625,-0.0732421875,0.2197265625,-0.1708984375,0.1953125,-0.37841796875,0.2685546875,-0.01220703125,0.84228515625,0,0.0244140625,0.01220703125,1.33056640625,-0.01220703125,-0.9765625,-0.0244140625,-0.30517578125,0.1220703125,-0.96435546875,0.0244140625,-0.76904296875,-0.13427734375,-1.55029296875,-0.25634765625,-0.23193359375,-0.28076171875,-0.3662109375,-0.1953125,-1.20849609375,-0.0732421875,0.03662109375,-0.03662109375,0.1953125,-0.01220703125,-0.390625,0.0244140625,0.68359375,0.048828125,-0.72021484375,0.10986328125,-1.4892578125,-0.13427734375,-1.01318359375,-0.146484375,0.439453125,-0.01220703125,0.2685546875,-0.10986328125,-0.048828125,-0.09765625,-0.01220703125,-0.01220703125,0.0244140625,-0.048828125,0.01220703125,-0.06103515625,0.9033203125,0.08544921875,-0.439453125,-0.048828125,-0.5126953125
0,-0.03662109375,-0.37841796875,-0.1220703125,-0.244140625,-0.0732421875,-0.390625,-0.28076171875,0.01220703125,0.29296875,-0.146484375,0.13427734375,-0.927734375,-0.20751953125,1.0009765625,-0.29296875,-0.25634765625,0,-0.93994140625,-0.25634765625,-0.42724609375,-0.146484375,0.59814453125,-0.15869140625,-1.0986328125,0.08544921875,-0.15869140625,0.06103515625,-0.78125,-0.20751953125,0.87890625,0,0.2197265625,0.20751953125,-0.3662109375,-0.18310546875,-0.8544921875,-0.1708984375,-0.390625,-0.1953125,-0.7568359375,-0.341796875,-0.1708984375,0.2685546875,-0.62255859375,0,-0.390625,0.1220703125,0.68359375,-0.06103515625,1.171875,0.25634765625,0.48828125,0.18310546875,-0.13427734375,0.048828125,0.72021484375,-0.048828125,0.5859375,-0.1220703125,0.48828125,0.7080078125,0.86669921875,-0.08544921875,0.10986328125,-0.244140625,0.25634765625,-0.13427734375,1.03759765625,-0.03662109375,0.2197265625,-0.2197265625,0.1708984375,-0.341796875,0.28076171875,-0.01220703125,0.86669921875,-0.01220703125,0,0,1.318359375,0.0244140625,-0.98876953125,0.0244140625,-0.32958984375,0.08544921875,-0.9765625,0.20751953125,-0.76904296875,-0.09765625,-1.5625,-0.23193359375,-0.23193359375,-0.2197265625,-0.35400390625,-0.23193359375,-1.18408203125,-0.1220703125,-0.15869140625,-0.06103515625,-0.01220703125,0.0244140625,-0.57373046875,0.048828125,0.30517578125,0.08544921875,-0.72021484375,0.20751953125,-1.45263671875,-0.09765625,-1.025390625,-0.15869140625,0.45166015625,0,0.2685546875,-0.13427734375,-0.06103515625,-0.0732421875,-0.01220703125,-0.06103515625,0.0244140625,-0.06103515625,0.03662109375,-0.03662109375,0.87890625,0.09765625,-0.45166015625,-0.048828125,-0.5126953125
0,-0.03662109375,-0.3662109375,-0.1220703125,-0.23193359375,-0.0732421875,-0.4150390625,-0.28076171875,-0.01220703125,0.29296875,-0.13427734375,0.146484375,-0.91552734375,-0.1953125,1.01318359375,-0.32958984375,-0.2685546875,0.06103515625,-0.927734375,-0.1953125,-0.439453125,-0.01220703125,0.5859375,-0.146484375,-1.08642578125,0.1220703125,-0.15869140625,-0.03662109375,-0.79345703125,-0.23193359375,0.86669921875,-0.0732421875,0.2197265625,0.18310546875,-0.35400390625,-0.2685546875,-0.8544921875,-0.23193359375,-0.4150390625,-0.1953125,-0.732421875,-0.30517578125,-0.15869140625,0.244140625,-0.6103515625,-0.03662109375,-0.4150390625,0.06103515625,0.67138671875,-0.01220703125,1.1962890625,0.23193359375,0.4638671875,0.1708984375,-0.146484375,0.0732421875,0.7080078125,-0.1220703125,0.57373046875,-0.08544921875,0.5126953125,0.6591796875,0.87890625,-0.1220703125,0.09765625,-0.2197265625,0.30517578125,-0.03662109375,1.0498046875,0,0.20751953125,-0.23193359375,0.18310546875,-0.28076171875,0.28076171875,0.01220703125,0.87890625,-0.0244140625,-0.03662109375,0.0244140625,1.35498046875,0.0244140625,-0.98876953125,0.048828125,-0.32958984375,0.03662109375,-1.0009765625,0.341796875,-0.7568359375,-0.03662109375,-1.57470703125,-0.20751953125,-0.2197265625,-0.06103515625,-0.3173828125,-0.25634765625,-1.1474609375,-0.13427734375,-0.1708984375,-0.0244140625,0,0.0244140625,-0.57373046875,-0.01220703125,0.4150390625,0.10986328125,-0.72021484375,0.2197265625,-1.46484375,-0.048828125,-1.025390625,-0.13427734375,0.439453125,0,0.28076171875,-0.10986328125,-0.0732421875,-0.0732421875,-0.01220703125,-0.06103515625,0.03662109375,-0.048828125,0.0732421875,-0.03662109375,0.86669921875,0.09765625,-0.47607421875,-0.03662109375,-0.47607421875
0,-0.01220703125,-0.37841796875,-0.13427734375,-0.244140625,-0.08544921875,-0.40283203125,-0.2685546875,-0.01220703125,0.2685546875,-0.13427734375,0.13427734375,-0.927734375,-0.1953125,1.01318359375,-0.35400390625,-0.28076171875,0.0732421875,-0.927734375,-0.15869140625,-0.45166015625,0.15869140625,0.5859375,-0.1953125,-1.0498046875,0.146484375,-0.1708984375,-0.1220703125,-0.78125,-0.244140625,0.86669921875,-0.15869140625,0.23193359375,0.0732421875,-0.3662109375,-0.35400390625,-0.8544921875,-0.25634765625,-0.42724609375,-0.146484375,-0.732421875,-0.25634765625,-0.15869140625,0.2197265625,-0.634765625,-0.0732421875,-0.390625,0.03662109375,0.67138671875,-0.01220703125,1.23291015625,0.1953125,0.4638671875,0.09765625,-0.15869140625,0.01220703125,0.72021484375,-0.18310546875,0.5859375,-0.03662109375,0.52490234375,0.52490234375,0.86669921875,-0.1220703125,0.1220703125,-0.146484375,0.32958984375,0.048828125,1.07421875,0.0244140625,0.2197265625,-0.25634765625,0.20751953125,-0.2197265625,0.30517578125,0.048828125,0.89111328125,-0.03662109375,-0.03662109375,-0.01220703125,1.37939453125,0.06103515625,-0.96435546875,0.0732421875,-0.341796875,0.03662109375,-1.01318359375,0.390625,-0.74462890625,0.03662109375,-1.5869140625,-0.1220703125,-0.23193359375,0.1220703125,-0.30517578125,-0.28076171875,-1.123046875,-0.146484375,0.0732421875,-0.10986328125,0.28076171875,-0.0732421875,-0.3662109375,0.01220703125,1.025390625,0.15869140625,-0.732421875,0.1220703125,-1.45263671875,-0.01220703125,-1.03759765625,-0.1220703125,0.4150390625,-0.01220703125,0.28076171875,-0.1220703125,-0.06103515625,-0.0732421875,-0.0244140625,-0.08544921875,0.048828125,-0.048828125,0.0732421875,-0.03662109375,0.86669921875,0.09765625,-0.47607421875,-0.03662109375,-0.47607421875
0,0.01220703125,-0.37841796875,-0.09765625,-0.244140625,-0.06103515625,-0.4150390625,-0.28076171875,-0.01220703125,0.28076171875,-0.1220703125,0.13427734375,-0.93994140625,-0.146484375,1.01318359375,-0.40283203125,-0.30517578125,0.06103515625,-0.927734375,-0.0732421875,-0.45166015625,0.28076171875,0.57373046875,-0.2197265625,-1.025390625,0.1708984375,-0.15869140625,-0.15869140625,-0.79345703125,-0.18310546875,0.89111328125,-0.2685546875,0.20751953125,-0.10986328125,-0.341796875,-0.40283203125,-0.8544921875,-0.25634765625,-0.439453125,-0.10986328125,-0.74462890625,-0.15869140625,-0.15869140625,0.1953125,-0.634765625,-0.1220703125,-0.40283203125,0.0244140625,0.64697265625,0,1.220703125,0.18310546875,0.48828125,0.048828125,-0.15869140625,-0.01220703125,0.72021484375,-0.1953125,0.59814453125,0.0244140625,0.537109375,0.45166015625,0.78125,-0.09765625,0.1220703125,-0.08544921875,0.341796875,0.1220703125,1.07421875,0.0244140625,0.20751953125,-0.23193359375,0.244140625,-0.1953125,0.29296875,0.06103515625,0.89111328125,-0.0732421875,-0.048828125,-0.048828125,1.3671875,0.08544921875,-0.9521484375,0.0732421875,-0.32958984375,0.0244140625,-1.025390625,0.3662109375,-0.74462890625,0.03662109375,-1.57470703125,-0.0732421875,-0.1953125,0.244140625,-0.28076171875,-0.30517578125,-1.1474609375,-0.13427734375,0.5859375,-0.1953125,0.8056640625,-0.1220703125,0.06103515625,0.1220703125,2.1484375,0.20751953125,-0.732421875,0,-1.45263671875,-0.03662109375,-1.03759765625,-0.03662109375,0.40283203125,-0.0244140625,0.28076171875,-0.0732421875,-0.0732421875,-0.06103515625,-0.03662109375,-0.1220703125,0.048828125,-0.03662109375,0.0732421875,-0.01220703125,0.84228515625,0.06103515625,-0.5126953125,-0.0244140625,-0.50048828125
0,0.048828125,-0.3662109375,-0.13427734375,-0.25634765625,-0.06103515625,-0.4150390625,-0.2685546875,-0.0244140625,0.28076171875,-0.09765625,0.13427734375,-0.93994140625,-0.1220703125,1.01318359375,-0.439453125,-0.30517578125,0.08544921875,-0.927734375,0.01220703125,-0.45166015625,0.32958984375,0.59814453125,-0.20751953125,-1.025390625,0.146484375,-0.15869140625,-0.1708984375,-0.78125,-0.1220703125,0.86669921875,-0.3173828125,0.2197265625,-0.2685546875,-0.3173828125,-0.42724609375,-0.87890625,-0.25634765625,-0.439453125,-0.03662109375,-0.74462890625,-0.10986328125,-0.1708984375,0.25634765625,-0.62255859375,-0.146484375,-0.40283203125,0.0244140625,0.62255859375,-0.03662109375,1.23291015625,0.25634765625,0.48828125,-0.01220703125,-0.13427734375,-0.0244140625,0.74462890625,-0.244140625,0.62255859375,0.01220703125,0.537109375,0.341796875,0.69580078125,0,0.1220703125,0,0.35400390625,0.20751953125,1.07421875,0.0244140625,0.1953125,-0.20751953125,0.25634765625,-0.1953125,0.28076171875,0.1220703125,0.86669921875,-0.08544921875,-0.048828125,-0.08544921875,1.37939453125,0.09765625,-0.96435546875,0.09765625,-0.341796875,0.01220703125,-1.0009765625,0.28076171875,-0.74462890625,0.08544921875,-1.52587890625,-0.0244140625,-0.20751953125,0.32958984375,-0.2685546875,-0.2685546875,-1.1474609375,-0.0732421875,1.33056640625,-0.1953125,1.55029296875,-0.1708984375,0.68359375,0.18310546875,3.67431640625,0.244140625,-0.72021484375,-0.13427734375,-1.46484375,-0.08544921875,-1.03759765625,0,0.390625,-0.0244140625,0.29296875,-0.0732421875,-0.08544921875,-0.06103515625,-0.03662109375,-0.13427734375,0.06103515625,-0.0244140625,0.06103515625,0.01220703125,0.84228515625,0.03662109375,-0.5126953125,0,-0.48828125
1,0.03662109375,-0.35400390625,-0.0732421875,-0.2197265625,-0.03662109375,-0.42724609375,-0.30517578125,0,0.28076171875,-0.09765625,0.13427734375,-0.93994140625,-0.13427734375,1.025390625,-0.45166015625,-0.3173828125,0.0732421875,-0.9033203125,0.0732421875,-0.45166015625,0.30517578125,0.59814453125,-0.18310546875,-1.01318359375,0.08544921875,-0.146484375,-0.146484375,-0.8056640625,-0.06103515625,0.87890625,-0.341796875,0.20751953125,-0.4150390625,-0.32958984375,-0.4638671875,-0.9033203125,-0.1953125,-0.4638671875,0,-0.7568359375,-0.048828125,-0.1708984375,0.35400390625,-0.62255859375,-0.146484375,-0.42724609375,0.06103515625,0.64697265625,-0.08544921875,1.1962890625,0.28076171875,0.5126953125,-0.048828125,-0.10986328125,-0.048828125,0.7568359375,-0.2685546875,0.64697265625,0.06103515625,0.537109375,0.28076171875,0.6103515625,0.03662109375,0.13427734375,0.08544921875,0.32958984375,0.23193359375,1.06201171875,0,0.1953125,-0.18310546875,0.28076171875,-0.146484375,0.29296875,0.15869140625,0.8544921875,-0.09765625,-0.0244140625,-0.13427734375,1.3916015625,0.09765625,-0.93994140625,0.09765625,-0.341796875,0.01220703125,-1.0009765625,0.09765625,-0.74462890625,0.13427734375,-1.52587890625,0.03662109375,-0.20751953125,0.37841796875,-0.244140625,-0.18310546875,-1.171875,-0.10986328125,2.197265625,-0.30517578125,2.42919921875,-0.25634765625,1.4404296875,0.13427734375,5.4443359375,0.244140625,-0.732421875,-0.23193359375,-1.45263671875,-0.15869140625,-1.025390625,0.03662109375,0.390625,-0.03662109375,0.30517578125,-0.06103515625,-0.0732421875,-0.06103515625,-0.048828125,-0.1708984375,0.0732421875,-0.01220703125,0.048828125,-0.01220703125,0.84228515625,0.0244140625,-0.48828125,-0.01220703125,-0.48828125
1,0.09765625,-0.32958984375,-0.03662109375,-0.18310546875,-0.03662109375,-0.42724609375,-0.29296875,0,0.28076171875,-0.10986328125,0.09765625,-0.927734375,-0.13427734375,1.025390625,-0.42724609375,-0.29296875,0.06103515625,-0.9033203125,0.08544921875,-0.45166015625,0.1953125,0.62255859375,-0.0732421875,-1.01318359375,0.048828125,-0.15869140625,-0.08544921875,-0.76904296875,-0.01220703125,0.89111328125,-0.28076171875,0.20751953125,-0.48828125,-0.28076171875,-0.4638671875,-0.9033203125,-0.10986328125,-0.45166015625,0.01220703125,-0.76904296875,0.0244140625,-0.15869140625,0.45166015625,-0.59814453125,-0.146484375,-0.40283203125,0.1220703125,0.62255859375,-0.1220703125,1.18408203125,0.30517578125,0.5126953125,-0.0732421875,-0.13427734375,-0.08544921875,0.7568359375,-0.25634765625,0.68359375,0.08544921875,0.537109375,0.15869140625,0.537109375,0.01220703125,0.146484375,0.09765625,0.32958984375,0.29296875,1.0498046875,-0.03662109375,0.20751953125,-0.10986328125,0.28076171875,-0.0732421875,0.25634765625,0.15869140625,0.8544921875,-0.1220703125,-0.0244140625,-0.1708984375,1.3671875,0.03662109375,-0.91552734375,0.06103515625,-0.3662109375,0,-0.9765625,-0.08544921875,-0.74462890625,0.1708984375,-1.513671875,0.09765625,-0.25634765625,0.35400390625,-0.244140625,-0.06103515625,-1.18408203125,-0.0732421875,3.173828125,-0.30517578125,3.3935546875,-0.2685546875,2.24609375,0.28076171875,7.28759765625,0.20751953125,-0.72021484375,-0.30517578125,-1.46484375,-0.1708984375,-1.03759765625,0.09765625,0.3662109375,-0.048828125,0.30517578125,-0.048828125,-0.06103515625,-0.0732421875,-0.03662109375,-0.1708984375,0.0732421875,0,0.048828125,-0.0244140625,0.8544921875,0,-0.4638671875,0.01220703125,-0.47607421875
1,0.13427734375,-0.3173828125,-0.09765625,-0.146484375,-0.0244140625,-0.42724609375,-0.30517578125,0.03662109375,0.28076171875,-0.10986328125,0.0732421875,-0.927734375,-0.10986328125,1.025390625,-0.40283203125,-0.28076171875,0.06103515625,-0.89111328125,0.09765625,-0.45166015625,0.09765625,0.64697265625,0.08544921875,-1.025390625,-0.01220703125,-0.1708984375,0.0244140625,-0.78125,0.03662109375,0.9033203125,-0.13427734375,0.23193359375,-0.50048828125,-0.25634765625,-0.4638671875,-0.89111328125,-0.0244140625,-0.439453125,0.06103515625,-0.76904296875,0.0244140625,-0.18310546875,0.537109375,-0.5859375,-0.09765625,-0.40283203125,0.20751953125,0.6103515625,-0.15869140625,1.1474609375,0.3173828125,0.537109375,-0.1220703125,-0.1708984375,-0.09765625,0.76904296875,-0.244140625,0.7080078125,0.06103515625,0.537109375,0.0732421875,0.5126953125,-0.06103515625,0.1220703125,0.09765625,0.29296875,0.32958984375,1.06201171875,-0.06103515625,0.18310546875,-0.0732421875,0.2685546875,-0.01220703125,0.244140625,0.15869140625,0.8544921875,-0.1708984375,-0.01220703125,-0.1953125,1.3671875,-0.03662109375,-0.927734375,0.03662109375,-0.35400390625,-0.048828125,-0.9765625,-0.25634765625,-0.74462890625,0.2197265625,-1.50146484375,0.15869140625,-0.244140625,0.30517578125,-0.28076171875,0.10986328125,-1.1962890625,-0.0732421875,4.11376953125,-0.29296875,4.28466796875,-0.30517578125,3.01513671875,0.341796875,9.0087890625,0.13427734375,-0.72021484375,-0.3173828125,-1.46484375,-0.146484375,-1.01318359375,0.18310546875,0.390625,-0.048828125,0.29296875,-0.03662109375,-0.048828125,-0.06103515625,-0.03662109375,-0.15869140625,0.06103515625,-0.01220703125,0.03662109375,0,0.830078125,-0.0244140625,-0.42724609375,0.01220703125,-0.4638671875
1,0.15869140625,-0.25634765625,-0.03662109375,-0.146484375,-0.01220703125,-0.390625,-0.2685546875,0.048828125,0.30517578125,-0.10986328125,0.08544921875,-0.927734375,-0.146484375,1.0009765625,-0.3662109375,-0.2685546875,0.048828125,-0.89111328125,0.048828125,-0.439453125,0,0.64697265625,0.18310546875,-1.025390625,-0.01220703125,-0.15869140625,0.0732421875,-0.78125,0.0732421875,0.9033203125,0.01220703125,0.23193359375,-0.40283203125,-0.25634765625,-0.439453125,-0.87890625,0.10986328125,-0.439453125,0.08544921875,-0.76904296875,0.0732421875,-0.18310546875,0.57373046875,-0.62255859375,-0.06103515625,-0.40283203125,0.3173828125,0.64697265625,-0.1953125,1.15966796875,0.3173828125,0.5126953125,-0.146484375,-0.20751953125,-0.0732421875,0.7568359375,-0.1708984375,0.732421875,0,0.5126953125,0.01220703125,0.50048828125,-0.15869140625,0.09765625,0.10986328125,0.25634765625,0.35400390625,1.06201171875,-0.0732421875,0.15869140625,-0.048828125,0.244140625,0.06103515625,0.244140625,0.13427734375,0.8544921875,-0.1953125,0.01220703125,-0.2197265625,1.35498046875,-0.1220703125,-0.93994140625,0,-0.35400390625,-0.10986328125,-0.9521484375,-0.35400390625,-0.7568359375,0.2197265625,-1.4892578125,0.18310546875,-0.25634765625,0.2685546875,-0.30517578125,0.2197265625,-1.20849609375,-0.03662109375,4.91943359375,-0.244140625,5.04150390625,-0.25634765625,3.662109375,0.390625,10.44921875,0.048828125,-0.7080078125,-0.2685546875,-1.4404296875,-0.08544921875,-1.025390625,0.20751953125,0.390625,-0.0732421875,0.29296875,-0.0244140625,-0.0244140625,-0.06103515625,-0.03662109375,-0.13427734375,0.048828125,0,0,0.01220703125,0.84228515625,-0.0244140625,-0.42724609375,-0.01220703125,-0.47607421875
1,0.1953125,-0.2197265625,-0.06103515625,-0.15869140625,0,-0.390625,-0.25634765625,0.03662109375,0.30517578125,-0.1220703125,0.09765625,-0.91552734375,-0.13427734375,1.0009765625,-0.341796875,-0.2685546875,0.0732421875,-0.87890625,-0.03662109375,-0.4638671875,-0.0732421875,0.634765625,0.244140625,-1.0498046875,0,-0.18310546875,0.146484375,-0.78125,0.08544921875,0.9033203125,0.1953125,0.2197265625,-0.25634765625,-0.2685546875,-0.35400390625,-0.86669921875,0.1708984375,-0.42724609375,0.13427734375,-0.76904296875,0.13427734375,-0.18310546875,0.5859375,-0.6103515625,0,-0.390625,0.390625,0.634765625,-0.20751953125,1.1474609375,0.30517578125,0.52490234375,-0.15869140625,-0.2197265625,-0.08544921875,0.76904296875,-0.09765625,0.74462890625,0.03662109375,0.50048828125,0.03662109375,0.52490234375,-0.2197265625,0.08544921875,0.13427734375,0.244140625,0.3662109375,1.025390625,-0.09765625,0.146484375,-0.0244140625,0.244140625,0.1220703125,0.23193359375,0.06103515625,0.89111328125,-0.244140625,0.01220703125,-0.1708984375,1.3427734375,-0.18310546875,-0.96435546875,-0.03662109375,-0.341796875,-0.244140625,-0.9521484375,-0.37841796875,-0.732421875,0.1708984375,-1.50146484375,0.18310546875,-0.2685546875,0.18310546875,-0.32958984375,0.30517578125,-1.220703125,0,5.50537109375,-0.1708984375,5.57861328125,-0.20751953125,4.1259765625,0.32958984375,11.474609375,-0.048828125,-0.72021484375,-0.18310546875,-1.46484375,-0.0244140625,-1.01318359375,0.1708984375,0.4150390625,-0.0732421875,0.25634765625,-0.0244140625,-0.01220703125,-0.0732421875,-0.01220703125,-0.10986328125,0.03662109375,0,0.0244140625,0.01220703125,0.830078125,-0.0244140625,-0.42724609375,-0.01220703125,-0.47607421875
1,0.2197265625,-0.146484375,-0.01220703125,-0.18310546875,0,-0.3662109375,-0.244140625,0.0244140625,0.30517578125,-0.13427734375,0.09765625,-0.927734375,-0.146484375,1.025390625,-0.3173828125,-0.28076171875,0.0732421875,-0.9033203125,-0.13427734375,-0.45166015625,-0.0732421875,0.634765625,0.20751953125,-1.06201171875,0.048828125,-0.1953125,0.1708984375,-0.76904296875,0.09765625,0.91552734375,0.29296875,0.23193359375,-0.09765625,-0.28076171875,-0.32958984375,-0.8544921875,0.1953125,-0.439453125,0.1708984375,-0.78125,0.15869140625,-0.1953125,0.57373046875,-0.634765625,0.08544921875,-0.390625,0.45166015625,0.634765625,-0.20751953125,1.171875,0.2685546875,0.50048828125,-0.146484375,-0.244140625,-0.15869140625,0.74462890625,-0.0732421875,0.732421875,0.0732421875,0.47607421875,0.09765625,0.5615234375,-0.1953125,0.06103515625,0.1708984375,0.23193359375,0.3662109375,1.06201171875,-0.0732421875,0.15869140625,-0.01220703125,0.2197265625,0.1708984375,0.25634765625,0.0244140625,0.89111328125,-0.29296875,0.03662109375,-0.20751953125,1.3427734375,-0.244140625,-0.9521484375,-0.06103515625,-0.32958984375,-0.341796875,-0.93994140625,-0.28076171875,-0.732421875,0.1220703125,-1.4892578125,0.146484375,-0.29296875,0.13427734375,-0.35400390625,0.3173828125,-1.220703125,0.0244140625,5.8349609375,-0.0732421875,5.84716796875,-0.1220703125,4.35791015625,0.18310546875,11.9873046875,-0.1220703125,-0.69580078125,-0.09765625,-1.42822265625,-0.01220703125,-1.025390625,0.06103515625,0.4150390625,-0.09765625,0.28076171875,-0.01220703125,-0.0244140625,-0.06103515625,0,-0.0732421875,0.0244140625,0,0.01220703125,0.01220703125,0.84228515625,0.01220703125,-0.4150390625,-0.03662109375,-0.47607421875
1,0.2685546875,-0.09765625,-0.0244140625,-0.1953125,0,-0.37841796875,-0.23193359375,0.0244140625,0.244140625,-0.15869140625,0.09765625,-0.927734375,-0.146484375,1.025390625,-0.30517578125,-0.29296875,0.09765625,-0.91552734375,-0.2197265625,-0.45166015625,-0.06103515625,0.62255859375,0.048828125,-1.0498046875,0.13427734375,-0.18310546875,0.13427734375,-0.79345703125,0.13427734375,0.9033203125,0.32958984375,0.23193359375,0.048828125,-0.29296875,-0.3173828125,-0.84228515625,0.146484375,-0.439453125,0.20751953125,-0.78125,0.1953125,-0.2197265625,0.50048828125,-0.64697265625,0.13427734375,-0.3662109375,0.42724609375,0.62255859375,-0.1953125,1.18408203125,0.20751953125,0.47607421875,-0.13427734375,-0.28076171875,-0.23193359375,0.72021484375,-0.08544921875,0.74462890625,0.0732421875,0.45166015625,0.13427734375,0.5859375,-0.15869140625,0.06103515625,0.18310546875,0.23193359375,0.341796875,1.0498046875,-0.09765625,0.15869140625,-0.0244140625,0.2197265625,0.1953125,0.244140625,-0.08544921875,0.927734375,-0.28076171875,0.03662109375,-0.1708984375,1.33056640625,-0.2685546875,-1.0009765625,-0.0732421875,-0.32958984375,-0.42724609375,-0.93994140625,-0.18310546875,-0.7568359375,0.0732421875,-1.513671875,0.06103515625,-0.28076171875,0.09765625,-0.3662109375,0.1953125,-1.220703125,0.0244140625,5.89599609375,-0.03662109375,5.87158203125,-0.10986328125,4.3701171875,-0.048828125,12.0361328125,-0.13427734375,-0.7080078125,-0.0244140625,-1.416015625,0,-1.025390625,-0.06103515625,0.42724609375,-0.10986328125,0.2685546875,0.01220703125,0,-0.06103515625,0.01220703125,-0.0732421875,0.01220703125,-0.01220703125,0.01220703125,0.0244140625,0.84228515625,0.0244140625,-0.42724609375,-0.06103515625,-0.48828125
1,0.29296875,-0.03662109375,0,-0.23193359375,0.03662109375,-0.40283203125,-0.2197265625,0,0.23193359375,-0.15869140625,0.10986328125,-0.927734375,-0.13427734375,1.03759765625,-0.29296875,-0.29296875,0.13427734375,-0.93994140625,-0.3173828125,-0.439453125,-0.0732421875,0.62255859375,-0.15869140625,-1.07421875,0.20751953125,-0.15869140625,0.09765625,-0.79345703125,0.15869140625,0.89111328125,0.3173828125,0.2197265625,0.10986328125,-0.32958984375,-0.25634765625,-0.84228515625,0.048828125,-0.439453125,0.23193359375,-0.76904296875,0.18310546875,-0.20751953125,0.40283203125,-0.6591796875,0.18310546875,-0.390625,0.40283203125,0.634765625,-0.13427734375,1.20849609375,0.13427734375,0.4638671875,-0.1220703125,-0.3173828125,-0.23193359375,0.7080078125,-0.0732421875,0.74462890625,0.10986328125,0.439453125,0.1953125,0.64697265625,-0.1220703125,0.048828125,0.2197265625,0.28076171875,0.30517578125,1.06201171875,-0.0732421875,0.146484375,-0.0244140625,0.23193359375,0.2197265625,0.2685546875,-0.146484375,0.91552734375,-0.25634765625,0.03662109375,-0.13427734375,1.3671875,-0.2685546875,-1.01318359375,-0.08544921875,-0.3173828125,-0.439453125,-0.98876953125,-0.048828125,-0.7568359375,0.048828125,-1.5380859375,-0.0244140625,-0.2685546875,0.0732421875,-0.3662109375,0.09765625,-1.20849609375,0.01220703125,5.70068359375,-0.03662109375,5.615234375,-0.15869140625,4.18701171875,-0.1953125,11.63330078125,-0.0732421875,-0.72021484375,0.0244140625,-1.42822265625,0,-1.03759765625,-0.146484375,0.42724609375,-0.08544921875,0.28076171875,0,-0.03662109375,-0.08544921875,0.01220703125,-0.03662109375,0.0244140625,0,0,0.01220703125,0.830078125,0.03662109375,-0.439453125,-0.08544921875,-0.5126953125
1,0.32958984375,0,-0.01220703125,-0.23193359375,0.03662109375,-0.40283203125,-0.20751953125,-0.0244140625,0.20751953125,-0.146484375,0.1220703125,-0.9521484375,-0.1220703125,1.01318359375,-0.3173828125,-0.30517578125,0.10986328125,-0.9521484375,-0.3662109375,-0.439453125,-0.08544921875,0.62255859375,-0.4150390625,-1.06201171875,0.29296875,-0.1708984375,0.09765625,-0.79345703125,0.20751953125,0.9033203125,0.23193359375,0.2197265625,0.13427734375,-0.341796875,-0.146484375,-0.830078125,-0.06103515625,-0.45166015625,0.23193359375,-0.76904296875,0.13427734375,-0.20751953125,0.3173828125,-0.6591796875,0.23193359375,-0.40283203125,0.35400390625,0.64697265625,-0.0732421875,1.220703125,0.146484375,0.45166015625,-0.18310546875,-0.30517578125,-0.20751953125,0.7080078125,-0.10986328125,0.732421875,0.13427734375,0.42724609375,0.25634765625,0.67138671875,-0.08544921875,0.0732421875,0.244140625,0.29296875,0.1953125,1.07421875,-0.03662109375,0.15869140625,-0.03662109375,0.23193359375,0.1953125,0.2685546875,-0.1708984375,0.93994140625,-0.23193359375,0.03662109375,-0.146484375,1.3671875,-0.23193359375,-1.01318359375,-0.09765625,-0.3173828125,-0.37841796875,-1.01318359375,0.0732421875,-0.7568359375,0.06103515625,-1.55029296875,-0.09765625,-0.29296875,0.08544921875,-0.37841796875,-0.08544921875,-1.220703125,-0.01220703125,5.3466796875,-0.08544921875,5.224609375,-0.1953125,3.8330078125,-0.244140625,10.90087890625,0.048828125,-0.72021484375,0.0244140625,-1.42822265625,0.01220703125,-1.03759765625,-0.146484375,0.439453125,-0.0732421875,0.30517578125,0.01220703125,-0.0244140625,-0.048828125,0,-0.048828125,0.0244140625,0.01220703125,0,0.0244140625,0.84228515625,0.03662109375,-0.4638671875,-0.09765625,-0.5126953125
1,0.3173828125,0.01220703125,0.03662109375,-0.23193359375,0.0732421875,-0.42724609375,-0.2197265625,-0.01220703125,0.20751953125,-0.13427734375,0.1220703125,-0.9521484375,-0.0732421875,1.01318359375,-0.35400390625,-0.3173828125,0.06103515625,-0.93994140625,-0.35400390625,-0.45166015625,-0.09765625,0.6103515625,-0.537109375,-1.06201171875,0.32958984375,-0.1708984375,0.08544921875,-0.79345703125,0.2197265625,0.9033203125,0.18310546875,0.23193359375,0.06103515625,-0.3173828125,-0.06103515625,-0.830078125,-0.146484375,-0.439453125,0.25634765625,-0.74462890625,0.01220703125,-0.20751953125,0.25634765625,-0.6591796875,0.244140625,-0.390625,0.3173828125,0.634765625,-0.01220703125,1.23291015625,0,0.4638671875,-0.244140625,-0.2685546875,-0.1708984375,0.72021484375,-0.15869140625,0.732421875,0.1953125,0.4150390625,0.3662109375,0.68359375,-0.08544921875,0.08544921875,0.2197265625,0.29296875,0.1220703125,1.07421875,-0.0244140625,0.18310546875,-0.09765625,0.23193359375,0.15869140625,0.28076171875,-0.20751953125,0.927734375,-0.20751953125,0.0244140625,-0.1220703125,1.3671875,-0.1953125,-1.0009765625,-0.08544921875,-0.3173828125,-0.25634765625,-1.03759765625,0.10986328125,-0.76904296875,0.0244140625,-1.5625,-0.13427734375,-0.28076171875,0.08544921875,-0.3662109375,-0.2197265625,-1.25732421875,-0.048828125,4.82177734375,-0.146484375,4.6875,-0.23193359375,3.3935546875,-0.25634765625,9.9609375,0.1708984375,-0.7080078125,0.01220703125,-1.4404296875,0.048828125,-1.03759765625,-0.1220703125,0.42724609375,-0.09765625,0.3173828125,-0.0244140625,-0.06103515625,-0.048828125,-0.01220703125,-0.0244140625,0.048828125,0.01220703125,-0.0244140625,0.0244140625,0.86669921875,0.01220703125,-0.4638671875,-0.0732421875,-0.50048828125
1,0.29296875,0.01220703125,0.048828125,-0.2197265625,0.0732421875,-0.42724609375,-0.2197265625,-0.01220703125,0.2197265625,-0.09765625,0.1220703125,-0.9521484375,-0.06103515625,1.0009765625,-0.390625,-0.29296875,-0.01220703125,-0.93994140625,-0.30517578125,-0.439453125,-0.1708984375,0.59814453125,-0.5615234375,-1.03759765625,0.2685546875,-0.15869140625,0.09765625,-0.78125,0.23193359375,0.89111328125,0.08544921875,0.2197265625,-0.0732421875,-0.30517578125,0.01220703125,-0.830078125,-0.20751953125,-0.439453125,0.25634765625,-0.732421875,-0.09765625,-0.1953125,0.20751953125,-0.6591796875,0.23193359375,-0.40283203125,0.29296875,0.634765625,0.06103515625,1.23291015625,-0.048828125,0.50048828125,-0.3173828125,-0.23193359375,-0.13427734375,0.72021484375,-0.18310546875,0.732421875,0.244140625,0.42724609375,0.45166015625,0.68359375,-0.08544921875,0.1220703125,0.20751953125,0.341796875,0.0244140625,1.0986328125,0,0.1953125,-0.1220703125,0.25634765625,0.1220703125,0.29296875,-0.23193359375,0.91552734375,-0.13427734375,0,-0.15869140625,1.3916015625,-0.146484375,-0.98876953125,-0.08544921875,-0.30517578125,-0.09765625,-1.03759765625,0.08544921875,-0.7568359375,-0.0244140625,-1.55029296875,-0.1220703125,-0.28076171875,0.06103515625,-0.35400390625,-0.28076171875,-1.26953125,-0.0732421875,4.23583984375,-0.2197265625,4.1015625,-0.244140625,2.9296875,-0.244140625,8.9111328125,0.3173828125,-0.732421875,0.01220703125,-1.45263671875,0.048828125,-1.025390625,-0.08544921875,0.42724609375,-0.09765625,0.32958984375,-0.03662109375,-0.0732421875,-0.06103515625,-0.03662109375,0.01220703125,0.06103515625,0.0244140625,-0.0244140625,0,0.86669921875,0.01220703125,-0.47607421875,-0.048828125,-0.5126953125
1,0.341796875,-0.03662109375,0.048828125,-0.18310546875,0.09765625,-0.42724609375,-0.23193359375,0,0.1953125,-0.09765625,0.13427734375,-0.93994140625,-0.048828125,1.0009765625,-0.42724609375,-0.30517578125,-0.048828125,-0.93994140625,-0.244140625,-0.45166015625,-0.23193359375,0.6103515625,-0.47607421875,-1.025390625,0.20751953125,-0.18310546875,0.09765625,-0.79345703125,0.1953125,0.9033203125,-0.03662109375,0.23193359375,-0.23193359375,-0.28076171875,0.03662109375,-0.84228515625,-0.23193359375,-0.42724609375,0.20751953125,-0.74462890625,-0.1953125,-0.146484375,0.23193359375,-0.6591796875,0.15869140625,-0.390625,0.2685546875,0.6591796875,0.10986328125,1.20849609375,-0.13427734375,0.50048828125,-0.390625,-0.1708984375,-0.08544921875,0.74462890625,-0.20751953125,0.72021484375,0.20751953125,0.40283203125,0.537109375,0.7080078125,-0.10986328125,0.13427734375,0.13427734375,0.341796875,-0.048828125,1.0986328125,-0.01220703125,0.1953125,-0.146484375,0.2685546875,0.0732421875,0.28076171875,-0.244140625,0.9033203125,-0.08544921875,0,-0.1708984375,1.3916015625,-0.09765625,-0.96435546875,-0.0244140625,-0.32958984375,0.03662109375,-1.025390625,0.03662109375,-0.76904296875,-0.0732421875,-1.5380859375,-0.10986328125,-0.2685546875,0.01220703125,-0.32958984375,-0.29296875,-1.2939453125,-0.09765625,3.67431640625,-0.28076171875,3.5400390625,-0.2197265625,2.47802734375,-0.2197265625,7.8857421875,0.390625,-0.72021484375,0.0244140625,-1.45263671875,0.01220703125,-1.01318359375,-0.08544921875,0.40283203125,-0.09765625,0.3173828125,-0.03662109375,-0.08544921875,-0.08544921875,-0.03662109375,0,0.0732421875,0.0244140625,-0.01220703125,0.01220703125,0.89111328125,-0.01220703125,-0.48828125,-0.01220703125,-0.50048828125
1,0.341796875,-0.08544921875,0.06103515625,-0.146484375,0.08544921875,-0.42724609375,-0.23193359375,0.01220703125,0.20751953125,-0.08544921875,0.13427734375,-0.927734375,0,0.98876953125,-0.45166015625,-0.3173828125,-0.09765625,-0.927734375,-0.13427734375,-0.439453125,-0.28076171875,0.5859375,-0.30517578125,-1.0498046875,0.048828125,-0.1708984375,0.10986328125,-0.8056640625,0.13427734375,0.9033203125,-0.09765625,0.2197265625,-0.40283203125,-0.2685546875,0.048828125,-0.84228515625,-0.23193359375,-0.439453125,0.10986328125,-0.74462890625,-0.23193359375,-0.13427734375,0.28076171875,-0.64697265625,0.08544921875,-0.40283203125,0.2197265625,0.6591796875,0.13427734375,1.18408203125,-0.15869140625,0.5126953125,-0.341796875,-0.13427734375,-0.08544921875,0.7568359375,-0.25634765625,0.7080078125,0.1953125,0.42724609375,0.5859375,0.72021484375,-0.08544921875,0.146484375,0.048828125,0.32958984375,-0.10986328125,1.0986328125,-0.048828125,0.1953125,-0.1708984375,0.29296875,0.03662109375,0.29296875,-0.23193359375,0.87890625,-0.03662109375,0,-0.244140625,1.3916015625,-0.06103515625,-0.9521484375,0.048828125,-0.3173828125,0.15869140625,-0.98876953125,-0.048828125,-0.78125,-0.13427734375,-1.52587890625,-0.09765625,-0.23193359375,-0.06103515625,-0.32958984375,-0.244140625,-1.2939453125,-0.0732421875,3.173828125,-0.35400390625,3.03955078125,-0.1708984375,2.08740234375,-0.1708984375,6.982421875,0.42724609375,-0.732421875,0.01220703125,-1.46484375,0,-1.01318359375,-0.09765625,0.37841796875,-0.08544921875,0.32958984375,-0.048828125,-0.0732421875,-0.06103515625,-0.06103515625,-0.01220703125,0.0732421875,0.048828125,0.01220703125,-0.03662109375,0.87890625,-0.048828125,-0.48828125,0.03662109375,-0.5126953125
1,0.37841796875,-0.1708984375,0.03662109375,-0.10986328125,0.09765625,-0.42724609375,-0.2197265625,0.0244140625,0.18310546875,-0.08544921875,0.10986328125,-0.93994140625,-0.01220703125,0.98876953125,-0.439453125,-0.30517578125,-0.10986328125,-0.927734375,-0.0732421875,-0.45166015625,-0.30517578125,0.6103515625,-0.10986328125,-1.0498046875,-0.08544921875,-0.1708984375,0.08544921875,-0.8056640625,0.0244140625,0.91552734375,-0.18310546875,0.244140625,-0.5126953125,-0.25634765625,0,-0.84228515625,-0.20751953125,-0.439453125,0.0732421875,-0.74462890625,-0.1953125,-0.13427734375,0.341796875,-0.634765625,0,-0.37841796875,0.1953125,0.6591796875,0.1220703125,1.1474609375,-0.20751953125,0.5126953125,-0.32958984375,-0.1220703125,-0.1220703125,0.7568359375,-0.2685546875,0.7080078125,0.18310546875,0.439453125,0.6591796875,0.74462890625,0.01220703125,0.146484375,0.0244140625,0.3173828125,-0.15869140625,1.08642578125,-0.0732421875,0.20751953125,-0.15869140625,0.28076171875,0.0244140625,0.2685546875,-0.18310546875,0.86669921875,0.0244140625,-0.0244140625,-0.244140625,1.37939453125,-0.03662109375,-0.91552734375,0.09765625,-0.32958984375,0.2197265625,-0.9765625,-0.06103515625,-0.76904296875,-0.146484375,-1.50146484375,-0.06103515625,-0.20751953125,-0.10986328125,-0.3173828125,-0.10986328125,-1.28173828125,-0.06103515625,2.74658203125,-0.341796875,2.63671875,-0.10986328125,1.77001953125,-0.09765625,6.2255859375,0.3662109375,-0.7080078125,0.03662109375,-1.46484375,-0.0244140625,-0.9765625,-0.09765625,0.3662109375,-0.0732421875,0.3173828125,-0.06103515625,-0.0732421875,-0.0732421875,-0.06103515625,-0.01220703125,0.0732421875,0.03662109375,0.01220703125,-0.01220703125,0.86669921875,-0.03662109375,-0.4638671875,0.03662109375,-0.50048828125
0,0.4150390625,-0.28076171875,0.0732421875,-0.08544921875,0.13427734375,-0.37841796875,-0.20751953125,0.01220703125,0.1708984375,-0.08544921875,0.0732421875,-0.927734375,0.01220703125,1.01318359375,-0.4638671875,-0.28076171875,-0.09765625,-0.927734375,-0.03662109375,-0.42724609375,-0.244140625,0.62255859375,0.06103515625,-1.03759765625,-0.18310546875,-0.1708984375,0.03662109375,-0.78125,-0.06103515625,0.91552734375,-0.20751953125,0.244140625,-0.5859375,-0.2197265625,-0.08544921875,-0.8544921875,-0.15869140625,-0.42724609375,0.06103515625,-0.7568359375,-0.15869140625,-0.146484375,0.37841796875,-0.634765625,-0.06103515625,-0.3662109375,0.1708984375,0.6591796875,0.09765625,1.123046875,-0.244140625,0.48828125,-0.37841796875,-0.13427734375,-0.1708984375,0.76904296875,-0.2685546875,0.72021484375,0.15869140625,0.45166015625,0.634765625,0.79345703125,0.01220703125,0.1220703125,0,0.30517578125,-0.1953125,1.06201171875,-0.09765625,0.20751953125,-0.1708984375,0.2685546875,0,0.28076171875,-0.13427734375,0.84228515625,0.048828125,0.01220703125,-0.244140625,1.3671875,-0.0244140625,-0.91552734375,0.146484375,-0.32958984375,0.146484375,-0.96435546875,-0.06103515625,-0.7568359375,-0.13427734375,-1.4892578125,-0.03662109375,-0.1953125,-0.10986328125,-0.341796875,0.01220703125,-1.28173828125,-0.06103515625,2.4169921875,-0.3173828125,2.3193359375,-0.0732421875,1.52587890625,-0.048828125,5.65185546875,0.23193359375,-0.7080078125,0,-1.46484375,-0.03662109375,-0.98876953125,-0.0732421875,0.3662109375,-0.048828125,0.30517578125,-0.06103515625,-0.06103515625,-0.06103515625,-0.06103515625,-0.0244140625,0.03662109375,0.048828125,0.048828125,-0.03662109375,0.8544921875,-0.03662109375,-0.4638671875,0.0244140625,-0.50048828125
0,0.4150390625,-0.37841796875,0.08544921875,-0.06103515625,0.13427734375,-0.40283203125,-0.18310546875,0.0244140625,0.15869140625,-0.10986328125,0.08544921875,-0.927734375,0.0244140625,1.0009765625,-0.439453125,-0.29296875,-0.048828125,-0.9033203125,-0.0244140625,-0.439453125,-0.13427734375,0.62255859375,0.146484375,-1.0498046875,-0.23193359375,-0.1708984375,-0.0244140625,-0.8056640625,-0.146484375,0.9033203125,-0.13427734375,0.2197265625,-0.5859375,-0.2197265625,-0.146484375,-0.8544921875,-0.09765625,-0.42724609375,0.048828125,-0.76904296875,-0.0732421875,-0.146484375,0.40283203125,-0.634765625,-0.08544921875,-0.3662109375,0.1953125,0.67138671875,0.06103515625,1.11083984375,-0.29296875,0.50048828125,-0.3662109375,-0.13427734375,-0.2197265625,0.7568359375,-0.20751953125,0.7080078125,0.1220703125,0.47607421875,0.67138671875,0.86669921875,-0.01220703125,0.1220703125,-0.0732421875,0.2685546875,-0.23193359375,1.0498046875,-0.1220703125,0.2197265625,-0.15869140625,0.244140625,-0.048828125,0.2685546875,-0.13427734375,0.84228515625,0.048828125,-0.01220703125,-0.20751953125,1.3427734375,0,-0.9521484375,0.1708984375,-0.3173828125,0.0244140625,-0.93994140625,-0.048828125,-0.74462890625,-0.09765625,-1.4892578125,0.01220703125,-0.1953125,-0.048828125,-0.341796875,0.13427734375,-1.220703125,-0.08544921875,2.13623046875,-0.2197265625,2.06298828125,0.01220703125,1.33056640625,-0.01220703125,5.17578125,0.0732421875,-0.72021484375,-0.03662109375,-1.46484375,0.0244140625,-0.98876953125,-0.048828125,0.37841796875,-0.048828125,0.28076171875,-0.06103515625,-0.048828125,-0.06103515625,-0.0732421875,0.01220703125,0.0244140625,0.03662109375,0.03662109375,-0.048828125,0.830078125,-0.03662109375,-0.47607421875,0.0244140625,-0.47607421875
0,0.4150390625,-0.4638671875,0.06103515625,-0.048828125,0.13427734375,-0.37841796875,-0.15869140625,0.03662109375,0.146484375,-0.09765625,0.09765625,-0.93994140625,0.06103515625,1.0009765625,-0.439453125,-0.2685546875,0.0244140625,-0.9033203125,-0.06103515625,-0.42724609375,0.01220703125,0.634765625,0.10986328125,-1.06201171875,-0.244140625,-0.1708984375,-0.08544921875,-0.78125,-0.1953125,0.89111328125,-0.06103515625,0.20751953125,-0.5859375,-0.28076171875,-0.20751953125,-0.84228515625,-0.048828125,-0.45166015625,0.06103515625,-0.7568359375,0.06103515625,-0.15869140625,0.42724609375,-0.62255859375,-0.08544921875,-0.37841796875,0.1953125,0.6591796875,0.03662109375,1.13525390625,-0.30517578125,0.48828125,-0.37841796875,-0.1708984375,-0.20751953125,0.74462890625,-0.1220703125,0.7080078125,0.01220703125,0.47607421875,0.5859375,0.98876953125,-0.048828125,0.09765625,-0.10986328125,0.2197265625,-0.244140625,1.03759765625,-0.15869140625,0.20751953125,-0.13427734375,0.244140625,-0.1220703125,0.2685546875,-0.13427734375,0.91552734375,0.048828125,0,-0.146484375,1.3427734375,0.01220703125,-0.93994140625,0.1953125,-0.30517578125,-0.146484375,-0.9521484375,0.01220703125,-0.732421875,-0.03662109375,-1.47705078125,0.0732421875,-0.1953125,0.0732421875,-0.32958984375,0.13427734375,-1.1962890625,-0.13427734375,1.9287109375,-0.10986328125,1.84326171875,0.048828125,1.13525390625,-0.0244140625,4.82177734375,-0.06103515625,-0.7080078125,-0.09765625,-1.47705078125,0.0732421875,-1.0009765625,-0.06103515625,0.37841796875,-0.048828125,0.28076171875,-0.0732421875,-0.048828125,-0.06103515625,-0.0732421875,0.03662109375,0.0244140625,0.03662109375,0.0244140625,-0.03662109375,0.81787109375,-0.01220703125,-0.47607421875,0,-0.5126953125
0,0.4150390625,-0.52490234375,0.1220703125,-0.06103515625,0.1220703125,-0.3662109375,-0.13427734375,0.03662109375,0.13427734375,-0.10986328125,0.08544921875,-0.93994140625,0.10986328125,1.01318359375,-0.4638671875,-0.23193359375,0.13427734375,-0.89111328125,-0.1220703125,-0.4150390625,0.15869140625,0.62255859375,0.06103515625,-1.07421875,-0.1953125,-0.1708984375,-0.18310546875,-0.78125,-0.1708984375,0.87890625,0.0732421875,0.2197265625,-0.5859375,-0.2685546875,-0.23193359375,-0.84228515625,-0.01220703125,-0.42724609375,0.10986328125,-0.7568359375,0.1220703125,-0.1708984375,0.439453125,-0.634765625,-0.048828125,-0.35400390625,0.2197265625,0.6591796875,0.01220703125,1.13525390625,-0.2685546875,0.45166015625,-0.37841796875,-0.1953125,-0.1953125,0.74462890625,-0.08544921875,0.7080078125,-0.0244140625,0.47607421875,0.5126953125,1.123046875,-0.0732421875,0.09765625,-0.15869140625,0.1708984375,-0.25634765625,1.025390625,-0.18310546875,0.2197265625,-0.1220703125,0.2197265625,-0.1708984375,0.25634765625,-0.0732421875,0.927734375,0.06103515625,0,-0.10986328125,1.33056640625,0.01220703125,-0.93994140625,0.1708984375,-0.32958984375,-0.2685546875,-0.93994140625,0.09765625,-0.732421875,-0.0244140625,-1.4892578125,0.09765625,-0.1953125,0.20751953125,-0.32958984375,0.10986328125,-1.171875,-0.146484375,1.6845703125,0,1.611328125,0.03662109375,0.9521484375,-0.0244140625,4.45556640625,-0.15869140625,-0.69580078125,-0.15869140625,-1.46484375,0.08544921875,-1.01318359375,-0.08544921875,0.390625,-0.048828125,0.25634765625,-0.048828125,-0.0244140625,-0.0732421875,-0.08544921875,0.048828125,0.048828125,0.03662109375,0.03662109375,-0.03662109375,0.8056640625,0.01220703125,-0.48828125,-0.01220703125,-0.48828125
0,0.390625,-0.57373046875,0.09765625,-0.09765625,0.1220703125,-0.37841796875,-0.13427734375,0.01220703125,0.13427734375,-0.13427734375,0.08544921875,-0.93994140625,0.13427734375,1.0009765625,-0.4638671875,-0.23193359375,0.244140625,-0.9033203125,-0.18310546875,-0.42724609375,0.23193359375,0.6103515625,-0.048828125,-1.07421875,-0.10986328125,-0.146484375,-0.244140625,-0.79345703125,-0.13427734375,0.87890625,0.10986328125,0.1953125,-0.537109375,-0.2685546875,-0.20751953125,-0.830078125,0,-0.42724609375,0.1953125,-0.76904296875,0.23193359375,-0.1953125,0.439453125,-0.62255859375,0.03662109375,-0.3662109375,0.2685546875,0.67138671875,-0.01220703125,1.171875,-0.2197265625,0.439453125,-0.341796875,-0.20751953125,-0.15869140625,0.74462890625,-0.06103515625,0.72021484375,-0.0244140625,0.47607421875,0.5859375,1.2451171875,-0.048828125,0.09765625,-0.15869140625,0.15869140625,-0.244140625,1.025390625,-0.2197265625,0.2197265625,-0.13427734375,0.20751953125,-0.244140625,0.2685546875,-0.09765625,0.9521484375,0.08544921875,-0.01220703125,-0.08544921875,1.33056640625,-0.01220703125,-0.96435546875,0.146484375,-0.3173828125,-0.390625,-0.96435546875,0.10986328125,-0.74462890625,0,-1.4892578125,0.06103515625,-0.20751953125,0.35400390625,-0.32958984375,0.0732421875,-1.171875,-0.146484375,1.37939453125,0.0244140625,1.35498046875,-0.048828125,0.72021484375,-0.13427734375,4.00390625,-0.15869140625,-0.72021484375,-0.20751953125,-1.45263671875,0.048828125,-1.025390625,-0.146484375,0.40283203125,-0.048828125,0.25634765625,-0.0244140625,-0.03662109375,-0.06103515625,-0.09765625,0.03662109375,0.03662109375,0.03662109375,0.01220703125,-0.0244140625,0.79345703125,0.0244140625,-0.48828125,-0.0244140625,-0.52490234375
0,0.3662109375,-0.537109375,0.1220703125,-0.13427734375,0.13427734375,-0.390625,-0.15869140625,0,0.08544921875,-0.15869140625,0.08544921875,-0.93994140625,0.146484375,1.025390625,-0.439453125,-0.23193359375,0.2685546875,-0.9033203125,-0.244140625,-0.4150390625,0.25634765625,0.59814453125,-0.146484375,-1.0498046875,-0.06103515625,-0.146484375,-0.23193359375,-0.79345703125,-0.0244140625,0.87890625,0.06103515625,0.20751953125,-0.5615234375,-0.29296875,-0.146484375,-0.830078125,-0.01220703125,-0.37841796875,0.30517578125,-0.74462890625,0.29296875,-0.1708984375,0.4150390625,-0.62255859375,0.10986328125,-0.3662109375,0.28076171875,0.69580078125,-0.01220703125,1.15966796875,-0.20751953125,0.42724609375,-0.30517578125,-0.2197265625,-0.1220703125,0.72021484375,-0.06103515625,0.72021484375,-0.01220703125,0.48828125,0.5126953125,1.3427734375,0.06103515625,0.1220703125,-0.1953125,0.1708984375,-0.28076171875,1.025390625,-0.2197265625,0.25634765625,-0.15869140625,0.20751953125,-0.29296875,0.2685546875,-0.08544921875,0.9765625,0.08544921875,0.01220703125,-0.0244140625,1.318359375,-0.03662109375,-0.98876953125,0.09765625,-0.32958984375,-0.439453125,-0.98876953125,0.08544921875,-0.732421875,0.03662109375,-1.513671875,0.048828125,-0.23193359375,0.40283203125,-0.341796875,0.01220703125,-1.13525390625,-0.048828125,1.0009765625,0.03662109375,1.01318359375,-0.15869140625,0.439453125,-0.18310546875,3.4423828125,-0.10986328125,-0.74462890625,-0.30517578125,-1.45263671875,0,-1.0498046875,-0.18310546875,0.40283203125,-0.048828125,0.25634765625,-0.0244140625,-0.03662109375,-0.06103515625,-0.0732421875,0.03662109375,0.0244140625,0.0244140625,-0.0244140625,-0.0244140625,0.78125,0.03662109375,-0.48828125,-0.03662109375,-0.52490234375
0,0.37841796875,-0.50048828125,0.1708984375,-0.20751953125,0.15869140625,-0.37841796875,-0.146484375,0,0.09765625,-0.15869140625,0.09765625,-0.9521484375,0.146484375,1.01318359375,-0.42724609375,-0.25634765625,0.28076171875,-0.927734375,-0.28076171875,-0.42724609375,0.244140625,0.59814453125,-0.23193359375,-1.0498046875,0.01220703125,-0.1708984375,-0.20751953125,-0.81787109375,0.10986328125,0.87890625,0.03662109375,0.18310546875,-0.59814453125,-0.30517578125,0,-0.830078125,-0.03662109375,-0.390625,0.37841796875,-0.732421875,0.3173828125,-0.18310546875,0.4150390625,-0.634765625,0.146484375,-0.37841796875,0.32958984375,0.69580078125,-0.0244140625,1.15966796875,-0.15869140625,0.42724609375,-0.28076171875,-0.20751953125,-0.048828125,0.732421875,-0.15869140625,0.72021484375,-0.0244140625,0.47607421875,0.50048828125,1.416015625,0.146484375,0.13427734375,-0.2197265625,0.15869140625,-0.23193359375,1.07421875,-0.1953125,0.244140625,-0.1953125,0.23193359375,-0.32958984375,0.28076171875,-0.09765625,0.93994140625,0.10986328125,0,-0.01220703125,1.33056640625,-0.048828125,-0.98876953125,0.048828125,-0.32958984375,-0.32958984375,-0.98876953125,0.0244140625,-0.732421875,0.08544921875,-1.52587890625,0.01220703125,-0.244140625,0.4638671875,-0.3173828125,0,-1.13525390625,0.08544921875,0.48828125,0.0732421875,0.5615234375,-0.23193359375,0.08544921875,-0.146484375,2.74658203125,-0.048828125,-0.732421875,-0.341796875,-1.4404296875,-0.048828125,-1.06201171875,-0.20751953125,0.4150390625,-0.0244140625,0.28076171875,0,-0.06103515625,-0.048828125,-0.09765625,0,0.0244140625,0.0244140625,-0.048828125,-0.03662109375,0.76904296875,0.01220703125,-0.52490234375,-0.048828125,-0.54931640625
0,0.35400390625,-0.45166015625,0.1708984375,-0.2685546875,0.1953125,-0.37841796875,-0.13427734375,-0.0244140625,0.0732421875,-0.13427734375,0.08544921875,-0.9521484375,0.1220703125,1.025390625,-0.40283203125,-0.28076171875,0.2685546875,-0.91552734375,-0.29296875,-0.42724609375,0.15869140625,0.6103515625,-0.30517578125,-1.03759765625,0.0732421875,-0.15869140625,-0.10986328125,-0.79345703125,0.1953125,0.87890625,-0.0244140625,0.18310546875,-0.5859375,-0.32958984375,0.146484375,-0.84228515625,-0.0732421875,-0.37841796875,0.4150390625,-0.72021484375,0.35400390625,-0.15869140625,0.42724609375,-0.62255859375,0.20751953125,-0.390625,0.3662109375,0.69580078125,-0.048828125,1.15966796875,-0.13427734375,0.439453125,-0.146484375,-0.1708984375,-0.01220703125,0.74462890625,-0.244140625,0.7080078125,-0.03662109375,0.4638671875,0.3173828125,1.42822265625,0.1708984375,0.1708984375,-0.23193359375,0.1708984375,-0.20751953125,1.06201171875,-0.15869140625,0.23193359375,-0.25634765625,0.2197265625,-0.30517578125,0.25634765625,-0.08544921875,0.927734375,0.10986328125,-0.01220703125,0,1.35498046875,-0.03662109375,-0.98876953125,0,-0.3173828125,-0.20751953125,-1.01318359375,-0.08544921875,-0.732421875,0.09765625,-1.55029296875,0.01220703125,-0.2685546875,0.42724609375,-0.30517578125,0.01220703125,-1.13525390625,0.2197265625,-0.048828125,0.08544921875,0.048828125,-0.25634765625,-0.341796875,-0.13427734375,1.85546875,0.0244140625,-0.7568359375,-0.341796875,-1.45263671875,-0.0244140625,-1.0498046875,-0.15869140625,0.40283203125,-0.0244140625,0.29296875,0.01220703125,-0.048828125,-0.06103515625,-0.1220703125,-0.01220703125,0.048828125,0.0244140625,-0.048828125,-0.0244140625,0.76904296875,-0.01220703125,-0.52490234375,-0.03662109375,-0.5615234375
0,0.40283203125,-0.390625,0.1953125,-0.29296875,0.18310546875,-0.390625,-0.1708984375,-0.03662109375,0.0732421875,-0.1220703125,0.048828125,-0.96435546875,0.13427734375,1.03759765625,-0.37841796875,-0.29296875,0.1953125,-0.9033203125,-0.25634765625,-0.42724609375,0,0.59814453125,-0.32958984375,-1.025390625,0.048828125,-0.15869140625,0,-0.79345703125,0.29296875,0.87890625,-0.0244140625,0.20751953125,-0.57373046875,-0.30517578125,0.2685546875,-0.84228515625,-0.10986328125,-0.37841796875,0.45166015625,-0.7080078125,0.32958984375,-0.15869140625,0.40283203125,-0.634765625,0.244140625,-0.40283203125,0.439453125,0.69580078125,-0.0732421875,1.1474609375,-0.10986328125,0.48828125,-0.08544921875,-0.13427734375,0.06103515625,0.7568359375,-0.341796875,0.69580078125,-0.0244140625,0.45166015625,0.30517578125,1.40380859375,0.146484375,0.1953125,-0.1953125,0.1953125,-0.20751953125,1.08642578125,-0.09765625,0.244140625,-0.28076171875,0.244140625,-0.25634765625,0.2685546875,-0.06103515625,0.93994140625,0.09765625,-0.0244140625,0.01220703125,1.3671875,-0.048828125,-0.96435546875,-0.048828125,-0.3173828125,-0.08544921875,-1.01318359375,-0.1708984375,-0.7568359375,0.0732421875,-1.52587890625,0.01220703125,-0.29296875,0.35400390625,-0.30517578125,0.03662109375,-1.13525390625,0.29296875,-0.64697265625,0.08544921875,-0.5126953125,-0.2685546875,-0.74462890625,-0.1708984375,0.86669921875,0.08544921875,-0.76904296875,-0.3173828125,-1.45263671875,0,-1.03759765625,-0.10986328125,0.4150390625,-0.0244140625,0.3173828125,0,-0.0732421875,-0.06103515625,-0.146484375,-0.0244140625,0.0732421875,0.01220703125,-0.048828125,-0.03662109375,0.78125,-0.03662109375,-0.52490234375,-0.048828125,-0.5615234375
0,0.390625,-0.341796875,0.18310546875,-0.341796875,0.18310546875,-0.4150390625,-0.1708984375,-0.03662109375,0.0732421875,-0.09765625,0.03662109375,-0.9521484375,0.08544921875,1.025390625,-0.35400390625,-0.29296875,0.1220703125,-0.927734375,-0.25634765625,-0.42724609375,-0.146484375,0.6103515625,-0.35400390625,-1.025390625,0.0244140625,-0.146484375,0.10986328125,-0.79345703125,0.3173828125,0.87890625,0,0.20751953125,-0.50048828125,-0.29296875,0.3173828125,-0.830078125,-0.1220703125,-0.390625,0.42724609375,-0.7080078125,0.23193359375,-0.15869140625,0.4150390625,-0.634765625,0.2685546875,-0.40283203125,0.4638671875,0.68359375,-0.0732421875,1.123046875,-0.10986328125,0.48828125,-0.01220703125,-0.10986328125,0.10986328125,0.74462890625,-0.4150390625,0.6591796875,-0.08544921875,0.439453125,0.3173828125,1.33056640625,0.0732421875,0.2197265625,-0.1953125,0.18310546875,-0.1220703125,1.08642578125,-0.048828125,0.2197265625,-0.32958984375,0.23193359375,-0.20751953125,0.244140625,-0.06103515625,0.91552734375,0.10986328125,-0.01220703125,0,1.3671875,-0.03662109375,-0.9765625,-0.048828125,-0.3173828125,0.06103515625,-1.0009765625,-0.20751953125,-0.7568359375,0.0244140625,-1.52587890625,0.0244140625,-0.28076171875,0.244140625,-0.3173828125,0.06103515625,-1.171875,0.29296875,-1.20849609375,0.13427734375,-1.0498046875,-0.2197265625,-1.13525390625,-0.23193359375,-0.13427734375,0.048828125,-0.78125,-0.23193359375,-1.45263671875,-0.01220703125,-1.025390625,-0.1220703125,0.40283203125,-0.048828125,0.32958984375,-0.01220703125,-0.08544921875,-0.0732421875,-0.13427734375,-0.03662109375,0.08544921875,0.0244140625,-0.048828125,-0.0244140625,0.76904296875,-0.08544921875,-0.5126953125,-0.048828125,-0.54931640625
0,0.3662109375,-0.30517578125,0.23193359375,-0.32958984375,0.1708984375,-0.42724609375,-0.15869140625,-0.0244140625,0.09765625,-0.08544921875,0.01220703125,-0.93994140625,0.08544921875,1.025390625,-0.32958984375,-0.28076171875,0.06103515625,-0.93994140625,-0.23193359375,-0.4150390625,-0.30517578125,0.62255859375,-0.32958984375,-1.025390625,-0.01220703125,-0.146484375,0.2197265625,-0.79345703125,0.28076171875,0.9033203125,0.048828125,0.20751953125,-0.439453125,-0.29296875,0.390625,-0.8544921875,-0.1220703125,-0.42724609375,0.390625,-0.7080078125,0.1220703125,-0.146484375,0.439453125,-0.64697265625,0.2685546875,-0.40283203125,0.47607421875,0.67138671875,-0.06103515625,1.13525390625,-0.0732421875,0.47607421875,0.09765625,-0.0732421875,0.146484375,0.76904296875,-0.47607421875,0.634765625,-0.10986328125,0.439453125,0.35400390625,1.171875,-0.01220703125,0.20751953125,-0.146484375,0.1953125,-0.06103515625,1.0986328125,0,0.1953125,-0.30517578125,0.23193359375,-0.18310546875,0.23193359375,-0.048828125,0.9033203125,0.09765625,-0.0244140625,-0.03662109375,1.3427734375,-0.048828125,-0.9765625,-0.06103515625,-0.32958984375,0.1220703125,-1.0009765625,-0.2197265625,-0.76904296875,-0.06103515625,-1.513671875,-0.0244140625,-0.30517578125,0.1220703125,-0.3173828125,0.048828125,-1.1962890625,0.23193359375,-1.6845703125,0.1708984375,-1.5380859375,-0.1708984375,-1.4892578125,-0.3173828125,-1.025390625,0.03662109375,-0.732421875,-0.10986328125,-1.4404296875,-0.0244140625,-1.0009765625,-0.18310546875,0.40283203125,-0.03662109375,0.341796875,-0.03662109375,-0.06103515625,-0.06103515625,-0.146484375,-0.06103515625,0.09765625,0.01220703125,-0.0244140625,-0.01220703125,0.8056640625,-0.08544921875,-0.52490234375,-0.0732421875,-0.54931640625
0,0.40283203125,-0.29296875,0.1953125,-0.29296875,0.1708984375,-0.439453125,-0.15869140625,0.01220703125,0.06103515625,-0.048828125,-0.01220703125,-0.93994140625,0.09765625,1.0009765625,-0.2685546875,-0.28076171875,0.0244140625,-0.927734375,-0.2197265625,-0.42724609375,-0.35400390625,0.64697265625,-0.28076171875,-1.025390625,-0.06103515625,-0.146484375,0.23193359375,-0.79345703125,0.23193359375,0.9033203125,0.08544921875,0.2197265625,-0.390625,-0.30517578125,0.3662109375,-0.84228515625,-0.13427734375,-0.45166015625,0.30517578125,-0.7080078125,-0.03662109375,-0.15869140625,0.37841796875,-0.64697265625,0.23193359375,-0.390625,0.45166015625,0.6591796875,-0.03662109375,1.123046875,-0.08544921875,0.48828125,0.18310546875,-0.0732421875,0.146484375,0.7568359375,-0.537109375,0.6103515625,-0.18310546875,0.42724609375,0.40283203125,1.025390625,0.0244140625,0.1953125,-0.0732421875,0.1953125,0.01220703125,1.07421875,0.01220703125,0.23193359375,-0.28076171875,0.23193359375,-0.2197265625,0.244140625,-0.01220703125,0.89111328125,0.08544921875,-0.01220703125,-0.06103515625,1.3427734375,-0.06103515625,-0.9765625,-0.06103515625,-0.32958984375,0.10986328125,-0.9521484375,-0.10986328125,-0.76904296875,-0.10986328125,-1.4892578125,-0.03662109375,-0.2685546875,0.048828125,-0.32958984375,0,-1.1962890625,0.13427734375,-2.01416015625,0.18310546875,-1.89208984375,-0.13427734375,-1.7578125,-0.390625,-1.708984375,-0.03662109375,-0.72021484375,0.0244140625,-1.45263671875,-0.03662109375,-1.0009765625,-0.23193359375,0.390625,-0.048828125,0.32958984375,-0.01220703125,-0.048828125,-0.06103515625,-0.13427734375,-0.0732421875,0.08544921875,0.0244140625,0,0,0.79345703125,-0.09765625,-0.52490234375,-0.08544921875,-0.5615234375
0,0.40283203125,-0.30517578125,0.2197265625,-0.2685546875,0.18310546875,-0.439453125,-0.15869140625,0.03662109375,0.0244140625,-0.048828125,-0.0244140625,-0.93994140625,0.09765625,1.01318359375,-0.2197265625,-0.28076171875,0.0244140625,-0.9033203125,-0.2197265625,-0.42724609375,-0.341796875,0.64697265625,-0.2197265625,-1.025390625,-0.0732421875,-0.146484375,0.2197265625,-0.76904296875,0.1708984375,0.9033203125,0.10986328125,0.2197265625,-0.2685546875,-0.30517578125,0.30517578125,-0.8544921875,-0.1708984375,-0.48828125,0.1708984375,-0.732421875,-0.18310546875,-0.1953125,0.32958984375,-0.64697265625,0.1953125,-0.37841796875,0.390625,0.62255859375,0.0244140625,1.11083984375,-0.1708984375,0.4638671875,0.23193359375,-0.09765625,0.0732421875,0.76904296875,-0.54931640625,0.62255859375,-0.2197265625,0.439453125,0.30517578125,0.8544921875,-0.01220703125,0.20751953125,0,0.15869140625,0.08544921875,1.0498046875,0.01220703125,0.23193359375,-0.244140625,0.2197265625,-0.1708984375,0.23193359375,0.01220703125,0.89111328125,0.06103515625,0,-0.06103515625,1.318359375,-0.06103515625,-0.96435546875,0,-0.32958984375,0.06103515625,-0.93994140625,0.06103515625,-0.76904296875,-0.15869140625,-1.47705078125,-0.08544921875,-0.25634765625,0.0244140625,-0.29296875,-0.0244140625,-1.2451171875,0.048828125,-2.1484375,0.18310546875,-2.0751953125,-0.09765625,-1.89208984375,-0.35400390625,-2.11181640625,-0.08544921875,-0.69580078125,0.13427734375,-1.46484375,-0.048828125,-1.0009765625,-0.28076171875,0.37841796875,-0.048828125,0.30517578125,0,-0.06103515625,-0.06103515625,-0.08544921875,-0.09765625,0.09765625,0.03662109375,0.01220703125,-0.01220703125,0.78125,-0.06103515625,-0.48828125,-0.09765625,-0.54931640625
1,0.40283203125,-0.32958984375,0.20751953125,-0.2197265625,0.20751953125,-0.45166015625,-0.15869140625,0.048828125,-0.01220703125,-0.06103515625,-0.0244140625,-0.927734375,0.1220703125,1.01318359375,-0.1953125,-0.29296875,0.0244140625,-0.91552734375,-0.20751953125,-0.40283203125,-0.2685546875,0.64697265625,-0.18310546875,-1.03759765625,-0.06103515625,-0.15869140625,0.13427734375,-0.78125,0.08544921875,0.87890625,0.09765625,0.20751953125,-0.1708984375,-0.32958984375,0.2685546875,-0.8544921875,-0.2197265625,-0.48828125,0.0732421875,-0.732421875,-0.20751953125,-0.20751953125,0.18310546875,-0.634765625,0.1708984375,-0.3662109375,0.30517578125,0.62255859375,0.08544921875,1.123046875,-0.30517578125,0.45166015625,0.25634765625,-0.13427734375,0.01220703125,0.7568359375,-0.537109375,0.62255859375,-0.23193359375,0.439453125,0.32958984375,0.69580078125,-0.03662109375,0.18310546875,0.0732421875,0.13427734375,0.13427734375,1.025390625,0.0244140625,0.244140625,-0.18310546875,0.23193359375,-0.09765625,0.23193359375,0.01220703125,0.9033203125,0.0244140625,0.0244140625,-0.048828125,1.318359375,-0.06103515625,-0.9521484375,0.0244140625,-0.32958984375,-0.0244140625,-0.9521484375,0.2197265625,-0.76904296875,-0.13427734375,-1.4892578125,-0.10986328125,-0.28076171875,0.08544921875,-0.30517578125,-0.03662109375,-1.25732421875,0.0244140625,-2.1240234375,0.15869140625,-2.05078125,-0.0732421875,-1.89208984375,-0.2685546875,-2.20947265625,-0.0732421875,-0.69580078125,0.1708984375,-1.45263671875,-0.0244140625,-0.98876953125,-0.23193359375,0.4150390625,-0.03662109375,0.28076171875,-0.0244140625,-0.0244140625,-0.06103515625,-0.048828125,-0.10986328125,0.0732421875,0,0.01220703125,0.01220703125,0.79345703125,-0.06103515625,-0.47607421875,-0.09765625,-0.54931640625
1,0.35400390625,-0.341796875,0.18310546875,-0.1953125,0.1953125,-0.40283203125,-0.15869140625,0.03662109375,-0.09765625,-0.09765625,-0.01220703125,-0.91552734375,0.08544921875,0.98876953125,-0.18310546875,-0.28076171875,0.08544921875,-0.91552734375,-0.15869140625,-0.4150390625,-0.1220703125,0.6591796875,-0.146484375,-1.0498046875,-0.01220703125,-0.15869140625,0.01220703125,-0.79345703125,0.01220703125,0.87890625,0.048828125,0.20751953125,-0.1220703125,-0.32958984375,0.244140625,-0.86669921875,-0.25634765625,-0.50048828125,0.0244140625,-0.732421875,-0.2197265625,-0.1953125,0.0732421875,-0.64697265625,0.1220703125,-0.390625,0.2197265625,0.6103515625,0.13427734375,1.15966796875,-0.40283203125,0.45166015625,0.2685546875,-0.146484375,-0.01220703125,0.7568359375,-0.52490234375,0.634765625,-0.244140625,0.4638671875,0.2197265625,0.59814453125,-0.0732421875,0.15869140625,0.13427734375,0.13427734375,0.18310546875,1.01318359375,0.0244140625,0.23193359375,-0.13427734375,0.1953125,-0.03662109375,0.25634765625,0.01220703125,0.89111328125,-0.01220703125,0.0244140625,-0.03662109375,1.318359375,-0.048828125,-0.96435546875,0.048828125,-0.3173828125,-0.0732421875,-0.9521484375,0.390625,-0.78125,-0.09765625,-1.4892578125,-0.0732421875,-0.2685546875,0.1953125,-0.3173828125,-0.06103515625,-1.26953125,-0.048828125,-1.9287109375,0.08544921875,-1.8798828125,-0.09765625,-1.7578125,-0.2685546875,-1.96533203125,-0.03662109375,-0.69580078125,0.146484375,-1.45263671875,0,-1.0009765625,-0.23193359375,0.4150390625,-0.048828125,0.28076171875,-0.0244140625,-0.03662109375,-0.06103515625,-0.0244140625,-0.10986328125,0.06103515625,0,0,0.01220703125,0.78125,-0.06103515625,-0.47607421875,-0.10986328125,-0.537109375
1,0.37841796875,-0.40283203125,0.15869140625,-0.1953125,0.1953125,-0.40283203125,-0.15869140625,0.03662109375,-0.09765625,-0.10986328125,0.01220703125,-0.93994140625,0.1220703125,1.0009765625,-0.1953125,-0.29296875,0.1220703125,-0.927734375,-0.1220703125,-0.42724609375,0.0244140625,0.634765625,-0.13427734375,-1.03759765625,0.0244140625,-0.18310546875,-0.08544921875,-0.76904296875,-0.048828125,0.8544921875,-0.0244140625,0.2197265625,-0.10986328125,-0.32958984375,0.20751953125,-0.8544921875,-0.2685546875,-0.48828125,-0.01220703125,-0.732421875,-0.13427734375,-0.1708984375,-0.01220703125,-0.6103515625,0.1220703125,-0.390625,0.15869140625,0.634765625,0.1708984375,1.171875,-0.439453125,0.42724609375,0.25634765625,-0.1708984375,-0.03662109375,0.74462890625,-0.47607421875,0.634765625,-0.2197265625,0.48828125,0.1953125,0.52490234375,-0.18310546875,0.146484375,0.1220703125,0.15869140625,0.2685546875,1.0009765625,-0.01220703125,0.244140625,-0.08544921875,0.20751953125,0.06103515625,0.28076171875,0,0.9033203125,-0.03662109375,0.06103515625,-0.01220703125,1.318359375,0,-0.9765625,0.10986328125,-0.32958984375,-0.08544921875,-0.96435546875,0.45166015625,-0.76904296875,-0.06103515625,-1.4892578125,-0.01220703125,-0.244140625,0.32958984375,-0.3173828125,-0.08544921875,-1.28173828125,-0.01220703125,-1.5869140625,0.08544921875,-1.5625,-0.08544921875,-1.513671875,-0.1220703125,-1.4892578125,0.03662109375,-0.68359375,0.06103515625,-1.45263671875,-0.0244140625,-1.0009765625,-0.1708984375,0.42724609375,-0.06103515625,0.29296875,-0.03662109375,-0.048828125,-0.06103515625,-0.0244140625,-0.1220703125,0.03662109375,-0.0244140625,0,0.0244140625,0.79345703125,-0.0732421875,-0.45166015625,-0.08544921875,-0.52490234375
1,0.37841796875,-0.439453125,0.244140625,-0.1953125,0.20751953125,-0.390625,-0.146484375,0,-0.10986328125,-0.13427734375,-0.01220703125,-0.927734375,0.146484375,0.98876953125,-0.2197265625,-0.29296875,0.1220703125,-0.927734375,-0.06103515625,-0.42724609375,0.18310546875,0.634765625,-0.15869140625,-1.03759765625,0.08544921875,-0.18310546875,-0.15869140625,-0.78125,-0.08544921875,0.86669921875,-0.13427734375,0.20751953125,-0.2197265625,-0.32958984375,0.1708984375,-0.8544921875,-0.2685546875,-0.45166015625,-0.048828125,-0.732421875,-0.06103515625,-0.1708984375,-0.06103515625,-0.6103515625,0.08544921875,-0.390625,0.1708984375,0.64697265625,0.1953125,1.171875,-0.439453125,0.42724609375,0.20751953125,-0.20751953125,-0.03662109375,0.7568359375,-0.42724609375,0.6591796875,-0.1708984375,0.48828125,0.23193359375,0.5126953125,-0.244140625,0.1220703125,0.146484375,0.1708984375,0.29296875,0.98876953125,-0.0244140625,0.23193359375,-0.048828125,0.20751953125,0.1220703125,0.2685546875,0.01220703125,0.9033203125,-0.048828125,0.0244140625,-0.03662109375,1.2939453125,0.0244140625,-0.96435546875,0.1220703125,-0.32958984375,-0.08544921875,-0.98876953125,0.42724609375,-0.76904296875,-0.03662109375,-1.50146484375,0.03662109375,-0.25634765625,0.439453125,-0.3173828125,-0.08544921875,-1.28173828125,-0.09765625,-1.20849609375,-0.0244140625,-1.15966796875,-0.20751953125,-1.1962890625,-0.10986328125,-0.830078125,0.1220703125,-0.7080078125,-0.048828125,-1.4404296875,-0.0244140625,-1.0009765625,-0.146484375,0.42724609375,-0.06103515625,0.2685546875,-0.03662109375,-0.0244140625,-0.0732421875,-0.0244140625,-0.13427734375,0.01220703125,-0.0244140625,0,0.0244140625,0.79345703125,-0.048828125,-0.47607421875,-0.10986328125,-0.50048828125
1,0.37841796875,-0.4638671875,0.1708984375,-0.1953125,0.2197265625,-0.37841796875,-0.1220703125,0,-0.13427734375,-0.13427734375,-0.01220703125,-0.93994140625,0.13427734375,0.9765625,-0.20751953125,-0.28076171875,0.13427734375,-0.9033203125,0.01220703125,-0.42724609375,0.25634765625,0.634765625,-0.1708984375,-1.03759765625,0.1220703125,-0.1953125,-0.20751953125,-0.78125,-0.09765625,0.87890625,-0.244140625,0.2197265625,-0.37841796875,-0.32958984375,0.13427734375,-0.86669921875,-0.244140625,-0.42724609375,-0.0244140625,-0.74462890625,-0.01220703125,-0.1708984375,-0.048828125,-0.62255859375,0.0244140625,-0.37841796875,0.1708984375,0.6591796875,0.1708984375,1.18408203125,-0.4150390625,0.45166015625,0.13427734375,-0.20751953125,-0.048828125,0.7568359375,-0.37841796875,0.68359375,-0.08544921875,0.48828125,0.13427734375,0.52490234375,-0.32958984375,0.15869140625,0.15869140625,0.1953125,0.29296875,1.01318359375,-0.0244140625,0.244140625,-0.048828125,0.1953125,0.20751953125,0.29296875,-0.048828125,0.8544921875,-0.048828125,0.03662109375,-0.048828125,1.2939453125,0.06103515625,-0.9765625,0.146484375,-0.341796875,-0.09765625,-1.03759765625,0.341796875,-0.76904296875,-0.048828125,-1.513671875,0.10986328125,-0.244140625,0.4638671875,-0.32958984375,-0.01220703125,-1.28173828125,-0.10986328125,-0.81787109375,-0.13427734375,-0.7568359375,-0.29296875,-0.927734375,-0.1220703125,-0.1708984375,0.18310546875,-0.72021484375,-0.15869140625,-1.4404296875,-0.0732421875,-1.01318359375,-0.10986328125,0.42724609375,-0.06103515625,0.28076171875,-0.0244140625,-0.048828125,-0.08544921875,-0.048828125,-0.10986328125,0.01220703125,-0.03662109375,0,0.0244140625,0.830078125,-0.0732421875,-0.47607421875,-0.09765625,-0.48828125
1,0.35400390625,-0.47607421875,0.23193359375,-0.23193359375,0.25634765625,-0.35400390625,-0.13427734375,0.01220703125,-0.1220703125,-0.1220703125,-0.0244140625,-0.93994140625,0.146484375,0.98876953125,-0.18310546875,-0.2685546875,0.146484375,-0.91552734375,0.08544921875,-0.439453125,0.3173828125,0.62255859375,-0.15869140625,-1.03759765625,0.0732421875,-0.1953125,-0.1953125,-0.78125,-0.06103515625,0.87890625,-0.32958984375,0.2197265625,-0.57373046875,-0.341796875,0.15869140625,-0.8544921875,-0.18310546875,-0.42724609375,0,-0.74462890625,0.06103515625,-0.15869140625,0.0244140625,-0.62255859375,0.01220703125,-0.4150390625,0.1953125,0.67138671875,0.13427734375,1.15966796875,-0.390625,0.45166015625,0.0732421875,-0.1953125,-0.0732421875,0.78125,-0.35400390625,0.68359375,-0.0244140625,0.4638671875,0.08544921875,0.57373046875,-0.390625,0.15869140625,0.1953125,0.2197265625,0.30517578125,1.03759765625,-0.0732421875,0.2197265625,-0.08544921875,0.2197265625,0.2685546875,0.2685546875,-0.09765625,0.87890625,-0.0732421875,0.0244140625,-0.03662109375,1.2939453125,0.048828125,-0.9765625,0.18310546875,-0.32958984375,-0.0732421875,-1.0498046875,0.13427734375,-0.7568359375,-0.048828125,-1.52587890625,0.15869140625,-0.20751953125,0.48828125,-0.3662109375,0.048828125,-1.26953125,-0.048828125,-0.50048828125,-0.1220703125,-0.439453125,-0.244140625,-0.69580078125,0.048828125,0.40283203125,0.2197265625,-0.732421875,-0.2685546875,-1.42822265625,-0.13427734375,-1.0498046875,-0.0732421875,0.4150390625,-0.08544921875,0.28076171875,-0.0244140625,-0.06103515625,-0.048828125,-0.0244140625,-0.1220703125,0,-0.01220703125,0,0.0244140625,0.830078125,-0.08544921875,-0.47607421875,-0.08544921875,-0.47607421875
1,0.32958984375,-0.45166015625,0.20751953125,-0.23193359375,0.28076171875,-0.37841796875,-0.10986328125,-0.01220703125,-0.10986328125,-0.146484375,-0.048828125,-0.93994140625,0.146484375,0.9765625,-0.15869140625,-0.25634765625,0.1220703125,-0.927734375,0.1953125,-0.439453125,0.28076171875,0.59814453125,-0.13427734375,-1.025390625,0.048828125,-0.18310546875,-0.15869140625,-0.8056640625,0,0.8544921875,-0.341796875,0.2197265625,-0.74462890625,-0.32958984375,0.23193359375,-0.8544921875,-0.13427734375,-0.4150390625,0,-0.74462890625,0.08544921875,-0.1708984375,0.09765625,-0.634765625,-0.0244140625,-0.40283203125,0.25634765625,0.67138671875,0.10986328125,1.13525390625,-0.37841796875,0.48828125,-0.0244140625,-0.18310546875,-0.1220703125,0.7568359375,-0.3173828125,0.68359375,0,0.4638671875,0.03662109375,0.634765625,-0.40283203125,0.15869140625,0.2197265625,0.28076171875,0.2685546875,1.0498046875,-0.0732421875,0.2197265625,-0.08544921875,0.2197265625,0.2685546875,0.28076171875,-0.146484375,0.87890625,-0.0732421875,0.01220703125,-0.01220703125,1.33056640625,0.0244140625,-0.9765625,0.1708984375,-0.35400390625,-0.06103515625,-1.06201171875,-0.048828125,-0.76904296875,-0.0244140625,-1.52587890625,0.23193359375,-0.23193359375,0.4638671875,-0.37841796875,0.13427734375,-1.2451171875,-0.08544921875,-0.3173828125,-0.15869140625,-0.1953125,-0.2685546875,-0.52490234375,0.0732421875,0.8056640625,0.1708984375,-0.74462890625,-0.29296875,-1.42822265625,-0.1220703125,-1.025390625,0,0.40283203125,-0.08544921875,0.29296875,0,-0.048828125,-0.06103515625,-0.03662109375,-0.10986328125,0.01220703125,-0.01220703125,0,0.048828125,0.8544921875,-0.1220703125,-0.47607421875,-0.06103515625,-0.47607421875
1,0.341796875,-0.40283203125,0.20751953125,-0.25634765625,0.29296875,-0.390625,-0.08544921875,-0.03662109375,-0.09765625,-0.13427734375,-0.0732421875,-0.91552734375,0.1708984375,0.98876953125,-0.1220703125,-0.25634765625,0.09765625,-0.91552734375,0.244140625,-0.42724609375,0.15869140625,0.6103515625,0,-1.025390625,-0.01220703125,-0.1708984375,-0.0732421875,-0.8056640625,0.03662109375,0.86669921875,-0.28076171875,0.2197265625,-0.830078125,-0.32958984375,0.341796875,-0.8544921875,-0.03662109375,-0.42724609375,0.06103515625,-0.732421875,0.09765625,-0.15869140625,0.1953125,-0.6591796875,-0.0732421875,-0.4150390625,0.30517578125,0.67138671875,0.048828125,1.13525390625,-0.3173828125,0.47607421875,-0.08544921875,-0.18310546875,-0.15869140625,0.74462890625,-0.29296875,0.64697265625,0,0.439453125,-0.09765625,0.68359375,-0.40283203125,0.18310546875,0.25634765625,0.30517578125,0.20751953125,1.07421875,-0.048828125,0.1953125,-0.09765625,0.2197265625,0.244140625,0.2685546875,-0.13427734375,0.84228515625,-0.08544921875,0,0.01220703125,1.35498046875,0.01220703125,-0.98876953125,0.15869140625,-0.341796875,-0.08544921875,-1.06201171875,-0.23193359375,-0.7568359375,-0.0244140625,-1.513671875,0.29296875,-0.20751953125,0.3662109375,-0.35400390625,0.2685546875,-1.220703125,-0.09765625,-0.244140625,-0.20751953125,-0.0732421875,-0.30517578125,-0.47607421875,-0.01220703125,0.96435546875,0.08544921875,-0.7568359375,-0.29296875,-1.42822265625,-0.06103515625,-1.025390625,0.048828125,0.40283203125,-0.0732421875,0.3173828125,0.01220703125,-0.06103515625,-0.06103515625,-0.03662109375,-0.08544921875,0.03662109375,0.01220703125,0,0.048828125,0.8544921875,-0.10986328125,-0.48828125,-0.048828125,-0.4638671875
1,0.3173828125,-0.37841796875,0.23193359375,-0.25634765625,0.30517578125,-0.40283203125,-0.08544921875,-0.03662109375,-0.1220703125,-0.10986328125,-0.09765625,-0.91552734375,0.146484375,0.98876953125,-0.10986328125,-0.25634765625,0.06103515625,-0.9033203125,0.25634765625,-0.42724609375,0.06103515625,0.5859375,0.13427734375,-1.025390625,-0.06103515625,-0.15869140625,-0.0244140625,-0.8056640625,0.09765625,0.87890625,-0.146484375,0.23193359375,-0.78125,-0.29296875,0.37841796875,-0.84228515625,0.048828125,-0.439453125,0.048828125,-0.74462890625,0.10986328125,-0.146484375,0.25634765625,-0.64697265625,-0.0732421875,-0.40283203125,0.37841796875,0.6591796875,-0.03662109375,1.123046875,-0.2685546875,0.48828125,-0.10986328125,-0.1708984375,-0.25634765625,0.7568359375,-0.2685546875,0.64697265625,0.0244140625,0.42724609375,-0.08544921875,0.732421875,-0.40283203125,0.18310546875,0.28076171875,0.341796875,0.13427734375,1.07421875,-0.03662109375,0.1708984375,-0.10986328125,0.244140625,0.2197265625,0.25634765625,-0.1708984375,0.84228515625,-0.0732421875,-0.0244140625,0,1.3427734375,-0.03662109375,-0.9765625,0.13427734375,-0.341796875,-0.146484375,-1.0498046875,-0.35400390625,-0.76904296875,-0.048828125,-1.52587890625,0.341796875,-0.23193359375,0.3173828125,-0.341796875,0.3662109375,-1.1962890625,0,-0.28076171875,-0.06103515625,-0.048828125,-0.15869140625,-0.47607421875,0.03662109375,0.89111328125,-0.03662109375,-0.7568359375,-0.2197265625,-1.4404296875,-0.03662109375,-1.01318359375,0.0732421875,0.37841796875,-0.08544921875,0.30517578125,0.03662109375,-0.048828125,-0.0732421875,-0.048828125,-0.09765625,0.06103515625,-0.01220703125,-0.01220703125,0.06103515625,0.830078125,-0.1220703125,-0.47607421875,-0.01220703125,-0.48828125
1,0.341796875,-0.35400390625,0.2197265625,-0.28076171875,0.32958984375,-0.42724609375,-0.0732421875,-0.03662109375,-0.10986328125,-0.09765625,-0.09765625,-0.91552734375,0.1220703125,1.0009765625,-0.048828125,-0.2685546875,0.0244140625,-0.91552734375,0.20751953125,-0.4150390625,-0.06103515625,0.59814453125,0.25634765625,-1.03759765625,-0.06103515625,-0.15869140625,0.03662109375,-0.79345703125,0.10986328125,0.87890625,-0.01220703125,0.23193359375,-0.64697265625,-0.29296875,0.40283203125,-0.830078125,0.13427734375,-0.4638671875,0.01220703125,-0.74462890625,0.1953125,-0.15869140625,0.29296875,-0.6591796875,-0.03662109375,-0.40283203125,0.4150390625,0.64697265625,-0.06103515625,1.11083984375,-0.20751953125,0.4638671875,-0.18310546875,-0.15869140625,-0.29296875,0.74462890625,-0.20751953125,0.62255859375,0.048828125,0.42724609375,-0.01220703125,0.732421875,-0.40283203125,0.15869140625,0.2685546875,0.3662109375,0.06103515625,1.08642578125,-0.0244140625,0.1953125,-0.13427734375,0.244140625,0.1953125,0.244140625,-0.1953125,0.84228515625,-0.0244140625,-0.01220703125,0,1.3671875,-0.08544921875,-1.0009765625,0.09765625,-0.35400390625,-0.25634765625,-1.025390625,-0.40283203125,-0.76904296875,-0.10986328125,-1.513671875,0.32958984375,-0.2197265625,0.23193359375,-0.32958984375,0.45166015625,-1.1962890625,-0.03662109375,-0.35400390625,-0.048828125,-0.13427734375,-0.15869140625,-0.5126953125,-0.15869140625,0.64697265625,-0.1220703125,-0.7568359375,-0.1220703125,-1.42822265625,0.01220703125,-1.01318359375,-0.01220703125,0.37841796875,-0.10986328125,0.3173828125,0.048828125,-0.048828125,-0.06103515625,-0.048828125,-0.06103515625,0.0732421875,-0.03662109375,-0.01220703125,0.08544921875,0.830078125,-0.1220703125,-0.4638671875,-0.0244140625,-0.50048828125
1,0.32958984375,-0.341796875,0.18310546875,-0.244140625,0.29296875,-0.42724609375,-0.0244140625,-0.03662109375,-0.146484375,-0.08544921875,-0.06103515625,-0.9033203125,0.10986328125,1.01318359375,0,-0.25634765625,0.03662109375,-0.89111328125,0.13427734375,-0.4150390625,-0.146484375,0.6103515625,0.341796875,-1.03759765625,-0.03662109375,-0.1708984375,0.08544921875,-0.79345703125,0.1220703125,0.9033203125,0.13427734375,0.23193359375,-0.4638671875,-0.28076171875,0.4150390625,-0.830078125,0.15869140625,-0.48828125,0.09765625,-0.74462890625,0.244140625,-0.1708984375,0.29296875,-0.6591796875,0.01220703125,-0.37841796875,0.42724609375,0.634765625,-0.06103515625,1.08642578125,-0.1708984375,0.45166015625,-0.2197265625,-0.15869140625,-0.28076171875,0.732421875,-0.20751953125,0.5859375,0.0732421875,0.42724609375,0.048828125,0.72021484375,-0.25634765625,0.15869140625,0.2197265625,0.341796875,0.01220703125,1.06201171875,-0.01220703125,0.18310546875,-0.1708984375,0.244140625,0.146484375,0.244140625,-0.1953125,0.84228515625,0,-0.01220703125,-0.03662109375,1.3427734375,-0.1220703125,-0.9765625,0.048828125,-0.341796875,-0.390625,-1.0009765625,-0.341796875,-0.7568359375,-0.146484375,-1.50146484375,0.2685546875,-0.23193359375,0.15869140625,-0.30517578125,0.45166015625,-1.18408203125,0.01220703125,-0.4150390625,-0.01220703125,-0.2197265625,-0.146484375,-0.5615234375,-0.29296875,0.341796875,-0.20751953125,-0.7568359375,-0.03662109375,-1.47705078125,-0.0244140625,-1.01318359375,-0.08544921875,0.37841796875,-0.1220703125,0.30517578125,0.048828125,-0.048828125,-0.06103515625,-0.0244140625,-0.0244140625,0.0732421875,-0.0244140625,-0.01220703125,0.06103515625,0.84228515625,-0.09765625,-0.45166015625,-0.06103515625,-0.48828125
1,0.341796875,-0.32958984375,0.1953125,-0.2197265625,0.29296875,-0.4638671875,-0.01220703125,-0.0244140625,-0.15869140625,-0.08544921875,-0.06103515625,-0.9033203125,0.08544921875,1.01318359375,0.0244140625,-0.29296875,0.048828125,-0.89111328125,0.06103515625,-0.4150390625,-0.1708984375,0.59814453125,0.244140625,-1.03759765625,-0.01220703125,-0.1708984375,0.1220703125,-0.78125,0.18310546875,0.91552734375,0.20751953125,0.2197265625,-0.2685546875,-0.28076171875,0.390625,-0.830078125,0.146484375,-0.50048828125,0.09765625,-0.74462890625,0.29296875,-0.2197265625,0.2197265625,-0.6591796875,0.0732421875,-0.390625,0.40283203125,0.634765625,0.01220703125,1.0986328125,-0.20751953125,0.45166015625,-0.25634765625,-0.15869140625,-0.2685546875,0.732421875,-0.244140625,0.57373046875,0.06103515625,0.45166015625,0.08544921875,0.69580078125,-0.1953125,0.1220703125,0.146484375,0.32958984375,-0.03662109375,1.06201171875,-0.01220703125,0.1708984375,-0.18310546875,0.23193359375,0.0732421875,0.23193359375,-0.18310546875,0.86669921875,0.0732421875,-0.03662109375,-0.03662109375,1.35498046875,-0.146484375,-0.9521484375,0.0244140625,-0.35400390625,-0.4638671875,-0.9765625,-0.244140625,-0.7568359375,-0.1953125,-1.50146484375,0.1708984375,-0.244140625,0.15869140625,-0.25634765625,0.3662109375,-1.171875,0.0732421875,-0.439453125,0.0732421875,-0.25634765625,-0.08544921875,-0.59814453125,-0.2685546875,0.08544921875,-0.2197265625,-0.732421875,0.03662109375,-1.46484375,-0.048828125,-1.01318359375,-0.15869140625,0.390625,-0.10986328125,0.29296875,0.06103515625,-0.048828125,-0.06103515625,-0.0244140625,-0.03662109375,0.08544921875,-0.0244140625,0.01220703125,0.0732421875,0.830078125,-0.08544921875,-0.45166015625,-0.0732421875,-0.48828125
1,0.341796875,-0.341796875,0.18310546875,-0.20751953125,0.30517578125,-0.45166015625,0,-0.0244140625,-0.20751953125,-0.06103515625,-0.048828125,-0.91552734375,0.08544921875,1.01318359375,0.06103515625,-0.25634765625,0.03662109375,-0.87890625,-0.0244140625,-0.42724609375,-0.18310546875,0.6103515625,0.08544921875,-1.06201171875,0.03662109375,-0.1708984375,0.08544921875,-0.79345703125,0.20751953125,0.9033203125,0.25634765625,0.20751953125,-0.1220703125,-0.29296875,0.42724609375,-0.81787109375,0.09765625,-0.48828125,0.08544921875,-0.732421875,0.29296875,-0.23193359375,0.10986328125,-0.64697265625,0.1220703125,-0.390625,0.3662109375,0.6103515625,0.0732421875,1.13525390625,-0.244140625,0.4150390625,-0.32958984375,-0.15869140625,-0.2685546875,0.74462890625,-0.2685546875,0.57373046875,0.06103515625,0.45166015625,0.09765625,0.68359375,-0.2197265625,0.09765625,0.0732421875,0.30517578125,-0.09765625,1.0498046875,-0.048828125,0.15869140625,-0.18310546875,0.2197265625,0.048828125,0.23193359375,-0.15869140625,0.87890625,0.10986328125,-0.01220703125,-0.03662109375,1.3427734375,-0.15869140625,-0.927734375,-0.0244140625,-0.35400390625,-0.50048828125,-0.9521484375,-0.08544921875,-0.76904296875,-0.20751953125,-1.52587890625,0.06103515625,-0.244140625,0.146484375,-0.2685546875,0.23193359375,-1.171875,0.0244140625,-0.37841796875,-0.0244140625,-0.2197265625,-0.20751953125,-0.57373046875,-0.40283203125,-0.06103515625,-0.146484375,-0.72021484375,0.06103515625,-1.46484375,-0.06103515625,-1.0009765625,-0.15869140625,0.4150390625,-0.09765625,0.29296875,0.08544921875,-0.06103515625,-0.06103515625,-0.0244140625,0,0.06103515625,-0.01220703125,0,0.09765625,0.830078125,-0.06103515625,-0.42724609375,-0.1220703125,-0.48828125
1,0.29296875,-0.35400390625,0.23193359375,-0.18310546875,0.3173828125,-0.42724609375,0.0244140625,0.01220703125,-0.2197265625,-0.08544921875,-0.048828125,-0.927734375,0.09765625,1.0009765625,0.08544921875,-0.25634765625,0.0244140625,-0.87890625,-0.06103515625,-0.42724609375,-0.18310546875,0.634765625,-0.1220703125,-1.07421875,0.09765625,-0.1708984375,0.0732421875,-0.78125,0.244140625,0.9033203125,0.244140625,0.2197265625,0,-0.3173828125,0.47607421875,-0.81787109375,-0.0244140625,-0.50048828125,0.09765625,-0.74462890625,0.2685546875,-0.244140625,0,-0.634765625,0.13427734375,-0.40283203125,0.29296875,0.6103515625,0.1220703125,1.13525390625,-0.28076171875,0.40283203125,-0.35400390625,-0.20751953125,-0.28076171875,0.74462890625,-0.35400390625,0.62255859375,0.01220703125,0.47607421875,0.08544921875,0.6591796875,-0.2197265625,0.06103515625,0.0732421875,0.2685546875,-0.18310546875,1.025390625,-0.048828125,0.15869140625,-0.1708984375,0.23193359375,0,0.23193359375,-0.1953125,0.86669921875,0.146484375,0,-0.03662109375,1.33056640625,-0.15869140625,-0.93994140625,-0.0732421875,-0.341796875,-0.42724609375,-0.9521484375,0.06103515625,-0.74462890625,-0.20751953125,-1.52587890625,0.01220703125,-0.25634765625,0.1708984375,-0.2197265625,0.0732421875,-1.15966796875,0.01220703125,-0.2197265625,-0.08544921875,-0.0732421875,-0.28076171875,-0.4638671875,-0.390625,-0.03662109375,-0.06103515625,-0.72021484375,0.0732421875,-1.45263671875,-0.09765625,-0.98876953125,-0.146484375,0.42724609375,-0.08544921875,0.28076171875,0.13427734375,-0.048828125,-0.0732421875,-0.0244140625,-0.0244140625,0.03662109375,-0.03662109375,-0.0244140625,0.048828125,0.84228515625,-0.06103515625,-0.4150390625,-0.146484375,-0.48828125
0,0.2685546875,-0.390625,0.2197265625,-0.18310546875,0.32958984375,-0.4150390625,0.01220703125,0.0244140625,-0.2197265625,-0.09765625,-0.06103515625,-0.927734375,0.0732421875,1.0009765625,0.08544921875,-0.244140625,-0.06103515625,-0.87890625,-0.08544921875,-0.42724609375,-0.1708984375,0.64697265625,-0.3662109375,-1.0498046875,0.146484375,-0.1708984375,0.03662109375,-0.78125,0.244140625,0.91552734375,0.18310546875,0.2197265625,0.0244140625,-0.341796875,0.54931640625,-0.8056640625,-0.146484375,-0.50048828125,0.048828125,-0.7568359375,0.20751953125,-0.244140625,-0.0732421875,-0.634765625,0.15869140625,-0.390625,0.25634765625,0.59814453125,0.13427734375,1.1474609375,-0.30517578125,0.439453125,-0.40283203125,-0.20751953125,-0.25634765625,0.7568359375,-0.3662109375,0.6591796875,0,0.4638671875,0.1708984375,0.67138671875,-0.20751953125,0.048828125,0.01220703125,0.23193359375,-0.23193359375,1.01318359375,-0.0732421875,0.15869140625,-0.146484375,0.2197265625,-0.06103515625,0.25634765625,-0.1708984375,0.87890625,0.146484375,0,-0.0244140625,1.3427734375,-0.10986328125,-0.927734375,-0.08544921875,-0.35400390625,-0.28076171875,-0.96435546875,0.10986328125,-0.79345703125,-0.18310546875,-1.5380859375,-0.03662109375,-0.28076171875,0.1708984375,-0.25634765625,-0.0732421875,-1.18408203125,0,0.03662109375,-0.09765625,0.146484375,-0.30517578125,-0.3173828125,-0.3662109375,0.146484375,0.048828125,-0.732421875,0.048828125,-1.45263671875,-0.08544921875,-1.0009765625,-0.10986328125,0.439453125,-0.10986328125,0.2685546875,0.15869140625,-0.048828125,-0.08544921875,-0.048828125,-0.0244140625,0.0244140625,-0.0244140625,-0.0244140625,0.06103515625,0.81787109375,-0.048828125,-0.45166015625,-0.15869140625,-0.47607421875
0,0.23193359375,-0.4150390625,0.25634765625,-0.1953125,0.3173828125,-0.37841796875,0.0244140625,0.01220703125,-0.2197265625,-0.09765625,-0.0732421875,-0.927734375,0.0732421875,1.01318359375,0.09765625,-0.2197265625,-0.1220703125,-0.87890625,-0.06103515625,-0.45166015625,-0.1953125,0.64697265625,-0.47607421875,-1.06201171875,0.15869140625,-0.1708984375,0.03662109375,-0.79345703125,0.2197265625,0.89111328125,0.13427734375,0.2197265625,-0.048828125,-0.3662109375,0.6103515625,-0.830078125,-0.2197265625,-0.50048828125,0.03662109375,-0.74462890625,0.08544921875,-0.23193359375,-0.146484375,-0.6103515625,0.13427734375,-0.390625,0.18310546875,0.6103515625,0.1220703125,1.1474609375,-0.32958984375,0.42724609375,-0.390625,-0.1953125,-0.2685546875,0.7568359375,-0.3662109375,0.72021484375,-0.03662109375,0.4638671875,0.30517578125,0.7080078125,-0.146484375,0.0732421875,-0.03662109375,0.1953125,-0.2197265625,1.01318359375,-0.1220703125,0.1708984375,-0.13427734375,0.2197265625,-0.1220703125,0.25634765625,-0.15869140625,0.89111328125,0.15869140625,0,0,1.33056640625,-0.06103515625,-0.93994140625,-0.10986328125,-0.341796875,-0.08544921875,-0.9765625,0.10986328125,-0.76904296875,-0.20751953125,-1.5380859375,-0.0732421875,-0.30517578125,0.15869140625,-0.25634765625,-0.146484375,-1.18408203125,0,0.29296875,-0.13427734375,0.4150390625,-0.29296875,-0.13427734375,-0.30517578125,0.47607421875,0.15869140625,-0.72021484375,0.06103515625,-1.45263671875,-0.146484375,-1.01318359375,-0.048828125,0.4638671875,-0.1220703125,0.25634765625,0.1708984375,-0.03662109375,-0.06103515625,-0.06103515625,-0.01220703125,0.01220703125,-0.01220703125,0,0.0244140625,0.830078125,-0.048828125,-0.45166015625,-0.15869140625,-0.50048828125
0,0.20751953125,-0.45166015625,0.2685546875,-0.2197265625,0.32958984375,-0.35400390625,0.03662109375,0.0244140625,-0.2197265625,-0.09765625,-0.0732421875,-0.9033203125,0.03662109375,1.0009765625,0.09765625,-0.25634765625,-0.18310546875,-0.89111328125,-0.03662109375,-0.45166015625,-0.2685546875,0.634765625,-0.50048828125,-1.0498046875,0.09765625,-0.1708984375,0.01220703125,-0.79345703125,0.18310546875,0.87890625,0.03662109375,0.20751953125,-0.1953125,-0.3662109375,0.64697265625,-0.84228515625,-0.28076171875,-0.48828125,0,-0.76904296875,-0.0244140625,-0.23193359375,-0.13427734375,-0.62255859375,0.0732421875,-0.3662109375,0.15869140625,0.62255859375,0.09765625,1.1474609375,-0.35400390625,0.45166015625,-0.341796875,-0.1953125,-0.28076171875,0.76904296875,-0.37841796875,0.79345703125,-0.01220703125,0.4638671875,0.28076171875,0.7568359375,-0.10986328125,0.08544921875,-0.06103515625,0.1953125,-0.244140625,1.03759765625,-0.146484375,0.1708984375,-0.08544921875,0.20751953125,-0.20751953125,0.25634765625,-0.15869140625,0.89111328125,0.1708984375,-0.01220703125,0.03662109375,1.3427734375,-0.0244140625,-0.9765625,-0.09765625,-0.32958984375,0.0732421875,-1.0009765625,0.06103515625,-0.79345703125,-0.25634765625,-1.52587890625,-0.048828125,-0.29296875,0.09765625,-0.30517578125,-0.15869140625,-1.20849609375,0.01220703125,0.54931640625,-0.13427734375,0.7080078125,-0.244140625,0.0244140625,-0.23193359375,0.8544921875,0.18310546875,-0.7080078125,0.0732421875,-1.42822265625,-0.1708984375,-1.01318359375,-0.048828125,0.45166015625,-0.1220703125,0.2685546875,0.18310546875,-0.06103515625,-0.06103515625,-0.09765625,0.01220703125,0,-0.03662109375,-0.0244140625,-0.01220703125,0.830078125,-0.08544921875,-0.47607421875,-0.146484375,-0.50048828125
0,0.2197265625,-0.45166015625,0.25634765625,-0.28076171875,0.32958984375,-0.32958984375,0.03662109375,0.01220703125,-0.2197265625,-0.13427734375,-0.0732421875,-0.927734375,0.03662109375,1.025390625,0.13427734375,-0.2685546875,-0.28076171875,-0.91552734375,0.06103515625,-0.439453125,-0.3173828125,0.62255859375,-0.40283203125,-1.03759765625,0,-0.15869140625,0.03662109375,-0.78125,0.13427734375,0.89111328125,-0.10986328125,0.2197265625,-0.32958984375,-0.35400390625,0.6591796875,-0.830078125,-0.29296875,-0.47607421875,-0.06103515625,-0.74462890625,-0.09765625,-0.2197265625,-0.10986328125,-0.634765625,0,-0.3662109375,0.18310546875,0.62255859375,0.0732421875,1.1474609375,-0.4150390625,0.47607421875,-0.2685546875,-0.1708984375,-0.32958984375,0.79345703125,-0.3662109375,0.89111328125,-0.01220703125,0.4638671875,0.3173828125,0.830078125,-0.0732421875,0.09765625,-0.08544921875,0.2197265625,-0.2197265625,1.03759765625,-0.13427734375,0.1708984375,-0.09765625,0.2197265625,-0.29296875,0.28076171875,-0.10986328125,0.87890625,0.1708984375,-0.01220703125,0.09765625,1.33056640625,-0.01220703125,-0.98876953125,-0.06103515625,-0.32958984375,0.23193359375,-1.01318359375,-0.0244140625,-0.76904296875,-0.30517578125,-1.55029296875,-0.048828125,-0.30517578125,0.0244140625,-0.32958984375,-0.09765625,-1.220703125,0.03662109375,0.7080078125,-0.10986328125,0.9033203125,-0.18310546875,0.13427734375,-0.15869140625,1.20849609375,0.1953125,-0.7080078125,0.08544921875,-1.42822265625,-0.1953125,-1.03759765625,-0.0732421875,0.439453125,-0.10986328125,0.28076171875,0.18310546875,-0.048828125,-0.06103515625,-0.13427734375,0.01220703125,0.01220703125,-0.01220703125,-0.03662109375,-0.0244140625,0.79345703125,-0.09765625,-0.5126953125,-0.13427734375,-0.47607421875
0,0.15869140625,-0.42724609375,0.2685546875,-0.3173828125,0.3173828125,-0.35400390625,0.048828125,0,-0.2197265625,-0.1220703125,-0.08544921875,-0.91552734375,0.0244140625,1.01318359375,0.13427734375,-0.28076171875,-0.30517578125,-0.9033203125,0.15869140625,-0.45166015625,-0.35400390625,0.6103515625,-0.2197265625,-1.0498046875,-0.146484375,-0.15869140625,0.048828125,-0.8056640625,0.03662109375,0.89111328125,-0.23193359375,0.2197265625,-0.42724609375,-0.32958984375,0.68359375,-0.8544921875,-0.3173828125,-0.4638671875,-0.08544921875,-0.7568359375,-0.13427734375,-0.2197265625,-0.0732421875,-0.62255859375,-0.10986328125,-0.3662109375,0.146484375,0.634765625,0.06103515625,1.123046875,-0.47607421875,0.50048828125,-0.1953125,-0.13427734375,-0.35400390625,0.76904296875,-0.30517578125,0.98876953125,0,0.439453125,0.23193359375,0.9033203125,0.0244140625,0.1220703125,-0.10986328125,0.23193359375,-0.23193359375,1.0498046875,-0.146484375,0.1953125,-0.08544921875,0.2197265625,-0.32958984375,0.29296875,-0.1220703125,0.87890625,0.1708984375,-0.01220703125,0.1220703125,1.3427734375,0,-0.98876953125,-0.01220703125,-0.30517578125,0.2685546875,-1.03759765625,-0.03662109375,-0.78125,-0.341796875,-1.5380859375,-0.01220703125,-0.2685546875,-0.01220703125,-0.341796875,0.03662109375,-1.2451171875,0.03662109375,0.7568359375,-0.08544921875,1.0009765625,-0.1220703125,0.18310546875,-0.1220703125,1.40380859375,0.09765625,-0.7080078125,0.08544921875,-1.42822265625,-0.18310546875,-1.03759765625,-0.048828125,0.40283203125,-0.09765625,0.29296875,0.15869140625,-0.03662109375,-0.0732421875,-0.15869140625,0.048828125,0.03662109375,-0.03662109375,-0.0244140625,-0.048828125,0.76904296875,-0.13427734375,-0.537109375,-0.1220703125,-0.50048828125
0,0.146484375,-0.390625,0.29296875,-0.341796875,0.3173828125,-0.3662109375,0.06103515625,-0.03662109375,-0.2197265625,-0.10986328125,-0.1220703125,-0.91552734375,0,1.025390625,0.10986328125,-0.29296875,-0.28076171875,-0.9033203125,0.23193359375,-0.439453125,-0.341796875,0.59814453125,-0.03662109375,-1.0498046875,-0.28076171875,-0.15869140625,0.0244140625,-0.8056640625,-0.08544921875,0.87890625,-0.35400390625,0.23193359375,-0.5126953125,-0.3173828125,0.634765625,-0.87890625,-0.3173828125,-0.47607421875,-0.1220703125,-0.7568359375,-0.1220703125,-0.1953125,-0.03662109375,-0.634765625,-0.23193359375,-0.37841796875,0.1708984375,0.64697265625,0.03662109375,1.123046875,-0.537109375,0.48828125,-0.146484375,-0.13427734375,-0.35400390625,0.7568359375,-0.28076171875,1.08642578125,-0.03662109375,0.4150390625,0.244140625,0.93994140625,0.1220703125,0.13427734375,-0.15869140625,0.2685546875,-0.23193359375,1.06201171875,-0.13427734375,0.2197265625,-0.0732421875,0.23193359375,-0.35400390625,0.30517578125,-0.10986328125,0.8544921875,0.13427734375,-0.0244140625,0.20751953125,1.35498046875,0.0244140625,-0.98876953125,0.06103515625,-0.30517578125,0.20751953125,-1.03759765625,-0.048828125,-0.76904296875,-0.32958984375,-1.513671875,0,-0.28076171875,-0.03662109375,-0.35400390625,0.146484375,-1.26953125,0.03662109375,0.69580078125,-0.03662109375,1.0009765625,-0.03662109375,0.146484375,-0.08544921875,1.47705078125,-0.0244140625,-0.7080078125,0.03662109375,-1.42822265625,-0.10986328125,-1.03759765625,-0.048828125,0.390625,-0.10986328125,0.30517578125,0.15869140625,-0.06103515625,-0.08544921875,-0.146484375,0.03662109375,0.0732421875,-0.03662109375,-0.0244140625,-0.0732421875,0.78125,-0.146484375,-0.537109375,-0.10986328125,-0.48828125
0,0.08544921875,-0.35400390625,0.28076171875,-0.35400390625,0.3173828125,-0.390625,0.048828125,-0.0244140625,-0.244140625,-0.0732421875,-0.13427734375,-0.91552734375,-0.03662109375,1.025390625,0.10986328125,-0.28076171875,-0.244140625,-0.91552734375,0.28076171875,-0.439453125,-0.2685546875,0.59814453125,0.10986328125,-1.025390625,-0.3662109375,-0.15869140625,-0.03662109375,-0.8056640625,-0.18310546875,0.87890625,-0.3662109375,0.23193359375,-0.537109375,-0.3173828125,0.57373046875,-0.89111328125,-0.2685546875,-0.47607421875,-0.09765625,-0.76904296875,-0.08544921875,-0.1953125,-0.01220703125,-0.6591796875,-0.3173828125,-0.35400390625,0.13427734375,0.6591796875,0.06103515625,1.0986328125,-0.5615234375,0.48828125,-0.0732421875,-0.10986328125,-0.35400390625,0.7568359375,-0.23193359375,1.15966796875,-0.0732421875,0.42724609375,0.28076171875,0.9521484375,0.09765625,0.15869140625,-0.20751953125,0.2685546875,-0.20751953125,1.07421875,-0.1220703125,0.23193359375,-0.1220703125,0.2197265625,-0.390625,0.30517578125,-0.048828125,0.8544921875,0.10986328125,0,0.25634765625,1.3671875,0.048828125,-0.98876953125,0.09765625,-0.29296875,0.09765625,-1.03759765625,-0.0244140625,-0.78125,-0.28076171875,-1.513671875,0.03662109375,-0.2685546875,0.03662109375,-0.3662109375,0.244140625,-1.28173828125,0.03662109375,0.537109375,0.0732421875,0.8544921875,0.0732421875,0.06103515625,-0.03662109375,1.318359375,-0.146484375,-0.7080078125,-0.01220703125,-1.4404296875,-0.048828125,-1.025390625,-0.06103515625,0.390625,-0.08544921875,0.29296875,0.18310546875,-0.06103515625,-0.06103515625,-0.1220703125,0.06103515625,0.0732421875,-0.06103515625,-0.0244140625,-0.06103515625,0.76904296875,-0.1708984375,-0.52490234375,-0.08544921875,-0.48828125
0,0.09765625,-0.30517578125,0.2685546875,-0.341796875,0.30517578125,-0.40283203125,0.06103515625,-0.01220703125,-0.2685546875,-0.0732421875,-0.13427734375,-0.91552734375,-0.048828125,1.01318359375,0.09765625,-0.28076171875,-0.146484375,-0.91552734375,0.25634765625,-0.439453125,-0.15869140625,0.62255859375,0.1708984375,-1.025390625,-0.37841796875,-0.15869140625,-0.10986328125,-0.81787109375,-0.28076171875,0.86669921875,-0.30517578125,0.244140625,-0.48828125,-0.28076171875,0.4638671875,-0.89111328125,-0.2197265625,-0.47607421875,-0.08544921875,-0.7568359375,-0.03662109375,-0.18310546875,-0.01220703125,-0.64697265625,-0.35400390625,-0.3662109375,0.1220703125,0.67138671875,0.0732421875,1.123046875,-0.52490234375,0.4638671875,-0.01220703125,-0.10986328125,-0.32958984375,0.74462890625,-0.15869140625,1.2451171875,-0.09765625,0.42724609375,0.3173828125,0.96435546875,0.08544921875,0.1708984375,-0.1953125,0.28076171875,-0.1708984375,1.0498046875,-0.08544921875,0.244140625,-0.18310546875,0.244140625,-0.35400390625,0.29296875,-0.06103515625,0.8544921875,0.1220703125,0.01220703125,0.244140625,1.35498046875,0.09765625,-0.9765625,0.13427734375,-0.3173828125,-0.10986328125,-1.0498046875,0.048828125,-0.76904296875,-0.20751953125,-1.50146484375,0.08544921875,-0.25634765625,0.10986328125,-0.35400390625,0.28076171875,-1.26953125,-0.048828125,0.3173828125,0.15869140625,0.6591796875,0.08544921875,-0.10986328125,-0.03662109375,1.03759765625,-0.2685546875,-0.732421875,-0.06103515625,-1.46484375,0.01220703125,-1.025390625,-0.08544921875,0.37841796875,-0.09765625,0.28076171875,0.1708984375,-0.0732421875,-0.08544921875,-0.09765625,0.08544921875,0.09765625,-0.0732421875,-0.03662109375,-0.06103515625,0.79345703125,-0.1708984375,-0.52490234375,-0.0732421875,-0.50048828125
0,0.0732421875,-0.28076171875,0.244140625,-0.3173828125,0.2685546875,-0.42724609375,0.06103515625,0,-0.28076171875,-0.06103515625,-0.13427734375,-0.91552734375,-0.0732421875,1.0009765625,0.10986328125,-0.25634765625,-0.048828125,-0.89111328125,0.23193359375,-0.4150390625,-0.048828125,0.6103515625,0.13427734375,-1.03759765625,-0.3662109375,-0.15869140625,-0.18310546875,-0.81787109375,-0.35400390625,0.86669921875,-0.244140625,0.2685546875,-0.439453125,-0.28076171875,0.4150390625,-0.9033203125,-0.15869140625,-0.50048828125,-0.01220703125,-0.76904296875,0.03662109375,-0.20751953125,0.01220703125,-0.64697265625,-0.40283203125,-0.3662109375,0.13427734375,0.64697265625,0.1220703125,1.13525390625,-0.52490234375,0.439453125,0.06103515625,-0.09765625,-0.32958984375,0.74462890625,-0.146484375,1.26953125,-0.1220703125,0.4150390625,0.3662109375,0.927734375,0.10986328125,0.18310546875,-0.1953125,0.30517578125,-0.13427734375,1.0498046875,-0.0244140625,0.244140625,-0.244140625,0.244140625,-0.32958984375,0.28076171875,-0.01220703125,0.830078125,0.10986328125,0,0.2197265625,1.3427734375,0.08544921875,-0.96435546875,0.146484375,-0.3173828125,-0.29296875,-1.025390625,0.1220703125,-0.78125,-0.18310546875,-1.4892578125,0.06103515625,-0.244140625,0.2197265625,-0.32958984375,0.25634765625,-1.28173828125,-0.03662109375,0.0732421875,0.23193359375,0.40283203125,0.0732421875,-0.25634765625,-0.06103515625,0.68359375,-0.30517578125,-0.74462890625,-0.13427734375,-1.45263671875,0.01220703125,-1.025390625,-0.146484375,0.37841796875,-0.09765625,0.2685546875,0.15869140625,-0.0732421875,-0.08544921875,-0.10986328125,0.0732421875,0.10986328125,-0.08544921875,-0.01220703125,-0.08544921875,0.79345703125,-0.146484375,-0.5126953125,-0.0732421875,-0.5126953125
0,0.0244140625,-0.25634765625,0.244140625,-0.2685546875,0.25634765625,-0.439453125,0.0732421875,0,-0.28076171875,-0.0732421875,-0.146484375,-0.927734375,-0.048828125,1.0009765625,0.10986328125,-0.2685546875,0.06103515625,-0.9033203125,0.1953125,-0.4150390625,0.0732421875,0.62255859375,0.08544921875,-1.03759765625,-0.30517578125,-0.146484375,-0.2197265625,-0.8056640625,-0.32958984375,0.87890625,-0.15869140625,0.2685546875,-0.390625,-0.28076171875,0.37841796875,-0.9033203125,-0.13427734375,-0.5126953125,0.0732421875,-0.7568359375,0.146484375,-0.2197265625,0,-0.6591796875,-0.35400390625,-0.37841796875,0.13427734375,0.634765625,0.13427734375,1.13525390625,-0.5126953125,0.42724609375,0.1220703125,-0.1220703125,-0.29296875,0.732421875,-0.15869140625,1.2939453125,-0.15869140625,0.439453125,0.28076171875,0.87890625,0.1220703125,0.18310546875,-0.18310546875,0.28076171875,-0.0732421875,1.03759765625,0.0244140625,0.2197265625,-0.28076171875,0.244140625,-0.30517578125,0.244140625,0.0244140625,0.8544921875,0.13427734375,0.03662109375,0.244140625,1.3427734375,0.0732421875,-0.927734375,0.13427734375,-0.341796875,-0.45166015625,-1.0009765625,0.1708984375,-0.78125,-0.146484375,-1.46484375,0.03662109375,-0.23193359375,0.30517578125,-0.30517578125,0.2197265625,-1.25732421875,0.0244140625,-0.10986328125,0.341796875,0.146484375,0.048828125,-0.390625,-0.0732421875,0.32958984375,-0.28076171875,-0.74462890625,-0.1708984375,-1.46484375,0,-1.025390625,-0.18310546875,0.390625,-0.08544921875,0.2685546875,0.1220703125,-0.06103515625,-0.06103515625,-0.09765625,0.09765625,0.09765625,-0.0732421875,0.01220703125,-0.0732421875,0.79345703125,-0.1220703125,-0.5126953125,-0.06103515625,-0.50048828125
0,0.01220703125,-0.244140625,0.25634765625,-0.244140625,0.2197265625,-0.45166015625,0.08544921875,0.0244140625,-0.28076171875,-0.08544921875,-0.1708984375,-0.927734375,-0.06103515625,0.96435546875,0.10986328125,-0.2685546875,0.13427734375,-0.87890625,0.15869140625,-0.4150390625,0.1708984375,0.59814453125,-0.01220703125,-1.03759765625,-0.25634765625,-0.1708984375,-0.28076171875,-0.8056640625,-0.28076171875,0.89111328125,-0.09765625,0.25634765625,-0.35400390625,-0.30517578125,0.4150390625,-0.87890625,-0.13427734375,-0.52490234375,0.15869140625,-0.7568359375,0.28076171875,-0.20751953125,-0.01220703125,-0.64697265625,-0.29296875,-0.3662109375,0.146484375,0.62255859375,0.146484375,1.171875,-0.45166015625,0.390625,0.1708984375,-0.1220703125,-0.2685546875,0.732421875,-0.15869140625,1.2939453125,-0.1953125,0.4638671875,0.29296875,0.84228515625,0.15869140625,0.1953125,-0.13427734375,0.28076171875,-0.0244140625,1.025390625,0.0732421875,0.23193359375,-0.2685546875,0.244140625,-0.28076171875,0.25634765625,0.06103515625,0.84228515625,0.1220703125,0.03662109375,0.18310546875,1.33056640625,0.0732421875,-0.93994140625,0.08544921875,-0.3173828125,-0.52490234375,-1.0009765625,0.13427734375,-0.76904296875,-0.13427734375,-1.45263671875,0.01220703125,-0.23193359375,0.35400390625,-0.30517578125,0.18310546875,-1.26953125,0.08544921875,-0.2197265625,0.35400390625,-0.048828125,-0.08544921875,-0.4638671875,-0.0244140625,0.06103515625,-0.244140625,-0.7568359375,-0.20751953125,-1.46484375,-0.048828125,-1.01318359375,-0.20751953125,0.390625,-0.08544921875,0.244140625,0.1220703125,-0.0732421875,-0.0732421875,-0.0732421875,0.08544921875,0.08544921875,-0.08544921875,0.0244140625,-0.0732421875,0.81787109375,-0.09765625,-0.50048828125,-0.048828125,-0.48828125
0,0,-0.244140625,0.30517578125,-0.23193359375,0.25634765625,-0.45166015625,0.08544921875,0.01220703125,-0.29296875,-0.10986328125,-0.18310546875,-0.9521484375,-0.0732421875,0.96435546875,0.13427734375,-0.28076171875,0.146484375,-0.9033203125,0.1220703125,-0.4150390625,0.1708984375,0.62255859375,-0.0732421875,-1.0498046875,-0.1953125,-0.1953125,-0.25634765625,-0.79345703125,-0.18310546875,0.9033203125,-0.03662109375,0.2685546875,-0.35400390625,-0.30517578125,0.50048828125,-0.86669921875,-0.1220703125,-0.50048828125,0.25634765625,-0.7568359375,0.37841796875,-0.2197265625,-0.06103515625,-0.64697265625,-0.2197265625,-0.390625,0.1220703125,0.62255859375,0.15869140625,1.171875,-0.4150390625,0.40283203125,0.20751953125,-0.146484375,-0.2197265625,0.732421875,-0.1708984375,1.26953125,-0.2685546875,0.48828125,0.20751953125,0.8056640625,0.09765625,0.2197265625,-0.06103515625,0.29296875,0.01220703125,1.025390625,0.08544921875,0.20751953125,-0.23193359375,0.23193359375,-0.28076171875,0.2685546875,0.0732421875,0.79345703125,0.13427734375,0.03662109375,0.146484375,1.318359375,0.06103515625,-0.927734375,0.06103515625,-0.32958984375,-0.45166015625,-0.98876953125,0.0244140625,-0.76904296875,-0.09765625,-1.4404296875,-0.01220703125,-0.23193359375,0.390625,-0.30517578125,0.15869140625,-1.25732421875,0.146484375,-0.2685546875,0.244140625,-0.146484375,-0.244140625,-0.48828125,-0.10986328125,-0.09765625,-0.15869140625,-0.74462890625,-0.1953125,-1.46484375,-0.0732421875,-1.01318359375,-0.15869140625,0.4150390625,-0.06103515625,0.25634765625,0.1220703125,-0.08544921875,-0.08544921875,-0.08544921875,0.06103515625,0.0732421875,-0.10986328125,0.0244140625,-0.08544921875,0.79345703125,-0.0732421875,-0.47607421875,-0.0244140625,-0.48828125
0,-0.06103515625,-0.23193359375,0.28076171875,-0.2197265625,0.23193359375,-0.439453125,0.08544921875,0.01220703125,-0.2685546875,-0.13427734375,-0.1953125,-0.93994140625,-0.0732421875,0.9765625,0.146484375,-0.28076171875,0.1220703125,-0.89111328125,0.13427734375,-0.42724609375,0.1708984375,0.62255859375,-0.10986328125,-1.0498046875,-0.10986328125,-0.1953125,-0.1953125,-0.79345703125,-0.048828125,0.91552734375,-0.0732421875,0.23193359375,-0.341796875,-0.341796875,0.59814453125,-0.8544921875,-0.146484375,-0.5126953125,0.35400390625,-0.7568359375,0.45166015625,-0.244140625,-0.0732421875,-0.634765625,-0.1220703125,-0.40283203125,0.10986328125,0.62255859375,0.146484375,1.15966796875,-0.29296875,0.42724609375,0.18310546875,-0.146484375,-0.1953125,0.732421875,-0.2197265625,1.220703125,-0.25634765625,0.48828125,0.09765625,0.81787109375,0.01220703125,0.244140625,0.0244140625,0.28076171875,0.08544921875,1.025390625,0.06103515625,0.1953125,-0.1953125,0.23193359375,-0.25634765625,0.244140625,0.0732421875,0.81787109375,0.146484375,0.03662109375,0.09765625,1.318359375,0.048828125,-0.93994140625,0.01220703125,-0.32958984375,-0.341796875,-0.98876953125,-0.09765625,-0.7568359375,-0.048828125,-1.45263671875,-0.0732421875,-0.2197265625,0.35400390625,-0.29296875,0.146484375,-1.25732421875,0.28076171875,-0.25634765625,0.29296875,-0.1953125,-0.28076171875,-0.50048828125,-0.08544921875,-0.10986328125,-0.08544921875,-0.7568359375,-0.1708984375,-1.4892578125,-0.06103515625,-1.025390625,-0.1220703125,0.439453125,-0.08544921875,0.244140625,0.13427734375,-0.0732421875,-0.0732421875,-0.09765625,0.01220703125,0.048828125,-0.1220703125,0.01220703125,-0.08544921875,0.74462890625,-0.09765625,-0.4638671875,-0.0244140625,-0.52490234375
0,-0.08544921875,-0.23193359375,0.2685546875,-0.2197265625,0.23193359375,-0.40283203125,0.08544921875,0.01220703125,-0.244140625,-0.13427734375,-0.20751953125,-0.93994140625,-0.1220703125,0.98876953125,0.15869140625,-0.2685546875,0.08544921875,-0.87890625,0.1220703125,-0.439453125,0.06103515625,0.634765625,-0.1708984375,-1.0498046875,-0.0732421875,-0.18310546875,-0.1220703125,-0.79345703125,0.0244140625,0.9033203125,-0.0732421875,0.244140625,-0.37841796875,-0.35400390625,0.69580078125,-0.81787109375,-0.146484375,-0.50048828125,0.390625,-0.7568359375,0.47607421875,-0.2197265625,-0.06103515625,-0.634765625,-0.048828125,-0.40283203125,0.09765625,0.59814453125,0.09765625,1.13525390625,-0.23193359375,0.439453125,0.146484375,-0.146484375,-0.13427734375,0.7568359375,-0.23193359375,1.171875,-0.25634765625,0.50048828125,0,0.87890625,-0.0244140625,0.2685546875,0.1220703125,0.29296875,0.1220703125,1.03759765625,0.06103515625,0.18310546875,-0.10986328125,0.20751953125,-0.1953125,0.2685546875,0.08544921875,0.81787109375,0.13427734375,0.03662109375,0.06103515625,1.318359375,0.06103515625,-0.9521484375,-0.048828125,-0.341796875,-0.146484375,-0.98876953125,-0.2197265625,-0.7568359375,-0.048828125,-1.47705078125,-0.08544921875,-0.20751953125,0.244140625,-0.29296875,0.15869140625,-1.220703125,0.28076171875,-0.1953125,0.30517578125,-0.1708984375,-0.28076171875,-0.4638671875,-0.048828125,0.01220703125,-0.03662109375,-0.732421875,-0.13427734375,-1.45263671875,-0.0732421875,-1.03759765625,-0.0732421875,0.42724609375,-0.06103515625,0.23193359375,0.13427734375,-0.048828125,-0.06103515625,-0.13427734375,-0.01220703125,0.03662109375,-0.13427734375,-0.01220703125,-0.0732421875,0.732421875,-0.09765625,-0.48828125,0,-0.5126953125
1,-0.10986328125,-0.244140625,0.244140625,-0.244140625,0.2197265625,-0.390625,0.06103515625,0,-0.23193359375,-0.13427734375,-0.2197265625,-0.93994140625,-0.15869140625,0.9765625,0.244140625,-0.2685546875,-0.0244140625,-0.9033203125,0.10986328125,-0.45166015625,-0.06103515625,0.634765625,-0.1708984375,-1.0498046875,-0.08544921875,-0.1708984375,0.0244140625,-0.78125,0.10986328125,0.91552734375,-0.0732421875,0.2197265625,-0.3662109375,-0.35400390625,0.78125,-0.81787109375,-0.18310546875,-0.50048828125,0.37841796875,-0.7568359375,0.40283203125,-0.23193359375,-0.03662109375,-0.6591796875,-0.03662109375,-0.40283203125,0.1220703125,0.634765625,0.06103515625,1.1474609375,-0.15869140625,0.47607421875,0.13427734375,-0.15869140625,-0.1220703125,0.7568359375,-0.244140625,1.13525390625,-0.20751953125,0.47607421875,-0.0732421875,0.93994140625,-0.03662109375,0.29296875,0.13427734375,0.29296875,0.20751953125,1.0498046875,0.08544921875,0.1708984375,-0.048828125,0.23193359375,-0.09765625,0.28076171875,0.10986328125,0.79345703125,0.1220703125,0.03662109375,0.03662109375,1.318359375,0.0732421875,-0.93994140625,-0.08544921875,-0.341796875,0.0244140625,-0.98876953125,-0.29296875,-0.76904296875,-0.08544921875,-1.4892578125,-0.1220703125,-0.23193359375,0.1220703125,-0.30517578125,0.15869140625,-1.1962890625,0.23193359375,-0.09765625,0.2197265625,-0.13427734375,-0.28076171875,-0.390625,-0.2197265625,0.1953125,-0.0732421875,-0.72021484375,-0.03662109375,-1.45263671875,-0.0732421875,-1.03759765625,-0.13427734375,0.439453125,-0.0732421875,0.25634765625,0.1220703125,-0.048828125,-0.06103515625,-0.15869140625,-0.0732421875,0.048828125,-0.146484375,-0.03662109375,-0.0732421875,0.7080078125,-0.10986328125,-0.50048828125,0,-0.52490234375
1,-0.13427734375,-0.2685546875,0.244140625,-0.244140625,0.1953125,-0.390625,0.06103515625,0.03662109375,-0.23193359375,-0.13427734375,-0.23193359375,-0.93994140625,-0.1953125,0.9765625,0.2685546875,-0.244140625,-0.1220703125,-0.89111328125,0.09765625,-0.42724609375,-0.2197265625,0.64697265625,-0.1953125,-1.0498046875,-0.08544921875,-0.18310546875,0.13427734375,-0.78125,0.146484375,0.9033203125,-0.0732421875,0.2197265625,-0.29296875,-0.35400390625,0.79345703125,-0.8056640625,-0.18310546875,-0.5126953125,0.32958984375,-0.74462890625,0.29296875,-0.23193359375,0,-0.64697265625,0.01220703125,-0.3662109375,0.10986328125,0.64697265625,0.0732421875,1.123046875,-0.1220703125,0.50048828125,0.146484375,-0.146484375,-0.15869140625,0.76904296875,-0.2685546875,1.06201171875,-0.15869140625,0.45166015625,-0.25634765625,1.03759765625,-0.01220703125,0.30517578125,0.15869140625,0.30517578125,0.28076171875,1.06201171875,0.1220703125,0.18310546875,0,0.20751953125,-0.048828125,0.29296875,0.08544921875,0.830078125,0.09765625,0.03662109375,0.01220703125,1.35498046875,0.0732421875,-0.96435546875,-0.10986328125,-0.3173828125,0.10986328125,-1.01318359375,-0.3173828125,-0.732421875,-0.146484375,-1.513671875,-0.146484375,-0.20751953125,-0.03662109375,-0.2685546875,0.1220703125,-1.1962890625,0.1708984375,-0.08544921875,0.29296875,-0.0732421875,-0.15869140625,-0.3662109375,-0.2197265625,0.390625,-0.10986328125,-0.72021484375,0.09765625,-1.45263671875,-0.09765625,-1.03759765625,-0.18310546875,0.42724609375,-0.0732421875,0.25634765625,0.0732421875,-0.03662109375,-0.0732421875,-0.146484375,-0.08544921875,0.048828125,-0.15869140625,-0.06103515625,-0.06103515625,0.7080078125,-0.1220703125,-0.5126953125,0,-0.537109375
1,-0.146484375,-0.29296875,0.244140625,-0.2685546875,0.18310546875,-0.37841796875,0.09765625,0.03662109375,-0.2197265625,-0.146484375,-0.2197265625,-0.9521484375,-0.20751953125,0.98876953125,0.2685546875,-0.25634765625,-0.20751953125,-0.89111328125,0.08544921875,-0.439453125,-0.341796875,0.64697265625,-0.1708984375,-1.06201171875,-0.1220703125,-0.1708984375,0.1953125,-0.78125,0.1220703125,0.89111328125,-0.03662109375,0.23193359375,-0.1953125,-0.37841796875,0.81787109375,-0.79345703125,-0.23193359375,-0.50048828125,0.2685546875,-0.74462890625,0.10986328125,-0.1953125,0.01220703125,-0.6591796875,-0.0244140625,-0.3662109375,0.09765625,0.634765625,0.1220703125,1.11083984375,-0.15869140625,0.47607421875,0.13427734375,-0.15869140625,-0.1953125,0.7568359375,-0.25634765625,1.0009765625,-0.06103515625,0.45166015625,-0.390625,1.11083984375,0.06103515625,0.3173828125,0.1953125,0.29296875,0.3173828125,1.07421875,0.10986328125,0.18310546875,0.048828125,0.23193359375,0.01220703125,0.30517578125,0.0732421875,0.8056640625,0.048828125,0.01220703125,0.03662109375,1.3427734375,0.048828125,-0.9521484375,-0.1220703125,-0.32958984375,0.13427734375,-1.01318359375,-0.244140625,-0.7568359375,-0.23193359375,-1.513671875,-0.20751953125,-0.244140625,-0.13427734375,-0.2685546875,0.06103515625,-1.1962890625,0.03662109375,-0.08544921875,0.244140625,-0.06103515625,-0.09765625,-0.3662109375,-0.28076171875,0.537109375,-0.18310546875,-0.7080078125,0.1953125,-1.46484375,-0.13427734375,-1.0498046875,-0.25634765625,0.40283203125,-0.06103515625,0.2685546875,0.06103515625,-0.01220703125,-0.0732421875,-0.1708984375,-0.1220703125,0.0732421875,-0.15869140625,-0.048828125,-0.08544921875,0.69580078125,-0.1220703125,-0.537109375,-0.03662109375,-0.537109375
1,-0.15869140625,-0.30517578125,0.244140625,-0.30517578125,0.18310546875,-0.390625,0.09765625,0,-0.2197265625,-0.13427734375,-0.23193359375,-0.91552734375,-0.1953125,1.0009765625,0.29296875,-0.2685546875,-0.2685546875,-0.87890625,0.08544921875,-0.4150390625,-0.40283203125,0.634765625,-0.15869140625,-1.0498046875,-0.1953125,-0.1708984375,0.2197265625,-0.79345703125,0.08544921875,0.87890625,0,0.23193359375,-0.10986328125,-0.3662109375,0.78125,-0.79345703125,-0.23193359375,-0.4638671875,0.18310546875,-0.74462890625,-0.03662109375,-0.1708984375,-0.06103515625,-0.6591796875,-0.08544921875,-0.3662109375,0.03662109375,0.64697265625,0.1220703125,1.0986328125,-0.1953125,0.50048828125,0.1220703125,-0.1708984375,-0.23193359375,0.74462890625,-0.23193359375,0.96435546875,0.01220703125,0.45166015625,-0.5615234375,1.18408203125,0.1220703125,0.29296875,0.23193359375,0.30517578125,0.3173828125,1.0498046875,0.13427734375,0.1953125,0.0244140625,0.20751953125,0.0732421875,0.30517578125,0.01220703125,0.81787109375,0,-0.01220703125,0.08544921875,1.35498046875,0.06103515625,-0.98876953125,-0.09765625,-0.3173828125,0.08544921875,-1.025390625,-0.10986328125,-0.74462890625,-0.2685546875,-1.5380859375,-0.244140625,-0.23193359375,-0.15869140625,-0.28076171875,0.03662109375,-1.1962890625,-0.03662109375,-0.146484375,0.18310546875,-0.0732421875,-0.03662109375,-0.40283203125,-0.32958984375,0.6103515625,-0.18310546875,-0.7080078125,0.244140625,-1.46484375,-0.1220703125,-1.0498046875,-0.25634765625,0.4150390625,-0.048828125,0.29296875,0.048828125,-0.0244140625,-0.0732421875,-0.1708984375,-0.1220703125,0.08544921875,-0.15869140625,-0.048828125,-0.048828125,0.72021484375,-0.146484375,-0.54931640625,-0.03662109375,-0.52490234375
1,-0.18310546875,-0.32958984375,0.23193359375,-0.30517578125,0.20751953125,-0.390625,0.09765625,0,-0.244140625,-0.10986328125,-0.20751953125,-0.927734375,-0.1953125,1.0009765625,0.29296875,-0.244140625,-0.23193359375,-0.86669921875,0.0732421875,-0.4150390625,-0.37841796875,0.64697265625,-0.1220703125,-1.03759765625,-0.18310546875,-0.15869140625,0.1953125,-0.79345703125,0,0.89111328125,-0.03662109375,0.244140625,0,-0.35400390625,0.7080078125,-0.81787109375,-0.3173828125,-0.4638671875,0.08544921875,-0.732421875,-0.146484375,-0.15869140625,-0.15869140625,-0.67138671875,-0.1220703125,-0.341796875,-0.0244140625,0.6591796875,0.10986328125,1.11083984375,-0.20751953125,0.5126953125,0.1708984375,-0.15869140625,-0.244140625,0.732421875,-0.1708984375,0.96435546875,0.03662109375,0.439453125,-0.5859375,1.25732421875,0.13427734375,0.29296875,0.30517578125,0.29296875,0.32958984375,1.06201171875,0.13427734375,0.2197265625,0.048828125,0.20751953125,0.1220703125,0.29296875,-0.03662109375,0.830078125,-0.06103515625,-0.01220703125,0.13427734375,1.33056640625,0.06103515625,-0.98876953125,-0.06103515625,-0.32958984375,0.01220703125,-1.025390625,0.06103515625,-0.7568359375,-0.25634765625,-1.5380859375,-0.2685546875,-0.244140625,-0.15869140625,-0.3173828125,-0.0244140625,-1.1962890625,-0.1220703125,-0.2197265625,0.06103515625,-0.09765625,-0.048828125,-0.45166015625,-0.35400390625,0.6103515625,-0.15869140625,-0.7080078125,0.28076171875,-1.45263671875,-0.09765625,-1.03759765625,-0.244140625,0.390625,-0.03662109375,0.28076171875,0.03662109375,-0.01220703125,-0.0732421875,-0.18310546875,-0.146484375,0.09765625,-0.146484375,-0.0244140625,-0.06103515625,0.7080078125,-0.146484375,-0.5615234375,-0.048828125,-0.52490234375
1,-0.20751953125,-0.3662109375,0.2197265625,-0.32958984375,0.1953125,-0.40283203125,0.1220703125,0,-0.25634765625,-0.10986328125,-0.18310546875,-0.91552734375,-0.2197265625,1.01318359375,0.2685546875,-0.244140625,-0.23193359375,-0.89111328125,0.06103515625,-0.37841796875,-0.29296875,0.64697265625,-0.09765625,-1.03759765625,-0.18310546875,-0.1708984375,0.0732421875,-0.79345703125,-0.06103515625,0.87890625,-0.0732421875,0.23193359375,0.09765625,-0.341796875,0.5859375,-0.81787109375,-0.390625,-0.47607421875,0.0244140625,-0.74462890625,-0.18310546875,-0.146484375,-0.30517578125,-0.67138671875,-0.18310546875,-0.35400390625,-0.09765625,0.67138671875,0.08544921875,1.1474609375,-0.2197265625,0.47607421875,0.1708984375,-0.18310546875,-0.23193359375,0.732421875,-0.09765625,0.96435546875,0.01220703125,0.4638671875,-0.634765625,1.25732421875,0.08544921875,0.28076171875,0.29296875,0.29296875,0.29296875,1.0498046875,0.1220703125,0.23193359375,0.03662109375,0.2197265625,0.146484375,0.2685546875,-0.0732421875,0.8056640625,-0.09765625,-0.01220703125,0.13427734375,1.35498046875,0.13427734375,-0.9765625,-0.03662109375,-0.3173828125,-0.03662109375,-1.025390625,0.2197265625,-0.76904296875,-0.244140625,-1.5380859375,-0.244140625,-0.244140625,-0.08544921875,-0.30517578125,-0.03662109375,-1.18408203125,-0.10986328125,-0.2685546875,0.03662109375,-0.10986328125,-0.01220703125,-0.4638671875,-0.30517578125,0.57373046875,-0.0732421875,-0.7080078125,0.20751953125,-1.45263671875,-0.0732421875,-1.025390625,-0.23193359375,0.390625,-0.01220703125,0.29296875,0.01220703125,-0.048828125,-0.0732421875,-0.13427734375,-0.146484375,0.08544921875,-0.146484375,-0.03662109375,-0.048828125,0.74462890625,-0.15869140625,-0.537109375,-0.0732421875,-0.52490234375
1,-0.25634765625,-0.390625,0.18310546875,-0.32958984375,0.1953125,-0.40283203125,0.1220703125,-0.01220703125,-0.29296875,-0.10986328125,-0.15869140625,-0.9033203125,-0.244140625,1.01318359375,0.28076171875,-0.25634765625,-0.15869140625,-0.89111328125,0.06103515625,-0.40283203125,-0.18310546875,0.634765625,-0.03662109375,-1.03759765625,-0.09765625,-0.1708984375,-0.03662109375,-0.8056640625,-0.1220703125,0.86669921875,-0.13427734375,0.244140625,0.13427734375,-0.341796875,0.439453125,-0.84228515625,-0.42724609375,-0.47607421875,-0.01220703125,-0.74462890625,-0.146484375,-0.1708984375,-0.40283203125,-0.67138671875,-0.20751953125,-0.341796875,-0.1708984375,0.67138671875,0.048828125,1.18408203125,-0.20751953125,0.45166015625,0.20751953125,-0.20751953125,-0.23193359375,0.732421875,0,0.98876953125,0.0244140625,0.45166015625,-0.54931640625,1.220703125,-0.06103515625,0.25634765625,0.341796875,0.2685546875,0.244140625,1.0498046875,0.1220703125,0.23193359375,-0.0244140625,0.20751953125,0.13427734375,0.25634765625,-0.09765625,0.81787109375,-0.1220703125,0,0.1220703125,1.33056640625,0.146484375,-0.98876953125,0.0244140625,-0.3173828125,-0.048828125,-1.025390625,0.32958984375,-0.76904296875,-0.1953125,-1.5380859375,-0.1953125,-0.2685546875,0.01220703125,-0.30517578125,-0.06103515625,-1.1962890625,-0.09765625,-0.28076171875,-0.03662109375,-0.1220703125,-0.0244140625,-0.4638671875,-0.10986328125,0.48828125,0.01220703125,-0.72021484375,0.09765625,-1.4404296875,-0.0732421875,-1.01318359375,-0.2197265625,0.37841796875,0.01220703125,0.29296875,0,-0.03662109375,-0.06103515625,-0.09765625,-0.15869140625,0.10986328125,-0.1708984375,-0.01220703125,-0.03662109375,0.7568359375,-0.15869140625,-0.537109375,-0.06103515625,-0.537109375
1,-0.25634765625,-0.4150390625,0.1953125,-0.3173828125,0.146484375,-0.40283203125,0.10986328125,0,-0.25634765625,-0.09765625,-0.146484375,-0.91552734375,-0.23193359375,1.01318359375,0.2685546875,-0.244140625,-0.13427734375,-0.89111328125,0.0732421875,-0.40283203125,-0.048828125,0.634765625,-0.03662109375,-1.03759765625,-0.048828125,-0.1708984375,-0.15869140625,-0.8056640625,-0.20751953125,0.87890625,-0.244140625,0.2197265625,0.146484375,-0.341796875,0.32958984375,-0.8544921875,-0.4638671875,-0.48828125,-0.01220703125,-0.732421875,-0.06103515625,-0.1953125,-0.48828125,-0.6591796875,-0.23193359375,-0.3662109375,-0.20751953125,0.6591796875,0.048828125,1.1962890625,-0.2685546875,0.439453125,0.1953125,-0.2197265625,-0.244140625,0.72021484375,0.1220703125,1.0009765625,-0.01220703125,0.439453125,-0.50048828125,1.13525390625,-0.13427734375,0.25634765625,0.3662109375,0.244140625,0.1708984375,1.03759765625,0.13427734375,0.2197265625,-0.06103515625,0.1953125,0.13427734375,0.25634765625,-0.10986328125,0.81787109375,-0.1220703125,0.01220703125,0.09765625,1.33056640625,0.15869140625,-0.98876953125,0.048828125,-0.29296875,-0.048828125,-1.01318359375,0.341796875,-0.79345703125,-0.1708984375,-1.5380859375,-0.15869140625,-0.2685546875,0.13427734375,-0.3173828125,-0.10986328125,-1.18408203125,-0.08544921875,-0.244140625,-0.09765625,-0.048828125,-0.048828125,-0.45166015625,0.048828125,0.42724609375,0.09765625,-0.7080078125,-0.048828125,-1.45263671875,-0.08544921875,-1.0009765625,-0.1953125,0.4150390625,0.01220703125,0.28076171875,-0.01220703125,-0.03662109375,-0.0732421875,-0.0732421875,-0.1708984375,0.10986328125,-0.1708984375,-0.01220703125,-0.06103515625,0.7568359375,-0.146484375,-0.54931640625,-0.09765625,-0.5126953125
1,-0.28076171875,-0.45166015625,0.20751953125,-0.29296875,0.13427734375,-0.42724609375,0.13427734375,0.01220703125,-0.2685546875,-0.09765625,-0.146484375,-0.93994140625,-0.23193359375,1.0009765625,0.244140625,-0.25634765625,-0.10986328125,-0.89111328125,0.1220703125,-0.40283203125,0.09765625,0.634765625,-0.03662109375,-1.0498046875,0,-0.1708984375,-0.244140625,-0.8056640625,-0.23193359375,0.86669921875,-0.32958984375,0.2197265625,0.06103515625,-0.3662109375,0.244140625,-0.87890625,-0.4638671875,-0.48828125,-0.01220703125,-0.74462890625,0.0244140625,-0.20751953125,-0.57373046875,-0.64697265625,-0.244140625,-0.3662109375,-0.25634765625,0.6591796875,0.03662109375,1.220703125,-0.37841796875,0.42724609375,0.2197265625,-0.20751953125,-0.2685546875,0.72021484375,0.2197265625,1.03759765625,-0.048828125,0.47607421875,-0.4638671875,1.025390625,-0.146484375,0.25634765625,0.3173828125,0.244140625,0.0732421875,1.0498046875,0.1220703125,0.20751953125,-0.10986328125,0.1708984375,0.09765625,0.244140625,-0.08544921875,0.78125,-0.10986328125,0,0.08544921875,1.318359375,0.1953125,-0.98876953125,0.08544921875,-0.3173828125,-0.06103515625,-1.0009765625,0.29296875,-0.79345703125,-0.1708984375,-1.52587890625,-0.0732421875,-0.2685546875,0.18310546875,-0.3173828125,-0.06103515625,-1.20849609375,-0.08544921875,-0.09765625,-0.146484375,0.0732421875,-0.08544921875,-0.37841796875,0,0.4150390625,0.10986328125,-0.72021484375,-0.1953125,-1.4404296875,-0.10986328125,-0.98876953125,-0.146484375,0.4150390625,0.03662109375,0.28076171875,-0.01220703125,-0.03662109375,-0.08544921875,-0.048828125,-0.15869140625,0.10986328125,-0.15869140625,-0.01220703125,-0.06103515625,0.732421875,-0.13427734375,-0.537109375,-0.10986328125,-0.52490234375
1,-0.3173828125,-0.4638671875,0.1953125,-0.2685546875,0.15869140625,-0.439453125,0.146484375,0.0244140625,-0.2685546875,-0.10986328125,-0.146484375,-0.93994140625,-0.23193359375,1.0009765625,0.244140625,-0.244140625,-0.06103515625,-0.9033203125,0.2197265625,-0.42724609375,0.18310546875,0.64697265625,-0.048828125,-1.03759765625,0.03662109375,-0.18310546875,-0.28076171875,-0.8056640625,-0.23193359375,0.86669921875,-0.40283203125,0.23193359375,-0.06103515625,-0.35400390625,0.1708984375,-0.86669921875,-0.439453125,-0.50048828125,0.01220703125,-0.7568359375,0.146484375,-0.20751953125,-0.5615234375,-0.64697265625,-0.29296875,-0.35400390625,-0.28076171875,0.64697265625,0.048828125,1.23291015625,-0.4150390625,0.439453125,0.23193359375,-0.20751953125,-0.32958984375,0.732421875,0.30517578125,1.06201171875,-0.13427734375,0.47607421875,-0.390625,0.89111328125,-0.20751953125,0.25634765625,0.28076171875,0.20751953125,0,1.0498046875,0.10986328125,0.1708984375,-0.1708984375,0.1708984375,0.048828125,0.244140625,-0.0732421875,0.81787109375,-0.06103515625,0.01220703125,0.08544921875,1.30615234375,0.20751953125,-0.9765625,0.09765625,-0.32958984375,-0.0244140625,-0.98876953125,0.146484375,-0.79345703125,-0.1953125,-1.5380859375,0.01220703125,-0.29296875,0.244140625,-0.29296875,0,-1.1962890625,-0.08544921875,0.03662109375,-0.18310546875,0.23193359375,-0.146484375,-0.28076171875,-0.01220703125,0.45166015625,0.0732421875,-0.68359375,-0.244140625,-1.4404296875,-0.1220703125,-1.01318359375,-0.1220703125,0.4150390625,0.01220703125,0.28076171875,-0.01220703125,-0.048828125,-0.06103515625,-0.06103515625,-0.13427734375,0.09765625,-0.1708984375,-0.03662109375,-0.09765625,0.7568359375,-0.10986328125,-0.50048828125,-0.08544921875,-0.52490234375
1,-0.3173828125,-0.4638671875,0.1708984375,-0.244140625,0.1708984375,-0.439453125,0.146484375,0.0244140625,-0.23193359375,-0.1220703125,-0.15869140625,-0.93994140625,-0.244140625,1.01318359375,0.20751953125,-0.25634765625,-0.06103515625,-0.9033203125,0.341796875,-0.439453125,0.23193359375,0.634765625,-0.03662109375,-1.03759765625,-0.01220703125,-0.1708984375,-0.29296875,-0.8056640625,-0.1953125,0.89111328125,-0.390625,0.2197265625,-0.23193359375,-0.341796875,0.1708984375,-0.86669921875,-0.42724609375,-0.48828125,0.0732421875,-0.7568359375,0.1708984375,-0.23193359375,-0.54931640625,-0.62255859375,-0.30517578125,-0.3662109375,-0.28076171875,0.64697265625,0.048828125,1.20849609375,-0.4150390625,0.4638671875,0.1708984375,-0.2197265625,-0.35400390625,0.74462890625,0.341796875,1.0498046875,-0.146484375,0.4638671875,-0.35400390625,0.7568359375,-0.1953125,0.2685546875,0.18310546875,0.20751953125,-0.0732421875,1.01318359375,0.0732421875,0.146484375,-0.1708984375,0.1708984375,-0.01220703125,0.23193359375,-0.06103515625,0.81787109375,0.01220703125,0.01220703125,0.03662109375,1.30615234375,0.20751953125,-0.9765625,0.08544921875,-0.35400390625,0,-0.96435546875,-0.0244140625,-0.78125,-0.146484375,-1.5380859375,0.0732421875,-0.29296875,0.23193359375,-0.30517578125,0.09765625,-1.1962890625,-0.1220703125,0.18310546875,-0.1953125,0.37841796875,-0.18310546875,-0.20751953125,0.0732421875,0.54931640625,0.01220703125,-0.6591796875,-0.2685546875,-1.42822265625,-0.06103515625,-1.01318359375,-0.048828125,0.4150390625,0.0244140625,0.28076171875,-0.0244140625,-0.048828125,-0.06103515625,-0.06103515625,-0.13427734375,0.08544921875,-0.1953125,-0.06103515625,-0.09765625,0.7568359375,-0.146484375,-0.50048828125,-0.08544921875,-0.50048828125
1,-0.3173828125,-0.45166015625,0.18310546875,-0.244140625,0.15869140625,-0.40283203125,0.13427734375,0.01220703125,-0.20751953125,-0.146484375,-0.15869140625,-0.93994140625,-0.244140625,1.01318359375,0.23193359375,-0.2685546875,-0.06103515625,-0.89111328125,0.42724609375,-0.45166015625,0.1953125,0.64697265625,0.0244140625,-1.03759765625,-0.048828125,-0.15869140625,-0.2685546875,-0.8056640625,-0.15869140625,0.87890625,-0.37841796875,0.23193359375,-0.3662109375,-0.341796875,0.1708984375,-0.8544921875,-0.341796875,-0.47607421875,0.0732421875,-0.7568359375,0.2197265625,-0.23193359375,-0.45166015625,-0.62255859375,-0.32958984375,-0.390625,-0.25634765625,0.62255859375,0.048828125,1.171875,-0.40283203125,0.48828125,0.06103515625,-0.23193359375,-0.341796875,0.7568359375,0.37841796875,0.9765625,-0.1708984375,0.45166015625,-0.2197265625,0.634765625,-0.1220703125,0.25634765625,0.10986328125,0.20751953125,-0.10986328125,1.025390625,0.0244140625,0.146484375,-0.1708984375,0.1953125,-0.0732421875,0.2685546875,-0.0244140625,0.8056640625,0.03662109375,0.01220703125,0,1.33056640625,0.1708984375,-0.9765625,0.06103515625,-0.32958984375,-0.03662109375,-0.96435546875,-0.2197265625,-0.79345703125,-0.10986328125,-1.513671875,0.13427734375,-0.29296875,0.1708984375,-0.30517578125,0.23193359375,-1.220703125,-0.1220703125,0.29296875,-0.1953125,0.47607421875,-0.18310546875,-0.15869140625,0.06103515625,0.64697265625,-0.08544921875,-0.634765625,-0.23193359375,-1.4404296875,-0.03662109375,-1.025390625,0,0.439453125,0.01220703125,0.2685546875,0,-0.0732421875,-0.06103515625,-0.08544921875,-0.13427734375,0.0732421875,-0.1953125,-0.06103515625,-0.10986328125,0.76904296875,-0.15869140625,-0.5126953125,-0.048828125,-0.5126953125
1,-0.32958984375,-0.4150390625,0.15869140625,-0.25634765625,0.13427734375,-0.4150390625,0.10986328125,0.01220703125,-0.1708984375,-0.146484375,-0.1708984375,-0.93994140625,-0.2685546875,1.025390625,0.23193359375,-0.28076171875,-0.09765625,-0.91552734375,0.50048828125,-0.45166015625,0.0732421875,0.64697265625,0.146484375,-1.03759765625,-0.06103515625,-0.18310546875,-0.20751953125,-0.81787109375,-0.1220703125,0.87890625,-0.30517578125,0.2197265625,-0.439453125,-0.35400390625,0.1953125,-0.8544921875,-0.244140625,-0.4638671875,0.0732421875,-0.7568359375,0.1953125,-0.23193359375,-0.30517578125,-0.62255859375,-0.341796875,-0.37841796875,-0.2197265625,0.64697265625,0.10986328125,1.1474609375,-0.390625,0.52490234375,-0.0732421875,-0.23193359375,-0.28076171875,0.7568359375,0.32958984375,0.93994140625,-0.1220703125,0.42724609375,-0.10986328125,0.5126953125,-0.13427734375,0.25634765625,0.0732421875,0.23193359375,-0.18310546875,1.03759765625,-0.0244140625,0.1708984375,-0.18310546875,0.20751953125,-0.10986328125,0.2685546875,-0.0244140625,0.84228515625,0.06103515625,0.0244140625,0,1.35498046875,0.10986328125,-0.96435546875,0.048828125,-0.341796875,-0.09765625,-0.9765625,-0.390625,-0.76904296875,-0.03662109375,-1.52587890625,0.15869140625,-0.30517578125,0.13427734375,-0.3173828125,0.32958984375,-1.20849609375,-0.08544921875,0.3173828125,-0.048828125,0.48828125,-0.13427734375,-0.18310546875,0.03662109375,0.732421875,-0.18310546875,-0.59814453125,-0.146484375,-1.4404296875,0.01220703125,-1.03759765625,-0.01220703125,0.42724609375,0.01220703125,0.2685546875,0.01220703125,-0.0732421875,-0.0732421875,-0.08544921875,-0.13427734375,0.06103515625,-0.18310546875,-0.08544921875,-0.10986328125,0.79345703125,-0.15869140625,-0.50048828125,-0.0244140625,-0.50048828125
1,-0.32958984375,-0.37841796875,0.146484375,-0.2685546875,0.1220703125,-0.390625,0.146484375,0,-0.18310546875,-0.15869140625,-0.15869140625,-0.9521484375,-0.2685546875,1.025390625,0.244140625,-0.29296875,-0.1220703125,-0.9033203125,0.48828125,-0.439453125,-0.03662109375,0.634765625,0.2685546875,-1.03759765625,-0.10986328125,-0.18310546875,-0.13427734375,-0.79345703125,-0.0732421875,0.89111328125,-0.1708984375,0.23193359375,-0.40283203125,-0.341796875,0.15869140625,-0.84228515625,-0.15869140625,-0.45166015625,0.0732421875,-0.74462890625,0.2197265625,-0.244140625,-0.244140625,-0.6103515625,-0.32958984375,-0.37841796875,-0.23193359375,0.62255859375,0.13427734375,1.1474609375,-0.3662109375,0.52490234375,-0.15869140625,-0.244140625,-0.2197265625,0.7568359375,0.244140625,0.84228515625,-0.13427734375,0.439453125,-0.06103515625,0.47607421875,-0.09765625,0.25634765625,-0.0244140625,0.2685546875,-0.20751953125,1.06201171875,-0.048828125,0.18310546875,-0.1220703125,0.2197265625,-0.15869140625,0.3173828125,-0.01220703125,0.830078125,0.0732421875,0.0244140625,0.0244140625,1.3671875,0.048828125,-0.96435546875,0.03662109375,-0.32958984375,-0.18310546875,-0.9765625,-0.4150390625,-0.78125,-0.048828125,-1.55029296875,0.146484375,-0.29296875,0.048828125,-0.30517578125,0.40283203125,-1.1962890625,-0.048828125,0.244140625,0.01220703125,0.439453125,-0.1708984375,-0.25634765625,-0.03662109375,0.8056640625,-0.28076171875,-0.59814453125,-0.048828125,-1.46484375,0,-1.0498046875,-0.06103515625,0.40283203125,0,0.28076171875,0.01220703125,-0.0732421875,-0.08544921875,-0.08544921875,-0.146484375,0.048828125,-0.20751953125,-0.08544921875,-0.1220703125,0.8056640625,-0.1708984375,-0.50048828125,0,-0.48828125
0,-0.3173828125,-0.35400390625,0.15869140625,-0.2685546875,0.08544921875,-0.37841796875,0.146484375,-0.01220703125,-0.1708984375,-0.13427734375,-0.15869140625,-0.93994140625,-0.30517578125,1.01318359375,0.2197265625,-0.3173828125,-0.146484375,-0.89111328125,0.42724609375,-0.42724609375,-0.13427734375,0.62255859375,0.35400390625,-1.0498046875,-0.1220703125,-0.18310546875,-0.06103515625,-0.78125,-0.01220703125,0.89111328125,-0.03662109375,0.2197265625,-0.29296875,-0.32958984375,0.146484375,-0.81787109375,-0.10986328125,-0.42724609375,0.048828125,-0.74462890625,0.2685546875,-0.2197265625,-0.2197265625,-0.634765625,-0.29296875,-0.390625,-0.18310546875,0.67138671875,0.18310546875,1.13525390625,-0.35400390625,0.54931640625,-0.28076171875,-0.25634765625,-0.20751953125,0.7568359375,0.146484375,0.74462890625,-0.08544921875,0.439453125,-0.03662109375,0.439453125,-0.1220703125,0.2197265625,-0.09765625,0.2685546875,-0.23193359375,1.03759765625,-0.0732421875,0.20751953125,-0.08544921875,0.2197265625,-0.1953125,0.32958984375,0.01220703125,0.830078125,0.0732421875,0.03662109375,0.06103515625,1.37939453125,-0.0244140625,-0.98876953125,0,-0.32958984375,-0.341796875,-1.0009765625,-0.3662109375,-0.76904296875,-0.0732421875,-1.57470703125,0.10986328125,-0.29296875,0.01220703125,-0.32958984375,0.4150390625,-1.1962890625,0,0.10986328125,0.048828125,0.30517578125,-0.15869140625,-0.3662109375,-0.01220703125,0.86669921875,-0.3173828125,-0.5615234375,0.0244140625,-1.46484375,-0.048828125,-1.06201171875,-0.13427734375,0.390625,-0.01220703125,0.28076171875,0,-0.06103515625,-0.08544921875,-0.0732421875,-0.09765625,0.048828125,-0.23193359375,-0.0732421875,-0.1220703125,0.8056640625,-0.146484375,-0.50048828125,0,-0.48828125
0,-0.341796875,-0.341796875,0.13427734375,-0.2685546875,0.08544921875,-0.390625,0.15869140625,-0.01220703125,-0.1953125,-0.1220703125,-0.146484375,-0.927734375,-0.341796875,1.01318359375,0.244140625,-0.28076171875,-0.18310546875,-0.86669921875,0.35400390625,-0.4150390625,-0.20751953125,0.634765625,0.40283203125,-1.03759765625,-0.13427734375,-0.1953125,-0.01220703125,-0.79345703125,0,0.87890625,0.10986328125,0.2197265625,-0.10986328125,-0.341796875,0.146484375,-0.830078125,-0.08544921875,-0.42724609375,0.08544921875,-0.732421875,0.23193359375,-0.1953125,-0.2685546875,-0.6591796875,-0.2685546875,-0.40283203125,-0.1708984375,0.68359375,0.23193359375,1.1474609375,-0.28076171875,0.52490234375,-0.390625,-0.244140625,-0.18310546875,0.74462890625,0.048828125,0.6591796875,-0.06103515625,0.4150390625,-0.10986328125,0.42724609375,-0.0732421875,0.18310546875,-0.146484375,0.28076171875,-0.2685546875,1.03759765625,-0.08544921875,0.2197265625,-0.03662109375,0.2197265625,-0.244140625,0.35400390625,0.0244140625,0.8544921875,0.0732421875,0.0244140625,0.13427734375,1.35498046875,-0.06103515625,-1.0009765625,-0.0244140625,-0.30517578125,-0.45166015625,-0.98876953125,-0.244140625,-0.74462890625,-0.13427734375,-1.55029296875,0.0244140625,-0.28076171875,0,-0.32958984375,0.3173828125,-1.171875,0.03662109375,-0.048828125,0.0732421875,0.1220703125,-0.20751953125,-0.47607421875,-0.01220703125,0.9521484375,-0.29296875,-0.57373046875,0.0732421875,-1.46484375,-0.09765625,-1.07421875,-0.1953125,0.3662109375,-0.01220703125,0.28076171875,-0.03662109375,-0.06103515625,-0.0732421875,-0.06103515625,-0.08544921875,0.048828125,-0.25634765625,-0.048828125,-0.09765625,0.84228515625,-0.13427734375,-0.5126953125,0,-0.48828125
0,-0.35400390625,-0.32958984375,0.18310546875,-0.25634765625,0.09765625,-0.390625,0.146484375,-0.01220703125,-0.20751953125,-0.09765625,-0.1220703125,-0.9033203125,-0.37841796875,1.0009765625,0.25634765625,-0.2685546875,-0.2197265625,-0.86669921875,0.2685546875,-0.390625,-0.20751953125,0.634765625,0.30517578125,-1.03759765625,-0.1220703125,-0.20751953125,0,-0.81787109375,0.03662109375,0.8544921875,0.18310546875,0.2197265625,0.08544921875,-0.32958984375,0.15869140625,-0.830078125,-0.09765625,-0.42724609375,0.0732421875,-0.74462890625,0.244140625,-0.1708984375,-0.30517578125,-0.6591796875,-0.1953125,-0.390625,-0.18310546875,0.68359375,0.23193359375,1.171875,-0.23193359375,0.52490234375,-0.45166015625,-0.23193359375,-0.1953125,0.7568359375,-0.03662109375,0.5859375,-0.06103515625,0.42724609375,-0.15869140625,0.45166015625,0,0.146484375,-0.18310546875,0.2685546875,-0.28076171875,1.03759765625,-0.09765625,0.244140625,-0.01220703125,0.20751953125,-0.25634765625,0.3173828125,0.0732421875,0.8544921875,0.06103515625,0.0244140625,0.2197265625,1.33056640625,-0.08544921875,-1.01318359375,-0.08544921875,-0.3173828125,-0.50048828125,-1.0009765625,-0.0732421875,-0.76904296875,-0.15869140625,-1.55029296875,-0.0732421875,-0.28076171875,-0.0244140625,-0.32958984375,0.1708984375,-1.1474609375,-0.01220703125,-0.18310546875,0.01220703125,0.01220703125,-0.2685546875,-0.537109375,-0.03662109375,1.123046875,-0.2197265625,-0.5859375,0.08544921875,-1.46484375,-0.13427734375,-1.0498046875,-0.15869140625,0.3662109375,-0.03662109375,0.29296875,-0.01220703125,-0.06103515625,-0.08544921875,-0.048828125,-0.08544921875,0.0732421875,-0.23193359375,-0.048828125,-0.1220703125,0.8544921875,-0.1220703125,-0.50048828125,-0.0244140625,-0.47607421875
0,-0.3662109375,-0.341796875,0.15869140625,-0.23193359375,0.08544921875,-0.390625,0.13427734375,0,-0.2197265625,-0.10986328125,-0.1220703125,-0.927734375,-0.390625,1.0009765625,0.2685546875,-0.244140625,-0.23193359375,-0.86669921875,0.1708984375,-0.390625,-0.1708984375,0.634765625,0.13427734375,-1.025390625,-0.06103515625,-0.1953125,-0.0244140625,-0.79345703125,0.0732421875,0.86669921875,0.1953125,0.23193359375,0.23193359375,-0.3173828125,0.15869140625,-0.87890625,-0.13427734375,-0.45166015625,0.048828125,-0.74462890625,0.244140625,-0.18310546875,-0.35400390625,-0.67138671875,-0.13427734375,-0.390625,-0.2197265625,0.68359375,0.1708984375,1.1962890625,-0.13427734375,0.48828125,-0.47607421875,-0.2197265625,-0.18310546875,0.732421875,-0.048828125,0.537109375,-0.048828125,0.439453125,-0.18310546875,0.50048828125,0.048828125,0.08544921875,-0.1953125,0.25634765625,-0.28076171875,1.025390625,-0.09765625,0.25634765625,0.03662109375,0.20751953125,-0.30517578125,0.29296875,0.06103515625,0.86669921875,0.08544921875,0.03662109375,0.25634765625,1.318359375,-0.0732421875,-1.03759765625,-0.08544921875,-0.28076171875,-0.45166015625,-1.01318359375,0.08544921875,-0.7568359375,-0.15869140625,-1.55029296875,-0.10986328125,-0.2685546875,-0.06103515625,-0.3173828125,0.01220703125,-1.13525390625,0,-0.15869140625,-0.048828125,0,-0.3173828125,-0.5126953125,0.048828125,1.40380859375,-0.10986328125,-0.5859375,0.06103515625,-1.47705078125,-0.13427734375,-1.0498046875,-0.13427734375,0.37841796875,-0.048828125,0.29296875,-0.01220703125,-0.03662109375,-0.0732421875,-0.0244140625,-0.06103515625,0.0732421875,-0.244140625,-0.0244140625,-0.1220703125,0.84228515625,-0.1220703125,-0.48828125,-0.03662109375,-0.48828125
0,-0.40283203125,-0.3662109375,0.1220703125,-0.20751953125,0.0732421875,-0.390625,0.1220703125,-0.01220703125,-0.2197265625,-0.09765625,-0.1220703125,-0.91552734375,-0.40283203125,1.0009765625,0.25634765625,-0.23193359375,-0.25634765625,-0.86669921875,0.1220703125,-0.37841796875,-0.15869140625,0.64697265625,-0.09765625,-1.0498046875,0.01220703125,-0.20751953125,-0.06103515625,-0.79345703125,0.0732421875,0.87890625,0.1708984375,0.2197265625,0.29296875,-0.341796875,0.15869140625,-0.89111328125,-0.2197265625,-0.4638671875,0,-0.74462890625,0.20751953125,-0.1708984375,-0.439453125,-0.6591796875,-0.06103515625,-0.37841796875,-0.244140625,0.68359375,0.0732421875,1.220703125,-0.01220703125,0.47607421875,-0.439453125,-0.1708984375,-0.20751953125,0.732421875,-0.048828125,0.52490234375,-0.048828125,0.42724609375,-0.15869140625,0.54931640625,0.048828125,0.06103515625,-0.1708984375,0.2197265625,-0.23193359375,1.0009765625,-0.08544921875,0.25634765625,0.0244140625,0.1953125,-0.35400390625,0.2685546875,0.06103515625,0.86669921875,0.0732421875,0.048828125,0.30517578125,1.318359375,-0.048828125,-1.01318359375,-0.08544921875,-0.29296875,-0.30517578125,-1.0009765625,0.15869140625,-0.74462890625,-0.146484375,-1.5380859375,-0.146484375,-0.25634765625,-0.10986328125,-0.3173828125,-0.13427734375,-1.123046875,-0.0244140625,0.01220703125,-0.08544921875,0.146484375,-0.32958984375,-0.3662109375,0.13427734375,1.8798828125,0.01220703125,-0.6103515625,0.0732421875,-1.4892578125,-0.1708984375,-1.0498046875,-0.10986328125,0.3662109375,-0.06103515625,0.30517578125,0,-0.03662109375,-0.0732421875,-0.0244140625,-0.0244140625,0.06103515625,-0.23193359375,-0.0244140625,-0.1220703125,0.830078125,-0.10986328125,-0.48828125,-0.0732421875,-0.48828125
0,-0.42724609375,-0.390625,0.09765625,-0.1708984375,0.048828125,-0.4150390625,0.13427734375,-0.01220703125,-0.20751953125,-0.10986328125,-0.10986328125,-0.927734375,-0.40283203125,0.98876953125,0.244140625,-0.2197265625,-0.29296875,-0.86669921875,0.06103515625,-0.37841796875,-0.13427734375,0.62255859375,-0.30517578125,-1.0498046875,0.0732421875,-0.20751953125,-0.06103515625,-0.81787109375,0.08544921875,0.8544921875,0.08544921875,0.20751953125,0.30517578125,-0.3173828125,0.1953125,-0.91552734375,-0.28076171875,-0.45166015625,-0.0244140625,-0.74462890625,0.13427734375,-0.15869140625,-0.52490234375,-0.67138671875,-0.0244140625,-0.3662109375,-0.29296875,0.67138671875,-0.01220703125,1.23291015625,-0.01220703125,0.4638671875,-0.37841796875,-0.15869140625,-0.20751953125,0.74462890625,0.03662109375,0.54931640625,-0.06103515625,0.4638671875,-0.1953125,0.59814453125,0.09765625,0.03662109375,-0.2197265625,0.1953125,-0.15869140625,1.0009765625,-0.03662109375,0.25634765625,-0.0244140625,0.15869140625,-0.3662109375,0.25634765625,0.09765625,0.87890625,0.08544921875,0.048828125,0.30517578125,1.30615234375,-0.03662109375,-1.01318359375,-0.06103515625,-0.30517578125,-0.10986328125,-1.0009765625,0.15869140625,-0.74462890625,-0.15869140625,-1.5380859375,-0.18310546875,-0.2685546875,-0.13427734375,-0.30517578125,-0.2197265625,-1.123046875,-0.0732421875,0.37841796875,-0.09765625,0.50048828125,-0.29296875,-0.03662109375,0.1708984375,2.55126953125,0.08544921875,-0.64697265625,0.08544921875,-1.47705078125,-0.2197265625,-1.03759765625,-0.08544921875,0.37841796875,-0.0732421875,0.29296875,-0.01220703125,-0.03662109375,-0.06103515625,-0.01220703125,-0.0244140625,0.06103515625,-0.23193359375,-0.0244140625,-0.15869140625,0.81787109375,-0.10986328125,-0.4638671875,-0.0732421875,-0.50048828125
0,-0.439453125,-0.40283203125,0.09765625,-0.1220703125,0.0244140625,-0.42724609375,0.1220703125,0,-0.20751953125,-0.1220703125,-0.1220703125,-0.927734375,-0.4150390625,1.0009765625,0.23193359375,-0.2197265625,-0.341796875,-0.87890625,0.06103515625,-0.390625,-0.1708984375,0.634765625,-0.40283203125,-1.06201171875,0.10986328125,-0.20751953125,-0.0732421875,-0.79345703125,0.048828125,0.86669921875,0.0244140625,0.2197265625,0.244140625,-0.341796875,0.23193359375,-0.927734375,-0.35400390625,-0.45166015625,-0.06103515625,-0.7568359375,0.0244140625,-0.15869140625,-0.54931640625,-0.68359375,-0.01220703125,-0.390625,-0.30517578125,0.67138671875,-0.06103515625,1.2451171875,-0.01220703125,0.4638671875,-0.30517578125,-0.146484375,-0.1953125,0.74462890625,0.03662109375,0.6103515625,-0.048828125,0.48828125,-0.2197265625,0.634765625,0.146484375,0.0244140625,-0.1953125,0.18310546875,-0.15869140625,1.01318359375,0.03662109375,0.23193359375,-0.08544921875,0.146484375,-0.35400390625,0.244140625,0.08544921875,0.87890625,0.09765625,0.048828125,0.28076171875,1.2939453125,0,-0.9765625,-0.03662109375,-0.3173828125,0.06103515625,-0.9765625,0.08544921875,-0.76904296875,-0.2197265625,-1.55029296875,-0.1708984375,-0.25634765625,-0.1953125,-0.28076171875,-0.2197265625,-1.123046875,-0.09765625,0.9521484375,-0.13427734375,1.01318359375,-0.2685546875,0.4150390625,0.08544921875,3.43017578125,0.10986328125,-0.68359375,0.09765625,-1.50146484375,-0.25634765625,-1.0009765625,-0.09765625,0.390625,-0.0732421875,0.30517578125,0,-0.0244140625,-0.06103515625,0.01220703125,0.01220703125,0.08544921875,-0.23193359375,-0.01220703125,-0.15869140625,0.81787109375,-0.1220703125,-0.439453125,-0.08544921875,-0.50048828125
0,-0.45166015625,-0.42724609375,0.10986328125,-0.09765625,0.048828125,-0.42724609375,0.1220703125,-0.01220703125,-0.18310546875,-0.10986328125,-0.146484375,-0.93994140625,-0.4150390625,1.01318359375,0.20751953125,-0.2197265625,-0.40283203125,-0.86669921875,0.1220703125,-0.4150390625,-0.23193359375,0.634765625,-0.40283203125,-1.06201171875,0.09765625,-0.18310546875,-0.08544921875,-0.79345703125,-0.01220703125,0.8544921875,-0.0732421875,0.23193359375,0.10986328125,-0.3173828125,0.20751953125,-0.91552734375,-0.37841796875,-0.439453125,-0.08544921875,-0.76904296875,-0.06103515625,-0.15869140625,-0.48828125,-0.67138671875,-0.048828125,-0.4150390625,-0.3173828125,0.64697265625,-0.08544921875,1.20849609375,-0.03662109375,0.4638671875,-0.25634765625,-0.146484375,-0.15869140625,0.72021484375,0.10986328125,0.69580078125,-0.06103515625,0.47607421875,-0.244140625,0.64697265625,0.23193359375,0.048828125,-0.20751953125,0.1708984375,-0.1220703125,1.01318359375,0.06103515625,0.23193359375,-0.13427734375,0.15869140625,-0.3173828125,0.23193359375,0.0732421875,0.8544921875,0.06103515625,0.048828125,0.2685546875,1.30615234375,0.03662109375,-0.93994140625,-0.0244140625,-0.30517578125,0.20751953125,-0.96435546875,-0.0244140625,-0.76904296875,-0.3173828125,-1.52587890625,-0.1953125,-0.25634765625,-0.23193359375,-0.25634765625,-0.18310546875,-1.123046875,-0.0732421875,1.6845703125,-0.06103515625,1.708984375,-0.1708984375,0.9521484375,0.09765625,4.47998046875,0.08544921875,-0.68359375,0.1220703125,-1.46484375,-0.29296875,-1.0009765625,-0.09765625,0.4150390625,-0.08544921875,0.30517578125,-0.01220703125,-0.0244140625,-0.0732421875,0.01220703125,0.03662109375,0.08544921875,-0.23193359375,-0.0244140625,-0.1953125,0.81787109375,-0.146484375,-0.45166015625,-0.06103515625,-0.50048828125
0,-0.439453125,-0.439453125,0.09765625,-0.0732421875,0.03662109375,-0.439453125,0.1220703125,-0.01220703125,-0.1708984375,-0.09765625,-0.1220703125,-0.927734375,-0.42724609375,1.03759765625,0.18310546875,-0.23193359375,-0.4150390625,-0.89111328125,0.20751953125,-0.4150390625,-0.25634765625,0.634765625,-0.28076171875,-1.0498046875,0.01220703125,-0.18310546875,-0.048828125,-0.78125,-0.06103515625,0.87890625,-0.1953125,0.20751953125,0.01220703125,-0.30517578125,0.15869140625,-0.87890625,-0.439453125,-0.40283203125,-0.10986328125,-0.76904296875,-0.1953125,-0.1708984375,-0.4150390625,-0.6591796875,-0.1220703125,-0.390625,-0.341796875,0.6591796875,-0.0732421875,1.1962890625,-0.0244140625,0.48828125,-0.13427734375,-0.15869140625,-0.1220703125,0.732421875,0.146484375,0.79345703125,-0.06103515625,0.47607421875,-0.244140625,0.6591796875,0.28076171875,0.06103515625,-0.18310546875,0.1708984375,-0.0732421875,1.025390625,0.08544921875,0.20751953125,-0.1708984375,0.15869140625,-0.28076171875,0.244140625,0.0732421875,0.86669921875,0.06103515625,0.03662109375,0.25634765625,1.30615234375,0.08544921875,-0.927734375,0.03662109375,-0.32958984375,0.28076171875,-0.96435546875,-0.0732421875,-0.7568359375,-0.32958984375,-1.52587890625,-0.1953125,-0.25634765625,-0.28076171875,-0.244140625,-0.048828125,-1.123046875,-0.1220703125,2.4658203125,-0.06103515625,2.44140625,-0.09765625,1.55029296875,0,5.6396484375,-0.01220703125,-0.69580078125,0.10986328125,-1.46484375,-0.2685546875,-1.0009765625,-0.08544921875,0.439453125,-0.09765625,0.30517578125,-0.0244140625,-0.048828125,-0.06103515625,0.01220703125,0.06103515625,0.0732421875,-0.244140625,-0.0244140625,-0.2197265625,0.8056640625,-0.146484375,-0.439453125,-0.048828125,-0.50048828125
0,-0.47607421875,-0.439453125,0.09765625,-0.048828125,0.06103515625,-0.4150390625,0.09765625,0,-0.15869140625,-0.09765625,-0.10986328125,-0.93994140625,-0.45166015625,1.01318359375,0.146484375,-0.244140625,-0.390625,-0.9033203125,0.29296875,-0.42724609375,-0.32958984375,0.64697265625,-0.0732421875,-1.0498046875,-0.0732421875,-0.18310546875,-0.09765625,-0.76904296875,-0.1708984375,0.87890625,-0.28076171875,0.2197265625,-0.0732421875,-0.3173828125,0.09765625,-0.8544921875,-0.4150390625,-0.390625,-0.1220703125,-0.7568359375,-0.2197265625,-0.1708984375,-0.35400390625,-0.6591796875,-0.244140625,-0.390625,-0.32958984375,0.64697265625,-0.0732421875,1.1962890625,-0.06103515625,0.537109375,-0.06103515625,-0.1708984375,-0.048828125,0.74462890625,0.146484375,0.9033203125,-0.048828125,0.45166015625,-0.146484375,0.6591796875,0.37841796875,0.09765625,-0.1220703125,0.20751953125,0,1.03759765625,0.09765625,0.1953125,-0.1708984375,0.1708984375,-0.244140625,0.2685546875,0.08544921875,0.86669921875,0.0244140625,0.03662109375,0.1953125,1.35498046875,0.08544921875,-0.93994140625,0.0732421875,-0.32958984375,0.28076171875,-0.96435546875,-0.10986328125,-0.76904296875,-0.29296875,-1.5380859375,-0.1708984375,-0.2685546875,-0.29296875,-0.244140625,0.03662109375,-1.13525390625,-0.13427734375,3.23486328125,0.01220703125,3.1982421875,-0.0244140625,2.13623046875,0.146484375,6.8115234375,-0.13427734375,-0.69580078125,0.09765625,-1.46484375,-0.1953125,-1.01318359375,-0.10986328125,0.439453125,-0.09765625,0.30517578125,-0.0244140625,-0.06103515625,-0.0732421875,0.01220703125,0.0732421875,0.08544921875,-0.25634765625,-0.0244140625,-0.2197265625,0.830078125,-0.1708984375,-0.42724609375,-0.06103515625,-0.48828125
0,-0.4638671875,-0.42724609375,0.06103515625,-0.03662109375,0.03662109375,-0.40283203125,0.0732421875,0,-0.146484375,-0.10986328125,-0.10986328125,-0.93994140625,-0.439453125,1.01318359375,0.146484375,-0.244140625,-0.32958984375,-0.9033203125,0.341796875,-0.42724609375,-0.35400390625,0.68359375,0.10986328125,-1.06201171875,-0.1953125,-0.18310546875,-0.10986328125,-0.76904296875,-0.29296875,0.89111328125,-0.40283203125,0.2197265625,-0.146484375,-0.3173828125,0,-0.830078125,-0.390625,-0.390625,-0.13427734375,-0.7568359375,-0.25634765625,-0.18310546875,-0.29296875,-0.6591796875,-0.341796875,-0.37841796875,-0.32958984375,0.64697265625,-0.09765625,1.171875,-0.0732421875,0.537109375,0.048828125,-0.1953125,0.03662109375,0.7568359375,0.06103515625,1.01318359375,-0.01220703125,0.4638671875,-0.13427734375,0.62255859375,0.40283203125,0.1220703125,-0.048828125,0.23193359375,0.048828125,1.07421875,0.08544921875,0.20751953125,-0.13427734375,0.2197265625,-0.1953125,0.2685546875,0.10986328125,0.86669921875,0.0244140625,0.0244140625,0.15869140625,1.35498046875,0.10986328125,-0.9521484375,0.1220703125,-0.32958984375,0.18310546875,-0.96435546875,-0.08544921875,-0.78125,-0.2197265625,-1.5625,-0.15869140625,-0.2685546875,-0.244140625,-0.2685546875,0.1220703125,-1.1474609375,-0.1708984375,3.90625,0.1220703125,3.84521484375,0.08544921875,2.67333984375,0.244140625,7.8857421875,-0.2197265625,-0.69580078125,0.0244140625,-1.46484375,-0.10986328125,-1.03759765625,-0.08544921875,0.439453125,-0.09765625,0.32958984375,-0.01220703125,-0.048828125,-0.0732421875,-0.01220703125,0.09765625,0.0732421875,-0.2685546875,-0.0244140625,-0.2197265625,0.8544921875,-0.1708984375,-0.42724609375,-0.03662109375,-0.5126953125
0,-0.48828125,-0.42724609375,0.0244140625,-0.03662109375,0.048828125,-0.390625,0.06103515625,0.0244140625,-0.15869140625,-0.146484375,-0.08544921875,-0.91552734375,-0.439453125,1.0009765625,0.146484375,-0.23193359375,-0.244140625,-0.9033203125,0.341796875,-0.439453125,-0.29296875,0.6591796875,0.2685546875,-1.0498046875,-0.244140625,-0.1953125,-0.15869140625,-0.74462890625,-0.4150390625,0.9033203125,-0.42724609375,0.244140625,-0.1220703125,-0.30517578125,-0.1220703125,-0.830078125,-0.341796875,-0.3662109375,-0.09765625,-0.7568359375,-0.25634765625,-0.1953125,-0.244140625,-0.6591796875,-0.45166015625,-0.3662109375,-0.29296875,0.6591796875,-0.048828125,1.15966796875,-0.18310546875,0.52490234375,0.1708984375,-0.2197265625,0.10986328125,0.76904296875,-0.01220703125,1.0986328125,0,0.45166015625,-0.1220703125,0.59814453125,0.45166015625,0.146484375,0.0244140625,0.25634765625,0.1220703125,1.0498046875,0.08544921875,0.244140625,-0.1220703125,0.2197265625,-0.13427734375,0.30517578125,0.10986328125,0.87890625,-0.01220703125,0.01220703125,0.10986328125,1.3671875,0.1220703125,-0.9521484375,0.13427734375,-0.341796875,0.0244140625,-0.93994140625,-0.01220703125,-0.79345703125,-0.1220703125,-1.5380859375,-0.1220703125,-0.28076171875,-0.15869140625,-0.29296875,0.15869140625,-1.15966796875,-0.20751953125,4.4189453125,0.18310546875,4.345703125,0.10986328125,3.1005859375,0.25634765625,8.80126953125,-0.29296875,-0.64697265625,-0.048828125,-1.45263671875,-0.0732421875,-1.03759765625,-0.146484375,0.42724609375,-0.1220703125,0.30517578125,-0.01220703125,-0.0732421875,-0.0732421875,-0.01220703125,0.13427734375,0.06103515625,-0.28076171875,-0.01220703125,-0.1953125,0.8544921875,-0.1708984375,-0.439453125,-0.03662109375,-0.48828125
0,-0.47607421875,-0.4150390625,-0.01220703125,-0.09765625,0.01220703125,-0.390625,0.0732421875,0.0244140625,-0.1708984375,-0.13427734375,-0.06103515625,-0.91552734375,-0.45166015625,0.98876953125,0.08544921875,-0.244140625,-0.1708984375,-0.9033203125,0.3173828125,-0.42724609375,-0.1953125,0.67138671875,0.341796875,-1.025390625,-0.2685546875,-0.20751953125,-0.20751953125,-0.78125,-0.4638671875,0.89111328125,-0.37841796875,0.244140625,-0.0732421875,-0.28076171875,-0.23193359375,-0.84228515625,-0.28076171875,-0.390625,-0.048828125,-0.7568359375,-0.18310546875,-0.20751953125,-0.18310546875,-0.64697265625,-0.5126953125,-0.3662109375,-0.29296875,0.64697265625,-0.01220703125,1.171875,-0.1708984375,0.50048828125,0.25634765625,-0.23193359375,0.15869140625,0.74462890625,-0.1220703125,1.171875,0,0.42724609375,-0.08544921875,0.5615234375,0.45166015625,0.15869140625,0.10986328125,0.28076171875,0.18310546875,1.06201171875,0.10986328125,0.25634765625,-0.048828125,0.23193359375,-0.08544921875,0.32958984375,0.146484375,0.89111328125,-0.03662109375,0.01220703125,0.0732421875,1.3671875,0.1708984375,-0.9765625,0.13427734375,-0.3173828125,-0.15869140625,-0.96435546875,0.048828125,-0.79345703125,-0.08544921875,-1.5380859375,-0.1220703125,-0.28076171875,-0.06103515625,-0.30517578125,0.1708984375,-1.171875,-0.1953125,4.7607421875,0.18310546875,4.72412109375,0.08544921875,3.3447265625,0.10986328125,9.53369140625,-0.28076171875,-0.64697265625,-0.10986328125,-1.45263671875,-0.0732421875,-1.0498046875,-0.1953125,0.42724609375,-0.10986328125,0.30517578125,0,-0.06103515625,-0.0732421875,-0.0244140625,0.13427734375,0.048828125,-0.29296875,0,-0.18310546875,0.87890625,-0.146484375,-0.439453125,-0.048828125,-0.48828125
1,-0.50048828125,-0.37841796875,0,-0.146484375,0.01220703125,-0.37841796875,0.08544921875,0.0244140625,-0.146484375,-0.13427734375,-0.06103515625,-0.91552734375,-0.42724609375,0.98876953125,0.048828125,-0.25634765625,-0.09765625,-0.9033203125,0.28076171875,-0.42724609375,-0.08544921875,0.6591796875,0.29296875,-1.03759765625,-0.2685546875,-0.23193359375,-0.2685546875,-0.79345703125,-0.48828125,0.87890625,-0.30517578125,0.244140625,0.01220703125,-0.28076171875,-0.32958984375,-0.830078125,-0.2197265625,-0.37841796875,-0.01220703125,-0.7568359375,-0.10986328125,-0.1953125,-0.18310546875,-0.64697265625,-0.50048828125,-0.35400390625,-0.2685546875,0.6591796875,0.0244140625,1.18408203125,-0.20751953125,0.47607421875,0.341796875,-0.244140625,0.15869140625,0.72021484375,-0.1708984375,1.1962890625,-0.01220703125,0.40283203125,0,0.52490234375,0.37841796875,0.13427734375,0.1220703125,0.29296875,0.2197265625,1.0498046875,0.1220703125,0.2685546875,-0.01220703125,0.25634765625,-0.06103515625,0.32958984375,0.1708984375,0.89111328125,-0.06103515625,0.01220703125,0.048828125,1.3671875,0.1708984375,-1.0009765625,0.10986328125,-0.3173828125,-0.3173828125,-0.93994140625,0.08544921875,-0.8056640625,-0.048828125,-1.55029296875,-0.1220703125,-0.29296875,0.048828125,-0.3173828125,0.13427734375,-1.18408203125,-0.08544921875,4.9072265625,0.1953125,4.91943359375,0.01220703125,3.4912109375,0.06103515625,10.02197265625,-0.2197265625,-0.6103515625,-0.1708984375,-1.46484375,-0.08544921875,-1.06201171875,-0.20751953125,0.42724609375,-0.10986328125,0.29296875,0,-0.0732421875,-0.0732421875,-0.03662109375,0.13427734375,0.048828125,-0.28076171875,0.01220703125,-0.1708984375,0.86669921875,-0.13427734375,-0.47607421875,-0.01220703125,-0.50048828125
1,-0.5126953125,-0.3662109375,0,-0.1953125,-0.01220703125,-0.37841796875,0.06103515625,0,-0.15869140625,-0.13427734375,-0.048828125,-0.9033203125,-0.4150390625,0.98876953125,0.03662109375,-0.28076171875,-0.048828125,-0.89111328125,0.244140625,-0.439453125,0.0732421875,0.67138671875,0.25634765625,-1.03759765625,-0.244140625,-0.2197265625,-0.30517578125,-0.8056640625,-0.48828125,0.87890625,-0.1708984375,0.25634765625,0.03662109375,-0.3173828125,-0.35400390625,-0.8544921875,-0.15869140625,-0.390625,0.0732421875,-0.74462890625,0.03662109375,-0.18310546875,-0.23193359375,-0.6591796875,-0.4638671875,-0.35400390625,-0.28076171875,0.67138671875,0.08544921875,1.20849609375,-0.244140625,0.4638671875,0.3173828125,-0.244140625,0.1708984375,0.732421875,-0.20751953125,1.25732421875,-0.048828125,0.42724609375,0.06103515625,0.50048828125,0.35400390625,0.1220703125,0.13427734375,0.30517578125,0.28076171875,1.0498046875,0.146484375,0.2685546875,0.01220703125,0.244140625,-0.0244140625,0.32958984375,0.1708984375,0.9033203125,-0.08544921875,0.01220703125,0.01220703125,1.35498046875,0.15869140625,-1.01318359375,0.06103515625,-0.3173828125,-0.37841796875,-0.93994140625,0.048828125,-0.79345703125,-0.0244140625,-1.55029296875,-0.13427734375,-0.29296875,0.13427734375,-0.35400390625,0.10986328125,-1.171875,-0.0244140625,4.8828125,0.10986328125,4.9560546875,-0.13427734375,3.52783203125,0.06103515625,10.29052734375,-0.146484375,-0.62255859375,-0.20751953125,-1.47705078125,-0.15869140625,-1.08642578125,-0.20751953125,0.4150390625,-0.08544921875,0.3173828125,0,-0.048828125,-0.0732421875,-0.0244140625,0.15869140625,0.0732421875,-0.28076171875,0.01220703125,-0.15869140625,0.89111328125,-0.09765625,-0.47607421875,-0.01220703125,-0.50048828125
1,-0.5126953125,-0.3662109375,0,-0.25634765625,0.01220703125,-0.390625,0.048828125,-0.01220703125,-0.1220703125,-0.1220703125,-0.03662109375,-0.91552734375,-0.40283203125,0.98876953125,0.0244140625,-0.2685546875,0,-0.89111328125,0.20751953125,-0.40283203125,0.13427734375,0.6591796875,0.1708984375,-1.01318359375,-0.2197265625,-0.2197265625,-0.32958984375,-0.830078125,-0.4150390625,0.87890625,-0.06103515625,0.25634765625,0.03662109375,-0.3173828125,-0.35400390625,-0.84228515625,-0.1220703125,-0.37841796875,0.09765625,-0.732421875,0.1953125,-0.15869140625,-0.3173828125,-0.6591796875,-0.37841796875,-0.35400390625,-0.25634765625,0.68359375,0.10986328125,1.1962890625,-0.244140625,0.439453125,0.28076171875,-0.20751953125,0.146484375,0.72021484375,-0.25634765625,1.26953125,-0.0732421875,0.42724609375,-0.048828125,0.48828125,0.3173828125,0.08544921875,0.1708984375,0.29296875,0.28076171875,1.025390625,0.13427734375,0.2685546875,0.048828125,0.23193359375,0.01220703125,0.28076171875,0.15869140625,0.9033203125,-0.10986328125,0.01220703125,0.01220703125,1.3427734375,0.1220703125,-1.01318359375,0,-0.3173828125,-0.341796875,-0.96435546875,-0.03662109375,-0.78125,0.01220703125,-1.5380859375,-0.146484375,-0.29296875,0.146484375,-0.341796875,0.09765625,-1.1962890625,0.0732421875,4.79736328125,0.0732421875,4.8828125,-0.18310546875,3.466796875,0.18310546875,10.36376953125,-0.0732421875,-0.64697265625,-0.244140625,-1.47705078125,-0.15869140625,-1.06201171875,-0.146484375,0.4150390625,-0.09765625,0.3173828125,-0.01220703125,-0.048828125,-0.09765625,-0.01220703125,0.13427734375,0.06103515625,-0.2685546875,0.0244140625,-0.1708984375,0.89111328125,-0.06103515625,-0.439453125,0,-0.47607421875
1,-0.48828125,-0.3662109375,-0.03662109375,-0.3173828125,0,-0.390625,0.048828125,0,-0.06103515625,-0.10986328125,-0.0244140625,-0.9033203125,-0.42724609375,0.98876953125,0.0244140625,-0.244140625,-0.0244140625,-0.87890625,0.18310546875,-0.40283203125,0.146484375,0.64697265625,0.09765625,-1.025390625,-0.1708984375,-0.2197265625,-0.28076171875,-0.830078125,-0.30517578125,0.87890625,-0.0244140625,0.25634765625,0.0244140625,-0.29296875,-0.35400390625,-0.87890625,-0.10986328125,-0.37841796875,0.13427734375,-0.74462890625,0.30517578125,-0.146484375,-0.3662109375,-0.64697265625,-0.25634765625,-0.35400390625,-0.32958984375,0.68359375,0.13427734375,1.220703125,-0.20751953125,0.42724609375,0.25634765625,-0.18310546875,0.0732421875,0.7080078125,-0.2685546875,1.2939453125,-0.10986328125,0.45166015625,-0.146484375,0.5126953125,0.28076171875,0.09765625,0.1953125,0.2685546875,0.28076171875,1.01318359375,0.1708984375,0.25634765625,0.06103515625,0.23193359375,0.06103515625,0.25634765625,0.09765625,0.91552734375,-0.10986328125,0.0244140625,0.0244140625,1.318359375,0.1220703125,-1.0498046875,-0.03662109375,-0.32958984375,-0.1953125,-0.9765625,-0.15869140625,-0.8056640625,0.048828125,-1.5380859375,-0.1953125,-0.28076171875,0.13427734375,-0.341796875,0.06103515625,-1.1962890625,0.15869140625,4.65087890625,0.09765625,4.69970703125,-0.2197265625,3.35693359375,0.13427734375,10.24169921875,-0.01220703125,-0.6591796875,-0.20751953125,-1.47705078125,-0.18310546875,-1.07421875,-0.09765625,0.4150390625,-0.08544921875,0.3173828125,0.01220703125,-0.03662109375,-0.0732421875,0,0.08544921875,0.06103515625,-0.28076171875,0.0244140625,-0.146484375,0.9033203125,-0.048828125,-0.45166015625,-0.01220703125,-0.47607421875
1,-0.47607421875,-0.390625,-0.03662109375,-0.32958984375,0,-0.390625,0.048828125,0.0244140625,-0.0244140625,-0.09765625,-0.03662109375,-0.9033203125,-0.42724609375,0.98876953125,0.01220703125,-0.244140625,-0.0732421875,-0.86669921875,0.146484375,-0.40283203125,0.1220703125,0.64697265625,0.048828125,-1.025390625,-0.09765625,-0.20751953125,-0.23193359375,-0.81787109375,-0.18310546875,0.89111328125,0.01220703125,0.244140625,0.01220703125,-0.30517578125,-0.30517578125,-0.9033203125,-0.1220703125,-0.3662109375,0.13427734375,-0.74462890625,0.40283203125,-0.13427734375,-0.37841796875,-0.64697265625,-0.13427734375,-0.35400390625,-0.341796875,0.7080078125,0.146484375,1.18408203125,-0.15869140625,0.42724609375,0.1953125,-0.146484375,0.0244140625,0.72021484375,-0.29296875,1.28173828125,-0.10986328125,0.4638671875,-0.1953125,0.54931640625,0.32958984375,0.0732421875,0.28076171875,0.20751953125,0.28076171875,1.01318359375,0.1708984375,0.25634765625,0.08544921875,0.20751953125,0.13427734375,0.23193359375,0.03662109375,0.927734375,-0.10986328125,0.03662109375,0.01220703125,1.2939453125,0.13427734375,-1.0498046875,-0.08544921875,-0.30517578125,-0.03662109375,-0.96435546875,-0.29296875,-0.8056640625,0.048828125,-1.52587890625,-0.20751953125,-0.28076171875,0.01220703125,-0.35400390625,0.0732421875,-1.18408203125,0.15869140625,4.47998046875,0.0732421875,4.4921875,-0.18310546875,3.21044921875,0,9.97314453125,-0.0244140625,-0.69580078125,-0.1708984375,-1.47705078125,-0.1953125,-1.0498046875,-0.06103515625,0.42724609375,-0.0732421875,0.32958984375,0.0244140625,-0.048828125,-0.06103515625,0,0.048828125,0.08544921875,-0.29296875,0,-0.1220703125,0.87890625,-0.048828125,-0.4638671875,-0.01220703125,-0.47607421875
1,-0.4638671875,-0.4150390625,-0.048828125,-0.35400390625,0,-0.42724609375,0.0732421875,0.0244140625,-0.01220703125,-0.09765625,-0.06103515625,-0.91552734375,-0.42724609375,1.01318359375,0,-0.2197265625,-0.1708984375,-0.8544921875,0.1220703125,-0.4150390625,0.03662109375,0.64697265625,-0.0244140625,-1.01318359375,-0.0732421875,-0.1953125,-0.146484375,-0.830078125,-0.09765625,0.9033203125,-0.01220703125,0.244140625,0,-0.3173828125,-0.2197265625,-0.87890625,-0.1220703125,-0.40283203125,0.09765625,-0.74462890625,0.4150390625,-0.09765625,-0.341796875,-0.64697265625,-0.048828125,-0.37841796875,-0.341796875,0.7080078125,0.15869140625,1.171875,-0.146484375,0.42724609375,0.13427734375,-0.146484375,-0.0244140625,0.732421875,-0.244140625,1.26953125,-0.0732421875,0.45166015625,-0.2685546875,0.6103515625,0.35400390625,0.06103515625,0.29296875,0.18310546875,0.1953125,1.0009765625,0.1708984375,0.23193359375,0.06103515625,0.18310546875,0.13427734375,0.23193359375,-0.01220703125,0.9521484375,-0.13427734375,0.01220703125,0.01220703125,1.2939453125,0.13427734375,-1.025390625,-0.1220703125,-0.32958984375,0.1220703125,-0.9765625,-0.35400390625,-0.8056640625,0.048828125,-1.5380859375,-0.23193359375,-0.2685546875,-0.08544921875,-0.3173828125,0.0244140625,-1.171875,0.10986328125,4.30908203125,0.08544921875,4.296875,-0.09765625,3.076171875,-0.10986328125,9.5703125,-0.06103515625,-0.732421875,-0.08544921875,-1.4892578125,-0.23193359375,-1.03759765625,-0.08544921875,0.439453125,-0.0732421875,0.32958984375,0.03662109375,-0.03662109375,-0.0732421875,-0.01220703125,0.01220703125,0.08544921875,-0.29296875,-0.01220703125,-0.10986328125,0.89111328125,-0.048828125,-0.47607421875,-0.0244140625,-0.4638671875
1,-0.48828125,-0.439453125,-0.048828125,-0.35400390625,0,-0.45166015625,0.08544921875,0.01220703125,0.01220703125,-0.09765625,-0.06103515625,-0.91552734375,-0.40283203125,1.01318359375,-0.0244140625,-0.244140625,-0.2685546875,-0.86669921875,0.1220703125,-0.439453125,-0.10986328125,0.634765625,-0.0732421875,-1.025390625,-0.0732421875,-0.20751953125,-0.048828125,-0.8056640625,-0.01220703125,0.9033203125,-0.03662109375,0.23193359375,0.08544921875,-0.3173828125,-0.146484375,-0.9033203125,-0.1220703125,-0.3662109375,0.10986328125,-0.732421875,0.390625,-0.10986328125,-0.30517578125,-0.6591796875,0.0244140625,-0.40283203125,-0.3173828125,0.7080078125,0.1708984375,1.15966796875,-0.10986328125,0.47607421875,0.03662109375,-0.10986328125,-0.0244140625,0.74462890625,-0.1953125,1.220703125,-0.03662109375,0.45166015625,-0.3173828125,0.68359375,0.30517578125,0.048828125,0.32958984375,0.1708984375,0.09765625,1.0009765625,0.20751953125,0.20751953125,0.0244140625,0.18310546875,0.146484375,0.20751953125,-0.03662109375,0.9521484375,-0.13427734375,0.0244140625,0.01220703125,1.28173828125,0.13427734375,-0.9765625,-0.146484375,-0.341796875,0.20751953125,-0.96435546875,-0.40283203125,-0.8056640625,-0.0244140625,-1.50146484375,-0.25634765625,-0.244140625,-0.1953125,-0.28076171875,0,-1.171875,0,4.1259765625,0.10986328125,4.06494140625,-0.01220703125,2.94189453125,-0.244140625,9.09423828125,-0.10986328125,-0.732421875,0.048828125,-1.4892578125,-0.2685546875,-1.025390625,-0.1220703125,0.45166015625,-0.10986328125,0.341796875,0.03662109375,-0.03662109375,-0.0732421875,-0.01220703125,-0.048828125,0.08544921875,-0.29296875,-0.03662109375,-0.09765625,0.89111328125,-0.06103515625,-0.4638671875,-0.03662109375,-0.45166015625
1,-0.4638671875,-0.42724609375,-0.048828125,-0.32958984375,0,-0.45166015625,0.08544921875,-0.01220703125,0.03662109375,-0.1220703125,-0.06103515625,-0.91552734375,-0.4150390625,1.0009765625,-0.01220703125,-0.25634765625,-0.341796875,-0.87890625,0.10986328125,-0.4150390625,-0.23193359375,0.64697265625,-0.09765625,-1.025390625,-0.0732421875,-0.18310546875,0.048828125,-0.8056640625,0.03662109375,0.91552734375,-0.03662109375,0.23193359375,0.1953125,-0.3173828125,-0.1220703125,-0.86669921875,-0.15869140625,-0.35400390625,-0.0244140625,-0.74462890625,0.244140625,-0.1220703125,-0.29296875,-0.6591796875,0,-0.40283203125,-0.30517578125,0.68359375,0.146484375,1.123046875,-0.03662109375,0.48828125,-0.0244140625,-0.1220703125,-0.01220703125,0.7568359375,-0.13427734375,1.1962890625,-0.01220703125,0.42724609375,-0.45166015625,0.732421875,0.28076171875,0.03662109375,0.3662109375,0.1708984375,0.01220703125,1.0009765625,0.1953125,0.1953125,0,0.18310546875,0.146484375,0.20751953125,-0.08544921875,0.93994140625,-0.10986328125,0.0244140625,0,1.2939453125,0.10986328125,-0.9521484375,-0.1708984375,-0.32958984375,0.23193359375,-0.98876953125,-0.341796875,-0.78125,-0.09765625,-1.513671875,-0.30517578125,-0.2197265625,-0.2685546875,-0.25634765625,-0.048828125,-1.1962890625,-0.0732421875,3.9306640625,0.0732421875,3.8818359375,0.06103515625,2.77099609375,-0.3173828125,8.5693359375,-0.146484375,-0.72021484375,0.1708984375,-1.4892578125,-0.28076171875,-1.025390625,-0.146484375,0.439453125,-0.10986328125,0.341796875,0.0244140625,-0.03662109375,-0.06103515625,0,-0.08544921875,0.09765625,-0.28076171875,-0.03662109375,-0.09765625,0.86669921875,-0.048828125,-0.47607421875,-0.06103515625,-0.4638671875
1,-0.4638671875,-0.4150390625,-0.08544921875,-0.30517578125,0.01220703125,-0.45166015625,0.09765625,-0.01220703125,0.03662109375,-0.10986328125,-0.06103515625,-0.927734375,-0.42724609375,1.025390625,0,-0.2685546875,-0.3662109375,-0.87890625,0.09765625,-0.4150390625,-0.341796875,0.64697265625,-0.1220703125,-1.03759765625,-0.08544921875,-0.1708984375,0.09765625,-0.79345703125,0.0244140625,0.9033203125,-0.048828125,0.1953125,0.28076171875,-0.29296875,-0.146484375,-0.86669921875,-0.1708984375,-0.35400390625,-0.03662109375,-0.732421875,0.01220703125,-0.146484375,-0.2685546875,-0.64697265625,-0.01220703125,-0.40283203125,-0.341796875,0.68359375,0.08544921875,1.0986328125,0.03662109375,0.50048828125,-0.09765625,-0.15869140625,-0.01220703125,0.732421875,-0.0732421875,1.123046875,0.01220703125,0.4150390625,-0.62255859375,0.79345703125,0.15869140625,0.048828125,0.341796875,0.18310546875,-0.09765625,1.01318359375,0.18310546875,0.18310546875,-0.048828125,0.20751953125,0.10986328125,0.23193359375,-0.09765625,0.93994140625,-0.048828125,0.0244140625,-0.01220703125,1.3427734375,0.09765625,-0.93994140625,-0.15869140625,-0.32958984375,0.18310546875,-0.9765625,-0.20751953125,-0.78125,-0.09765625,-1.513671875,-0.341796875,-0.2197265625,-0.28076171875,-0.25634765625,-0.0732421875,-1.20849609375,-0.15869140625,3.74755859375,-0.01220703125,3.64990234375,0.08544921875,2.60009765625,-0.32958984375,8.04443359375,-0.13427734375,-0.7080078125,0.2197265625,-1.47705078125,-0.244140625,-1.01318359375,-0.146484375,0.439453125,-0.1220703125,0.3173828125,0.03662109375,-0.03662109375,-0.06103515625,0,-0.10986328125,0.10986328125,-0.29296875,-0.0244140625,-0.09765625,0.8544921875,-0.048828125,-0.47607421875,-0.0732421875,-0.47607421875
1,-0.4150390625,-0.390625,-0.09765625,-0.2685546875,0,-0.4150390625,0.09765625,0,0.03662109375,-0.10986328125,-0.0244140625,-0.9521484375,-0.40283203125,0.98876953125,0,-0.2685546875,-0.32958984375,-0.8544921875,0.048828125,-0.439453125,-0.3662109375,0.6591796875,-0.09765625,-1.025390625,-0.09765625,-0.1708984375,0.09765625,-0.78125,-0.03662109375,0.9033203125,-0.048828125,0.20751953125,0.40283203125,-0.29296875,-0.2197265625,-0.86669921875,-0.2197265625,-0.3662109375,-0.15869140625,-0.74462890625,-0.1708984375,-0.1953125,-0.28076171875,-0.634765625,-0.09765625,-0.390625,-0.32958984375,0.6591796875,-0.0244140625,1.0986328125,0.09765625,0.47607421875,-0.15869140625,-0.18310546875,0,0.7568359375,-0.0244140625,1.08642578125,0.09765625,0.4150390625,-0.64697265625,0.81787109375,0.13427734375,0.08544921875,0.3173828125,0.1953125,-0.20751953125,1.025390625,0.1220703125,0.15869140625,-0.10986328125,0.20751953125,0.048828125,0.244140625,-0.10986328125,0.91552734375,-0.01220703125,0.03662109375,-0.06103515625,1.35498046875,0.1220703125,-0.93994140625,-0.146484375,-0.341796875,0.1220703125,-0.96435546875,-0.048828125,-0.76904296875,-0.0732421875,-1.50146484375,-0.3662109375,-0.20751953125,-0.244140625,-0.28076171875,-0.10986328125,-1.18408203125,-0.146484375,3.515625,-0.01220703125,3.43017578125,0.146484375,2.42919921875,-0.2197265625,7.51953125,-0.08544921875,-0.68359375,0.2197265625,-1.47705078125,-0.1953125,-1.025390625,-0.15869140625,0.4150390625,-0.1220703125,0.3173828125,0,-0.03662109375,-0.0732421875,-0.048828125,-0.13427734375,0.09765625,-0.28076171875,-0.0244140625,-0.10986328125,0.8544921875,-0.06103515625,-0.4638671875,-0.0732421875,-0.48828125
1,-0.439453125,-0.3662109375,-0.10986328125,-0.23193359375,0.048828125,-0.40283203125,0.08544921875,-0.0244140625,0.03662109375,-0.1220703125,-0.01220703125,-0.9521484375,-0.390625,1.0009765625,0,-0.28076171875,-0.28076171875,-0.86669921875,-0.01220703125,-0.4150390625,-0.32958984375,0.634765625,-0.0732421875,-1.03759765625,-0.048828125,-0.18310546875,0.0732421875,-0.78125,-0.1220703125,0.9033203125,-0.09765625,0.1953125,0.47607421875,-0.2685546875,-0.28076171875,-0.86669921875,-0.2685546875,-0.390625,-0.20751953125,-0.732421875,-0.2685546875,-0.2197265625,-0.32958984375,-0.634765625,-0.18310546875,-0.3662109375,-0.341796875,0.64697265625,-0.13427734375,1.123046875,0.1220703125,0.4638671875,-0.15869140625,-0.2197265625,-0.048828125,0.732421875,-0.0244140625,1.01318359375,0.1708984375,0.40283203125,-0.78125,0.84228515625,0.1708984375,0.09765625,0.23193359375,0.244140625,-0.2685546875,1.0498046875,0.048828125,0.20751953125,-0.09765625,0.23193359375,-0.03662109375,0.28076171875,-0.09765625,0.9033203125,0.0244140625,0.03662109375,-0.10986328125,1.3671875,0.1220703125,-0.93994140625,-0.09765625,-0.341796875,0.0732421875,-0.93994140625,0.146484375,-0.76904296875,0,-1.50146484375,-0.341796875,-0.23193359375,-0.18310546875,-0.28076171875,-0.146484375,-1.15966796875,-0.15869140625,3.23486328125,-0.08544921875,3.21044921875,0.13427734375,2.23388671875,-0.23193359375,7.0068359375,-0.0244140625,-0.64697265625,0.13427734375,-1.47705078125,-0.146484375,-1.03759765625,-0.15869140625,0.4150390625,-0.146484375,0.3173828125,0.01220703125,-0.0244140625,-0.0732421875,-0.048828125,-0.1220703125,0.0732421875,-0.29296875,-0.0244140625,-0.10986328125,0.84228515625,-0.048828125,-0.47607421875,-0.08544921875,-0.47607421875
1,-0.45166015625,-0.35400390625,-0.08544921875,-0.20751953125,-0.01220703125,-0.390625,0.10986328125,0,0.01220703125,-0.1220703125,0.01220703125,-0.93994140625,-0.42724609375,1.0009765625,0,-0.29296875,-0.1953125,-0.87890625,-0.03662109375,-0.4150390625,-0.23193359375,0.634765625,-0.048828125,-1.01318359375,-0.01220703125,-0.18310546875,-0.0244140625,-0.79345703125,-0.1953125,0.927734375,-0.146484375,0.2197265625,0.537109375,-0.2685546875,-0.32958984375,-0.8544921875,-0.30517578125,-0.4150390625,-0.25634765625,-0.74462890625,-0.29296875,-0.23193359375,-0.4150390625,-0.64697265625,-0.25634765625,-0.35400390625,-0.3662109375,0.67138671875,-0.23193359375,1.13525390625,0.1220703125,0.47607421875,-0.13427734375,-0.2197265625,-0.08544921875,0.732421875,-0.03662109375,0.927734375,0.244140625,0.439453125,-0.634765625,0.830078125,0.15869140625,0.10986328125,0.1953125,0.28076171875,-0.3173828125,1.0498046875,-0.01220703125,0.2197265625,-0.15869140625,0.25634765625,-0.0732421875,0.29296875,-0.08544921875,0.9033203125,0.03662109375,0.01220703125,-0.1220703125,1.3916015625,0.146484375,-0.9765625,-0.03662109375,-0.32958984375,0.0244140625,-0.927734375,0.2685546875,-0.7568359375,0.048828125,-1.513671875,-0.28076171875,-0.2197265625,-0.048828125,-0.28076171875,-0.18310546875,-1.1474609375,-0.146484375,2.96630859375,-0.15869140625,2.96630859375,0.1220703125,2.05078125,-0.1953125,6.57958984375,0.0732421875,-0.6591796875,0.03662109375,-1.4892578125,-0.146484375,-1.0498046875,-0.146484375,0.4150390625,-0.15869140625,0.29296875,-0.01220703125,-0.03662109375,-0.0732421875,-0.06103515625,-0.1220703125,0.08544921875,-0.28076171875,0,-0.08544921875,0.8544921875,-0.048828125,-0.4638671875,-0.08544921875,-0.47607421875
1,-0.439453125,-0.3173828125,-0.09765625,-0.20751953125,-0.0732421875,-0.3662109375,0.10986328125,-0.01220703125,0.0244140625,-0.10986328125,0.01220703125,-0.9521484375,-0.390625,1.0009765625,-0.01220703125,-0.28076171875,-0.10986328125,-0.87890625,-0.01220703125,-0.390625,-0.06103515625,0.6591796875,-0.03662109375,-1.0009765625,0.0732421875,-0.1953125,-0.10986328125,-0.79345703125,-0.25634765625,0.9033203125,-0.20751953125,0.23193359375,0.5859375,-0.25634765625,-0.390625,-0.87890625,-0.3173828125,-0.4150390625,-0.244140625,-0.732421875,-0.25634765625,-0.23193359375,-0.50048828125,-0.62255859375,-0.32958984375,-0.3173828125,-0.3662109375,0.64697265625,-0.25634765625,1.171875,0.10986328125,0.439453125,-0.0732421875,-0.244140625,-0.09765625,0.7080078125,-0.10986328125,0.86669921875,0.1953125,0.439453125,-0.64697265625,0.81787109375,0.1708984375,0.10986328125,0.15869140625,0.35400390625,-0.40283203125,1.06201171875,-0.0732421875,0.2197265625,-0.15869140625,0.25634765625,-0.09765625,0.30517578125,-0.0732421875,0.89111328125,0.03662109375,0,-0.13427734375,1.416015625,0.15869140625,-0.9765625,0.0244140625,-0.35400390625,0.048828125,-0.93994140625,0.32958984375,-0.74462890625,0.06103515625,-1.513671875,-0.2197265625,-0.23193359375,0.0732421875,-0.29296875,-0.1708984375,-1.13525390625,-0.146484375,2.72216796875,-0.1953125,2.74658203125,0.08544921875,1.91650390625,-0.1953125,6.2255859375,0.146484375,-0.6591796875,-0.1220703125,-1.47705078125,-0.1708984375,-1.0498046875,-0.13427734375,0.40283203125,-0.13427734375,0.30517578125,-0.03662109375,-0.03662109375,-0.06103515625,-0.09765625,-0.1220703125,0.0732421875,-0.29296875,-0.03662109375,-0.13427734375,0.8544921875,-0.048828125,-0.47607421875,-0.10986328125,-0.47607421875
1,-0.4150390625,-0.32958984375,-0.10986328125,-0.18310546875,-0.09765625,-0.37841796875,0.09765625,0.01220703125,0.0244140625,-0.10986328125,0.03662109375,-0.927734375,-0.390625,1.0009765625,-0.0732421875,-0.25634765625,-0.03662109375,-0.87890625,0.0244140625,-0.390625,0.09765625,0.6591796875,-0.03662109375,-1.0009765625,0.09765625,-0.18310546875,-0.1708984375,-0.8056640625,-0.341796875,0.9033203125,-0.28076171875,0.25634765625,0.5615234375,-0.2685546875,-0.4150390625,-0.8544921875,-0.341796875,-0.40283203125,-0.244140625,-0.72021484375,-0.18310546875,-0.1953125,-0.6103515625,-0.634765625,-0.32958984375,-0.30517578125,-0.4150390625,0.67138671875,-0.25634765625,1.18408203125,0.03662109375,0.42724609375,-0.03662109375,-0.23193359375,-0.09765625,0.7080078125,-0.09765625,0.8056640625,0.2197265625,0.4638671875,-0.6103515625,0.78125,0.29296875,0.1220703125,0.03662109375,0.3662109375,-0.4150390625,1.07421875,-0.1220703125,0.244140625,-0.13427734375,0.25634765625,-0.1708984375,0.30517578125,-0.048828125,0.89111328125,0.048828125,0,-0.146484375,1.40380859375,0.18310546875,-1.01318359375,0.06103515625,-0.341796875,0.08544921875,-0.93994140625,0.30517578125,-0.74462890625,0.08544921875,-1.52587890625,-0.13427734375,-0.23193359375,0.15869140625,-0.30517578125,-0.13427734375,-1.07421875,-0.10986328125,2.5390625,-0.23193359375,2.5390625,0,1.7578125,-0.146484375,5.908203125,0.13427734375,-0.64697265625,-0.1953125,-1.45263671875,-0.18310546875,-1.025390625,-0.10986328125,0.4150390625,-0.146484375,0.30517578125,-0.048828125,-0.0244140625,-0.06103515625,-0.10986328125,-0.10986328125,0.0732421875,-0.28076171875,-0.01220703125,-0.15869140625,0.86669921875,-0.048828125,-0.47607421875,-0.09765625,-0.48828125
0,-0.35400390625,-0.32958984375,-0.1220703125,-0.2197265625,-0.09765625,-0.37841796875,0.08544921875,0.0244140625,0.06103515625,-0.13427734375,0.048828125,-0.927734375,-0.37841796875,1.0009765625,-0.09765625,-0.25634765625,0,-0.8544921875,0.08544921875,-0.40283203125,0.25634765625,0.6591796875,-0.06103515625,-0.98876953125,0.10986328125,-0.20751953125,-0.20751953125,-0.81787109375,-0.37841796875,0.87890625,-0.3173828125,0.244140625,0.47607421875,-0.28076171875,-0.439453125,-0.86669921875,-0.30517578125,-0.4150390625,-0.1953125,-0.732421875,-0.08544921875,-0.15869140625,-0.64697265625,-0.64697265625,-0.37841796875,-0.3173828125,-0.42724609375,0.6591796875,-0.25634765625,1.1962890625,-0.06103515625,0.42724609375,-0.0732421875,-0.20751953125,-0.048828125,0.69580078125,-0.0732421875,0.74462890625,0.25634765625,0.4638671875,-0.47607421875,0.74462890625,0.37841796875,0.10986328125,0.0244140625,0.3662109375,-0.439453125,1.0498046875,-0.18310546875,0.244140625,-0.10986328125,0.244140625,-0.20751953125,0.2685546875,-0.048828125,0.89111328125,0.048828125,-0.01220703125,-0.13427734375,1.40380859375,0.1953125,-1.01318359375,0.10986328125,-0.32958984375,0.15869140625,-0.91552734375,0.15869140625,-0.74462890625,0.09765625,-1.513671875,-0.08544921875,-0.244140625,0.23193359375,-0.29296875,-0.08544921875,-1.06201171875,-0.1220703125,2.33154296875,-0.244140625,2.392578125,-0.09765625,1.5869140625,-0.08544921875,5.62744140625,0.10986328125,-0.6591796875,-0.25634765625,-1.4404296875,-0.146484375,-1.03759765625,-0.06103515625,0.42724609375,-0.146484375,0.3173828125,-0.0732421875,-0.0244140625,-0.06103515625,-0.1220703125,-0.10986328125,0.08544921875,-0.25634765625,-0.0244140625,-0.15869140625,0.830078125,-0.03662109375,-0.47607421875,-0.1220703125,-0.4638671875
0,-0.3662109375,-0.3662109375,-0.10986328125,-0.25634765625,-0.10986328125,-0.390625,0.08544921875,0,0.08544921875,-0.1220703125,0.0244140625,-0.9521484375,-0.30517578125,1.0009765625,-0.1220703125,-0.244140625,0,-0.86669921875,0.18310546875,-0.390625,0.32958984375,0.68359375,-0.048828125,-1.0009765625,0.13427734375,-0.20751953125,-0.244140625,-0.81787109375,-0.35400390625,0.89111328125,-0.35400390625,0.2685546875,0.30517578125,-0.28076171875,-0.50048828125,-0.86669921875,-0.23193359375,-0.4150390625,-0.18310546875,-0.72021484375,0.0244140625,-0.15869140625,-0.64697265625,-0.64697265625,-0.35400390625,-0.30517578125,-0.48828125,0.67138671875,-0.20751953125,1.171875,-0.13427734375,0.439453125,-0.08544921875,-0.15869140625,0.0244140625,0.7080078125,-0.10986328125,0.7080078125,0.2685546875,0.47607421875,-0.4150390625,0.732421875,0.37841796875,0.1220703125,0,0.3662109375,-0.45166015625,1.0498046875,-0.23193359375,0.244140625,-0.048828125,0.2197265625,-0.28076171875,0.2685546875,0,0.86669921875,0.06103515625,-0.0244140625,-0.09765625,1.37939453125,0.1953125,-1.0009765625,0.10986328125,-0.35400390625,0.18310546875,-0.93994140625,-0.0244140625,-0.76904296875,0.13427734375,-1.513671875,-0.0244140625,-0.25634765625,0.20751953125,-0.30517578125,0.01220703125,-1.07421875,-0.146484375,2.13623046875,-0.20751953125,2.197265625,-0.15869140625,1.3916015625,0.06103515625,5.28564453125,0.06103515625,-0.67138671875,-0.2197265625,-1.4404296875,-0.10986328125,-1.0498046875,0.0244140625,0.4150390625,-0.146484375,0.3173828125,-0.0732421875,-0.03662109375,-0.08544921875,-0.13427734375,-0.13427734375,0.08544921875,-0.2685546875,0,-0.15869140625,0.8544921875,-0.03662109375,-0.48828125,-0.10986328125,-0.4638671875
0,-0.3662109375,-0.35400390625,-0.09765625,-0.2685546875,-0.09765625,-0.40283203125,0.0732421875,0.01220703125,0.10986328125,-0.146484375,0.01220703125,-0.93994140625,-0.3173828125,0.98876953125,-0.10986328125,-0.23193359375,0.0244140625,-0.87890625,0.2685546875,-0.390625,0.30517578125,0.68359375,-0.01220703125,-1.0009765625,0.06103515625,-0.1953125,-0.1953125,-0.81787109375,-0.3173828125,0.86669921875,-0.35400390625,0.25634765625,0.13427734375,-0.30517578125,-0.537109375,-0.8544921875,-0.1708984375,-0.4150390625,-0.09765625,-0.732421875,0.1220703125,-0.1220703125,-0.537109375,-0.64697265625,-0.341796875,-0.32958984375,-0.50048828125,0.67138671875,-0.13427734375,1.171875,-0.1953125,0.4638671875,-0.1220703125,-0.146484375,0.06103515625,0.72021484375,-0.18310546875,0.68359375,0.25634765625,0.48828125,-0.23193359375,0.74462890625,0.3662109375,0.13427734375,-0.048828125,0.32958984375,-0.439453125,1.025390625,-0.2685546875,0.2197265625,-0.01220703125,0.1953125,-0.341796875,0.2197265625,0.048828125,0.89111328125,0.03662109375,-0.0244140625,-0.0244140625,1.35498046875,0.15869140625,-1.0009765625,0.08544921875,-0.341796875,0.18310546875,-0.927734375,-0.2197265625,-0.79345703125,0.20751953125,-1.5380859375,0.03662109375,-0.25634765625,0.15869140625,-0.29296875,0.13427734375,-1.06201171875,-0.10986328125,1.953125,-0.13427734375,1.9775390625,-0.15869140625,1.23291015625,0.2197265625,4.89501953125,-0.06103515625,-0.72021484375,-0.1708984375,-1.4404296875,-0.08544921875,-1.03759765625,0.048828125,0.42724609375,-0.15869140625,0.32958984375,-0.08544921875,-0.048828125,-0.0732421875,-0.13427734375,-0.1220703125,0.10986328125,-0.28076171875,-0.01220703125,-0.15869140625,0.84228515625,-0.03662109375,-0.4638671875,-0.09765625,-0.4638671875
0,-0.35400390625,-0.3662109375,-0.13427734375,-0.3173828125,-0.10986328125,-0.439453125,0.0732421875,0,0.1220703125,-0.13427734375,0.01220703125,-0.927734375,-0.2197265625,1.025390625,-0.13427734375,-0.244140625,0,-0.89111328125,0.35400390625,-0.37841796875,0.2685546875,0.68359375,0.048828125,-1.0009765625,0,-0.20751953125,-0.13427734375,-0.81787109375,-0.2685546875,0.86669921875,-0.32958984375,0.244140625,0.06103515625,-0.32958984375,-0.48828125,-0.86669921875,-0.06103515625,-0.40283203125,-0.09765625,-0.72021484375,0.146484375,-0.10986328125,-0.4150390625,-0.634765625,-0.30517578125,-0.35400390625,-0.47607421875,0.6591796875,-0.048828125,1.13525390625,-0.2197265625,0.48828125,-0.13427734375,-0.1220703125,0.03662109375,0.72021484375,-0.244140625,0.64697265625,0.23193359375,0.47607421875,-0.048828125,0.72021484375,0.341796875,0.13427734375,-0.0732421875,0.25634765625,-0.40283203125,1.025390625,-0.3173828125,0.20751953125,0,0.15869140625,-0.37841796875,0.20751953125,0.0732421875,0.91552734375,0.03662109375,-0.03662109375,0.0244140625,1.33056640625,0.146484375,-1.0009765625,0.06103515625,-0.35400390625,0.146484375,-0.96435546875,-0.37841796875,-0.78125,0.25634765625,-1.5380859375,0.08544921875,-0.244140625,0.1220703125,-0.29296875,0.23193359375,-1.0986328125,-0.1220703125,1.74560546875,-0.0732421875,1.72119140625,-0.146484375,1.07421875,0.13427734375,4.40673828125,-0.1220703125,-0.78125,-0.09765625,-1.416015625,-0.06103515625,-1.03759765625,0.0244140625,0.4150390625,-0.18310546875,0.341796875,-0.0732421875,-0.03662109375,-0.0732421875,-0.1220703125,-0.1220703125,0.1220703125,-0.244140625,-0.01220703125,-0.1708984375,0.84228515625,-0.06103515625,-0.4638671875,-0.08544921875,-0.48828125
0,-0.3173828125,-0.390625,-0.13427734375,-0.341796875,-0.13427734375,-0.42724609375,0.06103515625,0,0.13427734375,-0.10986328125,-0.0244140625,-0.96435546875,-0.18310546875,1.01318359375,-0.146484375,-0.244140625,-0.0732421875,-0.87890625,0.4150390625,-0.390625,0.15869140625,0.67138671875,0.15869140625,-1.0009765625,-0.03662109375,-0.20751953125,-0.06103515625,-0.81787109375,-0.244140625,0.87890625,-0.2197265625,0.23193359375,0.048828125,-0.32958984375,-0.47607421875,-0.86669921875,0,-0.42724609375,-0.01220703125,-0.732421875,0.146484375,-0.10986328125,-0.30517578125,-0.6591796875,-0.29296875,-0.390625,-0.45166015625,0.6591796875,0.03662109375,1.123046875,-0.32958984375,0.47607421875,-0.18310546875,-0.1220703125,0.01220703125,0.74462890625,-0.2685546875,0.634765625,0.23193359375,0.4638671875,0,0.74462890625,0.3662109375,0.146484375,-0.146484375,0.1953125,-0.3662109375,1.025390625,-0.2685546875,0.2197265625,0,0.1708984375,-0.4150390625,0.2197265625,0.09765625,0.9033203125,0,0.01220703125,0.06103515625,1.33056640625,0.08544921875,-1.01318359375,0,-0.341796875,0.0244140625,-1.0009765625,-0.45166015625,-0.81787109375,0.25634765625,-1.5380859375,0.08544921875,-0.28076171875,0.0244140625,-0.30517578125,0.29296875,-1.123046875,-0.09765625,1.50146484375,0.0244140625,1.45263671875,-0.15869140625,0.830078125,0.18310546875,3.7353515625,-0.2197265625,-0.78125,-0.0244140625,-1.4404296875,-0.08544921875,-1.025390625,-0.01220703125,0.45166015625,-0.1953125,0.32958984375,-0.0732421875,-0.06103515625,-0.0732421875,-0.1220703125,-0.1220703125,0.10986328125,-0.25634765625,-0.0244140625,-0.13427734375,0.830078125,-0.08544921875,-0.48828125,-0.08544921875,-0.48828125
0,-0.30517578125,-0.42724609375,-0.1708984375,-0.32958984375,-0.18310546875,-0.439453125,0.0732421875,0.01220703125,0.1708984375,-0.09765625,-0.03662109375,-0.9521484375,-0.2197265625,1.03759765625,-0.15869140625,-0.2197265625,-0.1220703125,-0.91552734375,0.390625,-0.390625,0.03662109375,0.67138671875,0.244140625,-1.0009765625,-0.08544921875,-0.20751953125,0.01220703125,-0.81787109375,-0.2197265625,0.86669921875,-0.08544921875,0.2197265625,0.15869140625,-0.35400390625,-0.5126953125,-0.87890625,0.08544921875,-0.439453125,0.01220703125,-0.732421875,0.146484375,-0.15869140625,-0.23193359375,-0.64697265625,-0.244140625,-0.40283203125,-0.390625,0.64697265625,0.0732421875,1.0986328125,-0.3662109375,0.48828125,-0.2197265625,-0.13427734375,-0.0244140625,0.732421875,-0.25634765625,0.62255859375,0.244140625,0.4638671875,0.1220703125,0.7568359375,0.37841796875,0.146484375,-0.23193359375,0.15869140625,-0.30517578125,1.01318359375,-0.2197265625,0.18310546875,-0.01220703125,0.15869140625,-0.42724609375,0.2197265625,0.1220703125,0.93994140625,0.03662109375,0,0.09765625,1.318359375,0.048828125,-1.0009765625,-0.0244140625,-0.37841796875,-0.1220703125,-1.025390625,-0.4150390625,-0.830078125,0.25634765625,-1.55029296875,0.048828125,-0.28076171875,-0.03662109375,-0.28076171875,0.2685546875,-1.171875,-0.10986328125,1.18408203125,0.048828125,1.13525390625,-0.15869140625,0.52490234375,0.1708984375,2.9541015625,-0.244140625,-0.76904296875,0.03662109375,-1.45263671875,-0.1220703125,-1.025390625,-0.06103515625,0.45166015625,-0.18310546875,0.32958984375,-0.0732421875,-0.06103515625,-0.0732421875,-0.10986328125,-0.09765625,0.09765625,-0.25634765625,-0.01220703125,-0.146484375,0.8056640625,-0.08544921875,-0.48828125,-0.09765625,-0.50048828125
0,-0.2685546875,-0.4150390625,-0.146484375,-0.3173828125,-0.18310546875,-0.42724609375,0.06103515625,0.0244140625,0.15869140625,-0.09765625,-0.048828125,-0.93994140625,-0.1708984375,1.025390625,-0.1708984375,-0.23193359375,-0.15869140625,-0.9033203125,0.32958984375,-0.40283203125,-0.06103515625,0.64697265625,0.3662109375,-1.0009765625,-0.13427734375,-0.20751953125,0.06103515625,-0.79345703125,-0.15869140625,0.89111328125,0.0244140625,0.2197265625,0.30517578125,-0.341796875,-0.47607421875,-0.87890625,0.15869140625,-0.4638671875,0.08544921875,-0.7568359375,0.18310546875,-0.1953125,-0.18310546875,-0.6591796875,-0.20751953125,-0.4150390625,-0.32958984375,0.62255859375,0.0732421875,1.123046875,-0.29296875,0.48828125,-0.244140625,-0.146484375,-0.0732421875,0.732421875,-0.15869140625,0.64697265625,0.20751953125,0.48828125,0.09765625,0.81787109375,0.390625,0.1953125,-0.244140625,0.1220703125,-0.25634765625,1.025390625,-0.1953125,0.1953125,-0.03662109375,0.15869140625,-0.40283203125,0.23193359375,0.13427734375,0.91552734375,0.03662109375,0.01220703125,0.09765625,1.33056640625,0,-1.0009765625,-0.03662109375,-0.3662109375,-0.25634765625,-1.01318359375,-0.341796875,-0.830078125,0.2197265625,-1.5380859375,-0.01220703125,-0.28076171875,-0.0732421875,-0.2685546875,0.20751953125,-1.1962890625,-0.1220703125,0.830078125,0.01220703125,0.79345703125,-0.18310546875,0.23193359375,0.1953125,2.1484375,-0.146484375,-0.732421875,0.03662109375,-1.45263671875,-0.15869140625,-1.0498046875,-0.09765625,0.439453125,-0.20751953125,0.32958984375,-0.0732421875,-0.06103515625,-0.0732421875,-0.10986328125,-0.09765625,0.10986328125,-0.23193359375,-0.01220703125,-0.15869140625,0.81787109375,-0.09765625,-0.48828125,-0.10986328125,-0.52490234375
0,-0.28076171875,-0.40283203125,-0.146484375,-0.29296875,-0.146484375,-0.40283203125,0.06103515625,0.03662109375,0.1708984375,-0.08544921875,-0.03662109375,-0.9521484375,-0.18310546875,1.025390625,-0.15869140625,-0.23193359375,-0.15869140625,-0.89111328125,0.20751953125,-0.390625,-0.08544921875,0.62255859375,0.390625,-1.0009765625,-0.10986328125,-0.20751953125,0.08544921875,-0.78125,-0.1220703125,0.89111328125,0.1708984375,0.2197265625,0.45166015625,-0.32958984375,-0.5615234375,-0.87890625,0.1708984375,-0.47607421875,0.08544921875,-0.76904296875,0.18310546875,-0.23193359375,-0.20751953125,-0.64697265625,-0.1708984375,-0.4150390625,-0.3173828125,0.62255859375,0.06103515625,1.13525390625,-0.2685546875,0.48828125,-0.25634765625,-0.146484375,-0.09765625,0.7080078125,-0.06103515625,0.64697265625,0.244140625,0.5126953125,0.08544921875,0.86669921875,0.40283203125,0.244140625,-0.244140625,0.146484375,-0.1953125,1.025390625,-0.13427734375,0.2197265625,-0.06103515625,0.15869140625,-0.341796875,0.25634765625,0.13427734375,0.89111328125,0.03662109375,0.01220703125,0.0732421875,1.30615234375,-0.048828125,-1.01318359375,-0.06103515625,-0.35400390625,-0.3662109375,-1.03759765625,-0.1953125,-0.81787109375,0.18310546875,-1.5380859375,-0.0732421875,-0.2685546875,-0.13427734375,-0.30517578125,0.08544921875,-1.23291015625,-0.1220703125,0.439453125,-0.048828125,0.45166015625,-0.20751953125,-0.0732421875,0.25634765625,1.37939453125,-0.048828125,-0.68359375,0.0732421875,-1.46484375,-0.18310546875,-1.03759765625,-0.08544921875,0.42724609375,-0.18310546875,0.30517578125,-0.0732421875,-0.06103515625,-0.048828125,-0.1220703125,-0.0732421875,0.08544921875,-0.23193359375,-0.03662109375,-0.15869140625,0.8056640625,-0.09765625,-0.50048828125,-0.10986328125,-0.5126953125
0,-0.2685546875,-0.4150390625,-0.2197265625,-0.28076171875,-0.13427734375,-0.40283203125,0.06103515625,0.0244140625,0.15869140625,-0.08544921875,-0.048828125,-0.93994140625,-0.13427734375,1.03759765625,-0.1708984375,-0.2685546875,-0.15869140625,-0.89111328125,0.08544921875,-0.40283203125,-0.06103515625,0.59814453125,0.25634765625,-1.0009765625,-0.06103515625,-0.23193359375,0.10986328125,-0.78125,-0.09765625,0.89111328125,0.23193359375,0.20751953125,0.57373046875,-0.341796875,-0.57373046875,-0.86669921875,0.15869140625,-0.48828125,0.09765625,-0.76904296875,0.1953125,-0.28076171875,-0.28076171875,-0.6591796875,-0.08544921875,-0.40283203125,-0.3173828125,0.62255859375,-0.01220703125,1.15966796875,-0.20751953125,0.45166015625,-0.29296875,-0.1708984375,-0.10986328125,0.69580078125,-0.08544921875,0.7080078125,0.25634765625,0.54931640625,0.06103515625,0.93994140625,0.439453125,0.3173828125,-0.20751953125,0.15869140625,-0.1220703125,1.03759765625,-0.13427734375,0.2197265625,-0.0732421875,0.1708984375,-0.28076171875,0.28076171875,0.146484375,0.89111328125,0.03662109375,0.01220703125,0.06103515625,1.3427734375,-0.048828125,-1.025390625,-0.09765625,-0.35400390625,-0.3662109375,-1.025390625,-0.048828125,-0.79345703125,0.1708984375,-1.55029296875,-0.1220703125,-0.244140625,-0.18310546875,-0.35400390625,-0.06103515625,-1.2451171875,-0.15869140625,0.09765625,-0.1708984375,0.18310546875,-0.244140625,-0.35400390625,0.244140625,0.79345703125,0.09765625,-0.59814453125,0.0732421875,-1.45263671875,-0.18310546875,-1.03759765625,-0.0732421875,0.42724609375,-0.20751953125,0.30517578125,-0.08544921875,-0.03662109375,-0.0732421875,-0.1220703125,-0.06103515625,0.08544921875,-0.20751953125,-0.03662109375,-0.15869140625,0.8056640625,-0.06103515625,-0.50048828125,-0.13427734375,-0.537109375
0,-0.2685546875,-0.390625,-0.1953125,-0.28076171875,-0.146484375,-0.390625,0.06103515625,0.03662109375,0.146484375,-0.08544921875,-0.03662109375,-0.9521484375,-0.09765625,1.0498046875,-0.1953125,-0.2685546875,-0.1220703125,-0.87890625,-0.03662109375,-0.40283203125,0,0.5859375,0.06103515625,-1.01318359375,0.03662109375,-0.2197265625,0.08544921875,-0.76904296875,-0.0732421875,0.9033203125,0.244140625,0.1953125,0.62255859375,-0.3173828125,-0.6103515625,-0.8544921875,0.09765625,-0.4638671875,0.0732421875,-0.76904296875,0.146484375,-0.28076171875,-0.37841796875,-0.64697265625,-0.0244140625,-0.35400390625,-0.29296875,0.62255859375,-0.08544921875,1.171875,-0.146484375,0.4150390625,-0.28076171875,-0.1953125,-0.1220703125,0.69580078125,0.01220703125,0.7568359375,0.32958984375,0.59814453125,0.0244140625,1.01318359375,0.5126953125,0.40283203125,-0.13427734375,0.1708984375,-0.03662109375,1.06201171875,-0.1220703125,0.20751953125,-0.048828125,0.1953125,-0.25634765625,0.30517578125,0.1708984375,0.84228515625,0.0244140625,0.03662109375,0.03662109375,1.35498046875,-0.06103515625,-1.03759765625,-0.08544921875,-0.341796875,-0.23193359375,-1.025390625,0.048828125,-0.8056640625,0.146484375,-1.5380859375,-0.15869140625,-0.25634765625,-0.1953125,-0.341796875,-0.20751953125,-1.2451171875,-0.18310546875,-0.1220703125,-0.2685546875,0.0244140625,-0.20751953125,-0.50048828125,0.29296875,0.50048828125,0.20751953125,-0.50048828125,0.08544921875,-1.45263671875,-0.20751953125,-1.06201171875,-0.0732421875,0.390625,-0.20751953125,0.30517578125,-0.06103515625,-0.0244140625,-0.08544921875,-0.13427734375,-0.03662109375,0.09765625,-0.20751953125,-0.01220703125,-0.13427734375,0.79345703125,-0.08544921875,-0.48828125,-0.15869140625,-0.52490234375
0,-0.244140625,-0.390625,-0.1953125,-0.2685546875,-0.15869140625,-0.37841796875,0.048828125,0.0244140625,0.1708984375,-0.1220703125,-0.048828125,-0.927734375,-0.1220703125,1.06201171875,-0.1953125,-0.28076171875,-0.13427734375,-0.87890625,-0.10986328125,-0.390625,0.03662109375,0.59814453125,-0.1953125,-0.98876953125,0.13427734375,-0.2197265625,0.06103515625,-0.78125,-0.048828125,0.89111328125,0.2197265625,0.20751953125,0.6103515625,-0.29296875,-0.5859375,-0.86669921875,0.03662109375,-0.47607421875,0.03662109375,-0.7568359375,0.09765625,-0.25634765625,-0.4638671875,-0.62255859375,0.03662109375,-0.32958984375,-0.32958984375,0.6591796875,-0.15869140625,1.20849609375,-0.08544921875,0.42724609375,-0.2197265625,-0.1953125,-0.1220703125,0.7080078125,-0.08544921875,0.81787109375,0.23193359375,0.64697265625,-0.06103515625,1.0986328125,0.37841796875,0.5126953125,-0.06103515625,0.18310546875,0.03662109375,1.06201171875,-0.1220703125,0.23193359375,-0.01220703125,0.1953125,-0.244140625,0.29296875,0.1708984375,0.81787109375,0.03662109375,0.03662109375,-0.01220703125,1.35498046875,-0.0732421875,-1.025390625,-0.0732421875,-0.341796875,-0.0732421875,-1.0009765625,0.03662109375,-0.78125,0.09765625,-1.52587890625,-0.146484375,-0.2685546875,-0.23193359375,-0.341796875,-0.25634765625,-1.20849609375,-0.146484375,-0.15869140625,-0.28076171875,0.0732421875,-0.13427734375,-0.48828125,0.23193359375,0.59814453125,0.30517578125,-0.40283203125,0.09765625,-1.46484375,-0.2197265625,-1.06201171875,-0.06103515625,0.390625,-0.20751953125,0.30517578125,-0.048828125,-0.048828125,-0.06103515625,-0.10986328125,-0.03662109375,0.08544921875,-0.20751953125,-0.01220703125,-0.13427734375,0.8056640625,-0.06103515625,-0.48828125,-0.15869140625,-0.52490234375
0,-0.25634765625,-0.37841796875,-0.23193359375,-0.2685546875,-0.20751953125,-0.37841796875,0.048828125,0.01220703125,0.18310546875,-0.10986328125,-0.03662109375,-0.927734375,-0.08544921875,1.07421875,-0.244140625,-0.29296875,-0.1708984375,-0.87890625,-0.146484375,-0.390625,0.08544921875,0.6103515625,-0.42724609375,-1.0009765625,0.20751953125,-0.2197265625,0.03662109375,-0.79345703125,-0.048828125,0.86669921875,0.13427734375,0.20751953125,0.5615234375,-0.2685546875,-0.537109375,-0.86669921875,-0.03662109375,-0.47607421875,0.0244140625,-0.74462890625,0.01220703125,-0.23193359375,-0.537109375,-0.634765625,0.06103515625,-0.3173828125,-0.3662109375,0.67138671875,-0.15869140625,1.23291015625,0.01220703125,0.42724609375,-0.1953125,-0.18310546875,-0.09765625,0.72021484375,-0.03662109375,0.91552734375,0.2197265625,0.7080078125,-0.1220703125,1.171875,0.5126953125,0.6103515625,0.048828125,0.20751953125,0.1220703125,1.08642578125,-0.10986328125,0.244140625,0,0.20751953125,-0.2197265625,0.3173828125,0.1708984375,0.830078125,0.03662109375,0.03662109375,-0.0732421875,1.3671875,-0.06103515625,-1.01318359375,-0.0244140625,-0.3173828125,0.1220703125,-1.0009765625,0.01220703125,-0.76904296875,0,-1.52587890625,-0.10986328125,-0.25634765625,-0.28076171875,-0.3662109375,-0.28076171875,-1.20849609375,-0.1953125,0.03662109375,-0.341796875,0.32958984375,-0.08544921875,-0.3173828125,0.1953125,1.18408203125,0.32958984375,-0.30517578125,0.1220703125,-1.45263671875,-0.244140625,-1.06201171875,-0.0732421875,0.37841796875,-0.2197265625,0.29296875,-0.03662109375,-0.03662109375,-0.0732421875,-0.13427734375,-0.01220703125,0.08544921875,-0.1953125,-0.01220703125,-0.146484375,0.8056640625,-0.048828125,-0.4638671875,-0.18310546875,-0.5126953125
0,-0.20751953125,-0.341796875,-0.20751953125,-0.2685546875,-0.1708984375,-0.390625,0.0244140625,0,0.20751953125,-0.1220703125,-0.06103515625,-0.93994140625,-0.09765625,1.06201171875,-0.25634765625,-0.2685546875,-0.18310546875,-0.89111328125,-0.13427734375,-0.390625,0.048828125,0.62255859375,-0.537109375,-0.98876953125,0.28076171875,-0.23193359375,0.01220703125,-0.8056640625,-0.0732421875,0.89111328125,0.0732421875,0.20751953125,0.47607421875,-0.2685546875,-0.537109375,-0.8544921875,-0.09765625,-0.4638671875,-0.01220703125,-0.74462890625,-0.10986328125,-0.2197265625,-0.57373046875,-0.634765625,0.0732421875,-0.3173828125,-0.37841796875,0.69580078125,-0.146484375,1.220703125,0.0732421875,0.439453125,-0.146484375,-0.1708984375,-0.10986328125,0.74462890625,0.06103515625,0.98876953125,0.23193359375,0.76904296875,-0.18310546875,1.2451171875,0.6103515625,0.72021484375,0.09765625,0.23193359375,0.146484375,1.06201171875,-0.10986328125,0.25634765625,0.048828125,0.23193359375,-0.1953125,0.29296875,0.146484375,0.8056640625,0.0244140625,0.0244140625,-0.1220703125,1.3916015625,-0.06103515625,-1.0009765625,0.03662109375,-0.30517578125,0.29296875,-0.98876953125,-0.08544921875,-0.7568359375,-0.048828125,-1.513671875,-0.10986328125,-0.25634765625,-0.341796875,-0.35400390625,-0.23193359375,-1.18408203125,-0.18310546875,0.45166015625,-0.29296875,0.81787109375,-0.01220703125,0.08544921875,0.29296875,2.20947265625,0.29296875,-0.23193359375,0.15869140625,-1.45263671875,-0.244140625,-1.07421875,-0.06103515625,0.390625,-0.2197265625,0.30517578125,-0.03662109375,-0.0244140625,-0.0732421875,-0.10986328125,0,0.08544921875,-0.18310546875,-0.01220703125,-0.146484375,0.8056640625,-0.03662109375,-0.45166015625,-0.15869140625,-0.48828125
0,-0.2197265625,-0.341796875,-0.2197265625,-0.29296875,-0.13427734375,-0.390625,0.01220703125,0.01220703125,0.2197265625,-0.09765625,-0.0244140625,-0.927734375,-0.048828125,1.06201171875,-0.28076171875,-0.29296875,-0.20751953125,-0.89111328125,-0.09765625,-0.390625,-0.0244140625,0.64697265625,-0.52490234375,-1.0009765625,0.23193359375,-0.2197265625,0.0244140625,-0.79345703125,-0.10986328125,0.87890625,-0.03662109375,0.2197265625,0.40283203125,-0.2685546875,-0.5615234375,-0.87890625,-0.10986328125,-0.45166015625,-0.08544921875,-0.74462890625,-0.18310546875,-0.18310546875,-0.5126953125,-0.634765625,0.03662109375,-0.3173828125,-0.439453125,0.7080078125,-0.1708984375,1.1962890625,0.10986328125,0.4638671875,-0.0732421875,-0.1220703125,-0.03662109375,0.72021484375,-0.048828125,1.11083984375,0.10986328125,0.84228515625,-0.3173828125,1.2939453125,0.54931640625,0.84228515625,0.10986328125,0.244140625,0.1953125,1.0498046875,-0.08544921875,0.29296875,0.0732421875,0.244140625,-0.15869140625,0.28076171875,0.146484375,0.81787109375,0.0244140625,0.03662109375,-0.20751953125,1.3671875,-0.0244140625,-1.0009765625,0.0732421875,-0.3173828125,0.390625,-1.0009765625,-0.1708984375,-0.732421875,-0.06103515625,-1.52587890625,-0.09765625,-0.244140625,-0.40283203125,-0.341796875,-0.10986328125,-1.171875,-0.1708984375,1.13525390625,-0.1953125,1.513671875,0.0732421875,0.67138671875,0.2685546875,3.60107421875,0.18310546875,-0.1708984375,0.13427734375,-1.4404296875,-0.18310546875,-1.07421875,-0.048828125,0.390625,-0.2197265625,0.30517578125,-0.03662109375,-0.01220703125,-0.08544921875,-0.10986328125,0.01220703125,0.08544921875,-0.1953125,0,-0.1220703125,0.8056640625,-0.03662109375,-0.47607421875,-0.15869140625,-0.48828125
1,-0.15869140625,-0.35400390625,-0.244140625,-0.30517578125,-0.1220703125,-0.42724609375,-0.0244140625,0.0244140625,0.2197265625,-0.09765625,-0.0244140625,-0.93994140625,-0.0244140625,1.06201171875,-0.2685546875,-0.23193359375,-0.1953125,-0.89111328125,-0.048828125,-0.390625,-0.1220703125,0.6591796875,-0.37841796875,-1.0009765625,0.1708984375,-0.20751953125,0.0244140625,-0.8056640625,-0.13427734375,0.89111328125,-0.1953125,0.2197265625,0.341796875,-0.25634765625,-0.6103515625,-0.86669921875,-0.1220703125,-0.439453125,-0.13427734375,-0.74462890625,-0.28076171875,-0.15869140625,-0.42724609375,-0.62255859375,-0.0732421875,-0.341796875,-0.42724609375,0.732421875,-0.18310546875,1.1474609375,0.1953125,0.48828125,0.048828125,-0.10986328125,0.01220703125,0.732421875,-0.1220703125,1.25732421875,0.0732421875,0.93994140625,-0.341796875,1.3427734375,0.54931640625,0.96435546875,0.146484375,0.2197265625,0.2197265625,1.025390625,-0.09765625,0.29296875,0.09765625,0.244140625,-0.09765625,0.28076171875,0.10986328125,0.8544921875,0.01220703125,0.03662109375,-0.2197265625,1.3671875,0.03662109375,-0.9765625,0.1220703125,-0.3173828125,0.40283203125,-0.98876953125,-0.18310546875,-0.732421875,-0.0244140625,-1.513671875,-0.0732421875,-0.23193359375,-0.4150390625,-0.32958984375,-0.01220703125,-1.1474609375,-0.25634765625,1.98974609375,-0.146484375,2.34375,0.09765625,1.3916015625,0.15869140625,5.2978515625,0.06103515625,-0.13427734375,0.10986328125,-1.4404296875,-0.10986328125,-1.0498046875,-0.06103515625,0.4150390625,-0.23193359375,0.3173828125,-0.0244140625,-0.01220703125,-0.08544921875,-0.09765625,0.048828125,0.09765625,-0.1953125,0,-0.09765625,0.79345703125,-0.048828125,-0.47607421875,-0.13427734375,-0.48828125
1,-0.20751953125,-0.35400390625,-0.25634765625,-0.30517578125,-0.09765625,-0.42724609375,-0.03662109375,0.03662109375,0.1953125,-0.09765625,0,-0.93994140625,-0.048828125,1.03759765625,-0.2685546875,-0.23193359375,-0.1708984375,-0.9033203125,0.0244140625,-0.40283203125,-0.20751953125,0.67138671875,-0.146484375,-1.0009765625,0.06103515625,-0.18310546875,-0.01220703125,-0.8056640625,-0.20751953125,0.87890625,-0.30517578125,0.2197265625,0.2685546875,-0.25634765625,-0.68359375,-0.86669921875,-0.13427734375,-0.40283203125,-0.1220703125,-0.732421875,-0.29296875,-0.10986328125,-0.3662109375,-0.634765625,-0.1953125,-0.390625,-0.47607421875,0.72021484375,-0.1953125,1.13525390625,0.2685546875,0.50048828125,0.1220703125,-0.1220703125,0.08544921875,0.732421875,-0.1220703125,1.40380859375,0.03662109375,1.0498046875,-0.45166015625,1.416015625,0.5126953125,1.123046875,0.18310546875,0.1953125,0.25634765625,1.025390625,-0.08544921875,0.29296875,0.10986328125,0.2197265625,-0.0244140625,0.2685546875,0.01220703125,0.8544921875,-0.0244140625,0.03662109375,-0.244140625,1.35498046875,0.09765625,-0.9765625,0.1708984375,-0.32958984375,0.30517578125,-0.96435546875,-0.15869140625,-0.72021484375,0.06103515625,-1.50146484375,-0.03662109375,-0.25634765625,-0.32958984375,-0.3173828125,0.0732421875,-1.123046875,-0.244140625,2.9541015625,-0.03662109375,3.271484375,0.1708984375,2.16064453125,0.25634765625,7.06787109375,-0.03662109375,-0.1220703125,0.048828125,-1.45263671875,-0.0732421875,-1.06201171875,-0.0244140625,0.42724609375,-0.23193359375,0.3173828125,-0.0244140625,-0.0244140625,-0.08544921875,-0.09765625,0.06103515625,0.09765625,-0.1953125,0,-0.08544921875,0.8056640625,-0.03662109375,-0.48828125,-0.09765625,-0.47607421875
1,-0.146484375,-0.35400390625,-0.244140625,-0.341796875,-0.1220703125,-0.439453125,-0.048828125,0.03662109375,0.1953125,-0.0732421875,-0.0244140625,-0.91552734375,-0.0244140625,1.03759765625,-0.28076171875,-0.23193359375,-0.15869140625,-0.9033203125,0.09765625,-0.40283203125,-0.244140625,0.67138671875,0.03662109375,-1.01318359375,-0.0732421875,-0.1708984375,-0.01220703125,-0.8056640625,-0.30517578125,0.87890625,-0.390625,0.23193359375,0.30517578125,-0.25634765625,-0.76904296875,-0.86669921875,-0.09765625,-0.4150390625,-0.10986328125,-0.732421875,-0.30517578125,-0.10986328125,-0.23193359375,-0.62255859375,-0.30517578125,-0.42724609375,-0.42724609375,0.7080078125,-0.18310546875,1.123046875,0.28076171875,0.52490234375,0.18310546875,-0.08544921875,0.15869140625,0.74462890625,-0.2197265625,1.5869140625,-0.01220703125,1.220703125,-0.4638671875,1.47705078125,0.48828125,1.2939453125,0.2197265625,0.1953125,0.244140625,1.025390625,-0.06103515625,0.30517578125,0.08544921875,0.20751953125,0.0732421875,0.2685546875,-0.0244140625,0.86669921875,-0.06103515625,0.03662109375,-0.23193359375,1.3427734375,0.146484375,-0.9765625,0.1708984375,-0.3173828125,0.13427734375,-0.98876953125,-0.0732421875,-0.732421875,0.15869140625,-1.52587890625,0,-0.25634765625,-0.23193359375,-0.28076171875,0.09765625,-1.123046875,-0.2685546875,3.90625,0.0244140625,4.150390625,0.15869140625,2.91748046875,0.25634765625,8.75244140625,-0.06103515625,-0.10986328125,-0.0244140625,-1.45263671875,-0.048828125,-1.03759765625,-0.048828125,0.4150390625,-0.23193359375,0.30517578125,-0.01220703125,-0.01220703125,-0.06103515625,-0.09765625,0.08544921875,0.09765625,-0.1953125,-0.0244140625,-0.08544921875,0.79345703125,-0.0244140625,-0.48828125,-0.10986328125,-0.48828125
1,-0.146484375,-0.35400390625,-0.25634765625,-0.35400390625,-0.10986328125,-0.4150390625,-0.048828125,0.048828125,0.2197265625,-0.06103515625,-0.0244140625,-0.89111328125,-0.0244140625,1.03759765625,-0.2685546875,-0.25634765625,-0.1220703125,-0.89111328125,0.09765625,-0.390625,-0.2197265625,0.67138671875,0.18310546875,-1.0009765625,-0.15869140625,-0.15869140625,-0.0732421875,-0.78125,-0.390625,0.9033203125,-0.37841796875,0.2197265625,0.32958984375,-0.29296875,-0.87890625,-0.84228515625,-0.0732421875,-0.4150390625,-0.0732421875,-0.732421875,-0.28076171875,-0.1220703125,-0.18310546875,-0.634765625,-0.37841796875,-0.45166015625,-0.4150390625,0.72021484375,-0.1220703125,1.11083984375,0.20751953125,0.48828125,0.23193359375,-0.10986328125,0.15869140625,0.732421875,-0.1953125,1.81884765625,-0.01220703125,1.3916015625,-0.47607421875,1.5380859375,0.50048828125,1.4892578125,0.2685546875,0.18310546875,0.2197265625,1.025390625,-0.03662109375,0.28076171875,0.08544921875,0.20751953125,0.1220703125,0.2685546875,-0.09765625,0.9033203125,-0.0732421875,0.03662109375,-0.2197265625,1.3427734375,0.1953125,-0.9521484375,0.1708984375,-0.341796875,-0.06103515625,-0.98876953125,0.0244140625,-0.732421875,0.20751953125,-1.52587890625,0.0244140625,-0.25634765625,-0.09765625,-0.28076171875,0.0732421875,-1.11083984375,-0.2197265625,4.736328125,0.048828125,4.9560546875,0.09765625,3.55224609375,0.23193359375,10.21728515625,-0.048828125,-0.13427734375,-0.13427734375,-1.4404296875,-0.048828125,-1.0498046875,-0.08544921875,0.4150390625,-0.20751953125,0.30517578125,-0.03662109375,-0.0244140625,-0.06103515625,-0.06103515625,0.09765625,0.09765625,-0.18310546875,-0.03662109375,-0.06103515625,0.76904296875,-0.0244140625,-0.50048828125,-0.08544921875,-0.50048828125
1,-0.13427734375,-0.3662109375,-0.23193359375,-0.32958984375,-0.1220703125,-0.40283203125,-0.06103515625,0.0244140625,0.1953125,-0.06103515625,0,-0.91552734375,-0.0244140625,1.01318359375,-0.25634765625,-0.28076171875,-0.0732421875,-0.89111328125,0.08544921875,-0.4150390625,-0.13427734375,0.67138671875,0.2197265625,-1.01318359375,-0.20751953125,-0.15869140625,-0.15869140625,-0.78125,-0.42724609375,0.9033203125,-0.29296875,0.244140625,0.341796875,-0.29296875,-0.91552734375,-0.86669921875,0,-0.4150390625,-0.03662109375,-0.74462890625,-0.1953125,-0.1708984375,-0.13427734375,-0.6591796875,-0.439453125,-0.42724609375,-0.35400390625,0.68359375,-0.10986328125,1.13525390625,0.1708984375,0.47607421875,0.25634765625,-0.146484375,0.13427734375,0.72021484375,-0.1953125,2.0263671875,-0.0244140625,1.57470703125,-0.47607421875,1.5625,0.42724609375,1.69677734375,0.2685546875,0.146484375,0.15869140625,1.03759765625,-0.0244140625,0.29296875,0.0732421875,0.1953125,0.15869140625,0.244140625,-0.146484375,0.9033203125,-0.048828125,0.048828125,-0.1953125,1.3427734375,0.1953125,-0.9521484375,0.1708984375,-0.3662109375,-0.244140625,-0.9765625,0.06103515625,-0.7568359375,0.244140625,-1.55029296875,0.048828125,-0.25634765625,0.06103515625,-0.25634765625,0.06103515625,-1.13525390625,-0.1220703125,5.3955078125,0.0732421875,5.52978515625,0,4.06494140625,0.30517578125,11.3037109375,0,-0.15869140625,-0.2197265625,-1.45263671875,-0.0732421875,-1.03759765625,-0.1220703125,0.40283203125,-0.20751953125,0.30517578125,-0.03662109375,-0.0244140625,-0.06103515625,-0.06103515625,0.09765625,0.1220703125,-0.15869140625,-0.03662109375,-0.048828125,0.79345703125,-0.01220703125,-0.50048828125,-0.0732421875,-0.50048828125
1,-0.08544921875,-0.35400390625,-0.25634765625,-0.3173828125,-0.13427734375,-0.390625,-0.0732421875,0.0244140625,0.20751953125,-0.06103515625,0,-0.9033203125,0.03662109375,1.0009765625,-0.30517578125,-0.28076171875,-0.01220703125,-0.87890625,0.0732421875,-0.4150390625,0.01220703125,0.64697265625,0.1953125,-1.01318359375,-0.244140625,-0.18310546875,-0.1953125,-0.78125,-0.42724609375,0.9033203125,-0.18310546875,0.2197265625,0.40283203125,-0.3173828125,-0.9521484375,-0.86669921875,0.01220703125,-0.439453125,-0.0244140625,-0.7568359375,-0.10986328125,-0.1953125,-0.1220703125,-0.6591796875,-0.40283203125,-0.40283203125,-0.3662109375,0.6591796875,-0.08544921875,1.13525390625,0.146484375,0.48828125,0.30517578125,-0.1708984375,0.09765625,0.732421875,-0.23193359375,2.294921875,-0.01220703125,1.7578125,-0.54931640625,1.64794921875,0.45166015625,1.96533203125,0.30517578125,0.15869140625,0.06103515625,1.06201171875,0,0.244140625,0.0244140625,0.1953125,0.13427734375,0.244140625,-0.18310546875,0.89111328125,-0.0244140625,0.06103515625,-0.20751953125,1.3427734375,0.1708984375,-0.9765625,0.15869140625,-0.37841796875,-0.35400390625,-0.9765625,0.0732421875,-0.78125,0.28076171875,-1.55029296875,0.03662109375,-0.2685546875,0.13427734375,-0.28076171875,0.048828125,-1.1474609375,-0.0244140625,5.77392578125,0.06103515625,5.8349609375,-0.08544921875,4.35791015625,0.29296875,11.9384765625,0.048828125,-0.18310546875,-0.2685546875,-1.46484375,-0.10986328125,-1.0498046875,-0.09765625,0.40283203125,-0.146484375,0.29296875,-0.06103515625,-0.03662109375,-0.06103515625,-0.03662109375,0.09765625,0.10986328125,-0.15869140625,-0.048828125,-0.048828125,0.8056640625,0,-0.50048828125,-0.06103515625,-0.48828125
1,-0.0732421875,-0.341796875,-0.25634765625,-0.29296875,-0.09765625,-0.37841796875,-0.048828125,0.0244140625,0.20751953125,-0.06103515625,0,-0.91552734375,0.048828125,1.0009765625,-0.29296875,-0.29296875,0.048828125,-0.86669921875,0.06103515625,-0.42724609375,0.15869140625,0.634765625,0.1220703125,-1.0009765625,-0.25634765625,-0.1708984375,-0.25634765625,-0.78125,-0.40283203125,0.9033203125,-0.048828125,0.20751953125,0.35400390625,-0.30517578125,-0.927734375,-0.84228515625,0.03662109375,-0.4638671875,0.0244140625,-0.74462890625,0,-0.2197265625,-0.18310546875,-0.6591796875,-0.30517578125,-0.37841796875,-0.35400390625,0.64697265625,-0.0732421875,1.18408203125,0.13427734375,0.45166015625,0.29296875,-0.1953125,0.0732421875,0.7080078125,-0.2197265625,2.5146484375,0,1.9287109375,-0.50048828125,1.72119140625,0.4150390625,2.18505859375,0.29296875,0.1708984375,-0.03662109375,1.06201171875,0.01220703125,0.23193359375,-0.0244140625,0.20751953125,0.1220703125,0.23193359375,-0.1953125,0.87890625,0.0244140625,0.06103515625,-0.244140625,1.35498046875,0.1220703125,-0.98876953125,0.1220703125,-0.37841796875,-0.341796875,-0.9765625,0,-0.79345703125,0.28076171875,-1.5625,0.0244140625,-0.2685546875,0.1708984375,-0.28076171875,0.03662109375,-1.1474609375,0.06103515625,5.87158203125,0.048828125,5.908203125,-0.13427734375,4.39453125,0.20751953125,12.109375,0.09765625,-0.2197265625,-0.29296875,-1.45263671875,-0.09765625,-1.0498046875,-0.06103515625,0.40283203125,-0.1708984375,0.29296875,-0.0732421875,-0.06103515625,-0.06103515625,-0.03662109375,0.0732421875,0.08544921875,-0.1708984375,-0.048828125,-0.0244140625,0.81787109375,0.0244140625,-0.48828125,-0.06103515625,-0.5126953125
1,-0.06103515625,-0.35400390625,-0.29296875,-0.2685546875,-0.09765625,-0.37841796875,-0.048828125,0.01220703125,0.20751953125,-0.0732421875,-0.01220703125,-0.927734375,0.09765625,0.98876953125,-0.30517578125,-0.28076171875,0.06103515625,-0.8544921875,0.01220703125,-0.42724609375,0.2685546875,0.62255859375,0,-0.98876953125,-0.2197265625,-0.18310546875,-0.25634765625,-0.79345703125,-0.32958984375,0.89111328125,0.048828125,0.20751953125,0.30517578125,-0.35400390625,-0.8544921875,-0.8544921875,0.08544921875,-0.4638671875,0.06103515625,-0.74462890625,0.10986328125,-0.2197265625,-0.23193359375,-0.64697265625,-0.20751953125,-0.35400390625,-0.37841796875,0.62255859375,-0.09765625,1.20849609375,0.08544921875,0.45166015625,0.2685546875,-0.20751953125,0.048828125,0.732421875,-0.1953125,2.7099609375,0.09765625,2.0751953125,-0.4638671875,1.806640625,0.40283203125,2.392578125,0.2685546875,0.1953125,-0.13427734375,1.06201171875,0,0.23193359375,-0.06103515625,0.23193359375,0.08544921875,0.25634765625,-0.18310546875,0.87890625,0.0732421875,0.048828125,-0.25634765625,1.3671875,0.0732421875,-0.98876953125,0.0732421875,-0.3662109375,-0.244140625,-0.9765625,-0.09765625,-0.78125,0.29296875,-1.5625,0.01220703125,-0.2685546875,0.15869140625,-0.29296875,0.03662109375,-1.171875,0.13427734375,5.70068359375,0.048828125,5.72509765625,-0.1220703125,4.2724609375,0.146484375,11.7919921875,0.1220703125,-0.25634765625,-0.2685546875,-1.46484375,-0.08544921875,-1.07421875,-0.01220703125,0.390625,-0.13427734375,0.30517578125,-0.09765625,-0.06103515625,-0.0732421875,-0.03662109375,0.048828125,0.08544921875,-0.1708984375,-0.048828125,0.01220703125,0.84228515625,0.03662109375,-0.4638671875,-0.06103515625,-0.47607421875
1,-0.08544921875,-0.3662109375,-0.2685546875,-0.244140625,-0.09765625,-0.37841796875,-0.06103515625,0.0244140625,0.20751953125,-0.10986328125,-0.03662109375,-0.91552734375,0.10986328125,0.98876953125,-0.341796875,-0.2685546875,0.0244140625,-0.8544921875,-0.03662109375,-0.42724609375,0.3173828125,0.6103515625,-0.09765625,-0.98876953125,-0.1708984375,-0.1953125,-0.2197265625,-0.79345703125,-0.20751953125,0.9033203125,0.10986328125,0.20751953125,0.2685546875,-0.341796875,-0.74462890625,-0.8544921875,0.09765625,-0.439453125,0.048828125,-0.7568359375,0.2197265625,-0.23193359375,-0.23193359375,-0.64697265625,-0.06103515625,-0.32958984375,-0.390625,0.59814453125,-0.0732421875,1.1962890625,0.048828125,0.42724609375,0.25634765625,-0.18310546875,0.048828125,0.72021484375,-0.146484375,2.86865234375,0.146484375,2.18505859375,-0.439453125,1.86767578125,0.2685546875,2.5634765625,0.2197265625,0.20751953125,-0.2197265625,1.06201171875,-0.01220703125,0.23193359375,-0.09765625,0.244140625,0.03662109375,0.2685546875,-0.20751953125,0.86669921875,0.13427734375,0.03662109375,-0.29296875,1.35498046875,0.048828125,-1.0009765625,0.0244140625,-0.390625,-0.06103515625,-0.96435546875,-0.23193359375,-0.8056640625,0.29296875,-1.55029296875,0.0244140625,-0.29296875,0.08544921875,-0.3173828125,0.01220703125,-1.15966796875,0.10986328125,5.2978515625,0.09765625,5.31005859375,-0.09765625,3.94287109375,0.0732421875,11.1083984375,0.08544921875,-0.3173828125,-0.20751953125,-1.46484375,-0.10986328125,-1.07421875,-0.03662109375,0.37841796875,-0.146484375,0.29296875,-0.09765625,-0.06103515625,-0.048828125,-0.03662109375,0.01220703125,0.0732421875,-0.1708984375,-0.03662109375,0.03662109375,0.86669921875,0.048828125,-0.45166015625,-0.048828125,-0.4638671875
1,-0.06103515625,-0.35400390625,-0.2685546875,-0.23193359375,-0.1220703125,-0.40283203125,-0.048828125,0.01220703125,0.23193359375,-0.13427734375,-0.048828125,-0.927734375,0.1220703125,1.0009765625,-0.341796875,-0.2685546875,-0.01220703125,-0.87890625,-0.06103515625,-0.4150390625,0.30517578125,0.62255859375,-0.18310546875,-0.9765625,-0.1220703125,-0.20751953125,-0.18310546875,-0.79345703125,-0.048828125,0.9033203125,0.1220703125,0.1953125,0.244140625,-0.32958984375,-0.62255859375,-0.86669921875,0.09765625,-0.439453125,0.0244140625,-0.74462890625,0.2685546875,-0.20751953125,-0.2197265625,-0.64697265625,0.06103515625,-0.3173828125,-0.3662109375,0.6103515625,-0.06103515625,1.1962890625,0.03662109375,0.45166015625,0.20751953125,-0.1220703125,0,0.74462890625,-0.0732421875,2.9296875,0.2197265625,2.20947265625,-0.3173828125,1.904296875,0.09765625,2.64892578125,0.15869140625,0.244140625,-0.2685546875,1.07421875,-0.06103515625,0.244140625,-0.146484375,0.244140625,0,0.2685546875,-0.20751953125,0.830078125,0.20751953125,0.01220703125,-0.341796875,1.3671875,0.01220703125,-1.01318359375,0.01220703125,-0.35400390625,0.1220703125,-0.9765625,-0.32958984375,-0.78125,0.2685546875,-1.55029296875,-0.01220703125,-0.30517578125,-0.01220703125,-0.35400390625,0,-1.1474609375,0.0244140625,4.7607421875,0.1220703125,4.74853515625,-0.06103515625,3.50341796875,-0.01220703125,10.16845703125,0.03662109375,-0.341796875,-0.10986328125,-1.4892578125,-0.146484375,-1.07421875,-0.0732421875,0.390625,-0.146484375,0.29296875,-0.08544921875,-0.03662109375,-0.06103515625,-0.048828125,-0.0244140625,0.0732421875,-0.146484375,-0.01220703125,0.048828125,0.89111328125,0.06103515625,-0.439453125,-0.0732421875,-0.48828125
1,-0.08544921875,-0.37841796875,-0.2685546875,-0.244140625,-0.15869140625,-0.37841796875,-0.0732421875,0.01220703125,0.244140625,-0.1708984375,-0.048828125,-0.91552734375,0.1220703125,0.98876953125,-0.32958984375,-0.244140625,-0.0732421875,-0.86669921875,-0.08544921875,-0.4150390625,0.20751953125,0.64697265625,-0.244140625,-0.9765625,-0.0244140625,-0.20751953125,-0.10986328125,-0.78125,0.0244140625,0.89111328125,0.0732421875,0.20751953125,0.3173828125,-0.32958984375,-0.48828125,-0.830078125,0.0732421875,-0.42724609375,0,-0.732421875,0.23193359375,-0.1708984375,-0.1708984375,-0.634765625,0.1708984375,-0.30517578125,-0.32958984375,0.634765625,-0.06103515625,1.171875,0.06103515625,0.47607421875,0.13427734375,-0.09765625,-0.0732421875,0.7568359375,0.0244140625,2.89306640625,0.1953125,2.1728515625,-0.30517578125,1.91650390625,0.01220703125,2.67333984375,0.1220703125,0.244140625,-0.35400390625,1.06201171875,-0.10986328125,0.244140625,-0.15869140625,0.244140625,0,0.25634765625,-0.2197265625,0.86669921875,0.2197265625,0,-0.3662109375,1.3671875,0,-1.025390625,-0.01220703125,-0.341796875,0.23193359375,-0.9765625,-0.3662109375,-0.78125,0.2197265625,-1.55029296875,-0.03662109375,-0.29296875,-0.09765625,-0.35400390625,-0.06103515625,-1.1474609375,-0.08544921875,4.1748046875,0.13427734375,4.1259765625,0.0244140625,3.02734375,-0.08544921875,9.09423828125,0,-0.37841796875,0.03662109375,-1.47705078125,-0.18310546875,-1.07421875,-0.13427734375,0.3662109375,-0.15869140625,0.30517578125,-0.0732421875,-0.03662109375,-0.06103515625,-0.048828125,-0.0732421875,0.08544921875,-0.15869140625,0.01220703125,0.048828125,0.87890625,0.03662109375,-0.45166015625,-0.08544921875,-0.50048828125
1,-0.03662109375,-0.3662109375,-0.25634765625,-0.25634765625,-0.13427734375,-0.40283203125,-0.08544921875,-0.01220703125,0.244140625,-0.146484375,-0.06103515625,-0.93994140625,0.146484375,1.01318359375,-0.3173828125,-0.2685546875,-0.09765625,-0.87890625,-0.10986328125,-0.4150390625,0.06103515625,0.64697265625,-0.30517578125,-0.9765625,-0.0244140625,-0.20751953125,-0.0244140625,-0.79345703125,0.10986328125,0.9033203125,0.048828125,0.2197265625,0.37841796875,-0.32958984375,-0.4150390625,-0.84228515625,0.06103515625,-0.42724609375,-0.01220703125,-0.72021484375,0.15869140625,-0.1220703125,-0.146484375,-0.634765625,0.23193359375,-0.3173828125,-0.2685546875,0.6591796875,-0.0732421875,1.1474609375,0.06103515625,0.47607421875,0.0244140625,-0.06103515625,-0.10986328125,0.7568359375,0.09765625,2.783203125,0.1953125,2.06298828125,-0.244140625,1.904296875,-0.03662109375,2.62451171875,0.048828125,0.23193359375,-0.390625,1.0498046875,-0.13427734375,0.2685546875,-0.15869140625,0.244140625,-0.0244140625,0.244140625,-0.1953125,0.84228515625,0.25634765625,-0.0244140625,-0.390625,1.33056640625,-0.0244140625,-1.03759765625,-0.03662109375,-0.32958984375,0.2685546875,-0.96435546875,-0.341796875,-0.78125,0.15869140625,-1.5625,-0.0732421875,-0.30517578125,-0.1953125,-0.37841796875,-0.13427734375,-1.1474609375,-0.1708984375,3.57666015625,0.1220703125,3.52783203125,0.10986328125,2.5390625,-0.10986328125,7.99560546875,-0.0244140625,-0.390625,0.146484375,-1.47705078125,-0.18310546875,-1.06201171875,-0.146484375,0.37841796875,-0.15869140625,0.3173828125,-0.0732421875,-0.0244140625,-0.0732421875,-0.03662109375,-0.09765625,0.0732421875,-0.146484375,0,0.048828125,0.84228515625,0.048828125,-0.45166015625,-0.08544921875,-0.50048828125
1,-0.01220703125,-0.37841796875,-0.28076171875,-0.28076171875,-0.1220703125,-0.42724609375,-0.0732421875,-0.0244140625,0.244140625,-0.146484375,-0.0732421875,-0.93994140625,0.1708984375,1.01318359375,-0.30517578125,-0.25634765625,-0.10986328125,-0.9033203125,-0.146484375,-0.37841796875,-0.048828125,0.6591796875,-0.32958984375,-0.98876953125,0.0244140625,-0.2197265625,0.0732421875,-0.8056640625,0.15869140625,0.87890625,0.0244140625,0.20751953125,0.4150390625,-0.3173828125,-0.3662109375,-0.86669921875,0.01220703125,-0.4150390625,-0.0732421875,-0.732421875,0,-0.10986328125,-0.08544921875,-0.634765625,0.23193359375,-0.32958984375,-0.20751953125,0.67138671875,-0.15869140625,1.13525390625,0.06103515625,0.48828125,-0.048828125,-0.06103515625,-0.09765625,0.74462890625,0.15869140625,2.6123046875,0.2197265625,1.96533203125,-0.244140625,1.8798828125,-0.06103515625,2.47802734375,0,0.23193359375,-0.439453125,1.03759765625,-0.1708984375,0.25634765625,-0.1220703125,0.2197265625,-0.06103515625,0.23193359375,-0.1708984375,0.89111328125,0.25634765625,-0.01220703125,-0.37841796875,1.33056640625,-0.0244140625,-1.03759765625,-0.0244140625,-0.35400390625,0.244140625,-0.9765625,-0.1708984375,-0.78125,0.13427734375,-1.5380859375,-0.10986328125,-0.30517578125,-0.2197265625,-0.35400390625,-0.1953125,-1.15966796875,-0.2197265625,3.03955078125,0.06103515625,2.978515625,0.13427734375,2.08740234375,-0.1220703125,6.982421875,-0.01220703125,-0.390625,0.1953125,-1.47705078125,-0.10986328125,-1.06201171875,-0.13427734375,0.390625,-0.146484375,0.32958984375,-0.0732421875,-0.0244140625,-0.06103515625,-0.03662109375,-0.10986328125,0.08544921875,-0.15869140625,0.01220703125,0.03662109375,0.87890625,0.048828125,-0.439453125,-0.08544921875,-0.50048828125
1,-0.06103515625,-0.390625,-0.29296875,-0.29296875,-0.0732421875,-0.42724609375,-0.09765625,-0.0244140625,0.244140625,-0.146484375,-0.0732421875,-0.9521484375,0.1708984375,1.0009765625,-0.29296875,-0.2685546875,-0.09765625,-0.91552734375,-0.1953125,-0.390625,-0.13427734375,0.6591796875,-0.32958984375,-0.98876953125,0.048828125,-0.20751953125,0.10986328125,-0.8056640625,0.13427734375,0.927734375,0.01220703125,0.2197265625,0.47607421875,-0.3173828125,-0.35400390625,-0.84228515625,-0.0244140625,-0.4150390625,-0.13427734375,-0.72021484375,-0.1708984375,-0.1220703125,-0.0244140625,-0.62255859375,0.15869140625,-0.3662109375,-0.18310546875,0.69580078125,-0.23193359375,1.13525390625,0.15869140625,0.50048828125,-0.1220703125,-0.06103515625,-0.1220703125,0.74462890625,0.1953125,2.38037109375,0.2197265625,1.79443359375,-0.20751953125,1.81884765625,-0.10986328125,2.294921875,-0.01220703125,0.2197265625,-0.42724609375,1.03759765625,-0.2197265625,0.2685546875,-0.10986328125,0.20751953125,-0.09765625,0.244140625,-0.1220703125,0.86669921875,0.244140625,-0.01220703125,-0.3173828125,1.33056640625,-0.03662109375,-1.0009765625,0.01220703125,-0.341796875,0.1708984375,-0.9765625,-0.0244140625,-0.78125,0.15869140625,-1.5625,-0.146484375,-0.29296875,-0.1953125,-0.32958984375,-0.25634765625,-1.13525390625,-0.244140625,2.587890625,-0.01220703125,2.52685546875,0.146484375,1.7333984375,-0.09765625,6.15234375,0.048828125,-0.37841796875,0.18310546875,-1.45263671875,-0.0732421875,-1.0498046875,-0.13427734375,0.390625,-0.146484375,0.32958984375,-0.08544921875,-0.0244140625,-0.06103515625,-0.0244140625,-0.09765625,0.09765625,-0.146484375,0,0.0244140625,0.86669921875,0.03662109375,-0.4638671875,-0.0732421875,-0.52490234375
0,-0.03662109375,-0.37841796875,-0.25634765625,-0.28076171875,-0.09765625,-0.4150390625,-0.10986328125,-0.01220703125,0.25634765625,-0.10986328125,-0.08544921875,-0.93994140625,0.18310546875,1.01318359375,-0.28076171875,-0.25634765625,-0.0732421875,-0.91552734375,-0.2685546875,-0.40283203125,-0.1708984375,0.67138671875,-0.29296875,-1.0009765625,0.03662109375,-0.18310546875,0.146484375,-0.81787109375,0.0732421875,0.9033203125,0,0.2197265625,0.50048828125,-0.30517578125,-0.341796875,-0.84228515625,-0.09765625,-0.4150390625,-0.18310546875,-0.72021484375,-0.32958984375,-0.10986328125,-0.0244140625,-0.64697265625,0.048828125,-0.390625,-0.146484375,0.69580078125,-0.29296875,1.11083984375,0.2197265625,0.50048828125,-0.20751953125,-0.10986328125,-0.09765625,0.74462890625,0.25634765625,2.16064453125,0.20751953125,1.66015625,-0.18310546875,1.7333984375,-0.09765625,2.0751953125,-0.048828125,0.20751953125,-0.4150390625,1.025390625,-0.23193359375,0.244140625,-0.09765625,0.20751953125,-0.15869140625,0.23193359375,-0.0732421875,0.9033203125,0.244140625,-0.01220703125,-0.23193359375,1.33056640625,0,-1.0009765625,0.03662109375,-0.341796875,0.048828125,-0.98876953125,0.15869140625,-0.78125,0.20751953125,-1.57470703125,-0.146484375,-0.30517578125,-0.1220703125,-0.32958984375,-0.28076171875,-1.171875,-0.2197265625,2.23388671875,-0.09765625,2.1728515625,0.15869140625,1.4404296875,-0.06103515625,5.4931640625,0.15869140625,-0.341796875,0.10986328125,-1.46484375,-0.048828125,-1.0498046875,-0.13427734375,0.3662109375,-0.1220703125,0.35400390625,-0.0732421875,-0.01220703125,-0.06103515625,-0.03662109375,-0.1220703125,0.09765625,-0.1220703125,-0.01220703125,0.03662109375,0.8544921875,0.048828125,-0.45166015625,-0.06103515625,-0.5126953125
0,-0.0732421875,-0.40283203125,-0.29296875,-0.29296875,-0.09765625,-0.42724609375,-0.0732421875,0.01220703125,0.25634765625,-0.09765625,-0.0732421875,-0.927734375,0.1953125,1.025390625,-0.2685546875,-0.244140625,0.01220703125,-0.91552734375,-0.3173828125,-0.40283203125,-0.1220703125,0.64697265625,-0.244140625,-1.01318359375,0.08544921875,-0.18310546875,0.10986328125,-0.8056640625,-0.01220703125,0.9033203125,-0.03662109375,0.2197265625,0.50048828125,-0.341796875,-0.439453125,-0.84228515625,-0.15869140625,-0.45166015625,-0.2197265625,-0.732421875,-0.47607421875,-0.146484375,-0.08544921875,-0.64697265625,-0.0244140625,-0.4150390625,-0.15869140625,0.69580078125,-0.30517578125,1.13525390625,0.25634765625,0.48828125,-0.3173828125,-0.13427734375,-0.09765625,0.72021484375,0.18310546875,1.9775390625,0.29296875,1.5380859375,-0.28076171875,1.67236328125,-0.0732421875,1.86767578125,-0.0732421875,0.20751953125,-0.4150390625,1.025390625,-0.28076171875,0.23193359375,-0.08544921875,0.1708984375,-0.20751953125,0.23193359375,-0.0244140625,0.89111328125,0.20751953125,0.0244140625,-0.1708984375,1.318359375,0.03662109375,-1.01318359375,0.08544921875,-0.35400390625,0,-0.96435546875,0.30517578125,-0.78125,0.23193359375,-1.55029296875,-0.06103515625,-0.28076171875,-0.01220703125,-0.29296875,-0.29296875,-1.15966796875,-0.244140625,1.9775390625,-0.15869140625,1.94091796875,0.1220703125,1.220703125,-0.048828125,5.0048828125,0.25634765625,-0.32958984375,-0.01220703125,-1.45263671875,-0.06103515625,-1.03759765625,-0.146484375,0.37841796875,-0.1220703125,0.341796875,-0.0732421875,-0.0244140625,-0.0732421875,-0.048828125,-0.10986328125,0.09765625,-0.1220703125,-0.01220703125,0.01220703125,0.84228515625,0.048828125,-0.45166015625,-0.06103515625,-0.52490234375
0,-0.048828125,-0.390625,-0.25634765625,-0.28076171875,-0.10986328125,-0.40283203125,-0.1220703125,0.0244140625,0.25634765625,-0.0732421875,-0.048828125,-0.9033203125,0.1953125,1.01318359375,-0.2685546875,-0.23193359375,0.0732421875,-0.9033203125,-0.341796875,-0.4150390625,-0.03662109375,0.64697265625,-0.20751953125,-1.0009765625,0.10986328125,-0.1708984375,0.048828125,-0.8056640625,-0.1220703125,0.9033203125,-0.0244140625,0.2197265625,0.48828125,-0.32958984375,-0.47607421875,-0.86669921875,-0.1953125,-0.48828125,-0.25634765625,-0.74462890625,-0.48828125,-0.1708984375,-0.15869140625,-0.67138671875,-0.09765625,-0.4150390625,-0.146484375,0.7080078125,-0.29296875,1.15966796875,0.244140625,0.47607421875,-0.390625,-0.1953125,-0.0732421875,0.732421875,0.146484375,1.8310546875,0.341796875,1.45263671875,-0.30517578125,1.611328125,-0.03662109375,1.708984375,-0.1220703125,0.2197265625,-0.3662109375,1.0498046875,-0.30517578125,0.2197265625,-0.0732421875,0.18310546875,-0.2197265625,0.25634765625,-0.03662109375,0.87890625,0.20751953125,0.0244140625,-0.10986328125,1.3427734375,0.09765625,-0.98876953125,0.1220703125,-0.35400390625,0.01220703125,-0.9765625,0.341796875,-0.79345703125,0.25634765625,-1.5625,0.0244140625,-0.25634765625,0.13427734375,-0.28076171875,-0.28076171875,-1.15966796875,-0.20751953125,1.7333984375,-0.1953125,1.7578125,0.048828125,1.01318359375,-0.01220703125,4.62646484375,0.32958984375,-0.30517578125,-0.146484375,-1.45263671875,-0.0732421875,-1.025390625,-0.10986328125,0.37841796875,-0.09765625,0.32958984375,-0.08544921875,-0.0244140625,-0.06103515625,-0.048828125,-0.10986328125,0.08544921875,-0.09765625,-0.06103515625,0,0.8544921875,0.03662109375,-0.439453125,-0.08544921875,-0.537109375
0,-0.03662109375,-0.390625,-0.244140625,-0.28076171875,-0.146484375,-0.37841796875,-0.146484375,0.0244140625,0.2197265625,-0.06103515625,-0.0244140625,-0.89111328125,0.23193359375,1.01318359375,-0.2685546875,-0.244140625,0.1220703125,-0.89111328125,-0.3173828125,-0.42724609375,0.0732421875,0.634765625,-0.15869140625,-1.01318359375,0.146484375,-0.18310546875,-0.01220703125,-0.79345703125,-0.20751953125,0.91552734375,-0.06103515625,0.2197265625,0.40283203125,-0.35400390625,-0.50048828125,-0.8544921875,-0.20751953125,-0.5126953125,-0.2685546875,-0.7568359375,-0.42724609375,-0.20751953125,-0.244140625,-0.67138671875,-0.146484375,-0.40283203125,-0.1708984375,0.7080078125,-0.28076171875,1.18408203125,0.2685546875,0.4638671875,-0.45166015625,-0.20751953125,-0.03662109375,0.7080078125,-0.13427734375,1.74560546875,0.2685546875,1.40380859375,-0.390625,1.5380859375,-0.10986328125,1.5625,-0.15869140625,0.25634765625,-0.32958984375,1.03759765625,-0.28076171875,0.20751953125,-0.048828125,0.1953125,-0.25634765625,0.2685546875,-0.0244140625,0.89111328125,0.2197265625,0.0244140625,-0.06103515625,1.3427734375,0.10986328125,-1.0009765625,0.15869140625,-0.35400390625,0.01220703125,-0.98876953125,0.3173828125,-0.78125,0.244140625,-1.5380859375,0.13427734375,-0.2685546875,0.2197265625,-0.30517578125,-0.2197265625,-1.1962890625,-0.1953125,1.50146484375,-0.2197265625,1.57470703125,-0.01220703125,0.84228515625,0.06103515625,4.2724609375,0.32958984375,-0.30517578125,-0.2197265625,-1.46484375,-0.10986328125,-1.0498046875,-0.06103515625,0.390625,-0.08544921875,0.32958984375,-0.08544921875,-0.03662109375,-0.0732421875,-0.01220703125,-0.10986328125,0.0732421875,-0.08544921875,-0.06103515625,0,0.86669921875,0.0732421875,-0.439453125,-0.0732421875,-0.5126953125
0,-0.06103515625,-0.3662109375,-0.25634765625,-0.28076171875,-0.13427734375,-0.40283203125,-0.146484375,0.03662109375,0.23193359375,-0.0732421875,-0.0244140625,-0.89111328125,0.23193359375,1.025390625,-0.244140625,-0.244140625,0.146484375,-0.87890625,-0.244140625,-0.439453125,0.20751953125,0.62255859375,-0.15869140625,-1.025390625,0.15869140625,-0.1708984375,-0.09765625,-0.78125,-0.30517578125,0.9033203125,-0.13427734375,0.1953125,0.2685546875,-0.3662109375,-0.5615234375,-0.86669921875,-0.1708984375,-0.52490234375,-0.23193359375,-0.7568359375,-0.30517578125,-0.244140625,-0.23193359375,-0.6591796875,-0.15869140625,-0.390625,-0.1953125,0.69580078125,-0.2685546875,1.220703125,0.35400390625,0.45166015625,-0.50048828125,-0.244140625,-0.0244140625,0.732421875,-0.28076171875,1.7333984375,0.3662109375,1.3916015625,-0.29296875,1.47705078125,0,1.50146484375,-0.2197265625,0.2685546875,-0.2197265625,1.01318359375,-0.29296875,0.2197265625,-0.0732421875,0.1953125,-0.2685546875,0.28076171875,0,0.8544921875,0.244140625,0.03662109375,-0.06103515625,1.35498046875,0.1220703125,-0.98876953125,0.18310546875,-0.35400390625,0.06103515625,-0.96435546875,0.1953125,-0.78125,0.23193359375,-1.5625,0.18310546875,-0.23193359375,0.244140625,-0.341796875,-0.13427734375,-1.18408203125,-0.25634765625,1.20849609375,-0.28076171875,1.35498046875,-0.13427734375,0.6103515625,0.0732421875,3.8818359375,0.28076171875,-0.32958984375,-0.244140625,-1.46484375,-0.09765625,-1.0498046875,0,0.37841796875,-0.0732421875,0.30517578125,-0.08544921875,-0.048828125,-0.048828125,-0.01220703125,-0.10986328125,0.0732421875,-0.08544921875,-0.048828125,0.01220703125,0.89111328125,0.0732421875,-0.439453125,-0.0732421875,-0.50048828125
0,-0.048828125,-0.35400390625,-0.25634765625,-0.28076171875,-0.13427734375,-0.37841796875,-0.1708984375,0.0244140625,0.1953125,-0.0732421875,-0.03662109375,-0.89111328125,0.23193359375,1.01318359375,-0.2685546875,-0.28076171875,0.146484375,-0.87890625,-0.146484375,-0.42724609375,0.32958984375,0.6103515625,-0.1953125,-0.98876953125,0.15869140625,-0.1708984375,-0.146484375,-0.79345703125,-0.341796875,0.927734375,-0.1953125,0.20751953125,0.0732421875,-0.35400390625,-0.5615234375,-0.86669921875,-0.13427734375,-0.50048828125,-0.1708984375,-0.7568359375,-0.1953125,-0.20751953125,-0.244140625,-0.64697265625,-0.18310546875,-0.3662109375,-0.28076171875,0.68359375,-0.20751953125,1.1962890625,0.40283203125,0.42724609375,-0.47607421875,-0.2197265625,-0.03662109375,0.732421875,-0.35400390625,1.708984375,0.439453125,1.3916015625,-0.2685546875,1.42822265625,0.08544921875,1.4404296875,-0.20751953125,0.3173828125,-0.18310546875,1.03759765625,-0.23193359375,0.23193359375,-0.10986328125,0.20751953125,-0.2197265625,0.28076171875,0.06103515625,0.84228515625,0.25634765625,0.048828125,-0.048828125,1.3427734375,0.09765625,-0.98876953125,0.20751953125,-0.3662109375,0.1220703125,-0.96435546875,-0.0244140625,-0.7568359375,0.23193359375,-1.513671875,0.25634765625,-0.2197265625,0.2197265625,-0.32958984375,-0.03662109375,-1.18408203125,-0.2197265625,0.830078125,-0.244140625,1.01318359375,-0.18310546875,0.35400390625,0.08544921875,3.35693359375,0.15869140625,-0.3662109375,-0.23193359375,-1.45263671875,-0.08544921875,-1.0498046875,0.0732421875,0.390625,-0.06103515625,0.30517578125,-0.10986328125,-0.048828125,-0.06103515625,-0.0244140625,-0.13427734375,0.06103515625,-0.08544921875,-0.03662109375,0.01220703125,0.87890625,0.0732421875,-0.439453125,-0.1220703125,-0.48828125
0,-0.0732421875,-0.32958984375,-0.2197265625,-0.2685546875,-0.13427734375,-0.390625,-0.15869140625,0.0244140625,0.2197265625,-0.08544921875,-0.03662109375,-0.87890625,0.2685546875,1.025390625,-0.2685546875,-0.29296875,0.13427734375,-0.86669921875,-0.048828125,-0.4150390625,0.390625,0.634765625,-0.18310546875,-1.0009765625,0.146484375,-0.1708984375,-0.146484375,-0.78125,-0.341796875,0.91552734375,-0.1953125,0.20751953125,-0.09765625,-0.32958984375,-0.5615234375,-0.87890625,-0.06103515625,-0.4638671875,-0.10986328125,-0.732421875,-0.09765625,-0.1953125,-0.1708984375,-0.64697265625,-0.15869140625,-0.3173828125,-0.2685546875,0.68359375,-0.20751953125,1.1962890625,0.37841796875,0.439453125,-0.439453125,-0.2197265625,-0.0732421875,0.732421875,-0.537109375,1.708984375,0.3662109375,1.35498046875,-0.390625,1.3916015625,0.01220703125,1.40380859375,-0.20751953125,0.35400390625,-0.1220703125,1.0498046875,-0.20751953125,0.20751953125,-0.146484375,0.23193359375,-0.1708984375,0.28076171875,0.09765625,0.8544921875,0.23193359375,0.048828125,-0.0244140625,1.35498046875,0.0732421875,-0.9765625,0.15869140625,-0.35400390625,0.10986328125,-0.93994140625,-0.23193359375,-0.76904296875,0.2685546875,-1.52587890625,0.30517578125,-0.2197265625,0.15869140625,-0.32958984375,0.0732421875,-1.18408203125,-0.1953125,0.3662109375,-0.146484375,0.5859375,-0.146484375,0.0244140625,0.13427734375,2.63671875,0.048828125,-0.4638671875,-0.1708984375,-1.45263671875,-0.0732421875,-1.06201171875,0.10986328125,0.35400390625,-0.08544921875,0.29296875,-0.1220703125,-0.048828125,-0.06103515625,-0.01220703125,-0.13427734375,0.08544921875,-0.06103515625,-0.0244140625,-0.01220703125,0.86669921875,0.0732421875,-0.45166015625,-0.09765625,-0.47607421875
0,-0.01220703125,-0.32958984375,-0.2685546875,-0.28076171875,-0.1220703125,-0.390625,-0.15869140625,0.03662109375,0.20751953125,-0.10986328125,-0.048828125,-0.89111328125,0.2685546875,1.0009765625,-0.29296875,-0.28076171875,0.09765625,-0.87890625,0.048828125,-0.4150390625,0.37841796875,0.62255859375,-0.1708984375,-0.98876953125,0.08544921875,-0.1708984375,-0.13427734375,-0.78125,-0.2685546875,0.91552734375,-0.20751953125,0.20751953125,-0.23193359375,-0.3173828125,-0.537109375,-0.8544921875,0.01220703125,-0.42724609375,-0.09765625,-0.7080078125,-0.0244140625,-0.15869140625,-0.03662109375,-0.64697265625,-0.146484375,-0.30517578125,-0.29296875,0.69580078125,-0.20751953125,1.171875,0.30517578125,0.50048828125,-0.3662109375,-0.15869140625,-0.08544921875,0.7568359375,-0.5126953125,1.72119140625,0.40283203125,1.3427734375,-0.20751953125,1.3427734375,0.06103515625,1.3671875,-0.1708984375,0.3662109375,-0.048828125,1.06201171875,-0.18310546875,0.1953125,-0.146484375,0.23193359375,-0.10986328125,0.29296875,0.1220703125,0.81787109375,0.23193359375,0.0244140625,-0.0244140625,1.35498046875,0.03662109375,-0.9521484375,0.13427734375,-0.341796875,0.10986328125,-0.9521484375,-0.42724609375,-0.7568359375,0.30517578125,-1.513671875,0.3173828125,-0.2197265625,0.13427734375,-0.32958984375,0.146484375,-1.15966796875,-0.1708984375,-0.15869140625,-0.09765625,0.048828125,-0.13427734375,-0.35400390625,0.10986328125,1.7822265625,0,-0.54931640625,-0.10986328125,-1.46484375,-0.10986328125,-1.06201171875,0.09765625,0.3662109375,-0.0732421875,0.29296875,-0.09765625,-0.048828125,-0.06103515625,-0.0244140625,-0.10986328125,0.0732421875,-0.06103515625,-0.0244140625,-0.03662109375,0.86669921875,0.0732421875,-0.45166015625,-0.08544921875,-0.48828125
0,-0.03662109375,-0.32958984375,-0.25634765625,-0.2685546875,-0.18310546875,-0.3662109375,-0.18310546875,0.03662109375,0.20751953125,-0.10986328125,-0.0732421875,-0.9033203125,0.28076171875,1.01318359375,-0.30517578125,-0.28076171875,0.03662109375,-0.87890625,0.1220703125,-0.40283203125,0.30517578125,0.634765625,-0.09765625,-0.98876953125,0.0244140625,-0.1708984375,-0.1220703125,-0.76904296875,-0.1708984375,0.91552734375,-0.1708984375,0.20751953125,-0.23193359375,-0.2685546875,-0.4638671875,-0.830078125,0.08544921875,-0.35400390625,-0.048828125,-0.72021484375,-0.01220703125,-0.13427734375,0.10986328125,-0.62255859375,-0.10986328125,-0.29296875,-0.244140625,0.7080078125,-0.1708984375,1.15966796875,0.29296875,0.5126953125,-0.3173828125,-0.09765625,-0.1220703125,0.76904296875,-0.47607421875,1.72119140625,0.390625,1.2939453125,-0.1708984375,1.318359375,0.06103515625,1.3427734375,-0.146484375,0.341796875,0.01220703125,1.06201171875,-0.146484375,0.1953125,-0.146484375,0.25634765625,-0.08544921875,0.2685546875,0.1220703125,0.84228515625,0.1953125,0.01220703125,-0.06103515625,1.3427734375,-0.01220703125,-0.9521484375,0.06103515625,-0.35400390625,0.0244140625,-0.9521484375,-0.50048828125,-0.76904296875,0.28076171875,-1.52587890625,0.30517578125,-0.20751953125,0.1220703125,-0.32958984375,0.23193359375,-1.1474609375,-0.15869140625,-0.732421875,-0.0732421875,-0.52490234375,-0.1220703125,-0.76904296875,0.03662109375,0.81787109375,-0.06103515625,-0.6591796875,-0.048828125,-1.46484375,-0.1220703125,-1.0498046875,0.06103515625,0.37841796875,-0.0732421875,0.30517578125,-0.08544921875,-0.03662109375,-0.0732421875,-0.0244140625,-0.1220703125,0.048828125,-0.048828125,-0.01220703125,-0.03662109375,0.86669921875,0.048828125,-0.45166015625,-0.0732421875,-0.48828125
0,0,-0.35400390625,-0.29296875,-0.29296875,-0.146484375,-0.37841796875,-0.1953125,0.0244140625,0.18310546875,-0.1220703125,-0.0732421875,-0.9033203125,0.29296875,1.01318359375,-0.3173828125,-0.25634765625,0.01220703125,-0.87890625,0.146484375,-0.40283203125,0.18310546875,0.64697265625,0.03662109375,-0.9765625,-0.01220703125,-0.18310546875,-0.0732421875,-0.78125,-0.13427734375,0.9033203125,-0.08544921875,0.1953125,-0.244140625,-0.23193359375,-0.4638671875,-0.8056640625,0.15869140625,-0.32958984375,-0.0244140625,-0.7080078125,-0.0244140625,-0.09765625,0.23193359375,-0.62255859375,-0.10986328125,-0.28076171875,-0.15869140625,0.69580078125,-0.18310546875,1.123046875,0.2685546875,0.52490234375,-0.2685546875,-0.0732421875,-0.146484375,0.78125,-0.45166015625,1.72119140625,0.29296875,1.28173828125,-0.01220703125,1.318359375,0.1220703125,1.2939453125,-0.06103515625,0.3173828125,0.09765625,1.06201171875,-0.13427734375,0.20751953125,-0.1220703125,0.244140625,-0.06103515625,0.2685546875,0.10986328125,0.8544921875,0.1708984375,0,-0.09765625,1.3427734375,-0.048828125,-0.96435546875,0.01220703125,-0.35400390625,-0.08544921875,-0.9521484375,-0.5126953125,-0.7568359375,0.244140625,-1.52587890625,0.244140625,-0.2197265625,0.06103515625,-0.30517578125,0.244140625,-1.13525390625,-0.15869140625,-1.28173828125,-0.06103515625,-1.08642578125,-0.1220703125,-1.15966796875,-0.01220703125,-0.1953125,-0.06103515625,-0.74462890625,-0.0244140625,-1.46484375,-0.1708984375,-1.06201171875,0.01220703125,0.37841796875,-0.048828125,0.3173828125,-0.0732421875,-0.06103515625,-0.06103515625,-0.03662109375,-0.1220703125,0.06103515625,-0.06103515625,0,-0.048828125,0.8544921875,0.03662109375,-0.47607421875,-0.08544921875,-0.48828125
0,-0.01220703125,-0.3662109375,-0.244140625,-0.30517578125,-0.1708984375,-0.37841796875,-0.20751953125,0.0244140625,0.1708984375,-0.10986328125,-0.1220703125,-0.87890625,0.28076171875,1.03759765625,-0.3173828125,-0.25634765625,0.01220703125,-0.87890625,0.08544921875,-0.390625,0.0732421875,0.68359375,0.146484375,-0.9765625,-0.03662109375,-0.1708984375,-0.03662109375,-0.8056640625,-0.0244140625,0.9033203125,-0.01220703125,0.2197265625,-0.0732421875,-0.23193359375,-0.439453125,-0.78125,0.1953125,-0.28076171875,0.01220703125,-0.68359375,0,-0.08544921875,0.28076171875,-0.62255859375,-0.08544921875,-0.29296875,-0.0732421875,0.7080078125,-0.1708984375,1.11083984375,0.23193359375,0.52490234375,-0.1953125,-0.048828125,-0.146484375,0.78125,-0.4150390625,1.7333984375,0.2197265625,1.2451171875,0.0732421875,1.30615234375,0.0732421875,1.318359375,0.01220703125,0.28076171875,0.18310546875,1.07421875,-0.1220703125,0.1953125,-0.0732421875,0.244140625,-0.01220703125,0.2685546875,0.1220703125,0.86669921875,0.10986328125,0,-0.13427734375,1.33056640625,-0.10986328125,-0.98876953125,-0.0244140625,-0.37841796875,-0.1953125,-0.9521484375,-0.45166015625,-0.7568359375,0.20751953125,-1.55029296875,0.18310546875,-0.23193359375,0.0244140625,-0.3173828125,0.18310546875,-1.0986328125,-0.1708984375,-1.72119140625,-0.13427734375,-1.5869140625,-0.13427734375,-1.50146484375,-0.08544921875,-1.123046875,0.03662109375,-0.79345703125,-0.01220703125,-1.46484375,-0.1708984375,-1.03759765625,-0.0244140625,0.3662109375,-0.06103515625,0.32958984375,-0.0732421875,-0.0732421875,-0.0732421875,-0.06103515625,-0.09765625,0.0732421875,-0.0732421875,0.01220703125,-0.048828125,0.86669921875,0.01220703125,-0.48828125,-0.048828125,-0.48828125
0,-0.01220703125,-0.37841796875,-0.2197265625,-0.30517578125,-0.146484375,-0.390625,-0.2197265625,0,0.15869140625,-0.09765625,-0.10986328125,-0.9033203125,0.30517578125,1.0498046875,-0.29296875,-0.2685546875,0.048828125,-0.87890625,-0.0244140625,-0.37841796875,0.01220703125,0.67138671875,0.23193359375,-0.98876953125,-0.01220703125,-0.1708984375,-0.0244140625,-0.8056640625,0.048828125,0.87890625,0.09765625,0.23193359375,0.048828125,-0.244140625,-0.42724609375,-0.74462890625,0.23193359375,-0.29296875,-0.0244140625,-0.72021484375,0.0244140625,-0.09765625,0.29296875,-0.64697265625,-0.09765625,-0.32958984375,0.03662109375,0.69580078125,-0.15869140625,1.08642578125,0.18310546875,0.537109375,-0.10986328125,-0.0732421875,-0.15869140625,0.78125,-0.3173828125,1.7822265625,0.15869140625,1.25732421875,0.1708984375,1.3427734375,0.1220703125,1.3671875,0.048828125,0.25634765625,0.2197265625,1.06201171875,-0.09765625,0.20751953125,-0.03662109375,0.2197265625,0,0.2685546875,0.09765625,0.91552734375,0.08544921875,0,-0.1220703125,1.3427734375,-0.13427734375,-0.98876953125,-0.08544921875,-0.3662109375,-0.3173828125,-0.93994140625,-0.30517578125,-0.76904296875,0.1708984375,-1.5625,0.09765625,-0.25634765625,0.03662109375,-0.29296875,0.06103515625,-1.08642578125,-0.15869140625,-2.03857421875,-0.2197265625,-1.94091796875,-0.1220703125,-1.7333984375,-0.09765625,-1.81884765625,0.10986328125,-0.84228515625,0,-1.45263671875,-0.1708984375,-1.01318359375,-0.03662109375,0.37841796875,-0.06103515625,0.341796875,-0.0732421875,-0.06103515625,-0.06103515625,-0.08544921875,-0.06103515625,0.0732421875,-0.0732421875,0.01220703125,-0.06103515625,0.86669921875,0.01220703125,-0.48828125,-0.06103515625,-0.50048828125
0,-0.01220703125,-0.390625,-0.2685546875,-0.341796875,-0.10986328125,-0.40283203125,-0.20751953125,0,0.146484375,-0.09765625,-0.10986328125,-0.91552734375,0.30517578125,1.06201171875,-0.29296875,-0.25634765625,0.08544921875,-0.89111328125,-0.146484375,-0.4150390625,-0.0244140625,0.67138671875,0.2197265625,-0.98876953125,0.0244140625,-0.15869140625,0.01220703125,-0.79345703125,0.09765625,0.87890625,0.1708984375,0.2197265625,0.1220703125,-0.25634765625,-0.3662109375,-0.69580078125,0.1953125,-0.3173828125,-0.01220703125,-0.7080078125,0.03662109375,-0.08544921875,0.25634765625,-0.634765625,-0.08544921875,-0.32958984375,0.09765625,0.72021484375,-0.13427734375,1.123046875,0.18310546875,0.50048828125,-0.048828125,-0.1220703125,-0.146484375,0.7568359375,-0.146484375,1.85546875,0.09765625,1.33056640625,0.341796875,1.42822265625,0.1220703125,1.47705078125,0.06103515625,0.23193359375,0.30517578125,1.03759765625,-0.10986328125,0.2197265625,-0.03662109375,0.20751953125,0.048828125,0.244140625,0.08544921875,0.93994140625,0.0732421875,-0.0244140625,-0.1220703125,1.318359375,-0.146484375,-0.98876953125,-0.10986328125,-0.390625,-0.29296875,-0.9521484375,-0.13427734375,-0.76904296875,0.13427734375,-1.55029296875,0.03662109375,-0.28076171875,0.01220703125,-0.28076171875,-0.048828125,-1.0986328125,-0.15869140625,-2.1728515625,-0.30517578125,-2.11181640625,-0.09765625,-1.8798828125,-0.048828125,-2.23388671875,0.25634765625,-0.81787109375,-0.01220703125,-1.46484375,-0.146484375,-1.0009765625,-0.048828125,0.390625,-0.0732421875,0.341796875,-0.09765625,-0.08544921875,-0.06103515625,-0.08544921875,-0.01220703125,0.09765625,-0.0732421875,0.03662109375,-0.0732421875,0.86669921875,0.0244140625,-0.47607421875,-0.08544921875,-0.52490234375
1,0.01220703125,-0.390625,-0.2685546875,-0.341796875,-0.13427734375,-0.37841796875,-0.2197265625,-0.01220703125,0.146484375,-0.08544921875,-0.09765625,-0.91552734375,0.28076171875,1.0498046875,-0.30517578125,-0.2685546875,0.09765625,-0.87890625,-0.29296875,-0.390625,0,0.64697265625,0.09765625,-1.01318359375,0.06103515625,-0.18310546875,0.048828125,-0.79345703125,0.13427734375,0.87890625,0.244140625,0.2197265625,0.18310546875,-0.23193359375,-0.25634765625,-0.64697265625,0.1220703125,-0.37841796875,0.0244140625,-0.74462890625,0.048828125,-0.1220703125,0.1953125,-0.64697265625,-0.048828125,-0.29296875,0.1220703125,0.72021484375,-0.08544921875,1.1474609375,0.18310546875,0.50048828125,-0.01220703125,-0.15869140625,-0.1220703125,0.74462890625,-0.1220703125,1.9775390625,0.1220703125,1.4404296875,0.3662109375,1.52587890625,0.13427734375,1.611328125,0.08544921875,0.1953125,0.35400390625,1.03759765625,-0.09765625,0.1953125,0,0.18310546875,0.09765625,0.244140625,0.0732421875,0.89111328125,0.06103515625,-0.01220703125,-0.13427734375,1.33056640625,-0.15869140625,-0.98876953125,-0.1220703125,-0.390625,-0.244140625,-0.9521484375,0,-0.78125,0.08544921875,-1.5625,0.0244140625,-0.29296875,0,-0.28076171875,-0.20751953125,-1.123046875,-0.1220703125,-2.1240234375,-0.37841796875,-2.0751953125,-0.048828125,-1.85546875,0.01220703125,-2.30712890625,0.37841796875,-0.74462890625,0.01220703125,-1.46484375,-0.1708984375,-1.0009765625,-0.06103515625,0.40283203125,-0.0732421875,0.32958984375,-0.08544921875,-0.0732421875,-0.06103515625,-0.0732421875,-0.01220703125,0.08544921875,-0.06103515625,0.03662109375,-0.06103515625,0.86669921875,0,-0.48828125,-0.0732421875,-0.52490234375
1,-0.03662109375,-0.40283203125,-0.2685546875,-0.32958984375,-0.10986328125,-0.40283203125,-0.23193359375,-0.01220703125,0.1220703125,-0.08544921875,-0.0732421875,-0.9033203125,0.29296875,1.03759765625,-0.28076171875,-0.25634765625,0.146484375,-0.87890625,-0.341796875,-0.40283203125,0.01220703125,0.634765625,-0.08544921875,-0.98876953125,0.1220703125,-0.1953125,0.0244140625,-0.81787109375,0.146484375,0.87890625,0.28076171875,0.23193359375,0.20751953125,-0.2685546875,-0.15869140625,-0.634765625,0.048828125,-0.40283203125,-0.048828125,-0.76904296875,0,-0.15869140625,0.1220703125,-0.68359375,0.0244140625,-0.3173828125,0.1220703125,0.72021484375,-0.048828125,1.18408203125,0.1953125,0.47607421875,0.06103515625,-0.23193359375,-0.1220703125,0.74462890625,-0.06103515625,2.1484375,0.10986328125,1.5869140625,0.439453125,1.6357421875,0.09765625,1.81884765625,0.1220703125,0.1953125,0.3662109375,1.03759765625,-0.09765625,0.1953125,0.01220703125,0.1953125,0.15869140625,0.244140625,0.01220703125,0.93994140625,0.0244140625,0.01220703125,-0.1220703125,1.318359375,-0.1708984375,-1.0009765625,-0.0732421875,-0.37841796875,-0.1220703125,-0.9765625,0.06103515625,-0.79345703125,0.048828125,-1.57470703125,0.0244140625,-0.30517578125,-0.06103515625,-0.3173828125,-0.25634765625,-1.13525390625,-0.146484375,-1.9287109375,-0.439453125,-1.85546875,-0.01220703125,-1.708984375,-0.03662109375,-2.05078125,0.45166015625,-0.634765625,0.0244140625,-1.47705078125,-0.15869140625,-0.98876953125,-0.09765625,0.40283203125,-0.06103515625,0.3173828125,-0.0732421875,-0.08544921875,-0.0732421875,-0.08544921875,0.01220703125,0.08544921875,-0.048828125,0.03662109375,-0.048828125,0.86669921875,0.0244140625,-0.48828125,-0.08544921875,-0.537109375
1,-0.03662109375,-0.390625,-0.23193359375,-0.32958984375,-0.1220703125,-0.390625,-0.23193359375,-0.01220703125,0.10986328125,-0.08544921875,-0.06103515625,-0.9033203125,0.28076171875,1.0498046875,-0.3173828125,-0.25634765625,0.10986328125,-0.86669921875,-0.45166015625,-0.45166015625,0,0.59814453125,-0.35400390625,-0.98876953125,0.18310546875,-0.18310546875,0.01220703125,-0.8056640625,0.146484375,0.86669921875,0.28076171875,0.20751953125,0.1708984375,-0.29296875,-0.08544921875,-0.59814453125,-0.03662109375,-0.439453125,-0.09765625,-0.76904296875,-0.048828125,-0.18310546875,0.0244140625,-0.69580078125,0.08544921875,-0.32958984375,0.1220703125,0.72021484375,0,1.1962890625,0.2197265625,0.4638671875,0.0732421875,-0.25634765625,-0.0732421875,0.732421875,0.0244140625,2.28271484375,0.1220703125,1.72119140625,0.45166015625,1.7578125,0.10986328125,2.01416015625,0.1708984375,0.1953125,0.390625,1.06201171875,-0.048828125,0.20751953125,0.01220703125,0.18310546875,0.23193359375,0.2685546875,-0.06103515625,0.927734375,-0.01220703125,0.0244140625,-0.13427734375,1.33056640625,-0.15869140625,-1.01318359375,-0.03662109375,-0.40283203125,0.08544921875,-0.9765625,0.048828125,-0.8056640625,-0.0244140625,-1.57470703125,0.048828125,-0.30517578125,-0.10986328125,-0.3173828125,-0.25634765625,-1.15966796875,-0.08544921875,-1.5869140625,-0.32958984375,-1.47705078125,0.06103515625,-1.513671875,0.01220703125,-1.513671875,0.45166015625,-0.50048828125,0.06103515625,-1.46484375,-0.18310546875,-1.0009765625,-0.1220703125,0.4150390625,-0.048828125,0.3173828125,-0.048828125,-0.08544921875,-0.06103515625,-0.0732421875,0.0244140625,0.09765625,-0.048828125,0.0244140625,-0.03662109375,0.8544921875,0.03662109375,-0.48828125,-0.09765625,-0.537109375
1,-0.0244140625,-0.390625,-0.23193359375,-0.29296875,-0.13427734375,-0.390625,-0.2197265625,0.01220703125,0.10986328125,-0.0732421875,-0.08544921875,-0.89111328125,0.30517578125,1.025390625,-0.30517578125,-0.244140625,0.0732421875,-0.830078125,-0.45166015625,-0.45166015625,0.0244140625,0.59814453125,-0.52490234375,-0.98876953125,0.244140625,-0.1708984375,0.0244140625,-0.79345703125,0.15869140625,0.86669921875,0.25634765625,0.2197265625,0.08544921875,-0.30517578125,0.01220703125,-0.5615234375,-0.08544921875,-0.45166015625,-0.15869140625,-0.78125,-0.1220703125,-0.1953125,-0.06103515625,-0.69580078125,0.1220703125,-0.35400390625,0.0732421875,0.7080078125,0.01220703125,1.1962890625,0.28076171875,0.4638671875,0.08544921875,-0.25634765625,-0.0244140625,0.74462890625,-0.1220703125,2.4169921875,0.09765625,1.8310546875,0.439453125,1.85546875,0.06103515625,2.18505859375,0.23193359375,0.23193359375,0.35400390625,1.03759765625,-0.048828125,0.20751953125,0.01220703125,0.1953125,0.244140625,0.29296875,-0.10986328125,0.9033203125,-0.01220703125,0.01220703125,-0.15869140625,1.318359375,-0.15869140625,-1.01318359375,0.03662109375,-0.3662109375,0.25634765625,-0.9765625,-0.03662109375,-0.78125,-0.08544921875,-1.5625,0.0732421875,-0.29296875,-0.1953125,-0.32958984375,-0.1708984375,-1.18408203125,-0.146484375,-1.20849609375,-0.3173828125,-1.08642578125,0.06103515625,-1.23291015625,-0.01220703125,-0.8544921875,0.37841796875,-0.3662109375,0.08544921875,-1.46484375,-0.13427734375,-0.98876953125,-0.09765625,0.439453125,0,0.3173828125,-0.03662109375,-0.0732421875,-0.06103515625,-0.048828125,0,0.10986328125,-0.08544921875,-0.0244140625,-0.0244140625,0.84228515625,0.06103515625,-0.47607421875,-0.0732421875,-0.52490234375
1,-0.03662109375,-0.37841796875,-0.23193359375,-0.2685546875,-0.10986328125,-0.40283203125,-0.20751953125,0.01220703125,0.10986328125,-0.08544921875,-0.03662109375,-0.89111328125,0.32958984375,1.0009765625,-0.2685546875,-0.23193359375,0.0244140625,-0.81787109375,-0.37841796875,-0.439453125,-0.0244140625,0.57373046875,-0.6103515625,-1.0009765625,0.23193359375,-0.1708984375,0,-0.79345703125,0.13427734375,0.9033203125,0.1953125,0.1953125,-0.01220703125,-0.30517578125,0,-0.5615234375,-0.1220703125,-0.45166015625,-0.23193359375,-0.78125,-0.244140625,-0.20751953125,-0.03662109375,-0.67138671875,0.13427734375,-0.341796875,0.048828125,0.69580078125,0.01220703125,1.20849609375,0.3662109375,0.47607421875,0.09765625,-0.25634765625,0.03662109375,0.74462890625,-0.146484375,2.4658203125,0.08544921875,1.8798828125,0.35400390625,1.86767578125,0.048828125,2.294921875,0.25634765625,0.29296875,0.29296875,1.0498046875,-0.03662109375,0.1953125,-0.0244140625,0.20751953125,0.20751953125,0.30517578125,-0.15869140625,0.91552734375,-0.01220703125,0.0244140625,-0.146484375,1.3671875,-0.13427734375,-1.01318359375,0.0732421875,-0.341796875,0.3662109375,-0.9521484375,-0.09765625,-0.79345703125,-0.15869140625,-1.55029296875,0.09765625,-0.28076171875,-0.244140625,-0.341796875,-0.0244140625,-1.1962890625,-0.1953125,-0.84228515625,-0.25634765625,-0.6591796875,0.0244140625,-0.98876953125,-0.03662109375,-0.18310546875,0.244140625,-0.23193359375,0.0732421875,-1.46484375,-0.08544921875,-1.025390625,-0.08544921875,0.439453125,0.01220703125,0.30517578125,-0.0244140625,-0.06103515625,-0.06103515625,-0.048828125,0.01220703125,0.09765625,-0.0732421875,0,0,0.84228515625,0.048828125,-0.4638671875,-0.06103515625,-0.5126953125
1,-0.01220703125,-0.35400390625,-0.25634765625,-0.25634765625,-0.06103515625,-0.40283203125,-0.2197265625,0.0244140625,0.146484375,-0.10986328125,-0.0732421875,-0.89111328125,0.28076171875,1.0009765625,-0.2685546875,-0.25634765625,-0.048828125,-0.84228515625,-0.3173828125,-0.439453125,-0.09765625,0.59814453125,-0.57373046875,-1.0009765625,0.146484375,-0.18310546875,-0.01220703125,-0.76904296875,0.10986328125,0.89111328125,0.08544921875,0.1953125,-0.1220703125,-0.29296875,0.01220703125,-0.5859375,-0.1708984375,-0.45166015625,-0.30517578125,-0.7568359375,-0.341796875,-0.2197265625,0.0244140625,-0.64697265625,0.0732421875,-0.35400390625,0.0244140625,0.68359375,0.01220703125,1.1962890625,0.40283203125,0.50048828125,0.08544921875,-0.20751953125,0.08544921875,0.74462890625,-0.244140625,2.45361328125,0.06103515625,1.86767578125,0.18310546875,1.8310546875,0.01220703125,2.28271484375,0.29296875,0.3173828125,0.20751953125,1.0498046875,-0.01220703125,0.20751953125,-0.0732421875,0.1953125,0.20751953125,0.30517578125,-0.18310546875,0.91552734375,-0.01220703125,0.03662109375,-0.1708984375,1.3427734375,-0.08544921875,-1.0009765625,0.13427734375,-0.32958984375,0.390625,-0.9765625,-0.13427734375,-0.78125,-0.13427734375,-1.5380859375,0.1220703125,-0.28076171875,-0.244140625,-0.3173828125,0.0732421875,-1.1962890625,-0.1708984375,-0.54931640625,-0.06103515625,-0.341796875,0.09765625,-0.74462890625,0.09765625,0.4150390625,0.13427734375,-0.09765625,0.01220703125,-1.47705078125,-0.01220703125,-1.03759765625,-0.06103515625,0.4150390625,0.01220703125,0.30517578125,-0.03662109375,-0.06103515625,-0.06103515625,-0.01220703125,0.01220703125,0.08544921875,-0.0732421875,-0.01220703125,0.01220703125,0.81787109375,0.0732421875,-0.45166015625,-0.048828125,-0.5126953125
1,0,-0.35400390625,-0.25634765625,-0.23193359375,-0.01220703125,-0.40283203125,-0.20751953125,0.0244140625,0.13427734375,-0.10986328125,-0.048828125,-0.89111328125,0.28076171875,0.98876953125,-0.244140625,-0.2685546875,-0.09765625,-0.84228515625,-0.2197265625,-0.4150390625,-0.1953125,0.5859375,-0.40283203125,-1.0009765625,0.0732421875,-0.1708984375,-0.01220703125,-0.79345703125,0.0732421875,0.9033203125,-0.0244140625,0.18310546875,-0.2685546875,-0.29296875,-0.01220703125,-0.6103515625,-0.18310546875,-0.439453125,-0.32958984375,-0.7568359375,-0.4638671875,-0.1953125,0.13427734375,-0.64697265625,-0.048828125,-0.341796875,0.0244140625,0.68359375,0,1.15966796875,0.390625,0.48828125,0.09765625,-0.1708984375,0.09765625,0.74462890625,-0.146484375,2.38037109375,0.15869140625,1.77001953125,0.08544921875,1.7578125,0.0732421875,2.16064453125,0.3173828125,0.35400390625,0.13427734375,1.03759765625,0,0.20751953125,-0.10986328125,0.20751953125,0.20751953125,0.29296875,-0.18310546875,0.89111328125,0.0244140625,0.0244140625,-0.1708984375,1.3671875,-0.03662109375,-1.01318359375,0.15869140625,-0.32958984375,0.29296875,-0.96435546875,-0.1220703125,-0.76904296875,-0.08544921875,-1.52587890625,0.13427734375,-0.25634765625,-0.15869140625,-0.32958984375,0.1220703125,-1.18408203125,-0.244140625,-0.35400390625,0.03662109375,-0.1220703125,0.09765625,-0.57373046875,0.09765625,0.79345703125,0.01220703125,0,-0.06103515625,-1.46484375,0.0244140625,-1.0498046875,-0.03662109375,0.4150390625,0.03662109375,0.29296875,-0.0244140625,-0.048828125,-0.06103515625,-0.03662109375,0.0244140625,0.0732421875,-0.0732421875,-0.0244140625,0.0244140625,0.8056640625,0.048828125,-0.4638671875,-0.048828125,-0.5126953125
1,0.03662109375,-0.341796875,-0.29296875,-0.20751953125,-0.0244140625,-0.37841796875,-0.2197265625,0.01220703125,0.146484375,-0.1220703125,-0.06103515625,-0.9033203125,0.244140625,1.0009765625,-0.23193359375,-0.29296875,-0.10986328125,-0.86669921875,-0.13427734375,-0.40283203125,-0.28076171875,0.62255859375,-0.18310546875,-1.0009765625,-0.048828125,-0.18310546875,-0.03662109375,-0.76904296875,0.01220703125,0.91552734375,-0.09765625,0.20751953125,-0.29296875,-0.244140625,-0.09765625,-0.68359375,-0.18310546875,-0.390625,-0.341796875,-0.732421875,-0.50048828125,-0.1953125,0.23193359375,-0.64697265625,-0.1953125,-0.341796875,0.048828125,0.6591796875,0.0244140625,1.1474609375,0.37841796875,0.50048828125,0.09765625,-0.09765625,0.10986328125,0.74462890625,0.08544921875,2.294921875,0.1953125,1.6357421875,-0.0732421875,1.66015625,0.08544921875,1.98974609375,0.29296875,0.35400390625,0.03662109375,1.06201171875,0,0.2197265625,-0.1708984375,0.2197265625,0.2197265625,0.28076171875,-0.2197265625,0.9033203125,0.0732421875,0.0244140625,-0.15869140625,1.37939453125,0.01220703125,-1.0009765625,0.1708984375,-0.32958984375,0.146484375,-0.98876953125,-0.03662109375,-0.7568359375,-0.03662109375,-1.52587890625,0.15869140625,-0.244140625,-0.0244140625,-0.3662109375,0.146484375,-1.1962890625,-0.23193359375,-0.29296875,0.03662109375,-0.06103515625,0,-0.50048828125,0.0244140625,0.91552734375,0,0.0732421875,-0.1220703125,-1.45263671875,0,-1.06201171875,-0.06103515625,0.390625,0.0244140625,0.2685546875,-0.03662109375,-0.06103515625,-0.0732421875,-0.048828125,0.03662109375,0.06103515625,-0.06103515625,-0.03662109375,0.03662109375,0.8056640625,0.0732421875,-0.45166015625,-0.01220703125,-0.5126953125
1,0.0244140625,-0.35400390625,-0.25634765625,-0.2197265625,-0.06103515625,-0.4150390625,-0.23193359375,0.01220703125,0.13427734375,-0.10986328125,-0.06103515625,-0.9033203125,0.20751953125,1.025390625,-0.2197265625,-0.29296875,-0.09765625,-0.86669921875,-0.08544921875,-0.37841796875,-0.3173828125,0.634765625,0.03662109375,-1.0009765625,-0.146484375,-0.1708984375,-0.0732421875,-0.76904296875,-0.08544921875,0.9033203125,-0.20751953125,0.1708984375,-0.2685546875,-0.2197265625,-0.15869140625,-0.76904296875,-0.15869140625,-0.3662109375,-0.2685546875,-0.732421875,-0.48828125,-0.15869140625,0.32958984375,-0.62255859375,-0.32958984375,-0.341796875,0.08544921875,0.67138671875,0.048828125,1.13525390625,0.40283203125,0.5126953125,0.08544921875,-0.0732421875,0.1220703125,0.74462890625,0.0244140625,2.2705078125,0.1708984375,1.513671875,-0.20751953125,1.5869140625,0.048828125,1.81884765625,0.23193359375,0.341796875,-0.0732421875,1.0498046875,-0.01220703125,0.244140625,-0.20751953125,0.2197265625,0.1708984375,0.28076171875,-0.23193359375,0.89111328125,0.13427734375,0.0244140625,-0.1953125,1.3671875,0.01220703125,-1.0009765625,0.13427734375,-0.30517578125,-0.048828125,-1.0009765625,0.048828125,-0.74462890625,0.048828125,-1.513671875,0.15869140625,-0.2197265625,0.1220703125,-0.341796875,0.10986328125,-1.171875,-0.10986328125,-0.30517578125,0.15869140625,-0.1220703125,-0.01220703125,-0.48828125,0.09765625,0.8056640625,-0.01220703125,0.1220703125,-0.1953125,-1.45263671875,-0.01220703125,-1.0498046875,-0.08544921875,0.40283203125,0.048828125,0.28076171875,-0.03662109375,-0.06103515625,-0.06103515625,-0.06103515625,0.03662109375,0.048828125,-0.06103515625,-0.01220703125,0.03662109375,0.81787109375,0.06103515625,-0.45166015625,0,-0.537109375
1,0.06103515625,-0.35400390625,-0.2197265625,-0.23193359375,-0.06103515625,-0.37841796875,-0.244140625,-0.01220703125,0.146484375,-0.10986328125,-0.048828125,-0.91552734375,0.20751953125,1.01318359375,-0.1953125,-0.2685546875,-0.03662109375,-0.86669921875,-0.06103515625,-0.37841796875,-0.25634765625,0.634765625,0.15869140625,-0.98876953125,-0.23193359375,-0.1708984375,-0.1220703125,-0.8056640625,-0.13427734375,0.9033203125,-0.20751953125,0.1953125,-0.244140625,-0.20751953125,-0.28076171875,-0.84228515625,-0.10986328125,-0.32958984375,-0.23193359375,-0.732421875,-0.42724609375,-0.146484375,0.3662109375,-0.62255859375,-0.439453125,-0.32958984375,0.15869140625,0.67138671875,0.0244140625,1.1474609375,0.40283203125,0.5126953125,0.048828125,-0.0732421875,0.10986328125,0.732421875,0.03662109375,2.38037109375,0.23193359375,1.4892578125,-0.2685546875,1.5869140625,0.0732421875,1.74560546875,0.146484375,0.3173828125,-0.1220703125,1.0498046875,-0.048828125,0.23193359375,-0.20751953125,0.20751953125,0.10986328125,0.244140625,-0.18310546875,0.93994140625,0.18310546875,0,-0.244140625,1.35498046875,0.0244140625,-0.98876953125,0.13427734375,-0.30517578125,-0.244140625,-1.01318359375,0.10986328125,-0.74462890625,0.08544921875,-1.513671875,0.146484375,-0.244140625,0.29296875,-0.35400390625,0.09765625,-1.1474609375,-0.048828125,-0.35400390625,0.09765625,-0.2197265625,-0.146484375,-0.52490234375,0.0732421875,0.5615234375,0.03662109375,0.13427734375,-0.2685546875,-1.46484375,-0.06103515625,-1.03759765625,-0.09765625,0.390625,0.08544921875,0.25634765625,-0.03662109375,-0.06103515625,-0.0732421875,-0.08544921875,0.0244140625,0.048828125,-0.048828125,0.0244140625,0.0732421875,0.84228515625,0.06103515625,-0.4638671875,0,-0.537109375
1,0.048828125,-0.40283203125,-0.1953125,-0.1953125,-0.06103515625,-0.390625,-0.23193359375,0,0.10986328125,-0.09765625,-0.048828125,-0.91552734375,0.1953125,1.03759765625,-0.1953125,-0.25634765625,0.03662109375,-0.87890625,-0.0732421875,-0.3662109375,-0.13427734375,0.6591796875,0.1708984375,-1.0009765625,-0.2685546875,-0.1708984375,-0.1953125,-0.79345703125,-0.18310546875,0.9033203125,-0.1708984375,0.20751953125,-0.23193359375,-0.1953125,-0.3173828125,-0.9033203125,-0.0732421875,-0.341796875,-0.15869140625,-0.76904296875,-0.32958984375,-0.13427734375,0.390625,-0.62255859375,-0.5126953125,-0.32958984375,0.244140625,0.64697265625,0,1.13525390625,0.40283203125,0.50048828125,0.0244140625,-0.10986328125,0.09765625,0.74462890625,0.03662109375,2.74658203125,0.18310546875,1.57470703125,-0.3173828125,1.708984375,-0.01220703125,1.81884765625,0.10986328125,0.30517578125,-0.2197265625,1.03759765625,-0.06103515625,0.25634765625,-0.2197265625,0.23193359375,0.08544921875,0.244140625,-0.1708984375,0.93994140625,0.18310546875,0,-0.23193359375,1.35498046875,0.01220703125,-0.9521484375,0.10986328125,-0.3173828125,-0.390625,-1.01318359375,0.1220703125,-0.76904296875,0.09765625,-1.52587890625,0.1220703125,-0.23193359375,0.341796875,-0.32958984375,0.08544921875,-1.13525390625,0.0244140625,-0.42724609375,0.09765625,-0.3173828125,-0.1953125,-0.5615234375,0.09765625,0.23193359375,0.08544921875,0.1220703125,-0.29296875,-1.46484375,-0.06103515625,-1.025390625,-0.08544921875,0.40283203125,0.08544921875,0.2685546875,-0.03662109375,-0.0732421875,-0.06103515625,-0.10986328125,0.0244140625,0.06103515625,-0.048828125,0.03662109375,0.08544921875,0.830078125,0.048828125,-0.47607421875,0.0244140625,-0.537109375
1,0.0732421875,-0.40283203125,-0.2197265625,-0.18310546875,-0.01220703125,-0.40283203125,-0.23193359375,-0.01220703125,0.10986328125,-0.09765625,-0.048828125,-0.927734375,0.1953125,1.025390625,-0.18310546875,-0.25634765625,0.10986328125,-0.9033203125,-0.09765625,-0.3662109375,0.0244140625,0.64697265625,0.1220703125,-1.0009765625,-0.2685546875,-0.1708984375,-0.23193359375,-0.78125,-0.23193359375,0.91552734375,-0.0732421875,0.2197265625,-0.3173828125,-0.1953125,-0.29296875,-0.93994140625,-0.048828125,-0.341796875,-0.10986328125,-0.7568359375,-0.20751953125,-0.10986328125,0.390625,-0.634765625,-0.5126953125,-0.341796875,0.3173828125,0.67138671875,-0.03662109375,1.171875,0.37841796875,0.47607421875,0,-0.15869140625,0.09765625,0.732421875,0.13427734375,3.40576171875,0.20751953125,1.84326171875,-0.29296875,2.0263671875,-0.0732421875,2.16064453125,0.0732421875,0.2685546875,-0.25634765625,1.03759765625,-0.0732421875,0.244140625,-0.2197265625,0.20751953125,0.06103515625,0.244140625,-0.1220703125,0.93994140625,0.20751953125,0.0244140625,-0.23193359375,1.3427734375,-0.0244140625,-0.9765625,0.0732421875,-0.3173828125,-0.4150390625,-1.0009765625,0.06103515625,-0.7568359375,0.08544921875,-1.52587890625,0.09765625,-0.244140625,0.3662109375,-0.35400390625,0.0732421875,-1.13525390625,0.146484375,-0.42724609375,0.1708984375,-0.35400390625,-0.18310546875,-0.57373046875,0.18310546875,-0.01220703125,0.146484375,0.09765625,-0.30517578125,-1.45263671875,-0.0732421875,-1.0009765625,-0.06103515625,0.40283203125,0.09765625,0.25634765625,-0.06103515625,-0.0732421875,-0.0732421875,-0.1220703125,0.01220703125,0.08544921875,-0.01220703125,0.03662109375,0.09765625,0.830078125,0.03662109375,-0.5126953125,0.0244140625,-0.54931640625
1,0.048828125,-0.4150390625,-0.20751953125,-0.15869140625,-0.0244140625,-0.4150390625,-0.244140625,0.0244140625,0.09765625,-0.0732421875,-0.0244140625,-0.927734375,0.146484375,1.025390625,-0.18310546875,-0.244140625,0.18310546875,-0.87890625,-0.15869140625,-0.37841796875,0.15869140625,0.6591796875,0.048828125,-1.0009765625,-0.2685546875,-0.1708984375,-0.244140625,-0.8056640625,-0.1953125,0.91552734375,0.08544921875,0.23193359375,-0.32958984375,-0.1708984375,-0.2685546875,-0.98876953125,-0.01220703125,-0.3662109375,-0.048828125,-0.76904296875,-0.0732421875,-0.146484375,0.32958984375,-0.6591796875,-0.45166015625,-0.29296875,0.30517578125,0.64697265625,-0.06103515625,1.1962890625,0.3662109375,0.45166015625,0,-0.244140625,0.08544921875,0.74462890625,0.1220703125,4.38232421875,0.20751953125,2.294921875,-0.2685546875,2.4658203125,-0.1220703125,2.72216796875,0,0.25634765625,-0.28076171875,1.0498046875,-0.13427734375,0.23193359375,-0.2197265625,0.2197265625,-0.01220703125,0.25634765625,-0.09765625,0.93994140625,0.1953125,0,-0.1953125,1.3427734375,-0.06103515625,-0.98876953125,0.048828125,-0.30517578125,-0.341796875,-1.01318359375,-0.0244140625,-0.76904296875,0.09765625,-1.52587890625,0.06103515625,-0.23193359375,0.30517578125,-0.341796875,0.06103515625,-1.13525390625,0.08544921875,-0.341796875,0.13427734375,-0.28076171875,-0.2685546875,-0.52490234375,0.10986328125,-0.13427734375,0.15869140625,0.0732421875,-0.2685546875,-1.4404296875,-0.08544921875,-1.0009765625,-0.06103515625,0.390625,0.1220703125,0.28076171875,-0.06103515625,-0.048828125,-0.0732421875,-0.13427734375,-0.01220703125,0.09765625,-0.01220703125,0.03662109375,0.0732421875,0.8544921875,0.0244140625,-0.52490234375,0.0244140625,-0.54931640625
1,0.09765625,-0.4150390625,-0.244140625,-0.15869140625,-0.0244140625,-0.4150390625,-0.2685546875,0.01220703125,0.08544921875,-0.09765625,-0.048828125,-0.91552734375,0.15869140625,1.03759765625,-0.18310546875,-0.23193359375,0.2197265625,-0.87890625,-0.1953125,-0.40283203125,0.20751953125,0.6591796875,-0.08544921875,-1.0009765625,-0.23193359375,-0.15869140625,-0.244140625,-0.79345703125,-0.1708984375,0.91552734375,0.146484375,0.23193359375,-0.35400390625,-0.1953125,-0.1708984375,-0.9765625,0.0244140625,-0.42724609375,0.03662109375,-0.76904296875,0.0244140625,-0.15869140625,0.29296875,-0.67138671875,-0.29296875,-0.30517578125,0.30517578125,0.634765625,-0.08544921875,1.23291015625,0.3173828125,0.439453125,-0.01220703125,-0.2685546875,0.03662109375,0.732421875,0.18310546875,5.65185546875,0.2685546875,2.9052734375,-0.25634765625,3.08837890625,-0.08544921875,3.55224609375,-0.03662109375,0.244140625,-0.30517578125,1.0498046875,-0.1708984375,0.20751953125,-0.18310546875,0.23193359375,-0.08544921875,0.25634765625,-0.06103515625,0.927734375,0.1953125,0,-0.13427734375,1.3427734375,-0.08544921875,-0.9521484375,0.01220703125,-0.3173828125,-0.1953125,-1.0009765625,-0.1220703125,-0.74462890625,0.0732421875,-1.52587890625,0.01220703125,-0.244140625,0.2197265625,-0.32958984375,0.0732421875,-1.123046875,0.048828125,-0.15869140625,0.146484375,-0.1220703125,-0.2197265625,-0.42724609375,0.06103515625,-0.08544921875,0.10986328125,0,-0.1953125,-1.46484375,-0.13427734375,-1.0009765625,-0.08544921875,0.390625,0.146484375,0.29296875,-0.08544921875,-0.08544921875,-0.06103515625,-0.10986328125,-0.03662109375,0.10986328125,0,0.03662109375,0.0732421875,0.84228515625,0.0244140625,-0.50048828125,0.03662109375,-0.537109375
0,0.10986328125,-0.42724609375,-0.20751953125,-0.15869140625,-0.06103515625,-0.4150390625,-0.2685546875,0.01220703125,0.0732421875,-0.09765625,-0.0732421875,-0.927734375,0.13427734375,1.0009765625,-0.20751953125,-0.25634765625,0.2197265625,-0.84228515625,-0.23193359375,-0.40283203125,0.2197265625,0.634765625,-0.13427734375,-0.98876953125,-0.18310546875,-0.146484375,-0.20751953125,-0.8056640625,-0.08544921875,0.91552734375,0.23193359375,0.2197265625,-0.37841796875,-0.2685546875,-0.01220703125,-0.96435546875,0.048828125,-0.47607421875,0.08544921875,-0.79345703125,0.10986328125,-0.20751953125,0.2685546875,-0.68359375,-0.10986328125,-0.35400390625,0.28076171875,0.6591796875,-0.146484375,1.23291015625,0.23193359375,0.42724609375,0,-0.29296875,-0.01220703125,0.74462890625,0.10986328125,7.2021484375,0.25634765625,3.6376953125,-0.13427734375,3.80859375,-0.06103515625,4.541015625,-0.0732421875,0.23193359375,-0.30517578125,1.0498046875,-0.1953125,0.1953125,-0.15869140625,0.23193359375,-0.146484375,0.244140625,-0.03662109375,0.91552734375,0.18310546875,0.01220703125,-0.03662109375,1.33056640625,-0.09765625,-0.9521484375,0,-0.3173828125,-0.01220703125,-0.96435546875,-0.20751953125,-0.76904296875,0.048828125,-1.52587890625,-0.0244140625,-0.23193359375,0.0732421875,-0.3173828125,0.0732421875,-1.1474609375,-0.06103515625,0.0732421875,0.1953125,0.15869140625,-0.1708984375,-0.28076171875,-0.01220703125,0.1220703125,0.09765625,-0.06103515625,-0.08544921875,-1.45263671875,-0.1708984375,-0.98876953125,-0.146484375,0.4150390625,0.15869140625,0.29296875,-0.10986328125,-0.0732421875,-0.0732421875,-0.0732421875,-0.0732421875,0.1220703125,0,0,0.0732421875,0.86669921875,0.03662109375,-0.50048828125,0.048828125,-0.54931640625
0,0.1220703125,-0.42724609375,-0.2197265625,-0.1708984375,-0.08544921875,-0.4150390625,-0.244140625,0.01220703125,0.0732421875,-0.10986328125,-0.09765625,-0.91552734375,0.13427734375,0.98876953125,-0.23193359375,-0.25634765625,0.1953125,-0.84228515625,-0.20751953125,-0.40283203125,0.20751953125,0.62255859375,-0.2197265625,-1.0009765625,-0.146484375,-0.15869140625,-0.13427734375,-0.79345703125,0.0244140625,0.9033203125,0.2197265625,0.23193359375,-0.341796875,-0.32958984375,0.13427734375,-0.91552734375,0.0244140625,-0.50048828125,0.048828125,-0.79345703125,0.18310546875,-0.2197265625,0.28076171875,-0.67138671875,0.048828125,-0.37841796875,0.28076171875,0.67138671875,-0.15869140625,1.23291015625,0.146484375,0.42724609375,0,-0.29296875,-0.06103515625,0.74462890625,0.1220703125,8.88671875,0.2197265625,4.4189453125,-0.0244140625,4.60205078125,-0.03662109375,5.6396484375,-0.1220703125,0.244140625,-0.32958984375,1.03759765625,-0.20751953125,0.20751953125,-0.15869140625,0.23193359375,-0.1953125,0.25634765625,-0.0244140625,0.89111328125,0.1220703125,0.01220703125,0.01220703125,1.33056640625,-0.10986328125,-0.93994140625,0,-0.3173828125,0.1220703125,-0.96435546875,-0.28076171875,-0.7568359375,-0.01220703125,-1.50146484375,-0.08544921875,-0.23193359375,-0.03662109375,-0.32958984375,0.03662109375,-1.15966796875,-0.18310546875,0.341796875,0.1953125,0.47607421875,-0.1220703125,-0.08544921875,-0.09765625,0.50048828125,0.0732421875,-0.10986328125,0.0244140625,-1.46484375,-0.20751953125,-1.01318359375,-0.1953125,0.42724609375,0.18310546875,0.30517578125,-0.10986328125,-0.0732421875,-0.06103515625,-0.06103515625,-0.1220703125,0.1220703125,-0.01220703125,-0.01220703125,0.09765625,0.8544921875,0.03662109375,-0.50048828125,0.0244140625,-0.537109375
0,0.1220703125,-0.390625,-0.1953125,-0.1708984375,-0.08544921875,-0.390625,-0.25634765625,0,0.048828125,-0.10986328125,-0.1220703125,-0.87890625,0.1220703125,0.98876953125,-0.1953125,-0.2685546875,0.13427734375,-0.84228515625,-0.20751953125,-0.4150390625,0.08544921875,0.62255859375,-0.3173828125,-1.0009765625,-0.1220703125,-0.1708984375,-0.08544921875,-0.79345703125,0.08544921875,0.89111328125,0.18310546875,0.23193359375,-0.25634765625,-0.32958984375,0.2685546875,-0.87890625,0,-0.50048828125,0.03662109375,-0.78125,0.15869140625,-0.244140625,0.30517578125,-0.67138671875,0.1708984375,-0.37841796875,0.341796875,0.67138671875,-0.1708984375,1.220703125,0.09765625,0.439453125,-0.03662109375,-0.28076171875,-0.0732421875,0.78125,0.23193359375,10.58349609375,0.244140625,5.16357421875,0.13427734375,5.35888671875,0.03662109375,6.72607421875,-0.1220703125,0.2685546875,-0.3173828125,1.03759765625,-0.18310546875,0.1953125,-0.1708984375,0.23193359375,-0.25634765625,0.2685546875,-0.03662109375,0.89111328125,0.10986328125,0.0244140625,0.06103515625,1.3671875,-0.09765625,-0.9521484375,-0.0244140625,-0.32958984375,0.18310546875,-0.96435546875,-0.2685546875,-0.76904296875,-0.08544921875,-1.50146484375,-0.146484375,-0.2197265625,-0.10986328125,-0.30517578125,-0.03662109375,-1.13525390625,-0.28076171875,0.57373046875,0.15869140625,0.76904296875,-0.0732421875,0.08544921875,-0.13427734375,0.9033203125,0.06103515625,-0.1708984375,0.10986328125,-1.45263671875,-0.20751953125,-1.03759765625,-0.1953125,0.42724609375,0.18310546875,0.30517578125,-0.08544921875,-0.0732421875,-0.06103515625,-0.0244140625,-0.146484375,0.10986328125,0,-0.0244140625,0.09765625,0.84228515625,0.048828125,-0.47607421875,0.0244140625,-0.52490234375
0,0.13427734375,-0.390625,-0.20751953125,-0.1953125,-0.08544921875,-0.40283203125,-0.23193359375,0.01220703125,0.08544921875,-0.09765625,-0.1220703125,-0.9033203125,0.08544921875,1.025390625,-0.18310546875,-0.244140625,0.08544921875,-0.8544921875,-0.2197265625,-0.42724609375,-0.01220703125,0.62255859375,-0.32958984375,-1.0009765625,-0.10986328125,-0.1708984375,0.01220703125,-0.78125,0.1708984375,0.9033203125,0.1708984375,0.2197265625,-0.1953125,-0.341796875,0.32958984375,-0.830078125,-0.01220703125,-0.50048828125,0.048828125,-0.76904296875,0.06103515625,-0.23193359375,0.390625,-0.67138671875,0.2197265625,-0.37841796875,0.390625,0.68359375,-0.1220703125,1.15966796875,0.0732421875,0.4638671875,-0.09765625,-0.244140625,-0.08544921875,0.7568359375,0.2197265625,12.1826171875,0.2685546875,5.82275390625,0.29296875,6.005859375,0,7.6904296875,-0.2197265625,0.29296875,-0.2685546875,1.0498046875,-0.1708984375,0.1953125,-0.1953125,0.23193359375,-0.29296875,0.28076171875,0,0.8544921875,0.0732421875,0,0.1220703125,1.35498046875,-0.09765625,-0.9521484375,-0.01220703125,-0.3173828125,0.20751953125,-0.96435546875,-0.20751953125,-0.7568359375,-0.13427734375,-1.513671875,-0.20751953125,-0.244140625,-0.15869140625,-0.3173828125,-0.08544921875,-1.1474609375,-0.29296875,0.732421875,0.08544921875,0.9765625,-0.06103515625,0.2197265625,-0.146484375,1.25732421875,0.1220703125,-0.23193359375,0.15869140625,-1.46484375,-0.15869140625,-1.03759765625,-0.1953125,0.42724609375,0.18310546875,0.30517578125,-0.10986328125,-0.0732421875,-0.0732421875,-0.0244140625,-0.1708984375,0.09765625,0.01220703125,-0.01220703125,0.10986328125,0.86669921875,0.03662109375,-0.4638671875,0.03662109375,-0.52490234375
0,0.1220703125,-0.35400390625,-0.18310546875,-0.23193359375,-0.06103515625,-0.40283203125,-0.244140625,0.01220703125,0.08544921875,-0.10986328125,-0.1220703125,-0.87890625,0.08544921875,1.0009765625,-0.146484375,-0.2685546875,0.03662109375,-0.84228515625,-0.2685546875,-0.42724609375,-0.1708984375,0.59814453125,-0.37841796875,-0.98876953125,-0.06103515625,-0.1708984375,0.09765625,-0.79345703125,0.2197265625,0.89111328125,0.13427734375,0.2197265625,-0.18310546875,-0.32958984375,0.3662109375,-0.8056640625,-0.09765625,-0.45166015625,-0.01220703125,-0.7568359375,-0.15869140625,-0.2197265625,0.4638671875,-0.6591796875,0.1708984375,-0.35400390625,0.42724609375,0.7080078125,-0.048828125,1.123046875,0,0.4638671875,-0.20751953125,-0.18310546875,-0.0732421875,0.76904296875,0.048828125,13.58642578125,0.1708984375,6.33544921875,0.3662109375,6.5185546875,-0.0732421875,8.43505859375,-0.2197265625,0.30517578125,-0.244140625,1.0498046875,-0.1220703125,0.2197265625,-0.25634765625,0.23193359375,-0.29296875,0.28076171875,0.0244140625,0.8544921875,0.06103515625,0.0244140625,0.146484375,1.35498046875,-0.0732421875,-0.9521484375,0.01220703125,-0.3173828125,0.146484375,-0.96435546875,-0.06103515625,-0.74462890625,-0.13427734375,-1.513671875,-0.244140625,-0.25634765625,-0.09765625,-0.35400390625,-0.15869140625,-1.13525390625,-0.2685546875,0.8056640625,-0.01220703125,1.03759765625,-0.06103515625,0.23193359375,-0.13427734375,1.46484375,0.2197265625,-0.28076171875,0.10986328125,-1.47705078125,-0.1220703125,-1.0498046875,-0.18310546875,0.439453125,0.20751953125,0.28076171875,-0.10986328125,-0.06103515625,-0.048828125,0,-0.18310546875,0.0732421875,0.0244140625,-0.01220703125,0.0732421875,0.87890625,0.03662109375,-0.45166015625,0.03662109375,-0.50048828125
0,0.15869140625,-0.3662109375,-0.20751953125,-0.244140625,-0.06103515625,-0.390625,-0.244140625,0.01220703125,0.0732421875,-0.10986328125,-0.13427734375,-0.9033203125,0.048828125,1.0009765625,-0.146484375,-0.25634765625,0.01220703125,-0.86669921875,-0.30517578125,-0.4150390625,-0.30517578125,0.6103515625,-0.341796875,-1.0009765625,-0.048828125,-0.18310546875,0.13427734375,-0.8056640625,0.20751953125,0.89111328125,0.13427734375,0.20751953125,-0.146484375,-0.30517578125,0.4150390625,-0.79345703125,-0.1953125,-0.42724609375,-0.09765625,-0.74462890625,-0.35400390625,-0.18310546875,0.48828125,-0.64697265625,0.0732421875,-0.32958984375,0.45166015625,0.7080078125,0.01220703125,1.0986328125,-0.06103515625,0.47607421875,-0.244140625,-0.146484375,-0.03662109375,0.78125,0.03662109375,14.66064453125,0.146484375,6.62841796875,0.50048828125,6.8359375,-0.09765625,8.935546875,-0.2197265625,0.30517578125,-0.1953125,1.06201171875,-0.09765625,0.2197265625,-0.28076171875,0.2197265625,-0.244140625,0.2685546875,0.03662109375,0.89111328125,0.0244140625,0,0.1953125,1.3671875,-0.06103515625,-0.9521484375,0.01220703125,-0.30517578125,0.08544921875,-0.98876953125,0.09765625,-0.732421875,-0.10986328125,-1.52587890625,-0.244140625,-0.28076171875,0.0244140625,-0.35400390625,-0.1708984375,-1.1474609375,-0.2197265625,0.74462890625,-0.1220703125,1.0009765625,-0.0732421875,0.2197265625,-0.1220703125,1.46484375,0.29296875,-0.32958984375,0,-1.4892578125,-0.09765625,-1.0498046875,-0.2197265625,0.4150390625,0.20751953125,0.30517578125,-0.10986328125,-0.03662109375,-0.06103515625,-0.01220703125,-0.15869140625,0.0732421875,0.03662109375,0,0.0732421875,0.9033203125,0.048828125,-0.47607421875,0.03662109375,-0.50048828125
0,0.18310546875,-0.3662109375,-0.18310546875,-0.25634765625,-0.0732421875,-0.37841796875,-0.25634765625,0.01220703125,0.0732421875,-0.10986328125,-0.08544921875,-0.9033203125,0.01220703125,1.0009765625,-0.13427734375,-0.244140625,0.048828125,-0.84228515625,-0.32958984375,-0.390625,-0.37841796875,0.634765625,-0.32958984375,-1.01318359375,-0.06103515625,-0.1708984375,0.13427734375,-0.79345703125,0.18310546875,0.87890625,0.10986328125,0.20751953125,-0.13427734375,-0.244140625,0.42724609375,-0.8056640625,-0.2685546875,-0.390625,-0.08544921875,-0.732421875,-0.50048828125,-0.146484375,0.47607421875,-0.634765625,-0.0732421875,-0.29296875,0.4638671875,0.732421875,0.06103515625,1.0986328125,-0.06103515625,0.47607421875,-0.29296875,-0.13427734375,-0.048828125,0.78125,-0.01220703125,15.380859375,0.0732421875,6.8115234375,0.48828125,6.99462890625,-0.1220703125,9.1796875,-0.2197265625,0.29296875,-0.13427734375,1.03759765625,-0.03662109375,0.23193359375,-0.32958984375,0.2197265625,-0.1953125,0.28076171875,0.03662109375,0.89111328125,0.048828125,-0.01220703125,0.20751953125,1.3427734375,-0.03662109375,-0.96435546875,0.06103515625,-0.3173828125,0.03662109375,-0.9765625,0.23193359375,-0.74462890625,-0.08544921875,-1.5380859375,-0.2197265625,-0.28076171875,0.1953125,-0.35400390625,-0.1708984375,-1.1474609375,-0.13427734375,0.57373046875,-0.1953125,0.830078125,-0.0732421875,0.08544921875,-0.03662109375,1.2939453125,0.3662109375,-0.37841796875,-0.146484375,-1.47705078125,-0.08544921875,-1.06201171875,-0.1953125,0.40283203125,0.23193359375,0.28076171875,-0.1220703125,-0.048828125,-0.06103515625,-0.048828125,-0.15869140625,0.048828125,0.03662109375,0.0244140625,0.03662109375,0.87890625,0.03662109375,-0.50048828125,0.048828125,-0.50048828125
0,0.1708984375,-0.37841796875,-0.1953125,-0.28076171875,-0.0732421875,-0.390625,-0.2685546875,0.01220703125,0.08544921875,-0.1220703125,-0.08544921875,-0.91552734375,-0.01220703125,1.01318359375,-0.10986328125,-0.244140625,0.0732421875,-0.86669921875,-0.341796875,-0.37841796875,-0.3662109375,0.6591796875,-0.28076171875,-1.0009765625,-0.0244140625,-0.18310546875,0.13427734375,-0.8056640625,0.10986328125,0.89111328125,0.09765625,0.23193359375,-0.13427734375,-0.1953125,0.42724609375,-0.81787109375,-0.32958984375,-0.341796875,-0.10986328125,-0.7568359375,-0.5859375,-0.15869140625,0.40283203125,-0.6591796875,-0.20751953125,-0.25634765625,0.48828125,0.72021484375,0.10986328125,1.0986328125,-0.01220703125,0.4638671875,-0.30517578125,-0.13427734375,-0.0732421875,0.78125,0.0732421875,15.6982421875,-0.03662109375,6.787109375,0.537109375,6.97021484375,-0.048828125,9.19189453125,-0.1708984375,0.25634765625,-0.03662109375,1.0498046875,-0.01220703125,0.25634765625,-0.341796875,0.20751953125,-0.13427734375,0.30517578125,0.03662109375,0.9033203125,0.0244140625,-0.0244140625,0.18310546875,1.37939453125,0.01220703125,-0.9765625,0.0732421875,-0.30517578125,0.0244140625,-1.0009765625,0.3173828125,-0.74462890625,-0.08544921875,-1.52587890625,-0.15869140625,-0.28076171875,0.35400390625,-0.35400390625,-0.1953125,-1.171875,-0.13427734375,0.35400390625,-0.30517578125,0.5859375,-0.1708984375,-0.0732421875,0.0244140625,0.98876953125,0.37841796875,-0.42724609375,-0.23193359375,-1.47705078125,-0.13427734375,-1.0498046875,-0.1708984375,0.390625,0.23193359375,0.28076171875,-0.10986328125,-0.03662109375,-0.0732421875,-0.048828125,-0.146484375,0.048828125,0.0244140625,0.03662109375,0.03662109375,0.87890625,0.03662109375,-0.5126953125,0.06103515625,-0.5126953125
0,0.18310546875,-0.3662109375,-0.1708984375,-0.3173828125,-0.0732421875,-0.390625,-0.244140625,0,0.08544921875,-0.13427734375,-0.048828125,-0.93994140625,-0.048828125,1.01318359375,-0.1220703125,-0.25634765625,0.10986328125,-0.87890625,-0.32958984375,-0.37841796875,-0.2685546875,0.67138671875,-0.23193359375,-1.01318359375,0,-0.1953125,0.06103515625,-0.8056640625,0.0244140625,0.89111328125,0.048828125,0.2197265625,-0.18310546875,-0.1953125,0.40283203125,-0.8544921875,-0.390625,-0.3662109375,-0.10986328125,-0.7568359375,-0.5615234375,-0.15869140625,0.35400390625,-0.67138671875,-0.28076171875,-0.29296875,0.439453125,0.7080078125,0.10986328125,1.123046875,0.048828125,0.4638671875,-0.35400390625,-0.13427734375,-0.10986328125,0.76904296875,0,15.63720703125,-0.09765625,6.6650390625,0.537109375,6.8115234375,0,9.0087890625,-0.1220703125,0.2197265625,0,1.0498046875,0.01220703125,0.244140625,-0.341796875,0.20751953125,-0.13427734375,0.29296875,0.03662109375,0.927734375,-0.0244140625,-0.03662109375,0.15869140625,1.3427734375,0.03662109375,-0.96435546875,0.09765625,-0.30517578125,0.048828125,-0.98876953125,0.3173828125,-0.7568359375,-0.09765625,-1.55029296875,-0.048828125,-0.29296875,0.4150390625,-0.3662109375,-0.15869140625,-1.15966796875,-0.1220703125,0.13427734375,-0.32958984375,0.32958984375,-0.2197265625,-0.244140625,0.09765625,0.6103515625,0.341796875,-0.4638671875,-0.29296875,-1.47705078125,-0.15869140625,-1.03759765625,-0.09765625,0.390625,0.2197265625,0.28076171875,-0.13427734375,-0.048828125,-0.06103515625,-0.06103515625,-0.1708984375,0.048828125,0.048828125,0.048828125,0.03662109375,0.86669921875,0.03662109375,-0.52490234375,0.06103515625,-0.5126953125
0,0.18310546875,-0.37841796875,-0.13427734375,-0.3173828125,-0.0244140625,-0.390625,-0.244140625,-0.01220703125,0.09765625,-0.1220703125,-0.03662109375,-0.927734375,-0.048828125,1.01318359375,-0.09765625,-0.28076171875,0.13427734375,-0.89111328125,-0.30517578125,-0.390625,-0.1220703125,0.68359375,-0.2197265625,-1.0009765625,0.0244140625,-0.18310546875,-0.01220703125,-0.8056640625,-0.03662109375,0.87890625,0.01220703125,0.2197265625,-0.3173828125,-0.1953125,0.390625,-0.8544921875,-0.40283203125,-0.37841796875,-0.09765625,-0.76904296875,-0.50048828125,-0.18310546875,0.28076171875,-0.6591796875,-0.341796875,-0.29296875,0.40283203125,0.7080078125,0.06103515625,1.1474609375,0.0732421875,0.45166015625,-0.37841796875,-0.15869140625,-0.13427734375,0.732421875,-0.06103515625,15.2587890625,-0.18310546875,6.4697265625,0.439453125,6.5673828125,0.01220703125,8.72802734375,-0.03662109375,0.20751953125,0.10986328125,1.0498046875,0.03662109375,0.23193359375,-0.3173828125,0.20751953125,-0.10986328125,0.30517578125,0.0244140625,0.927734375,-0.048828125,-0.0244140625,0.13427734375,1.33056640625,0.0244140625,-0.9521484375,0.10986328125,-0.28076171875,0.0732421875,-1.0009765625,0.23193359375,-0.7568359375,-0.13427734375,-1.5380859375,0.03662109375,-0.30517578125,0.4150390625,-0.35400390625,-0.048828125,-1.171875,-0.10986328125,-0.0732421875,-0.23193359375,0.06103515625,-0.2197265625,-0.40283203125,0.13427734375,0.244140625,0.244140625,-0.5126953125,-0.3173828125,-1.47705078125,-0.13427734375,-1.0498046875,-0.01220703125,0.37841796875,0.20751953125,0.29296875,-0.09765625,-0.03662109375,-0.06103515625,-0.0732421875,-0.15869140625,0.08544921875,0.06103515625,0.0244140625,0.01220703125,0.8544921875,0.048828125,-0.52490234375,0.048828125,-0.52490234375
0,0.20751953125,-0.390625,-0.1953125,-0.32958984375,0,-0.4150390625,-0.25634765625,-0.048828125,0.09765625,-0.1220703125,-0.0244140625,-0.927734375,-0.09765625,1.01318359375,-0.13427734375,-0.28076171875,0.13427734375,-0.87890625,-0.244140625,-0.37841796875,0.01220703125,0.67138671875,-0.2197265625,-1.01318359375,0.0244140625,-0.1708984375,-0.08544921875,-0.8056640625,-0.10986328125,0.89111328125,-0.03662109375,0.2197265625,-0.42724609375,-0.18310546875,0.37841796875,-0.89111328125,-0.390625,-0.4150390625,-0.0732421875,-0.76904296875,-0.37841796875,-0.1953125,0.1953125,-0.67138671875,-0.3662109375,-0.2685546875,0.32958984375,0.7080078125,0.0244140625,1.1962890625,0.10986328125,0.4638671875,-0.35400390625,-0.1953125,-0.13427734375,0.7568359375,-0.0244140625,14.599609375,-0.29296875,6.23779296875,0.35400390625,6.28662109375,0.03662109375,8.3740234375,0.06103515625,0.20751953125,0.1953125,1.07421875,0.03662109375,0.2197265625,-0.29296875,0.20751953125,-0.048828125,0.30517578125,0.0244140625,0.93994140625,-0.0732421875,-0.01220703125,0.09765625,1.33056640625,-0.01220703125,-0.9521484375,0.10986328125,-0.30517578125,0.1220703125,-1.01318359375,0.06103515625,-0.78125,-0.13427734375,-1.5380859375,0.10986328125,-0.3173828125,0.40283203125,-0.341796875,0.06103515625,-1.1962890625,-0.13427734375,-0.20751953125,-0.20751953125,-0.09765625,-0.2685546875,-0.48828125,0.1953125,-0.01220703125,0.1220703125,-0.5859375,-0.28076171875,-1.47705078125,-0.13427734375,-1.025390625,0.06103515625,0.37841796875,0.23193359375,0.30517578125,-0.09765625,-0.0244140625,-0.06103515625,-0.08544921875,-0.18310546875,0.09765625,0.06103515625,0,-0.01220703125,0.86669921875,0.03662109375,-0.5126953125,0.03662109375,-0.52490234375
0,0.2197265625,-0.4150390625,-0.1708984375,-0.3173828125,0.03662109375,-0.42724609375,-0.244140625,-0.06103515625,0.10986328125,-0.1220703125,0,-0.927734375,-0.10986328125,1.03759765625,-0.10986328125,-0.2685546875,0.1220703125,-0.87890625,-0.13427734375,-0.37841796875,0.1220703125,0.6591796875,-0.244140625,-1.0009765625,0,-0.1708984375,-0.10986328125,-0.8056640625,-0.1220703125,0.87890625,-0.09765625,0.20751953125,-0.57373046875,-0.20751953125,0.341796875,-0.9033203125,-0.30517578125,-0.47607421875,-0.01220703125,-0.79345703125,-0.25634765625,-0.23193359375,0.20751953125,-0.7080078125,-0.341796875,-0.28076171875,0.244140625,0.67138671875,-0.06103515625,1.220703125,0.10986328125,0.47607421875,-0.32958984375,-0.20751953125,-0.18310546875,0.7568359375,0.03662109375,13.76953125,-0.29296875,5.9814453125,0.29296875,5.99365234375,0.048828125,8.0322265625,0.06103515625,0.1953125,0.25634765625,1.06201171875,0.048828125,0.1953125,-0.244140625,0.20751953125,-0.03662109375,0.30517578125,0.0244140625,0.927734375,-0.09765625,0.01220703125,0.10986328125,1.33056640625,-0.03662109375,-0.96435546875,0.08544921875,-0.30517578125,0.13427734375,-1.01318359375,-0.146484375,-0.79345703125,-0.10986328125,-1.513671875,0.15869140625,-0.30517578125,0.35400390625,-0.341796875,0.1953125,-1.1962890625,-0.146484375,-0.28076171875,-0.18310546875,-0.1708984375,-0.3173828125,-0.52490234375,0.0732421875,-0.13427734375,0.0244140625,-0.64697265625,-0.20751953125,-1.46484375,-0.15869140625,-1.03759765625,0.09765625,0.37841796875,0.1953125,0.30517578125,-0.09765625,-0.03662109375,-0.06103515625,-0.06103515625,-0.18310546875,0.1220703125,0.0244140625,-0.03662109375,-0.03662109375,0.84228515625,0.03662109375,-0.5126953125,0.0244140625,-0.54931640625
0,0.23193359375,-0.37841796875,-0.146484375,-0.30517578125,0.06103515625,-0.439453125,-0.244140625,-0.03662109375,0.09765625,-0.10986328125,0.0244140625,-0.91552734375,-0.13427734375,1.025390625,-0.09765625,-0.244140625,0.08544921875,-0.86669921875,0.01220703125,-0.390625,0.146484375,0.634765625,-0.23193359375,-1.0009765625,-0.0244140625,-0.1708984375,-0.1220703125,-0.79345703125,-0.1220703125,0.9033203125,-0.1220703125,0.20751953125,-0.6591796875,-0.28076171875,0.3173828125,-0.9033203125,-0.2197265625,-0.5126953125,0,-0.8056640625,-0.18310546875,-0.25634765625,0.28076171875,-0.7080078125,-0.29296875,-0.35400390625,0.2197265625,0.67138671875,-0.146484375,1.220703125,0.13427734375,0.4638671875,-0.3173828125,-0.23193359375,-0.13427734375,0.7568359375,0.09765625,12.8173828125,-0.2685546875,5.76171875,0.2685546875,5.712890625,0.08544921875,7.71484375,0.0732421875,0.25634765625,0.341796875,1.06201171875,0.03662109375,0.18310546875,-0.1708984375,0.1953125,0.0244140625,0.3173828125,0.03662109375,0.89111328125,-0.13427734375,0.0244140625,0.09765625,1.33056640625,-0.0732421875,-0.9521484375,0.048828125,-0.3173828125,0.1220703125,-1.0009765625,-0.30517578125,-0.79345703125,-0.0732421875,-1.513671875,0.1708984375,-0.29296875,0.32958984375,-0.3173828125,0.30517578125,-1.220703125,-0.048828125,-0.29296875,-0.03662109375,-0.1708984375,-0.2685546875,-0.48828125,0.06103515625,-0.1220703125,-0.0732421875,-0.72021484375,-0.13427734375,-1.47705078125,-0.2197265625,-1.03759765625,0.08544921875,0.37841796875,0.1953125,0.3173828125,-0.08544921875,-0.06103515625,-0.0732421875,-0.048828125,-0.1953125,0.10986328125,0.03662109375,-0.0244140625,-0.0244140625,0.84228515625,0.03662109375,-0.50048828125,0.0244140625,-0.537109375
0,0.244140625,-0.37841796875,-0.18310546875,-0.29296875,0.01220703125,-0.439453125,-0.23193359375,-0.0244140625,0.0732421875,-0.09765625,0.01220703125,-0.927734375,-0.146484375,1.025390625,-0.10986328125,-0.244140625,0.0732421875,-0.86669921875,0.146484375,-0.4150390625,0.146484375,0.634765625,-0.2197265625,-1.0009765625,-0.03662109375,-0.15869140625,-0.13427734375,-0.79345703125,-0.10986328125,0.87890625,-0.1220703125,0.2197265625,-0.6591796875,-0.341796875,0.30517578125,-0.9033203125,-0.10986328125,-0.537109375,0.01220703125,-0.78125,-0.10986328125,-0.25634765625,0.40283203125,-0.69580078125,-0.20751953125,-0.3662109375,0.20751953125,0.6591796875,-0.1953125,1.220703125,0.13427734375,0.48828125,-0.23193359375,-0.20751953125,-0.1220703125,0.76904296875,0.18310546875,11.87744140625,-0.23193359375,5.55419921875,0.29296875,5.48095703125,0.09765625,7.43408203125,0.10986328125,0.2685546875,0.35400390625,1.06201171875,0.03662109375,0.1708984375,-0.13427734375,0.2197265625,0.09765625,0.32958984375,0.01220703125,0.86669921875,-0.15869140625,0.048828125,0.10986328125,1.33056640625,-0.10986328125,-0.9765625,0.01220703125,-0.341796875,0.03662109375,-1.0009765625,-0.42724609375,-0.79345703125,-0.06103515625,-1.52587890625,0.146484375,-0.29296875,0.30517578125,-0.341796875,0.390625,-1.220703125,-0.03662109375,-0.23193359375,0.03662109375,-0.13427734375,-0.244140625,-0.439453125,0.06103515625,0,-0.146484375,-0.78125,-0.06103515625,-1.47705078125,-0.25634765625,-1.0498046875,0.01220703125,0.390625,0.18310546875,0.3173828125,-0.08544921875,-0.0732421875,-0.06103515625,-0.03662109375,-0.1708984375,0.09765625,0.01220703125,-0.0244140625,-0.0244140625,0.84228515625,0.0244140625,-0.48828125,0.01220703125,-0.537109375
1,0.2685546875,-0.37841796875,-0.1953125,-0.28076171875,0.03662109375,-0.4150390625,-0.23193359375,-0.01220703125,0.0732421875,-0.09765625,0.03662109375,-0.91552734375,-0.15869140625,1.025390625,-0.08544921875,-0.23193359375,0.03662109375,-0.84228515625,0.2197265625,-0.42724609375,0.0732421875,0.6103515625,-0.146484375,-1.0009765625,-0.0732421875,-0.1708984375,-0.13427734375,-0.76904296875,-0.048828125,0.89111328125,-0.10986328125,0.20751953125,-0.59814453125,-0.37841796875,0.341796875,-0.89111328125,-0.048828125,-0.54931640625,0.03662109375,-0.78125,-0.0732421875,-0.2685546875,0.5126953125,-0.67138671875,-0.15869140625,-0.390625,0.244140625,0.6591796875,-0.244140625,1.1962890625,0.1220703125,0.50048828125,-0.15869140625,-0.20751953125,-0.06103515625,0.76904296875,0.18310546875,10.986328125,-0.1953125,5.35888671875,0.35400390625,5.224609375,0.15869140625,7.16552734375,0.1220703125,0.32958984375,0.35400390625,1.06201171875,0.048828125,0.1708984375,-0.1220703125,0.244140625,0.1708984375,0.3173828125,-0.048828125,0.86669921875,-0.2197265625,0.048828125,0.146484375,1.3427734375,-0.15869140625,-0.96435546875,-0.048828125,-0.341796875,-0.0732421875,-0.98876953125,-0.42724609375,-0.79345703125,-0.06103515625,-1.52587890625,0.0732421875,-0.2685546875,0.28076171875,-0.3173828125,0.40283203125,-1.20849609375,-0.06103515625,-0.18310546875,-0.03662109375,-0.0732421875,-0.30517578125,-0.4150390625,-0.10986328125,0.1953125,-0.1220703125,-0.830078125,-0.048828125,-1.4892578125,-0.2685546875,-1.0498046875,-0.0244140625,0.390625,0.15869140625,0.30517578125,-0.06103515625,-0.0732421875,-0.0732421875,-0.0244140625,-0.15869140625,0.09765625,0.01220703125,0,-0.0244140625,0.830078125,0.01220703125,-0.47607421875,0.01220703125,-0.537109375
1,0.25634765625,-0.3662109375,-0.2197265625,-0.2685546875,0,-0.40283203125,-0.20751953125,-0.01220703125,0.03662109375,-0.08544921875,0.01220703125,-0.9033203125,-0.1708984375,1.03759765625,-0.0732421875,-0.23193359375,0.0244140625,-0.84228515625,0.23193359375,-0.42724609375,0.01220703125,0.59814453125,-0.03662109375,-1.01318359375,-0.08544921875,-0.18310546875,-0.10986328125,-0.78125,0.03662109375,0.87890625,-0.06103515625,0.20751953125,-0.47607421875,-0.37841796875,0.341796875,-0.8544921875,0.01220703125,-0.52490234375,0.06103515625,-0.78125,-0.0732421875,-0.25634765625,0.6103515625,-0.6591796875,-0.10986328125,-0.37841796875,0.341796875,0.64697265625,-0.25634765625,1.18408203125,0.13427734375,0.50048828125,-0.048828125,-0.1953125,-0.0244140625,0.7568359375,0.1220703125,10.21728515625,-0.1708984375,5.2001953125,0.439453125,5.06591796875,0.1708984375,6.94580078125,0.1953125,0.35400390625,0.35400390625,1.06201171875,0.048828125,0.15869140625,-0.146484375,0.25634765625,0.2197265625,0.30517578125,-0.09765625,0.8544921875,-0.25634765625,0.03662109375,0.146484375,1.35498046875,-0.1953125,-0.9765625,-0.10986328125,-0.341796875,-0.23193359375,-0.9765625,-0.40283203125,-0.78125,-0.0732421875,-1.513671875,0,-0.25634765625,0.29296875,-0.29296875,0.341796875,-1.1962890625,-0.0244140625,-0.18310546875,-0.0244140625,-0.048828125,-0.23193359375,-0.37841796875,-0.09765625,0.390625,-0.01220703125,-0.86669921875,-0.03662109375,-1.47705078125,-0.25634765625,-1.03759765625,-0.03662109375,0.37841796875,0.146484375,0.30517578125,-0.06103515625,-0.08544921875,-0.048828125,-0.03662109375,-0.1220703125,0.08544921875,-0.01220703125,0.01220703125,-0.03662109375,0.830078125,0,-0.4638671875,0.01220703125,-0.52490234375
1,0.23193359375,-0.35400390625,-0.2197265625,-0.2685546875,0.03662109375,-0.40283203125,-0.2197265625,-0.01220703125,0.048828125,-0.08544921875,0.048828125,-0.927734375,-0.1953125,1.03759765625,-0.0732421875,-0.25634765625,0.06103515625,-0.830078125,0.1953125,-0.4150390625,-0.08544921875,0.6103515625,0.09765625,-1.0009765625,-0.0732421875,-0.1953125,-0.0732421875,-0.76904296875,0.1220703125,0.86669921875,-0.0244140625,0.20751953125,-0.32958984375,-0.390625,0.3662109375,-0.84228515625,0.048828125,-0.50048828125,0.10986328125,-0.7568359375,-0.08544921875,-0.244140625,0.67138671875,-0.6591796875,-0.08544921875,-0.390625,0.439453125,0.67138671875,-0.25634765625,1.171875,0.10986328125,0.47607421875,0.03662109375,-0.1708984375,-0.01220703125,0.7568359375,0.0732421875,9.5947265625,-0.244140625,4.99267578125,0.50048828125,4.91943359375,0.13427734375,6.689453125,0.2197265625,0.3662109375,0.32958984375,1.07421875,0.048828125,0.1708984375,-0.146484375,0.28076171875,0.23193359375,0.3173828125,-0.10986328125,0.84228515625,-0.28076171875,0.01220703125,0.146484375,1.3671875,-0.2197265625,-0.96435546875,-0.146484375,-0.3662109375,-0.35400390625,-0.9521484375,-0.28076171875,-0.78125,-0.08544921875,-1.52587890625,-0.0732421875,-0.244140625,0.28076171875,-0.3173828125,0.20751953125,-1.18408203125,-0.0244140625,-0.18310546875,-0.146484375,-0.06103515625,-0.20751953125,-0.3662109375,-0.13427734375,0.52490234375,0.09765625,-0.87890625,-0.01220703125,-1.47705078125,-0.1953125,-1.0498046875,-0.08544921875,0.3662109375,0.13427734375,0.29296875,-0.048828125,-0.0732421875,-0.0732421875,-0.03662109375,-0.09765625,0.06103515625,-0.01220703125,0.0244140625,-0.08544921875,0.81787109375,-0.0244140625,-0.4638671875,0.01220703125,-0.5126953125
1,0.28076171875,-0.35400390625,-0.1953125,-0.29296875,0.0732421875,-0.390625,-0.244140625,-0.01220703125,0.06103515625,-0.08544921875,0.03662109375,-0.93994140625,-0.23193359375,1.025390625,-0.08544921875,-0.28076171875,0.10986328125,-0.84228515625,0.13427734375,-0.4150390625,-0.18310546875,0.62255859375,0.1708984375,-0.98876953125,-0.03662109375,-0.1953125,-0.048828125,-0.78125,0.1953125,0.87890625,0.0732421875,0.1953125,-0.20751953125,-0.3662109375,0.4150390625,-0.84228515625,0,-0.47607421875,0.146484375,-0.7568359375,-0.09765625,-0.1953125,0.64697265625,-0.634765625,-0.0732421875,-0.37841796875,0.5615234375,0.68359375,-0.2197265625,1.1474609375,0.048828125,0.48828125,0.1220703125,-0.13427734375,0.03662109375,0.74462890625,0.03662109375,9.14306640625,-0.244140625,4.8095703125,0.6103515625,4.77294921875,0.10986328125,6.4453125,0.23193359375,0.390625,0.29296875,1.06201171875,0.06103515625,0.20751953125,-0.18310546875,0.28076171875,0.1953125,0.29296875,-0.09765625,0.830078125,-0.28076171875,0,0.15869140625,1.35498046875,-0.20751953125,-0.98876953125,-0.18310546875,-0.341796875,-0.4150390625,-0.9521484375,-0.10986328125,-0.76904296875,-0.09765625,-1.50146484375,-0.146484375,-0.2197265625,0.28076171875,-0.32958984375,0.03662109375,-1.15966796875,-0.03662109375,-0.25634765625,-0.244140625,-0.1220703125,-0.1953125,-0.390625,-0.18310546875,0.57373046875,0.25634765625,-0.87890625,0,-1.4892578125,-0.15869140625,-1.0498046875,-0.10986328125,0.37841796875,0.10986328125,0.25634765625,-0.03662109375,-0.06103515625,-0.06103515625,-0.048828125,-0.06103515625,0.048828125,-0.01220703125,0.0244140625,-0.08544921875,0.81787109375,-0.03662109375,-0.47607421875,0,-0.5126953125
1,0.25634765625,-0.341796875,-0.20751953125,-0.29296875,0.08544921875,-0.3662109375,-0.244140625,0.01220703125,0.06103515625,-0.09765625,0.048828125,-0.927734375,-0.2685546875,1.025390625,-0.08544921875,-0.29296875,0.18310546875,-0.830078125,0.01220703125,-0.390625,-0.244140625,0.62255859375,0.18310546875,-0.98876953125,0,-0.18310546875,-0.03662109375,-0.79345703125,0.23193359375,0.86669921875,0.15869140625,0.20751953125,-0.1220703125,-0.3173828125,0.5126953125,-0.830078125,-0.03662109375,-0.45166015625,0.15869140625,-0.7568359375,-0.10986328125,-0.1953125,0.57373046875,-0.634765625,-0.09765625,-0.35400390625,0.59814453125,0.68359375,-0.1708984375,1.1474609375,0.01220703125,0.4638671875,0.1953125,-0.1220703125,0.0732421875,0.7568359375,-0.0244140625,8.8134765625,-0.341796875,4.62646484375,0.7080078125,4.62646484375,-0.01220703125,6.15234375,0.28076171875,0.37841796875,0.18310546875,1.0498046875,0.048828125,0.2197265625,-0.1708984375,0.2685546875,0.18310546875,0.28076171875,-0.0732421875,0.830078125,-0.28076171875,-0.01220703125,0.146484375,1.3671875,-0.2197265625,-0.9765625,-0.1708984375,-0.35400390625,-0.390625,-0.9521484375,0.01220703125,-0.76904296875,-0.1220703125,-1.50146484375,-0.1708984375,-0.244140625,0.23193359375,-0.3173828125,-0.06103515625,-1.1474609375,-0.048828125,-0.3173828125,-0.37841796875,-0.20751953125,-0.1708984375,-0.42724609375,-0.25634765625,0.537109375,0.35400390625,-0.84228515625,0,-1.4892578125,-0.1220703125,-1.03759765625,-0.15869140625,0.390625,0.09765625,0.244140625,0,-0.048828125,-0.06103515625,-0.06103515625,-0.06103515625,0.03662109375,-0.01220703125,0.0244140625,-0.09765625,0.8056640625,-0.03662109375,-0.50048828125,0.01220703125,-0.52490234375
1,0.23193359375,-0.35400390625,-0.1220703125,-0.3173828125,0.10986328125,-0.3662109375,-0.23193359375,-0.01220703125,0.048828125,-0.08544921875,0.01220703125,-0.93994140625,-0.29296875,1.025390625,-0.09765625,-0.28076171875,0.18310546875,-0.8544921875,-0.09765625,-0.4150390625,-0.244140625,0.6591796875,0.08544921875,-1.0009765625,0.06103515625,-0.20751953125,0,-0.81787109375,0.2197265625,0.87890625,0.1953125,0.1953125,-0.10986328125,-0.28076171875,0.59814453125,-0.830078125,-0.13427734375,-0.42724609375,0.13427734375,-0.74462890625,-0.08544921875,-0.20751953125,0.439453125,-0.634765625,-0.06103515625,-0.30517578125,0.64697265625,0.68359375,-0.1220703125,1.15966796875,0,0.45166015625,0.23193359375,-0.146484375,0.10986328125,0.74462890625,-0.048828125,8.5693359375,-0.37841796875,4.40673828125,0.67138671875,4.443359375,-0.09765625,5.810546875,0.25634765625,0.35400390625,0.13427734375,1.0498046875,0.06103515625,0.2197265625,-0.2197265625,0.28076171875,0.15869140625,0.28076171875,-0.03662109375,0.86669921875,-0.2197265625,-0.0244140625,0.10986328125,1.3671875,-0.2197265625,-0.9765625,-0.1220703125,-0.341796875,-0.2685546875,-0.9521484375,0.09765625,-0.76904296875,-0.18310546875,-1.52587890625,-0.146484375,-0.244140625,0.146484375,-0.3173828125,-0.13427734375,-1.11083984375,0.0244140625,-0.3662109375,-0.341796875,-0.2685546875,-0.09765625,-0.48828125,-0.20751953125,0.42724609375,0.40283203125,-0.81787109375,0.06103515625,-1.4892578125,-0.10986328125,-1.025390625,-0.20751953125,0.390625,0.08544921875,0.244140625,0,-0.0244140625,-0.0732421875,-0.0732421875,-0.01220703125,0.03662109375,-0.01220703125,0,-0.09765625,0.79345703125,0,-0.48828125,0.0244140625,-0.5126953125
1,0.244140625,-0.3662109375,-0.13427734375,-0.30517578125,0.08544921875,-0.3662109375,-0.2197265625,-0.01220703125,0.06103515625,-0.0732421875,0.01220703125,-0.9521484375,-0.3173828125,1.03759765625,-0.09765625,-0.28076171875,0.20751953125,-0.86669921875,-0.1953125,-0.4150390625,-0.23193359375,0.6591796875,-0.09765625,-1.01318359375,0.10986328125,-0.18310546875,0,-0.8056640625,0.244140625,0.87890625,0.25634765625,0.2197265625,-0.15869140625,-0.25634765625,0.6591796875,-0.86669921875,-0.20751953125,-0.42724609375,0.0732421875,-0.74462890625,-0.08544921875,-0.2197265625,0.32958984375,-0.6591796875,-0.01220703125,-0.30517578125,0.68359375,0.68359375,-0.0732421875,1.15966796875,-0.01220703125,0.439453125,0.23193359375,-0.146484375,0.1220703125,0.74462890625,0.048828125,8.26416015625,-0.42724609375,4.150390625,0.72021484375,4.21142578125,-0.03662109375,5.419921875,0.23193359375,0.3173828125,0.01220703125,1.0498046875,0.0732421875,0.2197265625,-0.29296875,0.23193359375,0.13427734375,0.2685546875,-0.048828125,0.8544921875,-0.1708984375,-0.0244140625,0.06103515625,1.3427734375,-0.23193359375,-0.93994140625,-0.0732421875,-0.35400390625,-0.10986328125,-0.9765625,0.09765625,-0.78125,-0.2685546875,-1.52587890625,-0.1220703125,-0.23193359375,0.06103515625,-0.3173828125,-0.13427734375,-1.11083984375,0.01220703125,-0.37841796875,-0.28076171875,-0.25634765625,-0.08544921875,-0.50048828125,-0.03662109375,0.341796875,0.35400390625,-0.7568359375,0.048828125,-1.4892578125,-0.0732421875,-1.025390625,-0.1953125,0.37841796875,0.08544921875,0.244140625,0,-0.03662109375,-0.06103515625,-0.08544921875,-0.01220703125,0.03662109375,-0.01220703125,-0.0244140625,-0.0732421875,0.76904296875,0,-0.50048828125,0.0244140625,-0.537109375
1,0.2197265625,-0.37841796875,-0.13427734375,-0.3173828125,0.0732421875,-0.390625,-0.1953125,-0.0244140625,0.08544921875,-0.0732421875,0.01220703125,-0.9521484375,-0.3173828125,1.01318359375,-0.08544921875,-0.25634765625,0.146484375,-0.86669921875,-0.2197265625,-0.42724609375,-0.18310546875,0.6591796875,-0.341796875,-0.98876953125,0.15869140625,-0.1708984375,0.01220703125,-0.8056640625,0.20751953125,0.86669921875,0.28076171875,0.23193359375,-0.2197265625,-0.2197265625,0.79345703125,-0.89111328125,-0.25634765625,-0.42724609375,0.0244140625,-0.74462890625,-0.1220703125,-0.23193359375,0.2197265625,-0.6591796875,0.048828125,-0.29296875,0.64697265625,0.67138671875,-0.01220703125,1.171875,-0.048828125,0.439453125,0.20751953125,-0.1708984375,0.10986328125,0.732421875,0.06103515625,7.89794921875,-0.48828125,3.82080078125,0.67138671875,3.94287109375,-0.08544921875,4.98046875,0.1708984375,0.244140625,-0.048828125,1.03759765625,0.06103515625,0.23193359375,-0.29296875,0.23193359375,0.0732421875,0.2685546875,0,0.86669921875,-0.1220703125,-0.0244140625,0.01220703125,1.33056640625,-0.23193359375,-0.9521484375,-0.03662109375,-0.341796875,0.08544921875,-0.96435546875,0.048828125,-0.78125,-0.37841796875,-1.5625,-0.08544921875,-0.244140625,-0.08544921875,-0.3173828125,-0.0732421875,-1.11083984375,-0.01220703125,-0.30517578125,-0.18310546875,-0.18310546875,-0.06103515625,-0.48828125,0.10986328125,0.25634765625,0.23193359375,-0.72021484375,0.0732421875,-1.4892578125,-0.048828125,-1.01318359375,-0.1708984375,0.390625,0.08544921875,0.244140625,0.0244140625,-0.048828125,-0.06103515625,-0.10986328125,0,0.06103515625,0,-0.03662109375,-0.06103515625,0.79345703125,0.01220703125,-0.5126953125,0.048828125,-0.54931640625
1,0.23193359375,-0.37841796875,-0.10986328125,-0.32958984375,0.06103515625,-0.390625,-0.18310546875,-0.0244140625,0.0732421875,-0.0732421875,0.01220703125,-0.93994140625,-0.32958984375,1.025390625,-0.09765625,-0.2685546875,0.048828125,-0.89111328125,-0.2197265625,-0.40283203125,-0.146484375,0.67138671875,-0.52490234375,-0.98876953125,0.1708984375,-0.1708984375,0.03662109375,-0.8056640625,0.18310546875,0.8544921875,0.2685546875,0.2197265625,-0.341796875,-0.18310546875,0.81787109375,-0.9033203125,-0.25634765625,-0.4150390625,-0.03662109375,-0.76904296875,-0.1953125,-0.23193359375,0.15869140625,-0.69580078125,0.0732421875,-0.25634765625,0.5859375,0.67138671875,0.03662109375,1.20849609375,-0.08544921875,0.4638671875,0.2197265625,-0.20751953125,0.09765625,0.7568359375,0,7.33642578125,-0.537109375,3.47900390625,0.62255859375,3.61328125,-0.13427734375,4.4921875,0.1220703125,0.18310546875,-0.09765625,1.025390625,0.06103515625,0.20751953125,-0.341796875,0.20751953125,0.0244140625,0.25634765625,0.01220703125,0.9033203125,-0.0732421875,0.01220703125,-0.0244140625,1.318359375,-0.20751953125,-0.9521484375,0.03662109375,-0.32958984375,0.20751953125,-0.96435546875,0,-0.79345703125,-0.45166015625,-1.55029296875,-0.06103515625,-0.25634765625,-0.20751953125,-0.3173828125,0.0244140625,-1.0986328125,-0.08544921875,-0.15869140625,-0.06103515625,-0.048828125,-0.03662109375,-0.42724609375,0.09765625,0.25634765625,0.08544921875,-0.67138671875,0.01220703125,-1.4892578125,0,-1.01318359375,-0.10986328125,0.390625,0.06103515625,0.2685546875,0.048828125,-0.048828125,-0.048828125,-0.10986328125,0,0.048828125,-0.01220703125,-0.048828125,-0.06103515625,0.79345703125,0.01220703125,-0.48828125,0.06103515625,-0.537109375
1,0.28076171875,-0.37841796875,-0.10986328125,-0.3173828125,0.09765625,-0.4150390625,-0.1708984375,-0.03662109375,0.09765625,-0.0732421875,0.03662109375,-0.927734375,-0.35400390625,1.0009765625,-0.0732421875,-0.2685546875,-0.03662109375,-0.89111328125,-0.146484375,-0.4150390625,-0.1708984375,0.67138671875,-0.59814453125,-1.0009765625,0.13427734375,-0.15869140625,0.048828125,-0.8056640625,0.146484375,0.87890625,0.25634765625,0.244140625,-0.42724609375,-0.2197265625,0.8056640625,-0.927734375,-0.29296875,-0.439453125,-0.08544921875,-0.78125,-0.2685546875,-0.2685546875,0.1708984375,-0.69580078125,0.0732421875,-0.2685546875,0.54931640625,0.64697265625,0.0732421875,1.1962890625,-0.09765625,0.47607421875,0.1953125,-0.244140625,0.10986328125,0.7568359375,0.09765625,6.5673828125,-0.4638671875,3.125,0.62255859375,3.22265625,-0.1708984375,3.9794921875,0.09765625,0.15869140625,-0.18310546875,1.03759765625,0.01220703125,0.2197265625,-0.3662109375,0.18310546875,0.0244140625,0.2685546875,0.01220703125,0.87890625,-0.048828125,0.03662109375,-0.03662109375,1.318359375,-0.15869140625,-0.9521484375,0.09765625,-0.32958984375,0.2685546875,-0.9765625,-0.01220703125,-0.79345703125,-0.439453125,-1.55029296875,-0.06103515625,-0.29296875,-0.25634765625,-0.30517578125,0.1220703125,-1.11083984375,-0.1708984375,-0.0244140625,0.0244140625,0.1220703125,-0.06103515625,-0.341796875,0.08544921875,0.3173828125,-0.0244140625,-0.6591796875,-0.06103515625,-1.46484375,0.03662109375,-1.03759765625,-0.06103515625,0.40283203125,0.01220703125,0.29296875,0.03662109375,-0.06103515625,-0.06103515625,-0.1220703125,0,0.0244140625,-0.0244140625,-0.06103515625,-0.048828125,0.78125,0.0244140625,-0.48828125,0.06103515625,-0.5126953125
1,0.30517578125,-0.390625,-0.10986328125,-0.30517578125,0.1220703125,-0.4150390625,-0.1708984375,-0.03662109375,0.10986328125,-0.08544921875,0.03662109375,-0.927734375,-0.390625,1.0009765625,-0.06103515625,-0.244140625,-0.146484375,-0.87890625,-0.08544921875,-0.4150390625,-0.28076171875,0.6591796875,-0.537109375,-0.98876953125,0.0732421875,-0.146484375,0.048828125,-0.8056640625,0.0732421875,0.87890625,0.146484375,0.2197265625,-0.47607421875,-0.2685546875,0.76904296875,-0.927734375,-0.30517578125,-0.4638671875,-0.10986328125,-0.76904296875,-0.341796875,-0.28076171875,0.23193359375,-0.72021484375,0,-0.32958984375,0.47607421875,0.64697265625,0.08544921875,1.1962890625,-0.01220703125,0.4638671875,0.13427734375,-0.2685546875,0.09765625,0.78125,0.09765625,5.615234375,-0.40283203125,2.72216796875,0.45166015625,2.81982421875,-0.23193359375,3.47900390625,0.048828125,0.1708984375,-0.20751953125,1.0498046875,0,0.2197265625,-0.32958984375,0.1953125,-0.0244140625,0.30517578125,0.03662109375,0.89111328125,-0.01220703125,0.03662109375,-0.03662109375,1.30615234375,-0.09765625,-0.93994140625,0.13427734375,-0.30517578125,0.2197265625,-0.9765625,-0.0244140625,-0.8056640625,-0.40283203125,-1.5380859375,-0.06103515625,-0.30517578125,-0.23193359375,-0.29296875,0.18310546875,-1.1474609375,-0.18310546875,0.13427734375,0.08544921875,0.29296875,-0.048828125,-0.244140625,0.20751953125,0.45166015625,-0.09765625,-0.67138671875,-0.10986328125,-1.47705078125,0,-1.01318359375,-0.048828125,0.390625,0.01220703125,0.29296875,0.0244140625,-0.06103515625,-0.06103515625,-0.10986328125,0.0244140625,0.048828125,-0.01220703125,-0.06103515625,-0.01220703125,0.79345703125,0.03662109375,-0.48828125,0.06103515625,-0.5126953125
1,0.3173828125,-0.390625,-0.048828125,-0.3173828125,0.09765625,-0.42724609375,-0.146484375,-0.048828125,0.08544921875,-0.0732421875,0.0244140625,-0.91552734375,-0.42724609375,1.01318359375,-0.03662109375,-0.2685546875,-0.2197265625,-0.87890625,-0.03662109375,-0.390625,-0.3662109375,0.6591796875,-0.35400390625,-1.0009765625,-0.0244140625,-0.146484375,0.03662109375,-0.79345703125,0.03662109375,0.89111328125,0.03662109375,0.2197265625,-0.48828125,-0.32958984375,0.72021484375,-0.9033203125,-0.30517578125,-0.4638671875,-0.10986328125,-0.78125,-0.4150390625,-0.25634765625,0.32958984375,-0.69580078125,-0.0732421875,-0.37841796875,0.5126953125,0.6591796875,0.08544921875,1.18408203125,0.01220703125,0.5126953125,0.06103515625,-0.244140625,0.10986328125,0.78125,0.146484375,4.58984375,-0.3173828125,2.35595703125,0.32958984375,2.45361328125,-0.25634765625,2.978515625,-0.03662109375,0.18310546875,-0.2685546875,1.03759765625,-0.06103515625,0.20751953125,-0.3173828125,0.20751953125,-0.08544921875,0.30517578125,0.048828125,0.89111328125,-0.0244140625,0.048828125,0,1.318359375,-0.01220703125,-0.9521484375,0.13427734375,-0.3173828125,0.09765625,-0.9765625,0.01220703125,-0.79345703125,-0.29296875,-1.5380859375,-0.06103515625,-0.32958984375,-0.1220703125,-0.30517578125,0.1953125,-1.1474609375,-0.1708984375,0.2197265625,0.10986328125,0.439453125,-0.0732421875,-0.18310546875,0.1708984375,0.5859375,-0.10986328125,-0.7080078125,-0.18310546875,-1.47705078125,-0.0244140625,-1.01318359375,-0.048828125,0.4150390625,0,0.29296875,0.0244140625,-0.0732421875,-0.06103515625,-0.08544921875,0,0.03662109375,-0.01220703125,-0.048828125,0.01220703125,0.79345703125,0.03662109375,-0.48828125,0.0244140625,-0.50048828125
1,0.3173828125,-0.390625,-0.048828125,-0.29296875,0.08544921875,-0.42724609375,-0.146484375,-0.01220703125,0.09765625,-0.08544921875,0.048828125,-0.9033203125,-0.45166015625,1.01318359375,-0.03662109375,-0.244140625,-0.244140625,-0.8544921875,0.0244140625,-0.40283203125,-0.45166015625,0.64697265625,-0.146484375,-1.0009765625,-0.10986328125,-0.146484375,0,-0.8056640625,-0.0732421875,0.87890625,-0.0732421875,0.20751953125,-0.47607421875,-0.3662109375,0.732421875,-0.8544921875,-0.28076171875,-0.47607421875,-0.08544921875,-0.76904296875,-0.45166015625,-0.23193359375,0.45166015625,-0.67138671875,-0.18310546875,-0.4150390625,0.48828125,0.68359375,0.01220703125,1.171875,0.03662109375,0.48828125,-0.03662109375,-0.25634765625,0.1220703125,0.78125,0.1220703125,3.5400390625,-0.2685546875,2.03857421875,0.25634765625,2.1240234375,-0.37841796875,2.5634765625,-0.06103515625,0.2197265625,-0.341796875,1.03759765625,-0.08544921875,0.20751953125,-0.2685546875,0.20751953125,-0.15869140625,0.3173828125,0.03662109375,0.8544921875,-0.03662109375,0.06103515625,0.06103515625,1.35498046875,0.048828125,-0.9521484375,0.1220703125,-0.3173828125,-0.08544921875,-0.98876953125,0.06103515625,-0.79345703125,-0.20751953125,-1.5380859375,-0.0732421875,-0.3173828125,0.0244140625,-0.29296875,0.1708984375,-1.171875,-0.06103515625,0.23193359375,0.1220703125,0.48828125,-0.09765625,-0.18310546875,0.146484375,0.69580078125,-0.08544921875,-0.732421875,-0.25634765625,-1.46484375,-0.0732421875,-1.01318359375,-0.06103515625,0.40283203125,0,0.28076171875,0,-0.048828125,-0.06103515625,-0.048828125,0.01220703125,0.0244140625,-0.01220703125,-0.048828125,0.01220703125,0.81787109375,0,-0.47607421875,0.03662109375,-0.50048828125
1,0.32958984375,-0.37841796875,-0.03662109375,-0.28076171875,0.10986328125,-0.4150390625,-0.146484375,0,0.0732421875,-0.0732421875,0.03662109375,-0.89111328125,-0.50048828125,1.01318359375,0.0244140625,-0.23193359375,-0.20751953125,-0.84228515625,0.03662109375,-0.37841796875,-0.4150390625,0.62255859375,0.048828125,-1.01318359375,-0.1953125,-0.15869140625,-0.08544921875,-0.78125,-0.15869140625,0.86669921875,-0.23193359375,0.2197265625,-0.439453125,-0.37841796875,0.6591796875,-0.81787109375,-0.23193359375,-0.47607421875,-0.08544921875,-0.76904296875,-0.42724609375,-0.23193359375,0.537109375,-0.67138671875,-0.3173828125,-0.4150390625,0.50048828125,0.69580078125,-0.06103515625,1.15966796875,0.1220703125,0.48828125,-0.0732421875,-0.244140625,0.09765625,0.78125,0.15869140625,2.734375,-0.23193359375,1.81884765625,0.2197265625,1.89208984375,-0.40283203125,2.28271484375,-0.08544921875,0.25634765625,-0.29296875,1.06201171875,-0.09765625,0.1953125,-0.244140625,0.2197265625,-0.23193359375,0.29296875,0.048828125,0.8544921875,-0.048828125,0.048828125,0.146484375,1.35498046875,0.0732421875,-0.96435546875,0.08544921875,-0.3173828125,-0.25634765625,-0.98876953125,0.09765625,-0.79345703125,-0.13427734375,-1.5380859375,-0.0732421875,-0.29296875,0.1708984375,-0.30517578125,0.15869140625,-1.20849609375,0.03662109375,0.15869140625,0.03662109375,0.439453125,-0.1953125,-0.244140625,0.146484375,0.8056640625,-0.01220703125,-0.74462890625,-0.3173828125,-1.47705078125,-0.1220703125,-1.01318359375,-0.06103515625,0.40283203125,-0.01220703125,0.28076171875,0,-0.06103515625,-0.06103515625,-0.03662109375,-0.01220703125,0.0244140625,-0.01220703125,-0.03662109375,0.01220703125,0.830078125,-0.0244140625,-0.48828125,0.048828125,-0.48828125
0,0.32958984375,-0.3662109375,-0.048828125,-0.2685546875,0.09765625,-0.40283203125,-0.146484375,0.03662109375,0.09765625,-0.06103515625,0.0244140625,-0.87890625,-0.52490234375,1.0009765625,0.01220703125,-0.244140625,-0.1220703125,-0.81787109375,0.048828125,-0.37841796875,-0.35400390625,0.59814453125,0.18310546875,-0.98876953125,-0.23193359375,-0.18310546875,-0.1708984375,-0.78125,-0.2197265625,0.87890625,-0.2685546875,0.20751953125,-0.47607421875,-0.40283203125,0.5615234375,-0.79345703125,-0.1708984375,-0.47607421875,0.01220703125,-0.7568359375,-0.35400390625,-0.20751953125,0.59814453125,-0.6591796875,-0.4150390625,-0.42724609375,0.5615234375,0.69580078125,-0.15869140625,1.171875,0.20751953125,0.47607421875,-0.15869140625,-0.23193359375,0.0732421875,0.76904296875,0.13427734375,2.25830078125,-0.1708984375,1.7578125,0.2197265625,1.81884765625,-0.390625,2.18505859375,-0.08544921875,0.28076171875,-0.30517578125,1.06201171875,-0.1220703125,0.20751953125,-0.2197265625,0.2197265625,-0.3173828125,0.29296875,0.06103515625,0.84228515625,-0.06103515625,0.06103515625,0.1708984375,1.3671875,0.09765625,-0.9765625,0.03662109375,-0.32958984375,-0.4150390625,-1.0009765625,0.08544921875,-0.78125,-0.0732421875,-1.52587890625,-0.09765625,-0.3173828125,0.25634765625,-0.3173828125,0.10986328125,-1.2451171875,0.15869140625,0.03662109375,-0.01220703125,0.32958984375,-0.1953125,-0.3173828125,0.20751953125,0.87890625,0.06103515625,-0.7568359375,-0.341796875,-1.45263671875,-0.10986328125,-1.0009765625,-0.06103515625,0.390625,-0.03662109375,0.2685546875,-0.0244140625,-0.06103515625,-0.048828125,-0.0244140625,-0.03662109375,0.0244140625,-0.01220703125,-0.03662109375,-0.01220703125,0.8056640625,-0.048828125,-0.50048828125,0.03662109375,-0.47607421875
0,0.341796875,-0.3662109375,-0.03662109375,-0.25634765625,0.146484375,-0.37841796875,-0.13427734375,0.03662109375,0.09765625,-0.08544921875,0.03662109375,-0.91552734375,-0.54931640625,1.01318359375,0,-0.23193359375,-0.01220703125,-0.81787109375,0,-0.35400390625,-0.244140625,0.6103515625,0.20751953125,-1.0009765625,-0.23193359375,-0.18310546875,-0.244140625,-0.78125,-0.23193359375,0.87890625,-0.244140625,0.2197265625,-0.4638671875,-0.37841796875,0.48828125,-0.7568359375,-0.1220703125,-0.4638671875,0.10986328125,-0.7568359375,-0.28076171875,-0.1953125,0.57373046875,-0.64697265625,-0.45166015625,-0.40283203125,0.57373046875,0.7080078125,-0.2197265625,1.15966796875,0.23193359375,0.48828125,-0.1708984375,-0.1953125,0,0.74462890625,0.10986328125,2.28271484375,-0.1708984375,1.85546875,0.146484375,1.953125,-0.4150390625,2.30712890625,-0.146484375,0.30517578125,-0.25634765625,1.06201171875,-0.10986328125,0.20751953125,-0.2197265625,0.2197265625,-0.35400390625,0.2685546875,0.06103515625,0.8056640625,-0.06103515625,0.0244140625,0.23193359375,1.3671875,0.0732421875,-0.98876953125,0,-0.341796875,-0.48828125,-1.0009765625,0.03662109375,-0.8056640625,-0.06103515625,-1.5380859375,-0.0732421875,-0.29296875,0.2685546875,-0.3173828125,0.09765625,-1.23291015625,0.244140625,-0.13427734375,0,0.1708984375,-0.1953125,-0.439453125,0.20751953125,0.9765625,0.09765625,-0.7568359375,-0.32958984375,-1.4892578125,-0.10986328125,-1.01318359375,-0.048828125,0.40283203125,-0.03662109375,0.25634765625,-0.0244140625,-0.06103515625,-0.0732421875,-0.048828125,-0.0244140625,0.048828125,-0.01220703125,0,-0.03662109375,0.81787109375,-0.03662109375,-0.52490234375,0.048828125,-0.48828125
0,0.3173828125,-0.37841796875,-0.0244140625,-0.28076171875,0.15869140625,-0.37841796875,-0.13427734375,0.0244140625,0.09765625,-0.08544921875,0.048828125,-0.91552734375,-0.57373046875,1.0009765625,0.03662109375,-0.25634765625,0.10986328125,-0.8056640625,-0.0732421875,-0.341796875,-0.146484375,0.62255859375,0.1708984375,-1.0009765625,-0.2197265625,-0.1953125,-0.30517578125,-0.78125,-0.2685546875,0.87890625,-0.1708984375,0.23193359375,-0.5126953125,-0.3173828125,0.537109375,-0.7080078125,-0.10986328125,-0.47607421875,0.1953125,-0.76904296875,-0.146484375,-0.20751953125,0.537109375,-0.634765625,-0.42724609375,-0.35400390625,0.59814453125,0.7080078125,-0.25634765625,1.1474609375,0.2197265625,0.4638671875,-0.1708984375,-0.18310546875,-0.03662109375,0.732421875,0.1953125,2.880859375,-0.15869140625,2.1728515625,0.1708984375,2.2705078125,-0.3173828125,2.69775390625,-0.2197265625,0.3173828125,-0.20751953125,1.07421875,-0.08544921875,0.1953125,-0.23193359375,0.23193359375,-0.40283203125,0.2685546875,0.08544921875,0.84228515625,-0.06103515625,0.01220703125,0.2685546875,1.35498046875,0.048828125,-1.0009765625,0,-0.3173828125,-0.4150390625,-0.9765625,-0.0244140625,-0.78125,-0.03662109375,-1.5380859375,-0.10986328125,-0.28076171875,0.23193359375,-0.3173828125,0.10986328125,-1.20849609375,0.18310546875,-0.244140625,-0.01220703125,0.06103515625,-0.1708984375,-0.50048828125,0.13427734375,1.123046875,0.08544921875,-0.732421875,-0.2685546875,-1.50146484375,-0.146484375,-1.03759765625,-0.0732421875,0.40283203125,-0.048828125,0.28076171875,-0.03662109375,-0.06103515625,-0.06103515625,-0.048828125,-0.06103515625,0.06103515625,-0.01220703125,0.01220703125,-0.03662109375,0.8056640625,-0.048828125,-0.52490234375,0.048828125,-0.5126953125
0,0.30517578125,-0.390625,-0.03662109375,-0.29296875,0.15869140625,-0.3662109375,-0.146484375,0.01220703125,0.0732421875,-0.10986328125,0.0244140625,-0.927734375,-0.5859375,1.01318359375,0.048828125,-0.28076171875,0.18310546875,-0.81787109375,-0.08544921875,-0.32958984375,-0.06103515625,0.62255859375,0.09765625,-0.98876953125,-0.20751953125,-0.1953125,-0.35400390625,-0.79345703125,-0.28076171875,0.89111328125,-0.0244140625,0.20751953125,-0.5126953125,-0.25634765625,0.6591796875,-0.6591796875,-0.08544921875,-0.45166015625,0.2197265625,-0.7568359375,-0.01220703125,-0.18310546875,0.439453125,-0.67138671875,-0.35400390625,-0.32958984375,0.6591796875,0.7080078125,-0.30517578125,1.1474609375,0.146484375,0.48828125,-0.1953125,-0.1708984375,-0.03662109375,0.72021484375,0.15869140625,4.01611328125,-0.0732421875,2.69775390625,0.15869140625,2.77099609375,-0.244140625,3.35693359375,-0.2197265625,0.3173828125,-0.2197265625,1.07421875,-0.048828125,0.1708984375,-0.28076171875,0.2197265625,-0.3662109375,0.2685546875,0.08544921875,0.81787109375,-0.03662109375,0,0.28076171875,1.35498046875,0.03662109375,-0.98876953125,-0.01220703125,-0.3173828125,-0.29296875,-0.9765625,-0.13427734375,-0.78125,-0.06103515625,-1.5380859375,-0.1220703125,-0.28076171875,0.1220703125,-0.3173828125,0.146484375,-1.220703125,0.10986328125,-0.244140625,0.0244140625,0.0244140625,-0.13427734375,-0.47607421875,0.09765625,1.3671875,0.0244140625,-0.72021484375,-0.15869140625,-1.47705078125,-0.1220703125,-1.03759765625,-0.10986328125,0.4150390625,-0.048828125,0.28076171875,-0.03662109375,-0.06103515625,-0.0732421875,-0.0732421875,-0.09765625,0.08544921875,-0.01220703125,0.0244140625,-0.048828125,0.81787109375,-0.0244140625,-0.5126953125,0.0244140625,-0.48828125
0,0.29296875,-0.37841796875,-0.01220703125,-0.29296875,0.146484375,-0.37841796875,-0.146484375,0,0.08544921875,-0.09765625,0.0244140625,-0.93994140625,-0.57373046875,1.025390625,0.03662109375,-0.25634765625,0.23193359375,-0.830078125,-0.09765625,-0.341796875,0,0.64697265625,0,-1.0009765625,-0.15869140625,-0.1953125,-0.341796875,-0.8056640625,-0.29296875,0.86669921875,0.06103515625,0.244140625,-0.50048828125,-0.25634765625,0.732421875,-0.5615234375,-0.06103515625,-0.439453125,0.29296875,-0.76904296875,0.1220703125,-0.18310546875,0.37841796875,-0.6591796875,-0.18310546875,-0.30517578125,0.5615234375,0.69580078125,-0.28076171875,1.15966796875,0.10986328125,0.47607421875,-0.2685546875,-0.146484375,0.01220703125,0.72021484375,0.01220703125,5.6396484375,-0.03662109375,3.369140625,0.23193359375,3.41796875,-0.25634765625,4.26025390625,-0.20751953125,0.3173828125,-0.15869140625,1.07421875,0.01220703125,0.18310546875,-0.3173828125,0.244140625,-0.29296875,0.2685546875,0.0732421875,0.830078125,-0.06103515625,-0.01220703125,0.29296875,1.3671875,0,-1.0009765625,-0.0244140625,-0.341796875,-0.15869140625,-0.98876953125,-0.2197265625,-0.76904296875,-0.09765625,-1.5625,-0.13427734375,-0.28076171875,-0.01220703125,-0.32958984375,0.1708984375,-1.18408203125,0.01220703125,-0.06103515625,0.06103515625,0.1708984375,-0.10986328125,-0.32958984375,0,1.81884765625,-0.0244140625,-0.67138671875,-0.03662109375,-1.46484375,-0.1953125,-1.025390625,-0.1708984375,0.40283203125,-0.06103515625,0.3173828125,-0.048828125,-0.06103515625,-0.0732421875,-0.09765625,-0.09765625,0.09765625,-0.03662109375,0.0244140625,-0.048828125,0.84228515625,-0.0244140625,-0.5126953125,0.06103515625,-0.50048828125
0,0.29296875,-0.37841796875,-0.048828125,-0.30517578125,0.15869140625,-0.3662109375,-0.1220703125,-0.0244140625,0.0732421875,-0.10986328125,0.01220703125,-0.96435546875,-0.5859375,1.0009765625,0.03662109375,-0.2685546875,0.2197265625,-0.84228515625,-0.06103515625,-0.32958984375,0.01220703125,0.64697265625,-0.048828125,-0.98876953125,-0.1220703125,-0.18310546875,-0.29296875,-0.8056640625,-0.20751953125,0.86669921875,0.146484375,0.23193359375,-0.42724609375,-0.23193359375,0.81787109375,-0.42724609375,-0.0244140625,-0.42724609375,0.3173828125,-0.76904296875,0.2685546875,-0.1953125,0.3173828125,-0.67138671875,-0.03662109375,-0.32958984375,0.6103515625,0.69580078125,-0.2197265625,1.171875,0.0732421875,0.50048828125,-0.3173828125,-0.15869140625,0.01220703125,0.72021484375,0,7.6416015625,-0.03662109375,4.1748046875,0.32958984375,4.18701171875,-0.1953125,5.322265625,-0.18310546875,0.30517578125,-0.1220703125,1.07421875,0.08544921875,0.15869140625,-0.37841796875,0.25634765625,-0.2197265625,0.2685546875,0.10986328125,0.8544921875,-0.048828125,-0.01220703125,0.28076171875,1.35498046875,-0.03662109375,-1.0009765625,0,-0.341796875,-0.01220703125,-0.98876953125,-0.29296875,-0.78125,-0.18310546875,-1.5380859375,-0.1708984375,-0.25634765625,-0.15869140625,-0.32958984375,0.15869140625,-1.171875,-0.10986328125,0.3173828125,0.0732421875,0.50048828125,-0.0732421875,-0.03662109375,-0.06103515625,2.45361328125,-0.03662109375,-0.634765625,0.08544921875,-1.4892578125,-0.2197265625,-1.01318359375,-0.1708984375,0.40283203125,-0.06103515625,0.32958984375,-0.048828125,-0.06103515625,-0.06103515625,-0.1220703125,-0.13427734375,0.1220703125,-0.048828125,0.03662109375,-0.03662109375,0.81787109375,-0.03662109375,-0.5126953125,0.06103515625,-0.5126953125
0,0.30517578125,-0.40283203125,-0.0732421875,-0.29296875,0.15869140625,-0.40283203125,-0.13427734375,-0.03662109375,0.048828125,-0.13427734375,0.01220703125,-0.9765625,-0.5615234375,1.01318359375,0.01220703125,-0.244140625,0.146484375,-0.87890625,-0.03662109375,-0.3662109375,-0.01220703125,0.64697265625,-0.1220703125,-1.0009765625,-0.09765625,-0.1708984375,-0.1953125,-0.8056640625,-0.10986328125,0.89111328125,0.1708984375,0.2197265625,-0.341796875,-0.20751953125,0.87890625,-0.2197265625,-0.03662109375,-0.42724609375,0.341796875,-0.78125,0.32958984375,-0.2197265625,0.28076171875,-0.68359375,0.08544921875,-0.30517578125,0.59814453125,0.67138671875,-0.13427734375,1.15966796875,-0.0244140625,0.47607421875,-0.341796875,-0.1708984375,0.048828125,0.732421875,-0.03662109375,9.72900390625,-0.0244140625,5.01708984375,0.37841796875,5.0048828125,-0.2197265625,6.48193359375,-0.08544921875,0.25634765625,-0.06103515625,1.06201171875,0.13427734375,0.13427734375,-0.37841796875,0.25634765625,-0.1708984375,0.244140625,0.1220703125,0.8544921875,-0.09765625,-0.01220703125,0.2685546875,1.3427734375,-0.03662109375,-1.0009765625,0.0244140625,-0.32958984375,0.0732421875,-0.9765625,-0.2685546875,-0.78125,-0.28076171875,-1.55029296875,-0.1953125,-0.25634765625,-0.2685546875,-0.30517578125,0.1220703125,-1.15966796875,-0.1708984375,0.9033203125,0.0244140625,1.025390625,-0.08544921875,0.390625,-0.18310546875,3.3203125,-0.03662109375,-0.59814453125,0.13427734375,-1.4892578125,-0.1953125,-1.0009765625,-0.146484375,0.42724609375,-0.0732421875,0.3173828125,-0.048828125,-0.03662109375,-0.06103515625,-0.1220703125,-0.1220703125,0.09765625,-0.06103515625,0.03662109375,-0.06103515625,0.84228515625,-0.0244140625,-0.50048828125,0.06103515625,-0.48828125
0,0.30517578125,-0.40283203125,-0.0732421875,-0.30517578125,0.146484375,-0.4150390625,-0.09765625,-0.048828125,0.06103515625,-0.1220703125,0,-0.96435546875,-0.5615234375,1.0009765625,0.01220703125,-0.28076171875,0.06103515625,-0.87890625,-0.0244140625,-0.35400390625,-0.09765625,0.6591796875,-0.1708984375,-0.98876953125,-0.09765625,-0.15869140625,-0.10986328125,-0.8056640625,-0.01220703125,0.87890625,0.146484375,0.23193359375,-0.15869140625,-0.23193359375,0.87890625,0.01220703125,-0.08544921875,-0.439453125,0.29296875,-0.78125,0.28076171875,-0.23193359375,0.29296875,-0.68359375,0.1708984375,-0.3173828125,0.62255859375,0.69580078125,-0.08544921875,1.18408203125,-0.0732421875,0.50048828125,-0.341796875,-0.2197265625,0.06103515625,0.7568359375,-0.06103515625,11.767578125,0.048828125,5.8349609375,0.5859375,5.7861328125,-0.15869140625,7.6171875,-0.03662109375,0.23193359375,0.01220703125,1.06201171875,0.15869140625,0.15869140625,-0.3662109375,0.244140625,-0.15869140625,0.25634765625,0.13427734375,0.84228515625,-0.13427734375,-0.01220703125,0.2197265625,1.33056640625,-0.03662109375,-1.0009765625,0.048828125,-0.3173828125,0.08544921875,-1.0009765625,-0.1708984375,-0.78125,-0.29296875,-1.55029296875,-0.244140625,-0.25634765625,-0.28076171875,-0.28076171875,0.0732421875,-1.1474609375,-0.18310546875,1.59912109375,0.01220703125,1.67236328125,-0.03662109375,0.9521484375,-0.20751953125,4.3701171875,0.01220703125,-0.57373046875,0.146484375,-1.4892578125,-0.146484375,-1.0009765625,-0.146484375,0.439453125,-0.0732421875,0.3173828125,-0.03662109375,-0.06103515625,-0.06103515625,-0.1220703125,-0.15869140625,0.09765625,-0.06103515625,0.0244140625,-0.06103515625,0.84228515625,-0.03662109375,-0.47607421875,0.09765625,-0.4638671875
0,0.29296875,-0.4150390625,-0.0732421875,-0.29296875,0.1708984375,-0.42724609375,-0.08544921875,-0.0244140625,0.0732421875,-0.1220703125,-0.0244140625,-0.91552734375,-0.5615234375,1.0009765625,0.01220703125,-0.244140625,-0.03662109375,-0.86669921875,-0.0244140625,-0.3662109375,-0.23193359375,0.64697265625,-0.20751953125,-0.98876953125,-0.1220703125,-0.13427734375,-0.01220703125,-0.8056640625,0.10986328125,0.86669921875,0.1708984375,0.244140625,-0.08544921875,-0.30517578125,0.91552734375,0.29296875,-0.13427734375,-0.47607421875,0.2197265625,-0.79345703125,0.15869140625,-0.23193359375,0.341796875,-0.67138671875,0.1708984375,-0.3662109375,0.634765625,0.67138671875,0.01220703125,1.171875,-0.15869140625,0.5126953125,-0.30517578125,-0.2197265625,0.0244140625,0.7568359375,-0.18310546875,13.51318359375,0.1220703125,6.55517578125,0.67138671875,6.4697265625,-0.09765625,8.59375,0.048828125,0.20751953125,0.0732421875,1.025390625,0.1708984375,0.146484375,-0.341796875,0.244140625,-0.15869140625,0.25634765625,0.15869140625,0.8056640625,-0.146484375,0,0.18310546875,1.33056640625,-0.0244140625,-0.9765625,0.08544921875,-0.341796875,0.03662109375,-1.0009765625,-0.01220703125,-0.78125,-0.28076171875,-1.5625,-0.30517578125,-0.25634765625,-0.25634765625,-0.28076171875,0.01220703125,-1.13525390625,-0.20751953125,2.3681640625,-0.10986328125,2.4169921875,-0.03662109375,1.5625,-0.28076171875,5.52978515625,0.08544921875,-0.59814453125,0.0732421875,-1.47705078125,-0.10986328125,-1.0009765625,-0.13427734375,0.439453125,-0.06103515625,0.30517578125,-0.03662109375,-0.03662109375,-0.06103515625,-0.09765625,-0.146484375,0.0732421875,-0.06103515625,0,-0.06103515625,0.81787109375,-0.0244140625,-0.4638671875,0.09765625,-0.47607421875
0,0.2685546875,-0.40283203125,-0.048828125,-0.2685546875,0.1708984375,-0.42724609375,-0.06103515625,-0.03662109375,0.048828125,-0.09765625,-0.0244140625,-0.91552734375,-0.57373046875,1.0009765625,0.0244140625,-0.25634765625,-0.08544921875,-0.830078125,-0.03662109375,-0.341796875,-0.390625,0.6591796875,-0.23193359375,-0.98876953125,-0.10986328125,-0.13427734375,0.0732421875,-0.79345703125,0.1708984375,0.87890625,0.13427734375,0.25634765625,0.01220703125,-0.341796875,0.830078125,0.59814453125,-0.20751953125,-0.4638671875,0.15869140625,-0.76904296875,-0.0244140625,-0.244140625,0.37841796875,-0.62255859375,0.09765625,-0.37841796875,0.64697265625,0.67138671875,0.048828125,1.171875,-0.2197265625,0.5126953125,-0.32958984375,-0.244140625,0.0244140625,0.78125,-0.30517578125,14.8193359375,0.10986328125,7.09228515625,0.74462890625,6.982421875,-0.146484375,9.36279296875,0.10986328125,0.18310546875,0.15869140625,1.01318359375,0.15869140625,0.1708984375,-0.29296875,0.244140625,-0.1220703125,0.25634765625,0.1708984375,0.79345703125,-0.1708984375,0.0244140625,0.18310546875,1.318359375,0.03662109375,-0.9765625,0.0732421875,-0.341796875,-0.0244140625,-1.01318359375,0.18310546875,-0.79345703125,-0.23193359375,-1.55029296875,-0.29296875,-0.25634765625,-0.13427734375,-0.244140625,-0.03662109375,-1.11083984375,-0.146484375,3.125,-0.20751953125,3.16162109375,-0.03662109375,2.16064453125,-0.1220703125,6.7138671875,0.10986328125,-0.6103515625,-0.0244140625,-1.46484375,-0.08544921875,-1.01318359375,-0.146484375,0.439453125,-0.06103515625,0.3173828125,0,-0.0244140625,-0.08544921875,-0.10986328125,-0.13427734375,0.0732421875,-0.06103515625,-0.01220703125,-0.048828125,0.79345703125,-0.0244140625,-0.4638671875,0.09765625,-0.50048828125
0,0.244140625,-0.390625,-0.0244140625,-0.28076171875,0.18310546875,-0.439453125,-0.048828125,-0.03662109375,0.0732421875,-0.09765625,0,-0.91552734375,-0.5615234375,1.025390625,0.0244140625,-0.25634765625,-0.10986328125,-0.830078125,-0.08544921875,-0.32958984375,-0.52490234375,0.64697265625,-0.2197265625,-0.9765625,-0.15869140625,-0.13427734375,0.1220703125,-0.8056640625,0.1953125,0.89111328125,0.09765625,0.25634765625,0.03662109375,-0.390625,0.79345703125,0.87890625,-0.32958984375,-0.4638671875,0.09765625,-0.76904296875,-0.2197265625,-0.23193359375,0.40283203125,-0.5859375,-0.01220703125,-0.42724609375,0.634765625,0.67138671875,0.09765625,1.171875,-0.30517578125,0.50048828125,-0.28076171875,-0.25634765625,-0.01220703125,0.78125,-0.3662109375,15.56396484375,0.0732421875,7.43408203125,0.8544921875,7.275390625,-0.18310546875,9.8388671875,0.13427734375,0.18310546875,0.1953125,1.01318359375,0.1708984375,0.18310546875,-0.244140625,0.23193359375,-0.08544921875,0.23193359375,0.1953125,0.78125,-0.20751953125,0.0244140625,0.18310546875,1.3427734375,0.0732421875,-0.9765625,0.0732421875,-0.3662109375,-0.06103515625,-1.025390625,0.341796875,-0.78125,-0.1708984375,-1.55029296875,-0.25634765625,-0.25634765625,0,-0.2685546875,-0.08544921875,-1.123046875,-0.08544921875,3.79638671875,-0.23193359375,3.82080078125,0,2.7099609375,0.01220703125,7.82470703125,0.146484375,-0.62255859375,-0.13427734375,-1.46484375,-0.1220703125,-1.025390625,-0.10986328125,0.45166015625,-0.08544921875,0.29296875,0,-0.03662109375,-0.0732421875,-0.0732421875,-0.1220703125,0.06103515625,-0.06103515625,-0.0244140625,-0.0732421875,0.76904296875,-0.03662109375,-0.45166015625,0.08544921875,-0.48828125
0,0.23193359375,-0.390625,-0.0244140625,-0.29296875,0.18310546875,-0.4638671875,-0.03662109375,-0.048828125,0.09765625,-0.08544921875,0,-0.9033203125,-0.57373046875,1.01318359375,0.03662109375,-0.28076171875,-0.10986328125,-0.81787109375,-0.09765625,-0.32958984375,-0.52490234375,0.6591796875,-0.20751953125,-0.96435546875,-0.1708984375,-0.15869140625,0.13427734375,-0.79345703125,0.1953125,0.89111328125,0.09765625,0.244140625,0.03662109375,-0.40283203125,0.732421875,1.11083984375,-0.439453125,-0.45166015625,0.048828125,-0.7568359375,-0.3662109375,-0.1953125,0.341796875,-0.54931640625,-0.15869140625,-0.45166015625,0.62255859375,0.67138671875,0.1220703125,1.15966796875,-0.341796875,0.48828125,-0.2685546875,-0.2685546875,-0.08544921875,0.7568359375,-0.35400390625,15.72265625,0.01220703125,7.53173828125,0.89111328125,7.33642578125,-0.244140625,9.9609375,0.13427734375,0.1953125,0.28076171875,1.01318359375,0.1708984375,0.23193359375,-0.20751953125,0.20751953125,-0.0244140625,0.244140625,0.18310546875,0.74462890625,-0.244140625,0.0244140625,0.146484375,1.3427734375,0.13427734375,-0.9521484375,0.08544921875,-0.37841796875,-0.08544921875,-1.025390625,0.390625,-0.78125,-0.1220703125,-1.5625,-0.20751953125,-0.2685546875,0.15869140625,-0.25634765625,-0.09765625,-1.123046875,-0.06103515625,4.296875,-0.25634765625,4.33349609375,-0.048828125,3.13720703125,0.10986328125,8.7890625,0.15869140625,-0.6591796875,-0.2685546875,-1.46484375,-0.15869140625,-1.01318359375,-0.0732421875,0.439453125,-0.10986328125,0.30517578125,0.0244140625,-0.048828125,-0.0732421875,-0.0732421875,-0.10986328125,0.06103515625,-0.06103515625,-0.03662109375,-0.09765625,0.7568359375,-0.03662109375,-0.4638671875,0.09765625,-0.52490234375
0,0.15869140625,-0.37841796875,0.01220703125,-0.28076171875,0.1953125,-0.45166015625,-0.03662109375,-0.03662109375,0.09765625,-0.0732421875,0,-0.87890625,-0.6103515625,1.01318359375,0.03662109375,-0.28076171875,-0.06103515625,-0.8056640625,-0.146484375,-0.3173828125,-0.47607421875,0.64697265625,-0.1708984375,-0.98876953125,-0.1708984375,-0.15869140625,0.09765625,-0.7568359375,0.1220703125,0.86669921875,0.048828125,0.25634765625,-0.01220703125,-0.390625,0.62255859375,1.2451171875,-0.5126953125,-0.439453125,0.03662109375,-0.74462890625,-0.47607421875,-0.1708984375,0.2197265625,-0.50048828125,-0.29296875,-0.4150390625,0.59814453125,0.67138671875,0.1220703125,1.15966796875,-0.341796875,0.45166015625,-0.2197265625,-0.2197265625,-0.0732421875,0.74462890625,-0.2685546875,15.34423828125,-0.048828125,7.373046875,0.96435546875,7.177734375,-0.29296875,9.7412109375,0.1953125,0.1708984375,0.3173828125,1.0009765625,0.18310546875,0.244140625,-0.13427734375,0.1953125,0.06103515625,0.2197265625,0.146484375,0.76904296875,-0.25634765625,0.03662109375,0.1220703125,1.3427734375,0.15869140625,-0.93994140625,0.0732421875,-0.35400390625,-0.09765625,-1.01318359375,0.40283203125,-0.79345703125,-0.08544921875,-1.55029296875,-0.10986328125,-0.2685546875,0.23193359375,-0.25634765625,-0.06103515625,-1.123046875,-0.08544921875,4.65087890625,-0.244140625,4.69970703125,-0.10986328125,3.41796875,0.0732421875,9.5458984375,0.09765625,-0.6591796875,-0.3173828125,-1.45263671875,-0.146484375,-1.01318359375,-0.01220703125,0.45166015625,-0.09765625,0.29296875,0.03662109375,-0.048828125,-0.06103515625,-0.0732421875,-0.10986328125,0.0732421875,-0.06103515625,-0.0244140625,-0.13427734375,0.74462890625,-0.048828125,-0.48828125,0.06103515625,-0.5126953125
1,0.146484375,-0.37841796875,-0.01220703125,-0.30517578125,0.1953125,-0.45166015625,-0.03662109375,-0.0244140625,0.08544921875,-0.048828125,0,-0.91552734375,-0.6103515625,1.0498046875,0.03662109375,-0.28076171875,-0.048828125,-0.81787109375,-0.15869140625,-0.3173828125,-0.32958984375,0.64697265625,-0.10986328125,-0.9765625,-0.1220703125,-0.18310546875,0.01220703125,-0.78125,0.03662109375,0.86669921875,0.01220703125,0.244140625,-0.1220703125,-0.341796875,0.54931640625,1.2451171875,-0.537109375,-0.45166015625,0.03662109375,-0.732421875,-0.439453125,-0.1953125,0.10986328125,-0.47607421875,-0.3662109375,-0.390625,0.54931640625,0.67138671875,0.1220703125,1.15966796875,-0.37841796875,0.42724609375,-0.23193359375,-0.20751953125,-0.08544921875,0.74462890625,-0.1953125,14.4775390625,-0.13427734375,6.97021484375,0.93994140625,6.84814453125,-0.32958984375,9.21630859375,0.23193359375,0.18310546875,0.32958984375,1.0009765625,0.1708984375,0.244140625,-0.146484375,0.18310546875,0.1220703125,0.244140625,0.1220703125,0.79345703125,-0.2685546875,0.048828125,0.09765625,1.3427734375,0.1708984375,-0.93994140625,0.09765625,-0.35400390625,-0.09765625,-1.0009765625,0.3173828125,-0.79345703125,-0.08544921875,-1.55029296875,-0.01220703125,-0.244140625,0.2685546875,-0.28076171875,0.0244140625,-1.13525390625,-0.06103515625,4.77294921875,-0.18310546875,4.8828125,-0.1220703125,3.564453125,0.10986328125,10.0341796875,0.0244140625,-0.67138671875,-0.3173828125,-1.45263671875,-0.13427734375,-1.025390625,0.06103515625,0.439453125,-0.1220703125,0.28076171875,0.03662109375,-0.0732421875,-0.0732421875,-0.10986328125,-0.09765625,0.0732421875,-0.06103515625,-0.01220703125,-0.15869140625,0.7568359375,-0.06103515625,-0.5126953125,0.03662109375,-0.52490234375
1,0.09765625,-0.3662109375,0,-0.29296875,0.244140625,-0.42724609375,-0.0244140625,0,0.03662109375,-0.048828125,0.0244140625,-0.927734375,-0.64697265625,1.03759765625,0.06103515625,-0.28076171875,-0.01220703125,-0.8056640625,-0.1220703125,-0.32958984375,-0.18310546875,0.67138671875,-0.0732421875,-0.9765625,-0.08544921875,-0.20751953125,-0.08544921875,-0.79345703125,-0.048828125,0.8544921875,-0.06103515625,0.244140625,-0.23193359375,-0.3173828125,0.4638671875,1.07421875,-0.50048828125,-0.45166015625,0,-0.74462890625,-0.37841796875,-0.1953125,0,-0.45166015625,-0.40283203125,-0.341796875,0.439453125,0.69580078125,0.1220703125,1.171875,-0.32958984375,0.439453125,-0.20751953125,-0.18310546875,-0.06103515625,0.74462890625,-0.08544921875,13.3056640625,-0.20751953125,6.38427734375,0.9033203125,6.31103515625,-0.341796875,8.447265625,0.28076171875,0.1708984375,0.35400390625,1.025390625,0.1708984375,0.244140625,-0.13427734375,0.1953125,0.15869140625,0.23193359375,0.03662109375,0.830078125,-0.29296875,0.048828125,0.09765625,1.30615234375,0.15869140625,-0.9521484375,0.08544921875,-0.32958984375,-0.06103515625,-1.0009765625,0.1708984375,-0.79345703125,-0.048828125,-1.5380859375,0.06103515625,-0.2685546875,0.2685546875,-0.29296875,0.13427734375,-1.13525390625,-0.0732421875,4.79736328125,-0.15869140625,4.89501953125,-0.20751953125,3.564453125,0.13427734375,10.2783203125,-0.10986328125,-0.67138671875,-0.244140625,-1.45263671875,-0.146484375,-1.03759765625,0.08544921875,0.42724609375,-0.15869140625,0.30517578125,0.03662109375,-0.048828125,-0.06103515625,-0.1220703125,-0.10986328125,0.0732421875,-0.06103515625,0.0244140625,-0.1953125,0.76904296875,-0.08544921875,-0.537109375,0,-0.52490234375
1,0.08544921875,-0.35400390625,0.048828125,-0.30517578125,0.25634765625,-0.42724609375,-0.01220703125,0.01220703125,0.0244140625,-0.03662109375,0.01220703125,-0.927734375,-0.62255859375,1.01318359375,0.03662109375,-0.2685546875,0.03662109375,-0.8544921875,-0.06103515625,-0.32958984375,-0.06103515625,0.64697265625,-0.0732421875,-0.98876953125,-0.0732421875,-0.23193359375,-0.15869140625,-0.8056640625,-0.1220703125,0.86669921875,-0.1220703125,0.244140625,-0.3662109375,-0.25634765625,0.37841796875,0.8056640625,-0.439453125,-0.439453125,0.01220703125,-0.7568359375,-0.23193359375,-0.20751953125,-0.0732421875,-0.47607421875,-0.390625,-0.341796875,0.37841796875,0.68359375,0.08544921875,1.13525390625,-0.3173828125,0.4150390625,-0.18310546875,-0.15869140625,-0.03662109375,0.72021484375,-0.0244140625,11.95068359375,-0.20751953125,5.712890625,0.87890625,5.70068359375,-0.341796875,7.53173828125,0.29296875,0.1708984375,0.29296875,1.025390625,0.18310546875,0.23193359375,-0.146484375,0.18310546875,0.13427734375,0.244140625,0,0.830078125,-0.28076171875,0.048828125,0.09765625,1.33056640625,0.09765625,-0.9521484375,0.0732421875,-0.341796875,-0.06103515625,-0.98876953125,-0.0244140625,-0.79345703125,-0.01220703125,-1.55029296875,0.10986328125,-0.244140625,0.1953125,-0.29296875,0.2685546875,-1.13525390625,-0.0244140625,4.736328125,-0.06103515625,4.8095703125,-0.20751953125,3.50341796875,0.20751953125,10.302734375,-0.23193359375,-0.6591796875,-0.13427734375,-1.4404296875,-0.146484375,-1.03759765625,0.09765625,0.42724609375,-0.1708984375,0.29296875,0.03662109375,-0.0732421875,-0.06103515625,-0.15869140625,-0.13427734375,0.09765625,-0.0732421875,0.0244140625,-0.1953125,0.78125,-0.0732421875,-0.537109375,-0.0244140625,-0.52490234375
1,0.06103515625,-0.35400390625,0.048828125,-0.30517578125,0.2685546875,-0.390625,0.0244140625,0.03662109375,0.03662109375,-0.06103515625,0.01220703125,-0.927734375,-0.634765625,1.025390625,0.01220703125,-0.25634765625,0.03662109375,-0.8544921875,0.048828125,-0.35400390625,0.06103515625,0.634765625,-0.08544921875,-0.98876953125,-0.08544921875,-0.2197265625,-0.1953125,-0.81787109375,-0.20751953125,0.86669921875,-0.18310546875,0.23193359375,-0.48828125,-0.23193359375,0.30517578125,0.390625,-0.32958984375,-0.439453125,-0.01220703125,-0.7568359375,-0.0732421875,-0.2197265625,-0.0732421875,-0.47607421875,-0.35400390625,-0.3173828125,0.3173828125,0.68359375,0.08544921875,1.13525390625,-0.244140625,0.439453125,-0.1953125,-0.1708984375,0.01220703125,0.732421875,0.01220703125,10.53466796875,-0.23193359375,4.9560546875,0.76904296875,5.078125,-0.37841796875,6.5673828125,0.29296875,0.15869140625,0.244140625,1.0498046875,0.18310546875,0.20751953125,-0.15869140625,0.1953125,0.10986328125,0.25634765625,-0.03662109375,0.8056640625,-0.25634765625,0.03662109375,0.09765625,1.318359375,0.06103515625,-0.98876953125,0.048828125,-0.32958984375,-0.0732421875,-1.0009765625,-0.2197265625,-0.79345703125,0.048828125,-1.5380859375,0.146484375,-0.2685546875,0.13427734375,-0.32958984375,0.37841796875,-1.15966796875,0.01220703125,4.62646484375,0.06103515625,4.65087890625,-0.2197265625,3.369140625,0.0732421875,10.107421875,-0.35400390625,-0.634765625,-0.048828125,-1.46484375,-0.2197265625,-1.025390625,0.048828125,0.42724609375,-0.18310546875,0.32958984375,0.06103515625,-0.06103515625,-0.06103515625,-0.15869140625,-0.1220703125,0.1220703125,-0.08544921875,0.03662109375,-0.1953125,0.78125,-0.09765625,-0.537109375,-0.048828125,-0.537109375
1,0.06103515625,-0.37841796875,0.08544921875,-0.30517578125,0.2197265625,-0.40283203125,0.048828125,0.01220703125,0.06103515625,-0.0732421875,0.01220703125,-0.93994140625,-0.6103515625,1.0009765625,0.01220703125,-0.25634765625,0.03662109375,-0.8544921875,0.18310546875,-0.3662109375,0.10986328125,0.64697265625,-0.08544921875,-0.9765625,-0.0732421875,-0.20751953125,-0.2197265625,-0.830078125,-0.244140625,0.8544921875,-0.23193359375,0.244140625,-0.47607421875,-0.20751953125,0.20751953125,-0.06103515625,-0.20751953125,-0.42724609375,0.01220703125,-0.76904296875,0.08544921875,-0.23193359375,-0.03662109375,-0.50048828125,-0.30517578125,-0.29296875,0.2685546875,0.68359375,0.048828125,1.13525390625,-0.18310546875,0.439453125,-0.20751953125,-0.18310546875,0.0732421875,0.7568359375,0.06103515625,9.2041015625,-0.25634765625,4.23583984375,0.7080078125,4.4677734375,-0.4150390625,5.62744140625,0.32958984375,0.18310546875,0.13427734375,1.0498046875,0.18310546875,0.1953125,-0.1708984375,0.18310546875,0.10986328125,0.28076171875,-0.06103515625,0.84228515625,-0.2197265625,0.048828125,0.048828125,1.318359375,-0.0244140625,-1.01318359375,0.01220703125,-0.32958984375,-0.146484375,-1.0009765625,-0.32958984375,-0.8056640625,0.048828125,-1.52587890625,0.13427734375,-0.2685546875,0.08544921875,-0.30517578125,0.439453125,-1.15966796875,-0.01220703125,4.45556640625,0.0732421875,4.45556640625,-0.23193359375,3.1982421875,-0.08544921875,9.7900390625,-0.37841796875,-0.62255859375,0.0244140625,-1.46484375,-0.25634765625,-1.025390625,0,0.42724609375,-0.1953125,0.30517578125,0.048828125,-0.0732421875,-0.0732421875,-0.146484375,-0.09765625,0.10986328125,-0.09765625,0.03662109375,-0.1953125,0.78125,-0.09765625,-0.537109375,-0.048828125,-0.5126953125
1,0.048828125,-0.40283203125,0.03662109375,-0.32958984375,0.18310546875,-0.40283203125,0.08544921875,0.0244140625,0.03662109375,-0.09765625,0.01220703125,-0.9521484375,-0.62255859375,1.0009765625,0.0244140625,-0.25634765625,0.03662109375,-0.86669921875,0.29296875,-0.3662109375,0.10986328125,0.67138671875,-0.06103515625,-0.96435546875,-0.08544921875,-0.1708984375,-0.2197265625,-0.830078125,-0.23193359375,0.8544921875,-0.23193359375,0.244140625,-0.40283203125,-0.1708984375,0.15869140625,-0.537109375,-0.09765625,-0.42724609375,0.048828125,-0.78125,0.15869140625,-0.244140625,0.06103515625,-0.5615234375,-0.2197265625,-0.244140625,0.25634765625,0.69580078125,0.048828125,1.13525390625,-0.13427734375,0.4638671875,-0.18310546875,-0.18310546875,0.10986328125,0.732421875,0.03662109375,7.958984375,-0.2685546875,3.57666015625,0.6591796875,3.91845703125,-0.45166015625,4.8095703125,0.30517578125,0.20751953125,0.06103515625,1.06201171875,0.15869140625,0.1708984375,-0.2197265625,0.20751953125,0.10986328125,0.29296875,-0.0732421875,0.830078125,-0.18310546875,0.0244140625,0.01220703125,1.33056640625,-0.08544921875,-1.0009765625,0,-0.30517578125,-0.23193359375,-1.0009765625,-0.3662109375,-0.78125,0.0244140625,-1.513671875,0.10986328125,-0.28076171875,0.0244140625,-0.30517578125,0.439453125,-1.15966796875,-0.0244140625,4.2724609375,0.048828125,4.23583984375,-0.25634765625,3.02734375,-0.1953125,9.326171875,-0.30517578125,-0.634765625,0.03662109375,-1.46484375,-0.244140625,-1.01318359375,-0.0244140625,0.42724609375,-0.1953125,0.3173828125,0.03662109375,-0.0732421875,-0.06103515625,-0.1220703125,-0.06103515625,0.1220703125,-0.10986328125,0.048828125,-0.1953125,0.79345703125,-0.13427734375,-0.5126953125,-0.06103515625,-0.52490234375
1,0.06103515625,-0.40283203125,0.048828125,-0.3173828125,0.18310546875,-0.42724609375,0.08544921875,-0.01220703125,0.01220703125,-0.1220703125,0,-0.9521484375,-0.57373046875,0.98876953125,0.01220703125,-0.28076171875,0.0244140625,-0.86669921875,0.390625,-0.3662109375,0.06103515625,0.6591796875,0.048828125,-0.96435546875,-0.08544921875,-0.1708984375,-0.2197265625,-0.81787109375,-0.1708984375,0.8544921875,-0.2197265625,0.244140625,-0.2197265625,-0.23193359375,0.0244140625,-0.98876953125,-0.0244140625,-0.439453125,0.06103515625,-0.79345703125,0.1708984375,-0.2685546875,0.13427734375,-0.6103515625,-0.1953125,-0.30517578125,0.28076171875,0.67138671875,0.0244140625,1.1474609375,-0.08544921875,0.47607421875,-0.09765625,-0.1953125,0.18310546875,0.74462890625,-0.0244140625,6.89697265625,-0.3173828125,3.01513671875,0.5615234375,3.43017578125,-0.52490234375,4.06494140625,0.2685546875,0.2197265625,-0.01220703125,1.07421875,0.146484375,0.18310546875,-0.28076171875,0.2197265625,0.09765625,0.30517578125,-0.08544921875,0.830078125,-0.1220703125,0.0244140625,-0.0244140625,1.33056640625,-0.13427734375,-0.98876953125,-0.01220703125,-0.30517578125,-0.341796875,-1.0009765625,-0.35400390625,-0.79345703125,-0.01220703125,-1.52587890625,0.048828125,-0.2685546875,0.03662109375,-0.2685546875,0.35400390625,-1.1962890625,-0.03662109375,4.1259765625,-0.01220703125,4.01611328125,-0.2685546875,2.84423828125,-0.28076171875,8.7890625,-0.1953125,-0.634765625,0.06103515625,-1.46484375,-0.23193359375,-0.98876953125,-0.0732421875,0.4150390625,-0.20751953125,0.28076171875,0.03662109375,-0.09765625,-0.06103515625,-0.10986328125,-0.03662109375,0.1220703125,-0.13427734375,0.03662109375,-0.20751953125,0.79345703125,-0.1708984375,-0.50048828125,-0.0732421875,-0.50048828125
1,0.0244140625,-0.4150390625,0.06103515625,-0.30517578125,0.18310546875,-0.42724609375,0.08544921875,-0.03662109375,0.0244140625,-0.10986328125,0,-0.93994140625,-0.57373046875,0.98876953125,0.0244140625,-0.2685546875,0.03662109375,-0.84228515625,0.42724609375,-0.35400390625,-0.0244140625,0.69580078125,0.1953125,-0.9765625,-0.08544921875,-0.1708984375,-0.15869140625,-0.81787109375,-0.13427734375,0.86669921875,-0.146484375,0.244140625,-0.06103515625,-0.2685546875,0.01220703125,-1.30615234375,-0.01220703125,-0.45166015625,0.09765625,-0.79345703125,0.15869140625,-0.25634765625,0.23193359375,-0.64697265625,-0.15869140625,-0.32958984375,0.3662109375,0.6591796875,-0.0244140625,1.1474609375,-0.06103515625,0.5126953125,-0.048828125,-0.2197265625,0.25634765625,0.7568359375,-0.03662109375,5.96923828125,-0.30517578125,2.5634765625,0.47607421875,3.01513671875,-0.52490234375,3.45458984375,0.20751953125,0.23193359375,-0.06103515625,1.06201171875,0.13427734375,0.20751953125,-0.29296875,0.2197265625,0.0244140625,0.28076171875,-0.06103515625,0.8544921875,-0.048828125,0.01220703125,-0.0732421875,1.3427734375,-0.13427734375,-1.0009765625,-0.0244140625,-0.29296875,-0.439453125,-1.0009765625,-0.244140625,-0.79345703125,-0.048828125,-1.513671875,-0.0244140625,-0.28076171875,0,-0.28076171875,0.20751953125,-1.220703125,-0.03662109375,3.94287109375,-0.10986328125,3.79638671875,-0.23193359375,2.67333984375,-0.29296875,8.26416015625,-0.048828125,-0.64697265625,0.048828125,-1.47705078125,-0.146484375,-1.0009765625,-0.1220703125,0.4150390625,-0.2197265625,0.29296875,0.048828125,-0.0732421875,-0.0732421875,-0.08544921875,-0.0244140625,0.09765625,-0.1220703125,0,-0.2197265625,0.78125,-0.1708984375,-0.47607421875,-0.06103515625,-0.50048828125
1,-0.01220703125,-0.4150390625,0.0732421875,-0.29296875,0.1953125,-0.439453125,0.0732421875,-0.048828125,0.0244140625,-0.09765625,-0.03662109375,-0.927734375,-0.57373046875,0.98876953125,0.01220703125,-0.2685546875,0.06103515625,-0.84228515625,0.4150390625,-0.3662109375,-0.13427734375,0.68359375,0.341796875,-0.9765625,-0.13427734375,-0.15869140625,-0.1220703125,-0.79345703125,-0.06103515625,0.86669921875,-0.10986328125,0.25634765625,0.08544921875,-0.3173828125,0.01220703125,-1.4892578125,0.0244140625,-0.439453125,0.146484375,-0.79345703125,0.1708984375,-0.244140625,0.244140625,-0.6591796875,-0.15869140625,-0.37841796875,0.45166015625,0.67138671875,-0.01220703125,1.1474609375,-0.06103515625,0.5126953125,-0.0244140625,-0.2197265625,0.30517578125,0.7568359375,-0.08544921875,5.126953125,-0.25634765625,2.18505859375,0.30517578125,2.64892578125,-0.50048828125,2.91748046875,0.15869140625,0.244140625,-0.10986328125,1.025390625,0.10986328125,0.2197265625,-0.30517578125,0.20751953125,-0.03662109375,0.2685546875,-0.03662109375,0.830078125,-0.01220703125,0,-0.146484375,1.3671875,-0.146484375,-0.9765625,-0.03662109375,-0.3173828125,-0.48828125,-0.98876953125,-0.10986328125,-0.78125,-0.048828125,-1.50146484375,-0.10986328125,-0.28076171875,-0.01220703125,-0.28076171875,0.0732421875,-1.220703125,-0.048828125,3.7353515625,-0.23193359375,3.564453125,-0.20751953125,2.50244140625,-0.32958984375,7.72705078125,0.0732421875,-0.68359375,0.08544921875,-1.45263671875,-0.08544921875,-0.9765625,-0.15869140625,0.40283203125,-0.2197265625,0.29296875,0.03662109375,-0.048828125,-0.06103515625,-0.0732421875,0.0244140625,0.10986328125,-0.1220703125,0,-0.2197265625,0.7568359375,-0.18310546875,-0.4638671875,-0.0732421875,-0.48828125
1,-0.06103515625,-0.4150390625,0.1220703125,-0.28076171875,0.1953125,-0.42724609375,0.08544921875,-0.048828125,0.0244140625,-0.10986328125,-0.06103515625,-0.927734375,-0.5859375,1.0009765625,0.0244140625,-0.28076171875,0.09765625,-0.84228515625,0.3173828125,-0.3662109375,-0.244140625,0.69580078125,0.439453125,-0.96435546875,-0.1220703125,-0.146484375,-0.06103515625,-0.8056640625,-0.0244140625,0.86669921875,-0.01220703125,0.2197265625,0.1953125,-0.3173828125,0.01220703125,-1.513671875,-0.03662109375,-0.40283203125,0.18310546875,-0.76904296875,0.13427734375,-0.1953125,0.25634765625,-0.68359375,-0.15869140625,-0.40283203125,0.52490234375,0.68359375,-0.01220703125,1.171875,-0.1220703125,0.50048828125,-0.01220703125,-0.244140625,0.32958984375,0.74462890625,-0.1220703125,4.3212890625,-0.23193359375,1.86767578125,0.244140625,2.30712890625,-0.439453125,2.4169921875,0.1220703125,0.20751953125,-0.1953125,1.025390625,0.06103515625,0.244140625,-0.29296875,0.1953125,-0.09765625,0.244140625,-0.0244140625,0.830078125,0.03662109375,0,-0.146484375,1.35498046875,-0.13427734375,-0.9765625,-0.01220703125,-0.30517578125,-0.47607421875,-1.01318359375,0.0244140625,-0.8056640625,-0.06103515625,-1.4892578125,-0.146484375,-0.2685546875,-0.048828125,-0.29296875,-0.09765625,-1.23291015625,0.01220703125,3.4912109375,-0.23193359375,3.35693359375,-0.06103515625,2.33154296875,-0.25634765625,7.2265625,0.1953125,-0.69580078125,0.10986328125,-1.46484375,-0.09765625,-1.0009765625,-0.20751953125,0.4150390625,-0.2197265625,0.29296875,0.048828125,-0.03662109375,-0.06103515625,-0.048828125,0.048828125,0.09765625,-0.1220703125,-0.0244140625,-0.23193359375,0.76904296875,-0.1708984375,-0.4638671875,-0.06103515625,-0.50048828125
1,-0.09765625,-0.42724609375,0.10986328125,-0.25634765625,0.1708984375,-0.42724609375,0.08544921875,-0.0244140625,0.06103515625,-0.09765625,-0.06103515625,-0.927734375,-0.5859375,1.01318359375,0.03662109375,-0.244140625,0.09765625,-0.830078125,0.2197265625,-0.35400390625,-0.30517578125,0.67138671875,0.42724609375,-0.96435546875,-0.09765625,-0.1708984375,-0.01220703125,-0.8056640625,-0.03662109375,0.86669921875,0.09765625,0.2197265625,0.18310546875,-0.341796875,0.08544921875,-1.42822265625,-0.1220703125,-0.390625,0.2197265625,-0.7568359375,0.1220703125,-0.13427734375,0.1708984375,-0.7080078125,-0.146484375,-0.40283203125,0.5615234375,0.67138671875,0,1.1962890625,-0.20751953125,0.48828125,0.048828125,-0.244140625,0.29296875,0.74462890625,-0.1220703125,3.50341796875,-0.20751953125,1.5869140625,0.1953125,1.953125,-0.4150390625,1.9287109375,0.06103515625,0.18310546875,-0.2197265625,1.025390625,0.06103515625,0.2685546875,-0.28076171875,0.1953125,-0.1708984375,0.20751953125,0.01220703125,0.8544921875,0.06103515625,0.01220703125,-0.10986328125,1.35498046875,-0.10986328125,-0.96435546875,0.01220703125,-0.32958984375,-0.3662109375,-1.0009765625,0.08544921875,-0.81787109375,-0.13427734375,-1.50146484375,-0.15869140625,-0.25634765625,-0.09765625,-0.3173828125,-0.15869140625,-1.23291015625,0,3.22265625,-0.23193359375,3.125,-0.0244140625,2.16064453125,-0.3173828125,6.787109375,0.23193359375,-0.72021484375,0.1220703125,-1.45263671875,-0.06103515625,-1.01318359375,-0.244140625,0.42724609375,-0.244140625,0.2685546875,0.048828125,-0.0244140625,-0.06103515625,-0.06103515625,0.06103515625,0.08544921875,-0.10986328125,0,-0.2197265625,0.74462890625,-0.15869140625,-0.47607421875,-0.048828125,-0.5126953125
1,-0.1220703125,-0.4150390625,0.13427734375,-0.23193359375,0.18310546875,-0.4150390625,0.09765625,-0.03662109375,0.06103515625,-0.08544921875,-0.09765625,-0.9033203125,-0.5615234375,1.03759765625,0.01220703125,-0.23193359375,0.048828125,-0.81787109375,0.10986328125,-0.37841796875,-0.28076171875,0.67138671875,0.29296875,-0.9521484375,-0.0732421875,-0.1953125,0.01220703125,-0.79345703125,-0.0244140625,0.87890625,0.13427734375,0.2197265625,0.10986328125,-0.341796875,0.09765625,-1.220703125,-0.25634765625,-0.40283203125,0.1953125,-0.732421875,0.10986328125,-0.13427734375,0.01220703125,-0.72021484375,-0.13427734375,-0.37841796875,0.537109375,0.68359375,-0.0244140625,1.220703125,-0.244140625,0.45166015625,0.0732421875,-0.25634765625,0.2685546875,0.74462890625,-0.10986328125,2.685546875,-0.1708984375,1.28173828125,0.20751953125,1.5869140625,-0.47607421875,1.40380859375,-0.01220703125,0.1708984375,-0.25634765625,1.0009765625,0.01220703125,0.29296875,-0.2197265625,0.1708984375,-0.244140625,0.20751953125,0.048828125,0.830078125,0.0732421875,0.03662109375,-0.0732421875,1.3427734375,-0.06103515625,-0.96435546875,0.0732421875,-0.341796875,-0.20751953125,-1.01318359375,0.09765625,-0.79345703125,-0.18310546875,-1.46484375,-0.146484375,-0.23193359375,-0.18310546875,-0.32958984375,-0.1708984375,-1.220703125,-0.01220703125,2.978515625,-0.18310546875,2.9052734375,0,2.001953125,-0.28076171875,6.43310546875,0.1708984375,-0.7568359375,0.1220703125,-1.46484375,-0.06103515625,-1.03759765625,-0.18310546875,0.40283203125,-0.244140625,0.2685546875,0.048828125,-0.01220703125,-0.0732421875,-0.03662109375,0.08544921875,0.09765625,-0.10986328125,0,-0.2197265625,0.732421875,-0.1708984375,-0.48828125,-0.048828125,-0.52490234375
1,-0.13427734375,-0.390625,0.13427734375,-0.244140625,0.146484375,-0.40283203125,0.09765625,0,0.03662109375,-0.08544921875,-0.10986328125,-0.91552734375,-0.5615234375,1.025390625,0,-0.244140625,0,-0.81787109375,0.0244140625,-0.341796875,-0.244140625,0.64697265625,0.0732421875,-0.96435546875,-0.01220703125,-0.1953125,0.0244140625,-0.79345703125,-0.0244140625,0.8544921875,0.2197265625,0.20751953125,0.03662109375,-0.32958984375,0.10986328125,-0.9765625,-0.35400390625,-0.390625,0.13427734375,-0.732421875,0.0732421875,-0.146484375,-0.1220703125,-0.7080078125,-0.08544921875,-0.341796875,0.48828125,0.67138671875,0.01220703125,1.220703125,-0.28076171875,0.45166015625,0.08544921875,-0.244140625,0.244140625,0.732421875,-0.1953125,1.79443359375,-0.28076171875,0.9521484375,0.18310546875,1.20849609375,-0.634765625,0.84228515625,-0.06103515625,0.146484375,-0.25634765625,1.01318359375,-0.01220703125,0.28076171875,-0.1708984375,0.15869140625,-0.341796875,0.20751953125,0.0732421875,0.86669921875,0.08544921875,0.0244140625,-0.0244140625,1.318359375,-0.06103515625,-0.9765625,0.09765625,-0.32958984375,-0.048828125,-1.01318359375,0.0244140625,-0.78125,-0.2685546875,-1.4892578125,-0.15869140625,-0.244140625,-0.29296875,-0.32958984375,-0.13427734375,-1.1962890625,-0.0732421875,2.734375,-0.10986328125,2.7099609375,0,1.81884765625,-0.2197265625,6.15234375,0.08544921875,-0.74462890625,0.0732421875,-1.4404296875,-0.03662109375,-1.03759765625,-0.1220703125,0.40283203125,-0.25634765625,0.25634765625,0.03662109375,-0.01220703125,-0.06103515625,-0.06103515625,0.08544921875,0.09765625,-0.1220703125,0.01220703125,-0.1953125,0.74462890625,-0.1953125,-0.52490234375,-0.0244140625,-0.5126953125
1,-0.15869140625,-0.37841796875,0.146484375,-0.25634765625,0.1708984375,-0.42724609375,0.09765625,-0.01220703125,0.06103515625,-0.0732421875,-0.10986328125,-0.927734375,-0.52490234375,1.03759765625,-0.01220703125,-0.25634765625,-0.08544921875,-0.84228515625,-0.01220703125,-0.35400390625,-0.20751953125,0.62255859375,-0.1708984375,-0.96435546875,0.01220703125,-0.20751953125,0,-0.79345703125,-0.03662109375,0.8544921875,0.23193359375,0.1953125,-0.01220703125,-0.29296875,0.0732421875,-0.732421875,-0.4150390625,-0.390625,0.146484375,-0.74462890625,0.048828125,-0.1220703125,-0.2685546875,-0.69580078125,-0.06103515625,-0.3173828125,0.40283203125,0.64697265625,0.048828125,1.220703125,-0.28076171875,0.42724609375,0.09765625,-0.20751953125,0.18310546875,0.72021484375,-0.146484375,0.93994140625,-0.29296875,0.5859375,0.18310546875,0.8544921875,-0.7080078125,0.32958984375,-0.06103515625,0.13427734375,-0.25634765625,1.01318359375,0,0.2685546875,-0.1220703125,0.15869140625,-0.40283203125,0.20751953125,0.08544921875,0.84228515625,0.09765625,0.03662109375,0.01220703125,1.318359375,-0.0244140625,-0.9765625,0.146484375,-0.341796875,0.06103515625,-1.025390625,-0.0244140625,-0.78125,-0.28076171875,-1.4892578125,-0.15869140625,-0.23193359375,-0.35400390625,-0.35400390625,-0.0244140625,-1.18408203125,-0.146484375,2.50244140625,0,2.52685546875,-0.01220703125,1.6845703125,-0.146484375,5.908203125,-0.06103515625,-0.72021484375,0.0244140625,-1.4404296875,0,-1.06201171875,-0.06103515625,0.4150390625,-0.23193359375,0.28076171875,0.048828125,-0.01220703125,-0.06103515625,-0.10986328125,0.0732421875,0.09765625,-0.1220703125,0.01220703125,-0.1708984375,0.732421875,-0.1953125,-0.54931640625,-0.01220703125,-0.48828125
0,-0.20751953125,-0.35400390625,0.146484375,-0.25634765625,0.1708984375,-0.390625,0.1220703125,-0.01220703125,0.03662109375,-0.0732421875,-0.13427734375,-0.93994140625,-0.50048828125,1.03759765625,-0.0244140625,-0.2685546875,-0.1953125,-0.830078125,-0.0244140625,-0.35400390625,-0.18310546875,0.5859375,-0.37841796875,-0.96435546875,0.048828125,-0.2197265625,-0.01220703125,-0.78125,-0.0244140625,0.8544921875,0.2197265625,0.20751953125,-0.048828125,-0.2685546875,0.01220703125,-0.54931640625,-0.47607421875,-0.40283203125,0.08544921875,-0.74462890625,-0.01220703125,-0.15869140625,-0.35400390625,-0.69580078125,-0.0244140625,-0.29296875,0.30517578125,0.64697265625,0.048828125,1.1962890625,-0.37841796875,0.42724609375,0.06103515625,-0.18310546875,0.18310546875,0.72021484375,-0.06103515625,0.1708984375,-0.2685546875,0.25634765625,0.20751953125,0.5126953125,-0.84228515625,-0.20751953125,-0.08544921875,0.13427734375,-0.2685546875,1.025390625,-0.03662109375,0.244140625,-0.10986328125,0.146484375,-0.45166015625,0.2197265625,0.06103515625,0.8544921875,0.13427734375,0.03662109375,0.0244140625,1.30615234375,0.01220703125,-0.9765625,0.15869140625,-0.3173828125,0.1220703125,-1.025390625,-0.03662109375,-0.76904296875,-0.25634765625,-1.4892578125,-0.146484375,-0.23193359375,-0.3662109375,-0.3173828125,0.08544921875,-1.15966796875,-0.1708984375,2.30712890625,0.08544921875,2.3681640625,0,1.5380859375,-0.08544921875,5.6640625,-0.15869140625,-0.69580078125,-0.0244140625,-1.45263671875,0,-1.06201171875,-0.01220703125,0.390625,-0.23193359375,0.28076171875,0.048828125,-0.01220703125,-0.06103515625,-0.10986328125,0.0732421875,0.10986328125,-0.146484375,0.03662109375,-0.146484375,0.74462890625,-0.1953125,-0.5615234375,0.01220703125,-0.50048828125
0,-0.1953125,-0.35400390625,0.15869140625,-0.29296875,0.1708984375,-0.390625,0.1708984375,-0.0244140625,0.048828125,-0.06103515625,-0.13427734375,-0.9521484375,-0.47607421875,1.025390625,-0.06103515625,-0.2685546875,-0.25634765625,-0.8544921875,0,-0.35400390625,-0.244140625,0.5859375,-0.42724609375,-0.96435546875,0.01220703125,-0.20751953125,-0.03662109375,-0.8056640625,-0.01220703125,0.81787109375,0.15869140625,0.20751953125,-0.08544921875,-0.28076171875,0.06103515625,-0.439453125,-0.52490234375,-0.42724609375,0.03662109375,-0.76904296875,-0.0732421875,-0.1953125,-0.341796875,-0.67138671875,-0.03662109375,-0.29296875,0.20751953125,0.634765625,0.01220703125,1.1474609375,-0.37841796875,0.439453125,0.048828125,-0.15869140625,0.146484375,0.7080078125,0.048828125,-0.4638671875,-0.25634765625,-0.03662109375,0.244140625,0.244140625,-0.89111328125,-0.634765625,-0.10986328125,0.15869140625,-0.23193359375,1.0498046875,-0.01220703125,0.23193359375,-0.10986328125,0.15869140625,-0.5126953125,0.244140625,0.0244140625,0.86669921875,0.15869140625,0.0244140625,0.06103515625,1.318359375,0.048828125,-0.9765625,0.15869140625,-0.341796875,0.1220703125,-1.0009765625,-0.048828125,-0.76904296875,-0.18310546875,-1.47705078125,-0.1220703125,-0.2197265625,-0.3173828125,-0.30517578125,0.15869140625,-1.15966796875,-0.15869140625,2.11181640625,0.10986328125,2.197265625,-0.01220703125,1.3916015625,0.048828125,5.38330078125,-0.20751953125,-0.67138671875,-0.10986328125,-1.4404296875,-0.03662109375,-1.07421875,0,0.4150390625,-0.23193359375,0.29296875,0.048828125,-0.0244140625,-0.048828125,-0.10986328125,0.06103515625,0.10986328125,-0.13427734375,0.0244140625,-0.1220703125,0.72021484375,-0.20751953125,-0.54931640625,-0.01220703125,-0.47607421875
0,-0.20751953125,-0.35400390625,0.1708984375,-0.30517578125,0.15869140625,-0.390625,0.1953125,-0.01220703125,0.03662109375,-0.0732421875,-0.1220703125,-0.9521484375,-0.439453125,1.025390625,-0.048828125,-0.25634765625,-0.341796875,-0.84228515625,0.048828125,-0.35400390625,-0.32958984375,0.6103515625,-0.390625,-0.96435546875,-0.01220703125,-0.20751953125,-0.0732421875,-0.8056640625,-0.048828125,0.830078125,0,0.2197265625,-0.08544921875,-0.244140625,-0.01220703125,-0.45166015625,-0.5126953125,-0.40283203125,-0.0244140625,-0.7568359375,-0.13427734375,-0.2197265625,-0.29296875,-0.6591796875,-0.08544921875,-0.28076171875,0.09765625,0.634765625,-0.03662109375,1.123046875,-0.3662109375,0.45166015625,-0.0244140625,-0.1220703125,0.1220703125,0.732421875,0.15869140625,-0.830078125,-0.23193359375,-0.20751953125,0.23193359375,0.06103515625,-0.9033203125,-0.89111328125,-0.15869140625,0.18310546875,-0.18310546875,1.0498046875,0.01220703125,0.1953125,-0.1220703125,0.18310546875,-0.48828125,0.28076171875,-0.01220703125,0.81787109375,0.15869140625,0.03662109375,0.09765625,1.30615234375,0.09765625,-0.9521484375,0.15869140625,-0.32958984375,0.06103515625,-1.025390625,-0.0244140625,-0.76904296875,-0.0732421875,-1.46484375,-0.10986328125,-0.244140625,-0.1708984375,-0.30517578125,0.1953125,-1.1474609375,-0.08544921875,1.91650390625,0.146484375,2.0263671875,0,1.23291015625,0.146484375,5.0048828125,-0.2197265625,-0.634765625,-0.146484375,-1.4404296875,-0.08544921875,-1.06201171875,0,0.4150390625,-0.23193359375,0.29296875,0.0244140625,-0.01220703125,-0.06103515625,-0.10986328125,0.0244140625,0.1220703125,-0.13427734375,0.0244140625,-0.09765625,0.74462890625,-0.2197265625,-0.537109375,-0.03662109375,-0.5126953125
0,-0.244140625,-0.3662109375,0.18310546875,-0.3173828125,0.146484375,-0.40283203125,0.20751953125,0.01220703125,0.03662109375,-0.06103515625,-0.1220703125,-0.93994140625,-0.4638671875,0.98876953125,-0.01220703125,-0.25634765625,-0.341796875,-0.86669921875,0.08544921875,-0.3662109375,-0.40283203125,0.59814453125,-0.23193359375,-0.9521484375,-0.048828125,-0.20751953125,-0.10986328125,-0.8056640625,-0.03662109375,0.830078125,-0.146484375,0.2197265625,-0.08544921875,-0.18310546875,-0.10986328125,-0.54931640625,-0.5126953125,-0.40283203125,-0.0244140625,-0.74462890625,-0.15869140625,-0.244140625,-0.2197265625,-0.67138671875,-0.1953125,-0.244140625,0.0732421875,0.64697265625,-0.048828125,1.11083984375,-0.37841796875,0.4638671875,-0.10986328125,-0.13427734375,0.048828125,0.74462890625,0.23193359375,-0.927734375,-0.244140625,-0.29296875,0.32958984375,0.0244140625,-0.89111328125,-0.96435546875,-0.15869140625,0.25634765625,-0.146484375,1.07421875,0.06103515625,0.18310546875,-0.18310546875,0.18310546875,-0.4638671875,0.30517578125,-0.048828125,0.8056640625,0.18310546875,0.0244140625,0.10986328125,1.33056640625,0.13427734375,-0.93994140625,0.10986328125,-0.3173828125,-0.10986328125,-1.01318359375,0.03662109375,-0.7568359375,0.0244140625,-1.4892578125,-0.10986328125,-0.2197265625,0,-0.2685546875,0.15869140625,-1.15966796875,-0.03662109375,1.69677734375,0.0732421875,1.79443359375,-0.09765625,1.0498046875,0.048828125,4.4677734375,-0.1708984375,-0.59814453125,-0.2197265625,-1.4404296875,-0.13427734375,-1.03759765625,-0.01220703125,0.42724609375,-0.20751953125,0.29296875,0.0244140625,-0.0244140625,-0.06103515625,-0.1220703125,0.0244140625,0.13427734375,-0.1220703125,0,-0.10986328125,0.74462890625,-0.244140625,-0.5126953125,-0.048828125,-0.50048828125
0,-0.25634765625,-0.35400390625,0.13427734375,-0.30517578125,0.15869140625,-0.4150390625,0.1953125,-0.01220703125,0.0244140625,-0.0732421875,-0.10986328125,-0.927734375,-0.439453125,0.98876953125,0.0244140625,-0.244140625,-0.29296875,-0.87890625,0.10986328125,-0.35400390625,-0.439453125,0.62255859375,-0.0244140625,-0.9521484375,-0.10986328125,-0.18310546875,-0.1708984375,-0.79345703125,-0.048828125,0.84228515625,-0.3173828125,0.2197265625,-0.08544921875,-0.23193359375,-0.18310546875,-0.68359375,-0.45166015625,-0.40283203125,-0.01220703125,-0.76904296875,-0.1708984375,-0.244140625,-0.1220703125,-0.68359375,-0.2685546875,-0.30517578125,0.03662109375,0.62255859375,-0.06103515625,1.0986328125,-0.32958984375,0.48828125,-0.15869140625,-0.13427734375,-0.06103515625,0.74462890625,0.25634765625,-0.79345703125,-0.244140625,-0.2197265625,0.3173828125,0.13427734375,-0.78125,-0.830078125,-0.09765625,0.29296875,-0.09765625,1.0498046875,0.13427734375,0.1708984375,-0.23193359375,0.20751953125,-0.439453125,0.32958984375,-0.01220703125,0.8056640625,0.18310546875,0.01220703125,0.1220703125,1.3427734375,0.146484375,-0.96435546875,0.0732421875,-0.30517578125,-0.2685546875,-1.025390625,0.08544921875,-0.78125,0.0732421875,-1.513671875,-0.0732421875,-0.25634765625,0.1708984375,-0.2685546875,0.1220703125,-1.171875,0.08544921875,1.42822265625,0,1.50146484375,-0.06103515625,0.81787109375,0.1220703125,3.74755859375,-0.08544921875,-0.6103515625,-0.244140625,-1.45263671875,-0.146484375,-1.025390625,-0.01220703125,0.4150390625,-0.20751953125,0.3173828125,0.01220703125,-0.01220703125,-0.06103515625,-0.10986328125,0,0.10986328125,-0.13427734375,-0.03662109375,-0.09765625,0.76904296875,-0.244140625,-0.5126953125,-0.06103515625,-0.50048828125
0,-0.29296875,-0.37841796875,0.146484375,-0.30517578125,0.1953125,-0.40283203125,0.1708984375,-0.01220703125,0.0244140625,-0.08544921875,-0.1220703125,-0.927734375,-0.439453125,0.98876953125,0.0244140625,-0.25634765625,-0.1953125,-0.86669921875,0.1220703125,-0.341796875,-0.390625,0.64697265625,0.13427734375,-0.93994140625,-0.146484375,-0.1708984375,-0.244140625,-0.8056640625,-0.10986328125,0.8544921875,-0.4638671875,0.23193359375,-0.0732421875,-0.28076171875,-0.23193359375,-0.8544921875,-0.4150390625,-0.4150390625,0.03662109375,-0.78125,-0.1220703125,-0.2685546875,-0.09765625,-0.68359375,-0.3662109375,-0.341796875,0.048828125,0.634765625,-0.10986328125,1.0986328125,-0.3662109375,0.48828125,-0.23193359375,-0.1708984375,-0.0732421875,0.732421875,0.29296875,-0.4150390625,-0.1953125,-0.03662109375,0.2685546875,0.30517578125,-0.68359375,-0.5615234375,-0.09765625,0.3173828125,-0.03662109375,1.07421875,0.18310546875,0.15869140625,-0.28076171875,0.2197265625,-0.390625,0.30517578125,0.01220703125,0.78125,0.1953125,-0.01220703125,0.0732421875,1.35498046875,0.10986328125,-0.96435546875,0.06103515625,-0.30517578125,-0.4150390625,-1.025390625,0.1220703125,-0.76904296875,0.10986328125,-1.52587890625,-0.06103515625,-0.2685546875,0.2685546875,-0.25634765625,0.10986328125,-1.18408203125,0.1708984375,1.08642578125,-0.06103515625,1.18408203125,-0.06103515625,0.537109375,0.0732421875,2.9296875,-0.03662109375,-0.62255859375,-0.25634765625,-1.4404296875,-0.1220703125,-1.025390625,-0.03662109375,0.42724609375,-0.2197265625,0.32958984375,-0.01220703125,-0.0244140625,-0.06103515625,-0.09765625,-0.01220703125,0.10986328125,-0.13427734375,-0.048828125,-0.10986328125,0.78125,-0.244140625,-0.48828125,-0.048828125,-0.48828125
0,-0.32958984375,-0.37841796875,0.15869140625,-0.30517578125,0.23193359375,-0.4150390625,0.1708984375,-0.0244140625,0,-0.09765625,-0.10986328125,-0.91552734375,-0.4150390625,0.9765625,0.048828125,-0.25634765625,-0.0732421875,-0.8544921875,0.10986328125,-0.32958984375,-0.29296875,0.68359375,0.23193359375,-0.9765625,-0.1953125,-0.1708984375,-0.30517578125,-0.8056640625,-0.1708984375,0.86669921875,-0.5126953125,0.2197265625,-0.10986328125,-0.3173828125,-0.146484375,-1.01318359375,-0.35400390625,-0.40283203125,0.0732421875,-0.76904296875,-0.048828125,-0.244140625,0.01220703125,-0.67138671875,-0.439453125,-0.390625,0.0732421875,0.634765625,-0.1220703125,1.13525390625,-0.3173828125,0.50048828125,-0.35400390625,-0.2197265625,-0.09765625,0.72021484375,0.28076171875,0.09765625,-0.15869140625,0.25634765625,0.20751953125,0.54931640625,-0.67138671875,-0.146484375,-0.048828125,0.341796875,0.048828125,1.0498046875,0.1953125,0.15869140625,-0.25634765625,0.2197265625,-0.3662109375,0.30517578125,0.03662109375,0.8056640625,0.20751953125,-0.0244140625,0.01220703125,1.37939453125,0.08544921875,-0.96435546875,0.048828125,-0.30517578125,-0.47607421875,-1.03759765625,0.0732421875,-0.79345703125,0.1220703125,-1.52587890625,-0.03662109375,-0.30517578125,0.29296875,-0.28076171875,0.08544921875,-1.171875,0.20751953125,0.68359375,-0.06103515625,0.8056640625,-0.048828125,0.2197265625,0.03662109375,2.03857421875,-0.0244140625,-0.64697265625,-0.244140625,-1.45263671875,-0.10986328125,-1.0009765625,-0.0732421875,0.42724609375,-0.23193359375,0.32958984375,-0.01220703125,-0.0244140625,-0.048828125,-0.10986328125,-0.03662109375,0.10986328125,-0.13427734375,-0.09765625,-0.1220703125,0.8056640625,-0.244140625,-0.47607421875,-0.048828125,-0.52490234375
0,-0.3662109375,-0.37841796875,0.18310546875,-0.29296875,0.23193359375,-0.4150390625,0.1708984375,-0.03662109375,0.01220703125,-0.10986328125,-0.1220703125,-0.9033203125,-0.37841796875,0.98876953125,0.0732421875,-0.2685546875,0.06103515625,-0.84228515625,0.08544921875,-0.32958984375,-0.1953125,0.6591796875,0.2685546875,-0.96435546875,-0.1953125,-0.146484375,-0.390625,-0.79345703125,-0.2197265625,0.87890625,-0.48828125,0.2197265625,-0.13427734375,-0.3173828125,-0.048828125,-1.0986328125,-0.29296875,-0.40283203125,0.15869140625,-0.76904296875,0.0244140625,-0.2197265625,-0.01220703125,-0.6591796875,-0.45166015625,-0.40283203125,0.06103515625,0.64697265625,-0.10986328125,1.171875,-0.28076171875,0.50048828125,-0.45166015625,-0.2685546875,-0.09765625,0.732421875,0.28076171875,0.68359375,-0.10986328125,0.57373046875,0.146484375,0.8056640625,-0.57373046875,0.28076171875,0,0.341796875,0.10986328125,1.03759765625,0.20751953125,0.1953125,-0.23193359375,0.23193359375,-0.32958984375,0.28076171875,0.0732421875,0.79345703125,0.20751953125,-0.0244140625,-0.0244140625,1.3671875,0.0732421875,-0.96435546875,0.03662109375,-0.3173828125,-0.40283203125,-1.025390625,-0.0244140625,-0.79345703125,0.1220703125,-1.55029296875,-0.06103515625,-0.28076171875,0.25634765625,-0.29296875,0.09765625,-1.171875,0.2197265625,0.3173828125,-0.03662109375,0.45166015625,0.0244140625,-0.09765625,-0.0244140625,1.220703125,-0.06103515625,-0.68359375,-0.1708984375,-1.46484375,-0.1220703125,-1.03759765625,-0.10986328125,0.42724609375,-0.2197265625,0.3173828125,-0.0244140625,-0.03662109375,-0.0732421875,-0.08544921875,-0.048828125,0.08544921875,-0.15869140625,-0.06103515625,-0.09765625,0.81787109375,-0.2197265625,-0.47607421875,-0.06103515625,-0.52490234375
0,-0.390625,-0.390625,0.20751953125,-0.30517578125,0.244140625,-0.4150390625,0.18310546875,-0.06103515625,0.01220703125,-0.09765625,-0.10986328125,-0.9033203125,-0.35400390625,1.0009765625,0.0732421875,-0.28076171875,0.15869140625,-0.81787109375,0.08544921875,-0.32958984375,-0.10986328125,0.68359375,0.23193359375,-0.96435546875,-0.1953125,-0.1708984375,-0.4150390625,-0.79345703125,-0.29296875,0.87890625,-0.37841796875,0.20751953125,-0.23193359375,-0.32958984375,0.03662109375,-1.13525390625,-0.23193359375,-0.4150390625,0.2685546875,-0.7568359375,0.146484375,-0.18310546875,-0.08544921875,-0.68359375,-0.390625,-0.40283203125,0.09765625,0.67138671875,-0.048828125,1.18408203125,-0.29296875,0.47607421875,-0.54931640625,-0.28076171875,-0.06103515625,0.732421875,0.18310546875,1.1962890625,-0.1220703125,0.8544921875,0.18310546875,1.025390625,-0.537109375,0.69580078125,0.0732421875,0.32958984375,0.18310546875,1.03759765625,0.20751953125,0.20751953125,-0.1953125,0.2197265625,-0.30517578125,0.244140625,0.06103515625,0.79345703125,0.20751953125,-0.0244140625,-0.06103515625,1.35498046875,0.048828125,-0.96435546875,0.048828125,-0.30517578125,-0.29296875,-1.01318359375,-0.09765625,-0.79345703125,0.03662109375,-1.5380859375,-0.0732421875,-0.29296875,0.10986328125,-0.29296875,0.146484375,-1.18408203125,0.09765625,-0.0244140625,0.01220703125,0.1708984375,0.0244140625,-0.35400390625,-0.1708984375,0.6103515625,-0.10986328125,-0.7568359375,-0.0244140625,-1.46484375,-0.146484375,-1.025390625,-0.1953125,0.4150390625,-0.20751953125,0.3173828125,-0.0244140625,-0.048828125,-0.0732421875,-0.06103515625,-0.0732421875,0.0732421875,-0.15869140625,-0.08544921875,-0.09765625,0.830078125,-0.18310546875,-0.48828125,-0.06103515625,-0.537109375
0,-0.3662109375,-0.40283203125,0.20751953125,-0.29296875,0.23193359375,-0.4150390625,0.1708984375,-0.06103515625,0,-0.10986328125,-0.10986328125,-0.89111328125,-0.341796875,1.0009765625,0.06103515625,-0.28076171875,0.20751953125,-0.830078125,0.09765625,-0.32958984375,-0.0244140625,0.67138671875,0.15869140625,-0.9521484375,-0.1708984375,-0.1708984375,-0.42724609375,-0.79345703125,-0.29296875,0.89111328125,-0.1953125,0.20751953125,-0.2197265625,-0.341796875,0.146484375,-1.08642578125,-0.1953125,-0.40283203125,0.32958984375,-0.7568359375,0.28076171875,-0.15869140625,-0.1220703125,-0.67138671875,-0.3173828125,-0.40283203125,0.08544921875,0.67138671875,-0.0244140625,1.220703125,-0.2197265625,0.48828125,-0.5859375,-0.3173828125,-0.06103515625,0.72021484375,0.1708984375,1.55029296875,-0.0244140625,1.07421875,0.2197265625,1.1474609375,-0.390625,0.98876953125,0.13427734375,0.25634765625,0.244140625,1.025390625,0.20751953125,0.23193359375,-0.15869140625,0.20751953125,-0.244140625,0.23193359375,0.0732421875,0.8544921875,0.2197265625,-0.03662109375,-0.06103515625,1.3427734375,0.03662109375,-0.9765625,0.0244140625,-0.30517578125,-0.146484375,-1.0009765625,-0.1708984375,-0.79345703125,-0.01220703125,-1.5380859375,-0.08544921875,-0.30517578125,-0.0244140625,-0.3173828125,0.1708984375,-1.171875,0,-0.2197265625,0.048828125,0.0244140625,0.01220703125,-0.47607421875,-0.18310546875,0.28076171875,-0.13427734375,-0.79345703125,0.10986328125,-1.47705078125,-0.1953125,-1.03759765625,-0.23193359375,0.4150390625,-0.23193359375,0.29296875,0.01220703125,-0.048828125,-0.06103515625,-0.0732421875,-0.10986328125,0.06103515625,-0.18310546875,-0.09765625,-0.08544921875,0.830078125,-0.08544921875,-0.50048828125,-0.08544921875,-0.537109375
0,-0.37841796875,-0.40283203125,0.1953125,-0.30517578125,0.20751953125,-0.390625,0.1708984375,-0.01220703125,-0.0244140625,-0.09765625,-0.1220703125,-0.91552734375,-0.3173828125,1.025390625,0.06103515625,-0.2685546875,0.18310546875,-0.830078125,0.146484375,-0.35400390625,0.03662109375,0.67138671875,0.0732421875,-0.96435546875,-0.18310546875,-0.18310546875,-0.40283203125,-0.8056640625,-0.30517578125,0.86669921875,-0.048828125,0.20751953125,-0.23193359375,-0.3173828125,0.1708984375,-0.98876953125,-0.146484375,-0.37841796875,0.3173828125,-0.7568359375,0.37841796875,-0.13427734375,-0.18310546875,-0.6591796875,-0.1708984375,-0.341796875,0.03662109375,0.7080078125,-0.01220703125,1.23291015625,-0.146484375,0.47607421875,-0.537109375,-0.29296875,-0.08544921875,0.72021484375,0,1.6845703125,-0.09765625,1.18408203125,0.146484375,1.1962890625,-0.390625,1.13525390625,0.13427734375,0.20751953125,0.30517578125,1.01318359375,0.18310546875,0.23193359375,-0.13427734375,0.2197265625,-0.15869140625,0.20751953125,0.08544921875,0.89111328125,0.244140625,-0.01220703125,-0.08544921875,1.3427734375,0.01220703125,-1.01318359375,0.048828125,-0.3173828125,-0.01220703125,-0.96435546875,-0.20751953125,-0.79345703125,-0.06103515625,-1.52587890625,-0.10986328125,-0.2685546875,-0.1708984375,-0.32958984375,0.18310546875,-1.1962890625,-0.08544921875,-0.25634765625,0.13427734375,0.06103515625,0.0244140625,-0.4638671875,-0.244140625,0.42724609375,-0.15869140625,-0.8056640625,0.2197265625,-1.4892578125,-0.2197265625,-1.0498046875,-0.23193359375,0.4150390625,-0.23193359375,0.28076171875,0.0244140625,-0.048828125,-0.06103515625,-0.08544921875,-0.13427734375,0.0732421875,-0.18310546875,-0.08544921875,-0.10986328125,0.78125,0,-0.537109375,-0.0732421875,-0.5615234375
0,-0.4150390625,-0.40283203125,0.1953125,-0.28076171875,0.18310546875,-0.37841796875,0.18310546875,-0.0244140625,-0.048828125,-0.09765625,-0.1220703125,-0.91552734375,-0.25634765625,1.025390625,0.0244140625,-0.25634765625,0.1220703125,-0.830078125,0.1953125,-0.341796875,0.06103515625,0.6591796875,0.0244140625,-0.9765625,-0.15869140625,-0.20751953125,-0.32958984375,-0.81787109375,-0.28076171875,0.8544921875,0.0244140625,0.20751953125,-0.09765625,-0.2685546875,0.20751953125,-0.86669921875,-0.1220703125,-0.37841796875,0.35400390625,-0.74462890625,0.4638671875,-0.146484375,-0.18310546875,-0.6591796875,-0.0244140625,-0.30517578125,0.0244140625,0.69580078125,-0.048828125,1.23291015625,-0.06103515625,0.48828125,-0.50048828125,-0.25634765625,-0.1220703125,0.72021484375,-0.0732421875,1.6357421875,-0.13427734375,1.15966796875,0.1220703125,1.15966796875,-0.29296875,1.0986328125,0.15869140625,0.15869140625,0.341796875,1.01318359375,0.1708984375,0.25634765625,-0.09765625,0.18310546875,-0.10986328125,0.2197265625,0.08544921875,0.89111328125,0.244140625,-0.01220703125,-0.13427734375,1.318359375,0.03662109375,-0.98876953125,0.06103515625,-0.32958984375,0.0732421875,-0.9765625,-0.20751953125,-0.8056640625,-0.1220703125,-1.50146484375,-0.1953125,-0.2685546875,-0.28076171875,-0.32958984375,0.13427734375,-1.171875,-0.18310546875,-0.0244140625,0.06103515625,0.3173828125,-0.048828125,-0.2685546875,-0.20751953125,1.06201171875,-0.146484375,-0.8056640625,0.29296875,-1.47705078125,-0.20751953125,-1.06201171875,-0.20751953125,0.4150390625,-0.2197265625,0.25634765625,0.01220703125,-0.0732421875,-0.0732421875,-0.09765625,-0.146484375,0.08544921875,-0.1953125,-0.09765625,-0.10986328125,0.7568359375,0.09765625,-0.54931640625,-0.08544921875,-0.54931640625
0,-0.42724609375,-0.40283203125,0.15869140625,-0.28076171875,0.18310546875,-0.390625,0.20751953125,0,-0.03662109375,-0.09765625,-0.10986328125,-0.91552734375,-0.2197265625,1.03759765625,0.0244140625,-0.20751953125,0.03662109375,-0.84228515625,0.23193359375,-0.341796875,0.03662109375,0.64697265625,0,-0.9765625,-0.13427734375,-0.23193359375,-0.244140625,-0.8056640625,-0.20751953125,0.87890625,0.09765625,0.20751953125,0.0244140625,-0.23193359375,0.18310546875,-0.7568359375,-0.146484375,-0.40283203125,0.341796875,-0.74462890625,0.47607421875,-0.1708984375,-0.146484375,-0.64697265625,0.08544921875,-0.25634765625,-0.048828125,0.68359375,-0.0732421875,1.220703125,-0.048828125,0.48828125,-0.50048828125,-0.2197265625,-0.1953125,0.732421875,0.0244140625,1.40380859375,-0.0244140625,1.0498046875,0.1220703125,1.03759765625,-0.15869140625,0.9765625,0.18310546875,0.1220703125,0.3662109375,1.0498046875,0.1708984375,0.25634765625,-0.048828125,0.1708984375,-0.01220703125,0.23193359375,0.03662109375,0.9521484375,0.2685546875,0.0244140625,-0.1708984375,1.318359375,0.03662109375,-1.03759765625,0.048828125,-0.32958984375,0.0732421875,-0.9765625,-0.1220703125,-0.79345703125,-0.1220703125,-1.50146484375,-0.2685546875,-0.29296875,-0.32958984375,-0.341796875,0.048828125,-1.171875,-0.18310546875,0.45166015625,0.0244140625,0.79345703125,-0.0244140625,0.13427734375,-0.0732421875,2.1240234375,-0.09765625,-0.7568359375,0.28076171875,-1.45263671875,-0.1953125,-1.06201171875,-0.1953125,0.40283203125,-0.20751953125,0.2685546875,0,-0.048828125,-0.06103515625,-0.08544921875,-0.15869140625,0.08544921875,-0.18310546875,-0.10986328125,-0.1220703125,0.76904296875,0.15869140625,-0.54931640625,-0.0732421875,-0.537109375
0,-0.439453125,-0.37841796875,0.146484375,-0.2685546875,0.18310546875,-0.37841796875,0.2197265625,0.0244140625,-0.048828125,-0.06103515625,-0.146484375,-0.91552734375,-0.1953125,1.0498046875,0,-0.20751953125,-0.03662109375,-0.86669921875,0.244140625,-0.35400390625,-0.048828125,0.64697265625,0,-0.9521484375,-0.1220703125,-0.23193359375,-0.15869140625,-0.8056640625,-0.10986328125,0.89111328125,0.0732421875,0.2197265625,0.146484375,-0.23193359375,0.1220703125,-0.67138671875,-0.15869140625,-0.4150390625,0.30517578125,-0.78125,0.4150390625,-0.20751953125,-0.13427734375,-0.634765625,0.1708984375,-0.25634765625,-0.09765625,0.6591796875,-0.0732421875,1.1962890625,-0.06103515625,0.52490234375,-0.4638671875,-0.1708984375,-0.1953125,0.732421875,-0.0244140625,1.08642578125,-0.13427734375,0.9033203125,0.06103515625,0.89111328125,-0.20751953125,0.78125,0.1953125,0.09765625,0.37841796875,1.0498046875,0.18310546875,0.25634765625,-0.03662109375,0.1708984375,0.08544921875,0.244140625,0,0.91552734375,0.25634765625,0.048828125,-0.1708984375,1.30615234375,0.06103515625,-1.01318359375,0.09765625,-0.32958984375,0.03662109375,-0.9765625,0.03662109375,-0.8056640625,-0.1220703125,-1.50146484375,-0.32958984375,-0.25634765625,-0.3173828125,-0.32958984375,-0.0244140625,-1.1962890625,-0.146484375,1.1474609375,0,1.50146484375,0.01220703125,0.69580078125,-0.03662109375,3.57666015625,-0.0244140625,-0.67138671875,0.2197265625,-1.45263671875,-0.18310546875,-1.03759765625,-0.1708984375,0.390625,-0.1953125,0.2685546875,0.01220703125,-0.03662109375,-0.06103515625,-0.10986328125,-0.1708984375,0.08544921875,-0.20751953125,-0.1220703125,-0.10986328125,0.7568359375,0.2197265625,-0.54931640625,-0.048828125,-0.537109375
1,-0.47607421875,-0.3662109375,0.1708984375,-0.28076171875,0.1953125,-0.390625,0.2197265625,0.01220703125,-0.048828125,-0.048828125,-0.15869140625,-0.89111328125,-0.146484375,1.03759765625,-0.01220703125,-0.23193359375,-0.09765625,-0.86669921875,0.23193359375,-0.35400390625,-0.1953125,0.634765625,-0.03662109375,-0.9765625,-0.1220703125,-0.244140625,-0.0732421875,-0.81787109375,-0.01220703125,0.87890625,0.048828125,0.2197265625,0.2685546875,-0.23193359375,0.048828125,-0.62255859375,-0.244140625,-0.42724609375,0.2685546875,-0.76904296875,0.28076171875,-0.2197265625,-0.09765625,-0.57373046875,0.18310546875,-0.2197265625,-0.08544921875,0.64697265625,-0.13427734375,1.15966796875,-0.06103515625,0.54931640625,-0.42724609375,-0.146484375,-0.1708984375,0.732421875,0,0.79345703125,-0.1708984375,0.72021484375,0.09765625,0.78125,-0.1708984375,0.57373046875,0.25634765625,0.09765625,0.37841796875,1.0498046875,0.15869140625,0.244140625,-0.0244140625,0.1953125,0.1220703125,0.25634765625,-0.09765625,0.93994140625,0.25634765625,0.048828125,-0.1708984375,1.318359375,0.08544921875,-1.01318359375,0.0732421875,-0.32958984375,0,-0.98876953125,0.1953125,-0.79345703125,-0.0732421875,-1.50146484375,-0.32958984375,-0.25634765625,-0.2197265625,-0.30517578125,-0.0732421875,-1.1962890625,-0.1708984375,2.05078125,-0.13427734375,2.3681640625,-0.01220703125,1.416015625,-0.13427734375,5.28564453125,0.06103515625,-0.5615234375,0.0732421875,-1.46484375,-0.18310546875,-1.0498046875,-0.146484375,0.4150390625,-0.18310546875,0.28076171875,0.0244140625,-0.06103515625,-0.048828125,-0.09765625,-0.15869140625,0.0732421875,-0.20751953125,-0.1220703125,-0.146484375,0.78125,0.2685546875,-0.52490234375,-0.01220703125,-0.5126953125
1,-0.4638671875,-0.37841796875,0.20751953125,-0.28076171875,0.18310546875,-0.4150390625,0.1953125,0,-0.03662109375,-0.06103515625,-0.15869140625,-0.91552734375,-0.13427734375,1.025390625,-0.01220703125,-0.244140625,-0.13427734375,-0.87890625,0.18310546875,-0.35400390625,-0.30517578125,0.634765625,-0.06103515625,-0.96435546875,-0.10986328125,-0.23193359375,0.0244140625,-0.81787109375,0.06103515625,0.89111328125,-0.0244140625,0.23193359375,0.30517578125,-0.20751953125,-0.1220703125,-0.67138671875,-0.341796875,-0.4150390625,0.18310546875,-0.76904296875,0.048828125,-0.244140625,-0.0732421875,-0.5615234375,0.10986328125,-0.1953125,-0.09765625,0.62255859375,-0.146484375,1.13525390625,-0.08544921875,0.57373046875,-0.3662109375,-0.1220703125,-0.1220703125,0.732421875,0.146484375,0.6103515625,-0.1220703125,0.62255859375,0.20751953125,0.732421875,-0.1220703125,0.4638671875,0.28076171875,0.1220703125,0.30517578125,1.06201171875,0.146484375,0.23193359375,-0.01220703125,0.20751953125,0.13427734375,0.30517578125,-0.146484375,0.927734375,0.244140625,0.048828125,-0.13427734375,1.33056640625,0.15869140625,-1.01318359375,0.08544921875,-0.3173828125,-0.03662109375,-1.0009765625,0.32958984375,-0.78125,-0.01220703125,-1.50146484375,-0.2685546875,-0.244140625,-0.0732421875,-0.30517578125,-0.09765625,-1.1962890625,-0.08544921875,3.0029296875,-0.1708984375,3.2958984375,0,2.197265625,-0.01220703125,7.09228515625,0.09765625,-0.439453125,-0.0732421875,-1.45263671875,-0.2197265625,-1.03759765625,-0.10986328125,0.40283203125,-0.1708984375,0.28076171875,0.0244140625,-0.06103515625,-0.0732421875,-0.08544921875,-0.146484375,0.0732421875,-0.1953125,-0.1220703125,-0.15869140625,0.79345703125,0.30517578125,-0.50048828125,-0.01220703125,-0.52490234375
1,-0.48828125,-0.35400390625,0.2197265625,-0.28076171875,0.18310546875,-0.42724609375,0.1953125,-0.01220703125,-0.03662109375,-0.06103515625,-0.18310546875,-0.927734375,-0.10986328125,1.01318359375,0.0244140625,-0.25634765625,-0.08544921875,-0.87890625,0.10986328125,-0.35400390625,-0.35400390625,0.64697265625,-0.048828125,-0.96435546875,-0.0732421875,-0.23193359375,0.06103515625,-0.830078125,0.09765625,0.87890625,-0.09765625,0.244140625,0.29296875,-0.20751953125,-0.2197265625,-0.74462890625,-0.42724609375,-0.42724609375,0.10986328125,-0.76904296875,-0.09765625,-0.244140625,-0.09765625,-0.54931640625,0,-0.25634765625,-0.0732421875,0.62255859375,-0.13427734375,1.123046875,-0.10986328125,0.6103515625,-0.2685546875,-0.1220703125,-0.09765625,0.7568359375,0.0732421875,0.62255859375,-0.18310546875,0.64697265625,0.2197265625,0.74462890625,-0.15869140625,0.4638671875,0.3173828125,0.1708984375,0.244140625,1.03759765625,0.15869140625,0.20751953125,-0.03662109375,0.2197265625,0.1220703125,0.29296875,-0.1708984375,0.91552734375,0.23193359375,0.03662109375,-0.146484375,1.33056640625,0.2197265625,-0.98876953125,0.08544921875,-0.32958984375,-0.048828125,-1.025390625,0.390625,-0.78125,0,-1.513671875,-0.1953125,-0.244140625,0.09765625,-0.29296875,-0.1220703125,-1.1962890625,-0.0732421875,3.96728515625,-0.20751953125,4.18701171875,-0.0244140625,2.96630859375,0.08544921875,8.7890625,0.1220703125,-0.32958984375,-0.15869140625,-1.45263671875,-0.244140625,-1.0498046875,-0.048828125,0.42724609375,-0.1953125,0.2685546875,0.03662109375,-0.06103515625,-0.06103515625,-0.10986328125,-0.13427734375,0.06103515625,-0.2197265625,-0.146484375,-0.1708984375,0.8056640625,0.32958984375,-0.5126953125,0.01220703125,-0.52490234375
1,-0.5126953125,-0.35400390625,0.1953125,-0.3173828125,0.15869140625,-0.45166015625,0.1953125,-0.0244140625,0.0244140625,-0.0732421875,-0.18310546875,-0.91552734375,-0.08544921875,1.0009765625,0.03662109375,-0.25634765625,-0.048828125,-0.87890625,0,-0.35400390625,-0.32958984375,0.68359375,-0.03662109375,-0.96435546875,-0.0244140625,-0.23193359375,0.06103515625,-0.8056640625,0.048828125,0.89111328125,-0.1220703125,0.25634765625,0.2197265625,-0.28076171875,-0.341796875,-0.84228515625,-0.48828125,-0.4150390625,0.06103515625,-0.7568359375,-0.20751953125,-0.2197265625,-0.146484375,-0.52490234375,-0.10986328125,-0.30517578125,-0.1708984375,0.59814453125,-0.10986328125,1.11083984375,-0.146484375,0.6591796875,-0.18310546875,-0.146484375,-0.06103515625,0.76904296875,0.0732421875,0.79345703125,-0.18310546875,0.7568359375,0.30517578125,0.87890625,-0.1220703125,0.64697265625,0.341796875,0.1953125,0.15869140625,1.0498046875,0.13427734375,0.18310546875,-0.06103515625,0.2197265625,0.0732421875,0.28076171875,-0.1953125,0.91552734375,0.244140625,0.0244140625,-0.15869140625,1.33056640625,0.2685546875,-0.96435546875,0.0732421875,-0.32958984375,-0.048828125,-1.025390625,0.439453125,-0.78125,0.01220703125,-1.52587890625,-0.08544921875,-0.25634765625,0.1708984375,-0.28076171875,-0.048828125,-1.18408203125,-0.10986328125,4.8095703125,-0.20751953125,4.9560546875,-0.06103515625,3.61328125,0.15869140625,10.2294921875,0.06103515625,-0.1953125,-0.1953125,-1.4404296875,-0.2197265625,-1.03759765625,0.01220703125,0.4150390625,-0.18310546875,0.28076171875,0.0732421875,-0.03662109375,-0.06103515625,-0.10986328125,-0.13427734375,0.06103515625,-0.20751953125,-0.10986328125,-0.2197265625,0.830078125,0.32958984375,-0.50048828125,-0.01220703125,-0.5126953125
1,-0.537109375,-0.37841796875,0.15869140625,-0.30517578125,0.146484375,-0.4638671875,0.20751953125,-0.048828125,0,-0.06103515625,-0.1953125,-0.93994140625,-0.06103515625,1.0009765625,0.06103515625,-0.2685546875,-0.01220703125,-0.86669921875,-0.048828125,-0.35400390625,-0.244140625,0.69580078125,-0.0244140625,-0.9521484375,0.048828125,-0.20751953125,0.01220703125,-0.81787109375,-0.01220703125,0.87890625,-0.1708984375,0.25634765625,0.13427734375,-0.3173828125,-0.4638671875,-0.927734375,-0.50048828125,-0.40283203125,0,-0.7568359375,-0.1953125,-0.20751953125,-0.28076171875,-0.52490234375,-0.18310546875,-0.37841796875,-0.2685546875,0.62255859375,-0.09765625,1.123046875,-0.1708984375,0.69580078125,-0.09765625,-0.1708984375,-0.03662109375,0.76904296875,0.0732421875,1.123046875,-0.13427734375,1.01318359375,0.341796875,1.0986328125,-0.1220703125,0.9521484375,0.28076171875,0.244140625,0.0732421875,1.0498046875,0.1220703125,0.2197265625,-0.08544921875,0.20751953125,0.0244140625,0.29296875,-0.1953125,0.87890625,0.29296875,0.03662109375,-0.20751953125,1.33056640625,0.29296875,-0.9521484375,0.08544921875,-0.3173828125,-0.03662109375,-1.01318359375,0.3662109375,-0.78125,0,-1.5380859375,0.01220703125,-0.2685546875,0.18310546875,-0.29296875,0.01220703125,-1.1962890625,-0.1220703125,5.48095703125,-0.1708984375,5.517578125,-0.09765625,4.1015625,0.28076171875,11.2548828125,-0.0244140625,-0.09765625,-0.18310546875,-1.42822265625,-0.2197265625,-1.0498046875,0.03662109375,0.42724609375,-0.1953125,0.2685546875,0.06103515625,-0.03662109375,-0.048828125,-0.10986328125,-0.09765625,0.048828125,-0.20751953125,-0.10986328125,-0.20751953125,0.830078125,0.2685546875,-0.47607421875,-0.08544921875,-0.48828125
1,-0.5615234375,-0.37841796875,0.2197265625,-0.30517578125,0.1708984375,-0.439453125,0.2197265625,-0.0244140625,-0.0244140625,-0.06103515625,-0.1953125,-0.93994140625,-0.048828125,0.98876953125,0.048828125,-0.29296875,0.048828125,-0.86669921875,-0.10986328125,-0.35400390625,-0.1220703125,0.69580078125,0.0244140625,-0.93994140625,0.10986328125,-0.18310546875,-0.0732421875,-0.8056640625,-0.1220703125,0.87890625,-0.18310546875,0.244140625,-0.01220703125,-0.35400390625,-0.52490234375,-1.025390625,-0.50048828125,-0.45166015625,0,-0.7568359375,-0.13427734375,-0.18310546875,-0.40283203125,-0.5126953125,-0.23193359375,-0.4150390625,-0.2685546875,0.59814453125,-0.06103515625,1.15966796875,-0.20751953125,0.732421875,-0.06103515625,-0.2197265625,-0.03662109375,0.7568359375,-0.01220703125,1.57470703125,-0.20751953125,1.30615234375,0.32958984375,1.35498046875,-0.1708984375,1.3427734375,0.23193359375,0.28076171875,0,1.0498046875,0.08544921875,0.2197265625,-0.13427734375,0.1953125,-0.0244140625,0.28076171875,-0.20751953125,0.84228515625,0.30517578125,0.048828125,-0.23193359375,1.33056640625,0.2685546875,-0.96435546875,0.09765625,-0.341796875,0,-1.025390625,0.1953125,-0.78125,0,-1.5380859375,0.0732421875,-0.2685546875,0.1220703125,-0.29296875,0.09765625,-1.1962890625,-0.09765625,5.859375,-0.03662109375,5.82275390625,-0.10986328125,4.39453125,0.18310546875,11.85302734375,-0.13427734375,-0.0244140625,-0.146484375,-1.4404296875,-0.18310546875,-1.0498046875,0.06103515625,0.439453125,-0.2197265625,0.25634765625,0.0732421875,-0.01220703125,-0.0732421875,-0.08544921875,-0.08544921875,0.06103515625,-0.23193359375,-0.0732421875,-0.23193359375,0.81787109375,0.1953125,-0.47607421875,-0.1220703125,-0.50048828125
1,-0.5615234375,-0.40283203125,0.2685546875,-0.29296875,0.18310546875,-0.42724609375,0.244140625,-0.01220703125,-0.0244140625,-0.06103515625,-0.18310546875,-0.93994140625,0.01220703125,1.0009765625,0.0732421875,-0.25634765625,0.08544921875,-0.84228515625,-0.08544921875,-0.3662109375,0,0.7080078125,0.048828125,-0.9521484375,0.15869140625,-0.15869140625,-0.13427734375,-0.8056640625,-0.23193359375,0.87890625,-0.244140625,0.23193359375,-0.18310546875,-0.37841796875,-0.6103515625,-1.025390625,-0.4150390625,-0.439453125,-0.0244140625,-0.7568359375,-0.01220703125,-0.146484375,-0.45166015625,-0.5615234375,-0.25634765625,-0.439453125,-0.341796875,0.6103515625,-0.0244140625,1.1962890625,-0.23193359375,0.74462890625,-0.0244140625,-0.25634765625,-0.03662109375,0.74462890625,-0.048828125,2.05078125,-0.23193359375,1.62353515625,0.37841796875,1.5869140625,-0.1953125,1.77001953125,0.15869140625,0.30517578125,-0.06103515625,1.07421875,0.048828125,0.23193359375,-0.13427734375,0.20751953125,-0.08544921875,0.25634765625,-0.20751953125,0.84228515625,0.35400390625,0.03662109375,-0.29296875,1.3427734375,0.23193359375,-0.9521484375,0.0732421875,-0.32958984375,0.0244140625,-1.01318359375,-0.01220703125,-0.78125,0,-1.55029296875,0.1220703125,-0.25634765625,0.06103515625,-0.30517578125,0.2197265625,-1.15966796875,-0.10986328125,5.9326171875,0.0244140625,5.8837890625,-0.1708984375,4.40673828125,0,11.95068359375,-0.20751953125,0.0244140625,-0.0732421875,-1.46484375,-0.2197265625,-1.0498046875,0.03662109375,0.42724609375,-0.23193359375,0.2685546875,0.06103515625,-0.0244140625,-0.0732421875,-0.0732421875,-0.0732421875,0.0732421875,-0.20751953125,-0.048828125,-0.2197265625,0.830078125,0.15869140625,-0.48828125,-0.1708984375,-0.48828125
1,-0.54931640625,-0.40283203125,0.28076171875,-0.28076171875,0.20751953125,-0.4150390625,0.25634765625,-0.01220703125,-0.03662109375,-0.048828125,-0.18310546875,-0.927734375,0.03662109375,1.025390625,0.048828125,-0.25634765625,0.09765625,-0.84228515625,0,-0.37841796875,0.10986328125,0.7080078125,0.048828125,-0.93994140625,0.13427734375,-0.15869140625,-0.1953125,-0.81787109375,-0.35400390625,0.87890625,-0.28076171875,0.23193359375,-0.32958984375,-0.390625,-0.62255859375,-1.0009765625,-0.32958984375,-0.45166015625,-0.0732421875,-0.7568359375,0.09765625,-0.15869140625,-0.5126953125,-0.5859375,-0.2197265625,-0.42724609375,-0.390625,0.6103515625,0,1.171875,-0.23193359375,0.72021484375,-0.01220703125,-0.2685546875,-0.0244140625,0.732421875,-0.09765625,2.45361328125,-0.2197265625,1.86767578125,0.4150390625,1.77001953125,-0.2685546875,2.1240234375,0.09765625,0.30517578125,-0.10986328125,1.07421875,0.01220703125,0.23193359375,-0.13427734375,0.1953125,-0.1220703125,0.25634765625,-0.1953125,0.8544921875,0.390625,0.0244140625,-0.29296875,1.35498046875,0.1953125,-0.96435546875,0.048828125,-0.3173828125,0.0244140625,-1.01318359375,-0.18310546875,-0.79345703125,0.06103515625,-1.55029296875,0.146484375,-0.25634765625,0.0244140625,-0.30517578125,0.32958984375,-1.171875,-0.06103515625,5.74951171875,0.03662109375,5.6640625,-0.18310546875,4.248046875,-0.146484375,11.5966796875,-0.29296875,0.0244140625,0.01220703125,-1.45263671875,-0.25634765625,-1.06201171875,-0.0244140625,0.4150390625,-0.23193359375,0.25634765625,0.048828125,-0.0244140625,-0.06103515625,-0.048828125,-0.06103515625,0.0732421875,-0.20751953125,-0.048828125,-0.23193359375,0.81787109375,0.13427734375,-0.47607421875,-0.244140625,-0.52490234375
1,-0.57373046875,-0.390625,0.2197265625,-0.28076171875,0.15869140625,-0.390625,0.25634765625,-0.01220703125,-0.03662109375,-0.06103515625,-0.18310546875,-0.927734375,0.09765625,1.0009765625,0.06103515625,-0.244140625,0.09765625,-0.84228515625,0.09765625,-0.3662109375,0.1953125,0.7080078125,0.03662109375,-0.91552734375,0.1220703125,-0.1708984375,-0.23193359375,-0.830078125,-0.40283203125,0.86669921875,-0.32958984375,0.23193359375,-0.32958984375,-0.3662109375,-0.634765625,-0.9521484375,-0.1953125,-0.45166015625,-0.0732421875,-0.74462890625,0.1953125,-0.15869140625,-0.5126953125,-0.62255859375,-0.146484375,-0.390625,-0.4638671875,0.6591796875,0,1.18408203125,-0.18310546875,0.72021484375,0.01220703125,-0.25634765625,-0.0244140625,0.69580078125,-0.146484375,2.734375,-0.244140625,2.03857421875,0.35400390625,1.91650390625,-0.29296875,2.38037109375,0.0732421875,0.30517578125,-0.1953125,1.0498046875,-0.03662109375,0.244140625,-0.146484375,0.1953125,-0.146484375,0.244140625,-0.15869140625,0.86669921875,0.37841796875,0.0244140625,-0.30517578125,1.3427734375,0.146484375,-0.96435546875,0.03662109375,-0.341796875,-0.0244140625,-0.98876953125,-0.3173828125,-0.78125,0.048828125,-1.5625,0.13427734375,-0.25634765625,0.01220703125,-0.30517578125,0.40283203125,-1.1474609375,-0.06103515625,5.37109375,0.0732421875,5.26123046875,-0.1953125,3.90625,-0.244140625,10.888671875,-0.25634765625,0.0244140625,0.06103515625,-1.46484375,-0.28076171875,-1.06201171875,-0.08544921875,0.4150390625,-0.1953125,0.25634765625,0.048828125,-0.0244140625,-0.06103515625,-0.048828125,-0.048828125,0.08544921875,-0.23193359375,-0.09765625,-0.23193359375,0.81787109375,0.10986328125,-0.47607421875,-0.28076171875,-0.537109375
1,-0.54931640625,-0.37841796875,0.244140625,-0.29296875,0.1220703125,-0.37841796875,0.244140625,0,-0.03662109375,-0.0732421875,-0.18310546875,-0.9521484375,0.09765625,1.03759765625,0.048828125,-0.25634765625,0.048828125,-0.84228515625,0.244140625,-0.35400390625,0.23193359375,0.69580078125,0.06103515625,-0.93994140625,0.10986328125,-0.15869140625,-0.244140625,-0.81787109375,-0.37841796875,0.87890625,-0.35400390625,0.20751953125,-0.25634765625,-0.30517578125,-0.6103515625,-0.86669921875,-0.0732421875,-0.42724609375,-0.09765625,-0.74462890625,0.28076171875,-0.146484375,-0.4638671875,-0.67138671875,-0.0732421875,-0.341796875,-0.57373046875,0.68359375,-0.01220703125,1.18408203125,-0.1220703125,0.68359375,0.03662109375,-0.244140625,-0.0244140625,0.69580078125,-0.1953125,2.81982421875,-0.25634765625,2.11181640625,0.25634765625,1.953125,-0.29296875,2.4658203125,-0.01220703125,0.29296875,-0.20751953125,1.0498046875,-0.09765625,0.25634765625,-0.10986328125,0.18310546875,-0.20751953125,0.244140625,-0.1220703125,0.9033203125,0.390625,0.0244140625,-0.28076171875,1.33056640625,0.0732421875,-0.9765625,0,-0.341796875,-0.1220703125,-0.98876953125,-0.341796875,-0.8056640625,0.06103515625,-1.5625,0.09765625,-0.244140625,0,-0.30517578125,0.45166015625,-1.1474609375,-0.048828125,4.8583984375,0,4.7119140625,-0.1953125,3.4423828125,-0.30517578125,9.9365234375,-0.15869140625,-0.048828125,0.1220703125,-1.47705078125,-0.28076171875,-1.06201171875,-0.09765625,0.40283203125,-0.20751953125,0.2685546875,0.03662109375,-0.048828125,-0.0732421875,-0.06103515625,-0.03662109375,0.09765625,-0.25634765625,-0.13427734375,-0.23193359375,0.81787109375,0.09765625,-0.50048828125,-0.32958984375,-0.54931640625
1,-0.59814453125,-0.390625,0.1708984375,-0.29296875,0.0732421875,-0.3662109375,0.23193359375,-0.01220703125,-0.06103515625,-0.08544921875,-0.2197265625,-0.93994140625,0.1220703125,1.0498046875,0.03662109375,-0.23193359375,0.03662109375,-0.84228515625,0.32958984375,-0.35400390625,0.23193359375,0.69580078125,0.08544921875,-0.9521484375,0.048828125,-0.1953125,-0.244140625,-0.81787109375,-0.32958984375,0.86669921875,-0.3662109375,0.2197265625,-0.1220703125,-0.25634765625,-0.5615234375,-0.76904296875,0.0244140625,-0.4150390625,-0.0732421875,-0.7568359375,0.3173828125,-0.15869140625,-0.341796875,-0.69580078125,-0.0244140625,-0.25634765625,-0.5126953125,0.67138671875,-0.0244140625,1.18408203125,-0.08544921875,0.634765625,-0.01220703125,-0.18310546875,-0.0732421875,0.7080078125,-0.23193359375,2.7099609375,-0.244140625,2.06298828125,0.048828125,1.904296875,-0.244140625,2.42919921875,-0.0732421875,0.2685546875,-0.2197265625,1.0498046875,-0.1220703125,0.244140625,-0.06103515625,0.1953125,-0.23193359375,0.23193359375,-0.08544921875,0.91552734375,0.40283203125,0.0244140625,-0.28076171875,1.35498046875,0.03662109375,-0.98876953125,-0.03662109375,-0.35400390625,-0.2197265625,-0.96435546875,-0.30517578125,-0.8056640625,0.048828125,-1.5380859375,0.01220703125,-0.25634765625,0.0244140625,-0.30517578125,0.3662109375,-1.13525390625,-0.03662109375,4.2236328125,-0.09765625,4.1015625,-0.1708984375,2.9296875,-0.32958984375,8.87451171875,-0.03662109375,-0.13427734375,0.1220703125,-1.47705078125,-0.2197265625,-1.07421875,-0.09765625,0.4150390625,-0.1708984375,0.30517578125,0.03662109375,-0.03662109375,-0.08544921875,-0.06103515625,0,0.09765625,-0.25634765625,-0.146484375,-0.23193359375,0.81787109375,0.06103515625,-0.50048828125,-0.3173828125,-0.54931640625
1,-0.59814453125,-0.390625,0.23193359375,-0.29296875,0.0732421875,-0.390625,0.20751953125,-0.01220703125,-0.03662109375,-0.0732421875,-0.20751953125,-0.927734375,0.146484375,1.06201171875,0,-0.23193359375,-0.0244140625,-0.84228515625,0.4150390625,-0.35400390625,0.13427734375,0.64697265625,0.1708984375,-0.9521484375,0,-0.1953125,-0.1953125,-0.81787109375,-0.25634765625,0.8544921875,-0.341796875,0.20751953125,0.06103515625,-0.1953125,-0.4638671875,-0.74462890625,0.08544921875,-0.4150390625,-0.0732421875,-0.7568359375,0.29296875,-0.18310546875,-0.20751953125,-0.72021484375,0.03662109375,-0.2197265625,-0.47607421875,0.64697265625,0,1.15966796875,-0.08544921875,0.5859375,-0.048828125,-0.13427734375,-0.0732421875,0.7080078125,-0.25634765625,2.4658203125,-0.2197265625,1.94091796875,-0.1220703125,1.806640625,-0.13427734375,2.2705078125,-0.1220703125,0.244140625,-0.25634765625,1.03759765625,-0.146484375,0.23193359375,-0.01220703125,0.18310546875,-0.30517578125,0.25634765625,-0.03662109375,0.93994140625,0.40283203125,0.01220703125,-0.20751953125,1.33056640625,0.01220703125,-0.98876953125,-0.0732421875,-0.35400390625,-0.3173828125,-0.9765625,-0.1953125,-0.79345703125,0.0244140625,-1.5380859375,-0.08544921875,-0.28076171875,0.03662109375,-0.30517578125,0.20751953125,-1.13525390625,-0.03662109375,3.62548828125,-0.20751953125,3.515625,-0.08544921875,2.42919921875,-0.341796875,7.80029296875,0.10986328125,-0.23193359375,0.13427734375,-1.47705078125,-0.146484375,-1.06201171875,-0.15869140625,0.40283203125,-0.1708984375,0.32958984375,0.0244140625,-0.0732421875,-0.0732421875,-0.06103515625,0.03662109375,0.10986328125,-0.25634765625,-0.13427734375,-0.20751953125,0.84228515625,0.06103515625,-0.50048828125,-0.30517578125,-0.57373046875
1,-0.6103515625,-0.3662109375,0.15869140625,-0.30517578125,0.10986328125,-0.40283203125,0.20751953125,0,-0.03662109375,-0.0732421875,-0.2197265625,-0.927734375,0.1708984375,1.06201171875,0.03662109375,-0.23193359375,-0.03662109375,-0.84228515625,0.45166015625,-0.35400390625,-0.0244140625,0.64697265625,0.3173828125,-0.93994140625,-0.0732421875,-0.2197265625,-0.1708984375,-0.79345703125,-0.18310546875,0.8544921875,-0.29296875,0.2197265625,0.23193359375,-0.2197265625,-0.3662109375,-0.7080078125,0.1220703125,-0.4150390625,-0.048828125,-0.76904296875,0.28076171875,-0.2197265625,-0.09765625,-0.7080078125,0.08544921875,-0.28076171875,-0.40283203125,0.6591796875,-0.0244140625,1.123046875,-0.08544921875,0.52490234375,-0.10986328125,-0.10986328125,-0.0732421875,0.7080078125,-0.244140625,2.16064453125,-0.146484375,1.79443359375,-0.244140625,1.66015625,-0.09765625,2.03857421875,-0.18310546875,0.2197265625,-0.25634765625,1.025390625,-0.18310546875,0.23193359375,0.0244140625,0.1708984375,-0.35400390625,0.2685546875,-0.01220703125,0.9521484375,0.390625,0.0244140625,-0.146484375,1.33056640625,0,-0.98876953125,-0.10986328125,-0.341796875,-0.390625,-0.9765625,-0.0244140625,-0.8056640625,0.03662109375,-1.52587890625,-0.1708984375,-0.29296875,0.03662109375,-0.2685546875,0.06103515625,-1.1474609375,-0.0244140625,3.08837890625,-0.3173828125,2.99072265625,0,2.001953125,-0.35400390625,6.82373046875,0.2197265625,-0.341796875,0.1708984375,-1.47705078125,-0.10986328125,-1.06201171875,-0.1708984375,0.37841796875,-0.146484375,0.341796875,0.0244140625,-0.0732421875,-0.06103515625,-0.08544921875,0.0732421875,0.10986328125,-0.25634765625,-0.15869140625,-0.244140625,0.8544921875,0.08544921875,-0.48828125,-0.23193359375,-0.54931640625
1,-0.6103515625,-0.37841796875,0.18310546875,-0.29296875,0.08544921875,-0.40283203125,0.1708984375,0,-0.0244140625,-0.08544921875,-0.23193359375,-0.9033203125,0.18310546875,1.03759765625,0.01220703125,-0.244140625,-0.01220703125,-0.8544921875,0.4150390625,-0.35400390625,-0.15869140625,0.64697265625,0.45166015625,-0.9521484375,-0.10986328125,-0.2197265625,-0.146484375,-0.81787109375,-0.09765625,0.8544921875,-0.25634765625,0.2197265625,0.28076171875,-0.20751953125,-0.244140625,-0.7080078125,0.06103515625,-0.4150390625,0,-0.7568359375,0.2685546875,-0.20751953125,-0.0244140625,-0.7080078125,0.03662109375,-0.25634765625,-0.29296875,0.6591796875,0,1.123046875,0.01220703125,0.47607421875,-0.1220703125,-0.0732421875,-0.0732421875,0.72021484375,-0.20751953125,1.84326171875,-0.06103515625,1.6357421875,-0.35400390625,1.52587890625,-0.048828125,1.806640625,-0.18310546875,0.20751953125,-0.25634765625,1.025390625,-0.23193359375,0.2197265625,0.0244140625,0.18310546875,-0.3662109375,0.2685546875,0.01220703125,0.9521484375,0.390625,0.01220703125,-0.06103515625,1.318359375,0.03662109375,-0.98876953125,-0.1220703125,-0.3662109375,-0.32958984375,-0.98876953125,0.08544921875,-0.8056640625,0,-1.52587890625,-0.1953125,-0.29296875,0.06103515625,-0.28076171875,-0.09765625,-1.1474609375,-0.01220703125,2.62451171875,-0.341796875,2.5634765625,0.08544921875,1.6357421875,-0.32958984375,6.0302734375,0.25634765625,-0.42724609375,0.18310546875,-1.47705078125,-0.0732421875,-1.03759765625,-0.20751953125,0.390625,-0.1220703125,0.341796875,0,-0.0732421875,-0.0732421875,-0.08544921875,0.09765625,0.09765625,-0.244140625,-0.1220703125,-0.23193359375,0.86669921875,0.146484375,-0.48828125,-0.15869140625,-0.54931640625
0,-0.5859375,-0.37841796875,0.20751953125,-0.28076171875,0.0732421875,-0.4150390625,0.146484375,0.03662109375,0,-0.09765625,-0.244140625,-0.89111328125,0.18310546875,1.01318359375,0.0244140625,-0.23193359375,0,-0.8544921875,0.30517578125,-0.341796875,-0.25634765625,0.634765625,0.52490234375,-0.9521484375,-0.10986328125,-0.2197265625,-0.08544921875,-0.79345703125,-0.06103515625,0.84228515625,-0.15869140625,0.23193359375,0.244140625,-0.2197265625,-0.15869140625,-0.7568359375,-0.01220703125,-0.4150390625,0.01220703125,-0.78125,0.23193359375,-0.244140625,-0.09765625,-0.67138671875,0.01220703125,-0.25634765625,-0.3173828125,0.6591796875,-0.048828125,1.11083984375,0.1220703125,0.42724609375,-0.13427734375,-0.0732421875,-0.048828125,0.7080078125,-0.13427734375,1.59912109375,0.048828125,1.5625,-0.40283203125,1.4404296875,0.01220703125,1.611328125,-0.23193359375,0.20751953125,-0.18310546875,1.03759765625,-0.20751953125,0.20751953125,0.0244140625,0.1953125,-0.390625,0.2685546875,0.01220703125,0.91552734375,0.35400390625,0.0244140625,0.0244140625,1.33056640625,0.03662109375,-0.98876953125,-0.10986328125,-0.3662109375,-0.1953125,-0.98876953125,0.1708984375,-0.78125,-0.06103515625,-1.5380859375,-0.1953125,-0.30517578125,0,-0.29296875,-0.1708984375,-1.18408203125,-0.01220703125,2.28271484375,-0.30517578125,2.24609375,0.15869140625,1.40380859375,-0.28076171875,5.40771484375,0.2685546875,-0.5126953125,0.15869140625,-1.47705078125,-0.09765625,-1.0498046875,-0.2197265625,0.40283203125,-0.1220703125,0.35400390625,0,-0.0732421875,-0.06103515625,-0.0732421875,0.09765625,0.08544921875,-0.244140625,-0.09765625,-0.23193359375,0.8544921875,0.23193359375,-0.4638671875,-0.10986328125,-0.52490234375
0,-0.5859375,-0.37841796875,0.2197265625,-0.25634765625,0.06103515625,-0.4150390625,0.13427734375,0.0244140625,0.01220703125,-0.10986328125,-0.2197265625,-0.9033203125,0.20751953125,1.01318359375,0,-0.23193359375,-0.01220703125,-0.86669921875,0.20751953125,-0.32958984375,-0.28076171875,0.64697265625,0.50048828125,-0.93994140625,-0.09765625,-0.20751953125,-0.03662109375,-0.78125,-0.0244140625,0.8544921875,-0.01220703125,0.23193359375,0.1708984375,-0.29296875,-0.08544921875,-0.830078125,-0.08544921875,-0.42724609375,0.0244140625,-0.78125,0.20751953125,-0.23193359375,-0.1953125,-0.64697265625,-0.01220703125,-0.35400390625,-0.28076171875,0.62255859375,-0.0732421875,1.123046875,0.1708984375,0.40283203125,-0.09765625,-0.13427734375,-0.08544921875,0.69580078125,-0.1953125,1.50146484375,0.146484375,1.50146484375,-0.4638671875,1.416015625,0.01220703125,1.52587890625,-0.28076171875,0.2197265625,-0.1220703125,1.03759765625,-0.20751953125,0.20751953125,-0.0244140625,0.1708984375,-0.3662109375,0.2685546875,0.048828125,0.87890625,0.341796875,0.01220703125,0.0732421875,1.3427734375,0.09765625,-1.0009765625,-0.08544921875,-0.3662109375,-0.03662109375,-1.0009765625,0.1953125,-0.79345703125,-0.1220703125,-1.52587890625,-0.146484375,-0.29296875,-0.048828125,-0.30517578125,-0.1708984375,-1.171875,-0.03662109375,2.0263671875,-0.20751953125,2.01416015625,0.1708984375,1.1962890625,-0.18310546875,4.9560546875,0.1708984375,-0.5615234375,0.1220703125,-1.4892578125,-0.09765625,-1.0498046875,-0.13427734375,0.4150390625,-0.09765625,0.3662109375,0.01220703125,-0.0732421875,-0.0732421875,-0.06103515625,0.08544921875,0.08544921875,-0.1953125,-0.06103515625,-0.1953125,0.87890625,0.32958984375,-0.4638671875,-0.01220703125,-0.48828125
0,-0.6103515625,-0.390625,0.1708984375,-0.2685546875,0.06103515625,-0.4150390625,0.10986328125,0.01220703125,0,-0.08544921875,-0.2197265625,-0.9033203125,0.2197265625,1.01318359375,0,-0.25634765625,-0.06103515625,-0.84228515625,0.08544921875,-0.3173828125,-0.2197265625,0.67138671875,0.341796875,-0.927734375,-0.048828125,-0.1953125,0,-0.79345703125,0,0.8544921875,0.048828125,0.23193359375,0.09765625,-0.3662109375,-0.0732421875,-0.89111328125,-0.1953125,-0.4150390625,0.0244140625,-0.76904296875,0.15869140625,-0.1953125,-0.3662109375,-0.62255859375,0,-0.4150390625,-0.2685546875,0.64697265625,-0.10986328125,1.13525390625,0.1953125,0.390625,-0.048828125,-0.146484375,-0.10986328125,0.69580078125,-0.15869140625,1.513671875,0.28076171875,1.55029296875,-0.47607421875,1.4404296875,0.08544921875,1.513671875,-0.25634765625,0.23193359375,-0.08544921875,1.03759765625,-0.15869140625,0.18310546875,-0.03662109375,0.18310546875,-0.3662109375,0.2685546875,0.0732421875,0.86669921875,0.3173828125,0.01220703125,0.08544921875,1.318359375,0.09765625,-1.0009765625,-0.0732421875,-0.3662109375,0.1220703125,-1.0009765625,0.13427734375,-0.79345703125,-0.18310546875,-1.5380859375,-0.13427734375,-0.30517578125,-0.15869140625,-0.30517578125,-0.09765625,-1.18408203125,-0.09765625,1.79443359375,-0.10986328125,1.806640625,0.1953125,1.06201171875,-0.06103515625,4.60205078125,0.06103515625,-0.59814453125,0.0732421875,-1.47705078125,-0.048828125,-1.03759765625,-0.08544921875,0.4150390625,-0.06103515625,0.35400390625,0.0244140625,-0.048828125,-0.06103515625,-0.048828125,0.0732421875,0.10986328125,-0.18310546875,-0.048828125,-0.15869140625,0.86669921875,0.37841796875,-0.45166015625,-0.01220703125,-0.48828125
0,-0.59814453125,-0.40283203125,0.13427734375,-0.29296875,0.06103515625,-0.439453125,0.10986328125,0,-0.01220703125,-0.10986328125,-0.20751953125,-0.89111328125,0.25634765625,1.0009765625,0.01220703125,-0.28076171875,-0.09765625,-0.84228515625,0.01220703125,-0.32958984375,-0.18310546875,0.68359375,0.13427734375,-0.927734375,0.0244140625,-0.1953125,0,-0.8056640625,-0.01220703125,0.8544921875,0.13427734375,0.2197265625,0.0244140625,-0.390625,-0.09765625,-0.927734375,-0.28076171875,-0.45166015625,-0.01220703125,-0.7568359375,0.10986328125,-0.18310546875,-0.52490234375,-0.5859375,0.0244140625,-0.42724609375,-0.35400390625,0.6591796875,-0.146484375,1.171875,0.1220703125,0.390625,-0.048828125,-0.18310546875,-0.146484375,0.72021484375,-0.25634765625,1.6357421875,0.244140625,1.59912109375,-0.52490234375,1.52587890625,-0.01220703125,1.57470703125,-0.244140625,0.2685546875,-0.048828125,1.0498046875,-0.09765625,0.18310546875,-0.0732421875,0.18310546875,-0.32958984375,0.25634765625,0.08544921875,0.84228515625,0.30517578125,0.0244140625,0.0732421875,1.35498046875,0.10986328125,-1.01318359375,-0.03662109375,-0.3662109375,0.23193359375,-1.0009765625,0.08544921875,-0.8056640625,-0.23193359375,-1.5380859375,-0.146484375,-0.30517578125,-0.2685546875,-0.30517578125,0.01220703125,-1.171875,-0.18310546875,1.57470703125,0.03662109375,1.5869140625,0.1708984375,0.91552734375,0.03662109375,4.2724609375,-0.0732421875,-0.54931640625,0,-1.4892578125,-0.0244140625,-1.0498046875,-0.048828125,0.4150390625,-0.06103515625,0.341796875,0.048828125,-0.03662109375,-0.0732421875,-0.0244140625,0.048828125,0.1220703125,-0.1708984375,-0.0244140625,-0.13427734375,0.86669921875,0.40283203125,-0.4150390625,-0.0244140625,-0.48828125
0,-0.59814453125,-0.40283203125,0.10986328125,-0.28076171875,0.048828125,-0.4150390625,0.09765625,0,-0.03662109375,-0.10986328125,-0.2197265625,-0.9033203125,0.28076171875,1.03759765625,-0.01220703125,-0.28076171875,-0.146484375,-0.84228515625,-0.0244140625,-0.32958984375,-0.1220703125,0.72021484375,-0.1220703125,-0.9521484375,0.06103515625,-0.18310546875,0.01220703125,-0.81787109375,-0.0244140625,0.8544921875,0.15869140625,0.20751953125,-0.06103515625,-0.37841796875,-0.1708984375,-0.9521484375,-0.30517578125,-0.45166015625,-0.048828125,-0.7568359375,0.0732421875,-0.1708984375,-0.6103515625,-0.59814453125,0.01220703125,-0.42724609375,-0.439453125,0.6591796875,-0.13427734375,1.18408203125,0.10986328125,0.439453125,-0.01220703125,-0.20751953125,-0.1953125,0.732421875,-0.23193359375,1.79443359375,0.2685546875,1.67236328125,-0.439453125,1.5869140625,0.048828125,1.67236328125,-0.1953125,0.28076171875,0.048828125,1.0498046875,-0.0732421875,0.18310546875,-0.1220703125,0.1953125,-0.29296875,0.28076171875,0.08544921875,0.830078125,0.2685546875,0.0244140625,0.06103515625,1.35498046875,0.146484375,-1.025390625,0.01220703125,-0.35400390625,0.2685546875,-1.0009765625,0.0244140625,-0.78125,-0.20751953125,-1.52587890625,-0.1220703125,-0.28076171875,-0.3173828125,-0.3173828125,0.146484375,-1.18408203125,-0.25634765625,1.2939453125,0.0732421875,1.35498046875,0.08544921875,0.732421875,0.03662109375,3.857421875,-0.15869140625,-0.52490234375,-0.048828125,-1.4892578125,-0.0732421875,-1.06201171875,-0.01220703125,0.390625,-0.0244140625,0.32958984375,0.03662109375,-0.0244140625,-0.0732421875,-0.01220703125,0.048828125,0.1220703125,-0.1708984375,-0.0244140625,-0.10986328125,0.84228515625,0.45166015625,-0.4150390625,-0.048828125,-0.48828125
0,-0.6103515625,-0.390625,0.1220703125,-0.29296875,0.048828125,-0.390625,0.09765625,-0.03662109375,-0.06103515625,-0.08544921875,-0.20751953125,-0.91552734375,0.30517578125,1.03759765625,-0.0244140625,-0.25634765625,-0.2197265625,-0.8544921875,-0.01220703125,-0.35400390625,-0.146484375,0.72021484375,-0.29296875,-0.93994140625,0.09765625,-0.1953125,-0.01220703125,-0.79345703125,-0.01220703125,0.86669921875,0.10986328125,0.2197265625,-0.10986328125,-0.37841796875,-0.25634765625,-0.93994140625,-0.341796875,-0.47607421875,-0.146484375,-0.74462890625,-0.0244140625,-0.1708984375,-0.6591796875,-0.59814453125,0.0244140625,-0.42724609375,-0.5615234375,0.68359375,-0.10986328125,1.18408203125,0.03662109375,0.4638671875,0.03662109375,-0.2197265625,-0.2685546875,0.72021484375,-0.1220703125,1.953125,0.32958984375,1.64794921875,-0.35400390625,1.6357421875,0.1708984375,1.7333984375,-0.1220703125,0.29296875,0.13427734375,1.0498046875,-0.06103515625,0.1953125,-0.09765625,0.2197265625,-0.30517578125,0.2685546875,0.048828125,0.8544921875,0.244140625,0.0244140625,0.048828125,1.35498046875,0.1708984375,-1.025390625,0.03662109375,-0.3662109375,0.244140625,-1.025390625,0.01220703125,-0.79345703125,-0.15869140625,-1.57470703125,-0.13427734375,-0.28076171875,-0.28076171875,-0.32958984375,0.1953125,-1.18408203125,-0.1953125,0.91552734375,0.09765625,1.01318359375,0.048828125,0.4638671875,0.01220703125,3.28369140625,-0.1953125,-0.45166015625,-0.1220703125,-1.50146484375,-0.09765625,-1.025390625,0,0.4150390625,0.01220703125,0.32958984375,0.0244140625,-0.0244140625,-0.0732421875,0,0.03662109375,0.146484375,-0.18310546875,-0.03662109375,-0.08544921875,0.84228515625,0.5126953125,-0.40283203125,-0.06103515625,-0.5126953125
0,-0.5859375,-0.4150390625,0.1220703125,-0.29296875,0.0244140625,-0.3662109375,0.10986328125,-0.0244140625,-0.06103515625,-0.08544921875,-0.1953125,-0.927734375,0.32958984375,1.025390625,-0.048828125,-0.244140625,-0.2685546875,-0.84228515625,0.01220703125,-0.341796875,-0.1953125,0.68359375,-0.35400390625,-0.9521484375,0.09765625,-0.1708984375,-0.0244140625,-0.8056640625,-0.0244140625,0.87890625,0.048828125,0.2197265625,-0.10986328125,-0.341796875,-0.37841796875,-0.91552734375,-0.3173828125,-0.47607421875,-0.1708984375,-0.74462890625,-0.10986328125,-0.1708984375,-0.634765625,-0.64697265625,0.03662109375,-0.3662109375,-0.6591796875,0.69580078125,-0.0732421875,1.1962890625,0,0.5126953125,0.0244140625,-0.1953125,-0.3173828125,0.72021484375,-0.1953125,2.03857421875,0.25634765625,1.5869140625,-0.3173828125,1.62353515625,0.06103515625,1.7333984375,-0.06103515625,0.3173828125,0.1953125,1.07421875,-0.048828125,0.23193359375,-0.08544921875,0.23193359375,-0.32958984375,0.2685546875,0.03662109375,0.8544921875,0.23193359375,0.0244140625,0.01220703125,1.35498046875,0.2197265625,-1.025390625,0.0244140625,-0.37841796875,0.1220703125,-1.01318359375,0.0244140625,-0.8056640625,-0.048828125,-1.57470703125,-0.1220703125,-0.25634765625,-0.1953125,-0.3173828125,0.20751953125,-1.171875,-0.146484375,0.45166015625,0.146484375,0.5859375,0.03662109375,0.1220703125,0.0244140625,2.60009765625,-0.1953125,-0.390625,-0.20751953125,-1.513671875,-0.1220703125,-1.0498046875,-0.03662109375,0.37841796875,0.03662109375,0.32958984375,0.01220703125,-0.01220703125,-0.0732421875,-0.0244140625,0.0244140625,0.15869140625,-0.20751953125,-0.0244140625,-0.06103515625,0.81787109375,0.54931640625,-0.4150390625,-0.09765625,-0.50048828125
0,-0.5859375,-0.390625,0.10986328125,-0.28076171875,0.0244140625,-0.3662109375,0.10986328125,-0.03662109375,-0.08544921875,-0.08544921875,-0.18310546875,-0.93994140625,0.3173828125,1.0498046875,-0.06103515625,-0.23193359375,-0.29296875,-0.8544921875,0.0244140625,-0.35400390625,-0.2197265625,0.67138671875,-0.3173828125,-0.9521484375,0.03662109375,-0.18310546875,-0.03662109375,-0.79345703125,0.01220703125,0.87890625,-0.146484375,0.2197265625,-0.0732421875,-0.29296875,-0.57373046875,-0.86669921875,-0.29296875,-0.50048828125,-0.1953125,-0.74462890625,-0.1953125,-0.18310546875,-0.5615234375,-0.67138671875,0.0244140625,-0.341796875,-0.76904296875,0.68359375,0,1.15966796875,-0.09765625,0.537109375,-0.01220703125,-0.18310546875,-0.3662109375,0.732421875,-0.18310546875,2.001953125,0.30517578125,1.46484375,-0.1708984375,1.57470703125,0.1220703125,1.611328125,0.08544921875,0.3173828125,0.25634765625,1.07421875,-0.03662109375,0.244140625,-0.08544921875,0.2197265625,-0.2685546875,0.28076171875,0.03662109375,0.86669921875,0.20751953125,0.01220703125,-0.0244140625,1.35498046875,0.25634765625,-1.025390625,0.01220703125,-0.35400390625,-0.048828125,-1.01318359375,0.08544921875,-0.8056640625,0.048828125,-1.57470703125,-0.10986328125,-0.244140625,-0.03662109375,-0.3173828125,0.15869140625,-1.15966796875,-0.048828125,-0.09765625,0.09765625,0.03662109375,0,-0.29296875,0.0244140625,1.72119140625,-0.1220703125,-0.341796875,-0.25634765625,-1.50146484375,-0.1708984375,-1.06201171875,-0.09765625,0.37841796875,0.01220703125,0.32958984375,0,-0.01220703125,-0.0732421875,-0.0244140625,0.0244140625,0.15869140625,-0.244140625,-0.03662109375,-0.06103515625,0.81787109375,0.5615234375,-0.42724609375,-0.15869140625,-0.5126953125
0,-0.59814453125,-0.37841796875,0.1220703125,-0.29296875,0,-0.37841796875,0.0732421875,0,-0.0732421875,-0.09765625,-0.18310546875,-0.927734375,0.341796875,1.03759765625,-0.03662109375,-0.2197265625,-0.28076171875,-0.8544921875,0.048828125,-0.35400390625,-0.28076171875,0.64697265625,-0.146484375,-0.9521484375,-0.0244140625,-0.18310546875,-0.0732421875,-0.8056640625,0,0.9033203125,-0.30517578125,0.20751953125,0.01220703125,-0.23193359375,-0.7568359375,-0.81787109375,-0.244140625,-0.48828125,-0.244140625,-0.7568359375,-0.23193359375,-0.20751953125,-0.50048828125,-0.7080078125,-0.01220703125,-0.29296875,-0.78125,0.69580078125,0.09765625,1.171875,-0.18310546875,0.5615234375,-0.06103515625,-0.15869140625,-0.4150390625,0.74462890625,-0.23193359375,1.86767578125,0.29296875,1.28173828125,-0.08544921875,1.4404296875,0.1220703125,1.45263671875,0.146484375,0.29296875,0.2685546875,1.07421875,-0.048828125,0.244140625,-0.01220703125,0.23193359375,-0.1953125,0.28076171875,0.048828125,0.87890625,0.1953125,0,-0.08544921875,1.3671875,0.23193359375,-1.0009765625,0.0244140625,-0.3173828125,-0.18310546875,-0.9765625,0.1220703125,-0.79345703125,0.10986328125,-1.55029296875,-0.09765625,-0.25634765625,0.13427734375,-0.32958984375,0.08544921875,-1.1474609375,0.08544921875,-0.68359375,0.048828125,-0.537109375,-0.01220703125,-0.74462890625,0.01220703125,0.7080078125,-0.03662109375,-0.32958984375,-0.29296875,-1.46484375,-0.13427734375,-1.06201171875,-0.13427734375,0.3662109375,0.03662109375,0.32958984375,0.01220703125,-0.0244140625,-0.048828125,-0.048828125,0,0.13427734375,-0.23193359375,-0.03662109375,-0.06103515625,0.830078125,0.537109375,-0.45166015625,-0.2197265625,-0.5126953125
0,-0.57373046875,-0.3662109375,0.13427734375,-0.30517578125,0.03662109375,-0.3662109375,0.09765625,0,-0.10986328125,-0.09765625,-0.15869140625,-0.927734375,0.341796875,1.03759765625,-0.048828125,-0.244140625,-0.244140625,-0.87890625,0.0732421875,-0.341796875,-0.30517578125,0.64697265625,0.03662109375,-0.9521484375,-0.09765625,-0.1953125,-0.09765625,-0.8056640625,-0.03662109375,0.89111328125,-0.47607421875,0.20751953125,0.0244140625,-0.2197265625,-0.86669921875,-0.79345703125,-0.20751953125,-0.48828125,-0.23193359375,-0.78125,-0.244140625,-0.23193359375,-0.37841796875,-0.732421875,-0.0732421875,-0.25634765625,-0.78125,0.68359375,0.15869140625,1.1474609375,-0.23193359375,0.54931640625,-0.1953125,-0.146484375,-0.390625,0.74462890625,-0.25634765625,1.69677734375,0.2685546875,1.123046875,-0.06103515625,1.318359375,0.09765625,1.25732421875,0.1220703125,0.28076171875,0.35400390625,1.06201171875,-0.048828125,0.244140625,0.0244140625,0.23193359375,-0.1220703125,0.2685546875,0.03662109375,0.9033203125,0.1708984375,0,-0.1220703125,1.35498046875,0.20751953125,-0.9765625,0,-0.3173828125,-0.3662109375,-1.0009765625,0.09765625,-0.78125,0.1708984375,-1.5380859375,-0.10986328125,-0.23193359375,0.244140625,-0.30517578125,0.03662109375,-1.123046875,0.15869140625,-1.26953125,0.03662109375,-1.11083984375,-0.03662109375,-1.1962890625,-0.048828125,-0.2685546875,-0.01220703125,-0.32958984375,-0.2685546875,-1.47705078125,-0.10986328125,-1.06201171875,-0.1953125,0.37841796875,0.048828125,0.3173828125,-0.048828125,-0.01220703125,-0.06103515625,-0.06103515625,-0.03662109375,0.09765625,-0.2197265625,-0.01220703125,-0.0732421875,0.84228515625,0.47607421875,-0.47607421875,-0.2685546875,-0.52490234375
0,-0.5859375,-0.37841796875,0.08544921875,-0.3173828125,0.048828125,-0.390625,0.08544921875,-0.01220703125,-0.1220703125,-0.09765625,-0.1708984375,-0.93994140625,0.341796875,1.0498046875,-0.0244140625,-0.23193359375,-0.18310546875,-0.86669921875,0.08544921875,-0.32958984375,-0.28076171875,0.6103515625,0.1953125,-0.9521484375,-0.146484375,-0.20751953125,-0.1220703125,-0.79345703125,-0.08544921875,0.87890625,-0.62255859375,0.20751953125,-0.01220703125,-0.25634765625,-0.87890625,-0.79345703125,-0.1220703125,-0.48828125,-0.2197265625,-0.76904296875,-0.1953125,-0.25634765625,-0.30517578125,-0.7568359375,-0.10986328125,-0.25634765625,-0.7568359375,0.6591796875,0.2685546875,1.13525390625,-0.3173828125,0.52490234375,-0.29296875,-0.13427734375,-0.390625,0.74462890625,-0.30517578125,1.4892578125,0.25634765625,0.98876953125,-0.03662109375,1.1962890625,0.15869140625,1.07421875,0.15869140625,0.23193359375,0.37841796875,1.06201171875,-0.06103515625,0.244140625,0.06103515625,0.23193359375,-0.03662109375,0.2685546875,0.01220703125,0.93994140625,0.1220703125,0.01220703125,-0.1953125,1.35498046875,0.18310546875,-0.96435546875,0,-0.30517578125,-0.40283203125,-0.9765625,0.0732421875,-0.76904296875,0.1953125,-1.55029296875,-0.10986328125,-0.244140625,0.2685546875,-0.29296875,0.01220703125,-1.13525390625,0.18310546875,-1.7333984375,0.0244140625,-1.611328125,0.01220703125,-1.57470703125,-0.15869140625,-1.1962890625,0.01220703125,-0.37841796875,-0.2197265625,-1.46484375,-0.08544921875,-1.03759765625,-0.2685546875,0.390625,0.048828125,0.30517578125,-0.03662109375,-0.01220703125,-0.0732421875,-0.06103515625,-0.048828125,0.08544921875,-0.2197265625,-0.03662109375,-0.09765625,0.84228515625,0.4638671875,-0.47607421875,-0.28076171875,-0.5126953125
0,-0.57373046875,-0.35400390625,0.10986328125,-0.3173828125,0.0732421875,-0.390625,0.0732421875,0,-0.1220703125,-0.08544921875,-0.15869140625,-0.91552734375,0.3662109375,1.0498046875,-0.03662109375,-0.23193359375,-0.0732421875,-0.8544921875,0.1220703125,-0.32958984375,-0.2197265625,0.62255859375,0.30517578125,-0.93994140625,-0.244140625,-0.20751953125,-0.18310546875,-0.79345703125,-0.1708984375,0.87890625,-0.59814453125,0.23193359375,-0.10986328125,-0.244140625,-0.81787109375,-0.79345703125,-0.048828125,-0.47607421875,-0.18310546875,-0.79345703125,-0.1220703125,-0.25634765625,-0.28076171875,-0.76904296875,-0.13427734375,-0.25634765625,-0.69580078125,0.634765625,0.341796875,1.1474609375,-0.3173828125,0.5126953125,-0.35400390625,-0.13427734375,-0.4150390625,0.7568359375,-0.35400390625,1.35498046875,0.20751953125,0.927734375,-0.0732421875,1.1474609375,0.25634765625,0.96435546875,0.15869140625,0.23193359375,0.40283203125,1.03759765625,-0.06103515625,0.2197265625,0.08544921875,0.2197265625,0.048828125,0.29296875,-0.048828125,0.927734375,0.13427734375,0.01220703125,-0.18310546875,1.3427734375,0.1220703125,-0.93994140625,-0.01220703125,-0.3173828125,-0.35400390625,-0.98876953125,0,-0.74462890625,0.1708984375,-1.52587890625,-0.146484375,-0.23193359375,0.25634765625,-0.28076171875,0.0244140625,-1.15966796875,0.1220703125,-2.0751953125,0.06103515625,-1.96533203125,0.01220703125,-1.85546875,-0.25634765625,-1.86767578125,-0.03662109375,-0.4638671875,-0.10986328125,-1.45263671875,-0.0732421875,-1.0498046875,-0.3173828125,0.37841796875,0.03662109375,0.3173828125,-0.048828125,-0.01220703125,-0.0732421875,-0.06103515625,-0.0732421875,0.08544921875,-0.20751953125,-0.01220703125,-0.09765625,0.86669921875,0.439453125,-0.47607421875,-0.28076171875,-0.5126953125
0,-0.5615234375,-0.341796875,0.13427734375,-0.29296875,0.06103515625,-0.42724609375,0.048828125,0,-0.1220703125,-0.0732421875,-0.15869140625,-0.91552734375,0.35400390625,1.06201171875,-0.03662109375,-0.2197265625,0,-0.84228515625,0.13427734375,-0.32958984375,-0.15869140625,0.62255859375,0.30517578125,-0.927734375,-0.29296875,-0.18310546875,-0.20751953125,-0.8056640625,-0.2685546875,0.89111328125,-0.52490234375,0.23193359375,-0.23193359375,-0.25634765625,-0.7080078125,-0.830078125,0.01220703125,-0.50048828125,-0.10986328125,-0.79345703125,-0.01220703125,-0.244140625,-0.28076171875,-0.74462890625,-0.1220703125,-0.28076171875,-0.62255859375,0.64697265625,0.341796875,1.15966796875,-0.2685546875,0.47607421875,-0.40283203125,-0.1953125,-0.4150390625,0.72021484375,-0.2685546875,1.33056640625,0.18310546875,0.9765625,-0.0732421875,1.13525390625,0.37841796875,0.98876953125,0.18310546875,0.20751953125,0.4150390625,1.03759765625,-0.06103515625,0.20751953125,0.08544921875,0.2197265625,0.15869140625,0.28076171875,-0.10986328125,0.91552734375,0.09765625,0.01220703125,-0.15869140625,1.33056640625,0.0732421875,-0.96435546875,-0.0244140625,-0.341796875,-0.2197265625,-0.9765625,-0.10986328125,-0.74462890625,0.146484375,-1.513671875,-0.15869140625,-0.25634765625,0.15869140625,-0.29296875,0.0732421875,-1.15966796875,-0.0244140625,-2.23388671875,0.13427734375,-2.13623046875,0.0244140625,-1.953125,-0.2685546875,-2.25830078125,-0.0732421875,-0.5615234375,0.0244140625,-1.46484375,-0.09765625,-1.0498046875,-0.3662109375,0.40283203125,0.0244140625,0.341796875,-0.06103515625,0,-0.06103515625,-0.048828125,-0.1220703125,0.0732421875,-0.1953125,-0.01220703125,-0.09765625,0.87890625,0.42724609375,-0.48828125,-0.244140625,-0.50048828125
0,-0.52490234375,-0.3662109375,0.13427734375,-0.29296875,0.09765625,-0.42724609375,0.03662109375,0.01220703125,-0.1220703125,-0.0732421875,-0.146484375,-0.9033203125,0.37841796875,1.0498046875,-0.0244140625,-0.2197265625,0.06103515625,-0.8056640625,0.1220703125,-0.30517578125,-0.01220703125,0.64697265625,0.2685546875,-0.93994140625,-0.30517578125,-0.15869140625,-0.1953125,-0.79345703125,-0.35400390625,0.89111328125,-0.390625,0.23193359375,-0.32958984375,-0.3173828125,-0.54931640625,-0.86669921875,0.09765625,-0.47607421875,-0.06103515625,-0.78125,0.13427734375,-0.25634765625,-0.35400390625,-0.7080078125,-0.10986328125,-0.32958984375,-0.57373046875,0.6103515625,0.30517578125,1.18408203125,-0.25634765625,0.42724609375,-0.4150390625,-0.18310546875,-0.4638671875,0.7080078125,-0.23193359375,1.4404296875,0.18310546875,1.15966796875,-0.0732421875,1.23291015625,0.537109375,1.15966796875,0.23193359375,0.20751953125,0.390625,1.025390625,-0.06103515625,0.2197265625,0.09765625,0.20751953125,0.2197265625,0.2685546875,-0.1708984375,0.9033203125,0.0732421875,0.01220703125,-0.1708984375,1.3427734375,0.06103515625,-0.9765625,-0.0244140625,-0.3173828125,-0.03662109375,-0.96435546875,-0.18310546875,-0.72021484375,0.08544921875,-1.52587890625,-0.15869140625,-0.244140625,0.0244140625,-0.29296875,0.0732421875,-1.1474609375,-0.10986328125,-2.197265625,0.1953125,-2.099609375,0.0244140625,-1.9287109375,-0.1953125,-2.3193359375,-0.08544921875,-0.68359375,0.146484375,-1.45263671875,-0.146484375,-1.06201171875,-0.3662109375,0.4150390625,0.01220703125,0.3662109375,-0.03662109375,0.01220703125,-0.0732421875,-0.06103515625,-0.1220703125,0.09765625,-0.1708984375,-0.03662109375,-0.08544921875,0.87890625,0.42724609375,-0.47607421875,-0.244140625,-0.50048828125
1,-0.57373046875,-0.3662109375,0.10986328125,-0.30517578125,0.06103515625,-0.42724609375,0.0244140625,0.01220703125,-0.146484375,-0.0732421875,-0.1220703125,-0.9033203125,0.37841796875,1.03759765625,-0.03662109375,-0.20751953125,0.08544921875,-0.81787109375,0.1220703125,-0.341796875,0.09765625,0.64697265625,0.2197265625,-0.93994140625,-0.3173828125,-0.15869140625,-0.18310546875,-0.8056640625,-0.4150390625,0.87890625,-0.1708984375,0.23193359375,-0.32958984375,-0.35400390625,-0.390625,-0.9033203125,0.15869140625,-0.4638671875,-0.01220703125,-0.7568359375,0.244140625,-0.2197265625,-0.390625,-0.67138671875,-0.01220703125,-0.40283203125,-0.5859375,0.5859375,0.244140625,1.18408203125,-0.1953125,0.42724609375,-0.4150390625,-0.18310546875,-0.50048828125,0.7080078125,-0.25634765625,1.6845703125,0.146484375,1.40380859375,-0.244140625,1.416015625,0.5859375,1.46484375,0.23193359375,0.20751953125,0.341796875,1.025390625,-0.0732421875,0.1953125,0.09765625,0.18310546875,0.2685546875,0.25634765625,-0.23193359375,0.87890625,0.048828125,0.01220703125,-0.13427734375,1.35498046875,0.048828125,-0.96435546875,-0.03662109375,-0.35400390625,0.09765625,-0.9765625,-0.2197265625,-0.74462890625,0.01220703125,-1.5380859375,-0.1953125,-0.25634765625,-0.10986328125,-0.29296875,0.06103515625,-1.171875,-0.23193359375,-1.98974609375,0.18310546875,-1.86767578125,-0.0244140625,-1.7333984375,-0.1953125,-2.03857421875,-0.1220703125,-0.76904296875,0.23193359375,-1.4404296875,-0.15869140625,-1.0498046875,-0.32958984375,0.42724609375,0,0.3662109375,-0.03662109375,-0.0244140625,-0.0732421875,-0.06103515625,-0.13427734375,0.10986328125,-0.146484375,-0.03662109375,-0.048828125,0.8544921875,0.439453125,-0.45166015625,-0.25634765625,-0.4638671875
1,-0.5615234375,-0.3662109375,0.08544921875,-0.29296875,0.048828125,-0.439453125,0.01220703125,0.0244140625,-0.13427734375,-0.0732421875,-0.146484375,-0.89111328125,0.37841796875,1.03759765625,-0.0732421875,-0.20751953125,0.048828125,-0.84228515625,0.15869140625,-0.35400390625,0.13427734375,0.67138671875,0.1708984375,-0.93994140625,-0.28076171875,-0.18310546875,-0.146484375,-0.79345703125,-0.390625,0.87890625,-0.0244140625,0.2197265625,-0.28076171875,-0.390625,-0.25634765625,-0.91552734375,0.1953125,-0.439453125,-0.0244140625,-0.74462890625,0.341796875,-0.1953125,-0.439453125,-0.64697265625,0.09765625,-0.439453125,-0.54931640625,0.62255859375,0.146484375,1.18408203125,-0.1708984375,0.42724609375,-0.4150390625,-0.18310546875,-0.50048828125,0.69580078125,-0.0732421875,2.001953125,0.13427734375,1.6845703125,-0.244140625,1.5869140625,0.68359375,1.81884765625,0.25634765625,0.23193359375,0.25634765625,1.025390625,-0.048828125,0.1953125,0.06103515625,0.1953125,0.25634765625,0.25634765625,-0.2197265625,0.9033203125,0.0244140625,0.0244140625,-0.15869140625,1.3671875,0.03662109375,-0.93994140625,-0.048828125,-0.341796875,0.20751953125,-0.98876953125,-0.25634765625,-0.7568359375,-0.048828125,-1.55029296875,-0.244140625,-0.2685546875,-0.2197265625,-0.30517578125,-0.01220703125,-1.171875,-0.25634765625,-1.6357421875,0.2197265625,-1.52587890625,0.01220703125,-1.45263671875,-0.048828125,-1.513671875,-0.08544921875,-0.81787109375,0.244140625,-1.47705078125,-0.146484375,-1.03759765625,-0.25634765625,0.439453125,0.01220703125,0.390625,-0.03662109375,0,-0.08544921875,-0.0244140625,-0.1220703125,0.1220703125,-0.146484375,-0.01220703125,-0.0244140625,0.87890625,0.439453125,-0.42724609375,-0.244140625,-0.48828125
1,-0.52490234375,-0.37841796875,0.06103515625,-0.30517578125,0.0244140625,-0.439453125,0.01220703125,0,-0.1220703125,-0.048828125,-0.146484375,-0.89111328125,0.4150390625,1.0498046875,-0.10986328125,-0.244140625,-0.01220703125,-0.84228515625,0.18310546875,-0.341796875,0.1708984375,0.69580078125,0.15869140625,-0.93994140625,-0.25634765625,-0.15869140625,-0.0732421875,-0.79345703125,-0.28076171875,0.87890625,0.1220703125,0.23193359375,-0.146484375,-0.3662109375,-0.146484375,-0.927734375,0.1953125,-0.40283203125,-0.01220703125,-0.732421875,0.341796875,-0.15869140625,-0.45166015625,-0.62255859375,0.2197265625,-0.45166015625,-0.5615234375,0.6103515625,0.0732421875,1.171875,-0.09765625,0.439453125,-0.40283203125,-0.15869140625,-0.48828125,0.69580078125,-0.08544921875,2.28271484375,0.10986328125,1.904296875,-0.32958984375,1.74560546875,0.7568359375,2.13623046875,0.2685546875,0.25634765625,0.146484375,1.0498046875,-0.048828125,0.23193359375,0.01220703125,0.18310546875,0.23193359375,0.25634765625,-0.244140625,0.89111328125,0.048828125,0.0244140625,-0.18310546875,1.33056640625,0.0244140625,-0.96435546875,-0.048828125,-0.3662109375,0.244140625,-1.0009765625,-0.1708984375,-0.79345703125,-0.0732421875,-1.5625,-0.3173828125,-0.28076171875,-0.2685546875,-0.29296875,-0.0732421875,-1.1962890625,-0.2685546875,-1.2451171875,0.09765625,-1.0986328125,-0.048828125,-1.171875,0,-0.84228515625,-0.01220703125,-0.86669921875,0.1953125,-1.46484375,-0.146484375,-1.03759765625,-0.18310546875,0.4150390625,0,0.3662109375,-0.048828125,-0.01220703125,-0.06103515625,0.01220703125,-0.10986328125,0.13427734375,-0.13427734375,-0.03662109375,0.01220703125,0.87890625,0.4150390625,-0.42724609375,-0.244140625,-0.4638671875
1,-0.5126953125,-0.390625,0.048828125,-0.3173828125,0.01220703125,-0.4150390625,0.0244140625,-0.01220703125,-0.1220703125,-0.0732421875,-0.146484375,-0.9033203125,0.40283203125,1.0498046875,-0.13427734375,-0.25634765625,-0.08544921875,-0.86669921875,0.1953125,-0.341796875,0.146484375,0.69580078125,0.09765625,-0.96435546875,-0.1708984375,-0.18310546875,0,-0.79345703125,-0.1708984375,0.89111328125,0.15869140625,0.23193359375,-0.01220703125,-0.37841796875,-0.06103515625,-0.9033203125,0.1953125,-0.40283203125,-0.06103515625,-0.74462890625,0.2685546875,-0.10986328125,-0.439453125,-0.6103515625,0.29296875,-0.42724609375,-0.50048828125,0.634765625,0.01220703125,1.1962890625,-0.0244140625,0.48828125,-0.35400390625,-0.146484375,-0.47607421875,0.69580078125,-0.0244140625,2.490234375,0.0732421875,2.01416015625,-0.40283203125,1.8310546875,0.8056640625,2.3681640625,0.23193359375,0.29296875,0.06103515625,1.03759765625,-0.048828125,0.244140625,-0.03662109375,0.20751953125,0.2197265625,0.28076171875,-0.28076171875,0.89111328125,0.06103515625,0.03662109375,-0.2197265625,1.33056640625,0.0732421875,-0.9765625,-0.048828125,-0.37841796875,0.20751953125,-1.0009765625,-0.03662109375,-0.79345703125,-0.048828125,-1.55029296875,-0.35400390625,-0.2685546875,-0.244140625,-0.3173828125,-0.1708984375,-1.20849609375,-0.23193359375,-0.8544921875,-0.06103515625,-0.68359375,-0.06103515625,-0.8544921875,0.01220703125,-0.1708984375,0.06103515625,-0.81787109375,0.09765625,-1.46484375,-0.13427734375,-1.03759765625,-0.10986328125,0.4150390625,0,0.3662109375,-0.03662109375,-0.0244140625,-0.06103515625,-0.01220703125,-0.10986328125,0.13427734375,-0.1220703125,-0.0244140625,0,0.86669921875,0.42724609375,-0.40283203125,-0.20751953125,-0.4638671875
1,-0.45166015625,-0.37841796875,0.03662109375,-0.32958984375,0.01220703125,-0.390625,0.01220703125,0,-0.09765625,-0.08544921875,-0.13427734375,-0.91552734375,0.439453125,1.0498046875,-0.1220703125,-0.25634765625,-0.1220703125,-0.86669921875,0.18310546875,-0.35400390625,0.048828125,0.68359375,0.0244140625,-0.96435546875,-0.13427734375,-0.18310546875,0.03662109375,-0.8056640625,-0.01220703125,0.87890625,0.09765625,0.23193359375,0.09765625,-0.35400390625,-0.03662109375,-0.89111328125,0.13427734375,-0.40283203125,-0.10986328125,-0.72021484375,0.09765625,-0.10986328125,-0.390625,-0.62255859375,0.341796875,-0.40283203125,-0.54931640625,0.6591796875,-0.03662109375,1.1962890625,0.01220703125,0.50048828125,-0.28076171875,-0.1220703125,-0.4150390625,0.732421875,-0.01220703125,2.5634765625,0.048828125,2.0263671875,-0.4150390625,1.8310546875,0.89111328125,2.4169921875,0.1953125,0.30517578125,-0.06103515625,1.03759765625,-0.06103515625,0.244140625,-0.0732421875,0.20751953125,0.18310546875,0.29296875,-0.29296875,0.91552734375,0.1220703125,0.03662109375,-0.25634765625,1.3671875,0.1220703125,-1.0009765625,-0.03662109375,-0.3662109375,0.146484375,-1.01318359375,0.13427734375,-0.79345703125,-0.01220703125,-1.5625,-0.341796875,-0.28076171875,-0.1220703125,-0.32958984375,-0.244140625,-1.2451171875,-0.1220703125,-0.52490234375,-0.08544921875,-0.37841796875,0.01220703125,-0.6103515625,0.146484375,0.390625,0.13427734375,-0.76904296875,-0.03662109375,-1.4892578125,-0.146484375,-1.03759765625,-0.09765625,0.42724609375,-0.01220703125,0.32958984375,-0.048828125,-0.03662109375,-0.0732421875,0,-0.09765625,0.1220703125,-0.13427734375,-0.01220703125,0.01220703125,0.86669921875,0.42724609375,-0.4150390625,-0.1220703125,-0.4638671875
1,-0.42724609375,-0.37841796875,0.01220703125,-0.32958984375,-0.01220703125,-0.40283203125,0,-0.01220703125,-0.0732421875,-0.09765625,-0.146484375,-0.927734375,0.42724609375,1.03759765625,-0.1220703125,-0.29296875,-0.13427734375,-0.8544921875,0.08544921875,-0.35400390625,-0.06103515625,0.69580078125,-0.03662109375,-0.96435546875,-0.09765625,-0.1708984375,0.1220703125,-0.79345703125,0.146484375,0.87890625,0.0244140625,0.23193359375,0.1708984375,-0.29296875,-0.0244140625,-0.86669921875,0.0244140625,-0.390625,-0.15869140625,-0.74462890625,-0.10986328125,-0.1220703125,-0.35400390625,-0.62255859375,0.341796875,-0.341796875,-0.5859375,0.6591796875,-0.06103515625,1.18408203125,0.0732421875,0.537109375,-0.18310546875,-0.1220703125,-0.390625,0.74462890625,0.0244140625,2.50244140625,0.0244140625,1.8798828125,-0.47607421875,1.74560546875,0.93994140625,2.34375,0.1220703125,0.30517578125,-0.1220703125,1.06201171875,-0.048828125,0.25634765625,-0.08544921875,0.2197265625,0.09765625,0.28076171875,-0.25634765625,0.93994140625,0.15869140625,0.0244140625,-0.29296875,1.35498046875,0.1708984375,-1.01318359375,-0.0244140625,-0.390625,0.0732421875,-1.01318359375,0.29296875,-0.830078125,0.03662109375,-1.5625,-0.2685546875,-0.29296875,0.03662109375,-0.35400390625,-0.30517578125,-1.23291015625,-0.1220703125,-0.3173828125,-0.20751953125,-0.146484375,-0.01220703125,-0.47607421875,0.13427734375,0.732421875,0.18310546875,-0.6591796875,-0.15869140625,-1.50146484375,-0.146484375,-1.0498046875,-0.08544921875,0.40283203125,-0.01220703125,0.32958984375,-0.03662109375,-0.0244140625,-0.06103515625,-0.0244140625,-0.0732421875,0.10986328125,-0.1708984375,-0.0244140625,-0.0244140625,0.86669921875,0.390625,-0.439453125,-0.0732421875,-0.4638671875
1,-0.40283203125,-0.37841796875,0.048828125,-0.32958984375,-0.01220703125,-0.40283203125,-0.0244140625,-0.01220703125,-0.06103515625,-0.09765625,-0.146484375,-0.93994140625,0.42724609375,1.0498046875,-0.13427734375,-0.2685546875,-0.146484375,-0.8544921875,-0.03662109375,-0.341796875,-0.1953125,0.68359375,-0.09765625,-0.96435546875,-0.01220703125,-0.1953125,0.1708984375,-0.79345703125,0.23193359375,0.8544921875,-0.06103515625,0.23193359375,0.15869140625,-0.25634765625,-0.06103515625,-0.81787109375,-0.10986328125,-0.439453125,-0.2197265625,-0.72021484375,-0.29296875,-0.15869140625,-0.3662109375,-0.64697265625,0.30517578125,-0.28076171875,-0.59814453125,0.6591796875,-0.09765625,1.171875,0.10986328125,0.5859375,-0.08544921875,-0.13427734375,-0.32958984375,0.732421875,0.10986328125,2.33154296875,0.048828125,1.64794921875,-0.48828125,1.62353515625,0.96435546875,2.099609375,0.08544921875,0.29296875,-0.2197265625,1.03759765625,-0.09765625,0.25634765625,-0.08544921875,0.23193359375,0.0732421875,0.25634765625,-0.244140625,0.927734375,0.15869140625,0.0244140625,-0.32958984375,1.3427734375,0.2197265625,-1.025390625,-0.01220703125,-0.390625,0.03662109375,-1.01318359375,0.3662109375,-0.81787109375,0.0732421875,-1.57470703125,-0.1708984375,-0.29296875,0.2197265625,-0.32958984375,-0.32958984375,-1.20849609375,-0.1708984375,-0.2197265625,-0.3173828125,-0.08544921875,-0.10986328125,-0.45166015625,0.0732421875,0.830078125,0.1220703125,-0.537109375,-0.23193359375,-1.513671875,-0.15869140625,-1.03759765625,-0.048828125,0.40283203125,-0.01220703125,0.3173828125,-0.0244140625,0,-0.06103515625,-0.06103515625,-0.0732421875,0.10986328125,-0.1953125,-0.03662109375,-0.06103515625,0.8544921875,0.32958984375,-0.45166015625,0.01220703125,-0.47607421875
1,-0.40283203125,-0.35400390625,0.0244140625,-0.3173828125,-0.048828125,-0.4150390625,-0.048828125,0,-0.048828125,-0.08544921875,-0.1708984375,-0.93994140625,0.37841796875,1.06201171875,-0.146484375,-0.244140625,-0.09765625,-0.8544921875,-0.13427734375,-0.3662109375,-0.25634765625,0.6591796875,-0.1220703125,-0.9521484375,0.0244140625,-0.1953125,0.1708984375,-0.78125,0.25634765625,0.87890625,-0.146484375,0.23193359375,0.048828125,-0.244140625,-0.1708984375,-0.78125,-0.2197265625,-0.4638671875,-0.25634765625,-0.7568359375,-0.42724609375,-0.1953125,-0.40283203125,-0.69580078125,0.20751953125,-0.23193359375,-0.64697265625,0.6591796875,-0.09765625,1.171875,0.146484375,0.5859375,0,-0.13427734375,-0.2685546875,0.74462890625,0.09765625,2.16064453125,-0.01220703125,1.40380859375,-0.54931640625,1.45263671875,0.8544921875,1.806640625,0.048828125,0.30517578125,-0.29296875,1.03759765625,-0.146484375,0.244140625,-0.08544921875,0.23193359375,0.01220703125,0.29296875,-0.20751953125,1.0009765625,0.15869140625,0,-0.35400390625,1.35498046875,0.23193359375,-1.03759765625,-0.01220703125,-0.37841796875,0,-1.01318359375,0.40283203125,-0.81787109375,0.08544921875,-1.5625,-0.06103515625,-0.29296875,0.30517578125,-0.3173828125,-0.29296875,-1.18408203125,-0.1220703125,-0.25634765625,-0.244140625,-0.10986328125,-0.048828125,-0.47607421875,0.146484375,0.732421875,0.0732421875,-0.40283203125,-0.25634765625,-1.50146484375,-0.10986328125,-1.03759765625,-0.01220703125,0.37841796875,-0.01220703125,0.32958984375,0,-0.01220703125,-0.06103515625,-0.0732421875,-0.048828125,0.09765625,-0.18310546875,-0.0244140625,-0.09765625,0.86669921875,0.244140625,-0.4638671875,0.0244140625,-0.48828125
1,-0.3662109375,-0.341796875,-0.01220703125,-0.30517578125,-0.0244140625,-0.40283203125,-0.0244140625,0,-0.03662109375,-0.0732421875,-0.15869140625,-0.91552734375,0.341796875,1.03759765625,-0.1220703125,-0.23193359375,-0.10986328125,-0.84228515625,-0.23193359375,-0.341796875,-0.2685546875,0.67138671875,-0.1220703125,-0.93994140625,0.08544921875,-0.1953125,0.18310546875,-0.79345703125,0.1953125,0.87890625,-0.15869140625,0.2197265625,-0.06103515625,-0.2685546875,-0.20751953125,-0.78125,-0.29296875,-0.48828125,-0.3173828125,-0.74462890625,-0.48828125,-0.2197265625,-0.50048828125,-0.72021484375,0.1220703125,-0.23193359375,-0.68359375,0.6591796875,-0.08544921875,1.15966796875,0.10986328125,0.5615234375,0.0732421875,-0.1708984375,-0.2197265625,0.74462890625,0.06103515625,2.08740234375,-0.06103515625,1.23291015625,-0.5615234375,1.3916015625,0.7568359375,1.5380859375,-0.03662109375,0.2685546875,-0.3173828125,1.06201171875,-0.18310546875,0.2197265625,-0.048828125,0.2197265625,-0.0732421875,0.28076171875,-0.15869140625,0.96435546875,0.1708984375,-0.01220703125,-0.341796875,1.3427734375,0.23193359375,-1.01318359375,0.03662109375,-0.3662109375,-0.01220703125,-0.98876953125,0.35400390625,-0.79345703125,0.08544921875,-1.55029296875,0.03662109375,-0.28076171875,0.3173828125,-0.28076171875,-0.20751953125,-1.18408203125,-0.15869140625,-0.35400390625,-0.29296875,-0.2197265625,-0.13427734375,-0.57373046875,0.08544921875,0.45166015625,-0.0244140625,-0.2685546875,-0.2197265625,-1.47705078125,-0.0732421875,-1.03759765625,0.01220703125,0.35400390625,-0.0244140625,0.3173828125,0.01220703125,-0.01220703125,-0.06103515625,-0.10986328125,-0.048828125,0.08544921875,-0.20751953125,-0.03662109375,-0.1220703125,0.8544921875,0.146484375,-0.50048828125,0.01220703125,-0.48828125
1,-0.3662109375,-0.32958984375,0,-0.30517578125,-0.0244140625,-0.42724609375,-0.06103515625,0.01220703125,-0.06103515625,-0.09765625,-0.13427734375,-0.9033203125,0.341796875,1.025390625,-0.146484375,-0.2197265625,-0.06103515625,-0.830078125,-0.29296875,-0.32958984375,-0.20751953125,0.67138671875,-0.10986328125,-0.93994140625,0.146484375,-0.1953125,0.146484375,-0.78125,0.1220703125,0.9033203125,-0.146484375,0.23193359375,-0.25634765625,-0.2685546875,-0.25634765625,-0.76904296875,-0.29296875,-0.47607421875,-0.37841796875,-0.74462890625,-0.4150390625,-0.244140625,-0.57373046875,-0.7080078125,0.0732421875,-0.20751953125,-0.69580078125,0.67138671875,-0.0732421875,1.171875,0.08544921875,0.54931640625,0.10986328125,-0.1953125,-0.1708984375,0.732421875,0.03662109375,2.2705078125,-0.08544921875,1.220703125,-0.5615234375,1.42822265625,0.69580078125,1.4892578125,-0.08544921875,0.244140625,-0.35400390625,1.07421875,-0.2197265625,0.1953125,-0.01220703125,0.2197265625,-0.1220703125,0.2685546875,-0.146484375,0.93994140625,0.15869140625,-0.0244140625,-0.341796875,1.35498046875,0.18310546875,-1.0009765625,0.03662109375,-0.3662109375,-0.01220703125,-0.9765625,0.1708984375,-0.76904296875,0.09765625,-1.55029296875,0.13427734375,-0.29296875,0.3173828125,-0.29296875,-0.08544921875,-1.18408203125,-0.146484375,-0.45166015625,-0.1953125,-0.30517578125,-0.15869140625,-0.64697265625,0.03662109375,0.146484375,-0.1220703125,-0.1708984375,-0.13427734375,-1.47705078125,-0.03662109375,-1.03759765625,-0.01220703125,0.35400390625,-0.03662109375,0.341796875,0.03662109375,0,-0.06103515625,-0.10986328125,-0.048828125,0.09765625,-0.25634765625,-0.03662109375,-0.15869140625,0.830078125,0.06103515625,-0.5126953125,-0.03662109375,-0.48828125
1,-0.32958984375,-0.30517578125,-0.01220703125,-0.32958984375,-0.0244140625,-0.4150390625,-0.048828125,0,-0.0732421875,-0.09765625,-0.10986328125,-0.89111328125,0.32958984375,1.025390625,-0.15869140625,-0.2197265625,-0.06103515625,-0.84228515625,-0.30517578125,-0.32958984375,-0.10986328125,0.6591796875,-0.0732421875,-0.93994140625,0.1708984375,-0.1953125,0.048828125,-0.79345703125,0.0244140625,0.89111328125,-0.1220703125,0.23193359375,-0.50048828125,-0.2685546875,-0.28076171875,-0.79345703125,-0.29296875,-0.47607421875,-0.37841796875,-0.76904296875,-0.32958984375,-0.244140625,-0.67138671875,-0.7080078125,0.048828125,-0.2197265625,-0.74462890625,0.64697265625,-0.0244140625,1.18408203125,0.048828125,0.50048828125,0.15869140625,-0.1953125,-0.13427734375,0.72021484375,0,2.77099609375,-0.13427734375,1.45263671875,-0.62255859375,1.67236328125,0.7080078125,1.69677734375,-0.1220703125,0.2197265625,-0.390625,1.03759765625,-0.25634765625,0.18310546875,0,0.20751953125,-0.1953125,0.25634765625,-0.0732421875,0.93994140625,0.13427734375,-0.03662109375,-0.29296875,1.35498046875,0.10986328125,-0.96435546875,0.03662109375,-0.35400390625,0.048828125,-0.9765625,0,-0.78125,0.10986328125,-1.5380859375,0.1953125,-0.25634765625,0.2685546875,-0.28076171875,0.0732421875,-1.171875,-0.08544921875,-0.48828125,-0.048828125,-0.3662109375,-0.146484375,-0.6591796875,0.048828125,-0.146484375,-0.2197265625,-0.08544921875,-0.03662109375,-1.47705078125,-0.048828125,-1.03759765625,-0.06103515625,0.341796875,-0.0732421875,0.35400390625,0.0244140625,-0.01220703125,-0.0732421875,-0.09765625,-0.0244140625,0.10986328125,-0.30517578125,-0.03662109375,-0.15869140625,0.8544921875,0.01220703125,-0.48828125,-0.0732421875,-0.52490234375
1,-0.30517578125,-0.3173828125,-0.0244140625,-0.3173828125,-0.03662109375,-0.4150390625,-0.09765625,0.01220703125,-0.06103515625,-0.08544921875,-0.10986328125,-0.89111328125,0.30517578125,1.025390625,-0.18310546875,-0.23193359375,-0.0732421875,-0.830078125,-0.244140625,-0.341796875,-0.0244140625,0.67138671875,-0.03662109375,-0.91552734375,0.18310546875,-0.18310546875,-0.0244140625,-0.79345703125,-0.08544921875,0.87890625,-0.13427734375,0.23193359375,-0.6591796875,-0.30517578125,-0.2685546875,-0.81787109375,-0.2197265625,-0.47607421875,-0.40283203125,-0.78125,-0.18310546875,-0.25634765625,-0.74462890625,-0.69580078125,0.048828125,-0.2685546875,-0.74462890625,0.64697265625,0,1.1962890625,0.01220703125,0.50048828125,0.20751953125,-0.2197265625,-0.146484375,0.72021484375,-0.0732421875,3.64990234375,-0.03662109375,1.91650390625,-0.67138671875,2.1240234375,0.8056640625,2.23388671875,-0.146484375,0.20751953125,-0.40283203125,1.0498046875,-0.30517578125,0.1708984375,0.0244140625,0.20751953125,-0.23193359375,0.244140625,-0.048828125,0.89111328125,0.09765625,-0.03662109375,-0.23193359375,1.35498046875,0.03662109375,-0.93994140625,0.01220703125,-0.35400390625,0.048828125,-0.9521484375,-0.15869140625,-0.7568359375,0.13427734375,-1.52587890625,0.2197265625,-0.28076171875,0.2197265625,-0.28076171875,0.18310546875,-1.1474609375,-0.1220703125,-0.439453125,-0.06103515625,-0.30517578125,-0.244140625,-0.62255859375,-0.0732421875,-0.2685546875,-0.25634765625,-0.0244140625,0,-1.45263671875,-0.09765625,-1.0009765625,-0.10986328125,0.35400390625,-0.06103515625,0.35400390625,0.01220703125,-0.01220703125,-0.0732421875,-0.09765625,-0.01220703125,0.10986328125,-0.341796875,-0.06103515625,-0.13427734375,0.8544921875,-0.06103515625,-0.47607421875,-0.0732421875,-0.50048828125
1,-0.28076171875,-0.3173828125,-0.01220703125,-0.3173828125,-0.03662109375,-0.4150390625,-0.08544921875,-0.0244140625,-0.0732421875,-0.0732421875,-0.0732421875,-0.927734375,0.30517578125,1.03759765625,-0.18310546875,-0.28076171875,-0.09765625,-0.81787109375,-0.1708984375,-0.35400390625,0.10986328125,0.6591796875,-0.048828125,-0.9033203125,0.15869140625,-0.1708984375,-0.08544921875,-0.8056640625,-0.1708984375,0.89111328125,-0.146484375,0.244140625,-0.7568359375,-0.35400390625,-0.30517578125,-0.8544921875,-0.13427734375,-0.439453125,-0.390625,-0.76904296875,-0.048828125,-0.20751953125,-0.7568359375,-0.67138671875,0.0732421875,-0.35400390625,-0.8056640625,0.64697265625,0.01220703125,1.171875,-0.0244140625,0.47607421875,0.244140625,-0.2197265625,-0.18310546875,0.72021484375,-0.09765625,4.91943359375,-0.01220703125,2.587890625,-0.732421875,2.734375,0.86669921875,3.08837890625,-0.146484375,0.1953125,-0.390625,1.0498046875,-0.341796875,0.1708984375,0.01220703125,0.20751953125,-0.2197265625,0.244140625,-0.048828125,0.87890625,0.048828125,-0.03662109375,-0.15869140625,1.3427734375,-0.048828125,-0.93994140625,0.01220703125,-0.3662109375,0.0244140625,-0.9521484375,-0.30517578125,-0.76904296875,0.15869140625,-1.52587890625,0.20751953125,-0.28076171875,0.1953125,-0.28076171875,0.2685546875,-1.15966796875,-0.13427734375,-0.29296875,-0.0732421875,-0.146484375,-0.25634765625,-0.48828125,-0.13427734375,-0.18310546875,-0.1953125,0.0244140625,0.06103515625,-1.45263671875,-0.1220703125,-1.0498046875,-0.13427734375,0.37841796875,-0.06103515625,0.35400390625,0.01220703125,-0.01220703125,-0.06103515625,-0.0732421875,0,0.13427734375,-0.37841796875,-0.06103515625,-0.0732421875,0.86669921875,-0.1220703125,-0.45166015625,-0.10986328125,-0.5126953125
0,-0.2197265625,-0.32958984375,-0.048828125,-0.32958984375,-0.0732421875,-0.439453125,-0.0732421875,-0.01220703125,-0.0732421875,-0.06103515625,-0.06103515625,-0.927734375,0.30517578125,1.03759765625,-0.2197265625,-0.30517578125,-0.1708984375,-0.84228515625,-0.03662109375,-0.37841796875,0.18310546875,0.6591796875,-0.06103515625,-0.927734375,0.1220703125,-0.1708984375,-0.13427734375,-0.81787109375,-0.2197265625,0.89111328125,-0.1708984375,0.23193359375,-0.732421875,-0.390625,-0.341796875,-0.87890625,-0.0244140625,-0.4150390625,-0.37841796875,-0.78125,0.048828125,-0.1953125,-0.6591796875,-0.634765625,0.1220703125,-0.40283203125,-0.79345703125,0.67138671875,0.0732421875,1.15966796875,-0.06103515625,0.48828125,0.28076171875,-0.1708984375,-0.20751953125,0.72021484375,-0.2197265625,6.48193359375,0.01220703125,3.43017578125,-0.7568359375,3.4912109375,0.8544921875,4.19921875,-0.20751953125,0.1953125,-0.35400390625,1.025390625,-0.32958984375,0.1708984375,0.0244140625,0.1953125,-0.244140625,0.2197265625,0.03662109375,0.8544921875,0.01220703125,-0.0244140625,-0.06103515625,1.3427734375,-0.09765625,-0.91552734375,-0.0244140625,-0.341796875,-0.0732421875,-0.9521484375,-0.32958984375,-0.7568359375,0.1708984375,-1.5380859375,0.146484375,-0.2685546875,0.1708984375,-0.2685546875,0.3173828125,-1.1474609375,-0.13427734375,-0.03662109375,-0.146484375,0.08544921875,-0.23193359375,-0.28076171875,-0.13427734375,0.06103515625,-0.10986328125,0.03662109375,0.09765625,-1.45263671875,-0.10986328125,-1.03759765625,-0.1220703125,0.390625,-0.06103515625,0.35400390625,-0.0244140625,-0.0244140625,-0.0732421875,-0.06103515625,0,0.13427734375,-0.390625,-0.048828125,-0.048828125,0.8544921875,-0.1708984375,-0.439453125,-0.10986328125,-0.48828125
0,-0.23193359375,-0.35400390625,-0.01220703125,-0.32958984375,-0.09765625,-0.45166015625,-0.0732421875,-0.03662109375,-0.048828125,-0.0732421875,-0.0732421875,-0.9033203125,0.30517578125,1.03759765625,-0.244140625,-0.29296875,-0.2197265625,-0.84228515625,0.09765625,-0.3662109375,0.20751953125,0.6591796875,-0.08544921875,-0.93994140625,0.0732421875,-0.15869140625,-0.1708984375,-0.81787109375,-0.1953125,0.89111328125,-0.1953125,0.23193359375,-0.57373046875,-0.40283203125,-0.30517578125,-0.87890625,0.08544921875,-0.40283203125,-0.32958984375,-0.76904296875,0.09765625,-0.13427734375,-0.6103515625,-0.6103515625,0.18310546875,-0.48828125,-0.76904296875,0.67138671875,0.10986328125,1.171875,-0.08544921875,0.50048828125,0.2685546875,-0.146484375,-0.244140625,0.7568359375,-0.1953125,8.21533203125,0,4.3701171875,-0.76904296875,4.28466796875,0.7568359375,5.419921875,-0.244140625,0.244140625,-0.30517578125,1.025390625,-0.30517578125,0.1708984375,-0.01220703125,0.18310546875,-0.18310546875,0.23193359375,0.048828125,0.830078125,-0.01220703125,-0.01220703125,-0.0244140625,1.33056640625,-0.10986328125,-0.9033203125,-0.03662109375,-0.37841796875,-0.2197265625,-0.9765625,-0.28076171875,-0.76904296875,0.15869140625,-1.55029296875,0.0732421875,-0.244140625,0.18310546875,-0.25634765625,0.20751953125,-1.1474609375,-0.1220703125,0.23193359375,-0.20751953125,0.3662109375,-0.1953125,-0.08544921875,-0.13427734375,0.40283203125,0.0244140625,0.03662109375,0.10986328125,-1.46484375,-0.06103515625,-1.03759765625,-0.10986328125,0.40283203125,-0.048828125,0.341796875,-0.0244140625,-0.03662109375,-0.0732421875,-0.048828125,0.03662109375,0.13427734375,-0.390625,-0.01220703125,-0.01220703125,0.86669921875,-0.1953125,-0.45166015625,-0.1220703125,-0.48828125
0,-0.1953125,-0.35400390625,-0.06103515625,-0.32958984375,-0.0732421875,-0.4150390625,-0.08544921875,-0.01220703125,-0.0244140625,-0.06103515625,-0.03662109375,-0.91552734375,0.30517578125,1.03759765625,-0.244140625,-0.29296875,-0.2197265625,-0.84228515625,0.1953125,-0.390625,0.20751953125,0.67138671875,-0.06103515625,-0.93994140625,0,-0.1708984375,-0.18310546875,-0.8056640625,-0.13427734375,0.89111328125,-0.23193359375,0.2197265625,-0.390625,-0.40283203125,-0.28076171875,-0.9033203125,0.1708984375,-0.40283203125,-0.29296875,-0.7568359375,0.09765625,-0.1220703125,-0.42724609375,-0.6103515625,0.20751953125,-0.4638671875,-0.732421875,0.67138671875,0.13427734375,1.1474609375,-0.06103515625,0.48828125,0.20751953125,-0.13427734375,-0.2685546875,0.7568359375,-0.048828125,9.9609375,0.01220703125,5.2734375,-0.87890625,5.06591796875,0.67138671875,6.6650390625,-0.244140625,0.244140625,-0.25634765625,1.025390625,-0.2685546875,0.18310546875,-0.0732421875,0.15869140625,-0.1220703125,0.2197265625,0.0732421875,0.84228515625,-0.01220703125,0,-0.0244140625,1.3427734375,-0.10986328125,-0.93994140625,-0.08544921875,-0.35400390625,-0.32958984375,-0.9765625,-0.1708984375,-0.78125,0.146484375,-1.5625,-0.01220703125,-0.28076171875,0.18310546875,-0.2685546875,0.08544921875,-1.1474609375,-0.13427734375,0.50048828125,-0.29296875,0.62255859375,-0.146484375,0.1220703125,-0.146484375,0.81787109375,0.15869140625,0.0244140625,0.13427734375,-1.46484375,-0.03662109375,-1.025390625,-0.1220703125,0.40283203125,-0.0244140625,0.3173828125,-0.01220703125,-0.0244140625,-0.0732421875,-0.048828125,0.048828125,0.13427734375,-0.3662109375,-0.048828125,-0.01220703125,0.87890625,-0.2197265625,-0.4638671875,-0.10986328125,-0.47607421875
0,-0.1708984375,-0.40283203125,-0.09765625,-0.30517578125,-0.0732421875,-0.40283203125,-0.10986328125,-0.01220703125,-0.03662109375,-0.08544921875,-0.01220703125,-0.9033203125,0.28076171875,1.03759765625,-0.2197265625,-0.25634765625,-0.2197265625,-0.8544921875,0.2685546875,-0.37841796875,0.146484375,0.68359375,0.01220703125,-0.9521484375,-0.03662109375,-0.18310546875,-0.1708984375,-0.8056640625,-0.01220703125,0.9033203125,-0.23193359375,0.244140625,-0.23193359375,-0.37841796875,-0.20751953125,-0.86669921875,0.1953125,-0.42724609375,-0.23193359375,-0.7568359375,0.01220703125,-0.1220703125,-0.29296875,-0.6103515625,0.2197265625,-0.439453125,-0.57373046875,0.67138671875,0.1220703125,1.13525390625,-0.01220703125,0.5126953125,0.1953125,-0.1220703125,-0.244140625,0.76904296875,0.0732421875,11.58447265625,0.0732421875,6.04248046875,-0.89111328125,5.76171875,0.5859375,7.77587890625,-0.2197265625,0.2685546875,-0.18310546875,1.025390625,-0.244140625,0.1953125,-0.1220703125,0.1708984375,-0.048828125,0.23193359375,0.09765625,0.8544921875,-0.0244140625,0,0.01220703125,1.318359375,-0.048828125,-0.9521484375,-0.10986328125,-0.37841796875,-0.37841796875,-0.9765625,-0.01220703125,-0.78125,0.13427734375,-1.5869140625,-0.0732421875,-0.25634765625,0.18310546875,-0.28076171875,-0.09765625,-1.1474609375,-0.08544921875,0.67138671875,-0.341796875,0.84228515625,-0.0732421875,0.244140625,-0.10986328125,1.1474609375,0.2197265625,0.03662109375,0.15869140625,-1.47705078125,-0.0244140625,-1.025390625,-0.13427734375,0.42724609375,0,0.32958984375,-0.03662109375,-0.048828125,-0.06103515625,-0.06103515625,0.06103515625,0.13427734375,-0.32958984375,-0.048828125,0,0.86669921875,-0.20751953125,-0.4638671875,-0.06103515625,-0.4638671875
0,-0.15869140625,-0.3662109375,-0.10986328125,-0.29296875,-0.0732421875,-0.4150390625,-0.10986328125,-0.01220703125,-0.0244140625,-0.09765625,0,-0.91552734375,0.25634765625,1.06201171875,-0.1953125,-0.244140625,-0.18310546875,-0.830078125,0.2685546875,-0.3662109375,0.06103515625,0.68359375,0.146484375,-0.96435546875,-0.0732421875,-0.20751953125,-0.146484375,-0.8056640625,0.0732421875,0.91552734375,-0.20751953125,0.23193359375,-0.1953125,-0.3662109375,-0.10986328125,-0.86669921875,0.15869140625,-0.45166015625,-0.1708984375,-0.76904296875,-0.0244140625,-0.146484375,-0.23193359375,-0.64697265625,0.2197265625,-0.40283203125,-0.537109375,0.6591796875,0.06103515625,1.13525390625,0.08544921875,0.48828125,0.13427734375,-0.1220703125,-0.25634765625,0.76904296875,0,12.87841796875,0.06103515625,6.62841796875,-1.0009765625,6.28662109375,0.52490234375,8.65478515625,-0.146484375,0.28076171875,-0.08544921875,1.025390625,-0.20751953125,0.23193359375,-0.146484375,0.18310546875,-0.0244140625,0.25634765625,0.0732421875,0.87890625,-0.03662109375,0.01220703125,-0.01220703125,1.33056640625,-0.01220703125,-0.9521484375,-0.1220703125,-0.35400390625,-0.3662109375,-0.96435546875,0.09765625,-0.78125,0.0732421875,-1.57470703125,-0.10986328125,-0.244140625,0.1708984375,-0.25634765625,-0.25634765625,-1.1474609375,-0.048828125,0.74462890625,-0.32958984375,0.93994140625,-0.03662109375,0.29296875,-0.08544921875,1.3427734375,0.25634765625,0,0.1953125,-1.50146484375,-0.048828125,-1.025390625,-0.146484375,0.40283203125,-0.0244140625,0.29296875,-0.03662109375,-0.048828125,-0.0732421875,-0.08544921875,0.048828125,0.13427734375,-0.29296875,-0.08544921875,0.01220703125,0.84228515625,-0.2197265625,-0.48828125,0,-0.48828125
0,-0.08544921875,-0.37841796875,-0.06103515625,-0.30517578125,-0.09765625,-0.40283203125,-0.146484375,0,-0.0244140625,-0.09765625,0,-0.9033203125,0.23193359375,1.025390625,-0.1953125,-0.244140625,-0.1220703125,-0.8544921875,0.18310546875,-0.35400390625,-0.01220703125,0.67138671875,0.244140625,-0.96435546875,-0.1220703125,-0.2197265625,-0.1220703125,-0.79345703125,0.146484375,0.91552734375,-0.15869140625,0.2197265625,-0.18310546875,-0.32958984375,-0.01220703125,-0.830078125,0.10986328125,-0.45166015625,-0.13427734375,-0.78125,-0.08544921875,-0.1708984375,-0.1953125,-0.67138671875,0.2197265625,-0.341796875,-0.439453125,0.62255859375,-0.048828125,1.13525390625,0.20751953125,0.48828125,0.06103515625,-0.146484375,-0.28076171875,0.76904296875,0.13427734375,13.85498046875,0.15869140625,7.01904296875,-0.96435546875,6.640625,0.5615234375,9.21630859375,-0.08544921875,0.29296875,0,1.03759765625,-0.1953125,0.244140625,-0.15869140625,0.2197265625,0,0.29296875,0.09765625,0.927734375,-0.048828125,0.01220703125,-0.0244140625,1.33056640625,0.0244140625,-0.9765625,-0.10986328125,-0.3662109375,-0.25634765625,-0.98876953125,0.15869140625,-0.76904296875,0,-1.57470703125,-0.10986328125,-0.244140625,0.10986328125,-0.28076171875,-0.3662109375,-1.1474609375,-0.03662109375,0.7080078125,-0.2685546875,0.91552734375,0,0.25634765625,-0.01220703125,1.37939453125,0.20751953125,-0.06103515625,0.20751953125,-1.47705078125,-0.08544921875,-1.0498046875,-0.146484375,0.40283203125,-0.03662109375,0.30517578125,-0.048828125,-0.06103515625,-0.06103515625,-0.10986328125,0.048828125,0.1220703125,-0.23193359375,-0.0732421875,0.0244140625,0.84228515625,-0.244140625,-0.48828125,0.03662109375,-0.50048828125
0,-0.10986328125,-0.390625,-0.09765625,-0.32958984375,-0.08544921875,-0.4150390625,-0.18310546875,-0.0244140625,0.01220703125,-0.10986328125,0.01220703125,-0.91552734375,0.2197265625,1.06201171875,-0.20751953125,-0.23193359375,-0.06103515625,-0.8544921875,0.0732421875,-0.3662109375,-0.06103515625,0.6591796875,0.30517578125,-0.9765625,-0.08544921875,-0.23193359375,-0.08544921875,-0.81787109375,0.18310546875,0.9033203125,-0.0732421875,0.1953125,-0.20751953125,-0.3173828125,0.08544921875,-0.84228515625,0.0244140625,-0.47607421875,-0.08544921875,-0.76904296875,-0.0732421875,-0.20751953125,-0.29296875,-0.69580078125,0.20751953125,-0.30517578125,-0.390625,0.62255859375,-0.10986328125,1.1474609375,0.29296875,0.47607421875,0.01220703125,-0.15869140625,-0.29296875,0.7568359375,0.15869140625,14.41650390625,0.13427734375,7.1533203125,-1.0009765625,6.8115234375,0.6103515625,9.4482421875,-0.01220703125,0.28076171875,0.09765625,1.0498046875,-0.18310546875,0.23193359375,-0.1220703125,0.20751953125,-0.01220703125,0.30517578125,0.10986328125,0.927734375,-0.0732421875,0,-0.06103515625,1.3427734375,0.03662109375,-0.9765625,-0.08544921875,-0.35400390625,-0.146484375,-0.9765625,0.15869140625,-0.7568359375,-0.06103515625,-1.55029296875,-0.08544921875,-0.25634765625,-0.01220703125,-0.29296875,-0.3662109375,-1.13525390625,-0.048828125,0.537109375,-0.146484375,0.78125,0.03662109375,0.1220703125,0.1220703125,1.20849609375,0.0732421875,-0.10986328125,0.1708984375,-1.50146484375,-0.08544921875,-1.06201171875,-0.10986328125,0.40283203125,-0.03662109375,0.30517578125,-0.03662109375,-0.06103515625,-0.0732421875,-0.10986328125,0.048828125,0.1220703125,-0.20751953125,-0.0732421875,0.03662109375,0.84228515625,-0.244140625,-0.50048828125,0.048828125,-0.5126953125
0,-0.08544921875,-0.37841796875,-0.10986328125,-0.30517578125,-0.09765625,-0.40283203125,-0.1953125,-0.03662109375,0,-0.10986328125,0,-0.91552734375,0.1953125,1.03759765625,-0.20751953125,-0.25634765625,-0.03662109375,-0.8544921875,-0.06103515625,-0.3662109375,-0.08544921875,0.634765625,0.25634765625,-0.9765625,-0.06103515625,-0.244140625,-0.048828125,-0.830078125,0.15869140625,0.89111328125,0.03662109375,0.20751953125,-0.2685546875,-0.30517578125,0.1708984375,-0.79345703125,-0.048828125,-0.50048828125,-0.048828125,-0.78125,-0.10986328125,-0.23193359375,-0.390625,-0.69580078125,0.20751953125,-0.30517578125,-0.390625,0.6103515625,-0.18310546875,1.18408203125,0.341796875,0.47607421875,-0.03662109375,-0.1953125,-0.35400390625,0.74462890625,0.23193359375,14.6240234375,0.20751953125,7.1044921875,-1.025390625,6.79931640625,0.69580078125,9.4482421875,0.08544921875,0.29296875,0.1708984375,1.07421875,-0.18310546875,0.244140625,-0.08544921875,0.23193359375,0.0244140625,0.3173828125,0.09765625,0.927734375,-0.1220703125,0,-0.09765625,1.3671875,0.03662109375,-0.9521484375,-0.03662109375,-0.341796875,-0.01220703125,-0.9765625,0.10986328125,-0.7568359375,-0.1708984375,-1.55029296875,-0.0732421875,-0.28076171875,-0.15869140625,-0.29296875,-0.32958984375,-1.1474609375,-0.146484375,0.32958984375,-0.06103515625,0.5859375,-0.0244140625,-0.048828125,0.244140625,0.9521484375,-0.03662109375,-0.18310546875,0.10986328125,-1.47705078125,-0.0732421875,-1.06201171875,-0.0732421875,0.40283203125,-0.03662109375,0.3173828125,-0.0244140625,-0.03662109375,-0.0732421875,-0.1220703125,0.01220703125,0.09765625,-0.1708984375,-0.06103515625,0.03662109375,0.830078125,-0.2197265625,-0.5126953125,0.01220703125,-0.52490234375
0,-0.08544921875,-0.37841796875,-0.146484375,-0.32958984375,-0.1220703125,-0.42724609375,-0.2197265625,-0.03662109375,0,-0.09765625,0.01220703125,-0.9033203125,0.1953125,1.03759765625,-0.2197265625,-0.244140625,-0.0732421875,-0.84228515625,-0.13427734375,-0.37841796875,-0.03662109375,0.6591796875,0.146484375,-0.9765625,-0.0244140625,-0.244140625,0.01220703125,-0.81787109375,0.13427734375,0.87890625,0.13427734375,0.20751953125,-0.3173828125,-0.30517578125,0.244140625,-0.79345703125,-0.1220703125,-0.50048828125,-0.06103515625,-0.8056640625,-0.146484375,-0.244140625,-0.50048828125,-0.68359375,0.20751953125,-0.3173828125,-0.390625,0.6103515625,-0.18310546875,1.1962890625,0.35400390625,0.4638671875,-0.08544921875,-0.23193359375,-0.30517578125,0.732421875,0.2197265625,14.51416015625,0.3173828125,6.94580078125,-1.03759765625,6.689453125,0.7568359375,9.2041015625,0.09765625,0.28076171875,0.23193359375,1.07421875,-0.18310546875,0.244140625,-0.0244140625,0.2685546875,0.048828125,0.30517578125,0.08544921875,0.93994140625,-0.15869140625,-0.0244140625,-0.146484375,1.3671875,0.03662109375,-0.9521484375,0.01220703125,-0.32958984375,0.1220703125,-0.93994140625,0.03662109375,-0.74462890625,-0.23193359375,-1.52587890625,-0.06103515625,-0.28076171875,-0.2685546875,-0.30517578125,-0.2197265625,-1.1474609375,-0.20751953125,0.09765625,0.08544921875,0.35400390625,-0.06103515625,-0.244140625,0.29296875,0.59814453125,-0.146484375,-0.23193359375,0.01220703125,-1.46484375,-0.048828125,-1.0498046875,-0.0244140625,0.40283203125,-0.03662109375,0.3173828125,-0.0244140625,-0.0244140625,-0.06103515625,-0.15869140625,0.0244140625,0.1220703125,-0.146484375,-0.048828125,0.06103515625,0.8056640625,-0.20751953125,-0.5126953125,-0.06103515625,-0.5126953125
0,-0.048828125,-0.37841796875,-0.13427734375,-0.3173828125,-0.09765625,-0.40283203125,-0.1953125,-0.0244140625,-0.0244140625,-0.09765625,0,-0.91552734375,0.20751953125,1.025390625,-0.25634765625,-0.2197265625,-0.10986328125,-0.830078125,-0.1953125,-0.37841796875,-0.01220703125,0.6591796875,-0.01220703125,-0.96435546875,0.048828125,-0.2197265625,0.01220703125,-0.8056640625,0.10986328125,0.9033203125,0.244140625,0.20751953125,-0.37841796875,-0.30517578125,0.341796875,-0.79345703125,-0.146484375,-0.48828125,-0.09765625,-0.78125,-0.1708984375,-0.25634765625,-0.67138671875,-0.64697265625,0.244140625,-0.3173828125,-0.48828125,0.59814453125,-0.18310546875,1.220703125,0.37841796875,0.50048828125,-0.13427734375,-0.244140625,-0.28076171875,0.72021484375,0.08544921875,14.16015625,0.35400390625,6.6650390625,-1.025390625,6.48193359375,0.76904296875,8.85009765625,0.09765625,0.2197265625,0.29296875,1.06201171875,-0.15869140625,0.2197265625,0.0244140625,0.25634765625,0.10986328125,0.29296875,0.06103515625,0.96435546875,-0.1953125,-0.0244140625,-0.1953125,1.3671875,0.0244140625,-0.93994140625,0.0732421875,-0.32958984375,0.18310546875,-0.9521484375,-0.0244140625,-0.7568359375,-0.2197265625,-1.52587890625,-0.048828125,-0.29296875,-0.341796875,-0.29296875,-0.09765625,-1.15966796875,-0.18310546875,-0.10986328125,0.20751953125,0.18310546875,-0.0732421875,-0.390625,0.30517578125,0.25634765625,-0.18310546875,-0.30517578125,-0.06103515625,-1.46484375,-0.06103515625,-1.0498046875,-0.0244140625,0.390625,-0.03662109375,0.341796875,-0.0244140625,-0.01220703125,-0.0732421875,-0.13427734375,0.0244140625,0.1220703125,-0.146484375,-0.048828125,0.08544921875,0.8056640625,-0.20751953125,-0.5126953125,-0.09765625,-0.537109375
0,-0.01220703125,-0.37841796875,-0.146484375,-0.29296875,-0.09765625,-0.42724609375,-0.1953125,0,-0.0244140625,-0.06103515625,0,-0.91552734375,0.1953125,1.01318359375,-0.244140625,-0.23193359375,-0.15869140625,-0.830078125,-0.1953125,-0.37841796875,-0.01220703125,0.64697265625,-0.244140625,-0.96435546875,0.09765625,-0.1953125,0.048828125,-0.81787109375,0.048828125,0.89111328125,0.2685546875,0.20751953125,-0.35400390625,-0.3662109375,0.30517578125,-0.8056640625,-0.146484375,-0.48828125,-0.1708984375,-0.78125,-0.244140625,-0.2685546875,-0.732421875,-0.59814453125,0.30517578125,-0.390625,-0.50048828125,0.634765625,-0.10986328125,1.1962890625,0.37841796875,0.48828125,-0.1953125,-0.244140625,-0.2197265625,0.732421875,-0.01220703125,13.63525390625,0.4150390625,6.38427734375,-1.01318359375,6.21337890625,0.78125,8.447265625,0.1220703125,0.18310546875,0.3662109375,1.0498046875,-0.18310546875,0.23193359375,0.0732421875,0.2197265625,0.1708984375,0.2685546875,0.0244140625,0.93994140625,-0.244140625,-0.01220703125,-0.23193359375,1.35498046875,0.048828125,-0.9521484375,0.09765625,-0.30517578125,0.18310546875,-0.93994140625,-0.0732421875,-0.74462890625,-0.15869140625,-1.52587890625,-0.06103515625,-0.29296875,-0.29296875,-0.3173828125,-0.0244140625,-1.18408203125,-0.18310546875,-0.23193359375,0.2685546875,0.0244140625,-0.08544921875,-0.4638671875,0.28076171875,0.01220703125,-0.15869140625,-0.37841796875,-0.13427734375,-1.4404296875,-0.0732421875,-1.025390625,-0.048828125,0.4150390625,-0.03662109375,0.32958984375,-0.01220703125,0,-0.09765625,-0.13427734375,0.0244140625,0.10986328125,-0.15869140625,-0.0244140625,0.10986328125,0.81787109375,-0.2197265625,-0.52490234375,-0.1220703125,-0.537109375
0,0,-0.390625,-0.13427734375,-0.29296875,-0.09765625,-0.4150390625,-0.20751953125,0,-0.01220703125,-0.0732421875,0,-0.91552734375,0.1708984375,1.025390625,-0.244140625,-0.2197265625,-0.25634765625,-0.830078125,-0.1953125,-0.37841796875,-0.03662109375,0.634765625,-0.40283203125,-0.93994140625,0.1220703125,-0.1708984375,0.0732421875,-0.81787109375,0.048828125,0.9033203125,0.244140625,0.1953125,-0.29296875,-0.40283203125,0.28076171875,-0.78125,-0.13427734375,-0.50048828125,-0.25634765625,-0.76904296875,-0.29296875,-0.244140625,-0.74462890625,-0.52490234375,0.35400390625,-0.439453125,-0.5615234375,0.634765625,-0.048828125,1.18408203125,0.341796875,0.52490234375,-0.244140625,-0.244140625,-0.146484375,0.7568359375,-0.1220703125,13.02490234375,0.5126953125,6.0791015625,-1.01318359375,5.9814453125,0.78125,8.04443359375,0.18310546875,0.13427734375,0.341796875,1.03759765625,-0.18310546875,0.2197265625,0.09765625,0.2197265625,0.2197265625,0.244140625,-0.048828125,0.9033203125,-0.30517578125,0,-0.18310546875,1.3427734375,0.06103515625,-0.93994140625,0.1220703125,-0.30517578125,0.10986328125,-0.93994140625,-0.06103515625,-0.74462890625,-0.03662109375,-1.513671875,-0.0732421875,-0.30517578125,-0.18310546875,-0.30517578125,0.0244140625,-1.18408203125,-0.146484375,-0.2685546875,0.1708984375,-0.048828125,-0.18310546875,-0.47607421875,0.1220703125,-0.09765625,-0.13427734375,-0.439453125,-0.20751953125,-1.45263671875,-0.08544921875,-1.03759765625,-0.10986328125,0.4150390625,-0.048828125,0.341796875,-0.01220703125,0,-0.0732421875,-0.1220703125,0.0244140625,0.13427734375,-0.1708984375,-0.01220703125,0.10986328125,0.830078125,-0.20751953125,-0.52490234375,-0.146484375,-0.5126953125
0,0.01220703125,-0.3662109375,-0.146484375,-0.28076171875,-0.09765625,-0.42724609375,-0.20751953125,0,-0.01220703125,-0.0732421875,0.01220703125,-0.91552734375,0.13427734375,1.01318359375,-0.25634765625,-0.2197265625,-0.29296875,-0.8056640625,-0.18310546875,-0.3662109375,-0.1220703125,0.6591796875,-0.47607421875,-0.927734375,0.09765625,-0.146484375,0.06103515625,-0.79345703125,0.01220703125,0.89111328125,0.18310546875,0.1953125,-0.2685546875,-0.40283203125,0.18310546875,-0.7568359375,-0.13427734375,-0.48828125,-0.28076171875,-0.76904296875,-0.35400390625,-0.20751953125,-0.69580078125,-0.47607421875,0.341796875,-0.48828125,-0.67138671875,0.68359375,0.0244140625,1.171875,0.341796875,0.54931640625,-0.23193359375,-0.1953125,-0.146484375,0.732421875,-0.2197265625,12.39013671875,0.54931640625,5.8349609375,-0.93994140625,5.6884765625,0.81787109375,7.71484375,0.2197265625,0.10986328125,0.32958984375,1.03759765625,-0.146484375,0.23193359375,0.13427734375,0.1953125,0.28076171875,0.20751953125,-0.09765625,0.89111328125,-0.35400390625,0.01220703125,-0.1708984375,1.318359375,0.10986328125,-0.9521484375,0.08544921875,-0.32958984375,-0.03662109375,-0.9521484375,-0.048828125,-0.7568359375,0.08544921875,-1.52587890625,-0.0732421875,-0.30517578125,-0.01220703125,-0.30517578125,-0.0244140625,-1.1962890625,0,-0.25634765625,0.15869140625,-0.048828125,-0.146484375,-0.439453125,0.10986328125,-0.08544921875,-0.03662109375,-0.48828125,-0.25634765625,-1.4404296875,-0.09765625,-1.025390625,-0.1220703125,0.4150390625,-0.048828125,0.32958984375,0,-0.01220703125,-0.0732421875,-0.09765625,0,0.1220703125,-0.1708984375,-0.01220703125,0.1220703125,0.830078125,-0.20751953125,-0.5126953125,-0.146484375,-0.5126953125
0,0.03662109375,-0.37841796875,-0.146484375,-0.29296875,-0.1220703125,-0.4150390625,-0.18310546875,0.0244140625,-0.01220703125,-0.09765625,0.01220703125,-0.91552734375,0.10986328125,1.025390625,-0.244140625,-0.2197265625,-0.3662109375,-0.8056640625,-0.13427734375,-0.341796875,-0.1953125,0.6591796875,-0.439453125,-0.93994140625,0.03662109375,-0.146484375,0.0732421875,-0.8056640625,0.03662109375,0.89111328125,0.048828125,0.20751953125,-0.15869140625,-0.4150390625,0.08544921875,-0.74462890625,-0.08544921875,-0.45166015625,-0.32958984375,-0.7568359375,-0.40283203125,-0.18310546875,-0.57373046875,-0.45166015625,0.30517578125,-0.4638671875,-0.69580078125,0.732421875,0.06103515625,1.15966796875,0.244140625,0.5615234375,-0.18310546875,-0.1708984375,-0.15869140625,0.7568359375,-0.1953125,11.767578125,0.537109375,5.56640625,-0.9033203125,5.45654296875,0.8544921875,7.40966796875,0.2685546875,0.1220703125,0.30517578125,1.0009765625,-0.146484375,0.244140625,0.13427734375,0.1708984375,0.28076171875,0.20751953125,-0.13427734375,0.86669921875,-0.42724609375,0.01220703125,-0.1708984375,1.318359375,0.1220703125,-0.9765625,0.06103515625,-0.32958984375,-0.18310546875,-0.93994140625,-0.01220703125,-0.78125,0.1708984375,-1.5380859375,-0.09765625,-0.30517578125,0.15869140625,-0.3173828125,-0.09765625,-1.20849609375,0.08544921875,-0.1953125,0.15869140625,-0.01220703125,-0.1220703125,-0.3662109375,0.08544921875,0.0244140625,0.03662109375,-0.537109375,-0.2685546875,-1.45263671875,-0.03662109375,-1.0009765625,-0.1708984375,0.40283203125,-0.048828125,0.32958984375,0,-0.03662109375,-0.0732421875,-0.06103515625,-0.0244140625,0.13427734375,-0.15869140625,-0.0244140625,0.08544921875,0.79345703125,-0.2197265625,-0.5126953125,-0.1708984375,-0.5126953125
1,0.06103515625,-0.37841796875,-0.1953125,-0.28076171875,-0.1220703125,-0.40283203125,-0.18310546875,0.0244140625,-0.048828125,-0.08544921875,0.03662109375,-0.9033203125,0.06103515625,1.03759765625,-0.23193359375,-0.23193359375,-0.390625,-0.81787109375,-0.09765625,-0.341796875,-0.23193359375,0.68359375,-0.29296875,-0.927734375,-0.048828125,-0.146484375,0.06103515625,-0.79345703125,0.0244140625,0.9033203125,-0.13427734375,0.20751953125,-0.09765625,-0.35400390625,0.06103515625,-0.69580078125,-0.048828125,-0.4638671875,-0.3173828125,-0.732421875,-0.4150390625,-0.15869140625,-0.47607421875,-0.45166015625,0.244140625,-0.42724609375,-0.62255859375,0.7568359375,0.10986328125,1.13525390625,0.1708984375,0.54931640625,-0.1953125,-0.146484375,-0.20751953125,0.732421875,-0.20751953125,11.2060546875,0.48828125,5.35888671875,-0.78125,5.17578125,0.8544921875,7.12890625,0.2685546875,0.09765625,0.25634765625,1.025390625,-0.146484375,0.244140625,0.10986328125,0.146484375,0.28076171875,0.20751953125,-0.18310546875,0.84228515625,-0.42724609375,0.0244140625,-0.146484375,1.30615234375,0.10986328125,-0.9765625,0.01220703125,-0.35400390625,-0.32958984375,-0.9765625,0,-0.78125,0.2197265625,-1.55029296875,-0.10986328125,-0.29296875,0.30517578125,-0.3173828125,-0.146484375,-1.1962890625,0.0732421875,-0.13427734375,0.048828125,0.01220703125,-0.18310546875,-0.30517578125,-0.10986328125,0.1953125,0.0732421875,-0.57373046875,-0.25634765625,-1.46484375,0.01220703125,-1.01318359375,-0.1953125,0.42724609375,-0.048828125,0.29296875,0.01220703125,-0.0244140625,-0.0732421875,-0.06103515625,-0.048828125,0.13427734375,-0.1220703125,-0.03662109375,0.06103515625,0.79345703125,-0.23193359375,-0.48828125,-0.1708984375,-0.48828125
1,0.0732421875,-0.3662109375,-0.1953125,-0.30517578125,-0.10986328125,-0.390625,-0.1953125,0.03662109375,-0.048828125,-0.08544921875,0.03662109375,-0.927734375,0.03662109375,1.06201171875,-0.2197265625,-0.244140625,-0.37841796875,-0.81787109375,-0.03662109375,-0.32958984375,-0.23193359375,0.68359375,-0.10986328125,-0.927734375,-0.13427734375,-0.146484375,0.06103515625,-0.79345703125,-0.01220703125,0.89111328125,-0.244140625,0.20751953125,-0.09765625,-0.32958984375,0.0244140625,-0.6591796875,0,-0.439453125,-0.29296875,-0.74462890625,-0.390625,-0.1220703125,-0.35400390625,-0.45166015625,0.18310546875,-0.37841796875,-0.54931640625,0.8056640625,0.10986328125,1.1474609375,0.15869140625,0.54931640625,-0.18310546875,-0.13427734375,-0.2685546875,0.74462890625,-0.2197265625,10.68115234375,0.4150390625,5.1513671875,-0.69580078125,4.91943359375,0.87890625,6.89697265625,0.29296875,0.146484375,0.15869140625,1.01318359375,-0.10986328125,0.2685546875,0.0732421875,0.146484375,0.244140625,0.20751953125,-0.18310546875,0.8544921875,-0.42724609375,0.06103515625,-0.1220703125,1.30615234375,0.08544921875,-0.98876953125,-0.01220703125,-0.35400390625,-0.390625,-0.98876953125,-0.0244140625,-0.79345703125,0.20751953125,-1.5380859375,-0.09765625,-0.2685546875,0.341796875,-0.29296875,-0.20751953125,-1.20849609375,0.13427734375,-0.09765625,0.08544921875,-0.01220703125,-0.09765625,-0.28076171875,-0.10986328125,0.35400390625,0.08544921875,-0.62255859375,-0.1953125,-1.47705078125,0.01220703125,-1.01318359375,-0.23193359375,0.4150390625,-0.06103515625,0.29296875,0.03662109375,-0.0244140625,-0.0732421875,-0.08544921875,-0.03662109375,0.13427734375,-0.09765625,-0.06103515625,0.06103515625,0.79345703125,-0.2685546875,-0.48828125,-0.15869140625,-0.5126953125
1,0.09765625,-0.35400390625,-0.20751953125,-0.30517578125,-0.1220703125,-0.37841796875,-0.2197265625,0.03662109375,-0.01220703125,-0.08544921875,0.06103515625,-0.927734375,0.0244140625,1.0498046875,-0.20751953125,-0.244140625,-0.3173828125,-0.81787109375,-0.01220703125,-0.32958984375,-0.20751953125,0.68359375,0.03662109375,-0.9521484375,-0.25634765625,-0.18310546875,0.0244140625,-0.78125,-0.0732421875,0.89111328125,-0.3662109375,0.2197265625,-0.146484375,-0.28076171875,0.06103515625,-0.59814453125,0.03662109375,-0.439453125,-0.23193359375,-0.74462890625,-0.32958984375,-0.146484375,-0.29296875,-0.48828125,0.13427734375,-0.341796875,-0.439453125,0.79345703125,0.13427734375,1.15966796875,0.03662109375,0.537109375,-0.15869140625,-0.13427734375,-0.3173828125,0.74462890625,-0.146484375,10.205078125,0.32958984375,4.96826171875,-0.6591796875,4.6630859375,0.8544921875,6.62841796875,0.30517578125,0.18310546875,0.0732421875,1.0498046875,-0.09765625,0.25634765625,0.03662109375,0.146484375,0.23193359375,0.25634765625,-0.1953125,0.84228515625,-0.37841796875,0.0732421875,-0.10986328125,1.2939453125,0.08544921875,-0.98876953125,-0.06103515625,-0.37841796875,-0.32958984375,-0.98876953125,-0.09765625,-0.79345703125,0.18310546875,-1.55029296875,-0.09765625,-0.25634765625,0.32958984375,-0.2685546875,-0.1708984375,-1.20849609375,0.048828125,-0.10986328125,0.0732421875,-0.048828125,-0.08544921875,-0.29296875,-0.18310546875,0.48828125,0.048828125,-0.64697265625,-0.08544921875,-1.46484375,0,-1.025390625,-0.28076171875,0.4150390625,-0.06103515625,0.28076171875,0.01220703125,-0.048828125,-0.08544921875,-0.06103515625,-0.0732421875,0.1220703125,-0.03662109375,-0.06103515625,0.048828125,0.78125,-0.28076171875,-0.47607421875,-0.13427734375,-0.52490234375
1,0.1220703125,-0.35400390625,-0.18310546875,-0.3173828125,-0.10986328125,-0.37841796875,-0.23193359375,0.048828125,-0.0244140625,-0.06103515625,0.0732421875,-0.927734375,-0.03662109375,1.07421875,-0.18310546875,-0.20751953125,-0.25634765625,-0.84228515625,-0.01220703125,-0.30517578125,-0.1220703125,0.69580078125,0.1220703125,-0.93994140625,-0.3173828125,-0.1708984375,-0.03662109375,-0.79345703125,-0.146484375,0.89111328125,-0.341796875,0.2197265625,-0.32958984375,-0.23193359375,0.09765625,-0.5615234375,0.09765625,-0.42724609375,-0.15869140625,-0.76904296875,-0.2685546875,-0.146484375,-0.29296875,-0.537109375,0.08544921875,-0.28076171875,-0.341796875,0.81787109375,0.048828125,1.171875,0.06103515625,0.5126953125,-0.15869140625,-0.146484375,-0.341796875,0.732421875,-0.09765625,9.72900390625,0.3173828125,4.7607421875,-0.5615234375,4.43115234375,0.830078125,6.35986328125,0.2685546875,0.23193359375,-0.03662109375,1.03759765625,-0.08544921875,0.2685546875,-0.01220703125,0.18310546875,0.2197265625,0.28076171875,-0.18310546875,0.8544921875,-0.35400390625,0.06103515625,-0.06103515625,1.30615234375,0.06103515625,-1.0009765625,-0.09765625,-0.3662109375,-0.23193359375,-0.98876953125,-0.15869140625,-0.76904296875,0.146484375,-1.5380859375,-0.10986328125,-0.25634765625,0.28076171875,-0.28076171875,-0.146484375,-1.220703125,-0.048828125,-0.1953125,0.08544921875,-0.1220703125,-0.10986328125,-0.341796875,-0.23193359375,0.5126953125,0.01220703125,-0.72021484375,0.048828125,-1.47705078125,-0.0732421875,-1.03759765625,-0.30517578125,0.4150390625,-0.0732421875,0.2685546875,0.01220703125,-0.048828125,-0.08544921875,-0.09765625,-0.0732421875,0.1220703125,-0.01220703125,-0.0732421875,0.06103515625,0.78125,-0.3173828125,-0.50048828125,-0.10986328125,-0.5126953125
1,0.1220703125,-0.3662109375,-0.18310546875,-0.3173828125,-0.09765625,-0.390625,-0.25634765625,0.03662109375,0.0244140625,-0.06103515625,0.08544921875,-0.927734375,-0.06103515625,1.06201171875,-0.1953125,-0.1953125,-0.1708984375,-0.830078125,-0.03662109375,-0.3173828125,-0.0244140625,0.67138671875,0.146484375,-0.9521484375,-0.390625,-0.20751953125,-0.0732421875,-0.79345703125,-0.20751953125,0.9033203125,-0.2685546875,0.23193359375,-0.45166015625,-0.2197265625,0.18310546875,-0.54931640625,0.146484375,-0.42724609375,-0.1220703125,-0.78125,-0.1220703125,-0.18310546875,-0.3173828125,-0.6103515625,0.10986328125,-0.25634765625,-0.244140625,0.8056640625,0,1.1962890625,0.06103515625,0.48828125,-0.15869140625,-0.146484375,-0.37841796875,0.74462890625,-0.03662109375,9.326171875,0.28076171875,4.52880859375,-0.5859375,4.2236328125,0.830078125,6.0546875,0.20751953125,0.29296875,-0.10986328125,1.07421875,-0.10986328125,0.2685546875,-0.06103515625,0.2197265625,0.15869140625,0.341796875,-0.13427734375,0.89111328125,-0.29296875,0.06103515625,-0.06103515625,1.33056640625,0.048828125,-1.0009765625,-0.13427734375,-0.390625,-0.048828125,-1.0009765625,-0.23193359375,-0.76904296875,0.08544921875,-1.513671875,-0.09765625,-0.23193359375,0.15869140625,-0.29296875,-0.08544921875,-1.23291015625,-0.1708984375,-0.28076171875,0.03662109375,-0.1953125,-0.13427734375,-0.4150390625,-0.244140625,0.50048828125,0.0244140625,-0.74462890625,0.15869140625,-1.47705078125,-0.1220703125,-1.025390625,-0.29296875,0.4150390625,-0.08544921875,0.28076171875,0.0244140625,-0.048828125,-0.08544921875,-0.08544921875,-0.08544921875,0.10986328125,0.01220703125,-0.06103515625,0.10986328125,0.79345703125,-0.341796875,-0.50048828125,-0.09765625,-0.537109375
1,0.1220703125,-0.35400390625,-0.18310546875,-0.30517578125,-0.0732421875,-0.37841796875,-0.2685546875,0.0244140625,0.06103515625,-0.0732421875,0.08544921875,-0.927734375,-0.03662109375,1.0498046875,-0.20751953125,-0.18310546875,-0.1220703125,-0.8544921875,-0.06103515625,-0.32958984375,0.09765625,0.67138671875,0.15869140625,-0.9521484375,-0.45166015625,-0.20751953125,-0.1220703125,-0.79345703125,-0.28076171875,0.89111328125,-0.10986328125,0.23193359375,-0.47607421875,-0.2197265625,0.244140625,-0.57373046875,0.20751953125,-0.42724609375,-0.06103515625,-0.830078125,-0.01220703125,-0.20751953125,-0.3662109375,-0.6591796875,0.15869140625,-0.2685546875,-0.20751953125,0.78125,-0.048828125,1.20849609375,0.10986328125,0.4638671875,-0.15869140625,-0.1953125,-0.341796875,0.732421875,-0.01220703125,8.85009765625,0.2197265625,4.30908203125,-0.6103515625,4.01611328125,0.76904296875,5.70068359375,0.13427734375,0.3173828125,-0.146484375,1.08642578125,-0.1220703125,0.2685546875,-0.08544921875,0.244140625,0.1220703125,0.35400390625,-0.10986328125,0.8544921875,-0.23193359375,0.03662109375,-0.08544921875,1.3427734375,0.048828125,-1.01318359375,-0.146484375,-0.3662109375,0.06103515625,-1.0009765625,-0.2685546875,-0.7568359375,0.01220703125,-1.52587890625,-0.146484375,-0.1953125,0.0244140625,-0.29296875,-0.0732421875,-1.20849609375,-0.1953125,-0.341796875,0.03662109375,-0.244140625,-0.1220703125,-0.50048828125,-0.15869140625,0.390625,-0.01220703125,-0.8056640625,0.1953125,-1.4892578125,-0.146484375,-1.03759765625,-0.2197265625,0.4150390625,-0.1220703125,0.29296875,0.0244140625,-0.06103515625,-0.0732421875,-0.13427734375,-0.08544921875,0.10986328125,0,-0.08544921875,0.1220703125,0.78125,-0.32958984375,-0.5126953125,-0.09765625,-0.52490234375
1,0.13427734375,-0.3662109375,-0.18310546875,-0.30517578125,-0.09765625,-0.4150390625,-0.29296875,0.01220703125,0.06103515625,-0.08544921875,0.09765625,-0.9033203125,-0.0732421875,1.03759765625,-0.244140625,-0.18310546875,-0.08544921875,-0.8544921875,-0.06103515625,-0.32958984375,0.20751953125,0.64697265625,0.09765625,-0.9521484375,-0.42724609375,-0.2197265625,-0.146484375,-0.78125,-0.29296875,0.87890625,0.10986328125,0.2197265625,-0.45166015625,-0.2685546875,0.28076171875,-0.59814453125,0.23193359375,-0.439453125,-0.048828125,-0.79345703125,0.10986328125,-0.2197265625,-0.439453125,-0.68359375,0.20751953125,-0.29296875,-0.23193359375,0.78125,-0.048828125,1.20849609375,0.1220703125,0.439453125,-0.15869140625,-0.20751953125,-0.29296875,0.7568359375,0.1220703125,8.33740234375,0.25634765625,4.06494140625,-0.52490234375,3.82080078125,0.830078125,5.2978515625,0.06103515625,0.35400390625,-0.244140625,1.08642578125,-0.15869140625,0.2685546875,-0.1220703125,0.28076171875,0.08544921875,0.3662109375,-0.10986328125,0.89111328125,-0.20751953125,0.048828125,-0.09765625,1.3427734375,0.0244140625,-1.0009765625,-0.18310546875,-0.341796875,0.1708984375,-0.98876953125,-0.29296875,-0.732421875,-0.0732421875,-1.4892578125,-0.20751953125,-0.2197265625,-0.08544921875,-0.30517578125,-0.09765625,-1.20849609375,-0.2685546875,-0.3662109375,0,-0.2197265625,-0.13427734375,-0.52490234375,0.06103515625,0.3173828125,0.0244140625,-0.830078125,0.1708984375,-1.47705078125,-0.1220703125,-1.0498046875,-0.146484375,0.4150390625,-0.1220703125,0.28076171875,0.03662109375,-0.048828125,-0.048828125,-0.146484375,-0.0732421875,0.09765625,0,-0.08544921875,0.1708984375,0.79345703125,-0.32958984375,-0.537109375,-0.1220703125,-0.537109375
1,0.15869140625,-0.35400390625,-0.1953125,-0.30517578125,-0.08544921875,-0.40283203125,-0.3173828125,0.01220703125,0.0732421875,-0.0732421875,0.10986328125,-0.91552734375,-0.048828125,1.025390625,-0.2685546875,-0.18310546875,-0.10986328125,-0.84228515625,-0.0244140625,-0.32958984375,0.25634765625,0.634765625,0.0244140625,-0.9521484375,-0.40283203125,-0.18310546875,-0.13427734375,-0.79345703125,-0.244140625,0.87890625,0.23193359375,0.20751953125,-0.28076171875,-0.25634765625,0.3173828125,-0.634765625,0.2685546875,-0.40283203125,-0.06103515625,-0.8056640625,0.1708984375,-0.2197265625,-0.4638671875,-0.7080078125,0.341796875,-0.29296875,-0.2197265625,0.78125,-0.03662109375,1.20849609375,0.0732421875,0.4638671875,-0.1708984375,-0.2197265625,-0.25634765625,0.74462890625,0.13427734375,7.70263671875,0.25634765625,3.759765625,-0.50048828125,3.61328125,0.830078125,4.87060546875,0.0244140625,0.3662109375,-0.3173828125,1.07421875,-0.146484375,0.244140625,-0.13427734375,0.29296875,0.048828125,0.341796875,-0.10986328125,0.8544921875,-0.15869140625,0,-0.09765625,1.3671875,0.0244140625,-0.9765625,-0.18310546875,-0.341796875,0.2197265625,-0.96435546875,-0.1953125,-0.72021484375,-0.09765625,-1.50146484375,-0.244140625,-0.2197265625,-0.10986328125,-0.30517578125,-0.146484375,-1.1962890625,-0.244140625,-0.30517578125,-0.06103515625,-0.15869140625,-0.10986328125,-0.47607421875,0.244140625,0.25634765625,0.10986328125,-0.830078125,0.08544921875,-1.4892578125,-0.13427734375,-1.03759765625,-0.10986328125,0.40283203125,-0.13427734375,0.2685546875,0.01220703125,-0.03662109375,-0.06103515625,-0.1708984375,-0.06103515625,0.08544921875,0,-0.08544921875,0.18310546875,0.8056640625,-0.3173828125,-0.54931640625,-0.09765625,-0.5126953125
1,0.15869140625,-0.390625,-0.1953125,-0.29296875,-0.08544921875,-0.390625,-0.30517578125,0,0.0732421875,-0.048828125,0.10986328125,-0.91552734375,-0.06103515625,1.025390625,-0.28076171875,-0.2197265625,-0.13427734375,-0.84228515625,-0.03662109375,-0.32958984375,0.2685546875,0.6103515625,-0.0244140625,-0.96435546875,-0.341796875,-0.18310546875,-0.09765625,-0.79345703125,-0.146484375,0.89111328125,0.32958984375,0.20751953125,-0.15869140625,-0.28076171875,0.37841796875,-0.7080078125,0.244140625,-0.40283203125,-0.09765625,-0.79345703125,0.18310546875,-0.20751953125,-0.4638671875,-0.732421875,0.439453125,-0.3173828125,-0.25634765625,0.78125,-0.0732421875,1.220703125,0.08544921875,0.50048828125,-0.13427734375,-0.23193359375,-0.18310546875,0.7568359375,0.048828125,6.97021484375,0.244140625,3.4423828125,-0.54931640625,3.41796875,0.76904296875,4.40673828125,-0.06103515625,0.341796875,-0.35400390625,1.07421875,-0.15869140625,0.2197265625,-0.10986328125,0.29296875,-0.01220703125,0.29296875,-0.09765625,0.8544921875,-0.1708984375,0,-0.09765625,1.37939453125,0.03662109375,-0.9521484375,-0.1708984375,-0.35400390625,0.18310546875,-0.96435546875,-0.08544921875,-0.732421875,-0.0732421875,-1.47705078125,-0.30517578125,-0.2197265625,-0.048828125,-0.30517578125,-0.2197265625,-1.18408203125,-0.2197265625,-0.20751953125,-0.146484375,-0.01220703125,-0.0732421875,-0.4150390625,0.1953125,0.25634765625,0.18310546875,-0.86669921875,-0.03662109375,-1.47705078125,-0.1220703125,-1.025390625,-0.08544921875,0.40283203125,-0.146484375,0.28076171875,0.0244140625,-0.03662109375,-0.08544921875,-0.1708984375,-0.06103515625,0.0732421875,-0.01220703125,-0.08544921875,0.20751953125,0.76904296875,-0.3173828125,-0.57373046875,-0.048828125,-0.537109375
1,0.1953125,-0.40283203125,-0.20751953125,-0.29296875,-0.0732421875,-0.390625,-0.3173828125,-0.01220703125,0.08544921875,-0.06103515625,0.09765625,-0.9033203125,-0.0732421875,1.03759765625,-0.25634765625,-0.2197265625,-0.1708984375,-0.830078125,-0.048828125,-0.35400390625,0.20751953125,0.62255859375,-0.1220703125,-0.9521484375,-0.244140625,-0.1708984375,-0.048828125,-0.79345703125,-0.01220703125,0.89111328125,0.32958984375,0.20751953125,-0.03662109375,-0.32958984375,0.37841796875,-0.79345703125,0.23193359375,-0.42724609375,-0.146484375,-0.78125,0.10986328125,-0.1953125,-0.40283203125,-0.72021484375,0.5126953125,-0.37841796875,-0.28076171875,0.76904296875,-0.09765625,1.18408203125,0.18310546875,0.54931640625,-0.146484375,-0.2197265625,-0.1220703125,0.74462890625,0.0732421875,6.1279296875,0.244140625,3.1005859375,-0.62255859375,3.18603515625,0.74462890625,3.91845703125,-0.0732421875,0.35400390625,-0.42724609375,1.06201171875,-0.20751953125,0.1953125,-0.10986328125,0.2685546875,-0.08544921875,0.2685546875,-0.08544921875,0.8544921875,-0.18310546875,-0.01220703125,-0.0244140625,1.3671875,0.03662109375,-0.927734375,-0.1953125,-0.35400390625,0.15869140625,-0.93994140625,0.03662109375,-0.732421875,-0.01220703125,-1.4892578125,-0.3173828125,-0.23193359375,0.0732421875,-0.29296875,-0.3173828125,-1.15966796875,-0.1953125,-0.048828125,-0.2197265625,0.15869140625,-0.06103515625,-0.3173828125,0.1220703125,0.341796875,0.244140625,-0.84228515625,-0.146484375,-1.47705078125,-0.1708984375,-1.03759765625,-0.06103515625,0.4150390625,-0.1708984375,0.28076171875,0.01220703125,-0.01220703125,-0.0732421875,-0.15869140625,-0.03662109375,0.08544921875,-0.03662109375,-0.048828125,0.1953125,0.76904296875,-0.35400390625,-0.5859375,0,-0.5126953125
1,0.18310546875,-0.42724609375,-0.20751953125,-0.29296875,-0.09765625,-0.40283203125,-0.341796875,-0.01220703125,0.1220703125,-0.06103515625,0.10986328125,-0.91552734375,-0.10986328125,1.03759765625,-0.25634765625,-0.244140625,-0.18310546875,-0.830078125,-0.10986328125,-0.35400390625,0.09765625,0.64697265625,-0.1708984375,-0.96435546875,-0.1953125,-0.146484375,0,-0.79345703125,0.09765625,0.87890625,0.244140625,0.1953125,0.08544921875,-0.3662109375,0.30517578125,-0.86669921875,0.146484375,-0.439453125,-0.18310546875,-0.78125,-0.03662109375,-0.1708984375,-0.37841796875,-0.69580078125,0.52490234375,-0.42724609375,-0.2685546875,0.79345703125,-0.1220703125,1.171875,0.29296875,0.5859375,-0.09765625,-0.2197265625,-0.0732421875,0.7568359375,-0.01220703125,5.224609375,0.20751953125,2.72216796875,-0.68359375,2.9296875,0.634765625,3.40576171875,-0.08544921875,0.29296875,-0.45166015625,1.03759765625,-0.23193359375,0.18310546875,-0.09765625,0.244140625,-0.146484375,0.20751953125,-0.0732421875,0.84228515625,-0.1953125,0,0.06103515625,1.3427734375,0.048828125,-0.927734375,-0.15869140625,-0.3662109375,0.08544921875,-0.927734375,0.1708984375,-0.74462890625,0.06103515625,-1.52587890625,-0.28076171875,-0.244140625,0.23193359375,-0.30517578125,-0.3662109375,-1.15966796875,-0.15869140625,0.10986328125,-0.30517578125,0.30517578125,-0.08544921875,-0.1953125,0.18310546875,0.45166015625,0.25634765625,-0.78125,-0.2685546875,-1.46484375,-0.15869140625,-1.025390625,-0.03662109375,0.42724609375,-0.1708984375,0.29296875,-0.0244140625,0,-0.0732421875,-0.10986328125,-0.03662109375,0.13427734375,-0.03662109375,-0.01220703125,0.1953125,0.79345703125,-0.37841796875,-0.5615234375,0.0732421875,-0.5126953125
1,0.23193359375,-0.4150390625,-0.23193359375,-0.29296875,-0.1220703125,-0.42724609375,-0.341796875,0.01220703125,0.10986328125,-0.08544921875,0.09765625,-0.9033203125,-0.13427734375,1.025390625,-0.244140625,-0.244140625,-0.18310546875,-0.84228515625,-0.146484375,-0.35400390625,-0.03662109375,0.64697265625,-0.23193359375,-0.9521484375,-0.18310546875,-0.146484375,0.0732421875,-0.81787109375,0.2197265625,0.89111328125,0.146484375,0.20751953125,0.06103515625,-0.4150390625,0.29296875,-0.927734375,0.0732421875,-0.45166015625,-0.244140625,-0.76904296875,-0.23193359375,-0.1708984375,-0.32958984375,-0.6591796875,0.48828125,-0.45166015625,-0.30517578125,0.79345703125,-0.13427734375,1.1474609375,0.32958984375,0.59814453125,-0.01220703125,-0.1953125,-0.01220703125,0.74462890625,-0.01220703125,4.28466796875,0.23193359375,2.38037109375,-0.68359375,2.63671875,0.64697265625,2.94189453125,-0.08544921875,0.2685546875,-0.48828125,1.025390625,-0.25634765625,0.18310546875,-0.08544921875,0.2197265625,-0.18310546875,0.1953125,-0.06103515625,0.830078125,-0.23193359375,-0.01220703125,0.1220703125,1.3427734375,0.0732421875,-0.93994140625,-0.1220703125,-0.3662109375,0.0244140625,-0.9521484375,0.23193359375,-0.7568359375,0.08544921875,-1.52587890625,-0.2197265625,-0.2685546875,0.37841796875,-0.28076171875,-0.40283203125,-1.13525390625,-0.18310546875,0.244140625,-0.35400390625,0.45166015625,-0.10986328125,-0.1220703125,0.1708984375,0.5615234375,0.18310546875,-0.76904296875,-0.3173828125,-1.45263671875,-0.13427734375,-1.01318359375,0,0.40283203125,-0.18310546875,0.30517578125,-0.0244140625,0.01220703125,-0.08544921875,-0.048828125,-0.06103515625,0.1220703125,-0.048828125,0,0.13427734375,0.76904296875,-0.40283203125,-0.50048828125,0.1220703125,-0.52490234375
1,0.25634765625,-0.4150390625,-0.25634765625,-0.29296875,-0.09765625,-0.42724609375,-0.341796875,0.01220703125,0.1220703125,-0.08544921875,0.08544921875,-0.91552734375,-0.15869140625,1.0498046875,-0.25634765625,-0.244140625,-0.18310546875,-0.830078125,-0.20751953125,-0.32958984375,-0.146484375,0.6591796875,-0.29296875,-0.96435546875,-0.09765625,-0.146484375,0.13427734375,-0.81787109375,0.244140625,0.89111328125,0.048828125,0.2197265625,0.06103515625,-0.37841796875,0.2685546875,-0.9765625,-0.0244140625,-0.45166015625,-0.25634765625,-0.74462890625,-0.40283203125,-0.13427734375,-0.3173828125,-0.64697265625,0.4150390625,-0.45166015625,-0.29296875,0.81787109375,-0.13427734375,1.1474609375,0.30517578125,0.62255859375,0.03662109375,-0.20751953125,0.03662109375,0.7568359375,-0.0244140625,3.45458984375,0.1708984375,2.05078125,-0.76904296875,2.34375,0.5615234375,2.5634765625,-0.10986328125,0.244140625,-0.47607421875,1.025390625,-0.23193359375,0.146484375,-0.1220703125,0.20751953125,-0.25634765625,0.18310546875,-0.048828125,0.86669921875,-0.2685546875,-0.0244140625,0.18310546875,1.33056640625,0.09765625,-0.91552734375,-0.10986328125,-0.35400390625,-0.048828125,-0.9521484375,0.30517578125,-0.7568359375,0.09765625,-1.5380859375,-0.09765625,-0.2685546875,0.4638671875,-0.29296875,-0.37841796875,-1.123046875,-0.146484375,0.28076171875,-0.30517578125,0.4638671875,-0.09765625,-0.10986328125,0.1953125,0.67138671875,0.0732421875,-0.72021484375,-0.3173828125,-1.46484375,-0.0732421875,-1.01318359375,-0.01220703125,0.40283203125,-0.1953125,0.30517578125,-0.03662109375,0,-0.0732421875,0,-0.06103515625,0.13427734375,-0.06103515625,-0.01220703125,0.10986328125,0.8056640625,-0.40283203125,-0.45166015625,0.146484375,-0.5126953125
1,0.29296875,-0.40283203125,-0.25634765625,-0.29296875,-0.08544921875,-0.42724609375,-0.35400390625,0.03662109375,0.10986328125,-0.09765625,0.0732421875,-0.927734375,-0.18310546875,1.03759765625,-0.244140625,-0.244140625,-0.18310546875,-0.81787109375,-0.25634765625,-0.32958984375,-0.20751953125,0.67138671875,-0.3173828125,-0.9521484375,-0.09765625,-0.15869140625,0.1953125,-0.830078125,0.20751953125,0.87890625,0.01220703125,0.1953125,0,-0.3662109375,0.244140625,-0.9765625,-0.09765625,-0.4638671875,-0.25634765625,-0.7568359375,-0.5126953125,-0.15869140625,-0.32958984375,-0.64697265625,0.28076171875,-0.40283203125,-0.30517578125,0.81787109375,-0.10986328125,1.15966796875,0.25634765625,0.64697265625,0.0732421875,-0.18310546875,0.06103515625,0.74462890625,-0.0244140625,2.81982421875,0.13427734375,1.8310546875,-0.8056640625,2.099609375,0.5126953125,2.28271484375,-0.18310546875,0.23193359375,-0.42724609375,1.03759765625,-0.20751953125,0.1708984375,-0.13427734375,0.1953125,-0.3173828125,0.20751953125,-0.01220703125,0.84228515625,-0.28076171875,0.01220703125,0.23193359375,1.3427734375,0.0732421875,-0.9521484375,-0.08544921875,-0.3662109375,-0.0732421875,-0.9521484375,0.244140625,-0.78125,0.10986328125,-1.5625,-0.01220703125,-0.29296875,0.47607421875,-0.30517578125,-0.244140625,-1.1474609375,-0.15869140625,0.2197265625,-0.2685546875,0.4150390625,-0.15869140625,-0.1708984375,0.15869140625,0.74462890625,-0.048828125,-0.67138671875,-0.28076171875,-1.46484375,-0.0244140625,-1.01318359375,-0.01220703125,0.4150390625,-0.20751953125,0.30517578125,-0.01220703125,0,-0.08544921875,0,-0.08544921875,0.13427734375,-0.0732421875,-0.01220703125,0.06103515625,0.79345703125,-0.40283203125,-0.47607421875,0.146484375,-0.54931640625
0,0.341796875,-0.4150390625,-0.25634765625,-0.3173828125,-0.0732421875,-0.4150390625,-0.3662109375,0.03662109375,0.10986328125,-0.09765625,0.0732421875,-0.927734375,-0.2197265625,1.06201171875,-0.2685546875,-0.244140625,-0.1708984375,-0.81787109375,-0.29296875,-0.32958984375,-0.23193359375,0.68359375,-0.30517578125,-0.93994140625,-0.09765625,-0.146484375,0.2197265625,-0.830078125,0.146484375,0.87890625,0.03662109375,0.20751953125,-0.1953125,-0.32958984375,0.25634765625,-0.96435546875,-0.146484375,-0.4638671875,-0.28076171875,-0.7568359375,-0.537109375,-0.146484375,-0.37841796875,-0.634765625,0.1953125,-0.3662109375,-0.28076171875,0.81787109375,-0.08544921875,1.18408203125,0.2197265625,0.634765625,0.08544921875,-0.2197265625,0.09765625,0.732421875,-0.048828125,2.50244140625,0.18310546875,1.72119140625,-0.9033203125,1.94091796875,0.52490234375,2.1728515625,-0.1953125,0.23193359375,-0.35400390625,1.0498046875,-0.18310546875,0.18310546875,-0.1708984375,0.1953125,-0.3173828125,0.2197265625,0.01220703125,0.87890625,-0.28076171875,0,0.28076171875,1.33056640625,0.03662109375,-0.96435546875,-0.0244140625,-0.3662109375,-0.03662109375,-0.9765625,0.10986328125,-0.76904296875,0.09765625,-1.5625,0.0732421875,-0.29296875,0.439453125,-0.30517578125,-0.146484375,-1.15966796875,-0.13427734375,0.06103515625,-0.18310546875,0.28076171875,-0.23193359375,-0.28076171875,0.1953125,0.8056640625,-0.13427734375,-0.64697265625,-0.20751953125,-1.46484375,-0.03662109375,-1.025390625,-0.0244140625,0.390625,-0.23193359375,0.30517578125,0.0244140625,-0.01220703125,-0.0732421875,-0.01220703125,-0.08544921875,0.146484375,-0.0732421875,0.01220703125,0.06103515625,0.81787109375,-0.439453125,-0.5126953125,0.13427734375,-0.54931640625
0,0.341796875,-0.390625,-0.244140625,-0.3173828125,-0.06103515625,-0.42724609375,-0.35400390625,0.01220703125,0.09765625,-0.08544921875,0.08544921875,-0.927734375,-0.2197265625,1.07421875,-0.244140625,-0.23193359375,-0.18310546875,-0.830078125,-0.25634765625,-0.32958984375,-0.18310546875,0.68359375,-0.244140625,-0.927734375,-0.08544921875,-0.13427734375,0.20751953125,-0.81787109375,0.06103515625,0.89111328125,0.08544921875,0.2197265625,-0.37841796875,-0.2685546875,0.2685546875,-0.927734375,-0.09765625,-0.42724609375,-0.244140625,-0.74462890625,-0.45166015625,-0.15869140625,-0.42724609375,-0.62255859375,0.15869140625,-0.32958984375,-0.23193359375,0.830078125,-0.06103515625,1.23291015625,0.20751953125,0.634765625,0.09765625,-0.2197265625,0.10986328125,0.74462890625,-0.08544921875,2.6123046875,0.15869140625,1.79443359375,-0.9521484375,1.94091796875,0.390625,2.3193359375,-0.20751953125,0.244140625,-0.29296875,1.06201171875,-0.1220703125,0.20751953125,-0.20751953125,0.20751953125,-0.30517578125,0.25634765625,0.03662109375,0.91552734375,-0.28076171875,0,0.29296875,1.3427734375,-0.0244140625,-1.0009765625,-0.01220703125,-0.3662109375,-0.01220703125,-0.9765625,-0.03662109375,-0.78125,0.08544921875,-1.55029296875,0.13427734375,-0.28076171875,0.3173828125,-0.32958984375,0.01220703125,-1.18408203125,-0.10986328125,-0.09765625,-0.08544921875,0.1220703125,-0.28076171875,-0.390625,0.23193359375,0.84228515625,-0.18310546875,-0.62255859375,-0.146484375,-1.4892578125,-0.08544921875,-1.025390625,-0.0732421875,0.40283203125,-0.23193359375,0.3173828125,0,0,-0.0732421875,-0.0244140625,-0.0732421875,0.15869140625,-0.08544921875,0.0732421875,0.06103515625,0.84228515625,-0.4638671875,-0.5126953125,0.10986328125,-0.52490234375
0,0.32958984375,-0.37841796875,-0.244140625,-0.32958984375,-0.048828125,-0.4150390625,-0.37841796875,0.01220703125,0.08544921875,-0.08544921875,0.09765625,-0.91552734375,-0.2197265625,1.08642578125,-0.23193359375,-0.2197265625,-0.2197265625,-0.8056640625,-0.2197265625,-0.32958984375,-0.09765625,0.67138671875,-0.18310546875,-0.96435546875,-0.09765625,-0.13427734375,0.15869140625,-0.8056640625,-0.08544921875,0.89111328125,0.10986328125,0.20751953125,-0.5126953125,-0.244140625,0.29296875,-0.9033203125,-0.0244140625,-0.42724609375,-0.2197265625,-0.7568359375,-0.32958984375,-0.1953125,-0.47607421875,-0.6591796875,0.146484375,-0.29296875,-0.244140625,0.76904296875,-0.06103515625,1.25732421875,0.1953125,0.6103515625,0.13427734375,-0.244140625,0.13427734375,0.732421875,0.01220703125,3.173828125,0.2197265625,2.0751953125,-0.98876953125,2.11181640625,0.3662109375,2.69775390625,-0.18310546875,0.25634765625,-0.2197265625,1.07421875,-0.0732421875,0.23193359375,-0.23193359375,0.20751953125,-0.28076171875,0.29296875,0.0732421875,0.89111328125,-0.2685546875,-0.01220703125,0.3173828125,1.318359375,-0.09765625,-1.01318359375,-0.01220703125,-0.35400390625,0,-0.9765625,-0.2197265625,-0.78125,0.09765625,-1.5380859375,0.1708984375,-0.28076171875,0.20751953125,-0.3173828125,0.13427734375,-1.1962890625,-0.1220703125,-0.2197265625,-0.048828125,0,-0.3662109375,-0.48828125,0.20751953125,0.9765625,-0.1708984375,-0.59814453125,-0.09765625,-1.4892578125,-0.146484375,-1.03759765625,-0.09765625,0.37841796875,-0.2197265625,0.3173828125,-0.01220703125,0,-0.0732421875,-0.01220703125,-0.0732421875,0.146484375,-0.08544921875,0.10986328125,0.0732421875,0.87890625,-0.4638671875,-0.5126953125,0.03662109375,-0.50048828125
0,0.341796875,-0.37841796875,-0.244140625,-0.3173828125,-0.048828125,-0.4150390625,-0.37841796875,0,0.0732421875,-0.09765625,0.09765625,-0.91552734375,-0.2197265625,1.11083984375,-0.244140625,-0.20751953125,-0.23193359375,-0.8056640625,-0.13427734375,-0.32958984375,0.01220703125,0.6591796875,-0.1220703125,-0.93994140625,-0.09765625,-0.146484375,0.09765625,-0.8056640625,-0.20751953125,0.89111328125,0.10986328125,0.2197265625,-0.5615234375,-0.2197265625,0.3173828125,-0.86669921875,0.06103515625,-0.4150390625,-0.18310546875,-0.78125,-0.15869140625,-0.20751953125,-0.52490234375,-0.6591796875,0.18310546875,-0.28076171875,-0.23193359375,0.7568359375,-0.048828125,1.26953125,0.18310546875,0.57373046875,0.10986328125,-0.244140625,0.15869140625,0.732421875,-0.03662109375,4.248046875,0.244140625,2.5634765625,-0.98876953125,2.5146484375,0.30517578125,3.35693359375,-0.13427734375,0.2685546875,-0.146484375,1.07421875,-0.048828125,0.25634765625,-0.2685546875,0.244140625,-0.244140625,0.29296875,0.09765625,0.927734375,-0.244140625,-0.01220703125,0.30517578125,1.30615234375,-0.13427734375,-1.025390625,-0.0244140625,-0.341796875,-0.03662109375,-0.9765625,-0.35400390625,-0.78125,0.09765625,-1.50146484375,0.146484375,-0.28076171875,0.13427734375,-0.32958984375,0.244140625,-1.20849609375,-0.146484375,-0.2197265625,-0.06103515625,-0.0244140625,-0.390625,-0.50048828125,0.23193359375,1.2451171875,-0.09765625,-0.6103515625,-0.03662109375,-1.513671875,-0.1953125,-1.0498046875,-0.09765625,0.390625,-0.20751953125,0.32958984375,-0.0244140625,-0.01220703125,-0.0732421875,-0.01220703125,-0.06103515625,0.10986328125,-0.10986328125,0.10986328125,0.10986328125,0.84228515625,-0.47607421875,-0.50048828125,-0.0244140625,-0.50048828125
0,0.35400390625,-0.3662109375,-0.23193359375,-0.32958984375,-0.03662109375,-0.42724609375,-0.3662109375,-0.01220703125,0.08544921875,-0.10986328125,0.09765625,-0.9033203125,-0.2197265625,1.1474609375,-0.23193359375,-0.1953125,-0.244140625,-0.8056640625,-0.06103515625,-0.341796875,0.146484375,0.64697265625,-0.13427734375,-0.93994140625,-0.13427734375,-0.146484375,0.03662109375,-0.8056640625,-0.30517578125,0.9033203125,0.09765625,0.2197265625,-0.47607421875,-0.23193359375,0.341796875,-0.81787109375,0.1708984375,-0.40283203125,-0.1220703125,-0.76904296875,-0.0244140625,-0.23193359375,-0.50048828125,-0.6591796875,0.2197265625,-0.30517578125,-0.23193359375,0.72021484375,-0.01220703125,1.25732421875,0.146484375,0.5615234375,0.10986328125,-0.23193359375,0.18310546875,0.732421875,-0.08544921875,5.72509765625,0.2685546875,3.2470703125,-0.9521484375,3.11279296875,0.146484375,4.23583984375,-0.08544921875,0.28076171875,-0.048828125,1.0498046875,-0.0244140625,0.244140625,-0.244140625,0.23193359375,-0.20751953125,0.30517578125,0.10986328125,0.9033203125,-0.25634765625,0,0.28076171875,1.33056640625,-0.1708984375,-1.025390625,-0.048828125,-0.341796875,-0.09765625,-0.9765625,-0.390625,-0.78125,0.08544921875,-1.46484375,0.08544921875,-0.29296875,0.08544921875,-0.341796875,0.28076171875,-1.220703125,-0.1220703125,-0.0732421875,-0.08544921875,0.13427734375,-0.3662109375,-0.3662109375,0.25634765625,1.67236328125,0,-0.634765625,-0.0244140625,-1.513671875,-0.2197265625,-1.06201171875,-0.08544921875,0.3662109375,-0.2197265625,0.32958984375,0,0,-0.0732421875,0,-0.06103515625,0.10986328125,-0.13427734375,0.08544921875,0.1220703125,0.8544921875,-0.4638671875,-0.50048828125,-0.0732421875,-0.47607421875
0,0.35400390625,-0.390625,-0.23193359375,-0.3173828125,-0.08544921875,-0.42724609375,-0.341796875,0,0.06103515625,-0.10986328125,0.10986328125,-0.89111328125,-0.20751953125,1.13525390625,-0.23193359375,-0.15869140625,-0.28076171875,-0.81787109375,0.0244140625,-0.341796875,0.30517578125,0.64697265625,-0.15869140625,-0.9033203125,-0.146484375,-0.146484375,-0.03662109375,-0.79345703125,-0.32958984375,0.89111328125,0.048828125,0.2197265625,-0.3173828125,-0.1953125,0.35400390625,-0.79345703125,0.28076171875,-0.3662109375,-0.09765625,-0.76904296875,0.06103515625,-0.2197265625,-0.439453125,-0.67138671875,0.28076171875,-0.29296875,-0.25634765625,0.6591796875,0.0244140625,1.23291015625,0.08544921875,0.52490234375,0.13427734375,-0.25634765625,0.146484375,0.74462890625,-0.0244140625,7.5439453125,0.25634765625,4.04052734375,-0.9033203125,3.84521484375,0.06103515625,5.2978515625,0,0.30517578125,0.03662109375,1.03759765625,-0.03662109375,0.2197265625,-0.23193359375,0.23193359375,-0.18310546875,0.3173828125,0.13427734375,0.87890625,-0.25634765625,-0.01220703125,0.25634765625,1.33056640625,-0.1953125,-1.01318359375,-0.08544921875,-0.32958984375,-0.2197265625,-0.9765625,-0.390625,-0.79345703125,0.09765625,-1.45263671875,0,-0.29296875,0.0732421875,-0.341796875,0.20751953125,-1.23291015625,-0.10986328125,0.29296875,-0.13427734375,0.4638671875,-0.341796875,-0.06103515625,0.244140625,2.35595703125,0.13427734375,-0.6591796875,0,-1.50146484375,-0.15869140625,-1.03759765625,-0.06103515625,0.40283203125,-0.1953125,0.341796875,-0.0244140625,0.01220703125,-0.06103515625,0,-0.048828125,0.09765625,-0.13427734375,0.0732421875,0.15869140625,0.8544921875,-0.47607421875,-0.48828125,-0.10986328125,-0.50048828125
0,0.3662109375,-0.390625,-0.244140625,-0.30517578125,-0.09765625,-0.40283203125,-0.341796875,-0.01220703125,0.09765625,-0.1220703125,0.13427734375,-0.89111328125,-0.2197265625,1.1474609375,-0.20751953125,-0.18310546875,-0.28076171875,-0.830078125,0.146484375,-0.35400390625,0.3662109375,0.634765625,-0.13427734375,-0.9033203125,-0.146484375,-0.146484375,-0.09765625,-0.79345703125,-0.2685546875,0.9033203125,-0.0244140625,0.23193359375,-0.08544921875,-0.2197265625,0.4150390625,-0.8056640625,0.341796875,-0.37841796875,-0.0732421875,-0.76904296875,0.08544921875,-0.2197265625,-0.244140625,-0.7080078125,0.32958984375,-0.3173828125,-0.1953125,0.6103515625,0.03662109375,1.23291015625,0,0.5126953125,0.08544921875,-0.2685546875,0.13427734375,0.76904296875,0.08544921875,9.50927734375,0.28076171875,4.931640625,-0.8056640625,4.736328125,0,6.4697265625,0.08544921875,0.3173828125,0.13427734375,1.025390625,-0.0244140625,0.23193359375,-0.18310546875,0.23193359375,-0.146484375,0.29296875,0.15869140625,0.87890625,-0.25634765625,-0.01220703125,0.2197265625,1.3427734375,-0.1953125,-0.98876953125,-0.1220703125,-0.32958984375,-0.341796875,-0.9765625,-0.3173828125,-0.76904296875,0.0732421875,-1.45263671875,-0.10986328125,-0.2685546875,0.09765625,-0.341796875,0.048828125,-1.220703125,-0.1220703125,0.830078125,-0.28076171875,1.01318359375,-0.29296875,0.390625,0.146484375,3.25927734375,0.23193359375,-0.6591796875,0.03662109375,-1.4892578125,-0.146484375,-1.03759765625,-0.06103515625,0.4150390625,-0.18310546875,0.32958984375,-0.0244140625,0.01220703125,-0.0732421875,0.0244140625,-0.01220703125,0.10986328125,-0.10986328125,0.03662109375,0.13427734375,0.830078125,-0.50048828125,-0.45166015625,-0.13427734375,-0.47607421875
0,0.37841796875,-0.390625,-0.244140625,-0.29296875,-0.13427734375,-0.42724609375,-0.341796875,-0.01220703125,0.10986328125,-0.13427734375,0.1220703125,-0.89111328125,-0.20751953125,1.1474609375,-0.1953125,-0.18310546875,-0.244140625,-0.84228515625,0.1953125,-0.341796875,0.390625,0.634765625,-0.15869140625,-0.9033203125,-0.146484375,-0.1220703125,-0.146484375,-0.8056640625,-0.1953125,0.9033203125,-0.08544921875,0.2197265625,0.08544921875,-0.28076171875,0.45166015625,-0.830078125,0.390625,-0.390625,-0.06103515625,-0.76904296875,0.03662109375,-0.20751953125,-0.10986328125,-0.7080078125,0.3662109375,-0.3662109375,-0.13427734375,0.59814453125,0.01220703125,1.171875,-0.048828125,0.5126953125,0.0244140625,-0.23193359375,0.09765625,0.76904296875,0.20751953125,11.4501953125,0.28076171875,5.7861328125,-0.64697265625,5.60302734375,0,7.6416015625,0.146484375,0.30517578125,0.20751953125,1.025390625,-0.0244140625,0.2197265625,-0.1220703125,0.2197265625,-0.0732421875,0.2685546875,0.146484375,0.87890625,-0.28076171875,-0.0244140625,0.18310546875,1.3427734375,-0.18310546875,-0.9765625,-0.15869140625,-0.32958984375,-0.390625,-0.93994140625,-0.1953125,-0.76904296875,0.08544921875,-1.4404296875,-0.1953125,-0.28076171875,0.10986328125,-0.32958984375,-0.09765625,-1.23291015625,-0.06103515625,1.5380859375,-0.29296875,1.67236328125,-0.1953125,0.96435546875,0.10986328125,4.3212890625,0.29296875,-0.6591796875,0.06103515625,-1.4892578125,-0.15869140625,-1.03759765625,-0.0732421875,0.4150390625,-0.15869140625,0.3173828125,-0.01220703125,0.0244140625,-0.06103515625,0.03662109375,0,0.08544921875,-0.08544921875,-0.01220703125,0.146484375,0.8544921875,-0.5615234375,-0.42724609375,-0.146484375,-0.48828125
0,0.390625,-0.4150390625,-0.23193359375,-0.29296875,-0.1220703125,-0.42724609375,-0.32958984375,-0.01220703125,0.1220703125,-0.146484375,0.09765625,-0.9033203125,-0.23193359375,1.11083984375,-0.1708984375,-0.2197265625,-0.1708984375,-0.8544921875,0.18310546875,-0.3662109375,0.35400390625,0.634765625,-0.1220703125,-0.89111328125,-0.146484375,-0.13427734375,-0.13427734375,-0.8056640625,-0.06103515625,0.91552734375,-0.1220703125,0.1953125,0.1708984375,-0.3173828125,0.50048828125,-0.8544921875,0.3662109375,-0.4150390625,-0.03662109375,-0.76904296875,0.0244140625,-0.1953125,0,-0.68359375,0.37841796875,-0.40283203125,-0.048828125,0.59814453125,0,1.1474609375,-0.06103515625,0.50048828125,0,-0.1953125,0.03662109375,0.76904296875,0.13427734375,13.1591796875,0.2685546875,6.53076171875,-0.59814453125,6.40869140625,0.0732421875,8.642578125,0.1708984375,0.29296875,0.25634765625,1.025390625,-0.03662109375,0.18310546875,-0.08544921875,0.2197265625,-0.0244140625,0.25634765625,0.13427734375,0.87890625,-0.32958984375,-0.03662109375,0.15869140625,1.3671875,-0.15869140625,-0.927734375,-0.18310546875,-0.32958984375,-0.37841796875,-0.927734375,-0.08544921875,-0.76904296875,0.048828125,-1.45263671875,-0.25634765625,-0.25634765625,0.1220703125,-0.341796875,-0.28076171875,-1.220703125,-0.09765625,2.3193359375,-0.341796875,2.4169921875,-0.1708984375,1.5625,-0.01220703125,5.4931640625,0.29296875,-0.64697265625,0.048828125,-1.47705078125,-0.1708984375,-1.025390625,-0.0732421875,0.4150390625,-0.15869140625,0.32958984375,-0.0244140625,0.01220703125,-0.0732421875,0.048828125,-0.0244140625,0.09765625,-0.06103515625,-0.03662109375,0.1220703125,0.84228515625,-0.62255859375,-0.40283203125,-0.146484375,-0.4638671875
0,0.390625,-0.40283203125,-0.23193359375,-0.30517578125,-0.09765625,-0.4150390625,-0.3173828125,0,0.13427734375,-0.13427734375,0.08544921875,-0.91552734375,-0.244140625,1.11083984375,-0.146484375,-0.23193359375,-0.08544921875,-0.830078125,0.15869140625,-0.341796875,0.25634765625,0.64697265625,-0.03662109375,-0.89111328125,-0.146484375,-0.10986328125,-0.146484375,-0.78125,0.048828125,0.91552734375,-0.08544921875,0.2197265625,0.18310546875,-0.35400390625,0.5615234375,-0.87890625,0.3173828125,-0.439453125,0,-0.7568359375,-0.048828125,-0.18310546875,0.0244140625,-0.6591796875,0.3662109375,-0.42724609375,0.03662109375,0.59814453125,0,1.123046875,-0.06103515625,0.4638671875,-0.0732421875,-0.18310546875,-0.0244140625,0.7568359375,0.08544921875,14.501953125,0.23193359375,7.11669921875,-0.5859375,7.01904296875,0.06103515625,9.41162109375,0.1953125,0.30517578125,0.28076171875,1.025390625,-0.048828125,0.18310546875,-0.0244140625,0.2197265625,0.0244140625,0.244140625,0.1220703125,0.87890625,-0.35400390625,-0.0244140625,0.1708984375,1.3671875,-0.15869140625,-0.93994140625,-0.1708984375,-0.32958984375,-0.30517578125,-0.93994140625,0,-0.7568359375,-0.03662109375,-1.46484375,-0.25634765625,-0.23193359375,0.09765625,-0.3662109375,-0.390625,-1.20849609375,-0.08544921875,3.11279296875,-0.244140625,3.16162109375,-0.10986328125,2.197265625,0.146484375,6.67724609375,0.20751953125,-0.6591796875,0.03662109375,-1.4892578125,-0.1708984375,-1.01318359375,-0.06103515625,0.42724609375,-0.146484375,0.3173828125,-0.048828125,-0.01220703125,-0.08544921875,0.06103515625,-0.0244140625,0.09765625,-0.048828125,-0.06103515625,0.08544921875,0.8544921875,-0.6103515625,-0.42724609375,-0.18310546875,-0.47607421875
0,0.37841796875,-0.40283203125,-0.23193359375,-0.32958984375,-0.0732421875,-0.40283203125,-0.32958984375,0,0.146484375,-0.10986328125,0.09765625,-0.91552734375,-0.25634765625,1.08642578125,-0.1220703125,-0.244140625,-0.0244140625,-0.79345703125,0.0732421875,-0.341796875,0.1708984375,0.68359375,0.048828125,-0.91552734375,-0.146484375,-0.10986328125,-0.10986328125,-0.78125,0.146484375,0.91552734375,-0.06103515625,0.2197265625,0.13427734375,-0.341796875,0.634765625,-0.89111328125,0.23193359375,-0.4638671875,0.01220703125,-0.7568359375,-0.09765625,-0.15869140625,0.01220703125,-0.64697265625,0.30517578125,-0.4150390625,0.1220703125,0.6103515625,0.048828125,1.0986328125,-0.08544921875,0.45166015625,-0.146484375,-0.1708984375,-0.048828125,0.76904296875,0.03662109375,15.33203125,0.2197265625,7.470703125,-0.5126953125,7.421875,-0.01220703125,9.87548828125,0.1708984375,0.3173828125,0.30517578125,1.0498046875,-0.048828125,0.15869140625,-0.0244140625,0.18310546875,0.09765625,0.244140625,0.0732421875,0.89111328125,-0.37841796875,-0.0244140625,0.18310546875,1.35498046875,-0.18310546875,-0.927734375,-0.146484375,-0.32958984375,-0.15869140625,-0.96435546875,0.0244140625,-0.7568359375,-0.08544921875,-1.47705078125,-0.2197265625,-0.244140625,0.01220703125,-0.32958984375,-0.4150390625,-1.1962890625,-0.09765625,3.7841796875,-0.146484375,3.80859375,-0.03662109375,2.72216796875,0.29296875,7.80029296875,0.08544921875,-0.64697265625,-0.03662109375,-1.47705078125,-0.146484375,-1.0009765625,-0.03662109375,0.42724609375,-0.1220703125,0.30517578125,-0.048828125,-0.01220703125,-0.0732421875,0.03662109375,-0.01220703125,0.08544921875,-0.01220703125,-0.03662109375,0.08544921875,0.84228515625,-0.5859375,-0.4150390625,-0.1708984375,-0.47607421875
0,0.40283203125,-0.42724609375,-0.1953125,-0.30517578125,-0.06103515625,-0.42724609375,-0.341796875,0.01220703125,0.15869140625,-0.09765625,0.0732421875,-0.91552734375,-0.244140625,1.06201171875,-0.146484375,-0.244140625,0.01220703125,-0.79345703125,-0.0244140625,-0.3173828125,0.0732421875,0.68359375,0.13427734375,-0.93994140625,-0.13427734375,-0.1220703125,-0.048828125,-0.76904296875,0.1708984375,0.91552734375,0.08544921875,0.2197265625,0.1220703125,-0.3662109375,0.68359375,-0.89111328125,0.146484375,-0.45166015625,0.01220703125,-0.7568359375,-0.1220703125,-0.13427734375,-0.0732421875,-0.6591796875,0.25634765625,-0.4150390625,0.146484375,0.64697265625,0.09765625,1.123046875,-0.15869140625,0.439453125,-0.2685546875,-0.1953125,-0.048828125,0.7568359375,-0.03662109375,15.63720703125,0.20751953125,7.51953125,-0.37841796875,7.51953125,-0.0244140625,9.9853515625,0.2197265625,0.32958984375,0.3662109375,1.0498046875,-0.03662109375,0.1708984375,0,0.2197265625,0.146484375,0.244140625,-0.01220703125,0.927734375,-0.42724609375,0,0.1708984375,1.37939453125,-0.20751953125,-0.91552734375,-0.0732421875,-0.32958984375,-0.0244140625,-0.9765625,-0.01220703125,-0.76904296875,-0.18310546875,-1.50146484375,-0.1708984375,-0.244140625,-0.09765625,-0.30517578125,-0.35400390625,-1.171875,-0.146484375,4.3212890625,-0.0244140625,4.33349609375,-0.06103515625,3.13720703125,0.341796875,8.72802734375,0,-0.64697265625,-0.09765625,-1.45263671875,-0.0732421875,-1.01318359375,0,0.42724609375,-0.13427734375,0.341796875,-0.048828125,-0.0244140625,-0.08544921875,0.0244140625,-0.0244140625,0.10986328125,-0.0244140625,-0.03662109375,0.06103515625,0.8544921875,-0.537109375,-0.47607421875,-0.1708984375,-0.47607421875
0,0.37841796875,-0.42724609375,-0.20751953125,-0.30517578125,-0.06103515625,-0.45166015625,-0.32958984375,0.03662109375,0.18310546875,-0.0732421875,0.06103515625,-0.927734375,-0.28076171875,1.03759765625,-0.13427734375,-0.23193359375,-0.0244140625,-0.8056640625,-0.09765625,-0.30517578125,0.01220703125,0.68359375,0.13427734375,-0.9521484375,-0.10986328125,-0.1220703125,0.03662109375,-0.76904296875,0.13427734375,0.87890625,0.1953125,0.23193359375,0.06103515625,-0.341796875,0.68359375,-0.9033203125,0.048828125,-0.439453125,0.0244140625,-0.74462890625,-0.146484375,-0.1220703125,-0.13427734375,-0.64697265625,0.25634765625,-0.40283203125,0.13427734375,0.69580078125,0.09765625,1.1474609375,-0.15869140625,0.439453125,-0.390625,-0.20751953125,0.0244140625,0.7568359375,-0.0732421875,15.3564453125,0.18310546875,7.32421875,-0.244140625,7.36083984375,-0.0732421875,9.765625,0.28076171875,0.341796875,0.32958984375,1.07421875,-0.03662109375,0.15869140625,0,0.2197265625,0.13427734375,0.25634765625,-0.0732421875,0.93994140625,-0.40283203125,0,0.13427734375,1.37939453125,-0.2197265625,-0.927734375,0,-0.341796875,0.146484375,-0.98876953125,-0.048828125,-0.76904296875,-0.2685546875,-1.52587890625,-0.13427734375,-0.244140625,-0.1953125,-0.30517578125,-0.20751953125,-1.15966796875,-0.20751953125,4.6630859375,0.03662109375,4.6875,-0.10986328125,3.43017578125,0.23193359375,9.4482421875,-0.048828125,-0.62255859375,-0.1708984375,-1.4404296875,-0.06103515625,-1.01318359375,0.01220703125,0.4150390625,-0.09765625,0.32958984375,-0.03662109375,-0.0244140625,-0.0732421875,0,-0.048828125,0.10986328125,-0.0244140625,-0.01220703125,0.06103515625,0.84228515625,-0.5126953125,-0.5126953125,-0.146484375,-0.50048828125
0,0.37841796875,-0.42724609375,-0.18310546875,-0.30517578125,-0.08544921875,-0.439453125,-0.29296875,0.0244140625,0.1708984375,-0.0732421875,0.048828125,-0.91552734375,-0.29296875,1.01318359375,-0.13427734375,-0.20751953125,-0.08544921875,-0.76904296875,-0.13427734375,-0.29296875,-0.048828125,0.68359375,0.0244140625,-0.9765625,-0.06103515625,-0.13427734375,0.09765625,-0.7568359375,0.08544921875,0.89111328125,0.3173828125,0.2197265625,-0.0244140625,-0.28076171875,0.64697265625,-0.89111328125,0.01220703125,-0.390625,-0.03662109375,-0.74462890625,-0.146484375,-0.10986328125,-0.20751953125,-0.64697265625,0.28076171875,-0.3662109375,0.09765625,0.7080078125,0.0732421875,1.171875,-0.10986328125,0.45166015625,-0.47607421875,-0.1953125,0.048828125,0.7568359375,-0.15869140625,14.5751953125,0.13427734375,6.884765625,-0.28076171875,6.92138671875,-0.0732421875,9.21630859375,0.25634765625,0.341796875,0.28076171875,1.07421875,-0.03662109375,0.1708984375,-0.01220703125,0.2197265625,0.10986328125,0.28076171875,-0.10986328125,0.93994140625,-0.37841796875,0.0244140625,0.1220703125,1.3671875,-0.20751953125,-0.93994140625,0.0732421875,-0.35400390625,0.23193359375,-1.01318359375,-0.09765625,-0.76904296875,-0.244140625,-1.5380859375,-0.10986328125,-0.25634765625,-0.28076171875,-0.28076171875,-0.048828125,-1.13525390625,-0.15869140625,4.82177734375,0.10986328125,4.833984375,-0.10986328125,3.55224609375,0.1708984375,9.94873046875,-0.048828125,-0.62255859375,-0.25634765625,-1.46484375,-0.048828125,-1.025390625,-0.01220703125,0.4150390625,-0.09765625,0.32958984375,-0.0244140625,-0.048828125,-0.06103515625,-0.048828125,-0.048828125,0.13427734375,-0.048828125,0.01220703125,0.048828125,0.830078125,-0.50048828125,-0.54931640625,-0.09765625,-0.5126953125
1,0.35400390625,-0.40283203125,-0.1953125,-0.29296875,-0.048828125,-0.4150390625,-0.29296875,0.03662109375,0.146484375,-0.06103515625,0.048828125,-0.91552734375,-0.3173828125,1.025390625,-0.10986328125,-0.1953125,-0.18310546875,-0.79345703125,-0.146484375,-0.28076171875,-0.1220703125,0.68359375,-0.1708984375,-0.98876953125,-0.03662109375,-0.146484375,0.146484375,-0.76904296875,0.06103515625,0.89111328125,0.42724609375,0.23193359375,-0.0244140625,-0.25634765625,0.5859375,-0.89111328125,-0.0244140625,-0.341796875,-0.08544921875,-0.72021484375,-0.18310546875,-0.10986328125,-0.32958984375,-0.68359375,0.30517578125,-0.341796875,0.01220703125,0.7080078125,0.0732421875,1.18408203125,-0.0244140625,0.439453125,-0.5126953125,-0.1953125,0.09765625,0.74462890625,-0.20751953125,13.4033203125,0.1220703125,6.2744140625,-0.2197265625,6.33544921875,0.048828125,8.4228515625,0.29296875,0.3662109375,0.1953125,1.08642578125,-0.01220703125,0.1708984375,-0.03662109375,0.23193359375,0.09765625,0.30517578125,-0.1220703125,0.96435546875,-0.30517578125,0.01220703125,0.08544921875,1.35498046875,-0.1953125,-0.927734375,0.146484375,-0.341796875,0.244140625,-1.0009765625,-0.08544921875,-0.7568359375,-0.1953125,-1.55029296875,-0.09765625,-0.23193359375,-0.25634765625,-0.244140625,0.06103515625,-1.123046875,-0.13427734375,4.82177734375,0.09765625,4.87060546875,-0.1953125,3.564453125,0.1220703125,10.19287109375,-0.0244140625,-0.634765625,-0.30517578125,-1.45263671875,-0.09765625,-1.03759765625,-0.048828125,0.390625,-0.09765625,0.32958984375,-0.01220703125,-0.048828125,-0.08544921875,-0.0732421875,-0.0244140625,0.10986328125,-0.06103515625,0.0244140625,0.06103515625,0.81787109375,-0.439453125,-0.537109375,-0.048828125,-0.52490234375
1,0.35400390625,-0.390625,-0.1708984375,-0.28076171875,-0.0732421875,-0.4150390625,-0.28076171875,0.01220703125,0.146484375,-0.06103515625,0.0244140625,-0.91552734375,-0.341796875,1.0498046875,-0.08544921875,-0.1953125,-0.2685546875,-0.79345703125,-0.146484375,-0.29296875,-0.15869140625,0.64697265625,-0.390625,-0.98876953125,-0.01220703125,-0.15869140625,0.1708984375,-0.76904296875,0.03662109375,0.86669921875,0.45166015625,0.2197265625,0.0244140625,-0.2685546875,0.4638671875,-0.86669921875,-0.0244140625,-0.3662109375,-0.15869140625,-0.732421875,-0.2197265625,-0.13427734375,-0.32958984375,-0.68359375,0.30517578125,-0.341796875,-0.01220703125,0.72021484375,0,1.20849609375,0.03662109375,0.4638671875,-0.5615234375,-0.20751953125,0.1220703125,0.74462890625,-0.244140625,11.97509765625,0.13427734375,5.52978515625,-0.30517578125,5.62744140625,0.03662109375,7.48291015625,0.25634765625,0.35400390625,0.08544921875,1.08642578125,-0.01220703125,0.18310546875,-0.08544921875,0.244140625,0.06103515625,0.3173828125,-0.146484375,0.96435546875,-0.23193359375,0.0244140625,0.0732421875,1.35498046875,-0.15869140625,-0.9033203125,0.15869140625,-0.35400390625,0.1708984375,-0.98876953125,-0.0732421875,-0.74462890625,-0.09765625,-1.52587890625,-0.08544921875,-0.244140625,-0.13427734375,-0.244140625,0.09765625,-1.13525390625,-0.0732421875,4.72412109375,0.09765625,4.79736328125,-0.20751953125,3.50341796875,0.18310546875,10.21728515625,0.03662109375,-0.634765625,-0.3662109375,-1.45263671875,-0.08544921875,-1.06201171875,-0.08544921875,0.3662109375,-0.09765625,0.30517578125,0,-0.03662109375,-0.0732421875,-0.08544921875,-0.048828125,0.1220703125,-0.0732421875,0.048828125,0.048828125,0.830078125,-0.390625,-0.57373046875,0.01220703125,-0.537109375
1,0.390625,-0.37841796875,-0.15869140625,-0.28076171875,-0.0732421875,-0.42724609375,-0.25634765625,0.0244140625,0.146484375,-0.06103515625,-0.01220703125,-0.927734375,-0.3662109375,1.0498046875,-0.10986328125,-0.1953125,-0.390625,-0.81787109375,-0.1220703125,-0.30517578125,-0.1708984375,0.634765625,-0.52490234375,-0.9765625,0,-0.18310546875,0.15869140625,-0.79345703125,0.01220703125,0.86669921875,0.4150390625,0.23193359375,0.1220703125,-0.29296875,0.32958984375,-0.8544921875,0,-0.37841796875,-0.1953125,-0.732421875,-0.2197265625,-0.15869140625,-0.30517578125,-0.7080078125,0.30517578125,-0.35400390625,-0.0732421875,0.69580078125,-0.06103515625,1.1962890625,0.08544921875,0.50048828125,-0.54931640625,-0.1953125,0.08544921875,0.7568359375,-0.25634765625,10.498046875,0.1220703125,4.79736328125,-0.2685546875,4.91943359375,0.08544921875,6.4697265625,0.1708984375,0.32958984375,-0.01220703125,1.08642578125,0.0244140625,0.1708984375,-0.13427734375,0.244140625,0.03662109375,0.29296875,-0.146484375,0.9765625,-0.146484375,0.01220703125,0.06103515625,1.33056640625,-0.1220703125,-0.93994140625,0.18310546875,-0.3662109375,0.01220703125,-1.0009765625,-0.048828125,-0.74462890625,0,-1.5380859375,-0.06103515625,-0.2685546875,0.048828125,-0.28076171875,0.06103515625,-1.15966796875,0.03662109375,4.541015625,0.09765625,4.638671875,-0.18310546875,3.3935546875,0.09765625,10.05859375,0.10986328125,-0.634765625,-0.40283203125,-1.46484375,-0.08544921875,-1.07421875,-0.0732421875,0.37841796875,-0.09765625,0.3173828125,0,-0.03662109375,-0.06103515625,-0.09765625,-0.0732421875,0.10986328125,-0.0732421875,0.01220703125,0.06103515625,0.79345703125,-0.3173828125,-0.537109375,0.048828125,-0.54931640625
1,0.4150390625,-0.37841796875,-0.18310546875,-0.28076171875,-0.10986328125,-0.4150390625,-0.23193359375,0,0.146484375,-0.0732421875,-0.03662109375,-0.93994140625,-0.37841796875,1.08642578125,-0.1220703125,-0.1953125,-0.4638671875,-0.830078125,-0.09765625,-0.32958984375,-0.23193359375,0.64697265625,-0.57373046875,-0.9521484375,-0.01220703125,-0.18310546875,0.146484375,-0.81787109375,0.01220703125,0.84228515625,0.30517578125,0.2197265625,0.2197265625,-0.30517578125,0.15869140625,-0.81787109375,0.03662109375,-0.4150390625,-0.1708984375,-0.74462890625,-0.2685546875,-0.18310546875,-0.23193359375,-0.69580078125,0.25634765625,-0.37841796875,-0.09765625,0.69580078125,-0.13427734375,1.171875,0.0732421875,0.5126953125,-0.54931640625,-0.1953125,0.06103515625,0.76904296875,-0.244140625,9.033203125,0.1220703125,4.0771484375,-0.20751953125,4.2724609375,0.06103515625,5.4931640625,0.10986328125,0.28076171875,-0.06103515625,1.06201171875,0.01220703125,0.1708984375,-0.1708984375,0.23193359375,-0.01220703125,0.29296875,-0.1220703125,0.96435546875,-0.08544921875,-0.01220703125,0.01220703125,1.30615234375,-0.09765625,-0.9521484375,0.15869140625,-0.3662109375,-0.15869140625,-0.96435546875,0.0244140625,-0.7568359375,0.06103515625,-1.52587890625,-0.0244140625,-0.28076171875,0.23193359375,-0.2685546875,-0.01220703125,-1.15966796875,0.09765625,4.3701171875,0.0732421875,4.43115234375,-0.18310546875,3.2470703125,-0.06103515625,9.75341796875,0.15869140625,-0.64697265625,-0.37841796875,-1.47705078125,-0.048828125,-1.06201171875,-0.06103515625,0.390625,-0.09765625,0.30517578125,0,-0.03662109375,-0.06103515625,-0.10986328125,-0.08544921875,0.10986328125,-0.0732421875,-0.01220703125,0.0244140625,0.8056640625,-0.28076171875,-0.537109375,0.08544921875,-0.54931640625
1,0.40283203125,-0.37841796875,-0.23193359375,-0.28076171875,-0.09765625,-0.4150390625,-0.2197265625,-0.0244140625,0.1708984375,-0.09765625,-0.03662109375,-0.927734375,-0.42724609375,1.08642578125,-0.09765625,-0.20751953125,-0.52490234375,-0.830078125,-0.06103515625,-0.341796875,-0.244140625,0.6591796875,-0.537109375,-0.927734375,-0.048828125,-0.15869140625,0.09765625,-0.830078125,0.01220703125,0.8544921875,0.146484375,0.23193359375,0.29296875,-0.341796875,0.0244140625,-0.84228515625,0.0244140625,-0.45166015625,-0.146484375,-0.76904296875,-0.28076171875,-0.18310546875,-0.048828125,-0.67138671875,0.15869140625,-0.4150390625,-0.08544921875,0.64697265625,-0.1953125,1.1474609375,0.03662109375,0.52490234375,-0.537109375,-0.1953125,0.0732421875,0.76904296875,-0.2197265625,7.6904296875,0.06103515625,3.43017578125,-0.15869140625,3.7353515625,0.08544921875,4.638671875,0.06103515625,0.23193359375,-0.146484375,1.025390625,0,0.1708984375,-0.23193359375,0.20751953125,-0.048828125,0.244140625,-0.10986328125,0.96435546875,-0.01220703125,-0.0244140625,-0.01220703125,1.30615234375,-0.0732421875,-0.927734375,0.13427734375,-0.35400390625,-0.29296875,-0.9521484375,0.048828125,-0.78125,0.09765625,-1.52587890625,-0.0244140625,-0.28076171875,0.37841796875,-0.28076171875,-0.0732421875,-1.171875,0.10986328125,4.2236328125,0.048828125,4.26025390625,-0.146484375,3.11279296875,-0.18310546875,9.33837890625,0.1708984375,-0.6591796875,-0.35400390625,-1.47705078125,-0.0244140625,-1.06201171875,-0.09765625,0.37841796875,-0.08544921875,0.29296875,0,-0.048828125,-0.0732421875,-0.08544921875,-0.10986328125,0.09765625,-0.03662109375,-0.0244140625,0,0.81787109375,-0.30517578125,-0.50048828125,0.1220703125,-0.54931640625
1,0.40283203125,-0.37841796875,-0.2197265625,-0.30517578125,-0.10986328125,-0.4150390625,-0.18310546875,-0.0244140625,0.146484375,-0.09765625,-0.0244140625,-0.927734375,-0.439453125,1.123046875,-0.08544921875,-0.20751953125,-0.52490234375,-0.84228515625,-0.0244140625,-0.341796875,-0.23193359375,0.67138671875,-0.390625,-0.91552734375,-0.08544921875,-0.15869140625,0.0244140625,-0.84228515625,0,0.8544921875,-0.0244140625,0.23193359375,0.28076171875,-0.3662109375,-0.0244140625,-0.84228515625,0.0732421875,-0.4638671875,-0.0732421875,-0.7568359375,-0.2685546875,-0.18310546875,0.048828125,-0.67138671875,0.048828125,-0.45166015625,-0.09765625,0.64697265625,-0.28076171875,1.123046875,0,0.52490234375,-0.4638671875,-0.18310546875,0.03662109375,0.78125,-0.1708984375,6.55517578125,0.0244140625,2.91748046875,-0.1220703125,3.30810546875,0.1220703125,3.90625,0.03662109375,0.15869140625,-0.2197265625,1.025390625,-0.01220703125,0.18310546875,-0.23193359375,0.1953125,-0.08544921875,0.20751953125,-0.10986328125,0.9521484375,0.01220703125,-0.03662109375,0.03662109375,1.30615234375,-0.09765625,-0.927734375,0.08544921875,-0.35400390625,-0.3662109375,-0.9521484375,0.01220703125,-0.76904296875,0.09765625,-1.52587890625,-0.01220703125,-0.28076171875,0.439453125,-0.30517578125,-0.13427734375,-1.1962890625,0.0732421875,4.06494140625,0.08544921875,4.0771484375,-0.10986328125,2.96630859375,-0.244140625,8.88671875,0.146484375,-0.68359375,-0.2685546875,-1.46484375,-0.048828125,-1.03759765625,-0.1220703125,0.40283203125,-0.09765625,0.29296875,0,-0.06103515625,-0.06103515625,-0.06103515625,-0.146484375,0.09765625,-0.03662109375,-0.048828125,-0.01220703125,0.830078125,-0.3173828125,-0.4638671875,0.1953125,-0.5615234375
1,0.3662109375,-0.37841796875,-0.1953125,-0.29296875,-0.06103515625,-0.40283203125,-0.18310546875,-0.01220703125,0.146484375,-0.09765625,-0.0244140625,-0.91552734375,-0.42724609375,1.13525390625,-0.048828125,-0.20751953125,-0.48828125,-0.830078125,0.01220703125,-0.3662109375,-0.23193359375,0.67138671875,-0.20751953125,-0.91552734375,-0.15869140625,-0.13427734375,-0.03662109375,-0.84228515625,-0.01220703125,0.86669921875,-0.1953125,0.244140625,0.15869140625,-0.4150390625,0.048828125,-0.8544921875,0.0732421875,-0.50048828125,-0.01220703125,-0.7568359375,-0.244140625,-0.1708984375,0.15869140625,-0.64697265625,-0.06103515625,-0.4638671875,0.01220703125,0.62255859375,-0.341796875,1.08642578125,0.01220703125,0.50048828125,-0.341796875,-0.15869140625,0.06103515625,0.76904296875,-0.1220703125,5.5908203125,0.01220703125,2.5146484375,-0.10986328125,3.01513671875,0.1708984375,3.28369140625,0.01220703125,0.13427734375,-0.30517578125,1.0009765625,-0.01220703125,0.18310546875,-0.23193359375,0.1708984375,-0.10986328125,0.18310546875,-0.06103515625,0.9521484375,0.048828125,-0.0244140625,0.048828125,1.2939453125,-0.09765625,-0.93994140625,0.03662109375,-0.35400390625,-0.32958984375,-0.9521484375,-0.0244140625,-0.78125,0.0732421875,-1.513671875,-0.03662109375,-0.29296875,0.42724609375,-0.3173828125,-0.10986328125,-1.1962890625,-0.0244140625,3.89404296875,0.10986328125,3.857421875,-0.10986328125,2.8076171875,-0.3173828125,8.3740234375,0.09765625,-0.69580078125,-0.1220703125,-1.4892578125,-0.10986328125,-1.025390625,-0.146484375,0.4150390625,-0.08544921875,0.30517578125,0.01220703125,-0.06103515625,-0.0732421875,-0.06103515625,-0.146484375,0.0732421875,-0.0244140625,-0.048828125,-0.0244140625,0.830078125,-0.341796875,-0.45166015625,0.20751953125,-0.54931640625
1,0.35400390625,-0.40283203125,-0.1708984375,-0.30517578125,-0.0732421875,-0.390625,-0.1708984375,0,0.18310546875,-0.08544921875,-0.01220703125,-0.91552734375,-0.42724609375,1.13525390625,-0.01220703125,-0.1953125,-0.40283203125,-0.830078125,0.0244140625,-0.3662109375,-0.1708984375,0.68359375,-0.06103515625,-0.9033203125,-0.23193359375,-0.146484375,-0.09765625,-0.84228515625,-0.1220703125,0.87890625,-0.341796875,0.23193359375,-0.01220703125,-0.4150390625,0.0732421875,-0.87890625,0.10986328125,-0.50048828125,0.08544921875,-0.7568359375,-0.1708984375,-0.146484375,0.23193359375,-0.62255859375,-0.1220703125,-0.47607421875,0.146484375,0.634765625,-0.3662109375,1.0986328125,0.0244140625,0.47607421875,-0.23193359375,-0.18310546875,0.09765625,0.74462890625,-0.08544921875,4.7607421875,-0.0244140625,2.18505859375,-0.03662109375,2.79541015625,0.2197265625,2.77099609375,-0.048828125,0.1220703125,-0.341796875,1.0009765625,-0.06103515625,0.20751953125,-0.23193359375,0.15869140625,-0.146484375,0.15869140625,-0.0244140625,0.96435546875,0.08544921875,-0.01220703125,0.08544921875,1.318359375,-0.13427734375,-0.9521484375,-0.01220703125,-0.35400390625,-0.244140625,-0.9765625,-0.10986328125,-0.79345703125,0.0244140625,-1.52587890625,-0.048828125,-0.29296875,0.341796875,-0.341796875,-0.06103515625,-1.23291015625,-0.146484375,3.72314453125,0.08544921875,3.64990234375,-0.13427734375,2.64892578125,-0.29296875,7.84912109375,0.048828125,-0.68359375,-0.01220703125,-1.50146484375,-0.15869140625,-1.03759765625,-0.146484375,0.4150390625,-0.09765625,0.30517578125,0.01220703125,-0.048828125,-0.0732421875,-0.048828125,-0.146484375,0.0732421875,0,-0.048828125,-0.03662109375,0.830078125,-0.32958984375,-0.439453125,0.1953125,-0.537109375
1,0.3173828125,-0.390625,-0.18310546875,-0.29296875,-0.09765625,-0.4150390625,-0.1708984375,0.01220703125,0.1708984375,-0.0732421875,-0.03662109375,-0.9033203125,-0.42724609375,1.13525390625,0.01220703125,-0.1953125,-0.28076171875,-0.8056640625,0.03662109375,-0.341796875,-0.06103515625,0.69580078125,0.03662109375,-0.91552734375,-0.28076171875,-0.1220703125,-0.18310546875,-0.830078125,-0.23193359375,0.87890625,-0.341796875,0.2197265625,-0.1953125,-0.4150390625,0.1708984375,-0.86669921875,0.13427734375,-0.48828125,0.1953125,-0.732421875,-0.08544921875,-0.146484375,0.20751953125,-0.62255859375,-0.146484375,-0.47607421875,0.244140625,0.6591796875,-0.35400390625,1.0986328125,0,0.4638671875,-0.1220703125,-0.1708984375,0.09765625,0.74462890625,-0.09765625,4.01611328125,-0.08544921875,1.89208984375,0.10986328125,2.57568359375,0.15869140625,2.28271484375,-0.0732421875,0.15869140625,-0.3662109375,1.0009765625,-0.08544921875,0.20751953125,-0.1953125,0.15869140625,-0.2197265625,0.18310546875,-0.0244140625,0.93994140625,0.09765625,0.01220703125,0.18310546875,1.30615234375,-0.146484375,-0.96435546875,-0.03662109375,-0.35400390625,-0.1220703125,-0.98876953125,-0.15869140625,-0.8056640625,-0.048828125,-1.55029296875,-0.03662109375,-0.30517578125,0.2197265625,-0.32958984375,0.01220703125,-1.220703125,-0.15869140625,3.55224609375,0.1220703125,3.4423828125,-0.09765625,2.47802734375,-0.15869140625,7.32421875,0.01220703125,-0.69580078125,0.08544921875,-1.46484375,-0.18310546875,-1.01318359375,-0.146484375,0.4150390625,-0.09765625,0.29296875,0,-0.048828125,-0.048828125,-0.03662109375,-0.146484375,0.09765625,0,-0.03662109375,-0.0244140625,0.830078125,-0.32958984375,-0.42724609375,0.15869140625,-0.537109375
1,0.32958984375,-0.37841796875,-0.1708984375,-0.29296875,-0.06103515625,-0.4150390625,-0.18310546875,0.0244140625,0.18310546875,-0.08544921875,-0.048828125,-0.9033203125,-0.40283203125,1.123046875,0,-0.2197265625,-0.18310546875,-0.8056640625,0.048828125,-0.32958984375,0.048828125,0.69580078125,0.03662109375,-0.93994140625,-0.3173828125,-0.13427734375,-0.23193359375,-0.79345703125,-0.341796875,0.89111328125,-0.25634765625,0.2197265625,-0.28076171875,-0.3662109375,0.244140625,-0.87890625,0.15869140625,-0.47607421875,0.25634765625,-0.732421875,0.048828125,-0.13427734375,0.15869140625,-0.62255859375,-0.146484375,-0.40283203125,0.2685546875,0.64697265625,-0.3173828125,1.11083984375,-0.06103515625,0.439453125,-0.06103515625,-0.1953125,0.08544921875,0.74462890625,-0.13427734375,3.2958984375,-0.18310546875,1.59912109375,0.244140625,2.38037109375,0.1220703125,1.806640625,-0.09765625,0.18310546875,-0.37841796875,1.01318359375,-0.09765625,0.2197265625,-0.2197265625,0.146484375,-0.25634765625,0.18310546875,0,0.927734375,0.1220703125,0,0.25634765625,1.30615234375,-0.15869140625,-0.98876953125,-0.03662109375,-0.3662109375,0.01220703125,-0.98876953125,-0.2197265625,-0.8056640625,-0.13427734375,-1.5380859375,-0.08544921875,-0.30517578125,0.048828125,-0.341796875,0.03662109375,-1.20849609375,-0.2197265625,3.3447265625,0.09765625,3.1982421875,-0.1220703125,2.28271484375,-0.146484375,6.8603515625,0.048828125,-0.72021484375,0.09765625,-1.47705078125,-0.18310546875,-1.01318359375,-0.08544921875,0.40283203125,-0.1220703125,0.30517578125,-0.01220703125,-0.048828125,-0.06103515625,-0.06103515625,-0.1220703125,0.08544921875,0,-0.048828125,-0.01220703125,0.81787109375,-0.3173828125,-0.45166015625,0.08544921875,-0.52490234375
1,0.28076171875,-0.37841796875,-0.1220703125,-0.32958984375,-0.03662109375,-0.40283203125,-0.20751953125,0.0244140625,0.1708984375,-0.0732421875,-0.03662109375,-0.9033203125,-0.390625,1.0986328125,-0.03662109375,-0.244140625,-0.09765625,-0.78125,0.048828125,-0.32958984375,0.146484375,0.67138671875,0.01220703125,-0.91552734375,-0.341796875,-0.146484375,-0.30517578125,-0.8056640625,-0.42724609375,0.89111328125,-0.08544921875,0.20751953125,-0.2685546875,-0.32958984375,0.28076171875,-0.89111328125,0.13427734375,-0.4638671875,0.28076171875,-0.72021484375,0.1953125,-0.146484375,0.09765625,-0.634765625,-0.09765625,-0.35400390625,0.30517578125,0.6591796875,-0.2685546875,1.1474609375,-0.13427734375,0.45166015625,-0.03662109375,-0.20751953125,0.0732421875,0.732421875,-0.146484375,2.5634765625,-0.2685546875,1.26953125,0.32958984375,2.1240234375,0.03662109375,1.33056640625,-0.09765625,0.1953125,-0.3662109375,1.0009765625,-0.09765625,0.23193359375,-0.2197265625,0.15869140625,-0.30517578125,0.20751953125,0.01220703125,0.93994140625,0.146484375,0.01220703125,0.3173828125,1.30615234375,-0.146484375,-1.0009765625,-0.03662109375,-0.3662109375,0.10986328125,-1.01318359375,-0.25634765625,-0.79345703125,-0.18310546875,-1.5380859375,-0.146484375,-0.29296875,-0.0732421875,-0.30517578125,0.0244140625,-1.20849609375,-0.20751953125,3.1005859375,0.0244140625,2.9541015625,-0.10986328125,2.099609375,-0.09765625,6.45751953125,0.10986328125,-0.732421875,0.06103515625,-1.46484375,-0.18310546875,-1.03759765625,-0.048828125,0.390625,-0.13427734375,0.30517578125,-0.0244140625,-0.048828125,-0.08544921875,-0.06103515625,-0.09765625,0.09765625,-0.0244140625,-0.03662109375,0.0244140625,0.8056640625,-0.3173828125,-0.47607421875,0.048828125,-0.52490234375
1,0.2685546875,-0.37841796875,-0.15869140625,-0.3173828125,-0.03662109375,-0.390625,-0.1953125,0.0244140625,0.20751953125,-0.06103515625,-0.06103515625,-0.87890625,-0.37841796875,1.07421875,-0.0732421875,-0.25634765625,-0.0732421875,-0.79345703125,0.0732421875,-0.29296875,0.20751953125,0.68359375,0,-0.93994140625,-0.32958984375,-0.1708984375,-0.3173828125,-0.78125,-0.45166015625,0.87890625,0.10986328125,0.23193359375,-0.13427734375,-0.29296875,0.341796875,-0.86669921875,0.1708984375,-0.439453125,0.28076171875,-0.7080078125,0.30517578125,-0.1708984375,0.08544921875,-0.67138671875,0.0244140625,-0.29296875,0.2197265625,0.69580078125,-0.29296875,1.1474609375,-0.10986328125,0.45166015625,-0.0244140625,-0.2197265625,0.08544921875,0.74462890625,-0.25634765625,1.7822265625,-0.42724609375,0.9033203125,0.29296875,1.81884765625,-0.18310546875,0.8056640625,-0.09765625,0.23193359375,-0.3662109375,1.03759765625,-0.0732421875,0.23193359375,-0.23193359375,0.18310546875,-0.341796875,0.244140625,0.01220703125,0.9033203125,0.18310546875,0.06103515625,0.35400390625,1.33056640625,-0.15869140625,-1.01318359375,-0.0244140625,-0.3662109375,0.1708984375,-1.025390625,-0.1953125,-0.79345703125,-0.18310546875,-1.513671875,-0.20751953125,-0.29296875,-0.13427734375,-0.29296875,-0.0244140625,-1.18408203125,-0.18310546875,2.8564453125,-0.06103515625,2.74658203125,-0.08544921875,1.904296875,-0.10986328125,6.11572265625,0.20751953125,-0.7568359375,-0.03662109375,-1.47705078125,-0.15869140625,-1.03759765625,-0.03662109375,0.37841796875,-0.146484375,0.3173828125,-0.048828125,-0.03662109375,-0.0732421875,-0.0732421875,-0.08544921875,0.10986328125,-0.03662109375,0,0.06103515625,0.76904296875,-0.341796875,-0.50048828125,0,-0.52490234375
1,0.244140625,-0.37841796875,-0.15869140625,-0.3173828125,-0.03662109375,-0.37841796875,-0.1953125,0,0.2197265625,-0.06103515625,-0.048828125,-0.89111328125,-0.390625,1.0009765625,-0.09765625,-0.28076171875,-0.08544921875,-0.79345703125,0.09765625,-0.29296875,0.20751953125,0.68359375,-0.01220703125,-0.96435546875,-0.30517578125,-0.18310546875,-0.30517578125,-0.76904296875,-0.37841796875,0.86669921875,0.25634765625,0.23193359375,0.03662109375,-0.20751953125,0.3662109375,-0.86669921875,0.1220703125,-0.439453125,0.25634765625,-0.74462890625,0.37841796875,-0.20751953125,0.06103515625,-0.68359375,0.146484375,-0.244140625,0.2197265625,0.68359375,-0.244140625,1.171875,-0.10986328125,0.45166015625,-0.03662109375,-0.2197265625,0.13427734375,0.7568359375,-0.29296875,0.96435546875,-0.439453125,0.5126953125,0.2685546875,1.47705078125,-0.1708984375,0.25634765625,-0.15869140625,0.2685546875,-0.30517578125,1.03759765625,-0.03662109375,0.244140625,-0.25634765625,0.1953125,-0.35400390625,0.30517578125,0.03662109375,0.927734375,0.2197265625,0.048828125,0.35400390625,1.35498046875,-0.13427734375,-1.0009765625,-0.0244140625,-0.3662109375,0.146484375,-1.025390625,-0.08544921875,-0.79345703125,-0.1708984375,-1.513671875,-0.29296875,-0.29296875,-0.1220703125,-0.29296875,-0.0732421875,-1.1962890625,-0.146484375,2.57568359375,-0.15869140625,2.52685546875,-0.08544921875,1.72119140625,-0.146484375,5.810546875,0.2685546875,-0.732421875,-0.146484375,-1.45263671875,-0.15869140625,-1.06201171875,-0.048828125,0.37841796875,-0.13427734375,0.30517578125,-0.048828125,-0.03662109375,-0.06103515625,-0.08544921875,-0.0732421875,0.09765625,-0.0732421875,-0.01220703125,0.0732421875,0.76904296875,-0.35400390625,-0.54931640625,0.01220703125,-0.52490234375
0,0.23193359375,-0.37841796875,-0.146484375,-0.3173828125,-0.01220703125,-0.37841796875,-0.15869140625,-0.01220703125,0.23193359375,-0.048828125,-0.0732421875,-0.9033203125,-0.390625,0.9765625,-0.1220703125,-0.25634765625,-0.08544921875,-0.8056640625,0.10986328125,-0.29296875,0.20751953125,0.7080078125,-0.0732421875,-0.9521484375,-0.23193359375,-0.20751953125,-0.2685546875,-0.76904296875,-0.2685546875,0.87890625,0.30517578125,0.23193359375,0.18310546875,-0.2197265625,0.3173828125,-0.8544921875,0.146484375,-0.45166015625,0.18310546875,-0.7568359375,0.341796875,-0.23193359375,0.08544921875,-0.72021484375,0.29296875,-0.23193359375,0.18310546875,0.68359375,-0.2197265625,1.18408203125,-0.08544921875,0.48828125,-0.01220703125,-0.20751953125,0.1708984375,0.76904296875,-0.29296875,0.18310546875,-0.37841796875,0.15869140625,0.341796875,1.0986328125,-0.20751953125,-0.244140625,-0.15869140625,0.29296875,-0.28076171875,1.03759765625,0,0.23193359375,-0.28076171875,0.2197265625,-0.3173828125,0.3173828125,0.0244140625,0.927734375,0.25634765625,0.06103515625,0.30517578125,1.37939453125,-0.10986328125,-1.01318359375,-0.01220703125,-0.35400390625,0.08544921875,-1.0009765625,0.01220703125,-0.78125,-0.1220703125,-1.4892578125,-0.29296875,-0.25634765625,-0.03662109375,-0.28076171875,-0.15869140625,-1.20849609375,-0.1220703125,2.34375,-0.2197265625,2.34375,-0.06103515625,1.55029296875,-0.1708984375,5.5419921875,0.28076171875,-0.74462890625,-0.2685546875,-1.4404296875,-0.1708984375,-1.07421875,-0.0732421875,0.37841796875,-0.10986328125,0.3173828125,-0.0732421875,-0.048828125,-0.08544921875,-0.09765625,-0.08544921875,0.10986328125,-0.09765625,0.01220703125,0.08544921875,0.7568359375,-0.40283203125,-0.52490234375,0,-0.52490234375
0,0.2685546875,-0.37841796875,-0.10986328125,-0.30517578125,-0.03662109375,-0.35400390625,-0.10986328125,0,0.28076171875,-0.06103515625,-0.1220703125,-0.9033203125,-0.4150390625,0.96435546875,-0.13427734375,-0.25634765625,-0.09765625,-0.79345703125,0.09765625,-0.28076171875,0.13427734375,0.68359375,-0.15869140625,-0.93994140625,-0.13427734375,-0.1953125,-0.20751953125,-0.79345703125,-0.13427734375,0.87890625,0.2685546875,0.25634765625,0.390625,-0.20751953125,0.30517578125,-0.8544921875,0.10986328125,-0.45166015625,0.146484375,-0.74462890625,0.25634765625,-0.244140625,0.09765625,-0.732421875,0.35400390625,-0.25634765625,0.20751953125,0.68359375,-0.1953125,1.1962890625,-0.10986328125,0.50048828125,-0.03662109375,-0.1953125,0.2197265625,0.7568359375,-0.30517578125,-0.47607421875,-0.30517578125,-0.1708984375,0.28076171875,0.8056640625,-0.1708984375,-0.6591796875,-0.15869140625,0.3173828125,-0.2685546875,1.0498046875,0.06103515625,0.20751953125,-0.30517578125,0.2197265625,-0.244140625,0.32958984375,0.03662109375,0.89111328125,0.28076171875,0.048828125,0.29296875,1.35498046875,-0.0732421875,-0.98876953125,0.01220703125,-0.35400390625,0.01220703125,-0.96435546875,0.10986328125,-0.76904296875,-0.06103515625,-1.4892578125,-0.2685546875,-0.25634765625,0.10986328125,-0.244140625,-0.1953125,-1.18408203125,-0.09765625,2.13623046875,-0.25634765625,2.1728515625,-0.08544921875,1.37939453125,-0.0732421875,5.21240234375,0.244140625,-0.732421875,-0.30517578125,-1.45263671875,-0.15869140625,-1.07421875,-0.0732421875,0.37841796875,-0.1220703125,0.3173828125,-0.08544921875,-0.0244140625,-0.0732421875,-0.08544921875,-0.0732421875,0.09765625,-0.09765625,0.01220703125,0.048828125,0.7568359375,-0.4150390625,-0.5126953125,0.01220703125,-0.537109375
0,0.25634765625,-0.390625,-0.1220703125,-0.30517578125,-0.0244140625,-0.3662109375,-0.09765625,-0.0244140625,0.2685546875,-0.08544921875,-0.1220703125,-0.91552734375,-0.42724609375,0.9521484375,-0.15869140625,-0.2197265625,-0.10986328125,-0.830078125,0.03662109375,-0.28076171875,0.03662109375,0.67138671875,-0.244140625,-0.9521484375,-0.09765625,-0.20751953125,-0.13427734375,-0.78125,-0.03662109375,0.86669921875,0.15869140625,0.244140625,0.48828125,-0.25634765625,0.18310546875,-0.86669921875,0.01220703125,-0.439453125,0.09765625,-0.78125,0.10986328125,-0.25634765625,0.1708984375,-0.72021484375,0.32958984375,-0.30517578125,0.1953125,0.67138671875,-0.1708984375,1.171875,-0.10986328125,0.50048828125,-0.048828125,-0.1708984375,0.2197265625,0.7568359375,-0.3173828125,-0.91552734375,-0.23193359375,-0.37841796875,0.146484375,0.54931640625,-0.09765625,-0.93994140625,-0.1220703125,0.341796875,-0.1953125,1.0498046875,0.1220703125,0.1953125,-0.35400390625,0.244140625,-0.1953125,0.32958984375,0.048828125,0.89111328125,0.3173828125,0.03662109375,0.23193359375,1.3671875,-0.0244140625,-0.9765625,0.0244140625,-0.32958984375,-0.03662109375,-0.96435546875,0.1953125,-0.7568359375,-0.03662109375,-1.4892578125,-0.1953125,-0.23193359375,0.2685546875,-0.2685546875,-0.25634765625,-1.1962890625,-0.09765625,1.86767578125,-0.20751953125,2.01416015625,-0.09765625,1.20849609375,0.0244140625,4.79736328125,0.1708984375,-0.7080078125,-0.3173828125,-1.46484375,-0.13427734375,-1.06201171875,-0.048828125,0.37841796875,-0.08544921875,0.3173828125,-0.09765625,-0.03662109375,-0.0732421875,-0.08544921875,-0.08544921875,0.09765625,-0.08544921875,0.0244140625,0.048828125,0.76904296875,-0.439453125,-0.50048828125,0.048828125,-0.537109375
0,0.23193359375,-0.390625,-0.146484375,-0.2685546875,-0.01220703125,-0.35400390625,-0.06103515625,0,0.244140625,-0.08544921875,-0.10986328125,-0.91552734375,-0.42724609375,0.93994140625,-0.146484375,-0.20751953125,-0.13427734375,-0.84228515625,-0.0244140625,-0.30517578125,-0.09765625,0.68359375,-0.3662109375,-0.93994140625,-0.06103515625,-0.1953125,-0.06103515625,-0.8056640625,0.08544921875,0.89111328125,0.03662109375,0.244140625,0.5126953125,-0.29296875,0.146484375,-0.86669921875,-0.0732421875,-0.45166015625,0.10986328125,-0.78125,-0.048828125,-0.25634765625,0.23193359375,-0.68359375,0.28076171875,-0.3662109375,0.1220703125,0.67138671875,-0.1708984375,1.15966796875,-0.13427734375,0.50048828125,-0.06103515625,-0.1708984375,0.2197265625,0.76904296875,-0.30517578125,-1.11083984375,-0.146484375,-0.439453125,0.13427734375,0.4150390625,-0.1953125,-1.025390625,-0.03662109375,0.32958984375,-0.1220703125,1.0498046875,0.13427734375,0.1953125,-0.341796875,0.244140625,-0.15869140625,0.28076171875,0.0732421875,0.84228515625,0.29296875,0.0244140625,0.18310546875,1.35498046875,0.01220703125,-0.93994140625,0.048828125,-0.3173828125,-0.048828125,-0.96435546875,0.23193359375,-0.74462890625,-0.0244140625,-1.46484375,-0.08544921875,-0.20751953125,0.37841796875,-0.28076171875,-0.244140625,-1.18408203125,-0.10986328125,1.6357421875,-0.1708984375,1.806640625,-0.15869140625,1.0009765625,-0.03662109375,4.26025390625,0.08544921875,-0.732421875,-0.28076171875,-1.46484375,-0.08544921875,-1.0498046875,-0.048828125,0.390625,-0.09765625,0.3173828125,-0.0732421875,-0.03662109375,-0.08544921875,-0.08544921875,-0.08544921875,0.08544921875,-0.0732421875,0,0.0244140625,0.79345703125,-0.439453125,-0.5126953125,0.08544921875,-0.537109375
0,0.2197265625,-0.390625,-0.13427734375,-0.2685546875,0,-0.35400390625,-0.06103515625,-0.01220703125,0.2197265625,-0.08544921875,-0.1220703125,-0.91552734375,-0.439453125,0.96435546875,-0.13427734375,-0.20751953125,-0.1708984375,-0.830078125,-0.0732421875,-0.32958984375,-0.1953125,0.67138671875,-0.40283203125,-0.927734375,0,-0.18310546875,0.03662109375,-0.8056640625,0.10986328125,0.87890625,-0.06103515625,0.244140625,0.50048828125,-0.32958984375,0.13427734375,-0.84228515625,-0.1708984375,-0.42724609375,0.08544921875,-0.74462890625,-0.1953125,-0.2197265625,0.30517578125,-0.68359375,0.146484375,-0.37841796875,0.244140625,0.67138671875,-0.1708984375,1.1474609375,-0.048828125,0.47607421875,-0.08544921875,-0.18310546875,0.23193359375,0.74462890625,-0.2685546875,-1.0009765625,-0.13427734375,-0.32958984375,0.048828125,0.4150390625,-0.2197265625,-0.9033203125,0.01220703125,0.3173828125,-0.06103515625,1.03759765625,0.146484375,0.18310546875,-0.29296875,0.244140625,-0.146484375,0.2685546875,0.08544921875,0.8056640625,0.2685546875,0.01220703125,0.13427734375,1.35498046875,0.0244140625,-0.93994140625,0.0732421875,-0.341796875,-0.06103515625,-0.9765625,0.18310546875,-0.76904296875,-0.06103515625,-1.4892578125,0.0244140625,-0.2197265625,0.390625,-0.25634765625,-0.15869140625,-1.1962890625,-0.06103515625,1.3427734375,-0.0732421875,1.52587890625,-0.1953125,0.7568359375,0.06103515625,3.55224609375,0.0244140625,-0.7080078125,-0.20751953125,-1.47705078125,-0.03662109375,-1.025390625,-0.03662109375,0.390625,-0.08544921875,0.30517578125,-0.06103515625,-0.03662109375,-0.06103515625,-0.06103515625,-0.09765625,0.08544921875,-0.0732421875,0.01220703125,0,0.78125,-0.439453125,-0.50048828125,0.09765625,-0.537109375
0,0.1953125,-0.390625,-0.09765625,-0.2685546875,0.0244140625,-0.390625,-0.048828125,-0.0244140625,0.18310546875,-0.08544921875,-0.13427734375,-0.91552734375,-0.45166015625,0.98876953125,-0.13427734375,-0.20751953125,-0.1708984375,-0.81787109375,-0.09765625,-0.32958984375,-0.25634765625,0.68359375,-0.42724609375,-0.93994140625,-0.01220703125,-0.1708984375,0.08544921875,-0.81787109375,0.0732421875,0.86669921875,-0.06103515625,0.23193359375,0.341796875,-0.341796875,0.10986328125,-0.86669921875,-0.25634765625,-0.42724609375,0.0244140625,-0.74462890625,-0.244140625,-0.18310546875,0.29296875,-0.6591796875,0.01220703125,-0.42724609375,0.23193359375,0.6591796875,-0.244140625,1.13525390625,-0.01220703125,0.47607421875,-0.1220703125,-0.18310546875,0.2197265625,0.7568359375,-0.23193359375,-0.6591796875,-0.0732421875,-0.10986328125,0.03662109375,0.52490234375,-0.2685546875,-0.59814453125,0.09765625,0.29296875,0.0244140625,1.0498046875,0.146484375,0.15869140625,-0.28076171875,0.2197265625,-0.146484375,0.244140625,0.146484375,0.84228515625,0.25634765625,0.01220703125,0.09765625,1.3427734375,-0.0244140625,-0.93994140625,0.10986328125,-0.341796875,-0.03662109375,-0.9765625,0.08544921875,-0.78125,-0.048828125,-1.4892578125,0.146484375,-0.1953125,0.35400390625,-0.29296875,-0.03662109375,-1.18408203125,-0.03662109375,1.01318359375,0,1.23291015625,-0.2685546875,0.48828125,0.048828125,2.734375,-0.048828125,-0.7080078125,-0.1220703125,-1.46484375,-0.09765625,-1.01318359375,-0.08544921875,0.4150390625,-0.048828125,0.29296875,-0.048828125,-0.03662109375,-0.0732421875,-0.048828125,-0.06103515625,0.08544921875,-0.0732421875,-0.01220703125,-0.01220703125,0.8056640625,-0.4150390625,-0.50048828125,0.10986328125,-0.537109375
0,0.1708984375,-0.3662109375,-0.06103515625,-0.30517578125,0.03662109375,-0.40283203125,-0.03662109375,-0.0244140625,0.18310546875,-0.08544921875,-0.146484375,-0.91552734375,-0.45166015625,1.025390625,-0.10986328125,-0.2197265625,-0.18310546875,-0.81787109375,-0.1220703125,-0.35400390625,-0.29296875,0.67138671875,-0.40283203125,-0.927734375,0,-0.1708984375,0.10986328125,-0.81787109375,-0.01220703125,0.87890625,-0.048828125,0.2197265625,0.1220703125,-0.390625,0.0244140625,-0.86669921875,-0.244140625,-0.40283203125,0.0244140625,-0.7568359375,-0.20751953125,-0.15869140625,0.28076171875,-0.64697265625,-0.10986328125,-0.45166015625,0.2197265625,0.64697265625,-0.32958984375,1.13525390625,0.1220703125,0.439453125,-0.09765625,-0.18310546875,0.23193359375,0.732421875,-0.146484375,-0.1220703125,-0.0732421875,0.2197265625,-0.06103515625,0.67138671875,-0.3662109375,-0.20751953125,0.1953125,0.244140625,0.08544921875,1.03759765625,0.146484375,0.1708984375,-0.20751953125,0.20751953125,-0.13427734375,0.1953125,0.1220703125,0.8056640625,0.23193359375,0,0.0732421875,1.33056640625,-0.06103515625,-0.927734375,0.10986328125,-0.341796875,0,-1.0009765625,-0.10986328125,-0.76904296875,-0.06103515625,-1.4892578125,0.1953125,-0.1953125,0.244140625,-0.29296875,0.10986328125,-1.15966796875,-0.01220703125,0.6591796875,0.03662109375,0.87890625,-0.30517578125,0.2197265625,0.08544921875,1.89208984375,-0.08544921875,-0.7080078125,-0.08544921875,-1.45263671875,-0.13427734375,-1.01318359375,-0.09765625,0.4150390625,-0.048828125,0.30517578125,-0.0244140625,-0.03662109375,-0.0732421875,-0.03662109375,-0.0732421875,0.08544921875,-0.06103515625,0,-0.0244140625,0.81787109375,-0.35400390625,-0.48828125,0.1220703125,-0.5615234375
0,0.13427734375,-0.35400390625,-0.048828125,-0.30517578125,0.0244140625,-0.40283203125,-0.0244140625,-0.01220703125,0.15869140625,-0.0732421875,-0.146484375,-0.91552734375,-0.45166015625,1.03759765625,-0.0732421875,-0.2197265625,-0.1708984375,-0.830078125,-0.1220703125,-0.37841796875,-0.2197265625,0.69580078125,-0.35400390625,-0.91552734375,-0.01220703125,-0.15869140625,0.10986328125,-0.830078125,-0.1220703125,0.9033203125,-0.0244140625,0.2197265625,-0.0732421875,-0.37841796875,-0.048828125,-0.86669921875,-0.23193359375,-0.37841796875,0.048828125,-0.72021484375,-0.1220703125,-0.1220703125,0.18310546875,-0.64697265625,-0.18310546875,-0.45166015625,0.3173828125,0.6591796875,-0.37841796875,1.13525390625,0.1708984375,0.42724609375,-0.0732421875,-0.18310546875,0.1953125,0.74462890625,-0.01220703125,0.48828125,-0.03662109375,0.54931640625,0.01220703125,0.86669921875,-0.37841796875,0.25634765625,0.1953125,0.20751953125,0.1220703125,1.025390625,0.1220703125,0.15869140625,-0.15869140625,0.18310546875,-0.09765625,0.1708984375,0.13427734375,0.830078125,0.2197265625,0,0.08544921875,1.3427734375,-0.09765625,-0.927734375,0.09765625,-0.35400390625,0.0244140625,-1.0009765625,-0.244140625,-0.78125,-0.048828125,-1.52587890625,0.23193359375,-0.20751953125,0.1953125,-0.30517578125,0.28076171875,-1.15966796875,0.0244140625,0.3173828125,0.08544921875,0.52490234375,-0.3173828125,-0.08544921875,0.1220703125,1.123046875,-0.048828125,-0.72021484375,-0.0732421875,-1.4892578125,-0.18310546875,-1.0009765625,-0.09765625,0.42724609375,-0.01220703125,0.30517578125,-0.048828125,-0.0244140625,-0.0732421875,-0.01220703125,-0.03662109375,0.09765625,-0.0732421875,-0.0244140625,-0.01220703125,0.79345703125,-0.25634765625,-0.4638671875,0.09765625,-0.54931640625
0,0.146484375,-0.3662109375,-0.048828125,-0.30517578125,0.03662109375,-0.390625,0,0.01220703125,0.1708984375,-0.0732421875,-0.146484375,-0.91552734375,-0.4150390625,1.0498046875,-0.06103515625,-0.23193359375,-0.1708984375,-0.79345703125,-0.08544921875,-0.341796875,-0.13427734375,0.69580078125,-0.3173828125,-0.927734375,-0.0244140625,-0.18310546875,0.048828125,-0.84228515625,-0.25634765625,0.89111328125,0.01220703125,0.23193359375,-0.2197265625,-0.3662109375,-0.13427734375,-0.86669921875,-0.20751953125,-0.37841796875,0.09765625,-0.72021484375,0,-0.1220703125,0.13427734375,-0.634765625,-0.2197265625,-0.42724609375,0.2197265625,0.6591796875,-0.45166015625,1.1474609375,0.20751953125,0.4150390625,-0.0732421875,-0.20751953125,0.1708984375,0.732421875,0.03662109375,1.07421875,-0.01220703125,0.81787109375,0.048828125,1.0498046875,-0.42724609375,0.69580078125,0.1708984375,0.1953125,0.2197265625,1.03759765625,0.1220703125,0.1708984375,-0.10986328125,0.1708984375,-0.0244140625,0.18310546875,0.146484375,0.87890625,0.20751953125,0,0.09765625,1.33056640625,-0.146484375,-0.96435546875,0.06103515625,-0.35400390625,0,-1.01318359375,-0.37841796875,-0.76904296875,-0.048828125,-1.5380859375,0.20751953125,-0.2197265625,0.1220703125,-0.3173828125,0.40283203125,-1.171875,0.01220703125,0.0244140625,0.01220703125,0.244140625,-0.32958984375,-0.3173828125,0.08544921875,0.54931640625,0.03662109375,-0.732421875,-0.0244140625,-1.4892578125,-0.2197265625,-1.0009765625,-0.048828125,0.4150390625,-0.0244140625,0.3173828125,-0.048828125,-0.0244140625,-0.0732421875,-0.01220703125,-0.048828125,0.09765625,-0.0732421875,-0.03662109375,0.01220703125,0.76904296875,-0.1708984375,-0.4638671875,0.0732421875,-0.57373046875
0,0.1220703125,-0.390625,-0.0732421875,-0.30517578125,0.03662109375,-0.4150390625,0.03662109375,-0.01220703125,0.1708984375,-0.06103515625,-0.15869140625,-0.927734375,-0.439453125,1.07421875,-0.0732421875,-0.23193359375,-0.1708984375,-0.8056640625,-0.048828125,-0.341796875,-0.0244140625,0.68359375,-0.25634765625,-0.91552734375,-0.01220703125,-0.18310546875,-0.0244140625,-0.8056640625,-0.35400390625,0.87890625,0,0.25634765625,-0.13427734375,-0.3662109375,-0.2197265625,-0.86669921875,-0.13427734375,-0.390625,0.10986328125,-0.7080078125,0.1220703125,-0.13427734375,0.09765625,-0.62255859375,-0.2685546875,-0.37841796875,0.18310546875,0.67138671875,-0.47607421875,1.1474609375,0.2197265625,0.439453125,-0.10986328125,-0.1953125,0.146484375,0.7080078125,0.146484375,1.46484375,0.08544921875,1.03759765625,0.146484375,1.15966796875,-0.40283203125,1.01318359375,0.18310546875,0.18310546875,0.29296875,1.0498046875,0.10986328125,0.18310546875,-0.08544921875,0.20751953125,0.06103515625,0.1953125,0.10986328125,0.87890625,0.1708984375,0.01220703125,0.10986328125,1.33056640625,-0.1708984375,-0.96435546875,0,-0.35400390625,-0.06103515625,-1.0009765625,-0.42724609375,-0.76904296875,-0.03662109375,-1.513671875,0.15869140625,-0.28076171875,0.09765625,-0.3173828125,0.47607421875,-1.1474609375,0.0244140625,-0.1220703125,-0.0732421875,0.06103515625,-0.2685546875,-0.45166015625,0.1220703125,0.28076171875,0.15869140625,-0.74462890625,-0.01220703125,-1.47705078125,-0.15869140625,-1.025390625,-0.0732421875,0.4150390625,0,0.30517578125,-0.048828125,-0.03662109375,-0.0732421875,-0.0244140625,-0.0244140625,0.08544921875,-0.08544921875,-0.01220703125,0.03662109375,0.78125,-0.09765625,-0.47607421875,0.09765625,-0.54931640625
0,0.10986328125,-0.40283203125,-0.0732421875,-0.30517578125,0.0244140625,-0.4150390625,0.06103515625,0,0.18310546875,-0.048828125,-0.1708984375,-0.91552734375,-0.439453125,1.0498046875,-0.0732421875,-0.23193359375,-0.15869140625,-0.78125,0.03662109375,-0.32958984375,0.10986328125,0.69580078125,-0.244140625,-0.91552734375,-0.01220703125,-0.18310546875,-0.10986328125,-0.8056640625,-0.45166015625,0.86669921875,-0.06103515625,0.244140625,0.01220703125,-0.3173828125,-0.390625,-0.89111328125,-0.048828125,-0.40283203125,0.09765625,-0.74462890625,0.20751953125,-0.18310546875,0.1220703125,-0.6591796875,-0.25634765625,-0.341796875,0.15869140625,0.67138671875,-0.4638671875,1.1474609375,0.13427734375,0.439453125,-0.09765625,-0.1708984375,0.09765625,0.732421875,0.03662109375,1.64794921875,-0.0244140625,1.123046875,0.1708984375,1.18408203125,-0.42724609375,1.171875,0.2197265625,0.1953125,0.35400390625,1.03759765625,0.09765625,0.1953125,-0.09765625,0.1953125,0.13427734375,0.244140625,0.048828125,0.9033203125,0.146484375,0,0.1220703125,1.3427734375,-0.15869140625,-0.9765625,-0.03662109375,-0.341796875,-0.13427734375,-1.0009765625,-0.40283203125,-0.76904296875,-0.0244140625,-1.513671875,0.048828125,-0.28076171875,0.1220703125,-0.29296875,0.4150390625,-1.15966796875,0.048828125,-0.13427734375,-0.1220703125,0.09765625,-0.13427734375,-0.439453125,0.03662109375,0.42724609375,0.2685546875,-0.732421875,0.03662109375,-1.45263671875,-0.1220703125,-1.01318359375,-0.03662109375,0.40283203125,0.01220703125,0.29296875,-0.03662109375,-0.0244140625,-0.06103515625,-0.048828125,0,0.09765625,-0.09765625,-0.01220703125,0.03662109375,0.79345703125,-0.10986328125,-0.47607421875,0.09765625,-0.5615234375
0,0.10986328125,-0.37841796875,-0.08544921875,-0.30517578125,0,-0.390625,0.09765625,0,0.20751953125,-0.0732421875,-0.15869140625,-0.927734375,-0.439453125,1.03759765625,-0.06103515625,-0.2197265625,-0.146484375,-0.78125,0.10986328125,-0.3173828125,0.244140625,0.69580078125,-0.244140625,-0.91552734375,0.03662109375,-0.20751953125,-0.1953125,-0.8056640625,-0.4638671875,0.86669921875,-0.13427734375,0.244140625,0.23193359375,-0.23193359375,-0.54931640625,-0.87890625,0.06103515625,-0.42724609375,0.08544921875,-0.74462890625,0.2685546875,-0.20751953125,0.244140625,-0.68359375,-0.2197265625,-0.2685546875,0.09765625,0.69580078125,-0.439453125,1.1474609375,0.10986328125,0.47607421875,-0.146484375,-0.18310546875,0.0732421875,0.732421875,0.03662109375,1.59912109375,-0.01220703125,1.0986328125,0.30517578125,1.1474609375,-0.37841796875,1.1474609375,0.28076171875,0.23193359375,0.35400390625,1.0498046875,0.06103515625,0.1953125,-0.08544921875,0.1953125,0.15869140625,0.28076171875,0.01220703125,0.93994140625,0.15869140625,-0.01220703125,0.13427734375,1.35498046875,-0.146484375,-0.98876953125,-0.09765625,-0.35400390625,-0.20751953125,-0.98876953125,-0.32958984375,-0.76904296875,-0.03662109375,-1.513671875,-0.048828125,-0.29296875,0.13427734375,-0.29296875,0.25634765625,-1.171875,0,0.08544921875,-0.244140625,0.32958984375,-0.06103515625,-0.2197265625,-0.048828125,1.06201171875,0.3662109375,-0.69580078125,0.08544921875,-1.46484375,-0.10986328125,-1.0498046875,-0.06103515625,0.40283203125,0.0244140625,0.2685546875,-0.048828125,-0.06103515625,-0.0732421875,-0.048828125,0.03662109375,0.08544921875,-0.08544921875,-0.0244140625,0.01220703125,0.79345703125,-0.1220703125,-0.4638671875,0.10986328125,-0.52490234375
0,0.0732421875,-0.37841796875,-0.06103515625,-0.30517578125,-0.0244140625,-0.390625,0.1220703125,-0.0244140625,0.20751953125,-0.0732421875,-0.15869140625,-0.927734375,-0.40283203125,1.03759765625,-0.03662109375,-0.20751953125,-0.10986328125,-0.79345703125,0.1708984375,-0.3173828125,0.28076171875,0.7080078125,-0.2197265625,-0.93994140625,0.048828125,-0.20751953125,-0.2685546875,-0.78125,-0.390625,0.86669921875,-0.23193359375,0.244140625,0.45166015625,-0.20751953125,-0.68359375,-0.87890625,0.13427734375,-0.439453125,0.06103515625,-0.7568359375,0.25634765625,-0.23193359375,0.341796875,-0.7080078125,-0.18310546875,-0.2685546875,0.1220703125,0.68359375,-0.37841796875,1.15966796875,0.0732421875,0.47607421875,-0.1953125,-0.1708984375,0.06103515625,0.72021484375,0.08544921875,1.3916015625,0.06103515625,0.9521484375,0.4150390625,1.0498046875,-0.28076171875,1.025390625,0.29296875,0.244140625,0.30517578125,1.06201171875,0.06103515625,0.1953125,-0.08544921875,0.20751953125,0.1220703125,0.29296875,-0.0244140625,0.93994140625,0.18310546875,0,0.10986328125,1.3427734375,-0.13427734375,-0.98876953125,-0.13427734375,-0.35400390625,-0.2685546875,-1.0009765625,-0.1953125,-0.7568359375,-0.03662109375,-1.4892578125,-0.1220703125,-0.3173828125,0.1708984375,-0.29296875,0.09765625,-1.1962890625,0.01220703125,0.54931640625,-0.29296875,0.79345703125,0.03662109375,0.15869140625,0.01220703125,2.11181640625,0.37841796875,-0.64697265625,0.10986328125,-1.4892578125,-0.09765625,-1.025390625,-0.10986328125,0.390625,0.03662109375,0.28076171875,-0.06103515625,-0.06103515625,-0.0732421875,-0.048828125,0.0244140625,0.0732421875,-0.08544921875,-0.0244140625,-0.01220703125,0.79345703125,-0.1220703125,-0.4638671875,0.1220703125,-0.52490234375
0,0.0732421875,-0.390625,-0.048828125,-0.30517578125,-0.0244140625,-0.390625,0.13427734375,-0.01220703125,0.23193359375,-0.08544921875,-0.146484375,-0.9033203125,-0.390625,1.025390625,-0.06103515625,-0.23193359375,-0.048828125,-0.79345703125,0.1953125,-0.30517578125,0.30517578125,0.68359375,-0.1953125,-0.91552734375,0.08544921875,-0.1953125,-0.29296875,-0.76904296875,-0.2685546875,0.89111328125,-0.32958984375,0.23193359375,0.57373046875,-0.20751953125,-0.76904296875,-0.87890625,0.146484375,-0.42724609375,0.048828125,-0.7568359375,0.244140625,-0.25634765625,0.45166015625,-0.7080078125,-0.13427734375,-0.25634765625,0.18310546875,0.68359375,-0.28076171875,1.15966796875,-0.03662109375,0.50048828125,-0.244140625,-0.18310546875,0.08544921875,0.74462890625,-0.08544921875,1.06201171875,0.01220703125,0.78125,0.50048828125,0.927734375,-0.32958984375,0.76904296875,0.3173828125,0.2685546875,0.244140625,1.03759765625,0.08544921875,0.23193359375,-0.1220703125,0.2197265625,0.08544921875,0.3173828125,-0.03662109375,0.9521484375,0.1953125,0.01220703125,0.09765625,1.3427734375,-0.1220703125,-1.0009765625,-0.15869140625,-0.35400390625,-0.2685546875,-0.9765625,-0.06103515625,-0.78125,-0.03662109375,-1.50146484375,-0.13427734375,-0.3173828125,0.1953125,-0.2685546875,-0.09765625,-1.20849609375,0.01220703125,1.220703125,-0.244140625,1.50146484375,0.13427734375,0.74462890625,-0.03662109375,3.55224609375,0.341796875,-0.59814453125,0.1220703125,-1.4892578125,-0.13427734375,-1.0498046875,-0.1220703125,0.40283203125,0.03662109375,0.244140625,-0.03662109375,-0.06103515625,-0.0732421875,-0.048828125,0,0.048828125,-0.06103515625,0.01220703125,-0.03662109375,0.8056640625,-0.15869140625,-0.48828125,0.10986328125,-0.5126953125
1,0.03662109375,-0.37841796875,-0.048828125,-0.32958984375,-0.03662109375,-0.3662109375,0.146484375,-0.0244140625,0.20751953125,-0.10986328125,-0.146484375,-0.89111328125,-0.4150390625,1.0009765625,-0.0244140625,-0.23193359375,0.03662109375,-0.8056640625,0.18310546875,-0.30517578125,0.244140625,0.69580078125,-0.1708984375,-0.9033203125,0.09765625,-0.18310546875,-0.3173828125,-0.78125,-0.146484375,0.89111328125,-0.390625,0.244140625,0.62255859375,-0.23193359375,-0.86669921875,-0.89111328125,0.09765625,-0.439453125,0.048828125,-0.78125,0.23193359375,-0.25634765625,0.5126953125,-0.7080078125,-0.1220703125,-0.30517578125,0.2685546875,0.68359375,-0.18310546875,1.171875,-0.09765625,0.537109375,-0.3173828125,-0.20751953125,0.10986328125,0.72021484375,-0.15869140625,0.7080078125,0.08544921875,0.6591796875,0.6103515625,0.8056640625,-0.29296875,0.59814453125,0.341796875,0.28076171875,0.18310546875,1.03759765625,0.0732421875,0.23193359375,-0.15869140625,0.244140625,0.048828125,0.341796875,-0.048828125,0.927734375,0.2197265625,0.01220703125,0.08544921875,1.3427734375,-0.10986328125,-1.01318359375,-0.146484375,-0.35400390625,-0.2197265625,-0.9765625,0,-0.79345703125,-0.10986328125,-1.46484375,-0.13427734375,-0.3173828125,0.15869140625,-0.2685546875,-0.2197265625,-1.220703125,-0.06103515625,2.06298828125,-0.20751953125,2.34375,0.15869140625,1.42822265625,-0.13427734375,5.26123046875,0.23193359375,-0.5126953125,0.1220703125,-1.47705078125,-0.08544921875,-1.06201171875,-0.10986328125,0.390625,0.03662109375,0.244140625,-0.048828125,-0.0732421875,-0.0732421875,-0.048828125,-0.03662109375,0.03662109375,-0.0244140625,0.03662109375,-0.10986328125,0.830078125,-0.146484375,-0.48828125,0.10986328125,-0.5126953125
1,-0.01220703125,-0.37841796875,-0.01220703125,-0.30517578125,-0.01220703125,-0.37841796875,0.13427734375,-0.048828125,0.1708984375,-0.1220703125,-0.15869140625,-0.89111328125,-0.390625,0.98876953125,0,-0.20751953125,0.08544921875,-0.79345703125,0.15869140625,-0.3173828125,0.10986328125,0.67138671875,-0.08544921875,-0.9033203125,0.09765625,-0.1708984375,-0.25634765625,-0.78125,-0.0244140625,0.87890625,-0.3662109375,0.2197265625,0.6103515625,-0.28076171875,-0.84228515625,-0.87890625,0.03662109375,-0.42724609375,0.0732421875,-0.7568359375,0.1708984375,-0.23193359375,0.54931640625,-0.68359375,-0.1220703125,-0.341796875,0.35400390625,0.67138671875,-0.09765625,1.171875,-0.1953125,0.52490234375,-0.37841796875,-0.20751953125,0.08544921875,0.7080078125,-0.1953125,0.50048828125,0.06103515625,0.59814453125,0.7568359375,0.7568359375,-0.23193359375,0.48828125,0.3173828125,0.29296875,0.09765625,1.03759765625,0.0732421875,0.23193359375,-0.23193359375,0.2197265625,-0.0244140625,0.341796875,-0.03662109375,0.89111328125,0.25634765625,0.0244140625,0.048828125,1.35498046875,-0.08544921875,-1.0009765625,-0.10986328125,-0.341796875,-0.10986328125,-0.98876953125,0.03662109375,-0.78125,-0.20751953125,-1.4892578125,-0.08544921875,-0.30517578125,0.0732421875,-0.28076171875,-0.2197265625,-1.23291015625,-0.08544921875,3.0029296875,-0.06103515625,3.23486328125,0.18310546875,2.18505859375,0,7.01904296875,0.13427734375,-0.390625,0.06103515625,-1.46484375,-0.0244140625,-1.0498046875,-0.08544921875,0.4150390625,0.03662109375,0.2685546875,-0.0732421875,-0.06103515625,-0.06103515625,-0.0244140625,-0.03662109375,0.06103515625,-0.01220703125,0.0244140625,-0.08544921875,0.830078125,-0.146484375,-0.48828125,0.09765625,-0.48828125
1,-0.03662109375,-0.3662109375,-0.048828125,-0.29296875,-0.01220703125,-0.3662109375,0.146484375,-0.048828125,0.1708984375,-0.13427734375,-0.1708984375,-0.89111328125,-0.390625,1.01318359375,-0.01220703125,-0.1953125,0.10986328125,-0.79345703125,0.10986328125,-0.30517578125,0.0244140625,0.68359375,0,-0.86669921875,0.0732421875,-0.10986328125,-0.18310546875,-0.76904296875,0.0244140625,0.9033203125,-0.30517578125,0.23193359375,0.48828125,-0.28076171875,-0.76904296875,-0.87890625,-0.03662109375,-0.40283203125,0.0732421875,-0.74462890625,0.146484375,-0.20751953125,0.50048828125,-0.68359375,-0.13427734375,-0.341796875,0.40283203125,0.67138671875,-0.01220703125,1.171875,-0.28076171875,0.5126953125,-0.4150390625,-0.20751953125,0.06103515625,0.7080078125,-0.3173828125,0.50048828125,-0.03662109375,0.6591796875,0.830078125,0.79345703125,-0.28076171875,0.52490234375,0.2685546875,0.30517578125,0.048828125,1.03759765625,0.06103515625,0.23193359375,-0.244140625,0.2197265625,-0.06103515625,0.341796875,-0.0244140625,0.87890625,0.30517578125,0.03662109375,0,1.3427734375,-0.1220703125,-1.0009765625,-0.048828125,-0.35400390625,0,-0.96435546875,0,-0.8056640625,-0.29296875,-1.47705078125,-0.0244140625,-0.30517578125,-0.06103515625,-0.29296875,-0.1708984375,-1.220703125,-0.146484375,3.94287109375,0.048828125,4.11376953125,0.1220703125,2.91748046875,0.03662109375,8.70361328125,0.06103515625,-0.2685546875,0.0244140625,-1.46484375,0.0244140625,-1.0498046875,-0.0732421875,0.40283203125,0.048828125,0.28076171875,-0.06103515625,-0.048828125,-0.0732421875,-0.01220703125,-0.08544921875,0.06103515625,-0.0244140625,0.01220703125,-0.1220703125,0.84228515625,-0.1220703125,-0.47607421875,0.09765625,-0.48828125
1,-0.0244140625,-0.3662109375,-0.01220703125,-0.30517578125,0.03662109375,-0.40283203125,0.13427734375,-0.03662109375,0.15869140625,-0.13427734375,-0.1953125,-0.89111328125,-0.3662109375,1.01318359375,-0.03662109375,-0.1953125,0.08544921875,-0.76904296875,0.06103515625,-0.29296875,-0.09765625,0.69580078125,0.0732421875,-0.86669921875,0.0732421875,-0.1220703125,-0.1220703125,-0.78125,0.048828125,0.927734375,-0.15869140625,0.244140625,0.439453125,-0.32958984375,-0.59814453125,-0.89111328125,-0.10986328125,-0.40283203125,0.06103515625,-0.732421875,0.09765625,-0.1953125,0.45166015625,-0.67138671875,-0.13427734375,-0.37841796875,0.390625,0.68359375,-0.03662109375,1.171875,-0.3173828125,0.48828125,-0.42724609375,-0.2197265625,0.01220703125,0.72021484375,-0.28076171875,0.69580078125,-0.0732421875,0.8544921875,0.84228515625,0.9521484375,-0.28076171875,0.732421875,0.1953125,0.3173828125,0.03662109375,1.03759765625,0.048828125,0.23193359375,-0.25634765625,0.20751953125,-0.1220703125,0.32958984375,-0.01220703125,0.84228515625,0.35400390625,0.06103515625,-0.048828125,1.3671875,-0.13427734375,-0.98876953125,0.0244140625,-0.3662109375,0.1220703125,-0.9765625,-0.0244140625,-0.81787109375,-0.37841796875,-1.50146484375,0.01220703125,-0.29296875,-0.1953125,-0.3173828125,-0.01220703125,-1.20849609375,-0.1953125,4.78515625,0.10986328125,4.8828125,0.03662109375,3.5888671875,0.10986328125,10.1318359375,0.0244140625,-0.1708984375,-0.0244140625,-1.47705078125,0.0244140625,-1.03759765625,-0.10986328125,0.4150390625,0.0244140625,0.29296875,-0.0732421875,-0.03662109375,-0.0732421875,0,-0.1220703125,0.08544921875,-0.03662109375,-0.01220703125,-0.146484375,0.84228515625,-0.0732421875,-0.47607421875,0.0732421875,-0.50048828125
1,-0.03662109375,-0.35400390625,-0.01220703125,-0.29296875,0.048828125,-0.390625,0.13427734375,-0.0244140625,0.1708984375,-0.146484375,-0.2197265625,-0.89111328125,-0.32958984375,1.06201171875,-0.048828125,-0.18310546875,0,-0.78125,0.03662109375,-0.3173828125,-0.1708984375,0.7080078125,0.0732421875,-0.86669921875,0.06103515625,-0.08544921875,-0.03662109375,-0.8056640625,0.01220703125,0.91552734375,0.0244140625,0.2197265625,0.341796875,-0.390625,-0.42724609375,-0.927734375,-0.1708984375,-0.390625,0.048828125,-0.732421875,0.0732421875,-0.15869140625,0.40283203125,-0.6591796875,-0.13427734375,-0.439453125,0.42724609375,0.67138671875,-0.08544921875,1.1962890625,-0.3173828125,0.47607421875,-0.4638671875,-0.23193359375,-0.048828125,0.732421875,-0.25634765625,1.11083984375,-0.09765625,1.13525390625,0.89111328125,1.18408203125,-0.2685546875,1.0986328125,0.10986328125,0.341796875,-0.03662109375,1.03759765625,0.0244140625,0.20751953125,-0.2685546875,0.20751953125,-0.1708984375,0.32958984375,0,0.8056640625,0.40283203125,0.048828125,-0.09765625,1.37939453125,-0.1708984375,-0.98876953125,0.09765625,-0.37841796875,0.2197265625,-0.9765625,-0.06103515625,-0.8056640625,-0.42724609375,-1.50146484375,0.03662109375,-0.29296875,-0.29296875,-0.32958984375,0.15869140625,-1.1962890625,-0.15869140625,5.4443359375,0.146484375,5.48095703125,-0.01220703125,4.08935546875,0.15869140625,11.16943359375,0.03662109375,-0.0732421875,-0.09765625,-1.46484375,-0.01220703125,-1.0498046875,-0.10986328125,0.42724609375,0.01220703125,0.3173828125,-0.08544921875,-0.03662109375,-0.08544921875,0,-0.10986328125,0.09765625,-0.06103515625,-0.01220703125,-0.15869140625,0.830078125,-0.0244140625,-0.48828125,0.06103515625,-0.52490234375
1,-0.03662109375,-0.35400390625,-0.01220703125,-0.30517578125,0.06103515625,-0.37841796875,0.13427734375,-0.03662109375,0.1708984375,-0.13427734375,-0.2197265625,-0.87890625,-0.341796875,1.07421875,-0.08544921875,-0.20751953125,-0.08544921875,-0.78125,0.0244140625,-0.30517578125,-0.1953125,0.72021484375,0,-0.84228515625,0.08544921875,-0.08544921875,0.01220703125,-0.8056640625,-0.03662109375,0.927734375,0.146484375,0.23193359375,0.28076171875,-0.4150390625,-0.32958984375,-0.9033203125,-0.23193359375,-0.40283203125,0,-0.74462890625,0.0244140625,-0.15869140625,0.341796875,-0.634765625,-0.15869140625,-0.4638671875,0.37841796875,0.69580078125,-0.1220703125,1.220703125,-0.30517578125,0.4638671875,-0.45166015625,-0.20751953125,-0.146484375,0.732421875,-0.244140625,1.6845703125,-0.18310546875,1.50146484375,0.91552734375,1.4892578125,-0.29296875,1.55029296875,0.048828125,0.35400390625,-0.10986328125,1.0498046875,-0.0244140625,0.1953125,-0.25634765625,0.1953125,-0.1953125,0.3173828125,0.01220703125,0.8056640625,0.42724609375,0.06103515625,-0.10986328125,1.3671875,-0.146484375,-0.9765625,0.1708984375,-0.37841796875,0.2197265625,-0.98876953125,-0.0732421875,-0.8056640625,-0.37841796875,-1.52587890625,0.048828125,-0.2685546875,-0.30517578125,-0.341796875,0.23193359375,-1.1962890625,-0.048828125,5.8349609375,0.1953125,5.79833984375,-0.01220703125,4.35791015625,0.09765625,11.75537109375,0.0732421875,0,-0.146484375,-1.45263671875,-0.08544921875,-1.03759765625,-0.13427734375,0.42724609375,0.0244140625,0.341796875,-0.09765625,-0.01220703125,-0.0732421875,0.01220703125,-0.1220703125,0.09765625,-0.06103515625,-0.01220703125,-0.15869140625,0.830078125,0.0244140625,-0.4638671875,0.048828125,-0.50048828125
1,-0.03662109375,-0.35400390625,0.01220703125,-0.3173828125,0.048828125,-0.40283203125,0.15869140625,-0.03662109375,0.1708984375,-0.146484375,-0.244140625,-0.89111328125,-0.341796875,1.0986328125,-0.0732421875,-0.20751953125,-0.15869140625,-0.78125,0,-0.29296875,-0.23193359375,0.732421875,-0.15869140625,-0.87890625,0.0732421875,-0.08544921875,0.0244140625,-0.8056640625,-0.08544921875,0.927734375,0.25634765625,0.244140625,0.2685546875,-0.42724609375,-0.25634765625,-0.89111328125,-0.244140625,-0.40283203125,-0.0244140625,-0.74462890625,0,-0.1708984375,0.29296875,-0.62255859375,-0.15869140625,-0.439453125,0.40283203125,0.69580078125,-0.1953125,1.2451171875,-0.25634765625,0.47607421875,-0.45166015625,-0.20751953125,-0.18310546875,0.76904296875,-0.18310546875,2.25830078125,-0.2197265625,1.85546875,0.87890625,1.7578125,-0.244140625,2.03857421875,-0.0244140625,0.3662109375,-0.146484375,1.07421875,-0.06103515625,0.18310546875,-0.23193359375,0.1953125,-0.28076171875,0.29296875,0.03662109375,0.79345703125,0.42724609375,0.048828125,-0.09765625,1.3671875,-0.10986328125,-0.96435546875,0.18310546875,-0.37841796875,0.146484375,-0.98876953125,-0.048828125,-0.79345703125,-0.3173828125,-1.513671875,0.06103515625,-0.25634765625,-0.20751953125,-0.35400390625,0.25634765625,-1.171875,0.048828125,5.96923828125,0.1708984375,5.8837890625,-0.08544921875,4.443359375,-0.03662109375,11.85302734375,0.13427734375,0.03662109375,-0.20751953125,-1.45263671875,-0.10986328125,-1.025390625,-0.15869140625,0.439453125,0.0244140625,0.341796875,-0.08544921875,-0.01220703125,-0.0732421875,0.03662109375,-0.13427734375,0.09765625,-0.08544921875,-0.01220703125,-0.13427734375,0.84228515625,0.06103515625,-0.439453125,0.0732421875,-0.50048828125
1,-0.06103515625,-0.3662109375,0,-0.341796875,0.03662109375,-0.37841796875,0.18310546875,-0.0244140625,0.146484375,-0.10986328125,-0.244140625,-0.87890625,-0.3662109375,1.123046875,-0.08544921875,-0.2197265625,-0.2197265625,-0.8056640625,0.01220703125,-0.28076171875,-0.2685546875,0.74462890625,-0.3662109375,-0.87890625,0.0732421875,-0.09765625,0.03662109375,-0.79345703125,-0.08544921875,0.91552734375,0.30517578125,0.244140625,0.30517578125,-0.390625,-0.2197265625,-0.91552734375,-0.244140625,-0.4150390625,-0.048828125,-0.74462890625,-0.06103515625,-0.146484375,0.32958984375,-0.62255859375,-0.146484375,-0.439453125,0.40283203125,0.72021484375,-0.244140625,1.23291015625,-0.25634765625,0.45166015625,-0.4638671875,-0.1708984375,-0.25634765625,0.7568359375,-0.146484375,2.77099609375,-0.2197265625,2.1240234375,0.93994140625,1.9775390625,-0.244140625,2.45361328125,-0.06103515625,0.37841796875,-0.18310546875,1.07421875,-0.08544921875,0.18310546875,-0.2197265625,0.20751953125,-0.341796875,0.29296875,0.0732421875,0.81787109375,0.45166015625,0.03662109375,-0.08544921875,1.37939453125,-0.03662109375,-0.9521484375,0.1708984375,-0.37841796875,0.0244140625,-1.0009765625,0.01220703125,-0.8056640625,-0.20751953125,-1.5380859375,0.06103515625,-0.244140625,-0.06103515625,-0.35400390625,0.2197265625,-1.1474609375,0.146484375,5.810546875,0.1220703125,5.6884765625,-0.09765625,4.30908203125,-0.1220703125,11.5234375,0.1708984375,0.0244140625,-0.23193359375,-1.45263671875,-0.09765625,-1.025390625,-0.13427734375,0.4150390625,0.048828125,0.341796875,-0.08544921875,-0.0244140625,-0.06103515625,0.0244140625,-0.1220703125,0.09765625,-0.09765625,-0.01220703125,-0.13427734375,0.84228515625,0.09765625,-0.439453125,0.048828125,-0.47607421875
1,-0.06103515625,-0.37841796875,-0.0244140625,-0.32958984375,0.0244140625,-0.37841796875,0.244140625,-0.03662109375,0.10986328125,-0.09765625,-0.244140625,-0.9033203125,-0.37841796875,1.08642578125,-0.0732421875,-0.20751953125,-0.2685546875,-0.78125,0.01220703125,-0.25634765625,-0.25634765625,0.72021484375,-0.52490234375,-0.91552734375,0.13427734375,-0.146484375,-0.01220703125,-0.78125,-0.0732421875,0.927734375,0.244140625,0.23193359375,0.3173828125,-0.37841796875,-0.2685546875,-0.9033203125,-0.2197265625,-0.42724609375,-0.0732421875,-0.7568359375,-0.0732421875,-0.1708984375,0.3662109375,-0.634765625,-0.1953125,-0.4150390625,0.341796875,0.732421875,-0.2685546875,1.220703125,-0.244140625,0.4638671875,-0.439453125,-0.146484375,-0.244140625,0.78125,-0.146484375,3.1005859375,-0.244140625,2.2705078125,0.87890625,2.1240234375,-0.2685546875,2.734375,-0.06103515625,0.40283203125,-0.1953125,1.06201171875,-0.0732421875,0.1708984375,-0.20751953125,0.1708984375,-0.37841796875,0.28076171875,0.09765625,0.8544921875,0.45166015625,0.03662109375,-0.01220703125,1.3671875,0,-0.9521484375,0.146484375,-0.390625,-0.1220703125,-1.01318359375,0.0732421875,-0.76904296875,-0.10986328125,-1.5380859375,0.048828125,-0.25634765625,0.10986328125,-0.3173828125,0.146484375,-1.11083984375,0.1953125,5.45654296875,0.13427734375,5.33447265625,-0.09765625,3.96728515625,-0.18310546875,10.82763671875,0.18310546875,0.01220703125,-0.1953125,-1.46484375,-0.06103515625,-1.025390625,-0.1220703125,0.40283203125,0.0732421875,0.341796875,-0.09765625,-0.03662109375,-0.0732421875,0.01220703125,-0.1220703125,0.09765625,-0.09765625,0.0244140625,-0.146484375,0.8544921875,0.10986328125,-0.439453125,0.0244140625,-0.47607421875
1,-0.0732421875,-0.390625,-0.03662109375,-0.32958984375,0.0244140625,-0.390625,0.28076171875,-0.01220703125,0.09765625,-0.10986328125,-0.244140625,-0.91552734375,-0.3662109375,1.0986328125,-0.0732421875,-0.20751953125,-0.29296875,-0.8056640625,0.0244140625,-0.25634765625,-0.28076171875,0.72021484375,-0.537109375,-0.9521484375,0.13427734375,-0.1708984375,-0.048828125,-0.76904296875,-0.0244140625,0.87890625,0.15869140625,0.23193359375,0.40283203125,-0.32958984375,-0.30517578125,-0.89111328125,-0.23193359375,-0.439453125,-0.08544921875,-0.7568359375,-0.09765625,-0.1708984375,0.54931640625,-0.6591796875,-0.29296875,-0.37841796875,0.30517578125,0.7568359375,-0.3173828125,1.1962890625,-0.23193359375,0.48828125,-0.4150390625,-0.13427734375,-0.18310546875,0.78125,-0.146484375,3.18603515625,-0.18310546875,2.24609375,0.87890625,2.1728515625,-0.23193359375,2.81982421875,-0.08544921875,0.390625,-0.18310546875,1.07421875,-0.06103515625,0.1708984375,-0.15869140625,0.1708984375,-0.439453125,0.29296875,0.13427734375,0.84228515625,0.439453125,0.03662109375,0.0244140625,1.3671875,0.01220703125,-0.9521484375,0.10986328125,-0.3662109375,-0.23193359375,-0.9765625,0.08544921875,-0.78125,-0.06103515625,-1.5380859375,0.03662109375,-0.25634765625,0.25634765625,-0.29296875,0.10986328125,-1.0986328125,0.1953125,4.9072265625,0.146484375,4.78515625,-0.10986328125,3.52783203125,-0.244140625,9.89990234375,0.146484375,-0.048828125,-0.1220703125,-1.4404296875,-0.0732421875,-1.0498046875,-0.15869140625,0.40283203125,0.0732421875,0.341796875,-0.09765625,-0.048828125,-0.0732421875,-0.0244140625,-0.1220703125,0.08544921875,-0.09765625,0.06103515625,-0.1708984375,0.84228515625,0.09765625,-0.45166015625,0.0244140625,-0.47607421875
1,-0.09765625,-0.390625,-0.06103515625,-0.3173828125,0.01220703125,-0.37841796875,0.30517578125,0,0.0732421875,-0.08544921875,-0.20751953125,-0.9033203125,-0.3173828125,1.06201171875,-0.08544921875,-0.20751953125,-0.2685546875,-0.81787109375,0.01220703125,-0.25634765625,-0.2685546875,0.72021484375,-0.47607421875,-0.9765625,0.1220703125,-0.20751953125,-0.13427734375,-0.78125,0,0.89111328125,-0.0244140625,0.244140625,0.37841796875,-0.25634765625,-0.28076171875,-0.87890625,-0.18310546875,-0.42724609375,-0.09765625,-0.76904296875,-0.1220703125,-0.18310546875,0.64697265625,-0.68359375,-0.42724609375,-0.341796875,0.2685546875,0.76904296875,-0.341796875,1.1962890625,-0.146484375,0.5126953125,-0.341796875,-0.1220703125,-0.13427734375,0.79345703125,-0.18310546875,3.0029296875,-0.1953125,2.1240234375,0.8544921875,2.099609375,-0.244140625,2.69775390625,-0.09765625,0.390625,-0.23193359375,1.06201171875,-0.03662109375,0.18310546875,-0.1708984375,0.1953125,-0.45166015625,0.30517578125,0.15869140625,0.86669921875,0.439453125,0.01220703125,0.08544921875,1.37939453125,0.0244140625,-0.9521484375,0.03662109375,-0.37841796875,-0.3173828125,-0.96435546875,0.048828125,-0.7568359375,-0.01220703125,-1.52587890625,0.0244140625,-0.25634765625,0.29296875,-0.25634765625,0.048828125,-1.0986328125,0.1220703125,4.30908203125,0.20751953125,4.16259765625,-0.1220703125,3.02734375,-0.341796875,8.837890625,0.06103515625,-0.10986328125,-0.01220703125,-1.45263671875,-0.13427734375,-1.0498046875,-0.1708984375,0.37841796875,0.09765625,0.32958984375,-0.08544921875,-0.03662109375,-0.0732421875,-0.048828125,-0.1220703125,0.0732421875,-0.08544921875,0.0732421875,-0.1953125,0.830078125,0.09765625,-0.439453125,0.0244140625,-0.45166015625
1,-0.09765625,-0.4150390625,-0.03662109375,-0.30517578125,0.03662109375,-0.390625,0.28076171875,0.01220703125,0.03662109375,-0.08544921875,-0.1708984375,-0.9033203125,-0.35400390625,1.0498046875,-0.06103515625,-0.18310546875,-0.1953125,-0.84228515625,0.01220703125,-0.2685546875,-0.244140625,0.7080078125,-0.3173828125,-0.98876953125,0.10986328125,-0.23193359375,-0.1953125,-0.76904296875,-0.01220703125,0.86669921875,-0.23193359375,0.244140625,0.25634765625,-0.2197265625,-0.28076171875,-0.8544921875,-0.15869140625,-0.4150390625,-0.0244140625,-0.7568359375,-0.10986328125,-0.15869140625,0.7568359375,-0.7080078125,-0.52490234375,-0.3173828125,0.37841796875,0.78125,-0.35400390625,1.171875,-0.13427734375,0.52490234375,-0.25634765625,-0.1220703125,-0.06103515625,0.7568359375,-0.23193359375,2.64892578125,-0.18310546875,1.91650390625,0.76904296875,1.9287109375,-0.1953125,2.4658203125,-0.1220703125,0.3662109375,-0.2685546875,1.06201171875,-0.01220703125,0.18310546875,-0.1708984375,0.1708984375,-0.47607421875,0.3173828125,0.1708984375,0.86669921875,0.40283203125,0.0244140625,0.1220703125,1.37939453125,0.0244140625,-0.9521484375,0,-0.37841796875,-0.29296875,-0.9521484375,0,-0.76904296875,0,-1.50146484375,0.0244140625,-0.25634765625,0.2685546875,-0.25634765625,0.048828125,-1.11083984375,0.0244140625,3.67431640625,0.244140625,3.55224609375,-0.10986328125,2.55126953125,-0.37841796875,7.77587890625,0.01220703125,-0.18310546875,0.1220703125,-1.46484375,-0.20751953125,-1.06201171875,-0.1708984375,0.390625,0.0732421875,0.32958984375,-0.0732421875,-0.03662109375,-0.08544921875,-0.048828125,-0.146484375,0.08544921875,-0.06103515625,0.048828125,-0.2197265625,0.81787109375,0.1220703125,-0.45166015625,0.01220703125,-0.47607421875
1,-0.10986328125,-0.40283203125,-0.048828125,-0.28076171875,0.048828125,-0.390625,0.28076171875,0.01220703125,0.01220703125,-0.08544921875,-0.1708984375,-0.91552734375,-0.3173828125,1.03759765625,-0.0732421875,-0.20751953125,-0.10986328125,-0.84228515625,0.0244140625,-0.2685546875,-0.25634765625,0.7080078125,-0.146484375,-0.98876953125,0.048828125,-0.25634765625,-0.23193359375,-0.78125,-0.03662109375,0.86669921875,-0.40283203125,0.244140625,0.0732421875,-0.18310546875,-0.2685546875,-0.84228515625,-0.13427734375,-0.37841796875,0.06103515625,-0.7568359375,-0.0732421875,-0.15869140625,0.79345703125,-0.69580078125,-0.62255859375,-0.30517578125,0.47607421875,0.7568359375,-0.32958984375,1.15966796875,-0.13427734375,0.50048828125,-0.1220703125,-0.10986328125,0,0.7568359375,-0.29296875,2.197265625,-0.15869140625,1.62353515625,0.7568359375,1.7333984375,-0.146484375,2.099609375,-0.15869140625,0.341796875,-0.2197265625,1.0498046875,0.01220703125,0.18310546875,-0.2197265625,0.1708984375,-0.4150390625,0.32958984375,0.1708984375,0.86669921875,0.4150390625,0.01220703125,0.146484375,1.35498046875,0.01220703125,-0.9765625,-0.01220703125,-0.3662109375,-0.2197265625,-0.93994140625,-0.08544921875,-0.78125,-0.06103515625,-1.513671875,0.0244140625,-0.25634765625,0.18310546875,-0.25634765625,0.08544921875,-1.123046875,-0.06103515625,3.1005859375,0.25634765625,3.0029296875,-0.10986328125,2.08740234375,-0.390625,6.8359375,-0.0244140625,-0.28076171875,0.20751953125,-1.45263671875,-0.23193359375,-1.03759765625,-0.18310546875,0.390625,0.08544921875,0.3173828125,-0.08544921875,-0.01220703125,-0.0732421875,-0.10986328125,-0.13427734375,0.08544921875,-0.0732421875,0.03662109375,-0.25634765625,0.81787109375,0.13427734375,-0.50048828125,0.0244140625,-0.4638671875
1,-0.1708984375,-0.40283203125,0,-0.30517578125,0.0732421875,-0.40283203125,0.2685546875,0,-0.0244140625,-0.0732421875,-0.15869140625,-0.91552734375,-0.3173828125,1.0498046875,-0.08544921875,-0.20751953125,0.0244140625,-0.84228515625,0.048828125,-0.29296875,-0.18310546875,0.7080078125,-0.0244140625,-0.9765625,-0.01220703125,-0.25634765625,-0.30517578125,-0.81787109375,-0.1708984375,0.84228515625,-0.537109375,0.20751953125,-0.146484375,-0.18310546875,-0.25634765625,-0.81787109375,-0.10986328125,-0.3662109375,0.1220703125,-0.7568359375,-0.03662109375,-0.146484375,0.78125,-0.69580078125,-0.6591796875,-0.32958984375,0.47607421875,0.74462890625,-0.30517578125,1.1474609375,-0.1708984375,0.48828125,-0.01220703125,-0.13427734375,0.0244140625,0.7080078125,-0.341796875,1.74560546875,-0.2197265625,1.3671875,0.68359375,1.55029296875,-0.23193359375,1.7578125,-0.18310546875,0.341796875,-0.2197265625,1.025390625,0.06103515625,0.20751953125,-0.2685546875,0.1953125,-0.390625,0.32958984375,0.18310546875,0.86669921875,0.42724609375,0.01220703125,0.15869140625,1.3427734375,-0.01220703125,-0.96435546875,-0.0244140625,-0.3662109375,-0.09765625,-0.96435546875,-0.20751953125,-0.8056640625,-0.13427734375,-1.52587890625,0.0244140625,-0.2685546875,0.0244140625,-0.244140625,0.13427734375,-1.13525390625,-0.10986328125,2.64892578125,0.23193359375,2.55126953125,-0.146484375,1.69677734375,-0.390625,6.0302734375,0.01220703125,-0.3662109375,0.23193359375,-1.47705078125,-0.244140625,-1.06201171875,-0.13427734375,0.390625,0.08544921875,0.32958984375,-0.08544921875,-0.0244140625,-0.08544921875,-0.09765625,-0.1220703125,0.08544921875,-0.0732421875,0.03662109375,-0.2685546875,0.8056640625,0.18310546875,-0.48828125,-0.03662109375,-0.4638671875
0,-0.15869140625,-0.37841796875,-0.01220703125,-0.28076171875,0.08544921875,-0.40283203125,0.29296875,0,0,-0.0732421875,-0.15869140625,-0.9033203125,-0.30517578125,1.0498046875,-0.09765625,-0.2197265625,0.09765625,-0.81787109375,0.08544921875,-0.30517578125,-0.08544921875,0.7080078125,0.06103515625,-0.93994140625,-0.10986328125,-0.2197265625,-0.35400390625,-0.81787109375,-0.28076171875,0.86669921875,-0.52490234375,0.20751953125,-0.28076171875,-0.244140625,-0.1953125,-0.84228515625,-0.0732421875,-0.35400390625,0.13427734375,-0.7568359375,0.0732421875,-0.1708984375,0.8056640625,-0.67138671875,-0.634765625,-0.37841796875,0.4638671875,0.72021484375,-0.2685546875,1.15966796875,-0.20751953125,0.47607421875,0.09765625,-0.13427734375,0.03662109375,0.7080078125,-0.32958984375,1.3916015625,-0.244140625,1.1962890625,0.7080078125,1.37939453125,-0.23193359375,1.45263671875,-0.1708984375,0.32958984375,-0.1953125,1.025390625,0.10986328125,0.1953125,-0.30517578125,0.1953125,-0.341796875,0.29296875,0.1708984375,0.8544921875,0.4150390625,0.0244140625,0.15869140625,1.3427734375,-0.0244140625,-0.96435546875,-0.0244140625,-0.3662109375,0.01220703125,-0.98876953125,-0.28076171875,-0.8056640625,-0.244140625,-1.5380859375,-0.01220703125,-0.28076171875,-0.13427734375,-0.25634765625,0.1708984375,-1.1474609375,-0.13427734375,2.25830078125,0.18310546875,2.197265625,-0.15869140625,1.42822265625,-0.32958984375,5.3955078125,0.0732421875,-0.42724609375,0.23193359375,-1.46484375,-0.2197265625,-1.06201171875,-0.09765625,0.390625,0.08544921875,0.32958984375,-0.09765625,-0.0244140625,-0.0732421875,-0.09765625,-0.09765625,0.08544921875,-0.08544921875,0.0244140625,-0.2197265625,0.8056640625,0.20751953125,-0.50048828125,-0.06103515625,-0.48828125
0,-0.2197265625,-0.37841796875,0,-0.29296875,0.08544921875,-0.37841796875,0.30517578125,-0.01220703125,0.0244140625,-0.08544921875,-0.146484375,-0.89111328125,-0.244140625,1.0498046875,-0.09765625,-0.23193359375,0.1220703125,-0.8056640625,0.1220703125,-0.3173828125,-0.01220703125,0.69580078125,0.048828125,-0.9033203125,-0.18310546875,-0.1708984375,-0.3662109375,-0.84228515625,-0.4150390625,0.8544921875,-0.4150390625,0.20751953125,-0.30517578125,-0.28076171875,-0.30517578125,-0.830078125,-0.048828125,-0.35400390625,0.15869140625,-0.74462890625,0.15869140625,-0.1708984375,0.74462890625,-0.64697265625,-0.54931640625,-0.40283203125,0.439453125,0.7080078125,-0.20751953125,1.171875,-0.25634765625,0.45166015625,0.1708984375,-0.1708984375,0.01220703125,0.68359375,-0.3662109375,1.18408203125,-0.2197265625,1.13525390625,0.67138671875,1.318359375,-0.25634765625,1.26953125,-0.13427734375,0.29296875,-0.1220703125,1.01318359375,0.1708984375,0.18310546875,-0.32958984375,0.20751953125,-0.29296875,0.29296875,0.1708984375,0.830078125,0.40283203125,0.0244140625,0.10986328125,1.33056640625,-0.03662109375,-0.9521484375,-0.03662109375,-0.37841796875,0.1220703125,-0.98876953125,-0.3173828125,-0.81787109375,-0.30517578125,-1.5380859375,-0.0732421875,-0.28076171875,-0.28076171875,-0.2685546875,0.15869140625,-1.171875,-0.09765625,1.96533203125,0.09765625,1.953125,-0.15869140625,1.220703125,-0.29296875,4.91943359375,0.15869140625,-0.48828125,0.146484375,-1.47705078125,-0.1708984375,-1.0498046875,-0.0732421875,0.40283203125,0.08544921875,0.32958984375,-0.08544921875,-0.01220703125,-0.06103515625,-0.13427734375,-0.06103515625,0.10986328125,-0.09765625,-0.01220703125,-0.20751953125,0.8056640625,0.23193359375,-0.50048828125,-0.08544921875,-0.48828125
0,-0.20751953125,-0.390625,-0.0244140625,-0.3173828125,0.06103515625,-0.390625,0.3173828125,-0.0244140625,0.03662109375,-0.09765625,-0.13427734375,-0.89111328125,-0.244140625,1.06201171875,-0.1220703125,-0.244140625,0.10986328125,-0.8056640625,0.146484375,-0.32958984375,0.08544921875,0.7080078125,0.0244140625,-0.87890625,-0.20751953125,-0.146484375,-0.390625,-0.86669921875,-0.5126953125,0.86669921875,-0.23193359375,0.20751953125,-0.20751953125,-0.35400390625,-0.40283203125,-0.830078125,-0.03662109375,-0.40283203125,0.1220703125,-0.732421875,0.2685546875,-0.1708984375,0.74462890625,-0.634765625,-0.4150390625,-0.439453125,0.390625,0.67138671875,-0.1220703125,1.15966796875,-0.341796875,0.439453125,0.2197265625,-0.1708984375,0.01220703125,0.69580078125,-0.341796875,1.15966796875,-0.244140625,1.15966796875,0.68359375,1.3427734375,-0.23193359375,1.1962890625,-0.048828125,0.29296875,-0.08544921875,1.01318359375,0.1953125,0.18310546875,-0.29296875,0.20751953125,-0.28076171875,0.2685546875,0.18310546875,0.8544921875,0.40283203125,0.03662109375,0.0244140625,1.3427734375,-0.0244140625,-0.9521484375,-0.01220703125,-0.37841796875,0.18310546875,-1.025390625,-0.29296875,-0.830078125,-0.3173828125,-1.52587890625,-0.15869140625,-0.30517578125,-0.32958984375,-0.28076171875,0.13427734375,-1.1962890625,-0.0732421875,1.7333984375,0.0244140625,1.72119140625,-0.13427734375,1.0498046875,-0.30517578125,4.541015625,0.20751953125,-0.537109375,0.03662109375,-1.4892578125,-0.15869140625,-1.03759765625,-0.048828125,0.4150390625,0.09765625,0.341796875,-0.08544921875,-0.03662109375,-0.0732421875,-0.1220703125,-0.0244140625,0.1220703125,-0.10986328125,-0.03662109375,-0.20751953125,0.79345703125,0.244140625,-0.48828125,-0.10986328125,-0.48828125
0,-0.18310546875,-0.37841796875,-0.01220703125,-0.3173828125,0.06103515625,-0.390625,0.341796875,-0.01220703125,0.048828125,-0.0732421875,-0.146484375,-0.9033203125,-0.2197265625,1.08642578125,-0.15869140625,-0.2197265625,0.13427734375,-0.78125,0.15869140625,-0.32958984375,0.10986328125,0.69580078125,0.01220703125,-0.87890625,-0.20751953125,-0.13427734375,-0.40283203125,-0.8544921875,-0.52490234375,0.87890625,-0.0244140625,0.20751953125,-0.0244140625,-0.4150390625,-0.59814453125,-0.86669921875,-0.03662109375,-0.42724609375,0.10986328125,-0.74462890625,0.37841796875,-0.1953125,0.69580078125,-0.6103515625,-0.28076171875,-0.439453125,0.390625,0.6103515625,-0.048828125,1.18408203125,-0.40283203125,0.42724609375,0.3173828125,-0.18310546875,0.01220703125,0.69580078125,-0.47607421875,1.2939453125,-0.32958984375,1.25732421875,0.64697265625,1.4404296875,-0.28076171875,1.26953125,0.01220703125,0.25634765625,-0.03662109375,1.025390625,0.18310546875,0.18310546875,-0.2685546875,0.1953125,-0.25634765625,0.244140625,0.1708984375,0.8544921875,0.37841796875,0.0244140625,-0.048828125,1.3427734375,-0.048828125,-0.9765625,0.01220703125,-0.390625,0.18310546875,-1.03759765625,-0.1708984375,-0.830078125,-0.32958984375,-1.5380859375,-0.23193359375,-0.30517578125,-0.3173828125,-0.29296875,0.06103515625,-1.20849609375,-0.048828125,1.50146484375,-0.0732421875,1.52587890625,-0.10986328125,0.87890625,-0.29296875,4.18701171875,0.25634765625,-0.54931640625,-0.06103515625,-1.47705078125,-0.1953125,-1.0498046875,-0.0732421875,0.4150390625,0.09765625,0.3173828125,-0.08544921875,-0.0244140625,-0.06103515625,-0.10986328125,-0.01220703125,0.1220703125,-0.1220703125,-0.03662109375,-0.20751953125,0.78125,0.2197265625,-0.47607421875,-0.146484375,-0.50048828125
0,-0.18310546875,-0.37841796875,0,-0.30517578125,0.048828125,-0.390625,0.35400390625,0,0.06103515625,-0.08544921875,-0.1220703125,-0.89111328125,-0.2197265625,1.11083984375,-0.1953125,-0.20751953125,0.09765625,-0.79345703125,0.1708984375,-0.341796875,0.09765625,0.7080078125,0,-0.87890625,-0.1708984375,-0.13427734375,-0.35400390625,-0.830078125,-0.50048828125,0.91552734375,0.10986328125,0.2197265625,0.13427734375,-0.45166015625,-0.7080078125,-0.87890625,-0.06103515625,-0.4638671875,0.0732421875,-0.732421875,0.390625,-0.2197265625,0.72021484375,-0.57373046875,-0.10986328125,-0.45166015625,0.390625,0.59814453125,0,1.1962890625,-0.47607421875,0.439453125,0.3173828125,-0.15869140625,0,0.7080078125,-0.4150390625,1.513671875,-0.341796875,1.3916015625,0.732421875,1.57470703125,-0.25634765625,1.3916015625,0.09765625,0.244140625,0.03662109375,1.025390625,0.1708984375,0.1953125,-0.244140625,0.20751953125,-0.23193359375,0.244140625,0.15869140625,0.86669921875,0.37841796875,0.0244140625,-0.146484375,1.3427734375,-0.03662109375,-0.98876953125,0.048828125,-0.37841796875,0.15869140625,-1.0498046875,-0.048828125,-0.830078125,-0.30517578125,-1.55029296875,-0.23193359375,-0.3173828125,-0.18310546875,-0.3173828125,-0.03662109375,-1.1962890625,-0.06103515625,1.220703125,-0.20751953125,1.28173828125,-0.1708984375,0.69580078125,-0.3662109375,3.77197265625,0.244140625,-0.537109375,-0.1220703125,-1.47705078125,-0.18310546875,-1.025390625,-0.06103515625,0.4150390625,0.09765625,0.30517578125,-0.08544921875,-0.03662109375,-0.06103515625,-0.1220703125,-0.01220703125,0.1220703125,-0.1220703125,-0.048828125,-0.18310546875,0.78125,0.18310546875,-0.47607421875,-0.10986328125,-0.52490234375
0,-0.1953125,-0.40283203125,-0.01220703125,-0.30517578125,0.0244140625,-0.40283203125,0.390625,-0.0244140625,0.0244140625,-0.08544921875,-0.13427734375,-0.9033203125,-0.1953125,1.11083984375,-0.20751953125,-0.1953125,0.06103515625,-0.79345703125,0.15869140625,-0.32958984375,0.08544921875,0.7080078125,-0.0244140625,-0.89111328125,-0.10986328125,-0.13427734375,-0.29296875,-0.830078125,-0.37841796875,0.91552734375,0.18310546875,0.2197265625,0.28076171875,-0.4638671875,-0.78125,-0.87890625,-0.10986328125,-0.47607421875,0.06103515625,-0.74462890625,0.3173828125,-0.20751953125,0.7568359375,-0.5859375,0.01220703125,-0.40283203125,0.390625,0.62255859375,0.06103515625,1.171875,-0.48828125,0.45166015625,0.29296875,-0.13427734375,0,0.7568359375,-0.3173828125,1.77001953125,-0.29296875,1.47705078125,0.7080078125,1.69677734375,-0.28076171875,1.52587890625,0.15869140625,0.244140625,0.08544921875,1.025390625,0.146484375,0.1953125,-0.1708984375,0.18310546875,-0.1708984375,0.23193359375,0.1220703125,0.87890625,0.3662109375,0.03662109375,-0.2197265625,1.33056640625,0.03662109375,-1.0009765625,0.06103515625,-0.3662109375,0.09765625,-1.025390625,0.08544921875,-0.830078125,-0.25634765625,-1.5625,-0.20751953125,-0.32958984375,-0.03662109375,-0.35400390625,-0.1220703125,-1.1962890625,-0.0732421875,0.8544921875,-0.2197265625,0.9765625,-0.18310546875,0.45166015625,-0.3662109375,3.22265625,0.18310546875,-0.5126953125,-0.146484375,-1.4892578125,-0.146484375,-1.03759765625,-0.048828125,0.40283203125,0.10986328125,0.30517578125,-0.08544921875,-0.0244140625,-0.0732421875,-0.1220703125,0.01220703125,0.1220703125,-0.13427734375,-0.0244140625,-0.18310546875,0.7568359375,0.13427734375,-0.48828125,-0.0732421875,-0.5126953125
0,-0.23193359375,-0.390625,-0.0244140625,-0.29296875,0.03662109375,-0.40283203125,0.390625,0,0,-0.08544921875,-0.13427734375,-0.89111328125,-0.20751953125,1.123046875,-0.20751953125,-0.18310546875,0.048828125,-0.79345703125,0.1220703125,-0.3173828125,0.01220703125,0.69580078125,-0.08544921875,-0.927734375,-0.048828125,-0.15869140625,-0.25634765625,-0.8056640625,-0.2197265625,0.9033203125,0.146484375,0.23193359375,0.4638671875,-0.42724609375,-0.84228515625,-0.89111328125,-0.2197265625,-0.4638671875,-0.01220703125,-0.74462890625,0.1953125,-0.20751953125,0.79345703125,-0.6103515625,0.06103515625,-0.390625,0.42724609375,0.6103515625,0.08544921875,1.171875,-0.48828125,0.4638671875,0.244140625,-0.09765625,-0.0244140625,0.74462890625,-0.3662109375,1.9287109375,-0.341796875,1.52587890625,0.62255859375,1.7822265625,-0.40283203125,1.57470703125,0.13427734375,0.2197265625,0.146484375,1.01318359375,0.1220703125,0.1953125,-0.1220703125,0.1708984375,-0.09765625,0.23193359375,0.1220703125,0.91552734375,0.341796875,0.01220703125,-0.244140625,1.318359375,0.0732421875,-1.0009765625,0.0732421875,-0.390625,0.06103515625,-1.03759765625,0.1708984375,-0.81787109375,-0.1953125,-1.55029296875,-0.13427734375,-0.32958984375,0.15869140625,-0.35400390625,-0.15869140625,-1.18408203125,-0.06103515625,0.390625,-0.18310546875,0.54931640625,-0.2197265625,0.10986328125,-0.2685546875,2.50244140625,0.10986328125,-0.4638671875,-0.1220703125,-1.46484375,-0.1220703125,-1.025390625,-0.048828125,0.40283203125,0.09765625,0.30517578125,-0.06103515625,0,-0.06103515625,-0.1220703125,0.0244140625,0.10986328125,-0.1220703125,-0.03662109375,-0.18310546875,0.78125,0.09765625,-0.47607421875,0,-0.5126953125
0,-0.244140625,-0.40283203125,-0.0244140625,-0.30517578125,0.03662109375,-0.42724609375,0.40283203125,-0.01220703125,-0.0244140625,-0.10986328125,-0.15869140625,-0.9033203125,-0.20751953125,1.123046875,-0.2197265625,-0.1953125,0.0732421875,-0.8056640625,0.06103515625,-0.3173828125,-0.09765625,0.7080078125,-0.18310546875,-0.93994140625,0.01220703125,-0.1953125,-0.1953125,-0.79345703125,-0.08544921875,0.91552734375,0.01220703125,0.25634765625,0.54931640625,-0.3662109375,-0.927734375,-0.8544921875,-0.32958984375,-0.45166015625,-0.08544921875,-0.76904296875,0,-0.1953125,0.830078125,-0.6591796875,-0.01220703125,-0.341796875,0.3662109375,0.62255859375,0.0732421875,1.15966796875,-0.47607421875,0.47607421875,0.13427734375,-0.08544921875,0,0.76904296875,-0.244140625,1.96533203125,-0.18310546875,1.47705078125,0.74462890625,1.84326171875,-0.4150390625,1.5625,0.1708984375,0.1953125,0.23193359375,1.03759765625,0.13427734375,0.2197265625,-0.09765625,0.1708984375,-0.01220703125,0.244140625,0.08544921875,0.87890625,0.3173828125,-0.01220703125,-0.29296875,1.33056640625,0.10986328125,-0.98876953125,0.08544921875,-0.3662109375,0.03662109375,-1.03759765625,0.244140625,-0.8056640625,-0.18310546875,-1.55029296875,-0.03662109375,-0.32958984375,0.25634765625,-0.341796875,-0.1708984375,-1.18408203125,-0.03662109375,-0.15869140625,-0.1220703125,0.0244140625,-0.23193359375,-0.30517578125,-0.2197265625,1.6357421875,-0.01220703125,-0.4638671875,-0.09765625,-1.46484375,-0.09765625,-1.03759765625,-0.01220703125,0.390625,0.09765625,0.30517578125,-0.06103515625,-0.0244140625,-0.048828125,-0.1220703125,-0.01220703125,0.10986328125,-0.146484375,-0.0244140625,-0.20751953125,0.76904296875,0.08544921875,-0.4638671875,0.048828125,-0.50048828125
0,-0.2197265625,-0.40283203125,-0.0244140625,-0.3173828125,0.0244140625,-0.4150390625,0.390625,-0.0244140625,-0.06103515625,-0.10986328125,-0.13427734375,-0.9033203125,-0.1708984375,1.0986328125,-0.244140625,-0.20751953125,0.06103515625,-0.78125,-0.0244140625,-0.30517578125,-0.18310546875,0.7080078125,-0.29296875,-0.9521484375,0.08544921875,-0.1953125,-0.146484375,-0.78125,0.06103515625,0.89111328125,-0.10986328125,0.28076171875,0.5126953125,-0.30517578125,-0.8544921875,-0.830078125,-0.4150390625,-0.45166015625,-0.09765625,-0.7568359375,-0.146484375,-0.1708984375,0.81787109375,-0.67138671875,-0.1220703125,-0.30517578125,0.50048828125,0.6591796875,0.048828125,1.1474609375,-0.439453125,0.48828125,0.09765625,-0.10986328125,0.0244140625,0.7568359375,-0.20751953125,1.8798828125,-0.20751953125,1.3671875,0.72021484375,1.806640625,-0.45166015625,1.4892578125,0.1953125,0.1953125,0.25634765625,1.01318359375,0.1220703125,0.2197265625,-0.08544921875,0.15869140625,0.03662109375,0.244140625,0.03662109375,0.89111328125,0.28076171875,0,-0.29296875,1.318359375,0.10986328125,-1.025390625,0.09765625,-0.35400390625,0.0244140625,-1.025390625,0.244140625,-0.81787109375,-0.15869140625,-1.5380859375,0.0732421875,-0.341796875,0.2685546875,-0.32958984375,-0.09765625,-1.15966796875,-0.0244140625,-0.7080078125,-0.0244140625,-0.537109375,-0.2685546875,-0.7568359375,-0.1953125,0.64697265625,-0.1220703125,-0.45166015625,-0.01220703125,-1.47705078125,-0.15869140625,-1.03759765625,0,0.390625,0.10986328125,0.30517578125,-0.048828125,-0.03662109375,-0.0732421875,-0.1220703125,0,0.10986328125,-0.10986328125,-0.01220703125,-0.23193359375,0.7568359375,0.08544921875,-0.4638671875,0.10986328125,-0.52490234375
0,-0.23193359375,-0.40283203125,0,-0.341796875,0.0244140625,-0.42724609375,0.3662109375,-0.03662109375,-0.0732421875,-0.10986328125,-0.15869140625,-0.9033203125,-0.1708984375,1.07421875,-0.244140625,-0.2197265625,0.0732421875,-0.79345703125,-0.0732421875,-0.30517578125,-0.2685546875,0.72021484375,-0.35400390625,-0.96435546875,0.1220703125,-0.23193359375,-0.0732421875,-0.78125,0.146484375,0.89111328125,-0.2197265625,0.25634765625,0.40283203125,-0.2685546875,-0.84228515625,-0.8056640625,-0.5126953125,-0.42724609375,-0.13427734375,-0.76904296875,-0.28076171875,-0.20751953125,0.79345703125,-0.7080078125,-0.30517578125,-0.29296875,0.47607421875,0.6591796875,-0.048828125,1.1474609375,-0.390625,0.48828125,0.06103515625,-0.13427734375,0.01220703125,0.74462890625,-0.15869140625,1.69677734375,-0.18310546875,1.1962890625,0.7080078125,1.72119140625,-0.439453125,1.33056640625,0.2197265625,0.1953125,0.28076171875,1.03759765625,0.10986328125,0.23193359375,-0.048828125,0.146484375,0.09765625,0.25634765625,-0.01220703125,0.8544921875,0.2685546875,0.01220703125,-0.2685546875,1.33056640625,0.10986328125,-1.025390625,0.10986328125,-0.3662109375,0.0244140625,-1.0009765625,0.13427734375,-0.8056640625,-0.146484375,-1.52587890625,0.1953125,-0.29296875,0.23193359375,-0.3173828125,0.03662109375,-1.1474609375,-0.0244140625,-1.30615234375,0.048828125,-1.11083984375,-0.30517578125,-1.18408203125,-0.18310546875,-0.341796875,-0.18310546875,-0.4638671875,0.048828125,-1.45263671875,-0.2197265625,-1.025390625,-0.03662109375,0.4150390625,0.08544921875,0.3173828125,-0.0244140625,0,-0.06103515625,-0.10986328125,-0.0244140625,0.10986328125,-0.09765625,-0.03662109375,-0.23193359375,0.76904296875,0.09765625,-0.47607421875,0.13427734375,-0.5126953125
0,-0.29296875,-0.390625,0.0244140625,-0.32958984375,0.03662109375,-0.42724609375,0.35400390625,-0.03662109375,-0.09765625,-0.09765625,-0.13427734375,-0.9033203125,-0.13427734375,1.0498046875,-0.244140625,-0.2197265625,0.09765625,-0.830078125,-0.10986328125,-0.32958984375,-0.3173828125,0.7080078125,-0.30517578125,-0.9765625,0.15869140625,-0.2197265625,-0.03662109375,-0.79345703125,0.146484375,0.9033203125,-0.2685546875,0.244140625,0.23193359375,-0.2197265625,-0.7080078125,-0.7568359375,-0.5615234375,-0.42724609375,-0.1220703125,-0.76904296875,-0.30517578125,-0.20751953125,0.72021484375,-0.732421875,-0.4638671875,-0.25634765625,0.47607421875,0.69580078125,-0.10986328125,1.15966796875,-0.35400390625,0.48828125,0.0244140625,-0.1220703125,-0.048828125,0.74462890625,-0.18310546875,1.47705078125,-0.1708984375,1.0498046875,0.67138671875,1.6357421875,-0.4150390625,1.171875,0.2685546875,0.2197265625,0.30517578125,1.01318359375,0.09765625,0.2197265625,-0.08544921875,0.146484375,0.1220703125,0.28076171875,-0.06103515625,0.81787109375,0.2197265625,0.01220703125,-0.29296875,1.30615234375,0.08544921875,-1.03759765625,0.09765625,-0.35400390625,0.03662109375,-0.98876953125,0,-0.79345703125,-0.146484375,-1.52587890625,0.2685546875,-0.29296875,0.146484375,-0.29296875,0.18310546875,-1.1474609375,-0.03662109375,-1.79443359375,0.08544921875,-1.59912109375,-0.341796875,-1.55029296875,-0.146484375,-1.2451171875,-0.1953125,-0.48828125,0.06103515625,-1.47705078125,-0.30517578125,-1.0498046875,-0.03662109375,0.4150390625,0.08544921875,0.3173828125,-0.01220703125,-0.0244140625,-0.048828125,-0.10986328125,-0.01220703125,0.13427734375,-0.1220703125,-0.03662109375,-0.2685546875,0.78125,0.1220703125,-0.47607421875,0.15869140625,-0.5126953125
0,-0.28076171875,-0.40283203125,0.06103515625,-0.30517578125,0.0244140625,-0.4150390625,0.341796875,-0.0244140625,-0.09765625,-0.10986328125,-0.13427734375,-0.89111328125,-0.15869140625,1.03759765625,-0.2197265625,-0.23193359375,0.1220703125,-0.81787109375,-0.1220703125,-0.32958984375,-0.30517578125,0.68359375,-0.244140625,-0.9521484375,0.146484375,-0.23193359375,-0.048828125,-0.79345703125,0.08544921875,0.86669921875,-0.244140625,0.2197265625,0.06103515625,-0.1953125,-0.5859375,-0.69580078125,-0.537109375,-0.37841796875,-0.09765625,-0.76904296875,-0.29296875,-0.1953125,0.6103515625,-0.74462890625,-0.54931640625,-0.2685546875,0.52490234375,0.69580078125,-0.15869140625,1.15966796875,-0.341796875,0.4638671875,-0.01220703125,-0.146484375,-0.13427734375,0.72021484375,-0.1708984375,1.33056640625,-0.0244140625,0.96435546875,0.72021484375,1.5625,-0.2685546875,1.08642578125,0.25634765625,0.20751953125,0.29296875,1.03759765625,0.10986328125,0.23193359375,-0.09765625,0.15869140625,0.09765625,0.29296875,-0.1220703125,0.81787109375,0.20751953125,0.01220703125,-0.244140625,1.30615234375,0.03662109375,-1.01318359375,0.06103515625,-0.341796875,0.01220703125,-1.0009765625,-0.1708984375,-0.79345703125,-0.10986328125,-1.50146484375,0.30517578125,-0.244140625,0.0732421875,-0.2685546875,0.32958984375,-1.13525390625,-0.06103515625,-2.1240234375,0.06103515625,-1.96533203125,-0.3173828125,-1.806640625,-0.146484375,-1.953125,-0.1220703125,-0.54931640625,0.0732421875,-1.4892578125,-0.35400390625,-1.0498046875,-0.048828125,0.40283203125,0.08544921875,0.32958984375,-0.01220703125,-0.01220703125,-0.0732421875,-0.08544921875,0,0.13427734375,-0.13427734375,-0.0244140625,-0.23193359375,0.8056640625,0.1708984375,-0.48828125,0.146484375,-0.5126953125
0,-0.30517578125,-0.37841796875,0.03662109375,-0.29296875,0.0244140625,-0.390625,0.35400390625,-0.01220703125,-0.08544921875,-0.09765625,-0.13427734375,-0.89111328125,-0.1708984375,1.01318359375,-0.20751953125,-0.2197265625,0.146484375,-0.79345703125,-0.1220703125,-0.32958984375,-0.244140625,0.69580078125,-0.1708984375,-0.9521484375,0.146484375,-0.20751953125,-0.08544921875,-0.8056640625,0,0.9033203125,-0.244140625,0.20751953125,-0.0732421875,-0.20751953125,-0.42724609375,-0.6591796875,-0.48828125,-0.3662109375,-0.1220703125,-0.76904296875,-0.18310546875,-0.2197265625,0.50048828125,-0.732421875,-0.62255859375,-0.3173828125,0.390625,0.7080078125,-0.1708984375,1.15966796875,-0.3173828125,0.439453125,-0.09765625,-0.1708984375,-0.20751953125,0.72021484375,-0.048828125,1.28173828125,0.048828125,0.9765625,0.69580078125,1.5380859375,-0.244140625,1.0986328125,0.25634765625,0.25634765625,0.244140625,1.03759765625,0.10986328125,0.20751953125,-0.1220703125,0.18310546875,0.09765625,0.30517578125,-0.10986328125,0.7568359375,0.2197265625,0.01220703125,-0.244140625,1.33056640625,0,-0.9765625,0.048828125,-0.35400390625,-0.0244140625,-1.0009765625,-0.28076171875,-0.79345703125,-0.08544921875,-1.513671875,0.28076171875,-0.244140625,0,-0.29296875,0.45166015625,-1.123046875,-0.08544921875,-2.2705078125,-0.01220703125,-2.1240234375,-0.29296875,-1.91650390625,-0.08544921875,-2.33154296875,0.0244140625,-0.62255859375,0.08544921875,-1.47705078125,-0.32958984375,-1.0498046875,-0.03662109375,0.390625,0.1220703125,0.341796875,-0.01220703125,-0.0244140625,-0.06103515625,-0.0732421875,0,0.13427734375,-0.146484375,-0.048828125,-0.244140625,0.81787109375,0.20751953125,-0.47607421875,0.146484375,-0.52490234375
0,-0.30517578125,-0.37841796875,0.0244140625,-0.28076171875,-0.01220703125,-0.390625,0.35400390625,0,-0.06103515625,-0.09765625,-0.13427734375,-0.89111328125,-0.1220703125,1.01318359375,-0.15869140625,-0.20751953125,0.1708984375,-0.8056640625,-0.048828125,-0.32958984375,-0.1220703125,0.69580078125,-0.09765625,-0.91552734375,0.13427734375,-0.18310546875,-0.1708984375,-0.8056640625,-0.10986328125,0.9033203125,-0.2197265625,0.1953125,-0.1220703125,-0.23193359375,-0.2685546875,-0.57373046875,-0.40283203125,-0.3662109375,-0.10986328125,-0.74462890625,-0.09765625,-0.18310546875,0.42724609375,-0.69580078125,-0.64697265625,-0.32958984375,0.29296875,0.69580078125,-0.13427734375,1.18408203125,-0.29296875,0.45166015625,-0.18310546875,-0.18310546875,-0.2197265625,0.72021484375,-0.08544921875,1.37939453125,0.10986328125,1.07421875,0.732421875,1.5869140625,-0.2685546875,1.2451171875,0.2685546875,0.28076171875,0.1953125,1.0498046875,0.10986328125,0.20751953125,-0.15869140625,0.1953125,0.0732421875,0.30517578125,-0.1220703125,0.732421875,0.2197265625,0.048828125,-0.244140625,1.33056640625,-0.048828125,-0.9765625,0,-0.3662109375,-0.09765625,-1.01318359375,-0.341796875,-0.8056640625,-0.08544921875,-1.513671875,0.23193359375,-0.23193359375,-0.03662109375,-0.2685546875,0.5126953125,-1.123046875,-0.048828125,-2.23388671875,-0.10986328125,-2.099609375,-0.20751953125,-1.89208984375,-0.01220703125,-2.38037109375,0.15869140625,-0.68359375,0.09765625,-1.46484375,-0.25634765625,-1.025390625,-0.03662109375,0.40283203125,0.1220703125,0.35400390625,-0.0244140625,-0.048828125,-0.0732421875,-0.08544921875,0,0.1220703125,-0.146484375,-0.0244140625,-0.244140625,0.830078125,0.244140625,-0.50048828125,0.146484375,-0.5126953125
1,-0.29296875,-0.390625,0,-0.29296875,-0.01220703125,-0.37841796875,0.341796875,-0.01220703125,-0.08544921875,-0.08544921875,-0.13427734375,-0.87890625,-0.1220703125,1.025390625,-0.1220703125,-0.20751953125,0.15869140625,-0.8056640625,0.0244140625,-0.3662109375,0,0.68359375,-0.06103515625,-0.89111328125,0.146484375,-0.1708984375,-0.20751953125,-0.81787109375,-0.23193359375,0.9033203125,-0.244140625,0.18310546875,-0.0244140625,-0.25634765625,-0.18310546875,-0.52490234375,-0.28076171875,-0.37841796875,-0.1220703125,-0.7568359375,-0.06103515625,-0.18310546875,0.35400390625,-0.68359375,-0.5859375,-0.32958984375,0.1953125,0.69580078125,-0.10986328125,1.18408203125,-0.28076171875,0.439453125,-0.25634765625,-0.1708984375,-0.23193359375,0.7080078125,-0.08544921875,1.611328125,0.08544921875,1.25732421875,0.6591796875,1.6845703125,-0.3173828125,1.4892578125,0.25634765625,0.30517578125,0.13427734375,1.06201171875,0.09765625,0.2197265625,-0.1953125,0.1953125,0.0732421875,0.28076171875,-0.1220703125,0.7568359375,0.23193359375,0.06103515625,-0.244140625,1.3427734375,-0.0732421875,-0.9521484375,-0.048828125,-0.37841796875,-0.18310546875,-1.025390625,-0.341796875,-0.78125,-0.09765625,-1.5380859375,0.1220703125,-0.2197265625,-0.03662109375,-0.2685546875,0.4638671875,-1.13525390625,-0.06103515625,-2.001953125,-0.23193359375,-1.89208984375,-0.10986328125,-1.7333984375,-0.13427734375,-2.1240234375,0.2685546875,-0.74462890625,0.1220703125,-1.46484375,-0.23193359375,-1.03759765625,-0.0732421875,0.42724609375,0.1220703125,0.32958984375,0,-0.03662109375,-0.06103515625,-0.09765625,-0.01220703125,0.1220703125,-0.15869140625,-0.0244140625,-0.25634765625,0.86669921875,0.2685546875,-0.4638671875,0.13427734375,-0.50048828125
1,-0.30517578125,-0.3662109375,-0.0244140625,-0.2685546875,0.01220703125,-0.3662109375,0.35400390625,0,-0.06103515625,-0.0732421875,-0.10986328125,-0.91552734375,-0.09765625,1.07421875,-0.1220703125,-0.2197265625,0.15869140625,-0.79345703125,0.08544921875,-0.341796875,0.13427734375,0.67138671875,-0.048828125,-0.87890625,0.146484375,-0.1708984375,-0.28076171875,-0.830078125,-0.28076171875,0.87890625,-0.29296875,0.1708984375,0.13427734375,-0.30517578125,-0.15869140625,-0.4638671875,-0.1708984375,-0.390625,-0.10986328125,-0.7568359375,-0.01220703125,-0.20751953125,0.37841796875,-0.6591796875,-0.52490234375,-0.35400390625,0.13427734375,0.6591796875,-0.08544921875,1.18408203125,-0.28076171875,0.45166015625,-0.28076171875,-0.15869140625,-0.18310546875,0.7080078125,-0.048828125,1.91650390625,0.15869140625,1.4892578125,0.74462890625,1.806640625,-0.30517578125,1.7822265625,0.1953125,0.32958984375,0.08544921875,1.0498046875,0.048828125,0.20751953125,-0.244140625,0.2197265625,0.048828125,0.28076171875,-0.0732421875,0.72021484375,0.25634765625,0.0732421875,-0.28076171875,1.3671875,-0.06103515625,-0.93994140625,-0.08544921875,-0.390625,-0.244140625,-1.06201171875,-0.30517578125,-0.8056640625,-0.10986328125,-1.5625,0,-0.23193359375,-0.0244140625,-0.2685546875,0.29296875,-1.171875,0,-1.66015625,-0.23193359375,-1.52587890625,0.06103515625,-1.46484375,-0.13427734375,-1.5869140625,0.32958984375,-0.78125,0.146484375,-1.46484375,-0.1953125,-1.025390625,-0.1220703125,0.4150390625,0.10986328125,0.341796875,-0.0244140625,-0.0244140625,-0.0732421875,-0.09765625,-0.0244140625,0.1220703125,-0.18310546875,-0.01220703125,-0.2685546875,0.87890625,0.2685546875,-0.47607421875,0.13427734375,-0.48828125
1,-0.30517578125,-0.3662109375,-0.03662109375,-0.29296875,0.01220703125,-0.37841796875,0.3662109375,0.01220703125,-0.048828125,-0.0732421875,-0.08544921875,-0.91552734375,-0.08544921875,1.0986328125,-0.146484375,-0.23193359375,0.146484375,-0.8056640625,0.1708984375,-0.341796875,0.23193359375,0.69580078125,-0.048828125,-0.89111328125,0.15869140625,-0.15869140625,-0.341796875,-0.830078125,-0.28076171875,0.89111328125,-0.3662109375,0.1708984375,0.2685546875,-0.390625,-0.146484375,-0.42724609375,-0.08544921875,-0.4150390625,-0.13427734375,-0.76904296875,0.0244140625,-0.1953125,0.45166015625,-0.634765625,-0.45166015625,-0.4150390625,0.06103515625,0.6591796875,-0.0732421875,1.171875,-0.30517578125,0.47607421875,-0.32958984375,-0.18310546875,-0.15869140625,0.7080078125,-0.1953125,2.20947265625,0.20751953125,1.69677734375,0.74462890625,1.953125,-0.18310546875,2.05078125,0.13427734375,0.341796875,0.01220703125,1.0498046875,0.01220703125,0.1953125,-0.23193359375,0.23193359375,-0.048828125,0.2685546875,-0.03662109375,0.76904296875,0.29296875,0.06103515625,-0.30517578125,1.3671875,-0.03662109375,-0.9521484375,-0.13427734375,-0.390625,-0.3173828125,-1.06201171875,-0.1953125,-0.79345703125,-0.1220703125,-1.5869140625,-0.10986328125,-0.244140625,0,-0.2685546875,0.1220703125,-1.15966796875,0,-1.2451171875,-0.28076171875,-1.11083984375,0.10986328125,-1.15966796875,-0.25634765625,-0.927734375,0.35400390625,-0.79345703125,0.1708984375,-1.45263671875,-0.18310546875,-1.025390625,-0.18310546875,0.42724609375,0.10986328125,0.32958984375,-0.03662109375,-0.0244140625,-0.06103515625,-0.10986328125,-0.03662109375,0.13427734375,-0.20751953125,-0.01220703125,-0.30517578125,0.84228515625,0.20751953125,-0.47607421875,0.1220703125,-0.50048828125
1,-0.35400390625,-0.37841796875,-0.0244140625,-0.3173828125,-0.0244140625,-0.390625,0.3662109375,0,-0.08544921875,-0.06103515625,-0.06103515625,-0.927734375,-0.048828125,1.13525390625,-0.146484375,-0.244140625,0.1708984375,-0.81787109375,0.244140625,-0.3173828125,0.25634765625,0.68359375,-0.01220703125,-0.87890625,0.146484375,-0.1708984375,-0.35400390625,-0.830078125,-0.2197265625,0.9033203125,-0.4638671875,0.1953125,0.390625,-0.4150390625,-0.18310546875,-0.42724609375,-0.01220703125,-0.42724609375,-0.10986328125,-0.7568359375,0,-0.20751953125,0.5615234375,-0.62255859375,-0.3662109375,-0.4150390625,0.0732421875,0.64697265625,-0.03662109375,1.15966796875,-0.29296875,0.48828125,-0.32958984375,-0.146484375,-0.1953125,0.7080078125,-0.244140625,2.4169921875,0.15869140625,1.81884765625,0.732421875,2.01416015625,-0.13427734375,2.20947265625,0.048828125,0.32958984375,-0.06103515625,1.06201171875,-0.01220703125,0.20751953125,-0.23193359375,0.23193359375,-0.0732421875,0.2685546875,0.0244140625,0.78125,0.2685546875,0.06103515625,-0.32958984375,1.3671875,-0.03662109375,-0.96435546875,-0.15869140625,-0.37841796875,-0.32958984375,-1.06201171875,-0.0732421875,-0.78125,-0.15869140625,-1.59912109375,-0.146484375,-0.25634765625,0,-0.29296875,-0.048828125,-1.1474609375,-0.03662109375,-0.84228515625,-0.28076171875,-0.69580078125,0.10986328125,-0.86669921875,-0.3662109375,-0.244140625,0.2685546875,-0.7568359375,0.18310546875,-1.45263671875,-0.146484375,-1.025390625,-0.20751953125,0.42724609375,0.10986328125,0.32958984375,-0.03662109375,-0.01220703125,-0.0732421875,-0.08544921875,-0.0732421875,0.09765625,-0.20751953125,-0.01220703125,-0.28076171875,0.830078125,0.1708984375,-0.45166015625,0.10986328125,-0.5126953125
1,-0.35400390625,-0.390625,-0.01220703125,-0.29296875,-0.0244140625,-0.390625,0.35400390625,0.01220703125,-0.0732421875,-0.06103515625,-0.0244140625,-0.93994140625,-0.048828125,1.171875,-0.13427734375,-0.2197265625,0.20751953125,-0.8056640625,0.30517578125,-0.3173828125,0.23193359375,0.69580078125,0.01220703125,-0.89111328125,0.09765625,-0.20751953125,-0.3173828125,-0.81787109375,-0.13427734375,0.89111328125,-0.537109375,0.20751953125,0.390625,-0.4150390625,-0.1220703125,-0.42724609375,-0.01220703125,-0.45166015625,-0.09765625,-0.7568359375,0.01220703125,-0.1953125,0.59814453125,-0.6103515625,-0.28076171875,-0.40283203125,0.09765625,0.6591796875,-0.0244140625,1.13525390625,-0.28076171875,0.50048828125,-0.341796875,-0.13427734375,-0.2197265625,0.732421875,-0.390625,2.50244140625,0.10986328125,1.84326171875,0.69580078125,1.9775390625,-0.08544921875,2.24609375,0.01220703125,0.341796875,-0.1220703125,1.03759765625,-0.048828125,0.2197265625,-0.23193359375,0.244140625,-0.10986328125,0.2685546875,0.06103515625,0.8056640625,0.28076171875,0.048828125,-0.32958984375,1.35498046875,-0.01220703125,-0.9765625,-0.15869140625,-0.37841796875,-0.28076171875,-1.0498046875,-0.01220703125,-0.78125,-0.20751953125,-1.59912109375,-0.146484375,-0.244140625,-0.01220703125,-0.29296875,-0.15869140625,-1.1474609375,-0.0244140625,-0.52490234375,-0.13427734375,-0.3662109375,0.13427734375,-0.64697265625,-0.1953125,0.32958984375,0.146484375,-0.7080078125,0.146484375,-1.45263671875,-0.09765625,-1.03759765625,-0.18310546875,0.42724609375,0.1220703125,0.32958984375,-0.048828125,0,-0.0732421875,-0.0732421875,-0.0732421875,0.1220703125,-0.15869140625,-0.01220703125,-0.28076171875,0.81787109375,0.13427734375,-0.47607421875,0.08544921875,-0.537109375
1,-0.40283203125,-0.40283203125,0,-0.29296875,-0.0244140625,-0.390625,0.3662109375,0.01220703125,-0.10986328125,-0.06103515625,0,-0.927734375,-0.03662109375,1.220703125,-0.13427734375,-0.20751953125,0.23193359375,-0.8056640625,0.341796875,-0.29296875,0.15869140625,0.68359375,0.0732421875,-0.9033203125,0.0732421875,-0.23193359375,-0.28076171875,-0.81787109375,-0.0244140625,0.89111328125,-0.5615234375,0.23193359375,0.35400390625,-0.390625,-0.15869140625,-0.4638671875,-0.03662109375,-0.47607421875,-0.08544921875,-0.7568359375,0,-0.1953125,0.62255859375,-0.634765625,-0.244140625,-0.37841796875,0.20751953125,0.64697265625,-0.048828125,1.123046875,-0.3173828125,0.47607421875,-0.341796875,-0.146484375,-0.28076171875,0.732421875,-0.30517578125,2.44140625,0.13427734375,1.77001953125,0.732421875,1.84326171875,0.03662109375,2.1484375,-0.048828125,0.341796875,-0.1708984375,1.03759765625,-0.10986328125,0.2197265625,-0.1708984375,0.23193359375,-0.15869140625,0.2685546875,0.10986328125,0.84228515625,0.244140625,0.03662109375,-0.29296875,1.35498046875,-0.0244140625,-0.98876953125,-0.146484375,-0.390625,-0.146484375,-1.03759765625,0.01220703125,-0.78125,-0.29296875,-1.57470703125,-0.10986328125,-0.2685546875,-0.08544921875,-0.29296875,-0.18310546875,-1.13525390625,-0.15869140625,-0.341796875,-0.0244140625,-0.146484375,0.06103515625,-0.48828125,-0.13427734375,0.69580078125,0.03662109375,-0.634765625,0.10986328125,-1.45263671875,-0.048828125,-1.0498046875,-0.15869140625,0.439453125,0.10986328125,0.30517578125,-0.0732421875,0,-0.06103515625,-0.06103515625,-0.0732421875,0.10986328125,-0.15869140625,-0.01220703125,-0.30517578125,0.8056640625,0.1220703125,-0.47607421875,0.06103515625,-0.537109375
1,-0.390625,-0.4150390625,0,-0.28076171875,0.01220703125,-0.42724609375,0.32958984375,0.01220703125,-0.09765625,-0.0732421875,0.01220703125,-0.927734375,-0.01220703125,1.2451171875,-0.18310546875,-0.18310546875,0.244140625,-0.79345703125,0.3173828125,-0.30517578125,0.09765625,0.69580078125,0.15869140625,-0.91552734375,0.048828125,-0.244140625,-0.244140625,-0.78125,0.03662109375,0.86669921875,-0.52490234375,0.23193359375,0.244140625,-0.341796875,-0.15869140625,-0.54931640625,-0.10986328125,-0.47607421875,-0.048828125,-0.7568359375,0.03662109375,-0.18310546875,0.62255859375,-0.67138671875,-0.23193359375,-0.341796875,0.30517578125,0.67138671875,-0.0732421875,1.11083984375,-0.35400390625,0.48828125,-0.3173828125,-0.13427734375,-0.341796875,0.732421875,-0.2685546875,2.30712890625,0.146484375,1.611328125,0.72021484375,1.66015625,0.0732421875,1.904296875,-0.10986328125,0.35400390625,-0.20751953125,1.025390625,-0.15869140625,0.2197265625,-0.13427734375,0.25634765625,-0.2197265625,0.28076171875,0.10986328125,0.87890625,0.20751953125,0.01220703125,-0.244140625,1.35498046875,0,-1.0009765625,-0.09765625,-0.40283203125,0,-1.01318359375,-0.01220703125,-0.78125,-0.3662109375,-1.5625,-0.09765625,-0.2685546875,-0.244140625,-0.29296875,-0.1220703125,-1.1474609375,-0.23193359375,-0.28076171875,0.03662109375,-0.0732421875,-0.0732421875,-0.439453125,-0.1708984375,0.8056640625,-0.03662109375,-0.537109375,0.048828125,-1.4404296875,-0.06103515625,-1.0498046875,-0.10986328125,0.4150390625,0.09765625,0.3173828125,-0.0732421875,0,-0.06103515625,-0.06103515625,-0.08544921875,0.1220703125,-0.13427734375,-0.0244140625,-0.30517578125,0.8056640625,0.1220703125,-0.47607421875,0.01220703125,-0.52490234375
1,-0.37841796875,-0.390625,0.0244140625,-0.29296875,0.048828125,-0.42724609375,0.30517578125,0,-0.09765625,-0.08544921875,0,-0.9033203125,0.03662109375,1.25732421875,-0.1953125,-0.15869140625,0.2197265625,-0.830078125,0.2685546875,-0.30517578125,0.01220703125,0.68359375,0.20751953125,-0.91552734375,0.01220703125,-0.244140625,-0.1708984375,-0.8056640625,0.09765625,0.87890625,-0.4150390625,0.244140625,0.10986328125,-0.2685546875,-0.1708984375,-0.6103515625,-0.1708984375,-0.4638671875,-0.0244140625,-0.74462890625,0.06103515625,-0.1953125,0.54931640625,-0.69580078125,-0.23193359375,-0.29296875,0.341796875,0.7080078125,-0.13427734375,1.0986328125,-0.45166015625,0.4638671875,-0.28076171875,-0.15869140625,-0.341796875,0.72021484375,-0.20751953125,2.13623046875,0.09765625,1.416015625,0.72021484375,1.4404296875,0.09765625,1.67236328125,-0.1220703125,0.32958984375,-0.244140625,1.03759765625,-0.15869140625,0.244140625,-0.08544921875,0.2685546875,-0.28076171875,0.29296875,0.146484375,0.86669921875,0.18310546875,-0.01220703125,-0.18310546875,1.35498046875,-0.01220703125,-1.01318359375,-0.01220703125,-0.390625,0.13427734375,-1.01318359375,-0.048828125,-0.79345703125,-0.4638671875,-1.5380859375,-0.06103515625,-0.28076171875,-0.390625,-0.29296875,0.0244140625,-1.123046875,-0.146484375,-0.30517578125,0.1708984375,-0.09765625,-0.06103515625,-0.4638671875,-0.048828125,0.7080078125,-0.0732421875,-0.390625,-0.0244140625,-1.45263671875,-0.10986328125,-1.03759765625,-0.08544921875,0.40283203125,0.08544921875,0.32958984375,-0.09765625,0,-0.0732421875,-0.03662109375,-0.0732421875,0.10986328125,-0.146484375,-0.01220703125,-0.28076171875,0.81787109375,0.09765625,-0.48828125,0,-0.52490234375
1,-0.4150390625,-0.40283203125,0.0244140625,-0.28076171875,0.09765625,-0.42724609375,0.28076171875,0.01220703125,-0.09765625,-0.09765625,0.01220703125,-0.9033203125,0.06103515625,1.2451171875,-0.20751953125,-0.18310546875,0.20751953125,-0.830078125,0.18310546875,-0.3173828125,-0.06103515625,0.68359375,0.2197265625,-0.91552734375,0.0244140625,-0.244140625,-0.10986328125,-0.78125,0.10986328125,0.89111328125,-0.2685546875,0.244140625,-0.03662109375,-0.244140625,-0.25634765625,-0.72021484375,-0.244140625,-0.439453125,-0.0244140625,-0.76904296875,0.03662109375,-0.1708984375,0.42724609375,-0.72021484375,-0.244140625,-0.28076171875,0.390625,0.732421875,-0.13427734375,1.123046875,-0.4638671875,0.42724609375,-0.1953125,-0.1708984375,-0.37841796875,0.732421875,-0.13427734375,2.099609375,0.06103515625,1.30615234375,0.732421875,1.33056640625,0.1708984375,1.50146484375,-0.15869140625,0.341796875,-0.244140625,1.03759765625,-0.146484375,0.2197265625,-0.06103515625,0.2685546875,-0.3173828125,0.29296875,0.15869140625,0.9033203125,0.13427734375,-0.01220703125,-0.1220703125,1.33056640625,0,-1.01318359375,0.048828125,-0.3662109375,0.20751953125,-0.98876953125,-0.06103515625,-0.78125,-0.439453125,-1.5380859375,-0.0244140625,-0.28076171875,-0.52490234375,-0.3173828125,0.15869140625,-1.15966796875,-0.13427734375,-0.40283203125,0.13427734375,-0.1953125,-0.15869140625,-0.52490234375,-0.10986328125,0.45166015625,-0.03662109375,-0.28076171875,-0.10986328125,-1.4404296875,-0.1708984375,-1.025390625,-0.09765625,0.390625,0.0732421875,0.32958984375,-0.09765625,0,-0.0732421875,-0.0244140625,-0.048828125,0.1220703125,-0.13427734375,-0.0244140625,-0.28076171875,0.84228515625,0.08544921875,-0.47607421875,-0.03662109375,-0.50048828125
1,-0.439453125,-0.390625,0.0244140625,-0.29296875,0.09765625,-0.4150390625,0.28076171875,-0.0244140625,-0.08544921875,-0.09765625,0.0244140625,-0.9033203125,0.06103515625,1.220703125,-0.2197265625,-0.1953125,0.146484375,-0.8056640625,0.1220703125,-0.30517578125,-0.08544921875,0.7080078125,0.1953125,-0.9033203125,0.0244140625,-0.244140625,-0.048828125,-0.76904296875,0.08544921875,0.89111328125,-0.08544921875,0.244140625,-0.10986328125,-0.23193359375,-0.341796875,-0.8056640625,-0.2685546875,-0.4150390625,-0.06103515625,-0.78125,0.01220703125,-0.15869140625,0.29296875,-0.732421875,-0.25634765625,-0.2685546875,0.390625,0.7568359375,-0.13427734375,1.123046875,-0.48828125,0.4150390625,-0.13427734375,-0.20751953125,-0.4150390625,0.732421875,-0.146484375,2.30712890625,0.01220703125,1.3427734375,0.6591796875,1.3427734375,0.1708984375,1.513671875,-0.18310546875,0.29296875,-0.2685546875,1.025390625,-0.146484375,0.23193359375,-0.06103515625,0.28076171875,-0.30517578125,0.29296875,0.13427734375,0.86669921875,0.10986328125,-0.01220703125,-0.08544921875,1.33056640625,0.03662109375,-1.0009765625,0.06103515625,-0.37841796875,0.20751953125,-0.98876953125,-0.06103515625,-0.8056640625,-0.40283203125,-1.513671875,-0.0244140625,-0.2685546875,-0.537109375,-0.3173828125,0.23193359375,-1.171875,-0.0244140625,-0.47607421875,0.09765625,-0.3173828125,-0.2197265625,-0.5859375,-0.09765625,0.146484375,0.0244140625,-0.1708984375,-0.1953125,-1.47705078125,-0.20751953125,-1.025390625,-0.10986328125,0.4150390625,0.03662109375,0.32958984375,-0.10986328125,-0.01220703125,-0.06103515625,-0.0244140625,-0.048828125,0.1220703125,-0.15869140625,-0.0244140625,-0.25634765625,0.89111328125,0.048828125,-0.47607421875,-0.0732421875,-0.48828125
1,-0.4638671875,-0.37841796875,0.03662109375,-0.29296875,0.08544921875,-0.40283203125,0.2685546875,-0.0244140625,-0.06103515625,-0.09765625,0.0244140625,-0.86669921875,0,1.18408203125,-0.2197265625,-0.2197265625,0.146484375,-0.830078125,0.06103515625,-0.29296875,-0.0732421875,0.69580078125,0.10986328125,-0.9033203125,0.0732421875,-0.20751953125,-0.0244140625,-0.78125,0.0244140625,0.91552734375,0.048828125,0.20751953125,-0.13427734375,-0.244140625,-0.537109375,-0.9033203125,-0.30517578125,-0.42724609375,-0.1220703125,-0.78125,-0.03662109375,-0.146484375,0.2197265625,-0.7080078125,-0.23193359375,-0.28076171875,0.35400390625,0.76904296875,-0.09765625,1.13525390625,-0.48828125,0.42724609375,-0.0732421875,-0.1953125,-0.390625,0.7080078125,-0.10986328125,2.83203125,0,1.57470703125,0.7568359375,1.52587890625,0.2197265625,1.806640625,-0.2197265625,0.2685546875,-0.2685546875,1.03759765625,-0.1220703125,0.23193359375,-0.0732421875,0.28076171875,-0.32958984375,0.28076171875,0.1220703125,0.830078125,0.10986328125,0,-0.03662109375,1.33056640625,0.09765625,-1.0009765625,0.10986328125,-0.3662109375,0.13427734375,-0.9765625,-0.048828125,-0.81787109375,-0.30517578125,-1.47705078125,-0.06103515625,-0.29296875,-0.45166015625,-0.32958984375,0.28076171875,-1.18408203125,0.13427734375,-0.52490234375,0.1220703125,-0.341796875,-0.1708984375,-0.59814453125,-0.0244140625,-0.10986328125,0.0732421875,-0.06103515625,-0.23193359375,-1.4892578125,-0.1953125,-1.0498046875,-0.1220703125,0.4150390625,0.0732421875,0.341796875,-0.1220703125,-0.01220703125,-0.0732421875,-0.048828125,-0.03662109375,0.1220703125,-0.15869140625,-0.01220703125,-0.23193359375,0.89111328125,0.0244140625,-0.50048828125,-0.0732421875,-0.48828125
1,-0.439453125,-0.3662109375,0.0244140625,-0.3173828125,0.08544921875,-0.37841796875,0.2685546875,-0.0244140625,-0.0732421875,-0.09765625,0.01220703125,-0.89111328125,0.048828125,1.123046875,-0.2197265625,-0.20751953125,0.146484375,-0.81787109375,0.0244140625,-0.3173828125,-0.06103515625,0.732421875,-0.03662109375,-0.87890625,0.1220703125,-0.1708984375,-0.01220703125,-0.79345703125,0.03662109375,0.91552734375,0.10986328125,0.1953125,-0.0732421875,-0.2685546875,-0.72021484375,-0.927734375,-0.29296875,-0.4150390625,-0.18310546875,-0.76904296875,-0.1220703125,-0.15869140625,0.1708984375,-0.7080078125,-0.2197265625,-0.3173828125,0.30517578125,0.74462890625,-0.10986328125,1.1474609375,-0.4638671875,0.40283203125,-0.048828125,-0.18310546875,-0.390625,0.72021484375,-0.2197265625,3.77197265625,-0.01220703125,2.03857421875,0.732421875,1.953125,0.13427734375,2.38037109375,-0.23193359375,0.2685546875,-0.2197265625,1.03759765625,-0.09765625,0.20751953125,-0.08544921875,0.29296875,-0.28076171875,0.2685546875,0.13427734375,0.830078125,0.09765625,-0.01220703125,-0.01220703125,1.33056640625,0.1708984375,-0.98876953125,0.13427734375,-0.3662109375,0.0244140625,-0.98876953125,-0.0244140625,-0.81787109375,-0.1953125,-1.47705078125,-0.06103515625,-0.2685546875,-0.28076171875,-0.3173828125,0.244140625,-1.20849609375,0.15869140625,-0.4638671875,0.0244140625,-0.2685546875,-0.20751953125,-0.5615234375,-0.1220703125,-0.244140625,0.10986328125,0.0244140625,-0.244140625,-1.4892578125,-0.13427734375,-1.03759765625,-0.13427734375,0.42724609375,0.08544921875,0.35400390625,-0.13427734375,-0.0244140625,-0.0732421875,-0.06103515625,-0.01220703125,0.10986328125,-0.1708984375,-0.01220703125,-0.23193359375,0.9033203125,0,-0.48828125,-0.06103515625,-0.4638671875
1,-0.3662109375,-0.3662109375,0.0244140625,-0.32958984375,0.06103515625,-0.37841796875,0.25634765625,-0.03662109375,-0.08544921875,-0.09765625,0,-0.89111328125,0.06103515625,1.06201171875,-0.18310546875,-0.23193359375,0.146484375,-0.8056640625,-0.048828125,-0.3173828125,-0.048828125,0.732421875,-0.23193359375,-0.8544921875,0.20751953125,-0.146484375,-0.01220703125,-0.78125,0.03662109375,0.927734375,0.09765625,0.1953125,0.0244140625,-0.28076171875,-0.81787109375,-0.96435546875,-0.2685546875,-0.4150390625,-0.1708984375,-0.7568359375,-0.18310546875,-0.18310546875,0.146484375,-0.68359375,-0.244140625,-0.30517578125,0.15869140625,0.74462890625,-0.08544921875,1.1474609375,-0.4638671875,0.42724609375,-0.0244140625,-0.15869140625,-0.390625,0.732421875,-0.18310546875,5.1025390625,-0.06103515625,2.7099609375,0.74462890625,2.6123046875,0.0732421875,3.25927734375,-0.2197265625,0.244140625,-0.20751953125,1.03759765625,-0.03662109375,0.20751953125,-0.1220703125,0.29296875,-0.2197265625,0.244140625,0.13427734375,0.78125,0.0732421875,0.01220703125,-0.03662109375,1.35498046875,0.20751953125,-0.98876953125,0.08544921875,-0.3662109375,-0.1220703125,-1.0009765625,0,-0.81787109375,-0.09765625,-1.50146484375,-0.0732421875,-0.29296875,-0.09765625,-0.3173828125,0.15869140625,-1.23291015625,0.1708984375,-0.30517578125,0.0244140625,-0.09765625,-0.1708984375,-0.42724609375,-0.20751953125,-0.18310546875,0.09765625,0.0732421875,-0.1953125,-1.47705078125,-0.13427734375,-1.0498046875,-0.146484375,0.42724609375,0.08544921875,0.341796875,-0.1220703125,-0.0244140625,-0.0732421875,-0.06103515625,0,0.1220703125,-0.20751953125,-0.01220703125,-0.23193359375,0.927734375,-0.01220703125,-0.4638671875,-0.03662109375,-0.439453125
0,-0.390625,-0.3662109375,-0.01220703125,-0.3173828125,0.048828125,-0.3662109375,0.2685546875,-0.0244140625,-0.1220703125,-0.0732421875,0.01220703125,-0.89111328125,0.08544921875,0.9765625,-0.1953125,-0.2197265625,0.13427734375,-0.8056640625,-0.10986328125,-0.32958984375,-0.03662109375,0.72021484375,-0.37841796875,-0.86669921875,0.2685546875,-0.13427734375,-0.0244140625,-0.79345703125,0.06103515625,0.93994140625,0.01220703125,0.20751953125,0.08544921875,-0.341796875,-0.91552734375,-0.9765625,-0.23193359375,-0.439453125,-0.20751953125,-0.78125,-0.2685546875,-0.18310546875,0.20751953125,-0.68359375,-0.30517578125,-0.35400390625,0.18310546875,0.72021484375,-0.0732421875,1.1474609375,-0.42724609375,0.439453125,0,-0.15869140625,-0.3662109375,0.732421875,-0.2685546875,6.70166015625,-0.13427734375,3.50341796875,0.6591796875,3.40576171875,0,4.3701171875,-0.1953125,0.2197265625,-0.18310546875,1.0498046875,0,0.2197265625,-0.15869140625,0.244140625,-0.146484375,0.2197265625,0.15869140625,0.78125,0.06103515625,0.0244140625,-0.03662109375,1.3427734375,0.2197265625,-0.9765625,0.03662109375,-0.3662109375,-0.25634765625,-1.01318359375,0,-0.8056640625,-0.01220703125,-1.50146484375,-0.09765625,-0.28076171875,0.03662109375,-0.30517578125,0.08544921875,-1.23291015625,0.146484375,-0.048828125,0.06103515625,0.1708984375,-0.09765625,-0.244140625,-0.2685546875,0.048828125,0.0244140625,0.13427734375,-0.10986328125,-1.46484375,-0.13427734375,-1.03759765625,-0.1708984375,0.439453125,0.08544921875,0.3662109375,-0.10986328125,-0.01220703125,-0.06103515625,-0.0244140625,0,0.13427734375,-0.1953125,0,-0.244140625,0.91552734375,-0.08544921875,-0.45166015625,0,-0.45166015625
0,-0.32958984375,-0.37841796875,0.0244140625,-0.30517578125,0.0244140625,-0.35400390625,0.25634765625,0.01220703125,-0.1220703125,-0.0732421875,0.048828125,-0.9033203125,0.08544921875,0.927734375,-0.1953125,-0.2197265625,0.13427734375,-0.8056640625,-0.146484375,-0.35400390625,-0.08544921875,0.7080078125,-0.37841796875,-0.84228515625,0.244140625,-0.09765625,-0.03662109375,-0.8056640625,0.0732421875,0.927734375,-0.10986328125,0.1953125,0.08544921875,-0.40283203125,-0.927734375,-0.9765625,-0.2197265625,-0.4638671875,-0.18310546875,-0.78125,-0.30517578125,-0.1953125,0.25634765625,-0.64697265625,-0.40283203125,-0.4150390625,0.09765625,0.69580078125,-0.09765625,1.13525390625,-0.341796875,0.47607421875,0.06103515625,-0.13427734375,-0.35400390625,0.732421875,-0.28076171875,8.48388671875,-0.18310546875,4.39453125,0.5859375,4.28466796875,-0.1220703125,5.57861328125,-0.15869140625,0.2197265625,-0.13427734375,1.01318359375,0.01220703125,0.2197265625,-0.20751953125,0.244140625,-0.06103515625,0.2197265625,0.15869140625,0.78125,0.06103515625,0.0244140625,-0.0732421875,1.3427734375,0.23193359375,-1.0009765625,-0.01220703125,-0.37841796875,-0.32958984375,-1.025390625,-0.0244140625,-0.79345703125,0.048828125,-1.513671875,-0.10986328125,-0.25634765625,0.13427734375,-0.29296875,0,-1.220703125,0.0244140625,0.23193359375,0.08544921875,0.45166015625,-0.09765625,-0.01220703125,-0.35400390625,0.37841796875,-0.03662109375,0.1220703125,0.048828125,-1.47705078125,-0.1708984375,-1.03759765625,-0.2197265625,0.4150390625,0.0732421875,0.3662109375,-0.08544921875,0,-0.048828125,-0.03662109375,0,0.15869140625,-0.1708984375,0,-0.23193359375,0.89111328125,-0.15869140625,-0.439453125,0.03662109375,-0.45166015625
0,-0.341796875,-0.390625,0.048828125,-0.30517578125,0.0244140625,-0.37841796875,0.23193359375,0,-0.15869140625,-0.0732421875,0.06103515625,-0.89111328125,0.1220703125,0.91552734375,-0.18310546875,-0.2197265625,0.15869140625,-0.81787109375,-0.146484375,-0.35400390625,-0.1220703125,0.7080078125,-0.32958984375,-0.84228515625,0.18310546875,-0.09765625,-0.03662109375,-0.8056640625,0.08544921875,0.927734375,-0.29296875,0.2197265625,-0.0244140625,-0.40283203125,-0.91552734375,-0.93994140625,-0.18310546875,-0.47607421875,-0.146484375,-0.76904296875,-0.30517578125,-0.1953125,0.30517578125,-0.634765625,-0.45166015625,-0.439453125,0.06103515625,0.6591796875,-0.0732421875,1.1474609375,-0.2685546875,0.47607421875,0.1220703125,-0.1220703125,-0.29296875,0.732421875,-0.20751953125,10.2294921875,-0.15869140625,5.224609375,0.48828125,5.13916015625,-0.13427734375,6.73828125,-0.06103515625,0.1953125,-0.0732421875,1.01318359375,0.03662109375,0.23193359375,-0.1953125,0.20751953125,-0.0732421875,0.244140625,0.146484375,0.830078125,0.03662109375,0.0244140625,-0.1220703125,1.3427734375,0.23193359375,-1.0009765625,-0.06103515625,-0.37841796875,-0.3173828125,-1.025390625,-0.08544921875,-0.79345703125,0.03662109375,-1.52587890625,-0.08544921875,-0.25634765625,0.13427734375,-0.29296875,0,-1.220703125,-0.0732421875,0.48828125,0.10986328125,0.72021484375,-0.08544921875,0.15869140625,-0.390625,0.79345703125,-0.0732421875,0.1220703125,0.146484375,-1.46484375,-0.20751953125,-1.025390625,-0.23193359375,0.4150390625,0.0732421875,0.3662109375,-0.0732421875,0,-0.06103515625,-0.03662109375,0.01220703125,0.13427734375,-0.1708984375,-0.01220703125,-0.2685546875,0.9033203125,-0.2197265625,-0.439453125,0.0732421875,-0.47607421875
0,-0.32958984375,-0.40283203125,0.03662109375,-0.30517578125,0.048828125,-0.3662109375,0.2197265625,0.01220703125,-0.1708984375,-0.06103515625,0.0732421875,-0.89111328125,0.10986328125,0.89111328125,-0.15869140625,-0.20751953125,0.15869140625,-0.79345703125,-0.10986328125,-0.32958984375,-0.1708984375,0.7080078125,-0.146484375,-0.8544921875,0.09765625,-0.10986328125,-0.0244140625,-0.81787109375,0.03662109375,0.9521484375,-0.439453125,0.2197265625,-0.1953125,-0.40283203125,-0.7568359375,-0.87890625,-0.1220703125,-0.48828125,-0.0732421875,-0.78125,-0.2685546875,-0.1953125,0.3173828125,-0.62255859375,-0.5126953125,-0.42724609375,0.06103515625,0.6591796875,-0.0244140625,1.1474609375,-0.1953125,0.48828125,0.146484375,-0.1220703125,-0.25634765625,0.7568359375,-0.2197265625,11.80419921875,-0.1220703125,5.96923828125,0.390625,5.8837890625,-0.09765625,7.763671875,0,0.18310546875,-0.0244140625,1.0009765625,0.048828125,0.244140625,-0.15869140625,0.1708984375,0,0.2685546875,0.146484375,0.8544921875,0.0244140625,0.048828125,-0.15869140625,1.3427734375,0.2197265625,-1.0009765625,-0.09765625,-0.37841796875,-0.25634765625,-1.025390625,-0.1708984375,-0.76904296875,0,-1.55029296875,-0.0732421875,-0.25634765625,0.0732421875,-0.28076171875,0.0244140625,-1.18408203125,-0.13427734375,0.6591796875,0.09765625,0.927734375,-0.10986328125,0.28076171875,-0.35400390625,1.123046875,-0.06103515625,0.0732421875,0.1953125,-1.46484375,-0.2197265625,-1.0498046875,-0.1953125,0.40283203125,0.0732421875,0.341796875,-0.03662109375,0.01220703125,-0.06103515625,-0.03662109375,0,0.146484375,-0.18310546875,0,-0.25634765625,0.86669921875,-0.2685546875,-0.4638671875,0.0732421875,-0.50048828125
0,-0.390625,-0.40283203125,0.0244140625,-0.3173828125,0.06103515625,-0.390625,0.1708984375,-0.01220703125,-0.1708984375,-0.06103515625,0.08544921875,-0.927734375,0.1220703125,0.9033203125,-0.13427734375,-0.23193359375,0.18310546875,-0.76904296875,-0.048828125,-0.3173828125,-0.1708984375,0.7080078125,0.03662109375,-0.87890625,-0.048828125,-0.13427734375,-0.03662109375,-0.76904296875,-0.0244140625,0.93994140625,-0.57373046875,0.2197265625,-0.37841796875,-0.37841796875,-0.537109375,-0.830078125,-0.09765625,-0.4638671875,-0.0244140625,-0.78125,-0.23193359375,-0.20751953125,0.3173828125,-0.634765625,-0.57373046875,-0.390625,0.03662109375,0.6591796875,-0.0244140625,1.1474609375,-0.13427734375,0.48828125,0.146484375,-0.10986328125,-0.2197265625,0.732421875,-0.35400390625,13.09814453125,-0.1220703125,6.494140625,0.2197265625,6.43310546875,-0.1708984375,8.53271484375,0.08544921875,0.1708984375,0.08544921875,1.0009765625,0.03662109375,0.25634765625,-0.09765625,0.1708984375,0.06103515625,0.2685546875,0.13427734375,0.89111328125,-0.01220703125,0.0244140625,-0.18310546875,1.35498046875,0.1953125,-1.01318359375,-0.13427734375,-0.37841796875,-0.146484375,-1.01318359375,-0.23193359375,-0.78125,-0.06103515625,-1.5625,-0.0732421875,-0.23193359375,-0.0732421875,-0.30517578125,0.09765625,-1.15966796875,-0.18310546875,0.732421875,0.0732421875,1.01318359375,-0.13427734375,0.341796875,-0.2685546875,1.33056640625,-0.03662109375,0.01220703125,0.20751953125,-1.46484375,-0.2197265625,-1.0498046875,-0.15869140625,0.37841796875,0.06103515625,0.341796875,-0.048828125,0.0244140625,-0.048828125,-0.0244140625,-0.01220703125,0.13427734375,-0.18310546875,0.01220703125,-0.25634765625,0.8544921875,-0.29296875,-0.439453125,0.06103515625,-0.50048828125
0,-0.35400390625,-0.4150390625,0,-0.30517578125,0.08544921875,-0.390625,0.13427734375,-0.01220703125,-0.1708984375,-0.08544921875,0.08544921875,-0.91552734375,0.15869140625,0.93994140625,-0.10986328125,-0.25634765625,0.1953125,-0.76904296875,0.01220703125,-0.3173828125,-0.10986328125,0.7080078125,0.1708984375,-0.91552734375,-0.1708984375,-0.1708984375,-0.06103515625,-0.76904296875,-0.1953125,0.927734375,-0.64697265625,0.23193359375,-0.5126953125,-0.341796875,-0.390625,-0.8056640625,-0.06103515625,-0.48828125,0.03662109375,-0.78125,-0.10986328125,-0.1953125,0.2685546875,-0.6591796875,-0.54931640625,-0.3662109375,0,0.6591796875,-0.0244140625,1.171875,-0.10986328125,0.4638671875,0.1220703125,-0.1220703125,-0.13427734375,0.74462890625,-0.341796875,13.96484375,-0.03662109375,6.8603515625,0.146484375,6.79931640625,-0.048828125,8.99658203125,0.13427734375,0.15869140625,0.15869140625,1.01318359375,0.0244140625,0.29296875,-0.06103515625,0.13427734375,0.09765625,0.28076171875,0.10986328125,0.9033203125,-0.08544921875,0.01220703125,-0.20751953125,1.318359375,0.146484375,-1.025390625,-0.10986328125,-0.37841796875,-0.0244140625,-0.98876953125,-0.29296875,-0.76904296875,-0.146484375,-1.5625,-0.10986328125,-0.244140625,-0.2197265625,-0.30517578125,0.13427734375,-1.13525390625,-0.2197265625,0.68359375,0.0244140625,0.9521484375,-0.13427734375,0.28076171875,-0.1953125,1.35498046875,0.03662109375,-0.048828125,0.146484375,-1.4404296875,-0.20751953125,-1.03759765625,-0.09765625,0.37841796875,0.06103515625,0.3662109375,-0.0244140625,0.03662109375,-0.0732421875,0,-0.03662109375,0.146484375,-0.18310546875,0.03662109375,-0.2685546875,0.84228515625,-0.3173828125,-0.45166015625,0.06103515625,-0.50048828125
0,-0.32958984375,-0.40283203125,0,-0.32958984375,0.13427734375,-0.4150390625,0.09765625,-0.03662109375,-0.15869140625,-0.08544921875,0.0732421875,-0.927734375,0.15869140625,0.98876953125,-0.13427734375,-0.23193359375,0.1708984375,-0.78125,0.048828125,-0.30517578125,-0.048828125,0.69580078125,0.23193359375,-0.927734375,-0.28076171875,-0.20751953125,-0.1220703125,-0.7568359375,-0.29296875,0.927734375,-0.59814453125,0.244140625,-0.59814453125,-0.30517578125,-0.1708984375,-0.78125,-0.0244140625,-0.4638671875,0.0244140625,-0.78125,0,-0.18310546875,0.1953125,-0.6591796875,-0.50048828125,-0.32958984375,0.01220703125,0.67138671875,-0.06103515625,1.15966796875,-0.13427734375,0.42724609375,0.146484375,-0.1708984375,-0.06103515625,0.732421875,-0.37841796875,14.4775390625,0.01220703125,6.982421875,0.03662109375,6.93359375,-0.1220703125,9.1796875,0.13427734375,0.1708984375,0.23193359375,1.025390625,0.048828125,0.28076171875,-0.01220703125,0.1220703125,0.1708984375,0.30517578125,0.08544921875,0.93994140625,-0.1220703125,0.01220703125,-0.244140625,1.318359375,0.13427734375,-1.0009765625,-0.09765625,-0.3662109375,0.0732421875,-0.98876953125,-0.3173828125,-0.7568359375,-0.2197265625,-1.55029296875,-0.1708984375,-0.23193359375,-0.3662109375,-0.29296875,0.13427734375,-1.0986328125,-0.18310546875,0.52490234375,-0.03662109375,0.8056640625,-0.08544921875,0.1708984375,-0.09765625,1.18408203125,0.1220703125,-0.10986328125,0.03662109375,-1.47705078125,-0.2197265625,-1.03759765625,-0.048828125,0.4150390625,0.0244140625,0.341796875,-0.0244140625,0.01220703125,-0.06103515625,-0.0244140625,-0.01220703125,0.1220703125,-0.1708984375,0.03662109375,-0.23193359375,0.830078125,-0.30517578125,-0.4638671875,0.048828125,-0.50048828125
0,-0.35400390625,-0.40283203125,0.0244140625,-0.32958984375,0.15869140625,-0.42724609375,0.09765625,-0.0244140625,-0.146484375,-0.10986328125,0.06103515625,-0.91552734375,0.1708984375,1.025390625,-0.13427734375,-0.2197265625,0.1708984375,-0.78125,0.06103515625,-0.30517578125,0.048828125,0.68359375,0.18310546875,-0.96435546875,-0.3662109375,-0.23193359375,-0.146484375,-0.74462890625,-0.42724609375,0.9033203125,-0.48828125,0.2197265625,-0.54931640625,-0.244140625,-0.03662109375,-0.78125,0,-0.45166015625,0.01220703125,-0.78125,0.13427734375,-0.1708984375,0.1708984375,-0.6591796875,-0.40283203125,-0.3173828125,0.01220703125,0.7080078125,-0.03662109375,1.15966796875,-0.10986328125,0.42724609375,0.1953125,-0.1708984375,0.01220703125,0.7080078125,-0.25634765625,14.58740234375,0.09765625,6.9580078125,0,6.884765625,-0.1220703125,9.1064453125,0.146484375,0.1708984375,0.3173828125,1.025390625,0.048828125,0.2685546875,0.0244140625,0.146484375,0.20751953125,0.30517578125,0.048828125,0.927734375,-0.15869140625,0,-0.25634765625,1.3427734375,0.09765625,-1.0009765625,-0.048828125,-0.3662109375,0.10986328125,-0.96435546875,-0.23193359375,-0.76904296875,-0.2685546875,-1.5380859375,-0.25634765625,-0.2197265625,-0.40283203125,-0.28076171875,0.09765625,-1.11083984375,-0.2197265625,0.28076171875,-0.1708984375,0.5615234375,-0.1220703125,-0.01220703125,-0.03662109375,0.89111328125,0.1953125,-0.1953125,-0.08544921875,-1.45263671875,-0.20751953125,-1.0498046875,-0.048828125,0.4150390625,0.03662109375,0.3173828125,-0.01220703125,0,-0.06103515625,-0.048828125,-0.01220703125,0.10986328125,-0.1953125,0.048828125,-0.1953125,0.830078125,-0.28076171875,-0.50048828125,-0.0244140625,-0.50048828125
0,-0.2685546875,-0.390625,0.01220703125,-0.30517578125,0.1220703125,-0.4150390625,0.10986328125,-0.0244140625,-0.13427734375,-0.10986328125,0.0732421875,-0.91552734375,0.13427734375,1.08642578125,-0.15869140625,-0.2197265625,0.18310546875,-0.8056640625,0.06103515625,-0.28076171875,0.13427734375,0.68359375,0.1708984375,-0.96435546875,-0.37841796875,-0.244140625,-0.18310546875,-0.76904296875,-0.4638671875,0.87890625,-0.30517578125,0.2197265625,-0.4150390625,-0.2197265625,0.048828125,-0.79345703125,0.0244140625,-0.4150390625,-0.0244140625,-0.76904296875,0.28076171875,-0.18310546875,0.15869140625,-0.69580078125,-0.25634765625,-0.28076171875,0,0.69580078125,-0.06103515625,1.1962890625,-0.0732421875,0.42724609375,0.23193359375,-0.2197265625,0.0244140625,0.7080078125,-0.28076171875,14.3798828125,0.1953125,6.7626953125,-0.06103515625,6.689453125,-0.10986328125,8.82568359375,0.18310546875,0.1708984375,0.341796875,1.01318359375,0.048828125,0.25634765625,0.03662109375,0.1708984375,0.2685546875,0.29296875,-0.06103515625,0.927734375,-0.20751953125,0,-0.23193359375,1.30615234375,0.1220703125,-0.98876953125,-0.03662109375,-0.37841796875,0.09765625,-0.93994140625,-0.09765625,-0.76904296875,-0.244140625,-1.5380859375,-0.29296875,-0.20751953125,-0.35400390625,-0.3173828125,0,-1.11083984375,-0.18310546875,0.03662109375,-0.25634765625,0.29296875,-0.0732421875,-0.1953125,0.03662109375,0.52490234375,0.2197265625,-0.23193359375,-0.1708984375,-1.4404296875,-0.2197265625,-1.0498046875,-0.048828125,0.40283203125,0.03662109375,0.3173828125,-0.01220703125,0,-0.06103515625,-0.048828125,-0.01220703125,0.1220703125,-0.1953125,0.03662109375,-0.1708984375,0.84228515625,-0.244140625,-0.5126953125,-0.03662109375,-0.48828125
0,-0.35400390625,-0.37841796875,0.0244140625,-0.30517578125,0.08544921875,-0.4150390625,0.09765625,0,-0.146484375,-0.1220703125,0.0732421875,-0.9033203125,0.13427734375,1.0986328125,-0.18310546875,-0.1953125,0.1708984375,-0.8056640625,0.03662109375,-0.30517578125,0.18310546875,0.68359375,0.1220703125,-0.9765625,-0.35400390625,-0.23193359375,-0.20751953125,-0.79345703125,-0.42724609375,0.86669921875,-0.09765625,0.2197265625,-0.29296875,-0.2197265625,0.10986328125,-0.81787109375,0.01220703125,-0.4150390625,-0.0732421875,-0.76904296875,0.3173828125,-0.146484375,0.18310546875,-0.7080078125,-0.146484375,-0.30517578125,-0.03662109375,0.69580078125,-0.06103515625,1.18408203125,-0.06103515625,0.40283203125,0.25634765625,-0.2197265625,0.0244140625,0.72021484375,-0.3173828125,13.9404296875,0.15869140625,6.53076171875,0.01220703125,6.45751953125,-0.2197265625,8.4716796875,0.20751953125,0.1708984375,0.3662109375,1.01318359375,0.08544921875,0.23193359375,0.01220703125,0.18310546875,0.30517578125,0.29296875,-0.1220703125,0.89111328125,-0.20751953125,0,-0.244140625,1.2939453125,0.13427734375,-0.9521484375,-0.01220703125,-0.37841796875,0.0732421875,-0.9521484375,0.048828125,-0.78125,-0.1708984375,-1.52587890625,-0.29296875,-0.20751953125,-0.23193359375,-0.29296875,-0.09765625,-1.123046875,-0.1220703125,-0.15869140625,-0.244140625,0.08544921875,-0.0244140625,-0.3662109375,0.06103515625,0.18310546875,0.1953125,-0.29296875,-0.2197265625,-1.45263671875,-0.1953125,-1.0498046875,-0.06103515625,0.4150390625,0.03662109375,0.30517578125,-0.01220703125,-0.01220703125,-0.0732421875,-0.048828125,0.01220703125,0.10986328125,-0.20751953125,0.0244140625,-0.13427734375,0.84228515625,-0.20751953125,-0.5126953125,-0.08544921875,-0.48828125
0,-0.30517578125,-0.35400390625,0.01220703125,-0.29296875,0.08544921875,-0.4150390625,0.06103515625,-0.01220703125,-0.18310546875,-0.13427734375,0.0732421875,-0.87890625,0.146484375,1.11083984375,-0.1953125,-0.1708984375,0.2197265625,-0.84228515625,0.03662109375,-0.30517578125,0.20751953125,0.69580078125,0.08544921875,-0.93994140625,-0.29296875,-0.2197265625,-0.1953125,-0.81787109375,-0.32958984375,0.8544921875,-0.048828125,0.2197265625,-0.13427734375,-0.25634765625,0.146484375,-0.86669921875,0,-0.439453125,-0.13427734375,-0.76904296875,0.2685546875,-0.15869140625,0.2197265625,-0.69580078125,-0.01220703125,-0.32958984375,0.01220703125,0.7080078125,-0.09765625,1.15966796875,-0.0732421875,0.4150390625,0.2685546875,-0.2197265625,0.01220703125,0.732421875,-0.29296875,13.36669921875,0.15869140625,6.25,0.0244140625,6.201171875,-0.244140625,8.056640625,0.244140625,0.20751953125,0.37841796875,1.025390625,0.06103515625,0.20751953125,0.0244140625,0.23193359375,0.29296875,0.28076171875,-0.1953125,0.86669921875,-0.2197265625,0,-0.244140625,1.33056640625,0.1953125,-0.9521484375,-0.01220703125,-0.37841796875,0.048828125,-0.96435546875,0.1708984375,-0.79345703125,-0.09765625,-1.513671875,-0.3173828125,-0.23193359375,-0.0732421875,-0.28076171875,-0.18310546875,-1.13525390625,-0.146484375,-0.29296875,-0.2197265625,-0.09765625,-0.0244140625,-0.4638671875,0.09765625,-0.0732421875,0.09765625,-0.341796875,-0.20751953125,-1.45263671875,-0.18310546875,-1.0498046875,-0.03662109375,0.4150390625,0,0.30517578125,-0.03662109375,-0.0244140625,-0.06103515625,-0.06103515625,0,0.10986328125,-0.18310546875,0,-0.13427734375,0.8544921875,-0.1953125,-0.48828125,-0.08544921875,-0.50048828125
0,-0.28076171875,-0.35400390625,0,-0.30517578125,0.08544921875,-0.4150390625,0.048828125,-0.01220703125,-0.18310546875,-0.10986328125,0.0732421875,-0.87890625,0.13427734375,1.08642578125,-0.20751953125,-0.1953125,0.2685546875,-0.84228515625,-0.03662109375,-0.30517578125,0.1953125,0.69580078125,0.06103515625,-0.91552734375,-0.1953125,-0.1953125,-0.15869140625,-0.81787109375,-0.15869140625,0.8544921875,-0.01220703125,0.20751953125,-0.01220703125,-0.30517578125,0.1708984375,-0.9033203125,-0.08544921875,-0.4638671875,-0.1708984375,-0.78125,0.15869140625,-0.1708984375,0.23193359375,-0.7080078125,0.09765625,-0.37841796875,0,0.68359375,-0.1220703125,1.15966796875,-0.0732421875,0.42724609375,0.244140625,-0.1953125,-0.0244140625,0.74462890625,-0.23193359375,12.75634765625,0.146484375,5.95703125,0.06103515625,5.95703125,-0.3173828125,7.666015625,0.23193359375,0.20751953125,0.32958984375,1.03759765625,0.0732421875,0.1953125,-0.01220703125,0.244140625,0.2685546875,0.25634765625,-0.25634765625,0.8544921875,-0.23193359375,0,-0.244140625,1.30615234375,0.2685546875,-0.96435546875,-0.01220703125,-0.3662109375,0.01220703125,-0.9765625,0.25634765625,-0.79345703125,-0.01220703125,-1.513671875,-0.244140625,-0.244140625,0.09765625,-0.29296875,-0.244140625,-1.15966796875,-0.15869140625,-0.32958984375,-0.25634765625,-0.1708984375,-0.13427734375,-0.52490234375,0.03662109375,-0.1953125,0,-0.390625,-0.1708984375,-1.47705078125,-0.15869140625,-1.0498046875,-0.03662109375,0.4150390625,0,0.3173828125,-0.03662109375,-0.0244140625,-0.06103515625,-0.06103515625,0.01220703125,0.10986328125,-0.146484375,-0.03662109375,-0.10986328125,0.8544921875,-0.146484375,-0.47607421875,-0.0732421875,-0.50048828125
0,-0.28076171875,-0.32958984375,-0.01220703125,-0.30517578125,0.08544921875,-0.37841796875,0.0244140625,-0.01220703125,-0.1953125,-0.08544921875,0.06103515625,-0.87890625,0.15869140625,1.08642578125,-0.2197265625,-0.1953125,0.30517578125,-0.8544921875,-0.1220703125,-0.341796875,0.15869140625,0.7080078125,-0.03662109375,-0.86669921875,-0.1220703125,-0.18310546875,-0.13427734375,-0.830078125,0.0244140625,0.84228515625,-0.048828125,0.23193359375,0,-0.3662109375,0.09765625,-0.927734375,-0.1708984375,-0.47607421875,-0.23193359375,-0.7568359375,-0.06103515625,-0.1953125,0.244140625,-0.67138671875,0.0732421875,-0.42724609375,0.08544921875,0.67138671875,-0.10986328125,1.13525390625,-0.13427734375,0.439453125,0.29296875,-0.18310546875,-0.0244140625,0.7568359375,-0.15869140625,12.109375,0.1220703125,5.70068359375,0.18310546875,5.712890625,-0.35400390625,7.33642578125,0.2685546875,0.23193359375,0.29296875,1.0498046875,0.09765625,0.18310546875,-0.03662109375,0.28076171875,0.2197265625,0.28076171875,-0.23193359375,0.81787109375,-0.23193359375,0.01220703125,-0.25634765625,1.33056640625,0.29296875,-0.9521484375,-0.01220703125,-0.3662109375,0,-1.0009765625,0.29296875,-0.79345703125,0.06103515625,-1.52587890625,-0.146484375,-0.25634765625,0.20751953125,-0.28076171875,-0.2685546875,-1.171875,-0.09765625,-0.3173828125,-0.1220703125,-0.1708984375,-0.13427734375,-0.52490234375,0.0732421875,-0.18310546875,-0.09765625,-0.4150390625,-0.08544921875,-1.46484375,-0.15869140625,-1.06201171875,-0.0244140625,0.42724609375,-0.0244140625,0.32958984375,-0.06103515625,-0.0244140625,-0.0732421875,-0.03662109375,0,0.146484375,-0.13427734375,-0.06103515625,-0.1220703125,0.87890625,-0.09765625,-0.47607421875,-0.048828125,-0.48828125
0,-0.25634765625,-0.3173828125,-0.01220703125,-0.30517578125,0.09765625,-0.390625,0,-0.0244140625,-0.20751953125,-0.08544921875,0.08544921875,-0.89111328125,0.146484375,1.08642578125,-0.20751953125,-0.2197265625,0.32958984375,-0.86669921875,-0.20751953125,-0.35400390625,0.048828125,0.67138671875,-0.1220703125,-0.86669921875,-0.06103515625,-0.1708984375,-0.06103515625,-0.81787109375,0.1953125,0.8544921875,-0.1708984375,0.2197265625,-0.08544921875,-0.4150390625,0.03662109375,-0.93994140625,-0.2685546875,-0.5126953125,-0.25634765625,-0.76904296875,-0.25634765625,-0.2197265625,0.28076171875,-0.634765625,0,-0.45166015625,0.10986328125,0.634765625,-0.08544921875,1.13525390625,-0.18310546875,0.47607421875,0.29296875,-0.146484375,-0.09765625,0.7568359375,-0.048828125,11.5234375,0.08544921875,5.4931640625,0.25634765625,5.52978515625,-0.29296875,7.0556640625,0.28076171875,0.25634765625,0.2197265625,1.06201171875,0.0732421875,0.18310546875,-0.0732421875,0.28076171875,0.18310546875,0.2685546875,-0.2685546875,0.81787109375,-0.1708984375,0,-0.2685546875,1.33056640625,0.30517578125,-0.9765625,0,-0.341796875,-0.0244140625,-1.01318359375,0.25634765625,-0.79345703125,0.0244140625,-1.5380859375,-0.03662109375,-0.2685546875,0.2197265625,-0.29296875,-0.1708984375,-1.18408203125,-0.1220703125,-0.23193359375,-0.01220703125,-0.146484375,-0.1953125,-0.47607421875,0.09765625,-0.048828125,-0.20751953125,-0.45166015625,0,-1.47705078125,-0.244140625,-1.0498046875,-0.03662109375,0.42724609375,-0.0244140625,0.341796875,-0.048828125,-0.0244140625,-0.06103515625,-0.048828125,-0.0244140625,0.146484375,-0.1220703125,-0.06103515625,-0.15869140625,0.89111328125,-0.08544921875,-0.47607421875,-0.03662109375,-0.5126953125
1,-0.244140625,-0.32958984375,0,-0.30517578125,0.09765625,-0.40283203125,-0.048828125,-0.0244140625,-0.20751953125,-0.048828125,0.09765625,-0.9033203125,0.13427734375,1.07421875,-0.20751953125,-0.23193359375,0.29296875,-0.830078125,-0.244140625,-0.32958984375,-0.06103515625,0.68359375,-0.20751953125,-0.8544921875,-0.01220703125,-0.146484375,0.03662109375,-0.830078125,0.30517578125,0.86669921875,-0.2685546875,0.20751953125,-0.2197265625,-0.4638671875,-0.03662109375,-0.927734375,-0.3662109375,-0.52490234375,-0.30517578125,-0.7568359375,-0.40283203125,-0.23193359375,0.28076171875,-0.634765625,-0.10986328125,-0.50048828125,0.09765625,0.62255859375,-0.0244140625,1.123046875,-0.20751953125,0.4638671875,0.20751953125,-0.13427734375,-0.146484375,0.78125,-0.0244140625,10.97412109375,0.1708984375,5.31005859375,0.2685546875,5.3955078125,-0.30517578125,6.787109375,0.23193359375,0.29296875,0.1220703125,1.06201171875,0.08544921875,0.1953125,-0.1220703125,0.2685546875,0.1220703125,0.28076171875,-0.2685546875,0.78125,-0.13427734375,0.0244140625,-0.29296875,1.33056640625,0.30517578125,-0.98876953125,0,-0.32958984375,-0.0244140625,-1.03759765625,0.13427734375,-0.79345703125,0.01220703125,-1.5380859375,0.08544921875,-0.29296875,0.18310546875,-0.29296875,-0.06103515625,-1.171875,-0.15869140625,-0.1708984375,-0.01220703125,-0.10986328125,-0.3173828125,-0.40283203125,0.03662109375,0.13427734375,-0.244140625,-0.50048828125,0.0244140625,-1.45263671875,-0.32958984375,-1.0498046875,-0.0244140625,0.42724609375,-0.03662109375,0.341796875,-0.048828125,-0.048828125,-0.0732421875,-0.0244140625,-0.03662109375,0.146484375,-0.1220703125,-0.048828125,-0.146484375,0.9033203125,-0.09765625,-0.439453125,-0.01220703125,-0.50048828125
1,-0.30517578125,-0.341796875,0.01220703125,-0.30517578125,0.09765625,-0.390625,-0.08544921875,-0.0244140625,-0.2197265625,-0.06103515625,0.09765625,-0.927734375,0.18310546875,1.06201171875,-0.18310546875,-0.244140625,0.2685546875,-0.8056640625,-0.2685546875,-0.32958984375,-0.1953125,0.69580078125,-0.244140625,-0.86669921875,-0.01220703125,-0.1220703125,0.09765625,-0.79345703125,0.32958984375,0.89111328125,-0.30517578125,0.2197265625,-0.439453125,-0.47607421875,-0.1220703125,-0.9033203125,-0.4150390625,-0.52490234375,-0.30517578125,-0.76904296875,-0.47607421875,-0.244140625,0.1953125,-0.62255859375,-0.23193359375,-0.48828125,0.01220703125,0.634765625,0.048828125,1.13525390625,-0.18310546875,0.4638671875,0.13427734375,-0.13427734375,-0.146484375,0.76904296875,-0.048828125,10.48583984375,0.2197265625,5.13916015625,0.2685546875,5.2490234375,-0.28076171875,6.5673828125,0.1708984375,0.29296875,0.06103515625,1.0986328125,0.03662109375,0.18310546875,-0.18310546875,0.244140625,0.0732421875,0.29296875,-0.244140625,0.79345703125,-0.048828125,0.0244140625,-0.3173828125,1.35498046875,0.23193359375,-1.025390625,0.01220703125,-0.35400390625,-0.03662109375,-1.025390625,-0.01220703125,-0.78125,0.01220703125,-1.5380859375,0.18310546875,-0.29296875,0.048828125,-0.28076171875,0.08544921875,-1.18408203125,-0.09765625,-0.13427734375,0.06103515625,-0.0732421875,-0.32958984375,-0.37841796875,0.1220703125,0.3173828125,-0.20751953125,-0.57373046875,0.06103515625,-1.4892578125,-0.37841796875,-1.03759765625,-0.01220703125,0.42724609375,-0.01220703125,0.341796875,-0.03662109375,-0.0244140625,-0.0732421875,-0.01220703125,-0.06103515625,0.1220703125,-0.13427734375,-0.048828125,-0.146484375,0.9033203125,-0.13427734375,-0.439453125,0.01220703125,-0.48828125
1,-0.30517578125,-0.3662109375,0,-0.30517578125,0.10986328125,-0.40283203125,-0.10986328125,-0.01220703125,-0.1953125,-0.06103515625,0.08544921875,-0.927734375,0.13427734375,1.0498046875,-0.18310546875,-0.244140625,0.25634765625,-0.78125,-0.2685546875,-0.3173828125,-0.244140625,0.68359375,-0.1953125,-0.87890625,-0.0244140625,-0.146484375,0.146484375,-0.78125,0.3173828125,0.91552734375,-0.2685546875,0.20751953125,-0.67138671875,-0.439453125,-0.1708984375,-0.8544921875,-0.390625,-0.50048828125,-0.30517578125,-0.7568359375,-0.42724609375,-0.2197265625,0.10986328125,-0.62255859375,-0.32958984375,-0.439453125,-0.03662109375,0.64697265625,0.09765625,1.13525390625,-0.20751953125,0.4638671875,0.01220703125,-0.09765625,-0.2197265625,0.76904296875,-0.13427734375,10.02197265625,0.244140625,4.96826171875,0.1953125,5.078125,-0.28076171875,6.34765625,0.08544921875,0.30517578125,0.0244140625,1.07421875,-0.01220703125,0.20751953125,-0.18310546875,0.2197265625,-0.01220703125,0.28076171875,-0.18310546875,0.830078125,-0.03662109375,0.0244140625,-0.32958984375,1.37939453125,0.1708984375,-1.03759765625,0.0244140625,-0.3173828125,-0.048828125,-1.01318359375,-0.146484375,-0.76904296875,0.0244140625,-1.55029296875,0.2197265625,-0.29296875,-0.0244140625,-0.29296875,0.23193359375,-1.18408203125,-0.1220703125,-0.1220703125,0.01220703125,-0.08544921875,-0.341796875,-0.390625,0.146484375,0.45166015625,-0.10986328125,-0.6591796875,0.06103515625,-1.47705078125,-0.390625,-1.06201171875,0.01220703125,0.4150390625,0,0.32958984375,-0.06103515625,-0.01220703125,-0.06103515625,0.0244140625,-0.06103515625,0.1220703125,-0.15869140625,-0.01220703125,-0.146484375,0.89111328125,-0.146484375,-0.45166015625,0.01220703125,-0.48828125
1,-0.244140625,-0.37841796875,0,-0.29296875,0.10986328125,-0.40283203125,-0.13427734375,-0.01220703125,-0.1708984375,-0.08544921875,0.08544921875,-0.927734375,0.18310546875,1.06201171875,-0.146484375,-0.23193359375,0.2197265625,-0.76904296875,-0.2197265625,-0.29296875,-0.25634765625,0.69580078125,-0.10986328125,-0.9033203125,-0.048828125,-0.146484375,0.146484375,-0.7568359375,0.23193359375,0.927734375,-0.1708984375,0.20751953125,-0.830078125,-0.37841796875,-0.1953125,-0.8056640625,-0.32958984375,-0.5126953125,-0.28076171875,-0.7568359375,-0.341796875,-0.20751953125,-0.048828125,-0.634765625,-0.35400390625,-0.390625,-0.08544921875,0.68359375,0.13427734375,1.171875,-0.18310546875,0.439453125,-0.1220703125,-0.09765625,-0.20751953125,0.7568359375,-0.18310546875,9.5947265625,0.2685546875,4.77294921875,0.2197265625,4.89501953125,-0.28076171875,6.09130859375,0.0244140625,0.30517578125,-0.048828125,1.08642578125,-0.048828125,0.23193359375,-0.20751953125,0.1953125,-0.048828125,0.29296875,-0.15869140625,0.84228515625,-0.048828125,0.0244140625,-0.2685546875,1.37939453125,0.09765625,-1.03759765625,0.03662109375,-0.3173828125,-0.10986328125,-1.0009765625,-0.25634765625,-0.7568359375,0.0244140625,-1.52587890625,0.1953125,-0.29296875,-0.10986328125,-0.30517578125,0.3173828125,-1.1962890625,-0.10986328125,-0.1708984375,-0.06103515625,-0.1220703125,-0.3173828125,-0.4150390625,0.10986328125,0.50048828125,0.0244140625,-0.7080078125,0.0244140625,-1.4892578125,-0.341796875,-1.03759765625,0.048828125,0.390625,0.01220703125,0.3173828125,-0.03662109375,-0.01220703125,-0.06103515625,0.0244140625,-0.08544921875,0.10986328125,-0.1953125,-0.01220703125,-0.15869140625,0.89111328125,-0.146484375,-0.4638671875,-0.01220703125,-0.50048828125
1,-0.2685546875,-0.37841796875,-0.0244140625,-0.29296875,0.10986328125,-0.390625,-0.15869140625,-0.01220703125,-0.146484375,-0.08544921875,0.09765625,-0.927734375,0.15869140625,1.07421875,-0.09765625,-0.244140625,0.1953125,-0.78125,-0.18310546875,-0.30517578125,-0.18310546875,0.72021484375,-0.0244140625,-0.927734375,-0.03662109375,-0.146484375,0.08544921875,-0.74462890625,0.1220703125,0.93994140625,-0.13427734375,0.1953125,-0.87890625,-0.30517578125,-0.1708984375,-0.81787109375,-0.244140625,-0.4638671875,-0.25634765625,-0.7568359375,-0.20751953125,-0.18310546875,-0.1220703125,-0.64697265625,-0.35400390625,-0.30517578125,-0.1953125,0.68359375,0.1708984375,1.18408203125,-0.1953125,0.439453125,-0.23193359375,-0.09765625,-0.20751953125,0.732421875,-0.28076171875,9.16748046875,0.25634765625,4.57763671875,0.1708984375,4.67529296875,-0.2685546875,5.79833984375,0,0.29296875,-0.1220703125,1.06201171875,-0.08544921875,0.244140625,-0.20751953125,0.1953125,-0.08544921875,0.28076171875,-0.10986328125,0.8544921875,-0.03662109375,0.0244140625,-0.2197265625,1.3671875,0.048828125,-1.025390625,0.048828125,-0.30517578125,-0.15869140625,-0.9765625,-0.30517578125,-0.76904296875,0.0244140625,-1.52587890625,0.146484375,-0.30517578125,-0.146484375,-0.29296875,0.390625,-1.18408203125,-0.1220703125,-0.244140625,-0.18310546875,-0.18310546875,-0.23193359375,-0.4638671875,0.01220703125,0.48828125,0.13427734375,-0.7568359375,0.0244140625,-1.4892578125,-0.29296875,-1.03759765625,0.03662109375,0.40283203125,0.01220703125,0.30517578125,-0.03662109375,-0.01220703125,-0.06103515625,0.03662109375,-0.10986328125,0.08544921875,-0.18310546875,0,-0.146484375,0.86669921875,-0.1708984375,-0.50048828125,-0.06103515625,-0.48828125
1,-0.1953125,-0.37841796875,-0.01220703125,-0.30517578125,0.1220703125,-0.40283203125,-0.15869140625,-0.03662109375,-0.13427734375,-0.09765625,0.09765625,-0.91552734375,0.1708984375,1.08642578125,-0.08544921875,-0.23193359375,0.1708984375,-0.78125,-0.10986328125,-0.30517578125,-0.09765625,0.72021484375,0.03662109375,-0.9521484375,-0.01220703125,-0.1220703125,0.048828125,-0.7568359375,-0.01220703125,0.927734375,-0.10986328125,0.18310546875,-0.84228515625,-0.2197265625,-0.1220703125,-0.79345703125,-0.10986328125,-0.4150390625,-0.244140625,-0.7568359375,-0.09765625,-0.15869140625,-0.15869140625,-0.68359375,-0.3173828125,-0.244140625,-0.28076171875,0.69580078125,0.1953125,1.18408203125,-0.15869140625,0.42724609375,-0.3173828125,-0.08544921875,-0.25634765625,0.732421875,-0.35400390625,8.67919921875,0.244140625,4.33349609375,0.10986328125,4.3701171875,-0.2685546875,5.50537109375,-0.0732421875,0.2685546875,-0.15869140625,1.06201171875,-0.13427734375,0.244140625,-0.18310546875,0.1953125,-0.146484375,0.2685546875,-0.06103515625,0.87890625,-0.0732421875,0,-0.146484375,1.3427734375,0.01220703125,-1.0009765625,0.048828125,-0.3173828125,-0.23193359375,-0.98876953125,-0.3173828125,-0.7568359375,0.0244140625,-1.52587890625,0.0244140625,-0.29296875,-0.13427734375,-0.30517578125,0.32958984375,-1.18408203125,-0.048828125,-0.29296875,-0.25634765625,-0.244140625,-0.08544921875,-0.52490234375,-0.06103515625,0.4150390625,0.2197265625,-0.81787109375,0.0244140625,-1.50146484375,-0.25634765625,-1.03759765625,-0.01220703125,0.390625,0.01220703125,0.3173828125,-0.03662109375,-0.01220703125,-0.06103515625,0.03662109375,-0.09765625,0.10986328125,-0.20751953125,0.0244140625,-0.09765625,0.86669921875,-0.1953125,-0.48828125,-0.09765625,-0.48828125
1,-0.20751953125,-0.35400390625,-0.03662109375,-0.28076171875,0.10986328125,-0.4150390625,-0.18310546875,-0.0244140625,-0.146484375,-0.09765625,0.09765625,-0.91552734375,0.1953125,1.08642578125,-0.0732421875,-0.23193359375,0.15869140625,-0.78125,-0.0732421875,-0.2685546875,0,0.732421875,0.0732421875,-0.9765625,-0.0244140625,-0.1220703125,-0.03662109375,-0.74462890625,-0.13427734375,0.927734375,-0.146484375,0.18310546875,-0.72021484375,-0.146484375,-0.1220703125,-0.79345703125,0.01220703125,-0.3662109375,-0.2197265625,-0.74462890625,-0.03662109375,-0.15869140625,-0.1220703125,-0.7080078125,-0.28076171875,-0.18310546875,-0.37841796875,0.69580078125,0.2197265625,1.18408203125,-0.146484375,0.439453125,-0.35400390625,-0.08544921875,-0.25634765625,0.72021484375,-0.28076171875,8.10546875,0.32958984375,4.052734375,0.08544921875,4.052734375,-0.15869140625,5.11474609375,-0.13427734375,0.2685546875,-0.2197265625,1.03759765625,-0.15869140625,0.25634765625,-0.13427734375,0.18310546875,-0.18310546875,0.2685546875,-0.01220703125,0.89111328125,-0.09765625,0,-0.08544921875,1.33056640625,0.01220703125,-0.96435546875,0.03662109375,-0.3173828125,-0.30517578125,-0.96435546875,-0.28076171875,-0.78125,0.0244140625,-1.4892578125,-0.08544921875,-0.2685546875,-0.10986328125,-0.29296875,0.1708984375,-1.18408203125,-0.03662109375,-0.30517578125,-0.29296875,-0.23193359375,0.048828125,-0.52490234375,0.01220703125,0.29296875,0.2685546875,-0.87890625,0.0244140625,-1.46484375,-0.18310546875,-1.025390625,-0.0732421875,0.40283203125,0,0.3173828125,-0.048828125,-0.01220703125,-0.0732421875,0,-0.09765625,0.09765625,-0.2197265625,0.0244140625,-0.10986328125,0.86669921875,-0.23193359375,-0.48828125,-0.146484375,-0.48828125
1,-0.1708984375,-0.341796875,-0.06103515625,-0.29296875,0.1220703125,-0.42724609375,-0.1953125,-0.0244140625,-0.09765625,-0.0732421875,0.10986328125,-0.89111328125,0.20751953125,1.08642578125,-0.0732421875,-0.2197265625,0.146484375,-0.830078125,0,-0.29296875,0.09765625,0.7080078125,0.048828125,-0.96435546875,0.01220703125,-0.08544921875,-0.0732421875,-0.7568359375,-0.20751953125,0.89111328125,-0.23193359375,0.18310546875,-0.57373046875,-0.146484375,-0.08544921875,-0.81787109375,0.09765625,-0.341796875,-0.18310546875,-0.7568359375,0,-0.13427734375,-0.03662109375,-0.7080078125,-0.25634765625,-0.1953125,-0.4638671875,0.69580078125,0.1953125,1.171875,-0.08544921875,0.439453125,-0.30517578125,-0.048828125,-0.341796875,0.732421875,-0.23193359375,7.4462890625,0.29296875,3.7109375,0,3.7109375,-0.1220703125,4.7119140625,-0.146484375,0.25634765625,-0.25634765625,1.03759765625,-0.1708984375,0.25634765625,-0.10986328125,0.20751953125,-0.244140625,0.28076171875,0.0244140625,0.91552734375,-0.1220703125,0.0244140625,-0.01220703125,1.3427734375,0.0244140625,-0.96435546875,0,-0.32958984375,-0.32958984375,-0.9765625,-0.1708984375,-0.78125,0.048828125,-1.50146484375,-0.1953125,-0.244140625,-0.03662109375,-0.30517578125,0.0244140625,-1.1962890625,-0.01220703125,-0.244140625,-0.25634765625,-0.1708984375,0.10986328125,-0.50048828125,0.08544921875,0.2685546875,0.25634765625,-0.89111328125,0.06103515625,-1.46484375,-0.146484375,-1.0498046875,-0.1220703125,0.4150390625,0.01220703125,0.32958984375,-0.048828125,-0.01220703125,-0.08544921875,-0.01220703125,-0.1220703125,0.10986328125,-0.25634765625,0,-0.1220703125,0.86669921875,-0.29296875,-0.48828125,-0.1953125,-0.50048828125
1,-0.13427734375,-0.341796875,-0.06103515625,-0.28076171875,0.09765625,-0.42724609375,-0.18310546875,-0.0244140625,-0.1220703125,-0.08544921875,0.0732421875,-0.91552734375,0.23193359375,1.06201171875,-0.06103515625,-0.2197265625,0.1708984375,-0.830078125,0.048828125,-0.29296875,0.18310546875,0.7080078125,0.0732421875,-0.96435546875,0.01220703125,-0.03662109375,-0.1220703125,-0.78125,-0.23193359375,0.87890625,-0.32958984375,0.20751953125,-0.390625,-0.1708984375,-0.03662109375,-0.84228515625,0.18310546875,-0.32958984375,-0.1708984375,-0.76904296875,0.0244140625,-0.146484375,0.0244140625,-0.72021484375,-0.18310546875,-0.23193359375,-0.390625,0.67138671875,0.146484375,1.15966796875,-0.0244140625,0.439453125,-0.30517578125,-0.0244140625,-0.47607421875,0.732421875,-0.2197265625,6.6650390625,0.25634765625,3.30810546875,-0.09765625,3.3447265625,-0.15869140625,4.26025390625,-0.15869140625,0.244140625,-0.28076171875,1.0498046875,-0.1953125,0.23193359375,-0.06103515625,0.23193359375,-0.2685546875,0.2685546875,0.09765625,0.927734375,-0.15869140625,0.03662109375,0.0732421875,1.33056640625,0.048828125,-0.9521484375,-0.0244140625,-0.341796875,-0.29296875,-0.96435546875,-0.0732421875,-0.78125,0.0732421875,-1.50146484375,-0.23193359375,-0.244140625,0,-0.28076171875,-0.146484375,-1.18408203125,-0.03662109375,-0.146484375,-0.18310546875,-0.0244140625,0.1220703125,-0.42724609375,0.0244140625,0.2685546875,0.1708984375,-0.89111328125,0.06103515625,-1.47705078125,-0.10986328125,-1.03759765625,-0.13427734375,0.40283203125,0.03662109375,0.32958984375,-0.048828125,-0.01220703125,-0.06103515625,-0.0244140625,-0.1220703125,0.1220703125,-0.25634765625,-0.01220703125,-0.1220703125,0.86669921875,-0.3173828125,-0.48828125,-0.23193359375,-0.50048828125
1,-0.13427734375,-0.32958984375,-0.09765625,-0.29296875,0.09765625,-0.4150390625,-0.20751953125,0,-0.15869140625,-0.08544921875,0.0732421875,-0.9033203125,0.28076171875,1.0498046875,-0.06103515625,-0.20751953125,0.20751953125,-0.81787109375,0.10986328125,-0.29296875,0.20751953125,0.69580078125,0.0732421875,-0.9521484375,-0.01220703125,0.03662109375,-0.1708984375,-0.8056640625,-0.1953125,0.8544921875,-0.4150390625,0.1953125,-0.23193359375,-0.244140625,0.1220703125,-0.86669921875,0.20751953125,-0.35400390625,-0.1220703125,-0.78125,0.0244140625,-0.1708984375,0.08544921875,-0.7080078125,-0.13427734375,-0.32958984375,-0.32958984375,0.64697265625,0.048828125,1.1474609375,0,0.45166015625,-0.32958984375,0.0244140625,-0.48828125,0.732421875,-0.03662109375,5.77392578125,0.20751953125,2.91748046875,-0.0732421875,2.978515625,-0.08544921875,3.74755859375,-0.15869140625,0.2197265625,-0.32958984375,1.07421875,-0.2197265625,0.23193359375,-0.048828125,0.25634765625,-0.29296875,0.25634765625,0.1220703125,0.9033203125,-0.18310546875,0.0244140625,0.146484375,1.33056640625,0.06103515625,-0.93994140625,-0.0732421875,-0.341796875,-0.20751953125,-1.0009765625,0.01220703125,-0.76904296875,0.048828125,-1.52587890625,-0.244140625,-0.244140625,0.048828125,-0.29296875,-0.28076171875,-1.1962890625,-0.08544921875,0,-0.06103515625,0.146484375,0.09765625,-0.3173828125,0.01220703125,0.3173828125,0.03662109375,-0.830078125,0,-1.47705078125,-0.06103515625,-1.025390625,-0.09765625,0.40283203125,0.048828125,0.32958984375,-0.03662109375,0,-0.06103515625,-0.03662109375,-0.1220703125,0.146484375,-0.244140625,0,-0.10986328125,0.87890625,-0.3662109375,-0.50048828125,-0.25634765625,-0.47607421875
1,-0.10986328125,-0.35400390625,-0.09765625,-0.28076171875,0.1220703125,-0.40283203125,-0.244140625,0.03662109375,-0.1708984375,-0.0732421875,0.08544921875,-0.89111328125,0.244140625,1.03759765625,-0.048828125,-0.18310546875,0.244140625,-0.8056640625,0.1220703125,-0.30517578125,0.20751953125,0.69580078125,0.09765625,-0.927734375,-0.03662109375,0.0732421875,-0.13427734375,-0.81787109375,-0.10986328125,0.87890625,-0.5126953125,0.2197265625,-0.23193359375,-0.32958984375,0.390625,-0.86669921875,0.1953125,-0.37841796875,-0.08544921875,-0.76904296875,0.03662109375,-0.1708984375,0.1220703125,-0.67138671875,-0.10986328125,-0.37841796875,-0.20751953125,0.64697265625,-0.06103515625,1.13525390625,0.0244140625,0.4638671875,-0.25634765625,0.048828125,-0.52490234375,0.74462890625,0.01220703125,4.79736328125,0.13427734375,2.50244140625,-0.13427734375,2.63671875,-0.15869140625,3.22265625,-0.18310546875,0.2197265625,-0.3173828125,1.06201171875,-0.18310546875,0.23193359375,-0.03662109375,0.2685546875,-0.32958984375,0.244140625,0.1953125,0.927734375,-0.18310546875,0.01220703125,0.18310546875,1.3427734375,0.08544921875,-0.93994140625,-0.06103515625,-0.32958984375,-0.08544921875,-1.01318359375,0,-0.78125,0.0244140625,-1.52587890625,-0.2197265625,-0.25634765625,0.01220703125,-0.29296875,-0.28076171875,-1.18408203125,-0.15869140625,0.13427734375,0.06103515625,0.3173828125,0.01220703125,-0.20751953125,0.146484375,0.42724609375,-0.06103515625,-0.79345703125,-0.01220703125,-1.46484375,-0.048828125,-1.025390625,-0.03662109375,0.40283203125,0.0244140625,0.341796875,-0.01220703125,0.01220703125,-0.0732421875,-0.06103515625,-0.146484375,0.13427734375,-0.244140625,0,-0.1220703125,0.89111328125,-0.35400390625,-0.48828125,-0.28076171875,-0.48828125
1,-0.13427734375,-0.3662109375,-0.08544921875,-0.29296875,0.13427734375,-0.4150390625,-0.25634765625,0.0244140625,-0.18310546875,-0.0732421875,0.08544921875,-0.9033203125,0.25634765625,1.0009765625,-0.048828125,-0.18310546875,0.2685546875,-0.79345703125,0.146484375,-0.32958984375,0.15869140625,0.69580078125,0.15869140625,-0.89111328125,-0.048828125,0.146484375,-0.1220703125,-0.79345703125,-0.048828125,0.8544921875,-0.48828125,0.2197265625,-0.3173828125,-0.35400390625,0.62255859375,-0.84228515625,0.13427734375,-0.3662109375,-0.048828125,-0.74462890625,0.06103515625,-0.18310546875,0.13427734375,-0.634765625,-0.09765625,-0.4150390625,-0.08544921875,0.64697265625,-0.1220703125,1.13525390625,0,0.4638671875,-0.15869140625,0.08544921875,-0.4638671875,0.76904296875,0.13427734375,3.8330078125,0.15869140625,2.13623046875,-0.1220703125,2.30712890625,-0.0732421875,2.72216796875,-0.2197265625,0.2197265625,-0.28076171875,1.06201171875,-0.15869140625,0.2197265625,-0.06103515625,0.28076171875,-0.29296875,0.23193359375,0.244140625,0.89111328125,-0.1953125,0.01220703125,0.1953125,1.33056640625,0.03662109375,-0.9521484375,-0.048828125,-0.3662109375,0.03662109375,-1.025390625,-0.03662109375,-0.78125,-0.03662109375,-1.55029296875,-0.18310546875,-0.2685546875,-0.0732421875,-0.30517578125,-0.29296875,-1.171875,-0.20751953125,0.25634765625,0.1220703125,0.439453125,-0.06103515625,-0.13427734375,0.146484375,0.52490234375,-0.10986328125,-0.732421875,-0.10986328125,-1.46484375,-0.0732421875,-1.025390625,-0.01220703125,0.390625,0.0244140625,0.341796875,-0.01220703125,0,-0.0732421875,-0.0244140625,-0.146484375,0.146484375,-0.23193359375,0.01220703125,-0.09765625,0.9033203125,-0.3662109375,-0.47607421875,-0.28076171875,-0.48828125
1,-0.146484375,-0.3662109375,-0.10986328125,-0.29296875,0.1708984375,-0.40283203125,-0.29296875,0.01220703125,-0.1953125,-0.0732421875,0.0732421875,-0.91552734375,0.244140625,0.98876953125,-0.0244140625,-0.1953125,0.25634765625,-0.8056640625,0.13427734375,-0.30517578125,0.0732421875,0.69580078125,0.2197265625,-0.87890625,-0.09765625,0.1708984375,-0.03662109375,-0.81787109375,0,0.86669921875,-0.4150390625,0.23193359375,-0.40283203125,-0.40283203125,0.72021484375,-0.79345703125,0.0244140625,-0.40283203125,-0.03662109375,-0.7568359375,0.09765625,-0.1953125,0.0244140625,-0.64697265625,-0.09765625,-0.439453125,0.048828125,0.62255859375,-0.1220703125,1.15966796875,0,0.45166015625,-0.03662109375,0.13427734375,-0.45166015625,0.7568359375,0.15869140625,3.01513671875,0.10986328125,1.81884765625,-0.08544921875,2.0263671875,-0.0244140625,2.294921875,-0.20751953125,0.2197265625,-0.25634765625,1.07421875,-0.10986328125,0.18310546875,-0.10986328125,0.2685546875,-0.23193359375,0.23193359375,0.23193359375,0.86669921875,-0.20751953125,-0.01220703125,0.1708984375,1.35498046875,0.03662109375,-0.96435546875,0,-0.390625,0.15869140625,-1.03759765625,-0.048828125,-0.76904296875,-0.10986328125,-1.5625,-0.09765625,-0.25634765625,-0.20751953125,-0.28076171875,-0.13427734375,-1.1474609375,-0.1708984375,0.25634765625,0.2197265625,0.4638671875,-0.0732421875,-0.13427734375,0.23193359375,0.64697265625,-0.146484375,-0.67138671875,-0.20751953125,-1.46484375,-0.146484375,-1.03759765625,-0.0244140625,0.40283203125,0.0244140625,0.32958984375,-0.01220703125,0,-0.06103515625,-0.03662109375,-0.146484375,0.13427734375,-0.23193359375,0.0244140625,-0.08544921875,0.87890625,-0.35400390625,-0.50048828125,-0.29296875,-0.48828125
1,-0.13427734375,-0.3662109375,-0.0732421875,-0.30517578125,0.1708984375,-0.40283203125,-0.3173828125,-0.0244140625,-0.15869140625,-0.0732421875,0.048828125,-0.9033203125,0.25634765625,1.0009765625,-0.0244140625,-0.20751953125,0.23193359375,-0.8056640625,0.08544921875,-0.3173828125,-0.01220703125,0.68359375,0.29296875,-0.89111328125,-0.10986328125,0.1708984375,0.03662109375,-0.8056640625,0.03662109375,0.89111328125,-0.29296875,0.2197265625,-0.42724609375,-0.42724609375,0.8544921875,-0.74462890625,-0.06103515625,-0.4150390625,-0.0244140625,-0.7568359375,0.09765625,-0.18310546875,-0.0732421875,-0.634765625,-0.0732421875,-0.45166015625,0.10986328125,0.634765625,-0.1220703125,1.18408203125,-0.03662109375,0.45166015625,0.08544921875,0.1708984375,-0.4638671875,0.74462890625,0.13427734375,2.392578125,0.10986328125,1.64794921875,-0.10986328125,1.8798828125,-0.01220703125,2.01416015625,-0.1953125,0.20751953125,-0.20751953125,1.07421875,-0.09765625,0.1953125,-0.13427734375,0.25634765625,-0.1708984375,0.244140625,0.2197265625,0.87890625,-0.20751953125,0.01220703125,0.15869140625,1.35498046875,0.0244140625,-0.9521484375,0.03662109375,-0.37841796875,0.2197265625,-1.025390625,-0.06103515625,-0.78125,-0.146484375,-1.5869140625,-0.048828125,-0.244140625,-0.29296875,-0.29296875,0.01220703125,-1.13525390625,-0.146484375,0.13427734375,0.1953125,0.40283203125,-0.1708984375,-0.1953125,0.29296875,0.69580078125,-0.10986328125,-0.6103515625,-0.28076171875,-1.46484375,-0.20751953125,-1.03759765625,0.01220703125,0.40283203125,-0.01220703125,0.341796875,-0.01220703125,-0.01220703125,-0.0732421875,-0.048828125,-0.13427734375,0.13427734375,-0.2197265625,0.01220703125,-0.048828125,0.84228515625,-0.35400390625,-0.48828125,-0.25634765625,-0.48828125
0,-0.06103515625,-0.390625,-0.06103515625,-0.30517578125,0.1953125,-0.40283203125,-0.3173828125,-0.01220703125,-0.146484375,-0.06103515625,0.01220703125,-0.91552734375,0.25634765625,1.0009765625,-0.0244140625,-0.1953125,0.18310546875,-0.78125,0.03662109375,-0.30517578125,-0.0732421875,0.7080078125,0.3173828125,-0.89111328125,-0.0732421875,0.1708984375,0.09765625,-0.8056640625,0.0244140625,0.9033203125,-0.10986328125,0.23193359375,-0.4150390625,-0.439453125,0.830078125,-0.68359375,-0.13427734375,-0.45166015625,-0.048828125,-0.7568359375,0.10986328125,-0.18310546875,-0.1708984375,-0.62255859375,-0.048828125,-0.45166015625,0.08544921875,0.64697265625,-0.0732421875,1.20849609375,-0.01220703125,0.42724609375,0.15869140625,0.18310546875,-0.37841796875,0.74462890625,0.03662109375,2.11181640625,0.1220703125,1.611328125,-0.08544921875,1.8310546875,0,1.91650390625,-0.146484375,0.1953125,-0.13427734375,1.07421875,-0.06103515625,0.1953125,-0.13427734375,0.23193359375,-0.1220703125,0.23193359375,0.18310546875,0.87890625,-0.20751953125,-0.01220703125,0.10986328125,1.35498046875,0.03662109375,-0.96435546875,0.08544921875,-0.40283203125,0.2197265625,-1.025390625,-0.048828125,-0.76904296875,-0.15869140625,-1.57470703125,-0.01220703125,-0.25634765625,-0.2685546875,-0.29296875,0.1220703125,-1.13525390625,-0.06103515625,-0.01220703125,0.13427734375,0.2685546875,-0.1708984375,-0.29296875,0.42724609375,0.74462890625,-0.06103515625,-0.59814453125,-0.35400390625,-1.46484375,-0.244140625,-1.0498046875,0.01220703125,0.37841796875,-0.0244140625,0.3173828125,-0.0244140625,-0.01220703125,-0.06103515625,-0.03662109375,-0.10986328125,0.13427734375,-0.20751953125,0.01220703125,-0.03662109375,0.86669921875,-0.3173828125,-0.48828125,-0.1953125,-0.48828125
0,-0.0732421875,-0.390625,-0.0732421875,-0.3173828125,0.20751953125,-0.40283203125,-0.3173828125,-0.048828125,-0.13427734375,-0.06103515625,0.01220703125,-0.9033203125,0.25634765625,1.025390625,-0.0244140625,-0.2197265625,0.146484375,-0.79345703125,-0.03662109375,-0.29296875,-0.09765625,0.7080078125,0.25634765625,-0.9033203125,-0.0244140625,0.13427734375,0.1708984375,-0.79345703125,0.0244140625,0.9033203125,0.06103515625,0.2197265625,-0.37841796875,-0.37841796875,0.927734375,-0.5859375,-0.18310546875,-0.4638671875,-0.09765625,-0.7568359375,0.08544921875,-0.1708984375,-0.32958984375,-0.62255859375,0,-0.3662109375,0.03662109375,0.67138671875,-0.03662109375,1.220703125,-0.03662109375,0.42724609375,0.2197265625,0.18310546875,-0.35400390625,0.7568359375,-0.01220703125,2.2705078125,0.048828125,1.7578125,-0.048828125,1.9775390625,-0.09765625,2.05078125,-0.09765625,0.18310546875,-0.01220703125,1.06201171875,-0.08544921875,0.1953125,-0.10986328125,0.20751953125,-0.09765625,0.25634765625,0.1708984375,0.89111328125,-0.23193359375,-0.0244140625,0.0732421875,1.35498046875,0.0732421875,-0.9521484375,0.09765625,-0.37841796875,0.15869140625,-1.0009765625,-0.0244140625,-0.7568359375,-0.06103515625,-1.55029296875,0,-0.244140625,-0.18310546875,-0.3173828125,0.18310546875,-1.15966796875,0.0732421875,-0.1953125,0.09765625,0.09765625,-0.13427734375,-0.40283203125,0.439453125,0.8056640625,-0.0244140625,-0.59814453125,-0.390625,-1.47705078125,-0.20751953125,-1.03759765625,0.0244140625,0.3662109375,-0.0244140625,0.3173828125,-0.0244140625,-0.0244140625,-0.0732421875,-0.048828125,-0.09765625,0.13427734375,-0.1953125,0.0244140625,-0.01220703125,0.8544921875,-0.30517578125,-0.47607421875,-0.1708984375,-0.48828125
0,-0.03662109375,-0.40283203125,-0.0732421875,-0.30517578125,0.20751953125,-0.4150390625,-0.32958984375,-0.01220703125,-0.146484375,-0.03662109375,-0.01220703125,-0.9033203125,0.23193359375,1.0498046875,-0.01220703125,-0.2197265625,0.1220703125,-0.8056640625,-0.10986328125,-0.30517578125,-0.08544921875,0.74462890625,0.1220703125,-0.91552734375,0.06103515625,0.09765625,0.146484375,-0.8056640625,0.048828125,0.9033203125,0.13427734375,0.2197265625,-0.2685546875,-0.35400390625,0.830078125,-0.47607421875,-0.18310546875,-0.47607421875,-0.146484375,-0.732421875,0,-0.15869140625,-0.3662109375,-0.6591796875,0.0244140625,-0.32958984375,-0.06103515625,0.69580078125,0,1.23291015625,-0.06103515625,0.439453125,0.2685546875,0.146484375,-0.3173828125,0.74462890625,0.0244140625,2.9052734375,0.03662109375,2.1240234375,0.0732421875,2.25830078125,-0.1708984375,2.4658203125,-0.01220703125,0.18310546875,0.06103515625,1.0498046875,-0.08544921875,0.1953125,-0.10986328125,0.1953125,-0.09765625,0.25634765625,0.15869140625,0.89111328125,-0.2197265625,-0.01220703125,0.06103515625,1.318359375,0.0732421875,-0.93994140625,0.1220703125,-0.40283203125,0.01220703125,-0.98876953125,0.06103515625,-0.7568359375,0.048828125,-1.52587890625,0,-0.25634765625,-0.01220703125,-0.29296875,0.146484375,-1.15966796875,0.09765625,-0.30517578125,0.048828125,-0.01220703125,-0.0732421875,-0.45166015625,0.341796875,0.93994140625,0,-0.634765625,-0.3662109375,-1.46484375,-0.1708984375,-1.03759765625,-0.01220703125,0.3662109375,-0.0244140625,0.3173828125,-0.0244140625,-0.06103515625,-0.0732421875,-0.048828125,-0.09765625,0.1220703125,-0.18310546875,0.01220703125,0.01220703125,0.84228515625,-0.25634765625,-0.50048828125,-0.15869140625,-0.50048828125
0,-0.0244140625,-0.40283203125,-0.09765625,-0.28076171875,0.2197265625,-0.42724609375,-0.32958984375,-0.01220703125,-0.146484375,-0.06103515625,-0.048828125,-0.9033203125,0.244140625,1.06201171875,0.01220703125,-0.20751953125,0.146484375,-0.830078125,-0.1708984375,-0.29296875,-0.10986328125,0.72021484375,-0.048828125,-0.9521484375,0.146484375,0.01220703125,0.15869140625,-0.79345703125,0.1220703125,0.9033203125,0.1953125,0.2197265625,-0.1953125,-0.30517578125,0.64697265625,-0.341796875,-0.1708984375,-0.47607421875,-0.18310546875,-0.7568359375,-0.06103515625,-0.15869140625,-0.35400390625,-0.68359375,0.0244140625,-0.25634765625,-0.10986328125,0.7080078125,0.06103515625,1.23291015625,-0.06103515625,0.439453125,0.30517578125,0.09765625,-0.1953125,0.74462890625,-0.08544921875,4.0283203125,0.048828125,2.6611328125,0.08544921875,2.734375,-0.1220703125,3.1494140625,0.08544921875,0.15869140625,0.1953125,1.03759765625,-0.0732421875,0.1953125,-0.048828125,0.18310546875,-0.0732421875,0.2685546875,0.13427734375,0.89111328125,-0.2197265625,0,0.01220703125,1.30615234375,0.08544921875,-0.93994140625,0.1220703125,-0.37841796875,-0.13427734375,-0.9765625,0.09765625,-0.76904296875,0.09765625,-1.52587890625,-0.03662109375,-0.25634765625,0.18310546875,-0.3173828125,0.048828125,-1.171875,0.0732421875,-0.3173828125,0.0244140625,-0.03662109375,0.0244140625,-0.45166015625,0.2685546875,1.1962890625,-0.01220703125,-0.6591796875,-0.3173828125,-1.47705078125,-0.1220703125,-1.0498046875,-0.048828125,0.35400390625,-0.01220703125,0.3173828125,-0.06103515625,-0.0732421875,-0.0732421875,-0.06103515625,-0.08544921875,0.10986328125,-0.20751953125,-0.01220703125,0.01220703125,0.81787109375,-0.244140625,-0.5126953125,-0.18310546875,-0.537109375
0,-0.048828125,-0.390625,-0.09765625,-0.28076171875,0.20751953125,-0.439453125,-0.341796875,0,-0.1220703125,-0.048828125,-0.03662109375,-0.9033203125,0.2197265625,1.08642578125,0.01220703125,-0.20751953125,0.146484375,-0.830078125,-0.244140625,-0.29296875,-0.146484375,0.72021484375,-0.25634765625,-0.9521484375,0.18310546875,-0.03662109375,0.146484375,-0.78125,0.1220703125,0.87890625,0.13427734375,0.20751953125,-0.146484375,-0.23193359375,0.5126953125,-0.20751953125,-0.18310546875,-0.47607421875,-0.23193359375,-0.74462890625,-0.15869140625,-0.1708984375,-0.32958984375,-0.69580078125,-0.01220703125,-0.1953125,-0.2197265625,0.72021484375,0.146484375,1.23291015625,-0.13427734375,0.4638671875,0.32958984375,0.01220703125,-0.18310546875,0.7568359375,-0.15869140625,5.57861328125,0.01220703125,3.35693359375,0.03662109375,3.38134765625,-0.15869140625,4.06494140625,0.13427734375,0.1708984375,0.244140625,1.025390625,-0.0732421875,0.18310546875,0,0.18310546875,-0.06103515625,0.28076171875,0.10986328125,0.89111328125,-0.244140625,-0.0244140625,-0.01220703125,1.2939453125,0.09765625,-0.927734375,0.10986328125,-0.35400390625,-0.25634765625,-0.96435546875,0.09765625,-0.76904296875,0.20751953125,-1.513671875,-0.0732421875,-0.25634765625,0.341796875,-0.341796875,-0.03662109375,-1.18408203125,0.048828125,-0.1220703125,0.0244140625,0.08544921875,0.08544921875,-0.30517578125,0.18310546875,1.6357421875,-0.0732421875,-0.68359375,-0.20751953125,-1.4892578125,-0.1220703125,-1.07421875,-0.13427734375,0.341796875,-0.01220703125,0.30517578125,-0.0732421875,-0.08544921875,-0.0732421875,-0.09765625,-0.0732421875,0.08544921875,-0.23193359375,0,0.0244140625,0.830078125,-0.18310546875,-0.52490234375,-0.1953125,-0.537109375
0,-0.0244140625,-0.390625,-0.0732421875,-0.28076171875,0.1708984375,-0.40283203125,-0.30517578125,0.01220703125,-0.1220703125,-0.06103515625,-0.0244140625,-0.89111328125,0.1953125,1.0986328125,0.03662109375,-0.20751953125,0.09765625,-0.81787109375,-0.28076171875,-0.3173828125,-0.20751953125,0.7080078125,-0.341796875,-0.9521484375,0.18310546875,-0.0732421875,0.1220703125,-0.79345703125,0.146484375,0.89111328125,0.048828125,0.20751953125,-0.15869140625,-0.1953125,0.3662109375,-0.048828125,-0.146484375,-0.45166015625,-0.20751953125,-0.7568359375,-0.2197265625,-0.1708984375,-0.23193359375,-0.72021484375,-0.1220703125,-0.1953125,-0.28076171875,0.72021484375,0.1708984375,1.18408203125,-0.1220703125,0.4638671875,0.32958984375,-0.0244140625,-0.09765625,0.76904296875,-0.13427734375,7.45849609375,-0.03662109375,4.19921875,-0.048828125,4.150390625,-0.18310546875,5.17578125,0.146484375,0.15869140625,0.29296875,1.025390625,-0.06103515625,0.18310546875,0.03662109375,0.18310546875,-0.0244140625,0.30517578125,0.08544921875,0.87890625,-0.244140625,-0.01220703125,-0.0244140625,1.2939453125,0.09765625,-0.93994140625,0.0732421875,-0.35400390625,-0.32958984375,-0.9765625,0.0244140625,-0.79345703125,0.23193359375,-1.50146484375,-0.10986328125,-0.25634765625,0.37841796875,-0.32958984375,-0.1220703125,-1.18408203125,-0.06103515625,0.244140625,0.0244140625,0.42724609375,0.13427734375,0,0.08544921875,2.2705078125,-0.13427734375,-0.72021484375,-0.0732421875,-1.47705078125,-0.13427734375,-1.0498046875,-0.1953125,0.3662109375,-0.0244140625,0.3173828125,-0.08544921875,-0.06103515625,-0.0732421875,-0.10986328125,-0.0732421875,0.10986328125,-0.2197265625,-0.01220703125,0.0244140625,0.81787109375,-0.18310546875,-0.5126953125,-0.244140625,-0.537109375
0,-0.03662109375,-0.37841796875,-0.0732421875,-0.29296875,0.15869140625,-0.4150390625,-0.341796875,0,-0.08544921875,-0.09765625,-0.03662109375,-0.87890625,0.18310546875,1.0986328125,0.0732421875,-0.23193359375,0.09765625,-0.81787109375,-0.2685546875,-0.3173828125,-0.28076171875,0.67138671875,-0.3662109375,-0.93994140625,0.13427734375,-0.08544921875,0.09765625,-0.78125,0.1708984375,0.87890625,-0.0732421875,0.1953125,-0.244140625,-0.1708984375,0.28076171875,0.1708984375,-0.10986328125,-0.439453125,-0.1708984375,-0.7568359375,-0.244140625,-0.1708984375,-0.2197265625,-0.74462890625,-0.2197265625,-0.1953125,-0.341796875,0.7080078125,0.1708984375,1.15966796875,-0.08544921875,0.47607421875,0.3173828125,-0.13427734375,-0.08544921875,0.76904296875,-0.048828125,9.46044921875,-0.06103515625,5.0537109375,-0.1708984375,4.96826171875,-0.1953125,6.34765625,0.15869140625,0.1708984375,0.37841796875,1.03759765625,-0.06103515625,0.18310546875,0.048828125,0.1953125,0.048828125,0.30517578125,0.048828125,0.84228515625,-0.2685546875,-0.01220703125,0,1.28173828125,0.09765625,-0.93994140625,0.048828125,-0.341796875,-0.3173828125,-0.9765625,-0.0732421875,-0.78125,0.2685546875,-1.50146484375,-0.09765625,-0.28076171875,0.390625,-0.341796875,-0.15869140625,-1.220703125,-0.18310546875,0.830078125,0.01220703125,0.96435546875,0.10986328125,0.42724609375,-0.06103515625,3.173828125,-0.15869140625,-0.72021484375,0.048828125,-1.47705078125,-0.146484375,-1.0498046875,-0.18310546875,0.3662109375,-0.06103515625,0.30517578125,-0.0732421875,-0.03662109375,-0.0732421875,-0.08544921875,-0.0732421875,0.1220703125,-0.244140625,-0.0244140625,0.0244140625,0.81787109375,-0.1953125,-0.52490234375,-0.28076171875,-0.537109375
0,0.01220703125,-0.341796875,-0.048828125,-0.3173828125,0.13427734375,-0.42724609375,-0.3662109375,0,-0.06103515625,-0.09765625,-0.0244140625,-0.89111328125,0.15869140625,1.08642578125,0.0732421875,-0.23193359375,0.06103515625,-0.81787109375,-0.25634765625,-0.32958984375,-0.3173828125,0.68359375,-0.2685546875,-0.91552734375,0.048828125,-0.09765625,0.0732421875,-0.79345703125,0.13427734375,0.87890625,-0.20751953125,0.1708984375,-0.32958984375,-0.2197265625,0.29296875,0.40283203125,-0.03662109375,-0.439453125,-0.13427734375,-0.74462890625,-0.23193359375,-0.1953125,-0.1708984375,-0.732421875,-0.30517578125,-0.25634765625,-0.32958984375,0.7080078125,0.13427734375,1.123046875,-0.0244140625,0.5126953125,0.244140625,-0.18310546875,-0.09765625,0.74462890625,0.08544921875,11.41357421875,-0.048828125,5.89599609375,-0.20751953125,5.74951171875,-0.23193359375,7.50732421875,0.1953125,0.1708984375,0.40283203125,1.03759765625,-0.0732421875,0.18310546875,0.03662109375,0.1953125,0.09765625,0.30517578125,-0.03662109375,0.84228515625,-0.28076171875,-0.0244140625,0.03662109375,1.2939453125,0.08544921875,-0.96435546875,0,-0.3173828125,-0.2685546875,-0.96435546875,-0.1953125,-0.78125,0.29296875,-1.50146484375,-0.09765625,-0.28076171875,0.3173828125,-0.3662109375,-0.09765625,-1.23291015625,-0.20751953125,1.55029296875,0.048828125,1.66015625,0.0732421875,0.9765625,-0.0732421875,4.23583984375,-0.13427734375,-0.7080078125,0.1220703125,-1.46484375,-0.146484375,-1.03759765625,-0.146484375,0.3662109375,-0.048828125,0.30517578125,-0.08544921875,-0.06103515625,-0.0732421875,-0.06103515625,-0.08544921875,0.1220703125,-0.25634765625,-0.0244140625,0.0244140625,0.81787109375,-0.20751953125,-0.52490234375,-0.28076171875,-0.52490234375
0,0,-0.32958984375,-0.0732421875,-0.3173828125,0.1220703125,-0.40283203125,-0.40283203125,-0.01220703125,-0.048828125,-0.0732421875,-0.048828125,-0.89111328125,0.146484375,1.0498046875,0.1220703125,-0.23193359375,0.048828125,-0.79345703125,-0.18310546875,-0.32958984375,-0.37841796875,0.67138671875,-0.08544921875,-0.87890625,-0.0732421875,-0.0732421875,0.0732421875,-0.78125,0.08544921875,0.89111328125,-0.32958984375,0.1953125,-0.52490234375,-0.20751953125,0.1708984375,0.62255859375,0,-0.4150390625,-0.048828125,-0.74462890625,-0.18310546875,-0.20751953125,-0.146484375,-0.7080078125,-0.37841796875,-0.30517578125,-0.32958984375,0.68359375,0.10986328125,1.13525390625,0.06103515625,0.50048828125,0.1708984375,-0.244140625,-0.06103515625,0.74462890625,0.0732421875,13.12255859375,0.01220703125,6.6162109375,-0.29296875,6.45751953125,-0.2685546875,8.50830078125,0.20751953125,0.1953125,0.439453125,1.03759765625,-0.0732421875,0.1953125,0.048828125,0.20751953125,0.13427734375,0.29296875,-0.09765625,0.8056640625,-0.2685546875,-0.01220703125,0.048828125,1.2939453125,0.0732421875,-0.98876953125,-0.01220703125,-0.341796875,-0.18310546875,-0.9521484375,-0.244140625,-0.78125,0.23193359375,-1.513671875,-0.10986328125,-0.28076171875,0.18310546875,-0.35400390625,-0.03662109375,-1.23291015625,-0.29296875,2.34375,-0.048828125,2.4169921875,-0.01220703125,1.57470703125,-0.1220703125,5.40771484375,-0.0732421875,-0.68359375,0.09765625,-1.47705078125,-0.08544921875,-1.03759765625,-0.0732421875,0.37841796875,-0.0732421875,0.30517578125,-0.0732421875,-0.03662109375,-0.048828125,-0.08544921875,-0.08544921875,0.10986328125,-0.25634765625,-0.0244140625,0.0244140625,0.79345703125,-0.1953125,-0.52490234375,-0.29296875,-0.537109375
0,0,-0.341796875,-0.06103515625,-0.32958984375,0.15869140625,-0.40283203125,-0.4150390625,0,-0.048828125,-0.0732421875,-0.0244140625,-0.89111328125,0.1220703125,1.0498046875,0.146484375,-0.2197265625,0.0244140625,-0.76904296875,-0.09765625,-0.32958984375,-0.37841796875,0.68359375,0.06103515625,-0.8544921875,-0.2197265625,-0.03662109375,0.0244140625,-0.8056640625,-0.0244140625,0.9033203125,-0.40283203125,0.20751953125,-0.6591796875,-0.1708984375,0.23193359375,0.84228515625,0.0244140625,-0.42724609375,0.01220703125,-0.74462890625,-0.06103515625,-0.20751953125,-0.15869140625,-0.67138671875,-0.390625,-0.3173828125,-0.2685546875,0.69580078125,0.09765625,1.13525390625,0.13427734375,0.50048828125,0.10986328125,-0.28076171875,-0.0244140625,0.732421875,0.0244140625,14.44091796875,0.03662109375,7.12890625,-0.42724609375,6.982421875,-0.32958984375,9.27734375,0.244140625,0.1953125,0.439453125,1.0498046875,-0.08544921875,0.2197265625,0.03662109375,0.20751953125,0.13427734375,0.29296875,-0.146484375,0.8056640625,-0.25634765625,0,0.0732421875,1.318359375,0.01220703125,-1.025390625,0,-0.35400390625,-0.09765625,-0.98876953125,-0.29296875,-0.79345703125,0.1708984375,-1.513671875,-0.10986328125,-0.25634765625,0,-0.3662109375,0.0244140625,-1.220703125,-0.244140625,3.13720703125,-0.0732421875,3.16162109375,-0.048828125,2.1728515625,0.08544921875,6.60400390625,0.048828125,-0.6591796875,0.0244140625,-1.4892578125,-0.09765625,-1.025390625,-0.03662109375,0.390625,-0.08544921875,0.3173828125,-0.048828125,-0.03662109375,-0.0732421875,-0.06103515625,-0.10986328125,0.1220703125,-0.23193359375,-0.01220703125,0.03662109375,0.79345703125,-0.13427734375,-0.537109375,-0.28076171875,-0.54931640625
0,0.01220703125,-0.341796875,-0.08544921875,-0.30517578125,0.18310546875,-0.4150390625,-0.439453125,-0.01220703125,-0.0244140625,-0.08544921875,-0.06103515625,-0.9033203125,0.08544921875,1.025390625,0.146484375,-0.2197265625,0,-0.76904296875,-0.03662109375,-0.341796875,-0.32958984375,0.69580078125,0.1953125,-0.84228515625,-0.35400390625,0,-0.0244140625,-0.81787109375,-0.15869140625,0.927734375,-0.4638671875,0.2197265625,-0.732421875,-0.1953125,0.28076171875,1.03759765625,0.03662109375,-0.439453125,0.09765625,-0.7568359375,0.0732421875,-0.20751953125,-0.18310546875,-0.68359375,-0.341796875,-0.35400390625,-0.20751953125,0.69580078125,0.048828125,1.171875,0.28076171875,0.5126953125,0.03662109375,-0.29296875,0.048828125,0.732421875,0.0244140625,15.22216796875,0.13427734375,7.43408203125,-0.47607421875,7.2509765625,-0.45166015625,9.70458984375,0.23193359375,0.20751953125,0.390625,1.03759765625,-0.06103515625,0.2197265625,0,0.2197265625,0.1220703125,0.28076171875,-0.20751953125,0.84228515625,-0.25634765625,0.0244140625,0.08544921875,1.318359375,0,-1.01318359375,0.01220703125,-0.32958984375,-0.01220703125,-0.98876953125,-0.30517578125,-0.79345703125,0.09765625,-1.513671875,-0.146484375,-0.2197265625,-0.15869140625,-0.3662109375,0.06103515625,-1.20849609375,-0.2197265625,3.79638671875,-0.1220703125,3.8330078125,-0.01220703125,2.69775390625,0.2197265625,7.70263671875,0.13427734375,-0.6103515625,-0.1220703125,-1.47705078125,-0.10986328125,-1.025390625,0.01220703125,0.390625,-0.06103515625,0.30517578125,-0.048828125,-0.03662109375,-0.08544921875,-0.06103515625,-0.09765625,0.13427734375,-0.18310546875,-0.01220703125,0.048828125,0.76904296875,-0.0732421875,-0.54931640625,-0.30517578125,-0.54931640625
0,-0.01220703125,-0.35400390625,-0.10986328125,-0.29296875,0.1953125,-0.4150390625,-0.4638671875,0,0,-0.06103515625,-0.0732421875,-0.9033203125,0.08544921875,1.01318359375,0.15869140625,-0.1953125,-0.01220703125,-0.74462890625,0.01220703125,-0.35400390625,-0.2197265625,0.68359375,0.25634765625,-0.8544921875,-0.45166015625,0.03662109375,-0.0732421875,-0.8056640625,-0.25634765625,0.93994140625,-0.3662109375,0.23193359375,-0.74462890625,-0.1953125,0.390625,1.15966796875,0.048828125,-0.4638671875,0.146484375,-0.7568359375,0.1953125,-0.1953125,-0.244140625,-0.64697265625,-0.2685546875,-0.40283203125,-0.146484375,0.68359375,-0.0244140625,1.171875,0.341796875,0.48828125,0,-0.29296875,0.0732421875,0.7080078125,0.03662109375,15.5029296875,0.1953125,7.4462890625,-0.52490234375,7.28759765625,-0.47607421875,9.80224609375,0.244140625,0.20751953125,0.30517578125,1.06201171875,-0.048828125,0.2197265625,-0.048828125,0.20751953125,0.10986328125,0.2685546875,-0.23193359375,0.830078125,-0.23193359375,0.048828125,0.06103515625,1.33056640625,-0.0244140625,-1.01318359375,0.03662109375,-0.341796875,-0.01220703125,-0.98876953125,-0.2197265625,-0.79345703125,0.0244140625,-1.513671875,-0.18310546875,-0.244140625,-0.244140625,-0.341796875,0.03662109375,-1.220703125,-0.20751953125,4.33349609375,-0.1708984375,4.3701171875,0.01220703125,3.1005859375,0.244140625,8.65478515625,0.20751953125,-0.59814453125,-0.23193359375,-1.46484375,-0.15869140625,-1.025390625,0.01220703125,0.390625,-0.06103515625,0.29296875,-0.06103515625,-0.03662109375,-0.0732421875,-0.048828125,-0.09765625,0.10986328125,-0.146484375,-0.0244140625,0.09765625,0.7568359375,0.0244140625,-0.537109375,-0.32958984375,-0.54931640625
0,0.0244140625,-0.37841796875,-0.09765625,-0.29296875,0.23193359375,-0.42724609375,-0.48828125,0.01220703125,-0.01220703125,-0.0732421875,-0.08544921875,-0.91552734375,0.08544921875,1.01318359375,0.15869140625,-0.18310546875,-0.01220703125,-0.76904296875,0.0244140625,-0.341796875,-0.1220703125,0.7080078125,0.244140625,-0.86669921875,-0.50048828125,0.03662109375,-0.146484375,-0.79345703125,-0.341796875,0.96435546875,-0.25634765625,0.25634765625,-0.52490234375,-0.13427734375,0.45166015625,1.220703125,0.03662109375,-0.50048828125,0.146484375,-0.76904296875,0.3173828125,-0.2197265625,-0.29296875,-0.634765625,-0.15869140625,-0.439453125,-0.15869140625,0.72021484375,-0.09765625,1.20849609375,0.45166015625,0.50048828125,-0.06103515625,-0.25634765625,0.0732421875,0.732421875,0.06103515625,15.185546875,0.2197265625,7.21435546875,-0.57373046875,7.0556640625,-0.4638671875,9.53369140625,0.244140625,0.2197265625,0.25634765625,1.06201171875,-0.048828125,0.23193359375,-0.08544921875,0.2197265625,0.08544921875,0.28076171875,-0.28076171875,0.8544921875,-0.1953125,0.06103515625,0.03662109375,1.33056640625,-0.03662109375,-1.025390625,0.0732421875,-0.35400390625,-0.01220703125,-0.9765625,-0.048828125,-0.78125,0,-1.4892578125,-0.20751953125,-0.23193359375,-0.2197265625,-0.341796875,-0.01220703125,-1.20849609375,-0.20751953125,4.6630859375,-0.2685546875,4.736328125,-0.01220703125,3.38134765625,0.20751953125,9.41162109375,0.1953125,-0.57373046875,-0.32958984375,-1.47705078125,-0.146484375,-1.025390625,0.0244140625,0.4150390625,-0.0244140625,0.3173828125,-0.06103515625,-0.03662109375,-0.0732421875,-0.048828125,-0.09765625,0.09765625,-0.09765625,-0.0244140625,0.1220703125,0.76904296875,0.10986328125,-0.537109375,-0.3173828125,-0.5615234375
1,0.048828125,-0.390625,-0.10986328125,-0.29296875,0.20751953125,-0.4150390625,-0.48828125,0.0244140625,0,-0.10986328125,-0.0732421875,-0.9033203125,0.048828125,1.025390625,0.146484375,-0.18310546875,0.01220703125,-0.76904296875,0.01220703125,-0.29296875,0.01220703125,0.7080078125,0.20751953125,-0.87890625,-0.4638671875,0.03662109375,-0.1953125,-0.78125,-0.3662109375,0.9765625,-0.1220703125,0.2685546875,-0.29296875,-0.03662109375,0.45166015625,1.20849609375,0,-0.48828125,0.09765625,-0.7568359375,0.42724609375,-0.18310546875,-0.341796875,-0.634765625,-0.01220703125,-0.390625,-0.1220703125,0.72021484375,-0.18310546875,1.220703125,0.54931640625,0.5126953125,-0.1220703125,-0.20751953125,0.1220703125,0.732421875,0.06103515625,14.39208984375,0.25634765625,6.7626953125,-0.5615234375,6.62841796875,-0.439453125,8.94775390625,0.1708984375,0.18310546875,0.1708984375,1.03759765625,-0.06103515625,0.23193359375,-0.13427734375,0.1953125,0.048828125,0.2685546875,-0.30517578125,0.830078125,-0.13427734375,0.06103515625,0.03662109375,1.318359375,-0.0244140625,-0.98876953125,0.09765625,-0.35400390625,-0.0244140625,-0.9765625,0.09765625,-0.78125,0.048828125,-1.513671875,-0.2197265625,-0.20751953125,-0.09765625,-0.32958984375,-0.06103515625,-1.20849609375,-0.1708984375,4.82177734375,-0.25634765625,4.9072265625,0.0244140625,3.5400390625,0.2197265625,9.89990234375,0.146484375,-0.57373046875,-0.37841796875,-1.47705078125,-0.09765625,-1.01318359375,0.03662109375,0.4150390625,-0.0244140625,0.28076171875,-0.06103515625,-0.0244140625,-0.06103515625,-0.03662109375,-0.0732421875,0.09765625,-0.03662109375,-0.0244140625,0.146484375,0.74462890625,0.18310546875,-0.537109375,-0.3173828125,-0.54931640625
1,-0.0244140625,-0.390625,-0.1220703125,-0.29296875,0.1953125,-0.4150390625,-0.50048828125,0.0244140625,-0.048828125,-0.10986328125,-0.0732421875,-0.91552734375,0.03662109375,1.025390625,0.1708984375,-0.1953125,0.08544921875,-0.76904296875,-0.03662109375,-0.29296875,0.08544921875,0.7080078125,0.13427734375,-0.91552734375,-0.35400390625,0,-0.23193359375,-0.76904296875,-0.32958984375,0.96435546875,0,0.244140625,-0.0732421875,0.06103515625,0.72021484375,1.0986328125,-0.048828125,-0.4638671875,0.1220703125,-0.7568359375,0.439453125,-0.18310546875,-0.30517578125,-0.62255859375,0.0732421875,-0.341796875,-0.06103515625,0.78125,-0.244140625,1.20849609375,0.537109375,0.52490234375,-0.1708984375,-0.1708984375,0.10986328125,0.732421875,0.0244140625,13.22021484375,0.2685546875,6.14013671875,-0.54931640625,6.01806640625,-0.35400390625,8.16650390625,0.10986328125,0.18310546875,0.08544921875,1.01318359375,-0.0732421875,0.2197265625,-0.146484375,0.1708984375,-0.0244140625,0.244140625,-0.28076171875,0.8056640625,-0.08544921875,0.06103515625,0.01220703125,1.30615234375,0.01220703125,-0.96435546875,0.146484375,-0.341796875,-0.01220703125,-0.9765625,0.23193359375,-0.76904296875,0.10986328125,-1.50146484375,-0.1953125,-0.20751953125,0.09765625,-0.3173828125,-0.15869140625,-1.1962890625,-0.1953125,4.82177734375,-0.28076171875,4.94384765625,-0.0244140625,3.5888671875,0.23193359375,10.1318359375,0.06103515625,-0.59814453125,-0.3662109375,-1.4892578125,-0.06103515625,-1.03759765625,0.03662109375,0.40283203125,-0.03662109375,0.29296875,-0.06103515625,-0.01220703125,-0.0732421875,-0.06103515625,-0.03662109375,0.10986328125,0,-0.0244140625,0.15869140625,0.74462890625,0.30517578125,-0.537109375,-0.29296875,-0.537109375
1,-0.01220703125,-0.390625,-0.1220703125,-0.30517578125,0.1953125,-0.4150390625,-0.48828125,0.0244140625,-0.03662109375,-0.09765625,-0.0732421875,-0.9033203125,0,1.06201171875,0.15869140625,-0.1953125,0.1708984375,-0.79345703125,-0.09765625,-0.2685546875,0.09765625,0.7080078125,0.08544921875,-0.9521484375,-0.23193359375,-0.048828125,-0.2197265625,-0.76904296875,-0.23193359375,0.9765625,0.048828125,0.25634765625,0.03662109375,0.1220703125,0.79345703125,0.93994140625,-0.10986328125,-0.439453125,0.09765625,-0.74462890625,0.35400390625,-0.1708984375,-0.2685546875,-0.6591796875,0.1953125,-0.32958984375,-0.0244140625,0.79345703125,-0.244140625,1.1962890625,0.52490234375,0.54931640625,-0.25634765625,-0.09765625,0.13427734375,0.74462890625,0.0244140625,11.85302734375,0.3173828125,5.43212890625,-0.439453125,5.37109375,-0.29296875,7.2265625,0.06103515625,0.18310546875,0,1.01318359375,-0.1220703125,0.23193359375,-0.18310546875,0.1708984375,-0.09765625,0.25634765625,-0.23193359375,0.78125,-0.0732421875,0.048828125,0,1.2939453125,0.06103515625,-0.96435546875,0.146484375,-0.341796875,0.03662109375,-1.0009765625,0.28076171875,-0.76904296875,0.1708984375,-1.50146484375,-0.15869140625,-0.2197265625,0.2685546875,-0.3173828125,-0.244140625,-1.20849609375,-0.13427734375,4.736328125,-0.1953125,4.84619140625,-0.03662109375,3.5400390625,0.30517578125,10.15625,-0.01220703125,-0.5859375,-0.29296875,-1.46484375,-0.048828125,-1.025390625,0.0244140625,0.390625,-0.03662109375,0.29296875,-0.048828125,-0.01220703125,-0.06103515625,-0.048828125,-0.03662109375,0.10986328125,0.03662109375,-0.0244140625,0.1953125,0.76904296875,0.390625,-0.5126953125,-0.25634765625,-0.537109375
1,0.0244140625,-0.3662109375,-0.146484375,-0.3173828125,0.1953125,-0.4150390625,-0.50048828125,0.01220703125,-0.01220703125,-0.09765625,-0.08544921875,-0.9033203125,-0.0244140625,1.0986328125,0.1708984375,-0.20751953125,0.23193359375,-0.78125,-0.1708984375,-0.25634765625,0.1220703125,0.7080078125,0.01220703125,-0.96435546875,-0.1220703125,-0.09765625,-0.1953125,-0.76904296875,-0.08544921875,0.93994140625,0.03662109375,0.244140625,0.06103515625,0.18310546875,0.830078125,0.69580078125,-0.23193359375,-0.439453125,0.048828125,-0.74462890625,0.15869140625,-0.146484375,-0.2685546875,-0.64697265625,0.2197265625,-0.30517578125,0.048828125,0.8056640625,-0.1708984375,1.15966796875,0.439453125,0.57373046875,-0.2197265625,-0.0732421875,0.18310546875,0.7568359375,-0.01220703125,10.36376953125,0.3662109375,4.6875,-0.390625,4.67529296875,-0.2197265625,6.26220703125,0.0244140625,0.1708984375,-0.08544921875,1.0009765625,-0.15869140625,0.2197265625,-0.1953125,0.1708984375,-0.15869140625,0.244140625,-0.23193359375,0.78125,-0.06103515625,0.06103515625,-0.01220703125,1.26953125,0.09765625,-0.9765625,0.146484375,-0.341796875,0.0732421875,-0.9765625,0.3173828125,-0.7568359375,0.1953125,-1.50146484375,-0.06103515625,-0.2197265625,0.390625,-0.32958984375,-0.2685546875,-1.18408203125,-0.06103515625,4.60205078125,-0.09765625,4.7119140625,-0.03662109375,3.43017578125,0.1953125,10.009765625,-0.1220703125,-0.6103515625,-0.244140625,-1.45263671875,-0.06103515625,-1.025390625,0,0.4150390625,-0.0244140625,0.30517578125,-0.06103515625,-0.01220703125,-0.08544921875,-0.03662109375,-0.048828125,0.13427734375,0.06103515625,-0.0244140625,0.1953125,0.78125,0.4638671875,-0.5126953125,-0.23193359375,-0.537109375
1,-0.01220703125,-0.35400390625,-0.146484375,-0.3173828125,0.2197265625,-0.42724609375,-0.48828125,0.0244140625,0.03662109375,-0.09765625,-0.09765625,-0.9033203125,-0.01220703125,1.11083984375,0.1708984375,-0.20751953125,0.2685546875,-0.79345703125,-0.244140625,-0.28076171875,0.0244140625,0.67138671875,-0.048828125,-0.96435546875,-0.06103515625,-0.146484375,-0.146484375,-0.78125,0.06103515625,0.9033203125,-0.03662109375,0.20751953125,0.03662109375,0.25634765625,0.9521484375,0.42724609375,-0.341796875,-0.390625,0.01220703125,-0.72021484375,-0.048828125,-0.146484375,-0.1953125,-0.68359375,0.18310546875,-0.28076171875,0.01220703125,0.84228515625,-0.048828125,1.1474609375,0.390625,0.57373046875,-0.2197265625,-0.09765625,0.13427734375,0.76904296875,-0.08544921875,8.92333984375,0.341796875,4.01611328125,-0.3173828125,4.052734375,-0.10986328125,5.33447265625,-0.01220703125,0.1708984375,-0.1953125,1.0009765625,-0.1708984375,0.23193359375,-0.18310546875,0.1708984375,-0.20751953125,0.23193359375,-0.18310546875,0.7568359375,-0.0244140625,0.048828125,0.0244140625,1.28173828125,0.146484375,-0.93994140625,0.13427734375,-0.32958984375,0.09765625,-0.98876953125,0.28076171875,-0.74462890625,0.20751953125,-1.513671875,0.03662109375,-0.2197265625,0.42724609375,-0.3173828125,-0.2197265625,-1.171875,-0.03662109375,4.443359375,-0.06103515625,4.50439453125,-0.13427734375,3.2958984375,0.06103515625,9.6923828125,-0.1953125,-0.634765625,-0.1708984375,-1.46484375,-0.1220703125,-1.0009765625,-0.0244140625,0.4150390625,-0.03662109375,0.32958984375,-0.06103515625,0,-0.06103515625,-0.03662109375,-0.08544921875,0.15869140625,0.048828125,-0.0244140625,0.20751953125,0.8056640625,0.5126953125,-0.50048828125,-0.2197265625,-0.48828125
1,0.03662109375,-0.35400390625,-0.1220703125,-0.30517578125,0.2197265625,-0.4150390625,-0.47607421875,0.0244140625,0.048828125,-0.0732421875,-0.09765625,-0.87890625,0.01220703125,1.11083984375,0.1708984375,-0.1953125,0.2197265625,-0.79345703125,-0.2685546875,-0.28076171875,-0.06103515625,0.6591796875,-0.1220703125,-0.93994140625,-0.048828125,-0.20751953125,-0.01220703125,-0.7568359375,0.18310546875,0.87890625,-0.1220703125,0.2197265625,-0.06103515625,0.25634765625,0.98876953125,0.1953125,-0.4150390625,-0.37841796875,-0.01220703125,-0.7080078125,-0.23193359375,-0.13427734375,-0.3173828125,-0.69580078125,0.08544921875,-0.29296875,0.06103515625,0.8056640625,0.03662109375,1.123046875,0.35400390625,0.5859375,-0.2685546875,-0.09765625,0.146484375,0.76904296875,-0.13427734375,7.60498046875,0.30517578125,3.3935546875,-0.244140625,3.47900390625,-0.09765625,4.47998046875,-0.0732421875,0.18310546875,-0.25634765625,1.01318359375,-0.23193359375,0.23193359375,-0.15869140625,0.1953125,-0.2685546875,0.25634765625,-0.1220703125,0.76904296875,-0.048828125,0.03662109375,0.0732421875,1.2939453125,0.1220703125,-0.927734375,0.13427734375,-0.32958984375,0.09765625,-1.01318359375,0.1953125,-0.732421875,0.244140625,-1.52587890625,0.09765625,-0.2197265625,0.37841796875,-0.28076171875,-0.10986328125,-1.18408203125,-0.03662109375,4.26025390625,-0.01220703125,4.296875,-0.20751953125,3.13720703125,-0.01220703125,9.27734375,-0.2197265625,-0.64697265625,-0.09765625,-1.46484375,-0.146484375,-1.025390625,-0.0244140625,0.42724609375,-0.048828125,0.3173828125,-0.048828125,0.0244140625,-0.06103515625,-0.0732421875,-0.10986328125,0.15869140625,0.03662109375,-0.0244140625,0.18310546875,0.81787109375,0.537109375,-0.48828125,-0.20751953125,-0.5126953125
1,0.06103515625,-0.32958984375,-0.1220703125,-0.30517578125,0.23193359375,-0.4150390625,-0.50048828125,0.01220703125,0.08544921875,-0.09765625,-0.09765625,-0.89111328125,0.01220703125,1.0986328125,0.18310546875,-0.20751953125,0.18310546875,-0.81787109375,-0.29296875,-0.28076171875,-0.1953125,0.67138671875,-0.1953125,-0.927734375,-0.0244140625,-0.244140625,0.0732421875,-0.78125,0.244140625,0.8544921875,-0.10986328125,0.20751953125,-0.146484375,0.1708984375,1.0498046875,0.01220703125,-0.50048828125,-0.35400390625,-0.0244140625,-0.7080078125,-0.32958984375,-0.13427734375,-0.40283203125,-0.69580078125,-0.0244140625,-0.32958984375,0.03662109375,0.8056640625,0.10986328125,1.13525390625,0.30517578125,0.5615234375,-0.2685546875,-0.146484375,0.08544921875,0.7568359375,-0.1953125,6.48193359375,0.25634765625,2.9052734375,-0.08544921875,3.0517578125,-0.048828125,3.759765625,-0.0732421875,0.1953125,-0.3173828125,1.025390625,-0.23193359375,0.23193359375,-0.13427734375,0.20751953125,-0.32958984375,0.244140625,-0.06103515625,0.78125,-0.0244140625,0.03662109375,0.146484375,1.28173828125,0.10986328125,-0.91552734375,0.09765625,-0.30517578125,0.08544921875,-1.01318359375,0.0244140625,-0.74462890625,0.2685546875,-1.513671875,0.18310546875,-0.2197265625,0.2685546875,-0.2685546875,0.03662109375,-1.171875,-0.048828125,4.11376953125,0.01220703125,4.1015625,-0.23193359375,2.96630859375,-0.048828125,8.7890625,-0.18310546875,-0.6591796875,-0.0732421875,-1.47705078125,-0.18310546875,-1.025390625,0,0.40283203125,-0.06103515625,0.32958984375,-0.06103515625,0.01220703125,-0.0732421875,-0.0732421875,-0.10986328125,0.146484375,0,-0.01220703125,0.146484375,0.8056640625,0.5126953125,-0.50048828125,-0.20751953125,-0.52490234375
1,0,-0.32958984375,-0.0732421875,-0.3173828125,0.23193359375,-0.439453125,-0.50048828125,0.0244140625,0.09765625,-0.08544921875,-0.13427734375,-0.86669921875,0.01220703125,1.07421875,0.1953125,-0.20751953125,0.13427734375,-0.78125,-0.29296875,-0.2685546875,-0.29296875,0.67138671875,-0.244140625,-0.9033203125,-0.03662109375,-0.244140625,0.20751953125,-0.8056640625,0.23193359375,0.81787109375,-0.0732421875,0.1953125,-0.2685546875,0.06103515625,1.0498046875,-0.09765625,-0.4638671875,-0.3662109375,-0.0244140625,-0.69580078125,-0.30517578125,-0.15869140625,-0.50048828125,-0.67138671875,-0.10986328125,-0.37841796875,-0.06103515625,0.7568359375,0.146484375,1.13525390625,0.2685546875,0.52490234375,-0.2685546875,-0.1953125,0,0.74462890625,-0.23193359375,5.50537109375,0.20751953125,2.50244140625,0.01220703125,2.64892578125,-0.03662109375,3.173828125,-0.06103515625,0.2197265625,-0.35400390625,1.0498046875,-0.25634765625,0.2197265625,-0.09765625,0.20751953125,-0.35400390625,0.244140625,-0.0244140625,0.8056640625,-0.03662109375,0.0244140625,0.244140625,1.28173828125,0.09765625,-0.93994140625,0.09765625,-0.3173828125,0.01220703125,-1.03759765625,-0.13427734375,-0.7568359375,0.2685546875,-1.55029296875,0.2197265625,-0.244140625,0.18310546875,-0.28076171875,0.1708984375,-1.171875,-0.08544921875,3.96728515625,-0.048828125,3.90625,-0.23193359375,2.79541015625,-0.0732421875,8.2763671875,-0.0732421875,-0.67138671875,-0.048828125,-1.46484375,-0.13427734375,-1.03759765625,0.0244140625,0.40283203125,-0.08544921875,0.3173828125,-0.048828125,0.01220703125,-0.06103515625,-0.06103515625,-0.1220703125,0.15869140625,-0.01220703125,0,0.09765625,0.79345703125,0.48828125,-0.48828125,-0.2197265625,-0.52490234375
1,0.0244140625,-0.3173828125,-0.09765625,-0.30517578125,0.2197265625,-0.439453125,-0.52490234375,-0.01220703125,0.13427734375,-0.08544921875,-0.146484375,-0.86669921875,0.01220703125,1.0498046875,0.1953125,-0.23193359375,0.048828125,-0.78125,-0.25634765625,-0.29296875,-0.35400390625,0.67138671875,-0.2197265625,-0.84228515625,-0.06103515625,-0.2197265625,0.28076171875,-0.79345703125,0.1708984375,0.81787109375,0.01220703125,0.20751953125,-0.390625,-0.08544921875,0.98876953125,-0.09765625,-0.439453125,-0.390625,-0.01220703125,-0.732421875,-0.244140625,-0.15869140625,-0.64697265625,-0.68359375,-0.15869140625,-0.4150390625,-0.1708984375,0.69580078125,0.1708984375,1.1474609375,0.244140625,0.48828125,-0.32958984375,-0.244140625,-0.03662109375,0.74462890625,-0.244140625,4.6875,0.18310546875,2.1728515625,0.03662109375,2.33154296875,-0.01220703125,2.685546875,-0.09765625,0.25634765625,-0.341796875,1.06201171875,-0.29296875,0.1953125,-0.08544921875,0.25634765625,-0.3662109375,0.25634765625,0.01220703125,0.81787109375,-0.08544921875,0,0.3173828125,1.2939453125,0.01220703125,-0.9521484375,0.0732421875,-0.3173828125,-0.0732421875,-1.025390625,-0.2197265625,-0.74462890625,0.32958984375,-1.5625,0.2197265625,-0.25634765625,0.10986328125,-0.28076171875,0.28076171875,-1.171875,-0.146484375,3.77197265625,-0.13427734375,3.67431640625,-0.20751953125,2.63671875,-0.08544921875,7.75146484375,0.03662109375,-0.68359375,-0.06103515625,-1.50146484375,-0.0732421875,-1.0498046875,0.03662109375,0.40283203125,-0.09765625,0.32958984375,-0.06103515625,0.01220703125,-0.0732421875,-0.048828125,-0.10986328125,0.15869140625,-0.06103515625,-0.01220703125,0.06103515625,0.81787109375,0.4638671875,-0.48828125,-0.244140625,-0.537109375
1,-0.01220703125,-0.32958984375,-0.09765625,-0.3173828125,0.25634765625,-0.4150390625,-0.52490234375,-0.03662109375,0.15869140625,-0.1220703125,-0.146484375,-0.89111328125,0.01220703125,1.0498046875,0.20751953125,-0.23193359375,-0.01220703125,-0.7568359375,-0.20751953125,-0.30517578125,-0.3662109375,0.67138671875,-0.18310546875,-0.8544921875,-0.1220703125,-0.20751953125,0.30517578125,-0.830078125,0.048828125,0.84228515625,0.08544921875,0.1953125,-0.5126953125,-0.25634765625,0.927734375,0,-0.35400390625,-0.439453125,0.03662109375,-0.74462890625,-0.13427734375,-0.18310546875,-0.7568359375,-0.64697265625,-0.18310546875,-0.45166015625,-0.2197265625,0.6591796875,0.1708984375,1.18408203125,0.20751953125,0.439453125,-0.3173828125,-0.25634765625,-0.09765625,0.72021484375,-0.2685546875,3.955078125,0.146484375,1.8798828125,0.1220703125,1.98974609375,0.048828125,2.2216796875,-0.1220703125,0.2685546875,-0.35400390625,1.07421875,-0.28076171875,0.1953125,-0.09765625,0.244140625,-0.37841796875,0.25634765625,0.048828125,0.84228515625,-0.09765625,0,0.3662109375,1.33056640625,-0.03662109375,-0.9765625,0.0732421875,-0.3173828125,-0.1953125,-1.025390625,-0.23193359375,-0.7568359375,0.32958984375,-1.55029296875,0.15869140625,-0.28076171875,0.06103515625,-0.29296875,0.3662109375,-1.171875,-0.10986328125,3.57666015625,-0.2197265625,3.4423828125,-0.06103515625,2.44140625,-0.06103515625,7.23876953125,0.15869140625,-0.7080078125,-0.0244140625,-1.513671875,-0.0244140625,-1.03759765625,0,0.4150390625,-0.10986328125,0.341796875,-0.048828125,-0.01220703125,-0.06103515625,-0.03662109375,-0.10986328125,0.15869140625,-0.13427734375,-0.01220703125,0.03662109375,0.8056640625,0.42724609375,-0.50048828125,-0.25634765625,-0.5615234375
1,-0.03662109375,-0.35400390625,-0.09765625,-0.30517578125,0.25634765625,-0.439453125,-0.537109375,-0.03662109375,0.1708984375,-0.10986328125,-0.18310546875,-0.91552734375,0.01220703125,1.025390625,0.2197265625,-0.2197265625,-0.048828125,-0.74462890625,-0.18310546875,-0.32958984375,-0.30517578125,0.69580078125,-0.13427734375,-0.84228515625,-0.13427734375,-0.15869140625,0.244140625,-0.830078125,-0.048828125,0.8544921875,0.10986328125,0.20751953125,-0.4638671875,-0.4150390625,0.86669921875,0.1953125,-0.25634765625,-0.47607421875,0.0732421875,-0.74462890625,-0.0244140625,-0.18310546875,-0.78125,-0.62255859375,-0.1708984375,-0.48828125,-0.32958984375,0.59814453125,0.13427734375,1.20849609375,0.2197265625,0.40283203125,-0.35400390625,-0.28076171875,-0.20751953125,0.72021484375,-0.244140625,3.1982421875,0.10986328125,1.5869140625,0.09765625,1.66015625,0.10986328125,1.74560546875,-0.146484375,0.30517578125,-0.30517578125,1.07421875,-0.28076171875,0.1953125,-0.1220703125,0.25634765625,-0.341796875,0.2685546875,0.09765625,0.8544921875,-0.09765625,0,0.37841796875,1.3427734375,-0.1220703125,-1.0009765625,0.0732421875,-0.32958984375,-0.28076171875,-1.025390625,-0.1953125,-0.76904296875,0.32958984375,-1.5625,0.06103515625,-0.29296875,0.09765625,-0.29296875,0.32958984375,-1.18408203125,-0.09765625,3.3447265625,-0.29296875,3.22265625,0.06103515625,2.23388671875,-0.146484375,6.787109375,0.2685546875,-0.7080078125,-0.0244140625,-1.513671875,0.01220703125,-1.06201171875,-0.048828125,0.390625,-0.09765625,0.32958984375,-0.03662109375,-0.03662109375,-0.0732421875,-0.048828125,-0.10986328125,0.1220703125,-0.1708984375,0,0.03662109375,0.830078125,0.42724609375,-0.50048828125,-0.2685546875,-0.57373046875
1,-0.01220703125,-0.3662109375,-0.0732421875,-0.3173828125,0.2685546875,-0.4638671875,-0.52490234375,-0.03662109375,0.1953125,-0.1220703125,-0.1708984375,-0.9033203125,-0.01220703125,1.03759765625,0.2197265625,-0.2197265625,-0.0732421875,-0.74462890625,-0.1220703125,-0.3173828125,-0.244140625,0.69580078125,-0.06103515625,-0.84228515625,-0.1220703125,-0.10986328125,0.146484375,-0.830078125,-0.18310546875,0.8544921875,0.08544921875,0.23193359375,-0.35400390625,-0.5615234375,0.74462890625,0.40283203125,-0.1708984375,-0.54931640625,0.10986328125,-0.7568359375,0.06103515625,-0.20751953125,-0.732421875,-0.59814453125,-0.1708984375,-0.537109375,-0.37841796875,0.59814453125,0.09765625,1.23291015625,0.2197265625,0.40283203125,-0.40283203125,-0.23193359375,-0.244140625,0.732421875,-0.25634765625,2.45361328125,0.0732421875,1.23291015625,0.10986328125,1.33056640625,0.18310546875,1.2451171875,-0.1708984375,0.30517578125,-0.25634765625,1.06201171875,-0.2685546875,0.20751953125,-0.1708984375,0.25634765625,-0.25634765625,0.29296875,0.1220703125,0.87890625,-0.10986328125,0.01220703125,0.390625,1.35498046875,-0.13427734375,-1.0009765625,0.048828125,-0.341796875,-0.3662109375,-1.03759765625,-0.13427734375,-0.76904296875,0.3173828125,-1.57470703125,-0.0244140625,-0.30517578125,0.13427734375,-0.30517578125,0.1953125,-1.171875,-0.06103515625,3.1005859375,-0.29296875,2.978515625,0.18310546875,2.03857421875,-0.18310546875,6.4208984375,0.29296875,-0.732421875,-0.01220703125,-1.513671875,0.06103515625,-1.07421875,-0.08544921875,0.40283203125,-0.1220703125,0.32958984375,-0.048828125,-0.048828125,-0.06103515625,-0.048828125,-0.10986328125,0.13427734375,-0.23193359375,0.01220703125,0.06103515625,0.81787109375,0.40283203125,-0.5126953125,-0.244140625,-0.57373046875
1,0.03662109375,-0.40283203125,-0.08544921875,-0.3173828125,0.244140625,-0.4638671875,-0.50048828125,-0.03662109375,0.1953125,-0.1220703125,-0.18310546875,-0.9033203125,-0.03662109375,1.025390625,0.244140625,-0.244140625,-0.0732421875,-0.74462890625,-0.08544921875,-0.28076171875,-0.13427734375,0.68359375,-0.0244140625,-0.8544921875,-0.10986328125,-0.08544921875,0.048828125,-0.84228515625,-0.2685546875,0.9033203125,0.01220703125,0.23193359375,-0.1708984375,-0.634765625,0.62255859375,0.634765625,-0.0732421875,-0.537109375,0.1220703125,-0.7568359375,0.13427734375,-0.1953125,-0.634765625,-0.5859375,-0.18310546875,-0.52490234375,-0.4150390625,0.6103515625,0,1.220703125,0.244140625,0.4150390625,-0.40283203125,-0.15869140625,-0.2685546875,0.72021484375,-0.28076171875,1.6357421875,-0.048828125,0.86669921875,0,0.91552734375,0.1220703125,0.7080078125,-0.1708984375,0.32958984375,-0.20751953125,1.06201171875,-0.1953125,0.244140625,-0.20751953125,0.25634765625,-0.1708984375,0.29296875,0.13427734375,0.9033203125,-0.10986328125,0.01220703125,0.40283203125,1.3671875,-0.13427734375,-1.0009765625,0.03662109375,-0.32958984375,-0.40283203125,-1.03759765625,-0.0244140625,-0.8056640625,0.30517578125,-1.55029296875,-0.06103515625,-0.30517578125,0.1953125,-0.341796875,0.0244140625,-1.1962890625,-0.03662109375,2.83203125,-0.25634765625,2.77099609375,0.244140625,1.8310546875,-0.1953125,6.0791015625,0.2197265625,-0.7080078125,-0.01220703125,-1.50146484375,0.10986328125,-1.07421875,-0.0732421875,0.40283203125,-0.146484375,0.32958984375,-0.048828125,-0.0732421875,-0.0732421875,-0.048828125,-0.10986328125,0.1220703125,-0.29296875,-0.01220703125,0.048828125,0.84228515625,0.32958984375,-0.537109375,-0.25634765625,-0.57373046875
1,0.01220703125,-0.4150390625,-0.0732421875,-0.30517578125,0.244140625,-0.45166015625,-0.4638671875,-0.03662109375,0.1953125,-0.0732421875,-0.1953125,-0.9033203125,-0.03662109375,1.0498046875,0.23193359375,-0.2197265625,-0.048828125,-0.74462890625,-0.06103515625,-0.29296875,-0.01220703125,0.69580078125,-0.0244140625,-0.87890625,-0.048828125,-0.0244140625,-0.03662109375,-0.81787109375,-0.32958984375,0.91552734375,-0.0732421875,0.2197265625,0.048828125,-0.62255859375,0.59814453125,0.830078125,0,-0.52490234375,0.146484375,-0.7568359375,0.13427734375,-0.18310546875,-0.5126953125,-0.57373046875,-0.15869140625,-0.45166015625,-0.42724609375,0.634765625,-0.09765625,1.1962890625,0.28076171875,0.439453125,-0.42724609375,-0.1220703125,-0.244140625,0.732421875,-0.23193359375,0.830078125,-0.08544921875,0.47607421875,-0.048828125,0.5126953125,0.1708984375,0.1708984375,-0.1220703125,0.30517578125,-0.15869140625,1.0498046875,-0.18310546875,0.25634765625,-0.23193359375,0.25634765625,-0.08544921875,0.28076171875,0.1708984375,0.86669921875,-0.1220703125,0.01220703125,0.390625,1.3427734375,-0.146484375,-0.9765625,0.01220703125,-0.32958984375,-0.341796875,-1.025390625,0.06103515625,-0.81787109375,0.29296875,-1.52587890625,-0.1220703125,-0.28076171875,0.2685546875,-0.3173828125,-0.13427734375,-1.18408203125,-0.10986328125,2.587890625,-0.1708984375,2.587890625,0.25634765625,1.67236328125,-0.146484375,5.810546875,0.08544921875,-0.732421875,-0.048828125,-1.47705078125,0.1708984375,-1.06201171875,-0.06103515625,0.40283203125,-0.15869140625,0.32958984375,-0.048828125,-0.08544921875,-0.06103515625,-0.048828125,-0.09765625,0.09765625,-0.30517578125,0,0.0732421875,0.8544921875,0.29296875,-0.5126953125,-0.25634765625,-0.5615234375
0,0.01220703125,-0.42724609375,-0.09765625,-0.28076171875,0.25634765625,-0.45166015625,-0.45166015625,0,0.20751953125,-0.0732421875,-0.23193359375,-0.91552734375,-0.0244140625,1.03759765625,0.23193359375,-0.18310546875,0,-0.7568359375,-0.048828125,-0.29296875,0.08544921875,0.68359375,-0.01220703125,-0.9033203125,-0.01220703125,0,-0.08544921875,-0.8056640625,-0.32958984375,0.91552734375,-0.18310546875,0.23193359375,0.1220703125,-0.54931640625,0.6591796875,0.9521484375,0.0244140625,-0.50048828125,0.146484375,-0.76904296875,0.10986328125,-0.18310546875,-0.4150390625,-0.5615234375,-0.15869140625,-0.37841796875,-0.30517578125,0.69580078125,-0.13427734375,1.18408203125,0.28076171875,0.4638671875,-0.4150390625,-0.0732421875,-0.1953125,0.7568359375,-0.146484375,0.0732421875,-0.08544921875,0.09765625,-0.06103515625,0.15869140625,0.1953125,-0.35400390625,-0.06103515625,0.29296875,-0.06103515625,1.025390625,-0.15869140625,0.25634765625,-0.25634765625,0.25634765625,-0.06103515625,0.30517578125,0.1953125,0.84228515625,-0.1220703125,0.03662109375,0.341796875,1.3427734375,-0.15869140625,-0.9765625,0,-0.341796875,-0.23193359375,-1.01318359375,0.09765625,-0.8056640625,0.244140625,-1.52587890625,-0.13427734375,-0.25634765625,0.28076171875,-0.32958984375,-0.23193359375,-1.20849609375,-0.15869140625,2.35595703125,-0.06103515625,2.392578125,0.23193359375,1.52587890625,-0.09765625,5.5419921875,-0.03662109375,-0.732421875,-0.0732421875,-1.47705078125,0.18310546875,-1.0498046875,-0.048828125,0.390625,-0.146484375,0.3173828125,-0.048828125,-0.0732421875,-0.08544921875,-0.03662109375,-0.09765625,0.10986328125,-0.32958984375,-0.03662109375,0.09765625,0.84228515625,0.25634765625,-0.50048828125,-0.2197265625,-0.52490234375
0,0,-0.40283203125,-0.08544921875,-0.28076171875,0.23193359375,-0.45166015625,-0.439453125,0.01220703125,0.2197265625,-0.08544921875,-0.2685546875,-0.9033203125,-0.0732421875,1.03759765625,0.20751953125,-0.2197265625,0.0732421875,-0.78125,-0.0244140625,-0.30517578125,0.10986328125,0.67138671875,0,-0.9033203125,-0.0244140625,0.06103515625,-0.13427734375,-0.79345703125,-0.2685546875,0.93994140625,-0.244140625,0.23193359375,0.15869140625,-0.4638671875,0.64697265625,0.96435546875,-0.03662109375,-0.47607421875,0.18310546875,-0.7568359375,0.09765625,-0.18310546875,-0.32958984375,-0.57373046875,-0.146484375,-0.3173828125,-0.1953125,0.7080078125,-0.15869140625,1.15966796875,0.341796875,0.48828125,-0.37841796875,-0.08544921875,-0.18310546875,0.76904296875,-0.10986328125,-0.537109375,-0.1220703125,-0.1953125,-0.0732421875,-0.1220703125,0.1953125,-0.78125,-0.01220703125,0.28076171875,0.048828125,1.025390625,-0.13427734375,0.2685546875,-0.1953125,0.2197265625,-0.048828125,0.29296875,0.2197265625,0.79345703125,-0.13427734375,0.0244140625,0.30517578125,1.3427734375,-0.146484375,-0.9521484375,-0.01220703125,-0.32958984375,-0.08544921875,-0.98876953125,0.0732421875,-0.8056640625,0.18310546875,-1.52587890625,-0.0732421875,-0.28076171875,0.2685546875,-0.32958984375,-0.2685546875,-1.20849609375,-0.20751953125,2.1240234375,0.03662109375,2.24609375,0.13427734375,1.37939453125,0.06103515625,5.23681640625,-0.10986328125,-0.72021484375,-0.1220703125,-1.46484375,0.146484375,-1.03759765625,-0.048828125,0.40283203125,-0.1708984375,0.3173828125,-0.03662109375,-0.09765625,-0.08544921875,-0.03662109375,-0.10986328125,0.09765625,-0.30517578125,-0.03662109375,0.13427734375,0.84228515625,0.25634765625,-0.52490234375,-0.1953125,-0.52490234375
0,0.01220703125,-0.37841796875,-0.0732421875,-0.2685546875,0.244140625,-0.42724609375,-0.4150390625,0.01220703125,0.23193359375,-0.06103515625,-0.2685546875,-0.9033203125,-0.08544921875,1.07421875,0.1953125,-0.1953125,0.1220703125,-0.8056640625,0.01220703125,-0.28076171875,0.10986328125,0.6591796875,0.03662109375,-0.91552734375,-0.0244140625,0.09765625,-0.09765625,-0.78125,-0.1708984375,0.91552734375,-0.2685546875,0.23193359375,0.10986328125,-0.3173828125,0.69580078125,0.87890625,-0.09765625,-0.42724609375,0.18310546875,-0.732421875,0.10986328125,-0.146484375,-0.3173828125,-0.5615234375,-0.146484375,-0.25634765625,-0.0732421875,0.74462890625,-0.1708984375,1.13525390625,0.35400390625,0.48828125,-0.28076171875,-0.06103515625,-0.09765625,0.76904296875,-0.13427734375,-0.98876953125,-0.1708984375,-0.40283203125,-0.1220703125,-0.2685546875,0.25634765625,-1.06201171875,0.0732421875,0.25634765625,0.09765625,1.01318359375,-0.146484375,0.244140625,-0.18310546875,0.2197265625,-0.048828125,0.28076171875,0.23193359375,0.7568359375,-0.13427734375,0.0244140625,0.244140625,1.3427734375,-0.146484375,-0.93994140625,0.0244140625,-0.32958984375,0.06103515625,-0.9765625,0.03662109375,-0.8056640625,0.10986328125,-1.50146484375,-0.06103515625,-0.25634765625,0.15869140625,-0.341796875,-0.25634765625,-1.220703125,-0.2197265625,1.904296875,0.1220703125,2.03857421875,0.06103515625,1.220703125,0.244140625,4.833984375,-0.15869140625,-0.7080078125,-0.1953125,-1.45263671875,0.0732421875,-1.025390625,0,0.40283203125,-0.18310546875,0.29296875,-0.03662109375,-0.0732421875,-0.08544921875,-0.06103515625,-0.08544921875,0.1220703125,-0.29296875,-0.03662109375,0.146484375,0.84228515625,0.28076171875,-0.5126953125,-0.13427734375,-0.5126953125
0,0.01220703125,-0.35400390625,-0.0732421875,-0.29296875,0.2685546875,-0.40283203125,-0.390625,0.01220703125,0.23193359375,-0.06103515625,-0.244140625,-0.89111328125,-0.09765625,1.07421875,0.18310546875,-0.20751953125,0.13427734375,-0.79345703125,0.048828125,-0.2685546875,0.01220703125,0.6591796875,0.09765625,-0.91552734375,-0.048828125,0.13427734375,-0.0732421875,-0.78125,-0.0732421875,0.89111328125,-0.23193359375,0.23193359375,0.01220703125,-0.1953125,0.6591796875,0.72021484375,-0.20751953125,-0.40283203125,0.1953125,-0.732421875,0.1220703125,-0.15869140625,-0.35400390625,-0.5615234375,-0.1708984375,-0.23193359375,0.08544921875,0.78125,-0.1953125,1.123046875,0.42724609375,0.48828125,-0.23193359375,-0.09765625,-0.0732421875,0.78125,-0.13427734375,-1.15966796875,-0.20751953125,-0.45166015625,-0.1220703125,-0.29296875,0.2197265625,-1.13525390625,0.15869140625,0.2685546875,0.20751953125,1.01318359375,-0.146484375,0.20751953125,-0.1220703125,0.20751953125,-0.0244140625,0.2685546875,0.20751953125,0.74462890625,-0.146484375,0.0244140625,0.1953125,1.30615234375,-0.15869140625,-0.927734375,0.06103515625,-0.341796875,0.15869140625,-0.9765625,0.01220703125,-0.79345703125,0.03662109375,-1.4892578125,-0.01220703125,-0.23193359375,0.06103515625,-0.32958984375,-0.13427734375,-1.220703125,-0.2197265625,1.6357421875,0.13427734375,1.8310546875,-0.09765625,1.025390625,0.2685546875,4.28466796875,-0.15869140625,-0.69580078125,-0.25634765625,-1.42822265625,-0.01220703125,-1.01318359375,-0.01220703125,0.40283203125,-0.20751953125,0.3173828125,-0.0244140625,-0.08544921875,-0.0732421875,-0.03662109375,-0.09765625,0.13427734375,-0.23193359375,-0.03662109375,0.15869140625,0.86669921875,0.2685546875,-0.47607421875,-0.0732421875,-0.50048828125
0,-0.01220703125,-0.3173828125,-0.08544921875,-0.29296875,0.28076171875,-0.40283203125,-0.3662109375,-0.01220703125,0.2197265625,-0.0732421875,-0.244140625,-0.9033203125,-0.146484375,1.08642578125,0.15869140625,-0.2197265625,0.1220703125,-0.79345703125,0.06103515625,-0.2685546875,-0.048828125,0.634765625,0.18310546875,-0.9033203125,-0.0732421875,0.1708984375,-0.01220703125,-0.8056640625,-0.03662109375,0.87890625,-0.1220703125,0.2197265625,-0.06103515625,-0.13427734375,0.72021484375,0.48828125,-0.2685546875,-0.37841796875,0.1708984375,-0.72021484375,0.146484375,-0.1708984375,-0.4638671875,-0.54931640625,-0.1708984375,-0.2197265625,0.146484375,0.8056640625,-0.2197265625,1.13525390625,0.48828125,0.5126953125,-0.15869140625,-0.1220703125,-0.03662109375,0.78125,-0.1708984375,-1.0498046875,-0.28076171875,-0.341796875,-0.146484375,-0.1708984375,0.1708984375,-1.025390625,0.18310546875,0.29296875,0.244140625,1.03759765625,-0.1220703125,0.1953125,-0.0732421875,0.20751953125,-0.01220703125,0.2685546875,0.1708984375,0.7080078125,-0.15869140625,0.0244140625,0.1708984375,1.33056640625,-0.10986328125,-0.927734375,0.08544921875,-0.32958984375,0.1953125,-0.9521484375,0.03662109375,-0.78125,0.01220703125,-1.47705078125,0,-0.23193359375,-0.01220703125,-0.30517578125,0,-1.20849609375,-0.10986328125,1.3671875,0.15869140625,1.5380859375,-0.15869140625,0.78125,0.40283203125,3.57666015625,-0.13427734375,-0.67138671875,-0.3173828125,-1.45263671875,-0.10986328125,-1.0009765625,0.0244140625,0.4150390625,-0.244140625,0.3173828125,0.01220703125,-0.0732421875,-0.0732421875,-0.0244140625,-0.09765625,0.13427734375,-0.1953125,-0.048828125,0.1220703125,0.8544921875,0.23193359375,-0.48828125,-0.048828125,-0.50048828125
0,-0.0244140625,-0.3173828125,-0.06103515625,-0.30517578125,0.25634765625,-0.40283203125,-0.3662109375,-0.0244140625,0.2197265625,-0.06103515625,-0.25634765625,-0.87890625,-0.1220703125,1.07421875,0.15869140625,-0.2197265625,0.0732421875,-0.79345703125,0.06103515625,-0.28076171875,-0.13427734375,0.6591796875,0.2685546875,-0.9033203125,-0.0732421875,0.1953125,0.0732421875,-0.78125,0.01220703125,0.86669921875,0,0.20751953125,-0.0732421875,-0.1220703125,0.8544921875,0.244140625,-0.3173828125,-0.390625,0.1220703125,-0.732421875,0.13427734375,-0.1953125,-0.54931640625,-0.52490234375,-0.146484375,-0.29296875,0.15869140625,0.79345703125,-0.20751953125,1.15966796875,0.537109375,0.48828125,-0.10986328125,-0.1708984375,0.0732421875,0.76904296875,-0.15869140625,-0.7080078125,-0.2685546875,-0.13427734375,-0.15869140625,0.0732421875,0.1708984375,-0.732421875,0.15869140625,0.30517578125,0.30517578125,1.0498046875,-0.146484375,0.1708984375,-0.048828125,0.1953125,0.03662109375,0.28076171875,0.146484375,0.7080078125,-0.1708984375,0.01220703125,0.15869140625,1.33056640625,-0.10986328125,-0.93994140625,0.13427734375,-0.3173828125,0.1708984375,-0.9765625,0.048828125,-0.7568359375,0.01220703125,-1.47705078125,0,-0.2197265625,-0.0244140625,-0.3173828125,0.10986328125,-1.20849609375,-0.0244140625,1.025390625,0.13427734375,1.18408203125,-0.18310546875,0.50048828125,0.40283203125,2.77099609375,-0.0732421875,-0.68359375,-0.35400390625,-1.4404296875,-0.10986328125,-1.0009765625,0.03662109375,0.40283203125,-0.25634765625,0.35400390625,0.0244140625,-0.08544921875,-0.0732421875,-0.03662109375,-0.08544921875,0.1220703125,-0.1708984375,-0.03662109375,0.1220703125,0.89111328125,0.2197265625,-0.48828125,-0.01220703125,-0.50048828125
0,-0.048828125,-0.29296875,-0.0244140625,-0.28076171875,0.25634765625,-0.40283203125,-0.3662109375,0,0.20751953125,-0.06103515625,-0.25634765625,-0.89111328125,-0.146484375,1.08642578125,0.1220703125,-0.20751953125,0.03662109375,-0.78125,0.048828125,-0.28076171875,-0.1953125,0.67138671875,0.28076171875,-0.87890625,-0.0732421875,0.20751953125,0.13427734375,-0.79345703125,0.03662109375,0.84228515625,0.1708984375,0.2197265625,-0.0244140625,-0.1708984375,0.74462890625,-0.03662109375,-0.35400390625,-0.439453125,0.03662109375,-0.732421875,0.10986328125,-0.1953125,-0.732421875,-0.52490234375,-0.10986328125,-0.341796875,0.08544921875,0.74462890625,-0.1708984375,1.15966796875,0.50048828125,0.48828125,-0.06103515625,-0.20751953125,0.146484375,0.74462890625,-0.146484375,-0.1708984375,-0.2685546875,0.1708984375,-0.18310546875,0.37841796875,0.06103515625,-0.32958984375,0.18310546875,0.3173828125,0.37841796875,1.06201171875,-0.13427734375,0.146484375,-0.01220703125,0.23193359375,0.0732421875,0.2685546875,0.09765625,0.7568359375,-0.18310546875,0.01220703125,0.15869140625,1.318359375,-0.048828125,-0.9765625,0.1708984375,-0.32958984375,0.0732421875,-0.96435546875,0.08544921875,-0.7568359375,0.09765625,-1.513671875,-0.0244140625,-0.2197265625,0.03662109375,-0.3173828125,0.13427734375,-1.1962890625,0.0244140625,0.6591796875,0.0732421875,0.79345703125,-0.13427734375,0.18310546875,0.3662109375,1.91650390625,-0.03662109375,-0.69580078125,-0.3662109375,-1.46484375,-0.08544921875,-1.01318359375,0.03662109375,0.40283203125,-0.23193359375,0.35400390625,0.03662109375,-0.06103515625,-0.06103515625,-0.03662109375,-0.08544921875,0.1220703125,-0.1220703125,-0.048828125,0.08544921875,0.89111328125,0.20751953125,-0.48828125,0.01220703125,-0.5126953125
0,-0.0732421875,-0.3173828125,-0.0244140625,-0.29296875,0.23193359375,-0.40283203125,-0.341796875,-0.0244140625,0.23193359375,-0.08544921875,-0.2685546875,-0.89111328125,-0.18310546875,1.06201171875,0.1220703125,-0.1953125,-0.03662109375,-0.76904296875,0.01220703125,-0.28076171875,-0.20751953125,0.67138671875,0.20751953125,-0.8544921875,-0.03662109375,0.244140625,0.1953125,-0.8056640625,0.08544921875,0.830078125,0.32958984375,0.2197265625,0.0732421875,-0.2197265625,0.62255859375,-0.23193359375,-0.341796875,-0.48828125,-0.048828125,-0.74462890625,0.03662109375,-0.23193359375,-0.79345703125,-0.48828125,-0.01220703125,-0.390625,-0.06103515625,0.732421875,-0.09765625,1.20849609375,0.47607421875,0.4638671875,-0.01220703125,-0.23193359375,0.2197265625,0.74462890625,-0.146484375,0.40283203125,-0.29296875,0.47607421875,-0.1708984375,0.68359375,0.09765625,0.10986328125,0.18310546875,0.32958984375,0.40283203125,1.06201171875,-0.1220703125,0.15869140625,-0.0244140625,0.2197265625,0.10986328125,0.28076171875,0.03662109375,0.74462890625,-0.18310546875,0,0.13427734375,1.35498046875,-0.01220703125,-0.96435546875,0.15869140625,-0.341796875,-0.06103515625,-0.9765625,0.1220703125,-0.74462890625,0.1953125,-1.5380859375,-0.06103515625,-0.20751953125,0.1220703125,-0.30517578125,0.10986328125,-1.18408203125,0.08544921875,0.30517578125,0.06103515625,0.439453125,-0.06103515625,-0.1220703125,0.29296875,1.11083984375,-0.0244140625,-0.7080078125,-0.341796875,-1.47705078125,-0.06103515625,-1.01318359375,0,0.40283203125,-0.25634765625,0.37841796875,0.03662109375,-0.0732421875,-0.0732421875,-0.06103515625,-0.0732421875,0.1220703125,-0.10986328125,-0.0244140625,0.08544921875,0.89111328125,0.1953125,-0.48828125,-0.01220703125,-0.52490234375
0,-0.03662109375,-0.32958984375,-0.06103515625,-0.30517578125,0.23193359375,-0.42724609375,-0.3173828125,-0.0244140625,0.2685546875,-0.08544921875,-0.2685546875,-0.9033203125,-0.15869140625,1.06201171875,0.10986328125,-0.20751953125,-0.048828125,-0.76904296875,-0.03662109375,-0.28076171875,-0.244140625,0.69580078125,0.06103515625,-0.84228515625,-0.0244140625,0.2197265625,0.1953125,-0.81787109375,0.10986328125,0.84228515625,0.439453125,0.2197265625,0.10986328125,-0.29296875,0.42724609375,-0.390625,-0.3173828125,-0.537109375,-0.09765625,-0.74462890625,-0.06103515625,-0.244140625,-0.79345703125,-0.50048828125,0.03662109375,-0.390625,-0.08544921875,0.69580078125,0,1.20849609375,0.40283203125,0.45166015625,0.01220703125,-0.2197265625,0.30517578125,0.72021484375,-0.23193359375,0.9521484375,-0.2685546875,0.76904296875,-0.1953125,0.9521484375,0.13427734375,0.537109375,0.23193359375,0.32958984375,0.4150390625,1.06201171875,-0.1220703125,0.15869140625,-0.0244140625,0.244140625,0.13427734375,0.25634765625,-0.06103515625,0.76904296875,-0.1708984375,0,0.09765625,1.35498046875,-0.01220703125,-0.98876953125,0.13427734375,-0.3173828125,-0.1953125,-0.9765625,0.146484375,-0.72021484375,0.25634765625,-1.5380859375,-0.08544921875,-0.2197265625,0.28076171875,-0.3173828125,0.03662109375,-1.171875,0.0244140625,-0.01220703125,0.0244140625,0.146484375,-0.01220703125,-0.3662109375,0.146484375,0.537109375,-0.048828125,-0.72021484375,-0.244140625,-1.47705078125,-0.03662109375,-1.025390625,-0.08544921875,0.4150390625,-0.23193359375,0.3662109375,0.03662109375,-0.03662109375,-0.0732421875,-0.048828125,-0.048828125,0.1220703125,-0.1220703125,-0.0244140625,0.0732421875,0.87890625,0.23193359375,-0.4638671875,-0.03662109375,-0.52490234375
0,-0.048828125,-0.35400390625,-0.0732421875,-0.29296875,0.244140625,-0.4150390625,-0.30517578125,-0.0244140625,0.32958984375,-0.09765625,-0.23193359375,-0.9033203125,-0.20751953125,1.0498046875,0.08544921875,-0.2197265625,-0.048828125,-0.74462890625,-0.0732421875,-0.30517578125,-0.2685546875,0.7080078125,-0.13427734375,-0.830078125,-0.01220703125,0.23193359375,0.18310546875,-0.81787109375,0.13427734375,0.84228515625,0.4638671875,0.244140625,0.1708984375,-0.35400390625,0.32958984375,-0.50048828125,-0.2685546875,-0.57373046875,-0.18310546875,-0.7568359375,-0.18310546875,-0.25634765625,-0.72021484375,-0.52490234375,0.03662109375,-0.439453125,-0.1953125,0.67138671875,0.0732421875,1.220703125,0.341796875,0.45166015625,0,-0.20751953125,0.3662109375,0.72021484375,-0.20751953125,1.3671875,-0.15869140625,0.9521484375,-0.15869140625,1.11083984375,0.146484375,0.830078125,0.2197265625,0.30517578125,0.42724609375,1.06201171875,-0.1220703125,0.1708984375,-0.06103515625,0.23193359375,0.1220703125,0.244140625,-0.1220703125,0.84228515625,-0.1708984375,-0.01220703125,0.08544921875,1.3671875,-0.01220703125,-1.0009765625,0.10986328125,-0.341796875,-0.28076171875,-0.9765625,0.1220703125,-0.7568359375,0.32958984375,-1.5380859375,-0.13427734375,-0.2197265625,0.42724609375,-0.30517578125,-0.03662109375,-1.15966796875,-0.03662109375,-0.18310546875,0.03662109375,0.01220703125,0.048828125,-0.5126953125,0.06103515625,0.23193359375,-0.0732421875,-0.7568359375,-0.09765625,-1.50146484375,-0.06103515625,-1.01318359375,-0.1708984375,0.40283203125,-0.2685546875,0.35400390625,0.048828125,-0.03662109375,-0.06103515625,-0.03662109375,-0.03662109375,0.10986328125,-0.13427734375,0.01220703125,0.06103515625,0.89111328125,0.25634765625,-0.439453125,-0.0732421875,-0.52490234375
0,-0.0244140625,-0.3662109375,-0.048828125,-0.30517578125,0.1953125,-0.40283203125,-0.28076171875,-0.0244140625,0.35400390625,-0.08544921875,-0.2197265625,-0.9033203125,-0.2197265625,1.07421875,0.09765625,-0.2197265625,-0.0732421875,-0.74462890625,-0.1220703125,-0.29296875,-0.28076171875,0.7080078125,-0.30517578125,-0.830078125,0.048828125,0.18310546875,0.15869140625,-0.830078125,0.1708984375,0.8544921875,0.37841796875,0.2197265625,0.1708984375,-0.439453125,0.15869140625,-0.5615234375,-0.20751953125,-0.57373046875,-0.18310546875,-0.76904296875,-0.28076171875,-0.25634765625,-0.6103515625,-0.54931640625,0.0244140625,-0.45166015625,-0.30517578125,0.6591796875,0.10986328125,1.1962890625,0.28076171875,0.439453125,0,-0.15869140625,0.40283203125,0.732421875,-0.3173828125,1.5380859375,-0.25634765625,1.0498046875,-0.2685546875,1.18408203125,0.03662109375,0.98876953125,0.1953125,0.30517578125,0.35400390625,1.06201171875,-0.10986328125,0.1953125,-0.09765625,0.2197265625,0.08544921875,0.25634765625,-0.15869140625,0.830078125,-0.13427734375,-0.01220703125,0.0732421875,1.37939453125,-0.03662109375,-0.98876953125,0.0732421875,-0.35400390625,-0.3173828125,-0.98876953125,0.03662109375,-0.74462890625,0.341796875,-1.5380859375,-0.146484375,-0.23193359375,0.48828125,-0.30517578125,-0.08544921875,-1.15966796875,-0.08544921875,-0.1708984375,0.06103515625,0.048828125,0.08544921875,-0.48828125,-0.06103515625,0.390625,-0.0732421875,-0.74462890625,-0.0244140625,-1.4892578125,-0.03662109375,-1.03759765625,-0.20751953125,0.40283203125,-0.25634765625,0.341796875,0.048828125,-0.0244140625,-0.08544921875,-0.03662109375,-0.03662109375,0.09765625,-0.13427734375,-0.01220703125,0.06103515625,0.86669921875,0.29296875,-0.439453125,-0.1220703125,-0.537109375
0,-0.01220703125,-0.37841796875,-0.03662109375,-0.341796875,0.13427734375,-0.4150390625,-0.244140625,-0.0244140625,0.35400390625,-0.08544921875,-0.20751953125,-0.91552734375,-0.2197265625,1.06201171875,0.08544921875,-0.244140625,-0.1220703125,-0.7568359375,-0.1220703125,-0.29296875,-0.3173828125,0.72021484375,-0.3662109375,-0.84228515625,0.03662109375,0.13427734375,0.1220703125,-0.8056640625,0.1708984375,0.86669921875,0.30517578125,0.20751953125,0.09765625,-0.439453125,0.1708984375,-0.54931640625,-0.13427734375,-0.5859375,-0.13427734375,-0.76904296875,-0.3173828125,-0.25634765625,-0.5126953125,-0.5859375,-0.10986328125,-0.42724609375,-0.3173828125,0.62255859375,0.0732421875,1.18408203125,0.25634765625,0.45166015625,-0.048828125,-0.1220703125,0.439453125,0.732421875,-0.30517578125,1.50146484375,-0.1953125,0.98876953125,-0.2685546875,1.15966796875,-0.01220703125,0.9765625,0.2197265625,0.25634765625,0.29296875,1.0498046875,-0.09765625,0.2197265625,-0.146484375,0.23193359375,0.048828125,0.23193359375,-0.1708984375,0.8544921875,-0.0732421875,-0.01220703125,0.01220703125,1.3671875,-0.0732421875,-0.96435546875,0.06103515625,-0.35400390625,-0.2685546875,-0.96435546875,-0.0732421875,-0.7568359375,0.32958984375,-1.513671875,-0.146484375,-0.2197265625,0.50048828125,-0.29296875,-0.10986328125,-1.13525390625,-0.146484375,0.03662109375,0,0.3173828125,0,-0.2685546875,-0.10986328125,1.0009765625,-0.048828125,-0.732421875,0.0732421875,-1.4892578125,-0.01220703125,-1.03759765625,-0.20751953125,0.4150390625,-0.29296875,0.341796875,0.06103515625,-0.0244140625,-0.06103515625,-0.03662109375,-0.03662109375,0.09765625,-0.146484375,-0.0244140625,0.03662109375,0.86669921875,0.2685546875,-0.45166015625,-0.18310546875,-0.54931640625
0,-0.01220703125,-0.40283203125,-0.03662109375,-0.32958984375,0.08544921875,-0.40283203125,-0.25634765625,-0.01220703125,0.35400390625,-0.09765625,-0.20751953125,-0.927734375,-0.244140625,1.08642578125,0.0732421875,-0.2685546875,-0.1708984375,-0.74462890625,-0.146484375,-0.29296875,-0.390625,0.69580078125,-0.35400390625,-0.86669921875,0,0.10986328125,0.09765625,-0.81787109375,0.13427734375,0.87890625,0.1953125,0.2197265625,0,-0.4150390625,0.1953125,-0.54931640625,-0.0732421875,-0.5615234375,-0.06103515625,-0.76904296875,-0.32958984375,-0.23193359375,-0.45166015625,-0.634765625,-0.20751953125,-0.4150390625,-0.2685546875,0.634765625,0.048828125,1.171875,0.28076171875,0.47607421875,-0.06103515625,-0.08544921875,0.47607421875,0.732421875,-0.146484375,1.2939453125,-0.13427734375,0.86669921875,-0.18310546875,1.0498046875,-0.03662109375,0.8544921875,0.20751953125,0.23193359375,0.2197265625,1.06201171875,-0.09765625,0.23193359375,-0.20751953125,0.2197265625,0.03662109375,0.23193359375,-0.15869140625,0.89111328125,0.0244140625,0,0.01220703125,1.35498046875,-0.06103515625,-0.96435546875,0.0244140625,-0.341796875,-0.20751953125,-0.9521484375,-0.18310546875,-0.76904296875,0.3173828125,-1.5380859375,-0.15869140625,-0.244140625,0.42724609375,-0.30517578125,-0.08544921875,-1.1474609375,-0.15869140625,0.50048828125,-0.01220703125,0.830078125,-0.03662109375,0.1220703125,0.01220703125,2.06298828125,-0.01220703125,-0.67138671875,0.10986328125,-1.46484375,0.01220703125,-1.0498046875,-0.1708984375,0.42724609375,-0.3173828125,0.32958984375,0.03662109375,-0.0244140625,-0.06103515625,-0.03662109375,-0.06103515625,0.09765625,-0.15869140625,-0.0244140625,0.0244140625,0.86669921875,0.3173828125,-0.45166015625,-0.1953125,-0.54931640625
0,-0.03662109375,-0.4150390625,-0.06103515625,-0.32958984375,0.0732421875,-0.40283203125,-0.23193359375,-0.01220703125,0.3662109375,-0.08544921875,-0.2197265625,-0.9033203125,-0.244140625,1.07421875,0.06103515625,-0.25634765625,-0.20751953125,-0.76904296875,-0.09765625,-0.28076171875,-0.4150390625,0.68359375,-0.25634765625,-0.89111328125,-0.08544921875,0.06103515625,0.06103515625,-0.8056640625,0.0732421875,0.87890625,0.048828125,0.2197265625,-0.15869140625,-0.3662109375,0.2197265625,-0.50048828125,-0.01220703125,-0.50048828125,0.0732421875,-0.76904296875,-0.3173828125,-0.23193359375,-0.439453125,-0.68359375,-0.29296875,-0.37841796875,-0.25634765625,0.6591796875,0.01220703125,1.15966796875,0.30517578125,0.4638671875,-0.0732421875,-0.0732421875,0.4150390625,0.732421875,-0.1708984375,0.96435546875,-0.2685546875,0.732421875,-0.23193359375,0.927734375,-0.1708984375,0.64697265625,0.146484375,0.1953125,0.1220703125,1.03759765625,-0.06103515625,0.244140625,-0.2685546875,0.244140625,0,0.23193359375,-0.1708984375,0.8544921875,0.09765625,0,-0.0244140625,1.3427734375,-0.09765625,-0.9521484375,0.01220703125,-0.35400390625,-0.0732421875,-0.9765625,-0.25634765625,-0.78125,0.25634765625,-1.52587890625,-0.15869140625,-0.25634765625,0.29296875,-0.3173828125,-0.06103515625,-1.1474609375,-0.13427734375,1.171875,0.0244140625,1.52587890625,-0.08544921875,0.732421875,0.03662109375,3.515625,0.03662109375,-0.62255859375,0.08544921875,-1.4404296875,0.0244140625,-1.0498046875,-0.1220703125,0.4150390625,-0.3173828125,0.32958984375,0.06103515625,-0.03662109375,-0.0732421875,-0.0244140625,-0.03662109375,0.09765625,-0.13427734375,-0.0244140625,0.01220703125,0.86669921875,0.3173828125,-0.4638671875,-0.18310546875,-0.52490234375
1,-0.048828125,-0.4150390625,-0.0244140625,-0.3173828125,0.06103515625,-0.4150390625,-0.25634765625,0.01220703125,0.35400390625,-0.09765625,-0.23193359375,-0.927734375,-0.2685546875,1.07421875,0.0244140625,-0.244140625,-0.1953125,-0.79345703125,-0.01220703125,-0.29296875,-0.439453125,0.69580078125,-0.10986328125,-0.91552734375,-0.20751953125,0.03662109375,0.0732421875,-0.830078125,-0.03662109375,0.86669921875,-0.048828125,0.20751953125,-0.32958984375,-0.30517578125,0.29296875,-0.45166015625,-0.01220703125,-0.4638671875,0.146484375,-0.7568359375,-0.244140625,-0.1953125,-0.4150390625,-0.72021484375,-0.3662109375,-0.3173828125,-0.20751953125,0.69580078125,0.01220703125,1.15966796875,0.30517578125,0.48828125,-0.09765625,-0.0732421875,0.37841796875,0.74462890625,-0.08544921875,0.67138671875,-0.244140625,0.59814453125,-0.20751953125,0.79345703125,-0.146484375,0.4638671875,0.09765625,0.1708984375,0.0244140625,1.06201171875,-0.08544921875,0.23193359375,-0.30517578125,0.2197265625,-0.0732421875,0.23193359375,-0.13427734375,0.8544921875,0.15869140625,0.01220703125,-0.0732421875,1.318359375,-0.13427734375,-0.91552734375,0,-0.341796875,0.03662109375,-0.9521484375,-0.30517578125,-0.78125,0.15869140625,-1.52587890625,-0.146484375,-0.25634765625,0.13427734375,-0.30517578125,-0.01220703125,-1.15966796875,-0.18310546875,2.03857421875,-0.06103515625,2.38037109375,-0.146484375,1.42822265625,-0.03662109375,5.23681640625,0.09765625,-0.50048828125,0.0244140625,-1.4404296875,-0.01220703125,-1.03759765625,-0.048828125,0.42724609375,-0.32958984375,0.341796875,0.048828125,-0.03662109375,-0.06103515625,0.01220703125,-0.048828125,0.1220703125,-0.10986328125,-0.03662109375,0,0.87890625,0.390625,-0.45166015625,-0.13427734375,-0.52490234375
1,-0.0732421875,-0.4150390625,-0.06103515625,-0.3173828125,0.0732421875,-0.40283203125,-0.244140625,0.03662109375,0.341796875,-0.08544921875,-0.2197265625,-0.89111328125,-0.2685546875,1.08642578125,0.0244140625,-0.23193359375,-0.23193359375,-0.78125,0.0732421875,-0.30517578125,-0.4150390625,0.67138671875,0.03662109375,-0.89111328125,-0.3173828125,0.01220703125,0.0244140625,-0.8056640625,-0.18310546875,0.89111328125,-0.146484375,0.2197265625,-0.35400390625,-0.23193359375,0.35400390625,-0.40283203125,-0.0244140625,-0.40283203125,0.2197265625,-0.76904296875,-0.09765625,-0.1708984375,-0.439453125,-0.732421875,-0.37841796875,-0.3173828125,-0.13427734375,0.7080078125,-0.01220703125,1.15966796875,0.3173828125,0.50048828125,-0.10986328125,-0.13427734375,0.32958984375,0.7568359375,-0.01220703125,0.45166015625,-0.25634765625,0.54931640625,-0.1708984375,0.74462890625,-0.13427734375,0.3662109375,0.03662109375,0.1708984375,-0.0732421875,1.03759765625,-0.10986328125,0.1953125,-0.3662109375,0.23193359375,-0.10986328125,0.244140625,-0.1220703125,0.84228515625,0.1708984375,0.01220703125,-0.06103515625,1.33056640625,-0.13427734375,-0.9033203125,0,-0.341796875,0.0732421875,-0.9521484375,-0.28076171875,-0.79345703125,0.0732421875,-1.50146484375,-0.15869140625,-0.28076171875,-0.0244140625,-0.3173828125,0.03662109375,-1.20849609375,-0.146484375,2.978515625,-0.08544921875,3.2958984375,-0.13427734375,2.18505859375,0.08544921875,7.01904296875,0.1708984375,-0.40283203125,-0.0732421875,-1.42822265625,-0.0244140625,-1.0498046875,0,0.4150390625,-0.30517578125,0.35400390625,0.0244140625,-0.048828125,-0.0732421875,0.0244140625,-0.06103515625,0.1220703125,-0.08544921875,-0.06103515625,0,0.89111328125,0.42724609375,-0.47607421875,-0.13427734375,-0.54931640625
1,-0.06103515625,-0.390625,-0.0732421875,-0.29296875,0.08544921875,-0.4150390625,-0.2197265625,0.03662109375,0.32958984375,-0.09765625,-0.20751953125,-0.9033203125,-0.29296875,1.07421875,0,-0.2197265625,-0.23193359375,-0.76904296875,0.13427734375,-0.30517578125,-0.32958984375,0.6591796875,0.13427734375,-0.9033203125,-0.390625,0.01220703125,-0.048828125,-0.79345703125,-0.29296875,0.89111328125,-0.15869140625,0.20751953125,-0.3662109375,-0.1953125,0.439453125,-0.3173828125,0,-0.37841796875,0.244140625,-0.7568359375,0.03662109375,-0.1708984375,-0.5126953125,-0.732421875,-0.3173828125,-0.30517578125,-0.06103515625,0.72021484375,-0.03662109375,1.18408203125,0.35400390625,0.47607421875,-0.15869140625,-0.1708984375,0.23193359375,0.7568359375,-0.03662109375,0.4150390625,-0.30517578125,0.5859375,-0.18310546875,0.79345703125,-0.0732421875,0.4150390625,0.01220703125,0.1953125,-0.18310546875,1.03759765625,-0.13427734375,0.1953125,-0.35400390625,0.2197265625,-0.15869140625,0.2685546875,-0.1220703125,0.79345703125,0.18310546875,0.0244140625,-0.08544921875,1.30615234375,-0.15869140625,-0.9033203125,0.01220703125,-0.3662109375,0.06103515625,-0.9765625,-0.15869140625,-0.830078125,0.01220703125,-1.513671875,-0.2197265625,-0.29296875,-0.09765625,-0.3173828125,0.03662109375,-1.18408203125,-0.1708984375,3.91845703125,-0.13427734375,4.18701171875,-0.13427734375,2.9296875,0.15869140625,8.72802734375,0.1953125,-0.2685546875,-0.1708984375,-1.4404296875,-0.06103515625,-1.06201171875,0.048828125,0.4150390625,-0.3173828125,0.3662109375,0.048828125,-0.048828125,-0.048828125,0.048828125,-0.03662109375,0.13427734375,-0.06103515625,-0.06103515625,0.0244140625,0.89111328125,0.4638671875,-0.45166015625,-0.08544921875,-0.54931640625
1,-0.0244140625,-0.3662109375,-0.048828125,-0.30517578125,0.1220703125,-0.390625,-0.2197265625,0.03662109375,0.3173828125,-0.06103515625,-0.20751953125,-0.89111328125,-0.29296875,1.0498046875,-0.0244140625,-0.2197265625,-0.2197265625,-0.78125,0.18310546875,-0.30517578125,-0.20751953125,0.67138671875,0.1953125,-0.91552734375,-0.42724609375,0.01220703125,-0.0732421875,-0.79345703125,-0.439453125,0.87890625,-0.06103515625,0.23193359375,-0.20751953125,-0.1708984375,0.4638671875,-0.20751953125,0,-0.35400390625,0.23193359375,-0.76904296875,0.1953125,-0.15869140625,-0.537109375,-0.69580078125,-0.244140625,-0.32958984375,-0.03662109375,0.7568359375,-0.048828125,1.1962890625,0.4150390625,0.47607421875,-0.28076171875,-0.23193359375,0.1953125,0.74462890625,0,0.62255859375,-0.20751953125,0.78125,-0.13427734375,0.9521484375,-0.048828125,0.6591796875,-0.0244140625,0.20751953125,-0.25634765625,1.03759765625,-0.13427734375,0.1708984375,-0.341796875,0.2197265625,-0.1953125,0.2685546875,-0.08544921875,0.830078125,0.20751953125,0,-0.0732421875,1.318359375,-0.146484375,-0.93994140625,0.0244140625,-0.35400390625,0.048828125,-0.9765625,0.01220703125,-0.81787109375,-0.03662109375,-1.52587890625,-0.25634765625,-0.29296875,-0.0732421875,-0.32958984375,0.01220703125,-1.1962890625,-0.20751953125,4.7607421875,-0.1708984375,4.94384765625,-0.13427734375,3.57666015625,0.25634765625,10.16845703125,0.18310546875,-0.1708984375,-0.2197265625,-1.45263671875,-0.048828125,-1.0498046875,0.08544921875,0.40283203125,-0.341796875,0.3662109375,0.06103515625,-0.06103515625,-0.06103515625,0.048828125,-0.03662109375,0.13427734375,0,-0.048828125,0.06103515625,0.9033203125,0.47607421875,-0.45166015625,-0.06103515625,-0.54931640625
1,-0.06103515625,-0.35400390625,-0.03662109375,-0.30517578125,0.1220703125,-0.4150390625,-0.20751953125,0.0244140625,0.29296875,-0.06103515625,-0.1953125,-0.8544921875,-0.29296875,1.0498046875,-0.0244140625,-0.2197265625,-0.1708984375,-0.78125,0.1708984375,-0.3173828125,-0.09765625,0.6591796875,0.18310546875,-0.87890625,-0.4150390625,0.01220703125,-0.146484375,-0.79345703125,-0.52490234375,0.89111328125,0.0244140625,0.2197265625,-0.01220703125,-0.1953125,0.4638671875,-0.08544921875,-0.01220703125,-0.37841796875,0.23193359375,-0.78125,0.29296875,-0.1708984375,-0.59814453125,-0.6591796875,-0.10986328125,-0.3662109375,-0.1220703125,0.72021484375,-0.048828125,1.23291015625,0.42724609375,0.47607421875,-0.42724609375,-0.29296875,0.20751953125,0.732421875,-0.01220703125,1.025390625,-0.15869140625,1.06201171875,-0.13427734375,1.18408203125,-0.03662109375,1.025390625,-0.06103515625,0.20751953125,-0.28076171875,1.025390625,-0.1708984375,0.13427734375,-0.29296875,0.1953125,-0.25634765625,0.25634765625,-0.06103515625,0.81787109375,0.1708984375,0,-0.0244140625,1.2939453125,-0.146484375,-0.96435546875,0.03662109375,-0.3662109375,0.03662109375,-0.9765625,0.1708984375,-0.830078125,0.01220703125,-1.52587890625,-0.30517578125,-0.29296875,0.03662109375,-0.3173828125,-0.0732421875,-1.20849609375,-0.18310546875,5.3955078125,-0.18310546875,5.4931640625,-0.1220703125,4.08935546875,0.3173828125,11.23046875,0.10986328125,-0.0732421875,-0.25634765625,-1.46484375,-0.01220703125,-1.03759765625,0.08544921875,0.40283203125,-0.32958984375,0.3662109375,0.0732421875,-0.0732421875,-0.06103515625,0.0244140625,-0.0244140625,0.1220703125,0.048828125,-0.03662109375,0.08544921875,0.9033203125,0.50048828125,-0.439453125,-0.048828125,-0.54931640625
1,-0.08544921875,-0.32958984375,-0.03662109375,-0.3173828125,0.08544921875,-0.40283203125,-0.15869140625,0,0.28076171875,-0.0732421875,-0.1953125,-0.8544921875,-0.29296875,1.03759765625,-0.0244140625,-0.1953125,-0.0732421875,-0.78125,0.1708984375,-0.341796875,0.0244140625,0.68359375,0.18310546875,-0.86669921875,-0.35400390625,0.0244140625,-0.20751953125,-0.8056640625,-0.5126953125,0.9033203125,0.146484375,0.20751953125,0.2197265625,-0.25634765625,0.4638671875,0.03662109375,-0.0244140625,-0.390625,0.1953125,-0.76904296875,0.30517578125,-0.1708984375,-0.5859375,-0.5859375,0.0244140625,-0.40283203125,-0.1220703125,0.732421875,-0.0244140625,1.25732421875,0.40283203125,0.4638671875,-0.54931640625,-0.29296875,0.20751953125,0.74462890625,-0.10986328125,1.57470703125,-0.10986328125,1.416015625,-0.0732421875,1.46484375,0,1.513671875,-0.10986328125,0.1953125,-0.341796875,1.025390625,-0.1708984375,0.1220703125,-0.25634765625,0.18310546875,-0.341796875,0.23193359375,-0.01220703125,0.830078125,0.13427734375,-0.01220703125,0.06103515625,1.2939453125,-0.08544921875,-1.0009765625,0.03662109375,-0.35400390625,0.03662109375,-0.96435546875,0.3173828125,-0.8056640625,0.0732421875,-1.5380859375,-0.29296875,-0.29296875,0.20751953125,-0.3173828125,-0.1708984375,-1.23291015625,-0.1220703125,5.7861328125,-0.1220703125,5.79833984375,-0.06103515625,4.38232421875,0.20751953125,11.81640625,0.03662109375,0,-0.25634765625,-1.46484375,0.03662109375,-1.025390625,0.0732421875,0.4150390625,-0.341796875,0.3662109375,0.09765625,-0.0732421875,-0.06103515625,0.0244140625,-0.03662109375,0.08544921875,0.06103515625,-0.0244140625,0.10986328125,0.89111328125,0.537109375,-0.45166015625,-0.03662109375,-0.537109375
1,-0.06103515625,-0.35400390625,-0.048828125,-0.3173828125,0.10986328125,-0.4150390625,-0.13427734375,0,0.25634765625,-0.06103515625,-0.1953125,-0.86669921875,-0.2685546875,1.025390625,-0.0244140625,-0.1953125,0,-0.7568359375,0.146484375,-0.30517578125,0.06103515625,0.72021484375,0.13427734375,-0.84228515625,-0.25634765625,0.01220703125,-0.2197265625,-0.79345703125,-0.45166015625,0.9033203125,0.2197265625,0.2197265625,0.42724609375,-0.244140625,0.47607421875,0.18310546875,-0.06103515625,-0.4150390625,0.15869140625,-0.7568359375,0.25634765625,-0.1953125,-0.5859375,-0.54931640625,0.13427734375,-0.390625,-0.13427734375,0.7080078125,-0.0244140625,1.220703125,0.3662109375,0.45166015625,-0.67138671875,-0.28076171875,0.25634765625,0.72021484375,-0.1953125,2.11181640625,-0.03662109375,1.74560546875,-0.048828125,1.7578125,0.048828125,2.001953125,-0.08544921875,0.2197265625,-0.35400390625,1.025390625,-0.18310546875,0.13427734375,-0.20751953125,0.18310546875,-0.3662109375,0.23193359375,0.01220703125,0.8544921875,0.1220703125,-0.01220703125,0.08544921875,1.28173828125,-0.03662109375,-1.025390625,0.048828125,-0.390625,0.0732421875,-0.9765625,0.37841796875,-0.8056640625,0.146484375,-1.513671875,-0.2685546875,-0.30517578125,0.3662109375,-0.3173828125,-0.28076171875,-1.220703125,-0.08544921875,5.89599609375,-0.1220703125,5.84716796875,-0.08544921875,4.443359375,0.03662109375,11.90185546875,-0.048828125,0.03662109375,-0.1953125,-1.47705078125,0.03662109375,-1.025390625,0.0244140625,0.390625,-0.35400390625,0.32958984375,0.08544921875,-0.03662109375,-0.03662109375,0.0244140625,-0.06103515625,0.06103515625,0.09765625,0.01220703125,0.1220703125,0.86669921875,0.59814453125,-0.439453125,-0.01220703125,-0.52490234375
1,-0.048828125,-0.35400390625,-0.06103515625,-0.32958984375,0.10986328125,-0.42724609375,-0.1220703125,-0.01220703125,0.28076171875,-0.06103515625,-0.1953125,-0.87890625,-0.28076171875,1.0498046875,-0.01220703125,-0.1953125,0.06103515625,-0.7568359375,0.0732421875,-0.29296875,0.09765625,0.7080078125,0.08544921875,-0.84228515625,-0.1220703125,-0.01220703125,-0.20751953125,-0.830078125,-0.3173828125,0.91552734375,0.25634765625,0.2197265625,0.54931640625,-0.3173828125,0.4150390625,0.29296875,-0.1708984375,-0.4638671875,0.10986328125,-0.76904296875,0.13427734375,-0.2197265625,-0.537109375,-0.537109375,0.20751953125,-0.40283203125,-0.1220703125,0.68359375,0.01220703125,1.220703125,0.37841796875,0.47607421875,-0.74462890625,-0.23193359375,0.2685546875,0.7080078125,-0.28076171875,2.6123046875,-0.01220703125,2.01416015625,-0.01220703125,2.001953125,0.1708984375,2.4169921875,-0.08544921875,0.2197265625,-0.3662109375,1.025390625,-0.20751953125,0.146484375,-0.1953125,0.18310546875,-0.390625,0.2197265625,0,0.8544921875,0.1220703125,-0.0244140625,0.1220703125,1.30615234375,-0.01220703125,-1.0009765625,0.03662109375,-0.3662109375,0.08544921875,-0.9765625,0.390625,-0.79345703125,0.18310546875,-1.52587890625,-0.1953125,-0.29296875,0.50048828125,-0.3173828125,-0.3173828125,-1.220703125,-0.06103515625,5.76171875,-0.09765625,5.6396484375,-0.1220703125,4.2724609375,-0.09765625,11.572265625,-0.146484375,0.048828125,-0.1220703125,-1.47705078125,-0.01220703125,-1.03759765625,-0.048828125,0.390625,-0.35400390625,0.341796875,0.08544921875,-0.01220703125,-0.06103515625,0.01220703125,-0.0732421875,0.08544921875,0.09765625,-0.01220703125,0.13427734375,0.89111328125,0.634765625,-0.45166015625,0.03662109375,-0.54931640625
1,-0.03662109375,-0.37841796875,-0.048828125,-0.30517578125,0.13427734375,-0.42724609375,-0.0732421875,-0.0244140625,0.2685546875,-0.08544921875,-0.15869140625,-0.87890625,-0.30517578125,1.01318359375,0,-0.20751953125,0.06103515625,-0.7568359375,0.0244140625,-0.30517578125,0.08544921875,0.72021484375,0.0244140625,-0.830078125,-0.0244140625,-0.0732421875,-0.1953125,-0.81787109375,-0.1220703125,0.91552734375,0.244140625,0.1953125,0.54931640625,-0.37841796875,0.37841796875,0.32958984375,-0.2197265625,-0.5126953125,0.01220703125,-0.74462890625,-0.0732421875,-0.244140625,-0.47607421875,-0.50048828125,0.2197265625,-0.439453125,-0.1220703125,0.68359375,0.01220703125,1.20849609375,0.3662109375,0.48828125,-0.76904296875,-0.20751953125,0.2197265625,0.74462890625,-0.37841796875,2.94189453125,0,2.20947265625,-0.01220703125,2.1728515625,0.28076171875,2.69775390625,-0.13427734375,0.20751953125,-0.3662109375,1.025390625,-0.15869140625,0.20751953125,-0.2197265625,0.1953125,-0.37841796875,0.23193359375,0,0.8544921875,0.13427734375,-0.048828125,0.15869140625,1.33056640625,0.01220703125,-1.0009765625,0.03662109375,-0.37841796875,0.10986328125,-0.9765625,0.3173828125,-0.78125,0.20751953125,-1.52587890625,-0.09765625,-0.2685546875,0.5615234375,-0.3173828125,-0.25634765625,-1.220703125,-0.06103515625,5.38330078125,-0.06103515625,5.224609375,-0.1953125,3.955078125,-0.15869140625,10.8642578125,-0.1953125,0.0244140625,-0.0732421875,-1.47705078125,-0.08544921875,-1.03759765625,-0.0732421875,0.390625,-0.3662109375,0.35400390625,0.0732421875,-0.01220703125,-0.048828125,0.01220703125,-0.0732421875,0.0732421875,0.08544921875,0,0.1220703125,0.8544921875,0.6591796875,-0.4638671875,0.048828125,-0.54931640625
1,-0.08544921875,-0.40283203125,-0.03662109375,-0.3173828125,0.13427734375,-0.439453125,-0.048828125,-0.03662109375,0.2685546875,-0.08544921875,-0.1708984375,-0.89111328125,-0.3173828125,1.025390625,-0.0244140625,-0.20751953125,0.0244140625,-0.76904296875,-0.01220703125,-0.28076171875,0,0.732421875,-0.0732421875,-0.830078125,0.03662109375,-0.1220703125,-0.09765625,-0.8056640625,0.03662109375,0.927734375,0.146484375,0.20751953125,0.45166015625,-0.37841796875,0.29296875,0.341796875,-0.28076171875,-0.52490234375,-0.06103515625,-0.7568359375,-0.23193359375,-0.23193359375,-0.5126953125,-0.52490234375,0.146484375,-0.4150390625,-0.1953125,0.7080078125,0.01220703125,1.18408203125,0.32958984375,0.50048828125,-0.79345703125,-0.1708984375,0.18310546875,0.732421875,-0.390625,3.0517578125,0.01220703125,2.2216796875,-0.03662109375,2.20947265625,0.390625,2.783203125,-0.146484375,0.1953125,-0.341796875,1.0498046875,-0.146484375,0.2197265625,-0.244140625,0.20751953125,-0.35400390625,0.2197265625,0.03662109375,0.9033203125,0.146484375,-0.03662109375,0.1220703125,1.3427734375,0.01220703125,-1.0009765625,0.03662109375,-0.3662109375,0.15869140625,-0.96435546875,0.15869140625,-0.76904296875,0.23193359375,-1.513671875,-0.0244140625,-0.25634765625,0.54931640625,-0.3173828125,-0.15869140625,-1.220703125,-0.0732421875,4.84619140625,-0.0732421875,4.67529296875,-0.2685546875,3.515625,-0.2197265625,9.92431640625,-0.1708984375,-0.048828125,-0.01220703125,-1.47705078125,-0.10986328125,-1.01318359375,-0.0732421875,0.390625,-0.35400390625,0.32958984375,0.048828125,0,-0.06103515625,0.03662109375,-0.048828125,0.0732421875,0.0732421875,-0.0244140625,0.10986328125,0.8544921875,0.6591796875,-0.45166015625,0.09765625,-0.52490234375
1,-0.0732421875,-0.42724609375,-0.0244140625,-0.3173828125,0.13427734375,-0.45166015625,-0.0244140625,-0.01220703125,0.29296875,-0.10986328125,-0.15869140625,-0.91552734375,-0.341796875,1.025390625,-0.03662109375,-0.2197265625,-0.03662109375,-0.76904296875,-0.048828125,-0.3173828125,-0.10986328125,0.732421875,-0.15869140625,-0.84228515625,0.08544921875,-0.1708984375,-0.0244140625,-0.8056640625,0.15869140625,0.9521484375,0.09765625,0.23193359375,0.2685546875,-0.37841796875,0.23193359375,0.30517578125,-0.341796875,-0.48828125,-0.09765625,-0.7568359375,-0.37841796875,-0.23193359375,-0.5615234375,-0.5615234375,0.06103515625,-0.390625,-0.15869140625,0.74462890625,0,1.18408203125,0.30517578125,0.48828125,-0.74462890625,-0.146484375,0.0732421875,0.74462890625,-0.35400390625,2.9052734375,-0.048828125,2.11181640625,0.03662109375,2.13623046875,0.48828125,2.67333984375,-0.146484375,0.18310546875,-0.29296875,1.025390625,-0.08544921875,0.25634765625,-0.30517578125,0.20751953125,-0.30517578125,0.2197265625,0.0732421875,0.89111328125,0.146484375,-0.0244140625,0.10986328125,1.35498046875,-0.01220703125,-0.98876953125,0,-0.37841796875,0.146484375,-0.9765625,0,-0.7568359375,0.20751953125,-1.4892578125,0.06103515625,-0.2197265625,0.4638671875,-0.3173828125,0.03662109375,-1.20849609375,-0.10986328125,4.26025390625,-0.09765625,4.052734375,-0.30517578125,3.0029296875,-0.23193359375,8.837890625,-0.10986328125,-0.1220703125,0.0244140625,-1.46484375,-0.08544921875,-1.03759765625,-0.0732421875,0.40283203125,-0.35400390625,0.3173828125,0.0732421875,-0.01220703125,-0.0732421875,0.0244140625,-0.03662109375,0.0732421875,0.03662109375,-0.01220703125,0.08544921875,0.8544921875,0.62255859375,-0.47607421875,0.1220703125,-0.52490234375
1,-0.06103515625,-0.42724609375,-0.01220703125,-0.32958984375,0.10986328125,-0.45166015625,0.0244140625,-0.0244140625,0.29296875,-0.10986328125,-0.18310546875,-0.91552734375,-0.32958984375,1.03759765625,-0.03662109375,-0.2197265625,-0.13427734375,-0.76904296875,-0.03662109375,-0.2685546875,-0.244140625,0.732421875,-0.2197265625,-0.89111328125,0.09765625,-0.2197265625,0.10986328125,-0.78125,0.2197265625,0.9521484375,0.08544921875,0.23193359375,0.0732421875,-0.35400390625,0.0732421875,0.1708984375,-0.30517578125,-0.45166015625,-0.1220703125,-0.74462890625,-0.439453125,-0.20751953125,-0.634765625,-0.59814453125,-0.048828125,-0.341796875,-0.23193359375,0.7568359375,0,1.15966796875,0.23193359375,0.4638671875,-0.69580078125,-0.1220703125,-0.048828125,0.732421875,-0.3173828125,2.57568359375,-0.1220703125,1.904296875,0.0732421875,1.98974609375,0.5126953125,2.44140625,-0.09765625,0.1708984375,-0.2685546875,1.025390625,-0.03662109375,0.28076171875,-0.32958984375,0.23193359375,-0.244140625,0.23193359375,0.0732421875,0.9033203125,0.146484375,-0.01220703125,0.0732421875,1.3671875,-0.03662109375,-0.96435546875,-0.01220703125,-0.35400390625,0.08544921875,-0.96435546875,-0.146484375,-0.7568359375,0.23193359375,-1.4892578125,0.08544921875,-0.23193359375,0.32958984375,-0.30517578125,0.18310546875,-1.171875,-0.13427734375,3.67431640625,-0.15869140625,3.466796875,-0.3173828125,2.50244140625,-0.25634765625,7.77587890625,0.01220703125,-0.2197265625,0.0244140625,-1.46484375,-0.048828125,-1.025390625,-0.0732421875,0.40283203125,-0.3662109375,0.32958984375,0.08544921875,-0.0244140625,-0.06103515625,0.03662109375,-0.048828125,0.0732421875,0.0244140625,0,0.0732421875,0.87890625,0.57373046875,-0.45166015625,0.15869140625,-0.50048828125
1,-0.08544921875,-0.4150390625,-0.0244140625,-0.32958984375,0.09765625,-0.439453125,0.01220703125,-0.01220703125,0.29296875,-0.09765625,-0.1953125,-0.91552734375,-0.341796875,1.06201171875,-0.0732421875,-0.2197265625,-0.1953125,-0.78125,-0.03662109375,-0.244140625,-0.32958984375,0.7080078125,-0.2685546875,-0.89111328125,0.03662109375,-0.2685546875,0.20751953125,-0.78125,0.1953125,0.927734375,0.13427734375,0.2197265625,-0.09765625,-0.341796875,-0.1220703125,-0.0244140625,-0.30517578125,-0.4150390625,-0.1220703125,-0.72021484375,-0.40283203125,-0.18310546875,-0.76904296875,-0.64697265625,-0.09765625,-0.341796875,-0.29296875,0.78125,0,1.13525390625,0.1953125,0.48828125,-0.634765625,-0.146484375,-0.1220703125,0.74462890625,-0.23193359375,2.1240234375,-0.15869140625,1.64794921875,0.146484375,1.79443359375,0.57373046875,2.099609375,-0.0732421875,0.15869140625,-0.20751953125,1.025390625,0,0.29296875,-0.35400390625,0.20751953125,-0.15869140625,0.244140625,0.08544921875,0.87890625,0.15869140625,0.0244140625,0.0732421875,1.3427734375,-0.09765625,-0.93994140625,-0.048828125,-0.3662109375,-0.01220703125,-0.9765625,-0.244140625,-0.76904296875,0.20751953125,-1.50146484375,0.08544921875,-0.244140625,0.23193359375,-0.25634765625,0.3173828125,-1.15966796875,-0.146484375,3.08837890625,-0.20751953125,2.94189453125,-0.23193359375,2.05078125,-0.28076171875,6.8115234375,0.13427734375,-0.30517578125,0.09765625,-1.4892578125,-0.0244140625,-1.0498046875,-0.09765625,0.40283203125,-0.3662109375,0.35400390625,0.09765625,-0.0244140625,-0.06103515625,0.03662109375,-0.03662109375,0.1220703125,-0.01220703125,-0.0244140625,0.03662109375,0.89111328125,0.537109375,-0.45166015625,0.1708984375,-0.50048828125
1,-0.08544921875,-0.390625,0,-0.3173828125,0.1220703125,-0.4150390625,0.048828125,0,0.30517578125,-0.08544921875,-0.1953125,-0.9033203125,-0.32958984375,1.06201171875,-0.10986328125,-0.1953125,-0.25634765625,-0.78125,0,-0.25634765625,-0.35400390625,0.7080078125,-0.28076171875,-0.91552734375,0,-0.28076171875,0.25634765625,-0.79345703125,0.146484375,0.91552734375,0.20751953125,0.244140625,-0.1953125,-0.30517578125,-0.37841796875,-0.2197265625,-0.23193359375,-0.37841796875,-0.13427734375,-0.732421875,-0.3173828125,-0.1708984375,-0.830078125,-0.69580078125,-0.08544921875,-0.341796875,-0.32958984375,0.76904296875,-0.0244140625,1.1474609375,0.10986328125,0.4638671875,-0.52490234375,-0.13427734375,-0.2197265625,0.74462890625,-0.146484375,1.69677734375,-0.25634765625,1.37939453125,0.13427734375,1.59912109375,0.5126953125,1.7333984375,-0.048828125,0.13427734375,-0.09765625,1.01318359375,0.0244140625,0.29296875,-0.32958984375,0.20751953125,-0.1220703125,0.2685546875,0.09765625,0.86669921875,0.146484375,0.03662109375,0.03662109375,1.33056640625,-0.18310546875,-0.927734375,-0.06103515625,-0.3662109375,-0.15869140625,-0.98876953125,-0.25634765625,-0.78125,0.13427734375,-1.513671875,0.048828125,-0.25634765625,0.13427734375,-0.2685546875,0.37841796875,-1.123046875,-0.146484375,2.64892578125,-0.25634765625,2.490234375,-0.13427734375,1.708984375,-0.29296875,5.99365234375,0.244140625,-0.40283203125,0.1220703125,-1.47705078125,-0.0244140625,-1.06201171875,-0.1220703125,0.4150390625,-0.37841796875,0.35400390625,0.0732421875,-0.048828125,-0.08544921875,0.01220703125,-0.0732421875,0.10986328125,-0.0244140625,-0.01220703125,0,0.89111328125,0.48828125,-0.45166015625,0.1953125,-0.48828125
0,-0.0732421875,-0.37841796875,0.0244140625,-0.3173828125,0.10986328125,-0.390625,0.0732421875,0.01220703125,0.341796875,-0.048828125,-0.18310546875,-0.89111328125,-0.35400390625,1.07421875,-0.13427734375,-0.20751953125,-0.29296875,-0.78125,0.0244140625,-0.2685546875,-0.35400390625,0.69580078125,-0.25634765625,-0.93994140625,-0.0244140625,-0.2685546875,0.244140625,-0.79345703125,0.03662109375,0.9033203125,0.2685546875,0.244140625,-0.23193359375,-0.25634765625,-0.72021484375,-0.439453125,-0.13427734375,-0.341796875,-0.08544921875,-0.7080078125,-0.20751953125,-0.13427734375,-0.8544921875,-0.72021484375,-0.08544921875,-0.32958984375,-0.4150390625,0.78125,-0.01220703125,1.18408203125,0.08544921875,0.4638671875,-0.47607421875,-0.1953125,-0.1953125,0.7568359375,-0.08544921875,1.3427734375,-0.341796875,1.1962890625,0.1220703125,1.45263671875,0.52490234375,1.42822265625,0.01220703125,0.13427734375,-0.048828125,1.03759765625,0.03662109375,0.25634765625,-0.30517578125,0.23193359375,-0.09765625,0.28076171875,0.09765625,0.8544921875,0.10986328125,0.048828125,-0.03662109375,1.33056640625,-0.244140625,-0.91552734375,-0.048828125,-0.3662109375,-0.29296875,-0.98876953125,-0.20751953125,-0.76904296875,0.08544921875,-1.52587890625,-0.03662109375,-0.244140625,0.13427734375,-0.25634765625,0.3173828125,-1.1474609375,-0.1220703125,2.2705078125,-0.2685546875,2.1728515625,-0.0244140625,1.42822265625,-0.25634765625,5.35888671875,0.30517578125,-0.45166015625,0.13427734375,-1.4892578125,0,-1.0498046875,-0.1953125,0.40283203125,-0.4150390625,0.3662109375,0.06103515625,-0.048828125,-0.0732421875,0.01220703125,-0.0732421875,0.1220703125,-0.03662109375,-0.0244140625,-0.0244140625,0.89111328125,0.42724609375,-0.47607421875,0.2197265625,-0.5126953125
0,-0.08544921875,-0.37841796875,0.048828125,-0.29296875,0.1220703125,-0.390625,0.1220703125,0,0.341796875,-0.048828125,-0.1708984375,-0.89111328125,-0.390625,1.06201171875,-0.13427734375,-0.1953125,-0.29296875,-0.78125,0.03662109375,-0.28076171875,-0.29296875,0.67138671875,-0.23193359375,-0.927734375,-0.0244140625,-0.25634765625,0.18310546875,-0.79345703125,-0.048828125,0.89111328125,0.28076171875,0.244140625,-0.18310546875,-0.244140625,-0.927734375,-0.634765625,-0.03662109375,-0.341796875,-0.048828125,-0.7080078125,-0.08544921875,-0.13427734375,-0.8544921875,-0.7568359375,-0.08544921875,-0.341796875,-0.439453125,0.78125,-0.03662109375,1.220703125,0.048828125,0.4638671875,-0.42724609375,-0.2197265625,-0.1708984375,0.732421875,-0.09765625,1.1474609375,-0.35400390625,1.0986328125,0.1953125,1.3427734375,0.537109375,1.25732421875,0.08544921875,0.13427734375,0.01220703125,1.01318359375,0.0244140625,0.23193359375,-0.25634765625,0.20751953125,-0.06103515625,0.28076171875,0.10986328125,0.830078125,0.10986328125,0.048828125,-0.08544921875,1.30615234375,-0.2685546875,-0.927734375,-0.0244140625,-0.3662109375,-0.37841796875,-0.96435546875,-0.13427734375,-0.78125,0.03662109375,-1.50146484375,-0.146484375,-0.244140625,0.146484375,-0.25634765625,0.18310546875,-1.1474609375,-0.10986328125,2.01416015625,-0.25634765625,1.953125,0.06103515625,1.220703125,-0.25634765625,4.87060546875,0.29296875,-0.47607421875,0.13427734375,-1.46484375,0.03662109375,-1.0498046875,-0.20751953125,0.42724609375,-0.4150390625,0.35400390625,0.08544921875,-0.048828125,-0.0732421875,0.01220703125,-0.06103515625,0.1220703125,-0.0732421875,-0.06103515625,-0.03662109375,0.87890625,0.4150390625,-0.4638671875,0.23193359375,-0.52490234375
0,-0.08544921875,-0.37841796875,0.048828125,-0.28076171875,0.0732421875,-0.37841796875,0.146484375,0.01220703125,0.32958984375,-0.048828125,-0.1220703125,-0.87890625,-0.4150390625,1.0498046875,-0.13427734375,-0.1953125,-0.2685546875,-0.79345703125,0.06103515625,-0.2685546875,-0.1953125,0.67138671875,-0.1708984375,-0.9033203125,-0.01220703125,-0.18310546875,0.06103515625,-0.81787109375,-0.13427734375,0.86669921875,0.1953125,0.244140625,-0.0244140625,-0.23193359375,-0.98876953125,-0.7568359375,0.06103515625,-0.35400390625,-0.01220703125,-0.74462890625,0.03662109375,-0.146484375,-0.7568359375,-0.732421875,-0.048828125,-0.35400390625,-0.439453125,0.76904296875,-0.0244140625,1.20849609375,-0.0244140625,0.4638671875,-0.3662109375,-0.23193359375,-0.146484375,0.7080078125,-0.08544921875,1.08642578125,-0.32958984375,1.0986328125,0.1953125,1.318359375,0.50048828125,1.1962890625,0.13427734375,0.13427734375,0.09765625,1.0498046875,0.0244140625,0.2197265625,-0.1953125,0.20751953125,-0.01220703125,0.30517578125,0.09765625,0.830078125,0.048828125,0.03662109375,-0.1220703125,1.318359375,-0.25634765625,-0.93994140625,0.0244140625,-0.390625,-0.42724609375,-0.9521484375,-0.01220703125,-0.76904296875,0.0244140625,-1.52587890625,-0.20751953125,-0.25634765625,0.1708984375,-0.2685546875,-0.01220703125,-1.1474609375,-0.10986328125,1.7822265625,-0.1953125,1.74560546875,0.10986328125,1.06201171875,-0.1953125,4.47998046875,0.2197265625,-0.47607421875,0.09765625,-1.47705078125,0.0732421875,-1.06201171875,-0.2197265625,0.42724609375,-0.4150390625,0.3662109375,0.0732421875,-0.06103515625,-0.0732421875,-0.0244140625,-0.06103515625,0.10986328125,-0.0732421875,-0.048828125,-0.03662109375,0.86669921875,0.4150390625,-0.47607421875,0.23193359375,-0.5126953125
0,-0.09765625,-0.3662109375,0.03662109375,-0.28076171875,0.0244140625,-0.3662109375,0.18310546875,0.0244140625,0.30517578125,-0.06103515625,-0.146484375,-0.86669921875,-0.439453125,1.03759765625,-0.13427734375,-0.18310546875,-0.2197265625,-0.79345703125,0.048828125,-0.30517578125,-0.048828125,0.69580078125,-0.146484375,-0.87890625,0.048828125,-0.146484375,-0.03662109375,-0.81787109375,-0.20751953125,0.8544921875,0.1220703125,0.23193359375,0.1220703125,-0.29296875,-0.91552734375,-0.79345703125,0.1220703125,-0.37841796875,0.0244140625,-0.7568359375,0.06103515625,-0.1708984375,-0.634765625,-0.69580078125,-0.048828125,-0.40283203125,-0.45166015625,0.72021484375,0,1.1962890625,-0.01220703125,0.47607421875,-0.3662109375,-0.244140625,-0.06103515625,0.72021484375,-0.25634765625,1.20849609375,-0.47607421875,1.15966796875,0.08544921875,1.3427734375,0.3662109375,1.26953125,0.146484375,0.15869140625,0.15869140625,1.03759765625,0.01220703125,0.1953125,-0.1708984375,0.2197265625,0.06103515625,0.29296875,0.08544921875,0.84228515625,0.03662109375,0.048828125,-0.146484375,1.3427734375,-0.23193359375,-0.9521484375,0.03662109375,-0.37841796875,-0.3662109375,-0.93994140625,0.0732421875,-0.78125,0,-1.52587890625,-0.23193359375,-0.2685546875,0.20751953125,-0.28076171875,-0.1708984375,-1.1474609375,-0.15869140625,1.5625,-0.09765625,1.5869140625,0.08544921875,0.87890625,-0.1708984375,4.1259765625,0.09765625,-0.4638671875,0.048828125,-1.4892578125,0.10986328125,-1.0498046875,-0.1953125,0.4150390625,-0.390625,0.35400390625,0.09765625,-0.048828125,-0.08544921875,-0.0244140625,-0.03662109375,0.10986328125,-0.1220703125,-0.048828125,0.01220703125,0.86669921875,0.390625,-0.45166015625,0.23193359375,-0.537109375
0,-0.09765625,-0.35400390625,0.048828125,-0.29296875,0,-0.3662109375,0.18310546875,-0.01220703125,0.29296875,-0.06103515625,-0.15869140625,-0.86669921875,-0.42724609375,1.03759765625,-0.15869140625,-0.1953125,-0.15869140625,-0.79345703125,0.06103515625,-0.30517578125,0.08544921875,0.69580078125,-0.10986328125,-0.86669921875,0.1220703125,-0.10986328125,-0.13427734375,-0.84228515625,-0.23193359375,0.86669921875,-0.01220703125,0.244140625,0.2197265625,-0.341796875,-0.8544921875,-0.74462890625,0.146484375,-0.42724609375,0.08544921875,-0.7568359375,0.03662109375,-0.18310546875,-0.5126953125,-0.6591796875,-0.0244140625,-0.40283203125,-0.390625,0.68359375,0.0244140625,1.18408203125,-0.048828125,0.48828125,-0.341796875,-0.23193359375,0.0244140625,0.72021484375,-0.28076171875,1.40380859375,-0.47607421875,1.25732421875,0.1220703125,1.40380859375,0.35400390625,1.3671875,0.15869140625,0.146484375,0.23193359375,1.06201171875,0,0.1953125,-0.1220703125,0.23193359375,0.08544921875,0.28076171875,0.0732421875,0.89111328125,0.03662109375,0.0244140625,-0.15869140625,1.3427734375,-0.1953125,-0.96435546875,0.048828125,-0.37841796875,-0.244140625,-0.9521484375,0.10986328125,-0.7568359375,-0.06103515625,-1.513671875,-0.23193359375,-0.28076171875,0.1953125,-0.29296875,-0.2685546875,-1.15966796875,-0.25634765625,1.25732421875,-0.03662109375,1.33056640625,0.01220703125,0.68359375,-0.18310546875,3.7109375,0,-0.42724609375,0.01220703125,-1.47705078125,0.09765625,-1.0498046875,-0.1953125,0.390625,-0.4150390625,0.341796875,0.09765625,-0.048828125,-0.0732421875,-0.01220703125,-0.03662109375,0.09765625,-0.146484375,-0.048828125,0.01220703125,0.81787109375,0.3662109375,-0.439453125,0.1953125,-0.54931640625
0,-0.08544921875,-0.390625,0.048828125,-0.3173828125,0,-0.390625,0.20751953125,-0.0244140625,0.23193359375,-0.09765625,-0.1220703125,-0.87890625,-0.439453125,1.025390625,-0.1708984375,-0.20751953125,-0.06103515625,-0.79345703125,0.1220703125,-0.30517578125,0.146484375,0.69580078125,-0.09765625,-0.8544921875,0.1708984375,-0.0732421875,-0.2197265625,-0.84228515625,-0.2197265625,0.87890625,-0.1220703125,0.2197265625,0.341796875,-0.390625,-0.72021484375,-0.62255859375,0.1220703125,-0.48828125,0.15869140625,-0.76904296875,-0.01220703125,-0.20751953125,-0.37841796875,-0.59814453125,-0.048828125,-0.42724609375,-0.2685546875,0.64697265625,0.0244140625,1.15966796875,-0.048828125,0.50048828125,-0.29296875,-0.1953125,0.08544921875,0.732421875,-0.25634765625,1.62353515625,-0.42724609375,1.3427734375,0.0732421875,1.42822265625,0.29296875,1.46484375,0.13427734375,0.1708984375,0.29296875,1.06201171875,-0.01220703125,0.20751953125,-0.10986328125,0.23193359375,0.146484375,0.2685546875,0.03662109375,0.89111328125,0.01220703125,0.03662109375,-0.18310546875,1.33056640625,-0.18310546875,-1.01318359375,0.0732421875,-0.390625,-0.09765625,-0.96435546875,0.08544921875,-0.78125,-0.1220703125,-1.52587890625,-0.1953125,-0.29296875,0.1220703125,-0.29296875,-0.28076171875,-1.171875,-0.20751953125,0.89111328125,0.0244140625,0.98876953125,-0.09765625,0.45166015625,-0.1708984375,3.1494140625,-0.03662109375,-0.37841796875,-0.0244140625,-1.46484375,0.048828125,-1.03759765625,-0.1953125,0.390625,-0.4150390625,0.32958984375,0.09765625,-0.03662109375,-0.0732421875,0,-0.03662109375,0.08544921875,-0.15869140625,-0.0244140625,0.03662109375,0.830078125,0.341796875,-0.47607421875,0.146484375,-0.54931640625
0,-0.09765625,-0.390625,0.03662109375,-0.35400390625,-0.03662109375,-0.40283203125,0.23193359375,-0.06103515625,0.23193359375,-0.10986328125,-0.10986328125,-0.86669921875,-0.4638671875,1.03759765625,-0.1953125,-0.25634765625,0.01220703125,-0.78125,0.1708984375,-0.30517578125,0.2197265625,0.72021484375,-0.0732421875,-0.84228515625,0.18310546875,-0.048828125,-0.244140625,-0.84228515625,-0.1220703125,0.87890625,-0.20751953125,0.20751953125,0.28076171875,-0.390625,-0.37841796875,-0.4638671875,0.08544921875,-0.5126953125,0.1953125,-0.74462890625,-0.03662109375,-0.23193359375,-0.35400390625,-0.57373046875,-0.03662109375,-0.439453125,-0.13427734375,0.6103515625,0.0244140625,1.1474609375,0.08544921875,0.47607421875,-0.29296875,-0.18310546875,0.1708984375,0.732421875,-0.40283203125,1.7822265625,-0.5615234375,1.37939453125,-0.09765625,1.4404296875,0.1953125,1.4892578125,0.13427734375,0.1708984375,0.29296875,1.0498046875,-0.03662109375,0.23193359375,-0.09765625,0.23193359375,0.18310546875,0.244140625,-0.01220703125,0.927734375,0,0.03662109375,-0.15869140625,1.35498046875,-0.1708984375,-0.98876953125,0.09765625,-0.35400390625,0.06103515625,-0.9521484375,0.03662109375,-0.78125,-0.1953125,-1.513671875,-0.15869140625,-0.29296875,0.048828125,-0.3173828125,-0.244140625,-1.171875,-0.15869140625,0.45166015625,0.1220703125,0.54931640625,-0.18310546875,0.08544921875,-0.10986328125,2.42919921875,-0.048828125,-0.35400390625,-0.09765625,-1.47705078125,-0.06103515625,-1.025390625,-0.1708984375,0.390625,-0.40283203125,0.3173828125,0.08544921875,-0.03662109375,-0.06103515625,-0.01220703125,-0.048828125,0.06103515625,-0.15869140625,-0.0244140625,0.03662109375,0.8544921875,0.3173828125,-0.4638671875,0.10986328125,-0.52490234375
0,-0.09765625,-0.40283203125,0.03662109375,-0.35400390625,0,-0.40283203125,0.2197265625,-0.0732421875,0.1953125,-0.09765625,-0.08544921875,-0.9033203125,-0.45166015625,1.025390625,-0.2197265625,-0.28076171875,0,-0.78125,0.20751953125,-0.30517578125,0.1953125,0.72021484375,-0.01220703125,-0.84228515625,0.1708984375,-0.06103515625,-0.244140625,-0.84228515625,-0.06103515625,0.87890625,-0.20751953125,0.2197265625,0.28076171875,-0.439453125,-0.06103515625,-0.32958984375,0.01220703125,-0.52490234375,0.2197265625,-0.7568359375,-0.03662109375,-0.244140625,-0.3662109375,-0.5615234375,-0.01220703125,-0.45166015625,-0.0244140625,0.59814453125,0,1.13525390625,0.10986328125,0.4638671875,-0.29296875,-0.146484375,0.23193359375,0.7080078125,-0.30517578125,1.806640625,-0.4150390625,1.35498046875,-0.09765625,1.3916015625,0.2685546875,1.4404296875,0.13427734375,0.18310546875,0.30517578125,1.025390625,-0.0244140625,0.25634765625,-0.08544921875,0.2197265625,0.1953125,0.2197265625,-0.09765625,0.93994140625,-0.01220703125,0.0244140625,-0.20751953125,1.3427734375,-0.13427734375,-1.025390625,0.1220703125,-0.35400390625,0.1708984375,-0.9765625,-0.01220703125,-0.76904296875,-0.2685546875,-1.513671875,-0.10986328125,-0.30517578125,-0.0732421875,-0.3173828125,-0.13427734375,-1.171875,-0.10986328125,-0.06103515625,0.15869140625,0.0244140625,-0.28076171875,-0.30517578125,-0.048828125,1.55029296875,-0.06103515625,-0.3173828125,-0.146484375,-1.47705078125,-0.146484375,-1.01318359375,-0.146484375,0.37841796875,-0.40283203125,0.30517578125,0.09765625,-0.03662109375,-0.0732421875,0.0244140625,-0.01220703125,0.06103515625,-0.13427734375,0,0.0244140625,0.8544921875,0.23193359375,-0.45166015625,0.1220703125,-0.5126953125
0,-0.09765625,-0.4150390625,0.048828125,-0.3662109375,-0.0244140625,-0.4150390625,0.23193359375,-0.0732421875,0.20751953125,-0.09765625,-0.06103515625,-0.927734375,-0.4638671875,1.025390625,-0.25634765625,-0.29296875,-0.03662109375,-0.76904296875,0.2685546875,-0.29296875,0.13427734375,0.7080078125,0.08544921875,-0.830078125,0.10986328125,-0.0732421875,-0.20751953125,-0.8056640625,-0.01220703125,0.89111328125,-0.146484375,0.2197265625,0.20751953125,-0.47607421875,0.30517578125,-0.1953125,-0.09765625,-0.537109375,0.23193359375,-0.74462890625,-0.01220703125,-0.23193359375,-0.45166015625,-0.54931640625,-0.01220703125,-0.42724609375,0.06103515625,0.6103515625,-0.0244140625,1.123046875,0.1953125,0.47607421875,-0.29296875,-0.146484375,0.244140625,0.72021484375,-0.30517578125,1.7333984375,-0.390625,1.28173828125,-0.2685546875,1.2939453125,0.30517578125,1.318359375,0.13427734375,0.1708984375,0.28076171875,1.03759765625,-0.0244140625,0.2685546875,-0.09765625,0.2197265625,0.1708984375,0.2197265625,-0.146484375,0.9521484375,0,0.03662109375,-0.20751953125,1.35498046875,-0.09765625,-1.0009765625,0.146484375,-0.35400390625,0.1953125,-0.9765625,-0.0244140625,-0.78125,-0.28076171875,-1.513671875,-0.06103515625,-0.30517578125,-0.18310546875,-0.32958984375,0,-1.171875,-0.01220703125,-0.68359375,0.18310546875,-0.537109375,-0.341796875,-0.7568359375,0,0.59814453125,-0.01220703125,-0.341796875,-0.20751953125,-1.4892578125,-0.18310546875,-1.0009765625,-0.08544921875,0.40283203125,-0.37841796875,0.341796875,0.08544921875,-0.0244140625,-0.0732421875,0.0244140625,0,0.0732421875,-0.10986328125,-0.01220703125,0.0244140625,0.89111328125,0.146484375,-0.439453125,0.1220703125,-0.5126953125
0,-0.1220703125,-0.4150390625,0.048828125,-0.35400390625,-0.0244140625,-0.42724609375,0.2197265625,-0.06103515625,0.1953125,-0.10986328125,-0.03662109375,-0.927734375,-0.42724609375,1.01318359375,-0.2685546875,-0.2685546875,-0.0732421875,-0.76904296875,0.29296875,-0.28076171875,0.048828125,0.72021484375,0.1708984375,-0.84228515625,0.048828125,-0.1220703125,-0.1220703125,-0.8056640625,0.0244140625,0.87890625,-0.03662109375,0.20751953125,0.15869140625,-0.439453125,0.5859375,-0.146484375,-0.146484375,-0.5126953125,0.23193359375,-0.74462890625,-0.01220703125,-0.2197265625,-0.50048828125,-0.57373046875,0.03662109375,-0.4150390625,0.03662109375,0.634765625,-0.06103515625,1.1474609375,0.1708984375,0.45166015625,-0.2685546875,-0.13427734375,0.29296875,0.72021484375,-0.30517578125,1.5625,-0.390625,1.15966796875,-0.28076171875,1.20849609375,0.2685546875,1.13525390625,0.15869140625,0.15869140625,0.28076171875,1.01318359375,-0.01220703125,0.29296875,-0.1220703125,0.1953125,0.13427734375,0.1953125,-0.1708984375,0.9521484375,0.048828125,0.048828125,-0.244140625,1.3671875,-0.03662109375,-0.9765625,0.15869140625,-0.35400390625,0.1708984375,-0.98876953125,-0.0244140625,-0.78125,-0.25634765625,-1.50146484375,-0.09765625,-0.30517578125,-0.2197265625,-0.3173828125,0.08544921875,-1.18408203125,0.06103515625,-1.25732421875,0.1953125,-1.123046875,-0.32958984375,-1.1962890625,-0.06103515625,-0.40283203125,0.03662109375,-0.37841796875,-0.23193359375,-1.46484375,-0.1708984375,-1.025390625,-0.09765625,0.390625,-0.37841796875,0.341796875,0.08544921875,-0.0244140625,-0.06103515625,0.03662109375,0.01220703125,0.0732421875,-0.08544921875,-0.03662109375,0.01220703125,0.91552734375,0.0732421875,-0.45166015625,0.10986328125,-0.50048828125
0,-0.13427734375,-0.4150390625,0.06103515625,-0.341796875,-0.048828125,-0.42724609375,0.25634765625,-0.03662109375,0.1708984375,-0.09765625,-0.01220703125,-0.91552734375,-0.439453125,1.0009765625,-0.30517578125,-0.244140625,-0.1220703125,-0.76904296875,0.2685546875,-0.2685546875,-0.03662109375,0.732421875,0.2685546875,-0.86669921875,0.01220703125,-0.15869140625,-0.03662109375,-0.79345703125,0.048828125,0.86669921875,0.13427734375,0.2197265625,0.18310546875,-0.390625,0.69580078125,-0.15869140625,-0.15869140625,-0.50048828125,0.2197265625,-0.74462890625,-0.03662109375,-0.20751953125,-0.62255859375,-0.62255859375,0.10986328125,-0.37841796875,0,0.6591796875,-0.0732421875,1.15966796875,0.2197265625,0.42724609375,-0.244140625,-0.15869140625,0.32958984375,0.72021484375,-0.32958984375,1.35498046875,-0.42724609375,1.03759765625,-0.35400390625,1.123046875,0.1708984375,0.9521484375,0.18310546875,0.15869140625,0.1953125,1.01318359375,-0.01220703125,0.32958984375,-0.15869140625,0.1953125,0.09765625,0.20751953125,-0.1953125,0.9765625,0.08544921875,0.048828125,-0.25634765625,1.33056640625,-0.01220703125,-0.9521484375,0.146484375,-0.3662109375,0.048828125,-1.025390625,0.01220703125,-0.79345703125,-0.2197265625,-1.52587890625,-0.08544921875,-0.30517578125,-0.1708984375,-0.3173828125,0.13427734375,-1.1962890625,0.10986328125,-1.74560546875,0.15869140625,-1.611328125,-0.29296875,-1.57470703125,-0.1220703125,-1.30615234375,0.06103515625,-0.42724609375,-0.23193359375,-1.4404296875,-0.1708984375,-1.01318359375,-0.146484375,0.3662109375,-0.341796875,0.35400390625,0.09765625,-0.01220703125,-0.0732421875,0.03662109375,0.0244140625,0.10986328125,-0.06103515625,-0.0244140625,-0.03662109375,0.91552734375,0.0244140625,-0.45166015625,0.09765625,-0.47607421875
0,-0.13427734375,-0.40283203125,0.048828125,-0.32958984375,-0.0732421875,-0.40283203125,0.28076171875,-0.03662109375,0.15869140625,-0.0732421875,0,-0.89111328125,-0.4150390625,1.0009765625,-0.341796875,-0.23193359375,-0.15869140625,-0.79345703125,0.244140625,-0.2685546875,-0.0732421875,0.72021484375,0.25634765625,-0.89111328125,-0.0244140625,-0.1953125,0.048828125,-0.8056640625,0.01220703125,0.8544921875,0.35400390625,0.2197265625,0.244140625,-0.30517578125,0.6591796875,-0.20751953125,-0.1708984375,-0.45166015625,0.10986328125,-0.7568359375,-0.08544921875,-0.20751953125,-0.72021484375,-0.67138671875,0.1953125,-0.341796875,-0.10986328125,0.69580078125,-0.08544921875,1.1962890625,0.2685546875,0.439453125,-0.20751953125,-0.20751953125,0.4150390625,0.732421875,-0.29296875,1.1962890625,-0.29296875,0.98876953125,-0.341796875,1.13525390625,0.20751953125,0.830078125,0.146484375,0.1708984375,0.13427734375,1.025390625,0,0.29296875,-0.20751953125,0.1953125,0.048828125,0.20751953125,-0.20751953125,0.9521484375,0.1220703125,0.06103515625,-0.30517578125,1.33056640625,0.0244140625,-0.9521484375,0.13427734375,-0.341796875,-0.10986328125,-1.0009765625,0.0732421875,-0.8056640625,-0.1220703125,-1.52587890625,-0.08544921875,-0.3173828125,-0.048828125,-0.3173828125,0.09765625,-1.20849609375,0.1220703125,-2.08740234375,0.1708984375,-1.96533203125,-0.1953125,-1.84326171875,-0.244140625,-1.96533203125,0.06103515625,-0.5126953125,-0.20751953125,-1.45263671875,-0.1220703125,-1.025390625,-0.20751953125,0.37841796875,-0.32958984375,0.35400390625,0.08544921875,-0.01220703125,-0.0732421875,0.01220703125,0.03662109375,0.09765625,-0.06103515625,-0.03662109375,-0.08544921875,0.89111328125,0,-0.4638671875,0.09765625,-0.48828125
0,-0.13427734375,-0.37841796875,0.06103515625,-0.3173828125,-0.06103515625,-0.390625,0.2685546875,-0.01220703125,0.146484375,-0.08544921875,-0.0244140625,-0.9033203125,-0.3662109375,1.0009765625,-0.3662109375,-0.2197265625,-0.20751953125,-0.76904296875,0.1708984375,-0.2685546875,-0.0732421875,0.7080078125,0.1708984375,-0.9033203125,-0.01220703125,-0.1953125,0.06103515625,-0.78125,0.03662109375,0.84228515625,0.47607421875,0.2197265625,0.32958984375,-0.28076171875,0.5859375,-0.32958984375,-0.146484375,-0.42724609375,0.048828125,-0.74462890625,-0.15869140625,-0.1953125,-0.69580078125,-0.7080078125,0.25634765625,-0.3173828125,-0.1708984375,0.72021484375,-0.10986328125,1.20849609375,0.25634765625,0.439453125,-0.18310546875,-0.20751953125,0.48828125,0.732421875,-0.146484375,1.15966796875,-0.23193359375,0.98876953125,-0.37841796875,1.1962890625,0.08544921875,0.84228515625,0.09765625,0.1708984375,0.03662109375,1.01318359375,-0.01220703125,0.29296875,-0.244140625,0.1953125,-0.0244140625,0.244140625,-0.23193359375,0.93994140625,0.20751953125,0.06103515625,-0.341796875,1.33056640625,0.048828125,-0.9521484375,0.09765625,-0.32958984375,-0.2197265625,-1.0009765625,0.146484375,-0.79345703125,-0.08544921875,-1.50146484375,-0.09765625,-0.30517578125,0.10986328125,-0.30517578125,0.03662109375,-1.20849609375,0.03662109375,-2.24609375,0.146484375,-2.1484375,-0.1220703125,-1.9775390625,-0.29296875,-2.34375,0.048828125,-0.59814453125,-0.09765625,-1.46484375,-0.13427734375,-1.0498046875,-0.28076171875,0.3662109375,-0.3173828125,0.35400390625,0.06103515625,-0.01220703125,-0.0732421875,0.01220703125,0.03662109375,0.10986328125,-0.06103515625,-0.048828125,-0.15869140625,0.87890625,0,-0.4638671875,0.03662109375,-0.5126953125
1,-0.1220703125,-0.35400390625,0.048828125,-0.29296875,-0.09765625,-0.3662109375,0.28076171875,-0.01220703125,0.146484375,-0.0732421875,0,-0.89111328125,-0.45166015625,1.025390625,-0.37841796875,-0.2197265625,-0.244140625,-0.79345703125,0.09765625,-0.28076171875,-0.08544921875,0.7080078125,0.01220703125,-0.9033203125,0.0244140625,-0.2197265625,0.0732421875,-0.79345703125,0.048828125,0.81787109375,0.57373046875,0.2197265625,0.4150390625,-0.244140625,0.439453125,-0.4638671875,-0.1220703125,-0.4150390625,0.0244140625,-0.7568359375,-0.2197265625,-0.18310546875,-0.64697265625,-0.72021484375,0.25634765625,-0.28076171875,-0.20751953125,0.7080078125,-0.15869140625,1.20849609375,0.25634765625,0.439453125,-0.15869140625,-0.2197265625,0.537109375,0.74462890625,-0.13427734375,1.23291015625,-0.13427734375,1.0986328125,-0.390625,1.35498046875,0.0244140625,0.98876953125,0.048828125,0.1953125,-0.0244140625,1.03759765625,-0.048828125,0.25634765625,-0.244140625,0.18310546875,-0.1220703125,0.244140625,-0.244140625,0.91552734375,0.2197265625,0.048828125,-0.40283203125,1.33056640625,0.06103515625,-0.96435546875,0.06103515625,-0.341796875,-0.341796875,-1.0009765625,0.1220703125,-0.76904296875,-0.0244140625,-1.50146484375,-0.1220703125,-0.28076171875,0.244140625,-0.30517578125,-0.048828125,-1.220703125,0,-2.2216796875,0.146484375,-2.11181640625,-0.03662109375,-1.96533203125,-0.28076171875,-2.4169921875,0.06103515625,-0.68359375,0.03662109375,-1.47705078125,-0.1220703125,-1.0498046875,-0.341796875,0.390625,-0.30517578125,0.35400390625,0.048828125,-0.01220703125,-0.0732421875,0.01220703125,0.03662109375,0.10986328125,-0.0732421875,-0.06103515625,-0.1708984375,0.830078125,0.0244140625,-0.439453125,0,-0.52490234375
1,-0.1220703125,-0.3662109375,0.06103515625,-0.29296875,-0.13427734375,-0.37841796875,0.29296875,0,0.13427734375,-0.08544921875,0.01220703125,-0.89111328125,-0.439453125,1.03759765625,-0.37841796875,-0.20751953125,-0.28076171875,-0.79345703125,0.03662109375,-0.28076171875,-0.09765625,0.7080078125,-0.1953125,-0.9033203125,0.048828125,-0.1953125,0.048828125,-0.81787109375,0.08544921875,0.830078125,0.5859375,0.23193359375,0.390625,-0.20751953125,0.30517578125,-0.57373046875,-0.1220703125,-0.390625,0.0244140625,-0.7568359375,-0.3173828125,-0.2197265625,-0.537109375,-0.7080078125,0.244140625,-0.29296875,-0.2685546875,0.69580078125,-0.18310546875,1.20849609375,0.25634765625,0.4638671875,-0.15869140625,-0.2197265625,0.5615234375,0.732421875,-0.09765625,1.42822265625,-0.1220703125,1.25732421875,-0.45166015625,1.5625,0.0244140625,1.23291015625,0.03662109375,0.20751953125,-0.09765625,1.0498046875,-0.0732421875,0.23193359375,-0.2685546875,0.2197265625,-0.18310546875,0.28076171875,-0.23193359375,0.89111328125,0.25634765625,0.01220703125,-0.4150390625,1.3427734375,0.03662109375,-0.98876953125,0.0244140625,-0.341796875,-0.37841796875,-1.0009765625,0.0732421875,-0.79345703125,0,-1.50146484375,-0.1220703125,-0.25634765625,0.29296875,-0.3173828125,-0.13427734375,-1.18408203125,-0.0732421875,-2.001953125,0.09765625,-1.89208984375,-0.03662109375,-1.79443359375,-0.390625,-2.1484375,0.06103515625,-0.78125,0.1220703125,-1.46484375,-0.10986328125,-1.03759765625,-0.37841796875,0.37841796875,-0.29296875,0.3662109375,0.03662109375,0,-0.06103515625,-0.01220703125,0.0244140625,0.1220703125,-0.08544921875,-0.06103515625,-0.1708984375,0.8056640625,0.08544921875,-0.4638671875,-0.06103515625,-0.5126953125
1,-0.146484375,-0.341796875,0.03662109375,-0.29296875,-0.15869140625,-0.3662109375,0.32958984375,-0.0244140625,0.10986328125,-0.08544921875,0.01220703125,-0.89111328125,-0.45166015625,1.0498046875,-0.40283203125,-0.1953125,-0.32958984375,-0.8056640625,-0.01220703125,-0.29296875,-0.1220703125,0.7080078125,-0.341796875,-0.9033203125,0.0732421875,-0.1708984375,0.0244140625,-0.830078125,0.1220703125,0.830078125,0.45166015625,0.244140625,0.30517578125,-0.2197265625,0.1220703125,-0.6103515625,-0.10986328125,-0.35400390625,0.0732421875,-0.74462890625,-0.37841796875,-0.20751953125,-0.3662109375,-0.7080078125,0.10986328125,-0.3173828125,-0.25634765625,0.68359375,-0.20751953125,1.171875,0.244140625,0.48828125,-0.1708984375,-0.2197265625,0.52490234375,0.74462890625,0.0244140625,1.69677734375,-0.06103515625,1.42822265625,-0.37841796875,1.7822265625,-0.01220703125,1.5625,0.01220703125,0.2197265625,-0.18310546875,1.06201171875,-0.09765625,0.18310546875,-0.25634765625,0.23193359375,-0.2197265625,0.29296875,-0.20751953125,0.9033203125,0.25634765625,0,-0.390625,1.318359375,0.03662109375,-1.0009765625,0,-0.341796875,-0.29296875,-1.01318359375,-0.0244140625,-0.76904296875,-0.01220703125,-1.513671875,-0.10986328125,-0.2685546875,0.29296875,-0.30517578125,-0.146484375,-1.18408203125,-0.048828125,-1.64794921875,0.10986328125,-1.52587890625,0.01220703125,-1.5380859375,-0.32958984375,-1.611328125,0.048828125,-0.84228515625,0.18310546875,-1.47705078125,-0.09765625,-1.06201171875,-0.390625,0.390625,-0.30517578125,0.35400390625,0.0244140625,0,-0.0732421875,-0.01220703125,0.03662109375,0.10986328125,-0.08544921875,-0.0732421875,-0.1953125,0.8056640625,0.1220703125,-0.4638671875,-0.0732421875,-0.537109375
1,-0.15869140625,-0.35400390625,0.06103515625,-0.30517578125,-0.2197265625,-0.37841796875,0.341796875,-0.01220703125,0.1220703125,-0.08544921875,0.01220703125,-0.9033203125,-0.439453125,1.0498046875,-0.42724609375,-0.2197265625,-0.35400390625,-0.79345703125,-0.03662109375,-0.3173828125,-0.146484375,0.74462890625,-0.42724609375,-0.89111328125,0.0732421875,-0.13427734375,0,-0.8056640625,0.13427734375,0.86669921875,0.35400390625,0.244140625,0.146484375,-0.244140625,-0.10986328125,-0.59814453125,-0.10986328125,-0.37841796875,0.1220703125,-0.7568359375,-0.37841796875,-0.2197265625,-0.32958984375,-0.68359375,-0.06103515625,-0.35400390625,-0.2197265625,0.64697265625,-0.23193359375,1.15966796875,0.1708984375,0.50048828125,-0.18310546875,-0.20751953125,0.5126953125,0.732421875,-0.06103515625,1.98974609375,-0.0244140625,1.611328125,-0.32958984375,1.953125,0.06103515625,1.86767578125,-0.048828125,0.2197265625,-0.244140625,1.07421875,-0.1220703125,0.18310546875,-0.2197265625,0.23193359375,-0.28076171875,0.2685546875,-0.1708984375,0.89111328125,0.25634765625,-0.01220703125,-0.35400390625,1.33056640625,0.0244140625,-1.0009765625,-0.0244140625,-0.341796875,-0.20751953125,-1.0009765625,-0.1708984375,-0.78125,-0.0244140625,-1.513671875,-0.10986328125,-0.23193359375,0.1953125,-0.32958984375,-0.1220703125,-1.171875,-0.13427734375,-1.23291015625,0.01220703125,-1.13525390625,-0.0732421875,-1.220703125,-0.32958984375,-0.96435546875,0.10986328125,-0.8544921875,0.1708984375,-1.46484375,-0.03662109375,-1.03759765625,-0.341796875,0.390625,-0.28076171875,0.35400390625,0,-0.01220703125,-0.0732421875,-0.0244140625,0.03662109375,0.09765625,-0.08544921875,-0.0732421875,-0.18310546875,0.79345703125,0.15869140625,-0.4638671875,-0.0732421875,-0.537109375
1,-0.146484375,-0.390625,0.06103515625,-0.30517578125,-0.244140625,-0.390625,0.341796875,-0.03662109375,0.10986328125,-0.08544921875,-0.01220703125,-0.9033203125,-0.4150390625,1.06201171875,-0.4638671875,-0.2197265625,-0.390625,-0.830078125,-0.048828125,-0.32958984375,-0.18310546875,0.732421875,-0.40283203125,-0.86669921875,0.08544921875,-0.10986328125,-0.01220703125,-0.84228515625,0.09765625,0.89111328125,0.18310546875,0.23193359375,-0.01220703125,-0.28076171875,-0.37841796875,-0.537109375,-0.1220703125,-0.40283203125,0.1953125,-0.7568359375,-0.37841796875,-0.20751953125,-0.2685546875,-0.64697265625,-0.2197265625,-0.37841796875,-0.2197265625,0.64697265625,-0.2197265625,1.1474609375,0.10986328125,0.50048828125,-0.13427734375,-0.1953125,0.42724609375,0.732421875,-0.048828125,2.18505859375,-0.03662109375,1.708984375,-0.32958984375,2.06298828125,0.08544921875,2.08740234375,-0.09765625,0.2197265625,-0.29296875,1.07421875,-0.15869140625,0.18310546875,-0.1708984375,0.2197265625,-0.3173828125,0.244140625,-0.10986328125,0.86669921875,0.244140625,-0.0244140625,-0.28076171875,1.35498046875,0.03662109375,-1.0009765625,-0.01220703125,-0.341796875,-0.08544921875,-1.0009765625,-0.25634765625,-0.79345703125,-0.06103515625,-1.52587890625,-0.08544921875,-0.23193359375,0.048828125,-0.3173828125,-0.06103515625,-1.15966796875,-0.146484375,-0.81787109375,-0.06103515625,-0.72021484375,-0.146484375,-0.91552734375,-0.29296875,-0.29296875,0.13427734375,-0.830078125,0.146484375,-1.47705078125,-0.0732421875,-1.025390625,-0.28076171875,0.390625,-0.25634765625,0.35400390625,-0.01220703125,0,-0.06103515625,-0.01220703125,-0.01220703125,0.0732421875,-0.09765625,-0.0244140625,-0.20751953125,0.81787109375,0.1708984375,-0.4638671875,-0.0244140625,-0.52490234375
1,-0.1220703125,-0.42724609375,0.048828125,-0.29296875,-0.25634765625,-0.390625,0.341796875,-0.0244140625,0.09765625,-0.08544921875,0.01220703125,-0.9033203125,-0.4150390625,1.06201171875,-0.47607421875,-0.1953125,-0.3662109375,-0.79345703125,-0.01220703125,-0.32958984375,-0.20751953125,0.732421875,-0.29296875,-0.8544921875,0.0244140625,-0.08544921875,-0.03662109375,-0.84228515625,0.06103515625,0.9033203125,-0.01220703125,0.2197265625,-0.15869140625,-0.25634765625,-0.537109375,-0.45166015625,-0.1220703125,-0.42724609375,0.25634765625,-0.7568359375,-0.3173828125,-0.20751953125,-0.2197265625,-0.62255859375,-0.341796875,-0.37841796875,-0.09765625,0.634765625,-0.20751953125,1.123046875,0.06103515625,0.48828125,-0.1708984375,-0.18310546875,0.40283203125,0.74462890625,-0.0732421875,2.294921875,-0.03662109375,1.708984375,-0.29296875,2.06298828125,0.0244140625,2.16064453125,-0.10986328125,0.20751953125,-0.3173828125,1.08642578125,-0.15869140625,0.18310546875,-0.1220703125,0.20751953125,-0.37841796875,0.23193359375,-0.048828125,0.91552734375,0.25634765625,-0.0244140625,-0.20751953125,1.35498046875,0.01220703125,-0.9765625,-0.01220703125,-0.341796875,0.01220703125,-1.0009765625,-0.29296875,-0.79345703125,-0.09765625,-1.52587890625,-0.10986328125,-0.2685546875,-0.08544921875,-0.32958984375,0.0244140625,-1.171875,-0.08544921875,-0.50048828125,0,-0.3662109375,-0.0732421875,-0.64697265625,-0.1220703125,0.28076171875,0.18310546875,-0.7568359375,0.08544921875,-1.45263671875,-0.13427734375,-1.01318359375,-0.23193359375,0.40283203125,-0.25634765625,0.341796875,-0.0244140625,0.01220703125,-0.08544921875,0,0,0.08544921875,-0.06103515625,-0.0244140625,-0.1953125,0.84228515625,0.18310546875,-0.47607421875,0.01220703125,-0.5126953125
1,-0.10986328125,-0.42724609375,0.03662109375,-0.30517578125,-0.25634765625,-0.40283203125,0.35400390625,-0.0244140625,0.06103515625,-0.09765625,0,-0.87890625,-0.40283203125,1.07421875,-0.47607421875,-0.20751953125,-0.30517578125,-0.78125,0.06103515625,-0.32958984375,-0.2197265625,0.732421875,-0.146484375,-0.8544921875,-0.08544921875,-0.08544921875,-0.06103515625,-0.84228515625,-0.048828125,0.9033203125,-0.146484375,0.2197265625,-0.25634765625,-0.30517578125,-0.74462890625,-0.341796875,-0.10986328125,-0.45166015625,0.30517578125,-0.76904296875,-0.18310546875,-0.23193359375,-0.2685546875,-0.59814453125,-0.3662109375,-0.40283203125,0.048828125,0.62255859375,-0.15869140625,1.123046875,0.048828125,0.50048828125,-0.20751953125,-0.1708984375,0.341796875,0.74462890625,0.03662109375,2.25830078125,-0.03662109375,1.5869140625,-0.23193359375,1.9287109375,0.08544921875,2.0751953125,-0.1220703125,0.18310546875,-0.341796875,1.06201171875,-0.1953125,0.20751953125,-0.10986328125,0.2197265625,-0.390625,0.2197265625,-0.03662109375,0.91552734375,0.25634765625,-0.0244140625,-0.13427734375,1.35498046875,-0.01220703125,-0.9765625,0,-0.3662109375,0.048828125,-0.98876953125,-0.29296875,-0.78125,-0.1953125,-1.52587890625,-0.146484375,-0.23193359375,-0.23193359375,-0.30517578125,0.03662109375,-1.1474609375,-0.146484375,-0.30517578125,-0.0732421875,-0.1708984375,-0.10986328125,-0.50048828125,-0.09765625,0.6103515625,0.2197265625,-0.6591796875,0,-1.42822265625,-0.18310546875,-1.01318359375,-0.13427734375,0.40283203125,-0.23193359375,0.32958984375,0,0,-0.0732421875,0,-0.01220703125,0.06103515625,-0.048828125,-0.01220703125,-0.1953125,0.8544921875,0.1953125,-0.45166015625,0.0244140625,-0.5126953125
1,-0.146484375,-0.439453125,0.0732421875,-0.32958984375,-0.244140625,-0.4150390625,0.32958984375,-0.01220703125,0.03662109375,-0.1220703125,0.01220703125,-0.9033203125,-0.390625,1.0986328125,-0.47607421875,-0.23193359375,-0.28076171875,-0.76904296875,0.1220703125,-0.341796875,-0.18310546875,0.72021484375,0,-0.8544921875,-0.1953125,-0.08544921875,-0.0732421875,-0.81787109375,-0.18310546875,0.927734375,-0.29296875,0.1953125,-0.23193359375,-0.35400390625,-0.93994140625,-0.23193359375,-0.1220703125,-0.48828125,0.341796875,-0.76904296875,-0.03662109375,-0.20751953125,-0.28076171875,-0.57373046875,-0.3662109375,-0.390625,0.0732421875,0.6591796875,-0.08544921875,1.1474609375,0,0.4638671875,-0.244140625,-0.1708984375,0.2197265625,0.74462890625,0.03662109375,2.16064453125,0,1.4404296875,-0.18310546875,1.72119140625,0.10986328125,1.86767578125,-0.1708984375,0.15869140625,-0.3662109375,1.06201171875,-0.18310546875,0.23193359375,-0.10986328125,0.1953125,-0.390625,0.18310546875,-0.0244140625,0.9521484375,0.2685546875,-0.0244140625,-0.06103515625,1.35498046875,-0.03662109375,-0.96435546875,-0.0244140625,-0.3662109375,0.048828125,-1.01318359375,-0.18310546875,-0.79345703125,-0.244140625,-1.55029296875,-0.18310546875,-0.2197265625,-0.2685546875,-0.30517578125,0.01220703125,-1.13525390625,-0.1708984375,-0.23193359375,-0.146484375,-0.08544921875,-0.15869140625,-0.45166015625,-0.1220703125,0.7080078125,0.1953125,-0.5615234375,-0.06103515625,-1.416015625,-0.20751953125,-1.025390625,-0.09765625,0.4150390625,-0.2197265625,0.341796875,-0.01220703125,-0.01220703125,-0.0732421875,0,0,0.0732421875,-0.01220703125,0,-0.1953125,0.87890625,0.20751953125,-0.4638671875,0.0244140625,-0.48828125
1,-0.15869140625,-0.40283203125,0.08544921875,-0.341796875,-0.2197265625,-0.42724609375,0.341796875,-0.0244140625,0.03662109375,-0.10986328125,0.0244140625,-0.9033203125,-0.390625,1.13525390625,-0.47607421875,-0.2197265625,-0.28076171875,-0.7568359375,0.1953125,-0.32958984375,-0.13427734375,0.732421875,0.08544921875,-0.86669921875,-0.3173828125,-0.1220703125,-0.13427734375,-0.81787109375,-0.3173828125,0.91552734375,-0.28076171875,0.1953125,-0.18310546875,-0.35400390625,-1.0498046875,-0.1953125,-0.13427734375,-0.50048828125,0.30517578125,-0.78125,0.0732421875,-0.1953125,-0.30517578125,-0.5615234375,-0.30517578125,-0.390625,0.08544921875,0.6591796875,-0.048828125,1.171875,-0.0244140625,0.45166015625,-0.32958984375,-0.1953125,0.1953125,0.732421875,0.01220703125,2.0263671875,-0.0244140625,1.26953125,-0.10986328125,1.50146484375,0.08544921875,1.611328125,-0.20751953125,0.146484375,-0.3662109375,1.0498046875,-0.13427734375,0.244140625,-0.13427734375,0.1953125,-0.37841796875,0.18310546875,-0.01220703125,0.9765625,0.244140625,-0.01220703125,-0.03662109375,1.3427734375,-0.0244140625,-0.96435546875,-0.03662109375,-0.3662109375,0.0244140625,-1.025390625,-0.06103515625,-0.81787109375,-0.2685546875,-1.5625,-0.244140625,-0.244140625,-0.25634765625,-0.28076171875,-0.0244140625,-1.13525390625,-0.1220703125,-0.25634765625,-0.08544921875,-0.1220703125,-0.09765625,-0.48828125,0.01220703125,0.59814453125,0.146484375,-0.439453125,-0.09765625,-1.42822265625,-0.1953125,-1.03759765625,-0.048828125,0.40283203125,-0.1953125,0.341796875,0.01220703125,-0.01220703125,-0.0732421875,0,0,0.08544921875,0.0244140625,0.01220703125,-0.1953125,0.87890625,0.25634765625,-0.45166015625,0.06103515625,-0.48828125
1,-0.1708984375,-0.4150390625,0.09765625,-0.341796875,-0.20751953125,-0.42724609375,0.3173828125,-0.03662109375,0.01220703125,-0.09765625,0.03662109375,-0.91552734375,-0.37841796875,1.18408203125,-0.47607421875,-0.25634765625,-0.244140625,-0.76904296875,0.20751953125,-0.3173828125,0,0.74462890625,0.1220703125,-0.87890625,-0.3662109375,-0.13427734375,-0.20751953125,-0.8056640625,-0.42724609375,0.9033203125,-0.1953125,0.20751953125,0.10986328125,-0.3662109375,-1.123046875,-0.2197265625,-0.1220703125,-0.5126953125,0.2685546875,-0.78125,0.18310546875,-0.1953125,-0.32958984375,-0.57373046875,-0.18310546875,-0.3662109375,0.048828125,0.69580078125,0.01220703125,1.1962890625,-0.08544921875,0.4638671875,-0.3662109375,-0.2197265625,0.13427734375,0.732421875,0,2.03857421875,-0.0244140625,1.171875,0.01220703125,1.35498046875,0.18310546875,1.42822265625,-0.23193359375,0.146484375,-0.35400390625,1.025390625,-0.09765625,0.25634765625,-0.15869140625,0.18310546875,-0.32958984375,0.1708984375,0,0.9521484375,0.2197265625,-0.0244140625,-0.03662109375,1.35498046875,-0.01220703125,-0.96435546875,-0.03662109375,-0.37841796875,-0.0244140625,-1.025390625,0.10986328125,-0.830078125,-0.244140625,-1.5625,-0.244140625,-0.28076171875,-0.15869140625,-0.2685546875,-0.08544921875,-1.123046875,-0.1708984375,-0.35400390625,-0.13427734375,-0.2197265625,-0.15869140625,-0.54931640625,-0.0732421875,0.341796875,0.048828125,-0.32958984375,-0.09765625,-1.4404296875,-0.15869140625,-1.03759765625,-0.06103515625,0.37841796875,-0.18310546875,0.32958984375,0.03662109375,-0.01220703125,-0.08544921875,-0.01220703125,0.01220703125,0.08544921875,0.03662109375,0,-0.18310546875,0.89111328125,0.23193359375,-0.47607421875,0.06103515625,-0.47607421875
1,-0.18310546875,-0.40283203125,0.0732421875,-0.32958984375,-0.1953125,-0.4150390625,0.35400390625,-0.0244140625,-0.0244140625,-0.09765625,0.03662109375,-0.927734375,-0.35400390625,1.25732421875,-0.48828125,-0.244140625,-0.1953125,-0.76904296875,0.20751953125,-0.29296875,0.10986328125,0.732421875,0.146484375,-0.89111328125,-0.390625,-0.18310546875,-0.23193359375,-0.81787109375,-0.50048828125,0.9033203125,-0.08544921875,0.1953125,0.341796875,-0.35400390625,-1.06201171875,-0.3173828125,-0.146484375,-0.48828125,0.18310546875,-0.74462890625,0.23193359375,-0.1953125,-0.341796875,-0.6103515625,-0.0732421875,-0.35400390625,0.048828125,0.72021484375,0.03662109375,1.220703125,-0.08544921875,0.4638671875,-0.4150390625,-0.2197265625,0.06103515625,0.732421875,-0.048828125,2.28271484375,-0.09765625,1.23291015625,0.01220703125,1.35498046875,0.13427734375,1.416015625,-0.23193359375,0.146484375,-0.32958984375,0.98876953125,-0.0244140625,0.244140625,-0.1953125,0.1708984375,-0.29296875,0.20751953125,0.01220703125,0.96435546875,0.1953125,-0.01220703125,0,1.318359375,0.0244140625,-0.96435546875,-0.0244140625,-0.390625,-0.0244140625,-1.03759765625,0.2197265625,-0.81787109375,-0.2197265625,-1.5625,-0.244140625,-0.29296875,0,-0.25634765625,-0.1953125,-1.13525390625,-0.13427734375,-0.4638671875,-0.09765625,-0.3173828125,-0.146484375,-0.62255859375,-0.1220703125,0.03662109375,-0.03662109375,-0.1953125,-0.0732421875,-1.45263671875,-0.146484375,-1.06201171875,-0.08544921875,0.4150390625,-0.15869140625,0.35400390625,0.048828125,-0.01220703125,-0.0732421875,-0.0244140625,0.01220703125,0.10986328125,0.048828125,0.01220703125,-0.15869140625,0.86669921875,0.25634765625,-0.4638671875,0.06103515625,-0.47607421875
1,-0.146484375,-0.3662109375,0.0732421875,-0.3173828125,-0.1953125,-0.390625,0.341796875,-0.03662109375,-0.03662109375,-0.08544921875,0.03662109375,-0.91552734375,-0.341796875,1.318359375,-0.47607421875,-0.23193359375,-0.13427734375,-0.78125,0.18310546875,-0.30517578125,0.1953125,0.7568359375,0.1220703125,-0.9033203125,-0.341796875,-0.1953125,-0.2685546875,-0.79345703125,-0.47607421875,0.86669921875,0.09765625,0.1953125,0.5859375,-0.29296875,-0.98876953125,-0.4638671875,-0.20751953125,-0.4638671875,0.1220703125,-0.7568359375,0.1953125,-0.1708984375,-0.30517578125,-0.634765625,0.048828125,-0.3173828125,0.06103515625,0.732421875,0.06103515625,1.220703125,-0.08544921875,0.45166015625,-0.45166015625,-0.2197265625,-0.03662109375,0.74462890625,-0.0244140625,2.8564453125,-0.08544921875,1.47705078125,-0.0244140625,1.5380859375,0.2197265625,1.66015625,-0.2197265625,0.146484375,-0.3173828125,1.0009765625,0.03662109375,0.2197265625,-0.25634765625,0.1708984375,-0.20751953125,0.2197265625,0.03662109375,0.93994140625,0.1708984375,0,0.01220703125,1.33056640625,0.08544921875,-0.96435546875,-0.048828125,-0.390625,-0.01220703125,-1.01318359375,0.2685546875,-0.81787109375,-0.18310546875,-1.5625,-0.18310546875,-0.3173828125,0.15869140625,-0.25634765625,-0.2685546875,-1.13525390625,-0.048828125,-0.5126953125,-0.0244140625,-0.390625,-0.09765625,-0.67138671875,-0.10986328125,-0.23193359375,-0.09765625,-0.09765625,-0.01220703125,-1.46484375,-0.18310546875,-1.06201171875,-0.1708984375,0.37841796875,-0.15869140625,0.35400390625,0.0732421875,-0.0244140625,-0.08544921875,-0.01220703125,-0.01220703125,0.13427734375,0.0244140625,-0.0244140625,-0.13427734375,0.86669921875,0.23193359375,-0.4638671875,0.06103515625,-0.5126953125
1,-0.1220703125,-0.35400390625,0.0732421875,-0.30517578125,-0.1708984375,-0.40283203125,0.341796875,-0.01220703125,-0.048828125,-0.09765625,0.03662109375,-0.9033203125,-0.3662109375,1.416015625,-0.47607421875,-0.20751953125,-0.09765625,-0.79345703125,0.15869140625,-0.30517578125,0.2197265625,0.76904296875,0.0732421875,-0.89111328125,-0.25634765625,-0.1953125,-0.28076171875,-0.8056640625,-0.390625,0.84228515625,0.23193359375,0.20751953125,0.76904296875,-0.28076171875,-0.9033203125,-0.634765625,-0.25634765625,-0.439453125,0.03662109375,-0.7568359375,0.13427734375,-0.146484375,-0.23193359375,-0.64697265625,0.10986328125,-0.3173828125,0.0732421875,0.76904296875,0.0244140625,1.20849609375,-0.0244140625,0.47607421875,-0.47607421875,-0.23193359375,-0.10986328125,0.7568359375,-0.10986328125,3.80859375,-0.08544921875,1.94091796875,-0.03662109375,1.96533203125,0.28076171875,2.20947265625,-0.1708984375,0.1708984375,-0.2685546875,1.01318359375,0.0732421875,0.1953125,-0.25634765625,0.15869140625,-0.13427734375,0.23193359375,0.03662109375,0.9033203125,0.1708984375,0,-0.01220703125,1.30615234375,0.13427734375,-0.98876953125,-0.048828125,-0.390625,0,-1.0009765625,0.28076171875,-0.830078125,-0.15869140625,-1.57470703125,-0.08544921875,-0.32958984375,0.244140625,-0.28076171875,-0.28076171875,-1.1474609375,-0.08544921875,-0.4638671875,-0.0732421875,-0.35400390625,-0.1953125,-0.62255859375,-0.1953125,-0.3662109375,-0.18310546875,-0.01220703125,0.06103515625,-1.4892578125,-0.20751953125,-1.08642578125,-0.244140625,0.40283203125,-0.13427734375,0.3662109375,0.08544921875,-0.0244140625,-0.08544921875,-0.03662109375,-0.01220703125,0.146484375,0.0244140625,-0.048828125,-0.146484375,0.81787109375,0.20751953125,-0.4638671875,0.0732421875,-0.537109375
1,-0.1220703125,-0.35400390625,0.08544921875,-0.28076171875,-0.18310546875,-0.40283203125,0.35400390625,-0.0244140625,-0.06103515625,-0.10986328125,0.0732421875,-0.89111328125,-0.35400390625,1.47705078125,-0.47607421875,-0.18310546875,-0.09765625,-0.78125,0.10986328125,-0.3173828125,0.2197265625,0.79345703125,-0.01220703125,-0.87890625,-0.146484375,-0.1953125,-0.25634765625,-0.8056640625,-0.244140625,0.8544921875,0.244140625,0.23193359375,0.830078125,-0.23193359375,-0.732421875,-0.79345703125,-0.35400390625,-0.37841796875,0.0244140625,-0.74462890625,-0.0244140625,-0.1708984375,-0.1708984375,-0.6591796875,0.09765625,-0.30517578125,0.08544921875,0.7568359375,-0.03662109375,1.1962890625,-0.01220703125,0.48828125,-0.48828125,-0.23193359375,-0.2197265625,0.74462890625,-0.0244140625,5.09033203125,-0.08544921875,2.60009765625,-0.048828125,2.60009765625,0.3662109375,3.0517578125,-0.1220703125,0.1708984375,-0.18310546875,0.98876953125,0.10986328125,0.18310546875,-0.23193359375,0.1708984375,-0.0732421875,0.25634765625,0.03662109375,0.91552734375,0.1708984375,-0.01220703125,-0.048828125,1.2939453125,0.18310546875,-1.01318359375,-0.03662109375,-0.390625,0.03662109375,-1.01318359375,0.20751953125,-0.8056640625,-0.15869140625,-1.59912109375,-0.01220703125,-0.32958984375,0.28076171875,-0.28076171875,-0.244140625,-1.171875,-0.048828125,-0.30517578125,-0.09765625,-0.23193359375,-0.2685546875,-0.52490234375,-0.23193359375,-0.28076171875,-0.1708984375,0.048828125,0.10986328125,-1.50146484375,-0.244140625,-1.08642578125,-0.25634765625,0.40283203125,-0.09765625,0.3662109375,0.0732421875,-0.03662109375,-0.0732421875,-0.048828125,-0.0244140625,0.146484375,0.01220703125,-0.06103515625,-0.13427734375,0.79345703125,0.15869140625,-0.47607421875,0.03662109375,-0.54931640625
0,-0.10986328125,-0.341796875,0.08544921875,-0.29296875,-0.1953125,-0.37841796875,0.3662109375,-0.03662109375,-0.06103515625,-0.09765625,0.0732421875,-0.9033203125,-0.32958984375,1.5380859375,-0.47607421875,-0.1953125,-0.15869140625,-0.78125,0.06103515625,-0.3173828125,0.1708984375,0.78125,-0.08544921875,-0.86669921875,-0.09765625,-0.18310546875,-0.20751953125,-0.79345703125,-0.03662109375,0.87890625,0.23193359375,0.23193359375,0.76904296875,-0.2197265625,-0.439453125,-0.9033203125,-0.4150390625,-0.35400390625,-0.0244140625,-0.72021484375,-0.18310546875,-0.18310546875,-0.06103515625,-0.64697265625,0.048828125,-0.3173828125,0.13427734375,0.7568359375,-0.1220703125,1.15966796875,-0.01220703125,0.50048828125,-0.47607421875,-0.20751953125,-0.25634765625,0.7568359375,-0.0732421875,6.67724609375,-0.03662109375,3.40576171875,-0.048828125,3.3935546875,0.42724609375,4.13818359375,-0.03662109375,0.2197265625,-0.13427734375,1.025390625,0.08544921875,0.1708984375,-0.1953125,0.1708984375,-0.03662109375,0.29296875,0.048828125,0.8544921875,0.15869140625,0.01220703125,-0.09765625,1.318359375,0.1953125,-1.03759765625,-0.06103515625,-0.390625,0.0732421875,-1.01318359375,0.03662109375,-0.81787109375,-0.13427734375,-1.5625,0.08544921875,-0.32958984375,0.23193359375,-0.30517578125,-0.13427734375,-1.18408203125,-0.03662109375,-0.0732421875,-0.1220703125,0.01220703125,-0.30517578125,-0.341796875,-0.2685546875,-0.0244140625,-0.1220703125,0.09765625,0.15869140625,-1.50146484375,-0.23193359375,-1.07421875,-0.25634765625,0.4150390625,-0.06103515625,0.35400390625,0.09765625,-0.0244140625,-0.0732421875,-0.0732421875,-0.06103515625,0.13427734375,-0.03662109375,-0.048828125,-0.13427734375,0.79345703125,0.1708984375,-0.47607421875,0,-0.5615234375
0,-0.08544921875,-0.35400390625,0.08544921875,-0.28076171875,-0.1953125,-0.40283203125,0.390625,-0.048828125,-0.06103515625,-0.09765625,0.09765625,-0.89111328125,-0.32958984375,1.55029296875,-0.47607421875,-0.20751953125,-0.23193359375,-0.78125,0.048828125,-0.3173828125,0.10986328125,0.7568359375,-0.15869140625,-0.84228515625,-0.0732421875,-0.146484375,-0.13427734375,-0.79345703125,0.09765625,0.89111328125,0.146484375,0.2197265625,0.634765625,-0.2685546875,-0.18310546875,-0.93994140625,-0.48828125,-0.37841796875,-0.03662109375,-0.732421875,-0.32958984375,-0.20751953125,-0.08544921875,-0.64697265625,-0.048828125,-0.35400390625,0.1708984375,0.732421875,-0.18310546875,1.15966796875,-0.0244140625,0.52490234375,-0.42724609375,-0.2197265625,-0.2685546875,0.732421875,0,8.3984375,-0.09765625,4.2724609375,-0.1220703125,4.2724609375,0.40283203125,5.322265625,0.03662109375,0.2197265625,-0.06103515625,1.025390625,0.10986328125,0.1708984375,-0.146484375,0.1708984375,0,0.30517578125,0.0244140625,0.830078125,0.1220703125,0,-0.09765625,1.318359375,0.146484375,-1.03759765625,-0.048828125,-0.390625,0.08544921875,-1.025390625,-0.146484375,-0.79345703125,-0.13427734375,-1.5625,0.15869140625,-0.3173828125,0.09765625,-0.3173828125,0,-1.1962890625,-0.048828125,0.1953125,-0.1708984375,0.3173828125,-0.341796875,-0.13427734375,-0.2685546875,0.341796875,-0.0244140625,0.1220703125,0.1953125,-1.4892578125,-0.20751953125,-1.06201171875,-0.23193359375,0.4150390625,-0.048828125,0.341796875,0.08544921875,-0.03662109375,-0.0732421875,-0.08544921875,-0.0244140625,0.1220703125,-0.048828125,-0.0244140625,-0.13427734375,0.78125,0.06103515625,-0.50048828125,-0.0244140625,-0.5615234375
0,-0.08544921875,-0.3662109375,0.0732421875,-0.29296875,-0.244140625,-0.40283203125,0.40283203125,-0.048828125,-0.08544921875,-0.09765625,0.10986328125,-0.89111328125,-0.25634765625,1.5380859375,-0.47607421875,-0.1953125,-0.29296875,-0.78125,0.0244140625,-0.3173828125,0,0.76904296875,-0.2197265625,-0.81787109375,0,-0.1220703125,-0.03662109375,-0.81787109375,0.18310546875,0.91552734375,0.0732421875,0.244140625,0.45166015625,-0.2685546875,-0.0244140625,-0.87890625,-0.5126953125,-0.3662109375,-0.09765625,-0.732421875,-0.42724609375,-0.2197265625,-0.10986328125,-0.62255859375,-0.1953125,-0.3662109375,0.1953125,0.72021484375,-0.23193359375,1.15966796875,-0.01220703125,0.48828125,-0.341796875,-0.2197265625,-0.29296875,0.732421875,0.10986328125,10.107421875,-0.048828125,5.126953125,-0.146484375,5.13916015625,0.439453125,6.50634765625,0.06103515625,0.23193359375,0.01220703125,1.06201171875,0.10986328125,0.15869140625,-0.09765625,0.1708984375,0.01220703125,0.28076171875,0.0244140625,0.84228515625,0.09765625,0.01220703125,-0.10986328125,1.33056640625,0.09765625,-1.06201171875,-0.06103515625,-0.40283203125,0.0244140625,-1.0009765625,-0.3173828125,-0.8056640625,-0.1220703125,-1.57470703125,0.23193359375,-0.30517578125,-0.0244140625,-0.35400390625,0.13427734375,-1.20849609375,-0.06103515625,0.439453125,-0.1953125,0.62255859375,-0.29296875,0.0732421875,-0.244140625,0.74462890625,0.08544921875,0.10986328125,0.23193359375,-1.47705078125,-0.1708984375,-1.06201171875,-0.244140625,0.40283203125,-0.0244140625,0.35400390625,0.09765625,-0.03662109375,-0.0732421875,-0.09765625,-0.01220703125,0.09765625,-0.08544921875,-0.0244140625,-0.146484375,0.79345703125,-0.0732421875,-0.52490234375,-0.0244140625,-0.537109375
0,-0.0732421875,-0.40283203125,0.08544921875,-0.32958984375,-0.28076171875,-0.390625,0.390625,-0.0732421875,-0.09765625,-0.09765625,0.10986328125,-0.89111328125,-0.2685546875,1.47705078125,-0.48828125,-0.2197265625,-0.341796875,-0.7568359375,0,-0.341796875,-0.10986328125,0.76904296875,-0.28076171875,-0.81787109375,0.0244140625,-0.09765625,0.0732421875,-0.79345703125,0.244140625,0.93994140625,0.048828125,0.244140625,0.1953125,-0.2685546875,0.0732421875,-0.74462890625,-0.47607421875,-0.3662109375,-0.09765625,-0.7568359375,-0.390625,-0.2197265625,-0.18310546875,-0.62255859375,-0.29296875,-0.3662109375,0.15869140625,0.72021484375,-0.244140625,1.18408203125,0,0.48828125,-0.25634765625,-0.244140625,-0.23193359375,0.732421875,0.146484375,11.6455078125,-0.01220703125,5.8349609375,-0.146484375,5.89599609375,0.4638671875,7.5439453125,0.08544921875,0.244140625,0.09765625,1.06201171875,0.09765625,0.1708984375,-0.048828125,0.1953125,0.0732421875,0.29296875,0,0.81787109375,0.10986328125,-0.01220703125,-0.146484375,1.3427734375,0.0244140625,-1.025390625,-0.048828125,-0.390625,-0.09765625,-1.0009765625,-0.4150390625,-0.8056640625,-0.13427734375,-1.55029296875,0.25634765625,-0.30517578125,-0.15869140625,-0.30517578125,0.244140625,-1.220703125,-0.0732421875,0.62255859375,-0.23193359375,0.84228515625,-0.2197265625,0.2197265625,-0.25634765625,1.07421875,0.146484375,0.08544921875,0.25634765625,-1.47705078125,-0.15869140625,-1.0498046875,-0.244140625,0.4150390625,-0.01220703125,0.32958984375,0.09765625,-0.01220703125,-0.08544921875,-0.10986328125,-0.01220703125,0.09765625,-0.09765625,-0.0244140625,-0.15869140625,0.79345703125,-0.13427734375,-0.50048828125,0,-0.54931640625
0,-0.0732421875,-0.40283203125,0.06103515625,-0.341796875,-0.30517578125,-0.390625,0.390625,-0.06103515625,-0.1220703125,-0.0732421875,0.10986328125,-0.91552734375,-0.2685546875,1.40380859375,-0.48828125,-0.20751953125,-0.32958984375,-0.78125,0,-0.32958984375,-0.1708984375,0.76904296875,-0.30517578125,-0.830078125,0,-0.08544921875,0.146484375,-0.79345703125,0.1953125,0.9521484375,0.06103515625,0.23193359375,0.03662109375,-0.29296875,0.146484375,-0.47607421875,-0.390625,-0.390625,-0.0732421875,-0.74462890625,-0.29296875,-0.1953125,-0.244140625,-0.62255859375,-0.3173828125,-0.3662109375,0.13427734375,0.69580078125,-0.29296875,1.20849609375,0,0.50048828125,-0.13427734375,-0.25634765625,-0.23193359375,0.72021484375,0,12.87841796875,-0.10986328125,6.34765625,-0.20751953125,6.4453125,0.37841796875,8.3984375,0.0732421875,0.23193359375,0.18310546875,1.06201171875,0.10986328125,0.20751953125,0,0.20751953125,0.13427734375,0.29296875,-0.048828125,0.84228515625,0.08544921875,-0.01220703125,-0.146484375,1.3671875,-0.0244140625,-1.03759765625,-0.048828125,-0.390625,-0.244140625,-0.98876953125,-0.4150390625,-0.79345703125,-0.15869140625,-1.55029296875,0.1953125,-0.29296875,-0.20751953125,-0.3173828125,0.3173828125,-1.20849609375,-0.0732421875,0.69580078125,-0.25634765625,0.9521484375,-0.1220703125,0.2685546875,-0.23193359375,1.26953125,0.2197265625,0.048828125,0.25634765625,-1.45263671875,-0.13427734375,-1.025390625,-0.23193359375,0.40283203125,0,0.341796875,0.08544921875,-0.048828125,-0.08544921875,-0.08544921875,-0.0244140625,0.08544921875,-0.0732421875,0.01220703125,-0.18310546875,0.79345703125,-0.1953125,-0.5126953125,0.0244140625,-0.537109375
0,-0.08544921875,-0.4150390625,0.0732421875,-0.32958984375,-0.3173828125,-0.4150390625,0.4150390625,-0.048828125,-0.15869140625,-0.06103515625,0.08544921875,-0.91552734375,-0.23193359375,1.28173828125,-0.48828125,-0.2197265625,-0.35400390625,-0.76904296875,0.01220703125,-0.341796875,-0.18310546875,0.732421875,-0.29296875,-0.8056640625,0,-0.08544921875,0.18310546875,-0.830078125,0.146484375,0.9521484375,0.10986328125,0.23193359375,-0.1220703125,-0.35400390625,0.048828125,-0.18310546875,-0.25634765625,-0.42724609375,-0.03662109375,-0.7568359375,-0.18310546875,-0.2197265625,-0.244140625,-0.62255859375,-0.32958984375,-0.40283203125,0.0732421875,0.69580078125,-0.30517578125,1.23291015625,-0.03662109375,0.4638671875,-0.0244140625,-0.28076171875,-0.1708984375,0.7080078125,-0.01220703125,13.76953125,-0.09765625,6.67724609375,-0.15869140625,6.79931640625,0.4150390625,8.92333984375,0.09765625,0.2197265625,0.244140625,1.07421875,0.06103515625,0.2197265625,0.01220703125,0.18310546875,0.23193359375,0.2685546875,-0.10986328125,0.86669921875,0.08544921875,-0.01220703125,-0.15869140625,1.3671875,-0.06103515625,-0.98876953125,-0.01220703125,-0.37841796875,-0.35400390625,-0.98876953125,-0.37841796875,-0.79345703125,-0.1708984375,-1.5380859375,0.13427734375,-0.28076171875,-0.20751953125,-0.30517578125,0.28076171875,-1.220703125,-0.06103515625,0.6591796875,-0.25634765625,0.93994140625,0.01220703125,0.23193359375,-0.20751953125,1.2939453125,0.2685546875,-0.01220703125,0.244140625,-1.42822265625,-0.13427734375,-1.01318359375,-0.20751953125,0.390625,0.01220703125,0.32958984375,0.08544921875,-0.03662109375,-0.08544921875,-0.0732421875,0.01220703125,0.08544921875,-0.10986328125,0,-0.15869140625,0.81787109375,-0.23193359375,-0.50048828125,0.0244140625,-0.5126953125
0,-0.08544921875,-0.4150390625,0.06103515625,-0.341796875,-0.32958984375,-0.4150390625,0.390625,-0.048828125,-0.18310546875,-0.048828125,0.08544921875,-0.91552734375,-0.1953125,1.1474609375,-0.47607421875,-0.20751953125,-0.35400390625,-0.78125,0,-0.341796875,-0.146484375,0.732421875,-0.244140625,-0.81787109375,-0.0244140625,-0.08544921875,0.15869140625,-0.8056640625,0.0244140625,0.96435546875,0.15869140625,0.2197265625,-0.15869140625,-0.37841796875,-0.0732421875,0.15869140625,-0.09765625,-0.45166015625,-0.01220703125,-0.7568359375,-0.0732421875,-0.1953125,-0.18310546875,-0.64697265625,-0.30517578125,-0.40283203125,0.10986328125,0.68359375,-0.28076171875,1.25732421875,-0.06103515625,0.439453125,0.08544921875,-0.30517578125,-0.10986328125,0.7080078125,-0.0732421875,14.27001953125,-0.1708984375,6.8115234375,-0.20751953125,6.93359375,0.3173828125,9.1796875,0.09765625,0.1953125,0.2685546875,1.06201171875,0.08544921875,0.23193359375,0,0.18310546875,0.30517578125,0.2685546875,-0.20751953125,0.86669921875,0.06103515625,-0.01220703125,-0.1708984375,1.3671875,-0.08544921875,-0.98876953125,-0.01220703125,-0.37841796875,-0.45166015625,-0.9765625,-0.28076171875,-0.79345703125,-0.20751953125,-1.513671875,0.03662109375,-0.2685546875,-0.1953125,-0.30517578125,0.1708984375,-1.20849609375,-0.0244140625,0.50048828125,-0.18310546875,0.81787109375,0.0732421875,0.13427734375,-0.146484375,1.15966796875,0.18310546875,-0.08544921875,0.244140625,-1.42822265625,-0.10986328125,-1.025390625,-0.18310546875,0.37841796875,0.048828125,0.3173828125,0.08544921875,-0.048828125,-0.0732421875,-0.0732421875,0,0.10986328125,-0.09765625,-0.0244140625,-0.18310546875,0.79345703125,-0.2197265625,-0.5126953125,0.01220703125,-0.50048828125
0,-0.09765625,-0.4150390625,0.0732421875,-0.3173828125,-0.35400390625,-0.4150390625,0.37841796875,-0.01220703125,-0.1708984375,-0.03662109375,0.10986328125,-0.927734375,-0.20751953125,1.0498046875,-0.48828125,-0.1953125,-0.30517578125,-0.76904296875,-0.01220703125,-0.341796875,-0.0732421875,0.72021484375,-0.18310546875,-0.84228515625,-0.01220703125,-0.09765625,0.0732421875,-0.8056640625,-0.06103515625,0.96435546875,0.10986328125,0.23193359375,-0.15869140625,-0.37841796875,-0.30517578125,0.48828125,0.01220703125,-0.4638671875,0.06103515625,-0.76904296875,0.01220703125,-0.18310546875,-0.146484375,-0.6591796875,-0.30517578125,-0.4150390625,0.09765625,0.68359375,-0.2685546875,1.25732421875,-0.09765625,0.45166015625,0.20751953125,-0.28076171875,-0.06103515625,0.732421875,-0.0244140625,14.41650390625,-0.23193359375,6.7626953125,-0.20751953125,6.87255859375,0.28076171875,9.1796875,0.13427734375,0.18310546875,0.25634765625,1.025390625,0.08544921875,0.244140625,0.0244140625,0.1708984375,0.32958984375,0.2685546875,-0.2685546875,0.89111328125,0.048828125,-0.0244140625,-0.13427734375,1.35498046875,-0.09765625,-0.98876953125,-0.0244140625,-0.37841796875,-0.4638671875,-0.9765625,-0.15869140625,-0.78125,-0.23193359375,-1.513671875,-0.01220703125,-0.25634765625,-0.15869140625,-0.30517578125,0.0244140625,-1.18408203125,-0.08544921875,0.28076171875,-0.10986328125,0.59814453125,0.06103515625,-0.0244140625,-0.03662109375,0.84228515625,0.08544921875,-0.146484375,0.1708984375,-1.42822265625,-0.06103515625,-1.0498046875,-0.15869140625,0.390625,0.0732421875,0.30517578125,0.0732421875,-0.03662109375,-0.08544921875,-0.0732421875,0.01220703125,0.09765625,-0.10986328125,-0.0244140625,-0.18310546875,0.79345703125,-0.23193359375,-0.47607421875,0.01220703125,-0.50048828125
0,-0.09765625,-0.37841796875,0.06103515625,-0.30517578125,-0.3662109375,-0.40283203125,0.3662109375,-0.01220703125,-0.18310546875,-0.06103515625,0.10986328125,-0.93994140625,-0.1708984375,0.96435546875,-0.50048828125,-0.18310546875,-0.2685546875,-0.7568359375,0,-0.3173828125,0.06103515625,0.72021484375,-0.13427734375,-0.8544921875,0.03662109375,-0.146484375,-0.01220703125,-0.8056640625,-0.15869140625,0.9521484375,0.048828125,0.2197265625,-0.03662109375,-0.37841796875,-0.439453125,0.732421875,0.10986328125,-0.4638671875,0.13427734375,-0.76904296875,0.03662109375,-0.18310546875,0,-0.68359375,-0.30517578125,-0.37841796875,0.01220703125,0.68359375,-0.20751953125,1.25732421875,-0.1708984375,0.45166015625,0.2685546875,-0.2685546875,0,0.732421875,-0.10986328125,14.2333984375,-0.244140625,6.57958984375,-0.20751953125,6.67724609375,0.20751953125,8.94775390625,0.146484375,0.18310546875,0.25634765625,1.01318359375,0.08544921875,0.2685546875,-0.0244140625,0.1708984375,0.32958984375,0.25634765625,-0.341796875,0.87890625,0.08544921875,0,-0.10986328125,1.35498046875,-0.0732421875,-0.9765625,-0.0244140625,-0.3662109375,-0.390625,-0.9765625,-0.06103515625,-0.76904296875,-0.2197265625,-1.513671875,-0.01220703125,-0.244140625,-0.0732421875,-0.3173828125,-0.15869140625,-1.18408203125,-0.146484375,0.06103515625,-0.0244140625,0.32958984375,0.048828125,-0.20751953125,-0.01220703125,0.48828125,-0.03662109375,-0.2197265625,0.1220703125,-1.42822265625,-0.048828125,-1.01318359375,-0.13427734375,0.40283203125,0.09765625,0.3173828125,0.0732421875,-0.0244140625,-0.08544921875,-0.06103515625,0,0.1220703125,-0.13427734375,-0.048828125,-0.1220703125,0.79345703125,-0.2197265625,-0.48828125,-0.03662109375,-0.5126953125
0,-0.10986328125,-0.35400390625,0.03662109375,-0.30517578125,-0.37841796875,-0.40283203125,0.32958984375,-0.01220703125,-0.1953125,-0.06103515625,0.09765625,-0.927734375,-0.1953125,0.9033203125,-0.48828125,-0.1953125,-0.1953125,-0.7568359375,-0.01220703125,-0.3173828125,0.18310546875,0.72021484375,-0.1220703125,-0.86669921875,0.09765625,-0.146484375,-0.1220703125,-0.76904296875,-0.2197265625,0.93994140625,-0.06103515625,0.2197265625,0.09765625,-0.35400390625,-0.634765625,0.91552734375,0.15869140625,-0.45166015625,0.15869140625,-0.76904296875,0.048828125,-0.18310546875,0.10986328125,-0.68359375,-0.29296875,-0.3662109375,0.1220703125,0.69580078125,-0.146484375,1.220703125,-0.25634765625,0.45166015625,0.32958984375,-0.2685546875,0.0732421875,0.732421875,-0.1953125,13.83056640625,-0.29296875,6.3232421875,-0.28076171875,6.38427734375,0.1220703125,8.59375,0.1708984375,0.1708984375,0.1953125,1.01318359375,0.10986328125,0.25634765625,-0.06103515625,0.15869140625,0.29296875,0.2685546875,-0.341796875,0.86669921875,0.09765625,-0.01220703125,-0.09765625,1.33056640625,-0.0244140625,-0.9765625,-0.0244140625,-0.3662109375,-0.244140625,-0.9765625,-0.03662109375,-0.78125,-0.28076171875,-1.5380859375,0,-0.2685546875,-0.08544921875,-0.29296875,-0.23193359375,-1.15966796875,-0.13427734375,-0.13427734375,0.08544921875,0.09765625,0.0244140625,-0.35400390625,0.03662109375,0.1220703125,-0.09765625,-0.30517578125,0.048828125,-1.45263671875,-0.09765625,-1.06201171875,-0.1220703125,0.390625,0.1220703125,0.3173828125,0.06103515625,0,-0.08544921875,-0.048828125,0,0.15869140625,-0.13427734375,-0.06103515625,-0.09765625,0.76904296875,-0.23193359375,-0.4638671875,-0.0244140625,-0.52490234375
0,-0.08544921875,-0.3662109375,0.03662109375,-0.28076171875,-0.40283203125,-0.40283203125,0.32958984375,-0.01220703125,-0.1953125,-0.048828125,0.06103515625,-0.927734375,-0.15869140625,0.91552734375,-0.4638671875,-0.20751953125,-0.146484375,-0.76904296875,0,-0.28076171875,0.25634765625,0.72021484375,-0.1220703125,-0.89111328125,0.1708984375,-0.18310546875,-0.18310546875,-0.78125,-0.23193359375,0.9033203125,-0.1708984375,0.2197265625,0.1953125,-0.32958984375,-0.86669921875,1.01318359375,0.1953125,-0.45166015625,0.15869140625,-0.7568359375,0,-0.1953125,0.23193359375,-0.68359375,-0.341796875,-0.341796875,0.20751953125,0.68359375,-0.08544921875,1.171875,-0.29296875,0.47607421875,0.32958984375,-0.244140625,0.09765625,0.7568359375,-0.28076171875,13.29345703125,-0.29296875,6.04248046875,-0.30517578125,6.06689453125,0.10986328125,8.203125,0.13427734375,0.1953125,0.1220703125,1.0009765625,0.08544921875,0.244140625,-0.10986328125,0.15869140625,0.2685546875,0.28076171875,-0.32958984375,0.86669921875,0.15869140625,-0.01220703125,-0.13427734375,1.318359375,-0.01220703125,-0.9765625,-0.01220703125,-0.3662109375,-0.08544921875,-0.96435546875,-0.03662109375,-0.8056640625,-0.341796875,-1.5380859375,0.06103515625,-0.28076171875,-0.1220703125,-0.3173828125,-0.25634765625,-1.1474609375,-0.1220703125,-0.28076171875,0.146484375,-0.08544921875,-0.03662109375,-0.4638671875,0.048828125,-0.1220703125,-0.10986328125,-0.35400390625,0,-1.47705078125,-0.18310546875,-1.0498046875,-0.13427734375,0.390625,0.15869140625,0.3173828125,0.0244140625,0.01220703125,-0.08544921875,-0.048828125,0.0244140625,0.1708984375,-0.146484375,-0.048828125,-0.09765625,0.7568359375,-0.2197265625,-0.47607421875,-0.048828125,-0.537109375
0,-0.08544921875,-0.341796875,0.01220703125,-0.30517578125,-0.4150390625,-0.40283203125,0.3173828125,-0.03662109375,-0.18310546875,-0.0732421875,0.08544921875,-0.91552734375,-0.15869140625,0.93994140625,-0.4638671875,-0.2197265625,-0.0732421875,-0.7568359375,0.048828125,-0.28076171875,0.30517578125,0.7080078125,-0.08544921875,-0.89111328125,0.1953125,-0.1708984375,-0.244140625,-0.76904296875,-0.1953125,0.86669921875,-0.25634765625,0.2197265625,0.1953125,-0.30517578125,-0.9033203125,1.01318359375,0.15869140625,-0.439453125,0.1708984375,-0.74462890625,-0.01220703125,-0.1953125,0.28076171875,-0.68359375,-0.341796875,-0.3173828125,0.25634765625,0.67138671875,-0.048828125,1.1474609375,-0.35400390625,0.50048828125,0.341796875,-0.2197265625,0.13427734375,0.7568359375,-0.28076171875,12.6708984375,-0.2197265625,5.7861328125,-0.390625,5.7373046875,0.1220703125,7.80029296875,0.13427734375,0.1953125,0.0732421875,1.0009765625,0.0732421875,0.244140625,-0.146484375,0.146484375,0.23193359375,0.2685546875,-0.3662109375,0.84228515625,0.2197265625,0,-0.1708984375,1.318359375,0.03662109375,-0.96435546875,0.0244140625,-0.390625,0.0732421875,-0.98876953125,-0.08544921875,-0.8056640625,-0.40283203125,-1.5380859375,0.08544921875,-0.2685546875,-0.244140625,-0.3173828125,-0.23193359375,-1.1474609375,-0.1220703125,-0.341796875,0.08544921875,-0.1953125,-0.2197265625,-0.50048828125,-0.03662109375,-0.244140625,-0.13427734375,-0.42724609375,-0.048828125,-1.4892578125,-0.25634765625,-1.08642578125,-0.1220703125,0.40283203125,0.18310546875,0.32958984375,-0.01220703125,0.01220703125,-0.0732421875,-0.06103515625,0.0244140625,0.15869140625,-0.146484375,-0.06103515625,-0.06103515625,0.74462890625,-0.2197265625,-0.47607421875,-0.06103515625,-0.52490234375
0,-0.08544921875,-0.35400390625,0.0244140625,-0.30517578125,-0.42724609375,-0.40283203125,0.32958984375,-0.01220703125,-0.2197265625,-0.09765625,0.09765625,-0.927734375,-0.13427734375,0.98876953125,-0.45166015625,-0.2197265625,-0.06103515625,-0.7568359375,0.1220703125,-0.2685546875,0.3173828125,0.732421875,-0.0732421875,-0.89111328125,0.1708984375,-0.1953125,-0.25634765625,-0.79345703125,-0.13427734375,0.84228515625,-0.3173828125,0.2197265625,0.1220703125,-0.28076171875,-0.91552734375,0.927734375,0.1220703125,-0.4150390625,0.1953125,-0.7568359375,-0.0244140625,-0.18310546875,0.30517578125,-0.68359375,-0.341796875,-0.30517578125,0.4150390625,0.64697265625,-0.06103515625,1.123046875,-0.341796875,0.52490234375,0.2685546875,-0.20751953125,0.1953125,0.74462890625,-0.2685546875,12.0361328125,-0.1220703125,5.517578125,-0.4150390625,5.4443359375,0.1220703125,7.421875,0.09765625,0.1953125,0,1.0009765625,0.03662109375,0.2197265625,-0.1708984375,0.1708984375,0.10986328125,0.28076171875,-0.35400390625,0.81787109375,0.28076171875,0.01220703125,-0.1953125,1.318359375,0.06103515625,-0.96435546875,0.03662109375,-0.37841796875,0.20751953125,-0.98876953125,-0.10986328125,-0.8056640625,-0.4638671875,-1.5380859375,0.15869140625,-0.25634765625,-0.35400390625,-0.3173828125,-0.06103515625,-1.13525390625,0.03662109375,-0.30517578125,0.146484375,-0.2197265625,-0.23193359375,-0.50048828125,0,-0.244140625,-0.09765625,-0.47607421875,-0.08544921875,-1.50146484375,-0.29296875,-1.0986328125,-0.09765625,0.4150390625,0.244140625,0.341796875,-0.048828125,0,-0.0732421875,-0.03662109375,0.03662109375,0.146484375,-0.13427734375,-0.048828125,-0.048828125,0.76904296875,-0.25634765625,-0.48828125,-0.03662109375,-0.5126953125
0,-0.09765625,-0.35400390625,0.0244140625,-0.29296875,-0.390625,-0.37841796875,0.30517578125,-0.0244140625,-0.244140625,-0.09765625,0.1220703125,-0.9033203125,-0.10986328125,1.06201171875,-0.42724609375,-0.2197265625,-0.10986328125,-0.7568359375,0.1953125,-0.2685546875,0.2685546875,0.74462890625,-0.01220703125,-0.87890625,0.13427734375,-0.18310546875,-0.23193359375,-0.8056640625,-0.048828125,0.830078125,-0.30517578125,0.2197265625,0.09765625,-0.28076171875,-0.8544921875,0.76904296875,0.0244140625,-0.42724609375,0.20751953125,-0.76904296875,-0.01220703125,-0.20751953125,0.29296875,-0.68359375,-0.3662109375,-0.341796875,0.48828125,0.634765625,-0.03662109375,1.123046875,-0.35400390625,0.52490234375,0.244140625,-0.20751953125,0.20751953125,0.7568359375,-0.1953125,11.43798828125,-0.03662109375,5.28564453125,-0.439453125,5.21240234375,0.08544921875,7.080078125,0.06103515625,0.18310546875,-0.048828125,1.0009765625,0,0.18310546875,-0.1953125,0.18310546875,0.06103515625,0.29296875,-0.341796875,0.8056640625,0.29296875,0,-0.1953125,1.318359375,0.0732421875,-0.98876953125,0.06103515625,-0.390625,0.25634765625,-1.0009765625,-0.10986328125,-0.81787109375,-0.4638671875,-1.5380859375,0.18310546875,-0.25634765625,-0.439453125,-0.3173828125,0.06103515625,-1.1474609375,0.0732421875,-0.25634765625,0.15869140625,-0.1953125,-0.244140625,-0.439453125,-0.01220703125,-0.1220703125,-0.03662109375,-0.52490234375,-0.1220703125,-1.47705078125,-0.28076171875,-1.08642578125,-0.09765625,0.40283203125,0.244140625,0.3173828125,-0.06103515625,0.0244140625,-0.08544921875,-0.048828125,0.01220703125,0.13427734375,-0.13427734375,-0.03662109375,-0.06103515625,0.74462890625,-0.341796875,-0.50048828125,-0.0244140625,-0.5126953125
1,-0.09765625,-0.37841796875,0,-0.3173828125,-0.37841796875,-0.390625,0.28076171875,-0.03662109375,-0.28076171875,-0.08544921875,0.13427734375,-0.89111328125,-0.0732421875,1.11083984375,-0.40283203125,-0.2197265625,-0.15869140625,-0.78125,0.2197265625,-0.25634765625,0.1708984375,0.7568359375,0.0732421875,-0.8544921875,0.06103515625,-0.1708984375,-0.1708984375,-0.8056640625,-0.01220703125,0.8544921875,-0.2197265625,0.23193359375,0.08544921875,-0.3173828125,-0.830078125,0.57373046875,-0.03662109375,-0.4150390625,0.15869140625,-0.76904296875,0,-0.2197265625,0.20751953125,-0.6591796875,-0.3662109375,-0.35400390625,0.50048828125,0.62255859375,-0.09765625,1.13525390625,-0.30517578125,0.52490234375,0.1953125,-0.20751953125,0.25634765625,0.72021484375,-0.1953125,10.888671875,0.146484375,5.11474609375,-0.52490234375,4.98046875,0.06103515625,6.82373046875,0.01220703125,0.20751953125,-0.10986328125,1.025390625,-0.03662109375,0.18310546875,-0.1953125,0.1708984375,0.01220703125,0.3173828125,-0.35400390625,0.79345703125,0.28076171875,-0.01220703125,-0.1953125,1.3427734375,0.08544921875,-1.0009765625,0.1220703125,-0.37841796875,0.1953125,-1.0009765625,-0.0732421875,-0.81787109375,-0.45166015625,-1.55029296875,0.1953125,-0.25634765625,-0.45166015625,-0.3173828125,0.1708984375,-1.171875,0.09765625,-0.18310546875,0.09765625,-0.15869140625,-0.29296875,-0.40283203125,-0.15869140625,0.048828125,0,-0.57373046875,-0.10986328125,-1.47705078125,-0.23193359375,-1.06201171875,-0.10986328125,0.40283203125,0.29296875,0.30517578125,-0.06103515625,0.01220703125,-0.06103515625,-0.048828125,0,0.13427734375,-0.1220703125,-0.03662109375,-0.08544921875,0.74462890625,-0.42724609375,-0.48828125,0,-0.50048828125
1,-0.1220703125,-0.390625,0,-0.29296875,-0.3662109375,-0.390625,0.25634765625,-0.01220703125,-0.29296875,-0.08544921875,0.146484375,-0.87890625,-0.06103515625,1.1474609375,-0.390625,-0.1953125,-0.20751953125,-0.76904296875,0.20751953125,-0.2685546875,0.10986328125,0.7568359375,0.15869140625,-0.84228515625,0.0244140625,-0.146484375,-0.08544921875,-0.8056640625,-0.01220703125,0.86669921875,-0.09765625,0.2197265625,0.1220703125,-0.35400390625,-0.87890625,0.3662109375,-0.0732421875,-0.45166015625,0.08544921875,-0.78125,0.01220703125,-0.1953125,0.048828125,-0.64697265625,-0.341796875,-0.40283203125,0.50048828125,0.6103515625,-0.1708984375,1.13525390625,-0.244140625,0.50048828125,0.146484375,-0.20751953125,0.28076171875,0.72021484375,-0.23193359375,10.3759765625,0.244140625,4.91943359375,-0.5126953125,4.78515625,-0.0244140625,6.5673828125,-0.0244140625,0.20751953125,-0.18310546875,1.03759765625,-0.0732421875,0.1953125,-0.146484375,0.18310546875,-0.0732421875,0.30517578125,-0.30517578125,0.8056640625,0.30517578125,-0.0244140625,-0.18310546875,1.3427734375,0.13427734375,-1.01318359375,0.10986328125,-0.37841796875,0.06103515625,-1.025390625,-0.01220703125,-0.78125,-0.390625,-1.52587890625,0.23193359375,-0.244140625,-0.390625,-0.3173828125,0.2197265625,-1.15966796875,0.15869140625,-0.146484375,0.146484375,-0.1220703125,-0.15869140625,-0.37841796875,-0.15869140625,0.23193359375,0.0244140625,-0.634765625,-0.08544921875,-1.45263671875,-0.20751953125,-1.06201171875,-0.1708984375,0.40283203125,0.28076171875,0.3173828125,-0.0732421875,0,-0.0732421875,-0.0244140625,-0.03662109375,0.10986328125,-0.1220703125,-0.048828125,-0.1220703125,0.76904296875,-0.5126953125,-0.48828125,-0.01220703125,-0.50048828125
1,-0.06103515625,-0.390625,-0.01220703125,-0.30517578125,-0.3662109375,-0.390625,0.23193359375,-0.03662109375,-0.28076171875,-0.08544921875,0.1220703125,-0.87890625,-0.0244140625,1.171875,-0.390625,-0.1708984375,-0.2197265625,-0.76904296875,0.1953125,-0.28076171875,0,0.74462890625,0.23193359375,-0.830078125,-0.01220703125,-0.146484375,-0.0244140625,-0.81787109375,-0.0244140625,0.87890625,0.08544921875,0.23193359375,0.2197265625,-0.341796875,-0.8544921875,0.1708984375,-0.09765625,-0.45166015625,-0.01220703125,-0.78125,0,-0.1708984375,-0.03662109375,-0.62255859375,-0.2685546875,-0.42724609375,0.40283203125,0.634765625,-0.25634765625,1.15966796875,-0.1220703125,0.48828125,0.146484375,-0.20751953125,0.29296875,0.69580078125,-0.18310546875,9.912109375,0.244140625,4.77294921875,-0.54931640625,4.62646484375,-0.048828125,6.3232421875,-0.06103515625,0.23193359375,-0.2197265625,1.03759765625,-0.10986328125,0.20751953125,-0.08544921875,0.15869140625,-0.146484375,0.30517578125,-0.25634765625,0.78125,0.2685546875,-0.01220703125,-0.15869140625,1.3427734375,0.15869140625,-1.0009765625,0.10986328125,-0.37841796875,-0.06103515625,-1.01318359375,0.0732421875,-0.79345703125,-0.29296875,-1.5380859375,0.20751953125,-0.244140625,-0.2685546875,-0.32958984375,0.1953125,-1.15966796875,0.0732421875,-0.1708984375,0.15869140625,-0.09765625,-0.09765625,-0.3662109375,-0.244140625,0.35400390625,-0.01220703125,-0.69580078125,0,-1.45263671875,-0.1953125,-1.06201171875,-0.23193359375,0.390625,0.30517578125,0.30517578125,-0.08544921875,-0.03662109375,-0.0732421875,-0.01220703125,-0.06103515625,0.09765625,-0.10986328125,-0.06103515625,-0.1220703125,0.78125,-0.537109375,-0.48828125,0.01220703125,-0.52490234375
1,-0.09765625,-0.390625,-0.01220703125,-0.30517578125,-0.35400390625,-0.40283203125,0.20751953125,-0.0244140625,-0.29296875,-0.0732421875,0.10986328125,-0.87890625,-0.0244140625,1.171875,-0.35400390625,-0.1708984375,-0.25634765625,-0.78125,0.13427734375,-0.28076171875,-0.03662109375,0.74462890625,0.2197265625,-0.830078125,-0.01220703125,-0.146484375,0.048828125,-0.81787109375,-0.03662109375,0.89111328125,0.2685546875,0.20751953125,0.28076171875,-0.35400390625,-0.830078125,-0.01220703125,-0.10986328125,-0.45166015625,-0.09765625,-0.78125,0.01220703125,-0.1708984375,-0.1220703125,-0.62255859375,-0.2197265625,-0.4638671875,0.30517578125,0.62255859375,-0.3662109375,1.1962890625,-0.048828125,0.4638671875,0.09765625,-0.2197265625,0.2685546875,0.67138671875,-0.09765625,9.47265625,0.29296875,4.57763671875,-0.5859375,4.4677734375,-0.09765625,6.09130859375,-0.09765625,0.23193359375,-0.23193359375,1.0498046875,-0.15869140625,0.23193359375,-0.048828125,0.15869140625,-0.2197265625,0.29296875,-0.20751953125,0.79345703125,0.25634765625,-0.01220703125,-0.09765625,1.35498046875,0.146484375,-0.98876953125,0.10986328125,-0.3662109375,-0.23193359375,-1.025390625,0.09765625,-0.78125,-0.20751953125,-1.55029296875,0.1953125,-0.2685546875,-0.08544921875,-0.3173828125,0.09765625,-1.18408203125,-0.01220703125,-0.2197265625,0.13427734375,-0.10986328125,0,-0.40283203125,-0.3173828125,0.40283203125,-0.03662109375,-0.732421875,0.09765625,-1.4404296875,-0.18310546875,-1.03759765625,-0.30517578125,0.390625,0.29296875,0.30517578125,-0.09765625,-0.0244140625,-0.06103515625,-0.01220703125,-0.08544921875,0.1220703125,-0.10986328125,-0.06103515625,-0.15869140625,0.79345703125,-0.54931640625,-0.48828125,-0.048828125,-0.52490234375
1,-0.09765625,-0.390625,-0.01220703125,-0.32958984375,-0.30517578125,-0.40283203125,0.18310546875,-0.0244140625,-0.28076171875,-0.08544921875,0.08544921875,-0.87890625,-0.0244140625,1.123046875,-0.341796875,-0.1708984375,-0.29296875,-0.76904296875,0.0732421875,-0.28076171875,-0.0244140625,0.72021484375,0.10986328125,-0.81787109375,0,-0.13427734375,0.06103515625,-0.81787109375,-0.01220703125,0.91552734375,0.35400390625,0.1953125,0.4150390625,-0.40283203125,-0.86669921875,-0.18310546875,-0.09765625,-0.45166015625,-0.15869140625,-0.76904296875,-0.048828125,-0.15869140625,-0.06103515625,-0.6103515625,-0.1953125,-0.48828125,0.2685546875,0.6591796875,-0.439453125,1.20849609375,0.0244140625,0.4638671875,0.06103515625,-0.18310546875,0.2197265625,0.69580078125,-0.048828125,9.033203125,0.25634765625,4.40673828125,-0.5615234375,4.3212890625,-0.0732421875,5.8349609375,-0.1220703125,0.2197265625,-0.25634765625,1.06201171875,-0.1708984375,0.244140625,0,0.18310546875,-0.29296875,0.29296875,-0.1953125,0.830078125,0.20751953125,-0.01220703125,-0.06103515625,1.35498046875,0.13427734375,-1.01318359375,0.09765625,-0.341796875,-0.35400390625,-1.01318359375,0.08544921875,-0.79345703125,-0.146484375,-1.52587890625,0.13427734375,-0.25634765625,0.0732421875,-0.29296875,0.06103515625,-1.18408203125,-0.1220703125,-0.28076171875,0.08544921875,-0.1220703125,0.03662109375,-0.45166015625,-0.40283203125,0.37841796875,-0.03662109375,-0.79345703125,0.1708984375,-1.4404296875,-0.1708984375,-1.03759765625,-0.32958984375,0.390625,0.30517578125,0.30517578125,-0.1220703125,-0.048828125,-0.0732421875,-0.01220703125,-0.09765625,0.13427734375,-0.1220703125,-0.0732421875,-0.1708984375,0.8056640625,-0.537109375,-0.50048828125,-0.06103515625,-0.537109375
1,-0.10986328125,-0.37841796875,-0.0244140625,-0.3173828125,-0.29296875,-0.439453125,0.1708984375,-0.0244140625,-0.29296875,-0.06103515625,0.08544921875,-0.89111328125,-0.0244140625,1.08642578125,-0.32958984375,-0.1953125,-0.3173828125,-0.78125,0.01220703125,-0.3173828125,-0.03662109375,0.69580078125,-0.06103515625,-0.8544921875,0.0732421875,-0.146484375,0.048828125,-0.81787109375,0.03662109375,0.93994140625,0.4150390625,0.1953125,0.40283203125,-0.42724609375,-0.8544921875,-0.341796875,-0.09765625,-0.47607421875,-0.1953125,-0.7568359375,-0.1220703125,-0.15869140625,0.06103515625,-0.62255859375,-0.2197265625,-0.48828125,0.20751953125,0.69580078125,-0.45166015625,1.1962890625,0.0732421875,0.45166015625,0.08544921875,-0.1708984375,0.146484375,0.7080078125,-0.0244140625,8.55712890625,0.20751953125,4.16259765625,-0.57373046875,4.16259765625,-0.0732421875,5.50537109375,-0.13427734375,0.20751953125,-0.2685546875,1.03759765625,-0.18310546875,0.25634765625,0,0.1953125,-0.3173828125,0.28076171875,-0.20751953125,0.84228515625,0.18310546875,-0.01220703125,0.0244140625,1.35498046875,0.1220703125,-1.01318359375,0.0732421875,-0.341796875,-0.35400390625,-1.025390625,0,-0.79345703125,-0.08544921875,-1.52587890625,0.09765625,-0.28076171875,0.146484375,-0.30517578125,-0.01220703125,-1.1962890625,-0.10986328125,-0.35400390625,0.08544921875,-0.15869140625,0.0732421875,-0.5126953125,-0.3662109375,0.30517578125,-0.0244140625,-0.830078125,0.2197265625,-1.4404296875,-0.146484375,-1.03759765625,-0.32958984375,0.37841796875,0.3173828125,0.3173828125,-0.13427734375,-0.048828125,-0.0732421875,-0.01220703125,-0.09765625,0.13427734375,-0.13427734375,-0.06103515625,-0.1708984375,0.830078125,-0.5126953125,-0.50048828125,-0.1220703125,-0.537109375
1,-0.10986328125,-0.37841796875,-0.03662109375,-0.3173828125,-0.30517578125,-0.40283203125,0.146484375,-0.01220703125,-0.28076171875,-0.048828125,0.0732421875,-0.89111328125,-0.01220703125,1.025390625,-0.32958984375,-0.18310546875,-0.341796875,-0.76904296875,-0.048828125,-0.30517578125,-0.0244140625,0.7080078125,-0.2685546875,-0.86669921875,0.13427734375,-0.15869140625,0.0244140625,-0.8056640625,0.06103515625,0.927734375,0.37841796875,0.18310546875,0.35400390625,-0.4150390625,-0.8056640625,-0.45166015625,-0.09765625,-0.47607421875,-0.1953125,-0.74462890625,-0.20751953125,-0.15869140625,0.1708984375,-0.64697265625,-0.29296875,-0.4638671875,0.1953125,0.74462890625,-0.42724609375,1.171875,0.048828125,0.4638671875,0.0732421875,-0.146484375,0.10986328125,0.72021484375,0.09765625,8.0078125,0.30517578125,3.90625,-0.48828125,3.94287109375,-0.0244140625,5.1513671875,-0.146484375,0.2197265625,-0.29296875,1.03759765625,-0.13427734375,0.28076171875,0,0.20751953125,-0.32958984375,0.29296875,-0.18310546875,0.8544921875,0.1708984375,-0.01220703125,0.08544921875,1.33056640625,0.10986328125,-1.025390625,0.06103515625,-0.35400390625,-0.30517578125,-1.025390625,-0.10986328125,-0.79345703125,-0.06103515625,-1.5380859375,0.0732421875,-0.29296875,0.1708984375,-0.3173828125,-0.01220703125,-1.15966796875,-0.13427734375,-0.3662109375,0.03662109375,-0.1220703125,0.0244140625,-0.52490234375,-0.146484375,0.244140625,0.0244140625,-0.8544921875,0.2197265625,-1.46484375,-0.146484375,-1.06201171875,-0.29296875,0.390625,0.32958984375,0.30517578125,-0.13427734375,-0.03662109375,-0.0732421875,-0.06103515625,-0.10986328125,0.146484375,-0.146484375,-0.048828125,-0.18310546875,0.830078125,-0.50048828125,-0.5126953125,-0.1708984375,-0.52490234375
1,-0.0732421875,-0.35400390625,-0.048828125,-0.30517578125,-0.3173828125,-0.4150390625,0.1220703125,0,-0.2685546875,-0.0732421875,0.08544921875,-0.9033203125,0,1.01318359375,-0.28076171875,-0.1953125,-0.3662109375,-0.732421875,-0.08544921875,-0.29296875,0,0.69580078125,-0.42724609375,-0.86669921875,0.1708984375,-0.146484375,-0.01220703125,-0.79345703125,0.1220703125,0.927734375,0.244140625,0.18310546875,0.23193359375,-0.35400390625,-0.67138671875,-0.54931640625,-0.10986328125,-0.4638671875,-0.15869140625,-0.72021484375,-0.2685546875,-0.1708984375,0.2685546875,-0.64697265625,-0.45166015625,-0.42724609375,0.23193359375,0.7568359375,-0.341796875,1.1474609375,0.01220703125,0.47607421875,0.048828125,-0.13427734375,0.10986328125,0.732421875,0.1220703125,7.36083984375,0.25634765625,3.62548828125,-0.439453125,3.69873046875,-0.01220703125,4.74853515625,-0.1953125,0.2197265625,-0.28076171875,1.025390625,-0.10986328125,0.28076171875,0,0.18310546875,-0.32958984375,0.28076171875,-0.15869140625,0.830078125,0.146484375,-0.0244140625,0.146484375,1.318359375,0.1220703125,-1.025390625,0.01220703125,-0.3173828125,-0.1708984375,-1.01318359375,-0.244140625,-0.79345703125,-0.03662109375,-1.513671875,0.03662109375,-0.3173828125,0.09765625,-0.3173828125,0.03662109375,-1.18408203125,-0.10986328125,-0.32958984375,0.0244140625,-0.048828125,0.01220703125,-0.50048828125,0.06103515625,0.2197265625,0.0732421875,-0.84228515625,0.18310546875,-1.4892578125,-0.15869140625,-1.06201171875,-0.244140625,0.3662109375,0.341796875,0.32958984375,-0.09765625,-0.0244140625,-0.048828125,-0.0732421875,-0.10986328125,0.1220703125,-0.146484375,-0.0732421875,-0.15869140625,0.84228515625,-0.45166015625,-0.48828125,-0.20751953125,-0.52490234375
1,-0.0732421875,-0.32958984375,-0.048828125,-0.2685546875,-0.32958984375,-0.40283203125,0.1220703125,0.01220703125,-0.25634765625,-0.048828125,0.06103515625,-0.89111328125,0.01220703125,0.9521484375,-0.28076171875,-0.18310546875,-0.341796875,-0.732421875,-0.1220703125,-0.29296875,-0.03662109375,0.7080078125,-0.47607421875,-0.86669921875,0.1953125,-0.13427734375,-0.03662109375,-0.78125,0.15869140625,0.91552734375,0.13427734375,0.18310546875,0.06103515625,-0.3173828125,-0.52490234375,-0.64697265625,-0.1220703125,-0.45166015625,-0.09765625,-0.7080078125,-0.29296875,-0.15869140625,0.37841796875,-0.69580078125,-0.59814453125,-0.3662109375,0.25634765625,0.76904296875,-0.25634765625,1.11083984375,-0.03662109375,0.50048828125,-0.01220703125,-0.09765625,0.10986328125,0.732421875,0.048828125,6.591796875,0.244140625,3.28369140625,-0.439453125,3.40576171875,-0.0732421875,4.26025390625,-0.20751953125,0.1953125,-0.25634765625,1.025390625,-0.0732421875,0.29296875,-0.06103515625,0.18310546875,-0.25634765625,0.29296875,-0.13427734375,0.86669921875,0.146484375,0.01220703125,0.13427734375,1.33056640625,0.13427734375,-1.025390625,-0.01220703125,-0.30517578125,-0.03662109375,-1.025390625,-0.3173828125,-0.79345703125,-0.048828125,-1.5380859375,0,-0.30517578125,-0.06103515625,-0.3173828125,0.09765625,-1.18408203125,-0.1220703125,-0.2197265625,-0.0244140625,0.06103515625,-0.03662109375,-0.42724609375,0.048828125,0.2197265625,0.1220703125,-0.81787109375,0.10986328125,-1.4892578125,-0.1953125,-1.0498046875,-0.15869140625,0.37841796875,0.341796875,0.32958984375,-0.06103515625,-0.03662109375,-0.0732421875,-0.08544921875,-0.09765625,0.146484375,-0.146484375,-0.0732421875,-0.15869140625,0.81787109375,-0.4150390625,-0.5126953125,-0.2197265625,-0.537109375
1,-0.048828125,-0.30517578125,-0.0732421875,-0.2685546875,-0.341796875,-0.40283203125,0.09765625,0.03662109375,-0.25634765625,-0.0732421875,0.048828125,-0.87890625,0.01220703125,0.9765625,-0.25634765625,-0.1953125,-0.341796875,-0.7568359375,-0.1220703125,-0.28076171875,-0.06103515625,0.69580078125,-0.42724609375,-0.87890625,0.18310546875,-0.13427734375,-0.048828125,-0.79345703125,0.15869140625,0.9033203125,-0.10986328125,0.1953125,-0.15869140625,-0.29296875,-0.390625,-0.72021484375,-0.146484375,-0.42724609375,-0.01220703125,-0.72021484375,-0.244140625,-0.1708984375,0.45166015625,-0.68359375,-0.72021484375,-0.3173828125,0.3662109375,0.78125,-0.2197265625,1.08642578125,-0.06103515625,0.50048828125,-0.08544921875,-0.09765625,0.06103515625,0.7568359375,0.048828125,5.72509765625,0.29296875,2.91748046875,-0.30517578125,3.076171875,-0.06103515625,3.77197265625,-0.20751953125,0.18310546875,-0.23193359375,1.01318359375,-0.01220703125,0.2685546875,-0.08544921875,0.1953125,-0.18310546875,0.2685546875,-0.09765625,0.8544921875,0.13427734375,0.01220703125,0.146484375,1.318359375,0.13427734375,-1.0009765625,0,-0.3173828125,0.06103515625,-1.01318359375,-0.341796875,-0.8056640625,-0.1220703125,-1.52587890625,-0.01220703125,-0.29296875,-0.23193359375,-0.3173828125,0.1708984375,-1.18408203125,-0.10986328125,-0.08544921875,-0.09765625,0.20751953125,-0.0732421875,-0.35400390625,0.048828125,0.28076171875,0.15869140625,-0.79345703125,0.01220703125,-1.47705078125,-0.25634765625,-1.0498046875,-0.1220703125,0.37841796875,0.37841796875,0.32958984375,-0.08544921875,-0.01220703125,-0.0732421875,-0.08544921875,-0.10986328125,0.1220703125,-0.146484375,-0.06103515625,-0.1708984375,0.76904296875,-0.3662109375,-0.48828125,-0.244140625,-0.5126953125
1,-0.08544921875,-0.30517578125,-0.08544921875,-0.28076171875,-0.30517578125,-0.37841796875,0.0732421875,-0.01220703125,-0.28076171875,-0.0732421875,0.03662109375,-0.87890625,0.03662109375,0.98876953125,-0.23193359375,-0.2197265625,-0.3173828125,-0.74462890625,-0.06103515625,-0.28076171875,-0.10986328125,0.72021484375,-0.30517578125,-0.87890625,0.10986328125,-0.09765625,-0.048828125,-0.76904296875,0.10986328125,0.9033203125,-0.3173828125,0.20751953125,-0.29296875,-0.28076171875,-0.1953125,-0.76904296875,-0.1220703125,-0.4150390625,0.048828125,-0.72021484375,-0.1708984375,-0.1708984375,0.5126953125,-0.72021484375,-0.78125,-0.28076171875,0.42724609375,0.74462890625,-0.1953125,1.0986328125,-0.10986328125,0.50048828125,-0.15869140625,-0.1220703125,0.0244140625,0.72021484375,-0.03662109375,4.78515625,0.2685546875,2.5390625,-0.2685546875,2.69775390625,0,3.2470703125,-0.18310546875,0.18310546875,-0.20751953125,1.0498046875,0.03662109375,0.244140625,-0.13427734375,0.20751953125,-0.1220703125,0.29296875,-0.0732421875,0.84228515625,0.15869140625,0.0244140625,0.13427734375,1.318359375,0.146484375,-1.0009765625,0.0244140625,-0.32958984375,0.09765625,-1.01318359375,-0.3173828125,-0.81787109375,-0.1953125,-1.52587890625,-0.03662109375,-0.28076171875,-0.37841796875,-0.341796875,0.1953125,-1.18408203125,-0.09765625,0.06103515625,-0.13427734375,0.32958984375,-0.08544921875,-0.23193359375,0.20751953125,0.40283203125,0.15869140625,-0.76904296875,-0.0732421875,-1.513671875,-0.28076171875,-1.0498046875,-0.03662109375,0.37841796875,0.3662109375,0.32958984375,-0.08544921875,0,-0.0732421875,-0.08544921875,-0.08544921875,0.1220703125,-0.1220703125,-0.048828125,-0.18310546875,0.74462890625,-0.35400390625,-0.50048828125,-0.23193359375,-0.5126953125
1,-0.0732421875,-0.28076171875,-0.0732421875,-0.2685546875,-0.29296875,-0.40283203125,0.06103515625,-0.01220703125,-0.30517578125,-0.09765625,0.0244140625,-0.9033203125,0.048828125,1.025390625,-0.2197265625,-0.20751953125,-0.28076171875,-0.72021484375,0,-0.28076171875,-0.13427734375,0.732421875,-0.13427734375,-0.86669921875,-0.06103515625,-0.0732421875,-0.0732421875,-0.8056640625,0.03662109375,0.86669921875,-0.42724609375,0.2197265625,-0.40283203125,-0.25634765625,-0.09765625,-0.81787109375,-0.1220703125,-0.4150390625,0.08544921875,-0.72021484375,-0.03662109375,-0.1953125,0.5126953125,-0.72021484375,-0.74462890625,-0.28076171875,0.4638671875,0.732421875,-0.13427734375,1.0986328125,-0.20751953125,0.4638671875,-0.1708984375,-0.1220703125,-0.048828125,0.72021484375,-0.048828125,3.8330078125,0.29296875,2.1728515625,-0.1708984375,2.30712890625,0.0732421875,2.7587890625,-0.13427734375,0.15869140625,-0.146484375,1.0498046875,0.09765625,0.20751953125,-0.13427734375,0.18310546875,-0.048828125,0.2685546875,-0.06103515625,0.86669921875,0.13427734375,0.01220703125,0.1220703125,1.33056640625,0.15869140625,-1.01318359375,0.0244140625,-0.32958984375,0.09765625,-1.03759765625,-0.20751953125,-0.8056640625,-0.25634765625,-1.50146484375,-0.09765625,-0.25634765625,-0.4638671875,-0.3173828125,0.1708984375,-1.18408203125,-0.1220703125,0.1220703125,-0.18310546875,0.42724609375,-0.10986328125,-0.18310546875,0.1953125,0.50048828125,0.1220703125,-0.72021484375,-0.10986328125,-1.50146484375,-0.2685546875,-1.03759765625,-0.01220703125,0.40283203125,0.390625,0.32958984375,-0.09765625,0.01220703125,-0.08544921875,-0.08544921875,-0.08544921875,0.1220703125,-0.1220703125,-0.048828125,-0.1953125,0.74462890625,-0.29296875,-0.48828125,-0.20751953125,-0.52490234375
1,-0.06103515625,-0.30517578125,-0.08544921875,-0.3173828125,-0.244140625,-0.390625,0.0244140625,-0.03662109375,-0.35400390625,-0.08544921875,0.03662109375,-0.87890625,0.048828125,1.06201171875,-0.2197265625,-0.23193359375,-0.244140625,-0.74462890625,0.0732421875,-0.28076171875,-0.09765625,0.72021484375,0,-0.89111328125,-0.20751953125,-0.03662109375,-0.10986328125,-0.8056640625,-0.10986328125,0.89111328125,-0.537109375,0.23193359375,-0.42724609375,-0.25634765625,-0.08544921875,-0.8544921875,-0.08544921875,-0.40283203125,0.048828125,-0.72021484375,0.1220703125,-0.1953125,0.50048828125,-0.7080078125,-0.67138671875,-0.30517578125,0.50048828125,0.68359375,-0.09765625,1.11083984375,-0.28076171875,0.47607421875,-0.18310546875,-0.1220703125,-0.08544921875,0.7080078125,-0.09765625,2.978515625,0.30517578125,1.86767578125,-0.08544921875,1.98974609375,0.10986328125,2.34375,-0.0732421875,0.15869140625,-0.0732421875,1.0498046875,0.10986328125,0.20751953125,-0.13427734375,0.20751953125,-0.0244140625,0.2685546875,-0.03662109375,0.84228515625,0.09765625,0,0.08544921875,1.318359375,0.13427734375,-0.98876953125,0.048828125,-0.3173828125,0.06103515625,-1.01318359375,-0.06103515625,-0.78125,-0.28076171875,-1.513671875,-0.15869140625,-0.23193359375,-0.42724609375,-0.3173828125,0.10986328125,-1.1962890625,-0.08544921875,0.15869140625,-0.1220703125,0.45166015625,-0.0732421875,-0.146484375,0.1708984375,0.59814453125,0.03662109375,-0.68359375,-0.13427734375,-1.47705078125,-0.23193359375,-1.06201171875,0.01220703125,0.390625,0.390625,0.341796875,-0.0732421875,0.01220703125,-0.06103515625,-0.06103515625,-0.0732421875,0.10986328125,-0.08544921875,-0.06103515625,-0.1953125,0.74462890625,-0.2685546875,-0.47607421875,-0.1953125,-0.5126953125
1,-0.0732421875,-0.30517578125,-0.08544921875,-0.3173828125,-0.1953125,-0.390625,0.0244140625,-0.03662109375,-0.3173828125,-0.08544921875,0.03662109375,-0.87890625,0.048828125,1.08642578125,-0.20751953125,-0.20751953125,-0.1953125,-0.7568359375,0.09765625,-0.29296875,-0.048828125,0.7568359375,0.10986328125,-0.86669921875,-0.3173828125,0.0244140625,-0.13427734375,-0.8056640625,-0.23193359375,0.89111328125,-0.48828125,0.2197265625,-0.32958984375,-0.30517578125,-0.08544921875,-0.86669921875,-0.048828125,-0.4150390625,0.01220703125,-0.74462890625,0.2685546875,-0.23193359375,0.45166015625,-0.69580078125,-0.5859375,-0.3662109375,0.4150390625,0.64697265625,-0.048828125,1.15966796875,-0.3662109375,0.4150390625,-0.15869140625,-0.15869140625,-0.1953125,0.69580078125,-0.0732421875,2.38037109375,0.2685546875,1.64794921875,-0.01220703125,1.7333984375,0.1708984375,2.06298828125,-0.01220703125,0.15869140625,-0.0244140625,1.03759765625,0.1220703125,0.1953125,-0.10986328125,0.1953125,0.01220703125,0.244140625,-0.0244140625,0.8056640625,0.08544921875,0,0.0732421875,1.33056640625,0.1708984375,-0.9765625,0.0732421875,-0.341796875,0.0244140625,-1.025390625,0.1220703125,-0.7568359375,-0.28076171875,-1.513671875,-0.13427734375,-0.1953125,-0.35400390625,-0.3173828125,0.06103515625,-1.15966796875,-0.0732421875,0.10986328125,-0.13427734375,0.35400390625,-0.10986328125,-0.20751953125,0.18310546875,0.6591796875,-0.0244140625,-0.67138671875,-0.146484375,-1.46484375,-0.1953125,-1.06201171875,0.01220703125,0.40283203125,0.390625,0.341796875,-0.03662109375,0,-0.048828125,-0.03662109375,-0.06103515625,0.1220703125,-0.08544921875,-0.048828125,-0.1953125,0.76904296875,-0.244140625,-0.47607421875,-0.20751953125,-0.5126953125
0,-0.08544921875,-0.32958984375,-0.0732421875,-0.3173828125,-0.1708984375,-0.37841796875,0,-0.0244140625,-0.2685546875,-0.0732421875,0.0244140625,-0.89111328125,0.048828125,1.11083984375,-0.1953125,-0.1953125,-0.15869140625,-0.7568359375,0.13427734375,-0.29296875,0.0244140625,0.732421875,0.15869140625,-0.86669921875,-0.40283203125,0.03662109375,-0.1708984375,-0.81787109375,-0.35400390625,0.87890625,-0.35400390625,0.20751953125,-0.18310546875,-0.30517578125,-0.244140625,-0.81787109375,-0.048828125,-0.4150390625,-0.03662109375,-0.76904296875,0.390625,-0.244140625,0.42724609375,-0.6591796875,-0.42724609375,-0.37841796875,0.42724609375,0.64697265625,-0.01220703125,1.171875,-0.4638671875,0.40283203125,-0.13427734375,-0.18310546875,-0.3173828125,0.7080078125,-0.06103515625,2.099609375,0.25634765625,1.5869140625,0.0732421875,1.6357421875,0.1953125,1.96533203125,0.06103515625,0.1708984375,0.06103515625,1.03759765625,0.1220703125,0.20751953125,-0.03662109375,0.15869140625,0.0732421875,0.244140625,-0.03662109375,0.8544921875,0.03662109375,0.0244140625,0.06103515625,1.318359375,0.1953125,-0.98876953125,0.08544921875,-0.3173828125,-0.0244140625,-1.03759765625,0.244140625,-0.74462890625,-0.244140625,-1.50146484375,-0.0732421875,-0.1953125,-0.1708984375,-0.32958984375,-0.01220703125,-1.1474609375,-0.01220703125,0,-0.10986328125,0.20751953125,-0.1220703125,-0.30517578125,0.20751953125,0.68359375,-0.0732421875,-0.6591796875,-0.08544921875,-1.46484375,-0.15869140625,-1.0498046875,-0.06103515625,0.40283203125,0.40283203125,0.341796875,-0.03662109375,0,-0.08544921875,0.01220703125,-0.048828125,0.1220703125,-0.08544921875,-0.06103515625,-0.20751953125,0.79345703125,-0.244140625,-0.4638671875,-0.244140625,-0.50048828125
0,-0.0732421875,-0.35400390625,-0.06103515625,-0.32958984375,-0.15869140625,-0.40283203125,-0.0244140625,-0.01220703125,-0.2685546875,-0.06103515625,0.048828125,-0.89111328125,0.08544921875,1.0986328125,-0.15869140625,-0.18310546875,-0.1220703125,-0.78125,0.1220703125,-0.28076171875,0.10986328125,0.72021484375,0.1708984375,-0.86669921875,-0.40283203125,0.0732421875,-0.2197265625,-0.81787109375,-0.4150390625,0.89111328125,-0.1953125,0.2197265625,-0.0244140625,-0.3173828125,-0.3173828125,-0.7568359375,-0.06103515625,-0.42724609375,-0.03662109375,-0.7568359375,0.439453125,-0.20751953125,0.390625,-0.634765625,-0.29296875,-0.40283203125,0.390625,0.634765625,-0.048828125,1.171875,-0.48828125,0.390625,-0.146484375,-0.20751953125,-0.35400390625,0.7080078125,0.048828125,2.2216796875,0.15869140625,1.69677734375,0.08544921875,1.69677734375,0.23193359375,2.11181640625,0.06103515625,0.15869140625,0.10986328125,1.025390625,0.146484375,0.2197265625,0.01220703125,0.1953125,0.09765625,0.23193359375,-0.0244140625,0.81787109375,-0.01220703125,0.0244140625,0.06103515625,1.33056640625,0.23193359375,-0.9765625,0.09765625,-0.3173828125,0,-1.025390625,0.30517578125,-0.7568359375,-0.18310546875,-1.50146484375,-0.0244140625,-0.20751953125,0.01220703125,-0.30517578125,-0.09765625,-1.13525390625,0.03662109375,-0.15869140625,-0.06103515625,0.06103515625,-0.1220703125,-0.40283203125,0.2197265625,0.7568359375,-0.1220703125,-0.6591796875,-0.06103515625,-1.46484375,-0.1708984375,-1.0498046875,-0.146484375,0.4150390625,0.42724609375,0.32958984375,-0.0244140625,0,-0.0732421875,0,-0.048828125,0.1220703125,-0.08544921875,-0.06103515625,-0.18310546875,0.8544921875,-0.244140625,-0.45166015625,-0.2197265625,-0.50048828125
0,-0.09765625,-0.3662109375,-0.0732421875,-0.32958984375,-0.15869140625,-0.390625,-0.06103515625,0,-0.28076171875,-0.06103515625,0.06103515625,-0.9033203125,0.08544921875,1.07421875,-0.146484375,-0.15869140625,-0.06103515625,-0.76904296875,0.13427734375,-0.29296875,0.18310546875,0.732421875,0.15869140625,-0.84228515625,-0.40283203125,0.10986328125,-0.23193359375,-0.81787109375,-0.37841796875,0.87890625,0,0.20751953125,0.15869140625,-0.341796875,-0.390625,-0.69580078125,-0.08544921875,-0.42724609375,-0.048828125,-0.78125,0.4150390625,-0.1953125,0.48828125,-0.634765625,-0.1953125,-0.42724609375,0.30517578125,0.634765625,-0.10986328125,1.171875,-0.5126953125,0.40283203125,-0.1220703125,-0.18310546875,-0.4150390625,0.7080078125,0.23193359375,2.86865234375,0.08544921875,2.001953125,0.146484375,1.9775390625,0.29296875,2.5390625,0.06103515625,0.18310546875,0.18310546875,1.01318359375,0.1708984375,0.2197265625,0.0244140625,0.1708984375,0.1708984375,0.23193359375,-0.06103515625,0.8056640625,-0.01220703125,0.03662109375,0.03662109375,1.33056640625,0.28076171875,-0.98876953125,0.0732421875,-0.32958984375,0.03662109375,-1.025390625,0.30517578125,-0.74462890625,-0.146484375,-1.50146484375,0.06103515625,-0.2197265625,0.1220703125,-0.30517578125,-0.146484375,-1.13525390625,0.048828125,-0.28076171875,-0.08544921875,-0.03662109375,-0.15869140625,-0.48828125,0.13427734375,0.9033203125,-0.146484375,-0.6591796875,-0.06103515625,-1.45263671875,-0.1953125,-1.07421875,-0.20751953125,0.4150390625,0.45166015625,0.341796875,-0.01220703125,0,-0.0732421875,0.0244140625,-0.0244140625,0.1220703125,-0.09765625,-0.048828125,-0.13427734375,0.87890625,-0.25634765625,-0.439453125,-0.23193359375,-0.50048828125
0,-0.09765625,-0.3662109375,-0.08544921875,-0.341796875,-0.10986328125,-0.40283203125,-0.06103515625,0.01220703125,-0.25634765625,-0.048828125,0.048828125,-0.89111328125,0.06103515625,1.06201171875,-0.13427734375,-0.15869140625,-0.06103515625,-0.76904296875,0.146484375,-0.30517578125,0.23193359375,0.7080078125,0.1220703125,-0.86669921875,-0.341796875,0.09765625,-0.20751953125,-0.8056640625,-0.32958984375,0.9033203125,0.09765625,0.2197265625,0.20751953125,-0.390625,-0.42724609375,-0.59814453125,-0.15869140625,-0.4150390625,-0.08544921875,-0.76904296875,0.3173828125,-0.18310546875,0.5126953125,-0.62255859375,-0.146484375,-0.47607421875,0.32958984375,0.634765625,-0.15869140625,1.1474609375,-0.5126953125,0.40283203125,-0.0732421875,-0.1708984375,-0.40283203125,0.72021484375,0.244140625,4.00390625,0.0732421875,2.52685546875,0.2197265625,2.4169921875,0.35400390625,3.21044921875,0.06103515625,0.1953125,0.244140625,1.01318359375,0.15869140625,0.244140625,0.048828125,0.1953125,0.2197265625,0.244140625,-0.13427734375,0.830078125,-0.06103515625,0.048828125,0.01220703125,1.30615234375,0.29296875,-0.96435546875,0.048828125,-0.3173828125,0.08544921875,-1.01318359375,0.18310546875,-0.74462890625,-0.1220703125,-1.4892578125,0.10986328125,-0.23193359375,0.20751953125,-0.3173828125,-0.10986328125,-1.13525390625,0.048828125,-0.25634765625,-0.10986328125,-0.0244140625,-0.1708984375,-0.4638671875,0.15869140625,1.18408203125,-0.10986328125,-0.6591796875,0,-1.46484375,-0.20751953125,-1.08642578125,-0.20751953125,0.390625,0.4638671875,0.32958984375,-0.01220703125,0,-0.0732421875,0.0244140625,0,0.10986328125,-0.1220703125,-0.0244140625,-0.146484375,0.89111328125,-0.28076171875,-0.45166015625,-0.2197265625,-0.48828125
0,-0.10986328125,-0.37841796875,-0.08544921875,-0.32958984375,-0.1220703125,-0.4150390625,-0.09765625,0.03662109375,-0.2685546875,-0.06103515625,0.03662109375,-0.89111328125,0.0732421875,1.025390625,-0.09765625,-0.18310546875,-0.06103515625,-0.76904296875,0.08544921875,-0.28076171875,0.25634765625,0.732421875,0.048828125,-0.87890625,-0.2685546875,0.09765625,-0.146484375,-0.81787109375,-0.1708984375,0.91552734375,0.13427734375,0.20751953125,0.1953125,-0.4150390625,-0.40283203125,-0.5126953125,-0.28076171875,-0.37841796875,-0.146484375,-0.76904296875,0.13427734375,-0.13427734375,0.5126953125,-0.64697265625,-0.18310546875,-0.4638671875,0.35400390625,0.68359375,-0.20751953125,1.13525390625,-0.537109375,0.439453125,-0.048828125,-0.18310546875,-0.37841796875,0.72021484375,0.1953125,5.50537109375,0.1220703125,3.21044921875,0.29296875,3.08837890625,0.3173828125,4.08935546875,0.09765625,0.23193359375,0.25634765625,1.025390625,0.18310546875,0.244140625,0.03662109375,0.1953125,0.2685546875,0.2685546875,-0.1953125,0.79345703125,-0.08544921875,0.048828125,0.03662109375,1.30615234375,0.2685546875,-0.9765625,0.0244140625,-0.30517578125,0.146484375,-1.01318359375,0,-0.74462890625,-0.08544921875,-1.4892578125,0.15869140625,-0.25634765625,0.2197265625,-0.30517578125,-0.01220703125,-1.13525390625,0.048828125,-0.0732421875,-0.15869140625,0.13427734375,-0.20751953125,-0.3173828125,0.1953125,1.64794921875,-0.03662109375,-0.64697265625,0.0244140625,-1.42822265625,-0.15869140625,-1.08642578125,-0.18310546875,0.390625,0.439453125,0.32958984375,-0.03662109375,0.01220703125,-0.0732421875,0.03662109375,0.03662109375,0.1220703125,-0.13427734375,0,-0.13427734375,0.89111328125,-0.30517578125,-0.45166015625,-0.2197265625,-0.47607421875
0,-0.09765625,-0.3662109375,-0.10986328125,-0.30517578125,-0.1220703125,-0.4150390625,-0.1220703125,0.0244140625,-0.244140625,-0.0732421875,0.03662109375,-0.9033203125,0.048828125,1.01318359375,-0.08544921875,-0.1708984375,-0.10986328125,-0.78125,0.048828125,-0.29296875,0.20751953125,0.732421875,-0.03662109375,-0.89111328125,-0.1953125,0.06103515625,-0.10986328125,-0.79345703125,0,0.927734375,0.10986328125,0.1953125,0.03662109375,-0.37841796875,-0.439453125,-0.439453125,-0.3662109375,-0.390625,-0.1708984375,-0.7568359375,-0.048828125,-0.13427734375,0.62255859375,-0.64697265625,-0.2685546875,-0.42724609375,0.37841796875,0.7080078125,-0.2197265625,1.11083984375,-0.52490234375,0.4638671875,0,-0.13427734375,-0.37841796875,0.72021484375,0.20751953125,7.32421875,0.0732421875,4.01611328125,0.2685546875,3.86962890625,0.2197265625,5.126953125,0.13427734375,0.23193359375,0.29296875,1.025390625,0.1953125,0.2685546875,0.03662109375,0.2197265625,0.29296875,0.2685546875,-0.25634765625,0.81787109375,-0.10986328125,0.048828125,0.03662109375,1.2939453125,0.2685546875,-0.9765625,0.01220703125,-0.341796875,0.15869140625,-1.0009765625,-0.18310546875,-0.76904296875,0.01220703125,-1.50146484375,0.20751953125,-0.28076171875,0.146484375,-0.30517578125,0.1220703125,-1.1474609375,0.0244140625,0.30517578125,-0.23193359375,0.48828125,-0.20751953125,-0.01220703125,0.18310546875,2.34375,0.048828125,-0.634765625,0.048828125,-1.45263671875,-0.146484375,-1.07421875,-0.146484375,0.390625,0.4638671875,0.341796875,-0.048828125,0.01220703125,-0.0732421875,0.01220703125,0.03662109375,0.10986328125,-0.1708984375,-0.01220703125,-0.13427734375,0.87890625,-0.35400390625,-0.50048828125,-0.23193359375,-0.47607421875
0,-0.10986328125,-0.3662109375,-0.15869140625,-0.30517578125,-0.1220703125,-0.4150390625,-0.146484375,0.0244140625,-0.244140625,-0.08544921875,0.0244140625,-0.89111328125,0.10986328125,0.98876953125,-0.08544921875,-0.2197265625,-0.146484375,-0.79345703125,0.01220703125,-0.29296875,0.13427734375,0.732421875,-0.146484375,-0.89111328125,-0.13427734375,0.048828125,0,-0.79345703125,0.08544921875,0.91552734375,0.03662109375,0.1953125,-0.1708984375,-0.35400390625,-0.341796875,-0.390625,-0.45166015625,-0.37841796875,-0.20751953125,-0.732421875,-0.1953125,-0.1220703125,0.45166015625,-0.6591796875,-0.40283203125,-0.37841796875,0.3662109375,0.7080078125,-0.2685546875,1.0986328125,-0.48828125,0.48828125,0.03662109375,-0.13427734375,-0.3173828125,0.732421875,0.2685546875,9.326171875,0.01220703125,4.8828125,0.28076171875,4.67529296875,0.09765625,6.23779296875,0.15869140625,0.25634765625,0.3173828125,1.03759765625,0.1708984375,0.244140625,0.03662109375,0.23193359375,0.28076171875,0.29296875,-0.32958984375,0.84228515625,-0.09765625,0.03662109375,0.048828125,1.318359375,0.23193359375,-0.96435546875,-0.0244140625,-0.3173828125,0.1220703125,-1.0009765625,-0.35400390625,-0.7568359375,0.08544921875,-1.513671875,0.23193359375,-0.29296875,0.06103515625,-0.30517578125,0.25634765625,-1.1474609375,-0.048828125,0.89111328125,-0.29296875,1.025390625,-0.20751953125,0.42724609375,0.09765625,3.25927734375,0.13427734375,-0.634765625,0.0732421875,-1.47705078125,-0.15869140625,-1.07421875,-0.13427734375,0.390625,0.45166015625,0.32958984375,-0.08544921875,0,-0.06103515625,0.0244140625,0.0244140625,0.10986328125,-0.18310546875,-0.01220703125,-0.13427734375,0.8544921875,-0.42724609375,-0.47607421875,-0.23193359375,-0.48828125
0,-0.08544921875,-0.35400390625,-0.1708984375,-0.29296875,-0.13427734375,-0.40283203125,-0.146484375,0.01220703125,-0.2197265625,-0.0732421875,0.0244140625,-0.87890625,0.10986328125,1.0009765625,-0.0732421875,-0.23193359375,-0.1708984375,-0.7568359375,-0.048828125,-0.28076171875,0.01220703125,0.74462890625,-0.23193359375,-0.89111328125,-0.08544921875,0.0244140625,0.10986328125,-0.8056640625,0.1708984375,0.9033203125,-0.0244140625,0.2197265625,-0.3662109375,-0.3173828125,-0.35400390625,-0.3662109375,-0.45166015625,-0.390625,-0.1953125,-0.732421875,-0.20751953125,-0.13427734375,0.390625,-0.68359375,-0.52490234375,-0.341796875,0.341796875,0.7080078125,-0.28076171875,1.123046875,-0.40283203125,0.5126953125,0.0732421875,-0.1220703125,-0.2685546875,0.72021484375,0.30517578125,11.23046875,0.048828125,5.74951171875,0.25634765625,5.4931640625,0.03662109375,7.33642578125,0.1708984375,0.25634765625,0.28076171875,1.03759765625,0.20751953125,0.23193359375,0,0.244140625,0.25634765625,0.30517578125,-0.32958984375,0.830078125,-0.0732421875,0.0244140625,0,1.30615234375,0.1953125,-0.9521484375,-0.03662109375,-0.341796875,0,-1.01318359375,-0.40283203125,-0.81787109375,0.08544921875,-1.52587890625,0.2197265625,-0.29296875,-0.01220703125,-0.32958984375,0.40283203125,-1.1474609375,-0.01220703125,1.611328125,-0.30517578125,1.69677734375,-0.10986328125,0.9765625,0.09765625,4.33349609375,0.20751953125,-0.634765625,0.10986328125,-1.50146484375,-0.13427734375,-1.07421875,-0.13427734375,0.390625,0.47607421875,0.35400390625,-0.0732421875,0.01220703125,-0.06103515625,0,0,0.1220703125,-0.1953125,-0.01220703125,-0.146484375,0.84228515625,-0.4638671875,-0.47607421875,-0.23193359375,-0.50048828125
0,-0.09765625,-0.3662109375,-0.18310546875,-0.28076171875,-0.13427734375,-0.4150390625,-0.146484375,0,-0.20751953125,-0.09765625,0,-0.89111328125,0.10986328125,1.025390625,-0.0732421875,-0.2197265625,-0.2197265625,-0.74462890625,-0.08544921875,-0.2685546875,-0.10986328125,0.7568359375,-0.28076171875,-0.86669921875,-0.03662109375,0.01220703125,0.1953125,-0.78125,0.1953125,0.9033203125,-0.048828125,0.2197265625,-0.54931640625,-0.28076171875,-0.32958984375,-0.390625,-0.45166015625,-0.37841796875,-0.1953125,-0.74462890625,-0.18310546875,-0.13427734375,0.341796875,-0.69580078125,-0.57373046875,-0.30517578125,0.341796875,0.7080078125,-0.30517578125,1.13525390625,-0.341796875,0.50048828125,0.1708984375,-0.15869140625,-0.2197265625,0.7080078125,0.146484375,12.90283203125,0.03662109375,6.494140625,0.2197265625,6.201171875,0,8.31298828125,0.1953125,0.28076171875,0.244140625,1.0498046875,0.20751953125,0.23193359375,-0.06103515625,0.25634765625,0.1953125,0.32958984375,-0.341796875,0.86669921875,-0.03662109375,0.01220703125,-0.01220703125,1.33056640625,0.13427734375,-0.93994140625,-0.048828125,-0.341796875,-0.1220703125,-1.0009765625,-0.3662109375,-0.79345703125,0.06103515625,-1.52587890625,0.1953125,-0.30517578125,-0.06103515625,-0.3173828125,0.50048828125,-1.171875,-0.0244140625,2.38037109375,-0.341796875,2.44140625,-0.03662109375,1.5869140625,0,5.517578125,0.25634765625,-0.62255859375,0.1220703125,-1.47705078125,-0.146484375,-1.0498046875,-0.1708984375,0.37841796875,0.45166015625,0.35400390625,-0.08544921875,0.01220703125,-0.06103515625,-0.01220703125,0,0.1220703125,-0.1708984375,-0.01220703125,-0.1708984375,0.84228515625,-0.52490234375,-0.4638671875,-0.20751953125,-0.5126953125
0,-0.08544921875,-0.3662109375,-0.15869140625,-0.28076171875,-0.10986328125,-0.42724609375,-0.15869140625,0.01220703125,-0.1953125,-0.10986328125,0,-0.87890625,0.13427734375,1.03759765625,-0.06103515625,-0.2197265625,-0.20751953125,-0.7568359375,-0.13427734375,-0.28076171875,-0.1953125,0.732421875,-0.2685546875,-0.89111328125,-0.03662109375,-0.01220703125,0.244140625,-0.78125,0.1708984375,0.9033203125,-0.01220703125,0.20751953125,-0.64697265625,-0.23193359375,-0.341796875,-0.42724609375,-0.3662109375,-0.3662109375,-0.18310546875,-0.732421875,-0.09765625,-0.1708984375,0.20751953125,-0.67138671875,-0.62255859375,-0.25634765625,0.30517578125,0.69580078125,-0.30517578125,1.1474609375,-0.30517578125,0.48828125,0.20751953125,-0.1953125,-0.10986328125,0.72021484375,-0.01220703125,14.22119140625,0.06103515625,7.04345703125,0.15869140625,6.72607421875,0.0244140625,9.04541015625,0.20751953125,0.2685546875,0.1708984375,1.06201171875,0.1708984375,0.23193359375,-0.10986328125,0.244140625,0.15869140625,0.32958984375,-0.32958984375,0.8544921875,0.01220703125,0,-0.048828125,1.3427734375,0.08544921875,-0.9765625,-0.06103515625,-0.341796875,-0.2685546875,-0.9765625,-0.30517578125,-0.79345703125,0.01220703125,-1.513671875,0.146484375,-0.28076171875,-0.0732421875,-0.32958984375,0.47607421875,-1.1962890625,0,3.1494140625,-0.28076171875,3.18603515625,0.06103515625,2.18505859375,0.15869140625,6.689453125,0.2197265625,-0.59814453125,0.09765625,-1.46484375,-0.13427734375,-1.0498046875,-0.13427734375,0.40283203125,0.42724609375,0.3662109375,-0.09765625,0,-0.0732421875,-0.01220703125,0.01220703125,0.146484375,-0.18310546875,-0.0244140625,-0.1953125,0.81787109375,-0.57373046875,-0.47607421875,-0.15869140625,-0.50048828125
0,-0.10986328125,-0.37841796875,-0.1708984375,-0.28076171875,-0.09765625,-0.40283203125,-0.20751953125,0.0244140625,-0.1953125,-0.1220703125,-0.03662109375,-0.86669921875,0.146484375,1.0498046875,-0.01220703125,-0.1953125,-0.1953125,-0.76904296875,-0.15869140625,-0.30517578125,-0.18310546875,0.7568359375,-0.25634765625,-0.87890625,-0.048828125,-0.03662109375,0.23193359375,-0.76904296875,0.09765625,0.9033203125,0.01220703125,0.20751953125,-0.634765625,-0.2197265625,-0.3173828125,-0.5126953125,-0.25634765625,-0.40283203125,-0.10986328125,-0.74462890625,0.01220703125,-0.15869140625,0.25634765625,-0.64697265625,-0.59814453125,-0.2685546875,0.25634765625,0.67138671875,-0.28076171875,1.171875,-0.341796875,0.48828125,0.20751953125,-0.1953125,-0.048828125,0.7080078125,-0.146484375,15.05126953125,0.01220703125,7.32421875,0.1220703125,7.01904296875,0.01220703125,9.53369140625,0.1953125,0.2685546875,0.10986328125,1.07421875,0.15869140625,0.2197265625,-0.1220703125,0.23193359375,0.09765625,0.30517578125,-0.3662109375,0.84228515625,0.0732421875,0.01220703125,-0.048828125,1.3427734375,0.06103515625,-0.9765625,-0.048828125,-0.32958984375,-0.37841796875,-1.0009765625,-0.15869140625,-0.79345703125,-0.0244140625,-1.50146484375,0.048828125,-0.28076171875,-0.06103515625,-0.32958984375,0.37841796875,-1.1962890625,0,3.8330078125,-0.18310546875,3.86962890625,0.146484375,2.74658203125,0.2685546875,7.77587890625,0.13427734375,-0.6103515625,0.06103515625,-1.47705078125,-0.0732421875,-1.03759765625,-0.09765625,0.390625,0.42724609375,0.390625,-0.08544921875,-0.0244140625,-0.0732421875,-0.01220703125,0,0.146484375,-0.1708984375,-0.03662109375,-0.15869140625,0.84228515625,-0.57373046875,-0.4638671875,-0.13427734375,-0.47607421875
0,-0.1220703125,-0.3662109375,-0.15869140625,-0.28076171875,-0.0732421875,-0.390625,-0.23193359375,0.01220703125,-0.18310546875,-0.1220703125,-0.03662109375,-0.84228515625,0.18310546875,1.07421875,-0.01220703125,-0.18310546875,-0.15869140625,-0.76904296875,-0.18310546875,-0.30517578125,-0.1708984375,0.74462890625,-0.1953125,-0.8544921875,-0.048828125,-0.01220703125,0.1953125,-0.78125,0,0.9033203125,0.03662109375,0.20751953125,-0.54931640625,-0.2197265625,-0.35400390625,-0.6103515625,-0.146484375,-0.4150390625,-0.13427734375,-0.76904296875,0.10986328125,-0.18310546875,0.25634765625,-0.64697265625,-0.54931640625,-0.29296875,0.23193359375,0.634765625,-0.1953125,1.18408203125,-0.35400390625,0.4638671875,0.244140625,-0.2197265625,0.01220703125,0.7080078125,-0.2197265625,15.283203125,0.06103515625,7.38525390625,0.08544921875,7.09228515625,0.03662109375,9.6435546875,0.13427734375,0.25634765625,0.048828125,1.08642578125,0.1220703125,0.23193359375,-0.13427734375,0.244140625,0.0244140625,0.29296875,-0.32958984375,0.87890625,0.10986328125,0,-0.08544921875,1.3671875,0.08544921875,-0.93994140625,-0.048828125,-0.35400390625,-0.390625,-1.01318359375,-0.048828125,-0.78125,-0.048828125,-1.50146484375,0.01220703125,-0.25634765625,-0.048828125,-0.32958984375,0.2197265625,-1.20849609375,-0.06103515625,4.35791015625,-0.0732421875,4.3701171875,0.15869140625,3.16162109375,0.30517578125,8.69140625,0.06103515625,-0.62255859375,0.01220703125,-1.47705078125,-0.03662109375,-1.01318359375,-0.08544921875,0.40283203125,0.40283203125,0.35400390625,-0.0732421875,-0.01220703125,-0.0732421875,-0.0244140625,-0.01220703125,0.1708984375,-0.20751953125,-0.0244140625,-0.1953125,0.87890625,-0.57373046875,-0.4638671875,-0.10986328125,-0.50048828125
0,-0.1220703125,-0.390625,-0.18310546875,-0.30517578125,-0.048828125,-0.37841796875,-0.2685546875,0,-0.15869140625,-0.08544921875,-0.08544921875,-0.86669921875,0.1708984375,1.08642578125,0.0244140625,-0.1708984375,-0.1220703125,-0.76904296875,-0.20751953125,-0.3173828125,-0.1220703125,0.74462890625,-0.13427734375,-0.830078125,-0.01220703125,-0.01220703125,0.10986328125,-0.78125,-0.0732421875,0.9033203125,0,0.23193359375,-0.35400390625,-0.2685546875,-0.40283203125,-0.69580078125,-0.048828125,-0.42724609375,-0.1708984375,-0.76904296875,0.146484375,-0.20751953125,0.28076171875,-0.6103515625,-0.537109375,-0.341796875,0.146484375,0.6591796875,-0.09765625,1.171875,-0.390625,0.47607421875,0.25634765625,-0.20751953125,0.06103515625,0.7080078125,-0.28076171875,15.00244140625,0.0732421875,7.1533203125,0.0732421875,6.92138671875,0.0244140625,9.43603515625,0.08544921875,0.25634765625,-0.01220703125,1.07421875,0.0732421875,0.23193359375,-0.146484375,0.25634765625,-0.0244140625,0.29296875,-0.3173828125,0.84228515625,0.146484375,0,-0.09765625,1.35498046875,0.10986328125,-0.9765625,-0.03662109375,-0.32958984375,-0.32958984375,-1.025390625,0.0244140625,-0.7568359375,-0.10986328125,-1.50146484375,-0.0244140625,-0.25634765625,0.01220703125,-0.341796875,0.048828125,-1.20849609375,-0.1708984375,4.6875,-0.03662109375,4.7119140625,0.10986328125,3.43017578125,0.2197265625,9.3994140625,-0.03662109375,-0.62255859375,-0.0732421875,-1.47705078125,-0.03662109375,-1.025390625,-0.08544921875,0.4150390625,0.37841796875,0.3662109375,-0.048828125,-0.03662109375,-0.06103515625,0,-0.03662109375,0.146484375,-0.20751953125,-0.01220703125,-0.1953125,0.87890625,-0.537109375,-0.47607421875,-0.09765625,-0.47607421875
1,-0.10986328125,-0.37841796875,-0.1953125,-0.3173828125,-0.048828125,-0.37841796875,-0.25634765625,-0.0244140625,-0.10986328125,-0.06103515625,-0.0732421875,-0.86669921875,0.1953125,1.06201171875,0.048828125,-0.1708984375,-0.06103515625,-0.76904296875,-0.1953125,-0.3173828125,-0.01220703125,0.7568359375,-0.08544921875,-0.830078125,-0.01220703125,-0.01220703125,-0.01220703125,-0.79345703125,-0.1220703125,0.91552734375,-0.048828125,0.23193359375,-0.15869140625,-0.25634765625,-0.32958984375,-0.8056640625,0.03662109375,-0.45166015625,-0.1953125,-0.76904296875,0.1953125,-0.20751953125,0.439453125,-0.59814453125,-0.48828125,-0.32958984375,0.15869140625,0.62255859375,0,1.18408203125,-0.47607421875,0.47607421875,0.30517578125,-0.1953125,0.10986328125,0.7080078125,-0.30517578125,14.2333984375,0.0732421875,6.7138671875,0.08544921875,6.54296875,-0.03662109375,8.92333984375,0.048828125,0.2685546875,-0.09765625,1.06201171875,0.03662109375,0.23193359375,-0.146484375,0.244140625,-0.06103515625,0.28076171875,-0.25634765625,0.81787109375,0.1708984375,-0.01220703125,-0.09765625,1.35498046875,0.13427734375,-0.9765625,-0.0244140625,-0.32958984375,-0.20751953125,-1.01318359375,0.048828125,-0.76904296875,-0.146484375,-1.50146484375,-0.048828125,-0.244140625,0,-0.32958984375,-0.03662109375,-1.220703125,-0.146484375,4.84619140625,0.01220703125,4.931640625,0.08544921875,3.57666015625,0.1708984375,9.87548828125,-0.03662109375,-0.634765625,-0.146484375,-1.47705078125,-0.09765625,-1.025390625,-0.09765625,0.42724609375,0.3662109375,0.35400390625,-0.03662109375,-0.03662109375,-0.0732421875,0,-0.048828125,0.146484375,-0.23193359375,-0.01220703125,-0.18310546875,0.89111328125,-0.5126953125,-0.4638671875,-0.08544921875,-0.47607421875
1,-0.1220703125,-0.390625,-0.2197265625,-0.32958984375,-0.0244140625,-0.37841796875,-0.29296875,-0.01220703125,-0.1220703125,-0.01220703125,-0.08544921875,-0.89111328125,0.2197265625,1.06201171875,0.048828125,-0.18310546875,0,-0.7568359375,-0.15869140625,-0.3173828125,0.08544921875,0.74462890625,-0.06103515625,-0.8544921875,0.048828125,-0.0244140625,-0.09765625,-0.8056640625,-0.1708984375,0.93994140625,-0.15869140625,0.23193359375,0.0244140625,-0.3173828125,-0.244140625,-0.9033203125,0.06103515625,-0.48828125,-0.20751953125,-0.78125,0.1708984375,-0.2197265625,0.52490234375,-0.54931640625,-0.45166015625,-0.40283203125,0.20751953125,0.5859375,0,1.15966796875,-0.50048828125,0.47607421875,0.3173828125,-0.18310546875,0.1708984375,0.72021484375,-0.28076171875,13.1103515625,0.1220703125,6.09130859375,0.0732421875,6.01806640625,-0.08544921875,8.203125,0.01220703125,0.2685546875,-0.1708984375,1.03759765625,-0.0244140625,0.23193359375,-0.13427734375,0.244140625,-0.146484375,0.28076171875,-0.1953125,0.84228515625,0.146484375,0,-0.06103515625,1.35498046875,0.146484375,-0.96435546875,0,-0.32958984375,-0.048828125,-1.0498046875,0.0244140625,-0.76904296875,-0.1953125,-1.513671875,-0.01220703125,-0.244140625,-0.03662109375,-0.30517578125,-0.08544921875,-1.20849609375,-0.15869140625,4.84619140625,0.01220703125,4.98046875,0,3.564453125,0.146484375,10.1318359375,-0.06103515625,-0.64697265625,-0.1953125,-1.45263671875,-0.146484375,-1.01318359375,-0.1220703125,0.40283203125,0.341796875,0.341796875,-0.0244140625,-0.0244140625,-0.0732421875,0.01220703125,-0.0732421875,0.146484375,-0.244140625,-0.01220703125,-0.1708984375,0.89111328125,-0.47607421875,-0.4638671875,-0.08544921875,-0.45166015625
1,-0.09765625,-0.4150390625,-0.23193359375,-0.32958984375,-0.01220703125,-0.390625,-0.30517578125,-0.01220703125,-0.146484375,0,-0.10986328125,-0.9033203125,0.1953125,1.025390625,0.06103515625,-0.1953125,0.0244140625,-0.79345703125,-0.1220703125,-0.341796875,0.18310546875,0.74462890625,-0.048828125,-0.8544921875,0.0732421875,-0.0244140625,-0.18310546875,-0.8056640625,-0.1708984375,0.9521484375,-0.2685546875,0.2197265625,0.1220703125,-0.37841796875,-0.048828125,-0.96435546875,0.03662109375,-0.48828125,-0.18310546875,-0.76904296875,0.146484375,-0.1953125,0.68359375,-0.537109375,-0.3662109375,-0.439453125,0.244140625,0.5859375,0.01220703125,1.1474609375,-0.54931640625,0.48828125,0.341796875,-0.1708984375,0.18310546875,0.72021484375,-0.23193359375,11.71875,0.10986328125,5.38330078125,0.146484375,5.40771484375,-0.18310546875,7.31201171875,-0.03662109375,0.28076171875,-0.1953125,1.03759765625,-0.08544921875,0.2197265625,-0.09765625,0.25634765625,-0.20751953125,0.28076171875,-0.13427734375,0.8544921875,0.10986328125,0,-0.03662109375,1.3427734375,0.1220703125,-0.96435546875,0.0244140625,-0.341796875,0.10986328125,-1.03759765625,-0.048828125,-0.79345703125,-0.2197265625,-1.513671875,0.01220703125,-0.2685546875,-0.1220703125,-0.32958984375,-0.03662109375,-1.220703125,-0.08544921875,4.74853515625,0,4.87060546875,-0.08544921875,3.50341796875,0.23193359375,10.1318359375,-0.0244140625,-0.6591796875,-0.23193359375,-1.47705078125,-0.23193359375,-1.0498046875,-0.146484375,0.37841796875,0.3173828125,0.341796875,-0.0244140625,-0.0244140625,-0.0732421875,0.01220703125,-0.08544921875,0.13427734375,-0.244140625,-0.01220703125,-0.13427734375,0.9033203125,-0.42724609375,-0.47607421875,-0.09765625,-0.4638671875
1,-0.09765625,-0.42724609375,-0.20751953125,-0.30517578125,0.01220703125,-0.37841796875,-0.3173828125,0,-0.13427734375,0.01220703125,-0.09765625,-0.9033203125,0.18310546875,1.01318359375,0.048828125,-0.18310546875,0.03662109375,-0.79345703125,-0.01220703125,-0.341796875,0.244140625,0.74462890625,-0.0244140625,-0.8544921875,0.06103515625,-0.03662109375,-0.1953125,-0.8056640625,-0.10986328125,0.93994140625,-0.37841796875,0.244140625,0.1220703125,-0.4150390625,0.0732421875,-0.98876953125,-0.01220703125,-0.48828125,-0.1953125,-0.76904296875,0.10986328125,-0.1708984375,0.78125,-0.52490234375,-0.3173828125,-0.45166015625,0.35400390625,0.62255859375,-0.01220703125,1.123046875,-0.54931640625,0.48828125,0.3662109375,-0.146484375,0.1708984375,0.7568359375,-0.1708984375,10.26611328125,0.1953125,4.6630859375,0.20751953125,4.7607421875,-0.244140625,6.35986328125,-0.08544921875,0.29296875,-0.244140625,1.025390625,-0.10986328125,0.23193359375,-0.048828125,0.244140625,-0.28076171875,0.29296875,-0.0732421875,0.86669921875,0.09765625,0,0.0244140625,1.3427734375,0.1220703125,-1.0009765625,0.048828125,-0.3173828125,0.23193359375,-1.03759765625,-0.08544921875,-0.78125,-0.25634765625,-1.5380859375,0.0244140625,-0.25634765625,-0.20751953125,-0.35400390625,0.06103515625,-1.20849609375,0.0244140625,4.6142578125,0.048828125,4.69970703125,-0.10986328125,3.38134765625,0.15869140625,9.97314453125,0,-0.634765625,-0.25634765625,-1.4892578125,-0.23193359375,-1.03759765625,-0.10986328125,0.390625,0.3173828125,0.32958984375,-0.03662109375,-0.01220703125,-0.06103515625,0.0244140625,-0.0732421875,0.13427734375,-0.244140625,-0.01220703125,-0.146484375,0.89111328125,-0.37841796875,-0.4638671875,-0.0732421875,-0.45166015625
1,-0.0732421875,-0.42724609375,-0.20751953125,-0.30517578125,0.03662109375,-0.37841796875,-0.3173828125,0,-0.10986328125,-0.0244140625,-0.09765625,-0.9033203125,0.1708984375,0.9765625,0.06103515625,-0.18310546875,0.048828125,-0.78125,0.048828125,-0.32958984375,0.2685546875,0.74462890625,-0.01220703125,-0.86669921875,0.03662109375,-0.03662109375,-0.23193359375,-0.79345703125,-0.01220703125,0.96435546875,-0.4150390625,0.244140625,0.09765625,-0.4150390625,0.18310546875,-0.9765625,-0.09765625,-0.4638671875,-0.18310546875,-0.76904296875,0.0732421875,-0.15869140625,0.7568359375,-0.537109375,-0.28076171875,-0.45166015625,0.439453125,0.6591796875,0,1.123046875,-0.537109375,0.48828125,0.3662109375,-0.146484375,0.08544921875,0.74462890625,-0.08544921875,8.837890625,0.25634765625,3.9794921875,0.3173828125,4.11376953125,-0.2685546875,5.419921875,-0.10986328125,0.28076171875,-0.2685546875,1.03759765625,-0.13427734375,0.20751953125,-0.01220703125,0.23193359375,-0.32958984375,0.28076171875,-0.01220703125,0.89111328125,0.03662109375,0,0.10986328125,1.3427734375,0.1220703125,-0.9765625,0.09765625,-0.32958984375,0.25634765625,-1.025390625,-0.08544921875,-0.76904296875,-0.2197265625,-1.50146484375,-0.01220703125,-0.25634765625,-0.29296875,-0.3662109375,0.1953125,-1.18408203125,0.08544921875,4.443359375,0.06103515625,4.5166015625,-0.18310546875,3.25927734375,0.0244140625,9.66796875,0.03662109375,-0.634765625,-0.244140625,-1.47705078125,-0.2197265625,-1.025390625,-0.09765625,0.37841796875,0.29296875,0.341796875,-0.048828125,-0.01220703125,-0.0732421875,0.01220703125,-0.0732421875,0.13427734375,-0.25634765625,-0.01220703125,-0.15869140625,0.86669921875,-0.3662109375,-0.48828125,-0.03662109375,-0.4638671875
1,-0.0732421875,-0.40283203125,-0.1953125,-0.28076171875,0.06103515625,-0.4150390625,-0.32958984375,0.01220703125,-0.10986328125,-0.0244140625,-0.10986328125,-0.9033203125,0.18310546875,0.9765625,0.048828125,-0.1953125,0.01220703125,-0.78125,0.13427734375,-0.30517578125,0.2197265625,0.7080078125,0.06103515625,-0.87890625,-0.03662109375,-0.03662109375,-0.18310546875,-0.79345703125,0.048828125,0.96435546875,-0.37841796875,0.23193359375,0.048828125,-0.390625,0.3173828125,-0.96435546875,-0.15869140625,-0.45166015625,-0.18310546875,-0.732421875,0.13427734375,-0.146484375,0.7080078125,-0.54931640625,-0.29296875,-0.4150390625,0.42724609375,0.68359375,-0.0244140625,1.11083984375,-0.52490234375,0.47607421875,0.3173828125,-0.15869140625,-0.01220703125,0.74462890625,-0.0244140625,7.568359375,0.28076171875,3.369140625,0.35400390625,3.5400390625,-0.29296875,4.55322265625,-0.146484375,0.30517578125,-0.25634765625,1.025390625,-0.146484375,0.18310546875,-0.01220703125,0.23193359375,-0.341796875,0.29296875,0.01220703125,0.86669921875,0,-0.01220703125,0.146484375,1.30615234375,0.15869140625,-0.9765625,0.10986328125,-0.3173828125,0.20751953125,-1.0009765625,-0.08544921875,-0.78125,-0.1708984375,-1.50146484375,0.01220703125,-0.2685546875,-0.30517578125,-0.3173828125,0.29296875,-1.171875,0.13427734375,4.248046875,0.09765625,4.28466796875,-0.18310546875,3.1005859375,-0.08544921875,9.2529296875,0.06103515625,-0.62255859375,-0.20751953125,-1.47705078125,-0.23193359375,-1.0498046875,-0.10986328125,0.390625,0.28076171875,0.341796875,-0.048828125,0,-0.0732421875,0.01220703125,-0.0732421875,0.146484375,-0.244140625,-0.0244140625,-0.146484375,0.8544921875,-0.390625,-0.50048828125,0,-0.48828125
1,-0.09765625,-0.390625,-0.2197265625,-0.28076171875,0.10986328125,-0.40283203125,-0.35400390625,0.01220703125,-0.10986328125,-0.03662109375,-0.08544921875,-0.9033203125,0.18310546875,0.98876953125,0.06103515625,-0.2197265625,0,-0.76904296875,0.18310546875,-0.30517578125,0.146484375,0.69580078125,0.1220703125,-0.87890625,-0.09765625,-0.06103515625,-0.10986328125,-0.78125,0.09765625,0.93994140625,-0.28076171875,0.2197265625,0.0244140625,-0.37841796875,0.341796875,-0.927734375,-0.20751953125,-0.439453125,-0.1708984375,-0.74462890625,0.1708984375,-0.1220703125,0.59814453125,-0.59814453125,-0.25634765625,-0.42724609375,0.4150390625,0.7080078125,-0.06103515625,1.13525390625,-0.50048828125,0.4638671875,0.244140625,-0.1953125,-0.09765625,0.74462890625,0.03662109375,6.40869140625,0.29296875,2.880859375,0.4150390625,3.02734375,-0.25634765625,3.7841796875,-0.1708984375,0.30517578125,-0.25634765625,1.0498046875,-0.13427734375,0.18310546875,-0.01220703125,0.23193359375,-0.37841796875,0.29296875,0.048828125,0.9033203125,-0.03662109375,-0.01220703125,0.18310546875,1.33056640625,0.1953125,-0.9521484375,0.146484375,-0.32958984375,0.10986328125,-0.98876953125,-0.01220703125,-0.76904296875,-0.08544921875,-1.513671875,0.048828125,-0.2685546875,-0.2685546875,-0.3173828125,0.32958984375,-1.15966796875,0.0732421875,4.0771484375,0.1220703125,4.06494140625,-0.1708984375,2.94189453125,-0.146484375,8.77685546875,0,-0.634765625,-0.13427734375,-1.47705078125,-0.2197265625,-1.0498046875,-0.1708984375,0.3662109375,0.25634765625,0.35400390625,-0.03662109375,0,-0.0732421875,0.01220703125,-0.08544921875,0.146484375,-0.20751953125,-0.03662109375,-0.146484375,0.8544921875,-0.390625,-0.48828125,0.0244140625,-0.47607421875
1,-0.08544921875,-0.37841796875,-0.20751953125,-0.29296875,0.10986328125,-0.4150390625,-0.3662109375,0.01220703125,-0.08544921875,-0.08544921875,-0.09765625,-0.89111328125,0.23193359375,1.0009765625,0.10986328125,-0.2197265625,-0.048828125,-0.74462890625,0.15869140625,-0.2685546875,0.0732421875,0.68359375,0.1953125,-0.8544921875,-0.1220703125,-0.08544921875,-0.0244140625,-0.79345703125,0.1220703125,0.93994140625,-0.13427734375,0.2197265625,0.06103515625,-0.35400390625,0.3173828125,-0.89111328125,-0.28076171875,-0.4150390625,-0.1708984375,-0.72021484375,0.15869140625,-0.13427734375,0.42724609375,-0.62255859375,-0.23193359375,-0.4150390625,0.42724609375,0.72021484375,-0.0732421875,1.13525390625,-0.47607421875,0.4638671875,0.18310546875,-0.1953125,-0.20751953125,0.732421875,0.06103515625,5.43212890625,0.28076171875,2.47802734375,0.42724609375,2.587890625,-0.18310546875,3.1494140625,-0.20751953125,0.28076171875,-0.20751953125,1.0498046875,-0.09765625,0.18310546875,-0.06103515625,0.23193359375,-0.390625,0.29296875,0.09765625,0.91552734375,-0.06103515625,-0.01220703125,0.1708984375,1.33056640625,0.1708984375,-0.93994140625,0.146484375,-0.32958984375,-0.048828125,-0.98876953125,0.08544921875,-0.78125,-0.0244140625,-1.52587890625,0.048828125,-0.2685546875,-0.146484375,-0.3173828125,0.3173828125,-1.15966796875,-0.01220703125,3.91845703125,0.1220703125,3.857421875,-0.10986328125,2.783203125,-0.244140625,8.23974609375,-0.048828125,-0.6591796875,-0.048828125,-1.4892578125,-0.2197265625,-1.0498046875,-0.1953125,0.37841796875,0.1953125,0.37841796875,-0.03662109375,-0.01220703125,-0.048828125,-0.0244140625,-0.08544921875,0.146484375,-0.2197265625,-0.0244140625,-0.146484375,0.8544921875,-0.390625,-0.48828125,0.0244140625,-0.50048828125
1,-0.08544921875,-0.3662109375,-0.18310546875,-0.29296875,0.15869140625,-0.40283203125,-0.40283203125,0.0244140625,-0.03662109375,-0.08544921875,-0.10986328125,-0.89111328125,0.146484375,1.03759765625,0.08544921875,-0.20751953125,-0.08544921875,-0.732421875,0.146484375,-0.25634765625,0.01220703125,0.69580078125,0.25634765625,-0.8544921875,-0.1220703125,-0.09765625,0.06103515625,-0.7568359375,0.10986328125,0.9521484375,0.06103515625,0.2197265625,0.06103515625,-0.32958984375,0.1708984375,-0.8544921875,-0.29296875,-0.4150390625,-0.20751953125,-0.72021484375,0.1708984375,-0.146484375,0.37841796875,-0.67138671875,-0.1953125,-0.35400390625,0.42724609375,0.72021484375,-0.06103515625,1.1474609375,-0.42724609375,0.45166015625,0.048828125,-0.23193359375,-0.244140625,0.72021484375,0.048828125,4.60205078125,0.3173828125,2.16064453125,0.42724609375,2.197265625,-0.1220703125,2.587890625,-0.20751953125,0.28076171875,-0.20751953125,1.07421875,-0.03662109375,0.18310546875,-0.09765625,0.20751953125,-0.341796875,0.28076171875,0.1220703125,0.9033203125,-0.0732421875,0,0.1708984375,1.3427734375,0.15869140625,-0.93994140625,0.146484375,-0.341796875,-0.1708984375,-0.9765625,0.15869140625,-0.76904296875,0.0244140625,-1.52587890625,0.03662109375,-0.2197265625,-0.01220703125,-0.30517578125,0.2685546875,-1.15966796875,-0.1220703125,3.7353515625,0.08544921875,3.61328125,-0.06103515625,2.6123046875,-0.25634765625,7.67822265625,-0.048828125,-0.67138671875,0.03662109375,-1.47705078125,-0.20751953125,-1.07421875,-0.23193359375,0.37841796875,0.15869140625,0.3662109375,-0.03662109375,-0.01220703125,-0.0732421875,-0.048828125,-0.08544921875,0.1220703125,-0.2197265625,-0.01220703125,-0.146484375,0.84228515625,-0.40283203125,-0.48828125,-0.0244140625,-0.50048828125
1,-0.0732421875,-0.3662109375,-0.1708984375,-0.30517578125,0.146484375,-0.4150390625,-0.4150390625,0,-0.0244140625,-0.10986328125,-0.13427734375,-0.9033203125,0.1220703125,1.06201171875,0.1220703125,-0.20751953125,-0.10986328125,-0.732421875,0.08544921875,-0.25634765625,-0.048828125,0.72021484375,0.2197265625,-0.8544921875,-0.08544921875,-0.146484375,0.09765625,-0.732421875,0.10986328125,0.93994140625,0.2197265625,0.18310546875,0.08544921875,-0.28076171875,0,-0.830078125,-0.28076171875,-0.40283203125,-0.2197265625,-0.72021484375,0.13427734375,-0.15869140625,0.30517578125,-0.68359375,-0.1708984375,-0.32958984375,0.37841796875,0.7080078125,-0.0244140625,1.1962890625,-0.439453125,0.45166015625,-0.06103515625,-0.23193359375,-0.2685546875,0.732421875,0.01220703125,3.8330078125,0.40283203125,1.86767578125,0.50048828125,1.84326171875,-0.03662109375,2.099609375,-0.1708984375,0.244140625,-0.18310546875,1.06201171875,0,0.18310546875,-0.13427734375,0.23193359375,-0.30517578125,0.2685546875,0.146484375,0.927734375,-0.10986328125,0,0.1708984375,1.3427734375,0.13427734375,-0.93994140625,0.15869140625,-0.32958984375,-0.29296875,-0.98876953125,0.15869140625,-0.7568359375,0.048828125,-1.513671875,0.01220703125,-0.23193359375,0.09765625,-0.30517578125,0.20751953125,-1.1474609375,-0.1220703125,3.50341796875,0.08544921875,3.38134765625,0.01220703125,2.44140625,-0.15869140625,7.16552734375,-0.03662109375,-0.67138671875,0.08544921875,-1.4892578125,-0.146484375,-1.06201171875,-0.20751953125,0.390625,0.1220703125,0.35400390625,-0.01220703125,-0.01220703125,-0.06103515625,-0.03662109375,-0.09765625,0.146484375,-0.2197265625,0.01220703125,-0.1708984375,0.830078125,-0.3662109375,-0.47607421875,-0.06103515625,-0.48828125
1,-0.06103515625,-0.35400390625,-0.1708984375,-0.3173828125,0.1708984375,-0.42724609375,-0.45166015625,-0.01220703125,0,-0.09765625,-0.13427734375,-0.87890625,0.09765625,1.08642578125,0.13427734375,-0.244140625,-0.10986328125,-0.7080078125,0.01220703125,-0.23193359375,-0.06103515625,0.72021484375,0.08544921875,-0.8544921875,-0.0244140625,-0.15869140625,0.09765625,-0.76904296875,0.1220703125,0.927734375,0.30517578125,0.20751953125,0.09765625,-0.30517578125,-0.1953125,-0.81787109375,-0.2685546875,-0.42724609375,-0.20751953125,-0.74462890625,0.06103515625,-0.1953125,0.3173828125,-0.7080078125,-0.18310546875,-0.341796875,0.35400390625,0.68359375,0,1.20849609375,-0.45166015625,0.4638671875,-0.1708984375,-0.2197265625,-0.25634765625,0.732421875,-0.08544921875,3.1005859375,0.37841796875,1.5380859375,0.5126953125,1.50146484375,-0.0244140625,1.62353515625,-0.13427734375,0.23193359375,-0.13427734375,1.06201171875,0.03662109375,0.1953125,-0.1708984375,0.23193359375,-0.2197265625,0.25634765625,0.15869140625,0.89111328125,-0.10986328125,0.01220703125,0.15869140625,1.3427734375,0.1220703125,-0.93994140625,0.1220703125,-0.341796875,-0.2685546875,-1.01318359375,0.10986328125,-0.76904296875,0.0732421875,-1.52587890625,0,-0.2197265625,0.15869140625,-0.30517578125,0.1220703125,-1.13525390625,-0.15869140625,3.25927734375,0.0244140625,3.125,0,2.25830078125,-0.1953125,6.6650390625,0.01220703125,-0.7080078125,0.09765625,-1.47705078125,-0.09765625,-1.07421875,-0.20751953125,0.40283203125,0.08544921875,0.35400390625,-0.03662109375,-0.0244140625,-0.06103515625,-0.06103515625,-0.0732421875,0.146484375,-0.20751953125,0,-0.1708984375,0.81787109375,-0.3662109375,-0.48828125,-0.0732421875,-0.47607421875
1,-0.03662109375,-0.35400390625,-0.20751953125,-0.30517578125,0.18310546875,-0.40283203125,-0.4638671875,0.0244140625,0.01220703125,-0.06103515625,-0.146484375,-0.87890625,0.10986328125,1.08642578125,0.1708984375,-0.2197265625,-0.10986328125,-0.7080078125,-0.03662109375,-0.2685546875,-0.08544921875,0.72021484375,-0.0732421875,-0.84228515625,0.0244140625,-0.1953125,0.0732421875,-0.78125,0.146484375,0.91552734375,0.341796875,0.20751953125,0.06103515625,-0.341796875,-0.390625,-0.81787109375,-0.244140625,-0.4638671875,-0.18310546875,-0.76904296875,-0.01220703125,-0.1953125,0.30517578125,-0.7080078125,-0.25634765625,-0.3662109375,0.30517578125,0.634765625,0.06103515625,1.20849609375,-0.40283203125,0.45166015625,-0.2685546875,-0.1953125,-0.25634765625,0.72021484375,-0.1953125,2.30712890625,0.37841796875,1.20849609375,0.5126953125,1.11083984375,-0.01220703125,1.11083984375,-0.08544921875,0.2197265625,-0.048828125,1.0498046875,0.06103515625,0.1953125,-0.1708984375,0.2197265625,-0.1953125,0.244140625,0.15869140625,0.86669921875,-0.146484375,0.0244140625,0.13427734375,1.35498046875,0.13427734375,-0.96435546875,0.09765625,-0.341796875,-0.18310546875,-1.01318359375,0,-0.7568359375,0.08544921875,-1.52587890625,-0.0244140625,-0.20751953125,0.1953125,-0.3173828125,0.09765625,-1.13525390625,-0.15869140625,3.02734375,-0.0244140625,2.91748046875,0,2.0751953125,-0.15869140625,6.26220703125,0.06103515625,-0.74462890625,0.0732421875,-1.47705078125,-0.08544921875,-1.07421875,-0.1220703125,0.4150390625,0.0732421875,0.341796875,-0.03662109375,-0.0244140625,-0.0732421875,-0.06103515625,-0.06103515625,0.13427734375,-0.1953125,0.01220703125,-0.146484375,0.830078125,-0.32958984375,-0.47607421875,-0.06103515625,-0.47607421875
1,-0.01220703125,-0.3662109375,-0.23193359375,-0.30517578125,0.1953125,-0.390625,-0.45166015625,0.01220703125,0.0244140625,-0.03662109375,-0.1708984375,-0.87890625,0.10986328125,1.08642578125,0.18310546875,-0.18310546875,-0.1220703125,-0.732421875,-0.10986328125,-0.2685546875,-0.08544921875,0.732421875,-0.2685546875,-0.84228515625,0.146484375,-0.2197265625,0.0244140625,-0.76904296875,0.1708984375,0.91552734375,0.25634765625,0.1953125,-0.03662109375,-0.3662109375,-0.47607421875,-0.81787109375,-0.23193359375,-0.47607421875,-0.146484375,-0.78125,-0.06103515625,-0.2197265625,0.3662109375,-0.68359375,-0.341796875,-0.40283203125,0.30517578125,0.634765625,0.08544921875,1.1962890625,-0.3662109375,0.4638671875,-0.32958984375,-0.15869140625,-0.341796875,0.732421875,-0.32958984375,1.52587890625,0.29296875,0.8056640625,0.4638671875,0.7568359375,-0.0732421875,0.6103515625,-0.01220703125,0.20751953125,0.0244140625,1.03759765625,0.08544921875,0.20751953125,-0.146484375,0.2197265625,-0.1953125,0.25634765625,0.146484375,0.86669921875,-0.18310546875,0.01220703125,0.09765625,1.3427734375,0.13427734375,-0.9765625,0.0732421875,-0.35400390625,-0.048828125,-0.98876953125,-0.13427734375,-0.76904296875,0.09765625,-1.52587890625,-0.06103515625,-0.2197265625,0.1220703125,-0.3173828125,0.08544921875,-1.13525390625,-0.1708984375,2.77099609375,-0.09765625,2.69775390625,-0.048828125,1.89208984375,-0.13427734375,5.9326171875,0.1220703125,-0.74462890625,0.01220703125,-1.46484375,-0.10986328125,-1.07421875,-0.0732421875,0.40283203125,0.048828125,0.32958984375,-0.048828125,-0.03662109375,-0.0732421875,-0.06103515625,-0.06103515625,0.146484375,-0.20751953125,0,-0.1220703125,0.830078125,-0.28076171875,-0.48828125,-0.048828125,-0.48828125
1,0,-0.3662109375,-0.25634765625,-0.3173828125,0.18310546875,-0.4150390625,-0.45166015625,0.01220703125,0.06103515625,-0.01220703125,-0.18310546875,-0.89111328125,0.10986328125,1.08642578125,0.18310546875,-0.15869140625,-0.13427734375,-0.7568359375,-0.146484375,-0.25634765625,-0.10986328125,0.732421875,-0.40283203125,-0.86669921875,0.18310546875,-0.2197265625,-0.0244140625,-0.79345703125,0.244140625,0.89111328125,0.1220703125,0.1953125,-0.15869140625,-0.37841796875,-0.48828125,-0.84228515625,-0.2197265625,-0.50048828125,-0.0732421875,-0.76904296875,-0.09765625,-0.2197265625,0.52490234375,-0.62255859375,-0.439453125,-0.42724609375,0.32958984375,0.634765625,0.10986328125,1.171875,-0.32958984375,0.47607421875,-0.30517578125,-0.146484375,-0.42724609375,0.732421875,-0.37841796875,0.69580078125,0.2197265625,0.4150390625,0.47607421875,0.40283203125,-0.0244140625,0.08544921875,0.06103515625,0.23193359375,0.09765625,1.03759765625,0.0732421875,0.20751953125,-0.13427734375,0.23193359375,-0.146484375,0.25634765625,0.1953125,0.84228515625,-0.20751953125,0.0244140625,0.06103515625,1.3427734375,0.15869140625,-0.9765625,0.048828125,-0.35400390625,0.09765625,-1.0009765625,-0.244140625,-0.74462890625,0.0732421875,-1.52587890625,-0.0732421875,-0.244140625,-0.01220703125,-0.30517578125,0.10986328125,-1.123046875,-0.1953125,2.52685546875,-0.15869140625,2.5146484375,-0.09765625,1.72119140625,-0.09765625,5.6884765625,0.15869140625,-0.74462890625,-0.06103515625,-1.47705078125,-0.15869140625,-1.07421875,-0.01220703125,0.4150390625,0.06103515625,0.3173828125,-0.048828125,-0.01220703125,-0.08544921875,-0.0732421875,-0.048828125,0.13427734375,-0.1953125,0,-0.1220703125,0.81787109375,-0.23193359375,-0.50048828125,-0.03662109375,-0.50048828125
0,0.03662109375,-0.3662109375,-0.25634765625,-0.3173828125,0.18310546875,-0.4150390625,-0.45166015625,-0.01220703125,0.0732421875,-0.0244140625,-0.18310546875,-0.89111328125,0.09765625,1.08642578125,0.18310546875,-0.1953125,-0.1220703125,-0.74462890625,-0.146484375,-0.2685546875,-0.1220703125,0.732421875,-0.4150390625,-0.84228515625,0.18310546875,-0.1953125,-0.048828125,-0.79345703125,0.25634765625,0.87890625,-0.01220703125,0.20751953125,-0.30517578125,-0.390625,-0.35400390625,-0.87890625,-0.1953125,-0.52490234375,-0.0244140625,-0.76904296875,-0.10986328125,-0.1953125,0.537109375,-0.6103515625,-0.52490234375,-0.45166015625,0.30517578125,0.62255859375,0.10986328125,1.1474609375,-0.35400390625,0.4638671875,-0.341796875,-0.13427734375,-0.50048828125,0.74462890625,-0.37841796875,-0.06103515625,0.25634765625,0.03662109375,0.4638671875,0.09765625,0.048828125,-0.37841796875,0.13427734375,0.23193359375,0.18310546875,1.03759765625,0.0732421875,0.2197265625,-0.08544921875,0.2197265625,-0.08544921875,0.25634765625,0.2197265625,0.8544921875,-0.20751953125,0.0244140625,0.048828125,1.33056640625,0.146484375,-1.01318359375,0.0244140625,-0.341796875,0.18310546875,-1.0009765625,-0.29296875,-0.7568359375,0.0244140625,-1.5380859375,-0.13427734375,-0.25634765625,-0.146484375,-0.3173828125,0.1220703125,-1.15966796875,-0.18310546875,2.3193359375,-0.15869140625,2.38037109375,-0.1220703125,1.5380859375,-0.03662109375,5.40771484375,0.15869140625,-0.732421875,-0.15869140625,-1.4892578125,-0.18310546875,-1.06201171875,0.0244140625,0.40283203125,0.0244140625,0.3173828125,-0.03662109375,-0.03662109375,-0.0732421875,-0.0732421875,0,0.146484375,-0.18310546875,-0.0244140625,-0.10986328125,0.81787109375,-0.23193359375,-0.50048828125,-0.0244140625,-0.52490234375
0,0.048828125,-0.3662109375,-0.244140625,-0.32958984375,0.1708984375,-0.4150390625,-0.4150390625,0,0.08544921875,-0.01220703125,-0.2197265625,-0.9033203125,0.13427734375,1.07421875,0.1708984375,-0.1953125,-0.13427734375,-0.76904296875,-0.13427734375,-0.28076171875,-0.1708984375,0.732421875,-0.3662109375,-0.8544921875,0.18310546875,-0.18310546875,-0.0732421875,-0.8056640625,0.244140625,0.8544921875,-0.20751953125,0.2197265625,-0.439453125,-0.42724609375,-0.23193359375,-0.89111328125,-0.146484375,-0.52490234375,0.0244140625,-0.76904296875,-0.08544921875,-0.1708984375,0.6103515625,-0.59814453125,-0.537109375,-0.47607421875,0.32958984375,0.64697265625,0.09765625,1.1474609375,-0.3173828125,0.47607421875,-0.2685546875,-0.1708984375,-0.59814453125,0.74462890625,-0.30517578125,-0.69580078125,0.2197265625,-0.28076171875,0.52490234375,-0.146484375,0.1220703125,-0.79345703125,0.146484375,0.25634765625,0.2197265625,1.01318359375,0.08544921875,0.1953125,-0.0732421875,0.23193359375,-0.0244140625,0.25634765625,0.1953125,0.830078125,-0.23193359375,0.01220703125,0.048828125,1.33056640625,0.13427734375,-0.98876953125,0.0244140625,-0.341796875,0.2197265625,-0.98876953125,-0.30517578125,-0.7568359375,-0.0244140625,-1.5380859375,-0.18310546875,-0.29296875,-0.2685546875,-0.32958984375,0.13427734375,-1.15966796875,-0.18310546875,2.099609375,-0.15869140625,2.197265625,-0.15869140625,1.3671875,0.10986328125,5.16357421875,0.1220703125,-0.72021484375,-0.20751953125,-1.47705078125,-0.2197265625,-1.03759765625,0.08544921875,0.4150390625,0,0.32958984375,-0.048828125,-0.03662109375,-0.06103515625,-0.048828125,0.01220703125,0.15869140625,-0.18310546875,-0.0244140625,-0.09765625,0.8056640625,-0.20751953125,-0.50048828125,0,-0.52490234375
0,0.03662109375,-0.37841796875,-0.244140625,-0.35400390625,0.18310546875,-0.42724609375,-0.4150390625,-0.0244140625,0.048828125,-0.048828125,-0.1953125,-0.9033203125,0.10986328125,1.03759765625,0.18310546875,-0.20751953125,-0.10986328125,-0.78125,-0.08544921875,-0.28076171875,-0.1953125,0.69580078125,-0.23193359375,-0.84228515625,0.08544921875,-0.1708984375,-0.09765625,-0.8056640625,0.2197265625,0.86669921875,-0.32958984375,0.20751953125,-0.5126953125,-0.42724609375,-0.10986328125,-0.9033203125,-0.10986328125,-0.50048828125,0.0244140625,-0.7568359375,-0.03662109375,-0.13427734375,0.57373046875,-0.57373046875,-0.47607421875,-0.45166015625,0.30517578125,0.64697265625,0.06103515625,1.1474609375,-0.341796875,0.4638671875,-0.25634765625,-0.23193359375,-0.6591796875,0.7568359375,-0.3173828125,-1.123046875,0.1953125,-0.4638671875,0.537109375,-0.25634765625,0.18310546875,-1.07421875,0.1220703125,0.28076171875,0.2685546875,1.03759765625,0.10986328125,0.2197265625,-0.03662109375,0.20751953125,0.0732421875,0.2685546875,0.20751953125,0.8544921875,-0.2197265625,0.0244140625,0.048828125,1.33056640625,0.13427734375,-0.98876953125,-0.01220703125,-0.341796875,0.1708984375,-0.98876953125,-0.18310546875,-0.76904296875,-0.0732421875,-1.5380859375,-0.25634765625,-0.29296875,-0.28076171875,-0.35400390625,0.10986328125,-1.171875,-0.1708984375,1.904296875,-0.10986328125,2.0263671875,-0.18310546875,1.20849609375,0.244140625,4.7607421875,0.0732421875,-0.69580078125,-0.20751953125,-1.4892578125,-0.2197265625,-1.025390625,0.1220703125,0.390625,-0.01220703125,0.32958984375,-0.03662109375,-0.0244140625,-0.0732421875,-0.0732421875,0.0244140625,0.1708984375,-0.18310546875,-0.03662109375,-0.09765625,0.79345703125,-0.18310546875,-0.50048828125,-0.01220703125,-0.537109375
0,0.0244140625,-0.3662109375,-0.25634765625,-0.32958984375,0.20751953125,-0.4150390625,-0.40283203125,-0.01220703125,0.0732421875,-0.048828125,-0.2197265625,-0.89111328125,0.09765625,1.03759765625,0.1953125,-0.2197265625,-0.08544921875,-0.76904296875,-0.01220703125,-0.28076171875,-0.1953125,0.7080078125,-0.0732421875,-0.8544921875,-0.048828125,-0.10986328125,-0.13427734375,-0.81787109375,0.10986328125,0.87890625,-0.439453125,0.2197265625,-0.48828125,-0.390625,0.06103515625,-0.89111328125,-0.06103515625,-0.47607421875,0.01220703125,-0.74462890625,0.1220703125,-0.13427734375,0.52490234375,-0.5859375,-0.37841796875,-0.37841796875,0.244140625,0.68359375,0.048828125,1.123046875,-0.40283203125,0.439453125,-0.25634765625,-0.25634765625,-0.7080078125,0.7568359375,-0.23193359375,-1.2939453125,0.18310546875,-0.50048828125,0.6103515625,-0.25634765625,0.244140625,-1.15966796875,0.1220703125,0.28076171875,0.32958984375,1.025390625,0.10986328125,0.20751953125,-0.0244140625,0.20751953125,0.13427734375,0.30517578125,0.15869140625,0.86669921875,-0.25634765625,0,0.06103515625,1.33056640625,0.08544921875,-0.98876953125,-0.0244140625,-0.32958984375,0.10986328125,-0.9765625,-0.03662109375,-0.78125,-0.06103515625,-1.513671875,-0.29296875,-0.3173828125,-0.244140625,-0.341796875,0.08544921875,-1.18408203125,-0.15869140625,1.66015625,-0.09765625,1.77001953125,-0.1953125,1.01318359375,0.1953125,4.26025390625,0,-0.69580078125,-0.23193359375,-1.4892578125,-0.20751953125,-1.01318359375,0.13427734375,0.37841796875,-0.03662109375,0.32958984375,-0.01220703125,-0.048828125,-0.06103515625,-0.06103515625,0.03662109375,0.146484375,-0.18310546875,-0.03662109375,-0.10986328125,0.81787109375,-0.146484375,-0.52490234375,0.01220703125,-0.5615234375
0,-0.01220703125,-0.3662109375,-0.28076171875,-0.341796875,0.23193359375,-0.4150390625,-0.390625,-0.03662109375,0.0732421875,-0.08544921875,-0.2197265625,-0.87890625,0.1220703125,1.03759765625,0.1953125,-0.23193359375,-0.08544921875,-0.76904296875,0.048828125,-0.28076171875,-0.1953125,0.69580078125,0.06103515625,-0.81787109375,-0.20751953125,-0.06103515625,-0.146484375,-0.8056640625,-0.0244140625,0.87890625,-0.50048828125,0.2197265625,-0.35400390625,-0.32958984375,0.10986328125,-0.89111328125,-0.03662109375,-0.45166015625,0,-0.732421875,0.23193359375,-0.10986328125,0.439453125,-0.6103515625,-0.2685546875,-0.35400390625,0.2197265625,0.69580078125,0.01220703125,1.123046875,-0.439453125,0.439453125,-0.20751953125,-0.2685546875,-0.7080078125,0.732421875,-0.15869140625,-1.18408203125,0.146484375,-0.37841796875,0.62255859375,-0.1220703125,0.23193359375,-1.08642578125,0.13427734375,0.30517578125,0.32958984375,1.06201171875,0.15869140625,0.23193359375,0.01220703125,0.20751953125,0.1953125,0.29296875,0.09765625,0.87890625,-0.25634765625,0,0.0732421875,1.318359375,0.09765625,-0.9765625,-0.03662109375,-0.35400390625,0.01220703125,-0.9765625,0.146484375,-0.78125,-0.0244140625,-1.513671875,-0.29296875,-0.3173828125,-0.10986328125,-0.3662109375,0.0244140625,-1.1962890625,-0.0732421875,1.40380859375,-0.048828125,1.50146484375,-0.1708984375,0.7568359375,0.244140625,3.57666015625,-0.0732421875,-0.6591796875,-0.1953125,-1.4892578125,-0.20751953125,-1.0009765625,0.0732421875,0.40283203125,-0.03662109375,0.341796875,0.01220703125,-0.06103515625,-0.06103515625,-0.048828125,0.03662109375,0.146484375,-0.1708984375,-0.048828125,-0.1220703125,0.830078125,-0.10986328125,-0.5126953125,0.01220703125,-0.5615234375
0,-0.03662109375,-0.37841796875,-0.28076171875,-0.341796875,0.244140625,-0.42724609375,-0.4150390625,-0.01220703125,0.08544921875,-0.10986328125,-0.2197265625,-0.86669921875,0.09765625,1.03759765625,0.1953125,-0.244140625,-0.06103515625,-0.74462890625,0.09765625,-0.28076171875,-0.1220703125,0.68359375,0.1708984375,-0.830078125,-0.341796875,-0.01220703125,-0.18310546875,-0.81787109375,-0.146484375,0.87890625,-0.4150390625,0.23193359375,-0.1220703125,-0.3173828125,0.15869140625,-0.86669921875,-0.0244140625,-0.4150390625,-0.01220703125,-0.72021484375,0.35400390625,-0.146484375,0.45166015625,-0.64697265625,-0.13427734375,-0.30517578125,0.2197265625,0.69580078125,0.0244140625,1.13525390625,-0.4638671875,0.4150390625,-0.1953125,-0.2685546875,-0.6591796875,0.732421875,-0.0732421875,-0.81787109375,0.15869140625,-0.15869140625,0.634765625,0.1220703125,0.32958984375,-0.79345703125,0.1708984375,0.29296875,0.341796875,1.06201171875,0.1708984375,0.2197265625,0,0.2197265625,0.25634765625,0.29296875,0.0244140625,0.91552734375,-0.2685546875,0,0.0732421875,1.33056640625,0.09765625,-0.9521484375,-0.01220703125,-0.341796875,-0.0244140625,-0.9521484375,0.30517578125,-0.79345703125,0.0732421875,-1.50146484375,-0.244140625,-0.30517578125,0.048828125,-0.35400390625,-0.048828125,-1.1962890625,-0.03662109375,1.06201171875,-0.0732421875,1.171875,-0.1953125,0.50048828125,0.1708984375,2.77099609375,-0.10986328125,-0.68359375,-0.146484375,-1.513671875,-0.2197265625,-1.025390625,0.01220703125,0.40283203125,-0.03662109375,0.3662109375,0.0244140625,-0.048828125,-0.06103515625,-0.048828125,0.01220703125,0.146484375,-0.1708984375,-0.03662109375,-0.1220703125,0.8056640625,-0.09765625,-0.48828125,0.048828125,-0.54931640625
0,-0.048828125,-0.3662109375,-0.2685546875,-0.341796875,0.28076171875,-0.4150390625,-0.42724609375,-0.03662109375,0.09765625,-0.1220703125,-0.244140625,-0.87890625,0.1220703125,1.06201171875,0.20751953125,-0.25634765625,-0.06103515625,-0.72021484375,0.13427734375,-0.25634765625,-0.06103515625,0.68359375,0.1953125,-0.84228515625,-0.390625,0.03662109375,-0.1953125,-0.76904296875,-0.29296875,0.9033203125,-0.28076171875,0.2197265625,0.13427734375,-0.29296875,0.20751953125,-0.86669921875,-0.048828125,-0.4150390625,-0.08544921875,-0.72021484375,0.4638671875,-0.146484375,0.390625,-0.7080078125,-0.03662109375,-0.2685546875,0.1708984375,0.68359375,0.0244140625,1.123046875,-0.57373046875,0.40283203125,-0.13427734375,-0.25634765625,-0.5859375,0.72021484375,0.0244140625,-0.29296875,0.146484375,0.15869140625,0.634765625,0.4150390625,0.28076171875,-0.4150390625,0.1708984375,0.30517578125,0.30517578125,1.06201171875,0.1708984375,0.23193359375,-0.03662109375,0.23193359375,0.25634765625,0.28076171875,-0.06103515625,0.927734375,-0.25634765625,0.0244140625,0.06103515625,1.33056640625,0.10986328125,-0.9521484375,0.01220703125,-0.341796875,-0.048828125,-0.98876953125,0.3662109375,-0.79345703125,0.0732421875,-1.50146484375,-0.1708984375,-0.2685546875,0.2197265625,-0.35400390625,-0.15869140625,-1.220703125,-0.0244140625,0.68359375,-0.08544921875,0.81787109375,-0.1708984375,0.1953125,0.1708984375,1.904296875,-0.15869140625,-0.69580078125,-0.09765625,-1.50146484375,-0.244140625,-1.025390625,-0.06103515625,0.390625,-0.03662109375,0.341796875,0.048828125,-0.03662109375,-0.06103515625,-0.048828125,-0.01220703125,0.13427734375,-0.1708984375,-0.048828125,-0.08544921875,0.81787109375,-0.03662109375,-0.52490234375,0.048828125,-0.54931640625
0,-0.08544921875,-0.341796875,-0.244140625,-0.32958984375,0.28076171875,-0.42724609375,-0.4150390625,0,0.146484375,-0.13427734375,-0.23193359375,-0.86669921875,0.0732421875,1.07421875,0.23193359375,-0.2685546875,-0.048828125,-0.72021484375,0.146484375,-0.244140625,0.03662109375,0.7080078125,0.18310546875,-0.84228515625,-0.40283203125,0.09765625,-0.23193359375,-0.76904296875,-0.35400390625,0.927734375,-0.10986328125,0.23193359375,0.3173828125,-0.29296875,0.30517578125,-0.86669921875,-0.048828125,-0.4150390625,-0.10986328125,-0.732421875,0.47607421875,-0.20751953125,0.3662109375,-0.74462890625,0.08544921875,-0.244140625,0.2197265625,0.6591796875,0.048828125,1.13525390625,-0.5859375,0.40283203125,-0.0732421875,-0.1953125,-0.50048828125,0.732421875,-0.01220703125,0.30517578125,0.15869140625,0.47607421875,0.72021484375,0.7080078125,0.28076171875,0.048828125,0.1953125,0.2685546875,0.25634765625,1.03759765625,0.18310546875,0.2197265625,-0.06103515625,0.244140625,0.23193359375,0.25634765625,-0.1220703125,0.9521484375,-0.25634765625,0.01220703125,0.048828125,1.33056640625,0.13427734375,-0.93994140625,0.0244140625,-0.341796875,-0.03662109375,-0.98876953125,0.390625,-0.79345703125,0.08544921875,-1.4892578125,-0.08544921875,-0.25634765625,0.35400390625,-0.32958984375,-0.18310546875,-1.23291015625,0,0.30517578125,-0.0732421875,0.45166015625,-0.18310546875,-0.08544921875,0.18310546875,1.08642578125,-0.10986328125,-0.732421875,-0.048828125,-1.50146484375,-0.2685546875,-1.0498046875,-0.09765625,0.390625,-0.0732421875,0.32958984375,0.08544921875,-0.048828125,-0.06103515625,-0.06103515625,-0.0244140625,0.13427734375,-0.1953125,-0.06103515625,-0.0732421875,0.81787109375,-0.048828125,-0.5126953125,0.06103515625,-0.537109375
0,-0.1220703125,-0.35400390625,-0.23193359375,-0.341796875,0.25634765625,-0.40283203125,-0.42724609375,-0.01220703125,0.146484375,-0.1220703125,-0.2197265625,-0.87890625,0.09765625,1.08642578125,0.23193359375,-0.2685546875,0,-0.7080078125,0.13427734375,-0.244140625,0.0732421875,0.72021484375,0.15869140625,-0.84228515625,-0.37841796875,0.1220703125,-0.20751953125,-0.74462890625,-0.32958984375,0.9521484375,0.048828125,0.20751953125,0.42724609375,-0.28076171875,0.3662109375,-0.86669921875,-0.1220703125,-0.40283203125,-0.146484375,-0.732421875,0.35400390625,-0.2197265625,0.390625,-0.78125,0.15869140625,-0.244140625,0.20751953125,0.64697265625,0.0732421875,1.11083984375,-0.69580078125,0.42724609375,-0.0244140625,-0.146484375,-0.42724609375,0.732421875,-0.0732421875,0.8544921875,0.13427734375,0.74462890625,0.81787109375,0.9521484375,0.30517578125,0.45166015625,0.244140625,0.244140625,0.13427734375,1.0498046875,0.18310546875,0.23193359375,-0.09765625,0.23193359375,0.18310546875,0.2685546875,-0.146484375,0.927734375,-0.20751953125,0.01220703125,0.01220703125,1.3427734375,0.13427734375,-0.96435546875,0.06103515625,-0.341796875,0.01220703125,-0.98876953125,0.3173828125,-0.78125,0.1220703125,-1.50146484375,0,-0.244140625,0.4150390625,-0.32958984375,-0.1220703125,-1.220703125,-0.0244140625,0.01220703125,-0.1220703125,0.1708984375,-0.18310546875,-0.32958984375,0.1220703125,0.4638671875,-0.048828125,-0.78125,-0.048828125,-1.47705078125,-0.20751953125,-1.06201171875,-0.13427734375,0.37841796875,-0.1220703125,0.35400390625,0.10986328125,-0.0244140625,-0.0732421875,-0.0244140625,-0.0244140625,0.13427734375,-0.20751953125,-0.0732421875,-0.048828125,0.8544921875,-0.01220703125,-0.50048828125,0.03662109375,-0.537109375
0,-0.09765625,-0.341796875,-0.244140625,-0.341796875,0.244140625,-0.40283203125,-0.42724609375,-0.0244140625,0.15869140625,-0.10986328125,-0.2197265625,-0.87890625,0.048828125,1.08642578125,0.244140625,-0.25634765625,0,-0.69580078125,0.1220703125,-0.2197265625,0.08544921875,0.732421875,0.10986328125,-0.8544921875,-0.28076171875,0.1708984375,-0.2197265625,-0.732421875,-0.2685546875,0.93994140625,0.1220703125,0.2197265625,0.4150390625,-0.30517578125,0.4150390625,-0.87890625,-0.20751953125,-0.45166015625,-0.20751953125,-0.7568359375,0.18310546875,-0.244140625,0.42724609375,-0.78125,0.1953125,-0.2685546875,0.28076171875,0.5859375,0.1220703125,1.0986328125,-0.6591796875,0.42724609375,0.048828125,-0.10986328125,-0.4150390625,0.74462890625,0,1.26953125,0.1708984375,0.91552734375,0.87890625,1.123046875,0.1953125,0.8056640625,0.244140625,0.244140625,0.0732421875,1.0498046875,0.1708984375,0.2197265625,-0.13427734375,0.2197265625,0.1220703125,0.25634765625,-0.18310546875,0.91552734375,-0.15869140625,0.01220703125,-0.01220703125,1.318359375,0.10986328125,-0.96435546875,0.08544921875,-0.32958984375,0.0732421875,-0.98876953125,0.1220703125,-0.7568359375,0.10986328125,-1.47705078125,0.06103515625,-0.2197265625,0.390625,-0.32958984375,-0.048828125,-1.20849609375,-0.01220703125,-0.1953125,-0.18310546875,0.01220703125,-0.1953125,-0.48828125,0.1708984375,0.1708984375,0.06103515625,-0.78125,-0.03662109375,-1.47705078125,-0.1708984375,-1.08642578125,-0.10986328125,0.390625,-0.146484375,0.3173828125,0.08544921875,-0.03662109375,-0.0732421875,0,0,0.13427734375,-0.2197265625,-0.08544921875,-0.01220703125,0.84228515625,-0.01220703125,-0.50048828125,0.03662109375,-0.537109375
0,-0.10986328125,-0.341796875,-0.23193359375,-0.341796875,0.23193359375,-0.40283203125,-0.4150390625,-0.0244140625,0.1953125,-0.08544921875,-0.20751953125,-0.9033203125,0.0732421875,1.07421875,0.25634765625,-0.2685546875,-0.01220703125,-0.7080078125,0.08544921875,-0.244140625,0.0732421875,0.732421875,0.048828125,-0.8544921875,-0.18310546875,0.2197265625,-0.20751953125,-0.74462890625,-0.146484375,0.91552734375,0.13427734375,0.2197265625,0.28076171875,-0.32958984375,0.47607421875,-0.89111328125,-0.28076171875,-0.4638671875,-0.28076171875,-0.78125,-0.0244140625,-0.244140625,0.42724609375,-0.7568359375,0.1220703125,-0.30517578125,0.32958984375,0.57373046875,0.15869140625,1.0986328125,-0.59814453125,0.45166015625,0.1220703125,-0.0732421875,-0.4150390625,0.74462890625,-0.244140625,1.47705078125,-0.03662109375,1.0009765625,0.69580078125,1.171875,0.01220703125,0.96435546875,0.20751953125,0.2197265625,-0.01220703125,1.01318359375,0.15869140625,0.18310546875,-0.20751953125,0.23193359375,0.0244140625,0.25634765625,-0.1953125,0.927734375,-0.1220703125,0.01220703125,-0.03662109375,1.33056640625,0.08544921875,-0.96435546875,0.09765625,-0.341796875,0.10986328125,-0.98876953125,-0.03662109375,-0.74462890625,0.1220703125,-1.50146484375,0.10986328125,-0.2197265625,0.2685546875,-0.3173828125,0.09765625,-1.1962890625,-0.0244140625,-0.2197265625,-0.20751953125,0.0732421875,-0.15869140625,-0.45166015625,0.10986328125,0.29296875,0.13427734375,-0.79345703125,-0.0244140625,-1.47705078125,-0.15869140625,-1.07421875,-0.09765625,0.40283203125,-0.18310546875,0.3173828125,0.08544921875,-0.048828125,-0.0732421875,0.01220703125,0,0.13427734375,-0.23193359375,-0.06103515625,0.01220703125,0.84228515625,-0.0244140625,-0.47607421875,0,-0.5126953125
0,-0.10986328125,-0.32958984375,-0.25634765625,-0.341796875,0.25634765625,-0.4150390625,-0.37841796875,-0.03662109375,0.20751953125,-0.048828125,-0.2197265625,-0.9033203125,0.06103515625,1.07421875,0.25634765625,-0.2685546875,-0.01220703125,-0.72021484375,0.0244140625,-0.25634765625,0.01220703125,0.74462890625,-0.03662109375,-0.8544921875,-0.10986328125,0.244140625,-0.146484375,-0.76904296875,0,0.89111328125,0.06103515625,0.18310546875,0.09765625,-0.341796875,0.5126953125,-0.87890625,-0.35400390625,-0.47607421875,-0.32958984375,-0.76904296875,-0.1953125,-0.244140625,0.3662109375,-0.7080078125,0.03662109375,-0.341796875,0.341796875,0.59814453125,0.18310546875,1.0986328125,-0.54931640625,0.45166015625,0.15869140625,-0.06103515625,-0.37841796875,0.7568359375,-0.20751953125,1.45263671875,-0.08544921875,0.93994140625,0.6591796875,1.11083984375,-0.01220703125,0.9765625,0.1708984375,0.18310546875,-0.0732421875,1.0009765625,0.1220703125,0.1953125,-0.244140625,0.23193359375,-0.08544921875,0.2685546875,-0.15869140625,0.87890625,-0.048828125,0.01220703125,-0.08544921875,1.33056640625,0.048828125,-0.9765625,0.08544921875,-0.32958984375,0.06103515625,-1.01318359375,-0.2197265625,-0.732421875,0.1708984375,-1.4892578125,0.1220703125,-0.2197265625,0.18310546875,-0.32958984375,0.2197265625,-1.15966796875,-0.03662109375,0,-0.29296875,0.32958984375,-0.146484375,-0.2685546875,0.0732421875,0.89111328125,0.20751953125,-0.7568359375,-0.01220703125,-1.46484375,-0.1708984375,-1.07421875,-0.08544921875,0.4150390625,-0.18310546875,0.3173828125,0.08544921875,-0.03662109375,-0.0732421875,0.0244140625,0,0.1220703125,-0.25634765625,-0.06103515625,0.03662109375,0.87890625,-0.0732421875,-0.50048828125,-0.01220703125,-0.5126953125
0,-0.1220703125,-0.341796875,-0.25634765625,-0.35400390625,0.28076171875,-0.4150390625,-0.3662109375,-0.0244140625,0.2197265625,-0.0244140625,-0.23193359375,-0.89111328125,0.048828125,1.0498046875,0.25634765625,-0.244140625,-0.01220703125,-0.72021484375,-0.0244140625,-0.244140625,-0.0732421875,0.732421875,-0.1220703125,-0.84228515625,-0.03662109375,0.244140625,-0.0732421875,-0.79345703125,0.10986328125,0.89111328125,-0.0244140625,0.18310546875,-0.0732421875,-0.32958984375,0.54931640625,-0.89111328125,-0.42724609375,-0.47607421875,-0.3662109375,-0.7568359375,-0.30517578125,-0.2197265625,0.3662109375,-0.67138671875,-0.09765625,-0.32958984375,0.30517578125,0.5859375,0.1953125,1.11083984375,-0.4638671875,0.45166015625,0.1708984375,-0.0732421875,-0.341796875,0.7568359375,-0.15869140625,1.26953125,-0.03662109375,0.830078125,0.6103515625,0.9765625,-0.09765625,0.8544921875,0.13427734375,0.18310546875,-0.13427734375,1.0009765625,0.0732421875,0.1953125,-0.29296875,0.2197265625,-0.15869140625,0.2685546875,-0.1220703125,0.8544921875,-0.0244140625,0.0244140625,-0.146484375,1.33056640625,-0.01220703125,-0.9765625,0.06103515625,-0.341796875,-0.03662109375,-0.98876953125,-0.30517578125,-0.7080078125,0.1953125,-1.50146484375,0.0732421875,-0.20751953125,0.09765625,-0.3173828125,0.3173828125,-1.13525390625,-0.0244140625,0.48828125,-0.2685546875,0.84228515625,-0.08544921875,0.13427734375,0.18310546875,1.9775390625,0.25634765625,-0.72021484375,0,-1.45263671875,-0.18310546875,-1.07421875,-0.09765625,0.4150390625,-0.25634765625,0.30517578125,0.0732421875,-0.03662109375,-0.06103515625,0.01220703125,0,0.146484375,-0.25634765625,-0.0732421875,0.03662109375,0.87890625,-0.1708984375,-0.50048828125,-0.03662109375,-0.50048828125
0,-0.13427734375,-0.32958984375,-0.244140625,-0.3662109375,0.29296875,-0.4150390625,-0.37841796875,-0.03662109375,0.244140625,0,-0.2197265625,-0.9033203125,0.0244140625,1.06201171875,0.25634765625,-0.25634765625,-0.0244140625,-0.74462890625,-0.09765625,-0.2685546875,-0.1708984375,0.72021484375,-0.2197265625,-0.84228515625,0.03662109375,0.244140625,0,-0.79345703125,0.1953125,0.89111328125,-0.06103515625,0.1953125,-0.23193359375,-0.35400390625,0.537109375,-0.84228515625,-0.42724609375,-0.45166015625,-0.37841796875,-0.74462890625,-0.341796875,-0.18310546875,0.25634765625,-0.64697265625,-0.15869140625,-0.40283203125,0.25634765625,0.62255859375,0.244140625,1.13525390625,-0.40283203125,0.45166015625,0.146484375,-0.08544921875,-0.29296875,0.74462890625,-0.28076171875,0.9521484375,-0.1953125,0.64697265625,0.45166015625,0.76904296875,-0.1953125,0.67138671875,0.1220703125,0.18310546875,-0.1953125,1.01318359375,0.01220703125,0.1953125,-0.29296875,0.2197265625,-0.2197265625,0.28076171875,-0.0732421875,0.84228515625,0,0.03662109375,-0.1220703125,1.318359375,-0.03662109375,-0.9521484375,0.0732421875,-0.341796875,-0.146484375,-0.9765625,-0.30517578125,-0.72021484375,0.18310546875,-1.4892578125,-0.01220703125,-0.2197265625,0.06103515625,-0.30517578125,0.40283203125,-1.13525390625,-0.0244140625,1.18408203125,-0.1953125,1.513671875,0.06103515625,0.72021484375,0.13427734375,3.4423828125,0.23193359375,-0.64697265625,0,-1.45263671875,-0.1708984375,-1.06201171875,-0.06103515625,0.4150390625,-0.2685546875,0.30517578125,0.0244140625,-0.0244140625,-0.0732421875,0.01220703125,-0.0244140625,0.13427734375,-0.244140625,-0.048828125,0.03662109375,0.87890625,-0.2197265625,-0.48828125,-0.0244140625,-0.48828125
1,-0.146484375,-0.3173828125,-0.2197265625,-0.35400390625,0.3173828125,-0.42724609375,-0.37841796875,-0.06103515625,0.23193359375,0.01220703125,-0.23193359375,-0.89111328125,0,1.06201171875,0.28076171875,-0.2685546875,0.01220703125,-0.7568359375,-0.15869140625,-0.28076171875,-0.28076171875,0.68359375,-0.28076171875,-0.84228515625,0.06103515625,0.244140625,0.0732421875,-0.81787109375,0.1953125,0.89111328125,-0.10986328125,0.1953125,-0.37841796875,-0.3662109375,0.4150390625,-0.830078125,-0.40283203125,-0.439453125,-0.37841796875,-0.732421875,-0.30517578125,-0.13427734375,0.1220703125,-0.6103515625,-0.1708984375,-0.4150390625,0.1953125,0.634765625,0.32958984375,1.1474609375,-0.341796875,0.439453125,0.13427734375,-0.13427734375,-0.20751953125,0.732421875,-0.341796875,0.6591796875,-0.13427734375,0.537109375,0.439453125,0.59814453125,-0.23193359375,0.47607421875,0.06103515625,0.1953125,-0.23193359375,1.025390625,-0.0244140625,0.20751953125,-0.244140625,0.1953125,-0.28076171875,0.28076171875,-0.0244140625,0.8056640625,-0.01220703125,0.03662109375,-0.1220703125,1.318359375,-0.08544921875,-0.9521484375,0.048828125,-0.341796875,-0.28076171875,-0.9765625,-0.25634765625,-0.72021484375,0.18310546875,-1.4892578125,-0.10986328125,-0.23193359375,0.0732421875,-0.30517578125,0.32958984375,-1.1474609375,-0.0732421875,2.0751953125,-0.1953125,2.3681640625,0.0732421875,1.40380859375,0.048828125,5.17578125,0.1708984375,-0.537109375,-0.048828125,-1.46484375,-0.146484375,-1.03759765625,-0.048828125,0.4150390625,-0.29296875,0.3173828125,0,-0.0244140625,-0.06103515625,0,-0.03662109375,0.146484375,-0.25634765625,-0.048828125,0.0244140625,0.89111328125,-0.244140625,-0.48828125,0,-0.4638671875
1,-0.15869140625,-0.32958984375,-0.20751953125,-0.37841796875,0.341796875,-0.42724609375,-0.35400390625,-0.08544921875,0.2685546875,0,-0.23193359375,-0.89111328125,-0.03662109375,1.06201171875,0.28076171875,-0.28076171875,0.03662109375,-0.7568359375,-0.15869140625,-0.2685546875,-0.341796875,0.6591796875,-0.29296875,-0.8056640625,0.08544921875,0.2197265625,0.10986328125,-0.81787109375,0.1220703125,0.9033203125,-0.0732421875,0.1953125,-0.37841796875,-0.35400390625,0.28076171875,-0.79345703125,-0.30517578125,-0.4150390625,-0.37841796875,-0.72021484375,-0.20751953125,-0.10986328125,0.0244140625,-0.59814453125,-0.13427734375,-0.4150390625,0.0732421875,0.67138671875,0.35400390625,1.18408203125,-0.29296875,0.42724609375,0.146484375,-0.1708984375,-0.10986328125,0.7568359375,-0.29296875,0.4638671875,-0.0732421875,0.50048828125,0.341796875,0.52490234375,-0.30517578125,0.3662109375,0,0.23193359375,-0.2685546875,1.025390625,-0.10986328125,0.2197265625,-0.20751953125,0.20751953125,-0.35400390625,0.2685546875,0.06103515625,0.81787109375,0.0244140625,0.03662109375,-0.06103515625,1.318359375,-0.0732421875,-0.9521484375,0.01220703125,-0.341796875,-0.390625,-0.96435546875,-0.146484375,-0.732421875,0.1708984375,-1.50146484375,-0.20751953125,-0.23193359375,0.1220703125,-0.30517578125,0.1953125,-1.123046875,-0.0732421875,3.02734375,-0.06103515625,3.2958984375,0.146484375,2.16064453125,0.1953125,6.99462890625,0.09765625,-0.4150390625,-0.09765625,-1.45263671875,-0.10986328125,-1.0498046875,0,0.4150390625,-0.32958984375,0.32958984375,0,-0.0244140625,-0.06103515625,-0.01220703125,-0.0732421875,0.146484375,-0.23193359375,-0.048828125,0.01220703125,0.87890625,-0.25634765625,-0.4638671875,0,-0.4638671875
1,-0.1708984375,-0.3173828125,-0.18310546875,-0.390625,0.341796875,-0.42724609375,-0.32958984375,-0.06103515625,0.2685546875,-0.0244140625,-0.25634765625,-0.86669921875,-0.048828125,1.0986328125,0.25634765625,-0.29296875,0.048828125,-0.74462890625,-0.1708984375,-0.2685546875,-0.341796875,0.67138671875,-0.29296875,-0.8056640625,0.06103515625,0.1708984375,0.08544921875,-0.84228515625,0.03662109375,0.9033203125,-0.0244140625,0.20751953125,-0.32958984375,-0.341796875,0.1220703125,-0.7568359375,-0.1953125,-0.40283203125,-0.341796875,-0.732421875,-0.10986328125,-0.13427734375,0,-0.62255859375,-0.06103515625,-0.390625,-0.048828125,0.69580078125,0.390625,1.220703125,-0.20751953125,0.439453125,0.146484375,-0.2197265625,-0.0244140625,0.72021484375,-0.32958984375,0.4638671875,-0.06103515625,0.5859375,0.244140625,0.5615234375,-0.3662109375,0.40283203125,-0.048828125,0.2197265625,-0.3173828125,1.03759765625,-0.15869140625,0.23193359375,-0.1708984375,0.2197265625,-0.439453125,0.25634765625,0.1220703125,0.830078125,0.01220703125,0.03662109375,0.01220703125,1.318359375,-0.0732421875,-0.9521484375,-0.048828125,-0.341796875,-0.439453125,-0.96435546875,-0.0244140625,-0.74462890625,0.1953125,-1.45263671875,-0.29296875,-0.2685546875,0.15869140625,-0.29296875,0.03662109375,-1.1474609375,-0.146484375,3.99169921875,-0.03662109375,4.150390625,0.146484375,2.89306640625,0.2197265625,8.69140625,-0.01220703125,-0.29296875,-0.146484375,-1.45263671875,-0.09765625,-1.03759765625,0.0244140625,0.40283203125,-0.3662109375,0.32958984375,0.03662109375,-0.01220703125,-0.0732421875,-0.01220703125,-0.09765625,0.13427734375,-0.2197265625,-0.06103515625,0,0.8544921875,-0.20751953125,-0.47607421875,0.03662109375,-0.47607421875
1,-0.1708984375,-0.3173828125,-0.18310546875,-0.390625,0.341796875,-0.4150390625,-0.30517578125,-0.09765625,0.28076171875,-0.0244140625,-0.244140625,-0.87890625,-0.06103515625,1.123046875,0.2685546875,-0.30517578125,0.06103515625,-0.74462890625,-0.18310546875,-0.25634765625,-0.29296875,0.67138671875,-0.244140625,-0.81787109375,0.03662109375,0.1220703125,0.01220703125,-0.8056640625,-0.06103515625,0.91552734375,-0.03662109375,0.1953125,-0.13427734375,-0.3173828125,0.06103515625,-0.69580078125,-0.13427734375,-0.390625,-0.28076171875,-0.74462890625,-0.01220703125,-0.146484375,0.0244140625,-0.6591796875,0,-0.3662109375,-0.13427734375,0.72021484375,0.341796875,1.220703125,-0.10986328125,0.439453125,0.1220703125,-0.244140625,0.048828125,0.72021484375,-0.20751953125,0.6591796875,0.08544921875,0.76904296875,0.1708984375,0.732421875,-0.45166015625,0.62255859375,-0.0732421875,0.25634765625,-0.30517578125,1.06201171875,-0.1708984375,0.244140625,-0.146484375,0.23193359375,-0.45166015625,0.25634765625,0.1953125,0.830078125,0,0.048828125,0.048828125,1.318359375,-0.048828125,-0.9521484375,-0.08544921875,-0.32958984375,-0.35400390625,-0.96435546875,0.048828125,-0.7568359375,0.1953125,-1.42822265625,-0.341796875,-0.25634765625,0.1953125,-0.30517578125,-0.1220703125,-1.15966796875,-0.18310546875,4.84619140625,-0.0244140625,4.91943359375,0.10986328125,3.5400390625,0.25634765625,10.1318359375,-0.06103515625,-0.1953125,-0.20751953125,-1.45263671875,-0.10986328125,-1.03759765625,0.01220703125,0.390625,-0.4150390625,0.32958984375,0.048828125,0,-0.06103515625,-0.01220703125,-0.1220703125,0.146484375,-0.20751953125,-0.06103515625,-0.01220703125,0.830078125,-0.1953125,-0.45166015625,0.0732421875,-0.47607421875
1,-0.18310546875,-0.3173828125,-0.18310546875,-0.390625,0.32958984375,-0.37841796875,-0.28076171875,-0.08544921875,0.2685546875,-0.048828125,-0.23193359375,-0.89111328125,-0.09765625,1.13525390625,0.25634765625,-0.3173828125,0.06103515625,-0.732421875,-0.146484375,-0.244140625,-0.2197265625,0.7080078125,-0.1708984375,-0.830078125,0,0.0732421875,-0.0732421875,-0.78125,-0.18310546875,0.93994140625,-0.048828125,0.20751953125,0.09765625,-0.30517578125,0.03662109375,-0.69580078125,-0.09765625,-0.4150390625,-0.23193359375,-0.7568359375,0.0244140625,-0.15869140625,0.09765625,-0.68359375,0.048828125,-0.32958984375,-0.1708984375,0.7080078125,0.28076171875,1.23291015625,-0.048828125,0.4638671875,0.09765625,-0.23193359375,0.10986328125,0.74462890625,-0.1708984375,1.0498046875,0.15869140625,1.0498046875,0.10986328125,1.01318359375,-0.47607421875,0.98876953125,-0.06103515625,0.25634765625,-0.3173828125,1.08642578125,-0.20751953125,0.23193359375,-0.13427734375,0.23193359375,-0.439453125,0.2685546875,0.2197265625,0.87890625,-0.0244140625,0.06103515625,0.09765625,1.318359375,-0.03662109375,-0.93994140625,-0.09765625,-0.341796875,-0.23193359375,-0.9521484375,0.0732421875,-0.74462890625,0.15869140625,-1.40380859375,-0.341796875,-0.2685546875,0.1953125,-0.29296875,-0.18310546875,-1.171875,-0.146484375,5.4931640625,0,5.48095703125,0.06103515625,4.0283203125,0.30517578125,11.19384765625,-0.048828125,-0.08544921875,-0.30517578125,-1.46484375,-0.10986328125,-1.0498046875,-0.0244140625,0.390625,-0.47607421875,0.32958984375,0.0244140625,0,-0.048828125,-0.01220703125,-0.10986328125,0.146484375,-0.20751953125,-0.06103515625,0,0.830078125,-0.13427734375,-0.4638671875,0.08544921875,-0.4638671875
1,-0.15869140625,-0.30517578125,-0.18310546875,-0.35400390625,0.30517578125,-0.3662109375,-0.2685546875,-0.0732421875,0.28076171875,-0.048828125,-0.244140625,-0.91552734375,-0.1220703125,1.13525390625,0.244140625,-0.30517578125,0.0732421875,-0.732421875,-0.0732421875,-0.23193359375,-0.09765625,0.72021484375,-0.10986328125,-0.84228515625,0,0.048828125,-0.15869140625,-0.78125,-0.23193359375,0.91552734375,-0.1220703125,0.20751953125,0.2685546875,-0.28076171875,0.0244140625,-0.64697265625,-0.0732421875,-0.4150390625,-0.20751953125,-0.76904296875,0.0244140625,-0.1953125,0.23193359375,-0.7080078125,0.0732421875,-0.28076171875,-0.18310546875,0.68359375,0.2197265625,1.1962890625,0.08544921875,0.48828125,0.10986328125,-0.20751953125,0.13427734375,0.74462890625,-0.2197265625,1.57470703125,0.20751953125,1.3916015625,0.09765625,1.35498046875,-0.47607421875,1.45263671875,-0.10986328125,0.25634765625,-0.3173828125,1.07421875,-0.20751953125,0.23193359375,-0.13427734375,0.23193359375,-0.47607421875,0.25634765625,0.29296875,0.89111328125,-0.0244140625,0.03662109375,0.13427734375,1.33056640625,-0.03662109375,-0.93994140625,-0.10986328125,-0.341796875,-0.06103515625,-0.96435546875,0.03662109375,-0.76904296875,0.1220703125,-1.37939453125,-0.30517578125,-0.28076171875,0.10986328125,-0.3173828125,-0.2197265625,-1.18408203125,-0.048828125,5.87158203125,0.0244140625,5.79833984375,0,4.345703125,0.20751953125,11.7919921875,-0.0244140625,0,-0.32958984375,-1.46484375,-0.15869140625,-1.06201171875,-0.03662109375,0.390625,-0.47607421875,0.35400390625,0,0,-0.06103515625,-0.01220703125,-0.10986328125,0.15869140625,-0.20751953125,-0.06103515625,0.01220703125,0.830078125,-0.0732421875,-0.4638671875,0.09765625,-0.48828125
1,-0.10986328125,-0.29296875,-0.1708984375,-0.32958984375,0.30517578125,-0.3662109375,-0.2197265625,-0.06103515625,0.3173828125,-0.03662109375,-0.23193359375,-0.9033203125,-0.13427734375,1.13525390625,0.25634765625,-0.28076171875,0.09765625,-0.732421875,0.03662109375,-0.23193359375,-0.01220703125,0.732421875,-0.06103515625,-0.84228515625,0,0.01220703125,-0.2197265625,-0.78125,-0.2685546875,0.91552734375,-0.23193359375,0.20751953125,0.3662109375,-0.28076171875,0.048828125,-0.67138671875,-0.1220703125,-0.42724609375,-0.146484375,-0.76904296875,-0.03662109375,-0.2197265625,0.35400390625,-0.72021484375,0.146484375,-0.25634765625,-0.13427734375,0.67138671875,0.146484375,1.15966796875,0.048828125,0.5126953125,0.09765625,-0.20751953125,0.10986328125,0.74462890625,-0.146484375,2.099609375,0.244140625,1.69677734375,0.1953125,1.69677734375,-0.47607421875,1.94091796875,-0.13427734375,0.244140625,-0.30517578125,1.08642578125,-0.20751953125,0.244140625,-0.18310546875,0.244140625,-0.439453125,0.2685546875,0.341796875,0.89111328125,-0.03662109375,0.03662109375,0.13427734375,1.33056640625,-0.06103515625,-0.93994140625,-0.08544921875,-0.35400390625,0.09765625,-0.96435546875,-0.03662109375,-0.76904296875,0.0244140625,-1.35498046875,-0.28076171875,-0.2685546875,0.0244140625,-0.3173828125,-0.18310546875,-1.1962890625,-0.01220703125,5.94482421875,0.01220703125,5.859375,-0.08544921875,4.39453125,0.0732421875,11.90185546875,0,0.0244140625,-0.35400390625,-1.45263671875,-0.13427734375,-1.07421875,-0.0732421875,0.390625,-0.47607421875,0.35400390625,0.01220703125,0,-0.048828125,-0.0244140625,-0.08544921875,0.15869140625,-0.20751953125,-0.06103515625,0.0244140625,0.830078125,0.0244140625,-0.4638671875,0.1220703125,-0.48828125
1,-0.1220703125,-0.29296875,-0.1708984375,-0.341796875,0.29296875,-0.3662109375,-0.20751953125,-0.048828125,0.341796875,-0.0244140625,-0.244140625,-0.89111328125,-0.146484375,1.13525390625,0.23193359375,-0.25634765625,0.08544921875,-0.7080078125,0.146484375,-0.23193359375,0.0732421875,0.7568359375,-0.048828125,-0.84228515625,0.01220703125,-0.0244140625,-0.29296875,-0.78125,-0.23193359375,0.91552734375,-0.35400390625,0.20751953125,0.3662109375,-0.28076171875,0.146484375,-0.68359375,-0.18310546875,-0.439453125,-0.0732421875,-0.79345703125,-0.06103515625,-0.2685546875,0.40283203125,-0.74462890625,0.2197265625,-0.28076171875,-0.03662109375,0.62255859375,0.1220703125,1.1474609375,0.06103515625,0.5126953125,0.146484375,-0.1953125,0.03662109375,0.74462890625,-0.09765625,2.57568359375,0.1953125,1.94091796875,0.3173828125,2.001953125,-0.37841796875,2.34375,-0.15869140625,0.23193359375,-0.29296875,1.08642578125,-0.1708984375,0.2197265625,-0.20751953125,0.2685546875,-0.4150390625,0.2685546875,0.390625,0.91552734375,-0.048828125,0.0244140625,0.146484375,1.33056640625,-0.08544921875,-0.93994140625,-0.03662109375,-0.341796875,0.23193359375,-0.98876953125,-0.09765625,-0.7568359375,-0.048828125,-1.3427734375,-0.25634765625,-0.2685546875,-0.10986328125,-0.32958984375,-0.06103515625,-1.220703125,0.06103515625,5.7861328125,0.01220703125,5.6640625,-0.146484375,4.2724609375,-0.048828125,11.53564453125,0.048828125,0.06103515625,-0.3662109375,-1.45263671875,-0.08544921875,-1.06201171875,-0.08544921875,0.40283203125,-0.47607421875,0.341796875,-0.048828125,-0.0244140625,-0.06103515625,-0.03662109375,-0.048828125,0.146484375,-0.20751953125,-0.048828125,0.01220703125,0.84228515625,0.10986328125,-0.48828125,0.146484375,-0.48828125
1,-0.1220703125,-0.29296875,-0.1708984375,-0.32958984375,0.30517578125,-0.35400390625,-0.15869140625,-0.0244140625,0.341796875,-0.01220703125,-0.23193359375,-0.9033203125,-0.13427734375,1.11083984375,0.23193359375,-0.25634765625,0.08544921875,-0.732421875,0.23193359375,-0.2197265625,0.10986328125,0.78125,-0.03662109375,-0.8544921875,-0.03662109375,-0.03662109375,-0.3173828125,-0.79345703125,-0.15869140625,0.89111328125,-0.4638671875,0.20751953125,0.28076171875,-0.3173828125,0.23193359375,-0.69580078125,-0.244140625,-0.4638671875,0.01220703125,-0.79345703125,-0.09765625,-0.2685546875,0.390625,-0.732421875,0.25634765625,-0.28076171875,0.03662109375,0.59814453125,0.09765625,1.13525390625,0.06103515625,0.5126953125,0.18310546875,-0.146484375,-0.0732421875,0.78125,-0.03662109375,2.880859375,0.15869140625,2.08740234375,0.35400390625,2.18505859375,-0.35400390625,2.63671875,-0.15869140625,0.244140625,-0.2197265625,1.0498046875,-0.10986328125,0.23193359375,-0.244140625,0.2685546875,-0.341796875,0.2685546875,0.4150390625,0.86669921875,-0.0732421875,0,0.13427734375,1.3427734375,-0.09765625,-0.9521484375,0,-0.341796875,0.2685546875,-1.01318359375,-0.09765625,-0.76904296875,-0.06103515625,-1.33056640625,-0.23193359375,-0.2685546875,-0.1708984375,-0.35400390625,0.0732421875,-1.220703125,0.09765625,5.38330078125,0.0244140625,5.2978515625,-0.18310546875,3.9306640625,-0.10986328125,10.80322265625,0.0732421875,0.048828125,-0.3173828125,-1.45263671875,-0.048828125,-1.0498046875,-0.08544921875,0.40283203125,-0.48828125,0.3662109375,-0.06103515625,-0.01220703125,-0.048828125,-0.0244140625,-0.048828125,0.146484375,-0.20751953125,-0.048828125,0.0244140625,0.8544921875,0.18310546875,-0.47607421875,0.15869140625,-0.52490234375
1,-0.10986328125,-0.29296875,-0.1953125,-0.341796875,0.30517578125,-0.3662109375,-0.146484375,-0.0244140625,0.3173828125,0,-0.1953125,-0.9033203125,-0.1220703125,1.11083984375,0.20751953125,-0.25634765625,0.06103515625,-0.72021484375,0.30517578125,-0.25634765625,0.09765625,0.7568359375,0.01220703125,-0.81787109375,-0.09765625,-0.03662109375,-0.30517578125,-0.8056640625,-0.08544921875,0.9033203125,-0.5126953125,0.18310546875,0.15869140625,-0.3173828125,0.3173828125,-0.72021484375,-0.341796875,-0.4638671875,0.0732421875,-0.7568359375,-0.08544921875,-0.244140625,0.3173828125,-0.69580078125,0.2685546875,-0.30517578125,0.146484375,0.6103515625,0.15869140625,1.13525390625,0,0.5126953125,0.146484375,-0.146484375,-0.15869140625,0.76904296875,0,2.9541015625,0.15869140625,2.11181640625,0.439453125,2.2216796875,-0.32958984375,2.74658203125,-0.15869140625,0.244140625,-0.146484375,1.025390625,-0.09765625,0.2197265625,-0.25634765625,0.2197265625,-0.28076171875,0.25634765625,0.439453125,0.830078125,-0.08544921875,-0.01220703125,0.08544921875,1.3427734375,-0.09765625,-0.98876953125,0.0244140625,-0.35400390625,0.20751953125,-0.98876953125,-0.10986328125,-0.76904296875,-0.01220703125,-1.35498046875,-0.23193359375,-0.2685546875,-0.18310546875,-0.341796875,0.1708984375,-1.220703125,0.08544921875,4.833984375,0.048828125,4.736328125,-0.15869140625,3.47900390625,-0.18310546875,9.85107421875,0.048828125,-0.0244140625,-0.2685546875,-1.45263671875,-0.06103515625,-1.0498046875,-0.10986328125,0.390625,-0.48828125,0.341796875,-0.048828125,-0.0244140625,-0.06103515625,0,-0.06103515625,0.13427734375,-0.1953125,-0.0244140625,0.0244140625,0.8544921875,0.2197265625,-0.4638671875,0.1708984375,-0.5126953125
1,-0.1220703125,-0.28076171875,-0.146484375,-0.35400390625,0.3173828125,-0.37841796875,-0.13427734375,-0.048828125,0.3173828125,0.01220703125,-0.18310546875,-0.87890625,-0.13427734375,1.0986328125,0.18310546875,-0.2685546875,0.06103515625,-0.72021484375,0.3662109375,-0.25634765625,0.06103515625,0.74462890625,0.06103515625,-0.830078125,-0.13427734375,-0.0244140625,-0.2197265625,-0.78125,-0.0244140625,0.91552734375,-0.47607421875,0.1708984375,0.048828125,-0.29296875,0.40283203125,-0.74462890625,-0.42724609375,-0.439453125,0.1220703125,-0.732421875,-0.0244140625,-0.2197265625,0.23193359375,-0.67138671875,0.2685546875,-0.341796875,0.1708984375,0.59814453125,0.18310546875,1.13525390625,-0.06103515625,0.48828125,0.09765625,-0.18310546875,-0.2197265625,0.74462890625,0.03662109375,2.84423828125,0.09765625,2.001953125,0.50048828125,2.099609375,-0.30517578125,2.64892578125,-0.1220703125,0.2197265625,-0.0244140625,1.025390625,-0.048828125,0.23193359375,-0.25634765625,0.2197265625,-0.244140625,0.25634765625,0.439453125,0.830078125,-0.10986328125,-0.01220703125,0.0244140625,1.33056640625,-0.08544921875,-0.96435546875,0.01220703125,-0.341796875,0.08544921875,-0.98876953125,-0.03662109375,-0.78125,0.0732421875,-1.3671875,-0.244140625,-0.25634765625,-0.146484375,-0.341796875,0.20751953125,-1.20849609375,0,4.21142578125,0.08544921875,4.1259765625,-0.13427734375,2.978515625,-0.25634765625,8.7646484375,0,-0.08544921875,-0.1708984375,-1.46484375,-0.08544921875,-1.03759765625,-0.146484375,0.40283203125,-0.50048828125,0.35400390625,-0.06103515625,-0.01220703125,-0.0732421875,0,-0.06103515625,0.13427734375,-0.18310546875,0,0.0244140625,0.8544921875,0.2197265625,-0.4638671875,0.20751953125,-0.5126953125
1,-0.146484375,-0.28076171875,-0.146484375,-0.3662109375,0.3173828125,-0.37841796875,-0.13427734375,-0.06103515625,0.30517578125,0,-0.1953125,-0.87890625,-0.15869140625,1.07421875,0.15869140625,-0.28076171875,0.09765625,-0.72021484375,0.37841796875,-0.2685546875,-0.0244140625,0.732421875,0.1708984375,-0.8056640625,-0.15869140625,-0.03662109375,-0.15869140625,-0.78125,0.01220703125,0.9033203125,-0.390625,0.1953125,-0.01220703125,-0.3173828125,0.37841796875,-0.76904296875,-0.50048828125,-0.42724609375,0.146484375,-0.732421875,-0.03662109375,-0.20751953125,0.10986328125,-0.64697265625,0.29296875,-0.3662109375,0.1708984375,0.6103515625,0.25634765625,1.15966796875,-0.146484375,0.4638671875,-0.0244140625,-0.2197265625,-0.23193359375,0.74462890625,-0.01220703125,2.55126953125,0.13427734375,1.79443359375,0.59814453125,1.86767578125,-0.341796875,2.40478515625,-0.0244140625,0.2197265625,0.048828125,1.01318359375,-0.048828125,0.20751953125,-0.23193359375,0.2197265625,-0.23193359375,0.244140625,0.42724609375,0.8056640625,-0.15869140625,-0.0244140625,-0.01220703125,1.33056640625,-0.06103515625,-0.98876953125,0.01220703125,-0.35400390625,-0.09765625,-0.98876953125,0.06103515625,-0.76904296875,0.15869140625,-1.416015625,-0.2197265625,-0.25634765625,-0.0244140625,-0.3173828125,0.1708984375,-1.220703125,-0.0732421875,3.5888671875,0.08544921875,3.50341796875,-0.08544921875,2.50244140625,-0.29296875,7.67822265625,-0.048828125,-0.18310546875,-0.08544921875,-1.46484375,-0.1220703125,-1.03759765625,-0.18310546875,0.40283203125,-0.5126953125,0.32958984375,-0.06103515625,0,-0.06103515625,0.03662109375,-0.03662109375,0.1220703125,-0.18310546875,0.01220703125,0.0244140625,0.86669921875,0.2197265625,-0.45166015625,0.2197265625,-0.52490234375
1,-0.1708984375,-0.30517578125,-0.10986328125,-0.37841796875,0.32958984375,-0.37841796875,-0.146484375,-0.08544921875,0.32958984375,-0.01220703125,-0.18310546875,-0.87890625,-0.18310546875,1.08642578125,0.18310546875,-0.2685546875,0.10986328125,-0.7080078125,0.341796875,-0.2685546875,-0.09765625,0.69580078125,0.244140625,-0.81787109375,-0.1220703125,-0.048828125,-0.06103515625,-0.79345703125,0.048828125,0.9033203125,-0.2685546875,0.20751953125,-0.01220703125,-0.32958984375,0.37841796875,-0.8056640625,-0.54931640625,-0.4150390625,0.13427734375,-0.74462890625,-0.06103515625,-0.1708984375,-0.0244140625,-0.6103515625,0.35400390625,-0.42724609375,0.146484375,0.634765625,0.3173828125,1.18408203125,-0.244140625,0.45166015625,-0.146484375,-0.244140625,-0.23193359375,0.72021484375,-0.03662109375,2.1484375,0.13427734375,1.5380859375,0.6591796875,1.59912109375,-0.2685546875,2.0751953125,0.06103515625,0.1953125,0.1220703125,1.0009765625,-0.048828125,0.1953125,-0.1953125,0.1953125,-0.1953125,0.25634765625,0.42724609375,0.79345703125,-0.18310546875,-0.0244140625,-0.03662109375,1.30615234375,-0.048828125,-0.9765625,-0.01220703125,-0.35400390625,-0.2685546875,-0.98876953125,0.13427734375,-0.76904296875,0.18310546875,-1.46484375,-0.244140625,-0.2685546875,0.1708984375,-0.3173828125,0.10986328125,-1.23291015625,-0.146484375,3.02734375,0.06103515625,2.9541015625,-0.03662109375,2.05078125,-0.29296875,6.72607421875,-0.03662109375,-0.29296875,0,-1.47705078125,-0.1220703125,-1.025390625,-0.15869140625,0.40283203125,-0.54931640625,0.32958984375,-0.0732421875,0.0244140625,-0.0732421875,0.03662109375,-0.048828125,0.1220703125,-0.13427734375,0.048828125,0.01220703125,0.8544921875,0.2197265625,-0.439453125,0.1953125,-0.48828125
1,-0.1708984375,-0.30517578125,-0.08544921875,-0.3662109375,0.3173828125,-0.390625,-0.1708984375,-0.0732421875,0.32958984375,-0.01220703125,-0.1708984375,-0.9033203125,-0.18310546875,1.08642578125,0.18310546875,-0.28076171875,0.10986328125,-0.732421875,0.28076171875,-0.29296875,-0.15869140625,0.68359375,0.2685546875,-0.830078125,-0.0732421875,-0.0732421875,0.01220703125,-0.8056640625,0.0244140625,0.91552734375,-0.0732421875,0.1953125,-0.01220703125,-0.341796875,0.2197265625,-0.830078125,-0.537109375,-0.4150390625,0.0732421875,-0.74462890625,-0.09765625,-0.15869140625,-0.18310546875,-0.5859375,0.390625,-0.42724609375,0.1220703125,0.634765625,0.40283203125,1.220703125,-0.2197265625,0.45166015625,-0.23193359375,-0.244140625,-0.244140625,0.732421875,-0.10986328125,1.77001953125,0.0732421875,1.33056640625,0.69580078125,1.3427734375,-0.28076171875,1.7333984375,0.13427734375,0.18310546875,0.1953125,1.0009765625,-0.01220703125,0.1953125,-0.146484375,0.1953125,-0.15869140625,0.2197265625,0.4150390625,0.8056640625,-0.2685546875,-0.01220703125,-0.06103515625,1.318359375,-0.03662109375,-0.98876953125,-0.048828125,-0.35400390625,-0.37841796875,-0.9765625,0.146484375,-0.7568359375,0.1953125,-1.513671875,-0.25634765625,-0.244140625,0.29296875,-0.30517578125,0.06103515625,-1.2451171875,-0.15869140625,2.587890625,-0.01220703125,2.47802734375,-0.0244140625,1.6845703125,-0.244140625,5.908203125,-0.01220703125,-0.390625,0.03662109375,-1.47705078125,-0.0732421875,-1.025390625,-0.13427734375,0.390625,-0.5615234375,0.3173828125,-0.048828125,0.0244140625,-0.048828125,0.048828125,-0.0732421875,0.09765625,-0.13427734375,0.048828125,0.0244140625,0.84228515625,0.20751953125,-0.42724609375,0.18310546875,-0.4638671875
0,-0.146484375,-0.3173828125,-0.06103515625,-0.35400390625,0.32958984375,-0.40283203125,-0.13427734375,-0.06103515625,0.3662109375,-0.01220703125,-0.1708984375,-0.87890625,-0.18310546875,1.11083984375,0.146484375,-0.28076171875,0.10986328125,-0.732421875,0.20751953125,-0.2685546875,-0.18310546875,0.67138671875,0.20751953125,-0.8056640625,-0.01220703125,-0.10986328125,0.048828125,-0.79345703125,0.01220703125,0.927734375,0.048828125,0.20751953125,0.01220703125,-0.3173828125,0.0244140625,-0.84228515625,-0.50048828125,-0.40283203125,0.01220703125,-0.7568359375,-0.18310546875,-0.146484375,-0.18310546875,-0.59814453125,0.390625,-0.40283203125,0.08544921875,0.64697265625,0.42724609375,1.2451171875,-0.244140625,0.42724609375,-0.3173828125,-0.244140625,-0.29296875,0.72021484375,-0.1708984375,1.47705078125,0.0732421875,1.171875,0.7080078125,1.1474609375,-0.244140625,1.46484375,0.09765625,0.1708984375,0.2685546875,1.025390625,0,0.1953125,-0.1220703125,0.1953125,-0.1220703125,0.23193359375,0.37841796875,0.79345703125,-0.2685546875,0,-0.10986328125,1.318359375,-0.048828125,-0.9521484375,-0.08544921875,-0.35400390625,-0.3662109375,-0.9521484375,0.10986328125,-0.76904296875,0.2197265625,-1.5625,-0.29296875,-0.2685546875,0.40283203125,-0.29296875,-0.0244140625,-1.220703125,-0.15869140625,2.24609375,-0.08544921875,2.1484375,-0.03662109375,1.416015625,-0.1708984375,5.31005859375,0.03662109375,-0.45166015625,0.03662109375,-1.46484375,-0.0732421875,-1.025390625,-0.0732421875,0.40283203125,-0.5859375,0.3173828125,-0.06103515625,0.01220703125,-0.06103515625,0.08544921875,-0.0732421875,0.1220703125,-0.13427734375,0.03662109375,0.01220703125,0.81787109375,0.1953125,-0.4150390625,0.146484375,-0.48828125
0,-0.146484375,-0.30517578125,-0.0732421875,-0.37841796875,0.341796875,-0.40283203125,-0.13427734375,-0.08544921875,0.390625,-0.048828125,-0.15869140625,-0.89111328125,-0.1953125,1.13525390625,0.1708984375,-0.28076171875,0.1220703125,-0.732421875,0.1220703125,-0.2685546875,-0.2197265625,0.69580078125,0.0732421875,-0.830078125,0.0732421875,-0.1220703125,0.048828125,-0.79345703125,0.01220703125,0.93994140625,0.1220703125,0.2197265625,-0.01220703125,-0.30517578125,-0.048828125,-0.8544921875,-0.4638671875,-0.40283203125,-0.0244140625,-0.76904296875,-0.25634765625,-0.146484375,-0.1708984375,-0.5859375,0.341796875,-0.3662109375,0.03662109375,0.6591796875,0.40283203125,1.220703125,-0.15869140625,0.439453125,-0.40283203125,-0.23193359375,-0.341796875,0.72021484375,-0.20751953125,1.318359375,0.08544921875,1.0986328125,0.69580078125,1.03759765625,-0.146484375,1.30615234375,0.09765625,0.1953125,0.32958984375,1.03759765625,0.0244140625,0.20751953125,-0.08544921875,0.20751953125,-0.048828125,0.23193359375,0.32958984375,0.8056640625,-0.29296875,0.01220703125,-0.146484375,1.33056640625,-0.06103515625,-0.927734375,-0.10986328125,-0.35400390625,-0.29296875,-0.9765625,0,-0.78125,0.23193359375,-1.5625,-0.30517578125,-0.23193359375,0.4150390625,-0.28076171875,-0.048828125,-1.220703125,-0.146484375,1.98974609375,-0.146484375,1.904296875,-0.06103515625,1.20849609375,-0.10986328125,4.8095703125,0.08544921875,-0.50048828125,-0.048828125,-1.47705078125,-0.06103515625,-1.03759765625,-0.0244140625,0.40283203125,-0.5859375,0.3173828125,-0.03662109375,0.01220703125,-0.06103515625,0.06103515625,-0.06103515625,0.10986328125,-0.09765625,0.0244140625,0,0.81787109375,0.1708984375,-0.42724609375,0.10986328125,-0.47607421875
0,-0.1220703125,-0.3173828125,-0.048828125,-0.390625,0.3173828125,-0.390625,-0.1220703125,-0.09765625,0.390625,-0.048828125,-0.146484375,-0.87890625,-0.23193359375,1.13525390625,0.15869140625,-0.29296875,0.13427734375,-0.7568359375,0.03662109375,-0.2685546875,-0.23193359375,0.7080078125,-0.146484375,-0.8056640625,0.13427734375,-0.1953125,0.06103515625,-0.81787109375,0.048828125,0.93994140625,0.146484375,0.23193359375,-0.0732421875,-0.29296875,-0.146484375,-0.86669921875,-0.42724609375,-0.40283203125,-0.048828125,-0.78125,-0.35400390625,-0.1708984375,-0.1220703125,-0.62255859375,0.25634765625,-0.341796875,-0.03662109375,0.6591796875,0.3662109375,1.23291015625,-0.1220703125,0.45166015625,-0.40283203125,-0.20751953125,-0.42724609375,0.732421875,-0.18310546875,1.2939453125,0.1220703125,1.11083984375,0.6103515625,1.025390625,-0.08544921875,1.25732421875,0.09765625,0.1953125,0.3662109375,1.0498046875,0.0244140625,0.1953125,-0.08544921875,0.2197265625,0.01220703125,0.244140625,0.2685546875,0.830078125,-0.3173828125,0.03662109375,-0.15869140625,1.3427734375,-0.06103515625,-0.93994140625,-0.13427734375,-0.35400390625,-0.15869140625,-0.9765625,-0.10986328125,-0.76904296875,0.25634765625,-1.5869140625,-0.29296875,-0.23193359375,0.341796875,-0.28076171875,-0.03662109375,-1.220703125,-0.15869140625,1.7578125,-0.18310546875,1.72119140625,-0.0732421875,1.03759765625,-0.048828125,4.45556640625,0.1220703125,-0.52490234375,-0.10986328125,-1.45263671875,-0.08544921875,-1.03759765625,0.01220703125,0.40283203125,-0.5615234375,0.32958984375,-0.0244140625,0.03662109375,-0.06103515625,0.048828125,-0.06103515625,0.146484375,-0.09765625,0.01220703125,0,0.8056640625,0.15869140625,-0.42724609375,0.10986328125,-0.48828125
0,-0.13427734375,-0.3173828125,-0.0732421875,-0.390625,0.28076171875,-0.40283203125,-0.10986328125,-0.08544921875,0.4150390625,-0.0732421875,-0.146484375,-0.89111328125,-0.25634765625,1.13525390625,0.15869140625,-0.3173828125,0.08544921875,-0.74462890625,-0.0244140625,-0.2685546875,-0.23193359375,0.74462890625,-0.3173828125,-0.8056640625,0.1953125,-0.2197265625,0.03662109375,-0.8056640625,0.09765625,0.9521484375,0.08544921875,0.244140625,-0.146484375,-0.30517578125,-0.09765625,-0.86669921875,-0.3662109375,-0.40283203125,-0.048828125,-0.78125,-0.45166015625,-0.18310546875,-0.03662109375,-0.64697265625,0.18310546875,-0.3173828125,-0.08544921875,0.67138671875,0.3173828125,1.1962890625,-0.08544921875,0.48828125,-0.42724609375,-0.18310546875,-0.52490234375,0.7568359375,-0.28076171875,1.3916015625,0.048828125,1.18408203125,0.52490234375,1.123046875,-0.13427734375,1.33056640625,0.1220703125,0.2197265625,0.37841796875,1.06201171875,0.06103515625,0.20751953125,-0.08544921875,0.23193359375,0.08544921875,0.2685546875,0.20751953125,0.830078125,-0.32958984375,0.048828125,-0.15869140625,1.35498046875,-0.048828125,-0.9521484375,-0.146484375,-0.35400390625,0,-0.98876953125,-0.1953125,-0.74462890625,0.23193359375,-1.5625,-0.30517578125,-0.244140625,0.2197265625,-0.244140625,-0.01220703125,-1.1962890625,-0.15869140625,1.513671875,-0.20751953125,1.5625,-0.09765625,0.91552734375,-0.0244140625,4.1015625,0.1708984375,-0.50048828125,-0.1953125,-1.45263671875,-0.10986328125,-1.06201171875,0.048828125,0.390625,-0.6103515625,0.341796875,0,0.01220703125,-0.06103515625,0.048828125,-0.08544921875,0.15869140625,-0.08544921875,-0.0244140625,-0.01220703125,0.8056640625,0.13427734375,-0.439453125,0.06103515625,-0.4638671875
0,-0.1220703125,-0.3173828125,-0.08544921875,-0.37841796875,0.23193359375,-0.3662109375,-0.08544921875,-0.0732421875,0.40283203125,-0.06103515625,-0.146484375,-0.86669921875,-0.29296875,1.13525390625,0.146484375,-0.3173828125,0.048828125,-0.732421875,-0.048828125,-0.28076171875,-0.29296875,0.76904296875,-0.439453125,-0.79345703125,0.18310546875,-0.244140625,0.03662109375,-0.79345703125,0.13427734375,0.93994140625,-0.01220703125,0.244140625,-0.244140625,-0.29296875,0.0244140625,-0.86669921875,-0.32958984375,-0.439453125,-0.03662109375,-0.78125,-0.5126953125,-0.20751953125,-0.01220703125,-0.67138671875,0.0732421875,-0.28076171875,-0.13427734375,0.67138671875,0.28076171875,1.171875,-0.01220703125,0.52490234375,-0.42724609375,-0.15869140625,-0.537109375,0.7568359375,-0.23193359375,1.5380859375,0.0244140625,1.2451171875,0.6103515625,1.25732421875,-0.06103515625,1.42822265625,0.1708984375,0.23193359375,0.3662109375,1.07421875,0.09765625,0.20751953125,-0.06103515625,0.2197265625,0.09765625,0.29296875,0.13427734375,0.87890625,-0.29296875,0.06103515625,-0.15869140625,1.3671875,-0.048828125,-0.927734375,-0.146484375,-0.35400390625,0.09765625,-0.9765625,-0.25634765625,-0.74462890625,0.18310546875,-1.5380859375,-0.32958984375,-0.2685546875,0.0732421875,-0.2685546875,0.048828125,-1.171875,-0.20751953125,1.220703125,-0.244140625,1.30615234375,-0.1953125,0.72021484375,-0.048828125,3.69873046875,0.15869140625,-0.47607421875,-0.28076171875,-1.45263671875,-0.1220703125,-1.0498046875,0.08544921875,0.37841796875,-0.5859375,0.32958984375,-0.01220703125,0.01220703125,-0.06103515625,0.0244140625,-0.048828125,0.1708984375,-0.0732421875,-0.048828125,-0.01220703125,0.830078125,0.1220703125,-0.45166015625,0.03662109375,-0.48828125
0,-0.09765625,-0.3173828125,-0.0732421875,-0.3662109375,0.2197265625,-0.35400390625,-0.06103515625,-0.0732421875,0.40283203125,-0.0732421875,-0.146484375,-0.87890625,-0.30517578125,1.123046875,0.10986328125,-0.29296875,0,-0.74462890625,-0.0244140625,-0.244140625,-0.32958984375,0.78125,-0.4638671875,-0.81787109375,0.15869140625,-0.244140625,0.01220703125,-0.76904296875,0.146484375,0.93994140625,-0.10986328125,0.244140625,-0.32958984375,-0.29296875,0.18310546875,-0.89111328125,-0.2685546875,-0.4638671875,-0.01220703125,-0.79345703125,-0.47607421875,-0.244140625,0.0244140625,-0.69580078125,0.01220703125,-0.29296875,-0.1708984375,0.64697265625,0.2197265625,1.1474609375,0.03662109375,0.52490234375,-0.35400390625,-0.15869140625,-0.5615234375,0.76904296875,-0.1220703125,1.67236328125,0.03662109375,1.3427734375,0.59814453125,1.3671875,-0.03662109375,1.513671875,0.18310546875,0.25634765625,0.3173828125,1.0986328125,0.0732421875,0.2197265625,-0.08544921875,0.244140625,0.0732421875,0.28076171875,0.0732421875,0.89111328125,-0.25634765625,0.048828125,-0.1708984375,1.3916015625,-0.08544921875,-0.927734375,-0.146484375,-0.341796875,0.1708984375,-1.0009765625,-0.244140625,-0.732421875,0.09765625,-1.52587890625,-0.35400390625,-0.25634765625,-0.06103515625,-0.29296875,0.06103515625,-1.15966796875,-0.20751953125,0.8544921875,-0.20751953125,1.0009765625,-0.20751953125,0.45166015625,-0.06103515625,3.1494140625,0.1220703125,-0.439453125,-0.30517578125,-1.46484375,-0.09765625,-1.06201171875,0.08544921875,0.390625,-0.5615234375,0.341796875,0.01220703125,0.01220703125,-0.06103515625,-0.0244140625,-0.048828125,0.146484375,-0.06103515625,-0.0732421875,-0.01220703125,0.84228515625,0.13427734375,-0.45166015625,0.03662109375,-0.50048828125
0,-0.1220703125,-0.29296875,-0.03662109375,-0.3662109375,0.1953125,-0.341796875,-0.0244140625,-0.08544921875,0.390625,-0.048828125,-0.146484375,-0.87890625,-0.32958984375,1.11083984375,0.08544921875,-0.30517578125,-0.048828125,-0.732421875,0.01220703125,-0.244140625,-0.3662109375,0.78125,-0.37841796875,-0.830078125,0.06103515625,-0.244140625,-0.0244140625,-0.74462890625,0.1220703125,0.93994140625,-0.2685546875,0.2197265625,-0.3662109375,-0.29296875,0.29296875,-0.9033203125,-0.23193359375,-0.4638671875,0.01220703125,-0.78125,-0.439453125,-0.25634765625,0.048828125,-0.67138671875,0.048828125,-0.30517578125,-0.10986328125,0.67138671875,0.1708984375,1.13525390625,0.146484375,0.537109375,-0.3662109375,-0.146484375,-0.52490234375,0.74462890625,-0.18310546875,1.72119140625,-0.0732421875,1.35498046875,0.48828125,1.45263671875,-0.10986328125,1.5380859375,0.20751953125,0.244140625,0.25634765625,1.0986328125,0.09765625,0.2197265625,-0.1220703125,0.25634765625,0.0244140625,0.29296875,0.03662109375,0.87890625,-0.2197265625,0.048828125,-0.2197265625,1.3916015625,-0.08544921875,-0.927734375,-0.1220703125,-0.35400390625,0.1220703125,-1.01318359375,-0.13427734375,-0.732421875,0.048828125,-1.513671875,-0.40283203125,-0.25634765625,-0.08544921875,-0.28076171875,0.048828125,-1.171875,-0.20751953125,0.37841796875,-0.13427734375,0.5859375,-0.1953125,0.09765625,-0.01220703125,2.42919921875,0.048828125,-0.390625,-0.3173828125,-1.47705078125,-0.09765625,-1.0498046875,0.10986328125,0.390625,-0.54931640625,0.35400390625,0,0.01220703125,-0.06103515625,-0.01220703125,-0.03662109375,0.15869140625,-0.06103515625,-0.08544921875,-0.03662109375,0.84228515625,0.146484375,-0.4638671875,0.01220703125,-0.50048828125
0,-0.146484375,-0.30517578125,-0.048828125,-0.35400390625,0.1953125,-0.341796875,-0.0244140625,-0.0732421875,0.35400390625,-0.06103515625,-0.1220703125,-0.86669921875,-0.341796875,1.0986328125,0.08544921875,-0.28076171875,-0.08544921875,-0.72021484375,0.06103515625,-0.23193359375,-0.439453125,0.76904296875,-0.23193359375,-0.84228515625,-0.0732421875,-0.2197265625,-0.048828125,-0.74462890625,0.06103515625,0.91552734375,-0.35400390625,0.2197265625,-0.29296875,-0.32958984375,0.35400390625,-0.927734375,-0.20751953125,-0.45166015625,0.03662109375,-0.78125,-0.30517578125,-0.244140625,0.0244140625,-0.67138671875,0.10986328125,-0.3662109375,-0.1220703125,0.62255859375,0.146484375,1.123046875,0.18310546875,0.52490234375,-0.29296875,-0.146484375,-0.45166015625,0.74462890625,-0.048828125,1.66015625,-0.048828125,1.30615234375,0.42724609375,1.4404296875,-0.0244140625,1.46484375,0.20751953125,0.2685546875,0.15869140625,1.0986328125,0.13427734375,0.2197265625,-0.15869140625,0.25634765625,-0.01220703125,0.28076171875,0.0244140625,0.9033203125,-0.1220703125,0.048828125,-0.23193359375,1.37939453125,-0.09765625,-0.93994140625,-0.09765625,-0.35400390625,0.048828125,-1.01318359375,0.01220703125,-0.74462890625,0.03662109375,-1.50146484375,-0.4150390625,-0.2685546875,-0.10986328125,-0.29296875,-0.03662109375,-1.1474609375,-0.15869140625,-0.1708984375,-0.06103515625,0.048828125,-0.18310546875,-0.3173828125,0,1.57470703125,0,-0.3662109375,-0.28076171875,-1.45263671875,-0.08544921875,-1.06201171875,0.10986328125,0.4150390625,-0.5615234375,0.32958984375,0.01220703125,-0.01220703125,-0.0732421875,0,-0.0244140625,0.15869140625,-0.06103515625,-0.0732421875,-0.0244140625,0.87890625,0.146484375,-0.47607421875,0.06103515625,-0.52490234375
0,-0.1708984375,-0.29296875,-0.01220703125,-0.3662109375,0.1953125,-0.3173828125,0.01220703125,-0.048828125,0.32958984375,-0.048828125,-0.10986328125,-0.87890625,-0.32958984375,1.07421875,0.048828125,-0.25634765625,-0.09765625,-0.7080078125,0.13427734375,-0.2197265625,-0.40283203125,0.74462890625,-0.0732421875,-0.84228515625,-0.20751953125,-0.1708984375,-0.09765625,-0.76904296875,-0.03662109375,0.87890625,-0.4638671875,0.23193359375,-0.15869140625,-0.3662109375,0.390625,-0.93994140625,-0.1953125,-0.45166015625,0.048828125,-0.76904296875,-0.15869140625,-0.244140625,-0.01220703125,-0.64697265625,0.18310546875,-0.42724609375,-0.10986328125,0.6103515625,0.09765625,1.1474609375,0.18310546875,0.5126953125,-0.1953125,-0.18310546875,-0.390625,0.74462890625,-0.048828125,1.4892578125,-0.0244140625,1.20849609375,0.40283203125,1.37939453125,-0.01220703125,1.30615234375,0.146484375,0.25634765625,0.08544921875,1.08642578125,0.13427734375,0.23193359375,-0.2197265625,0.244140625,-0.06103515625,0.244140625,0,0.87890625,-0.03662109375,0.03662109375,-0.25634765625,1.35498046875,-0.10986328125,-0.9521484375,-0.06103515625,-0.3662109375,-0.0244140625,-0.96435546875,0.1708984375,-0.74462890625,0.03662109375,-1.47705078125,-0.390625,-0.25634765625,-0.01220703125,-0.30517578125,-0.09765625,-1.13525390625,-0.1220703125,-0.76904296875,-0.0244140625,-0.537109375,-0.15869140625,-0.76904296875,-0.08544921875,0.59814453125,-0.06103515625,-0.37841796875,-0.2197265625,-1.45263671875,-0.10986328125,-1.06201171875,0.048828125,0.40283203125,-0.5615234375,0.341796875,0.0244140625,-0.01220703125,-0.0732421875,0.01220703125,-0.0244140625,0.13427734375,-0.06103515625,-0.048828125,-0.01220703125,0.8544921875,0.15869140625,-0.48828125,0.048828125,-0.5126953125
0,-0.15869140625,-0.30517578125,-0.01220703125,-0.37841796875,0.1953125,-0.341796875,0,-0.0732421875,0.32958984375,-0.048828125,-0.08544921875,-0.8544921875,-0.3173828125,1.08642578125,0.03662109375,-0.2685546875,-0.10986328125,-0.72021484375,0.1953125,-0.2197265625,-0.341796875,0.732421875,0.01220703125,-0.8544921875,-0.341796875,-0.146484375,-0.146484375,-0.76904296875,-0.18310546875,0.87890625,-0.50048828125,0.20751953125,0.10986328125,-0.3662109375,0.42724609375,-0.927734375,-0.18310546875,-0.45166015625,0.08544921875,-0.7568359375,-0.0244140625,-0.2197265625,-0.0244140625,-0.62255859375,0.2685546875,-0.47607421875,-0.13427734375,0.62255859375,0.09765625,1.13525390625,0.1708984375,0.47607421875,-0.13427734375,-0.23193359375,-0.28076171875,0.732421875,-0.048828125,1.26953125,-0.048828125,1.07421875,0.3662109375,1.2451171875,-0.0732421875,1.0986328125,0.0732421875,0.23193359375,0.01220703125,1.0498046875,0.13427734375,0.2197265625,-0.25634765625,0.23193359375,-0.13427734375,0.23193359375,0,0.8544921875,0.0244140625,0.03662109375,-0.28076171875,1.33056640625,-0.08544921875,-0.98876953125,-0.0732421875,-0.3662109375,-0.09765625,-0.96435546875,0.28076171875,-0.74462890625,0.08544921875,-1.46484375,-0.35400390625,-0.25634765625,0.13427734375,-0.3173828125,-0.18310546875,-1.123046875,-0.0732421875,-1.30615234375,-0.01220703125,-1.11083984375,-0.146484375,-1.220703125,-0.13427734375,-0.40283203125,-0.09765625,-0.4150390625,-0.1708984375,-1.47705078125,-0.146484375,-1.0498046875,0,0.40283203125,-0.5126953125,0.32958984375,0.0732421875,0,-0.0732421875,0.03662109375,-0.0244140625,0.15869140625,-0.03662109375,-0.0244140625,0,0.86669921875,0.146484375,-0.47607421875,0.03662109375,-0.5126953125
0,-0.1953125,-0.29296875,0,-0.37841796875,0.18310546875,-0.3662109375,-0.01220703125,-0.08544921875,0.32958984375,-0.048828125,-0.10986328125,-0.86669921875,-0.3662109375,1.08642578125,0.01220703125,-0.25634765625,-0.08544921875,-0.72021484375,0.20751953125,-0.2197265625,-0.25634765625,0.7080078125,0.08544921875,-0.8544921875,-0.4150390625,-0.1220703125,-0.20751953125,-0.79345703125,-0.2685546875,0.86669921875,-0.40283203125,0.2197265625,0.341796875,-0.35400390625,0.3662109375,-0.93994140625,-0.2197265625,-0.4638671875,0.10986328125,-0.74462890625,0.08544921875,-0.2197265625,-0.09765625,-0.6103515625,0.37841796875,-0.5126953125,-0.13427734375,0.62255859375,0.08544921875,1.171875,0.1220703125,0.45166015625,-0.06103515625,-0.244140625,-0.1953125,0.732421875,-0.13427734375,1.025390625,-0.09765625,0.9521484375,0.29296875,1.08642578125,-0.15869140625,0.91552734375,0.048828125,0.2197265625,-0.048828125,1.03759765625,0.0732421875,0.1953125,-0.2685546875,0.20751953125,-0.1953125,0.2197265625,0,0.84228515625,0.08544921875,0.0244140625,-0.3173828125,1.318359375,-0.0732421875,-0.98876953125,-0.0732421875,-0.35400390625,-0.13427734375,-0.9521484375,0.341796875,-0.74462890625,0.08544921875,-1.47705078125,-0.30517578125,-0.28076171875,0.30517578125,-0.29296875,-0.29296875,-1.123046875,-0.048828125,-1.7822265625,-0.048828125,-1.62353515625,-0.15869140625,-1.59912109375,-0.15869140625,-1.30615234375,-0.06103515625,-0.47607421875,-0.13427734375,-1.46484375,-0.15869140625,-1.0498046875,-0.01220703125,0.40283203125,-0.537109375,0.3662109375,0.08544921875,0,-0.08544921875,0.0732421875,-0.048828125,0.13427734375,-0.03662109375,0,0.0244140625,0.8544921875,0.1708984375,-0.4638671875,0.048828125,-0.5126953125
0,-0.18310546875,-0.3173828125,0,-0.390625,0.15869140625,-0.37841796875,0.01220703125,-0.0732421875,0.32958984375,-0.048828125,-0.09765625,-0.84228515625,-0.390625,1.08642578125,-0.01220703125,-0.2685546875,-0.06103515625,-0.72021484375,0.23193359375,-0.23193359375,-0.10986328125,0.68359375,0.08544921875,-0.84228515625,-0.4150390625,-0.09765625,-0.2685546875,-0.79345703125,-0.3662109375,0.8544921875,-0.28076171875,0.20751953125,0.54931640625,-0.3662109375,0.28076171875,-0.927734375,-0.25634765625,-0.4638671875,0.146484375,-0.7568359375,0.10986328125,-0.1953125,-0.146484375,-0.6103515625,0.48828125,-0.54931640625,-0.1220703125,0.62255859375,0.1220703125,1.18408203125,0.1220703125,0.439453125,0.01220703125,-0.25634765625,-0.10986328125,0.72021484375,-0.1953125,0.89111328125,-0.09765625,0.9033203125,0.28076171875,1.0009765625,-0.1220703125,0.8056640625,0,0.1953125,-0.09765625,1.025390625,0.03662109375,0.15869140625,-0.29296875,0.18310546875,-0.25634765625,0.2197265625,-0.01220703125,0.8544921875,0.1220703125,0.01220703125,-0.3662109375,1.2939453125,-0.0732421875,-0.98876953125,-0.048828125,-0.35400390625,-0.13427734375,-0.96435546875,0.37841796875,-0.7568359375,0.08544921875,-1.4892578125,-0.20751953125,-0.30517578125,0.4150390625,-0.30517578125,-0.3173828125,-1.13525390625,-0.048828125,-2.099609375,-0.10986328125,-2.001953125,-0.15869140625,-1.85546875,-0.1708984375,-1.96533203125,-0.01220703125,-0.5615234375,-0.0732421875,-1.47705078125,-0.146484375,-1.03759765625,-0.03662109375,0.390625,-0.537109375,0.3662109375,0.06103515625,0,-0.0732421875,0.0732421875,-0.06103515625,0.13427734375,-0.03662109375,0.01220703125,0.03662109375,0.8544921875,0.18310546875,-0.45166015625,0.048828125,-0.52490234375
0,-0.1953125,-0.3173828125,0.0244140625,-0.37841796875,0.15869140625,-0.40283203125,0.01220703125,-0.10986328125,0.30517578125,-0.06103515625,-0.08544921875,-0.8544921875,-0.390625,1.0986328125,0.01220703125,-0.29296875,0.0244140625,-0.7080078125,0.1953125,-0.244140625,-0.0244140625,0.67138671875,0.08544921875,-0.81787109375,-0.37841796875,-0.09765625,-0.3173828125,-0.81787109375,-0.35400390625,0.8544921875,-0.10986328125,0.20751953125,0.64697265625,-0.37841796875,0.09765625,-0.91552734375,-0.32958984375,-0.4638671875,0.15869140625,-0.732421875,0.048828125,-0.20751953125,-0.06103515625,-0.59814453125,0.52490234375,-0.537109375,-0.0732421875,0.634765625,0.18310546875,1.18408203125,0.08544921875,0.42724609375,0.08544921875,-0.25634765625,0.01220703125,0.72021484375,-0.18310546875,0.86669921875,-0.1220703125,0.91552734375,0.18310546875,1.0009765625,-0.15869140625,0.830078125,0,0.1953125,-0.1708984375,1.03759765625,-0.01220703125,0.15869140625,-0.29296875,0.18310546875,-0.3173828125,0.18310546875,0,0.8056640625,0.15869140625,0,-0.35400390625,1.2939453125,-0.048828125,-0.9765625,-0.03662109375,-0.341796875,-0.1220703125,-0.9521484375,0.28076171875,-0.78125,0.09765625,-1.513671875,-0.10986328125,-0.32958984375,0.4638671875,-0.30517578125,-0.2685546875,-1.13525390625,-0.03662109375,-2.24609375,-0.15869140625,-2.18505859375,-0.15869140625,-1.98974609375,-0.10986328125,-2.35595703125,0.0732421875,-0.634765625,-0.06103515625,-1.45263671875,-0.09765625,-1.03759765625,-0.01220703125,0.4150390625,-0.5615234375,0.3662109375,0.048828125,0,-0.0732421875,0.0732421875,-0.0732421875,0.1220703125,-0.03662109375,0.01220703125,0.03662109375,0.8544921875,0.1953125,-0.45166015625,0.0732421875,-0.5126953125
1,-0.1708984375,-0.3173828125,0.03662109375,-0.3662109375,0.15869140625,-0.4150390625,0.0244140625,-0.08544921875,0.30517578125,-0.0732421875,-0.0732421875,-0.8544921875,-0.3662109375,1.11083984375,0.01220703125,-0.28076171875,0.10986328125,-0.69580078125,0.1708984375,-0.244140625,0.03662109375,0.68359375,0.03662109375,-0.81787109375,-0.29296875,-0.09765625,-0.341796875,-0.81787109375,-0.3173828125,0.87890625,0.01220703125,0.2197265625,0.6103515625,-0.32958984375,-0.01220703125,-0.9033203125,-0.390625,-0.42724609375,0.15869140625,-0.74462890625,-0.09765625,-0.1953125,-0.048828125,-0.59814453125,0.54931640625,-0.50048828125,0.01220703125,0.64697265625,0.23193359375,1.1962890625,0.0732421875,0.439453125,0.1708984375,-0.2685546875,0.03662109375,0.72021484375,-0.2197265625,0.98876953125,-0.09765625,1.01318359375,0.13427734375,1.06201171875,-0.1708984375,0.9521484375,-0.03662109375,0.1953125,-0.2197265625,1.025390625,-0.0732421875,0.146484375,-0.28076171875,0.18310546875,-0.390625,0.2197265625,0.048828125,0.830078125,0.18310546875,0.0244140625,-0.35400390625,1.30615234375,-0.08544921875,-1.0009765625,-0.03662109375,-0.341796875,-0.048828125,-0.9765625,0.09765625,-0.79345703125,0.1220703125,-1.5380859375,-0.048828125,-0.341796875,0.439453125,-0.29296875,-0.18310546875,-1.171875,-0.03662109375,-2.197265625,-0.1953125,-2.1484375,-0.1220703125,-1.91650390625,0.01220703125,-2.40478515625,0.1708984375,-0.7080078125,-0.048828125,-1.46484375,-0.06103515625,-1.0498046875,-0.01220703125,0.42724609375,-0.5615234375,0.37841796875,0.048828125,0,-0.06103515625,0.048828125,-0.0732421875,0.13427734375,-0.048828125,0,0.048828125,0.86669921875,0.20751953125,-0.47607421875,0.0732421875,-0.5126953125
1,-0.23193359375,-0.32958984375,0.0244140625,-0.3662109375,0.1220703125,-0.4150390625,0.0244140625,-0.048828125,0.25634765625,-0.0732421875,-0.048828125,-0.86669921875,-0.3662109375,1.123046875,-0.0244140625,-0.29296875,0.13427734375,-0.7080078125,0.13427734375,-0.25634765625,0.03662109375,0.7080078125,-0.01220703125,-0.830078125,-0.1953125,-0.13427734375,-0.3173828125,-0.81787109375,-0.23193359375,0.87890625,0.03662109375,0.2197265625,0.47607421875,-0.28076171875,-0.18310546875,-0.86669921875,-0.45166015625,-0.42724609375,0.15869140625,-0.732421875,-0.30517578125,-0.1708984375,-0.09765625,-0.62255859375,0.48828125,-0.4150390625,0.03662109375,0.68359375,0.25634765625,1.18408203125,0.0244140625,0.45166015625,0.2197265625,-0.244140625,0.0732421875,0.732421875,-0.244140625,1.23291015625,-0.09765625,1.1962890625,0.01220703125,1.220703125,-0.146484375,1.2451171875,-0.08544921875,0.20751953125,-0.25634765625,1.03759765625,-0.10986328125,0.146484375,-0.25634765625,0.15869140625,-0.45166015625,0.23193359375,0.08544921875,0.830078125,0.18310546875,0.01220703125,-0.30517578125,1.33056640625,-0.10986328125,-0.98876953125,-0.0244140625,-0.35400390625,0,-0.9765625,-0.048828125,-0.8056640625,0.15869140625,-1.55029296875,0,-0.341796875,0.32958984375,-0.2685546875,-0.0244140625,-1.1962890625,-0.08544921875,-1.9775390625,-0.244140625,-1.91650390625,-0.08544921875,-1.7578125,-0.01220703125,-2.1484375,0.1953125,-0.79345703125,-0.01220703125,-1.45263671875,-0.048828125,-1.0498046875,0,0.42724609375,-0.5126953125,0.341796875,0.0244140625,0.01220703125,-0.06103515625,0.0244140625,-0.048828125,0.1220703125,-0.09765625,-0.0244140625,0.0732421875,0.8544921875,0.18310546875,-0.4638671875,0.048828125,-0.52490234375
1,-0.2197265625,-0.3173828125,0.048828125,-0.341796875,0.10986328125,-0.390625,0.0244140625,-0.048828125,0.2685546875,-0.048828125,-0.01220703125,-0.86669921875,-0.37841796875,1.13525390625,-0.048828125,-0.2685546875,0.1708984375,-0.72021484375,0.048828125,-0.25634765625,0,0.69580078125,-0.09765625,-0.81787109375,-0.10986328125,-0.146484375,-0.2685546875,-0.81787109375,-0.08544921875,0.9033203125,0.03662109375,0.2197265625,0.28076171875,-0.244140625,-0.3662109375,-0.84228515625,-0.5126953125,-0.40283203125,0.1220703125,-0.74462890625,-0.50048828125,-0.18310546875,-0.0732421875,-0.64697265625,0.4150390625,-0.341796875,0.01220703125,0.68359375,0.29296875,1.1474609375,-0.0244140625,0.45166015625,0.25634765625,-0.1953125,0.146484375,0.74462890625,-0.15869140625,1.5625,-0.06103515625,1.4404296875,-0.01220703125,1.42822265625,-0.15869140625,1.57470703125,-0.08544921875,0.244140625,-0.29296875,1.06201171875,-0.146484375,0.146484375,-0.2197265625,0.1953125,-0.50048828125,0.244140625,0.1220703125,0.84228515625,0.15869140625,0.03662109375,-0.244140625,1.3427734375,-0.13427734375,-1.0009765625,-0.03662109375,-0.341796875,-0.01220703125,-0.9765625,-0.1953125,-0.81787109375,0.2197265625,-1.5625,0.03662109375,-0.32958984375,0.23193359375,-0.2685546875,0.0732421875,-1.20849609375,-0.01220703125,-1.611328125,-0.15869140625,-1.5625,0.03662109375,-1.47705078125,0.03662109375,-1.64794921875,0.2685546875,-0.830078125,0.01220703125,-1.47705078125,-0.03662109375,-1.0498046875,0.01220703125,0.4150390625,-0.50048828125,0.35400390625,-0.0244140625,0,-0.06103515625,-0.01220703125,-0.0732421875,0.13427734375,-0.09765625,-0.0244140625,0.10986328125,0.84228515625,0.15869140625,-0.48828125,0.03662109375,-0.52490234375
1,-0.23193359375,-0.32958984375,0.06103515625,-0.3173828125,0.06103515625,-0.390625,0.0244140625,-0.03662109375,0.28076171875,-0.03662109375,0,-0.86669921875,-0.3662109375,1.13525390625,-0.08544921875,-0.25634765625,0.15869140625,-0.72021484375,0,-0.244140625,-0.08544921875,0.732421875,-0.18310546875,-0.81787109375,-0.06103515625,-0.1953125,-0.1953125,-0.81787109375,0.03662109375,0.927734375,-0.06103515625,0.20751953125,0.03662109375,-0.23193359375,-0.48828125,-0.830078125,-0.5615234375,-0.390625,0.08544921875,-0.7568359375,-0.6103515625,-0.20751953125,-0.15869140625,-0.67138671875,0.32958984375,-0.29296875,-0.06103515625,0.67138671875,0.30517578125,1.123046875,-0.08544921875,0.47607421875,0.29296875,-0.1708984375,0.146484375,0.74462890625,-0.23193359375,1.85546875,-0.06103515625,1.6357421875,0,1.62353515625,-0.2197265625,1.89208984375,-0.09765625,0.244140625,-0.32958984375,1.07421875,-0.15869140625,0.15869140625,-0.2197265625,0.20751953125,-0.537109375,0.244140625,0.15869140625,0.84228515625,0.13427734375,0.0244140625,-0.2197265625,1.3671875,-0.15869140625,-0.96435546875,-0.048828125,-0.35400390625,-0.0732421875,-0.98876953125,-0.2685546875,-0.79345703125,0.2197265625,-1.5625,0.0244140625,-0.3173828125,0.13427734375,-0.28076171875,0.20751953125,-1.220703125,-0.0732421875,-1.20849609375,-0.146484375,-1.123046875,0.06103515625,-1.15966796875,0.01220703125,-0.96435546875,0.2685546875,-0.81787109375,0.03662109375,-1.47705078125,-0.03662109375,-1.06201171875,-0.01220703125,0.40283203125,-0.48828125,0.32958984375,-0.03662109375,0,-0.06103515625,-0.01220703125,-0.0732421875,0.13427734375,-0.1220703125,-0.048828125,0.10986328125,0.830078125,0.146484375,-0.50048828125,-0.01220703125,-0.537109375
1,-0.20751953125,-0.341796875,0.09765625,-0.32958984375,0.048828125,-0.37841796875,0.03662109375,-0.0244140625,0.244140625,-0.03662109375,0.01220703125,-0.86669921875,-0.37841796875,1.123046875,-0.10986328125,-0.2685546875,0.13427734375,-0.732421875,-0.06103515625,-0.244140625,-0.1953125,0.74462890625,-0.2685546875,-0.81787109375,-0.01220703125,-0.20751953125,-0.09765625,-0.81787109375,0.13427734375,0.91552734375,-0.10986328125,0.2197265625,-0.1708984375,-0.1953125,-0.68359375,-0.81787109375,-0.54931640625,-0.4150390625,0.0732421875,-0.78125,-0.68359375,-0.2197265625,-0.25634765625,-0.69580078125,0.20751953125,-0.23193359375,-0.1708984375,0.6591796875,0.29296875,1.0986328125,-0.048828125,0.48828125,0.3173828125,-0.146484375,0.1953125,0.74462890625,-0.18310546875,2.08740234375,-0.03662109375,1.7822265625,0.03662109375,1.77001953125,-0.29296875,2.1484375,-0.13427734375,0.244140625,-0.341796875,1.06201171875,-0.1953125,0.146484375,-0.20751953125,0.244140625,-0.5615234375,0.25634765625,0.20751953125,0.8544921875,0.1220703125,0,-0.146484375,1.37939453125,-0.15869140625,-0.96435546875,-0.048828125,-0.341796875,-0.1708984375,-1.0009765625,-0.25634765625,-0.79345703125,0.18310546875,-1.55029296875,-0.01220703125,-0.29296875,0.06103515625,-0.29296875,0.25634765625,-1.220703125,-0.06103515625,-0.8544921875,-0.1220703125,-0.68359375,0.09765625,-0.8544921875,-0.0244140625,-0.30517578125,0.244140625,-0.79345703125,0.01220703125,-1.4892578125,-0.01220703125,-1.06201171875,0.0244140625,0.3662109375,-0.47607421875,0.35400390625,-0.08544921875,-0.0244140625,-0.06103515625,-0.0244140625,-0.10986328125,0.146484375,-0.1220703125,-0.06103515625,0.09765625,0.8056640625,0.13427734375,-0.50048828125,-0.0244140625,-0.5615234375
1,-0.2197265625,-0.32958984375,0.1220703125,-0.3173828125,0.0732421875,-0.3662109375,0.06103515625,-0.0244140625,0.244140625,-0.01220703125,0.01220703125,-0.86669921875,-0.3662109375,1.11083984375,-0.13427734375,-0.25634765625,0.10986328125,-0.732421875,-0.08544921875,-0.25634765625,-0.30517578125,0.76904296875,-0.341796875,-0.8056640625,0,-0.20751953125,0,-0.81787109375,0.18310546875,0.927734375,-0.10986328125,0.23193359375,-0.32958984375,-0.1953125,-0.81787109375,-0.81787109375,-0.48828125,-0.42724609375,0.09765625,-0.78125,-0.64697265625,-0.2197265625,-0.390625,-0.69580078125,0.1708984375,-0.20751953125,-0.244140625,0.634765625,0.2685546875,1.11083984375,-0.03662109375,0.47607421875,0.29296875,-0.146484375,0.1953125,0.74462890625,-0.1953125,2.1728515625,-0.048828125,1.8310546875,0.01220703125,1.8310546875,-0.47607421875,2.2216796875,-0.18310546875,0.25634765625,-0.3173828125,1.07421875,-0.18310546875,0.18310546875,-0.20751953125,0.23193359375,-0.54931640625,0.2685546875,0.2685546875,0.86669921875,0.1220703125,0.01220703125,-0.10986328125,1.3916015625,-0.15869140625,-0.93994140625,-0.0732421875,-0.35400390625,-0.2685546875,-1.0009765625,-0.20751953125,-0.78125,0.146484375,-1.52587890625,-0.09765625,-0.25634765625,0.08544921875,-0.29296875,0.1953125,-1.20849609375,-0.0732421875,-0.57373046875,0.03662109375,-0.3173828125,0.2197265625,-0.64697265625,0.10986328125,0.244140625,0.10986328125,-0.69580078125,0,-1.4892578125,0.03662109375,-1.0498046875,0.0244140625,0.3662109375,-0.45166015625,0.32958984375,-0.13427734375,-0.01220703125,-0.06103515625,-0.0244140625,-0.13427734375,0.13427734375,-0.10986328125,-0.08544921875,0.10986328125,0.84228515625,0.08544921875,-0.50048828125,-0.01220703125,-0.5615234375
1,-0.244140625,-0.3173828125,0.15869140625,-0.35400390625,0.0732421875,-0.3662109375,0.0244140625,-0.03662109375,0.20751953125,0,-0.01220703125,-0.89111328125,-0.3173828125,1.123046875,-0.13427734375,-0.2685546875,0.048828125,-0.7080078125,-0.13427734375,-0.2197265625,-0.37841796875,0.78125,-0.390625,-0.81787109375,-0.01220703125,-0.20751953125,0.048828125,-0.78125,0.1220703125,0.93994140625,-0.06103515625,0.244140625,-0.390625,-0.23193359375,-0.87890625,-0.81787109375,-0.4150390625,-0.4638671875,0.10986328125,-0.79345703125,-0.5615234375,-0.244140625,-0.4638671875,-0.67138671875,0.15869140625,-0.244140625,-0.3173828125,0.62255859375,0.15869140625,1.0986328125,0.0732421875,0.4638671875,0.2685546875,-0.146484375,0.1953125,0.74462890625,-0.0244140625,2.13623046875,-0.01220703125,1.7822265625,-0.0244140625,1.74560546875,-0.45166015625,2.13623046875,-0.23193359375,0.244140625,-0.29296875,1.06201171875,-0.146484375,0.18310546875,-0.23193359375,0.25634765625,-0.5126953125,0.2685546875,0.30517578125,0.87890625,0.13427734375,-0.0244140625,-0.09765625,1.37939453125,-0.15869140625,-0.93994140625,-0.0732421875,-0.341796875,-0.341796875,-0.98876953125,-0.1220703125,-0.78125,0.10986328125,-1.52587890625,-0.15869140625,-0.244140625,0.09765625,-0.3173828125,0.08544921875,-1.171875,-0.15869140625,-0.37841796875,0.08544921875,-0.10986328125,0.1708984375,-0.5126953125,0.1220703125,0.59814453125,-0.01220703125,-0.6103515625,-0.06103515625,-1.4892578125,0.048828125,-1.03759765625,0.06103515625,0.37841796875,-0.42724609375,0.35400390625,-0.146484375,-0.048828125,-0.06103515625,0,-0.13427734375,0.13427734375,-0.13427734375,-0.08544921875,0.09765625,0.8544921875,0.0732421875,-0.48828125,0,-0.54931640625
1,-0.23193359375,-0.30517578125,0.15869140625,-0.37841796875,0.06103515625,-0.35400390625,0.0244140625,-0.0732421875,0.20751953125,-0.01220703125,0.01220703125,-0.91552734375,-0.32958984375,1.0986328125,-0.13427734375,-0.28076171875,0,-0.72021484375,-0.146484375,-0.2197265625,-0.390625,0.76904296875,-0.390625,-0.830078125,-0.0244140625,-0.20751953125,0.06103515625,-0.78125,0.048828125,0.91552734375,0.0244140625,0.23193359375,-0.3173828125,-0.29296875,-0.8544921875,-0.81787109375,-0.32958984375,-0.48828125,0.1220703125,-0.76904296875,-0.42724609375,-0.23193359375,-0.52490234375,-0.634765625,0.15869140625,-0.30517578125,-0.4150390625,0.62255859375,0.08544921875,1.13525390625,0.146484375,0.4638671875,0.2197265625,-0.146484375,0.20751953125,0.74462890625,0.0732421875,2.01416015625,-0.03662109375,1.6357421875,-0.06103515625,1.59912109375,-0.537109375,1.94091796875,-0.23193359375,0.23193359375,-0.23193359375,1.0498046875,-0.1220703125,0.20751953125,-0.25634765625,0.23193359375,-0.439453125,0.2685546875,0.341796875,0.8544921875,0.1220703125,-0.0244140625,-0.08544921875,1.37939453125,-0.15869140625,-0.93994140625,-0.09765625,-0.341796875,-0.40283203125,-0.98876953125,0,-0.7568359375,0.0732421875,-1.4892578125,-0.2197265625,-0.2197265625,0.13427734375,-0.29296875,-0.0732421875,-1.171875,-0.2197265625,-0.3173828125,0.0732421875,-0.01220703125,0.10986328125,-0.47607421875,0.01220703125,0.7080078125,-0.0732421875,-0.50048828125,-0.13427734375,-1.4892578125,0.048828125,-1.03759765625,0.06103515625,0.37841796875,-0.390625,0.3662109375,-0.146484375,-0.048828125,-0.0732421875,0,-0.146484375,0.13427734375,-0.1220703125,-0.06103515625,0.08544921875,0.86669921875,0.048828125,-0.47607421875,0.01220703125,-0.5126953125
1,-0.20751953125,-0.3173828125,0.1708984375,-0.37841796875,0.06103515625,-0.35400390625,0.0244140625,-0.0732421875,0.20751953125,-0.01220703125,0.01220703125,-0.91552734375,-0.3173828125,1.08642578125,-0.146484375,-0.29296875,-0.0244140625,-0.732421875,-0.13427734375,-0.23193359375,-0.32958984375,0.732421875,-0.37841796875,-0.84228515625,-0.048828125,-0.1953125,0.03662109375,-0.8056640625,-0.06103515625,0.89111328125,0.08544921875,0.23193359375,-0.15869140625,-0.32958984375,-0.72021484375,-0.79345703125,-0.23193359375,-0.50048828125,0.09765625,-0.76904296875,-0.30517578125,-0.23193359375,-0.62255859375,-0.54931640625,0.18310546875,-0.32958984375,-0.4638671875,0.62255859375,0,1.15966796875,0.25634765625,0.4638671875,0.15869140625,-0.146484375,0.2197265625,0.74462890625,0.1708984375,1.89208984375,0,1.50146484375,-0.06103515625,1.42822265625,-0.50048828125,1.69677734375,-0.20751953125,0.1953125,-0.20751953125,1.025390625,-0.10986328125,0.18310546875,-0.28076171875,0.2197265625,-0.35400390625,0.244140625,0.341796875,0.830078125,0.13427734375,-0.03662109375,-0.09765625,1.3427734375,-0.15869140625,-0.93994140625,-0.08544921875,-0.35400390625,-0.35400390625,-1.0009765625,0.08544921875,-0.76904296875,0.048828125,-1.47705078125,-0.2197265625,-0.244140625,0.1953125,-0.29296875,-0.25634765625,-1.13525390625,-0.146484375,-0.3662109375,0.18310546875,-0.06103515625,0.1220703125,-0.50048828125,0.0732421875,0.59814453125,-0.09765625,-0.40283203125,-0.1953125,-1.4892578125,0.0244140625,-1.03759765625,0.03662109375,0.390625,-0.37841796875,0.35400390625,-0.146484375,-0.048828125,-0.06103515625,0.0244140625,-0.146484375,0.1220703125,-0.1220703125,-0.03662109375,0.048828125,0.86669921875,0.048828125,-0.47607421875,-0.0244140625,-0.52490234375
1,-0.1953125,-0.3173828125,0.15869140625,-0.390625,0.03662109375,-0.3662109375,0.03662109375,-0.09765625,0.2197265625,0,0.01220703125,-0.91552734375,-0.341796875,1.07421875,-0.15869140625,-0.28076171875,-0.06103515625,-0.74462890625,-0.1220703125,-0.23193359375,-0.28076171875,0.7080078125,-0.30517578125,-0.81787109375,-0.048828125,-0.1953125,-0.03662109375,-0.8056640625,-0.20751953125,0.87890625,0.10986328125,0.2197265625,0.06103515625,-0.3173828125,-0.50048828125,-0.74462890625,-0.1708984375,-0.52490234375,0.146484375,-0.76904296875,-0.244140625,-0.25634765625,-0.5615234375,-0.5126953125,0.146484375,-0.341796875,-0.48828125,0.62255859375,-0.09765625,1.18408203125,0.3173828125,0.45166015625,0.1220703125,-0.1708984375,0.18310546875,0.732421875,0.29296875,1.8798828125,0.0732421875,1.37939453125,-0.09765625,1.33056640625,-0.45166015625,1.52587890625,-0.1953125,0.15869140625,-0.13427734375,1.01318359375,-0.0732421875,0.1953125,-0.29296875,0.2197265625,-0.2685546875,0.244140625,0.35400390625,0.830078125,0.1220703125,-0.0244140625,-0.1220703125,1.318359375,-0.146484375,-0.9765625,-0.0732421875,-0.35400390625,-0.25634765625,-1.0009765625,0.08544921875,-0.76904296875,0.01220703125,-1.46484375,-0.20751953125,-0.23193359375,0.18310546875,-0.29296875,-0.3173828125,-1.13525390625,-0.13427734375,-0.45166015625,0.1220703125,-0.18310546875,0,-0.5859375,-0.048828125,0.35400390625,-0.08544921875,-0.29296875,-0.25634765625,-1.4892578125,0.01220703125,-1.025390625,-0.048828125,0.390625,-0.341796875,0.3662109375,-0.13427734375,-0.03662109375,-0.06103515625,0.01220703125,-0.15869140625,0.13427734375,-0.09765625,-0.03662109375,0.0244140625,0.89111328125,0.06103515625,-0.47607421875,-0.0244140625,-0.52490234375
1,-0.146484375,-0.32958984375,0.15869140625,-0.37841796875,0.01220703125,-0.3662109375,0.048828125,-0.09765625,0.20751953125,-0.01220703125,0.0244140625,-0.89111328125,-0.35400390625,1.0498046875,-0.18310546875,-0.2685546875,-0.06103515625,-0.72021484375,-0.03662109375,-0.2685546875,-0.146484375,0.7080078125,-0.23193359375,-0.81787109375,-0.048828125,-0.1708984375,-0.13427734375,-0.8056640625,-0.2685546875,0.91552734375,0.08544921875,0.23193359375,0.244140625,-0.341796875,-0.18310546875,-0.72021484375,-0.15869140625,-0.52490234375,0.1708984375,-0.76904296875,-0.23193359375,-0.2685546875,-0.45166015625,-0.4638671875,0.13427734375,-0.40283203125,-0.48828125,0.6103515625,-0.1708984375,1.18408203125,0.390625,0.4638671875,0.0732421875,-0.1708984375,0.15869140625,0.74462890625,0.2685546875,2.13623046875,0.08544921875,1.416015625,-0.15869140625,1.3427734375,-0.45166015625,1.50146484375,-0.10986328125,0.15869140625,-0.048828125,1.0009765625,-0.0732421875,0.20751953125,-0.28076171875,0.18310546875,-0.23193359375,0.23193359375,0.341796875,0.8056640625,0.09765625,-0.0244140625,-0.15869140625,1.30615234375,-0.15869140625,-0.96435546875,-0.048828125,-0.3662109375,-0.0732421875,-0.98876953125,0.03662109375,-0.76904296875,-0.08544921875,-1.47705078125,-0.18310546875,-0.2685546875,0.146484375,-0.28076171875,-0.341796875,-1.123046875,-0.048828125,-0.50048828125,0.0732421875,-0.32958984375,-0.0732421875,-0.64697265625,-0.06103515625,0.06103515625,-0.048828125,-0.1953125,-0.29296875,-1.46484375,0,-1.025390625,-0.08544921875,0.390625,-0.29296875,0.37841796875,-0.13427734375,-0.048828125,-0.06103515625,0.01220703125,-0.1220703125,0.13427734375,-0.0732421875,-0.01220703125,0.0244140625,0.86669921875,0.09765625,-0.45166015625,-0.03662109375,-0.52490234375
1,-0.15869140625,-0.341796875,0.15869140625,-0.390625,-0.01220703125,-0.40283203125,0.08544921875,-0.1220703125,0.146484375,-0.048828125,0.0244140625,-0.89111328125,-0.341796875,1.07421875,-0.2197265625,-0.2685546875,-0.03662109375,-0.7080078125,0.03662109375,-0.244140625,-0.0244140625,0.72021484375,-0.1953125,-0.8056640625,-0.01220703125,-0.1708984375,-0.23193359375,-0.830078125,-0.35400390625,0.927734375,0,0.23193359375,0.32958984375,-0.37841796875,0.10986328125,-0.68359375,-0.10986328125,-0.52490234375,0.23193359375,-0.732421875,-0.2685546875,-0.25634765625,-0.35400390625,-0.37841796875,0.1220703125,-0.439453125,-0.40283203125,0.634765625,-0.18310546875,1.171875,0.42724609375,0.45166015625,-0.03662109375,-0.18310546875,0.13427734375,0.74462890625,0.29296875,2.7099609375,0.1953125,1.6357421875,-0.1708984375,1.5625,-0.390625,1.72119140625,-0.048828125,0.146484375,0,1.0009765625,-0.06103515625,0.18310546875,-0.244140625,0.15869140625,-0.1953125,0.23193359375,0.35400390625,0.81787109375,0.08544921875,0,-0.1708984375,1.28173828125,-0.20751953125,-0.98876953125,-0.03662109375,-0.390625,0.0732421875,-0.9765625,-0.048828125,-0.76904296875,-0.1708984375,-1.47705078125,-0.13427734375,-0.25634765625,0.08544921875,-0.28076171875,-0.28076171875,-1.13525390625,0.09765625,-0.537109375,0.1220703125,-0.3662109375,-0.08544921875,-0.67138671875,0.0244140625,-0.2197265625,-0.01220703125,-0.10986328125,-0.30517578125,-1.46484375,0,-1.03759765625,-0.10986328125,0.40283203125,-0.25634765625,0.3662109375,-0.13427734375,-0.048828125,-0.06103515625,-0.01220703125,-0.1220703125,0.1220703125,-0.08544921875,-0.03662109375,0.01220703125,0.8544921875,0.15869140625,-0.4638671875,-0.048828125,-0.52490234375
1,-0.13427734375,-0.341796875,0.13427734375,-0.37841796875,-0.03662109375,-0.4150390625,0.10986328125,-0.09765625,0.13427734375,-0.0732421875,0.01220703125,-0.9033203125,-0.3173828125,1.07421875,-0.25634765625,-0.29296875,-0.01220703125,-0.7080078125,0.09765625,-0.244140625,0.0732421875,0.74462890625,-0.146484375,-0.79345703125,0.0244140625,-0.1953125,-0.3173828125,-0.8056640625,-0.3662109375,0.91552734375,-0.15869140625,0.23193359375,0.30517578125,-0.35400390625,0.48828125,-0.634765625,-0.146484375,-0.5126953125,0.25634765625,-0.7568359375,-0.28076171875,-0.244140625,-0.28076171875,-0.32958984375,0.1220703125,-0.42724609375,-0.29296875,0.68359375,-0.1708984375,1.15966796875,0.45166015625,0.4638671875,-0.13427734375,-0.1953125,0.08544921875,0.732421875,0.1220703125,3.67431640625,0.20751953125,2.03857421875,-0.2685546875,2.001953125,-0.32958984375,2.25830078125,0,0.15869140625,0.09765625,1.0009765625,-0.06103515625,0.1953125,-0.1953125,0.15869140625,-0.13427734375,0.23193359375,0.32958984375,0.81787109375,0.0732421875,0,-0.1953125,1.28173828125,-0.20751953125,-0.98876953125,0.0244140625,-0.390625,0.1953125,-0.9765625,-0.08544921875,-0.76904296875,-0.23193359375,-1.47705078125,-0.13427734375,-0.28076171875,0.01220703125,-0.2685546875,-0.15869140625,-1.13525390625,0.1220703125,-0.439453125,0.048828125,-0.3173828125,-0.15869140625,-0.64697265625,-0.08544921875,-0.32958984375,0.0244140625,-0.0244140625,-0.28076171875,-1.45263671875,0.03662109375,-1.025390625,-0.10986328125,0.4150390625,-0.1953125,0.35400390625,-0.1220703125,-0.0244140625,-0.06103515625,-0.0244140625,-0.10986328125,0.10986328125,-0.0732421875,-0.048828125,0.01220703125,0.830078125,0.2197265625,-0.4638671875,-0.06103515625,-0.52490234375
1,-0.09765625,-0.3662109375,0.13427734375,-0.37841796875,-0.06103515625,-0.42724609375,0.13427734375,-0.0732421875,0.09765625,-0.0732421875,0.03662109375,-0.89111328125,-0.28076171875,1.08642578125,-0.25634765625,-0.30517578125,0.01220703125,-0.732421875,0.1953125,-0.25634765625,0.146484375,0.732421875,-0.13427734375,-0.81787109375,0.0244140625,-0.2197265625,-0.35400390625,-0.8056640625,-0.341796875,0.9033203125,-0.28076171875,0.244140625,0.23193359375,-0.3173828125,0.732421875,-0.5859375,-0.1708984375,-0.48828125,0.28076171875,-0.74462890625,-0.3173828125,-0.1953125,-0.3173828125,-0.30517578125,0.146484375,-0.40283203125,-0.18310546875,0.69580078125,-0.1708984375,1.13525390625,0.42724609375,0.4638671875,-0.1953125,-0.1953125,0.03662109375,0.74462890625,0.0244140625,4.99267578125,0.2685546875,2.67333984375,-0.244140625,2.6123046875,-0.25634765625,3.11279296875,0.01220703125,0.1708984375,0.15869140625,1.03759765625,-0.08544921875,0.20751953125,-0.13427734375,0.1708984375,-0.08544921875,0.25634765625,0.30517578125,0.78125,0.06103515625,0,-0.20751953125,1.2939453125,-0.244140625,-0.9765625,0.03662109375,-0.40283203125,0.2197265625,-0.98876953125,-0.09765625,-0.78125,-0.2197265625,-1.4892578125,-0.13427734375,-0.2685546875,-0.03662109375,-0.2685546875,-0.0244140625,-1.1474609375,0.10986328125,-0.28076171875,0.0732421875,-0.15869140625,-0.1708984375,-0.5126953125,-0.15869140625,-0.28076171875,0.03662109375,0.0244140625,-0.23193359375,-1.46484375,0.048828125,-1.0498046875,-0.1220703125,0.4150390625,-0.146484375,0.35400390625,-0.1220703125,-0.03662109375,-0.06103515625,-0.048828125,-0.1220703125,0.13427734375,-0.06103515625,-0.0732421875,-0.01220703125,0.8056640625,0.2685546875,-0.50048828125,-0.03662109375,-0.5126953125
0,-0.08544921875,-0.3662109375,0.08544921875,-0.37841796875,-0.08544921875,-0.4150390625,0.13427734375,-0.08544921875,0.08544921875,-0.08544921875,0.048828125,-0.87890625,-0.28076171875,1.07421875,-0.28076171875,-0.28076171875,0.048828125,-0.72021484375,0.25634765625,-0.25634765625,0.1708984375,0.7568359375,-0.10986328125,-0.8056640625,0,-0.23193359375,-0.3662109375,-0.79345703125,-0.28076171875,0.91552734375,-0.37841796875,0.244140625,0.146484375,-0.2685546875,0.93994140625,-0.59814453125,-0.244140625,-0.4638671875,0.3173828125,-0.74462890625,-0.30517578125,-0.18310546875,-0.35400390625,-0.30517578125,0.15869140625,-0.37841796875,-0.0732421875,0.7080078125,-0.1708984375,1.08642578125,0.48828125,0.4638671875,-0.2685546875,-0.2197265625,0.01220703125,0.74462890625,-0.1220703125,6.5673828125,0.2685546875,3.4423828125,-0.32958984375,3.40576171875,-0.15869140625,4.16259765625,0,0.1953125,0.23193359375,1.0498046875,-0.08544921875,0.20751953125,-0.09765625,0.18310546875,-0.0244140625,0.2685546875,0.2685546875,0.8056640625,0.0244140625,0.01220703125,-0.23193359375,1.318359375,-0.23193359375,-0.98876953125,0.03662109375,-0.37841796875,0.18310546875,-0.9765625,-0.0732421875,-0.79345703125,-0.13427734375,-1.4892578125,-0.1220703125,-0.28076171875,-0.0732421875,-0.2685546875,0.0732421875,-1.15966796875,0.048828125,-0.03662109375,0.15869140625,0.09765625,-0.146484375,-0.32958984375,-0.2197265625,-0.048828125,0,0.0732421875,-0.1708984375,-1.45263671875,0.01220703125,-1.0498046875,-0.13427734375,0.42724609375,-0.146484375,0.32958984375,-0.1220703125,-0.0244140625,-0.0732421875,-0.09765625,-0.10986328125,0.1220703125,-0.0732421875,-0.09765625,0.01220703125,0.78125,0.29296875,-0.48828125,-0.0244140625,-0.537109375
0,-0.0732421875,-0.35400390625,0.10986328125,-0.35400390625,-0.08544921875,-0.40283203125,0.10986328125,-0.06103515625,0.09765625,-0.0732421875,0.06103515625,-0.86669921875,-0.2685546875,1.0986328125,-0.28076171875,-0.28076171875,0.08544921875,-0.732421875,0.3173828125,-0.244140625,0.146484375,0.7568359375,-0.06103515625,-0.830078125,-0.0244140625,-0.23193359375,-0.32958984375,-0.79345703125,-0.18310546875,0.9033203125,-0.390625,0.244140625,0.06103515625,-0.244140625,1.07421875,-0.62255859375,-0.3173828125,-0.4638671875,0.30517578125,-0.7568359375,-0.29296875,-0.18310546875,-0.4150390625,-0.32958984375,0.18310546875,-0.32958984375,-0.03662109375,0.68359375,-0.09765625,1.07421875,0.42724609375,0.4638671875,-0.244140625,-0.1953125,-0.03662109375,0.74462890625,-0.18310546875,8.28857421875,0.1953125,4.28466796875,-0.28076171875,4.23583984375,-0.1220703125,5.35888671875,0.01220703125,0.20751953125,0.32958984375,1.03759765625,-0.0732421875,0.1953125,-0.03662109375,0.18310546875,0.0244140625,0.25634765625,0.20751953125,0.8056640625,-0.0244140625,0.0244140625,-0.23193359375,1.3427734375,-0.20751953125,-0.9521484375,0.048828125,-0.37841796875,0.06103515625,-0.98876953125,0.01220703125,-0.78125,-0.048828125,-1.46484375,-0.09765625,-0.28076171875,-0.0244140625,-0.2685546875,0.09765625,-1.171875,-0.048828125,0.244140625,0.18310546875,0.42724609375,-0.09765625,-0.1220703125,-0.244140625,0.30517578125,-0.048828125,0.10986328125,-0.08544921875,-1.47705078125,-0.0244140625,-1.06201171875,-0.1953125,0.40283203125,-0.1220703125,0.3173828125,-0.1220703125,-0.03662109375,-0.0732421875,-0.10986328125,-0.146484375,0.10986328125,-0.06103515625,-0.09765625,0.0244140625,0.76904296875,0.2685546875,-0.52490234375,-0.048828125,-0.5615234375
0,-0.09765625,-0.341796875,0.13427734375,-0.32958984375,-0.08544921875,-0.37841796875,0.08544921875,-0.048828125,0.0732421875,-0.08544921875,0.08544921875,-0.89111328125,-0.2685546875,1.0986328125,-0.29296875,-0.2685546875,0.09765625,-0.7080078125,0.35400390625,-0.2685546875,0.08544921875,0.74462890625,0.01220703125,-0.830078125,-0.03662109375,-0.244140625,-0.28076171875,-0.78125,-0.10986328125,0.9033203125,-0.341796875,0.23193359375,0.048828125,-0.2197265625,1.07421875,-0.64697265625,-0.341796875,-0.45166015625,0.29296875,-0.7568359375,-0.25634765625,-0.18310546875,-0.54931640625,-0.37841796875,0.244140625,-0.29296875,-0.0244140625,0.68359375,-0.0244140625,1.07421875,0.35400390625,0.4638671875,-0.2197265625,-0.15869140625,-0.06103515625,0.72021484375,-0.15869140625,9.99755859375,0.20751953125,5.126953125,-0.2685546875,5.06591796875,-0.01220703125,6.55517578125,0.048828125,0.23193359375,0.341796875,1.06201171875,-0.08544921875,0.2197265625,0.01220703125,0.20751953125,0.0732421875,0.30517578125,0.13427734375,0.8056640625,-0.03662109375,0.0244140625,-0.2197265625,1.35498046875,-0.1708984375,-0.96435546875,0.0244140625,-0.3662109375,-0.08544921875,-0.96435546875,0.10986328125,-0.79345703125,0.03662109375,-1.45263671875,-0.1220703125,-0.28076171875,0.1220703125,-0.2685546875,0.048828125,-1.18408203125,-0.1220703125,0.48828125,0.20751953125,0.69580078125,-0.0244140625,0.0732421875,-0.2685546875,0.69580078125,-0.048828125,0.10986328125,-0.0244140625,-1.46484375,-0.03662109375,-1.06201171875,-0.18310546875,0.37841796875,-0.10986328125,0.30517578125,-0.1220703125,-0.03662109375,-0.08544921875,-0.10986328125,-0.1708984375,0.1220703125,-0.048828125,-0.09765625,0.03662109375,0.7568359375,0.28076171875,-0.54931640625,-0.09765625,-0.57373046875
0,-0.10986328125,-0.32958984375,0.13427734375,-0.32958984375,-0.06103515625,-0.35400390625,0.048828125,-0.03662109375,0.03662109375,-0.06103515625,0.10986328125,-0.87890625,-0.30517578125,1.08642578125,-0.29296875,-0.244140625,0.10986328125,-0.732421875,0.29296875,-0.23193359375,0.03662109375,0.7568359375,0.1220703125,-0.830078125,-0.048828125,-0.244140625,-0.1953125,-0.81787109375,-0.08544921875,0.9033203125,-0.25634765625,0.244140625,0.03662109375,-0.1953125,0.91552734375,-0.732421875,-0.390625,-0.439453125,0.2685546875,-0.7568359375,-0.25634765625,-0.1953125,-0.62255859375,-0.439453125,0.29296875,-0.2685546875,-0.1220703125,0.64697265625,0,1.08642578125,0.29296875,0.48828125,-0.244140625,-0.146484375,-0.13427734375,0.72021484375,-0.15869140625,11.5234375,0.15869140625,5.8349609375,-0.13427734375,5.7861328125,0.048828125,7.6171875,0.08544921875,0.28076171875,0.37841796875,1.07421875,-0.06103515625,0.20751953125,0.0244140625,0.2197265625,0.13427734375,0.29296875,0.06103515625,0.84228515625,-0.0732421875,0.0244140625,-0.2197265625,1.35498046875,-0.13427734375,-0.9521484375,0.0244140625,-0.35400390625,-0.244140625,-0.96435546875,0.1953125,-0.78125,0.048828125,-1.4404296875,-0.13427734375,-0.28076171875,0.28076171875,-0.28076171875,0,-1.1962890625,-0.13427734375,0.64697265625,0.1708984375,0.91552734375,0,0.20751953125,-0.2197265625,1.03759765625,-0.03662109375,0.08544921875,0.01220703125,-1.50146484375,-0.03662109375,-1.06201171875,-0.15869140625,0.390625,-0.0732421875,0.3173828125,-0.09765625,-0.03662109375,-0.0732421875,-0.146484375,-0.18310546875,0.1220703125,-0.048828125,-0.0732421875,0.03662109375,0.76904296875,0.23193359375,-0.54931640625,-0.10986328125,-0.57373046875
0,-0.09765625,-0.3173828125,0.15869140625,-0.30517578125,-0.0732421875,-0.35400390625,0.01220703125,-0.01220703125,0.01220703125,-0.048828125,0.1220703125,-0.8544921875,-0.244140625,1.08642578125,-0.30517578125,-0.25634765625,0.08544921875,-0.732421875,0.2685546875,-0.25634765625,-0.048828125,0.732421875,0.18310546875,-0.830078125,-0.01220703125,-0.23193359375,-0.10986328125,-0.81787109375,-0.0732421875,0.87890625,-0.1220703125,0.2197265625,0,-0.20751953125,0.67138671875,-0.8056640625,-0.390625,-0.439453125,0.1953125,-0.76904296875,-0.25634765625,-0.1953125,-0.7080078125,-0.52490234375,0.3662109375,-0.28076171875,-0.2197265625,0.6103515625,-0.0244140625,1.0986328125,0.28076171875,0.47607421875,-0.2197265625,-0.146484375,-0.23193359375,0.732421875,-0.2685546875,12.79296875,0.03662109375,6.3720703125,-0.09765625,6.3232421875,0.08544921875,8.447265625,0.15869140625,0.28076171875,0.390625,1.06201171875,-0.0732421875,0.20751953125,0.01220703125,0.244140625,0.13427734375,0.3173828125,0,0.830078125,-0.0732421875,0.01220703125,-0.1953125,1.35498046875,-0.09765625,-0.9521484375,-0.01220703125,-0.341796875,-0.3662109375,-0.96435546875,0.18310546875,-0.79345703125,0.09765625,-1.416015625,-0.1220703125,-0.28076171875,0.3662109375,-0.30517578125,-0.06103515625,-1.171875,-0.09765625,0.69580078125,0.09765625,1.01318359375,0,0.2197265625,-0.1953125,1.23291015625,0,0.06103515625,0.048828125,-1.50146484375,-0.0244140625,-1.07421875,-0.10986328125,0.390625,-0.0732421875,0.30517578125,-0.10986328125,-0.01220703125,-0.0732421875,-0.13427734375,-0.18310546875,0.1220703125,-0.01220703125,-0.048828125,0.03662109375,0.7568359375,0.15869140625,-0.537109375,-0.146484375,-0.5859375
0,-0.10986328125,-0.30517578125,0.1953125,-0.32958984375,-0.048828125,-0.3662109375,0.0244140625,-0.03662109375,-0.01220703125,-0.048828125,0.1220703125,-0.87890625,-0.2685546875,1.08642578125,-0.2685546875,-0.2685546875,0.08544921875,-0.7080078125,0.1708984375,-0.244140625,-0.09765625,0.72021484375,0.18310546875,-0.830078125,0.03662109375,-0.2197265625,-0.048828125,-0.830078125,-0.0244140625,0.86669921875,0.06103515625,0.20751953125,0.0244140625,-0.2685546875,0.32958984375,-0.86669921875,-0.3662109375,-0.47607421875,0.1220703125,-0.78125,-0.3173828125,-0.2197265625,-0.79345703125,-0.57373046875,0.3662109375,-0.341796875,-0.29296875,0.5859375,-0.03662109375,1.13525390625,0.25634765625,0.47607421875,-0.2685546875,-0.146484375,-0.3173828125,0.72021484375,-0.1708984375,13.671875,0,6.72607421875,-0.1953125,6.6650390625,0.1708984375,9.0087890625,0.18310546875,0.28076171875,0.341796875,1.06201171875,-0.06103515625,0.20751953125,-0.01220703125,0.23193359375,0.1220703125,0.30517578125,-0.06103515625,0.81787109375,-0.0732421875,0.03662109375,-0.1953125,1.3427734375,-0.08544921875,-0.96435546875,-0.03662109375,-0.341796875,-0.40283203125,-0.9765625,0.1220703125,-0.79345703125,0.10986328125,-1.3916015625,-0.1220703125,-0.2685546875,0.4150390625,-0.3173828125,-0.13427734375,-1.18408203125,-0.06103515625,0.62255859375,0.01220703125,0.96435546875,0.01220703125,0.15869140625,-0.1220703125,1.26953125,0.06103515625,0.0244140625,0.01220703125,-1.47705078125,-0.0244140625,-1.0498046875,-0.08544921875,0.390625,-0.08544921875,0.32958984375,-0.13427734375,-0.01220703125,-0.08544921875,-0.13427734375,-0.20751953125,0.146484375,-0.0244140625,-0.01220703125,0.0244140625,0.78125,0.146484375,-0.5615234375,-0.18310546875,-0.5615234375
0,-0.1220703125,-0.30517578125,0.18310546875,-0.35400390625,-0.0732421875,-0.3662109375,0,-0.048828125,-0.01220703125,-0.048828125,0.10986328125,-0.9033203125,-0.23193359375,1.07421875,-0.2685546875,-0.28076171875,0.03662109375,-0.732421875,0.0732421875,-0.2685546875,-0.13427734375,0.7080078125,0.0732421875,-0.81787109375,0.10986328125,-0.1953125,0,-0.830078125,-0.048828125,0.8544921875,0.18310546875,0.20751953125,-0.01220703125,-0.30517578125,-0.06103515625,-0.927734375,-0.3662109375,-0.48828125,0.09765625,-0.76904296875,-0.40283203125,-0.23193359375,-0.78125,-0.64697265625,0.341796875,-0.35400390625,-0.3662109375,0.57373046875,-0.09765625,1.15966796875,0.23193359375,0.47607421875,-0.29296875,-0.13427734375,-0.35400390625,0.7080078125,-0.10986328125,14.1845703125,-0.10986328125,6.87255859375,-0.1708984375,6.77490234375,0.15869140625,9.24072265625,0.1953125,0.25634765625,0.28076171875,1.03759765625,0,0.18310546875,-0.06103515625,0.2197265625,0.09765625,0.29296875,-0.10986328125,0.86669921875,-0.048828125,0,-0.1953125,1.33056640625,-0.0732421875,-0.9521484375,-0.06103515625,-0.32958984375,-0.30517578125,-0.93994140625,0.01220703125,-0.8056640625,0.10986328125,-1.3916015625,-0.10986328125,-0.25634765625,0.390625,-0.3173828125,-0.18310546875,-1.1962890625,-0.01220703125,0.45166015625,-0.048828125,0.78125,0.03662109375,0.0244140625,-0.048828125,1.11083984375,0.10986328125,-0.06103515625,-0.03662109375,-1.46484375,-0.048828125,-1.06201171875,-0.03662109375,0.390625,-0.0732421875,0.341796875,-0.13427734375,0,-0.0732421875,-0.13427734375,-0.20751953125,0.1220703125,-0.0244140625,0.01220703125,0.03662109375,0.81787109375,0.10986328125,-0.537109375,-0.20751953125,-0.54931640625
0,-0.0732421875,-0.30517578125,0.23193359375,-0.3662109375,-0.0732421875,-0.3662109375,0,-0.0732421875,-0.01220703125,-0.03662109375,0.1220703125,-0.89111328125,-0.23193359375,1.06201171875,-0.29296875,-0.28076171875,0.01220703125,-0.732421875,-0.01220703125,-0.28076171875,-0.18310546875,0.72021484375,-0.10986328125,-0.78125,0.1708984375,-0.18310546875,-0.01220703125,-0.830078125,-0.048828125,0.87890625,0.2685546875,0.23193359375,-0.08544921875,-0.3173828125,-0.390625,-0.96435546875,-0.3173828125,-0.5126953125,0.048828125,-0.76904296875,-0.50048828125,-0.25634765625,-0.76904296875,-0.69580078125,0.23193359375,-0.3662109375,-0.4150390625,0.5615234375,-0.15869140625,1.15966796875,0.1708984375,0.48828125,-0.25634765625,-0.13427734375,-0.37841796875,0.74462890625,0.06103515625,14.3310546875,-0.08544921875,6.82373046875,-0.1220703125,6.72607421875,0.2197265625,9.2529296875,0.2197265625,0.2197265625,0.20751953125,1.01318359375,-0.0244140625,0.20751953125,-0.10986328125,0.1953125,0.0732421875,0.29296875,-0.1220703125,0.86669921875,0.01220703125,0.01220703125,-0.20751953125,1.30615234375,-0.06103515625,-0.9765625,-0.06103515625,-0.341796875,-0.2197265625,-0.96435546875,-0.1220703125,-0.79345703125,0.08544921875,-1.37939453125,-0.1220703125,-0.2685546875,0.28076171875,-0.3173828125,-0.15869140625,-1.1962890625,-0.0244140625,0.2685546875,-0.15869140625,0.537109375,-0.01220703125,-0.15869140625,-0.0244140625,0.8056640625,0.1708984375,-0.08544921875,-0.1220703125,-1.46484375,-0.06103515625,-1.07421875,-0.03662109375,0.4150390625,-0.06103515625,0.341796875,-0.15869140625,0.0244140625,-0.0732421875,-0.09765625,-0.20751953125,0.13427734375,-0.0244140625,0.03662109375,0.0244140625,0.79345703125,0.09765625,-0.5126953125,-0.244140625,-0.54931640625
0,-0.0732421875,-0.32958984375,0.20751953125,-0.390625,-0.06103515625,-0.37841796875,0,-0.08544921875,-0.03662109375,-0.048828125,0.10986328125,-0.9033203125,-0.25634765625,1.0498046875,-0.29296875,-0.28076171875,-0.03662109375,-0.72021484375,-0.08544921875,-0.28076171875,-0.2197265625,0.72021484375,-0.3173828125,-0.78125,0.20751953125,-0.15869140625,0,-0.84228515625,-0.03662109375,0.87890625,0.2685546875,0.2197265625,-0.1708984375,-0.35400390625,-0.6103515625,-0.98876953125,-0.30517578125,-0.5126953125,0.048828125,-0.79345703125,-0.5859375,-0.25634765625,-0.64697265625,-0.7080078125,0.09765625,-0.40283203125,-0.47607421875,0.5615234375,-0.1953125,1.171875,0.1708984375,0.47607421875,-0.23193359375,-0.15869140625,-0.3173828125,0.7568359375,0.0732421875,14.1845703125,-0.06103515625,6.640625,-0.0244140625,6.55517578125,0.20751953125,9.02099609375,0.1953125,0.1953125,0.13427734375,1.01318359375,0,0.20751953125,-0.18310546875,0.1708984375,0.03662109375,0.25634765625,-0.1708984375,0.8544921875,0.09765625,0,-0.23193359375,1.318359375,-0.08544921875,-0.9765625,-0.06103515625,-0.32958984375,-0.09765625,-0.96435546875,-0.244140625,-0.78125,0,-1.416015625,-0.13427734375,-0.28076171875,0.146484375,-0.3173828125,-0.10986328125,-1.171875,-0.03662109375,0.048828125,-0.15869140625,0.244140625,0,-0.341796875,0,0.439453125,0.15869140625,-0.18310546875,-0.20751953125,-1.46484375,-0.0732421875,-1.07421875,-0.0244140625,0.439453125,-0.048828125,0.341796875,-0.15869140625,0.01220703125,-0.06103515625,-0.08544921875,-0.18310546875,0.13427734375,-0.0244140625,0.0244140625,0.03662109375,0.78125,0.0732421875,-0.5126953125,-0.25634765625,-0.5615234375
0,-0.048828125,-0.32958984375,0.1953125,-0.390625,-0.08544921875,-0.390625,0,-0.10986328125,-0.06103515625,-0.03662109375,0.1220703125,-0.89111328125,-0.2685546875,1.07421875,-0.29296875,-0.2685546875,-0.08544921875,-0.7080078125,-0.10986328125,-0.28076171875,-0.23193359375,0.7080078125,-0.4638671875,-0.78125,0.25634765625,-0.13427734375,0,-0.830078125,-0.0244140625,0.87890625,0.1708984375,0.2197265625,-0.3173828125,-0.40283203125,-0.7080078125,-0.9521484375,-0.28076171875,-0.52490234375,0.0732421875,-0.78125,-0.62255859375,-0.2685546875,-0.5615234375,-0.67138671875,-0.048828125,-0.439453125,-0.50048828125,0.59814453125,-0.20751953125,1.15966796875,0.18310546875,0.47607421875,-0.20751953125,-0.15869140625,-0.23193359375,0.7568359375,-0.048828125,13.78173828125,-0.03662109375,6.3720703125,0.03662109375,6.31103515625,0.13427734375,8.67919921875,0.1708984375,0.15869140625,0.03662109375,1.0009765625,0.01220703125,0.20751953125,-0.23193359375,0.15869140625,-0.0244140625,0.25634765625,-0.13427734375,0.8544921875,0.18310546875,0,-0.25634765625,1.2939453125,-0.0732421875,-0.9765625,-0.0244140625,-0.35400390625,0,-0.98876953125,-0.3173828125,-0.79345703125,-0.06103515625,-1.4404296875,-0.13427734375,-0.29296875,-0.03662109375,-0.32958984375,-0.08544921875,-1.18408203125,-0.06103515625,-0.146484375,-0.10986328125,0.01220703125,-0.01220703125,-0.47607421875,0.03662109375,0.09765625,0.146484375,-0.2685546875,-0.23193359375,-1.46484375,-0.06103515625,-1.07421875,-0.01220703125,0.4638671875,-0.01220703125,0.35400390625,-0.1708984375,0,-0.06103515625,-0.10986328125,-0.18310546875,0.1220703125,-0.0244140625,-0.01220703125,0.048828125,0.7568359375,0.06103515625,-0.5126953125,-0.2685546875,-0.54931640625
0,-0.048828125,-0.341796875,0.20751953125,-0.390625,-0.10986328125,-0.40283203125,0.0244140625,-0.08544921875,-0.08544921875,-0.06103515625,0.13427734375,-0.9033203125,-0.2685546875,1.07421875,-0.32958984375,-0.2685546875,-0.10986328125,-0.72021484375,-0.10986328125,-0.29296875,-0.244140625,0.72021484375,-0.50048828125,-0.78125,0.23193359375,-0.146484375,-0.0244140625,-0.8056640625,0,0.9033203125,0.09765625,0.2197265625,-0.42724609375,-0.40283203125,-0.6591796875,-0.927734375,-0.23193359375,-0.50048828125,0.10986328125,-0.7568359375,-0.57373046875,-0.28076171875,-0.50048828125,-0.59814453125,-0.18310546875,-0.42724609375,-0.50048828125,0.62255859375,-0.2197265625,1.1474609375,0.20751953125,0.48828125,-0.146484375,-0.18310546875,-0.1953125,0.76904296875,-0.146484375,13.232421875,-0.048828125,6.0791015625,-0.01220703125,6.04248046875,0.0732421875,8.23974609375,0.1220703125,0.15869140625,-0.048828125,1.01318359375,-0.01220703125,0.23193359375,-0.23193359375,0.146484375,-0.10986328125,0.23193359375,-0.146484375,0.86669921875,0.23193359375,0.01220703125,-0.29296875,1.30615234375,-0.09765625,-1.0009765625,0,-0.35400390625,0.06103515625,-0.98876953125,-0.3173828125,-0.81787109375,-0.10986328125,-1.45263671875,-0.15869140625,-0.25634765625,-0.146484375,-0.3173828125,-0.06103515625,-1.1962890625,-0.146484375,-0.25634765625,-0.048828125,-0.15869140625,-0.0732421875,-0.5615234375,0.0732421875,-0.1708984375,0.03662109375,-0.341796875,-0.23193359375,-1.42822265625,-0.03662109375,-1.08642578125,0,0.439453125,0,0.35400390625,-0.15869140625,-0.01220703125,-0.0732421875,-0.0732421875,-0.1708984375,0.10986328125,0,-0.0244140625,0.048828125,0.74462890625,0.0244140625,-0.5126953125,-0.25634765625,-0.54931640625
0,-0.08544921875,-0.341796875,0.2197265625,-0.37841796875,-0.146484375,-0.40283203125,0.01220703125,-0.08544921875,-0.13427734375,-0.06103515625,0.10986328125,-0.89111328125,-0.23193359375,1.06201171875,-0.3173828125,-0.2685546875,-0.15869140625,-0.72021484375,-0.09765625,-0.28076171875,-0.2685546875,0.74462890625,-0.48828125,-0.79345703125,0.18310546875,-0.146484375,-0.03662109375,-0.8056640625,0.01220703125,0.927734375,-0.03662109375,0.23193359375,-0.5126953125,-0.390625,-0.6591796875,-0.89111328125,-0.1953125,-0.50048828125,0.1708984375,-0.7568359375,-0.52490234375,-0.28076171875,-0.4150390625,-0.54931640625,-0.23193359375,-0.4150390625,-0.48828125,0.68359375,-0.2685546875,1.123046875,0.2685546875,0.48828125,-0.15869140625,-0.1953125,-0.08544921875,0.76904296875,-0.23193359375,12.6220703125,-0.0244140625,5.79833984375,-0.0732421875,5.77392578125,0.03662109375,7.77587890625,0.09765625,0.146484375,-0.1220703125,1.025390625,-0.03662109375,0.244140625,-0.2685546875,0.146484375,-0.15869140625,0.2197265625,-0.146484375,0.87890625,0.2685546875,0.0244140625,-0.28076171875,1.33056640625,-0.1220703125,-0.98876953125,0.03662109375,-0.37841796875,0.0244140625,-0.98876953125,-0.23193359375,-0.81787109375,-0.146484375,-1.47705078125,-0.1953125,-0.2685546875,-0.15869140625,-0.3173828125,-0.0732421875,-1.1962890625,-0.18310546875,-0.30517578125,-0.0732421875,-0.244140625,-0.1708984375,-0.57373046875,-0.0244140625,-0.30517578125,-0.0244140625,-0.390625,-0.20751953125,-1.42822265625,-0.03662109375,-1.06201171875,0.0244140625,0.4638671875,0.01220703125,0.35400390625,-0.15869140625,-0.01220703125,-0.0732421875,-0.048828125,-0.146484375,0.1220703125,0.01220703125,-0.03662109375,0.048828125,0.74462890625,0.0244140625,-0.48828125,-0.2685546875,-0.537109375
0,-0.0732421875,-0.35400390625,0.244140625,-0.37841796875,-0.15869140625,-0.37841796875,0.01220703125,-0.06103515625,-0.13427734375,-0.06103515625,0.09765625,-0.86669921875,-0.25634765625,1.08642578125,-0.30517578125,-0.25634765625,-0.1953125,-0.7080078125,-0.048828125,-0.28076171875,-0.29296875,0.78125,-0.3662109375,-0.76904296875,0.06103515625,-0.1220703125,-0.048828125,-0.8056640625,-0.048828125,0.93994140625,-0.1953125,0.23193359375,-0.47607421875,-0.341796875,-0.5126953125,-0.86669921875,-0.15869140625,-0.47607421875,0.25634765625,-0.7568359375,-0.3662109375,-0.25634765625,-0.48828125,-0.4638671875,-0.1953125,-0.3662109375,-0.4638671875,0.69580078125,-0.3173828125,1.13525390625,0.30517578125,0.4638671875,-0.146484375,-0.1708984375,-0.01220703125,0.74462890625,-0.23193359375,11.97509765625,-0.048828125,5.52978515625,-0.1708984375,5.517578125,-0.01220703125,7.3974609375,0.08544921875,0.1708984375,-0.1708984375,1.03759765625,-0.0732421875,0.244140625,-0.25634765625,0.15869140625,-0.20751953125,0.2197265625,-0.1220703125,0.87890625,0.3173828125,0.0244140625,-0.2685546875,1.33056640625,-0.146484375,-0.9521484375,0.06103515625,-0.37841796875,-0.0244140625,-0.98876953125,-0.08544921875,-0.81787109375,-0.1220703125,-1.50146484375,-0.20751953125,-0.25634765625,-0.1220703125,-0.3173828125,-0.10986328125,-1.1962890625,-0.10986328125,-0.25634765625,0.0732421875,-0.25634765625,-0.146484375,-0.52490234375,-0.03662109375,-0.30517578125,-0.08544921875,-0.45166015625,-0.146484375,-1.42822265625,-0.03662109375,-1.06201171875,0.0244140625,0.439453125,0.06103515625,0.341796875,-0.1708984375,-0.03662109375,-0.0732421875,-0.048828125,-0.13427734375,0.09765625,-0.01220703125,-0.0732421875,0.03662109375,0.76904296875,0.03662109375,-0.47607421875,-0.2685546875,-0.57373046875
1,-0.08544921875,-0.341796875,0.25634765625,-0.341796875,-0.13427734375,-0.390625,-0.0244140625,-0.06103515625,-0.1220703125,-0.048828125,0.08544921875,-0.86669921875,-0.244140625,1.0986328125,-0.30517578125,-0.23193359375,-0.18310546875,-0.72021484375,0.0244140625,-0.29296875,-0.30517578125,0.7568359375,-0.20751953125,-0.8056640625,-0.0732421875,-0.13427734375,-0.0732421875,-0.8056640625,-0.1220703125,0.927734375,-0.28076171875,0.23193359375,-0.29296875,-0.32958984375,-0.40283203125,-0.8544921875,-0.15869140625,-0.48828125,0.3173828125,-0.74462890625,-0.244140625,-0.25634765625,-0.48828125,-0.40283203125,-0.1220703125,-0.341796875,-0.4638671875,0.7080078125,-0.32958984375,1.11083984375,0.390625,0.439453125,-0.08544921875,-0.18310546875,0.048828125,0.7568359375,-0.1953125,11.3525390625,-0.146484375,5.322265625,-0.2197265625,5.2978515625,-0.0244140625,7.04345703125,0.03662109375,0.18310546875,-0.2197265625,1.06201171875,-0.146484375,0.2197265625,-0.23193359375,0.15869140625,-0.25634765625,0.244140625,-0.08544921875,0.8544921875,0.32958984375,0.048828125,-0.2197265625,1.35498046875,-0.146484375,-0.96435546875,0.0732421875,-0.390625,-0.0732421875,-1.0009765625,0.0732421875,-0.81787109375,-0.06103515625,-1.4892578125,-0.1953125,-0.244140625,-0.01220703125,-0.30517578125,-0.13427734375,-1.18408203125,-0.08544921875,-0.2197265625,0.13427734375,-0.1953125,-0.13427734375,-0.47607421875,-0.0244140625,-0.1953125,-0.15869140625,-0.52490234375,-0.06103515625,-1.4404296875,-0.0732421875,-1.0498046875,-0.03662109375,0.439453125,0.08544921875,0.32958984375,-0.15869140625,-0.06103515625,-0.0732421875,-0.06103515625,-0.1220703125,0.09765625,-0.0244140625,-0.1220703125,0.03662109375,0.78125,0.03662109375,-0.47607421875,-0.244140625,-0.5859375
1,-0.1220703125,-0.3173828125,0.20751953125,-0.341796875,-0.146484375,-0.3662109375,-0.06103515625,-0.06103515625,-0.1708984375,-0.0244140625,0.09765625,-0.86669921875,-0.25634765625,1.1474609375,-0.28076171875,-0.25634765625,-0.18310546875,-0.732421875,0.09765625,-0.28076171875,-0.20751953125,0.76904296875,-0.06103515625,-0.8056640625,-0.20751953125,-0.15869140625,-0.1220703125,-0.79345703125,-0.23193359375,0.91552734375,-0.390625,0.2197265625,-0.048828125,-0.30517578125,-0.1953125,-0.830078125,-0.1220703125,-0.48828125,0.35400390625,-0.732421875,-0.09765625,-0.244140625,-0.537109375,-0.35400390625,0.01220703125,-0.32958984375,-0.45166015625,0.68359375,-0.3662109375,1.0986328125,0.4638671875,0.439453125,-0.0732421875,-0.1953125,0.1708984375,0.732421875,-0.25634765625,10.7666015625,-0.15869140625,5.13916015625,-0.1953125,5.1025390625,0.01220703125,6.73828125,0.0244140625,0.23193359375,-0.29296875,1.08642578125,-0.18310546875,0.20751953125,-0.1953125,0.20751953125,-0.32958984375,0.28076171875,-0.0732421875,0.8544921875,0.341796875,0.0244140625,-0.1708984375,1.37939453125,-0.1220703125,-0.93994140625,0.06103515625,-0.3662109375,-0.10986328125,-0.9765625,0.18310546875,-0.8056640625,-0.048828125,-1.4892578125,-0.13427734375,-0.23193359375,0.146484375,-0.29296875,-0.23193359375,-1.171875,-0.09765625,-0.18310546875,0.048828125,-0.13427734375,-0.2197265625,-0.4150390625,-0.15869140625,0,-0.1953125,-0.57373046875,-0.0244140625,-1.45263671875,-0.08544921875,-1.0498046875,-0.0732421875,0.4150390625,0.10986328125,0.32958984375,-0.146484375,-0.0732421875,-0.0732421875,-0.08544921875,-0.09765625,0.08544921875,-0.01220703125,-0.10986328125,0.03662109375,0.79345703125,0.03662109375,-0.48828125,-0.1953125,-0.5615234375
1,-0.09765625,-0.30517578125,0.20751953125,-0.341796875,-0.15869140625,-0.3662109375,-0.06103515625,-0.06103515625,-0.1708984375,-0.01220703125,0.08544921875,-0.84228515625,-0.25634765625,1.15966796875,-0.30517578125,-0.25634765625,-0.1220703125,-0.74462890625,0.146484375,-0.29296875,-0.09765625,0.76904296875,0.03662109375,-0.81787109375,-0.30517578125,-0.15869140625,-0.1708984375,-0.8056640625,-0.32958984375,0.91552734375,-0.40283203125,0.20751953125,0.1953125,-0.28076171875,0.0244140625,-0.86669921875,-0.1220703125,-0.48828125,0.37841796875,-0.7568359375,0.0732421875,-0.2197265625,-0.50048828125,-0.35400390625,0.13427734375,-0.3173828125,-0.47607421875,0.68359375,-0.40283203125,1.0986328125,0.48828125,0.439453125,-0.03662109375,-0.18310546875,0.2197265625,0.72021484375,-0.30517578125,10.25390625,-0.2197265625,4.96826171875,-0.29296875,4.9072265625,0.01220703125,6.48193359375,0.03662109375,0.244140625,-0.3173828125,1.06201171875,-0.2197265625,0.1953125,-0.1220703125,0.20751953125,-0.37841796875,0.28076171875,-0.06103515625,0.86669921875,0.30517578125,0.01220703125,-0.09765625,1.3671875,-0.0732421875,-0.91552734375,0.06103515625,-0.3662109375,-0.08544921875,-0.9521484375,0.25634765625,-0.79345703125,-0.0244140625,-1.46484375,-0.06103515625,-0.2197265625,0.3173828125,-0.30517578125,-0.30517578125,-1.15966796875,-0.048828125,-0.15869140625,0.08544921875,-0.0732421875,-0.1708984375,-0.3662109375,-0.1220703125,0.18310546875,-0.146484375,-0.634765625,0,-1.46484375,-0.09765625,-1.03759765625,-0.08544921875,0.40283203125,0.146484375,0.3173828125,-0.146484375,-0.06103515625,-0.0732421875,-0.10986328125,-0.13427734375,0.09765625,-0.01220703125,-0.09765625,0.03662109375,0.81787109375,0.06103515625,-0.50048828125,-0.1708984375,-0.537109375
1,-0.08544921875,-0.28076171875,0.18310546875,-0.341796875,-0.15869140625,-0.35400390625,-0.03662109375,-0.0732421875,-0.18310546875,0,0.0732421875,-0.87890625,-0.2197265625,1.15966796875,-0.3173828125,-0.25634765625,-0.03662109375,-0.72021484375,0.146484375,-0.28076171875,0.048828125,0.7568359375,0.08544921875,-0.8544921875,-0.32958984375,-0.13427734375,-0.244140625,-0.78125,-0.42724609375,0.93994140625,-0.30517578125,0.20751953125,0.40283203125,-0.29296875,0.25634765625,-0.87890625,-0.146484375,-0.48828125,0.4150390625,-0.7568359375,0.1220703125,-0.23193359375,-0.45166015625,-0.390625,0.23193359375,-0.30517578125,-0.45166015625,0.64697265625,-0.37841796875,1.13525390625,0.48828125,0.439453125,0.048828125,-0.1708984375,0.30517578125,0.732421875,-0.37841796875,9.7900390625,-0.25634765625,4.78515625,-0.40283203125,4.7119140625,0,6.25,0.01220703125,0.23193359375,-0.32958984375,1.0498046875,-0.2197265625,0.1708984375,-0.10986328125,0.244140625,-0.42724609375,0.28076171875,-0.08544921875,0.86669921875,0.3173828125,0.01220703125,-0.048828125,1.3671875,-0.01220703125,-0.91552734375,0.03662109375,-0.3662109375,-0.06103515625,-0.9765625,0.2685546875,-0.78125,0.01220703125,-1.46484375,0,-0.20751953125,0.4150390625,-0.29296875,-0.30517578125,-1.123046875,-0.0732421875,-0.18310546875,-0.0244140625,-0.048828125,-0.1953125,-0.3662109375,-0.15869140625,0.3173828125,-0.0732421875,-0.69580078125,0.03662109375,-1.46484375,-0.048828125,-1.03759765625,-0.10986328125,0.40283203125,0.15869140625,0.29296875,-0.10986328125,-0.03662109375,-0.06103515625,-0.10986328125,-0.1220703125,0.09765625,-0.01220703125,-0.0732421875,0.0244140625,0.84228515625,0.0732421875,-0.5126953125,-0.15869140625,-0.537109375
1,-0.06103515625,-0.29296875,0.18310546875,-0.35400390625,-0.1708984375,-0.3662109375,-0.01220703125,-0.09765625,-0.20751953125,-0.0244140625,0.0732421875,-0.87890625,-0.1953125,1.15966796875,-0.32958984375,-0.2685546875,0.0244140625,-0.732421875,0.13427734375,-0.28076171875,0.1708984375,0.7568359375,0.06103515625,-0.84228515625,-0.30517578125,-0.146484375,-0.29296875,-0.76904296875,-0.50048828125,0.927734375,-0.244140625,0.1953125,0.50048828125,-0.30517578125,0.45166015625,-0.91552734375,-0.1708984375,-0.52490234375,0.45166015625,-0.76904296875,0.1220703125,-0.20751953125,-0.42724609375,-0.45166015625,0.30517578125,-0.341796875,-0.4150390625,0.6103515625,-0.390625,1.13525390625,0.45166015625,0.45166015625,0.06103515625,-0.146484375,0.4150390625,0.72021484375,-0.40283203125,9.36279296875,-0.25634765625,4.60205078125,-0.48828125,4.5166015625,-0.01220703125,6.005859375,-0.048828125,0.2685546875,-0.35400390625,1.06201171875,-0.23193359375,0.1953125,-0.08544921875,0.25634765625,-0.42724609375,0.30517578125,-0.0732421875,0.87890625,0.30517578125,-0.01220703125,-0.01220703125,1.37939453125,0.03662109375,-0.93994140625,0.03662109375,-0.35400390625,0,-0.96435546875,0.1953125,-0.78125,0.0244140625,-1.46484375,0.08544921875,-0.2197265625,0.47607421875,-0.29296875,-0.244140625,-1.13525390625,-0.0732421875,-0.2197265625,-0.146484375,-0.08544921875,-0.1953125,-0.4150390625,-0.1708984375,0.37841796875,0.048828125,-0.7568359375,0.06103515625,-1.47705078125,-0.01220703125,-1.025390625,-0.1220703125,0.37841796875,0.20751953125,0.30517578125,-0.10986328125,-0.01220703125,-0.06103515625,-0.09765625,-0.1220703125,0.1220703125,-0.01220703125,-0.048828125,0.03662109375,0.830078125,0.09765625,-0.5126953125,-0.15869140625,-0.54931640625
1,-0.09765625,-0.29296875,0.15869140625,-0.341796875,-0.1708984375,-0.3662109375,0.0244140625,-0.08544921875,-0.20751953125,-0.0244140625,0.10986328125,-0.86669921875,-0.18310546875,1.1474609375,-0.3173828125,-0.28076171875,0.1220703125,-0.732421875,0.0732421875,-0.2685546875,0.23193359375,0.74462890625,0.0244140625,-0.86669921875,-0.23193359375,-0.18310546875,-0.32958984375,-0.8056640625,-0.48828125,0.9033203125,-0.09765625,0.2197265625,0.4638671875,-0.341796875,0.62255859375,-0.93994140625,-0.20751953125,-0.52490234375,0.390625,-0.76904296875,0.01220703125,-0.20751953125,-0.48828125,-0.54931640625,0.30517578125,-0.37841796875,-0.40283203125,0.57373046875,-0.40283203125,1.1474609375,0.42724609375,0.4638671875,0.09765625,-0.146484375,0.4638671875,0.74462890625,-0.37841796875,8.935546875,-0.28076171875,4.39453125,-0.537109375,4.296875,-0.0732421875,5.76171875,-0.08544921875,0.2685546875,-0.30517578125,1.03759765625,-0.20751953125,0.1708984375,-0.0732421875,0.2685546875,-0.40283203125,0.3173828125,-0.048828125,0.9033203125,0.30517578125,-0.0244140625,0.03662109375,1.3671875,0.048828125,-0.9521484375,0.01220703125,-0.3662109375,0.06103515625,-0.96435546875,0.0244140625,-0.76904296875,0.03662109375,-1.45263671875,0.146484375,-0.23193359375,0.42724609375,-0.29296875,-0.09765625,-1.13525390625,-0.1220703125,-0.28076171875,-0.244140625,-0.10986328125,-0.1953125,-0.45166015625,-0.23193359375,0.3662109375,0.13427734375,-0.8056640625,0.13427734375,-1.46484375,-0.0244140625,-1.025390625,-0.1220703125,0.390625,0.23193359375,0.30517578125,-0.10986328125,-0.01220703125,-0.0732421875,-0.10986328125,-0.13427734375,0.13427734375,-0.0244140625,-0.048828125,0.03662109375,0.81787109375,0.1220703125,-0.52490234375,-0.15869140625,-0.52490234375
1,-0.03662109375,-0.30517578125,0.15869140625,-0.35400390625,-0.18310546875,-0.37841796875,-0.01220703125,-0.09765625,-0.23193359375,-0.0244140625,0.09765625,-0.87890625,-0.146484375,1.15966796875,-0.3662109375,-0.28076171875,0.146484375,-0.72021484375,0.01220703125,-0.28076171875,0.23193359375,0.732421875,-0.01220703125,-0.87890625,-0.15869140625,-0.18310546875,-0.30517578125,-0.8056640625,-0.40283203125,0.87890625,-0.01220703125,0.1953125,0.30517578125,-0.390625,0.7568359375,-0.93994140625,-0.25634765625,-0.54931640625,0.341796875,-0.76904296875,-0.1953125,-0.2197265625,-0.50048828125,-0.6103515625,0.28076171875,-0.4638671875,-0.3662109375,0.5615234375,-0.37841796875,1.15966796875,0.439453125,0.50048828125,0.1220703125,-0.15869140625,0.537109375,0.7568359375,-0.37841796875,8.45947265625,-0.25634765625,4.150390625,-0.6103515625,4.01611328125,-0.1220703125,5.4931640625,-0.08544921875,0.244140625,-0.29296875,1.03759765625,-0.15869140625,0.18310546875,-0.10986328125,0.244140625,-0.3173828125,0.29296875,-0.048828125,0.91552734375,0.29296875,-0.01220703125,0.048828125,1.3427734375,0.0244140625,-0.9521484375,0.01220703125,-0.3662109375,0.06103515625,-0.96435546875,-0.13427734375,-0.78125,0.08544921875,-1.4404296875,0.2197265625,-0.244140625,0.32958984375,-0.28076171875,0.03662109375,-1.13525390625,-0.03662109375,-0.3662109375,-0.2197265625,-0.13427734375,-0.10986328125,-0.50048828125,-0.244140625,0.30517578125,0.15869140625,-0.81787109375,0.146484375,-1.47705078125,-0.03662109375,-1.01318359375,-0.146484375,0.40283203125,0.23193359375,0.32958984375,-0.0732421875,0,-0.06103515625,-0.09765625,-0.1220703125,0.13427734375,-0.048828125,-0.048828125,0.0244140625,0.830078125,0.13427734375,-0.52490234375,-0.1708984375,-0.537109375
1,-0.048828125,-0.3173828125,0.146484375,-0.37841796875,-0.2197265625,-0.37841796875,0,-0.09765625,-0.2197265625,-0.03662109375,0.0732421875,-0.9033203125,-0.146484375,1.1474609375,-0.35400390625,-0.28076171875,0.2197265625,-0.72021484375,-0.048828125,-0.2685546875,0.2197265625,0.7080078125,-0.06103515625,-0.84228515625,-0.06103515625,-0.2197265625,-0.2197265625,-0.78125,-0.30517578125,0.89111328125,0.01220703125,0.20751953125,0.0732421875,-0.390625,0.86669921875,-0.9521484375,-0.30517578125,-0.54931640625,0.3173828125,-0.7568359375,-0.390625,-0.2197265625,-0.52490234375,-0.7080078125,0.244140625,-0.47607421875,-0.3662109375,0.57373046875,-0.4150390625,1.13525390625,0.40283203125,0.5126953125,0.1220703125,-0.1220703125,0.57373046875,0.7568359375,-0.23193359375,7.94677734375,-0.146484375,3.8818359375,-0.54931640625,3.7353515625,-0.1220703125,5.126953125,-0.0732421875,0.2197265625,-0.2685546875,1.03759765625,-0.10986328125,0.18310546875,-0.1708984375,0.2197265625,-0.20751953125,0.2685546875,-0.03662109375,0.89111328125,0.25634765625,-0.0244140625,0.03662109375,1.33056640625,0.03662109375,-0.96435546875,0,-0.390625,0.048828125,-0.9765625,-0.2685546875,-0.79345703125,0.09765625,-1.45263671875,0.1953125,-0.2685546875,0.244140625,-0.2685546875,0.1953125,-1.1474609375,-0.06103515625,-0.37841796875,-0.1953125,-0.15869140625,-0.0732421875,-0.5126953125,-0.08544921875,0.2685546875,0.1953125,-0.84228515625,0.1708984375,-1.4892578125,-0.0732421875,-1.03759765625,-0.18310546875,0.40283203125,0.244140625,0.32958984375,-0.0732421875,-0.01220703125,-0.0732421875,-0.0732421875,-0.146484375,0.146484375,-0.048828125,-0.06103515625,0.01220703125,0.8056640625,0.1220703125,-0.52490234375,-0.1953125,-0.54931640625
1,-0.03662109375,-0.32958984375,0.146484375,-0.3662109375,-0.1953125,-0.37841796875,-0.01220703125,-0.09765625,-0.23193359375,-0.0244140625,0.10986328125,-0.89111328125,-0.1220703125,1.15966796875,-0.37841796875,-0.29296875,0.2197265625,-0.72021484375,-0.08544921875,-0.25634765625,0.13427734375,0.7080078125,-0.1220703125,-0.84228515625,-0.01220703125,-0.244140625,-0.13427734375,-0.79345703125,-0.18310546875,0.87890625,0.03662109375,0.20751953125,-0.244140625,-0.40283203125,0.927734375,-0.927734375,-0.32958984375,-0.52490234375,0.23193359375,-0.7568359375,-0.54931640625,-0.23193359375,-0.48828125,-0.76904296875,0.146484375,-0.48828125,-0.35400390625,0.5859375,-0.47607421875,1.1474609375,0.4150390625,0.5126953125,0.146484375,-0.1220703125,0.5615234375,0.76904296875,-0.13427734375,7.32421875,-0.0732421875,3.5888671875,-0.4638671875,3.4423828125,-0.13427734375,4.72412109375,-0.0244140625,0.18310546875,-0.244140625,1.0498046875,-0.06103515625,0.20751953125,-0.20751953125,0.1953125,-0.09765625,0.23193359375,0.0244140625,0.9033203125,0.25634765625,0.01220703125,0.048828125,1.318359375,0,-0.98876953125,0,-0.37841796875,-0.0244140625,-0.98876953125,-0.32958984375,-0.79345703125,0.06103515625,-1.46484375,0.1953125,-0.28076171875,0.15869140625,-0.30517578125,0.3173828125,-1.171875,-0.06103515625,-0.3173828125,-0.10986328125,-0.09765625,-0.03662109375,-0.4638671875,0.06103515625,0.20751953125,0.13427734375,-0.86669921875,0.1953125,-1.47705078125,-0.10986328125,-1.03759765625,-0.15869140625,0.390625,0.244140625,0.341796875,-0.06103515625,-0.0244140625,-0.0732421875,-0.0244140625,-0.1220703125,0.10986328125,-0.06103515625,-0.06103515625,0.03662109375,0.81787109375,0.09765625,-0.50048828125,-0.20751953125,-0.537109375
1,-0.048828125,-0.341796875,0.146484375,-0.37841796875,-0.1953125,-0.390625,-0.03662109375,-0.10986328125,-0.244140625,-0.048828125,0.09765625,-0.91552734375,-0.09765625,1.1474609375,-0.390625,-0.29296875,0.15869140625,-0.732421875,-0.13427734375,-0.25634765625,0.0244140625,0.7080078125,-0.15869140625,-0.8544921875,0.0244140625,-0.23193359375,-0.01220703125,-0.8056640625,-0.0732421875,0.87890625,0,0.20751953125,-0.54931640625,-0.42724609375,0.8544921875,-0.91552734375,-0.341796875,-0.47607421875,0.15869140625,-0.732421875,-0.62255859375,-0.20751953125,-0.5126953125,-0.79345703125,0.06103515625,-0.5126953125,-0.45166015625,0.634765625,-0.50048828125,1.1474609375,0.40283203125,0.50048828125,0.15869140625,-0.10986328125,0.54931640625,0.74462890625,-0.13427734375,6.60400390625,-0.03662109375,3.25927734375,-0.4638671875,3.125,-0.1708984375,4.23583984375,0.0244140625,0.13427734375,-0.15869140625,1.01318359375,-0.0244140625,0.20751953125,-0.23193359375,0.146484375,-0.0244140625,0.18310546875,0.048828125,0.91552734375,0.23193359375,0.01220703125,0.048828125,1.28173828125,-0.03662109375,-1.0009765625,-0.01220703125,-0.390625,-0.15869140625,-1.0009765625,-0.29296875,-0.81787109375,-0.0244140625,-1.47705078125,0.13427734375,-0.29296875,0.09765625,-0.30517578125,0.37841796875,-1.171875,-0.09765625,-0.18310546875,0.01220703125,0.01220703125,-0.0244140625,-0.390625,0.048828125,0.20751953125,0.03662109375,-0.8544921875,0.15869140625,-1.46484375,-0.09765625,-1.0498046875,-0.13427734375,0.390625,0.2685546875,0.3662109375,-0.0732421875,-0.0244140625,-0.0732421875,-0.01220703125,-0.1220703125,0.09765625,-0.03662109375,-0.0732421875,0.01220703125,0.81787109375,0.03662109375,-0.47607421875,-0.2197265625,-0.54931640625
1,-0.06103515625,-0.35400390625,0.1708984375,-0.37841796875,-0.20751953125,-0.390625,-0.0244140625,-0.09765625,-0.23193359375,-0.048828125,0.1220703125,-0.9033203125,-0.0732421875,1.13525390625,-0.390625,-0.29296875,0.09765625,-0.74462890625,-0.1708984375,-0.25634765625,-0.08544921875,0.72021484375,-0.23193359375,-0.84228515625,0.0244140625,-0.20751953125,0.10986328125,-0.8056640625,0,0.86669921875,-0.01220703125,0.2197265625,-0.74462890625,-0.40283203125,0.67138671875,-0.87890625,-0.3173828125,-0.439453125,0.08544921875,-0.74462890625,-0.6103515625,-0.1953125,-0.5859375,-0.79345703125,0,-0.50048828125,-0.50048828125,0.634765625,-0.52490234375,1.1474609375,0.40283203125,0.48828125,0.1220703125,-0.146484375,0.48828125,0.732421875,-0.0244140625,5.74951171875,0.01220703125,2.89306640625,-0.40283203125,2.783203125,-0.1220703125,3.7109375,0.0732421875,0.09765625,-0.08544921875,1.03759765625,-0.0244140625,0.18310546875,-0.20751953125,0.1220703125,-0.0244140625,0.1708984375,0.08544921875,0.9033203125,0.1708984375,0.0244140625,0.0244140625,1.28173828125,-0.03662109375,-1.025390625,0,-0.390625,-0.28076171875,-0.98876953125,-0.2197265625,-0.81787109375,-0.0732421875,-1.4892578125,0.08544921875,-0.30517578125,0.146484375,-0.30517578125,0.29296875,-1.18408203125,-0.1708984375,-0.01220703125,0.13427734375,0.15869140625,-0.0244140625,-0.30517578125,0.03662109375,0.2685546875,-0.08544921875,-0.81787109375,0.1220703125,-1.46484375,-0.08544921875,-1.0498046875,-0.10986328125,0.40283203125,0.25634765625,0.35400390625,-0.0732421875,-0.03662109375,-0.0732421875,-0.01220703125,-0.146484375,0.08544921875,-0.03662109375,-0.08544921875,0.03662109375,0.830078125,0.01220703125,-0.48828125,-0.25634765625,-0.54931640625
1,-0.0732421875,-0.35400390625,0.1708984375,-0.3662109375,-0.1953125,-0.390625,-0.03662109375,-0.0732421875,-0.244140625,-0.03662109375,0.08544921875,-0.9033203125,-0.03662109375,1.123046875,-0.390625,-0.29296875,0,-0.74462890625,-0.18310546875,-0.2685546875,-0.20751953125,0.74462890625,-0.29296875,-0.84228515625,0.0244140625,-0.1708984375,0.20751953125,-0.81787109375,0.03662109375,0.86669921875,0,0.23193359375,-0.8544921875,-0.3662109375,0.439453125,-0.86669921875,-0.2685546875,-0.42724609375,0.06103515625,-0.732421875,-0.52490234375,-0.1708984375,-0.68359375,-0.72021484375,-0.03662109375,-0.4638671875,-0.6103515625,0.68359375,-0.537109375,1.1474609375,0.40283203125,0.47607421875,0.10986328125,-0.146484375,0.390625,0.72021484375,0.048828125,4.78515625,-0.01220703125,2.5390625,-0.3662109375,2.44140625,-0.03662109375,3.173828125,0.13427734375,0.09765625,0,1.025390625,-0.03662109375,0.18310546875,-0.1953125,0.1220703125,0.01220703125,0.1708984375,0.1220703125,0.89111328125,0.1708984375,0.048828125,0.01220703125,1.2939453125,-0.048828125,-1.01318359375,0.01220703125,-0.35400390625,-0.35400390625,-0.98876953125,-0.10986328125,-0.830078125,-0.13427734375,-1.46484375,0.0244140625,-0.30517578125,0.15869140625,-0.3173828125,0.1708984375,-1.1962890625,-0.20751953125,0.1220703125,0.2197265625,0.3173828125,-0.03662109375,-0.18310546875,0.15869140625,0.35400390625,-0.1708984375,-0.79345703125,0.06103515625,-1.46484375,-0.08544921875,-1.06201171875,-0.0732421875,0.40283203125,0.2685546875,0.35400390625,-0.048828125,-0.03662109375,-0.0732421875,-0.03662109375,-0.13427734375,0.08544921875,-0.03662109375,-0.09765625,-0.0244140625,0.79345703125,-0.01220703125,-0.47607421875,-0.29296875,-0.537109375
1,-0.06103515625,-0.35400390625,0.18310546875,-0.35400390625,-0.15869140625,-0.390625,-0.048828125,-0.08544921875,-0.244140625,-0.03662109375,0.08544921875,-0.89111328125,-0.01220703125,1.0986328125,-0.390625,-0.29296875,-0.06103515625,-0.76904296875,-0.20751953125,-0.28076171875,-0.2685546875,0.76904296875,-0.341796875,-0.81787109375,0,-0.1220703125,0.2685546875,-0.8056640625,0.01220703125,0.89111328125,0.048828125,0.2197265625,-0.81787109375,-0.3173828125,0.146484375,-0.84228515625,-0.18310546875,-0.3662109375,0.06103515625,-0.732421875,-0.45166015625,-0.1708984375,-0.72021484375,-0.68359375,-0.03662109375,-0.40283203125,-0.72021484375,0.69580078125,-0.537109375,1.15966796875,0.40283203125,0.45166015625,0.048828125,-0.1708984375,0.30517578125,0.7080078125,0.13427734375,3.79638671875,-0.01220703125,2.1728515625,-0.341796875,2.099609375,0.03662109375,2.64892578125,0.1953125,0.09765625,0.0732421875,1.03759765625,-0.03662109375,0.1953125,-0.13427734375,0.1220703125,0.08544921875,0.1953125,0.13427734375,0.86669921875,0.09765625,0.048828125,0.0244140625,1.2939453125,-0.048828125,-1.025390625,0.0244140625,-0.35400390625,-0.390625,-1.0009765625,0.0244140625,-0.84228515625,-0.15869140625,-1.47705078125,-0.0244140625,-0.29296875,0.1953125,-0.32958984375,0,-1.18408203125,-0.20751953125,0.2197265625,0.23193359375,0.4150390625,-0.08544921875,-0.10986328125,0.1220703125,0.47607421875,-0.1953125,-0.7568359375,-0.0244140625,-1.46484375,-0.1220703125,-1.06201171875,-0.10986328125,0.390625,0.2685546875,0.341796875,-0.03662109375,-0.03662109375,-0.0732421875,-0.048828125,-0.1220703125,0.06103515625,-0.03662109375,-0.0732421875,-0.03662109375,0.81787109375,-0.048828125,-0.48828125,-0.28076171875,-0.54931640625
1,-0.048828125,-0.35400390625,0.1708984375,-0.341796875,-0.1220703125,-0.390625,-0.0732421875,-0.06103515625,-0.28076171875,-0.0244140625,0.08544921875,-0.89111328125,0,1.11083984375,-0.3662109375,-0.25634765625,-0.0732421875,-0.78125,-0.18310546875,-0.28076171875,-0.25634765625,0.79345703125,-0.35400390625,-0.81787109375,-0.03662109375,-0.06103515625,0.28076171875,-0.8056640625,-0.048828125,0.87890625,0.1220703125,0.23193359375,-0.634765625,-0.25634765625,-0.13427734375,-0.8544921875,-0.10986328125,-0.35400390625,0.048828125,-0.74462890625,-0.32958984375,-0.15869140625,-0.74462890625,-0.62255859375,-0.01220703125,-0.32958984375,-0.74462890625,0.7080078125,-0.47607421875,1.15966796875,0.390625,0.439453125,-0.03662109375,-0.1708984375,0.244140625,0.69580078125,0.146484375,2.9296875,-0.01220703125,1.86767578125,-0.32958984375,1.7822265625,0.03662109375,2.2216796875,0.1953125,0.1708984375,0.1220703125,1.01318359375,-0.0732421875,0.1953125,-0.08544921875,0.15869140625,0.13427734375,0.23193359375,0.13427734375,0.89111328125,0.06103515625,0.03662109375,0.01220703125,1.33056640625,-0.08544921875,-1.025390625,0.0244140625,-0.35400390625,-0.35400390625,-0.98876953125,0.09765625,-0.81787109375,-0.18310546875,-1.45263671875,0.01220703125,-0.30517578125,0.1953125,-0.3173828125,-0.1708984375,-1.20849609375,-0.1220703125,0.23193359375,0.2685546875,0.45166015625,-0.08544921875,-0.10986328125,0.09765625,0.54931640625,-0.15869140625,-0.72021484375,-0.1220703125,-1.45263671875,-0.15869140625,-1.0498046875,-0.146484375,0.40283203125,0.2685546875,0.341796875,-0.0244140625,0,-0.06103515625,-0.06103515625,-0.13427734375,0.08544921875,-0.03662109375,-0.0732421875,-0.048828125,0.81787109375,-0.06103515625,-0.5126953125,-0.30517578125,-0.537109375
0,-0.01220703125,-0.341796875,0.13427734375,-0.32958984375,-0.10986328125,-0.37841796875,-0.0732421875,-0.06103515625,-0.25634765625,-0.0244140625,0.08544921875,-0.87890625,-0.01220703125,1.11083984375,-0.3662109375,-0.25634765625,-0.10986328125,-0.78125,-0.18310546875,-0.30517578125,-0.20751953125,0.8056640625,-0.32958984375,-0.830078125,-0.03662109375,0.01220703125,0.20751953125,-0.81787109375,-0.13427734375,0.91552734375,0.146484375,0.23193359375,-0.4638671875,-0.20751953125,-0.3173828125,-0.8544921875,-0.03662109375,-0.37841796875,0.0732421875,-0.74462890625,-0.244140625,-0.146484375,-0.634765625,-0.54931640625,0.01220703125,-0.28076171875,-0.732421875,0.72021484375,-0.390625,1.15966796875,0.390625,0.4638671875,-0.13427734375,-0.1708984375,0.20751953125,0.72021484375,0.15869140625,2.25830078125,0.01220703125,1.66015625,-0.2197265625,1.57470703125,0.01220703125,1.9287109375,0.2197265625,0.2197265625,0.20751953125,1.03759765625,-0.048828125,0.20751953125,-0.03662109375,0.1708984375,0.1953125,0.28076171875,0.146484375,0.9033203125,0.03662109375,0.03662109375,0.0244140625,1.35498046875,-0.08544921875,-1.01318359375,0.06103515625,-0.32958984375,-0.2197265625,-0.9765625,0.09765625,-0.81787109375,-0.23193359375,-1.4404296875,0.03662109375,-0.29296875,0.1953125,-0.32958984375,-0.2197265625,-1.20849609375,-0.03662109375,0.1708984375,0.18310546875,0.4150390625,-0.146484375,-0.1708984375,0.09765625,0.634765625,-0.10986328125,-0.69580078125,-0.15869140625,-1.45263671875,-0.18310546875,-1.03759765625,-0.20751953125,0.390625,0.2685546875,0.35400390625,-0.03662109375,0,-0.06103515625,-0.10986328125,-0.1220703125,0.09765625,-0.03662109375,-0.048828125,-0.0732421875,0.8056640625,-0.0732421875,-0.537109375,-0.28076171875,-0.52490234375
0,0.01220703125,-0.3173828125,0.15869140625,-0.3662109375,-0.1220703125,-0.37841796875,-0.08544921875,-0.06103515625,-0.25634765625,-0.03662109375,0.06103515625,-0.86669921875,-0.0244140625,1.0986328125,-0.3662109375,-0.2685546875,-0.09765625,-0.76904296875,-0.1953125,-0.30517578125,-0.08544921875,0.78125,-0.2685546875,-0.830078125,0.0244140625,0.0732421875,0.10986328125,-0.8056640625,-0.1953125,0.91552734375,0.1220703125,0.2197265625,-0.25634765625,-0.18310546875,-0.45166015625,-0.89111328125,-0.01220703125,-0.37841796875,0.13427734375,-0.74462890625,-0.18310546875,-0.15869140625,-0.4638671875,-0.537109375,0.06103515625,-0.244140625,-0.7080078125,0.68359375,-0.29296875,1.15966796875,0.37841796875,0.47607421875,-0.28076171875,-0.1708984375,0.15869140625,0.732421875,0.0244140625,1.9287109375,0.048828125,1.5869140625,-0.18310546875,1.4892578125,0.0244140625,1.8310546875,0.244140625,0.2685546875,0.25634765625,1.025390625,-0.048828125,0.23193359375,0.0244140625,0.1953125,0.25634765625,0.341796875,0.10986328125,0.89111328125,-0.01220703125,0.01220703125,0.048828125,1.3671875,-0.08544921875,-1.0009765625,0.09765625,-0.341796875,-0.06103515625,-0.98876953125,0.048828125,-0.79345703125,-0.30517578125,-1.416015625,0.06103515625,-0.28076171875,0.146484375,-0.3173828125,-0.2685546875,-1.1962890625,0.09765625,0.0244140625,0.146484375,0.28076171875,-0.15869140625,-0.28076171875,0.18310546875,0.68359375,-0.08544921875,-0.67138671875,-0.18310546875,-1.4892578125,-0.146484375,-1.0498046875,-0.244140625,0.37841796875,0.28076171875,0.35400390625,-0.0244140625,0.01220703125,-0.06103515625,-0.10986328125,-0.1220703125,0.09765625,-0.01220703125,-0.0244140625,-0.09765625,0.81787109375,-0.0732421875,-0.54931640625,-0.2685546875,-0.52490234375
0,0.01220703125,-0.30517578125,0.1220703125,-0.3662109375,-0.13427734375,-0.35400390625,-0.08544921875,-0.08544921875,-0.2685546875,-0.048828125,0.06103515625,-0.86669921875,0.01220703125,1.11083984375,-0.35400390625,-0.28076171875,-0.048828125,-0.7568359375,-0.146484375,-0.28076171875,0.0732421875,0.7568359375,-0.2197265625,-0.84228515625,0.048828125,0.08544921875,-0.0244140625,-0.79345703125,-0.25634765625,0.91552734375,0.0244140625,0.2197265625,-0.1708984375,-0.18310546875,-0.5126953125,-0.9033203125,0.0732421875,-0.4150390625,0.15869140625,-0.74462890625,-0.1953125,-0.18310546875,-0.390625,-0.48828125,0.01220703125,-0.23193359375,-0.64697265625,0.67138671875,-0.244140625,1.15966796875,0.40283203125,0.47607421875,-0.42724609375,-0.1708984375,0.146484375,0.74462890625,-0.06103515625,2.06298828125,0.01220703125,1.69677734375,-0.2197265625,1.5625,0.13427734375,1.9775390625,0.2685546875,0.3173828125,0.28076171875,1.01318359375,-0.048828125,0.2197265625,0.0244140625,0.25634765625,0.341796875,0.35400390625,0.0244140625,0.9033203125,-0.0244140625,0,0.08544921875,1.37939453125,-0.08544921875,-1.0009765625,0.13427734375,-0.32958984375,0.08544921875,-0.9765625,-0.01220703125,-0.8056640625,-0.341796875,-1.4404296875,0.08544921875,-0.2685546875,0.03662109375,-0.32958984375,-0.2197265625,-1.1962890625,0.1953125,-0.13427734375,0.13427734375,0.1220703125,-0.15869140625,-0.390625,0.1953125,0.76904296875,-0.048828125,-0.6591796875,-0.1708984375,-1.4892578125,-0.09765625,-1.0498046875,-0.28076171875,0.390625,0.25634765625,0.341796875,-0.03662109375,0.0244140625,-0.0732421875,-0.1220703125,-0.13427734375,0.13427734375,-0.01220703125,-0.01220703125,-0.10986328125,0.830078125,-0.06103515625,-0.54931640625,-0.25634765625,-0.537109375
0,0.0244140625,-0.30517578125,0.09765625,-0.3662109375,-0.146484375,-0.37841796875,-0.09765625,-0.08544921875,-0.28076171875,-0.0732421875,0.06103515625,-0.8544921875,0.01220703125,1.123046875,-0.3662109375,-0.30517578125,0.01220703125,-0.74462890625,-0.146484375,-0.30517578125,0.18310546875,0.72021484375,-0.1708984375,-0.84228515625,0.10986328125,0.1220703125,-0.1220703125,-0.81787109375,-0.30517578125,0.9033203125,-0.09765625,0.1953125,-0.13427734375,-0.18310546875,-0.48828125,-0.91552734375,0.06103515625,-0.439453125,0.20751953125,-0.76904296875,-0.18310546875,-0.2197265625,-0.28076171875,-0.48828125,0,-0.25634765625,-0.537109375,0.6591796875,-0.23193359375,1.1474609375,0.4150390625,0.5126953125,-0.52490234375,-0.15869140625,0.048828125,0.72021484375,-0.03662109375,2.685546875,0.03662109375,1.98974609375,-0.2685546875,1.81884765625,0.25634765625,2.40478515625,0.30517578125,0.3173828125,0.30517578125,1.025390625,-0.048828125,0.23193359375,0.01220703125,0.25634765625,0.35400390625,0.32958984375,-0.06103515625,0.91552734375,-0.03662109375,-0.01220703125,0.09765625,1.3671875,-0.09765625,-1.0009765625,0.15869140625,-0.32958984375,0.1953125,-0.9765625,-0.03662109375,-0.78125,-0.341796875,-1.45263671875,0.1220703125,-0.25634765625,-0.0732421875,-0.3173828125,-0.08544921875,-1.171875,0.20751953125,-0.25634765625,0.10986328125,0,-0.1708984375,-0.45166015625,0.13427734375,0.9033203125,-0.0244140625,-0.67138671875,-0.15869140625,-1.47705078125,-0.08544921875,-1.06201171875,-0.29296875,0.40283203125,0.28076171875,0.341796875,-0.06103515625,-0.01220703125,-0.0732421875,-0.10986328125,-0.1220703125,0.13427734375,0,-0.03662109375,-0.1220703125,0.830078125,-0.048828125,-0.537109375,-0.2197265625,-0.54931640625
0,0.03662109375,-0.30517578125,0.0732421875,-0.35400390625,-0.146484375,-0.37841796875,-0.10986328125,-0.09765625,-0.2685546875,-0.048828125,0.03662109375,-0.89111328125,0,1.08642578125,-0.32958984375,-0.30517578125,0.048828125,-0.74462890625,-0.10986328125,-0.3173828125,0.25634765625,0.72021484375,-0.10986328125,-0.8544921875,0.15869140625,0.146484375,-0.1953125,-0.79345703125,-0.30517578125,0.87890625,-0.2197265625,0.1953125,-0.146484375,-0.25634765625,-0.40283203125,-0.9033203125,0.0732421875,-0.47607421875,0.1953125,-0.78125,-0.20751953125,-0.20751953125,-0.2197265625,-0.48828125,-0.03662109375,-0.341796875,-0.4150390625,0.634765625,-0.20751953125,1.13525390625,0.42724609375,0.537109375,-0.5859375,-0.15869140625,-0.03662109375,0.74462890625,-0.18310546875,3.82080078125,0.06103515625,2.490234375,-0.32958984375,2.28271484375,0.37841796875,3.11279296875,0.3173828125,0.29296875,0.3173828125,1.01318359375,-0.0732421875,0.2197265625,0.01220703125,0.23193359375,0.35400390625,0.30517578125,-0.146484375,0.89111328125,-0.03662109375,-0.01220703125,0.13427734375,1.3671875,-0.08544921875,-1.01318359375,0.1708984375,-0.35400390625,0.23193359375,-0.98876953125,-0.03662109375,-0.76904296875,-0.29296875,-1.46484375,0.146484375,-0.23193359375,-0.18310546875,-0.3173828125,0.03662109375,-1.18408203125,0.18310546875,-0.2197265625,0.1708984375,0,-0.15869140625,-0.45166015625,0.09765625,1.1962890625,-0.048828125,-0.68359375,-0.09765625,-1.4892578125,-0.09765625,-1.06201171875,-0.30517578125,0.37841796875,0.28076171875,0.341796875,-0.06103515625,-0.01220703125,-0.06103515625,-0.08544921875,-0.1220703125,0.146484375,-0.0244140625,-0.048828125,-0.146484375,0.830078125,-0.01220703125,-0.5126953125,-0.20751953125,-0.5615234375
0,0.048828125,-0.3173828125,0.03662109375,-0.35400390625,-0.13427734375,-0.390625,-0.10986328125,-0.08544921875,-0.29296875,-0.0244140625,0.03662109375,-0.89111328125,0.01220703125,1.0986328125,-0.35400390625,-0.3173828125,0.08544921875,-0.732421875,-0.0244140625,-0.3173828125,0.28076171875,0.68359375,-0.09765625,-0.8544921875,0.1708984375,0.13427734375,-0.23193359375,-0.79345703125,-0.25634765625,0.87890625,-0.30517578125,0.18310546875,-0.20751953125,-0.29296875,-0.3173828125,-0.87890625,0.0732421875,-0.48828125,0.23193359375,-0.76904296875,-0.1953125,-0.2197265625,-0.1708984375,-0.48828125,0.01220703125,-0.390625,-0.2685546875,0.64697265625,-0.23193359375,1.08642578125,0.4638671875,0.52490234375,-0.6103515625,-0.15869140625,-0.09765625,0.732421875,-0.29296875,5.33447265625,0.0732421875,3.125,-0.3662109375,2.880859375,0.45166015625,3.99169921875,0.32958984375,0.2685546875,0.28076171875,1.01318359375,-0.03662109375,0.23193359375,-0.01220703125,0.2197265625,0.30517578125,0.29296875,-0.18310546875,0.91552734375,-0.03662109375,0,0.1220703125,1.35498046875,-0.06103515625,-0.98876953125,0.1953125,-0.341796875,0.15869140625,-0.96435546875,0,-0.76904296875,-0.244140625,-1.47705078125,0.15869140625,-0.23193359375,-0.20751953125,-0.30517578125,0.1220703125,-1.15966796875,0.08544921875,-0.0244140625,0.2197265625,0.146484375,-0.10986328125,-0.30517578125,0.03662109375,1.64794921875,-0.10986328125,-0.68359375,0,-1.47705078125,-0.09765625,-1.0498046875,-0.29296875,0.40283203125,0.28076171875,0.32958984375,-0.048828125,-0.01220703125,-0.06103515625,-0.048828125,-0.10986328125,0.1220703125,0,-0.0244140625,-0.146484375,0.8056640625,0.0244140625,-0.4638671875,-0.1953125,-0.54931640625
0,0.03662109375,-0.3173828125,0.03662109375,-0.341796875,-0.1220703125,-0.37841796875,-0.13427734375,-0.08544921875,-0.29296875,-0.0244140625,0.048828125,-0.89111328125,-0.0244140625,1.0986328125,-0.341796875,-0.29296875,0.10986328125,-0.7080078125,0.03662109375,-0.30517578125,0.2685546875,0.69580078125,-0.08544921875,-0.86669921875,0.13427734375,0.1220703125,-0.2197265625,-0.79345703125,-0.2197265625,0.89111328125,-0.3173828125,0.20751953125,-0.28076171875,-0.30517578125,-0.18310546875,-0.81787109375,0.048828125,-0.4638671875,0.23193359375,-0.74462890625,-0.146484375,-0.2197265625,-0.20751953125,-0.52490234375,0.06103515625,-0.390625,-0.20751953125,0.64697265625,-0.28076171875,1.07421875,0.4638671875,0.52490234375,-0.5615234375,-0.15869140625,-0.146484375,0.74462890625,-0.29296875,7.2265625,0.08544921875,3.94287109375,-0.3662109375,3.67431640625,0.48828125,5.078125,0.37841796875,0.20751953125,0.25634765625,1.0009765625,-0.0244140625,0.2197265625,-0.048828125,0.1953125,0.2685546875,0.244140625,-0.2197265625,0.87890625,-0.01220703125,0,0.1220703125,1.33056640625,0.01220703125,-1.01318359375,0.146484375,-0.32958984375,0.03662109375,-0.96435546875,0.08544921875,-0.78125,-0.1953125,-1.513671875,0.13427734375,-0.23193359375,-0.15869140625,-0.30517578125,0.15869140625,-1.18408203125,0,0.3662109375,0.25634765625,0.47607421875,-0.06103515625,-0.01220703125,-0.01220703125,2.3193359375,-0.15869140625,-0.67138671875,0.10986328125,-1.46484375,-0.15869140625,-1.06201171875,-0.30517578125,0.390625,0.28076171875,0.3173828125,-0.0732421875,-0.0244140625,-0.06103515625,-0.03662109375,-0.09765625,0.13427734375,-0.0244140625,-0.048828125,-0.13427734375,0.79345703125,0.048828125,-0.4638671875,-0.18310546875,-0.537109375
0,0.0244140625,-0.32958984375,0.048828125,-0.3173828125,-0.1220703125,-0.40283203125,-0.146484375,-0.08544921875,-0.2685546875,-0.0244140625,0.0732421875,-0.89111328125,-0.0244140625,1.0986328125,-0.35400390625,-0.2685546875,0.08544921875,-0.732421875,0.1220703125,-0.3173828125,0.23193359375,0.7080078125,-0.03662109375,-0.84228515625,0.09765625,0.10986328125,-0.18310546875,-0.8056640625,-0.15869140625,0.86669921875,-0.30517578125,0.20751953125,-0.28076171875,-0.32958984375,-0.10986328125,-0.79345703125,0.06103515625,-0.439453125,0.20751953125,-0.74462890625,-0.1220703125,-0.20751953125,-0.2685546875,-0.5615234375,0.1220703125,-0.439453125,-0.2197265625,0.6591796875,-0.32958984375,1.0986328125,0.4150390625,0.50048828125,-0.537109375,-0.18310546875,-0.20751953125,0.732421875,-0.25634765625,9.24072265625,0.048828125,4.82177734375,-0.390625,4.55322265625,0.537109375,6.2255859375,0.3662109375,0.1220703125,0.15869140625,1.01318359375,-0.03662109375,0.20751953125,-0.08544921875,0.1708984375,0.20751953125,0.20751953125,-0.244140625,0.89111328125,0.06103515625,0,0.10986328125,1.30615234375,0.0732421875,-0.98876953125,0.1220703125,-0.341796875,-0.10986328125,-0.98876953125,0.18310546875,-0.79345703125,-0.1220703125,-1.52587890625,0.13427734375,-0.23193359375,-0.03662109375,-0.29296875,0.09765625,-1.171875,-0.10986328125,0.93994140625,0.2197265625,1.01318359375,-0.06103515625,0.42724609375,-0.08544921875,3.1982421875,-0.146484375,-0.69580078125,0.1708984375,-1.4892578125,-0.1953125,-1.08642578125,-0.2685546875,0.37841796875,0.2685546875,0.32958984375,-0.0732421875,-0.0244140625,-0.0732421875,-0.0244140625,-0.10986328125,0.13427734375,-0.048828125,-0.0244140625,-0.1220703125,0.79345703125,0.0732421875,-0.439453125,-0.1708984375,-0.537109375
0,0.01220703125,-0.341796875,0.03662109375,-0.341796875,-0.0732421875,-0.40283203125,-0.13427734375,-0.0732421875,-0.25634765625,-0.01220703125,0.0732421875,-0.89111328125,-0.01220703125,1.0986328125,-0.35400390625,-0.28076171875,0.0732421875,-0.732421875,0.1708984375,-0.30517578125,0.146484375,0.69580078125,0.03662109375,-0.84228515625,0.03662109375,0.06103515625,-0.09765625,-0.79345703125,-0.13427734375,0.89111328125,-0.1953125,0.2197265625,-0.25634765625,-0.3173828125,-0.0732421875,-0.78125,0.01220703125,-0.439453125,0.15869140625,-0.7568359375,-0.1220703125,-0.1953125,-0.3662109375,-0.59814453125,0.18310546875,-0.439453125,-0.29296875,0.67138671875,-0.3662109375,1.1474609375,0.341796875,0.47607421875,-0.537109375,-0.1708984375,-0.20751953125,0.72021484375,-0.1708984375,11.16943359375,0.0732421875,5.6884765625,-0.40283203125,5.419921875,0.6591796875,7.33642578125,0.32958984375,0.0732421875,0.09765625,1.025390625,-0.0244140625,0.2197265625,-0.1220703125,0.13427734375,0.146484375,0.18310546875,-0.25634765625,0.86669921875,0.13427734375,0.01220703125,0.08544921875,1.2939453125,0.10986328125,-0.9765625,0.09765625,-0.35400390625,-0.2197265625,-0.9521484375,0.244140625,-0.79345703125,-0.0732421875,-1.5380859375,0.10986328125,-0.23193359375,0.1220703125,-0.30517578125,0.048828125,-1.171875,-0.10986328125,1.64794921875,0.1953125,1.6845703125,-0.0244140625,0.96435546875,-0.09765625,4.2724609375,-0.10986328125,-0.67138671875,0.20751953125,-1.47705078125,-0.20751953125,-1.08642578125,-0.1953125,0.390625,0.23193359375,0.32958984375,-0.0732421875,-0.01220703125,-0.06103515625,-0.0244140625,-0.10986328125,0.10986328125,-0.03662109375,0,-0.13427734375,0.76904296875,0.0732421875,-0.45166015625,-0.146484375,-0.50048828125
0,-0.01220703125,-0.3173828125,0.048828125,-0.341796875,-0.0732421875,-0.390625,-0.146484375,-0.048828125,-0.25634765625,-0.0244140625,0.09765625,-0.87890625,-0.0244140625,1.11083984375,-0.341796875,-0.25634765625,0.03662109375,-0.74462890625,0.15869140625,-0.29296875,0.048828125,0.732421875,0.1220703125,-0.84228515625,0.01220703125,0.0244140625,-0.0244140625,-0.79345703125,-0.08544921875,0.9033203125,-0.0732421875,0.23193359375,-0.1708984375,-0.3173828125,-0.13427734375,-0.76904296875,0,-0.4150390625,0.08544921875,-0.74462890625,-0.13427734375,-0.18310546875,-0.40283203125,-0.6103515625,0.28076171875,-0.42724609375,-0.3662109375,0.69580078125,-0.390625,1.15966796875,0.244140625,0.439453125,-0.45166015625,-0.18310546875,-0.23193359375,0.68359375,-0.23193359375,12.8662109375,0.08544921875,6.396484375,-0.390625,6.1279296875,0.69580078125,8.30078125,0.28076171875,0.0244140625,0.03662109375,1.01318359375,-0.06103515625,0.2197265625,-0.13427734375,0.1220703125,0.06103515625,0.20751953125,-0.244140625,0.8544921875,0.1953125,0.0244140625,0.048828125,1.26953125,0.13427734375,-0.96435546875,0.0732421875,-0.3662109375,-0.30517578125,-0.98876953125,0.25634765625,-0.8056640625,-0.06103515625,-1.52587890625,0.09765625,-0.2197265625,0.25634765625,-0.3173828125,-0.0244140625,-1.15966796875,-0.13427734375,2.42919921875,0.06103515625,2.4169921875,-0.06103515625,1.57470703125,-0.15869140625,5.40771484375,-0.0732421875,-0.67138671875,0.1708984375,-1.46484375,-0.20751953125,-1.07421875,-0.13427734375,0.390625,0.23193359375,0.3173828125,-0.06103515625,-0.01220703125,-0.06103515625,-0.048828125,-0.0732421875,0.10986328125,-0.048828125,-0.01220703125,-0.10986328125,0.76904296875,0.0732421875,-0.4638671875,-0.1220703125,-0.50048828125
0,-0.0244140625,-0.341796875,0.03662109375,-0.341796875,-0.08544921875,-0.3662109375,-0.146484375,-0.048828125,-0.25634765625,-0.0244140625,0.08544921875,-0.87890625,0.01220703125,1.0986328125,-0.3173828125,-0.244140625,-0.01220703125,-0.74462890625,0.146484375,-0.28076171875,-0.048828125,0.732421875,0.15869140625,-0.830078125,0,-0.0244140625,0.0732421875,-0.79345703125,-0.048828125,0.9033203125,0.06103515625,0.23193359375,-0.1220703125,-0.28076171875,-0.23193359375,-0.7568359375,0.03662109375,-0.42724609375,-0.0244140625,-0.74462890625,-0.1953125,-0.18310546875,-0.439453125,-0.6103515625,0.3173828125,-0.390625,-0.47607421875,0.72021484375,-0.40283203125,1.123046875,0.1220703125,0.4150390625,-0.35400390625,-0.1708984375,-0.1708984375,0.6591796875,-0.28076171875,14.17236328125,0.048828125,6.94580078125,-0.37841796875,6.72607421875,0.72021484375,9.04541015625,0.25634765625,0.0244140625,-0.0244140625,1.03759765625,-0.09765625,0.23193359375,-0.146484375,0.1220703125,0.0244140625,0.20751953125,-0.244140625,0.87890625,0.23193359375,0.0244140625,0.01220703125,1.26953125,0.146484375,-0.96435546875,0.03662109375,-0.35400390625,-0.28076171875,-0.98876953125,0.13427734375,-0.78125,-0.06103515625,-1.47705078125,0.06103515625,-0.244140625,0.3173828125,-0.28076171875,-0.08544921875,-1.1474609375,-0.10986328125,3.1982421875,-0.06103515625,3.173828125,-0.06103515625,2.1728515625,0,6.57958984375,0,-0.64697265625,0.1220703125,-1.45263671875,-0.2197265625,-1.08642578125,-0.1220703125,0.390625,0.244140625,0.32958984375,-0.0732421875,0,-0.08544921875,-0.08544921875,-0.08544921875,0.10986328125,-0.06103515625,-0.01220703125,-0.09765625,0.78125,0.048828125,-0.47607421875,-0.08544921875,-0.48828125
0,-0.03662109375,-0.341796875,0.03662109375,-0.35400390625,-0.048828125,-0.35400390625,-0.146484375,-0.06103515625,-0.2197265625,-0.01220703125,0.09765625,-0.86669921875,-0.0244140625,1.11083984375,-0.3173828125,-0.244140625,-0.048828125,-0.7568359375,0.0732421875,-0.28076171875,-0.0732421875,0.74462890625,0.1220703125,-0.84228515625,0.06103515625,-0.06103515625,0.13427734375,-0.78125,-0.03662109375,0.89111328125,0.2197265625,0.23193359375,-0.09765625,-0.244140625,-0.32958984375,-0.76904296875,0.03662109375,-0.40283203125,-0.0732421875,-0.7568359375,-0.25634765625,-0.146484375,-0.439453125,-0.62255859375,0.2685546875,-0.35400390625,-0.537109375,0.72021484375,-0.4150390625,1.13525390625,0.0244140625,0.40283203125,-0.23193359375,-0.1708984375,-0.13427734375,0.67138671875,-0.30517578125,14.990234375,0.01220703125,7.28759765625,-0.37841796875,7.09228515625,0.68359375,9.4970703125,0.23193359375,0.048828125,-0.08544921875,1.025390625,-0.1220703125,0.244140625,-0.15869140625,0.1220703125,-0.01220703125,0.244140625,-0.20751953125,0.86669921875,0.23193359375,0.03662109375,0.048828125,1.2939453125,0.13427734375,-0.9521484375,0.0244140625,-0.3662109375,-0.1708984375,-1.0009765625,0.0244140625,-0.78125,-0.06103515625,-1.416015625,0.048828125,-0.244140625,0.29296875,-0.30517578125,-0.09765625,-1.1474609375,-0.0732421875,3.84521484375,-0.146484375,3.84521484375,-0.03662109375,2.72216796875,0.1220703125,7.67822265625,0.08544921875,-0.64697265625,0.0244140625,-1.45263671875,-0.2197265625,-1.07421875,-0.08544921875,0.390625,0.23193359375,0.32958984375,-0.048828125,0.01220703125,-0.06103515625,-0.09765625,-0.08544921875,0.13427734375,-0.0732421875,-0.0244140625,-0.09765625,0.78125,0.0244140625,-0.5126953125,-0.06103515625,-0.47607421875
0,0,-0.32958984375,0.03662109375,-0.341796875,-0.06103515625,-0.35400390625,-0.13427734375,-0.048828125,-0.244140625,-0.0244140625,0.08544921875,-0.86669921875,-0.01220703125,1.11083984375,-0.30517578125,-0.25634765625,-0.0732421875,-0.7568359375,-0.03662109375,-0.25634765625,-0.09765625,0.7568359375,0.0244140625,-0.84228515625,0.10986328125,-0.0732421875,0.15869140625,-0.78125,-0.01220703125,0.91552734375,0.32958984375,0.2197265625,-0.146484375,-0.1953125,-0.35400390625,-0.8056640625,0.03662109375,-0.40283203125,-0.10986328125,-0.7568359375,-0.30517578125,-0.1708984375,-0.3662109375,-0.64697265625,0.2197265625,-0.341796875,-0.57373046875,0.72021484375,-0.390625,1.11083984375,-0.0732421875,0.4150390625,-0.1220703125,-0.1220703125,-0.08544921875,0.7080078125,-0.30517578125,15.234375,-0.03662109375,7.31201171875,-0.28076171875,7.21435546875,0.634765625,9.619140625,0.20751953125,0.08544921875,-0.1708984375,1.025390625,-0.15869140625,0.23193359375,-0.13427734375,0.146484375,-0.0732421875,0.28076171875,-0.1708984375,0.86669921875,0.244140625,0.03662109375,0.048828125,1.2939453125,0.1220703125,-0.96435546875,0.01220703125,-0.35400390625,-0.06103515625,-0.98876953125,-0.10986328125,-0.8056640625,-0.08544921875,-1.3427734375,0.03662109375,-0.28076171875,0.18310546875,-0.30517578125,-0.08544921875,-1.13525390625,-0.048828125,4.345703125,-0.244140625,4.3701171875,-0.048828125,3.125,0.15869140625,8.6181640625,0.10986328125,-0.6103515625,-0.06103515625,-1.45263671875,-0.244140625,-1.06201171875,-0.10986328125,0.37841796875,0.20751953125,0.32958984375,-0.01220703125,0.01220703125,-0.0732421875,-0.13427734375,-0.08544921875,0.15869140625,-0.08544921875,-0.0244140625,-0.08544921875,0.78125,-0.01220703125,-0.537109375,-0.03662109375,-0.50048828125
0,0.0244140625,-0.341796875,0.01220703125,-0.37841796875,-0.0244140625,-0.37841796875,-0.1220703125,-0.06103515625,-0.2197265625,-0.03662109375,0.08544921875,-0.87890625,0,1.0986328125,-0.29296875,-0.25634765625,-0.048828125,-0.74462890625,-0.1220703125,-0.28076171875,-0.08544921875,0.74462890625,-0.13427734375,-0.84228515625,0.13427734375,-0.10986328125,0.15869140625,-0.76904296875,0.01220703125,0.91552734375,0.40283203125,0.2197265625,-0.28076171875,-0.1708984375,-0.35400390625,-0.830078125,0.0244140625,-0.4150390625,-0.10986328125,-0.76904296875,-0.35400390625,-0.1708984375,-0.244140625,-0.64697265625,0.09765625,-0.28076171875,-0.62255859375,0.69580078125,-0.3173828125,1.0986328125,-0.18310546875,0.42724609375,-0.048828125,-0.1220703125,-0.0244140625,0.732421875,-0.28076171875,14.92919921875,-0.09765625,7.11669921875,-0.20751953125,7.04345703125,0.5126953125,9.3994140625,0.1708984375,0.15869140625,-0.2197265625,1.025390625,-0.15869140625,0.2685546875,-0.10986328125,0.15869140625,-0.10986328125,0.32958984375,-0.1220703125,0.91552734375,0.2197265625,0.048828125,0.09765625,1.30615234375,0.1220703125,-0.9765625,0.0244140625,-0.3662109375,0.09765625,-0.98876953125,-0.2197265625,-0.78125,-0.146484375,-1.26953125,0.01220703125,-0.28076171875,0.0732421875,-0.3173828125,-0.0244140625,-1.1474609375,-0.0732421875,4.638671875,-0.32958984375,4.736328125,-0.048828125,3.43017578125,0.0732421875,9.33837890625,0.09765625,-0.62255859375,-0.10986328125,-1.45263671875,-0.23193359375,-1.07421875,-0.1220703125,0.37841796875,0.1708984375,0.32958984375,0.01220703125,0.03662109375,-0.08544921875,-0.15869140625,-0.09765625,0.146484375,-0.10986328125,-0.0244140625,-0.08544921875,0.8056640625,-0.048828125,-0.54931640625,-0.03662109375,-0.50048828125
1,-0.01220703125,-0.32958984375,0,-0.35400390625,-0.03662109375,-0.3662109375,-0.13427734375,-0.0732421875,-0.20751953125,-0.06103515625,0.08544921875,-0.89111328125,0.01220703125,1.0986328125,-0.28076171875,-0.2685546875,-0.03662109375,-0.76904296875,-0.18310546875,-0.28076171875,-0.048828125,0.76904296875,-0.30517578125,-0.84228515625,0.1953125,-0.1220703125,0.13427734375,-0.78125,0.048828125,0.89111328125,0.35400390625,0.20751953125,-0.439453125,-0.1708984375,-0.25634765625,-0.86669921875,0.0732421875,-0.42724609375,-0.08544921875,-0.76904296875,-0.3662109375,-0.18310546875,-0.146484375,-0.67138671875,-0.03662109375,-0.28076171875,-0.57373046875,0.69580078125,-0.28076171875,1.123046875,-0.20751953125,0.439453125,0.01220703125,-0.1220703125,-0.01220703125,0.74462890625,-0.29296875,14.12353515625,-0.15869140625,6.6650390625,-0.18310546875,6.6162109375,0.35400390625,8.87451171875,0.10986328125,0.23193359375,-0.2685546875,1.01318359375,-0.18310546875,0.25634765625,-0.0732421875,0.18310546875,-0.1953125,0.35400390625,-0.09765625,0.86669921875,0.20751953125,0.048828125,0.15869140625,1.33056640625,0.0732421875,-1.0009765625,0.01220703125,-0.341796875,0.15869140625,-0.98876953125,-0.3173828125,-0.81787109375,-0.2197265625,-1.171875,0,-0.29296875,-0.06103515625,-0.30517578125,0.0244140625,-1.1474609375,-0.0732421875,4.79736328125,-0.30517578125,4.9072265625,-0.06103515625,3.60107421875,0.0732421875,9.814453125,0.03662109375,-0.6103515625,-0.10986328125,-1.45263671875,-0.146484375,-1.0498046875,-0.13427734375,0.390625,0.146484375,0.341796875,0.0244140625,0,-0.06103515625,-0.15869140625,-0.09765625,0.15869140625,-0.09765625,-0.048828125,-0.09765625,0.79345703125,-0.09765625,-0.5615234375,-0.03662109375,-0.52490234375
1,-0.01220703125,-0.3173828125,-0.01220703125,-0.3662109375,-0.048828125,-0.3662109375,-0.15869140625,-0.0732421875,-0.20751953125,-0.0732421875,0.0732421875,-0.89111328125,0.03662109375,1.08642578125,-0.2685546875,-0.2685546875,-0.048828125,-0.74462890625,-0.23193359375,-0.28076171875,-0.06103515625,0.76904296875,-0.40283203125,-0.8544921875,0.244140625,-0.09765625,0.1220703125,-0.78125,0.06103515625,0.89111328125,0.244140625,0.20751953125,-0.634765625,-0.1708984375,-0.146484375,-0.91552734375,0.0732421875,-0.439453125,-0.0732421875,-0.78125,-0.3173828125,-0.1953125,-0.09765625,-0.67138671875,-0.15869140625,-0.2685546875,-0.5859375,0.6591796875,-0.244140625,1.11083984375,-0.244140625,0.50048828125,0.06103515625,-0.10986328125,0.03662109375,0.78125,-0.32958984375,12.9638671875,-0.244140625,6.0302734375,-0.2197265625,6.01806640625,0.3173828125,8.1298828125,0.09765625,0.29296875,-0.28076171875,1.0498046875,-0.20751953125,0.2685546875,-0.048828125,0.1953125,-0.244140625,0.3662109375,-0.08544921875,0.87890625,0.1953125,0.0244140625,0.244140625,1.3427734375,0.06103515625,-1.01318359375,0.01220703125,-0.341796875,0.1953125,-0.9765625,-0.30517578125,-0.79345703125,-0.28076171875,-1.08642578125,-0.03662109375,-0.2685546875,-0.1708984375,-0.30517578125,0.048828125,-1.1474609375,-0.13427734375,4.82177734375,-0.29296875,4.94384765625,-0.13427734375,3.61328125,0.0732421875,10.05859375,-0.01220703125,-0.62255859375,-0.08544921875,-1.4404296875,-0.15869140625,-1.0498046875,-0.10986328125,0.40283203125,0.146484375,0.341796875,0.03662109375,0,-0.0732421875,-0.15869140625,-0.06103515625,0.13427734375,-0.08544921875,-0.06103515625,-0.09765625,0.81787109375,-0.10986328125,-0.537109375,-0.0244140625,-0.52490234375
1,-0.0244140625,-0.3173828125,0,-0.3662109375,-0.03662109375,-0.390625,-0.1220703125,-0.0732421875,-0.18310546875,-0.08544921875,0.06103515625,-0.89111328125,0.0732421875,1.08642578125,-0.244140625,-0.29296875,-0.0732421875,-0.732421875,-0.244140625,-0.28076171875,-0.09765625,0.76904296875,-0.40283203125,-0.86669921875,0.2197265625,-0.08544921875,0.10986328125,-0.8056640625,0.06103515625,0.89111328125,0.18310546875,0.20751953125,-0.74462890625,-0.2197265625,-0.09765625,-0.9521484375,0.06103515625,-0.48828125,-0.048828125,-0.79345703125,-0.2685546875,-0.20751953125,-0.06103515625,-0.67138671875,-0.2685546875,-0.3173828125,-0.439453125,0.62255859375,-0.23193359375,1.123046875,-0.244140625,0.5126953125,0.03662109375,-0.1220703125,0.10986328125,0.76904296875,-0.3662109375,11.58447265625,-0.2685546875,5.31005859375,-0.29296875,5.28564453125,0.30517578125,7.21435546875,0.06103515625,0.32958984375,-0.30517578125,1.0498046875,-0.20751953125,0.2685546875,-0.03662109375,0.2197265625,-0.28076171875,0.35400390625,-0.06103515625,0.87890625,0.146484375,0,0.3173828125,1.3427734375,0.048828125,-1.0498046875,0.0244140625,-0.35400390625,0.15869140625,-0.98876953125,-0.18310546875,-0.830078125,-0.30517578125,-1.025390625,-0.0732421875,-0.28076171875,-0.18310546875,-0.32958984375,0.06103515625,-1.1962890625,-0.09765625,4.7119140625,-0.18310546875,4.84619140625,-0.15869140625,3.52783203125,0.15869140625,10.09521484375,-0.09765625,-0.62255859375,-0.01220703125,-1.46484375,-0.1220703125,-1.0498046875,-0.13427734375,0.40283203125,0.09765625,0.35400390625,0.048828125,-0.0244140625,-0.06103515625,-0.15869140625,-0.048828125,0.1220703125,-0.08544921875,-0.06103515625,-0.08544921875,0.79345703125,-0.13427734375,-0.537109375,-0.03662109375,-0.537109375
1,-0.048828125,-0.32958984375,0,-0.390625,0,-0.40283203125,-0.13427734375,-0.09765625,-0.1708984375,-0.09765625,0.06103515625,-0.91552734375,0.09765625,1.08642578125,-0.25634765625,-0.30517578125,-0.10986328125,-0.732421875,-0.18310546875,-0.3173828125,-0.1220703125,0.74462890625,-0.3662109375,-0.8544921875,0.146484375,-0.06103515625,0.10986328125,-0.8056640625,0.01220703125,0.86669921875,0.06103515625,0.20751953125,-0.8056640625,-0.25634765625,-0.0244140625,-0.9765625,0.10986328125,-0.48828125,-0.01220703125,-0.78125,-0.18310546875,-0.2197265625,-0.08544921875,-0.6591796875,-0.28076171875,-0.35400390625,-0.37841796875,0.634765625,-0.20751953125,1.1474609375,-0.23193359375,0.537109375,0,-0.15869140625,0.15869140625,0.76904296875,-0.390625,10.107421875,-0.2685546875,4.541015625,-0.35400390625,4.4921875,0.30517578125,6.21337890625,0.03662109375,0.32958984375,-0.341796875,1.06201171875,-0.1953125,0.244140625,-0.03662109375,0.2197265625,-0.2685546875,0.3173828125,-0.0732421875,0.81787109375,0.15869140625,-0.01220703125,0.37841796875,1.35498046875,0.0244140625,-1.07421875,0.03662109375,-0.35400390625,0.06103515625,-0.9765625,-0.06103515625,-0.830078125,-0.29296875,-0.96435546875,-0.048828125,-0.28076171875,-0.146484375,-0.341796875,0.048828125,-1.1962890625,-0.06103515625,4.5654296875,-0.06103515625,4.69970703125,-0.18310546875,3.43017578125,0.048828125,9.92431640625,-0.146484375,-0.6591796875,0.048828125,-1.46484375,-0.13427734375,-1.06201171875,-0.15869140625,0.390625,0.0732421875,0.35400390625,0.048828125,-0.03662109375,-0.0732421875,-0.146484375,-0.03662109375,0.1220703125,-0.0732421875,-0.06103515625,-0.10986328125,0.78125,-0.1220703125,-0.5126953125,-0.0244140625,-0.52490234375
1,-0.03662109375,-0.3173828125,0,-0.390625,0.0244140625,-0.40283203125,-0.13427734375,-0.09765625,-0.1708984375,-0.0732421875,0.01220703125,-0.91552734375,0.0732421875,1.0986328125,-0.2685546875,-0.29296875,-0.146484375,-0.732421875,-0.08544921875,-0.32958984375,-0.15869140625,0.74462890625,-0.20751953125,-0.84228515625,0.048828125,-0.0244140625,0.09765625,-0.8056640625,-0.048828125,0.87890625,-0.0732421875,0.2197265625,-0.732421875,-0.28076171875,0,-1.0009765625,0.146484375,-0.48828125,0,-0.76904296875,-0.03662109375,-0.244140625,-0.0732421875,-0.67138671875,-0.244140625,-0.32958984375,-0.30517578125,0.62255859375,-0.1708984375,1.15966796875,-0.1953125,0.5126953125,0,-0.146484375,0.23193359375,0.7568359375,-0.45166015625,8.67919921875,-0.28076171875,3.84521484375,-0.390625,3.7353515625,0.2685546875,5.28564453125,0.0244140625,0.3173828125,-0.32958984375,1.0498046875,-0.146484375,0.244140625,-0.06103515625,0.20751953125,-0.2197265625,0.29296875,-0.03662109375,0.84228515625,0.15869140625,0,0.390625,1.35498046875,0.03662109375,-1.07421875,0.048828125,-0.341796875,-0.01220703125,-0.98876953125,0.1220703125,-0.830078125,-0.244140625,-0.9521484375,-0.0244140625,-0.28076171875,-0.048828125,-0.341796875,-0.01220703125,-1.1962890625,-0.06103515625,4.39453125,-0.03662109375,4.50439453125,-0.25634765625,3.271484375,-0.1220703125,9.60693359375,-0.1953125,-0.6591796875,0.09765625,-1.45263671875,-0.1953125,-1.07421875,-0.1953125,0.37841796875,0.08544921875,0.341796875,0.06103515625,-0.0244140625,-0.0732421875,-0.13427734375,-0.03662109375,0.10986328125,-0.08544921875,-0.048828125,-0.09765625,0.76904296875,-0.13427734375,-0.50048828125,-0.06103515625,-0.52490234375
1,-0.06103515625,-0.341796875,-0.01220703125,-0.40283203125,0.0244140625,-0.4150390625,-0.10986328125,-0.08544921875,-0.15869140625,-0.048828125,0.01220703125,-0.91552734375,0.08544921875,1.0986328125,-0.25634765625,-0.28076171875,-0.10986328125,-0.732421875,-0.01220703125,-0.30517578125,-0.146484375,0.74462890625,-0.048828125,-0.81787109375,-0.08544921875,-0.01220703125,0.06103515625,-0.79345703125,-0.146484375,0.89111328125,-0.1708984375,0.1953125,-0.5859375,-0.3173828125,-0.01220703125,-1.01318359375,0.18310546875,-0.47607421875,0.03662109375,-0.78125,0.10986328125,-0.23193359375,-0.06103515625,-0.68359375,-0.15869140625,-0.37841796875,-0.29296875,0.5859375,-0.1708984375,1.18408203125,-0.1953125,0.50048828125,-0.01220703125,-0.1708984375,0.30517578125,0.732421875,-0.4638671875,7.373046875,-0.2197265625,3.22265625,-0.42724609375,3.08837890625,0.23193359375,4.39453125,0.01220703125,0.30517578125,-0.3173828125,1.07421875,-0.0732421875,0.23193359375,-0.0732421875,0.20751953125,-0.1708984375,0.244140625,-0.0244140625,0.81787109375,0.13427734375,0,0.3662109375,1.3427734375,0.09765625,-1.0498046875,0.03662109375,-0.35400390625,-0.048828125,-1.0009765625,0.23193359375,-0.81787109375,-0.20751953125,-0.96435546875,0.01220703125,-0.25634765625,0.1220703125,-0.32958984375,-0.0732421875,-1.20849609375,-0.09765625,4.26025390625,-0.01220703125,4.28466796875,-0.2685546875,3.11279296875,-0.18310546875,9.2041015625,-0.1953125,-0.69580078125,0.146484375,-1.45263671875,-0.244140625,-1.06201171875,-0.2197265625,0.37841796875,0.0732421875,0.32958984375,0.0732421875,-0.0244140625,-0.0732421875,-0.10986328125,-0.048828125,0.09765625,-0.08544921875,-0.03662109375,-0.09765625,0.79345703125,-0.146484375,-0.50048828125,-0.048828125,-0.5126953125
1,-0.0732421875,-0.32958984375,-0.03662109375,-0.390625,0.048828125,-0.42724609375,-0.09765625,-0.048828125,-0.18310546875,-0.01220703125,0,-0.9033203125,0.09765625,1.0986328125,-0.2685546875,-0.23193359375,-0.10986328125,-0.732421875,0.06103515625,-0.30517578125,-0.06103515625,0.74462890625,0.0732421875,-0.830078125,-0.18310546875,-0.0244140625,0.0244140625,-0.79345703125,-0.29296875,0.9033203125,-0.2685546875,0.20751953125,-0.4638671875,-0.35400390625,-0.06103515625,-0.98876953125,0.2197265625,-0.4638671875,0.0244140625,-0.76904296875,0.244140625,-0.244140625,-0.06103515625,-0.634765625,-0.0244140625,-0.40283203125,-0.28076171875,0.64697265625,-0.146484375,1.171875,-0.1220703125,0.4638671875,-0.048828125,-0.18310546875,0.40283203125,0.7080078125,-0.47607421875,6.26220703125,-0.2197265625,2.7099609375,-0.54931640625,2.57568359375,0.15869140625,3.6376953125,0.048828125,0.29296875,-0.29296875,1.03759765625,-0.0244140625,0.2197265625,-0.1220703125,0.18310546875,-0.08544921875,0.20751953125,-0.01220703125,0.8056640625,0.13427734375,0.01220703125,0.35400390625,1.33056640625,0.18310546875,-1.025390625,0.01220703125,-0.37841796875,-0.048828125,-1.025390625,0.25634765625,-0.81787109375,-0.20751953125,-0.98876953125,0.08544921875,-0.2685546875,0.28076171875,-0.32958984375,-0.1220703125,-1.23291015625,-0.10986328125,4.1015625,-0.048828125,4.052734375,-0.2685546875,2.94189453125,-0.23193359375,8.70361328125,-0.13427734375,-0.69580078125,0.15869140625,-1.46484375,-0.2685546875,-1.07421875,-0.1953125,0.37841796875,0.09765625,0.32958984375,0.03662109375,-0.0244140625,-0.0732421875,-0.0732421875,-0.03662109375,0.09765625,-0.09765625,-0.01220703125,-0.10986328125,0.79345703125,-0.146484375,-0.47607421875,-0.048828125,-0.48828125
1,-0.08544921875,-0.3662109375,-0.03662109375,-0.3662109375,0.048828125,-0.4150390625,-0.08544921875,-0.0732421875,-0.1708984375,0,0.01220703125,-0.9033203125,0.09765625,1.0986328125,-0.28076171875,-0.2197265625,-0.06103515625,-0.732421875,0.08544921875,-0.3173828125,0.048828125,0.7568359375,0.1708984375,-0.81787109375,-0.2685546875,-0.0244140625,-0.048828125,-0.79345703125,-0.4150390625,0.91552734375,-0.29296875,0.20751953125,-0.23193359375,-0.37841796875,-0.10986328125,-0.93994140625,0.20751953125,-0.439453125,0,-0.7568359375,0.341796875,-0.20751953125,-0.03662109375,-0.62255859375,0.146484375,-0.4150390625,-0.25634765625,0.67138671875,-0.1708984375,1.1962890625,-0.09765625,0.45166015625,-0.09765625,-0.15869140625,0.4638671875,0.69580078125,-0.50048828125,5.322265625,-0.146484375,2.30712890625,-0.634765625,2.16064453125,0.1220703125,3.0029296875,0.048828125,0.244140625,-0.244140625,1.0498046875,0.01220703125,0.20751953125,-0.15869140625,0.15869140625,-0.048828125,0.1708984375,0.01220703125,0.81787109375,0.13427734375,0.01220703125,0.32958984375,1.30615234375,0.23193359375,-1.0009765625,-0.01220703125,-0.35400390625,-0.0244140625,-1.0009765625,0.25634765625,-0.8056640625,-0.1953125,-1.0498046875,0.13427734375,-0.25634765625,0.3662109375,-0.3173828125,-0.10986328125,-1.220703125,-0.10986328125,3.94287109375,-0.146484375,3.82080078125,-0.29296875,2.77099609375,-0.244140625,8.16650390625,0.01220703125,-0.72021484375,0.18310546875,-1.46484375,-0.25634765625,-1.08642578125,-0.1708984375,0.3662109375,0.08544921875,0.32958984375,0.048828125,-0.03662109375,-0.0732421875,-0.06103515625,-0.01220703125,0.10986328125,-0.08544921875,-0.0244140625,-0.1220703125,0.79345703125,-0.13427734375,-0.48828125,-0.09765625,-0.48828125
1,-0.0732421875,-0.35400390625,-0.0732421875,-0.32958984375,0.048828125,-0.40283203125,-0.06103515625,-0.01220703125,-0.146484375,0.01220703125,0,-0.89111328125,0.13427734375,1.0986328125,-0.25634765625,-0.20751953125,-0.03662109375,-0.72021484375,0.0732421875,-0.3173828125,0.1708984375,0.7568359375,0.1708984375,-0.81787109375,-0.30517578125,-0.048828125,-0.10986328125,-0.79345703125,-0.4638671875,0.927734375,-0.25634765625,0.20751953125,-0.09765625,-0.341796875,-0.2197265625,-0.91552734375,0.23193359375,-0.42724609375,0,-0.74462890625,0.35400390625,-0.1708984375,-0.06103515625,-0.59814453125,0.244140625,-0.390625,-0.2197265625,0.67138671875,-0.2197265625,1.1962890625,-0.06103515625,0.42724609375,-0.10986328125,-0.18310546875,0.48828125,0.68359375,-0.48828125,4.5166015625,-0.08544921875,1.9775390625,-0.62255859375,1.84326171875,0.06103515625,2.47802734375,0.06103515625,0.2197265625,-0.18310546875,1.03759765625,0.048828125,0.1953125,-0.15869140625,0.1708984375,-0.0244140625,0.1953125,0.0244140625,0.81787109375,0.0732421875,0.01220703125,0.28076171875,1.318359375,0.25634765625,-1.0009765625,-0.01220703125,-0.35400390625,0.0244140625,-1.01318359375,0.15869140625,-0.81787109375,-0.15869140625,-1.08642578125,0.18310546875,-0.25634765625,0.4150390625,-0.3173828125,-0.06103515625,-1.220703125,-0.10986328125,3.74755859375,-0.25634765625,3.62548828125,-0.3173828125,2.587890625,-0.20751953125,7.62939453125,0.08544921875,-0.732421875,0.20751953125,-1.45263671875,-0.2197265625,-1.06201171875,-0.15869140625,0.3662109375,0.10986328125,0.341796875,0.03662109375,-0.01220703125,-0.06103515625,-0.0732421875,-0.03662109375,0.13427734375,-0.0732421875,-0.01220703125,-0.1220703125,0.81787109375,-0.13427734375,-0.5126953125,-0.08544921875,-0.4638671875
1,-0.048828125,-0.35400390625,-0.10986328125,-0.3173828125,0.03662109375,-0.40283203125,-0.0732421875,-0.01220703125,-0.1220703125,-0.01220703125,0,-0.89111328125,0.13427734375,1.0986328125,-0.25634765625,-0.1953125,0.048828125,-0.74462890625,0.01220703125,-0.30517578125,0.244140625,0.76904296875,0.1220703125,-0.8056640625,-0.25634765625,-0.0732421875,-0.18310546875,-0.78125,-0.5126953125,0.9765625,-0.1708984375,0.20751953125,-0.048828125,-0.30517578125,-0.25634765625,-0.87890625,0.18310546875,-0.4150390625,-0.0244140625,-0.732421875,0.29296875,-0.1708984375,-0.06103515625,-0.57373046875,0.29296875,-0.35400390625,-0.244140625,0.69580078125,-0.30517578125,1.171875,0.01220703125,0.42724609375,-0.06103515625,-0.1953125,0.47607421875,0.68359375,-0.439453125,3.77197265625,-0.08544921875,1.7333984375,-0.7080078125,1.62353515625,0.0732421875,2.001953125,0.1220703125,0.18310546875,-0.09765625,1.03759765625,0.048828125,0.1953125,-0.10986328125,0.15869140625,-0.01220703125,0.1708984375,0.048828125,0.79345703125,0.048828125,0,0.244140625,1.2939453125,0.244140625,-1.0009765625,-0.03662109375,-0.341796875,0.09765625,-1.01318359375,0,-0.8056640625,-0.146484375,-1.1474609375,0.2197265625,-0.25634765625,0.32958984375,-0.341796875,0.048828125,-1.1962890625,-0.06103515625,3.52783203125,-0.2685546875,3.38134765625,-0.244140625,2.42919921875,-0.13427734375,7.12890625,0.18310546875,-0.7568359375,0.2197265625,-1.45263671875,-0.2197265625,-1.03759765625,-0.1708984375,0.341796875,0.10986328125,0.35400390625,0.0244140625,-0.03662109375,-0.0732421875,-0.0732421875,-0.01220703125,0.15869140625,-0.06103515625,0,-0.1220703125,0.830078125,-0.10986328125,-0.48828125,-0.0732421875,-0.4638671875
1,-0.03662109375,-0.32958984375,-0.15869140625,-0.32958984375,0.06103515625,-0.40283203125,-0.048828125,0,-0.10986328125,-0.03662109375,0,-0.89111328125,0.13427734375,1.11083984375,-0.2197265625,-0.20751953125,0.13427734375,-0.7568359375,-0.06103515625,-0.30517578125,0.28076171875,0.78125,0.08544921875,-0.81787109375,-0.20751953125,-0.13427734375,-0.1953125,-0.76904296875,-0.4638671875,0.96435546875,-0.0244140625,0.20751953125,-0.1220703125,-0.28076171875,-0.28076171875,-0.86669921875,0.10986328125,-0.439453125,-0.08544921875,-0.74462890625,0.13427734375,-0.1708984375,-0.09765625,-0.57373046875,0.28076171875,-0.3173828125,-0.1220703125,0.7080078125,-0.40283203125,1.1474609375,0.10986328125,0.45166015625,-0.048828125,-0.20751953125,0.4638671875,0.7080078125,-0.3662109375,3.01513671875,-0.0732421875,1.42822265625,-0.6591796875,1.40380859375,0.09765625,1.5380859375,0.18310546875,0.1953125,-0.06103515625,1.03759765625,0.0244140625,0.20751953125,-0.06103515625,0.1708984375,0.048828125,0.244140625,0,0.79345703125,0,0.01220703125,0.20751953125,1.33056640625,0.23193359375,-1.0009765625,-0.0244140625,-0.341796875,0.13427734375,-0.98876953125,-0.15869140625,-0.8056640625,-0.10986328125,-1.171875,0.25634765625,-0.23193359375,0.18310546875,-0.35400390625,0.1708984375,-1.171875,-0.06103515625,3.28369140625,-0.32958984375,3.173828125,-0.18310546875,2.24609375,-0.146484375,6.6650390625,0.1953125,-0.7568359375,0.23193359375,-1.45263671875,-0.2197265625,-1.03759765625,-0.2197265625,0.3662109375,0.06103515625,0.3662109375,0.0244140625,-0.01220703125,-0.0732421875,-0.06103515625,-0.0244140625,0.15869140625,-0.08544921875,-0.01220703125,-0.146484375,0.8544921875,-0.10986328125,-0.48828125,-0.08544921875,-0.47607421875
1,-0.01220703125,-0.3173828125,-0.1708984375,-0.32958984375,0.08544921875,-0.37841796875,-0.0244140625,-0.03662109375,-0.0732421875,-0.0244140625,0,-0.89111328125,0.146484375,1.123046875,-0.2197265625,-0.23193359375,0.18310546875,-0.732421875,-0.1220703125,-0.3173828125,0.2685546875,0.79345703125,0.03662109375,-0.81787109375,-0.13427734375,-0.18310546875,-0.1953125,-0.76904296875,-0.37841796875,0.9521484375,0.06103515625,0.2197265625,-0.28076171875,-0.28076171875,-0.25634765625,-0.84228515625,0.06103515625,-0.47607421875,-0.13427734375,-0.74462890625,-0.0244140625,-0.15869140625,0.0732421875,-0.59814453125,0.244140625,-0.30517578125,-0.13427734375,0.72021484375,-0.42724609375,1.13525390625,0.15869140625,0.45166015625,-0.048828125,-0.1953125,0.4150390625,0.7080078125,-0.25634765625,2.28271484375,-0.048828125,1.123046875,-0.6591796875,1.171875,0.15869140625,1.06201171875,0.2685546875,0.20751953125,0.0244140625,1.03759765625,0.03662109375,0.1953125,-0.0244140625,0.1708984375,0.10986328125,0.2685546875,0.0244140625,0.8056640625,-0.048828125,0,0.1953125,1.318359375,0.15869140625,-0.98876953125,-0.01220703125,-0.3662109375,0.146484375,-0.98876953125,-0.2685546875,-0.76904296875,-0.0732421875,-1.1962890625,0.2197265625,-0.23193359375,0.09765625,-0.32958984375,0.28076171875,-1.15966796875,-0.03662109375,3.03955078125,-0.30517578125,2.94189453125,-0.09765625,2.0751953125,-0.18310546875,6.2744140625,0.18310546875,-0.76904296875,0.23193359375,-1.45263671875,-0.1953125,-1.025390625,-0.2197265625,0.3662109375,0.06103515625,0.3662109375,0.01220703125,-0.0244140625,-0.0732421875,-0.0732421875,-0.0244140625,0.15869140625,-0.09765625,-0.01220703125,-0.146484375,0.8544921875,-0.10986328125,-0.50048828125,-0.0732421875,-0.4638671875
1,-0.03662109375,-0.3173828125,-0.1708984375,-0.32958984375,0.048828125,-0.37841796875,0,-0.048828125,-0.0732421875,-0.06103515625,-0.0244140625,-0.9033203125,0.1220703125,1.11083984375,-0.18310546875,-0.244140625,0.1953125,-0.732421875,-0.1953125,-0.29296875,0.20751953125,0.76904296875,-0.01220703125,-0.79345703125,-0.06103515625,-0.20751953125,-0.146484375,-0.76904296875,-0.25634765625,0.93994140625,0.09765625,0.2197265625,-0.537109375,-0.2197265625,-0.2685546875,-0.87890625,-0.0244140625,-0.47607421875,-0.2197265625,-0.74462890625,-0.1708984375,-0.1953125,0.1220703125,-0.62255859375,0.20751953125,-0.29296875,-0.1220703125,0.69580078125,-0.439453125,1.11083984375,0.1220703125,0.48828125,-0.0244140625,-0.18310546875,0.32958984375,0.69580078125,-0.3173828125,1.46484375,-0.10986328125,0.7568359375,-0.67138671875,0.9033203125,0.146484375,0.57373046875,0.28076171875,0.2197265625,0.09765625,1.0498046875,0.048828125,0.2197265625,0.0244140625,0.1953125,0.18310546875,0.29296875,0,0.78125,-0.08544921875,0.01220703125,0.1708984375,1.318359375,0.09765625,-0.98876953125,0,-0.35400390625,0.06103515625,-0.9765625,-0.29296875,-0.76904296875,-0.0732421875,-1.20849609375,0.20751953125,-0.244140625,-0.048828125,-0.3173828125,0.3662109375,-1.13525390625,-0.0244140625,2.783203125,-0.244140625,2.734375,-0.048828125,1.89208984375,-0.1220703125,5.95703125,0.146484375,-0.7568359375,0.23193359375,-1.46484375,-0.15869140625,-1.0498046875,-0.20751953125,0.37841796875,0.06103515625,0.390625,0.01220703125,-0.01220703125,-0.0732421875,-0.08544921875,-0.0244140625,0.1708984375,-0.10986328125,0,-0.15869140625,0.87890625,-0.09765625,-0.50048828125,-0.0732421875,-0.48828125
1,-0.06103515625,-0.3173828125,-0.146484375,-0.341796875,0.06103515625,-0.37841796875,0.01220703125,-0.0732421875,-0.0732421875,-0.06103515625,-0.01220703125,-0.91552734375,0.13427734375,1.0986328125,-0.20751953125,-0.29296875,0.1708984375,-0.74462890625,-0.23193359375,-0.29296875,0.10986328125,0.7568359375,-0.0732421875,-0.8544921875,-0.01220703125,-0.23193359375,-0.08544921875,-0.7568359375,-0.13427734375,0.927734375,0.10986328125,0.23193359375,-0.7568359375,-0.1953125,-0.2197265625,-0.87890625,-0.08544921875,-0.48828125,-0.2197265625,-0.74462890625,-0.32958984375,-0.20751953125,0.01220703125,-0.634765625,0.13427734375,-0.29296875,-0.1220703125,0.69580078125,-0.4150390625,1.11083984375,0.06103515625,0.48828125,-0.01220703125,-0.15869140625,0.20751953125,0.732421875,-0.3173828125,0.67138671875,-0.0732421875,0.40283203125,-0.6103515625,0.54931640625,0.20751953125,0.048828125,0.29296875,0.244140625,0.1708984375,1.025390625,0.0732421875,0.23193359375,0.048828125,0.1953125,0.25634765625,0.3173828125,-0.0244140625,0.8056640625,-0.1220703125,0,0.18310546875,1.33056640625,0.03662109375,-1.0009765625,0.0244140625,-0.3662109375,-0.048828125,-0.96435546875,-0.244140625,-0.76904296875,-0.09765625,-1.23291015625,0.13427734375,-0.23193359375,-0.1220703125,-0.3173828125,0.390625,-1.123046875,-0.06103515625,2.55126953125,-0.15869140625,2.55126953125,0.01220703125,1.7333984375,-0.09765625,5.6884765625,0.03662109375,-0.732421875,0.18310546875,-1.46484375,-0.09765625,-1.0498046875,-0.2197265625,0.3662109375,0.06103515625,0.35400390625,0,-0.0244140625,-0.08544921875,-0.10986328125,-0.0244140625,0.1708984375,-0.10986328125,0,-0.1220703125,0.87890625,-0.08544921875,-0.50048828125,-0.0732421875,-0.48828125
0,-0.03662109375,-0.3173828125,-0.146484375,-0.3662109375,0.08544921875,-0.35400390625,0.01220703125,-0.08544921875,-0.0244140625,-0.0732421875,-0.0244140625,-0.89111328125,0.13427734375,1.123046875,-0.20751953125,-0.29296875,0.10986328125,-0.72021484375,-0.244140625,-0.2685546875,0,0.74462890625,-0.1220703125,-0.86669921875,-0.0244140625,-0.244140625,0.0244140625,-0.7568359375,-0.01220703125,0.91552734375,0.06103515625,0.2197265625,-0.91552734375,-0.20751953125,-0.2685546875,-0.9033203125,-0.09765625,-0.47607421875,-0.244140625,-0.76904296875,-0.35400390625,-0.20751953125,0,-0.64697265625,0,-0.30517578125,-0.1708984375,0.68359375,-0.341796875,1.123046875,0,0.5126953125,-0.10986328125,-0.146484375,0.13427734375,0.74462890625,-0.30517578125,-0.09765625,0,0.048828125,-0.537109375,0.20751953125,0.20751953125,-0.4150390625,0.30517578125,0.23193359375,0.2197265625,1.06201171875,0.06103515625,0.244140625,0.0732421875,0.1953125,0.3173828125,0.3173828125,-0.0732421875,0.8056640625,-0.1708984375,0.01220703125,0.23193359375,1.33056640625,0,-0.98876953125,0.0244140625,-0.35400390625,-0.1708984375,-0.9521484375,-0.18310546875,-0.74462890625,-0.15869140625,-1.220703125,0.06103515625,-0.244140625,-0.1220703125,-0.28076171875,0.30517578125,-1.11083984375,-0.13427734375,2.33154296875,-0.0732421875,2.392578125,-0.01220703125,1.57470703125,-0.08544921875,5.46875,-0.06103515625,-0.72021484375,0.10986328125,-1.46484375,-0.0732421875,-1.06201171875,-0.18310546875,0.37841796875,0.03662109375,0.3662109375,-0.03662109375,-0.0244140625,-0.06103515625,-0.09765625,-0.01220703125,0.146484375,-0.1220703125,0,-0.1220703125,0.87890625,-0.06103515625,-0.50048828125,-0.06103515625,-0.50048828125
0,-0.0244140625,-0.3173828125,-0.1220703125,-0.3662109375,0.1220703125,-0.35400390625,0,-0.0732421875,-0.01220703125,-0.06103515625,-0.0244140625,-0.89111328125,0.1220703125,1.11083984375,-0.2197265625,-0.29296875,0,-0.72021484375,-0.23193359375,-0.25634765625,-0.146484375,0.732421875,-0.1953125,-0.87890625,-0.01220703125,-0.2197265625,0.13427734375,-0.78125,0.048828125,0.9033203125,0.0732421875,0.2197265625,-0.93994140625,-0.18310546875,-0.29296875,-0.91552734375,-0.08544921875,-0.47607421875,-0.25634765625,-0.76904296875,-0.29296875,-0.2197265625,-0.0732421875,-0.634765625,-0.048828125,-0.32958984375,-0.18310546875,0.67138671875,-0.2685546875,1.123046875,-0.0732421875,0.52490234375,-0.1708984375,-0.15869140625,0.0732421875,0.74462890625,-0.28076171875,-0.74462890625,0.0732421875,-0.244140625,-0.47607421875,-0.09765625,0.2197265625,-0.8056640625,0.3173828125,0.2197265625,0.28076171875,1.0498046875,0.06103515625,0.25634765625,0.0732421875,0.1953125,0.37841796875,0.3173828125,-0.13427734375,0.830078125,-0.1953125,0.03662109375,0.25634765625,1.33056640625,0,-0.96435546875,0.0244140625,-0.341796875,-0.244140625,-0.9765625,-0.03662109375,-0.7568359375,-0.1708984375,-1.23291015625,0.0244140625,-0.25634765625,-0.146484375,-0.29296875,0.18310546875,-1.123046875,-0.13427734375,2.1484375,-0.01220703125,2.2216796875,-0.01220703125,1.42822265625,0.0244140625,5.16357421875,-0.08544921875,-0.7080078125,0.06103515625,-1.46484375,-0.0732421875,-1.06201171875,-0.1708984375,0.390625,0.01220703125,0.35400390625,-0.03662109375,-0.03662109375,-0.0732421875,-0.10986328125,0.01220703125,0.13427734375,-0.10986328125,0,-0.1220703125,0.87890625,-0.0732421875,-0.5126953125,-0.03662109375,-0.50048828125
0,-0.0244140625,-0.341796875,-0.13427734375,-0.35400390625,0.1708984375,-0.390625,0.01220703125,-0.06103515625,0.0244140625,-0.06103515625,-0.0244140625,-0.89111328125,0.09765625,1.11083984375,-0.1953125,-0.29296875,-0.0732421875,-0.7080078125,-0.23193359375,-0.25634765625,-0.244140625,0.7568359375,-0.244140625,-0.87890625,-0.06103515625,-0.1953125,0.23193359375,-0.76904296875,0.048828125,0.86669921875,0.10986328125,0.2197265625,-0.830078125,-0.18310546875,-0.28076171875,-0.9521484375,-0.048828125,-0.439453125,-0.20751953125,-0.7568359375,-0.18310546875,-0.20751953125,-0.13427734375,-0.64697265625,-0.10986328125,-0.32958984375,-0.2197265625,0.67138671875,-0.18310546875,1.1474609375,-0.13427734375,0.47607421875,-0.29296875,-0.1708984375,0.08544921875,0.72021484375,-0.3173828125,-1.220703125,0.10986328125,-0.47607421875,-0.32958984375,-0.35400390625,0.2197265625,-1.0986328125,0.35400390625,0.2197265625,0.29296875,1.06201171875,0.0732421875,0.2685546875,0.06103515625,0.18310546875,0.37841796875,0.30517578125,-0.18310546875,0.830078125,-0.1953125,0.06103515625,0.28076171875,1.3427734375,0,-0.98876953125,0.01220703125,-0.32958984375,-0.28076171875,-0.98876953125,0.09765625,-0.732421875,-0.20751953125,-1.23291015625,-0.03662109375,-0.25634765625,-0.13427734375,-0.25634765625,0.03662109375,-1.13525390625,-0.10986328125,1.91650390625,0.03662109375,2.0263671875,-0.01220703125,1.26953125,0.146484375,4.78515625,-0.09765625,-0.69580078125,-0.0244140625,-1.47705078125,-0.08544921875,-1.0498046875,-0.18310546875,0.40283203125,-0.01220703125,0.341796875,-0.01220703125,-0.03662109375,-0.08544921875,-0.09765625,0.0244140625,0.13427734375,-0.146484375,0.01220703125,-0.10986328125,0.81787109375,-0.048828125,-0.50048828125,-0.03662109375,-0.50048828125
0,-0.048828125,-0.32958984375,-0.13427734375,-0.37841796875,0.20751953125,-0.3662109375,-0.0244140625,-0.06103515625,0.0244140625,-0.048828125,-0.048828125,-0.91552734375,0.0732421875,1.123046875,-0.146484375,-0.30517578125,-0.1220703125,-0.72021484375,-0.20751953125,-0.2197265625,-0.28076171875,0.7568359375,-0.2685546875,-0.9033203125,-0.09765625,-0.1220703125,0.2685546875,-0.76904296875,0.03662109375,0.86669921875,0.08544921875,0.2197265625,-0.6591796875,-0.20751953125,-0.28076171875,-0.9765625,0.03662109375,-0.439453125,-0.15869140625,-0.7568359375,-0.0732421875,-0.20751953125,-0.09765625,-0.67138671875,-0.146484375,-0.35400390625,-0.25634765625,0.6591796875,-0.10986328125,1.18408203125,-0.2197265625,0.45166015625,-0.3662109375,-0.15869140625,0.06103515625,0.72021484375,-0.3662109375,-1.37939453125,0.1708984375,-0.52490234375,-0.1708984375,-0.439453125,0.25634765625,-1.20849609375,0.341796875,0.2197265625,0.29296875,1.06201171875,0.08544921875,0.2685546875,0.03662109375,0.18310546875,0.3662109375,0.29296875,-0.23193359375,0.81787109375,-0.1953125,0.0732421875,0.2685546875,1.33056640625,0,-0.9765625,-0.01220703125,-0.341796875,-0.23193359375,-1.0009765625,0.13427734375,-0.76904296875,-0.244140625,-1.220703125,-0.0244140625,-0.2685546875,-0.09765625,-0.2685546875,-0.10986328125,-1.1474609375,-0.09765625,1.67236328125,-0.01220703125,1.7822265625,-0.0732421875,1.0498046875,0.0732421875,4.248046875,-0.06103515625,-0.69580078125,-0.0732421875,-1.4892578125,-0.13427734375,-1.06201171875,-0.20751953125,0.42724609375,-0.048828125,0.32958984375,0.01220703125,-0.03662109375,-0.0732421875,-0.0732421875,0.0244140625,0.10986328125,-0.146484375,0.01220703125,-0.08544921875,0.78125,-0.0732421875,-0.54931640625,0.01220703125,-0.48828125
0,-0.06103515625,-0.341796875,-0.146484375,-0.35400390625,0.25634765625,-0.37841796875,0.01220703125,-0.048828125,0.0244140625,-0.03662109375,-0.0732421875,-0.9033203125,0.09765625,1.123046875,-0.15869140625,-0.2685546875,-0.146484375,-0.72021484375,-0.20751953125,-0.2197265625,-0.1953125,0.76904296875,-0.28076171875,-0.87890625,-0.08544921875,-0.08544921875,0.244140625,-0.79345703125,-0.0244140625,0.8544921875,0.146484375,0.23193359375,-0.37841796875,-0.2685546875,-0.244140625,-0.96435546875,0.0732421875,-0.42724609375,-0.0732421875,-0.76904296875,0.03662109375,-0.18310546875,-0.03662109375,-0.6591796875,-0.08544921875,-0.4150390625,-0.25634765625,0.6591796875,-0.0244140625,1.18408203125,-0.2685546875,0.439453125,-0.4150390625,-0.18310546875,0.03662109375,0.7080078125,-0.4150390625,-1.2939453125,0.1708984375,-0.439453125,-0.09765625,-0.40283203125,0.3173828125,-1.13525390625,0.3662109375,0.2197265625,0.244140625,1.06201171875,0.10986328125,0.25634765625,-0.0244140625,0.1708984375,0.32958984375,0.2685546875,-0.25634765625,0.8056640625,-0.146484375,0.08544921875,0.25634765625,1.30615234375,0.0244140625,-0.9521484375,-0.01220703125,-0.32958984375,-0.10986328125,-1.01318359375,0.1220703125,-0.76904296875,-0.28076171875,-1.2451171875,-0.03662109375,-0.29296875,-0.146484375,-0.2685546875,-0.1708984375,-1.171875,0,1.3916015625,0,1.513671875,-0.09765625,0.81787109375,0.1953125,3.55224609375,-0.01220703125,-0.69580078125,-0.10986328125,-1.46484375,-0.13427734375,-1.06201171875,-0.20751953125,0.4150390625,-0.06103515625,0.3173828125,0.0244140625,-0.01220703125,-0.0732421875,-0.0732421875,0.0244140625,0.1220703125,-0.146484375,0,-0.13427734375,0.76904296875,-0.09765625,-0.5615234375,0.01220703125,-0.5126953125
0,-0.08544921875,-0.3173828125,-0.15869140625,-0.341796875,0.2685546875,-0.37841796875,0.01220703125,-0.048828125,0.048828125,-0.01220703125,-0.06103515625,-0.91552734375,0.0732421875,1.13525390625,-0.13427734375,-0.25634765625,-0.1220703125,-0.74462890625,-0.20751953125,-0.2197265625,-0.08544921875,0.76904296875,-0.25634765625,-0.87890625,-0.08544921875,-0.01220703125,0.15869140625,-0.8056640625,-0.08544921875,0.86669921875,0.13427734375,0.2197265625,-0.146484375,-0.3173828125,-0.1708984375,-0.93994140625,0.09765625,-0.4150390625,0,-0.74462890625,0.10986328125,-0.18310546875,0.09765625,-0.634765625,-0.06103515625,-0.4638671875,-0.25634765625,0.67138671875,0.08544921875,1.18408203125,-0.29296875,0.42724609375,-0.50048828125,-0.1953125,-0.03662109375,0.7080078125,-0.439453125,-0.9521484375,0.15869140625,-0.244140625,-0.048828125,-0.23193359375,0.3662109375,-0.8544921875,0.390625,0.20751953125,0.1708984375,1.07421875,0.10986328125,0.244140625,-0.03662109375,0.15869140625,0.2685546875,0.23193359375,-0.23193359375,0.8056640625,-0.09765625,0.0732421875,0.1953125,1.318359375,0.0244140625,-0.96435546875,0.01220703125,-0.32958984375,0.06103515625,-1.01318359375,0.048828125,-0.79345703125,-0.30517578125,-1.2451171875,0,-0.29296875,-0.1708984375,-0.28076171875,-0.20751953125,-1.15966796875,0.0732421875,1.03759765625,-0.048828125,1.15966796875,-0.146484375,0.52490234375,0.1953125,2.734375,0.03662109375,-0.69580078125,-0.1220703125,-1.46484375,-0.1220703125,-1.0498046875,-0.18310546875,0.40283203125,-0.08544921875,0.30517578125,0.01220703125,0,-0.0732421875,-0.08544921875,0.0244140625,0.1220703125,-0.146484375,0.01220703125,-0.13427734375,0.74462890625,-0.10986328125,-0.52490234375,0.0244140625,-0.50048828125
0,-0.048828125,-0.3173828125,-0.1708984375,-0.35400390625,0.29296875,-0.40283203125,0,-0.048828125,0.048828125,0,-0.08544921875,-0.93994140625,0.06103515625,1.123046875,-0.13427734375,-0.2197265625,-0.06103515625,-0.7568359375,-0.20751953125,-0.2197265625,0.0244140625,0.7568359375,-0.1953125,-0.84228515625,-0.048828125,0.048828125,0.03662109375,-0.81787109375,-0.1220703125,0.86669921875,0.09765625,0.2197265625,-0.01220703125,-0.32958984375,-0.1220703125,-0.927734375,0.13427734375,-0.4150390625,0.01220703125,-0.74462890625,0.15869140625,-0.1953125,0.2197265625,-0.62255859375,-0.01220703125,-0.45166015625,-0.25634765625,0.67138671875,0.0732421875,1.18408203125,-0.32958984375,0.439453125,-0.537109375,-0.2197265625,-0.146484375,0.68359375,-0.4150390625,-0.4150390625,0.10986328125,0.048828125,-0.06103515625,0.048828125,0.3662109375,-0.48828125,0.37841796875,0.1953125,0.13427734375,1.06201171875,0.1220703125,0.20751953125,-0.1220703125,0.15869140625,0.20751953125,0.244140625,-0.25634765625,0.8056640625,-0.048828125,0.0732421875,0.1708984375,1.33056640625,0.0244140625,-0.96435546875,0.03662109375,-0.3173828125,0.1953125,-1.0009765625,-0.0244140625,-0.78125,-0.35400390625,-1.25732421875,0.03662109375,-0.29296875,-0.25634765625,-0.30517578125,-0.15869140625,-1.20849609375,0.13427734375,0.67138671875,-0.06103515625,0.8056640625,-0.1708984375,0.20751953125,0.23193359375,1.85546875,0.08544921875,-0.7080078125,-0.08544921875,-1.46484375,-0.1220703125,-1.0498046875,-0.18310546875,0.390625,-0.1220703125,0.3173828125,0.0244140625,0.0244140625,-0.06103515625,-0.10986328125,0.01220703125,0.13427734375,-0.13427734375,0,-0.146484375,0.7568359375,-0.13427734375,-0.54931640625,0.06103515625,-0.50048828125
0,-0.0244140625,-0.3173828125,-0.1953125,-0.37841796875,0.30517578125,-0.390625,0,-0.048828125,0.08544921875,-0.01220703125,-0.09765625,-0.91552734375,0.06103515625,1.1474609375,-0.1220703125,-0.23193359375,0.01220703125,-0.76904296875,-0.20751953125,-0.244140625,0.15869140625,0.78125,-0.1220703125,-0.84228515625,0,0.09765625,-0.08544921875,-0.81787109375,-0.15869140625,0.89111328125,-0.0244140625,0.2197265625,0.03662109375,-0.35400390625,-0.01220703125,-0.9033203125,0.15869140625,-0.4150390625,0.06103515625,-0.732421875,0.1953125,-0.18310546875,0.28076171875,-0.634765625,-0.01220703125,-0.42724609375,-0.18310546875,0.69580078125,0.03662109375,1.171875,-0.32958984375,0.439453125,-0.537109375,-0.2197265625,-0.29296875,0.68359375,-0.35400390625,0.18310546875,0.0732421875,0.341796875,0.01220703125,0.37841796875,0.341796875,-0.06103515625,0.35400390625,0.2197265625,0.03662109375,1.08642578125,0.1220703125,0.1953125,-0.1708984375,0.15869140625,0.146484375,0.25634765625,-0.244140625,0.81787109375,0,0.06103515625,0.15869140625,1.3427734375,0.0244140625,-0.9521484375,0.06103515625,-0.32958984375,0.2685546875,-0.9765625,-0.08544921875,-0.8056640625,-0.35400390625,-1.26953125,0.03662109375,-0.28076171875,-0.37841796875,-0.35400390625,-0.0244140625,-1.20849609375,0.1708984375,0.2685546875,-0.01220703125,0.42724609375,-0.13427734375,-0.08544921875,0.2197265625,1.03759765625,0.03662109375,-0.7568359375,-0.048828125,-1.47705078125,-0.1220703125,-1.0498046875,-0.18310546875,0.37841796875,-0.1220703125,0.3173828125,0.03662109375,0.0244140625,-0.0732421875,-0.10986328125,0.01220703125,0.13427734375,-0.13427734375,0,-0.13427734375,0.7568359375,-0.146484375,-0.537109375,0.08544921875,-0.50048828125
0,-0.01220703125,-0.30517578125,-0.20751953125,-0.35400390625,0.29296875,-0.390625,-0.01220703125,-0.0244140625,0.09765625,0,-0.10986328125,-0.89111328125,0.048828125,1.1474609375,-0.09765625,-0.244140625,0.08544921875,-0.76904296875,-0.2197265625,-0.25634765625,0.2197265625,0.79345703125,-0.10986328125,-0.830078125,0.0732421875,0.18310546875,-0.18310546875,-0.8056640625,-0.23193359375,0.9033203125,-0.1708984375,0.20751953125,0.048828125,-0.35400390625,0.06103515625,-0.89111328125,0.1708984375,-0.40283203125,0.0732421875,-0.732421875,0.18310546875,-0.18310546875,0.390625,-0.62255859375,0.048828125,-0.390625,-0.10986328125,0.7080078125,-0.01220703125,1.13525390625,-0.3173828125,0.45166015625,-0.5615234375,-0.1953125,-0.390625,0.69580078125,-0.3173828125,0.74462890625,0.03662109375,0.634765625,0.048828125,0.67138671875,0.40283203125,0.341796875,0.3173828125,0.244140625,-0.048828125,1.06201171875,0.0732421875,0.2197265625,-0.1953125,0.18310546875,0.06103515625,0.28076171875,-0.23193359375,0.81787109375,0.06103515625,0.048828125,0.09765625,1.35498046875,0.048828125,-0.9765625,0.08544921875,-0.341796875,0.28076171875,-0.98876953125,-0.0732421875,-0.8056640625,-0.30517578125,-1.30615234375,0.08544921875,-0.2685546875,-0.439453125,-0.35400390625,0.1220703125,-1.1962890625,0.048828125,-0.06103515625,-0.01220703125,0.1220703125,-0.18310546875,-0.341796875,0.13427734375,0.42724609375,0.01220703125,-0.78125,0.048828125,-1.47705078125,-0.146484375,-1.06201171875,-0.1953125,0.390625,-0.1953125,0.30517578125,0.06103515625,0.03662109375,-0.06103515625,-0.1220703125,0.01220703125,0.13427734375,-0.1220703125,0,-0.15869140625,0.7568359375,-0.15869140625,-0.54931640625,0.10986328125,-0.50048828125
0,0,-0.3173828125,-0.2197265625,-0.341796875,0.29296875,-0.390625,-0.01220703125,-0.03662109375,0.10986328125,0,-0.13427734375,-0.9033203125,0.06103515625,1.1474609375,-0.09765625,-0.23193359375,0.13427734375,-0.78125,-0.18310546875,-0.25634765625,0.2685546875,0.78125,-0.0732421875,-0.81787109375,0.10986328125,0.23193359375,-0.2685546875,-0.78125,-0.244140625,0.89111328125,-0.244140625,0.2197265625,0.0244140625,-0.3173828125,0.10986328125,-0.86669921875,0.15869140625,-0.4150390625,0.048828125,-0.74462890625,0.20751953125,-0.1953125,0.3173828125,-0.62255859375,0.18310546875,-0.341796875,-0.0244140625,0.69580078125,-0.08544921875,1.11083984375,-0.1953125,0.48828125,-0.537109375,-0.18310546875,-0.4638671875,0.7080078125,-0.18310546875,1.1474609375,0.09765625,0.830078125,0.10986328125,0.927734375,0.45166015625,0.6591796875,0.2685546875,0.2685546875,-0.10986328125,1.08642578125,0.048828125,0.20751953125,-0.20751953125,0.23193359375,-0.0244140625,0.3173828125,-0.23193359375,0.81787109375,0.08544921875,0.0244140625,0.06103515625,1.35498046875,0.08544921875,-0.98876953125,0.1220703125,-0.35400390625,0.1953125,-0.98876953125,-0.03662109375,-0.79345703125,-0.25634765625,-1.33056640625,0.08544921875,-0.25634765625,-0.45166015625,-0.37841796875,0.20751953125,-1.20849609375,-0.048828125,-0.28076171875,0.01220703125,-0.0244140625,-0.15869140625,-0.47607421875,0.146484375,0.146484375,-0.03662109375,-0.79345703125,0.15869140625,-1.47705078125,-0.15869140625,-1.0498046875,-0.2197265625,0.390625,-0.1953125,0.3173828125,0.08544921875,0.0732421875,-0.08544921875,-0.13427734375,-0.01220703125,0.13427734375,-0.1220703125,-0.0244140625,-0.15869140625,0.7568359375,-0.146484375,-0.537109375,0.13427734375,-0.47607421875
0,-0.0244140625,-0.29296875,-0.244140625,-0.35400390625,0.30517578125,-0.40283203125,0,-0.08544921875,0.13427734375,-0.01220703125,-0.146484375,-0.87890625,0.03662109375,1.15966796875,-0.09765625,-0.25634765625,0.1708984375,-0.76904296875,-0.10986328125,-0.2685546875,0.32958984375,0.79345703125,-0.048828125,-0.81787109375,0.08544921875,0.2685546875,-0.29296875,-0.78125,-0.23193359375,0.927734375,-0.32958984375,0.2197265625,-0.01220703125,-0.30517578125,0.10986328125,-0.89111328125,0.10986328125,-0.42724609375,0.048828125,-0.74462890625,0.2197265625,-0.1708984375,0.35400390625,-0.634765625,0.2197265625,-0.32958984375,0.0244140625,0.7080078125,-0.1220703125,1.0986328125,-0.15869140625,0.50048828125,-0.5126953125,-0.15869140625,-0.47607421875,0.732421875,-0.28076171875,1.3427734375,-0.0244140625,0.91552734375,0.06103515625,1.03759765625,0.341796875,0.830078125,0.23193359375,0.29296875,-0.20751953125,1.07421875,0.01220703125,0.23193359375,-0.1953125,0.244140625,-0.13427734375,0.32958984375,-0.18310546875,0.81787109375,0.10986328125,0.03662109375,0.03662109375,1.37939453125,0.1220703125,-0.98876953125,0.13427734375,-0.35400390625,0.06103515625,-0.96435546875,0.048828125,-0.78125,-0.18310546875,-1.37939453125,0.09765625,-0.244140625,-0.40283203125,-0.37841796875,0.23193359375,-1.20849609375,-0.1220703125,-0.2685546875,0.03662109375,0.01220703125,-0.10986328125,-0.47607421875,0.03662109375,0.29296875,-0.048828125,-0.76904296875,0.2197265625,-1.47705078125,-0.1953125,-1.07421875,-0.18310546875,0.390625,-0.20751953125,0.30517578125,0.10986328125,0.048828125,-0.0732421875,-0.1220703125,-0.01220703125,0.146484375,-0.146484375,-0.048828125,-0.18310546875,0.7568359375,-0.146484375,-0.54931640625,0.146484375,-0.48828125
0,-0.03662109375,-0.29296875,-0.2197265625,-0.35400390625,0.30517578125,-0.40283203125,0,-0.06103515625,0.146484375,0,-0.13427734375,-0.87890625,0.0244140625,1.13525390625,-0.09765625,-0.28076171875,0.20751953125,-0.7568359375,-0.01220703125,-0.2685546875,0.28076171875,0.79345703125,0,-0.84228515625,0.03662109375,0.28076171875,-0.244140625,-0.7568359375,-0.18310546875,0.91552734375,-0.32958984375,0.2197265625,-0.048828125,-0.28076171875,0.048828125,-0.87890625,0.048828125,-0.42724609375,-0.01220703125,-0.7568359375,0.244140625,-0.1953125,0.2685546875,-0.6591796875,0.2197265625,-0.30517578125,0.048828125,0.68359375,-0.146484375,1.0986328125,-0.2197265625,0.50048828125,-0.50048828125,-0.146484375,-0.42724609375,0.72021484375,-0.28076171875,1.33056640625,0.01220703125,0.91552734375,0.048828125,1.0498046875,0.3662109375,0.84228515625,0.1708984375,0.3173828125,-0.2685546875,1.07421875,-0.048828125,0.2197265625,-0.1708984375,0.244140625,-0.2197265625,0.32958984375,-0.18310546875,0.81787109375,0.10986328125,-0.01220703125,0.048828125,1.3671875,0.1708984375,-1.0009765625,0.1220703125,-0.3662109375,-0.09765625,-0.9521484375,0.146484375,-0.76904296875,-0.1220703125,-1.45263671875,0.08544921875,-0.244140625,-0.25634765625,-0.390625,0.2197265625,-1.18408203125,-0.2197265625,-0.048828125,-0.03662109375,0.28076171875,-0.1220703125,-0.2685546875,-0.01220703125,0.9033203125,-0.01220703125,-0.7568359375,0.28076171875,-1.4892578125,-0.1708984375,-1.07421875,-0.1708984375,0.37841796875,-0.2197265625,0.3173828125,0.10986328125,0.03662109375,-0.0732421875,-0.09765625,0.0244140625,0.146484375,-0.146484375,-0.048828125,-0.15869140625,0.7568359375,-0.146484375,-0.52490234375,0.1708984375,-0.52490234375
0,-0.06103515625,-0.30517578125,-0.2685546875,-0.3662109375,0.3173828125,-0.390625,0.01220703125,-0.08544921875,0.146484375,-0.01220703125,-0.13427734375,-0.87890625,0.03662109375,1.1474609375,-0.09765625,-0.29296875,0.15869140625,-0.732421875,0.06103515625,-0.2685546875,0.23193359375,0.79345703125,0.0732421875,-0.830078125,-0.03662109375,0.2685546875,-0.20751953125,-0.7568359375,-0.1220703125,0.91552734375,-0.28076171875,0.244140625,-0.048828125,-0.28076171875,-0.0732421875,-0.9033203125,-0.01220703125,-0.47607421875,-0.048828125,-0.7568359375,0.25634765625,-0.1953125,0.23193359375,-0.64697265625,0.1708984375,-0.32958984375,0.048828125,0.67138671875,-0.18310546875,1.11083984375,-0.18310546875,0.48828125,-0.47607421875,-0.13427734375,-0.390625,0.732421875,-0.1953125,1.08642578125,0.0732421875,0.830078125,0.01220703125,0.98876953125,0.37841796875,0.72021484375,0.09765625,0.29296875,-0.29296875,1.07421875,-0.0732421875,0.2197265625,-0.146484375,0.244140625,-0.29296875,0.30517578125,-0.146484375,0.8056640625,0.09765625,-0.01220703125,0.0732421875,1.35498046875,0.1953125,-0.98876953125,0.10986328125,-0.341796875,-0.2197265625,-0.9765625,0.20751953125,-0.76904296875,-0.0732421875,-1.513671875,0.06103515625,-0.244140625,-0.09765625,-0.3662109375,0.13427734375,-1.18408203125,-0.23193359375,0.42724609375,-0.09765625,0.76904296875,-0.08544921875,0.146484375,0.10986328125,1.96533203125,0.01220703125,-0.69580078125,0.2685546875,-1.47705078125,-0.15869140625,-1.08642578125,-0.146484375,0.390625,-0.23193359375,0.32958984375,0.09765625,0.0244140625,-0.0732421875,-0.0732421875,0.03662109375,0.15869140625,-0.13427734375,-0.06103515625,-0.15869140625,0.7568359375,-0.146484375,-0.537109375,0.18310546875,-0.5126953125
1,-0.06103515625,-0.30517578125,-0.2685546875,-0.37841796875,0.3173828125,-0.390625,0.0244140625,-0.08544921875,0.13427734375,-0.01220703125,-0.13427734375,-0.86669921875,0.01220703125,1.1474609375,-0.10986328125,-0.29296875,0.0732421875,-0.7080078125,0.13427734375,-0.25634765625,0.146484375,0.79345703125,0.15869140625,-0.8544921875,-0.09765625,0.25634765625,-0.10986328125,-0.74462890625,-0.08544921875,0.9033203125,-0.15869140625,0.2197265625,-0.048828125,-0.28076171875,-0.244140625,-0.91552734375,-0.06103515625,-0.4638671875,-0.09765625,-0.7568359375,0.25634765625,-0.18310546875,0.1708984375,-0.634765625,0.1953125,-0.32958984375,-0.01220703125,0.67138671875,-0.1953125,1.123046875,-0.1708984375,0.47607421875,-0.4150390625,-0.10986328125,-0.341796875,0.72021484375,-0.3173828125,0.7568359375,0.0244140625,0.68359375,-0.13427734375,0.84228515625,0.244140625,0.57373046875,0.08544921875,0.29296875,-0.32958984375,1.06201171875,-0.10986328125,0.2197265625,-0.08544921875,0.2197265625,-0.390625,0.29296875,-0.09765625,0.78125,0.06103515625,-0.0244140625,0.15869140625,1.3427734375,0.1953125,-1.0009765625,0.10986328125,-0.32958984375,-0.25634765625,-0.96435546875,0.1953125,-0.7568359375,-0.048828125,-1.52587890625,0.0244140625,-0.23193359375,0.0244140625,-0.3662109375,0.0732421875,-1.18408203125,-0.20751953125,1.13525390625,-0.13427734375,1.513671875,-0.03662109375,0.72021484375,0.03662109375,3.45458984375,0.0732421875,-0.634765625,0.20751953125,-1.4892578125,-0.146484375,-1.07421875,-0.1220703125,0.390625,-0.1953125,0.32958984375,0.08544921875,0.01220703125,-0.0732421875,-0.0732421875,0.06103515625,0.146484375,-0.13427734375,-0.0732421875,-0.146484375,0.78125,-0.1220703125,-0.537109375,0.1953125,-0.52490234375
1,-0.08544921875,-0.341796875,-0.28076171875,-0.3662109375,0.32958984375,-0.37841796875,0.01220703125,-0.06103515625,0.1220703125,-0.0244140625,-0.13427734375,-0.87890625,0.0244140625,1.1474609375,-0.06103515625,-0.2685546875,0,-0.68359375,0.1220703125,-0.25634765625,0.0732421875,0.78125,0.28076171875,-0.8544921875,-0.18310546875,0.23193359375,-0.01220703125,-0.76904296875,-0.06103515625,0.89111328125,-0.01220703125,0.2197265625,0.0244140625,-0.25634765625,-0.439453125,-0.927734375,-0.0732421875,-0.45166015625,-0.18310546875,-0.7568359375,0.1953125,-0.18310546875,0.1220703125,-0.6591796875,0.20751953125,-0.29296875,0.03662109375,0.68359375,-0.20751953125,1.1474609375,-0.10986328125,0.4638671875,-0.3662109375,-0.1220703125,-0.244140625,0.74462890625,-0.32958984375,0.439453125,0.06103515625,0.5615234375,-0.06103515625,0.7080078125,0.20751953125,0.3662109375,0.06103515625,0.29296875,-0.341796875,1.03759765625,-0.10986328125,0.2197265625,-0.06103515625,0.2197265625,-0.4150390625,0.244140625,-0.048828125,0.8056640625,0.01220703125,0,0.1708984375,1.33056640625,0.1953125,-1.0009765625,0.0732421875,-0.3173828125,-0.244140625,-0.9765625,0.09765625,-0.74462890625,-0.01220703125,-1.5380859375,-0.0244140625,-0.23193359375,0.08544921875,-0.341796875,-0.01220703125,-1.15966796875,-0.2197265625,2.01416015625,-0.244140625,2.3681640625,-0.08544921875,1.416015625,-0.09765625,5.1513671875,0.15869140625,-0.52490234375,0.09765625,-1.4892578125,-0.13427734375,-1.08642578125,-0.10986328125,0.40283203125,-0.2197265625,0.35400390625,0.08544921875,-0.0244140625,-0.06103515625,-0.0244140625,0.08544921875,0.146484375,-0.13427734375,-0.0732421875,-0.13427734375,0.78125,-0.10986328125,-0.537109375,0.23193359375,-0.5615234375
1,-0.06103515625,-0.32958984375,-0.28076171875,-0.3662109375,0.35400390625,-0.390625,0.0244140625,-0.048828125,0.13427734375,0,-0.146484375,-0.87890625,-0.01220703125,1.15966796875,-0.048828125,-0.2685546875,-0.06103515625,-0.7080078125,0.06103515625,-0.244140625,0.03662109375,0.7568359375,0.32958984375,-0.8544921875,-0.1953125,0.20751953125,0.06103515625,-0.7568359375,-0.048828125,0.87890625,0.146484375,0.244140625,0.0732421875,-0.28076171875,-0.5859375,-0.91552734375,-0.10986328125,-0.45166015625,-0.2197265625,-0.78125,0.10986328125,-0.18310546875,0.146484375,-0.64697265625,0.18310546875,-0.37841796875,0.03662109375,0.64697265625,-0.18310546875,1.1962890625,-0.13427734375,0.439453125,-0.28076171875,-0.146484375,-0.18310546875,0.7080078125,-0.30517578125,0.2197265625,0.09765625,0.50048828125,-0.10986328125,0.62255859375,0.10986328125,0.29296875,0.03662109375,0.28076171875,-0.341796875,1.0498046875,-0.10986328125,0.1953125,-0.03662109375,0.1953125,-0.42724609375,0.244140625,-0.03662109375,0.7568359375,0.01220703125,0,0.18310546875,1.33056640625,0.1953125,-0.9765625,0.048828125,-0.30517578125,-0.15869140625,-1.01318359375,-0.06103515625,-0.74462890625,-0.0244140625,-1.5380859375,-0.0732421875,-0.2197265625,0.08544921875,-0.3173828125,-0.01220703125,-1.15966796875,-0.15869140625,3.0029296875,-0.28076171875,3.28369140625,-0.06103515625,2.18505859375,-0.01220703125,6.94580078125,0.25634765625,-0.42724609375,-0.0244140625,-1.47705078125,-0.146484375,-1.0986328125,-0.10986328125,0.4150390625,-0.1953125,0.35400390625,0.08544921875,-0.03662109375,-0.06103515625,-0.048828125,0.0732421875,0.15869140625,-0.10986328125,-0.06103515625,-0.13427734375,0.81787109375,-0.13427734375,-0.5126953125,0.244140625,-0.52490234375
1,-0.048828125,-0.35400390625,-0.30517578125,-0.3662109375,0.341796875,-0.37841796875,0.0732421875,-0.0244140625,0.15869140625,-0.01220703125,-0.15869140625,-0.87890625,-0.0244140625,1.11083984375,-0.03662109375,-0.244140625,-0.08544921875,-0.69580078125,0,-0.25634765625,0.0244140625,0.7568359375,0.2685546875,-0.84228515625,-0.18310546875,0.15869140625,0.1220703125,-0.78125,-0.06103515625,0.86669921875,0.28076171875,0.2197265625,0.06103515625,-0.3173828125,-0.634765625,-0.91552734375,-0.1708984375,-0.42724609375,-0.244140625,-0.74462890625,0.0244140625,-0.18310546875,0.244140625,-0.64697265625,0,-0.439453125,0.03662109375,0.68359375,-0.15869140625,1.20849609375,-0.10986328125,0.439453125,-0.1953125,-0.1708984375,-0.09765625,0.7080078125,-0.42724609375,0.18310546875,0,0.54931640625,-0.18310546875,0.64697265625,0.09765625,0.341796875,0,0.28076171875,-0.341796875,1.03759765625,-0.09765625,0.20751953125,-0.03662109375,0.18310546875,-0.4150390625,0.244140625,-0.03662109375,0.78125,0.0244140625,0,0.18310546875,1.30615234375,0.1953125,-0.96435546875,0,-0.3173828125,-0.0244140625,-1.025390625,-0.18310546875,-0.74462890625,0.01220703125,-1.52587890625,-0.1220703125,-0.20751953125,0.0244140625,-0.3173828125,0.0244140625,-1.171875,-0.146484375,3.955078125,-0.341796875,4.19921875,-0.0732421875,2.91748046875,0.0244140625,8.642578125,0.2685546875,-0.29296875,-0.09765625,-1.45263671875,-0.146484375,-1.08642578125,-0.10986328125,0.40283203125,-0.15869140625,0.37841796875,0.09765625,-0.0244140625,-0.0732421875,-0.048828125,0.09765625,0.1708984375,-0.13427734375,-0.06103515625,-0.1220703125,0.830078125,-0.1220703125,-0.50048828125,0.25634765625,-0.537109375
1,-0.01220703125,-0.32958984375,-0.29296875,-0.35400390625,0.3173828125,-0.37841796875,0.10986328125,-0.01220703125,0.146484375,-0.01220703125,-0.15869140625,-0.89111328125,-0.0244140625,1.0986328125,-0.0244140625,-0.23193359375,-0.08544921875,-0.7080078125,-0.08544921875,-0.2685546875,0.01220703125,0.7568359375,0.13427734375,-0.81787109375,-0.146484375,0.13427734375,0.10986328125,-0.81787109375,-0.048828125,0.87890625,0.32958984375,0.2197265625,0.01220703125,-0.32958984375,-0.62255859375,-0.91552734375,-0.1708984375,-0.42724609375,-0.28076171875,-0.7568359375,-0.03662109375,-0.18310546875,0.32958984375,-0.6103515625,-0.0732421875,-0.4638671875,0.09765625,0.7080078125,-0.09765625,1.18408203125,-0.08544921875,0.40283203125,-0.1220703125,-0.1708984375,-0.01220703125,0.72021484375,-0.4150390625,0.37841796875,0.0244140625,0.72021484375,-0.15869140625,0.78125,0.146484375,0.537109375,-0.03662109375,0.29296875,-0.29296875,1.025390625,-0.0244140625,0.20751953125,-0.08544921875,0.20751953125,-0.37841796875,0.23193359375,0.01220703125,0.76904296875,0.048828125,0.0244140625,0.1708984375,1.30615234375,0.18310546875,-0.96435546875,-0.0244140625,-0.29296875,0.09765625,-1.03759765625,-0.30517578125,-0.7568359375,-0.048828125,-1.4892578125,-0.15869140625,-0.2197265625,-0.08544921875,-0.32958984375,0.06103515625,-1.1962890625,-0.1953125,4.833984375,-0.35400390625,4.9560546875,-0.10986328125,3.55224609375,0.10986328125,10.07080078125,0.23193359375,-0.1708984375,-0.1220703125,-1.45263671875,-0.13427734375,-1.07421875,-0.08544921875,0.42724609375,-0.13427734375,0.4150390625,0.08544921875,-0.048828125,-0.06103515625,-0.03662109375,0.0732421875,0.15869140625,-0.13427734375,-0.06103515625,-0.1220703125,0.8544921875,-0.1220703125,-0.48828125,0.2685546875,-0.537109375
1,-0.0244140625,-0.341796875,-0.30517578125,-0.35400390625,0.29296875,-0.37841796875,0.1220703125,-0.0244140625,0.146484375,-0.0244140625,-0.15869140625,-0.89111328125,-0.048828125,1.08642578125,0,-0.23193359375,-0.06103515625,-0.72021484375,-0.15869140625,-0.23193359375,0.01220703125,0.7568359375,-0.03662109375,-0.81787109375,-0.08544921875,0.1220703125,0.048828125,-0.8056640625,0.01220703125,0.9033203125,0.341796875,0.23193359375,-0.09765625,-0.32958984375,-0.537109375,-0.89111328125,-0.20751953125,-0.40283203125,-0.23193359375,-0.74462890625,-0.0732421875,-0.18310546875,0.5126953125,-0.6103515625,-0.146484375,-0.48828125,0.09765625,0.732421875,-0.06103515625,1.15966796875,-0.146484375,0.439453125,-0.048828125,-0.18310546875,0.0244140625,0.72021484375,-0.439453125,0.79345703125,-0.0244140625,0.9765625,-0.32958984375,1.0498046875,0.146484375,0.9033203125,-0.03662109375,0.29296875,-0.25634765625,1.0498046875,0.03662109375,0.2197265625,-0.1220703125,0.18310546875,-0.3173828125,0.25634765625,0.0244140625,0.7568359375,0.03662109375,0.03662109375,0.15869140625,1.318359375,0.15869140625,-0.93994140625,-0.0244140625,-0.29296875,0.18310546875,-1.0498046875,-0.37841796875,-0.7568359375,-0.08544921875,-1.4404296875,-0.1953125,-0.1953125,-0.20751953125,-0.32958984375,0.08544921875,-1.1962890625,-0.18310546875,5.45654296875,-0.29296875,5.5419921875,-0.1220703125,4.052734375,0.1953125,11.1083984375,0.15869140625,-0.0732421875,-0.10986328125,-1.46484375,-0.09765625,-1.06201171875,-0.048828125,0.4150390625,-0.146484375,0.4150390625,0.10986328125,-0.0244140625,-0.0732421875,-0.0244140625,0.0732421875,0.1708984375,-0.146484375,-0.03662109375,-0.13427734375,0.86669921875,-0.1708984375,-0.4638671875,0.23193359375,-0.52490234375
1,0.01220703125,-0.341796875,-0.29296875,-0.35400390625,0.30517578125,-0.390625,0.1220703125,-0.048828125,0.1220703125,-0.0244140625,-0.15869140625,-0.9033203125,-0.048828125,1.07421875,-0.01220703125,-0.244140625,-0.08544921875,-0.74462890625,-0.244140625,-0.23193359375,0,0.7568359375,-0.1953125,-0.81787109375,-0.0244140625,0.06103515625,0.0244140625,-0.79345703125,0.0732421875,0.9033203125,0.3173828125,0.2197265625,-0.25634765625,-0.3173828125,-0.37841796875,-0.87890625,-0.1953125,-0.390625,-0.1708984375,-0.732421875,-0.08544921875,-0.146484375,0.5615234375,-0.6103515625,-0.244140625,-0.45166015625,0.10986328125,0.732421875,0,1.13525390625,-0.23193359375,0.45166015625,0.01220703125,-0.15869140625,0.06103515625,0.74462890625,-0.47607421875,1.2939453125,-0.0732421875,1.33056640625,-0.32958984375,1.35498046875,0.09765625,1.35498046875,-0.0244140625,0.32958984375,-0.18310546875,1.07421875,0.10986328125,0.20751953125,-0.1708984375,0.2197265625,-0.2197265625,0.29296875,0.06103515625,0.7568359375,0.03662109375,0.048828125,0.13427734375,1.318359375,0.1220703125,-0.93994140625,-0.048828125,-0.30517578125,0.18310546875,-1.025390625,-0.341796875,-0.7568359375,-0.146484375,-1.3671875,-0.23193359375,-0.1953125,-0.29296875,-0.3173828125,0.08544921875,-1.1962890625,-0.13427734375,5.82275390625,-0.18310546875,5.84716796875,-0.1220703125,4.33349609375,0.15869140625,11.68212890625,0.0732421875,-0.0244140625,-0.08544921875,-1.46484375,-0.0732421875,-1.0498046875,-0.06103515625,0.4150390625,-0.1220703125,0.42724609375,0.09765625,-0.0244140625,-0.0732421875,-0.0244140625,0.03662109375,0.1708984375,-0.146484375,-0.01220703125,-0.15869140625,0.87890625,-0.1708984375,-0.4638671875,0.25634765625,-0.50048828125
1,0,-0.3173828125,-0.29296875,-0.35400390625,0.3173828125,-0.37841796875,0.13427734375,-0.048828125,0.09765625,-0.03662109375,-0.1953125,-0.91552734375,-0.048828125,1.07421875,0,-0.25634765625,-0.0732421875,-0.76904296875,-0.29296875,-0.2197265625,-0.0732421875,0.76904296875,-0.29296875,-0.8056640625,0.0244140625,0.01220703125,0,-0.79345703125,0.1220703125,0.87890625,0.20751953125,0.20751953125,-0.35400390625,-0.30517578125,-0.1953125,-0.86669921875,-0.18310546875,-0.35400390625,-0.08544921875,-0.732421875,-0.03662109375,-0.146484375,0.5615234375,-0.5859375,-0.35400390625,-0.4150390625,0.13427734375,0.74462890625,0.06103515625,1.123046875,-0.29296875,0.48828125,0.048828125,-0.1953125,0.10986328125,0.732421875,-0.439453125,1.89208984375,-0.03662109375,1.64794921875,-0.35400390625,1.67236328125,0.06103515625,1.8310546875,0.0244140625,0.3173828125,-0.146484375,1.0498046875,0.13427734375,0.20751953125,-0.15869140625,0.244140625,-0.15869140625,0.3173828125,0.03662109375,0.732421875,0,0.03662109375,0.09765625,1.3427734375,0.1220703125,-0.93994140625,-0.048828125,-0.30517578125,0.15869140625,-1.03759765625,-0.2197265625,-0.7568359375,-0.1708984375,-1.318359375,-0.2685546875,-0.20751953125,-0.32958984375,-0.341796875,0.06103515625,-1.220703125,-0.09765625,5.92041015625,-0.1220703125,5.87158203125,-0.18310546875,4.40673828125,0.03662109375,11.7919921875,0,0.01220703125,-0.01220703125,-1.45263671875,-0.10986328125,-1.06201171875,-0.0732421875,0.40283203125,-0.15869140625,0.47607421875,0.0732421875,-0.01220703125,-0.0732421875,-0.01220703125,0.048828125,0.146484375,-0.146484375,0.01220703125,-0.146484375,0.89111328125,-0.18310546875,-0.45166015625,0.244140625,-0.48828125
1,0,-0.30517578125,-0.28076171875,-0.37841796875,0.3173828125,-0.390625,0.146484375,-0.0732421875,0.10986328125,-0.03662109375,-0.1953125,-0.9033203125,-0.06103515625,1.07421875,0,-0.28076171875,-0.08544921875,-0.76904296875,-0.29296875,-0.244140625,-0.146484375,0.76904296875,-0.28076171875,-0.78125,0.0244140625,-0.01220703125,-0.03662109375,-0.8056640625,0.10986328125,0.87890625,0.08544921875,0.20751953125,-0.37841796875,-0.25634765625,-0.06103515625,-0.8544921875,-0.13427734375,-0.341796875,-0.0244140625,-0.72021484375,0.03662109375,-0.1220703125,0.6103515625,-0.59814453125,-0.37841796875,-0.3662109375,0.1708984375,0.74462890625,0.06103515625,1.11083984375,-0.32958984375,0.47607421875,0.09765625,-0.1708984375,0.1220703125,0.7568359375,-0.35400390625,2.33154296875,-0.01220703125,1.89208984375,-0.2685546875,1.9287109375,0.0732421875,2.2216796875,0.08544921875,0.30517578125,-0.10986328125,1.08642578125,0.1708984375,0.23193359375,-0.15869140625,0.244140625,-0.13427734375,0.32958984375,0.048828125,0.7080078125,-0.01220703125,0.03662109375,0.03662109375,1.33056640625,0.10986328125,-0.96435546875,-0.048828125,-0.32958984375,0.09765625,-1.01318359375,-0.048828125,-0.7568359375,-0.13427734375,-1.2451171875,-0.25634765625,-0.20751953125,-0.3173828125,-0.35400390625,0.03662109375,-1.20849609375,-0.03662109375,5.74951171875,-0.09765625,5.6640625,-0.244140625,4.2724609375,-0.0732421875,11.41357421875,-0.048828125,0.048828125,0.0244140625,-1.45263671875,-0.1220703125,-1.025390625,-0.08544921875,0.40283203125,-0.15869140625,0.4638671875,0.10986328125,0.01220703125,-0.08544921875,0,0.0244140625,0.13427734375,-0.146484375,0.03662109375,-0.18310546875,0.86669921875,-0.20751953125,-0.45166015625,0.1953125,-0.4638671875
1,-0.03662109375,-0.3173828125,-0.2685546875,-0.3662109375,0.3173828125,-0.390625,0.15869140625,-0.0732421875,0.1220703125,-0.03662109375,-0.20751953125,-0.9033203125,-0.08544921875,1.07421875,0.01220703125,-0.28076171875,-0.10986328125,-0.74462890625,-0.25634765625,-0.23193359375,-0.244140625,0.7568359375,-0.20751953125,-0.78125,-0.01220703125,-0.03662109375,-0.0732421875,-0.78125,0.06103515625,0.87890625,-0.0732421875,0.1953125,-0.25634765625,-0.2197265625,0.08544921875,-0.8544921875,-0.08544921875,-0.341796875,0,-0.74462890625,0.146484375,-0.1220703125,0.62255859375,-0.59814453125,-0.341796875,-0.32958984375,0.20751953125,0.74462890625,0.08544921875,1.08642578125,-0.23193359375,0.50048828125,0.09765625,-0.18310546875,0.15869140625,0.732421875,-0.30517578125,2.67333984375,0.0732421875,2.0751953125,-0.25634765625,2.13623046875,0.01220703125,2.50244140625,0.146484375,0.30517578125,-0.0732421875,1.06201171875,0.1708984375,0.2197265625,-0.10986328125,0.244140625,-0.08544921875,0.32958984375,0.06103515625,0.732421875,-0.048828125,0.0244140625,0,1.3427734375,0.1220703125,-0.98876953125,-0.048828125,-0.3173828125,0.03662109375,-0.9765625,0.146484375,-0.7568359375,-0.10986328125,-1.1474609375,-0.23193359375,-0.20751953125,-0.20751953125,-0.3662109375,-0.01220703125,-1.1962890625,0,5.35888671875,-0.0732421875,5.23681640625,-0.2685546875,3.955078125,-0.13427734375,10.7177734375,-0.06103515625,0,0.0732421875,-1.46484375,-0.15869140625,-1.03759765625,-0.0732421875,0.4150390625,-0.1953125,0.48828125,0.10986328125,0.01220703125,-0.06103515625,0.01220703125,0.0244140625,0.1220703125,-0.146484375,0.03662109375,-0.1953125,0.8544921875,-0.23193359375,-0.45166015625,0.18310546875,-0.4638671875
1,-0.048828125,-0.3173828125,-0.2685546875,-0.37841796875,0.29296875,-0.390625,0.1220703125,-0.06103515625,0.146484375,-0.01220703125,-0.1953125,-0.9033203125,-0.08544921875,1.0986328125,0.048828125,-0.2685546875,-0.1220703125,-0.732421875,-0.1708984375,-0.244140625,-0.28076171875,0.8056640625,-0.0732421875,-0.76904296875,-0.1220703125,-0.048828125,-0.09765625,-0.78125,0.01220703125,0.87890625,-0.2197265625,0.1953125,-0.01220703125,-0.20751953125,0.1220703125,-0.86669921875,-0.06103515625,-0.3662109375,-0.01220703125,-0.732421875,0.28076171875,-0.1220703125,0.634765625,-0.62255859375,-0.29296875,-0.28076171875,0.20751953125,0.74462890625,0.10986328125,1.0986328125,-0.3173828125,0.48828125,0.0732421875,-0.18310546875,0.146484375,0.74462890625,-0.244140625,2.7587890625,0.1220703125,2.1240234375,-0.30517578125,2.1728515625,-0.01220703125,2.60009765625,0.20751953125,0.28076171875,0.01220703125,1.06201171875,0.15869140625,0.2197265625,-0.06103515625,0.23193359375,-0.03662109375,0.32958984375,0.08544921875,0.72021484375,-0.06103515625,0.01220703125,-0.0732421875,1.3427734375,0.146484375,-0.98876953125,-0.03662109375,-0.3173828125,0.0244140625,-0.9765625,0.25634765625,-0.76904296875,-0.08544921875,-1.0986328125,-0.146484375,-0.23193359375,-0.06103515625,-0.3662109375,-0.09765625,-1.20849609375,0.01220703125,4.8095703125,-0.10986328125,4.6875,-0.23193359375,3.52783203125,-0.20751953125,9.77783203125,-0.01220703125,-0.06103515625,0.10986328125,-1.46484375,-0.1708984375,-1.03759765625,-0.048828125,0.4150390625,-0.18310546875,0.48828125,0.13427734375,0.01220703125,-0.06103515625,0.0244140625,0.0244140625,0.1220703125,-0.1708984375,0.048828125,-0.1953125,0.8544921875,-0.23193359375,-0.4638671875,0.15869140625,-0.47607421875
1,-0.0732421875,-0.29296875,-0.25634765625,-0.3662109375,0.3173828125,-0.390625,0.13427734375,-0.048828125,0.146484375,-0.03662109375,-0.2197265625,-0.9033203125,-0.09765625,1.0986328125,0.0732421875,-0.25634765625,-0.13427734375,-0.72021484375,-0.06103515625,-0.25634765625,-0.28076171875,0.78125,0.0732421875,-0.76904296875,-0.244140625,-0.0732421875,-0.10986328125,-0.78125,-0.08544921875,0.89111328125,-0.35400390625,0.1953125,0.1708984375,-0.2197265625,0.1220703125,-0.89111328125,-0.0244140625,-0.40283203125,0,-0.76904296875,0.37841796875,-0.1708984375,0.634765625,-0.634765625,-0.146484375,-0.28076171875,0.1708984375,0.74462890625,0.0732421875,1.1474609375,-0.23193359375,0.48828125,0.06103515625,-0.18310546875,0.13427734375,0.74462890625,-0.18310546875,2.62451171875,0.1708984375,2.03857421875,-0.2685546875,2.08740234375,-0.048828125,2.5390625,0.2197265625,0.25634765625,0.09765625,1.0498046875,0.1708984375,0.2197265625,0,0.2197265625,0.03662109375,0.3173828125,0.0732421875,0.7080078125,-0.10986328125,0.01220703125,-0.09765625,1.33056640625,0.20751953125,-1.0009765625,-0.03662109375,-0.32958984375,0.048828125,-1.01318359375,0.28076171875,-0.78125,-0.06103515625,-1.01318359375,-0.08544921875,-0.25634765625,0.0732421875,-0.35400390625,-0.15869140625,-1.20849609375,-0.0244140625,4.19921875,-0.1708984375,4.0771484375,-0.1953125,3.01513671875,-0.244140625,8.70361328125,0.09765625,-0.13427734375,0.13427734375,-1.46484375,-0.146484375,-1.06201171875,-0.03662109375,0.40283203125,-0.18310546875,0.48828125,0.08544921875,0.03662109375,-0.0732421875,0.03662109375,0.01220703125,0.1220703125,-0.18310546875,0.048828125,-0.18310546875,0.8544921875,-0.23193359375,-0.48828125,0.146484375,-0.48828125
1,-0.06103515625,-0.3173828125,-0.25634765625,-0.32958984375,0.29296875,-0.40283203125,0.1220703125,-0.048828125,0.1708984375,-0.03662109375,-0.2197265625,-0.9033203125,-0.10986328125,1.08642578125,0.08544921875,-0.25634765625,-0.146484375,-0.72021484375,0.03662109375,-0.23193359375,-0.1953125,0.79345703125,0.1953125,-0.78125,-0.390625,-0.09765625,-0.1708984375,-0.76904296875,-0.20751953125,0.87890625,-0.4150390625,0.20751953125,0.35400390625,-0.25634765625,0.1708984375,-0.87890625,-0.0244140625,-0.45166015625,-0.01220703125,-0.7568359375,0.48828125,-0.18310546875,0.57373046875,-0.6103515625,0.01220703125,-0.25634765625,0.13427734375,0.732421875,-0.01220703125,1.171875,-0.23193359375,0.50048828125,-0.01220703125,-0.18310546875,0.15869140625,0.72021484375,-0.15869140625,2.3193359375,0.20751953125,1.8310546875,-0.2685546875,1.89208984375,-0.0244140625,2.294921875,0.20751953125,0.244140625,0.146484375,1.06201171875,0.15869140625,0.2197265625,0.06103515625,0.2197265625,0.09765625,0.28076171875,0.048828125,0.74462890625,-0.1708984375,0,-0.13427734375,1.33056640625,0.23193359375,-0.98876953125,-0.01220703125,-0.32958984375,0.09765625,-1.0009765625,0.2685546875,-0.76904296875,-0.048828125,-0.927734375,-0.03662109375,-0.28076171875,0.15869140625,-0.341796875,-0.146484375,-1.1962890625,-0.048828125,3.60107421875,-0.2685546875,3.466796875,-0.18310546875,2.5146484375,-0.28076171875,7.6416015625,0.1953125,-0.23193359375,0.13427734375,-1.47705078125,-0.10986328125,-1.0498046875,-0.03662109375,0.4150390625,-0.146484375,0.47607421875,0.06103515625,0.0244140625,-0.06103515625,0.03662109375,0.0244140625,0.10986328125,-0.18310546875,0.03662109375,-0.18310546875,0.84228515625,-0.23193359375,-0.50048828125,0.146484375,-0.50048828125
1,-0.048828125,-0.30517578125,-0.25634765625,-0.3662109375,0.30517578125,-0.40283203125,0.1220703125,-0.03662109375,0.2197265625,-0.048828125,-0.23193359375,-0.89111328125,-0.1220703125,1.11083984375,0.10986328125,-0.25634765625,-0.13427734375,-0.69580078125,0.0732421875,-0.25634765625,-0.08544921875,0.76904296875,0.244140625,-0.79345703125,-0.47607421875,-0.1220703125,-0.20751953125,-0.76904296875,-0.30517578125,0.87890625,-0.390625,0.1953125,0.50048828125,-0.25634765625,0.18310546875,-0.91552734375,0,-0.50048828125,-0.048828125,-0.79345703125,0.537109375,-0.20751953125,0.67138671875,-0.634765625,0.10986328125,-0.29296875,0.2197265625,0.72021484375,-0.0732421875,1.18408203125,-0.1953125,0.4638671875,-0.048828125,-0.1708984375,0.13427734375,0.72021484375,-0.06103515625,1.91650390625,0.30517578125,1.5625,-0.146484375,1.66015625,0.048828125,1.96533203125,0.1953125,0.23193359375,0.2197265625,1.0498046875,0.146484375,0.20751953125,0.09765625,0.2197265625,0.146484375,0.23193359375,0.06103515625,0.74462890625,-0.1953125,0.01220703125,-0.10986328125,1.2939453125,0.25634765625,-0.98876953125,-0.01220703125,-0.3173828125,0.18310546875,-1.025390625,0.146484375,-0.76904296875,-0.01220703125,-0.89111328125,0.01220703125,-0.28076171875,0.1708984375,-0.32958984375,-0.13427734375,-1.18408203125,-0.08544921875,3.0517578125,-0.32958984375,2.91748046875,-0.10986328125,2.0751953125,-0.30517578125,6.70166015625,0.29296875,-0.3173828125,0.1708984375,-1.46484375,-0.08544921875,-1.06201171875,-0.06103515625,0.40283203125,-0.18310546875,0.439453125,0.0732421875,0.0244140625,-0.0732421875,0.0244140625,0.01220703125,0.146484375,-0.1953125,0.0244140625,-0.2197265625,0.830078125,-0.23193359375,-0.48828125,0.1220703125,-0.52490234375
0,-0.03662109375,-0.32958984375,-0.25634765625,-0.3662109375,0.29296875,-0.4150390625,0.1220703125,-0.06103515625,0.23193359375,-0.0732421875,-0.2685546875,-0.91552734375,-0.13427734375,1.13525390625,0.1220703125,-0.2685546875,-0.09765625,-0.68359375,0.08544921875,-0.244140625,0.048828125,0.76904296875,0.244140625,-0.81787109375,-0.52490234375,-0.146484375,-0.25634765625,-0.76904296875,-0.4150390625,0.89111328125,-0.29296875,0.20751953125,0.5615234375,-0.3173828125,0.23193359375,-0.927734375,-0.01220703125,-0.5126953125,-0.08544921875,-0.81787109375,0.5126953125,-0.25634765625,0.6591796875,-0.64697265625,0.1708984375,-0.35400390625,0.18310546875,0.7080078125,-0.13427734375,1.1962890625,-0.09765625,0.45166015625,-0.08544921875,-0.13427734375,0.06103515625,0.732421875,0,1.4892578125,0.28076171875,1.33056640625,-0.1708984375,1.4404296875,0.048828125,1.64794921875,0.18310546875,0.23193359375,0.23193359375,1.03759765625,0.1708984375,0.18310546875,0.1220703125,0.20751953125,0.1953125,0.2197265625,0,0.7568359375,-0.2685546875,0,-0.09765625,1.318359375,0.23193359375,-1.0009765625,-0.03662109375,-0.32958984375,0.2197265625,-1.025390625,-0.06103515625,-0.79345703125,0,-0.830078125,0.03662109375,-0.29296875,0.10986328125,-0.29296875,-0.048828125,-1.1962890625,-0.0732421875,2.64892578125,-0.40283203125,2.50244140625,-0.03662109375,1.6845703125,-0.3173828125,5.908203125,0.32958984375,-0.4150390625,0.1708984375,-1.4404296875,-0.06103515625,-1.07421875,-0.08544921875,0.42724609375,-0.1953125,0.42724609375,0.0732421875,0,-0.0732421875,0,0.0244140625,0.146484375,-0.1953125,0,-0.20751953125,0.8544921875,-0.23193359375,-0.50048828125,0.13427734375,-0.52490234375
0,-0.01220703125,-0.32958984375,-0.244140625,-0.3662109375,0.25634765625,-0.4150390625,0.146484375,-0.0244140625,0.3173828125,-0.06103515625,-0.29296875,-0.9033203125,-0.13427734375,1.11083984375,0.1220703125,-0.25634765625,-0.06103515625,-0.69580078125,0.0732421875,-0.244140625,0.1220703125,0.7568359375,0.1953125,-0.830078125,-0.48828125,-0.1708984375,-0.30517578125,-0.78125,-0.42724609375,0.89111328125,-0.1708984375,0.2197265625,0.537109375,-0.35400390625,0.29296875,-0.91552734375,-0.06103515625,-0.54931640625,-0.146484375,-0.81787109375,0.40283203125,-0.25634765625,0.67138671875,-0.634765625,0.1708984375,-0.42724609375,0.28076171875,0.69580078125,-0.15869140625,1.18408203125,-0.10986328125,0.4638671875,-0.15869140625,-0.15869140625,-0.01220703125,0.7080078125,0.03662109375,1.15966796875,0.390625,1.123046875,-0.146484375,1.28173828125,0.0732421875,1.37939453125,0.1708984375,0.2197265625,0.25634765625,1.0498046875,0.1953125,0.1953125,0.09765625,0.1953125,0.23193359375,0.2197265625,-0.08544921875,0.79345703125,-0.28076171875,0.01220703125,-0.10986328125,1.30615234375,0.20751953125,-0.98876953125,-0.048828125,-0.32958984375,0.2197265625,-1.03759765625,-0.2197265625,-0.8056640625,0.0732421875,-0.78125,0.06103515625,-0.29296875,0.0244140625,-0.29296875,0.0732421875,-1.1962890625,-0.048828125,2.3193359375,-0.390625,2.20947265625,0.0244140625,1.416015625,-0.3173828125,5.28564453125,0.3662109375,-0.48828125,0.18310546875,-1.45263671875,-0.03662109375,-1.08642578125,-0.1220703125,0.42724609375,-0.15869140625,0.390625,0.0732421875,-0.01220703125,-0.0732421875,0,-0.01220703125,0.15869140625,-0.1708984375,0,-0.2197265625,0.87890625,-0.20751953125,-0.5126953125,0.13427734375,-0.5126953125
0,-0.0244140625,-0.32958984375,-0.25634765625,-0.3662109375,0.20751953125,-0.40283203125,0.146484375,-0.03662109375,0.3173828125,-0.048828125,-0.2685546875,-0.89111328125,-0.146484375,1.11083984375,0.1220703125,-0.244140625,-0.01220703125,-0.69580078125,0.048828125,-0.244140625,0.1708984375,0.74462890625,0.15869140625,-0.830078125,-0.439453125,-0.1953125,-0.3173828125,-0.79345703125,-0.37841796875,0.87890625,-0.01220703125,0.20751953125,0.42724609375,-0.37841796875,0.29296875,-0.9033203125,-0.09765625,-0.52490234375,-0.1953125,-0.81787109375,0.2197265625,-0.244140625,0.67138671875,-0.6103515625,0.15869140625,-0.4638671875,0.25634765625,0.72021484375,-0.09765625,1.171875,-0.10986328125,0.47607421875,-0.23193359375,-0.13427734375,-0.0732421875,0.732421875,0.0732421875,0.9765625,0.45166015625,1.01318359375,-0.08544921875,1.1962890625,0.1220703125,1.18408203125,0.18310546875,0.23193359375,0.244140625,1.0498046875,0.1953125,0.20751953125,0.06103515625,0.18310546875,0.23193359375,0.20751953125,-0.146484375,0.8056640625,-0.244140625,-0.01220703125,-0.10986328125,1.318359375,0.15869140625,-1.0009765625,-0.0732421875,-0.32958984375,0.15869140625,-1.025390625,-0.3662109375,-0.81787109375,0.09765625,-0.78125,0.06103515625,-0.28076171875,-0.0244140625,-0.30517578125,0.18310546875,-1.1962890625,-0.0244140625,2.05078125,-0.341796875,1.9775390625,0.08544921875,1.171875,-0.30517578125,4.82177734375,0.3173828125,-0.52490234375,0.15869140625,-1.46484375,-0.01220703125,-1.08642578125,-0.10986328125,0.40283203125,-0.1953125,0.3662109375,0.08544921875,-0.01220703125,-0.0732421875,-0.0244140625,0,0.15869140625,-0.1953125,0,-0.2197265625,0.89111328125,-0.2197265625,-0.50048828125,0.13427734375,-0.48828125
0,-0.01220703125,-0.32958984375,-0.2685546875,-0.3662109375,0.1708984375,-0.40283203125,0.1708984375,-0.06103515625,0.3662109375,-0.03662109375,-0.2685546875,-0.86669921875,-0.15869140625,1.123046875,0.13427734375,-0.23193359375,0,-0.72021484375,0.0244140625,-0.23193359375,0.1708984375,0.732421875,0.09765625,-0.830078125,-0.390625,-0.20751953125,-0.3173828125,-0.81787109375,-0.29296875,0.87890625,0.0732421875,0.1953125,0.2197265625,-0.390625,0.30517578125,-0.89111328125,-0.13427734375,-0.50048828125,-0.20751953125,-0.79345703125,0.06103515625,-0.2197265625,0.69580078125,-0.5859375,0.10986328125,-0.47607421875,0.3173828125,0.74462890625,-0.048828125,1.13525390625,-0.13427734375,0.47607421875,-0.30517578125,-0.146484375,-0.146484375,0.72021484375,0.08544921875,0.9521484375,0.537109375,0.98876953125,-0.0732421875,1.1962890625,0.15869140625,1.11083984375,0.2197265625,0.23193359375,0.1953125,1.03759765625,0.23193359375,0.2197265625,0,0.18310546875,0.2197265625,0.2197265625,-0.23193359375,0.830078125,-0.23193359375,0,-0.13427734375,1.33056640625,0.10986328125,-0.98876953125,-0.06103515625,-0.341796875,0.06103515625,-1.01318359375,-0.37841796875,-0.8056640625,0.146484375,-0.8056640625,-0.01220703125,-0.2685546875,-0.09765625,-0.30517578125,0.30517578125,-1.18408203125,-0.06103515625,1.8310546875,-0.28076171875,1.7822265625,0.1220703125,1.03759765625,-0.2197265625,4.4677734375,0.23193359375,-0.54931640625,0.1220703125,-1.46484375,0.01220703125,-1.07421875,-0.09765625,0.4150390625,-0.18310546875,0.35400390625,0.10986328125,0,-0.0732421875,-0.0244140625,0.01220703125,0.15869140625,-0.1953125,-0.0244140625,-0.2197265625,0.89111328125,-0.1953125,-0.48828125,0.13427734375,-0.48828125
0,-0.048828125,-0.35400390625,-0.2685546875,-0.35400390625,0.1708984375,-0.40283203125,0.146484375,-0.06103515625,0.4150390625,-0.01220703125,-0.28076171875,-0.87890625,-0.1953125,1.08642578125,0.1220703125,-0.2197265625,-0.01220703125,-0.72021484375,-0.03662109375,-0.244140625,0.1220703125,0.72021484375,0.048828125,-0.81787109375,-0.32958984375,-0.23193359375,-0.28076171875,-0.81787109375,-0.13427734375,0.89111328125,0.1220703125,0.18310546875,0.0244140625,-0.3662109375,0.30517578125,-0.8544921875,-0.1953125,-0.50048828125,-0.28076171875,-0.76904296875,-0.0732421875,-0.20751953125,0.6103515625,-0.59814453125,0.0244140625,-0.4638671875,0.3173828125,0.76904296875,-0.01220703125,1.11083984375,-0.1708984375,0.48828125,-0.35400390625,-0.146484375,-0.15869140625,0.732421875,-0.10986328125,1.06201171875,0.4638671875,1.025390625,-0.1220703125,1.26953125,0.08544921875,1.13525390625,0.25634765625,0.20751953125,0.18310546875,1.06201171875,0.25634765625,0.2197265625,-0.08544921875,0.18310546875,0.20751953125,0.2197265625,-0.244140625,0.8544921875,-0.1708984375,0,-0.146484375,1.33056640625,0.048828125,-0.9765625,-0.0732421875,-0.341796875,-0.0732421875,-1.01318359375,-0.3662109375,-0.81787109375,0.1220703125,-0.8544921875,-0.06103515625,-0.2685546875,-0.1220703125,-0.32958984375,0.35400390625,-1.18408203125,-0.1220703125,1.5869140625,-0.1708984375,1.59912109375,0.1220703125,0.86669921875,-0.13427734375,4.1259765625,0.1220703125,-0.52490234375,0.08544921875,-1.4404296875,0.03662109375,-1.07421875,-0.06103515625,0.42724609375,-0.18310546875,0.35400390625,0.09765625,-0.0244140625,-0.0732421875,-0.01220703125,0.0244140625,0.15869140625,-0.1953125,-0.0244140625,-0.20751953125,0.9033203125,-0.18310546875,-0.48828125,0.15869140625,-0.47607421875
0,-0.06103515625,-0.341796875,-0.244140625,-0.35400390625,0.15869140625,-0.390625,0.146484375,-0.03662109375,0.45166015625,-0.01220703125,-0.32958984375,-0.8544921875,-0.20751953125,1.08642578125,0.1220703125,-0.244140625,-0.03662109375,-0.74462890625,-0.0244140625,-0.2197265625,0.048828125,0.72021484375,-0.01220703125,-0.8056640625,-0.28076171875,-0.244140625,-0.23193359375,-0.8056640625,0,0.9033203125,0.10986328125,0.1953125,-0.10986328125,-0.32958984375,0.25634765625,-0.8544921875,-0.1953125,-0.47607421875,-0.3173828125,-0.74462890625,-0.1220703125,-0.18310546875,0.5126953125,-0.5859375,-0.0732421875,-0.439453125,0.29296875,0.78125,0.048828125,1.0986328125,-0.15869140625,0.50048828125,-0.4150390625,-0.18310546875,-0.15869140625,0.74462890625,-0.146484375,1.2451171875,0.52490234375,1.11083984375,0.01220703125,1.33056640625,0.1708984375,1.20849609375,0.2685546875,0.18310546875,0.09765625,1.07421875,0.244140625,0.2197265625,-0.1220703125,0.1708984375,0.15869140625,0.23193359375,-0.29296875,0.86669921875,-0.10986328125,0,-0.15869140625,1.33056640625,0.01220703125,-1.0009765625,-0.08544921875,-0.3662109375,-0.20751953125,-0.98876953125,-0.28076171875,-0.79345703125,0.0732421875,-0.9521484375,-0.146484375,-0.2685546875,-0.08544921875,-0.341796875,0.28076171875,-1.1962890625,-0.2197265625,1.28173828125,-0.13427734375,1.3671875,0.06103515625,0.6591796875,-0.09765625,3.67431640625,0.10986328125,-0.50048828125,-0.01220703125,-1.4892578125,0.03662109375,-1.0498046875,-0.0732421875,0.4150390625,-0.146484375,0.3662109375,0.0732421875,-0.01220703125,-0.0732421875,-0.01220703125,0.048828125,0.146484375,-0.20751953125,0.01220703125,-0.18310546875,0.9033203125,-0.1953125,-0.47607421875,0.13427734375,-0.48828125
0,-0.08544921875,-0.3662109375,-0.1953125,-0.3662109375,0.15869140625,-0.390625,0.146484375,-0.048828125,0.45166015625,-0.01220703125,-0.35400390625,-0.8544921875,-0.2197265625,1.07421875,0.146484375,-0.244140625,-0.09765625,-0.7568359375,-0.0732421875,-0.244140625,-0.06103515625,0.732421875,-0.06103515625,-0.8056640625,-0.2197265625,-0.244140625,-0.146484375,-0.830078125,0.09765625,0.9033203125,0.06103515625,0.1953125,-0.146484375,-0.30517578125,0.18310546875,-0.830078125,-0.1708984375,-0.439453125,-0.35400390625,-0.732421875,-0.0732421875,-0.1708984375,0.5126953125,-0.59814453125,-0.146484375,-0.390625,0.18310546875,0.8056640625,0.09765625,1.08642578125,-0.1953125,0.5126953125,-0.42724609375,-0.1708984375,-0.1953125,0.74462890625,-0.09765625,1.45263671875,0.5859375,1.220703125,0.01220703125,1.40380859375,0.2197265625,1.2939453125,0.244140625,0.1708984375,0.048828125,1.06201171875,0.244140625,0.2197265625,-0.1708984375,0.18310546875,0.10986328125,0.25634765625,-0.30517578125,0.9033203125,-0.06103515625,0.0244140625,-0.18310546875,1.318359375,-0.01220703125,-0.98876953125,-0.0732421875,-0.3662109375,-0.29296875,-0.9765625,-0.1220703125,-0.78125,0.0244140625,-1.0498046875,-0.1953125,-0.244140625,-0.09765625,-0.3662109375,0.18310546875,-1.1962890625,-0.20751953125,0.89111328125,-0.1220703125,1.03759765625,-0.01220703125,0.40283203125,-0.13427734375,3.11279296875,0.09765625,-0.42724609375,-0.0732421875,-1.46484375,0.01220703125,-1.06201171875,-0.06103515625,0.42724609375,-0.15869140625,0.37841796875,0.08544921875,0,-0.0732421875,0,0.06103515625,0.13427734375,-0.20751953125,0.03662109375,-0.146484375,0.89111328125,-0.1708984375,-0.48828125,0.146484375,-0.48828125
0,-0.09765625,-0.35400390625,-0.1953125,-0.35400390625,0.1708984375,-0.40283203125,0.146484375,-0.09765625,0.45166015625,-0.01220703125,-0.390625,-0.86669921875,-0.20751953125,1.06201171875,0.15869140625,-0.28076171875,-0.146484375,-0.74462890625,-0.06103515625,-0.244140625,-0.146484375,0.732421875,-0.1220703125,-0.8056640625,-0.18310546875,-0.2197265625,-0.048828125,-0.81787109375,0.18310546875,0.91552734375,0.03662109375,0.2197265625,-0.08544921875,-0.25634765625,0.0732421875,-0.84228515625,-0.13427734375,-0.45166015625,-0.32958984375,-0.72021484375,-0.0244140625,-0.15869140625,0.4150390625,-0.62255859375,-0.18310546875,-0.35400390625,0.15869140625,0.78125,0.15869140625,1.11083984375,-0.15869140625,0.50048828125,-0.42724609375,-0.1708984375,-0.20751953125,0.7568359375,-0.2197265625,1.5869140625,0.47607421875,1.2451171875,0.01220703125,1.416015625,0.15869140625,1.318359375,0.20751953125,0.146484375,-0.048828125,1.0498046875,0.20751953125,0.244140625,-0.1953125,0.20751953125,0.03662109375,0.25634765625,-0.29296875,0.927734375,0.01220703125,0.01220703125,-0.23193359375,1.33056640625,0,-1.0009765625,-0.06103515625,-0.3662109375,-0.29296875,-0.98876953125,0,-0.7568359375,0,-1.1474609375,-0.2197265625,-0.23193359375,-0.08544921875,-0.3662109375,0.0732421875,-1.1962890625,-0.13427734375,0.390625,-0.06103515625,0.59814453125,-0.06103515625,0.08544921875,-0.09765625,2.38037109375,0.10986328125,-0.390625,-0.13427734375,-1.46484375,-0.01220703125,-1.0498046875,-0.08544921875,0.4150390625,-0.1220703125,0.37841796875,0.09765625,0.01220703125,-0.0732421875,0,0.08544921875,0.1220703125,-0.20751953125,0.03662109375,-0.15869140625,0.87890625,-0.1953125,-0.47607421875,0.1220703125,-0.48828125
0,-0.09765625,-0.341796875,-0.146484375,-0.3662109375,0.1708984375,-0.40283203125,0.15869140625,-0.08544921875,0.45166015625,-0.01220703125,-0.40283203125,-0.87890625,-0.23193359375,1.07421875,0.146484375,-0.29296875,-0.20751953125,-0.74462890625,-0.06103515625,-0.244140625,-0.25634765625,0.72021484375,-0.15869140625,-0.79345703125,-0.1708984375,-0.20751953125,0.0244140625,-0.79345703125,0.1953125,0.9033203125,0.0244140625,0.2197265625,0.08544921875,-0.2197265625,-0.048828125,-0.84228515625,-0.08544921875,-0.45166015625,-0.3173828125,-0.72021484375,0.08544921875,-0.1953125,0.4150390625,-0.634765625,-0.1708984375,-0.3173828125,0.08544921875,0.76904296875,0.20751953125,1.1474609375,-0.1953125,0.48828125,-0.42724609375,-0.18310546875,-0.25634765625,0.7568359375,-0.13427734375,1.611328125,0.54931640625,1.23291015625,0.06103515625,1.3671875,0.29296875,1.26953125,0.15869140625,0.09765625,-0.09765625,1.0498046875,0.15869140625,0.244140625,-0.2197265625,0.18310546875,-0.03662109375,0.25634765625,-0.28076171875,0.91552734375,0.06103515625,0,-0.2685546875,1.30615234375,-0.0244140625,-1.01318359375,-0.08544921875,-0.35400390625,-0.2197265625,-0.98876953125,0.048828125,-0.74462890625,-0.0244140625,-1.25732421875,-0.1953125,-0.244140625,-0.0732421875,-0.341796875,-0.0732421875,-1.18408203125,-0.048828125,-0.1708984375,-0.048828125,0.048828125,-0.08544921875,-0.32958984375,-0.0732421875,1.4892578125,0.146484375,-0.40283203125,-0.18310546875,-1.45263671875,-0.048828125,-1.0498046875,-0.08544921875,0.4150390625,-0.13427734375,0.390625,0.0732421875,0.01220703125,-0.0732421875,0.01220703125,0.08544921875,0.10986328125,-0.20751953125,0.0244140625,-0.1220703125,0.87890625,-0.20751953125,-0.47607421875,0.0732421875,-0.5126953125
0,-0.09765625,-0.341796875,-0.15869140625,-0.35400390625,0.18310546875,-0.37841796875,0.1708984375,-0.06103515625,0.45166015625,-0.0244140625,-0.42724609375,-0.9033203125,-0.25634765625,1.07421875,0.18310546875,-0.29296875,-0.20751953125,-0.74462890625,-0.08544921875,-0.244140625,-0.25634765625,0.732421875,-0.18310546875,-0.79345703125,-0.1708984375,-0.1708984375,0.0732421875,-0.79345703125,0.146484375,0.89111328125,0.01220703125,0.20751953125,0.28076171875,-0.244140625,-0.10986328125,-0.86669921875,-0.048828125,-0.47607421875,-0.25634765625,-0.732421875,0.18310546875,-0.1953125,0.439453125,-0.64697265625,-0.18310546875,-0.341796875,0.048828125,0.7568359375,0.23193359375,1.1474609375,-0.28076171875,0.47607421875,-0.439453125,-0.1953125,-0.32958984375,0.74462890625,-0.1220703125,1.55029296875,0.45166015625,1.18408203125,0.08544921875,1.25732421875,0.29296875,1.15966796875,0.09765625,0.08544921875,-0.146484375,1.03759765625,0.10986328125,0.2685546875,-0.244140625,0.18310546875,-0.08544921875,0.25634765625,-0.244140625,0.9521484375,0.10986328125,-0.01220703125,-0.29296875,1.2939453125,-0.01220703125,-1.0009765625,-0.08544921875,-0.341796875,-0.0732421875,-0.98876953125,0.048828125,-0.732421875,-0.08544921875,-1.3671875,-0.1708984375,-0.23193359375,-0.08544921875,-0.341796875,-0.10986328125,-1.1962890625,0.048828125,-0.78125,-0.0244140625,-0.5615234375,-0.13427734375,-0.76904296875,-0.06103515625,0.50048828125,0.1708984375,-0.390625,-0.2197265625,-1.47705078125,-0.06103515625,-1.03759765625,-0.048828125,0.4150390625,-0.09765625,0.40283203125,0.0732421875,0.0244140625,-0.06103515625,0.01220703125,0.0732421875,0.10986328125,-0.1953125,0.01220703125,-0.0732421875,0.87890625,-0.2197265625,-0.48828125,0.048828125,-0.5126953125
0,-0.08544921875,-0.341796875,-0.15869140625,-0.341796875,0.18310546875,-0.390625,0.146484375,-0.048828125,0.40283203125,-0.0244140625,-0.4150390625,-0.9033203125,-0.28076171875,1.0986328125,0.1708984375,-0.28076171875,-0.1953125,-0.7080078125,-0.08544921875,-0.25634765625,-0.20751953125,0.74462890625,-0.20751953125,-0.78125,-0.146484375,-0.13427734375,0.048828125,-0.79345703125,0.0732421875,0.89111328125,0.03662109375,0.23193359375,0.40283203125,-0.29296875,-0.10986328125,-0.86669921875,0,-0.47607421875,-0.23193359375,-0.74462890625,0.25634765625,-0.1953125,0.439453125,-0.64697265625,-0.20751953125,-0.341796875,0.06103515625,0.79345703125,0.23193359375,1.18408203125,-0.390625,0.47607421875,-0.45166015625,-0.18310546875,-0.35400390625,0.7568359375,-0.08544921875,1.37939453125,0.40283203125,1.0986328125,0.1708984375,1.123046875,0.341796875,1.01318359375,0.048828125,0.0732421875,-0.2197265625,1.0498046875,0.0732421875,0.25634765625,-0.2197265625,0.18310546875,-0.146484375,0.25634765625,-0.18310546875,0.927734375,0.09765625,0,-0.28076171875,1.30615234375,-0.03662109375,-0.9765625,-0.06103515625,-0.35400390625,0.08544921875,-1.01318359375,-0.03662109375,-0.72021484375,-0.1220703125,-1.4404296875,-0.15869140625,-0.23193359375,-0.09765625,-0.3173828125,-0.1220703125,-1.171875,0.13427734375,-1.3427734375,0,-1.15966796875,-0.1708984375,-1.171875,-0.08544921875,-0.48828125,0.20751953125,-0.439453125,-0.2197265625,-1.47705078125,-0.01220703125,-1.03759765625,-0.03662109375,0.4150390625,-0.0732421875,0.37841796875,0.06103515625,0.01220703125,-0.06103515625,-0.0244140625,0.09765625,0.10986328125,-0.20751953125,0,-0.08544921875,0.89111328125,-0.244140625,-0.50048828125,0.01220703125,-0.52490234375
0,-0.0732421875,-0.32958984375,-0.15869140625,-0.32958984375,0.1953125,-0.40283203125,0.1708984375,-0.048828125,0.37841796875,-0.048828125,-0.42724609375,-0.9033203125,-0.29296875,1.0986328125,0.1953125,-0.244140625,-0.15869140625,-0.69580078125,-0.1220703125,-0.244140625,-0.1220703125,0.7568359375,-0.1708984375,-0.79345703125,-0.10986328125,-0.10986328125,-0.0244140625,-0.8056640625,-0.0244140625,0.9033203125,0.0244140625,0.2197265625,0.4638671875,-0.2685546875,-0.0732421875,-0.87890625,0.03662109375,-0.47607421875,-0.2197265625,-0.7568359375,0.3173828125,-0.20751953125,0.57373046875,-0.67138671875,-0.1953125,-0.37841796875,0.03662109375,0.79345703125,0.15869140625,1.20849609375,-0.48828125,0.47607421875,-0.42724609375,-0.15869140625,-0.390625,0.7568359375,-0.0732421875,1.1962890625,0.30517578125,1.0009765625,0.09765625,0.98876953125,0.3173828125,0.86669921875,0,0.0732421875,-0.25634765625,1.0498046875,0.01220703125,0.2685546875,-0.18310546875,0.1708984375,-0.1953125,0.23193359375,-0.146484375,0.91552734375,0.10986328125,0.01220703125,-0.25634765625,1.2939453125,-0.0244140625,-0.9765625,-0.048828125,-0.341796875,0.244140625,-1.0009765625,-0.1220703125,-0.72021484375,-0.1708984375,-1.4892578125,-0.13427734375,-0.25634765625,-0.1708984375,-0.29296875,-0.0732421875,-1.171875,0.146484375,-1.81884765625,0.03662109375,-1.66015625,-0.20751953125,-1.52587890625,-0.1220703125,-1.3916015625,0.1953125,-0.48828125,-0.18310546875,-1.46484375,-0.03662109375,-1.03759765625,-0.03662109375,0.4150390625,-0.10986328125,0.3662109375,0.048828125,0.0244140625,-0.08544921875,-0.03662109375,0.0732421875,0.10986328125,-0.1708984375,-0.0244140625,-0.06103515625,0.8544921875,-0.2685546875,-0.47607421875,-0.01220703125,-0.54931640625
0,-0.0732421875,-0.32958984375,-0.13427734375,-0.32958984375,0.15869140625,-0.4150390625,0.1708984375,-0.048828125,0.37841796875,-0.06103515625,-0.390625,-0.9033203125,-0.28076171875,1.11083984375,0.18310546875,-0.244140625,-0.09765625,-0.68359375,-0.1220703125,-0.23193359375,-0.048828125,0.7568359375,-0.1220703125,-0.79345703125,-0.08544921875,-0.08544921875,-0.09765625,-0.79345703125,-0.13427734375,0.89111328125,-0.03662109375,0.20751953125,0.4150390625,-0.3173828125,-0.01220703125,-0.9033203125,0.0732421875,-0.47607421875,-0.20751953125,-0.79345703125,0.341796875,-0.2197265625,0.64697265625,-0.68359375,-0.18310546875,-0.42724609375,0.0732421875,0.81787109375,0.146484375,1.18408203125,-0.4638671875,0.4638671875,-0.341796875,-0.146484375,-0.42724609375,0.7568359375,0.01220703125,1.06201171875,0.28076171875,0.96435546875,0.30517578125,0.9521484375,0.390625,0.830078125,-0.0244140625,0.09765625,-0.29296875,1.03759765625,0,0.28076171875,-0.13427734375,0.1708984375,-0.28076171875,0.23193359375,-0.09765625,0.91552734375,0.08544921875,0,-0.18310546875,1.30615234375,-0.0244140625,-0.98876953125,-0.01220703125,-0.3662109375,0.3173828125,-1.025390625,-0.146484375,-0.732421875,-0.1708984375,-1.5380859375,-0.13427734375,-0.244140625,-0.25634765625,-0.28076171875,0.048828125,-1.171875,0.08544921875,-2.13623046875,0.08544921875,-2.03857421875,-0.20751953125,-1.79443359375,-0.15869140625,-2.06298828125,0.15869140625,-0.5615234375,-0.10986328125,-1.45263671875,-0.048828125,-1.0498046875,-0.048828125,0.40283203125,-0.09765625,0.341796875,0.048828125,0.0244140625,-0.0732421875,-0.0244140625,0.03662109375,0.1220703125,-0.15869140625,-0.03662109375,-0.03662109375,0.830078125,-0.30517578125,-0.48828125,-0.01220703125,-0.537109375
0,-0.0732421875,-0.32958984375,-0.1220703125,-0.32958984375,0.1220703125,-0.4150390625,0.1708984375,-0.01220703125,0.35400390625,-0.0732421875,-0.341796875,-0.91552734375,-0.23193359375,1.123046875,0.18310546875,-0.2197265625,-0.08544921875,-0.67138671875,-0.13427734375,-0.244140625,0.0244140625,0.7568359375,-0.0732421875,-0.8056640625,-0.06103515625,-0.0732421875,-0.1708984375,-0.81787109375,-0.23193359375,0.89111328125,-0.1220703125,0.23193359375,0.29296875,-0.35400390625,0.0732421875,-0.89111328125,0.048828125,-0.47607421875,-0.2197265625,-0.79345703125,0.341796875,-0.20751953125,0.69580078125,-0.68359375,-0.146484375,-0.4638671875,0.20751953125,0.8544921875,0.1220703125,1.15966796875,-0.59814453125,0.47607421875,-0.29296875,-0.1220703125,-0.42724609375,0.7568359375,0.1953125,1.01318359375,0.28076171875,0.9521484375,0.32958984375,0.9765625,0.3173828125,0.84228515625,-0.048828125,0.13427734375,-0.32958984375,1.03759765625,-0.0244140625,0.25634765625,-0.09765625,0.18310546875,-0.35400390625,0.2197265625,-0.06103515625,0.91552734375,0.06103515625,0.0244140625,-0.146484375,1.318359375,0,-0.9765625,0,-0.3662109375,0.30517578125,-1.0498046875,-0.13427734375,-0.74462890625,-0.146484375,-1.52587890625,-0.13427734375,-0.2685546875,-0.3173828125,-0.25634765625,0.146484375,-1.1474609375,-0.03662109375,-2.25830078125,0.15869140625,-2.20947265625,-0.1953125,-1.904296875,-0.1953125,-2.44140625,0.08544921875,-0.64697265625,-0.0244140625,-1.4404296875,-0.0732421875,-1.025390625,-0.0732421875,0.37841796875,-0.10986328125,0.3173828125,0.0244140625,0,-0.0732421875,-0.01220703125,-0.01220703125,0.1220703125,-0.15869140625,-0.048828125,-0.03662109375,0.830078125,-0.3173828125,-0.50048828125,-0.01220703125,-0.537109375
1,-0.10986328125,-0.32958984375,-0.146484375,-0.341796875,0.08544921875,-0.42724609375,0.13427734375,-0.048828125,0.32958984375,-0.06103515625,-0.28076171875,-0.89111328125,-0.244140625,1.13525390625,0.2197265625,-0.23193359375,-0.03662109375,-0.67138671875,-0.09765625,-0.23193359375,0.08544921875,0.78125,-0.0244140625,-0.8056640625,-0.01220703125,-0.0732421875,-0.20751953125,-0.81787109375,-0.28076171875,0.927734375,-0.23193359375,0.2197265625,0.146484375,-0.390625,0.13427734375,-0.9033203125,0.06103515625,-0.45166015625,-0.244140625,-0.78125,0.390625,-0.1953125,0.69580078125,-0.6591796875,-0.15869140625,-0.47607421875,0.244140625,0.89111328125,0.13427734375,1.13525390625,-0.5859375,0.4638671875,-0.2197265625,-0.13427734375,-0.45166015625,0.7568359375,0.2197265625,1.0986328125,0.23193359375,1.03759765625,0.35400390625,1.08642578125,0.25634765625,1.01318359375,-0.08544921875,0.1708984375,-0.341796875,1.03759765625,-0.048828125,0.25634765625,-0.09765625,0.1708984375,-0.35400390625,0.2197265625,-0.06103515625,0.9033203125,0.048828125,0.03662109375,-0.1220703125,1.30615234375,0.048828125,-0.96435546875,0.0244140625,-0.3662109375,0.18310546875,-1.025390625,-0.0732421875,-0.7568359375,-0.048828125,-1.513671875,-0.10986328125,-0.28076171875,-0.30517578125,-0.25634765625,0.20751953125,-1.13525390625,-0.1220703125,-2.18505859375,0.1953125,-2.1728515625,-0.146484375,-1.8798828125,-0.1953125,-2.47802734375,0.03662109375,-0.72021484375,0.048828125,-1.45263671875,-0.1220703125,-1.03759765625,-0.10986328125,0.390625,-0.15869140625,0.3173828125,0.01220703125,-0.01220703125,-0.0732421875,0,-0.01220703125,0.146484375,-0.146484375,-0.06103515625,-0.06103515625,0.84228515625,-0.32958984375,-0.50048828125,0,-0.537109375
1,-0.09765625,-0.3173828125,-0.15869140625,-0.3662109375,0.0732421875,-0.439453125,0.1220703125,-0.048828125,0.30517578125,-0.048828125,-0.23193359375,-0.9033203125,-0.20751953125,1.13525390625,0.23193359375,-0.244140625,-0.06103515625,-0.69580078125,-0.048828125,-0.23193359375,0.10986328125,0.78125,0.01220703125,-0.79345703125,-0.03662109375,-0.10986328125,-0.244140625,-0.84228515625,-0.28076171875,0.91552734375,-0.32958984375,0.23193359375,0.03662109375,-0.35400390625,0.1708984375,-0.9033203125,0.0244140625,-0.42724609375,-0.244140625,-0.79345703125,0.42724609375,-0.18310546875,0.59814453125,-0.64697265625,-0.13427734375,-0.4638671875,0.341796875,0.927734375,0.18310546875,1.08642578125,-0.67138671875,0.50048828125,-0.13427734375,-0.1220703125,-0.47607421875,0.74462890625,0.23193359375,1.28173828125,0.1220703125,1.1962890625,0.3662109375,1.28173828125,0.1708984375,1.28173828125,-0.1220703125,0.20751953125,-0.35400390625,1.03759765625,-0.03662109375,0.244140625,-0.09765625,0.18310546875,-0.40283203125,0.23193359375,-0.03662109375,0.87890625,0.048828125,0.048828125,-0.13427734375,1.3427734375,0.09765625,-0.9765625,0.0244140625,-0.37841796875,0,-1.0498046875,0.0244140625,-0.78125,0.06103515625,-1.513671875,-0.1220703125,-0.29296875,-0.23193359375,-0.25634765625,0.244140625,-1.171875,-0.1953125,-1.9775390625,0.13427734375,-1.9287109375,-0.146484375,-1.7333984375,-0.2685546875,-2.197265625,0.0732421875,-0.79345703125,0.08544921875,-1.47705078125,-0.146484375,-1.03759765625,-0.0732421875,0.390625,-0.146484375,0.3173828125,0.0244140625,-0.0244140625,-0.0732421875,0.01220703125,-0.06103515625,0.1708984375,-0.15869140625,-0.0244140625,-0.048828125,0.84228515625,-0.32958984375,-0.50048828125,-0.0244140625,-0.52490234375
1,-0.0732421875,-0.341796875,-0.146484375,-0.35400390625,0.048828125,-0.439453125,0.09765625,-0.08544921875,0.3662109375,-0.03662109375,-0.1953125,-0.9033203125,-0.18310546875,1.13525390625,0.23193359375,-0.25634765625,-0.08544921875,-0.67138671875,0.06103515625,-0.23193359375,0.09765625,0.78125,0.03662109375,-0.8056640625,-0.08544921875,-0.1220703125,-0.2197265625,-0.84228515625,-0.23193359375,0.927734375,-0.40283203125,0.2197265625,-0.03662109375,-0.35400390625,0.1708984375,-0.89111328125,0,-0.4150390625,-0.28076171875,-0.78125,0.439453125,-0.15869140625,0.45166015625,-0.62255859375,-0.10986328125,-0.47607421875,0.3662109375,0.9521484375,0.18310546875,1.07421875,-0.634765625,0.48828125,-0.1220703125,-0.1220703125,-0.42724609375,0.732421875,0.3173828125,1.5869140625,0.0732421875,1.37939453125,0.40283203125,1.5380859375,0.0732421875,1.5625,-0.18310546875,0.244140625,-0.32958984375,1.03759765625,-0.03662109375,0.23193359375,-0.1220703125,0.20751953125,-0.390625,0.244140625,0,0.89111328125,0.03662109375,0.03662109375,-0.09765625,1.33056640625,0.08544921875,-0.9521484375,0.03662109375,-0.37841796875,-0.15869140625,-1.03759765625,0.1220703125,-0.79345703125,0.10986328125,-1.4892578125,-0.1220703125,-0.29296875,-0.1220703125,-0.30517578125,0.1953125,-1.18408203125,-0.13427734375,-1.62353515625,0.13427734375,-1.5625,-0.06103515625,-1.45263671875,-0.2197265625,-1.67236328125,0.10986328125,-0.830078125,0.09765625,-1.45263671875,-0.1220703125,-1.025390625,-0.06103515625,0.390625,-0.1708984375,0.3173828125,0.03662109375,-0.03662109375,-0.0732421875,0.01220703125,-0.048828125,0.15869140625,-0.15869140625,-0.0244140625,-0.03662109375,0.86669921875,-0.30517578125,-0.48828125,-0.01220703125,-0.50048828125
1,-0.09765625,-0.341796875,-0.1220703125,-0.37841796875,0.0244140625,-0.4150390625,0.10986328125,-0.09765625,0.40283203125,-0.0244140625,-0.20751953125,-0.91552734375,-0.15869140625,1.11083984375,0.23193359375,-0.28076171875,-0.13427734375,-0.68359375,0.1708984375,-0.20751953125,0.06103515625,0.76904296875,0.09765625,-0.8056640625,-0.146484375,-0.13427734375,-0.1953125,-0.81787109375,-0.18310546875,0.927734375,-0.40283203125,0.20751953125,-0.03662109375,-0.32958984375,0.06103515625,-0.86669921875,-0.0244140625,-0.4150390625,-0.30517578125,-0.74462890625,0.4150390625,-0.1708984375,0.35400390625,-0.62255859375,-0.048828125,-0.42724609375,0.3662109375,0.96435546875,0.13427734375,1.06201171875,-0.5615234375,0.47607421875,-0.06103515625,-0.1708984375,-0.390625,0.732421875,0.1953125,1.85546875,0.0244140625,1.5625,0.341796875,1.72119140625,0,1.81884765625,-0.2197265625,0.2685546875,-0.28076171875,1.0498046875,0.0244140625,0.1953125,-0.15869140625,0.20751953125,-0.32958984375,0.25634765625,0.0244140625,0.86669921875,0,0.048828125,-0.08544921875,1.33056640625,0.0732421875,-0.96435546875,0.048828125,-0.35400390625,-0.32958984375,-1.025390625,0.15869140625,-0.8056640625,0.13427734375,-1.47705078125,-0.10986328125,-0.28076171875,-0.01220703125,-0.3173828125,0.15869140625,-1.20849609375,-0.146484375,-1.2451171875,0.048828125,-1.11083984375,-0.06103515625,-1.171875,-0.2197265625,-1.0009765625,0.15869140625,-0.81787109375,0.03662109375,-1.45263671875,-0.0732421875,-1.03759765625,-0.06103515625,0.390625,-0.1708984375,0.341796875,0,-0.0244140625,-0.06103515625,0.0244140625,-0.048828125,0.18310546875,-0.1708984375,-0.01220703125,-0.06103515625,0.87890625,-0.28076171875,-0.47607421875,-0.0244140625,-0.5126953125
1,-0.09765625,-0.35400390625,-0.10986328125,-0.3662109375,0.0244140625,-0.40283203125,0.09765625,-0.08544921875,0.42724609375,-0.03662109375,-0.20751953125,-0.91552734375,-0.13427734375,1.11083984375,0.244140625,-0.2685546875,-0.20751953125,-0.69580078125,0.25634765625,-0.244140625,-0.01220703125,0.76904296875,0.18310546875,-0.81787109375,-0.20751953125,-0.1708984375,-0.146484375,-0.830078125,-0.13427734375,0.927734375,-0.3662109375,0.2197265625,-0.0244140625,-0.28076171875,-0.01220703125,-0.89111328125,-0.01220703125,-0.390625,-0.3173828125,-0.74462890625,0.35400390625,-0.18310546875,0.25634765625,-0.62255859375,0.03662109375,-0.3662109375,0.4150390625,0.96435546875,0.09765625,1.08642578125,-0.50048828125,0.45166015625,-0.06103515625,-0.1953125,-0.3173828125,0.72021484375,0.1708984375,2.06298828125,-0.0732421875,1.66015625,0.2197265625,1.8310546875,-0.08544921875,2.01416015625,-0.20751953125,0.29296875,-0.23193359375,1.0498046875,0.06103515625,0.1953125,-0.20751953125,0.2197265625,-0.29296875,0.28076171875,0.06103515625,0.86669921875,-0.01220703125,0.0244140625,-0.08544921875,1.3427734375,0.048828125,-0.9765625,0.0732421875,-0.3662109375,-0.3662109375,-0.9765625,0.1708984375,-0.81787109375,0.146484375,-1.47705078125,-0.1220703125,-0.2685546875,0.09765625,-0.341796875,0.1220703125,-1.220703125,-0.1220703125,-0.8544921875,-0.08544921875,-0.68359375,-0.09765625,-0.87890625,-0.28076171875,-0.3173828125,0.2197265625,-0.8056640625,-0.03662109375,-1.46484375,-0.0732421875,-1.0498046875,-0.08544921875,0.390625,-0.146484375,0.37841796875,-0.01220703125,-0.0244140625,-0.0732421875,0.03662109375,-0.01220703125,0.18310546875,-0.1708984375,0.01220703125,-0.03662109375,0.89111328125,-0.244140625,-0.4638671875,-0.01220703125,-0.48828125
1,-0.10986328125,-0.3662109375,-0.13427734375,-0.341796875,-0.048828125,-0.37841796875,0.10986328125,-0.0732421875,0.42724609375,-0.01220703125,-0.25634765625,-0.9033203125,-0.13427734375,1.11083984375,0.28076171875,-0.25634765625,-0.244140625,-0.68359375,0.28076171875,-0.25634765625,-0.048828125,0.732421875,0.2685546875,-0.8056640625,-0.25634765625,-0.18310546875,-0.0732421875,-0.81787109375,-0.08544921875,0.927734375,-0.2685546875,0.20751953125,0.048828125,-0.23193359375,-0.1220703125,-0.86669921875,-0.048828125,-0.390625,-0.37841796875,-0.732421875,0.30517578125,-0.1708984375,0.1220703125,-0.64697265625,0.048828125,-0.30517578125,0.390625,0.93994140625,0.048828125,1.11083984375,-0.48828125,0.4638671875,-0.0244140625,-0.20751953125,-0.1953125,0.732421875,0.09765625,2.1484375,-0.09765625,1.708984375,0.0732421875,1.8310546875,-0.13427734375,2.05078125,-0.1953125,0.29296875,-0.20751953125,1.06201171875,0.10986328125,0.18310546875,-0.23193359375,0.244140625,-0.20751953125,0.2685546875,0.09765625,0.89111328125,-0.01220703125,0.0244140625,-0.0732421875,1.35498046875,0.0244140625,-0.98876953125,0.08544921875,-0.35400390625,-0.32958984375,-0.96435546875,0.09765625,-0.8056640625,0.146484375,-1.50146484375,-0.13427734375,-0.28076171875,0.1220703125,-0.35400390625,0.06103515625,-1.220703125,-0.048828125,-0.5615234375,-0.10986328125,-0.37841796875,-0.0244140625,-0.6591796875,-0.1708984375,0.2197265625,0.2685546875,-0.74462890625,-0.1708984375,-1.4892578125,-0.08544921875,-1.025390625,-0.08544921875,0.40283203125,-0.10986328125,0.37841796875,-0.01220703125,0,-0.06103515625,0.0244140625,-0.01220703125,0.18310546875,-0.18310546875,0.0244140625,-0.048828125,0.89111328125,-0.1708984375,-0.47607421875,-0.0244140625,-0.50048828125
1,-0.10986328125,-0.341796875,-0.10986328125,-0.35400390625,-0.0732421875,-0.37841796875,0.10986328125,-0.0732421875,0.42724609375,0,-0.29296875,-0.9033203125,-0.10986328125,1.11083984375,0.30517578125,-0.2685546875,-0.2685546875,-0.7080078125,0.25634765625,-0.25634765625,-0.10986328125,0.732421875,0.35400390625,-0.78125,-0.244140625,-0.1708984375,-0.0244140625,-0.8056640625,-0.0244140625,0.927734375,-0.18310546875,0.2197265625,0.146484375,-0.1953125,-0.20751953125,-0.87890625,-0.03662109375,-0.4150390625,-0.4150390625,-0.732421875,0.1708984375,-0.1953125,0.06103515625,-0.64697265625,0.01220703125,-0.2685546875,0.42724609375,0.89111328125,0.08544921875,1.1474609375,-0.28076171875,0.4638671875,0.03662109375,-0.2197265625,-0.15869140625,0.732421875,0.1953125,2.13623046875,-0.0732421875,1.6357421875,0,1.69677734375,-0.06103515625,1.96533203125,-0.1708984375,0.28076171875,-0.1708984375,1.0498046875,0.13427734375,0.15869140625,-0.244140625,0.25634765625,-0.1708984375,0.2685546875,0.08544921875,0.89111328125,-0.0244140625,0,-0.1220703125,1.3427734375,0.0244140625,-0.98876953125,0.09765625,-0.35400390625,-0.2197265625,-0.93994140625,-0.03662109375,-0.8056640625,0.13427734375,-1.513671875,-0.146484375,-0.25634765625,0.10986328125,-0.35400390625,0.06103515625,-1.23291015625,-0.06103515625,-0.3662109375,-0.15869140625,-0.1708984375,-0.03662109375,-0.5126953125,-0.13427734375,0.5859375,0.341796875,-0.634765625,-0.25634765625,-1.4892578125,-0.0732421875,-1.0498046875,-0.0732421875,0.40283203125,-0.08544921875,0.390625,-0.0244140625,-0.0244140625,-0.08544921875,0.0244140625,-0.01220703125,0.15869140625,-0.15869140625,0.0244140625,-0.06103515625,0.87890625,-0.13427734375,-0.48828125,-0.01220703125,-0.50048828125
1,-0.10986328125,-0.341796875,-0.10986328125,-0.32958984375,-0.0732421875,-0.35400390625,0.1220703125,-0.0732421875,0.42724609375,-0.01220703125,-0.28076171875,-0.89111328125,-0.146484375,1.11083984375,0.3173828125,-0.2685546875,-0.2685546875,-0.72021484375,0.1953125,-0.244140625,-0.1220703125,0.732421875,0.35400390625,-0.79345703125,-0.2197265625,-0.1708984375,0,-0.79345703125,0.0244140625,0.927734375,-0.048828125,0.2197265625,0.1953125,-0.244140625,-0.1953125,-0.87890625,-0.03662109375,-0.42724609375,-0.42724609375,-0.74462890625,0.06103515625,-0.1953125,0.10986328125,-0.68359375,-0.0732421875,-0.28076171875,0.40283203125,0.8544921875,0.09765625,1.15966796875,-0.23193359375,0.4638671875,0.048828125,-0.20751953125,-0.0732421875,0.732421875,0.1708984375,2.01416015625,-0.0732421875,1.50146484375,-0.09765625,1.5380859375,-0.0732421875,1.77001953125,-0.10986328125,0.28076171875,-0.0732421875,1.0498046875,0.13427734375,0.1953125,-0.20751953125,0.25634765625,-0.15869140625,0.28076171875,0.10986328125,0.91552734375,-0.03662109375,0,-0.1708984375,1.3427734375,-0.01220703125,-0.9765625,0.09765625,-0.35400390625,-0.0732421875,-0.9765625,-0.1708984375,-0.79345703125,0.146484375,-1.52587890625,-0.15869140625,-0.244140625,0.03662109375,-0.341796875,0.06103515625,-1.2451171875,-0.1220703125,-0.30517578125,-0.2197265625,-0.10986328125,-0.09765625,-0.4638671875,-0.1953125,0.69580078125,0.29296875,-0.537109375,-0.29296875,-1.47705078125,-0.0732421875,-1.0498046875,-0.0244140625,0.390625,-0.03662109375,0.4150390625,0,0,-0.0732421875,0.01220703125,-0.0244140625,0.15869140625,-0.18310546875,0.01220703125,-0.048828125,0.9033203125,-0.09765625,-0.47607421875,-0.0244140625,-0.50048828125
1,-0.09765625,-0.32958984375,-0.09765625,-0.32958984375,-0.13427734375,-0.3662109375,0.13427734375,-0.06103515625,0.40283203125,-0.01220703125,-0.29296875,-0.86669921875,-0.15869140625,1.11083984375,0.3173828125,-0.244140625,-0.244140625,-0.72021484375,0.09765625,-0.25634765625,-0.09765625,0.72021484375,0.28076171875,-0.78125,-0.15869140625,-0.1953125,0.01220703125,-0.79345703125,0.06103515625,0.93994140625,0.0732421875,0.20751953125,0.146484375,-0.20751953125,-0.13427734375,-0.91552734375,-0.06103515625,-0.42724609375,-0.37841796875,-0.732421875,-0.03662109375,-0.1953125,0.1953125,-0.67138671875,-0.20751953125,-0.2685546875,0.37841796875,0.81787109375,0.09765625,1.171875,-0.2197265625,0.4638671875,0.13427734375,-0.1953125,0.0244140625,0.74462890625,0.1708984375,1.91650390625,-0.0244140625,1.37939453125,-0.18310546875,1.30615234375,-0.06103515625,1.5380859375,-0.06103515625,0.2685546875,-0.0244140625,1.06201171875,0.13427734375,0.1953125,-0.1708984375,0.23193359375,-0.08544921875,0.2685546875,0.13427734375,0.87890625,-0.048828125,-0.01220703125,-0.2197265625,1.318359375,-0.0244140625,-0.9765625,0.10986328125,-0.35400390625,0.0732421875,-0.98876953125,-0.2685546875,-0.79345703125,0.09765625,-1.5625,-0.1953125,-0.25634765625,-0.0732421875,-0.3173828125,0.08544921875,-1.220703125,-0.09765625,-0.35400390625,-0.146484375,-0.15869140625,-0.0732421875,-0.47607421875,-0.08544921875,0.5859375,0.2197265625,-0.439453125,-0.28076171875,-1.47705078125,-0.08544921875,-1.0498046875,-0.01220703125,0.37841796875,-0.0244140625,0.4150390625,0,-0.0244140625,-0.0732421875,0.01220703125,-0.0244140625,0.15869140625,-0.18310546875,0,-0.048828125,0.89111328125,-0.08544921875,-0.4638671875,-0.048828125,-0.5126953125
1,-0.09765625,-0.32958984375,-0.0732421875,-0.341796875,-0.15869140625,-0.35400390625,0.13427734375,-0.0732421875,0.3662109375,-0.03662109375,-0.3173828125,-0.89111328125,-0.1708984375,1.123046875,0.32958984375,-0.2685546875,-0.1953125,-0.74462890625,-0.01220703125,-0.2685546875,-0.09765625,0.72021484375,0.10986328125,-0.79345703125,-0.06103515625,-0.18310546875,-0.0244140625,-0.8056640625,0.10986328125,0.9033203125,0.10986328125,0.1953125,0.03662109375,-0.2197265625,0.048828125,-0.9033203125,-0.0732421875,-0.42724609375,-0.2685546875,-0.7568359375,-0.09765625,-0.20751953125,0.32958984375,-0.69580078125,-0.3662109375,-0.30517578125,0.40283203125,0.732421875,0.09765625,1.18408203125,-0.25634765625,0.50048828125,0.18310546875,-0.15869140625,0.08544921875,0.78125,0.20751953125,1.91650390625,0.01220703125,1.30615234375,-0.1953125,1.18408203125,-0.03662109375,1.40380859375,0,0.28076171875,0.0732421875,1.06201171875,0.146484375,0.20751953125,-0.09765625,0.23193359375,0,0.25634765625,0.13427734375,0.86669921875,-0.06103515625,0,-0.2197265625,1.33056640625,-0.0244140625,-0.9765625,0.1220703125,-0.32958984375,0.13427734375,-1.025390625,-0.341796875,-0.78125,0.03662109375,-1.5380859375,-0.23193359375,-0.244140625,-0.1708984375,-0.30517578125,0.0732421875,-1.220703125,-0.146484375,-0.40283203125,-0.1220703125,-0.30517578125,-0.18310546875,-0.537109375,-0.09765625,0.3173828125,0.146484375,-0.3173828125,-0.25634765625,-1.45263671875,-0.08544921875,-1.03759765625,0.01220703125,0.390625,-0.0244140625,0.37841796875,0.0244140625,-0.01220703125,-0.06103515625,-0.01220703125,-0.0732421875,0.13427734375,-0.20751953125,0,-0.06103515625,0.87890625,-0.0732421875,-0.45166015625,-0.0732421875,-0.5126953125
1,-0.08544921875,-0.30517578125,-0.08544921875,-0.341796875,-0.18310546875,-0.390625,0.13427734375,-0.06103515625,0.341796875,-0.0244140625,-0.3173828125,-0.87890625,-0.18310546875,1.123046875,0.30517578125,-0.2685546875,-0.146484375,-0.732421875,-0.13427734375,-0.244140625,-0.13427734375,0.732421875,-0.09765625,-0.79345703125,0.01220703125,-0.18310546875,-0.06103515625,-0.79345703125,0.1708984375,0.89111328125,0.13427734375,0.2197265625,-0.09765625,-0.2685546875,0.2685546875,-0.91552734375,-0.06103515625,-0.439453125,-0.18310546875,-0.78125,-0.0732421875,-0.20751953125,0.35400390625,-0.7080078125,-0.4638671875,-0.35400390625,0.40283203125,0.68359375,0.0732421875,1.18408203125,-0.20751953125,0.5126953125,0.20751953125,-0.13427734375,0.146484375,0.78125,0.1708984375,2.1484375,0.03662109375,1.33056640625,-0.25634765625,1.18408203125,-0.146484375,1.42822265625,0.01220703125,0.25634765625,0.15869140625,1.06201171875,0.1708984375,0.20751953125,-0.06103515625,0.23193359375,0.08544921875,0.25634765625,0.146484375,0.87890625,-0.10986328125,0,-0.25634765625,1.318359375,-0.01220703125,-0.98876953125,0.10986328125,-0.32958984375,0.13427734375,-1.03759765625,-0.30517578125,-0.78125,0.0244140625,-1.52587890625,-0.28076171875,-0.23193359375,-0.244140625,-0.3173828125,0.03662109375,-1.1962890625,-0.048828125,-0.48828125,-0.06103515625,-0.4150390625,-0.20751953125,-0.6103515625,-0.08544921875,-0.01220703125,0.06103515625,-0.23193359375,-0.2197265625,-1.46484375,-0.1220703125,-1.03759765625,0.0244140625,0.390625,-0.01220703125,0.3662109375,0.01220703125,-0.01220703125,-0.0732421875,-0.01220703125,-0.10986328125,0.13427734375,-0.2197265625,-0.01220703125,-0.06103515625,0.8544921875,-0.08544921875,-0.45166015625,-0.08544921875,-0.50048828125
1,-0.09765625,-0.3173828125,-0.0732421875,-0.3662109375,-0.23193359375,-0.390625,0.1220703125,-0.048828125,0.28076171875,-0.01220703125,-0.32958984375,-0.89111328125,-0.18310546875,1.11083984375,0.30517578125,-0.244140625,-0.10986328125,-0.732421875,-0.20751953125,-0.25634765625,-0.15869140625,0.7568359375,-0.25634765625,-0.79345703125,0.10986328125,-0.15869140625,-0.08544921875,-0.830078125,0.1953125,0.89111328125,0.09765625,0.2197265625,-0.1953125,-0.3173828125,0.439453125,-0.927734375,-0.03662109375,-0.48828125,-0.08544921875,-0.78125,-0.03662109375,-0.20751953125,0.37841796875,-0.67138671875,-0.59814453125,-0.439453125,0.42724609375,0.6591796875,0.03662109375,1.15966796875,-0.15869140625,0.537109375,0.28076171875,-0.09765625,0.1708984375,0.76904296875,0.25634765625,2.734375,0.09765625,1.5625,-0.18310546875,1.40380859375,-0.15869140625,1.708984375,0,0.25634765625,0.23193359375,1.06201171875,0.1708984375,0.20751953125,-0.0244140625,0.23193359375,0.15869140625,0.23193359375,0.1220703125,0.8544921875,-0.13427734375,0.0244140625,-0.244140625,1.318359375,-0.0244140625,-0.9765625,0.09765625,-0.32958984375,0.0732421875,-1.06201171875,-0.1953125,-0.76904296875,0.048828125,-1.50146484375,-0.3173828125,-0.2197265625,-0.2685546875,-0.29296875,0,-1.18408203125,0.03662109375,-0.47607421875,0.03662109375,-0.4638671875,-0.20751953125,-0.634765625,-0.01220703125,-0.2685546875,0,-0.1220703125,-0.146484375,-1.46484375,-0.146484375,-1.03759765625,-0.01220703125,0.4150390625,-0.0244140625,0.35400390625,0.01220703125,0,-0.06103515625,-0.0244140625,-0.09765625,0.13427734375,-0.2197265625,-0.01220703125,-0.06103515625,0.86669921875,-0.09765625,-0.47607421875,-0.10986328125,-0.48828125
1,-0.1220703125,-0.32958984375,-0.0244140625,-0.3662109375,-0.25634765625,-0.40283203125,0.09765625,-0.048828125,0.2197265625,-0.0244140625,-0.32958984375,-0.89111328125,-0.1953125,1.0986328125,0.29296875,-0.244140625,-0.146484375,-0.74462890625,-0.244140625,-0.2685546875,-0.244140625,0.74462890625,-0.32958984375,-0.79345703125,0.13427734375,-0.15869140625,-0.08544921875,-0.830078125,0.20751953125,0.9033203125,0,0.2197265625,-0.25634765625,-0.37841796875,0.57373046875,-0.91552734375,0,-0.48828125,-0.03662109375,-0.79345703125,0.0244140625,-0.1708984375,0.40283203125,-0.67138671875,-0.62255859375,-0.47607421875,0.40283203125,0.634765625,-0.01220703125,1.1474609375,-0.10986328125,0.5615234375,0.32958984375,-0.08544921875,0.13427734375,0.78125,0.23193359375,3.662109375,0.08544921875,2.01416015625,-0.146484375,1.84326171875,-0.2197265625,2.28271484375,0.0244140625,0.25634765625,0.29296875,1.06201171875,0.18310546875,0.1953125,0.0244140625,0.20751953125,0.1953125,0.25634765625,0.0732421875,0.86669921875,-0.146484375,0.01220703125,-0.2197265625,1.33056640625,0,-0.9521484375,0.0732421875,-0.35400390625,-0.0244140625,-1.0498046875,-0.01220703125,-0.78125,0.09765625,-1.50146484375,-0.30517578125,-0.23193359375,-0.244140625,-0.30517578125,-0.0244140625,-1.171875,-0.01220703125,-0.4150390625,-0.01220703125,-0.40283203125,-0.28076171875,-0.57373046875,-0.0732421875,-0.37841796875,-0.03662109375,-0.06103515625,-0.1220703125,-1.46484375,-0.1953125,-1.025390625,-0.0244140625,0.40283203125,-0.03662109375,0.341796875,0.03662109375,0,-0.06103515625,-0.01220703125,-0.09765625,0.15869140625,-0.2197265625,0.01220703125,-0.0732421875,0.86669921875,-0.09765625,-0.4638671875,-0.15869140625,-0.50048828125
1,-0.1220703125,-0.35400390625,-0.01220703125,-0.3662109375,-0.2685546875,-0.390625,0.09765625,-0.0244140625,0.1708984375,-0.03662109375,-0.341796875,-0.87890625,-0.1708984375,1.06201171875,0.2685546875,-0.20751953125,-0.1953125,-0.74462890625,-0.20751953125,-0.244140625,-0.341796875,0.7568359375,-0.3173828125,-0.79345703125,0.10986328125,-0.1708984375,-0.06103515625,-0.8056640625,0.20751953125,0.87890625,-0.08544921875,0.2197265625,-0.1708984375,-0.3662109375,0.634765625,-0.9033203125,0.03662109375,-0.4638671875,0.01220703125,-0.76904296875,0.146484375,-0.15869140625,0.28076171875,-0.64697265625,-0.59814453125,-0.5126953125,0.35400390625,0.62255859375,-0.0244140625,1.1474609375,-0.15869140625,0.57373046875,0.341796875,-0.10986328125,0.1220703125,0.76904296875,0.3173828125,4.94384765625,0.1220703125,2.64892578125,-0.0244140625,2.490234375,-0.146484375,3.125,0.0244140625,0.244140625,0.32958984375,1.0498046875,0.18310546875,0.20751953125,-0.01220703125,0.1953125,0.28076171875,0.244140625,-0.01220703125,0.87890625,-0.1708984375,0.048828125,-0.23193359375,1.318359375,0.01220703125,-0.93994140625,0.06103515625,-0.341796875,-0.08544921875,-1.0498046875,0.1953125,-0.78125,0.1953125,-1.47705078125,-0.2685546875,-0.2197265625,-0.10986328125,-0.29296875,-0.06103515625,-1.171875,0.01220703125,-0.23193359375,-0.06103515625,-0.2197265625,-0.29296875,-0.45166015625,-0.13427734375,-0.30517578125,-0.0244140625,0,-0.08544921875,-1.4404296875,-0.20751953125,-1.01318359375,-0.01220703125,0.40283203125,-0.03662109375,0.35400390625,0.03662109375,0.01220703125,-0.06103515625,0,-0.09765625,0.15869140625,-0.23193359375,0.0244140625,-0.048828125,0.86669921875,-0.146484375,-0.4638671875,-0.20751953125,-0.48828125
0,-0.146484375,-0.35400390625,0,-0.390625,-0.29296875,-0.4150390625,0.0732421875,-0.03662109375,0.18310546875,-0.01220703125,-0.32958984375,-0.89111328125,-0.1708984375,1.03759765625,0.2685546875,-0.2197265625,-0.2685546875,-0.72021484375,-0.1220703125,-0.23193359375,-0.45166015625,0.76904296875,-0.18310546875,-0.8056640625,0.0244140625,-0.1708984375,-0.06103515625,-0.81787109375,0.146484375,0.87890625,-0.244140625,0.2197265625,-0.06103515625,-0.35400390625,0.59814453125,-0.86669921875,0.0732421875,-0.45166015625,0.03662109375,-0.7568359375,0.29296875,-0.1708984375,0.29296875,-0.634765625,-0.52490234375,-0.47607421875,0.3662109375,0.634765625,-0.01220703125,1.11083984375,-0.18310546875,0.54931640625,0.341796875,-0.15869140625,0.03662109375,0.7568359375,0.30517578125,6.50634765625,0.08544921875,3.43017578125,0.0244140625,3.30810546875,-0.10986328125,4.18701171875,0.048828125,0.244140625,0.341796875,1.06201171875,0.1953125,0.2197265625,-0.01220703125,0.1953125,0.29296875,0.25634765625,-0.06103515625,0.89111328125,-0.18310546875,0.06103515625,-0.2197265625,1.3427734375,0.048828125,-0.93994140625,0.048828125,-0.3662109375,-0.10986328125,-1.025390625,0.29296875,-0.76904296875,0.2197265625,-1.45263671875,-0.2197265625,-0.23193359375,0.06103515625,-0.29296875,-0.13427734375,-1.15966796875,-0.0244140625,0.0244140625,-0.13427734375,0.06103515625,-0.244140625,-0.28076171875,-0.15869140625,-0.06103515625,0.08544921875,0.048828125,-0.0732421875,-1.4404296875,-0.1708984375,-1.025390625,0,0.42724609375,-0.03662109375,0.32958984375,0.048828125,-0.01220703125,-0.08544921875,0.01220703125,-0.0732421875,0.1708984375,-0.23193359375,0.0244140625,-0.06103515625,0.87890625,-0.146484375,-0.48828125,-0.2685546875,-0.48828125
0,-0.146484375,-0.37841796875,0.01220703125,-0.390625,-0.25634765625,-0.4150390625,0.048828125,-0.048828125,0.1708984375,-0.01220703125,-0.341796875,-0.89111328125,-0.1953125,1.0498046875,0.2685546875,-0.23193359375,-0.3662109375,-0.732421875,-0.01220703125,-0.244140625,-0.5126953125,0.74462890625,-0.0244140625,-0.8056640625,-0.13427734375,-0.18310546875,-0.0732421875,-0.81787109375,0.09765625,0.87890625,-0.32958984375,0.23193359375,0.06103515625,-0.32958984375,0.50048828125,-0.84228515625,0.08544921875,-0.42724609375,0.0244140625,-0.732421875,0.40283203125,-0.15869140625,0.28076171875,-0.6103515625,-0.390625,-0.45166015625,0.341796875,0.67138671875,0,1.123046875,-0.1953125,0.537109375,0.341796875,-0.1708984375,-0.048828125,0.732421875,0.390625,8.21533203125,0.0244140625,4.296875,0.08544921875,4.18701171875,-0.06103515625,5.3466796875,0.0732421875,0.25634765625,0.3662109375,1.0498046875,0.1953125,0.2197265625,-0.03662109375,0.20751953125,0.29296875,0.28076171875,-0.13427734375,0.91552734375,-0.18310546875,0.048828125,-0.2197265625,1.35498046875,0.08544921875,-0.93994140625,0.03662109375,-0.3662109375,-0.06103515625,-0.9765625,0.35400390625,-0.76904296875,0.25634765625,-1.46484375,-0.146484375,-0.2197265625,0.2197265625,-0.29296875,-0.20751953125,-1.15966796875,-0.0244140625,0.3173828125,-0.2197265625,0.3662109375,-0.20751953125,-0.06103515625,-0.15869140625,0.29296875,0.18310546875,0.048828125,-0.0732421875,-1.4404296875,-0.146484375,-1.01318359375,-0.01220703125,0.40283203125,-0.0732421875,0.35400390625,0.048828125,0,-0.048828125,0.01220703125,-0.08544921875,0.1708984375,-0.20751953125,0.048828125,-0.048828125,0.89111328125,-0.18310546875,-0.48828125,-0.3173828125,-0.50048828125
0,-0.15869140625,-0.35400390625,0.03662109375,-0.390625,-0.28076171875,-0.40283203125,0.03662109375,-0.048828125,0.15869140625,-0.01220703125,-0.3173828125,-0.87890625,-0.20751953125,1.0498046875,0.25634765625,-0.244140625,-0.40283203125,-0.72021484375,0.10986328125,-0.2685546875,-0.4638671875,0.7568359375,0.1220703125,-0.8056640625,-0.25634765625,-0.1953125,-0.08544921875,-0.830078125,-0.03662109375,0.89111328125,-0.390625,0.2197265625,0.244140625,-0.29296875,0.390625,-0.81787109375,0.09765625,-0.40283203125,0.01220703125,-0.732421875,0.537109375,-0.146484375,0.23193359375,-0.5859375,-0.244140625,-0.390625,0.32958984375,0.68359375,0.0244140625,1.1474609375,-0.23193359375,0.52490234375,0.23193359375,-0.20751953125,-0.10986328125,0.7080078125,0.537109375,9.912109375,0.048828125,5.13916015625,0.18310546875,5.029296875,-0.0244140625,6.54296875,0.0732421875,0.25634765625,0.35400390625,1.06201171875,0.20751953125,0.20751953125,-0.0732421875,0.20751953125,0.25634765625,0.28076171875,-0.1708984375,0.9521484375,-0.18310546875,0.048828125,-0.23193359375,1.3427734375,0.08544921875,-0.9521484375,0.048828125,-0.37841796875,-0.01220703125,-0.9521484375,0.30517578125,-0.76904296875,0.2685546875,-1.47705078125,-0.048828125,-0.23193359375,0.3173828125,-0.3173828125,-0.1708984375,-1.18408203125,-0.0732421875,0.5859375,-0.3173828125,0.67138671875,-0.13427734375,0.10986328125,-0.18310546875,0.69580078125,0.28076171875,0.06103515625,-0.048828125,-1.45263671875,-0.1220703125,-1.03759765625,-0.03662109375,0.390625,-0.048828125,0.35400390625,0.06103515625,0,-0.06103515625,0,-0.06103515625,0.18310546875,-0.1953125,0.0244140625,-0.048828125,0.87890625,-0.20751953125,-0.50048828125,-0.341796875,-0.48828125
0,-0.146484375,-0.3662109375,0.0244140625,-0.3662109375,-0.32958984375,-0.37841796875,0.01220703125,-0.06103515625,0.13427734375,-0.0244140625,-0.30517578125,-0.87890625,-0.2197265625,1.06201171875,0.244140625,-0.2685546875,-0.4150390625,-0.7080078125,0.18310546875,-0.25634765625,-0.35400390625,0.74462890625,0.2197265625,-0.78125,-0.40283203125,-0.20751953125,-0.10986328125,-0.830078125,-0.1708984375,0.9033203125,-0.45166015625,0.2197265625,0.3662109375,-0.2197265625,0.23193359375,-0.8056640625,0.10986328125,-0.3662109375,-0.0244140625,-0.72021484375,0.5859375,-0.15869140625,0.18310546875,-0.54931640625,-0.048828125,-0.3173828125,0.30517578125,0.69580078125,0.048828125,1.171875,-0.28076171875,0.48828125,0.0732421875,-0.23193359375,-0.1708984375,0.7080078125,0.57373046875,11.4501953125,0.06103515625,5.859375,0.25634765625,5.7861328125,-0.01220703125,7.568359375,0.09765625,0.28076171875,0.28076171875,1.06201171875,0.2197265625,0.2197265625,-0.09765625,0.23193359375,0.18310546875,0.28076171875,-0.1953125,0.927734375,-0.13427734375,0.03662109375,-0.2197265625,1.35498046875,0.06103515625,-0.9521484375,0.048828125,-0.3662109375,0.08544921875,-0.93994140625,0.146484375,-0.74462890625,0.28076171875,-1.47705078125,0.01220703125,-0.25634765625,0.35400390625,-0.30517578125,-0.13427734375,-1.1962890625,-0.0732421875,0.732421875,-0.35400390625,0.87890625,-0.048828125,0.23193359375,-0.1953125,1.0498046875,0.35400390625,0.0732421875,-0.0244140625,-1.45263671875,-0.10986328125,-1.03759765625,-0.09765625,0.4150390625,-0.0732421875,0.390625,0.03662109375,0,-0.0732421875,-0.0244140625,-0.08544921875,0.1708984375,-0.1953125,0.03662109375,-0.06103515625,0.89111328125,-0.20751953125,-0.50048828125,-0.35400390625,-0.48828125
0,-0.146484375,-0.341796875,0.0244140625,-0.3662109375,-0.35400390625,-0.37841796875,-0.01220703125,-0.03662109375,0.13427734375,-0.01220703125,-0.2685546875,-0.89111328125,-0.25634765625,1.08642578125,0.244140625,-0.25634765625,-0.37841796875,-0.72021484375,0.2197265625,-0.244140625,-0.2197265625,0.732421875,0.244140625,-0.78125,-0.4638671875,-0.1953125,-0.15869140625,-0.8056640625,-0.25634765625,0.89111328125,-0.390625,0.244140625,0.439453125,-0.1953125,0.09765625,-0.79345703125,0.06103515625,-0.37841796875,-0.03662109375,-0.732421875,0.54931640625,-0.1708984375,0.146484375,-0.54931640625,0.01220703125,-0.2685546875,0.3173828125,0.72021484375,0.1220703125,1.18408203125,-0.30517578125,0.45166015625,-0.03662109375,-0.2197265625,-0.18310546875,0.7080078125,0.42724609375,12.70751953125,0.06103515625,6.38427734375,0.35400390625,6.34765625,-0.0732421875,8.3740234375,0.06103515625,0.28076171875,0.1953125,1.06201171875,0.1953125,0.20751953125,-0.1708984375,0.2685546875,0.146484375,0.29296875,-0.2197265625,0.91552734375,-0.0732421875,0.0244140625,-0.244140625,1.3671875,0.0244140625,-0.96435546875,0.06103515625,-0.3662109375,0.15869140625,-0.93994140625,-0.06103515625,-0.76904296875,0.32958984375,-1.50146484375,0.0732421875,-0.2685546875,0.32958984375,-0.30517578125,-0.01220703125,-1.18408203125,-0.0732421875,0.8056640625,-0.341796875,0.9521484375,0.03662109375,0.2685546875,-0.2197265625,1.23291015625,0.35400390625,0.01220703125,0,-1.46484375,-0.0732421875,-1.025390625,-0.15869140625,0.4150390625,-0.0732421875,0.37841796875,0.01220703125,-0.01220703125,-0.08544921875,-0.048828125,-0.09765625,0.18310546875,-0.1708984375,0.0244140625,-0.08544921875,0.8544921875,-0.2197265625,-0.52490234375,-0.37841796875,-0.5126953125
0,-0.1220703125,-0.32958984375,-0.01220703125,-0.35400390625,-0.40283203125,-0.32958984375,-0.01220703125,-0.03662109375,0.1220703125,0,-0.244140625,-0.89111328125,-0.25634765625,1.11083984375,0.20751953125,-0.244140625,-0.32958984375,-0.72021484375,0.23193359375,-0.23193359375,-0.048828125,0.732421875,0.2197265625,-0.78125,-0.45166015625,-0.1953125,-0.18310546875,-0.8056640625,-0.32958984375,0.86669921875,-0.3173828125,0.25634765625,0.37841796875,-0.1953125,-0.03662109375,-0.81787109375,0,-0.390625,-0.0732421875,-0.732421875,0.42724609375,-0.20751953125,0.13427734375,-0.52490234375,0.048828125,-0.29296875,0.42724609375,0.69580078125,0.15869140625,1.1962890625,-0.29296875,0.4638671875,-0.1708984375,-0.23193359375,-0.1953125,0.7080078125,0.37841796875,13.5986328125,0.13427734375,6.72607421875,0.45166015625,6.7138671875,-0.0244140625,8.88671875,0.01220703125,0.29296875,0.1220703125,1.0498046875,0.18310546875,0.20751953125,-0.25634765625,0.2685546875,0.048828125,0.28076171875,-0.25634765625,0.9033203125,0.01220703125,0.0244140625,-0.2685546875,1.35498046875,0,-0.96435546875,0.06103515625,-0.3662109375,0.15869140625,-0.93994140625,-0.23193359375,-0.7568359375,0.3662109375,-1.513671875,0.09765625,-0.28076171875,0.28076171875,-0.30517578125,0.13427734375,-1.20849609375,-0.06103515625,0.732421875,-0.28076171875,0.9033203125,0.06103515625,0.2197265625,-0.23193359375,1.2451171875,0.35400390625,-0.048828125,-0.0244140625,-1.46484375,-0.03662109375,-1.03759765625,-0.13427734375,0.40283203125,-0.08544921875,0.390625,0.03662109375,0,-0.0732421875,-0.06103515625,-0.10986328125,0.1708984375,-0.18310546875,0.01220703125,-0.0732421875,0.8544921875,-0.1953125,-0.52490234375,-0.35400390625,-0.52490234375
0,-0.10986328125,-0.3173828125,-0.0244140625,-0.3173828125,-0.40283203125,-0.3173828125,-0.03662109375,-0.01220703125,0.13427734375,0.01220703125,-0.18310546875,-0.89111328125,-0.29296875,1.13525390625,0.18310546875,-0.23193359375,-0.23193359375,-0.72021484375,0.2197265625,-0.25634765625,0.048828125,0.69580078125,0.1708984375,-0.78125,-0.42724609375,-0.18310546875,-0.25634765625,-0.79345703125,-0.35400390625,0.86669921875,-0.18310546875,0.23193359375,0.25634765625,-0.2197265625,-0.1953125,-0.84228515625,-0.06103515625,-0.390625,-0.10986328125,-0.732421875,0.244140625,-0.1953125,0.1220703125,-0.50048828125,0.01220703125,-0.28076171875,0.4638671875,0.7080078125,0.1953125,1.1962890625,-0.30517578125,0.47607421875,-0.25634765625,-0.1953125,-0.244140625,0.72021484375,0.30517578125,14.12353515625,0.09765625,6.8603515625,0.439453125,6.87255859375,-0.01220703125,9.14306640625,-0.0244140625,0.28076171875,0.048828125,1.0498046875,0.13427734375,0.20751953125,-0.30517578125,0.25634765625,-0.03662109375,0.2685546875,-0.25634765625,0.86669921875,0.0732421875,0.01220703125,-0.341796875,1.37939453125,-0.048828125,-0.9521484375,0.06103515625,-0.341796875,0.1220703125,-0.93994140625,-0.3662109375,-0.7568359375,0.3662109375,-1.4892578125,0.09765625,-0.29296875,0.2197265625,-0.30517578125,0.25634765625,-1.20849609375,-0.048828125,0.54931640625,-0.1708984375,0.74462890625,0.146484375,0.08544921875,-0.13427734375,1.06201171875,0.28076171875,-0.146484375,-0.03662109375,-1.4892578125,-0.01220703125,-1.0498046875,-0.13427734375,0.40283203125,-0.1220703125,0.40283203125,0.06103515625,0,-0.0732421875,-0.06103515625,-0.1220703125,0.18310546875,-0.15869140625,-0.0244140625,-0.06103515625,0.830078125,-0.1953125,-0.48828125,-0.341796875,-0.52490234375
0,-0.10986328125,-0.29296875,-0.0244140625,-0.29296875,-0.390625,-0.32958984375,-0.03662109375,-0.01220703125,0.146484375,0,-0.1708984375,-0.87890625,-0.29296875,1.1474609375,0.1708984375,-0.2197265625,-0.15869140625,-0.7080078125,0.1708984375,-0.244140625,0.1220703125,0.7080078125,0.146484375,-0.76904296875,-0.37841796875,-0.146484375,-0.25634765625,-0.79345703125,-0.29296875,0.87890625,-0.048828125,0.25634765625,0.01220703125,-0.244140625,-0.3173828125,-0.87890625,-0.146484375,-0.4150390625,-0.146484375,-0.74462890625,0.06103515625,-0.20751953125,0.0732421875,-0.48828125,-0.0244140625,-0.3173828125,0.5126953125,0.69580078125,0.20751953125,1.18408203125,-0.20751953125,0.4638671875,-0.32958984375,-0.1708984375,-0.29296875,0.74462890625,0.3173828125,14.2578125,0.146484375,6.77490234375,0.4638671875,6.8603515625,0.01220703125,9.1064453125,-0.0732421875,0.30517578125,0,1.0498046875,0.10986328125,0.20751953125,-0.35400390625,0.23193359375,-0.09765625,0.2685546875,-0.2685546875,0.86669921875,0.10986328125,0.01220703125,-0.341796875,1.37939453125,-0.0732421875,-0.9521484375,0.048828125,-0.341796875,-0.0244140625,-0.93994140625,-0.390625,-0.78125,0.35400390625,-1.52587890625,0.06103515625,-0.29296875,0.1708984375,-0.3173828125,0.37841796875,-1.1962890625,-0.146484375,0.3173828125,-0.09765625,0.45166015625,0.09765625,-0.10986328125,0,0.732421875,0.15869140625,-0.20751953125,-0.0732421875,-1.47705078125,-0.01220703125,-1.06201171875,-0.08544921875,0.40283203125,-0.146484375,0.37841796875,0.0732421875,-0.01220703125,-0.06103515625,-0.06103515625,-0.1220703125,0.1708984375,-0.1708984375,-0.048828125,-0.03662109375,0.81787109375,-0.18310546875,-0.50048828125,-0.32958984375,-0.52490234375
0,-0.10986328125,-0.29296875,-0.0244140625,-0.3173828125,-0.4150390625,-0.32958984375,-0.048828125,-0.048828125,0.1220703125,-0.01220703125,-0.1708984375,-0.86669921875,-0.25634765625,1.15966796875,0.10986328125,-0.23193359375,-0.08544921875,-0.68359375,0.146484375,-0.2197265625,0.1220703125,0.72021484375,0.09765625,-0.76904296875,-0.29296875,-0.13427734375,-0.244140625,-0.78125,-0.23193359375,0.86669921875,0,0.23193359375,-0.20751953125,-0.28076171875,-0.4150390625,-0.9033203125,-0.1953125,-0.45166015625,-0.1953125,-0.78125,-0.1220703125,-0.244140625,0.03662109375,-0.48828125,-0.10986328125,-0.37841796875,0.50048828125,0.6591796875,0.1708984375,1.15966796875,-0.1708984375,0.4638671875,-0.4150390625,-0.146484375,-0.3173828125,0.76904296875,0.18310546875,14.07470703125,0.15869140625,6.57958984375,0.4150390625,6.689453125,0.09765625,8.88671875,-0.08544921875,0.30517578125,-0.06103515625,1.06201171875,0.06103515625,0.20751953125,-0.37841796875,0.23193359375,-0.15869140625,0.2685546875,-0.244140625,0.8056640625,0.1708984375,0.01220703125,-0.30517578125,1.3671875,-0.09765625,-0.9765625,0.03662109375,-0.35400390625,-0.1708984375,-0.98876953125,-0.32958984375,-0.79345703125,0.28076171875,-1.5380859375,0.03662109375,-0.28076171875,0.1220703125,-0.30517578125,0.390625,-1.18408203125,-0.18310546875,0.03662109375,0.0244140625,0.15869140625,0.06103515625,-0.29296875,0.09765625,0.341796875,0.0732421875,-0.28076171875,-0.146484375,-1.4892578125,-0.0244140625,-1.0498046875,-0.06103515625,0.40283203125,-0.146484375,0.3662109375,0.06103515625,-0.01220703125,-0.06103515625,-0.0732421875,-0.1220703125,0.1708984375,-0.1708984375,-0.06103515625,-0.06103515625,0.8056640625,-0.1708984375,-0.47607421875,-0.28076171875,-0.54931640625
0,-0.10986328125,-0.29296875,-0.01220703125,-0.3173828125,-0.40283203125,-0.35400390625,-0.048828125,-0.03662109375,0.1220703125,-0.0244140625,-0.146484375,-0.86669921875,-0.25634765625,1.13525390625,0.08544921875,-0.25634765625,-0.048828125,-0.69580078125,0.08544921875,-0.244140625,0.09765625,0.732421875,0.048828125,-0.79345703125,-0.18310546875,-0.1220703125,-0.20751953125,-0.81787109375,-0.10986328125,0.8544921875,0.048828125,0.2197265625,-0.3662109375,-0.35400390625,-0.48828125,-0.9521484375,-0.20751953125,-0.47607421875,-0.23193359375,-0.79345703125,-0.18310546875,-0.25634765625,-0.09765625,-0.5126953125,-0.2197265625,-0.45166015625,0.42724609375,0.6591796875,0.1220703125,1.123046875,-0.06103515625,0.4638671875,-0.45166015625,-0.1220703125,-0.40283203125,0.79345703125,0.06103515625,13.6474609375,0.09765625,6.31103515625,0.439453125,6.4208984375,0.18310546875,8.544921875,-0.10986328125,0.30517578125,-0.15869140625,1.06201171875,0.0244140625,0.20751953125,-0.37841796875,0.2197265625,-0.2197265625,0.2685546875,-0.20751953125,0.8056640625,0.15869140625,0.03662109375,-0.2685546875,1.37939453125,-0.08544921875,-0.9765625,0.0244140625,-0.3662109375,-0.341796875,-1.0009765625,-0.23193359375,-0.8056640625,0.244140625,-1.50146484375,-0.03662109375,-0.28076171875,0.10986328125,-0.2685546875,0.30517578125,-1.15966796875,-0.146484375,-0.15869140625,0.10986328125,-0.10986328125,0.03662109375,-0.42724609375,0.13427734375,-0.03662109375,0.0244140625,-0.3662109375,-0.23193359375,-1.47705078125,-0.06103515625,-1.0498046875,-0.06103515625,0.42724609375,-0.146484375,0.35400390625,0.048828125,-0.0244140625,-0.0732421875,-0.0732421875,-0.09765625,0.15869140625,-0.1708984375,-0.0732421875,-0.0244140625,0.79345703125,-0.15869140625,-0.50048828125,-0.2685546875,-0.52490234375
0,-0.1220703125,-0.30517578125,-0.01220703125,-0.341796875,-0.40283203125,-0.37841796875,-0.03662109375,-0.0732421875,0.09765625,-0.0244140625,-0.146484375,-0.8544921875,-0.23193359375,1.13525390625,0.048828125,-0.25634765625,-0.048828125,-0.69580078125,0.0732421875,-0.244140625,-0.0244140625,0.732421875,0.01220703125,-0.78125,-0.10986328125,-0.10986328125,-0.146484375,-0.830078125,0,0.8544921875,0.03662109375,0.23193359375,-0.439453125,-0.390625,-0.48828125,-0.9521484375,-0.2197265625,-0.5126953125,-0.23193359375,-0.79345703125,-0.146484375,-0.2197265625,-0.20751953125,-0.50048828125,-0.30517578125,-0.50048828125,0.4638671875,0.68359375,0.06103515625,1.0986328125,0.0244140625,0.45166015625,-0.45166015625,-0.09765625,-0.48828125,0.78125,0.0244140625,13.07373046875,0.0732421875,6.005859375,0.50048828125,6.1279296875,0.20751953125,8.09326171875,-0.146484375,0.29296875,-0.1953125,1.0498046875,-0.01220703125,0.20751953125,-0.35400390625,0.1953125,-0.29296875,0.244140625,-0.15869140625,0.81787109375,0.15869140625,0.03662109375,-0.20751953125,1.3916015625,-0.09765625,-1.0009765625,0.0244140625,-0.32958984375,-0.45166015625,-0.9765625,-0.09765625,-0.8056640625,0.2197265625,-1.45263671875,-0.0732421875,-0.28076171875,0.10986328125,-0.32958984375,0.1708984375,-1.1962890625,-0.08544921875,-0.30517578125,0.146484375,-0.29296875,-0.01220703125,-0.52490234375,0.146484375,-0.32958984375,0.03662109375,-0.439453125,-0.3173828125,-1.47705078125,-0.1220703125,-1.03759765625,-0.06103515625,0.4150390625,-0.15869140625,0.341796875,0.03662109375,-0.0244140625,-0.06103515625,-0.08544921875,-0.0732421875,0.15869140625,-0.15869140625,-0.048828125,-0.0244140625,0.79345703125,-0.13427734375,-0.48828125,-0.2197265625,-0.52490234375
0,-0.13427734375,-0.30517578125,-0.0244140625,-0.35400390625,-0.40283203125,-0.40283203125,-0.03662109375,-0.08544921875,0.048828125,-0.048828125,-0.146484375,-0.87890625,-0.20751953125,1.0986328125,0.0244140625,-0.25634765625,-0.1220703125,-0.68359375,0.06103515625,-0.25634765625,-0.15869140625,0.732421875,-0.09765625,-0.78125,-0.06103515625,-0.1220703125,-0.048828125,-0.81787109375,0.09765625,0.84228515625,-0.03662109375,0.2197265625,-0.3662109375,-0.35400390625,-0.50048828125,-0.96435546875,-0.18310546875,-0.5126953125,-0.2197265625,-0.78125,-0.09765625,-0.20751953125,-0.30517578125,-0.52490234375,-0.341796875,-0.48828125,0.3662109375,0.68359375,-0.0244140625,1.08642578125,0.0244140625,0.45166015625,-0.4638671875,-0.10986328125,-0.537109375,0.76904296875,0.06103515625,12.4267578125,0.048828125,5.72509765625,0.48828125,5.810546875,0.2197265625,7.67822265625,-0.1708984375,0.30517578125,-0.25634765625,1.025390625,-0.048828125,0.20751953125,-0.30517578125,0.1953125,-0.3662109375,0.25634765625,-0.08544921875,0.8056640625,0.15869140625,0.048828125,-0.1708984375,1.37939453125,-0.0732421875,-1.025390625,0.048828125,-0.3173828125,-0.5126953125,-0.98876953125,0.0244140625,-0.79345703125,0.1953125,-1.4404296875,-0.09765625,-0.2685546875,0.13427734375,-0.32958984375,0.0244140625,-1.18408203125,-0.048828125,-0.3662109375,0.06103515625,-0.37841796875,-0.146484375,-0.57373046875,-0.01220703125,-0.47607421875,0.06103515625,-0.48828125,-0.390625,-1.4404296875,-0.1708984375,-1.025390625,-0.06103515625,0.4150390625,-0.1220703125,0.32958984375,0.01220703125,-0.01220703125,-0.0732421875,-0.10986328125,-0.06103515625,0.146484375,-0.18310546875,-0.06103515625,0,0.78125,-0.09765625,-0.48828125,-0.20751953125,-0.5126953125
0,-0.1220703125,-0.32958984375,-0.0244140625,-0.3662109375,-0.40283203125,-0.390625,-0.048828125,-0.08544921875,0.06103515625,-0.048828125,-0.146484375,-0.87890625,-0.20751953125,1.0986328125,0.048828125,-0.2685546875,-0.1953125,-0.68359375,0.03662109375,-0.25634765625,-0.29296875,0.7568359375,-0.146484375,-0.76904296875,0,-0.13427734375,0.0244140625,-0.81787109375,0.15869140625,0.89111328125,-0.03662109375,0.2197265625,-0.18310546875,-0.37841796875,-0.439453125,-0.96435546875,-0.13427734375,-0.52490234375,-0.1708984375,-0.78125,-0.0244140625,-0.1953125,-0.3662109375,-0.54931640625,-0.37841796875,-0.47607421875,0.244140625,0.7080078125,-0.06103515625,1.0986328125,0.09765625,0.45166015625,-0.439453125,-0.1220703125,-0.5615234375,0.74462890625,0.10986328125,11.80419921875,0.03662109375,5.46875,0.5126953125,5.50537109375,0.244140625,7.2998046875,-0.18310546875,0.2685546875,-0.2685546875,1.01318359375,-0.08544921875,0.20751953125,-0.25634765625,0.18310546875,-0.4150390625,0.25634765625,-0.03662109375,0.84228515625,0.18310546875,0.048828125,-0.13427734375,1.3427734375,-0.06103515625,-1.0009765625,0.048828125,-0.32958984375,-0.439453125,-0.98876953125,0.048828125,-0.79345703125,0.15869140625,-1.416015625,-0.10986328125,-0.25634765625,0.1220703125,-0.3173828125,-0.09765625,-1.18408203125,0.09765625,-0.35400390625,0.08544921875,-0.390625,-0.1220703125,-0.5615234375,0.0244140625,-0.47607421875,0.08544921875,-0.537109375,-0.4638671875,-1.42822265625,-0.18310546875,-1.03759765625,-0.048828125,0.42724609375,-0.10986328125,0.30517578125,-0.01220703125,-0.0244140625,-0.06103515625,-0.1220703125,-0.03662109375,0.15869140625,-0.18310546875,-0.03662109375,0.01220703125,0.79345703125,-0.10986328125,-0.50048828125,-0.1953125,-0.5126953125
1,-0.146484375,-0.3173828125,-0.01220703125,-0.37841796875,-0.37841796875,-0.40283203125,-0.06103515625,-0.08544921875,0.0244140625,-0.03662109375,-0.146484375,-0.86669921875,-0.1953125,1.07421875,0.0244140625,-0.244140625,-0.244140625,-0.69580078125,0,-0.25634765625,-0.4150390625,0.76904296875,-0.20751953125,-0.79345703125,0,-0.13427734375,0.09765625,-0.8056640625,0.15869140625,0.9033203125,-0.0244140625,0.23193359375,0,-0.35400390625,-0.3173828125,-0.9521484375,-0.09765625,-0.5126953125,-0.18310546875,-0.78125,0.08544921875,-0.1953125,-0.28076171875,-0.59814453125,-0.390625,-0.439453125,0.25634765625,0.72021484375,-0.10986328125,1.0986328125,0.1220703125,0.45166015625,-0.37841796875,-0.146484375,-0.54931640625,0.732421875,0.2197265625,11.2060546875,-0.048828125,5.26123046875,0.5126953125,5.23681640625,0.244140625,6.97021484375,-0.18310546875,0.2685546875,-0.25634765625,1.025390625,-0.06103515625,0.1953125,-0.23193359375,0.20751953125,-0.40283203125,0.28076171875,0,0.84228515625,0.15869140625,0.0732421875,-0.0732421875,1.3427734375,-0.0732421875,-1.0009765625,0.0732421875,-0.3173828125,-0.30517578125,-0.93994140625,0.03662109375,-0.78125,0.13427734375,-1.3916015625,-0.09765625,-0.244140625,0.09765625,-0.341796875,-0.15869140625,-1.1962890625,0.18310546875,-0.29296875,0.08544921875,-0.32958984375,-0.13427734375,-0.50048828125,0,-0.32958984375,0.13427734375,-0.5615234375,-0.48828125,-1.4404296875,-0.15869140625,-1.0498046875,-0.0732421875,0.42724609375,-0.0732421875,0.3173828125,0.01220703125,-0.01220703125,-0.0732421875,-0.10986328125,-0.03662109375,0.15869140625,-0.18310546875,-0.03662109375,0.0244140625,0.74462890625,-0.08544921875,-0.50048828125,-0.18310546875,-0.5126953125
1,-0.146484375,-0.3173828125,0,-0.37841796875,-0.3662109375,-0.4150390625,-0.06103515625,-0.0732421875,-0.01220703125,-0.01220703125,-0.09765625,-0.8544921875,-0.1708984375,1.06201171875,0.03662109375,-0.2197265625,-0.25634765625,-0.72021484375,-0.01220703125,-0.2685546875,-0.45166015625,0.76904296875,-0.23193359375,-0.8056640625,0,-0.15869140625,0.1220703125,-0.8056640625,0.1220703125,0.927734375,0.01220703125,0.2197265625,0.18310546875,-0.3173828125,-0.146484375,-0.927734375,-0.06103515625,-0.50048828125,-0.1708984375,-0.76904296875,0.18310546875,-0.20751953125,-0.1708984375,-0.62255859375,-0.390625,-0.40283203125,0.1708984375,0.72021484375,-0.1953125,1.123046875,0.13427734375,0.45166015625,-0.32958984375,-0.18310546875,-0.4638671875,0.732421875,0.2685546875,10.65673828125,-0.08544921875,5.09033203125,0.5126953125,5.029296875,0.25634765625,6.70166015625,-0.20751953125,0.244140625,-0.25634765625,1.03759765625,-0.06103515625,0.18310546875,-0.23193359375,0.2197265625,-0.4150390625,0.28076171875,0.03662109375,0.86669921875,0.1708984375,0.06103515625,-0.03662109375,1.3671875,-0.09765625,-0.98876953125,0.08544921875,-0.30517578125,-0.15869140625,-0.927734375,-0.0732421875,-0.78125,0.048828125,-1.40380859375,-0.09765625,-0.23193359375,0.0244140625,-0.341796875,-0.1953125,-1.20849609375,0.1708984375,-0.2685546875,0.03662109375,-0.2685546875,-0.2197265625,-0.439453125,-0.146484375,-0.1220703125,0.1220703125,-0.5859375,-0.45166015625,-1.4404296875,-0.1220703125,-1.0498046875,-0.10986328125,0.4150390625,-0.048828125,0.3173828125,0,0.01220703125,-0.0732421875,-0.08544921875,-0.0244140625,0.146484375,-0.18310546875,-0.03662109375,0.0244140625,0.74462890625,-0.08544921875,-0.5126953125,-0.20751953125,-0.537109375
1,-0.13427734375,-0.3173828125,-0.01220703125,-0.35400390625,-0.35400390625,-0.37841796875,-0.0732421875,-0.06103515625,-0.048828125,-0.0244140625,-0.10986328125,-0.86669921875,-0.146484375,1.07421875,0.0244140625,-0.20751953125,-0.28076171875,-0.732421875,-0.06103515625,-0.28076171875,-0.40283203125,0.76904296875,-0.2197265625,-0.79345703125,0.048828125,-0.1953125,0.08544921875,-0.79345703125,0.0732421875,0.91552734375,0.0732421875,0.2197265625,0.29296875,-0.2685546875,0.10986328125,-0.9033203125,-0.01220703125,-0.48828125,-0.13427734375,-0.74462890625,0.23193359375,-0.18310546875,-0.03662109375,-0.6591796875,-0.390625,-0.32958984375,0.13427734375,0.72021484375,-0.23193359375,1.1474609375,0.0732421875,0.4638671875,-0.23193359375,-0.2197265625,-0.4150390625,0.72021484375,0.20751953125,10.1806640625,-0.13427734375,4.91943359375,0.54931640625,4.82177734375,0.244140625,6.48193359375,-0.25634765625,0.244140625,-0.23193359375,1.03759765625,-0.03662109375,0.1708984375,-0.244140625,0.2197265625,-0.35400390625,0.28076171875,0.06103515625,0.927734375,0.13427734375,0.0732421875,-0.03662109375,1.35498046875,-0.08544921875,-0.9521484375,0.09765625,-0.30517578125,0.01220703125,-0.93994140625,-0.18310546875,-0.7568359375,0.0244140625,-1.42822265625,-0.08544921875,-0.244140625,-0.048828125,-0.32958984375,-0.15869140625,-1.220703125,0.1708984375,-0.20751953125,0.13427734375,-0.20751953125,-0.13427734375,-0.390625,-0.1708984375,0.0732421875,0.08544921875,-0.62255859375,-0.37841796875,-1.42822265625,-0.10986328125,-1.03759765625,-0.1708984375,0.4150390625,-0.048828125,0.341796875,-0.01220703125,0,-0.08544921875,-0.08544921875,-0.06103515625,0.15869140625,-0.1953125,-0.03662109375,0.0244140625,0.69580078125,-0.06103515625,-0.5126953125,-0.2197265625,-0.5615234375
1,-0.13427734375,-0.3173828125,0,-0.35400390625,-0.37841796875,-0.3662109375,-0.0732421875,-0.0732421875,-0.06103515625,0,-0.08544921875,-0.8544921875,-0.09765625,1.07421875,0.0244140625,-0.2197265625,-0.244140625,-0.732421875,-0.0732421875,-0.2685546875,-0.341796875,0.7568359375,-0.18310546875,-0.81787109375,0.048828125,-0.18310546875,0.0244140625,-0.79345703125,-0.01220703125,0.9033203125,0.03662109375,0.2197265625,0.25634765625,-0.20751953125,0.40283203125,-0.86669921875,0,-0.4638671875,-0.08544921875,-0.7568359375,0.25634765625,-0.20751953125,0.06103515625,-0.7080078125,-0.37841796875,-0.2685546875,0.13427734375,0.7080078125,-0.25634765625,1.171875,-0.048828125,0.50048828125,-0.146484375,-0.23193359375,-0.341796875,0.72021484375,0.15869140625,9.72900390625,-0.10986328125,4.77294921875,0.5859375,4.67529296875,0.1708984375,6.25,-0.25634765625,0.2685546875,-0.2197265625,1.03759765625,0,0.1708984375,-0.28076171875,0.23193359375,-0.30517578125,0.30517578125,0.146484375,0.927734375,0.13427734375,0.048828125,-0.03662109375,1.35498046875,-0.08544921875,-0.96435546875,0.10986328125,-0.3173828125,0.1220703125,-0.91552734375,-0.2197265625,-0.74462890625,0.03662109375,-1.416015625,-0.08544921875,-0.244140625,-0.146484375,-0.32958984375,-0.06103515625,-1.20849609375,0.06103515625,-0.1953125,0.146484375,-0.18310546875,-0.09765625,-0.37841796875,-0.28076171875,0.244140625,0,-0.6591796875,-0.28076171875,-1.45263671875,-0.10986328125,-1.03759765625,-0.20751953125,0.4150390625,-0.048828125,0.341796875,0,0.01220703125,-0.0732421875,-0.09765625,-0.0732421875,0.146484375,-0.1708984375,-0.03662109375,0.01220703125,0.72021484375,-0.048828125,-0.52490234375,-0.23193359375,-0.57373046875
1,-0.1220703125,-0.3173828125,-0.01220703125,-0.341796875,-0.40283203125,-0.35400390625,-0.09765625,-0.03662109375,-0.1220703125,0,-0.06103515625,-0.86669921875,-0.10986328125,1.08642578125,0,-0.25634765625,-0.244140625,-0.74462890625,-0.0732421875,-0.28076171875,-0.25634765625,0.7568359375,-0.1220703125,-0.81787109375,0.0732421875,-0.20751953125,-0.03662109375,-0.79345703125,-0.08544921875,0.9033203125,-0.0244140625,0.2197265625,0.1708984375,-0.20751953125,0.67138671875,-0.84228515625,-0.01220703125,-0.439453125,-0.06103515625,-0.74462890625,0.244140625,-0.1953125,0.15869140625,-0.72021484375,-0.3662109375,-0.2685546875,0.15869140625,0.7080078125,-0.1953125,1.171875,-0.10986328125,0.50048828125,-0.06103515625,-0.2197265625,-0.2685546875,0.72021484375,0.13427734375,9.31396484375,-0.1220703125,4.58984375,0.634765625,4.50439453125,0.1220703125,6.04248046875,-0.244140625,0.28076171875,-0.18310546875,1.06201171875,0.03662109375,0.1708984375,-0.29296875,0.23193359375,-0.2197265625,0.29296875,0.15869140625,0.93994140625,0.1220703125,0.01220703125,-0.06103515625,1.35498046875,-0.048828125,-0.9521484375,0.1220703125,-0.3173828125,0.146484375,-0.93994140625,-0.20751953125,-0.7568359375,0.0732421875,-1.46484375,-0.06103515625,-0.23193359375,-0.1708984375,-0.29296875,0.0244140625,-1.171875,-0.048828125,-0.23193359375,0.146484375,-0.18310546875,-0.0732421875,-0.40283203125,-0.37841796875,0.341796875,-0.06103515625,-0.72021484375,-0.15869140625,-1.47705078125,-0.08544921875,-1.0498046875,-0.2685546875,0.40283203125,-0.03662109375,0.35400390625,-0.0244140625,0.01220703125,-0.08544921875,-0.10986328125,-0.0732421875,0.15869140625,-0.18310546875,-0.03662109375,0.01220703125,0.68359375,-0.048828125,-0.537109375,-0.2197265625,-0.5859375
1,-0.13427734375,-0.3173828125,0,-0.341796875,-0.390625,-0.341796875,-0.1220703125,-0.048828125,-0.15869140625,0,-0.03662109375,-0.86669921875,-0.09765625,1.11083984375,-0.01220703125,-0.25634765625,-0.20751953125,-0.732421875,-0.03662109375,-0.244140625,-0.1708984375,0.7568359375,-0.0732421875,-0.8056640625,0.06103515625,-0.1708984375,-0.09765625,-0.8056640625,-0.1708984375,0.9033203125,-0.13427734375,0.23193359375,0.0244140625,-0.20751953125,0.8544921875,-0.830078125,-0.048828125,-0.4150390625,-0.0244140625,-0.732421875,0.25634765625,-0.18310546875,0.146484375,-0.7080078125,-0.35400390625,-0.244140625,0.2685546875,0.69580078125,-0.15869140625,1.171875,-0.09765625,0.5126953125,0.06103515625,-0.18310546875,-0.29296875,0.732421875,0.08544921875,8.89892578125,-0.1953125,4.3701171875,0.537109375,4.33349609375,0.08544921875,5.77392578125,-0.23193359375,0.30517578125,-0.13427734375,1.06201171875,0.048828125,0.1708984375,-0.32958984375,0.25634765625,-0.146484375,0.28076171875,0.1953125,0.93994140625,0.1220703125,0,-0.10986328125,1.37939453125,-0.01220703125,-0.927734375,0.13427734375,-0.30517578125,0.0732421875,-0.9521484375,-0.13427734375,-0.74462890625,0.146484375,-1.47705078125,-0.06103515625,-0.244140625,-0.15869140625,-0.29296875,0.08544921875,-1.171875,-0.15869140625,-0.29296875,0.13427734375,-0.2197265625,-0.03662109375,-0.45166015625,-0.4638671875,0.341796875,-0.03662109375,-0.76904296875,-0.08544921875,-1.47705078125,-0.048828125,-1.06201171875,-0.2685546875,0.40283203125,-0.048828125,0.35400390625,-0.0244140625,0.01220703125,-0.0732421875,-0.10986328125,-0.1220703125,0.15869140625,-0.1708984375,-0.03662109375,0.01220703125,0.69580078125,-0.048828125,-0.537109375,-0.20751953125,-0.57373046875
1,-0.146484375,-0.3173828125,0.01220703125,-0.32958984375,-0.40283203125,-0.32958984375,-0.10986328125,-0.06103515625,-0.20751953125,0.01220703125,-0.01220703125,-0.89111328125,-0.10986328125,1.123046875,-0.0244140625,-0.2685546875,-0.15869140625,-0.72021484375,0.03662109375,-0.2685546875,-0.1220703125,0.74462890625,-0.03662109375,-0.8056640625,0.0732421875,-0.1708984375,-0.1220703125,-0.79345703125,-0.20751953125,0.87890625,-0.244140625,0.23193359375,-0.13427734375,-0.18310546875,0.93994140625,-0.84228515625,-0.0732421875,-0.390625,-0.03662109375,-0.74462890625,0.2685546875,-0.1708984375,0.20751953125,-0.72021484375,-0.35400390625,-0.244140625,0.341796875,0.7080078125,-0.10986328125,1.15966796875,-0.13427734375,0.52490234375,0.15869140625,-0.146484375,-0.25634765625,0.74462890625,-0.0244140625,8.43505859375,-0.28076171875,4.1259765625,0.50048828125,4.11376953125,-0.0244140625,5.45654296875,-0.1953125,0.341796875,-0.048828125,1.07421875,0.0244140625,0.15869140625,-0.3173828125,0.28076171875,-0.1220703125,0.25634765625,0.23193359375,0.91552734375,0.10986328125,-0.0244140625,-0.15869140625,1.37939453125,-0.0244140625,-0.927734375,0.1220703125,-0.30517578125,-0.06103515625,-0.98876953125,-0.03662109375,-0.7568359375,0.1953125,-1.50146484375,-0.0244140625,-0.25634765625,-0.0732421875,-0.2685546875,0.1220703125,-1.1474609375,-0.1708984375,-0.35400390625,0.1220703125,-0.25634765625,0.01220703125,-0.47607421875,-0.439453125,0.30517578125,0,-0.84228515625,-0.048828125,-1.46484375,-0.03662109375,-1.03759765625,-0.244140625,0.40283203125,-0.0244140625,0.35400390625,-0.01220703125,0.01220703125,-0.06103515625,-0.1220703125,-0.13427734375,0.15869140625,-0.146484375,-0.048828125,0,0.72021484375,-0.03662109375,-0.52490234375,-0.2197265625,-0.5615234375
1,-0.13427734375,-0.30517578125,0.0244140625,-0.32958984375,-0.390625,-0.3662109375,-0.1708984375,-0.03662109375,-0.23193359375,0.01220703125,-0.01220703125,-0.86669921875,-0.0732421875,1.123046875,-0.06103515625,-0.2685546875,-0.15869140625,-0.7080078125,0.146484375,-0.25634765625,-0.048828125,0.732421875,0.01220703125,-0.81787109375,0.06103515625,-0.15869140625,-0.146484375,-0.79345703125,-0.18310546875,0.87890625,-0.32958984375,0.23193359375,-0.29296875,-0.23193359375,0.93994140625,-0.86669921875,-0.1220703125,-0.40283203125,-0.03662109375,-0.7568359375,0.30517578125,-0.18310546875,0.06103515625,-0.72021484375,-0.29296875,-0.29296875,0.42724609375,0.68359375,-0.08544921875,1.1474609375,-0.1953125,0.537109375,0.13427734375,-0.13427734375,-0.1708984375,0.732421875,0.0732421875,7.861328125,-0.2685546875,3.82080078125,0.47607421875,3.8818359375,-0.0244140625,5.04150390625,-0.146484375,0.32958984375,0.0244140625,1.06201171875,0,0.15869140625,-0.28076171875,0.23193359375,-0.0732421875,0.2685546875,0.23193359375,0.91552734375,0.048828125,-0.0244140625,-0.146484375,1.3671875,0.01220703125,-0.9521484375,0.13427734375,-0.32958984375,-0.20751953125,-0.9765625,0.0732421875,-0.76904296875,0.244140625,-1.4892578125,-0.01220703125,-0.25634765625,0.048828125,-0.244140625,0.10986328125,-1.1474609375,-0.18310546875,-0.341796875,0.06103515625,-0.25634765625,0.0244140625,-0.48828125,-0.244140625,0.2197265625,0.0244140625,-0.87890625,-0.08544921875,-1.47705078125,-0.03662109375,-1.03759765625,-0.23193359375,0.40283203125,-0.03662109375,0.35400390625,0,0.0244140625,-0.06103515625,-0.10986328125,-0.09765625,0.1708984375,-0.15869140625,-0.03662109375,0,0.74462890625,-0.01220703125,-0.52490234375,-0.1953125,-0.54931640625
1,-0.146484375,-0.30517578125,0.03662109375,-0.341796875,-0.4150390625,-0.37841796875,-0.18310546875,-0.03662109375,-0.244140625,-0.01220703125,0,-0.87890625,-0.0732421875,1.13525390625,-0.08544921875,-0.2685546875,-0.1708984375,-0.69580078125,0.2685546875,-0.244140625,-0.01220703125,0.732421875,0.03662109375,-0.81787109375,0.01220703125,-0.146484375,-0.146484375,-0.79345703125,-0.146484375,0.86669921875,-0.3662109375,0.2197265625,-0.35400390625,-0.3173828125,0.81787109375,-0.9033203125,-0.13427734375,-0.42724609375,-0.0244140625,-0.76904296875,0.3173828125,-0.1953125,-0.09765625,-0.69580078125,-0.23193359375,-0.3662109375,0.439453125,0.69580078125,-0.0732421875,1.13525390625,-0.244140625,0.52490234375,0.1220703125,-0.09765625,-0.10986328125,0.732421875,0.06103515625,7.1533203125,-0.35400390625,3.4912109375,0.390625,3.5888671875,-0.06103515625,4.5654296875,-0.0732421875,0.30517578125,0.08544921875,1.06201171875,-0.0244140625,0.146484375,-0.244140625,0.23193359375,-0.0244140625,0.244140625,0.244140625,0.927734375,0.01220703125,-0.03662109375,-0.146484375,1.37939453125,0.01220703125,-0.9521484375,0.10986328125,-0.341796875,-0.35400390625,-1.01318359375,0.15869140625,-0.78125,0.244140625,-1.47705078125,0.01220703125,-0.25634765625,0.15869140625,-0.23193359375,0.09765625,-1.1474609375,-0.15869140625,-0.29296875,-0.01220703125,-0.20751953125,0.0244140625,-0.47607421875,-0.048828125,0.15869140625,0.09765625,-0.9033203125,-0.15869140625,-1.47705078125,-0.03662109375,-1.025390625,-0.18310546875,0.4150390625,-0.06103515625,0.341796875,0,0.0244140625,-0.0732421875,-0.10986328125,-0.1220703125,0.15869140625,-0.146484375,-0.0244140625,0.01220703125,0.7568359375,-0.01220703125,-0.52490234375,-0.1708984375,-0.537109375
1,-0.15869140625,-0.30517578125,0.048828125,-0.32958984375,-0.40283203125,-0.390625,-0.18310546875,-0.03662109375,-0.2685546875,-0.03662109375,-0.01220703125,-0.87890625,-0.10986328125,1.11083984375,-0.10986328125,-0.25634765625,-0.18310546875,-0.69580078125,0.37841796875,-0.23193359375,-0.03662109375,0.74462890625,0.10986328125,-0.79345703125,-0.01220703125,-0.1220703125,-0.146484375,-0.81787109375,-0.08544921875,0.8544921875,-0.3662109375,0.2197265625,-0.3662109375,-0.35400390625,0.5859375,-0.91552734375,-0.13427734375,-0.439453125,-0.0244140625,-0.78125,0.30517578125,-0.1953125,-0.20751953125,-0.67138671875,-0.1220703125,-0.42724609375,0.4150390625,0.72021484375,-0.03662109375,1.13525390625,-0.1953125,0.48828125,0.15869140625,-0.1220703125,-0.0244140625,0.78125,0.0244140625,6.34765625,-0.37841796875,3.11279296875,0.40283203125,3.21044921875,-0.146484375,4.0283203125,-0.048828125,0.29296875,0.1220703125,1.0498046875,-0.048828125,0.1220703125,-0.18310546875,0.2197265625,0.03662109375,0.244140625,0.25634765625,0.89111328125,-0.048828125,-0.0244140625,-0.15869140625,1.3671875,-0.01220703125,-0.9521484375,0.13427734375,-0.35400390625,-0.37841796875,-1.025390625,0.146484375,-0.79345703125,0.2197265625,-1.45263671875,0.03662109375,-0.2685546875,0.244140625,-0.244140625,0.0732421875,-1.13525390625,-0.146484375,-0.1953125,-0.08544921875,-0.08544921875,0.03662109375,-0.42724609375,-0.0732421875,0.146484375,0.146484375,-0.91552734375,-0.23193359375,-1.4892578125,-0.048828125,-1.025390625,-0.146484375,0.40283203125,-0.0732421875,0.32958984375,-0.01220703125,0.03662109375,-0.0732421875,-0.09765625,-0.09765625,0.146484375,-0.13427734375,-0.048828125,-0.01220703125,0.76904296875,0.01220703125,-0.537109375,-0.15869140625,-0.54931640625
1,-0.146484375,-0.32958984375,0.06103515625,-0.341796875,-0.42724609375,-0.4150390625,-0.1708984375,-0.048828125,-0.25634765625,-0.06103515625,-0.06103515625,-0.89111328125,-0.13427734375,1.08642578125,-0.1220703125,-0.244140625,-0.1953125,-0.69580078125,0.45166015625,-0.244140625,-0.0732421875,0.76904296875,0.20751953125,-0.79345703125,-0.06103515625,-0.09765625,-0.10986328125,-0.8056640625,-0.048828125,0.86669921875,-0.32958984375,0.2197265625,-0.30517578125,-0.390625,0.32958984375,-0.93994140625,-0.13427734375,-0.47607421875,-0.08544921875,-0.76904296875,0.25634765625,-0.18310546875,-0.3662109375,-0.6591796875,-0.08544921875,-0.45166015625,0.40283203125,0.72021484375,0,1.1474609375,-0.13427734375,0.4638671875,0.13427734375,-0.15869140625,0.06103515625,0.7568359375,0.10986328125,5.40771484375,-0.32958984375,2.685546875,0.390625,2.8076171875,-0.146484375,3.45458984375,-0.06103515625,0.28076171875,0.1708984375,1.0498046875,-0.06103515625,0.13427734375,-0.146484375,0.1953125,0.10986328125,0.2685546875,0.244140625,0.89111328125,-0.0732421875,-0.0244140625,-0.146484375,1.3671875,-0.0244140625,-0.9765625,0.1220703125,-0.37841796875,-0.341796875,-1.0009765625,0.08544921875,-0.79345703125,0.2197265625,-1.45263671875,0.0244140625,-0.2685546875,0.28076171875,-0.25634765625,0.03662109375,-1.15966796875,-0.15869140625,-0.06103515625,-0.10986328125,0.048828125,0.0244140625,-0.341796875,-0.06103515625,0.1708984375,0.1953125,-0.87890625,-0.341796875,-1.4892578125,-0.0732421875,-1.03759765625,-0.10986328125,0.4150390625,-0.06103515625,0.32958984375,-0.0244140625,0.0244140625,-0.06103515625,-0.0732421875,-0.08544921875,0.1220703125,-0.146484375,-0.0244140625,0.01220703125,0.78125,0.03662109375,-0.5126953125,-0.13427734375,-0.52490234375
1,-0.13427734375,-0.341796875,0.06103515625,-0.37841796875,-0.439453125,-0.4150390625,-0.15869140625,-0.08544921875,-0.25634765625,-0.0732421875,-0.0732421875,-0.89111328125,-0.15869140625,1.08642578125,-0.10986328125,-0.244140625,-0.1953125,-0.7080078125,0.4638671875,-0.244140625,-0.09765625,0.76904296875,0.29296875,-0.79345703125,-0.03662109375,-0.0732421875,-0.048828125,-0.81787109375,-0.01220703125,0.86669921875,-0.244140625,0.20751953125,-0.23193359375,-0.390625,0.03662109375,-0.9521484375,-0.10986328125,-0.47607421875,-0.10986328125,-0.7568359375,0.15869140625,-0.18310546875,-0.439453125,-0.6591796875,-0.0244140625,-0.45166015625,0.30517578125,0.74462890625,0.0244140625,1.18408203125,-0.08544921875,0.45166015625,0.09765625,-0.2197265625,0.08544921875,0.74462890625,0.146484375,4.40673828125,-0.3662109375,2.30712890625,0.2685546875,2.38037109375,-0.2685546875,2.84423828125,-0.048828125,0.25634765625,0.244140625,1.025390625,-0.06103515625,0.10986328125,-0.10986328125,0.1953125,0.1708984375,0.25634765625,0.23193359375,0.89111328125,-0.10986328125,-0.01220703125,-0.13427734375,1.3427734375,-0.01220703125,-0.96435546875,0.13427734375,-0.37841796875,-0.2197265625,-1.01318359375,-0.0244140625,-0.8056640625,0.20751953125,-1.4404296875,0.01220703125,-0.2685546875,0.28076171875,-0.29296875,0.03662109375,-1.15966796875,-0.15869140625,0.06103515625,-0.15869140625,0.20751953125,-0.01220703125,-0.244140625,0.08544921875,0.28076171875,0.18310546875,-0.830078125,-0.37841796875,-1.47705078125,-0.08544921875,-1.03759765625,-0.06103515625,0.40283203125,-0.048828125,0.32958984375,-0.01220703125,0.0244140625,-0.06103515625,-0.06103515625,-0.0732421875,0.1220703125,-0.1220703125,-0.0244140625,-0.0244140625,0.76904296875,0.08544921875,-0.50048828125,-0.1220703125,-0.537109375
1,-0.13427734375,-0.341796875,0.048828125,-0.40283203125,-0.42724609375,-0.4150390625,-0.1708984375,-0.08544921875,-0.23193359375,-0.0732421875,-0.0732421875,-0.87890625,-0.18310546875,1.08642578125,-0.13427734375,-0.25634765625,-0.18310546875,-0.72021484375,0.40283203125,-0.244140625,-0.1220703125,0.78125,0.3662109375,-0.79345703125,0.01220703125,-0.08544921875,-0.03662109375,-0.79345703125,0.0732421875,0.87890625,-0.146484375,0.20751953125,-0.20751953125,-0.3662109375,-0.244140625,-0.93994140625,-0.1220703125,-0.50048828125,-0.146484375,-0.74462890625,0.048828125,-0.18310546875,-0.42724609375,-0.634765625,-0.01220703125,-0.42724609375,0.29296875,0.7568359375,0.0244140625,1.18408203125,0.01220703125,0.42724609375,0.048828125,-0.23193359375,0.20751953125,0.732421875,0.20751953125,3.40576171875,-0.37841796875,1.904296875,0.28076171875,1.96533203125,-0.341796875,2.294921875,-0.03662109375,0.244140625,0.3173828125,1.025390625,-0.06103515625,0.146484375,-0.09765625,0.20751953125,0.2197265625,0.29296875,0.1220703125,0.84228515625,-0.13427734375,0,-0.1220703125,1.318359375,-0.048828125,-0.9765625,0.146484375,-0.35400390625,-0.08544921875,-0.9765625,-0.146484375,-0.79345703125,0.18310546875,-1.4404296875,0,-0.28076171875,0.20751953125,-0.3173828125,0.0732421875,-1.1962890625,-0.2197265625,0.13427734375,-0.15869140625,0.3173828125,-0.09765625,-0.1953125,0.146484375,0.37841796875,0.146484375,-0.79345703125,-0.40283203125,-1.45263671875,-0.09765625,-1.0498046875,-0.048828125,0.37841796875,-0.08544921875,0.341796875,-0.03662109375,0.048828125,-0.08544921875,-0.048828125,-0.08544921875,0.1220703125,-0.1220703125,-0.0244140625,-0.0244140625,0.78125,0.13427734375,-0.5126953125,-0.09765625,-0.537109375
1,-0.13427734375,-0.35400390625,0.06103515625,-0.40283203125,-0.40283203125,-0.439453125,-0.146484375,-0.09765625,-0.23193359375,-0.048828125,-0.06103515625,-0.87890625,-0.1708984375,1.06201171875,-0.1220703125,-0.25634765625,-0.1220703125,-0.732421875,0.30517578125,-0.244140625,-0.09765625,0.76904296875,0.32958984375,-0.78125,0.0732421875,-0.03662109375,-0.03662109375,-0.8056640625,0.09765625,0.87890625,-0.048828125,0.23193359375,-0.2197265625,-0.35400390625,-0.40283203125,-0.9521484375,-0.08544921875,-0.5126953125,-0.15869140625,-0.74462890625,-0.048828125,-0.18310546875,-0.341796875,-0.64697265625,-0.06103515625,-0.390625,0.20751953125,0.78125,-0.03662109375,1.1962890625,0.09765625,0.42724609375,0.0244140625,-0.244140625,0.2685546875,0.72021484375,0.25634765625,2.50244140625,-0.3173828125,1.59912109375,0.1708984375,1.64794921875,-0.439453125,1.85546875,-0.01220703125,0.244140625,0.341796875,1.01318359375,-0.048828125,0.146484375,-0.09765625,0.1953125,0.28076171875,0.30517578125,0.0732421875,0.84228515625,-0.146484375,0.01220703125,-0.0732421875,1.3427734375,-0.048828125,-0.9765625,0.13427734375,-0.341796875,0.06103515625,-0.96435546875,-0.25634765625,-0.8056640625,0.1220703125,-1.46484375,-0.048828125,-0.2685546875,0.09765625,-0.35400390625,0.09765625,-1.20849609375,-0.23193359375,0.18310546875,-0.048828125,0.35400390625,-0.13427734375,-0.1953125,0.244140625,0.50048828125,0.06103515625,-0.732421875,-0.37841796875,-1.46484375,-0.146484375,-1.03759765625,0,0.37841796875,-0.09765625,0.35400390625,-0.03662109375,0.03662109375,-0.08544921875,-0.03662109375,-0.08544921875,0.13427734375,-0.13427734375,-0.03662109375,0.01220703125,0.78125,0.13427734375,-0.52490234375,-0.09765625,-0.54931640625
0,-0.10986328125,-0.37841796875,0.08544921875,-0.390625,-0.390625,-0.40283203125,-0.1220703125,-0.10986328125,-0.244140625,-0.048828125,-0.03662109375,-0.8544921875,-0.15869140625,1.06201171875,-0.15869140625,-0.23193359375,-0.0732421875,-0.732421875,0.1708984375,-0.244140625,-0.048828125,0.7568359375,0.1708984375,-0.78125,0.1708984375,-0.03662109375,-0.03662109375,-0.8056640625,0.146484375,0.87890625,0.048828125,0.2197265625,-0.2685546875,-0.29296875,-0.45166015625,-0.9521484375,-0.08544921875,-0.48828125,-0.1220703125,-0.74462890625,-0.13427734375,-0.1953125,-0.29296875,-0.6591796875,-0.1708984375,-0.3173828125,0.13427734375,0.76904296875,-0.13427734375,1.18408203125,0.1953125,0.439453125,0.0244140625,-0.25634765625,0.2685546875,0.72021484375,0.25634765625,1.84326171875,-0.23193359375,1.37939453125,0.15869140625,1.4404296875,-0.47607421875,1.5625,0,0.2197265625,0.40283203125,1.025390625,-0.0244140625,0.15869140625,-0.08544921875,0.18310546875,0.28076171875,0.3173828125,-0.0244140625,0.8056640625,-0.146484375,0.01220703125,-0.03662109375,1.318359375,-0.0732421875,-0.9765625,0.1220703125,-0.341796875,0.13427734375,-0.96435546875,-0.35400390625,-0.8056640625,0.0732421875,-1.46484375,-0.09765625,-0.28076171875,0.01220703125,-0.35400390625,0.09765625,-1.220703125,-0.23193359375,0.09765625,-0.06103515625,0.32958984375,-0.23193359375,-0.23193359375,0.29296875,0.59814453125,-0.03662109375,-0.67138671875,-0.30517578125,-1.47705078125,-0.146484375,-1.0498046875,0,0.35400390625,-0.10986328125,0.3662109375,-0.048828125,0.03662109375,-0.06103515625,-0.0244140625,-0.09765625,0.10986328125,-0.1220703125,-0.03662109375,0.0244140625,0.76904296875,0.13427734375,-0.5126953125,-0.10986328125,-0.537109375
0,-0.09765625,-0.35400390625,0.08544921875,-0.390625,-0.341796875,-0.390625,-0.08544921875,-0.08544921875,-0.25634765625,-0.03662109375,-0.03662109375,-0.8544921875,-0.15869140625,1.06201171875,-0.1953125,-0.25634765625,-0.06103515625,-0.7568359375,0.06103515625,-0.25634765625,-0.08544921875,0.74462890625,-0.03662109375,-0.8056640625,0.244140625,0.01220703125,-0.03662109375,-0.8056640625,0.15869140625,0.89111328125,0.10986328125,0.23193359375,-0.4150390625,-0.25634765625,-0.37841796875,-0.93994140625,-0.06103515625,-0.5126953125,-0.10986328125,-0.7568359375,-0.15869140625,-0.1708984375,-0.2197265625,-0.68359375,-0.28076171875,-0.30517578125,0.0732421875,0.74462890625,-0.20751953125,1.171875,0.3173828125,0.45166015625,-0.03662109375,-0.23193359375,0.28076171875,0.732421875,0.2685546875,1.55029296875,-0.15869140625,1.3671875,0.1708984375,1.40380859375,-0.439453125,1.52587890625,0.03662109375,0.2197265625,0.4150390625,1.03759765625,-0.0244140625,0.1708984375,-0.09765625,0.1953125,0.28076171875,0.3173828125,-0.06103515625,0.78125,-0.1220703125,0.01220703125,-0.03662109375,1.33056640625,-0.06103515625,-1.01318359375,0.1220703125,-0.3173828125,0.1220703125,-0.96435546875,-0.341796875,-0.79345703125,0.048828125,-1.47705078125,-0.15869140625,-0.28076171875,-0.06103515625,-0.35400390625,0.0732421875,-1.2451171875,-0.2197265625,-0.0244140625,0.01220703125,0.1953125,-0.28076171875,-0.30517578125,0.35400390625,0.6591796875,-0.1220703125,-0.64697265625,-0.2197265625,-1.4892578125,-0.18310546875,-1.03759765625,-0.03662109375,0.3662109375,-0.0732421875,0.35400390625,-0.03662109375,0.0244140625,-0.0732421875,-0.03662109375,-0.10986328125,0.1220703125,-0.1220703125,-0.06103515625,0,0.76904296875,0.146484375,-0.537109375,-0.10986328125,-0.54931640625
0,-0.10986328125,-0.341796875,0.0732421875,-0.37841796875,-0.341796875,-0.35400390625,-0.08544921875,-0.048828125,-0.29296875,-0.0244140625,0,-0.8544921875,-0.13427734375,1.0986328125,-0.20751953125,-0.23193359375,-0.0732421875,-0.74462890625,-0.01220703125,-0.28076171875,-0.1220703125,0.7568359375,-0.25634765625,-0.81787109375,0.3173828125,0.0244140625,-0.048828125,-0.79345703125,0.20751953125,0.87890625,0.1220703125,0.2197265625,-0.50048828125,-0.20751953125,-0.2685546875,-0.93994140625,-0.01220703125,-0.4638671875,-0.06103515625,-0.76904296875,-0.13427734375,-0.1953125,-0.1953125,-0.67138671875,-0.3662109375,-0.29296875,0.0244140625,0.78125,-0.244140625,1.171875,0.35400390625,0.47607421875,-0.06103515625,-0.2197265625,0.244140625,0.74462890625,0.25634765625,1.74560546875,-0.18310546875,1.4892578125,0.1953125,1.5625,-0.37841796875,1.708984375,0.06103515625,0.2197265625,0.3662109375,1.03759765625,0.0244140625,0.18310546875,-0.1220703125,0.1953125,0.25634765625,0.30517578125,-0.08544921875,0.79345703125,-0.08544921875,0,-0.048828125,1.3427734375,-0.0732421875,-1.025390625,0.09765625,-0.30517578125,0.06103515625,-0.9521484375,-0.2197265625,-0.78125,0.048828125,-1.4892578125,-0.1953125,-0.29296875,-0.03662109375,-0.341796875,0.03662109375,-1.23291015625,-0.15869140625,-0.1708984375,0.0732421875,0.048828125,-0.3173828125,-0.40283203125,0.37841796875,0.76904296875,-0.18310546875,-0.64697265625,-0.1708984375,-1.4892578125,-0.244140625,-1.03759765625,-0.06103515625,0.37841796875,-0.09765625,0.37841796875,-0.03662109375,0.01220703125,-0.0732421875,-0.03662109375,-0.1220703125,0.13427734375,-0.13427734375,-0.06103515625,0,0.78125,0.1220703125,-0.54931640625,-0.09765625,-0.5615234375
0,-0.09765625,-0.341796875,0.06103515625,-0.341796875,-0.341796875,-0.341796875,-0.08544921875,-0.0244140625,-0.30517578125,-0.03662109375,0.03662109375,-0.830078125,-0.10986328125,1.08642578125,-0.244140625,-0.23193359375,-0.08544921875,-0.74462890625,-0.06103515625,-0.2685546875,-0.18310546875,0.74462890625,-0.40283203125,-0.830078125,0.3662109375,0.06103515625,-0.0244140625,-0.79345703125,0.13427734375,0.89111328125,0.0732421875,0.2197265625,-0.54931640625,-0.18310546875,-0.15869140625,-0.91552734375,0.0244140625,-0.42724609375,-0.01220703125,-0.7568359375,-0.08544921875,-0.1708984375,-0.1953125,-0.67138671875,-0.439453125,-0.25634765625,0.0244140625,0.7568359375,-0.23193359375,1.13525390625,0.4150390625,0.50048828125,-0.08544921875,-0.15869140625,0.2197265625,0.72021484375,0.341796875,2.4169921875,-0.146484375,1.81884765625,0.29296875,1.94091796875,-0.29296875,2.2216796875,0.08544921875,0.2197265625,0.30517578125,1.0498046875,0.0244140625,0.20751953125,-0.146484375,0.18310546875,0.2197265625,0.29296875,-0.10986328125,0.76904296875,-0.0244140625,-0.01220703125,-0.0732421875,1.35498046875,-0.06103515625,-1.03759765625,0.0732421875,-0.30517578125,-0.01220703125,-0.9765625,-0.03662109375,-0.78125,0.06103515625,-1.4892578125,-0.15869140625,-0.29296875,0.0244140625,-0.32958984375,0.0244140625,-1.2451171875,-0.15869140625,-0.2685546875,0.0244140625,-0.048828125,-0.3662109375,-0.45166015625,0.32958984375,0.89111328125,-0.18310546875,-0.64697265625,-0.15869140625,-1.4892578125,-0.244140625,-1.03759765625,-0.06103515625,0.3662109375,-0.0732421875,0.390625,-0.048828125,0.01220703125,-0.0732421875,-0.03662109375,-0.13427734375,0.15869140625,-0.13427734375,-0.048828125,0,0.78125,0.1220703125,-0.537109375,-0.09765625,-0.54931640625
0,-0.09765625,-0.32958984375,0.06103515625,-0.32958984375,-0.341796875,-0.341796875,-0.09765625,-0.01220703125,-0.30517578125,-0.0244140625,0.08544921875,-0.84228515625,-0.0732421875,1.11083984375,-0.28076171875,-0.244140625,-0.1708984375,-0.72021484375,-0.048828125,-0.25634765625,-0.30517578125,0.7568359375,-0.45166015625,-0.84228515625,0.32958984375,0.10986328125,-0.03662109375,-0.8056640625,0.10986328125,0.89111328125,0,0.23193359375,-0.48828125,-0.18310546875,0.01220703125,-0.9033203125,0.03662109375,-0.4150390625,0,-0.76904296875,0,-0.18310546875,-0.2197265625,-0.68359375,-0.40283203125,-0.2685546875,0.01220703125,0.74462890625,-0.20751953125,1.13525390625,0.390625,0.48828125,-0.146484375,-0.15869140625,0.09765625,0.74462890625,0.30517578125,3.62548828125,-0.0732421875,2.392578125,0.28076171875,2.52685546875,-0.20751953125,2.978515625,0.08544921875,0.2197265625,0.25634765625,1.07421875,0.03662109375,0.20751953125,-0.1953125,0.1953125,0.2197265625,0.2685546875,-0.146484375,0.79345703125,0.03662109375,-0.03662109375,-0.10986328125,1.3671875,-0.03662109375,-1.025390625,0.06103515625,-0.30517578125,-0.08544921875,-0.96435546875,0.15869140625,-0.78125,0.09765625,-1.4892578125,-0.10986328125,-0.30517578125,0.08544921875,-0.3173828125,-0.03662109375,-1.220703125,-0.146484375,-0.244140625,-0.0244140625,-0.048828125,-0.35400390625,-0.439453125,0.30517578125,1.15966796875,-0.10986328125,-0.69580078125,-0.13427734375,-1.47705078125,-0.20751953125,-1.03759765625,-0.0732421875,0.390625,-0.08544921875,0.37841796875,-0.048828125,0,-0.0732421875,-0.06103515625,-0.10986328125,0.15869140625,-0.10986328125,-0.0732421875,-0.01220703125,0.8056640625,0.09765625,-0.537109375,-0.09765625,-0.54931640625
0,-0.1220703125,-0.3173828125,0.03662109375,-0.341796875,-0.3173828125,-0.35400390625,-0.09765625,-0.0244140625,-0.29296875,-0.03662109375,0.1220703125,-0.8544921875,-0.03662109375,1.11083984375,-0.30517578125,-0.2685546875,-0.28076171875,-0.7080078125,0.01220703125,-0.2685546875,-0.40283203125,0.7568359375,-0.42724609375,-0.84228515625,0.28076171875,0.13427734375,-0.0244140625,-0.79345703125,0.048828125,0.87890625,-0.03662109375,0.23193359375,-0.30517578125,-0.244140625,0.15869140625,-0.927734375,0.0732421875,-0.42724609375,-0.0244140625,-0.78125,0.146484375,-0.2197265625,-0.28076171875,-0.68359375,-0.35400390625,-0.3173828125,-0.01220703125,0.732421875,-0.1708984375,1.123046875,0.29296875,0.48828125,-0.2197265625,-0.13427734375,0.048828125,0.732421875,0.20751953125,5.2490234375,-0.06103515625,3.125,0.29296875,3.271484375,-0.20751953125,3.94287109375,0.06103515625,0.23193359375,0.1953125,1.0498046875,0.01220703125,0.2197265625,-0.20751953125,0.1953125,0.13427734375,0.25634765625,-0.146484375,0.84228515625,0.09765625,-0.03662109375,-0.15869140625,1.3671875,-0.0244140625,-1.01318359375,0.048828125,-0.30517578125,-0.1220703125,-0.98876953125,0.2685546875,-0.79345703125,0.1220703125,-1.46484375,-0.0732421875,-0.30517578125,0.23193359375,-0.3173828125,-0.0732421875,-1.220703125,-0.09765625,-0.048828125,-0.06103515625,0.1220703125,-0.32958984375,-0.29296875,0.28076171875,1.611328125,-0.01220703125,-0.69580078125,-0.09765625,-1.46484375,-0.1708984375,-1.03759765625,-0.08544921875,0.3662109375,-0.10986328125,0.37841796875,-0.048828125,0.01220703125,-0.06103515625,-0.0732421875,-0.08544921875,0.1708984375,-0.1220703125,-0.0732421875,-0.01220703125,0.830078125,0.08544921875,-0.54931640625,-0.1220703125,-0.54931640625
0,-0.13427734375,-0.3173828125,0.0732421875,-0.341796875,-0.28076171875,-0.37841796875,-0.10986328125,-0.03662109375,-0.29296875,-0.0244140625,0.15869140625,-0.87890625,-0.01220703125,1.11083984375,-0.341796875,-0.29296875,-0.35400390625,-0.72021484375,0.08544921875,-0.25634765625,-0.48828125,0.7568359375,-0.29296875,-0.84228515625,0.18310546875,0.146484375,0.01220703125,-0.79345703125,-0.03662109375,0.87890625,-0.15869140625,0.2197265625,-0.15869140625,-0.28076171875,0.28076171875,-0.91552734375,0.1220703125,-0.40283203125,-0.01220703125,-0.78125,0.28076171875,-0.20751953125,-0.32958984375,-0.64697265625,-0.25634765625,-0.37841796875,-0.03662109375,0.72021484375,-0.13427734375,1.0986328125,0.244140625,0.4638671875,-0.3173828125,-0.10986328125,-0.0244140625,0.732421875,0.23193359375,7.177734375,-0.09765625,3.9794921875,0.32958984375,4.08935546875,-0.25634765625,5.078125,0.01220703125,0.20751953125,0.1220703125,1.025390625,-0.06103515625,0.20751953125,-0.2197265625,0.18310546875,0.0732421875,0.23193359375,-0.15869140625,0.89111328125,0.146484375,-0.03662109375,-0.1953125,1.35498046875,-0.0244140625,-0.98876953125,0.048828125,-0.32958984375,-0.13427734375,-1.0009765625,0.32958984375,-0.78125,0.10986328125,-1.45263671875,0.01220703125,-0.28076171875,0.35400390625,-0.30517578125,-0.13427734375,-1.220703125,-0.1220703125,0.3173828125,-0.1708984375,0.48828125,-0.25634765625,-0.01220703125,0.244140625,2.294921875,0.06103515625,-0.7080078125,-0.0732421875,-1.46484375,-0.13427734375,-1.025390625,-0.1220703125,0.3662109375,-0.10986328125,0.37841796875,-0.06103515625,0,-0.0732421875,-0.0732421875,-0.08544921875,0.15869140625,-0.13427734375,-0.0732421875,-0.048828125,0.8056640625,0.0732421875,-0.5615234375,-0.1220703125,-0.5615234375
0,-0.146484375,-0.3173828125,0.048828125,-0.341796875,-0.244140625,-0.390625,-0.09765625,-0.048828125,-0.28076171875,-0.048828125,0.20751953125,-0.87890625,-0.0244140625,1.0986328125,-0.3662109375,-0.2685546875,-0.4150390625,-0.7080078125,0.1953125,-0.25634765625,-0.52490234375,0.78125,-0.1220703125,-0.81787109375,0.048828125,0.13427734375,0,-0.8056640625,-0.09765625,0.86669921875,-0.244140625,0.20751953125,0.048828125,-0.32958984375,0.37841796875,-0.9033203125,0.10986328125,-0.4150390625,-0.06103515625,-0.76904296875,0.439453125,-0.20751953125,-0.35400390625,-0.6103515625,-0.146484375,-0.40283203125,-0.048828125,0.69580078125,-0.048828125,1.11083984375,0.13427734375,0.439453125,-0.40283203125,-0.13427734375,-0.03662109375,0.74462890625,0.23193359375,9.21630859375,-0.1220703125,4.89501953125,0.35400390625,4.9072265625,-0.23193359375,6.28662109375,-0.01220703125,0.1953125,0.0244140625,1.0009765625,-0.08544921875,0.2197265625,-0.25634765625,0.1953125,0.01220703125,0.23193359375,-0.146484375,0.9033203125,0.15869140625,-0.03662109375,-0.1953125,1.3427734375,-0.01220703125,-0.9765625,0.048828125,-0.32958984375,-0.09765625,-1.01318359375,0.30517578125,-0.78125,0.08544921875,-1.4404296875,0.08544921875,-0.244140625,0.42724609375,-0.30517578125,-0.09765625,-1.1962890625,-0.13427734375,0.87890625,-0.28076171875,1.0009765625,-0.20751953125,0.42724609375,0.08544921875,3.173828125,0.10986328125,-0.69580078125,-0.03662109375,-1.4404296875,-0.09765625,-1.03759765625,-0.18310546875,0.37841796875,-0.0732421875,0.3662109375,-0.06103515625,0.01220703125,-0.0732421875,-0.09765625,-0.048828125,0.146484375,-0.1708984375,-0.08544921875,-0.01220703125,0.8056640625,0.08544921875,-0.54931640625,-0.146484375,-0.537109375
0,-0.13427734375,-0.341796875,0.048828125,-0.341796875,-0.2197265625,-0.4150390625,-0.146484375,-0.06103515625,-0.29296875,-0.0732421875,0.244140625,-0.9033203125,-0.03662109375,1.0986328125,-0.37841796875,-0.2685546875,-0.4150390625,-0.69580078125,0.2685546875,-0.244140625,-0.42724609375,0.78125,0.0244140625,-0.81787109375,-0.03662109375,0.09765625,-0.06103515625,-0.79345703125,-0.1708984375,0.86669921875,-0.32958984375,0.20751953125,0.2197265625,-0.37841796875,0.50048828125,-0.9033203125,0.10986328125,-0.4150390625,-0.09765625,-0.76904296875,0.537109375,-0.18310546875,-0.32958984375,-0.5615234375,-0.01220703125,-0.439453125,-0.06103515625,0.7080078125,0.03662109375,1.123046875,0.08544921875,0.4150390625,-0.45166015625,-0.1708984375,-0.08544921875,0.7080078125,0.23193359375,11.2060546875,-0.09765625,5.74951171875,0.48828125,5.70068359375,-0.1220703125,7.43408203125,-0.06103515625,0.1708984375,-0.06103515625,1.025390625,-0.146484375,0.1953125,-0.2685546875,0.1708984375,-0.0732421875,0.23193359375,-0.1220703125,0.91552734375,0.20751953125,-0.01220703125,-0.18310546875,1.33056640625,-0.0244140625,-0.93994140625,0.0732421875,-0.341796875,0.01220703125,-1.01318359375,0.146484375,-0.79345703125,0.08544921875,-1.4404296875,0.1220703125,-0.25634765625,0.45166015625,-0.30517578125,-0.0244140625,-1.18408203125,-0.08544921875,1.59912109375,-0.2685546875,1.67236328125,-0.10986328125,0.9765625,0.0244140625,4.2236328125,0.15869140625,-0.69580078125,-0.03662109375,-1.45263671875,-0.048828125,-1.0498046875,-0.1953125,0.3662109375,-0.06103515625,0.341796875,-0.09765625,0,-0.06103515625,-0.06103515625,-0.01220703125,0.13427734375,-0.146484375,-0.06103515625,0,0.79345703125,0.09765625,-0.5126953125,-0.13427734375,-0.54931640625
0,-0.1220703125,-0.341796875,0.01220703125,-0.35400390625,-0.23193359375,-0.42724609375,-0.13427734375,-0.06103515625,-0.29296875,-0.06103515625,0.25634765625,-0.9033203125,-0.0732421875,1.0986328125,-0.37841796875,-0.25634765625,-0.390625,-0.68359375,0.3173828125,-0.2685546875,-0.30517578125,0.78125,0.1220703125,-0.8056640625,-0.13427734375,0.0732421875,-0.10986328125,-0.81787109375,-0.25634765625,0.86669921875,-0.390625,0.2197265625,0.25634765625,-0.390625,0.5859375,-0.89111328125,0.06103515625,-0.42724609375,-0.10986328125,-0.7568359375,0.54931640625,-0.1953125,-0.35400390625,-0.50048828125,0.10986328125,-0.439453125,-0.01220703125,0.7080078125,0.1220703125,1.13525390625,-0.01220703125,0.37841796875,-0.4638671875,-0.20751953125,-0.146484375,0.72021484375,0.1220703125,12.939453125,-0.08544921875,6.494140625,0.5615234375,6.33544921875,-0.048828125,8.4228515625,-0.09765625,0.146484375,-0.146484375,1.01318359375,-0.15869140625,0.20751953125,-0.244140625,0.1708984375,-0.1220703125,0.244140625,-0.10986328125,0.927734375,0.1953125,0.01220703125,-0.146484375,1.318359375,-0.048828125,-0.91552734375,0.048828125,-0.3662109375,0.08544921875,-1.0009765625,-0.048828125,-0.7568359375,0.0732421875,-1.4404296875,0.13427734375,-0.244140625,0.42724609375,-0.32958984375,0.06103515625,-1.18408203125,-0.10986328125,2.3681640625,-0.29296875,2.40478515625,-0.09765625,1.5869140625,-0.09765625,5.37109375,0.146484375,-0.69580078125,-0.01220703125,-1.46484375,-0.03662109375,-1.0498046875,-0.18310546875,0.3662109375,-0.06103515625,0.3173828125,-0.09765625,0.01220703125,-0.0732421875,-0.048828125,-0.0244140625,0.1220703125,-0.1220703125,-0.048828125,0.01220703125,0.79345703125,0.1220703125,-0.50048828125,-0.1220703125,-0.5615234375
0,-0.146484375,-0.3662109375,0,-0.32958984375,-0.1953125,-0.4150390625,-0.15869140625,-0.048828125,-0.29296875,-0.0244140625,0.28076171875,-0.87890625,-0.0732421875,1.06201171875,-0.390625,-0.20751953125,-0.28076171875,-0.68359375,0.30517578125,-0.25634765625,-0.146484375,0.79345703125,0.146484375,-0.79345703125,-0.1708984375,0.0244140625,-0.18310546875,-0.8056640625,-0.32958984375,0.89111328125,-0.3662109375,0.1953125,0.2197265625,-0.37841796875,0.7080078125,-0.9033203125,0,-0.42724609375,-0.1220703125,-0.7568359375,0.4638671875,-0.2197265625,-0.3662109375,-0.439453125,0.18310546875,-0.4150390625,0,0.67138671875,0.18310546875,1.171875,-0.08544921875,0.3662109375,-0.537109375,-0.2197265625,-0.2197265625,0.72021484375,0,14.2333984375,-0.1220703125,7.04345703125,0.5615234375,6.787109375,-0.01220703125,9.1552734375,-0.146484375,0.13427734375,-0.15869140625,0.98876953125,-0.2197265625,0.20751953125,-0.20751953125,0.18310546875,-0.1953125,0.28076171875,-0.08544921875,0.87890625,0.23193359375,0.0244140625,-0.0732421875,1.30615234375,-0.08544921875,-0.91552734375,0.06103515625,-0.35400390625,0.08544921875,-1.01318359375,-0.20751953125,-0.76904296875,0.146484375,-1.46484375,0.13427734375,-0.23193359375,0.3662109375,-0.32958984375,0.1708984375,-1.15966796875,-0.08544921875,3.125,-0.1953125,3.13720703125,-0.0732421875,2.197265625,0.0732421875,6.55517578125,0.08544921875,-0.64697265625,-0.01220703125,-1.46484375,-0.0244140625,-1.06201171875,-0.146484375,0.37841796875,-0.06103515625,0.32958984375,-0.08544921875,0.0244140625,-0.06103515625,-0.03662109375,-0.0244140625,0.1220703125,-0.15869140625,-0.03662109375,0.01220703125,0.79345703125,0.146484375,-0.48828125,-0.13427734375,-0.54931640625
0,-0.146484375,-0.3662109375,0,-0.35400390625,-0.18310546875,-0.390625,-0.18310546875,-0.08544921875,-0.32958984375,-0.0244140625,0.35400390625,-0.86669921875,-0.0732421875,1.0498046875,-0.40283203125,-0.2197265625,-0.1220703125,-0.69580078125,0.23193359375,-0.244140625,0.0732421875,0.8056640625,0.0732421875,-0.76904296875,-0.146484375,-0.0244140625,-0.2197265625,-0.8056640625,-0.3662109375,0.9033203125,-0.341796875,0.20751953125,0.09765625,-0.32958984375,0.74462890625,-0.87890625,-0.08544921875,-0.4638671875,-0.1708984375,-0.7568359375,0.32958984375,-0.2197265625,-0.35400390625,-0.3662109375,0.1708984375,-0.37841796875,0.09765625,0.68359375,0.1708984375,1.171875,-0.146484375,0.390625,-0.5615234375,-0.23193359375,-0.29296875,0.72021484375,-0.06103515625,15.0146484375,-0.15869140625,7.28759765625,0.5615234375,7.01904296875,-0.0244140625,9.5947265625,-0.20751953125,0.13427734375,-0.1953125,1.025390625,-0.25634765625,0.1953125,-0.1953125,0.1953125,-0.28076171875,0.30517578125,-0.0244140625,0.86669921875,0.2197265625,0.0244140625,0,1.28173828125,-0.1220703125,-0.91552734375,0.03662109375,-0.3662109375,0.03662109375,-1.0009765625,-0.35400390625,-0.76904296875,0.15869140625,-1.47705078125,0.09765625,-0.2197265625,0.3173828125,-0.3173828125,0.2685546875,-1.18408203125,-0.06103515625,3.8330078125,-0.0732421875,3.79638671875,-0.048828125,2.734375,0.2685546875,7.65380859375,-0.03662109375,-0.6103515625,-0.03662109375,-1.45263671875,0,-1.0498046875,-0.09765625,0.3662109375,-0.08544921875,0.3173828125,-0.0732421875,0.0244140625,-0.06103515625,0,-0.048828125,0.10986328125,-0.13427734375,-0.03662109375,0.01220703125,0.8056640625,0.15869140625,-0.4638671875,-0.146484375,-0.537109375
0,-0.1220703125,-0.37841796875,0.01220703125,-0.341796875,-0.146484375,-0.390625,-0.1953125,-0.0732421875,-0.37841796875,-0.0244140625,0.3662109375,-0.8544921875,-0.09765625,1.06201171875,-0.439453125,-0.18310546875,0.01220703125,-0.68359375,0.18310546875,-0.25634765625,0.146484375,0.81787109375,0.03662109375,-0.78125,-0.09765625,-0.06103515625,-0.244140625,-0.78125,-0.37841796875,0.9033203125,-0.244140625,0.20751953125,-0.10986328125,-0.28076171875,0.8544921875,-0.89111328125,-0.146484375,-0.439453125,-0.18310546875,-0.7568359375,0.09765625,-0.20751953125,-0.35400390625,-0.32958984375,0.09765625,-0.32958984375,0.0732421875,0.69580078125,0.10986328125,1.1474609375,-0.1220703125,0.4150390625,-0.59814453125,-0.23193359375,-0.390625,0.72021484375,-0.09765625,15.24658203125,-0.18310546875,7.28759765625,0.57373046875,7.04345703125,-0.0732421875,9.68017578125,-0.18310546875,0.13427734375,-0.244140625,1.01318359375,-0.28076171875,0.18310546875,-0.15869140625,0.1708984375,-0.341796875,0.3173828125,-0.0244140625,0.830078125,0.244140625,0.03662109375,0.06103515625,1.30615234375,-0.13427734375,-0.927734375,0.01220703125,-0.341796875,-0.0732421875,-0.98876953125,-0.3662109375,-0.76904296875,0.15869140625,-1.4892578125,0.03662109375,-0.20751953125,0.2685546875,-0.29296875,0.3662109375,-1.18408203125,-0.1220703125,4.35791015625,0.06103515625,4.3212890625,-0.048828125,3.16162109375,0.35400390625,8.60595703125,-0.146484375,-0.54931640625,-0.0732421875,-1.45263671875,-0.0732421875,-1.0498046875,-0.0732421875,0.37841796875,-0.13427734375,0.3173828125,-0.06103515625,0.03662109375,-0.0732421875,0.0244140625,-0.06103515625,0.1220703125,-0.13427734375,-0.0244140625,0.01220703125,0.81787109375,0.1708984375,-0.4638671875,-0.13427734375,-0.537109375
1,-0.1220703125,-0.35400390625,0.01220703125,-0.341796875,-0.10986328125,-0.35400390625,-0.1953125,-0.0732421875,-0.439453125,-0.0244140625,0.390625,-0.8544921875,-0.0732421875,1.07421875,-0.439453125,-0.18310546875,0.1220703125,-0.7080078125,0.146484375,-0.28076171875,0.1953125,0.81787109375,0,-0.78125,-0.0244140625,-0.1220703125,-0.25634765625,-0.78125,-0.3173828125,0.9033203125,-0.146484375,0.20751953125,-0.37841796875,-0.25634765625,0.830078125,-0.9033203125,-0.2197265625,-0.45166015625,-0.2197265625,-0.74462890625,-0.0732421875,-0.23193359375,-0.341796875,-0.29296875,0.01220703125,-0.2685546875,0.09765625,0.7080078125,0.03662109375,1.1474609375,-0.06103515625,0.45166015625,-0.64697265625,-0.2197265625,-0.42724609375,0.72021484375,-0.09765625,14.90478515625,-0.1953125,7.03125,0.57373046875,6.82373046875,-0.0732421875,9.43603515625,-0.20751953125,0.1220703125,-0.28076171875,1.03759765625,-0.244140625,0.18310546875,-0.1220703125,0.1708984375,-0.3662109375,0.3173828125,0.01220703125,0.79345703125,0.23193359375,0.03662109375,0.08544921875,1.30615234375,-0.18310546875,-0.93994140625,0,-0.32958984375,-0.23193359375,-0.9765625,-0.341796875,-0.76904296875,0.09765625,-1.50146484375,-0.0244140625,-0.2197265625,0.244140625,-0.29296875,0.35400390625,-1.15966796875,-0.1708984375,4.7119140625,0.13427734375,4.67529296875,-0.09765625,3.41796875,0.32958984375,9.33837890625,-0.2197265625,-0.54931640625,-0.1220703125,-1.46484375,-0.10986328125,-1.03759765625,-0.03662109375,0.37841796875,-0.1220703125,0.341796875,-0.03662109375,0.01220703125,-0.06103515625,0,-0.048828125,0.13427734375,-0.13427734375,0,0.0244140625,0.84228515625,0.20751953125,-0.45166015625,-0.09765625,-0.52490234375
1,-0.1220703125,-0.341796875,-0.01220703125,-0.32958984375,-0.09765625,-0.341796875,-0.23193359375,-0.0732421875,-0.48828125,0,0.40283203125,-0.830078125,-0.0732421875,1.07421875,-0.4638671875,-0.1953125,0.18310546875,-0.72021484375,0.1220703125,-0.2685546875,0.18310546875,0.8056640625,-0.0244140625,-0.81787109375,0.03662109375,-0.13427734375,-0.1953125,-0.79345703125,-0.244140625,0.91552734375,-0.08544921875,0.2197265625,-0.59814453125,-0.2197265625,0.7568359375,-0.89111328125,-0.23193359375,-0.4150390625,-0.2197265625,-0.74462890625,-0.23193359375,-0.20751953125,-0.47607421875,-0.25634765625,-0.08544921875,-0.25634765625,0.03662109375,0.7080078125,-0.03662109375,1.13525390625,-0.048828125,0.48828125,-0.634765625,-0.18310546875,-0.47607421875,0.732421875,-0.1220703125,14.0869140625,-0.2197265625,6.5673828125,0.52490234375,6.43310546875,-0.048828125,8.89892578125,-0.20751953125,0.1708984375,-0.30517578125,1.0498046875,-0.2197265625,0.18310546875,-0.1708984375,0.1708984375,-0.40283203125,0.3173828125,0.0244140625,0.76904296875,0.244140625,0.0244140625,0.10986328125,1.33056640625,-0.1953125,-0.9521484375,-0.01220703125,-0.341796875,-0.37841796875,-0.96435546875,-0.244140625,-0.7568359375,0.03662109375,-1.47705078125,-0.06103515625,-0.23193359375,0.23193359375,-0.30517578125,0.2685546875,-1.18408203125,-0.13427734375,4.87060546875,0.1953125,4.833984375,-0.0732421875,3.61328125,0.3173828125,9.8388671875,-0.2197265625,-0.54931640625,-0.2197265625,-1.45263671875,-0.15869140625,-1.0498046875,-0.03662109375,0.37841796875,-0.13427734375,0.35400390625,-0.06103515625,0.0244140625,-0.0732421875,0.01220703125,-0.03662109375,0.15869140625,-0.13427734375,0.0244140625,0.01220703125,0.8544921875,0.20751953125,-0.4638671875,-0.048828125,-0.50048828125
1,-0.10986328125,-0.3173828125,-0.0244140625,-0.341796875,-0.06103515625,-0.32958984375,-0.23193359375,-0.048828125,-0.5126953125,0.0244140625,0.37841796875,-0.84228515625,-0.06103515625,1.0986328125,-0.50048828125,-0.1953125,0.18310546875,-0.72021484375,0.10986328125,-0.2685546875,0.06103515625,0.8056640625,-0.03662109375,-0.8056640625,0.08544921875,-0.146484375,-0.15869140625,-0.79345703125,-0.1220703125,0.91552734375,-0.03662109375,0.244140625,-0.732421875,-0.1953125,0.6103515625,-0.87890625,-0.20751953125,-0.42724609375,-0.244140625,-0.74462890625,-0.28076171875,-0.2197265625,-0.5859375,-0.244140625,-0.1708984375,-0.25634765625,-0.0732421875,0.68359375,-0.048828125,1.13525390625,-0.01220703125,0.48828125,-0.62255859375,-0.18310546875,-0.42724609375,0.74462890625,-0.1220703125,12.95166015625,-0.1953125,5.95703125,0.5859375,5.908203125,-0.03662109375,8.11767578125,-0.23193359375,0.20751953125,-0.25634765625,1.0498046875,-0.1708984375,0.2197265625,-0.1953125,0.1708984375,-0.3662109375,0.29296875,0.0732421875,0.76904296875,0.25634765625,0.01220703125,0.10986328125,1.3427734375,-0.1953125,-0.9521484375,-0.01220703125,-0.35400390625,-0.4638671875,-0.96435546875,-0.08544921875,-0.76904296875,-0.01220703125,-1.4404296875,-0.10986328125,-0.244140625,0.2197265625,-0.25634765625,0.15869140625,-1.15966796875,-0.10986328125,4.9072265625,0.15869140625,4.84619140625,-0.146484375,3.69873046875,0.29296875,10.05859375,-0.20751953125,-0.57373046875,-0.29296875,-1.46484375,-0.1953125,-1.0498046875,-0.03662109375,0.390625,-0.13427734375,0.35400390625,-0.048828125,0.03662109375,-0.0732421875,0.01220703125,-0.0244140625,0.18310546875,-0.13427734375,0.01220703125,0.01220703125,0.8544921875,0.2197265625,-0.47607421875,-0.06103515625,-0.52490234375
1,-0.10986328125,-0.30517578125,-0.0244140625,-0.32958984375,-0.0244140625,-0.341796875,-0.2197265625,-0.0244140625,-0.50048828125,0,0.35400390625,-0.84228515625,-0.06103515625,1.0986328125,-0.47607421875,-0.23193359375,0.09765625,-0.732421875,0.10986328125,-0.28076171875,-0.0732421875,0.79345703125,-0.10986328125,-0.81787109375,0.09765625,-0.1220703125,-0.048828125,-0.79345703125,-0.01220703125,0.89111328125,-0.048828125,0.244140625,-0.72021484375,-0.20751953125,0.4150390625,-0.89111328125,-0.1220703125,-0.40283203125,-0.25634765625,-0.74462890625,-0.29296875,-0.20751953125,-0.68359375,-0.25634765625,-0.20751953125,-0.2685546875,-0.1220703125,0.68359375,-0.048828125,1.123046875,0.06103515625,0.50048828125,-0.5859375,-0.146484375,-0.35400390625,0.732421875,-0.1220703125,11.58447265625,-0.1953125,5.2734375,0.57373046875,5.31005859375,-0.0244140625,7.2509765625,-0.23193359375,0.2197265625,-0.244140625,1.03759765625,-0.13427734375,0.20751953125,-0.2197265625,0.1708984375,-0.32958984375,0.28076171875,0.10986328125,0.74462890625,0.2685546875,0,0.09765625,1.3427734375,-0.18310546875,-0.96435546875,-0.03662109375,-0.35400390625,-0.48828125,-0.9765625,0.048828125,-0.79345703125,-0.06103515625,-1.40380859375,-0.13427734375,-0.2685546875,0.2197265625,-0.244140625,-0.0244140625,-1.171875,-0.048828125,4.84619140625,0.10986328125,4.77294921875,-0.15869140625,3.662109375,0.32958984375,10.09521484375,-0.15869140625,-0.59814453125,-0.37841796875,-1.45263671875,-0.18310546875,-1.0498046875,-0.03662109375,0.4150390625,-0.146484375,0.3662109375,-0.0244140625,0.03662109375,-0.0732421875,0,-0.0244140625,0.1708984375,-0.1220703125,0,0.01220703125,0.8544921875,0.244140625,-0.48828125,-0.0244140625,-0.52490234375
1,-0.13427734375,-0.30517578125,-0.01220703125,-0.30517578125,-0.01220703125,-0.341796875,-0.2197265625,-0.048828125,-0.4638671875,0,0.32958984375,-0.8544921875,-0.0732421875,1.0986328125,-0.45166015625,-0.23193359375,0.0244140625,-0.732421875,0.10986328125,-0.28076171875,-0.23193359375,0.78125,-0.20751953125,-0.830078125,0.146484375,-0.1220703125,0.03662109375,-0.8056640625,0.06103515625,0.9033203125,-0.03662109375,0.23193359375,-0.57373046875,-0.25634765625,0.15869140625,-0.86669921875,-0.0244140625,-0.4150390625,-0.2685546875,-0.732421875,-0.23193359375,-0.1953125,-0.81787109375,-0.30517578125,-0.2197265625,-0.341796875,-0.244140625,0.64697265625,-0.0732421875,1.123046875,0.146484375,0.48828125,-0.47607421875,-0.13427734375,-0.3173828125,0.72021484375,-0.146484375,10.1806640625,-0.18310546875,4.60205078125,0.6103515625,4.7119140625,-0.06103515625,6.298828125,-0.20751953125,0.23193359375,-0.2197265625,1.03759765625,-0.09765625,0.20751953125,-0.23193359375,0.15869140625,-0.25634765625,0.244140625,0.13427734375,0.79345703125,0.28076171875,-0.01220703125,0.0732421875,1.33056640625,-0.1953125,-1.0009765625,-0.03662109375,-0.341796875,-0.37841796875,-0.96435546875,0.08544921875,-0.79345703125,-0.146484375,-1.318359375,-0.1220703125,-0.2685546875,0.20751953125,-0.28076171875,-0.13427734375,-1.171875,0.048828125,4.69970703125,0.0732421875,4.638671875,-0.1220703125,3.564453125,0.2197265625,9.9609375,-0.10986328125,-0.62255859375,-0.40283203125,-1.45263671875,-0.15869140625,-1.0498046875,-0.048828125,0.40283203125,-0.13427734375,0.3662109375,-0.048828125,0.03662109375,-0.06103515625,0.01220703125,0,0.18310546875,-0.0732421875,-0.01220703125,0.01220703125,0.86669921875,0.2685546875,-0.4638671875,0.0244140625,-0.52490234375
1,-0.1220703125,-0.3173828125,-0.01220703125,-0.30517578125,0,-0.3662109375,-0.2197265625,-0.03662109375,-0.439453125,-0.01220703125,0.30517578125,-0.87890625,-0.03662109375,1.11083984375,-0.4150390625,-0.244140625,-0.06103515625,-0.732421875,0.08544921875,-0.29296875,-0.37841796875,0.74462890625,-0.29296875,-0.8056640625,0.15869140625,-0.08544921875,0.1220703125,-0.8056640625,0.09765625,0.87890625,-0.03662109375,0.244140625,-0.3173828125,-0.30517578125,-0.0732421875,-0.87890625,0.09765625,-0.439453125,-0.2685546875,-0.74462890625,-0.146484375,-0.2197265625,-0.79345703125,-0.3662109375,-0.2197265625,-0.40283203125,-0.35400390625,0.6591796875,-0.08544921875,1.1474609375,0.20751953125,0.47607421875,-0.390625,-0.09765625,-0.25634765625,0.7080078125,-0.18310546875,8.82568359375,-0.23193359375,3.96728515625,0.59814453125,4.1259765625,-0.10986328125,5.3955078125,-0.18310546875,0.2197265625,-0.15869140625,1.01318359375,-0.048828125,0.23193359375,-0.23193359375,0.1708984375,-0.20751953125,0.244140625,0.15869140625,0.79345703125,0.23193359375,0.01220703125,0.0732421875,1.33056640625,-0.1953125,-1.01318359375,-0.0244140625,-0.32958984375,-0.25634765625,-0.9765625,0.0732421875,-0.78125,-0.20751953125,-1.220703125,-0.10986328125,-0.29296875,0.1708984375,-0.29296875,-0.1953125,-1.1474609375,0.10986328125,4.541015625,0,4.45556640625,-0.10986328125,3.3935546875,0,9.63134765625,-0.06103515625,-0.64697265625,-0.37841796875,-1.42822265625,-0.1220703125,-1.06201171875,-0.08544921875,0.390625,-0.15869140625,0.37841796875,-0.048828125,0.0244140625,-0.0732421875,0.01220703125,0,0.18310546875,-0.08544921875,-0.0244140625,0.01220703125,0.86669921875,0.3173828125,-0.47607421875,0,-0.537109375
1,-0.10986328125,-0.30517578125,0.01220703125,-0.3173828125,0.0732421875,-0.37841796875,-0.2197265625,-0.048828125,-0.42724609375,-0.01220703125,0.29296875,-0.89111328125,-0.048828125,1.0986328125,-0.42724609375,-0.244140625,-0.13427734375,-0.732421875,0.048828125,-0.29296875,-0.439453125,0.74462890625,-0.35400390625,-0.830078125,0.15869140625,-0.0732421875,0.18310546875,-0.79345703125,0.1220703125,0.86669921875,0,0.244140625,-0.08544921875,-0.341796875,-0.25634765625,-0.87890625,0.1708984375,-0.45166015625,-0.2197265625,-0.74462890625,-0.03662109375,-0.2197265625,-0.72021484375,-0.4150390625,-0.18310546875,-0.47607421875,-0.42724609375,0.6591796875,-0.0732421875,1.15966796875,0.244140625,0.45166015625,-0.341796875,-0.146484375,-0.18310546875,0.7080078125,-0.23193359375,7.55615234375,-0.25634765625,3.43017578125,0.50048828125,3.5888671875,-0.2197265625,4.57763671875,-0.1220703125,0.18310546875,-0.08544921875,0.98876953125,-0.048828125,0.23193359375,-0.20751953125,0.15869140625,-0.18310546875,0.23193359375,0.1708984375,0.8056640625,0.18310546875,0.01220703125,0.06103515625,1.33056640625,-0.2197265625,-1.01318359375,0,-0.32958984375,-0.09765625,-0.98876953125,-0.0244140625,-0.79345703125,-0.29296875,-1.13525390625,-0.10986328125,-0.30517578125,0.146484375,-0.30517578125,-0.2197265625,-1.15966796875,0.1220703125,4.35791015625,0.01220703125,4.26025390625,-0.0732421875,3.1982421875,-0.1220703125,9.21630859375,-0.06103515625,-0.6591796875,-0.3173828125,-1.45263671875,-0.10986328125,-1.07421875,-0.13427734375,0.37841796875,-0.1220703125,0.390625,-0.03662109375,-0.01220703125,-0.0732421875,0.0244140625,0,0.1708984375,-0.10986328125,-0.0244140625,0.01220703125,0.89111328125,0.3173828125,-0.4638671875,0.01220703125,-0.5126953125
1,-0.1220703125,-0.3173828125,0.0244140625,-0.3173828125,0.09765625,-0.37841796875,-0.244140625,-0.06103515625,-0.4150390625,-0.01220703125,0.244140625,-0.89111328125,-0.0244140625,1.07421875,-0.40283203125,-0.244140625,-0.146484375,-0.7080078125,0.01220703125,-0.2685546875,-0.40283203125,0.732421875,-0.37841796875,-0.81787109375,0.15869140625,-0.08544921875,0.1708984375,-0.8056640625,0.09765625,0.86669921875,0.01220703125,0.23193359375,0.13427734375,-0.390625,-0.3662109375,-0.8544921875,0.20751953125,-0.45166015625,-0.20751953125,-0.74462890625,0.048828125,-0.2197265625,-0.6103515625,-0.52490234375,-0.1708984375,-0.50048828125,-0.5126953125,0.68359375,-0.048828125,1.171875,0.30517578125,0.439453125,-0.2685546875,-0.1220703125,-0.1220703125,0.69580078125,-0.30517578125,6.45751953125,-0.25634765625,2.96630859375,0.4150390625,3.13720703125,-0.244140625,3.857421875,-0.048828125,0.2197265625,-0.03662109375,1.0009765625,-0.06103515625,0.244140625,-0.1708984375,0.18310546875,-0.13427734375,0.2197265625,0.1953125,0.84228515625,0.1220703125,0.048828125,0.0244140625,1.30615234375,-0.2197265625,-1.0009765625,0.01220703125,-0.3173828125,0.0732421875,-1.0009765625,-0.09765625,-0.8056640625,-0.3173828125,-1.06201171875,-0.1220703125,-0.3173828125,0.06103515625,-0.3173828125,-0.15869140625,-1.18408203125,0.0244140625,4.150390625,0.0244140625,4.052734375,-0.048828125,3.0029296875,-0.25634765625,8.7158203125,-0.0732421875,-0.6591796875,-0.2197265625,-1.45263671875,-0.10986328125,-1.07421875,-0.1953125,0.3662109375,-0.1220703125,0.390625,-0.0732421875,0,-0.0732421875,0.0244140625,0.01220703125,0.15869140625,-0.10986328125,-0.03662109375,0.0244140625,0.89111328125,0.3173828125,-0.45166015625,-0.01220703125,-0.52490234375
1,-0.1220703125,-0.341796875,0,-0.35400390625,0.10986328125,-0.42724609375,-0.244140625,-0.06103515625,-0.42724609375,-0.03662109375,0.244140625,-0.89111328125,-0.0244140625,1.0986328125,-0.37841796875,-0.2197265625,-0.146484375,-0.69580078125,-0.01220703125,-0.2685546875,-0.341796875,0.74462890625,-0.3662109375,-0.84228515625,0.15869140625,-0.0732421875,0.1220703125,-0.8056640625,0.08544921875,0.87890625,0.01220703125,0.23193359375,0.1953125,-0.42724609375,-0.3662109375,-0.84228515625,0.244140625,-0.4638671875,-0.1953125,-0.732421875,0.09765625,-0.2197265625,-0.4150390625,-0.59814453125,-0.1220703125,-0.50048828125,-0.48828125,0.68359375,-0.048828125,1.18408203125,0.30517578125,0.42724609375,-0.18310546875,-0.15869140625,-0.048828125,0.69580078125,-0.37841796875,5.517578125,-0.244140625,2.60009765625,0.3662109375,2.734375,-0.2197265625,3.271484375,0.01220703125,0.1953125,0.01220703125,1.01318359375,-0.06103515625,0.244140625,-0.13427734375,0.1708984375,-0.0732421875,0.244140625,0.244140625,0.79345703125,0.09765625,0.03662109375,0.01220703125,1.318359375,-0.20751953125,-0.98876953125,0.048828125,-0.32958984375,0.1708984375,-0.98876953125,-0.13427734375,-0.8056640625,-0.30517578125,-0.98876953125,-0.18310546875,-0.29296875,0.03662109375,-0.341796875,-0.048828125,-1.18408203125,-0.09765625,3.9306640625,0.03662109375,3.84521484375,-0.03662109375,2.77099609375,-0.32958984375,8.1787109375,-0.13427734375,-0.6591796875,-0.08544921875,-1.46484375,-0.08544921875,-1.07421875,-0.20751953125,0.341796875,-0.1220703125,0.40283203125,-0.06103515625,-0.0244140625,-0.08544921875,0.0244140625,0.01220703125,0.146484375,-0.08544921875,-0.0244140625,0.0244140625,0.91552734375,0.32958984375,-0.439453125,-0.0244140625,-0.52490234375
1,-0.1220703125,-0.32958984375,0.01220703125,-0.35400390625,0.1220703125,-0.40283203125,-0.244140625,-0.08544921875,-0.4150390625,-0.01220703125,0.244140625,-0.9033203125,0,1.08642578125,-0.37841796875,-0.2197265625,-0.0732421875,-0.68359375,-0.06103515625,-0.25634765625,-0.23193359375,0.7568359375,-0.30517578125,-0.8056640625,0.18310546875,-0.09765625,0.048828125,-0.81787109375,0.01220703125,0.89111328125,-0.01220703125,0.2197265625,0.18310546875,-0.3662109375,-0.244140625,-0.79345703125,0.23193359375,-0.47607421875,-0.15869140625,-0.74462890625,0.0732421875,-0.1953125,-0.3173828125,-0.7080078125,-0.09765625,-0.4638671875,-0.4150390625,0.68359375,-0.01220703125,1.18408203125,0.3173828125,0.439453125,-0.1220703125,-0.1708984375,0.03662109375,0.7080078125,-0.4150390625,4.67529296875,-0.244140625,2.25830078125,0.244140625,2.3681640625,-0.15869140625,2.72216796875,0.03662109375,0.1953125,0.10986328125,1.025390625,-0.0732421875,0.244140625,-0.08544921875,0.15869140625,-0.0244140625,0.25634765625,0.25634765625,0.78125,0.03662109375,0.03662109375,-0.0244140625,1.33056640625,-0.1708984375,-1.0009765625,0.06103515625,-0.341796875,0.1953125,-1.0009765625,-0.146484375,-0.81787109375,-0.25634765625,-0.9521484375,-0.1953125,-0.28076171875,0.08544921875,-0.341796875,0.0244140625,-1.18408203125,-0.244140625,3.69873046875,0.03662109375,3.57666015625,-0.03662109375,2.5634765625,-0.3173828125,7.62939453125,-0.13427734375,-0.68359375,0.0244140625,-1.46484375,-0.08544921875,-1.07421875,-0.1953125,0.341796875,-0.0732421875,0.390625,-0.06103515625,-0.03662109375,-0.0732421875,0.0244140625,-0.01220703125,0.146484375,-0.0732421875,-0.01220703125,0.0244140625,0.9033203125,0.28076171875,-0.45166015625,-0.048828125,-0.50048828125
1,-0.1220703125,-0.35400390625,-0.01220703125,-0.35400390625,0.13427734375,-0.390625,-0.28076171875,-0.0732421875,-0.40283203125,0,0.25634765625,-0.86669921875,0.01220703125,1.07421875,-0.40283203125,-0.20751953125,-0.048828125,-0.7080078125,-0.0732421875,-0.28076171875,-0.09765625,0.7568359375,-0.2197265625,-0.8056640625,0.1708984375,-0.13427734375,-0.0244140625,-0.8056640625,-0.06103515625,0.87890625,-0.0732421875,0.20751953125,0.048828125,-0.3173828125,-0.1953125,-0.76904296875,0.18310546875,-0.4638671875,-0.10986328125,-0.74462890625,0.0732421875,-0.20751953125,-0.2685546875,-0.78125,-0.08544921875,-0.40283203125,-0.341796875,0.7080078125,0.0244140625,1.171875,0.2685546875,0.439453125,-0.0732421875,-0.15869140625,0.01220703125,0.69580078125,-0.45166015625,3.857421875,-0.25634765625,1.904296875,0.15869140625,2.0263671875,-0.10986328125,2.20947265625,0.048828125,0.25634765625,0.1708984375,1.025390625,-0.09765625,0.23193359375,-0.048828125,0.18310546875,0.06103515625,0.28076171875,0.25634765625,0.78125,-0.01220703125,0.048828125,-0.01220703125,1.318359375,-0.15869140625,-1.01318359375,0.0244140625,-0.3173828125,0.10986328125,-0.98876953125,-0.09765625,-0.81787109375,-0.1708984375,-0.91552734375,-0.18310546875,-0.29296875,0.1708984375,-0.3662109375,0.09765625,-1.18408203125,-0.29296875,3.45458984375,0.06103515625,3.33251953125,-0.01220703125,2.34375,-0.1953125,7.1044921875,-0.1220703125,-0.69580078125,0.0732421875,-1.45263671875,-0.0732421875,-1.06201171875,-0.1953125,0.3662109375,-0.0732421875,0.390625,-0.048828125,-0.01220703125,-0.0732421875,0,-0.0244140625,0.13427734375,-0.03662109375,0.0244140625,0.0244140625,0.91552734375,0.23193359375,-0.4638671875,-0.048828125,-0.52490234375
1,-0.10986328125,-0.3662109375,0,-0.3662109375,0.13427734375,-0.3662109375,-0.2685546875,-0.0732421875,-0.390625,0.01220703125,0.29296875,-0.86669921875,0,1.07421875,-0.40283203125,-0.18310546875,0.03662109375,-0.7080078125,-0.0244140625,-0.28076171875,0.0244140625,0.78125,-0.15869140625,-0.78125,0.1708984375,-0.18310546875,-0.08544921875,-0.79345703125,-0.13427734375,0.91552734375,-0.15869140625,0.20751953125,-0.08544921875,-0.25634765625,-0.10986328125,-0.78125,0.1220703125,-0.45166015625,-0.08544921875,-0.74462890625,0.08544921875,-0.20751953125,-0.244140625,-0.830078125,-0.08544921875,-0.341796875,-0.2197265625,0.72021484375,-0.01220703125,1.13525390625,0.244140625,0.4638671875,-0.03662109375,-0.15869140625,0.0732421875,0.72021484375,-0.50048828125,3.0517578125,-0.28076171875,1.52587890625,0.0732421875,1.66015625,-0.146484375,1.6845703125,0.048828125,0.2685546875,0.23193359375,1.06201171875,-0.146484375,0.2197265625,-0.0244140625,0.20751953125,0.10986328125,0.30517578125,0.25634765625,0.7568359375,-0.048828125,0.03662109375,0.01220703125,1.3427734375,-0.10986328125,-1.03759765625,0,-0.30517578125,-0.06103515625,-0.98876953125,0.01220703125,-0.81787109375,-0.09765625,-0.93994140625,-0.15869140625,-0.28076171875,0.2685546875,-0.35400390625,0.09765625,-1.171875,-0.3173828125,3.1982421875,0.01220703125,3.1005859375,-0.0244140625,2.1240234375,-0.146484375,6.62841796875,-0.08544921875,-0.72021484375,0.08544921875,-1.47705078125,-0.08544921875,-1.06201171875,-0.15869140625,0.341796875,-0.06103515625,0.37841796875,-0.048828125,-0.0244140625,-0.0732421875,0.0244140625,-0.06103515625,0.13427734375,-0.048828125,0.0244140625,0.0244140625,0.9033203125,0.244140625,-0.45166015625,-0.06103515625,-0.48828125
1,-0.09765625,-0.35400390625,0.0244140625,-0.341796875,0.15869140625,-0.3662109375,-0.2685546875,-0.06103515625,-0.35400390625,0.01220703125,0.29296875,-0.86669921875,-0.0244140625,1.06201171875,-0.4150390625,-0.18310546875,0.06103515625,-0.7080078125,0.0732421875,-0.30517578125,0.06103515625,0.78125,-0.09765625,-0.78125,0.1708984375,-0.1953125,-0.09765625,-0.78125,-0.1953125,0.9033203125,-0.25634765625,0.1953125,-0.20751953125,-0.2197265625,-0.09765625,-0.7568359375,0.06103515625,-0.4150390625,-0.03662109375,-0.732421875,0.10986328125,-0.2197265625,-0.2685546875,-0.830078125,-0.0732421875,-0.25634765625,-0.1220703125,0.7080078125,-0.01220703125,1.13525390625,0.20751953125,0.5126953125,0,-0.13427734375,0.13427734375,0.7080078125,-0.537109375,2.197265625,-0.20751953125,1.0986328125,-0.0244140625,1.30615234375,-0.20751953125,1.123046875,0.048828125,0.29296875,0.25634765625,1.06201171875,-0.15869140625,0.244140625,-0.0244140625,0.2197265625,0.18310546875,0.3173828125,0.20751953125,0.76904296875,-0.09765625,0.03662109375,0.048828125,1.35498046875,-0.0732421875,-1.03759765625,0,-0.3173828125,-0.23193359375,-0.9521484375,0.10986328125,-0.81787109375,-0.03662109375,-0.9521484375,-0.1220703125,-0.2685546875,0.45166015625,-0.341796875,0.0732421875,-1.1474609375,-0.3173828125,2.94189453125,-0.048828125,2.84423828125,-0.0244140625,1.94091796875,-0.08544921875,6.26220703125,-0.03662109375,-0.72021484375,0.03662109375,-1.46484375,-0.146484375,-1.06201171875,-0.1220703125,0.3662109375,-0.03662109375,0.3662109375,-0.03662109375,-0.0244140625,-0.06103515625,0.01220703125,-0.06103515625,0.1220703125,-0.01220703125,0.01220703125,0.03662109375,0.89111328125,0.1953125,-0.439453125,-0.0732421875,-0.5126953125
1,-0.10986328125,-0.341796875,0,-0.32958984375,0.18310546875,-0.3662109375,-0.29296875,-0.0244140625,-0.341796875,0.03662109375,0.28076171875,-0.8544921875,-0.03662109375,1.06201171875,-0.439453125,-0.1708984375,0.08544921875,-0.7080078125,0.20751953125,-0.30517578125,0.08544921875,0.8056640625,-0.0244140625,-0.79345703125,0.1220703125,-0.2197265625,-0.09765625,-0.79345703125,-0.20751953125,0.9033203125,-0.29296875,0.2197265625,-0.25634765625,-0.23193359375,-0.048828125,-0.732421875,0,-0.4150390625,-0.01220703125,-0.74462890625,0.13427734375,-0.1953125,-0.37841796875,-0.830078125,-0.0732421875,-0.28076171875,-0.13427734375,0.69580078125,0.048828125,1.11083984375,0.146484375,0.5126953125,0.03662109375,-0.146484375,0.20751953125,0.72021484375,-0.634765625,1.33056640625,-0.2685546875,0.6591796875,-0.0244140625,0.9033203125,-0.35400390625,0.52490234375,0.0732421875,0.3173828125,0.29296875,1.07421875,-0.1708984375,0.244140625,-0.0244140625,0.2197265625,0.244140625,0.32958984375,0.146484375,0.76904296875,-0.08544921875,0.03662109375,0.08544921875,1.3671875,-0.08544921875,-1.03759765625,-0.0244140625,-0.32958984375,-0.37841796875,-0.9521484375,0.146484375,-0.79345703125,-0.0244140625,-0.98876953125,-0.1220703125,-0.2685546875,0.57373046875,-0.3173828125,0.08544921875,-1.13525390625,-0.28076171875,2.685546875,-0.08544921875,2.67333984375,-0.03662109375,1.79443359375,-0.0244140625,5.95703125,0.03662109375,-0.74462890625,-0.0732421875,-1.46484375,-0.18310546875,-1.0498046875,-0.048828125,0.37841796875,0,0.35400390625,-0.03662109375,0,-0.06103515625,0.0244140625,-0.06103515625,0.1220703125,-0.0244140625,0.01220703125,0.01220703125,0.9033203125,0.1953125,-0.45166015625,-0.0244140625,-0.52490234375
0,-0.09765625,-0.32958984375,0,-0.35400390625,0.2197265625,-0.35400390625,-0.29296875,-0.048828125,-0.29296875,0,0.30517578125,-0.86669921875,-0.06103515625,1.08642578125,-0.4638671875,-0.1953125,0.0732421875,-0.7080078125,0.3662109375,-0.30517578125,0.08544921875,0.78125,0.048828125,-0.79345703125,0.09765625,-0.244140625,-0.08544921875,-0.78125,-0.1953125,0.9033203125,-0.28076171875,0.20751953125,-0.23193359375,-0.23193359375,-0.1220703125,-0.72021484375,-0.0244140625,-0.390625,-0.01220703125,-0.74462890625,0.06103515625,-0.1953125,-0.47607421875,-0.76904296875,-0.01220703125,-0.25634765625,-0.0732421875,0.69580078125,0.08544921875,1.08642578125,0.0732421875,0.50048828125,0.01220703125,-0.13427734375,0.29296875,0.72021484375,-0.634765625,0.439453125,-0.20751953125,0.23193359375,0.048828125,0.50048828125,-0.40283203125,-0.08544921875,0.06103515625,0.341796875,0.3173828125,1.0498046875,-0.18310546875,0.25634765625,-0.01220703125,0.23193359375,0.23193359375,0.3173828125,0.10986328125,0.78125,-0.0732421875,0.03662109375,0.10986328125,1.37939453125,-0.08544921875,-1.01318359375,-0.03662109375,-0.3173828125,-0.4150390625,-0.93994140625,0.146484375,-0.8056640625,-0.03662109375,-1.01318359375,-0.1220703125,-0.244140625,0.634765625,-0.29296875,0.048828125,-1.13525390625,-0.2685546875,2.45361328125,-0.1708984375,2.47802734375,-0.03662109375,1.62353515625,0.0244140625,5.70068359375,0.1220703125,-0.7568359375,-0.1220703125,-1.4892578125,-0.20751953125,-1.06201171875,-0.03662109375,0.37841796875,0.0244140625,0.390625,-0.03662109375,-0.01220703125,-0.08544921875,0,-0.03662109375,0.13427734375,-0.01220703125,0,0.0244140625,0.87890625,0.18310546875,-0.45166015625,0.01220703125,-0.52490234375
0,-0.08544921875,-0.29296875,-0.01220703125,-0.35400390625,0.244140625,-0.35400390625,-0.29296875,-0.0244140625,-0.20751953125,0,0.2685546875,-0.86669921875,-0.08544921875,1.0986328125,-0.47607421875,-0.2197265625,0.08544921875,-0.72021484375,0.439453125,-0.29296875,0.01220703125,0.79345703125,0.15869140625,-0.81787109375,0.048828125,-0.23193359375,-0.0244140625,-0.78125,-0.146484375,0.91552734375,-0.28076171875,0.20751953125,-0.1708984375,-0.2197265625,-0.1708984375,-0.7080078125,0,-0.3662109375,-0.08544921875,-0.74462890625,-0.01220703125,-0.1708984375,-0.59814453125,-0.7080078125,0.01220703125,-0.25634765625,-0.13427734375,0.6591796875,0.09765625,1.0986328125,0.0244140625,0.5126953125,0.0244140625,-0.13427734375,0.30517578125,0.7080078125,-0.57373046875,-0.35400390625,-0.146484375,-0.1708984375,0,0.1220703125,-0.42724609375,-0.62255859375,0.06103515625,0.35400390625,0.3173828125,1.06201171875,-0.146484375,0.244140625,-0.0244140625,0.2197265625,0.23193359375,0.29296875,0.06103515625,0.830078125,-0.048828125,0.01220703125,0.13427734375,1.37939453125,-0.0732421875,-1.03759765625,-0.03662109375,-0.3173828125,-0.32958984375,-0.96435546875,0.10986328125,-0.79345703125,-0.0732421875,-1.06201171875,-0.1220703125,-0.244140625,0.64697265625,-0.28076171875,0.06103515625,-1.123046875,-0.25634765625,2.24609375,-0.20751953125,2.3193359375,-0.048828125,1.5380859375,0.0732421875,5.45654296875,0.146484375,-0.7568359375,-0.25634765625,-1.47705078125,-0.20751953125,-1.06201171875,-0.01220703125,0.390625,0.03662109375,0.37841796875,-0.0244140625,0,-0.06103515625,0.01220703125,-0.048828125,0.1220703125,-0.0244140625,-0.01220703125,0.03662109375,0.86669921875,0.18310546875,-0.4638671875,0.03662109375,-0.52490234375
0,-0.08544921875,-0.30517578125,-0.0244140625,-0.341796875,0.25634765625,-0.35400390625,-0.29296875,-0.0244140625,-0.18310546875,0.01220703125,0.25634765625,-0.86669921875,-0.10986328125,1.11083984375,-0.47607421875,-0.2197265625,0.048828125,-0.732421875,0.48828125,-0.2685546875,-0.0244140625,0.78125,0.28076171875,-0.81787109375,0,-0.1953125,0.01220703125,-0.79345703125,-0.08544921875,0.87890625,-0.23193359375,0.2197265625,-0.09765625,-0.244140625,-0.390625,-0.72021484375,0.01220703125,-0.35400390625,-0.1708984375,-0.7568359375,-0.1220703125,-0.1953125,-0.68359375,-0.6591796875,0.08544921875,-0.29296875,-0.20751953125,0.634765625,0.0732421875,1.11083984375,0.03662109375,0.48828125,0.01220703125,-0.13427734375,0.28076171875,0.69580078125,-0.4638671875,-0.9765625,-0.09765625,-0.4150390625,0.01220703125,-0.1953125,-0.40283203125,-1.06201171875,0.0732421875,0.341796875,0.3173828125,1.06201171875,-0.15869140625,0.244140625,-0.0244140625,0.2197265625,0.2197265625,0.2685546875,0.03662109375,0.830078125,0.01220703125,0,0.13427734375,1.37939453125,-0.10986328125,-1.0009765625,-0.048828125,-0.32958984375,-0.23193359375,-0.9765625,0,-0.79345703125,-0.09765625,-1.0986328125,-0.146484375,-0.244140625,0.57373046875,-0.28076171875,0.048828125,-1.13525390625,-0.28076171875,2.06298828125,-0.23193359375,2.1728515625,-0.0732421875,1.416015625,0.244140625,5.17578125,0.09765625,-0.732421875,-0.30517578125,-1.46484375,-0.1953125,-1.06201171875,0.0244140625,0.4150390625,0.048828125,0.37841796875,-0.03662109375,0.01220703125,-0.06103515625,0.01220703125,-0.048828125,0.146484375,-0.0244140625,-0.0244140625,0.01220703125,0.89111328125,0.20751953125,-0.439453125,0.08544921875,-0.50048828125
0,-0.09765625,-0.30517578125,-0.0244140625,-0.341796875,0.28076171875,-0.32958984375,-0.28076171875,-0.03662109375,-0.13427734375,-0.03662109375,0.28076171875,-0.89111328125,-0.10986328125,1.11083984375,-0.45166015625,-0.25634765625,0.03662109375,-0.72021484375,0.4638671875,-0.2685546875,-0.06103515625,0.7568359375,0.35400390625,-0.81787109375,0.01220703125,-0.1708984375,0.03662109375,-0.8056640625,-0.01220703125,0.86669921875,-0.15869140625,0.20751953125,0,-0.28076171875,-0.42724609375,-0.74462890625,0.01220703125,-0.37841796875,-0.23193359375,-0.7568359375,-0.244140625,-0.1953125,-0.74462890625,-0.59814453125,0.13427734375,-0.390625,-0.30517578125,0.634765625,-0.01220703125,1.13525390625,0.048828125,0.47607421875,-0.0244140625,-0.15869140625,0.25634765625,0.69580078125,-0.390625,-1.35498046875,-0.09765625,-0.59814453125,0.0244140625,-0.4150390625,-0.4150390625,-1.318359375,0.09765625,0.32958984375,0.25634765625,1.0498046875,-0.13427734375,0.23193359375,-0.048828125,0.2197265625,0.1708984375,0.25634765625,0,0.8544921875,0.0732421875,0,0.10986328125,1.33056640625,-0.0732421875,-0.98876953125,-0.03662109375,-0.3173828125,-0.06103515625,-0.9765625,-0.09765625,-0.76904296875,-0.15869140625,-1.0986328125,-0.15869140625,-0.23193359375,0.4638671875,-0.2685546875,0.06103515625,-1.15966796875,-0.30517578125,1.8798828125,-0.1708984375,2.0263671875,-0.10986328125,1.28173828125,0.390625,4.7607421875,0,-0.72021484375,-0.28076171875,-1.46484375,-0.2197265625,-1.07421875,0.01220703125,0.40283203125,0.048828125,0.37841796875,-0.03662109375,0.03662109375,-0.0732421875,0.01220703125,-0.0732421875,0.1708984375,-0.03662109375,0,0,0.91552734375,0.2197265625,-0.45166015625,0.08544921875,-0.50048828125
0,-0.06103515625,-0.30517578125,-0.048828125,-0.35400390625,0.32958984375,-0.35400390625,-0.25634765625,-0.03662109375,-0.1220703125,-0.03662109375,0.28076171875,-0.89111328125,-0.09765625,1.123046875,-0.4638671875,-0.244140625,0.048828125,-0.7080078125,0.37841796875,-0.2685546875,-0.06103515625,0.7568359375,0.3662109375,-0.81787109375,0.06103515625,-0.13427734375,0.0732421875,-0.81787109375,0.09765625,0.8544921875,-0.03662109375,0.2197265625,0.01220703125,-0.341796875,-0.4150390625,-0.76904296875,0.03662109375,-0.390625,-0.2685546875,-0.7568359375,-0.32958984375,-0.20751953125,-0.6591796875,-0.54931640625,0.13427734375,-0.439453125,-0.4150390625,0.634765625,-0.06103515625,1.171875,0.09765625,0.4638671875,-0.048828125,-0.18310546875,0.15869140625,0.68359375,-0.29296875,-1.4892578125,-0.0732421875,-0.59814453125,0.0244140625,-0.47607421875,-0.37841796875,-1.35498046875,0.09765625,0.30517578125,0.20751953125,1.03759765625,-0.15869140625,0.23193359375,-0.08544921875,0.23193359375,0.09765625,0.244140625,-0.06103515625,0.87890625,0.1708984375,-0.03662109375,0.08544921875,1.3427734375,-0.08544921875,-0.9765625,-0.048828125,-0.32958984375,0.0732421875,-0.9765625,-0.20751953125,-0.78125,-0.23193359375,-1.11083984375,-0.20751953125,-0.244140625,0.341796875,-0.2685546875,0.06103515625,-1.171875,-0.29296875,1.64794921875,-0.146484375,1.8310546875,-0.20751953125,1.07421875,0.341796875,4.21142578125,-0.10986328125,-0.69580078125,-0.244140625,-1.4404296875,-0.25634765625,-1.0986328125,0.01220703125,0.390625,0.03662109375,0.390625,-0.048828125,0,-0.06103515625,0,-0.08544921875,0.146484375,-0.0244140625,-0.01220703125,0.01220703125,0.927734375,0.2197265625,-0.4638671875,0.0732421875,-0.48828125
0,-0.048828125,-0.3173828125,-0.03662109375,-0.35400390625,0.35400390625,-0.37841796875,-0.25634765625,-0.03662109375,-0.09765625,-0.048828125,0.28076171875,-0.89111328125,-0.10986328125,1.0986328125,-0.48828125,-0.25634765625,0.0732421875,-0.7080078125,0.25634765625,-0.2685546875,-0.03662109375,0.7568359375,0.244140625,-0.8056640625,0.09765625,-0.0732421875,0.08544921875,-0.8056640625,0.13427734375,0.86669921875,0.0732421875,0.2197265625,-0.0732421875,-0.3662109375,-0.37841796875,-0.78125,0.0244140625,-0.42724609375,-0.244140625,-0.7568359375,-0.390625,-0.1953125,-0.5859375,-0.54931640625,0.10986328125,-0.4638671875,-0.52490234375,0.634765625,-0.0732421875,1.1962890625,0.08544921875,0.439453125,-0.1220703125,-0.20751953125,0.0732421875,0.68359375,-0.244140625,-1.33056640625,-0.08544921875,-0.4638671875,0.06103515625,-0.42724609375,-0.3662109375,-1.1962890625,0.09765625,0.28076171875,0.10986328125,1.0498046875,-0.146484375,0.1953125,-0.09765625,0.20751953125,-0.01220703125,0.244140625,-0.06103515625,0.87890625,0.2197265625,-0.03662109375,0.0732421875,1.33056640625,-0.08544921875,-0.96435546875,-0.03662109375,-0.32958984375,0.1708984375,-0.9765625,-0.29296875,-0.78125,-0.29296875,-1.13525390625,-0.2685546875,-0.25634765625,0.20751953125,-0.29296875,-0.01220703125,-1.171875,-0.18310546875,1.35498046875,-0.01220703125,1.5625,-0.244140625,0.830078125,0.42724609375,3.515625,-0.15869140625,-0.69580078125,-0.13427734375,-1.416015625,-0.2685546875,-1.08642578125,-0.01220703125,0.37841796875,0.06103515625,0.40283203125,-0.06103515625,-0.01220703125,-0.06103515625,0.01220703125,-0.06103515625,0.15869140625,-0.0244140625,0.01220703125,-0.01220703125,0.91552734375,0.2197265625,-0.45166015625,0.09765625,-0.48828125
0,-0.06103515625,-0.32958984375,-0.06103515625,-0.35400390625,0.3662109375,-0.40283203125,-0.2197265625,-0.06103515625,-0.146484375,-0.048828125,0.30517578125,-0.9033203125,-0.1220703125,1.11083984375,-0.48828125,-0.25634765625,0.1220703125,-0.68359375,0.09765625,-0.2685546875,0,0.78125,0.06103515625,-0.8056640625,0.18310546875,-0.01220703125,0.0732421875,-0.81787109375,0.146484375,0.89111328125,0.15869140625,0.244140625,-0.1708984375,-0.341796875,-0.30517578125,-0.81787109375,0.048828125,-0.4638671875,-0.23193359375,-0.76904296875,-0.439453125,-0.2197265625,-0.45166015625,-0.57373046875,0.0244140625,-0.4638671875,-0.5615234375,0.634765625,-0.0732421875,1.18408203125,0.13427734375,0.439453125,-0.2197265625,-0.1953125,0.01220703125,0.67138671875,-0.20751953125,-0.91552734375,0.0244140625,-0.1953125,0.1220703125,-0.244140625,-0.341796875,-0.86669921875,0.0732421875,0.2685546875,0.0244140625,1.0498046875,-0.1708984375,0.1953125,-0.10986328125,0.2197265625,-0.0732421875,0.28076171875,-0.06103515625,0.86669921875,0.25634765625,-0.03662109375,0.0732421875,1.3427734375,-0.0732421875,-0.927734375,-0.03662109375,-0.3173828125,0.1708984375,-0.98876953125,-0.25634765625,-0.79345703125,-0.32958984375,-1.15966796875,-0.32958984375,-0.244140625,0.15869140625,-0.32958984375,-0.08544921875,-1.1962890625,-0.13427734375,1.025390625,0.0244140625,1.25732421875,-0.29296875,0.5615234375,0.37841796875,2.7099609375,-0.2197265625,-0.68359375,-0.06103515625,-1.3916015625,-0.2685546875,-1.07421875,-0.06103515625,0.37841796875,0.048828125,0.390625,-0.06103515625,0,-0.0732421875,0.0244140625,-0.0732421875,0.15869140625,-0.048828125,0.0244140625,-0.03662109375,0.89111328125,0.20751953125,-0.4638671875,0.13427734375,-0.4638671875
0,-0.048828125,-0.341796875,-0.09765625,-0.3662109375,0.3662109375,-0.40283203125,-0.2197265625,-0.06103515625,-0.10986328125,-0.03662109375,0.28076171875,-0.91552734375,-0.08544921875,1.0986328125,-0.47607421875,-0.25634765625,0.10986328125,-0.69580078125,-0.0244140625,-0.2685546875,-0.01220703125,0.79345703125,-0.1708984375,-0.81787109375,0.25634765625,0.01220703125,0.06103515625,-0.8056640625,0.1708984375,0.89111328125,0.20751953125,0.2197265625,-0.341796875,-0.32958984375,-0.25634765625,-0.81787109375,0.0732421875,-0.439453125,-0.20751953125,-0.74462890625,-0.42724609375,-0.1953125,-0.4150390625,-0.62255859375,-0.0732421875,-0.45166015625,-0.59814453125,0.67138671875,-0.01220703125,1.18408203125,0.15869140625,0.45166015625,-0.30517578125,-0.20751953125,-0.048828125,0.7080078125,-0.1708984375,-0.37841796875,0.08544921875,0.13427734375,0.13427734375,0.0244140625,-0.32958984375,-0.42724609375,0.048828125,0.25634765625,-0.03662109375,1.06201171875,-0.1708984375,0.18310546875,-0.10986328125,0.2197265625,-0.146484375,0.28076171875,-0.08544921875,0.8544921875,0.28076171875,-0.048828125,0.06103515625,1.3427734375,-0.06103515625,-0.927734375,-0.03662109375,-0.341796875,0.09765625,-0.9765625,-0.1708984375,-0.8056640625,-0.32958984375,-1.1962890625,-0.32958984375,-0.244140625,0.1220703125,-0.341796875,-0.1708984375,-1.171875,-0.09765625,0.64697265625,0.048828125,0.86669921875,-0.32958984375,0.25634765625,0.32958984375,1.8310546875,-0.2685546875,-0.7080078125,-0.06103515625,-1.3916015625,-0.25634765625,-1.07421875,-0.0732421875,0.3662109375,0.06103515625,0.37841796875,-0.06103515625,0.0244140625,-0.08544921875,0,-0.09765625,0.1220703125,-0.06103515625,0.01220703125,-0.048828125,0.89111328125,0.244140625,-0.4638671875,0.15869140625,-0.48828125
0,-0.048828125,-0.3173828125,-0.10986328125,-0.390625,0.32958984375,-0.390625,-0.18310546875,-0.08544921875,-0.1220703125,-0.0244140625,0.3173828125,-0.927734375,-0.048828125,1.07421875,-0.47607421875,-0.25634765625,0.0732421875,-0.68359375,-0.1220703125,-0.28076171875,-0.048828125,0.78125,-0.40283203125,-0.79345703125,0.28076171875,0.06103515625,0.06103515625,-0.8056640625,0.1708984375,0.89111328125,0.244140625,0.244140625,-0.439453125,-0.28076171875,-0.09765625,-0.81787109375,0.09765625,-0.4150390625,-0.1708984375,-0.7568359375,-0.37841796875,-0.18310546875,-0.37841796875,-0.67138671875,-0.146484375,-0.4150390625,-0.6103515625,0.68359375,0.048828125,1.1962890625,0.244140625,0.47607421875,-0.4150390625,-0.1953125,-0.0732421875,0.732421875,-0.1708984375,0.2197265625,0.146484375,0.45166015625,0.146484375,0.341796875,-0.29296875,0.0244140625,0.0244140625,0.28076171875,-0.10986328125,1.0498046875,-0.1953125,0.18310546875,-0.08544921875,0.2197265625,-0.20751953125,0.30517578125,-0.0244140625,0.81787109375,0.29296875,-0.03662109375,0.03662109375,1.33056640625,-0.03662109375,-0.91552734375,-0.048828125,-0.341796875,0,-0.98876953125,-0.0244140625,-0.8056640625,-0.29296875,-1.1962890625,-0.30517578125,-0.25634765625,0.1708984375,-0.32958984375,-0.2197265625,-1.171875,-0.06103515625,0.244140625,0.048828125,0.50048828125,-0.3173828125,-0.0732421875,0.30517578125,1.01318359375,-0.23193359375,-0.69580078125,0,-1.37939453125,-0.23193359375,-1.07421875,-0.0732421875,0.37841796875,0.03662109375,0.3662109375,-0.06103515625,0,-0.0732421875,0,-0.09765625,0.13427734375,-0.0732421875,-0.01220703125,-0.06103515625,0.87890625,0.2197265625,-0.4638671875,0.1953125,-0.5126953125
0,-0.048828125,-0.341796875,-0.1220703125,-0.390625,0.3173828125,-0.37841796875,-0.15869140625,-0.08544921875,-0.13427734375,-0.01220703125,0.30517578125,-0.9033203125,-0.048828125,1.11083984375,-0.4638671875,-0.25634765625,0,-0.68359375,-0.15869140625,-0.28076171875,-0.08544921875,0.8056640625,-0.5126953125,-0.78125,0.29296875,0.08544921875,0.06103515625,-0.8056640625,0.146484375,0.9033203125,0.23193359375,0.23193359375,-0.52490234375,-0.2197265625,0.03662109375,-0.8056640625,0.13427734375,-0.37841796875,-0.10986328125,-0.7568359375,-0.341796875,-0.15869140625,-0.32958984375,-0.732421875,-0.15869140625,-0.32958984375,-0.52490234375,0.72021484375,0.0732421875,1.171875,0.29296875,0.47607421875,-0.5126953125,-0.18310546875,-0.13427734375,0.74462890625,-0.25634765625,0.76904296875,0.23193359375,0.72021484375,0.146484375,0.64697265625,-0.1953125,0.42724609375,0,0.2685546875,-0.146484375,1.07421875,-0.244140625,0.20751953125,-0.048828125,0.23193359375,-0.25634765625,0.29296875,-0.048828125,0.8544921875,0.29296875,-0.03662109375,0.0732421875,1.3427734375,0.01220703125,-0.9521484375,-0.08544921875,-0.3173828125,-0.10986328125,-1.0009765625,0.13427734375,-0.8056640625,-0.28076171875,-1.1962890625,-0.244140625,-0.244140625,0.2685546875,-0.32958984375,-0.25634765625,-1.18408203125,-0.10986328125,-0.06103515625,-0.03662109375,0.1708984375,-0.30517578125,-0.3173828125,0.2197265625,0.390625,-0.146484375,-0.7568359375,-0.01220703125,-1.35498046875,-0.1708984375,-1.07421875,-0.08544921875,0.3662109375,0.03662109375,0.3662109375,-0.0732421875,0.01220703125,-0.06103515625,-0.01220703125,-0.09765625,0.1220703125,-0.0732421875,0,-0.0732421875,0.8544921875,0.18310546875,-0.45166015625,0.1953125,-0.52490234375
0,-0.06103515625,-0.341796875,-0.1220703125,-0.390625,0.32958984375,-0.37841796875,-0.15869140625,-0.09765625,-0.09765625,0,0.30517578125,-0.9033203125,-0.0244140625,1.08642578125,-0.47607421875,-0.25634765625,-0.08544921875,-0.68359375,-0.15869140625,-0.29296875,-0.18310546875,0.79345703125,-0.54931640625,-0.79345703125,0.23193359375,0.1220703125,0.06103515625,-0.78125,0.09765625,0.927734375,0.18310546875,0.2197265625,-0.47607421875,-0.13427734375,0.0244140625,-0.78125,0.13427734375,-0.341796875,-0.06103515625,-0.74462890625,-0.23193359375,-0.146484375,-0.32958984375,-0.7568359375,-0.1220703125,-0.29296875,-0.4638671875,0.72021484375,0.048828125,1.123046875,0.3662109375,0.50048828125,-0.54931640625,-0.18310546875,-0.1953125,0.72021484375,-0.28076171875,1.11083984375,0.35400390625,0.89111328125,0.1220703125,0.87890625,-0.0732421875,0.7080078125,-0.0244140625,0.29296875,-0.2197265625,1.07421875,-0.28076171875,0.2197265625,0.01220703125,0.23193359375,-0.3662109375,0.30517578125,0.0244140625,0.8544921875,0.29296875,-0.0244140625,0.1708984375,1.33056640625,0.048828125,-0.9765625,-0.08544921875,-0.341796875,-0.1708984375,-1.01318359375,0.244140625,-0.8056640625,-0.244140625,-1.220703125,-0.13427734375,-0.244140625,0.390625,-0.32958984375,-0.30517578125,-1.171875,-0.1220703125,-0.23193359375,-0.146484375,-0.0244140625,-0.25634765625,-0.4638671875,0.18310546875,0.1220703125,-0.0244140625,-0.76904296875,0.01220703125,-1.33056640625,-0.13427734375,-1.07421875,-0.09765625,0.3662109375,0.0244140625,0.37841796875,-0.0732421875,0.0244140625,-0.0732421875,0,-0.06103515625,0.13427734375,-0.048828125,-0.03662109375,-0.09765625,0.8544921875,0.146484375,-0.4638671875,0.2197265625,-0.537109375
0,-0.0732421875,-0.3173828125,-0.1220703125,-0.390625,0.32958984375,-0.35400390625,-0.146484375,-0.08544921875,-0.048828125,0,0.2685546875,-0.86669921875,-0.01220703125,1.0986328125,-0.47607421875,-0.25634765625,-0.146484375,-0.72021484375,-0.09765625,-0.30517578125,-0.30517578125,0.79345703125,-0.45166015625,-0.8056640625,0.146484375,0.15869140625,0.0732421875,-0.78125,0.0244140625,0.927734375,0.1220703125,0.23193359375,-0.30517578125,-0.15869140625,0.06103515625,-0.78125,0.146484375,-0.30517578125,-0.01220703125,-0.74462890625,-0.1220703125,-0.13427734375,-0.40283203125,-0.78125,-0.0732421875,-0.30517578125,-0.50048828125,0.72021484375,0.03662109375,1.0986328125,0.35400390625,0.5126953125,-0.59814453125,-0.1708984375,-0.23193359375,0.72021484375,-0.47607421875,1.26953125,0.28076171875,0.93994140625,0.0244140625,1.0009765625,-0.09765625,0.81787109375,-0.0244140625,0.28076171875,-0.3173828125,1.08642578125,-0.28076171875,0.244140625,0.048828125,0.244140625,-0.439453125,0.29296875,0.06103515625,0.8544921875,0.2685546875,-0.03662109375,0.18310546875,1.3427734375,0.08544921875,-0.98876953125,-0.09765625,-0.32958984375,-0.18310546875,-1.0009765625,0.28076171875,-0.8056640625,-0.25634765625,-1.23291015625,-0.048828125,-0.25634765625,0.4638671875,-0.3173828125,-0.30517578125,-1.15966796875,-0.10986328125,-0.2197265625,-0.20751953125,-0.01220703125,-0.15869140625,-0.42724609375,0.0732421875,0.244140625,0.048828125,-0.8056640625,0.06103515625,-1.30615234375,-0.1220703125,-1.06201171875,-0.146484375,0.37841796875,0.03662109375,0.3662109375,-0.09765625,0.0244140625,-0.0732421875,-0.0244140625,-0.03662109375,0.13427734375,-0.03662109375,-0.048828125,-0.08544921875,0.86669921875,0.13427734375,-0.439453125,0.20751953125,-0.54931640625
0,-0.08544921875,-0.29296875,-0.1220703125,-0.3662109375,0.35400390625,-0.341796875,-0.15869140625,-0.08544921875,-0.0244140625,0,0.25634765625,-0.87890625,-0.01220703125,1.123046875,-0.47607421875,-0.25634765625,-0.2197265625,-0.7080078125,-0.01220703125,-0.29296875,-0.37841796875,0.81787109375,-0.28076171875,-0.8056640625,0.01220703125,0.1708984375,0.0732421875,-0.7568359375,-0.0244140625,0.9033203125,-0.0244140625,0.2197265625,-0.1220703125,-0.1708984375,-0.0244140625,-0.74462890625,0.15869140625,-0.2685546875,0.06103515625,-0.72021484375,0,-0.13427734375,-0.4150390625,-0.74462890625,-0.01220703125,-0.29296875,-0.47607421875,0.732421875,0.08544921875,1.08642578125,0.32958984375,0.5126953125,-0.62255859375,-0.15869140625,-0.25634765625,0.7080078125,-0.537109375,1.20849609375,0.3173828125,0.87890625,0.08544921875,1.03759765625,0.01220703125,0.76904296875,-0.048828125,0.29296875,-0.341796875,1.07421875,-0.29296875,0.23193359375,0.03662109375,0.25634765625,-0.48828125,0.25634765625,0.06103515625,0.89111328125,0.25634765625,-0.01220703125,0.23193359375,1.3427734375,0.09765625,-1.0009765625,-0.048828125,-0.32958984375,-0.15869140625,-1.01318359375,0.2197265625,-0.81787109375,-0.244140625,-1.26953125,0.06103515625,-0.25634765625,0.48828125,-0.32958984375,-0.23193359375,-1.171875,-0.09765625,0.01220703125,-0.3173828125,0.23193359375,-0.1220703125,-0.20751953125,0.01220703125,0.84228515625,0.08544921875,-0.7568359375,0.09765625,-1.33056640625,-0.0732421875,-1.08642578125,-0.15869140625,0.3662109375,0.06103515625,0.37841796875,-0.09765625,0.0244140625,-0.0732421875,-0.0244140625,-0.01220703125,0.146484375,-0.048828125,-0.06103515625,-0.09765625,0.86669921875,0.1220703125,-0.439453125,0.1953125,-0.5859375
0,-0.08544921875,-0.29296875,-0.10986328125,-0.35400390625,0.37841796875,-0.341796875,-0.15869140625,-0.06103515625,-0.01220703125,0,0.20751953125,-0.8544921875,-0.01220703125,1.11083984375,-0.4638671875,-0.244140625,-0.2197265625,-0.72021484375,0.08544921875,-0.29296875,-0.40283203125,0.79345703125,-0.09765625,-0.81787109375,-0.1220703125,0.18310546875,0.0244140625,-0.78125,-0.09765625,0.927734375,-0.08544921875,0.2197265625,0.03662109375,-0.15869140625,-0.10986328125,-0.74462890625,0.146484375,-0.25634765625,0.08544921875,-0.732421875,0.09765625,-0.10986328125,-0.3662109375,-0.72021484375,0.09765625,-0.29296875,-0.48828125,0.72021484375,0.10986328125,1.08642578125,0.2197265625,0.5126953125,-0.5615234375,-0.1220703125,-0.341796875,0.7080078125,-0.47607421875,0.9521484375,0.40283203125,0.7568359375,0.06103515625,0.9765625,0.10986328125,0.62255859375,-0.08544921875,0.2685546875,-0.35400390625,1.06201171875,-0.2685546875,0.244140625,0.0244140625,0.23193359375,-0.50048828125,0.244140625,0.10986328125,0.9033203125,0.28076171875,0,0.23193359375,1.35498046875,0.0732421875,-1.025390625,-0.03662109375,-0.32958984375,-0.06103515625,-1.0009765625,0.08544921875,-0.8056640625,-0.244140625,-1.2939453125,0.1220703125,-0.25634765625,0.4638671875,-0.3173828125,-0.146484375,-1.171875,-0.0732421875,0.5126953125,-0.32958984375,0.72021484375,-0.048828125,0.1953125,0.09765625,1.9287109375,0.13427734375,-0.72021484375,0.10986328125,-1.33056640625,-0.0244140625,-1.08642578125,-0.15869140625,0.390625,0.06103515625,0.37841796875,-0.09765625,0.03662109375,-0.0732421875,-0.048828125,0,0.15869140625,-0.03662109375,-0.06103515625,-0.08544921875,0.87890625,0.1220703125,-0.42724609375,0.20751953125,-0.57373046875
1,-0.10986328125,-0.29296875,-0.10986328125,-0.341796875,0.390625,-0.3662109375,-0.18310546875,-0.03662109375,0,-0.0244140625,0.1953125,-0.87890625,-0.0244140625,1.11083984375,-0.439453125,-0.25634765625,-0.18310546875,-0.732421875,0.146484375,-0.2685546875,-0.30517578125,0.76904296875,0.06103515625,-0.830078125,-0.23193359375,0.1953125,-0.03662109375,-0.76904296875,-0.1708984375,0.9033203125,-0.244140625,0.2197265625,0.146484375,-0.1953125,-0.1953125,-0.74462890625,0.1220703125,-0.28076171875,0.09765625,-0.732421875,0.146484375,-0.15869140625,-0.3662109375,-0.69580078125,0.2197265625,-0.35400390625,-0.47607421875,0.72021484375,0.1220703125,1.11083984375,0.1708984375,0.47607421875,-0.48828125,-0.15869140625,-0.439453125,0.7080078125,-0.5615234375,0.634765625,0.28076171875,0.5615234375,0.03662109375,0.8544921875,0.01220703125,0.4150390625,-0.146484375,0.2685546875,-0.30517578125,1.06201171875,-0.25634765625,0.2197265625,-0.0244140625,0.2197265625,-0.5126953125,0.244140625,0.13427734375,0.927734375,0.29296875,-0.0244140625,0.23193359375,1.3427734375,0.0732421875,-1.01318359375,-0.01220703125,-0.3173828125,0,-1.0009765625,-0.08544921875,-0.79345703125,-0.1953125,-1.33056640625,0.13427734375,-0.2685546875,0.40283203125,-0.29296875,-0.03662109375,-1.1962890625,-0.0244140625,1.23291015625,-0.25634765625,1.42822265625,0.06103515625,0.76904296875,0.0732421875,3.3935546875,0.0732421875,-0.64697265625,0.1220703125,-1.318359375,0,-1.08642578125,-0.146484375,0.390625,0.06103515625,0.390625,-0.10986328125,0.0244140625,-0.0732421875,-0.048828125,0.01220703125,0.15869140625,-0.0244140625,-0.06103515625,-0.09765625,0.91552734375,0.1220703125,-0.45166015625,0.18310546875,-0.537109375
1,-0.1220703125,-0.28076171875,-0.10986328125,-0.341796875,0.40283203125,-0.3662109375,-0.20751953125,-0.048828125,-0.01220703125,-0.048828125,0.13427734375,-0.87890625,-0.03662109375,1.123046875,-0.40283203125,-0.25634765625,-0.09765625,-0.72021484375,0.146484375,-0.28076171875,-0.146484375,0.76904296875,0.15869140625,-0.830078125,-0.30517578125,0.1953125,-0.13427734375,-0.76904296875,-0.23193359375,0.9033203125,-0.3173828125,0.2197265625,0.15869140625,-0.30517578125,-0.2197265625,-0.76904296875,0.048828125,-0.3173828125,0.09765625,-0.732421875,0.09765625,-0.15869140625,-0.23193359375,-0.6591796875,0.30517578125,-0.439453125,-0.35400390625,0.732421875,0.0732421875,1.123046875,0.1220703125,0.47607421875,-0.4150390625,-0.13427734375,-0.537109375,0.7080078125,-0.5126953125,0.341796875,0.25634765625,0.45166015625,0.06103515625,0.72021484375,0.09765625,0.244140625,-0.15869140625,0.25634765625,-0.2685546875,1.0498046875,-0.20751953125,0.20751953125,-0.0732421875,0.1953125,-0.45166015625,0.244140625,0.15869140625,0.93994140625,0.29296875,-0.0244140625,0.2197265625,1.33056640625,0.0732421875,-1.0009765625,-0.0244140625,-0.30517578125,0.03662109375,-1.0009765625,-0.2685546875,-0.78125,-0.146484375,-1.3671875,0.1220703125,-0.29296875,0.3662109375,-0.3173828125,0.06103515625,-1.220703125,-0.08544921875,2.11181640625,-0.1953125,2.294921875,0.06103515625,1.46484375,0.0244140625,5.09033203125,-0.01220703125,-0.537109375,0.10986328125,-1.33056640625,0,-1.08642578125,-0.09765625,0.390625,0.0732421875,0.37841796875,-0.1220703125,0,-0.06103515625,-0.048828125,0,0.146484375,-0.01220703125,-0.06103515625,-0.10986328125,0.9033203125,0.10986328125,-0.45166015625,0.146484375,-0.5126953125
1,-0.09765625,-0.28076171875,-0.09765625,-0.35400390625,0.390625,-0.390625,-0.1953125,-0.03662109375,0.0244140625,-0.06103515625,0.13427734375,-0.9033203125,-0.03662109375,1.13525390625,-0.390625,-0.2685546875,0.03662109375,-0.69580078125,0.146484375,-0.2685546875,0.01220703125,0.732421875,0.13427734375,-0.81787109375,-0.30517578125,0.1708984375,-0.20751953125,-0.79345703125,-0.2685546875,0.9033203125,-0.30517578125,0.2197265625,0.08544921875,-0.35400390625,-0.23193359375,-0.8056640625,-0.0732421875,-0.35400390625,0.03662109375,-0.732421875,-0.03662109375,-0.1708984375,-0.25634765625,-0.59814453125,0.341796875,-0.50048828125,-0.341796875,0.732421875,0.01220703125,1.15966796875,0.06103515625,0.4638671875,-0.28076171875,-0.13427734375,-0.57373046875,0.69580078125,-0.37841796875,0.15869140625,0.18310546875,0.439453125,0.1220703125,0.64697265625,0.13427734375,0.1708984375,-0.15869140625,0.244140625,-0.28076171875,1.03759765625,-0.1708984375,0.1708984375,-0.1220703125,0.18310546875,-0.4150390625,0.244140625,0.1708984375,0.96435546875,0.29296875,-0.03662109375,0.1953125,1.33056640625,0.048828125,-1.0009765625,-0.0244140625,-0.30517578125,0.048828125,-1.01318359375,-0.390625,-0.78125,-0.10986328125,-1.42822265625,0.08544921875,-0.28076171875,0.29296875,-0.3173828125,0.1708984375,-1.220703125,-0.13427734375,3.08837890625,-0.03662109375,3.25927734375,0.08544921875,2.197265625,0.1953125,6.9091796875,-0.15869140625,-0.42724609375,0.0732421875,-1.3671875,-0.048828125,-1.08642578125,-0.0244140625,0.37841796875,0.0732421875,0.390625,-0.08544921875,-0.01220703125,-0.0732421875,-0.048828125,-0.0244140625,0.13427734375,-0.0244140625,-0.03662109375,-0.08544921875,0.9033203125,0.10986328125,-0.47607421875,0.10986328125,-0.5126953125
1,-0.09765625,-0.29296875,-0.09765625,-0.35400390625,0.42724609375,-0.390625,-0.1708984375,-0.06103515625,0.0244140625,-0.0732421875,0.13427734375,-0.89111328125,-0.03662109375,1.11083984375,-0.3662109375,-0.25634765625,0.1953125,-0.69580078125,0.06103515625,-0.25634765625,0.146484375,0.7568359375,0.08544921875,-0.84228515625,-0.28076171875,0.1708984375,-0.28076171875,-0.8056640625,-0.29296875,0.89111328125,-0.25634765625,0.2197265625,-0.10986328125,-0.37841796875,-0.341796875,-0.84228515625,-0.146484375,-0.40283203125,0.03662109375,-0.76904296875,-0.1953125,-0.1708984375,-0.30517578125,-0.57373046875,0.30517578125,-0.5126953125,-0.341796875,0.7568359375,-0.03662109375,1.18408203125,0,0.4638671875,-0.1953125,-0.15869140625,-0.5859375,0.732421875,-0.35400390625,0.18310546875,0.048828125,0.5126953125,0.18310546875,0.6591796875,0.0732421875,0.29296875,-0.13427734375,0.244140625,-0.25634765625,1.025390625,-0.1708984375,0.1708984375,-0.146484375,0.18310546875,-0.341796875,0.244140625,0.2197265625,0.927734375,0.2685546875,-0.0244140625,0.1708984375,1.3427734375,0.06103515625,-0.98876953125,-0.03662109375,-0.30517578125,-0.0732421875,-0.98876953125,-0.390625,-0.76904296875,-0.13427734375,-1.47705078125,0.048828125,-0.2685546875,0.2197265625,-0.3173828125,0.25634765625,-1.220703125,-0.20751953125,4.01611328125,0.0732421875,4.16259765625,0.03662109375,2.91748046875,0.2685546875,8.6181640625,-0.23193359375,-0.30517578125,0.0244140625,-1.40380859375,-0.10986328125,-1.07421875,0.01220703125,0.390625,0.0732421875,0.3662109375,-0.06103515625,-0.0244140625,-0.08544921875,-0.048828125,-0.06103515625,0.1220703125,-0.0244140625,-0.0244140625,-0.0732421875,0.927734375,0.0732421875,-0.48828125,0.0732421875,-0.50048828125
1,-0.0732421875,-0.30517578125,-0.08544921875,-0.341796875,0.42724609375,-0.4150390625,-0.146484375,-0.06103515625,0.01220703125,-0.048828125,0.1220703125,-0.89111328125,-0.03662109375,1.11083984375,-0.37841796875,-0.25634765625,0.32958984375,-0.68359375,-0.01220703125,-0.2685546875,0.23193359375,0.74462890625,0.03662109375,-0.830078125,-0.23193359375,0.1220703125,-0.28076171875,-0.8056640625,-0.244140625,0.9033203125,-0.13427734375,0.2197265625,-0.341796875,-0.40283203125,-0.341796875,-0.87890625,-0.2197265625,-0.4150390625,0.048828125,-0.74462890625,-0.37841796875,-0.18310546875,-0.20751953125,-0.54931640625,0.2197265625,-0.5126953125,-0.3173828125,0.76904296875,-0.048828125,1.18408203125,-0.048828125,0.47607421875,-0.10986328125,-0.1708984375,-0.50048828125,0.72021484375,-0.28076171875,0.40283203125,0.048828125,0.7080078125,0.2197265625,0.78125,0.146484375,0.52490234375,-0.08544921875,0.23193359375,-0.23193359375,1.03759765625,-0.13427734375,0.146484375,-0.1220703125,0.1708984375,-0.32958984375,0.244140625,0.244140625,0.89111328125,0.244140625,-0.048828125,0.10986328125,1.35498046875,0.0732421875,-0.98876953125,-0.06103515625,-0.30517578125,-0.1953125,-1.01318359375,-0.35400390625,-0.76904296875,-0.15869140625,-1.50146484375,-0.01220703125,-0.244140625,0.23193359375,-0.341796875,0.18310546875,-1.2451171875,-0.25634765625,4.82177734375,0.13427734375,4.9560546875,0.01220703125,3.55224609375,0.37841796875,10.07080078125,-0.25634765625,-0.1708984375,-0.06103515625,-1.416015625,-0.15869140625,-1.0498046875,0.03662109375,0.3662109375,0.1220703125,0.3662109375,-0.048828125,-0.048828125,-0.06103515625,-0.03662109375,-0.0732421875,0.1220703125,-0.01220703125,0,-0.06103515625,0.89111328125,0.08544921875,-0.50048828125,0.0244140625,-0.50048828125
1,-0.0732421875,-0.3173828125,-0.0732421875,-0.35400390625,0.45166015625,-0.4150390625,-0.13427734375,-0.048828125,0.01220703125,-0.048828125,0.09765625,-0.9033203125,-0.03662109375,1.11083984375,-0.341796875,-0.244140625,0.40283203125,-0.67138671875,-0.048828125,-0.244140625,0.2685546875,0.7568359375,-0.01220703125,-0.830078125,-0.146484375,0.08544921875,-0.2685546875,-0.8056640625,-0.2197265625,0.89111328125,0,0.23193359375,-0.537109375,-0.390625,-0.390625,-0.87890625,-0.23193359375,-0.42724609375,0.01220703125,-0.732421875,-0.50048828125,-0.1708984375,-0.30517578125,-0.5615234375,0.1220703125,-0.48828125,-0.4150390625,0.79345703125,0,1.171875,-0.06103515625,0.50048828125,0.01220703125,-0.1708984375,-0.45166015625,0.72021484375,-0.2685546875,0.8056640625,0.01220703125,0.98876953125,0.1953125,1.0009765625,0.0244140625,0.9033203125,-0.03662109375,0.23193359375,-0.1708984375,1.03759765625,-0.09765625,0.15869140625,-0.10986328125,0.1708984375,-0.32958984375,0.2685546875,0.2685546875,0.86669921875,0.20751953125,-0.03662109375,0.0732421875,1.33056640625,0.09765625,-1.01318359375,-0.0732421875,-0.3173828125,-0.30517578125,-0.98876953125,-0.23193359375,-0.76904296875,-0.20751953125,-1.513671875,-0.048828125,-0.23193359375,0.1953125,-0.341796875,0.08544921875,-1.23291015625,-0.20751953125,5.4443359375,0.1708984375,5.50537109375,-0.03662109375,4.01611328125,0.4638671875,11.14501953125,-0.20751953125,-0.0732421875,-0.146484375,-1.4404296875,-0.15869140625,-1.0498046875,0.0244140625,0.35400390625,0.10986328125,0.3662109375,-0.048828125,-0.03662109375,-0.0732421875,-0.0244140625,-0.1220703125,0.10986328125,-0.0244140625,0.01220703125,-0.06103515625,0.86669921875,0.10986328125,-0.5126953125,0.03662109375,-0.50048828125
1,-0.0732421875,-0.341796875,-0.08544921875,-0.35400390625,0.45166015625,-0.4150390625,-0.10986328125,-0.048828125,0.03662109375,-0.01220703125,0.048828125,-0.89111328125,-0.06103515625,1.08642578125,-0.3173828125,-0.2197265625,0.390625,-0.69580078125,-0.06103515625,-0.25634765625,0.23193359375,0.76904296875,-0.06103515625,-0.81787109375,-0.08544921875,0.0732421875,-0.1953125,-0.8056640625,-0.1220703125,0.91552734375,0.0732421875,0.23193359375,-0.72021484375,-0.32958984375,-0.37841796875,-0.87890625,-0.1708984375,-0.439453125,-0.048828125,-0.72021484375,-0.5615234375,-0.15869140625,-0.29296875,-0.57373046875,0.06103515625,-0.42724609375,-0.5126953125,0.81787109375,0.048828125,1.171875,-0.10986328125,0.5126953125,0.048828125,-0.1708984375,-0.37841796875,0.74462890625,-0.30517578125,1.35498046875,-0.048828125,1.30615234375,0.1708984375,1.2939453125,-0.0244140625,1.3916015625,0.048828125,0.23193359375,-0.09765625,1.0498046875,-0.08544921875,0.1708984375,-0.06103515625,0.1953125,-0.29296875,0.28076171875,0.28076171875,0.86669921875,0.15869140625,-0.03662109375,0.0732421875,1.35498046875,0.09765625,-1.025390625,-0.0732421875,-0.30517578125,-0.4150390625,-0.9765625,-0.08544921875,-0.76904296875,-0.25634765625,-1.5380859375,-0.08544921875,-0.1953125,0.146484375,-0.3662109375,-0.08544921875,-1.1962890625,-0.08544921875,5.810546875,0.1953125,5.8349609375,-0.01220703125,4.30908203125,0.390625,11.7431640625,-0.146484375,0,-0.1708984375,-1.45263671875,-0.18310546875,-1.025390625,0,0.3662109375,0.1220703125,0.3662109375,-0.0244140625,-0.03662109375,-0.06103515625,-0.0244140625,-0.1220703125,0.10986328125,-0.01220703125,-0.01220703125,-0.03662109375,0.86669921875,0.09765625,-0.48828125,0.0244140625,-0.52490234375
1,-0.0732421875,-0.32958984375,-0.09765625,-0.35400390625,0.45166015625,-0.42724609375,-0.0732421875,-0.03662109375,0.06103515625,0,0.048828125,-0.87890625,-0.06103515625,1.07421875,-0.28076171875,-0.20751953125,0.341796875,-0.7080078125,-0.0732421875,-0.2685546875,0.08544921875,0.78125,-0.09765625,-0.79345703125,-0.0732421875,0.0244140625,-0.1220703125,-0.8056640625,-0.0244140625,0.9033203125,0.146484375,0.23193359375,-0.6591796875,-0.28076171875,-0.40283203125,-0.86669921875,-0.10986328125,-0.40283203125,-0.0732421875,-0.7080078125,-0.5615234375,-0.13427734375,-0.4150390625,-0.5859375,0,-0.35400390625,-0.57373046875,0.84228515625,0.0732421875,1.123046875,-0.08544921875,0.537109375,0.06103515625,-0.20751953125,-0.2685546875,0.732421875,-0.3173828125,1.91650390625,-0.0732421875,1.62353515625,0.1708984375,1.5869140625,-0.06103515625,1.86767578125,0.13427734375,0.25634765625,-0.03662109375,1.06201171875,-0.08544921875,0.18310546875,0,0.2197265625,-0.244140625,0.25634765625,0.2685546875,0.8544921875,0.10986328125,-0.048828125,0.048828125,1.3427734375,0.1220703125,-1.025390625,-0.08544921875,-0.3173828125,-0.42724609375,-0.96435546875,0.03662109375,-0.7568359375,-0.30517578125,-1.5380859375,-0.0732421875,-0.18310546875,0.1220703125,-0.341796875,-0.2197265625,-1.171875,0,5.89599609375,0.13427734375,5.8837890625,-0.048828125,4.3701171875,0.2197265625,11.85302734375,-0.08544921875,0.03662109375,-0.25634765625,-1.47705078125,-0.13427734375,-1.025390625,-0.03662109375,0.37841796875,0.10986328125,0.3662109375,-0.0244140625,-0.0244140625,-0.06103515625,-0.0244140625,-0.13427734375,0.13427734375,0,-0.0244140625,-0.048828125,0.86669921875,0.08544921875,-0.52490234375,0.048828125,-0.52490234375
1,-0.06103515625,-0.30517578125,-0.1220703125,-0.341796875,0.439453125,-0.40283203125,-0.0732421875,-0.048828125,0.09765625,0.0244140625,0.01220703125,-0.86669921875,-0.0732421875,1.08642578125,-0.244140625,-0.20751953125,0.23193359375,-0.7080078125,-0.06103515625,-0.28076171875,-0.048828125,0.79345703125,-0.15869140625,-0.79345703125,-0.048828125,-0.01220703125,-0.0244140625,-0.79345703125,0.06103515625,0.91552734375,0.1708984375,0.2197265625,-0.48828125,-0.2197265625,-0.47607421875,-0.86669921875,-0.01220703125,-0.3662109375,-0.08544921875,-0.72021484375,-0.50048828125,-0.146484375,-0.52490234375,-0.5615234375,0,-0.3173828125,-0.67138671875,0.84228515625,0.09765625,1.0986328125,-0.03662109375,0.5126953125,0.10986328125,-0.20751953125,-0.1953125,0.732421875,-0.341796875,2.38037109375,-0.09765625,1.85546875,0.13427734375,1.86767578125,-0.1220703125,2.23388671875,0.15869140625,0.23193359375,0.0244140625,1.06201171875,-0.09765625,0.20751953125,0.06103515625,0.244140625,-0.1708984375,0.25634765625,0.25634765625,0.86669921875,0.048828125,-0.03662109375,0,1.3427734375,0.10986328125,-1.01318359375,-0.0732421875,-0.29296875,-0.390625,-0.9521484375,0.0732421875,-0.7568359375,-0.37841796875,-1.4892578125,-0.01220703125,-0.18310546875,0,-0.3173828125,-0.28076171875,-1.171875,0.0732421875,5.74951171875,0.0732421875,5.6396484375,-0.048828125,4.248046875,0.06103515625,11.4990234375,-0.03662109375,0.048828125,-0.244140625,-1.47705078125,-0.1220703125,-1.03759765625,-0.09765625,0.40283203125,0.10986328125,0.37841796875,-0.01220703125,-0.03662109375,-0.0732421875,-0.03662109375,-0.146484375,0.13427734375,-0.01220703125,-0.0244140625,-0.048828125,0.86669921875,0.06103515625,-0.50048828125,0.048828125,-0.537109375
1,-0.0732421875,-0.3173828125,-0.09765625,-0.35400390625,0.47607421875,-0.390625,-0.06103515625,-0.06103515625,0.13427734375,0.0244140625,-0.01220703125,-0.87890625,-0.048828125,1.11083984375,-0.25634765625,-0.23193359375,0.08544921875,-0.72021484375,-0.08544921875,-0.2685546875,-0.1953125,0.81787109375,-0.23193359375,-0.78125,-0.03662109375,-0.048828125,0.10986328125,-0.79345703125,0.13427734375,0.91552734375,0.1953125,0.2197265625,-0.2197265625,-0.1953125,-0.45166015625,-0.84228515625,0.09765625,-0.35400390625,-0.06103515625,-0.72021484375,-0.37841796875,-0.1708984375,-0.52490234375,-0.52490234375,0.0244140625,-0.29296875,-0.830078125,0.830078125,0.06103515625,1.11083984375,0.01220703125,0.50048828125,0.09765625,-0.20751953125,-0.0732421875,0.72021484375,-0.4150390625,2.6611328125,-0.10986328125,1.98974609375,0.0244140625,2.06298828125,-0.15869140625,2.47802734375,0.1708984375,0.1953125,0.048828125,1.07421875,-0.0732421875,0.1953125,0.09765625,0.2197265625,-0.10986328125,0.23193359375,0.2685546875,0.84228515625,0,-0.048828125,-0.01220703125,1.33056640625,0.09765625,-0.98876953125,-0.03662109375,-0.3173828125,-0.29296875,-0.9521484375,0.048828125,-0.7568359375,-0.439453125,-1.46484375,0.0244140625,-0.18310546875,-0.09765625,-0.29296875,-0.29296875,-1.15966796875,0.10986328125,5.33447265625,0.06103515625,5.224609375,-0.06103515625,3.96728515625,-0.0732421875,10.8154296875,-0.01220703125,0.03662109375,-0.1953125,-1.46484375,-0.09765625,-1.0498046875,-0.15869140625,0.40283203125,0.08544921875,0.3662109375,-0.01220703125,0.0244140625,-0.0732421875,-0.048828125,-0.146484375,0.146484375,-0.01220703125,-0.06103515625,-0.06103515625,0.84228515625,0.0732421875,-0.47607421875,0.09765625,-0.537109375
1,-0.0732421875,-0.30517578125,-0.1220703125,-0.35400390625,0.47607421875,-0.37841796875,-0.0732421875,-0.048828125,0.18310546875,0.03662109375,-0.048828125,-0.8544921875,-0.06103515625,1.0986328125,-0.244140625,-0.244140625,-0.01220703125,-0.72021484375,-0.09765625,-0.28076171875,-0.30517578125,0.8056640625,-0.2685546875,-0.8056640625,-0.06103515625,-0.08544921875,0.18310546875,-0.79345703125,0.1708984375,0.927734375,0.23193359375,0.2197265625,0.10986328125,-0.20751953125,-0.4638671875,-0.830078125,0.1953125,-0.341796875,-0.048828125,-0.72021484375,-0.28076171875,-0.15869140625,-0.4638671875,-0.45166015625,0.048828125,-0.30517578125,-0.86669921875,0.81787109375,0.10986328125,1.123046875,0.0732421875,0.4638671875,0.10986328125,-0.2197265625,-0.048828125,0.7080078125,-0.45166015625,2.734375,-0.06103515625,2.001953125,-0.048828125,2.1240234375,-0.10986328125,2.5390625,0.15869140625,0.1708984375,0.10986328125,1.06201171875,-0.0732421875,0.20751953125,0.1220703125,0.244140625,-0.03662109375,0.2197265625,0.1953125,0.9033203125,-0.06103515625,-0.0244140625,0.0244140625,1.30615234375,0.06103515625,-0.98876953125,0,-0.3173828125,-0.10986328125,-0.9521484375,-0.01220703125,-0.76904296875,-0.5126953125,-1.40380859375,0.048828125,-0.1953125,-0.18310546875,-0.28076171875,-0.2685546875,-1.1474609375,0.06103515625,4.8095703125,0.06103515625,4.6630859375,-0.048828125,3.5400390625,-0.18310546875,9.87548828125,-0.01220703125,-0.0244140625,-0.1220703125,-1.45263671875,-0.08544921875,-1.07421875,-0.244140625,0.390625,0.10986328125,0.3662109375,0,0.0244140625,-0.06103515625,-0.0732421875,-0.15869140625,0.146484375,-0.0244140625,-0.0732421875,-0.08544921875,0.84228515625,0.06103515625,-0.47607421875,0.08544921875,-0.52490234375
1,-0.0732421875,-0.29296875,-0.08544921875,-0.341796875,0.48828125,-0.3662109375,-0.09765625,-0.048828125,0.23193359375,0.03662109375,-0.08544921875,-0.8544921875,-0.0732421875,1.0986328125,-0.20751953125,-0.244140625,-0.06103515625,-0.72021484375,-0.13427734375,-0.28076171875,-0.29296875,0.79345703125,-0.3173828125,-0.8056640625,-0.06103515625,-0.08544921875,0.2197265625,-0.78125,0.15869140625,0.927734375,0.244140625,0.20751953125,0.390625,-0.18310546875,-0.35400390625,-0.8056640625,0.28076171875,-0.32958984375,-0.0732421875,-0.72021484375,-0.2197265625,-0.15869140625,-0.32958984375,-0.390625,0.0732421875,-0.29296875,-0.91552734375,0.8056640625,0.146484375,1.123046875,0.06103515625,0.45166015625,0.1220703125,-0.20751953125,0,0.7080078125,-0.47607421875,2.587890625,-0.06103515625,1.89208984375,-0.03662109375,2.06298828125,-0.08544921875,2.44140625,0.13427734375,0.146484375,0.146484375,1.03759765625,-0.06103515625,0.23193359375,0.10986328125,0.2197265625,0.03662109375,0.20751953125,0.146484375,0.9033203125,-0.09765625,-0.0244140625,0.048828125,1.318359375,0.03662109375,-0.9765625,0.03662109375,-0.32958984375,0.048828125,-0.9521484375,-0.10986328125,-0.7568359375,-0.537109375,-1.33056640625,0.03662109375,-0.20751953125,-0.2685546875,-0.28076171875,-0.18310546875,-1.1474609375,-0.03662109375,4.19921875,0.06103515625,4.01611328125,-0.06103515625,3.06396484375,-0.23193359375,8.7890625,-0.06103515625,-0.10986328125,-0.01220703125,-1.46484375,-0.09765625,-1.07421875,-0.28076171875,0.40283203125,0.10986328125,0.37841796875,-0.01220703125,0.0244140625,-0.0732421875,-0.08544921875,-0.15869140625,0.13427734375,-0.03662109375,-0.048828125,-0.08544921875,0.8544921875,0.06103515625,-0.47607421875,0.10986328125,-0.52490234375
1,-0.06103515625,-0.30517578125,-0.09765625,-0.35400390625,0.47607421875,-0.35400390625,-0.0732421875,-0.06103515625,0.2197265625,0.03662109375,-0.08544921875,-0.87890625,-0.0732421875,1.11083984375,-0.20751953125,-0.25634765625,-0.08544921875,-0.72021484375,-0.18310546875,-0.28076171875,-0.2197265625,0.78125,-0.30517578125,-0.8056640625,-0.0732421875,-0.09765625,0.15869140625,-0.76904296875,0.13427734375,0.91552734375,0.23193359375,0.20751953125,0.537109375,-0.20751953125,-0.28076171875,-0.81787109375,0.30517578125,-0.32958984375,-0.06103515625,-0.74462890625,-0.18310546875,-0.15869140625,-0.18310546875,-0.32958984375,0.1220703125,-0.341796875,-0.84228515625,0.76904296875,0.15869140625,1.15966796875,0.048828125,0.439453125,0.13427734375,-0.1953125,0.048828125,0.7080078125,-0.5126953125,2.25830078125,0,1.69677734375,-0.1220703125,1.904296875,-0.03662109375,2.18505859375,0.13427734375,0.13427734375,0.18310546875,1.0498046875,-0.0732421875,0.2197265625,0.08544921875,0.1953125,0.10986328125,0.1953125,0.06103515625,0.93994140625,-0.10986328125,-0.01220703125,0.0732421875,1.318359375,0.048828125,-0.9521484375,0.0732421875,-0.30517578125,0.13427734375,-0.96435546875,-0.15869140625,-0.7568359375,-0.48828125,-1.23291015625,0.0244140625,-0.244140625,-0.30517578125,-0.25634765625,-0.08544921875,-1.1474609375,-0.13427734375,3.57666015625,0.08544921875,3.41796875,-0.08544921875,2.5634765625,-0.2685546875,7.71484375,-0.08544921875,-0.20751953125,0.10986328125,-1.4404296875,-0.09765625,-1.06201171875,-0.30517578125,0.40283203125,0.13427734375,0.3662109375,0,0.0244140625,-0.06103515625,-0.10986328125,-0.1708984375,0.146484375,-0.048828125,-0.0244140625,-0.08544921875,0.84228515625,0.0732421875,-0.4638671875,0.10986328125,-0.537109375
1,-0.048828125,-0.29296875,-0.15869140625,-0.32958984375,0.45166015625,-0.341796875,-0.0732421875,-0.01220703125,0.23193359375,0,-0.08544921875,-0.87890625,-0.06103515625,1.11083984375,-0.20751953125,-0.2685546875,-0.03662109375,-0.732421875,-0.23193359375,-0.2685546875,-0.09765625,0.78125,-0.29296875,-0.79345703125,-0.03662109375,-0.13427734375,0.06103515625,-0.76904296875,0.08544921875,0.89111328125,0.20751953125,0.20751953125,0.5126953125,-0.28076171875,-0.146484375,-0.81787109375,0.30517578125,-0.35400390625,-0.06103515625,-0.76904296875,-0.13427734375,-0.1953125,-0.1220703125,-0.25634765625,0.1220703125,-0.4150390625,-0.76904296875,0.74462890625,0.10986328125,1.171875,0.146484375,0.42724609375,0.15869140625,-0.1708984375,0.0732421875,0.7080078125,-0.45166015625,1.85546875,0.048828125,1.47705078125,-0.20751953125,1.69677734375,-0.0732421875,1.8798828125,0.146484375,0.10986328125,0.2197265625,1.03759765625,-0.0732421875,0.20751953125,0.048828125,0.15869140625,0.10986328125,0.1953125,-0.01220703125,0.96435546875,-0.10986328125,-0.01220703125,0.1220703125,1.318359375,0.0732421875,-0.96435546875,0.09765625,-0.3173828125,0.1708984375,-0.9765625,-0.1708984375,-0.76904296875,-0.390625,-1.13525390625,0.0244140625,-0.244140625,-0.28076171875,-0.25634765625,-0.0244140625,-1.15966796875,-0.1953125,3.02734375,0.08544921875,2.880859375,-0.1220703125,2.11181640625,-0.244140625,6.75048828125,-0.0732421875,-0.30517578125,0.13427734375,-1.4404296875,-0.09765625,-1.08642578125,-0.25634765625,0.4150390625,0.15869140625,0.35400390625,0,0.01220703125,-0.08544921875,-0.10986328125,-0.18310546875,0.146484375,-0.048828125,-0.0244140625,-0.0732421875,0.81787109375,0.08544921875,-0.48828125,0.10986328125,-0.52490234375
0,-0.03662109375,-0.30517578125,-0.1220703125,-0.32958984375,0.42724609375,-0.37841796875,-0.03662109375,-0.03662109375,0.29296875,-0.03662109375,-0.10986328125,-0.89111328125,-0.06103515625,1.0986328125,-0.20751953125,-0.2685546875,-0.01220703125,-0.69580078125,-0.25634765625,-0.2685546875,0.0244140625,0.7568359375,-0.23193359375,-0.8056640625,0.01220703125,-0.13427734375,-0.048828125,-0.76904296875,0.01220703125,0.89111328125,0.15869140625,0.20751953125,0.439453125,-0.37841796875,-0.03662109375,-0.84228515625,0.244140625,-0.4150390625,0,-0.7568359375,-0.10986328125,-0.1953125,-0.048828125,-0.23193359375,0.146484375,-0.47607421875,-0.64697265625,0.72021484375,0.01220703125,1.18408203125,0.2197265625,0.42724609375,0.23193359375,-0.1708984375,0.06103515625,0.74462890625,-0.37841796875,1.42822265625,0,1.26953125,-0.3173828125,1.47705078125,-0.18310546875,1.5625,0.18310546875,0.09765625,0.18310546875,1.025390625,-0.08544921875,0.18310546875,0.01220703125,0.1708984375,0.08544921875,0.1953125,-0.0732421875,0.9521484375,-0.10986328125,0,0.09765625,1.30615234375,0.09765625,-0.9521484375,0.08544921875,-0.32958984375,0.09765625,-1.0009765625,-0.1220703125,-0.7568359375,-0.25634765625,-1.07421875,0.01220703125,-0.2685546875,-0.20751953125,-0.2685546875,0,-1.15966796875,-0.18310546875,2.5634765625,0.048828125,2.45361328125,-0.146484375,1.74560546875,-0.15869140625,5.94482421875,-0.06103515625,-0.390625,0.1708984375,-1.4404296875,-0.13427734375,-1.08642578125,-0.20751953125,0.390625,0.13427734375,0.341796875,0,0,-0.06103515625,-0.09765625,-0.15869140625,0.146484375,-0.06103515625,-0.01220703125,-0.08544921875,0.76904296875,0.09765625,-0.50048828125,0.08544921875,-0.5126953125
0,-0.0244140625,-0.30517578125,-0.146484375,-0.32958984375,0.4150390625,-0.40283203125,-0.01220703125,-0.03662109375,0.25634765625,-0.06103515625,-0.08544921875,-0.87890625,-0.03662109375,1.0986328125,-0.20751953125,-0.2685546875,0.0732421875,-0.67138671875,-0.25634765625,-0.25634765625,0.146484375,0.79345703125,-0.18310546875,-0.79345703125,0.03662109375,-0.1708984375,-0.15869140625,-0.76904296875,-0.048828125,0.87890625,0.048828125,0.1953125,0.3173828125,-0.42724609375,0.01220703125,-0.87890625,0.15869140625,-0.47607421875,0.0732421875,-0.7568359375,-0.10986328125,-0.20751953125,0,-0.2197265625,0.13427734375,-0.50048828125,-0.537109375,0.732421875,-0.06103515625,1.1962890625,0.28076171875,0.439453125,0.23193359375,-0.1708984375,0.10986328125,0.74462890625,-0.3173828125,1.11083984375,0.06103515625,1.0986328125,-0.3173828125,1.2939453125,-0.28076171875,1.33056640625,0.2197265625,0.08544921875,0.08544921875,1.01318359375,-0.09765625,0.1708984375,-0.048828125,0.15869140625,0.0732421875,0.1953125,-0.09765625,0.927734375,-0.03662109375,0.01220703125,0.09765625,1.3427734375,0.1708984375,-0.9521484375,0.08544921875,-0.3173828125,-0.048828125,-0.9765625,-0.0244140625,-0.78125,-0.1708984375,-1.01318359375,0.01220703125,-0.29296875,-0.0732421875,-0.30517578125,-0.01220703125,-1.18408203125,-0.13427734375,2.2216796875,0.03662109375,2.16064453125,-0.13427734375,1.45263671875,-0.08544921875,5.322265625,-0.01220703125,-0.4638671875,0.146484375,-1.416015625,-0.1708984375,-1.08642578125,-0.1220703125,0.390625,0.15869140625,0.3173828125,0,0,-0.0732421875,-0.08544921875,-0.18310546875,0.13427734375,-0.06103515625,0,-0.08544921875,0.74462890625,0.0732421875,-0.50048828125,0.0732421875,-0.5126953125
0,-0.01220703125,-0.32958984375,-0.10986328125,-0.341796875,0.4150390625,-0.390625,0,-0.03662109375,0.25634765625,-0.0732421875,-0.06103515625,-0.87890625,-0.0244140625,1.08642578125,-0.15869140625,-0.244140625,0.146484375,-0.64697265625,-0.2197265625,-0.244140625,0.244140625,0.76904296875,-0.146484375,-0.81787109375,0.08544921875,-0.18310546875,-0.20751953125,-0.78125,-0.10986328125,0.87890625,-0.048828125,0.20751953125,0.23193359375,-0.439453125,0.048828125,-0.9033203125,0.048828125,-0.50048828125,0.10986328125,-0.7568359375,-0.08544921875,-0.20751953125,-0.01220703125,-0.25634765625,0.13427734375,-0.48828125,-0.35400390625,0.72021484375,-0.13427734375,1.15966796875,0.29296875,0.45166015625,0.28076171875,-0.15869140625,0.10986328125,0.74462890625,-0.29296875,0.91552734375,0.10986328125,1.025390625,-0.35400390625,1.20849609375,-0.23193359375,1.171875,0.20751953125,0.09765625,0.01220703125,1.025390625,-0.10986328125,0.15869140625,-0.10986328125,0.1708984375,0.01220703125,0.2197265625,-0.10986328125,0.93994140625,0.0244140625,0.01220703125,0.10986328125,1.33056640625,0.2197265625,-0.9765625,0.0732421875,-0.32958984375,-0.23193359375,-0.98876953125,0.03662109375,-0.76904296875,-0.09765625,-0.91552734375,0.01220703125,-0.28076171875,0.06103515625,-0.32958984375,0,-1.1962890625,-0.08544921875,1.94091796875,0,1.91650390625,-0.15869140625,1.2451171875,-0.01220703125,4.8583984375,0.048828125,-0.52490234375,0.06103515625,-1.45263671875,-0.18310546875,-1.07421875,-0.048828125,0.40283203125,0.15869140625,0.32958984375,0.03662109375,-0.01220703125,-0.06103515625,-0.0732421875,-0.1708984375,0.13427734375,-0.048828125,-0.01220703125,-0.0732421875,0.74462890625,0.03662109375,-0.52490234375,0.06103515625,-0.52490234375
0,-0.0244140625,-0.32958984375,-0.13427734375,-0.35400390625,0.40283203125,-0.42724609375,-0.01220703125,-0.048828125,0.25634765625,-0.08544921875,-0.08544921875,-0.89111328125,-0.01220703125,1.08642578125,-0.1220703125,-0.244140625,0.18310546875,-0.67138671875,-0.15869140625,-0.25634765625,0.29296875,0.76904296875,-0.08544921875,-0.79345703125,0.0732421875,-0.2197265625,-0.23193359375,-0.78125,-0.146484375,0.86669921875,-0.146484375,0.2197265625,0.15869140625,-0.40283203125,-0.06103515625,-0.927734375,-0.0244140625,-0.537109375,0.13427734375,-0.7568359375,-0.0732421875,-0.2197265625,-0.08544921875,-0.30517578125,0.08544921875,-0.45166015625,-0.341796875,0.732421875,-0.18310546875,1.15966796875,0.3173828125,0.47607421875,0.3662109375,-0.18310546875,0.1220703125,0.7568359375,-0.20751953125,0.89111328125,0.18310546875,1.025390625,-0.28076171875,1.20849609375,-0.18310546875,1.13525390625,0.1953125,0.10986328125,-0.06103515625,1.01318359375,-0.146484375,0.13427734375,-0.15869140625,0.18310546875,-0.03662109375,0.23193359375,-0.146484375,0.86669921875,0.08544921875,0,0.08544921875,1.33056640625,0.244140625,-1.0009765625,0.06103515625,-0.3173828125,-0.37841796875,-0.98876953125,0.09765625,-0.79345703125,-0.03662109375,-0.87890625,0.0244140625,-0.2685546875,0.146484375,-0.37841796875,-0.0244140625,-1.20849609375,-0.08544921875,1.708984375,-0.0732421875,1.7578125,-0.146484375,1.06201171875,0.06103515625,4.45556640625,0.10986328125,-0.54931640625,-0.03662109375,-1.4404296875,-0.1953125,-1.0498046875,0,0.3662109375,0.15869140625,0.30517578125,0.048828125,0,-0.0732421875,-0.0732421875,-0.146484375,0.15869140625,-0.048828125,0,-0.08544921875,0.732421875,0.0244140625,-0.5615234375,0.06103515625,-0.52490234375
0,-0.0244140625,-0.3173828125,-0.13427734375,-0.37841796875,0.3662109375,-0.4150390625,0.01220703125,-0.06103515625,0.2685546875,-0.048828125,-0.10986328125,-0.89111328125,0,1.07421875,-0.1220703125,-0.25634765625,0.23193359375,-0.6591796875,-0.0244140625,-0.23193359375,0.29296875,0.78125,-0.048828125,-0.81787109375,0.0244140625,-0.28076171875,-0.2197265625,-0.76904296875,-0.146484375,0.89111328125,-0.20751953125,0.2197265625,0.1220703125,-0.3662109375,-0.20751953125,-0.96435546875,-0.08544921875,-0.52490234375,0.09765625,-0.74462890625,-0.10986328125,-0.23193359375,-0.18310546875,-0.390625,0.08544921875,-0.4150390625,-0.32958984375,0.7568359375,-0.18310546875,1.123046875,0.28076171875,0.48828125,0.35400390625,-0.20751953125,0.1708984375,0.732421875,-0.30517578125,1.0009765625,0.1220703125,1.08642578125,-0.30517578125,1.318359375,-0.15869140625,1.15966796875,0.146484375,0.146484375,-0.10986328125,1.0498046875,-0.1708984375,0.13427734375,-0.1708984375,0.1953125,-0.09765625,0.244140625,-0.146484375,0.84228515625,0.13427734375,0,0.10986328125,1.33056640625,0.23193359375,-1.01318359375,0.048828125,-0.32958984375,-0.439453125,-0.9765625,0.10986328125,-0.79345703125,-0.048828125,-0.84228515625,0.03662109375,-0.28076171875,0.1708984375,-0.37841796875,-0.048828125,-1.220703125,-0.06103515625,1.46484375,-0.10986328125,1.5625,-0.13427734375,0.87890625,0.08544921875,4.11376953125,0.15869140625,-0.54931640625,-0.1220703125,-1.46484375,-0.1708984375,-1.0498046875,0.048828125,0.37841796875,0.146484375,0.30517578125,0.0732421875,0,-0.0732421875,-0.09765625,-0.146484375,0.15869140625,-0.06103515625,-0.03662109375,-0.09765625,0.74462890625,-0.01220703125,-0.57373046875,0.06103515625,-0.5126953125
0,-0.01220703125,-0.32958984375,-0.13427734375,-0.37841796875,0.37841796875,-0.4150390625,0.01220703125,-0.06103515625,0.28076171875,-0.048828125,-0.13427734375,-0.89111328125,-0.0244140625,1.08642578125,-0.08544921875,-0.2197265625,0.20751953125,-0.67138671875,0.09765625,-0.2197265625,0.23193359375,0.76904296875,0.0244140625,-0.8056640625,-0.03662109375,-0.29296875,-0.15869140625,-0.76904296875,-0.13427734375,0.86669921875,-0.2197265625,0.2197265625,0.13427734375,-0.29296875,-0.42724609375,-0.96435546875,-0.08544921875,-0.48828125,0,-0.74462890625,-0.15869140625,-0.20751953125,-0.28076171875,-0.47607421875,0.10986328125,-0.30517578125,-0.32958984375,0.7568359375,-0.1708984375,1.11083984375,0.20751953125,0.50048828125,0.37841796875,-0.2197265625,0.10986328125,0.732421875,-0.23193359375,1.1962890625,0.15869140625,1.171875,-0.2685546875,1.4404296875,-0.01220703125,1.2451171875,0.10986328125,0.18310546875,-0.15869140625,1.0498046875,-0.20751953125,0.13427734375,-0.18310546875,0.2197265625,-0.1708984375,0.2685546875,-0.15869140625,0.87890625,0.15869140625,0,0.09765625,1.33056640625,0.20751953125,-1.025390625,0.048828125,-0.32958984375,-0.40283203125,-0.98876953125,0.06103515625,-0.78125,-0.0732421875,-0.79345703125,0.0244140625,-0.28076171875,0.13427734375,-0.37841796875,-0.08544921875,-1.20849609375,-0.1220703125,1.18408203125,-0.18310546875,1.318359375,-0.18310546875,0.68359375,0.048828125,3.6865234375,0.13427734375,-0.5126953125,-0.146484375,-1.46484375,-0.15869140625,-1.025390625,0.0732421875,0.3662109375,0.1220703125,0.32958984375,0.0732421875,0.01220703125,-0.0732421875,-0.10986328125,-0.146484375,0.18310546875,-0.06103515625,-0.03662109375,-0.09765625,0.7568359375,-0.0244140625,-0.57373046875,0.03662109375,-0.52490234375
0,-0.01220703125,-0.32958984375,-0.1220703125,-0.3662109375,0.35400390625,-0.42724609375,0.01220703125,-0.06103515625,0.3173828125,-0.0244140625,-0.1708984375,-0.89111328125,-0.01220703125,1.08642578125,-0.06103515625,-0.20751953125,0.18310546875,-0.68359375,0.1953125,-0.23193359375,0.13427734375,0.78125,0.09765625,-0.76904296875,-0.09765625,-0.29296875,-0.146484375,-0.7568359375,-0.09765625,0.87890625,-0.20751953125,0.2197265625,0.23193359375,-0.244140625,-0.67138671875,-0.9765625,-0.06103515625,-0.439453125,-0.08544921875,-0.74462890625,-0.244140625,-0.18310546875,-0.37841796875,-0.52490234375,0.13427734375,-0.2685546875,-0.45166015625,0.76904296875,-0.15869140625,1.11083984375,0.13427734375,0.50048828125,0.37841796875,-0.23193359375,0.08544921875,0.732421875,-0.1708984375,1.37939453125,0.25634765625,1.25732421875,-0.2197265625,1.5869140625,-0.048828125,1.318359375,0.0732421875,0.20751953125,-0.2197265625,1.0498046875,-0.23193359375,0.146484375,-0.15869140625,0.23193359375,-0.2197265625,0.28076171875,-0.13427734375,0.8544921875,0.1708984375,0,0.0732421875,1.3427734375,0.20751953125,-1.03759765625,0.0244140625,-0.3173828125,-0.30517578125,-0.9765625,-0.06103515625,-0.78125,-0.08544921875,-0.8056640625,0.03662109375,-0.28076171875,0.01220703125,-0.37841796875,-0.06103515625,-1.220703125,-0.09765625,0.81787109375,-0.1953125,0.98876953125,-0.1953125,0.42724609375,0,3.11279296875,0.06103515625,-0.47607421875,-0.1708984375,-1.4892578125,-0.1220703125,-1.03759765625,0.0732421875,0.37841796875,0.09765625,0.341796875,0.06103515625,0,-0.06103515625,-0.08544921875,-0.13427734375,0.1708984375,-0.06103515625,-0.03662109375,-0.09765625,0.79345703125,-0.06103515625,-0.57373046875,0.0244140625,-0.537109375
0,-0.01220703125,-0.32958984375,-0.10986328125,-0.3662109375,0.3662109375,-0.40283203125,0.01220703125,-0.06103515625,0.35400390625,0,-0.18310546875,-0.86669921875,0,1.08642578125,-0.01220703125,-0.23193359375,0.146484375,-0.7080078125,0.20751953125,-0.244140625,0.06103515625,0.79345703125,0.20751953125,-0.78125,-0.146484375,-0.2685546875,-0.08544921875,-0.76904296875,-0.06103515625,0.86669921875,-0.13427734375,0.23193359375,0.244140625,-0.20751953125,-0.8056640625,-0.9521484375,-0.048828125,-0.40283203125,-0.15869140625,-0.7568359375,-0.341796875,-0.1708984375,-0.40283203125,-0.54931640625,0.15869140625,-0.2685546875,-0.47607421875,0.76904296875,-0.146484375,1.123046875,0.06103515625,0.47607421875,0.3662109375,-0.2197265625,0.08544921875,0.7080078125,-0.28076171875,1.50146484375,0.1953125,1.25732421875,-0.244140625,1.67236328125,-0.0244140625,1.33056640625,0.03662109375,0.244140625,-0.25634765625,1.03759765625,-0.25634765625,0.1708984375,-0.1220703125,0.25634765625,-0.30517578125,0.28076171875,-0.1220703125,0.89111328125,0.18310546875,-0.0244140625,0.09765625,1.35498046875,0.18310546875,-1.01318359375,0.03662109375,-0.341796875,-0.15869140625,-0.98876953125,-0.1708984375,-0.78125,-0.146484375,-0.78125,-0.01220703125,-0.28076171875,-0.15869140625,-0.341796875,-0.03662109375,-1.20849609375,-0.048828125,0.37841796875,-0.13427734375,0.537109375,-0.146484375,0.10986328125,-0.0244140625,2.40478515625,-0.0244140625,-0.439453125,-0.13427734375,-1.4892578125,-0.13427734375,-1.01318359375,0.06103515625,0.3662109375,0.08544921875,0.35400390625,0.048828125,0.01220703125,-0.0732421875,-0.0732421875,-0.13427734375,0.1708984375,-0.0732421875,-0.0732421875,-0.10986328125,0.8056640625,-0.0732421875,-0.54931640625,-0.01220703125,-0.54931640625
0,-0.01220703125,-0.3173828125,-0.1220703125,-0.35400390625,0.3173828125,-0.37841796875,0.01220703125,-0.06103515625,0.37841796875,0,-0.20751953125,-0.86669921875,0,1.11083984375,0,-0.20751953125,0.10986328125,-0.732421875,0.1708984375,-0.2685546875,-0.01220703125,0.78125,0.25634765625,-0.78125,-0.1220703125,-0.25634765625,-0.0244140625,-0.76904296875,0.01220703125,0.89111328125,-0.0244140625,0.2197265625,0.3173828125,-0.1953125,-0.91552734375,-0.93994140625,-0.048828125,-0.3662109375,-0.18310546875,-0.732421875,-0.439453125,-0.1708984375,-0.30517578125,-0.52490234375,0.146484375,-0.29296875,-0.54931640625,0.7568359375,-0.10986328125,1.123046875,0.048828125,0.45166015625,0.32958984375,-0.2197265625,0.0244140625,0.68359375,-0.20751953125,1.52587890625,0.30517578125,1.23291015625,-0.09765625,1.708984375,0.03662109375,1.25732421875,0,0.25634765625,-0.28076171875,1.0498046875,-0.29296875,0.2197265625,-0.0732421875,0.23193359375,-0.390625,0.25634765625,-0.08544921875,0.91552734375,0.1708984375,-0.0244140625,0.146484375,1.318359375,0.146484375,-1.01318359375,0.06103515625,-0.341796875,0.0244140625,-0.98876953125,-0.29296875,-0.76904296875,-0.20751953125,-0.8056640625,-0.048828125,-0.2685546875,-0.3173828125,-0.341796875,-0.0244140625,-1.23291015625,0,-0.146484375,-0.08544921875,0,-0.15869140625,-0.2685546875,-0.06103515625,1.52587890625,-0.09765625,-0.4150390625,-0.06103515625,-1.4892578125,-0.13427734375,-1.025390625,0.0244140625,0.37841796875,0.0732421875,0.3662109375,0.048828125,0.01220703125,-0.0732421875,-0.048828125,-0.13427734375,0.1708984375,-0.08544921875,-0.08544921875,-0.1220703125,0.81787109375,-0.10986328125,-0.52490234375,-0.03662109375,-0.5615234375
0,0,-0.3173828125,-0.1220703125,-0.341796875,0.29296875,-0.37841796875,0.03662109375,-0.048828125,0.3662109375,0.01220703125,-0.2197265625,-0.87890625,-0.0244140625,1.0986328125,0.01220703125,-0.23193359375,0.08544921875,-0.72021484375,0.09765625,-0.2685546875,-0.0244140625,0.78125,0.23193359375,-0.78125,-0.13427734375,-0.20751953125,0.0244140625,-0.78125,0.048828125,0.89111328125,0.09765625,0.20751953125,0.25634765625,-0.1953125,-0.93994140625,-0.89111328125,-0.0244140625,-0.3662109375,-0.18310546875,-0.74462890625,-0.52490234375,-0.13427734375,-0.244140625,-0.52490234375,0.0732421875,-0.2685546875,-0.62255859375,0.78125,0.01220703125,1.15966796875,0,0.45166015625,0.28076171875,-0.2197265625,-0.01220703125,0.7080078125,-0.2685546875,1.4404296875,0.32958984375,1.123046875,0.01220703125,1.708984375,0,1.123046875,-0.0244140625,0.23193359375,-0.29296875,1.025390625,-0.30517578125,0.23193359375,-0.01220703125,0.23193359375,-0.5126953125,0.244140625,-0.03662109375,0.9033203125,0.15869140625,-0.01220703125,0.18310546875,1.318359375,0.10986328125,-1.0009765625,0.03662109375,-0.32958984375,0.146484375,-1.01318359375,-0.35400390625,-0.78125,-0.244140625,-0.87890625,-0.13427734375,-0.28076171875,-0.4638671875,-0.3173828125,-0.0732421875,-1.23291015625,0.0244140625,-0.74462890625,-0.048828125,-0.59814453125,-0.1708984375,-0.68359375,-0.13427734375,0.537109375,-0.15869140625,-0.40283203125,0,-1.47705078125,-0.1220703125,-1.025390625,-0.03662109375,0.37841796875,0.048828125,0.35400390625,0.06103515625,0.01220703125,-0.0732421875,-0.0244140625,-0.13427734375,0.1708984375,-0.08544921875,-0.08544921875,-0.1220703125,0.830078125,-0.06103515625,-0.47607421875,-0.048828125,-0.57373046875
0,0.01220703125,-0.29296875,-0.1220703125,-0.32958984375,0.2685546875,-0.37841796875,0.03662109375,-0.048828125,0.32958984375,0.0244140625,-0.23193359375,-0.87890625,-0.03662109375,1.0986328125,0.048828125,-0.23193359375,0.08544921875,-0.732421875,0,-0.2685546875,0.03662109375,0.78125,0.09765625,-0.76904296875,-0.08544921875,-0.18310546875,0.03662109375,-0.8056640625,0.08544921875,0.87890625,0.23193359375,0.1953125,0.1708984375,-0.1953125,-0.86669921875,-0.87890625,-0.048828125,-0.341796875,-0.13427734375,-0.7568359375,-0.537109375,-0.146484375,-0.09765625,-0.5126953125,-0.01220703125,-0.32958984375,-0.62255859375,0.732421875,0.1220703125,1.171875,-0.06103515625,0.439453125,0.23193359375,-0.1953125,-0.01220703125,0.732421875,-0.32958984375,1.26953125,0.341796875,1.0009765625,0.0732421875,1.611328125,0.06103515625,0.9521484375,-0.03662109375,0.20751953125,-0.29296875,1.025390625,-0.3173828125,0.25634765625,0.01220703125,0.2197265625,-0.59814453125,0.2197265625,-0.03662109375,0.9521484375,0.146484375,-0.01220703125,0.1953125,1.33056640625,0.09765625,-1.0009765625,0.06103515625,-0.341796875,0.15869140625,-1.025390625,-0.3173828125,-0.76904296875,-0.2197265625,-0.9521484375,-0.20751953125,-0.28076171875,-0.50048828125,-0.341796875,-0.13427734375,-1.20849609375,0.0244140625,-1.30615234375,-0.0244140625,-1.171875,-0.1953125,-1.0986328125,-0.2197265625,-0.4638671875,-0.18310546875,-0.40283203125,0.048828125,-1.4892578125,-0.1220703125,-1.025390625,-0.08544921875,0.37841796875,0.03662109375,0.3662109375,0.03662109375,0,-0.0732421875,-0.03662109375,-0.13427734375,0.146484375,-0.10986328125,-0.08544921875,-0.10986328125,0.84228515625,-0.03662109375,-0.47607421875,-0.0732421875,-0.54931640625
0,0.0244140625,-0.30517578125,-0.10986328125,-0.3173828125,0.25634765625,-0.390625,0.03662109375,-0.0244140625,0.3173828125,0.0244140625,-0.244140625,-0.89111328125,-0.06103515625,1.11083984375,0.03662109375,-0.25634765625,0.09765625,-0.72021484375,-0.1220703125,-0.28076171875,0.01220703125,0.76904296875,-0.09765625,-0.76904296875,-0.03662109375,-0.15869140625,0.0244140625,-0.8056640625,0.10986328125,0.87890625,0.3173828125,0.20751953125,-0.01220703125,-0.2685546875,-0.69580078125,-0.86669921875,-0.03662109375,-0.3662109375,-0.048828125,-0.74462890625,-0.5126953125,-0.146484375,0.01220703125,-0.4638671875,-0.1708984375,-0.390625,-0.59814453125,0.74462890625,0.1708984375,1.18408203125,-0.048828125,0.42724609375,0.15869140625,-0.15869140625,-0.0732421875,0.72021484375,-0.42724609375,1.0986328125,0.30517578125,0.9033203125,0.10986328125,1.4892578125,0.03662109375,0.79345703125,-0.03662109375,0.1708984375,-0.28076171875,1.01318359375,-0.28076171875,0.25634765625,0.03662109375,0.1953125,-0.6103515625,0.23193359375,-0.01220703125,0.9521484375,0.13427734375,0,0.23193359375,1.30615234375,0.06103515625,-1.01318359375,0.06103515625,-0.3662109375,0.13427734375,-1.03759765625,-0.23193359375,-0.76904296875,-0.18310546875,-1.07421875,-0.23193359375,-0.28076171875,-0.5126953125,-0.35400390625,-0.2197265625,-1.1962890625,-0.01220703125,-1.7822265625,-0.03662109375,-1.6845703125,-0.2197265625,-1.47705078125,-0.2685546875,-1.3671875,-0.1953125,-0.42724609375,0.09765625,-1.47705078125,-0.1220703125,-1.03759765625,-0.08544921875,0.37841796875,0.01220703125,0.3662109375,0.0244140625,-0.0244140625,-0.0732421875,-0.01220703125,-0.13427734375,0.13427734375,-0.1220703125,-0.06103515625,-0.10986328125,0.84228515625,-0.0244140625,-0.4638671875,-0.08544921875,-0.537109375
0,0,-0.29296875,-0.10986328125,-0.3173828125,0.1953125,-0.37841796875,0.03662109375,-0.0244140625,0.3173828125,0,-0.25634765625,-0.89111328125,-0.0732421875,1.123046875,0.048828125,-0.2685546875,0.06103515625,-0.68359375,-0.20751953125,-0.2685546875,0.0244140625,0.7568359375,-0.32958984375,-0.76904296875,0.01220703125,-0.13427734375,0,-0.81787109375,0.1220703125,0.89111328125,0.32958984375,0.20751953125,-0.13427734375,-0.35400390625,-0.50048828125,-0.8544921875,-0.03662109375,-0.37841796875,0.01220703125,-0.7568359375,-0.47607421875,-0.15869140625,0.06103515625,-0.4638671875,-0.244140625,-0.4638671875,-0.537109375,0.732421875,0.15869140625,1.18408203125,0.0244140625,0.439453125,0.10986328125,-0.13427734375,-0.146484375,0.7568359375,-0.4150390625,0.96435546875,0.29296875,0.84228515625,0.10986328125,1.3916015625,0.1220703125,0.74462890625,-0.048828125,0.15869140625,-0.28076171875,1.025390625,-0.25634765625,0.244140625,0.03662109375,0.18310546875,-0.64697265625,0.18310546875,-0.0244140625,0.93994140625,0.146484375,0.01220703125,0.20751953125,1.318359375,0.06103515625,-0.98876953125,0.0244140625,-0.35400390625,0.06103515625,-1.01318359375,-0.0732421875,-0.74462890625,-0.09765625,-1.1474609375,-0.2197265625,-0.25634765625,-0.439453125,-0.32958984375,-0.25634765625,-1.171875,-0.03662109375,-2.1484375,-0.08544921875,-2.0263671875,-0.1953125,-1.77001953125,-0.32958984375,-2.03857421875,-0.10986328125,-0.50048828125,0.10986328125,-1.45263671875,-0.10986328125,-1.01318359375,-0.08544921875,0.40283203125,-0.0244140625,0.37841796875,0.01220703125,-0.0244140625,-0.08544921875,0,-0.13427734375,0.1220703125,-0.13427734375,-0.03662109375,-0.10986328125,0.86669921875,-0.01220703125,-0.4638671875,-0.08544921875,-0.5126953125
1,0.01220703125,-0.30517578125,-0.10986328125,-0.341796875,0.15869140625,-0.40283203125,0.03662109375,-0.0244140625,0.32958984375,-0.01220703125,-0.28076171875,-0.89111328125,-0.06103515625,1.11083984375,0.0732421875,-0.244140625,0.01220703125,-0.67138671875,-0.28076171875,-0.2685546875,0.01220703125,0.74462890625,-0.5126953125,-0.76904296875,0.0732421875,-0.13427734375,-0.0732421875,-0.79345703125,0.1220703125,0.91552734375,0.35400390625,0.2197265625,-0.15869140625,-0.4150390625,-0.32958984375,-0.830078125,-0.01220703125,-0.4150390625,0.1220703125,-0.74462890625,-0.37841796875,-0.15869140625,0.08544921875,-0.48828125,-0.28076171875,-0.50048828125,-0.40283203125,0.74462890625,0.10986328125,1.171875,0.1220703125,0.439453125,0.06103515625,-0.10986328125,-0.23193359375,0.7568359375,-0.3173828125,0.927734375,0.2685546875,0.87890625,0.13427734375,1.28173828125,0.1708984375,0.79345703125,-0.08544921875,0.146484375,-0.29296875,1.01318359375,-0.23193359375,0.23193359375,0.01220703125,0.1708984375,-0.62255859375,0.20751953125,0.048828125,0.9521484375,0.13427734375,0,0.18310546875,1.2939453125,0.08544921875,-0.9765625,0.048828125,-0.341796875,-0.0244140625,-1.025390625,0.08544921875,-0.72021484375,-0.0244140625,-1.26953125,-0.146484375,-0.25634765625,-0.29296875,-0.35400390625,-0.29296875,-1.15966796875,-0.0732421875,-2.30712890625,-0.1708984375,-2.18505859375,-0.1708984375,-1.91650390625,-0.3173828125,-2.4169921875,0.01220703125,-0.57373046875,0.13427734375,-1.45263671875,-0.09765625,-1.03759765625,-0.08544921875,0.37841796875,-0.06103515625,0.3662109375,0.0244140625,-0.03662109375,-0.0732421875,0.01220703125,-0.15869140625,0.1220703125,-0.1220703125,-0.0244140625,-0.09765625,0.87890625,-0.01220703125,-0.439453125,-0.0732421875,-0.5126953125
1,-0.01220703125,-0.3173828125,-0.1220703125,-0.32958984375,0.1220703125,-0.390625,0.0244140625,-0.0244140625,0.30517578125,-0.03662109375,-0.3173828125,-0.87890625,-0.08544921875,1.0986328125,0.10986328125,-0.244140625,0,-0.67138671875,-0.30517578125,-0.25634765625,-0.03662109375,0.76904296875,-0.5615234375,-0.79345703125,0.048828125,-0.13427734375,-0.048828125,-0.78125,0.10986328125,0.9033203125,0.2685546875,0.20751953125,-0.03662109375,-0.439453125,-0.29296875,-0.84228515625,0,-0.45166015625,0.20751953125,-0.74462890625,-0.25634765625,-0.1708984375,0.1220703125,-0.52490234375,-0.3173828125,-0.50048828125,-0.2685546875,0.732421875,0.06103515625,1.1962890625,0.2197265625,0.4638671875,0.01220703125,-0.08544921875,-0.2685546875,0.7568359375,-0.32958984375,1.01318359375,0.244140625,0.98876953125,0.15869140625,1.2451171875,0.1953125,0.96435546875,-0.08544921875,0.146484375,-0.28076171875,1.025390625,-0.1708984375,0.20751953125,-0.048828125,0.15869140625,-0.57373046875,0.2197265625,0.09765625,0.9033203125,0.1220703125,0.0244140625,0.1708984375,1.30615234375,0.10986328125,-0.96435546875,0.0244140625,-0.35400390625,-0.0732421875,-1.025390625,0.20751953125,-0.72021484375,0.01220703125,-1.35498046875,-0.048828125,-0.25634765625,-0.20751953125,-0.32958984375,-0.32958984375,-1.1474609375,-0.0732421875,-2.294921875,-0.23193359375,-2.13623046875,-0.10986328125,-1.91650390625,-0.244140625,-2.4658203125,0.10986328125,-0.67138671875,0.146484375,-1.4404296875,-0.10986328125,-1.03759765625,-0.09765625,0.390625,-0.10986328125,0.3662109375,0.03662109375,-0.03662109375,-0.0732421875,0.01220703125,-0.18310546875,0.10986328125,-0.1220703125,-0.03662109375,-0.08544921875,0.86669921875,-0.03662109375,-0.45166015625,-0.0732421875,-0.48828125
1,-0.01220703125,-0.32958984375,-0.08544921875,-0.32958984375,0.06103515625,-0.390625,0.0244140625,0,0.3173828125,-0.048828125,-0.35400390625,-0.86669921875,-0.09765625,1.11083984375,0.09765625,-0.23193359375,-0.06103515625,-0.69580078125,-0.2685546875,-0.23193359375,-0.08544921875,0.7568359375,-0.537109375,-0.78125,-0.0244140625,-0.1708984375,-0.03662109375,-0.78125,0.10986328125,0.9033203125,0.18310546875,0.20751953125,0.13427734375,-0.4150390625,-0.1953125,-0.86669921875,0.01220703125,-0.42724609375,0.244140625,-0.72021484375,-0.10986328125,-0.1708984375,0.13427734375,-0.59814453125,-0.28076171875,-0.439453125,-0.25634765625,0.72021484375,-0.03662109375,1.171875,0.244140625,0.47607421875,-0.03662109375,-0.1220703125,-0.341796875,0.7568359375,-0.30517578125,1.220703125,0.25634765625,1.171875,0.1220703125,1.28173828125,0.25634765625,1.2451171875,-0.08544921875,0.146484375,-0.30517578125,1.03759765625,-0.13427734375,0.18310546875,-0.146484375,0.1708984375,-0.52490234375,0.25634765625,0.1220703125,0.9033203125,0.09765625,0.0244140625,0.13427734375,1.318359375,0.146484375,-0.9521484375,0.03662109375,-0.3662109375,-0.13427734375,-1.01318359375,0.28076171875,-0.72021484375,0.0244140625,-1.45263671875,0.0732421875,-0.25634765625,-0.1220703125,-0.35400390625,-0.2685546875,-1.15966796875,-0.06103515625,-2.05078125,-0.28076171875,-1.904296875,-0.048828125,-1.7822265625,-0.29296875,-2.197265625,0.2197265625,-0.732421875,0.1708984375,-1.45263671875,-0.10986328125,-1.025390625,-0.09765625,0.390625,-0.10986328125,0.35400390625,0.048828125,-0.0244140625,-0.06103515625,0.03662109375,-0.18310546875,0.13427734375,-0.1220703125,-0.01220703125,-0.1220703125,0.8544921875,-0.0732421875,-0.4638671875,-0.06103515625,-0.48828125
1,-0.01220703125,-0.3173828125,-0.08544921875,-0.341796875,0.048828125,-0.40283203125,0.0244140625,0,0.35400390625,-0.048828125,-0.390625,-0.8544921875,-0.13427734375,1.0986328125,0.09765625,-0.23193359375,-0.0732421875,-0.67138671875,-0.18310546875,-0.23193359375,-0.146484375,0.76904296875,-0.4150390625,-0.76904296875,-0.13427734375,-0.18310546875,-0.03662109375,-0.76904296875,0.048828125,0.89111328125,0.06103515625,0.20751953125,0.35400390625,-0.3662109375,-0.09765625,-0.87890625,0.01220703125,-0.4150390625,0.28076171875,-0.732421875,0,-0.1708984375,0.1708984375,-0.69580078125,-0.1953125,-0.42724609375,-0.1953125,0.72021484375,-0.10986328125,1.1474609375,0.28076171875,0.47607421875,-0.06103515625,-0.146484375,-0.35400390625,0.732421875,-0.18310546875,1.46484375,0.29296875,1.3916015625,0.13427734375,1.3427734375,0.30517578125,1.5625,-0.03662109375,0.18310546875,-0.28076171875,1.025390625,-0.09765625,0.18310546875,-0.18310546875,0.18310546875,-0.47607421875,0.2685546875,0.146484375,0.91552734375,0.0732421875,0,0.10986328125,1.318359375,0.146484375,-0.98876953125,0.06103515625,-0.341796875,-0.1220703125,-1.0009765625,0.244140625,-0.74462890625,0.01220703125,-1.50146484375,0.18310546875,-0.244140625,-0.09765625,-0.341796875,-0.1708984375,-1.18408203125,0,-1.72119140625,-0.23193359375,-1.55029296875,0.06103515625,-1.513671875,-0.18310546875,-1.67236328125,0.25634765625,-0.8056640625,0.18310546875,-1.416015625,-0.1220703125,-1.025390625,-0.09765625,0.390625,-0.13427734375,0.35400390625,0.0244140625,-0.0244140625,-0.048828125,0.03662109375,-0.18310546875,0.13427734375,-0.08544921875,0,-0.1220703125,0.87890625,-0.09765625,-0.48828125,-0.06103515625,-0.50048828125
1,-0.0244140625,-0.3173828125,-0.048828125,-0.35400390625,0.048828125,-0.3662109375,0.01220703125,-0.01220703125,0.390625,-0.06103515625,-0.4150390625,-0.86669921875,-0.1708984375,1.11083984375,0.146484375,-0.23193359375,-0.048828125,-0.68359375,-0.09765625,-0.23193359375,-0.1953125,0.78125,-0.2197265625,-0.79345703125,-0.29296875,-0.23193359375,-0.01220703125,-0.76904296875,-0.03662109375,0.91552734375,-0.08544921875,0.20751953125,0.62255859375,-0.30517578125,-0.048828125,-0.89111328125,0.01220703125,-0.40283203125,0.244140625,-0.7080078125,0.13427734375,-0.18310546875,0.1953125,-0.79345703125,-0.10986328125,-0.3662109375,-0.146484375,0.69580078125,-0.15869140625,1.13525390625,0.29296875,0.4638671875,0.01220703125,-0.15869140625,-0.390625,0.72021484375,-0.244140625,1.7333984375,0.3173828125,1.5625,0.06103515625,1.416015625,0.40283203125,1.85546875,-0.0244140625,0.1708984375,-0.2197265625,1.025390625,-0.048828125,0.1708984375,-0.1953125,0.18310546875,-0.4638671875,0.28076171875,0.15869140625,0.8544921875,0.03662109375,0,0.08544921875,1.318359375,0.1220703125,-1.0009765625,0.08544921875,-0.3662109375,-0.048828125,-0.98876953125,0.09765625,-0.74462890625,0.0244140625,-1.513671875,0.28076171875,-0.244140625,-0.13427734375,-0.32958984375,-0.03662109375,-1.15966796875,0,-1.33056640625,-0.2685546875,-1.11083984375,0.0732421875,-1.1962890625,-0.1708984375,-1.025390625,0.25634765625,-0.81787109375,0.2197265625,-1.416015625,-0.08544921875,-1.03759765625,-0.09765625,0.390625,-0.13427734375,0.35400390625,0.03662109375,0,-0.06103515625,0.0244140625,-0.1708984375,0.15869140625,-0.08544921875,-0.0244140625,-0.1220703125,0.86669921875,-0.1220703125,-0.5126953125,-0.06103515625,-0.50048828125
1,-0.048828125,-0.32958984375,-0.048828125,-0.3662109375,0.0244140625,-0.390625,-0.01220703125,-0.0244140625,0.4150390625,-0.06103515625,-0.439453125,-0.86669921875,-0.20751953125,1.08642578125,0.18310546875,-0.20751953125,-0.03662109375,-0.69580078125,0,-0.20751953125,-0.1953125,0.78125,-0.048828125,-0.78125,-0.42724609375,-0.244140625,-0.08544921875,-0.7568359375,-0.10986328125,0.91552734375,-0.1953125,0.20751953125,0.78125,-0.244140625,0,-0.9033203125,-0.01220703125,-0.390625,0.23193359375,-0.72021484375,0.18310546875,-0.18310546875,0.1708984375,-0.830078125,-0.03662109375,-0.3173828125,-0.146484375,0.67138671875,-0.1953125,1.123046875,0.2685546875,0.4638671875,0.08544921875,-0.20751953125,-0.4150390625,0.69580078125,-0.2197265625,1.91650390625,0.29296875,1.66015625,0.06103515625,1.4892578125,0.439453125,2.06298828125,0.03662109375,0.18310546875,-0.146484375,1.03759765625,-0.06103515625,0.18310546875,-0.20751953125,0.20751953125,-0.4150390625,0.30517578125,0.1708984375,0.8544921875,0.03662109375,-0.01220703125,0.01220703125,1.33056640625,0.0732421875,-0.93994140625,0.1220703125,-0.341796875,-0.0244140625,-0.98876953125,-0.048828125,-0.7568359375,0.06103515625,-1.513671875,0.3173828125,-0.25634765625,-0.20751953125,-0.30517578125,0.1220703125,-1.15966796875,-0.03662109375,-0.927734375,-0.23193359375,-0.732421875,0.09765625,-0.89111328125,-0.18310546875,-0.35400390625,0.15869140625,-0.84228515625,0.244140625,-1.45263671875,-0.08544921875,-1.025390625,-0.048828125,0.40283203125,-0.146484375,0.3662109375,0.01220703125,0.01220703125,-0.06103515625,0.01220703125,-0.1708984375,0.1708984375,-0.09765625,-0.0244140625,-0.13427734375,0.8544921875,-0.1220703125,-0.50048828125,-0.08544921875,-0.5126953125
1,-0.048828125,-0.32958984375,-0.048828125,-0.3662109375,0.0244140625,-0.37841796875,0,-0.01220703125,0.42724609375,-0.048828125,-0.45166015625,-0.8544921875,-0.20751953125,1.0986328125,0.2197265625,-0.23193359375,0.06103515625,-0.69580078125,0.03662109375,-0.244140625,-0.0732421875,0.78125,0.08544921875,-0.79345703125,-0.52490234375,-0.244140625,-0.146484375,-0.79345703125,-0.20751953125,0.9033203125,-0.3173828125,0.2197265625,0.830078125,-0.23193359375,0.048828125,-0.87890625,-0.06103515625,-0.390625,0.2197265625,-0.732421875,0.13427734375,-0.18310546875,0.15869140625,-0.830078125,0.06103515625,-0.32958984375,-0.1220703125,0.634765625,-0.23193359375,1.1474609375,0.25634765625,0.4638671875,0.1953125,-0.20751953125,-0.3173828125,0.69580078125,-0.244140625,1.98974609375,0.25634765625,1.6845703125,0.0244140625,1.513671875,0.37841796875,2.11181640625,0.08544921875,0.2197265625,-0.10986328125,1.0498046875,-0.048828125,0.2197265625,-0.18310546875,0.20751953125,-0.35400390625,0.30517578125,0.18310546875,0.89111328125,0.03662109375,-0.03662109375,-0.01220703125,1.318359375,0.03662109375,-0.96435546875,0.13427734375,-0.341796875,0,-1.0009765625,-0.20751953125,-0.76904296875,0.09765625,-1.5380859375,0.3173828125,-0.244140625,-0.2685546875,-0.28076171875,0.2685546875,-1.171875,-0.048828125,-0.5859375,-0.0732421875,-0.390625,0.1953125,-0.62255859375,0.0244140625,0.20751953125,0.06103515625,-0.78125,0.18310546875,-1.45263671875,-0.08544921875,-1.0498046875,-0.01220703125,0.4150390625,-0.15869140625,0.37841796875,0.01220703125,0.01220703125,-0.06103515625,0,-0.146484375,0.18310546875,-0.0732421875,-0.03662109375,-0.1708984375,0.8544921875,-0.13427734375,-0.48828125,-0.09765625,-0.5126953125
1,-0.048828125,-0.341796875,-0.03662109375,-0.35400390625,0.0244140625,-0.390625,0,-0.0244140625,0.4150390625,-0.0244140625,-0.4638671875,-0.87890625,-0.20751953125,1.0986328125,0.23193359375,-0.244140625,0.146484375,-0.7080078125,0.01220703125,-0.25634765625,0.01220703125,0.74462890625,0.1220703125,-0.78125,-0.5859375,-0.244140625,-0.20751953125,-0.76904296875,-0.28076171875,0.87890625,-0.3173828125,0.20751953125,0.78125,-0.244140625,0.0732421875,-0.87890625,-0.10986328125,-0.390625,0.20751953125,-0.7568359375,0.01220703125,-0.1708984375,0.2197265625,-0.78125,0.09765625,-0.341796875,-0.0732421875,0.634765625,-0.25634765625,1.15966796875,0.2197265625,0.45166015625,0.35400390625,-0.20751953125,-0.25634765625,0.72021484375,-0.15869140625,1.96533203125,0.32958984375,1.59912109375,0.06103515625,1.513671875,0.390625,2.01416015625,0.1220703125,0.20751953125,-0.048828125,1.06201171875,-0.06103515625,0.2685546875,-0.146484375,0.2197265625,-0.2685546875,0.30517578125,0.1708984375,0.9033203125,0.01220703125,-0.048828125,-0.048828125,1.33056640625,-0.01220703125,-0.96435546875,0.15869140625,-0.32958984375,-0.0244140625,-1.025390625,-0.32958984375,-0.78125,0.10986328125,-1.5380859375,0.28076171875,-0.2685546875,-0.32958984375,-0.28076171875,0.390625,-1.1962890625,-0.13427734375,-0.390625,-0.01220703125,-0.1708984375,0.13427734375,-0.4638671875,0.0244140625,0.537109375,-0.0244140625,-0.68359375,0.1220703125,-1.46484375,-0.1220703125,-1.0498046875,0.01220703125,0.4150390625,-0.1708984375,0.40283203125,0,0.01220703125,-0.0732421875,-0.0244140625,-0.13427734375,0.18310546875,-0.0732421875,-0.048828125,-0.1953125,0.8544921875,-0.13427734375,-0.48828125,-0.1220703125,-0.537109375
1,-0.03662109375,-0.32958984375,-0.01220703125,-0.37841796875,-0.01220703125,-0.390625,-0.01220703125,-0.03662109375,0.390625,-0.0244140625,-0.4638671875,-0.87890625,-0.1953125,1.11083984375,0.2685546875,-0.23193359375,0.244140625,-0.732421875,-0.0244140625,-0.25634765625,0.1220703125,0.7568359375,0.10986328125,-0.78125,-0.5615234375,-0.20751953125,-0.25634765625,-0.79345703125,-0.30517578125,0.87890625,-0.25634765625,0.2197265625,0.64697265625,-0.20751953125,0.06103515625,-0.84228515625,-0.1953125,-0.390625,0.15869140625,-0.7568359375,-0.15869140625,-0.1708984375,0.23193359375,-0.72021484375,0.03662109375,-0.3173828125,-0.0244140625,0.62255859375,-0.244140625,1.15966796875,0.15869140625,0.45166015625,0.50048828125,-0.18310546875,-0.23193359375,0.7080078125,-0.15869140625,1.84326171875,0.2685546875,1.45263671875,0.06103515625,1.4892578125,0.341796875,1.7822265625,0.09765625,0.1953125,0,1.06201171875,-0.0732421875,0.28076171875,-0.09765625,0.2197265625,-0.1953125,0.30517578125,0.15869140625,0.93994140625,-0.01220703125,-0.0244140625,-0.06103515625,1.33056640625,-0.03662109375,-0.98876953125,0.15869140625,-0.35400390625,-0.10986328125,-1.025390625,-0.35400390625,-0.78125,0.146484375,-1.52587890625,0.2197265625,-0.29296875,-0.341796875,-0.28076171875,0.42724609375,-1.1962890625,-0.146484375,-0.29296875,0.0244140625,-0.10986328125,0.09765625,-0.40283203125,-0.03662109375,0.64697265625,-0.03662109375,-0.5859375,0.048828125,-1.46484375,-0.146484375,-1.0498046875,0.01220703125,0.40283203125,-0.13427734375,0.40283203125,-0.01220703125,0.0244140625,-0.0732421875,0.01220703125,-0.13427734375,0.1708984375,-0.0732421875,-0.048828125,-0.15869140625,0.8544921875,-0.1220703125,-0.45166015625,-0.146484375,-0.5126953125
1,-0.048828125,-0.29296875,-0.03662109375,-0.341796875,-0.0244140625,-0.37841796875,0,-0.03662109375,0.3662109375,-0.01220703125,-0.4638671875,-0.87890625,-0.1953125,1.123046875,0.28076171875,-0.23193359375,0.32958984375,-0.732421875,-0.048828125,-0.25634765625,0.244140625,0.732421875,0.03662109375,-0.79345703125,-0.50048828125,-0.2197265625,-0.28076171875,-0.78125,-0.32958984375,0.89111328125,-0.1953125,0.20751953125,0.4150390625,-0.23193359375,0.08544921875,-0.84228515625,-0.2685546875,-0.40283203125,0.1220703125,-0.76904296875,-0.30517578125,-0.1708984375,0.23193359375,-0.6591796875,-0.048828125,-0.3173828125,-0.0732421875,0.59814453125,-0.20751953125,1.15966796875,0.0732421875,0.45166015625,0.634765625,-0.1708984375,-0.15869140625,0.72021484375,-0.15869140625,1.74560546875,0.20751953125,1.26953125,-0.048828125,1.46484375,0.3173828125,1.52587890625,0.0732421875,0.1708984375,0.08544921875,1.03759765625,-0.048828125,0.2685546875,-0.0732421875,0.20751953125,-0.1220703125,0.28076171875,0.13427734375,0.927734375,-0.03662109375,0,-0.03662109375,1.33056640625,-0.048828125,-0.9765625,0.146484375,-0.341796875,-0.20751953125,-1.0498046875,-0.32958984375,-0.79345703125,0.09765625,-1.52587890625,0.146484375,-0.29296875,-0.3173828125,-0.28076171875,0.341796875,-1.20849609375,-0.03662109375,-0.30517578125,0.1708984375,-0.15869140625,0.1220703125,-0.4150390625,0.06103515625,0.54931640625,0,-0.439453125,-0.01220703125,-1.47705078125,-0.1220703125,-1.06201171875,-0.0244140625,0.4150390625,-0.1220703125,0.390625,0,0.01220703125,-0.08544921875,0.01220703125,-0.146484375,0.15869140625,-0.09765625,-0.048828125,-0.146484375,0.8544921875,-0.13427734375,-0.45166015625,-0.1708984375,-0.5126953125
1,-0.03662109375,-0.3173828125,-0.0244140625,-0.32958984375,-0.0244140625,-0.390625,0.0244140625,-0.01220703125,0.3173828125,0.01220703125,-0.4638671875,-0.89111328125,-0.1953125,1.123046875,0.30517578125,-0.23193359375,0.3662109375,-0.732421875,-0.0732421875,-0.244140625,0.25634765625,0.74462890625,-0.0244140625,-0.8056640625,-0.439453125,-0.20751953125,-0.2685546875,-0.78125,-0.28076171875,0.87890625,-0.06103515625,0.20751953125,0.18310546875,-0.29296875,0.03662109375,-0.830078125,-0.30517578125,-0.40283203125,0.06103515625,-0.79345703125,-0.42724609375,-0.18310546875,0.1708984375,-0.6103515625,-0.18310546875,-0.390625,-0.048828125,0.59814453125,-0.18310546875,1.15966796875,-0.048828125,0.45166015625,0.72021484375,-0.13427734375,-0.13427734375,0.74462890625,-0.15869140625,1.7578125,0.15869140625,1.20849609375,-0.06103515625,1.50146484375,0.35400390625,1.35498046875,0.0732421875,0.146484375,0.146484375,1.03759765625,-0.0244140625,0.28076171875,-0.048828125,0.15869140625,-0.0244140625,0.25634765625,0.0732421875,0.89111328125,-0.048828125,0.01220703125,-0.03662109375,1.2939453125,-0.08544921875,-1.0009765625,0.10986328125,-0.3662109375,-0.28076171875,-1.06201171875,-0.244140625,-0.78125,0.08544921875,-1.52587890625,0.08544921875,-0.30517578125,-0.32958984375,-0.29296875,0.18310546875,-1.220703125,-0.048828125,-0.37841796875,0.10986328125,-0.25634765625,0.03662109375,-0.48828125,-0.0732421875,0.2685546875,0.03662109375,-0.30517578125,-0.048828125,-1.46484375,-0.10986328125,-1.03759765625,-0.06103515625,0.4150390625,-0.13427734375,0.4150390625,-0.01220703125,-0.01220703125,-0.06103515625,-0.01220703125,-0.146484375,0.1708984375,-0.10986328125,-0.0244140625,-0.13427734375,0.8544921875,-0.1220703125,-0.42724609375,-0.18310546875,-0.50048828125
1,-0.0244140625,-0.3173828125,-0.01220703125,-0.3173828125,-0.048828125,-0.37841796875,0.03662109375,0,0.30517578125,0.01220703125,-0.4638671875,-0.86669921875,-0.1953125,1.13525390625,0.30517578125,-0.23193359375,0.37841796875,-0.7080078125,-0.10986328125,-0.25634765625,0.25634765625,0.732421875,-0.0732421875,-0.78125,-0.3662109375,-0.1708984375,-0.23193359375,-0.78125,-0.23193359375,0.87890625,0.06103515625,0.2197265625,0,-0.35400390625,0.048828125,-0.830078125,-0.28076171875,-0.40283203125,0.01220703125,-0.76904296875,-0.48828125,-0.146484375,0.048828125,-0.537109375,-0.30517578125,-0.42724609375,-0.146484375,0.62255859375,-0.20751953125,1.1474609375,-0.146484375,0.47607421875,0.78125,-0.09765625,-0.06103515625,0.7568359375,-0.2197265625,2.01416015625,0.06103515625,1.23291015625,-0.08544921875,1.6357421875,0.29296875,1.3427734375,0.09765625,0.09765625,0.1708984375,1.025390625,-0.01220703125,0.2685546875,-0.048828125,0.146484375,0.048828125,0.23193359375,-0.0244140625,0.9033203125,-0.08544921875,0.06103515625,-0.0244140625,1.28173828125,-0.0732421875,-0.98876953125,0.06103515625,-0.35400390625,-0.35400390625,-1.06201171875,-0.09765625,-0.78125,0.0732421875,-1.55029296875,0.048828125,-0.30517578125,-0.3173828125,-0.3173828125,0,-1.20849609375,0.03662109375,-0.47607421875,0.1220703125,-0.35400390625,0.0244140625,-0.57373046875,-0.1220703125,-0.048828125,0.0732421875,-0.146484375,-0.06103515625,-1.4892578125,-0.0732421875,-1.03759765625,-0.08544921875,0.40283203125,-0.1708984375,0.390625,-0.0244140625,-0.03662109375,-0.06103515625,-0.01220703125,-0.15869140625,0.15869140625,-0.13427734375,-0.03662109375,-0.146484375,0.87890625,-0.1220703125,-0.439453125,-0.18310546875,-0.48828125
1,-0.03662109375,-0.3173828125,-0.01220703125,-0.32958984375,-0.048828125,-0.390625,0.0244140625,-0.0244140625,0.3173828125,-0.03662109375,-0.4638671875,-0.9033203125,-0.18310546875,1.123046875,0.29296875,-0.23193359375,0.30517578125,-0.69580078125,-0.13427734375,-0.244140625,0.1953125,0.732421875,-0.10986328125,-0.79345703125,-0.30517578125,-0.146484375,-0.1708984375,-0.8056640625,-0.146484375,0.8544921875,0.146484375,0.20751953125,-0.06103515625,-0.3662109375,-0.06103515625,-0.830078125,-0.25634765625,-0.42724609375,0.01220703125,-0.76904296875,-0.4638671875,-0.13427734375,-0.048828125,-0.52490234375,-0.390625,-0.4150390625,-0.1708984375,0.6591796875,-0.2197265625,1.1474609375,-0.2197265625,0.47607421875,0.830078125,-0.08544921875,-0.01220703125,0.76904296875,-0.146484375,2.6123046875,0.06103515625,1.47705078125,-0.1953125,1.8798828125,0.32958984375,1.59912109375,0.1220703125,0.10986328125,0.1708984375,1.025390625,-0.0244140625,0.244140625,-0.048828125,0.146484375,0.0732421875,0.23193359375,-0.10986328125,0.830078125,-0.09765625,0.0732421875,-0.03662109375,1.28173828125,-0.06103515625,-1.0009765625,0.048828125,-0.341796875,-0.35400390625,-1.0498046875,0.01220703125,-0.78125,0,-1.55029296875,0.06103515625,-0.30517578125,-0.3662109375,-0.35400390625,-0.13427734375,-1.20849609375,0.1708984375,-0.5126953125,0.18310546875,-0.4150390625,0.048828125,-0.59814453125,-0.10986328125,-0.30517578125,0.13427734375,-0.048828125,-0.06103515625,-1.4892578125,-0.06103515625,-1.0498046875,-0.10986328125,0.40283203125,-0.20751953125,0.37841796875,0.01220703125,-0.03662109375,-0.0732421875,-0.03662109375,-0.18310546875,0.15869140625,-0.1220703125,0,-0.146484375,0.86669921875,-0.15869140625,-0.4638671875,-0.1708984375,-0.48828125
1,-0.048828125,-0.3173828125,0,-0.341796875,-0.08544921875,-0.37841796875,0.01220703125,-0.0244140625,0.35400390625,-0.048828125,-0.47607421875,-0.91552734375,-0.15869140625,1.123046875,0.32958984375,-0.2197265625,0.2197265625,-0.69580078125,-0.146484375,-0.23193359375,0.06103515625,0.74462890625,-0.15869140625,-0.78125,-0.28076171875,-0.15869140625,-0.08544921875,-0.830078125,-0.06103515625,0.86669921875,0.1953125,0.20751953125,0.0244140625,-0.4150390625,-0.1953125,-0.8544921875,-0.1708984375,-0.4638671875,0,-0.76904296875,-0.37841796875,-0.15869140625,-0.146484375,-0.57373046875,-0.42724609375,-0.439453125,-0.18310546875,0.67138671875,-0.20751953125,1.1474609375,-0.2685546875,0.48828125,0.89111328125,-0.08544921875,0.0244140625,0.78125,-0.25634765625,3.55224609375,0.01220703125,1.94091796875,-0.2197265625,2.294921875,0.3173828125,2.16064453125,0.1220703125,0.10986328125,0.18310546875,1.025390625,-0.01220703125,0.23193359375,-0.06103515625,0.1220703125,0.10986328125,0.1953125,-0.146484375,0.81787109375,-0.09765625,0.08544921875,-0.03662109375,1.2939453125,-0.0732421875,-1.03759765625,0.06103515625,-0.341796875,-0.30517578125,-1.06201171875,0.06103515625,-0.76904296875,-0.0732421875,-1.5625,0.08544921875,-0.28076171875,-0.42724609375,-0.341796875,-0.20751953125,-1.1962890625,0.1708984375,-0.4638671875,0.13427734375,-0.3662109375,-0.01220703125,-0.57373046875,-0.30517578125,-0.42724609375,0.15869140625,0.0244140625,-0.048828125,-1.47705078125,-0.03662109375,-1.03759765625,-0.1708984375,0.37841796875,-0.18310546875,0.37841796875,-0.01220703125,-0.03662109375,-0.0732421875,-0.048828125,-0.1708984375,0.13427734375,-0.13427734375,0.01220703125,-0.15869140625,0.86669921875,-0.1708984375,-0.47607421875,-0.15869140625,-0.48828125
0,-0.048828125,-0.32958984375,-0.0244140625,-0.35400390625,-0.13427734375,-0.37841796875,0.03662109375,-0.048828125,0.37841796875,-0.08544921875,-0.47607421875,-0.9033203125,-0.15869140625,1.0986328125,0.32958984375,-0.244140625,0.10986328125,-0.67138671875,-0.1708984375,-0.244140625,-0.03662109375,0.7568359375,-0.2197265625,-0.79345703125,-0.244140625,-0.18310546875,0.01220703125,-0.81787109375,0.0244140625,0.86669921875,0.15869140625,0.20751953125,0.1708984375,-0.390625,-0.35400390625,-0.87890625,-0.10986328125,-0.4638671875,0,-0.76904296875,-0.28076171875,-0.1708984375,-0.18310546875,-0.59814453125,-0.4638671875,-0.42724609375,-0.28076171875,0.69580078125,-0.1708984375,1.1474609375,-0.29296875,0.47607421875,0.91552734375,-0.0732421875,0.1220703125,0.76904296875,-0.244140625,4.833984375,0.06103515625,2.57568359375,-0.15869140625,2.83203125,0.1953125,3.0029296875,0.1708984375,0.10986328125,0.13427734375,1.03759765625,0,0.20751953125,-0.09765625,0.146484375,0.1220703125,0.1953125,-0.1953125,0.830078125,-0.0732421875,0.0732421875,-0.048828125,1.28173828125,-0.06103515625,-1.01318359375,0.06103515625,-0.32958984375,-0.1953125,-1.06201171875,0.06103515625,-0.76904296875,-0.146484375,-1.55029296875,0.1220703125,-0.29296875,-0.537109375,-0.35400390625,-0.2197265625,-1.1962890625,0.15869140625,-0.3173828125,0.13427734375,-0.18310546875,-0.06103515625,-0.47607421875,-0.390625,-0.37841796875,0.09765625,0.0732421875,0.01220703125,-1.46484375,-0.01220703125,-1.025390625,-0.2197265625,0.390625,-0.18310546875,0.3662109375,0,-0.03662109375,-0.0732421875,-0.06103515625,-0.1708984375,0.15869140625,-0.146484375,0.0244140625,-0.1220703125,0.84228515625,-0.18310546875,-0.47607421875,-0.13427734375,-0.5126953125
0,-0.0244140625,-0.35400390625,0,-0.35400390625,-0.146484375,-0.40283203125,0.0244140625,-0.06103515625,0.40283203125,-0.0732421875,-0.47607421875,-0.9033203125,-0.15869140625,1.0986328125,0.32958984375,-0.244140625,-0.01220703125,-0.69580078125,-0.18310546875,-0.244140625,-0.1708984375,0.74462890625,-0.25634765625,-0.78125,-0.244140625,-0.1953125,0.1220703125,-0.8056640625,0.10986328125,0.87890625,0.10986328125,0.1953125,0.40283203125,-0.37841796875,-0.4150390625,-0.9033203125,-0.01220703125,-0.48828125,0.03662109375,-0.7568359375,-0.1953125,-0.1708984375,-0.08544921875,-0.64697265625,-0.4638671875,-0.40283203125,-0.28076171875,0.69580078125,-0.13427734375,1.171875,-0.29296875,0.47607421875,0.87890625,-0.1220703125,0.2197265625,0.76904296875,-0.37841796875,6.396484375,0.09765625,3.38134765625,-0.30517578125,3.4912109375,0.18310546875,4.06494140625,0.20751953125,0.13427734375,0.0732421875,1.01318359375,0.03662109375,0.1953125,-0.15869140625,0.1708984375,0.09765625,0.20751953125,-0.2197265625,0.78125,-0.048828125,0.0732421875,-0.048828125,1.30615234375,-0.0732421875,-1.01318359375,0.08544921875,-0.32958984375,-0.048828125,-1.025390625,0.01220703125,-0.76904296875,-0.2197265625,-1.5625,0.146484375,-0.2685546875,-0.68359375,-0.35400390625,-0.18310546875,-1.18408203125,0.1220703125,-0.0732421875,0.15869140625,0.0732421875,-0.0732421875,-0.29296875,-0.439453125,-0.13427734375,0.048828125,0.09765625,0.09765625,-1.46484375,-0.0244140625,-1.01318359375,-0.244140625,0.40283203125,-0.1708984375,0.35400390625,0.0244140625,-0.01220703125,-0.0732421875,-0.0244140625,-0.15869140625,0.15869140625,-0.13427734375,0,-0.13427734375,0.830078125,-0.20751953125,-0.50048828125,-0.09765625,-0.5126953125
0,-0.03662109375,-0.35400390625,-0.0244140625,-0.3662109375,-0.146484375,-0.4150390625,0.03662109375,-0.0732421875,0.37841796875,-0.09765625,-0.45166015625,-0.91552734375,-0.1220703125,1.08642578125,0.32958984375,-0.23193359375,-0.06103515625,-0.67138671875,-0.18310546875,-0.28076171875,-0.244140625,0.74462890625,-0.29296875,-0.76904296875,-0.25634765625,-0.244140625,0.1953125,-0.830078125,0.13427734375,0.86669921875,0.10986328125,0.18310546875,0.54931640625,-0.341796875,-0.47607421875,-0.89111328125,0.01220703125,-0.48828125,0.03662109375,-0.7568359375,-0.1220703125,-0.1953125,0.0244140625,-0.7080078125,-0.45166015625,-0.37841796875,-0.25634765625,0.69580078125,-0.13427734375,1.171875,-0.2685546875,0.45166015625,0.87890625,-0.1708984375,0.2685546875,0.74462890625,-0.341796875,8.10546875,0.1220703125,4.26025390625,-0.29296875,4.19921875,0.06103515625,5.28564453125,0.18310546875,0.1708984375,0.0244140625,1.025390625,0.06103515625,0.1953125,-0.244140625,0.20751953125,0.10986328125,0.25634765625,-0.2685546875,0.78125,-0.01220703125,0.048828125,-0.03662109375,1.33056640625,-0.0732421875,-0.98876953125,0.10986328125,-0.341796875,0.1220703125,-1.01318359375,-0.01220703125,-0.76904296875,-0.244140625,-1.50146484375,0.146484375,-0.244140625,-0.8056640625,-0.341796875,-0.08544921875,-1.1962890625,0.0244140625,0.18310546875,0.15869140625,0.390625,-0.0732421875,-0.10986328125,-0.439453125,0.2197265625,-0.01220703125,0.09765625,0.1953125,-1.47705078125,-0.0244140625,-1.0009765625,-0.2197265625,0.40283203125,-0.1953125,0.35400390625,0.03662109375,-0.01220703125,-0.06103515625,-0.048828125,-0.1220703125,0.18310546875,-0.146484375,-0.0244140625,-0.146484375,0.84228515625,-0.1953125,-0.50048828125,-0.0732421875,-0.52490234375
0,-0.03662109375,-0.35400390625,-0.01220703125,-0.3662109375,-0.146484375,-0.42724609375,0.03662109375,-0.06103515625,0.35400390625,-0.08544921875,-0.42724609375,-0.89111328125,-0.13427734375,1.08642578125,0.30517578125,-0.23193359375,-0.0732421875,-0.68359375,-0.2197265625,-0.29296875,-0.23193359375,0.7568359375,-0.32958984375,-0.78125,-0.2197265625,-0.25634765625,0.15869140625,-0.8056640625,0.1220703125,0.87890625,0.09765625,0.1953125,0.64697265625,-0.30517578125,-0.4150390625,-0.927734375,0.048828125,-0.47607421875,0.08544921875,-0.7568359375,-0.048828125,-0.2197265625,0.13427734375,-0.7568359375,-0.439453125,-0.32958984375,-0.2685546875,0.69580078125,-0.15869140625,1.171875,-0.18310546875,0.45166015625,0.8056640625,-0.2197265625,0.28076171875,0.732421875,-0.20751953125,9.814453125,0.18310546875,5.1025390625,-0.3173828125,4.9072265625,-0.01220703125,6.45751953125,0.13427734375,0.2197265625,-0.03662109375,1.0498046875,0,0.1953125,-0.29296875,0.2197265625,0.06103515625,0.25634765625,-0.28076171875,0.79345703125,0.048828125,0,-0.0732421875,1.33056640625,-0.0244140625,-0.9765625,0.13427734375,-0.341796875,0.2197265625,-1.0009765625,-0.06103515625,-0.7568359375,-0.2197265625,-1.46484375,0.1220703125,-0.244140625,-0.79345703125,-0.32958984375,-0.01220703125,-1.20849609375,-0.06103515625,0.4150390625,0.146484375,0.634765625,-0.09765625,0.09765625,-0.4150390625,0.634765625,-0.0244140625,0.06103515625,0.29296875,-1.46484375,-0.03662109375,-1.01318359375,-0.20751953125,0.390625,-0.2197265625,0.3662109375,0.01220703125,0.01220703125,-0.06103515625,-0.048828125,-0.1220703125,0.18310546875,-0.146484375,-0.01220703125,-0.1220703125,0.830078125,-0.1708984375,-0.5126953125,-0.06103515625,-0.52490234375
0,-0.0244140625,-0.35400390625,-0.0244140625,-0.37841796875,-0.1220703125,-0.42724609375,0.03662109375,-0.048828125,0.341796875,-0.0732421875,-0.439453125,-0.89111328125,-0.1220703125,1.08642578125,0.341796875,-0.2197265625,-0.03662109375,-0.7080078125,-0.29296875,-0.29296875,-0.15869140625,0.7568359375,-0.341796875,-0.78125,-0.20751953125,-0.28076171875,0.0732421875,-0.81787109375,0.06103515625,0.87890625,0.1220703125,0.1953125,0.5859375,-0.3173828125,-0.3662109375,-0.91552734375,0.0244140625,-0.47607421875,0.13427734375,-0.74462890625,0,-0.23193359375,0.28076171875,-0.78125,-0.439453125,-0.341796875,-0.1220703125,0.67138671875,-0.1953125,1.1962890625,-0.03662109375,0.42724609375,0.76904296875,-0.25634765625,0.2685546875,0.7080078125,-0.1220703125,11.36474609375,0.23193359375,5.8349609375,-0.3173828125,5.52978515625,0.01220703125,7.51953125,0.10986328125,0.23193359375,-0.09765625,1.07421875,-0.03662109375,0.2197265625,-0.32958984375,0.23193359375,0.01220703125,0.29296875,-0.28076171875,0.8056640625,0.0732421875,0,-0.0732421875,1.3427734375,0.06103515625,-0.96435546875,0.1220703125,-0.341796875,0.2685546875,-1.01318359375,-0.08544921875,-0.7568359375,-0.13427734375,-1.46484375,0.09765625,-0.20751953125,-0.7568359375,-0.29296875,0.048828125,-1.220703125,-0.08544921875,0.59814453125,0.10986328125,0.8544921875,-0.09765625,0.2197265625,-0.341796875,0.96435546875,0.01220703125,0.0244140625,0.3173828125,-1.46484375,-0.048828125,-1.03759765625,-0.1220703125,0.40283203125,-0.20751953125,0.390625,0.01220703125,0,-0.06103515625,-0.048828125,-0.09765625,0.20751953125,-0.146484375,-0.0244140625,-0.1220703125,0.8544921875,-0.146484375,-0.48828125,-0.08544921875,-0.52490234375
0,-0.0244140625,-0.341796875,-0.01220703125,-0.3662109375,-0.146484375,-0.45166015625,0.048828125,-0.048828125,0.35400390625,-0.06103515625,-0.40283203125,-0.89111328125,-0.1220703125,1.11083984375,0.341796875,-0.20751953125,0.03662109375,-0.7080078125,-0.3173828125,-0.29296875,-0.0244140625,0.7568359375,-0.3173828125,-0.78125,-0.13427734375,-0.29296875,-0.0244140625,-0.81787109375,0.01220703125,0.9033203125,0.0732421875,0.1953125,0.45166015625,-0.28076171875,-0.23193359375,-0.9033203125,-0.03662109375,-0.4638671875,0.18310546875,-0.7568359375,0.01220703125,-0.2197265625,0.341796875,-0.76904296875,-0.40283203125,-0.32958984375,-0.03662109375,0.64697265625,-0.30517578125,1.1962890625,0.10986328125,0.4150390625,0.732421875,-0.25634765625,0.25634765625,0.72021484375,-0.15869140625,12.65869140625,0.25634765625,6.3720703125,-0.30517578125,6.0302734375,-0.10986328125,8.3740234375,0.08544921875,0.2685546875,-0.146484375,1.06201171875,-0.06103515625,0.23193359375,-0.35400390625,0.23193359375,-0.01220703125,0.29296875,-0.2685546875,0.830078125,0.08544921875,-0.0244140625,-0.08544921875,1.35498046875,0.18310546875,-0.93994140625,0.1220703125,-0.35400390625,0.18310546875,-1.0009765625,-0.06103515625,-0.74462890625,0,-1.42822265625,0.0732421875,-0.20751953125,-0.64697265625,-0.28076171875,0.06103515625,-1.20849609375,-0.08544921875,0.68359375,0.06103515625,0.93994140625,-0.08544921875,0.28076171875,-0.28076171875,1.18408203125,0.0244140625,-0.01220703125,0.30517578125,-1.45263671875,-0.06103515625,-1.03759765625,-0.048828125,0.40283203125,-0.1953125,0.390625,-0.0244140625,0.01220703125,-0.06103515625,-0.0732421875,-0.06103515625,0.20751953125,-0.146484375,-0.03662109375,-0.146484375,0.8544921875,-0.146484375,-0.47607421875,-0.10986328125,-0.5126953125
0,-0.0244140625,-0.32958984375,-0.0244140625,-0.390625,-0.1708984375,-0.45166015625,0.03662109375,-0.048828125,0.32958984375,-0.06103515625,-0.37841796875,-0.89111328125,-0.1220703125,1.123046875,0.35400390625,-0.23193359375,0.0732421875,-0.7080078125,-0.341796875,-0.28076171875,0.09765625,0.7568359375,-0.29296875,-0.78125,-0.0732421875,-0.25634765625,-0.1953125,-0.8056640625,-0.03662109375,0.9033203125,-0.0244140625,0.20751953125,0.29296875,-0.23193359375,-0.09765625,-0.86669921875,-0.10986328125,-0.4150390625,0.23193359375,-0.7568359375,0.0244140625,-0.20751953125,0.37841796875,-0.74462890625,-0.37841796875,-0.29296875,0.10986328125,0.67138671875,-0.40283203125,1.18408203125,0.23193359375,0.42724609375,0.67138671875,-0.25634765625,0.2197265625,0.72021484375,-0.048828125,13.58642578125,0.32958984375,6.70166015625,-0.20751953125,6.3720703125,-0.06103515625,8.935546875,0.06103515625,0.28076171875,-0.20751953125,1.0498046875,-0.146484375,0.25634765625,-0.3662109375,0.2197265625,-0.0732421875,0.3173828125,-0.23193359375,0.830078125,0.1220703125,0.01220703125,-0.0732421875,1.3427734375,0.35400390625,-0.927734375,0.10986328125,-0.35400390625,0.048828125,-1.01318359375,0.01220703125,-0.732421875,0.10986328125,-1.42822265625,0.08544921875,-0.20751953125,-0.40283203125,-0.25634765625,0.048828125,-1.20849609375,-0.0732421875,0.62255859375,0.01220703125,0.9033203125,-0.048828125,0.2197265625,-0.18310546875,1.220703125,0.08544921875,-0.048828125,0.20751953125,-1.46484375,-0.06103515625,-1.0498046875,0,0.4150390625,-0.18310546875,0.4150390625,-0.048828125,0.03662109375,-0.06103515625,-0.0244140625,-0.03662109375,0.1953125,-0.146484375,-0.048828125,-0.1220703125,0.830078125,-0.13427734375,-0.47607421875,-0.13427734375,-0.5126953125
0,-0.01220703125,-0.30517578125,0,-0.3662109375,-0.18310546875,-0.42724609375,0.03662109375,-0.048828125,0.30517578125,-0.01220703125,-0.3662109375,-0.86669921875,-0.13427734375,1.13525390625,0.341796875,-0.244140625,0.15869140625,-0.72021484375,-0.3173828125,-0.2685546875,0.20751953125,0.76904296875,-0.28076171875,-0.76904296875,0,-0.2685546875,-0.29296875,-0.79345703125,-0.08544921875,0.9033203125,-0.10986328125,0.20751953125,0.13427734375,-0.23193359375,-0.0244140625,-0.89111328125,-0.20751953125,-0.390625,0.23193359375,-0.7568359375,0.0244140625,-0.1953125,0.40283203125,-0.732421875,-0.3662109375,-0.29296875,0.2685546875,0.64697265625,-0.45166015625,1.1474609375,0.32958984375,0.45166015625,0.7080078125,-0.244140625,0.15869140625,0.7568359375,0,14.1357421875,0.29296875,6.8359375,-0.32958984375,6.5673828125,-0.0732421875,9.19189453125,0.03662109375,0.2685546875,-0.244140625,1.06201171875,-0.1953125,0.28076171875,-0.341796875,0.2197265625,-0.10986328125,0.28076171875,-0.18310546875,0.84228515625,0.10986328125,-0.01220703125,-0.01220703125,1.33056640625,0.4638671875,-0.927734375,0.10986328125,-0.3662109375,-0.1220703125,-1.025390625,0.0732421875,-0.7568359375,0.20751953125,-1.42822265625,0.08544921875,-0.2197265625,-0.1708984375,-0.25634765625,0.03662109375,-1.20849609375,-0.01220703125,0.47607421875,-0.01220703125,0.7568359375,0.0244140625,0.08544921875,-0.10986328125,1.08642578125,0.146484375,-0.10986328125,0.1220703125,-1.4404296875,-0.08544921875,-1.06201171875,0.0244140625,0.40283203125,-0.1708984375,0.40283203125,-0.048828125,0,-0.06103515625,-0.0244140625,-0.03662109375,0.1708984375,-0.1220703125,-0.0244140625,-0.09765625,0.84228515625,-0.1708984375,-0.48828125,-0.146484375,-0.5126953125
0,-0.01220703125,-0.29296875,0,-0.3662109375,-0.1953125,-0.40283203125,0.06103515625,-0.048828125,0.25634765625,0.01220703125,-0.35400390625,-0.87890625,-0.15869140625,1.123046875,0.35400390625,-0.2197265625,0.20751953125,-0.72021484375,-0.28076171875,-0.25634765625,0.2685546875,0.78125,-0.25634765625,-0.78125,0.06103515625,-0.23193359375,-0.35400390625,-0.76904296875,-0.13427734375,0.91552734375,-0.23193359375,0.1953125,0.03662109375,-0.28076171875,-0.048828125,-0.86669921875,-0.29296875,-0.390625,0.2685546875,-0.76904296875,0.0732421875,-0.15869140625,0.28076171875,-0.68359375,-0.341796875,-0.3173828125,0.35400390625,0.6591796875,-0.3662109375,1.1474609375,0.29296875,0.45166015625,0.68359375,-0.1953125,0.09765625,0.7568359375,0.13427734375,14.29443359375,0.30517578125,6.77490234375,-0.25634765625,6.57958984375,-0.048828125,9.19189453125,0,0.25634765625,-0.2685546875,1.0498046875,-0.244140625,0.30517578125,-0.3173828125,0.20751953125,-0.2197265625,0.2685546875,-0.1220703125,0.830078125,0.09765625,0.0244140625,0.06103515625,1.33056640625,0.54931640625,-0.93994140625,0.0732421875,-0.37841796875,-0.244140625,-1.0498046875,0.1220703125,-0.74462890625,0.25634765625,-1.42822265625,0.09765625,-0.23193359375,-0.03662109375,-0.28076171875,0.048828125,-1.20849609375,0.01220703125,0.244140625,-0.1220703125,0.54931640625,0.048828125,-0.0732421875,-0.09765625,0.8056640625,0.1953125,-0.146484375,0.0244140625,-1.416015625,-0.03662109375,-1.0498046875,0.03662109375,0.40283203125,-0.15869140625,0.390625,-0.0244140625,0,-0.08544921875,-0.048828125,-0.03662109375,0.18310546875,-0.13427734375,-0.0244140625,-0.08544921875,0.84228515625,-0.1953125,-0.47607421875,-0.146484375,-0.5126953125
0,-0.048828125,-0.29296875,0.048828125,-0.341796875,-0.18310546875,-0.40283203125,0.03662109375,-0.03662109375,0.2685546875,0.0244140625,-0.35400390625,-0.86669921875,-0.1708984375,1.13525390625,0.35400390625,-0.2197265625,0.20751953125,-0.732421875,-0.15869140625,-0.25634765625,0.2685546875,0.7568359375,-0.2197265625,-0.78125,0.03662109375,-0.23193359375,-0.390625,-0.76904296875,-0.13427734375,0.91552734375,-0.25634765625,0.20751953125,-0.01220703125,-0.35400390625,-0.0244140625,-0.84228515625,-0.3173828125,-0.4150390625,0.23193359375,-0.78125,0.10986328125,-0.146484375,0.23193359375,-0.62255859375,-0.28076171875,-0.37841796875,0.35400390625,0.6591796875,-0.3173828125,1.13525390625,0.2685546875,0.47607421875,0.59814453125,-0.13427734375,0.09765625,0.76904296875,0.09765625,14.1357421875,0.32958984375,6.5673828125,-0.244140625,6.45751953125,0.0244140625,8.9599609375,-0.0244140625,0.23193359375,-0.30517578125,1.03759765625,-0.244140625,0.3173828125,-0.28076171875,0.1708984375,-0.29296875,0.23193359375,-0.1220703125,0.8544921875,0.0732421875,0.048828125,0.09765625,1.318359375,0.59814453125,-0.9521484375,0.06103515625,-0.40283203125,-0.28076171875,-1.0498046875,0.13427734375,-0.7568359375,0.25634765625,-1.42822265625,0.1220703125,-0.25634765625,0.10986328125,-0.30517578125,0.048828125,-1.1962890625,-0.01220703125,0.0244140625,-0.146484375,0.29296875,0.0732421875,-0.2685546875,-0.13427734375,0.45166015625,0.2197265625,-0.1953125,-0.01220703125,-1.40380859375,-0.01220703125,-1.06201171875,0,0.40283203125,-0.18310546875,0.35400390625,-0.0244140625,-0.0244140625,-0.0732421875,-0.048828125,-0.03662109375,0.15869140625,-0.146484375,0,-0.09765625,0.830078125,-0.20751953125,-0.47607421875,-0.13427734375,-0.50048828125
0,-0.048828125,-0.3173828125,0.048828125,-0.32958984375,-0.15869140625,-0.390625,0.0244140625,-0.03662109375,0.2685546875,0,-0.3662109375,-0.86669921875,-0.18310546875,1.0986328125,0.37841796875,-0.23193359375,0.1953125,-0.72021484375,-0.0732421875,-0.244140625,0.244140625,0.74462890625,-0.1708984375,-0.78125,0,-0.20751953125,-0.390625,-0.79345703125,-0.1220703125,0.9033203125,-0.30517578125,0.20751953125,0.01220703125,-0.341796875,-0.10986328125,-0.84228515625,-0.341796875,-0.390625,0.146484375,-0.732421875,0.06103515625,-0.1220703125,0.13427734375,-0.5859375,-0.2685546875,-0.390625,0.30517578125,0.67138671875,-0.2685546875,1.11083984375,0.1953125,0.50048828125,0.537109375,-0.09765625,0.08544921875,0.76904296875,0,13.720703125,0.35400390625,6.31103515625,-0.23193359375,6.23779296875,-0.0244140625,8.59375,-0.048828125,0.2197265625,-0.30517578125,1.025390625,-0.244140625,0.28076171875,-0.23193359375,0.1708984375,-0.341796875,0.2197265625,-0.08544921875,0.84228515625,0.06103515625,0.0732421875,0.146484375,1.33056640625,0.634765625,-0.96435546875,0.0244140625,-0.37841796875,-0.244140625,-1.07421875,0.0732421875,-0.7568359375,0.2685546875,-1.42822265625,0.09765625,-0.25634765625,0.08544921875,-0.3173828125,0.06103515625,-1.1962890625,-0.01220703125,-0.1708984375,-0.08544921875,0.0732421875,0.146484375,-0.390625,-0.13427734375,0.09765625,0.1708984375,-0.23193359375,0,-1.40380859375,0.01220703125,-1.025390625,-0.01220703125,0.40283203125,-0.1953125,0.35400390625,-0.03662109375,-0.01220703125,-0.06103515625,-0.06103515625,-0.0244140625,0.146484375,-0.146484375,0.0244140625,-0.08544921875,0.8056640625,-0.244140625,-0.47607421875,-0.1220703125,-0.47607421875
0,-0.048828125,-0.30517578125,0.06103515625,-0.341796875,-0.13427734375,-0.37841796875,0,-0.048828125,0.28076171875,-0.0244140625,-0.390625,-0.86669921875,-0.1953125,1.0986328125,0.390625,-0.20751953125,0.15869140625,-0.69580078125,0.0244140625,-0.23193359375,0.146484375,0.76904296875,-0.08544921875,-0.78125,-0.06103515625,-0.1708984375,-0.341796875,-0.79345703125,-0.08544921875,0.9033203125,-0.30517578125,0.20751953125,0.146484375,-0.35400390625,-0.20751953125,-0.830078125,-0.341796875,-0.37841796875,0.06103515625,-0.732421875,0,-0.10986328125,0.01220703125,-0.59814453125,-0.1953125,-0.40283203125,0.23193359375,0.7080078125,-0.23193359375,1.0986328125,0.146484375,0.50048828125,0.47607421875,-0.09765625,0.1220703125,0.76904296875,-0.08544921875,13.134765625,0.341796875,6.01806640625,-0.1953125,5.9814453125,0.06103515625,8.16650390625,-0.0732421875,0.1953125,-0.30517578125,1.025390625,-0.244140625,0.25634765625,-0.20751953125,0.146484375,-0.37841796875,0.2197265625,-0.0732421875,0.8056640625,0.03662109375,0.08544921875,0.146484375,1.318359375,0.6591796875,-0.9765625,0.0244140625,-0.390625,-0.13427734375,-1.03759765625,0,-0.7568359375,0.244140625,-1.42822265625,0.08544921875,-0.25634765625,-0.01220703125,-0.32958984375,0.0732421875,-1.18408203125,-0.0732421875,-0.3173828125,-0.048828125,-0.10986328125,0.1220703125,-0.50048828125,-0.18310546875,-0.15869140625,0.09765625,-0.30517578125,0.048828125,-1.416015625,0.01220703125,-1.01318359375,-0.0732421875,0.4150390625,-0.2197265625,0.341796875,-0.048828125,-0.01220703125,-0.06103515625,-0.06103515625,-0.0244140625,0.146484375,-0.13427734375,0.01220703125,-0.09765625,0.79345703125,-0.2685546875,-0.4638671875,-0.1220703125,-0.47607421875
0,-0.06103515625,-0.32958984375,0.0732421875,-0.32958984375,-0.10986328125,-0.35400390625,0,-0.048828125,0.30517578125,-0.06103515625,-0.4150390625,-0.8544921875,-0.2197265625,1.0986328125,0.390625,-0.2197265625,0.10986328125,-0.7080078125,0.09765625,-0.23193359375,0.048828125,0.78125,0.0244140625,-0.78125,-0.146484375,-0.18310546875,-0.30517578125,-0.8056640625,-0.03662109375,0.9033203125,-0.244140625,0.20751953125,0.1953125,-0.3662109375,-0.32958984375,-0.86669921875,-0.35400390625,-0.37841796875,0.01220703125,-0.72021484375,-0.10986328125,-0.13427734375,-0.03662109375,-0.59814453125,-0.13427734375,-0.42724609375,0.2197265625,0.72021484375,-0.20751953125,1.13525390625,0.08544921875,0.50048828125,0.439453125,-0.1220703125,0.13427734375,0.78125,-0.15869140625,12.48779296875,0.341796875,5.70068359375,-0.20751953125,5.65185546875,0.1220703125,7.72705078125,-0.13427734375,0.20751953125,-0.30517578125,1.025390625,-0.23193359375,0.2197265625,-0.1953125,0.1708984375,-0.40283203125,0.20751953125,-0.01220703125,0.830078125,0.048828125,0.06103515625,0.146484375,1.318359375,0.67138671875,-0.9765625,0.01220703125,-0.37841796875,0,-1.03759765625,-0.0732421875,-0.78125,0.2197265625,-1.4404296875,0.0244140625,-0.2685546875,-0.09765625,-0.32958984375,0.15869140625,-1.20849609375,-0.08544921875,-0.35400390625,-0.06103515625,-0.1708984375,-0.01220703125,-0.5126953125,-0.32958984375,-0.29296875,0.0244140625,-0.35400390625,0.08544921875,-1.42822265625,0.0244140625,-1.0009765625,-0.13427734375,0.40283203125,-0.23193359375,0.3173828125,-0.08544921875,-0.01220703125,-0.06103515625,-0.06103515625,-0.01220703125,0.146484375,-0.146484375,0.0244140625,-0.09765625,0.8056640625,-0.25634765625,-0.48828125,-0.10986328125,-0.47607421875
0,-0.08544921875,-0.341796875,0.08544921875,-0.32958984375,-0.1220703125,-0.341796875,-0.01220703125,-0.06103515625,0.29296875,-0.0732421875,-0.390625,-0.8544921875,-0.25634765625,1.07421875,0.3662109375,-0.20751953125,0.06103515625,-0.7080078125,0.09765625,-0.244140625,-0.0244140625,0.7568359375,0.1220703125,-0.78125,-0.1708984375,-0.1953125,-0.20751953125,-0.830078125,-0.0244140625,0.89111328125,-0.1708984375,0.20751953125,0.2197265625,-0.341796875,-0.32958984375,-0.86669921875,-0.341796875,-0.390625,-0.03662109375,-0.72021484375,-0.2197265625,-0.146484375,-0.09765625,-0.634765625,-0.146484375,-0.40283203125,0.1953125,0.74462890625,-0.15869140625,1.15966796875,0.048828125,0.48828125,0.390625,-0.13427734375,0.13427734375,0.74462890625,-0.244140625,11.81640625,0.29296875,5.45654296875,-0.20751953125,5.3466796875,0.15869140625,7.32421875,-0.1708984375,0.18310546875,-0.244140625,1.03759765625,-0.18310546875,0.1953125,-0.2197265625,0.1708984375,-0.3662109375,0.2197265625,0.03662109375,0.79345703125,0.01220703125,0.0732421875,0.1220703125,1.318359375,0.634765625,-0.98876953125,-0.0244140625,-0.37841796875,0.13427734375,-1.01318359375,-0.1953125,-0.76904296875,0.146484375,-1.4404296875,-0.06103515625,-0.28076171875,-0.28076171875,-0.35400390625,0.1708984375,-1.20849609375,-0.01220703125,-0.341796875,0.0244140625,-0.1708984375,-0.048828125,-0.47607421875,-0.30517578125,-0.28076171875,-0.03662109375,-0.4150390625,0.18310546875,-1.42822265625,0,-1.01318359375,-0.18310546875,0.40283203125,-0.2197265625,0.32958984375,-0.09765625,-0.0244140625,-0.08544921875,-0.06103515625,0,0.15869140625,-0.13427734375,0.0244140625,-0.10986328125,0.79345703125,-0.2685546875,-0.4638671875,-0.1220703125,-0.47607421875
1,-0.09765625,-0.35400390625,0.08544921875,-0.341796875,-0.146484375,-0.3662109375,-0.048828125,-0.048828125,0.2197265625,-0.10986328125,-0.390625,-0.87890625,-0.2197265625,1.06201171875,0.341796875,-0.20751953125,0.01220703125,-0.7080078125,0.08544921875,-0.2685546875,-0.08544921875,0.76904296875,0.1953125,-0.78125,-0.18310546875,-0.2197265625,-0.10986328125,-0.8056640625,0.03662109375,0.89111328125,-0.0732421875,0.20751953125,0.23193359375,-0.32958984375,-0.20751953125,-0.86669921875,-0.35400390625,-0.4150390625,-0.048828125,-0.7080078125,-0.28076171875,-0.15869140625,0.01220703125,-0.67138671875,-0.1953125,-0.390625,0.1708984375,0.74462890625,-0.13427734375,1.20849609375,-0.0244140625,0.4638671875,0.341796875,-0.15869140625,0.09765625,0.7568359375,-0.23193359375,11.2060546875,0.2685546875,5.21240234375,-0.15869140625,5.078125,0.15869140625,6.99462890625,-0.18310546875,0.1953125,-0.1953125,1.0498046875,-0.1220703125,0.18310546875,-0.23193359375,0.1953125,-0.32958984375,0.23193359375,0.048828125,0.78125,0,0.0244140625,0.08544921875,1.33056640625,0.54931640625,-1.0009765625,-0.06103515625,-0.37841796875,0.244140625,-0.98876953125,-0.244140625,-0.79345703125,0.1220703125,-1.45263671875,-0.146484375,-0.25634765625,-0.37841796875,-0.32958984375,0.15869140625,-1.220703125,0.01220703125,-0.30517578125,0.03662109375,-0.15869140625,-0.08544921875,-0.390625,-0.2685546875,-0.1708984375,-0.10986328125,-0.47607421875,0.2197265625,-1.4404296875,-0.048828125,-1.01318359375,-0.2197265625,0.40283203125,-0.1953125,0.32958984375,-0.10986328125,0,-0.0732421875,-0.06103515625,0.01220703125,0.15869140625,-0.13427734375,0.0244140625,-0.10986328125,0.78125,-0.23193359375,-0.48828125,-0.08544921875,-0.52490234375
1,-0.1220703125,-0.35400390625,0.08544921875,-0.35400390625,-0.1220703125,-0.390625,-0.06103515625,-0.08544921875,0.146484375,-0.10986328125,-0.390625,-0.89111328125,-0.23193359375,1.07421875,0.3173828125,-0.2197265625,-0.01220703125,-0.67138671875,0.0244140625,-0.25634765625,-0.0732421875,0.78125,0.1708984375,-0.78125,-0.15869140625,-0.2197265625,-0.0732421875,-0.8056640625,0.048828125,0.89111328125,0.048828125,0.2197265625,0.09765625,-0.30517578125,-0.048828125,-0.89111328125,-0.341796875,-0.439453125,-0.048828125,-0.732421875,-0.30517578125,-0.1708984375,0.1708984375,-0.7080078125,-0.28076171875,-0.3662109375,0.15869140625,0.74462890625,-0.10986328125,1.1962890625,-0.09765625,0.45166015625,0.341796875,-0.1953125,0,0.74462890625,-0.25634765625,10.6201171875,0.244140625,5.0048828125,-0.10986328125,4.8583984375,0.25634765625,6.7138671875,-0.146484375,0.20751953125,-0.15869140625,1.03759765625,-0.048828125,0.1708984375,-0.25634765625,0.23193359375,-0.30517578125,0.23193359375,0.0732421875,0.79345703125,-0.01220703125,-0.01220703125,0.0244140625,1.318359375,0.47607421875,-0.98876953125,-0.09765625,-0.35400390625,0.2685546875,-0.9765625,-0.1708984375,-0.8056640625,0.09765625,-1.42822265625,-0.244140625,-0.25634765625,-0.40283203125,-0.32958984375,0.0732421875,-1.23291015625,-0.0244140625,-0.2197265625,-0.03662109375,-0.10986328125,-0.2197265625,-0.32958984375,-0.37841796875,-0.0244140625,-0.09765625,-0.54931640625,0.25634765625,-1.45263671875,-0.08544921875,-1.01318359375,-0.20751953125,0.40283203125,-0.1953125,0.341796875,-0.09765625,0,-0.0732421875,-0.0732421875,0.0244140625,0.18310546875,-0.13427734375,0.0244140625,-0.09765625,0.8056640625,-0.20751953125,-0.47607421875,-0.08544921875,-0.50048828125
1,-0.1220703125,-0.341796875,0.08544921875,-0.35400390625,-0.13427734375,-0.4150390625,-0.0732421875,-0.0732421875,0.09765625,-0.0732421875,-0.3662109375,-0.89111328125,-0.23193359375,1.0986328125,0.32958984375,-0.1953125,-0.03662109375,-0.67138671875,-0.06103515625,-0.2685546875,-0.0244140625,0.76904296875,0.0244140625,-0.76904296875,-0.08544921875,-0.244140625,-0.0732421875,-0.830078125,0.06103515625,0.87890625,0.15869140625,0.2197265625,-0.03662109375,-0.30517578125,0.13427734375,-0.9033203125,-0.3662109375,-0.45166015625,0.0244140625,-0.7568359375,-0.28076171875,-0.20751953125,0.1708984375,-0.74462890625,-0.439453125,-0.37841796875,0.15869140625,0.72021484375,-0.13427734375,1.20849609375,-0.15869140625,0.45166015625,0.32958984375,-0.20751953125,-0.08544921875,0.732421875,-0.23193359375,10.107421875,0.18310546875,4.833984375,-0.06103515625,4.638671875,0.23193359375,6.48193359375,-0.10986328125,0.2197265625,-0.10986328125,1.07421875,-0.0244140625,0.1953125,-0.23193359375,0.2197265625,-0.28076171875,0.28076171875,0.0732421875,0.8056640625,-0.03662109375,-0.0244140625,-0.03662109375,1.3671875,0.439453125,-1.0009765625,-0.13427734375,-0.35400390625,0.25634765625,-0.93994140625,-0.09765625,-0.78125,0.09765625,-1.4404296875,-0.28076171875,-0.23193359375,-0.390625,-0.30517578125,0,-1.220703125,0.01220703125,-0.1708984375,-0.06103515625,-0.08544921875,-0.1708984375,-0.29296875,-0.30517578125,0.146484375,-0.048828125,-0.62255859375,0.32958984375,-1.47705078125,-0.09765625,-1.03759765625,-0.18310546875,0.4150390625,-0.1953125,0.3662109375,-0.10986328125,0.01220703125,-0.0732421875,-0.0732421875,0.0244140625,0.18310546875,-0.1708984375,-0.01220703125,-0.09765625,0.81787109375,-0.1953125,-0.50048828125,-0.06103515625,-0.52490234375
1,-0.10986328125,-0.341796875,0.08544921875,-0.3662109375,-0.146484375,-0.4150390625,-0.0732421875,-0.0732421875,0.06103515625,-0.06103515625,-0.35400390625,-0.91552734375,-0.244140625,1.11083984375,0.3173828125,-0.1953125,-0.0244140625,-0.68359375,-0.15869140625,-0.2685546875,0,0.78125,-0.146484375,-0.79345703125,-0.01220703125,-0.25634765625,-0.09765625,-0.8056640625,0.09765625,0.89111328125,0.23193359375,0.23193359375,-0.20751953125,-0.29296875,0.28076171875,-0.9033203125,-0.3662109375,-0.4638671875,0.09765625,-0.7568359375,-0.20751953125,-0.23193359375,0.20751953125,-0.74462890625,-0.537109375,-0.35400390625,0.244140625,0.69580078125,-0.18310546875,1.1962890625,-0.1708984375,0.4638671875,0.30517578125,-0.2197265625,-0.1953125,0.732421875,-0.1953125,9.68017578125,0.10986328125,4.6630859375,-0.01220703125,4.47998046875,0.28076171875,6.23779296875,-0.06103515625,0.244140625,-0.048828125,1.07421875,-0.01220703125,0.20751953125,-0.2197265625,0.25634765625,-0.25634765625,0.30517578125,0.09765625,0.81787109375,-0.06103515625,-0.048828125,-0.1220703125,1.37939453125,0.45166015625,-0.96435546875,-0.18310546875,-0.341796875,0.1953125,-0.96435546875,0.048828125,-0.78125,0.1220703125,-1.4404296875,-0.2685546875,-0.25634765625,-0.244140625,-0.2685546875,-0.0244140625,-1.2451171875,-0.0244140625,-0.18310546875,-0.13427734375,-0.1220703125,-0.1708984375,-0.29296875,-0.3173828125,0.2685546875,0.09765625,-0.7080078125,0.341796875,-1.4892578125,-0.0732421875,-1.0498046875,-0.18310546875,0.40283203125,-0.18310546875,0.37841796875,-0.08544921875,0,-0.0732421875,-0.09765625,0.01220703125,0.1953125,-0.18310546875,-0.0244140625,-0.08544921875,0.81787109375,-0.146484375,-0.48828125,-0.06103515625,-0.52490234375
1,-0.09765625,-0.341796875,0.0732421875,-0.341796875,-0.146484375,-0.439453125,-0.0732421875,-0.048828125,0.048828125,-0.06103515625,-0.341796875,-0.9033203125,-0.25634765625,1.0986328125,0.30517578125,-0.20751953125,-0.0244140625,-0.6591796875,-0.244140625,-0.23193359375,0.06103515625,0.78125,-0.341796875,-0.79345703125,0.0732421875,-0.244140625,-0.13427734375,-0.81787109375,0.06103515625,0.87890625,0.25634765625,0.2197265625,-0.3173828125,-0.244140625,0.42724609375,-0.89111328125,-0.32958984375,-0.439453125,0.15869140625,-0.7568359375,-0.08544921875,-0.2197265625,0.146484375,-0.72021484375,-0.6103515625,-0.32958984375,0.3173828125,0.68359375,-0.244140625,1.15966796875,-0.18310546875,0.4638671875,0.244140625,-0.1953125,-0.2685546875,0.72021484375,-0.10986328125,9.24072265625,0.0732421875,4.4677734375,-0.01220703125,4.3212890625,0.29296875,5.9814453125,0.01220703125,0.244140625,-0.01220703125,1.06201171875,-0.03662109375,0.2197265625,-0.2197265625,0.2685546875,-0.23193359375,0.30517578125,0.1220703125,0.81787109375,-0.08544921875,-0.048828125,-0.1708984375,1.35498046875,0.52490234375,-0.9521484375,-0.244140625,-0.3662109375,0.13427734375,-0.96435546875,0.15869140625,-0.79345703125,0.13427734375,-1.46484375,-0.2197265625,-0.244140625,-0.08544921875,-0.29296875,-0.10986328125,-1.26953125,-0.03662109375,-0.25634765625,-0.23193359375,-0.1708984375,-0.1708984375,-0.35400390625,-0.341796875,0.30517578125,0.1953125,-0.76904296875,0.35400390625,-1.47705078125,-0.06103515625,-1.0498046875,-0.1953125,0.37841796875,-0.18310546875,0.37841796875,-0.0732421875,0,-0.06103515625,-0.08544921875,0.01220703125,0.20751953125,-0.20751953125,-0.03662109375,-0.0732421875,0.830078125,-0.1220703125,-0.47607421875,-0.06103515625,-0.52490234375
1,-0.10986328125,-0.35400390625,0.0732421875,-0.3173828125,-0.146484375,-0.45166015625,-0.06103515625,-0.01220703125,0.048828125,-0.048828125,-0.30517578125,-0.89111328125,-0.244140625,1.07421875,0.30517578125,-0.1953125,-0.0732421875,-0.67138671875,-0.29296875,-0.23193359375,0.06103515625,0.79345703125,-0.45166015625,-0.78125,0.13427734375,-0.2197265625,-0.1220703125,-0.79345703125,0.048828125,0.89111328125,0.20751953125,0.23193359375,-0.23193359375,-0.244140625,0.4638671875,-0.87890625,-0.30517578125,-0.42724609375,0.1953125,-0.7568359375,0.048828125,-0.1953125,0.18310546875,-0.69580078125,-0.59814453125,-0.32958984375,0.4150390625,0.67138671875,-0.30517578125,1.15966796875,-0.20751953125,0.48828125,0.2197265625,-0.1708984375,-0.35400390625,0.74462890625,-0.048828125,8.837890625,0.0244140625,4.2724609375,0.048828125,4.18701171875,0.29296875,5.712890625,0.0732421875,0.25634765625,0.0244140625,1.0498046875,-0.03662109375,0.23193359375,-0.18310546875,0.244140625,-0.146484375,0.30517578125,0.146484375,0.81787109375,-0.10986328125,-0.03662109375,-0.2197265625,1.3671875,0.6103515625,-0.9765625,-0.2685546875,-0.3662109375,0.048828125,-0.96435546875,0.23193359375,-0.76904296875,0.146484375,-1.4892578125,-0.13427734375,-0.23193359375,0.09765625,-0.28076171875,-0.1708984375,-1.25732421875,-0.0732421875,-0.30517578125,-0.3173828125,-0.25634765625,-0.13427734375,-0.37841796875,-0.390625,0.29296875,0.30517578125,-0.830078125,0.3662109375,-1.4892578125,-0.06103515625,-1.025390625,-0.2197265625,0.390625,-0.1953125,0.37841796875,-0.08544921875,0.01220703125,-0.0732421875,-0.1220703125,0,0.18310546875,-0.2197265625,-0.048828125,-0.06103515625,0.78125,-0.09765625,-0.48828125,-0.03662109375,-0.57373046875
1,-0.1220703125,-0.341796875,0.0732421875,-0.3173828125,-0.146484375,-0.45166015625,-0.048828125,-0.0244140625,0.03662109375,-0.048828125,-0.29296875,-0.89111328125,-0.244140625,1.0986328125,0.3173828125,-0.20751953125,-0.09765625,-0.69580078125,-0.2685546875,-0.2197265625,-0.01220703125,0.76904296875,-0.47607421875,-0.76904296875,0.146484375,-0.2197265625,-0.146484375,-0.79345703125,0.048828125,0.87890625,0.09765625,0.244140625,-0.09765625,-0.28076171875,0.42724609375,-0.89111328125,-0.2685546875,-0.4150390625,0.18310546875,-0.76904296875,0.1953125,-0.20751953125,0.25634765625,-0.6591796875,-0.54931640625,-0.37841796875,0.439453125,0.6591796875,-0.28076171875,1.11083984375,-0.23193359375,0.50048828125,0.23193359375,-0.13427734375,-0.37841796875,0.7568359375,0.048828125,8.3740234375,-0.0732421875,4.052734375,0.09765625,4.04052734375,0.25634765625,5.3955078125,0.08544921875,0.23193359375,0.0732421875,1.06201171875,-0.03662109375,0.25634765625,-0.146484375,0.2197265625,-0.0732421875,0.29296875,0.15869140625,0.830078125,-0.146484375,-0.01220703125,-0.244140625,1.3427734375,0.69580078125,-0.98876953125,-0.29296875,-0.3662109375,0.01220703125,-0.9765625,0.28076171875,-0.76904296875,0.13427734375,-1.47705078125,-0.01220703125,-0.23193359375,0.23193359375,-0.32958984375,-0.0732421875,-1.25732421875,0.01220703125,-0.3662109375,-0.244140625,-0.28076171875,-0.03662109375,-0.45166015625,-0.29296875,0.23193359375,0.341796875,-0.86669921875,0.37841796875,-1.46484375,-0.06103515625,-1.0498046875,-0.23193359375,0.37841796875,-0.1953125,0.37841796875,-0.06103515625,-0.01220703125,-0.06103515625,-0.10986328125,0.01220703125,0.18310546875,-0.20751953125,-0.03662109375,-0.048828125,0.78125,-0.10986328125,-0.5126953125,-0.01220703125,-0.57373046875
1,-0.13427734375,-0.32958984375,0.048828125,-0.32958984375,-0.146484375,-0.42724609375,-0.0732421875,-0.01220703125,0.0244140625,-0.03662109375,-0.2685546875,-0.9033203125,-0.25634765625,1.08642578125,0.29296875,-0.20751953125,-0.1220703125,-0.69580078125,-0.244140625,-0.1953125,-0.09765625,0.76904296875,-0.42724609375,-0.76904296875,0.1220703125,-0.20751953125,-0.1220703125,-0.76904296875,0.048828125,0.89111328125,-0.01220703125,0.244140625,0.08544921875,-0.30517578125,0.40283203125,-0.8544921875,-0.23193359375,-0.40283203125,0.13427734375,-0.7568359375,0.32958984375,-0.1708984375,0.20751953125,-0.634765625,-0.45166015625,-0.4150390625,0.5126953125,0.6591796875,-0.2685546875,1.0986328125,-0.2197265625,0.48828125,0.20751953125,-0.1220703125,-0.32958984375,0.76904296875,0.1953125,7.8369140625,-0.06103515625,3.77197265625,0.1220703125,3.86962890625,0.29296875,5.0048828125,0.08544921875,0.23193359375,0.10986328125,1.03759765625,-0.03662109375,0.2685546875,-0.09765625,0.18310546875,0.0244140625,0.2685546875,0.146484375,0.830078125,-0.18310546875,0.03662109375,-0.244140625,1.35498046875,0.7080078125,-0.96435546875,-0.28076171875,-0.35400390625,0.01220703125,-0.98876953125,0.2197265625,-0.732421875,0.146484375,-1.47705078125,0.08544921875,-0.2197265625,0.2685546875,-0.30517578125,0.01220703125,-1.23291015625,0.01220703125,-0.390625,-0.244140625,-0.25634765625,-0.01220703125,-0.50048828125,-0.13427734375,0.146484375,0.341796875,-0.87890625,0.390625,-1.45263671875,-0.06103515625,-1.03759765625,-0.1953125,0.4150390625,-0.1953125,0.37841796875,-0.048828125,-0.0244140625,-0.08544921875,-0.10986328125,0,0.1953125,-0.23193359375,-0.0732421875,-0.03662109375,0.78125,-0.1220703125,-0.50048828125,-0.03662109375,-0.5859375
1,-0.146484375,-0.32958984375,0.06103515625,-0.3173828125,-0.10986328125,-0.4150390625,-0.06103515625,-0.0244140625,-0.01220703125,-0.03662109375,-0.2685546875,-0.89111328125,-0.2685546875,1.0986328125,0.25634765625,-0.2197265625,-0.13427734375,-0.69580078125,-0.1953125,-0.1953125,-0.20751953125,0.76904296875,-0.2685546875,-0.78125,0.01220703125,-0.18310546875,-0.146484375,-0.78125,-0.0244140625,0.87890625,-0.1708984375,0.23193359375,0.2685546875,-0.30517578125,0.3173828125,-0.84228515625,-0.1953125,-0.40283203125,0.10986328125,-0.732421875,0.45166015625,-0.1708984375,0.23193359375,-0.5859375,-0.341796875,-0.42724609375,0.42724609375,0.68359375,-0.28076171875,1.08642578125,-0.20751953125,0.50048828125,0.244140625,-0.10986328125,-0.30517578125,0.7568359375,0.25634765625,7.18994140625,-0.146484375,3.466796875,0.13427734375,3.6376953125,0.2685546875,4.55322265625,0.0732421875,0.20751953125,0.15869140625,1.025390625,-0.048828125,0.244140625,-0.06103515625,0.18310546875,0.1220703125,0.25634765625,0.10986328125,0.79345703125,-0.2197265625,0.06103515625,-0.23193359375,1.35498046875,0.732421875,-0.9765625,-0.2685546875,-0.3662109375,0.09765625,-1.0009765625,0.09765625,-0.74462890625,0.15869140625,-1.4404296875,0.18310546875,-0.244140625,0.244140625,-0.341796875,0.15869140625,-1.1962890625,0.01220703125,-0.341796875,-0.15869140625,-0.1953125,0.0244140625,-0.47607421875,0.0244140625,0.10986328125,0.28076171875,-0.87890625,0.42724609375,-1.45263671875,-0.048828125,-1.025390625,-0.1708984375,0.40283203125,-0.1953125,0.32958984375,-0.048828125,-0.03662109375,-0.0732421875,-0.10986328125,-0.01220703125,0.1708984375,-0.23193359375,-0.03662109375,-0.048828125,0.76904296875,-0.1220703125,-0.5126953125,-0.0244140625,-0.6103515625
1,-0.15869140625,-0.32958984375,0.06103515625,-0.32958984375,-0.0732421875,-0.40283203125,-0.048828125,-0.0244140625,0.01220703125,-0.03662109375,-0.244140625,-0.89111328125,-0.25634765625,1.0986328125,0.23193359375,-0.23193359375,-0.1220703125,-0.69580078125,-0.10986328125,-0.20751953125,-0.2685546875,0.7568359375,-0.1220703125,-0.78125,-0.09765625,-0.18310546875,-0.1708984375,-0.79345703125,-0.08544921875,0.89111328125,-0.2685546875,0.2197265625,0.3662109375,-0.35400390625,0.23193359375,-0.84228515625,-0.18310546875,-0.40283203125,0.03662109375,-0.732421875,0.5126953125,-0.15869140625,0.1953125,-0.57373046875,-0.18310546875,-0.45166015625,0.390625,0.68359375,-0.28076171875,1.123046875,-0.1953125,0.47607421875,0.2685546875,-0.1220703125,-0.2685546875,0.76904296875,0.244140625,6.396484375,-0.1953125,3.1494140625,0.048828125,3.369140625,0.18310546875,4.052734375,0.048828125,0.2197265625,0.1953125,1.025390625,-0.01220703125,0.23193359375,-0.0732421875,0.15869140625,0.23193359375,0.25634765625,0.06103515625,0.81787109375,-0.25634765625,0.06103515625,-0.20751953125,1.3427734375,0.74462890625,-1.0009765625,-0.23193359375,-0.3662109375,0.146484375,-1.01318359375,-0.048828125,-0.7568359375,0.1953125,-1.42822265625,0.25634765625,-0.2197265625,0.1953125,-0.35400390625,0.30517578125,-1.171875,-0.048828125,-0.25634765625,-0.048828125,-0.048828125,0.0244140625,-0.4150390625,0,0.1220703125,0.1708984375,-0.8544921875,0.4150390625,-1.416015625,-0.06103515625,-1.025390625,-0.146484375,0.42724609375,-0.18310546875,0.3173828125,-0.048828125,-0.03662109375,-0.0732421875,-0.09765625,0.01220703125,0.1708984375,-0.2197265625,-0.0244140625,-0.08544921875,0.76904296875,-0.146484375,-0.5126953125,-0.0244140625,-0.5859375
1,-0.146484375,-0.3173828125,0.0732421875,-0.32958984375,-0.06103515625,-0.3662109375,-0.048828125,-0.048828125,0.03662109375,-0.0244140625,-0.1953125,-0.86669921875,-0.23193359375,1.11083984375,0.23193359375,-0.244140625,-0.1220703125,-0.7080078125,-0.06103515625,-0.2197265625,-0.2685546875,0.7568359375,0.0244140625,-0.7568359375,-0.23193359375,-0.15869140625,-0.20751953125,-0.79345703125,-0.18310546875,0.89111328125,-0.3662109375,0.2197265625,0.42724609375,-0.35400390625,0.13427734375,-0.87890625,-0.20751953125,-0.42724609375,0,-0.74462890625,0.4638671875,-0.18310546875,0.2197265625,-0.54931640625,-0.0732421875,-0.439453125,0.35400390625,0.7080078125,-0.28076171875,1.1474609375,-0.15869140625,0.47607421875,0.28076171875,-0.146484375,-0.18310546875,0.74462890625,0.28076171875,5.517578125,-0.1708984375,2.81982421875,-0.03662109375,3.01513671875,0.13427734375,3.50341796875,0.0732421875,0.23193359375,0.23193359375,1.01318359375,-0.0244140625,0.2197265625,-0.10986328125,0.15869140625,0.29296875,0.23193359375,0,0.79345703125,-0.25634765625,0.0732421875,-0.18310546875,1.35498046875,0.72021484375,-1.0009765625,-0.2197265625,-0.341796875,0.1708984375,-1.0009765625,-0.18310546875,-0.74462890625,0.20751953125,-1.4404296875,0.23193359375,-0.244140625,0.1220703125,-0.35400390625,0.40283203125,-1.1474609375,-0.146484375,-0.09765625,0.03662109375,0.1220703125,-0.048828125,-0.32958984375,-0.03662109375,0.1953125,0.06103515625,-0.81787109375,0.37841796875,-1.416015625,-0.10986328125,-1.01318359375,-0.0732421875,0.42724609375,-0.15869140625,0.32958984375,-0.06103515625,-0.03662109375,-0.048828125,-0.09765625,0.06103515625,0.15869140625,-0.20751953125,-0.03662109375,-0.09765625,0.78125,-0.13427734375,-0.52490234375,-0.048828125,-0.57373046875
1,-0.15869140625,-0.32958984375,0.09765625,-0.32958984375,-0.0732421875,-0.3662109375,-0.0244140625,-0.048828125,0.0244140625,-0.048828125,-0.146484375,-0.86669921875,-0.2197265625,1.0986328125,0.15869140625,-0.23193359375,-0.06103515625,-0.69580078125,-0.03662109375,-0.20751953125,-0.2197265625,0.78125,0.146484375,-0.7568359375,-0.32958984375,-0.13427734375,-0.2685546875,-0.78125,-0.2685546875,0.9033203125,-0.40283203125,0.2197265625,0.390625,-0.3662109375,0.0244140625,-0.87890625,-0.25634765625,-0.4638671875,-0.06103515625,-0.74462890625,0.341796875,-0.1953125,0.2685546875,-0.54931640625,0.03662109375,-0.42724609375,0.37841796875,0.69580078125,-0.29296875,1.171875,-0.13427734375,0.45166015625,0.3173828125,-0.1953125,-0.1220703125,0.732421875,0.244140625,4.541015625,-0.2197265625,2.45361328125,-0.09765625,2.64892578125,0.1220703125,2.99072265625,0.0732421875,0.2197265625,0.23193359375,1.01318359375,-0.0244140625,0.1953125,-0.1220703125,0.1708984375,0.30517578125,0.2197265625,-0.0732421875,0.81787109375,-0.25634765625,0.048828125,-0.15869140625,1.35498046875,0.634765625,-1.0009765625,-0.2197265625,-0.341796875,0.1708984375,-1.0009765625,-0.2685546875,-0.74462890625,0.2197265625,-1.416015625,0.1708984375,-0.23193359375,0.048828125,-0.341796875,0.50048828125,-1.1474609375,-0.146484375,0.048828125,0.10986328125,0.30517578125,-0.1220703125,-0.23193359375,0.10986328125,0.30517578125,0.0244140625,-0.79345703125,0.32958984375,-1.4404296875,-0.10986328125,-1.01318359375,-0.03662109375,0.42724609375,-0.13427734375,0.3173828125,-0.0732421875,-0.048828125,-0.0732421875,-0.09765625,0.08544921875,0.15869140625,-0.1708984375,-0.01220703125,-0.1220703125,0.78125,-0.146484375,-0.537109375,-0.06103515625,-0.54931640625
1,-0.1708984375,-0.341796875,0.08544921875,-0.32958984375,-0.08544921875,-0.35400390625,-0.0244140625,-0.048828125,-0.01220703125,-0.06103515625,-0.13427734375,-0.8544921875,-0.1953125,1.0986328125,0.13427734375,-0.2197265625,-0.01220703125,-0.68359375,-0.03662109375,-0.23193359375,-0.10986328125,0.78125,0.10986328125,-0.76904296875,-0.35400390625,-0.10986328125,-0.30517578125,-0.79345703125,-0.30517578125,0.89111328125,-0.390625,0.2197265625,0.2197265625,-0.32958984375,0.01220703125,-0.89111328125,-0.32958984375,-0.50048828125,-0.13427734375,-0.7568359375,0.13427734375,-0.20751953125,0.2685546875,-0.5615234375,0.03662109375,-0.390625,0.50048828125,0.72021484375,-0.2685546875,1.20849609375,-0.10986328125,0.45166015625,0.30517578125,-0.2197265625,-0.0244140625,0.7080078125,0.2197265625,3.57666015625,-0.1953125,2.099609375,-0.1708984375,2.28271484375,0.1953125,2.490234375,0.09765625,0.2197265625,0.244140625,1.01318359375,0.01220703125,0.15869140625,-0.146484375,0.18310546875,0.32958984375,0.244140625,-0.10986328125,0.8544921875,-0.20751953125,0.0244140625,-0.146484375,1.3427734375,0.5615234375,-0.9765625,-0.23193359375,-0.3173828125,0.10986328125,-1.0009765625,-0.2685546875,-0.732421875,0.2197265625,-1.42822265625,0.1220703125,-0.244140625,-0.03662109375,-0.3173828125,0.5126953125,-1.1474609375,-0.146484375,0.18310546875,0.146484375,0.42724609375,-0.1953125,-0.18310546875,0.1220703125,0.40283203125,0.01220703125,-0.74462890625,0.23193359375,-1.42822265625,-0.1220703125,-1.03759765625,-0.01220703125,0.42724609375,-0.1220703125,0.341796875,-0.0732421875,-0.03662109375,-0.06103515625,-0.10986328125,0.09765625,0.15869140625,-0.1708984375,-0.01220703125,-0.10986328125,0.8056640625,-0.1708984375,-0.5615234375,-0.0732421875,-0.537109375
1,-0.146484375,-0.341796875,0.08544921875,-0.341796875,-0.09765625,-0.3662109375,-0.01220703125,-0.0732421875,-0.048828125,-0.048828125,-0.08544921875,-0.8544921875,-0.15869140625,1.11083984375,0.10986328125,-0.2197265625,0.01220703125,-0.68359375,-0.048828125,-0.23193359375,-0.01220703125,0.79345703125,0.06103515625,-0.78125,-0.35400390625,-0.08544921875,-0.32958984375,-0.8056640625,-0.3662109375,0.89111328125,-0.341796875,0.1953125,-0.01220703125,-0.30517578125,0.0244140625,-0.91552734375,-0.40283203125,-0.52490234375,-0.1953125,-0.76904296875,-0.06103515625,-0.2197265625,0.2685546875,-0.537109375,-0.01220703125,-0.341796875,0.5126953125,0.7080078125,-0.2685546875,1.220703125,-0.048828125,0.439453125,0.3173828125,-0.2685546875,0.0732421875,0.72021484375,0.15869140625,2.72216796875,-0.20751953125,1.79443359375,-0.2197265625,1.953125,0.2197265625,2.0751953125,0.146484375,0.23193359375,0.1708984375,1.0498046875,0.048828125,0.1708984375,-0.15869140625,0.1953125,0.341796875,0.25634765625,-0.1708984375,0.84228515625,-0.15869140625,0.0244140625,-0.146484375,1.3427734375,0.47607421875,-0.9521484375,-0.2685546875,-0.32958984375,-0.01220703125,-0.98876953125,-0.244140625,-0.732421875,0.1953125,-1.42822265625,0.01220703125,-0.25634765625,-0.01220703125,-0.3173828125,0.4150390625,-1.1474609375,-0.06103515625,0.20751953125,0.146484375,0.45166015625,-0.23193359375,-0.15869140625,0.08544921875,0.5126953125,0.0244140625,-0.7080078125,0.1708984375,-1.4404296875,-0.13427734375,-1.01318359375,0,0.42724609375,-0.10986328125,0.35400390625,-0.10986328125,-0.01220703125,-0.0732421875,-0.09765625,0.10986328125,0.1708984375,-0.1708984375,-0.03662109375,-0.09765625,0.8056640625,-0.18310546875,-0.54931640625,-0.09765625,-0.5126953125
0,-0.1220703125,-0.341796875,0.0732421875,-0.341796875,-0.09765625,-0.37841796875,-0.01220703125,-0.0732421875,-0.03662109375,-0.048828125,-0.06103515625,-0.8544921875,-0.1708984375,1.11083984375,0.10986328125,-0.2197265625,0.08544921875,-0.69580078125,-0.048828125,-0.244140625,0.06103515625,0.8056640625,0,-0.76904296875,-0.29296875,-0.03662109375,-0.32958984375,-0.79345703125,-0.3662109375,0.87890625,-0.244140625,0.1953125,-0.244140625,-0.29296875,0,-0.927734375,-0.4638671875,-0.52490234375,-0.20751953125,-0.78125,-0.20751953125,-0.244140625,0.23193359375,-0.537109375,-0.10986328125,-0.341796875,0.47607421875,0.7080078125,-0.2197265625,1.220703125,-0.09765625,0.45166015625,0.3662109375,-0.30517578125,0.15869140625,0.72021484375,0.1220703125,2.1240234375,-0.23193359375,1.5869140625,-0.2197265625,1.72119140625,0.244140625,1.81884765625,0.15869140625,0.244140625,0.1220703125,1.06201171875,0.08544921875,0.15869140625,-0.2197265625,0.23193359375,0.32958984375,0.2685546875,-0.20751953125,0.86669921875,-0.10986328125,-0.01220703125,-0.1708984375,1.3671875,0.390625,-0.9521484375,-0.29296875,-0.341796875,-0.09765625,-0.96435546875,-0.146484375,-0.74462890625,0.146484375,-1.45263671875,-0.0732421875,-0.23193359375,-0.03662109375,-0.29296875,0.2197265625,-1.171875,0,0.146484375,0.09765625,0.390625,-0.25634765625,-0.2197265625,0.08544921875,0.5859375,0.048828125,-0.67138671875,0.13427734375,-1.4404296875,-0.1220703125,-1.025390625,-0.01220703125,0.42724609375,-0.1220703125,0.3662109375,-0.146484375,0,-0.048828125,-0.09765625,0.09765625,0.1953125,-0.1708984375,-0.048828125,-0.09765625,0.79345703125,-0.15869140625,-0.537109375,-0.1220703125,-0.52490234375
0,-0.146484375,-0.3173828125,0.0732421875,-0.37841796875,-0.09765625,-0.390625,0.01220703125,-0.08544921875,-0.0732421875,-0.0244140625,-0.03662109375,-0.8544921875,-0.15869140625,1.0986328125,0.1220703125,-0.23193359375,0.09765625,-0.68359375,-0.08544921875,-0.2685546875,0.09765625,0.8056640625,-0.06103515625,-0.79345703125,-0.2197265625,0,-0.29296875,-0.8056640625,-0.32958984375,0.89111328125,-0.13427734375,0.20751953125,-0.4638671875,-0.29296875,-0.0244140625,-0.93994140625,-0.50048828125,-0.5126953125,-0.20751953125,-0.79345703125,-0.29296875,-0.244140625,0.10986328125,-0.52490234375,-0.244140625,-0.32958984375,0.5126953125,0.7080078125,-0.1708984375,1.20849609375,-0.146484375,0.45166015625,0.4150390625,-0.30517578125,0.2685546875,0.72021484375,0.06103515625,1.81884765625,-0.1953125,1.513671875,-0.244140625,1.6357421875,0.25634765625,1.72119140625,0.1220703125,0.25634765625,0.0732421875,1.06201171875,0.0732421875,0.1708984375,-0.2685546875,0.244140625,0.30517578125,0.30517578125,-0.25634765625,0.87890625,-0.048828125,-0.03662109375,-0.1953125,1.35498046875,0.32958984375,-0.927734375,-0.32958984375,-0.3662109375,-0.23193359375,-0.9521484375,-0.0244140625,-0.7568359375,0.1220703125,-1.45263671875,-0.10986328125,-0.23193359375,0,-0.25634765625,0.01220703125,-1.171875,0.08544921875,0.03662109375,0.09765625,0.2685546875,-0.2197265625,-0.30517578125,0.10986328125,0.634765625,0.08544921875,-0.68359375,0.0732421875,-1.45263671875,-0.0732421875,-1.025390625,-0.048828125,0.40283203125,-0.1220703125,0.35400390625,-0.15869140625,0,-0.08544921875,-0.10986328125,0.08544921875,0.1953125,-0.1953125,-0.06103515625,-0.09765625,0.79345703125,-0.13427734375,-0.52490234375,-0.15869140625,-0.537109375
0,-0.146484375,-0.3173828125,0.0732421875,-0.40283203125,-0.08544921875,-0.40283203125,-0.0244140625,-0.10986328125,-0.048828125,-0.03662109375,-0.0244140625,-0.86669921875,-0.146484375,1.0986328125,0.09765625,-0.2197265625,0.08544921875,-0.69580078125,-0.09765625,-0.25634765625,0.0732421875,0.79345703125,-0.09765625,-0.78125,-0.1708984375,0.06103515625,-0.2685546875,-0.8056640625,-0.23193359375,0.89111328125,-0.03662109375,0.20751953125,-0.57373046875,-0.25634765625,-0.0732421875,-0.91552734375,-0.4638671875,-0.48828125,-0.15869140625,-0.78125,-0.2685546875,-0.1953125,0.048828125,-0.5126953125,-0.35400390625,-0.29296875,0.52490234375,0.7080078125,-0.1708984375,1.171875,-0.20751953125,0.45166015625,0.47607421875,-0.28076171875,0.32958984375,0.74462890625,0.03662109375,1.98974609375,-0.2685546875,1.6357421875,-0.2197265625,1.72119140625,0.146484375,1.89208984375,0.09765625,0.25634765625,-0.01220703125,1.0498046875,0.048828125,0.1708984375,-0.29296875,0.244140625,0.244140625,0.28076171875,-0.23193359375,0.87890625,0.01220703125,-0.06103515625,-0.244140625,1.35498046875,0.244140625,-0.91552734375,-0.35400390625,-0.37841796875,-0.29296875,-0.9765625,0.06103515625,-0.7568359375,0.048828125,-1.45263671875,-0.13427734375,-0.25634765625,-0.01220703125,-0.244140625,-0.146484375,-1.18408203125,0.1708984375,-0.10986328125,0.0732421875,0.09765625,-0.18310546875,-0.40283203125,0.03662109375,0.7080078125,0.13427734375,-0.67138671875,0.08544921875,-1.45263671875,-0.03662109375,-1.0498046875,-0.09765625,0.4150390625,-0.13427734375,0.37841796875,-0.15869140625,0.01220703125,-0.06103515625,-0.0732421875,0.0732421875,0.18310546875,-0.18310546875,-0.048828125,-0.08544921875,0.79345703125,-0.1220703125,-0.48828125,-0.146484375,-0.54931640625
0,-0.15869140625,-0.3173828125,0.06103515625,-0.37841796875,-0.09765625,-0.40283203125,-0.01220703125,-0.08544921875,-0.06103515625,-0.0244140625,-0.01220703125,-0.87890625,-0.146484375,1.0986328125,0.09765625,-0.244140625,0.0244140625,-0.68359375,-0.08544921875,-0.25634765625,-0.01220703125,0.8056640625,-0.13427734375,-0.7568359375,-0.1220703125,0.09765625,-0.1708984375,-0.830078125,-0.13427734375,0.89111328125,0.01220703125,0.2197265625,-0.52490234375,-0.244140625,-0.08544921875,-0.91552734375,-0.40283203125,-0.4638671875,-0.1220703125,-0.78125,-0.23193359375,-0.18310546875,-0.06103515625,-0.50048828125,-0.390625,-0.3173828125,0.57373046875,0.7080078125,-0.1708984375,1.123046875,-0.23193359375,0.4638671875,0.48828125,-0.23193359375,0.341796875,0.7568359375,0.1220703125,2.62451171875,-0.25634765625,1.94091796875,-0.1953125,2.001953125,0.08544921875,2.30712890625,0.09765625,0.25634765625,-0.048828125,1.03759765625,0.03662109375,0.1953125,-0.3173828125,0.23193359375,0.20751953125,0.28076171875,-0.25634765625,0.87890625,0.03662109375,-0.048828125,-0.2685546875,1.35498046875,0.20751953125,-0.91552734375,-0.3662109375,-0.40283203125,-0.29296875,-0.9765625,0.09765625,-0.76904296875,-0.01220703125,-1.4892578125,-0.1220703125,-0.2685546875,-0.0732421875,-0.25634765625,-0.20751953125,-1.220703125,0.13427734375,-0.1708984375,0.0732421875,-0.0244140625,-0.1708984375,-0.45166015625,-0.08544921875,0.87890625,0.10986328125,-0.6591796875,0.0732421875,-1.46484375,0,-1.0498046875,-0.18310546875,0.40283203125,-0.10986328125,0.40283203125,-0.13427734375,0,-0.06103515625,-0.06103515625,0.048828125,0.1953125,-0.18310546875,-0.06103515625,-0.06103515625,0.76904296875,-0.1220703125,-0.47607421875,-0.13427734375,-0.57373046875
0,-0.1708984375,-0.3173828125,0.06103515625,-0.35400390625,-0.09765625,-0.42724609375,-0.03662109375,-0.08544921875,-0.0244140625,-0.01220703125,0.01220703125,-0.87890625,-0.146484375,1.07421875,0.08544921875,-0.23193359375,-0.06103515625,-0.7080078125,-0.0732421875,-0.244140625,-0.15869140625,0.78125,-0.18310546875,-0.78125,-0.0732421875,0.1220703125,-0.0732421875,-0.830078125,-0.06103515625,0.89111328125,-0.01220703125,0.20751953125,-0.3662109375,-0.29296875,-0.1220703125,-0.91552734375,-0.3173828125,-0.45166015625,-0.1220703125,-0.76904296875,-0.1220703125,-0.1953125,-0.13427734375,-0.5126953125,-0.4150390625,-0.3662109375,0.5615234375,0.7080078125,-0.15869140625,1.08642578125,-0.2197265625,0.4638671875,0.42724609375,-0.18310546875,0.3662109375,0.78125,0.0732421875,3.74755859375,-0.244140625,2.42919921875,-0.15869140625,2.490234375,0.01220703125,2.978515625,0.06103515625,0.23193359375,-0.08544921875,1.025390625,0.0244140625,0.20751953125,-0.32958984375,0.20751953125,0.15869140625,0.25634765625,-0.25634765625,0.830078125,0.06103515625,-0.01220703125,-0.2685546875,1.3427734375,0.13427734375,-0.9521484375,-0.3173828125,-0.4150390625,-0.2197265625,-0.98876953125,0.06103515625,-0.76904296875,-0.08544921875,-1.4892578125,-0.1220703125,-0.30517578125,-0.1708984375,-0.2685546875,-0.20751953125,-1.1962890625,0.0732421875,-0.1708984375,0.10986328125,-0.03662109375,-0.13427734375,-0.42724609375,-0.1220703125,1.15966796875,0.048828125,-0.68359375,0.146484375,-1.45263671875,0,-1.06201171875,-0.2197265625,0.40283203125,-0.13427734375,0.390625,-0.13427734375,-0.01220703125,-0.0732421875,-0.0732421875,0.048828125,0.18310546875,-0.1708984375,-0.0732421875,-0.048828125,0.76904296875,-0.10986328125,-0.47607421875,-0.10986328125,-0.5615234375
0,-0.1953125,-0.32958984375,0.048828125,-0.341796875,-0.08544921875,-0.40283203125,-0.01220703125,-0.08544921875,-0.0244140625,-0.0244140625,0.01220703125,-0.89111328125,-0.15869140625,1.0986328125,0.03662109375,-0.2197265625,-0.13427734375,-0.7080078125,-0.06103515625,-0.25634765625,-0.29296875,0.79345703125,-0.244140625,-0.76904296875,-0.03662109375,0.13427734375,0.0244140625,-0.8056640625,0.03662109375,0.89111328125,-0.0244140625,0.23193359375,-0.1708984375,-0.341796875,-0.13427734375,-0.89111328125,-0.244140625,-0.439453125,-0.08544921875,-0.76904296875,-0.0244140625,-0.18310546875,-0.09765625,-0.5126953125,-0.4150390625,-0.40283203125,0.50048828125,0.69580078125,-0.15869140625,1.06201171875,-0.146484375,0.4638671875,0.37841796875,-0.13427734375,0.35400390625,0.76904296875,0.06103515625,5.2978515625,-0.23193359375,3.1005859375,-0.09765625,3.13720703125,-0.0732421875,3.86962890625,0.06103515625,0.2197265625,-0.146484375,1.01318359375,-0.03662109375,0.2197265625,-0.3173828125,0.1708984375,0.1220703125,0.23193359375,-0.2197265625,0.8056640625,0.06103515625,0.0244140625,-0.244140625,1.318359375,0.03662109375,-0.9765625,-0.244140625,-0.40283203125,-0.0732421875,-1.025390625,0,-0.79345703125,-0.15869140625,-1.50146484375,-0.10986328125,-0.29296875,-0.30517578125,-0.29296875,-0.1220703125,-1.171875,-0.01220703125,0,0.13427734375,0.10986328125,-0.10986328125,-0.28076171875,-0.1708984375,1.6357421875,-0.01220703125,-0.67138671875,0.23193359375,-1.45263671875,-0.0244140625,-1.08642578125,-0.23193359375,0.4150390625,-0.1708984375,0.40283203125,-0.146484375,-0.01220703125,-0.06103515625,-0.048828125,0.06103515625,0.18310546875,-0.18310546875,-0.048828125,-0.048828125,0.76904296875,-0.1220703125,-0.48828125,-0.0732421875,-0.5859375
0,-0.1953125,-0.341796875,0.03662109375,-0.32958984375,-0.08544921875,-0.37841796875,0,-0.06103515625,-0.06103515625,-0.01220703125,0.0244140625,-0.87890625,-0.1708984375,1.0986328125,0.01220703125,-0.2197265625,-0.1953125,-0.7080078125,-0.08544921875,-0.23193359375,-0.4150390625,0.76904296875,-0.28076171875,-0.78125,0,0.1220703125,0.10986328125,-0.81787109375,0.08544921875,0.86669921875,-0.08544921875,0.244140625,0.06103515625,-0.37841796875,-0.0732421875,-0.89111328125,-0.1708984375,-0.439453125,-0.06103515625,-0.74462890625,0.0244140625,-0.1708984375,0,-0.537109375,-0.40283203125,-0.45166015625,0.52490234375,0.72021484375,-0.13427734375,1.08642578125,-0.0732421875,0.4638671875,0.3173828125,-0.10986328125,0.30517578125,0.76904296875,0.146484375,7.14111328125,-0.28076171875,3.90625,0.01220703125,3.8818359375,-0.1220703125,4.94384765625,0,0.23193359375,-0.18310546875,0.98876953125,-0.0732421875,0.2197265625,-0.28076171875,0.146484375,0.06103515625,0.2197265625,-0.20751953125,0.84228515625,0.03662109375,0.06103515625,-0.1708984375,1.33056640625,0,-0.98876953125,-0.1953125,-0.390625,0.06103515625,-1.025390625,-0.048828125,-0.79345703125,-0.1708984375,-1.47705078125,-0.146484375,-0.29296875,-0.40283203125,-0.32958984375,-0.0244140625,-1.18408203125,-0.1220703125,0.3662109375,0.15869140625,0.48828125,-0.08544921875,0.01220703125,-0.20751953125,2.30712890625,-0.048828125,-0.6591796875,0.28076171875,-1.46484375,-0.048828125,-1.06201171875,-0.1953125,0.4150390625,-0.1708984375,0.3662109375,-0.1220703125,0,-0.06103515625,-0.048828125,0.06103515625,0.1708984375,-0.15869140625,-0.03662109375,-0.06103515625,0.78125,-0.146484375,-0.47607421875,-0.048828125,-0.5859375
0,-0.1953125,-0.341796875,0.06103515625,-0.3173828125,-0.048828125,-0.3662109375,-0.01220703125,-0.03662109375,-0.0732421875,-0.048828125,0.06103515625,-0.89111328125,-0.1708984375,1.0986328125,-0.0244140625,-0.20751953125,-0.2197265625,-0.732421875,-0.09765625,-0.23193359375,-0.42724609375,0.76904296875,-0.28076171875,-0.78125,-0.01220703125,0.10986328125,0.146484375,-0.8056640625,0.09765625,0.84228515625,-0.08544921875,0.23193359375,0.13427734375,-0.3662109375,0.06103515625,-0.87890625,-0.146484375,-0.439453125,-0.03662109375,-0.7568359375,0.09765625,-0.15869140625,0.18310546875,-0.57373046875,-0.40283203125,-0.4638671875,0.5615234375,0.72021484375,-0.1708984375,1.0986328125,-0.01220703125,0.45166015625,0.20751953125,-0.13427734375,0.28076171875,0.7568359375,0.30517578125,9.11865234375,-0.30517578125,4.72412109375,0.03662109375,4.69970703125,-0.08544921875,6.0546875,-0.0244140625,0.23193359375,-0.1953125,1.0009765625,-0.13427734375,0.20751953125,-0.23193359375,0.13427734375,0,0.23193359375,-0.1708984375,0.81787109375,0.048828125,0.08544921875,-0.10986328125,1.318359375,-0.06103515625,-1.01318359375,-0.09765625,-0.3662109375,0.15869140625,-1.03759765625,-0.08544921875,-0.78125,-0.146484375,-1.47705078125,-0.13427734375,-0.29296875,-0.390625,-0.3173828125,0.1220703125,-1.171875,-0.20751953125,0.927734375,0.0732421875,0.98876953125,-0.1220703125,0.439453125,-0.23193359375,3.22265625,-0.03662109375,-0.634765625,0.3662109375,-1.4404296875,-0.09765625,-1.0498046875,-0.146484375,0.4150390625,-0.15869140625,0.35400390625,-0.13427734375,0,-0.0732421875,-0.06103515625,0.0732421875,0.1708984375,-0.146484375,-0.048828125,-0.06103515625,0.76904296875,-0.1220703125,-0.50048828125,-0.0244140625,-0.5859375
0,-0.20751953125,-0.341796875,0.03662109375,-0.3173828125,-0.048828125,-0.3662109375,0.01220703125,-0.048828125,-0.0732421875,-0.06103515625,0.0732421875,-0.87890625,-0.18310546875,1.0986328125,-0.0732421875,-0.1953125,-0.18310546875,-0.732421875,-0.13427734375,-0.23193359375,-0.3662109375,0.76904296875,-0.2685546875,-0.78125,0.03662109375,0.08544921875,0.09765625,-0.8056640625,0.048828125,0.86669921875,-0.0244140625,0.244140625,0.09765625,-0.35400390625,0.18310546875,-0.87890625,-0.13427734375,-0.439453125,0.0244140625,-0.732421875,0.0732421875,-0.18310546875,0.28076171875,-0.634765625,-0.35400390625,-0.48828125,0.57373046875,0.7080078125,-0.20751953125,1.1474609375,0.03662109375,0.439453125,0.10986328125,-0.15869140625,0.1708984375,0.76904296875,0.47607421875,11.03515625,-0.25634765625,5.57861328125,0.10986328125,5.50537109375,-0.01220703125,7.177734375,-0.048828125,0.23193359375,-0.23193359375,0.98876953125,-0.15869140625,0.20751953125,-0.1953125,0.1220703125,-0.0732421875,0.244140625,-0.1220703125,0.81787109375,0.06103515625,0.09765625,-0.06103515625,1.3427734375,-0.048828125,-1.0009765625,-0.01220703125,-0.37841796875,0.1953125,-1.01318359375,-0.0732421875,-0.78125,-0.06103515625,-1.45263671875,-0.1220703125,-0.28076171875,-0.3662109375,-0.32958984375,0.20751953125,-1.18408203125,-0.1953125,1.6357421875,0.048828125,1.67236328125,-0.1220703125,0.9765625,-0.20751953125,4.2724609375,-0.01220703125,-0.62255859375,0.35400390625,-1.46484375,-0.146484375,-1.0498046875,-0.048828125,0.42724609375,-0.146484375,0.32958984375,-0.146484375,0.0244140625,-0.06103515625,-0.06103515625,0.08544921875,0.15869140625,-0.1708984375,-0.01220703125,-0.0732421875,0.78125,-0.1220703125,-0.5126953125,-0.0244140625,-0.5615234375
0,-0.2197265625,-0.341796875,0.048828125,-0.3173828125,-0.01220703125,-0.35400390625,0,-0.048828125,-0.06103515625,-0.06103515625,0.09765625,-0.87890625,-0.15869140625,1.11083984375,-0.06103515625,-0.2197265625,-0.1220703125,-0.732421875,-0.15869140625,-0.2197265625,-0.3173828125,0.7568359375,-0.244140625,-0.76904296875,0.0732421875,0.03662109375,0.01220703125,-0.8056640625,0,0.86669921875,-0.0244140625,0.23193359375,-0.01220703125,-0.3662109375,0.32958984375,-0.87890625,-0.15869140625,-0.45166015625,0.06103515625,-0.732421875,0.08544921875,-0.18310546875,0.30517578125,-0.67138671875,-0.35400390625,-0.4638671875,0.67138671875,0.732421875,-0.1953125,1.171875,0.08544921875,0.439453125,0,-0.1708984375,0.09765625,0.76904296875,0.40283203125,12.73193359375,-0.23193359375,6.28662109375,0.1708984375,6.21337890625,0.0244140625,8.154296875,-0.08544921875,0.2685546875,-0.25634765625,1.0009765625,-0.1708984375,0.20751953125,-0.18310546875,0.146484375,-0.10986328125,0.2685546875,-0.08544921875,0.84228515625,0.08544921875,0.09765625,0.01220703125,1.3427734375,-0.03662109375,-0.98876953125,0.03662109375,-0.35400390625,0.13427734375,-1.01318359375,0.01220703125,-0.79345703125,0.06103515625,-1.45263671875,-0.1220703125,-0.28076171875,-0.23193359375,-0.341796875,0.2197265625,-1.1962890625,-0.2197265625,2.38037109375,-0.06103515625,2.44140625,-0.15869140625,1.5869140625,-0.1953125,5.45654296875,0.06103515625,-0.6103515625,0.30517578125,-1.47705078125,-0.18310546875,-1.0498046875,0.0244140625,0.45166015625,-0.13427734375,0.32958984375,-0.15869140625,0.0244140625,-0.06103515625,-0.06103515625,0.09765625,0.15869140625,-0.1708984375,0,-0.0732421875,0.7568359375,-0.10986328125,-0.537109375,-0.03662109375,-0.57373046875
0,-0.23193359375,-0.32958984375,0.0244140625,-0.341796875,0,-0.341796875,0,-0.06103515625,-0.09765625,-0.03662109375,0.13427734375,-0.87890625,-0.146484375,1.123046875,-0.0732421875,-0.23193359375,-0.048828125,-0.732421875,-0.1708984375,-0.2197265625,-0.146484375,0.78125,-0.23193359375,-0.7568359375,0.1220703125,-0.03662109375,-0.08544921875,-0.8056640625,-0.06103515625,0.86669921875,-0.0732421875,0.2197265625,-0.15869140625,-0.32958984375,0.4638671875,-0.86669921875,-0.1953125,-0.439453125,0.09765625,-0.74462890625,0.10986328125,-0.18310546875,0.3662109375,-0.74462890625,-0.29296875,-0.4150390625,0.79345703125,0.732421875,-0.146484375,1.1962890625,0.146484375,0.439453125,-0.1708984375,-0.1953125,0.0732421875,0.74462890625,0.29296875,14.02587890625,-0.1708984375,6.8359375,0.23193359375,6.72607421875,0.03662109375,8.935546875,-0.10986328125,0.30517578125,-0.244140625,1.03759765625,-0.1708984375,0.18310546875,-0.18310546875,0.1708984375,-0.146484375,0.29296875,-0.0244140625,0.8544921875,0.10986328125,0.0732421875,0.048828125,1.3427734375,0,-0.98876953125,0.048828125,-0.341796875,0,-1.01318359375,0.1220703125,-0.8056640625,0.15869140625,-1.46484375,-0.13427734375,-0.2685546875,-0.048828125,-0.35400390625,0.23193359375,-1.1962890625,-0.146484375,3.125,-0.1220703125,3.173828125,-0.13427734375,2.20947265625,0.0244140625,6.640625,0.1708984375,-0.6103515625,0.1953125,-1.46484375,-0.2197265625,-1.025390625,0.03662109375,0.439453125,-0.10986328125,0.3173828125,-0.146484375,0.0244140625,-0.06103515625,-0.0732421875,0.09765625,0.13427734375,-0.18310546875,0,-0.06103515625,0.76904296875,-0.08544921875,-0.537109375,-0.03662109375,-0.5126953125
0,-0.2197265625,-0.341796875,0.048828125,-0.35400390625,0.0244140625,-0.30517578125,0.03662109375,-0.0732421875,-0.1220703125,-0.03662109375,0.146484375,-0.86669921875,-0.146484375,1.0986328125,-0.13427734375,-0.2197265625,0.01220703125,-0.72021484375,-0.1708984375,-0.2197265625,-0.0244140625,0.76904296875,-0.2197265625,-0.7568359375,0.18310546875,-0.08544921875,-0.1708984375,-0.79345703125,-0.1220703125,0.86669921875,-0.13427734375,0.23193359375,-0.3173828125,-0.3173828125,0.57373046875,-0.87890625,-0.23193359375,-0.4638671875,0.1220703125,-0.74462890625,0.1220703125,-0.20751953125,0.37841796875,-0.79345703125,-0.23193359375,-0.3662109375,0.86669921875,0.72021484375,-0.048828125,1.220703125,0.15869140625,0.47607421875,-0.32958984375,-0.1953125,0.01220703125,0.732421875,0.1953125,14.8193359375,-0.13427734375,7.14111328125,0.1953125,7.04345703125,0,9.423828125,-0.13427734375,0.32958984375,-0.23193359375,1.0498046875,-0.15869140625,0.18310546875,-0.20751953125,0.20751953125,-0.1708984375,0.28076171875,0,0.87890625,0.1220703125,0.0244140625,0.06103515625,1.35498046875,0.0244140625,-0.9765625,0.06103515625,-0.3662109375,-0.146484375,-0.9765625,0.244140625,-0.79345703125,0.2197265625,-1.47705078125,-0.13427734375,-0.25634765625,0.146484375,-0.341796875,0.20751953125,-1.20849609375,-0.0732421875,3.79638671875,-0.20751953125,3.84521484375,-0.06103515625,2.7587890625,0.146484375,7.7392578125,0.25634765625,-0.57373046875,0.09765625,-1.45263671875,-0.23193359375,-1.025390625,0.06103515625,0.439453125,-0.09765625,0.3173828125,-0.1220703125,0.03662109375,-0.0732421875,-0.048828125,0.08544921875,0.1708984375,-0.1953125,-0.01220703125,-0.0244140625,0.76904296875,-0.0732421875,-0.54931640625,-0.0732421875,-0.52490234375
0,-0.20751953125,-0.341796875,0.048828125,-0.35400390625,0.048828125,-0.32958984375,0.0244140625,-0.0732421875,-0.146484375,-0.01220703125,0.18310546875,-0.86669921875,-0.146484375,1.11083984375,-0.13427734375,-0.1953125,0.048828125,-0.7080078125,-0.146484375,-0.23193359375,0.08544921875,0.79345703125,-0.1708984375,-0.79345703125,0.25634765625,-0.10986328125,-0.23193359375,-0.81787109375,-0.1953125,0.89111328125,-0.23193359375,0.23193359375,-0.42724609375,-0.29296875,0.6103515625,-0.89111328125,-0.2685546875,-0.42724609375,0.10986328125,-0.7568359375,0.1708984375,-0.20751953125,0.35400390625,-0.8056640625,-0.23193359375,-0.3173828125,0.91552734375,0.72021484375,0.0244140625,1.1962890625,0.10986328125,0.47607421875,-0.47607421875,-0.1708984375,0.01220703125,0.74462890625,0.0732421875,15.0634765625,-0.09765625,7.21435546875,0.1953125,7.11669921875,0.03662109375,9.58251953125,-0.15869140625,0.32958984375,-0.1953125,1.06201171875,-0.13427734375,0.1708984375,-0.244140625,0.244140625,-0.146484375,0.29296875,0.03662109375,0.9033203125,0.13427734375,0.01220703125,0.0732421875,1.3916015625,0.03662109375,-0.96435546875,0.06103515625,-0.341796875,-0.25634765625,-0.9521484375,0.30517578125,-0.78125,0.28076171875,-1.4892578125,-0.1220703125,-0.23193359375,0.30517578125,-0.341796875,0.1708984375,-1.220703125,-0.0244140625,4.30908203125,-0.244140625,4.35791015625,-0.01220703125,3.1982421875,0.146484375,8.65478515625,0.2685546875,-0.5859375,0.0244140625,-1.45263671875,-0.244140625,-1.0498046875,0.048828125,0.45166015625,-0.10986328125,0.32958984375,-0.10986328125,0.048828125,-0.0732421875,-0.0244140625,0.08544921875,0.1708984375,-0.1953125,0,0,0.76904296875,-0.0732421875,-0.537109375,-0.06103515625,-0.5126953125
1,-0.20751953125,-0.35400390625,0.08544921875,-0.341796875,0.06103515625,-0.35400390625,0.0244140625,-0.08544921875,-0.146484375,0,0.1708984375,-0.86669921875,-0.15869140625,1.08642578125,-0.18310546875,-0.1953125,0.0732421875,-0.68359375,-0.10986328125,-0.244140625,0.13427734375,0.79345703125,-0.13427734375,-0.78125,0.25634765625,-0.13427734375,-0.25634765625,-0.79345703125,-0.25634765625,0.89111328125,-0.29296875,0.1953125,-0.47607421875,-0.28076171875,0.5859375,-0.87890625,-0.30517578125,-0.42724609375,0.06103515625,-0.74462890625,0.20751953125,-0.2197265625,0.28076171875,-0.78125,-0.15869140625,-0.30517578125,0.86669921875,0.7080078125,0.09765625,1.15966796875,0.09765625,0.50048828125,-0.5615234375,-0.1953125,0.01220703125,0.74462890625,-0.0244140625,14.75830078125,-0.06103515625,6.99462890625,0.1953125,6.94580078125,0.08544921875,9.33837890625,-0.146484375,0.3662109375,-0.1708984375,1.08642578125,-0.0732421875,0.18310546875,-0.25634765625,0.2685546875,-0.13427734375,0.30517578125,0.08544921875,0.9033203125,0.13427734375,-0.03662109375,0.048828125,1.3671875,0.01220703125,-0.96435546875,0.048828125,-0.3662109375,-0.29296875,-0.9521484375,0.29296875,-0.76904296875,0.25634765625,-1.4892578125,-0.1220703125,-0.2197265625,0.37841796875,-0.3173828125,0.13427734375,-1.23291015625,-0.048828125,4.6630859375,-0.2685546875,4.7119140625,-0.048828125,3.47900390625,0.048828125,9.3505859375,0.25634765625,-0.5859375,0,-1.46484375,-0.2197265625,-1.03759765625,0,0.439453125,-0.13427734375,0.3173828125,-0.0732421875,0.0244140625,-0.06103515625,-0.048828125,0.0732421875,0.1708984375,-0.1953125,-0.0244140625,-0.01220703125,0.76904296875,-0.0732421875,-0.52490234375,-0.0732421875,-0.5126953125
1,-0.244140625,-0.35400390625,0.0732421875,-0.3662109375,0.09765625,-0.35400390625,-0.01220703125,-0.0732421875,-0.18310546875,0,0.1953125,-0.84228515625,-0.15869140625,1.08642578125,-0.20751953125,-0.20751953125,0.08544921875,-0.68359375,-0.01220703125,-0.25634765625,0.146484375,0.8056640625,-0.10986328125,-0.78125,0.18310546875,-0.146484375,-0.2685546875,-0.8056640625,-0.244140625,0.9033203125,-0.35400390625,0.2197265625,-0.48828125,-0.28076171875,0.47607421875,-0.87890625,-0.32958984375,-0.40283203125,-0.01220703125,-0.7568359375,0.18310546875,-0.244140625,0.13427734375,-0.7568359375,-0.146484375,-0.28076171875,0.89111328125,0.7080078125,0.18310546875,1.123046875,0.0732421875,0.52490234375,-0.57373046875,-0.146484375,-0.01220703125,0.732421875,-0.1220703125,14.00146484375,-0.048828125,6.57958984375,0.1708984375,6.55517578125,0.08544921875,8.82568359375,-0.1220703125,0.32958984375,-0.13427734375,1.0986328125,-0.03662109375,0.18310546875,-0.2685546875,0.28076171875,-0.08544921875,0.29296875,0.1220703125,0.9033203125,0.08544921875,-0.048828125,0,1.37939453125,-0.048828125,-0.93994140625,0.03662109375,-0.3662109375,-0.244140625,-0.9521484375,0.23193359375,-0.78125,0.2197265625,-1.46484375,-0.1220703125,-0.20751953125,0.35400390625,-0.29296875,0.146484375,-1.20849609375,-0.048828125,4.8095703125,-0.20751953125,4.8828125,-0.03662109375,3.62548828125,-0.03662109375,9.8388671875,0.1953125,-0.6103515625,0.01220703125,-1.47705078125,-0.20751953125,-1.06201171875,-0.048828125,0.4150390625,-0.15869140625,0.32958984375,-0.06103515625,0.0244140625,-0.06103515625,-0.03662109375,0.0732421875,0.15869140625,-0.20751953125,-0.03662109375,-0.01220703125,0.78125,-0.08544921875,-0.50048828125,-0.06103515625,-0.5126953125
1,-0.23193359375,-0.32958984375,0.0732421875,-0.3662109375,0.08544921875,-0.37841796875,-0.01220703125,-0.0732421875,-0.146484375,0,0.18310546875,-0.86669921875,-0.146484375,1.11083984375,-0.20751953125,-0.244140625,0.08544921875,-0.68359375,0.09765625,-0.244140625,0.09765625,0.8056640625,-0.08544921875,-0.78125,0.13427734375,-0.13427734375,-0.2197265625,-0.81787109375,-0.20751953125,0.927734375,-0.3662109375,0.20751953125,-0.4150390625,-0.2685546875,0.3173828125,-0.87890625,-0.3173828125,-0.42724609375,-0.09765625,-0.76904296875,0.10986328125,-0.23193359375,-0.048828125,-0.72021484375,-0.08544921875,-0.28076171875,0.86669921875,0.68359375,0.15869140625,1.123046875,0.10986328125,0.537109375,-0.6103515625,-0.15869140625,-0.06103515625,0.732421875,-0.23193359375,12.85400390625,-0.048828125,5.9814453125,0.1708984375,6.01806640625,0.15869140625,8.056640625,-0.09765625,0.32958984375,-0.06103515625,1.08642578125,-0.01220703125,0.1953125,-0.2685546875,0.25634765625,-0.06103515625,0.2685546875,0.1708984375,0.91552734375,0.06103515625,-0.06103515625,-0.03662109375,1.3671875,-0.10986328125,-0.927734375,0.01220703125,-0.3662109375,-0.1708984375,-0.9521484375,0.09765625,-0.76904296875,0.18310546875,-1.45263671875,-0.1220703125,-0.20751953125,0.2685546875,-0.28076171875,0.1708984375,-1.20849609375,-0.06103515625,4.833984375,-0.18310546875,4.89501953125,-0.10986328125,3.6376953125,-0.03662109375,10.05859375,0.13427734375,-0.634765625,0.0244140625,-1.46484375,-0.18310546875,-1.07421875,-0.13427734375,0.4150390625,-0.1708984375,0.32958984375,-0.06103515625,0.0244140625,-0.06103515625,-0.01220703125,0.0732421875,0.1708984375,-0.18310546875,-0.06103515625,0,0.8056640625,-0.1220703125,-0.50048828125,-0.0244140625,-0.52490234375
1,-0.23193359375,-0.341796875,0.08544921875,-0.341796875,0.1220703125,-0.37841796875,0,-0.08544921875,-0.13427734375,-0.01220703125,0.1708984375,-0.86669921875,-0.146484375,1.08642578125,-0.2197265625,-0.23193359375,0,-0.68359375,0.1953125,-0.23193359375,-0.01220703125,0.79345703125,-0.01220703125,-0.79345703125,0.06103515625,-0.13427734375,-0.15869140625,-0.8056640625,-0.18310546875,0.9033203125,-0.35400390625,0.20751953125,-0.32958984375,-0.28076171875,0.20751953125,-0.87890625,-0.30517578125,-0.4150390625,-0.18310546875,-0.76904296875,-0.01220703125,-0.2197265625,-0.146484375,-0.67138671875,-0.0732421875,-0.30517578125,0.830078125,0.64697265625,0.0732421875,1.11083984375,0.048828125,0.52490234375,-0.634765625,-0.1708984375,-0.10986328125,0.74462890625,-0.29296875,11.46240234375,-0.0244140625,5.28564453125,0.09765625,5.3466796875,0.2197265625,7.12890625,-0.03662109375,0.29296875,0.01220703125,1.0498046875,-0.0244140625,0.1953125,-0.1953125,0.23193359375,-0.08544921875,0.2685546875,0.18310546875,0.89111328125,0.048828125,-0.03662109375,-0.10986328125,1.35498046875,-0.2197265625,-0.93994140625,0,-0.37841796875,-0.048828125,-0.98876953125,-0.0244140625,-0.7568359375,0.09765625,-1.40380859375,-0.1953125,-0.2197265625,0.08544921875,-0.244140625,0.1953125,-1.1962890625,-0.01220703125,4.736328125,-0.13427734375,4.79736328125,-0.1708984375,3.55224609375,0,10.05859375,0.03662109375,-0.64697265625,0.06103515625,-1.45263671875,-0.1953125,-1.08642578125,-0.1708984375,0.40283203125,-0.15869140625,0.341796875,-0.0732421875,0,-0.06103515625,0,0.09765625,0.18310546875,-0.1708984375,-0.048828125,-0.0244140625,0.8056640625,-0.15869140625,-0.47607421875,-0.01220703125,-0.52490234375
1,-0.23193359375,-0.341796875,0.09765625,-0.35400390625,0.146484375,-0.37841796875,-0.0244140625,-0.08544921875,-0.08544921875,-0.01220703125,0.18310546875,-0.87890625,-0.15869140625,1.08642578125,-0.2685546875,-0.2685546875,-0.0732421875,-0.7080078125,0.25634765625,-0.25634765625,-0.08544921875,0.79345703125,0.09765625,-0.8056640625,0,-0.1220703125,-0.08544921875,-0.81787109375,-0.146484375,0.87890625,-0.28076171875,0.20751953125,-0.244140625,-0.3173828125,0.09765625,-0.89111328125,-0.2685546875,-0.439453125,-0.244140625,-0.7568359375,-0.146484375,-0.1953125,-0.08544921875,-0.62255859375,-0.06103515625,-0.37841796875,0.81787109375,0.6591796875,0,1.123046875,0.048828125,0.50048828125,-0.64697265625,-0.15869140625,-0.1953125,0.74462890625,-0.3173828125,10.02197265625,-0.01220703125,4.58984375,0.09765625,4.6630859375,0.28076171875,6.14013671875,0.048828125,0.25634765625,0.048828125,1.06201171875,-0.03662109375,0.20751953125,-0.146484375,0.20751953125,-0.06103515625,0.244140625,0.1953125,0.9033203125,0.01220703125,0.01220703125,-0.146484375,1.3427734375,-0.32958984375,-0.96435546875,0,-0.40283203125,0.09765625,-1.0009765625,-0.1708984375,-0.76904296875,0.03662109375,-1.35498046875,-0.2685546875,-0.244140625,-0.08544921875,-0.28076171875,0.1708984375,-1.171875,-0.0244140625,4.5654296875,-0.03662109375,4.638671875,-0.2197265625,3.3935546875,-0.06103515625,9.86328125,-0.03662109375,-0.67138671875,0.0732421875,-1.4404296875,-0.20751953125,-1.07421875,-0.1953125,0.4150390625,-0.146484375,0.35400390625,-0.08544921875,0.0244140625,-0.048828125,0.01220703125,0.1220703125,0.18310546875,-0.146484375,-0.03662109375,-0.0244140625,0.830078125,-0.1708984375,-0.48828125,0.0244140625,-0.537109375
1,-0.20751953125,-0.341796875,0.09765625,-0.32958984375,0.15869140625,-0.37841796875,-0.03662109375,-0.0732421875,-0.10986328125,-0.0244140625,0.18310546875,-0.89111328125,-0.15869140625,1.08642578125,-0.32958984375,-0.244140625,-0.13427734375,-0.7080078125,0.244140625,-0.244140625,-0.15869140625,0.79345703125,0.23193359375,-0.79345703125,-0.01220703125,-0.09765625,0.01220703125,-0.81787109375,-0.13427734375,0.86669921875,-0.1953125,0.1953125,-0.29296875,-0.35400390625,0.08544921875,-0.89111328125,-0.30517578125,-0.42724609375,-0.25634765625,-0.7568359375,-0.25634765625,-0.18310546875,-0.0244140625,-0.5859375,-0.1220703125,-0.439453125,0.78125,0.68359375,-0.09765625,1.11083984375,0.03662109375,0.4638671875,-0.6591796875,-0.13427734375,-0.23193359375,0.74462890625,-0.3173828125,8.59375,-0.01220703125,3.91845703125,0.1220703125,3.99169921875,0.341796875,5.18798828125,0.09765625,0.20751953125,0.13427734375,1.03759765625,-0.01220703125,0.2197265625,-0.0732421875,0.1953125,-0.01220703125,0.23193359375,0.1708984375,0.86669921875,-0.03662109375,0.03662109375,-0.18310546875,1.318359375,-0.48828125,-0.98876953125,0.01220703125,-0.35400390625,0.1708984375,-1.0009765625,-0.23193359375,-0.76904296875,-0.0244140625,-1.25732421875,-0.341796875,-0.25634765625,-0.1708984375,-0.28076171875,0.1220703125,-1.15966796875,-0.01220703125,4.38232421875,-0.03662109375,4.43115234375,-0.32958984375,3.22265625,-0.146484375,9.5458984375,-0.0732421875,-0.7080078125,0.06103515625,-1.45263671875,-0.23193359375,-1.07421875,-0.18310546875,0.4150390625,-0.13427734375,0.35400390625,-0.0732421875,0.0244140625,-0.048828125,0.01220703125,0.13427734375,0.1708984375,-0.13427734375,-0.048828125,-0.08544921875,0.830078125,-0.18310546875,-0.4638671875,0.048828125,-0.52490234375
1,-0.18310546875,-0.341796875,0.0732421875,-0.30517578125,0.1708984375,-0.35400390625,-0.0244140625,-0.048828125,-0.1220703125,-0.01220703125,0.20751953125,-0.89111328125,-0.13427734375,1.08642578125,-0.40283203125,-0.20751953125,-0.146484375,-0.7080078125,0.20751953125,-0.2197265625,-0.2197265625,0.78125,0.2685546875,-0.79345703125,-0.0244140625,-0.08544921875,0.08544921875,-0.830078125,-0.1220703125,0.8544921875,-0.09765625,0.2197265625,-0.42724609375,-0.3662109375,0.20751953125,-0.87890625,-0.28076171875,-0.45166015625,-0.2197265625,-0.74462890625,-0.35400390625,-0.18310546875,0.1220703125,-0.5859375,-0.23193359375,-0.47607421875,0.78125,0.67138671875,-0.1953125,1.13525390625,0.03662109375,0.439453125,-0.64697265625,-0.15869140625,-0.28076171875,0.72021484375,-0.28076171875,7.28759765625,-0.0732421875,3.3203125,0.10986328125,3.3935546875,0.40283203125,4.345703125,0.1220703125,0.18310546875,0.20751953125,1.03759765625,-0.01220703125,0.2197265625,0,0.18310546875,0.03662109375,0.2197265625,0.15869140625,0.87890625,-0.09765625,0.0732421875,-0.2197265625,1.30615234375,-0.59814453125,-0.98876953125,0,-0.3662109375,0.1953125,-1.025390625,-0.20751953125,-0.7568359375,-0.0244140625,-1.171875,-0.45166015625,-0.28076171875,-0.1953125,-0.29296875,0.06103515625,-1.15966796875,-0.048828125,4.16259765625,-0.09765625,4.19921875,-0.3662109375,3.03955078125,-0.1708984375,9.09423828125,-0.048828125,-0.69580078125,0.10986328125,-1.46484375,-0.244140625,-1.07421875,-0.13427734375,0.4150390625,-0.13427734375,0.37841796875,-0.08544921875,0.01220703125,-0.0732421875,0.0244140625,0.15869140625,0.18310546875,-0.1220703125,-0.0244140625,-0.06103515625,0.8544921875,-0.1220703125,-0.4638671875,0.048828125,-0.5126953125
1,-0.15869140625,-0.32958984375,0.09765625,-0.30517578125,0.18310546875,-0.3662109375,-0.01220703125,-0.048828125,-0.1220703125,-0.048828125,0.1953125,-0.89111328125,-0.13427734375,1.08642578125,-0.45166015625,-0.20751953125,-0.13427734375,-0.7080078125,0.1220703125,-0.23193359375,-0.1953125,0.78125,0.2197265625,-0.76904296875,0.0244140625,-0.08544921875,0.08544921875,-0.830078125,-0.10986328125,0.8544921875,0.048828125,0.20751953125,-0.6103515625,-0.35400390625,0.3173828125,-0.87890625,-0.2685546875,-0.42724609375,-0.146484375,-0.732421875,-0.40283203125,-0.146484375,0.1953125,-0.5859375,-0.35400390625,-0.48828125,0.81787109375,0.7080078125,-0.25634765625,1.15966796875,-0.03662109375,0.439453125,-0.5615234375,-0.13427734375,-0.32958984375,0.72021484375,-0.23193359375,6.15234375,-0.0732421875,2.83203125,0.146484375,2.91748046875,0.45166015625,3.6376953125,0.10986328125,0.15869140625,0.2685546875,1.0009765625,0,0.23193359375,0.06103515625,0.1708984375,0.09765625,0.244140625,0.15869140625,0.8544921875,-0.1220703125,0.09765625,-0.23193359375,1.33056640625,-0.64697265625,-1.0009765625,0.01220703125,-0.3662109375,0.18310546875,-1.01318359375,-0.13427734375,-0.76904296875,-0.01220703125,-1.06201171875,-0.47607421875,-0.28076171875,-0.1220703125,-0.30517578125,-0.03662109375,-1.15966796875,-0.06103515625,3.96728515625,-0.18310546875,3.9794921875,-0.390625,2.84423828125,-0.1708984375,8.5693359375,0.03662109375,-0.7080078125,0.0732421875,-1.46484375,-0.18310546875,-1.0498046875,-0.09765625,0.4150390625,-0.13427734375,0.37841796875,-0.08544921875,0.0244140625,-0.0732421875,0.0244140625,0.18310546875,0.18310546875,-0.10986328125,0,-0.06103515625,0.8544921875,-0.08544921875,-0.4638671875,0.048828125,-0.5126953125
1,-0.15869140625,-0.341796875,0.08544921875,-0.29296875,0.18310546875,-0.3662109375,-0.01220703125,-0.03662109375,-0.146484375,-0.03662109375,0.2197265625,-0.86669921875,-0.09765625,1.11083984375,-0.4638671875,-0.18310546875,-0.13427734375,-0.69580078125,0.03662109375,-0.23193359375,-0.1953125,0.78125,0.09765625,-0.76904296875,0.1220703125,-0.08544921875,0.08544921875,-0.84228515625,-0.10986328125,0.8544921875,0.1220703125,0.20751953125,-0.76904296875,-0.341796875,0.40283203125,-0.87890625,-0.28076171875,-0.42724609375,-0.08544921875,-0.69580078125,-0.32958984375,-0.146484375,0.18310546875,-0.634765625,-0.50048828125,-0.48828125,0.8544921875,0.7080078125,-0.25634765625,1.171875,-0.048828125,0.439453125,-0.48828125,-0.15869140625,-0.341796875,0.732421875,-0.1953125,5.21240234375,-0.0732421875,2.40478515625,0.18310546875,2.5146484375,0.45166015625,3.02734375,0.1220703125,0.18310546875,0.30517578125,1.0009765625,0,0.2197265625,0.10986328125,0.15869140625,0.18310546875,0.25634765625,0.10986328125,0.89111328125,-0.146484375,0.08544921875,-0.244140625,1.30615234375,-0.64697265625,-0.98876953125,0.03662109375,-0.35400390625,0.1220703125,-1.025390625,-0.01220703125,-0.76904296875,0.01220703125,-1.0009765625,-0.439453125,-0.2685546875,0.01220703125,-0.32958984375,-0.10986328125,-1.171875,-0.08544921875,3.77197265625,-0.3173828125,3.74755859375,-0.35400390625,2.6611328125,-0.15869140625,8.0078125,0.09765625,-0.72021484375,0.03662109375,-1.45263671875,-0.1708984375,-1.0498046875,-0.1220703125,0.40283203125,-0.10986328125,0.37841796875,-0.08544921875,0.03662109375,-0.06103515625,0.0244140625,0.15869140625,0.1708984375,-0.10986328125,-0.0244140625,-0.0244140625,0.86669921875,-0.0244140625,-0.4638671875,0.03662109375,-0.537109375
1,-0.18310546875,-0.3173828125,0.08544921875,-0.29296875,0.146484375,-0.3662109375,-0.01220703125,-0.0244140625,-0.1708984375,-0.048828125,0.244140625,-0.86669921875,-0.08544921875,1.08642578125,-0.4638671875,-0.18310546875,-0.08544921875,-0.69580078125,-0.06103515625,-0.23193359375,-0.18310546875,0.79345703125,-0.0732421875,-0.76904296875,0.1708984375,-0.08544921875,0.0732421875,-0.84228515625,-0.09765625,0.8544921875,0.18310546875,0.20751953125,-0.9033203125,-0.30517578125,0.5126953125,-0.87890625,-0.2685546875,-0.40283203125,-0.06103515625,-0.72021484375,-0.28076171875,-0.15869140625,0.18310546875,-0.67138671875,-0.59814453125,-0.42724609375,0.84228515625,0.732421875,-0.20751953125,1.18408203125,-0.1220703125,0.45166015625,-0.42724609375,-0.15869140625,-0.32958984375,0.732421875,-0.18310546875,4.3701171875,-0.0732421875,2.06298828125,0.18310546875,2.18505859375,0.40283203125,2.50244140625,0.146484375,0.1953125,0.341796875,1.01318359375,0,0.2197265625,0.09765625,0.1708984375,0.23193359375,0.30517578125,0.03662109375,0.86669921875,-0.146484375,0.06103515625,-0.23193359375,1.33056640625,-0.59814453125,-0.9765625,0.08544921875,-0.35400390625,0.0732421875,-1.01318359375,0.1220703125,-0.78125,0.06103515625,-0.93994140625,-0.3662109375,-0.29296875,0.1708984375,-0.3173828125,-0.18310546875,-1.18408203125,-0.13427734375,3.55224609375,-0.45166015625,3.515625,-0.2685546875,2.490234375,-0.1220703125,7.421875,0.18310546875,-0.7080078125,0.0244140625,-1.46484375,-0.13427734375,-1.01318359375,-0.13427734375,0.4150390625,-0.10986328125,0.37841796875,-0.048828125,0.03662109375,-0.0732421875,0.03662109375,0.1708984375,0.1708984375,-0.1220703125,0.01220703125,-0.03662109375,0.8544921875,0.0244140625,-0.4638671875,0.0732421875,-0.5126953125
1,-0.1708984375,-0.3173828125,0.06103515625,-0.32958984375,0.10986328125,-0.3662109375,0,-0.0244140625,-0.15869140625,-0.0732421875,0.25634765625,-0.86669921875,-0.0732421875,1.123046875,-0.50048828125,-0.2197265625,-0.09765625,-0.69580078125,-0.10986328125,-0.23193359375,-0.15869140625,0.76904296875,-0.2685546875,-0.7568359375,0.2685546875,-0.1220703125,0.0244140625,-0.830078125,-0.08544921875,0.86669921875,0.18310546875,0.2197265625,-0.86669921875,-0.28076171875,0.57373046875,-0.89111328125,-0.23193359375,-0.4150390625,0,-0.7080078125,-0.1708984375,-0.1953125,0.1953125,-0.732421875,-0.59814453125,-0.3662109375,0.8544921875,0.74462890625,-0.13427734375,1.18408203125,-0.10986328125,0.4638671875,-0.341796875,-0.1708984375,-0.28076171875,0.74462890625,-0.1953125,3.6376953125,-0.10986328125,1.69677734375,0.2685546875,1.86767578125,0.341796875,2.03857421875,0.1708984375,0.244140625,0.3662109375,1.025390625,0,0.20751953125,0.09765625,0.18310546875,0.32958984375,0.29296875,-0.01220703125,0.87890625,-0.146484375,0.03662109375,-0.1953125,1.3427734375,-0.537109375,-0.96435546875,0.1220703125,-0.3662109375,0.01220703125,-0.98876953125,0.20751953125,-0.79345703125,0.048828125,-0.93994140625,-0.25634765625,-0.28076171875,0.3173828125,-0.3173828125,-0.23193359375,-1.18408203125,-0.08544921875,3.35693359375,-0.50048828125,3.28369140625,-0.09765625,2.30712890625,-0.06103515625,6.89697265625,0.25634765625,-0.72021484375,-0.0244140625,-1.46484375,-0.048828125,-1.03759765625,-0.1708984375,0.4150390625,-0.09765625,0.40283203125,-0.03662109375,0.03662109375,-0.0732421875,0.03662109375,0.13427734375,0.18310546875,-0.146484375,-0.0244140625,0,0.8544921875,0.0732421875,-0.48828125,0.06103515625,-0.52490234375
1,-0.1708984375,-0.32958984375,0.06103515625,-0.35400390625,0.146484375,-0.37841796875,0.0244140625,-0.06103515625,-0.146484375,-0.048828125,0.25634765625,-0.8544921875,-0.0732421875,1.123046875,-0.52490234375,-0.23193359375,-0.10986328125,-0.67138671875,-0.146484375,-0.25634765625,-0.1953125,0.79345703125,-0.37841796875,-0.7568359375,0.30517578125,-0.146484375,0,-0.830078125,-0.06103515625,0.89111328125,0.10986328125,0.20751953125,-0.72021484375,-0.244140625,0.57373046875,-0.89111328125,-0.1953125,-0.42724609375,-0.01220703125,-0.732421875,-0.01220703125,-0.244140625,0.2197265625,-0.7568359375,-0.54931640625,-0.3173828125,0.830078125,0.74462890625,-0.06103515625,1.15966796875,-0.13427734375,0.47607421875,-0.29296875,-0.15869140625,-0.244140625,0.74462890625,-0.23193359375,2.9052734375,-0.13427734375,1.37939453125,0.30517578125,1.611328125,0.28076171875,1.57470703125,0.18310546875,0.28076171875,0.35400390625,1.0498046875,0.03662109375,0.20751953125,0.09765625,0.23193359375,0.341796875,0.32958984375,-0.08544921875,0.89111328125,-0.146484375,0.01220703125,-0.1953125,1.3427734375,-0.45166015625,-0.9521484375,0.1953125,-0.3662109375,-0.01220703125,-0.98876953125,0.28076171875,-0.79345703125,0.0244140625,-0.93994140625,-0.1220703125,-0.28076171875,0.40283203125,-0.3173828125,-0.1953125,-1.220703125,-0.0732421875,3.11279296875,-0.5126953125,3.06396484375,0.0244140625,2.13623046875,-0.1220703125,6.4453125,0.29296875,-0.72021484375,-0.048828125,-1.46484375,0.01220703125,-1.06201171875,-0.1708984375,0.4150390625,-0.1220703125,0.390625,-0.01220703125,0.03662109375,-0.06103515625,0.03662109375,0.10986328125,0.1953125,-0.146484375,-0.0244140625,0,0.8544921875,0.08544921875,-0.47607421875,0.08544921875,-0.52490234375
1,-0.1708984375,-0.3173828125,0.06103515625,-0.37841796875,0.1220703125,-0.37841796875,0.01220703125,-0.0732421875,-0.13427734375,-0.0244140625,0.244140625,-0.86669921875,-0.0732421875,1.123046875,-0.5126953125,-0.23193359375,-0.1220703125,-0.68359375,-0.1220703125,-0.244140625,-0.244140625,0.81787109375,-0.4150390625,-0.76904296875,0.2685546875,-0.1953125,0,-0.81787109375,-0.048828125,0.9033203125,0.048828125,0.2197265625,-0.5615234375,-0.2685546875,0.57373046875,-0.9033203125,-0.1220703125,-0.45166015625,-0.01220703125,-0.7568359375,0.09765625,-0.25634765625,0.2197265625,-0.7568359375,-0.45166015625,-0.3173828125,0.79345703125,0.732421875,0.0244140625,1.13525390625,-0.13427734375,0.48828125,-0.28076171875,-0.146484375,-0.23193359375,0.7568359375,-0.23193359375,2.1240234375,-0.18310546875,1.0009765625,0.3173828125,1.2939453125,0.244140625,1.06201171875,0.2197265625,0.30517578125,0.32958984375,1.0498046875,0.06103515625,0.2197265625,0.03662109375,0.25634765625,0.390625,0.32958984375,-0.13427734375,0.87890625,-0.1220703125,-0.0244140625,-0.15869140625,1.35498046875,-0.341796875,-0.93994140625,0.25634765625,-0.35400390625,-0.01220703125,-0.9765625,0.244140625,-0.79345703125,0.03662109375,-0.96435546875,0.01220703125,-0.25634765625,0.439453125,-0.28076171875,-0.09765625,-1.20849609375,-0.048828125,2.89306640625,-0.4638671875,2.84423828125,0.15869140625,1.98974609375,-0.1708984375,6.0546875,0.2685546875,-0.72021484375,-0.0732421875,-1.47705078125,0.06103515625,-1.06201171875,-0.20751953125,0.40283203125,-0.1220703125,0.37841796875,0.0244140625,0.0244140625,-0.06103515625,0.0244140625,0.09765625,0.18310546875,-0.15869140625,-0.0244140625,0.01220703125,0.89111328125,0.0732421875,-0.48828125,0.0732421875,-0.5126953125
1,-0.15869140625,-0.341796875,0.0732421875,-0.390625,0.1220703125,-0.390625,0.0244140625,-0.08544921875,-0.13427734375,-0.01220703125,0.25634765625,-0.86669921875,-0.08544921875,1.123046875,-0.52490234375,-0.244140625,-0.146484375,-0.69580078125,-0.08544921875,-0.244140625,-0.32958984375,0.81787109375,-0.3662109375,-0.76904296875,0.20751953125,-0.23193359375,-0.01220703125,-0.8056640625,-0.0732421875,0.9033203125,-0.06103515625,0.1953125,-0.3662109375,-0.28076171875,0.54931640625,-0.89111328125,-0.048828125,-0.47607421875,-0.03662109375,-0.7568359375,0.23193359375,-0.25634765625,0.2197265625,-0.732421875,-0.3173828125,-0.2685546875,0.7568359375,0.74462890625,0.06103515625,1.123046875,-0.09765625,0.5126953125,-0.244140625,-0.146484375,-0.1953125,0.7568359375,-0.390625,1.30615234375,-0.341796875,0.62255859375,0.244140625,0.96435546875,0.146484375,0.48828125,0.244140625,0.341796875,0.25634765625,1.06201171875,0.0732421875,0.23193359375,0.01220703125,0.28076171875,0.3662109375,0.32958984375,-0.1708984375,0.87890625,-0.0732421875,-0.03662109375,-0.15869140625,1.37939453125,-0.29296875,-0.96435546875,0.3173828125,-0.3662109375,-0.01220703125,-0.9765625,0.13427734375,-0.79345703125,0.06103515625,-0.98876953125,0.09765625,-0.25634765625,0.40283203125,-0.29296875,0.03662109375,-1.20849609375,-0.0732421875,2.69775390625,-0.37841796875,2.685546875,0.20751953125,1.8310546875,-0.13427734375,5.77392578125,0.1708984375,-0.7080078125,-0.08544921875,-1.46484375,0.1220703125,-1.06201171875,-0.1953125,0.40283203125,-0.09765625,0.3662109375,0.01220703125,0.01220703125,-0.048828125,0.01220703125,0.0732421875,0.1708984375,-0.15869140625,-0.0244140625,0.03662109375,0.86669921875,0.06103515625,-0.48828125,0.06103515625,-0.52490234375
0,-0.15869140625,-0.35400390625,0.06103515625,-0.390625,0.13427734375,-0.4150390625,0.03662109375,-0.09765625,-0.10986328125,-0.0244140625,0.28076171875,-0.86669921875,-0.08544921875,1.0986328125,-0.50048828125,-0.244140625,-0.1953125,-0.72021484375,-0.0244140625,-0.244140625,-0.42724609375,0.79345703125,-0.20751953125,-0.79345703125,0.0732421875,-0.25634765625,0,-0.79345703125,-0.1220703125,0.89111328125,-0.20751953125,0.2197265625,-0.18310546875,-0.2685546875,0.537109375,-0.87890625,-0.0244140625,-0.48828125,-0.0732421875,-0.76904296875,0.341796875,-0.2685546875,0.18310546875,-0.72021484375,-0.1953125,-0.244140625,0.74462890625,0.74462890625,0.10986328125,1.0986328125,-0.048828125,0.5126953125,-0.28076171875,-0.146484375,-0.13427734375,0.74462890625,-0.40283203125,0.48828125,-0.341796875,0.2197265625,0.25634765625,0.59814453125,0.1953125,-0.09765625,0.23193359375,0.341796875,0.18310546875,1.0498046875,0.0732421875,0.2197265625,-0.06103515625,0.28076171875,0.3173828125,0.30517578125,-0.20751953125,0.87890625,-0.01220703125,-0.0244140625,-0.18310546875,1.3916015625,-0.244140625,-0.96435546875,0.32958984375,-0.3662109375,-0.03662109375,-0.98876953125,-0.01220703125,-0.78125,0.09765625,-1.0498046875,0.13427734375,-0.29296875,0.3662109375,-0.28076171875,0.1708984375,-1.220703125,-0.146484375,2.490234375,-0.244140625,2.47802734375,0.2197265625,1.69677734375,-0.1220703125,5.517578125,0.0732421875,-0.72021484375,-0.10986328125,-1.46484375,0.146484375,-1.0498046875,-0.18310546875,0.37841796875,-0.0732421875,0.35400390625,0.01220703125,0.0244140625,-0.0732421875,-0.01220703125,0.06103515625,0.18310546875,-0.1708984375,-0.01220703125,0,0.8544921875,0.0244140625,-0.50048828125,0.06103515625,-0.52490234375
0,-0.146484375,-0.341796875,0.048828125,-0.37841796875,0.13427734375,-0.4150390625,0.048828125,-0.08544921875,-0.09765625,-0.01220703125,0.30517578125,-0.86669921875,-0.06103515625,1.08642578125,-0.45166015625,-0.244140625,-0.20751953125,-0.72021484375,0.0732421875,-0.23193359375,-0.4150390625,0.78125,-0.048828125,-0.78125,-0.09765625,-0.2685546875,-0.03662109375,-0.78125,-0.18310546875,0.89111328125,-0.28076171875,0.2197265625,-0.0732421875,-0.2685546875,0.537109375,-0.87890625,-0.0244140625,-0.48828125,-0.1220703125,-0.79345703125,0.35400390625,-0.25634765625,0.244140625,-0.72021484375,-0.0732421875,-0.2685546875,0.68359375,0.72021484375,0.09765625,1.08642578125,-0.0732421875,0.50048828125,-0.3173828125,-0.15869140625,-0.10986328125,0.732421875,-0.37841796875,-0.3173828125,-0.30517578125,-0.1220703125,0.1708984375,0.2197265625,0.146484375,-0.6591796875,0.1953125,0.35400390625,0.1220703125,1.025390625,0.09765625,0.2197265625,-0.10986328125,0.2685546875,0.29296875,0.30517578125,-0.25634765625,0.86669921875,0.0732421875,-0.01220703125,-0.1953125,1.3671875,-0.2197265625,-1.0009765625,0.3173828125,-0.3662109375,-0.06103515625,-1.0009765625,-0.18310546875,-0.8056640625,0.1220703125,-1.11083984375,0.09765625,-0.28076171875,0.2685546875,-0.2685546875,0.29296875,-1.20849609375,-0.18310546875,2.3193359375,-0.15869140625,2.30712890625,0.15869140625,1.55029296875,-0.09765625,5.322265625,-0.01220703125,-0.732421875,-0.10986328125,-1.45263671875,0.08544921875,-1.0498046875,-0.15869140625,0.37841796875,-0.0732421875,0.341796875,-0.0244140625,0.0244140625,-0.06103515625,-0.0244140625,0.01220703125,0.1708984375,-0.15869140625,-0.01220703125,-0.01220703125,0.84228515625,0.01220703125,-0.5126953125,0.048828125,-0.54931640625
0,-0.15869140625,-0.341796875,0.048828125,-0.35400390625,0.146484375,-0.390625,0.048828125,-0.0732421875,-0.0732421875,-0.03662109375,0.3173828125,-0.86669921875,-0.048828125,1.08642578125,-0.40283203125,-0.23193359375,-0.1953125,-0.7080078125,0.13427734375,-0.20751953125,-0.3662109375,0.79345703125,0.09765625,-0.78125,-0.23193359375,-0.244140625,-0.09765625,-0.78125,-0.28076171875,0.87890625,-0.35400390625,0.20751953125,-0.03662109375,-0.341796875,0.52490234375,-0.87890625,-0.0732421875,-0.4638671875,-0.15869140625,-0.78125,0.25634765625,-0.23193359375,0.35400390625,-0.67138671875,0.048828125,-0.3173828125,0.64697265625,0.732421875,0.0732421875,1.0986328125,0.08544921875,0.50048828125,-0.341796875,-0.1708984375,-0.0244140625,0.7568359375,-0.439453125,-0.9521484375,-0.25634765625,-0.37841796875,0.1708984375,-0.08544921875,0.13427734375,-1.08642578125,0.1708984375,0.32958984375,0.048828125,1.01318359375,0.06103515625,0.244140625,-0.15869140625,0.244140625,0.2197265625,0.2685546875,-0.244140625,0.87890625,0.10986328125,0.0244140625,-0.23193359375,1.3427734375,-0.244140625,-1.0009765625,0.28076171875,-0.3662109375,-0.0732421875,-0.9765625,-0.30517578125,-0.78125,0.13427734375,-1.1474609375,0.048828125,-0.29296875,0.1953125,-0.28076171875,0.390625,-1.20849609375,-0.18310546875,2.16064453125,-0.08544921875,2.16064453125,0.0732421875,1.4404296875,0.0244140625,5.06591796875,-0.01220703125,-0.732421875,-0.146484375,-1.46484375,0.01220703125,-1.06201171875,-0.146484375,0.35400390625,-0.048828125,0.32958984375,-0.03662109375,0.0244140625,-0.0732421875,-0.03662109375,0.03662109375,0.1708984375,-0.15869140625,-0.03662109375,-0.0244140625,0.830078125,-0.03662109375,-0.50048828125,0.03662109375,-0.5615234375
0,-0.18310546875,-0.3662109375,0.06103515625,-0.35400390625,0.10986328125,-0.40283203125,0.03662109375,-0.0732421875,-0.0732421875,-0.03662109375,0.32958984375,-0.87890625,-0.03662109375,1.06201171875,-0.37841796875,-0.2197265625,-0.1953125,-0.72021484375,0.1708984375,-0.2197265625,-0.28076171875,0.79345703125,0.20751953125,-0.81787109375,-0.3173828125,-0.20751953125,-0.15869140625,-0.76904296875,-0.341796875,0.86669921875,-0.35400390625,0.2197265625,-0.15869140625,-0.390625,0.52490234375,-0.87890625,-0.10986328125,-0.4638671875,-0.1708984375,-0.76904296875,0.10986328125,-0.20751953125,0.341796875,-0.62255859375,0.09765625,-0.3662109375,0.67138671875,0.76904296875,0.06103515625,1.123046875,0.09765625,0.45166015625,-0.37841796875,-0.1953125,0.10986328125,0.72021484375,-0.47607421875,-1.37939453125,-0.23193359375,-0.54931640625,0.0732421875,-0.29296875,0.06103515625,-1.3671875,0.1708984375,0.30517578125,-0.01220703125,1.0009765625,0.048828125,0.2197265625,-0.15869140625,0.2197265625,0.20751953125,0.244140625,-0.2685546875,0.87890625,0.15869140625,0.03662109375,-0.20751953125,1.3427734375,-0.29296875,-1.025390625,0.244140625,-0.37841796875,-0.146484375,-1.0009765625,-0.30517578125,-0.78125,0.13427734375,-1.15966796875,-0.048828125,-0.244140625,0.2197265625,-0.29296875,0.40283203125,-1.18408203125,-0.18310546875,1.953125,-0.0244140625,1.9775390625,-0.01220703125,1.26953125,0.13427734375,4.72412109375,-0.03662109375,-0.7080078125,-0.18310546875,-1.45263671875,-0.08544921875,-1.0498046875,-0.13427734375,0.35400390625,-0.0244140625,0.3662109375,-0.048828125,0.0244140625,-0.0732421875,-0.048828125,0.03662109375,0.15869140625,-0.146484375,-0.0244140625,-0.03662109375,0.81787109375,-0.06103515625,-0.48828125,0.03662109375,-0.57373046875
0,-0.18310546875,-0.3662109375,0.048828125,-0.3173828125,0.09765625,-0.390625,0.03662109375,-0.0732421875,-0.1220703125,-0.048828125,0.35400390625,-0.9033203125,-0.03662109375,1.06201171875,-0.35400390625,-0.2197265625,-0.15869140625,-0.72021484375,0.18310546875,-0.20751953125,-0.146484375,0.81787109375,0.1953125,-0.8056640625,-0.3173828125,-0.146484375,-0.20751953125,-0.8056640625,-0.40283203125,0.86669921875,-0.30517578125,0.23193359375,-0.40283203125,-0.37841796875,0.57373046875,-0.87890625,-0.1953125,-0.47607421875,-0.15869140625,-0.76904296875,-0.13427734375,-0.1708984375,0.32958984375,-0.5859375,0.048828125,-0.4150390625,0.7080078125,0.78125,0.0732421875,1.15966796875,0.1953125,0.45166015625,-0.4150390625,-0.1953125,0.25634765625,0.7080078125,-0.4638671875,-1.52587890625,-0.20751953125,-0.54931640625,0.048828125,-0.40283203125,-0.0244140625,-1.42822265625,0.146484375,0.30517578125,-0.0732421875,0.9765625,0.0244140625,0.2197265625,-0.146484375,0.20751953125,0.1220703125,0.2685546875,-0.2685546875,0.86669921875,0.15869140625,0.048828125,-0.1953125,1.33056640625,-0.390625,-1.025390625,0.1708984375,-0.3662109375,-0.244140625,-1.01318359375,-0.2685546875,-0.78125,0.09765625,-1.171875,-0.146484375,-0.23193359375,0.1953125,-0.3173828125,0.25634765625,-1.1962890625,-0.13427734375,1.708984375,-0.0244140625,1.7578125,-0.09765625,1.08642578125,0.08544921875,4.21142578125,-0.03662109375,-0.7080078125,-0.20751953125,-1.46484375,-0.1708984375,-1.0498046875,-0.09765625,0.3662109375,-0.01220703125,0.37841796875,-0.0732421875,0.03662109375,-0.048828125,-0.06103515625,0.048828125,0.146484375,-0.146484375,-0.0244140625,-0.06103515625,0.79345703125,-0.0732421875,-0.47607421875,-0.01220703125,-0.57373046875
0,-0.15869140625,-0.35400390625,0.048828125,-0.3173828125,0.10986328125,-0.390625,0.0244140625,-0.06103515625,-0.1220703125,-0.0732421875,0.390625,-0.89111328125,-0.03662109375,1.07421875,-0.32958984375,-0.2197265625,-0.10986328125,-0.7080078125,0.1708984375,-0.2197265625,-0.048828125,0.78125,0.13427734375,-0.78125,-0.30517578125,-0.09765625,-0.20751953125,-0.79345703125,-0.439453125,0.8544921875,-0.20751953125,0.2197265625,-0.634765625,-0.3662109375,0.57373046875,-0.89111328125,-0.244140625,-0.4638671875,-0.146484375,-0.7568359375,-0.28076171875,-0.15869140625,0.25634765625,-0.5859375,-0.0244140625,-0.42724609375,0.732421875,0.8056640625,0.0732421875,1.18408203125,0.23193359375,0.439453125,-0.4638671875,-0.20751953125,0.341796875,0.732421875,-0.47607421875,-1.416015625,-0.1708984375,-0.45166015625,-0.0244140625,-0.35400390625,-0.08544921875,-1.2939453125,0.10986328125,0.28076171875,-0.1708984375,1.01318359375,-0.01220703125,0.20751953125,-0.1220703125,0.20751953125,0.048828125,0.244140625,-0.23193359375,0.9033203125,0.15869140625,0.06103515625,-0.146484375,1.318359375,-0.4638671875,-1.025390625,0.10986328125,-0.35400390625,-0.341796875,-1.0009765625,-0.18310546875,-0.78125,0.06103515625,-1.18408203125,-0.2197265625,-0.244140625,0.20751953125,-0.32958984375,0.0732421875,-1.18408203125,0,1.416015625,0,1.46484375,-0.146484375,0.84228515625,0.18310546875,3.5400390625,0.01220703125,-0.7080078125,-0.244140625,-1.46484375,-0.20751953125,-1.06201171875,-0.09765625,0.35400390625,0.01220703125,0.35400390625,-0.08544921875,0.0244140625,-0.06103515625,-0.0732421875,0.0244140625,0.13427734375,-0.1708984375,-0.0244140625,-0.03662109375,0.79345703125,-0.06103515625,-0.47607421875,-0.03662109375,-0.59814453125
0,-0.15869140625,-0.35400390625,0.0244140625,-0.30517578125,0.09765625,-0.390625,0.01220703125,-0.03662109375,-0.146484375,-0.0732421875,0.390625,-0.87890625,-0.01220703125,1.07421875,-0.28076171875,-0.20751953125,-0.06103515625,-0.72021484375,0.146484375,-0.23193359375,0.0244140625,0.76904296875,0.08544921875,-0.76904296875,-0.244140625,-0.0244140625,-0.20751953125,-0.81787109375,-0.40283203125,0.84228515625,-0.09765625,0.2197265625,-0.86669921875,-0.32958984375,0.54931640625,-0.9033203125,-0.25634765625,-0.45166015625,-0.146484375,-0.74462890625,-0.390625,-0.15869140625,0.1708984375,-0.6103515625,-0.13427734375,-0.439453125,0.7080078125,0.8544921875,0.0244140625,1.18408203125,0.28076171875,0.439453125,-0.50048828125,-0.20751953125,0.4150390625,0.732421875,-0.4638671875,-1.07421875,-0.0732421875,-0.2197265625,-0.0244140625,-0.18310546875,-0.0732421875,-0.9521484375,0.048828125,0.2685546875,-0.20751953125,1.0009765625,-0.0244140625,0.18310546875,-0.09765625,0.18310546875,-0.0244140625,0.23193359375,-0.20751953125,0.89111328125,0.146484375,0.0244140625,-0.09765625,1.318359375,-0.52490234375,-1.0009765625,0.01220703125,-0.35400390625,-0.390625,-0.9765625,-0.09765625,-0.79345703125,0,-1.171875,-0.2197265625,-0.1953125,0.2197265625,-0.341796875,-0.10986328125,-1.1962890625,0.048828125,1.06201171875,-0.0244140625,1.1474609375,-0.2197265625,0.52490234375,0.15869140625,2.734375,0.048828125,-0.7080078125,-0.244140625,-1.47705078125,-0.25634765625,-1.07421875,-0.10986328125,0.3662109375,0.01220703125,0.341796875,-0.08544921875,0.01220703125,-0.0732421875,-0.0732421875,-0.01220703125,0.146484375,-0.15869140625,-0.0244140625,-0.03662109375,0.78125,-0.03662109375,-0.48828125,-0.048828125,-0.59814453125
0,-0.15869140625,-0.32958984375,0.06103515625,-0.29296875,0.10986328125,-0.390625,0.01220703125,-0.03662109375,-0.13427734375,-0.048828125,0.37841796875,-0.87890625,-0.01220703125,1.08642578125,-0.244140625,-0.18310546875,-0.0244140625,-0.72021484375,0.13427734375,-0.23193359375,0.048828125,0.7568359375,0.03662109375,-0.76904296875,-0.20751953125,0.03662109375,-0.18310546875,-0.81787109375,-0.35400390625,0.8544921875,-0.01220703125,0.23193359375,-0.93994140625,-0.30517578125,0.45166015625,-0.89111328125,-0.23193359375,-0.4638671875,-0.13427734375,-0.732421875,-0.37841796875,-0.15869140625,0.0244140625,-0.634765625,-0.23193359375,-0.439453125,0.6591796875,0.830078125,-0.0732421875,1.1962890625,0.30517578125,0.42724609375,-0.54931640625,-0.18310546875,0.4150390625,0.74462890625,-0.40283203125,-0.5126953125,-0.03662109375,0.06103515625,-0.048828125,0.08544921875,-0.1220703125,-0.47607421875,0.03662109375,0.25634765625,-0.25634765625,1.03759765625,-0.06103515625,0.18310546875,-0.0244140625,0.15869140625,-0.13427734375,0.25634765625,-0.15869140625,0.89111328125,0.1220703125,0.01220703125,-0.03662109375,1.33056640625,-0.634765625,-1.0009765625,-0.048828125,-0.32958984375,-0.4150390625,-0.9765625,-0.0244140625,-0.78125,-0.08544921875,-1.171875,-0.20751953125,-0.20751953125,0.18310546875,-0.35400390625,-0.244140625,-1.1962890625,0.08544921875,0.67138671875,0,0.79345703125,-0.2197265625,0.1953125,0.18310546875,1.8798828125,0.048828125,-0.72021484375,-0.23193359375,-1.47705078125,-0.29296875,-1.07421875,-0.1708984375,0.37841796875,0.01220703125,0.35400390625,-0.09765625,0.01220703125,-0.0732421875,-0.08544921875,-0.048828125,0.146484375,-0.1708984375,-0.03662109375,-0.0244140625,0.76904296875,-0.03662109375,-0.48828125,-0.08544921875,-0.57373046875
0,-0.13427734375,-0.3173828125,0.048828125,-0.29296875,0.10986328125,-0.37841796875,-0.0244140625,-0.01220703125,-0.10986328125,-0.0244140625,0.3662109375,-0.86669921875,-0.0244140625,1.0986328125,-0.23193359375,-0.1708984375,-0.0244140625,-0.72021484375,0.13427734375,-0.244140625,0.0244140625,0.7568359375,0.0244140625,-0.7568359375,-0.13427734375,0.10986328125,-0.13427734375,-0.81787109375,-0.25634765625,0.86669921875,0.0244140625,0.2197265625,-0.91552734375,-0.2685546875,0.35400390625,-0.927734375,-0.1708984375,-0.42724609375,-0.08544921875,-0.732421875,-0.341796875,-0.1708984375,-0.15869140625,-0.68359375,-0.29296875,-0.4150390625,0.6103515625,0.81787109375,-0.1708984375,1.15966796875,0.45166015625,0.45166015625,-0.54931640625,-0.15869140625,0.390625,0.7568359375,-0.32958984375,0.10986328125,0.01220703125,0.3662109375,-0.048828125,0.40283203125,-0.10986328125,-0.0244140625,0.01220703125,0.244140625,-0.28076171875,1.01318359375,-0.09765625,0.1953125,-0.0244140625,0.15869140625,-0.20751953125,0.244140625,-0.146484375,0.91552734375,0.13427734375,-0.03662109375,0,1.33056640625,-0.67138671875,-0.98876953125,-0.0732421875,-0.3173828125,-0.390625,-0.96435546875,0,-0.78125,-0.18310546875,-1.15966796875,-0.18310546875,-0.1953125,0.146484375,-0.35400390625,-0.2685546875,-1.18408203125,0.08544921875,0.2685546875,0.048828125,0.4638671875,-0.18310546875,-0.1220703125,0.146484375,1.07421875,-0.01220703125,-0.74462890625,-0.244140625,-1.47705078125,-0.28076171875,-1.06201171875,-0.1953125,0.37841796875,-0.01220703125,0.35400390625,-0.08544921875,0.01220703125,-0.0732421875,-0.10986328125,-0.048828125,0.15869140625,-0.18310546875,-0.0244140625,-0.01220703125,0.76904296875,-0.0244140625,-0.48828125,-0.08544921875,-0.5615234375
0,-0.15869140625,-0.3173828125,0.03662109375,-0.30517578125,0.1220703125,-0.390625,-0.03662109375,-0.0244140625,-0.09765625,-0.0244140625,0.341796875,-0.8544921875,-0.03662109375,1.0986328125,-0.23193359375,-0.18310546875,-0.048828125,-0.7080078125,0.1220703125,-0.25634765625,-0.08544921875,0.7568359375,-0.01220703125,-0.76904296875,-0.08544921875,0.146484375,-0.048828125,-0.81787109375,-0.146484375,0.86669921875,0.0244140625,0.23193359375,-0.7568359375,-0.23193359375,0.244140625,-0.93994140625,-0.08544921875,-0.42724609375,-0.06103515625,-0.732421875,-0.30517578125,-0.1953125,-0.25634765625,-0.72021484375,-0.3173828125,-0.390625,0.45166015625,0.81787109375,-0.2197265625,1.15966796875,0.439453125,0.45166015625,-0.5615234375,-0.146484375,0.3662109375,0.74462890625,-0.30517578125,0.68359375,0.0244140625,0.64697265625,0.0244140625,0.69580078125,-0.048828125,0.40283203125,-0.01220703125,0.25634765625,-0.29296875,1.03759765625,-0.0732421875,0.18310546875,0,0.15869140625,-0.30517578125,0.2685546875,-0.10986328125,0.87890625,0.10986328125,-0.048828125,0.03662109375,1.318359375,-0.7568359375,-0.9765625,-0.06103515625,-0.30517578125,-0.30517578125,-0.96435546875,-0.0244140625,-0.79345703125,-0.28076171875,-1.15966796875,-0.1708984375,-0.18310546875,0.0732421875,-0.32958984375,-0.23193359375,-1.171875,-0.0244140625,-0.048828125,0.048828125,0.146484375,-0.18310546875,-0.390625,0.0732421875,0.45166015625,-0.06103515625,-0.74462890625,-0.2197265625,-1.47705078125,-0.25634765625,-1.06201171875,-0.23193359375,0.40283203125,-0.03662109375,0.341796875,-0.0732421875,0.0244140625,-0.0732421875,-0.1220703125,-0.08544921875,0.15869140625,-0.1953125,-0.0244140625,0.01220703125,0.78125,-0.0244140625,-0.50048828125,-0.048828125,-0.54931640625
0,-0.15869140625,-0.30517578125,0.048828125,-0.3173828125,0.1220703125,-0.40283203125,-0.048828125,-0.03662109375,-0.08544921875,-0.01220703125,0.35400390625,-0.84228515625,-0.01220703125,1.11083984375,-0.244140625,-0.20751953125,-0.09765625,-0.7080078125,0.13427734375,-0.2685546875,-0.1708984375,0.76904296875,-0.06103515625,-0.7568359375,-0.0244140625,0.1953125,0.08544921875,-0.79345703125,-0.06103515625,0.8544921875,-0.01220703125,0.2197265625,-0.57373046875,-0.20751953125,0.1708984375,-0.91552734375,0,-0.439453125,-0.048828125,-0.7568359375,-0.2197265625,-0.1953125,-0.2197265625,-0.7568359375,-0.2685546875,-0.3662109375,0.40283203125,0.79345703125,-0.23193359375,1.123046875,0.48828125,0.47607421875,-0.537109375,-0.13427734375,0.25634765625,0.732421875,-0.1708984375,1.07421875,0.0732421875,0.84228515625,0.08544921875,0.927734375,0,0.69580078125,-0.048828125,0.23193359375,-0.28076171875,1.0498046875,-0.06103515625,0.18310546875,-0.01220703125,0.146484375,-0.35400390625,0.2685546875,-0.06103515625,0.89111328125,0.13427734375,-0.06103515625,0.0732421875,1.318359375,-0.78125,-0.96435546875,-0.0244140625,-0.341796875,-0.18310546875,-0.9521484375,-0.06103515625,-0.79345703125,-0.35400390625,-1.20849609375,-0.146484375,-0.20751953125,-0.048828125,-0.30517578125,-0.1708984375,-1.1962890625,-0.08544921875,-0.2197265625,0.08544921875,0.01220703125,-0.146484375,-0.5126953125,0.09765625,0.13427734375,-0.08544921875,-0.78125,-0.20751953125,-1.45263671875,-0.23193359375,-1.07421875,-0.244140625,0.37841796875,-0.048828125,0.341796875,-0.048828125,0.0244140625,-0.0732421875,-0.1220703125,-0.0732421875,0.18310546875,-0.18310546875,-0.03662109375,0.01220703125,0.79345703125,-0.03662109375,-0.50048828125,-0.06103515625,-0.54931640625
0,-0.1708984375,-0.29296875,0.0732421875,-0.32958984375,0.10986328125,-0.37841796875,-0.06103515625,-0.048828125,-0.0732421875,0,0.32958984375,-0.830078125,-0.0244140625,1.0986328125,-0.30517578125,-0.1953125,-0.146484375,-0.67138671875,0.10986328125,-0.28076171875,-0.3173828125,0.79345703125,-0.09765625,-0.7568359375,0.0244140625,0.2197265625,0.15869140625,-0.79345703125,0.01220703125,0.86669921875,-0.0244140625,0.2197265625,-0.390625,-0.2197265625,0.09765625,-0.91552734375,0.06103515625,-0.439453125,-0.0732421875,-0.74462890625,-0.1708984375,-0.2197265625,-0.15869140625,-0.74462890625,-0.2197265625,-0.30517578125,0.2685546875,0.74462890625,-0.2197265625,1.0986328125,0.4150390625,0.4638671875,-0.54931640625,-0.1220703125,0.15869140625,0.732421875,-0.2685546875,1.25732421875,-0.06103515625,0.89111328125,0.08544921875,1.08642578125,-0.08544921875,0.830078125,-0.09765625,0.23193359375,-0.23193359375,1.0498046875,-0.01220703125,0.1953125,-0.048828125,0.18310546875,-0.341796875,0.28076171875,-0.01220703125,0.9033203125,0.1220703125,-0.06103515625,0.0732421875,1.33056640625,-0.79345703125,-0.96435546875,0.0244140625,-0.35400390625,-0.08544921875,-0.9765625,-0.09765625,-0.76904296875,-0.35400390625,-1.23291015625,-0.1220703125,-0.23193359375,-0.15869140625,-0.30517578125,-0.01220703125,-1.18408203125,-0.15869140625,-0.23193359375,0.08544921875,0.06103515625,-0.09765625,-0.52490234375,0.01220703125,0.244140625,-0.0732421875,-0.76904296875,-0.18310546875,-1.45263671875,-0.18310546875,-1.06201171875,-0.2197265625,0.390625,-0.03662109375,0.341796875,-0.0244140625,0.0244140625,-0.0732421875,-0.13427734375,-0.0244140625,0.18310546875,-0.18310546875,-0.0244140625,0.01220703125,0.79345703125,-0.0244140625,-0.52490234375,-0.03662109375,-0.54931640625
0,-0.146484375,-0.30517578125,0.048828125,-0.35400390625,0.10986328125,-0.390625,-0.0732421875,-0.06103515625,-0.09765625,0.0244140625,0.3173828125,-0.84228515625,-0.01220703125,1.123046875,-0.35400390625,-0.23193359375,-0.1953125,-0.69580078125,0.0732421875,-0.25634765625,-0.4150390625,0.8056640625,-0.09765625,-0.7568359375,0.0244140625,0.2685546875,0.23193359375,-0.81787109375,0.03662109375,0.86669921875,-0.0244140625,0.2197265625,-0.2685546875,-0.20751953125,0.0732421875,-0.9033203125,0.15869140625,-0.439453125,-0.08544921875,-0.7568359375,-0.10986328125,-0.20751953125,-0.06103515625,-0.74462890625,-0.15869140625,-0.28076171875,0.3173828125,0.72021484375,-0.146484375,1.07421875,0.3173828125,0.48828125,-0.537109375,-0.10986328125,0.06103515625,0.72021484375,-0.2197265625,1.20849609375,-0.0244140625,0.87890625,0.1953125,1.11083984375,-0.048828125,0.76904296875,-0.13427734375,0.244140625,-0.2197265625,1.03759765625,0.0244140625,0.20751953125,-0.09765625,0.1708984375,-0.3173828125,0.29296875,0,0.89111328125,0.10986328125,-0.048828125,0.048828125,1.318359375,-0.74462890625,-0.96435546875,0.08544921875,-0.32958984375,0.0244140625,-0.96435546875,-0.08544921875,-0.7568359375,-0.32958984375,-1.25732421875,-0.1220703125,-0.244140625,-0.18310546875,-0.29296875,0.09765625,-1.1962890625,-0.23193359375,0,0.0244140625,0.3173828125,-0.13427734375,-0.30517578125,0.0732421875,0.84228515625,-0.03662109375,-0.74462890625,-0.1708984375,-1.47705078125,-0.15869140625,-1.06201171875,-0.15869140625,0.37841796875,-0.01220703125,0.341796875,0,0.01220703125,-0.08544921875,-0.09765625,-0.01220703125,0.15869140625,-0.1708984375,-0.01220703125,0.01220703125,0.78125,-0.03662109375,-0.5126953125,-0.03662109375,-0.5615234375
1,-0.146484375,-0.32958984375,0.048828125,-0.3662109375,0.13427734375,-0.390625,-0.0732421875,-0.0732421875,-0.10986328125,0.01220703125,0.30517578125,-0.84228515625,-0.01220703125,1.11083984375,-0.40283203125,-0.25634765625,-0.18310546875,-0.69580078125,0.06103515625,-0.244140625,-0.4150390625,0.81787109375,-0.10986328125,-0.7568359375,0.01220703125,0.2685546875,0.25634765625,-0.8056640625,0.03662109375,0.87890625,0.01220703125,0.23193359375,-0.244140625,-0.244140625,0.1220703125,-0.9033203125,0.1708984375,-0.439453125,-0.09765625,-0.78125,-0.06103515625,-0.23193359375,0.01220703125,-0.7080078125,-0.13427734375,-0.3173828125,0.29296875,0.68359375,-0.0732421875,1.08642578125,0.23193359375,0.45166015625,-0.634765625,-0.1220703125,-0.048828125,0.732421875,-0.1220703125,0.96435546875,0.01220703125,0.78125,0.25634765625,1.03759765625,-0.01220703125,0.59814453125,-0.1220703125,0.25634765625,-0.1953125,1.06201171875,0.06103515625,0.2197265625,-0.13427734375,0.1708984375,-0.2685546875,0.30517578125,0.08544921875,0.89111328125,0.1220703125,-0.03662109375,0.0244140625,1.318359375,-0.634765625,-0.96435546875,0.13427734375,-0.3173828125,0.01220703125,-0.9765625,-0.0732421875,-0.74462890625,-0.20751953125,-1.318359375,-0.15869140625,-0.244140625,-0.146484375,-0.29296875,0.13427734375,-1.20849609375,-0.2197265625,0.50048828125,-0.01220703125,0.81787109375,-0.13427734375,0.10986328125,0.23193359375,1.9287109375,0.01220703125,-0.69580078125,-0.1953125,-1.47705078125,-0.10986328125,-1.08642578125,-0.10986328125,0.37841796875,0.0244140625,0.3173828125,0.01220703125,0.01220703125,-0.06103515625,-0.09765625,0.0244140625,0.146484375,-0.1220703125,0,0,0.7568359375,-0.0244140625,-0.50048828125,-0.0244140625,-0.5615234375
1,-0.13427734375,-0.3173828125,0.0244140625,-0.37841796875,0.15869140625,-0.390625,-0.08544921875,-0.09765625,-0.15869140625,0.01220703125,0.29296875,-0.87890625,0.0244140625,1.11083984375,-0.42724609375,-0.244140625,-0.18310546875,-0.7080078125,0.0244140625,-0.25634765625,-0.341796875,0.81787109375,-0.10986328125,-0.76904296875,0.01220703125,0.2685546875,0.1953125,-0.81787109375,-0.01220703125,0.86669921875,0.03662109375,0.2197265625,-0.35400390625,-0.32958984375,0.1953125,-0.87890625,0.13427734375,-0.45166015625,-0.08544921875,-0.78125,-0.06103515625,-0.2197265625,0.10986328125,-0.68359375,-0.08544921875,-0.40283203125,0.29296875,0.6591796875,-0.03662109375,1.11083984375,0.20751953125,0.45166015625,-0.7568359375,-0.10986328125,-0.08544921875,0.72021484375,-0.28076171875,0.634765625,-0.08544921875,0.634765625,0.23193359375,0.93994140625,-0.08544921875,0.37841796875,-0.10986328125,0.25634765625,-0.146484375,1.0498046875,0.048828125,0.244140625,-0.146484375,0.1953125,-0.25634765625,0.30517578125,0.1220703125,0.87890625,0.09765625,0,-0.01220703125,1.33056640625,-0.50048828125,-0.96435546875,0.13427734375,-0.341796875,-0.0244140625,-1.0009765625,-0.01220703125,-0.7568359375,-0.08544921875,-1.35498046875,-0.1708984375,-0.2685546875,-0.01220703125,-0.30517578125,0.13427734375,-1.20849609375,-0.18310546875,1.20849609375,-0.06103515625,1.513671875,-0.1220703125,0.69580078125,0.20751953125,3.40576171875,0.06103515625,-0.634765625,-0.25634765625,-1.47705078125,-0.1220703125,-1.08642578125,-0.048828125,0.37841796875,0.0244140625,0.30517578125,0,0.03662109375,-0.06103515625,-0.08544921875,0.0244140625,0.146484375,-0.13427734375,-0.0244140625,0.01220703125,0.732421875,0,-0.50048828125,-0.01220703125,-0.5615234375
1,-0.10986328125,-0.3173828125,0,-0.35400390625,0.146484375,-0.3662109375,-0.08544921875,-0.0732421875,-0.15869140625,0.01220703125,0.2685546875,-0.91552734375,0.048828125,1.0986328125,-0.5126953125,-0.2685546875,-0.146484375,-0.72021484375,0,-0.244140625,-0.2197265625,0.81787109375,-0.10986328125,-0.78125,0.03662109375,0.244140625,0.10986328125,-0.81787109375,-0.0732421875,0.8544921875,0.06103515625,0.2197265625,-0.4638671875,-0.32958984375,0.29296875,-0.87890625,0.0732421875,-0.4638671875,-0.08544921875,-0.79345703125,-0.0244140625,-0.1953125,0.23193359375,-0.634765625,-0.03662109375,-0.390625,0.244140625,0.64697265625,-0.01220703125,1.1474609375,0.146484375,0.439453125,-0.8544921875,-0.1220703125,-0.146484375,0.72021484375,-0.30517578125,0.30517578125,-0.0244140625,0.50048828125,0.32958984375,0.84228515625,0.048828125,0.18310546875,-0.048828125,0.244140625,-0.048828125,1.0498046875,0.06103515625,0.23193359375,-0.10986328125,0.18310546875,-0.2685546875,0.30517578125,0.15869140625,0.84228515625,0.09765625,0.0244140625,-0.03662109375,1.33056640625,-0.390625,-1.0009765625,0.146484375,-0.32958984375,-0.13427734375,-1.01318359375,0.06103515625,-0.7568359375,0,-1.40380859375,-0.18310546875,-0.28076171875,0.1953125,-0.30517578125,0.09765625,-1.20849609375,-0.244140625,2.11181640625,-0.1220703125,2.3681640625,-0.15869140625,1.42822265625,0.146484375,5.13916015625,0.10986328125,-0.5615234375,-0.32958984375,-1.45263671875,-0.146484375,-1.0986328125,0,0.37841796875,0.03662109375,0.3173828125,0,0.0244140625,-0.0732421875,-0.06103515625,0.048828125,0.146484375,-0.13427734375,-0.048828125,0.01220703125,0.74462890625,0,-0.48828125,-0.0244140625,-0.54931640625
1,-0.08544921875,-0.341796875,-0.0244140625,-0.341796875,0.146484375,-0.3662109375,-0.08544921875,-0.06103515625,-0.146484375,-0.01220703125,0.2685546875,-0.9033203125,0.08544921875,1.08642578125,-0.5859375,-0.23193359375,-0.1220703125,-0.732421875,-0.03662109375,-0.244140625,-0.08544921875,0.81787109375,-0.08544921875,-0.78125,0.0732421875,0.20751953125,0,-0.81787109375,-0.146484375,0.86669921875,0.03662109375,0.23193359375,-0.634765625,-0.37841796875,0.37841796875,-0.89111328125,-0.01220703125,-0.47607421875,-0.048828125,-0.76904296875,0,-0.2197265625,0.29296875,-0.634765625,0.0244140625,-0.4150390625,0.28076171875,0.64697265625,0.03662109375,1.171875,0.09765625,0.45166015625,-0.89111328125,-0.15869140625,-0.1953125,0.7080078125,-0.29296875,0.08544921875,0,0.47607421875,0.28076171875,0.74462890625,0.09765625,0.08544921875,0.01220703125,0.25634765625,0,1.03759765625,0.0244140625,0.2197265625,-0.0732421875,0.18310546875,-0.25634765625,0.2685546875,0.20751953125,0.86669921875,0.048828125,0.03662109375,-0.09765625,1.318359375,-0.28076171875,-1.0009765625,0.13427734375,-0.341796875,-0.244140625,-0.9765625,0.13427734375,-0.78125,0.048828125,-1.45263671875,-0.18310546875,-0.28076171875,0.37841796875,-0.3173828125,0.06103515625,-1.20849609375,-0.1708984375,3.06396484375,-0.09765625,3.2958984375,-0.146484375,2.197265625,0.29296875,6.97021484375,0.1220703125,-0.45166015625,-0.37841796875,-1.46484375,-0.15869140625,-1.07421875,0.0244140625,0.390625,0.048828125,0.32958984375,0,0.03662109375,-0.06103515625,-0.048828125,0.03662109375,0.146484375,-0.146484375,-0.048828125,0,0.74462890625,0,-0.48828125,-0.048828125,-0.5615234375
1,-0.06103515625,-0.341796875,-0.01220703125,-0.32958984375,0.13427734375,-0.35400390625,-0.08544921875,-0.048828125,-0.15869140625,-0.01220703125,0.23193359375,-0.91552734375,0.09765625,1.0986328125,-0.64697265625,-0.1953125,-0.10986328125,-0.72021484375,-0.03662109375,-0.23193359375,0.01220703125,0.8056640625,-0.08544921875,-0.8056640625,0.09765625,0.15869140625,-0.06103515625,-0.830078125,-0.1953125,0.8544921875,-0.03662109375,0.20751953125,-0.7568359375,-0.390625,0.439453125,-0.89111328125,-0.09765625,-0.48828125,-0.048828125,-0.7568359375,0.01220703125,-0.23193359375,0.25634765625,-0.62255859375,0.048828125,-0.4150390625,0.30517578125,0.64697265625,0.08544921875,1.18408203125,0.06103515625,0.45166015625,-0.96435546875,-0.1708984375,-0.2197265625,0.72021484375,-0.4150390625,0.0732421875,-0.03662109375,0.52490234375,0.2685546875,0.76904296875,0.15869140625,0.15869140625,0.08544921875,0.2685546875,0.0732421875,1.0009765625,0.0244140625,0.244140625,-0.03662109375,0.18310546875,-0.2197265625,0.2685546875,0.1953125,0.830078125,0.0244140625,0.06103515625,-0.0732421875,1.33056640625,-0.2685546875,-1.01318359375,0.08544921875,-0.35400390625,-0.32958984375,-1.0009765625,0.146484375,-0.79345703125,0.0732421875,-1.4892578125,-0.146484375,-0.2685546875,0.45166015625,-0.3173828125,0.0244140625,-1.23291015625,-0.1953125,4.01611328125,-0.1220703125,4.16259765625,-0.20751953125,2.94189453125,0.3662109375,8.67919921875,0.08544921875,-0.341796875,-0.40283203125,-1.46484375,-0.15869140625,-1.0498046875,0.06103515625,0.3662109375,0.0244140625,0.341796875,0.03662109375,0.03662109375,-0.06103515625,-0.048828125,0,0.146484375,-0.146484375,-0.03662109375,0.0244140625,0.7568359375,0.01220703125,-0.50048828125,-0.048828125,-0.537109375
1,-0.0732421875,-0.35400390625,0,-0.3173828125,0.13427734375,-0.35400390625,-0.0732421875,-0.06103515625,-0.15869140625,-0.01220703125,0.2197265625,-0.9033203125,0.1220703125,1.11083984375,-0.67138671875,-0.1953125,-0.08544921875,-0.732421875,0.01220703125,-0.2197265625,0.13427734375,0.79345703125,-0.0244140625,-0.8056640625,0.10986328125,0.1220703125,-0.13427734375,-0.84228515625,-0.23193359375,0.86669921875,-0.13427734375,0.1953125,-0.8056640625,-0.3662109375,0.439453125,-0.89111328125,-0.13427734375,-0.47607421875,-0.10986328125,-0.7568359375,0.08544921875,-0.20751953125,0.10986328125,-0.62255859375,0.06103515625,-0.45166015625,0.390625,0.69580078125,0.1220703125,1.20849609375,0.01220703125,0.45166015625,-1.0009765625,-0.18310546875,-0.28076171875,0.72021484375,-0.42724609375,0.2685546875,0.0244140625,0.69580078125,0.2685546875,0.89111328125,0.28076171875,0.4150390625,0.08544921875,0.2685546875,0.15869140625,0.98876953125,0,0.23193359375,0.03662109375,0.15869140625,-0.18310546875,0.25634765625,0.23193359375,0.81787109375,-0.01220703125,0.06103515625,-0.10986328125,1.33056640625,-0.25634765625,-1.01318359375,0.03662109375,-0.35400390625,-0.32958984375,-1.01318359375,0.1220703125,-0.8056640625,0.048828125,-1.52587890625,-0.1220703125,-0.30517578125,0.50048828125,-0.35400390625,0,-1.220703125,-0.2197265625,4.833984375,-0.10986328125,4.931640625,-0.2685546875,3.61328125,0.42724609375,10.14404296875,0.0244140625,-0.20751953125,-0.35400390625,-1.4404296875,-0.1953125,-1.0498046875,0.048828125,0.37841796875,0.0244140625,0.32958984375,0.0732421875,0.0244140625,-0.0732421875,-0.03662109375,-0.03662109375,0.146484375,-0.18310546875,-0.048828125,0.03662109375,0.79345703125,0.01220703125,-0.50048828125,-0.06103515625,-0.537109375
1,-0.0732421875,-0.341796875,0,-0.341796875,0.1220703125,-0.35400390625,-0.06103515625,-0.03662109375,-0.1708984375,-0.0244140625,0.2197265625,-0.9033203125,0.13427734375,1.11083984375,-0.64697265625,-0.1953125,-0.09765625,-0.72021484375,0.0732421875,-0.244140625,0.1953125,0.8056640625,0.0244140625,-0.830078125,0.08544921875,0.09765625,-0.13427734375,-0.81787109375,-0.23193359375,0.86669921875,-0.2197265625,0.20751953125,-0.72021484375,-0.35400390625,0.35400390625,-0.89111328125,-0.1708984375,-0.439453125,-0.15869140625,-0.732421875,0.06103515625,-0.20751953125,-0.048828125,-0.634765625,0.13427734375,-0.42724609375,0.390625,0.69580078125,0.10986328125,1.1962890625,-0.03662109375,0.48828125,-1.025390625,-0.1953125,-0.3662109375,0.732421875,-0.439453125,0.67138671875,0.0244140625,0.9521484375,0.244140625,1.0986328125,0.28076171875,0.8056640625,0.10986328125,0.2685546875,0.20751953125,1.0009765625,-0.01220703125,0.2197265625,0.09765625,0.1953125,-0.09765625,0.2685546875,0.244140625,0.830078125,-0.03662109375,0.03662109375,-0.10986328125,1.35498046875,-0.244140625,-1.025390625,-0.01220703125,-0.35400390625,-0.29296875,-0.98876953125,0.03662109375,-0.830078125,0.01220703125,-1.52587890625,-0.08544921875,-0.29296875,0.42724609375,-0.341796875,-0.0244140625,-1.23291015625,-0.1708984375,5.46875,-0.0732421875,5.48095703125,-0.28076171875,4.08935546875,0.50048828125,11.181640625,-0.03662109375,-0.10986328125,-0.32958984375,-1.45263671875,-0.2197265625,-1.03759765625,0.03662109375,0.40283203125,0,0.341796875,0.06103515625,0.0244140625,-0.06103515625,-0.0244140625,-0.048828125,0.1708984375,-0.1953125,-0.03662109375,0.048828125,0.81787109375,0.01220703125,-0.50048828125,-0.08544921875,-0.52490234375
1,-0.048828125,-0.341796875,0,-0.341796875,0.146484375,-0.35400390625,-0.0732421875,-0.03662109375,-0.13427734375,-0.03662109375,0.18310546875,-0.91552734375,0.15869140625,1.13525390625,-0.6103515625,-0.2197265625,-0.09765625,-0.72021484375,0.1953125,-0.244140625,0.20751953125,0.79345703125,0.048828125,-0.830078125,0.01220703125,0.048828125,-0.1220703125,-0.8056640625,-0.2197265625,0.87890625,-0.28076171875,0.20751953125,-0.6103515625,-0.30517578125,0.244140625,-0.91552734375,-0.1708984375,-0.390625,-0.244140625,-0.72021484375,0.0244140625,-0.2197265625,-0.1708984375,-0.64697265625,0.1708984375,-0.390625,0.30517578125,0.7080078125,0.03662109375,1.18408203125,-0.03662109375,0.47607421875,-1.0986328125,-0.18310546875,-0.42724609375,0.732421875,-0.47607421875,1.220703125,0.0244140625,1.25732421875,0.244140625,1.35498046875,0.32958984375,1.2939453125,0.1220703125,0.29296875,0.28076171875,1.01318359375,-0.01220703125,0.2197265625,0.1220703125,0.18310546875,-0.06103515625,0.2685546875,0.2197265625,0.830078125,-0.06103515625,0.0244140625,-0.08544921875,1.3671875,-0.28076171875,-1.01318359375,-0.048828125,-0.35400390625,-0.1953125,-1.01318359375,-0.048828125,-0.830078125,-0.08544921875,-1.55029296875,-0.08544921875,-0.29296875,0.2685546875,-0.35400390625,-0.0244140625,-1.23291015625,-0.09765625,5.82275390625,0.01220703125,5.77392578125,-0.29296875,4.38232421875,0.37841796875,11.75537109375,-0.09765625,-0.0244140625,-0.244140625,-1.42822265625,-0.25634765625,-1.0498046875,-0.01220703125,0.390625,-0.0244140625,0.35400390625,0.09765625,0.0244140625,-0.0732421875,-0.0244140625,-0.0732421875,0.15869140625,-0.1953125,-0.03662109375,0.048828125,0.830078125,0.0244140625,-0.52490234375,-0.08544921875,-0.52490234375
1,-0.0244140625,-0.341796875,0,-0.35400390625,0.10986328125,-0.37841796875,-0.06103515625,-0.048828125,-0.10986328125,-0.048828125,0.1708984375,-0.87890625,0.18310546875,1.13525390625,-0.6103515625,-0.244140625,-0.146484375,-0.68359375,0.30517578125,-0.2685546875,0.1953125,0.79345703125,0.1220703125,-0.8056640625,-0.048828125,0,-0.09765625,-0.8056640625,-0.15869140625,0.86669921875,-0.30517578125,0.2197265625,-0.4638671875,-0.2685546875,0.1220703125,-0.91552734375,-0.1708984375,-0.37841796875,-0.244140625,-0.72021484375,-0.08544921875,-0.20751953125,-0.1953125,-0.6591796875,0.1953125,-0.3662109375,0.23193359375,0.7080078125,-0.06103515625,1.1474609375,0,0.4638671875,-1.08642578125,-0.13427734375,-0.47607421875,0.7080078125,-0.390625,1.74560546875,0.0244140625,1.55029296875,0.25634765625,1.57470703125,0.3173828125,1.7578125,0.13427734375,0.29296875,0.341796875,1.025390625,0,0.2197265625,0.1708984375,0.1953125,0.0244140625,0.25634765625,0.1708984375,0.84228515625,-0.09765625,0.01220703125,-0.09765625,1.3427734375,-0.32958984375,-1.01318359375,-0.08544921875,-0.35400390625,-0.0732421875,-0.98876953125,-0.1953125,-0.84228515625,-0.18310546875,-1.52587890625,-0.13427734375,-0.28076171875,0.1220703125,-0.35400390625,0,-1.23291015625,-0.03662109375,5.89599609375,0.0244140625,5.810546875,-0.29296875,4.45556640625,0.2197265625,11.82861328125,-0.13427734375,0.0244140625,-0.1953125,-1.45263671875,-0.29296875,-1.03759765625,-0.0732421875,0.40283203125,-0.0244140625,0.35400390625,0.0732421875,0.03662109375,-0.0732421875,-0.01220703125,-0.0732421875,0.15869140625,-0.18310546875,-0.03662109375,0.06103515625,0.86669921875,0,-0.5126953125,-0.10986328125,-0.537109375
1,-0.01220703125,-0.3173828125,0,-0.3662109375,0.1220703125,-0.37841796875,-0.0732421875,-0.06103515625,-0.08544921875,-0.03662109375,0.146484375,-0.89111328125,0.20751953125,1.13525390625,-0.59814453125,-0.244140625,-0.20751953125,-0.7080078125,0.37841796875,-0.28076171875,0.1220703125,0.79345703125,0.18310546875,-0.79345703125,-0.13427734375,-0.0244140625,-0.0244140625,-0.8056640625,-0.10986328125,0.86669921875,-0.28076171875,0.20751953125,-0.35400390625,-0.25634765625,0.06103515625,-0.9521484375,-0.20751953125,-0.390625,-0.2197265625,-0.74462890625,-0.244140625,-0.23193359375,-0.1220703125,-0.64697265625,0.2197265625,-0.341796875,0.1953125,0.67138671875,-0.15869140625,1.123046875,0.06103515625,0.45166015625,-1.025390625,-0.10986328125,-0.4638671875,0.7080078125,-0.3173828125,2.25830078125,-0.01220703125,1.79443359375,0.23193359375,1.79443359375,0.29296875,2.1484375,0.146484375,0.29296875,0.3662109375,1.03759765625,0.03662109375,0.1953125,0.18310546875,0.2197265625,0.09765625,0.2685546875,0.1220703125,0.86669921875,-0.15869140625,0.01220703125,-0.06103515625,1.3427734375,-0.35400390625,-1.0009765625,-0.08544921875,-0.37841796875,0.03662109375,-0.9765625,-0.29296875,-0.830078125,-0.28076171875,-1.52587890625,-0.18310546875,-0.29296875,-0.03662109375,-0.32958984375,-0.0244140625,-1.220703125,-0.01220703125,5.70068359375,0.048828125,5.5908203125,-0.32958984375,4.30908203125,0.13427734375,11.42578125,-0.2197265625,0.0244140625,-0.1708984375,-1.45263671875,-0.30517578125,-1.03759765625,-0.08544921875,0.40283203125,-0.06103515625,0.35400390625,0.03662109375,0.01220703125,-0.0732421875,0.01220703125,-0.08544921875,0.15869140625,-0.146484375,-0.03662109375,0.03662109375,0.87890625,-0.01220703125,-0.5126953125,-0.08544921875,-0.537109375
1,0,-0.32958984375,-0.01220703125,-0.3662109375,0.13427734375,-0.390625,-0.09765625,-0.0732421875,-0.08544921875,-0.0244140625,0.13427734375,-0.86669921875,0.1953125,1.13525390625,-0.5859375,-0.25634765625,-0.20751953125,-0.7080078125,0.4150390625,-0.28076171875,0.048828125,0.79345703125,0.28076171875,-0.79345703125,-0.1708984375,-0.0244140625,0.03662109375,-0.78125,-0.09765625,0.87890625,-0.20751953125,0.1953125,-0.341796875,-0.25634765625,0.06103515625,-0.927734375,-0.18310546875,-0.37841796875,-0.1708984375,-0.74462890625,-0.37841796875,-0.23193359375,-0.06103515625,-0.634765625,0.23193359375,-0.32958984375,0.1220703125,0.68359375,-0.1953125,1.0986328125,0.0732421875,0.439453125,-0.9521484375,-0.09765625,-0.439453125,0.69580078125,-0.25634765625,2.5634765625,-0.03662109375,1.96533203125,0.244140625,1.953125,0.29296875,2.40478515625,0.18310546875,0.29296875,0.37841796875,1.03759765625,0.0732421875,0.18310546875,0.1953125,0.2197265625,0.10986328125,0.2685546875,0.06103515625,0.86669921875,-0.146484375,0,-0.048828125,1.3427734375,-0.390625,-0.96435546875,-0.1220703125,-0.32958984375,0.09765625,-0.96435546875,-0.35400390625,-0.81787109375,-0.3173828125,-1.50146484375,-0.25634765625,-0.28076171875,-0.13427734375,-0.3173828125,-0.06103515625,-1.220703125,-0.03662109375,5.31005859375,0.048828125,5.18798828125,-0.32958984375,4.00390625,0.06103515625,10.68115234375,-0.2197265625,-0.01220703125,-0.146484375,-1.416015625,-0.32958984375,-1.03759765625,-0.09765625,0.40283203125,-0.03662109375,0.390625,0.0244140625,0.0244140625,-0.0732421875,0,-0.0732421875,0.15869140625,-0.1220703125,-0.03662109375,0.0244140625,0.89111328125,-0.01220703125,-0.52490234375,-0.0732421875,-0.52490234375
1,0.01220703125,-0.30517578125,-0.048828125,-0.3662109375,0.10986328125,-0.4150390625,-0.08544921875,-0.0732421875,-0.09765625,-0.01220703125,0.1220703125,-0.86669921875,0.1953125,1.123046875,-0.52490234375,-0.244140625,-0.244140625,-0.69580078125,0.35400390625,-0.29296875,-0.0244140625,0.81787109375,0.35400390625,-0.78125,-0.18310546875,-0.048828125,0.1220703125,-0.79345703125,-0.01220703125,0.87890625,-0.10986328125,0.20751953125,-0.40283203125,-0.244140625,0.09765625,-0.927734375,-0.1953125,-0.40283203125,-0.06103515625,-0.7568359375,-0.48828125,-0.23193359375,0.01220703125,-0.6103515625,0.15869140625,-0.30517578125,0.08544921875,0.64697265625,-0.20751953125,1.0986328125,0.08544921875,0.42724609375,-0.79345703125,-0.0732421875,-0.439453125,0.69580078125,-0.244140625,2.6611328125,-0.048828125,1.98974609375,0.25634765625,1.98974609375,0.244140625,2.4658203125,0.18310546875,0.28076171875,0.35400390625,1.03759765625,0.10986328125,0.20751953125,0.18310546875,0.20751953125,0.1220703125,0.28076171875,0.01220703125,0.87890625,-0.15869140625,-0.01220703125,0,1.35498046875,-0.42724609375,-0.9765625,-0.10986328125,-0.3662109375,0.146484375,-0.96435546875,-0.3173828125,-0.81787109375,-0.3173828125,-1.4404296875,-0.3173828125,-0.25634765625,-0.08544921875,-0.30517578125,-0.1220703125,-1.20849609375,-0.0732421875,4.77294921875,-0.01220703125,4.62646484375,-0.29296875,3.55224609375,0.048828125,9.6923828125,-0.1708984375,-0.06103515625,-0.1220703125,-1.4404296875,-0.3173828125,-1.03759765625,-0.08544921875,0.439453125,-0.0244140625,0.37841796875,0.0244140625,0.0244140625,-0.0732421875,0.01220703125,-0.048828125,0.1708984375,-0.08544921875,-0.03662109375,0.01220703125,0.87890625,0,-0.48828125,-0.06103515625,-0.537109375
1,0.01220703125,-0.30517578125,-0.0732421875,-0.341796875,0.146484375,-0.4150390625,-0.10986328125,-0.0732421875,-0.10986328125,0,0.10986328125,-0.86669921875,0.18310546875,1.123046875,-0.45166015625,-0.23193359375,-0.23193359375,-0.69580078125,0.29296875,-0.28076171875,-0.0244140625,0.84228515625,0.341796875,-0.76904296875,-0.13427734375,-0.03662109375,0.15869140625,-0.78125,0.03662109375,0.86669921875,0.048828125,0.2197265625,-0.54931640625,-0.244140625,0.2197265625,-0.927734375,-0.18310546875,-0.4150390625,0.0244140625,-0.76904296875,-0.537109375,-0.1953125,0.06103515625,-0.57373046875,0.0732421875,-0.32958984375,0.01220703125,0.64697265625,-0.18310546875,1.11083984375,0.10986328125,0.439453125,-0.69580078125,-0.0732421875,-0.4150390625,0.69580078125,-0.23193359375,2.5390625,-0.0732421875,1.91650390625,0.1220703125,1.904296875,0.244140625,2.35595703125,0.20751953125,0.2685546875,0.30517578125,1.0498046875,0.146484375,0.2197265625,0.146484375,0.1953125,0.08544921875,0.28076171875,-0.01220703125,0.87890625,-0.09765625,-0.0244140625,0.01220703125,1.35498046875,-0.4638671875,-0.96435546875,-0.09765625,-0.35400390625,0.1220703125,-0.98876953125,-0.2197265625,-0.79345703125,-0.2685546875,-1.3916015625,-0.341796875,-0.2685546875,-0.01220703125,-0.30517578125,-0.18310546875,-1.171875,-0.09765625,4.18701171875,-0.0732421875,4.00390625,-0.23193359375,3.0517578125,-0.01220703125,8.59375,-0.08544921875,-0.15869140625,-0.09765625,-1.45263671875,-0.2685546875,-1.0498046875,-0.10986328125,0.4150390625,-0.01220703125,0.37841796875,0.0244140625,0.03662109375,-0.08544921875,0.0244140625,-0.048828125,0.1708984375,-0.0732421875,-0.048828125,0,0.830078125,0,-0.47607421875,-0.048828125,-0.537109375
1,0.01220703125,-0.32958984375,-0.09765625,-0.3662109375,0.1220703125,-0.4150390625,-0.09765625,-0.0732421875,-0.10986328125,0.01220703125,0.10986328125,-0.87890625,0.18310546875,1.08642578125,-0.40283203125,-0.23193359375,-0.1953125,-0.732421875,0.2197265625,-0.28076171875,0,0.84228515625,0.25634765625,-0.7568359375,-0.08544921875,-0.048828125,0.15869140625,-0.8056640625,0.06103515625,0.86669921875,0.15869140625,0.20751953125,-0.67138671875,-0.30517578125,0.32958984375,-0.91552734375,-0.1953125,-0.42724609375,0.1220703125,-0.78125,-0.50048828125,-0.2197265625,0.10986328125,-0.54931640625,-0.048828125,-0.341796875,-0.06103515625,0.64697265625,-0.1708984375,1.13525390625,0.13427734375,0.45166015625,-0.634765625,-0.08544921875,-0.40283203125,0.7080078125,-0.23193359375,2.20947265625,-0.09765625,1.74560546875,0.08544921875,1.7578125,0.20751953125,2.1240234375,0.244140625,0.244140625,0.2197265625,1.0498046875,0.146484375,0.2197265625,0.08544921875,0.20751953125,0.08544921875,0.25634765625,-0.03662109375,0.89111328125,-0.048828125,-0.01220703125,0.01220703125,1.3427734375,-0.40283203125,-0.9765625,-0.09765625,-0.35400390625,0.09765625,-1.0009765625,-0.0732421875,-0.78125,-0.1708984375,-1.318359375,-0.3173828125,-0.23193359375,0.1953125,-0.3173828125,-0.244140625,-1.171875,-0.13427734375,3.57666015625,-0.15869140625,3.43017578125,-0.13427734375,2.5634765625,-0.08544921875,7.53173828125,-0.01220703125,-0.244140625,-0.0732421875,-1.46484375,-0.244140625,-1.0498046875,-0.13427734375,0.40283203125,-0.01220703125,0.390625,0,0.0244140625,-0.0732421875,0.0244140625,-0.08544921875,0.1708984375,-0.06103515625,-0.06103515625,0,0.830078125,0.048828125,-0.47607421875,-0.048828125,-0.54931640625
0,0.0244140625,-0.3173828125,-0.06103515625,-0.341796875,0.1220703125,-0.4150390625,-0.09765625,-0.06103515625,-0.08544921875,0,0.08544921875,-0.86669921875,0.18310546875,1.07421875,-0.35400390625,-0.20751953125,-0.146484375,-0.732421875,0.13427734375,-0.28076171875,0,0.84228515625,0.10986328125,-0.76904296875,-0.03662109375,-0.08544921875,0.09765625,-0.79345703125,0.09765625,0.86669921875,0.244140625,0.2197265625,-0.74462890625,-0.35400390625,0.439453125,-0.9033203125,-0.20751953125,-0.439453125,0.18310546875,-0.76904296875,-0.439453125,-0.1953125,0.1220703125,-0.50048828125,-0.09765625,-0.390625,-0.13427734375,0.6591796875,-0.18310546875,1.15966796875,0.146484375,0.47607421875,-0.59814453125,-0.10986328125,-0.3662109375,0.69580078125,-0.2197265625,1.806640625,-0.048828125,1.513671875,0.048828125,1.55029296875,0.244140625,1.79443359375,0.25634765625,0.2197265625,0.15869140625,1.0498046875,0.146484375,0.2197265625,0.03662109375,0.1953125,0.08544921875,0.244140625,-0.08544921875,0.89111328125,0.048828125,-0.01220703125,0,1.318359375,-0.30517578125,-0.9765625,-0.048828125,-0.341796875,0.0732421875,-1.0009765625,0.048828125,-0.76904296875,-0.09765625,-1.23291015625,-0.25634765625,-0.2197265625,0.4150390625,-0.30517578125,-0.35400390625,-1.15966796875,-0.1220703125,3.02734375,-0.2197265625,2.91748046875,-0.0244140625,2.13623046875,-0.13427734375,6.591796875,0.048828125,-0.3662109375,-0.08544921875,-1.46484375,-0.23193359375,-1.0498046875,-0.15869140625,0.4150390625,-0.01220703125,0.390625,0.01220703125,0.0244140625,-0.0732421875,0.03662109375,-0.0732421875,0.18310546875,-0.08544921875,-0.048828125,0,0.84228515625,0.08544921875,-0.47607421875,-0.048828125,-0.537109375
0,0.03662109375,-0.3173828125,-0.09765625,-0.35400390625,0.09765625,-0.390625,-0.08544921875,-0.06103515625,-0.06103515625,0,0.06103515625,-0.86669921875,0.146484375,1.08642578125,-0.30517578125,-0.20751953125,-0.10986328125,-0.732421875,0.048828125,-0.2685546875,0.03662109375,0.84228515625,-0.048828125,-0.7568359375,0.0244140625,-0.1220703125,0.06103515625,-0.8056640625,0.09765625,0.87890625,0.3173828125,0.2197265625,-0.69580078125,-0.390625,0.48828125,-0.89111328125,-0.1708984375,-0.45166015625,0.20751953125,-0.76904296875,-0.29296875,-0.1708984375,0.08544921875,-0.47607421875,-0.1220703125,-0.4150390625,-0.13427734375,0.67138671875,-0.1220703125,1.171875,0.23193359375,0.47607421875,-0.54931640625,-0.1220703125,-0.2685546875,0.732421875,-0.2197265625,1.3671875,-0.10986328125,1.2939453125,-0.0244140625,1.35498046875,0.2197265625,1.50146484375,0.2197265625,0.2197265625,0.0732421875,1.03759765625,0.13427734375,0.23193359375,-0.01220703125,0.1953125,0.03662109375,0.25634765625,-0.10986328125,0.86669921875,0.09765625,-0.01220703125,-0.0244140625,1.318359375,-0.23193359375,-0.96435546875,0,-0.341796875,0.0244140625,-0.98876953125,0.15869140625,-0.7568359375,-0.06103515625,-1.13525390625,-0.15869140625,-0.23193359375,0.54931640625,-0.30517578125,-0.35400390625,-1.1474609375,-0.08544921875,2.60009765625,-0.2197265625,2.47802734375,0.03662109375,1.7822265625,-0.18310546875,5.810546875,0.09765625,-0.4638671875,-0.13427734375,-1.46484375,-0.2197265625,-1.0498046875,-0.15869140625,0.40283203125,-0.03662109375,0.40283203125,0.01220703125,0.03662109375,-0.0732421875,0.0244140625,-0.09765625,0.1953125,-0.06103515625,-0.0244140625,-0.0244140625,0.830078125,0.146484375,-0.47607421875,-0.048828125,-0.537109375
0,0.048828125,-0.341796875,-0.10986328125,-0.32958984375,0.06103515625,-0.390625,-0.08544921875,-0.048828125,-0.0732421875,0.01220703125,0.06103515625,-0.87890625,0.1220703125,1.06201171875,-0.2685546875,-0.20751953125,-0.146484375,-0.72021484375,-0.0244140625,-0.2685546875,0.0244140625,0.8056640625,-0.1953125,-0.7568359375,0.08544921875,-0.18310546875,0.0244140625,-0.830078125,0.08544921875,0.87890625,0.32958984375,0.1953125,-0.57373046875,-0.4150390625,0.52490234375,-0.9033203125,-0.146484375,-0.48828125,0.23193359375,-0.7568359375,-0.13427734375,-0.1953125,0.03662109375,-0.48828125,-0.1220703125,-0.4638671875,-0.1708984375,0.7080078125,-0.0732421875,1.171875,0.1708984375,0.47607421875,-0.5126953125,-0.146484375,-0.1953125,0.7568359375,-0.20751953125,1.06201171875,-0.10986328125,1.13525390625,-0.1220703125,1.23291015625,0.25634765625,1.2451171875,0.1953125,0.1953125,-0.0244140625,1.0009765625,0.10986328125,0.1953125,-0.01220703125,0.15869140625,0,0.2197265625,-0.13427734375,0.8544921875,0.146484375,-0.01220703125,-0.0244140625,1.318359375,-0.1708984375,-0.9765625,0.0244140625,-0.32958984375,-0.01220703125,-0.98876953125,0.20751953125,-0.76904296875,-0.0244140625,-1.06201171875,-0.0244140625,-0.23193359375,0.6591796875,-0.3173828125,-0.29296875,-1.1474609375,-0.03662109375,2.23388671875,-0.20751953125,2.1728515625,0.10986328125,1.50146484375,-0.15869140625,5.23681640625,0.08544921875,-0.52490234375,-0.1708984375,-1.46484375,-0.18310546875,-1.0498046875,-0.146484375,0.40283203125,-0.01220703125,0.390625,0.0244140625,0.0244140625,-0.06103515625,0.01220703125,-0.09765625,0.15869140625,-0.09765625,-0.01220703125,0,0.830078125,0.18310546875,-0.4638671875,-0.03662109375,-0.5126953125
0,0.06103515625,-0.32958984375,-0.13427734375,-0.32958984375,0.03662109375,-0.37841796875,-0.08544921875,-0.03662109375,-0.06103515625,-0.01220703125,0.0244140625,-0.89111328125,0.09765625,1.0986328125,-0.28076171875,-0.20751953125,-0.1708984375,-0.72021484375,-0.06103515625,-0.25634765625,0,0.8056640625,-0.2685546875,-0.78125,0.0732421875,-0.244140625,0.03662109375,-0.81787109375,0.1220703125,0.87890625,0.2685546875,0.18310546875,-0.4150390625,-0.4150390625,0.537109375,-0.89111328125,-0.1220703125,-0.4638671875,0.244140625,-0.732421875,0.0244140625,-0.1953125,-0.03662109375,-0.5126953125,-0.048828125,-0.45166015625,-0.2197265625,0.7080078125,-0.01220703125,1.18408203125,0.08544921875,0.50048828125,-0.45166015625,-0.1708984375,-0.10986328125,0.7568359375,-0.29296875,0.87890625,-0.09765625,1.025390625,-0.23193359375,1.123046875,0.28076171875,1.123046875,0.146484375,0.18310546875,-0.10986328125,1.0009765625,0.08544921875,0.20751953125,-0.06103515625,0.1708984375,-0.048828125,0.244140625,-0.1220703125,0.81787109375,0.18310546875,0,-0.01220703125,1.318359375,-0.1220703125,-0.98876953125,0.1220703125,-0.30517578125,-0.0244140625,-0.98876953125,0.1708984375,-0.76904296875,-0.01220703125,-1.0009765625,0.06103515625,-0.244140625,0.6591796875,-0.341796875,-0.15869140625,-1.1474609375,-0.03662109375,1.96533203125,-0.18310546875,1.953125,0.1220703125,1.2939453125,-0.10986328125,4.78515625,0.01220703125,-0.57373046875,-0.20751953125,-1.47705078125,-0.15869140625,-1.0498046875,-0.10986328125,0.4150390625,0,0.37841796875,0.0732421875,0.01220703125,-0.06103515625,0,-0.13427734375,0.13427734375,-0.10986328125,-0.01220703125,0.01220703125,0.84228515625,0.2197265625,-0.4638671875,-0.0244140625,-0.5126953125
0,0.06103515625,-0.341796875,-0.10986328125,-0.3173828125,0.0244140625,-0.3662109375,-0.09765625,-0.0244140625,-0.048828125,-0.01220703125,0.0244140625,-0.87890625,0.0732421875,1.0986328125,-0.25634765625,-0.1953125,-0.1953125,-0.732421875,-0.06103515625,-0.23193359375,-0.0244140625,0.79345703125,-0.2685546875,-0.76904296875,0.03662109375,-0.2685546875,0.048828125,-0.8056640625,0.10986328125,0.9033203125,0.2197265625,0.1953125,-0.18310546875,-0.3662109375,0.5126953125,-0.91552734375,-0.0732421875,-0.47607421875,0.2197265625,-0.732421875,0.18310546875,-0.2197265625,-0.03662109375,-0.5615234375,0.0244140625,-0.4150390625,-0.25634765625,0.732421875,0.01220703125,1.1474609375,0.08544921875,0.47607421875,-0.4150390625,-0.13427734375,-0.0732421875,0.7568359375,-0.25634765625,0.86669921875,-0.06103515625,1.0009765625,-0.30517578125,1.123046875,0.30517578125,1.07421875,0.1220703125,0.18310546875,-0.20751953125,1.01318359375,0.03662109375,0.2197265625,-0.0732421875,0.1708984375,-0.08544921875,0.244140625,-0.08544921875,0.79345703125,0.1953125,0,0.01220703125,1.318359375,-0.10986328125,-1.0009765625,0.13427734375,-0.3173828125,-0.01220703125,-0.9765625,0.08544921875,-0.78125,0,-0.9033203125,0.18310546875,-0.2685546875,0.5615234375,-0.30517578125,0.03662109375,-1.1474609375,-0.08544921875,1.7333984375,-0.1220703125,1.74560546875,0.1220703125,1.0986328125,-0.048828125,4.43115234375,-0.06103515625,-0.5615234375,-0.244140625,-1.4892578125,-0.15869140625,-1.025390625,-0.0732421875,0.40283203125,0,0.37841796875,0.09765625,0.01220703125,-0.09765625,0,-0.1708984375,0.13427734375,-0.13427734375,-0.01220703125,0.0244140625,0.86669921875,0.18310546875,-0.47607421875,-0.0244140625,-0.52490234375
0,0.03662109375,-0.35400390625,-0.1220703125,-0.3173828125,0.03662109375,-0.35400390625,-0.10986328125,-0.0244140625,-0.048828125,-0.01220703125,0,-0.89111328125,0.048828125,1.11083984375,-0.244140625,-0.20751953125,-0.244140625,-0.72021484375,0,-0.2197265625,-0.08544921875,0.78125,-0.1953125,-0.78125,-0.09765625,-0.3173828125,0.03662109375,-0.79345703125,0.03662109375,0.87890625,0.0732421875,0.18310546875,0.0244140625,-0.341796875,0.45166015625,-0.91552734375,-0.08544921875,-0.4638671875,0.1953125,-0.72021484375,0.29296875,-0.2197265625,-0.03662109375,-0.62255859375,0.146484375,-0.37841796875,-0.2685546875,0.732421875,-0.0244140625,1.1474609375,-0.0244140625,0.4638671875,-0.37841796875,-0.146484375,0,0.7568359375,-0.4150390625,1.0009765625,-0.13427734375,1.0498046875,-0.4150390625,1.1474609375,0.13427734375,1.11083984375,0.0732421875,0.18310546875,-0.2685546875,1.025390625,-0.01220703125,0.2197265625,-0.0732421875,0.1708984375,-0.13427734375,0.25634765625,-0.08544921875,0.76904296875,0.244140625,-0.01220703125,0.0244140625,1.3427734375,-0.1220703125,-1.01318359375,0.15869140625,-0.30517578125,-0.03662109375,-0.9765625,-0.03662109375,-0.79345703125,0.03662109375,-0.84228515625,0.2197265625,-0.2685546875,0.50048828125,-0.32958984375,0.20751953125,-1.15966796875,-0.1220703125,1.47705078125,-0.10986328125,1.5380859375,0.08544921875,0.927734375,0.01220703125,4.08935546875,-0.1220703125,-0.537109375,-0.29296875,-1.46484375,-0.1708984375,-1.025390625,-0.06103515625,0.390625,-0.0244140625,0.37841796875,0.146484375,0,-0.0732421875,0,-0.1708984375,0.10986328125,-0.13427734375,-0.01220703125,0.0244140625,0.86669921875,0.18310546875,-0.48828125,-0.01220703125,-0.50048828125
0,0.048828125,-0.35400390625,-0.1220703125,-0.32958984375,0.048828125,-0.35400390625,-0.1220703125,-0.03662109375,-0.0244140625,-0.0244140625,-0.03662109375,-0.8544921875,0.048828125,1.11083984375,-0.20751953125,-0.2197265625,-0.2685546875,-0.7080078125,0.08544921875,-0.23193359375,-0.08544921875,0.76904296875,-0.0732421875,-0.76904296875,-0.244140625,-0.3173828125,0.0244140625,-0.78125,-0.0244140625,0.89111328125,-0.0244140625,0.1953125,0.1953125,-0.3173828125,0.390625,-0.91552734375,-0.1220703125,-0.45166015625,0.18310546875,-0.74462890625,0.35400390625,-0.244140625,0,-0.68359375,0.23193359375,-0.3662109375,-0.18310546875,0.74462890625,-0.0244140625,1.11083984375,-0.03662109375,0.4638671875,-0.29296875,-0.1220703125,0.048828125,0.732421875,-0.37841796875,1.1962890625,-0.0732421875,1.11083984375,-0.35400390625,1.220703125,0.08544921875,1.15966796875,0.0244140625,0.1953125,-0.28076171875,1.025390625,-0.048828125,0.23193359375,-0.06103515625,0.18310546875,-0.23193359375,0.25634765625,-0.048828125,0.7568359375,0.244140625,0,0.1220703125,1.33056640625,-0.13427734375,-0.98876953125,0.146484375,-0.32958984375,-0.048828125,-0.9765625,-0.15869140625,-0.79345703125,0,-0.81787109375,0.2197265625,-0.29296875,0.390625,-0.3173828125,0.35400390625,-1.15966796875,-0.15869140625,1.1962890625,-0.1220703125,1.30615234375,0.01220703125,0.74462890625,-0.0244140625,3.67431640625,-0.10986328125,-0.4638671875,-0.341796875,-1.45263671875,-0.1708984375,-1.025390625,-0.08544921875,0.4150390625,-0.01220703125,0.3662109375,0.1708984375,0,-0.0732421875,-0.03662109375,-0.15869140625,0.1220703125,-0.09765625,-0.0244140625,0,0.89111328125,0.13427734375,-0.50048828125,-0.0244140625,-0.48828125
0,0.03662109375,-0.341796875,-0.1220703125,-0.35400390625,0.03662109375,-0.3662109375,-0.1220703125,-0.0732421875,-0.0244140625,-0.048828125,-0.048828125,-0.86669921875,0.06103515625,1.0986328125,-0.20751953125,-0.23193359375,-0.29296875,-0.69580078125,0.1708984375,-0.244140625,-0.06103515625,0.78125,0.0732421875,-0.78125,-0.390625,-0.30517578125,-0.0244140625,-0.78125,-0.13427734375,0.87890625,-0.13427734375,0.1953125,0.244140625,-0.28076171875,0.341796875,-0.927734375,-0.18310546875,-0.42724609375,0.1220703125,-0.74462890625,0.25634765625,-0.244140625,0.09765625,-0.732421875,0.25634765625,-0.35400390625,-0.1708984375,0.72021484375,-0.03662109375,1.11083984375,-0.03662109375,0.439453125,-0.2685546875,-0.1220703125,0.10986328125,0.7080078125,-0.2685546875,1.37939453125,-0.0244140625,1.1962890625,-0.3662109375,1.28173828125,0.0244140625,1.25732421875,0.03662109375,0.23193359375,-0.30517578125,1.01318359375,-0.08544921875,0.244140625,-0.048828125,0.20751953125,-0.30517578125,0.2685546875,-0.01220703125,0.78125,0.23193359375,0.01220703125,0.1708984375,1.33056640625,-0.20751953125,-0.98876953125,0.13427734375,-0.341796875,-0.10986328125,-0.98876953125,-0.2197265625,-0.81787109375,-0.0244140625,-0.81787109375,0.1953125,-0.29296875,0.30517578125,-0.30517578125,0.45166015625,-1.171875,-0.0732421875,0.830078125,-0.10986328125,0.96435546875,-0.048828125,0.45166015625,-0.048828125,3.1005859375,-0.08544921875,-0.439453125,-0.40283203125,-1.4404296875,-0.146484375,-1.01318359375,-0.1220703125,0.4150390625,0,0.3662109375,0.13427734375,0,-0.08544921875,-0.048828125,-0.146484375,0.146484375,-0.10986328125,-0.03662109375,-0.0244140625,0.89111328125,0.10986328125,-0.48828125,-0.01220703125,-0.47607421875
0,0.03662109375,-0.3173828125,-0.13427734375,-0.35400390625,0.03662109375,-0.35400390625,-0.1220703125,-0.0732421875,-0.01220703125,-0.048828125,-0.09765625,-0.86669921875,0.048828125,1.11083984375,-0.25634765625,-0.25634765625,-0.30517578125,-0.69580078125,0.2197265625,-0.25634765625,0.01220703125,0.79345703125,0.18310546875,-0.78125,-0.52490234375,-0.28076171875,-0.048828125,-0.79345703125,-0.244140625,0.89111328125,-0.1708984375,0.18310546875,0.2197265625,-0.2685546875,0.3173828125,-0.89111328125,-0.25634765625,-0.42724609375,0.06103515625,-0.732421875,0.08544921875,-0.20751953125,0.15869140625,-0.74462890625,0.28076171875,-0.30517578125,-0.10986328125,0.732421875,-0.08544921875,1.13525390625,-0.06103515625,0.42724609375,-0.23193359375,-0.10986328125,0.13427734375,0.69580078125,-0.3173828125,1.513671875,-0.146484375,1.1962890625,-0.45166015625,1.30615234375,-0.18310546875,1.2451171875,0,0.25634765625,-0.3173828125,1.03759765625,-0.09765625,0.25634765625,-0.03662109375,0.23193359375,-0.35400390625,0.29296875,-0.01220703125,0.76904296875,0.23193359375,0.03662109375,0.23193359375,1.33056640625,-0.25634765625,-0.98876953125,0.08544921875,-0.341796875,-0.1953125,-1.0009765625,-0.25634765625,-0.81787109375,-0.0732421875,-0.81787109375,0.09765625,-0.30517578125,0.29296875,-0.30517578125,0.40283203125,-1.1962890625,0,0.3662109375,-0.08544921875,0.5126953125,-0.06103515625,0.1220703125,0,2.35595703125,-0.048828125,-0.390625,-0.45166015625,-1.4404296875,-0.15869140625,-1.01318359375,-0.1220703125,0.4150390625,0,0.390625,0.13427734375,0.01220703125,-0.0732421875,-0.06103515625,-0.15869140625,0.1708984375,-0.09765625,-0.03662109375,-0.0244140625,0.89111328125,0.06103515625,-0.50048828125,-0.0244140625,-0.48828125
0,0.0244140625,-0.32958984375,-0.10986328125,-0.390625,0,-0.3662109375,-0.09765625,-0.09765625,-0.01220703125,-0.03662109375,-0.10986328125,-0.86669921875,0.048828125,1.11083984375,-0.244140625,-0.29296875,-0.29296875,-0.7080078125,0.20751953125,-0.244140625,0.146484375,0.79345703125,0.244140625,-0.78125,-0.5615234375,-0.23193359375,-0.08544921875,-0.78125,-0.341796875,0.89111328125,-0.146484375,0.20751953125,0.0244140625,-0.2197265625,0.29296875,-0.86669921875,-0.341796875,-0.390625,0.01220703125,-0.732421875,-0.13427734375,-0.18310546875,0.1220703125,-0.76904296875,0.18310546875,-0.2685546875,-0.10986328125,0.72021484375,-0.10986328125,1.13525390625,-0.0244140625,0.42724609375,-0.2197265625,-0.09765625,0.13427734375,0.68359375,-0.1953125,1.5380859375,-0.01220703125,1.171875,-0.3662109375,1.2939453125,-0.1708984375,1.18408203125,-0.06103515625,0.28076171875,-0.3173828125,1.025390625,-0.08544921875,0.2685546875,-0.0244140625,0.244140625,-0.42724609375,0.29296875,0.01220703125,0.76904296875,0.20751953125,0.0244140625,0.2685546875,1.33056640625,-0.3173828125,-1.01318359375,0.03662109375,-0.341796875,-0.25634765625,-1.0009765625,-0.2685546875,-0.81787109375,-0.1220703125,-0.86669921875,0.01220703125,-0.3173828125,0.28076171875,-0.3173828125,0.2685546875,-1.1962890625,0.048828125,-0.18310546875,-0.0732421875,-0.0244140625,-0.03662109375,-0.29296875,0.048828125,1.40380859375,0,-0.3662109375,-0.48828125,-1.46484375,-0.15869140625,-1.06201171875,-0.13427734375,0.390625,0,0.390625,0.08544921875,0.01220703125,-0.09765625,-0.09765625,-0.13427734375,0.18310546875,-0.0732421875,-0.06103515625,-0.0244140625,0.89111328125,0.0244140625,-0.52490234375,-0.048828125,-0.5126953125
0,0.03662109375,-0.3173828125,-0.09765625,-0.40283203125,-0.0244140625,-0.390625,-0.10986328125,-0.08544921875,-0.0244140625,-0.03662109375,-0.146484375,-0.87890625,0.03662109375,1.123046875,-0.244140625,-0.2685546875,-0.244140625,-0.7080078125,0.20751953125,-0.25634765625,0.244140625,0.830078125,0.20751953125,-0.76904296875,-0.54931640625,-0.18310546875,-0.1220703125,-0.78125,-0.390625,0.86669921875,-0.10986328125,0.2197265625,-0.1953125,-0.244140625,0.29296875,-0.87890625,-0.40283203125,-0.40283203125,-0.01220703125,-0.76904296875,-0.28076171875,-0.1708984375,0.0732421875,-0.7568359375,0.1220703125,-0.3173828125,-0.1220703125,0.7080078125,-0.146484375,1.15966796875,0.048828125,0.439453125,-0.25634765625,-0.10986328125,0.13427734375,0.69580078125,-0.15869140625,1.4404296875,-0.0244140625,1.08642578125,-0.35400390625,1.2451171875,-0.20751953125,1.07421875,-0.10986328125,0.3173828125,-0.30517578125,1.06201171875,-0.048828125,0.28076171875,-0.06103515625,0.244140625,-0.42724609375,0.30517578125,0.048828125,0.79345703125,0.244140625,0.03662109375,0.2685546875,1.33056640625,-0.390625,-1.01318359375,-0.03662109375,-0.32958984375,-0.32958984375,-1.0009765625,-0.20751953125,-0.8056640625,-0.15869140625,-0.91552734375,-0.06103515625,-0.29296875,0.30517578125,-0.341796875,0.048828125,-1.20849609375,0.09765625,-0.76904296875,-0.03662109375,-0.59814453125,-0.0244140625,-0.732421875,0.06103515625,0.4150390625,0.03662109375,-0.390625,-0.439453125,-1.4404296875,-0.15869140625,-1.06201171875,-0.146484375,0.3662109375,0.03662109375,0.40283203125,0.048828125,0,-0.08544921875,-0.09765625,-0.146484375,0.20751953125,-0.08544921875,-0.0732421875,-0.03662109375,0.89111328125,0,-0.52490234375,-0.048828125,-0.52490234375
0,0.048828125,-0.32958984375,-0.08544921875,-0.37841796875,-0.0244140625,-0.390625,-0.10986328125,-0.06103515625,-0.048828125,-0.01220703125,-0.1708984375,-0.89111328125,0.06103515625,1.0986328125,-0.18310546875,-0.244140625,-0.146484375,-0.7080078125,0.1953125,-0.25634765625,0.3662109375,0.830078125,0.15869140625,-0.79345703125,-0.537109375,-0.146484375,-0.1220703125,-0.79345703125,-0.390625,0.89111328125,-0.01220703125,0.2197265625,-0.40283203125,-0.29296875,0.28076171875,-0.86669921875,-0.439453125,-0.40283203125,-0.048828125,-0.76904296875,-0.390625,-0.1708984375,-0.048828125,-0.732421875,0.0244140625,-0.341796875,-0.0732421875,0.69580078125,-0.2197265625,1.15966796875,0.08544921875,0.439453125,-0.3173828125,-0.09765625,0.10986328125,0.7080078125,-0.1220703125,1.25732421875,0.03662109375,0.9765625,-0.32958984375,1.171875,-0.20751953125,0.89111328125,-0.1220703125,0.35400390625,-0.30517578125,1.0498046875,0,0.29296875,-0.13427734375,0.2685546875,-0.390625,0.3173828125,0.08544921875,0.8056640625,0.2197265625,0.048828125,0.2685546875,1.3427734375,-0.45166015625,-1.01318359375,-0.09765625,-0.3173828125,-0.32958984375,-1.0009765625,-0.15869140625,-0.8056640625,-0.20751953125,-1.0009765625,-0.1220703125,-0.3173828125,0.3173828125,-0.3173828125,-0.13427734375,-1.220703125,0.13427734375,-1.30615234375,-0.01220703125,-1.15966796875,0,-1.15966796875,-0.01220703125,-0.59814453125,0.08544921875,-0.390625,-0.390625,-1.46484375,-0.18310546875,-1.07421875,-0.18310546875,0.37841796875,0.0244140625,0.40283203125,0.0244140625,0,-0.0732421875,-0.1220703125,-0.1708984375,0.2197265625,-0.08544921875,-0.06103515625,-0.0244140625,0.84228515625,0,-0.50048828125,-0.0732421875,-0.5126953125
0,0.03662109375,-0.341796875,-0.09765625,-0.37841796875,-0.03662109375,-0.40283203125,-0.1220703125,-0.048828125,-0.0732421875,-0.0244140625,-0.1953125,-0.9033203125,0.0732421875,1.08642578125,-0.18310546875,-0.2197265625,-0.09765625,-0.7080078125,0.15869140625,-0.25634765625,0.3662109375,0.830078125,0.1220703125,-0.79345703125,-0.439453125,-0.1220703125,-0.13427734375,-0.8056640625,-0.3662109375,0.87890625,0.08544921875,0.2197265625,-0.5126953125,-0.29296875,0.2685546875,-0.89111328125,-0.4150390625,-0.4150390625,-0.06103515625,-0.7568359375,-0.42724609375,-0.146484375,-0.1708984375,-0.67138671875,-0.03662109375,-0.3662109375,-0.2197265625,0.69580078125,-0.25634765625,1.15966796875,0.146484375,0.45166015625,-0.37841796875,-0.09765625,0.048828125,0.72021484375,-0.13427734375,1.0498046875,0.048828125,0.89111328125,-0.32958984375,1.0986328125,-0.23193359375,0.7568359375,-0.10986328125,0.341796875,-0.29296875,1.0498046875,0.06103515625,0.2685546875,-0.15869140625,0.25634765625,-0.40283203125,0.30517578125,0.09765625,0.81787109375,0.23193359375,0.06103515625,0.244140625,1.3427734375,-0.47607421875,-1.025390625,-0.13427734375,-0.32958984375,-0.29296875,-1.025390625,-0.1220703125,-0.78125,-0.25634765625,-1.08642578125,-0.10986328125,-0.30517578125,0.30517578125,-0.32958984375,-0.244140625,-1.220703125,0.08544921875,-1.77001953125,0.048828125,-1.64794921875,0,-1.55029296875,-0.0732421875,-1.50146484375,0.06103515625,-0.47607421875,-0.30517578125,-1.45263671875,-0.1953125,-1.06201171875,-0.20751953125,0.3662109375,0,0.40283203125,0.0244140625,-0.01220703125,-0.0732421875,-0.1220703125,-0.1708984375,0.1953125,-0.1220703125,-0.03662109375,0,0.830078125,0.01220703125,-0.52490234375,-0.10986328125,-0.52490234375
0,0.03662109375,-0.341796875,-0.10986328125,-0.37841796875,-0.03662109375,-0.4150390625,-0.09765625,-0.03662109375,-0.03662109375,-0.0244140625,-0.2197265625,-0.89111328125,0.08544921875,1.07421875,-0.15869140625,-0.2197265625,-0.06103515625,-0.732421875,0.1220703125,-0.2685546875,0.341796875,0.81787109375,0.06103515625,-0.78125,-0.3662109375,-0.10986328125,-0.1220703125,-0.81787109375,-0.3173828125,0.87890625,0.15869140625,0.2197265625,-0.4638671875,-0.32958984375,0.18310546875,-0.87890625,-0.3662109375,-0.439453125,-0.048828125,-0.7568359375,-0.37841796875,-0.146484375,-0.28076171875,-0.634765625,-0.08544921875,-0.37841796875,-0.390625,0.7080078125,-0.29296875,1.15966796875,0.1708984375,0.48828125,-0.47607421875,-0.09765625,0,0.74462890625,-0.08544921875,0.89111328125,0.13427734375,0.84228515625,-0.25634765625,1.07421875,-0.13427734375,0.68359375,-0.0732421875,0.341796875,-0.25634765625,1.06201171875,0.06103515625,0.25634765625,-0.18310546875,0.2197265625,-0.32958984375,0.30517578125,0.1220703125,0.8056640625,0.23193359375,0.03662109375,0.1953125,1.3427734375,-0.4638671875,-1.01318359375,-0.13427734375,-0.3173828125,-0.23193359375,-1.01318359375,-0.1220703125,-0.76904296875,-0.341796875,-1.15966796875,-0.09765625,-0.29296875,0.244140625,-0.32958984375,-0.2685546875,-1.2451171875,0.01220703125,-2.099609375,0.09765625,-1.98974609375,0,-1.8310546875,-0.10986328125,-2.16064453125,0,-0.57373046875,-0.23193359375,-1.47705078125,-0.2197265625,-1.06201171875,-0.23193359375,0.35400390625,-0.01220703125,0.390625,0.01220703125,-0.01220703125,-0.06103515625,-0.1220703125,-0.20751953125,0.1708984375,-0.09765625,-0.0244140625,0,0.79345703125,0.0244140625,-0.50048828125,-0.13427734375,-0.537109375
1,0.0244140625,-0.32958984375,-0.1220703125,-0.3662109375,-0.048828125,-0.40283203125,-0.13427734375,-0.03662109375,-0.03662109375,-0.01220703125,-0.244140625,-0.87890625,0.048828125,1.06201171875,-0.1220703125,-0.18310546875,-0.0244140625,-0.69580078125,0.09765625,-0.25634765625,0.29296875,0.830078125,0.06103515625,-0.8056640625,-0.28076171875,-0.10986328125,-0.03662109375,-0.8056640625,-0.23193359375,0.87890625,0.1708984375,0.2197265625,-0.341796875,-0.341796875,0.09765625,-0.87890625,-0.25634765625,-0.439453125,-0.06103515625,-0.76904296875,-0.30517578125,-0.146484375,-0.341796875,-0.62255859375,-0.08544921875,-0.40283203125,-0.48828125,0.732421875,-0.244140625,1.15966796875,0.2197265625,0.5126953125,-0.5859375,-0.08544921875,-0.01220703125,0.72021484375,0.048828125,0.830078125,0.25634765625,0.86669921875,-0.20751953125,1.11083984375,-0.1708984375,0.7568359375,-0.048828125,0.341796875,-0.20751953125,1.06201171875,0.0732421875,0.23193359375,-0.18310546875,0.20751953125,-0.341796875,0.28076171875,0.1220703125,0.81787109375,0.2197265625,0.048828125,0.146484375,1.35498046875,-0.45166015625,-1.025390625,-0.10986328125,-0.3173828125,-0.1220703125,-1.0009765625,-0.1220703125,-0.76904296875,-0.390625,-1.23291015625,-0.08544921875,-0.25634765625,0.18310546875,-0.341796875,-0.244140625,-1.23291015625,-0.08544921875,-2.24609375,0.18310546875,-2.1484375,0,-1.96533203125,-0.06103515625,-2.5146484375,-0.048828125,-0.64697265625,-0.146484375,-1.50146484375,-0.244140625,-1.0498046875,-0.18310546875,0.3662109375,-0.03662109375,0.37841796875,0,-0.01220703125,-0.0732421875,-0.13427734375,-0.2197265625,0.1220703125,-0.1220703125,-0.0244140625,0.0244140625,0.74462890625,0.06103515625,-0.50048828125,-0.146484375,-0.537109375
1,0.01220703125,-0.35400390625,-0.146484375,-0.3662109375,-0.09765625,-0.390625,-0.146484375,-0.0244140625,-0.03662109375,-0.01220703125,-0.25634765625,-0.9033203125,0.048828125,1.08642578125,-0.10986328125,-0.18310546875,-0.0244140625,-0.7080078125,0.06103515625,-0.23193359375,0.146484375,0.81787109375,0.01220703125,-0.79345703125,-0.1953125,-0.146484375,0.06103515625,-0.79345703125,-0.10986328125,0.89111328125,0.15869140625,0.2197265625,-0.15869140625,-0.341796875,0.1220703125,-0.87890625,-0.15869140625,-0.439453125,-0.048828125,-0.74462890625,-0.23193359375,-0.15869140625,-0.4150390625,-0.59814453125,-0.0732421875,-0.40283203125,-0.6591796875,0.74462890625,-0.146484375,1.171875,0.1953125,0.537109375,-0.6591796875,-0.10986328125,-0.03662109375,0.74462890625,0.01220703125,0.9033203125,0.32958984375,1.025390625,-0.20751953125,1.220703125,-0.10986328125,0.9033203125,-0.0244140625,0.29296875,-0.1220703125,1.0498046875,0.08544921875,0.2197265625,-0.15869140625,0.20751953125,-0.32958984375,0.2685546875,0.146484375,0.8544921875,0.20751953125,0.0244140625,0.08544921875,1.3427734375,-0.4150390625,-1.01318359375,-0.048828125,-0.3173828125,-0.01220703125,-0.98876953125,-0.09765625,-0.78125,-0.4150390625,-1.318359375,-0.0732421875,-0.25634765625,0.0732421875,-0.35400390625,-0.1220703125,-1.220703125,-0.09765625,-2.197265625,0.2197265625,-2.11181640625,-0.03662109375,-1.9287109375,0.0732421875,-2.52685546875,-0.03662109375,-0.732421875,-0.09765625,-1.46484375,-0.25634765625,-1.06201171875,-0.13427734375,0.3662109375,-0.0244140625,0.35400390625,-0.01220703125,0,-0.0732421875,-0.1220703125,-0.20751953125,0.10986328125,-0.10986328125,-0.01220703125,0.0244140625,0.732421875,0.06103515625,-0.50048828125,-0.1708984375,-0.52490234375
1,0,-0.341796875,-0.13427734375,-0.341796875,-0.09765625,-0.37841796875,-0.146484375,-0.0244140625,-0.03662109375,-0.0244140625,-0.29296875,-0.9033203125,0.0244140625,1.0986328125,-0.18310546875,-0.1953125,-0.0732421875,-0.7080078125,0.03662109375,-0.244140625,0.01220703125,0.8056640625,-0.03662109375,-0.79345703125,-0.10986328125,-0.1708984375,0.146484375,-0.8056640625,0,0.9033203125,0.09765625,0.20751953125,0.048828125,-0.29296875,0.13427734375,-0.87890625,-0.06103515625,-0.4150390625,-0.048828125,-0.732421875,-0.146484375,-0.15869140625,-0.390625,-0.6103515625,-0.048828125,-0.3662109375,-0.72021484375,0.78125,-0.06103515625,1.13525390625,0.2197265625,0.5126953125,-0.68359375,-0.09765625,-0.08544921875,0.74462890625,-0.048828125,1.11083984375,0.341796875,1.23291015625,-0.23193359375,1.37939453125,-0.048828125,1.18408203125,0.0244140625,0.29296875,-0.048828125,1.06201171875,0.0732421875,0.18310546875,-0.15869140625,0.18310546875,-0.30517578125,0.28076171875,0.18310546875,0.84228515625,0.146484375,0.01220703125,0.03662109375,1.33056640625,-0.32958984375,-1.0009765625,0.03662109375,-0.341796875,0.08544921875,-0.98876953125,-0.08544921875,-0.78125,-0.4150390625,-1.3916015625,-0.048828125,-0.2197265625,-0.048828125,-0.32958984375,0.0244140625,-1.220703125,-0.15869140625,-1.98974609375,0.1708984375,-1.8798828125,-0.08544921875,-1.7822265625,0.08544921875,-2.20947265625,-0.03662109375,-0.79345703125,-0.0732421875,-1.4404296875,-0.2685546875,-1.0498046875,-0.0732421875,0.390625,-0.03662109375,0.32958984375,0.01220703125,0.01220703125,-0.06103515625,-0.1220703125,-0.1953125,0.10986328125,-0.1220703125,0,0.03662109375,0.732421875,0.048828125,-0.5126953125,-0.146484375,-0.537109375
1,-0.01220703125,-0.32958984375,-0.146484375,-0.35400390625,-0.09765625,-0.390625,-0.1220703125,-0.03662109375,-0.01220703125,-0.01220703125,-0.30517578125,-0.9033203125,0,1.123046875,-0.18310546875,-0.1953125,-0.1220703125,-0.7080078125,0,-0.23193359375,-0.13427734375,0.8056640625,-0.0732421875,-0.78125,-0.08544921875,-0.1953125,0.244140625,-0.78125,0.0732421875,0.91552734375,0.13427734375,0.1953125,0.244140625,-0.28076171875,0.1220703125,-0.87890625,-0.0244140625,-0.40283203125,0,-0.732421875,-0.06103515625,-0.18310546875,-0.32958984375,-0.62255859375,-0.01220703125,-0.35400390625,-0.7568359375,0.78125,0.03662109375,1.13525390625,0.1708984375,0.5126953125,-0.72021484375,-0.10986328125,-0.146484375,0.74462890625,-0.048828125,1.40380859375,0.439453125,1.47705078125,-0.1953125,1.55029296875,0.03662109375,1.47705078125,0.0732421875,0.2685546875,0,1.0498046875,0.06103515625,0.146484375,-0.10986328125,0.1953125,-0.29296875,0.2685546875,0.1953125,0.8544921875,0.13427734375,0.01220703125,0.0244140625,1.3427734375,-0.244140625,-1.0009765625,0.10986328125,-0.341796875,0.1220703125,-0.9765625,-0.06103515625,-0.79345703125,-0.35400390625,-1.45263671875,-0.0244140625,-0.2197265625,-0.0732421875,-0.341796875,0.15869140625,-1.220703125,-0.1220703125,-1.611328125,0.20751953125,-1.52587890625,-0.06103515625,-1.52587890625,0.20751953125,-1.66015625,-0.01220703125,-0.830078125,-0.06103515625,-1.45263671875,-0.29296875,-1.0498046875,-0.01220703125,0.390625,-0.03662109375,0.32958984375,0.01220703125,0.01220703125,-0.0732421875,-0.09765625,-0.146484375,0.10986328125,-0.09765625,0.01220703125,0.03662109375,0.7568359375,0.06103515625,-0.48828125,-0.15869140625,-0.537109375
1,0,-0.3173828125,-0.13427734375,-0.35400390625,-0.10986328125,-0.37841796875,-0.146484375,-0.03662109375,0,-0.0244140625,-0.3173828125,-0.87890625,0,1.13525390625,-0.18310546875,-0.20751953125,-0.1708984375,-0.68359375,-0.048828125,-0.2197265625,-0.2197265625,0.78125,-0.146484375,-0.78125,-0.06103515625,-0.20751953125,0.2685546875,-0.79345703125,0.08544921875,0.9033203125,0.1220703125,0.1953125,0.30517578125,-0.25634765625,0.1953125,-0.87890625,-0.0244140625,-0.4150390625,0.06103515625,-0.732421875,-0.03662109375,-0.18310546875,-0.20751953125,-0.67138671875,0,-0.341796875,-0.89111328125,0.79345703125,0.08544921875,1.123046875,0.1220703125,0.47607421875,-0.69580078125,-0.1220703125,-0.23193359375,0.74462890625,-0.1953125,1.69677734375,0.45166015625,1.708984375,-0.15869140625,1.708984375,0.08544921875,1.77001953125,0.08544921875,0.25634765625,0.09765625,1.025390625,0.01220703125,0.13427734375,-0.09765625,0.18310546875,-0.2197265625,0.25634765625,0.1708984375,0.8544921875,0.08544921875,-0.048828125,-0.03662109375,1.3427734375,-0.10986328125,-1.0009765625,0.1708984375,-0.3173828125,0.09765625,-0.96435546875,-0.0244140625,-0.7568359375,-0.2685546875,-1.513671875,-0.01220703125,-0.23193359375,-0.0244140625,-0.341796875,0.18310546875,-1.1962890625,-0.15869140625,-1.20849609375,0.09765625,-1.11083984375,-0.1220703125,-1.20849609375,0.1953125,-1.0009765625,0.0244140625,-0.830078125,-0.1220703125,-1.4404296875,-0.2685546875,-1.0498046875,0.0244140625,0.40283203125,-0.01220703125,0.32958984375,0.01220703125,0.0244140625,-0.08544921875,-0.09765625,-0.1220703125,0.10986328125,-0.08544921875,0,0.0244140625,0.79345703125,0.0732421875,-0.5126953125,-0.1220703125,-0.52490234375
1,0.0244140625,-0.30517578125,-0.1708984375,-0.341796875,-0.09765625,-0.390625,-0.146484375,-0.0244140625,0.0244140625,-0.0244140625,-0.341796875,-0.87890625,-0.0244140625,1.13525390625,-0.18310546875,-0.2197265625,-0.1708984375,-0.67138671875,-0.06103515625,-0.2197265625,-0.1953125,0.79345703125,-0.18310546875,-0.76904296875,-0.06103515625,-0.23193359375,0.244140625,-0.76904296875,0.0732421875,0.89111328125,0.1708984375,0.1708984375,0.3173828125,-0.2685546875,0.32958984375,-0.9033203125,-0.03662109375,-0.4150390625,0.09765625,-0.7568359375,-0.0244140625,-0.23193359375,-0.10986328125,-0.69580078125,-0.01220703125,-0.3662109375,-0.84228515625,0.78125,0.09765625,1.11083984375,0.1220703125,0.47607421875,-0.62255859375,-0.10986328125,-0.29296875,0.72021484375,-0.1953125,1.9287109375,0.40283203125,1.806640625,-0.10986328125,1.77001953125,0.1220703125,1.953125,0.08544921875,0.244140625,0.15869140625,1.03759765625,0.01220703125,0.1220703125,-0.048828125,0.1953125,-0.13427734375,0.2685546875,0.1708984375,0.8056640625,0.0732421875,-0.048828125,-0.03662109375,1.3427734375,0.0244140625,-0.96435546875,0.2197265625,-0.32958984375,0.0244140625,-0.96435546875,0.048828125,-0.78125,-0.15869140625,-1.52587890625,-0.0244140625,-0.2197265625,0.10986328125,-0.29296875,0.1708984375,-1.1962890625,-0.1708984375,-0.8056640625,-0.01220703125,-0.7080078125,-0.18310546875,-0.91552734375,0.13427734375,-0.3173828125,0.048828125,-0.78125,-0.1953125,-1.42822265625,-0.20751953125,-1.03759765625,0.01220703125,0.4150390625,0.01220703125,0.341796875,-0.01220703125,0.0244140625,-0.06103515625,-0.09765625,-0.09765625,0.1220703125,-0.0732421875,-0.0244140625,0,0.79345703125,0.09765625,-0.52490234375,-0.06103515625,-0.52490234375
1,0.03662109375,-0.28076171875,-0.18310546875,-0.35400390625,-0.10986328125,-0.4150390625,-0.13427734375,-0.06103515625,0.0244140625,-0.01220703125,-0.32958984375,-0.84228515625,-0.048828125,1.123046875,-0.1953125,-0.23193359375,-0.15869140625,-0.68359375,-0.08544921875,-0.2197265625,-0.15869140625,0.81787109375,-0.1953125,-0.7568359375,-0.06103515625,-0.20751953125,0.15869140625,-0.79345703125,0.01220703125,0.89111328125,0.20751953125,0.18310546875,0.20751953125,-0.25634765625,0.4638671875,-0.87890625,-0.10986328125,-0.40283203125,0.15869140625,-0.732421875,0.01220703125,-0.2197265625,0.0244140625,-0.7080078125,0,-0.3662109375,-0.76904296875,0.78125,0.09765625,1.123046875,0.03662109375,0.45166015625,-0.57373046875,-0.10986328125,-0.390625,0.732421875,-0.23193359375,2.05078125,0.341796875,1.85546875,-0.1708984375,1.7333984375,0.0732421875,1.9775390625,0.09765625,0.2685546875,0.20751953125,1.025390625,0,0.146484375,-0.01220703125,0.1953125,-0.048828125,0.25634765625,0.15869140625,0.830078125,0.01220703125,-0.048828125,-0.01220703125,1.3427734375,0.1708984375,-0.96435546875,0.23193359375,-0.341796875,-0.08544921875,-0.9765625,0.1220703125,-0.78125,-0.08544921875,-1.57470703125,0,-0.23193359375,0.29296875,-0.29296875,0.1220703125,-1.18408203125,-0.08544921875,-0.50048828125,0.048828125,-0.40283203125,-0.09765625,-0.67138671875,0.244140625,0.23193359375,0.08544921875,-0.72021484375,-0.3173828125,-1.42822265625,-0.15869140625,-1.06201171875,0.0244140625,0.4150390625,0.0244140625,0.35400390625,-0.01220703125,0.0244140625,-0.0732421875,-0.10986328125,-0.08544921875,0.13427734375,-0.0732421875,-0.01220703125,-0.01220703125,0.8544921875,0.10986328125,-0.537109375,-0.048828125,-0.52490234375
1,0.048828125,-0.29296875,-0.18310546875,-0.37841796875,-0.10986328125,-0.4150390625,-0.13427734375,-0.06103515625,0.0244140625,-0.0244140625,-0.341796875,-0.86669921875,-0.08544921875,1.123046875,-0.1953125,-0.25634765625,-0.15869140625,-0.67138671875,-0.08544921875,-0.23193359375,-0.0244140625,0.8056640625,-0.146484375,-0.7568359375,-0.06103515625,-0.1953125,0.06103515625,-0.79345703125,-0.03662109375,0.87890625,0.20751953125,0.1953125,0.06103515625,-0.244140625,0.5859375,-0.84228515625,-0.18310546875,-0.439453125,0.1953125,-0.7568359375,0.0244140625,-0.2197265625,0.03662109375,-0.732421875,0,-0.3173828125,-0.68359375,0.74462890625,0.06103515625,1.11083984375,-0.08544921875,0.45166015625,-0.52490234375,-0.13427734375,-0.5126953125,0.72021484375,-0.09765625,2.001953125,0.29296875,1.79443359375,-0.09765625,1.59912109375,0.10986328125,1.86767578125,0.10986328125,0.29296875,0.23193359375,1.03759765625,0.0244140625,0.18310546875,-0.01220703125,0.2197265625,0.06103515625,0.25634765625,0.0732421875,0.84228515625,-0.048828125,-0.048828125,0.01220703125,1.3427734375,0.2685546875,-0.9521484375,0.20751953125,-0.35400390625,-0.1953125,-0.9765625,0.15869140625,-0.78125,-0.048828125,-1.57470703125,0,-0.23193359375,0.42724609375,-0.30517578125,0.06103515625,-1.18408203125,-0.13427734375,-0.29296875,0.01220703125,-0.20751953125,-0.06103515625,-0.52490234375,0.20751953125,0.54931640625,0.06103515625,-0.634765625,-0.390625,-1.45263671875,-0.10986328125,-1.025390625,0,0.4150390625,0.03662109375,0.3662109375,-0.03662109375,0.01220703125,-0.08544921875,-0.10986328125,-0.0732421875,0.15869140625,-0.08544921875,-0.03662109375,-0.03662109375,0.86669921875,0.1220703125,-0.54931640625,-0.06103515625,-0.537109375
1,0.0244140625,-0.3173828125,-0.1708984375,-0.390625,-0.10986328125,-0.439453125,-0.1220703125,-0.08544921875,0.048828125,0,-0.341796875,-0.84228515625,-0.1220703125,1.11083984375,-0.1708984375,-0.25634765625,-0.15869140625,-0.67138671875,-0.06103515625,-0.23193359375,0.09765625,0.8056640625,-0.10986328125,-0.7568359375,-0.048828125,-0.1953125,-0.03662109375,-0.79345703125,-0.09765625,0.89111328125,0.15869140625,0.20751953125,-0.03662109375,-0.28076171875,0.6103515625,-0.8544921875,-0.244140625,-0.439453125,0.2197265625,-0.76904296875,0.0732421875,-0.20751953125,-0.03662109375,-0.74462890625,0.01220703125,-0.3173828125,-0.5615234375,0.732421875,0.03662109375,1.11083984375,-0.1708984375,0.45166015625,-0.48828125,-0.15869140625,-0.57373046875,0.732421875,-0.0244140625,1.86767578125,0.23193359375,1.62353515625,-0.06103515625,1.42822265625,0.09765625,1.64794921875,0.13427734375,0.3173828125,0.25634765625,1.06201171875,0.0244140625,0.20751953125,-0.0244140625,0.2197265625,0.09765625,0.2685546875,0.0244140625,0.8056640625,-0.08544921875,-0.048828125,0.048828125,1.33056640625,0.3173828125,-0.96435546875,0.18310546875,-0.35400390625,-0.2685546875,-0.98876953125,0.146484375,-0.78125,-0.01220703125,-1.5869140625,0,-0.244140625,0.5126953125,-0.28076171875,-0.01220703125,-1.15966796875,-0.1708984375,-0.20751953125,-0.0244140625,-0.13427734375,-0.09765625,-0.4638671875,0.09765625,0.64697265625,0.03662109375,-0.5126953125,-0.40283203125,-1.4404296875,-0.09765625,-1.0498046875,0,0.40283203125,0.048828125,0.37841796875,-0.01220703125,0.01220703125,-0.06103515625,-0.08544921875,-0.08544921875,0.18310546875,-0.08544921875,-0.06103515625,-0.048828125,0.830078125,0.15869140625,-0.5615234375,-0.0732421875,-0.52490234375
1,0.0244140625,-0.32958984375,-0.15869140625,-0.390625,-0.09765625,-0.45166015625,-0.13427734375,-0.0732421875,0.01220703125,0,-0.35400390625,-0.87890625,-0.1220703125,1.08642578125,-0.15869140625,-0.244140625,-0.1220703125,-0.6591796875,-0.03662109375,-0.2197265625,0.1953125,0.81787109375,-0.06103515625,-0.732421875,-0.0244140625,-0.1708984375,-0.08544921875,-0.81787109375,-0.13427734375,0.87890625,0.048828125,0.1953125,-0.09765625,-0.32958984375,0.5859375,-0.830078125,-0.30517578125,-0.47607421875,0.20751953125,-0.78125,0.18310546875,-0.20751953125,-0.10986328125,-0.72021484375,0.0244140625,-0.35400390625,-0.47607421875,0.68359375,-0.03662109375,1.11083984375,-0.244140625,0.45166015625,-0.4638671875,-0.13427734375,-0.64697265625,0.732421875,0.09765625,1.7578125,0.1953125,1.45263671875,-0.048828125,1.26953125,0.13427734375,1.416015625,0.15869140625,0.30517578125,0.244140625,1.07421875,0.03662109375,0.23193359375,-0.048828125,0.1953125,0.1220703125,0.2685546875,-0.01220703125,0.830078125,-0.08544921875,-0.0244140625,0.0732421875,1.35498046875,0.3173828125,-0.98876953125,0.13427734375,-0.3662109375,-0.25634765625,-1.01318359375,0.0732421875,-0.76904296875,-0.01220703125,-1.57470703125,-0.01220703125,-0.25634765625,0.54931640625,-0.28076171875,-0.0732421875,-1.1474609375,-0.13427734375,-0.244140625,0.08544921875,-0.18310546875,0,-0.47607421875,0.13427734375,0.50048828125,-0.03662109375,-0.4150390625,-0.341796875,-1.45263671875,-0.0732421875,-1.06201171875,-0.06103515625,0.390625,0,0.40283203125,0.048828125,0.01220703125,-0.0732421875,-0.0732421875,-0.08544921875,0.1708984375,-0.09765625,-0.048828125,-0.048828125,0.8056640625,0.18310546875,-0.537109375,-0.09765625,-0.537109375
1,0.0244140625,-0.32958984375,-0.15869140625,-0.37841796875,-0.08544921875,-0.439453125,-0.13427734375,-0.0732421875,0.03662109375,0,-0.390625,-0.87890625,-0.10986328125,1.08642578125,-0.15869140625,-0.244140625,-0.13427734375,-0.67138671875,0.048828125,-0.2197265625,0.3173828125,0.81787109375,-0.0244140625,-0.74462890625,-0.0244140625,-0.15869140625,-0.15869140625,-0.8056640625,-0.15869140625,0.87890625,-0.06103515625,0.20751953125,-0.06103515625,-0.3662109375,0.537109375,-0.830078125,-0.29296875,-0.47607421875,0.13427734375,-0.78125,0.244140625,-0.1708984375,-0.244140625,-0.68359375,0.08544921875,-0.3662109375,-0.40283203125,0.69580078125,-0.13427734375,1.13525390625,-0.3173828125,0.47607421875,-0.42724609375,-0.13427734375,-0.62255859375,0.732421875,0.18310546875,1.74560546875,0.15869140625,1.33056640625,0.01220703125,1.20849609375,0.15869140625,1.28173828125,0.1708984375,0.28076171875,0.23193359375,1.07421875,0.0732421875,0.23193359375,-0.0732421875,0.2197265625,0.13427734375,0.244140625,-0.048828125,0.830078125,-0.048828125,-0.03662109375,0.08544921875,1.3427734375,0.29296875,-1.01318359375,0.0732421875,-0.3662109375,-0.23193359375,-1.01318359375,-0.048828125,-0.7568359375,-0.0244140625,-1.57470703125,-0.03662109375,-0.2685546875,0.4638671875,-0.29296875,-0.08544921875,-1.13525390625,-0.146484375,-0.341796875,0.03662109375,-0.28076171875,-0.06103515625,-0.52490234375,0,0.23193359375,-0.06103515625,-0.30517578125,-0.30517578125,-1.47705078125,-0.09765625,-1.06201171875,-0.1220703125,0.390625,-0.01220703125,0.390625,0.0732421875,0.01220703125,-0.06103515625,-0.048828125,-0.1220703125,0.1708984375,-0.10986328125,-0.06103515625,-0.03662109375,0.79345703125,0.20751953125,-0.52490234375,-0.10986328125,-0.5126953125
1,0.01220703125,-0.35400390625,-0.146484375,-0.3662109375,-0.0732421875,-0.45166015625,-0.10986328125,-0.048828125,0.0732421875,0.0244140625,-0.390625,-0.89111328125,-0.13427734375,1.07421875,-0.13427734375,-0.20751953125,-0.1220703125,-0.68359375,0.1708984375,-0.20751953125,0.35400390625,0.81787109375,0.01220703125,-0.7568359375,-0.09765625,-0.146484375,-0.15869140625,-0.78125,-0.13427734375,0.89111328125,-0.18310546875,0.1953125,0.0244140625,-0.35400390625,0.37841796875,-0.84228515625,-0.29296875,-0.439453125,0.0244140625,-0.78125,0.244140625,-0.1708984375,-0.3173828125,-0.634765625,0.13427734375,-0.3662109375,-0.40283203125,0.69580078125,-0.18310546875,1.13525390625,-0.341796875,0.47607421875,-0.4150390625,-0.1220703125,-0.52490234375,0.7568359375,0.18310546875,2.001953125,0.09765625,1.3427734375,0.03662109375,1.28173828125,0.10986328125,1.318359375,0.2197265625,0.244140625,0.18310546875,1.06201171875,0.09765625,0.244140625,-0.09765625,0.20751953125,0.10986328125,0.23193359375,-0.0244140625,0.8056640625,-0.0244140625,0,0.08544921875,1.33056640625,0.25634765625,-1.0009765625,0.01220703125,-0.35400390625,-0.1708984375,-1.01318359375,-0.146484375,-0.7568359375,-0.0732421875,-1.57470703125,-0.06103515625,-0.2685546875,0.3662109375,-0.29296875,-0.01220703125,-1.15966796875,-0.09765625,-0.439453125,0.0732421875,-0.390625,-0.1220703125,-0.5859375,-0.09765625,-0.09765625,-0.18310546875,-0.2197265625,-0.23193359375,-1.47705078125,-0.10986328125,-1.06201171875,-0.18310546875,0.37841796875,-0.01220703125,0.390625,0.10986328125,0,-0.0732421875,-0.0244140625,-0.1220703125,0.15869140625,-0.13427734375,-0.048828125,-0.0244140625,0.78125,0.1953125,-0.52490234375,-0.08544921875,-0.52490234375
1,0,-0.3662109375,-0.15869140625,-0.32958984375,-0.08544921875,-0.4150390625,-0.1220703125,-0.01220703125,0.08544921875,0.01220703125,-0.390625,-0.87890625,-0.146484375,1.08642578125,-0.09765625,-0.18310546875,-0.10986328125,-0.69580078125,0.28076171875,-0.2197265625,0.341796875,0.81787109375,0.0732421875,-0.7568359375,-0.1220703125,-0.13427734375,-0.146484375,-0.79345703125,-0.08544921875,0.9033203125,-0.23193359375,0.20751953125,0.15869140625,-0.37841796875,0.1708984375,-0.84228515625,-0.28076171875,-0.42724609375,-0.01220703125,-0.74462890625,0.18310546875,-0.15869140625,-0.45166015625,-0.634765625,0.146484375,-0.3662109375,-0.439453125,0.732421875,-0.20751953125,1.13525390625,-0.3662109375,0.47607421875,-0.35400390625,-0.10986328125,-0.439453125,0.74462890625,0.2685546875,2.5634765625,0.1220703125,1.55029296875,0.08544921875,1.55029296875,0.048828125,1.59912109375,0.2197265625,0.20751953125,0.1220703125,1.06201171875,0.08544921875,0.2685546875,-0.13427734375,0.1953125,0.13427734375,0.244140625,-0.06103515625,0.84228515625,0.03662109375,0.0244140625,0.048828125,1.3427734375,0.23193359375,-1.0009765625,-0.0244140625,-0.341796875,-0.10986328125,-0.98876953125,-0.2685546875,-0.7568359375,-0.18310546875,-1.55029296875,-0.1220703125,-0.2685546875,0.18310546875,-0.3173828125,0.048828125,-1.18408203125,-0.0244140625,-0.45166015625,0.10986328125,-0.4638671875,-0.09765625,-0.57373046875,-0.01220703125,-0.341796875,-0.2197265625,-0.13427734375,-0.146484375,-1.47705078125,-0.15869140625,-1.07421875,-0.18310546875,0.37841796875,-0.0244140625,0.390625,0.1220703125,0,-0.0732421875,-0.0244140625,-0.146484375,0.13427734375,-0.13427734375,-0.03662109375,-0.01220703125,0.7568359375,0.1953125,-0.5126953125,-0.08544921875,-0.52490234375
1,-0.01220703125,-0.37841796875,-0.1708984375,-0.3173828125,-0.08544921875,-0.40283203125,-0.1220703125,-0.01220703125,0.08544921875,0.0244140625,-0.4150390625,-0.89111328125,-0.146484375,1.06201171875,-0.048828125,-0.1708984375,-0.09765625,-0.69580078125,0.37841796875,-0.20751953125,0.25634765625,0.81787109375,0.146484375,-0.76904296875,-0.146484375,-0.13427734375,-0.09765625,-0.8056640625,-0.0244140625,0.91552734375,-0.2685546875,0.1953125,0.2685546875,-0.341796875,0.0244140625,-0.8544921875,-0.28076171875,-0.4150390625,-0.01220703125,-0.7568359375,0.0244140625,-0.15869140625,-0.45166015625,-0.6103515625,0.18310546875,-0.37841796875,-0.4638671875,0.732421875,-0.1708984375,1.15966796875,-0.35400390625,0.4638671875,-0.35400390625,-0.09765625,-0.35400390625,0.7568359375,0.13427734375,3.4912109375,0.08544921875,1.94091796875,0.08544921875,2.001953125,-0.09765625,2.18505859375,0.20751953125,0.1708984375,0.09765625,1.0498046875,0.10986328125,0.25634765625,-0.1708984375,0.1953125,0.08544921875,0.244140625,-0.06103515625,0.830078125,0.09765625,0.048828125,0.03662109375,1.318359375,0.23193359375,-1.025390625,-0.03662109375,-0.35400390625,-0.03662109375,-0.98876953125,-0.30517578125,-0.78125,-0.25634765625,-1.5625,-0.15869140625,-0.28076171875,0.03662109375,-0.32958984375,0.06103515625,-1.171875,-0.06103515625,-0.40283203125,0.01220703125,-0.40283203125,-0.1953125,-0.52490234375,-0.0732421875,-0.45166015625,-0.244140625,-0.06103515625,-0.10986328125,-1.45263671875,-0.18310546875,-1.0498046875,-0.15869140625,0.390625,-0.048828125,0.37841796875,0.10986328125,0.01220703125,-0.0732421875,-0.0244140625,-0.146484375,0.10986328125,-0.146484375,-0.01220703125,-0.0244140625,0.7568359375,0.13427734375,-0.48828125,-0.08544921875,-0.52490234375
0,0.0244140625,-0.3662109375,-0.1220703125,-0.3173828125,-0.09765625,-0.4150390625,-0.1220703125,-0.03662109375,0.10986328125,-0.0244140625,-0.42724609375,-0.9033203125,-0.1953125,1.0986328125,-0.03662109375,-0.1708984375,-0.1220703125,-0.67138671875,0.42724609375,-0.1953125,0.1953125,0.81787109375,0.1953125,-0.76904296875,-0.146484375,-0.15869140625,-0.0244140625,-0.8056640625,0.0244140625,0.91552734375,-0.23193359375,0.1953125,0.30517578125,-0.30517578125,-0.03662109375,-0.8544921875,-0.2685546875,-0.37841796875,-0.03662109375,-0.7568359375,-0.08544921875,-0.146484375,-0.37841796875,-0.62255859375,0.13427734375,-0.341796875,-0.52490234375,0.76904296875,-0.10986328125,1.18408203125,-0.30517578125,0.47607421875,-0.3173828125,-0.09765625,-0.2685546875,0.7568359375,0.1708984375,4.78515625,0.08544921875,2.5634765625,-0.01220703125,2.6123046875,-0.09765625,3.03955078125,0.18310546875,0.15869140625,0,1.06201171875,0.0732421875,0.244140625,-0.1953125,0.1953125,0.0244140625,0.25634765625,-0.0244140625,0.8056640625,0.13427734375,0.06103515625,-0.0244140625,1.3427734375,0.20751953125,-1.025390625,-0.0732421875,-0.3173828125,0.0244140625,-0.9765625,-0.28076171875,-0.78125,-0.28076171875,-1.5380859375,-0.1953125,-0.25634765625,-0.048828125,-0.3662109375,0.08544921875,-1.220703125,-0.06103515625,-0.23193359375,-0.03662109375,-0.23193359375,-0.1708984375,-0.4150390625,-0.048828125,-0.37841796875,-0.1953125,0,-0.048828125,-1.42822265625,-0.1953125,-1.03759765625,-0.1220703125,0.390625,-0.06103515625,0.35400390625,0.10986328125,0,-0.06103515625,-0.01220703125,-0.13427734375,0.09765625,-0.10986328125,-0.0244140625,-0.03662109375,0.76904296875,0.10986328125,-0.48828125,-0.06103515625,-0.5126953125
0,0.01220703125,-0.35400390625,-0.13427734375,-0.3173828125,-0.09765625,-0.390625,-0.13427734375,-0.01220703125,0.13427734375,-0.0244140625,-0.42724609375,-0.9033203125,-0.1953125,1.0986328125,0.01220703125,-0.1708984375,-0.1220703125,-0.67138671875,0.4150390625,-0.18310546875,0.1220703125,0.830078125,0.28076171875,-0.76904296875,-0.1220703125,-0.1953125,0.03662109375,-0.76904296875,0.0732421875,0.9033203125,-0.146484375,0.1953125,0.25634765625,-0.244140625,-0.048828125,-0.89111328125,-0.2197265625,-0.35400390625,0.01220703125,-0.72021484375,-0.20751953125,-0.13427734375,-0.29296875,-0.64697265625,0.06103515625,-0.3173828125,-0.5615234375,0.81787109375,-0.09765625,1.20849609375,-0.2685546875,0.45166015625,-0.25634765625,-0.0732421875,-0.2197265625,0.7568359375,0.01220703125,6.396484375,0.0732421875,3.3203125,-0.048828125,3.369140625,-0.18310546875,4.1015625,0.15869140625,0.18310546875,-0.048828125,1.06201171875,0.06103515625,0.2197265625,-0.23193359375,0.20751953125,-0.0244140625,0.2685546875,-0.0244140625,0.81787109375,0.18310546875,0.048828125,-0.048828125,1.33056640625,0.1953125,-1.0009765625,-0.08544921875,-0.3173828125,0.06103515625,-0.96435546875,-0.2197265625,-0.76904296875,-0.29296875,-1.5380859375,-0.244140625,-0.2685546875,-0.048828125,-0.35400390625,0.048828125,-1.23291015625,-0.0244140625,0.01220703125,-0.13427734375,0.03662109375,-0.15869140625,-0.244140625,-0.0244140625,-0.13427734375,-0.0732421875,0.03662109375,-0.0244140625,-1.416015625,-0.23193359375,-1.025390625,-0.09765625,0.40283203125,-0.048828125,0.341796875,0.09765625,-0.01220703125,-0.0732421875,-0.0244140625,-0.10986328125,0.10986328125,-0.09765625,-0.0244140625,-0.048828125,0.8056640625,0.09765625,-0.5126953125,-0.08544921875,-0.5126953125
0,-0.01220703125,-0.32958984375,-0.10986328125,-0.341796875,-0.09765625,-0.3662109375,-0.146484375,-0.048828125,0.1220703125,-0.03662109375,-0.439453125,-0.87890625,-0.1953125,1.123046875,0.06103515625,-0.18310546875,-0.146484375,-0.67138671875,0.35400390625,-0.20751953125,0.0732421875,0.81787109375,0.25634765625,-0.76904296875,-0.0732421875,-0.2197265625,0.09765625,-0.78125,0.146484375,0.89111328125,-0.06103515625,0.1953125,0.1220703125,-0.20751953125,-0.01220703125,-0.91552734375,-0.18310546875,-0.341796875,0.048828125,-0.74462890625,-0.28076171875,-0.15869140625,-0.1953125,-0.67138671875,-0.03662109375,-0.3173828125,-0.634765625,0.81787109375,-0.08544921875,1.2451171875,-0.18310546875,0.45166015625,-0.244140625,-0.06103515625,-0.146484375,0.74462890625,-0.01220703125,8.11767578125,-0.01220703125,4.13818359375,-0.1220703125,4.16259765625,-0.15869140625,5.2978515625,0.13427734375,0.1953125,-0.1220703125,1.03759765625,0.0244140625,0.1953125,-0.23193359375,0.20751953125,-0.08544921875,0.29296875,-0.01220703125,0.830078125,0.18310546875,0.06103515625,-0.03662109375,1.33056640625,0.23193359375,-0.9765625,-0.09765625,-0.3173828125,0.1220703125,-0.96435546875,-0.10986328125,-0.78125,-0.2685546875,-1.513671875,-0.2197265625,-0.2685546875,0.0244140625,-0.3662109375,0.03662109375,-1.2451171875,-0.048828125,0.28076171875,-0.20751953125,0.3173828125,-0.08544921875,-0.048828125,-0.01220703125,0.2197265625,0.01220703125,0.03662109375,-0.01220703125,-1.3916015625,-0.20751953125,-1.03759765625,-0.09765625,0.40283203125,-0.06103515625,0.35400390625,0.0732421875,-0.01220703125,-0.0732421875,-0.0244140625,-0.09765625,0.09765625,-0.0732421875,-0.0244140625,-0.06103515625,0.81787109375,0.06103515625,-0.5126953125,-0.08544921875,-0.5126953125
0,-0.01220703125,-0.32958984375,-0.10986328125,-0.35400390625,-0.0732421875,-0.35400390625,-0.15869140625,-0.03662109375,0.09765625,-0.03662109375,-0.4150390625,-0.89111328125,-0.1708984375,1.1474609375,0.1220703125,-0.20751953125,-0.13427734375,-0.6591796875,0.25634765625,-0.2197265625,0.06103515625,0.8056640625,0.20751953125,-0.7568359375,0,-0.23193359375,0.13427734375,-0.78125,0.18310546875,0.9033203125,0.06103515625,0.18310546875,0,-0.20751953125,0.01220703125,-0.927734375,-0.23193359375,-0.341796875,0.09765625,-0.732421875,-0.28076171875,-0.146484375,-0.1220703125,-0.69580078125,-0.15869140625,-0.341796875,-0.78125,0.84228515625,-0.10986328125,1.26953125,-0.1953125,0.439453125,-0.1953125,-0.048828125,-0.06103515625,0.732421875,0.06103515625,9.87548828125,0.03662109375,4.94384765625,-0.146484375,4.94384765625,-0.09765625,6.45751953125,0.0732421875,0.20751953125,-0.20751953125,1.06201171875,-0.01220703125,0.1953125,-0.244140625,0.2197265625,-0.13427734375,0.28076171875,0.0244140625,0.84228515625,0.1953125,0.03662109375,0,1.318359375,0.341796875,-0.98876953125,-0.09765625,-0.32958984375,0.15869140625,-0.9765625,0.0244140625,-0.79345703125,-0.1953125,-1.5380859375,-0.1708984375,-0.29296875,0.2197265625,-0.32958984375,-0.0244140625,-1.2451171875,-0.048828125,0.537109375,-0.244140625,0.59814453125,-0.01220703125,0.1220703125,0,0.6103515625,0.08544921875,0.048828125,0.0244140625,-1.3916015625,-0.18310546875,-1.025390625,-0.1220703125,0.40283203125,-0.0732421875,0.35400390625,0.048828125,-0.01220703125,-0.06103515625,-0.06103515625,-0.0732421875,0.1220703125,-0.0732421875,-0.03662109375,-0.09765625,0.84228515625,0.048828125,-0.5126953125,-0.06103515625,-0.48828125
0,0,-0.3173828125,-0.1220703125,-0.35400390625,-0.09765625,-0.37841796875,-0.15869140625,-0.0732421875,0.09765625,-0.03662109375,-0.42724609375,-0.87890625,-0.15869140625,1.13525390625,0.1708984375,-0.20751953125,-0.09765625,-0.67138671875,0.15869140625,-0.2197265625,0.01220703125,0.81787109375,0.146484375,-0.7568359375,0.06103515625,-0.2197265625,0.10986328125,-0.78125,0.146484375,0.89111328125,0.1953125,0.18310546875,-0.15869140625,-0.1953125,0.09765625,-0.927734375,-0.244140625,-0.341796875,0.13427734375,-0.74462890625,-0.244140625,-0.146484375,-0.10986328125,-0.7080078125,-0.28076171875,-0.341796875,-0.72021484375,0.86669921875,-0.1220703125,1.23291015625,-0.13427734375,0.439453125,-0.08544921875,0,-0.01220703125,0.72021484375,0.08544921875,11.4501953125,0.0244140625,5.65185546875,-0.1220703125,5.615234375,-0.09765625,7.50732421875,0.0244140625,0.25634765625,-0.25634765625,1.06201171875,-0.03662109375,0.1953125,-0.2197265625,0.244140625,-0.20751953125,0.29296875,0.048828125,0.87890625,0.1708984375,0.03662109375,0.09765625,1.33056640625,0.47607421875,-0.9765625,-0.08544921875,-0.32958984375,0.1708984375,-1.0009765625,0.1220703125,-0.79345703125,-0.146484375,-1.513671875,-0.09765625,-0.29296875,0.40283203125,-0.32958984375,-0.1220703125,-1.2451171875,-0.048828125,0.732421875,-0.25634765625,0.830078125,0.09765625,0.20751953125,0,0.93994140625,0.13427734375,0.0244140625,0.0244140625,-1.37939453125,-0.1220703125,-1.0498046875,-0.13427734375,0.40283203125,-0.048828125,0.3662109375,0.048828125,-0.01220703125,-0.0732421875,-0.03662109375,-0.0732421875,0.146484375,-0.0732421875,-0.0244140625,-0.10986328125,0.86669921875,0.06103515625,-0.5126953125,-0.048828125,-0.5126953125
0,0,-0.341796875,-0.13427734375,-0.35400390625,-0.0732421875,-0.37841796875,-0.18310546875,-0.0732421875,0.09765625,-0.03662109375,-0.4150390625,-0.86669921875,-0.1708984375,1.13525390625,0.20751953125,-0.23193359375,-0.048828125,-0.6591796875,0.048828125,-0.23193359375,-0.0244140625,0.8056640625,-0.01220703125,-0.732421875,0.1220703125,-0.1953125,0.0732421875,-0.78125,0.1708984375,0.9033203125,0.2685546875,0.1953125,-0.20751953125,-0.1953125,0.146484375,-0.91552734375,-0.1708984375,-0.35400390625,0.13427734375,-0.74462890625,-0.1220703125,-0.15869140625,-0.1220703125,-0.72021484375,-0.341796875,-0.32958984375,-0.8056640625,0.89111328125,-0.048828125,1.220703125,-0.0732421875,0.48828125,0,0.03662109375,0.06103515625,0.732421875,-0.01220703125,12.70751953125,0,6.201171875,-0.244140625,6.103515625,-0.1708984375,8.31298828125,-0.0244140625,0.30517578125,-0.2685546875,1.0498046875,-0.10986328125,0.2197265625,-0.18310546875,0.2197265625,-0.29296875,0.30517578125,0.08544921875,0.8544921875,0.15869140625,0.0244140625,0.15869140625,1.318359375,0.62255859375,-0.98876953125,-0.08544921875,-0.32958984375,0.1708984375,-1.025390625,0.1953125,-0.78125,-0.146484375,-1.50146484375,0.01220703125,-0.28076171875,0.5615234375,-0.32958984375,-0.15869140625,-1.2451171875,-0.048828125,0.78125,-0.20751953125,0.91552734375,0.1708984375,0.244140625,0.0244140625,1.123046875,0.146484375,0,0.0244140625,-1.3916015625,-0.048828125,-1.0498046875,-0.146484375,0.42724609375,-0.0244140625,0.35400390625,0,-0.01220703125,-0.0732421875,-0.06103515625,-0.048828125,0.15869140625,-0.08544921875,-0.03662109375,-0.09765625,0.84228515625,0.048828125,-0.52490234375,-0.06103515625,-0.50048828125
0,-0.01220703125,-0.3173828125,-0.15869140625,-0.35400390625,-0.08544921875,-0.390625,-0.1953125,-0.06103515625,0.13427734375,-0.03662109375,-0.4150390625,-0.86669921875,-0.20751953125,1.0986328125,0.2197265625,-0.23193359375,-0.048828125,-0.6591796875,-0.0244140625,-0.23193359375,-0.01220703125,0.81787109375,-0.146484375,-0.7568359375,0.18310546875,-0.1953125,0.048828125,-0.76904296875,0.146484375,0.87890625,0.30517578125,0.1953125,-0.09765625,-0.2197265625,0.10986328125,-0.927734375,-0.1220703125,-0.390625,0.10986328125,-0.76904296875,0.03662109375,-0.18310546875,-0.1953125,-0.72021484375,-0.3173828125,-0.3662109375,-0.81787109375,0.89111328125,-0.03662109375,1.18408203125,-0.10986328125,0.48828125,0.01220703125,0.1220703125,0.15869140625,0.72021484375,-0.03662109375,13.58642578125,0.06103515625,6.55517578125,-0.2685546875,6.43310546875,-0.20751953125,8.82568359375,-0.048828125,0.30517578125,-0.32958984375,1.0498046875,-0.1220703125,0.25634765625,-0.1708984375,0.2197265625,-0.341796875,0.2685546875,0.0732421875,0.87890625,0.13427734375,0,0.23193359375,1.318359375,0.732421875,-0.98876953125,-0.0732421875,-0.32958984375,0.18310546875,-1.025390625,0.20751953125,-0.78125,-0.10986328125,-1.50146484375,0.10986328125,-0.29296875,0.62255859375,-0.3173828125,-0.10986328125,-1.23291015625,-0.048828125,0.732421875,-0.15869140625,0.89111328125,0.23193359375,0.1953125,0.048828125,1.1474609375,0.10986328125,-0.048828125,0,-1.40380859375,-0.01220703125,-1.0498046875,-0.13427734375,0.4150390625,0,0.3662109375,-0.01220703125,0.01220703125,-0.0732421875,-0.0732421875,-0.06103515625,0.18310546875,-0.0732421875,-0.048828125,-0.09765625,0.830078125,0.08544921875,-0.537109375,-0.06103515625,-0.52490234375
0,-0.03662109375,-0.35400390625,-0.13427734375,-0.32958984375,-0.09765625,-0.4150390625,-0.20751953125,-0.08544921875,0.146484375,-0.048828125,-0.42724609375,-0.87890625,-0.20751953125,1.0986328125,0.23193359375,-0.23193359375,-0.09765625,-0.64697265625,-0.09765625,-0.244140625,-0.0244140625,0.8056640625,-0.2685546875,-0.7568359375,0.1953125,-0.18310546875,0.0244140625,-0.79345703125,0.146484375,0.87890625,0.25634765625,0.1953125,0.048828125,-0.29296875,0.09765625,-0.9033203125,-0.0732421875,-0.390625,0.09765625,-0.76904296875,0.2197265625,-0.15869140625,-0.2197265625,-0.69580078125,-0.23193359375,-0.4150390625,-0.8056640625,0.93994140625,-0.0244140625,1.15966796875,-0.1220703125,0.50048828125,0.08544921875,0.1708984375,0.2197265625,0.7080078125,-0.0732421875,14.0625,-0.01220703125,6.70166015625,-0.3173828125,6.591796875,-0.29296875,9.06982421875,-0.0732421875,0.30517578125,-0.3173828125,1.03759765625,-0.13427734375,0.244140625,-0.20751953125,0.23193359375,-0.3662109375,0.2685546875,0.03662109375,0.9033203125,0.10986328125,0.01220703125,0.29296875,1.33056640625,0.76904296875,-1.0009765625,-0.06103515625,-0.341796875,0.15869140625,-1.03759765625,0.13427734375,-0.76904296875,-0.0732421875,-1.47705078125,0.18310546875,-0.2685546875,0.59814453125,-0.30517578125,-0.0244140625,-1.1962890625,-0.08544921875,0.5615234375,-0.01220703125,0.76904296875,0.244140625,0.0732421875,0.13427734375,0.96435546875,0.048828125,-0.13427734375,-0.03662109375,-1.416015625,0.03662109375,-1.0498046875,-0.09765625,0.390625,0.0244140625,0.37841796875,0,0.0244140625,-0.06103515625,-0.06103515625,-0.0732421875,0.18310546875,-0.08544921875,-0.06103515625,-0.048828125,0.79345703125,0.1220703125,-0.537109375,-0.06103515625,-0.537109375
0,-0.0244140625,-0.35400390625,-0.13427734375,-0.35400390625,-0.08544921875,-0.42724609375,-0.20751953125,-0.048828125,0.15869140625,-0.048828125,-0.42724609375,-0.89111328125,-0.1953125,1.08642578125,0.25634765625,-0.244140625,-0.13427734375,-0.6591796875,-0.1220703125,-0.244140625,-0.06103515625,0.79345703125,-0.30517578125,-0.74462890625,0.18310546875,-0.1708984375,0.03662109375,-0.79345703125,0.15869140625,0.89111328125,0.18310546875,0.2197265625,0.23193359375,-0.341796875,0.10986328125,-0.9033203125,-0.0732421875,-0.42724609375,0.06103515625,-0.74462890625,0.390625,-0.1708984375,-0.2685546875,-0.64697265625,-0.1220703125,-0.42724609375,-0.8544921875,0.9765625,-0.06103515625,1.123046875,-0.146484375,0.50048828125,0.0732421875,0.2197265625,0.25634765625,0.732421875,0.01220703125,14.14794921875,0.0732421875,6.689453125,-0.3173828125,6.591796875,-0.2685546875,9.033203125,-0.1220703125,0.29296875,-0.3173828125,1.03759765625,-0.1220703125,0.244140625,-0.2197265625,0.20751953125,-0.3662109375,0.244140625,0.06103515625,0.9033203125,0.13427734375,0.01220703125,0.3173828125,1.33056640625,0.8056640625,-1.0009765625,-0.06103515625,-0.32958984375,0.1220703125,-1.0498046875,0.048828125,-0.76904296875,-0.01220703125,-1.46484375,0.20751953125,-0.2685546875,0.50048828125,-0.3173828125,0.10986328125,-1.18408203125,-0.1708984375,0.29296875,0.03662109375,0.54931640625,0.18310546875,-0.09765625,0.18310546875,0.67138671875,-0.03662109375,-0.2197265625,-0.08544921875,-1.416015625,0.048828125,-1.03759765625,-0.10986328125,0.40283203125,0.01220703125,0.37841796875,0,0.0244140625,-0.0732421875,-0.06103515625,-0.09765625,0.1708984375,-0.10986328125,-0.0732421875,-0.048828125,0.79345703125,0.13427734375,-0.537109375,-0.03662109375,-0.5615234375
0,-0.048828125,-0.35400390625,-0.15869140625,-0.341796875,-0.09765625,-0.4150390625,-0.20751953125,-0.03662109375,0.1708984375,-0.0244140625,-0.439453125,-0.91552734375,-0.20751953125,1.06201171875,0.25634765625,-0.23193359375,-0.20751953125,-0.67138671875,-0.09765625,-0.23193359375,-0.1220703125,0.79345703125,-0.2685546875,-0.732421875,0.08544921875,-0.15869140625,0,-0.79345703125,0.1220703125,0.89111328125,0.048828125,0.18310546875,0.4638671875,-0.37841796875,0.09765625,-0.87890625,-0.048828125,-0.439453125,0.01220703125,-0.7568359375,0.52490234375,-0.18310546875,-0.29296875,-0.6103515625,0,-0.42724609375,-0.84228515625,1.025390625,-0.146484375,1.123046875,-0.18310546875,0.48828125,0.0732421875,0.25634765625,0.29296875,0.732421875,-0.048828125,13.95263671875,0.1220703125,6.53076171875,-0.25634765625,6.4697265625,-0.28076171875,8.8134765625,-0.13427734375,0.28076171875,-0.29296875,1.06201171875,-0.09765625,0.2197265625,-0.28076171875,0.20751953125,-0.35400390625,0.25634765625,0.0732421875,0.9033203125,0.13427734375,0,0.3173828125,1.3427734375,0.78125,-1.0009765625,-0.08544921875,-0.341796875,0.03662109375,-1.025390625,-0.0732421875,-0.76904296875,0,-1.4404296875,0.1953125,-0.25634765625,0.3662109375,-0.32958984375,0.2197265625,-1.18408203125,-0.18310546875,0.048828125,0.06103515625,0.3173828125,0.10986328125,-0.25634765625,0.18310546875,0.32958984375,-0.0732421875,-0.29296875,-0.1220703125,-1.4404296875,0.06103515625,-1.025390625,-0.10986328125,0.390625,0.03662109375,0.390625,-0.01220703125,0.0244140625,-0.08544921875,-0.06103515625,-0.10986328125,0.15869140625,-0.09765625,-0.048828125,-0.0244140625,0.78125,0.13427734375,-0.52490234375,-0.048828125,-0.54931640625
0,-0.06103515625,-0.37841796875,-0.1220703125,-0.35400390625,-0.08544921875,-0.42724609375,-0.20751953125,-0.03662109375,0.23193359375,-0.0244140625,-0.439453125,-0.9033203125,-0.23193359375,1.07421875,0.2685546875,-0.23193359375,-0.25634765625,-0.68359375,-0.048828125,-0.2197265625,-0.1953125,0.78125,-0.1708984375,-0.732421875,-0.06103515625,-0.146484375,0.01220703125,-0.79345703125,0.08544921875,0.87890625,-0.08544921875,0.1953125,0.6103515625,-0.390625,0.0732421875,-0.86669921875,-0.09765625,-0.439453125,-0.048828125,-0.7568359375,0.59814453125,-0.146484375,-0.23193359375,-0.57373046875,0.1220703125,-0.42724609375,-0.78125,1.07421875,-0.1708984375,1.13525390625,-0.146484375,0.48828125,0.1220703125,0.1953125,0.29296875,0.7568359375,-0.08544921875,13.525390625,0.1220703125,6.298828125,-0.2685546875,6.26220703125,-0.25634765625,8.4716796875,-0.1708984375,0.25634765625,-0.244140625,1.06201171875,-0.048828125,0.20751953125,-0.3173828125,0.20751953125,-0.3173828125,0.2197265625,0.09765625,0.91552734375,0.10986328125,0.01220703125,0.29296875,1.3427734375,0.76904296875,-1.0009765625,-0.13427734375,-0.35400390625,-0.06103515625,-1.025390625,-0.18310546875,-0.7568359375,0,-1.4404296875,0.15869140625,-0.2685546875,0.244140625,-0.3173828125,0.35400390625,-1.15966796875,-0.1708984375,-0.1708984375,0.10986328125,0.10986328125,0.0244140625,-0.4150390625,0.2197265625,-0.01220703125,-0.08544921875,-0.3662109375,-0.2197265625,-1.46484375,0.03662109375,-1.01318359375,-0.13427734375,0.390625,0.0244140625,0.37841796875,0.0244140625,0,-0.08544921875,-0.06103515625,-0.1220703125,0.146484375,-0.08544921875,-0.0244140625,-0.0244140625,0.78125,0.1220703125,-0.52490234375,-0.048828125,-0.5615234375
0,-0.0732421875,-0.3662109375,-0.13427734375,-0.32958984375,-0.0732421875,-0.4150390625,-0.18310546875,-0.01220703125,0.25634765625,0,-0.4150390625,-0.91552734375,-0.244140625,1.08642578125,0.2685546875,-0.2197265625,-0.25634765625,-0.7080078125,0.03662109375,-0.20751953125,-0.20751953125,0.76904296875,-0.06103515625,-0.74462890625,-0.20751953125,-0.15869140625,-0.048828125,-0.79345703125,0.0244140625,0.89111328125,-0.1953125,0.1953125,0.6591796875,-0.37841796875,0.08544921875,-0.87890625,-0.18310546875,-0.439453125,-0.09765625,-0.74462890625,0.54931640625,-0.146484375,-0.1708984375,-0.537109375,0.18310546875,-0.390625,-0.79345703125,1.08642578125,-0.1708984375,1.1474609375,-0.20751953125,0.47607421875,0.09765625,0.1220703125,0.3173828125,0.74462890625,-0.06103515625,12.95166015625,0.13427734375,6.04248046875,-0.23193359375,5.99365234375,-0.25634765625,8.056640625,-0.1953125,0.23193359375,-0.23193359375,1.0498046875,-0.0244140625,0.18310546875,-0.3662109375,0.18310546875,-0.29296875,0.2197265625,0.1220703125,0.91552734375,0.1220703125,0,0.244140625,1.3671875,0.74462890625,-1.0009765625,-0.18310546875,-0.35400390625,-0.18310546875,-1.025390625,-0.23193359375,-0.74462890625,-0.01220703125,-1.416015625,0.0732421875,-0.23193359375,0.13427734375,-0.32958984375,0.42724609375,-1.171875,-0.1708984375,-0.29296875,0.08544921875,-0.0244140625,-0.06103515625,-0.50048828125,0.244140625,-0.23193359375,-0.09765625,-0.42724609375,-0.25634765625,-1.47705078125,0.0244140625,-1.025390625,-0.1220703125,0.37841796875,0.0244140625,0.35400390625,0.01220703125,0.01220703125,-0.0732421875,-0.03662109375,-0.1220703125,0.146484375,-0.0732421875,-0.048828125,-0.0244140625,0.79345703125,0.09765625,-0.52490234375,-0.0244140625,-0.57373046875
0,-0.06103515625,-0.37841796875,-0.146484375,-0.341796875,-0.10986328125,-0.40283203125,-0.18310546875,-0.01220703125,0.28076171875,-0.01220703125,-0.4150390625,-0.89111328125,-0.2685546875,1.0986328125,0.244140625,-0.1953125,-0.2685546875,-0.7080078125,0.10986328125,-0.1953125,-0.1708984375,0.78125,0.048828125,-0.7568359375,-0.3173828125,-0.18310546875,-0.0732421875,-0.78125,-0.08544921875,0.91552734375,-0.29296875,0.1953125,0.57373046875,-0.37841796875,0.10986328125,-0.89111328125,-0.28076171875,-0.439453125,-0.09765625,-0.732421875,0.40283203125,-0.146484375,-0.1708984375,-0.537109375,0.23193359375,-0.390625,-0.68359375,1.07421875,-0.13427734375,1.18408203125,-0.23193359375,0.45166015625,0.13427734375,0.06103515625,0.28076171875,0.74462890625,-0.0244140625,12.2802734375,0.10986328125,5.77392578125,-0.146484375,5.74951171875,-0.244140625,7.6416015625,-0.20751953125,0.20751953125,-0.1953125,1.0498046875,0.0244140625,0.1708984375,-0.390625,0.1953125,-0.23193359375,0.20751953125,0.13427734375,0.9033203125,0.1220703125,0.01220703125,0.20751953125,1.35498046875,0.69580078125,-0.9765625,-0.244140625,-0.32958984375,-0.29296875,-1.0009765625,-0.28076171875,-0.7568359375,-0.06103515625,-1.42822265625,-0.0244140625,-0.25634765625,0.13427734375,-0.32958984375,0.37841796875,-1.171875,-0.1220703125,-0.3662109375,-0.03662109375,-0.1220703125,-0.1708984375,-0.5126953125,0.146484375,-0.35400390625,-0.03662109375,-0.4638671875,-0.29296875,-1.4892578125,0.03662109375,-1.01318359375,-0.10986328125,0.390625,0.048828125,0.32958984375,0,0,-0.08544921875,-0.048828125,-0.09765625,0.13427734375,-0.048828125,-0.0244140625,-0.03662109375,0.8056640625,0.0732421875,-0.52490234375,-0.01220703125,-0.537109375
1,-0.08544921875,-0.341796875,-0.1220703125,-0.341796875,-0.08544921875,-0.40283203125,-0.1708984375,-0.01220703125,0.28076171875,0,-0.42724609375,-0.89111328125,-0.244140625,1.11083984375,0.20751953125,-0.15869140625,-0.25634765625,-0.69580078125,0.1708984375,-0.1953125,-0.0732421875,0.79345703125,0.1220703125,-0.74462890625,-0.37841796875,-0.1953125,-0.1220703125,-0.79345703125,-0.15869140625,0.89111328125,-0.341796875,0.1953125,0.37841796875,-0.29296875,0.146484375,-0.86669921875,-0.35400390625,-0.42724609375,-0.10986328125,-0.732421875,0.20751953125,-0.146484375,-0.1220703125,-0.537109375,0.1708984375,-0.341796875,-0.634765625,1.0498046875,-0.0732421875,1.1962890625,-0.244140625,0.45166015625,0.146484375,-0.0244140625,0.20751953125,0.732421875,0.0244140625,11.6455078125,0.09765625,5.52978515625,-0.1220703125,5.4931640625,-0.18310546875,7.26318359375,-0.15869140625,0.1708984375,-0.10986328125,1.03759765625,0.048828125,0.1708984375,-0.37841796875,0.1953125,-0.1953125,0.20751953125,0.146484375,0.91552734375,0.1220703125,0,0.13427734375,1.3427734375,0.6591796875,-0.96435546875,-0.32958984375,-0.32958984375,-0.341796875,-1.0009765625,-0.2685546875,-0.78125,-0.09765625,-1.4404296875,-0.09765625,-0.23193359375,0.09765625,-0.3173828125,0.20751953125,-1.18408203125,0.01220703125,-0.341796875,0,-0.146484375,-0.13427734375,-0.47607421875,0.15869140625,-0.32958984375,0.01220703125,-0.48828125,-0.32958984375,-1.4892578125,0.0244140625,-1.025390625,-0.06103515625,0.37841796875,0.0732421875,0.3173828125,-0.0244140625,-0.0244140625,-0.08544921875,-0.03662109375,-0.1220703125,0.1220703125,-0.03662109375,-0.03662109375,-0.06103515625,0.81787109375,0.06103515625,-0.50048828125,0.01220703125,-0.537109375
1,-0.08544921875,-0.341796875,-0.1708984375,-0.341796875,-0.10986328125,-0.40283203125,-0.1953125,0,0.23193359375,-0.03662109375,-0.37841796875,-0.87890625,-0.2685546875,1.11083984375,0.23193359375,-0.15869140625,-0.20751953125,-0.68359375,0.1953125,-0.18310546875,0.048828125,0.81787109375,0.1220703125,-0.7568359375,-0.37841796875,-0.20751953125,-0.1708984375,-0.79345703125,-0.2197265625,0.9033203125,-0.32958984375,0.1953125,0.08544921875,-0.23193359375,0.1220703125,-0.86669921875,-0.42724609375,-0.40283203125,-0.10986328125,-0.732421875,0.0244140625,-0.18310546875,-0.1220703125,-0.5615234375,0.0732421875,-0.3173828125,-0.5859375,0.96435546875,-0.03662109375,1.1962890625,-0.341796875,0.42724609375,0.0244140625,-0.1220703125,0.1708984375,0.732421875,0.146484375,11.04736328125,0.06103515625,5.322265625,-0.06103515625,5.2490234375,-0.2197265625,6.94580078125,-0.10986328125,0.146484375,-0.0732421875,1.0498046875,0.048828125,0.18310546875,-0.35400390625,0.1708984375,-0.1953125,0.2197265625,0.1708984375,0.89111328125,0.08544921875,0.01220703125,0.0732421875,1.3427734375,0.62255859375,-0.93994140625,-0.37841796875,-0.3173828125,-0.390625,-1.0009765625,-0.2197265625,-0.76904296875,-0.09765625,-1.45263671875,-0.18310546875,-0.244140625,0.10986328125,-0.30517578125,0.048828125,-1.20849609375,0.0732421875,-0.29296875,-0.0244140625,-0.13427734375,-0.09765625,-0.4150390625,0.1220703125,-0.1953125,0.0732421875,-0.54931640625,-0.28076171875,-1.513671875,0.01220703125,-1.0498046875,-0.0732421875,0.390625,0.0732421875,0.32958984375,-0.048828125,-0.01220703125,-0.0732421875,-0.0244140625,-0.1220703125,0.146484375,-0.01220703125,-0.03662109375,-0.0732421875,0.86669921875,0.06103515625,-0.50048828125,0.01220703125,-0.52490234375
1,-0.09765625,-0.32958984375,-0.1220703125,-0.3173828125,-0.1220703125,-0.390625,-0.15869140625,-0.01220703125,0.23193359375,-0.0244140625,-0.390625,-0.84228515625,-0.2685546875,1.123046875,0.244140625,-0.1708984375,-0.1220703125,-0.6591796875,0.1708984375,-0.18310546875,0.1220703125,0.8056640625,0.08544921875,-0.732421875,-0.341796875,-0.20751953125,-0.20751953125,-0.78125,-0.23193359375,0.91552734375,-0.28076171875,0.1953125,-0.1220703125,-0.2197265625,0.0732421875,-0.87890625,-0.45166015625,-0.4150390625,-0.1220703125,-0.7568359375,-0.146484375,-0.18310546875,-0.20751953125,-0.62255859375,-0.01220703125,-0.29296875,-0.537109375,0.87890625,0.0244140625,1.220703125,-0.390625,0.439453125,-0.06103515625,-0.1953125,0.10986328125,0.7080078125,0.146484375,10.48583984375,0.09765625,5.11474609375,0.01220703125,5.029296875,-0.20751953125,6.6650390625,0,0.146484375,0,1.0498046875,0.0244140625,0.18310546875,-0.32958984375,0.18310546875,-0.13427734375,0.244140625,0.15869140625,0.89111328125,0.06103515625,0.01220703125,0.048828125,1.35498046875,0.57373046875,-0.93994140625,-0.42724609375,-0.30517578125,-0.341796875,-1.025390625,-0.146484375,-0.76904296875,-0.146484375,-1.47705078125,-0.1708984375,-0.244140625,0.1220703125,-0.30517578125,-0.1220703125,-1.1962890625,0.048828125,-0.20751953125,-0.08544921875,-0.09765625,-0.08544921875,-0.341796875,-0.08544921875,-0.0244140625,0.048828125,-0.5859375,-0.25634765625,-1.513671875,0.01220703125,-1.03759765625,-0.10986328125,0.40283203125,0.10986328125,0.341796875,-0.0732421875,0,-0.0732421875,0,-0.1220703125,0.146484375,-0.01220703125,-0.03662109375,-0.08544921875,0.87890625,0.06103515625,-0.50048828125,-0.0244140625,-0.5126953125
1,-0.10986328125,-0.3173828125,-0.13427734375,-0.341796875,-0.10986328125,-0.40283203125,-0.13427734375,-0.048828125,0.23193359375,-0.0244140625,-0.3662109375,-0.86669921875,-0.25634765625,1.13525390625,0.2197265625,-0.2197265625,-0.0244140625,-0.68359375,0.146484375,-0.18310546875,0.15869140625,0.8056640625,0.06103515625,-0.7568359375,-0.28076171875,-0.2197265625,-0.20751953125,-0.78125,-0.20751953125,0.9033203125,-0.1708984375,0.1953125,-0.2685546875,-0.23193359375,0,-0.9033203125,-0.4150390625,-0.439453125,-0.08544921875,-0.76904296875,-0.2197265625,-0.18310546875,-0.30517578125,-0.64697265625,-0.10986328125,-0.32958984375,-0.59814453125,0.76904296875,0.09765625,1.20849609375,-0.390625,0.439453125,-0.15869140625,-0.25634765625,0.09765625,0.732421875,0.1220703125,9.9853515625,0.10986328125,4.931640625,0.048828125,4.8095703125,-0.1953125,6.40869140625,0.06103515625,0.15869140625,0.06103515625,1.03759765625,0.048828125,0.2197265625,-0.28076171875,0.20751953125,-0.06103515625,0.25634765625,0.15869140625,0.86669921875,0.01220703125,0.01220703125,0,1.3427734375,0.54931640625,-0.927734375,-0.4150390625,-0.3173828125,-0.28076171875,-1.01318359375,-0.1220703125,-0.78125,-0.244140625,-1.513671875,-0.15869140625,-0.28076171875,0.0732421875,-0.28076171875,-0.1953125,-1.20849609375,0,-0.1708984375,0.01220703125,-0.09765625,0.0244140625,-0.30517578125,-0.06103515625,0.15869140625,-0.01220703125,-0.62255859375,-0.146484375,-1.5380859375,0.0244140625,-1.0498046875,-0.13427734375,0.40283203125,0.08544921875,0.3662109375,-0.06103515625,0.01220703125,-0.08544921875,0,-0.13427734375,0.1708984375,-0.0244140625,-0.06103515625,-0.08544921875,0.89111328125,0.0732421875,-0.48828125,-0.03662109375,-0.48828125
1,-0.0732421875,-0.30517578125,-0.15869140625,-0.35400390625,-0.1220703125,-0.40283203125,-0.13427734375,-0.048828125,0.2685546875,-0.0244140625,-0.3662109375,-0.86669921875,-0.25634765625,1.123046875,0.1953125,-0.23193359375,0.06103515625,-0.68359375,0.10986328125,-0.1953125,0.146484375,0.8056640625,0,-0.7568359375,-0.1953125,-0.2197265625,-0.20751953125,-0.8056640625,-0.13427734375,0.9033203125,-0.0732421875,0.1953125,-0.30517578125,-0.25634765625,-0.0732421875,-0.91552734375,-0.32958984375,-0.4638671875,-0.06103515625,-0.79345703125,-0.23193359375,-0.1953125,-0.45166015625,-0.67138671875,-0.15869140625,-0.341796875,-0.62255859375,0.68359375,0.146484375,1.1962890625,-0.37841796875,0.4638671875,-0.2685546875,-0.29296875,0.03662109375,0.732421875,0.08544921875,9.5458984375,0.13427734375,4.77294921875,0.0732421875,4.60205078125,-0.18310546875,6.1767578125,0.08544921875,0.15869140625,0.08544921875,1.0498046875,0.06103515625,0.244140625,-0.2197265625,0.18310546875,-0.0244140625,0.25634765625,0.1708984375,0.89111328125,-0.03662109375,0.01220703125,-0.0244140625,1.3427734375,0.5615234375,-0.93994140625,-0.37841796875,-0.32958984375,-0.146484375,-1.0498046875,-0.146484375,-0.78125,-0.30517578125,-1.5380859375,-0.13427734375,-0.29296875,0.03662109375,-0.28076171875,-0.2197265625,-1.20849609375,-0.10986328125,-0.1708984375,0.01220703125,-0.10986328125,0.09765625,-0.28076171875,-0.1708984375,0.28076171875,-0.06103515625,-0.69580078125,-0.06103515625,-1.513671875,0.0244140625,-1.06201171875,-0.146484375,0.4150390625,0.0732421875,0.390625,-0.0732421875,0.01220703125,-0.06103515625,-0.01220703125,-0.13427734375,0.1708984375,-0.06103515625,-0.0732421875,-0.06103515625,0.9033203125,0.08544921875,-0.50048828125,-0.06103515625,-0.50048828125
1,-0.08544921875,-0.30517578125,-0.146484375,-0.35400390625,-0.1220703125,-0.390625,-0.13427734375,-0.08544921875,0.28076171875,-0.0244140625,-0.341796875,-0.86669921875,-0.30517578125,1.123046875,0.146484375,-0.244140625,0.09765625,-0.69580078125,0.06103515625,-0.2197265625,0.09765625,0.8056640625,-0.03662109375,-0.76904296875,-0.10986328125,-0.1953125,-0.146484375,-0.8056640625,-0.03662109375,0.91552734375,-0.0244140625,0.1953125,-0.18310546875,-0.2685546875,-0.18310546875,-0.91552734375,-0.20751953125,-0.47607421875,-0.01220703125,-0.78125,-0.15869140625,-0.1953125,-0.5126953125,-0.67138671875,-0.146484375,-0.341796875,-0.6591796875,0.59814453125,0.20751953125,1.15966796875,-0.35400390625,0.50048828125,-0.30517578125,-0.29296875,0.01220703125,0.732421875,0.01220703125,9.11865234375,0.13427734375,4.541015625,0.0732421875,4.40673828125,-0.18310546875,5.9326171875,0.08544921875,0.1953125,0.18310546875,1.0498046875,0.06103515625,0.2685546875,-0.1708984375,0.20751953125,0.048828125,0.2685546875,0.13427734375,0.87890625,-0.08544921875,0.0244140625,-0.06103515625,1.33056640625,0.6103515625,-0.9765625,-0.32958984375,-0.35400390625,-0.0244140625,-1.025390625,-0.1708984375,-0.79345703125,-0.37841796875,-1.513671875,-0.09765625,-0.29296875,-0.06103515625,-0.29296875,-0.1708984375,-1.18408203125,-0.18310546875,-0.20751953125,0,-0.1708984375,0.1220703125,-0.3173828125,-0.2197265625,0.32958984375,-0.06103515625,-0.74462890625,-0.0244140625,-1.47705078125,0.03662109375,-1.06201171875,-0.10986328125,0.4150390625,0.03662109375,0.37841796875,-0.048828125,0.0244140625,-0.08544921875,-0.01220703125,-0.15869140625,0.1953125,-0.08544921875,-0.0732421875,-0.06103515625,0.86669921875,0.10986328125,-0.50048828125,-0.09765625,-0.50048828125
1,-0.08544921875,-0.3173828125,-0.13427734375,-0.341796875,-0.13427734375,-0.390625,-0.1220703125,-0.08544921875,0.29296875,-0.01220703125,-0.341796875,-0.87890625,-0.3173828125,1.11083984375,0.1220703125,-0.244140625,0.10986328125,-0.68359375,0.01220703125,-0.2197265625,-0.03662109375,0.79345703125,-0.06103515625,-0.76904296875,-0.03662109375,-0.20751953125,-0.09765625,-0.8056640625,0.0732421875,0.927734375,-0.01220703125,0.18310546875,0.03662109375,-0.29296875,-0.29296875,-0.91552734375,-0.1220703125,-0.48828125,0.03662109375,-0.79345703125,-0.03662109375,-0.18310546875,-0.54931640625,-0.7080078125,-0.10986328125,-0.40283203125,-0.79345703125,0.54931640625,0.244140625,1.15966796875,-0.3173828125,0.5126953125,-0.390625,-0.25634765625,0,0.74462890625,-0.06103515625,8.69140625,0.146484375,4.30908203125,0.01220703125,4.18701171875,-0.15869140625,5.62744140625,0.06103515625,0.1953125,0.2197265625,1.0498046875,0.0732421875,0.25634765625,-0.146484375,0.2197265625,0.13427734375,0.2685546875,0.08544921875,0.87890625,-0.13427734375,0.0244140625,-0.0732421875,1.318359375,0.5859375,-0.9765625,-0.28076171875,-0.35400390625,0.08544921875,-1.025390625,-0.15869140625,-0.76904296875,-0.37841796875,-1.513671875,-0.09765625,-0.29296875,-0.18310546875,-0.28076171875,-0.03662109375,-1.18408203125,-0.244140625,-0.2685546875,-0.0244140625,-0.244140625,0.08544921875,-0.37841796875,-0.28076171875,0.29296875,-0.0244140625,-0.78125,0.09765625,-1.47705078125,0.01220703125,-1.0498046875,-0.08544921875,0.4150390625,-0.01220703125,0.4150390625,-0.0244140625,0.0244140625,-0.0732421875,-0.048828125,-0.13427734375,0.18310546875,-0.0732421875,-0.0732421875,-0.048828125,0.830078125,0.146484375,-0.47607421875,-0.1220703125,-0.5126953125
1,-0.08544921875,-0.341796875,-0.13427734375,-0.3173828125,-0.15869140625,-0.390625,-0.10986328125,-0.0732421875,0.2685546875,0,-0.32958984375,-0.87890625,-0.3173828125,1.0986328125,0.08544921875,-0.20751953125,0.09765625,-0.6591796875,-0.03662109375,-0.20751953125,-0.13427734375,0.79345703125,-0.09765625,-0.7568359375,0.048828125,-0.1708984375,0.0244140625,-0.8056640625,0.146484375,0.9033203125,-0.03662109375,0.1708984375,0.23193359375,-0.35400390625,-0.32958984375,-0.9033203125,-0.01220703125,-0.48828125,0.0732421875,-0.8056640625,0.06103515625,-0.1708984375,-0.50048828125,-0.69580078125,-0.08544921875,-0.439453125,-0.8544921875,0.54931640625,0.28076171875,1.13525390625,-0.244140625,0.537109375,-0.4150390625,-0.23193359375,-0.03662109375,0.74462890625,-0.146484375,8.21533203125,0.13427734375,4.052734375,-0.048828125,3.955078125,-0.1220703125,5.28564453125,0.0732421875,0.23193359375,0.23193359375,1.0498046875,0.08544921875,0.28076171875,-0.1708984375,0.2197265625,0.20751953125,0.28076171875,-0.01220703125,0.86669921875,-0.146484375,0.048828125,-0.06103515625,1.30615234375,0.59814453125,-1.0009765625,-0.1708984375,-0.3662109375,0.15869140625,-1.025390625,-0.10986328125,-0.7568359375,-0.32958984375,-1.50146484375,-0.09765625,-0.30517578125,-0.25634765625,-0.29296875,0.09765625,-1.171875,-0.15869140625,-0.3173828125,-0.01220703125,-0.25634765625,0.13427734375,-0.42724609375,-0.25634765625,0.2197265625,0.01220703125,-0.84228515625,0.1220703125,-1.47705078125,-0.0244140625,-1.0498046875,-0.06103515625,0.4150390625,-0.0244140625,0.40283203125,-0.03662109375,0.0244140625,-0.0732421875,-0.06103515625,-0.1220703125,0.1953125,-0.08544921875,-0.048828125,-0.03662109375,0.81787109375,0.13427734375,-0.50048828125,-0.13427734375,-0.48828125
1,-0.0732421875,-0.3662109375,-0.146484375,-0.32958984375,-0.13427734375,-0.390625,-0.09765625,-0.048828125,0.28076171875,0,-0.30517578125,-0.9033203125,-0.32958984375,1.11083984375,0.146484375,-0.1953125,0.03662109375,-0.67138671875,-0.0732421875,-0.2197265625,-0.29296875,0.79345703125,-0.1220703125,-0.76904296875,0.09765625,-0.15869140625,0.09765625,-0.8056640625,0.2197265625,0.89111328125,-0.06103515625,0.1953125,0.4150390625,-0.37841796875,-0.341796875,-0.89111328125,0.0244140625,-0.48828125,0.09765625,-0.78125,0.15869140625,-0.15869140625,-0.4150390625,-0.67138671875,-0.0732421875,-0.4638671875,-0.86669921875,0.5859375,0.23193359375,1.11083984375,-0.30517578125,0.5126953125,-0.439453125,-0.1953125,-0.09765625,0.74462890625,-0.0732421875,7.666015625,0.1953125,3.79638671875,-0.0732421875,3.7109375,-0.01220703125,4.9072265625,0.08544921875,0.2197265625,0.28076171875,1.0498046875,0.09765625,0.28076171875,-0.1708984375,0.1953125,0.2685546875,0.28076171875,-0.08544921875,0.87890625,-0.18310546875,0.03662109375,-0.0732421875,1.318359375,0.6103515625,-1.01318359375,-0.146484375,-0.3662109375,0.18310546875,-1.01318359375,-0.0732421875,-0.7568359375,-0.2685546875,-1.46484375,-0.09765625,-0.30517578125,-0.244140625,-0.3173828125,0.20751953125,-1.18408203125,-0.1708984375,-0.32958984375,-0.03662109375,-0.2197265625,0.09765625,-0.47607421875,-0.10986328125,0.146484375,0.03662109375,-0.86669921875,0.06103515625,-1.45263671875,-0.048828125,-1.03759765625,-0.048828125,0.40283203125,-0.0244140625,0.4150390625,-0.048828125,0,-0.06103515625,-0.06103515625,-0.09765625,0.18310546875,-0.08544921875,-0.03662109375,-0.048828125,0.8056640625,0.10986328125,-0.50048828125,-0.10986328125,-0.5126953125
1,-0.06103515625,-0.35400390625,-0.15869140625,-0.32958984375,-0.13427734375,-0.37841796875,-0.08544921875,-0.03662109375,0.29296875,0.0244140625,-0.29296875,-0.9033203125,-0.32958984375,1.0986328125,0.15869140625,-0.1708984375,-0.0244140625,-0.6591796875,-0.10986328125,-0.2197265625,-0.390625,0.79345703125,-0.15869140625,-0.74462890625,0.08544921875,-0.15869140625,0.146484375,-0.76904296875,0.244140625,0.9033203125,-0.08544921875,0.1953125,0.439453125,-0.37841796875,-0.30517578125,-0.87890625,0.03662109375,-0.47607421875,0.09765625,-0.78125,0.15869140625,-0.1708984375,-0.29296875,-0.6591796875,-0.0244140625,-0.48828125,-0.830078125,0.634765625,0.1708984375,1.13525390625,-0.29296875,0.48828125,-0.4150390625,-0.1220703125,-0.15869140625,0.74462890625,0,7.03125,0.18310546875,3.466796875,-0.06103515625,3.43017578125,0.06103515625,4.45556640625,0.09765625,0.2197265625,0.28076171875,1.025390625,0.08544921875,0.2685546875,-0.18310546875,0.1953125,0.30517578125,0.2685546875,-0.09765625,0.84228515625,-0.1708984375,0.06103515625,-0.048828125,1.33056640625,0.69580078125,-1.01318359375,-0.09765625,-0.341796875,0.10986328125,-1.025390625,-0.01220703125,-0.7568359375,-0.13427734375,-1.46484375,-0.1220703125,-0.28076171875,-0.1953125,-0.30517578125,0.2197265625,-1.1962890625,-0.13427734375,-0.25634765625,-0.0732421875,-0.13427734375,0.0732421875,-0.42724609375,0.0244140625,0.1220703125,0.09765625,-0.86669921875,0.01220703125,-1.46484375,-0.10986328125,-1.03759765625,-0.0244140625,0.40283203125,-0.01220703125,0.390625,-0.048828125,-0.01220703125,-0.0732421875,-0.09765625,-0.048828125,0.1708984375,-0.08544921875,-0.0244140625,-0.06103515625,0.78125,0.08544921875,-0.50048828125,-0.06103515625,-0.5126953125
1,-0.0732421875,-0.3662109375,-0.15869140625,-0.3173828125,-0.10986328125,-0.37841796875,-0.06103515625,0,0.28076171875,0,-0.32958984375,-0.89111328125,-0.35400390625,1.11083984375,0.146484375,-0.18310546875,-0.06103515625,-0.6591796875,-0.13427734375,-0.20751953125,-0.42724609375,0.78125,-0.2197265625,-0.7568359375,0.09765625,-0.146484375,0.18310546875,-0.79345703125,0.23193359375,0.91552734375,-0.048828125,0.18310546875,0.4150390625,-0.37841796875,-0.244140625,-0.87890625,-0.03662109375,-0.47607421875,0.146484375,-0.76904296875,0.146484375,-0.1708984375,-0.20751953125,-0.6591796875,-0.06103515625,-0.47607421875,-0.78125,0.72021484375,0.0732421875,1.13525390625,-0.32958984375,0.47607421875,-0.390625,-0.10986328125,-0.15869140625,0.74462890625,0.0244140625,6.2744140625,0.13427734375,3.11279296875,-0.08544921875,3.11279296875,0.08544921875,3.96728515625,0.1220703125,0.23193359375,0.244140625,1.025390625,0.13427734375,0.25634765625,-0.20751953125,0.1953125,0.30517578125,0.2685546875,-0.146484375,0.8544921875,-0.146484375,0.0244140625,-0.048828125,1.30615234375,0.76904296875,-1.0009765625,-0.0732421875,-0.35400390625,0.01220703125,-1.025390625,0.0732421875,-0.7568359375,-0.0244140625,-1.45263671875,-0.13427734375,-0.2685546875,-0.048828125,-0.32958984375,0.1708984375,-1.1962890625,-0.13427734375,-0.146484375,-0.09765625,0.01220703125,0.0244140625,-0.341796875,-0.01220703125,0.13427734375,0.1220703125,-0.87890625,-0.06103515625,-1.4404296875,-0.13427734375,-1.03759765625,0.01220703125,0.390625,0,0.35400390625,-0.0732421875,-0.0244140625,-0.06103515625,-0.09765625,-0.01220703125,0.15869140625,-0.048828125,-0.01220703125,-0.08544921875,0.7568359375,0.048828125,-0.50048828125,-0.03662109375,-0.54931640625
1,-0.0732421875,-0.3662109375,-0.1708984375,-0.32958984375,-0.1220703125,-0.390625,-0.06103515625,-0.03662109375,0.32958984375,-0.01220703125,-0.3173828125,-0.89111328125,-0.3662109375,1.11083984375,0.146484375,-0.20751953125,-0.09765625,-0.6591796875,-0.15869140625,-0.20751953125,-0.40283203125,0.76904296875,-0.23193359375,-0.732421875,0.06103515625,-0.13427734375,0.13427734375,-0.78125,0.15869140625,0.9033203125,0.01220703125,0.18310546875,0.29296875,-0.32958984375,-0.146484375,-0.89111328125,-0.10986328125,-0.439453125,0.1953125,-0.74462890625,0.15869140625,-0.15869140625,-0.09765625,-0.67138671875,-0.08544921875,-0.439453125,-0.64697265625,0.78125,0.03662109375,1.171875,-0.3173828125,0.439453125,-0.28076171875,-0.08544921875,-0.20751953125,0.74462890625,0.146484375,5.419921875,0.048828125,2.734375,-0.03662109375,2.74658203125,0.10986328125,3.466796875,0.1708984375,0.244140625,0.1953125,1.03759765625,0.10986328125,0.25634765625,-0.244140625,0.2197265625,0.29296875,0.244140625,-0.1708984375,0.84228515625,-0.10986328125,0.03662109375,-0.03662109375,1.318359375,0.8056640625,-1.01318359375,-0.0732421875,-0.35400390625,-0.09765625,-1.01318359375,0.13427734375,-0.76904296875,0.048828125,-1.46484375,-0.146484375,-0.244140625,0.13427734375,-0.341796875,0.13427734375,-1.23291015625,-0.1708984375,0.01220703125,-0.048828125,0.18310546875,-0.0244140625,-0.244140625,-0.0244140625,0.1953125,0.1220703125,-0.84228515625,-0.146484375,-1.47705078125,-0.15869140625,-1.0498046875,0.048828125,0.37841796875,0.0244140625,0.3173828125,-0.09765625,-0.048828125,-0.06103515625,-0.10986328125,0,0.13427734375,-0.03662109375,-0.0244140625,-0.10986328125,0.732421875,0.01220703125,-0.50048828125,0.01220703125,-0.54931640625
1,-0.06103515625,-0.3662109375,-0.1708984375,-0.35400390625,-0.09765625,-0.390625,-0.048828125,-0.048828125,0.30517578125,-0.0244140625,-0.30517578125,-0.86669921875,-0.341796875,1.123046875,0.146484375,-0.2197265625,-0.13427734375,-0.6591796875,-0.1708984375,-0.20751953125,-0.30517578125,0.78125,-0.2197265625,-0.74462890625,0.048828125,-0.1220703125,0.03662109375,-0.78125,0.0732421875,0.91552734375,0.03662109375,0.18310546875,0.13427734375,-0.29296875,-0.048828125,-0.87890625,-0.18310546875,-0.40283203125,0.23193359375,-0.74462890625,0.18310546875,-0.18310546875,-0.048828125,-0.67138671875,-0.08544921875,-0.390625,-0.48828125,0.84228515625,-0.0244140625,1.18408203125,-0.35400390625,0.42724609375,-0.18310546875,-0.09765625,-0.20751953125,0.74462890625,0.23193359375,4.50439453125,0,2.35595703125,-0.048828125,2.38037109375,0.13427734375,2.9541015625,0.18310546875,0.25634765625,0.1220703125,1.03759765625,0.1220703125,0.244140625,-0.30517578125,0.20751953125,0.2685546875,0.25634765625,-0.18310546875,0.8544921875,-0.0244140625,0.0244140625,-0.06103515625,1.318359375,0.78125,-1.0009765625,-0.09765625,-0.32958984375,-0.1953125,-1.01318359375,0.13427734375,-0.7568359375,0.10986328125,-1.4404296875,-0.1708984375,-0.23193359375,0.244140625,-0.35400390625,0.06103515625,-1.220703125,-0.2197265625,0.15869140625,-0.048828125,0.3662109375,-0.03662109375,-0.15869140625,0.10986328125,0.30517578125,0.10986328125,-0.78125,-0.15869140625,-1.4892578125,-0.1708984375,-1.03759765625,0.06103515625,0.390625,0.01220703125,0.3173828125,-0.09765625,-0.03662109375,-0.06103515625,-0.09765625,0,0.146484375,-0.03662109375,0,-0.1220703125,0.74462890625,0.03662109375,-0.5126953125,0.048828125,-0.5615234375
1,-0.0732421875,-0.32958984375,-0.15869140625,-0.35400390625,-0.0732421875,-0.3662109375,-0.048828125,-0.03662109375,0.341796875,-0.048828125,-0.2685546875,-0.86669921875,-0.3662109375,1.13525390625,0.13427734375,-0.244140625,-0.13427734375,-0.64697265625,-0.13427734375,-0.20751953125,-0.18310546875,0.74462890625,-0.20751953125,-0.74462890625,0.01220703125,-0.10986328125,-0.048828125,-0.8056640625,-0.03662109375,0.89111328125,0.01220703125,0.1708984375,0,-0.244140625,0.01220703125,-0.87890625,-0.25634765625,-0.40283203125,0.2197265625,-0.74462890625,0.2197265625,-0.18310546875,-0.048828125,-0.68359375,-0.1220703125,-0.341796875,-0.32958984375,0.8544921875,-0.0732421875,1.20849609375,-0.40283203125,0.439453125,-0.08544921875,-0.08544921875,-0.18310546875,0.7568359375,0.30517578125,3.5888671875,-0.0244140625,2.001953125,-0.03662109375,2.0263671875,0.1220703125,2.4658203125,0.18310546875,0.2685546875,0.06103515625,1.03759765625,0.09765625,0.244140625,-0.32958984375,0.2197265625,0.2197265625,0.244140625,-0.1708984375,0.84228515625,0.0244140625,0.0244140625,-0.0732421875,1.33056640625,0.69580078125,-0.98876953125,-0.1220703125,-0.32958984375,-0.1953125,-1.0009765625,0.09765625,-0.7568359375,0.13427734375,-1.46484375,-0.18310546875,-0.23193359375,0.3173828125,-0.35400390625,0.0244140625,-1.25732421875,-0.25634765625,0.2197265625,0,0.4638671875,-0.08544921875,-0.10986328125,0.1220703125,0.42724609375,0.06103515625,-0.732421875,-0.15869140625,-1.47705078125,-0.1708984375,-1.03759765625,0.048828125,0.390625,0.0244140625,0.30517578125,-0.10986328125,-0.03662109375,-0.06103515625,-0.09765625,0.0244140625,0.1708984375,-0.03662109375,-0.0244140625,-0.13427734375,0.7568359375,0.048828125,-0.50048828125,0.03662109375,-0.57373046875
0,-0.048828125,-0.32958984375,-0.1220703125,-0.35400390625,-0.048828125,-0.3662109375,-0.03662109375,-0.048828125,0.30517578125,-0.03662109375,-0.23193359375,-0.86669921875,-0.35400390625,1.123046875,0.13427734375,-0.244140625,-0.1220703125,-0.67138671875,-0.09765625,-0.20751953125,-0.06103515625,0.74462890625,-0.146484375,-0.732421875,0.0244140625,-0.09765625,-0.1220703125,-0.8056640625,-0.13427734375,0.9033203125,-0.06103515625,0.1953125,-0.06103515625,-0.2197265625,-0.0244140625,-0.9033203125,-0.3173828125,-0.390625,0.15869140625,-0.74462890625,0.28076171875,-0.18310546875,-0.13427734375,-0.69580078125,-0.0732421875,-0.30517578125,-0.1953125,0.86669921875,-0.1220703125,1.20849609375,-0.537109375,0.42724609375,0.0732421875,-0.13427734375,-0.1220703125,0.7568359375,0.3173828125,2.783203125,-0.10986328125,1.69677734375,-0.01220703125,1.72119140625,0.048828125,2.08740234375,0.146484375,0.28076171875,-0.01220703125,1.03759765625,0.048828125,0.23193359375,-0.37841796875,0.244140625,0.1953125,0.244140625,-0.15869140625,0.87890625,0.06103515625,0.06103515625,-0.10986328125,1.318359375,0.537109375,-0.9765625,-0.1220703125,-0.32958984375,-0.15869140625,-1.01318359375,-0.01220703125,-0.7568359375,0.146484375,-1.4892578125,-0.1953125,-0.23193359375,0.32958984375,-0.3662109375,-0.01220703125,-1.23291015625,-0.2197265625,0.2197265625,0.048828125,0.48828125,-0.09765625,-0.09765625,0.09765625,0.50048828125,-0.01220703125,-0.68359375,-0.1708984375,-1.46484375,-0.15869140625,-1.03759765625,0.03662109375,0.390625,0,0.3173828125,-0.10986328125,-0.048828125,-0.0732421875,-0.0732421875,0.01220703125,0.1708984375,-0.0732421875,-0.03662109375,-0.13427734375,0.79345703125,0.048828125,-0.5126953125,0.0244140625,-0.54931640625
0,-0.048828125,-0.3173828125,-0.10986328125,-0.35400390625,-0.0244140625,-0.37841796875,-0.01220703125,-0.06103515625,0.30517578125,-0.048828125,-0.244140625,-0.8544921875,-0.3173828125,1.11083984375,0.2197265625,-0.23193359375,-0.10986328125,-0.6591796875,-0.06103515625,-0.18310546875,0.03662109375,0.74462890625,-0.06103515625,-0.74462890625,0.03662109375,-0.048828125,-0.20751953125,-0.8056640625,-0.18310546875,0.89111328125,-0.146484375,0.20751953125,-0.03662109375,-0.2197265625,-0.09765625,-0.9033203125,-0.3662109375,-0.4150390625,0.0732421875,-0.7568359375,0.29296875,-0.2197265625,-0.25634765625,-0.7080078125,-0.06103515625,-0.25634765625,-0.18310546875,0.8056640625,-0.1220703125,1.1962890625,-0.59814453125,0.4638671875,0.1953125,-0.146484375,-0.03662109375,0.7568359375,0.3662109375,2.1728515625,-0.18310546875,1.52587890625,-0.0244140625,1.513671875,0.01220703125,1.8310546875,0.13427734375,0.2685546875,-0.09765625,1.03759765625,0.0244140625,0.2197265625,-0.3662109375,0.244140625,0.15869140625,0.25634765625,-0.1708984375,0.8544921875,0.0732421875,0.048828125,-0.06103515625,1.33056640625,0.37841796875,-0.9521484375,-0.146484375,-0.3173828125,-0.10986328125,-1.01318359375,-0.08544921875,-0.732421875,0.0732421875,-1.4892578125,-0.1953125,-0.2197265625,0.2197265625,-0.32958984375,0.01220703125,-1.20849609375,-0.20751953125,0.15869140625,0.01220703125,0.390625,-0.15869140625,-0.15869140625,0.09765625,0.5615234375,-0.06103515625,-0.64697265625,-0.08544921875,-1.46484375,-0.15869140625,-1.03759765625,-0.03662109375,0.390625,-0.01220703125,0.341796875,-0.10986328125,-0.03662109375,-0.06103515625,-0.06103515625,-0.0244140625,0.18310546875,-0.0732421875,-0.03662109375,-0.08544921875,0.830078125,0.03662109375,-0.5126953125,0.01220703125,-0.54931640625
0,-0.0732421875,-0.30517578125,-0.09765625,-0.35400390625,0.01220703125,-0.4150390625,-0.01220703125,-0.06103515625,0.28076171875,-0.03662109375,-0.244140625,-0.84228515625,-0.29296875,1.11083984375,0.244140625,-0.2197265625,-0.09765625,-0.68359375,0,-0.20751953125,0.0732421875,0.7568359375,0,-0.74462890625,0,-0.01220703125,-0.2197265625,-0.8056640625,-0.1708984375,0.9033203125,-0.25634765625,0.2197265625,0.048828125,-0.25634765625,-0.25634765625,-0.927734375,-0.3662109375,-0.439453125,-0.01220703125,-0.78125,0.28076171875,-0.244140625,-0.37841796875,-0.72021484375,0,-0.28076171875,-0.18310546875,0.76904296875,-0.0732421875,1.1962890625,-0.64697265625,0.47607421875,0.29296875,-0.1953125,0.0244140625,0.74462890625,0.32958984375,1.904296875,-0.2197265625,1.45263671875,0.01220703125,1.45263671875,-0.06103515625,1.7578125,0.09765625,0.25634765625,-0.15869140625,1.03759765625,-0.01220703125,0.2197265625,-0.390625,0.25634765625,0.10986328125,0.2685546875,-0.146484375,0.8544921875,0.08544921875,0.03662109375,-0.048828125,1.33056640625,0.23193359375,-0.93994140625,-0.13427734375,-0.30517578125,-0.03662109375,-1.03759765625,-0.1953125,-0.74462890625,0.01220703125,-1.50146484375,-0.20751953125,-0.23193359375,0.09765625,-0.29296875,0.09765625,-1.1962890625,-0.15869140625,0,0.0244140625,0.23193359375,-0.15869140625,-0.25634765625,0.15869140625,0.59814453125,-0.13427734375,-0.62255859375,-0.0732421875,-1.4404296875,-0.13427734375,-1.0498046875,-0.06103515625,0.390625,-0.0244140625,0.37841796875,-0.09765625,-0.03662109375,-0.06103515625,-0.048828125,-0.06103515625,0.20751953125,-0.09765625,-0.048828125,-0.06103515625,0.8544921875,0.048828125,-0.48828125,0,-0.54931640625
0,-0.06103515625,-0.32958984375,-0.09765625,-0.341796875,0.0244140625,-0.390625,-0.03662109375,-0.03662109375,0.30517578125,-0.048828125,-0.2197265625,-0.84228515625,-0.29296875,1.11083984375,0.25634765625,-0.244140625,-0.048828125,-0.68359375,0.09765625,-0.20751953125,0.0732421875,0.74462890625,0.06103515625,-0.7568359375,-0.01220703125,0.03662109375,-0.25634765625,-0.8056640625,-0.146484375,0.9033203125,-0.3173828125,0.20751953125,0.1953125,-0.2685546875,-0.439453125,-0.91552734375,-0.32958984375,-0.4638671875,-0.10986328125,-0.76904296875,0.23193359375,-0.244140625,-0.5126953125,-0.72021484375,0.03662109375,-0.28076171875,-0.25634765625,0.7080078125,-0.01220703125,1.171875,-0.6103515625,0.5126953125,0.32958984375,-0.18310546875,0.10986328125,0.732421875,0.32958984375,2.06298828125,-0.341796875,1.55029296875,-0.0732421875,1.5380859375,-0.15869140625,1.91650390625,0.048828125,0.25634765625,-0.1953125,1.06201171875,-0.03662109375,0.1953125,-0.32958984375,0.23193359375,0.03662109375,0.25634765625,-0.09765625,0.8544921875,0.09765625,0.0244140625,-0.0244140625,1.3427734375,0.0732421875,-0.9521484375,-0.10986328125,-0.3173828125,0,-1.03759765625,-0.29296875,-0.74462890625,-0.10986328125,-1.50146484375,-0.244140625,-0.23193359375,-0.1220703125,-0.2685546875,0.10986328125,-1.1962890625,-0.13427734375,-0.15869140625,0,0.048828125,-0.1708984375,-0.40283203125,0.15869140625,0.64697265625,-0.13427734375,-0.62255859375,-0.03662109375,-1.3916015625,-0.08544921875,-1.025390625,-0.08544921875,0.4150390625,-0.0244140625,0.390625,-0.0732421875,-0.01220703125,-0.0732421875,-0.03662109375,-0.06103515625,0.23193359375,-0.10986328125,-0.03662109375,-0.08544921875,0.89111328125,0.0244140625,-0.50048828125,-0.03662109375,-0.537109375
0,-0.06103515625,-0.341796875,-0.10986328125,-0.35400390625,0.0244140625,-0.390625,-0.03662109375,-0.0244140625,0.32958984375,-0.03662109375,-0.2197265625,-0.84228515625,-0.2685546875,1.0986328125,0.20751953125,-0.23193359375,-0.0244140625,-0.64697265625,0.1953125,-0.20751953125,0.03662109375,0.78125,0.08544921875,-0.74462890625,-0.03662109375,0.08544921875,-0.25634765625,-0.81787109375,-0.06103515625,0.89111328125,-0.35400390625,0.2197265625,0.3173828125,-0.2685546875,-0.59814453125,-0.9033203125,-0.29296875,-0.47607421875,-0.146484375,-0.79345703125,0.10986328125,-0.23193359375,-0.4638671875,-0.72021484375,0.06103515625,-0.30517578125,-0.30517578125,0.64697265625,0.01220703125,1.15966796875,-0.5615234375,0.5126953125,0.341796875,-0.2197265625,0.1708984375,0.732421875,0.37841796875,2.67333984375,-0.3662109375,1.86767578125,-0.13427734375,1.8310546875,-0.13427734375,2.33154296875,-0.01220703125,0.25634765625,-0.20751953125,1.06201171875,-0.08544921875,0.18310546875,-0.29296875,0.244140625,-0.0732421875,0.2685546875,-0.08544921875,0.81787109375,0.0732421875,-0.01220703125,0.03662109375,1.3427734375,-0.08544921875,-0.96435546875,-0.08544921875,-0.341796875,0.01220703125,-1.03759765625,-0.28076171875,-0.74462890625,-0.20751953125,-1.50146484375,-0.28076171875,-0.23193359375,-0.2685546875,-0.2685546875,0.09765625,-1.171875,-0.1953125,-0.2685546875,-0.048828125,-0.0732421875,-0.15869140625,-0.47607421875,0.1220703125,0.79345703125,-0.09765625,-0.64697265625,-0.01220703125,-1.35498046875,-0.03662109375,-1.025390625,-0.08544921875,0.390625,-0.03662109375,0.390625,-0.06103515625,-0.01220703125,-0.06103515625,-0.01220703125,-0.0732421875,0.1953125,-0.10986328125,-0.0244140625,-0.048828125,0.87890625,0,-0.48828125,-0.03662109375,-0.52490234375
0,-0.0732421875,-0.35400390625,-0.10986328125,-0.35400390625,0.01220703125,-0.390625,-0.048828125,-0.01220703125,0.32958984375,-0.01220703125,-0.1953125,-0.86669921875,-0.25634765625,1.08642578125,0.18310546875,-0.25634765625,-0.01220703125,-0.67138671875,0.25634765625,-0.20751953125,0,0.78125,0.10986328125,-0.7568359375,-0.03662109375,0.13427734375,-0.20751953125,-0.8056640625,0.01220703125,0.89111328125,-0.3662109375,0.23193359375,0.3662109375,-0.3173828125,-0.68359375,-0.9033203125,-0.244140625,-0.48828125,-0.15869140625,-0.8056640625,-0.03662109375,-0.2197265625,-0.4638671875,-0.69580078125,0.08544921875,-0.3662109375,-0.35400390625,0.59814453125,0.06103515625,1.123046875,-0.57373046875,0.5126953125,0.32958984375,-0.2197265625,0.25634765625,0.7568359375,0.23193359375,3.77197265625,-0.390625,2.392578125,-0.1708984375,2.3193359375,-0.1220703125,2.978515625,-0.048828125,0.244140625,-0.23193359375,1.07421875,-0.146484375,0.18310546875,-0.23193359375,0.244140625,-0.1708984375,0.2685546875,-0.048828125,0.830078125,0.06103515625,-0.01220703125,0.09765625,1.3427734375,-0.1953125,-0.9521484375,-0.03662109375,-0.3662109375,-0.01220703125,-1.03759765625,-0.20751953125,-0.7568359375,-0.20751953125,-1.47705078125,-0.341796875,-0.2197265625,-0.341796875,-0.23193359375,0.06103515625,-1.1474609375,-0.1953125,-0.25634765625,-0.1220703125,-0.09765625,-0.09765625,-0.45166015625,0.10986328125,1.06201171875,-0.0244140625,-0.67138671875,-0.01220703125,-1.33056640625,0.01220703125,-1.025390625,-0.09765625,0.390625,-0.03662109375,0.40283203125,-0.0244140625,0,-0.0732421875,0.01220703125,-0.06103515625,0.20751953125,-0.09765625,0,-0.048828125,0.86669921875,-0.03662109375,-0.48828125,-0.01220703125,-0.5126953125
0,-0.06103515625,-0.3662109375,-0.09765625,-0.341796875,0.01220703125,-0.40283203125,-0.06103515625,-0.01220703125,0.30517578125,-0.0244140625,-0.20751953125,-0.87890625,-0.28076171875,1.0986328125,0.2197265625,-0.244140625,0,-0.6591796875,0.25634765625,-0.18310546875,-0.048828125,0.8056640625,0.15869140625,-0.7568359375,0.01220703125,0.15869140625,-0.13427734375,-0.81787109375,0.06103515625,0.89111328125,-0.3173828125,0.23193359375,0.29296875,-0.37841796875,-0.64697265625,-0.91552734375,-0.2197265625,-0.48828125,-0.15869140625,-0.79345703125,-0.18310546875,-0.20751953125,-0.3662109375,-0.67138671875,0.048828125,-0.45166015625,-0.439453125,0.64697265625,0.08544921875,1.123046875,-0.5859375,0.50048828125,0.32958984375,-0.2197265625,0.30517578125,0.74462890625,0.0732421875,5.322265625,-0.4150390625,3.076171875,-0.25634765625,2.978515625,-0.1220703125,3.86962890625,-0.0732421875,0.2197265625,-0.2197265625,1.07421875,-0.18310546875,0.1953125,-0.1953125,0.23193359375,-0.2197265625,0.2685546875,-0.048828125,0.84228515625,0.0244140625,-0.0244140625,0.1220703125,1.3427734375,-0.28076171875,-0.96435546875,0.01220703125,-0.390625,-0.06103515625,-1.01318359375,-0.08544921875,-0.76904296875,-0.20751953125,-1.46484375,-0.3662109375,-0.25634765625,-0.35400390625,-0.25634765625,0.01220703125,-1.1474609375,-0.18310546875,-0.0732421875,-0.1953125,0.048828125,-0.06103515625,-0.28076171875,0.09765625,1.513671875,0.10986328125,-0.68359375,0.01220703125,-1.28173828125,0.0244140625,-1.01318359375,-0.13427734375,0.4150390625,-0.048828125,0.37841796875,-0.0244140625,0.03662109375,-0.0732421875,0.01220703125,-0.06103515625,0.18310546875,-0.1220703125,0.01220703125,-0.06103515625,0.86669921875,-0.0732421875,-0.47607421875,-0.01220703125,-0.5126953125
0,-0.048828125,-0.390625,-0.10986328125,-0.3662109375,0.048828125,-0.4150390625,-0.06103515625,-0.0244140625,0.28076171875,-0.0244140625,-0.18310546875,-0.87890625,-0.29296875,1.06201171875,0.23193359375,-0.25634765625,0,-0.67138671875,0.1953125,-0.1953125,-0.1220703125,0.8056640625,0.1953125,-0.74462890625,0.0732421875,0.146484375,-0.09765625,-0.81787109375,0.09765625,0.9033203125,-0.3173828125,0.23193359375,0.13427734375,-0.3662109375,-0.54931640625,-0.89111328125,-0.2197265625,-0.47607421875,-0.1220703125,-0.78125,-0.29296875,-0.1708984375,-0.1953125,-0.6591796875,-0.0732421875,-0.4638671875,-0.42724609375,0.67138671875,0.0732421875,1.13525390625,-0.5859375,0.48828125,0.30517578125,-0.1953125,0.3662109375,0.74462890625,0.03662109375,7.12890625,-0.40283203125,3.8818359375,-0.32958984375,3.7841796875,-0.1708984375,4.9560546875,-0.08544921875,0.1953125,-0.23193359375,1.06201171875,-0.18310546875,0.20751953125,-0.18310546875,0.20751953125,-0.25634765625,0.25634765625,0.0244140625,0.79345703125,0.01220703125,-0.03662109375,0.18310546875,1.33056640625,-0.29296875,-0.98876953125,0.048828125,-0.40283203125,-0.08544921875,-1.0009765625,0.03662109375,-0.78125,-0.146484375,-1.45263671875,-0.341796875,-0.28076171875,-0.2685546875,-0.25634765625,-0.0244140625,-1.171875,-0.1708984375,0.32958984375,-0.23193359375,0.40283203125,0.0244140625,0.03662109375,0.048828125,2.20947265625,0.18310546875,-0.7080078125,0.048828125,-1.25732421875,0.03662109375,-1.01318359375,-0.1708984375,0.4150390625,-0.048828125,0.35400390625,-0.01220703125,0.03662109375,-0.0732421875,0.01220703125,-0.06103515625,0.18310546875,-0.09765625,0,-0.0732421875,0.86669921875,-0.13427734375,-0.4638671875,-0.01220703125,-0.5126953125
0,-0.06103515625,-0.390625,-0.10986328125,-0.35400390625,0.06103515625,-0.40283203125,-0.0732421875,-0.01220703125,0.30517578125,-0.03662109375,-0.15869140625,-0.89111328125,-0.25634765625,1.07421875,0.2685546875,-0.23193359375,-0.01220703125,-0.67138671875,0.09765625,-0.20751953125,-0.1708984375,0.8056640625,0.18310546875,-0.74462890625,0.1220703125,0.1220703125,-0.048828125,-0.8056640625,0.13427734375,0.9033203125,-0.2197265625,0.23193359375,-0.06103515625,-0.35400390625,-0.4638671875,-0.86669921875,-0.18310546875,-0.45166015625,-0.08544921875,-0.76904296875,-0.341796875,-0.15869140625,-0.09765625,-0.64697265625,-0.18310546875,-0.47607421875,-0.42724609375,0.732421875,0.09765625,1.171875,-0.54931640625,0.4638671875,0.32958984375,-0.1708984375,0.4638671875,0.74462890625,0.0732421875,9.08203125,-0.37841796875,4.7607421875,-0.3662109375,4.6142578125,-0.2685546875,6.09130859375,-0.13427734375,0.18310546875,-0.23193359375,1.025390625,-0.1953125,0.2197265625,-0.2197265625,0.20751953125,-0.28076171875,0.244140625,0.06103515625,0.830078125,0.03662109375,-0.0244140625,0.20751953125,1.33056640625,-0.244140625,-1.0009765625,0.08544921875,-0.40283203125,-0.08544921875,-0.98876953125,0.146484375,-0.78125,-0.0732421875,-1.45263671875,-0.28076171875,-0.2685546875,-0.08544921875,-0.29296875,-0.1220703125,-1.1474609375,-0.15869140625,0.91552734375,-0.30517578125,0.96435546875,0.048828125,0.50048828125,-0.0244140625,3.11279296875,0.2685546875,-0.7080078125,0.0732421875,-1.23291015625,0.0732421875,-1.01318359375,-0.18310546875,0.390625,-0.03662109375,0.341796875,-0.0244140625,0.03662109375,-0.06103515625,0.01220703125,-0.03662109375,0.15869140625,-0.08544921875,-0.01220703125,-0.09765625,0.8544921875,-0.1708984375,-0.4638671875,0,-0.5126953125
0,-0.0732421875,-0.4150390625,-0.1220703125,-0.341796875,0.0732421875,-0.390625,-0.0732421875,-0.01220703125,0.30517578125,-0.01220703125,-0.10986328125,-0.89111328125,-0.2685546875,1.06201171875,0.2685546875,-0.2197265625,0.01220703125,-0.67138671875,0,-0.20751953125,-0.1953125,0.8056640625,0.1220703125,-0.7568359375,0.18310546875,0.08544921875,-0.048828125,-0.8056640625,0.1220703125,0.9033203125,-0.10986328125,0.2197265625,-0.244140625,-0.3173828125,-0.37841796875,-0.86669921875,-0.15869140625,-0.42724609375,-0.0244140625,-0.74462890625,-0.32958984375,-0.15869140625,-0.03662109375,-0.634765625,-0.29296875,-0.4638671875,-0.42724609375,0.79345703125,0.08544921875,1.171875,-0.4638671875,0.45166015625,0.32958984375,-0.1708984375,0.50048828125,0.732421875,0.1708984375,10.986328125,-0.32958984375,5.5908203125,-0.35400390625,5.4443359375,-0.32958984375,7.18994140625,-0.20751953125,0.146484375,-0.1953125,1.025390625,-0.1708984375,0.2197265625,-0.25634765625,0.18310546875,-0.25634765625,0.23193359375,0.0732421875,0.81787109375,0,-0.0244140625,0.1953125,1.3427734375,-0.13427734375,-0.98876953125,0.10986328125,-0.37841796875,-0.08544921875,-1.0009765625,0.23193359375,-0.78125,-0.01220703125,-1.4404296875,-0.18310546875,-0.29296875,0.048828125,-0.3173828125,-0.25634765625,-1.171875,-0.1220703125,1.62353515625,-0.2685546875,1.67236328125,0.10986328125,1.0498046875,-0.0244140625,4.2236328125,0.28076171875,-0.68359375,0.10986328125,-1.2451171875,0.06103515625,-1.03759765625,-0.15869140625,0.40283203125,-0.0244140625,0.35400390625,-0.048828125,0.0244140625,-0.0732421875,0.03662109375,-0.01220703125,0.15869140625,-0.0732421875,-0.01220703125,-0.1220703125,0.8544921875,-0.1708984375,-0.45166015625,0,-0.5126953125
0,-0.08544921875,-0.390625,-0.10986328125,-0.35400390625,0.09765625,-0.40283203125,-0.048828125,-0.03662109375,0.29296875,-0.03662109375,-0.09765625,-0.86669921875,-0.29296875,1.07421875,0.244140625,-0.2197265625,0.0244140625,-0.6591796875,-0.1220703125,-0.1953125,-0.25634765625,0.79345703125,0.01220703125,-0.7568359375,0.2197265625,0.06103515625,-0.06103515625,-0.8056640625,0.13427734375,0.9033203125,0.01220703125,0.2197265625,-0.3662109375,-0.29296875,-0.29296875,-0.87890625,-0.10986328125,-0.390625,0.0244140625,-0.732421875,-0.23193359375,-0.15869140625,0,-0.64697265625,-0.40283203125,-0.40283203125,-0.3173828125,0.86669921875,0.06103515625,1.15966796875,-0.37841796875,0.439453125,0.3173828125,-0.13427734375,0.537109375,0.74462890625,0.09765625,12.6708984375,-0.28076171875,6.298828125,-0.3662109375,6.1279296875,-0.390625,8.1787109375,-0.23193359375,0.146484375,-0.18310546875,1.025390625,-0.13427734375,0.23193359375,-0.28076171875,0.18310546875,-0.20751953125,0.2197265625,0.0732421875,0.81787109375,0.0244140625,-0.01220703125,0.15869140625,1.33056640625,0,-0.9765625,0.1708984375,-0.37841796875,-0.06103515625,-0.98876953125,0.244140625,-0.7568359375,0.0244140625,-1.46484375,-0.08544921875,-0.28076171875,0.18310546875,-0.32958984375,-0.2685546875,-1.1962890625,-0.1220703125,2.4169921875,-0.244140625,2.45361328125,0.13427734375,1.67236328125,-0.08544921875,5.38330078125,0.25634765625,-0.67138671875,0.08544921875,-1.23291015625,0.048828125,-1.03759765625,-0.13427734375,0.40283203125,-0.01220703125,0.35400390625,-0.0732421875,0,-0.0732421875,0.03662109375,-0.0244140625,0.15869140625,-0.09765625,-0.0244140625,-0.13427734375,0.84228515625,-0.146484375,-0.45166015625,0.03662109375,-0.52490234375
0,-0.10986328125,-0.35400390625,-0.1220703125,-0.341796875,0.08544921875,-0.37841796875,-0.048828125,-0.0244140625,0.25634765625,-0.03662109375,-0.08544921875,-0.86669921875,-0.29296875,1.08642578125,0.2197265625,-0.1953125,-0.01220703125,-0.68359375,-0.20751953125,-0.2197265625,-0.25634765625,0.79345703125,-0.146484375,-0.76904296875,0.244140625,0.01220703125,-0.10986328125,-0.79345703125,0.1220703125,0.9033203125,0.08544921875,0.2197265625,-0.30517578125,-0.25634765625,-0.2197265625,-0.87890625,-0.06103515625,-0.3662109375,0.06103515625,-0.7080078125,-0.06103515625,-0.15869140625,-0.03662109375,-0.634765625,-0.40283203125,-0.3662109375,-0.2685546875,0.927734375,0,1.15966796875,-0.28076171875,0.45166015625,0.341796875,-0.10986328125,0.57373046875,0.74462890625,0.01220703125,13.96484375,-0.244140625,6.82373046875,-0.3662109375,6.67724609375,-0.47607421875,8.9111328125,-0.2197265625,0.146484375,-0.146484375,1.03759765625,-0.09765625,0.23193359375,-0.341796875,0.1708984375,-0.1708984375,0.25634765625,0.08544921875,0.86669921875,0.0244140625,0,0.146484375,1.35498046875,0.06103515625,-0.96435546875,0.23193359375,-0.341796875,0,-0.98876953125,0.18310546875,-0.7568359375,0.06103515625,-1.46484375,0,-0.29296875,0.18310546875,-0.35400390625,-0.23193359375,-1.1962890625,-0.146484375,3.18603515625,-0.13427734375,3.22265625,0.1220703125,2.25830078125,0.146484375,6.591796875,0.15869140625,-0.67138671875,0.06103515625,-1.2939453125,0,-1.0498046875,-0.10986328125,0.40283203125,0.01220703125,0.35400390625,-0.06103515625,0,-0.06103515625,0.0244140625,0,0.18310546875,-0.10986328125,-0.03662109375,-0.146484375,0.8544921875,-0.1220703125,-0.45166015625,0.0244140625,-0.5126953125
0,-0.08544921875,-0.341796875,-0.1220703125,-0.341796875,0.09765625,-0.37841796875,-0.03662109375,-0.03662109375,0.23193359375,-0.06103515625,-0.048828125,-0.87890625,-0.32958984375,1.08642578125,0.20751953125,-0.1953125,-0.0732421875,-0.68359375,-0.2685546875,-0.20751953125,-0.2685546875,0.78125,-0.29296875,-0.7568359375,0.244140625,-0.03662109375,-0.10986328125,-0.79345703125,0.09765625,0.89111328125,0.10986328125,0.2197265625,-0.2197265625,-0.23193359375,-0.23193359375,-0.86669921875,-0.01220703125,-0.390625,0.08544921875,-0.732421875,0.1220703125,-0.1953125,-0.0732421875,-0.64697265625,-0.3662109375,-0.3173828125,-0.244140625,0.93994140625,-0.09765625,1.15966796875,-0.1708984375,0.45166015625,0.37841796875,-0.10986328125,0.57373046875,0.7568359375,-0.01220703125,14.75830078125,-0.20751953125,7.1044921875,-0.341796875,6.982421875,-0.45166015625,9.375,-0.18310546875,0.146484375,-0.10986328125,1.025390625,-0.0732421875,0.23193359375,-0.341796875,0.18310546875,-0.1220703125,0.2685546875,0.0732421875,0.84228515625,-0.01220703125,0.01220703125,0.09765625,1.3671875,0.10986328125,-0.9521484375,0.28076171875,-0.341796875,0.048828125,-0.98876953125,0.06103515625,-0.7568359375,0.08544921875,-1.47705078125,0.0732421875,-0.2685546875,0.10986328125,-0.35400390625,-0.1220703125,-1.220703125,-0.2197265625,3.857421875,-0.0244140625,3.86962890625,0.13427734375,2.79541015625,0.28076171875,7.6904296875,0.06103515625,-0.634765625,0.03662109375,-1.3427734375,-0.03662109375,-1.0498046875,-0.06103515625,0.40283203125,0.01220703125,0.3662109375,-0.048828125,-0.03662109375,-0.06103515625,-0.01220703125,-0.01220703125,0.18310546875,-0.10986328125,-0.03662109375,-0.1220703125,0.8544921875,-0.09765625,-0.47607421875,0.048828125,-0.52490234375
0,-0.08544921875,-0.32958984375,-0.13427734375,-0.35400390625,0.09765625,-0.37841796875,-0.0244140625,-0.06103515625,0.244140625,-0.06103515625,-0.01220703125,-0.87890625,-0.32958984375,1.11083984375,0.1953125,-0.20751953125,-0.146484375,-0.67138671875,-0.2685546875,-0.20751953125,-0.3173828125,0.79345703125,-0.3662109375,-0.7568359375,0.20751953125,-0.06103515625,-0.10986328125,-0.78125,0.08544921875,0.91552734375,0.0244140625,0.2197265625,-0.03662109375,-0.2197265625,-0.244140625,-0.87890625,-0.01220703125,-0.37841796875,0.08544921875,-0.732421875,0.30517578125,-0.18310546875,-0.13427734375,-0.64697265625,-0.25634765625,-0.29296875,-0.1708984375,0.9521484375,-0.146484375,1.123046875,-0.0732421875,0.4638671875,0.3662109375,-0.1220703125,0.5615234375,0.74462890625,0,14.990234375,-0.244140625,7.14111328125,-0.30517578125,7.0068359375,-0.4150390625,9.4970703125,-0.1220703125,0.18310546875,-0.048828125,1.0498046875,-0.06103515625,0.23193359375,-0.35400390625,0.1953125,-0.10986328125,0.28076171875,0.08544921875,0.86669921875,-0.048828125,0.048828125,0.03662109375,1.35498046875,0.0732421875,-0.9521484375,0.30517578125,-0.32958984375,0.01220703125,-1.025390625,-0.0732421875,-0.76904296875,0.146484375,-1.4892578125,0.1220703125,-0.25634765625,0.01220703125,-0.3662109375,0.01220703125,-1.220703125,-0.25634765625,4.38232421875,0.0732421875,4.38232421875,0.0732421875,3.18603515625,0.30517578125,8.60595703125,0,-0.59814453125,-0.01220703125,-1.40380859375,-0.06103515625,-1.03759765625,-0.08544921875,0.390625,0.01220703125,0.37841796875,-0.01220703125,-0.0244140625,-0.08544921875,0,-0.03662109375,0.18310546875,-0.1220703125,-0.01220703125,-0.08544921875,0.86669921875,-0.08544921875,-0.48828125,0.048828125,-0.537109375
1,-0.09765625,-0.3173828125,-0.10986328125,-0.35400390625,0.10986328125,-0.35400390625,-0.01220703125,-0.0732421875,0.18310546875,-0.06103515625,-0.01220703125,-0.87890625,-0.32958984375,1.123046875,0.20751953125,-0.20751953125,-0.1953125,-0.6591796875,-0.25634765625,-0.20751953125,-0.3662109375,0.76904296875,-0.341796875,-0.7568359375,0.15869140625,-0.08544921875,-0.10986328125,-0.79345703125,0.0732421875,0.89111328125,-0.0732421875,0.23193359375,0.1953125,-0.25634765625,-0.30517578125,-0.9033203125,0.01220703125,-0.390625,0.048828125,-0.7568359375,0.439453125,-0.20751953125,-0.1708984375,-0.634765625,-0.146484375,-0.3173828125,-0.15869140625,0.927734375,-0.1708984375,1.13525390625,-0.03662109375,0.48828125,0.37841796875,-0.1220703125,0.52490234375,0.7568359375,0.03662109375,14.68505859375,-0.2197265625,6.9091796875,-0.28076171875,6.84814453125,-0.40283203125,9.26513671875,-0.06103515625,0.1953125,-0.01220703125,1.06201171875,-0.06103515625,0.23193359375,-0.341796875,0.18310546875,-0.06103515625,0.29296875,0.09765625,0.89111328125,-0.08544921875,0.03662109375,0,1.35498046875,0.06103515625,-0.93994140625,0.3173828125,-0.3173828125,-0.0244140625,-1.025390625,-0.20751953125,-0.7568359375,0.15869140625,-1.47705078125,0.1220703125,-0.25634765625,-0.09765625,-0.341796875,0.1220703125,-1.2451171875,-0.2685546875,4.69970703125,0.08544921875,4.74853515625,0,3.4423828125,0.2197265625,9.3017578125,0.01220703125,-0.6103515625,-0.0732421875,-1.47705078125,-0.08544921875,-1.0498046875,-0.08544921875,0.37841796875,0,0.37841796875,-0.01220703125,-0.03662109375,-0.0732421875,-0.01220703125,-0.048828125,0.20751953125,-0.146484375,0,-0.08544921875,0.8544921875,-0.0732421875,-0.50048828125,0.0732421875,-0.52490234375
1,-0.09765625,-0.3173828125,-0.15869140625,-0.35400390625,0.09765625,-0.35400390625,0.01220703125,-0.0732421875,0.1953125,-0.048828125,0.01220703125,-0.8544921875,-0.341796875,1.13525390625,0.2197265625,-0.1953125,-0.25634765625,-0.6591796875,-0.1953125,-0.2197265625,-0.45166015625,0.8056640625,-0.25634765625,-0.76904296875,0.03662109375,-0.08544921875,-0.13427734375,-0.79345703125,0.048828125,0.87890625,-0.20751953125,0.2197265625,0.32958984375,-0.30517578125,-0.341796875,-0.89111328125,-0.03662109375,-0.4150390625,0.03662109375,-0.7568359375,0.54931640625,-0.1953125,-0.1220703125,-0.6103515625,-0.01220703125,-0.32958984375,-0.13427734375,0.87890625,-0.15869140625,1.13525390625,-0.0244140625,0.47607421875,0.3173828125,-0.1220703125,0.47607421875,0.74462890625,0.048828125,13.92822265625,-0.2197265625,6.4697265625,-0.25634765625,6.43310546875,-0.37841796875,8.70361328125,0.0244140625,0.244140625,0.0732421875,1.0498046875,-0.048828125,0.23193359375,-0.29296875,0.1953125,-0.01220703125,0.30517578125,0.09765625,0.8544921875,-0.08544921875,0.03662109375,-0.0244140625,1.3427734375,0.048828125,-0.96435546875,0.30517578125,-0.32958984375,-0.13427734375,-1.0498046875,-0.244140625,-0.76904296875,0.1708984375,-1.46484375,0.09765625,-0.244140625,-0.20751953125,-0.32958984375,0.25634765625,-1.23291015625,-0.1953125,4.8583984375,0.10986328125,4.9072265625,-0.048828125,3.55224609375,0.15869140625,9.75341796875,0.048828125,-0.62255859375,-0.13427734375,-1.513671875,-0.08544921875,-1.025390625,-0.13427734375,0.390625,-0.0244140625,0.37841796875,0,-0.0244140625,-0.06103515625,-0.048828125,-0.048828125,0.18310546875,-0.13427734375,0,-0.0732421875,0.86669921875,-0.08544921875,-0.52490234375,0.06103515625,-0.5126953125
1,-0.08544921875,-0.3173828125,-0.15869140625,-0.341796875,0.09765625,-0.37841796875,0.048828125,-0.03662109375,0.1953125,-0.0244140625,0.0244140625,-0.87890625,-0.32958984375,1.123046875,0.1953125,-0.18310546875,-0.28076171875,-0.64697265625,-0.13427734375,-0.20751953125,-0.4638671875,0.79345703125,-0.13427734375,-0.74462890625,-0.10986328125,-0.0732421875,-0.1708984375,-0.8056640625,0,0.86669921875,-0.32958984375,0.23193359375,0.390625,-0.2685546875,-0.390625,-0.89111328125,-0.08544921875,-0.45166015625,-0.01220703125,-0.7568359375,0.537109375,-0.1953125,-0.13427734375,-0.57373046875,0.0732421875,-0.35400390625,-0.10986328125,0.8056640625,-0.08544921875,1.123046875,-0.0244140625,0.48828125,0.28076171875,-0.13427734375,0.48828125,0.72021484375,0.048828125,12.78076171875,-0.1953125,5.8837890625,-0.23193359375,5.859375,-0.4150390625,7.958984375,0.0732421875,0.2685546875,0.13427734375,1.0498046875,0,0.2197265625,-0.244140625,0.20751953125,0.06103515625,0.3173828125,0.0732421875,0.86669921875,-0.10986328125,0.0244140625,-0.0732421875,1.3427734375,-0.0244140625,-0.96435546875,0.28076171875,-0.341796875,-0.25634765625,-1.06201171875,-0.2685546875,-0.76904296875,0.15869140625,-1.42822265625,0.03662109375,-0.23193359375,-0.2685546875,-0.30517578125,0.29296875,-1.220703125,-0.10986328125,4.8583984375,0.0732421875,4.9072265625,-0.10986328125,3.564453125,0.13427734375,9.97314453125,0.0732421875,-0.634765625,-0.1708984375,-1.5380859375,-0.0732421875,-1.025390625,-0.13427734375,0.37841796875,-0.03662109375,0.37841796875,0,-0.01220703125,-0.06103515625,-0.06103515625,-0.06103515625,0.20751953125,-0.13427734375,-0.0244140625,-0.08544921875,0.84228515625,-0.06103515625,-0.5126953125,0.048828125,-0.54931640625
1,-0.0732421875,-0.32958984375,-0.15869140625,-0.3662109375,0.09765625,-0.37841796875,0.06103515625,-0.03662109375,0.1953125,-0.01220703125,0.048828125,-0.87890625,-0.3173828125,1.0986328125,0.1220703125,-0.18310546875,-0.28076171875,-0.64697265625,-0.0244140625,-0.20751953125,-0.40283203125,0.8056640625,-0.01220703125,-0.74462890625,-0.1953125,-0.0732421875,-0.2197265625,-0.8056640625,-0.0732421875,0.86669921875,-0.45166015625,0.20751953125,0.35400390625,-0.32958984375,-0.42724609375,-0.87890625,-0.13427734375,-0.45166015625,-0.0244140625,-0.76904296875,0.4150390625,-0.18310546875,-0.06103515625,-0.52490234375,0.15869140625,-0.439453125,-0.01220703125,0.7568359375,-0.0244140625,1.123046875,-0.08544921875,0.48828125,0.20751953125,-0.1708984375,0.45166015625,0.7080078125,0.03662109375,11.4013671875,-0.15869140625,5.18798828125,-0.1953125,5.2001953125,-0.37841796875,7.04345703125,0.0732421875,0.30517578125,0.18310546875,1.06201171875,0,0.1953125,-0.1708984375,0.2197265625,0.10986328125,0.30517578125,0.048828125,0.81787109375,-0.13427734375,0.01220703125,-0.10986328125,1.35498046875,-0.1220703125,-0.96435546875,0.244140625,-0.37841796875,-0.35400390625,-1.06201171875,-0.23193359375,-0.78125,0.09765625,-1.35498046875,-0.06103515625,-0.2197265625,-0.30517578125,-0.30517578125,0.2197265625,-1.20849609375,0.0244140625,4.74853515625,0.0732421875,4.79736328125,-0.08544921875,3.50341796875,0.146484375,9.97314453125,0.10986328125,-0.64697265625,-0.1953125,-1.55029296875,-0.048828125,-1.01318359375,-0.1220703125,0.3662109375,-0.03662109375,0.3662109375,0,0,-0.0732421875,-0.06103515625,-0.03662109375,0.1953125,-0.1220703125,-0.01220703125,-0.0732421875,0.8056640625,-0.10986328125,-0.5126953125,0.048828125,-0.54931640625
1,-0.0732421875,-0.35400390625,-0.146484375,-0.341796875,0.08544921875,-0.390625,0.0732421875,-0.0244140625,0.146484375,-0.0244140625,0.03662109375,-0.9033203125,-0.32958984375,1.11083984375,0.10986328125,-0.18310546875,-0.23193359375,-0.634765625,0.048828125,-0.20751953125,-0.29296875,0.81787109375,0.06103515625,-0.7568359375,-0.2685546875,-0.0732421875,-0.30517578125,-0.79345703125,-0.146484375,0.89111328125,-0.5615234375,0.2197265625,0.146484375,-0.3662109375,-0.42724609375,-0.87890625,-0.1708984375,-0.4638671875,-0.06103515625,-0.7568359375,0.1708984375,-0.1708984375,-0.03662109375,-0.4638671875,0.18310546875,-0.50048828125,0.09765625,0.72021484375,0.0244140625,1.13525390625,-0.146484375,0.4638671875,0.13427734375,-0.15869140625,0.42724609375,0.732421875,-0.0244140625,9.97314453125,-0.146484375,4.5166015625,-0.20751953125,4.47998046875,-0.29296875,6.09130859375,0.0732421875,0.32958984375,0.25634765625,1.06201171875,0.0244140625,0.1708984375,-0.13427734375,0.2197265625,0.18310546875,0.28076171875,0.01220703125,0.79345703125,-0.18310546875,-0.01220703125,-0.10986328125,1.3671875,-0.25634765625,-1.0009765625,0.20751953125,-0.390625,-0.439453125,-1.07421875,-0.18310546875,-0.78125,0.06103515625,-1.30615234375,-0.146484375,-0.2197265625,-0.29296875,-0.30517578125,0.08544921875,-1.20849609375,0.09765625,4.62646484375,0.06103515625,4.6630859375,-0.048828125,3.40576171875,-0.06103515625,9.80224609375,0.146484375,-0.67138671875,-0.20751953125,-1.5625,-0.01220703125,-1.025390625,-0.146484375,0.40283203125,-0.0244140625,0.3662109375,0.01220703125,0.0244140625,-0.0732421875,-0.06103515625,-0.03662109375,0.18310546875,-0.09765625,-0.048828125,-0.09765625,0.78125,-0.1220703125,-0.48828125,0.06103515625,-0.5615234375
1,-0.0732421875,-0.35400390625,-0.09765625,-0.341796875,0.06103515625,-0.40283203125,0.0732421875,-0.01220703125,0.1220703125,0,0.048828125,-0.86669921875,-0.30517578125,1.11083984375,0.08544921875,-0.2197265625,-0.1708984375,-0.64697265625,0.09765625,-0.20751953125,-0.15869140625,0.79345703125,0.08544921875,-0.732421875,-0.2685546875,-0.08544921875,-0.3662109375,-0.81787109375,-0.1953125,0.86669921875,-0.57373046875,0.20751953125,-0.10986328125,-0.390625,-0.4150390625,-0.86669921875,-0.2685546875,-0.45166015625,-0.0732421875,-0.74462890625,-0.048828125,-0.15869140625,-0.01220703125,-0.4150390625,0.09765625,-0.52490234375,0.1708984375,0.69580078125,0.09765625,1.15966796875,-0.1708984375,0.47607421875,0.03662109375,-0.1708984375,0.40283203125,0.732421875,-0.09765625,8.58154296875,-0.0732421875,3.84521484375,-0.146484375,3.82080078125,-0.244140625,5.17578125,0.09765625,0.35400390625,0.29296875,1.08642578125,0.0244140625,0.1708984375,-0.08544921875,0.2197265625,0.25634765625,0.28076171875,-0.0732421875,0.76904296875,-0.2197265625,-0.01220703125,-0.09765625,1.3671875,-0.37841796875,-1.0009765625,0.1953125,-0.390625,-0.4638671875,-1.07421875,-0.09765625,-0.76904296875,0.03662109375,-1.220703125,-0.1953125,-0.2197265625,-0.244140625,-0.29296875,-0.10986328125,-1.171875,0.10986328125,4.43115234375,0.03662109375,4.45556640625,-0.06103515625,3.25927734375,-0.29296875,9.47265625,0.146484375,-0.69580078125,-0.1708984375,-1.55029296875,0.01220703125,-1.03759765625,-0.1953125,0.40283203125,-0.0244140625,0.341796875,0,0.0244140625,-0.0732421875,-0.03662109375,-0.03662109375,0.18310546875,-0.0732421875,-0.048828125,-0.09765625,0.7568359375,-0.13427734375,-0.47607421875,0.06103515625,-0.5859375
1,-0.0732421875,-0.35400390625,-0.09765625,-0.37841796875,0.08544921875,-0.40283203125,0.0732421875,-0.0244140625,0.1220703125,0,0.06103515625,-0.87890625,-0.28076171875,1.0986328125,0.10986328125,-0.20751953125,-0.0732421875,-0.6591796875,0.06103515625,-0.1953125,-0.0244140625,0.8056640625,0.06103515625,-0.74462890625,-0.2197265625,-0.09765625,-0.40283203125,-0.81787109375,-0.2197265625,0.87890625,-0.52490234375,0.2197265625,-0.3662109375,-0.37841796875,-0.42724609375,-0.86669921875,-0.2685546875,-0.439453125,-0.1220703125,-0.732421875,-0.244140625,-0.15869140625,-0.0244140625,-0.40283203125,0.01220703125,-0.52490234375,0.1953125,0.68359375,0.15869140625,1.1962890625,-0.25634765625,0.45166015625,-0.03662109375,-0.1708984375,0.37841796875,0.732421875,-0.18310546875,7.28759765625,-0.08544921875,3.2470703125,-0.10986328125,3.23486328125,-0.2197265625,4.345703125,0.13427734375,0.35400390625,0.32958984375,1.06201171875,0.06103515625,0.1708984375,-0.0732421875,0.23193359375,0.30517578125,0.25634765625,-0.146484375,0.7568359375,-0.2197265625,-0.03662109375,-0.0732421875,1.35498046875,-0.4638671875,-0.98876953125,0.1708984375,-0.4150390625,-0.439453125,-1.0498046875,-0.048828125,-0.7568359375,0.01220703125,-1.13525390625,-0.18310546875,-0.2197265625,-0.1953125,-0.28076171875,-0.2197265625,-1.15966796875,0.01220703125,4.248046875,0.0244140625,4.23583984375,-0.048828125,3.1005859375,-0.439453125,9.0576171875,0.09765625,-0.69580078125,-0.13427734375,-1.513671875,0.0244140625,-1.025390625,-0.25634765625,0.40283203125,-0.0244140625,0.3173828125,0.01220703125,0.03662109375,-0.0732421875,-0.01220703125,-0.0244140625,0.15869140625,-0.0732421875,-0.06103515625,-0.10986328125,0.74462890625,-0.13427734375,-0.4638671875,0.03662109375,-0.57373046875
1,-0.09765625,-0.35400390625,-0.08544921875,-0.35400390625,0.09765625,-0.40283203125,0.06103515625,-0.01220703125,0.09765625,0.01220703125,0.09765625,-0.9033203125,-0.25634765625,1.0986328125,0.1220703125,-0.1953125,0.0732421875,-0.67138671875,0.0244140625,-0.15869140625,0.0732421875,0.79345703125,0.01220703125,-0.732421875,-0.146484375,-0.09765625,-0.4150390625,-0.830078125,-0.23193359375,0.87890625,-0.4150390625,0.2197265625,-0.50048828125,-0.3662109375,-0.5126953125,-0.86669921875,-0.23193359375,-0.42724609375,-0.146484375,-0.72021484375,-0.32958984375,-0.15869140625,-0.1708984375,-0.390625,-0.08544921875,-0.5126953125,0.1708984375,0.7080078125,0.1953125,1.1962890625,-0.29296875,0.439453125,-0.03662109375,-0.1708984375,0.30517578125,0.74462890625,-0.1953125,6.15234375,-0.048828125,2.74658203125,-0.0732421875,2.734375,-0.18310546875,3.64990234375,0.146484375,0.32958984375,0.35400390625,1.06201171875,0.0732421875,0.15869140625,-0.0732421875,0.2197265625,0.341796875,0.23193359375,-0.2197265625,0.74462890625,-0.20751953125,-0.0244140625,-0.09765625,1.3671875,-0.5615234375,-0.9765625,0.18310546875,-0.390625,-0.341796875,-1.025390625,-0.08544921875,-0.7568359375,-0.048828125,-1.0498046875,-0.1708984375,-0.244140625,-0.20751953125,-0.28076171875,-0.25634765625,-1.171875,-0.048828125,4.1015625,-0.01220703125,4.04052734375,-0.048828125,2.96630859375,-0.54931640625,8.58154296875,0.048828125,-0.732421875,-0.0732421875,-1.47705078125,0,-1.03759765625,-0.2685546875,0.40283203125,-0.03662109375,0.3173828125,0,0.0244140625,-0.08544921875,0.0244140625,-0.01220703125,0.146484375,-0.06103515625,-0.048828125,-0.10986328125,0.7568359375,-0.13427734375,-0.439453125,0.03662109375,-0.5615234375
1,-0.10986328125,-0.35400390625,-0.0732421875,-0.35400390625,0.09765625,-0.390625,0.06103515625,-0.01220703125,0.06103515625,0.0244140625,0.08544921875,-0.89111328125,-0.23193359375,1.08642578125,0.06103515625,-0.2197265625,0.1708984375,-0.67138671875,-0.01220703125,-0.18310546875,0.09765625,0.79345703125,-0.03662109375,-0.74462890625,-0.06103515625,-0.10986328125,-0.37841796875,-0.81787109375,-0.18310546875,0.87890625,-0.28076171875,0.20751953125,-0.52490234375,-0.32958984375,-0.57373046875,-0.8544921875,-0.15869140625,-0.42724609375,-0.146484375,-0.72021484375,-0.30517578125,-0.146484375,-0.2685546875,-0.42724609375,-0.146484375,-0.45166015625,0.13427734375,0.7080078125,0.23193359375,1.18408203125,-0.32958984375,0.45166015625,-0.09765625,-0.15869140625,0.2685546875,0.7568359375,-0.1953125,5.21240234375,-0.1220703125,2.34375,-0.0244140625,2.33154296875,-0.18310546875,3.0517578125,0.15869140625,0.3173828125,0.3173828125,1.0498046875,0.09765625,0.15869140625,-0.06103515625,0.25634765625,0.32958984375,0.244140625,-0.25634765625,0.78125,-0.1953125,-0.03662109375,-0.146484375,1.3671875,-0.57373046875,-0.93994140625,0.20751953125,-0.40283203125,-0.20751953125,-1.01318359375,-0.1220703125,-0.74462890625,-0.09765625,-0.98876953125,-0.10986328125,-0.244140625,-0.23193359375,-0.28076171875,-0.25634765625,-1.15966796875,-0.13427734375,3.91845703125,0,3.82080078125,-0.048828125,2.83203125,-0.5859375,8.04443359375,0.0244140625,-0.732421875,0.0244140625,-1.4404296875,0,-1.0498046875,-0.23193359375,0.40283203125,-0.08544921875,0.32958984375,0.0244140625,0.01220703125,-0.06103515625,0.048828125,-0.0244140625,0.15869140625,-0.08544921875,-0.0732421875,-0.13427734375,0.78125,-0.10986328125,-0.439453125,0.01220703125,-0.57373046875
1,-0.1220703125,-0.32958984375,-0.08544921875,-0.35400390625,0.0732421875,-0.390625,0.0732421875,-0.03662109375,0.03662109375,0.0244140625,0.09765625,-0.87890625,-0.2197265625,1.0986328125,-0.01220703125,-0.20751953125,0.23193359375,-0.68359375,-0.06103515625,-0.1708984375,0.08544921875,0.79345703125,-0.06103515625,-0.74462890625,0,-0.13427734375,-0.37841796875,-0.81787109375,-0.13427734375,0.89111328125,-0.2197265625,0.20751953125,-0.4150390625,-0.28076171875,-0.62255859375,-0.87890625,-0.048828125,-0.4150390625,-0.1708984375,-0.72021484375,-0.23193359375,-0.18310546875,-0.341796875,-0.50048828125,-0.18310546875,-0.40283203125,0.08544921875,0.74462890625,0.23193359375,1.171875,-0.2685546875,0.4638671875,-0.09765625,-0.13427734375,0.15869140625,0.78125,-0.23193359375,4.38232421875,-0.146484375,1.98974609375,0.03662109375,2.01416015625,-0.18310546875,2.52685546875,0.2197265625,0.28076171875,0.25634765625,1.06201171875,0.10986328125,0.146484375,-0.09765625,0.23193359375,0.30517578125,0.25634765625,-0.30517578125,0.79345703125,-0.13427734375,-0.03662109375,-0.1953125,1.37939453125,-0.5126953125,-0.927734375,0.28076171875,-0.40283203125,-0.0732421875,-0.98876953125,-0.146484375,-0.74462890625,-0.15869140625,-0.93994140625,-0.06103515625,-0.25634765625,-0.32958984375,-0.29296875,-0.1953125,-1.15966796875,-0.1708984375,3.74755859375,-0.06103515625,3.6376953125,-0.10986328125,2.64892578125,-0.50048828125,7.51953125,0.03662109375,-0.72021484375,0.048828125,-1.40380859375,0,-1.01318359375,-0.1953125,0.4150390625,-0.13427734375,0.3173828125,0.01220703125,-0.01220703125,-0.06103515625,0.01220703125,-0.048828125,0.13427734375,-0.09765625,-0.048828125,-0.10986328125,0.79345703125,-0.09765625,-0.50048828125,-0.0244140625,-0.5615234375
1,-0.1220703125,-0.3173828125,-0.08544921875,-0.35400390625,0.0732421875,-0.3662109375,0.0732421875,-0.0244140625,0.0244140625,0.0244140625,0.1220703125,-0.87890625,-0.20751953125,1.0986328125,-0.06103515625,-0.1953125,0.20751953125,-0.69580078125,-0.09765625,-0.18310546875,0.01220703125,0.79345703125,-0.0732421875,-0.7568359375,0.06103515625,-0.146484375,-0.28076171875,-0.81787109375,-0.08544921875,0.9033203125,-0.15869140625,0.2197265625,-0.244140625,-0.25634765625,-0.6591796875,-0.87890625,0.06103515625,-0.42724609375,-0.1953125,-0.74462890625,-0.1220703125,-0.18310546875,-0.439453125,-0.5615234375,-0.1708984375,-0.35400390625,0.03662109375,0.74462890625,0.15869140625,1.171875,-0.30517578125,0.4638671875,-0.146484375,-0.15869140625,0.10986328125,0.76904296875,-0.18310546875,3.61328125,-0.1953125,1.66015625,0.03662109375,1.708984375,-0.1220703125,2.0263671875,0.2685546875,0.25634765625,0.1953125,1.0498046875,0.1220703125,0.15869140625,-0.1708984375,0.23193359375,0.29296875,0.2685546875,-0.341796875,0.830078125,-0.10986328125,-0.0244140625,-0.23193359375,1.35498046875,-0.47607421875,-0.9033203125,0.35400390625,-0.40283203125,0,-0.9765625,-0.13427734375,-0.76904296875,-0.1708984375,-0.93994140625,-0.0244140625,-0.244140625,-0.4638671875,-0.3173828125,-0.08544921875,-1.1474609375,-0.1220703125,3.5400390625,-0.048828125,3.3935546875,-0.06103515625,2.4658203125,-0.35400390625,7.01904296875,0.048828125,-0.732421875,0.08544921875,-1.416015625,-0.0244140625,-1.03759765625,-0.13427734375,0.4150390625,-0.15869140625,0.3662109375,0,0,-0.06103515625,0,-0.048828125,0.146484375,-0.10986328125,-0.01220703125,-0.08544921875,0.830078125,-0.1220703125,-0.5126953125,-0.0732421875,-0.52490234375
1,-0.1220703125,-0.3173828125,-0.03662109375,-0.341796875,0.06103515625,-0.37841796875,0.08544921875,-0.03662109375,0,0,0.15869140625,-0.89111328125,-0.1708984375,1.0986328125,-0.10986328125,-0.2197265625,0.15869140625,-0.68359375,-0.13427734375,-0.1953125,-0.08544921875,0.79345703125,-0.08544921875,-0.74462890625,0.0732421875,-0.1708984375,-0.18310546875,-0.830078125,-0.01220703125,0.87890625,-0.146484375,0.20751953125,0,-0.20751953125,-0.68359375,-0.89111328125,0.15869140625,-0.439453125,-0.2197265625,-0.74462890625,-0.048828125,-0.1953125,-0.40283203125,-0.62255859375,-0.146484375,-0.29296875,-0.01220703125,0.7568359375,0.048828125,1.15966796875,-0.29296875,0.50048828125,-0.1708984375,-0.13427734375,0.08544921875,0.76904296875,-0.10986328125,2.84423828125,-0.23193359375,1.33056640625,0.08544921875,1.40380859375,-0.048828125,1.5380859375,0.244140625,0.2685546875,0.10986328125,1.0498046875,0.10986328125,0.146484375,-0.20751953125,0.23193359375,0.2197265625,0.2685546875,-0.341796875,0.8544921875,-0.03662109375,-0.03662109375,-0.25634765625,1.35498046875,-0.37841796875,-0.9033203125,0.40283203125,-0.40283203125,0.0732421875,-0.9765625,-0.09765625,-0.7568359375,-0.13427734375,-0.9521484375,0.01220703125,-0.25634765625,-0.5126953125,-0.3173828125,0.0244140625,-1.171875,-0.15869140625,3.2958984375,-0.10986328125,3.1494140625,-0.06103515625,2.2705078125,-0.32958984375,6.54296875,0.048828125,-0.732421875,0.048828125,-1.3916015625,-0.048828125,-1.03759765625,-0.048828125,0.40283203125,-0.146484375,0.40283203125,0.01220703125,0.0244140625,-0.0732421875,0.0732421875,-0.06103515625,0.18310546875,-0.13427734375,0.01220703125,-0.08544921875,0.87890625,-0.13427734375,-0.4638671875,-0.09765625,-0.48828125
1,-0.1220703125,-0.3173828125,-0.048828125,-0.3173828125,0.06103515625,-0.37841796875,0.06103515625,-0.03662109375,0.01220703125,-0.01220703125,0.1708984375,-0.86669921875,-0.146484375,1.11083984375,-0.1220703125,-0.1953125,0.0732421875,-0.69580078125,-0.15869140625,-0.1953125,-0.1953125,0.78125,-0.1220703125,-0.74462890625,0.10986328125,-0.20751953125,-0.03662109375,-0.81787109375,0.06103515625,0.89111328125,-0.18310546875,0.20751953125,0.15869140625,-0.20751953125,-0.69580078125,-0.87890625,0.1953125,-0.439453125,-0.20751953125,-0.7568359375,0.048828125,-0.18310546875,-0.3662109375,-0.7080078125,-0.1220703125,-0.29296875,-0.0244140625,0.7568359375,-0.06103515625,1.15966796875,-0.30517578125,0.4638671875,-0.13427734375,-0.13427734375,0.06103515625,0.7568359375,-0.03662109375,2.05078125,-0.2685546875,0.9765625,0.06103515625,1.06201171875,-0.0732421875,0.98876953125,0.2197265625,0.28076171875,0.0244140625,1.07421875,0.0732421875,0.15869140625,-0.25634765625,0.23193359375,0.15869140625,0.29296875,-0.341796875,0.89111328125,0,-0.0244140625,-0.28076171875,1.35498046875,-0.244140625,-0.93994140625,0.45166015625,-0.40283203125,0.048828125,-0.98876953125,-0.03662109375,-0.7568359375,-0.06103515625,-0.96435546875,0.01220703125,-0.28076171875,-0.52490234375,-0.341796875,0.09765625,-1.171875,-0.146484375,3.0517578125,-0.15869140625,2.9296875,-0.08544921875,2.0751953125,-0.28076171875,6.16455078125,0.08544921875,-0.732421875,-0.048828125,-1.416015625,-0.06103515625,-1.0498046875,-0.03662109375,0.390625,-0.146484375,0.37841796875,0.0244140625,0.01220703125,-0.0732421875,0.06103515625,-0.048828125,0.1708984375,-0.13427734375,0,-0.10986328125,0.86669921875,-0.1220703125,-0.47607421875,-0.09765625,-0.50048828125
0,-0.1220703125,-0.29296875,-0.048828125,-0.3173828125,0.06103515625,-0.37841796875,0.09765625,-0.06103515625,0,-0.03662109375,0.146484375,-0.86669921875,-0.10986328125,1.11083984375,-0.10986328125,-0.20751953125,-0.0244140625,-0.6591796875,-0.20751953125,-0.1953125,-0.32958984375,0.76904296875,-0.146484375,-0.7568359375,0.10986328125,-0.18310546875,0.03662109375,-0.8056640625,0.08544921875,0.87890625,-0.18310546875,0.20751953125,0.23193359375,-0.244140625,-0.62255859375,-0.89111328125,0.1953125,-0.4638671875,-0.18310546875,-0.74462890625,0.1220703125,-0.1953125,-0.2685546875,-0.7568359375,-0.09765625,-0.30517578125,-0.0244140625,0.74462890625,-0.1220703125,1.123046875,-0.3173828125,0.47607421875,-0.1708984375,-0.15869140625,0.10986328125,0.74462890625,-0.06103515625,1.20849609375,-0.3662109375,0.6103515625,0.048828125,0.68359375,-0.1220703125,0.390625,0.18310546875,0.2685546875,-0.03662109375,1.07421875,0.03662109375,0.1708984375,-0.30517578125,0.23193359375,0.1220703125,0.30517578125,-0.30517578125,0.89111328125,0.03662109375,-0.0244140625,-0.28076171875,1.35498046875,-0.06103515625,-0.9765625,0.439453125,-0.390625,0,-1.01318359375,0.048828125,-0.76904296875,0.03662109375,-1.025390625,0.03662109375,-0.28076171875,-0.4638671875,-0.35400390625,0.0732421875,-1.15966796875,-0.146484375,2.8076171875,-0.20751953125,2.7099609375,-0.03662109375,1.8798828125,-0.23193359375,5.859375,0.146484375,-0.732421875,-0.146484375,-1.4404296875,-0.08544921875,-1.0498046875,0,0.390625,-0.146484375,0.390625,0.01220703125,0.0244140625,-0.06103515625,0.0244140625,-0.03662109375,0.20751953125,-0.146484375,0.01220703125,-0.08544921875,0.8544921875,-0.146484375,-0.5126953125,-0.0732421875,-0.50048828125
0,-0.08544921875,-0.30517578125,-0.048828125,-0.32958984375,0.0732421875,-0.390625,0.10986328125,-0.0732421875,0.0244140625,-0.0244140625,0.1708984375,-0.8544921875,-0.1220703125,1.0986328125,-0.10986328125,-0.2197265625,-0.09765625,-0.634765625,-0.2197265625,-0.1953125,-0.40283203125,0.78125,-0.2197265625,-0.7568359375,0.09765625,-0.2197265625,0.08544921875,-0.81787109375,0.08544921875,0.86669921875,-0.15869140625,0.2197265625,0.1708984375,-0.28076171875,-0.5126953125,-0.91552734375,0.146484375,-0.47607421875,-0.15869140625,-0.74462890625,0.1220703125,-0.18310546875,-0.0732421875,-0.78125,-0.09765625,-0.35400390625,0,0.72021484375,-0.15869140625,1.15966796875,-0.30517578125,0.45166015625,-0.146484375,-0.18310546875,0.1708984375,0.732421875,-0.0244140625,0.37841796875,-0.35400390625,0.23193359375,0.1220703125,0.3173828125,-0.1220703125,-0.18310546875,0.1220703125,0.2685546875,-0.10986328125,1.0498046875,-0.01220703125,0.18310546875,-0.32958984375,0.2197265625,0.0732421875,0.29296875,-0.2685546875,0.87890625,0.08544921875,-0.0244140625,-0.2685546875,1.3427734375,0.09765625,-1.0009765625,0.45166015625,-0.40283203125,-0.08544921875,-1.01318359375,0.1220703125,-0.79345703125,0.146484375,-1.06201171875,0.048828125,-0.2685546875,-0.3173828125,-0.341796875,0.0244140625,-1.171875,-0.1953125,2.55126953125,-0.2197265625,2.5146484375,0,1.708984375,-0.1953125,5.57861328125,0.1708984375,-0.72021484375,-0.20751953125,-1.4892578125,-0.0732421875,-1.0498046875,0.03662109375,0.40283203125,-0.146484375,0.390625,0.01220703125,0.03662109375,-0.06103515625,0.01220703125,-0.0244140625,0.20751953125,-0.146484375,0.048828125,-0.09765625,0.86669921875,-0.15869140625,-0.5126953125,-0.048828125,-0.48828125
0,-0.08544921875,-0.3173828125,-0.0732421875,-0.35400390625,0.06103515625,-0.37841796875,0.1220703125,-0.09765625,0.0244140625,-0.0244140625,0.18310546875,-0.8544921875,-0.1220703125,1.123046875,-0.10986328125,-0.244140625,-0.15869140625,-0.634765625,-0.244140625,-0.20751953125,-0.390625,0.76904296875,-0.2685546875,-0.74462890625,0.06103515625,-0.2197265625,0.08544921875,-0.830078125,0.06103515625,0.86669921875,-0.09765625,0.2197265625,0.08544921875,-0.32958984375,-0.42724609375,-0.91552734375,0.06103515625,-0.47607421875,-0.10986328125,-0.74462890625,0.09765625,-0.1708984375,0.0244140625,-0.76904296875,-0.1220703125,-0.390625,0.08544921875,0.7080078125,-0.20751953125,1.15966796875,-0.29296875,0.42724609375,-0.0732421875,-0.15869140625,0.20751953125,0.72021484375,0.01220703125,-0.4150390625,-0.28076171875,-0.10986328125,0.13427734375,-0.06103515625,-0.146484375,-0.7080078125,0.08544921875,0.244140625,-0.18310546875,1.0498046875,-0.048828125,0.18310546875,-0.341796875,0.2197265625,0.0244140625,0.28076171875,-0.2685546875,0.89111328125,0.06103515625,-0.03662109375,-0.25634765625,1.33056640625,0.2197265625,-1.025390625,0.4150390625,-0.40283203125,-0.1953125,-1.03759765625,0.146484375,-0.79345703125,0.20751953125,-1.11083984375,0.03662109375,-0.28076171875,-0.23193359375,-0.341796875,-0.0244140625,-1.1962890625,-0.244140625,2.33154296875,-0.20751953125,2.34375,0.01220703125,1.5625,-0.18310546875,5.3466796875,0.13427734375,-0.72021484375,-0.2685546875,-1.513671875,-0.08544921875,-1.0498046875,0.048828125,0.40283203125,-0.146484375,0.390625,-0.03662109375,0.03662109375,-0.0732421875,-0.03662109375,-0.0244140625,0.23193359375,-0.13427734375,0.048828125,-0.10986328125,0.84228515625,-0.2197265625,-0.537109375,-0.0244140625,-0.50048828125
0,-0.1220703125,-0.3173828125,-0.048828125,-0.341796875,0.0732421875,-0.37841796875,0.10986328125,-0.06103515625,-0.01220703125,-0.0244140625,0.1708984375,-0.84228515625,-0.1220703125,1.123046875,-0.13427734375,-0.2197265625,-0.18310546875,-0.634765625,-0.244140625,-0.23193359375,-0.30517578125,0.76904296875,-0.29296875,-0.732421875,0.06103515625,-0.1953125,0.01220703125,-0.84228515625,-0.03662109375,0.8544921875,-0.048828125,0.20751953125,-0.01220703125,-0.341796875,-0.32958984375,-0.9033203125,-0.03662109375,-0.4638671875,-0.048828125,-0.732421875,0.0732421875,-0.146484375,0.1220703125,-0.7568359375,-0.1220703125,-0.4150390625,0.25634765625,0.7080078125,-0.20751953125,1.15966796875,-0.35400390625,0.4150390625,-0.048828125,-0.1708984375,0.20751953125,0.72021484375,-0.0244140625,-1.03759765625,-0.25634765625,-0.35400390625,0.0732421875,-0.35400390625,-0.1220703125,-1.123046875,0.03662109375,0.23193359375,-0.20751953125,1.0498046875,-0.0732421875,0.15869140625,-0.28076171875,0.20751953125,-0.0244140625,0.2685546875,-0.20751953125,0.9033203125,0.048828125,-0.01220703125,-0.18310546875,1.318359375,0.20751953125,-1.01318359375,0.35400390625,-0.390625,-0.244140625,-1.025390625,0.13427734375,-0.8056640625,0.25634765625,-1.11083984375,0.01220703125,-0.28076171875,-0.13427734375,-0.35400390625,-0.08544921875,-1.15966796875,-0.2685546875,2.08740234375,-0.18310546875,2.18505859375,0.01220703125,1.3916015625,-0.0732421875,5.04150390625,0.08544921875,-0.732421875,-0.244140625,-1.5380859375,-0.08544921875,-1.03759765625,0.048828125,0.3662109375,-0.13427734375,0.40283203125,-0.06103515625,0.048828125,-0.06103515625,-0.03662109375,-0.0244140625,0.244140625,-0.13427734375,0.048828125,-0.1220703125,0.81787109375,-0.2197265625,-0.52490234375,0,-0.52490234375
0,-0.1220703125,-0.341796875,-0.0244140625,-0.32958984375,0.08544921875,-0.40283203125,0.09765625,-0.03662109375,-0.01220703125,0.01220703125,0.1708984375,-0.84228515625,-0.10986328125,1.11083984375,-0.15869140625,-0.2197265625,-0.18310546875,-0.64697265625,-0.244140625,-0.2197265625,-0.20751953125,0.7568359375,-0.28076171875,-0.74462890625,0.048828125,-0.1953125,-0.0732421875,-0.830078125,-0.10986328125,0.8544921875,-0.048828125,0.244140625,-0.10986328125,-0.37841796875,-0.23193359375,-0.89111328125,-0.13427734375,-0.47607421875,-0.048828125,-0.7080078125,0.06103515625,-0.1708984375,0.1708984375,-0.74462890625,-0.1708984375,-0.4638671875,0.341796875,0.7080078125,-0.23193359375,1.18408203125,-0.341796875,0.4150390625,0.06103515625,-0.1708984375,0.1953125,0.732421875,-0.0732421875,-1.45263671875,-0.244140625,-0.52490234375,-0.03662109375,-0.54931640625,-0.06103515625,-1.3916015625,0.03662109375,0.20751953125,-0.25634765625,1.03759765625,-0.13427734375,0.18310546875,-0.23193359375,0.20751953125,-0.13427734375,0.25634765625,-0.1708984375,0.89111328125,0.0244140625,-0.01220703125,-0.06103515625,1.318359375,0.18310546875,-1.01318359375,0.28076171875,-0.390625,-0.1953125,-1.03759765625,0.06103515625,-0.79345703125,0.30517578125,-1.15966796875,0,-0.29296875,-0.06103515625,-0.341796875,-0.146484375,-1.20849609375,-0.25634765625,1.85546875,-0.13427734375,2.001953125,0.01220703125,1.220703125,0.048828125,4.6630859375,0.0244140625,-0.74462890625,-0.15869140625,-1.5380859375,-0.09765625,-1.025390625,0.01220703125,0.3662109375,-0.13427734375,0.3662109375,-0.09765625,0.0244140625,-0.0732421875,-0.06103515625,0.01220703125,0.244140625,-0.146484375,0.03662109375,-0.13427734375,0.830078125,-0.2197265625,-0.52490234375,0,-0.5126953125
0,-0.13427734375,-0.3662109375,-0.03662109375,-0.341796875,0.06103515625,-0.390625,0.08544921875,-0.01220703125,-0.0244140625,0.0244140625,0.18310546875,-0.8544921875,-0.09765625,1.08642578125,-0.1708984375,-0.20751953125,-0.146484375,-0.64697265625,-0.2197265625,-0.2197265625,-0.0732421875,0.7568359375,-0.25634765625,-0.74462890625,0.0732421875,-0.15869140625,-0.1953125,-0.830078125,-0.1953125,0.86669921875,-0.09765625,0.2197265625,-0.18310546875,-0.42724609375,-0.1953125,-0.89111328125,-0.20751953125,-0.48828125,-0.03662109375,-0.7080078125,0.08544921875,-0.1708984375,0.0244140625,-0.69580078125,-0.1708984375,-0.50048828125,0.4638671875,0.7080078125,-0.20751953125,1.171875,-0.3662109375,0.4150390625,0.1220703125,-0.15869140625,0.18310546875,0.732421875,-0.15869140625,-1.611328125,-0.244140625,-0.537109375,-0.0732421875,-0.62255859375,0.01220703125,-1.4404296875,0.03662109375,0.1708984375,-0.28076171875,1.025390625,-0.1708984375,0.18310546875,-0.1953125,0.23193359375,-0.20751953125,0.244140625,-0.1220703125,0.86669921875,-0.01220703125,-0.03662109375,0.0244140625,1.33056640625,0.10986328125,-0.98876953125,0.2197265625,-0.37841796875,-0.1220703125,-1.0498046875,-0.0244140625,-0.79345703125,0.28076171875,-1.18408203125,0.0244140625,-0.29296875,-0.048828125,-0.3173828125,-0.1708984375,-1.23291015625,-0.23193359375,1.62353515625,-0.13427734375,1.79443359375,-0.08544921875,1.03759765625,-0.048828125,4.11376953125,0,-0.7080078125,-0.09765625,-1.5380859375,-0.10986328125,-1.0009765625,-0.048828125,0.390625,-0.09765625,0.35400390625,-0.09765625,0.01220703125,-0.0732421875,-0.048828125,0,0.20751953125,-0.146484375,0.048828125,-0.13427734375,0.79345703125,-0.20751953125,-0.50048828125,-0.0244140625,-0.537109375
0,-0.146484375,-0.35400390625,-0.048828125,-0.3173828125,0.08544921875,-0.390625,0.08544921875,-0.01220703125,-0.048828125,0.01220703125,0.1953125,-0.86669921875,-0.10986328125,1.08642578125,-0.15869140625,-0.1953125,-0.06103515625,-0.634765625,-0.2197265625,-0.20751953125,0.01220703125,0.74462890625,-0.18310546875,-0.732421875,0.09765625,-0.1220703125,-0.244140625,-0.84228515625,-0.23193359375,0.86669921875,-0.1708984375,0.244140625,-0.1708984375,-0.40283203125,-0.244140625,-0.87890625,-0.244140625,-0.47607421875,-0.0732421875,-0.69580078125,0.13427734375,-0.1708984375,-0.06103515625,-0.64697265625,-0.146484375,-0.4638671875,0.439453125,0.7080078125,-0.1953125,1.1962890625,-0.30517578125,0.45166015625,0.1953125,-0.146484375,0.1708984375,0.72021484375,-0.244140625,-1.45263671875,-0.2197265625,-0.40283203125,-0.10986328125,-0.5126953125,0.09765625,-1.28173828125,0,0.146484375,-0.30517578125,1.01318359375,-0.2197265625,0.1953125,-0.18310546875,0.20751953125,-0.23193359375,0.23193359375,-0.09765625,0.830078125,-0.03662109375,-0.03662109375,0.08544921875,1.33056640625,-0.01220703125,-1.0009765625,0.146484375,-0.35400390625,-0.048828125,-1.03759765625,-0.1220703125,-0.79345703125,0.2685546875,-1.18408203125,0,-0.30517578125,-0.13427734375,-0.3173828125,-0.15869140625,-1.23291015625,-0.15869140625,1.318359375,-0.09765625,1.50146484375,-0.146484375,0.8056640625,0,3.466796875,-0.048828125,-0.72021484375,0.01220703125,-1.5380859375,-0.146484375,-0.98876953125,-0.08544921875,0.37841796875,-0.06103515625,0.3173828125,-0.09765625,0,-0.06103515625,-0.048828125,-0.03662109375,0.18310546875,-0.146484375,0.01220703125,-0.09765625,0.8056640625,-0.20751953125,-0.48828125,-0.048828125,-0.52490234375
0,-0.15869140625,-0.3662109375,-0.03662109375,-0.32958984375,0.08544921875,-0.3662109375,0.0732421875,-0.01220703125,-0.03662109375,0.01220703125,0.20751953125,-0.8544921875,-0.08544921875,1.07421875,-0.146484375,-0.18310546875,-0.01220703125,-0.64697265625,-0.1953125,-0.2197265625,0.08544921875,0.7568359375,-0.08544921875,-0.732421875,0.1220703125,-0.048828125,-0.25634765625,-0.830078125,-0.244140625,0.87890625,-0.23193359375,0.2197265625,-0.146484375,-0.35400390625,-0.3662109375,-0.86669921875,-0.23193359375,-0.4638671875,-0.10986328125,-0.7080078125,0.13427734375,-0.1708984375,-0.18310546875,-0.62255859375,-0.08544921875,-0.42724609375,0.37841796875,0.72021484375,-0.1708984375,1.15966796875,-0.3662109375,0.45166015625,0.28076171875,-0.13427734375,0.1708984375,0.74462890625,-0.23193359375,-1.0498046875,-0.20751953125,-0.18310546875,-0.1708984375,-0.28076171875,0.13427734375,-0.927734375,-0.048828125,0.146484375,-0.29296875,1.01318359375,-0.244140625,0.1953125,-0.146484375,0.1953125,-0.25634765625,0.23193359375,-0.10986328125,0.84228515625,-0.03662109375,-0.03662109375,0.09765625,1.33056640625,-0.09765625,-0.9765625,0.10986328125,-0.341796875,0.048828125,-1.03759765625,-0.1953125,-0.79345703125,0.18310546875,-1.18408203125,0,-0.30517578125,-0.2197265625,-0.32958984375,-0.10986328125,-1.2451171875,-0.1708984375,0.9765625,-0.1220703125,1.171875,-0.23193359375,0.54931640625,-0.01220703125,2.64892578125,-0.09765625,-0.732421875,0.0732421875,-1.47705078125,-0.18310546875,-1.025390625,-0.09765625,0.390625,-0.048828125,0.32958984375,-0.10986328125,0.01220703125,-0.06103515625,-0.03662109375,-0.048828125,0.1708984375,-0.15869140625,-0.01220703125,-0.1220703125,0.78125,-0.1953125,-0.47607421875,-0.06103515625,-0.537109375
0,-0.15869140625,-0.35400390625,-0.0244140625,-0.32958984375,0.08544921875,-0.40283203125,0.08544921875,-0.0244140625,-0.0732421875,0,0.2197265625,-0.8544921875,-0.048828125,1.08642578125,-0.13427734375,-0.20751953125,0.03662109375,-0.6591796875,-0.08544921875,-0.2197265625,0.09765625,0.7568359375,-0.03662109375,-0.74462890625,0.1220703125,0.0244140625,-0.28076171875,-0.81787109375,-0.2197265625,0.89111328125,-0.28076171875,0.20751953125,-0.01220703125,-0.341796875,-0.439453125,-0.86669921875,-0.20751953125,-0.4638671875,-0.146484375,-0.72021484375,0.1220703125,-0.1708984375,-0.30517578125,-0.6103515625,-0.01220703125,-0.37841796875,0.4150390625,0.72021484375,-0.08544921875,1.1474609375,-0.40283203125,0.47607421875,0.30517578125,-0.1220703125,0.15869140625,0.74462890625,-0.244140625,-0.52490234375,-0.28076171875,0.08544921875,-0.2197265625,0.03662109375,0.10986328125,-0.47607421875,-0.10986328125,0.146484375,-0.25634765625,1.01318359375,-0.2197265625,0.20751953125,-0.146484375,0.1953125,-0.2685546875,0.244140625,-0.08544921875,0.830078125,-0.03662109375,-0.06103515625,0.0732421875,1.33056640625,-0.18310546875,-0.96435546875,0.06103515625,-0.341796875,0.09765625,-1.025390625,-0.28076171875,-0.7568359375,0.09765625,-1.1962890625,-0.0244140625,-0.30517578125,-0.40283203125,-0.341796875,-0.0732421875,-1.23291015625,-0.1708984375,0.5859375,-0.13427734375,0.78125,-0.28076171875,0.25634765625,0.01220703125,1.79443359375,-0.08544921875,-0.732421875,0.1220703125,-1.45263671875,-0.20751953125,-1.025390625,-0.06103515625,0.37841796875,-0.03662109375,0.30517578125,-0.09765625,0,-0.0732421875,-0.01220703125,-0.06103515625,0.13427734375,-0.15869140625,-0.03662109375,-0.08544921875,0.78125,-0.18310546875,-0.4638671875,-0.0732421875,-0.54931640625
0,-0.15869140625,-0.341796875,-0.01220703125,-0.341796875,0.0732421875,-0.37841796875,0.0732421875,-0.048828125,-0.0732421875,-0.01220703125,0.2197265625,-0.86669921875,-0.048828125,1.0986328125,-0.15869140625,-0.2197265625,0.08544921875,-0.6591796875,-0.0244140625,-0.20751953125,0.08544921875,0.78125,0.0244140625,-0.74462890625,0.0732421875,0.10986328125,-0.28076171875,-0.79345703125,-0.1708984375,0.9033203125,-0.3173828125,0.20751953125,0.1220703125,-0.29296875,-0.52490234375,-0.87890625,-0.1708984375,-0.47607421875,-0.20751953125,-0.72021484375,0.03662109375,-0.1953125,-0.3173828125,-0.62255859375,0.048828125,-0.3173828125,0.3662109375,0.72021484375,-0.048828125,1.123046875,-0.45166015625,0.48828125,0.3662109375,-0.1220703125,0.146484375,0.7568359375,-0.1953125,0.09765625,-0.25634765625,0.37841796875,-0.2685546875,0.390625,0.0244140625,-0.0244140625,-0.146484375,0.13427734375,-0.20751953125,1.025390625,-0.1953125,0.23193359375,-0.146484375,0.18310546875,-0.23193359375,0.25634765625,-0.08544921875,0.830078125,-0.03662109375,-0.03662109375,0.0244140625,1.3427734375,-0.244140625,-0.93994140625,0.0244140625,-0.341796875,0.08544921875,-1.01318359375,-0.25634765625,-0.78125,0.048828125,-1.20849609375,-0.06103515625,-0.2685546875,-0.47607421875,-0.35400390625,-0.048828125,-1.2451171875,-0.1708984375,0.244140625,-0.1708984375,0.42724609375,-0.3173828125,-0.03662109375,0.048828125,0.98876953125,-0.0244140625,-0.7568359375,0.146484375,-1.4404296875,-0.1953125,-1.0498046875,-0.03662109375,0.390625,-0.06103515625,0.3173828125,-0.06103515625,0,-0.0732421875,-0.03662109375,-0.048828125,0.146484375,-0.18310546875,-0.06103515625,-0.08544921875,0.79345703125,-0.1953125,-0.45166015625,-0.09765625,-0.537109375
0,-0.1708984375,-0.32958984375,-0.01220703125,-0.35400390625,0.06103515625,-0.390625,0.048828125,-0.0732421875,-0.03662109375,-0.0244140625,0.2197265625,-0.86669921875,0,1.0986328125,-0.18310546875,-0.2197265625,0.09765625,-0.67138671875,0.048828125,-0.1953125,0.03662109375,0.8056640625,0.0732421875,-0.732421875,0.03662109375,0.18310546875,-0.25634765625,-0.8056640625,-0.10986328125,0.87890625,-0.35400390625,0.2197265625,0.15869140625,-0.2685546875,-0.57373046875,-0.89111328125,-0.1220703125,-0.47607421875,-0.23193359375,-0.74462890625,-0.06103515625,-0.1953125,-0.32958984375,-0.634765625,0.08544921875,-0.29296875,0.244140625,0.7080078125,-0.03662109375,1.123046875,-0.45166015625,0.47607421875,0.390625,-0.13427734375,0.146484375,0.78125,-0.2197265625,0.62255859375,-0.2685546875,0.62255859375,-0.2685546875,0.68359375,-0.0244140625,0.37841796875,-0.15869140625,0.15869140625,-0.15869140625,1.025390625,-0.1708984375,0.2197265625,-0.15869140625,0.18310546875,-0.2197265625,0.2685546875,-0.08544921875,0.84228515625,-0.0244140625,-0.03662109375,0,1.33056640625,-0.244140625,-0.93994140625,0.03662109375,-0.341796875,0.06103515625,-0.98876953125,-0.1953125,-0.78125,0.0244140625,-1.220703125,-0.10986328125,-0.244140625,-0.5126953125,-0.35400390625,-0.06103515625,-1.220703125,-0.20751953125,-0.0732421875,-0.25634765625,0.146484375,-0.35400390625,-0.2685546875,0.03662109375,0.390625,0.08544921875,-0.7568359375,0.15869140625,-1.42822265625,-0.20751953125,-1.03759765625,-0.03662109375,0.390625,-0.08544921875,0.3173828125,-0.03662109375,-0.0244140625,-0.08544921875,-0.0244140625,-0.0732421875,0.146484375,-0.1708984375,-0.08544921875,-0.06103515625,0.8056640625,-0.20751953125,-0.4638671875,-0.13427734375,-0.54931640625
0,-0.146484375,-0.3173828125,0,-0.32958984375,0.048828125,-0.37841796875,0.048828125,-0.08544921875,-0.06103515625,-0.03662109375,0.20751953125,-0.87890625,0.03662109375,1.11083984375,-0.1953125,-0.23193359375,0.10986328125,-0.6591796875,0.10986328125,-0.20751953125,0.01220703125,0.79345703125,0.09765625,-0.74462890625,0.01220703125,0.23193359375,-0.18310546875,-0.79345703125,-0.06103515625,0.89111328125,-0.341796875,0.2197265625,0.10986328125,-0.25634765625,-0.54931640625,-0.89111328125,-0.1220703125,-0.47607421875,-0.18310546875,-0.7568359375,-0.18310546875,-0.1953125,-0.29296875,-0.6591796875,0.06103515625,-0.25634765625,0.20751953125,0.67138671875,-0.03662109375,1.13525390625,-0.5126953125,0.48828125,0.35400390625,-0.1220703125,0.1220703125,0.76904296875,-0.10986328125,1.0009765625,-0.20751953125,0.78125,-0.20751953125,0.89111328125,-0.0244140625,0.64697265625,-0.1708984375,0.18310546875,-0.13427734375,1.03759765625,-0.13427734375,0.2197265625,-0.15869140625,0.20751953125,-0.1708984375,0.29296875,-0.0244140625,0.81787109375,-0.048828125,-0.03662109375,-0.0244140625,1.3427734375,-0.244140625,-0.93994140625,0.0244140625,-0.3662109375,0.0244140625,-0.9765625,-0.03662109375,-0.78125,0.0244140625,-1.20849609375,-0.09765625,-0.25634765625,-0.50048828125,-0.3662109375,-0.08544921875,-1.220703125,-0.18310546875,-0.23193359375,-0.25634765625,-0.01220703125,-0.30517578125,-0.42724609375,0.08544921875,0.09765625,0.18310546875,-0.7568359375,0.18310546875,-1.40380859375,-0.18310546875,-1.0498046875,-0.06103515625,0.390625,-0.09765625,0.35400390625,-0.01220703125,-0.01220703125,-0.06103515625,-0.01220703125,-0.048828125,0.15869140625,-0.15869140625,-0.09765625,-0.06103515625,0.79345703125,-0.23193359375,-0.47607421875,-0.13427734375,-0.537109375
0,-0.146484375,-0.30517578125,0,-0.32958984375,0.048828125,-0.37841796875,0.03662109375,-0.08544921875,-0.06103515625,-0.0244140625,0.18310546875,-0.86669921875,0.048828125,1.11083984375,-0.20751953125,-0.23193359375,0.08544921875,-0.6591796875,0.10986328125,-0.2197265625,-0.06103515625,0.79345703125,0.146484375,-0.732421875,0.01220703125,0.29296875,-0.13427734375,-0.8056640625,-0.0244140625,0.89111328125,-0.25634765625,0.2197265625,-0.06103515625,-0.244140625,-0.4638671875,-0.91552734375,-0.10986328125,-0.50048828125,-0.13427734375,-0.76904296875,-0.3173828125,-0.1708984375,-0.146484375,-0.68359375,-0.0244140625,-0.28076171875,0.18310546875,0.634765625,-0.0732421875,1.15966796875,-0.48828125,0.47607421875,0.29296875,-0.13427734375,0.15869140625,0.72021484375,-0.1708984375,1.15966796875,-0.29296875,0.84228515625,-0.28076171875,0.96435546875,-0.1708984375,0.732421875,-0.13427734375,0.1953125,-0.0244140625,1.03759765625,-0.13427734375,0.1953125,-0.15869140625,0.2197265625,-0.15869140625,0.29296875,-0.0244140625,0.8544921875,-0.06103515625,-0.01220703125,-0.048828125,1.3427734375,-0.146484375,-0.9765625,0.048828125,-0.37841796875,0.0244140625,-0.9765625,0.10986328125,-0.76904296875,0.09765625,-1.2451171875,-0.0732421875,-0.244140625,-0.341796875,-0.3662109375,-0.10986328125,-1.20849609375,-0.146484375,-0.23193359375,-0.25634765625,0.01220703125,-0.2197265625,-0.4150390625,-0.01220703125,0.2685546875,0.244140625,-0.74462890625,0.1953125,-1.42822265625,-0.146484375,-1.0498046875,-0.10986328125,0.40283203125,-0.09765625,0.35400390625,0.0244140625,-0.01220703125,-0.0732421875,-0.03662109375,-0.06103515625,0.18310546875,-0.13427734375,-0.08544921875,-0.06103515625,0.830078125,-0.2197265625,-0.50048828125,-0.146484375,-0.537109375
0,-0.146484375,-0.30517578125,0.01220703125,-0.341796875,0.06103515625,-0.37841796875,0.03662109375,-0.0732421875,-0.06103515625,-0.0244140625,0.1708984375,-0.87890625,0.10986328125,1.11083984375,-0.2197265625,-0.20751953125,0.06103515625,-0.6591796875,0.06103515625,-0.23193359375,-0.09765625,0.79345703125,0.146484375,-0.732421875,0.03662109375,0.29296875,-0.06103515625,-0.8056640625,0,0.87890625,-0.18310546875,0.2197265625,-0.23193359375,-0.2685546875,-0.3173828125,-0.927734375,-0.13427734375,-0.50048828125,-0.048828125,-0.78125,-0.32958984375,-0.1953125,-0.048828125,-0.7080078125,-0.13427734375,-0.30517578125,0.23193359375,0.6103515625,-0.0732421875,1.1474609375,-0.45166015625,0.4638671875,0.244140625,-0.15869140625,0.18310546875,0.72021484375,-0.10986328125,1.0986328125,-0.1953125,0.78125,-0.18310546875,0.927734375,-0.1708984375,0.68359375,-0.08544921875,0.2197265625,0.0244140625,1.0498046875,-0.10986328125,0.20751953125,-0.10986328125,0.20751953125,-0.18310546875,0.28076171875,0,0.89111328125,-0.0732421875,0,-0.1220703125,1.3427734375,-0.0732421875,-0.9765625,0.0732421875,-0.37841796875,0.03662109375,-0.9521484375,0.1953125,-0.74462890625,0.1708984375,-1.2939453125,-0.0244140625,-0.244140625,-0.1953125,-0.3173828125,-0.18310546875,-1.1962890625,-0.10986328125,0.01220703125,-0.2685546875,0.28076171875,-0.15869140625,-0.20751953125,-0.03662109375,0.86669921875,0.28076171875,-0.72021484375,0.1708984375,-1.45263671875,-0.10986328125,-1.0498046875,-0.1220703125,0.40283203125,-0.1220703125,0.390625,0,0,-0.0732421875,-0.03662109375,-0.03662109375,0.20751953125,-0.15869140625,-0.10986328125,-0.0732421875,0.84228515625,-0.20751953125,-0.52490234375,-0.146484375,-0.54931640625
1,-0.1708984375,-0.28076171875,0.0244140625,-0.35400390625,0.06103515625,-0.390625,0.0244140625,-0.08544921875,-0.10986328125,-0.01220703125,0.20751953125,-0.86669921875,0.1220703125,1.13525390625,-0.23193359375,-0.1953125,0.0244140625,-0.67138671875,-0.0244140625,-0.2197265625,-0.10986328125,0.78125,0.08544921875,-0.72021484375,0.08544921875,0.29296875,-0.03662109375,-0.79345703125,0.01220703125,0.87890625,-0.06103515625,0.23193359375,-0.390625,-0.30517578125,-0.146484375,-0.91552734375,-0.146484375,-0.50048828125,0.03662109375,-0.78125,-0.32958984375,-0.1708984375,0.0732421875,-0.7080078125,-0.2685546875,-0.35400390625,0.3173828125,0.5615234375,-0.10986328125,1.171875,-0.40283203125,0.439453125,0.1953125,-0.2197265625,0.13427734375,0.7080078125,0.01220703125,0.84228515625,-0.06103515625,0.6591796875,-0.048828125,0.84228515625,-0.146484375,0.5126953125,-0.03662109375,0.244140625,0.06103515625,1.03759765625,-0.1220703125,0.1953125,-0.08544921875,0.20751953125,-0.13427734375,0.2685546875,0.01220703125,0.89111328125,-0.08544921875,0,-0.15869140625,1.33056640625,0.06103515625,-0.98876953125,0.1220703125,-0.390625,0.048828125,-0.9765625,0.25634765625,-0.7568359375,0.2197265625,-1.30615234375,0.0732421875,-0.23193359375,-0.06103515625,-0.29296875,-0.244140625,-1.18408203125,-0.03662109375,0.50048828125,-0.20751953125,0.76904296875,-0.08544921875,0.18310546875,0.03662109375,1.953125,0.244140625,-0.7080078125,0.15869140625,-1.46484375,-0.06103515625,-1.06201171875,-0.13427734375,0.4150390625,-0.09765625,0.40283203125,0.01220703125,0,-0.0732421875,-0.06103515625,-0.03662109375,0.23193359375,-0.146484375,-0.08544921875,-0.0732421875,0.8544921875,-0.20751953125,-0.54931640625,-0.15869140625,-0.5615234375
1,-0.1953125,-0.30517578125,0,-0.35400390625,0.01220703125,-0.3662109375,0,-0.06103515625,-0.13427734375,0,0.18310546875,-0.86669921875,0.1220703125,1.13525390625,-0.28076171875,-0.18310546875,0.0244140625,-0.68359375,-0.09765625,-0.2197265625,-0.13427734375,0.78125,-0.01220703125,-0.74462890625,0.1220703125,0.28076171875,-0.01220703125,-0.8056640625,-0.01220703125,0.86669921875,0.0732421875,0.244140625,-0.45166015625,-0.30517578125,-0.03662109375,-0.927734375,-0.13427734375,-0.47607421875,0.10986328125,-0.78125,-0.2685546875,-0.18310546875,0.15869140625,-0.67138671875,-0.3662109375,-0.37841796875,0.40283203125,0.59814453125,-0.10986328125,1.18408203125,-0.37841796875,0.439453125,0.146484375,-0.1953125,0.15869140625,0.7080078125,-0.0732421875,0.5126953125,-0.146484375,0.48828125,-0.03662109375,0.67138671875,-0.20751953125,0.30517578125,0.03662109375,0.25634765625,0.1220703125,1.03759765625,-0.0732421875,0.1953125,0,0.20751953125,-0.09765625,0.28076171875,0.01220703125,0.9033203125,-0.13427734375,0.01220703125,-0.1953125,1.33056640625,0.1708984375,-0.96435546875,0.1220703125,-0.37841796875,0.09765625,-0.98876953125,0.244140625,-0.7568359375,0.244140625,-1.35498046875,0.146484375,-0.2197265625,0.0732421875,-0.28076171875,-0.244140625,-1.171875,-0.03662109375,1.20849609375,-0.1220703125,1.4892578125,0,0.76904296875,-0.03662109375,3.3935546875,0.1708984375,-0.62255859375,0.10986328125,-1.50146484375,-0.03662109375,-1.0498046875,-0.1220703125,0.40283203125,-0.06103515625,0.390625,0,0.01220703125,-0.06103515625,-0.0732421875,-0.0244140625,0.244140625,-0.146484375,-0.048828125,-0.08544921875,0.8544921875,-0.2197265625,-0.5615234375,-0.15869140625,-0.5615234375
1,-0.18310546875,-0.29296875,0.01220703125,-0.341796875,0,-0.3662109375,0,-0.0244140625,-0.146484375,0.01220703125,0.18310546875,-0.87890625,0.1708984375,1.123046875,-0.3662109375,-0.18310546875,0.01220703125,-0.69580078125,-0.146484375,-0.20751953125,-0.146484375,0.78125,-0.15869140625,-0.74462890625,0.146484375,0.23193359375,-0.0244140625,-0.8056640625,-0.0244140625,0.86669921875,0.146484375,0.244140625,-0.390625,-0.341796875,0.048828125,-0.9033203125,-0.1220703125,-0.4638671875,0.1220703125,-0.74462890625,-0.1708984375,-0.1953125,0.146484375,-0.6591796875,-0.40283203125,-0.390625,0.52490234375,0.59814453125,-0.09765625,1.18408203125,-0.3173828125,0.439453125,0.13427734375,-0.1953125,0.0732421875,0.7080078125,-0.0732421875,0.1953125,-0.10986328125,0.35400390625,0.03662109375,0.52490234375,-0.1220703125,0.146484375,0.06103515625,0.2685546875,0.1953125,1.0498046875,-0.0732421875,0.1953125,0.03662109375,0.1953125,-0.0244140625,0.28076171875,0.01220703125,0.87890625,-0.15869140625,0.01220703125,-0.1953125,1.318359375,0.2685546875,-0.9765625,0.13427734375,-0.390625,0.13427734375,-0.98876953125,0.1220703125,-0.76904296875,0.28076171875,-1.416015625,0.23193359375,-0.23193359375,0.10986328125,-0.2685546875,-0.18310546875,-1.18408203125,-0.15869140625,2.099609375,-0.0732421875,2.34375,0.01220703125,1.47705078125,-0.146484375,5.126953125,0.03662109375,-0.537109375,0.048828125,-1.4892578125,-0.0244140625,-1.03759765625,-0.10986328125,0.40283203125,-0.0732421875,0.390625,0.0244140625,0,-0.0732421875,-0.048828125,-0.01220703125,0.244140625,-0.146484375,-0.03662109375,-0.08544921875,0.8544921875,-0.2197265625,-0.54931640625,-0.15869140625,-0.54931640625
1,-0.1953125,-0.3173828125,0.03662109375,-0.341796875,0,-0.35400390625,0,-0.0732421875,-0.18310546875,0.03662109375,0.1708984375,-0.87890625,0.1708984375,1.11083984375,-0.42724609375,-0.18310546875,0,-0.68359375,-0.1953125,-0.20751953125,-0.09765625,0.76904296875,-0.30517578125,-0.7568359375,0.15869140625,0.1708984375,-0.048828125,-0.8056640625,-0.08544921875,0.86669921875,0.20751953125,0.25634765625,-0.2685546875,-0.3662109375,0.09765625,-0.89111328125,-0.10986328125,-0.439453125,0.15869140625,-0.732421875,-0.03662109375,-0.20751953125,0.0732421875,-0.64697265625,-0.37841796875,-0.4150390625,0.537109375,0.6103515625,-0.1220703125,1.171875,-0.23193359375,0.42724609375,0.048828125,-0.1708984375,0.03662109375,0.74462890625,-0.01220703125,0.01220703125,-0.09765625,0.32958984375,0.09765625,0.4638671875,-0.09765625,0.09765625,0.0732421875,0.244140625,0.244140625,1.03759765625,-0.0732421875,0.20751953125,0.08544921875,0.1953125,0.0732421875,0.25634765625,-0.01220703125,0.84228515625,-0.23193359375,0.01220703125,-0.13427734375,1.33056640625,0.3173828125,-0.96435546875,0.09765625,-0.37841796875,0.13427734375,-1.0009765625,-0.01220703125,-0.79345703125,0.30517578125,-1.47705078125,0.3173828125,-0.25634765625,0.03662109375,-0.25634765625,-0.06103515625,-1.20849609375,-0.15869140625,3.02734375,0.0244140625,3.28369140625,0.01220703125,2.24609375,-0.0732421875,6.93359375,-0.03662109375,-0.42724609375,0,-1.4892578125,-0.048828125,-1.01318359375,-0.10986328125,0.40283203125,-0.09765625,0.37841796875,0.01220703125,0,-0.0732421875,-0.048828125,0.01220703125,0.23193359375,-0.146484375,-0.03662109375,-0.10986328125,0.8544921875,-0.1953125,-0.5126953125,-0.15869140625,-0.54931640625
1,-0.18310546875,-0.32958984375,0.03662109375,-0.3173828125,0,-0.341796875,0.0244140625,-0.048828125,-0.146484375,0.048828125,0.15869140625,-0.86669921875,0.18310546875,1.0986328125,-0.4638671875,-0.18310546875,-0.03662109375,-0.69580078125,-0.23193359375,-0.1953125,-0.146484375,0.7568359375,-0.3662109375,-0.7568359375,0.13427734375,0.1220703125,-0.048828125,-0.8056640625,-0.09765625,0.84228515625,0.1708984375,0.244140625,-0.06103515625,-0.390625,0.09765625,-0.89111328125,-0.0732421875,-0.45166015625,0.146484375,-0.732421875,0.10986328125,-0.2197265625,0.0244140625,-0.62255859375,-0.341796875,-0.439453125,0.6591796875,0.67138671875,-0.10986328125,1.1474609375,-0.1708984375,0.45166015625,-0.0732421875,-0.146484375,0.01220703125,0.7568359375,-0.03662109375,0.01220703125,-0.048828125,0.390625,0.1708984375,0.537109375,-0.06103515625,0.18310546875,0.08544921875,0.244140625,0.28076171875,1.025390625,-0.06103515625,0.1953125,0.10986328125,0.1953125,0.15869140625,0.25634765625,-0.06103515625,0.8544921875,-0.25634765625,0.0244140625,-0.09765625,1.33056640625,0.3173828125,-0.9765625,0.08544921875,-0.3662109375,0.09765625,-0.98876953125,-0.13427734375,-0.79345703125,0.341796875,-1.50146484375,0.341796875,-0.244140625,0.01220703125,-0.2685546875,0.10986328125,-1.1962890625,-0.1708984375,3.96728515625,0.03662109375,4.16259765625,-0.048828125,2.99072265625,-0.06103515625,8.6181640625,-0.048828125,-0.32958984375,-0.03662109375,-1.46484375,-0.09765625,-1.0009765625,-0.10986328125,0.40283203125,-0.13427734375,0.37841796875,0.0244140625,0,-0.0732421875,-0.0244140625,0.03662109375,0.2197265625,-0.1708984375,-0.048828125,-0.10986328125,0.830078125,-0.1708984375,-0.48828125,-0.146484375,-0.537109375
1,-0.1953125,-0.30517578125,0.06103515625,-0.32958984375,-0.01220703125,-0.341796875,0.03662109375,-0.048828125,-0.1953125,0.048828125,0.15869140625,-0.86669921875,0.2197265625,1.0986328125,-0.47607421875,-0.18310546875,-0.08544921875,-0.69580078125,-0.23193359375,-0.18310546875,-0.18310546875,0.76904296875,-0.40283203125,-0.74462890625,0.10986328125,0.0732421875,-0.0244140625,-0.8056640625,-0.10986328125,0.8544921875,0.09765625,0.244140625,0.1708984375,-0.390625,0.01220703125,-0.86669921875,-0.0732421875,-0.45166015625,0.09765625,-0.72021484375,0.30517578125,-0.23193359375,-0.03662109375,-0.5859375,-0.23193359375,-0.40283203125,0.68359375,0.69580078125,-0.09765625,1.13525390625,-0.13427734375,0.439453125,-0.18310546875,-0.10986328125,-0.048828125,0.78125,-0.01220703125,0.25634765625,0,0.5859375,0.30517578125,0.68359375,0,0.45166015625,0.09765625,0.23193359375,0.30517578125,1.025390625,-0.048828125,0.20751953125,0.1220703125,0.1708984375,0.244140625,0.2685546875,-0.146484375,0.830078125,-0.2685546875,0.01220703125,-0.0732421875,1.30615234375,0.244140625,-0.96435546875,0.06103515625,-0.35400390625,0.01220703125,-1.0009765625,-0.2197265625,-0.8056640625,0.341796875,-1.55029296875,0.3662109375,-0.28076171875,-0.048828125,-0.29296875,0.2197265625,-1.20849609375,-0.13427734375,4.78515625,0.01220703125,4.9560546875,-0.146484375,3.6376953125,-0.048828125,10.04638671875,-0.048828125,-0.2197265625,-0.06103515625,-1.46484375,-0.1220703125,-0.98876953125,-0.13427734375,0.390625,-0.1220703125,0.35400390625,0.01220703125,0.01220703125,-0.0732421875,0,0.01220703125,0.1708984375,-0.18310546875,-0.0732421875,-0.08544921875,0.81787109375,-0.146484375,-0.45166015625,-0.15869140625,-0.5615234375
1,-0.1953125,-0.30517578125,0.0244140625,-0.32958984375,-0.0244140625,-0.390625,0.048828125,-0.06103515625,-0.1953125,0.0244140625,0.15869140625,-0.87890625,0.1953125,1.11083984375,-0.45166015625,-0.2197265625,-0.1220703125,-0.69580078125,-0.1953125,-0.1953125,-0.2197265625,0.78125,-0.32958984375,-0.7568359375,0.03662109375,0.03662109375,0,-0.79345703125,-0.15869140625,0.86669921875,-0.01220703125,0.2197265625,0.341796875,-0.390625,-0.01220703125,-0.8544921875,-0.0732421875,-0.50048828125,0.0732421875,-0.74462890625,0.4150390625,-0.244140625,-0.0732421875,-0.57373046875,-0.09765625,-0.40283203125,0.67138671875,0.732421875,-0.0732421875,1.123046875,-0.08544921875,0.4638671875,-0.341796875,-0.10986328125,-0.06103515625,0.76904296875,-0.0244140625,0.6591796875,0.01220703125,0.89111328125,0.2685546875,0.9521484375,0.01220703125,0.84228515625,0.146484375,0.2197265625,0.341796875,1.0009765625,-0.0244140625,0.20751953125,0.13427734375,0.1708984375,0.2685546875,0.2685546875,-0.20751953125,0.830078125,-0.244140625,0.0244140625,-0.10986328125,1.33056640625,0.09765625,-0.93994140625,0.0244140625,-0.35400390625,-0.10986328125,-0.98876953125,-0.23193359375,-0.79345703125,0.32958984375,-1.59912109375,0.32958984375,-0.28076171875,-0.13427734375,-0.30517578125,0.341796875,-1.18408203125,-0.03662109375,5.419921875,0.03662109375,5.517578125,-0.2197265625,4.1259765625,0.0244140625,11.0595703125,0,-0.1220703125,-0.10986328125,-1.4404296875,-0.15869140625,-0.9765625,-0.08544921875,0.390625,-0.13427734375,0.341796875,0.01220703125,0,-0.0732421875,0.03662109375,-0.01220703125,0.146484375,-0.18310546875,-0.08544921875,-0.0732421875,0.830078125,-0.15869140625,-0.4150390625,-0.13427734375,-0.5615234375
1,-0.18310546875,-0.30517578125,0,-0.32958984375,-0.048828125,-0.37841796875,0.048828125,-0.06103515625,-0.1953125,-0.01220703125,0.15869140625,-0.86669921875,0.20751953125,1.123046875,-0.37841796875,-0.2197265625,-0.15869140625,-0.7080078125,-0.1220703125,-0.1953125,-0.25634765625,0.78125,-0.23193359375,-0.7568359375,-0.06103515625,0.01220703125,-0.01220703125,-0.78125,-0.1953125,0.86669921875,-0.13427734375,0.1953125,0.4638671875,-0.390625,-0.09765625,-0.87890625,-0.1220703125,-0.52490234375,0.0244140625,-0.74462890625,0.4150390625,-0.2685546875,-0.0244140625,-0.5859375,-0.01220703125,-0.37841796875,0.7080078125,0.76904296875,-0.01220703125,1.11083984375,-0.048828125,0.45166015625,-0.390625,-0.1220703125,-0.10986328125,0.7568359375,-0.10986328125,1.1962890625,0.01220703125,1.23291015625,0.25634765625,1.25732421875,0,1.318359375,0.1708984375,0.1953125,0.341796875,1.0009765625,0.01220703125,0.2197265625,0.13427734375,0.15869140625,0.25634765625,0.2685546875,-0.25634765625,0.830078125,-0.2197265625,0.0244140625,-0.1220703125,1.30615234375,-0.01220703125,-0.93994140625,0,-0.32958984375,-0.23193359375,-0.98876953125,-0.244140625,-0.8056640625,0.32958984375,-1.59912109375,0.2685546875,-0.30517578125,-0.18310546875,-0.32958984375,0.3662109375,-1.20849609375,0.06103515625,5.77392578125,0.048828125,5.810546875,-0.2197265625,4.38232421875,-0.03662109375,11.6455078125,-0.01220703125,-0.03662109375,-0.1220703125,-1.416015625,-0.146484375,-0.98876953125,-0.06103515625,0.40283203125,-0.15869140625,0.3662109375,0.01220703125,-0.01220703125,-0.048828125,0.048828125,0,0.1220703125,-0.20751953125,-0.10986328125,-0.08544921875,0.81787109375,-0.1708984375,-0.390625,-0.10986328125,-0.5615234375
1,-0.18310546875,-0.29296875,-0.01220703125,-0.32958984375,-0.08544921875,-0.37841796875,0.048828125,-0.0732421875,-0.1708984375,-0.01220703125,0.15869140625,-0.89111328125,0.1953125,1.0986328125,-0.341796875,-0.25634765625,-0.1220703125,-0.69580078125,-0.01220703125,-0.1953125,-0.25634765625,0.79345703125,-0.13427734375,-0.7568359375,-0.18310546875,0.0244140625,-0.048828125,-0.79345703125,-0.2685546875,0.87890625,-0.244140625,0.1953125,0.50048828125,-0.32958984375,-0.146484375,-0.86669921875,-0.15869140625,-0.52490234375,-0.06103515625,-0.7568359375,0.3173828125,-0.2685546875,-0.01220703125,-0.59814453125,0.09765625,-0.3173828125,0.69580078125,0.79345703125,0,1.11083984375,0,0.47607421875,-0.4150390625,-0.18310546875,-0.1953125,0.74462890625,-0.1708984375,1.7333984375,0.06103515625,1.5869140625,0.23193359375,1.55029296875,0.0244140625,1.7578125,0.23193359375,0.20751953125,0.30517578125,0.98876953125,0.048828125,0.244140625,0.09765625,0.15869140625,0.2197265625,0.28076171875,-0.29296875,0.81787109375,-0.1708984375,0.01220703125,-0.10986328125,1.33056640625,-0.1220703125,-0.93994140625,-0.048828125,-0.341796875,-0.3173828125,-0.96435546875,-0.2197265625,-0.81787109375,0.2685546875,-1.5869140625,0.1953125,-0.3173828125,-0.1953125,-0.341796875,0.28076171875,-1.20849609375,0.10986328125,5.8837890625,0.0244140625,5.859375,-0.28076171875,4.45556640625,-0.146484375,11.71875,0.01220703125,0.0244140625,-0.146484375,-1.416015625,-0.15869140625,-1.025390625,-0.06103515625,0.390625,-0.13427734375,0.35400390625,0.01220703125,-0.01220703125,-0.08544921875,0.03662109375,-0.01220703125,0.10986328125,-0.20751953125,-0.1220703125,-0.09765625,0.830078125,-0.1953125,-0.40283203125,-0.10986328125,-0.537109375
1,-0.1953125,-0.29296875,0.01220703125,-0.341796875,-0.09765625,-0.3662109375,0.048828125,-0.08544921875,-0.1708984375,-0.048828125,0.10986328125,-0.89111328125,0.18310546875,1.123046875,-0.29296875,-0.2685546875,-0.08544921875,-0.69580078125,0.0732421875,-0.20751953125,-0.1708984375,0.81787109375,-0.0244140625,-0.732421875,-0.28076171875,0.01220703125,-0.09765625,-0.79345703125,-0.35400390625,0.89111328125,-0.35400390625,0.1953125,0.341796875,-0.32958984375,-0.18310546875,-0.89111328125,-0.2685546875,-0.50048828125,-0.08544921875,-0.7568359375,0.146484375,-0.23193359375,0.06103515625,-0.62255859375,0.1220703125,-0.30517578125,0.6103515625,0.830078125,0.01220703125,1.13525390625,0.0244140625,0.45166015625,-0.45166015625,-0.20751953125,-0.2197265625,0.732421875,-0.20751953125,2.197265625,0.08544921875,1.84326171875,0.2197265625,1.806640625,0.1220703125,2.11181640625,0.28076171875,0.20751953125,0.23193359375,0.98876953125,0.0732421875,0.2197265625,0.0732421875,0.15869140625,0.20751953125,0.28076171875,-0.29296875,0.81787109375,-0.146484375,0.01220703125,-0.10986328125,1.33056640625,-0.2685546875,-0.93994140625,-0.08544921875,-0.341796875,-0.35400390625,-0.96435546875,-0.18310546875,-0.8056640625,0.23193359375,-1.55029296875,0.10986328125,-0.3173828125,-0.18310546875,-0.341796875,0.1220703125,-1.18408203125,0.1220703125,5.70068359375,0.048828125,5.62744140625,-0.29296875,4.28466796875,-0.2197265625,11.34033203125,0.048828125,0.0244140625,-0.13427734375,-1.416015625,-0.18310546875,-1.025390625,-0.06103515625,0.390625,-0.13427734375,0.37841796875,-0.0244140625,0,-0.0732421875,0,-0.0244140625,0.13427734375,-0.1953125,-0.10986328125,-0.0732421875,0.81787109375,-0.20751953125,-0.42724609375,-0.09765625,-0.537109375
1,-0.2197265625,-0.29296875,0.01220703125,-0.3662109375,-0.10986328125,-0.40283203125,0.0244140625,-0.08544921875,-0.18310546875,-0.048828125,0.13427734375,-0.89111328125,0.18310546875,1.123046875,-0.2197265625,-0.30517578125,0,-0.68359375,0.146484375,-0.20751953125,-0.03662109375,0.81787109375,0.0244140625,-0.732421875,-0.32958984375,0.01220703125,-0.13427734375,-0.79345703125,-0.42724609375,0.86669921875,-0.37841796875,0.18310546875,0.13427734375,-0.30517578125,-0.2685546875,-0.89111328125,-0.3173828125,-0.47607421875,-0.13427734375,-0.7568359375,-0.03662109375,-0.20751953125,0.0732421875,-0.64697265625,0.1220703125,-0.3173828125,0.57373046875,0.87890625,0.01220703125,1.171875,0.01220703125,0.4638671875,-0.4638671875,-0.1953125,-0.2685546875,0.72021484375,-0.2197265625,2.490234375,0.09765625,2.0263671875,0.20751953125,1.9287109375,0.1953125,2.34375,0.2685546875,0.23193359375,0.13427734375,1.0009765625,0.09765625,0.23193359375,0.0244140625,0.1708984375,0.15869140625,0.29296875,-0.341796875,0.81787109375,-0.0732421875,0.01220703125,-0.15869140625,1.318359375,-0.3662109375,-0.9765625,-0.09765625,-0.3173828125,-0.32958984375,-0.9521484375,-0.1220703125,-0.8056640625,0.20751953125,-1.5380859375,0.0732421875,-0.3173828125,-0.09765625,-0.32958984375,-0.048828125,-1.18408203125,0.048828125,5.31005859375,0.0732421875,5.18798828125,-0.29296875,3.955078125,-0.30517578125,10.6201171875,0.06103515625,-0.01220703125,-0.09765625,-1.3916015625,-0.15869140625,-1.03759765625,-0.09765625,0.37841796875,-0.10986328125,0.390625,-0.03662109375,0,-0.0732421875,0,-0.01220703125,0.146484375,-0.1708984375,-0.09765625,-0.08544921875,0.81787109375,-0.2197265625,-0.45166015625,-0.09765625,-0.52490234375
1,-0.23193359375,-0.28076171875,0.048828125,-0.3662109375,-0.10986328125,-0.40283203125,0.01220703125,-0.08544921875,-0.1953125,-0.06103515625,0.1220703125,-0.89111328125,0.1708984375,1.123046875,-0.146484375,-0.2685546875,0.06103515625,-0.69580078125,0.146484375,-0.2197265625,0.08544921875,0.81787109375,0.0244140625,-0.72021484375,-0.30517578125,0.01220703125,-0.18310546875,-0.78125,-0.4638671875,0.86669921875,-0.3662109375,0.1953125,-0.06103515625,-0.32958984375,-0.32958984375,-0.89111328125,-0.35400390625,-0.47607421875,-0.18310546875,-0.7568359375,-0.23193359375,-0.18310546875,0.03662109375,-0.68359375,0.06103515625,-0.35400390625,0.62255859375,0.9033203125,-0.0244140625,1.1962890625,0.03662109375,0.45166015625,-0.4638671875,-0.2197265625,-0.32958984375,0.72021484375,-0.23193359375,2.55126953125,0.08544921875,2.03857421875,0.244140625,1.904296875,0.2685546875,2.40478515625,0.28076171875,0.25634765625,0.048828125,1.01318359375,0.0732421875,0.244140625,-0.0244140625,0.18310546875,0.10986328125,0.29296875,-0.32958984375,0.8056640625,-0.01220703125,0.03662109375,-0.244140625,1.35498046875,-0.42724609375,-0.98876953125,-0.08544921875,-0.35400390625,-0.20751953125,-0.9765625,-0.09765625,-0.79345703125,0.15869140625,-1.4404296875,0.0732421875,-0.3173828125,-0.06103515625,-0.3173828125,-0.13427734375,-1.18408203125,-0.048828125,4.78515625,0.06103515625,4.62646484375,-0.2685546875,3.47900390625,-0.37841796875,9.65576171875,0.03662109375,-0.08544921875,0.01220703125,-1.42822265625,-0.146484375,-1.0498046875,-0.15869140625,0.390625,-0.09765625,0.40283203125,-0.03662109375,0.01220703125,-0.08544921875,-0.048828125,-0.01220703125,0.1708984375,-0.15869140625,-0.08544921875,-0.09765625,0.81787109375,-0.2197265625,-0.48828125,-0.0732421875,-0.50048828125
1,-0.23193359375,-0.32958984375,0.048828125,-0.35400390625,-0.09765625,-0.40283203125,-0.01220703125,-0.0732421875,-0.20751953125,-0.03662109375,0.1220703125,-0.89111328125,0.1708984375,1.123046875,-0.08544921875,-0.25634765625,0.13427734375,-0.6591796875,0.10986328125,-0.23193359375,0.1708984375,0.81787109375,-0.03662109375,-0.7568359375,-0.29296875,-0.01220703125,-0.1708984375,-0.8056640625,-0.45166015625,0.8544921875,-0.3173828125,0.1953125,-0.2685546875,-0.32958984375,-0.3662109375,-0.89111328125,-0.3173828125,-0.45166015625,-0.2197265625,-0.74462890625,-0.35400390625,-0.146484375,0,-0.69580078125,-0.048828125,-0.3662109375,0.5859375,0.96435546875,-0.06103515625,1.20849609375,0,0.439453125,-0.5126953125,-0.23193359375,-0.40283203125,0.732421875,-0.1953125,2.40478515625,0.1220703125,1.9287109375,0.25634765625,1.7578125,0.30517578125,2.28271484375,0.244140625,0.28076171875,-0.048828125,1.01318359375,0.06103515625,0.25634765625,-0.0732421875,0.1953125,0.048828125,0.29296875,-0.29296875,0.84228515625,0.06103515625,0.0244140625,-0.29296875,1.3427734375,-0.439453125,-0.98876953125,-0.048828125,-0.341796875,-0.06103515625,-0.96435546875,-0.09765625,-0.78125,0.13427734375,-1.3671875,0.0732421875,-0.28076171875,-0.08544921875,-0.3173828125,-0.15869140625,-1.18408203125,-0.1220703125,4.18701171875,0.0732421875,4.01611328125,-0.18310546875,2.96630859375,-0.439453125,8.58154296875,0.01220703125,-0.1708984375,0.08544921875,-1.4404296875,-0.09765625,-1.0498046875,-0.15869140625,0.390625,-0.10986328125,0.4150390625,-0.06103515625,0.0244140625,-0.08544921875,-0.0732421875,0.0244140625,0.1953125,-0.1708984375,-0.048828125,-0.10986328125,0.79345703125,-0.2197265625,-0.52490234375,-0.09765625,-0.5126953125
1,-0.25634765625,-0.3173828125,0.06103515625,-0.35400390625,-0.09765625,-0.390625,-0.01220703125,-0.06103515625,-0.20751953125,-0.0244140625,0.1220703125,-0.86669921875,0.15869140625,1.0986328125,-0.0732421875,-0.20751953125,0.2197265625,-0.67138671875,0.06103515625,-0.244140625,0.20751953125,0.79345703125,-0.09765625,-0.74462890625,-0.244140625,-0.03662109375,-0.18310546875,-0.830078125,-0.439453125,0.84228515625,-0.18310546875,0.20751953125,-0.28076171875,-0.29296875,-0.42724609375,-0.87890625,-0.25634765625,-0.42724609375,-0.2197265625,-0.72021484375,-0.37841796875,-0.146484375,-0.03662109375,-0.72021484375,-0.09765625,-0.35400390625,0.4638671875,1.025390625,-0.13427734375,1.1962890625,-0.01220703125,0.45166015625,-0.50048828125,-0.23193359375,-0.439453125,0.72021484375,-0.15869140625,2.099609375,0.1220703125,1.708984375,0.3173828125,1.52587890625,0.30517578125,2.05078125,0.20751953125,0.2685546875,-0.1220703125,1.03759765625,0.01220703125,0.244140625,-0.1220703125,0.23193359375,0.0244140625,0.30517578125,-0.30517578125,0.8544921875,0.0732421875,0.048828125,-0.30517578125,1.3427734375,-0.45166015625,-1.0009765625,0.01220703125,-0.35400390625,0.1220703125,-1.0009765625,-0.09765625,-0.79345703125,0.048828125,-1.28173828125,0.09765625,-0.29296875,-0.09765625,-0.32958984375,-0.1708984375,-1.18408203125,-0.146484375,3.57666015625,0.0244140625,3.41796875,-0.146484375,2.4658203125,-0.42724609375,7.5439453125,0.03662109375,-0.2685546875,0.15869140625,-1.46484375,-0.0732421875,-1.06201171875,-0.13427734375,0.37841796875,-0.10986328125,0.37841796875,-0.0732421875,0.03662109375,-0.0732421875,-0.1220703125,0.0244140625,0.20751953125,-0.1708984375,-0.0244140625,-0.09765625,0.74462890625,-0.2197265625,-0.52490234375,-0.09765625,-0.537109375
0,-0.25634765625,-0.32958984375,0.09765625,-0.32958984375,-0.10986328125,-0.40283203125,-0.048828125,-0.048828125,-0.23193359375,0,0.13427734375,-0.86669921875,0.15869140625,1.0986328125,-0.0732421875,-0.18310546875,0.25634765625,-0.6591796875,0.01220703125,-0.25634765625,0.1953125,0.79345703125,-0.146484375,-0.74462890625,-0.13427734375,-0.0732421875,-0.15869140625,-0.830078125,-0.37841796875,0.86669921875,-0.08544921875,0.20751953125,-0.1708984375,-0.29296875,-0.48828125,-0.89111328125,-0.146484375,-0.40283203125,-0.18310546875,-0.732421875,-0.35400390625,-0.15869140625,-0.08544921875,-0.7080078125,-0.146484375,-0.35400390625,0.32958984375,1.11083984375,-0.18310546875,1.171875,-0.06103515625,0.4638671875,-0.40283203125,-0.1953125,-0.45166015625,0.74462890625,-0.0732421875,1.6845703125,0.1220703125,1.47705078125,0.35400390625,1.28173828125,0.3173828125,1.77001953125,0.1953125,0.29296875,-0.1953125,1.025390625,-0.01220703125,0.23193359375,-0.146484375,0.2197265625,-0.048828125,0.28076171875,-0.2685546875,0.86669921875,0.10986328125,0.0244140625,-0.28076171875,1.3427734375,-0.4150390625,-0.98876953125,0.0732421875,-0.35400390625,0.244140625,-1.025390625,-0.048828125,-0.76904296875,-0.01220703125,-1.220703125,0.13427734375,-0.25634765625,-0.20751953125,-0.30517578125,-0.10986328125,-1.1962890625,-0.15869140625,3.01513671875,-0.01220703125,2.89306640625,-0.10986328125,2.03857421875,-0.40283203125,6.60400390625,0.06103515625,-0.35400390625,0.1953125,-1.4892578125,-0.08544921875,-1.0498046875,-0.1220703125,0.390625,-0.08544921875,0.3662109375,-0.0732421875,0.01220703125,-0.0732421875,-0.13427734375,0.03662109375,0.18310546875,-0.1953125,-0.03662109375,-0.09765625,0.72021484375,-0.244140625,-0.5126953125,-0.13427734375,-0.57373046875
0,-0.23193359375,-0.341796875,0.08544921875,-0.32958984375,-0.09765625,-0.37841796875,-0.06103515625,-0.0244140625,-0.23193359375,0,0.1708984375,-0.87890625,0.1708984375,1.0986328125,-0.1220703125,-0.1708984375,0.25634765625,-0.67138671875,-0.048828125,-0.25634765625,0.15869140625,0.8056640625,-0.18310546875,-0.74462890625,-0.0732421875,-0.13427734375,-0.10986328125,-0.81787109375,-0.30517578125,0.86669921875,-0.0244140625,0.20751953125,0,-0.3173828125,-0.537109375,-0.89111328125,-0.06103515625,-0.4150390625,-0.1708984375,-0.72021484375,-0.29296875,-0.18310546875,-0.13427734375,-0.7080078125,-0.15869140625,-0.4150390625,0.3173828125,1.20849609375,-0.20751953125,1.1474609375,-0.13427734375,0.45166015625,-0.35400390625,-0.146484375,-0.4150390625,0.74462890625,0.048828125,1.2939453125,0.03662109375,1.23291015625,0.32958984375,1.0498046875,0.244140625,1.46484375,0.15869140625,0.25634765625,-0.28076171875,1.03759765625,-0.048828125,0.2197265625,-0.13427734375,0.20751953125,-0.1220703125,0.2685546875,-0.244140625,0.89111328125,0.10986328125,0.01220703125,-0.244140625,1.3427734375,-0.4150390625,-0.9765625,0.13427734375,-0.3662109375,0.29296875,-1.025390625,0,-0.79345703125,-0.0244140625,-1.123046875,0.146484375,-0.2197265625,-0.30517578125,-0.3173828125,0,-1.20849609375,-0.13427734375,2.57568359375,-0.0732421875,2.4658203125,-0.08544921875,1.67236328125,-0.32958984375,5.84716796875,0.09765625,-0.45166015625,0.1953125,-1.46484375,-0.06103515625,-1.025390625,-0.0732421875,0.390625,-0.0732421875,0.32958984375,-0.08544921875,0.0244140625,-0.06103515625,-0.1220703125,0.03662109375,0.18310546875,-0.20751953125,-0.03662109375,-0.1220703125,0.72021484375,-0.244140625,-0.48828125,-0.1708984375,-0.59814453125
0,-0.23193359375,-0.35400390625,0.1220703125,-0.341796875,-0.0732421875,-0.3662109375,-0.06103515625,-0.03662109375,-0.20751953125,0.03662109375,0.1708984375,-0.87890625,0.18310546875,1.08642578125,-0.15869140625,-0.1708984375,0.23193359375,-0.67138671875,-0.08544921875,-0.244140625,0.06103515625,0.8056640625,-0.20751953125,-0.74462890625,-0.0244140625,-0.20751953125,-0.048828125,-0.830078125,-0.1708984375,0.87890625,0.01220703125,0.2197265625,0.244140625,-0.32958984375,-0.54931640625,-0.89111328125,0.048828125,-0.4150390625,-0.146484375,-0.72021484375,-0.20751953125,-0.18310546875,-0.20751953125,-0.67138671875,-0.146484375,-0.439453125,0.23193359375,1.30615234375,-0.244140625,1.123046875,-0.18310546875,0.439453125,-0.244140625,-0.10986328125,-0.4150390625,0.74462890625,0.1220703125,0.96435546875,0.03662109375,1.03759765625,0.42724609375,0.87890625,0.20751953125,1.25732421875,0.09765625,0.25634765625,-0.3173828125,1.025390625,-0.13427734375,0.2197265625,-0.09765625,0.20751953125,-0.2197265625,0.2685546875,-0.18310546875,0.87890625,0.1220703125,0.0244140625,-0.1708984375,1.33056640625,-0.25634765625,-0.96435546875,0.2197265625,-0.390625,0.28076171875,-1.03759765625,0.03662109375,-0.78125,0.01220703125,-1.03759765625,0.1708984375,-0.2197265625,-0.3173828125,-0.3173828125,0.1220703125,-1.20849609375,-0.146484375,2.20947265625,-0.1220703125,2.16064453125,-0.0732421875,1.40380859375,-0.30517578125,5.2490234375,0.13427734375,-0.5126953125,0.09765625,-1.4892578125,-0.08544921875,-1.025390625,-0.08544921875,0.37841796875,-0.03662109375,0.30517578125,-0.0732421875,0,-0.0732421875,-0.09765625,0.01220703125,0.15869140625,-0.23193359375,-0.048828125,-0.10986328125,0.72021484375,-0.20751953125,-0.4638671875,-0.23193359375,-0.6103515625
0,-0.20751953125,-0.32958984375,0.1220703125,-0.3662109375,-0.0732421875,-0.37841796875,-0.0732421875,-0.048828125,-0.2197265625,0.03662109375,0.15869140625,-0.86669921875,0.18310546875,1.0986328125,-0.2197265625,-0.18310546875,0.1708984375,-0.68359375,-0.10986328125,-0.2197265625,-0.03662109375,0.81787109375,-0.244140625,-0.7568359375,0.01220703125,-0.25634765625,0.06103515625,-0.81787109375,-0.0732421875,0.9033203125,-0.0244140625,0.2197265625,0.390625,-0.30517578125,-0.50048828125,-0.9033203125,0.1220703125,-0.42724609375,-0.146484375,-0.72021484375,-0.09765625,-0.20751953125,-0.10986328125,-0.64697265625,-0.10986328125,-0.439453125,0.32958984375,1.3916015625,-0.244140625,1.08642578125,-0.25634765625,0.439453125,-0.18310546875,-0.09765625,-0.37841796875,0.7568359375,0.13427734375,0.79345703125,0.03662109375,0.96435546875,0.52490234375,0.84228515625,0.18310546875,1.11083984375,0.06103515625,0.244140625,-0.341796875,1.025390625,-0.18310546875,0.20751953125,-0.09765625,0.20751953125,-0.30517578125,0.25634765625,-0.1220703125,0.87890625,0.13427734375,0.01220703125,-0.06103515625,1.33056640625,-0.10986328125,-0.927734375,0.25634765625,-0.37841796875,0.1953125,-1.03759765625,0.10986328125,-0.76904296875,0.09765625,-0.9521484375,0.18310546875,-0.2197265625,-0.3173828125,-0.30517578125,0.18310546875,-1.20849609375,-0.146484375,1.94091796875,-0.1953125,1.9287109375,-0.048828125,1.220703125,-0.28076171875,4.8095703125,0.18310546875,-0.54931640625,-0.0244140625,-1.50146484375,-0.10986328125,-1.0009765625,-0.06103515625,0.40283203125,-0.048828125,0.3173828125,-0.03662109375,0.01220703125,-0.06103515625,-0.048828125,-0.01220703125,0.1708984375,-0.2197265625,-0.0732421875,-0.1220703125,0.74462890625,-0.1953125,-0.42724609375,-0.244140625,-0.62255859375
0,-0.1953125,-0.32958984375,0.08544921875,-0.390625,-0.0732421875,-0.37841796875,-0.08544921875,-0.06103515625,-0.2197265625,0.0244140625,0.18310546875,-0.87890625,0.1708984375,1.0986328125,-0.25634765625,-0.20751953125,0.06103515625,-0.7080078125,-0.146484375,-0.2197265625,-0.146484375,0.830078125,-0.28076171875,-0.7568359375,0.048828125,-0.30517578125,0.15869140625,-0.81787109375,-0.03662109375,0.89111328125,-0.03662109375,0.20751953125,0.48828125,-0.3173828125,-0.48828125,-0.89111328125,0.1708984375,-0.439453125,-0.08544921875,-0.732421875,-0.03662109375,-0.23193359375,-0.01220703125,-0.6103515625,-0.10986328125,-0.4150390625,0.35400390625,1.47705078125,-0.244140625,1.06201171875,-0.25634765625,0.439453125,-0.18310546875,-0.09765625,-0.29296875,0.74462890625,0.15869140625,0.79345703125,0.03662109375,0.9521484375,0.5615234375,0.89111328125,0.15869140625,1.07421875,0.03662109375,0.25634765625,-0.3662109375,1.025390625,-0.244140625,0.2197265625,-0.0732421875,0.20751953125,-0.32958984375,0.25634765625,-0.10986328125,0.91552734375,0.146484375,0,-0.01220703125,1.30615234375,0.03662109375,-0.93994140625,0.2685546875,-0.37841796875,0.048828125,-1.0009765625,0.20751953125,-0.78125,0.20751953125,-0.89111328125,0.18310546875,-0.23193359375,-0.1953125,-0.3173828125,0.15869140625,-1.1962890625,-0.15869140625,1.69677734375,-0.23193359375,1.7578125,-0.03662109375,1.06201171875,-0.244140625,4.443359375,0.1953125,-0.5126953125,-0.146484375,-1.4892578125,-0.08544921875,-1.025390625,-0.06103515625,0.390625,-0.048828125,0.30517578125,-0.0244140625,0.0244140625,-0.08544921875,-0.0244140625,0,0.15869140625,-0.23193359375,-0.09765625,-0.10986328125,0.7568359375,-0.18310546875,-0.42724609375,-0.244140625,-0.5859375
0,-0.1953125,-0.32958984375,0.10986328125,-0.3662109375,-0.06103515625,-0.40283203125,-0.0732421875,-0.08544921875,-0.244140625,0,0.146484375,-0.87890625,0.18310546875,1.11083984375,-0.29296875,-0.2197265625,-0.0244140625,-0.7080078125,-0.15869140625,-0.20751953125,-0.2685546875,0.830078125,-0.32958984375,-0.74462890625,0.06103515625,-0.32958984375,0.2197265625,-0.830078125,0,0.91552734375,-0.03662109375,0.18310546875,0.47607421875,-0.3173828125,-0.4150390625,-0.9033203125,0.146484375,-0.4150390625,0.01220703125,-0.7568359375,0.0244140625,-0.23193359375,0.08544921875,-0.62255859375,-0.08544921875,-0.37841796875,0.37841796875,1.52587890625,-0.18310546875,1.07421875,-0.1953125,0.439453125,-0.146484375,-0.1220703125,-0.25634765625,0.74462890625,0.0244140625,0.93994140625,-0.09765625,1.01318359375,0.52490234375,1.01318359375,0.03662109375,1.123046875,0,0.244140625,-0.35400390625,1.025390625,-0.25634765625,0.20751953125,-0.06103515625,0.18310546875,-0.37841796875,0.23193359375,-0.06103515625,0.89111328125,0.18310546875,0.01220703125,0.01220703125,1.318359375,0.10986328125,-0.93994140625,0.29296875,-0.35400390625,-0.10986328125,-1.0009765625,0.29296875,-0.78125,0.2685546875,-0.830078125,0.20751953125,-0.25634765625,-0.048828125,-0.3173828125,0.1220703125,-1.171875,-0.20751953125,1.45263671875,-0.2197265625,1.5380859375,-0.03662109375,0.9033203125,-0.20751953125,4.0771484375,0.1708984375,-0.50048828125,-0.1953125,-1.4892578125,-0.10986328125,-1.025390625,-0.03662109375,0.40283203125,-0.048828125,0.32958984375,0,0.01220703125,-0.0732421875,-0.0244140625,-0.01220703125,0.1708984375,-0.23193359375,-0.10986328125,-0.1220703125,0.79345703125,-0.18310546875,-0.42724609375,-0.23193359375,-0.57373046875
0,-0.1708984375,-0.30517578125,0.09765625,-0.35400390625,-0.048828125,-0.390625,-0.08544921875,-0.09765625,-0.244140625,-0.01220703125,0.13427734375,-0.87890625,0.1953125,1.0986328125,-0.341796875,-0.244140625,-0.0732421875,-0.69580078125,-0.15869140625,-0.2197265625,-0.28076171875,0.830078125,-0.390625,-0.732421875,0.048828125,-0.3173828125,0.25634765625,-0.81787109375,-0.0244140625,0.9033203125,-0.0244140625,0.1953125,0.4150390625,-0.3173828125,-0.29296875,-0.87890625,0.09765625,-0.40283203125,0.06103515625,-0.76904296875,0.03662109375,-0.2197265625,0.244140625,-0.62255859375,-0.0732421875,-0.35400390625,0.42724609375,1.5625,-0.18310546875,1.11083984375,-0.244140625,0.4150390625,-0.1220703125,-0.1220703125,-0.2197265625,0.72021484375,-0.01220703125,1.1474609375,-0.10986328125,1.0986328125,0.50048828125,1.15966796875,0.048828125,1.20849609375,-0.03662109375,0.244140625,-0.341796875,1.025390625,-0.244140625,0.20751953125,-0.048828125,0.15869140625,-0.4150390625,0.23193359375,-0.0244140625,0.87890625,0.20751953125,0.01220703125,0.0244140625,1.33056640625,0.1220703125,-0.9033203125,0.28076171875,-0.35400390625,-0.2197265625,-0.9765625,0.2685546875,-0.78125,0.3173828125,-0.8056640625,0.18310546875,-0.2685546875,0.06103515625,-0.3173828125,0.08544921875,-1.15966796875,-0.1953125,1.1474609375,-0.20751953125,1.2939453125,-0.08544921875,0.69580078125,-0.146484375,3.6376953125,0.1220703125,-0.45166015625,-0.23193359375,-1.4892578125,-0.146484375,-1.01318359375,-0.01220703125,0.40283203125,-0.06103515625,0.35400390625,0.01220703125,0,-0.06103515625,0,0.01220703125,0.1708984375,-0.244140625,-0.1220703125,-0.13427734375,0.8544921875,-0.20751953125,-0.439453125,-0.1708984375,-0.57373046875
0,-0.1708984375,-0.30517578125,0.10986328125,-0.341796875,-0.06103515625,-0.4150390625,-0.09765625,-0.09765625,-0.23193359375,-0.0244140625,0.13427734375,-0.87890625,0.20751953125,1.11083984375,-0.35400390625,-0.244140625,-0.1220703125,-0.69580078125,-0.13427734375,-0.20751953125,-0.23193359375,0.81787109375,-0.439453125,-0.732421875,0.03662109375,-0.28076171875,0.1953125,-0.8056640625,-0.08544921875,0.9033203125,0.048828125,0.18310546875,0.30517578125,-0.28076171875,-0.1953125,-0.87890625,0.03662109375,-0.37841796875,0.13427734375,-0.78125,0.03662109375,-0.1953125,0.32958984375,-0.6591796875,-0.03662109375,-0.30517578125,0.5126953125,1.5380859375,-0.1708984375,1.13525390625,-0.2197265625,0.42724609375,-0.1220703125,-0.146484375,-0.1953125,0.69580078125,0,1.318359375,-0.03662109375,1.18408203125,0.4150390625,1.25732421875,0.0244140625,1.2451171875,-0.10986328125,0.2685546875,-0.3173828125,1.03759765625,-0.18310546875,0.2197265625,-0.08544921875,0.1708984375,-0.390625,0.23193359375,0.01220703125,0.87890625,0.1953125,0.01220703125,0.048828125,1.318359375,0.06103515625,-0.9033203125,0.25634765625,-0.37841796875,-0.25634765625,-0.9521484375,0.1953125,-0.78125,0.30517578125,-0.78125,0.1953125,-0.244140625,0.1708984375,-0.3173828125,0.0244140625,-1.15966796875,-0.146484375,0.78125,-0.18310546875,0.927734375,-0.146484375,0.40283203125,-0.13427734375,3.03955078125,0.048828125,-0.4150390625,-0.23193359375,-1.50146484375,-0.1708984375,-1.025390625,0,0.40283203125,-0.06103515625,0.37841796875,0.01220703125,0.01220703125,-0.06103515625,-0.01220703125,0.0244140625,0.15869140625,-0.23193359375,-0.09765625,-0.10986328125,0.84228515625,-0.20751953125,-0.4638671875,-0.146484375,-0.52490234375
0,-0.15869140625,-0.30517578125,0.09765625,-0.341796875,-0.03662109375,-0.42724609375,-0.09765625,-0.09765625,-0.2197265625,-0.03662109375,0.09765625,-0.86669921875,0.25634765625,1.0986328125,-0.439453125,-0.2197265625,-0.08544921875,-0.69580078125,-0.13427734375,-0.20751953125,-0.146484375,0.81787109375,-0.45166015625,-0.732421875,0.03662109375,-0.244140625,0.09765625,-0.79345703125,-0.146484375,0.89111328125,0.08544921875,0.18310546875,0.15869140625,-0.244140625,-0.10986328125,-0.89111328125,-0.03662109375,-0.37841796875,0.1708984375,-0.78125,0.048828125,-0.1708984375,0.30517578125,-0.68359375,-0.0244140625,-0.28076171875,0.59814453125,1.4892578125,-0.15869140625,1.1474609375,-0.23193359375,0.439453125,-0.0732421875,-0.1708984375,-0.146484375,0.68359375,-0.1708984375,1.4404296875,-0.13427734375,1.20849609375,0.28076171875,1.318359375,-0.048828125,1.2451171875,-0.13427734375,0.2685546875,-0.25634765625,1.01318359375,-0.146484375,0.2197265625,-0.08544921875,0.146484375,-0.341796875,0.244140625,0.03662109375,0.87890625,0.2197265625,0.01220703125,0.0732421875,1.318359375,0.01220703125,-0.93994140625,0.244140625,-0.37841796875,-0.2197265625,-0.93994140625,0.0732421875,-0.79345703125,0.25634765625,-0.8056640625,0.15869140625,-0.29296875,0.23193359375,-0.30517578125,0,-1.1474609375,-0.08544921875,0.3173828125,-0.15869140625,0.47607421875,-0.1953125,0.0732421875,-0.13427734375,2.294921875,-0.01220703125,-0.40283203125,-0.18310546875,-1.50146484375,-0.20751953125,-1.03759765625,-0.0244140625,0.4150390625,-0.01220703125,0.40283203125,-0.0244140625,0,-0.0732421875,0.01220703125,0.01220703125,0.1708984375,-0.2197265625,-0.09765625,-0.10986328125,0.8544921875,-0.1953125,-0.439453125,-0.13427734375,-0.5126953125
0,-0.13427734375,-0.29296875,0.10986328125,-0.32958984375,-0.0244140625,-0.40283203125,-0.09765625,-0.08544921875,-0.244140625,-0.03662109375,0.08544921875,-0.86669921875,0.2685546875,1.0986328125,-0.5126953125,-0.244140625,-0.06103515625,-0.68359375,-0.09765625,-0.23193359375,-0.0244140625,0.8056640625,-0.42724609375,-0.72021484375,0.06103515625,-0.18310546875,0,-0.79345703125,-0.2685546875,0.87890625,0.09765625,0.1953125,0.08544921875,-0.2685546875,-0.10986328125,-0.87890625,-0.09765625,-0.3662109375,0.146484375,-0.78125,0.08544921875,-0.1708984375,0.30517578125,-0.72021484375,-0.01220703125,-0.3173828125,0.69580078125,1.416015625,-0.09765625,1.15966796875,-0.146484375,0.42724609375,-0.08544921875,-0.18310546875,-0.09765625,0.69580078125,-0.146484375,1.45263671875,-0.0244140625,1.18408203125,0.244140625,1.2939453125,0.048828125,1.171875,-0.13427734375,0.3173828125,-0.2197265625,1.025390625,-0.09765625,0.20751953125,-0.1220703125,0.146484375,-0.30517578125,0.2685546875,0.08544921875,0.86669921875,0.20751953125,0.0244140625,0.06103515625,1.3427734375,-0.06103515625,-0.9765625,0.20751953125,-0.390625,-0.15869140625,-0.93994140625,-0.048828125,-0.78125,0.2197265625,-0.830078125,0.15869140625,-0.28076171875,0.20751953125,-0.30517578125,-0.0244140625,-1.1474609375,-0.0244140625,-0.23193359375,-0.1220703125,-0.0732421875,-0.23193359375,-0.3173828125,-0.1708984375,1.37939453125,-0.08544921875,-0.40283203125,-0.13427734375,-1.50146484375,-0.20751953125,-1.03759765625,-0.06103515625,0.4150390625,0.01220703125,0.42724609375,-0.0244140625,0.01220703125,-0.0732421875,-0.01220703125,0.03662109375,0.146484375,-0.2197265625,-0.08544921875,-0.13427734375,0.8544921875,-0.20751953125,-0.4638671875,-0.09765625,-0.48828125
0,-0.15869140625,-0.29296875,0.08544921875,-0.32958984375,0.01220703125,-0.390625,-0.09765625,-0.0732421875,-0.2685546875,-0.048828125,0.09765625,-0.8544921875,0.29296875,1.0986328125,-0.52490234375,-0.2197265625,0,-0.6591796875,-0.10986328125,-0.23193359375,0.09765625,0.830078125,-0.37841796875,-0.74462890625,0.08544921875,-0.1220703125,-0.0732421875,-0.79345703125,-0.30517578125,0.87890625,0.03662109375,0.2197265625,0.08544921875,-0.28076171875,-0.13427734375,-0.86669921875,-0.09765625,-0.390625,0.13427734375,-0.78125,0.146484375,-0.13427734375,0.15869140625,-0.7080078125,0.06103515625,-0.32958984375,0.74462890625,1.318359375,-0.0732421875,1.15966796875,-0.08544921875,0.439453125,-0.08544921875,-0.15869140625,-0.03662109375,0.7080078125,-0.2197265625,1.3671875,0.01220703125,1.08642578125,0.15869140625,1.20849609375,0.03662109375,1.025390625,-0.146484375,0.30517578125,-0.1953125,1.03759765625,-0.06103515625,0.1953125,-0.146484375,0.1953125,-0.2685546875,0.2685546875,0.1220703125,0.86669921875,0.1953125,0.03662109375,0.0244140625,1.33056640625,-0.15869140625,-0.98876953125,0.1708984375,-0.390625,-0.0732421875,-0.9521484375,-0.1708984375,-0.79345703125,0.15869140625,-0.89111328125,0.1220703125,-0.29296875,0.13427734375,-0.29296875,0.01220703125,-1.15966796875,-0.01220703125,-0.8056640625,-0.146484375,-0.6591796875,-0.25634765625,-0.74462890625,-0.18310546875,0.37841796875,-0.15869140625,-0.40283203125,-0.08544921875,-1.513671875,-0.20751953125,-1.0498046875,-0.08544921875,0.390625,0.03662109375,0.40283203125,-0.0732421875,0.01220703125,-0.08544921875,0,0.01220703125,0.13427734375,-0.18310546875,-0.06103515625,-0.1220703125,0.84228515625,-0.18310546875,-0.45166015625,-0.09765625,-0.50048828125
0,-0.15869140625,-0.30517578125,0.0732421875,-0.341796875,0.03662109375,-0.390625,-0.13427734375,-0.06103515625,-0.244140625,-0.048828125,0.06103515625,-0.8544921875,0.29296875,1.0986328125,-0.50048828125,-0.23193359375,0.0732421875,-0.64697265625,-0.0732421875,-0.244140625,0.146484375,0.81787109375,-0.29296875,-0.74462890625,0.146484375,-0.09765625,-0.13427734375,-0.78125,-0.3173828125,0.9033203125,-0.048828125,0.23193359375,0.1220703125,-0.2685546875,-0.23193359375,-0.87890625,-0.06103515625,-0.40283203125,0.0732421875,-0.732421875,0.15869140625,-0.13427734375,0.03662109375,-0.732421875,0.06103515625,-0.29296875,0.67138671875,1.20849609375,-0.048828125,1.171875,-0.01220703125,0.4638671875,-0.048828125,-0.146484375,0.03662109375,0.72021484375,-0.30517578125,1.1962890625,0.06103515625,0.93994140625,0.09765625,1.08642578125,-0.0244140625,0.8544921875,-0.09765625,0.3173828125,-0.09765625,1.03759765625,-0.03662109375,0.18310546875,-0.09765625,0.20751953125,-0.29296875,0.28076171875,0.1708984375,0.86669921875,0.1708984375,0.048828125,-0.048828125,1.33056640625,-0.25634765625,-1.0009765625,0.146484375,-0.390625,0.01220703125,-0.9765625,-0.28076171875,-0.79345703125,0.06103515625,-0.9765625,0.0732421875,-0.29296875,0.03662109375,-0.28076171875,0.09765625,-1.18408203125,0,-1.35498046875,-0.1953125,-1.2451171875,-0.28076171875,-1.18408203125,-0.2197265625,-0.634765625,-0.1708984375,-0.4638671875,-0.048828125,-1.47705078125,-0.1953125,-1.03759765625,-0.08544921875,0.40283203125,0.048828125,0.4150390625,-0.09765625,0.01220703125,-0.0732421875,-0.01220703125,0.03662109375,0.146484375,-0.18310546875,-0.03662109375,-0.09765625,0.81787109375,-0.1220703125,-0.47607421875,-0.10986328125,-0.50048828125
0,-0.15869140625,-0.32958984375,0.0732421875,-0.35400390625,0.048828125,-0.37841796875,-0.146484375,-0.0732421875,-0.25634765625,-0.048828125,0.06103515625,-0.8544921875,0.29296875,1.123046875,-0.47607421875,-0.20751953125,0.13427734375,-0.6591796875,-0.048828125,-0.244140625,0.23193359375,0.84228515625,-0.20751953125,-0.76904296875,0.1708984375,-0.08544921875,-0.1708984375,-0.79345703125,-0.30517578125,0.87890625,-0.146484375,0.244140625,0.2685546875,-0.28076171875,-0.341796875,-0.89111328125,-0.01220703125,-0.42724609375,-0.03662109375,-0.732421875,0.1220703125,-0.18310546875,-0.01220703125,-0.74462890625,0.09765625,-0.3173828125,0.6591796875,1.08642578125,-0.06103515625,1.1474609375,-0.01220703125,0.48828125,-0.0244140625,-0.10986328125,0.048828125,0.732421875,-0.37841796875,1.0009765625,0.048828125,0.830078125,0.01220703125,0.93994140625,-0.13427734375,0.7080078125,-0.0244140625,0.32958984375,-0.01220703125,1.0498046875,-0.01220703125,0.18310546875,-0.0732421875,0.20751953125,-0.28076171875,0.28076171875,0.1708984375,0.86669921875,0.1220703125,0.03662109375,-0.0732421875,1.35498046875,-0.37841796875,-1.025390625,0.10986328125,-0.40283203125,0.03662109375,-0.9765625,-0.3173828125,-0.78125,-0.03662109375,-1.0498046875,0.01220703125,-0.30517578125,-0.1220703125,-0.30517578125,0.1220703125,-1.1962890625,-0.01220703125,-1.8310546875,-0.25634765625,-1.74560546875,-0.244140625,-1.55029296875,-0.25634765625,-1.52587890625,-0.1220703125,-0.537109375,-0.01220703125,-1.4892578125,-0.15869140625,-1.03759765625,-0.09765625,0.40283203125,0.06103515625,0.40283203125,-0.09765625,0,-0.06103515625,-0.01220703125,0.01220703125,0.15869140625,-0.1708984375,-0.03662109375,-0.0732421875,0.81787109375,-0.1220703125,-0.47607421875,-0.10986328125,-0.50048828125
1,-0.1708984375,-0.32958984375,0.03662109375,-0.35400390625,0.06103515625,-0.3662109375,-0.146484375,-0.06103515625,-0.28076171875,-0.01220703125,0.048828125,-0.86669921875,0.29296875,1.11083984375,-0.42724609375,-0.1953125,0.20751953125,-0.67138671875,0,-0.23193359375,0.25634765625,0.81787109375,-0.10986328125,-0.76904296875,0.146484375,-0.10986328125,-0.18310546875,-0.79345703125,-0.28076171875,0.86669921875,-0.2197265625,0.25634765625,0.341796875,-0.341796875,-0.45166015625,-0.9033203125,0.03662109375,-0.4638671875,-0.06103515625,-0.74462890625,0.0244140625,-0.1708984375,-0.09765625,-0.74462890625,0.10986328125,-0.390625,0.57373046875,0.98876953125,-0.09765625,1.1474609375,0.0244140625,0.47607421875,0.01220703125,-0.10986328125,0.06103515625,0.74462890625,-0.3662109375,0.8544921875,0.1220703125,0.79345703125,0,0.9033203125,-0.0732421875,0.62255859375,0.0244140625,0.341796875,0.048828125,1.0498046875,-0.01220703125,0.2197265625,-0.0244140625,0.2197265625,-0.244140625,0.28076171875,0.18310546875,0.86669921875,0.048828125,0.0244140625,-0.0732421875,1.3427734375,-0.40283203125,-1.025390625,0.10986328125,-0.40283203125,0.03662109375,-0.98876953125,-0.23193359375,-0.81787109375,-0.10986328125,-1.15966796875,-0.03662109375,-0.28076171875,-0.13427734375,-0.29296875,0.146484375,-1.220703125,-0.03662109375,-2.1484375,-0.37841796875,-2.0751953125,-0.25634765625,-1.8310546875,-0.244140625,-2.18505859375,-0.0244140625,-0.62255859375,0.0244140625,-1.4892578125,-0.08544921875,-1.03759765625,-0.10986328125,0.40283203125,0.03662109375,0.40283203125,-0.06103515625,0.0244140625,-0.08544921875,0,0.0244140625,0.1708984375,-0.1708984375,-0.01220703125,-0.0732421875,0.8056640625,-0.1220703125,-0.4638671875,-0.10986328125,-0.537109375
1,-0.146484375,-0.341796875,0.0244140625,-0.35400390625,0.06103515625,-0.3662109375,-0.15869140625,-0.048828125,-0.28076171875,0,0.03662109375,-0.8544921875,0.29296875,1.0986328125,-0.42724609375,-0.1708984375,0.25634765625,-0.67138671875,0.06103515625,-0.244140625,0.244140625,0.830078125,-0.048828125,-0.78125,0.15869140625,-0.146484375,-0.18310546875,-0.79345703125,-0.244140625,0.86669921875,-0.244140625,0.23193359375,0.3662109375,-0.37841796875,-0.48828125,-0.91552734375,0.0732421875,-0.48828125,-0.1220703125,-0.732421875,-0.09765625,-0.1953125,-0.10986328125,-0.69580078125,0.08544921875,-0.42724609375,0.57373046875,0.91552734375,-0.13427734375,1.123046875,0.0732421875,0.48828125,0.01220703125,-0.08544921875,0.03662109375,0.7568359375,-0.23193359375,0.81787109375,0.1220703125,0.81787109375,0,0.91552734375,-0.08544921875,0.67138671875,0.06103515625,0.3173828125,0.1220703125,1.0498046875,0,0.244140625,0.048828125,0.2197265625,-0.18310546875,0.2685546875,0.20751953125,0.87890625,-0.01220703125,0.0244140625,-0.09765625,1.3427734375,-0.4150390625,-1.025390625,0.08544921875,-0.37841796875,0.01220703125,-1.0009765625,-0.08544921875,-0.8056640625,-0.146484375,-1.25732421875,-0.09765625,-0.28076171875,-0.146484375,-0.29296875,0.13427734375,-1.23291015625,-0.06103515625,-2.3193359375,-0.42724609375,-2.23388671875,-0.1708984375,-1.94091796875,-0.2685546875,-2.55126953125,0.08544921875,-0.68359375,0.08544921875,-1.46484375,-0.06103515625,-1.03759765625,-0.1220703125,0.390625,0.0244140625,0.37841796875,-0.0244140625,0.0244140625,-0.0732421875,-0.0244140625,0.0244140625,0.1708984375,-0.15869140625,-0.0244140625,-0.0732421875,0.8056640625,-0.10986328125,-0.47607421875,-0.0732421875,-0.52490234375
1,-0.1708984375,-0.35400390625,0.03662109375,-0.32958984375,0.08544921875,-0.390625,-0.146484375,-0.03662109375,-0.28076171875,0.0244140625,0.01220703125,-0.86669921875,0.2685546875,1.0986328125,-0.40283203125,-0.146484375,0.25634765625,-0.68359375,0.1220703125,-0.20751953125,0.244140625,0.830078125,0,-0.78125,0.13427734375,-0.15869140625,-0.13427734375,-0.79345703125,-0.1708984375,0.89111328125,-0.25634765625,0.2197265625,0.32958984375,-0.37841796875,-0.45166015625,-0.91552734375,0.03662109375,-0.50048828125,-0.10986328125,-0.732421875,-0.20751953125,-0.20751953125,-0.03662109375,-0.64697265625,0.0244140625,-0.439453125,0.47607421875,0.87890625,-0.15869140625,1.11083984375,0.09765625,0.47607421875,0.0244140625,-0.0732421875,-0.03662109375,0.7568359375,-0.23193359375,0.91552734375,0.1220703125,0.9521484375,0.048828125,1.01318359375,-0.06103515625,0.830078125,0.03662109375,0.3173828125,0.1708984375,1.025390625,-0.0244140625,0.2685546875,0.10986328125,0.20751953125,-0.13427734375,0.25634765625,0.1953125,0.87890625,-0.048828125,0.01220703125,-0.09765625,1.3427734375,-0.32958984375,-1.025390625,0.0732421875,-0.40283203125,0.01220703125,-1.01318359375,0.06103515625,-0.830078125,-0.1220703125,-1.33056640625,-0.13427734375,-0.28076171875,-0.06103515625,-0.32958984375,0.10986328125,-1.23291015625,-0.03662109375,-2.28271484375,-0.45166015625,-2.197265625,-0.10986328125,-1.94091796875,-0.29296875,-2.587890625,0.146484375,-0.7568359375,0.1220703125,-1.42822265625,-0.01220703125,-1.0498046875,-0.18310546875,0.37841796875,0.01220703125,0.35400390625,0,0,-0.08544921875,-0.0244140625,0.01220703125,0.18310546875,-0.146484375,-0.0244140625,-0.03662109375,0.830078125,-0.09765625,-0.47607421875,-0.08544921875,-0.537109375
1,-0.146484375,-0.341796875,0.0244140625,-0.341796875,0.08544921875,-0.40283203125,-0.15869140625,-0.03662109375,-0.28076171875,0.01220703125,0,-0.87890625,0.23193359375,1.11083984375,-0.3662109375,-0.15869140625,0.2197265625,-0.69580078125,0.1708984375,-0.1953125,0.20751953125,0.84228515625,0.03662109375,-0.78125,0.08544921875,-0.1953125,-0.06103515625,-0.8056640625,-0.13427734375,0.87890625,-0.1708984375,0.20751953125,0.20751953125,-0.341796875,-0.3662109375,-0.91552734375,0.03662109375,-0.47607421875,-0.08544921875,-0.74462890625,-0.29296875,-0.2197265625,0,-0.634765625,-0.0732421875,-0.42724609375,0.439453125,0.81787109375,-0.15869140625,1.123046875,0.13427734375,0.4638671875,0.01220703125,-0.09765625,-0.08544921875,0.7568359375,-0.146484375,1.123046875,0.09765625,1.15966796875,0.09765625,1.18408203125,0,1.0986328125,0.0244140625,0.29296875,0.23193359375,1.0498046875,-0.06103515625,0.25634765625,0.15869140625,0.2197265625,-0.06103515625,0.23193359375,0.18310546875,0.87890625,-0.09765625,0,-0.10986328125,1.33056640625,-0.23193359375,-1.025390625,0.048828125,-0.37841796875,0.0244140625,-0.98876953125,0.20751953125,-0.81787109375,-0.048828125,-1.42822265625,-0.13427734375,-0.29296875,0.1220703125,-0.32958984375,0.08544921875,-1.23291015625,-0.01220703125,-2.099609375,-0.45166015625,-2.01416015625,-0.048828125,-1.79443359375,-0.28076171875,-2.3193359375,0.1708984375,-0.830078125,0.15869140625,-1.45263671875,0.01220703125,-1.03759765625,-0.1953125,0.390625,0.01220703125,0.35400390625,-0.01220703125,0,-0.0732421875,-0.048828125,-0.03662109375,0.18310546875,-0.15869140625,-0.03662109375,-0.01220703125,0.81787109375,-0.0732421875,-0.48828125,-0.1220703125,-0.52490234375
1,-0.13427734375,-0.32958984375,0.06103515625,-0.3662109375,0.09765625,-0.390625,-0.1708984375,-0.06103515625,-0.2685546875,0,-0.01220703125,-0.9033203125,0.18310546875,1.123046875,-0.3173828125,-0.18310546875,0.15869140625,-0.69580078125,0.15869140625,-0.1953125,0.15869140625,0.84228515625,0.08544921875,-0.78125,0.10986328125,-0.23193359375,0.01220703125,-0.8056640625,-0.09765625,0.89111328125,-0.08544921875,0.18310546875,0.01220703125,-0.32958984375,-0.3173828125,-0.89111328125,0.01220703125,-0.47607421875,-0.0244140625,-0.7568359375,-0.32958984375,-0.23193359375,0.13427734375,-0.62255859375,-0.23193359375,-0.40283203125,0.48828125,0.81787109375,-0.0732421875,1.123046875,0.10986328125,0.45166015625,-0.01220703125,-0.13427734375,-0.18310546875,0.732421875,-0.0244140625,1.42822265625,0.08544921875,1.35498046875,0.2197265625,1.40380859375,0.0244140625,1.416015625,0.03662109375,0.28076171875,0.30517578125,1.03759765625,-0.048828125,0.25634765625,0.1953125,0.1953125,0,0.23193359375,0.15869140625,0.89111328125,-0.10986328125,0,-0.1220703125,1.3427734375,-0.13427734375,-1.01318359375,0.048828125,-0.37841796875,0.0732421875,-1.0009765625,0.29296875,-0.81787109375,0.01220703125,-1.4892578125,-0.0732421875,-0.30517578125,0.29296875,-0.35400390625,-0.0244140625,-1.23291015625,0,-1.806640625,-0.390625,-1.708984375,0.0244140625,-1.5625,-0.25634765625,-1.806640625,0.1708984375,-0.8544921875,0.146484375,-1.4404296875,0.0244140625,-1.06201171875,-0.1708984375,0.40283203125,0,0.35400390625,0,0.01220703125,-0.0732421875,-0.06103515625,-0.03662109375,0.18310546875,-0.1708984375,-0.03662109375,-0.0244140625,0.81787109375,-0.0732421875,-0.47607421875,-0.10986328125,-0.5126953125
1,-0.10986328125,-0.3173828125,0.048828125,-0.35400390625,0.09765625,-0.40283203125,-0.18310546875,-0.048828125,-0.25634765625,0,0.01220703125,-0.91552734375,0.146484375,1.0986328125,-0.2197265625,-0.18310546875,0.09765625,-0.69580078125,0.10986328125,-0.1953125,0.15869140625,0.84228515625,0.0732421875,-0.7568359375,0.09765625,-0.23193359375,0.08544921875,-0.81787109375,-0.08544921875,0.87890625,0.03662109375,0.18310546875,-0.1220703125,-0.2685546875,-0.15869140625,-0.89111328125,-0.0244140625,-0.42724609375,0.0244140625,-0.7568359375,-0.3173828125,-0.20751953125,0.25634765625,-0.62255859375,-0.341796875,-0.3662109375,0.439453125,0.78125,0,1.1474609375,0.06103515625,0.439453125,-0.03662109375,-0.1708984375,-0.25634765625,0.72021484375,-0.06103515625,1.708984375,0.08544921875,1.55029296875,0.2685546875,1.5869140625,0.0244140625,1.69677734375,0.08544921875,0.244140625,0.29296875,1.03759765625,-0.03662109375,0.23193359375,0.1953125,0.1708984375,0.048828125,0.2197265625,0.10986328125,0.86669921875,-0.1220703125,0,-0.13427734375,1.30615234375,-0.0244140625,-0.98876953125,0.03662109375,-0.3662109375,0.10986328125,-1.0009765625,0.3173828125,-0.81787109375,0.048828125,-1.55029296875,0.01220703125,-0.32958984375,0.42724609375,-0.35400390625,-0.048828125,-1.220703125,-0.0244140625,-1.47705078125,-0.29296875,-1.35498046875,0.048828125,-1.2939453125,-0.1708984375,-1.15966796875,0.13427734375,-0.84228515625,0.1220703125,-1.46484375,0.01220703125,-1.07421875,-0.13427734375,0.40283203125,0,0.341796875,0.01220703125,0.01220703125,-0.06103515625,-0.0732421875,0.01220703125,0.15869140625,-0.1708984375,-0.048828125,-0.03662109375,0.81787109375,-0.06103515625,-0.48828125,-0.10986328125,-0.50048828125
1,-0.1220703125,-0.30517578125,0.0732421875,-0.3662109375,0.1220703125,-0.4150390625,-0.18310546875,-0.0732421875,-0.244140625,-0.0244140625,-0.01220703125,-0.927734375,0.08544921875,1.11083984375,-0.1708984375,-0.2197265625,0.06103515625,-0.69580078125,0.048828125,-0.1953125,0.146484375,0.84228515625,0.01220703125,-0.732421875,0.1220703125,-0.23193359375,0.10986328125,-0.8056640625,-0.13427734375,0.89111328125,0.18310546875,0.1708984375,-0.18310546875,-0.244140625,-0.03662109375,-0.87890625,-0.01220703125,-0.4150390625,0.08544921875,-0.76904296875,-0.29296875,-0.1953125,0.29296875,-0.64697265625,-0.439453125,-0.32958984375,0.4638671875,0.8056640625,0.0732421875,1.15966796875,0.048828125,0.439453125,-0.1220703125,-0.1708984375,-0.28076171875,0.69580078125,0,1.91650390625,0.0732421875,1.64794921875,0.3173828125,1.6845703125,-0.01220703125,1.8798828125,0.1220703125,0.2685546875,0.29296875,1.03759765625,-0.01220703125,0.23193359375,0.18310546875,0.1708984375,0.08544921875,0.23193359375,0.0732421875,0.86669921875,-0.1220703125,0.01220703125,-0.10986328125,1.318359375,0.06103515625,-0.98876953125,0.06103515625,-0.37841796875,0.2197265625,-0.98876953125,0.25634765625,-0.8056640625,0.03662109375,-1.5625,0.1220703125,-0.29296875,0.54931640625,-0.3662109375,-0.01220703125,-1.220703125,-0.10986328125,-1.18408203125,-0.15869140625,-1.025390625,0.03662109375,-1.0498046875,-0.048828125,-0.537109375,0.03662109375,-0.8056640625,0.09765625,-1.45263671875,-0.0244140625,-1.0498046875,-0.0732421875,0.4150390625,0,0.3662109375,0.01220703125,0.01220703125,-0.0732421875,-0.0732421875,0.01220703125,0.15869140625,-0.15869140625,-0.03662109375,-0.06103515625,0.81787109375,-0.06103515625,-0.48828125,-0.10986328125,-0.48828125
1,-0.13427734375,-0.3173828125,0.13427734375,-0.37841796875,0.1220703125,-0.390625,-0.1953125,-0.0732421875,-0.20751953125,-0.048828125,0.01220703125,-0.91552734375,0.03662109375,1.0986328125,-0.15869140625,-0.244140625,0.0244140625,-0.67138671875,0.01220703125,-0.2197265625,0.146484375,0.84228515625,-0.1220703125,-0.732421875,0.13427734375,-0.23193359375,0.10986328125,-0.79345703125,-0.13427734375,0.89111328125,0.30517578125,0.15869140625,-0.10986328125,-0.20751953125,0.06103515625,-0.86669921875,-0.01220703125,-0.390625,0.1220703125,-0.76904296875,-0.2197265625,-0.1953125,0.341796875,-0.67138671875,-0.4150390625,-0.28076171875,0.4150390625,0.81787109375,0.09765625,1.18408203125,0.0244140625,0.45166015625,-0.20751953125,-0.20751953125,-0.3173828125,0.6591796875,-0.0732421875,2.01416015625,0.08544921875,1.66015625,0.32958984375,1.708984375,-0.01220703125,1.91650390625,0.146484375,0.28076171875,0.29296875,1.0498046875,0,0.23193359375,0.1708984375,0.1708984375,0.0732421875,0.2685546875,0.0244140625,0.84228515625,-0.08544921875,0,-0.10986328125,1.318359375,0.10986328125,-1.01318359375,0.08544921875,-0.35400390625,0.28076171875,-0.9765625,0.1220703125,-0.830078125,0.0244140625,-1.5625,0.1708984375,-0.29296875,0.5126953125,-0.35400390625,0.048828125,-1.220703125,-0.18310546875,-0.93994140625,-0.03662109375,-0.76904296875,-0.0244140625,-0.86669921875,0.048828125,-0.06103515625,-0.048828125,-0.74462890625,0.06103515625,-1.45263671875,-0.0732421875,-1.0498046875,-0.0244140625,0.4150390625,0,0.35400390625,-0.01220703125,0.01220703125,-0.06103515625,-0.08544921875,0.01220703125,0.15869140625,-0.1708984375,-0.03662109375,-0.08544921875,0.78125,-0.048828125,-0.50048828125,-0.08544921875,-0.5126953125
1,-0.09765625,-0.30517578125,0.1708984375,-0.3662109375,0.13427734375,-0.390625,-0.1953125,-0.0732421875,-0.1953125,-0.06103515625,0.01220703125,-0.9033203125,-0.01220703125,1.0986328125,-0.15869140625,-0.25634765625,0.01220703125,-0.68359375,-0.0244140625,-0.20751953125,0.13427734375,0.84228515625,-0.2685546875,-0.72021484375,0.146484375,-0.20751953125,0.09765625,-0.79345703125,-0.13427734375,0.89111328125,0.4150390625,0.1708984375,0.01220703125,-0.20751953125,0.09765625,-0.87890625,0,-0.40283203125,0.10986328125,-0.7568359375,-0.09765625,-0.1953125,0.30517578125,-0.68359375,-0.37841796875,-0.2685546875,0.40283203125,0.81787109375,0.15869140625,1.18408203125,0.0244140625,0.4638671875,-0.32958984375,-0.20751953125,-0.2685546875,0.67138671875,0.01220703125,2.01416015625,0.1708984375,1.5625,0.390625,1.59912109375,0.09765625,1.81884765625,0.1953125,0.29296875,0.23193359375,1.03759765625,0.03662109375,0.20751953125,0.10986328125,0.1953125,0.03662109375,0.25634765625,-0.01220703125,0.81787109375,-0.06103515625,0.03662109375,-0.10986328125,1.33056640625,0.10986328125,-1.0009765625,0.08544921875,-0.390625,0.29296875,-0.96435546875,-0.0244140625,-0.8056640625,0.01220703125,-1.55029296875,0.244140625,-0.25634765625,0.439453125,-0.32958984375,0.146484375,-1.1962890625,-0.1953125,-0.84228515625,0.048828125,-0.67138671875,-0.06103515625,-0.76904296875,0.1220703125,0.20751953125,-0.08544921875,-0.634765625,0.0244140625,-1.45263671875,-0.13427734375,-1.06201171875,0,0.4150390625,-0.0244140625,0.37841796875,0.01220703125,0.0244140625,-0.06103515625,-0.09765625,0.0244140625,0.146484375,-0.1708984375,-0.03662109375,-0.08544921875,0.79345703125,-0.0244140625,-0.5126953125,-0.048828125,-0.50048828125
1,-0.08544921875,-0.30517578125,0.1708984375,-0.35400390625,0.15869140625,-0.37841796875,-0.2197265625,-0.0732421875,-0.1708984375,-0.048828125,0,-0.91552734375,-0.06103515625,1.0986328125,-0.18310546875,-0.244140625,-0.0244140625,-0.68359375,-0.0732421875,-0.2197265625,0.10986328125,0.830078125,-0.390625,-0.7080078125,0.1708984375,-0.1953125,0.06103515625,-0.81787109375,-0.13427734375,0.89111328125,0.439453125,0.1953125,0.15869140625,-0.244140625,0.0732421875,-0.86669921875,0.048828125,-0.4150390625,0.08544921875,-0.7568359375,0.03662109375,-0.18310546875,0.25634765625,-0.69580078125,-0.29296875,-0.28076171875,0.30517578125,0.830078125,0.18310546875,1.18408203125,0.048828125,0.47607421875,-0.47607421875,-0.2197265625,-0.23193359375,0.6591796875,-0.0244140625,1.8798828125,0.2197265625,1.37939453125,0.4150390625,1.4404296875,0.13427734375,1.611328125,0.23193359375,0.3173828125,0.146484375,1.025390625,0.048828125,0.1953125,0.048828125,0.1953125,0.01220703125,0.25634765625,-0.03662109375,0.87890625,0,0.01220703125,-0.146484375,1.33056640625,0.0732421875,-1.01318359375,0.048828125,-0.35400390625,0.244140625,-1.0009765625,-0.15869140625,-0.79345703125,0.03662109375,-1.52587890625,0.25634765625,-0.244140625,0.3662109375,-0.35400390625,0.2685546875,-1.18408203125,-0.146484375,-0.86669921875,0.08544921875,-0.69580078125,-0.09765625,-0.8056640625,0.1220703125,0.1953125,-0.1220703125,-0.537109375,-0.03662109375,-1.47705078125,-0.1708984375,-1.0498046875,0,0.4150390625,-0.0732421875,0.390625,0,0.0244140625,-0.0732421875,-0.10986328125,0.01220703125,0.13427734375,-0.18310546875,-0.03662109375,-0.10986328125,0.7568359375,0,-0.52490234375,-0.0244140625,-0.5126953125
1,-0.08544921875,-0.32958984375,0.1953125,-0.35400390625,0.1953125,-0.390625,-0.1953125,-0.03662109375,-0.146484375,-0.06103515625,-0.0244140625,-0.86669921875,-0.0732421875,1.0986328125,-0.1953125,-0.20751953125,-0.0732421875,-0.68359375,-0.0732421875,-0.23193359375,0.048828125,0.81787109375,-0.4638671875,-0.732421875,0.1708984375,-0.1953125,0.08544921875,-0.8056640625,-0.0732421875,0.89111328125,0.35400390625,0.2197265625,0.3662109375,-0.244140625,0.03662109375,-0.86669921875,0.08544921875,-0.4150390625,0.0244140625,-0.732421875,0.146484375,-0.15869140625,0.244140625,-0.7080078125,-0.15869140625,-0.30517578125,0.37841796875,0.8544921875,0.1953125,1.18408203125,0.048828125,0.50048828125,-0.6103515625,-0.20751953125,-0.2685546875,0.69580078125,-0.06103515625,1.7578125,0.2685546875,1.18408203125,0.45166015625,1.26953125,0.20751953125,1.37939453125,0.244140625,0.341796875,0.0732421875,1.03759765625,0.048828125,0.1953125,-0.03662109375,0.20751953125,0,0.28076171875,-0.06103515625,0.84228515625,0.0732421875,0.0244140625,-0.20751953125,1.3427734375,-0.01220703125,-1.01318359375,0,-0.3662109375,0.146484375,-1.0009765625,-0.23193359375,-0.78125,0.0244140625,-1.5380859375,0.23193359375,-0.25634765625,0.244140625,-0.30517578125,0.37841796875,-1.171875,-0.048828125,-1.025390625,0.06103515625,-0.84228515625,-0.146484375,-0.91552734375,0.08544921875,-0.048828125,-0.146484375,-0.40283203125,-0.1220703125,-1.46484375,-0.20751953125,-1.0498046875,0.01220703125,0.4150390625,-0.0732421875,0.390625,-0.01220703125,0.03662109375,-0.06103515625,-0.13427734375,-0.0244140625,0.146484375,-0.15869140625,-0.048828125,-0.1220703125,0.74462890625,0,-0.52490234375,0.0244140625,-0.5126953125
1,-0.0732421875,-0.341796875,0.1708984375,-0.341796875,0.20751953125,-0.390625,-0.20751953125,-0.048828125,-0.1220703125,-0.048828125,-0.03662109375,-0.89111328125,-0.10986328125,1.08642578125,-0.2197265625,-0.20751953125,-0.0732421875,-0.7080078125,-0.09765625,-0.244140625,-0.0244140625,0.84228515625,-0.45166015625,-0.74462890625,0.1708984375,-0.1953125,0.0732421875,-0.8056640625,-0.0732421875,0.89111328125,0.2685546875,0.20751953125,0.5126953125,-0.25634765625,0,-0.89111328125,0.0732421875,-0.45166015625,0.01220703125,-0.732421875,0.244140625,-0.18310546875,0.20751953125,-0.72021484375,0.01220703125,-0.32958984375,0.341796875,0.84228515625,0.18310546875,1.13525390625,0.08544921875,0.50048828125,-0.68359375,-0.1953125,-0.25634765625,0.69580078125,-0.09765625,1.7333984375,0.30517578125,1.08642578125,0.42724609375,1.13525390625,0.2685546875,1.1962890625,0.20751953125,0.32958984375,-0.01220703125,1.03759765625,0.03662109375,0.20751953125,-0.08544921875,0.2197265625,-0.03662109375,0.28076171875,-0.048828125,0.84228515625,0.1220703125,0.01220703125,-0.244140625,1.3671875,-0.08544921875,-1.01318359375,-0.08544921875,-0.37841796875,0,-1.01318359375,-0.23193359375,-0.79345703125,-0.0244140625,-1.55029296875,0.15869140625,-0.2685546875,0.1708984375,-0.28076171875,0.48828125,-1.15966796875,0.03662109375,-1.23291015625,0.06103515625,-1.08642578125,-0.15869140625,-1.08642578125,0.06103515625,-0.4638671875,-0.10986328125,-0.3173828125,-0.18310546875,-1.4892578125,-0.20751953125,-1.0498046875,0.03662109375,0.40283203125,-0.10986328125,0.35400390625,-0.01220703125,0.048828125,-0.06103515625,-0.10986328125,-0.03662109375,0.18310546875,-0.1708984375,-0.03662109375,-0.10986328125,0.74462890625,0,-0.52490234375,0.048828125,-0.537109375
1,-0.03662109375,-0.341796875,0.146484375,-0.341796875,0.20751953125,-0.37841796875,-0.1708984375,-0.048828125,-0.08544921875,-0.03662109375,-0.06103515625,-0.86669921875,-0.146484375,1.0986328125,-0.2197265625,-0.1953125,-0.10986328125,-0.69580078125,-0.06103515625,-0.244140625,-0.1220703125,0.8056640625,-0.37841796875,-0.7568359375,0.10986328125,-0.1953125,0.08544921875,-0.8056640625,-0.08544921875,0.87890625,0.09765625,0.20751953125,0.62255859375,-0.32958984375,-0.0732421875,-0.9033203125,0.048828125,-0.47607421875,-0.0244140625,-0.74462890625,0.29296875,-0.1953125,0.23193359375,-0.69580078125,0.1708984375,-0.390625,0.15869140625,0.830078125,0.15869140625,1.13525390625,0.09765625,0.50048828125,-0.7080078125,-0.18310546875,-0.32958984375,0.7080078125,-0.13427734375,1.9775390625,0.30517578125,1.13525390625,0.37841796875,1.1474609375,0.29296875,1.220703125,0.1953125,0.32958984375,-0.08544921875,1.0498046875,0.03662109375,0.23193359375,-0.1220703125,0.23193359375,-0.08544921875,0.28076171875,-0.048828125,0.86669921875,0.15869140625,0,-0.23193359375,1.35498046875,-0.1708984375,-1.0009765625,-0.1220703125,-0.37841796875,-0.13427734375,-1.025390625,-0.23193359375,-0.79345703125,-0.03662109375,-1.5625,0.06103515625,-0.2685546875,0.1708984375,-0.2685546875,0.47607421875,-1.15966796875,0.13427734375,-1.4892578125,0.06103515625,-1.3427734375,-0.1708984375,-1.26953125,0,-0.93994140625,-0.09765625,-0.18310546875,-0.2685546875,-1.47705078125,-0.15869140625,-1.03759765625,0.0244140625,0.390625,-0.1220703125,0.341796875,-0.03662109375,0.03662109375,-0.0732421875,-0.10986328125,-0.06103515625,0.1708984375,-0.1708984375,-0.0244140625,-0.09765625,0.732421875,0.01220703125,-0.5126953125,0.0732421875,-0.54931640625
1,-0.01220703125,-0.341796875,0.10986328125,-0.341796875,0.20751953125,-0.37841796875,-0.15869140625,-0.06103515625,-0.06103515625,0,-0.08544921875,-0.86669921875,-0.13427734375,1.11083984375,-0.244140625,-0.18310546875,-0.09765625,-0.732421875,-0.03662109375,-0.244140625,-0.15869140625,0.8056640625,-0.25634765625,-0.78125,0.03662109375,-0.2197265625,0.06103515625,-0.8056640625,-0.09765625,0.87890625,-0.048828125,0.1953125,0.6103515625,-0.37841796875,-0.0732421875,-0.9033203125,-0.01220703125,-0.5126953125,-0.0732421875,-0.74462890625,0.23193359375,-0.20751953125,0.2685546875,-0.64697265625,0.25634765625,-0.4638671875,0.1220703125,0.81787109375,0.10986328125,1.123046875,0.1220703125,0.50048828125,-0.67138671875,-0.18310546875,-0.3662109375,0.732421875,-0.0732421875,2.5146484375,0.32958984375,1.3916015625,0.3662109375,1.37939453125,0.3662109375,1.52587890625,0.1708984375,0.3173828125,-0.10986328125,1.0498046875,0,0.23193359375,-0.146484375,0.2197265625,-0.1708984375,0.25634765625,-0.06103515625,0.86669921875,0.146484375,0.01220703125,-0.18310546875,1.35498046875,-0.1953125,-0.9765625,-0.1953125,-0.40283203125,-0.25634765625,-1.025390625,-0.1953125,-0.8056640625,-0.0732421875,-1.5869140625,-0.0244140625,-0.28076171875,0.15869140625,-0.29296875,0.3662109375,-1.15966796875,0.146484375,-1.6845703125,0.09765625,-1.5380859375,-0.146484375,-1.42822265625,-0.06103515625,-1.37939453125,-0.0732421875,-0.09765625,-0.29296875,-1.4892578125,-0.146484375,-1.03759765625,-0.0244140625,0.37841796875,-0.10986328125,0.341796875,-0.0244140625,0.048828125,-0.0732421875,-0.1220703125,-0.08544921875,0.1953125,-0.20751953125,-0.03662109375,-0.09765625,0.72021484375,0.03662109375,-0.5126953125,0.06103515625,-0.5615234375
0,-0.01220703125,-0.341796875,0.08544921875,-0.35400390625,0.20751953125,-0.35400390625,-0.13427734375,-0.048828125,-0.0244140625,0,-0.10986328125,-0.86669921875,-0.1220703125,1.11083984375,-0.3173828125,-0.1953125,-0.048828125,-0.69580078125,0.06103515625,-0.2685546875,-0.146484375,0.81787109375,-0.146484375,-0.79345703125,-0.08544921875,-0.23193359375,0.01220703125,-0.79345703125,-0.15869140625,0.87890625,-0.146484375,0.20751953125,0.45166015625,-0.40283203125,-0.06103515625,-0.927734375,-0.0732421875,-0.50048828125,-0.08544921875,-0.7568359375,0.10986328125,-0.2197265625,0.3173828125,-0.62255859375,0.244140625,-0.48828125,0.09765625,0.79345703125,0.06103515625,1.11083984375,0.15869140625,0.4638671875,-0.634765625,-0.1953125,-0.4150390625,0.72021484375,-0.1708984375,3.4423828125,0.3173828125,1.85546875,0.3173828125,1.806640625,0.3662109375,2.1240234375,0.146484375,0.30517578125,-0.1953125,1.06201171875,-0.0244140625,0.23193359375,-0.146484375,0.2197265625,-0.25634765625,0.25634765625,-0.0244140625,0.86669921875,0.146484375,-0.0244140625,-0.1220703125,1.3427734375,-0.1953125,-0.96435546875,-0.2685546875,-0.390625,-0.30517578125,-1.025390625,-0.10986328125,-0.8056640625,-0.10986328125,-1.5869140625,-0.10986328125,-0.28076171875,0.2197265625,-0.30517578125,0.1953125,-1.1474609375,0.09765625,-1.81884765625,0.146484375,-1.708984375,-0.09765625,-1.5380859375,-0.1220703125,-1.6845703125,-0.08544921875,-0.01220703125,-0.28076171875,-1.4892578125,-0.13427734375,-1.03759765625,-0.08544921875,0.37841796875,-0.146484375,0.341796875,-0.01220703125,0.048828125,-0.0732421875,-0.10986328125,-0.08544921875,0.18310546875,-0.1953125,-0.048828125,-0.08544921875,0.74462890625,0.048828125,-0.50048828125,0.06103515625,-0.537109375
0,0,-0.32958984375,0.0732421875,-0.35400390625,0.2197265625,-0.37841796875,-0.146484375,-0.06103515625,-0.03662109375,0,-0.1220703125,-0.89111328125,-0.1220703125,1.123046875,-0.35400390625,-0.18310546875,-0.01220703125,-0.7080078125,0.08544921875,-0.25634765625,-0.06103515625,0.81787109375,-0.03662109375,-0.8056640625,-0.1953125,-0.25634765625,-0.03662109375,-0.8056640625,-0.2685546875,0.87890625,-0.23193359375,0.1953125,0.244140625,-0.390625,-0.13427734375,-0.91552734375,-0.1708984375,-0.5126953125,-0.10986328125,-0.76904296875,-0.0732421875,-0.23193359375,0.32958984375,-0.62255859375,0.28076171875,-0.48828125,0.0732421875,0.7568359375,-0.0244140625,1.123046875,0.1953125,0.42724609375,-0.5859375,-0.18310546875,-0.47607421875,0.72021484375,-0.0732421875,4.69970703125,0.341796875,2.55126953125,0.3662109375,2.42919921875,0.4150390625,3.0029296875,0.10986328125,0.29296875,-0.25634765625,1.0498046875,-0.06103515625,0.244140625,-0.1220703125,0.2197265625,-0.341796875,0.25634765625,0.01220703125,0.86669921875,0.15869140625,-0.01220703125,-0.0244140625,1.318359375,-0.1953125,-0.96435546875,-0.30517578125,-0.390625,-0.30517578125,-1.03759765625,-0.0732421875,-0.81787109375,-0.1220703125,-1.5869140625,-0.15869140625,-0.29296875,0.2685546875,-0.30517578125,0.0244140625,-1.171875,0.01220703125,-1.85546875,0.1708984375,-1.7333984375,-0.08544921875,-1.5625,-0.244140625,-1.77001953125,-0.1220703125,0.06103515625,-0.23193359375,-1.4892578125,-0.13427734375,-1.03759765625,-0.146484375,0.3662109375,-0.13427734375,0.341796875,0,0.03662109375,-0.08544921875,-0.1220703125,-0.10986328125,0.1953125,-0.1708984375,-0.08544921875,-0.08544921875,0.7568359375,0.06103515625,-0.5126953125,0.09765625,-0.54931640625
0,-0.01220703125,-0.32958984375,0.06103515625,-0.341796875,0.23193359375,-0.40283203125,-0.146484375,-0.06103515625,-0.03662109375,-0.01220703125,-0.13427734375,-0.87890625,-0.1220703125,1.1474609375,-0.3662109375,-0.1953125,0.0244140625,-0.7080078125,0.10986328125,-0.23193359375,0.048828125,0.830078125,0.0244140625,-0.8056640625,-0.244140625,-0.25634765625,-0.06103515625,-0.79345703125,-0.341796875,0.89111328125,-0.2197265625,0.1708984375,0.0244140625,-0.3662109375,-0.10986328125,-0.927734375,-0.2685546875,-0.48828125,-0.06103515625,-0.7568359375,-0.23193359375,-0.23193359375,0.3662109375,-0.5859375,0.15869140625,-0.439453125,0.18310546875,0.732421875,-0.09765625,1.13525390625,0.244140625,0.42724609375,-0.48828125,-0.15869140625,-0.47607421875,0.72021484375,-0.1220703125,6.2744140625,0.35400390625,3.35693359375,0.3662109375,3.1982421875,0.37841796875,4.1015625,0.0732421875,0.2685546875,-0.29296875,1.06201171875,-0.09765625,0.244140625,-0.08544921875,0.2197265625,-0.42724609375,0.25634765625,0.0244140625,0.830078125,0.13427734375,-0.0244140625,0.048828125,1.318359375,-0.146484375,-0.9521484375,-0.3173828125,-0.3662109375,-0.244140625,-1.025390625,-0.0732421875,-0.81787109375,-0.18310546875,-1.5869140625,-0.15869140625,-0.3173828125,0.29296875,-0.32958984375,-0.048828125,-1.171875,-0.10986328125,-1.7822265625,0.18310546875,-1.66015625,-0.03662109375,-1.513671875,-0.29296875,-1.66015625,-0.146484375,0.09765625,-0.15869140625,-1.45263671875,-0.146484375,-1.0498046875,-0.18310546875,0.35400390625,-0.13427734375,0.32958984375,0,0.03662109375,-0.0732421875,-0.13427734375,-0.10986328125,0.18310546875,-0.1708984375,-0.08544921875,-0.08544921875,0.76904296875,0.06103515625,-0.5126953125,0.09765625,-0.5615234375
0,-0.01220703125,-0.3173828125,0.03662109375,-0.35400390625,0.244140625,-0.42724609375,-0.146484375,-0.0732421875,-0.048828125,-0.0244140625,-0.13427734375,-0.87890625,-0.15869140625,1.13525390625,-0.32958984375,-0.1953125,0.0732421875,-0.69580078125,0.09765625,-0.23193359375,0.18310546875,0.84228515625,0,-0.79345703125,-0.244140625,-0.25634765625,-0.08544921875,-0.79345703125,-0.4150390625,0.89111328125,-0.146484375,0.1953125,-0.15869140625,-0.29296875,-0.10986328125,-0.927734375,-0.28076171875,-0.47607421875,-0.03662109375,-0.7568359375,-0.3662109375,-0.2197265625,0.35400390625,-0.59814453125,0.03662109375,-0.40283203125,0.09765625,0.72021484375,-0.08544921875,1.13525390625,0.23193359375,0.390625,-0.4638671875,-0.146484375,-0.45166015625,0.732421875,-0.048828125,7.99560546875,0.32958984375,4.23583984375,0.341796875,4.08935546875,0.3173828125,5.2978515625,0.048828125,0.25634765625,-0.32958984375,1.06201171875,-0.1220703125,0.25634765625,-0.0732421875,0.20751953125,-0.4638671875,0.25634765625,0.06103515625,0.8544921875,0.146484375,-0.01220703125,0.1220703125,1.2939453125,-0.1220703125,-0.98876953125,-0.3173828125,-0.40283203125,-0.1220703125,-1.01318359375,-0.09765625,-0.84228515625,-0.244140625,-1.57470703125,-0.13427734375,-0.3173828125,0.28076171875,-0.35400390625,-0.1220703125,-1.18408203125,-0.15869140625,-1.6357421875,0.1708984375,-1.513671875,-0.01220703125,-1.37939453125,-0.341796875,-1.40380859375,-0.1220703125,0.10986328125,-0.08544921875,-1.46484375,-0.13427734375,-1.07421875,-0.15869140625,0.3662109375,-0.1220703125,0.3662109375,-0.0244140625,0.03662109375,-0.048828125,-0.1220703125,-0.08544921875,0.1953125,-0.13427734375,-0.08544921875,-0.09765625,0.76904296875,0.0244140625,-0.50048828125,0.1220703125,-0.54931640625
0,-0.03662109375,-0.30517578125,0.0244140625,-0.341796875,0.2685546875,-0.40283203125,-0.146484375,-0.048828125,-0.048828125,-0.048828125,-0.146484375,-0.86669921875,-0.10986328125,1.13525390625,-0.2685546875,-0.18310546875,0.1220703125,-0.68359375,0.0732421875,-0.1953125,0.244140625,0.84228515625,-0.048828125,-0.74462890625,-0.25634765625,-0.23193359375,-0.08544921875,-0.76904296875,-0.439453125,0.9033203125,-0.0244140625,0.20751953125,-0.23193359375,-0.2685546875,-0.08544921875,-0.927734375,-0.28076171875,-0.47607421875,0,-0.76904296875,-0.42724609375,-0.244140625,0.25634765625,-0.6103515625,-0.06103515625,-0.35400390625,0.10986328125,0.7080078125,-0.10986328125,1.11083984375,0.20751953125,0.40283203125,-0.3173828125,-0.146484375,-0.439453125,0.732421875,0.08544921875,9.716796875,0.3662109375,5.06591796875,0.3662109375,4.931640625,0.32958984375,6.494140625,0.048828125,0.25634765625,-0.35400390625,1.03759765625,-0.1220703125,0.2197265625,-0.06103515625,0.1953125,-0.47607421875,0.25634765625,0.06103515625,0.81787109375,0.146484375,-0.01220703125,0.1953125,1.28173828125,-0.08544921875,-1.0009765625,-0.2685546875,-0.390625,0.03662109375,-0.98876953125,-0.146484375,-0.84228515625,-0.3173828125,-1.5380859375,-0.09765625,-0.32958984375,0.25634765625,-0.35400390625,-0.0732421875,-1.18408203125,-0.146484375,-1.4404296875,0.09765625,-1.318359375,0.0244140625,-1.26953125,-0.30517578125,-1.07421875,-0.08544921875,0.1220703125,-0.0244140625,-1.46484375,-0.1953125,-1.0498046875,-0.10986328125,0.37841796875,-0.09765625,0.37841796875,-0.0732421875,0.0244140625,-0.0732421875,-0.09765625,-0.03662109375,0.1953125,-0.13427734375,-0.09765625,-0.08544921875,0.76904296875,0.01220703125,-0.537109375,0.09765625,-0.54931640625
0,-0.03662109375,-0.29296875,-0.01220703125,-0.35400390625,0.29296875,-0.40283203125,-0.15869140625,-0.06103515625,-0.048828125,-0.048828125,-0.1220703125,-0.87890625,-0.09765625,1.13525390625,-0.25634765625,-0.2197265625,0.15869140625,-0.67138671875,0.03662109375,-0.20751953125,0.2685546875,0.84228515625,-0.0732421875,-0.74462890625,-0.23193359375,-0.23193359375,-0.0732421875,-0.79345703125,-0.4150390625,0.89111328125,0.1220703125,0.1953125,-0.15869140625,-0.23193359375,-0.0732421875,-0.91552734375,-0.2197265625,-0.439453125,0,-0.78125,-0.4150390625,-0.2197265625,0.15869140625,-0.64697265625,-0.13427734375,-0.30517578125,0.09765625,0.7080078125,-0.09765625,1.123046875,0.146484375,0.4150390625,-0.1953125,-0.13427734375,-0.439453125,0.74462890625,0.06103515625,11.26708984375,0.4150390625,5.79833984375,0.3173828125,5.6640625,0.2685546875,7.5439453125,0.01220703125,0.25634765625,-0.35400390625,1.0498046875,-0.10986328125,0.18310546875,-0.06103515625,0.1953125,-0.47607421875,0.2685546875,0.0732421875,0.8056640625,0.15869140625,0,0.23193359375,1.2939453125,-0.06103515625,-1.0009765625,-0.20751953125,-0.390625,0.146484375,-0.9765625,-0.146484375,-0.8544921875,-0.3662109375,-1.513671875,-0.06103515625,-0.32958984375,0.10986328125,-0.37841796875,0.0244140625,-1.220703125,-0.1220703125,-1.26953125,0.048828125,-1.123046875,0.0244140625,-1.123046875,-0.1953125,-0.69580078125,-0.048828125,0.08544921875,-0.0244140625,-1.46484375,-0.23193359375,-1.0498046875,-0.048828125,0.40283203125,-0.0732421875,0.390625,-0.0732421875,0.01220703125,-0.08544921875,-0.09765625,-0.048828125,0.1953125,-0.13427734375,-0.09765625,-0.08544921875,0.78125,0.01220703125,-0.52490234375,0.06103515625,-0.537109375
0,-0.0244140625,-0.30517578125,-0.01220703125,-0.35400390625,0.30517578125,-0.40283203125,-0.15869140625,-0.0732421875,-0.048828125,-0.048828125,-0.1220703125,-0.89111328125,-0.08544921875,1.13525390625,-0.23193359375,-0.1953125,0.1708984375,-0.6591796875,0.03662109375,-0.1708984375,0.2685546875,0.830078125,-0.1220703125,-0.732421875,-0.1953125,-0.20751953125,-0.048828125,-0.8056640625,-0.341796875,0.87890625,0.1953125,0.1953125,-0.0244140625,-0.20751953125,-0.0732421875,-0.9033203125,-0.1708984375,-0.4638671875,0.0244140625,-0.76904296875,-0.35400390625,-0.23193359375,0.08544921875,-0.67138671875,-0.15869140625,-0.28076171875,-0.048828125,0.732421875,-0.09765625,1.123046875,0.09765625,0.45166015625,-0.0732421875,-0.146484375,-0.42724609375,0.732421875,-0.06103515625,12.548828125,0.3662109375,6.33544921875,0.2197265625,6.26220703125,0.2197265625,8.349609375,-0.048828125,0.2685546875,-0.341796875,1.0498046875,-0.08544921875,0.15869140625,-0.08544921875,0.20751953125,-0.4638671875,0.25634765625,0.09765625,0.81787109375,0.15869140625,0.01220703125,0.244140625,1.2939453125,0,-1.01318359375,-0.13427734375,-0.40283203125,0.1953125,-0.98876953125,-0.08544921875,-0.81787109375,-0.390625,-1.4892578125,-0.01220703125,-0.341796875,0.048828125,-0.35400390625,0.15869140625,-1.220703125,-0.08544921875,-1.11083984375,0.01220703125,-1.0009765625,0.048828125,-1.01318359375,-0.10986328125,-0.439453125,-0.01220703125,0.0244140625,-0.06103515625,-1.47705078125,-0.25634765625,-1.06201171875,0,0.4150390625,-0.048828125,0.37841796875,-0.13427734375,-0.0244140625,-0.0732421875,-0.09765625,-0.03662109375,0.18310546875,-0.146484375,-0.08544921875,-0.08544921875,0.78125,0.0244140625,-0.52490234375,0.0244140625,-0.52490234375
0,0,-0.3173828125,0,-0.341796875,0.32958984375,-0.37841796875,-0.15869140625,-0.08544921875,-0.03662109375,-0.06103515625,-0.1220703125,-0.87890625,-0.08544921875,1.15966796875,-0.25634765625,-0.20751953125,0.146484375,-0.634765625,0.01220703125,-0.18310546875,0.1953125,0.81787109375,-0.1220703125,-0.732421875,-0.15869140625,-0.2197265625,-0.0244140625,-0.8056640625,-0.20751953125,0.89111328125,0.25634765625,0.20751953125,0.15869140625,-0.2197265625,-0.10986328125,-0.89111328125,-0.08544921875,-0.4638671875,0.048828125,-0.7568359375,-0.25634765625,-0.2197265625,0.03662109375,-0.7080078125,-0.2197265625,-0.29296875,0.048828125,0.7568359375,-0.0732421875,1.0986328125,0,0.47607421875,0.03662109375,-0.13427734375,-0.42724609375,0.72021484375,-0.06103515625,13.4521484375,0.37841796875,6.62841796875,0.1708984375,6.6162109375,0.244140625,8.8623046875,-0.09765625,0.2685546875,-0.30517578125,1.03759765625,-0.06103515625,0.1220703125,-0.1220703125,0.20751953125,-0.439453125,0.25634765625,0.1220703125,0.79345703125,0.1708984375,0,0.23193359375,1.30615234375,0.09765625,-1.01318359375,-0.0732421875,-0.390625,0.1708984375,-0.9765625,0,-0.81787109375,-0.3662109375,-1.45263671875,-0.0244140625,-0.341796875,0.0244140625,-0.35400390625,0.3173828125,-1.23291015625,-0.08544921875,-1.08642578125,-0.048828125,-0.96435546875,0.048828125,-0.9765625,-0.0244140625,-0.30517578125,0.0244140625,-0.06103515625,-0.10986328125,-1.46484375,-0.29296875,-1.08642578125,0.048828125,0.4150390625,-0.03662109375,0.390625,-0.10986328125,0,-0.0732421875,-0.09765625,-0.048828125,0.1708984375,-0.146484375,-0.0732421875,-0.08544921875,0.78125,0.0244140625,-0.54931640625,0,-0.5126953125
0,0.01220703125,-0.32958984375,0,-0.341796875,0.341796875,-0.37841796875,-0.13427734375,-0.06103515625,-0.0244140625,-0.048828125,-0.146484375,-0.87890625,-0.10986328125,1.1474609375,-0.25634765625,-0.1953125,0.09765625,-0.634765625,-0.01220703125,-0.18310546875,0.0732421875,0.79345703125,-0.13427734375,-0.72021484375,-0.10986328125,-0.1953125,0.048828125,-0.76904296875,-0.13427734375,0.87890625,0.244140625,0.2197265625,0.29296875,-0.20751953125,-0.08544921875,-0.81787109375,0,-0.42724609375,0.08544921875,-0.74462890625,-0.18310546875,-0.2197265625,0.048828125,-0.69580078125,-0.244140625,-0.28076171875,0.01220703125,0.81787109375,0,1.11083984375,0,0.50048828125,0.08544921875,-0.13427734375,-0.3662109375,0.72021484375,-0.15869140625,13.96484375,0.2685546875,6.75048828125,0.09765625,6.77490234375,0.2197265625,9.0576171875,-0.15869140625,0.28076171875,-0.2685546875,1.01318359375,-0.0244140625,0.1220703125,-0.15869140625,0.20751953125,-0.40283203125,0.2685546875,0.146484375,0.830078125,0.20751953125,0.01220703125,0.2197265625,1.33056640625,0.20751953125,-1.03759765625,-0.048828125,-0.3662109375,0.10986328125,-0.9765625,0.10986328125,-0.81787109375,-0.3173828125,-1.4404296875,-0.0244140625,-0.32958984375,0.03662109375,-0.341796875,0.341796875,-1.220703125,-0.08544921875,-1.123046875,-0.0732421875,-1.0009765625,0.06103515625,-0.98876953125,0.03662109375,-0.341796875,0.09765625,-0.146484375,-0.18310546875,-1.4892578125,-0.28076171875,-1.0498046875,0.0732421875,0.42724609375,0,0.37841796875,-0.08544921875,-0.01220703125,-0.0732421875,-0.09765625,-0.08544921875,0.1708984375,-0.146484375,-0.06103515625,-0.0732421875,0.7568359375,0.048828125,-0.54931640625,-0.01220703125,-0.52490234375
0,0.048828125,-0.35400390625,-0.0244140625,-0.35400390625,0.341796875,-0.3662109375,-0.146484375,-0.03662109375,0.01220703125,-0.03662109375,-0.15869140625,-0.86669921875,-0.146484375,1.1474609375,-0.25634765625,-0.1953125,0,-0.64697265625,-0.01220703125,-0.1953125,-0.0732421875,0.79345703125,-0.1708984375,-0.732421875,-0.09765625,-0.1953125,0.15869140625,-0.79345703125,-0.01220703125,0.86669921875,0.15869140625,0.2197265625,0.3662109375,-0.23193359375,-0.0244140625,-0.78125,0.03662109375,-0.45166015625,0.1220703125,-0.7568359375,-0.13427734375,-0.2197265625,0.10986328125,-0.7568359375,-0.18310546875,-0.3173828125,-0.01220703125,0.87890625,0.0732421875,1.0986328125,-0.06103515625,0.5126953125,0.146484375,-0.1220703125,-0.29296875,0.732421875,-0.09765625,14.111328125,0.244140625,6.70166015625,0.09765625,6.7626953125,0.20751953125,8.97216796875,-0.15869140625,0.28076171875,-0.23193359375,1.03759765625,0.01220703125,0.1220703125,-0.18310546875,0.2197265625,-0.341796875,0.28076171875,0.18310546875,0.84228515625,0.1953125,0,0.18310546875,1.35498046875,0.25634765625,-1.01318359375,-0.06103515625,-0.37841796875,-0.0244140625,-0.98876953125,0.244140625,-0.79345703125,-0.244140625,-1.4404296875,-0.03662109375,-0.341796875,0.13427734375,-0.32958984375,0.32958984375,-1.23291015625,-0.0732421875,-1.1962890625,-0.10986328125,-1.11083984375,0.06103515625,-1.06201171875,0.10986328125,-0.52490234375,0.09765625,-0.23193359375,-0.2197265625,-1.47705078125,-0.25634765625,-1.0498046875,0.08544921875,0.42724609375,-0.03662109375,0.3662109375,-0.03662109375,0,-0.06103515625,-0.09765625,-0.1220703125,0.146484375,-0.146484375,-0.06103515625,-0.06103515625,0.74462890625,0.06103515625,-0.54931640625,-0.03662109375,-0.52490234375
0,0.06103515625,-0.3662109375,-0.048828125,-0.341796875,0.32958984375,-0.35400390625,-0.1220703125,-0.048828125,0.03662109375,-0.01220703125,-0.15869140625,-0.8544921875,-0.18310546875,1.15966796875,-0.25634765625,-0.1953125,-0.08544921875,-0.6591796875,-0.048828125,-0.1953125,-0.1953125,0.76904296875,-0.1953125,-0.74462890625,-0.0732421875,-0.2197265625,0.2197265625,-0.79345703125,0.0732421875,0.87890625,0.10986328125,0.23193359375,0.390625,-0.29296875,0.0732421875,-0.69580078125,0.0244140625,-0.4638671875,0.15869140625,-0.76904296875,-0.10986328125,-0.244140625,0.15869140625,-0.732421875,-0.15869140625,-0.390625,-0.0244140625,0.927734375,0.1708984375,1.11083984375,-0.08544921875,0.5126953125,0.15869140625,-0.13427734375,-0.244140625,0.74462890625,-0.20751953125,13.9404296875,0.18310546875,6.50634765625,0.08544921875,6.5673828125,0.146484375,8.70361328125,-0.146484375,0.2685546875,-0.18310546875,1.0498046875,0.0732421875,0.15869140625,-0.1953125,0.2197265625,-0.32958984375,0.28076171875,0.1953125,0.830078125,0.1953125,-0.0244140625,0.13427734375,1.35498046875,0.244140625,-1.01318359375,-0.0732421875,-0.3662109375,-0.18310546875,-0.98876953125,0.30517578125,-0.79345703125,-0.20751953125,-1.42822265625,-0.0732421875,-0.29296875,0.23193359375,-0.30517578125,0.30517578125,-1.220703125,-0.10986328125,-1.3427734375,-0.10986328125,-1.25732421875,0.048828125,-1.18408203125,0.146484375,-0.8056640625,0.08544921875,-0.30517578125,-0.244140625,-1.47705078125,-0.23193359375,-1.0498046875,0.0732421875,0.4150390625,-0.03662109375,0.35400390625,0.01220703125,0,-0.06103515625,-0.08544921875,-0.1220703125,0.146484375,-0.1708984375,-0.0732421875,-0.0732421875,0.74462890625,0.0732421875,-0.537109375,-0.03662109375,-0.5126953125
0,0.09765625,-0.35400390625,-0.048828125,-0.3173828125,0.3173828125,-0.35400390625,-0.10986328125,-0.048828125,0.06103515625,-0.01220703125,-0.15869140625,-0.84228515625,-0.2197265625,1.171875,-0.23193359375,-0.1953125,-0.10986328125,-0.6591796875,-0.03662109375,-0.1953125,-0.25634765625,0.76904296875,-0.244140625,-0.74462890625,-0.048828125,-0.18310546875,0.25634765625,-0.79345703125,0.08544921875,0.87890625,0.10986328125,0.2197265625,0.30517578125,-0.35400390625,0.23193359375,-0.5859375,0,-0.48828125,0.20751953125,-0.76904296875,-0.08544921875,-0.244140625,0.32958984375,-0.69580078125,-0.146484375,-0.4638671875,-0.08544921875,0.9765625,0.23193359375,1.13525390625,-0.09765625,0.48828125,0.1953125,-0.146484375,-0.1953125,0.74462890625,-0.32958984375,13.5009765625,0.09765625,6.26220703125,-0.01220703125,6.31103515625,0.09765625,8.31298828125,-0.10986328125,0.28076171875,-0.06103515625,1.0498046875,0.09765625,0.1953125,-0.18310546875,0.2197265625,-0.3173828125,0.28076171875,0.1953125,0.86669921875,0.15869140625,-0.0244140625,0.08544921875,1.37939453125,0.1953125,-1.0009765625,-0.1220703125,-0.3662109375,-0.30517578125,-1.0009765625,0.29296875,-0.8056640625,-0.18310546875,-1.4404296875,-0.1220703125,-0.2685546875,0.3662109375,-0.30517578125,0.244140625,-1.220703125,-0.048828125,-1.50146484375,-0.08544921875,-1.3916015625,0,-1.2939453125,0.1220703125,-1.07421875,0.03662109375,-0.37841796875,-0.15869140625,-1.47705078125,-0.20751953125,-1.03759765625,0.03662109375,0.40283203125,-0.06103515625,0.341796875,0,0.01220703125,-0.0732421875,-0.06103515625,-0.1220703125,0.15869140625,-0.15869140625,-0.06103515625,-0.048828125,0.76904296875,0.0732421875,-0.5126953125,-0.03662109375,-0.5615234375
0,0.1220703125,-0.35400390625,-0.06103515625,-0.341796875,0.3173828125,-0.3662109375,-0.10986328125,-0.01220703125,0.09765625,-0.0244140625,-0.18310546875,-0.86669921875,-0.25634765625,1.15966796875,-0.2197265625,-0.15869140625,-0.1220703125,-0.68359375,-0.048828125,-0.20751953125,-0.25634765625,0.76904296875,-0.2685546875,-0.76904296875,-0.06103515625,-0.1953125,0.23193359375,-0.79345703125,0.08544921875,0.86669921875,0.1708984375,0.20751953125,0.2197265625,-0.37841796875,0.37841796875,-0.439453125,-0.09765625,-0.48828125,0.18310546875,-0.7568359375,-0.06103515625,-0.25634765625,0.35400390625,-0.68359375,-0.09765625,-0.50048828125,-0.01220703125,1.03759765625,0.2685546875,1.13525390625,-0.08544921875,0.4638671875,0.20751953125,-0.146484375,-0.146484375,0.72021484375,-0.37841796875,12.95166015625,0,5.9814453125,0,6.01806640625,0.01220703125,7.89794921875,-0.048828125,0.25634765625,-0.01220703125,1.06201171875,0.10986328125,0.20751953125,-0.15869140625,0.20751953125,-0.25634765625,0.28076171875,0.20751953125,0.86669921875,0.09765625,-0.03662109375,0.048828125,1.35498046875,0.18310546875,-0.98876953125,-0.1708984375,-0.35400390625,-0.29296875,-1.01318359375,0.18310546875,-0.78125,-0.1708984375,-1.4404296875,-0.1708984375,-0.28076171875,0.439453125,-0.30517578125,0.18310546875,-1.220703125,0,-1.611328125,-0.048828125,-1.47705078125,-0.01220703125,-1.37939453125,0.08544921875,-1.26953125,-0.01220703125,-0.4150390625,-0.146484375,-1.47705078125,-0.1953125,-1.06201171875,-0.01220703125,0.390625,-0.0732421875,0.32958984375,0.03662109375,0.03662109375,-0.0732421875,-0.06103515625,-0.09765625,0.15869140625,-0.15869140625,-0.06103515625,-0.048828125,0.7568359375,0.0732421875,-0.52490234375,-0.03662109375,-0.54931640625
0,0.1220703125,-0.341796875,-0.048828125,-0.341796875,0.32958984375,-0.40283203125,-0.10986328125,-0.03662109375,0.09765625,-0.0244140625,-0.1953125,-0.8544921875,-0.29296875,1.1474609375,-0.25634765625,-0.1708984375,-0.08544921875,-0.68359375,-0.03662109375,-0.2197265625,-0.18310546875,0.8056640625,-0.29296875,-0.76904296875,-0.01220703125,-0.20751953125,0.15869140625,-0.81787109375,0.0244140625,0.87890625,0.244140625,0.1953125,0.06103515625,-0.390625,0.45166015625,-0.28076171875,-0.18310546875,-0.48828125,0.20751953125,-0.78125,-0.03662109375,-0.2685546875,0.35400390625,-0.64697265625,-0.048828125,-0.48828125,-0.0244140625,1.06201171875,0.2685546875,1.15966796875,0.048828125,0.439453125,0.20751953125,-0.13427734375,-0.09765625,0.72021484375,-0.40283203125,12.29248046875,-0.0732421875,5.72509765625,-0.0244140625,5.712890625,-0.09765625,7.48291015625,-0.01220703125,0.2685546875,0.06103515625,1.06201171875,0.10986328125,0.23193359375,-0.10986328125,0.20751953125,-0.20751953125,0.2685546875,0.2197265625,0.84228515625,0.048828125,-0.03662109375,0.01220703125,1.3427734375,0.13427734375,-0.9765625,-0.20751953125,-0.32958984375,-0.244140625,-1.0009765625,0.01220703125,-0.78125,-0.1708984375,-1.4404296875,-0.1953125,-0.244140625,0.48828125,-0.32958984375,0.1220703125,-1.1962890625,0.06103515625,-1.66015625,-0.0244140625,-1.5625,-0.0732421875,-1.416015625,0,-1.3916015625,-0.08544921875,-0.4638671875,-0.08544921875,-1.4892578125,-0.20751953125,-1.0498046875,-0.08544921875,0.390625,-0.0732421875,0.341796875,0.0244140625,0.03662109375,-0.09765625,-0.048828125,-0.10986328125,0.18310546875,-0.1708984375,-0.0732421875,-0.03662109375,0.78125,0.09765625,-0.52490234375,0,-0.5615234375
1,0.1220703125,-0.32958984375,-0.0244140625,-0.3662109375,0.32958984375,-0.40283203125,-0.146484375,-0.0732421875,0.0732421875,0,-0.18310546875,-0.87890625,-0.32958984375,1.13525390625,-0.28076171875,-0.1708984375,-0.048828125,-0.68359375,-0.0244140625,-0.20751953125,-0.0732421875,0.81787109375,-0.25634765625,-0.76904296875,-0.01220703125,-0.20751953125,0.0732421875,-0.79345703125,-0.0732421875,0.86669921875,0.25634765625,0.1708984375,0.0244140625,-0.37841796875,0.439453125,-0.146484375,-0.244140625,-0.47607421875,0.18310546875,-0.76904296875,0.048828125,-0.25634765625,0.390625,-0.64697265625,-0.0244140625,-0.4638671875,0.0244140625,1.08642578125,0.18310546875,1.15966796875,0.15869140625,0.439453125,0.23193359375,-0.13427734375,-0.0732421875,0.72021484375,-0.37841796875,11.6455078125,-0.10986328125,5.46875,-0.03662109375,5.43212890625,-0.15869140625,7.11669921875,0,0.2685546875,0.13427734375,1.06201171875,0.10986328125,0.244140625,-0.06103515625,0.20751953125,-0.1708984375,0.30517578125,0.20751953125,0.84228515625,0.01220703125,-0.03662109375,-0.01220703125,1.318359375,0.01220703125,-0.96435546875,-0.28076171875,-0.3173828125,-0.146484375,-1.0009765625,-0.146484375,-0.78125,-0.20751953125,-1.42822265625,-0.244140625,-0.25634765625,0.45166015625,-0.32958984375,0.0732421875,-1.1962890625,0.06103515625,-1.6357421875,-0.0244140625,-1.52587890625,-0.1220703125,-1.3916015625,-0.048828125,-1.3671875,-0.146484375,-0.50048828125,-0.048828125,-1.50146484375,-0.18310546875,-1.06201171875,-0.146484375,0.390625,-0.06103515625,0.3662109375,0.0244140625,0.01220703125,-0.0732421875,-0.03662109375,-0.10986328125,0.1708984375,-0.146484375,-0.09765625,-0.0244140625,0.79345703125,0.09765625,-0.5126953125,0.01220703125,-0.54931640625
1,0.09765625,-0.32958984375,-0.0244140625,-0.3662109375,0.35400390625,-0.40283203125,-0.13427734375,-0.08544921875,0.08544921875,-0.0244140625,-0.20751953125,-0.9033203125,-0.37841796875,1.123046875,-0.3173828125,-0.1953125,0,-0.69580078125,-0.01220703125,-0.20751953125,0.03662109375,0.830078125,-0.2197265625,-0.76904296875,-0.03662109375,-0.2197265625,0,-0.78125,-0.13427734375,0.89111328125,0.23193359375,0.15869140625,-0.048828125,-0.341796875,0.341796875,-0.0244140625,-0.2685546875,-0.45166015625,0.15869140625,-0.78125,0.0732421875,-0.2197265625,0.30517578125,-0.64697265625,0.01220703125,-0.40283203125,0.0732421875,1.08642578125,0.1220703125,1.171875,0.32958984375,0.4150390625,0.13427734375,-0.13427734375,-0.03662109375,0.69580078125,-0.25634765625,11.03515625,-0.1220703125,5.2490234375,-0.03662109375,5.18798828125,-0.23193359375,6.82373046875,0.01220703125,0.2685546875,0.146484375,1.06201171875,0.09765625,0.23193359375,-0.01220703125,0.20751953125,-0.13427734375,0.28076171875,0.20751953125,0.81787109375,-0.048828125,-0.0244140625,-0.0244140625,1.318359375,-0.1220703125,-0.9765625,-0.341796875,-0.32958984375,-0.0732421875,-0.98876953125,-0.2685546875,-0.79345703125,-0.23193359375,-1.42822265625,-0.29296875,-0.25634765625,0.3662109375,-0.35400390625,0.13427734375,-1.1962890625,0.0244140625,-1.5625,-0.03662109375,-1.4404296875,-0.18310546875,-1.3427734375,-0.10986328125,-1.23291015625,-0.2197265625,-0.537109375,-0.01220703125,-1.47705078125,-0.18310546875,-1.06201171875,-0.13427734375,0.390625,-0.048828125,0.3662109375,0.0244140625,0.01220703125,-0.0732421875,-0.03662109375,-0.10986328125,0.18310546875,-0.1220703125,-0.08544921875,-0.048828125,0.81787109375,0.10986328125,-0.54931640625,0.03662109375,-0.54931640625
1,0.10986328125,-0.3173828125,-0.0244140625,-0.37841796875,0.35400390625,-0.4150390625,-0.1220703125,-0.0732421875,0.09765625,-0.01220703125,-0.244140625,-0.89111328125,-0.4150390625,1.0986328125,-0.29296875,-0.1953125,0.06103515625,-0.68359375,-0.01220703125,-0.1953125,0.10986328125,0.84228515625,-0.1708984375,-0.7568359375,0.01220703125,-0.20751953125,-0.06103515625,-0.8056640625,-0.1953125,0.89111328125,0.1220703125,0.15869140625,0.01220703125,-0.29296875,0.244140625,0.0732421875,-0.2685546875,-0.439453125,0.0732421875,-0.7568359375,0.06103515625,-0.2197265625,0.18310546875,-0.634765625,-0.01220703125,-0.32958984375,0.048828125,1.06201171875,0.06103515625,1.15966796875,0.4638671875,0.45166015625,0.09765625,-0.13427734375,-0.06103515625,0.69580078125,-0.2197265625,10.43701171875,-0.09765625,5.0537109375,-0.0732421875,4.96826171875,-0.244140625,6.57958984375,0,0.25634765625,0.2197265625,1.03759765625,0.09765625,0.20751953125,0.0244140625,0.1953125,-0.06103515625,0.29296875,0.13427734375,0.79345703125,-0.0732421875,-0.01220703125,-0.0244140625,1.30615234375,-0.18310546875,-0.98876953125,-0.37841796875,-0.3173828125,0.0244140625,-0.98876953125,-0.37841796875,-0.76904296875,-0.3173828125,-1.4404296875,-0.3173828125,-0.25634765625,0.1953125,-0.35400390625,0.15869140625,-1.18408203125,-0.03662109375,-1.45263671875,-0.08544921875,-1.318359375,-0.2685546875,-1.2451171875,-0.10986328125,-1.0009765625,-0.1953125,-0.5859375,0.01220703125,-1.4892578125,-0.15869140625,-1.07421875,-0.146484375,0.37841796875,-0.0732421875,0.390625,0.01220703125,0,-0.06103515625,-0.048828125,-0.0732421875,0.1953125,-0.1220703125,-0.08544921875,-0.0732421875,0.830078125,0.10986328125,-0.5126953125,0.09765625,-0.54931640625
1,0.10986328125,-0.32958984375,-0.0732421875,-0.35400390625,0.3662109375,-0.42724609375,-0.10986328125,-0.06103515625,0.10986328125,-0.03662109375,-0.25634765625,-0.89111328125,-0.42724609375,1.08642578125,-0.244140625,-0.1953125,0.1220703125,-0.6591796875,0.01220703125,-0.1953125,0.13427734375,0.830078125,-0.08544921875,-0.7568359375,0.03662109375,-0.20751953125,-0.09765625,-0.79345703125,-0.20751953125,0.86669921875,0.01220703125,0.15869140625,0.09765625,-0.25634765625,0.15869140625,0.09765625,-0.25634765625,-0.439453125,-0.0244140625,-0.76904296875,0.03662109375,-0.20751953125,0.1220703125,-0.64697265625,0.01220703125,-0.28076171875,0.01220703125,1.01318359375,-0.01220703125,1.15966796875,0.57373046875,0.45166015625,0.08544921875,-0.1220703125,-0.048828125,0.72021484375,-0.23193359375,9.92431640625,-0.10986328125,4.833984375,-0.1220703125,4.77294921875,-0.23193359375,6.38427734375,0.0244140625,0.2685546875,0.25634765625,1.03759765625,0.10986328125,0.1953125,0.048828125,0.20751953125,0.01220703125,0.29296875,0.08544921875,0.8056640625,-0.13427734375,0,0,1.30615234375,-0.2197265625,-1.0009765625,-0.40283203125,-0.30517578125,0.0244140625,-0.96435546875,-0.390625,-0.76904296875,-0.4150390625,-1.45263671875,-0.3662109375,-0.2685546875,0.0732421875,-0.341796875,0.15869140625,-1.1962890625,-0.0732421875,-1.3427734375,-0.1708984375,-1.18408203125,-0.28076171875,-1.1474609375,-0.048828125,-0.79345703125,-0.10986328125,-0.62255859375,0.0244140625,-1.46484375,-0.13427734375,-1.06201171875,-0.10986328125,0.390625,-0.08544921875,0.40283203125,0.0244140625,-0.01220703125,-0.08544921875,-0.06103515625,-0.06103515625,0.1708984375,-0.09765625,-0.08544921875,-0.0244140625,0.830078125,0.10986328125,-0.537109375,0.10986328125,-0.537109375
1,0.13427734375,-0.32958984375,-0.0732421875,-0.341796875,0.3662109375,-0.40283203125,-0.08544921875,-0.03662109375,0.13427734375,-0.03662109375,-0.25634765625,-0.86669921875,-0.48828125,1.06201171875,-0.1953125,-0.1953125,0.146484375,-0.6591796875,0.048828125,-0.20751953125,0.1708984375,0.830078125,-0.03662109375,-0.732421875,0.048828125,-0.1953125,-0.13427734375,-0.8056640625,-0.15869140625,0.86669921875,-0.0732421875,0.1708984375,0.146484375,-0.2197265625,0.01220703125,0.048828125,-0.2685546875,-0.45166015625,-0.01220703125,-0.78125,-0.06103515625,-0.20751953125,-0.0244140625,-0.634765625,0.0244140625,-0.244140625,-0.03662109375,0.9765625,-0.06103515625,1.1474609375,0.634765625,0.48828125,0.08544921875,-0.1220703125,-0.048828125,0.732421875,-0.20751953125,9.4482421875,-0.09765625,4.638671875,-0.13427734375,4.60205078125,-0.20751953125,6.1767578125,0.048828125,0.2685546875,0.2685546875,1.03759765625,0.08544921875,0.18310546875,0.06103515625,0.20751953125,0.06103515625,0.30517578125,0,0.8056640625,-0.146484375,0,0.01220703125,1.30615234375,-0.18310546875,-0.98876953125,-0.390625,-0.341796875,-0.01220703125,-0.9521484375,-0.30517578125,-0.7568359375,-0.439453125,-1.47705078125,-0.4150390625,-0.244140625,0,-0.341796875,0.15869140625,-1.1474609375,-0.09765625,-1.2451171875,-0.23193359375,-1.11083984375,-0.25634765625,-1.0986328125,0,-0.6103515625,-0.048828125,-0.67138671875,0.01220703125,-1.47705078125,-0.09765625,-1.06201171875,-0.1220703125,0.390625,-0.09765625,0.4150390625,0.03662109375,-0.0244140625,-0.0732421875,-0.08544921875,-0.0732421875,0.18310546875,-0.09765625,-0.08544921875,-0.03662109375,0.830078125,0.1220703125,-0.5615234375,0.10986328125,-0.537109375
1,0.13427734375,-0.32958984375,-0.09765625,-0.35400390625,0.341796875,-0.40283203125,-0.06103515625,-0.0244140625,0.1220703125,-0.0732421875,-0.244140625,-0.89111328125,-0.50048828125,1.03759765625,-0.15869140625,-0.18310546875,0.15869140625,-0.6591796875,0.09765625,-0.2197265625,0.1708984375,0.79345703125,0.0244140625,-0.72021484375,0.01220703125,-0.2197265625,-0.1220703125,-0.79345703125,-0.09765625,0.8544921875,-0.1220703125,0.18310546875,0.2197265625,-0.2197265625,-0.08544921875,-0.048828125,-0.244140625,-0.42724609375,-0.048828125,-0.7568359375,-0.146484375,-0.18310546875,-0.0732421875,-0.6103515625,0,-0.23193359375,-0.15869140625,0.9521484375,-0.0732421875,1.13525390625,0.69580078125,0.50048828125,0.1220703125,-0.10986328125,-0.09765625,0.72021484375,-0.20751953125,9.02099609375,-0.08544921875,4.43115234375,-0.13427734375,4.4189453125,-0.1220703125,5.94482421875,0.08544921875,0.29296875,0.29296875,1.0498046875,0.08544921875,0.15869140625,0.0732421875,0.23193359375,0.09765625,0.29296875,-0.0732421875,0.79345703125,-0.13427734375,0,0.03662109375,1.33056640625,-0.15869140625,-1.01318359375,-0.341796875,-0.32958984375,-0.0732421875,-0.93994140625,-0.1708984375,-0.74462890625,-0.45166015625,-1.47705078125,-0.4150390625,-0.28076171875,-0.03662109375,-0.3173828125,0.1220703125,-1.171875,-0.048828125,-1.18408203125,-0.29296875,-1.06201171875,-0.1953125,-1.06201171875,0.03662109375,-0.5126953125,0.0244140625,-0.74462890625,0,-1.45263671875,-0.08544921875,-1.06201171875,-0.146484375,0.40283203125,-0.10986328125,0.4150390625,0.0244140625,-0.048828125,-0.06103515625,-0.08544921875,-0.06103515625,0.15869140625,-0.09765625,-0.0732421875,0,0.84228515625,0.146484375,-0.57373046875,0.09765625,-0.52490234375
1,0.146484375,-0.341796875,-0.10986328125,-0.32958984375,0.32958984375,-0.390625,-0.06103515625,-0.0244140625,0.13427734375,-0.06103515625,-0.25634765625,-0.86669921875,-0.5126953125,1.03759765625,-0.13427734375,-0.20751953125,0.13427734375,-0.634765625,0.1708984375,-0.20751953125,0.146484375,0.79345703125,0.10986328125,-0.72021484375,-0.048828125,-0.20751953125,-0.10986328125,-0.8056640625,0,0.8544921875,-0.18310546875,0.1953125,0.18310546875,-0.1953125,-0.048828125,-0.1953125,-0.2197265625,-0.42724609375,-0.048828125,-0.732421875,-0.25634765625,-0.1708984375,0.01220703125,-0.5615234375,-0.0732421875,-0.244140625,-0.1953125,0.93994140625,-0.08544921875,1.1474609375,0.72021484375,0.50048828125,0.03662109375,-0.08544921875,-0.146484375,0.74462890625,-0.20751953125,8.59375,-0.03662109375,4.248046875,-0.09765625,4.2236328125,-0.048828125,5.6396484375,0.10986328125,0.28076171875,0.29296875,1.0498046875,0.08544921875,0.146484375,0.0244140625,0.23193359375,0.048828125,0.3173828125,-0.08544921875,0.81787109375,-0.08544921875,-0.01220703125,0.03662109375,1.3427734375,-0.0732421875,-1.0009765625,-0.3173828125,-0.341796875,-0.09765625,-0.9521484375,0.0244140625,-0.7568359375,-0.40283203125,-1.47705078125,-0.4150390625,-0.2685546875,0.06103515625,-0.29296875,0.08544921875,-1.18408203125,-0.01220703125,-1.18408203125,-0.28076171875,-1.06201171875,-0.09765625,-1.06201171875,0.09765625,-0.537109375,0.06103515625,-0.8056640625,-0.01220703125,-1.46484375,-0.0244140625,-1.06201171875,-0.1708984375,0.4150390625,-0.146484375,0.40283203125,0.06103515625,-0.03662109375,-0.0732421875,-0.0732421875,-0.08544921875,0.146484375,-0.10986328125,-0.06103515625,0.03662109375,0.830078125,0.146484375,-0.5615234375,0.10986328125,-0.537109375
1,0.1708984375,-0.35400390625,-0.13427734375,-0.32958984375,0.35400390625,-0.37841796875,-0.03662109375,-0.048828125,0.13427734375,-0.048828125,-0.244140625,-0.8544921875,-0.5126953125,1.06201171875,-0.09765625,-0.1953125,0.0732421875,-0.64697265625,0.2197265625,-0.2197265625,0.10986328125,0.8056640625,0.146484375,-0.7080078125,-0.09765625,-0.20751953125,-0.0732421875,-0.79345703125,0.048828125,0.87890625,-0.15869140625,0.18310546875,0.048828125,-0.244140625,0.0244140625,-0.390625,-0.20751953125,-0.42724609375,-0.0244140625,-0.7568359375,-0.35400390625,-0.18310546875,0.03662109375,-0.52490234375,-0.18310546875,-0.32958984375,-0.3173828125,0.93994140625,-0.01220703125,1.1474609375,0.7080078125,0.47607421875,-0.03662109375,-0.08544921875,-0.15869140625,0.72021484375,-0.1708984375,8.154296875,-0.048828125,4.01611328125,-0.09765625,3.9794921875,-0.06103515625,5.31005859375,0.13427734375,0.29296875,0.25634765625,1.0498046875,0.09765625,0.18310546875,-0.0244140625,0.23193359375,0.0244140625,0.30517578125,-0.1220703125,0.81787109375,-0.048828125,-0.0244140625,0,1.33056640625,0.01220703125,-1.0009765625,-0.2685546875,-0.341796875,-0.08544921875,-0.9521484375,0.1708984375,-0.76904296875,-0.341796875,-1.513671875,-0.37841796875,-0.28076171875,0.2197265625,-0.2685546875,0,-1.18408203125,0.0244140625,-1.25732421875,-0.28076171875,-1.123046875,-0.0244140625,-1.08642578125,0.10986328125,-0.634765625,0.08544921875,-0.84228515625,-0.03662109375,-1.45263671875,-0.0244140625,-1.03759765625,-0.1708984375,0.390625,-0.15869140625,0.390625,0.06103515625,-0.048828125,-0.06103515625,-0.09765625,-0.08544921875,0.13427734375,-0.09765625,-0.06103515625,0.0244140625,0.81787109375,0.1708984375,-0.5615234375,0.10986328125,-0.5126953125
1,0.18310546875,-0.37841796875,-0.13427734375,-0.32958984375,0.32958984375,-0.3662109375,-0.0244140625,-0.0244140625,0.1220703125,-0.048828125,-0.23193359375,-0.84228515625,-0.52490234375,1.0986328125,-0.03662109375,-0.1953125,0.03662109375,-0.64697265625,0.23193359375,-0.20751953125,0.048828125,0.79345703125,0.1953125,-0.72021484375,-0.1220703125,-0.2197265625,0.01220703125,-0.76904296875,0.09765625,0.86669921875,-0.1220703125,0.1953125,-0.09765625,-0.29296875,0.15869140625,-0.64697265625,-0.2197265625,-0.439453125,0.048828125,-0.7568359375,-0.4638671875,-0.1953125,0.18310546875,-0.47607421875,-0.28076171875,-0.390625,-0.244140625,0.98876953125,0.0732421875,1.1474609375,0.68359375,0.47607421875,-0.08544921875,-0.0732421875,-0.23193359375,0.72021484375,-0.08544921875,7.62939453125,0.0244140625,3.79638671875,-0.08544921875,3.7109375,-0.01220703125,4.931640625,0.15869140625,0.30517578125,0.18310546875,1.0498046875,0.08544921875,0.18310546875,-0.09765625,0.244140625,0,0.30517578125,-0.10986328125,0.830078125,0.01220703125,0,-0.0244140625,1.3671875,0.10986328125,-1.025390625,-0.1953125,-0.35400390625,-0.06103515625,-0.96435546875,0.2685546875,-0.78125,-0.30517578125,-1.52587890625,-0.3173828125,-0.2685546875,0.3662109375,-0.29296875,-0.146484375,-1.18408203125,0.01220703125,-1.33056640625,-0.2197265625,-1.20849609375,0.048828125,-1.15966796875,0.1708984375,-0.79345703125,0.08544921875,-0.89111328125,-0.09765625,-1.4404296875,0,-1.025390625,-0.13427734375,0.390625,-0.18310546875,0.37841796875,0.0732421875,-0.0244140625,-0.06103515625,-0.0732421875,-0.06103515625,0.13427734375,-0.10986328125,-0.06103515625,0.03662109375,0.81787109375,0.146484375,-0.537109375,0.146484375,-0.5126953125
1,0.15869140625,-0.37841796875,-0.146484375,-0.32958984375,0.3173828125,-0.390625,-0.01220703125,-0.03662109375,0.15869140625,-0.048828125,-0.23193359375,-0.84228515625,-0.47607421875,1.11083984375,-0.01220703125,-0.20751953125,-0.01220703125,-0.634765625,0.1953125,-0.23193359375,0.0244140625,0.81787109375,0.25634765625,-0.72021484375,-0.10986328125,-0.2197265625,0.06103515625,-0.76904296875,0.10986328125,0.89111328125,-0.06103515625,0.2197265625,-0.25634765625,-0.341796875,0.32958984375,-0.86669921875,-0.2197265625,-0.4638671875,0.08544921875,-0.76904296875,-0.48828125,-0.20751953125,0.2685546875,-0.37841796875,-0.341796875,-0.47607421875,-0.28076171875,1.01318359375,0.1220703125,1.15966796875,0.634765625,0.47607421875,-0.146484375,-0.06103515625,-0.25634765625,0.72021484375,-0.0732421875,7.03125,0.08544921875,3.52783203125,-0.10986328125,3.38134765625,-0.01220703125,4.4677734375,0.13427734375,0.30517578125,0.13427734375,1.06201171875,0.09765625,0.23193359375,-0.146484375,0.244140625,-0.01220703125,0.3173828125,-0.1220703125,0.84228515625,0.09765625,-0.0244140625,-0.08544921875,1.35498046875,0.1708984375,-1.0009765625,-0.13427734375,-0.341796875,-0.0244140625,-0.96435546875,0.30517578125,-0.79345703125,-0.23193359375,-1.50146484375,-0.25634765625,-0.28076171875,0.50048828125,-0.28076171875,-0.20751953125,-1.20849609375,-0.06103515625,-1.42822265625,-0.146484375,-1.2939453125,0.10986328125,-1.23291015625,0.23193359375,-1.0009765625,0.01220703125,-0.9033203125,-0.146484375,-1.416015625,0,-1.025390625,-0.13427734375,0.37841796875,-0.1708984375,0.37841796875,0.0732421875,0.01220703125,-0.06103515625,-0.0244140625,-0.03662109375,0.146484375,-0.1220703125,-0.0732421875,0.0244140625,0.830078125,0.15869140625,-0.50048828125,0.13427734375,-0.5126953125
1,0.15869140625,-0.3662109375,-0.1220703125,-0.32958984375,0.32958984375,-0.37841796875,0,-0.0244140625,0.146484375,-0.03662109375,-0.244140625,-0.8544921875,-0.47607421875,1.123046875,0.06103515625,-0.1953125,-0.08544921875,-0.64697265625,0.18310546875,-0.20751953125,0.0244140625,0.84228515625,0.18310546875,-0.74462890625,-0.09765625,-0.18310546875,0.10986328125,-0.76904296875,0.08544921875,0.89111328125,0.08544921875,0.20751953125,-0.32958984375,-0.40283203125,0.45166015625,-1.03759765625,-0.23193359375,-0.48828125,0.10986328125,-0.76904296875,-0.50048828125,-0.20751953125,0.25634765625,-0.30517578125,-0.390625,-0.50048828125,-0.3662109375,1.0498046875,0.1708984375,1.171875,0.59814453125,0.45166015625,-0.1708984375,-0.03662109375,-0.341796875,0.732421875,-0.1220703125,6.28662109375,0.0732421875,3.2470703125,-0.0732421875,3.01513671875,0.0244140625,3.9794921875,0.1220703125,0.28076171875,0.048828125,1.06201171875,0.0732421875,0.23193359375,-0.1708984375,0.244140625,-0.08544921875,0.3173828125,-0.10986328125,0.8544921875,0.1220703125,-0.01220703125,-0.1220703125,1.3671875,0.2197265625,-1.0009765625,-0.0732421875,-0.341796875,0.01220703125,-0.98876953125,0.244140625,-0.79345703125,-0.18310546875,-1.4892578125,-0.1953125,-0.29296875,0.57373046875,-0.3173828125,-0.20751953125,-1.20849609375,-0.13427734375,-1.52587890625,-0.048828125,-1.37939453125,0.13427734375,-1.28173828125,0.2197265625,-1.1474609375,-0.048828125,-0.89111328125,-0.1953125,-1.40380859375,-0.01220703125,-1.03759765625,-0.146484375,0.37841796875,-0.13427734375,0.3662109375,0.08544921875,0,-0.08544921875,0,-0.0244140625,0.15869140625,-0.1220703125,-0.0732421875,0.0244140625,0.81787109375,0.13427734375,-0.5126953125,0.1220703125,-0.52490234375
1,0.13427734375,-0.3662109375,-0.1220703125,-0.3173828125,0.29296875,-0.40283203125,-0.01220703125,-0.048828125,0.13427734375,-0.0244140625,-0.2197265625,-0.8544921875,-0.45166015625,1.13525390625,0.13427734375,-0.1708984375,-0.10986328125,-0.6591796875,0.13427734375,-0.1953125,0,0.8544921875,0.09765625,-0.74462890625,-0.08544921875,-0.1708984375,0.09765625,-0.78125,0.08544921875,0.89111328125,0.244140625,0.2197265625,-0.30517578125,-0.4150390625,0.52490234375,-1.171875,-0.20751953125,-0.50048828125,0.10986328125,-0.7568359375,-0.439453125,-0.1953125,0.28076171875,-0.28076171875,-0.390625,-0.52490234375,-0.30517578125,1.08642578125,0.1953125,1.1962890625,0.537109375,0.42724609375,-0.1953125,0.03662109375,-0.390625,0.74462890625,-0.09765625,5.43212890625,0.08544921875,2.9541015625,-0.0244140625,2.63671875,0.048828125,3.45458984375,0.09765625,0.28076171875,-0.01220703125,1.0498046875,0.06103515625,0.23193359375,-0.1953125,0.2197265625,-0.146484375,0.29296875,-0.09765625,0.87890625,0.146484375,-0.0244140625,-0.1220703125,1.3671875,0.20751953125,-1.0009765625,-0.01220703125,-0.341796875,0.03662109375,-1.0009765625,0.09765625,-0.8056640625,-0.1708984375,-1.4892578125,-0.13427734375,-0.29296875,0.52490234375,-0.3173828125,-0.1220703125,-1.23291015625,-0.146484375,-1.55029296875,0.01220703125,-1.40380859375,0.15869140625,-1.33056640625,0.2197265625,-1.220703125,-0.08544921875,-0.86669921875,-0.23193359375,-1.40380859375,-0.01220703125,-1.03759765625,-0.146484375,0.3662109375,-0.146484375,0.35400390625,0.10986328125,0.01220703125,-0.06103515625,0,-0.01220703125,0.146484375,-0.1220703125,-0.0732421875,-0.01220703125,0.830078125,0.1220703125,-0.48828125,0.09765625,-0.5126953125
1,0.0732421875,-0.341796875,-0.06103515625,-0.32958984375,0.3173828125,-0.40283203125,-0.01220703125,-0.03662109375,0.1708984375,-0.0244140625,-0.1953125,-0.86669921875,-0.4638671875,1.13525390625,0.13427734375,-0.1708984375,-0.09765625,-0.6591796875,0.09765625,-0.18310546875,-0.0244140625,0.86669921875,-0.06103515625,-0.7568359375,-0.048828125,-0.13427734375,0.048828125,-0.78125,0.1220703125,0.9033203125,0.35400390625,0.2197265625,-0.23193359375,-0.4150390625,0.52490234375,-1.20849609375,-0.1708984375,-0.50048828125,0.0732421875,-0.7568359375,-0.32958984375,-0.23193359375,0.25634765625,-0.2685546875,-0.341796875,-0.47607421875,-0.341796875,1.07421875,0.15869140625,1.20849609375,0.50048828125,0.4150390625,-0.25634765625,0.06103515625,-0.4638671875,0.732421875,-0.0732421875,4.50439453125,0.048828125,2.6123046875,-0.0244140625,2.2705078125,0.13427734375,2.9541015625,0.08544921875,0.25634765625,-0.0732421875,1.03759765625,0.0244140625,0.23193359375,-0.20751953125,0.20751953125,-0.20751953125,0.2685546875,-0.0732421875,0.86669921875,0.146484375,-0.03662109375,-0.09765625,1.3427734375,0.15869140625,-0.98876953125,0.0244140625,-0.341796875,0,-1.0009765625,-0.06103515625,-0.81787109375,-0.10986328125,-1.47705078125,-0.10986328125,-0.28076171875,0.47607421875,-0.341796875,-0.0244140625,-1.2451171875,-0.13427734375,-1.55029296875,0.08544921875,-1.416015625,0.1220703125,-1.33056640625,0.15869140625,-1.23291015625,-0.0732421875,-0.81787109375,-0.244140625,-1.416015625,-0.03662109375,-1.03759765625,-0.1708984375,0.390625,-0.15869140625,0.3662109375,0.09765625,0,-0.0732421875,0.01220703125,0.01220703125,0.15869140625,-0.13427734375,-0.03662109375,-0.0244140625,0.8544921875,0.1220703125,-0.47607421875,0.1220703125,-0.52490234375
0,0.06103515625,-0.32958984375,-0.03662109375,-0.32958984375,0.3173828125,-0.42724609375,-0.01220703125,-0.048828125,0.1708984375,-0.06103515625,-0.18310546875,-0.86669921875,-0.45166015625,1.123046875,0.15869140625,-0.18310546875,-0.08544921875,-0.67138671875,0.0732421875,-0.1953125,-0.06103515625,0.8544921875,-0.18310546875,-0.74462890625,-0.01220703125,-0.08544921875,0.0244140625,-0.76904296875,0.1220703125,0.89111328125,0.4150390625,0.1953125,-0.08544921875,-0.35400390625,0.48828125,-1.1962890625,-0.13427734375,-0.50048828125,0.0732421875,-0.7568359375,-0.15869140625,-0.244140625,0.20751953125,-0.29296875,-0.28076171875,-0.40283203125,-0.3662109375,1.03759765625,0.09765625,1.171875,0.42724609375,0.439453125,-0.29296875,0.146484375,-0.54931640625,0.732421875,0,3.5400390625,0.0732421875,2.2705078125,0.03662109375,1.9287109375,0.1953125,2.4658203125,0.0732421875,0.23193359375,-0.15869140625,1.025390625,-0.03662109375,0.20751953125,-0.18310546875,0.20751953125,-0.29296875,0.25634765625,-0.0244140625,0.84228515625,0.146484375,-0.01220703125,-0.0732421875,1.30615234375,0.06103515625,-1.0009765625,0.048828125,-0.32958984375,-0.06103515625,-1.0009765625,-0.1708984375,-0.8056640625,-0.0732421875,-1.47705078125,-0.09765625,-0.25634765625,0.40283203125,-0.341796875,0.10986328125,-1.2451171875,-0.048828125,-1.50146484375,0.08544921875,-1.35498046875,0.06103515625,-1.2939453125,0.09765625,-1.15966796875,-0.06103515625,-0.76904296875,-0.244140625,-1.40380859375,-0.06103515625,-1.025390625,-0.20751953125,0.390625,-0.18310546875,0.37841796875,0.09765625,0.01220703125,-0.0732421875,0,0.0244140625,0.1708984375,-0.10986328125,-0.0244140625,-0.06103515625,0.87890625,0.10986328125,-0.48828125,0.1220703125,-0.52490234375
0,0.0732421875,-0.3173828125,-0.01220703125,-0.341796875,0.3173828125,-0.439453125,0,-0.06103515625,0.1953125,-0.06103515625,-0.18310546875,-0.87890625,-0.439453125,1.11083984375,0.13427734375,-0.20751953125,-0.13427734375,-0.68359375,0.03662109375,-0.1708984375,-0.09765625,0.84228515625,-0.29296875,-0.7568359375,0.0244140625,-0.0244140625,-0.01220703125,-0.78125,0.15869140625,0.87890625,0.341796875,0.1953125,0.10986328125,-0.3173828125,0.47607421875,-1.11083984375,-0.09765625,-0.47607421875,0.0732421875,-0.74462890625,0,-0.2197265625,0.2197265625,-0.35400390625,-0.1708984375,-0.341796875,-0.29296875,0.96435546875,0.06103515625,1.15966796875,0.42724609375,0.439453125,-0.37841796875,0.1953125,-0.5615234375,0.74462890625,0.048828125,2.67333984375,0.0244140625,1.96533203125,0,1.64794921875,0.146484375,2.08740234375,0.03662109375,0.18310546875,-0.20751953125,1.025390625,-0.06103515625,0.1953125,-0.15869140625,0.1953125,-0.35400390625,0.244140625,0,0.830078125,0.1708984375,-0.01220703125,0,1.2939453125,-0.0244140625,-1.0009765625,0.03662109375,-0.341796875,-0.18310546875,-0.9765625,-0.2197265625,-0.79345703125,-0.0732421875,-1.46484375,-0.13427734375,-0.2685546875,0.30517578125,-0.35400390625,0.2685546875,-1.23291015625,0.06103515625,-1.42822265625,0.0732421875,-1.2939453125,-0.01220703125,-1.2451171875,0.06103515625,-1.025390625,-0.048828125,-0.7080078125,-0.28076171875,-1.40380859375,-0.0732421875,-1.03759765625,-0.2197265625,0.40283203125,-0.1708984375,0.390625,0.08544921875,0,-0.0732421875,0.01220703125,0.0244140625,0.1220703125,-0.10986328125,-0.01220703125,-0.06103515625,0.9033203125,0.1220703125,-0.50048828125,0.13427734375,-0.54931640625
0,0.08544921875,-0.3173828125,-0.03662109375,-0.32958984375,0.341796875,-0.42724609375,0.0244140625,-0.048828125,0.1953125,-0.0732421875,-0.20751953125,-0.87890625,-0.439453125,1.08642578125,0.146484375,-0.2197265625,-0.1708984375,-0.69580078125,0.01220703125,-0.1953125,-0.146484375,0.830078125,-0.3173828125,-0.74462890625,0.048828125,0.03662109375,-0.03662109375,-0.78125,0.20751953125,0.87890625,0.2197265625,0.20751953125,0.244140625,-0.29296875,0.48828125,-1.0009765625,-0.10986328125,-0.439453125,0.03662109375,-0.74462890625,0.13427734375,-0.20751953125,0.1708984375,-0.40283203125,-0.03662109375,-0.28076171875,-0.37841796875,0.9033203125,0.03662109375,1.1474609375,0.4150390625,0.45166015625,-0.439453125,0.25634765625,-0.62255859375,0.74462890625,0.09765625,2.0263671875,0.0244140625,1.77001953125,0.01220703125,1.50146484375,0.1708984375,1.8310546875,-0.01220703125,0.18310546875,-0.23193359375,1.03759765625,-0.09765625,0.1953125,-0.08544921875,0.1953125,-0.42724609375,0.28076171875,0.01220703125,0.84228515625,0.1708984375,-0.01220703125,0.048828125,1.26953125,-0.13427734375,-1.0009765625,0.0244140625,-0.32958984375,-0.30517578125,-0.9765625,-0.23193359375,-0.76904296875,-0.09765625,-1.4404296875,-0.1708984375,-0.244140625,0.2197265625,-0.3662109375,0.3662109375,-1.23291015625,0.15869140625,-1.3671875,0.09765625,-1.220703125,-0.03662109375,-1.1962890625,-0.0244140625,-0.86669921875,-0.01220703125,-0.68359375,-0.28076171875,-1.40380859375,-0.10986328125,-1.025390625,-0.23193359375,0.42724609375,-0.1708984375,0.37841796875,0.06103515625,-0.0244140625,-0.0732421875,0.01220703125,0,0.1220703125,-0.1220703125,0,-0.048828125,0.91552734375,0.1220703125,-0.5126953125,0.146484375,-0.52490234375
0,0.06103515625,-0.3173828125,-0.0732421875,-0.35400390625,0.3173828125,-0.42724609375,0.03662109375,-0.06103515625,0.2197265625,-0.0732421875,-0.1953125,-0.87890625,-0.42724609375,1.0498046875,0.1953125,-0.23193359375,-0.18310546875,-0.6591796875,0,-0.20751953125,-0.1953125,0.8056640625,-0.25634765625,-0.7080078125,0.03662109375,0.0732421875,-0.048828125,-0.79345703125,0.23193359375,0.87890625,0.06103515625,0.1953125,0.3173828125,-0.25634765625,0.50048828125,-0.9033203125,-0.146484375,-0.42724609375,0,-0.7568359375,0.18310546875,-0.23193359375,0.18310546875,-0.5126953125,0.09765625,-0.25634765625,-0.390625,0.81787109375,-0.01220703125,1.123046875,0.42724609375,0.48828125,-0.50048828125,0.23193359375,-0.634765625,0.732421875,0.0732421875,1.74560546875,0.01220703125,1.6845703125,0.048828125,1.47705078125,0.13427734375,1.7578125,-0.0244140625,0.1708984375,-0.25634765625,1.0498046875,-0.13427734375,0.18310546875,-0.048828125,0.20751953125,-0.4638671875,0.3173828125,0.03662109375,0.830078125,0.15869140625,-0.01220703125,0.1220703125,1.2939453125,-0.1953125,-1.0009765625,-0.01220703125,-0.341796875,-0.4150390625,-0.9765625,-0.18310546875,-0.76904296875,-0.146484375,-1.42822265625,-0.23193359375,-0.25634765625,0.18310546875,-0.341796875,0.35400390625,-1.23291015625,0.20751953125,-1.28173828125,0.1708984375,-1.171875,-0.0732421875,-1.15966796875,-0.0732421875,-0.74462890625,-0.01220703125,-0.67138671875,-0.244140625,-1.42822265625,-0.1220703125,-1.0009765625,-0.244140625,0.4150390625,-0.1708984375,0.37841796875,0.06103515625,-0.0244140625,-0.0732421875,-0.0244140625,-0.01220703125,0.1220703125,-0.10986328125,0,-0.03662109375,0.89111328125,0.13427734375,-0.52490234375,0.146484375,-0.54931640625
0,0.0732421875,-0.341796875,-0.09765625,-0.3662109375,0.28076171875,-0.40283203125,0.048828125,-0.06103515625,0.2197265625,-0.06103515625,-0.1953125,-0.87890625,-0.439453125,1.06201171875,0.2197265625,-0.23193359375,-0.1953125,-0.67138671875,0.01220703125,-0.1953125,-0.244140625,0.8056640625,-0.146484375,-0.72021484375,-0.01220703125,0.13427734375,-0.08544921875,-0.78125,0.244140625,0.87890625,-0.10986328125,0.1953125,0.29296875,-0.2685546875,0.4638671875,-0.78125,-0.2197265625,-0.42724609375,-0.01220703125,-0.7568359375,0.1708984375,-0.1953125,0.20751953125,-0.59814453125,0.1708984375,-0.2685546875,-0.37841796875,0.732421875,-0.03662109375,1.123046875,0.35400390625,0.48828125,-0.5126953125,0.2197265625,-0.54931640625,0.7080078125,0.0732421875,1.85546875,-0.0732421875,1.74560546875,-0.06103515625,1.62353515625,0.0732421875,1.89208984375,-0.0732421875,0.18310546875,-0.23193359375,1.03759765625,-0.13427734375,0.1708984375,-0.0244140625,0.20751953125,-0.50048828125,0.32958984375,0.048828125,0.84228515625,0.15869140625,0,0.146484375,1.30615234375,-0.23193359375,-0.98876953125,-0.06103515625,-0.35400390625,-0.5126953125,-0.9765625,-0.146484375,-0.7568359375,-0.18310546875,-1.42822265625,-0.29296875,-0.23193359375,0.1953125,-0.35400390625,0.25634765625,-1.20849609375,0.146484375,-1.26953125,0.23193359375,-1.15966796875,-0.0732421875,-1.123046875,-0.13427734375,-0.64697265625,-0.0244140625,-0.64697265625,-0.244140625,-1.4404296875,-0.15869140625,-1.01318359375,-0.28076171875,0.439453125,-0.18310546875,0.390625,0.06103515625,-0.01220703125,-0.06103515625,-0.0244140625,-0.03662109375,0.1220703125,-0.10986328125,-0.01220703125,-0.0244140625,0.89111328125,0.15869140625,-0.537109375,0.13427734375,-0.52490234375
0,0.0732421875,-0.35400390625,-0.1220703125,-0.3662109375,0.25634765625,-0.37841796875,0.03662109375,-0.0244140625,0.23193359375,-0.06103515625,-0.2197265625,-0.87890625,-0.42724609375,1.0498046875,0.23193359375,-0.244140625,-0.13427734375,-0.68359375,0.0732421875,-0.2197265625,-0.25634765625,0.79345703125,-0.01220703125,-0.72021484375,-0.09765625,0.15869140625,-0.146484375,-0.8056640625,0.1708984375,0.87890625,-0.244140625,0.20751953125,0.10986328125,-0.23193359375,0.40283203125,-0.72021484375,-0.30517578125,-0.439453125,-0.01220703125,-0.7568359375,0.06103515625,-0.20751953125,0.1953125,-0.67138671875,0.13427734375,-0.2685546875,-0.35400390625,0.67138671875,-0.0244140625,1.13525390625,0.341796875,0.47607421875,-0.48828125,0.1708984375,-0.4638671875,0.7080078125,0.1953125,2.5146484375,-0.01220703125,2.001953125,-0.048828125,1.9287109375,0.09765625,2.30712890625,-0.13427734375,0.1708984375,-0.20751953125,1.0498046875,-0.09765625,0.146484375,-0.01220703125,0.23193359375,-0.5615234375,0.32958984375,0.048828125,0.86669921875,0.20751953125,-0.01220703125,0.146484375,1.30615234375,-0.23193359375,-0.98876953125,-0.10986328125,-0.341796875,-0.537109375,-0.98876953125,-0.08544921875,-0.76904296875,-0.23193359375,-1.416015625,-0.32958984375,-0.23193359375,0.20751953125,-0.3173828125,0.08544921875,-1.1962890625,0.03662109375,-1.2451171875,0.2685546875,-1.13525390625,-0.06103515625,-1.13525390625,-0.18310546875,-0.64697265625,-0.08544921875,-0.67138671875,-0.1708984375,-1.46484375,-0.1953125,-1.01318359375,-0.30517578125,0.42724609375,-0.1953125,0.37841796875,0.0732421875,-0.0244140625,-0.0732421875,-0.0244140625,-0.048828125,0.1220703125,-0.10986328125,-0.03662109375,-0.0244140625,0.86669921875,0.15869140625,-0.54931640625,0.1220703125,-0.5126953125
0,0.08544921875,-0.3662109375,-0.146484375,-0.35400390625,0.25634765625,-0.390625,0.048828125,0,0.20751953125,-0.048828125,-0.20751953125,-0.87890625,-0.42724609375,1.03759765625,0.2197265625,-0.20751953125,-0.1220703125,-0.69580078125,0.13427734375,-0.23193359375,-0.20751953125,0.79345703125,0.09765625,-0.69580078125,-0.20751953125,0.15869140625,-0.1953125,-0.8056640625,0.09765625,0.87890625,-0.32958984375,0.1953125,-0.10986328125,-0.2685546875,0.390625,-0.69580078125,-0.3662109375,-0.4638671875,0,-0.7568359375,-0.09765625,-0.2197265625,0.2197265625,-0.7568359375,0.06103515625,-0.30517578125,-0.29296875,0.59814453125,-0.01220703125,1.13525390625,0.341796875,0.4638671875,-0.390625,0.09765625,-0.4150390625,0.7080078125,0.09765625,3.662109375,-0.01220703125,2.4658203125,-0.08544921875,2.42919921875,0.0732421875,2.9541015625,-0.20751953125,0.1708984375,-0.1953125,1.06201171875,-0.0732421875,0.1708984375,-0.06103515625,0.244140625,-0.5859375,0.341796875,0.0732421875,0.8544921875,0.1953125,-0.0244140625,0.13427734375,1.35498046875,-0.1953125,-0.9521484375,-0.146484375,-0.341796875,-0.4638671875,-0.9765625,-0.06103515625,-0.74462890625,-0.28076171875,-1.40380859375,-0.341796875,-0.2197265625,0.25634765625,-0.29296875,-0.08544921875,-1.171875,-0.06103515625,-1.28173828125,0.30517578125,-1.18408203125,-0.0244140625,-1.13525390625,-0.20751953125,-0.7080078125,-0.13427734375,-0.68359375,-0.1220703125,-1.46484375,-0.20751953125,-1.025390625,-0.28076171875,0.4150390625,-0.20751953125,0.37841796875,0.08544921875,-0.03662109375,-0.0732421875,-0.048828125,-0.08544921875,0.146484375,-0.10986328125,-0.06103515625,-0.0244140625,0.84228515625,0.1708984375,-0.52490234375,0.09765625,-0.52490234375
0,0.08544921875,-0.37841796875,-0.15869140625,-0.341796875,0.25634765625,-0.390625,0.06103515625,-0.01220703125,0.20751953125,-0.03662109375,-0.20751953125,-0.8544921875,-0.4150390625,1.08642578125,0.18310546875,-0.1953125,-0.09765625,-0.68359375,0.146484375,-0.23193359375,-0.13427734375,0.8056640625,0.1953125,-0.72021484375,-0.30517578125,0.146484375,-0.20751953125,-0.79345703125,0.01220703125,0.86669921875,-0.3662109375,0.1953125,-0.3662109375,-0.3173828125,0.390625,-0.72021484375,-0.390625,-0.47607421875,-0.0244140625,-0.79345703125,-0.29296875,-0.1953125,0.244140625,-0.79345703125,-0.03662109375,-0.40283203125,-0.29296875,0.59814453125,0.01220703125,1.171875,0.3662109375,0.4638671875,-0.35400390625,0.01220703125,-0.35400390625,0.69580078125,-0.0244140625,5.23681640625,-0.03662109375,3.08837890625,-0.1220703125,3.076171875,0.03662109375,3.84521484375,-0.2197265625,0.1953125,-0.15869140625,1.0498046875,0.01220703125,0.1953125,-0.10986328125,0.2197265625,-0.54931640625,0.35400390625,0.10986328125,0.87890625,0.1953125,-0.0244140625,0.10986328125,1.35498046875,-0.18310546875,-0.96435546875,-0.15869140625,-0.341796875,-0.35400390625,-0.9765625,-0.1220703125,-0.76904296875,-0.32958984375,-1.42822265625,-0.32958984375,-0.23193359375,0.244140625,-0.28076171875,-0.1708984375,-1.18408203125,-0.1220703125,-1.35498046875,0.28076171875,-1.25732421875,0,-1.18408203125,-0.2197265625,-0.79345703125,-0.1220703125,-0.69580078125,-0.08544921875,-1.47705078125,-0.20751953125,-1.025390625,-0.2685546875,0.4150390625,-0.20751953125,0.37841796875,0.10986328125,-0.0244140625,-0.0732421875,-0.0732421875,-0.08544921875,0.15869140625,-0.09765625,-0.0732421875,-0.0244140625,0.84228515625,0.15869140625,-0.52490234375,0.0732421875,-0.537109375
0,0.0732421875,-0.3662109375,-0.20751953125,-0.35400390625,0.2197265625,-0.40283203125,0.0732421875,-0.0244140625,0.20751953125,-0.0244140625,-0.20751953125,-0.8544921875,-0.45166015625,1.0986328125,0.18310546875,-0.1953125,-0.0732421875,-0.67138671875,0.15869140625,-0.244140625,-0.0244140625,0.81787109375,0.20751953125,-0.72021484375,-0.3662109375,0.146484375,-0.25634765625,-0.79345703125,-0.0732421875,0.86669921875,-0.29296875,0.1953125,-0.59814453125,-0.35400390625,0.37841796875,-0.8056640625,-0.390625,-0.48828125,-0.06103515625,-0.78125,-0.45166015625,-0.23193359375,0.15869140625,-0.79345703125,-0.10986328125,-0.45166015625,-0.341796875,0.6103515625,0.01220703125,1.1962890625,0.40283203125,0.45166015625,-0.28076171875,-0.1220703125,-0.341796875,0.7080078125,-0.01220703125,7.09228515625,-0.08544921875,3.84521484375,-0.1220703125,3.84521484375,-0.0244140625,4.8828125,-0.23193359375,0.20751953125,-0.1220703125,1.0498046875,0.0732421875,0.2197265625,-0.1708984375,0.244140625,-0.5126953125,0.341796875,0.13427734375,0.89111328125,0.23193359375,-0.03662109375,0.08544921875,1.3671875,-0.15869140625,-0.9765625,-0.1220703125,-0.35400390625,-0.18310546875,-0.98876953125,-0.18310546875,-0.7568359375,-0.40283203125,-1.4404296875,-0.29296875,-0.25634765625,0.20751953125,-0.244140625,-0.23193359375,-1.15966796875,-0.09765625,-1.40380859375,0.23193359375,-1.33056640625,0.0244140625,-1.220703125,-0.1708984375,-0.93994140625,-0.08544921875,-0.69580078125,-0.03662109375,-1.50146484375,-0.20751953125,-1.06201171875,-0.2197265625,0.4150390625,-0.2197265625,0.3662109375,0.08544921875,-0.0244140625,-0.0732421875,-0.0732421875,-0.08544921875,0.1708984375,-0.0732421875,-0.0732421875,-0.048828125,0.8544921875,0.15869140625,-0.50048828125,0.0732421875,-0.537109375
0,0.0732421875,-0.37841796875,-0.1953125,-0.35400390625,0.23193359375,-0.390625,0.048828125,-0.0244140625,0.23193359375,0,-0.20751953125,-0.87890625,-0.47607421875,1.11083984375,0.1953125,-0.1953125,-0.06103515625,-0.7080078125,0.13427734375,-0.25634765625,0.0732421875,0.81787109375,0.1953125,-0.74462890625,-0.40283203125,0.10986328125,-0.25634765625,-0.79345703125,-0.15869140625,0.89111328125,-0.1708984375,0.1953125,-0.67138671875,-0.4150390625,0.32958984375,-0.8544921875,-0.341796875,-0.52490234375,-0.09765625,-0.78125,-0.52490234375,-0.2197265625,0.048828125,-0.74462890625,-0.1953125,-0.47607421875,-0.4150390625,0.634765625,0.01220703125,1.20849609375,0.4150390625,0.42724609375,-0.18310546875,-0.1953125,-0.3173828125,0.7080078125,0,9.08203125,-0.09765625,4.6630859375,-0.244140625,4.638671875,-0.06103515625,5.99365234375,-0.23193359375,0.20751953125,-0.09765625,1.0498046875,0.10986328125,0.23193359375,-0.2197265625,0.23193359375,-0.439453125,0.3173828125,0.15869140625,0.87890625,0.20751953125,-0.0244140625,0.048828125,1.3671875,-0.1220703125,-0.9521484375,-0.06103515625,-0.35400390625,-0.03662109375,-0.98876953125,-0.20751953125,-0.732421875,-0.4638671875,-1.46484375,-0.25634765625,-0.25634765625,0.13427734375,-0.25634765625,-0.2197265625,-1.1474609375,-0.09765625,-1.46484375,0.18310546875,-1.3671875,0.06103515625,-1.2451171875,-0.09765625,-1.06201171875,-0.0732421875,-0.69580078125,-0.06103515625,-1.50146484375,-0.1953125,-1.06201171875,-0.15869140625,0.40283203125,-0.20751953125,0.3662109375,0.08544921875,-0.0244140625,-0.0732421875,-0.06103515625,-0.06103515625,0.15869140625,-0.06103515625,-0.048828125,0,0.81787109375,0.146484375,-0.47607421875,0.0732421875,-0.537109375
0,0.0732421875,-0.35400390625,-0.18310546875,-0.3662109375,0.20751953125,-0.390625,0.0732421875,-0.0244140625,0.2197265625,0,-0.23193359375,-0.89111328125,-0.4638671875,1.13525390625,0.20751953125,-0.20751953125,-0.01220703125,-0.69580078125,0.15869140625,-0.2685546875,0.08544921875,0.84228515625,0.1708984375,-0.732421875,-0.42724609375,0.0732421875,-0.244140625,-0.79345703125,-0.18310546875,0.87890625,-0.01220703125,0.18310546875,-0.67138671875,-0.390625,0.28076171875,-0.93994140625,-0.28076171875,-0.537109375,-0.10986328125,-0.76904296875,-0.537109375,-0.244140625,-0.03662109375,-0.72021484375,-0.30517578125,-0.5126953125,-0.4150390625,0.67138671875,-0.0244140625,1.1962890625,0.439453125,0.42724609375,-0.13427734375,-0.23193359375,-0.25634765625,0.732421875,0.03662109375,11.02294921875,-0.08544921875,5.48095703125,-0.3173828125,5.43212890625,-0.01220703125,7.11669921875,-0.1953125,0.1953125,-0.03662109375,1.025390625,0.15869140625,0.25634765625,-0.20751953125,0.2197265625,-0.4150390625,0.28076171875,0.146484375,0.91552734375,0.1953125,-0.0244140625,0,1.33056640625,-0.08544921875,-0.9765625,0.0244140625,-0.35400390625,0.0732421875,-0.98876953125,-0.1708984375,-0.74462890625,-0.5126953125,-1.50146484375,-0.20751953125,-0.23193359375,0.03662109375,-0.28076171875,-0.1220703125,-1.1474609375,-0.08544921875,-1.4892578125,0.13427734375,-1.37939453125,0.10986328125,-1.25732421875,-0.06103515625,-1.11083984375,-0.03662109375,-0.68359375,-0.10986328125,-1.47705078125,-0.1708984375,-1.07421875,-0.1220703125,0.390625,-0.18310546875,0.3662109375,0.06103515625,-0.048828125,-0.0732421875,-0.09765625,-0.06103515625,0.1708984375,-0.08544921875,-0.08544921875,-0.0244140625,0.81787109375,0.15869140625,-0.47607421875,0.0732421875,-0.5615234375
0,0.048828125,-0.35400390625,-0.2197265625,-0.35400390625,0.20751953125,-0.40283203125,0.048828125,-0.048828125,0.2197265625,0.01220703125,-0.20751953125,-0.9033203125,-0.4638671875,1.13525390625,0.2197265625,-0.20751953125,0.0244140625,-0.69580078125,0.15869140625,-0.23193359375,0.09765625,0.84228515625,0.15869140625,-0.74462890625,-0.390625,0.0244140625,-0.23193359375,-0.7568359375,-0.1220703125,0.89111328125,0.10986328125,0.18310546875,-0.52490234375,-0.390625,0.244140625,-1.0009765625,-0.1708984375,-0.52490234375,-0.1220703125,-0.78125,-0.47607421875,-0.23193359375,-0.15869140625,-0.64697265625,-0.35400390625,-0.48828125,-0.537109375,0.69580078125,-0.0244140625,1.18408203125,0.47607421875,0.439453125,-0.03662109375,-0.28076171875,-0.18310546875,0.7568359375,-0.15869140625,12.6953125,-0.09765625,6.1767578125,-0.35400390625,6.11572265625,0.0244140625,8.11767578125,-0.15869140625,0.1953125,0.048828125,1.025390625,0.146484375,0.244140625,-0.20751953125,0.20751953125,-0.390625,0.25634765625,0.15869140625,0.87890625,0.146484375,-0.01220703125,-0.0244140625,1.33056640625,-0.01220703125,-0.98876953125,0.10986328125,-0.35400390625,0.09765625,-1.0009765625,-0.13427734375,-0.74462890625,-0.47607421875,-1.52587890625,-0.18310546875,-0.23193359375,-0.06103515625,-0.28076171875,0,-1.13525390625,-0.08544921875,-1.50146484375,0.03662109375,-1.35498046875,0.09765625,-1.25732421875,-0.03662109375,-1.13525390625,-0.01220703125,-0.64697265625,-0.1708984375,-1.46484375,-0.18310546875,-1.07421875,-0.08544921875,0.37841796875,-0.1708984375,0.341796875,0.06103515625,-0.0244140625,-0.0732421875,-0.08544921875,-0.06103515625,0.146484375,-0.08544921875,-0.0732421875,-0.03662109375,0.81787109375,0.146484375,-0.47607421875,0.03662109375,-0.5859375
0,0.0732421875,-0.341796875,-0.18310546875,-0.341796875,0.23193359375,-0.40283203125,0.048828125,-0.048828125,0.23193359375,0,-0.1953125,-0.9033203125,-0.4638671875,1.1474609375,0.18310546875,-0.18310546875,0.01220703125,-0.69580078125,0.15869140625,-0.2197265625,0.048828125,0.81787109375,0.13427734375,-0.732421875,-0.32958984375,0.01220703125,-0.20751953125,-0.76904296875,0,0.9033203125,0.1708984375,0.18310546875,-0.32958984375,-0.35400390625,0.15869140625,-1.03759765625,-0.06103515625,-0.48828125,-0.08544921875,-0.76904296875,-0.40283203125,-0.2197265625,-0.244140625,-0.62255859375,-0.390625,-0.42724609375,-0.6103515625,0.732421875,-0.03662109375,1.15966796875,0.47607421875,0.45166015625,0.01220703125,-0.25634765625,-0.10986328125,0.7568359375,-0.3173828125,13.9892578125,-0.1220703125,6.73828125,-0.45166015625,6.65283203125,0.03662109375,8.88671875,-0.0732421875,0.18310546875,0.0732421875,1.025390625,0.146484375,0.25634765625,-0.18310546875,0.20751953125,-0.341796875,0.244140625,0.1708984375,0.86669921875,0.13427734375,0,-0.048828125,1.318359375,0.048828125,-0.9765625,0.146484375,-0.35400390625,0.06103515625,-0.9765625,-0.06103515625,-0.76904296875,-0.40283203125,-1.5380859375,-0.18310546875,-0.25634765625,-0.10986328125,-0.30517578125,0.08544921875,-1.1474609375,-0.09765625,-1.4892578125,0,-1.30615234375,0.10986328125,-1.2451171875,0.01220703125,-1.0986328125,0.0244140625,-0.64697265625,-0.23193359375,-1.46484375,-0.15869140625,-1.07421875,-0.06103515625,0.40283203125,-0.1220703125,0.35400390625,0.03662109375,-0.0244140625,-0.06103515625,-0.08544921875,-0.06103515625,0.1220703125,-0.06103515625,-0.0732421875,-0.0244140625,0.81787109375,0.13427734375,-0.48828125,0.0244140625,-0.5859375
0,0.08544921875,-0.341796875,-0.1708984375,-0.341796875,0.23193359375,-0.42724609375,0.048828125,-0.048828125,0.23193359375,0,-0.15869140625,-0.91552734375,-0.4638671875,1.1474609375,0.15869140625,-0.18310546875,0.0244140625,-0.7080078125,0.146484375,-0.1953125,-0.048828125,0.830078125,0.10986328125,-0.732421875,-0.3173828125,-0.03662109375,-0.1708984375,-0.79345703125,0.09765625,0.89111328125,0.15869140625,0.1953125,-0.18310546875,-0.30517578125,0.13427734375,-1.01318359375,0.0244140625,-0.45166015625,-0.08544921875,-0.78125,-0.341796875,-0.20751953125,-0.2197265625,-0.57373046875,-0.37841796875,-0.35400390625,-0.67138671875,0.74462890625,-0.03662109375,1.123046875,0.4638671875,0.439453125,0.0244140625,-0.244140625,-0.048828125,0.732421875,-0.4150390625,14.73388671875,-0.09765625,7.0556640625,-0.48828125,6.982421875,0.0244140625,9.3505859375,0,0.1708984375,0.10986328125,1.03759765625,0.15869140625,0.25634765625,-0.146484375,0.1953125,-0.30517578125,0.25634765625,0.15869140625,0.84228515625,0.09765625,0.0244140625,-0.08544921875,1.28173828125,0.10986328125,-1.0009765625,0.18310546875,-0.341796875,-0.0732421875,-0.98876953125,0.03662109375,-0.76904296875,-0.32958984375,-1.5625,-0.15869140625,-0.25634765625,-0.13427734375,-0.35400390625,0.1220703125,-1.171875,-0.146484375,-1.42822265625,-0.048828125,-1.2451171875,0.09765625,-1.220703125,0.08544921875,-0.98876953125,0.048828125,-0.62255859375,-0.2685546875,-1.45263671875,-0.146484375,-1.0498046875,-0.06103515625,0.4150390625,-0.1220703125,0.35400390625,0.048828125,-0.01220703125,-0.06103515625,-0.0732421875,-0.06103515625,0.1220703125,-0.06103515625,-0.08544921875,-0.06103515625,0.8056640625,0.146484375,-0.50048828125,-0.01220703125,-0.5859375
1,0.09765625,-0.35400390625,-0.1708984375,-0.3173828125,0.23193359375,-0.4150390625,0.048828125,-0.048828125,0.2197265625,-0.03662109375,-0.1220703125,-0.87890625,-0.439453125,1.15966796875,0.15869140625,-0.18310546875,-0.0244140625,-0.69580078125,0.10986328125,-0.18310546875,-0.13427734375,0.830078125,0.0732421875,-0.74462890625,-0.23193359375,-0.06103515625,-0.08544921875,-0.78125,0.23193359375,0.86669921875,0.0732421875,0.18310546875,-0.08544921875,-0.25634765625,0.1953125,-0.98876953125,0.0732421875,-0.42724609375,-0.06103515625,-0.78125,-0.28076171875,-0.1953125,-0.13427734375,-0.5859375,-0.35400390625,-0.29296875,-0.72021484375,0.72021484375,-0.03662109375,1.0986328125,0.4150390625,0.45166015625,0.03662109375,-0.1953125,0.048828125,0.7568359375,-0.50048828125,14.94140625,-0.0732421875,7.11669921875,-0.5126953125,7.0556640625,0,9.43603515625,0.0244140625,0.18310546875,0.1708984375,1.0009765625,0.146484375,0.25634765625,-0.10986328125,0.1953125,-0.2197265625,0.25634765625,0.15869140625,0.81787109375,0.06103515625,0.01220703125,-0.0732421875,1.28173828125,0.15869140625,-1.01318359375,0.1953125,-0.32958984375,-0.23193359375,-0.9765625,0.15869140625,-0.78125,-0.2197265625,-1.5625,-0.1708984375,-0.2685546875,-0.03662109375,-0.341796875,0.146484375,-1.1962890625,-0.18310546875,-1.3916015625,-0.048828125,-1.171875,0.048828125,-1.1962890625,0.13427734375,-0.86669921875,0.01220703125,-0.634765625,-0.28076171875,-1.42822265625,-0.146484375,-1.06201171875,-0.0732421875,0.4150390625,-0.10986328125,0.35400390625,0.0732421875,-0.01220703125,-0.08544921875,-0.06103515625,-0.0732421875,0.1220703125,-0.08544921875,-0.08544921875,-0.06103515625,0.8056640625,0.146484375,-0.50048828125,-0.01220703125,-0.5859375
1,0.09765625,-0.341796875,-0.18310546875,-0.30517578125,0.2197265625,-0.390625,0.048828125,-0.03662109375,0.23193359375,-0.03662109375,-0.146484375,-0.89111328125,-0.47607421875,1.15966796875,0.1708984375,-0.1708984375,-0.06103515625,-0.69580078125,0.06103515625,-0.18310546875,-0.244140625,0.8056640625,0.03662109375,-0.72021484375,-0.15869140625,-0.06103515625,0,-0.81787109375,0.32958984375,0.86669921875,-0.0244140625,0.20751953125,-0.10986328125,-0.2197265625,0.29296875,-0.9521484375,0.09765625,-0.40283203125,-0.048828125,-0.78125,-0.23193359375,-0.1708984375,-0.06103515625,-0.57373046875,-0.32958984375,-0.28076171875,-0.68359375,0.68359375,0.01220703125,1.08642578125,0.341796875,0.4638671875,0.0244140625,-0.1708984375,0.08544921875,0.74462890625,-0.537109375,14.61181640625,-0.0732421875,6.93359375,-0.5615234375,6.84814453125,-0.048828125,9.24072265625,0.048828125,0.20751953125,0.2197265625,1.03759765625,0.13427734375,0.23193359375,-0.048828125,0.2197265625,-0.13427734375,0.2685546875,0.13427734375,0.8056640625,0.03662109375,0.01220703125,-0.08544921875,1.26953125,0.20751953125,-1.01318359375,0.18310546875,-0.32958984375,-0.35400390625,-1.0009765625,0.1953125,-0.79345703125,-0.13427734375,-1.5625,-0.1708984375,-0.28076171875,0.03662109375,-0.341796875,0.10986328125,-1.1962890625,-0.1953125,-1.33056640625,0,-1.15966796875,0,-1.171875,0.18310546875,-0.78125,-0.0244140625,-0.634765625,-0.23193359375,-1.42822265625,-0.13427734375,-1.03759765625,-0.10986328125,0.40283203125,-0.10986328125,0.35400390625,0.08544921875,0.01220703125,-0.0732421875,-0.048828125,-0.0732421875,0.13427734375,-0.0732421875,-0.10986328125,-0.048828125,0.79345703125,0.13427734375,-0.52490234375,-0.0244140625,-0.5859375
1,0.10986328125,-0.32958984375,-0.1708984375,-0.32958984375,0.18310546875,-0.390625,0.03662109375,-0.0244140625,0.2197265625,-0.03662109375,-0.1220703125,-0.84228515625,-0.50048828125,1.1474609375,0.18310546875,-0.20751953125,-0.06103515625,-0.68359375,0.01220703125,-0.18310546875,-0.37841796875,0.8056640625,-0.01220703125,-0.732421875,-0.1220703125,-0.08544921875,0.06103515625,-0.81787109375,0.3662109375,0.86669921875,-0.0732421875,0.1953125,-0.23193359375,-0.20751953125,0.42724609375,-0.9033203125,0.048828125,-0.37841796875,-0.03662109375,-0.76904296875,-0.18310546875,-0.13427734375,0.01220703125,-0.59814453125,-0.30517578125,-0.29296875,-0.62255859375,0.64697265625,-0.01220703125,1.0986328125,0.29296875,0.45166015625,0,-0.13427734375,0.13427734375,0.74462890625,-0.5615234375,13.80615234375,-0.10986328125,6.53076171875,-0.57373046875,6.4697265625,-0.09765625,8.70361328125,0.0244140625,0.23193359375,0.25634765625,1.025390625,0.13427734375,0.2197265625,-0.0244140625,0.20751953125,-0.01220703125,0.29296875,0.048828125,0.79345703125,-0.01220703125,0.01220703125,-0.06103515625,1.2939453125,0.23193359375,-1.025390625,0.18310546875,-0.32958984375,-0.4150390625,-0.9765625,0.18310546875,-0.79345703125,-0.09765625,-1.52587890625,-0.20751953125,-0.29296875,0.09765625,-0.3662109375,0.0732421875,-1.20849609375,-0.1220703125,-1.2939453125,0.06103515625,-1.13525390625,-0.048828125,-1.1474609375,0.1953125,-0.7080078125,-0.03662109375,-0.6591796875,-0.1708984375,-1.4404296875,-0.1708984375,-1.03759765625,-0.1220703125,0.42724609375,-0.10986328125,0.35400390625,0.10986328125,0.0244140625,-0.0732421875,-0.048828125,-0.08544921875,0.1220703125,-0.09765625,-0.13427734375,-0.0732421875,0.79345703125,0.1220703125,-0.54931640625,-0.0244140625,-0.5859375
1,0.09765625,-0.341796875,-0.18310546875,-0.32958984375,0.1708984375,-0.3662109375,0.048828125,-0.01220703125,0.2197265625,-0.048828125,-0.1220703125,-0.8544921875,-0.48828125,1.15966796875,0.1953125,-0.2197265625,-0.06103515625,-0.68359375,-0.01220703125,-0.18310546875,-0.40283203125,0.81787109375,-0.03662109375,-0.72021484375,-0.0732421875,-0.10986328125,0.08544921875,-0.81787109375,0.3662109375,0.86669921875,-0.06103515625,0.1953125,-0.390625,-0.1708984375,0.50048828125,-0.84228515625,-0.0244140625,-0.3662109375,-0.01220703125,-0.7568359375,-0.146484375,-0.1220703125,0.0732421875,-0.634765625,-0.29296875,-0.2685546875,-0.57373046875,0.6103515625,-0.06103515625,1.11083984375,0.28076171875,0.4638671875,0,-0.10986328125,0.1220703125,0.732421875,-0.5126953125,12.6708984375,-0.0732421875,5.9326171875,-0.54931640625,5.908203125,-0.09765625,7.9345703125,0.0244140625,0.23193359375,0.30517578125,1.06201171875,0.1220703125,0.20751953125,-0.01220703125,0.1953125,0.06103515625,0.3173828125,-0.0244140625,0.7568359375,-0.048828125,0,-0.06103515625,1.2939453125,0.20751953125,-1.0009765625,0.15869140625,-0.35400390625,-0.37841796875,-0.9765625,0.13427734375,-0.78125,-0.0244140625,-1.47705078125,-0.23193359375,-0.29296875,0.18310546875,-0.341796875,-0.0244140625,-1.1962890625,-0.0244140625,-1.28173828125,0.10986328125,-1.1474609375,-0.13427734375,-1.171875,0.18310546875,-0.69580078125,-0.06103515625,-0.69580078125,-0.09765625,-1.42822265625,-0.20751953125,-1.01318359375,-0.13427734375,0.40283203125,-0.1220703125,0.35400390625,0.1220703125,0.01220703125,-0.0732421875,-0.048828125,-0.10986328125,0.13427734375,-0.08544921875,-0.1220703125,-0.08544921875,0.8056640625,0.13427734375,-0.54931640625,-0.0244140625,-0.5859375
1,0.09765625,-0.341796875,-0.146484375,-0.32958984375,0.146484375,-0.3662109375,0.03662109375,-0.0244140625,0.2197265625,-0.048828125,-0.1220703125,-0.86669921875,-0.45166015625,1.18408203125,0.18310546875,-0.23193359375,-0.048828125,-0.6591796875,-0.03662109375,-0.18310546875,-0.37841796875,0.830078125,-0.06103515625,-0.72021484375,-0.0732421875,-0.08544921875,0.03662109375,-0.830078125,0.2685546875,0.87890625,0.01220703125,0.1953125,-0.52490234375,-0.1953125,0.52490234375,-0.81787109375,-0.08544921875,-0.37841796875,-0.01220703125,-0.76904296875,-0.13427734375,-0.146484375,0.146484375,-0.68359375,-0.2685546875,-0.30517578125,-0.48828125,0.5859375,-0.09765625,1.13525390625,0.29296875,0.42724609375,0.01220703125,-0.1220703125,0.09765625,0.74462890625,-0.45166015625,11.31591796875,-0.0732421875,5.2490234375,-0.439453125,5.2490234375,-0.09765625,7.04345703125,0.06103515625,0.2685546875,0.3173828125,1.06201171875,0.10986328125,0.2197265625,-0.0244140625,0.2197265625,0.08544921875,0.32958984375,-0.10986328125,0.76904296875,-0.08544921875,0.01220703125,-0.048828125,1.30615234375,0.1708984375,-1.0009765625,0.08544921875,-0.35400390625,-0.3173828125,-1.0009765625,0,-0.79345703125,-0.01220703125,-1.42822265625,-0.25634765625,-0.30517578125,0.18310546875,-0.3173828125,-0.09765625,-1.2451171875,0.0244140625,-1.2939453125,0.146484375,-1.171875,-0.20751953125,-1.1962890625,0.15869140625,-0.732421875,-0.0732421875,-0.732421875,-0.048828125,-1.4404296875,-0.2197265625,-1.01318359375,-0.13427734375,0.40283203125,-0.13427734375,0.3662109375,0.13427734375,-0.01220703125,-0.0732421875,-0.03662109375,-0.1220703125,0.13427734375,-0.09765625,-0.09765625,-0.08544921875,0.8056640625,0.13427734375,-0.537109375,-0.0244140625,-0.5615234375
1,0.10986328125,-0.3662109375,-0.13427734375,-0.35400390625,0.1220703125,-0.37841796875,0.03662109375,-0.0244140625,0.2197265625,-0.03662109375,-0.13427734375,-0.86669921875,-0.42724609375,1.15966796875,0.15869140625,-0.23193359375,-0.048828125,-0.64697265625,-0.0732421875,-0.1953125,-0.3173828125,0.830078125,-0.048828125,-0.7080078125,-0.09765625,-0.09765625,-0.01220703125,-0.81787109375,0.1708984375,0.87890625,0.048828125,0.1953125,-0.6103515625,-0.25634765625,0.50048828125,-0.8056640625,-0.13427734375,-0.4150390625,-0.0244140625,-0.7568359375,-0.10986328125,-0.18310546875,0.1220703125,-0.69580078125,-0.244140625,-0.40283203125,-0.40283203125,0.57373046875,-0.1708984375,1.1474609375,0.28076171875,0.42724609375,-0.048828125,-0.10986328125,0.06103515625,0.732421875,-0.35400390625,9.8876953125,-0.1220703125,4.52880859375,-0.40283203125,4.52880859375,-0.0732421875,6.06689453125,0.08544921875,0.29296875,0.32958984375,1.07421875,0.1220703125,0.20751953125,-0.048828125,0.2197265625,0.09765625,0.3173828125,-0.1708984375,0.79345703125,-0.048828125,0.01220703125,-0.03662109375,1.35498046875,0.146484375,-1.01318359375,0.0244140625,-0.35400390625,-0.1953125,-0.98876953125,-0.1220703125,-0.78125,-0.01220703125,-1.3427734375,-0.28076171875,-0.30517578125,0.10986328125,-0.30517578125,-0.13427734375,-1.220703125,0,-1.318359375,0.13427734375,-1.220703125,-0.2685546875,-1.20849609375,0.13427734375,-0.79345703125,-0.09765625,-0.74462890625,0,-1.46484375,-0.2197265625,-1.0498046875,-0.10986328125,0.40283203125,-0.13427734375,0.37841796875,0.10986328125,-0.01220703125,-0.0732421875,-0.01220703125,-0.1220703125,0.146484375,-0.10986328125,-0.10986328125,-0.08544921875,0.830078125,0.1220703125,-0.52490234375,0.0244140625,-0.537109375
1,0.0732421875,-0.3662109375,-0.10986328125,-0.32958984375,0.13427734375,-0.37841796875,0.03662109375,-0.01220703125,0.23193359375,0.01220703125,-0.13427734375,-0.87890625,-0.40283203125,1.171875,0.1708984375,-0.20751953125,-0.03662109375,-0.64697265625,-0.09765625,-0.18310546875,-0.23193359375,0.8056640625,-0.01220703125,-0.7080078125,-0.10986328125,-0.08544921875,-0.08544921875,-0.79345703125,0.06103515625,0.9033203125,0.06103515625,0.1953125,-0.6103515625,-0.341796875,0.47607421875,-0.81787109375,-0.20751953125,-0.439453125,-0.03662109375,-0.76904296875,-0.0732421875,-0.18310546875,0.08544921875,-0.7080078125,-0.2197265625,-0.45166015625,-0.42724609375,0.59814453125,-0.20751953125,1.171875,0.25634765625,0.45166015625,-0.09765625,-0.146484375,0,0.732421875,-0.29296875,8.50830078125,-0.1220703125,3.84521484375,-0.35400390625,3.86962890625,-0.10986328125,5.1513671875,0.1220703125,0.30517578125,0.29296875,1.08642578125,0.146484375,0.20751953125,-0.0732421875,0.244140625,0.10986328125,0.3173828125,-0.20751953125,0.78125,-0.0244140625,0,-0.0732421875,1.3916015625,0.13427734375,-1.01318359375,-0.01220703125,-0.35400390625,-0.0732421875,-0.98876953125,-0.244140625,-0.78125,-0.048828125,-1.25732421875,-0.29296875,-0.30517578125,0,-0.28076171875,-0.08544921875,-1.220703125,-0.0244140625,-1.37939453125,0.08544921875,-1.26953125,-0.3173828125,-1.220703125,0.09765625,-0.89111328125,-0.048828125,-0.76904296875,0.03662109375,-1.46484375,-0.20751953125,-1.025390625,-0.09765625,0.390625,-0.1220703125,0.37841796875,0.09765625,-0.0244140625,-0.06103515625,0,-0.1220703125,0.18310546875,-0.10986328125,-0.09765625,-0.0732421875,0.830078125,0.13427734375,-0.47607421875,0.03662109375,-0.537109375
1,0.0244140625,-0.40283203125,-0.1220703125,-0.3173828125,0.13427734375,-0.37841796875,0.01220703125,-0.01220703125,0.25634765625,0,-0.13427734375,-0.9033203125,-0.37841796875,1.18408203125,0.20751953125,-0.18310546875,-0.0244140625,-0.64697265625,-0.08544921875,-0.1953125,-0.15869140625,0.830078125,0.0244140625,-0.72021484375,-0.0732421875,-0.08544921875,-0.146484375,-0.79345703125,-0.03662109375,0.9033203125,0.01220703125,0.20751953125,-0.5859375,-0.40283203125,0.32958984375,-0.8544921875,-0.1953125,-0.47607421875,-0.08544921875,-0.7568359375,-0.06103515625,-0.20751953125,-0.0244140625,-0.7080078125,-0.18310546875,-0.5126953125,-0.32958984375,0.62255859375,-0.1953125,1.171875,0.25634765625,0.45166015625,-0.1220703125,-0.15869140625,-0.0732421875,0.72021484375,-0.23193359375,7.275390625,-0.1708984375,3.21044921875,-0.32958984375,3.30810546875,-0.146484375,4.28466796875,0.15869140625,0.3173828125,0.2197265625,1.08642578125,0.1220703125,0.20751953125,-0.10986328125,0.244140625,0.08544921875,0.30517578125,-0.25634765625,0.84228515625,0.03662109375,0.01220703125,-0.0732421875,1.3916015625,0.1220703125,-1.0009765625,-0.06103515625,-0.3662109375,-0.01220703125,-1.0009765625,-0.32958984375,-0.76904296875,-0.1220703125,-1.15966796875,-0.30517578125,-0.28076171875,-0.13427734375,-0.25634765625,-0.06103515625,-1.23291015625,-0.048828125,-1.37939453125,0.03662109375,-1.33056640625,-0.28076171875,-1.2451171875,0.10986328125,-0.9765625,0.06103515625,-0.7568359375,0.048828125,-1.47705078125,-0.146484375,-1.025390625,-0.10986328125,0.37841796875,-0.146484375,0.37841796875,0.0732421875,-0.0244140625,-0.0732421875,0.0244140625,-0.09765625,0.18310546875,-0.09765625,-0.06103515625,-0.0732421875,0.8544921875,0.10986328125,-0.47607421875,0.048828125,-0.50048828125
1,0,-0.37841796875,-0.1220703125,-0.3173828125,0.09765625,-0.390625,0.0244140625,-0.01220703125,0.244140625,0.01220703125,-0.146484375,-0.89111328125,-0.341796875,1.18408203125,0.25634765625,-0.13427734375,-0.03662109375,-0.67138671875,-0.0732421875,-0.20751953125,-0.08544921875,0.830078125,0.09765625,-0.7080078125,-0.0732421875,-0.0732421875,-0.20751953125,-0.78125,-0.09765625,0.9033203125,-0.0732421875,0.1953125,-0.47607421875,-0.4150390625,0.1708984375,-0.87890625,-0.20751953125,-0.50048828125,-0.146484375,-0.76904296875,-0.08544921875,-0.20751953125,-0.13427734375,-0.7080078125,-0.08544921875,-0.537109375,-0.32958984375,0.6591796875,-0.18310546875,1.15966796875,0.2685546875,0.439453125,-0.20751953125,-0.15869140625,-0.0732421875,0.732421875,-0.15869140625,6.201171875,-0.1220703125,2.67333984375,-0.3173828125,2.8076171875,-0.10986328125,3.5888671875,0.1708984375,0.32958984375,0.18310546875,1.07421875,0.1220703125,0.2197265625,-0.15869140625,0.244140625,0.06103515625,0.2685546875,-0.29296875,0.84228515625,0.09765625,0.01220703125,-0.10986328125,1.37939453125,0.1220703125,-0.9765625,-0.048828125,-0.341796875,-0.01220703125,-1.0009765625,-0.28076171875,-0.7568359375,-0.146484375,-1.07421875,-0.3662109375,-0.25634765625,-0.244140625,-0.25634765625,-0.048828125,-1.220703125,-0.06103515625,-1.416015625,-0.0244140625,-1.33056640625,-0.25634765625,-1.2451171875,0.08544921875,-1.03759765625,0.1220703125,-0.74462890625,0.1220703125,-1.4892578125,-0.10986328125,-1.03759765625,-0.146484375,0.3662109375,-0.15869140625,0.37841796875,0.0732421875,-0.0244140625,-0.08544921875,0.0244140625,-0.08544921875,0.1708984375,-0.09765625,-0.03662109375,-0.06103515625,0.86669921875,0.10986328125,-0.4638671875,0.048828125,-0.50048828125
1,-0.0244140625,-0.37841796875,-0.13427734375,-0.30517578125,0.0732421875,-0.42724609375,0.0244140625,-0.03662109375,0.25634765625,0.01220703125,-0.18310546875,-0.9033203125,-0.2685546875,1.171875,0.2685546875,-0.13427734375,-0.03662109375,-0.67138671875,-0.048828125,-0.20751953125,-0.048828125,0.84228515625,0.15869140625,-0.74462890625,-0.06103515625,-0.08544921875,-0.25634765625,-0.76904296875,-0.0732421875,0.9033203125,-0.146484375,0.2197265625,-0.341796875,-0.40283203125,0.01220703125,-0.9033203125,-0.1708984375,-0.5126953125,-0.146484375,-0.7568359375,-0.146484375,-0.20751953125,-0.25634765625,-0.67138671875,-0.048828125,-0.52490234375,-0.42724609375,0.7080078125,-0.13427734375,1.13525390625,0.30517578125,0.4638671875,-0.29296875,-0.1708984375,-0.1220703125,0.74462890625,-0.1708984375,5.2490234375,-0.08544921875,2.24609375,-0.2685546875,2.40478515625,-0.09765625,2.9541015625,0.13427734375,0.3173828125,0.1220703125,1.0498046875,0.08544921875,0.2197265625,-0.1953125,0.23193359375,0.01220703125,0.25634765625,-0.28076171875,0.84228515625,0.13427734375,-0.0244140625,-0.13427734375,1.37939453125,0.13427734375,-0.96435546875,-0.0244140625,-0.3662109375,-0.01220703125,-0.9765625,-0.18310546875,-0.76904296875,-0.146484375,-0.98876953125,-0.40283203125,-0.2685546875,-0.29296875,-0.29296875,-0.03662109375,-1.20849609375,-0.048828125,-1.42822265625,-0.048828125,-1.33056640625,-0.15869140625,-1.20849609375,0.048828125,-1.07421875,0.1708984375,-0.74462890625,0.13427734375,-1.47705078125,-0.06103515625,-1.0498046875,-0.18310546875,0.3662109375,-0.18310546875,0.37841796875,0.06103515625,-0.03662109375,-0.06103515625,0.048828125,-0.0732421875,0.1708984375,-0.08544921875,0.01220703125,-0.0244140625,0.86669921875,0.09765625,-0.439453125,0.048828125,-0.50048828125
1,-0.06103515625,-0.390625,-0.13427734375,-0.32958984375,0.03662109375,-0.42724609375,0.03662109375,-0.03662109375,0.29296875,-0.0244140625,-0.1708984375,-0.89111328125,-0.1953125,1.18408203125,0.29296875,-0.1708984375,-0.048828125,-0.67138671875,0.048828125,-0.1953125,-0.0244140625,0.830078125,0.23193359375,-0.7568359375,-0.09765625,-0.1220703125,-0.29296875,-0.79345703125,-0.0244140625,0.91552734375,-0.25634765625,0.1953125,-0.35400390625,-0.37841796875,-0.09765625,-0.93994140625,-0.18310546875,-0.48828125,-0.1708984375,-0.74462890625,-0.2685546875,-0.18310546875,-0.32958984375,-0.67138671875,-0.01220703125,-0.48828125,-0.4638671875,0.72021484375,-0.09765625,1.11083984375,0.35400390625,0.47607421875,-0.4150390625,-0.1953125,-0.10986328125,0.7568359375,-0.1953125,4.40673828125,-0.01220703125,1.89208984375,-0.2685546875,2.06298828125,-0.03662109375,2.42919921875,0.13427734375,0.2685546875,0.048828125,1.03759765625,0.01220703125,0.1953125,-0.2197265625,0.20751953125,-0.03662109375,0.23193359375,-0.25634765625,0.89111328125,0.15869140625,-0.0244140625,-0.146484375,1.35498046875,0.146484375,-0.98876953125,-0.0244140625,-0.341796875,-0.0732421875,-0.98876953125,-0.03662109375,-0.7568359375,-0.146484375,-0.9521484375,-0.390625,-0.23193359375,-0.30517578125,-0.29296875,-0.06103515625,-1.1962890625,-0.01220703125,-1.416015625,-0.06103515625,-1.2939453125,-0.08544921875,-1.18408203125,0.03662109375,-1.0498046875,0.23193359375,-0.72021484375,0.1220703125,-1.4892578125,-0.03662109375,-1.06201171875,-0.244140625,0.37841796875,-0.1953125,0.3662109375,0.048828125,-0.03662109375,-0.0732421875,0.06103515625,-0.048828125,0.1708984375,-0.0732421875,0.01220703125,-0.03662109375,0.86669921875,0.0732421875,-0.4638671875,0.03662109375,-0.52490234375
1,-0.06103515625,-0.35400390625,-0.1953125,-0.35400390625,0.01220703125,-0.4150390625,0.06103515625,-0.0732421875,0.29296875,-0.0244140625,-0.1708984375,-0.89111328125,-0.1708984375,1.220703125,0.29296875,-0.1953125,-0.048828125,-0.7080078125,0.1220703125,-0.2197265625,-0.0244140625,0.81787109375,0.30517578125,-0.7568359375,-0.13427734375,-0.15869140625,-0.29296875,-0.79345703125,0.06103515625,0.927734375,-0.341796875,0.1953125,-0.4150390625,-0.32958984375,-0.08544921875,-0.93994140625,-0.1953125,-0.47607421875,-0.13427734375,-0.76904296875,-0.390625,-0.1953125,-0.341796875,-0.6591796875,-0.03662109375,-0.4150390625,-0.6103515625,0.732421875,-0.06103515625,1.11083984375,0.3662109375,0.48828125,-0.5615234375,-0.18310546875,-0.06103515625,0.7568359375,-0.29296875,3.6376953125,0.1220703125,1.5625,-0.2685546875,1.74560546875,0.0244140625,1.94091796875,0.10986328125,0.25634765625,-0.01220703125,1.025390625,-0.03662109375,0.1953125,-0.23193359375,0.20751953125,-0.0732421875,0.20751953125,-0.2197265625,0.89111328125,0.1708984375,-0.01220703125,-0.09765625,1.33056640625,0.1708984375,-0.9765625,0,-0.341796875,-0.1220703125,-0.98876953125,0.15869140625,-0.78125,-0.08544921875,-0.9521484375,-0.390625,-0.2197265625,-0.1953125,-0.3173828125,-0.09765625,-1.1962890625,0.0244140625,-1.37939453125,-0.048828125,-1.2451171875,-0.01220703125,-1.171875,-0.01220703125,-0.9765625,0.23193359375,-0.7080078125,0.08544921875,-1.46484375,0.01220703125,-1.0498046875,-0.2685546875,0.390625,-0.1953125,0.37841796875,0.01220703125,-0.03662109375,-0.06103515625,0.03662109375,-0.048828125,0.15869140625,-0.06103515625,-0.01220703125,-0.03662109375,0.87890625,0.06103515625,-0.4638671875,0.01220703125,-0.52490234375
1,-0.048828125,-0.32958984375,-0.18310546875,-0.341796875,0,-0.4150390625,0.0732421875,-0.06103515625,0.29296875,-0.0244140625,-0.1708984375,-0.87890625,-0.10986328125,1.220703125,0.3173828125,-0.1953125,-0.06103515625,-0.68359375,0.2197265625,-0.20751953125,-0.06103515625,0.81787109375,0.32958984375,-0.74462890625,-0.1953125,-0.1953125,-0.2685546875,-0.8056640625,0.10986328125,0.9033203125,-0.390625,0.1953125,-0.52490234375,-0.2685546875,-0.01220703125,-0.93994140625,-0.1953125,-0.439453125,-0.06103515625,-0.76904296875,-0.50048828125,-0.18310546875,-0.244140625,-0.64697265625,-0.146484375,-0.341796875,-0.62255859375,0.732421875,0.01220703125,1.13525390625,0.35400390625,0.48828125,-0.54931640625,-0.18310546875,-0.08544921875,0.76904296875,-0.37841796875,2.83203125,0.18310546875,1.2451171875,-0.28076171875,1.42822265625,0.08544921875,1.4404296875,0.08544921875,0.23193359375,-0.06103515625,1.03759765625,-0.08544921875,0.1708984375,-0.23193359375,0.20751953125,-0.13427734375,0.20751953125,-0.20751953125,0.87890625,0.15869140625,-0.01220703125,-0.0732421875,1.318359375,0.244140625,-0.9765625,0.0732421875,-0.341796875,-0.1220703125,-0.98876953125,0.28076171875,-0.78125,-0.0244140625,-0.9521484375,-0.341796875,-0.2197265625,-0.03662109375,-0.341796875,-0.15869140625,-1.15966796875,0.03662109375,-1.37939453125,0,-1.20849609375,0.09765625,-1.1474609375,0,-0.9033203125,0.15869140625,-0.7080078125,0.0244140625,-1.45263671875,0.01220703125,-1.025390625,-0.244140625,0.40283203125,-0.1953125,0.390625,0,-0.01220703125,-0.0732421875,0.0244140625,-0.048828125,0.15869140625,-0.06103515625,-0.01220703125,-0.03662109375,0.86669921875,0.06103515625,-0.47607421875,-0.0244140625,-0.52490234375
1,-0.06103515625,-0.32958984375,-0.23193359375,-0.32958984375,-0.01220703125,-0.3662109375,0.09765625,-0.06103515625,0.28076171875,-0.01220703125,-0.13427734375,-0.86669921875,-0.1220703125,1.25732421875,0.3662109375,-0.20751953125,-0.08544921875,-0.68359375,0.29296875,-0.20751953125,-0.0732421875,0.8056640625,0.37841796875,-0.7568359375,-0.1953125,-0.244140625,-0.20751953125,-0.79345703125,0.15869140625,0.89111328125,-0.37841796875,0.1953125,-0.6591796875,-0.25634765625,0.10986328125,-0.927734375,-0.1953125,-0.40283203125,-0.06103515625,-0.78125,-0.5859375,-0.1708984375,-0.15869140625,-0.64697265625,-0.244140625,-0.30517578125,-0.5615234375,0.72021484375,0.03662109375,1.1474609375,0.390625,0.48828125,-0.59814453125,-0.1953125,-0.09765625,0.732421875,-0.48828125,2.01416015625,0.2197265625,0.89111328125,-0.3173828125,1.08642578125,0.18310546875,0.91552734375,0.048828125,0.20751953125,-0.146484375,1.025390625,-0.13427734375,0.146484375,-0.1953125,0.2197265625,-0.18310546875,0.2197265625,-0.15869140625,0.87890625,0.146484375,-0.0244140625,0,1.33056640625,0.341796875,-0.98876953125,0.13427734375,-0.341796875,-0.10986328125,-0.98876953125,0.32958984375,-0.78125,0.06103515625,-0.96435546875,-0.2685546875,-0.23193359375,0.10986328125,-0.341796875,-0.244140625,-1.1474609375,-0.03662109375,-1.3427734375,0.06103515625,-1.171875,0.10986328125,-1.13525390625,0.01220703125,-0.8056640625,0.08544921875,-0.7080078125,-0.06103515625,-1.46484375,0,-1.025390625,-0.23193359375,0.40283203125,-0.1708984375,0.3662109375,0,-0.01220703125,-0.06103515625,-0.03662109375,-0.048828125,0.13427734375,-0.048828125,-0.0244140625,-0.0244140625,0.8544921875,0.048828125,-0.48828125,-0.03662109375,-0.52490234375
0,-0.048828125,-0.32958984375,-0.23193359375,-0.30517578125,-0.06103515625,-0.35400390625,0.1220703125,-0.0244140625,0.29296875,0,-0.13427734375,-0.87890625,-0.06103515625,1.28173828125,0.3662109375,-0.20751953125,-0.13427734375,-0.68359375,0.30517578125,-0.20751953125,-0.13427734375,0.79345703125,0.390625,-0.7568359375,-0.1953125,-0.2685546875,-0.1220703125,-0.81787109375,0.20751953125,0.9033203125,-0.30517578125,0.20751953125,-0.830078125,-0.23193359375,0.23193359375,-0.87890625,-0.1953125,-0.40283203125,-0.0244140625,-0.7568359375,-0.59814453125,-0.18310546875,-0.1220703125,-0.59814453125,-0.341796875,-0.29296875,-0.62255859375,0.68359375,0.048828125,1.18408203125,0.32958984375,0.4638671875,-0.5615234375,-0.18310546875,-0.18310546875,0.732421875,-0.62255859375,1.1474609375,0.15869140625,0.54931640625,-0.35400390625,0.732421875,0.2197265625,0.35400390625,0.01220703125,0.2197265625,-0.1708984375,1.03759765625,-0.15869140625,0.146484375,-0.10986328125,0.20751953125,-0.23193359375,0.244140625,-0.10986328125,0.8544921875,0.1220703125,-0.03662109375,0.09765625,1.33056640625,0.4150390625,-0.96435546875,0.20751953125,-0.35400390625,-0.08544921875,-0.98876953125,0.3173828125,-0.76904296875,0.09765625,-1.0009765625,-0.1953125,-0.2197265625,0.244140625,-0.35400390625,-0.2685546875,-1.13525390625,-0.10986328125,-1.318359375,0.13427734375,-1.15966796875,0.0732421875,-1.1474609375,0.03662109375,-0.7568359375,0.0244140625,-0.72021484375,-0.15869140625,-1.45263671875,-0.03662109375,-0.98876953125,-0.23193359375,0.4150390625,-0.1708984375,0.3662109375,0,0,-0.0732421875,-0.03662109375,-0.0244140625,0.146484375,-0.0732421875,-0.01220703125,-0.01220703125,0.81787109375,0.03662109375,-0.5126953125,-0.0732421875,-0.537109375
0,-0.06103515625,-0.341796875,-0.20751953125,-0.341796875,-0.0732421875,-0.3662109375,0.13427734375,-0.06103515625,0.30517578125,-0.0244140625,-0.10986328125,-0.89111328125,-0.0732421875,1.26953125,0.4150390625,-0.25634765625,-0.13427734375,-0.6591796875,0.30517578125,-0.1953125,-0.146484375,0.79345703125,0.3662109375,-0.74462890625,-0.15869140625,-0.30517578125,-0.048828125,-0.79345703125,0.20751953125,0.89111328125,-0.20751953125,0.1953125,-0.93994140625,-0.2197265625,0.341796875,-0.8544921875,-0.1708984375,-0.37841796875,0.03662109375,-0.7568359375,-0.537109375,-0.18310546875,-0.06103515625,-0.59814453125,-0.40283203125,-0.28076171875,-0.57373046875,0.67138671875,0,1.20849609375,0.29296875,0.48828125,-0.52490234375,-0.1708984375,-0.25634765625,0.732421875,-0.6591796875,0.3173828125,0.1708984375,0.1953125,-0.3662109375,0.35400390625,0.29296875,-0.1953125,0,0.2197265625,-0.1708984375,1.0498046875,-0.2197265625,0.146484375,-0.0732421875,0.23193359375,-0.29296875,0.25634765625,-0.0732421875,0.830078125,0.09765625,-0.03662109375,0.15869140625,1.3427734375,0.45166015625,-0.9521484375,0.244140625,-0.341796875,-0.0244140625,-0.98876953125,0.18310546875,-0.76904296875,0.1220703125,-1.0498046875,-0.08544921875,-0.23193359375,0.30517578125,-0.32958984375,-0.18310546875,-1.1474609375,-0.146484375,-1.318359375,0.1953125,-1.171875,0.048828125,-1.1474609375,0.048828125,-0.732421875,0,-0.72021484375,-0.244140625,-1.45263671875,-0.0732421875,-1.01318359375,-0.23193359375,0.40283203125,-0.146484375,0.37841796875,-0.01220703125,0,-0.06103515625,-0.0732421875,0,0.15869140625,-0.08544921875,-0.0244140625,-0.01220703125,0.8056640625,0.03662109375,-0.52490234375,-0.1220703125,-0.537109375
0,-0.09765625,-0.30517578125,-0.2197265625,-0.35400390625,-0.0732421875,-0.32958984375,0.09765625,-0.06103515625,0.29296875,-0.01220703125,-0.09765625,-0.86669921875,-0.048828125,1.33056640625,0.42724609375,-0.244140625,-0.13427734375,-0.64697265625,0.28076171875,-0.1953125,-0.146484375,0.81787109375,0.28076171875,-0.732421875,-0.15869140625,-0.29296875,-0.0244140625,-0.81787109375,0.1708984375,0.9033203125,-0.06103515625,0.20751953125,-0.96435546875,-0.20751953125,0.341796875,-0.84228515625,-0.13427734375,-0.3662109375,0.03662109375,-0.7568359375,-0.47607421875,-0.20751953125,-0.01220703125,-0.6103515625,-0.390625,-0.3173828125,-0.634765625,0.6103515625,-0.06103515625,1.220703125,0.25634765625,0.47607421875,-0.50048828125,-0.1708984375,-0.30517578125,0.732421875,-0.5859375,-0.4638671875,0.23193359375,-0.146484375,-0.3662109375,-0.01220703125,0.4150390625,-0.72021484375,-0.0244140625,0.25634765625,-0.1708984375,1.0498046875,-0.244140625,0.15869140625,-0.0732421875,0.244140625,-0.32958984375,0.28076171875,-0.06103515625,0.84228515625,0.09765625,-0.048828125,0.23193359375,1.3671875,0.40283203125,-0.96435546875,0.244140625,-0.3662109375,-0.01220703125,-1.0009765625,0.01220703125,-0.76904296875,0.1708984375,-1.0986328125,-0.01220703125,-0.2197265625,0.29296875,-0.30517578125,-0.09765625,-1.1474609375,-0.10986328125,-1.3427734375,0.1953125,-1.18408203125,-0.01220703125,-1.171875,0.06103515625,-0.74462890625,0.048828125,-0.7080078125,-0.30517578125,-1.45263671875,-0.10986328125,-1.01318359375,-0.2197265625,0.4150390625,-0.18310546875,0.3662109375,-0.01220703125,0.0244140625,-0.06103515625,-0.06103515625,0.01220703125,0.1708984375,-0.10986328125,-0.0244140625,-0.03662109375,0.7568359375,0.0244140625,-0.5126953125,-0.15869140625,-0.54931640625
0,-0.1220703125,-0.30517578125,-0.1953125,-0.35400390625,-0.08544921875,-0.29296875,0.10986328125,-0.0244140625,0.2685546875,0,-0.08544921875,-0.8544921875,-0.048828125,1.30615234375,0.40283203125,-0.23193359375,-0.15869140625,-0.634765625,0.25634765625,-0.18310546875,-0.1953125,0.81787109375,0.15869140625,-0.72021484375,-0.13427734375,-0.244140625,0,-0.8056640625,0.1708984375,0.91552734375,0.06103515625,0.20751953125,-0.86669921875,-0.2685546875,0.37841796875,-0.84228515625,-0.10986328125,-0.4150390625,0.0732421875,-0.76904296875,-0.37841796875,-0.18310546875,-0.01220703125,-0.5859375,-0.37841796875,-0.390625,-0.57373046875,0.62255859375,-0.1220703125,1.23291015625,0.2197265625,0.4638671875,-0.35400390625,-0.1708984375,-0.3662109375,0.72021484375,-0.47607421875,-1.07421875,0.20751953125,-0.4150390625,-0.29296875,-0.244140625,0.4638671875,-1.11083984375,-0.09765625,0.25634765625,-0.15869140625,1.06201171875,-0.23193359375,0.18310546875,-0.06103515625,0.244140625,-0.3662109375,0.29296875,-0.048828125,0.84228515625,0.10986328125,-0.06103515625,0.23193359375,1.37939453125,0.32958984375,-0.96435546875,0.23193359375,-0.341796875,-0.01220703125,-0.9765625,-0.146484375,-0.76904296875,0.23193359375,-1.13525390625,0.0244140625,-0.244140625,0.23193359375,-0.28076171875,0,-1.171875,-0.01220703125,-1.3671875,0.146484375,-1.25732421875,-0.0732421875,-1.1962890625,0.06103515625,-0.8056640625,0.06103515625,-0.732421875,-0.37841796875,-1.45263671875,-0.09765625,-1.01318359375,-0.2197265625,0.40283203125,-0.1708984375,0.390625,-0.0244140625,0.03662109375,-0.0732421875,-0.048828125,0.03662109375,0.15869140625,-0.10986328125,-0.03662109375,-0.0244140625,0.72021484375,0.01220703125,-0.50048828125,-0.146484375,-0.537109375
0,-0.13427734375,-0.29296875,-0.15869140625,-0.35400390625,-0.09765625,-0.32958984375,0.09765625,-0.03662109375,0.2685546875,-0.01220703125,-0.09765625,-0.89111328125,-0.08544921875,1.26953125,0.3662109375,-0.25634765625,-0.15869140625,-0.62255859375,0.1708984375,-0.1953125,-0.1953125,0.830078125,0.01220703125,-0.72021484375,-0.08544921875,-0.20751953125,-0.048828125,-0.8056640625,0.15869140625,0.91552734375,0.146484375,0.2197265625,-0.64697265625,-0.30517578125,0.40283203125,-0.84228515625,-0.08544921875,-0.439453125,0.10986328125,-0.74462890625,-0.244140625,-0.1953125,-0.03662109375,-0.537109375,-0.3173828125,-0.45166015625,-0.537109375,0.634765625,-0.15869140625,1.23291015625,0.1708984375,0.4638671875,-0.28076171875,-0.18310546875,-0.42724609375,0.732421875,-0.40283203125,-1.47705078125,0.15869140625,-0.57373046875,-0.29296875,-0.390625,0.45166015625,-1.37939453125,-0.1220703125,0.2685546875,-0.13427734375,1.07421875,-0.1953125,0.1953125,-0.09765625,0.244140625,-0.37841796875,0.30517578125,-0.03662109375,0.830078125,0.10986328125,-0.06103515625,0.23193359375,1.40380859375,0.29296875,-0.93994140625,0.1953125,-0.3662109375,-0.048828125,-0.9765625,-0.25634765625,-0.7568359375,0.244140625,-1.18408203125,0.03662109375,-0.2685546875,0.13427734375,-0.244140625,0.10986328125,-1.18408203125,0.08544921875,-1.37939453125,0.1220703125,-1.26953125,-0.10986328125,-1.20849609375,0.0732421875,-0.87890625,0.09765625,-0.72021484375,-0.40283203125,-1.46484375,-0.06103515625,-1.025390625,-0.1953125,0.4150390625,-0.146484375,0.3662109375,-0.048828125,0.0244140625,-0.06103515625,-0.06103515625,0.0732421875,0.1953125,-0.08544921875,-0.03662109375,-0.048828125,0.732421875,0.01220703125,-0.48828125,-0.146484375,-0.52490234375
0,-0.1708984375,-0.32958984375,-0.15869140625,-0.3662109375,-0.10986328125,-0.341796875,0.09765625,-0.06103515625,0.25634765625,-0.01220703125,-0.09765625,-0.89111328125,-0.13427734375,1.25732421875,0.32958984375,-0.25634765625,-0.15869140625,-0.62255859375,0.13427734375,-0.18310546875,-0.1953125,0.830078125,-0.10986328125,-0.69580078125,-0.01220703125,-0.15869140625,-0.0732421875,-0.79345703125,0.15869140625,0.91552734375,0.15869140625,0.23193359375,-0.4150390625,-0.32958984375,0.341796875,-0.86669921875,-0.08544921875,-0.47607421875,0.0732421875,-0.7568359375,-0.10986328125,-0.1708984375,-0.06103515625,-0.52490234375,-0.23193359375,-0.52490234375,-0.5126953125,0.634765625,-0.15869140625,1.23291015625,0.08544921875,0.48828125,-0.1708984375,-0.18310546875,-0.4150390625,0.74462890625,-0.32958984375,-1.57470703125,0.08544921875,-0.62255859375,-0.2197265625,-0.40283203125,0.4150390625,-1.416015625,-0.13427734375,0.28076171875,-0.10986328125,1.0498046875,-0.13427734375,0.23193359375,-0.146484375,0.25634765625,-0.341796875,0.28076171875,-0.01220703125,0.8544921875,0.09765625,-0.048828125,0.1953125,1.37939453125,0.20751953125,-0.9521484375,0.18310546875,-0.3662109375,-0.1220703125,-0.98876953125,-0.244140625,-0.74462890625,0.23193359375,-1.20849609375,0.03662109375,-0.28076171875,0.048828125,-0.23193359375,0.244140625,-1.220703125,0.146484375,-1.416015625,0.08544921875,-1.318359375,-0.10986328125,-1.220703125,0.0244140625,-0.9521484375,0.13427734375,-0.72021484375,-0.35400390625,-1.45263671875,-0.0244140625,-1.01318359375,-0.1953125,0.390625,-0.13427734375,0.35400390625,-0.06103515625,0,-0.0732421875,-0.048828125,0.09765625,0.1953125,-0.0732421875,-0.0244140625,-0.0732421875,0.72021484375,-0.0244140625,-0.47607421875,-0.13427734375,-0.537109375
0,-0.1708984375,-0.3173828125,-0.146484375,-0.341796875,-0.146484375,-0.32958984375,0.10986328125,-0.03662109375,0.23193359375,0.01220703125,-0.08544921875,-0.91552734375,-0.18310546875,1.1962890625,0.3173828125,-0.20751953125,-0.18310546875,-0.6103515625,0.048828125,-0.18310546875,-0.23193359375,0.830078125,-0.15869140625,-0.69580078125,0.01220703125,-0.08544921875,-0.08544921875,-0.8056640625,0.1708984375,0.89111328125,0.10986328125,0.2197265625,-0.25634765625,-0.35400390625,0.29296875,-0.86669921875,-0.09765625,-0.47607421875,0.10986328125,-0.76904296875,0.03662109375,-0.1953125,-0.03662109375,-0.5126953125,-0.09765625,-0.52490234375,-0.439453125,0.69580078125,-0.15869140625,1.18408203125,-0.048828125,0.48828125,-0.1220703125,-0.1953125,-0.390625,0.7568359375,-0.244140625,-1.416015625,0.048828125,-0.537109375,-0.23193359375,-0.3173828125,0.341796875,-1.2451171875,-0.1708984375,0.28076171875,-0.08544921875,1.06201171875,-0.10986328125,0.23193359375,-0.1953125,0.25634765625,-0.30517578125,0.29296875,0.01220703125,0.87890625,0.13427734375,-0.03662109375,0.1708984375,1.37939453125,0.146484375,-0.96435546875,0.15869140625,-0.3662109375,-0.244140625,-0.98876953125,-0.20751953125,-0.7568359375,0.1953125,-1.220703125,-0.0244140625,-0.28076171875,0.01220703125,-0.23193359375,0.30517578125,-1.220703125,0.1708984375,-1.416015625,0.0732421875,-1.318359375,-0.09765625,-1.23291015625,-0.06103515625,-1.01318359375,0.1220703125,-0.72021484375,-0.341796875,-1.47705078125,0.0244140625,-1.03759765625,-0.244140625,0.37841796875,-0.09765625,0.3662109375,-0.08544921875,0.01220703125,-0.06103515625,-0.048828125,0.09765625,0.1953125,-0.0732421875,-0.01220703125,-0.0732421875,0.74462890625,0,-0.47607421875,-0.1220703125,-0.52490234375
0,-0.146484375,-0.341796875,-0.15869140625,-0.3173828125,-0.15869140625,-0.35400390625,0.10986328125,-0.0244140625,0.2197265625,0.0244140625,-0.0732421875,-0.91552734375,-0.1953125,1.11083984375,0.29296875,-0.18310546875,-0.20751953125,-0.634765625,0.01220703125,-0.1953125,-0.29296875,0.81787109375,-0.146484375,-0.72021484375,0.0244140625,-0.01220703125,-0.1220703125,-0.79345703125,0.18310546875,0.89111328125,-0.0244140625,0.20751953125,-0.1708984375,-0.29296875,0.23193359375,-0.9033203125,-0.18310546875,-0.50048828125,0.08544921875,-0.78125,0.1220703125,-0.1708984375,-0.03662109375,-0.5126953125,0.048828125,-0.5126953125,-0.42724609375,0.74462890625,-0.15869140625,1.15966796875,-0.048828125,0.47607421875,-0.048828125,-0.18310546875,-0.341796875,0.76904296875,-0.20751953125,-1.0498046875,0.06103515625,-0.32958984375,-0.146484375,-0.06103515625,0.30517578125,-0.9521484375,-0.146484375,0.2685546875,-0.048828125,1.03759765625,-0.03662109375,0.244140625,-0.23193359375,0.244140625,-0.23193359375,0.2685546875,0.0244140625,0.927734375,0.1220703125,-0.0244140625,0.1220703125,1.35498046875,0.09765625,-0.9765625,0.10986328125,-0.37841796875,-0.35400390625,-0.96435546875,-0.146484375,-0.7568359375,0.1708984375,-1.220703125,-0.09765625,-0.28076171875,0,-0.2685546875,0.2685546875,-1.2451171875,0.1220703125,-1.416015625,0.06103515625,-1.318359375,-0.06103515625,-1.23291015625,-0.15869140625,-1.025390625,0.13427734375,-0.732421875,-0.25634765625,-1.47705078125,0.03662109375,-1.0498046875,-0.29296875,0.3662109375,-0.06103515625,0.3662109375,-0.06103515625,0,-0.0732421875,-0.0244140625,0.09765625,0.2197265625,-0.0732421875,-0.01220703125,-0.08544921875,0.76904296875,-0.0244140625,-0.47607421875,-0.09765625,-0.537109375
0,-0.13427734375,-0.341796875,-0.15869140625,-0.30517578125,-0.1708984375,-0.37841796875,0.08544921875,-0.03662109375,0.20751953125,0.03662109375,-0.0732421875,-0.9033203125,-0.2197265625,1.07421875,0.2685546875,-0.1708984375,-0.25634765625,-0.634765625,-0.01220703125,-0.18310546875,-0.341796875,0.81787109375,-0.08544921875,-0.72021484375,0.0244140625,0.03662109375,-0.146484375,-0.78125,0.1953125,0.89111328125,-0.18310546875,0.23193359375,-0.15869140625,-0.244140625,0.2197265625,-0.927734375,-0.244140625,-0.48828125,0.06103515625,-0.76904296875,0.1220703125,-0.1708984375,0,-0.5126953125,0.15869140625,-0.47607421875,-0.40283203125,0.78125,-0.1220703125,1.13525390625,-0.10986328125,0.50048828125,0.01220703125,-0.15869140625,-0.28076171875,0.7568359375,-0.146484375,-0.48828125,0.01220703125,-0.0244140625,-0.146484375,0.244140625,0.244140625,-0.52490234375,-0.13427734375,0.23193359375,0,1.0498046875,0.0244140625,0.23193359375,-0.23193359375,0.23193359375,-0.1953125,0.25634765625,0.03662109375,0.927734375,0.09765625,-0.01220703125,0.08544921875,1.3427734375,0.048828125,-0.9765625,0.03662109375,-0.3662109375,-0.42724609375,-0.96435546875,-0.0732421875,-0.76904296875,0.1708984375,-1.220703125,-0.146484375,-0.29296875,-0.01220703125,-0.3173828125,0.146484375,-1.25732421875,0.048828125,-1.42822265625,0.08544921875,-1.2939453125,-0.03662109375,-1.20849609375,-0.25634765625,-1.0009765625,0.1220703125,-0.7568359375,-0.18310546875,-1.46484375,0.06103515625,-1.025390625,-0.32958984375,0.3662109375,-0.048828125,0.35400390625,-0.048828125,-0.01220703125,-0.0732421875,-0.03662109375,0.09765625,0.20751953125,-0.06103515625,-0.0244140625,-0.0732421875,0.8056640625,-0.0244140625,-0.48828125,-0.06103515625,-0.54931640625
0,-0.10986328125,-0.3662109375,-0.15869140625,-0.30517578125,-0.1953125,-0.390625,0.08544921875,-0.03662109375,0.1953125,0.01220703125,-0.0732421875,-0.9033203125,-0.1953125,1.025390625,0.1953125,-0.15869140625,-0.25634765625,-0.6591796875,-0.01220703125,-0.15869140625,-0.35400390625,0.81787109375,0.0244140625,-0.7080078125,-0.03662109375,0.08544921875,-0.18310546875,-0.78125,0.18310546875,0.87890625,-0.35400390625,0.20751953125,-0.341796875,-0.15869140625,0.20751953125,-0.927734375,-0.32958984375,-0.4638671875,0.06103515625,-0.76904296875,0.0732421875,-0.15869140625,-0.01220703125,-0.537109375,0.18310546875,-0.4150390625,-0.32958984375,0.84228515625,-0.1220703125,1.123046875,-0.1220703125,0.50048828125,0.03662109375,-0.15869140625,-0.1953125,0.7568359375,-0.09765625,0.0732421875,0,0.28076171875,-0.1708984375,0.54931640625,0.23193359375,-0.10986328125,-0.09765625,0.20751953125,0.08544921875,1.03759765625,0.03662109375,0.2197265625,-0.1953125,0.20751953125,-0.1953125,0.2685546875,0.06103515625,0.91552734375,0.09765625,-0.01220703125,0.01220703125,1.318359375,0.0244140625,-1.01318359375,-0.01220703125,-0.3662109375,-0.42724609375,-0.96435546875,-0.01220703125,-0.76904296875,0.1220703125,-1.1962890625,-0.18310546875,-0.2685546875,0.01220703125,-0.32958984375,0,-1.23291015625,-0.06103515625,-1.3916015625,0.08544921875,-1.25732421875,0,-1.171875,-0.341796875,-0.96435546875,0.08544921875,-0.78125,-0.06103515625,-1.47705078125,0.06103515625,-1.0498046875,-0.35400390625,0.3662109375,-0.048828125,0.35400390625,-0.048828125,-0.01220703125,-0.08544921875,-0.03662109375,0.06103515625,0.20751953125,-0.048828125,-0.0244140625,-0.08544921875,0.8056640625,0.01220703125,-0.50048828125,-0.0732421875,-0.5615234375
0,-0.10986328125,-0.3662109375,-0.15869140625,-0.3173828125,-0.244140625,-0.4150390625,0.0732421875,-0.03662109375,0.18310546875,0,-0.0732421875,-0.87890625,-0.2197265625,0.98876953125,0.146484375,-0.15869140625,-0.23193359375,-0.67138671875,0.03662109375,-0.1708984375,-0.3173828125,0.830078125,0.13427734375,-0.732421875,-0.1220703125,0.13427734375,-0.25634765625,-0.8056640625,0.08544921875,0.89111328125,-0.439453125,0.2197265625,-0.537109375,-0.0732421875,0.20751953125,-0.91552734375,-0.42724609375,-0.42724609375,0.048828125,-0.76904296875,-0.06103515625,-0.1708984375,-0.01220703125,-0.59814453125,0.1220703125,-0.3662109375,-0.30517578125,0.8544921875,-0.09765625,1.123046875,-0.146484375,0.50048828125,0.03662109375,-0.13427734375,-0.09765625,0.74462890625,-0.1708984375,0.59814453125,-0.03662109375,0.54931640625,-0.2197265625,0.84228515625,0.23193359375,0.28076171875,-0.0244140625,0.20751953125,0.13427734375,1.06201171875,0.03662109375,0.1953125,-0.1708984375,0.1953125,-0.146484375,0.25634765625,0.06103515625,0.89111328125,0.048828125,0,-0.0244140625,1.2939453125,0.01220703125,-1.01318359375,-0.03662109375,-0.35400390625,-0.32958984375,-0.9765625,-0.01220703125,-0.79345703125,0.08544921875,-1.1962890625,-0.1953125,-0.2685546875,0.03662109375,-0.35400390625,-0.146484375,-1.23291015625,-0.1220703125,-1.3671875,0.08544921875,-1.220703125,0.01220703125,-1.1474609375,-0.35400390625,-0.87890625,0.1220703125,-0.76904296875,0.048828125,-1.46484375,0.03662109375,-1.06201171875,-0.3173828125,0.390625,-0.06103515625,0.341796875,-0.01220703125,-0.0244140625,-0.0732421875,-0.03662109375,0.03662109375,0.1953125,-0.03662109375,-0.03662109375,-0.09765625,0.84228515625,0.048828125,-0.537109375,-0.06103515625,-0.5615234375
0,-0.09765625,-0.35400390625,-0.15869140625,-0.3173828125,-0.2685546875,-0.42724609375,0.0732421875,-0.0244140625,0.15869140625,0.01220703125,-0.06103515625,-0.89111328125,-0.20751953125,0.9765625,0.10986328125,-0.18310546875,-0.20751953125,-0.68359375,0.0732421875,-0.1708984375,-0.2197265625,0.830078125,0.1953125,-0.7568359375,-0.20751953125,0.15869140625,-0.2685546875,-0.8056640625,-0.03662109375,0.86669921875,-0.52490234375,0.2197265625,-0.8056640625,-0.01220703125,0.2197265625,-0.9033203125,-0.45166015625,-0.4150390625,0.01220703125,-0.76904296875,-0.244140625,-0.1708984375,0.01220703125,-0.64697265625,0.03662109375,-0.35400390625,-0.2685546875,0.8544921875,-0.13427734375,1.13525390625,-0.15869140625,0.47607421875,0.01220703125,-0.1220703125,-0.03662109375,0.72021484375,-0.10986328125,0.9521484375,-0.0244140625,0.732421875,-0.3173828125,0.98876953125,0.2685546875,0.54931640625,0.03662109375,0.20751953125,0.13427734375,1.03759765625,0.0732421875,0.18310546875,-0.146484375,0.1953125,-0.13427734375,0.2685546875,0.0244140625,0.9033203125,0.03662109375,0,-0.06103515625,1.2939453125,0.03662109375,-1.0009765625,-0.048828125,-0.3662109375,-0.18310546875,-0.9765625,-0.06103515625,-0.78125,0.06103515625,-1.1962890625,-0.20751953125,-0.2685546875,0.0244140625,-0.3662109375,-0.2197265625,-1.23291015625,-0.15869140625,-1.3427734375,0.1220703125,-1.18408203125,-0.03662109375,-1.15966796875,-0.341796875,-0.84228515625,0.146484375,-0.8056640625,0.13427734375,-1.45263671875,-0.0244140625,-1.06201171875,-0.25634765625,0.37841796875,-0.09765625,0.35400390625,0.0244140625,-0.01220703125,-0.06103515625,-0.0244140625,0.01220703125,0.18310546875,-0.048828125,-0.06103515625,-0.0732421875,0.84228515625,0.048828125,-0.52490234375,-0.0732421875,-0.537109375
0,-0.10986328125,-0.3662109375,-0.15869140625,-0.341796875,-0.30517578125,-0.40283203125,0.08544921875,-0.0244140625,0.15869140625,0,0,-0.87890625,-0.18310546875,0.98876953125,0.09765625,-0.18310546875,-0.1953125,-0.68359375,0.1220703125,-0.1953125,-0.09765625,0.8544921875,0.23193359375,-0.74462890625,-0.32958984375,0.18310546875,-0.2685546875,-0.8056640625,-0.1708984375,0.9033203125,-0.5126953125,0.1953125,-0.98876953125,0.03662109375,0.18310546875,-0.8544921875,-0.439453125,-0.37841796875,-0.01220703125,-0.74462890625,-0.390625,-0.1708984375,-0.06103515625,-0.68359375,-0.0244140625,-0.32958984375,-0.244140625,0.87890625,-0.18310546875,1.171875,-0.13427734375,0.45166015625,0.06103515625,-0.146484375,0.03662109375,0.72021484375,-0.25634765625,1.07421875,-0.1708984375,0.79345703125,-0.45166015625,1.07421875,0.15869140625,0.64697265625,0.08544921875,0.1953125,0.1708984375,1.0498046875,0.0732421875,0.15869140625,-0.10986328125,0.1953125,-0.0732421875,0.2685546875,0.03662109375,0.86669921875,0.01220703125,0,-0.08544921875,1.30615234375,0.048828125,-1.0009765625,-0.01220703125,-0.37841796875,-0.0244140625,-0.98876953125,-0.13427734375,-0.8056640625,0.06103515625,-1.20849609375,-0.15869140625,-0.25634765625,-0.0244140625,-0.3662109375,-0.2685546875,-1.18408203125,-0.1708984375,-1.33056640625,0.09765625,-1.18408203125,-0.08544921875,-1.171875,-0.2685546875,-0.78125,0.1708984375,-0.8056640625,0.15869140625,-1.42822265625,-0.08544921875,-1.025390625,-0.18310546875,0.37841796875,-0.146484375,0.32958984375,0.0244140625,0.01220703125,-0.06103515625,-0.01220703125,0.0244140625,0.18310546875,-0.03662109375,-0.048828125,-0.0732421875,0.8056640625,0.048828125,-0.537109375,-0.08544921875,-0.52490234375
1,-0.09765625,-0.35400390625,-0.15869140625,-0.32958984375,-0.32958984375,-0.40283203125,0.0732421875,-0.0244140625,0.146484375,0,0.01220703125,-0.89111328125,-0.1708984375,1.03759765625,0.0732421875,-0.2197265625,-0.18310546875,-0.68359375,0.15869140625,-0.18310546875,0,0.84228515625,0.2197265625,-0.7568359375,-0.341796875,0.1953125,-0.25634765625,-0.81787109375,-0.25634765625,0.9033203125,-0.40283203125,0.20751953125,-1.0498046875,0.09765625,0.1220703125,-0.830078125,-0.37841796875,-0.35400390625,-0.048828125,-0.72021484375,-0.45166015625,-0.15869140625,-0.18310546875,-0.732421875,-0.08544921875,-0.30517578125,-0.30517578125,0.87890625,-0.1953125,1.20849609375,-0.1220703125,0.42724609375,0.09765625,-0.13427734375,0.06103515625,0.69580078125,-0.2685546875,1.0009765625,-0.1708984375,0.76904296875,-0.47607421875,1.03759765625,0.1953125,0.62255859375,0.09765625,0.1953125,0.20751953125,1.07421875,0.06103515625,0.15869140625,-0.0732421875,0.2197265625,0.01220703125,0.28076171875,0.0244140625,0.8544921875,-0.0244140625,-0.01220703125,-0.0732421875,1.318359375,0.08544921875,-0.98876953125,0.048828125,-0.3662109375,0.13427734375,-0.98876953125,-0.1708984375,-0.8056640625,0.0244140625,-1.220703125,-0.09765625,-0.25634765625,-0.09765625,-0.32958984375,-0.25634765625,-1.1962890625,-0.1708984375,-1.3427734375,0.09765625,-1.171875,-0.13427734375,-1.171875,-0.146484375,-0.78125,0.18310546875,-0.76904296875,0.1220703125,-1.42822265625,-0.15869140625,-1.03759765625,-0.13427734375,0.37841796875,-0.13427734375,0.35400390625,0.03662109375,0,-0.0732421875,0,0.01220703125,0.1708984375,-0.0244140625,-0.048828125,-0.06103515625,0.81787109375,0.0244140625,-0.537109375,-0.08544921875,-0.537109375
1,-0.1220703125,-0.35400390625,-0.15869140625,-0.341796875,-0.35400390625,-0.40283203125,0.03662109375,-0.048828125,0.13427734375,0,0,-0.87890625,-0.1220703125,1.06201171875,0.06103515625,-0.23193359375,-0.15869140625,-0.67138671875,0.1708984375,-0.18310546875,0.0732421875,0.830078125,0.1708984375,-0.74462890625,-0.37841796875,0.20751953125,-0.2685546875,-0.8056640625,-0.341796875,0.89111328125,-0.25634765625,0.2197265625,-0.9765625,0.0732421875,0.0244140625,-0.830078125,-0.2685546875,-0.37841796875,-0.08544921875,-0.72021484375,-0.45166015625,-0.15869140625,-0.25634765625,-0.78125,-0.1220703125,-0.341796875,-0.341796875,0.84228515625,-0.25634765625,1.20849609375,-0.09765625,0.439453125,0.13427734375,-0.15869140625,0.08544921875,0.7080078125,-0.18310546875,0.76904296875,-0.1220703125,0.634765625,-0.48828125,0.91552734375,0.20751953125,0.4638671875,0.09765625,0.1953125,0.2197265625,1.0498046875,0.08544921875,0.18310546875,-0.048828125,0.2197265625,0.1220703125,0.2685546875,-0.01220703125,0.84228515625,-0.03662109375,-0.03662109375,-0.0732421875,1.318359375,0.09765625,-0.9765625,0.1220703125,-0.35400390625,0.2197265625,-1.0009765625,-0.18310546875,-0.79345703125,0.048828125,-1.25732421875,-0.0732421875,-0.244140625,-0.1953125,-0.29296875,-0.1708984375,-1.1962890625,-0.15869140625,-1.3427734375,0.06103515625,-1.18408203125,-0.2197265625,-1.20849609375,-0.06103515625,-0.78125,0.1953125,-0.732421875,0.0244140625,-1.46484375,-0.1953125,-1.025390625,-0.06103515625,0.390625,-0.10986328125,0.341796875,0.03662109375,0.0244140625,-0.0732421875,0.0244140625,0.0244140625,0.1708984375,-0.0244140625,-0.048828125,-0.06103515625,0.79345703125,0.03662109375,-0.50048828125,-0.08544921875,-0.5126953125
1,-0.10986328125,-0.35400390625,-0.13427734375,-0.341796875,-0.32958984375,-0.3662109375,0.0244140625,-0.03662109375,0.1708984375,0,0,-0.87890625,-0.0732421875,1.11083984375,0,-0.23193359375,-0.146484375,-0.67138671875,0.2197265625,-0.1953125,0.09765625,0.84228515625,0.146484375,-0.732421875,-0.35400390625,0.23193359375,-0.2197265625,-0.81787109375,-0.341796875,0.9033203125,-0.09765625,0.20751953125,-0.78125,0.01220703125,-0.10986328125,-0.830078125,-0.1953125,-0.390625,-0.10986328125,-0.7080078125,-0.4150390625,-0.1953125,-0.37841796875,-0.79345703125,-0.10986328125,-0.3662109375,-0.48828125,0.84228515625,-0.3173828125,1.20849609375,-0.01220703125,0.42724609375,0.1708984375,-0.15869140625,0.10986328125,0.72021484375,-0.28076171875,0.4638671875,-0.244140625,0.48828125,-0.5859375,0.79345703125,0.09765625,0.2685546875,0.09765625,0.18310546875,0.25634765625,1.07421875,0.08544921875,0.1708984375,-0.048828125,0.2197265625,0.2197265625,0.2685546875,-0.0732421875,0.830078125,-0.06103515625,-0.048828125,-0.08544921875,1.33056640625,0.1220703125,-0.9765625,0.1953125,-0.37841796875,0.25634765625,-1.01318359375,-0.13427734375,-0.76904296875,0.08544921875,-1.30615234375,-0.0244140625,-0.244140625,-0.25634765625,-0.2685546875,-0.0244140625,-1.171875,-0.15869140625,-1.3671875,0.048828125,-1.23291015625,-0.2685546875,-1.2451171875,0.06103515625,-0.8056640625,0.23193359375,-0.67138671875,-0.048828125,-1.46484375,-0.2197265625,-1.01318359375,-0.03662109375,0.3662109375,-0.08544921875,0.341796875,0.0244140625,0.01220703125,-0.0732421875,0.048828125,0.01220703125,0.146484375,-0.01220703125,-0.048828125,-0.048828125,0.79345703125,0.03662109375,-0.4638671875,-0.09765625,-0.537109375
1,-0.08544921875,-0.3662109375,-0.13427734375,-0.3173828125,-0.3662109375,-0.3662109375,0.06103515625,-0.03662109375,0.15869140625,-0.01220703125,0.0244140625,-0.87890625,-0.03662109375,1.13525390625,-0.0732421875,-0.20751953125,-0.09765625,-0.64697265625,0.20751953125,-0.18310546875,0.09765625,0.8056640625,0.09765625,-0.69580078125,-0.32958984375,0.2197265625,-0.1953125,-0.8056640625,-0.29296875,0.89111328125,-0.01220703125,0.1953125,-0.537109375,-0.08544921875,-0.1708984375,-0.830078125,-0.08544921875,-0.4150390625,-0.1220703125,-0.7080078125,-0.35400390625,-0.18310546875,-0.40283203125,-0.7568359375,-0.1220703125,-0.439453125,-0.57373046875,0.81787109375,-0.3662109375,1.220703125,-0.01220703125,0.439453125,0.1953125,-0.18310546875,0.09765625,0.732421875,-0.244140625,0.1953125,-0.23193359375,0.3662109375,-0.59814453125,0.67138671875,0.146484375,0.1220703125,0.1220703125,0.18310546875,0.25634765625,1.06201171875,0.08544921875,0.2197265625,-0.06103515625,0.23193359375,0.2685546875,0.28076171875,-0.1220703125,0.830078125,-0.06103515625,-0.03662109375,-0.08544921875,1.33056640625,0.146484375,-0.96435546875,0.23193359375,-0.3662109375,0.18310546875,-1.01318359375,-0.0732421875,-0.76904296875,0.1220703125,-1.35498046875,-0.01220703125,-0.2197265625,-0.29296875,-0.244140625,0.01220703125,-1.1474609375,-0.146484375,-1.40380859375,0.03662109375,-1.23291015625,-0.3173828125,-1.25732421875,0.13427734375,-0.8544921875,0.20751953125,-0.6103515625,-0.1220703125,-1.47705078125,-0.2197265625,-1.01318359375,-0.03662109375,0.37841796875,-0.06103515625,0.341796875,0.01220703125,0.01220703125,-0.08544921875,0.06103515625,0.03662109375,0.1708984375,-0.01220703125,-0.048828125,-0.0732421875,0.81787109375,0.01220703125,-0.4638671875,-0.09765625,-0.5126953125
1,-0.0732421875,-0.3662109375,-0.13427734375,-0.3173828125,-0.35400390625,-0.37841796875,0.06103515625,-0.048828125,0.1708984375,-0.03662109375,0.03662109375,-0.89111328125,0.01220703125,1.15966796875,-0.09765625,-0.18310546875,-0.09765625,-0.634765625,0.18310546875,-0.18310546875,0.048828125,0.79345703125,0.08544921875,-0.72021484375,-0.2685546875,0.1953125,-0.146484375,-0.8056640625,-0.1708984375,0.89111328125,0,0.1953125,-0.28076171875,-0.146484375,-0.1708984375,-0.84228515625,0.0244140625,-0.45166015625,-0.09765625,-0.72021484375,-0.2685546875,-0.18310546875,-0.42724609375,-0.732421875,-0.09765625,-0.4638671875,-0.634765625,0.81787109375,-0.42724609375,1.18408203125,0.0244140625,0.4638671875,0.1708984375,-0.1953125,0.146484375,0.74462890625,-0.15869140625,0.0244140625,-0.20751953125,0.32958984375,-0.6103515625,0.64697265625,0.1220703125,0.06103515625,0.146484375,0.15869140625,0.244140625,1.03759765625,0.08544921875,0.23193359375,-0.09765625,0.20751953125,0.30517578125,0.28076171875,-0.1708984375,0.87890625,-0.03662109375,-0.0244140625,-0.06103515625,1.33056640625,0.244140625,-0.93994140625,0.28076171875,-0.3662109375,0.03662109375,-1.0009765625,0.06103515625,-0.74462890625,0.20751953125,-1.416015625,0.01220703125,-0.2197265625,-0.28076171875,-0.23193359375,0.0244140625,-1.171875,-0.18310546875,-1.40380859375,0.048828125,-1.25732421875,-0.3662109375,-1.25732421875,0.1708984375,-0.927734375,0.1708984375,-0.5126953125,-0.10986328125,-1.46484375,-0.2197265625,-1.03759765625,-0.01220703125,0.3662109375,-0.048828125,0.35400390625,0.01220703125,0,-0.08544921875,0.06103515625,0.0244140625,0.1708984375,-0.01220703125,-0.03662109375,-0.08544921875,0.81787109375,0,-0.45166015625,-0.10986328125,-0.5126953125
1,-0.09765625,-0.3662109375,-0.146484375,-0.32958984375,-0.3662109375,-0.37841796875,0.0732421875,-0.048828125,0.15869140625,-0.03662109375,0.06103515625,-0.87890625,0.048828125,1.18408203125,-0.09765625,-0.18310546875,-0.06103515625,-0.62255859375,0.146484375,-0.18310546875,-0.0244140625,0.78125,0.048828125,-0.7080078125,-0.1953125,0.1708984375,-0.08544921875,-0.79345703125,-0.048828125,0.87890625,-0.06103515625,0.1953125,-0.15869140625,-0.2197265625,-0.15869140625,-0.89111328125,0.03662109375,-0.50048828125,-0.08544921875,-0.74462890625,-0.1953125,-0.2197265625,-0.40283203125,-0.7080078125,-0.09765625,-0.47607421875,-0.59814453125,0.81787109375,-0.48828125,1.15966796875,0.0732421875,0.47607421875,0.18310546875,-0.20751953125,0.1708984375,0.7568359375,-0.18310546875,0.048828125,-0.1953125,0.40283203125,-0.64697265625,0.74462890625,0.10986328125,0.1220703125,0.1708984375,0.18310546875,0.2197265625,1.025390625,0.09765625,0.244140625,-0.10986328125,0.20751953125,0.28076171875,0.244140625,-0.18310546875,0.86669921875,0.0244140625,-0.0244140625,-0.08544921875,1.3427734375,0.29296875,-0.927734375,0.3173828125,-0.3662109375,-0.10986328125,-1.01318359375,0.18310546875,-0.7568359375,0.29296875,-1.4892578125,0.01220703125,-0.23193359375,-0.1953125,-0.23193359375,0.0244140625,-1.15966796875,-0.146484375,-1.40380859375,0.03662109375,-1.26953125,-0.37841796875,-1.25732421875,0.15869140625,-0.96435546875,0.09765625,-0.42724609375,-0.09765625,-1.47705078125,-0.2197265625,-1.01318359375,-0.0244140625,0.3662109375,-0.03662109375,0.341796875,0.01220703125,-0.0244140625,-0.0732421875,0.06103515625,0.0244140625,0.1953125,-0.03662109375,-0.03662109375,-0.09765625,0.8544921875,-0.03662109375,-0.42724609375,-0.1220703125,-0.5126953125
1,-0.0732421875,-0.35400390625,-0.13427734375,-0.3173828125,-0.3662109375,-0.4150390625,0.0732421875,-0.0732421875,0.1220703125,-0.03662109375,0.0732421875,-0.89111328125,0.08544921875,1.15966796875,-0.10986328125,-0.18310546875,-0.0732421875,-0.634765625,0.06103515625,-0.1708984375,-0.13427734375,0.78125,0,-0.72021484375,-0.08544921875,0.15869140625,-0.0244140625,-0.79345703125,0.06103515625,0.86669921875,-0.15869140625,0.1953125,-0.18310546875,-0.30517578125,-0.0732421875,-0.91552734375,0.048828125,-0.54931640625,-0.03662109375,-0.74462890625,-0.13427734375,-0.244140625,-0.28076171875,-0.6591796875,-0.06103515625,-0.48828125,-0.5615234375,0.81787109375,-0.54931640625,1.1474609375,0.0732421875,0.4638671875,0.18310546875,-0.2197265625,0.18310546875,0.7568359375,-0.0732421875,0.25634765625,-0.10986328125,0.5859375,-0.62255859375,0.93994140625,0.1708984375,0.3662109375,0.2197265625,0.18310546875,0.146484375,1.01318359375,0.1220703125,0.2685546875,-0.146484375,0.1953125,0.28076171875,0.25634765625,-0.18310546875,0.87890625,0.06103515625,-0.01220703125,-0.09765625,1.30615234375,0.30517578125,-0.927734375,0.30517578125,-0.3662109375,-0.25634765625,-0.98876953125,0.2197265625,-0.76904296875,0.3173828125,-1.5380859375,0,-0.244140625,-0.0732421875,-0.2685546875,0.0244140625,-1.171875,-0.09765625,-1.416015625,0.06103515625,-1.25732421875,-0.390625,-1.2451171875,0.09765625,-0.98876953125,0.0244140625,-0.35400390625,-0.09765625,-1.4892578125,-0.20751953125,-1.01318359375,-0.0732421875,0.37841796875,-0.03662109375,0.3662109375,0.01220703125,-0.0244140625,-0.0732421875,0.03662109375,0.01220703125,0.1953125,-0.03662109375,-0.0244140625,-0.10986328125,0.89111328125,-0.03662109375,-0.45166015625,-0.13427734375,-0.47607421875
1,-0.08544921875,-0.35400390625,-0.146484375,-0.32958984375,-0.37841796875,-0.42724609375,0.0732421875,-0.08544921875,0.1220703125,-0.0244140625,0.08544921875,-0.9033203125,0.10986328125,1.1474609375,-0.1220703125,-0.1953125,-0.09765625,-0.634765625,-0.01220703125,-0.1708984375,-0.2197265625,0.78125,-0.0732421875,-0.72021484375,0.03662109375,0.13427734375,0.048828125,-0.79345703125,0.1220703125,0.87890625,-0.23193359375,0.20751953125,-0.2685546875,-0.30517578125,0.03662109375,-0.93994140625,0.0244140625,-0.57373046875,0.01220703125,-0.76904296875,-0.08544921875,-0.2197265625,-0.1708984375,-0.634765625,-0.0244140625,-0.439453125,-0.48828125,0.81787109375,-0.59814453125,1.0986328125,0.048828125,0.4638671875,0.15869140625,-0.23193359375,0.18310546875,0.74462890625,-0.048828125,0.6591796875,-0.09765625,0.87890625,-0.57373046875,1.18408203125,0.20751953125,0.732421875,0.244140625,0.18310546875,0.06103515625,1.01318359375,0.10986328125,0.25634765625,-0.2197265625,0.18310546875,0.28076171875,0.25634765625,-0.2197265625,0.9033203125,0.10986328125,0.0244140625,-0.146484375,1.30615234375,0.25634765625,-0.93994140625,0.244140625,-0.3662109375,-0.32958984375,-0.9765625,0.20751953125,-0.74462890625,0.3662109375,-1.5869140625,-0.0244140625,-0.244140625,0.03662109375,-0.28076171875,0,-1.18408203125,-0.048828125,-1.416015625,0.09765625,-1.2451171875,-0.4150390625,-1.220703125,0,-0.9521484375,0.0244140625,-0.25634765625,-0.0732421875,-1.4892578125,-0.1953125,-1.01318359375,-0.1220703125,0.390625,-0.0244140625,0.3662109375,0.01220703125,-0.0244140625,-0.0732421875,0,0.01220703125,0.20751953125,-0.03662109375,0,-0.09765625,0.89111328125,-0.01220703125,-0.4638671875,-0.18310546875,-0.50048828125
1,-0.10986328125,-0.341796875,-0.1220703125,-0.341796875,-0.37841796875,-0.40283203125,0.08544921875,-0.0732421875,0.13427734375,-0.0244140625,0.0732421875,-0.87890625,0.146484375,1.0986328125,-0.13427734375,-0.1953125,-0.09765625,-0.634765625,-0.0732421875,-0.1708984375,-0.3173828125,0.79345703125,-0.146484375,-0.72021484375,0.08544921875,0.09765625,0.0732421875,-0.81787109375,0.146484375,0.86669921875,-0.25634765625,0.1953125,-0.3662109375,-0.32958984375,0.146484375,-0.93994140625,-0.0244140625,-0.5615234375,0.09765625,-0.76904296875,-0.048828125,-0.2197265625,-0.0732421875,-0.634765625,0.01220703125,-0.42724609375,-0.40283203125,0.84228515625,-0.5859375,1.11083984375,-0.01220703125,0.4638671875,0.146484375,-0.2197265625,0.09765625,0.732421875,-0.048828125,1.171875,-0.09765625,1.2451171875,-0.52490234375,1.47705078125,0.25634765625,1.18408203125,0.25634765625,0.18310546875,0,1.01318359375,0.08544921875,0.23193359375,-0.2685546875,0.18310546875,0.28076171875,0.25634765625,-0.20751953125,0.9033203125,0.1708984375,0.0244140625,-0.1708984375,1.30615234375,0.20751953125,-0.9521484375,0.1953125,-0.3662109375,-0.29296875,-1.0009765625,0.10986328125,-0.7568359375,0.3662109375,-1.611328125,-0.048828125,-0.2685546875,0.08544921875,-0.3173828125,-0.01220703125,-1.18408203125,-0.0244140625,-1.40380859375,0.09765625,-1.23291015625,-0.439453125,-1.1962890625,-0.09765625,-0.91552734375,-0.01220703125,-0.18310546875,-0.03662109375,-1.4892578125,-0.146484375,-1.025390625,-0.146484375,0.390625,0,0.35400390625,0,-0.0244140625,-0.08544921875,-0.01220703125,0,0.23193359375,-0.03662109375,-0.01220703125,-0.09765625,0.86669921875,-0.01220703125,-0.47607421875,-0.20751953125,-0.50048828125
1,-0.1220703125,-0.341796875,-0.09765625,-0.341796875,-0.3662109375,-0.45166015625,0.06103515625,-0.048828125,0.10986328125,-0.01220703125,0.0732421875,-0.87890625,0.15869140625,1.07421875,-0.1708984375,-0.18310546875,-0.08544921875,-0.6591796875,-0.13427734375,-0.1708984375,-0.30517578125,0.79345703125,-0.20751953125,-0.72021484375,0.1220703125,0.06103515625,0.048828125,-0.81787109375,0.08544921875,0.89111328125,-0.20751953125,0.2197265625,-0.5126953125,-0.3173828125,0.2197265625,-0.93994140625,-0.09765625,-0.537109375,0.13427734375,-0.78125,-0.03662109375,-0.2197265625,0.0244140625,-0.64697265625,0,-0.37841796875,-0.3173828125,0.87890625,-0.54931640625,1.0986328125,-0.09765625,0.439453125,0.09765625,-0.1953125,0.0244140625,0.72021484375,-0.0244140625,1.708984375,-0.09765625,1.5625,-0.47607421875,1.708984375,0.3173828125,1.62353515625,0.23193359375,0.1953125,-0.10986328125,1.025390625,0.03662109375,0.2197265625,-0.29296875,0.1953125,0.244140625,0.25634765625,-0.1953125,0.927734375,0.20751953125,0.03662109375,-0.18310546875,1.30615234375,0.15869140625,-0.9765625,0.146484375,-0.37841796875,-0.244140625,-0.98876953125,-0.0244140625,-0.7568359375,0.3662109375,-1.611328125,-0.08544921875,-0.28076171875,0.13427734375,-0.341796875,-0.06103515625,-1.171875,0,-1.3671875,0.0732421875,-1.1962890625,-0.47607421875,-1.15966796875,-0.1953125,-0.8544921875,-0.0244140625,-0.1220703125,-0.0244140625,-1.47705078125,-0.146484375,-1.01318359375,-0.146484375,0.4150390625,-0.01220703125,0.35400390625,0,-0.01220703125,-0.0732421875,-0.048828125,-0.01220703125,0.2197265625,-0.048828125,-0.048828125,-0.09765625,0.84228515625,0,-0.48828125,-0.1953125,-0.5126953125
1,-0.13427734375,-0.35400390625,-0.0732421875,-0.32958984375,-0.3662109375,-0.439453125,0.048828125,-0.03662109375,0.08544921875,-0.01220703125,0.08544921875,-0.89111328125,0.1708984375,1.0498046875,-0.18310546875,-0.18310546875,-0.08544921875,-0.6591796875,-0.18310546875,-0.18310546875,-0.25634765625,0.8056640625,-0.244140625,-0.732421875,0.13427734375,0.0244140625,0.0244140625,-0.84228515625,-0.01220703125,0.9033203125,-0.09765625,0.20751953125,-0.5615234375,-0.30517578125,0.2197265625,-0.927734375,-0.18310546875,-0.5126953125,0.20751953125,-0.78125,0.01220703125,-0.20751953125,-0.03662109375,-0.6591796875,0,-0.35400390625,-0.1953125,0.89111328125,-0.48828125,1.11083984375,-0.1708984375,0.42724609375,0.06103515625,-0.20751953125,-0.0244140625,0.7080078125,0.01220703125,2.18505859375,-0.03662109375,1.8310546875,-0.4150390625,1.89208984375,0.35400390625,2.001953125,0.2197265625,0.2197265625,-0.18310546875,1.03759765625,-0.01220703125,0.18310546875,-0.32958984375,0.1953125,0.2197265625,0.25634765625,-0.20751953125,0.87890625,0.20751953125,0.0244140625,-0.146484375,1.33056640625,0.1220703125,-0.98876953125,0.1220703125,-0.37841796875,-0.1220703125,-1.0009765625,-0.1220703125,-0.76904296875,0.3662109375,-1.57470703125,-0.1220703125,-0.28076171875,0.06103515625,-0.35400390625,-0.03662109375,-1.171875,-0.03662109375,-1.33056640625,0.048828125,-1.171875,-0.45166015625,-1.1474609375,-0.29296875,-0.79345703125,0.03662109375,-0.1220703125,0.048828125,-1.45263671875,-0.146484375,-1.025390625,-0.1220703125,0.4150390625,-0.03662109375,0.35400390625,0.01220703125,-0.01220703125,-0.0732421875,-0.06103515625,-0.03662109375,0.1953125,-0.03662109375,-0.048828125,-0.08544921875,0.8056640625,0,-0.50048828125,-0.1708984375,-0.54931640625
1,-0.18310546875,-0.341796875,-0.08544921875,-0.3173828125,-0.3662109375,-0.42724609375,0.0244140625,-0.01220703125,0.0732421875,0,0.09765625,-0.86669921875,0.18310546875,1.0498046875,-0.1953125,-0.18310546875,-0.08544921875,-0.67138671875,-0.1953125,-0.1953125,-0.15869140625,0.830078125,-0.25634765625,-0.732421875,0.10986328125,0,-0.01220703125,-0.830078125,-0.10986328125,0.89111328125,-0.03662109375,0.20751953125,-0.50048828125,-0.3173828125,0.15869140625,-0.87890625,-0.2197265625,-0.48828125,0.20751953125,-0.76904296875,0.08544921875,-0.1953125,-0.08544921875,-0.69580078125,0.0244140625,-0.32958984375,-0.09765625,0.89111328125,-0.40283203125,1.1474609375,-0.244140625,0.40283203125,0.03662109375,-0.15869140625,-0.1220703125,0.7080078125,0.01220703125,2.490234375,0,2.001953125,-0.3662109375,1.96533203125,0.32958984375,2.2705078125,0.20751953125,0.244140625,-0.2197265625,1.03759765625,-0.048828125,0.1708984375,-0.35400390625,0.244140625,0.1708984375,0.28076171875,-0.1708984375,0.84228515625,0.20751953125,0.0244140625,-0.10986328125,1.318359375,0.06103515625,-1.0009765625,0.09765625,-0.37841796875,-0.0244140625,-1.025390625,-0.244140625,-0.7568359375,0.341796875,-1.5380859375,-0.146484375,-0.29296875,-0.0244140625,-0.341796875,-0.0244140625,-1.15966796875,-0.03662109375,-1.30615234375,-0.0244140625,-1.15966796875,-0.42724609375,-1.13525390625,-0.3173828125,-0.76904296875,0.13427734375,-0.10986328125,0.08544921875,-1.46484375,-0.18310546875,-1.03759765625,-0.13427734375,0.42724609375,-0.0244140625,0.341796875,-0.0244140625,0,-0.0732421875,-0.06103515625,-0.03662109375,0.1953125,-0.06103515625,-0.0732421875,-0.0732421875,0.76904296875,-0.01220703125,-0.5126953125,-0.15869140625,-0.57373046875
1,-0.1953125,-0.32958984375,-0.06103515625,-0.341796875,-0.341796875,-0.4150390625,0,0,0.08544921875,0.01220703125,0.09765625,-0.87890625,0.18310546875,1.08642578125,-0.18310546875,-0.18310546875,-0.1220703125,-0.68359375,-0.1953125,-0.20751953125,-0.048828125,0.8056640625,-0.23193359375,-0.72021484375,0.09765625,-0.01220703125,-0.048828125,-0.84228515625,-0.244140625,0.9033203125,-0.01220703125,0.2197265625,-0.4150390625,-0.29296875,0.048828125,-0.86669921875,-0.2197265625,-0.45166015625,0.146484375,-0.74462890625,0.1220703125,-0.1953125,-0.18310546875,-0.72021484375,0.0732421875,-0.29296875,-0.08544921875,0.86669921875,-0.30517578125,1.15966796875,-0.2685546875,0.4150390625,-0.01220703125,-0.13427734375,-0.1953125,0.72021484375,-0.01220703125,2.57568359375,0.0244140625,2.01416015625,-0.3173828125,1.91650390625,0.341796875,2.33154296875,0.18310546875,0.2685546875,-0.30517578125,1.0498046875,-0.09765625,0.146484375,-0.3173828125,0.244140625,0.08544921875,0.28076171875,-0.09765625,0.830078125,0.20751953125,0,-0.10986328125,1.3427734375,0.01220703125,-1.0009765625,0.09765625,-0.390625,0.08544921875,-1.03759765625,-0.30517578125,-0.78125,0.28076171875,-1.4892578125,-0.15869140625,-0.29296875,-0.10986328125,-0.341796875,0.03662109375,-1.1474609375,-0.0732421875,-1.30615234375,-0.08544921875,-1.171875,-0.40283203125,-1.1474609375,-0.35400390625,-0.7568359375,0.23193359375,-0.146484375,0.1220703125,-1.45263671875,-0.15869140625,-1.025390625,-0.15869140625,0.4150390625,-0.048828125,0.32958984375,-0.03662109375,-0.01220703125,-0.0732421875,-0.08544921875,-0.01220703125,0.15869140625,-0.0732421875,-0.06103515625,-0.06103515625,0.74462890625,-0.0244140625,-0.50048828125,-0.1708984375,-0.57373046875
1,-0.2197265625,-0.3173828125,-0.06103515625,-0.32958984375,-0.341796875,-0.40283203125,-0.03662109375,-0.01220703125,0.08544921875,0,0.06103515625,-0.86669921875,0.1953125,1.13525390625,-0.18310546875,-0.1953125,-0.146484375,-0.68359375,-0.146484375,-0.2197265625,0.048828125,0.79345703125,-0.15869140625,-0.72021484375,0.0732421875,-0.048828125,-0.08544921875,-0.830078125,-0.30517578125,0.89111328125,-0.03662109375,0.20751953125,-0.244140625,-0.3173828125,-0.146484375,-0.830078125,-0.15869140625,-0.439453125,0.09765625,-0.732421875,0.1220703125,-0.20751953125,-0.30517578125,-0.7568359375,0.10986328125,-0.341796875,0,0.84228515625,-0.1953125,1.171875,-0.3173828125,0.40283203125,-0.03662109375,-0.13427734375,-0.23193359375,0.72021484375,-0.048828125,2.44140625,0.01220703125,1.8798828125,-0.20751953125,1.74560546875,0.3662109375,2.23388671875,0.146484375,0.29296875,-0.3173828125,1.06201171875,-0.146484375,0.146484375,-0.28076171875,0.25634765625,0.0244140625,0.29296875,-0.09765625,0.79345703125,0.1708984375,-0.01220703125,-0.048828125,1.33056640625,-0.06103515625,-0.98876953125,0.09765625,-0.390625,0.0732421875,-1.0498046875,-0.25634765625,-0.76904296875,0.23193359375,-1.416015625,-0.15869140625,-0.29296875,-0.18310546875,-0.30517578125,0.048828125,-1.171875,-0.08544921875,-1.318359375,-0.146484375,-1.18408203125,-0.32958984375,-1.15966796875,-0.3662109375,-0.76904296875,0.30517578125,-0.18310546875,0.15869140625,-1.45263671875,-0.13427734375,-1.03759765625,-0.15869140625,0.4150390625,-0.0244140625,0.341796875,-0.06103515625,-0.01220703125,-0.0732421875,-0.08544921875,-0.0244140625,0.146484375,-0.06103515625,-0.048828125,-0.0732421875,0.72021484375,-0.0244140625,-0.48828125,-0.18310546875,-0.57373046875
0,-0.23193359375,-0.30517578125,-0.06103515625,-0.341796875,-0.32958984375,-0.37841796875,-0.01220703125,-0.048828125,0.13427734375,-0.01220703125,0.048828125,-0.8544921875,0.20751953125,1.171875,-0.18310546875,-0.20751953125,-0.15869140625,-0.64697265625,-0.0732421875,-0.244140625,0.10986328125,0.76904296875,-0.0732421875,-0.72021484375,0.08544921875,-0.08544921875,-0.13427734375,-0.830078125,-0.35400390625,0.87890625,-0.10986328125,0.20751953125,-0.15869140625,-0.35400390625,-0.32958984375,-0.830078125,-0.13427734375,-0.4638671875,0.0732421875,-0.72021484375,0.0732421875,-0.20751953125,-0.341796875,-0.74462890625,0.1953125,-0.3662109375,-0.09765625,0.79345703125,-0.1220703125,1.18408203125,-0.341796875,0.439453125,-0.0732421875,-0.1220703125,-0.30517578125,0.72021484375,-0.0732421875,2.1484375,0.0244140625,1.67236328125,-0.20751953125,1.50146484375,0.37841796875,2.0263671875,0.09765625,0.30517578125,-0.30517578125,1.03759765625,-0.20751953125,0.15869140625,-0.23193359375,0.23193359375,-0.06103515625,0.28076171875,0,0.76904296875,0.15869140625,-0.03662109375,0.0244140625,1.3427734375,-0.13427734375,-0.98876953125,0.1220703125,-0.390625,0.06103515625,-1.0498046875,-0.1220703125,-0.78125,0.1953125,-1.33056640625,-0.1708984375,-0.29296875,-0.2197265625,-0.30517578125,0.06103515625,-1.171875,-0.06103515625,-1.33056640625,-0.15869140625,-1.1962890625,-0.2685546875,-1.171875,-0.32958984375,-0.79345703125,0.32958984375,-0.244140625,0.1953125,-1.4404296875,-0.1220703125,-1.07421875,-0.18310546875,0.4150390625,-0.03662109375,0.32958984375,-0.048828125,0.01220703125,-0.0732421875,-0.09765625,0,0.146484375,-0.06103515625,-0.048828125,-0.06103515625,0.732421875,-0.048828125,-0.47607421875,-0.15869140625,-0.5615234375
0,-0.23193359375,-0.29296875,-0.048828125,-0.341796875,-0.32958984375,-0.390625,0,-0.06103515625,0.13427734375,0,0.048828125,-0.8544921875,0.20751953125,1.18408203125,-0.20751953125,-0.2197265625,-0.1708984375,-0.634765625,0.06103515625,-0.23193359375,0.15869140625,0.76904296875,0,-0.7080078125,0.06103515625,-0.09765625,-0.13427734375,-0.830078125,-0.35400390625,0.87890625,-0.20751953125,0.20751953125,-0.08544921875,-0.390625,-0.40283203125,-0.8544921875,-0.13427734375,-0.47607421875,0.03662109375,-0.72021484375,-0.048828125,-0.2197265625,-0.40283203125,-0.72021484375,0.244140625,-0.40283203125,-0.1953125,0.74462890625,-0.0732421875,1.18408203125,-0.341796875,0.45166015625,-0.13427734375,-0.1220703125,-0.30517578125,0.74462890625,-0.06103515625,1.72119140625,0.08544921875,1.42822265625,-0.15869140625,1.2939453125,0.47607421875,1.7578125,0.0732421875,0.30517578125,-0.30517578125,1.0498046875,-0.23193359375,0.1953125,-0.20751953125,0.2197265625,-0.08544921875,0.28076171875,0.03662109375,0.78125,0.18310546875,-0.048828125,0.0732421875,1.3427734375,-0.146484375,-0.98876953125,0.146484375,-0.37841796875,0.0244140625,-1.0498046875,0.08544921875,-0.79345703125,0.1953125,-1.2451171875,-0.146484375,-0.30517578125,-0.23193359375,-0.29296875,0.0732421875,-1.18408203125,-0.03662109375,-1.33056640625,-0.15869140625,-1.220703125,-0.18310546875,-1.1962890625,-0.28076171875,-0.830078125,0.35400390625,-0.28076171875,0.18310546875,-1.45263671875,-0.09765625,-1.07421875,-0.20751953125,0.40283203125,-0.0244140625,0.341796875,-0.0732421875,0,-0.06103515625,-0.08544921875,0,0.13427734375,-0.03662109375,-0.03662109375,-0.08544921875,0.732421875,-0.06103515625,-0.47607421875,-0.15869140625,-0.57373046875
0,-0.244140625,-0.29296875,-0.048828125,-0.35400390625,-0.32958984375,-0.37841796875,-0.01220703125,-0.0732421875,0.10986328125,-0.01220703125,0.0732421875,-0.86669921875,0.18310546875,1.18408203125,-0.1953125,-0.2197265625,-0.146484375,-0.634765625,0.1708984375,-0.23193359375,0.18310546875,0.76904296875,0.08544921875,-0.732421875,0.01220703125,-0.146484375,-0.1708984375,-0.81787109375,-0.29296875,0.8544921875,-0.29296875,0.20751953125,-0.08544921875,-0.390625,-0.35400390625,-0.86669921875,-0.15869140625,-0.5126953125,0.01220703125,-0.732421875,-0.1708984375,-0.23193359375,-0.37841796875,-0.68359375,0.2197265625,-0.439453125,-0.1953125,0.6591796875,-0.0244140625,1.13525390625,-0.32958984375,0.47607421875,-0.20751953125,-0.1220703125,-0.341796875,0.74462890625,-0.03662109375,1.318359375,0.048828125,1.171875,-0.20751953125,1.06201171875,0.45166015625,1.45263671875,0.06103515625,0.29296875,-0.28076171875,1.0498046875,-0.25634765625,0.18310546875,-0.18310546875,0.2197265625,-0.146484375,0.28076171875,0.048828125,0.8056640625,0.18310546875,-0.03662109375,0.1220703125,1.3427734375,-0.08544921875,-0.98876953125,0.18310546875,-0.37841796875,0.0244140625,-1.03759765625,0.2197265625,-0.8056640625,0.18310546875,-1.171875,-0.09765625,-0.28076171875,-0.15869140625,-0.28076171875,0.048828125,-1.220703125,0,-1.3671875,-0.10986328125,-1.2451171875,-0.08544921875,-1.220703125,-0.23193359375,-0.89111328125,0.3173828125,-0.341796875,0.1953125,-1.46484375,-0.08544921875,-1.08642578125,-0.1953125,0.40283203125,-0.0244140625,0.341796875,-0.09765625,0,-0.08544921875,-0.08544921875,0,0.146484375,-0.0244140625,-0.01220703125,-0.08544921875,0.7568359375,-0.0244140625,-0.48828125,-0.1708984375,-0.537109375
0,-0.244140625,-0.30517578125,-0.06103515625,-0.341796875,-0.32958984375,-0.390625,0.01220703125,-0.08544921875,0.09765625,-0.0244140625,0.08544921875,-0.86669921875,0.1708984375,1.18408203125,-0.20751953125,-0.20751953125,-0.13427734375,-0.64697265625,0.25634765625,-0.2197265625,0.15869140625,0.76904296875,0.13427734375,-0.74462890625,-0.01220703125,-0.15869140625,-0.146484375,-0.8056640625,-0.20751953125,0.86669921875,-0.35400390625,0.20751953125,-0.1708984375,-0.4150390625,-0.244140625,-0.89111328125,-0.18310546875,-0.54931640625,0,-0.74462890625,-0.28076171875,-0.244140625,-0.3662109375,-0.64697265625,0.146484375,-0.4638671875,-0.29296875,0.634765625,-0.03662109375,1.13525390625,-0.29296875,0.47607421875,-0.2197265625,-0.146484375,-0.390625,0.74462890625,-0.01220703125,0.9765625,0.0732421875,1.0009765625,-0.146484375,0.927734375,0.45166015625,1.20849609375,0.0244140625,0.25634765625,-0.244140625,1.025390625,-0.244140625,0.20751953125,-0.1708984375,0.1953125,-0.1953125,0.2685546875,0.09765625,0.87890625,0.18310546875,-0.03662109375,0.13427734375,1.3427734375,-0.01220703125,-0.9765625,0.1953125,-0.3662109375,0.06103515625,-1.0498046875,0.35400390625,-0.81787109375,0.18310546875,-1.07421875,-0.0244140625,-0.29296875,-0.048828125,-0.29296875,-0.03662109375,-1.220703125,-0.03662109375,-1.3916015625,-0.03662109375,-1.25732421875,-0.0244140625,-1.20849609375,-0.18310546875,-0.91552734375,0.244140625,-0.3662109375,0.15869140625,-1.47705078125,-0.10986328125,-1.08642578125,-0.13427734375,0.390625,-0.0244140625,0.32958984375,-0.08544921875,0,-0.0732421875,-0.0732421875,0,0.1708984375,-0.0244140625,-0.01220703125,-0.08544921875,0.76904296875,-0.03662109375,-0.50048828125,-0.18310546875,-0.52490234375
0,-0.23193359375,-0.32958984375,-0.0732421875,-0.341796875,-0.3662109375,-0.40283203125,0.0244140625,-0.0732421875,0.06103515625,-0.01220703125,0.09765625,-0.86669921875,0.15869140625,1.1474609375,-0.23193359375,-0.1953125,-0.1220703125,-0.64697265625,0.341796875,-0.18310546875,0.1220703125,0.78125,0.15869140625,-0.74462890625,-0.0244140625,-0.20751953125,-0.09765625,-0.79345703125,-0.146484375,0.86669921875,-0.35400390625,0.1953125,-0.32958984375,-0.37841796875,-0.15869140625,-0.927734375,-0.146484375,-0.5615234375,0.0244140625,-0.76904296875,-0.37841796875,-0.25634765625,-0.28076171875,-0.62255859375,0.03662109375,-0.439453125,-0.29296875,0.62255859375,-0.0732421875,1.13525390625,-0.2685546875,0.47607421875,-0.3173828125,-0.1708984375,-0.37841796875,0.74462890625,0,0.79345703125,0.1220703125,0.91552734375,-0.09765625,0.87890625,0.48828125,1.03759765625,-0.0244140625,0.23193359375,-0.2197265625,1.01318359375,-0.20751953125,0.20751953125,-0.18310546875,0.1708984375,-0.1953125,0.244140625,0.13427734375,0.89111328125,0.18310546875,-0.0244140625,0.13427734375,1.33056640625,0.10986328125,-0.98876953125,0.2197265625,-0.35400390625,0.09765625,-1.03759765625,0.439453125,-0.8056640625,0.2197265625,-0.98876953125,0.06103515625,-0.2685546875,0.06103515625,-0.30517578125,-0.08544921875,-1.23291015625,-0.0732421875,-1.40380859375,0.01220703125,-1.26953125,0.06103515625,-1.20849609375,-0.146484375,-0.927734375,0.1708984375,-0.390625,0.13427734375,-1.47705078125,-0.1220703125,-1.07421875,-0.10986328125,0.3662109375,0,0.3662109375,-0.08544921875,0.01220703125,-0.06103515625,-0.0732421875,-0.03662109375,0.18310546875,-0.01220703125,-0.01220703125,-0.10986328125,0.79345703125,-0.0244140625,-0.47607421875,-0.1953125,-0.5126953125
0,-0.244140625,-0.35400390625,-0.06103515625,-0.32958984375,-0.3662109375,-0.42724609375,0.01220703125,-0.0732421875,0.048828125,-0.03662109375,0.13427734375,-0.86669921875,0.1708984375,1.0986328125,-0.30517578125,-0.1953125,-0.1220703125,-0.6591796875,0.35400390625,-0.1953125,0.09765625,0.79345703125,0.1953125,-0.74462890625,-0.01220703125,-0.23193359375,-0.0244140625,-0.79345703125,-0.08544921875,0.86669921875,-0.30517578125,0.1953125,-0.42724609375,-0.341796875,-0.0732421875,-0.9521484375,-0.146484375,-0.52490234375,0.01220703125,-0.76904296875,-0.37841796875,-0.244140625,-0.13427734375,-0.59814453125,-0.048828125,-0.4150390625,-0.25634765625,0.6103515625,-0.146484375,1.15966796875,-0.2197265625,0.4638671875,-0.2197265625,-0.1708984375,-0.4150390625,0.72021484375,0.048828125,0.79345703125,0.18310546875,0.91552734375,-0.08544921875,0.927734375,0.48828125,0.98876953125,-0.03662109375,0.1953125,-0.1708984375,1.025390625,-0.15869140625,0.244140625,-0.20751953125,0.146484375,-0.15869140625,0.23193359375,0.18310546875,0.93994140625,0.18310546875,-0.01220703125,0.1220703125,1.318359375,0.1708984375,-1.0009765625,0.20751953125,-0.35400390625,0.15869140625,-1.01318359375,0.390625,-0.79345703125,0.244140625,-0.93994140625,0.15869140625,-0.244140625,0.1708984375,-0.30517578125,-0.10986328125,-1.23291015625,-0.10986328125,-1.40380859375,0.06103515625,-1.26953125,0.048828125,-1.18408203125,-0.13427734375,-0.91552734375,0.09765625,-0.4150390625,0.06103515625,-1.47705078125,-0.13427734375,-1.06201171875,-0.10986328125,0.3662109375,0.01220703125,0.3662109375,-0.048828125,0.0244140625,-0.06103515625,-0.048828125,-0.06103515625,0.20751953125,-0.01220703125,-0.0244140625,-0.08544921875,0.8056640625,-0.03662109375,-0.50048828125,-0.20751953125,-0.50048828125
0,-0.244140625,-0.3662109375,-0.06103515625,-0.35400390625,-0.3662109375,-0.4150390625,0.01220703125,-0.06103515625,0.048828125,-0.048828125,0.146484375,-0.8544921875,0.18310546875,1.07421875,-0.35400390625,-0.1708984375,-0.08544921875,-0.6591796875,0.341796875,-0.18310546875,0.048828125,0.79345703125,0.1708984375,-0.732421875,0.01220703125,-0.244140625,0.0244140625,-0.8056640625,-0.048828125,0.86669921875,-0.25634765625,0.20751953125,-0.52490234375,-0.2685546875,0.0244140625,-0.9521484375,-0.1953125,-0.52490234375,0.03662109375,-0.7568359375,-0.3662109375,-0.2197265625,-0.1220703125,-0.5859375,-0.13427734375,-0.37841796875,-0.2685546875,0.6103515625,-0.20751953125,1.171875,-0.2197265625,0.439453125,-0.1953125,-0.18310546875,-0.40283203125,0.7080078125,-0.0732421875,0.87890625,0.0732421875,0.98876953125,-0.1708984375,1.03759765625,0.37841796875,1.03759765625,-0.0732421875,0.18310546875,-0.10986328125,1.01318359375,-0.08544921875,0.244140625,-0.2685546875,0.1708984375,-0.13427734375,0.244140625,0.1953125,0.96435546875,0.18310546875,-0.01220703125,0.10986328125,1.318359375,0.1953125,-1.0009765625,0.1953125,-0.3662109375,0.23193359375,-1.01318359375,0.23193359375,-0.8056640625,0.244140625,-0.87890625,0.1953125,-0.244140625,0.244140625,-0.32958984375,-0.08544921875,-1.220703125,-0.10986328125,-1.3916015625,0.10986328125,-1.2451171875,-0.0244140625,-1.18408203125,-0.146484375,-0.89111328125,0.0732421875,-0.390625,-0.01220703125,-1.50146484375,-0.146484375,-1.0498046875,-0.1220703125,0.37841796875,0,0.3662109375,-0.0244140625,0.03662109375,-0.06103515625,-0.03662109375,-0.0732421875,0.2197265625,-0.0244140625,-0.03662109375,-0.0732421875,0.78125,-0.0244140625,-0.50048828125,-0.25634765625,-0.54931640625
0,-0.23193359375,-0.37841796875,-0.06103515625,-0.35400390625,-0.3662109375,-0.4150390625,0,-0.08544921875,0.048828125,-0.0244140625,0.146484375,-0.89111328125,0.1953125,1.03759765625,-0.4150390625,-0.15869140625,-0.08544921875,-0.68359375,0.2685546875,-0.18310546875,0.03662109375,0.8056640625,0.10986328125,-0.74462890625,0.08544921875,-0.28076171875,0.08544921875,-0.8056640625,-0.06103515625,0.87890625,-0.10986328125,0.20751953125,-0.45166015625,-0.244140625,0.01220703125,-0.93994140625,-0.25634765625,-0.50048828125,0.06103515625,-0.76904296875,-0.28076171875,-0.1953125,-0.048828125,-0.5859375,-0.1953125,-0.3173828125,-0.20751953125,0.62255859375,-0.23193359375,1.18408203125,-0.20751953125,0.439453125,-0.146484375,-0.15869140625,-0.32958984375,0.69580078125,-0.03662109375,1.06201171875,0.13427734375,1.0986328125,-0.1220703125,1.123046875,0.4638671875,1.0986328125,-0.06103515625,0.15869140625,-0.0732421875,1.03759765625,-0.0244140625,0.244140625,-0.28076171875,0.15869140625,-0.06103515625,0.244140625,0.23193359375,0.93994140625,0.146484375,0.0244140625,0.08544921875,1.30615234375,0.2197265625,-1.0009765625,0.15869140625,-0.37841796875,0.244140625,-1.01318359375,0.048828125,-0.78125,0.2685546875,-0.84228515625,0.28076171875,-0.25634765625,0.20751953125,-0.32958984375,0.01220703125,-1.20849609375,-0.048828125,-1.37939453125,0.06103515625,-1.23291015625,-0.08544921875,-1.15966796875,-0.1708984375,-0.8544921875,0.10986328125,-0.37841796875,-0.0732421875,-1.4892578125,-0.146484375,-1.025390625,-0.13427734375,0.37841796875,0,0.3662109375,-0.01220703125,0.03662109375,-0.06103515625,-0.03662109375,-0.09765625,0.23193359375,-0.048828125,-0.0732421875,-0.0732421875,0.78125,-0.01220703125,-0.50048828125,-0.25634765625,-0.54931640625
0,-0.244140625,-0.3662109375,-0.048828125,-0.341796875,-0.3662109375,-0.4150390625,0.0244140625,-0.048828125,0.06103515625,-0.03662109375,0.146484375,-0.87890625,0.2197265625,1.03759765625,-0.48828125,-0.20751953125,-0.08544921875,-0.67138671875,0.20751953125,-0.18310546875,0.03662109375,0.81787109375,-0.0244140625,-0.732421875,0.10986328125,-0.28076171875,0.08544921875,-0.8056640625,-0.09765625,0.86669921875,0.048828125,0.20751953125,-0.30517578125,-0.25634765625,-0.01220703125,-0.93994140625,-0.25634765625,-0.47607421875,0.09765625,-0.7568359375,-0.146484375,-0.1953125,-0.03662109375,-0.59814453125,-0.15869140625,-0.3173828125,-0.146484375,0.67138671875,-0.25634765625,1.20849609375,-0.28076171875,0.4150390625,-0.03662109375,-0.18310546875,-0.30517578125,0.72021484375,0.0244140625,1.2451171875,0.15869140625,1.171875,-0.1220703125,1.20849609375,0.47607421875,1.171875,-0.0244140625,0.15869140625,-0.03662109375,1.025390625,0.01220703125,0.244140625,-0.2685546875,0.1708984375,-0.08544921875,0.244140625,0.244140625,0.9033203125,0.09765625,0.01220703125,0.048828125,1.30615234375,0.1953125,-1.01318359375,0.10986328125,-0.37841796875,0.1953125,-1.0009765625,-0.1220703125,-0.76904296875,0.3173828125,-0.81787109375,0.2685546875,-0.244140625,0.15869140625,-0.3173828125,0.09765625,-1.20849609375,0.0244140625,-1.3671875,0.03662109375,-1.20849609375,-0.1708984375,-1.15966796875,-0.1708984375,-0.8056640625,0.09765625,-0.3662109375,-0.10986328125,-1.4892578125,-0.13427734375,-1.025390625,-0.13427734375,0.37841796875,0,0.37841796875,0,0.0244140625,-0.048828125,-0.0244140625,-0.09765625,0.23193359375,-0.06103515625,-0.09765625,-0.06103515625,0.76904296875,-0.0244140625,-0.50048828125,-0.29296875,-0.57373046875
0,-0.25634765625,-0.37841796875,-0.0244140625,-0.341796875,-0.341796875,-0.4150390625,-0.01220703125,-0.048828125,0.048828125,-0.03662109375,0.15869140625,-0.89111328125,0.18310546875,1.03759765625,-0.59814453125,-0.18310546875,-0.06103515625,-0.69580078125,0.13427734375,-0.18310546875,0,0.8056640625,-0.1708984375,-0.732421875,0.15869140625,-0.244140625,0.08544921875,-0.830078125,-0.1220703125,0.89111328125,0.15869140625,0.20751953125,-0.0244140625,-0.23193359375,-0.06103515625,-0.9033203125,-0.25634765625,-0.439453125,0.13427734375,-0.7568359375,0.01220703125,-0.1708984375,-0.08544921875,-0.62255859375,-0.146484375,-0.28076171875,-0.146484375,0.68359375,-0.2685546875,1.1962890625,-0.28076171875,0.439453125,0.09765625,-0.1708984375,-0.25634765625,0.7080078125,-0.08544921875,1.35498046875,0.06103515625,1.220703125,-0.18310546875,1.23291015625,0.35400390625,1.18408203125,0.01220703125,0.1708984375,0.0244140625,1.025390625,0.0244140625,0.2197265625,-0.2685546875,0.1953125,-0.06103515625,0.25634765625,0.2685546875,0.87890625,0.06103515625,0.01220703125,0.03662109375,1.28173828125,0.146484375,-1.0009765625,0.0732421875,-0.37841796875,0.10986328125,-1.03759765625,-0.20751953125,-0.7568359375,0.32958984375,-0.830078125,0.28076171875,-0.25634765625,0.08544921875,-0.30517578125,0.20751953125,-1.18408203125,0.1220703125,-1.3427734375,0,-1.1962890625,-0.2197265625,-1.15966796875,-0.2197265625,-0.76904296875,0.146484375,-0.35400390625,-0.10986328125,-1.4892578125,-0.15869140625,-1.025390625,-0.146484375,0.390625,0.01220703125,0.390625,0,0.0244140625,-0.048828125,-0.01220703125,-0.09765625,0.2197265625,-0.06103515625,-0.10986328125,-0.06103515625,0.7568359375,-0.048828125,-0.48828125,-0.2685546875,-0.59814453125
0,-0.25634765625,-0.390625,-0.01220703125,-0.341796875,-0.3173828125,-0.390625,-0.03662109375,-0.048828125,0.048828125,-0.06103515625,0.15869140625,-0.9033203125,0.1953125,1.03759765625,-0.62255859375,-0.1708984375,-0.08544921875,-0.68359375,0.048828125,-0.18310546875,-0.048828125,0.8056640625,-0.32958984375,-0.7080078125,0.2197265625,-0.23193359375,0.0732421875,-0.81787109375,-0.146484375,0.86669921875,0.23193359375,0.18310546875,0.1708984375,-0.2197265625,-0.13427734375,-0.86669921875,-0.23193359375,-0.4150390625,0.18310546875,-0.74462890625,0.146484375,-0.15869140625,-0.08544921875,-0.6591796875,-0.0732421875,-0.2685546875,-0.0732421875,0.72021484375,-0.25634765625,1.20849609375,-0.32958984375,0.45166015625,0.25634765625,-0.15869140625,-0.25634765625,0.7080078125,-0.0244140625,1.3916015625,0.09765625,1.171875,-0.146484375,1.20849609375,0.3662109375,1.123046875,0.1220703125,0.18310546875,0.048828125,1.03759765625,0.0244140625,0.20751953125,-0.244140625,0.1953125,-0.0244140625,0.2685546875,0.244140625,0.830078125,0.01220703125,0,0.0244140625,1.28173828125,0.1220703125,-0.9765625,0.01220703125,-0.37841796875,0,-1.01318359375,-0.244140625,-0.7568359375,0.32958984375,-0.8544921875,0.28076171875,-0.2685546875,0.01220703125,-0.29296875,0.3173828125,-1.15966796875,0.1708984375,-1.3427734375,-0.01220703125,-1.171875,-0.244140625,-1.1474609375,-0.25634765625,-0.7568359375,0.18310546875,-0.3662109375,-0.13427734375,-1.4892578125,-0.15869140625,-1.025390625,-0.18310546875,0.390625,0.048828125,0.37841796875,-0.01220703125,0.01220703125,-0.06103515625,-0.0244140625,-0.0732421875,0.18310546875,-0.06103515625,-0.1220703125,-0.08544921875,0.7568359375,-0.06103515625,-0.47607421875,-0.20751953125,-0.59814453125
0,-0.244140625,-0.3662109375,-0.0244140625,-0.32958984375,-0.341796875,-0.390625,-0.03662109375,-0.0244140625,0.0732421875,-0.0244140625,0.13427734375,-0.89111328125,0.1953125,1.0498046875,-0.69580078125,-0.1953125,-0.1220703125,-0.6591796875,-0.03662109375,-0.18310546875,-0.09765625,0.81787109375,-0.42724609375,-0.7080078125,0.244140625,-0.20751953125,0.08544921875,-0.8056640625,-0.18310546875,0.87890625,0.2197265625,0.1708984375,0.35400390625,-0.29296875,-0.146484375,-0.84228515625,-0.1953125,-0.40283203125,0.13427734375,-0.74462890625,0.30517578125,-0.146484375,-0.09765625,-0.68359375,0.03662109375,-0.30517578125,-0.06103515625,0.732421875,-0.25634765625,1.18408203125,-0.4150390625,0.4638671875,0.3662109375,-0.15869140625,-0.244140625,0.732421875,-0.08544921875,1.2939453125,0.048828125,1.0986328125,-0.1220703125,1.123046875,0.28076171875,1.01318359375,0.18310546875,0.20751953125,0.10986328125,1.025390625,0.0244140625,0.1953125,-0.20751953125,0.20751953125,0,0.2685546875,0.20751953125,0.78125,-0.0244140625,-0.01220703125,0,1.28173828125,0.048828125,-0.9521484375,-0.0244140625,-0.37841796875,-0.1220703125,-1.025390625,-0.1953125,-0.74462890625,0.2685546875,-0.927734375,0.23193359375,-0.2685546875,-0.0244140625,-0.29296875,0.32958984375,-1.171875,0.146484375,-1.33056640625,0,-1.18408203125,-0.28076171875,-1.18408203125,-0.3173828125,-0.78125,0.18310546875,-0.37841796875,-0.08544921875,-1.4892578125,-0.1708984375,-1.0498046875,-0.25634765625,0.40283203125,0.06103515625,0.37841796875,-0.01220703125,-0.01220703125,-0.0732421875,-0.048828125,-0.0732421875,0.18310546875,-0.048828125,-0.10986328125,-0.1220703125,0.7568359375,-0.0732421875,-0.45166015625,-0.20751953125,-0.57373046875
0,-0.2685546875,-0.3662109375,-0.0244140625,-0.3173828125,-0.32958984375,-0.37841796875,-0.06103515625,-0.01220703125,0.06103515625,0,0.1220703125,-0.91552734375,0.1953125,1.06201171875,-0.7080078125,-0.1708984375,-0.1708984375,-0.67138671875,-0.13427734375,-0.20751953125,-0.15869140625,0.76904296875,-0.45166015625,-0.72021484375,0.23193359375,-0.1708984375,0.08544921875,-0.84228515625,-0.15869140625,0.87890625,0.13427734375,0.1953125,0.45166015625,-0.3662109375,-0.2197265625,-0.8544921875,-0.18310546875,-0.4150390625,0.15869140625,-0.732421875,0.40283203125,-0.1708984375,-0.0732421875,-0.69580078125,0.146484375,-0.390625,0.01220703125,0.74462890625,-0.20751953125,1.15966796875,-0.5126953125,0.47607421875,0.40283203125,-0.18310546875,-0.18310546875,0.72021484375,-0.1220703125,1.15966796875,0,0.93994140625,-0.18310546875,1.0009765625,0.244140625,0.8544921875,0.1708984375,0.23193359375,0.146484375,1.0498046875,0.03662109375,0.18310546875,-0.1708984375,0.1953125,0.0732421875,0.30517578125,0.1953125,0.7568359375,-0.048828125,-0.01220703125,0,1.30615234375,-0.03662109375,-0.927734375,-0.10986328125,-0.37841796875,-0.244140625,-1.025390625,-0.1220703125,-0.76904296875,0.2197265625,-1.025390625,0.18310546875,-0.25634765625,-0.048828125,-0.29296875,0.29296875,-1.171875,0.09765625,-1.318359375,0.01220703125,-1.1962890625,-0.2685546875,-1.18408203125,-0.4150390625,-0.8056640625,0.146484375,-0.42724609375,-0.048828125,-1.4892578125,-0.146484375,-1.06201171875,-0.30517578125,0.37841796875,0.08544921875,0.341796875,-0.03662109375,-0.0244140625,-0.06103515625,-0.0244140625,-0.048828125,0.146484375,-0.0244140625,-0.08544921875,-0.10986328125,0.7568359375,-0.0732421875,-0.45166015625,-0.1953125,-0.5615234375
0,-0.25634765625,-0.35400390625,-0.0244140625,-0.30517578125,-0.341796875,-0.3662109375,-0.06103515625,-0.0244140625,0.0732421875,-0.0244140625,0.1220703125,-0.91552734375,0.15869140625,1.0986328125,-0.69580078125,-0.18310546875,-0.20751953125,-0.634765625,-0.15869140625,-0.1953125,-0.244140625,0.78125,-0.40283203125,-0.7080078125,0.2197265625,-0.13427734375,0.048828125,-0.84228515625,-0.15869140625,0.86669921875,0.03662109375,0.1953125,0.40283203125,-0.4150390625,-0.28076171875,-0.84228515625,-0.1953125,-0.4150390625,0.1953125,-0.74462890625,0.439453125,-0.1708984375,-0.0244140625,-0.68359375,0.2685546875,-0.439453125,0.048828125,0.72021484375,-0.15869140625,1.13525390625,-0.59814453125,0.48828125,0.4638671875,-0.15869140625,-0.10986328125,0.72021484375,-0.2197265625,0.98876953125,-0.09765625,0.8544921875,-0.23193359375,0.9033203125,0.1953125,0.72021484375,0.1708984375,0.2685546875,0.15869140625,1.03759765625,0.0244140625,0.1708984375,-0.13427734375,0.20751953125,0.15869140625,0.28076171875,0.146484375,0.7080078125,-0.08544921875,0,-0.01220703125,1.318359375,-0.09765625,-0.93994140625,-0.146484375,-0.390625,-0.3173828125,-1.025390625,0,-0.78125,0.1953125,-1.0986328125,0.1220703125,-0.28076171875,-0.048828125,-0.2685546875,0.18310546875,-1.171875,0,-1.33056640625,0.0244140625,-1.220703125,-0.2685546875,-1.1962890625,-0.45166015625,-0.81787109375,0.1220703125,-0.48828125,0.06103515625,-1.47705078125,-0.13427734375,-1.08642578125,-0.3173828125,0.37841796875,0.1220703125,0.35400390625,-0.06103515625,-0.01220703125,-0.0732421875,-0.048828125,-0.048828125,0.146484375,-0.01220703125,-0.06103515625,-0.1220703125,0.7568359375,-0.0732421875,-0.45166015625,-0.13427734375,-0.54931640625
1,-0.2685546875,-0.341796875,-0.01220703125,-0.3173828125,-0.35400390625,-0.35400390625,-0.08544921875,-0.06103515625,0.0244140625,-0.0244140625,0.146484375,-0.86669921875,0.146484375,1.11083984375,-0.6591796875,-0.20751953125,-0.2685546875,-0.6103515625,-0.1708984375,-0.20751953125,-0.29296875,0.76904296875,-0.30517578125,-0.72021484375,0.13427734375,-0.10986328125,0.01220703125,-0.84228515625,-0.18310546875,0.86669921875,-0.13427734375,0.1953125,0.28076171875,-0.45166015625,-0.2197265625,-0.8544921875,-0.1953125,-0.42724609375,0.20751953125,-0.72021484375,0.3662109375,-0.1953125,-0.01220703125,-0.7080078125,0.341796875,-0.47607421875,0.09765625,0.7080078125,-0.146484375,1.11083984375,-0.6591796875,0.4638671875,0.47607421875,-0.1708984375,-0.03662109375,0.732421875,-0.1953125,0.84228515625,-0.06103515625,0.79345703125,-0.10986328125,0.8544921875,0.2197265625,0.6591796875,0.1708984375,0.2685546875,0.18310546875,1.06201171875,0.03662109375,0.15869140625,-0.09765625,0.1953125,0.25634765625,0.29296875,0.0732421875,0.732421875,-0.10986328125,0,0,1.3427734375,-0.09765625,-0.93994140625,-0.146484375,-0.390625,-0.29296875,-1.01318359375,0.0732421875,-0.76904296875,0.13427734375,-1.20849609375,0.09765625,-0.29296875,-0.01220703125,-0.244140625,0.06103515625,-1.171875,-0.0732421875,-1.35498046875,-0.01220703125,-1.23291015625,-0.244140625,-1.1962890625,-0.45166015625,-0.84228515625,0.09765625,-0.5615234375,0.1220703125,-1.47705078125,-0.15869140625,-1.08642578125,-0.28076171875,0.390625,0.10986328125,0.32958984375,-0.08544921875,0,-0.0732421875,-0.0244140625,-0.10986328125,0.1708984375,-0.01220703125,-0.048828125,-0.09765625,0.7568359375,-0.06103515625,-0.48828125,-0.1220703125,-0.52490234375
1,-0.25634765625,-0.32958984375,-0.03662109375,-0.3173828125,-0.35400390625,-0.3662109375,-0.06103515625,-0.06103515625,0.01220703125,-0.0244140625,0.15869140625,-0.89111328125,0.13427734375,1.1474609375,-0.5859375,-0.20751953125,-0.28076171875,-0.6103515625,-0.13427734375,-0.1953125,-0.28076171875,0.74462890625,-0.1708984375,-0.72021484375,0.048828125,-0.10986328125,-0.0244140625,-0.81787109375,-0.2197265625,0.8544921875,-0.25634765625,0.1953125,0.13427734375,-0.47607421875,-0.18310546875,-0.86669921875,-0.15869140625,-0.47607421875,0.20751953125,-0.74462890625,0.20751953125,-0.20751953125,0.01220703125,-0.69580078125,0.30517578125,-0.5126953125,0.13427734375,0.67138671875,-0.09765625,1.0986328125,-0.67138671875,0.4638671875,0.5126953125,-0.15869140625,0.0732421875,0.732421875,-0.1220703125,0.79345703125,-0.08544921875,0.8056640625,-0.1708984375,0.89111328125,0.146484375,0.7080078125,0.1708984375,0.28076171875,0.18310546875,1.025390625,0.03662109375,0.1708984375,-0.08544921875,0.20751953125,0.341796875,0.2685546875,0,0.74462890625,-0.146484375,0.0244140625,0,1.35498046875,-0.08544921875,-0.96435546875,-0.146484375,-0.390625,-0.2197265625,-1.01318359375,0.0732421875,-0.79345703125,0.09765625,-1.2939453125,0.048828125,-0.28076171875,-0.048828125,-0.2685546875,-0.03662109375,-1.18408203125,-0.08544921875,-1.3671875,-0.048828125,-1.2451171875,-0.20751953125,-1.1962890625,-0.4638671875,-0.8544921875,0.146484375,-0.64697265625,0.20751953125,-1.47705078125,-0.1708984375,-1.07421875,-0.20751953125,0.3662109375,0.08544921875,0.341796875,-0.06103515625,0.01220703125,-0.0732421875,-0.0244140625,-0.13427734375,0.1708984375,-0.03662109375,-0.048828125,-0.1220703125,0.7568359375,-0.0732421875,-0.50048828125,-0.09765625,-0.52490234375
1,-0.244140625,-0.32958984375,0,-0.341796875,-0.35400390625,-0.390625,-0.08544921875,-0.08544921875,0.01220703125,-0.03662109375,0.146484375,-0.89111328125,0.1708984375,1.13525390625,-0.52490234375,-0.23193359375,-0.29296875,-0.62255859375,-0.08544921875,-0.18310546875,-0.23193359375,0.76904296875,-0.08544921875,-0.7080078125,-0.06103515625,-0.1220703125,-0.09765625,-0.830078125,-0.28076171875,0.8544921875,-0.3173828125,0.2197265625,-0.048828125,-0.439453125,-0.20751953125,-0.9033203125,-0.13427734375,-0.50048828125,0.2197265625,-0.7568359375,0.048828125,-0.20751953125,-0.01220703125,-0.68359375,0.25634765625,-0.47607421875,0.15869140625,0.634765625,-0.048828125,1.0986328125,-0.72021484375,0.45166015625,0.50048828125,-0.1708984375,0.18310546875,0.732421875,-0.18310546875,0.89111328125,-0.06103515625,0.91552734375,-0.13427734375,1.025390625,0.09765625,0.89111328125,0.20751953125,0.28076171875,0.15869140625,1.025390625,0.048828125,0.18310546875,-0.06103515625,0.18310546875,0.37841796875,0.2685546875,-0.048828125,0.78125,-0.146484375,0.01220703125,-0.03662109375,1.35498046875,-0.048828125,-0.9765625,-0.13427734375,-0.390625,-0.0732421875,-1.025390625,0.03662109375,-0.78125,0.0732421875,-1.3916015625,0.03662109375,-0.29296875,-0.06103515625,-0.2685546875,-0.08544921875,-1.171875,-0.03662109375,-1.37939453125,-0.1220703125,-1.25732421875,-0.18310546875,-1.18408203125,-0.40283203125,-0.87890625,0.1953125,-0.72021484375,0.1953125,-1.47705078125,-0.20751953125,-1.08642578125,-0.13427734375,0.3662109375,0.048828125,0.341796875,-0.0732421875,0.03662109375,-0.06103515625,-0.0244140625,-0.15869140625,0.2197265625,-0.03662109375,-0.048828125,-0.09765625,0.8056640625,-0.048828125,-0.50048828125,-0.09765625,-0.52490234375
1,-0.25634765625,-0.3173828125,-0.01220703125,-0.35400390625,-0.35400390625,-0.390625,-0.0732421875,-0.09765625,-0.01220703125,-0.03662109375,0.1220703125,-0.9033203125,0.146484375,1.123046875,-0.4150390625,-0.23193359375,-0.2685546875,-0.62255859375,-0.01220703125,-0.2197265625,-0.13427734375,0.7568359375,-0.0244140625,-0.732421875,-0.1953125,-0.15869140625,-0.09765625,-0.830078125,-0.3662109375,0.8544921875,-0.3662109375,0.2197265625,-0.15869140625,-0.37841796875,-0.25634765625,-0.9033203125,-0.03662109375,-0.52490234375,0.18310546875,-0.78125,-0.08544921875,-0.23193359375,-0.0732421875,-0.68359375,0.20751953125,-0.45166015625,0.13427734375,0.62255859375,-0.048828125,1.08642578125,-0.6591796875,0.42724609375,0.54931640625,-0.1708984375,0.244140625,0.7080078125,-0.18310546875,1.07421875,-0.06103515625,1.08642578125,-0.13427734375,1.220703125,0,1.13525390625,0.1953125,0.29296875,0.146484375,1.0498046875,0.06103515625,0.20751953125,-0.0732421875,0.20751953125,0.35400390625,0.244140625,-0.09765625,0.830078125,-0.1220703125,0.03662109375,-0.048828125,1.37939453125,-0.048828125,-1.01318359375,-0.09765625,-0.40283203125,0.10986328125,-1.01318359375,-0.048828125,-0.78125,0.0244140625,-1.45263671875,0.01220703125,-0.30517578125,-0.06103515625,-0.28076171875,-0.1220703125,-1.1962890625,0.01220703125,-1.37939453125,-0.1708984375,-1.26953125,-0.146484375,-1.171875,-0.3662109375,-0.8544921875,0.2197265625,-0.76904296875,0.18310546875,-1.47705078125,-0.1953125,-1.07421875,-0.0732421875,0.35400390625,0.03662109375,0.35400390625,-0.06103515625,0.0244140625,-0.06103515625,-0.01220703125,-0.1708984375,0.2197265625,-0.048828125,-0.06103515625,-0.08544921875,0.81787109375,-0.048828125,-0.48828125,-0.10986328125,-0.537109375
1,-0.2685546875,-0.3173828125,0.0244140625,-0.35400390625,-0.341796875,-0.4150390625,-0.09765625,-0.08544921875,0.01220703125,-0.0244140625,0.1220703125,-0.87890625,0.1708984375,1.0986328125,-0.341796875,-0.20751953125,-0.25634765625,-0.634765625,0.048828125,-0.18310546875,-0.0244140625,0.78125,-0.03662109375,-0.732421875,-0.244140625,-0.1708984375,-0.13427734375,-0.81787109375,-0.439453125,0.89111328125,-0.29296875,0.23193359375,-0.15869140625,-0.29296875,-0.341796875,-0.927734375,0,-0.50048828125,0.244140625,-0.76904296875,-0.146484375,-0.23193359375,-0.1220703125,-0.67138671875,0.146484375,-0.3662109375,0.09765625,0.62255859375,-0.048828125,1.123046875,-0.5859375,0.390625,0.6103515625,-0.1953125,0.2685546875,0.732421875,-0.08544921875,1.35498046875,-0.0244140625,1.30615234375,-0.13427734375,1.416015625,-0.03662109375,1.42822265625,0.2197265625,0.29296875,0.08544921875,1.03759765625,0.08544921875,0.1708984375,-0.13427734375,0.1953125,0.341796875,0.23193359375,-0.13427734375,0.8544921875,-0.08544921875,0.01220703125,-0.08544921875,1.3671875,0,-1.025390625,-0.06103515625,-0.37841796875,0.244140625,-1.025390625,-0.09765625,-0.79345703125,0,-1.52587890625,0.048828125,-0.29296875,-0.146484375,-0.30517578125,-0.0732421875,-1.20849609375,0.03662109375,-1.37939453125,-0.20751953125,-1.2451171875,-0.146484375,-1.15966796875,-0.29296875,-0.830078125,0.25634765625,-0.81787109375,0.13427734375,-1.46484375,-0.20751953125,-1.08642578125,-0.0244140625,0.37841796875,0.01220703125,0.3662109375,-0.048828125,0.03662109375,-0.06103515625,0.01220703125,-0.18310546875,0.23193359375,-0.06103515625,-0.048828125,-0.06103515625,0.830078125,-0.03662109375,-0.47607421875,-0.1220703125,-0.54931640625
1,-0.25634765625,-0.3662109375,0.048828125,-0.35400390625,-0.32958984375,-0.42724609375,-0.0732421875,-0.0732421875,0,-0.01220703125,0.09765625,-0.8544921875,0.1708984375,1.07421875,-0.29296875,-0.18310546875,-0.244140625,-0.68359375,0.10986328125,-0.18310546875,0.0732421875,0.76904296875,-0.06103515625,-0.732421875,-0.2685546875,-0.1953125,-0.146484375,-0.830078125,-0.50048828125,0.87890625,-0.1953125,0.20751953125,-0.06103515625,-0.23193359375,-0.4150390625,-0.9033203125,0.06103515625,-0.4638671875,0.29296875,-0.7568359375,-0.1708984375,-0.20751953125,-0.20751953125,-0.68359375,0.09765625,-0.3173828125,0.08544921875,0.59814453125,-0.1220703125,1.15966796875,-0.48828125,0.390625,0.5859375,-0.20751953125,0.28076171875,0.7080078125,-0.13427734375,1.62353515625,-0.01220703125,1.50146484375,-0.048828125,1.611328125,-0.048828125,1.72119140625,0.2685546875,0.2685546875,0.01220703125,1.03759765625,0.06103515625,0.1953125,-0.1953125,0.20751953125,0.3173828125,0.2197265625,-0.18310546875,0.87890625,-0.0244140625,0,-0.10986328125,1.35498046875,0.048828125,-1.01318359375,-0.0244140625,-0.3662109375,0.32958984375,-1.0009765625,-0.1220703125,-0.8056640625,0.0244140625,-1.55029296875,0.03662109375,-0.30517578125,-0.1708984375,-0.3173828125,-0.01220703125,-1.1962890625,0.0244140625,-1.3916015625,-0.2197265625,-1.20849609375,-0.1220703125,-1.15966796875,-0.244140625,-0.830078125,0.29296875,-0.84228515625,0.06103515625,-1.47705078125,-0.18310546875,-1.0498046875,-0.01220703125,0.3662109375,0,0.37841796875,-0.06103515625,0.048828125,-0.0732421875,0.01220703125,-0.18310546875,0.23193359375,-0.06103515625,-0.0732421875,-0.048828125,0.8544921875,0,-0.4638671875,-0.1220703125,-0.537109375
1,-0.2685546875,-0.3662109375,0.06103515625,-0.3662109375,-0.32958984375,-0.42724609375,-0.0732421875,-0.06103515625,0.01220703125,-0.0244140625,0.09765625,-0.8544921875,0.1708984375,1.0498046875,-0.23193359375,-0.1708984375,-0.18310546875,-0.6591796875,0.1220703125,-0.1953125,0.13427734375,0.78125,-0.08544921875,-0.74462890625,-0.25634765625,-0.20751953125,-0.1220703125,-0.830078125,-0.47607421875,0.9033203125,-0.0732421875,0.1953125,0.10986328125,-0.20751953125,-0.47607421875,-0.9033203125,0.08544921875,-0.439453125,0.341796875,-0.76904296875,-0.1220703125,-0.1708984375,-0.2685546875,-0.68359375,0.0732421875,-0.3173828125,0.08544921875,0.59814453125,-0.1708984375,1.1474609375,-0.4150390625,0.390625,0.5859375,-0.1953125,0.2685546875,0.7080078125,-0.08544921875,1.81884765625,-0.03662109375,1.62353515625,-0.03662109375,1.708984375,-0.06103515625,1.89208984375,0.29296875,0.244140625,-0.08544921875,1.025390625,0.08544921875,0.2197265625,-0.25634765625,0.2197265625,0.3173828125,0.2197265625,-0.20751953125,0.89111328125,0.06103515625,0,-0.13427734375,1.3427734375,0.03662109375,-1.01318359375,-0.01220703125,-0.3662109375,0.30517578125,-0.98876953125,-0.0732421875,-0.8056640625,0.06103515625,-1.5625,0.0244140625,-0.30517578125,-0.18310546875,-0.3173828125,0.0732421875,-1.20849609375,0.01220703125,-1.35498046875,-0.2197265625,-1.1962890625,-0.15869140625,-1.1474609375,-0.20751953125,-0.81787109375,0.28076171875,-0.81787109375,0.0244140625,-1.4892578125,-0.1953125,-1.03759765625,0,0.35400390625,-0.0244140625,0.390625,-0.08544921875,0.0244140625,-0.06103515625,0.0244140625,-0.15869140625,0.2197265625,-0.048828125,-0.0732421875,-0.048828125,0.86669921875,-0.01220703125,-0.4638671875,-0.10986328125,-0.5615234375
1,-0.25634765625,-0.35400390625,0.06103515625,-0.3662109375,-0.3173828125,-0.4150390625,-0.048828125,-0.048828125,0.0244140625,-0.0244140625,0.0732421875,-0.86669921875,0.15869140625,1.03759765625,-0.20751953125,-0.18310546875,-0.09765625,-0.6591796875,0.13427734375,-0.1953125,0.13427734375,0.81787109375,-0.13427734375,-0.732421875,-0.20751953125,-0.18310546875,-0.1220703125,-0.81787109375,-0.45166015625,0.91552734375,0.06103515625,0.20751953125,0.390625,-0.1708984375,-0.537109375,-0.89111328125,0.06103515625,-0.37841796875,0.3662109375,-0.76904296875,-0.0732421875,-0.146484375,-0.29296875,-0.6591796875,0.0244140625,-0.28076171875,-0.01220703125,0.634765625,-0.23193359375,1.15966796875,-0.28076171875,0.4150390625,0.54931640625,-0.20751953125,0.28076171875,0.72021484375,-0.0732421875,1.91650390625,-0.0732421875,1.6357421875,0,1.72119140625,-0.08544921875,1.94091796875,0.28076171875,0.2197265625,-0.15869140625,1.025390625,0.0244140625,0.2197265625,-0.3173828125,0.20751953125,0.29296875,0.2197265625,-0.20751953125,0.9033203125,0.08544921875,-0.0244140625,-0.1708984375,1.3427734375,0.10986328125,-1.0009765625,-0.01220703125,-0.3662109375,0.2197265625,-1.0009765625,-0.03662109375,-0.8056640625,0.10986328125,-1.52587890625,0.06103515625,-0.30517578125,-0.18310546875,-0.32958984375,0.0732421875,-1.20849609375,-0.048828125,-1.3427734375,-0.23193359375,-1.171875,-0.18310546875,-1.15966796875,-0.15869140625,-0.79345703125,0.23193359375,-0.732421875,0.03662109375,-1.4892578125,-0.20751953125,-1.0498046875,0.01220703125,0.3662109375,-0.01220703125,0.390625,-0.09765625,0.0244140625,-0.048828125,0.0244140625,-0.146484375,0.1953125,-0.048828125,-0.0732421875,-0.06103515625,0.86669921875,-0.0244140625,-0.439453125,-0.13427734375,-0.57373046875
1,-0.25634765625,-0.3662109375,0.048828125,-0.37841796875,-0.30517578125,-0.4150390625,-0.0732421875,-0.03662109375,0.0244140625,-0.03662109375,0.0732421875,-0.84228515625,0.146484375,1.0498046875,-0.23193359375,-0.18310546875,-0.03662109375,-0.6591796875,0.10986328125,-0.20751953125,0.09765625,0.830078125,-0.15869140625,-0.732421875,-0.146484375,-0.1953125,-0.09765625,-0.81787109375,-0.35400390625,0.91552734375,0.09765625,0.1953125,0.57373046875,-0.146484375,-0.52490234375,-0.89111328125,0.08544921875,-0.3662109375,0.37841796875,-0.74462890625,0.01220703125,-0.13427734375,-0.32958984375,-0.68359375,0,-0.25634765625,-0.08544921875,0.634765625,-0.28076171875,1.13525390625,-0.18310546875,0.42724609375,0.54931640625,-0.15869140625,0.25634765625,0.7080078125,0.1220703125,1.86767578125,-0.0732421875,1.5380859375,0.048828125,1.62353515625,-0.01220703125,1.84326171875,0.2685546875,0.1953125,-0.25634765625,1.025390625,-0.01220703125,0.20751953125,-0.32958984375,0.20751953125,0.244140625,0.2197265625,-0.1708984375,0.9033203125,0.09765625,-0.048828125,-0.15869140625,1.33056640625,0.15869140625,-0.98876953125,-0.03662109375,-0.341796875,0.0732421875,-0.9765625,0.08544921875,-0.79345703125,0.13427734375,-1.5625,0.048828125,-0.29296875,-0.1220703125,-0.3173828125,0.09765625,-1.20849609375,-0.08544921875,-1.33056640625,-0.18310546875,-1.1474609375,-0.23193359375,-1.1962890625,-0.146484375,-0.79345703125,0.18310546875,-0.6591796875,0.0732421875,-1.46484375,-0.25634765625,-1.025390625,0.0244140625,0.37841796875,-0.01220703125,0.390625,-0.10986328125,0.0244140625,-0.06103515625,0.01220703125,-0.1220703125,0.1953125,-0.048828125,-0.06103515625,-0.08544921875,0.84228515625,-0.0244140625,-0.439453125,-0.1220703125,-0.5615234375
1,-0.25634765625,-0.3662109375,0.048828125,-0.3662109375,-0.25634765625,-0.37841796875,-0.0732421875,-0.06103515625,0.0244140625,-0.03662109375,0.06103515625,-0.86669921875,0.13427734375,1.06201171875,-0.2197265625,-0.1953125,0.01220703125,-0.67138671875,0.0732421875,-0.2197265625,-0.0244140625,0.830078125,-0.18310546875,-0.72021484375,-0.0732421875,-0.1708984375,-0.03662109375,-0.81787109375,-0.23193359375,0.9033203125,0.0732421875,0.18310546875,0.64697265625,-0.18310546875,-0.4150390625,-0.87890625,0.08544921875,-0.3662109375,0.3173828125,-0.74462890625,0.09765625,-0.13427734375,-0.28076171875,-0.69580078125,-0.01220703125,-0.28076171875,0,0.634765625,-0.28076171875,1.13525390625,-0.09765625,0.42724609375,0.5615234375,-0.146484375,0.1953125,0.72021484375,0.1708984375,1.74560546875,-0.09765625,1.35498046875,0.06103515625,1.46484375,-0.0732421875,1.6357421875,0.23193359375,0.1708984375,-0.30517578125,1.01318359375,-0.06103515625,0.20751953125,-0.35400390625,0.1708984375,0.1708984375,0.244140625,-0.146484375,0.89111328125,0.13427734375,-0.03662109375,-0.10986328125,1.30615234375,0.2197265625,-0.96435546875,-0.03662109375,-0.3662109375,-0.0732421875,-0.96435546875,0.15869140625,-0.8056640625,0.15869140625,-1.5625,0.06103515625,-0.29296875,-0.06103515625,-0.30517578125,0.08544921875,-1.20849609375,-0.0732421875,-1.35498046875,-0.1220703125,-1.13525390625,-0.2685546875,-1.23291015625,-0.1708984375,-0.8056640625,0.09765625,-0.54931640625,0.13427734375,-1.50146484375,-0.2685546875,-1.03759765625,0,0.37841796875,-0.01220703125,0.37841796875,-0.09765625,0.0244140625,-0.08544921875,-0.01220703125,-0.1220703125,0.18310546875,-0.048828125,-0.048828125,-0.0732421875,0.86669921875,-0.06103515625,-0.4638671875,-0.13427734375,-0.54931640625
1,-0.244140625,-0.341796875,0.048828125,-0.37841796875,-0.23193359375,-0.390625,-0.06103515625,-0.06103515625,0.01220703125,-0.03662109375,0.048828125,-0.87890625,0.1220703125,1.07421875,-0.29296875,-0.2197265625,0.0244140625,-0.6591796875,-0.01220703125,-0.20751953125,-0.1220703125,0.81787109375,-0.2197265625,-0.72021484375,0.0244140625,-0.15869140625,0,-0.81787109375,-0.1220703125,0.91552734375,0,0.20751953125,0.59814453125,-0.2685546875,-0.2685546875,-0.86669921875,0.08544921875,-0.37841796875,0.3662109375,-0.74462890625,0.146484375,-0.1220703125,-0.1953125,-0.69580078125,-0.01220703125,-0.37841796875,0.01220703125,0.64697265625,-0.2197265625,1.11083984375,-0.10986328125,0.45166015625,0.4638671875,-0.18310546875,0.1708984375,0.7080078125,0.20751953125,1.62353515625,-0.08544921875,1.1962890625,0.146484375,1.33056640625,-0.03662109375,1.3916015625,0.20751953125,0.15869140625,-0.341796875,1.0009765625,-0.13427734375,0.20751953125,-0.32958984375,0.15869140625,0.09765625,0.244140625,-0.10986328125,0.86669921875,0.1220703125,-0.048828125,-0.0732421875,1.28173828125,0.25634765625,-0.9765625,-0.08544921875,-0.35400390625,-0.1708984375,-0.98876953125,0.1708984375,-0.78125,0.13427734375,-1.57470703125,0.06103515625,-0.29296875,0,-0.29296875,0.09765625,-1.20849609375,-0.048828125,-1.3671875,-0.048828125,-1.1474609375,-0.32958984375,-1.220703125,-0.1953125,-0.81787109375,0.048828125,-0.439453125,0.1953125,-1.47705078125,-0.32958984375,-1.06201171875,-0.01220703125,0.37841796875,-0.0244140625,0.37841796875,-0.08544921875,0.0244140625,-0.06103515625,0,-0.10986328125,0.18310546875,-0.06103515625,-0.048828125,-0.0732421875,0.84228515625,-0.048828125,-0.4638671875,-0.146484375,-0.54931640625
1,-0.244140625,-0.341796875,0.06103515625,-0.35400390625,-0.20751953125,-0.390625,-0.048828125,-0.06103515625,0.01220703125,-0.048828125,0.048828125,-0.9033203125,0.08544921875,1.0986328125,-0.3173828125,-0.244140625,0.01220703125,-0.6591796875,-0.10986328125,-0.20751953125,-0.1953125,0.8056640625,-0.28076171875,-0.72021484375,0.10986328125,-0.13427734375,0.08544921875,-0.81787109375,0,0.91552734375,-0.06103515625,0.1953125,0.42724609375,-0.341796875,-0.1220703125,-0.86669921875,0.0244140625,-0.390625,0.390625,-0.732421875,0.18310546875,-0.13427734375,-0.10986328125,-0.69580078125,-0.01220703125,-0.45166015625,0.13427734375,0.6591796875,-0.146484375,1.07421875,-0.1220703125,0.4638671875,0.35400390625,-0.1708984375,0.146484375,0.7080078125,0.25634765625,1.62353515625,0,1.0986328125,0.15869140625,1.25732421875,0,1.20849609375,0.18310546875,0.1708984375,-0.390625,0.98876953125,-0.18310546875,0.1953125,-0.30517578125,0.146484375,0.06103515625,0.244140625,-0.08544921875,0.830078125,0.13427734375,-0.03662109375,0,1.2939453125,0.15869140625,-0.9765625,-0.13427734375,-0.37841796875,-0.1953125,-0.98876953125,0.146484375,-0.8056640625,0.146484375,-1.5625,0.048828125,-0.2685546875,0.03662109375,-0.28076171875,0.08544921875,-1.1962890625,-0.03662109375,-1.35498046875,-0.03662109375,-1.1474609375,-0.3662109375,-1.23291015625,-0.25634765625,-0.84228515625,-0.01220703125,-0.3173828125,0.20751953125,-1.47705078125,-0.32958984375,-1.06201171875,0.01220703125,0.37841796875,-0.0244140625,0.390625,-0.06103515625,0.0244140625,-0.06103515625,0,-0.146484375,0.18310546875,-0.06103515625,-0.048828125,-0.048828125,0.81787109375,-0.03662109375,-0.47607421875,-0.15869140625,-0.52490234375
1,-0.25634765625,-0.341796875,0.048828125,-0.35400390625,-0.1953125,-0.390625,-0.048828125,-0.06103515625,-0.0244140625,-0.0732421875,0.06103515625,-0.9033203125,0.06103515625,1.123046875,-0.3662109375,-0.2197265625,-0.01220703125,-0.634765625,-0.20751953125,-0.20751953125,-0.28076171875,0.78125,-0.390625,-0.7080078125,0.15869140625,-0.146484375,0.1220703125,-0.8056640625,0.048828125,0.89111328125,-0.09765625,0.18310546875,0.2685546875,-0.390625,-0.0244140625,-0.8544921875,-0.048828125,-0.4150390625,0.42724609375,-0.732421875,0.20751953125,-0.1708984375,0.01220703125,-0.6591796875,0,-0.47607421875,0.1953125,0.6591796875,-0.06103515625,1.06201171875,-0.1220703125,0.47607421875,0.2685546875,-0.15869140625,0.10986328125,0.7080078125,0.20751953125,1.86767578125,0.048828125,1.15966796875,0.1953125,1.2939453125,0,1.20849609375,0.1220703125,0.15869140625,-0.37841796875,1.0009765625,-0.244140625,0.20751953125,-0.25634765625,0.13427734375,-0.0244140625,0.25634765625,-0.048828125,0.8056640625,0.10986328125,-0.03662109375,0.09765625,1.2939453125,0.08544921875,-1.0009765625,-0.1708984375,-0.3662109375,-0.1708984375,-1.0009765625,0.0732421875,-0.79345703125,0.146484375,-1.5869140625,0.03662109375,-0.25634765625,0.0732421875,-0.2685546875,0.048828125,-1.1962890625,-0.0244140625,-1.35498046875,-0.01220703125,-1.171875,-0.42724609375,-1.20849609375,-0.28076171875,-0.8544921875,-0.03662109375,-0.1953125,0.244140625,-1.47705078125,-0.35400390625,-1.06201171875,0.06103515625,0.3662109375,-0.03662109375,0.37841796875,-0.0732421875,0.01220703125,-0.06103515625,-0.0244140625,-0.15869140625,0.18310546875,-0.08544921875,-0.048828125,-0.08544921875,0.830078125,-0.0244140625,-0.48828125,-0.18310546875,-0.5126953125
0,-0.244140625,-0.3662109375,0.0732421875,-0.35400390625,-0.18310546875,-0.37841796875,-0.06103515625,-0.0732421875,-0.0244140625,-0.048828125,0.048828125,-0.89111328125,0.06103515625,1.11083984375,-0.4638671875,-0.2197265625,-0.048828125,-0.634765625,-0.28076171875,-0.1953125,-0.28076171875,0.79345703125,-0.42724609375,-0.72021484375,0.1708984375,-0.1708984375,0.10986328125,-0.81787109375,0.0244140625,0.87890625,-0.0732421875,0.1953125,0.1953125,-0.40283203125,0.06103515625,-0.86669921875,-0.13427734375,-0.4150390625,0.4150390625,-0.74462890625,0.244140625,-0.18310546875,0.0244140625,-0.64697265625,0.01220703125,-0.50048828125,0.29296875,0.6591796875,-0.01220703125,1.08642578125,-0.1220703125,0.45166015625,0.1708984375,-0.146484375,0.08544921875,0.7080078125,0.2197265625,2.4169921875,0.13427734375,1.3916015625,0.244140625,1.5380859375,0.08544921875,1.47705078125,0.10986328125,0.18310546875,-0.35400390625,1.01318359375,-0.28076171875,0.2197265625,-0.23193359375,0.13427734375,-0.08544921875,0.244140625,0,0.830078125,0.03662109375,-0.03662109375,0.146484375,1.28173828125,0.048828125,-0.98876953125,-0.244140625,-0.390625,-0.03662109375,-0.98876953125,-0.08544921875,-0.78125,0.1220703125,-1.59912109375,0,-0.2685546875,0.048828125,-0.28076171875,0.0244140625,-1.1962890625,-0.08544921875,-1.3916015625,-0.06103515625,-1.18408203125,-0.4638671875,-1.220703125,-0.3173828125,-0.8544921875,-0.03662109375,-0.10986328125,0.25634765625,-1.50146484375,-0.32958984375,-1.06201171875,0.08544921875,0.3662109375,-0.048828125,0.37841796875,-0.0732421875,0.0244140625,-0.0732421875,-0.0244140625,-0.18310546875,0.18310546875,-0.10986328125,-0.048828125,-0.06103515625,0.84228515625,0.01220703125,-0.5126953125,-0.1953125,-0.50048828125
0,-0.244140625,-0.32958984375,0.08544921875,-0.32958984375,-0.146484375,-0.390625,-0.03662109375,-0.06103515625,-0.0244140625,-0.0732421875,0.03662109375,-0.89111328125,0.0732421875,1.0986328125,-0.537109375,-0.20751953125,-0.08544921875,-0.67138671875,-0.32958984375,-0.23193359375,-0.2197265625,0.78125,-0.48828125,-0.72021484375,0.1708984375,-0.1708984375,0.08544921875,-0.81787109375,-0.03662109375,0.87890625,0.03662109375,0.1953125,0.1953125,-0.390625,0.01220703125,-0.89111328125,-0.18310546875,-0.45166015625,0.30517578125,-0.732421875,0.25634765625,-0.1953125,0.01220703125,-0.634765625,0.048828125,-0.48828125,0.35400390625,0.64697265625,0.048828125,1.11083984375,-0.08544921875,0.439453125,0.13427734375,-0.18310546875,0.048828125,0.69580078125,-0.01220703125,3.35693359375,0.1708984375,1.89208984375,0.30517578125,1.98974609375,0.06103515625,2.0751953125,0.1220703125,0.1953125,-0.37841796875,1.01318359375,-0.28076171875,0.23193359375,-0.1953125,0.1220703125,-0.146484375,0.244140625,0.048828125,0.830078125,0.01220703125,-0.01220703125,0.2197265625,1.2939453125,0.03662109375,-1.01318359375,-0.2685546875,-0.40283203125,0.09765625,-1.0009765625,-0.1953125,-0.79345703125,0.08544921875,-1.611328125,-0.06103515625,-0.244140625,0.01220703125,-0.25634765625,0.03662109375,-1.15966796875,-0.10986328125,-1.3916015625,-0.146484375,-1.1962890625,-0.4638671875,-1.1962890625,-0.3173828125,-0.86669921875,0.03662109375,-0.0244140625,0.244140625,-1.50146484375,-0.30517578125,-1.08642578125,0.10986328125,0.3662109375,-0.08544921875,0.4150390625,-0.08544921875,0.01220703125,-0.0732421875,-0.0244140625,-0.18310546875,0.2197265625,-0.10986328125,-0.048828125,-0.048828125,0.8544921875,0,-0.52490234375,-0.18310546875,-0.50048828125
0,-0.28076171875,-0.341796875,0.09765625,-0.35400390625,-0.09765625,-0.390625,-0.03662109375,-0.06103515625,-0.06103515625,-0.03662109375,0.0244140625,-0.91552734375,0.06103515625,1.08642578125,-0.6103515625,-0.1953125,-0.09765625,-0.67138671875,-0.35400390625,-0.20751953125,-0.15869140625,0.78125,-0.48828125,-0.732421875,0.13427734375,-0.23193359375,0.048828125,-0.84228515625,-0.146484375,0.89111328125,0.1220703125,0.20751953125,0.30517578125,-0.341796875,-0.1708984375,-0.89111328125,-0.1953125,-0.45166015625,0.18310546875,-0.76904296875,0.30517578125,-0.20751953125,-0.0244140625,-0.634765625,0.08544921875,-0.439453125,0.4150390625,0.64697265625,0.10986328125,1.13525390625,-0.15869140625,0.42724609375,0.10986328125,-0.1708984375,-0.06103515625,0.7080078125,-0.0732421875,4.6630859375,0.23193359375,2.55126953125,0.37841796875,2.62451171875,0.1220703125,2.9296875,0.0732421875,0.1953125,-0.341796875,1.025390625,-0.2685546875,0.25634765625,-0.18310546875,0.146484375,-0.20751953125,0.2685546875,0.0732421875,0.8544921875,-0.03662109375,0.01220703125,0.244140625,1.318359375,0.0244140625,-1.0009765625,-0.2685546875,-0.390625,0.23193359375,-1.01318359375,-0.32958984375,-0.78125,0.048828125,-1.611328125,-0.09765625,-0.25634765625,-0.09765625,-0.29296875,0.01220703125,-1.1474609375,-0.10986328125,-1.37939453125,-0.2197265625,-1.20849609375,-0.390625,-1.171875,-0.3173828125,-0.84228515625,0.10986328125,0.0244140625,0.2685546875,-1.4892578125,-0.23193359375,-1.06201171875,0.09765625,0.341796875,-0.09765625,0.390625,-0.0732421875,0.01220703125,-0.06103515625,-0.0244140625,-0.20751953125,0.20751953125,-0.08544921875,-0.06103515625,-0.0732421875,0.8544921875,-0.01220703125,-0.52490234375,-0.18310546875,-0.48828125
0,-0.28076171875,-0.341796875,0.09765625,-0.35400390625,-0.0732421875,-0.40283203125,-0.048828125,-0.0732421875,-0.0732421875,-0.03662109375,0.0244140625,-0.9033203125,0.048828125,1.07421875,-0.6591796875,-0.18310546875,-0.146484375,-0.69580078125,-0.3173828125,-0.23193359375,-0.06103515625,0.78125,-0.45166015625,-0.7568359375,0.08544921875,-0.23193359375,-0.01220703125,-0.830078125,-0.244140625,0.89111328125,0.15869140625,0.1953125,0.439453125,-0.28076171875,-0.4150390625,-0.9033203125,-0.1708984375,-0.439453125,0.06103515625,-0.76904296875,0.341796875,-0.23193359375,-0.13427734375,-0.6591796875,0.146484375,-0.390625,0.4638671875,0.634765625,0.1220703125,1.1474609375,-0.244140625,0.40283203125,0.09765625,-0.13427734375,-0.1220703125,0.72021484375,-0.23193359375,6.25,0.2685546875,3.3447265625,0.40283203125,3.369140625,0.15869140625,4.00390625,0.0244140625,0.18310546875,-0.29296875,1.025390625,-0.23193359375,0.28076171875,-0.18310546875,0.146484375,-0.23193359375,0.28076171875,0.1220703125,0.89111328125,-0.0244140625,0.01220703125,0.244140625,1.33056640625,-0.03662109375,-1.01318359375,-0.2685546875,-0.40283203125,0.28076171875,-0.98876953125,-0.37841796875,-0.78125,0.01220703125,-1.5869140625,-0.1708984375,-0.244140625,-0.18310546875,-0.28076171875,-0.01220703125,-1.1474609375,-0.13427734375,-1.3916015625,-0.2685546875,-1.220703125,-0.28076171875,-1.1474609375,-0.3173828125,-0.830078125,0.18310546875,0.06103515625,0.25634765625,-1.4892578125,-0.146484375,-1.06201171875,0,0.35400390625,-0.1220703125,0.37841796875,-0.08544921875,0.01220703125,-0.0732421875,-0.01220703125,-0.1953125,0.1953125,-0.08544921875,-0.048828125,-0.06103515625,0.8544921875,0.01220703125,-0.5126953125,-0.18310546875,-0.5126953125
0,-0.30517578125,-0.35400390625,0.06103515625,-0.3662109375,-0.03662109375,-0.4150390625,-0.0732421875,-0.0732421875,-0.09765625,-0.048828125,0.0244140625,-0.89111328125,0.03662109375,1.08642578125,-0.64697265625,-0.20751953125,-0.18310546875,-0.69580078125,-0.25634765625,-0.244140625,0.048828125,0.78125,-0.40283203125,-0.74462890625,0.048828125,-0.244140625,-0.06103515625,-0.81787109375,-0.3662109375,0.9033203125,0.18310546875,0.1953125,0.57373046875,-0.23193359375,-0.634765625,-0.91552734375,-0.146484375,-0.439453125,-0.09765625,-0.7568359375,0.3662109375,-0.20751953125,-0.18310546875,-0.6591796875,0.20751953125,-0.30517578125,0.439453125,0.64697265625,0.13427734375,1.171875,-0.28076171875,0.4150390625,0.1953125,-0.13427734375,-0.2685546875,0.72021484375,-0.1708984375,7.9833984375,0.23193359375,4.23583984375,0.439453125,4.1748046875,0.13427734375,5.21240234375,-0.0244140625,0.1953125,-0.2197265625,1.03759765625,-0.1953125,0.28076171875,-0.20751953125,0.18310546875,-0.23193359375,0.28076171875,0.15869140625,0.9033203125,-0.03662109375,0.03662109375,0.1953125,1.3427734375,-0.08544921875,-0.98876953125,-0.23193359375,-0.4150390625,0.25634765625,-0.96435546875,-0.30517578125,-0.78125,-0.0244140625,-1.55029296875,-0.20751953125,-0.23193359375,-0.20751953125,-0.29296875,-0.03662109375,-1.13525390625,-0.09765625,-1.3916015625,-0.2685546875,-1.1962890625,-0.18310546875,-1.13525390625,-0.32958984375,-0.81787109375,0.20751953125,0.08544921875,0.28076171875,-1.47705078125,-0.0732421875,-1.0498046875,-0.06103515625,0.3662109375,-0.13427734375,0.3662109375,-0.09765625,0.03662109375,-0.0732421875,-0.0244140625,-0.1708984375,0.1708984375,-0.0732421875,-0.048828125,-0.048828125,0.8544921875,-0.01220703125,-0.52490234375,-0.1708984375,-0.52490234375
0,-0.30517578125,-0.341796875,0.06103515625,-0.3662109375,-0.01220703125,-0.42724609375,-0.09765625,-0.0732421875,-0.10986328125,-0.0244140625,-0.01220703125,-0.87890625,0.03662109375,1.07421875,-0.64697265625,-0.18310546875,-0.20751953125,-0.68359375,-0.18310546875,-0.23193359375,0.15869140625,0.79345703125,-0.32958984375,-0.74462890625,0.06103515625,-0.2197265625,-0.08544921875,-0.8056640625,-0.4150390625,0.927734375,0.1220703125,0.20751953125,0.6103515625,-0.1953125,-0.76904296875,-0.91552734375,-0.08544921875,-0.42724609375,-0.244140625,-0.79345703125,0.32958984375,-0.1953125,-0.28076171875,-0.67138671875,0.244140625,-0.29296875,0.3662109375,0.62255859375,0.09765625,1.15966796875,-0.32958984375,0.42724609375,0.146484375,-0.10986328125,-0.37841796875,0.7080078125,-0.048828125,9.716796875,0.2197265625,5.06591796875,0.537109375,4.94384765625,0.20751953125,6.396484375,-0.048828125,0.18310546875,-0.18310546875,1.03759765625,-0.13427734375,0.2685546875,-0.23193359375,0.1953125,-0.18310546875,0.25634765625,0.15869140625,0.91552734375,-0.03662109375,0.03662109375,0.15869140625,1.3427734375,-0.10986328125,-0.9765625,-0.1708984375,-0.37841796875,0.1953125,-0.9765625,-0.1708984375,-0.78125,-0.0244140625,-1.52587890625,-0.1953125,-0.244140625,-0.20751953125,-0.30517578125,-0.048828125,-1.13525390625,-0.048828125,-1.40380859375,-0.25634765625,-1.20849609375,-0.08544921875,-1.0986328125,-0.35400390625,-0.81787109375,0.244140625,0.048828125,0.29296875,-1.50146484375,-0.0244140625,-1.0498046875,-0.09765625,0.35400390625,-0.10986328125,0.35400390625,-0.09765625,0.048828125,-0.06103515625,-0.03662109375,-0.146484375,0.18310546875,-0.0732421875,-0.03662109375,-0.048828125,0.86669921875,-0.03662109375,-0.52490234375,-0.146484375,-0.52490234375
0,-0.30517578125,-0.3662109375,0.06103515625,-0.3662109375,0,-0.40283203125,-0.09765625,-0.048828125,-0.13427734375,-0.01220703125,-0.0244140625,-0.86669921875,0.0244140625,1.07421875,-0.634765625,-0.18310546875,-0.2197265625,-0.7080078125,-0.08544921875,-0.244140625,0.20751953125,0.830078125,-0.244140625,-0.732421875,0.03662109375,-0.20751953125,-0.10986328125,-0.8056640625,-0.40283203125,0.9033203125,0.0244140625,0.20751953125,0.57373046875,-0.18310546875,-0.830078125,-0.89111328125,-0.08544921875,-0.40283203125,-0.3662109375,-0.76904296875,0.244140625,-0.15869140625,-0.3173828125,-0.67138671875,0.244140625,-0.2685546875,0.3173828125,0.64697265625,0.048828125,1.15966796875,-0.35400390625,0.45166015625,0.1220703125,-0.13427734375,-0.42724609375,0.732421875,0.03662109375,11.279296875,0.1708984375,5.7861328125,0.6103515625,5.615234375,0.2197265625,7.4462890625,-0.048828125,0.1953125,-0.13427734375,1.025390625,-0.06103515625,0.244140625,-0.25634765625,0.20751953125,-0.1220703125,0.2685546875,0.2197265625,0.9033203125,-0.0732421875,0.03662109375,0.1220703125,1.3427734375,-0.10986328125,-0.9521484375,-0.10986328125,-0.37841796875,0.09765625,-0.9765625,0.048828125,-0.78125,-0.0244140625,-1.513671875,-0.146484375,-0.244140625,-0.18310546875,-0.30517578125,-0.03662109375,-1.13525390625,0,-1.3671875,-0.2197265625,-1.23291015625,0.01220703125,-1.08642578125,-0.3173828125,-0.8056640625,0.2197265625,0.01220703125,0.2685546875,-1.46484375,-0.01220703125,-1.0498046875,-0.10986328125,0.390625,-0.10986328125,0.35400390625,-0.10986328125,0.03662109375,-0.06103515625,-0.03662109375,-0.146484375,0.18310546875,-0.06103515625,-0.0732421875,-0.08544921875,0.8056640625,-0.048828125,-0.48828125,-0.08544921875,-0.537109375
0,-0.32958984375,-0.37841796875,0.06103515625,-0.35400390625,0.01220703125,-0.4150390625,-0.1220703125,-0.0732421875,-0.15869140625,-0.048828125,-0.0244140625,-0.87890625,0.01220703125,1.08642578125,-0.5615234375,-0.18310546875,-0.1953125,-0.69580078125,0.0244140625,-0.2197265625,0.2197265625,0.830078125,-0.1708984375,-0.72021484375,0.0244140625,-0.18310546875,-0.13427734375,-0.79345703125,-0.35400390625,0.927734375,-0.06103515625,0.1953125,0.5126953125,-0.1220703125,-0.8056640625,-0.89111328125,-0.09765625,-0.37841796875,-0.42724609375,-0.7568359375,0.146484375,-0.15869140625,-0.2685546875,-0.69580078125,0.2197265625,-0.23193359375,0.28076171875,0.6591796875,0,1.1474609375,-0.40283203125,0.4638671875,0.13427734375,-0.1220703125,-0.5126953125,0.72021484375,0,12.56103515625,0.08544921875,6.298828125,0.72021484375,6.103515625,0.1220703125,8.2763671875,-0.048828125,0.20751953125,-0.1220703125,1.03759765625,-0.048828125,0.20751953125,-0.2685546875,0.2197265625,-0.1220703125,0.29296875,0.23193359375,0.86669921875,-0.09765625,0,0.0732421875,1.35498046875,-0.06103515625,-0.9521484375,-0.0732421875,-0.37841796875,0.03662109375,-0.98876953125,0.2197265625,-0.78125,-0.01220703125,-1.4892578125,-0.0732421875,-0.2685546875,-0.06103515625,-0.30517578125,-0.0732421875,-1.13525390625,-0.0244140625,-1.33056640625,-0.13427734375,-1.1962890625,0.0732421875,-1.0986328125,-0.25634765625,-0.79345703125,0.15869140625,-0.0244140625,0.244140625,-1.45263671875,-0.03662109375,-1.03759765625,-0.08544921875,0.37841796875,-0.1220703125,0.35400390625,-0.13427734375,0.048828125,-0.06103515625,-0.06103515625,-0.146484375,0.1708984375,-0.048828125,-0.048828125,-0.08544921875,0.78125,-0.08544921875,-0.5126953125,-0.09765625,-0.52490234375
0,-0.341796875,-0.3662109375,0.048828125,-0.35400390625,0.0244140625,-0.390625,-0.09765625,-0.048828125,-0.15869140625,-0.048828125,-0.0244140625,-0.86669921875,0,1.08642578125,-0.5615234375,-0.18310546875,-0.146484375,-0.69580078125,0.13427734375,-0.2197265625,0.18310546875,0.830078125,-0.0732421875,-0.732421875,-0.01220703125,-0.1708984375,-0.146484375,-0.8056640625,-0.28076171875,0.91552734375,-0.15869140625,0.1708984375,0.35400390625,-0.1708984375,-0.68359375,-0.89111328125,-0.0732421875,-0.40283203125,-0.47607421875,-0.76904296875,0.06103515625,-0.1708984375,-0.23193359375,-0.7080078125,0.1708984375,-0.2685546875,0.30517578125,0.64697265625,-0.03662109375,1.08642578125,-0.390625,0.47607421875,0.146484375,-0.1220703125,-0.5126953125,0.732421875,0.06103515625,13.46435546875,0.06103515625,6.6162109375,0.830078125,6.43310546875,0.01220703125,8.80126953125,-0.0244140625,0.23193359375,-0.048828125,1.025390625,-0.03662109375,0.20751953125,-0.244140625,0.2197265625,-0.1220703125,0.29296875,0.244140625,0.86669921875,-0.13427734375,0,0.0244140625,1.35498046875,-0.01220703125,-0.927734375,-0.01220703125,-0.37841796875,0.03662109375,-0.96435546875,0.32958984375,-0.79345703125,-0.048828125,-1.45263671875,0.0244140625,-0.29296875,0.01220703125,-0.29296875,-0.1220703125,-1.13525390625,-0.048828125,-1.2939453125,-0.06103515625,-1.18408203125,0.09765625,-1.13525390625,-0.20751953125,-0.79345703125,0.06103515625,-0.09765625,0.2197265625,-1.45263671875,-0.0732421875,-1.03759765625,-0.048828125,0.37841796875,-0.09765625,0.35400390625,-0.1708984375,0.06103515625,-0.0732421875,-0.0732421875,-0.13427734375,0.18310546875,-0.06103515625,-0.0732421875,-0.09765625,0.78125,-0.09765625,-0.50048828125,-0.09765625,-0.537109375
0,-0.3173828125,-0.35400390625,0.03662109375,-0.341796875,0.0244140625,-0.390625,-0.09765625,-0.048828125,-0.18310546875,-0.06103515625,-0.0244140625,-0.87890625,-0.01220703125,1.0986328125,-0.47607421875,-0.20751953125,-0.09765625,-0.67138671875,0.1953125,-0.2197265625,0.15869140625,0.81787109375,-0.0244140625,-0.732421875,-0.0244140625,-0.15869140625,-0.13427734375,-0.79345703125,-0.15869140625,0.89111328125,-0.20751953125,0.18310546875,0.20751953125,-0.2197265625,-0.54931640625,-0.87890625,-0.01220703125,-0.439453125,-0.47607421875,-0.74462890625,-0.0244140625,-0.1953125,-0.08544921875,-0.69580078125,0.048828125,-0.3662109375,0.25634765625,0.62255859375,-0.01220703125,1.07421875,-0.390625,0.47607421875,0.18310546875,-0.146484375,-0.50048828125,0.7080078125,0.13427734375,13.95263671875,-0.048828125,6.72607421875,0.86669921875,6.55517578125,-0.09765625,9.02099609375,0.0244140625,0.244140625,0.048828125,1.025390625,-0.0732421875,0.18310546875,-0.20751953125,0.2197265625,-0.10986328125,0.30517578125,0.244140625,0.830078125,-0.1708984375,-0.0244140625,-0.01220703125,1.33056640625,0.048828125,-0.9521484375,0.0244140625,-0.390625,0.06103515625,-0.96435546875,0.3662109375,-0.8056640625,-0.0732421875,-1.4404296875,0.10986328125,-0.30517578125,0.1220703125,-0.28076171875,-0.15869140625,-1.171875,-0.08544921875,-1.28173828125,0.0244140625,-1.1962890625,0.048828125,-1.1474609375,-0.146484375,-0.81787109375,0,-0.15869140625,0.15869140625,-1.46484375,-0.146484375,-1.025390625,-0.0244140625,0.390625,-0.0732421875,0.35400390625,-0.146484375,0.048828125,-0.0732421875,-0.0732421875,-0.146484375,0.18310546875,-0.06103515625,-0.06103515625,-0.08544921875,0.76904296875,-0.09765625,-0.5126953125,-0.09765625,-0.537109375
0,-0.32958984375,-0.3662109375,0.03662109375,-0.35400390625,0.01220703125,-0.37841796875,-0.09765625,-0.048828125,-0.23193359375,-0.06103515625,-0.0244140625,-0.87890625,-0.03662109375,1.07421875,-0.4150390625,-0.18310546875,-0.048828125,-0.67138671875,0.20751953125,-0.1953125,0.13427734375,0.8056640625,0.048828125,-0.732421875,-0.03662109375,-0.13427734375,-0.09765625,-0.8056640625,-0.06103515625,0.91552734375,-0.20751953125,0.1708984375,0.0732421875,-0.29296875,-0.4150390625,-0.89111328125,0,-0.4638671875,-0.390625,-0.7568359375,-0.048828125,-0.20751953125,0.0244140625,-0.69580078125,-0.08544921875,-0.42724609375,0.23193359375,0.62255859375,0.0244140625,1.07421875,-0.390625,0.47607421875,0.244140625,-0.146484375,-0.439453125,0.69580078125,0.2685546875,14.07470703125,-0.08544921875,6.6650390625,0.93994140625,6.53076171875,-0.146484375,8.9599609375,0.08544921875,0.25634765625,0.08544921875,1.03759765625,-0.0732421875,0.15869140625,-0.15869140625,0.20751953125,-0.09765625,0.28076171875,0.23193359375,0.79345703125,-0.1708984375,-0.0244140625,-0.048828125,1.3427734375,0.08544921875,-0.98876953125,0.06103515625,-0.35400390625,0.13427734375,-0.98876953125,0.3173828125,-0.8056640625,-0.0732421875,-1.42822265625,0.1708984375,-0.3173828125,0.23193359375,-0.29296875,-0.15869140625,-1.1962890625,-0.048828125,-1.26953125,0.048828125,-1.20849609375,-0.01220703125,-1.1474609375,-0.0732421875,-0.81787109375,0,-0.244140625,0.10986328125,-1.47705078125,-0.244140625,-1.025390625,-0.01220703125,0.4150390625,-0.06103515625,0.35400390625,-0.10986328125,0.03662109375,-0.06103515625,-0.0732421875,-0.15869140625,0.20751953125,-0.06103515625,-0.08544921875,-0.0732421875,0.78125,-0.09765625,-0.5126953125,-0.09765625,-0.54931640625
0,-0.3173828125,-0.341796875,0.0244140625,-0.3662109375,0,-0.390625,-0.08544921875,-0.0732421875,-0.23193359375,-0.0732421875,-0.01220703125,-0.87890625,-0.0732421875,1.08642578125,-0.341796875,-0.2197265625,0,-0.64697265625,0.1708984375,-0.18310546875,0.09765625,0.8056640625,0.0732421875,-0.72021484375,-0.0244140625,-0.1220703125,-0.048828125,-0.8056640625,0,0.89111328125,-0.15869140625,0.18310546875,0.06103515625,-0.341796875,-0.341796875,-0.91552734375,0,-0.50048828125,-0.30517578125,-0.7568359375,-0.048828125,-0.244140625,0.06103515625,-0.67138671875,-0.1708984375,-0.4638671875,0.29296875,0.62255859375,0.0244140625,1.08642578125,-0.3662109375,0.4638671875,0.28076171875,-0.146484375,-0.390625,0.7080078125,0.2197265625,13.87939453125,-0.09765625,6.494140625,0.91552734375,6.40869140625,-0.20751953125,8.7158203125,0.10986328125,0.28076171875,0.13427734375,1.03759765625,-0.0732421875,0.1708984375,-0.09765625,0.1953125,-0.01220703125,0.25634765625,0.2197265625,0.81787109375,-0.2197265625,-0.0244140625,-0.0732421875,1.33056640625,0.08544921875,-1.01318359375,0.03662109375,-0.35400390625,0.20751953125,-0.98876953125,0.15869140625,-0.830078125,-0.048828125,-1.416015625,0.2197265625,-0.32958984375,0.244140625,-0.30517578125,-0.08544921875,-1.20849609375,0.03662109375,-1.28173828125,0.048828125,-1.220703125,-0.1220703125,-1.15966796875,-0.048828125,-0.8544921875,0.01220703125,-0.30517578125,0.048828125,-1.47705078125,-0.28076171875,-1.025390625,-0.01220703125,0.390625,-0.0732421875,0.3662109375,-0.0732421875,0.048828125,-0.0732421875,-0.08544921875,-0.15869140625,0.1953125,-0.08544921875,-0.0732421875,-0.06103515625,0.78125,-0.06103515625,-0.52490234375,-0.09765625,-0.54931640625
0,-0.30517578125,-0.341796875,0.048828125,-0.35400390625,0,-0.390625,-0.06103515625,-0.08544921875,-0.2197265625,-0.06103515625,0,-0.89111328125,-0.09765625,1.08642578125,-0.28076171875,-0.20751953125,0.01220703125,-0.64697265625,0.09765625,-0.1953125,0.0732421875,0.8056640625,0.048828125,-0.72021484375,0.03662109375,-0.1220703125,-0.01220703125,-0.81787109375,0.03662109375,0.89111328125,-0.06103515625,0.18310546875,0.1953125,-0.3662109375,-0.3173828125,-0.91552734375,-0.01220703125,-0.52490234375,-0.2685546875,-0.732421875,0.01220703125,-0.2685546875,0.1220703125,-0.67138671875,-0.244140625,-0.48828125,0.28076171875,0.6103515625,0.0244140625,1.0986328125,-0.29296875,0.45166015625,0.35400390625,-0.146484375,-0.30517578125,0.69580078125,0.146484375,13.427734375,-0.15869140625,6.2255859375,0.86669921875,6.201171875,-0.2685546875,8.33740234375,0.08544921875,0.28076171875,0.1708984375,1.0498046875,-0.0732421875,0.18310546875,-0.048828125,0.18310546875,0.048828125,0.25634765625,0.2197265625,0.8056640625,-0.23193359375,-0.03662109375,-0.0732421875,1.33056640625,0.03662109375,-1.025390625,0.0244140625,-0.37841796875,0.23193359375,-0.98876953125,-0.0244140625,-0.81787109375,-0.0244140625,-1.416015625,0.23193359375,-0.32958984375,0.23193359375,-0.3173828125,-0.01220703125,-1.220703125,0.1220703125,-1.30615234375,0.0244140625,-1.26953125,-0.2197265625,-1.123046875,0.01220703125,-0.84228515625,0.03662109375,-0.37841796875,0.0244140625,-1.47705078125,-0.35400390625,-1.03759765625,0.01220703125,0.4150390625,-0.08544921875,0.40283203125,-0.01220703125,0.01220703125,-0.0732421875,-0.08544921875,-0.15869140625,0.20751953125,-0.1220703125,-0.0732421875,-0.048828125,0.79345703125,-0.0244140625,-0.52490234375,-0.08544921875,-0.5615234375
0,-0.30517578125,-0.32958984375,0.0732421875,-0.3662109375,0.0244140625,-0.40283203125,-0.048828125,-0.10986328125,-0.2197265625,-0.06103515625,0,-0.9033203125,-0.1220703125,1.07421875,-0.244140625,-0.1953125,-0.01220703125,-0.6591796875,0,-0.1953125,0.06103515625,0.78125,-0.03662109375,-0.732421875,0.10986328125,-0.13427734375,-0.01220703125,-0.79345703125,0.0244140625,0.87890625,0.09765625,0.20751953125,0.40283203125,-0.37841796875,-0.25634765625,-0.927734375,-0.01220703125,-0.5126953125,-0.2685546875,-0.74462890625,0.10986328125,-0.25634765625,0.0732421875,-0.64697265625,-0.244140625,-0.50048828125,0.341796875,0.6103515625,-0.01220703125,1.13525390625,-0.1953125,0.439453125,0.37841796875,-0.146484375,-0.23193359375,0.69580078125,0.048828125,12.8662109375,-0.1953125,5.94482421875,0.8544921875,5.95703125,-0.30517578125,7.91015625,0.0732421875,0.25634765625,0.23193359375,1.06201171875,-0.09765625,0.20751953125,-0.01220703125,0.1953125,0.10986328125,0.23193359375,0.20751953125,0.81787109375,-0.29296875,-0.03662109375,-0.0732421875,1.2939453125,0,-1.025390625,-0.0244140625,-0.3662109375,0.1953125,-0.9765625,-0.20751953125,-0.79345703125,-0.01220703125,-1.42822265625,0.2197265625,-0.30517578125,0.20751953125,-0.29296875,0.08544921875,-1.23291015625,0.23193359375,-1.30615234375,0,-1.25732421875,-0.2685546875,-1.11083984375,0.01220703125,-0.84228515625,0.08544921875,-0.45166015625,0,-1.4892578125,-0.37841796875,-1.03759765625,0.01220703125,0.37841796875,-0.06103515625,0.390625,0,0,-0.0732421875,-0.0732421875,-0.15869140625,0.2197265625,-0.10986328125,-0.06103515625,0.01220703125,0.81787109375,-0.0244140625,-0.52490234375,-0.10986328125,-0.5615234375
1,-0.3173828125,-0.341796875,0.08544921875,-0.3662109375,0.048828125,-0.40283203125,-0.03662109375,-0.08544921875,-0.23193359375,-0.048828125,0,-0.89111328125,-0.15869140625,1.06201171875,-0.20751953125,-0.1953125,-0.03662109375,-0.64697265625,-0.0732421875,-0.20751953125,0.01220703125,0.79345703125,-0.18310546875,-0.732421875,0.15869140625,-0.146484375,0.0244140625,-0.830078125,0.01220703125,0.86669921875,0.244140625,0.1953125,0.67138671875,-0.3662109375,-0.244140625,-0.91552734375,0.048828125,-0.48828125,-0.29296875,-0.732421875,0.25634765625,-0.23193359375,0.08544921875,-0.64697265625,-0.20751953125,-0.45166015625,0.32958984375,0.634765625,0,1.15966796875,-0.1220703125,0.42724609375,0.390625,-0.146484375,-0.15869140625,0.69580078125,-0.06103515625,12.20703125,-0.20751953125,5.67626953125,0.732421875,5.67626953125,-0.29296875,7.4951171875,0.0732421875,0.23193359375,0.244140625,1.0498046875,-0.0732421875,0.20751953125,-0.01220703125,0.15869140625,0.15869140625,0.20751953125,0.15869140625,0.8544921875,-0.32958984375,-0.048828125,-0.06103515625,1.2939453125,-0.06103515625,-1.03759765625,-0.0732421875,-0.3662109375,0.09765625,-0.96435546875,-0.2685546875,-0.8056640625,-0.01220703125,-1.40380859375,0.18310546875,-0.29296875,0.15869140625,-0.3173828125,0.18310546875,-1.23291015625,0.28076171875,-1.30615234375,-0.0244140625,-1.25732421875,-0.30517578125,-1.08642578125,-0.0244140625,-0.84228515625,0.03662109375,-0.4638671875,-0.048828125,-1.50146484375,-0.390625,-1.03759765625,-0.08544921875,0.390625,-0.09765625,0.40283203125,0.0244140625,0,-0.08544921875,-0.0732421875,-0.1220703125,0.18310546875,-0.10986328125,-0.06103515625,-0.0244140625,0.8544921875,-0.0244140625,-0.537109375,-0.1220703125,-0.54931640625
1,-0.30517578125,-0.32958984375,0.06103515625,-0.35400390625,0.048828125,-0.40283203125,-0.0244140625,-0.0732421875,-0.25634765625,-0.03662109375,-0.01220703125,-0.89111328125,-0.1953125,1.07421875,-0.20751953125,-0.15869140625,-0.0732421875,-0.6591796875,-0.15869140625,-0.2197265625,-0.01220703125,0.78125,-0.35400390625,-0.732421875,0.1708984375,-0.1708984375,0.01220703125,-0.830078125,-0.01220703125,0.89111328125,0.341796875,0.2197265625,0.91552734375,-0.3173828125,-0.25634765625,-0.927734375,0.10986328125,-0.439453125,-0.3662109375,-0.74462890625,0.4150390625,-0.2197265625,0.01220703125,-0.67138671875,-0.13427734375,-0.40283203125,0.28076171875,0.64697265625,0,1.1962890625,-0.10986328125,0.42724609375,0.45166015625,-0.146484375,-0.06103515625,0.7080078125,-0.15869140625,11.56005859375,-0.1708984375,5.43212890625,0.634765625,5.43212890625,-0.29296875,7.177734375,0.09765625,0.20751953125,0.244140625,1.03759765625,-0.09765625,0.20751953125,-0.01220703125,0.15869140625,0.20751953125,0.18310546875,0.0732421875,0.86669921875,-0.341796875,0,-0.048828125,1.28173828125,-0.13427734375,-1.03759765625,-0.13427734375,-0.37841796875,-0.0244140625,-0.96435546875,-0.2685546875,-0.79345703125,0.01220703125,-1.42822265625,0.10986328125,-0.29296875,0.10986328125,-0.32958984375,0.244140625,-1.23291015625,0.29296875,-1.33056640625,-0.0244140625,-1.2451171875,-0.2685546875,-1.07421875,-0.09765625,-0.830078125,0.06103515625,-0.5126953125,0.01220703125,-1.50146484375,-0.3173828125,-1.03759765625,-0.1220703125,0.3662109375,-0.08544921875,0.37841796875,-0.01220703125,0.01220703125,-0.08544921875,-0.03662109375,-0.10986328125,0.18310546875,-0.13427734375,-0.06103515625,0,0.86669921875,-0.0244140625,-0.5126953125,-0.09765625,-0.5615234375
1,-0.2685546875,-0.35400390625,0.08544921875,-0.3662109375,0.03662109375,-0.4150390625,-0.0244140625,-0.0732421875,-0.244140625,-0.01220703125,-0.048828125,-0.86669921875,-0.20751953125,1.06201171875,-0.20751953125,-0.1220703125,-0.13427734375,-0.67138671875,-0.2197265625,-0.20751953125,-0.048828125,0.79345703125,-0.4638671875,-0.72021484375,0.146484375,-0.1708984375,-0.01220703125,-0.830078125,-0.03662109375,0.8544921875,0.390625,0.20751953125,1.06201171875,-0.2685546875,-0.2685546875,-0.9033203125,0.1953125,-0.37841796875,-0.40283203125,-0.732421875,0.54931640625,-0.1953125,-0.0244140625,-0.6591796875,0,-0.341796875,0.32958984375,0.6591796875,0.03662109375,1.220703125,-0.10986328125,0.45166015625,0.52490234375,-0.1220703125,0,0.7080078125,-0.15869140625,10.94970703125,-0.146484375,5.23681640625,0.57373046875,5.18798828125,-0.30517578125,6.87255859375,0.10986328125,0.1708984375,0.25634765625,1.01318359375,-0.08544921875,0.244140625,0,0.15869140625,0.20751953125,0.1708984375,-0.01220703125,0.9033203125,-0.29296875,-0.01220703125,-0.048828125,1.2939453125,-0.1953125,-1.025390625,-0.15869140625,-0.390625,-0.1708984375,-0.96435546875,-0.20751953125,-0.79345703125,-0.0244140625,-1.4404296875,0.0244140625,-0.2685546875,0.0732421875,-0.341796875,0.244140625,-1.2451171875,0.2197265625,-1.35498046875,0.01220703125,-1.1962890625,-0.2197265625,-1.08642578125,-0.2197265625,-0.79345703125,0.0244140625,-0.54931640625,0.0732421875,-1.47705078125,-0.2685546875,-1.01318359375,-0.1708984375,0.35400390625,-0.048828125,0.3662109375,-0.01220703125,0.01220703125,-0.06103515625,-0.03662109375,-0.0732421875,0.18310546875,-0.13427734375,-0.0732421875,-0.01220703125,0.830078125,-0.0244140625,-0.52490234375,-0.08544921875,-0.5615234375
1,-0.28076171875,-0.341796875,0.10986328125,-0.3662109375,0.048828125,-0.42724609375,-0.01220703125,-0.08544921875,-0.23193359375,-0.01220703125,-0.0732421875,-0.8544921875,-0.23193359375,1.07421875,-0.2197265625,-0.13427734375,-0.20751953125,-0.6591796875,-0.29296875,-0.20751953125,-0.13427734375,0.79345703125,-0.47607421875,-0.72021484375,0.13427734375,-0.1953125,-0.01220703125,-0.81787109375,-0.0244140625,0.89111328125,0.35400390625,0.20751953125,1.07421875,-0.2685546875,-0.29296875,-0.89111328125,0.2685546875,-0.37841796875,-0.50048828125,-0.732421875,0.6591796875,-0.1708984375,-0.01220703125,-0.67138671875,0.13427734375,-0.3173828125,0.29296875,0.67138671875,0.09765625,1.20849609375,-0.13427734375,0.47607421875,0.5859375,-0.10986328125,0.10986328125,0.7080078125,-0.18310546875,10.400390625,-0.1220703125,5.04150390625,0.5615234375,4.99267578125,-0.30517578125,6.640625,0.13427734375,0.1708984375,0.2197265625,1.03759765625,-0.03662109375,0.23193359375,-0.0244140625,0.146484375,0.18310546875,0.1953125,-0.08544921875,0.89111328125,-0.23193359375,0.03662109375,-0.08544921875,1.26953125,-0.25634765625,-1.03759765625,-0.15869140625,-0.3662109375,-0.29296875,-0.9765625,-0.1220703125,-0.8056640625,-0.048828125,-1.47705078125,-0.03662109375,-0.25634765625,0.0244140625,-0.32958984375,0.1708984375,-1.220703125,0.09765625,-1.35498046875,0.0244140625,-1.18408203125,-0.1708984375,-1.123046875,-0.3173828125,-0.78125,-0.0244140625,-0.57373046875,0.1708984375,-1.4404296875,-0.2197265625,-1.03759765625,-0.1953125,0.35400390625,-0.01220703125,0.3662109375,0,0.03662109375,-0.08544921875,-0.01220703125,-0.0732421875,0.1953125,-0.10986328125,-0.09765625,0,0.81787109375,-0.048828125,-0.5126953125,-0.0732421875,-0.54931640625
1,-0.25634765625,-0.32958984375,0.13427734375,-0.3662109375,0.0732421875,-0.40283203125,0.01220703125,-0.08544921875,-0.23193359375,-0.01220703125,-0.10986328125,-0.8544921875,-0.244140625,1.11083984375,-0.23193359375,-0.146484375,-0.2685546875,-0.67138671875,-0.30517578125,-0.1953125,-0.1708984375,0.8056640625,-0.4638671875,-0.72021484375,0.08544921875,-0.1953125,-0.01220703125,-0.81787109375,-0.01220703125,0.89111328125,0.28076171875,0.2197265625,0.9521484375,-0.2685546875,-0.2685546875,-0.86669921875,0.3173828125,-0.37841796875,-0.634765625,-0.732421875,0.6591796875,-0.15869140625,-0.0244140625,-0.68359375,0.23193359375,-0.28076171875,0.32958984375,0.68359375,0.1708984375,1.20849609375,-0.13427734375,0.48828125,0.6103515625,-0.09765625,0.2685546875,0.732421875,-0.2685546875,9.912109375,-0.10986328125,4.8583984375,0.54931640625,4.78515625,-0.29296875,6.396484375,0.18310546875,0.15869140625,0.15869140625,1.025390625,-0.0244140625,0.2197265625,-0.06103515625,0.13427734375,0.1953125,0.20751953125,-0.10986328125,0.86669921875,-0.1953125,0.03662109375,-0.10986328125,1.26953125,-0.29296875,-1.025390625,-0.15869140625,-0.37841796875,-0.390625,-0.98876953125,-0.0244140625,-0.8056640625,-0.10986328125,-1.50146484375,-0.06103515625,-0.25634765625,-0.01220703125,-0.35400390625,0.0244140625,-1.1962890625,0.03662109375,-1.35498046875,0.03662109375,-1.1474609375,-0.10986328125,-1.13525390625,-0.390625,-0.76904296875,-0.0244140625,-0.62255859375,0.23193359375,-1.45263671875,-0.15869140625,-1.025390625,-0.18310546875,0.341796875,0.03662109375,0.35400390625,0,0.03662109375,-0.0732421875,0.01220703125,-0.06103515625,0.18310546875,-0.10986328125,-0.08544921875,0,0.8544921875,-0.0732421875,-0.50048828125,0,-0.537109375
1,-0.23193359375,-0.32958984375,0.09765625,-0.37841796875,0.0732421875,-0.40283203125,0.01220703125,-0.0732421875,-0.244140625,-0.0244140625,-0.1220703125,-0.8544921875,-0.244140625,1.123046875,-0.244140625,-0.15869140625,-0.3173828125,-0.67138671875,-0.29296875,-0.1953125,-0.23193359375,0.830078125,-0.37841796875,-0.732421875,0,-0.1953125,-0.03662109375,-0.8056640625,0,0.9033203125,0.13427734375,0.2197265625,0.732421875,-0.23193359375,-0.1953125,-0.86669921875,0.30517578125,-0.390625,-0.78125,-0.74462890625,0.59814453125,-0.1708984375,0.01220703125,-0.7080078125,0.30517578125,-0.2197265625,0.37841796875,0.69580078125,0.1953125,1.15966796875,-0.10986328125,0.5126953125,0.5859375,-0.10986328125,0.37841796875,0.732421875,-0.30517578125,9.46044921875,-0.10986328125,4.65087890625,0.5126953125,4.5654296875,-0.32958984375,6.18896484375,0.20751953125,0.1953125,0.0732421875,1.025390625,-0.01220703125,0.2197265625,-0.08544921875,0.15869140625,0.1953125,0.23193359375,-0.146484375,0.9033203125,-0.13427734375,0.0244140625,-0.15869140625,1.30615234375,-0.32958984375,-1.025390625,-0.146484375,-0.37841796875,-0.3662109375,-0.98876953125,0.048828125,-0.830078125,-0.1708984375,-1.52587890625,-0.03662109375,-0.2685546875,-0.0244140625,-0.341796875,-0.0732421875,-1.20849609375,0.0244140625,-1.35498046875,-0.01220703125,-1.13525390625,-0.048828125,-1.15966796875,-0.439453125,-0.76904296875,0.01220703125,-0.6591796875,0.2685546875,-1.4404296875,-0.15869140625,-1.03759765625,-0.13427734375,0.3662109375,0,0.35400390625,-0.01220703125,0.06103515625,-0.08544921875,0.0244140625,-0.06103515625,0.18310546875,-0.10986328125,-0.0732421875,-0.0244140625,0.830078125,-0.048828125,-0.48828125,0.03662109375,-0.52490234375
1,-0.23193359375,-0.3173828125,0.08544921875,-0.35400390625,0.08544921875,-0.390625,0,-0.0732421875,-0.28076171875,-0.01220703125,-0.146484375,-0.8544921875,-0.25634765625,1.123046875,-0.244140625,-0.15869140625,-0.341796875,-0.67138671875,-0.2685546875,-0.1953125,-0.23193359375,0.830078125,-0.244140625,-0.72021484375,-0.10986328125,-0.18310546875,-0.06103515625,-0.81787109375,-0.03662109375,0.9033203125,-0.0244140625,0.20751953125,0.48828125,-0.2685546875,-0.2685546875,-0.89111328125,0.244140625,-0.42724609375,-0.89111328125,-0.78125,0.47607421875,-0.1953125,-0.048828125,-0.72021484375,0.3173828125,-0.30517578125,0.37841796875,0.67138671875,0.2197265625,1.13525390625,-0.146484375,0.48828125,0.5859375,-0.13427734375,0.50048828125,0.74462890625,-0.32958984375,9.06982421875,-0.09765625,4.4677734375,0.52490234375,4.35791015625,-0.390625,5.9326171875,0.20751953125,0.1953125,0.01220703125,1.03759765625,-0.0244140625,0.20751953125,-0.146484375,0.18310546875,0.146484375,0.244140625,-0.1708984375,0.86669921875,-0.0732421875,0.0244140625,-0.1953125,1.30615234375,-0.30517578125,-0.98876953125,-0.08544921875,-0.35400390625,-0.28076171875,-1.0009765625,0.06103515625,-0.81787109375,-0.25634765625,-1.5380859375,-0.01220703125,-0.244140625,-0.06103515625,-0.3173828125,-0.146484375,-1.18408203125,0.03662109375,-1.3671875,-0.08544921875,-1.13525390625,0.01220703125,-1.18408203125,-0.40283203125,-0.78125,0.048828125,-0.732421875,0.25634765625,-1.4404296875,-0.13427734375,-1.025390625,-0.03662109375,0.37841796875,-0.01220703125,0.3662109375,-0.0244140625,0.0732421875,-0.0732421875,0.0244140625,-0.0732421875,0.1708984375,-0.10986328125,-0.0732421875,-0.03662109375,0.830078125,-0.048828125,-0.4638671875,0.0244140625,-0.5126953125
1,-0.23193359375,-0.32958984375,0.06103515625,-0.35400390625,0.09765625,-0.390625,-0.01220703125,-0.06103515625,-0.30517578125,-0.048828125,-0.146484375,-0.86669921875,-0.244140625,1.123046875,-0.244140625,-0.18310546875,-0.3173828125,-0.64697265625,-0.1708984375,-0.1953125,-0.1953125,0.87890625,-0.09765625,-0.732421875,-0.25634765625,-0.1708984375,-0.13427734375,-0.79345703125,-0.09765625,0.89111328125,-0.15869140625,0.20751953125,0.25634765625,-0.32958984375,-0.25634765625,-0.9033203125,0.23193359375,-0.45166015625,-0.98876953125,-0.79345703125,0.28076171875,-0.23193359375,-0.0244140625,-0.7080078125,0.23193359375,-0.3662109375,0.390625,0.64697265625,0.2197265625,1.13525390625,-0.15869140625,0.48828125,0.52490234375,-0.1708984375,0.537109375,0.72021484375,-0.29296875,8.6181640625,-0.10986328125,4.248046875,0.5126953125,4.13818359375,-0.439453125,5.6396484375,0.18310546875,0.2197265625,-0.0732421875,1.025390625,-0.03662109375,0.1953125,-0.1953125,0.1708984375,0.06103515625,0.2685546875,-0.15869140625,0.84228515625,-0.0244140625,0.0244140625,-0.23193359375,1.30615234375,-0.30517578125,-0.9765625,-0.01220703125,-0.35400390625,-0.13427734375,-1.01318359375,0.0244140625,-0.830078125,-0.3173828125,-1.55029296875,0.0244140625,-0.25634765625,-0.10986328125,-0.3173828125,-0.18310546875,-1.15966796875,0.03662109375,-1.3671875,-0.1220703125,-1.1474609375,0.01220703125,-1.1962890625,-0.35400390625,-0.78125,0.10986328125,-0.78125,0.244140625,-1.42822265625,-0.146484375,-1.025390625,0.06103515625,0.4150390625,-0.06103515625,0.35400390625,-0.048828125,0.06103515625,-0.06103515625,0.01220703125,-0.09765625,0.20751953125,-0.1220703125,-0.048828125,-0.03662109375,0.84228515625,-0.048828125,-0.45166015625,0.0244140625,-0.5126953125
1,-0.244140625,-0.32958984375,0.048828125,-0.3173828125,0.1220703125,-0.40283203125,-0.03662109375,-0.06103515625,-0.29296875,-0.048828125,-0.1708984375,-0.86669921875,-0.25634765625,1.13525390625,-0.23193359375,-0.18310546875,-0.25634765625,-0.634765625,-0.08544921875,-0.1708984375,-0.09765625,0.86669921875,0,-0.732421875,-0.3662109375,-0.15869140625,-0.18310546875,-0.79345703125,-0.13427734375,0.91552734375,-0.23193359375,0.2197265625,0.146484375,-0.37841796875,-0.2685546875,-0.93994140625,0.2197265625,-0.47607421875,-1.01318359375,-0.78125,0.15869140625,-0.244140625,-0.06103515625,-0.69580078125,0.146484375,-0.4150390625,0.42724609375,0.64697265625,0.244140625,1.13525390625,-0.18310546875,0.45166015625,0.537109375,-0.18310546875,0.50048828125,0.7080078125,-0.23193359375,8.16650390625,-0.1708984375,4.01611328125,0.5615234375,3.90625,-0.45166015625,5.31005859375,0.1708984375,0.244140625,-0.146484375,1.025390625,-0.08544921875,0.18310546875,-0.1953125,0.1953125,0,0.28076171875,-0.18310546875,0.830078125,0.048828125,0.01220703125,-0.244140625,1.33056640625,-0.3173828125,-0.9521484375,0.08544921875,-0.3662109375,0.0244140625,-1.03759765625,-0.0244140625,-0.81787109375,-0.40283203125,-1.5380859375,0.03662109375,-0.25634765625,-0.15869140625,-0.2685546875,-0.1953125,-1.171875,0.0244140625,-1.3671875,-0.18310546875,-1.18408203125,0.01220703125,-1.1962890625,-0.2685546875,-0.8056640625,0.1953125,-0.81787109375,0.09765625,-1.42822265625,-0.1708984375,-1.03759765625,0.09765625,0.45166015625,-0.09765625,0.37841796875,-0.048828125,0.06103515625,-0.0732421875,0.0244140625,-0.10986328125,0.20751953125,-0.13427734375,-0.01220703125,-0.01220703125,0.8544921875,-0.03662109375,-0.4638671875,0.0244140625,-0.50048828125
1,-0.25634765625,-0.35400390625,0.06103515625,-0.3173828125,0.15869140625,-0.40283203125,-0.048828125,-0.06103515625,-0.30517578125,-0.048828125,-0.1708984375,-0.87890625,-0.23193359375,1.123046875,-0.18310546875,-0.1953125,-0.18310546875,-0.634765625,-0.0244140625,-0.1953125,0.03662109375,0.84228515625,0.048828125,-0.74462890625,-0.4150390625,-0.15869140625,-0.20751953125,-0.81787109375,-0.1953125,0.91552734375,-0.23193359375,0.20751953125,0.13427734375,-0.40283203125,-0.3662109375,-0.927734375,0.2197265625,-0.5126953125,-0.9765625,-0.78125,0.0732421875,-0.244140625,-0.1220703125,-0.69580078125,0.048828125,-0.4638671875,0.4150390625,0.62255859375,0.244140625,1.13525390625,-0.1708984375,0.439453125,0.50048828125,-0.1953125,0.48828125,0.69580078125,-0.08544921875,7.62939453125,-0.13427734375,3.72314453125,0.59814453125,3.69873046875,-0.32958984375,4.9072265625,0.146484375,0.29296875,-0.20751953125,1.03759765625,-0.1220703125,0.18310546875,-0.20751953125,0.23193359375,-0.06103515625,0.29296875,-0.15869140625,0.830078125,0.06103515625,0,-0.23193359375,1.3427734375,-0.29296875,-0.9521484375,0.15869140625,-0.3662109375,0.146484375,-1.03759765625,-0.048828125,-0.81787109375,-0.45166015625,-1.5380859375,0.0244140625,-0.2685546875,-0.25634765625,-0.2685546875,-0.146484375,-1.171875,0.0244140625,-1.3671875,-0.244140625,-1.1962890625,0.03662109375,-1.20849609375,-0.1953125,-0.81787109375,0.1953125,-0.830078125,0.01220703125,-1.42822265625,-0.15869140625,-1.01318359375,0.13427734375,0.48828125,-0.10986328125,0.390625,-0.03662109375,0.03662109375,-0.0732421875,0,-0.1220703125,0.2197265625,-0.1220703125,-0.0244140625,-0.01220703125,0.89111328125,-0.0244140625,-0.45166015625,0.01220703125,-0.50048828125
1,-0.2685546875,-0.35400390625,0.06103515625,-0.32958984375,0.1953125,-0.42724609375,-0.0244140625,-0.048828125,-0.30517578125,-0.048828125,-0.20751953125,-0.87890625,-0.20751953125,1.123046875,-0.13427734375,-0.1953125,-0.09765625,-0.64697265625,0,-0.20751953125,0.15869140625,0.84228515625,0.0244140625,-0.732421875,-0.439453125,-0.15869140625,-0.25634765625,-0.81787109375,-0.25634765625,0.91552734375,-0.15869140625,0.20751953125,0.1953125,-0.390625,-0.4638671875,-0.927734375,0.244140625,-0.5126953125,-0.96435546875,-0.79345703125,0.0244140625,-0.2685546875,-0.1220703125,-0.6591796875,-0.048828125,-0.4638671875,0.4150390625,0.634765625,0.2197265625,1.18408203125,-0.15869140625,0.42724609375,0.45166015625,-0.20751953125,0.439453125,0.69580078125,0.048828125,6.97021484375,-0.15869140625,3.40576171875,0.62255859375,3.4423828125,-0.2685546875,4.4677734375,0.1220703125,0.30517578125,-0.28076171875,1.06201171875,-0.15869140625,0.1953125,-0.1953125,0.244140625,-0.13427734375,0.28076171875,-0.13427734375,0.84228515625,0.08544921875,0,-0.1953125,1.3671875,-0.2197265625,-0.96435546875,0.20751953125,-0.3662109375,0.20751953125,-1.03759765625,-0.06103515625,-0.81787109375,-0.439453125,-1.52587890625,0.03662109375,-0.25634765625,-0.30517578125,-0.2685546875,-0.08544921875,-1.15966796875,-0.01220703125,-1.3671875,-0.30517578125,-1.20849609375,0.03662109375,-1.1962890625,-0.10986328125,-0.84228515625,0.2197265625,-0.81787109375,-0.0244140625,-1.42822265625,-0.13427734375,-1.0009765625,0.1953125,0.54931640625,-0.1220703125,0.390625,-0.03662109375,0.0244140625,-0.0732421875,-0.01220703125,-0.10986328125,0.20751953125,-0.1220703125,0,-0.01220703125,0.87890625,-0.03662109375,-0.48828125,0.03662109375,-0.50048828125
1,-0.28076171875,-0.35400390625,0.048828125,-0.32958984375,0.23193359375,-0.42724609375,-0.03662109375,-0.03662109375,-0.30517578125,-0.048828125,-0.2197265625,-0.87890625,-0.1708984375,1.0986328125,-0.09765625,-0.20751953125,-0.03662109375,-0.6591796875,0.01220703125,-0.20751953125,0.244140625,0.830078125,-0.01220703125,-0.72021484375,-0.40283203125,-0.146484375,-0.25634765625,-0.8056640625,-0.29296875,0.91552734375,-0.0732421875,0.20751953125,0.35400390625,-0.37841796875,-0.5615234375,-0.91552734375,0.2685546875,-0.47607421875,-0.98876953125,-0.78125,0.03662109375,-0.23193359375,-0.18310546875,-0.6591796875,-0.09765625,-0.45166015625,0.40283203125,0.634765625,0.20751953125,1.1962890625,-0.1220703125,0.42724609375,0.390625,-0.2197265625,0.3662109375,0.68359375,0.03662109375,6.201171875,-0.1708984375,3.06396484375,0.67138671875,3.173828125,-0.29296875,3.99169921875,0.08544921875,0.3173828125,-0.30517578125,1.07421875,-0.20751953125,0.20751953125,-0.1708984375,0.23193359375,-0.18310546875,0.25634765625,-0.06103515625,0.86669921875,0.0732421875,0.01220703125,-0.06103515625,1.3671875,-0.1220703125,-0.96435546875,0.23193359375,-0.37841796875,0.18310546875,-1.0009765625,-0.0244140625,-0.8056640625,-0.40283203125,-1.4892578125,0.048828125,-0.28076171875,-0.341796875,-0.29296875,-0.048828125,-1.171875,-0.0244140625,-1.37939453125,-0.3173828125,-1.220703125,0.0244140625,-1.171875,-0.0244140625,-0.84228515625,0.18310546875,-0.7568359375,-0.0732421875,-1.3916015625,-0.13427734375,-0.96435546875,0.20751953125,0.5859375,-0.146484375,0.40283203125,-0.0244140625,0.01220703125,-0.0732421875,-0.048828125,-0.10986328125,0.2197265625,-0.1220703125,0,-0.01220703125,0.87890625,-0.03662109375,-0.48828125,0.01220703125,-0.5126953125
1,-0.29296875,-0.35400390625,0.03662109375,-0.341796875,0.25634765625,-0.4150390625,-0.0244140625,-0.06103515625,-0.30517578125,-0.048828125,-0.244140625,-0.89111328125,-0.15869140625,1.0986328125,-0.048828125,-0.2197265625,0.0244140625,-0.67138671875,-0.01220703125,-0.20751953125,0.2685546875,0.8056640625,-0.06103515625,-0.7080078125,-0.35400390625,-0.1220703125,-0.23193359375,-0.81787109375,-0.28076171875,0.89111328125,0,0.20751953125,0.50048828125,-0.341796875,-0.6103515625,-0.91552734375,0.29296875,-0.439453125,-1.025390625,-0.7568359375,0.06103515625,-0.23193359375,-0.30517578125,-0.6591796875,-0.15869140625,-0.4150390625,0.3662109375,0.64697265625,0.2197265625,1.20849609375,-0.10986328125,0.439453125,0.2197265625,-0.20751953125,0.3173828125,0.69580078125,0.08544921875,5.33447265625,-0.15869140625,2.7099609375,0.72021484375,2.8564453125,-0.3173828125,3.47900390625,0.03662109375,0.30517578125,-0.341796875,1.07421875,-0.25634765625,0.2197265625,-0.146484375,0.244140625,-0.28076171875,0.25634765625,-0.01220703125,0.87890625,0.048828125,0.01220703125,0,1.35498046875,-0.01220703125,-0.98876953125,0.20751953125,-0.37841796875,0.10986328125,-0.98876953125,0.03662109375,-0.78125,-0.3173828125,-1.47705078125,0.06103515625,-0.29296875,-0.28076171875,-0.29296875,-0.048828125,-1.18408203125,-0.048828125,-1.35498046875,-0.30517578125,-1.220703125,0.01220703125,-1.13525390625,0.0244140625,-0.8544921875,0.0244140625,-0.69580078125,-0.13427734375,-1.35498046875,-0.1708984375,-0.9033203125,0.13427734375,0.62255859375,-0.13427734375,0.390625,-0.0244140625,0.01220703125,-0.0732421875,-0.0244140625,-0.10986328125,0.20751953125,-0.10986328125,0,-0.03662109375,0.8544921875,-0.06103515625,-0.47607421875,0.0244140625,-0.52490234375
1,-0.29296875,-0.341796875,0,-0.35400390625,0.2685546875,-0.42724609375,-0.03662109375,-0.0732421875,-0.29296875,-0.048828125,-0.244140625,-0.87890625,-0.18310546875,1.11083984375,-0.01220703125,-0.23193359375,0.10986328125,-0.67138671875,-0.01220703125,-0.2197265625,0.2197265625,0.8056640625,-0.10986328125,-0.69580078125,-0.29296875,-0.09765625,-0.2197265625,-0.8056640625,-0.23193359375,0.9033203125,0.0732421875,0.20751953125,0.54931640625,-0.29296875,-0.54931640625,-0.9033203125,0.3662109375,-0.4150390625,-1.03759765625,-0.732421875,0.146484375,-0.20751953125,-0.28076171875,-0.67138671875,-0.18310546875,-0.390625,0.30517578125,0.634765625,0.244140625,1.20849609375,-0.1220703125,0.4638671875,0.06103515625,-0.1708984375,0.244140625,0.7080078125,0.10986328125,4.35791015625,-0.1220703125,2.33154296875,0.78125,2.50244140625,-0.3662109375,2.96630859375,0.0244140625,0.2685546875,-0.3662109375,1.06201171875,-0.2685546875,0.20751953125,-0.1220703125,0.2197265625,-0.3173828125,0.244140625,0,0.91552734375,0.048828125,0.01220703125,0.08544921875,1.3427734375,0.08544921875,-1.0009765625,0.1708984375,-0.37841796875,-0.0244140625,-0.96435546875,0.1220703125,-0.79345703125,-0.244140625,-1.45263671875,0.0732421875,-0.25634765625,-0.20751953125,-0.32958984375,-0.08544921875,-1.1962890625,-0.0244140625,-1.3427734375,-0.25634765625,-1.20849609375,0.0244140625,-1.13525390625,0.03662109375,-0.84228515625,0.01220703125,-0.62255859375,-0.03662109375,-1.318359375,-0.10986328125,-0.86669921875,0.1708984375,0.68359375,-0.1220703125,0.3662109375,-0.03662109375,0.01220703125,-0.06103515625,-0.01220703125,-0.0732421875,0.2197265625,-0.10986328125,-0.01220703125,-0.03662109375,0.84228515625,-0.08544921875,-0.50048828125,-0.01220703125,-0.52490234375
0,-0.2685546875,-0.32958984375,0.0244140625,-0.3662109375,0.28076171875,-0.40283203125,-0.0244140625,-0.08544921875,-0.30517578125,-0.01220703125,-0.25634765625,-0.87890625,-0.18310546875,1.11083984375,0.01220703125,-0.20751953125,0.15869140625,-0.6591796875,-0.0732421875,-0.23193359375,0.146484375,0.8056640625,-0.10986328125,-0.69580078125,-0.23193359375,-0.048828125,-0.1708984375,-0.8056640625,-0.13427734375,0.9033203125,0.10986328125,0.2197265625,0.634765625,-0.244140625,-0.50048828125,-0.89111328125,0.40283203125,-0.390625,-1.01318359375,-0.74462890625,0.23193359375,-0.18310546875,-0.2685546875,-0.68359375,-0.18310546875,-0.32958984375,0.2685546875,0.62255859375,0.28076171875,1.220703125,-0.146484375,0.4638671875,-0.08544921875,-0.1708984375,0.2197265625,0.72021484375,0.1220703125,3.40576171875,-0.0244140625,1.96533203125,0.86669921875,2.18505859375,-0.32958984375,2.4658203125,0.0244140625,0.244140625,-0.3662109375,1.06201171875,-0.2685546875,0.20751953125,-0.1220703125,0.1953125,-0.3662109375,0.2197265625,0,0.9521484375,0.0244140625,0.0244140625,0.10986328125,1.3427734375,0.10986328125,-1.01318359375,0.1220703125,-0.35400390625,-0.1708984375,-0.9765625,0.20751953125,-0.79345703125,-0.20751953125,-1.46484375,0.03662109375,-0.28076171875,-0.10986328125,-0.32958984375,-0.10986328125,-1.20849609375,-0.0244140625,-1.3671875,-0.20751953125,-1.18408203125,0.0244140625,-1.123046875,0,-0.84228515625,0.0244140625,-0.52490234375,0.0244140625,-1.26953125,-0.1220703125,-0.830078125,0.08544921875,0.72021484375,-0.10986328125,0.35400390625,-0.048828125,0.01220703125,-0.06103515625,0,-0.09765625,0.1953125,-0.09765625,-0.01220703125,-0.06103515625,0.830078125,-0.08544921875,-0.48828125,0,-0.537109375
0,-0.2685546875,-0.32958984375,0.01220703125,-0.37841796875,0.32958984375,-0.40283203125,-0.01220703125,-0.0732421875,-0.28076171875,0,-0.23193359375,-0.87890625,-0.2197265625,1.0986328125,0.048828125,-0.20751953125,0.1708984375,-0.6591796875,-0.13427734375,-0.25634765625,0,0.8056640625,-0.1220703125,-0.68359375,-0.13427734375,-0.03662109375,-0.13427734375,-0.81787109375,-0.048828125,0.9033203125,0.0732421875,0.20751953125,0.57373046875,-0.25634765625,-0.40283203125,-0.87890625,0.4638671875,-0.390625,-0.93994140625,-0.7568359375,0.28076171875,-0.15869140625,-0.13427734375,-0.68359375,-0.18310546875,-0.30517578125,0.28076171875,0.62255859375,0.3173828125,1.18408203125,-0.08544921875,0.50048828125,-0.244140625,-0.15869140625,0.1708984375,0.7568359375,0.0732421875,2.57568359375,-0.01220703125,1.67236328125,0.76904296875,1.85546875,-0.32958984375,2.099609375,-0.0244140625,0.2197265625,-0.32958984375,1.06201171875,-0.28076171875,0.1953125,-0.1220703125,0.1953125,-0.4150390625,0.2197265625,0.01220703125,0.93994140625,0.048828125,0.0244140625,0.15869140625,1.33056640625,0.10986328125,-1.025390625,0.03662109375,-0.37841796875,-0.2685546875,-0.9765625,0.2197265625,-0.8056640625,-0.18310546875,-1.4404296875,0.01220703125,-0.28076171875,-0.06103515625,-0.341796875,-0.146484375,-1.220703125,-0.01220703125,-1.3427734375,-0.1953125,-1.1474609375,0.01220703125,-1.13525390625,-0.0732421875,-0.8056640625,-0.13427734375,-0.40283203125,0.0244140625,-1.1962890625,-0.146484375,-0.76904296875,0.01220703125,0.76904296875,-0.09765625,0.35400390625,-0.03662109375,0.0244140625,-0.0732421875,0,-0.0732421875,0.1708984375,-0.10986328125,-0.01220703125,-0.0732421875,0.84228515625,-0.10986328125,-0.47607421875,-0.0244140625,-0.5126953125
0,-0.244140625,-0.32958984375,0,-0.3662109375,0.35400390625,-0.37841796875,0,-0.0732421875,-0.28076171875,0.0244140625,-0.244140625,-0.87890625,-0.244140625,1.0986328125,0.06103515625,-0.1953125,0.13427734375,-0.6591796875,-0.20751953125,-0.2197265625,-0.10986328125,0.81787109375,-0.146484375,-0.7080078125,-0.08544921875,0,-0.06103515625,-0.8056640625,0.048828125,0.9033203125,0,0.20751953125,0.42724609375,-0.20751953125,-0.2685546875,-0.84228515625,0.47607421875,-0.40283203125,-0.927734375,-0.74462890625,0.28076171875,-0.1708984375,-0.01220703125,-0.68359375,-0.1953125,-0.2685546875,0.29296875,0.62255859375,0.37841796875,1.18408203125,-0.03662109375,0.5126953125,-0.390625,-0.1220703125,0.13427734375,0.7568359375,0.0732421875,1.98974609375,0.03662109375,1.45263671875,0.81787109375,1.6357421875,-0.3173828125,1.806640625,-0.09765625,0.1953125,-0.30517578125,1.0498046875,-0.244140625,0.18310546875,-0.10986328125,0.18310546875,-0.40283203125,0.20751953125,0.03662109375,0.9521484375,0.03662109375,0,0.1708984375,1.318359375,0.09765625,-1.025390625,-0.01220703125,-0.390625,-0.29296875,-0.9765625,0.1953125,-0.81787109375,-0.1953125,-1.45263671875,-0.01220703125,-0.29296875,0.01220703125,-0.32958984375,-0.13427734375,-1.23291015625,-0.0244140625,-1.318359375,-0.2197265625,-1.1474609375,-0.01220703125,-1.13525390625,-0.1220703125,-0.79345703125,-0.13427734375,-0.3173828125,0.10986328125,-1.123046875,-0.08544921875,-0.7080078125,0.06103515625,0.8544921875,-0.10986328125,0.341796875,-0.0244140625,0.0244140625,-0.06103515625,-0.01220703125,-0.08544921875,0.1708984375,-0.10986328125,-0.03662109375,-0.08544921875,0.8544921875,-0.10986328125,-0.47607421875,-0.01220703125,-0.5126953125
0,-0.244140625,-0.3173828125,0,-0.35400390625,0.390625,-0.37841796875,-0.01220703125,-0.0732421875,-0.28076171875,0.0244140625,-0.1953125,-0.87890625,-0.28076171875,1.11083984375,0.06103515625,-0.1708984375,0.06103515625,-0.64697265625,-0.29296875,-0.23193359375,-0.23193359375,0.830078125,-0.18310546875,-0.69580078125,-0.06103515625,0.048828125,0.01220703125,-0.81787109375,0.10986328125,0.9033203125,-0.048828125,0.20751953125,0.3173828125,-0.1953125,-0.146484375,-0.830078125,0.40283203125,-0.4150390625,-0.91552734375,-0.7568359375,0.28076171875,-0.1708984375,0.08544921875,-0.69580078125,-0.1708984375,-0.25634765625,0.341796875,0.62255859375,0.390625,1.15966796875,0.0244140625,0.50048828125,-0.50048828125,-0.1708984375,0.09765625,0.7568359375,-0.0732421875,1.7333984375,0.06103515625,1.416015625,0.78125,1.50146484375,-0.30517578125,1.7333984375,-0.146484375,0.18310546875,-0.25634765625,1.0498046875,-0.1953125,0.18310546875,-0.146484375,0.18310546875,-0.3662109375,0.2197265625,0.08544921875,0.93994140625,0.03662109375,0,0.13427734375,1.318359375,0.08544921875,-1.01318359375,-0.03662109375,-0.37841796875,-0.2197265625,-0.96435546875,0.0732421875,-0.830078125,-0.1708984375,-1.46484375,-0.048828125,-0.29296875,0.048828125,-0.3173828125,-0.1708984375,-1.23291015625,-0.08544921875,-1.33056640625,-0.2197265625,-1.1474609375,-0.08544921875,-1.1474609375,-0.146484375,-0.8056640625,-0.1953125,-0.23193359375,0.1220703125,-1.025390625,-0.13427734375,-0.634765625,0.03662109375,0.927734375,-0.10986328125,0.35400390625,-0.0244140625,0.01220703125,-0.0732421875,-0.03662109375,-0.09765625,0.15869140625,-0.1220703125,-0.0244140625,-0.0732421875,0.8544921875,-0.09765625,-0.48828125,-0.03662109375,-0.50048828125
0,-0.2197265625,-0.3173828125,0,-0.37841796875,0.4150390625,-0.390625,-0.01220703125,-0.0732421875,-0.28076171875,0.0244140625,-0.18310546875,-0.86669921875,-0.28076171875,1.0986328125,0.0244140625,-0.1708984375,0,-0.634765625,-0.3662109375,-0.23193359375,-0.2685546875,0.830078125,-0.20751953125,-0.67138671875,-0.048828125,0.08544921875,0.048828125,-0.79345703125,0.146484375,0.89111328125,-0.048828125,0.20751953125,0.244140625,-0.244140625,-0.10986328125,-0.8056640625,0.30517578125,-0.42724609375,-0.91552734375,-0.76904296875,0.29296875,-0.1953125,0.09765625,-0.72021484375,-0.1220703125,-0.3173828125,0.4150390625,0.59814453125,0.37841796875,1.1474609375,0.03662109375,0.50048828125,-0.54931640625,-0.18310546875,0.03662109375,0.7568359375,-0.09765625,1.91650390625,0.03662109375,1.55029296875,0.79345703125,1.55029296875,-0.29296875,1.8798828125,-0.1708984375,0.1953125,-0.23193359375,1.03759765625,-0.146484375,0.15869140625,-0.1708984375,0.18310546875,-0.30517578125,0.244140625,0.09765625,0.89111328125,0,-0.0244140625,0.13427734375,1.318359375,0.03662109375,-1.0009765625,-0.0732421875,-0.37841796875,-0.08544921875,-0.9765625,-0.06103515625,-0.8544921875,-0.1953125,-1.46484375,-0.0732421875,-0.3173828125,-0.0244140625,-0.3173828125,-0.15869140625,-1.2451171875,-0.09765625,-1.318359375,-0.2685546875,-1.13525390625,-0.146484375,-1.15966796875,-0.15869140625,-0.79345703125,-0.1220703125,-0.146484375,0.15869140625,-0.91552734375,-0.146484375,-0.5615234375,0.06103515625,1.03759765625,-0.10986328125,0.341796875,-0.03662109375,0.0244140625,-0.0732421875,-0.048828125,-0.09765625,0.15869140625,-0.13427734375,-0.03662109375,-0.048828125,0.84228515625,-0.08544921875,-0.48828125,-0.06103515625,-0.48828125
0,-0.25634765625,-0.30517578125,0.01220703125,-0.37841796875,0.4150390625,-0.3662109375,-0.048828125,-0.0732421875,-0.3173828125,0.01220703125,-0.1953125,-0.89111328125,-0.32958984375,1.13525390625,0,-0.1953125,-0.06103515625,-0.634765625,-0.3662109375,-0.23193359375,-0.28076171875,0.830078125,-0.28076171875,-0.69580078125,-0.0732421875,0.1220703125,0.048828125,-0.79345703125,0.08544921875,0.9033203125,0.01220703125,0.20751953125,0.2685546875,-0.30517578125,-0.10986328125,-0.8056640625,0.1708984375,-0.42724609375,-0.9521484375,-0.74462890625,0.28076171875,-0.20751953125,0.08544921875,-0.69580078125,-0.09765625,-0.37841796875,0.4638671875,0.6103515625,0.341796875,1.15966796875,0.03662109375,0.4638671875,-0.52490234375,-0.23193359375,-0.08544921875,0.732421875,-0.0244140625,2.6123046875,0.08544921875,1.85546875,0.830078125,1.79443359375,-0.30517578125,2.28271484375,-0.15869140625,0.18310546875,-0.18310546875,1.03759765625,-0.10986328125,0.1708984375,-0.1953125,0.1708984375,-0.25634765625,0.25634765625,0.13427734375,0.8544921875,-0.03662109375,-0.03662109375,0.09765625,1.318359375,0.01220703125,-0.98876953125,-0.06103515625,-0.390625,0.048828125,-0.9765625,-0.1953125,-0.84228515625,-0.23193359375,-1.45263671875,-0.09765625,-0.3173828125,-0.048828125,-0.30517578125,-0.10986328125,-1.2451171875,-0.10986328125,-1.318359375,-0.32958984375,-1.13525390625,-0.20751953125,-1.1962890625,-0.1220703125,-0.81787109375,0.0244140625,-0.08544921875,0.244140625,-0.8056640625,-0.146484375,-0.48828125,0.10986328125,1.171875,-0.09765625,0.35400390625,-0.0732421875,0.03662109375,-0.06103515625,-0.0732421875,-0.08544921875,0.1708984375,-0.10986328125,-0.0244140625,-0.03662109375,0.8544921875,-0.0732421875,-0.48828125,-0.10986328125,-0.48828125
0,-0.244140625,-0.30517578125,-0.01220703125,-0.390625,0.4638671875,-0.35400390625,-0.03662109375,-0.08544921875,-0.3173828125,-0.01220703125,-0.20751953125,-0.89111328125,-0.35400390625,1.13525390625,-0.0244140625,-0.2197265625,-0.09765625,-0.64697265625,-0.37841796875,-0.1953125,-0.23193359375,0.81787109375,-0.29296875,-0.69580078125,-0.08544921875,0.13427734375,0,-0.76904296875,-0.0244140625,0.9033203125,0.08544921875,0.20751953125,0.341796875,-0.3662109375,-0.1953125,-0.78125,0.08544921875,-0.45166015625,-0.927734375,-0.7568359375,0.35400390625,-0.2197265625,0.08544921875,-0.67138671875,-0.0732421875,-0.40283203125,0.47607421875,0.62255859375,0.30517578125,1.1474609375,0,0.4638671875,-0.54931640625,-0.23193359375,-0.1953125,0.732421875,-0.10986328125,3.759765625,0.1220703125,2.392578125,0.81787109375,2.2216796875,-0.30517578125,2.94189453125,-0.13427734375,0.20751953125,-0.1220703125,1.0498046875,-0.06103515625,0.18310546875,-0.1953125,0.18310546875,-0.25634765625,0.244140625,0.146484375,0.8544921875,-0.09765625,-0.048828125,0.0732421875,1.318359375,-0.06103515625,-0.9765625,-0.06103515625,-0.3662109375,0.1953125,-0.98876953125,-0.32958984375,-0.830078125,-0.29296875,-1.45263671875,-0.146484375,-0.3173828125,-0.1708984375,-0.29296875,-0.08544921875,-1.220703125,-0.10986328125,-1.33056640625,-0.32958984375,-1.15966796875,-0.2197265625,-1.171875,-0.0732421875,-0.81787109375,0.0244140625,0.01220703125,0.23193359375,-0.67138671875,-0.20751953125,-0.4150390625,0.0244140625,1.28173828125,-0.0732421875,0.3662109375,-0.08544921875,0.0244140625,-0.06103515625,-0.09765625,-0.08544921875,0.18310546875,-0.1220703125,-0.01220703125,-0.03662109375,0.81787109375,-0.048828125,-0.5126953125,-0.146484375,-0.47607421875
0,-0.25634765625,-0.3173828125,-0.01220703125,-0.3662109375,0.4638671875,-0.3662109375,-0.048828125,-0.0732421875,-0.341796875,0,-0.23193359375,-0.89111328125,-0.3662109375,1.11083984375,-0.03662109375,-0.2197265625,-0.10986328125,-0.634765625,-0.341796875,-0.1953125,-0.13427734375,0.8544921875,-0.29296875,-0.7080078125,-0.10986328125,0.146484375,-0.06103515625,-0.79345703125,-0.09765625,0.91552734375,0.15869140625,0.1953125,0.4150390625,-0.37841796875,-0.3173828125,-0.76904296875,0.0732421875,-0.45166015625,-0.93994140625,-0.7568359375,0.390625,-0.23193359375,0.0244140625,-0.67138671875,-0.03662109375,-0.4150390625,0.5126953125,0.6103515625,0.2685546875,1.18408203125,0.01220703125,0.42724609375,-0.50048828125,-0.25634765625,-0.30517578125,0.72021484375,-0.13427734375,5.31005859375,0.09765625,3.076171875,0.7568359375,2.84423828125,-0.30517578125,3.84521484375,-0.08544921875,0.2197265625,-0.0244140625,1.03759765625,-0.0732421875,0.2197265625,-0.1708984375,0.18310546875,-0.25634765625,0.2685546875,0.146484375,0.81787109375,-0.10986328125,-0.03662109375,0.03662109375,1.318359375,-0.09765625,-0.96435546875,-0.0244140625,-0.390625,0.23193359375,-0.98876953125,-0.341796875,-0.830078125,-0.32958984375,-1.4892578125,-0.1708984375,-0.28076171875,-0.20751953125,-0.28076171875,-0.0732421875,-1.220703125,-0.0732421875,-1.3427734375,-0.3173828125,-1.18408203125,-0.1953125,-1.18408203125,0,-0.830078125,0.0732421875,0.10986328125,0.2197265625,-0.54931640625,-0.2197265625,-0.341796875,-0.0244140625,1.416015625,-0.048828125,0.37841796875,-0.09765625,0.0244140625,-0.08544921875,-0.09765625,-0.06103515625,0.20751953125,-0.10986328125,-0.01220703125,-0.048828125,0.81787109375,-0.06103515625,-0.5126953125,-0.146484375,-0.48828125
0,-0.23193359375,-0.341796875,-0.0244140625,-0.3662109375,0.50048828125,-0.37841796875,-0.048828125,-0.08544921875,-0.29296875,-0.03662109375,-0.25634765625,-0.91552734375,-0.3662109375,1.11083984375,-0.01220703125,-0.2197265625,-0.13427734375,-0.6591796875,-0.28076171875,-0.1953125,-0.03662109375,0.84228515625,-0.25634765625,-0.72021484375,-0.146484375,0.13427734375,-0.13427734375,-0.8056640625,-0.1953125,0.91552734375,0.15869140625,0.1953125,0.4638671875,-0.42724609375,-0.47607421875,-0.79345703125,0.0244140625,-0.4638671875,-1.03759765625,-0.74462890625,0.390625,-0.244140625,-0.048828125,-0.6591796875,0,-0.439453125,0.48828125,0.62255859375,0.20751953125,1.20849609375,0.0244140625,0.42724609375,-0.42724609375,-0.2197265625,-0.35400390625,0.7080078125,-0.08544921875,7.12890625,0.06103515625,3.8818359375,0.76904296875,3.61328125,-0.32958984375,4.9072265625,0,0.244140625,0.01220703125,1.03759765625,-0.0732421875,0.244140625,-0.15869140625,0.1953125,-0.244140625,0.2685546875,0.146484375,0.81787109375,-0.146484375,-0.0244140625,0,1.30615234375,-0.10986328125,-0.96435546875,0.0244140625,-0.37841796875,0.20751953125,-0.98876953125,-0.244140625,-0.8056640625,-0.32958984375,-1.45263671875,-0.23193359375,-0.28076171875,-0.2197265625,-0.30517578125,-0.09765625,-1.220703125,-0.03662109375,-1.3427734375,-0.25634765625,-1.1962890625,-0.15869140625,-1.18408203125,0.0732421875,-0.84228515625,0.13427734375,0.1953125,0.244140625,-0.439453125,-0.1953125,-0.28076171875,0,1.5380859375,-0.06103515625,0.390625,-0.10986328125,0.01220703125,-0.0732421875,-0.10986328125,-0.048828125,0.20751953125,-0.1220703125,-0.0244140625,-0.048828125,0.78125,-0.0732421875,-0.52490234375,-0.1220703125,-0.537109375
0,-0.2197265625,-0.341796875,-0.03662109375,-0.390625,0.50048828125,-0.390625,-0.0732421875,-0.0732421875,-0.28076171875,-0.0244140625,-0.29296875,-0.87890625,-0.35400390625,1.0986328125,0,-0.2197265625,-0.1220703125,-0.6591796875,-0.1953125,-0.1953125,0.06103515625,0.84228515625,-0.1953125,-0.72021484375,-0.1220703125,0.10986328125,-0.18310546875,-0.81787109375,-0.23193359375,0.89111328125,0.09765625,0.1953125,0.42724609375,-0.42724609375,-0.6103515625,-0.79345703125,0.0732421875,-0.47607421875,-1.123046875,-0.74462890625,0.35400390625,-0.244140625,-0.10986328125,-0.64697265625,0.0244140625,-0.42724609375,0.50048828125,0.634765625,0.13427734375,1.20849609375,0.0244140625,0.439453125,-0.4150390625,-0.2197265625,-0.3662109375,0.7080078125,0.03662109375,9.1064453125,0.06103515625,4.74853515625,0.78125,4.4677734375,-0.32958984375,6.06689453125,0.01220703125,0.2197265625,0.06103515625,1.0009765625,-0.06103515625,0.28076171875,-0.08544921875,0.18310546875,-0.2197265625,0.25634765625,0.13427734375,0.8544921875,-0.18310546875,-0.01220703125,-0.01220703125,1.30615234375,-0.10986328125,-0.96435546875,0.08544921875,-0.37841796875,0.13427734375,-0.98876953125,-0.09765625,-0.8056640625,-0.32958984375,-1.47705078125,-0.20751953125,-0.2685546875,-0.1708984375,-0.29296875,-0.146484375,-1.20849609375,0,-1.3427734375,-0.1953125,-1.220703125,-0.13427734375,-1.13525390625,0.146484375,-0.8544921875,0.13427734375,0.25634765625,0.20751953125,-0.35400390625,-0.146484375,-0.23193359375,0,1.6357421875,-0.048828125,0.37841796875,-0.08544921875,0.0244140625,-0.08544921875,-0.10986328125,0,0.2197265625,-0.10986328125,-0.0244140625,-0.03662109375,0.7568359375,-0.10986328125,-0.5126953125,-0.08544921875,-0.54931640625
0,-0.1953125,-0.35400390625,-0.03662109375,-0.3662109375,0.50048828125,-0.390625,-0.06103515625,-0.03662109375,-0.2685546875,-0.03662109375,-0.30517578125,-0.87890625,-0.32958984375,1.0986328125,0.0244140625,-0.1953125,-0.09765625,-0.64697265625,-0.146484375,-0.1953125,0.13427734375,0.830078125,-0.10986328125,-0.7080078125,-0.1220703125,0.09765625,-0.2197265625,-0.8056640625,-0.244140625,0.9033203125,0.01220703125,0.1953125,0.341796875,-0.40283203125,-0.6591796875,-0.81787109375,0.1220703125,-0.4638671875,-1.1962890625,-0.7568359375,0.29296875,-0.244140625,-0.244140625,-0.6591796875,0.01220703125,-0.4150390625,0.48828125,0.6103515625,0.08544921875,1.20849609375,-0.0244140625,0.4638671875,-0.40283203125,-0.1708984375,-0.32958984375,0.7080078125,0.15869140625,10.99853515625,0.0732421875,5.5419921875,0.9033203125,5.322265625,-0.341796875,7.18994140625,0.03662109375,0.23193359375,0.146484375,1.03759765625,-0.048828125,0.28076171875,-0.06103515625,0.18310546875,-0.13427734375,0.244140625,0.13427734375,0.87890625,-0.244140625,0.01220703125,0,1.30615234375,-0.06103515625,-0.9765625,0.13427734375,-0.390625,0.048828125,-0.98876953125,0.10986328125,-0.8056640625,-0.30517578125,-1.4892578125,-0.146484375,-0.25634765625,-0.08544921875,-0.3173828125,-0.1220703125,-1.20849609375,0.01220703125,-1.3427734375,-0.10986328125,-1.20849609375,-0.09765625,-1.11083984375,0.244140625,-0.8544921875,0.0732421875,0.29296875,0.1708984375,-0.30517578125,-0.146484375,-0.1953125,0.06103515625,1.72119140625,-0.048828125,0.37841796875,-0.08544921875,0.0244140625,-0.0732421875,-0.09765625,0.01220703125,0.23193359375,-0.10986328125,-0.048828125,-0.048828125,0.7568359375,-0.1220703125,-0.537109375,-0.03662109375,-0.57373046875
0,-0.1953125,-0.35400390625,-0.048828125,-0.3662109375,0.48828125,-0.40283203125,-0.08544921875,-0.03662109375,-0.2685546875,-0.06103515625,-0.30517578125,-0.87890625,-0.3173828125,1.08642578125,0.06103515625,-0.18310546875,-0.048828125,-0.64697265625,-0.048828125,-0.20751953125,0.18310546875,0.86669921875,-0.03662109375,-0.732421875,-0.13427734375,0.06103515625,-0.25634765625,-0.81787109375,-0.20751953125,0.89111328125,-0.10986328125,0.1953125,0.2197265625,-0.3662109375,-0.5615234375,-0.84228515625,0.146484375,-0.439453125,-1.20849609375,-0.7568359375,0.15869140625,-0.23193359375,-0.23193359375,-0.67138671875,-0.01220703125,-0.35400390625,0.4638671875,0.634765625,0.0732421875,1.18408203125,-0.08544921875,0.4638671875,-0.29296875,-0.10986328125,-0.28076171875,0.732421875,0.0732421875,12.63427734375,0.06103515625,6.25,0.9765625,6.0791015625,-0.40283203125,8.19091796875,0.01220703125,0.20751953125,0.18310546875,1.025390625,-0.048828125,0.30517578125,0,0.1953125,-0.048828125,0.244140625,0.08544921875,0.927734375,-0.29296875,0.0244140625,0,1.318359375,-0.01220703125,-0.9765625,0.1708984375,-0.390625,-0.0244140625,-0.98876953125,0.29296875,-0.78125,-0.2685546875,-1.4892578125,-0.09765625,-0.2197265625,0.06103515625,-0.341796875,-0.18310546875,-1.1962890625,-0.0244140625,-1.33056640625,0,-1.1962890625,-0.03662109375,-1.11083984375,0.3173828125,-0.84228515625,0,0.3173828125,0.0732421875,-0.29296875,-0.13427734375,-0.1708984375,0.06103515625,1.7333984375,-0.03662109375,0.390625,-0.09765625,0,-0.0732421875,-0.09765625,0.03662109375,0.2197265625,-0.1220703125,-0.048828125,-0.0244140625,0.76904296875,-0.146484375,-0.537109375,0.0244140625,-0.57373046875
0,-0.1708984375,-0.35400390625,-0.06103515625,-0.3662109375,0.50048828125,-0.4150390625,-0.08544921875,-0.048828125,-0.29296875,-0.048828125,-0.35400390625,-0.8544921875,-0.341796875,1.07421875,0.10986328125,-0.146484375,0.03662109375,-0.6591796875,0.03662109375,-0.244140625,0.20751953125,0.8544921875,0.048828125,-0.69580078125,-0.13427734375,0.01220703125,-0.25634765625,-0.81787109375,-0.146484375,0.9033203125,-0.2197265625,0.1953125,0.06103515625,-0.3173828125,-0.42724609375,-0.86669921875,0.13427734375,-0.439453125,-1.07421875,-0.74462890625,0.0732421875,-0.20751953125,-0.18310546875,-0.67138671875,-0.0732421875,-0.32958984375,0.4150390625,0.634765625,0.08544921875,1.171875,-0.15869140625,0.50048828125,-0.23193359375,-0.08544921875,-0.20751953125,0.7568359375,-0.06103515625,13.90380859375,0,6.7626953125,0.9033203125,6.65283203125,-0.48828125,8.97216796875,-0.01220703125,0.23193359375,0.244140625,1.025390625,-0.08544921875,0.28076171875,0.03662109375,0.18310546875,0.01220703125,0.23193359375,0,0.9521484375,-0.341796875,0.03662109375,0.01220703125,1.30615234375,0.03662109375,-0.98876953125,0.20751953125,-0.390625,-0.06103515625,-0.98876953125,0.390625,-0.79345703125,-0.244140625,-1.513671875,0.01220703125,-0.2197265625,0.1708984375,-0.32958984375,-0.2197265625,-1.1962890625,-0.0244140625,-1.3427734375,0.03662109375,-1.15966796875,0,-1.11083984375,0.3173828125,-0.830078125,-0.08544921875,0.341796875,0,-0.3173828125,-0.10986328125,-0.18310546875,0.06103515625,1.72119140625,-0.06103515625,0.3662109375,-0.10986328125,0,-0.06103515625,-0.06103515625,0.06103515625,0.23193359375,-0.10986328125,-0.03662109375,-0.03662109375,0.78125,-0.15869140625,-0.52490234375,0.03662109375,-0.5615234375
1,-0.18310546875,-0.35400390625,-0.06103515625,-0.3662109375,0.48828125,-0.4150390625,-0.10986328125,-0.048828125,-0.2685546875,-0.01220703125,-0.341796875,-0.84228515625,-0.32958984375,1.11083984375,0.15869140625,-0.15869140625,0.1220703125,-0.64697265625,0.09765625,-0.20751953125,0.13427734375,0.8544921875,0.1220703125,-0.72021484375,-0.15869140625,-0.0244140625,-0.28076171875,-0.8056640625,-0.06103515625,0.9033203125,-0.2685546875,0.20751953125,-0.0732421875,-0.30517578125,-0.28076171875,-0.89111328125,0.10986328125,-0.439453125,-0.9765625,-0.7568359375,-0.03662109375,-0.1953125,-0.146484375,-0.68359375,-0.18310546875,-0.3173828125,0.37841796875,0.6103515625,0.09765625,1.171875,-0.1953125,0.5126953125,-0.146484375,-0.06103515625,-0.13427734375,0.7568359375,-0.1220703125,14.68505859375,-0.08544921875,7.04345703125,0.830078125,6.97021484375,-0.5615234375,9.41162109375,0,0.20751953125,0.28076171875,1.03759765625,-0.09765625,0.2685546875,0.048828125,0.18310546875,0.09765625,0.23193359375,-0.1220703125,0.9521484375,-0.3173828125,0.03662109375,0.0244140625,1.33056640625,0.13427734375,-0.96435546875,0.2197265625,-0.390625,-0.048828125,-1.0009765625,0.40283203125,-0.79345703125,-0.2197265625,-1.55029296875,0.048828125,-0.23193359375,0.28076171875,-0.32958984375,-0.1953125,-1.18408203125,0.0244140625,-1.33056640625,0.09765625,-1.1474609375,0,-1.123046875,0.29296875,-0.81787109375,-0.0732421875,0.30517578125,-0.09765625,-0.35400390625,-0.09765625,-0.2197265625,0.03662109375,1.67236328125,-0.01220703125,0.35400390625,-0.1220703125,0,-0.0732421875,-0.06103515625,0.0732421875,0.1953125,-0.10986328125,-0.0244140625,-0.048828125,0.78125,-0.146484375,-0.537109375,0.08544921875,-0.54931640625
1,-0.20751953125,-0.3662109375,-0.06103515625,-0.37841796875,0.439453125,-0.40283203125,-0.08544921875,-0.03662109375,-0.29296875,0,-0.32958984375,-0.84228515625,-0.32958984375,1.0986328125,0.2197265625,-0.13427734375,0.18310546875,-0.62255859375,0.15869140625,-0.244140625,0.0732421875,0.8544921875,0.1953125,-0.7080078125,-0.1708984375,-0.06103515625,-0.2197265625,-0.81787109375,0,0.9033203125,-0.2685546875,0.20751953125,-0.13427734375,-0.244140625,-0.1220703125,-0.89111328125,0.20751953125,-0.439453125,-0.927734375,-0.732421875,-0.09765625,-0.15869140625,-0.0244140625,-0.68359375,-0.28076171875,-0.2685546875,0.3662109375,0.62255859375,0.146484375,1.1474609375,-0.18310546875,0.5126953125,-0.1220703125,-0.048828125,-0.10986328125,0.7568359375,-0.1708984375,14.9169921875,-0.18310546875,7.06787109375,0.81787109375,7.0556640625,-0.6103515625,9.53369140625,0,0.2197265625,0.32958984375,1.0498046875,-0.10986328125,0.23193359375,0.048828125,0.18310546875,0.10986328125,0.23193359375,-0.1708984375,0.9521484375,-0.3173828125,0.03662109375,0.0244140625,1.30615234375,0.1708984375,-0.96435546875,0.1953125,-0.40283203125,-0.0244140625,-0.98876953125,0.30517578125,-0.79345703125,-0.2197265625,-1.5380859375,0.09765625,-0.20751953125,0.3173828125,-0.32958984375,-0.15869140625,-1.18408203125,0.06103515625,-1.318359375,0.09765625,-1.13525390625,-0.01220703125,-1.13525390625,0.244140625,-0.8056640625,-0.03662109375,0.23193359375,-0.15869140625,-0.40283203125,-0.048828125,-0.25634765625,0.0244140625,1.57470703125,0,0.341796875,-0.1220703125,0.01220703125,-0.0732421875,-0.0732421875,0.06103515625,0.1953125,-0.1220703125,-0.03662109375,-0.03662109375,0.79345703125,-0.146484375,-0.5126953125,0.09765625,-0.537109375
1,-0.1708984375,-0.35400390625,-0.03662109375,-0.3662109375,0.4150390625,-0.390625,-0.08544921875,-0.06103515625,-0.29296875,0.01220703125,-0.35400390625,-0.84228515625,-0.341796875,1.0986328125,0.2685546875,-0.13427734375,0.18310546875,-0.62255859375,0.146484375,-0.2685546875,0.03662109375,0.8544921875,0.25634765625,-0.7080078125,-0.15869140625,-0.09765625,-0.1708984375,-0.830078125,0.0244140625,0.9033203125,-0.2197265625,0.20751953125,-0.146484375,-0.2197265625,-0.03662109375,-0.9033203125,0.2197265625,-0.439453125,-0.86669921875,-0.732421875,-0.08544921875,-0.15869140625,0,-0.7080078125,-0.37841796875,-0.2685546875,0.341796875,0.634765625,0.20751953125,1.1474609375,-0.15869140625,0.5126953125,-0.1708984375,-0.08544921875,-0.03662109375,0.7568359375,-0.20751953125,14.5751953125,-0.25634765625,6.84814453125,0.8056640625,6.8359375,-0.57373046875,9.3017578125,-0.01220703125,0.23193359375,0.35400390625,1.06201171875,-0.08544921875,0.1953125,0.048828125,0.20751953125,0.09765625,0.23193359375,-0.20751953125,0.89111328125,-0.25634765625,0.048828125,0.01220703125,1.318359375,0.146484375,-0.96435546875,0.1708984375,-0.37841796875,0,-0.98876953125,0.13427734375,-0.76904296875,-0.18310546875,-1.52587890625,0.146484375,-0.2197265625,0.30517578125,-0.3173828125,-0.08544921875,-1.18408203125,0.10986328125,-1.318359375,0.06103515625,-1.13525390625,-0.03662109375,-1.1474609375,0.1953125,-0.78125,0.01220703125,0.146484375,-0.23193359375,-0.48828125,-0.0244140625,-0.30517578125,-0.01220703125,1.4892578125,-0.0244140625,0.3173828125,-0.10986328125,0.01220703125,-0.06103515625,-0.08544921875,0.09765625,0.1708984375,-0.1220703125,-0.0244140625,-0.0244140625,0.79345703125,-0.10986328125,-0.5126953125,0.10986328125,-0.52490234375
1,-0.18310546875,-0.35400390625,-0.01220703125,-0.3662109375,0.390625,-0.40283203125,-0.08544921875,-0.0732421875,-0.29296875,0.01220703125,-0.3173828125,-0.8544921875,-0.32958984375,1.0986328125,0.341796875,-0.146484375,0.1708984375,-0.62255859375,0.10986328125,-0.25634765625,-0.01220703125,0.84228515625,0.23193359375,-0.69580078125,-0.13427734375,-0.10986328125,-0.1220703125,-0.81787109375,0.0732421875,0.89111328125,-0.13427734375,0.1953125,-0.0732421875,-0.25634765625,0.03662109375,-0.927734375,0.1953125,-0.4638671875,-0.8056640625,-0.732421875,-0.09765625,-0.18310546875,0.01220703125,-0.732421875,-0.439453125,-0.30517578125,0.341796875,0.6103515625,0.23193359375,1.1474609375,-0.1220703125,0.48828125,-0.146484375,-0.10986328125,-0.01220703125,0.74462890625,-0.25634765625,13.83056640625,-0.32958984375,6.4208984375,0.74462890625,6.396484375,-0.54931640625,8.75244140625,0.01220703125,0.2685546875,0.3173828125,1.06201171875,-0.06103515625,0.1708984375,0.03662109375,0.1953125,0.0732421875,0.25634765625,-0.244140625,0.89111328125,-0.1953125,0,0.01220703125,1.318359375,0.1220703125,-0.9521484375,0.13427734375,-0.390625,0,-0.96435546875,-0.06103515625,-0.78125,-0.1220703125,-1.513671875,0.13427734375,-0.244140625,0.30517578125,-0.3173828125,0,-1.1962890625,0.15869140625,-1.30615234375,0.01220703125,-1.13525390625,-0.06103515625,-1.15966796875,0.146484375,-0.76904296875,0.03662109375,0.06103515625,-0.2685546875,-0.54931640625,0.01220703125,-0.35400390625,-0.0244140625,1.42822265625,-0.03662109375,0.32958984375,-0.0732421875,0.03662109375,-0.08544921875,-0.0732421875,0.1220703125,0.1708984375,-0.146484375,-0.0244140625,-0.048828125,0.76904296875,-0.09765625,-0.5126953125,0.1220703125,-0.50048828125
1,-0.1708984375,-0.32958984375,0,-0.32958984375,0.37841796875,-0.390625,-0.06103515625,-0.048828125,-0.2685546875,0.01220703125,-0.30517578125,-0.86669921875,-0.3173828125,1.123046875,0.390625,-0.146484375,0.146484375,-0.6103515625,0.06103515625,-0.244140625,-0.03662109375,0.81787109375,0.1708984375,-0.69580078125,-0.09765625,-0.10986328125,-0.06103515625,-0.81787109375,0.0732421875,0.9033203125,-0.048828125,0.1953125,0.08544921875,-0.29296875,0.048828125,-0.9521484375,0.18310546875,-0.48828125,-0.7080078125,-0.72021484375,-0.01220703125,-0.1953125,0.01220703125,-0.72021484375,-0.439453125,-0.37841796875,0.32958984375,0.59814453125,0.23193359375,1.20849609375,-0.09765625,0.45166015625,-0.15869140625,-0.146484375,0.03662109375,0.732421875,-0.2685546875,12.70751953125,-0.3662109375,5.84716796875,0.67138671875,5.810546875,-0.5859375,7.97119140625,0.06103515625,0.3173828125,0.2685546875,1.0498046875,-0.06103515625,0.146484375,0.0244140625,0.23193359375,0.06103515625,0.244140625,-0.244140625,0.86669921875,-0.146484375,-0.01220703125,-0.03662109375,1.318359375,0.0244140625,-0.927734375,0.0732421875,-0.390625,-0.0244140625,-0.9765625,-0.2197265625,-0.78125,-0.08544921875,-1.46484375,0.10986328125,-0.244140625,0.244140625,-0.28076171875,0.048828125,-1.18408203125,0.18310546875,-1.30615234375,0.01220703125,-1.13525390625,-0.09765625,-1.171875,0.08544921875,-0.76904296875,0.03662109375,-0.0244140625,-0.2197265625,-0.59814453125,0.03662109375,-0.390625,-0.01220703125,1.35498046875,-0.0244140625,0.32958984375,-0.048828125,0.048828125,-0.0732421875,-0.08544921875,0.09765625,0.15869140625,-0.1708984375,-0.01220703125,-0.03662109375,0.76904296875,-0.08544921875,-0.52490234375,0.10986328125,-0.50048828125
1,-0.1708984375,-0.341796875,0,-0.3173828125,0.3662109375,-0.40283203125,-0.0732421875,-0.03662109375,-0.2685546875,0,-0.3173828125,-0.87890625,-0.32958984375,1.11083984375,0.4150390625,-0.18310546875,0.06103515625,-0.64697265625,0,-0.244140625,-0.08544921875,0.8056640625,0.048828125,-0.7080078125,-0.03662109375,-0.09765625,-0.048828125,-0.81787109375,0.01220703125,0.87890625,0.09765625,0.18310546875,0.29296875,-0.32958984375,-0.0244140625,-0.927734375,0.18310546875,-0.48828125,-0.5615234375,-0.72021484375,0.1220703125,-0.2197265625,-0.03662109375,-0.68359375,-0.37841796875,-0.439453125,0.341796875,0.59814453125,0.20751953125,1.20849609375,-0.06103515625,0.439453125,-0.13427734375,-0.1953125,0.10986328125,0.72021484375,-0.30517578125,11.376953125,-0.35400390625,5.2001953125,0.57373046875,5.126953125,-0.5859375,7.0556640625,0.0732421875,0.32958984375,0.20751953125,1.06201171875,-0.0732421875,0.146484375,-0.03662109375,0.23193359375,0.03662109375,0.2685546875,-0.244140625,0.830078125,-0.06103515625,-0.0244140625,-0.0732421875,1.33056640625,-0.03662109375,-0.9521484375,0.03662109375,-0.37841796875,-0.09765625,-0.9765625,-0.3173828125,-0.78125,-0.08544921875,-1.40380859375,0.0732421875,-0.29296875,0.15869140625,-0.29296875,0.15869140625,-1.20849609375,0.15869140625,-1.2939453125,0.0244140625,-1.15966796875,-0.09765625,-1.18408203125,0.03662109375,-0.79345703125,0.0244140625,-0.06103515625,-0.1708984375,-0.6103515625,-0.01220703125,-0.4150390625,-0.08544921875,1.28173828125,0,0.35400390625,-0.048828125,0.03662109375,-0.0732421875,-0.08544921875,0.09765625,0.1953125,-0.1953125,-0.0244140625,-0.01220703125,0.7568359375,-0.09765625,-0.50048828125,0.0732421875,-0.5126953125
1,-0.1708984375,-0.32958984375,0.01220703125,-0.32958984375,0.341796875,-0.40283203125,-0.06103515625,-0.048828125,-0.244140625,0,-0.32958984375,-0.86669921875,-0.341796875,1.11083984375,0.45166015625,-0.1953125,0.01220703125,-0.634765625,-0.048828125,-0.23193359375,-0.1220703125,0.8056640625,-0.08544921875,-0.69580078125,-0.01220703125,-0.08544921875,-0.06103515625,-0.8056640625,-0.048828125,0.9033203125,0.20751953125,0.1708984375,0.42724609375,-0.37841796875,-0.06103515625,-0.927734375,0.1220703125,-0.537109375,-0.48828125,-0.7080078125,0.23193359375,-0.23193359375,-0.03662109375,-0.67138671875,-0.3173828125,-0.45166015625,0.30517578125,0.5859375,0.2197265625,1.2451171875,-0.01220703125,0.439453125,-0.048828125,-0.23193359375,0.1953125,0.72021484375,-0.32958984375,9.9365234375,-0.32958984375,4.5166015625,0.537109375,4.4677734375,-0.634765625,6.0546875,0.08544921875,0.32958984375,0.146484375,1.06201171875,-0.0732421875,0.15869140625,-0.0732421875,0.244140625,-0.03662109375,0.25634765625,-0.244140625,0.8056640625,0,-0.048828125,-0.1220703125,1.318359375,-0.0732421875,-0.96435546875,-0.01220703125,-0.37841796875,-0.18310546875,-0.9765625,-0.341796875,-0.79345703125,-0.09765625,-1.33056640625,0.03662109375,-0.30517578125,0.09765625,-0.29296875,0.1953125,-1.23291015625,0.1220703125,-1.2939453125,0.048828125,-1.18408203125,-0.08544921875,-1.18408203125,-0.048828125,-0.79345703125,-0.1220703125,-0.10986328125,-0.1953125,-0.634765625,-0.0732421875,-0.4150390625,-0.18310546875,1.25732421875,0,0.341796875,-0.03662109375,0.03662109375,-0.0732421875,-0.0732421875,0.1220703125,0.20751953125,-0.1953125,-0.0244140625,-0.0244140625,0.7568359375,-0.10986328125,-0.50048828125,0.08544921875,-0.52490234375
1,-0.146484375,-0.32958984375,0.03662109375,-0.32958984375,0.32958984375,-0.4150390625,-0.03662109375,-0.06103515625,-0.2197265625,-0.0244140625,-0.32958984375,-0.89111328125,-0.3662109375,1.11083984375,0.45166015625,-0.244140625,-0.048828125,-0.634765625,-0.08544921875,-0.20751953125,-0.146484375,0.81787109375,-0.20751953125,-0.7080078125,0.01220703125,-0.0732421875,-0.03662109375,-0.79345703125,-0.08544921875,0.89111328125,0.2685546875,0.18310546875,0.50048828125,-0.439453125,-0.08544921875,-0.89111328125,0.0732421875,-0.537109375,-0.42724609375,-0.72021484375,0.341796875,-0.25634765625,-0.048828125,-0.67138671875,-0.23193359375,-0.48828125,0.2685546875,0.5859375,0.20751953125,1.23291015625,0.13427734375,0.42724609375,-0.06103515625,-0.244140625,0.3173828125,0.72021484375,-0.3173828125,8.544921875,-0.29296875,3.86962890625,0.4638671875,3.84521484375,-0.59814453125,5.11474609375,0.06103515625,0.32958984375,0.06103515625,1.0498046875,-0.08544921875,0.18310546875,-0.06103515625,0.2197265625,-0.0732421875,0.25634765625,-0.23193359375,0.81787109375,0.03662109375,-0.0244140625,-0.15869140625,1.33056640625,-0.13427734375,-0.9765625,-0.048828125,-0.37841796875,-0.30517578125,-0.9765625,-0.29296875,-0.79345703125,-0.1220703125,-1.25732421875,-0.0244140625,-0.3173828125,-0.01220703125,-0.29296875,0.1708984375,-1.220703125,-0.0244140625,-1.30615234375,0.0732421875,-1.1962890625,-0.0732421875,-1.171875,-0.10986328125,-0.81787109375,-0.10986328125,-0.1220703125,-0.06103515625,-0.67138671875,-0.0244140625,-0.45166015625,-0.146484375,1.23291015625,-0.01220703125,0.35400390625,-0.06103515625,0.0244140625,-0.08544921875,-0.048828125,0.13427734375,0.1953125,-0.20751953125,-0.048828125,-0.06103515625,0.74462890625,-0.1220703125,-0.50048828125,0.09765625,-0.537109375
1,-0.146484375,-0.30517578125,0.0244140625,-0.35400390625,0.341796875,-0.390625,-0.03662109375,-0.048828125,-0.20751953125,-0.01220703125,-0.341796875,-0.87890625,-0.35400390625,1.11083984375,0.48828125,-0.25634765625,-0.13427734375,-0.634765625,-0.13427734375,-0.1953125,-0.18310546875,0.8056640625,-0.2685546875,-0.7080078125,0,-0.0732421875,-0.048828125,-0.79345703125,-0.10986328125,0.9033203125,0.2685546875,0.18310546875,0.45166015625,-0.42724609375,-0.09765625,-0.89111328125,-0.03662109375,-0.52490234375,-0.439453125,-0.72021484375,0.4150390625,-0.23193359375,-0.048828125,-0.67138671875,-0.10986328125,-0.47607421875,0.29296875,0.6103515625,0.1220703125,1.220703125,0.20751953125,0.45166015625,-0.0732421875,-0.244140625,0.40283203125,0.72021484375,-0.29296875,7.23876953125,-0.2197265625,3.28369140625,0.40283203125,3.33251953125,-0.57373046875,4.248046875,0.048828125,0.30517578125,0,1.0498046875,-0.13427734375,0.1953125,-0.0732421875,0.2197265625,-0.146484375,0.25634765625,-0.2197265625,0.86669921875,0.0732421875,-0.01220703125,-0.146484375,1.318359375,-0.13427734375,-0.9521484375,-0.048828125,-0.37841796875,-0.37841796875,-1.0009765625,-0.20751953125,-0.79345703125,-0.15869140625,-1.1474609375,-0.08544921875,-0.30517578125,-0.06103515625,-0.29296875,0.08544921875,-1.220703125,-0.10986328125,-1.33056640625,0.08544921875,-1.18408203125,-0.0244140625,-1.1474609375,-0.146484375,-0.81787109375,-0.13427734375,-0.146484375,0.0244140625,-0.732421875,-0.06103515625,-0.4638671875,-0.1220703125,1.18408203125,0,0.35400390625,-0.06103515625,0,-0.0732421875,-0.06103515625,0.146484375,0.20751953125,-0.1953125,-0.03662109375,-0.048828125,0.7568359375,-0.146484375,-0.50048828125,0.09765625,-0.54931640625
1,-0.13427734375,-0.3173828125,0.0244140625,-0.390625,0.341796875,-0.4150390625,-0.0244140625,-0.03662109375,-0.1708984375,0,-0.32958984375,-0.89111328125,-0.341796875,1.11083984375,0.48828125,-0.2685546875,-0.18310546875,-0.6591796875,-0.146484375,-0.1953125,-0.20751953125,0.81787109375,-0.2685546875,-0.7080078125,-0.048828125,-0.06103515625,-0.048828125,-0.78125,-0.09765625,0.89111328125,0.1953125,0.18310546875,0.30517578125,-0.42724609375,-0.09765625,-0.86669921875,0.0244140625,-0.50048828125,-0.47607421875,-0.7080078125,0.439453125,-0.244140625,-0.08544921875,-0.67138671875,-0.048828125,-0.42724609375,0.3173828125,0.62255859375,0.09765625,1.220703125,0.244140625,0.4638671875,-0.10986328125,-0.20751953125,0.537109375,0.732421875,-0.2685546875,6.1279296875,-0.15869140625,2.79541015625,0.48828125,2.9052734375,-0.57373046875,3.4912109375,0.048828125,0.2685546875,-0.09765625,1.0498046875,-0.15869140625,0.20751953125,-0.048828125,0.2197265625,-0.23193359375,0.2685546875,-0.1953125,0.87890625,0.048828125,-0.01220703125,-0.1220703125,1.318359375,-0.18310546875,-0.9521484375,-0.06103515625,-0.37841796875,-0.390625,-0.98876953125,-0.10986328125,-0.79345703125,-0.23193359375,-1.07421875,-0.09765625,-0.30517578125,-0.0732421875,-0.3173828125,-0.0244140625,-1.2451171875,-0.15869140625,-1.3671875,0.08544921875,-1.171875,0.01220703125,-1.13525390625,-0.146484375,-0.81787109375,-0.20751953125,-0.1708984375,0.01220703125,-0.78125,-0.08544921875,-0.48828125,-0.08544921875,1.1474609375,-0.01220703125,0.35400390625,-0.06103515625,-0.01220703125,-0.0732421875,-0.048828125,0.146484375,0.20751953125,-0.18310546875,-0.06103515625,-0.06103515625,0.76904296875,-0.146484375,-0.52490234375,0.08544921875,-0.5615234375
1,-0.1220703125,-0.32958984375,-0.01220703125,-0.390625,0.32958984375,-0.390625,-0.03662109375,-0.0244140625,-0.1708984375,0,-0.341796875,-0.87890625,-0.30517578125,1.11083984375,0.4638671875,-0.2685546875,-0.20751953125,-0.64697265625,-0.15869140625,-0.1708984375,-0.2685546875,0.84228515625,-0.1708984375,-0.7080078125,-0.08544921875,-0.06103515625,-0.06103515625,-0.79345703125,-0.1220703125,0.91552734375,0.06103515625,0.20751953125,0.03662109375,-0.37841796875,-0.0732421875,-0.86669921875,-0.0732421875,-0.4638671875,-0.439453125,-0.7080078125,0.40283203125,-0.23193359375,-0.01220703125,-0.68359375,0.03662109375,-0.390625,0.390625,0.634765625,0.048828125,1.171875,0.29296875,0.48828125,-0.146484375,-0.20751953125,0.54931640625,0.7568359375,-0.28076171875,5.1513671875,-0.0732421875,2.34375,0.40283203125,2.5634765625,-0.45166015625,2.9052734375,0.0244140625,0.20751953125,-0.15869140625,1.025390625,-0.1953125,0.23193359375,-0.0244140625,0.2197265625,-0.2685546875,0.2685546875,-0.18310546875,0.91552734375,0.06103515625,0,-0.0732421875,1.318359375,-0.1708984375,-1.0009765625,-0.048828125,-0.3662109375,-0.3173828125,-1.0009765625,-0.0244140625,-0.8056640625,-0.32958984375,-1.01318359375,-0.09765625,-0.28076171875,-0.09765625,-0.341796875,-0.1220703125,-1.2451171875,-0.15869140625,-1.37939453125,0.0244140625,-1.171875,0.03662109375,-1.0986328125,-0.09765625,-0.8056640625,-0.09765625,-0.1708984375,0.09765625,-0.830078125,-0.08544921875,-0.52490234375,0,1.08642578125,0,0.35400390625,-0.0732421875,0,-0.0732421875,-0.06103515625,0.13427734375,0.18310546875,-0.1953125,-0.048828125,-0.048828125,0.8056640625,-0.15869140625,-0.54931640625,0.10986328125,-0.54931640625
1,-0.146484375,-0.341796875,-0.01220703125,-0.37841796875,0.3173828125,-0.37841796875,-0.048828125,-0.0244140625,-0.1708984375,0,-0.32958984375,-0.8544921875,-0.2685546875,1.11083984375,0.4638671875,-0.2197265625,-0.20751953125,-0.64697265625,-0.146484375,-0.1953125,-0.3173828125,0.830078125,-0.0732421875,-0.69580078125,-0.18310546875,-0.0732421875,-0.06103515625,-0.78125,-0.08544921875,0.91552734375,-0.09765625,0.20751953125,-0.20751953125,-0.341796875,-0.0244140625,-0.8544921875,-0.2197265625,-0.42724609375,-0.35400390625,-0.69580078125,0.28076171875,-0.23193359375,-0.048828125,-0.68359375,0.06103515625,-0.30517578125,0.45166015625,0.64697265625,0.0244140625,1.18408203125,0.3173828125,0.5126953125,-0.13427734375,-0.18310546875,0.62255859375,0.76904296875,-0.23193359375,4.296875,-0.0732421875,1.9775390625,0.42724609375,2.294921875,-0.390625,2.38037109375,-0.03662109375,0.20751953125,-0.1953125,1.025390625,-0.2197265625,0.25634765625,-0.01220703125,0.1953125,-0.3662109375,0.2685546875,-0.15869140625,0.927734375,0.03662109375,0.0244140625,-0.01220703125,1.33056640625,-0.13427734375,-1.0009765625,0.01220703125,-0.390625,-0.2197265625,-1.01318359375,-0.03662109375,-0.8056640625,-0.3662109375,-0.9521484375,-0.03662109375,-0.25634765625,-0.1220703125,-0.3662109375,-0.18310546875,-1.2451171875,-0.1708984375,-1.37939453125,-0.0244140625,-1.171875,0.0732421875,-1.08642578125,0,-0.830078125,-0.0732421875,-0.1708984375,0.048828125,-0.86669921875,-0.10986328125,-0.537109375,0.03662109375,1.0498046875,0,0.35400390625,-0.0732421875,0,-0.0732421875,-0.048828125,0.13427734375,0.18310546875,-0.1953125,-0.048828125,-0.048828125,0.81787109375,-0.1708984375,-0.54931640625,0.09765625,-0.537109375
1,-0.13427734375,-0.341796875,-0.01220703125,-0.37841796875,0.30517578125,-0.40283203125,-0.06103515625,-0.0244140625,-0.18310546875,0,-0.3173828125,-0.87890625,-0.2685546875,1.123046875,0.4150390625,-0.1953125,-0.146484375,-0.634765625,-0.08544921875,-0.18310546875,-0.341796875,0.84228515625,0.08544921875,-0.69580078125,-0.29296875,-0.10986328125,-0.1220703125,-0.8056640625,-0.0732421875,0.9033203125,-0.25634765625,0.20751953125,-0.439453125,-0.3173828125,-0.01220703125,-0.86669921875,-0.341796875,-0.42724609375,-0.29296875,-0.7080078125,0.13427734375,-0.23193359375,-0.048828125,-0.69580078125,0.01220703125,-0.30517578125,0.4638671875,0.634765625,0.048828125,1.13525390625,0.29296875,0.52490234375,-0.09765625,-0.15869140625,0.59814453125,0.74462890625,-0.18310546875,3.50341796875,-0.06103515625,1.62353515625,0.48828125,2.001953125,-0.29296875,1.84326171875,-0.06103515625,0.1708984375,-0.23193359375,1.03759765625,-0.25634765625,0.244140625,0.0244140625,0.1953125,-0.4150390625,0.28076171875,-0.1220703125,0.93994140625,0.06103515625,0.01220703125,0.048828125,1.33056640625,-0.10986328125,-1.0009765625,0.08544921875,-0.390625,-0.0732421875,-1.0009765625,-0.03662109375,-0.8056640625,-0.4150390625,-0.927734375,-0.06103515625,-0.244140625,-0.13427734375,-0.35400390625,-0.20751953125,-1.2451171875,-0.15869140625,-1.3671875,-0.0732421875,-1.13525390625,0.1220703125,-1.08642578125,0.06103515625,-0.81787109375,-0.0244140625,-0.13427734375,0.0244140625,-0.89111328125,-0.10986328125,-0.54931640625,0.048828125,1.03759765625,-0.01220703125,0.35400390625,-0.08544921875,0,-0.08544921875,-0.048828125,0.13427734375,0.15869140625,-0.20751953125,-0.06103515625,-0.03662109375,0.81787109375,-0.15869140625,-0.537109375,0.08544921875,-0.537109375
1,-0.13427734375,-0.35400390625,-0.01220703125,-0.3662109375,0.30517578125,-0.37841796875,-0.0732421875,-0.03662109375,-0.18310546875,0,-0.32958984375,-0.86669921875,-0.23193359375,1.13525390625,0.37841796875,-0.18310546875,-0.08544921875,-0.64697265625,0.01220703125,-0.18310546875,-0.29296875,0.8544921875,0.18310546875,-0.69580078125,-0.37841796875,-0.15869140625,-0.1708984375,-0.8056640625,-0.146484375,0.89111328125,-0.35400390625,0.20751953125,-0.54931640625,-0.2685546875,-0.06103515625,-0.8544921875,-0.35400390625,-0.40283203125,-0.20751953125,-0.68359375,-0.01220703125,-0.18310546875,-0.0244140625,-0.68359375,-0.06103515625,-0.29296875,0.47607421875,0.64697265625,0.01220703125,1.171875,0.28076171875,0.5126953125,-0.0732421875,-0.1708984375,0.48828125,0.7568359375,-0.15869140625,2.72216796875,-0.03662109375,1.26953125,0.4150390625,1.708984375,-0.2197265625,1.3427734375,-0.10986328125,0.18310546875,-0.244140625,1.0498046875,-0.25634765625,0.23193359375,0.03662109375,0.1708984375,-0.4638671875,0.28076171875,-0.09765625,0.91552734375,0.06103515625,0.01220703125,0.10986328125,1.33056640625,-0.09765625,-1.01318359375,0.15869140625,-0.37841796875,0.08544921875,-0.9765625,-0.06103515625,-0.79345703125,-0.45166015625,-0.9033203125,-0.06103515625,-0.2197265625,-0.18310546875,-0.3662109375,-0.1953125,-1.25732421875,-0.146484375,-1.35498046875,-0.1220703125,-1.11083984375,0.146484375,-1.11083984375,0.09765625,-0.8056640625,-0.03662109375,-0.10986328125,-0.10986328125,-0.9033203125,-0.13427734375,-0.537109375,-0.01220703125,1.025390625,-0.01220703125,0.35400390625,-0.09765625,-0.01220703125,-0.0732421875,-0.03662109375,0.13427734375,0.146484375,-0.15869140625,-0.048828125,-0.0244140625,0.8056640625,-0.146484375,-0.52490234375,0.0732421875,-0.537109375
0,-0.1220703125,-0.35400390625,-0.03662109375,-0.3662109375,0.32958984375,-0.40283203125,-0.09765625,-0.06103515625,-0.1708984375,0.01220703125,-0.29296875,-0.8544921875,-0.20751953125,1.13525390625,0.390625,-0.1708984375,0,-0.634765625,0.08544921875,-0.20751953125,-0.18310546875,0.830078125,0.244140625,-0.72021484375,-0.45166015625,-0.18310546875,-0.2197265625,-0.79345703125,-0.20751953125,0.89111328125,-0.4150390625,0.1953125,-0.52490234375,-0.2197265625,-0.10986328125,-0.86669921875,-0.32958984375,-0.37841796875,-0.20751953125,-0.64697265625,-0.15869140625,-0.1708984375,-0.08544921875,-0.69580078125,-0.1953125,-0.29296875,0.47607421875,0.64697265625,0.0244140625,1.171875,0.2197265625,0.50048828125,-0.1220703125,-0.18310546875,0.47607421875,0.74462890625,-0.08544921875,1.91650390625,0.0244140625,0.91552734375,0.40283203125,1.3427734375,-0.1953125,0.84228515625,-0.13427734375,0.20751953125,-0.244140625,1.06201171875,-0.2197265625,0.20751953125,0.0244140625,0.18310546875,-0.52490234375,0.29296875,-0.1220703125,0.86669921875,0.06103515625,-0.0244140625,0.15869140625,1.35498046875,-0.01220703125,-0.98876953125,0.2197265625,-0.3662109375,0.18310546875,-0.96435546875,-0.09765625,-0.79345703125,-0.439453125,-0.9033203125,-0.0732421875,-0.20751953125,-0.20751953125,-0.35400390625,-0.13427734375,-1.25732421875,-0.13427734375,-1.37939453125,-0.146484375,-1.11083984375,0.1708984375,-1.1474609375,0.13427734375,-0.8056640625,0.06103515625,-0.048828125,-0.1220703125,-0.84228515625,-0.048828125,-0.5126953125,0.01220703125,1.07421875,0,0.341796875,-0.10986328125,-0.01220703125,-0.0732421875,-0.03662109375,0.13427734375,0.13427734375,-0.18310546875,-0.06103515625,-0.0244140625,0.8056640625,-0.146484375,-0.52490234375,0.0732421875,-0.537109375
0,-0.10986328125,-0.35400390625,-0.048828125,-0.3662109375,0.341796875,-0.390625,-0.10986328125,-0.0732421875,-0.146484375,-0.01220703125,-0.28076171875,-0.87890625,-0.15869140625,1.11083984375,0.35400390625,-0.1708984375,0.0732421875,-0.634765625,0.13427734375,-0.2197265625,-0.06103515625,0.830078125,0.20751953125,-0.7080078125,-0.45166015625,-0.23193359375,-0.2685546875,-0.8056640625,-0.2197265625,0.9033203125,-0.4150390625,0.1953125,-0.4638671875,-0.23193359375,-0.1953125,-0.87890625,-0.30517578125,-0.37841796875,-0.20751953125,-0.634765625,-0.25634765625,-0.18310546875,-0.1220703125,-0.732421875,-0.3173828125,-0.35400390625,0.4150390625,0.64697265625,0.048828125,1.18408203125,0.18310546875,0.4638671875,-0.15869140625,-0.18310546875,0.40283203125,0.74462890625,-0.13427734375,1.11083984375,-0.048828125,0.52490234375,0.40283203125,0.96435546875,-0.15869140625,0.28076171875,-0.2197265625,0.244140625,-0.2685546875,1.06201171875,-0.1953125,0.18310546875,0.01220703125,0.18310546875,-0.50048828125,0.28076171875,-0.0732421875,0.87890625,0.08544921875,-0.03662109375,0.1953125,1.35498046875,0.01220703125,-0.9765625,0.28076171875,-0.3662109375,0.20751953125,-0.9521484375,-0.08544921875,-0.79345703125,-0.35400390625,-0.9033203125,-0.03662109375,-0.20751953125,-0.1953125,-0.341796875,-0.06103515625,-1.26953125,-0.15869140625,-1.3916015625,-0.1220703125,-1.123046875,0.13427734375,-1.171875,0.1708984375,-0.8056640625,0.1220703125,0.01220703125,-0.2197265625,-0.7568359375,-0.048828125,-0.45166015625,-0.0244140625,1.1962890625,-0.01220703125,0.341796875,-0.09765625,0,-0.08544921875,-0.03662109375,0.1220703125,0.1220703125,-0.1953125,-0.06103515625,-0.03662109375,0.79345703125,-0.1220703125,-0.50048828125,0.0732421875,-0.52490234375
0,-0.09765625,-0.341796875,-0.048828125,-0.35400390625,0.35400390625,-0.4150390625,-0.13427734375,-0.08544921875,-0.146484375,-0.01220703125,-0.244140625,-0.89111328125,-0.1220703125,1.123046875,0.35400390625,-0.1953125,0.10986328125,-0.64697265625,0.1708984375,-0.20751953125,0.03662109375,0.8544921875,0.146484375,-0.72021484375,-0.42724609375,-0.244140625,-0.28076171875,-0.79345703125,-0.2197265625,0.87890625,-0.32958984375,0.1953125,-0.32958984375,-0.28076171875,-0.20751953125,-0.89111328125,-0.25634765625,-0.35400390625,-0.1220703125,-0.6103515625,-0.2685546875,-0.15869140625,-0.1708984375,-0.69580078125,-0.3662109375,-0.42724609375,0.341796875,0.6591796875,0.06103515625,1.20849609375,0.10986328125,0.45166015625,-0.2685546875,-0.1708984375,0.341796875,0.74462890625,-0.146484375,0.29296875,-0.01220703125,0.146484375,0.439453125,0.537109375,-0.15869140625,-0.23193359375,-0.2685546875,0.2685546875,-0.244140625,1.07421875,-0.146484375,0.1953125,-0.048828125,0.1953125,-0.4638671875,0.28076171875,-0.048828125,0.830078125,0.08544921875,-0.03662109375,0.1953125,1.35498046875,0.08544921875,-0.96435546875,0.29296875,-0.390625,0.146484375,-0.9765625,-0.06103515625,-0.76904296875,-0.2685546875,-0.93994140625,-0.0244140625,-0.20751953125,-0.146484375,-0.30517578125,-0.01220703125,-1.23291015625,-0.146484375,-1.3671875,-0.10986328125,-1.123046875,0.09765625,-1.1962890625,0.20751953125,-0.79345703125,0.1220703125,0.10986328125,-0.2197265625,-0.634765625,-0.048828125,-0.341796875,0,1.33056640625,-0.01220703125,0.341796875,-0.08544921875,0.0244140625,-0.0732421875,-0.03662109375,0.146484375,0.13427734375,-0.1953125,-0.0732421875,-0.048828125,0.78125,-0.1220703125,-0.50048828125,0.06103515625,-0.52490234375
0,-0.10986328125,-0.32958984375,-0.06103515625,-0.341796875,0.35400390625,-0.40283203125,-0.146484375,-0.08544921875,-0.13427734375,-0.01220703125,-0.25634765625,-0.89111328125,-0.1220703125,1.13525390625,0.30517578125,-0.1953125,0.13427734375,-0.6591796875,0.146484375,-0.2197265625,0.09765625,0.8544921875,0.0732421875,-0.72021484375,-0.3662109375,-0.25634765625,-0.29296875,-0.79345703125,-0.20751953125,0.9033203125,-0.23193359375,0.1708984375,-0.146484375,-0.30517578125,-0.18310546875,-0.89111328125,-0.1708984375,-0.3662109375,-0.09765625,-0.5615234375,-0.23193359375,-0.15869140625,-0.23193359375,-0.69580078125,-0.390625,-0.47607421875,0.28076171875,0.6591796875,0.13427734375,1.20849609375,0.0732421875,0.439453125,-0.32958984375,-0.1708984375,0.28076171875,0.74462890625,-0.15869140625,-0.48828125,0.048828125,-0.1953125,0.5859375,0.13427734375,-0.1708984375,-0.732421875,-0.29296875,0.3173828125,-0.2197265625,1.06201171875,-0.0732421875,0.18310546875,-0.10986328125,0.1953125,-0.4150390625,0.2685546875,-0.01220703125,0.81787109375,0.08544921875,-0.048828125,0.1708984375,1.3671875,0.1220703125,-1.0009765625,0.28076171875,-0.37841796875,0.03662109375,-0.98876953125,0.01220703125,-0.79345703125,-0.1953125,-0.93994140625,-0.0244140625,-0.244140625,-0.06103515625,-0.32958984375,-0.01220703125,-1.220703125,-0.15869140625,-1.35498046875,-0.08544921875,-1.1474609375,0.03662109375,-1.18408203125,0.20751953125,-0.79345703125,0,0.20751953125,-0.244140625,-0.50048828125,-0.08544921875,-0.25634765625,-0.03662109375,1.50146484375,-0.0244140625,0.35400390625,-0.0732421875,0.03662109375,-0.0732421875,-0.048828125,0.146484375,0.146484375,-0.1953125,-0.08544921875,-0.048828125,0.79345703125,-0.1220703125,-0.5126953125,0.0732421875,-0.537109375
0,-0.08544921875,-0.3173828125,-0.0732421875,-0.32958984375,0.341796875,-0.40283203125,-0.146484375,-0.06103515625,-0.10986328125,0.01220703125,-0.23193359375,-0.87890625,-0.13427734375,1.123046875,0.244140625,-0.18310546875,0.18310546875,-0.6591796875,0.1220703125,-0.1953125,0.08544921875,0.84228515625,0.0244140625,-0.72021484375,-0.25634765625,-0.2685546875,-0.29296875,-0.79345703125,-0.146484375,0.91552734375,-0.146484375,0.18310546875,-0.048828125,-0.341796875,-0.1708984375,-0.9033203125,-0.1220703125,-0.4150390625,-0.048828125,-0.537109375,-0.1953125,-0.1708984375,-0.1953125,-0.6591796875,-0.40283203125,-0.50048828125,0.25634765625,0.6591796875,0.15869140625,1.1962890625,0.048828125,0.4150390625,-0.439453125,-0.18310546875,0.1953125,0.74462890625,-0.20751953125,-1.07421875,0.08544921875,-0.48828125,0.59814453125,-0.18310546875,-0.146484375,-1.0986328125,-0.28076171875,0.30517578125,-0.2197265625,1.06201171875,-0.0244140625,0.1708984375,-0.15869140625,0.20751953125,-0.35400390625,0.2685546875,0.01220703125,0.81787109375,0.0732421875,-0.048828125,0.13427734375,1.37939453125,0.146484375,-1.0009765625,0.244140625,-0.390625,-0.10986328125,-0.9765625,0.1220703125,-0.78125,-0.1220703125,-0.9765625,-0.01220703125,-0.23193359375,0.01220703125,-0.30517578125,0,-1.1962890625,-0.1220703125,-1.35498046875,-0.03662109375,-1.1474609375,-0.0244140625,-1.1962890625,0.1708984375,-0.78125,-0.06103515625,0.2685546875,-0.23193359375,-0.390625,-0.146484375,-0.1953125,-0.13427734375,1.6357421875,-0.0244140625,0.35400390625,-0.08544921875,0.0244140625,-0.0732421875,-0.048828125,0.146484375,0.15869140625,-0.18310546875,-0.06103515625,-0.03662109375,0.78125,-0.13427734375,-0.47607421875,0.08544921875,-0.52490234375
0,-0.06103515625,-0.35400390625,-0.0732421875,-0.3173828125,0.32958984375,-0.4150390625,-0.13427734375,-0.048828125,-0.09765625,-0.01220703125,-0.1953125,-0.89111328125,-0.15869140625,1.11083984375,0.23193359375,-0.1953125,0.244140625,-0.64697265625,0.06103515625,-0.1953125,0.048828125,0.8544921875,0,-0.732421875,-0.1953125,-0.2197265625,-0.244140625,-0.78125,-0.08544921875,0.91552734375,-0.08544921875,0.18310546875,-0.0244140625,-0.3662109375,-0.048828125,-0.91552734375,-0.0732421875,-0.45166015625,0,-0.52490234375,-0.146484375,-0.18310546875,-0.1708984375,-0.67138671875,-0.439453125,-0.5126953125,0.23193359375,0.6591796875,0.1953125,1.18408203125,0.06103515625,0.42724609375,-0.50048828125,-0.1708984375,0.13427734375,0.732421875,-0.244140625,-1.513671875,0.13427734375,-0.634765625,0.52490234375,-0.3662109375,-0.1220703125,-1.318359375,-0.25634765625,0.3173828125,-0.18310546875,1.06201171875,0.01220703125,0.1953125,-0.18310546875,0.20751953125,-0.30517578125,0.23193359375,0,0.8056640625,0.06103515625,-0.048828125,0.10986328125,1.3671875,0.15869140625,-0.96435546875,0.20751953125,-0.390625,-0.25634765625,-1.0009765625,0.1708984375,-0.76904296875,-0.06103515625,-0.93994140625,0.01220703125,-0.244140625,0.1220703125,-0.28076171875,0,-1.15966796875,-0.0732421875,-1.35498046875,-0.03662109375,-1.18408203125,-0.0732421875,-1.171875,0.13427734375,-0.78125,-0.0732421875,0.29296875,-0.18310546875,-0.32958984375,-0.15869140625,-0.13427734375,-0.13427734375,1.72119140625,-0.03662109375,0.35400390625,-0.08544921875,0.01220703125,-0.0732421875,-0.048828125,0.13427734375,0.1708984375,-0.15869140625,-0.06103515625,-0.0732421875,0.78125,-0.1708984375,-0.50048828125,0.0732421875,-0.537109375
0,-0.0244140625,-0.32958984375,-0.0732421875,-0.32958984375,0.341796875,-0.40283203125,-0.10986328125,-0.0244140625,-0.0732421875,-0.01220703125,-0.1708984375,-0.89111328125,-0.18310546875,1.0986328125,0.20751953125,-0.18310546875,0.244140625,-0.634765625,0,-0.20751953125,-0.03662109375,0.8544921875,0.01220703125,-0.72021484375,-0.146484375,-0.146484375,-0.1953125,-0.8056640625,0.03662109375,0.91552734375,-0.0732421875,0.18310546875,-0.0732421875,-0.35400390625,0.10986328125,-0.927734375,-0.048828125,-0.47607421875,0.0244140625,-0.48828125,-0.13427734375,-0.1953125,-0.13427734375,-0.64697265625,-0.42724609375,-0.439453125,0.20751953125,0.67138671875,0.1953125,1.15966796875,0.08544921875,0.42724609375,-0.537109375,-0.1708984375,0.09765625,0.74462890625,-0.25634765625,-1.64794921875,0.146484375,-0.68359375,0.47607421875,-0.390625,-0.03662109375,-1.35498046875,-0.2197265625,0.28076171875,-0.08544921875,1.03759765625,0.0244140625,0.20751953125,-0.146484375,0.20751953125,-0.3173828125,0.23193359375,0.01220703125,0.84228515625,0.0732421875,-0.048828125,0.03662109375,1.35498046875,0.1220703125,-0.9521484375,0.13427734375,-0.37841796875,-0.3173828125,-1.01318359375,0.2197265625,-0.76904296875,-0.048828125,-0.927734375,-0.01220703125,-0.28076171875,0.15869140625,-0.25634765625,0.01220703125,-1.1474609375,-0.0732421875,-1.33056640625,-0.048828125,-1.1962890625,-0.15869140625,-1.15966796875,0.1220703125,-0.78125,-0.06103515625,0.29296875,-0.1953125,-0.3173828125,-0.146484375,-0.146484375,-0.1220703125,1.72119140625,-0.0732421875,0.3662109375,-0.0732421875,0.01220703125,-0.08544921875,-0.03662109375,0.10986328125,0.1708984375,-0.18310546875,-0.048828125,-0.06103515625,0.79345703125,-0.1708984375,-0.48828125,0.06103515625,-0.537109375
0,0,-0.341796875,-0.06103515625,-0.341796875,0.30517578125,-0.4150390625,-0.08544921875,-0.0244140625,-0.03662109375,-0.03662109375,-0.146484375,-0.87890625,-0.1708984375,1.11083984375,0.18310546875,-0.20751953125,0.2197265625,-0.634765625,-0.048828125,-0.20751953125,-0.1708984375,0.86669921875,-0.0244140625,-0.7080078125,-0.1220703125,-0.08544921875,-0.09765625,-0.79345703125,0.146484375,0.91552734375,-0.1220703125,0.18310546875,-0.244140625,-0.32958984375,0.28076171875,-0.927734375,-0.03662109375,-0.50048828125,-0.03662109375,-0.48828125,-0.10986328125,-0.2197265625,-0.048828125,-0.64697265625,-0.40283203125,-0.3662109375,0.1953125,0.67138671875,0.1708984375,1.1474609375,0.08544921875,0.45166015625,-0.64697265625,-0.13427734375,-0.01220703125,0.74462890625,-0.244140625,-1.52587890625,0.146484375,-0.57373046875,0.48828125,-0.244140625,0,-1.20849609375,-0.15869140625,0.25634765625,-0.03662109375,1.03759765625,0.01220703125,0.244140625,-0.146484375,0.1953125,-0.28076171875,0.23193359375,0.0244140625,0.86669921875,0.0244140625,-0.01220703125,0,1.35498046875,0.0732421875,-0.93994140625,0.0732421875,-0.4150390625,-0.30517578125,-1.025390625,0.15869140625,-0.76904296875,-0.06103515625,-0.87890625,-0.03662109375,-0.244140625,0.18310546875,-0.25634765625,0,-1.1474609375,-0.06103515625,-1.318359375,-0.08544921875,-1.18408203125,-0.2197265625,-1.123046875,0.10986328125,-0.78125,-0.0732421875,0.25634765625,-0.1953125,-0.3662109375,-0.13427734375,-0.18310546875,-0.10986328125,1.66015625,-0.08544921875,0.37841796875,-0.048828125,0.01220703125,-0.0732421875,-0.03662109375,0.1220703125,0.1953125,-0.20751953125,-0.0732421875,-0.048828125,0.79345703125,-0.146484375,-0.50048828125,0.09765625,-0.5615234375
0,0.01220703125,-0.341796875,-0.0732421875,-0.3662109375,0.29296875,-0.37841796875,-0.10986328125,-0.03662109375,-0.03662109375,-0.0244140625,-0.1220703125,-0.86669921875,-0.146484375,1.0986328125,0.1708984375,-0.1953125,0.15869140625,-0.634765625,-0.1220703125,-0.1953125,-0.29296875,0.87890625,-0.0244140625,-0.69580078125,-0.09765625,-0.0244140625,0,-0.78125,0.20751953125,0.9033203125,-0.18310546875,0.20751953125,-0.32958984375,-0.30517578125,0.40283203125,-0.927734375,-0.048828125,-0.48828125,0.03662109375,-0.4638671875,-0.1220703125,-0.2197265625,-0.01220703125,-0.6591796875,-0.37841796875,-0.341796875,0.244140625,0.67138671875,0.09765625,1.11083984375,0.10986328125,0.4638671875,-0.79345703125,-0.15869140625,-0.0732421875,0.74462890625,-0.1708984375,-1.15966796875,0.146484375,-0.3662109375,0.5859375,0,0,-0.927734375,-0.09765625,0.2197265625,0.048828125,1.01318359375,-0.01220703125,0.244140625,-0.09765625,0.20751953125,-0.1953125,0.244140625,0.03662109375,0.86669921875,0.01220703125,-0.01220703125,-0.03662109375,1.33056640625,0.01220703125,-0.9521484375,0.06103515625,-0.4150390625,-0.23193359375,-1.025390625,0.0244140625,-0.78125,-0.0732421875,-0.8544921875,-0.08544921875,-0.28076171875,0.1953125,-0.28076171875,-0.0244140625,-1.1474609375,-0.0732421875,-1.28173828125,-0.1708984375,-1.20849609375,-0.2197265625,-1.11083984375,0.1220703125,-0.78125,0.0244140625,0.20751953125,-0.20751953125,-0.48828125,-0.10986328125,-0.28076171875,-0.0732421875,1.52587890625,-0.0732421875,0.390625,-0.03662109375,0.01220703125,-0.08544921875,-0.03662109375,0.1220703125,0.1953125,-0.23193359375,-0.06103515625,-0.048828125,0.78125,-0.146484375,-0.48828125,0.08544921875,-0.54931640625
0,0.048828125,-0.35400390625,-0.03662109375,-0.3662109375,0.2685546875,-0.40283203125,-0.08544921875,-0.0244140625,-0.0244140625,-0.0244140625,-0.1220703125,-0.8544921875,-0.13427734375,1.11083984375,0.146484375,-0.20751953125,0.08544921875,-0.634765625,-0.15869140625,-0.18310546875,-0.40283203125,0.8544921875,-0.0732421875,-0.69580078125,-0.09765625,0.03662109375,0.06103515625,-0.78125,0.25634765625,0.91552734375,-0.20751953125,0.2197265625,-0.37841796875,-0.29296875,0.4638671875,-0.927734375,-0.1708984375,-0.47607421875,0.09765625,-0.439453125,-0.06103515625,-0.23193359375,0.06103515625,-0.67138671875,-0.3173828125,-0.32958984375,0.29296875,0.67138671875,0.01220703125,1.11083984375,0.18310546875,0.45166015625,-0.830078125,-0.1708984375,-0.10986328125,0.732421875,-0.1220703125,-0.634765625,0.15869140625,-0.06103515625,0.62255859375,0.3173828125,-0.048828125,-0.54931640625,-0.06103515625,0.20751953125,0.09765625,1.03759765625,0,0.244140625,-0.048828125,0.2197265625,-0.09765625,0.244140625,0.06103515625,0.89111328125,-0.01220703125,-0.01220703125,-0.08544921875,1.3427734375,-0.0244140625,-1.0009765625,0.0244140625,-0.42724609375,-0.10986328125,-1.06201171875,-0.09765625,-0.78125,-0.08544921875,-0.84228515625,-0.13427734375,-0.28076171875,0.1708984375,-0.30517578125,-0.0244140625,-1.123046875,-0.08544921875,-1.2939453125,-0.23193359375,-1.18408203125,-0.20751953125,-1.0986328125,0.146484375,-0.79345703125,0.15869140625,0.18310546875,-0.1953125,-0.62255859375,-0.048828125,-0.35400390625,-0.048828125,1.40380859375,-0.06103515625,0.3662109375,-0.03662109375,0.0244140625,-0.0732421875,-0.03662109375,0.09765625,0.15869140625,-0.25634765625,-0.06103515625,-0.06103515625,0.8056640625,-0.146484375,-0.47607421875,0.0732421875,-0.57373046875
0,0.048828125,-0.35400390625,-0.0244140625,-0.37841796875,0.25634765625,-0.390625,-0.08544921875,-0.0244140625,-0.01220703125,-0.0244140625,-0.09765625,-0.87890625,-0.146484375,1.11083984375,0.1220703125,-0.1953125,0.048828125,-0.64697265625,-0.18310546875,-0.1708984375,-0.45166015625,0.84228515625,-0.13427734375,-0.68359375,-0.1220703125,0.10986328125,0.08544921875,-0.76904296875,0.244140625,0.91552734375,-0.15869140625,0.20751953125,-0.30517578125,-0.30517578125,0.45166015625,-0.927734375,-0.29296875,-0.47607421875,0.1953125,-0.4150390625,0.01220703125,-0.2197265625,0.10986328125,-0.68359375,-0.28076171875,-0.3173828125,0.32958984375,0.67138671875,-0.0732421875,1.123046875,0.244140625,0.439453125,-0.74462890625,-0.20751953125,-0.146484375,0.732421875,-0.0732421875,-0.048828125,0.13427734375,0.23193359375,0.48828125,0.64697265625,-0.13427734375,-0.146484375,-0.048828125,0.2197265625,0.1953125,1.025390625,0.01220703125,0.23193359375,0.01220703125,0.2197265625,-0.0244140625,0.244140625,0.048828125,0.87890625,-0.0244140625,-0.0244140625,-0.09765625,1.318359375,-0.09765625,-1.01318359375,0.01220703125,-0.45166015625,0.0244140625,-1.0498046875,-0.23193359375,-0.79345703125,-0.10986328125,-0.81787109375,-0.20751953125,-0.29296875,0.1220703125,-0.32958984375,-0.01220703125,-1.11083984375,-0.0732421875,-1.28173828125,-0.32958984375,-1.15966796875,-0.146484375,-1.11083984375,0.18310546875,-0.79345703125,0.2685546875,0.244140625,-0.13427734375,-0.7080078125,0,-0.42724609375,-0.09765625,1.2939453125,-0.048828125,0.35400390625,-0.03662109375,0.0244140625,-0.06103515625,-0.01220703125,0.09765625,0.146484375,-0.2685546875,-0.0732421875,-0.0732421875,0.79345703125,-0.10986328125,-0.48828125,0.06103515625,-0.5615234375
0,0.0732421875,-0.3662109375,0,-0.390625,0.23193359375,-0.37841796875,-0.08544921875,-0.0244140625,0.0244140625,-0.0244140625,-0.06103515625,-0.87890625,-0.146484375,1.11083984375,0.09765625,-0.1953125,-0.01220703125,-0.64697265625,-0.1708984375,-0.18310546875,-0.390625,0.84228515625,-0.1708984375,-0.69580078125,-0.146484375,0.13427734375,0.06103515625,-0.78125,0.1953125,0.89111328125,-0.08544921875,0.20751953125,-0.18310546875,-0.28076171875,0.32958984375,-0.91552734375,-0.341796875,-0.45166015625,0.15869140625,-0.35400390625,0.03662109375,-0.20751953125,0.09765625,-0.67138671875,-0.2197265625,-0.3173828125,0.341796875,0.68359375,-0.18310546875,1.11083984375,0.30517578125,0.439453125,-0.69580078125,-0.20751953125,-0.15869140625,0.732421875,0,0.50048828125,0.09765625,0.50048828125,0.32958984375,0.87890625,-0.146484375,0.23193359375,-0.0732421875,0.20751953125,0.28076171875,1.01318359375,0,0.2197265625,0.06103515625,0.23193359375,0.06103515625,0.2685546875,0.01220703125,0.8544921875,-0.0732421875,-0.0244140625,-0.10986328125,1.33056640625,-0.1220703125,-1.03759765625,0.0244140625,-0.439453125,0.10986328125,-1.025390625,-0.341796875,-0.79345703125,-0.13427734375,-0.830078125,-0.2685546875,-0.29296875,0.06103515625,-0.35400390625,0.01220703125,-1.08642578125,-0.048828125,-1.28173828125,-0.3662109375,-1.1474609375,-0.0244140625,-1.11083984375,0.18310546875,-0.8056640625,0.30517578125,0.45166015625,-0.1220703125,-0.72021484375,0.06103515625,-0.45166015625,-0.15869140625,1.26953125,-0.03662109375,0.341796875,-0.048828125,0.0244140625,-0.08544921875,-0.01220703125,0.09765625,0.13427734375,-0.2685546875,-0.0732421875,-0.08544921875,0.830078125,-0.10986328125,-0.4638671875,0.048828125,-0.537109375
0,0.0732421875,-0.35400390625,-0.01220703125,-0.3662109375,0.23193359375,-0.37841796875,-0.08544921875,-0.0244140625,0.06103515625,-0.0244140625,-0.0732421875,-0.86669921875,-0.13427734375,1.11083984375,0.0732421875,-0.1708984375,-0.03662109375,-0.64697265625,-0.1220703125,-0.1708984375,-0.3173828125,0.81787109375,-0.1953125,-0.72021484375,-0.1953125,0.15869140625,-0.01220703125,-0.79345703125,0.08544921875,0.87890625,0.01220703125,0.2197265625,-0.08544921875,-0.244140625,0.18310546875,-0.91552734375,-0.4150390625,-0.439453125,0.08544921875,-0.30517578125,0.0732421875,-0.18310546875,0.06103515625,-0.68359375,-0.1708984375,-0.3173828125,0.32958984375,0.68359375,-0.244140625,1.13525390625,0.32958984375,0.439453125,-0.5859375,-0.23193359375,-0.1708984375,0.74462890625,0.0732421875,0.87890625,0.13427734375,0.67138671875,0.32958984375,1.06201171875,-0.1220703125,0.48828125,-0.0732421875,0.244140625,0.3173828125,1.03759765625,0,0.2197265625,0.08544921875,0.2197265625,0.1220703125,0.2685546875,-0.08544921875,0.86669921875,-0.10986328125,-0.01220703125,-0.09765625,1.3427734375,-0.1220703125,-1.0009765625,0.0244140625,-0.439453125,0.1220703125,-1.0009765625,-0.3173828125,-0.79345703125,-0.146484375,-0.87890625,-0.32958984375,-0.30517578125,0.03662109375,-0.3173828125,0.0244140625,-1.123046875,-0.048828125,-1.2939453125,-0.35400390625,-1.13525390625,0.08544921875,-1.123046875,0.18310546875,-0.8056640625,0.4150390625,0.81787109375,-0.06103515625,-0.59814453125,0.13427734375,-0.35400390625,-0.1708984375,1.3916015625,-0.0732421875,0.32958984375,-0.03662109375,0.01220703125,-0.0732421875,0.01220703125,0.0732421875,0.1220703125,-0.244140625,-0.06103515625,-0.09765625,0.830078125,-0.08544921875,-0.45166015625,-0.01220703125,-0.54931640625
0,0.08544921875,-0.3662109375,0,-0.3662109375,0.1953125,-0.37841796875,-0.0732421875,-0.03662109375,0.0732421875,-0.01220703125,-0.0732421875,-0.87890625,-0.0732421875,1.0986328125,0.09765625,-0.15869140625,-0.0244140625,-0.634765625,-0.048828125,-0.1953125,-0.1708984375,0.8056640625,-0.1708984375,-0.69580078125,-0.18310546875,0.1953125,-0.08544921875,-0.79345703125,0,0.87890625,0.0244140625,0.20751953125,0,-0.2685546875,0.0244140625,-0.87890625,-0.4150390625,-0.4150390625,0.01220703125,-0.2685546875,0.0244140625,-0.1953125,-0.03662109375,-0.68359375,-0.15869140625,-0.37841796875,0.30517578125,0.67138671875,-0.29296875,1.15966796875,0.341796875,0.4150390625,-0.48828125,-0.244140625,-0.13427734375,0.732421875,-0.01220703125,1.0498046875,0,0.732421875,0.2685546875,1.025390625,-0.244140625,0.6103515625,-0.048828125,0.23193359375,0.35400390625,1.0498046875,0.01220703125,0.20751953125,0.08544921875,0.244140625,0.15869140625,0.2685546875,-0.13427734375,0.830078125,-0.09765625,-0.01220703125,-0.10986328125,1.33056640625,-0.13427734375,-0.9765625,0.048828125,-0.439453125,0.09765625,-0.98876953125,-0.244140625,-0.8056640625,-0.15869140625,-0.96435546875,-0.3662109375,-0.30517578125,0.03662109375,-0.29296875,-0.0244140625,-1.15966796875,-0.03662109375,-1.2939453125,-0.32958984375,-1.13525390625,0.18310546875,-1.13525390625,0.15869140625,-0.8056640625,0.28076171875,1.37939453125,-0.048828125,-0.35400390625,0.146484375,-0.13427734375,-0.2197265625,1.67236328125,-0.06103515625,0.3173828125,-0.03662109375,0.01220703125,-0.08544921875,0.01220703125,0.0732421875,0.10986328125,-0.23193359375,-0.06103515625,-0.10986328125,0.8544921875,-0.048828125,-0.4638671875,-0.01220703125,-0.537109375
1,0.08544921875,-0.341796875,-0.01220703125,-0.35400390625,0.18310546875,-0.37841796875,-0.08544921875,-0.0244140625,0.0732421875,-0.01220703125,-0.08544921875,-0.89111328125,-0.048828125,1.08642578125,0.08544921875,-0.18310546875,0,-0.64697265625,0,-0.1708984375,-0.01220703125,0.81787109375,-0.13427734375,-0.7080078125,-0.1708984375,0.1953125,-0.15869140625,-0.8056640625,-0.048828125,0.87890625,0.01220703125,0.1953125,0.01220703125,-0.29296875,-0.0732421875,-0.89111328125,-0.390625,-0.439453125,-0.03662109375,-0.23193359375,-0.048828125,-0.1708984375,-0.1708984375,-0.68359375,-0.13427734375,-0.42724609375,0.30517578125,0.64697265625,-0.30517578125,1.171875,0.29296875,0.439453125,-0.42724609375,-0.23193359375,-0.1220703125,0.732421875,0,1.0009765625,0,0.68359375,0.30517578125,0.93994140625,-0.146484375,0.57373046875,-0.048828125,0.244140625,0.37841796875,1.0498046875,0.01220703125,0.1953125,0.06103515625,0.244140625,0.18310546875,0.28076171875,-0.1953125,0.81787109375,-0.09765625,-0.0244140625,-0.09765625,1.3427734375,-0.13427734375,-0.9765625,0.06103515625,-0.40283203125,0.0244140625,-0.9765625,-0.0732421875,-0.79345703125,-0.146484375,-1.08642578125,-0.32958984375,-0.30517578125,0.09765625,-0.29296875,-0.048828125,-1.18408203125,-0.06103515625,-1.30615234375,-0.1953125,-1.13525390625,0.2685546875,-1.1474609375,0.20751953125,-0.78125,0.28076171875,2.1240234375,-0.03662109375,0.048828125,0.1708984375,0.1708984375,-0.20751953125,2.08740234375,-0.048828125,0.3173828125,-0.03662109375,0.01220703125,-0.0732421875,0.01220703125,0.06103515625,0.09765625,-0.20751953125,-0.06103515625,-0.10986328125,0.84228515625,-0.06103515625,-0.47607421875,0.01220703125,-0.52490234375
1,0.09765625,-0.35400390625,-0.0244140625,-0.3662109375,0.146484375,-0.3662109375,-0.09765625,-0.0244140625,0.1220703125,0,-0.08544921875,-0.89111328125,-0.01220703125,1.07421875,0.048828125,-0.20751953125,0.0244140625,-0.64697265625,0.01220703125,-0.15869140625,0.0732421875,0.81787109375,-0.048828125,-0.732421875,-0.1220703125,0.1953125,-0.1953125,-0.81787109375,-0.06103515625,0.89111328125,-0.08544921875,0.18310546875,-0.01220703125,-0.341796875,-0.09765625,-0.87890625,-0.3173828125,-0.439453125,-0.01220703125,-0.2197265625,-0.15869140625,-0.15869140625,-0.23193359375,-0.67138671875,-0.15869140625,-0.4638671875,0.30517578125,0.6591796875,-0.341796875,1.15966796875,0.25634765625,0.42724609375,-0.3662109375,-0.2197265625,-0.1220703125,0.74462890625,0.01220703125,0.7568359375,0.0244140625,0.54931640625,0.20751953125,0.72021484375,-0.13427734375,0.42724609375,-0.01220703125,0.25634765625,0.35400390625,1.07421875,0.03662109375,0.20751953125,0.048828125,0.244140625,0.18310546875,0.28076171875,-0.2197265625,0.81787109375,-0.048828125,-0.048828125,-0.06103515625,1.35498046875,-0.08544921875,-0.9521484375,0.0732421875,-0.390625,-0.0244140625,-0.9765625,0.10986328125,-0.79345703125,-0.1220703125,-1.220703125,-0.28076171875,-0.29296875,0.23193359375,-0.30517578125,-0.08544921875,-1.23291015625,-0.13427734375,-1.33056640625,-0.09765625,-1.13525390625,0.30517578125,-1.1474609375,0.2197265625,-0.76904296875,0.18310546875,3.02734375,-0.01220703125,0.59814453125,0.13427734375,0.6103515625,-0.15869140625,2.67333984375,-0.03662109375,0.3173828125,-0.0244140625,0.0244140625,-0.08544921875,0,0.06103515625,0.13427734375,-0.23193359375,-0.0732421875,-0.10986328125,0.8544921875,-0.06103515625,-0.48828125,0.048828125,-0.52490234375
1,0.10986328125,-0.3173828125,-0.03662109375,-0.341796875,0.10986328125,-0.3662109375,-0.08544921875,-0.06103515625,0.15869140625,0,-0.09765625,-0.87890625,0.03662109375,1.0498046875,0.03662109375,-0.18310546875,0.06103515625,-0.64697265625,0.03662109375,-0.1708984375,0.1220703125,0.81787109375,0,-0.72021484375,-0.09765625,0.2197265625,-0.244140625,-0.81787109375,-0.0732421875,0.89111328125,-0.20751953125,0.18310546875,-0.1220703125,-0.35400390625,-0.0244140625,-0.89111328125,-0.3173828125,-0.47607421875,-0.01220703125,-0.25634765625,-0.30517578125,-0.1708984375,-0.23193359375,-0.6591796875,-0.18310546875,-0.4638671875,0.28076171875,0.64697265625,-0.32958984375,1.15966796875,0.2197265625,0.439453125,-0.341796875,-0.23193359375,-0.03662109375,0.732421875,-0.15869140625,0.42724609375,-0.1220703125,0.3662109375,-0.01220703125,0.5126953125,-0.15869140625,0.2197265625,0.048828125,0.25634765625,0.29296875,1.0498046875,0.03662109375,0.2197265625,-0.01220703125,0.23193359375,0.1708984375,0.28076171875,-0.23193359375,0.81787109375,0.01220703125,-0.048828125,-0.08544921875,1.3671875,-0.0244140625,-0.96435546875,0.08544921875,-0.390625,-0.048828125,-0.96435546875,0.23193359375,-0.79345703125,-0.10986328125,-1.35498046875,-0.1708984375,-0.29296875,0.32958984375,-0.29296875,-0.13427734375,-1.28173828125,-0.2197265625,-1.3671875,0,-1.13525390625,0.30517578125,-1.1474609375,0.20751953125,-0.74462890625,0.03662109375,4.0283203125,-0.09765625,1.23291015625,0.03662109375,1.0986328125,-0.23193359375,3.3447265625,-0.03662109375,0.35400390625,0,0,-0.0732421875,0,0.048828125,0.13427734375,-0.2197265625,-0.048828125,-0.1220703125,0.830078125,-0.0732421875,-0.48828125,0.06103515625,-0.52490234375
1,0.13427734375,-0.3173828125,-0.048828125,-0.35400390625,0.08544921875,-0.35400390625,-0.08544921875,-0.06103515625,0.15869140625,0,-0.08544921875,-0.89111328125,0.048828125,1.07421875,0.03662109375,-0.1953125,0.15869140625,-0.6591796875,0.0732421875,-0.18310546875,0.1220703125,0.81787109375,0.048828125,-0.7080078125,-0.09765625,0.1953125,-0.244140625,-0.81787109375,-0.0244140625,0.9033203125,-0.30517578125,0.1708984375,-0.29296875,-0.341796875,0.048828125,-0.87890625,-0.37841796875,-0.47607421875,0.0732421875,-0.29296875,-0.4150390625,-0.18310546875,-0.18310546875,-0.6591796875,-0.23193359375,-0.439453125,0.2685546875,0.6591796875,-0.25634765625,1.1474609375,0.13427734375,0.4638671875,-0.28076171875,-0.1953125,0.06103515625,0.732421875,-0.2197265625,0.10986328125,-0.09765625,0.25634765625,-0.146484375,0.341796875,-0.048828125,0.06103515625,0.08544921875,0.244140625,0.20751953125,1.0498046875,0.0244140625,0.244140625,-0.0732421875,0.25634765625,0.15869140625,0.29296875,-0.244140625,0.830078125,0.08544921875,-0.03662109375,-0.15869140625,1.35498046875,0.048828125,-0.96435546875,0.09765625,-0.390625,-0.06103515625,-0.9765625,0.30517578125,-0.79345703125,-0.1220703125,-1.513671875,-0.08544921875,-0.28076171875,0.390625,-0.3173828125,-0.146484375,-1.2939453125,-0.244140625,-1.35498046875,0.06103515625,-1.15966796875,0.25634765625,-1.13525390625,0.20751953125,-0.7568359375,0.13427734375,5.01708984375,-0.1220703125,1.86767578125,-0.01220703125,1.611328125,-0.23193359375,4.0283203125,-0.0244140625,0.3662109375,0,0.01220703125,-0.08544921875,0.01220703125,0.03662109375,0.146484375,-0.20751953125,-0.03662109375,-0.08544921875,0.830078125,-0.10986328125,-0.5126953125,0.09765625,-0.537109375
1,0.1220703125,-0.32958984375,-0.06103515625,-0.35400390625,0.03662109375,-0.3662109375,-0.09765625,-0.0732421875,0.1953125,-0.01220703125,-0.09765625,-0.89111328125,0.0732421875,1.08642578125,0.0244140625,-0.18310546875,0.244140625,-0.64697265625,0.10986328125,-0.18310546875,0.09765625,0.81787109375,0.13427734375,-0.7080078125,-0.09765625,0.18310546875,-0.25634765625,-0.81787109375,0.0244140625,0.91552734375,-0.37841796875,0.1708984375,-0.47607421875,-0.32958984375,0.1708984375,-0.86669921875,-0.37841796875,-0.48828125,0.1220703125,-0.3662109375,-0.50048828125,-0.2197265625,-0.10986328125,-0.6591796875,-0.3173828125,-0.4150390625,0.15869140625,0.6591796875,-0.18310546875,1.13525390625,0.08544921875,0.48828125,-0.18310546875,-0.15869140625,0.1708984375,0.7568359375,-0.30517578125,-0.13427734375,-0.08544921875,0.1708984375,-0.1953125,0.23193359375,-0.08544921875,-0.03662109375,0.1220703125,0.2197265625,0.146484375,1.025390625,0,0.23193359375,-0.10986328125,0.244140625,0.09765625,0.25634765625,-0.29296875,0.8544921875,0.1708984375,-0.0244140625,-0.1953125,1.3671875,0.09765625,-0.9765625,0.0732421875,-0.37841796875,0,-0.9765625,0.29296875,-0.78125,-0.09765625,-1.5869140625,-0.01220703125,-0.2685546875,0.50048828125,-0.341796875,-0.13427734375,-1.2939453125,-0.23193359375,-1.3671875,0.08544921875,-1.171875,0.146484375,-1.123046875,0.1953125,-0.7568359375,0.18310546875,5.9814453125,-0.1953125,2.4658203125,-0.08544921875,2.11181640625,-0.2685546875,4.6630859375,0.0244140625,0.40283203125,-0.01220703125,0.0244140625,-0.0732421875,-0.01220703125,0.0244140625,0.1708984375,-0.1953125,-0.03662109375,-0.09765625,0.81787109375,-0.1220703125,-0.50048828125,0.10986328125,-0.537109375
1,0.146484375,-0.341796875,-0.03662109375,-0.35400390625,0.03662109375,-0.3662109375,-0.1220703125,-0.048828125,0.20751953125,-0.0244140625,-0.08544921875,-0.87890625,0.08544921875,1.08642578125,0.03662109375,-0.20751953125,0.28076171875,-0.634765625,0.1708984375,-0.18310546875,0.0244140625,0.830078125,0.1953125,-0.69580078125,-0.10986328125,0.1708984375,-0.1953125,-0.79345703125,0.06103515625,0.927734375,-0.3662109375,0.18310546875,-0.62255859375,-0.28076171875,0.2685546875,-0.86669921875,-0.3662109375,-0.45166015625,0.15869140625,-0.439453125,-0.54931640625,-0.1953125,-0.048828125,-0.67138671875,-0.42724609375,-0.37841796875,0.13427734375,0.6591796875,-0.10986328125,1.0986328125,0.0244140625,0.48828125,-0.1220703125,-0.1220703125,0.30517578125,0.732421875,-0.3662109375,-0.15869140625,-0.10986328125,0.244140625,-0.20751953125,0.28076171875,-0.0732421875,-0.01220703125,0.10986328125,0.2197265625,0.06103515625,1.025390625,-0.01220703125,0.2197265625,-0.13427734375,0.20751953125,0.01220703125,0.25634765625,-0.28076171875,0.91552734375,0.244140625,-0.0244140625,-0.23193359375,1.35498046875,0.1220703125,-1.01318359375,0.048828125,-0.37841796875,0.0732421875,-1.0009765625,0.15869140625,-0.76904296875,-0.10986328125,-1.64794921875,0.048828125,-0.2197265625,0.47607421875,-0.35400390625,-0.0732421875,-1.2939453125,-0.1708984375,-1.3671875,0.08544921875,-1.18408203125,0.048828125,-1.11083984375,0.1708984375,-0.74462890625,0.2197265625,6.84814453125,-0.2197265625,3.0029296875,-0.08544921875,2.5146484375,-0.244140625,5.2001953125,0.01220703125,0.40283203125,-0.03662109375,0.0244140625,-0.0732421875,0.01220703125,0.01220703125,0.18310546875,-0.1953125,-0.0244140625,-0.08544921875,0.81787109375,-0.10986328125,-0.47607421875,0.1220703125,-0.537109375
1,0.13427734375,-0.32958984375,-0.048828125,-0.341796875,0.01220703125,-0.390625,-0.1220703125,-0.06103515625,0.20751953125,-0.01220703125,-0.08544921875,-0.86669921875,0.06103515625,1.11083984375,0.03662109375,-0.18310546875,0.28076171875,-0.6103515625,0.18310546875,-0.1708984375,-0.0244140625,0.830078125,0.2685546875,-0.69580078125,-0.13427734375,0.146484375,-0.1220703125,-0.79345703125,0.1220703125,0.91552734375,-0.32958984375,0.1953125,-0.59814453125,-0.244140625,0.35400390625,-0.89111328125,-0.35400390625,-0.42724609375,0.2197265625,-0.537109375,-0.5126953125,-0.20751953125,-0.03662109375,-0.68359375,-0.4638671875,-0.29296875,0.0732421875,0.6591796875,-0.06103515625,1.08642578125,-0.048828125,0.48828125,-0.0732421875,-0.10986328125,0.40283203125,0.72021484375,-0.341796875,0.0244140625,-0.0732421875,0.4150390625,-0.18310546875,0.45166015625,-0.06103515625,0.1708984375,0.08544921875,0.1708984375,0.0244140625,1.025390625,-0.06103515625,0.23193359375,-0.146484375,0.20751953125,-0.048828125,0.25634765625,-0.29296875,0.89111328125,0.29296875,-0.01220703125,-0.2197265625,1.3427734375,0.10986328125,-1.025390625,0.01220703125,-0.390625,0.09765625,-0.98876953125,-0.03662109375,-0.79345703125,-0.06103515625,-1.66015625,0.09765625,-0.20751953125,0.42724609375,-0.390625,0.0244140625,-1.23291015625,-0.1220703125,-1.35498046875,0.09765625,-1.18408203125,-0.048828125,-1.11083984375,0.1708984375,-0.7568359375,0.1953125,7.5439453125,-0.2685546875,3.3935546875,-0.10986328125,2.84423828125,-0.25634765625,5.5908203125,0.01220703125,0.4150390625,-0.0244140625,0.01220703125,-0.06103515625,0,0.01220703125,0.1953125,-0.18310546875,-0.01220703125,-0.0732421875,0.830078125,-0.08544921875,-0.4638671875,0.08544921875,-0.50048828125
1,0.10986328125,-0.32958984375,-0.048828125,-0.341796875,-0.01220703125,-0.390625,-0.146484375,-0.0244140625,0.1953125,0,-0.0732421875,-0.89111328125,0.08544921875,1.11083984375,0.03662109375,-0.18310546875,0.25634765625,-0.62255859375,0.18310546875,-0.1708984375,-0.08544921875,0.830078125,0.28076171875,-0.69580078125,-0.13427734375,0.13427734375,-0.048828125,-0.79345703125,0.15869140625,0.93994140625,-0.244140625,0.1953125,-0.5126953125,-0.1953125,0.35400390625,-0.89111328125,-0.32958984375,-0.42724609375,0.28076171875,-0.62255859375,-0.4638671875,-0.20751953125,0.0244140625,-0.7080078125,-0.5126953125,-0.28076171875,0.01220703125,0.6591796875,-0.0244140625,1.0986328125,-0.048828125,0.48828125,-0.06103515625,-0.1220703125,0.4638671875,0.72021484375,-0.3662109375,0.42724609375,-0.09765625,0.72021484375,-0.2685546875,0.72021484375,-0.10986328125,0.50048828125,0.03662109375,0.1708984375,-0.048828125,1.03759765625,-0.10986328125,0.23193359375,-0.146484375,0.1953125,-0.09765625,0.2685546875,-0.23193359375,0.9033203125,0.3173828125,-0.0244140625,-0.20751953125,1.3427734375,0.08544921875,-1.03759765625,-0.06103515625,-0.40283203125,0.09765625,-1.0009765625,-0.1953125,-0.78125,-0.01220703125,-1.6357421875,0.08544921875,-0.2197265625,0.42724609375,-0.390625,0.08544921875,-1.1962890625,-0.0732421875,-1.3671875,0.1220703125,-1.18408203125,-0.10986328125,-1.11083984375,0.15869140625,-0.76904296875,0.1220703125,8.0078125,-0.30517578125,3.6376953125,-0.146484375,3.06396484375,-0.30517578125,5.84716796875,0.0244140625,0.4150390625,-0.03662109375,0,-0.0732421875,0.01220703125,0,0.1708984375,-0.1708984375,-0.01220703125,-0.0732421875,0.830078125,-0.0732421875,-0.439453125,0.0732421875,-0.50048828125
1,0.09765625,-0.35400390625,-0.0244140625,-0.3173828125,-0.0244140625,-0.390625,-0.146484375,-0.0244140625,0.2197265625,-0.01220703125,-0.0244140625,-0.87890625,0.03662109375,1.13525390625,0.048828125,-0.1708984375,0.18310546875,-0.62255859375,0.13427734375,-0.1953125,-0.10986328125,0.81787109375,0.23193359375,-0.69580078125,-0.1220703125,0.08544921875,0.03662109375,-0.8056640625,0.1708984375,0.91552734375,-0.13427734375,0.20751953125,-0.37841796875,-0.2197265625,0.28076171875,-0.89111328125,-0.35400390625,-0.4150390625,0.35400390625,-0.72021484375,-0.37841796875,-0.20751953125,0,-0.72021484375,-0.50048828125,-0.29296875,-0.0244140625,0.67138671875,0,1.11083984375,-0.0244140625,0.45166015625,-0.06103515625,-0.09765625,0.4638671875,0.7080078125,-0.35400390625,0.96435546875,-0.10986328125,1.0498046875,-0.28076171875,1.08642578125,-0.08544921875,0.9033203125,0.0244140625,0.15869140625,-0.13427734375,1.03759765625,-0.15869140625,0.18310546875,-0.1220703125,0.1953125,-0.146484375,0.25634765625,-0.1953125,0.91552734375,0.30517578125,-0.0244140625,-0.1953125,1.3427734375,0.01220703125,-1.03759765625,-0.13427734375,-0.4150390625,0.0732421875,-1.0009765625,-0.30517578125,-0.78125,0.03662109375,-1.59912109375,0.0732421875,-0.2197265625,0.3662109375,-0.390625,0.1708984375,-1.171875,-0.0244140625,-1.35498046875,0.15869140625,-1.15966796875,-0.1220703125,-1.123046875,0.1220703125,-0.78125,0.244140625,8.30078125,-0.30517578125,3.74755859375,-0.10986328125,3.16162109375,-0.29296875,5.96923828125,0.0244140625,0.37841796875,-0.01220703125,0,-0.08544921875,0,-0.03662109375,0.15869140625,-0.18310546875,-0.01220703125,-0.09765625,0.81787109375,-0.06103515625,-0.439453125,0.048828125,-0.48828125
1,0.09765625,-0.35400390625,0.01220703125,-0.35400390625,-0.06103515625,-0.37841796875,-0.13427734375,-0.048828125,0.25634765625,-0.01220703125,-0.01220703125,-0.87890625,0.0244140625,1.123046875,0.048828125,-0.1953125,0.09765625,-0.62255859375,0.08544921875,-0.20751953125,-0.10986328125,0.81787109375,0.13427734375,-0.69580078125,-0.09765625,0.0732421875,0.06103515625,-0.79345703125,0.15869140625,0.93994140625,0,0.18310546875,-0.1708984375,-0.20751953125,0.20751953125,-0.89111328125,-0.341796875,-0.37841796875,0.37841796875,-0.7568359375,-0.244140625,-0.1708984375,-0.01220703125,-0.732421875,-0.45166015625,-0.30517578125,-0.03662109375,0.67138671875,-0.01220703125,1.15966796875,-0.01220703125,0.42724609375,-0.08544921875,-0.1220703125,0.45166015625,0.68359375,-0.32958984375,1.5380859375,-0.08544921875,1.3671875,-0.30517578125,1.37939453125,-0.0732421875,1.318359375,-0.0244140625,0.1708984375,-0.1708984375,1.0498046875,-0.1953125,0.20751953125,-0.0732421875,0.2197265625,-0.1953125,0.2685546875,-0.15869140625,0.86669921875,0.30517578125,-0.0244140625,-0.146484375,1.3427734375,-0.03662109375,-1.0009765625,-0.18310546875,-0.4150390625,0,-1.0009765625,-0.3662109375,-0.78125,0.06103515625,-1.513671875,0.01220703125,-0.2197265625,0.3173828125,-0.341796875,0.23193359375,-1.1474609375,-0.08544921875,-1.318359375,0.15869140625,-1.15966796875,-0.09765625,-1.11083984375,0.03662109375,-0.78125,0.20751953125,8.41064453125,-0.2685546875,3.77197265625,-0.0732421875,3.173828125,-0.35400390625,5.95703125,0.03662109375,0.35400390625,0,-0.01220703125,-0.06103515625,0,-0.048828125,0.146484375,-0.1953125,-0.01220703125,-0.09765625,0.84228515625,-0.048828125,-0.45166015625,0.0244140625,-0.4638671875
1,0.09765625,-0.341796875,0.0244140625,-0.341796875,-0.06103515625,-0.37841796875,-0.13427734375,-0.048828125,0.25634765625,0,0.0244140625,-0.86669921875,-0.0244140625,1.13525390625,0,-0.1953125,0,-0.62255859375,0.06103515625,-0.1953125,-0.146484375,0.81787109375,0.01220703125,-0.69580078125,-0.0732421875,0.048828125,0.048828125,-0.8056640625,0.10986328125,0.91552734375,0.13427734375,0.2197265625,-0.01220703125,-0.18310546875,0.1708984375,-0.89111328125,-0.32958984375,-0.390625,0.4150390625,-0.8056640625,-0.13427734375,-0.15869140625,-0.01220703125,-0.732421875,-0.3662109375,-0.3173828125,-0.03662109375,0.64697265625,-0.0732421875,1.15966796875,0.048828125,0.4150390625,-0.08544921875,-0.15869140625,0.390625,0.69580078125,-0.25634765625,2.05078125,-0.0244140625,1.62353515625,-0.32958984375,1.64794921875,-0.01220703125,1.66015625,-0.0244140625,0.1953125,-0.23193359375,1.07421875,-0.2197265625,0.1953125,-0.0244140625,0.23193359375,-0.25634765625,0.28076171875,-0.1220703125,0.87890625,0.30517578125,-0.03662109375,-0.09765625,1.318359375,-0.0732421875,-0.9765625,-0.2197265625,-0.42724609375,-0.09765625,-1.0009765625,-0.32958984375,-0.76904296875,0.06103515625,-1.42822265625,-0.06103515625,-0.244140625,0.28076171875,-0.29296875,0.23193359375,-1.123046875,-0.1708984375,-1.318359375,0.18310546875,-1.1474609375,-0.03662109375,-1.123046875,-0.048828125,-0.76904296875,0.01220703125,8.349609375,-0.2197265625,3.67431640625,-0.06103515625,3.1005859375,-0.37841796875,5.859375,0,0.32958984375,-0.01220703125,-0.01220703125,-0.06103515625,-0.01220703125,-0.048828125,0.13427734375,-0.18310546875,-0.01220703125,-0.0732421875,0.8544921875,-0.048828125,-0.47607421875,0.03662109375,-0.4638671875
1,0.1220703125,-0.341796875,0,-0.3662109375,-0.0732421875,-0.390625,-0.10986328125,-0.06103515625,0.30517578125,0,0.0732421875,-0.86669921875,-0.03662109375,1.1474609375,0.03662109375,-0.20751953125,-0.03662109375,-0.634765625,0.0244140625,-0.20751953125,-0.15869140625,0.8056640625,-0.13427734375,-0.7080078125,-0.03662109375,0.0244140625,0.0244140625,-0.8056640625,0.10986328125,0.9033203125,0.20751953125,0.20751953125,0.0732421875,-0.2197265625,0.1708984375,-0.89111328125,-0.3173828125,-0.40283203125,0.42724609375,-0.81787109375,-0.0244140625,-0.1708984375,0,-0.74462890625,-0.2685546875,-0.4150390625,-0.03662109375,0.64697265625,-0.13427734375,1.18408203125,0.1220703125,0.390625,-0.1220703125,-0.15869140625,0.37841796875,0.732421875,-0.1953125,2.3681640625,0.0244140625,1.74560546875,-0.25634765625,1.77001953125,0.0244140625,1.94091796875,-0.03662109375,0.20751953125,-0.23193359375,1.08642578125,-0.25634765625,0.18310546875,0,0.244140625,-0.32958984375,0.29296875,-0.09765625,0.87890625,0.29296875,-0.0244140625,-0.03662109375,1.35498046875,-0.10986328125,-0.9521484375,-0.244140625,-0.42724609375,-0.23193359375,-0.98876953125,-0.25634765625,-0.76904296875,0.03662109375,-1.35498046875,-0.1220703125,-0.2197265625,0.20751953125,-0.2685546875,0.1953125,-1.13525390625,-0.29296875,-1.33056640625,0.1953125,-1.13525390625,0.06103515625,-1.13525390625,-0.10986328125,-0.79345703125,-0.08544921875,8.154296875,-0.20751953125,3.4912109375,-0.01220703125,2.978515625,-0.40283203125,5.70068359375,-0.048828125,0.341796875,-0.01220703125,-0.01220703125,-0.0732421875,-0.03662109375,-0.06103515625,0.1220703125,-0.18310546875,0,-0.08544921875,0.830078125,-0.03662109375,-0.48828125,0,-0.45166015625
1,0.13427734375,-0.3662109375,0.01220703125,-0.341796875,-0.09765625,-0.4150390625,-0.10986328125,-0.048828125,0.3173828125,0.0244140625,0.08544921875,-0.86669921875,-0.06103515625,1.13525390625,-0.0244140625,-0.20751953125,-0.10986328125,-0.634765625,-0.01220703125,-0.20751953125,-0.18310546875,0.78125,-0.244140625,-0.72021484375,-0.0244140625,0,0.0244140625,-0.8056640625,0.08544921875,0.9033203125,0.2197265625,0.1953125,0.09765625,-0.2685546875,0.1708984375,-0.89111328125,-0.30517578125,-0.439453125,0.45166015625,-0.8056640625,0.03662109375,-0.1708984375,0.01220703125,-0.72021484375,-0.1708984375,-0.45166015625,-0.0244140625,0.6591796875,-0.15869140625,1.18408203125,0.1953125,0.42724609375,-0.1708984375,-0.15869140625,0.390625,0.74462890625,-0.09765625,2.47802734375,0.0244140625,1.708984375,-0.2685546875,1.7822265625,0.10986328125,2.03857421875,-0.0732421875,0.23193359375,-0.2685546875,1.0986328125,-0.244140625,0.1708984375,0.0244140625,0.23193359375,-0.35400390625,0.28076171875,-0.0732421875,0.8544921875,0.29296875,-0.06103515625,0,1.35498046875,-0.1220703125,-0.9521484375,-0.2685546875,-0.4150390625,-0.30517578125,-0.9765625,-0.18310546875,-0.7568359375,0.01220703125,-1.2939453125,-0.1708984375,-0.244140625,0.20751953125,-0.23193359375,0.08544921875,-1.171875,-0.3662109375,-1.318359375,0.1953125,-1.1474609375,0.09765625,-1.1474609375,-0.1220703125,-0.76904296875,-0.13427734375,7.84912109375,-0.18310546875,3.30810546875,0.01220703125,2.83203125,-0.35400390625,5.52978515625,-0.09765625,0.3173828125,-0.01220703125,0,-0.06103515625,-0.06103515625,-0.08544921875,0.1220703125,-0.20751953125,0.01220703125,-0.0732421875,0.830078125,-0.0244140625,-0.50048828125,0.01220703125,-0.439453125
0,0.15869140625,-0.35400390625,0.01220703125,-0.341796875,-0.09765625,-0.4150390625,-0.09765625,-0.08544921875,0.32958984375,0,0.08544921875,-0.86669921875,-0.08544921875,1.0986328125,-0.06103515625,-0.1953125,-0.146484375,-0.62255859375,-0.0732421875,-0.23193359375,-0.25634765625,0.78125,-0.25634765625,-0.72021484375,-0.0244140625,-0.0244140625,-0.01220703125,-0.79345703125,0.09765625,0.9033203125,0.20751953125,0.20751953125,-0.048828125,-0.341796875,0.23193359375,-0.87890625,-0.28076171875,-0.45166015625,0.47607421875,-0.76904296875,0.06103515625,-0.146484375,0.0244140625,-0.7080078125,-0.10986328125,-0.50048828125,0.048828125,0.68359375,-0.1708984375,1.18408203125,0.2197265625,0.439453125,-0.2197265625,-0.15869140625,0.35400390625,0.7568359375,0,2.35595703125,0.0732421875,1.5625,-0.23193359375,1.64794921875,0.146484375,1.953125,-0.09765625,0.23193359375,-0.28076171875,1.0986328125,-0.23193359375,0.1953125,0.01220703125,0.23193359375,-0.3662109375,0.28076171875,-0.0244140625,0.84228515625,0.29296875,-0.03662109375,0.0244140625,1.3427734375,-0.1708984375,-0.927734375,-0.2685546875,-0.4150390625,-0.32958984375,-0.98876953125,-0.0732421875,-0.7568359375,-0.0244140625,-1.2451171875,-0.18310546875,-0.25634765625,0.1953125,-0.23193359375,0,-1.18408203125,-0.3662109375,-1.2939453125,0.15869140625,-1.1474609375,0.1220703125,-1.1474609375,-0.10986328125,-0.76904296875,-0.1220703125,7.50732421875,-0.1708984375,3.1005859375,0,2.6611328125,-0.29296875,5.322265625,-0.09765625,0.32958984375,-0.0244140625,0.01220703125,-0.08544921875,-0.0732421875,-0.09765625,0.13427734375,-0.20751953125,0.01220703125,-0.03662109375,0.81787109375,-0.01220703125,-0.537109375,0,-0.45166015625
0,0.15869140625,-0.341796875,0.03662109375,-0.341796875,-0.08544921875,-0.4150390625,-0.06103515625,-0.0732421875,0.390625,-0.01220703125,0.10986328125,-0.86669921875,-0.0732421875,1.0986328125,-0.0732421875,-0.18310546875,-0.13427734375,-0.62255859375,-0.09765625,-0.20751953125,-0.341796875,0.79345703125,-0.25634765625,-0.7080078125,-0.01220703125,-0.08544921875,-0.0244140625,-0.79345703125,0.13427734375,0.89111328125,0.08544921875,0.18310546875,-0.1953125,-0.35400390625,0.28076171875,-0.89111328125,-0.30517578125,-0.47607421875,0.5126953125,-0.732421875,0.03662109375,-0.15869140625,0.06103515625,-0.68359375,-0.06103515625,-0.52490234375,0.10986328125,0.68359375,-0.1708984375,1.171875,0.244140625,0.45166015625,-0.390625,-0.146484375,0.3173828125,0.76904296875,0.01220703125,2.03857421875,0.048828125,1.28173828125,-0.30517578125,1.40380859375,0.146484375,1.7578125,-0.13427734375,0.23193359375,-0.3173828125,1.07421875,-0.1708984375,0.1953125,-0.048828125,0.2197265625,-0.35400390625,0.3173828125,0.03662109375,0.81787109375,0.28076171875,-0.0244140625,0.03662109375,1.3671875,-0.1708984375,-0.927734375,-0.2685546875,-0.390625,-0.29296875,-0.98876953125,-0.03662109375,-0.74462890625,-0.1220703125,-1.20849609375,-0.15869140625,-0.25634765625,0.15869140625,-0.244140625,-0.0244140625,-1.20849609375,-0.341796875,-1.28173828125,0.13427734375,-1.15966796875,0.146484375,-1.15966796875,-0.03662109375,-0.78125,-0.1220703125,7.09228515625,-0.2197265625,2.9052734375,-0.03662109375,2.47802734375,-0.25634765625,5.126953125,-0.09765625,0.3173828125,-0.0244140625,0.0244140625,-0.06103515625,-0.0732421875,-0.10986328125,0.146484375,-0.2197265625,0.01220703125,-0.0244140625,0.8056640625,-0.0244140625,-0.5615234375,0.01220703125,-0.5126953125
0,0.18310546875,-0.3662109375,0.03662109375,-0.32958984375,-0.08544921875,-0.4150390625,-0.048828125,-0.06103515625,0.4150390625,-0.01220703125,0.13427734375,-0.86669921875,-0.048828125,1.0986328125,-0.13427734375,-0.18310546875,-0.15869140625,-0.64697265625,-0.10986328125,-0.20751953125,-0.40283203125,0.79345703125,-0.1708984375,-0.732421875,-0.0244140625,-0.10986328125,-0.048828125,-0.8056640625,0.13427734375,0.9033203125,-0.0732421875,0.1708984375,-0.341796875,-0.37841796875,0.29296875,-0.87890625,-0.3662109375,-0.50048828125,0.52490234375,-0.7080078125,-0.0732421875,-0.1708984375,0.10986328125,-0.67138671875,-0.01220703125,-0.50048828125,0.1708984375,0.7080078125,-0.13427734375,1.1474609375,0.244140625,0.47607421875,-0.5615234375,-0.146484375,0.30517578125,0.76904296875,0.0732421875,1.611328125,0.15869140625,0.98876953125,-0.32958984375,1.1474609375,0.20751953125,1.46484375,-0.18310546875,0.23193359375,-0.3173828125,1.07421875,-0.10986328125,0.20751953125,-0.08544921875,0.20751953125,-0.28076171875,0.2685546875,0.08544921875,0.81787109375,0.29296875,-0.0244140625,0,1.35498046875,-0.15869140625,-0.93994140625,-0.244140625,-0.390625,-0.1953125,-0.98876953125,-0.01220703125,-0.76904296875,-0.1953125,-1.20849609375,-0.146484375,-0.2685546875,0.09765625,-0.23193359375,-0.03662109375,-1.220703125,-0.35400390625,-1.28173828125,0.0732421875,-1.1474609375,0.1220703125,-1.15966796875,0.03662109375,-0.7568359375,0.01220703125,6.689453125,-0.18310546875,2.69775390625,-0.06103515625,2.3193359375,-0.18310546875,4.931640625,-0.10986328125,0.341796875,-0.03662109375,0.048828125,-0.0732421875,-0.08544921875,-0.10986328125,0.15869140625,-0.20751953125,0,-0.048828125,0.7568359375,-0.01220703125,-0.52490234375,0,-0.537109375
0,0.1953125,-0.341796875,0.0244140625,-0.32958984375,-0.0732421875,-0.40283203125,-0.06103515625,-0.048828125,0.4150390625,-0.0244140625,0.15869140625,-0.8544921875,-0.0732421875,1.0986328125,-0.146484375,-0.18310546875,-0.10986328125,-0.62255859375,-0.08544921875,-0.1953125,-0.4638671875,0.81787109375,-0.0732421875,-0.72021484375,-0.09765625,-0.1708984375,-0.09765625,-0.79345703125,0.13427734375,0.89111328125,-0.25634765625,0.18310546875,-0.48828125,-0.3662109375,0.28076171875,-0.87890625,-0.45166015625,-0.48828125,0.537109375,-0.68359375,-0.2197265625,-0.18310546875,0.1220703125,-0.6591796875,-0.01220703125,-0.4638671875,0.1953125,0.7080078125,-0.09765625,1.123046875,0.25634765625,0.47607421875,-0.634765625,-0.13427734375,0.28076171875,0.7568359375,0.01220703125,1.18408203125,0.28076171875,0.7080078125,-0.4150390625,0.89111328125,0.25634765625,1.123046875,-0.2197265625,0.2197265625,-0.29296875,1.0498046875,-0.048828125,0.23193359375,-0.13427734375,0.2197265625,-0.244140625,0.29296875,0.13427734375,0.81787109375,0.28076171875,-0.01220703125,0.0244140625,1.3671875,-0.1220703125,-0.9765625,-0.1953125,-0.40283203125,-0.06103515625,-1.0009765625,-0.048828125,-0.78125,-0.2685546875,-1.15966796875,-0.1708984375,-0.28076171875,0.0732421875,-0.28076171875,0.01220703125,-1.23291015625,-0.32958984375,-1.26953125,0.048828125,-1.15966796875,0.10986328125,-1.1474609375,0.13427734375,-0.74462890625,0.0244140625,6.298828125,-0.25634765625,2.5146484375,-0.1220703125,2.1484375,-0.146484375,4.736328125,-0.08544921875,0.32958984375,-0.048828125,0.0244140625,-0.0732421875,-0.06103515625,-0.10986328125,0.1708984375,-0.1953125,0.01220703125,-0.06103515625,0.7568359375,0,-0.537109375,0.03662109375,-0.54931640625
0,0.18310546875,-0.341796875,0.03662109375,-0.341796875,-0.0732421875,-0.390625,-0.03662109375,-0.03662109375,0.439453125,-0.01220703125,0.18310546875,-0.89111328125,-0.0732421875,1.11083984375,-0.18310546875,-0.20751953125,-0.048828125,-0.634765625,0,-0.1953125,-0.42724609375,0.81787109375,0.0244140625,-0.72021484375,-0.18310546875,-0.20751953125,-0.15869140625,-0.79345703125,0.09765625,0.9033203125,-0.390625,0.1953125,-0.57373046875,-0.32958984375,0.23193359375,-0.89111328125,-0.50048828125,-0.5126953125,0.5126953125,-0.69580078125,-0.390625,-0.1953125,0.08544921875,-0.67138671875,-0.048828125,-0.4150390625,0.1953125,0.69580078125,-0.06103515625,1.11083984375,0.30517578125,0.50048828125,-0.732421875,-0.1220703125,0.23193359375,0.732421875,-0.0244140625,0.8056640625,0.390625,0.5126953125,-0.439453125,0.68359375,0.35400390625,0.86669921875,-0.20751953125,0.20751953125,-0.2685546875,1.03759765625,0,0.244140625,-0.1953125,0.2197265625,-0.18310546875,0.2685546875,0.1708984375,0.79345703125,0.244140625,-0.01220703125,0,1.3671875,-0.08544921875,-0.98876953125,-0.15869140625,-0.4150390625,0.0732421875,-1.01318359375,-0.09765625,-0.78125,-0.28076171875,-1.11083984375,-0.13427734375,-0.2685546875,-0.0244140625,-0.3173828125,0.048828125,-1.220703125,-0.32958984375,-1.26953125,0.01220703125,-1.15966796875,0.08544921875,-1.0986328125,0.244140625,-0.74462890625,0.0244140625,5.9326171875,-0.30517578125,2.33154296875,-0.146484375,1.98974609375,-0.146484375,4.55322265625,-0.08544921875,0.35400390625,-0.03662109375,0.03662109375,-0.06103515625,-0.06103515625,-0.10986328125,0.20751953125,-0.18310546875,-0.01220703125,-0.0732421875,0.732421875,0.0244140625,-0.52490234375,0.0244140625,-0.57373046875
0,0.1708984375,-0.32958984375,0.01220703125,-0.35400390625,-0.0732421875,-0.40283203125,-0.048828125,-0.03662109375,0.439453125,-0.03662109375,0.18310546875,-0.89111328125,-0.048828125,1.123046875,-0.23193359375,-0.2197265625,0.01220703125,-0.6591796875,0.06103515625,-0.1708984375,-0.341796875,0.830078125,0.09765625,-0.7080078125,-0.25634765625,-0.25634765625,-0.2197265625,-0.81787109375,0.0244140625,0.87890625,-0.439453125,0.1953125,-0.5615234375,-0.30517578125,0.1708984375,-0.89111328125,-0.48828125,-0.48828125,0.47607421875,-0.69580078125,-0.5126953125,-0.2197265625,-0.03662109375,-0.67138671875,-0.09765625,-0.37841796875,0.1220703125,0.69580078125,-0.01220703125,1.11083984375,0.29296875,0.50048828125,-0.72021484375,-0.13427734375,0.1708984375,0.732421875,-0.06103515625,0.59814453125,0.42724609375,0.4150390625,-0.439453125,0.5859375,0.52490234375,0.6591796875,-0.18310546875,0.1708984375,-0.1708984375,1.025390625,0.01220703125,0.25634765625,-0.2197265625,0.20751953125,-0.20751953125,0.28076171875,0.1953125,0.8056640625,0.23193359375,-0.01220703125,0.01220703125,1.35498046875,-0.0244140625,-1.025390625,-0.10986328125,-0.40283203125,0.13427734375,-1.03759765625,-0.146484375,-0.8056640625,-0.244140625,-1.03759765625,-0.15869140625,-0.3173828125,-0.048828125,-0.32958984375,0.09765625,-1.220703125,-0.341796875,-1.26953125,-0.01220703125,-1.171875,0.01220703125,-1.11083984375,0.341796875,-0.76904296875,0.01220703125,5.615234375,-0.3173828125,2.16064453125,-0.146484375,1.85546875,-0.09765625,4.35791015625,-0.06103515625,0.341796875,-0.048828125,0,-0.0732421875,-0.048828125,-0.10986328125,0.20751953125,-0.1708984375,-0.0244140625,-0.0732421875,0.732421875,0.048828125,-0.5126953125,0.048828125,-0.57373046875
0,0.15869140625,-0.341796875,0,-0.3662109375,-0.06103515625,-0.390625,-0.06103515625,-0.0732421875,0.4638671875,-0.048828125,0.20751953125,-0.89111328125,0,1.11083984375,-0.23193359375,-0.25634765625,0.0732421875,-0.6591796875,0.1220703125,-0.1953125,-0.20751953125,0.830078125,0.10986328125,-0.7080078125,-0.29296875,-0.2685546875,-0.25634765625,-0.8056640625,-0.048828125,0.9033203125,-0.45166015625,0.2197265625,-0.439453125,-0.25634765625,0.10986328125,-0.9033203125,-0.42724609375,-0.47607421875,0.50048828125,-0.7080078125,-0.537109375,-0.2197265625,-0.1220703125,-0.68359375,-0.146484375,-0.341796875,0.03662109375,0.69580078125,0.01220703125,1.13525390625,0.28076171875,0.4638671875,-0.7080078125,-0.15869140625,0.08544921875,0.7080078125,-0.1220703125,0.537109375,0.47607421875,0.42724609375,-0.40283203125,0.57373046875,0.54931640625,0.5615234375,-0.13427734375,0.18310546875,-0.09765625,1.0009765625,0.03662109375,0.23193359375,-0.2197265625,0.20751953125,-0.20751953125,0.28076171875,0.2197265625,0.81787109375,0.18310546875,0.01220703125,0.01220703125,1.35498046875,0.048828125,-1.025390625,-0.0732421875,-0.40283203125,0.146484375,-1.03759765625,-0.09765625,-0.8056640625,-0.15869140625,-0.96435546875,-0.1708984375,-0.30517578125,-0.0244140625,-0.390625,0.15869140625,-1.20849609375,-0.35400390625,-1.26953125,0,-1.15966796875,-0.0244140625,-1.11083984375,0.40283203125,-0.76904296875,-0.048828125,5.2978515625,-0.30517578125,1.96533203125,-0.15869140625,1.708984375,-0.09765625,4.16259765625,-0.06103515625,0.3662109375,-0.0732421875,0,-0.0732421875,-0.06103515625,-0.13427734375,0.1953125,-0.146484375,-0.0244140625,-0.0732421875,0.7568359375,0.08544921875,-0.48828125,0.03662109375,-0.537109375
0,0.15869140625,-0.3173828125,0.01220703125,-0.3662109375,-0.048828125,-0.390625,-0.0732421875,-0.06103515625,0.4638671875,-0.03662109375,0.20751953125,-0.87890625,0.01220703125,1.11083984375,-0.2685546875,-0.23193359375,0.08544921875,-0.64697265625,0.15869140625,-0.18310546875,-0.048828125,0.84228515625,0.048828125,-0.69580078125,-0.2685546875,-0.30517578125,-0.2685546875,-0.79345703125,-0.09765625,0.89111328125,-0.37841796875,0.1953125,-0.1953125,-0.244140625,0.048828125,-0.927734375,-0.3173828125,-0.47607421875,0.52490234375,-0.74462890625,-0.50048828125,-0.23193359375,-0.1953125,-0.69580078125,-0.1953125,-0.35400390625,-0.048828125,0.67138671875,0.0244140625,1.1474609375,0.2197265625,0.45166015625,-0.634765625,-0.1953125,-0.03662109375,0.69580078125,-0.2685546875,0.6591796875,0.3173828125,0.537109375,-0.42724609375,0.634765625,0.50048828125,0.54931640625,-0.06103515625,0.1708984375,-0.06103515625,1.0009765625,0.048828125,0.1953125,-0.20751953125,0.20751953125,-0.15869140625,0.2685546875,0.244140625,0.79345703125,0.146484375,0,0.01220703125,1.3427734375,0.1220703125,-1.0498046875,-0.09765625,-0.390625,0.08544921875,-1.025390625,-0.06103515625,-0.830078125,-0.0732421875,-0.86669921875,-0.1708984375,-0.30517578125,0.0244140625,-0.390625,0.13427734375,-1.1962890625,-0.32958984375,-1.26953125,0.03662109375,-1.123046875,-0.0732421875,-1.0986328125,0.42724609375,-0.74462890625,-0.0732421875,5.0048828125,-0.25634765625,1.806640625,-0.15869140625,1.57470703125,-0.10986328125,3.94287109375,-0.0732421875,0.32958984375,-0.0732421875,-0.0244140625,-0.06103515625,-0.0732421875,-0.146484375,0.18310546875,-0.146484375,-0.06103515625,-0.10986328125,0.76904296875,0.09765625,-0.48828125,0.06103515625,-0.52490234375
0,0.20751953125,-0.3173828125,-0.01220703125,-0.35400390625,-0.048828125,-0.37841796875,-0.048828125,-0.048828125,0.45166015625,0,0.2197265625,-0.89111328125,0.0244140625,1.123046875,-0.28076171875,-0.2197265625,0.10986328125,-0.634765625,0.146484375,-0.1708984375,0.06103515625,0.84228515625,-0.01220703125,-0.68359375,-0.23193359375,-0.30517578125,-0.23193359375,-0.79345703125,-0.15869140625,0.87890625,-0.2685546875,0.2197265625,-0.06103515625,-0.2685546875,0.01220703125,-0.91552734375,-0.23193359375,-0.4638671875,0.54931640625,-0.7568359375,-0.45166015625,-0.23193359375,-0.2685546875,-0.732421875,-0.20751953125,-0.32958984375,-0.10986328125,0.6591796875,0.0244140625,1.1962890625,0.1708984375,0.4150390625,-0.5859375,-0.18310546875,-0.18310546875,0.69580078125,-0.244140625,0.84228515625,0.35400390625,0.67138671875,-0.32958984375,0.74462890625,0.6103515625,0.62255859375,0.01220703125,0.18310546875,0,1.0009765625,0.08544921875,0.1708984375,-0.15869140625,0.2197265625,-0.10986328125,0.29296875,0.2197265625,0.84228515625,0.09765625,0,-0.0244140625,1.318359375,0.1953125,-1.0498046875,-0.10986328125,-0.390625,-0.0244140625,-1.01318359375,0,-0.81787109375,0.06103515625,-0.8056640625,-0.15869140625,-0.29296875,0.1220703125,-0.390625,0.08544921875,-1.20849609375,-0.244140625,-1.28173828125,0.08544921875,-1.13525390625,-0.0732421875,-1.0986328125,0.37841796875,-0.76904296875,-0.0244140625,4.65087890625,-0.23193359375,1.59912109375,-0.1953125,1.42822265625,-0.1708984375,3.72314453125,-0.06103515625,0.32958984375,-0.08544921875,-0.0244140625,-0.0732421875,-0.048828125,-0.15869140625,0.15869140625,-0.146484375,-0.03662109375,-0.08544921875,0.76904296875,0.08544921875,-0.50048828125,0.048828125,-0.50048828125
0,0.20751953125,-0.32958984375,-0.0244140625,-0.35400390625,-0.048828125,-0.37841796875,-0.03662109375,-0.06103515625,0.4638671875,-0.01220703125,0.244140625,-0.87890625,0.03662109375,1.13525390625,-0.30517578125,-0.23193359375,0.1220703125,-0.62255859375,0.1220703125,-0.18310546875,0.1220703125,0.84228515625,-0.048828125,-0.67138671875,-0.20751953125,-0.28076171875,-0.20751953125,-0.79345703125,-0.13427734375,0.87890625,-0.1220703125,0.20751953125,0.08544921875,-0.25634765625,0.0732421875,-0.927734375,-0.13427734375,-0.45166015625,0.47607421875,-0.79345703125,-0.40283203125,-0.2197265625,-0.23193359375,-0.72021484375,-0.25634765625,-0.3662109375,-0.1953125,0.634765625,0.0244140625,1.20849609375,0.146484375,0.40283203125,-0.54931640625,-0.20751953125,-0.32958984375,0.732421875,-0.23193359375,1.06201171875,0.3662109375,0.81787109375,-0.32958984375,0.830078125,0.6103515625,0.7080078125,0.0732421875,0.244140625,0.08544921875,1.03759765625,0.08544921875,0.1708984375,-0.1220703125,0.2197265625,-0.01220703125,0.28076171875,0.1953125,0.81787109375,0.0732421875,-0.01220703125,-0.048828125,1.318359375,0.244140625,-1.03759765625,-0.13427734375,-0.37841796875,-0.1953125,-1.025390625,0.09765625,-0.8056640625,0.13427734375,-0.7568359375,-0.1220703125,-0.28076171875,0.1708984375,-0.341796875,0.09765625,-1.20849609375,-0.1953125,-1.28173828125,0.0732421875,-1.1474609375,-0.09765625,-1.0986328125,0.29296875,-0.78125,0.048828125,4.26025390625,-0.146484375,1.40380859375,-0.18310546875,1.2451171875,-0.23193359375,3.4912109375,-0.06103515625,0.32958984375,-0.08544921875,-0.03662109375,-0.0732421875,-0.08544921875,-0.18310546875,0.13427734375,-0.146484375,-0.06103515625,-0.0732421875,0.79345703125,0.08544921875,-0.52490234375,0.03662109375,-0.50048828125
0,0.244140625,-0.3173828125,-0.048828125,-0.3662109375,-0.0732421875,-0.37841796875,-0.0244140625,-0.0732421875,0.48828125,-0.01220703125,0.244140625,-0.87890625,0.03662109375,1.123046875,-0.29296875,-0.2197265625,0.1220703125,-0.634765625,0.10986328125,-0.18310546875,0.09765625,0.84228515625,-0.08544921875,-0.68359375,-0.1708984375,-0.25634765625,-0.18310546875,-0.8056640625,-0.09765625,0.89111328125,-0.03662109375,0.1953125,0.048828125,-0.29296875,0.2197265625,-0.927734375,-0.08544921875,-0.439453125,0.42724609375,-0.81787109375,-0.3662109375,-0.1708984375,-0.18310546875,-0.7080078125,-0.23193359375,-0.42724609375,-0.2197265625,0.62255859375,0.03662109375,1.1962890625,0.09765625,0.42724609375,-0.5615234375,-0.18310546875,-0.4150390625,0.74462890625,-0.244140625,1.1962890625,0.23193359375,0.91552734375,-0.3662109375,0.93994140625,0.59814453125,0.76904296875,0.06103515625,0.28076171875,0.13427734375,1.03759765625,0.09765625,0.1708984375,-0.0732421875,0.23193359375,0.0732421875,0.29296875,0.146484375,0.8056640625,0.048828125,-0.0244140625,-0.06103515625,1.318359375,0.23193359375,-1.01318359375,-0.146484375,-0.37841796875,-0.341796875,-1.025390625,0.13427734375,-0.76904296875,0.13427734375,-0.732421875,-0.10986328125,-0.25634765625,0.1953125,-0.3173828125,0.09765625,-1.220703125,-0.18310546875,-1.26953125,0.0732421875,-1.1474609375,-0.1220703125,-1.123046875,0.15869140625,-0.76904296875,0,3.80859375,-0.13427734375,1.171875,-0.15869140625,1.0498046875,-0.2685546875,3.23486328125,-0.06103515625,0.30517578125,-0.06103515625,-0.01220703125,-0.06103515625,-0.0732421875,-0.20751953125,0.1220703125,-0.13427734375,-0.048828125,-0.06103515625,0.79345703125,0.06103515625,-0.52490234375,0.03662109375,-0.5126953125
0,0.23193359375,-0.30517578125,-0.03662109375,-0.35400390625,-0.0732421875,-0.3662109375,-0.03662109375,-0.06103515625,0.5126953125,0,0.2685546875,-0.87890625,0.03662109375,1.123046875,-0.30517578125,-0.1953125,0.146484375,-0.634765625,0.08544921875,-0.18310546875,0.0244140625,0.830078125,-0.08544921875,-0.68359375,-0.1220703125,-0.23193359375,-0.1220703125,-0.8056640625,-0.0244140625,0.89111328125,0,0.20751953125,-0.09765625,-0.30517578125,0.390625,-0.91552734375,-0.06103515625,-0.40283203125,0.390625,-0.8056640625,-0.3662109375,-0.146484375,-0.09765625,-0.68359375,-0.20751953125,-0.45166015625,-0.2685546875,0.59814453125,-0.0244140625,1.1962890625,0.0732421875,0.42724609375,-0.5615234375,-0.1708984375,-0.48828125,0.7568359375,-0.10986328125,1.2451171875,0.244140625,0.93994140625,-0.28076171875,0.96435546875,0.6103515625,0.76904296875,0.06103515625,0.2685546875,0.1953125,1.0498046875,0.10986328125,0.15869140625,-0.03662109375,0.20751953125,0.1953125,0.2685546875,0.0732421875,0.84228515625,0.01220703125,-0.048828125,-0.0732421875,1.33056640625,0.1953125,-0.9765625,-0.1708984375,-0.35400390625,-0.37841796875,-1.01318359375,0.13427734375,-0.78125,0.15869140625,-0.7568359375,-0.10986328125,-0.244140625,0.2197265625,-0.29296875,0.10986328125,-1.220703125,-0.23193359375,-1.25732421875,0.0244140625,-1.15966796875,-0.1708984375,-1.0986328125,0.06103515625,-0.76904296875,0.01220703125,3.22265625,-0.1220703125,0.91552734375,-0.146484375,0.81787109375,-0.28076171875,2.9541015625,-0.0732421875,0.30517578125,-0.03662109375,0,-0.06103515625,-0.06103515625,-0.20751953125,0.1220703125,-0.15869140625,-0.03662109375,-0.048828125,0.76904296875,0.0732421875,-0.537109375,0.0244140625,-0.48828125
0,0.1953125,-0.3173828125,-0.0244140625,-0.35400390625,-0.10986328125,-0.3662109375,0,-0.0732421875,0.50048828125,0.01220703125,0.25634765625,-0.89111328125,0.03662109375,1.123046875,-0.3173828125,-0.20751953125,0.10986328125,-0.64697265625,0.0732421875,-0.1708984375,-0.0732421875,0.830078125,-0.0732421875,-0.68359375,-0.08544921875,-0.20751953125,-0.048828125,-0.81787109375,0.06103515625,0.9033203125,0.01220703125,0.20751953125,-0.146484375,-0.3662109375,0.57373046875,-0.87890625,-0.03662109375,-0.4150390625,0.439453125,-0.78125,-0.32958984375,-0.13427734375,-0.01220703125,-0.68359375,-0.18310546875,-0.48828125,-0.3173828125,0.6103515625,-0.06103515625,1.171875,0.048828125,0.45166015625,-0.50048828125,-0.146484375,-0.5126953125,0.7568359375,-0.06103515625,1.171875,0.1953125,0.91552734375,-0.244140625,0.927734375,0.5859375,0.74462890625,0.0732421875,0.28076171875,0.23193359375,1.0498046875,0.13427734375,0.15869140625,-0.048828125,0.20751953125,0.244140625,0.25634765625,-0.01220703125,0.84228515625,-0.03662109375,-0.06103515625,-0.08544921875,1.318359375,0.10986328125,-0.9765625,-0.1708984375,-0.341796875,-0.341796875,-1.0009765625,0.0732421875,-0.7568359375,0.13427734375,-0.81787109375,-0.09765625,-0.2197265625,0.18310546875,-0.25634765625,0.10986328125,-1.23291015625,-0.244140625,-1.26953125,-0.03662109375,-1.15966796875,-0.1708984375,-1.11083984375,0,-0.76904296875,0.09765625,2.587890625,-0.10986328125,0.6103515625,-0.09765625,0.57373046875,-0.244140625,2.63671875,-0.08544921875,0.3173828125,-0.03662109375,0,-0.06103515625,-0.06103515625,-0.20751953125,0.13427734375,-0.15869140625,-0.06103515625,-0.0732421875,0.78125,0.048828125,-0.52490234375,0.03662109375,-0.50048828125
0,0.20751953125,-0.32958984375,-0.01220703125,-0.37841796875,-0.1220703125,-0.3662109375,0,-0.08544921875,0.50048828125,0.01220703125,0.29296875,-0.9033203125,0.0244140625,1.11083984375,-0.341796875,-0.20751953125,0.0732421875,-0.62255859375,0,-0.18310546875,-0.1708984375,0.81787109375,-0.0732421875,-0.69580078125,-0.0244140625,-0.1708984375,0.0732421875,-0.8056640625,0.13427734375,0.89111328125,-0.048828125,0.1953125,-0.244140625,-0.439453125,0.69580078125,-0.87890625,-0.048828125,-0.439453125,0.52490234375,-0.7568359375,-0.3173828125,-0.13427734375,0.10986328125,-0.64697265625,-0.13427734375,-0.52490234375,-0.29296875,0.5859375,-0.10986328125,1.1474609375,0.06103515625,0.47607421875,-0.50048828125,-0.08544921875,-0.5615234375,0.76904296875,-0.0244140625,0.98876953125,0.13427734375,0.830078125,-0.2197265625,0.8544921875,0.537109375,0.634765625,0.10986328125,0.25634765625,0.2685546875,1.06201171875,0.146484375,0.18310546875,-0.06103515625,0.18310546875,0.2685546875,0.23193359375,-0.06103515625,0.84228515625,-0.048828125,-0.08544921875,-0.146484375,1.318359375,0.048828125,-0.96435546875,-0.1953125,-0.35400390625,-0.23193359375,-1.0009765625,-0.048828125,-0.74462890625,0.1220703125,-0.96435546875,-0.0732421875,-0.2197265625,0.13427734375,-0.23193359375,0.09765625,-1.220703125,-0.2685546875,-1.2939453125,-0.09765625,-1.15966796875,-0.20751953125,-1.123046875,-0.048828125,-0.74462890625,0.23193359375,1.904296875,-0.13427734375,0.3173828125,-0.06103515625,0.32958984375,-0.2197265625,2.3193359375,-0.08544921875,0.341796875,-0.0244140625,0.0244140625,-0.0732421875,-0.03662109375,-0.2197265625,0.15869140625,-0.15869140625,-0.0732421875,-0.08544921875,0.76904296875,0.03662109375,-0.52490234375,0.0244140625,-0.52490234375
1,0.18310546875,-0.32958984375,0,-0.37841796875,-0.10986328125,-0.37841796875,0,-0.0732421875,0.50048828125,-0.01220703125,0.30517578125,-0.89111328125,0.01220703125,1.11083984375,-0.3173828125,-0.1708984375,0,-0.634765625,-0.0732421875,-0.1953125,-0.30517578125,0.8056640625,-0.10986328125,-0.69580078125,0.03662109375,-0.146484375,0.13427734375,-0.830078125,0.20751953125,0.9033203125,-0.0732421875,0.18310546875,-0.30517578125,-0.439453125,0.72021484375,-0.87890625,-0.0732421875,-0.45166015625,0.6103515625,-0.7568359375,-0.29296875,-0.13427734375,0.1708984375,-0.634765625,-0.0732421875,-0.50048828125,-0.25634765625,0.6103515625,-0.18310546875,1.13525390625,0.08544921875,0.47607421875,-0.47607421875,-0.03662109375,-0.5615234375,0.74462890625,-0.06103515625,0.79345703125,0.0244140625,0.72021484375,-0.3173828125,0.8056640625,0.390625,0.5615234375,0.10986328125,0.2197265625,0.29296875,1.03759765625,0.146484375,0.18310546875,-0.08544921875,0.15869140625,0.28076171875,0.2197265625,-0.09765625,0.8544921875,-0.03662109375,-0.09765625,-0.1708984375,1.318359375,-0.01220703125,-0.9765625,-0.1953125,-0.3662109375,-0.08544921875,-1.0009765625,-0.2197265625,-0.74462890625,0.08544921875,-1.0986328125,-0.146484375,-0.244140625,0.09765625,-0.25634765625,0.1220703125,-1.23291015625,-0.28076171875,-1.28173828125,-0.15869140625,-1.15966796875,-0.1708984375,-1.11083984375,-0.06103515625,-0.74462890625,0.30517578125,1.2939453125,-0.15869140625,0.03662109375,-0.08544921875,0.09765625,-0.25634765625,2.0263671875,-0.0732421875,0.35400390625,-0.0244140625,0.048828125,-0.06103515625,-0.0244140625,-0.2197265625,0.20751953125,-0.1708984375,-0.0732421875,-0.08544921875,0.78125,0.03662109375,-0.52490234375,0.01220703125,-0.537109375
1,0.15869140625,-0.341796875,0.01220703125,-0.3662109375,-0.10986328125,-0.37841796875,0.01220703125,-0.0732421875,0.50048828125,0,0.3173828125,-0.89111328125,0.01220703125,1.08642578125,-0.341796875,-0.18310546875,-0.048828125,-0.634765625,-0.10986328125,-0.18310546875,-0.35400390625,0.81787109375,-0.15869140625,-0.69580078125,0.0732421875,-0.146484375,0.1953125,-0.8056640625,0.20751953125,0.9033203125,-0.08544921875,0.1953125,-0.25634765625,-0.439453125,0.6591796875,-0.8544921875,-0.10986328125,-0.48828125,0.72021484375,-0.72021484375,-0.2197265625,-0.1708984375,0.18310546875,-0.634765625,-0.01220703125,-0.47607421875,-0.18310546875,0.64697265625,-0.20751953125,1.11083984375,0.10986328125,0.4638671875,-0.42724609375,-0.01220703125,-0.57373046875,0.74462890625,-0.0244140625,0.6103515625,0.08544921875,0.6591796875,-0.35400390625,0.78125,0.47607421875,0.48828125,0.15869140625,0.1953125,0.23193359375,1.025390625,0.15869140625,0.1953125,-0.1220703125,0.18310546875,0.25634765625,0.23193359375,-0.09765625,0.8544921875,-0.01220703125,-0.0732421875,-0.18310546875,1.33056640625,-0.0244140625,-0.98876953125,-0.1708984375,-0.390625,0.03662109375,-1.025390625,-0.3662109375,-0.76904296875,0,-1.25732421875,-0.1953125,-0.23193359375,-0.01220703125,-0.28076171875,0.10986328125,-1.20849609375,-0.23193359375,-1.2939453125,-0.1953125,-1.1474609375,-0.1220703125,-1.0986328125,-0.048828125,-0.732421875,0.35400390625,0.78125,-0.13427734375,-0.18310546875,-0.0732421875,-0.08544921875,-0.30517578125,1.7822265625,-0.0732421875,0.3662109375,-0.0244140625,0.048828125,-0.06103515625,-0.01220703125,-0.1953125,0.23193359375,-0.1708984375,-0.06103515625,-0.1220703125,0.79345703125,0.048828125,-0.5126953125,0.0244140625,-0.5615234375
1,0.15869140625,-0.35400390625,0.03662109375,-0.341796875,-0.146484375,-0.3662109375,0.03662109375,-0.03662109375,0.48828125,-0.01220703125,0.32958984375,-0.89111328125,-0.01220703125,1.07421875,-0.3662109375,-0.15869140625,-0.0732421875,-0.62255859375,-0.10986328125,-0.20751953125,-0.341796875,0.81787109375,-0.20751953125,-0.72021484375,0.06103515625,-0.146484375,0.18310546875,-0.81787109375,0.18310546875,0.91552734375,-0.06103515625,0.1953125,-0.1953125,-0.390625,0.52490234375,-0.86669921875,-0.1708984375,-0.50048828125,0.68359375,-0.69580078125,-0.146484375,-0.15869140625,0.15869140625,-0.634765625,0.03662109375,-0.42724609375,-0.10986328125,0.6591796875,-0.23193359375,1.11083984375,0.1708984375,0.4638671875,-0.439453125,-0.01220703125,-0.5859375,0.74462890625,-0.08544921875,0.52490234375,0.03662109375,0.64697265625,-0.52490234375,0.79345703125,0.3662109375,0.50048828125,0.2197265625,0.1953125,0.15869140625,1.025390625,0.13427734375,0.1953125,-0.15869140625,0.18310546875,0.23193359375,0.244140625,-0.10986328125,0.87890625,0.048828125,-0.08544921875,-0.20751953125,1.3427734375,-0.0244140625,-0.98876953125,-0.15869140625,-0.390625,0.09765625,-1.025390625,-0.42724609375,-0.78125,-0.01220703125,-1.37939453125,-0.25634765625,-0.244140625,-0.048828125,-0.28076171875,0.10986328125,-1.171875,-0.20751953125,-1.2939453125,-0.2197265625,-1.1474609375,-0.0732421875,-1.123046875,-0.0244140625,-0.72021484375,0.42724609375,0.50048828125,-0.13427734375,-0.3173828125,-0.048828125,-0.1953125,-0.25634765625,1.67236328125,-0.048828125,0.40283203125,0,0.0244140625,-0.0732421875,0,-0.2197265625,0.23193359375,-0.18310546875,-0.048828125,-0.10986328125,0.830078125,0.048828125,-0.48828125,0.01220703125,-0.54931640625
1,0.13427734375,-0.3173828125,0.03662109375,-0.35400390625,-0.15869140625,-0.3662109375,0.048828125,-0.03662109375,0.54931640625,0,0.3173828125,-0.86669921875,0,1.07421875,-0.3662109375,-0.1708984375,-0.0732421875,-0.634765625,-0.0732421875,-0.20751953125,-0.2685546875,0.830078125,-0.25634765625,-0.732421875,0.0732421875,-0.1953125,0.1220703125,-0.8056640625,0.08544921875,0.9033203125,0.0244140625,0.20751953125,-0.09765625,-0.341796875,0.341796875,-0.89111328125,-0.1708984375,-0.48828125,0.72021484375,-0.67138671875,-0.08544921875,-0.20751953125,0.03662109375,-0.67138671875,0.0732421875,-0.37841796875,-0.146484375,0.68359375,-0.23193359375,1.123046875,0.1708984375,0.45166015625,-0.390625,0,-0.537109375,0.7080078125,-0.10986328125,0.5615234375,0.13427734375,0.68359375,-0.5615234375,0.89111328125,0.37841796875,0.62255859375,0.25634765625,0.15869140625,0.09765625,1.0009765625,0.146484375,0.1953125,-0.20751953125,0.18310546875,0.18310546875,0.23193359375,-0.09765625,0.89111328125,0.10986328125,-0.0732421875,-0.20751953125,1.3427734375,-0.01220703125,-1.0009765625,-0.13427734375,-0.390625,0.08544921875,-1.025390625,-0.4150390625,-0.79345703125,-0.0244140625,-1.46484375,-0.341796875,-0.25634765625,-0.048828125,-0.3173828125,0.06103515625,-1.1474609375,-0.18310546875,-1.30615234375,-0.20751953125,-1.15966796875,-0.01220703125,-1.123046875,0.01220703125,-0.72021484375,0.32958984375,0.537109375,-0.1708984375,-0.29296875,-0.0244140625,-0.1708984375,-0.244140625,1.69677734375,-0.06103515625,0.4150390625,0,0.01220703125,-0.06103515625,0.03662109375,-0.1953125,0.23193359375,-0.1708984375,-0.03662109375,-0.1220703125,0.86669921875,0.10986328125,-0.4638671875,-0.01220703125,-0.5615234375
1,0.10986328125,-0.341796875,0.048828125,-0.32958984375,-0.1953125,-0.341796875,0.0732421875,-0.03662109375,0.52490234375,-0.0244140625,0.32958984375,-0.86669921875,-0.01220703125,1.08642578125,-0.37841796875,-0.1708984375,-0.0732421875,-0.62255859375,-0.03662109375,-0.2197265625,-0.15869140625,0.830078125,-0.29296875,-0.72021484375,0.08544921875,-0.18310546875,0.06103515625,-0.79345703125,-0.0244140625,0.927734375,0.06103515625,0.2197265625,-0.01220703125,-0.29296875,0.2197265625,-0.87890625,-0.1953125,-0.48828125,0.7568359375,-0.64697265625,-0.0732421875,-0.20751953125,-0.0732421875,-0.68359375,0.09765625,-0.32958984375,-0.0732421875,0.69580078125,-0.244140625,1.11083984375,0.18310546875,0.439453125,-0.390625,0,-0.47607421875,0.7080078125,-0.18310546875,0.732421875,0.1708984375,0.8056640625,-0.64697265625,1.01318359375,0.35400390625,0.78125,0.23193359375,0.1708984375,0.03662109375,1.01318359375,0.10986328125,0.18310546875,-0.244140625,0.18310546875,0.09765625,0.244140625,-0.06103515625,0.87890625,0.15869140625,-0.06103515625,-0.20751953125,1.3427734375,0,-1.01318359375,-0.1220703125,-0.390625,0.06103515625,-1.01318359375,-0.3173828125,-0.79345703125,0,-1.52587890625,-0.37841796875,-0.25634765625,0,-0.341796875,0.03662109375,-1.15966796875,-0.20751953125,-1.2939453125,-0.1708984375,-1.15966796875,0.0732421875,-1.123046875,0.0732421875,-0.732421875,0.30517578125,0.91552734375,-0.1953125,-0.1220703125,-0.01220703125,-0.0244140625,-0.18310546875,1.89208984375,-0.0732421875,0.42724609375,0.01220703125,0,-0.0732421875,0.01220703125,-0.18310546875,0.23193359375,-0.15869140625,-0.01220703125,-0.1220703125,0.8544921875,0.1220703125,-0.45166015625,-0.03662109375,-0.537109375
1,0.10986328125,-0.341796875,0.03662109375,-0.341796875,-0.18310546875,-0.35400390625,0.08544921875,-0.048828125,0.50048828125,-0.0244140625,0.3173828125,-0.8544921875,0,1.07421875,-0.37841796875,-0.1708984375,-0.048828125,-0.634765625,-0.01220703125,-0.2197265625,-0.01220703125,0.84228515625,-0.2685546875,-0.72021484375,0.1220703125,-0.20751953125,0.0244140625,-0.81787109375,-0.1708984375,0.927734375,0.03662109375,0.20751953125,0.03662109375,-0.244140625,0.10986328125,-0.89111328125,-0.146484375,-0.48828125,0.78125,-0.64697265625,-0.0732421875,-0.2197265625,-0.20751953125,-0.7080078125,0.08544921875,-0.30517578125,-0.1220703125,0.67138671875,-0.25634765625,1.11083984375,0.1953125,0.42724609375,-0.3662109375,-0.0244140625,-0.390625,0.69580078125,-0.1953125,0.96435546875,0.18310546875,0.9521484375,-0.69580078125,1.1474609375,0.3662109375,1.0009765625,0.1953125,0.13427734375,-0.0244140625,1.025390625,0.06103515625,0.15869140625,-0.28076171875,0.1953125,0.0244140625,0.25634765625,-0.03662109375,0.9033203125,0.20751953125,-0.0244140625,-0.20751953125,1.318359375,0.048828125,-1.0009765625,-0.10986328125,-0.3662109375,-0.0244140625,-1.0009765625,-0.1220703125,-0.8056640625,0.0244140625,-1.52587890625,-0.3662109375,-0.2685546875,0.0732421875,-0.35400390625,0.048828125,-1.13525390625,-0.30517578125,-1.28173828125,-0.10986328125,-1.15966796875,0.146484375,-1.11083984375,0.10986328125,-0.7568359375,0.29296875,1.67236328125,-0.20751953125,0.23193359375,-0.01220703125,0.29296875,-0.10986328125,2.25830078125,-0.10986328125,0.40283203125,0.0244140625,-0.01220703125,-0.06103515625,0.03662109375,-0.1953125,0.20751953125,-0.1708984375,-0.0244140625,-0.09765625,0.86669921875,0.1220703125,-0.45166015625,-0.0732421875,-0.5126953125
1,0.10986328125,-0.341796875,0.0244140625,-0.35400390625,-0.18310546875,-0.3662109375,0.10986328125,-0.08544921875,0.5126953125,-0.01220703125,0.30517578125,-0.86669921875,-0.0244140625,1.08642578125,-0.390625,-0.1953125,-0.0244140625,-0.64697265625,0,-0.20751953125,0.09765625,0.8544921875,-0.244140625,-0.72021484375,0.18310546875,-0.20751953125,-0.0244140625,-0.830078125,-0.25634765625,0.91552734375,-0.0732421875,0.2197265625,-0.0244140625,-0.23193359375,0.08544921875,-0.9033203125,-0.0732421875,-0.48828125,0.84228515625,-0.634765625,-0.146484375,-0.23193359375,-0.2685546875,-0.72021484375,0.08544921875,-0.28076171875,-0.1708984375,0.68359375,-0.1953125,1.13525390625,0.2197265625,0.42724609375,-0.30517578125,-0.06103515625,-0.3173828125,0.72021484375,-0.28076171875,1.23291015625,0.0244140625,1.08642578125,-0.79345703125,1.28173828125,0.32958984375,1.1962890625,0.18310546875,0.15869140625,-0.09765625,1.01318359375,0.0244140625,0.13427734375,-0.30517578125,0.18310546875,-0.0244140625,0.25634765625,0,0.9033203125,0.25634765625,-0.0244140625,-0.1708984375,1.30615234375,0.13427734375,-0.98876953125,-0.10986328125,-0.35400390625,-0.09765625,-0.98876953125,0.048828125,-0.8056640625,0.06103515625,-1.50146484375,-0.341796875,-0.30517578125,0.2197265625,-0.35400390625,0,-1.1474609375,-0.35400390625,-1.26953125,-0.01220703125,-1.15966796875,0.20751953125,-1.13525390625,0.13427734375,-0.76904296875,0.15869140625,2.72216796875,-0.244140625,0.74462890625,-0.048828125,0.732421875,-0.0732421875,2.8076171875,-0.13427734375,0.390625,0.0244140625,-0.0244140625,-0.0732421875,0.03662109375,-0.1708984375,0.1953125,-0.1708984375,-0.01220703125,-0.08544921875,0.86669921875,0.1220703125,-0.439453125,-0.08544921875,-0.48828125
1,0.08544921875,-0.3173828125,0,-0.341796875,-0.1953125,-0.3662109375,0.09765625,-0.09765625,0.52490234375,-0.01220703125,0.29296875,-0.86669921875,0.01220703125,1.11083984375,-0.439453125,-0.23193359375,0.0244140625,-0.634765625,0.01220703125,-0.1953125,0.146484375,0.8544921875,-0.1708984375,-0.72021484375,0.1953125,-0.2197265625,-0.048828125,-0.81787109375,-0.2685546875,0.89111328125,-0.1708984375,0.20751953125,-0.18310546875,-0.244140625,0.13427734375,-0.9033203125,-0.1220703125,-0.50048828125,0.81787109375,-0.59814453125,-0.2685546875,-0.2197265625,-0.244140625,-0.7568359375,0.048828125,-0.32958984375,-0.1708984375,0.67138671875,-0.1953125,1.123046875,0.2197265625,0.439453125,-0.23193359375,-0.10986328125,-0.2197265625,0.72021484375,-0.341796875,1.46484375,0.06103515625,1.1962890625,-0.84228515625,1.35498046875,0.30517578125,1.33056640625,0.1708984375,0.15869140625,-0.1953125,1.01318359375,-0.0244140625,0.15869140625,-0.3173828125,0.1708984375,-0.08544921875,0.25634765625,0.03662109375,0.89111328125,0.25634765625,-0.01220703125,-0.1220703125,1.30615234375,0.2197265625,-0.96435546875,-0.08544921875,-0.341796875,-0.10986328125,-0.9521484375,0.1953125,-0.79345703125,0.0732421875,-1.47705078125,-0.2197265625,-0.28076171875,0.29296875,-0.3173828125,-0.08544921875,-1.15966796875,-0.3662109375,-1.2451171875,0.01220703125,-1.1474609375,0.20751953125,-1.1474609375,0.13427734375,-0.7568359375,0.146484375,4.04052734375,-0.28076171875,1.37939453125,-0.06103515625,1.26953125,-0.09765625,3.47900390625,-0.146484375,0.35400390625,0.048828125,-0.0244140625,-0.06103515625,0.06103515625,-0.1708984375,0.1708984375,-0.15869140625,-0.01220703125,-0.06103515625,0.8544921875,0.09765625,-0.439453125,-0.0732421875,-0.50048828125
1,0.09765625,-0.32958984375,0,-0.32958984375,-0.2197265625,-0.37841796875,0.0732421875,-0.08544921875,0.50048828125,0.01220703125,0.28076171875,-0.86669921875,0.0244140625,1.0986328125,-0.4150390625,-0.18310546875,0.0732421875,-0.634765625,0.03662109375,-0.18310546875,0.15869140625,0.84228515625,-0.09765625,-0.7080078125,0.20751953125,-0.20751953125,-0.08544921875,-0.79345703125,-0.25634765625,0.87890625,-0.28076171875,0.2197265625,-0.3662109375,-0.29296875,0.29296875,-0.9033203125,-0.1220703125,-0.48828125,0.830078125,-0.5859375,-0.4150390625,-0.2197265625,-0.18310546875,-0.732421875,-0.03662109375,-0.3662109375,-0.2197265625,0.64697265625,-0.18310546875,1.13525390625,0.18310546875,0.45166015625,-0.1953125,-0.146484375,-0.06103515625,0.732421875,-0.37841796875,1.57470703125,0.06103515625,1.23291015625,-0.89111328125,1.35498046875,0.2685546875,1.37939453125,0.146484375,0.18310546875,-0.2685546875,1.025390625,-0.03662109375,0.15869140625,-0.30517578125,0.1953125,-0.15869140625,0.25634765625,0.0732421875,0.9033203125,0.25634765625,-0.01220703125,-0.0732421875,1.318359375,0.30517578125,-0.98876953125,-0.08544921875,-0.341796875,-0.15869140625,-0.9765625,0.2685546875,-0.79345703125,0.09765625,-1.4404296875,-0.1220703125,-0.29296875,0.3662109375,-0.30517578125,-0.06103515625,-1.18408203125,-0.37841796875,-1.25732421875,0.0244140625,-1.13525390625,0.1953125,-1.13525390625,0.09765625,-0.74462890625,0.18310546875,5.4443359375,-0.30517578125,2.0751953125,-0.0732421875,1.85546875,-0.09765625,4.23583984375,-0.1708984375,0.3662109375,0.03662109375,-0.0244140625,-0.06103515625,0.0732421875,-0.1708984375,0.13427734375,-0.146484375,-0.0244140625,-0.06103515625,0.84228515625,0.09765625,-0.45166015625,-0.0732421875,-0.47607421875
1,0.0732421875,-0.32958984375,-0.01220703125,-0.30517578125,-0.23193359375,-0.37841796875,0.08544921875,-0.08544921875,0.5126953125,0.01220703125,0.28076171875,-0.87890625,0.01220703125,1.123046875,-0.42724609375,-0.1953125,0.146484375,-0.634765625,0.09765625,-0.18310546875,0.146484375,0.8544921875,-0.01220703125,-0.732421875,0.1953125,-0.20751953125,-0.08544921875,-0.79345703125,-0.2197265625,0.87890625,-0.341796875,0.20751953125,-0.52490234375,-0.28076171875,0.42724609375,-0.89111328125,-0.15869140625,-0.45166015625,0.86669921875,-0.5615234375,-0.52490234375,-0.20751953125,-0.13427734375,-0.69580078125,-0.09765625,-0.3662109375,-0.2197265625,0.67138671875,-0.1953125,1.13525390625,0.23193359375,0.4638671875,-0.18310546875,-0.20751953125,0.08544921875,0.76904296875,-0.42724609375,1.5625,0.15869140625,1.220703125,-0.8544921875,1.30615234375,0.25634765625,1.35498046875,0.08544921875,0.20751953125,-0.29296875,1.025390625,-0.09765625,0.1708984375,-0.25634765625,0.18310546875,-0.244140625,0.25634765625,0.1220703125,0.91552734375,0.244140625,0,0.01220703125,1.30615234375,0.3173828125,-0.9765625,-0.08544921875,-0.32958984375,-0.1220703125,-0.96435546875,0.23193359375,-0.79345703125,0.09765625,-1.42822265625,-0.048828125,-0.28076171875,0.40283203125,-0.29296875,-0.048828125,-1.1962890625,-0.29296875,-1.2451171875,0.01220703125,-1.123046875,0.1220703125,-1.123046875,0.06103515625,-0.7568359375,0.1220703125,6.8603515625,-0.32958984375,2.783203125,-0.0732421875,2.4169921875,-0.10986328125,4.99267578125,-0.1708984375,0.35400390625,0.03662109375,-0.01220703125,-0.06103515625,0.0732421875,-0.18310546875,0.13427734375,-0.13427734375,-0.01220703125,-0.03662109375,0.830078125,0.0732421875,-0.45166015625,-0.048828125,-0.4638671875
1,0.048828125,-0.32958984375,-0.01220703125,-0.30517578125,-0.23193359375,-0.37841796875,0.06103515625,-0.0732421875,0.50048828125,0.0244140625,0.28076171875,-0.86669921875,-0.0244140625,1.0986328125,-0.42724609375,-0.15869140625,0.1708984375,-0.634765625,0.15869140625,-0.1708984375,0.08544921875,0.830078125,0.06103515625,-0.7080078125,0.15869140625,-0.2197265625,-0.06103515625,-0.79345703125,-0.1220703125,0.87890625,-0.3662109375,0.20751953125,-0.67138671875,-0.29296875,0.537109375,-0.89111328125,-0.2197265625,-0.439453125,0.87890625,-0.5615234375,-0.59814453125,-0.18310546875,-0.0732421875,-0.69580078125,-0.15869140625,-0.4150390625,-0.341796875,0.69580078125,-0.23193359375,1.123046875,0.23193359375,0.48828125,-0.13427734375,-0.2197265625,0.20751953125,0.7568359375,-0.40283203125,1.46484375,0.28076171875,1.20849609375,-0.7568359375,1.220703125,0.25634765625,1.26953125,0.08544921875,0.2197265625,-0.32958984375,1.0498046875,-0.146484375,0.18310546875,-0.18310546875,0.1953125,-0.3173828125,0.2685546875,0.146484375,0.91552734375,0.20751953125,0,0.0732421875,1.30615234375,0.29296875,-0.9765625,-0.08544921875,-0.32958984375,-0.08544921875,-0.9765625,0.10986328125,-0.78125,0.13427734375,-1.42822265625,0.0244140625,-0.28076171875,0.3662109375,-0.25634765625,0.0244140625,-1.220703125,-0.20751953125,-1.220703125,0.01220703125,-1.0986328125,0.06103515625,-1.1474609375,0.0244140625,-0.7568359375,0.08544921875,8.056640625,-0.35400390625,3.43017578125,-0.03662109375,2.91748046875,-0.1220703125,5.615234375,-0.15869140625,0.390625,0.01220703125,0.01220703125,-0.06103515625,0.048828125,-0.15869140625,0.13427734375,-0.13427734375,-0.01220703125,-0.06103515625,0.78125,0.0732421875,-0.4638671875,-0.048828125,-0.4638671875
1,0.06103515625,-0.3173828125,-0.0244140625,-0.3173828125,-0.25634765625,-0.37841796875,0.06103515625,-0.0732421875,0.47607421875,0.0244140625,0.2685546875,-0.86669921875,-0.03662109375,1.123046875,-0.4638671875,-0.15869140625,0.1708984375,-0.64697265625,0.23193359375,-0.18310546875,0.0732421875,0.8056640625,0.1220703125,-0.7080078125,0.146484375,-0.1953125,-0.0244140625,-0.79345703125,-0.048828125,0.87890625,-0.341796875,0.1953125,-0.64697265625,-0.32958984375,0.5859375,-0.87890625,-0.25634765625,-0.4150390625,0.87890625,-0.52490234375,-0.59814453125,-0.18310546875,-0.048828125,-0.68359375,-0.1953125,-0.45166015625,-0.4150390625,0.69580078125,-0.3173828125,1.123046875,0.25634765625,0.50048828125,-0.09765625,-0.244140625,0.32958984375,0.7568359375,-0.37841796875,1.318359375,0.3173828125,1.28173828125,-0.78125,1.1474609375,0.2685546875,1.171875,0.0732421875,0.23193359375,-0.3173828125,1.03759765625,-0.1708984375,0.1953125,-0.1708984375,0.1953125,-0.3662109375,0.28076171875,0.1708984375,0.91552734375,0.1953125,0.01220703125,0.0732421875,1.33056640625,0.244140625,-0.9521484375,-0.09765625,-0.32958984375,-0.048828125,-1.0009765625,-0.06103515625,-0.78125,0.18310546875,-1.4404296875,0.08544921875,-0.25634765625,0.3173828125,-0.244140625,0.1220703125,-1.23291015625,-0.13427734375,-1.23291015625,-0.0244140625,-1.11083984375,0,-1.123046875,-0.03662109375,-0.76904296875,0.1708984375,8.92333984375,-0.30517578125,3.91845703125,-0.01220703125,3.23486328125,-0.08544921875,6.09130859375,-0.1220703125,0.37841796875,-0.01220703125,0.0244140625,-0.06103515625,0.0244140625,-0.1708984375,0.146484375,-0.13427734375,-0.03662109375,-0.03662109375,0.76904296875,0.0732421875,-0.47607421875,-0.03662109375,-0.48828125
1,0.048828125,-0.3173828125,-0.03662109375,-0.32958984375,-0.23193359375,-0.390625,0.03662109375,-0.06103515625,0.47607421875,0.01220703125,0.2685546875,-0.87890625,-0.0732421875,1.123046875,-0.45166015625,-0.1708984375,0.10986328125,-0.6591796875,0.2197265625,-0.1708984375,0,0.8056640625,0.15869140625,-0.732421875,0.146484375,-0.1953125,0.06103515625,-0.79345703125,0.01220703125,0.86669921875,-0.29296875,0.1953125,-0.50048828125,-0.3662109375,0.537109375,-0.86669921875,-0.25634765625,-0.390625,0.86669921875,-0.52490234375,-0.5615234375,-0.13427734375,0.01220703125,-0.634765625,-0.244140625,-0.4638671875,-0.4150390625,0.72021484375,-0.3662109375,1.13525390625,0.2685546875,0.50048828125,-0.01220703125,-0.23193359375,0.32958984375,0.74462890625,-0.390625,1.28173828125,0.32958984375,1.4892578125,-0.72021484375,1.15966796875,0.3173828125,1.18408203125,0.03662109375,0.2197265625,-0.32958984375,1.025390625,-0.18310546875,0.2197265625,-0.146484375,0.1953125,-0.40283203125,0.2685546875,0.1953125,0.927734375,0.18310546875,-0.01220703125,0.09765625,1.3427734375,0.146484375,-0.96435546875,-0.13427734375,-0.341796875,-0.03662109375,-1.01318359375,-0.244140625,-0.76904296875,0.23193359375,-1.4892578125,0.0732421875,-0.25634765625,0.3173828125,-0.244140625,0.18310546875,-1.25732421875,-0.10986328125,-1.23291015625,0.01220703125,-1.0986328125,-0.06103515625,-1.1474609375,-0.09765625,-0.732421875,0.1220703125,9.3994140625,-0.2685546875,4.19921875,-0.03662109375,3.41796875,-0.146484375,6.34765625,-0.1220703125,0.37841796875,-0.03662109375,0.03662109375,-0.0732421875,0,-0.1708984375,0.1708984375,-0.1220703125,-0.0244140625,-0.01220703125,0.7568359375,0.0732421875,-0.50048828125,-0.03662109375,-0.5126953125
1,0.03662109375,-0.3173828125,-0.0244140625,-0.32958984375,-0.2197265625,-0.37841796875,0.01220703125,-0.06103515625,0.439453125,0.03662109375,0.2685546875,-0.86669921875,-0.03662109375,1.13525390625,-0.47607421875,-0.1708984375,0,-0.6591796875,0.1953125,-0.1953125,-0.01220703125,0.8056640625,0.15869140625,-0.74462890625,0.13427734375,-0.20751953125,0.1220703125,-0.79345703125,0.048828125,0.86669921875,-0.23193359375,0.1953125,-0.341796875,-0.35400390625,0.54931640625,-0.8544921875,-0.23193359375,-0.40283203125,0.76904296875,-0.537109375,-0.47607421875,-0.146484375,0.0244140625,-0.62255859375,-0.244140625,-0.42724609375,-0.42724609375,0.78125,-0.42724609375,1.123046875,0.244140625,0.4638671875,-0.01220703125,-0.23193359375,0.35400390625,0.732421875,-0.341796875,1.3916015625,0.3662109375,1.8798828125,-0.6591796875,1.30615234375,0.390625,1.37939453125,-0.0244140625,0.1953125,-0.29296875,1.03759765625,-0.18310546875,0.2197265625,-0.1220703125,0.1953125,-0.4150390625,0.2685546875,0.20751953125,0.91552734375,0.18310546875,-0.0244140625,0.08544921875,1.3427734375,0.0732421875,-0.96435546875,-0.146484375,-0.32958984375,-0.09765625,-1.025390625,-0.32958984375,-0.7568359375,0.2685546875,-1.5380859375,0.0732421875,-0.2685546875,0.244140625,-0.28076171875,0.244140625,-1.28173828125,-0.13427734375,-1.23291015625,0.03662109375,-1.11083984375,-0.0732421875,-1.13525390625,-0.15869140625,-0.732421875,0.048828125,9.423828125,-0.20751953125,4.26025390625,-0.08544921875,3.38134765625,-0.20751953125,6.3232421875,-0.10986328125,0.37841796875,-0.048828125,0.048828125,-0.06103515625,-0.03662109375,-0.1708984375,0.1708984375,-0.1220703125,-0.0244140625,0,0.7568359375,0.0732421875,-0.50048828125,-0.06103515625,-0.5126953125
0,0.06103515625,-0.3173828125,-0.0244140625,-0.32958984375,-0.23193359375,-0.390625,0.0244140625,-0.06103515625,0.4638671875,0.01220703125,0.2685546875,-0.89111328125,-0.06103515625,1.1474609375,-0.47607421875,-0.1708984375,-0.06103515625,-0.6591796875,0.1708984375,-0.1953125,-0.0244140625,0.8056640625,0.06103515625,-0.72021484375,0.15869140625,-0.18310546875,0.1708984375,-0.79345703125,0.048828125,0.87890625,-0.10986328125,0.1953125,-0.08544921875,-0.35400390625,0.54931640625,-0.84228515625,-0.15869140625,-0.4150390625,0.68359375,-0.54931640625,-0.3173828125,-0.146484375,0.03662109375,-0.6591796875,-0.20751953125,-0.390625,-0.35400390625,0.8056640625,-0.40283203125,1.1474609375,0.1708984375,0.439453125,-0.0244140625,-0.23193359375,0.30517578125,0.69580078125,-0.30517578125,1.7333984375,0.35400390625,2.52685546875,-0.57373046875,1.59912109375,0.45166015625,1.7822265625,-0.09765625,0.20751953125,-0.2685546875,1.025390625,-0.146484375,0.23193359375,-0.146484375,0.18310546875,-0.3662109375,0.244140625,0.244140625,0.89111328125,0.18310546875,-0.0244140625,0.0732421875,1.3427734375,-0.01220703125,-0.98876953125,-0.146484375,-0.341796875,-0.1708984375,-1.025390625,-0.37841796875,-0.7568359375,0.2685546875,-1.5625,0.0244140625,-0.25634765625,0.20751953125,-0.30517578125,0.30517578125,-1.26953125,-0.18310546875,-1.25732421875,0.048828125,-1.123046875,-0.08544921875,-1.13525390625,-0.2197265625,-0.732421875,-0.048828125,8.99658203125,-0.146484375,4.08935546875,-0.10986328125,3.13720703125,-0.244140625,6.0791015625,-0.09765625,0.37841796875,-0.06103515625,0.048828125,-0.0732421875,-0.0732421875,-0.18310546875,0.18310546875,-0.13427734375,-0.01220703125,-0.01220703125,0.72021484375,0.0732421875,-0.5126953125,-0.09765625,-0.537109375
0,0.03662109375,-0.3173828125,-0.03662109375,-0.35400390625,-0.244140625,-0.390625,0.0244140625,-0.06103515625,0.4638671875,-0.01220703125,0.30517578125,-0.89111328125,-0.0732421875,1.171875,-0.48828125,-0.1708984375,-0.13427734375,-0.64697265625,0.15869140625,-0.1953125,-0.048828125,0.8056640625,-0.0244140625,-0.72021484375,0.18310546875,-0.20751953125,0.15869140625,-0.79345703125,0.048828125,0.86669921875,0.01220703125,0.2197265625,0.0732421875,-0.30517578125,0.50048828125,-0.8544921875,-0.146484375,-0.4150390625,0.634765625,-0.5859375,-0.15869140625,-0.1708984375,0.0732421875,-0.64697265625,-0.146484375,-0.35400390625,-0.35400390625,0.8544921875,-0.3662109375,1.1474609375,0.1220703125,0.42724609375,-0.03662109375,-0.2197265625,0.1953125,0.7080078125,-0.25634765625,2.3681640625,0.390625,3.3935546875,-0.5126953125,2.099609375,0.54931640625,2.47802734375,-0.13427734375,0.1708984375,-0.23193359375,1.025390625,-0.10986328125,0.23193359375,-0.15869140625,0.18310546875,-0.3173828125,0.244140625,0.2685546875,0.89111328125,0.15869140625,-0.01220703125,0.03662109375,1.35498046875,-0.06103515625,-1.0009765625,-0.146484375,-0.341796875,-0.28076171875,-1.01318359375,-0.32958984375,-0.74462890625,0.25634765625,-1.59912109375,-0.048828125,-0.2685546875,0.146484375,-0.35400390625,0.244140625,-1.26953125,-0.30517578125,-1.2451171875,0.0732421875,-1.123046875,-0.10986328125,-1.13525390625,-0.244140625,-0.732421875,-0.13427734375,8.19091796875,-0.08544921875,3.69873046875,-0.13427734375,2.74658203125,-0.20751953125,5.5908203125,-0.10986328125,0.3662109375,-0.0244140625,0.03662109375,-0.048828125,-0.0732421875,-0.18310546875,0.20751953125,-0.13427734375,-0.01220703125,0,0.732421875,0.08544921875,-0.5126953125,-0.1220703125,-0.5615234375
0,0.03662109375,-0.3173828125,-0.03662109375,-0.341796875,-0.28076171875,-0.390625,0.0244140625,-0.0732421875,0.439453125,-0.0244140625,0.30517578125,-0.89111328125,-0.10986328125,1.1962890625,-0.4638671875,-0.1708984375,-0.1708984375,-0.6591796875,0.1220703125,-0.20751953125,-0.048828125,0.81787109375,-0.1953125,-0.72021484375,0.2197265625,-0.23193359375,0.1220703125,-0.81787109375,0.03662109375,0.87890625,0.13427734375,0.23193359375,0.1708984375,-0.28076171875,0.4638671875,-0.86669921875,-0.13427734375,-0.42724609375,0.6103515625,-0.62255859375,-0.01220703125,-0.18310546875,0.09765625,-0.6591796875,-0.06103515625,-0.3173828125,-0.30517578125,0.89111328125,-0.3173828125,1.1474609375,0.09765625,0.439453125,-0.15869140625,-0.18310546875,0.1220703125,0.69580078125,-0.20751953125,3.23486328125,0.28076171875,4.4921875,-0.47607421875,2.74658203125,0.5859375,3.369140625,-0.146484375,0.18310546875,-0.20751953125,1.025390625,-0.048828125,0.20751953125,-0.2197265625,0.18310546875,-0.2685546875,0.2685546875,0.2685546875,0.86669921875,0.146484375,-0.0244140625,0,1.33056640625,-0.06103515625,-1.0009765625,-0.146484375,-0.3662109375,-0.40283203125,-1.01318359375,-0.2685546875,-0.732421875,0.2197265625,-1.611328125,-0.13427734375,-0.25634765625,0.08544921875,-0.37841796875,0.1708984375,-1.25732421875,-0.35400390625,-1.2451171875,0.08544921875,-1.123046875,-0.09765625,-1.13525390625,-0.23193359375,-0.74462890625,-0.146484375,7.1533203125,-0.048828125,3.13720703125,-0.13427734375,2.25830078125,-0.15869140625,4.9560546875,-0.10986328125,0.3662109375,-0.0244140625,0.048828125,-0.0732421875,-0.08544921875,-0.18310546875,0.1953125,-0.146484375,-0.01220703125,0.0244140625,0.72021484375,0.08544921875,-0.50048828125,-0.13427734375,-0.5859375
0,0.03662109375,-0.341796875,-0.048828125,-0.35400390625,-0.28076171875,-0.390625,0.048828125,-0.06103515625,0.42724609375,-0.03662109375,0.32958984375,-0.86669921875,-0.08544921875,1.220703125,-0.4638671875,-0.18310546875,-0.18310546875,-0.64697265625,0.08544921875,-0.2197265625,-0.08544921875,0.84228515625,-0.29296875,-0.7080078125,0.23193359375,-0.23193359375,0.09765625,-0.79345703125,0.01220703125,0.87890625,0.20751953125,0.23193359375,0.1953125,-0.244140625,0.439453125,-0.86669921875,-0.10986328125,-0.4150390625,0.59814453125,-0.67138671875,0.1220703125,-0.1953125,0.13427734375,-0.68359375,-0.01220703125,-0.29296875,-0.25634765625,0.927734375,-0.23193359375,1.1474609375,0.0732421875,0.4150390625,-0.25634765625,-0.15869140625,0.0732421875,0.7080078125,-0.15869140625,4.2724609375,0.20751953125,5.65185546875,-0.40283203125,3.515625,0.50048828125,4.39453125,-0.146484375,0.1708984375,-0.13427734375,1.0009765625,-0.03662109375,0.2197265625,-0.25634765625,0.18310546875,-0.28076171875,0.23193359375,0.32958984375,0.89111328125,0.1220703125,-0.03662109375,-0.01220703125,1.30615234375,-0.0732421875,-1.025390625,-0.1220703125,-0.3662109375,-0.45166015625,-1.0009765625,-0.18310546875,-0.732421875,0.1953125,-1.59912109375,-0.1708984375,-0.244140625,0.048828125,-0.35400390625,0.048828125,-1.220703125,-0.3662109375,-1.2451171875,0.06103515625,-1.123046875,-0.10986328125,-1.123046875,-0.20751953125,-0.7568359375,-0.1220703125,6.005859375,-0.0244140625,2.47802734375,-0.1220703125,1.6845703125,-0.0732421875,4.23583984375,-0.1220703125,0.35400390625,-0.01220703125,0.03662109375,-0.06103515625,-0.10986328125,-0.1953125,0.20751953125,-0.13427734375,-0.01220703125,0.0244140625,0.74462890625,0.08544921875,-0.50048828125,-0.1220703125,-0.5859375
0,0.0244140625,-0.32958984375,-0.06103515625,-0.341796875,-0.25634765625,-0.390625,0.048828125,-0.048828125,0.390625,-0.048828125,0.35400390625,-0.8544921875,-0.08544921875,1.23291015625,-0.4638671875,-0.18310546875,-0.20751953125,-0.67138671875,0.01220703125,-0.20751953125,-0.1220703125,0.84228515625,-0.35400390625,-0.7080078125,0.23193359375,-0.2197265625,0.06103515625,-0.79345703125,0.01220703125,0.87890625,0.2197265625,0.23193359375,0.0244140625,-0.20751953125,0.37841796875,-0.89111328125,-0.13427734375,-0.4150390625,0.634765625,-0.72021484375,0.1708984375,-0.20751953125,0.15869140625,-0.7080078125,0.03662109375,-0.28076171875,-0.1953125,0.927734375,-0.15869140625,1.1474609375,0.1220703125,0.40283203125,-0.45166015625,-0.13427734375,-0.01220703125,0.69580078125,-0.146484375,5.40771484375,0.2685546875,6.82373046875,-0.35400390625,4.2724609375,0.50048828125,5.46875,-0.0732421875,0.146484375,-0.0732421875,1.0009765625,0,0.20751953125,-0.25634765625,0.1708984375,-0.2685546875,0.23193359375,0.35400390625,0.9033203125,0.10986328125,-0.01220703125,-0.03662109375,1.30615234375,-0.09765625,-0.98876953125,-0.08544921875,-0.35400390625,-0.439453125,-0.98876953125,-0.1220703125,-0.732421875,0.10986328125,-1.5380859375,-0.18310546875,-0.244140625,0,-0.35400390625,-0.0244140625,-1.1962890625,-0.3662109375,-1.25732421875,0.03662109375,-1.11083984375,-0.09765625,-1.0986328125,-0.13427734375,-0.76904296875,-0.09765625,4.84619140625,-0.03662109375,1.7822265625,-0.09765625,1.1474609375,-0.0244140625,3.47900390625,-0.13427734375,0.341796875,0,0.03662109375,-0.08544921875,-0.08544921875,-0.20751953125,0.18310546875,-0.15869140625,-0.01220703125,0.01220703125,0.7568359375,0.08544921875,-0.48828125,-0.10986328125,-0.57373046875
0,0.048828125,-0.35400390625,-0.06103515625,-0.32958984375,-0.20751953125,-0.40283203125,0.08544921875,-0.048828125,0.37841796875,-0.0732421875,0.32958984375,-0.8544921875,-0.08544921875,1.25732421875,-0.5126953125,-0.18310546875,-0.20751953125,-0.6591796875,-0.03662109375,-0.20751953125,-0.1953125,0.8544921875,-0.37841796875,-0.7080078125,0.2685546875,-0.2197265625,0.06103515625,-0.8056640625,0.01220703125,0.89111328125,0.1220703125,0.23193359375,-0.15869140625,-0.2197265625,0.35400390625,-0.91552734375,-0.15869140625,-0.4150390625,0.57373046875,-0.76904296875,0.10986328125,-0.1708984375,0.2197265625,-0.72021484375,0.06103515625,-0.35400390625,-0.1220703125,0.93994140625,-0.1220703125,1.11083984375,0.1708984375,0.4150390625,-0.5859375,-0.10986328125,-0.06103515625,0.732421875,-0.20751953125,6.4453125,0.29296875,7.91015625,-0.35400390625,5.0048828125,0.45166015625,6.494140625,0,0.146484375,-0.0244140625,1.01318359375,0.0244140625,0.20751953125,-0.244140625,0.1708984375,-0.23193359375,0.23193359375,0.390625,0.9033203125,0.08544921875,0,-0.06103515625,1.2939453125,-0.08544921875,-0.9765625,-0.03662109375,-0.35400390625,-0.35400390625,-1.0009765625,-0.09765625,-0.7568359375,0.0244140625,-1.513671875,-0.1953125,-0.25634765625,-0.048828125,-0.341796875,-0.06103515625,-1.1474609375,-0.35400390625,-1.23291015625,0.01220703125,-1.11083984375,-0.09765625,-1.0986328125,-0.0732421875,-0.76904296875,-0.09765625,3.759765625,-0.08544921875,1.123046875,-0.09765625,0.64697265625,0.01220703125,2.79541015625,-0.146484375,0.35400390625,0.0244140625,0,-0.06103515625,-0.06103515625,-0.20751953125,0.18310546875,-0.146484375,-0.0244140625,-0.01220703125,0.78125,0.08544921875,-0.47607421875,-0.10986328125,-0.54931640625
0,0.03662109375,-0.3662109375,-0.048828125,-0.3662109375,-0.18310546875,-0.4150390625,0.0732421875,-0.09765625,0.341796875,-0.0732421875,0.3173828125,-0.84228515625,-0.0732421875,1.2939453125,-0.48828125,-0.1953125,-0.1708984375,-0.67138671875,-0.09765625,-0.20751953125,-0.28076171875,0.8056640625,-0.35400390625,-0.7080078125,0.23193359375,-0.23193359375,0.03662109375,-0.81787109375,0.01220703125,0.89111328125,-0.01220703125,0.2197265625,-0.40283203125,-0.244140625,0.28076171875,-0.91552734375,-0.1708984375,-0.4150390625,0.537109375,-0.79345703125,-0.0244140625,-0.1708984375,0.2197265625,-0.72021484375,0.10986328125,-0.37841796875,-0.06103515625,0.93994140625,-0.06103515625,1.0986328125,0.244140625,0.45166015625,-0.68359375,-0.09765625,-0.146484375,0.74462890625,-0.20751953125,7.32421875,0.32958984375,8.740234375,-0.37841796875,5.56640625,0.4638671875,7.32421875,0.0732421875,0.1708984375,0.0244140625,1.01318359375,0,0.1953125,-0.2197265625,0.1708984375,-0.18310546875,0.23193359375,0.37841796875,0.927734375,0.03662109375,0.01220703125,-0.08544921875,1.28173828125,-0.048828125,-0.98876953125,-0.01220703125,-0.3662109375,-0.23193359375,-1.025390625,-0.10986328125,-0.7568359375,-0.03662109375,-1.45263671875,-0.1953125,-0.2197265625,-0.1220703125,-0.30517578125,-0.06103515625,-1.123046875,-0.341796875,-1.23291015625,-0.0244140625,-1.11083984375,-0.08544921875,-1.11083984375,-0.06103515625,-0.78125,-0.0732421875,2.84423828125,-0.1953125,0.48828125,-0.146484375,0.23193359375,0.06103515625,2.20947265625,-0.146484375,0.3662109375,0.0244140625,0,-0.06103515625,-0.0244140625,-0.2197265625,0.1708984375,-0.15869140625,-0.01220703125,-0.01220703125,0.84228515625,0.048828125,-0.50048828125,-0.10986328125,-0.537109375
0,0.03662109375,-0.3662109375,-0.06103515625,-0.37841796875,-0.15869140625,-0.42724609375,0.0732421875,-0.09765625,0.32958984375,-0.048828125,0.29296875,-0.84228515625,-0.10986328125,1.318359375,-0.48828125,-0.20751953125,-0.15869140625,-0.67138671875,-0.09765625,-0.2197265625,-0.341796875,0.81787109375,-0.2685546875,-0.69580078125,0.15869140625,-0.1953125,-0.01220703125,-0.8056640625,-0.03662109375,0.89111328125,-0.18310546875,0.20751953125,-0.59814453125,-0.244140625,0.23193359375,-0.9033203125,-0.1953125,-0.37841796875,0.54931640625,-0.78125,-0.2197265625,-0.13427734375,0.15869140625,-0.7080078125,0.09765625,-0.390625,-0.0732421875,0.89111328125,-0.048828125,1.11083984375,0.32958984375,0.4638671875,-0.76904296875,-0.10986328125,-0.23193359375,0.7568359375,-0.30517578125,7.92236328125,0.341796875,9.31396484375,-0.48828125,5.94482421875,0.47607421875,7.87353515625,0.09765625,0.15869140625,0.08544921875,1.01318359375,0.03662109375,0.2197265625,-0.1953125,0.1708984375,-0.09765625,0.244140625,0.35400390625,0.927734375,0,0.0244140625,-0.09765625,1.28173828125,0,-0.93994140625,0.0244140625,-0.341796875,-0.08544921875,-1.025390625,-0.13427734375,-0.7568359375,-0.10986328125,-1.416015625,-0.1708984375,-0.23193359375,-0.20751953125,-0.2685546875,-0.06103515625,-1.123046875,-0.35400390625,-1.23291015625,-0.0732421875,-1.11083984375,-0.08544921875,-1.123046875,-0.03662109375,-0.78125,-0.03662109375,2.11181640625,-0.30517578125,0.01220703125,-0.0732421875,-0.09765625,0.08544921875,1.74560546875,-0.146484375,0.37841796875,0.048828125,-0.0244140625,-0.06103515625,0,-0.20751953125,0.1708984375,-0.146484375,-0.01220703125,0,0.84228515625,0.06103515625,-0.48828125,-0.10986328125,-0.5126953125
0,0.01220703125,-0.341796875,-0.08544921875,-0.390625,-0.146484375,-0.4150390625,0.08544921875,-0.09765625,0.341796875,-0.0244140625,0.2685546875,-0.84228515625,-0.0732421875,1.30615234375,-0.4638671875,-0.20751953125,-0.0732421875,-0.6591796875,-0.048828125,-0.1953125,-0.32958984375,0.81787109375,-0.1708984375,-0.7080078125,0.06103515625,-0.1953125,-0.08544921875,-0.79345703125,-0.1220703125,0.91552734375,-0.30517578125,0.2197265625,-0.634765625,-0.28076171875,0.146484375,-0.927734375,-0.1953125,-0.37841796875,0.52490234375,-0.79345703125,-0.390625,-0.13427734375,0.09765625,-0.7080078125,0.09765625,-0.40283203125,-0.0732421875,0.86669921875,-0.048828125,1.0986328125,0.390625,0.4638671875,-0.76904296875,-0.1220703125,-0.29296875,0.7568359375,-0.35400390625,8.203125,0.35400390625,9.60693359375,-0.4638671875,6.14013671875,0.50048828125,8.154296875,0.08544921875,0.1953125,0.18310546875,1.0009765625,0.0732421875,0.1953125,-0.146484375,0.15869140625,-0.0244140625,0.2685546875,0.3173828125,0.89111328125,-0.03662109375,0.0244140625,-0.06103515625,1.2939453125,0.08544921875,-0.93994140625,0.048828125,-0.341796875,0.0244140625,-1.025390625,-0.1708984375,-0.78125,-0.10986328125,-1.40380859375,-0.18310546875,-0.23193359375,-0.2197265625,-0.244140625,-0.0244140625,-1.123046875,-0.341796875,-1.20849609375,-0.13427734375,-1.123046875,-0.09765625,-1.123046875,-0.0244140625,-0.76904296875,-0.0244140625,1.55029296875,-0.3662109375,-0.37841796875,-0.03662109375,-0.30517578125,0.08544921875,1.42822265625,-0.10986328125,0.390625,0.03662109375,-0.01220703125,-0.06103515625,0,-0.20751953125,0.1708984375,-0.13427734375,-0.048828125,0,0.8544921875,0.048828125,-0.50048828125,-0.10986328125,-0.50048828125
0,0,-0.35400390625,-0.09765625,-0.390625,-0.15869140625,-0.42724609375,0.0732421875,-0.09765625,0.28076171875,-0.03662109375,0.25634765625,-0.8544921875,-0.0732421875,1.26953125,-0.45166015625,-0.2197265625,-0.0244140625,-0.64697265625,0.01220703125,-0.20751953125,-0.2685546875,0.81787109375,-0.06103515625,-0.72021484375,-0.06103515625,-0.18310546875,-0.15869140625,-0.79345703125,-0.1953125,0.91552734375,-0.35400390625,0.20751953125,-0.54931640625,-0.32958984375,-0.03662109375,-0.91552734375,-0.20751953125,-0.390625,0.5615234375,-0.78125,-0.5126953125,-0.13427734375,-0.01220703125,-0.68359375,0.048828125,-0.47607421875,-0.18310546875,0.81787109375,-0.0732421875,1.123046875,0.439453125,0.50048828125,-0.74462890625,-0.146484375,-0.40283203125,0.732421875,-0.390625,8.19091796875,0.439453125,9.619140625,-0.4638671875,6.103515625,0.54931640625,8.154296875,0.048828125,0.18310546875,0.25634765625,1.01318359375,0.08544921875,0.1953125,-0.1220703125,0.18310546875,0.048828125,0.2685546875,0.2685546875,0.91552734375,-0.0732421875,0.03662109375,-0.06103515625,1.30615234375,0.1220703125,-0.9521484375,0.0732421875,-0.341796875,0.08544921875,-1.0498046875,-0.1953125,-0.78125,-0.0732421875,-1.3916015625,-0.1953125,-0.23193359375,-0.23193359375,-0.244140625,0.03662109375,-1.13525390625,-0.40283203125,-1.2451171875,-0.15869140625,-1.11083984375,-0.13427734375,-1.08642578125,-0.0244140625,-0.7568359375,-0.06103515625,1.1474609375,-0.40283203125,-0.6591796875,-0.0244140625,-0.48828125,0.1220703125,1.1962890625,-0.10986328125,0.37841796875,0.03662109375,-0.03662109375,-0.08544921875,0,-0.1953125,0.18310546875,-0.13427734375,-0.048828125,-0.01220703125,0.8544921875,0.06103515625,-0.50048828125,-0.08544921875,-0.5126953125
0,0.01220703125,-0.341796875,-0.09765625,-0.390625,-0.1220703125,-0.42724609375,0.09765625,-0.08544921875,0.29296875,-0.03662109375,0.2197265625,-0.8544921875,-0.0732421875,1.23291015625,-0.42724609375,-0.1953125,-0.01220703125,-0.64697265625,0.06103515625,-0.20751953125,-0.146484375,0.81787109375,0.0244140625,-0.7080078125,-0.13427734375,-0.1953125,-0.146484375,-0.8056640625,-0.3173828125,0.87890625,-0.35400390625,0.20751953125,-0.40283203125,-0.37841796875,-0.2197265625,-0.89111328125,-0.13427734375,-0.4150390625,0.59814453125,-0.732421875,-0.5615234375,-0.10986328125,-0.13427734375,-0.67138671875,-0.01220703125,-0.50048828125,-0.3173828125,0.7568359375,-0.13427734375,1.123046875,0.45166015625,0.47607421875,-0.78125,-0.1708984375,-0.5126953125,0.732421875,-0.40283203125,7.97119140625,0.50048828125,9.4482421875,-0.45166015625,5.96923828125,0.634765625,7.958984375,0.08544921875,0.1953125,0.30517578125,1.01318359375,0.08544921875,0.23193359375,-0.10986328125,0.1708984375,0.10986328125,0.2685546875,0.1708984375,0.89111328125,-0.08544921875,0.03662109375,-0.03662109375,1.2939453125,0.2197265625,-0.96435546875,0.08544921875,-0.35400390625,0.0732421875,-1.0498046875,-0.20751953125,-0.8056640625,0,-1.40380859375,-0.1953125,-0.2685546875,-0.20751953125,-0.23193359375,0.06103515625,-1.15966796875,-0.390625,-1.2451171875,-0.15869140625,-1.123046875,-0.18310546875,-1.07421875,-0.0244140625,-0.74462890625,-0.09765625,0.830078125,-0.3662109375,-0.8544921875,-0.03662109375,-0.5859375,0.09765625,1.025390625,-0.10986328125,0.3662109375,0.0244140625,-0.0244140625,-0.08544921875,0.0244140625,-0.1953125,0.18310546875,-0.1220703125,-0.048828125,0,0.84228515625,0.0732421875,-0.52490234375,-0.0732421875,-0.5126953125
0,0.01220703125,-0.32958984375,-0.10986328125,-0.37841796875,-0.10986328125,-0.40283203125,0.0732421875,-0.0732421875,0.2685546875,-0.0244140625,0.1953125,-0.86669921875,-0.03662109375,1.171875,-0.439453125,-0.20751953125,-0.03662109375,-0.634765625,0.1220703125,-0.20751953125,-0.0244140625,0.81787109375,0.01220703125,-0.7080078125,-0.20751953125,-0.1708984375,-0.146484375,-0.8056640625,-0.4150390625,0.86669921875,-0.28076171875,0.2197265625,-0.23193359375,-0.390625,-0.30517578125,-0.89111328125,-0.09765625,-0.42724609375,0.5615234375,-0.72021484375,-0.52490234375,-0.10986328125,-0.20751953125,-0.64697265625,-0.0244140625,-0.47607421875,-0.439453125,0.732421875,-0.23193359375,1.13525390625,0.439453125,0.45166015625,-0.72021484375,-0.1708984375,-0.5859375,0.72021484375,-0.40283203125,7.65380859375,0.40283203125,9.14306640625,-0.42724609375,5.712890625,0.5859375,7.6416015625,0.10986328125,0.1953125,0.32958984375,1.025390625,0.1220703125,0.244140625,-0.10986328125,0.15869140625,0.15869140625,0.28076171875,0.0732421875,0.8544921875,-0.08544921875,0.0244140625,-0.03662109375,1.318359375,0.2685546875,-0.9765625,0.0732421875,-0.35400390625,0,-1.0498046875,-0.18310546875,-0.8056640625,0.10986328125,-1.45263671875,-0.18310546875,-0.2685546875,-0.146484375,-0.2685546875,0.01220703125,-1.1474609375,-0.35400390625,-1.25732421875,-0.1220703125,-1.123046875,-0.2197265625,-1.123046875,-0.10986328125,-0.732421875,-0.13427734375,0.537109375,-0.30517578125,-1.0009765625,-0.10986328125,-0.68359375,0.048828125,0.89111328125,-0.08544921875,0.390625,0.01220703125,-0.01220703125,-0.08544921875,0.0244140625,-0.18310546875,0.18310546875,-0.09765625,-0.0732421875,0,0.830078125,0.0732421875,-0.52490234375,-0.08544921875,-0.537109375
0,0.01220703125,-0.3173828125,-0.10986328125,-0.3662109375,-0.08544921875,-0.40283203125,0.08544921875,-0.0732421875,0.2197265625,-0.03662109375,0.15869140625,-0.86669921875,-0.06103515625,1.15966796875,-0.439453125,-0.18310546875,-0.048828125,-0.62255859375,0.10986328125,-0.20751953125,0.09765625,0.81787109375,0,-0.7080078125,-0.20751953125,-0.15869140625,-0.13427734375,-0.8056640625,-0.48828125,0.86669921875,-0.1708984375,0.2197265625,-0.01220703125,-0.37841796875,-0.341796875,-0.87890625,-0.01220703125,-0.439453125,0.54931640625,-0.69580078125,-0.47607421875,-0.10986328125,-0.25634765625,-0.64697265625,-0.0732421875,-0.45166015625,-0.5126953125,0.7080078125,-0.30517578125,1.15966796875,0.4150390625,0.439453125,-0.634765625,-0.1708984375,-0.64697265625,0.69580078125,-0.4150390625,7.2509765625,0.32958984375,8.77685546875,-0.341796875,5.45654296875,0.5859375,7.28759765625,0.13427734375,0.20751953125,0.32958984375,1.025390625,0.1220703125,0.23193359375,-0.10986328125,0.1708984375,0.15869140625,0.28076171875,0,0.87890625,-0.0732421875,0.0244140625,-0.06103515625,1.30615234375,0.3173828125,-0.96435546875,0.06103515625,-0.3662109375,-0.15869140625,-1.03759765625,-0.10986328125,-0.81787109375,0.18310546875,-1.47705078125,-0.15869140625,-0.28076171875,-0.048828125,-0.29296875,-0.01220703125,-1.171875,-0.3173828125,-1.25732421875,-0.10986328125,-1.123046875,-0.28076171875,-1.123046875,-0.1708984375,-0.732421875,-0.1708984375,0.244140625,-0.2197265625,-1.08642578125,-0.146484375,-0.78125,-0.01220703125,0.78125,-0.06103515625,0.40283203125,-0.01220703125,0,-0.06103515625,0,-0.1708984375,0.1953125,-0.0732421875,-0.0732421875,-0.0244140625,0.84228515625,0.0732421875,-0.52490234375,-0.08544921875,-0.5615234375
1,-0.01220703125,-0.30517578125,-0.10986328125,-0.341796875,-0.048828125,-0.390625,0.09765625,-0.0732421875,0.1953125,-0.06103515625,0.15869140625,-0.87890625,-0.09765625,1.0986328125,-0.4150390625,-0.1708984375,-0.03662109375,-0.62255859375,0.13427734375,-0.23193359375,0.146484375,0.79345703125,-0.0244140625,-0.7080078125,-0.1708984375,-0.1708984375,-0.08544921875,-0.81787109375,-0.52490234375,0.86669921875,-0.048828125,0.20751953125,0.06103515625,-0.35400390625,-0.2685546875,-0.87890625,0.03662109375,-0.4638671875,0.48828125,-0.67138671875,-0.390625,-0.15869140625,-0.2685546875,-0.64697265625,-0.09765625,-0.390625,-0.54931640625,0.67138671875,-0.341796875,1.1962890625,0.3662109375,0.45166015625,-0.50048828125,-0.1220703125,-0.6591796875,0.69580078125,-0.35400390625,6.93359375,0.29296875,8.447265625,-0.25634765625,5.23681640625,0.57373046875,6.97021484375,0.15869140625,0.2197265625,0.2685546875,1.025390625,0.15869140625,0.244140625,-0.15869140625,0.1708984375,0.13427734375,0.28076171875,-0.0732421875,0.84228515625,-0.048828125,0.01220703125,-0.08544921875,1.318359375,0.30517578125,-0.96435546875,0.048828125,-0.37841796875,-0.29296875,-1.03759765625,-0.0244140625,-0.81787109375,0.2197265625,-1.50146484375,-0.13427734375,-0.28076171875,0.01220703125,-0.30517578125,-0.03662109375,-1.1962890625,-0.30517578125,-1.25732421875,-0.09765625,-1.123046875,-0.32958984375,-1.123046875,-0.1953125,-0.72021484375,-0.2197265625,-0.0732421875,-0.146484375,-1.1962890625,-0.18310546875,-0.89111328125,0,0.634765625,-0.048828125,0.37841796875,-0.01220703125,0,-0.06103515625,0.03662109375,-0.15869140625,0.23193359375,-0.048828125,-0.0732421875,-0.0244140625,0.81787109375,0.048828125,-0.48828125,-0.0732421875,-0.54931640625
1,-0.03662109375,-0.3173828125,-0.13427734375,-0.341796875,-0.08544921875,-0.390625,0.0732421875,-0.0732421875,0.1708984375,-0.048828125,0.1220703125,-0.9033203125,-0.10986328125,1.0498046875,-0.390625,-0.18310546875,-0.03662109375,-0.634765625,0.146484375,-0.20751953125,0.15869140625,0.81787109375,-0.03662109375,-0.69580078125,-0.15869140625,-0.1708984375,-0.0732421875,-0.79345703125,-0.50048828125,0.86669921875,0.048828125,0.20751953125,0.08544921875,-0.390625,-0.15869140625,-0.87890625,0.01220703125,-0.47607421875,0.4150390625,-0.67138671875,-0.3173828125,-0.18310546875,-0.2197265625,-0.67138671875,-0.09765625,-0.37841796875,-0.5859375,0.6591796875,-0.3173828125,1.20849609375,0.25634765625,0.45166015625,-0.37841796875,-0.10986328125,-0.634765625,0.7080078125,-0.341796875,6.6650390625,0.2685546875,8.14208984375,-0.146484375,5.06591796875,0.54931640625,6.689453125,0.2197265625,0.23193359375,0.18310546875,1.025390625,0.1953125,0.244140625,-0.18310546875,0.1708984375,0.10986328125,0.2685546875,-0.1220703125,0.830078125,-0.0244140625,0.0244140625,-0.13427734375,1.30615234375,0.25634765625,-0.9765625,0.03662109375,-0.390625,-0.35400390625,-1.025390625,0.03662109375,-0.830078125,0.244140625,-1.5380859375,-0.10986328125,-0.30517578125,0.06103515625,-0.341796875,-0.06103515625,-1.1962890625,-0.32958984375,-1.25732421875,-0.1220703125,-1.11083984375,-0.4150390625,-1.123046875,-0.23193359375,-0.732421875,-0.3173828125,-0.42724609375,-0.18310546875,-1.33056640625,-0.2197265625,-0.98876953125,-0.01220703125,0.50048828125,-0.048828125,0.3662109375,0.01220703125,0.01220703125,-0.0732421875,0.0244140625,-0.1708984375,0.2197265625,-0.0732421875,-0.0732421875,-0.03662109375,0.830078125,0.0244140625,-0.4638671875,-0.0732421875,-0.57373046875
1,-0.0244140625,-0.29296875,-0.15869140625,-0.35400390625,-0.06103515625,-0.390625,0.06103515625,-0.0732421875,0.18310546875,-0.06103515625,0.09765625,-0.89111328125,-0.0732421875,1.0498046875,-0.341796875,-0.18310546875,-0.01220703125,-0.62255859375,0.1220703125,-0.2197265625,0.1220703125,0.8056640625,-0.0244140625,-0.7080078125,-0.10986328125,-0.18310546875,-0.03662109375,-0.79345703125,-0.42724609375,0.86669921875,0.10986328125,0.23193359375,0.048828125,-0.32958984375,-0.03662109375,-0.86669921875,-0.03662109375,-0.47607421875,0.4150390625,-0.68359375,-0.25634765625,-0.18310546875,-0.146484375,-0.6591796875,-0.10986328125,-0.32958984375,-0.6103515625,0.6591796875,-0.341796875,1.171875,0.20751953125,0.439453125,-0.18310546875,-0.03662109375,-0.62255859375,0.69580078125,-0.32958984375,6.4697265625,0.30517578125,7.84912109375,-0.09765625,4.91943359375,0.45166015625,6.494140625,0.2685546875,0.244140625,0.10986328125,1.025390625,0.1953125,0.23193359375,-0.25634765625,0.18310546875,0.10986328125,0.25634765625,-0.15869140625,0.8544921875,0.0244140625,0.03662109375,-0.2197265625,1.3427734375,0.2197265625,-1.0009765625,0.0244140625,-0.40283203125,-0.3662109375,-1.025390625,0.048828125,-0.830078125,0.244140625,-1.513671875,-0.09765625,-0.29296875,0.06103515625,-0.35400390625,-0.048828125,-1.20849609375,-0.3173828125,-1.26953125,-0.13427734375,-1.11083984375,-0.42724609375,-1.11083984375,-0.23193359375,-0.74462890625,-0.2197265625,-0.78125,-0.08544921875,-1.4404296875,-0.1953125,-1.0986328125,0.0244140625,0.3173828125,-0.03662109375,0.3662109375,0,0,-0.06103515625,0.0244140625,-0.18310546875,0.20751953125,-0.0732421875,-0.06103515625,-0.03662109375,0.86669921875,0.03662109375,-0.45166015625,-0.06103515625,-0.57373046875
1,-0.0244140625,-0.30517578125,-0.146484375,-0.35400390625,-0.0732421875,-0.390625,0.06103515625,-0.0732421875,0.1708984375,-0.048828125,0.08544921875,-0.91552734375,-0.08544921875,1.01318359375,-0.35400390625,-0.18310546875,-0.01220703125,-0.6591796875,0.09765625,-0.20751953125,0.03662109375,0.8056640625,-0.01220703125,-0.69580078125,-0.08544921875,-0.1708984375,0.03662109375,-0.79345703125,-0.30517578125,0.86669921875,0.1220703125,0.23193359375,-0.1220703125,-0.28076171875,0.13427734375,-0.87890625,-0.1220703125,-0.45166015625,0.4638671875,-0.7080078125,-0.2197265625,-0.1953125,-0.048828125,-0.67138671875,-0.10986328125,-0.29296875,-0.59814453125,0.62255859375,-0.341796875,1.13525390625,0.08544921875,0.4638671875,-0.09765625,0,-0.57373046875,0.69580078125,-0.28076171875,6.34765625,0.3173828125,7.60498046875,-0.03662109375,4.833984375,0.4150390625,6.33544921875,0.28076171875,0.28076171875,0.03662109375,1.025390625,0.20751953125,0.244140625,-0.29296875,0.1953125,0.06103515625,0.28076171875,-0.15869140625,0.84228515625,0.08544921875,0.03662109375,-0.2685546875,1.33056640625,0.18310546875,-1.01318359375,0.03662109375,-0.390625,-0.30517578125,-1.0009765625,-0.0244140625,-0.81787109375,0.2197265625,-1.513671875,-0.09765625,-0.29296875,0.0244140625,-0.3662109375,-0.048828125,-1.220703125,-0.30517578125,-1.220703125,-0.20751953125,-1.11083984375,-0.45166015625,-1.0986328125,-0.244140625,-0.76904296875,-0.09765625,-1.07421875,-0.03662109375,-1.5625,-0.1708984375,-1.18408203125,0.06103515625,0.18310546875,-0.0732421875,0.35400390625,0.0244140625,-0.01220703125,-0.0732421875,0.048828125,-0.1708984375,0.2197265625,-0.08544921875,-0.03662109375,-0.048828125,0.86669921875,-0.01220703125,-0.439453125,-0.048828125,-0.5615234375
1,-0.03662109375,-0.3173828125,-0.146484375,-0.3662109375,-0.03662109375,-0.40283203125,0.06103515625,-0.06103515625,0.146484375,-0.03662109375,0.048828125,-0.89111328125,-0.0732421875,1.01318359375,-0.32958984375,-0.1708984375,-0.01220703125,-0.6591796875,0.0244140625,-0.20751953125,-0.0732421875,0.81787109375,-0.048828125,-0.7080078125,-0.01220703125,-0.18310546875,0.10986328125,-0.78125,-0.1953125,0.86669921875,0.048828125,0.23193359375,-0.2197265625,-0.2685546875,0.25634765625,-0.89111328125,-0.146484375,-0.42724609375,0.50048828125,-0.72021484375,-0.18310546875,-0.1953125,0.09765625,-0.69580078125,-0.08544921875,-0.3173828125,-0.52490234375,0.634765625,-0.35400390625,1.1474609375,0.03662109375,0.45166015625,-0.03662109375,0.048828125,-0.57373046875,0.72021484375,-0.29296875,6.2744140625,0.244140625,7.373046875,-0.03662109375,4.736328125,0.32958984375,6.18896484375,0.25634765625,0.2685546875,-0.03662109375,1.03759765625,0.18310546875,0.2197265625,-0.341796875,0.18310546875,-0.0244140625,0.2685546875,-0.146484375,0.87890625,0.146484375,0.06103515625,-0.3662109375,1.318359375,0.1220703125,-1.01318359375,0.048828125,-0.37841796875,-0.18310546875,-1.025390625,-0.1220703125,-0.830078125,0.1708984375,-1.4892578125,-0.10986328125,-0.29296875,-0.03662109375,-0.3662109375,-0.03662109375,-1.20849609375,-0.29296875,-1.220703125,-0.2685546875,-1.11083984375,-0.439453125,-1.11083984375,-0.2197265625,-0.7568359375,0.0244140625,-1.2939453125,0.03662109375,-1.64794921875,-0.146484375,-1.23291015625,0.03662109375,0.10986328125,-0.0732421875,0.3662109375,0.03662109375,-0.01220703125,-0.0732421875,0,-0.18310546875,0.1953125,-0.09765625,0,-0.0244140625,0.89111328125,-0.01220703125,-0.439453125,-0.048828125,-0.52490234375
1,-0.06103515625,-0.3173828125,-0.146484375,-0.35400390625,-0.0244140625,-0.390625,0.03662109375,-0.06103515625,0.1220703125,-0.048828125,0.0244140625,-0.9033203125,-0.10986328125,1.03759765625,-0.30517578125,-0.15869140625,-0.06103515625,-0.634765625,-0.0732421875,-0.1953125,-0.20751953125,0.81787109375,-0.06103515625,-0.72021484375,0.03662109375,-0.1708984375,0.18310546875,-0.78125,-0.0732421875,0.87890625,0.01220703125,0.2197265625,-0.2197265625,-0.28076171875,0.28076171875,-0.87890625,-0.18310546875,-0.40283203125,0.48828125,-0.7568359375,-0.146484375,-0.1708984375,0.1708984375,-0.72021484375,-0.048828125,-0.341796875,-0.4638671875,0.6103515625,-0.35400390625,1.123046875,0,0.47607421875,0.0244140625,0.06103515625,-0.537109375,0.7080078125,-0.3173828125,6.09130859375,0.18310546875,7.0556640625,-0.08544921875,4.57763671875,0.29296875,5.96923828125,0.2197265625,0.28076171875,-0.09765625,1.0009765625,0.1220703125,0.1953125,-0.3662109375,0.1953125,-0.03662109375,0.25634765625,-0.146484375,0.86669921875,0.1708984375,0.06103515625,-0.390625,1.318359375,0.0732421875,-1.025390625,0.0732421875,-0.37841796875,-0.048828125,-1.03759765625,-0.244140625,-0.81787109375,0.10986328125,-1.46484375,-0.13427734375,-0.30517578125,-0.1220703125,-0.341796875,0.0244140625,-1.20849609375,-0.28076171875,-1.220703125,-0.29296875,-1.07421875,-0.3662109375,-1.123046875,-0.20751953125,-0.76904296875,0.08544921875,-1.3916015625,0.048828125,-1.69677734375,-0.10986328125,-1.220703125,0,0.0732421875,-0.0732421875,0.37841796875,0.0732421875,-0.01220703125,-0.06103515625,0,-0.146484375,0.1708984375,-0.09765625,0.0244140625,-0.03662109375,0.91552734375,-0.048828125,-0.439453125,-0.048828125,-0.5126953125
1,-0.06103515625,-0.32958984375,-0.13427734375,-0.3662109375,-0.01220703125,-0.40283203125,0.048828125,-0.03662109375,0.1220703125,-0.01220703125,0.01220703125,-0.87890625,-0.146484375,1.06201171875,-0.244140625,-0.15869140625,-0.10986328125,-0.6591796875,-0.146484375,-0.18310546875,-0.30517578125,0.81787109375,-0.13427734375,-0.72021484375,0.0732421875,-0.18310546875,0.2197265625,-0.78125,-0.01220703125,0.9033203125,0,0.20751953125,-0.23193359375,-0.29296875,0.25634765625,-0.89111328125,-0.2197265625,-0.37841796875,0.47607421875,-0.76904296875,-0.13427734375,-0.1708984375,0.23193359375,-0.68359375,-0.01220703125,-0.3662109375,-0.3662109375,0.62255859375,-0.29296875,1.123046875,-0.048828125,0.48828125,0.03662109375,0.0244140625,-0.4638671875,0.7080078125,-0.390625,5.79833984375,0.13427734375,6.65283203125,-0.13427734375,4.35791015625,0.30517578125,5.6640625,0.1953125,0.29296875,-0.15869140625,1.0009765625,0.0732421875,0.1953125,-0.37841796875,0.18310546875,-0.08544921875,0.25634765625,-0.09765625,0.8544921875,0.1708984375,0.0732421875,-0.3662109375,1.30615234375,0.0732421875,-1.03759765625,0.09765625,-0.35400390625,0.03662109375,-1.025390625,-0.32958984375,-0.8056640625,0.048828125,-1.42822265625,-0.18310546875,-0.28076171875,-0.20751953125,-0.32958984375,0.01220703125,-1.18408203125,-0.244140625,-1.20849609375,-0.30517578125,-1.08642578125,-0.28076171875,-1.11083984375,-0.1953125,-0.76904296875,0.13427734375,-1.35498046875,0.048828125,-1.708984375,-0.0732421875,-1.1962890625,-0.0244140625,0.1220703125,-0.06103515625,0.35400390625,0.06103515625,-0.01220703125,-0.06103515625,0.0244140625,-0.13427734375,0.1953125,-0.10986328125,0.0244140625,-0.0244140625,0.9033203125,-0.0244140625,-0.45166015625,-0.048828125,-0.50048828125
1,-0.0732421875,-0.32958984375,-0.1220703125,-0.3662109375,-0.0244140625,-0.40283203125,0.03662109375,-0.06103515625,0.1220703125,-0.03662109375,0.01220703125,-0.87890625,-0.15869140625,1.0986328125,-0.20751953125,-0.1953125,-0.08544921875,-0.69580078125,-0.146484375,-0.18310546875,-0.3173828125,0.81787109375,-0.1953125,-0.74462890625,0.1220703125,-0.1953125,0.1953125,-0.76904296875,0.0244140625,0.9033203125,0.01220703125,0.20751953125,-0.15869140625,-0.35400390625,0.09765625,-0.89111328125,-0.244140625,-0.3662109375,0.52490234375,-0.76904296875,-0.03662109375,-0.15869140625,0.2197265625,-0.67138671875,0.0732421875,-0.40283203125,-0.2685546875,0.6103515625,-0.28076171875,1.11083984375,-0.08544921875,0.4638671875,0.08544921875,0.0244140625,-0.42724609375,0.7080078125,-0.439453125,5.40771484375,0.08544921875,6.1767578125,-0.1220703125,4.052734375,0.30517578125,5.2490234375,0.15869140625,0.28076171875,-0.244140625,1.0009765625,0.03662109375,0.1708984375,-0.3662109375,0.1708984375,-0.13427734375,0.28076171875,-0.03662109375,0.86669921875,0.15869140625,0.048828125,-0.3173828125,1.318359375,0.06103515625,-1.03759765625,0.1220703125,-0.37841796875,0.10986328125,-1.06201171875,-0.341796875,-0.79345703125,0.0244140625,-1.42822265625,-0.20751953125,-0.2685546875,-0.20751953125,-0.30517578125,0.0244140625,-1.20849609375,-0.1953125,-1.23291015625,-0.28076171875,-1.11083984375,-0.1953125,-1.11083984375,-0.1708984375,-0.76904296875,0.1708984375,-1.220703125,0.06103515625,-1.66015625,0,-1.123046875,-0.03662109375,0.20751953125,-0.048828125,0.35400390625,0.048828125,0,-0.0732421875,-0.0244140625,-0.10986328125,0.1708984375,-0.1220703125,0,-0.03662109375,0.89111328125,-0.048828125,-0.4638671875,-0.08544921875,-0.48828125
1,-0.0732421875,-0.32958984375,-0.10986328125,-0.37841796875,-0.09765625,-0.4150390625,0.03662109375,-0.06103515625,0.10986328125,-0.01220703125,0.01220703125,-0.8544921875,-0.13427734375,1.11083984375,-0.20751953125,-0.18310546875,-0.0732421875,-0.67138671875,-0.1953125,-0.1953125,-0.25634765625,0.830078125,-0.25634765625,-0.74462890625,0.1220703125,-0.1953125,0.146484375,-0.79345703125,-0.03662109375,0.91552734375,0.0732421875,0.1953125,-0.13427734375,-0.390625,-0.08544921875,-0.87890625,-0.23193359375,-0.3662109375,0.47607421875,-0.78125,0.048828125,-0.13427734375,0.10986328125,-0.68359375,0.08544921875,-0.4638671875,-0.1953125,0.62255859375,-0.2197265625,1.123046875,-0.146484375,0.4638671875,0.08544921875,-0.03662109375,-0.390625,0.68359375,-0.5126953125,4.91943359375,0.06103515625,5.5908203125,-0.13427734375,3.6865234375,0.2685546875,4.77294921875,0.10986328125,0.3173828125,-0.2685546875,1.01318359375,-0.03662109375,0.146484375,-0.32958984375,0.146484375,-0.18310546875,0.29296875,0.0244140625,0.84228515625,0.18310546875,0.03662109375,-0.1953125,1.318359375,0.09765625,-1.01318359375,0.146484375,-0.3662109375,0.09765625,-1.03759765625,-0.244140625,-0.79345703125,0.01220703125,-1.42822265625,-0.244140625,-0.25634765625,-0.1953125,-0.28076171875,0,-1.220703125,-0.20751953125,-1.2451171875,-0.23193359375,-1.11083984375,-0.1220703125,-1.08642578125,-0.13427734375,-0.7568359375,0.1708984375,-1.025390625,0.03662109375,-1.5625,0.0732421875,-1.0498046875,-0.01220703125,0.32958984375,-0.03662109375,0.3662109375,0.048828125,-0.0244140625,-0.06103515625,-0.0244140625,-0.08544921875,0.1708984375,-0.13427734375,-0.01220703125,-0.0244140625,0.86669921875,-0.03662109375,-0.50048828125,-0.09765625,-0.50048828125
1,-0.0732421875,-0.3662109375,-0.1220703125,-0.37841796875,-0.09765625,-0.4150390625,0.03662109375,-0.06103515625,0.0732421875,-0.01220703125,0,-0.86669921875,-0.13427734375,1.123046875,-0.15869140625,-0.1953125,-0.06103515625,-0.6591796875,-0.18310546875,-0.1953125,-0.13427734375,0.830078125,-0.28076171875,-0.732421875,0.1220703125,-0.20751953125,0.048828125,-0.79345703125,-0.146484375,0.91552734375,0.13427734375,0.1953125,-0.10986328125,-0.4150390625,-0.28076171875,-0.86669921875,-0.1708984375,-0.390625,0.37841796875,-0.76904296875,0.08544921875,-0.1220703125,-0.01220703125,-0.6591796875,0.146484375,-0.4638671875,-0.1953125,0.62255859375,-0.146484375,1.1474609375,-0.18310546875,0.439453125,0.09765625,-0.06103515625,-0.29296875,0.69580078125,-0.54931640625,4.3212890625,0.06103515625,4.9560546875,-0.1708984375,3.25927734375,0.15869140625,4.21142578125,0.08544921875,0.3173828125,-0.3173828125,1.025390625,-0.0732421875,0.146484375,-0.29296875,0.15869140625,-0.29296875,0.29296875,0.09765625,0.8056640625,0.15869140625,0.01220703125,-0.08544921875,1.318359375,0.13427734375,-1.01318359375,0.15869140625,-0.35400390625,0.048828125,-1.03759765625,-0.10986328125,-0.79345703125,0.03662109375,-1.4404296875,-0.244140625,-0.2197265625,-0.10986328125,-0.29296875,-0.03662109375,-1.220703125,-0.28076171875,-1.25732421875,-0.18310546875,-1.0986328125,-0.0732421875,-1.11083984375,-0.08544921875,-0.7568359375,0.1220703125,-0.78125,-0.03662109375,-1.46484375,0.0732421875,-0.9521484375,0,0.47607421875,-0.0244140625,0.35400390625,0.03662109375,-0.01220703125,-0.0732421875,-0.0244140625,-0.08544921875,0.18310546875,-0.13427734375,-0.03662109375,-0.0244140625,0.830078125,-0.01220703125,-0.50048828125,-0.13427734375,-0.50048828125
1,-0.09765625,-0.35400390625,-0.1220703125,-0.3662109375,-0.09765625,-0.4150390625,0.0244140625,-0.0732421875,0.06103515625,0,-0.01220703125,-0.87890625,-0.1220703125,1.13525390625,-0.146484375,-0.1953125,-0.048828125,-0.6591796875,-0.15869140625,-0.20751953125,-0.01220703125,0.84228515625,-0.30517578125,-0.72021484375,0.10986328125,-0.1953125,-0.01220703125,-0.81787109375,-0.23193359375,0.89111328125,0.09765625,0.20751953125,-0.048828125,-0.45166015625,-0.390625,-0.87890625,-0.10986328125,-0.4150390625,0.37841796875,-0.74462890625,0.09765625,-0.13427734375,-0.1220703125,-0.64697265625,0.1708984375,-0.50048828125,-0.1708984375,0.634765625,-0.09765625,1.15966796875,-0.146484375,0.439453125,0.0732421875,-0.09765625,-0.146484375,0.68359375,-0.59814453125,3.7353515625,0.048828125,4.30908203125,-0.1953125,2.81982421875,0.048828125,3.64990234375,0.0732421875,0.32958984375,-0.3173828125,1.025390625,-0.13427734375,0.13427734375,-0.25634765625,0.1708984375,-0.341796875,0.29296875,0.146484375,0.81787109375,0.15869140625,-0.01220703125,0.01220703125,1.33056640625,0.20751953125,-1.01318359375,0.146484375,-0.37841796875,-0.0244140625,-1.025390625,0.06103515625,-0.76904296875,0.08544921875,-1.46484375,-0.20751953125,-0.2197265625,-0.01220703125,-0.30517578125,-0.048828125,-1.1962890625,-0.3662109375,-1.25732421875,-0.08544921875,-1.0986328125,-0.048828125,-1.0986328125,-0.0732421875,-0.7568359375,0.0244140625,-0.5615234375,-0.0732421875,-1.3671875,0.048828125,-0.89111328125,-0.01220703125,0.6103515625,-0.03662109375,0.37841796875,0.048828125,0,-0.0732421875,-0.048828125,-0.048828125,0.18310546875,-0.13427734375,-0.048828125,-0.048828125,0.79345703125,0.01220703125,-0.5126953125,-0.18310546875,-0.5126953125
1,-0.09765625,-0.35400390625,-0.1220703125,-0.3662109375,-0.0732421875,-0.390625,-0.01220703125,-0.0732421875,0.03662109375,0,-0.06103515625,-0.89111328125,-0.10986328125,1.1474609375,-0.146484375,-0.20751953125,-0.06103515625,-0.64697265625,-0.15869140625,-0.23193359375,0.08544921875,0.830078125,-0.28076171875,-0.72021484375,0.10986328125,-0.18310546875,-0.048828125,-0.81787109375,-0.341796875,0.89111328125,0.06103515625,0.18310546875,-0.1220703125,-0.45166015625,-0.42724609375,-0.87890625,-0.048828125,-0.45166015625,0.32958984375,-0.74462890625,0.048828125,-0.13427734375,-0.15869140625,-0.64697265625,0.1708984375,-0.50048828125,-0.23193359375,0.6591796875,-0.0244140625,1.1474609375,-0.0732421875,0.42724609375,0.0244140625,-0.13427734375,-0.01220703125,0.69580078125,-0.62255859375,3.1494140625,0.03662109375,3.64990234375,-0.30517578125,2.4169921875,-0.06103515625,3.08837890625,0.0732421875,0.32958984375,-0.35400390625,1.025390625,-0.15869140625,0.146484375,-0.23193359375,0.15869140625,-0.35400390625,0.29296875,0.1708984375,0.78125,0.18310546875,-0.01220703125,0.09765625,1.33056640625,0.2685546875,-0.98876953125,0.1708984375,-0.37841796875,-0.06103515625,-1.0009765625,0.18310546875,-0.78125,0.13427734375,-1.47705078125,-0.146484375,-0.20751953125,0.08544921875,-0.30517578125,-0.09765625,-1.1962890625,-0.40283203125,-1.2939453125,-0.03662109375,-1.123046875,-0.06103515625,-1.11083984375,-0.0732421875,-0.72021484375,-0.01220703125,-0.40283203125,-0.0732421875,-1.28173828125,0.03662109375,-0.830078125,0.0244140625,0.7080078125,-0.06103515625,0.390625,0.03662109375,0.01220703125,-0.08544921875,-0.06103515625,-0.06103515625,0.1953125,-0.1220703125,-0.048828125,-0.06103515625,0.78125,0.0244140625,-0.50048828125,-0.1708984375,-0.537109375
1,-0.1220703125,-0.35400390625,-0.13427734375,-0.35400390625,-0.08544921875,-0.4150390625,-0.03662109375,-0.06103515625,0.01220703125,-0.0244140625,-0.0732421875,-0.89111328125,-0.08544921875,1.123046875,-0.13427734375,-0.1953125,-0.048828125,-0.64697265625,-0.13427734375,-0.23193359375,0.15869140625,0.81787109375,-0.2197265625,-0.7080078125,0.146484375,-0.1708984375,-0.10986328125,-0.8056640625,-0.3662109375,0.86669921875,-0.0244140625,0.20751953125,-0.25634765625,-0.42724609375,-0.341796875,-0.8544921875,-0.01220703125,-0.47607421875,0.28076171875,-0.7080078125,-0.048828125,-0.146484375,-0.15869140625,-0.6591796875,0.1708984375,-0.45166015625,-0.25634765625,0.6591796875,-0.0244140625,1.15966796875,0.01220703125,0.42724609375,-0.03662109375,-0.146484375,0.1220703125,0.68359375,-0.57373046875,2.63671875,0.1953125,3.02734375,-0.2685546875,2.08740234375,-0.06103515625,2.587890625,0.0244140625,0.341796875,-0.3662109375,1.03759765625,-0.1708984375,0.146484375,-0.23193359375,0.1708984375,-0.3662109375,0.2685546875,0.20751953125,0.830078125,0.20751953125,-0.0244140625,0.15869140625,1.3427734375,0.30517578125,-0.9765625,0.1953125,-0.37841796875,-0.09765625,-1.0009765625,0.29296875,-0.76904296875,0.146484375,-1.513671875,-0.048828125,-0.244140625,0.15869140625,-0.30517578125,-0.146484375,-1.171875,-0.390625,-1.30615234375,0,-1.11083984375,-0.1220703125,-1.11083984375,-0.08544921875,-0.72021484375,-0.01220703125,-0.341796875,-0.146484375,-1.220703125,-0.01220703125,-0.84228515625,0.01220703125,0.732421875,-0.0732421875,0.3662109375,0.06103515625,0.0244140625,-0.0732421875,-0.08544921875,-0.06103515625,0.20751953125,-0.13427734375,-0.06103515625,-0.0732421875,0.7568359375,-0.0244140625,-0.50048828125,-0.1708984375,-0.54931640625
1,-0.1220703125,-0.341796875,-0.13427734375,-0.341796875,-0.09765625,-0.40283203125,-0.03662109375,-0.06103515625,0,-0.03662109375,-0.10986328125,-0.89111328125,-0.08544921875,1.08642578125,-0.08544921875,-0.18310546875,-0.03662109375,-0.64697265625,-0.09765625,-0.2197265625,0.1953125,0.8056640625,-0.13427734375,-0.7080078125,0.1220703125,-0.146484375,-0.13427734375,-0.8056640625,-0.35400390625,0.8544921875,-0.13427734375,0.20751953125,-0.37841796875,-0.390625,-0.29296875,-0.84228515625,0,-0.48828125,0.32958984375,-0.7080078125,-0.1708984375,-0.1708984375,-0.13427734375,-0.67138671875,0.10986328125,-0.390625,-0.30517578125,0.68359375,-0.048828125,1.1474609375,0.10986328125,0.42724609375,-0.01220703125,-0.15869140625,0.2197265625,0.7080078125,-0.54931640625,2.23388671875,0.28076171875,2.50244140625,-0.2685546875,1.81884765625,-0.06103515625,2.18505859375,-0.048828125,0.32958984375,-0.3662109375,1.03759765625,-0.1708984375,0.1708984375,-0.244140625,0.1953125,-0.341796875,0.25634765625,0.25634765625,0.830078125,0.20751953125,-0.01220703125,0.18310546875,1.35498046875,0.3173828125,-0.9521484375,0.1953125,-0.37841796875,-0.09765625,-0.9765625,0.3173828125,-0.76904296875,0.15869140625,-1.5380859375,0.048828125,-0.23193359375,0.1708984375,-0.29296875,-0.10986328125,-1.15966796875,-0.341796875,-1.30615234375,-0.01220703125,-1.11083984375,-0.1953125,-1.123046875,-0.09765625,-0.7080078125,-0.10986328125,-0.37841796875,-0.29296875,-1.18408203125,-0.03662109375,-0.84228515625,-0.048828125,0.732421875,-0.08544921875,0.3662109375,0.08544921875,0.01220703125,-0.0732421875,-0.0732421875,-0.048828125,0.1953125,-0.146484375,-0.06103515625,-0.0732421875,0.74462890625,-0.03662109375,-0.48828125,-0.15869140625,-0.5615234375
0,-0.1220703125,-0.341796875,-0.15869140625,-0.341796875,-0.13427734375,-0.40283203125,-0.03662109375,-0.048828125,-0.03662109375,-0.048828125,-0.13427734375,-0.89111328125,-0.09765625,1.07421875,-0.06103515625,-0.15869140625,0,-0.64697265625,-0.03662109375,-0.244140625,0.20751953125,0.79345703125,-0.0244140625,-0.7080078125,0.10986328125,-0.13427734375,-0.15869140625,-0.81787109375,-0.3173828125,0.86669921875,-0.1953125,0.20751953125,-0.48828125,-0.341796875,-0.1953125,-0.8544921875,-0.048828125,-0.50048828125,0.341796875,-0.7080078125,-0.29296875,-0.20751953125,-0.0732421875,-0.67138671875,0.048828125,-0.32958984375,-0.35400390625,0.69580078125,-0.09765625,1.123046875,0.23193359375,0.45166015625,-0.03662109375,-0.15869140625,0.29296875,0.72021484375,-0.50048828125,1.94091796875,0.341796875,2.0263671875,-0.244140625,1.59912109375,0.01220703125,1.89208984375,-0.08544921875,0.3173828125,-0.341796875,1.0498046875,-0.146484375,0.18310546875,-0.2685546875,0.18310546875,-0.30517578125,0.23193359375,0.28076171875,0.8544921875,0.1953125,-0.0244140625,0.13427734375,1.33056640625,0.30517578125,-0.9521484375,0.1708984375,-0.40283203125,-0.08544921875,-0.98876953125,0.2685546875,-0.78125,0.18310546875,-1.55029296875,0.09765625,-0.23193359375,0.15869140625,-0.30517578125,-0.048828125,-1.15966796875,-0.25634765625,-1.2939453125,-0.048828125,-1.0986328125,-0.244140625,-1.11083984375,-0.08544921875,-0.72021484375,-0.048828125,-0.439453125,-0.2685546875,-1.20849609375,0,-0.86669921875,0.048828125,0.68359375,-0.08544921875,0.35400390625,0.0732421875,0.0244140625,-0.08544921875,-0.09765625,-0.03662109375,0.18310546875,-0.13427734375,-0.01220703125,-0.03662109375,0.7568359375,-0.03662109375,-0.48828125,-0.15869140625,-0.5615234375
0,-0.13427734375,-0.32958984375,-0.15869140625,-0.32958984375,-0.15869140625,-0.390625,-0.06103515625,-0.06103515625,-0.01220703125,-0.03662109375,-0.15869140625,-0.89111328125,-0.09765625,1.06201171875,-0.03662109375,-0.18310546875,0.048828125,-0.67138671875,0.048828125,-0.23193359375,0.1953125,0.76904296875,0.09765625,-0.72021484375,0.0732421875,-0.1220703125,-0.1708984375,-0.8056640625,-0.25634765625,0.86669921875,-0.244140625,0.20751953125,-0.537109375,-0.28076171875,-0.09765625,-0.84228515625,-0.10986328125,-0.5126953125,0.341796875,-0.72021484375,-0.3662109375,-0.20751953125,-0.01220703125,-0.68359375,0.01220703125,-0.29296875,-0.4150390625,0.68359375,-0.1953125,1.13525390625,0.3662109375,0.47607421875,-0.0244140625,-0.146484375,0.341796875,0.732421875,-0.439453125,1.7822265625,0.37841796875,1.67236328125,-0.146484375,1.42822265625,0.0732421875,1.69677734375,-0.09765625,0.29296875,-0.25634765625,1.025390625,-0.09765625,0.1708984375,-0.28076171875,0.1708984375,-0.28076171875,0.23193359375,0.2685546875,0.89111328125,0.1953125,0,0.09765625,1.33056640625,0.25634765625,-0.9765625,0.18310546875,-0.4150390625,-0.03662109375,-1.025390625,0.146484375,-0.79345703125,0.1953125,-1.5625,0.146484375,-0.25634765625,0.146484375,-0.28076171875,0.03662109375,-1.15966796875,-0.1708984375,-1.2939453125,-0.06103515625,-1.08642578125,-0.25634765625,-1.11083984375,-0.09765625,-0.72021484375,0.03662109375,-0.54931640625,-0.28076171875,-1.2451171875,0.01220703125,-0.91552734375,0.06103515625,0.634765625,-0.08544921875,0.35400390625,0.0732421875,0.0244140625,-0.0732421875,-0.08544921875,-0.03662109375,0.18310546875,-0.13427734375,0,-0.048828125,0.78125,-0.08544921875,-0.47607421875,-0.15869140625,-0.5615234375
0,-0.146484375,-0.32958984375,-0.1953125,-0.35400390625,-0.10986328125,-0.40283203125,-0.08544921875,-0.06103515625,-0.0244140625,-0.06103515625,-0.1953125,-0.9033203125,-0.09765625,1.06201171875,0,-0.18310546875,0.01220703125,-0.68359375,0.13427734375,-0.23193359375,0.18310546875,0.78125,0.1708984375,-0.72021484375,0,-0.08544921875,-0.146484375,-0.79345703125,-0.1953125,0.87890625,-0.244140625,0.244140625,-0.4638671875,-0.2197265625,0,-0.86669921875,-0.146484375,-0.48828125,0.3173828125,-0.732421875,-0.3662109375,-0.20751953125,0,-0.7080078125,-0.048828125,-0.25634765625,-0.42724609375,0.67138671875,-0.25634765625,1.13525390625,0.40283203125,0.48828125,-0.03662109375,-0.1220703125,0.35400390625,0.732421875,-0.42724609375,1.6845703125,0.40283203125,1.3916015625,-0.10986328125,1.3671875,0.13427734375,1.5625,-0.09765625,0.29296875,-0.20751953125,1.025390625,-0.08544921875,0.1708984375,-0.29296875,0.18310546875,-0.2685546875,0.2197265625,0.29296875,0.93994140625,0.1220703125,0,0.06103515625,1.33056640625,0.20751953125,-1.0009765625,0.18310546875,-0.40283203125,0.01220703125,-1.025390625,-0.0244140625,-0.8056640625,0.2685546875,-1.55029296875,0.146484375,-0.2685546875,0.09765625,-0.28076171875,0.08544921875,-1.13525390625,-0.146484375,-1.28173828125,-0.0732421875,-1.0986328125,-0.25634765625,-1.123046875,-0.1220703125,-0.72021484375,-0.048828125,-0.64697265625,-0.32958984375,-1.23291015625,0,-0.9033203125,0,0.62255859375,-0.048828125,0.35400390625,0.048828125,0.0244140625,-0.0732421875,-0.08544921875,-0.048828125,0.18310546875,-0.13427734375,0,-0.048828125,0.76904296875,-0.0732421875,-0.48828125,-0.146484375,-0.54931640625
0,-0.15869140625,-0.341796875,-0.1953125,-0.341796875,-0.09765625,-0.390625,-0.10986328125,-0.08544921875,-0.0732421875,-0.06103515625,-0.1953125,-0.87890625,-0.1220703125,1.07421875,0.0244140625,-0.20751953125,-0.048828125,-0.68359375,0.15869140625,-0.23193359375,0.1708984375,0.7568359375,0.23193359375,-0.72021484375,0,-0.048828125,-0.0732421875,-0.79345703125,-0.1220703125,0.87890625,-0.1953125,0.2197265625,-0.3173828125,-0.1953125,0.06103515625,-0.87890625,-0.15869140625,-0.439453125,0.25634765625,-0.7568359375,-0.35400390625,-0.23193359375,0.06103515625,-0.72021484375,-0.09765625,-0.25634765625,-0.40283203125,0.6591796875,-0.28076171875,1.13525390625,0.37841796875,0.48828125,-0.0244140625,-0.13427734375,0.28076171875,0.732421875,-0.35400390625,1.66015625,0.3662109375,1.25732421875,-0.048828125,1.33056640625,0.1953125,1.5380859375,-0.08544921875,0.29296875,-0.1220703125,1.03759765625,-0.06103515625,0.15869140625,-0.29296875,0.18310546875,-0.28076171875,0.2197265625,0.29296875,0.9033203125,0.06103515625,0,0,1.30615234375,0.146484375,-1.0009765625,0.1708984375,-0.40283203125,0.01220703125,-1.0498046875,-0.146484375,-0.8056640625,0.28076171875,-1.52587890625,0.13427734375,-0.30517578125,0.0732421875,-0.29296875,0.13427734375,-1.15966796875,-0.1708984375,-1.26953125,-0.048828125,-1.0986328125,-0.1953125,-1.07421875,-0.15869140625,-0.732421875,0,-0.6591796875,-0.23193359375,-1.18408203125,0.048828125,-0.87890625,0.0244140625,0.634765625,-0.0244140625,0.341796875,0.06103515625,0.01220703125,-0.08544921875,-0.0732421875,-0.01220703125,0.1708984375,-0.10986328125,0,-0.03662109375,0.8056640625,-0.10986328125,-0.50048828125,-0.15869140625,-0.54931640625
0,-0.1708984375,-0.32958984375,-0.1953125,-0.341796875,-0.0732421875,-0.390625,-0.146484375,-0.06103515625,-0.1220703125,-0.048828125,-0.23193359375,-0.89111328125,-0.15869140625,1.08642578125,0.048828125,-0.20751953125,-0.1220703125,-0.68359375,0.15869140625,-0.23193359375,0.13427734375,0.7568359375,0.244140625,-0.72021484375,0.01220703125,0,-0.01220703125,-0.79345703125,-0.048828125,0.87890625,-0.10986328125,0.20751953125,-0.15869140625,-0.2197265625,0.09765625,-0.87890625,-0.1708984375,-0.4150390625,0.1708984375,-0.74462890625,-0.2685546875,-0.23193359375,0.048828125,-0.69580078125,-0.09765625,-0.28076171875,-0.4150390625,0.64697265625,-0.25634765625,1.13525390625,0.3173828125,0.47607421875,-0.03662109375,-0.1220703125,0.2197265625,0.72021484375,-0.37841796875,1.7333984375,0.35400390625,1.2451171875,-0.03662109375,1.3427734375,0.1708984375,1.55029296875,-0.06103515625,0.29296875,-0.0244140625,1.0498046875,-0.048828125,0.1708984375,-0.28076171875,0.18310546875,-0.28076171875,0.244140625,0.28076171875,0.927734375,0.01220703125,0.01220703125,-0.03662109375,1.33056640625,0.09765625,-1.03759765625,0.1708984375,-0.4150390625,-0.01220703125,-1.03759765625,-0.20751953125,-0.830078125,0.30517578125,-1.4892578125,0.08544921875,-0.3173828125,0.03662109375,-0.30517578125,0.20751953125,-1.15966796875,-0.244140625,-1.25732421875,-0.06103515625,-1.08642578125,-0.13427734375,-1.08642578125,-0.23193359375,-0.74462890625,-0.10986328125,-0.6103515625,-0.20751953125,-1.11083984375,0.01220703125,-0.78125,-0.048828125,0.7080078125,-0.0244140625,0.3662109375,0.048828125,0.01220703125,-0.06103515625,-0.048828125,0,0.18310546875,-0.10986328125,-0.01220703125,-0.01220703125,0.81787109375,-0.1220703125,-0.5126953125,-0.1708984375,-0.5615234375
0,-0.1708984375,-0.341796875,-0.1953125,-0.35400390625,-0.08544921875,-0.390625,-0.10986328125,-0.048828125,-0.146484375,-0.0244140625,-0.2197265625,-0.86669921875,-0.1708984375,1.08642578125,0.08544921875,-0.1953125,-0.1708984375,-0.6591796875,0.09765625,-0.2197265625,0.146484375,0.76904296875,0.1708984375,-0.732421875,0.06103515625,0.01220703125,0.0244140625,-0.78125,-0.01220703125,0.87890625,-0.0244140625,0.1953125,0.06103515625,-0.28076171875,0.0732421875,-0.89111328125,-0.18310546875,-0.37841796875,0.1708984375,-0.78125,-0.09765625,-0.20751953125,0.06103515625,-0.69580078125,-0.06103515625,-0.37841796875,-0.40283203125,0.64697265625,-0.1953125,1.171875,0.2197265625,0.47607421875,-0.0732421875,-0.1220703125,0.1708984375,0.732421875,-0.3173828125,1.84326171875,0.47607421875,1.416015625,0.03662109375,1.416015625,0.25634765625,1.67236328125,-0.01220703125,0.29296875,0.048828125,1.0498046875,-0.048828125,0.18310546875,-0.23193359375,0.18310546875,-0.23193359375,0.25634765625,0.2685546875,0.89111328125,-0.08544921875,0.0244140625,-0.03662109375,1.33056640625,0.048828125,-1.03759765625,0.15869140625,-0.390625,-0.09765625,-1.0498046875,-0.2197265625,-0.830078125,0.28076171875,-1.47705078125,0.03662109375,-0.30517578125,-0.01220703125,-0.28076171875,0.18310546875,-1.171875,-0.341796875,-1.25732421875,-0.048828125,-1.11083984375,-0.03662109375,-1.07421875,-0.28076171875,-0.732421875,-0.15869140625,-0.4638671875,-0.1220703125,-1.025390625,0.0244140625,-0.68359375,-0.048828125,0.8544921875,0.0244140625,0.341796875,0.048828125,0,-0.0732421875,-0.048828125,0.0244140625,0.18310546875,-0.08544921875,-0.03662109375,0.01220703125,0.79345703125,-0.13427734375,-0.5126953125,-0.1953125,-0.5615234375
0,-0.1953125,-0.35400390625,-0.1953125,-0.32958984375,-0.1220703125,-0.390625,-0.1220703125,-0.06103515625,-0.146484375,0,-0.244140625,-0.8544921875,-0.18310546875,1.11083984375,0.0732421875,-0.20751953125,-0.1708984375,-0.67138671875,0.06103515625,-0.1953125,0.15869140625,0.76904296875,0.048828125,-0.72021484375,0.1220703125,0.03662109375,-0.01220703125,-0.7568359375,0,0.87890625,0.09765625,0.1708984375,0.25634765625,-0.3173828125,0.06103515625,-0.89111328125,-0.20751953125,-0.3662109375,0.10986328125,-0.76904296875,0.0244140625,-0.1953125,0.03662109375,-0.69580078125,-0.01220703125,-0.42724609375,-0.3173828125,0.64697265625,-0.13427734375,1.1962890625,0.18310546875,0.4638671875,-0.15869140625,-0.10986328125,0.09765625,0.732421875,-0.35400390625,2.0751953125,0.5615234375,1.7333984375,0.10986328125,1.5869140625,0.28076171875,1.953125,0.03662109375,0.30517578125,0.15869140625,1.03759765625,-0.03662109375,0.18310546875,-0.18310546875,0.1708984375,-0.15869140625,0.244140625,0.2197265625,0.86669921875,-0.13427734375,0.03662109375,-0.0244140625,1.318359375,0.0244140625,-1.03759765625,0.15869140625,-0.37841796875,-0.1953125,-1.025390625,-0.1708984375,-0.830078125,0.244140625,-1.4404296875,-0.0244140625,-0.32958984375,-0.03662109375,-0.30517578125,0.1220703125,-1.20849609375,-0.37841796875,-1.25732421875,-0.0732421875,-1.123046875,0,-1.07421875,-0.32958984375,-0.732421875,-0.10986328125,-0.2685546875,0.048828125,-0.86669921875,0.09765625,-0.50048828125,0,1.03759765625,0.03662109375,0.3662109375,0.0244140625,0,-0.0732421875,-0.01220703125,0.0244140625,0.18310546875,-0.09765625,-0.08544921875,0,0.81787109375,-0.146484375,-0.52490234375,-0.1953125,-0.537109375
0,-0.20751953125,-0.35400390625,-0.20751953125,-0.35400390625,-0.13427734375,-0.390625,-0.09765625,-0.03662109375,-0.18310546875,0.01220703125,-0.2685546875,-0.8544921875,-0.2197265625,1.11083984375,0.048828125,-0.1953125,-0.1708984375,-0.6591796875,0.03662109375,-0.20751953125,0.15869140625,0.76904296875,-0.10986328125,-0.72021484375,0.1708984375,0.0732421875,-0.03662109375,-0.79345703125,-0.01220703125,0.8544921875,0.2197265625,0.18310546875,0.32958984375,-0.35400390625,0.06103515625,-0.9033203125,-0.23193359375,-0.3662109375,0.09765625,-0.76904296875,0.1708984375,-0.18310546875,0.0244140625,-0.67138671875,0.048828125,-0.42724609375,-0.29296875,0.62255859375,-0.0732421875,1.1962890625,0.1220703125,0.439453125,-0.146484375,-0.1220703125,0.048828125,0.72021484375,-0.3662109375,2.4169921875,0.6103515625,2.294921875,0.1708984375,1.84326171875,0.32958984375,2.30712890625,0.048828125,0.32958984375,0.2685546875,1.03759765625,-0.01220703125,0.1953125,-0.09765625,0.1708984375,-0.06103515625,0.25634765625,0.1953125,0.84228515625,-0.18310546875,0.06103515625,0.01220703125,1.33056640625,0.01220703125,-1.03759765625,0.146484375,-0.3662109375,-0.25634765625,-1.01318359375,-0.09765625,-0.830078125,0.20751953125,-1.416015625,-0.0732421875,-0.32958984375,-0.06103515625,-0.32958984375,0.0244140625,-1.23291015625,-0.3662109375,-1.28173828125,-0.10986328125,-1.11083984375,0.03662109375,-1.07421875,-0.3173828125,-0.72021484375,-0.15869140625,0.01220703125,0.03662109375,-0.64697265625,0.06103515625,-0.32958984375,0,1.2451171875,0.048828125,0.35400390625,0.0244140625,0,-0.06103515625,0,0.06103515625,0.18310546875,-0.09765625,-0.0732421875,0.01220703125,0.830078125,-0.146484375,-0.5126953125,-0.18310546875,-0.52490234375
0,-0.2197265625,-0.3662109375,-0.1953125,-0.341796875,-0.13427734375,-0.40283203125,-0.1220703125,-0.048828125,-0.1953125,0.01220703125,-0.28076171875,-0.86669921875,-0.20751953125,1.123046875,0.048828125,-0.1953125,-0.1708984375,-0.64697265625,-0.03662109375,-0.2197265625,0.15869140625,0.78125,-0.244140625,-0.72021484375,0.1953125,0.10986328125,-0.0732421875,-0.79345703125,0.01220703125,0.86669921875,0.29296875,0.18310546875,0.2685546875,-0.4150390625,0.10986328125,-0.9033203125,-0.3173828125,-0.40283203125,0,-0.79345703125,0.28076171875,-0.1953125,0.03662109375,-0.68359375,0.08544921875,-0.4638671875,-0.25634765625,0.62255859375,-0.0244140625,1.18408203125,0.048828125,0.439453125,-0.1708984375,-0.09765625,-0.048828125,0.69580078125,-0.45166015625,2.9052734375,0.5859375,3.06396484375,0.18310546875,2.24609375,0.341796875,2.84423828125,0.0244140625,0.32958984375,0.3173828125,1.01318359375,-0.0244140625,0.1953125,-0.03662109375,0.18310546875,0.03662109375,0.25634765625,0.146484375,0.8056640625,-0.20751953125,0.06103515625,0.06103515625,1.318359375,-0.0244140625,-1.025390625,0.15869140625,-0.3662109375,-0.2685546875,-1.01318359375,-0.01220703125,-0.830078125,0.1708984375,-1.42822265625,-0.08544921875,-0.3173828125,-0.08544921875,-0.3662109375,-0.08544921875,-1.2451171875,-0.32958984375,-1.28173828125,-0.146484375,-1.13525390625,0.0732421875,-1.0986328125,-0.30517578125,-0.7080078125,-0.146484375,0.28076171875,0.06103515625,-0.47607421875,0.03662109375,-0.18310546875,0.0244140625,1.45263671875,0.06103515625,0.35400390625,0.03662109375,0.03662109375,-0.0732421875,0.01220703125,0.03662109375,0.18310546875,-0.09765625,-0.09765625,0.01220703125,0.8544921875,-0.10986328125,-0.48828125,-0.1708984375,-0.52490234375
0,-0.2197265625,-0.341796875,-0.1953125,-0.35400390625,-0.1220703125,-0.40283203125,-0.10986328125,-0.03662109375,-0.2197265625,0.0244140625,-0.2685546875,-0.86669921875,-0.23193359375,1.0986328125,0.03662109375,-0.18310546875,-0.18310546875,-0.67138671875,-0.10986328125,-0.20751953125,0.09765625,0.79345703125,-0.3173828125,-0.732421875,0.23193359375,0.10986328125,-0.09765625,-0.79345703125,0.01220703125,0.8544921875,0.32958984375,0.1953125,0.0732421875,-0.45166015625,0.13427734375,-0.89111328125,-0.3662109375,-0.45166015625,-0.08544921875,-0.76904296875,0.341796875,-0.2197265625,0.06103515625,-0.68359375,0.1220703125,-0.4638671875,-0.23193359375,0.6103515625,0,1.171875,0,0.42724609375,-0.20751953125,-0.06103515625,-0.15869140625,0.72021484375,-0.47607421875,3.55224609375,0.50048828125,4.04052734375,0.20751953125,2.77099609375,0.3173828125,3.564453125,0.03662109375,0.341796875,0.3662109375,1.0009765625,-0.01220703125,0.2197265625,-0.01220703125,0.18310546875,0.09765625,0.25634765625,0.048828125,0.81787109375,-0.20751953125,0.048828125,0.1220703125,1.318359375,-0.0244140625,-1.01318359375,0.1708984375,-0.37841796875,-0.2685546875,-1.01318359375,0.048828125,-0.830078125,0.0732421875,-1.46484375,-0.0732421875,-0.29296875,-0.1220703125,-0.35400390625,-0.10986328125,-1.26953125,-0.3173828125,-1.28173828125,-0.15869140625,-1.1474609375,0.03662109375,-1.11083984375,-0.2685546875,-0.69580078125,-0.048828125,0.50048828125,0.0244140625,-0.2685546875,-0.01220703125,-0.048828125,0.0732421875,1.62353515625,0.06103515625,0.35400390625,0.0244140625,0.03662109375,-0.06103515625,0.0244140625,0.0732421875,0.20751953125,-0.1220703125,-0.09765625,0.0244140625,0.86669921875,-0.13427734375,-0.4638671875,-0.146484375,-0.52490234375
0,-0.20751953125,-0.341796875,-0.18310546875,-0.35400390625,-0.10986328125,-0.40283203125,-0.09765625,-0.03662109375,-0.244140625,0.01220703125,-0.28076171875,-0.86669921875,-0.25634765625,1.0986328125,0.0244140625,-0.18310546875,-0.1953125,-0.634765625,-0.1708984375,-0.23193359375,0,0.78125,-0.341796875,-0.732421875,0.25634765625,0.09765625,-0.09765625,-0.81787109375,0,0.8544921875,0.25634765625,0.2197265625,-0.15869140625,-0.45166015625,0.146484375,-0.89111328125,-0.439453125,-0.48828125,-0.06103515625,-0.7568359375,0.3173828125,-0.20751953125,0.10986328125,-0.68359375,0.1953125,-0.45166015625,-0.20751953125,0.6591796875,0.01220703125,1.15966796875,-0.03662109375,0.40283203125,-0.30517578125,-0.0244140625,-0.2197265625,0.732421875,-0.50048828125,4.3212890625,0.42724609375,5.16357421875,0.25634765625,3.38134765625,0.29296875,4.40673828125,0.0732421875,0.341796875,0.3662109375,1.01318359375,0,0.23193359375,0.0244140625,0.20751953125,0.18310546875,0.244140625,-0.03662109375,0.81787109375,-0.18310546875,0.03662109375,0.15869140625,1.318359375,0,-1.01318359375,0.1953125,-0.37841796875,-0.18310546875,-1.0009765625,0.0244140625,-0.830078125,-0.0244140625,-1.4892578125,-0.0244140625,-0.3173828125,-0.18310546875,-0.37841796875,-0.09765625,-1.26953125,-0.28076171875,-1.2939453125,-0.15869140625,-1.13525390625,-0.0244140625,-1.123046875,-0.20751953125,-0.69580078125,0,0.67138671875,-0.01220703125,-0.1708984375,-0.06103515625,0.03662109375,0.08544921875,1.74560546875,0.0732421875,0.37841796875,0.048828125,0.048828125,-0.0732421875,0.0244140625,0.0732421875,0.18310546875,-0.10986328125,-0.0732421875,0.01220703125,0.8544921875,-0.146484375,-0.45166015625,-0.13427734375,-0.5126953125
0,-0.2197265625,-0.32958984375,-0.15869140625,-0.35400390625,-0.08544921875,-0.390625,-0.08544921875,-0.0732421875,-0.2685546875,0.01220703125,-0.3173828125,-0.86669921875,-0.28076171875,1.11083984375,0.048828125,-0.1953125,-0.1953125,-0.634765625,-0.2197265625,-0.23193359375,-0.06103515625,0.76904296875,-0.30517578125,-0.7080078125,0.244140625,0.0732421875,-0.1220703125,-0.8056640625,-0.0244140625,0.86669921875,0.146484375,0.2197265625,-0.3173828125,-0.40283203125,0.08544921875,-0.86669921875,-0.47607421875,-0.47607421875,-0.13427734375,-0.74462890625,0.1953125,-0.20751953125,0.146484375,-0.67138671875,0.25634765625,-0.40283203125,-0.1708984375,0.6591796875,-0.0244140625,1.123046875,-0.048828125,0.42724609375,-0.28076171875,0.06103515625,-0.35400390625,0.7080078125,-0.47607421875,5.23681640625,0.47607421875,6.3720703125,0.30517578125,4.0771484375,0.3173828125,5.322265625,0.09765625,0.341796875,0.35400390625,1.025390625,0.0244140625,0.23193359375,0.01220703125,0.1953125,0.2197265625,0.244140625,-0.1220703125,0.84228515625,-0.1708984375,0.048828125,0.20751953125,1.318359375,0,-0.98876953125,0.244140625,-0.37841796875,-0.048828125,-1.0009765625,-0.01220703125,-0.81787109375,-0.10986328125,-1.513671875,0.01220703125,-0.29296875,-0.23193359375,-0.3662109375,-0.0732421875,-1.23291015625,-0.2685546875,-1.28173828125,-0.1708984375,-1.13525390625,-0.0732421875,-1.11083984375,-0.13427734375,-0.69580078125,0.0732421875,0.68359375,-0.08544921875,-0.1220703125,-0.10986328125,0.0732421875,0.10986328125,1.7822265625,0.06103515625,0.37841796875,0.08544921875,0.06103515625,-0.0732421875,0.0244140625,0.08544921875,0.1953125,-0.146484375,-0.0732421875,0.0244140625,0.87890625,-0.15869140625,-0.42724609375,-0.13427734375,-0.5126953125
0,-0.23193359375,-0.30517578125,-0.15869140625,-0.3662109375,-0.048828125,-0.40283203125,-0.09765625,-0.0732421875,-0.29296875,0,-0.32958984375,-0.87890625,-0.28076171875,1.123046875,0.048828125,-0.1953125,-0.1953125,-0.62255859375,-0.23193359375,-0.23193359375,-0.10986328125,0.8056640625,-0.2197265625,-0.732421875,0.1708984375,0.06103515625,-0.1220703125,-0.78125,-0.03662109375,0.89111328125,0,0.2197265625,-0.5126953125,-0.35400390625,0,-0.86669921875,-0.48828125,-0.48828125,-0.13427734375,-0.732421875,0.0244140625,-0.20751953125,0.13427734375,-0.67138671875,0.2685546875,-0.341796875,-0.146484375,0.68359375,-0.0732421875,1.11083984375,-0.048828125,0.439453125,-0.341796875,0.13427734375,-0.47607421875,0.74462890625,-0.439453125,6.1767578125,0.4150390625,7.58056640625,0.341796875,4.77294921875,0.30517578125,6.2744140625,0.13427734375,0.32958984375,0.341796875,1.025390625,0.03662109375,0.244140625,0.01220703125,0.20751953125,0.23193359375,0.244140625,-0.1953125,0.830078125,-0.13427734375,0.03662109375,0.23193359375,1.318359375,0.0244140625,-0.98876953125,0.28076171875,-0.37841796875,0.0732421875,-1.01318359375,-0.03662109375,-0.8056640625,-0.1708984375,-1.5380859375,0.03662109375,-0.28076171875,-0.28076171875,-0.35400390625,-0.0244140625,-1.23291015625,-0.25634765625,-1.2939453125,-0.1708984375,-1.11083984375,-0.15869140625,-1.11083984375,-0.0732421875,-0.69580078125,0.09765625,0.62255859375,-0.146484375,-0.13427734375,-0.10986328125,0.01220703125,0.146484375,1.7822265625,0.0732421875,0.40283203125,0.09765625,0.08544921875,-0.06103515625,0.0244140625,0.0732421875,0.1953125,-0.1708984375,-0.048828125,0.03662109375,0.87890625,-0.18310546875,-0.42724609375,-0.13427734375,-0.50048828125
0,-0.244140625,-0.3173828125,-0.1708984375,-0.341796875,-0.048828125,-0.4150390625,-0.08544921875,-0.0732421875,-0.28076171875,-0.0244140625,-0.341796875,-0.87890625,-0.25634765625,1.11083984375,0.0732421875,-0.1953125,-0.15869140625,-0.634765625,-0.1953125,-0.25634765625,-0.13427734375,0.79345703125,-0.10986328125,-0.72021484375,0.048828125,-0.01220703125,-0.1708984375,-0.8056640625,-0.09765625,0.89111328125,-0.146484375,0.1953125,-0.57373046875,-0.30517578125,-0.18310546875,-0.86669921875,-0.4638671875,-0.47607421875,-0.08544921875,-0.7080078125,-0.1708984375,-0.1953125,0.1220703125,-0.6591796875,0.244140625,-0.3173828125,-0.18310546875,0.68359375,-0.1220703125,1.08642578125,-0.01220703125,0.45166015625,-0.3173828125,0.2197265625,-0.57373046875,0.732421875,-0.341796875,7.06787109375,0.30517578125,8.67919921875,0.45166015625,5.38330078125,0.23193359375,7.12890625,0.18310546875,0.341796875,0.30517578125,1.025390625,0.03662109375,0.23193359375,-0.01220703125,0.18310546875,0.20751953125,0.25634765625,-0.244140625,0.8544921875,-0.06103515625,0.03662109375,0.23193359375,1.318359375,0.048828125,-0.98876953125,0.28076171875,-0.390625,0.15869140625,-1.025390625,-0.06103515625,-0.8056640625,-0.15869140625,-1.55029296875,-0.01220703125,-0.25634765625,-0.3173828125,-0.341796875,0,-1.1962890625,-0.23193359375,-1.2939453125,-0.1708984375,-1.11083984375,-0.23193359375,-1.123046875,0.01220703125,-0.7080078125,0.048828125,0.47607421875,-0.15869140625,-0.20751953125,-0.13427734375,-0.0732421875,0.1708984375,1.69677734375,0.048828125,0.37841796875,0.13427734375,0.06103515625,-0.0732421875,0.0244140625,0.09765625,0.1953125,-0.1708984375,-0.03662109375,0.01220703125,0.89111328125,-0.1708984375,-0.42724609375,-0.10986328125,-0.5126953125
1,-0.244140625,-0.3173828125,-0.15869140625,-0.32958984375,-0.048828125,-0.4150390625,-0.09765625,-0.06103515625,-0.29296875,0,-0.35400390625,-0.87890625,-0.2197265625,1.11083984375,0.0732421875,-0.1953125,-0.15869140625,-0.64697265625,-0.1220703125,-0.25634765625,-0.09765625,0.76904296875,0,-0.72021484375,-0.08544921875,-0.0244140625,-0.2197265625,-0.8056640625,-0.1953125,0.87890625,-0.28076171875,0.20751953125,-0.45166015625,-0.244140625,-0.3662109375,-0.84228515625,-0.40283203125,-0.4638671875,-0.06103515625,-0.7080078125,-0.3173828125,-0.20751953125,0.03662109375,-0.67138671875,0.244140625,-0.28076171875,-0.23193359375,0.7080078125,-0.18310546875,1.11083984375,-0.03662109375,0.4638671875,-0.29296875,0.2685546875,-0.67138671875,0.7568359375,-0.28076171875,7.82470703125,0.23193359375,9.521484375,0.4638671875,5.87158203125,0.18310546875,7.82470703125,0.23193359375,0.341796875,0.23193359375,1.0498046875,0.048828125,0.23193359375,-0.03662109375,0.18310546875,0.18310546875,0.25634765625,-0.28076171875,0.86669921875,-0.0244140625,0.03662109375,0.18310546875,1.318359375,0.0732421875,-1.01318359375,0.2685546875,-0.37841796875,0.1953125,-1.03759765625,-0.08544921875,-0.81787109375,-0.08544921875,-1.5625,0.01220703125,-0.23193359375,-0.23193359375,-0.32958984375,0.048828125,-1.18408203125,-0.15869140625,-1.28173828125,-0.13427734375,-1.0986328125,-0.25634765625,-1.123046875,0.01220703125,-0.72021484375,-0.01220703125,0.244140625,-0.13427734375,-0.341796875,-0.146484375,-0.18310546875,0.1708984375,1.57470703125,0.048828125,0.37841796875,0.146484375,0.06103515625,-0.06103515625,0.0244140625,0.09765625,0.18310546875,-0.1708984375,-0.03662109375,0,0.84228515625,-0.13427734375,-0.439453125,-0.09765625,-0.52490234375
1,-0.25634765625,-0.30517578125,-0.13427734375,-0.32958984375,0,-0.40283203125,-0.0732421875,-0.048828125,-0.341796875,0,-0.42724609375,-0.87890625,-0.20751953125,1.0986328125,0.06103515625,-0.18310546875,-0.15869140625,-0.634765625,-0.01220703125,-0.244140625,0.01220703125,0.76904296875,0.08544921875,-0.69580078125,-0.1953125,-0.048828125,-0.23193359375,-0.8056640625,-0.3173828125,0.91552734375,-0.30517578125,0.1953125,-0.28076171875,-0.20751953125,-0.52490234375,-0.8544921875,-0.3173828125,-0.42724609375,-0.048828125,-0.72021484375,-0.37841796875,-0.20751953125,-0.048828125,-0.7080078125,0.1953125,-0.2685546875,-0.341796875,0.7080078125,-0.20751953125,1.11083984375,-0.01220703125,0.47607421875,-0.32958984375,0.30517578125,-0.67138671875,0.74462890625,-0.20751953125,8.26416015625,0.18310546875,10.0341796875,0.42724609375,6.16455078125,0.10986328125,8.21533203125,0.2197265625,0.35400390625,0.15869140625,1.03759765625,0.06103515625,0.20751953125,-0.09765625,0.1953125,0.146484375,0.2685546875,-0.30517578125,0.86669921875,0.048828125,0.0244140625,0.09765625,1.30615234375,0.10986328125,-1.0009765625,0.25634765625,-0.390625,0.1708984375,-1.01318359375,-0.0732421875,-0.79345703125,0.0244140625,-1.5625,0.0244140625,-0.2197265625,-0.18310546875,-0.3173828125,0.048828125,-1.171875,0,-1.28173828125,-0.10986328125,-1.11083984375,-0.32958984375,-1.123046875,0.0244140625,-0.72021484375,-0.0244140625,0.03662109375,-0.048828125,-0.48828125,-0.15869140625,-0.29296875,0.18310546875,1.42822265625,0.0732421875,0.390625,0.13427734375,0.048828125,-0.06103515625,0.01220703125,0.13427734375,0.18310546875,-0.1708984375,-0.01220703125,-0.01220703125,0.86669921875,-0.13427734375,-0.45166015625,-0.09765625,-0.5126953125
1,-0.244140625,-0.32958984375,-0.146484375,-0.35400390625,0.0244140625,-0.40283203125,-0.06103515625,-0.048828125,-0.341796875,-0.03662109375,-0.4638671875,-0.87890625,-0.20751953125,1.11083984375,0.048828125,-0.18310546875,-0.1708984375,-0.64697265625,0.048828125,-0.2197265625,0.10986328125,0.79345703125,0.10986328125,-0.7080078125,-0.25634765625,-0.06103515625,-0.23193359375,-0.76904296875,-0.390625,0.927734375,-0.29296875,0.1953125,-0.0244140625,-0.2197265625,-0.62255859375,-0.86669921875,-0.2197265625,-0.40283203125,-0.08544921875,-0.7080078125,-0.37841796875,-0.1953125,-0.13427734375,-0.69580078125,0.1708984375,-0.28076171875,-0.37841796875,0.72021484375,-0.23193359375,1.13525390625,-0.048828125,0.48828125,-0.23193359375,0.3173828125,-0.6591796875,0.74462890625,-0.1708984375,8.4228515625,0.18310546875,10.14404296875,0.439453125,6.1767578125,0.0244140625,8.31298828125,0.20751953125,0.35400390625,0.0732421875,1.03759765625,0.06103515625,0.20751953125,-0.146484375,0.20751953125,0.03662109375,0.25634765625,-0.29296875,0.84228515625,0.06103515625,0.01220703125,-0.01220703125,1.318359375,0.146484375,-1.01318359375,0.23193359375,-0.40283203125,0.08544921875,-1.01318359375,-0.01220703125,-0.79345703125,0.09765625,-1.5380859375,0.01220703125,-0.23193359375,-0.0244140625,-0.30517578125,-0.01220703125,-1.1474609375,0.13427734375,-1.2451171875,-0.0732421875,-1.11083984375,-0.32958984375,-1.11083984375,-0.03662109375,-0.732421875,-0.048828125,-0.15869140625,-0.0244140625,-0.634765625,-0.1708984375,-0.4150390625,0.146484375,1.30615234375,0.0732421875,0.390625,0.1220703125,0.03662109375,-0.0732421875,0.03662109375,0.146484375,0.1953125,-0.1708984375,-0.01220703125,-0.01220703125,0.84228515625,-0.13427734375,-0.4638671875,-0.08544921875,-0.537109375
1,-0.25634765625,-0.341796875,-0.1220703125,-0.35400390625,0.048828125,-0.40283203125,-0.0732421875,-0.048828125,-0.40283203125,-0.01220703125,-0.47607421875,-0.86669921875,-0.1953125,1.0986328125,0.03662109375,-0.1953125,-0.20751953125,-0.64697265625,0.06103515625,-0.23193359375,0.2197265625,0.8056640625,0.10986328125,-0.72021484375,-0.29296875,-0.0732421875,-0.1953125,-0.76904296875,-0.47607421875,0.93994140625,-0.18310546875,0.1953125,0.1708984375,-0.28076171875,-0.6591796875,-0.87890625,-0.15869140625,-0.37841796875,-0.10986328125,-0.7080078125,-0.28076171875,-0.18310546875,-0.2197265625,-0.69580078125,0.146484375,-0.341796875,-0.4150390625,0.69580078125,-0.25634765625,1.15966796875,-0.03662109375,0.47607421875,-0.1708984375,0.35400390625,-0.59814453125,0.732421875,-0.1708984375,8.19091796875,0.15869140625,9.80224609375,0.3662109375,5.96923828125,0,8.0078125,0.1953125,0.341796875,-0.01220703125,1.03759765625,0.03662109375,0.1953125,-0.2197265625,0.20751953125,-0.0244140625,0.244140625,-0.28076171875,0.81787109375,0.06103515625,0.01220703125,-0.048828125,1.318359375,0.13427734375,-1.01318359375,0.1953125,-0.40283203125,-0.03662109375,-1.025390625,0.08544921875,-0.8056640625,0.1708984375,-1.513671875,0.03662109375,-0.20751953125,0.08544921875,-0.28076171875,-0.03662109375,-1.1474609375,0.23193359375,-1.25732421875,-0.06103515625,-1.0986328125,-0.341796875,-1.11083984375,-0.0732421875,-0.72021484375,-0.146484375,-0.29296875,0.08544921875,-0.72021484375,-0.1708984375,-0.50048828125,0.1220703125,1.20849609375,0.08544921875,0.40283203125,0.06103515625,0.0244140625,-0.0732421875,0.0244140625,0.1708984375,0.18310546875,-0.146484375,-0.01220703125,-0.048828125,0.84228515625,-0.10986328125,-0.47607421875,-0.09765625,-0.52490234375
1,-0.23193359375,-0.341796875,-0.13427734375,-0.341796875,0.0244140625,-0.390625,-0.06103515625,-0.048828125,-0.40283203125,-0.01220703125,-0.5126953125,-0.86669921875,-0.15869140625,1.123046875,0.048828125,-0.2197265625,-0.1953125,-0.6591796875,0.0732421875,-0.23193359375,0.25634765625,0.81787109375,0.08544921875,-0.7080078125,-0.2685546875,-0.0732421875,-0.18310546875,-0.76904296875,-0.48828125,0.93994140625,-0.06103515625,0.1953125,0.3173828125,-0.32958984375,-0.59814453125,-0.87890625,-0.13427734375,-0.341796875,-0.03662109375,-0.69580078125,-0.1708984375,-0.15869140625,-0.2197265625,-0.68359375,0.09765625,-0.37841796875,-0.439453125,0.69580078125,-0.30517578125,1.171875,-0.0244140625,0.4638671875,-0.1220703125,0.35400390625,-0.5126953125,0.72021484375,-0.2197265625,7.60498046875,0.15869140625,9.02099609375,0.3173828125,5.4931640625,-0.0244140625,7.421875,0.15869140625,0.35400390625,-0.08544921875,1.0498046875,-0.01220703125,0.1953125,-0.25634765625,0.2197265625,-0.06103515625,0.25634765625,-0.25634765625,0.8056640625,0.08544921875,0.0244140625,-0.08544921875,1.30615234375,0.10986328125,-1.0009765625,0.1708984375,-0.37841796875,-0.146484375,-1.03759765625,0.15869140625,-0.79345703125,0.1953125,-1.45263671875,0.048828125,-0.244140625,0.13427734375,-0.25634765625,-0.08544921875,-1.1474609375,0.3173828125,-1.2451171875,-0.10986328125,-1.11083984375,-0.3662109375,-1.123046875,-0.13427734375,-0.72021484375,-0.146484375,-0.341796875,0.13427734375,-0.7568359375,-0.0732421875,-0.537109375,0.1708984375,1.1474609375,0.0732421875,0.390625,0.06103515625,0.01220703125,-0.06103515625,0.0244140625,0.15869140625,0.18310546875,-0.1220703125,-0.0244140625,-0.048828125,0.84228515625,-0.13427734375,-0.48828125,-0.09765625,-0.537109375
1,-0.23193359375,-0.341796875,-0.13427734375,-0.3662109375,0.01220703125,-0.37841796875,-0.0732421875,-0.08544921875,-0.37841796875,-0.01220703125,-0.5126953125,-0.87890625,-0.13427734375,1.1474609375,0.048828125,-0.1953125,-0.15869140625,-0.64697265625,0.0732421875,-0.244140625,0.28076171875,0.81787109375,0.048828125,-0.69580078125,-0.244140625,-0.03662109375,-0.1708984375,-0.76904296875,-0.42724609375,0.93994140625,0.048828125,0.1953125,0.37841796875,-0.30517578125,-0.48828125,-0.87890625,-0.23193359375,-0.3173828125,-0.01220703125,-0.68359375,-0.08544921875,-0.13427734375,-0.18310546875,-0.68359375,0.06103515625,-0.37841796875,-0.390625,0.68359375,-0.3662109375,1.171875,-0.03662109375,0.439453125,-0.06103515625,0.3662109375,-0.4638671875,0.72021484375,-0.2685546875,6.7138671875,0.1708984375,7.8857421875,0.29296875,4.8583984375,-0.08544921875,6.494140625,0.146484375,0.35400390625,-0.18310546875,1.025390625,-0.0244140625,0.20751953125,-0.25634765625,0.23193359375,-0.146484375,0.244140625,-0.23193359375,0.79345703125,0.048828125,0,-0.09765625,1.33056640625,0.048828125,-0.98876953125,0.146484375,-0.37841796875,-0.1953125,-1.01318359375,0.1953125,-0.8056640625,0.20751953125,-1.40380859375,0.048828125,-0.244140625,0.1708984375,-0.28076171875,-0.06103515625,-1.15966796875,0.30517578125,-1.25732421875,-0.15869140625,-1.123046875,-0.32958984375,-1.123046875,-0.15869140625,-0.732421875,-0.146484375,-0.3173828125,0.146484375,-0.76904296875,0,-0.54931640625,0.146484375,1.123046875,0.06103515625,0.3662109375,0.06103515625,0.01220703125,-0.0732421875,0.0244140625,0.15869140625,0.18310546875,-0.08544921875,-0.01220703125,-0.0732421875,0.8544921875,-0.1220703125,-0.50048828125,-0.09765625,-0.537109375
1,-0.244140625,-0.341796875,-0.146484375,-0.3662109375,0.0244140625,-0.390625,-0.0732421875,-0.06103515625,-0.40283203125,-0.01220703125,-0.50048828125,-0.87890625,-0.10986328125,1.171875,0.0732421875,-0.1708984375,-0.146484375,-0.6103515625,0.048828125,-0.23193359375,0.2685546875,0.84228515625,0.0244140625,-0.67138671875,-0.2197265625,-0.01220703125,-0.146484375,-0.74462890625,-0.30517578125,0.927734375,0.09765625,0.2197265625,0.32958984375,-0.3662109375,-0.29296875,-0.89111328125,-0.30517578125,-0.32958984375,0.048828125,-0.68359375,0,-0.146484375,-0.08544921875,-0.69580078125,0,-0.42724609375,-0.30517578125,0.67138671875,-0.35400390625,1.1962890625,-0.0244140625,0.439453125,-0.0244140625,0.3662109375,-0.341796875,0.7080078125,-0.3173828125,5.60302734375,0.15869140625,6.494140625,0.2197265625,4.04052734375,-0.09765625,5.3466796875,0.13427734375,0.32958984375,-0.244140625,1.01318359375,-0.048828125,0.20751953125,-0.244140625,0.23193359375,-0.1953125,0.244140625,-0.1953125,0.7568359375,0.0732421875,-0.01220703125,-0.08544921875,1.33056640625,-0.03662109375,-1.0009765625,0.13427734375,-0.390625,-0.2197265625,-1.01318359375,0.1708984375,-0.81787109375,0.18310546875,-1.35498046875,0.0732421875,-0.25634765625,0.146484375,-0.29296875,-0.0244140625,-1.171875,0.30517578125,-1.2451171875,-0.244140625,-1.11083984375,-0.30517578125,-1.11083984375,-0.1708984375,-0.732421875,-0.20751953125,-0.28076171875,0.0732421875,-0.74462890625,0,-0.54931640625,0.0732421875,1.13525390625,0.03662109375,0.35400390625,0.06103515625,0.01220703125,-0.0732421875,0.0244140625,0.146484375,0.18310546875,-0.09765625,0.01220703125,-0.048828125,0.84228515625,-0.1220703125,-0.50048828125,-0.10986328125,-0.5126953125
1,-0.244140625,-0.3662109375,-0.146484375,-0.37841796875,0.01220703125,-0.390625,-0.09765625,-0.0732421875,-0.37841796875,0.01220703125,-0.48828125,-0.86669921875,-0.1220703125,1.18408203125,0.06103515625,-0.15869140625,-0.09765625,-0.62255859375,0,-0.2197265625,0.15869140625,0.830078125,0.0244140625,-0.68359375,-0.15869140625,0,-0.08544921875,-0.7568359375,-0.146484375,0.91552734375,0.09765625,0.23193359375,0.20751953125,-0.40283203125,-0.10986328125,-0.87890625,-0.32958984375,-0.37841796875,0.048828125,-0.69580078125,0.0244140625,-0.146484375,0,-0.69580078125,-0.03662109375,-0.4638671875,-0.25634765625,0.67138671875,-0.32958984375,1.15966796875,-0.0244140625,0.439453125,0.0732421875,0.3662109375,-0.20751953125,0.732421875,-0.390625,4.39453125,0.13427734375,5.0048828125,0.1708984375,3.18603515625,-0.10986328125,4.150390625,0.09765625,0.35400390625,-0.28076171875,1.0009765625,-0.1220703125,0.20751953125,-0.20751953125,0.23193359375,-0.25634765625,0.20751953125,-0.1708984375,0.7568359375,0.08544921875,-0.0244140625,-0.06103515625,1.33056640625,-0.10986328125,-1.01318359375,0.146484375,-0.37841796875,-0.146484375,-0.98876953125,0.08544921875,-0.8056640625,0.146484375,-1.26953125,0.08544921875,-0.28076171875,0.0732421875,-0.28076171875,-0.0244140625,-1.171875,0.3173828125,-1.2451171875,-0.28076171875,-1.123046875,-0.244140625,-1.13525390625,-0.15869140625,-0.69580078125,-0.048828125,-0.18310546875,0.18310546875,-0.732421875,0.06103515625,-0.537109375,0.13427734375,1.123046875,0.0244140625,0.341796875,0.0732421875,0.03662109375,-0.06103515625,0.0244140625,0.13427734375,0.1953125,-0.13427734375,-0.01220703125,-0.0732421875,0.830078125,-0.146484375,-0.48828125,-0.1220703125,-0.5126953125
1,-0.23193359375,-0.3662109375,-0.1220703125,-0.35400390625,0.0244140625,-0.37841796875,-0.09765625,-0.048828125,-0.3662109375,0.01220703125,-0.50048828125,-0.86669921875,-0.146484375,1.1962890625,0.06103515625,-0.146484375,-0.09765625,-0.62255859375,-0.03662109375,-0.23193359375,0.03662109375,0.84228515625,0,-0.68359375,-0.08544921875,0,-0.0244140625,-0.78125,-0.01220703125,0.91552734375,0.0244140625,0.23193359375,0.06103515625,-0.4150390625,0.0732421875,-0.86669921875,-0.48828125,-0.42724609375,0,-0.69580078125,0.03662109375,-0.18310546875,0.0732421875,-0.67138671875,-0.048828125,-0.45166015625,-0.1953125,0.67138671875,-0.30517578125,1.1474609375,-0.08544921875,0.45166015625,0.1220703125,0.341796875,-0.1220703125,0.72021484375,-0.45166015625,3.173828125,0.10986328125,3.47900390625,0.1220703125,2.34375,-0.18310546875,2.9541015625,0.08544921875,0.3173828125,-0.341796875,1.0009765625,-0.1708984375,0.2197265625,-0.1708984375,0.23193359375,-0.32958984375,0.20751953125,-0.1220703125,0.8056640625,0.09765625,-0.03662109375,-0.01220703125,1.33056640625,-0.1708984375,-0.9765625,0.146484375,-0.3662109375,-0.01220703125,-0.98876953125,0,-0.81787109375,0.09765625,-1.18408203125,0.08544921875,-0.30517578125,-0.01220703125,-0.29296875,0.03662109375,-1.171875,0.390625,-1.25732421875,-0.32958984375,-1.123046875,-0.18310546875,-1.0986328125,-0.1220703125,-0.68359375,0.0244140625,-0.10986328125,0.1953125,-0.69580078125,0.0244140625,-0.5126953125,0.0732421875,1.123046875,0.03662109375,0.35400390625,0.0732421875,0.03662109375,-0.06103515625,0.01220703125,0.10986328125,0.1708984375,-0.09765625,-0.048828125,-0.0732421875,0.830078125,-0.1220703125,-0.47607421875,-0.10986328125,-0.5126953125
1,-0.23193359375,-0.37841796875,-0.09765625,-0.341796875,0.0732421875,-0.390625,-0.1220703125,-0.03662109375,-0.390625,0,-0.50048828125,-0.87890625,-0.15869140625,1.220703125,0.048828125,-0.13427734375,-0.10986328125,-0.6103515625,-0.1220703125,-0.23193359375,-0.08544921875,0.830078125,-0.048828125,-0.67138671875,0.01220703125,0,0.06103515625,-0.79345703125,0.09765625,0.927734375,-0.06103515625,0.23193359375,0.03662109375,-0.390625,0.18310546875,-0.8544921875,-0.6103515625,-0.47607421875,-0.03662109375,-0.7080078125,0.09765625,-0.1953125,0.146484375,-0.67138671875,0,-0.4150390625,-0.1220703125,0.6591796875,-0.244140625,1.123046875,-0.10986328125,0.47607421875,0.13427734375,0.29296875,0,0.72021484375,-0.48828125,2.06298828125,0.03662109375,2.1484375,0.146484375,1.57470703125,-0.244140625,1.84326171875,0.06103515625,0.32958984375,-0.32958984375,1.0009765625,-0.2197265625,0.2197265625,-0.146484375,0.20751953125,-0.35400390625,0.1953125,-0.0732421875,0.79345703125,0.1220703125,-0.01220703125,0.03662109375,1.318359375,-0.1953125,-0.9765625,0.18310546875,-0.3662109375,0.1220703125,-0.9765625,-0.1220703125,-0.79345703125,-0.01220703125,-1.13525390625,0.0732421875,-0.3173828125,-0.146484375,-0.30517578125,0.09765625,-1.18408203125,0.45166015625,-1.26953125,-0.35400390625,-1.13525390625,-0.08544921875,-1.11083984375,-0.08544921875,-0.68359375,0.01220703125,-0.0732421875,0.1708984375,-0.72021484375,0,-0.52490234375,0.048828125,1.07421875,0.03662109375,0.341796875,0.0732421875,0.048828125,-0.0732421875,0,0.10986328125,0.1708984375,-0.10986328125,-0.06103515625,-0.03662109375,0.78125,-0.13427734375,-0.47607421875,-0.10986328125,-0.5126953125
1,-0.244140625,-0.3662109375,-0.10986328125,-0.32958984375,0.048828125,-0.40283203125,-0.09765625,-0.03662109375,-0.35400390625,0,-0.5126953125,-0.86669921875,-0.1708984375,1.220703125,0.08544921875,-0.146484375,-0.10986328125,-0.59814453125,-0.1708984375,-0.23193359375,-0.18310546875,0.84228515625,-0.08544921875,-0.67138671875,0.0732421875,-0.0244140625,0.1220703125,-0.78125,0.1708984375,0.9521484375,-0.09765625,0.244140625,0.08544921875,-0.35400390625,0.08544921875,-0.8544921875,-0.72021484375,-0.52490234375,-0.09765625,-0.69580078125,0.10986328125,-0.2197265625,0.18310546875,-0.6591796875,0.03662109375,-0.37841796875,-0.0244140625,0.6591796875,-0.1953125,1.0986328125,-0.20751953125,0.4638671875,0.23193359375,0.2197265625,0.048828125,0.72021484375,-0.5126953125,1.13525390625,0.01220703125,1.06201171875,0.13427734375,0.9521484375,-0.32958984375,0.91552734375,0,0.341796875,-0.32958984375,0.98876953125,-0.244140625,0.2197265625,-0.13427734375,0.1953125,-0.37841796875,0.20751953125,-0.048828125,0.830078125,0.146484375,-0.01220703125,0.10986328125,1.30615234375,-0.23193359375,-0.98876953125,0.1953125,-0.3662109375,0.18310546875,-0.96435546875,-0.20751953125,-0.79345703125,-0.0732421875,-1.07421875,0.0244140625,-0.32958984375,-0.1953125,-0.32958984375,0.08544921875,-1.1962890625,0.45166015625,-1.26953125,-0.37841796875,-1.13525390625,-0.0244140625,-1.0986328125,-0.01220703125,-0.68359375,0.0732421875,-0.09765625,0.23193359375,-0.74462890625,0.0244140625,-0.5615234375,0.0244140625,1.03759765625,0.03662109375,0.32958984375,0.06103515625,0.06103515625,-0.0732421875,-0.0244140625,0.08544921875,0.20751953125,-0.10986328125,-0.06103515625,-0.0244140625,0.76904296875,-0.13427734375,-0.48828125,-0.1220703125,-0.50048828125
1,-0.244140625,-0.341796875,-0.10986328125,-0.341796875,0.03662109375,-0.390625,-0.09765625,-0.048828125,-0.35400390625,0.01220703125,-0.50048828125,-0.87890625,-0.15869140625,1.23291015625,0.06103515625,-0.13427734375,-0.13427734375,-0.6103515625,-0.18310546875,-0.20751953125,-0.1953125,0.84228515625,-0.18310546875,-0.69580078125,0.09765625,-0.06103515625,0.146484375,-0.78125,0.20751953125,0.9521484375,-0.06103515625,0.2197265625,0.20751953125,-0.341796875,-0.0732421875,-0.86669921875,-0.74462890625,-0.537109375,-0.1220703125,-0.72021484375,0.1708984375,-0.244140625,0.146484375,-0.6591796875,0.09765625,-0.341796875,0.0732421875,0.6591796875,-0.1708984375,1.0986328125,-0.244140625,0.4638671875,0.244140625,0.146484375,0.13427734375,0.72021484375,-0.52490234375,0.439453125,-0.0244140625,0.25634765625,0.1220703125,0.4638671875,-0.4150390625,0.1708984375,-0.06103515625,0.32958984375,-0.32958984375,1.0009765625,-0.25634765625,0.23193359375,-0.10986328125,0.18310546875,-0.3662109375,0.2197265625,-0.01220703125,0.84228515625,0.1708984375,-0.01220703125,0.15869140625,1.33056640625,-0.1708984375,-1.0009765625,0.20751953125,-0.3662109375,0.2197265625,-0.9765625,-0.18310546875,-0.79345703125,-0.1220703125,-1.01318359375,-0.03662109375,-0.341796875,-0.2197265625,-0.32958984375,0.0732421875,-1.20849609375,0.40283203125,-1.26953125,-0.390625,-1.13525390625,0.01220703125,-1.07421875,0.08544921875,-0.69580078125,0.03662109375,-0.1220703125,0.18310546875,-0.81787109375,0.0244140625,-0.5859375,0.03662109375,0.9765625,0.06103515625,0.32958984375,0.0732421875,0.06103515625,-0.06103515625,-0.01220703125,0.1220703125,0.20751953125,-0.10986328125,-0.0732421875,-0.0244140625,0.74462890625,-0.13427734375,-0.47607421875,-0.1220703125,-0.52490234375
1,-0.28076171875,-0.3173828125,-0.10986328125,-0.32958984375,0.0244140625,-0.390625,-0.1220703125,-0.06103515625,-0.32958984375,0.01220703125,-0.48828125,-0.86669921875,-0.18310546875,1.20849609375,0.09765625,-0.1708984375,-0.1220703125,-0.59814453125,-0.18310546875,-0.1953125,-0.15869140625,0.84228515625,-0.244140625,-0.7080078125,0.0732421875,-0.10986328125,0.09765625,-0.78125,0.15869140625,0.93994140625,0,0.2197265625,0.35400390625,-0.32958984375,-0.2197265625,-0.86669921875,-0.6103515625,-0.54931640625,-0.244140625,-0.69580078125,0.23193359375,-0.25634765625,0.048828125,-0.67138671875,0.10986328125,-0.341796875,0.09765625,0.67138671875,-0.146484375,1.11083984375,-0.2197265625,0.4638671875,0.30517578125,0.048828125,0.28076171875,0.732421875,-0.47607421875,-0.0732421875,-0.03662109375,-0.25634765625,0.10986328125,0.13427734375,-0.439453125,-0.35400390625,-0.1220703125,0.341796875,-0.244140625,1.01318359375,-0.23193359375,0.2197265625,-0.10986328125,0.1708984375,-0.30517578125,0.2197265625,0.048828125,0.8544921875,0.1953125,0,0.20751953125,1.30615234375,-0.15869140625,-1.025390625,0.244140625,-0.3662109375,0.18310546875,-0.9765625,-0.10986328125,-0.79345703125,-0.1220703125,-0.9765625,-0.03662109375,-0.341796875,-0.15869140625,-0.3662109375,0,-1.220703125,0.29296875,-1.28173828125,-0.3662109375,-1.123046875,0.048828125,-1.08642578125,0.1953125,-0.68359375,-0.01220703125,-0.1708984375,0.15869140625,-0.86669921875,-0.01220703125,-0.6103515625,0.06103515625,0.96435546875,0.06103515625,0.3662109375,0.0732421875,0.048828125,-0.0732421875,-0.06103515625,0.1220703125,0.1953125,-0.09765625,-0.0732421875,-0.01220703125,0.7568359375,-0.1220703125,-0.50048828125,-0.146484375,-0.52490234375
0,-0.28076171875,-0.341796875,-0.10986328125,-0.35400390625,-0.01220703125,-0.390625,-0.09765625,-0.048828125,-0.29296875,-0.01220703125,-0.48828125,-0.86669921875,-0.1708984375,1.171875,0.09765625,-0.1708984375,-0.1220703125,-0.64697265625,-0.146484375,-0.18310546875,-0.10986328125,0.8544921875,-0.2685546875,-0.69580078125,0.048828125,-0.1708984375,0.03662109375,-0.78125,0.0732421875,0.927734375,0.09765625,0.2197265625,0.40283203125,-0.28076171875,-0.37841796875,-0.87890625,-0.6103515625,-0.5126953125,-0.390625,-0.7080078125,0.25634765625,-0.2685546875,-0.09765625,-0.69580078125,0.13427734375,-0.28076171875,0.08544921875,0.6591796875,-0.15869140625,1.1474609375,-0.244140625,0.4638671875,0.2685546875,-0.06103515625,0.3662109375,0.732421875,-0.42724609375,-0.3662109375,-0.03662109375,-0.48828125,0.146484375,-0.08544921875,-0.45166015625,-0.634765625,-0.13427734375,0.32958984375,-0.1953125,1.025390625,-0.1953125,0.20751953125,-0.13427734375,0.1708984375,-0.2685546875,0.23193359375,0.10986328125,0.89111328125,0.23193359375,0.01220703125,0.1953125,1.30615234375,-0.09765625,-1.025390625,0.23193359375,-0.37841796875,0.146484375,-0.9521484375,0.0244140625,-0.81787109375,-0.10986328125,-0.96435546875,-0.0244140625,-0.32958984375,-0.08544921875,-0.3662109375,-0.0244140625,-1.20849609375,0.18310546875,-1.28173828125,-0.29296875,-1.1474609375,0.048828125,-1.08642578125,0.25634765625,-0.7080078125,-0.146484375,-0.18310546875,0.08544921875,-0.87890625,-0.0732421875,-0.62255859375,0,0.9521484375,0.10986328125,0.341796875,0.0732421875,0.048828125,-0.0732421875,-0.08544921875,0.13427734375,0.18310546875,-0.08544921875,-0.06103515625,-0.0244140625,0.74462890625,-0.09765625,-0.52490234375,-0.1708984375,-0.52490234375
0,-0.2685546875,-0.32958984375,-0.09765625,-0.32958984375,0.01220703125,-0.37841796875,-0.0732421875,-0.048828125,-0.3173828125,0,-0.50048828125,-0.86669921875,-0.18310546875,1.13525390625,0.09765625,-0.18310546875,-0.1220703125,-0.6591796875,-0.10986328125,-0.18310546875,0.0244140625,0.8544921875,-0.2685546875,-0.69580078125,0,-0.18310546875,0,-0.76904296875,-0.048828125,0.9033203125,0.15869140625,0.20751953125,0.4150390625,-0.28076171875,-0.47607421875,-0.87890625,-0.47607421875,-0.5126953125,-0.48828125,-0.7080078125,0.28076171875,-0.25634765625,-0.20751953125,-0.68359375,0.15869140625,-0.3173828125,0.06103515625,0.68359375,-0.1953125,1.171875,-0.23193359375,0.439453125,0.23193359375,-0.146484375,0.439453125,0.72021484375,-0.40283203125,-0.48828125,-0.01220703125,-0.5126953125,0.1708984375,-0.1708984375,-0.45166015625,-0.76904296875,-0.13427734375,0.30517578125,-0.146484375,1.01318359375,-0.15869140625,0.23193359375,-0.15869140625,0.1708984375,-0.2197265625,0.23193359375,0.1708984375,0.91552734375,0.2197265625,0.01220703125,0.1953125,1.318359375,-0.0244140625,-1.03759765625,0.244140625,-0.35400390625,0.09765625,-0.9765625,0.15869140625,-0.8056640625,-0.0732421875,-0.9765625,0.0244140625,-0.3173828125,0.0244140625,-0.3662109375,-0.048828125,-1.25732421875,0.1708984375,-1.25732421875,-0.2197265625,-1.123046875,0.048828125,-1.08642578125,0.25634765625,-0.7080078125,-0.10986328125,-0.18310546875,0.146484375,-0.86669921875,-0.0732421875,-0.57373046875,0.03662109375,1.01318359375,0.10986328125,0.35400390625,0.048828125,0.048828125,-0.0732421875,-0.10986328125,0.146484375,0.18310546875,-0.08544921875,-0.048828125,-0.0244140625,0.7568359375,-0.08544921875,-0.5126953125,-0.15869140625,-0.54931640625
0,-0.25634765625,-0.341796875,-0.09765625,-0.35400390625,0.03662109375,-0.3662109375,-0.06103515625,-0.0244140625,-0.3173828125,-0.01220703125,-0.5126953125,-0.8544921875,-0.1953125,1.08642578125,0.13427734375,-0.15869140625,-0.146484375,-0.67138671875,-0.0732421875,-0.146484375,0.15869140625,0.86669921875,-0.244140625,-0.72021484375,-0.0244140625,-0.2197265625,-0.06103515625,-0.7568359375,-0.18310546875,0.86669921875,0.10986328125,0.20751953125,0.390625,-0.32958984375,-0.50048828125,-0.89111328125,-0.40283203125,-0.47607421875,-0.5126953125,-0.72021484375,0.25634765625,-0.2685546875,-0.29296875,-0.72021484375,0.15869140625,-0.3662109375,0.0244140625,0.67138671875,-0.1953125,1.1962890625,-0.244140625,0.439453125,0.146484375,-0.1953125,0.4638671875,0.72021484375,-0.4150390625,-0.5126953125,-0.146484375,-0.3662109375,0.146484375,-0.1953125,-0.5126953125,-0.8056640625,-0.1220703125,0.28076171875,-0.09765625,1.0498046875,-0.13427734375,0.2197265625,-0.146484375,0.1708984375,-0.20751953125,0.23193359375,0.2197265625,0.87890625,0.1953125,0.01220703125,0.1708984375,1.318359375,-0.01220703125,-1.0498046875,0.20751953125,-0.3662109375,0.06103515625,-0.9765625,0.28076171875,-0.8056640625,-0.03662109375,-0.98876953125,0.1220703125,-0.30517578125,0.10986328125,-0.3662109375,-0.13427734375,-1.25732421875,0.2197265625,-1.23291015625,-0.146484375,-1.1474609375,0.0244140625,-1.0986328125,0.2685546875,-0.72021484375,-0.0244140625,-0.1220703125,0.09765625,-0.76904296875,-0.1220703125,-0.50048828125,-0.03662109375,1.13525390625,0.1220703125,0.35400390625,0.03662109375,0.0244140625,-0.06103515625,-0.10986328125,0.15869140625,0.1953125,-0.09765625,-0.048828125,-0.048828125,0.732421875,-0.09765625,-0.52490234375,-0.1708984375,-0.57373046875
0,-0.28076171875,-0.3662109375,-0.08544921875,-0.35400390625,0.0244140625,-0.3662109375,-0.0732421875,-0.048828125,-0.35400390625,-0.0244140625,-0.52490234375,-0.8544921875,-0.1953125,1.06201171875,0.13427734375,-0.18310546875,-0.146484375,-0.68359375,-0.048828125,-0.15869140625,0.2197265625,0.830078125,-0.18310546875,-0.72021484375,-0.0244140625,-0.244140625,-0.048828125,-0.78125,-0.29296875,0.86669921875,0.06103515625,0.1953125,0.244140625,-0.35400390625,-0.48828125,-0.9033203125,-0.35400390625,-0.47607421875,-0.47607421875,-0.7080078125,0.13427734375,-0.244140625,-0.29296875,-0.69580078125,0.146484375,-0.42724609375,0,0.64697265625,-0.244140625,1.1962890625,-0.1953125,0.4638671875,0.0732421875,-0.23193359375,0.50048828125,0.72021484375,-0.35400390625,-0.48828125,-0.10986328125,-0.18310546875,0.2197265625,-0.1708984375,-0.5126953125,-0.74462890625,-0.08544921875,0.29296875,-0.0244140625,1.03759765625,-0.08544921875,0.23193359375,-0.15869140625,0.1953125,-0.23193359375,0.20751953125,0.25634765625,0.86669921875,0.1708984375,0.01220703125,0.15869140625,1.33056640625,0.01220703125,-1.03759765625,0.2197265625,-0.35400390625,0.06103515625,-0.96435546875,0.341796875,-0.8056640625,-0.03662109375,-1.03759765625,0.20751953125,-0.3173828125,0.146484375,-0.341796875,-0.146484375,-1.2451171875,0.3662109375,-1.23291015625,-0.09765625,-1.123046875,-0.01220703125,-1.08642578125,0.23193359375,-0.72021484375,0.0732421875,-0.01220703125,0.08544921875,-0.64697265625,-0.08544921875,-0.390625,-0.0244140625,1.2939453125,0.09765625,0.341796875,0.048828125,0.0244140625,-0.0732421875,-0.1220703125,0.146484375,0.15869140625,-0.08544921875,-0.048828125,-0.048828125,0.7568359375,-0.09765625,-0.52490234375,-0.15869140625,-0.5615234375
0,-0.30517578125,-0.3662109375,-0.08544921875,-0.35400390625,-0.01220703125,-0.37841796875,-0.08544921875,-0.03662109375,-0.35400390625,-0.0244140625,-0.52490234375,-0.8544921875,-0.18310546875,1.06201171875,0.10986328125,-0.1953125,-0.15869140625,-0.68359375,0,-0.1708984375,0.2685546875,0.84228515625,-0.08544921875,-0.69580078125,-0.0732421875,-0.23193359375,-0.08544921875,-0.79345703125,-0.30517578125,0.84228515625,-0.03662109375,0.1953125,0.13427734375,-0.4150390625,-0.40283203125,-0.9033203125,-0.2685546875,-0.4638671875,-0.390625,-0.72021484375,0.0244140625,-0.2197265625,-0.2685546875,-0.7080078125,0.09765625,-0.45166015625,-0.01220703125,0.64697265625,-0.28076171875,1.23291015625,-0.1708984375,0.439453125,0,-0.1953125,0.4638671875,0.72021484375,-0.2685546875,-0.40283203125,-0.03662109375,0,0.28076171875,-0.1220703125,-0.50048828125,-0.6591796875,-0.048828125,0.28076171875,0.0732421875,1.03759765625,-0.0732421875,0.23193359375,-0.13427734375,0.1953125,-0.20751953125,0.1953125,0.28076171875,0.8544921875,0.1220703125,0,0.13427734375,1.3427734375,0.03662109375,-1.01318359375,0.20751953125,-0.390625,0.0732421875,-0.9765625,0.30517578125,-0.8056640625,-0.048828125,-1.07421875,0.28076171875,-0.30517578125,0.18310546875,-0.32958984375,-0.10986328125,-1.2451171875,0.50048828125,-1.23291015625,-0.048828125,-1.11083984375,-0.01220703125,-1.123046875,0.15869140625,-0.732421875,0.048828125,0.1220703125,0.048828125,-0.50048828125,-0.048828125,-0.29296875,-0.06103515625,1.4404296875,0.06103515625,0.32958984375,0.0732421875,0.0244140625,-0.06103515625,-0.10986328125,0.1220703125,0.146484375,-0.08544921875,-0.0244140625,-0.048828125,0.7568359375,-0.10986328125,-0.52490234375,-0.18310546875,-0.57373046875
0,-0.3173828125,-0.35400390625,-0.06103515625,-0.35400390625,-0.0244140625,-0.4150390625,-0.08544921875,-0.06103515625,-0.35400390625,-0.01220703125,-0.5126953125,-0.87890625,-0.18310546875,1.0498046875,0.146484375,-0.1953125,-0.08544921875,-0.67138671875,0.08544921875,-0.18310546875,0.30517578125,0.84228515625,0.01220703125,-0.68359375,-0.10986328125,-0.20751953125,-0.10986328125,-0.830078125,-0.30517578125,0.84228515625,-0.13427734375,0.1953125,0.0732421875,-0.4150390625,-0.30517578125,-0.91552734375,-0.29296875,-0.4638671875,-0.35400390625,-0.72021484375,-0.09765625,-0.20751953125,-0.18310546875,-0.67138671875,0.0244140625,-0.4638671875,-0.048828125,0.64697265625,-0.2685546875,1.20849609375,-0.10986328125,0.45166015625,-0.0732421875,-0.1220703125,0.42724609375,0.732421875,-0.2197265625,-0.32958984375,0.0244140625,0.13427734375,0.32958984375,-0.048828125,-0.45166015625,-0.54931640625,0.048828125,0.25634765625,0.146484375,1.025390625,-0.0732421875,0.244140625,-0.08544921875,0.20751953125,-0.146484375,0.1953125,0.28076171875,0.84228515625,0.06103515625,-0.01220703125,0.0732421875,1.3427734375,-0.0244140625,-1.01318359375,0.18310546875,-0.37841796875,0.09765625,-0.98876953125,0.20751953125,-0.830078125,-0.06103515625,-1.11083984375,0.32958984375,-0.28076171875,0.1220703125,-0.30517578125,-0.0244140625,-1.2451171875,0.5615234375,-1.25732421875,0.0244140625,-1.11083984375,-0.03662109375,-1.13525390625,0.0732421875,-0.7080078125,0.0732421875,0.23193359375,-0.01220703125,-0.35400390625,-0.03662109375,-0.2197265625,-0.10986328125,1.5869140625,0.03662109375,0.341796875,0.06103515625,0.0244140625,-0.08544921875,-0.09765625,0.1220703125,0.15869140625,-0.08544921875,-0.0244140625,-0.03662109375,0.74462890625,-0.10986328125,-0.5615234375,-0.18310546875,-0.59814453125
0,-0.3173828125,-0.35400390625,-0.06103515625,-0.3662109375,-0.01220703125,-0.4150390625,-0.08544921875,-0.048828125,-0.3662109375,-0.0244140625,-0.5126953125,-0.86669921875,-0.23193359375,1.06201171875,0.13427734375,-0.18310546875,-0.03662109375,-0.64697265625,0.146484375,-0.20751953125,0.244140625,0.830078125,0.10986328125,-0.68359375,-0.15869140625,-0.18310546875,-0.1220703125,-0.830078125,-0.18310546875,0.84228515625,-0.20751953125,0.1953125,0.01220703125,-0.439453125,-0.2197265625,-0.9033203125,-0.1953125,-0.47607421875,-0.29296875,-0.732421875,-0.2197265625,-0.20751953125,-0.08544921875,-0.67138671875,-0.0732421875,-0.47607421875,-0.0732421875,0.6591796875,-0.23193359375,1.1962890625,-0.06103515625,0.4638671875,-0.15869140625,-0.08544921875,0.40283203125,0.72021484375,-0.1708984375,-0.2685546875,0.09765625,0.1953125,0.32958984375,0.0244140625,-0.47607421875,-0.47607421875,0.0732421875,0.25634765625,0.23193359375,1.025390625,-0.048828125,0.244140625,-0.048828125,0.23193359375,-0.08544921875,0.18310546875,0.28076171875,0.87890625,-0.01220703125,-0.0244140625,0.01220703125,1.33056640625,-0.06103515625,-1.0009765625,0.15869140625,-0.37841796875,0.13427734375,-0.98876953125,0.0732421875,-0.81787109375,-0.03662109375,-1.15966796875,0.35400390625,-0.25634765625,0.08544921875,-0.30517578125,0.09765625,-1.220703125,0.57373046875,-1.23291015625,0.08544921875,-1.123046875,0,-1.0986328125,-0.01220703125,-0.72021484375,0.10986328125,0.32958984375,-0.0244140625,-0.25634765625,0,-0.146484375,-0.1220703125,1.69677734375,0.01220703125,0.32958984375,0.06103515625,0.03662109375,-0.06103515625,-0.06103515625,0.09765625,0.1708984375,-0.10986328125,-0.048828125,-0.03662109375,0.732421875,-0.09765625,-0.52490234375,-0.13427734375,-0.5615234375
0,-0.341796875,-0.32958984375,-0.06103515625,-0.341796875,0.01220703125,-0.42724609375,-0.10986328125,-0.048828125,-0.35400390625,-0.01220703125,-0.50048828125,-0.89111328125,-0.2197265625,1.08642578125,0.1220703125,-0.18310546875,-0.0244140625,-0.62255859375,0.23193359375,-0.20751953125,0.2197265625,0.830078125,0.1953125,-0.6591796875,-0.20751953125,-0.09765625,-0.08544921875,-0.81787109375,-0.08544921875,0.8544921875,-0.2197265625,0.20751953125,0.09765625,-0.48828125,-0.10986328125,-0.89111328125,-0.1953125,-0.50048828125,-0.20751953125,-0.72021484375,-0.25634765625,-0.23193359375,0.0244140625,-0.6591796875,-0.10986328125,-0.47607421875,-0.10986328125,0.6591796875,-0.1953125,1.1474609375,-0.10986328125,0.48828125,-0.30517578125,-0.03662109375,0.341796875,0.74462890625,-0.15869140625,-0.2197265625,0.10986328125,0.1953125,0.32958984375,0.10986328125,-0.4150390625,-0.42724609375,0.048828125,0.2685546875,0.29296875,1.025390625,-0.048828125,0.244140625,0.03662109375,0.23193359375,-0.0244140625,0.1708984375,0.23193359375,0.89111328125,-0.03662109375,-0.01220703125,-0.03662109375,1.35498046875,-0.10986328125,-0.9765625,0.146484375,-0.35400390625,0.15869140625,-0.98876953125,-0.08544921875,-0.8056640625,-0.01220703125,-1.18408203125,0.341796875,-0.2685546875,0.06103515625,-0.29296875,0.15869140625,-1.220703125,0.50048828125,-1.2451171875,0.15869140625,-1.11083984375,0.06103515625,-1.08642578125,-0.10986328125,-0.7080078125,0.1953125,0.3662109375,0,-0.2197265625,0.01220703125,-0.1220703125,-0.1708984375,1.69677734375,-0.0244140625,0.32958984375,0.08544921875,0.03662109375,-0.06103515625,-0.06103515625,0.09765625,0.18310546875,-0.09765625,-0.08544921875,-0.03662109375,0.74462890625,-0.08544921875,-0.5126953125,-0.15869140625,-0.57373046875
0,-0.35400390625,-0.35400390625,-0.048828125,-0.35400390625,0.048828125,-0.42724609375,-0.13427734375,-0.048828125,-0.390625,-0.01220703125,-0.52490234375,-0.9033203125,-0.25634765625,1.123046875,0.09765625,-0.1708984375,-0.03662109375,-0.62255859375,0.2685546875,-0.2197265625,0.1953125,0.84228515625,0.25634765625,-0.67138671875,-0.20751953125,-0.03662109375,-0.0244140625,-0.830078125,-0.03662109375,0.86669921875,-0.18310546875,0.20751953125,0.15869140625,-0.4638671875,-0.06103515625,-0.86669921875,-0.10986328125,-0.537109375,-0.13427734375,-0.74462890625,-0.244140625,-0.244140625,0.0244140625,-0.634765625,-0.1708984375,-0.439453125,-0.1220703125,0.68359375,-0.15869140625,1.11083984375,-0.08544921875,0.47607421875,-0.4150390625,-0.01220703125,0.29296875,0.74462890625,-0.1953125,-0.1708984375,0.146484375,0.146484375,0.3662109375,0.18310546875,-0.341796875,-0.40283203125,0.03662109375,0.25634765625,0.40283203125,1.0009765625,-0.06103515625,0.23193359375,0.06103515625,0.2197265625,0.048828125,0.18310546875,0.18310546875,0.87890625,-0.09765625,-0.0244140625,-0.048828125,1.33056640625,-0.18310546875,-0.96435546875,0.10986328125,-0.37841796875,0.146484375,-1.0009765625,-0.1708984375,-0.79345703125,-0.0244140625,-1.220703125,0.29296875,-0.244140625,0.01220703125,-0.30517578125,0.244140625,-1.20849609375,0.40283203125,-1.23291015625,0.1953125,-1.11083984375,0.09765625,-1.08642578125,-0.1708984375,-0.7080078125,0.13427734375,0.35400390625,-0.01220703125,-0.2685546875,0.0244140625,-0.15869140625,-0.2197265625,1.67236328125,-0.0244140625,0.32958984375,0.08544921875,0.06103515625,-0.06103515625,-0.03662109375,0.08544921875,0.1708984375,-0.13427734375,-0.09765625,0.01220703125,0.74462890625,-0.09765625,-0.50048828125,-0.1220703125,-0.5615234375
0,-0.32958984375,-0.341796875,-0.0244140625,-0.341796875,0.08544921875,-0.4150390625,-0.15869140625,-0.03662109375,-0.390625,0.01220703125,-0.5126953125,-0.9033203125,-0.23193359375,1.123046875,0.09765625,-0.15869140625,-0.03662109375,-0.59814453125,0.25634765625,-0.2197265625,0.13427734375,0.830078125,0.28076171875,-0.67138671875,-0.146484375,0.0244140625,0.03662109375,-0.79345703125,0.048828125,0.9033203125,-0.09765625,0.2197265625,0.30517578125,-0.4150390625,-0.048828125,-0.89111328125,-0.09765625,-0.537109375,-0.06103515625,-0.74462890625,-0.1708984375,-0.28076171875,0.01220703125,-0.62255859375,-0.1708984375,-0.37841796875,-0.0732421875,0.69580078125,-0.13427734375,1.0986328125,-0.06103515625,0.47607421875,-0.47607421875,0,0.2197265625,0.7568359375,-0.1953125,-0.13427734375,0.25634765625,0.13427734375,0.390625,0.2197265625,-0.244140625,-0.3662109375,0.01220703125,0.244140625,0.4150390625,1.01318359375,-0.0244140625,0.25634765625,0.09765625,0.2197265625,0.1220703125,0.18310546875,0.06103515625,0.91552734375,-0.15869140625,-0.0244140625,-0.0244140625,1.3427734375,-0.2197265625,-0.93994140625,0.0732421875,-0.3662109375,0.09765625,-1.0009765625,-0.2197265625,-0.79345703125,-0.01220703125,-1.23291015625,0.2197265625,-0.2685546875,0.0732421875,-0.3173828125,0.2685546875,-1.1962890625,0.32958984375,-1.2451171875,0.15869140625,-1.11083984375,0.1220703125,-1.08642578125,-0.2197265625,-0.7080078125,0.13427734375,0.29296875,0.06103515625,-0.37841796875,0.01220703125,-0.2685546875,-0.2197265625,1.55029296875,0,0.30517578125,0.0732421875,0.048828125,-0.06103515625,-0.048828125,0.0732421875,0.20751953125,-0.10986328125,-0.1220703125,0.01220703125,0.7568359375,-0.10986328125,-0.50048828125,-0.09765625,-0.52490234375
0,-0.32958984375,-0.35400390625,-0.03662109375,-0.341796875,0.08544921875,-0.42724609375,-0.13427734375,-0.01220703125,-0.32958984375,0.01220703125,-0.48828125,-0.927734375,-0.244140625,1.123046875,0.09765625,-0.13427734375,-0.048828125,-0.57373046875,0.23193359375,-0.20751953125,0.1220703125,0.81787109375,0.2197265625,-0.67138671875,-0.10986328125,0.06103515625,0.10986328125,-0.79345703125,0.09765625,0.927734375,0,0.2197265625,0.54931640625,-0.3662109375,-0.08544921875,-0.87890625,-0.1220703125,-0.54931640625,-0.048828125,-0.76904296875,-0.03662109375,-0.2685546875,0.01220703125,-0.634765625,-0.146484375,-0.3173828125,-0.06103515625,0.69580078125,-0.09765625,1.0986328125,0,0.48828125,-0.45166015625,-0.0244140625,0.08544921875,0.732421875,-0.28076171875,-0.08544921875,0.3662109375,0.08544921875,0.32958984375,0.28076171875,-0.1708984375,-0.32958984375,0.06103515625,0.244140625,0.42724609375,1.025390625,-0.01220703125,0.244140625,0.10986328125,0.1953125,0.146484375,0.18310546875,-0.0244140625,0.91552734375,-0.15869140625,-0.01220703125,0.01220703125,1.318359375,-0.2685546875,-0.93994140625,0.0244140625,-0.390625,0.03662109375,-1.0009765625,-0.20751953125,-0.78125,-0.06103515625,-1.23291015625,0.10986328125,-0.25634765625,0.08544921875,-0.3173828125,0.1953125,-1.171875,0.244140625,-1.25732421875,0.10986328125,-1.08642578125,0.10986328125,-1.07421875,-0.1953125,-0.7080078125,0.15869140625,0.28076171875,0.09765625,-0.48828125,0.048828125,-0.3662109375,-0.1953125,1.42822265625,0.0244140625,0.341796875,0.048828125,0.048828125,-0.06103515625,-0.06103515625,0.09765625,0.18310546875,-0.09765625,-0.1220703125,0,0.78125,-0.1220703125,-0.50048828125,-0.0732421875,-0.52490234375
0,-0.3173828125,-0.341796875,-0.01220703125,-0.3173828125,0.10986328125,-0.40283203125,-0.10986328125,0,-0.3173828125,0,-0.4638671875,-0.89111328125,-0.244140625,1.123046875,0.1220703125,-0.13427734375,-0.0732421875,-0.6103515625,0.20751953125,-0.2197265625,0.1220703125,0.81787109375,0.08544921875,-0.68359375,-0.01220703125,0.1220703125,0.10986328125,-0.76904296875,0.10986328125,0.93994140625,0.08544921875,0.23193359375,0.69580078125,-0.30517578125,-0.146484375,-0.87890625,-0.1953125,-0.537109375,-0.1220703125,-0.78125,0.08544921875,-0.2685546875,0.01220703125,-0.634765625,-0.09765625,-0.29296875,0.0244140625,0.68359375,-0.06103515625,1.11083984375,0.01220703125,0.4638671875,-0.42724609375,-0.06103515625,-0.0244140625,0.7568359375,-0.35400390625,-0.01220703125,0.439453125,0.048828125,0.32958984375,0.28076171875,-0.09765625,-0.30517578125,0.10986328125,0.2685546875,0.45166015625,1.03759765625,0.0244140625,0.2197265625,0.09765625,0.1953125,0.20751953125,0.1953125,-0.09765625,0.93994140625,-0.1708984375,-0.0244140625,0.0244140625,1.318359375,-0.25634765625,-0.93994140625,-0.01220703125,-0.37841796875,-0.048828125,-0.98876953125,-0.13427734375,-0.78125,-0.0732421875,-1.220703125,0.06103515625,-0.244140625,0.09765625,-0.30517578125,0.10986328125,-1.18408203125,0.2685546875,-1.25732421875,-0.01220703125,-1.0986328125,0.048828125,-1.08642578125,-0.1220703125,-0.72021484375,0.20751953125,0.3173828125,0.13427734375,-0.634765625,0.06103515625,-0.42724609375,-0.09765625,1.33056640625,0.0244140625,0.341796875,0.03662109375,0.0244140625,-0.048828125,-0.0732421875,0.10986328125,0.1953125,-0.08544921875,-0.13427734375,-0.0244140625,0.76904296875,-0.09765625,-0.50048828125,-0.06103515625,-0.52490234375
0,-0.28076171875,-0.35400390625,-0.0244140625,-0.32958984375,0.10986328125,-0.4150390625,-0.10986328125,-0.0244140625,-0.29296875,0,-0.45166015625,-0.91552734375,-0.25634765625,1.13525390625,0.08544921875,-0.1708984375,-0.06103515625,-0.59814453125,0.15869140625,-0.18310546875,0.06103515625,0.8544921875,-0.048828125,-0.68359375,0.01220703125,0.1708984375,0.10986328125,-0.76904296875,0.10986328125,0.927734375,0.1953125,0.20751953125,0.7568359375,-0.25634765625,-0.13427734375,-0.89111328125,-0.2197265625,-0.48828125,-0.13427734375,-0.76904296875,0.23193359375,-0.2685546875,0.03662109375,-0.67138671875,-0.03662109375,-0.2685546875,0.08544921875,0.69580078125,-0.03662109375,1.13525390625,-0.01220703125,0.45166015625,-0.40283203125,-0.146484375,-0.13427734375,0.74462890625,-0.3662109375,0.06103515625,0.4150390625,0.08544921875,0.32958984375,0.29296875,0,-0.25634765625,0.1220703125,0.25634765625,0.42724609375,1.025390625,0.048828125,0.23193359375,0.09765625,0.20751953125,0.1953125,0.2197265625,-0.15869140625,0.9521484375,-0.09765625,-0.01220703125,0.0244140625,1.33056640625,-0.2197265625,-0.927734375,-0.03662109375,-0.37841796875,-0.10986328125,-0.9765625,-0.0244140625,-0.79345703125,-0.1220703125,-1.1962890625,0.048828125,-0.25634765625,0.13427734375,-0.3173828125,0,-1.18408203125,0.30517578125,-1.25732421875,-0.1220703125,-1.11083984375,-0.0244140625,-1.08642578125,-0.06103515625,-0.732421875,0.244140625,0.4638671875,0.13427734375,-0.62255859375,0.01220703125,-0.4150390625,-0.03662109375,1.3427734375,0.03662109375,0.341796875,0.0244140625,0.0244140625,-0.06103515625,-0.1220703125,0.1220703125,0.18310546875,-0.0732421875,-0.10986328125,-0.0244140625,0.76904296875,-0.0732421875,-0.50048828125,-0.048828125,-0.52490234375
0,-0.28076171875,-0.341796875,0.01220703125,-0.341796875,0.18310546875,-0.4150390625,-0.10986328125,-0.03662109375,-0.3173828125,-0.01220703125,-0.42724609375,-0.89111328125,-0.2685546875,1.123046875,0.08544921875,-0.1953125,-0.0732421875,-0.62255859375,0.10986328125,-0.18310546875,0.03662109375,0.84228515625,-0.20751953125,-0.69580078125,0.048828125,0.1953125,0.0732421875,-0.76904296875,0.10986328125,0.927734375,0.28076171875,0.20751953125,0.72021484375,-0.2197265625,-0.08544921875,-0.9033203125,-0.341796875,-0.47607421875,-0.15869140625,-0.79345703125,0.37841796875,-0.2685546875,0.03662109375,-0.68359375,0.048828125,-0.2685546875,0.1220703125,0.67138671875,-0.06103515625,1.171875,-0.06103515625,0.439453125,-0.3662109375,-0.1953125,-0.2685546875,0.732421875,-0.35400390625,0.13427734375,0.439453125,0.13427734375,0.341796875,0.28076171875,0.09765625,-0.20751953125,0.18310546875,0.2685546875,0.390625,1.025390625,0.08544921875,0.20751953125,0.06103515625,0.18310546875,0.18310546875,0.2197265625,-0.20751953125,0.9765625,-0.048828125,0,0.03662109375,1.3427734375,-0.2197265625,-0.9521484375,-0.048828125,-0.37841796875,-0.10986328125,-0.96435546875,0.048828125,-0.8056640625,-0.1708984375,-1.20849609375,0.048828125,-0.2685546875,0.1220703125,-0.32958984375,-0.048828125,-1.171875,0.25634765625,-1.25732421875,-0.18310546875,-1.0986328125,-0.1220703125,-1.08642578125,0.0244140625,-0.732421875,0.30517578125,0.81787109375,0.09765625,-0.57373046875,0,-0.30517578125,0.03662109375,1.47705078125,0.06103515625,0.35400390625,0.01220703125,0.0244140625,-0.06103515625,-0.1220703125,0.10986328125,0.1708984375,-0.0732421875,-0.10986328125,-0.0244140625,0.7568359375,-0.09765625,-0.48828125,-0.03662109375,-0.52490234375
1,-0.28076171875,-0.35400390625,0,-0.35400390625,0.146484375,-0.4150390625,-0.13427734375,-0.048828125,-0.35400390625,-0.01220703125,-0.37841796875,-0.89111328125,-0.25634765625,1.123046875,0.08544921875,-0.1953125,-0.0732421875,-0.64697265625,0.03662109375,-0.1708984375,-0.0244140625,0.84228515625,-0.30517578125,-0.7080078125,0.08544921875,0.20751953125,0.06103515625,-0.79345703125,0.10986328125,0.9033203125,0.32958984375,0.20751953125,0.5126953125,-0.2197265625,0.01220703125,-0.9033203125,-0.40283203125,-0.439453125,-0.2197265625,-0.78125,0.42724609375,-0.25634765625,0.0244140625,-0.7080078125,0.10986328125,-0.29296875,0.13427734375,0.6591796875,-0.08544921875,1.18408203125,-0.10986328125,0.45166015625,-0.37841796875,-0.25634765625,-0.35400390625,0.7568359375,-0.4150390625,0.1708984375,0.30517578125,0.1953125,0.341796875,0.28076171875,0.0244140625,-0.146484375,0.2197265625,0.25634765625,0.29296875,1.06201171875,0.10986328125,0.2197265625,0.0244140625,0.1953125,0.18310546875,0.244140625,-0.244140625,0.96435546875,0.03662109375,-0.0244140625,0.0244140625,1.33056640625,-0.1953125,-0.9765625,-0.048828125,-0.390625,-0.09765625,-0.9521484375,0.06103515625,-0.81787109375,-0.23193359375,-1.1962890625,0.08544921875,-0.28076171875,0.03662109375,-0.3173828125,-0.048828125,-1.15966796875,0.1953125,-1.2451171875,-0.2197265625,-1.123046875,-0.1708984375,-1.08642578125,0.0732421875,-0.72021484375,0.244140625,1.3427734375,0.0732421875,-0.341796875,-0.048828125,-0.08544921875,0.048828125,1.7578125,0.06103515625,0.35400390625,0.03662109375,0,-0.0732421875,-0.09765625,0.09765625,0.1708984375,-0.06103515625,-0.09765625,-0.0244140625,0.74462890625,-0.0732421875,-0.50048828125,-0.0244140625,-0.5615234375
1,-0.30517578125,-0.341796875,0.01220703125,-0.35400390625,0.146484375,-0.4150390625,-0.146484375,-0.08544921875,-0.35400390625,-0.048828125,-0.390625,-0.86669921875,-0.28076171875,1.0986328125,0.0732421875,-0.23193359375,-0.10986328125,-0.64697265625,-0.03662109375,-0.15869140625,-0.10986328125,0.830078125,-0.341796875,-0.69580078125,0.0732421875,0.23193359375,0.048828125,-0.8056640625,0.1220703125,0.89111328125,0.29296875,0.1953125,0.2685546875,-0.25634765625,0.06103515625,-0.93994140625,-0.5126953125,-0.4150390625,-0.244140625,-0.79345703125,0.42724609375,-0.244140625,0.09765625,-0.7080078125,0.1220703125,-0.37841796875,0.18310546875,0.64697265625,-0.1220703125,1.20849609375,-0.146484375,0.45166015625,-0.35400390625,-0.2685546875,-0.4638671875,0.74462890625,-0.3173828125,0.1953125,0.25634765625,0.244140625,0.439453125,0.2685546875,0.048828125,-0.08544921875,0.23193359375,0.244140625,0.20751953125,1.0498046875,0.09765625,0.1953125,-0.03662109375,0.18310546875,0.15869140625,0.23193359375,-0.30517578125,0.9521484375,0.09765625,0,0.01220703125,1.3427734375,-0.20751953125,-0.98876953125,-0.048828125,-0.390625,-0.0244140625,-0.9521484375,0.048828125,-0.81787109375,-0.3173828125,-1.220703125,0.1220703125,-0.30517578125,-0.03662109375,-0.32958984375,-0.03662109375,-1.171875,0.18310546875,-1.25732421875,-0.244140625,-1.11083984375,-0.18310546875,-1.08642578125,0.09765625,-0.72021484375,0.32958984375,2.099609375,-0.0244140625,0.048828125,-0.0244140625,0.244140625,0.048828125,2.20947265625,0.06103515625,0.341796875,0.048828125,-0.01220703125,-0.0732421875,-0.0732421875,0.0732421875,0.15869140625,-0.06103515625,-0.08544921875,-0.048828125,0.732421875,-0.10986328125,-0.50048828125,-0.0244140625,-0.57373046875
1,-0.29296875,-0.341796875,0,-0.35400390625,0.13427734375,-0.4150390625,-0.13427734375,-0.0732421875,-0.30517578125,-0.048828125,-0.390625,-0.86669921875,-0.25634765625,1.08642578125,0.0732421875,-0.23193359375,-0.1220703125,-0.67138671875,-0.0732421875,-0.1708984375,-0.18310546875,0.84228515625,-0.35400390625,-0.68359375,0.06103515625,0.23193359375,0.03662109375,-0.8056640625,0.146484375,0.89111328125,0.20751953125,0.20751953125,0.0244140625,-0.30517578125,0.0732421875,-0.93994140625,-0.7080078125,-0.390625,-0.28076171875,-0.78125,0.3173828125,-0.23193359375,0.09765625,-0.69580078125,0.18310546875,-0.45166015625,0.20751953125,0.62255859375,-0.1708984375,1.18408203125,-0.20751953125,0.4638671875,-0.28076171875,-0.25634765625,-0.537109375,0.74462890625,-0.23193359375,0.23193359375,0.28076171875,0.30517578125,0.52490234375,0.2685546875,0.03662109375,-0.01220703125,0.20751953125,0.23193359375,0.10986328125,1.0498046875,0.09765625,0.1953125,-0.08544921875,0.20751953125,0.1220703125,0.2197265625,-0.30517578125,0.93994140625,0.1708984375,-0.0244140625,0.01220703125,1.318359375,-0.20751953125,-0.98876953125,0,-0.40283203125,0.06103515625,-0.9521484375,0.048828125,-0.81787109375,-0.37841796875,-1.28173828125,0.146484375,-0.28076171875,-0.10986328125,-0.30517578125,0.03662109375,-1.18408203125,0.1708984375,-1.2451171875,-0.23193359375,-1.123046875,-0.1953125,-1.0986328125,0.146484375,-0.732421875,0.32958984375,3.01513671875,-0.08544921875,0.5615234375,0.01220703125,0.68359375,0.0732421875,2.7587890625,0.048828125,0.341796875,0.048828125,-0.0244140625,-0.06103515625,-0.048828125,0.048828125,0.15869140625,-0.0732421875,-0.08544921875,-0.03662109375,0.7568359375,-0.10986328125,-0.48828125,-0.06103515625,-0.57373046875
1,-0.28076171875,-0.35400390625,0.0244140625,-0.37841796875,0.146484375,-0.40283203125,-0.13427734375,-0.0732421875,-0.30517578125,-0.06103515625,-0.390625,-0.87890625,-0.25634765625,1.07421875,0.06103515625,-0.20751953125,-0.15869140625,-0.64697265625,-0.10986328125,-0.1708984375,-0.23193359375,0.87890625,-0.2685546875,-0.67138671875,0,0.25634765625,0.01220703125,-0.830078125,0.13427734375,0.86669921875,0.0732421875,0.20751953125,-0.15869140625,-0.3173828125,0.03662109375,-0.927734375,-0.68359375,-0.35400390625,-0.341796875,-0.7568359375,0.13427734375,-0.1953125,0.10986328125,-0.67138671875,0.1708984375,-0.439453125,0.244140625,0.6591796875,-0.15869140625,1.18408203125,-0.28076171875,0.4638671875,-0.2197265625,-0.20751953125,-0.5859375,0.74462890625,-0.25634765625,0.244140625,0.13427734375,0.35400390625,0.5615234375,0.341796875,-0.06103515625,0.048828125,0.1708984375,0.2197265625,0.048828125,1.06201171875,0.03662109375,0.18310546875,-0.10986328125,0.20751953125,0.09765625,0.20751953125,-0.28076171875,0.9521484375,0.23193359375,-0.0244140625,-0.01220703125,1.33056640625,-0.1953125,-1.025390625,0.0244140625,-0.40283203125,0.13427734375,-0.93994140625,0.01220703125,-0.81787109375,-0.439453125,-1.318359375,0.146484375,-0.30517578125,-0.18310546875,-0.29296875,0.10986328125,-1.1962890625,0.1953125,-1.23291015625,-0.2197265625,-1.0986328125,-0.1708984375,-1.11083984375,0.1953125,-0.7080078125,0.2197265625,4.01611328125,-0.1220703125,1.171875,-0.01220703125,1.123046875,0,3.38134765625,0.03662109375,0.3662109375,0.03662109375,-0.0244140625,-0.0732421875,-0.01220703125,0.01220703125,0.146484375,-0.0732421875,-0.09765625,-0.048828125,0.78125,-0.08544921875,-0.47607421875,-0.0732421875,-0.57373046875
1,-0.2685546875,-0.35400390625,0.03662109375,-0.3662109375,0.15869140625,-0.390625,-0.13427734375,-0.06103515625,-0.29296875,-0.03662109375,-0.3662109375,-0.89111328125,-0.25634765625,1.08642578125,0.06103515625,-0.18310546875,-0.15869140625,-0.634765625,-0.08544921875,-0.18310546875,-0.28076171875,0.87890625,-0.13427734375,-0.68359375,-0.08544921875,0.23193359375,-0.0732421875,-0.81787109375,0.09765625,0.87890625,-0.09765625,0.1953125,-0.146484375,-0.341796875,-0.03662109375,-0.9033203125,-0.634765625,-0.35400390625,-0.35400390625,-0.7568359375,-0.03662109375,-0.18310546875,0.08544921875,-0.6591796875,0.146484375,-0.42724609375,0.23193359375,0.6591796875,-0.10986328125,1.15966796875,-0.3173828125,0.48828125,-0.13427734375,-0.146484375,-0.5615234375,0.74462890625,-0.13427734375,0.30517578125,0.0732421875,0.40283203125,0.59814453125,0.40283203125,-0.08544921875,0.1220703125,0.20751953125,0.20751953125,0,1.03759765625,0,0.20751953125,-0.09765625,0.1953125,0.048828125,0.20751953125,-0.244140625,0.9033203125,0.244140625,-0.0244140625,-0.0244140625,1.30615234375,-0.1708984375,-1.01318359375,0.0244140625,-0.40283203125,0.1708984375,-0.9521484375,0.01220703125,-0.830078125,-0.390625,-1.3916015625,0.13427734375,-0.29296875,-0.18310546875,-0.32958984375,0.146484375,-1.20849609375,0.1953125,-1.23291015625,-0.1708984375,-1.08642578125,-0.15869140625,-1.123046875,0.1708984375,-0.69580078125,0.29296875,5.06591796875,-0.08544921875,1.79443359375,0.01220703125,1.62353515625,-0.01220703125,4.0283203125,0.0244140625,0.35400390625,0.048828125,-0.0244140625,-0.06103515625,0.01220703125,0.01220703125,0.15869140625,-0.10986328125,-0.09765625,-0.03662109375,0.8056640625,-0.0732421875,-0.47607421875,-0.0732421875,-0.5615234375
1,-0.25634765625,-0.35400390625,0.0732421875,-0.341796875,0.18310546875,-0.37841796875,-0.13427734375,-0.0732421875,-0.2685546875,-0.0244140625,-0.341796875,-0.89111328125,-0.244140625,1.07421875,0.048828125,-0.18310546875,-0.13427734375,-0.59814453125,-0.03662109375,-0.18310546875,-0.25634765625,0.8544921875,-0.03662109375,-0.68359375,-0.20751953125,0.20751953125,-0.1220703125,-0.81787109375,0.048828125,0.89111328125,-0.23193359375,0.20751953125,-0.08544921875,-0.35400390625,-0.1953125,-0.91552734375,-0.537109375,-0.37841796875,-0.341796875,-0.7568359375,-0.13427734375,-0.1953125,0.01220703125,-0.64697265625,0.1220703125,-0.439453125,0.20751953125,0.67138671875,-0.01220703125,1.13525390625,-0.40283203125,0.47607421875,-0.06103515625,-0.1220703125,-0.54931640625,0.732421875,-0.1220703125,0.37841796875,-0.01220703125,0.45166015625,0.52490234375,0.52490234375,-0.146484375,0.244140625,0.1708984375,0.1953125,-0.09765625,1.06201171875,-0.0244140625,0.20751953125,-0.1220703125,0.20751953125,-0.03662109375,0.20751953125,-0.1953125,0.89111328125,0.25634765625,-0.048828125,-0.06103515625,1.2939453125,-0.146484375,-1.01318359375,0.01220703125,-0.4150390625,0.15869140625,-0.9521484375,0.0244140625,-0.81787109375,-0.3173828125,-1.45263671875,0.10986328125,-0.28076171875,-0.13427734375,-0.3173828125,0.146484375,-1.220703125,0.20751953125,-1.2451171875,-0.10986328125,-1.07421875,-0.146484375,-1.123046875,0.1220703125,-0.69580078125,0.25634765625,5.9814453125,0,2.392578125,-0.048828125,2.06298828125,-0.06103515625,4.6142578125,0.0244140625,0.341796875,0.048828125,-0.01220703125,-0.0732421875,0.03662109375,-0.01220703125,0.1708984375,-0.15869140625,-0.1220703125,-0.03662109375,0.84228515625,-0.06103515625,-0.47607421875,-0.048828125,-0.5615234375
1,-0.244140625,-0.35400390625,0.0732421875,-0.341796875,0.18310546875,-0.3662109375,-0.13427734375,-0.06103515625,-0.29296875,0,-0.3662109375,-0.9033203125,-0.2197265625,1.0986328125,0.06103515625,-0.15869140625,-0.13427734375,-0.59814453125,0.0244140625,-0.18310546875,-0.2197265625,0.86669921875,0.03662109375,-0.68359375,-0.30517578125,0.1708984375,-0.18310546875,-0.81787109375,-0.0732421875,0.87890625,-0.32958984375,0.20751953125,0.08544921875,-0.390625,-0.390625,-0.89111328125,-0.341796875,-0.37841796875,-0.32958984375,-0.732421875,-0.13427734375,-0.1953125,-0.0732421875,-0.64697265625,0.06103515625,-0.42724609375,0.09765625,0.68359375,0.03662109375,1.0986328125,-0.45166015625,0.4638671875,-0.048828125,-0.0732421875,-0.5126953125,0.72021484375,-0.08544921875,0.52490234375,-0.13427734375,0.52490234375,0.47607421875,0.6591796875,-0.20751953125,0.390625,0.146484375,0.20751953125,-0.15869140625,1.0498046875,-0.08544921875,0.20751953125,-0.0732421875,0.2197265625,-0.09765625,0.20751953125,-0.15869140625,0.86669921875,0.244140625,-0.048828125,-0.03662109375,1.2939453125,-0.08544921875,-1.0009765625,-0.0244140625,-0.40283203125,0.09765625,-0.9521484375,0.0244140625,-0.79345703125,-0.244140625,-1.52587890625,0.09765625,-0.29296875,-0.06103515625,-0.32958984375,0.08544921875,-1.25732421875,0.25634765625,-1.23291015625,-0.06103515625,-1.07421875,-0.15869140625,-1.123046875,0.0732421875,-0.68359375,0.23193359375,6.8359375,0.13427734375,2.9052734375,-0.10986328125,2.42919921875,-0.09765625,5.09033203125,0.048828125,0.341796875,0.03662109375,-0.03662109375,-0.06103515625,0.01220703125,0.01220703125,0.1708984375,-0.146484375,-0.13427734375,-0.0244140625,0.8544921875,-0.048828125,-0.4638671875,-0.0244140625,-0.54931640625
1,-0.2197265625,-0.35400390625,0.048828125,-0.32958984375,0.1953125,-0.32958984375,-0.146484375,-0.03662109375,-0.244140625,0,-0.35400390625,-0.927734375,-0.23193359375,1.0986328125,0.06103515625,-0.146484375,-0.13427734375,-0.57373046875,0.09765625,-0.1953125,-0.10986328125,0.87890625,0.06103515625,-0.68359375,-0.390625,0.146484375,-0.1953125,-0.81787109375,-0.18310546875,0.9033203125,-0.28076171875,0.20751953125,0.2685546875,-0.37841796875,-0.50048828125,-0.87890625,-0.2685546875,-0.37841796875,-0.25634765625,-0.74462890625,-0.08544921875,-0.18310546875,-0.15869140625,-0.62255859375,0.03662109375,-0.37841796875,0.06103515625,0.68359375,0.048828125,1.0986328125,-0.4638671875,0.45166015625,-0.06103515625,-0.0732421875,-0.48828125,0.7080078125,-0.06103515625,0.732421875,-0.15869140625,0.67138671875,0.42724609375,0.8544921875,-0.23193359375,0.5615234375,0.1220703125,0.18310546875,-0.20751953125,1.03759765625,-0.13427734375,0.2197265625,-0.06103515625,0.23193359375,-0.20751953125,0.2197265625,-0.10986328125,0.86669921875,0.2197265625,-0.03662109375,-0.01220703125,1.2939453125,-0.0732421875,-0.9765625,-0.0732421875,-0.37841796875,0,-0.9521484375,0.0732421875,-0.76904296875,-0.146484375,-1.57470703125,0.0732421875,-0.2685546875,0.10986328125,-0.341796875,0.01220703125,-1.23291015625,0.2197265625,-1.23291015625,-0.0732421875,-1.06201171875,-0.1708984375,-1.0986328125,0.01220703125,-0.68359375,0.10986328125,7.51953125,0.23193359375,3.2958984375,-0.146484375,2.72216796875,-0.15869140625,5.4443359375,0.0732421875,0.35400390625,0.0244140625,-0.0244140625,-0.06103515625,0.048828125,-0.01220703125,0.146484375,-0.146484375,-0.146484375,-0.048828125,0.86669921875,-0.0244140625,-0.45166015625,0,-0.537109375
1,-0.23193359375,-0.341796875,0.08544921875,-0.32958984375,0.20751953125,-0.28076171875,-0.1220703125,-0.06103515625,-0.2197265625,0.03662109375,-0.341796875,-0.9033203125,-0.2197265625,1.123046875,0.048828125,-0.146484375,-0.13427734375,-0.59814453125,0.13427734375,-0.18310546875,0.0244140625,0.87890625,0.0244140625,-0.68359375,-0.40283203125,0.1220703125,-0.18310546875,-0.78125,-0.2685546875,0.9033203125,-0.1953125,0.2197265625,0.42724609375,-0.32958984375,-0.57373046875,-0.89111328125,-0.15869140625,-0.37841796875,-0.244140625,-0.74462890625,0,-0.1708984375,-0.244140625,-0.62255859375,0,-0.3173828125,0.0244140625,0.7080078125,0.06103515625,1.0986328125,-0.390625,0.439453125,-0.03662109375,-0.08544921875,-0.390625,0.72021484375,-0.15869140625,0.96435546875,-0.23193359375,0.8056640625,0.29296875,1.0498046875,-0.28076171875,0.79345703125,0.1220703125,0.15869140625,-0.25634765625,1.025390625,-0.1953125,0.23193359375,-0.03662109375,0.20751953125,-0.244140625,0.25634765625,-0.0732421875,0.84228515625,0.18310546875,-0.048828125,-0.0244140625,1.2939453125,-0.09765625,-0.9765625,-0.09765625,-0.3662109375,-0.13427734375,-0.93994140625,0.08544921875,-0.76904296875,-0.09765625,-1.59912109375,0.0244140625,-0.2685546875,0.1953125,-0.32958984375,-0.0244140625,-1.23291015625,0.244140625,-1.220703125,-0.10986328125,-1.07421875,-0.1953125,-1.07421875,0.0244140625,-0.68359375,-0.03662109375,7.99560546875,0.25634765625,3.5400390625,-0.2197265625,2.8564453125,-0.146484375,5.6640625,0.06103515625,0.341796875,0,-0.0244140625,-0.0732421875,0.048828125,0.01220703125,0.15869140625,-0.146484375,-0.146484375,-0.0732421875,0.87890625,-0.0244140625,-0.4638671875,0,-0.52490234375
1,-0.2197265625,-0.35400390625,0.06103515625,-0.32958984375,0.18310546875,-0.1953125,-0.10986328125,-0.03662109375,-0.18310546875,0.0244140625,-0.30517578125,-0.9033203125,-0.1953125,1.11083984375,0.048828125,-0.13427734375,-0.1220703125,-0.57373046875,0.15869140625,-0.1708984375,0.09765625,0.8544921875,0,-0.7080078125,-0.4150390625,0.08544921875,-0.146484375,-0.76904296875,-0.3173828125,0.91552734375,-0.0732421875,0.2197265625,0.54931640625,-0.3173828125,-0.5615234375,-0.89111328125,-0.09765625,-0.3662109375,-0.1708984375,-0.732421875,0.0732421875,-0.1953125,-0.29296875,-0.62255859375,-0.048828125,-0.29296875,-0.01220703125,0.69580078125,0.06103515625,1.1474609375,-0.37841796875,0.45166015625,0.01220703125,-0.13427734375,-0.32958984375,0.72021484375,-0.20751953125,1.220703125,-0.3173828125,0.96435546875,0.2685546875,1.220703125,-0.35400390625,1.0498046875,0.09765625,0.15869140625,-0.25634765625,1.0498046875,-0.1953125,0.23193359375,-0.0244140625,0.20751953125,-0.3173828125,0.25634765625,-0.01220703125,0.8544921875,0.1708984375,-0.0244140625,-0.01220703125,1.30615234375,-0.10986328125,-0.96435546875,-0.13427734375,-0.37841796875,-0.20751953125,-0.927734375,0.08544921875,-0.74462890625,-0.08544921875,-1.5625,0.0244140625,-0.244140625,0.23193359375,-0.32958984375,-0.03662109375,-1.2451171875,0.25634765625,-1.220703125,-0.1708984375,-1.06201171875,-0.2197265625,-1.07421875,0.01220703125,-0.69580078125,0.048828125,8.2763671875,0.28076171875,3.61328125,-0.20751953125,2.9541015625,-0.0732421875,5.77392578125,0.0732421875,0.3662109375,-0.03662109375,-0.01220703125,-0.0732421875,0.048828125,0.0244140625,0.1708984375,-0.13427734375,-0.1220703125,-0.09765625,0.86669921875,0,-0.4638671875,-0.01220703125,-0.537109375
1,-0.1953125,-0.35400390625,0.09765625,-0.29296875,0.15869140625,-0.1220703125,-0.0732421875,-0.01220703125,-0.20751953125,0.01220703125,-0.25634765625,-0.91552734375,-0.18310546875,1.123046875,0.06103515625,-0.146484375,-0.08544921875,-0.59814453125,0.18310546875,-0.1708984375,0.10986328125,0.8544921875,0,-0.72021484375,-0.3662109375,0.048828125,-0.13427734375,-0.78125,-0.29296875,0.91552734375,0.03662109375,0.23193359375,0.5615234375,-0.29296875,-0.4638671875,-0.9033203125,-0.09765625,-0.3662109375,-0.18310546875,-0.74462890625,0.15869140625,-0.1708984375,-0.28076171875,-0.6591796875,-0.08544921875,-0.29296875,0.048828125,0.7080078125,0.08544921875,1.15966796875,-0.390625,0.439453125,0,-0.1953125,-0.244140625,0.72021484375,-0.25634765625,1.47705078125,-0.341796875,1.1474609375,0.20751953125,1.3427734375,-0.341796875,1.2939453125,0.0732421875,0.146484375,-0.25634765625,1.0498046875,-0.20751953125,0.23193359375,0,0.20751953125,-0.3662109375,0.30517578125,0.0244140625,0.86669921875,0.1953125,-0.01220703125,-0.0244140625,1.318359375,-0.146484375,-0.9765625,-0.15869140625,-0.390625,-0.23193359375,-0.93994140625,0.06103515625,-0.76904296875,-0.06103515625,-1.57470703125,0,-0.25634765625,0.25634765625,-0.3173828125,-0.0244140625,-1.20849609375,0.2685546875,-1.20849609375,-0.23193359375,-1.06201171875,-0.244140625,-1.07421875,0.06103515625,-0.7080078125,0.146484375,8.36181640625,0.3173828125,3.60107421875,-0.18310546875,2.96630859375,-0.0244140625,5.76171875,0.06103515625,0.35400390625,-0.048828125,-0.03662109375,-0.06103515625,0.03662109375,0.0244140625,0.146484375,-0.10986328125,-0.10986328125,-0.1220703125,0.830078125,0.01220703125,-0.45166015625,0,-0.537109375
1,-0.15869140625,-0.35400390625,0.10986328125,-0.30517578125,0.1708984375,-0.0244140625,-0.06103515625,0.01220703125,-0.23193359375,0.01220703125,-0.20751953125,-0.89111328125,-0.1708984375,1.123046875,0.03662109375,-0.146484375,-0.03662109375,-0.59814453125,0.1708984375,-0.18310546875,0.08544921875,0.830078125,-0.03662109375,-0.72021484375,-0.3173828125,0.03662109375,-0.1220703125,-0.78125,-0.2197265625,0.89111328125,0.09765625,0.1953125,0.48828125,-0.2685546875,-0.3173828125,-0.93994140625,-0.08544921875,-0.3662109375,-0.1708984375,-0.74462890625,0.23193359375,-0.18310546875,-0.23193359375,-0.67138671875,-0.1220703125,-0.29296875,0.08544921875,0.67138671875,0.1220703125,1.18408203125,-0.390625,0.4638671875,0.03662109375,-0.25634765625,-0.10986328125,0.72021484375,-0.30517578125,1.72119140625,-0.341796875,1.30615234375,0.1220703125,1.46484375,-0.3173828125,1.513671875,0.048828125,0.146484375,-0.25634765625,1.0498046875,-0.1708984375,0.23193359375,-0.01220703125,0.1953125,-0.35400390625,0.30517578125,0.048828125,0.89111328125,0.18310546875,0,-0.048828125,1.30615234375,-0.15869140625,-0.98876953125,-0.1708984375,-0.37841796875,-0.18310546875,-0.96435546875,0.01220703125,-0.78125,-0.10986328125,-1.5625,-0.0244140625,-0.244140625,0.18310546875,-0.3173828125,-0.0244140625,-1.18408203125,0.2685546875,-1.220703125,-0.2685546875,-1.06201171875,-0.2685546875,-1.08642578125,0.13427734375,-0.72021484375,0.146484375,8.28857421875,0.28076171875,3.50341796875,-0.18310546875,2.91748046875,-0.01220703125,5.6884765625,0.06103515625,0.341796875,-0.0732421875,-0.03662109375,-0.06103515625,0.0244140625,0.03662109375,0.1220703125,-0.08544921875,-0.10986328125,-0.08544921875,0.84228515625,0.0244140625,-0.45166015625,0.03662109375,-0.537109375
1,-0.15869140625,-0.35400390625,0.09765625,-0.29296875,0.1708984375,0.08544921875,-0.06103515625,0,-0.18310546875,0.01220703125,-0.18310546875,-0.89111328125,-0.15869140625,1.123046875,0.03662109375,-0.15869140625,0,-0.62255859375,0.15869140625,-0.1708984375,-0.03662109375,0.81787109375,-0.03662109375,-0.7080078125,-0.25634765625,0.01220703125,-0.0732421875,-0.79345703125,-0.09765625,0.9033203125,0.1220703125,0.20751953125,0.32958984375,-0.25634765625,-0.1220703125,-0.93994140625,-0.15869140625,-0.37841796875,-0.13427734375,-0.76904296875,0.25634765625,-0.18310546875,-0.15869140625,-0.69580078125,-0.18310546875,-0.30517578125,0.09765625,0.6591796875,0.09765625,1.18408203125,-0.3662109375,0.47607421875,0.0244140625,-0.28076171875,0.03662109375,0.76904296875,-0.35400390625,1.904296875,-0.3173828125,1.40380859375,0.08544921875,1.52587890625,-0.40283203125,1.6845703125,0,0.15869140625,-0.2197265625,1.03759765625,-0.10986328125,0.244140625,-0.06103515625,0.18310546875,-0.32958984375,0.29296875,0.048828125,0.9033203125,0.20751953125,0,-0.048828125,1.318359375,-0.18310546875,-0.98876953125,-0.1708984375,-0.390625,-0.10986328125,-0.98876953125,-0.03662109375,-0.76904296875,-0.146484375,-1.4892578125,-0.03662109375,-0.25634765625,0.09765625,-0.30517578125,0.01220703125,-1.171875,0.20751953125,-1.220703125,-0.2685546875,-1.08642578125,-0.20751953125,-1.08642578125,0.13427734375,-0.7080078125,0.15869140625,8.10546875,0.25634765625,3.369140625,-0.18310546875,2.81982421875,-0.0244140625,5.55419921875,0.03662109375,0.35400390625,-0.06103515625,-0.0244140625,-0.0732421875,0.03662109375,0.01220703125,0.146484375,-0.08544921875,-0.09765625,-0.06103515625,0.830078125,0.0244140625,-0.4638671875,0.0244140625,-0.54931640625
1,-0.15869140625,-0.341796875,0.1220703125,-0.32958984375,0.18310546875,0.1708984375,-0.0732421875,-0.03662109375,-0.18310546875,-0.0244140625,-0.1708984375,-0.87890625,-0.146484375,1.123046875,0.03662109375,-0.1708984375,0.03662109375,-0.6591796875,0.13427734375,-0.1708984375,-0.1220703125,0.84228515625,-0.06103515625,-0.69580078125,-0.18310546875,-0.01220703125,-0.0244140625,-0.79345703125,0.048828125,0.9033203125,0.0732421875,0.1953125,0.1953125,-0.2685546875,0,-0.93994140625,-0.28076171875,-0.3662109375,-0.0244140625,-0.74462890625,0.1953125,-0.18310546875,-0.048828125,-0.72021484375,-0.20751953125,-0.35400390625,0.13427734375,0.64697265625,0.10986328125,1.1962890625,-0.28076171875,0.5126953125,0.048828125,-0.30517578125,0.18310546875,0.76904296875,-0.3662109375,1.953125,-0.29296875,1.3916015625,0.0244140625,1.513671875,-0.4150390625,1.74560546875,0.01220703125,0.15869140625,-0.2197265625,1.0498046875,-0.0732421875,0.23193359375,-0.1220703125,0.1708984375,-0.2685546875,0.28076171875,0.03662109375,0.927734375,0.20751953125,0.0244140625,-0.048828125,1.318359375,-0.18310546875,-1.0009765625,-0.1708984375,-0.4150390625,0.03662109375,-0.9765625,-0.1220703125,-0.78125,-0.20751953125,-1.42822265625,-0.09765625,-0.2685546875,-0.01220703125,-0.28076171875,0.0732421875,-1.13525390625,0.1708984375,-1.20849609375,-0.2685546875,-1.08642578125,-0.13427734375,-1.07421875,0.146484375,-0.72021484375,0.15869140625,7.82470703125,0.20751953125,3.173828125,-0.13427734375,2.72216796875,-0.06103515625,5.40771484375,0.01220703125,0.35400390625,-0.03662109375,-0.0244140625,-0.06103515625,0.03662109375,-0.01220703125,0.13427734375,-0.0732421875,-0.0732421875,-0.048828125,0.81787109375,0.01220703125,-0.4638671875,0.0244140625,-0.57373046875
0,-0.146484375,-0.35400390625,0.146484375,-0.32958984375,0.1953125,0.23193359375,-0.03662109375,-0.03662109375,-0.1220703125,-0.0244140625,-0.146484375,-0.87890625,-0.13427734375,1.08642578125,0.01220703125,-0.1953125,0.0244140625,-0.64697265625,0.048828125,-0.18310546875,-0.1953125,0.81787109375,-0.10986328125,-0.69580078125,-0.08544921875,-0.0244140625,0.06103515625,-0.8056640625,0.15869140625,0.91552734375,0.01220703125,0.1953125,0.06103515625,-0.29296875,0.03662109375,-0.9521484375,-0.45166015625,-0.3662109375,-0.048828125,-0.7568359375,0.244140625,-0.1708984375,0.0244140625,-0.72021484375,-0.18310546875,-0.40283203125,0.20751953125,0.634765625,0.08544921875,1.18408203125,-0.2197265625,0.5126953125,0.0732421875,-0.2685546875,0.2685546875,0.79345703125,-0.37841796875,1.904296875,-0.29296875,1.33056640625,0.03662109375,1.45263671875,-0.439453125,1.7333984375,0,0.18310546875,-0.146484375,1.0498046875,-0.048828125,0.23193359375,-0.15869140625,0.18310546875,-0.23193359375,0.28076171875,0.048828125,0.927734375,0.1953125,0.0244140625,-0.0244140625,1.33056640625,-0.1708984375,-0.9765625,-0.15869140625,-0.40283203125,0.10986328125,-0.9765625,-0.244140625,-0.78125,-0.29296875,-1.35498046875,-0.146484375,-0.2685546875,-0.13427734375,-0.2685546875,0.10986328125,-1.123046875,0.15869140625,-1.1962890625,-0.20751953125,-1.123046875,-0.01220703125,-1.07421875,0.1220703125,-0.7080078125,0.146484375,7.45849609375,0.1953125,2.99072265625,-0.0732421875,2.587890625,-0.09765625,5.2490234375,-0.01220703125,0.341796875,-0.0244140625,-0.01220703125,-0.06103515625,0.01220703125,-0.03662109375,0.15869140625,-0.09765625,-0.0732421875,-0.0244140625,0.830078125,0.03662109375,-0.4638671875,0.048828125,-0.54931640625
0,-0.15869140625,-0.341796875,0.1708984375,-0.341796875,0.23193359375,0.28076171875,-0.03662109375,-0.048828125,-0.08544921875,-0.01220703125,-0.1220703125,-0.87890625,-0.15869140625,1.07421875,0,-0.20751953125,0,-0.634765625,-0.0244140625,-0.1953125,-0.28076171875,0.8056640625,-0.18310546875,-0.68359375,-0.01220703125,-0.048828125,0.10986328125,-0.8056640625,0.2197265625,0.91552734375,-0.0244140625,0.20751953125,0.048828125,-0.32958984375,0,-0.93994140625,-0.537109375,-0.3662109375,-0.0732421875,-0.74462890625,0.2197265625,-0.1708984375,0.06103515625,-0.72021484375,-0.1708984375,-0.40283203125,0.2197265625,0.634765625,0.03662109375,1.1474609375,-0.1708984375,0.48828125,0.08544921875,-0.23193359375,0.3662109375,0.76904296875,-0.3662109375,1.77001953125,-0.2685546875,1.20849609375,0.048828125,1.3671875,-0.42724609375,1.611328125,0.0244140625,0.15869140625,-0.048828125,1.0498046875,0,0.2197265625,-0.146484375,0.1953125,-0.2197265625,0.2685546875,0.08544921875,0.96435546875,0.18310546875,0.0244140625,0,1.33056640625,-0.15869140625,-0.9765625,-0.1220703125,-0.4150390625,0.1708984375,-0.96435546875,-0.25634765625,-0.78125,-0.32958984375,-1.26953125,-0.2197265625,-0.2685546875,-0.1708984375,-0.2685546875,0.1220703125,-1.123046875,0.10986328125,-1.220703125,-0.15869140625,-1.0986328125,0.1220703125,-1.07421875,0.0732421875,-0.7080078125,0.08544921875,7.080078125,0.10986328125,2.81982421875,-0.06103515625,2.44140625,-0.09765625,5.09033203125,-0.03662109375,0.35400390625,-0.0244140625,-0.01220703125,-0.06103515625,0.0244140625,-0.06103515625,0.15869140625,-0.10986328125,-0.03662109375,-0.0244140625,0.8544921875,0.01220703125,-0.47607421875,0.048828125,-0.5615234375
0,-0.146484375,-0.35400390625,0.146484375,-0.3662109375,0.1953125,0.2685546875,-0.048828125,-0.0732421875,-0.048828125,-0.01220703125,-0.0732421875,-0.8544921875,-0.15869140625,1.08642578125,0.0244140625,-0.20751953125,-0.03662109375,-0.62255859375,-0.0732421875,-0.1953125,-0.3173828125,0.8056640625,-0.25634765625,-0.6591796875,0.03662109375,-0.06103515625,0.146484375,-0.81787109375,0.2685546875,0.89111328125,-0.03662109375,0.20751953125,0.13427734375,-0.32958984375,-0.10986328125,-0.91552734375,-0.50048828125,-0.37841796875,-0.23193359375,-0.74462890625,0.2685546875,-0.18310546875,0.06103515625,-0.732421875,-0.10986328125,-0.390625,0.28076171875,0.62255859375,0,1.13525390625,-0.10986328125,0.47607421875,0.146484375,-0.1953125,0.4150390625,0.7568359375,-0.2685546875,1.59912109375,-0.18310546875,1.03759765625,0.0732421875,1.25732421875,-0.25634765625,1.42822265625,0.0244140625,0.1708984375,0.03662109375,1.0498046875,0.0244140625,0.2197265625,-0.13427734375,0.20751953125,-0.20751953125,0.244140625,0.08544921875,0.93994140625,0.15869140625,0.03662109375,0,1.318359375,-0.13427734375,-0.9521484375,-0.09765625,-0.4150390625,0.18310546875,-0.9765625,-0.2197265625,-0.76904296875,-0.341796875,-1.1962890625,-0.28076171875,-0.25634765625,-0.13427734375,-0.28076171875,0.0732421875,-1.13525390625,0.0244140625,-1.220703125,-0.048828125,-1.11083984375,0.25634765625,-1.08642578125,0.08544921875,-0.67138671875,0.146484375,6.65283203125,0.09765625,2.63671875,-0.03662109375,2.2705078125,-0.03662109375,4.87060546875,-0.048828125,0.3662109375,-0.03662109375,-0.01220703125,-0.06103515625,0.0244140625,-0.06103515625,0.1708984375,-0.09765625,-0.0244140625,-0.0244140625,0.87890625,0.01220703125,-0.47607421875,0.0244140625,-0.537109375
0,-0.1220703125,-0.3662109375,0.146484375,-0.35400390625,0.2197265625,0.244140625,-0.03662109375,-0.0732421875,0,0,-0.06103515625,-0.86669921875,-0.146484375,1.07421875,0.0244140625,-0.18310546875,-0.0244140625,-0.6103515625,-0.1220703125,-0.1953125,-0.29296875,0.81787109375,-0.341796875,-0.64697265625,0.06103515625,-0.09765625,0.10986328125,-0.81787109375,0.25634765625,0.91552734375,0,0.2197265625,0.244140625,-0.3662109375,-0.2685546875,-0.927734375,-0.439453125,-0.42724609375,-0.32958984375,-0.74462890625,0.35400390625,-0.20751953125,-0.0244140625,-0.732421875,-0.06103515625,-0.4150390625,0.29296875,0.6103515625,0,1.1474609375,-0.10986328125,0.47607421875,0.1708984375,-0.13427734375,0.42724609375,0.7568359375,-0.25634765625,1.3671875,-0.18310546875,0.86669921875,0.03662109375,1.171875,-0.244140625,1.23291015625,0.09765625,0.1953125,0.13427734375,1.03759765625,0.03662109375,0.2197265625,-0.09765625,0.1953125,-0.146484375,0.244140625,0.09765625,0.91552734375,0.1220703125,0.03662109375,0.01220703125,1.33056640625,-0.13427734375,-0.96435546875,-0.09765625,-0.4150390625,0.13427734375,-0.9765625,-0.146484375,-0.76904296875,-0.32958984375,-1.11083984375,-0.28076171875,-0.25634765625,-0.0732421875,-0.29296875,0.01220703125,-1.15966796875,-0.08544921875,-1.220703125,0.06103515625,-1.0986328125,0.3173828125,-1.08642578125,0.0732421875,-0.67138671875,0.01220703125,6.25,0.0244140625,2.490234375,-0.0732421875,2.099609375,-0.03662109375,4.67529296875,-0.048828125,0.35400390625,-0.0732421875,-0.0244140625,-0.0732421875,0.03662109375,-0.06103515625,0.15869140625,-0.1220703125,-0.03662109375,-0.0244140625,0.89111328125,0.01220703125,-0.4638671875,0.01220703125,-0.52490234375
0,-0.1220703125,-0.37841796875,0.146484375,-0.341796875,0.23193359375,0.13427734375,-0.06103515625,-0.06103515625,0.01220703125,0.01220703125,-0.06103515625,-0.86669921875,-0.15869140625,1.07421875,0.0244140625,-0.15869140625,-0.01220703125,-0.6103515625,-0.1220703125,-0.18310546875,-0.2685546875,0.8056640625,-0.37841796875,-0.634765625,0.06103515625,-0.13427734375,0.03662109375,-0.8056640625,0.1708984375,0.9033203125,0.08544921875,0.2197265625,0.32958984375,-0.439453125,-0.439453125,-0.927734375,-0.341796875,-0.4638671875,-0.390625,-0.7568359375,0.390625,-0.2197265625,-0.1220703125,-0.72021484375,0.01220703125,-0.42724609375,0.2685546875,0.6103515625,-0.01220703125,1.13525390625,-0.15869140625,0.47607421875,0.1708984375,-0.10986328125,0.390625,0.74462890625,-0.15869140625,1.1962890625,-0.18310546875,0.72021484375,0.0732421875,1.07421875,-0.23193359375,1.0498046875,0.08544921875,0.1708984375,0.2197265625,1.03759765625,0.048828125,0.23193359375,-0.03662109375,0.2197265625,-0.08544921875,0.2197265625,0.08544921875,0.91552734375,0.0732421875,0,0.0244140625,1.318359375,-0.0732421875,-0.96435546875,-0.09765625,-0.4150390625,0.10986328125,-0.9765625,-0.01220703125,-0.76904296875,-0.29296875,-1.0498046875,-0.2685546875,-0.28076171875,0.0732421875,-0.3173828125,-0.048828125,-1.171875,-0.1220703125,-1.18408203125,0.146484375,-1.11083984375,0.341796875,-1.0986328125,0.06103515625,-0.6591796875,-0.0732421875,5.84716796875,-0.03662109375,2.30712890625,-0.13427734375,1.94091796875,-0.0732421875,4.4677734375,-0.06103515625,0.3662109375,-0.08544921875,-0.01220703125,-0.06103515625,0.048828125,-0.03662109375,0.1708984375,-0.1220703125,-0.03662109375,-0.03662109375,0.91552734375,0.0244140625,-0.4638671875,0.01220703125,-0.50048828125
0,-0.10986328125,-0.37841796875,0.146484375,-0.3173828125,0.23193359375,0,-0.048828125,-0.048828125,0,-0.01220703125,-0.01220703125,-0.87890625,-0.1953125,1.08642578125,-0.01220703125,-0.1220703125,-0.03662109375,-0.6103515625,-0.08544921875,-0.1953125,-0.1708984375,0.830078125,-0.390625,-0.64697265625,0.01220703125,-0.15869140625,-0.0244140625,-0.79345703125,0.0244140625,0.9033203125,0.18310546875,0.23193359375,0.35400390625,-0.45166015625,-0.5126953125,-0.9033203125,-0.23193359375,-0.48828125,-0.40283203125,-0.74462890625,0.4150390625,-0.23193359375,-0.20751953125,-0.68359375,0.03662109375,-0.40283203125,0.20751953125,0.62255859375,-0.01220703125,1.11083984375,-0.2685546875,0.42724609375,0.18310546875,-0.10986328125,0.29296875,0.7080078125,-0.048828125,1.01318359375,-0.244140625,0.59814453125,0.1708984375,0.98876953125,-0.146484375,0.87890625,0.09765625,0.1953125,0.2685546875,1.0498046875,0.03662109375,0.20751953125,0.0244140625,0.20751953125,-0.0244140625,0.23193359375,0.0732421875,0.86669921875,0,-0.01220703125,0.048828125,1.318359375,-0.048828125,-0.96435546875,-0.08544921875,-0.390625,0.06103515625,-0.96435546875,0.08544921875,-0.79345703125,-0.244140625,-1.01318359375,-0.2197265625,-0.28076171875,0.1953125,-0.3173828125,-0.10986328125,-1.171875,-0.13427734375,-1.1962890625,0.2197265625,-1.0986328125,0.3173828125,-1.0986328125,0.03662109375,-0.6591796875,-0.08544921875,5.4931640625,-0.03662109375,2.1240234375,-0.18310546875,1.7822265625,-0.146484375,4.26025390625,-0.0244140625,0.37841796875,-0.10986328125,-0.01220703125,-0.0732421875,0.03662109375,-0.048828125,0.1708984375,-0.09765625,-0.048828125,-0.0732421875,0.89111328125,0.01220703125,-0.4638671875,-0.01220703125,-0.5126953125
0,-0.1220703125,-0.37841796875,0.15869140625,-0.3173828125,0.2197265625,-0.15869140625,-0.03662109375,-0.048828125,0.0244140625,0,0,-0.86669921875,-0.1708984375,1.07421875,-0.0244140625,-0.1220703125,-0.08544921875,-0.6103515625,-0.0244140625,-0.18310546875,-0.048828125,0.830078125,-0.32958984375,-0.64697265625,-0.01220703125,-0.18310546875,-0.06103515625,-0.79345703125,-0.13427734375,0.91552734375,0.18310546875,0.2197265625,0.28076171875,-0.45166015625,-0.47607421875,-0.9033203125,-0.1953125,-0.47607421875,-0.4150390625,-0.7568359375,0.35400390625,-0.2197265625,-0.2685546875,-0.68359375,0.08544921875,-0.40283203125,0.18310546875,0.62255859375,0.01220703125,1.0986328125,-0.2685546875,0.390625,0.13427734375,-0.1220703125,0.23193359375,0.68359375,0,0.91552734375,-0.20751953125,0.52490234375,0.244140625,0.93994140625,-0.1708984375,0.732421875,0.0732421875,0.1953125,0.32958984375,1.0498046875,0.0244140625,0.2197265625,0.06103515625,0.20751953125,0.06103515625,0.2197265625,0.0244140625,0.86669921875,-0.0732421875,-0.01220703125,0.0732421875,1.318359375,-0.03662109375,-0.96435546875,-0.08544921875,-0.390625,0.01220703125,-0.98876953125,0.1708984375,-0.78125,-0.23193359375,-0.96435546875,-0.10986328125,-0.29296875,0.30517578125,-0.32958984375,-0.1708984375,-1.1962890625,-0.06103515625,-1.18408203125,0.244140625,-1.11083984375,0.244140625,-1.08642578125,0.048828125,-0.67138671875,-0.08544921875,5.126953125,-0.048828125,1.94091796875,-0.2197265625,1.6357421875,-0.1708984375,4.0283203125,0.01220703125,0.390625,-0.1220703125,-0.0244140625,-0.0732421875,0.048828125,-0.03662109375,0.18310546875,-0.10986328125,-0.048828125,-0.0732421875,0.87890625,0,-0.4638671875,-0.01220703125,-0.50048828125
0,-0.1220703125,-0.3662109375,0.146484375,-0.3173828125,0.20751953125,-0.30517578125,-0.0244140625,-0.048828125,0.03662109375,-0.0244140625,0.01220703125,-0.89111328125,-0.13427734375,1.07421875,-0.048828125,-0.13427734375,-0.10986328125,-0.62255859375,0.048828125,-0.18310546875,0.048828125,0.86669921875,-0.25634765625,-0.64697265625,-0.06103515625,-0.2197265625,-0.10986328125,-0.78125,-0.23193359375,0.89111328125,0.146484375,0.2197265625,0.18310546875,-0.40283203125,-0.390625,-0.9033203125,-0.10986328125,-0.47607421875,-0.390625,-0.732421875,0.25634765625,-0.20751953125,-0.28076171875,-0.6591796875,0.048828125,-0.3662109375,0.09765625,0.634765625,0.08544921875,1.08642578125,-0.3662109375,0.37841796875,0.09765625,-0.10986328125,0.20751953125,0.67138671875,-0.0732421875,0.89111328125,-0.2685546875,0.537109375,0.25634765625,0.9033203125,-0.25634765625,0.69580078125,0.08544921875,0.18310546875,0.32958984375,1.0498046875,0.0244140625,0.244140625,0.10986328125,0.2197265625,0.146484375,0.244140625,-0.03662109375,0.87890625,-0.15869140625,-0.0244140625,0.06103515625,1.30615234375,-0.01220703125,-0.9765625,-0.08544921875,-0.40283203125,-0.048828125,-1.025390625,0.20751953125,-0.79345703125,-0.20751953125,-0.91552734375,-0.01220703125,-0.28076171875,0.35400390625,-0.3173828125,-0.1220703125,-1.20849609375,0.06103515625,-1.20849609375,0.25634765625,-1.08642578125,0.18310546875,-1.07421875,0.0732421875,-0.67138671875,-0.048828125,4.8095703125,-0.0732421875,1.77001953125,-0.244140625,1.47705078125,-0.18310546875,3.82080078125,-0.0244140625,0.40283203125,-0.13427734375,-0.0244140625,-0.06103515625,0.048828125,-0.048828125,0.1708984375,-0.08544921875,-0.06103515625,-0.10986328125,0.86669921875,-0.01220703125,-0.4638671875,0,-0.48828125
0,-0.09765625,-0.37841796875,0.15869140625,-0.32958984375,0.18310546875,-0.48828125,-0.0244140625,-0.03662109375,0.0244140625,-0.0244140625,0.048828125,-0.9033203125,-0.10986328125,1.08642578125,-0.08544921875,-0.146484375,-0.146484375,-0.634765625,0.10986328125,-0.15869140625,0.0732421875,0.8544921875,-0.146484375,-0.68359375,-0.06103515625,-0.244140625,-0.13427734375,-0.76904296875,-0.25634765625,0.9033203125,0.06103515625,0.244140625,0.048828125,-0.37841796875,-0.25634765625,-0.89111328125,-0.0732421875,-0.47607421875,-0.341796875,-0.78125,0.1220703125,-0.2197265625,-0.244140625,-0.67138671875,0,-0.3662109375,0.13427734375,0.634765625,0.13427734375,1.123046875,-0.29296875,0.40283203125,0.01220703125,-0.15869140625,0.1220703125,0.68359375,-0.0244140625,0.87890625,-0.15869140625,0.6103515625,0.40283203125,0.89111328125,-0.1708984375,0.68359375,0.09765625,0.1953125,0.32958984375,1.06201171875,0.0244140625,0.25634765625,0.10986328125,0.2197265625,0.23193359375,0.25634765625,-0.1220703125,0.8544921875,-0.18310546875,-0.048828125,0.06103515625,1.2939453125,-0.03662109375,-0.9765625,-0.08544921875,-0.40283203125,-0.0244140625,-1.025390625,0.146484375,-0.8056640625,-0.20751953125,-0.89111328125,0.0732421875,-0.28076171875,0.341796875,-0.3173828125,-0.08544921875,-1.1962890625,0.1708984375,-1.1962890625,0.30517578125,-1.08642578125,0.1220703125,-1.06201171875,0.1220703125,-0.68359375,0.06103515625,4.45556640625,-0.09765625,1.5625,-0.25634765625,1.33056640625,-0.20751953125,3.60107421875,-0.03662109375,0.40283203125,-0.1220703125,-0.03662109375,-0.0732421875,0.048828125,-0.10986328125,0.1708984375,-0.09765625,-0.06103515625,-0.09765625,0.8544921875,-0.01220703125,-0.439453125,-0.0244140625,-0.48828125
0,-0.09765625,-0.3662109375,0.1708984375,-0.341796875,0.20751953125,-0.57373046875,-0.01220703125,-0.06103515625,0.03662109375,-0.0244140625,0.08544921875,-0.91552734375,-0.06103515625,1.0986328125,-0.08544921875,-0.1708984375,-0.15869140625,-0.634765625,0.18310546875,-0.146484375,0.08544921875,0.87890625,-0.03662109375,-0.7080078125,-0.10986328125,-0.23193359375,-0.18310546875,-0.74462890625,-0.2197265625,0.89111328125,-0.0244140625,0.20751953125,-0.048828125,-0.3662109375,-0.06103515625,-0.89111328125,-0.03662109375,-0.47607421875,-0.1953125,-0.76904296875,-0.0244140625,-0.20751953125,-0.1708984375,-0.67138671875,-0.09765625,-0.3662109375,0.13427734375,0.64697265625,0.2197265625,1.13525390625,-0.3662109375,0.42724609375,-0.1220703125,-0.20751953125,0.09765625,0.69580078125,-0.08544921875,0.9033203125,-0.03662109375,0.67138671875,0.4150390625,0.91552734375,-0.146484375,0.7080078125,0.09765625,0.18310546875,0.3173828125,1.0498046875,0.0244140625,0.28076171875,0.08544921875,0.1953125,0.244140625,0.2685546875,-0.1708984375,0.8544921875,-0.1953125,-0.03662109375,0.01220703125,1.30615234375,-0.0732421875,-1.0009765625,-0.08544921875,-0.40283203125,-0.01220703125,-1.03759765625,0.03662109375,-0.830078125,-0.20751953125,-0.86669921875,0.13427734375,-0.29296875,0.244140625,-0.341796875,0.03662109375,-1.220703125,0.23193359375,-1.171875,0.341796875,-1.0986328125,0.0732421875,-1.06201171875,0.10986328125,-0.69580078125,0.1953125,4.06494140625,-0.10986328125,1.3427734375,-0.2685546875,1.15966796875,-0.15869140625,3.38134765625,-0.06103515625,0.390625,-0.13427734375,-0.0244140625,-0.0732421875,0.06103515625,-0.13427734375,0.1708984375,-0.1220703125,-0.0244140625,-0.0732421875,0.830078125,-0.01220703125,-0.439453125,0,-0.47607421875
0,-0.09765625,-0.3662109375,0.1953125,-0.341796875,0.20751953125,-0.64697265625,-0.01220703125,-0.048828125,0.03662109375,-0.0244140625,0.10986328125,-0.91552734375,-0.0732421875,1.0986328125,-0.1220703125,-0.1953125,-0.10986328125,-0.634765625,0.25634765625,-0.1220703125,0.03662109375,0.86669921875,0.048828125,-0.7080078125,-0.146484375,-0.20751953125,-0.1953125,-0.7568359375,-0.1220703125,0.87890625,-0.08544921875,0.2197265625,-0.10986328125,-0.30517578125,0.08544921875,-0.89111328125,0,-0.45166015625,-0.09765625,-0.76904296875,-0.146484375,-0.1708984375,-0.10986328125,-0.67138671875,-0.1953125,-0.3662109375,0.06103515625,0.634765625,0.29296875,1.1474609375,-0.3662109375,0.4638671875,-0.244140625,-0.244140625,0,0.72021484375,-0.20751953125,0.927734375,-0.06103515625,0.732421875,0.341796875,0.89111328125,-0.1220703125,0.69580078125,0.1220703125,0.1708984375,0.3173828125,1.0498046875,0.03662109375,0.28076171875,0.09765625,0.18310546875,0.25634765625,0.28076171875,-0.2197265625,0.86669921875,-0.18310546875,-0.048828125,-0.03662109375,1.30615234375,-0.13427734375,-1.01318359375,-0.09765625,-0.4150390625,0.01220703125,-1.03759765625,-0.09765625,-0.84228515625,-0.1953125,-0.86669921875,0.146484375,-0.30517578125,0.18310546875,-0.29296875,0.13427734375,-1.20849609375,0.15869140625,-1.171875,0.390625,-1.07421875,0.03662109375,-1.06201171875,0.08544921875,-0.69580078125,0.2197265625,3.62548828125,-0.1220703125,1.07421875,-0.3173828125,0.98876953125,-0.2197265625,3.13720703125,-0.09765625,0.40283203125,-0.1220703125,-0.01220703125,-0.0732421875,0.0244140625,-0.15869140625,0.15869140625,-0.146484375,-0.03662109375,-0.06103515625,0.84228515625,-0.0244140625,-0.4638671875,0.0244140625,-0.48828125
0,-0.09765625,-0.37841796875,0.18310546875,-0.35400390625,0.23193359375,-0.64697265625,-0.0244140625,-0.06103515625,0.03662109375,-0.0244140625,0.10986328125,-0.9033203125,-0.08544921875,1.0986328125,-0.146484375,-0.20751953125,-0.0732421875,-0.634765625,0.3173828125,-0.15869140625,0,0.86669921875,0.13427734375,-0.72021484375,-0.1708984375,-0.18310546875,-0.1953125,-0.7568359375,0,0.87890625,-0.18310546875,0.2197265625,-0.06103515625,-0.2685546875,0.2197265625,-0.89111328125,0.06103515625,-0.45166015625,0.01220703125,-0.74462890625,-0.20751953125,-0.1708984375,-0.0732421875,-0.7080078125,-0.29296875,-0.35400390625,0.0732421875,0.634765625,0.3173828125,1.15966796875,-0.28076171875,0.5126953125,-0.32958984375,-0.25634765625,-0.09765625,0.74462890625,-0.244140625,0.9033203125,0.048828125,0.76904296875,0.35400390625,0.86669921875,-0.0244140625,0.67138671875,0.1708984375,0.15869140625,0.28076171875,1.0498046875,0.03662109375,0.29296875,0.0732421875,0.15869140625,0.244140625,0.2685546875,-0.29296875,0.87890625,-0.18310546875,-0.0244140625,-0.0732421875,1.30615234375,-0.20751953125,-1.0009765625,-0.09765625,-0.42724609375,-0.01220703125,-1.025390625,-0.2197265625,-0.8544921875,-0.146484375,-0.9033203125,0.1220703125,-0.29296875,0.1220703125,-0.29296875,0.23193359375,-1.20849609375,-0.01220703125,-1.171875,0.37841796875,-1.08642578125,0,-1.0498046875,0.01220703125,-0.69580078125,0.23193359375,3.1005859375,-0.0732421875,0.79345703125,-0.341796875,0.7568359375,-0.28076171875,2.86865234375,-0.13427734375,0.37841796875,-0.1220703125,-0.0244140625,-0.0732421875,0,-0.18310546875,0.1708984375,-0.15869140625,0.01220703125,-0.048828125,0.84228515625,0,-0.4638671875,0.03662109375,-0.47607421875
0,-0.09765625,-0.3662109375,0.20751953125,-0.3662109375,0.25634765625,-0.62255859375,-0.01220703125,-0.048828125,0.06103515625,-0.03662109375,0.10986328125,-0.9033203125,-0.0732421875,1.08642578125,-0.15869140625,-0.2197265625,-0.06103515625,-0.634765625,0.35400390625,-0.146484375,-0.01220703125,0.8544921875,0.1708984375,-0.72021484375,-0.1953125,-0.15869140625,-0.1708984375,-0.78125,0.0732421875,0.87890625,-0.1953125,0.20751953125,0.0244140625,-0.28076171875,0.244140625,-0.9033203125,0.09765625,-0.4638671875,0.08544921875,-0.7568359375,-0.2197265625,-0.1708984375,-0.03662109375,-0.69580078125,-0.3662109375,-0.40283203125,0.10986328125,0.6103515625,0.3173828125,1.171875,-0.244140625,0.537109375,-0.32958984375,-0.25634765625,-0.20751953125,0.78125,-0.29296875,0.86669921875,0.06103515625,0.79345703125,0.29296875,0.8056640625,0.03662109375,0.6103515625,0.244140625,0.18310546875,0.1953125,1.025390625,0.048828125,0.29296875,0.0244140625,0.146484375,0.244140625,0.28076171875,-0.3173828125,0.9033203125,-0.1708984375,0,-0.1220703125,1.30615234375,-0.25634765625,-1.0009765625,-0.10986328125,-0.4150390625,-0.0244140625,-1.025390625,-0.2685546875,-0.84228515625,-0.13427734375,-0.927734375,0.08544921875,-0.28076171875,0.0732421875,-0.28076171875,0.3173828125,-1.220703125,-0.18310546875,-1.171875,0.341796875,-1.0986328125,0.03662109375,-1.0498046875,-0.03662109375,-0.68359375,0.25634765625,2.47802734375,0.01220703125,0.5126953125,-0.3173828125,0.537109375,-0.30517578125,2.55126953125,-0.1220703125,0.3662109375,-0.08544921875,0.0244140625,-0.0732421875,-0.03662109375,-0.1953125,0.15869140625,-0.15869140625,0.0244140625,-0.03662109375,0.84228515625,0.03662109375,-0.47607421875,0.06103515625,-0.50048828125
1,-0.08544921875,-0.37841796875,0.1953125,-0.35400390625,0.28076171875,-0.537109375,-0.01220703125,-0.06103515625,0.09765625,-0.01220703125,0.1220703125,-0.87890625,-0.0732421875,1.07421875,-0.1708984375,-0.20751953125,-0.03662109375,-0.62255859375,0.32958984375,-0.1708984375,-0.03662109375,0.8544921875,0.1953125,-0.7080078125,-0.146484375,-0.1220703125,-0.13427734375,-0.79345703125,0.1708984375,0.86669921875,-0.15869140625,0.1953125,0.08544921875,-0.3173828125,0.2197265625,-0.9033203125,0.15869140625,-0.47607421875,0.10986328125,-0.7568359375,-0.18310546875,-0.18310546875,-0.048828125,-0.69580078125,-0.3662109375,-0.42724609375,0.10986328125,0.6103515625,0.30517578125,1.171875,-0.20751953125,0.5615234375,-0.3173828125,-0.2685546875,-0.32958984375,0.78125,-0.32958984375,0.79345703125,0.048828125,0.79345703125,0.32958984375,0.7568359375,0.06103515625,0.54931640625,0.28076171875,0.18310546875,0.146484375,1.0498046875,0.048828125,0.29296875,-0.0244140625,0.1708984375,0.1953125,0.28076171875,-0.3173828125,0.89111328125,-0.09765625,0,-0.15869140625,1.318359375,-0.29296875,-0.98876953125,-0.146484375,-0.40283203125,-0.08544921875,-1.01318359375,-0.28076171875,-0.830078125,-0.13427734375,-1.0009765625,-0.01220703125,-0.25634765625,0.09765625,-0.29296875,0.30517578125,-1.220703125,-0.29296875,-1.171875,0.29296875,-1.0986328125,0.048828125,-1.07421875,-0.0732421875,-0.67138671875,0.244140625,1.8310546875,0.08544921875,0.2197265625,-0.28076171875,0.28076171875,-0.30517578125,2.2705078125,-0.146484375,0.35400390625,-0.10986328125,0.0244140625,-0.0732421875,-0.06103515625,-0.18310546875,0.18310546875,-0.1708984375,0.03662109375,-0.06103515625,0.8544921875,0.048828125,-0.48828125,0.06103515625,-0.50048828125
1,-0.06103515625,-0.37841796875,0.1708984375,-0.35400390625,0.2685546875,-0.42724609375,-0.0244140625,-0.0732421875,0.1220703125,-0.048828125,0.146484375,-0.87890625,-0.0732421875,1.07421875,-0.1953125,-0.1953125,-0.0244140625,-0.62255859375,0.2685546875,-0.18310546875,-0.03662109375,0.8544921875,0.146484375,-0.7080078125,-0.10986328125,-0.09765625,-0.06103515625,-0.81787109375,0.1953125,0.87890625,-0.10986328125,0.18310546875,0.244140625,-0.341796875,0.15869140625,-0.91552734375,0.1708984375,-0.50048828125,0.1220703125,-0.76904296875,-0.048828125,-0.1708984375,-0.08544921875,-0.69580078125,-0.341796875,-0.45166015625,0.13427734375,0.62255859375,0.2685546875,1.171875,-0.1220703125,0.57373046875,-0.30517578125,-0.2685546875,-0.42724609375,0.76904296875,-0.3662109375,0.7568359375,0,0.74462890625,0.25634765625,0.72021484375,0.09765625,0.50048828125,0.244140625,0.20751953125,0.06103515625,1.025390625,0.03662109375,0.2685546875,-0.0732421875,0.15869140625,0.13427734375,0.2685546875,-0.32958984375,0.8544921875,-0.06103515625,0.0244140625,-0.1953125,1.33056640625,-0.28076171875,-0.98876953125,-0.146484375,-0.390625,-0.18310546875,-0.98876953125,-0.244140625,-0.81787109375,-0.146484375,-1.08642578125,-0.10986328125,-0.25634765625,0.09765625,-0.28076171875,0.20751953125,-1.25732421875,-0.3173828125,-1.18408203125,0.1953125,-1.0986328125,0.0244140625,-1.08642578125,-0.13427734375,-0.68359375,0.20751953125,1.25732421875,0.1220703125,-0.048828125,-0.29296875,0.06103515625,-0.2685546875,1.98974609375,-0.13427734375,0.3662109375,-0.10986328125,0.06103515625,-0.08544921875,-0.03662109375,-0.18310546875,0.18310546875,-0.146484375,0.03662109375,-0.048828125,0.81787109375,0.048828125,-0.48828125,0.0732421875,-0.5126953125
1,-0.03662109375,-0.37841796875,0.1708984375,-0.3662109375,0.244140625,-0.32958984375,-0.03662109375,-0.0732421875,0.18310546875,-0.03662109375,0.15869140625,-0.87890625,-0.06103515625,1.07421875,-0.1953125,-0.20751953125,-0.01220703125,-0.6103515625,0.20751953125,-0.1953125,-0.0732421875,0.84228515625,0.048828125,-0.68359375,-0.048828125,-0.10986328125,0,-0.81787109375,0.1953125,0.87890625,-0.01220703125,0.20751953125,0.37841796875,-0.390625,0.048828125,-0.91552734375,0.1953125,-0.5126953125,0.06103515625,-0.7568359375,0.0732421875,-0.1953125,-0.09765625,-0.6591796875,-0.29296875,-0.4638671875,0.15869140625,0.634765625,0.23193359375,1.1962890625,-0.15869140625,0.6103515625,-0.28076171875,-0.244140625,-0.537109375,0.74462890625,-0.2197265625,0.732421875,0.06103515625,0.7080078125,0.28076171875,0.72021484375,0.25634765625,0.48828125,0.244140625,0.2197265625,-0.01220703125,1.025390625,0.01220703125,0.25634765625,-0.10986328125,0.18310546875,0.0732421875,0.2685546875,-0.30517578125,0.9033203125,-0.01220703125,0.0244140625,-0.20751953125,1.3427734375,-0.2685546875,-0.98876953125,-0.15869140625,-0.390625,-0.25634765625,-0.9765625,-0.18310546875,-0.78125,-0.15869140625,-1.18408203125,-0.15869140625,-0.23193359375,0.13427734375,-0.29296875,0.0732421875,-1.220703125,-0.29296875,-1.1962890625,0.048828125,-1.08642578125,0,-1.0986328125,-0.1708984375,-0.6591796875,0.244140625,0.76904296875,0.146484375,-0.28076171875,-0.25634765625,-0.13427734375,-0.20751953125,1.77001953125,-0.1220703125,0.37841796875,-0.15869140625,0.0244140625,-0.06103515625,-0.03662109375,-0.146484375,0.18310546875,-0.1220703125,0.03662109375,-0.0732421875,0.81787109375,0.03662109375,-0.48828125,0.0732421875,-0.52490234375
1,-0.03662109375,-0.37841796875,0.15869140625,-0.37841796875,0.23193359375,-0.2685546875,-0.03662109375,-0.09765625,0.1953125,-0.01220703125,0.18310546875,-0.87890625,-0.03662109375,1.08642578125,-0.244140625,-0.20751953125,0.01220703125,-0.6103515625,0.1220703125,-0.20751953125,-0.1220703125,0.86669921875,-0.0732421875,-0.69580078125,0.01220703125,-0.1220703125,-0.01220703125,-0.84228515625,0.15869140625,0.9033203125,0.09765625,0.20751953125,0.45166015625,-0.40283203125,0.01220703125,-0.9521484375,0.1953125,-0.537109375,0.03662109375,-0.76904296875,0.2197265625,-0.20751953125,-0.1220703125,-0.64697265625,-0.20751953125,-0.4638671875,0.1708984375,0.62255859375,0.2197265625,1.18408203125,-0.03662109375,0.59814453125,-0.20751953125,-0.2197265625,-0.5615234375,0.74462890625,-0.1953125,0.74462890625,0.01220703125,0.732421875,0.2685546875,0.7568359375,0.23193359375,0.537109375,0.2197265625,0.23193359375,-0.048828125,1.03759765625,-0.0244140625,0.244140625,-0.13427734375,0.2197265625,-0.01220703125,0.2685546875,-0.3173828125,0.87890625,0.03662109375,0.01220703125,-0.1708984375,1.35498046875,-0.25634765625,-0.9765625,-0.146484375,-0.37841796875,-0.29296875,-0.9521484375,-0.13427734375,-0.76904296875,-0.15869140625,-1.26953125,-0.1953125,-0.2197265625,0.15869140625,-0.3173828125,-0.06103515625,-1.2451171875,-0.25634765625,-1.1962890625,-0.03662109375,-1.06201171875,-0.048828125,-1.0986328125,-0.15869140625,-0.64697265625,0.23193359375,0.50048828125,0.13427734375,-0.37841796875,-0.25634765625,-0.25634765625,-0.1708984375,1.59912109375,-0.13427734375,0.3662109375,-0.1708984375,0.03662109375,-0.0732421875,-0.03662109375,-0.13427734375,0.1953125,-0.1220703125,0,-0.08544921875,0.81787109375,0.0244140625,-0.50048828125,0.0732421875,-0.537109375
1,-0.03662109375,-0.3662109375,0.15869140625,-0.3662109375,0.244140625,-0.244140625,-0.03662109375,-0.06103515625,0.20751953125,-0.0244140625,0.20751953125,-0.87890625,-0.0244140625,1.0986328125,-0.244140625,-0.1953125,0,-0.6103515625,0.08544921875,-0.20751953125,-0.1708984375,0.8544921875,-0.2197265625,-0.69580078125,0.06103515625,-0.1220703125,-0.06103515625,-0.830078125,0.09765625,0.9033203125,0.2197265625,0.2197265625,0.45166015625,-0.47607421875,-0.06103515625,-0.91552734375,0.146484375,-0.537109375,-0.0732421875,-0.7568359375,0.37841796875,-0.2197265625,-0.09765625,-0.634765625,-0.1220703125,-0.50048828125,0.15869140625,0.6103515625,0.1953125,1.171875,-0.06103515625,0.634765625,-0.1220703125,-0.1953125,-0.57373046875,0.72021484375,-0.146484375,0.8544921875,0.08544921875,0.76904296875,0.20751953125,0.830078125,0.28076171875,0.6591796875,0.244140625,0.28076171875,-0.1220703125,1.03759765625,-0.06103515625,0.244140625,-0.13427734375,0.2197265625,-0.06103515625,0.2685546875,-0.2685546875,0.8544921875,0.06103515625,0.0244140625,-0.09765625,1.33056640625,-0.23193359375,-0.98876953125,-0.146484375,-0.37841796875,-0.28076171875,-0.96435546875,-0.08544921875,-0.74462890625,-0.2197265625,-1.3671875,-0.1953125,-0.2197265625,0.09765625,-0.30517578125,-0.10986328125,-1.20849609375,-0.23193359375,-1.20849609375,-0.13427734375,-1.06201171875,-0.1220703125,-1.0986328125,-0.1708984375,-0.64697265625,0.1708984375,0.50048828125,0.0244140625,-0.35400390625,-0.28076171875,-0.23193359375,-0.1708984375,1.611328125,-0.1220703125,0.390625,-0.15869140625,0.0244140625,-0.0732421875,-0.048828125,-0.09765625,0.18310546875,-0.08544921875,-0.01220703125,-0.09765625,0.79345703125,0.0244140625,-0.47607421875,0.08544921875,-0.52490234375
1,-0.03662109375,-0.3662109375,0.18310546875,-0.35400390625,0.2685546875,-0.244140625,-0.01220703125,-0.048828125,0.1708984375,0,0.244140625,-0.89111328125,-0.0244140625,1.11083984375,-0.30517578125,-0.15869140625,-0.03662109375,-0.634765625,0.03662109375,-0.20751953125,-0.2197265625,0.8544921875,-0.30517578125,-0.69580078125,0.048828125,-0.146484375,-0.06103515625,-0.830078125,0.03662109375,0.89111328125,0.28076171875,0.2197265625,0.30517578125,-0.47607421875,-0.0244140625,-0.91552734375,0.06103515625,-0.52490234375,-0.0732421875,-0.7568359375,0.439453125,-0.2197265625,-0.10986328125,-0.634765625,-0.048828125,-0.48828125,0.18310546875,0.64697265625,0.15869140625,1.15966796875,-0.09765625,0.69580078125,-0.0244140625,-0.15869140625,-0.57373046875,0.7080078125,-0.048828125,1.0009765625,0.08544921875,0.830078125,0.146484375,0.96435546875,0.2197265625,0.830078125,0.1953125,0.28076171875,-0.1708984375,1.025390625,-0.08544921875,0.23193359375,-0.09765625,0.20751953125,-0.10986328125,0.2685546875,-0.244140625,0.830078125,0.10986328125,0.01220703125,-0.0244140625,1.33056640625,-0.1953125,-0.9765625,-0.1220703125,-0.37841796875,-0.23193359375,-0.9765625,-0.08544921875,-0.74462890625,-0.2685546875,-1.4404296875,-0.15869140625,-0.20751953125,0.048828125,-0.29296875,-0.09765625,-1.1962890625,-0.25634765625,-1.1962890625,-0.20751953125,-1.06201171875,-0.18310546875,-1.08642578125,-0.18310546875,-0.6591796875,0.244140625,0.87890625,-0.0732421875,-0.15869140625,-0.2685546875,-0.09765625,-0.146484375,1.77001953125,-0.1220703125,0.390625,-0.15869140625,0.0244140625,-0.06103515625,-0.06103515625,-0.08544921875,0.18310546875,-0.08544921875,-0.03662109375,-0.09765625,0.79345703125,0.01220703125,-0.47607421875,0.0732421875,-0.5126953125
1,-0.048828125,-0.3662109375,0.13427734375,-0.32958984375,0.2685546875,-0.29296875,-0.01220703125,-0.03662109375,0.18310546875,-0.01220703125,0.244140625,-0.87890625,-0.01220703125,1.0986328125,-0.29296875,-0.15869140625,-0.10986328125,-0.6591796875,0,-0.1953125,-0.30517578125,0.86669921875,-0.32958984375,-0.67138671875,0.048828125,-0.15869140625,-0.06103515625,-0.8056640625,0,0.87890625,0.28076171875,0.23193359375,0.048828125,-0.4150390625,0.0244140625,-0.9033203125,-0.09765625,-0.52490234375,-0.15869140625,-0.72021484375,0.42724609375,-0.2197265625,-0.01220703125,-0.634765625,0.0244140625,-0.45166015625,0.1708984375,0.67138671875,0.09765625,1.1474609375,-0.10986328125,0.74462890625,0.09765625,-0.1708984375,-0.52490234375,0.69580078125,-0.01220703125,1.1962890625,0.10986328125,0.927734375,0.10986328125,1.07421875,0.1953125,1.025390625,0.15869140625,0.32958984375,-0.23193359375,1.03759765625,-0.146484375,0.2197265625,-0.08544921875,0.2197265625,-0.1953125,0.2685546875,-0.2197265625,0.79345703125,0.09765625,0,0.09765625,1.3427734375,-0.2197265625,-0.9521484375,-0.0732421875,-0.37841796875,-0.146484375,-0.9765625,-0.09765625,-0.732421875,-0.3662109375,-1.50146484375,-0.10986328125,-0.2197265625,-0.048828125,-0.28076171875,-0.08544921875,-1.18408203125,-0.28076171875,-1.1962890625,-0.18310546875,-1.06201171875,-0.2197265625,-1.07421875,-0.13427734375,-0.6591796875,0.2685546875,1.62353515625,-0.1708984375,0.2197265625,-0.25634765625,0.20751953125,-0.13427734375,2.16064453125,-0.1220703125,0.390625,-0.15869140625,0.0244140625,-0.06103515625,-0.06103515625,-0.10986328125,0.18310546875,-0.08544921875,-0.06103515625,-0.1220703125,0.76904296875,-0.01220703125,-0.5126953125,0.048828125,-0.5615234375
1,-0.0732421875,-0.37841796875,0.15869140625,-0.35400390625,0.23193359375,-0.35400390625,-0.0244140625,-0.06103515625,0.1953125,-0.0244140625,0.244140625,-0.87890625,0.0244140625,1.0986328125,-0.28076171875,-0.1708984375,-0.1708984375,-0.634765625,-0.01220703125,-0.18310546875,-0.341796875,0.8544921875,-0.3173828125,-0.69580078125,0.01220703125,-0.18310546875,-0.03662109375,-0.78125,0.01220703125,0.89111328125,0.23193359375,0.2197265625,-0.2197265625,-0.3662109375,0.01220703125,-0.89111328125,-0.1953125,-0.48828125,-0.2197265625,-0.732421875,0.30517578125,-0.20751953125,0.06103515625,-0.64697265625,0.03662109375,-0.4150390625,0.20751953125,0.67138671875,0.06103515625,1.13525390625,-0.1220703125,0.8544921875,0.1708984375,-0.15869140625,-0.48828125,0.69580078125,-0.0244140625,1.33056640625,-0.01220703125,0.98876953125,0.0732421875,1.171875,0.146484375,1.20849609375,0.1708984375,0.32958984375,-0.2685546875,1.03759765625,-0.15869140625,0.20751953125,-0.03662109375,0.20751953125,-0.2685546875,0.25634765625,-0.15869140625,0.7568359375,0.10986328125,0.01220703125,0.146484375,1.318359375,-0.1953125,-0.93994140625,-0.0244140625,-0.37841796875,-0.08544921875,-1.0009765625,-0.09765625,-0.74462890625,-0.439453125,-1.5380859375,-0.10986328125,-0.2197265625,-0.1708984375,-0.30517578125,-0.01220703125,-1.171875,-0.29296875,-1.20849609375,-0.1708984375,-1.06201171875,-0.2685546875,-1.07421875,-0.06103515625,-0.67138671875,0.23193359375,2.7099609375,-0.25634765625,0.732421875,-0.2685546875,0.634765625,-0.10986328125,2.72216796875,-0.1220703125,0.390625,-0.146484375,0.01220703125,-0.0732421875,-0.06103515625,-0.1220703125,0.18310546875,-0.09765625,-0.06103515625,-0.09765625,0.76904296875,-0.01220703125,-0.50048828125,0.06103515625,-0.537109375
1,-0.06103515625,-0.3662109375,0.15869140625,-0.32958984375,0.2197265625,-0.42724609375,0,-0.03662109375,0.20751953125,-0.03662109375,0.244140625,-0.87890625,0.03662109375,1.11083984375,-0.244140625,-0.15869140625,-0.2197265625,-0.634765625,-0.0244140625,-0.15869140625,-0.40283203125,0.8544921875,-0.23193359375,-0.7080078125,-0.048828125,-0.1953125,-0.06103515625,-0.76904296875,-0.01220703125,0.87890625,0.10986328125,0.23193359375,-0.40283203125,-0.30517578125,-0.0244140625,-0.87890625,-0.25634765625,-0.4638671875,-0.23193359375,-0.732421875,0.10986328125,-0.20751953125,0.03662109375,-0.6591796875,0.01220703125,-0.37841796875,0.2197265625,0.64697265625,0.06103515625,1.1474609375,-0.146484375,0.91552734375,0.244140625,-0.18310546875,-0.439453125,0.7080078125,-0.048828125,1.42822265625,0.01220703125,1.03759765625,0.1220703125,1.20849609375,0.10986328125,1.30615234375,0.10986328125,0.32958984375,-0.28076171875,1.03759765625,-0.1953125,0.2197265625,-0.01220703125,0.1953125,-0.32958984375,0.28076171875,-0.146484375,0.7568359375,0.13427734375,0.01220703125,0.1953125,1.318359375,-0.1708984375,-0.91552734375,-0.01220703125,-0.40283203125,0,-1.025390625,-0.1220703125,-0.76904296875,-0.45166015625,-1.55029296875,-0.08544921875,-0.20751953125,-0.244140625,-0.30517578125,0.06103515625,-1.171875,-0.3173828125,-1.20849609375,-0.1220703125,-1.08642578125,-0.25634765625,-1.06201171875,0.0244140625,-0.68359375,0.23193359375,4.052734375,-0.28076171875,1.37939453125,-0.244140625,1.1962890625,-0.0732421875,3.4423828125,-0.13427734375,0.37841796875,-0.1220703125,0,-0.06103515625,-0.048828125,-0.146484375,0.1708984375,-0.10986328125,-0.0732421875,-0.09765625,0.78125,-0.01220703125,-0.50048828125,0.06103515625,-0.537109375
1,-0.06103515625,-0.341796875,0.1708984375,-0.3173828125,0.244140625,-0.4638671875,-0.0244140625,-0.048828125,0.25634765625,-0.03662109375,0.23193359375,-0.86669921875,0.048828125,1.11083984375,-0.244140625,-0.1708984375,-0.2685546875,-0.634765625,-0.048828125,-0.146484375,-0.4638671875,0.81787109375,-0.09765625,-0.72021484375,-0.146484375,-0.18310546875,-0.10986328125,-0.76904296875,-0.03662109375,0.86669921875,-0.08544921875,0.2197265625,-0.50048828125,-0.25634765625,-0.0732421875,-0.87890625,-0.1953125,-0.45166015625,-0.2685546875,-0.7080078125,-0.0244140625,-0.1953125,0.01220703125,-0.68359375,-0.01220703125,-0.32958984375,0.28076171875,0.67138671875,0.0732421875,1.15966796875,-0.2197265625,0.98876953125,0.2685546875,-0.1953125,-0.341796875,0.7080078125,-0.08544921875,1.42822265625,-0.01220703125,1.03759765625,0.06103515625,1.1962890625,0.146484375,1.33056640625,0.08544921875,0.3173828125,-0.2685546875,1.0498046875,-0.18310546875,0.2197265625,-0.01220703125,0.18310546875,-0.3662109375,0.244140625,-0.10986328125,0.732421875,0.13427734375,0.01220703125,0.18310546875,1.2939453125,-0.13427734375,-0.9521484375,0.0244140625,-0.4150390625,0.0244140625,-1.025390625,-0.1220703125,-0.76904296875,-0.40283203125,-1.5869140625,-0.08544921875,-0.25634765625,-0.2685546875,-0.30517578125,0.13427734375,-1.15966796875,-0.23193359375,-1.18408203125,-0.048828125,-1.06201171875,-0.20751953125,-1.0498046875,0.08544921875,-0.68359375,0.10986328125,5.52978515625,-0.23193359375,2.1240234375,-0.28076171875,1.8310546875,-0.06103515625,4.23583984375,-0.15869140625,0.37841796875,-0.13427734375,0,-0.0732421875,-0.06103515625,-0.15869140625,0.146484375,-0.1220703125,-0.048828125,-0.0732421875,0.76904296875,-0.0244140625,-0.52490234375,0.06103515625,-0.537109375
1,-0.06103515625,-0.35400390625,0.15869140625,-0.341796875,0.28076171875,-0.52490234375,-0.01220703125,-0.0732421875,0.25634765625,-0.03662109375,0.244140625,-0.89111328125,0.03662109375,1.08642578125,-0.20751953125,-0.15869140625,-0.23193359375,-0.634765625,-0.0244140625,-0.13427734375,-0.40283203125,0.81787109375,-0.01220703125,-0.72021484375,-0.244140625,-0.18310546875,-0.18310546875,-0.79345703125,-0.06103515625,0.86669921875,-0.2685546875,0.20751953125,-0.4150390625,-0.2197265625,-0.2197265625,-0.89111328125,-0.09765625,-0.45166015625,-0.244140625,-0.72021484375,-0.146484375,-0.1953125,-0.0244140625,-0.72021484375,-0.048828125,-0.29296875,0.2197265625,0.64697265625,0.0732421875,1.1474609375,-0.30517578125,1.01318359375,0.341796875,-0.1953125,-0.30517578125,0.732421875,-0.146484375,1.35498046875,-0.03662109375,1.0498046875,0.01220703125,1.15966796875,0.1220703125,1.28173828125,0.0244140625,0.30517578125,-0.2685546875,1.025390625,-0.18310546875,0.244140625,-0.01220703125,0.1953125,-0.3662109375,0.25634765625,-0.09765625,0.78125,0.15869140625,0,0.1708984375,1.318359375,-0.0732421875,-0.93994140625,0.03662109375,-0.42724609375,-0.0244140625,-1.01318359375,-0.10986328125,-0.78125,-0.341796875,-1.57470703125,-0.10986328125,-0.23193359375,-0.2197265625,-0.30517578125,0.13427734375,-1.171875,-0.13427734375,-1.1962890625,0.0244140625,-1.07421875,-0.146484375,-1.06201171875,0.08544921875,-0.68359375,-0.03662109375,6.99462890625,-0.18310546875,2.89306640625,-0.32958984375,2.47802734375,-0.146484375,5.06591796875,-0.15869140625,0.341796875,-0.1220703125,0.01220703125,-0.06103515625,-0.048828125,-0.15869140625,0.146484375,-0.146484375,-0.03662109375,-0.0732421875,0.7568359375,-0.0244140625,-0.52490234375,0.06103515625,-0.52490234375
1,-0.08544921875,-0.35400390625,0.1708984375,-0.35400390625,0.30517578125,-0.537109375,-0.01220703125,-0.048828125,0.28076171875,-0.048828125,0.2197265625,-0.87890625,0.0244140625,1.08642578125,-0.2197265625,-0.18310546875,-0.20751953125,-0.62255859375,0.048828125,-0.1220703125,-0.29296875,0.8056640625,0.0244140625,-0.732421875,-0.32958984375,-0.1708984375,-0.23193359375,-0.8056640625,-0.146484375,0.8544921875,-0.390625,0.20751953125,-0.30517578125,-0.1953125,-0.35400390625,-0.89111328125,0.01220703125,-0.4638671875,-0.23193359375,-0.69580078125,-0.1953125,-0.20751953125,-0.09765625,-0.7080078125,-0.10986328125,-0.29296875,0.18310546875,0.6103515625,0.0732421875,1.15966796875,-0.40283203125,0.98876953125,0.32958984375,-0.20751953125,-0.2197265625,0.732421875,-0.13427734375,1.25732421875,-0.01220703125,1.0986328125,0,1.08642578125,0.08544921875,1.20849609375,-0.048828125,0.30517578125,-0.23193359375,1.025390625,-0.146484375,0.23193359375,-0.06103515625,0.1953125,-0.341796875,0.244140625,-0.048828125,0.79345703125,0.146484375,0.01220703125,0.10986328125,1.318359375,-0.048828125,-0.93994140625,0.0244140625,-0.439453125,-0.0732421875,-1.0009765625,-0.06103515625,-0.79345703125,-0.23193359375,-1.57470703125,-0.1220703125,-0.2685546875,-0.08544921875,-0.29296875,0.048828125,-1.18408203125,-0.08544921875,-1.18408203125,0.0244140625,-1.07421875,-0.06103515625,-1.07421875,0.048828125,-0.68359375,-0.0244140625,8.30078125,-0.10986328125,3.5888671875,-0.30517578125,3.0517578125,-0.146484375,5.79833984375,-0.15869140625,0.35400390625,-0.1220703125,0.0244140625,-0.06103515625,-0.048828125,-0.15869140625,0.15869140625,-0.1708984375,-0.01220703125,-0.0732421875,0.76904296875,-0.01220703125,-0.52490234375,0.06103515625,-0.5126953125
1,-0.08544921875,-0.35400390625,0.1708984375,-0.341796875,0.29296875,-0.52490234375,0.01220703125,-0.06103515625,0.28076171875,-0.03662109375,0.2197265625,-0.87890625,0.03662109375,1.06201171875,-0.20751953125,-0.18310546875,-0.15869140625,-0.64697265625,0.09765625,-0.13427734375,-0.13427734375,0.8056640625,0.06103515625,-0.732421875,-0.4150390625,-0.1708984375,-0.244140625,-0.81787109375,-0.23193359375,0.87890625,-0.45166015625,0.20751953125,-0.146484375,-0.244140625,-0.47607421875,-0.86669921875,0.13427734375,-0.4638671875,-0.2197265625,-0.69580078125,-0.18310546875,-0.2197265625,-0.1708984375,-0.732421875,-0.18310546875,-0.32958984375,0.146484375,0.5859375,0.09765625,1.18408203125,-0.50048828125,0.93994140625,0.341796875,-0.20751953125,-0.1220703125,0.732421875,-0.15869140625,1.18408203125,-0.0732421875,1.220703125,-0.06103515625,1.06201171875,0,1.15966796875,-0.06103515625,0.30517578125,-0.20751953125,1.01318359375,-0.09765625,0.20751953125,-0.09765625,0.18310546875,-0.341796875,0.244140625,0,0.8056640625,0.146484375,0.01220703125,0.0244140625,1.33056640625,0,-0.9521484375,-0.01220703125,-0.42724609375,-0.15869140625,-1.01318359375,0,-0.78125,-0.13427734375,-1.5869140625,-0.146484375,-0.2685546875,0.03662109375,-0.30517578125,-0.01220703125,-1.15966796875,-0.09765625,-1.1962890625,-0.01220703125,-1.0986328125,0.0244140625,-1.07421875,0.0244140625,-0.69580078125,-0.09765625,9.31396484375,-0.01220703125,4.11376953125,-0.30517578125,3.50341796875,-0.146484375,6.40869140625,-0.146484375,0.35400390625,-0.13427734375,0.03662109375,-0.0732421875,-0.0244140625,-0.146484375,0.1708984375,-0.18310546875,0,-0.06103515625,0.7568359375,0,-0.52490234375,0.09765625,-0.5126953125
1,-0.06103515625,-0.35400390625,0.1708984375,-0.35400390625,0.2685546875,-0.48828125,0.03662109375,-0.0732421875,0.30517578125,-0.01220703125,0.23193359375,-0.87890625,0.06103515625,1.08642578125,-0.1953125,-0.1708984375,-0.08544921875,-0.64697265625,0.146484375,-0.146484375,0,0.8056640625,0.0244140625,-0.7080078125,-0.439453125,-0.15869140625,-0.244140625,-0.84228515625,-0.30517578125,0.86669921875,-0.45166015625,0.20751953125,0.0244140625,-0.3173828125,-0.537109375,-0.87890625,0.2685546875,-0.50048828125,-0.20751953125,-0.69580078125,-0.1220703125,-0.23193359375,-0.3173828125,-0.7080078125,-0.2197265625,-0.37841796875,0.09765625,0.59814453125,0.10986328125,1.1962890625,-0.5615234375,0.830078125,0.37841796875,-0.2197265625,-0.0732421875,0.74462890625,-0.1708984375,1.1962890625,-0.09765625,1.46484375,-0.06103515625,1.123046875,-0.1220703125,1.20849609375,-0.09765625,0.29296875,-0.2197265625,1.025390625,-0.0244140625,0.20751953125,-0.146484375,0.1953125,-0.32958984375,0.244140625,0.0732421875,0.830078125,0.0732421875,0.0244140625,-0.06103515625,1.3427734375,0.01220703125,-0.96435546875,-0.01220703125,-0.42724609375,-0.244140625,-0.98876953125,0.048828125,-0.76904296875,-0.09765625,-1.5625,-0.15869140625,-0.2685546875,0.13427734375,-0.29296875,-0.06103515625,-1.1962890625,-0.1220703125,-1.18408203125,-0.10986328125,-1.0986328125,0.1220703125,-1.06201171875,0,-0.69580078125,-0.10986328125,9.9609375,0.03662109375,4.443359375,-0.2685546875,3.7841796875,-0.15869140625,6.7626953125,-0.15869140625,0.3662109375,-0.146484375,0.0244140625,-0.06103515625,-0.01220703125,-0.146484375,0.1708984375,-0.1708984375,0,-0.08544921875,0.76904296875,0,-0.52490234375,0.09765625,-0.50048828125
0,-0.06103515625,-0.341796875,0.1708984375,-0.341796875,0.25634765625,-0.439453125,0.0732421875,-0.06103515625,0.341796875,-0.01220703125,0.23193359375,-0.87890625,0.08544921875,1.08642578125,-0.18310546875,-0.1708984375,-0.048828125,-0.64697265625,0.1708984375,-0.15869140625,0.0732421875,0.84228515625,-0.0244140625,-0.67138671875,-0.42724609375,-0.15869140625,-0.1953125,-0.8544921875,-0.390625,0.8544921875,-0.35400390625,0.2197265625,0.06103515625,-0.35400390625,-0.5126953125,-0.87890625,0.3662109375,-0.48828125,-0.15869140625,-0.6591796875,-0.01220703125,-0.2197265625,-0.37841796875,-0.67138671875,-0.244140625,-0.390625,0.06103515625,0.5859375,0.1220703125,1.1962890625,-0.57373046875,0.69580078125,0.341796875,-0.1953125,0.01220703125,0.7080078125,-0.18310546875,1.40380859375,-0.048828125,1.9287109375,-0.06103515625,1.26953125,-0.18310546875,1.42822265625,-0.09765625,0.29296875,-0.1708984375,1.03759765625,0.01220703125,0.2197265625,-0.1953125,0.2197265625,-0.32958984375,0.244140625,0.1220703125,0.84228515625,0.06103515625,0.0244140625,-0.1220703125,1.35498046875,0.01220703125,-0.98876953125,-0.03662109375,-0.40283203125,-0.2685546875,-0.96435546875,0.048828125,-0.76904296875,-0.08544921875,-1.57470703125,-0.1708984375,-0.2685546875,0.18310546875,-0.30517578125,-0.08544921875,-1.220703125,-0.18310546875,-1.18408203125,-0.18310546875,-1.11083984375,0.18310546875,-1.0498046875,-0.03662109375,-0.69580078125,-0.0732421875,10.107421875,0.06103515625,4.58984375,-0.244140625,3.857421875,-0.18310546875,6.87255859375,-0.13427734375,0.3662109375,-0.18310546875,0.03662109375,-0.0732421875,-0.0244140625,-0.10986328125,0.18310546875,-0.15869140625,-0.01220703125,-0.09765625,0.79345703125,-0.01220703125,-0.52490234375,0.146484375,-0.50048828125
0,-0.048828125,-0.341796875,0.18310546875,-0.341796875,0.25634765625,-0.390625,0.09765625,-0.03662109375,0.32958984375,0,0.2685546875,-0.87890625,0.09765625,1.11083984375,-0.18310546875,-0.15869140625,0.0244140625,-0.64697265625,0.146484375,-0.18310546875,0.0732421875,0.84228515625,-0.03662109375,-0.69580078125,-0.37841796875,-0.15869140625,-0.1953125,-0.8544921875,-0.3662109375,0.89111328125,-0.25634765625,0.23193359375,0.10986328125,-0.390625,-0.4150390625,-0.86669921875,0.4150390625,-0.48828125,-0.08544921875,-0.67138671875,0.08544921875,-0.2197265625,-0.390625,-0.67138671875,-0.25634765625,-0.4150390625,0.0244140625,0.5859375,0.15869140625,1.1962890625,-0.537109375,0.537109375,0.341796875,-0.20751953125,0.10986328125,0.7080078125,-0.1953125,1.84326171875,-0.0732421875,2.587890625,-0.13427734375,1.62353515625,-0.23193359375,1.8798828125,-0.08544921875,0.29296875,-0.1220703125,1.03759765625,0.048828125,0.20751953125,-0.1708984375,0.2197265625,-0.35400390625,0.244140625,0.146484375,0.81787109375,0.048828125,0.0244140625,-0.20751953125,1.33056640625,0.0244140625,-1.0009765625,-0.06103515625,-0.4150390625,-0.25634765625,-0.9765625,0,-0.76904296875,-0.06103515625,-1.55029296875,-0.18310546875,-0.28076171875,0.1708984375,-0.30517578125,-0.08544921875,-1.220703125,-0.13427734375,-1.1962890625,-0.2685546875,-1.0986328125,0.20751953125,-1.06201171875,-0.03662109375,-0.68359375,0.03662109375,9.86328125,0.10986328125,4.45556640625,-0.244140625,3.74755859375,-0.20751953125,6.72607421875,-0.146484375,0.37841796875,-0.2197265625,0.0244140625,-0.0732421875,-0.0244140625,-0.08544921875,0.1953125,-0.13427734375,-0.03662109375,-0.08544921875,0.81787109375,-0.01220703125,-0.50048828125,0.15869140625,-0.48828125
0,-0.048828125,-0.341796875,0.1953125,-0.341796875,0.30517578125,-0.35400390625,0.08544921875,-0.03662109375,0.3173828125,0,0.29296875,-0.89111328125,0.1220703125,1.123046875,-0.15869140625,-0.15869140625,0.0732421875,-0.64697265625,0.146484375,-0.1708984375,0.03662109375,0.8544921875,-0.03662109375,-0.69580078125,-0.29296875,-0.15869140625,-0.146484375,-0.8544921875,-0.30517578125,0.86669921875,-0.1220703125,0.23193359375,0.048828125,-0.4150390625,-0.244140625,-0.86669921875,0.40283203125,-0.52490234375,0.03662109375,-0.69580078125,0.13427734375,-0.2197265625,-0.341796875,-0.67138671875,-0.28076171875,-0.45166015625,0.0244140625,0.57373046875,0.13427734375,1.18408203125,-0.48828125,0.4150390625,0.3173828125,-0.20751953125,0.15869140625,0.7080078125,-0.146484375,2.5146484375,-0.03662109375,3.4912109375,-0.0732421875,2.1240234375,-0.244140625,2.5634765625,-0.048828125,0.2685546875,-0.08544921875,1.0498046875,0.08544921875,0.1953125,-0.15869140625,0.244140625,-0.341796875,0.2685546875,0.146484375,0.79345703125,0.01220703125,0.0244140625,-0.23193359375,1.35498046875,0.03662109375,-1.01318359375,-0.0732421875,-0.40283203125,-0.1953125,-0.98876953125,-0.06103515625,-0.78125,-0.09765625,-1.5625,-0.18310546875,-0.2685546875,0.15869140625,-0.29296875,-0.08544921875,-1.220703125,-0.146484375,-1.20849609375,-0.3173828125,-1.08642578125,0.20751953125,-1.06201171875,-0.06103515625,-0.68359375,0.13427734375,9.228515625,0.1220703125,4.13818359375,-0.2197265625,3.466796875,-0.2685546875,6.35986328125,-0.1220703125,0.390625,-0.2197265625,0.048828125,-0.08544921875,-0.0244140625,-0.09765625,0.18310546875,-0.10986328125,-0.0244140625,-0.10986328125,0.84228515625,0,-0.48828125,0.15869140625,-0.5126953125
0,-0.0732421875,-0.32958984375,0.1708984375,-0.3662109375,0.32958984375,-0.3173828125,0.08544921875,-0.048828125,0.3173828125,0,0.3173828125,-0.87890625,0.1220703125,1.13525390625,-0.15869140625,-0.18310546875,0.09765625,-0.6591796875,0.146484375,-0.18310546875,-0.0732421875,0.87890625,-0.0244140625,-0.67138671875,-0.244140625,-0.1708984375,-0.10986328125,-0.8544921875,-0.2197265625,0.87890625,-0.048828125,0.23193359375,-0.09765625,-0.439453125,-0.1220703125,-0.86669921875,0.341796875,-0.52490234375,0.048828125,-0.7080078125,0.09765625,-0.2197265625,-0.25634765625,-0.64697265625,-0.29296875,-0.4638671875,0.01220703125,0.6103515625,0.0732421875,1.15966796875,-0.40283203125,0.3173828125,0.30517578125,-0.2197265625,0.25634765625,0.7080078125,-0.08544921875,3.3935546875,-0.1220703125,4.5654296875,-0.1220703125,2.8076171875,-0.18310546875,3.45458984375,0.01220703125,0.29296875,-0.0244140625,1.0498046875,0.0732421875,0.1953125,-0.146484375,0.25634765625,-0.25634765625,0.2685546875,0.15869140625,0.78125,-0.0244140625,0,-0.25634765625,1.3427734375,0.048828125,-1.0009765625,-0.08544921875,-0.4150390625,-0.09765625,-1.0009765625,-0.1220703125,-0.79345703125,-0.1220703125,-1.55029296875,-0.20751953125,-0.28076171875,0.0244140625,-0.3173828125,-0.01220703125,-1.23291015625,-0.15869140625,-1.20849609375,-0.29296875,-1.06201171875,0.20751953125,-1.03759765625,-0.06103515625,-0.67138671875,0.20751953125,8.28857421875,0.146484375,3.61328125,-0.2197265625,3.01513671875,-0.32958984375,5.79833984375,-0.146484375,0.37841796875,-0.23193359375,0.0244140625,-0.0732421875,-0.03662109375,-0.10986328125,0.1708984375,-0.10986328125,-0.0244140625,-0.13427734375,0.84228515625,-0.01220703125,-0.47607421875,0.146484375,-0.5126953125
0,-0.09765625,-0.341796875,0.146484375,-0.37841796875,0.30517578125,-0.3173828125,0.09765625,-0.048828125,0.3173828125,-0.01220703125,0.32958984375,-0.9033203125,0.13427734375,1.1474609375,-0.13427734375,-0.1953125,0.08544921875,-0.64697265625,0.1220703125,-0.1708984375,-0.18310546875,0.86669921875,-0.01220703125,-0.67138671875,-0.23193359375,-0.1708984375,-0.0732421875,-0.830078125,-0.10986328125,0.89111328125,-0.03662109375,0.244140625,-0.25634765625,-0.439453125,-0.01220703125,-0.8544921875,0.244140625,-0.50048828125,0.10986328125,-0.74462890625,0.0732421875,-0.2197265625,-0.146484375,-0.64697265625,-0.3173828125,-0.45166015625,0,0.6103515625,0.0244140625,1.15966796875,-0.32958984375,0.244140625,0.30517578125,-0.20751953125,0.29296875,0.732421875,-0.06103515625,4.4189453125,-0.15869140625,5.7373046875,-0.15869140625,3.564453125,-0.15869140625,4.47998046875,0.03662109375,0.30517578125,0.0244140625,1.0498046875,0.0732421875,0.1953125,-0.09765625,0.23193359375,-0.20751953125,0.28076171875,0.146484375,0.76904296875,-0.06103515625,0,-0.23193359375,1.3427734375,0.0732421875,-0.98876953125,-0.09765625,-0.390625,-0.01220703125,-0.98876953125,-0.2197265625,-0.78125,-0.18310546875,-1.55029296875,-0.2685546875,-0.25634765625,-0.06103515625,-0.3173828125,0.08544921875,-1.25732421875,-0.20751953125,-1.20849609375,-0.23193359375,-1.06201171875,0.1953125,-1.0498046875,-0.048828125,-0.67138671875,0.244140625,7.16552734375,0.13427734375,2.978515625,-0.20751953125,2.490234375,-0.3662109375,5.1513671875,-0.1708984375,0.390625,-0.20751953125,0.03662109375,-0.08544921875,0,-0.10986328125,0.15869140625,-0.10986328125,-0.0244140625,-0.13427734375,0.87890625,0,-0.47607421875,0.15869140625,-0.5126953125
0,-0.09765625,-0.32958984375,0.15869140625,-0.40283203125,0.29296875,-0.30517578125,0.08544921875,-0.06103515625,0.3173828125,-0.01220703125,0.3173828125,-0.9033203125,0.146484375,1.123046875,-0.146484375,-0.2197265625,0.09765625,-0.64697265625,0.08544921875,-0.1708984375,-0.29296875,0.8544921875,-0.03662109375,-0.67138671875,-0.13427734375,-0.1953125,0.01220703125,-0.81787109375,0,0.87890625,-0.10986328125,0.25634765625,-0.341796875,-0.390625,0.03662109375,-0.8544921875,0.15869140625,-0.47607421875,0.08544921875,-0.74462890625,0.03662109375,-0.1953125,-0.01220703125,-0.64697265625,-0.29296875,-0.439453125,0.0244140625,0.634765625,-0.048828125,1.13525390625,-0.2197265625,0.2685546875,0.244140625,-0.23193359375,0.3173828125,0.72021484375,-0.0244140625,5.48095703125,-0.048828125,6.87255859375,-0.146484375,4.33349609375,-0.13427734375,5.52978515625,0.01220703125,0.30517578125,0.06103515625,1.0498046875,0.0732421875,0.18310546875,-0.0732421875,0.23193359375,-0.1220703125,0.29296875,0.1220703125,0.7568359375,-0.08544921875,-0.01220703125,-0.146484375,1.3427734375,0.06103515625,-0.9765625,-0.09765625,-0.40283203125,0.03662109375,-1.0009765625,-0.244140625,-0.79345703125,-0.25634765625,-1.5380859375,-0.30517578125,-0.2685546875,-0.15869140625,-0.32958984375,0.09765625,-1.23291015625,-0.30517578125,-1.1962890625,-0.1708984375,-1.06201171875,0.1953125,-1.03759765625,-0.0244140625,-0.68359375,0.23193359375,5.92041015625,0.09765625,2.30712890625,-0.20751953125,1.9287109375,-0.30517578125,4.40673828125,-0.1953125,0.390625,-0.15869140625,0.048828125,-0.08544921875,0.01220703125,-0.1220703125,0.146484375,-0.08544921875,-0.01220703125,-0.13427734375,0.87890625,0,-0.4638671875,0.13427734375,-0.5126953125
0,-0.09765625,-0.35400390625,0.13427734375,-0.37841796875,0.29296875,-0.341796875,0.09765625,-0.0732421875,0.37841796875,-0.01220703125,0.32958984375,-0.91552734375,0.10986328125,1.0986328125,-0.1220703125,-0.2197265625,0.0244140625,-0.634765625,0,-0.146484375,-0.4150390625,0.84228515625,-0.09765625,-0.67138671875,-0.06103515625,-0.20751953125,0.048828125,-0.79345703125,0.1220703125,0.8544921875,-0.18310546875,0.23193359375,-0.37841796875,-0.341796875,-0.0244140625,-0.8544921875,0.146484375,-0.45166015625,0.0732421875,-0.76904296875,0.048828125,-0.1708984375,0.0244140625,-0.64697265625,-0.25634765625,-0.42724609375,0.0244140625,0.64697265625,-0.0732421875,1.123046875,-0.146484375,0.3173828125,0.2197265625,-0.20751953125,0.29296875,0.732421875,0.0244140625,6.45751953125,0.03662109375,7.89794921875,-0.18310546875,5.029296875,-0.1220703125,6.50634765625,0,0.30517578125,0.1220703125,1.06201171875,0.08544921875,0.1708984375,-0.03662109375,0.20751953125,-0.03662109375,0.30517578125,0.06103515625,0.79345703125,-0.09765625,0,-0.1220703125,1.30615234375,0.06103515625,-0.9765625,-0.08544921875,-0.40283203125,0.08544921875,-1.01318359375,-0.244140625,-0.79345703125,-0.23193359375,-1.52587890625,-0.40283203125,-0.2685546875,-0.13427734375,-0.30517578125,0.08544921875,-1.23291015625,-0.4150390625,-1.20849609375,-0.0244140625,-1.0498046875,0.146484375,-1.03759765625,0,-0.68359375,0.1708984375,4.72412109375,0.06103515625,1.64794921875,-0.23193359375,1.35498046875,-0.25634765625,3.69873046875,-0.1953125,0.3662109375,-0.146484375,0.0244140625,-0.0732421875,0.01220703125,-0.146484375,0.1220703125,-0.10986328125,-0.0244140625,-0.10986328125,0.8544921875,-0.0244140625,-0.4638671875,0.146484375,-0.52490234375
0,-0.09765625,-0.35400390625,0.1220703125,-0.3662109375,0.25634765625,-0.37841796875,0.0732421875,-0.048828125,0.42724609375,-0.0244140625,0.341796875,-0.91552734375,0.09765625,1.0986328125,-0.1220703125,-0.2197265625,0.01220703125,-0.64697265625,-0.10986328125,-0.15869140625,-0.4638671875,0.830078125,-0.15869140625,-0.68359375,0.01220703125,-0.1953125,0.09765625,-0.78125,0.18310546875,0.86669921875,-0.23193359375,0.23193359375,-0.3173828125,-0.29296875,-0.15869140625,-0.830078125,0.1220703125,-0.439453125,0.048828125,-0.78125,0.0732421875,-0.15869140625,0.01220703125,-0.69580078125,-0.1953125,-0.4150390625,0.08544921875,0.6591796875,-0.03662109375,1.0986328125,-0.1220703125,0.37841796875,0.20751953125,-0.2197265625,0.2685546875,0.732421875,0.06103515625,7.23876953125,0.048828125,8.740234375,-0.10986328125,5.60302734375,-0.03662109375,7.28759765625,-0.01220703125,0.29296875,0.15869140625,1.06201171875,0.10986328125,0.18310546875,-0.01220703125,0.1708984375,0.048828125,0.3173828125,-0.01220703125,0.79345703125,-0.1220703125,-0.0244140625,-0.06103515625,1.318359375,0.0732421875,-0.9765625,-0.08544921875,-0.3662109375,0.08544921875,-1.0009765625,-0.15869140625,-0.78125,-0.2197265625,-1.513671875,-0.4150390625,-0.25634765625,-0.0732421875,-0.32958984375,0.03662109375,-1.20849609375,-0.54931640625,-1.18408203125,0.08544921875,-1.0498046875,0.1220703125,-1.03759765625,0.0244140625,-0.68359375,0.06103515625,3.60107421875,-0.03662109375,0.98876953125,-0.28076171875,0.830078125,-0.1953125,3.0517578125,-0.20751953125,0.3662109375,-0.1220703125,0.01220703125,-0.0732421875,0.048828125,-0.146484375,0.13427734375,-0.10986328125,-0.01220703125,-0.09765625,0.8544921875,-0.0244140625,-0.4638671875,0.1220703125,-0.537109375
0,-0.1220703125,-0.35400390625,0.08544921875,-0.341796875,0.29296875,-0.40283203125,0.08544921875,-0.03662109375,0.4638671875,-0.0244140625,0.30517578125,-0.89111328125,0.06103515625,1.06201171875,-0.1220703125,-0.20751953125,-0.01220703125,-0.634765625,-0.1708984375,-0.1708984375,-0.4150390625,0.830078125,-0.25634765625,-0.69580078125,0.03662109375,-0.1953125,0.0732421875,-0.76904296875,0.18310546875,0.87890625,-0.2197265625,0.23193359375,-0.20751953125,-0.23193359375,-0.3173828125,-0.86669921875,0.15869140625,-0.439453125,-0.048828125,-0.8056640625,0.13427734375,-0.15869140625,-0.0732421875,-0.7080078125,-0.146484375,-0.3662109375,0.13427734375,0.6591796875,0.03662109375,1.0986328125,-0.15869140625,0.4638671875,0.13427734375,-0.20751953125,0.23193359375,0.732421875,0.048828125,7.7880859375,0.0732421875,9.3505859375,-0.18310546875,5.94482421875,0,7.82470703125,0,0.28076171875,0.20751953125,1.0498046875,0.10986328125,0.1708984375,-0.0244140625,0.18310546875,0.09765625,0.29296875,-0.08544921875,0.84228515625,-0.1220703125,-0.01220703125,-0.01220703125,1.30615234375,0.1220703125,-0.98876953125,-0.08544921875,-0.37841796875,0.0732421875,-1.0009765625,-0.048828125,-0.76904296875,-0.1708984375,-1.47705078125,-0.390625,-0.25634765625,0.0244140625,-0.30517578125,-0.0244140625,-1.18408203125,-0.5859375,-1.18408203125,0.1953125,-1.03759765625,0.08544921875,-1.06201171875,0.03662109375,-0.67138671875,-0.01220703125,2.62451171875,-0.09765625,0.439453125,-0.30517578125,0.37841796875,-0.1708984375,2.42919921875,-0.18310546875,0.35400390625,-0.09765625,0.0244140625,-0.08544921875,0.06103515625,-0.13427734375,0.1220703125,-0.1220703125,-0.0244140625,-0.09765625,0.8544921875,-0.03662109375,-0.47607421875,0.1220703125,-0.5126953125
0,-0.09765625,-0.3662109375,0.08544921875,-0.30517578125,0.25634765625,-0.4150390625,0.048828125,-0.048828125,0.439453125,-0.01220703125,0.3173828125,-0.9033203125,0.048828125,1.08642578125,-0.146484375,-0.1953125,-0.0244140625,-0.634765625,-0.20751953125,-0.1708984375,-0.341796875,0.830078125,-0.341796875,-0.67138671875,0.03662109375,-0.18310546875,0.01220703125,-0.76904296875,0.10986328125,0.86669921875,-0.1708984375,0.2197265625,-0.13427734375,-0.2197265625,-0.45166015625,-0.87890625,0.20751953125,-0.42724609375,-0.1220703125,-0.8056640625,0.18310546875,-0.15869140625,-0.1953125,-0.732421875,-0.08544921875,-0.35400390625,0.10986328125,0.6591796875,0.0732421875,1.13525390625,-0.18310546875,0.52490234375,0.15869140625,-0.20751953125,0.1953125,0.7568359375,0.048828125,8.0810546875,0.08544921875,9.63134765625,-0.18310546875,6.1279296875,0.09765625,8.11767578125,0.048828125,0.2685546875,0.2197265625,1.0498046875,0.1220703125,0.1708984375,-0.0244140625,0.1708984375,0.146484375,0.28076171875,-0.15869140625,0.86669921875,-0.13427734375,-0.03662109375,0,1.33056640625,0.15869140625,-0.9765625,-0.08544921875,-0.37841796875,0.048828125,-1.01318359375,0.048828125,-0.7568359375,-0.09765625,-1.50146484375,-0.37841796875,-0.23193359375,0.18310546875,-0.29296875,-0.09765625,-1.15966796875,-0.52490234375,-1.1962890625,0.244140625,-1.06201171875,0.01220703125,-1.07421875,0.03662109375,-0.67138671875,-0.048828125,1.77001953125,-0.146484375,-0.048828125,-0.35400390625,0,-0.18310546875,1.9287109375,-0.13427734375,0.3662109375,-0.10986328125,0.03662109375,-0.06103515625,0.06103515625,-0.146484375,0.15869140625,-0.10986328125,-0.03662109375,-0.1220703125,0.8544921875,-0.03662109375,-0.48828125,0.09765625,-0.5126953125
0,-0.08544921875,-0.3662109375,0.06103515625,-0.30517578125,0.25634765625,-0.439453125,0.06103515625,-0.0244140625,0.42724609375,-0.0244140625,0.2685546875,-0.87890625,0.06103515625,1.07421875,-0.1708984375,-0.1708984375,-0.0244140625,-0.64697265625,-0.18310546875,-0.15869140625,-0.20751953125,0.84228515625,-0.390625,-0.69580078125,-0.01220703125,-0.15869140625,-0.06103515625,-0.78125,0,0.87890625,-0.10986328125,0.1953125,-0.0732421875,-0.2197265625,-0.50048828125,-0.8544921875,0.18310546875,-0.439453125,-0.1953125,-0.81787109375,0.25634765625,-0.1708984375,-0.28076171875,-0.732421875,-0.06103515625,-0.341796875,0.1220703125,0.64697265625,0.0732421875,1.1474609375,-0.15869140625,0.59814453125,0.048828125,-0.2197265625,0.1220703125,0.74462890625,0.01220703125,8.1298828125,0.13427734375,9.6923828125,-0.1220703125,6.11572265625,0.10986328125,8.14208984375,0.048828125,0.25634765625,0.20751953125,1.01318359375,0.09765625,0.1953125,-0.048828125,0.15869140625,0.18310546875,0.2685546875,-0.1953125,0.86669921875,-0.10986328125,-0.048828125,0,1.30615234375,0.1708984375,-0.9521484375,-0.08544921875,-0.390625,-0.01220703125,-0.98876953125,0.13427734375,-0.7568359375,-0.01220703125,-1.46484375,-0.29296875,-0.244140625,0.28076171875,-0.2685546875,-0.1953125,-1.1474609375,-0.4150390625,-1.20849609375,0.28076171875,-1.07421875,0,-1.07421875,0.06103515625,-0.68359375,-0.0732421875,1.025390625,-0.18310546875,-0.4638671875,-0.35400390625,-0.30517578125,-0.1953125,1.50146484375,-0.10986328125,0.37841796875,-0.10986328125,0.0244140625,-0.08544921875,0.03662109375,-0.10986328125,0.15869140625,-0.10986328125,-0.048828125,-0.13427734375,0.8544921875,-0.048828125,-0.47607421875,0.0732421875,-0.52490234375
0,-0.08544921875,-0.37841796875,0.03662109375,-0.3173828125,0.23193359375,-0.42724609375,0.03662109375,-0.03662109375,0.4150390625,-0.0244140625,0.28076171875,-0.87890625,0.0732421875,1.0498046875,-0.1708984375,-0.1708984375,-0.048828125,-0.64697265625,-0.10986328125,-0.1708984375,-0.0732421875,0.84228515625,-0.3662109375,-0.69580078125,-0.048828125,-0.146484375,-0.1220703125,-0.79345703125,-0.146484375,0.87890625,-0.08544921875,0.1953125,-0.13427734375,-0.29296875,-0.47607421875,-0.87890625,0.1953125,-0.47607421875,-0.20751953125,-0.78125,0.23193359375,-0.18310546875,-0.37841796875,-0.732421875,-0.0244140625,-0.37841796875,0.06103515625,0.64697265625,0.1220703125,1.18408203125,-0.1708984375,0.59814453125,0.06103515625,-0.2197265625,0.06103515625,0.732421875,0.0244140625,7.9833984375,0.1953125,9.53369140625,-0.0732421875,5.9814453125,0.15869140625,7.958984375,0.10986328125,0.244140625,0.146484375,1.01318359375,0.13427734375,0.20751953125,-0.10986328125,0.146484375,0.1953125,0.244140625,-0.18310546875,0.9033203125,-0.0732421875,-0.0244140625,-0.03662109375,1.30615234375,0.1953125,-0.9521484375,-0.08544921875,-0.390625,-0.01220703125,-0.9765625,0.18310546875,-0.7568359375,-0.048828125,-1.46484375,-0.18310546875,-0.23193359375,0.341796875,-0.2685546875,-0.1953125,-1.1474609375,-0.28076171875,-1.1962890625,0.30517578125,-1.07421875,-0.03662109375,-1.08642578125,0.0732421875,-0.67138671875,-0.0732421875,0.4150390625,-0.20751953125,-0.8056640625,-0.30517578125,-0.57373046875,-0.1708984375,1.0986328125,-0.09765625,0.390625,-0.1220703125,0.03662109375,-0.06103515625,0.01220703125,-0.08544921875,0.1708984375,-0.08544921875,-0.0732421875,-0.15869140625,0.8544921875,-0.048828125,-0.48828125,0.048828125,-0.52490234375
0,-0.0732421875,-0.37841796875,0.0244140625,-0.341796875,0.1953125,-0.42724609375,0.03662109375,-0.03662109375,0.4150390625,-0.0244140625,0.29296875,-0.87890625,0.08544921875,1.06201171875,-0.15869140625,-0.1708984375,-0.08544921875,-0.6591796875,-0.03662109375,-0.20751953125,-0.01220703125,0.84228515625,-0.30517578125,-0.69580078125,-0.048828125,-0.146484375,-0.13427734375,-0.81787109375,-0.2685546875,0.91552734375,-0.0732421875,0.20751953125,-0.28076171875,-0.32958984375,-0.341796875,-0.87890625,0.15869140625,-0.47607421875,-0.18310546875,-0.7568359375,0.146484375,-0.20751953125,-0.341796875,-0.7080078125,-0.048828125,-0.3662109375,0.0244140625,0.634765625,0.15869140625,1.1962890625,-0.18310546875,0.57373046875,0.0732421875,-0.1953125,-0.08544921875,0.69580078125,-0.048828125,7.7392578125,0.08544921875,9.228515625,-0.048828125,5.7373046875,0.1708984375,7.6416015625,0.1220703125,0.2197265625,0.0732421875,1.0009765625,0.1220703125,0.18310546875,-0.146484375,0.146484375,0.18310546875,0.23193359375,-0.2197265625,0.87890625,-0.048828125,0,-0.09765625,1.318359375,0.2197265625,-0.96435546875,-0.08544921875,-0.390625,-0.03662109375,-0.96435546875,0.1708984375,-0.76904296875,-0.0244140625,-1.46484375,-0.08544921875,-0.23193359375,0.37841796875,-0.28076171875,-0.13427734375,-1.15966796875,-0.15869140625,-1.20849609375,0.30517578125,-1.08642578125,-0.048828125,-1.06201171875,0.08544921875,-0.68359375,-0.0732421875,-0.1220703125,-0.2685546875,-1.123046875,-0.244140625,-0.76904296875,-0.146484375,0.78125,-0.03662109375,0.37841796875,-0.146484375,0.0244140625,-0.08544921875,0,-0.09765625,0.1953125,-0.0732421875,-0.06103515625,-0.146484375,0.84228515625,-0.048828125,-0.48828125,0.0244140625,-0.52490234375
0,-0.06103515625,-0.3662109375,0.048828125,-0.35400390625,0.1708984375,-0.390625,0.01220703125,-0.048828125,0.4150390625,-0.01220703125,0.28076171875,-0.87890625,0.1220703125,1.06201171875,-0.20751953125,-0.18310546875,-0.10986328125,-0.6591796875,0.048828125,-0.1953125,0.03662109375,0.84228515625,-0.18310546875,-0.68359375,-0.06103515625,-0.10986328125,-0.13427734375,-0.830078125,-0.32958984375,0.9033203125,-0.146484375,0.1953125,-0.40283203125,-0.32958984375,-0.1953125,-0.86669921875,0.1220703125,-0.4638671875,-0.10986328125,-0.732421875,0,-0.1953125,-0.30517578125,-0.69580078125,-0.08544921875,-0.3662109375,0.048828125,0.64697265625,0.2197265625,1.20849609375,-0.244140625,0.54931640625,0.048828125,-0.18310546875,-0.23193359375,0.72021484375,-0.13427734375,7.421875,0.06103515625,8.8623046875,-0.10986328125,5.46875,0.2197265625,7.2998046875,0.1220703125,0.23193359375,0,1.025390625,0.13427734375,0.20751953125,-0.1953125,0.146484375,0.146484375,0.23193359375,-0.2685546875,0.8056640625,-0.01220703125,0.0244140625,-0.15869140625,1.33056640625,0.18310546875,-0.9521484375,-0.09765625,-0.4150390625,-0.0732421875,-0.9521484375,0.10986328125,-0.76904296875,-0.01220703125,-1.46484375,-0.01220703125,-0.2685546875,0.30517578125,-0.28076171875,-0.0244140625,-1.15966796875,-0.06103515625,-1.220703125,0.3173828125,-1.0986328125,-0.0732421875,-1.0498046875,0.048828125,-0.68359375,-0.048828125,-0.537109375,-0.30517578125,-1.3671875,-0.20751953125,-0.9521484375,-0.1708984375,0.47607421875,-0.06103515625,0.3662109375,-0.1220703125,0.0244140625,-0.0732421875,0,-0.1220703125,0.18310546875,-0.0732421875,-0.0244140625,-0.1708984375,0.87890625,-0.03662109375,-0.50048828125,0.01220703125,-0.5126953125
1,-0.0732421875,-0.37841796875,0.0244140625,-0.3662109375,0.1708984375,-0.35400390625,0.01220703125,-0.03662109375,0.35400390625,0,0.28076171875,-0.89111328125,0.1220703125,1.08642578125,-0.1708984375,-0.18310546875,-0.10986328125,-0.634765625,0.1220703125,-0.20751953125,0.06103515625,0.8544921875,-0.048828125,-0.6591796875,-0.03662109375,-0.10986328125,-0.20751953125,-0.8056640625,-0.3173828125,0.91552734375,-0.1953125,0.20751953125,-0.5126953125,-0.3662109375,-0.01220703125,-0.86669921875,0.10986328125,-0.45166015625,-0.0244140625,-0.732421875,-0.146484375,-0.23193359375,-0.25634765625,-0.68359375,-0.15869140625,-0.390625,0.0244140625,0.67138671875,0.2685546875,1.20849609375,-0.25634765625,0.50048828125,0.048828125,-0.15869140625,-0.3662109375,0.7080078125,-0.146484375,7.1044921875,0.0244140625,8.48388671875,-0.03662109375,5.21240234375,0.2197265625,6.9580078125,0.1220703125,0.244140625,-0.0732421875,1.01318359375,0.08544921875,0.20751953125,-0.23193359375,0.18310546875,0.09765625,0.2685546875,-0.28076171875,0.8544921875,0,0.048828125,-0.20751953125,1.318359375,0.13427734375,-0.9521484375,-0.09765625,-0.390625,-0.0732421875,-0.96435546875,-0.0244140625,-0.78125,0.01220703125,-1.4404296875,0.048828125,-0.25634765625,0.23193359375,-0.29296875,0.08544921875,-1.171875,-0.03662109375,-1.220703125,0.35400390625,-1.08642578125,-0.06103515625,-1.03759765625,0,-0.68359375,-0.06103515625,-0.9033203125,-0.32958984375,-1.5625,-0.18310546875,-1.0986328125,-0.244140625,0.25634765625,-0.06103515625,0.37841796875,-0.13427734375,0,-0.0732421875,-0.03662109375,-0.146484375,0.18310546875,-0.08544921875,0.01220703125,-0.1953125,0.87890625,-0.03662109375,-0.48828125,-0.01220703125,-0.5126953125
1,-0.0732421875,-0.35400390625,0.0244140625,-0.3662109375,0.18310546875,-0.3173828125,0,-0.0244140625,0.341796875,0.01220703125,0.29296875,-0.89111328125,0.13427734375,1.08642578125,-0.18310546875,-0.1953125,-0.0732421875,-0.62255859375,0.20751953125,-0.20751953125,0.0732421875,0.8544921875,0.10986328125,-0.67138671875,-0.06103515625,-0.10986328125,-0.2197265625,-0.830078125,-0.25634765625,0.927734375,-0.29296875,0.23193359375,-0.62255859375,-0.42724609375,0.15869140625,-0.86669921875,0.048828125,-0.45166015625,0.0732421875,-0.732421875,-0.28076171875,-0.20751953125,-0.1708984375,-0.67138671875,-0.28076171875,-0.439453125,0.0732421875,0.68359375,0.25634765625,1.15966796875,-0.28076171875,0.4638671875,0.06103515625,-0.13427734375,-0.50048828125,0.7080078125,-0.15869140625,6.8359375,-0.01220703125,8.154296875,-0.048828125,4.99267578125,0.244140625,6.70166015625,0.09765625,0.25634765625,-0.10986328125,1.03759765625,0.048828125,0.23193359375,-0.23193359375,0.18310546875,0.08544921875,0.28076171875,-0.2685546875,0.79345703125,0,0.08544921875,-0.244140625,1.30615234375,0.09765625,-0.9765625,-0.09765625,-0.37841796875,-0.0732421875,-0.96435546875,-0.13427734375,-0.79345703125,0.06103515625,-1.4404296875,0.0732421875,-0.2685546875,0.146484375,-0.29296875,0.1708984375,-1.171875,-0.09765625,-1.23291015625,0.37841796875,-1.0986328125,-0.08544921875,-1.03759765625,-0.08544921875,-0.69580078125,-0.1708984375,-1.20849609375,-0.35400390625,-1.708984375,-0.23193359375,-1.23291015625,-0.341796875,0.06103515625,-0.0732421875,0.3662109375,-0.13427734375,0.01220703125,-0.0732421875,-0.03662109375,-0.146484375,0.1708984375,-0.09765625,0.0244140625,-0.1708984375,0.8544921875,0,-0.48828125,-0.01220703125,-0.50048828125
1,-0.08544921875,-0.35400390625,0.0244140625,-0.35400390625,0.18310546875,-0.28076171875,0,-0.048828125,0.32958984375,0,0.28076171875,-0.9033203125,0.1220703125,1.11083984375,-0.1708984375,-0.18310546875,-0.0244140625,-0.62255859375,0.30517578125,-0.20751953125,0.0244140625,0.86669921875,0.2197265625,-0.6591796875,-0.06103515625,-0.09765625,-0.244140625,-0.81787109375,-0.15869140625,0.9033203125,-0.35400390625,0.2197265625,-0.62255859375,-0.40283203125,0.1953125,-0.84228515625,0.03662109375,-0.45166015625,0.18310546875,-0.7080078125,-0.3662109375,-0.18310546875,-0.1220703125,-0.6591796875,-0.37841796875,-0.45166015625,0.09765625,0.67138671875,0.1953125,1.1474609375,-0.341796875,0.40283203125,0.01220703125,-0.146484375,-0.59814453125,0.7080078125,-0.1708984375,6.62841796875,0,7.82470703125,-0.08544921875,4.833984375,0.25634765625,6.4697265625,0.08544921875,0.2685546875,-0.1708984375,1.03759765625,0,0.244140625,-0.23193359375,0.20751953125,0.03662109375,0.29296875,-0.2197265625,0.7568359375,0.01220703125,0.09765625,-0.23193359375,1.33056640625,0.048828125,-0.9765625,-0.13427734375,-0.37841796875,-0.1220703125,-0.9765625,-0.1953125,-0.79345703125,0.06103515625,-1.4404296875,0.0244140625,-0.2685546875,0.048828125,-0.29296875,0.28076171875,-1.171875,-0.1953125,-1.20849609375,0.40283203125,-1.06201171875,-0.08544921875,-1.0498046875,-0.1953125,-0.68359375,-0.18310546875,-1.416015625,-0.244140625,-1.8310546875,-0.2197265625,-1.30615234375,-0.32958984375,-0.03662109375,-0.08544921875,0.35400390625,-0.13427734375,0.01220703125,-0.0732421875,-0.0244140625,-0.146484375,0.146484375,-0.1220703125,0.048828125,-0.13427734375,0.81787109375,0,-0.47607421875,0.01220703125,-0.48828125
1,-0.06103515625,-0.32958984375,0.0244140625,-0.35400390625,0.1708984375,-0.2685546875,-0.01220703125,-0.048828125,0.3662109375,-0.0244140625,0.244140625,-0.89111328125,0.146484375,1.0986328125,-0.13427734375,-0.1953125,0,-0.634765625,0.341796875,-0.20751953125,0.01220703125,0.84228515625,0.28076171875,-0.634765625,-0.048828125,-0.10986328125,-0.244140625,-0.8056640625,-0.048828125,0.91552734375,-0.390625,0.23193359375,-0.537109375,-0.37841796875,0.25634765625,-0.84228515625,0.0732421875,-0.439453125,0.2197265625,-0.732421875,-0.37841796875,-0.18310546875,-0.08544921875,-0.64697265625,-0.4638671875,-0.42724609375,0.0732421875,0.67138671875,0.1220703125,1.123046875,-0.37841796875,0.37841796875,-0.01220703125,-0.1220703125,-0.64697265625,0.7080078125,-0.08544921875,6.4208984375,0.0244140625,7.53173828125,-0.06103515625,4.6875,0.30517578125,6.31103515625,0.048828125,0.29296875,-0.23193359375,1.03759765625,-0.08544921875,0.244140625,-0.2197265625,0.20751953125,-0.0244140625,0.30517578125,-0.1708984375,0.74462890625,0.0244140625,0.08544921875,-0.23193359375,1.33056640625,0.048828125,-0.9765625,-0.146484375,-0.390625,-0.1708984375,-1.0009765625,-0.20751953125,-0.830078125,0.0732421875,-1.46484375,-0.06103515625,-0.29296875,0.0244140625,-0.30517578125,0.30517578125,-1.18408203125,-0.30517578125,-1.220703125,0.40283203125,-1.03759765625,-0.13427734375,-1.025390625,-0.25634765625,-0.7080078125,-0.1708984375,-1.4892578125,-0.10986328125,-1.86767578125,-0.23193359375,-1.33056640625,-0.29296875,-0.09765625,-0.08544921875,0.3662109375,-0.146484375,0,-0.0732421875,-0.01220703125,-0.18310546875,0.15869140625,-0.146484375,0.0244140625,-0.10986328125,0.79345703125,0.01220703125,-0.47607421875,0.03662109375,-0.50048828125
1,-0.06103515625,-0.341796875,0.0244140625,-0.35400390625,0.1220703125,-0.2197265625,-0.01220703125,-0.048828125,0.40283203125,-0.0244140625,0.20751953125,-0.89111328125,0.146484375,1.0986328125,-0.13427734375,-0.20751953125,0.048828125,-0.62255859375,0.3173828125,-0.1953125,-0.0244140625,0.84228515625,0.32958984375,-0.68359375,0,-0.13427734375,-0.2197265625,-0.79345703125,0.03662109375,0.91552734375,-0.37841796875,0.23193359375,-0.390625,-0.32958984375,0.2197265625,-0.84228515625,0.13427734375,-0.439453125,0.25634765625,-0.76904296875,-0.35400390625,-0.15869140625,-0.048828125,-0.6591796875,-0.50048828125,-0.42724609375,0.048828125,0.7080078125,0.0732421875,1.123046875,-0.40283203125,0.37841796875,-0.0244140625,-0.1708984375,-0.69580078125,0.72021484375,-0.048828125,6.25,-0.01220703125,7.23876953125,-0.048828125,4.541015625,0.29296875,6.11572265625,0.0244140625,0.3173828125,-0.28076171875,1.0498046875,-0.146484375,0.25634765625,-0.1708984375,0.2197265625,-0.09765625,0.3173828125,-0.13427734375,0.732421875,0.048828125,0.10986328125,-0.1708984375,1.318359375,0.01220703125,-0.9765625,-0.15869140625,-0.390625,-0.20751953125,-1.01318359375,-0.2197265625,-0.8056640625,0.10986328125,-1.45263671875,-0.146484375,-0.29296875,0.048828125,-0.3173828125,0.28076171875,-1.18408203125,-0.37841796875,-1.220703125,0.30517578125,-1.0498046875,-0.18310546875,-1.03759765625,-0.244140625,-0.68359375,-0.15869140625,-1.4892578125,-0.0244140625,-1.8798828125,-0.244140625,-1.33056640625,-0.23193359375,-0.08544921875,-0.1220703125,0.35400390625,-0.146484375,0.01220703125,-0.06103515625,0,-0.1708984375,0.1708984375,-0.146484375,0.0244140625,-0.10986328125,0.7568359375,0.0244140625,-0.47607421875,0.03662109375,-0.50048828125
1,-0.048828125,-0.3173828125,0.01220703125,-0.35400390625,0.08544921875,-0.18310546875,-0.01220703125,-0.0732421875,0.439453125,-0.03662109375,0.1953125,-0.89111328125,0.1220703125,1.11083984375,-0.09765625,-0.1953125,0.09765625,-0.62255859375,0.1953125,-0.1953125,-0.0244140625,0.81787109375,0.28076171875,-0.68359375,0.09765625,-0.1708984375,-0.15869140625,-0.78125,0.09765625,0.9033203125,-0.32958984375,0.23193359375,-0.1708984375,-0.30517578125,0.09765625,-0.84228515625,0.1708984375,-0.45166015625,0.20751953125,-0.78125,-0.25634765625,-0.15869140625,-0.0732421875,-0.67138671875,-0.48828125,-0.40283203125,0.01220703125,0.67138671875,0.09765625,1.13525390625,-0.42724609375,0.37841796875,0.01220703125,-0.20751953125,-0.7080078125,0.72021484375,-0.01220703125,6.04248046875,-0.0244140625,6.93359375,-0.03662109375,4.38232421875,0.28076171875,5.87158203125,-0.01220703125,0.30517578125,-0.32958984375,1.03759765625,-0.23193359375,0.244140625,-0.08544921875,0.20751953125,-0.18310546875,0.29296875,-0.08544921875,0.76904296875,0.06103515625,0.06103515625,-0.09765625,1.3427734375,0.01220703125,-0.98876953125,-0.15869140625,-0.37841796875,-0.30517578125,-1.025390625,-0.18310546875,-0.8056640625,0.06103515625,-1.4404296875,-0.2197265625,-0.30517578125,0.03662109375,-0.32958984375,0.18310546875,-1.18408203125,-0.439453125,-1.20849609375,0.20751953125,-1.0498046875,-0.20751953125,-1.0498046875,-0.1708984375,-0.67138671875,-0.15869140625,-1.3671875,0.0244140625,-1.81884765625,-0.25634765625,-1.28173828125,-0.15869140625,0.01220703125,-0.13427734375,0.341796875,-0.13427734375,0.01220703125,-0.06103515625,0.01220703125,-0.146484375,0.15869140625,-0.15869140625,0,-0.13427734375,0.7568359375,0.0244140625,-0.47607421875,0.048828125,-0.48828125
1,-0.06103515625,-0.341796875,0,-0.35400390625,0.09765625,-0.15869140625,-0.03662109375,-0.06103515625,0.40283203125,-0.048828125,0.1953125,-0.86669921875,0.09765625,1.08642578125,-0.08544921875,-0.1953125,0.1220703125,-0.634765625,0.10986328125,-0.1953125,-0.0244140625,0.84228515625,0.20751953125,-0.7080078125,0.18310546875,-0.18310546875,-0.10986328125,-0.7568359375,0.08544921875,0.9033203125,-0.2197265625,0.2197265625,0,-0.28076171875,0.0244140625,-0.86669921875,0.2197265625,-0.45166015625,0.1953125,-0.8056640625,-0.10986328125,-0.15869140625,-0.1220703125,-0.67138671875,-0.42724609375,-0.40283203125,0.01220703125,0.6591796875,0.10986328125,1.15966796875,-0.42724609375,0.40283203125,0.06103515625,-0.244140625,-0.74462890625,0.7080078125,0.01220703125,5.7373046875,-0.0732421875,6.55517578125,-0.08544921875,4.16259765625,0.1953125,5.55419921875,-0.01220703125,0.28076171875,-0.341796875,1.03759765625,-0.244140625,0.244140625,-0.0244140625,0.18310546875,-0.2685546875,0.29296875,-0.03662109375,0.81787109375,0.09765625,0.048828125,-0.0244140625,1.33056640625,0.0244140625,-0.98876953125,-0.1708984375,-0.3662109375,-0.3173828125,-1.0009765625,-0.1220703125,-0.8056640625,0.0732421875,-1.45263671875,-0.25634765625,-0.30517578125,0.08544921875,-0.32958984375,0.048828125,-1.220703125,-0.390625,-1.220703125,0.09765625,-1.06201171875,-0.2685546875,-1.0498046875,-0.09765625,-0.68359375,-0.1220703125,-1.171875,0.048828125,-1.708984375,-0.3173828125,-1.20849609375,-0.09765625,0.1220703125,-0.146484375,0.341796875,-0.15869140625,0.0244140625,-0.0732421875,0.01220703125,-0.1220703125,0.15869140625,-0.1708984375,-0.01220703125,-0.1220703125,0.76904296875,0.01220703125,-0.50048828125,0.048828125,-0.48828125
1,-0.048828125,-0.32958984375,-0.0244140625,-0.32958984375,0.1220703125,-0.146484375,-0.03662109375,-0.08544921875,0.390625,-0.03662109375,0.1953125,-0.87890625,0.0732421875,1.08642578125,-0.09765625,-0.18310546875,0.13427734375,-0.62255859375,0.01220703125,-0.18310546875,-0.048828125,0.8056640625,0.09765625,-0.732421875,0.23193359375,-0.2197265625,-0.09765625,-0.76904296875,0.0244140625,0.91552734375,-0.09765625,0.20751953125,0.09765625,-0.23193359375,-0.09765625,-0.86669921875,0.2197265625,-0.45166015625,0.15869140625,-0.8056640625,0.048828125,-0.15869140625,-0.1708984375,-0.7080078125,-0.30517578125,-0.3662109375,-0.0244140625,0.6591796875,0.1220703125,1.18408203125,-0.48828125,0.4150390625,0.146484375,-0.2685546875,-0.7080078125,0.72021484375,0,5.322265625,-0.10986328125,6.09130859375,-0.244140625,3.89404296875,0.18310546875,5.16357421875,-0.0244140625,0.2685546875,-0.35400390625,1.025390625,-0.28076171875,0.23193359375,-0.01220703125,0.18310546875,-0.30517578125,0.244140625,-0.01220703125,0.84228515625,0.10986328125,0.01220703125,0.03662109375,1.33056640625,0.048828125,-0.98876953125,-0.1708984375,-0.35400390625,-0.3173828125,-1.01318359375,-0.0732421875,-0.79345703125,0.03662109375,-1.45263671875,-0.25634765625,-0.30517578125,0.09765625,-0.29296875,-0.0732421875,-1.1962890625,-0.3662109375,-1.220703125,0,-1.0498046875,-0.29296875,-1.0498046875,-0.048828125,-0.68359375,-0.08544921875,-0.927734375,-0.01220703125,-1.5869140625,-0.35400390625,-1.0986328125,-0.048828125,0.2685546875,-0.1220703125,0.341796875,-0.18310546875,0.01220703125,-0.0732421875,-0.03662109375,-0.08544921875,0.146484375,-0.13427734375,-0.01220703125,-0.15869140625,0.78125,0,-0.5126953125,0.06103515625,-0.5126953125
1,-0.03662109375,-0.32958984375,-0.03662109375,-0.3173828125,0.15869140625,-0.146484375,-0.01220703125,-0.0732421875,0.37841796875,-0.048828125,0.1953125,-0.87890625,0.048828125,1.0986328125,-0.08544921875,-0.1708984375,0.10986328125,-0.62255859375,-0.01220703125,-0.20751953125,-0.06103515625,0.8056640625,-0.06103515625,-0.74462890625,0.29296875,-0.2197265625,-0.08544921875,-0.76904296875,-0.048828125,0.9033203125,0.01220703125,0.1953125,0.08544921875,-0.244140625,-0.1220703125,-0.87890625,0.15869140625,-0.4638671875,0.13427734375,-0.8056640625,0.18310546875,-0.18310546875,-0.20751953125,-0.72021484375,-0.18310546875,-0.35400390625,-0.048828125,0.634765625,0.09765625,1.18408203125,-0.42724609375,0.439453125,0.18310546875,-0.29296875,-0.67138671875,0.7080078125,0,4.84619140625,-0.13427734375,5.56640625,-0.341796875,3.564453125,0.10986328125,4.6875,-0.06103515625,0.2685546875,-0.32958984375,1.025390625,-0.25634765625,0.2197265625,0.01220703125,0.18310546875,-0.35400390625,0.23193359375,0,0.9033203125,0.146484375,0,0.0732421875,1.3427734375,0.0732421875,-0.96435546875,-0.146484375,-0.341796875,-0.30517578125,-1.0009765625,-0.06103515625,-0.76904296875,0,-1.45263671875,-0.2197265625,-0.30517578125,0.048828125,-0.29296875,-0.09765625,-1.1962890625,-0.3173828125,-1.1962890625,-0.09765625,-1.07421875,-0.25634765625,-1.025390625,-0.048828125,-0.6591796875,0.0244140625,-0.72021484375,-0.0732421875,-1.46484375,-0.341796875,-0.9765625,-0.03662109375,0.42724609375,-0.13427734375,0.32958984375,-0.2197265625,0.03662109375,-0.0732421875,-0.06103515625,-0.08544921875,0.15869140625,-0.13427734375,-0.048828125,-0.1708984375,0.79345703125,0.01220703125,-0.537109375,0.048828125,-0.52490234375
1,-0.048828125,-0.341796875,-0.03662109375,-0.32958984375,0.146484375,-0.15869140625,0.01220703125,-0.048828125,0.32958984375,-0.048828125,0.18310546875,-0.87890625,0.09765625,1.07421875,-0.09765625,-0.146484375,0.03662109375,-0.634765625,-0.0244140625,-0.20751953125,-0.1220703125,0.79345703125,-0.1708984375,-0.732421875,0.2685546875,-0.2197265625,-0.06103515625,-0.79345703125,-0.10986328125,0.89111328125,0.146484375,0.20751953125,-0.09765625,-0.2685546875,-0.0732421875,-0.87890625,0.08544921875,-0.47607421875,0.08544921875,-0.79345703125,0.2685546875,-0.1953125,-0.15869140625,-0.72021484375,-0.0732421875,-0.37841796875,-0.03662109375,0.5859375,0.01220703125,1.20849609375,-0.40283203125,0.4638671875,0.1953125,-0.28076171875,-0.6103515625,0.7080078125,-0.01220703125,4.3212890625,-0.146484375,4.98046875,-0.4150390625,3.21044921875,0.09765625,4.13818359375,-0.13427734375,0.25634765625,-0.30517578125,1.01318359375,-0.23193359375,0.20751953125,-0.01220703125,0.1708984375,-0.35400390625,0.1953125,0.08544921875,0.93994140625,0.146484375,0,0.09765625,1.3427734375,0.0732421875,-0.96435546875,-0.09765625,-0.341796875,-0.20751953125,-0.98876953125,-0.08544921875,-0.78125,-0.048828125,-1.46484375,-0.1708984375,-0.30517578125,-0.01220703125,-0.30517578125,-0.08544921875,-1.20849609375,-0.32958984375,-1.18408203125,-0.10986328125,-1.07421875,-0.23193359375,-1.0498046875,-0.0244140625,-0.67138671875,0.10986328125,-0.54931640625,-0.15869140625,-1.3427734375,-0.341796875,-0.9033203125,-0.03662109375,0.54931640625,-0.1220703125,0.341796875,-0.2197265625,0.03662109375,-0.08544921875,-0.0732421875,-0.0732421875,0.18310546875,-0.13427734375,-0.03662109375,-0.1953125,0.79345703125,0.01220703125,-0.54931640625,0.048828125,-0.537109375
1,-0.03662109375,-0.32958984375,-0.048828125,-0.32958984375,0.10986328125,-0.1708984375,0,-0.03662109375,0.30517578125,-0.048828125,0.18310546875,-0.8544921875,0.09765625,1.07421875,-0.13427734375,-0.1220703125,-0.0732421875,-0.634765625,-0.06103515625,-0.20751953125,-0.23193359375,0.81787109375,-0.2197265625,-0.72021484375,0.25634765625,-0.20751953125,-0.01220703125,-0.81787109375,-0.1708984375,0.86669921875,0.1953125,0.20751953125,-0.35400390625,-0.3173828125,-0.06103515625,-0.89111328125,-0.01220703125,-0.50048828125,0.06103515625,-0.8056640625,0.28076171875,-0.2197265625,-0.09765625,-0.7080078125,-0.01220703125,-0.4150390625,-0.06103515625,0.57373046875,-0.03662109375,1.1962890625,-0.35400390625,0.45166015625,0.23193359375,-0.25634765625,-0.537109375,0.69580078125,-0.06103515625,3.77197265625,-0.18310546875,4.345703125,-0.47607421875,2.84423828125,0.0244140625,3.564453125,-0.1953125,0.25634765625,-0.28076171875,0.98876953125,-0.1953125,0.1953125,-0.0732421875,0.15869140625,-0.32958984375,0.1708984375,0.1220703125,0.927734375,0.15869140625,-0.0244140625,0.09765625,1.318359375,0.0732421875,-0.9765625,-0.03662109375,-0.341796875,-0.13427734375,-0.98876953125,-0.09765625,-0.78125,-0.1220703125,-1.46484375,-0.146484375,-0.30517578125,-0.09765625,-0.29296875,-0.0244140625,-1.20849609375,-0.341796875,-1.20849609375,-0.1220703125,-1.06201171875,-0.1953125,-1.0498046875,0.0244140625,-0.64697265625,0.1220703125,-0.439453125,-0.20751953125,-1.28173828125,-0.30517578125,-0.8544921875,-0.03662109375,0.62255859375,-0.1220703125,0.341796875,-0.2197265625,0.03662109375,-0.0732421875,-0.08544921875,-0.08544921875,0.1953125,-0.10986328125,-0.0244140625,-0.20751953125,0.79345703125,0.01220703125,-0.537109375,0.03662109375,-0.537109375
1,-0.048828125,-0.32958984375,-0.0732421875,-0.341796875,0.09765625,-0.2197265625,0,-0.06103515625,0.3173828125,-0.0244140625,0.18310546875,-0.86669921875,0.0732421875,1.07421875,-0.10986328125,-0.13427734375,-0.1708984375,-0.634765625,-0.048828125,-0.2197265625,-0.35400390625,0.79345703125,-0.20751953125,-0.7080078125,0.20751953125,-0.1953125,0.0244140625,-0.84228515625,-0.1953125,0.86669921875,0.1953125,0.2197265625,-0.62255859375,-0.37841796875,-0.01220703125,-0.91552734375,-0.13427734375,-0.5126953125,0.048828125,-0.76904296875,0.20751953125,-0.23193359375,-0.048828125,-0.68359375,0.0244140625,-0.4638671875,0.01220703125,0.54931640625,-0.06103515625,1.18408203125,-0.32958984375,0.4638671875,0.28076171875,-0.2197265625,-0.4638671875,0.69580078125,-0.146484375,3.2470703125,-0.18310546875,3.69873046875,-0.5615234375,2.50244140625,-0.0244140625,3.03955078125,-0.2197265625,0.23193359375,-0.244140625,1.0009765625,-0.1220703125,0.18310546875,-0.1220703125,0.18310546875,-0.28076171875,0.18310546875,0.13427734375,0.9765625,0.146484375,-0.01220703125,0.09765625,1.318359375,0.06103515625,-0.98876953125,-0.01220703125,-0.35400390625,-0.08544921875,-0.9765625,-0.09765625,-0.79345703125,-0.1708984375,-1.4892578125,-0.09765625,-0.29296875,-0.1953125,-0.30517578125,0.06103515625,-1.20849609375,-0.30517578125,-1.1962890625,-0.10986328125,-1.07421875,-0.13427734375,-1.025390625,0.03662109375,-0.634765625,0.1220703125,-0.42724609375,-0.1953125,-1.25732421875,-0.2197265625,-0.830078125,-0.01220703125,0.6591796875,-0.13427734375,0.32958984375,-0.1953125,0.048828125,-0.08544921875,-0.09765625,-0.08544921875,0.20751953125,-0.1220703125,-0.01220703125,-0.2197265625,0.8056640625,0.0244140625,-0.54931640625,0.0244140625,-0.52490234375
1,-0.06103515625,-0.32958984375,-0.09765625,-0.341796875,0.08544921875,-0.244140625,0,-0.06103515625,0.30517578125,-0.01220703125,0.13427734375,-0.86669921875,0.06103515625,1.0986328125,-0.146484375,-0.146484375,-0.244140625,-0.634765625,-0.03662109375,-0.20751953125,-0.4638671875,0.8056640625,-0.13427734375,-0.69580078125,0.146484375,-0.1708984375,0.06103515625,-0.830078125,-0.20751953125,0.8544921875,0.1220703125,0.23193359375,-0.81787109375,-0.4150390625,0,-0.87890625,-0.1953125,-0.48828125,0.01220703125,-0.732421875,0.06103515625,-0.23193359375,0.01220703125,-0.6591796875,0,-0.47607421875,0.0244140625,0.54931640625,-0.048828125,1.171875,-0.341796875,0.4638671875,0.3173828125,-0.1953125,-0.35400390625,0.72021484375,-0.1953125,2.7587890625,0,3.06396484375,-0.59814453125,2.1728515625,-0.048828125,2.5634765625,-0.244140625,0.2685546875,-0.23193359375,0.98876953125,-0.048828125,0.1708984375,-0.18310546875,0.146484375,-0.25634765625,0.1708984375,0.18310546875,0.96435546875,0.10986328125,0,0.0732421875,1.2939453125,0.06103515625,-0.98876953125,0.03662109375,-0.37841796875,-0.048828125,-0.96435546875,-0.08544921875,-0.76904296875,-0.1708984375,-1.52587890625,-0.09765625,-0.28076171875,-0.25634765625,-0.30517578125,0.1220703125,-1.18408203125,-0.1708984375,-1.1962890625,-0.03662109375,-1.0498046875,-0.09765625,-1.025390625,0.0244140625,-0.634765625,0.08544921875,-0.50048828125,-0.1953125,-1.25732421875,-0.23193359375,-0.8544921875,-0.048828125,0.634765625,-0.1220703125,0.35400390625,-0.1708984375,0.048828125,-0.0732421875,-0.0732421875,-0.1220703125,0.20751953125,-0.1220703125,0,-0.1953125,0.8056640625,0.0244140625,-0.54931640625,0.03662109375,-0.52490234375
0,-0.06103515625,-0.32958984375,-0.10986328125,-0.35400390625,0.10986328125,-0.29296875,0.0244140625,-0.0732421875,0.32958984375,-0.01220703125,0.10986328125,-0.8544921875,0.06103515625,1.0986328125,-0.1220703125,-0.1708984375,-0.28076171875,-0.62255859375,-0.01220703125,-0.1953125,-0.5126953125,0.81787109375,-0.0244140625,-0.6591796875,0.08544921875,-0.13427734375,0.01220703125,-0.81787109375,-0.20751953125,0.86669921875,-0.03662109375,0.23193359375,-0.87890625,-0.42724609375,-0.01220703125,-0.86669921875,-0.18310546875,-0.48828125,0.03662109375,-0.68359375,-0.09765625,-0.2197265625,0.0244140625,-0.64697265625,-0.0244140625,-0.50048828125,0.048828125,0.57373046875,-0.06103515625,1.13525390625,-0.37841796875,0.45166015625,0.3662109375,-0.15869140625,-0.25634765625,0.72021484375,-0.29296875,2.38037109375,0.06103515625,2.490234375,-0.68359375,1.89208984375,-0.146484375,2.18505859375,-0.20751953125,0.2685546875,-0.1708984375,1.0009765625,0.01220703125,0.18310546875,-0.18310546875,0.1708984375,-0.25634765625,0.1708984375,0.1708984375,0.91552734375,0.0732421875,-0.01220703125,0.03662109375,1.2939453125,0.09765625,-0.98876953125,0.048828125,-0.35400390625,-0.06103515625,-0.9765625,-0.048828125,-0.76904296875,-0.0732421875,-1.50146484375,-0.10986328125,-0.2685546875,-0.25634765625,-0.3173828125,0.20751953125,-1.18408203125,-0.09765625,-1.1962890625,0.03662109375,-1.0498046875,-0.0732421875,-1.03759765625,-0.01220703125,-0.6591796875,-0.08544921875,-0.6103515625,-0.244140625,-1.318359375,-0.28076171875,-0.9033203125,-0.1708984375,0.57373046875,-0.15869140625,0.35400390625,-0.15869140625,0.048828125,-0.06103515625,-0.03662109375,-0.15869140625,0.2197265625,-0.13427734375,0.01220703125,-0.1708984375,0.7568359375,0.01220703125,-0.537109375,0.03662109375,-0.537109375
0,-0.03662109375,-0.35400390625,-0.1220703125,-0.3662109375,0.09765625,-0.3662109375,0.0244140625,-0.08544921875,0.32958984375,-0.01220703125,0.06103515625,-0.87890625,0.048828125,1.11083984375,-0.13427734375,-0.18310546875,-0.29296875,-0.62255859375,0.03662109375,-0.1708984375,-0.50048828125,0.830078125,0.048828125,-0.64697265625,0.01220703125,-0.1220703125,-0.048828125,-0.8056640625,-0.1953125,0.87890625,-0.2197265625,0.244140625,-0.8544921875,-0.47607421875,-0.08544921875,-0.86669921875,-0.15869140625,-0.50048828125,-0.01220703125,-0.634765625,-0.23193359375,-0.23193359375,-0.03662109375,-0.6103515625,-0.10986328125,-0.537109375,0.1220703125,0.5859375,-0.0732421875,1.11083984375,-0.390625,0.45166015625,0.3662109375,-0.146484375,-0.15869140625,0.72021484375,-0.30517578125,2.05078125,0.13427734375,2.001953125,-0.732421875,1.67236328125,-0.20751953125,1.8798828125,-0.18310546875,0.2685546875,-0.09765625,1.025390625,0.048828125,0.18310546875,-0.18310546875,0.18310546875,-0.25634765625,0.2197265625,0.23193359375,0.9033203125,0.0244140625,0,-0.01220703125,1.28173828125,0.13427734375,-0.98876953125,0.03662109375,-0.3662109375,-0.09765625,-1.01318359375,-0.01220703125,-0.79345703125,0.0244140625,-1.50146484375,-0.10986328125,-0.28076171875,-0.1708984375,-0.32958984375,0.1708984375,-1.15966796875,-0.048828125,-1.1962890625,0.09765625,-1.0498046875,-0.048828125,-1.03759765625,-0.048828125,-0.64697265625,-0.0732421875,-0.732421875,-0.146484375,-1.3671875,-0.25634765625,-0.9521484375,-0.146484375,0.537109375,-0.1708984375,0.35400390625,-0.13427734375,0.03662109375,-0.0732421875,-0.03662109375,-0.18310546875,0.20751953125,-0.146484375,-0.01220703125,-0.15869140625,0.76904296875,-0.01220703125,-0.5126953125,0.0244140625,-0.537109375
0,-0.048828125,-0.341796875,-0.13427734375,-0.341796875,0.146484375,-0.4150390625,0.0244140625,-0.0732421875,0.3173828125,0.01220703125,0.048828125,-0.87890625,0.048828125,1.11083984375,-0.10986328125,-0.146484375,-0.23193359375,-0.634765625,0.09765625,-0.1708984375,-0.439453125,0.81787109375,0.10986328125,-0.6591796875,-0.06103515625,-0.10986328125,-0.13427734375,-0.79345703125,-0.25634765625,0.9033203125,-0.390625,0.23193359375,-0.74462890625,-0.48828125,-0.13427734375,-0.86669921875,-0.0732421875,-0.4638671875,-0.048828125,-0.6103515625,-0.30517578125,-0.20751953125,-0.1220703125,-0.62255859375,-0.1708984375,-0.537109375,0.03662109375,0.6103515625,-0.09765625,1.0986328125,-0.47607421875,0.45166015625,0.40283203125,-0.146484375,-0.01220703125,0.72021484375,-0.32958984375,1.81884765625,0.146484375,1.611328125,-0.732421875,1.50146484375,-0.29296875,1.67236328125,-0.15869140625,0.29296875,-0.06103515625,1.03759765625,0.03662109375,0.1953125,-0.146484375,0.20751953125,-0.2197265625,0.25634765625,0.25634765625,0.86669921875,-0.048828125,-0.01220703125,-0.048828125,1.30615234375,0.15869140625,-0.98876953125,0.03662109375,-0.3662109375,-0.1708984375,-1.0009765625,0.0732421875,-0.79345703125,0.10986328125,-1.52587890625,-0.1220703125,-0.28076171875,-0.03662109375,-0.32958984375,0.09765625,-1.1474609375,0,-1.20849609375,0.09765625,-1.0498046875,-0.03662109375,-1.0498046875,-0.08544921875,-0.64697265625,-0.0732421875,-0.830078125,-0.10986328125,-1.40380859375,-0.2685546875,-0.98876953125,-0.146484375,0.5126953125,-0.20751953125,0.3662109375,-0.1220703125,0.0244140625,-0.06103515625,-0.0244140625,-0.1708984375,0.2197265625,-0.1708984375,-0.0244140625,-0.146484375,0.7568359375,-0.01220703125,-0.50048828125,0.03662109375,-0.5615234375
0,-0.048828125,-0.341796875,-0.1220703125,-0.341796875,0.08544921875,-0.47607421875,0.0244140625,-0.0732421875,0.341796875,0,0.01220703125,-0.87890625,0.03662109375,1.11083984375,-0.09765625,-0.15869140625,-0.13427734375,-0.6103515625,0.146484375,-0.15869140625,-0.28076171875,0.81787109375,0.1220703125,-0.6591796875,-0.09765625,-0.08544921875,-0.18310546875,-0.78125,-0.3173828125,0.89111328125,-0.50048828125,0.23193359375,-0.52490234375,-0.439453125,-0.15869140625,-0.8544921875,0.01220703125,-0.48828125,-0.06103515625,-0.57373046875,-0.3173828125,-0.1953125,-0.23193359375,-0.62255859375,-0.23193359375,-0.47607421875,0.03662109375,0.6103515625,-0.10986328125,1.08642578125,-0.42724609375,0.45166015625,0.4150390625,-0.146484375,0.08544921875,0.72021484375,-0.32958984375,1.6845703125,0.1953125,1.35498046875,-0.7080078125,1.3916015625,-0.32958984375,1.55029296875,-0.10986328125,0.28076171875,0,1.0498046875,0.03662109375,0.20751953125,-0.09765625,0.1953125,-0.18310546875,0.28076171875,0.28076171875,0.86669921875,-0.09765625,0,-0.08544921875,1.28173828125,0.1953125,-1.025390625,0.06103515625,-0.37841796875,-0.25634765625,-1.03759765625,0.1220703125,-0.79345703125,0.20751953125,-1.513671875,-0.1220703125,-0.25634765625,0.09765625,-0.3173828125,0.0244140625,-1.1474609375,-0.03662109375,-1.23291015625,0.0732421875,-1.0498046875,-0.01220703125,-1.0498046875,-0.08544921875,-0.6591796875,-0.1708984375,-0.86669921875,-0.1708984375,-1.40380859375,-0.2685546875,-0.9765625,-0.1708984375,0.50048828125,-0.20751953125,0.3662109375,-0.10986328125,0.01220703125,-0.0732421875,-0.0244140625,-0.1708984375,0.1953125,-0.15869140625,-0.0244140625,-0.15869140625,0.7568359375,-0.03662109375,-0.48828125,0.048828125,-0.57373046875
0,-0.0244140625,-0.32958984375,-0.13427734375,-0.3173828125,0.03662109375,-0.50048828125,0.01220703125,-0.048828125,0.341796875,0.01220703125,0.0244140625,-0.87890625,0.048828125,1.0986328125,-0.0732421875,-0.146484375,-0.0244140625,-0.6103515625,0.146484375,-0.1708984375,-0.1220703125,0.81787109375,0.08544921875,-0.64697265625,-0.13427734375,-0.048828125,-0.1953125,-0.7568359375,-0.3173828125,0.89111328125,-0.52490234375,0.20751953125,-0.30517578125,-0.37841796875,-0.20751953125,-0.84228515625,0.13427734375,-0.45166015625,-0.03662109375,-0.54931640625,-0.244140625,-0.1708984375,-0.3173828125,-0.64697265625,-0.30517578125,-0.439453125,0,0.634765625,-0.09765625,1.13525390625,-0.42724609375,0.45166015625,0.390625,-0.18310546875,0.13427734375,0.7080078125,-0.28076171875,1.6357421875,0.1953125,1.20849609375,-0.6591796875,1.3427734375,-0.35400390625,1.50146484375,-0.10986328125,0.29296875,0.048828125,1.03759765625,0.0244140625,0.1953125,-0.0732421875,0.1953125,-0.10986328125,0.29296875,0.28076171875,0.8544921875,-0.146484375,-0.01220703125,-0.10986328125,1.30615234375,0.20751953125,-1.01318359375,0.03662109375,-0.3662109375,-0.3173828125,-1.03759765625,0.1220703125,-0.79345703125,0.244140625,-1.50146484375,-0.09765625,-0.25634765625,0.18310546875,-0.30517578125,-0.0244140625,-1.13525390625,-0.0732421875,-1.220703125,-0.06103515625,-1.0498046875,-0.048828125,-1.06201171875,-0.10986328125,-0.67138671875,-0.03662109375,-0.830078125,-0.08544921875,-1.3427734375,-0.1708984375,-0.93994140625,-0.08544921875,0.54931640625,-0.18310546875,0.37841796875,-0.1220703125,-0.01220703125,-0.08544921875,-0.01220703125,-0.1708984375,0.18310546875,-0.1708984375,-0.06103515625,-0.146484375,0.7568359375,-0.03662109375,-0.48828125,0.06103515625,-0.57373046875
0,-0.0244140625,-0.341796875,-0.15869140625,-0.3173828125,0.03662109375,-0.47607421875,-0.0244140625,-0.0244140625,0.341796875,0.01220703125,-0.01220703125,-0.86669921875,0.0244140625,1.0986328125,-0.08544921875,-0.146484375,0.06103515625,-0.634765625,0.13427734375,-0.18310546875,0,0.79345703125,0.0244140625,-0.6591796875,-0.10986328125,-0.0244140625,-0.1953125,-0.76904296875,-0.3662109375,0.89111328125,-0.4150390625,0.18310546875,-0.20751953125,-0.30517578125,-0.146484375,-0.86669921875,0.23193359375,-0.439453125,0.06103515625,-0.537109375,-0.1953125,-0.146484375,-0.37841796875,-0.68359375,-0.32958984375,-0.37841796875,-0.13427734375,0.634765625,-0.0732421875,1.1474609375,-0.390625,0.4638671875,0.37841796875,-0.1953125,0.09765625,0.7080078125,-0.2685546875,1.67236328125,0.2197265625,1.220703125,-0.6103515625,1.3427734375,-0.390625,1.5380859375,-0.1220703125,0.244140625,0.1220703125,1.025390625,0.03662109375,0.1953125,-0.03662109375,0.1708984375,0,0.2685546875,0.28076171875,0.86669921875,-0.1708984375,-0.01220703125,-0.13427734375,1.2939453125,0.20751953125,-1.01318359375,0.0244140625,-0.3662109375,-0.30517578125,-1.03759765625,0.0732421875,-0.79345703125,0.30517578125,-1.4892578125,-0.0732421875,-0.2685546875,0.20751953125,-0.30517578125,-0.0244140625,-1.13525390625,-0.10986328125,-1.220703125,-0.1953125,-1.06201171875,-0.0732421875,-1.0498046875,-0.0732421875,-0.6591796875,0,-0.72021484375,-0.13427734375,-1.23291015625,-0.15869140625,-0.830078125,-0.13427734375,0.69580078125,-0.146484375,0.37841796875,-0.13427734375,-0.0244140625,-0.06103515625,-0.0244140625,-0.15869140625,0.1708984375,-0.146484375,-0.0732421875,-0.146484375,0.76904296875,-0.03662109375,-0.47607421875,0.08544921875,-0.57373046875
0,-0.03662109375,-0.32958984375,-0.15869140625,-0.29296875,0.048828125,-0.439453125,-0.03662109375,-0.03662109375,0.32958984375,0,-0.01220703125,-0.86669921875,0.01220703125,1.11083984375,-0.09765625,-0.15869140625,0.15869140625,-0.64697265625,0.08544921875,-0.1708984375,0.048828125,0.79345703125,0.01220703125,-0.68359375,-0.0732421875,0.01220703125,-0.1708984375,-0.76904296875,-0.37841796875,0.89111328125,-0.29296875,0.1708984375,-0.13427734375,-0.244140625,-0.048828125,-0.87890625,0.244140625,-0.42724609375,0.048828125,-0.50048828125,-0.10986328125,-0.146484375,-0.4150390625,-0.7080078125,-0.341796875,-0.32958984375,-0.10986328125,0.6591796875,-0.0732421875,1.18408203125,-0.35400390625,0.45166015625,0.4150390625,-0.2197265625,0.048828125,0.69580078125,-0.1953125,1.81884765625,0.25634765625,1.40380859375,-0.57373046875,1.3916015625,-0.3662109375,1.66015625,-0.10986328125,0.2197265625,0.18310546875,1.03759765625,0.03662109375,0.20751953125,-0.01220703125,0.1708984375,0.10986328125,0.2685546875,0.20751953125,0.9033203125,-0.2197265625,0,-0.1220703125,1.318359375,0.18310546875,-1.01318359375,0.048828125,-0.37841796875,-0.28076171875,-1.025390625,0.03662109375,-0.79345703125,0.28076171875,-1.46484375,-0.06103515625,-0.25634765625,0.1708984375,-0.30517578125,-0.0244140625,-1.13525390625,-0.1708984375,-1.20849609375,-0.28076171875,-1.06201171875,-0.03662109375,-1.06201171875,-0.08544921875,-0.67138671875,0.0732421875,-0.48828125,-0.09765625,-1.08642578125,-0.13427734375,-0.7080078125,-0.146484375,0.87890625,-0.146484375,0.35400390625,-0.146484375,0.01220703125,-0.06103515625,-0.048828125,-0.146484375,0.18310546875,-0.13427734375,-0.0732421875,-0.146484375,0.76904296875,-0.01220703125,-0.50048828125,0.08544921875,-0.5615234375
0,-0.0244140625,-0.32958984375,-0.15869140625,-0.30517578125,0.06103515625,-0.40283203125,-0.06103515625,-0.03662109375,0.29296875,0.01220703125,0,-0.87890625,0.01220703125,1.11083984375,-0.09765625,-0.146484375,0.15869140625,-0.634765625,0.0732421875,-0.1708984375,0.048828125,0.79345703125,-0.01220703125,-0.67138671875,-0.03662109375,0.048828125,-0.15869140625,-0.76904296875,-0.341796875,0.87890625,-0.146484375,0.1708984375,-0.20751953125,-0.23193359375,0.06103515625,-0.9033203125,0.23193359375,-0.4150390625,0.09765625,-0.48828125,-0.06103515625,-0.13427734375,-0.341796875,-0.74462890625,-0.32958984375,-0.29296875,-0.146484375,0.6591796875,-0.08544921875,1.20849609375,-0.3173828125,0.48828125,0.40283203125,-0.2197265625,0.0244140625,0.69580078125,-0.13427734375,2.05078125,0.244140625,1.77001953125,-0.5126953125,1.5625,-0.3662109375,1.904296875,-0.08544921875,0.2197265625,0.20751953125,1.025390625,0.048828125,0.1953125,-0.01220703125,0.1708984375,0.1708984375,0.2685546875,0.1220703125,0.91552734375,-0.25634765625,-0.0244140625,-0.08544921875,1.318359375,0.18310546875,-0.9765625,0.0732421875,-0.35400390625,-0.1953125,-1.025390625,-0.03662109375,-0.79345703125,0.25634765625,-1.45263671875,-0.01220703125,-0.2685546875,0.0732421875,-0.29296875,0.01220703125,-1.15966796875,-0.15869140625,-1.20849609375,-0.30517578125,-1.07421875,-0.048828125,-1.0498046875,-0.08544921875,-0.6591796875,0.2197265625,-0.244140625,-0.01220703125,-0.87890625,-0.08544921875,-0.5126953125,-0.10986328125,1.11083984375,-0.146484375,0.37841796875,-0.146484375,0.01220703125,-0.08544921875,-0.0732421875,-0.1220703125,0.1708984375,-0.13427734375,-0.0732421875,-0.15869140625,0.79345703125,-0.01220703125,-0.52490234375,0.09765625,-0.537109375
0,-0.03662109375,-0.3173828125,-0.15869140625,-0.341796875,0.048828125,-0.37841796875,-0.048828125,-0.03662109375,0.244140625,-0.01220703125,-0.01220703125,-0.86669921875,0.01220703125,1.123046875,-0.1220703125,-0.1708984375,0.18310546875,-0.6591796875,0.06103515625,-0.18310546875,0,0.8056640625,0,-0.68359375,0,0.06103515625,-0.1220703125,-0.79345703125,-0.2685546875,0.87890625,-0.048828125,0.1953125,-0.3173828125,-0.2197265625,0.2197265625,-0.9033203125,0.18310546875,-0.4150390625,0.10986328125,-0.50048828125,-0.048828125,-0.146484375,-0.244140625,-0.732421875,-0.3173828125,-0.3173828125,-0.15869140625,0.6591796875,-0.1220703125,1.220703125,-0.2685546875,0.48828125,0.35400390625,-0.1953125,-0.01220703125,0.7080078125,-0.03662109375,2.42919921875,0.23193359375,2.33154296875,-0.439453125,1.86767578125,-0.341796875,2.28271484375,-0.0244140625,0.1953125,0.20751953125,1.01318359375,0.08544921875,0.1953125,-0.01220703125,0.15869140625,0.244140625,0.244140625,0.03662109375,0.91552734375,-0.2685546875,-0.0244140625,-0.048828125,1.30615234375,0.1953125,-0.9765625,0.09765625,-0.341796875,-0.09765625,-1.0009765625,-0.10986328125,-0.78125,0.20751953125,-1.45263671875,-0.0244140625,-0.28076171875,-0.06103515625,-0.28076171875,0.06103515625,-1.18408203125,-0.13427734375,-1.23291015625,-0.2685546875,-1.07421875,-0.048828125,-1.07421875,-0.09765625,-0.634765625,0.1953125,0.0244140625,-0.08544921875,-0.68359375,-0.09765625,-0.341796875,-0.20751953125,1.3427734375,-0.146484375,0.37841796875,-0.15869140625,0.03662109375,-0.0732421875,-0.0732421875,-0.10986328125,0.15869140625,-0.13427734375,-0.08544921875,-0.1708984375,0.8056640625,-0.01220703125,-0.52490234375,0.0732421875,-0.54931640625
0,0,-0.32958984375,-0.18310546875,-0.341796875,0,-0.341796875,-0.08544921875,-0.0732421875,0.23193359375,-0.01220703125,-0.01220703125,-0.87890625,0.0244140625,1.13525390625,-0.1708984375,-0.1953125,0.15869140625,-0.64697265625,0.048828125,-0.2197265625,-0.13427734375,0.79345703125,0.048828125,-0.69580078125,0.01220703125,0.0732421875,-0.09765625,-0.81787109375,-0.15869140625,0.84228515625,0.01220703125,0.1708984375,-0.40283203125,-0.25634765625,0.32958984375,-0.91552734375,0.10986328125,-0.4150390625,0.1220703125,-0.5615234375,-0.1220703125,-0.15869140625,-0.1220703125,-0.732421875,-0.32958984375,-0.341796875,-0.1220703125,0.68359375,-0.15869140625,1.20849609375,-0.2685546875,0.50048828125,0.3173828125,-0.18310546875,-0.06103515625,0.72021484375,0,2.978515625,0.18310546875,3.1005859375,-0.390625,2.2705078125,-0.40283203125,2.83203125,0.01220703125,0.20751953125,0.20751953125,1.01318359375,0.08544921875,0.18310546875,-0.03662109375,0.146484375,0.2685546875,0.23193359375,-0.03662109375,0.89111328125,-0.244140625,0,-0.048828125,1.318359375,0.1708984375,-0.9765625,0.13427734375,-0.341796875,-0.048828125,-1.0009765625,-0.18310546875,-0.79345703125,0.10986328125,-1.4404296875,-0.06103515625,-0.28076171875,-0.1953125,-0.29296875,0.1220703125,-1.1962890625,-0.13427734375,-1.20849609375,-0.20751953125,-1.08642578125,-0.01220703125,-1.07421875,-0.1220703125,-0.62255859375,0.1708984375,0.244140625,-0.0732421875,-0.47607421875,-0.0244140625,-0.1953125,-0.1708984375,1.52587890625,-0.1708984375,0.3662109375,-0.15869140625,0.0244140625,-0.0732421875,-0.06103515625,-0.1220703125,0.1953125,-0.13427734375,-0.08544921875,-0.15869140625,0.79345703125,0.01220703125,-0.52490234375,0.048828125,-0.57373046875
0,-0.01220703125,-0.341796875,-0.1708984375,-0.341796875,-0.048828125,-0.29296875,-0.09765625,-0.06103515625,0.244140625,-0.01220703125,-0.03662109375,-0.89111328125,0,1.123046875,-0.1953125,-0.1953125,0.09765625,-0.634765625,0.0244140625,-0.20751953125,-0.29296875,0.78125,0.0732421875,-0.68359375,0.048828125,0.0732421875,-0.0244140625,-0.81787109375,-0.0732421875,0.8544921875,0,0.20751953125,-0.47607421875,-0.32958984375,0.341796875,-0.93994140625,0.08544921875,-0.45166015625,0.13427734375,-0.59814453125,-0.1220703125,-0.1953125,0.01220703125,-0.72021484375,-0.30517578125,-0.390625,-0.09765625,0.7080078125,-0.10986328125,1.18408203125,-0.2685546875,0.50048828125,0.1708984375,-0.146484375,-0.0732421875,0.72021484375,0.06103515625,3.662109375,0.146484375,4.0283203125,-0.2685546875,2.8076171875,-0.35400390625,3.52783203125,0.06103515625,0.23193359375,0.15869140625,1.0009765625,0.09765625,0.1708984375,-0.0732421875,0.146484375,0.2685546875,0.2197265625,-0.06103515625,0.89111328125,-0.18310546875,0,-0.03662109375,1.318359375,0.15869140625,-1.0009765625,0.13427734375,-0.3173828125,-0.01220703125,-0.98876953125,-0.1953125,-0.79345703125,0.06103515625,-1.4404296875,-0.09765625,-0.28076171875,-0.23193359375,-0.30517578125,0.10986328125,-1.220703125,-0.20751953125,-1.18408203125,-0.10986328125,-1.0498046875,-0.0244140625,-1.07421875,-0.08544921875,-0.62255859375,0.13427734375,0.42724609375,-0.146484375,-0.32958984375,0.0244140625,-0.09765625,-0.13427734375,1.67236328125,-0.18310546875,0.35400390625,-0.146484375,0.03662109375,-0.06103515625,-0.08544921875,-0.1220703125,0.18310546875,-0.146484375,-0.10986328125,-0.146484375,0.79345703125,0.01220703125,-0.54931640625,0.0244140625,-0.57373046875
0,-0.01220703125,-0.32958984375,-0.1953125,-0.32958984375,-0.08544921875,-0.29296875,-0.09765625,-0.048828125,0.28076171875,-0.01220703125,-0.048828125,-0.86669921875,-0.01220703125,1.11083984375,-0.1953125,-0.18310546875,0.03662109375,-0.64697265625,-0.0732421875,-0.1953125,-0.37841796875,0.79345703125,0.06103515625,-0.68359375,0.0732421875,0.0732421875,0.08544921875,-0.830078125,0.03662109375,0.87890625,-0.03662109375,0.2197265625,-0.45166015625,-0.390625,0.28076171875,-0.91552734375,0.0732421875,-0.4638671875,0.146484375,-0.64697265625,-0.15869140625,-0.23193359375,0.0732421875,-0.68359375,-0.25634765625,-0.40283203125,-0.03662109375,0.7568359375,-0.0244140625,1.15966796875,-0.25634765625,0.5126953125,0.03662109375,-0.10986328125,-0.09765625,0.74462890625,0.06103515625,4.45556640625,0.18310546875,5.11474609375,-0.2197265625,3.4423828125,-0.341796875,4.3701171875,0.10986328125,0.23193359375,0.0732421875,1.0009765625,0.08544921875,0.1708984375,-0.146484375,0.15869140625,0.25634765625,0.23193359375,-0.1220703125,0.89111328125,-0.1220703125,0.0244140625,-0.0244140625,1.318359375,0.1708984375,-1.01318359375,0.13427734375,-0.32958984375,-0.0244140625,-0.98876953125,-0.1708984375,-0.8056640625,0.06103515625,-1.45263671875,-0.15869140625,-0.28076171875,-0.23193359375,-0.32958984375,0.10986328125,-1.220703125,-0.28076171875,-1.18408203125,-0.048828125,-1.0498046875,-0.03662109375,-1.07421875,-0.09765625,-0.59814453125,0.06103515625,0.52490234375,-0.146484375,-0.25634765625,0.048828125,-0.048828125,-0.10986328125,1.77001953125,-0.2197265625,0.341796875,-0.1220703125,0.03662109375,-0.08544921875,-0.048828125,-0.13427734375,0.20751953125,-0.15869140625,-0.09765625,-0.146484375,0.8056640625,-0.01220703125,-0.537109375,0.0244140625,-0.5615234375
0,-0.0244140625,-0.341796875,-0.20751953125,-0.341796875,-0.0732421875,-0.28076171875,-0.09765625,-0.048828125,0.2685546875,0,-0.0732421875,-0.87890625,-0.048828125,1.08642578125,-0.1953125,-0.146484375,-0.01220703125,-0.634765625,-0.1708984375,-0.1953125,-0.4638671875,0.79345703125,0.01220703125,-0.68359375,0.0732421875,0.048828125,0.13427734375,-0.830078125,0.1220703125,0.86669921875,-0.048828125,0.23193359375,-0.341796875,-0.390625,0.146484375,-0.9033203125,0.06103515625,-0.47607421875,0.1953125,-0.7080078125,-0.1220703125,-0.2197265625,0.09765625,-0.68359375,-0.2197265625,-0.37841796875,0,0.84228515625,0.0244140625,1.13525390625,-0.244140625,0.5126953125,-0.06103515625,-0.1220703125,-0.10986328125,0.74462890625,-0.01220703125,5.3466796875,0.35400390625,6.298828125,-0.2197265625,4.150390625,-0.2685546875,5.2490234375,0.13427734375,0.25634765625,0.0244140625,1.01318359375,0.09765625,0.18310546875,-0.18310546875,0.18310546875,0.20751953125,0.244140625,-0.15869140625,0.87890625,-0.06103515625,0.06103515625,-0.048828125,1.318359375,0.15869140625,-1.025390625,0.146484375,-0.32958984375,-0.0244140625,-0.9765625,-0.09765625,-0.8056640625,0.08544921875,-1.46484375,-0.1953125,-0.28076171875,-0.146484375,-0.341796875,0.01220703125,-1.20849609375,-0.30517578125,-1.1962890625,0.0244140625,-1.03759765625,-0.03662109375,-1.07421875,-0.1220703125,-0.6103515625,-0.03662109375,0.5126953125,-0.15869140625,-0.2197265625,0.03662109375,-0.06103515625,-0.1220703125,1.7822265625,-0.23193359375,0.35400390625,-0.0732421875,0.03662109375,-0.06103515625,-0.0244140625,-0.10986328125,0.1953125,-0.1708984375,-0.08544921875,-0.1220703125,0.79345703125,-0.0244140625,-0.50048828125,0.01220703125,-0.537109375
0,-0.0244140625,-0.3173828125,-0.25634765625,-0.341796875,-0.06103515625,-0.32958984375,-0.1220703125,-0.048828125,0.2685546875,0.01220703125,-0.10986328125,-0.8544921875,-0.08544921875,1.0986328125,-0.1953125,-0.146484375,-0.06103515625,-0.6591796875,-0.23193359375,-0.18310546875,-0.47607421875,0.8056640625,-0.09765625,-0.7080078125,0.08544921875,0.03662109375,0.146484375,-0.81787109375,0.146484375,0.86669921875,-0.0732421875,0.244140625,-0.25634765625,-0.40283203125,-0.048828125,-0.927734375,0.10986328125,-0.5126953125,0.1220703125,-0.76904296875,-0.048828125,-0.244140625,0,-0.6591796875,-0.18310546875,-0.42724609375,0.06103515625,0.91552734375,0.06103515625,1.0986328125,-0.20751953125,0.50048828125,-0.1708984375,-0.048828125,-0.10986328125,0.72021484375,-0.06103515625,6.23779296875,0.3662109375,7.50732421875,-0.25634765625,4.84619140625,-0.15869140625,6.1767578125,0.1220703125,0.3173828125,-0.0244140625,1.03759765625,0.0732421875,0.18310546875,-0.244140625,0.20751953125,0.15869140625,0.25634765625,-0.1708984375,0.86669921875,-0.01220703125,0.06103515625,-0.08544921875,1.318359375,0.15869140625,-1.03759765625,0.1220703125,-0.341796875,-0.048828125,-1.0009765625,0.03662109375,-0.81787109375,0.1708984375,-1.513671875,-0.20751953125,-0.29296875,-0.01220703125,-0.35400390625,-0.0244140625,-1.220703125,-0.28076171875,-1.1962890625,0.08544921875,-1.06201171875,-0.0732421875,-1.06201171875,-0.10986328125,-0.62255859375,-0.06103515625,0.42724609375,-0.146484375,-0.28076171875,-0.03662109375,-0.09765625,-0.1708984375,1.7333984375,-0.23193359375,0.341796875,-0.03662109375,0.03662109375,-0.0732421875,-0.01220703125,-0.1220703125,0.1953125,-0.146484375,-0.08544921875,-0.10986328125,0.79345703125,-0.01220703125,-0.47607421875,0,-0.52490234375
1,-0.03662109375,-0.32958984375,-0.25634765625,-0.32958984375,-0.048828125,-0.341796875,-0.1220703125,-0.08544921875,0.23193359375,0.0244140625,-0.10986328125,-0.87890625,-0.08544921875,1.0986328125,-0.18310546875,-0.15869140625,-0.09765625,-0.634765625,-0.2685546875,-0.18310546875,-0.341796875,0.830078125,-0.1953125,-0.69580078125,0.0732421875,-0.0244140625,0.10986328125,-0.8056640625,0.09765625,0.86669921875,0,0.244140625,-0.18310546875,-0.45166015625,-0.1953125,-0.89111328125,0.1220703125,-0.52490234375,0.048828125,-0.8056640625,-0.03662109375,-0.2197265625,-0.08544921875,-0.6591796875,-0.146484375,-0.45166015625,0.1220703125,1.01318359375,0.0244140625,1.07421875,-0.15869140625,0.4638671875,-0.23193359375,-0.048828125,-0.1953125,0.7080078125,-0.13427734375,7.06787109375,0.37841796875,8.55712890625,-0.32958984375,5.48095703125,-0.08544921875,7.03125,0.08544921875,0.3173828125,-0.09765625,1.03759765625,0.03662109375,0.1953125,-0.2685546875,0.23193359375,0.13427734375,0.2685546875,-0.13427734375,0.830078125,0.03662109375,0.06103515625,-0.0732421875,1.33056640625,0.1953125,-1.03759765625,0.13427734375,-0.35400390625,-0.06103515625,-1.0009765625,0.10986328125,-0.8056640625,0.244140625,-1.52587890625,-0.18310546875,-0.29296875,0.1708984375,-0.35400390625,-0.10986328125,-1.23291015625,-0.1953125,-1.1962890625,0.13427734375,-1.03759765625,-0.13427734375,-1.0498046875,-0.146484375,-0.634765625,-0.0732421875,0.28076171875,-0.146484375,-0.37841796875,-0.10986328125,-0.1953125,-0.146484375,1.64794921875,-0.244140625,0.341796875,-0.03662109375,0.048828125,-0.06103515625,0,-0.0732421875,0.1708984375,-0.15869140625,-0.06103515625,-0.1220703125,0.78125,-0.01220703125,-0.4638671875,-0.01220703125,-0.52490234375
1,-0.01220703125,-0.3173828125,-0.25634765625,-0.341796875,-0.06103515625,-0.3662109375,-0.146484375,-0.08544921875,0.20751953125,0.01220703125,-0.15869140625,-0.87890625,-0.10986328125,1.08642578125,-0.23193359375,-0.1708984375,-0.09765625,-0.634765625,-0.28076171875,-0.1708984375,-0.244140625,0.81787109375,-0.28076171875,-0.72021484375,0.048828125,-0.06103515625,0.048828125,-0.8056640625,0,0.86669921875,0.06103515625,0.23193359375,-0.13427734375,-0.4150390625,-0.23193359375,-0.89111328125,0.13427734375,-0.537109375,0.0244140625,-0.8544921875,-0.01220703125,-0.23193359375,-0.18310546875,-0.67138671875,-0.10986328125,-0.439453125,0.1220703125,1.11083984375,-0.01220703125,1.08642578125,-0.0732421875,0.42724609375,-0.30517578125,-0.048828125,-0.23193359375,0.69580078125,-0.20751953125,7.7392578125,0.37841796875,9.41162109375,-0.23193359375,5.95703125,0.03662109375,7.6904296875,0.06103515625,0.32958984375,-0.13427734375,1.06201171875,-0.03662109375,0.1953125,-0.29296875,0.23193359375,0.09765625,0.2685546875,-0.09765625,0.84228515625,0.048828125,0.06103515625,-0.06103515625,1.30615234375,0.20751953125,-1.0498046875,0.10986328125,-0.35400390625,-0.09765625,-1.0009765625,0.18310546875,-0.8056640625,0.30517578125,-1.5625,-0.10986328125,-0.28076171875,0.29296875,-0.35400390625,-0.1953125,-1.20849609375,-0.048828125,-1.1962890625,0.13427734375,-1.0498046875,-0.18310546875,-1.0498046875,-0.09765625,-0.634765625,-0.06103515625,0.10986328125,-0.09765625,-0.5126953125,-0.1220703125,-0.29296875,-0.1708984375,1.5380859375,-0.23193359375,0.341796875,-0.0244140625,0.06103515625,-0.0732421875,0.03662109375,-0.03662109375,0.1708984375,-0.15869140625,-0.0732421875,-0.146484375,0.7568359375,0,-0.45166015625,0,-0.5126953125
1,0,-0.32958984375,-0.25634765625,-0.341796875,-0.13427734375,-0.40283203125,-0.10986328125,-0.0732421875,0.25634765625,0.0244140625,-0.18310546875,-0.87890625,-0.1220703125,1.0986328125,-0.244140625,-0.18310546875,-0.09765625,-0.64697265625,-0.20751953125,-0.1708984375,-0.06103515625,0.81787109375,-0.3173828125,-0.72021484375,0.03662109375,-0.10986328125,-0.01220703125,-0.79345703125,-0.1220703125,0.87890625,0.09765625,0.23193359375,-0.15869140625,-0.35400390625,-0.18310546875,-0.86669921875,0.1220703125,-0.52490234375,-0.048828125,-0.84228515625,-0.01220703125,-0.20751953125,-0.25634765625,-0.6591796875,-0.08544921875,-0.390625,0.13427734375,1.1962890625,-0.06103515625,1.0986328125,-0.06103515625,0.40283203125,-0.28076171875,-0.048828125,-0.30517578125,0.7080078125,-0.244140625,8.1787109375,0.4150390625,9.9365234375,-0.2685546875,6.21337890625,0.1220703125,8.11767578125,0.06103515625,0.3173828125,-0.2197265625,1.0498046875,-0.0732421875,0.20751953125,-0.29296875,0.244140625,0.03662109375,0.28076171875,-0.03662109375,0.84228515625,0.048828125,0.0244140625,-0.0732421875,1.318359375,0.23193359375,-1.03759765625,0.10986328125,-0.35400390625,-0.08544921875,-1.025390625,0.20751953125,-0.79345703125,0.32958984375,-1.5625,-0.0244140625,-0.28076171875,0.40283203125,-0.341796875,-0.1953125,-1.20849609375,0.09765625,-1.20849609375,0.13427734375,-1.03759765625,-0.244140625,-1.0498046875,-0.01220703125,-0.6591796875,0,-0.0732421875,-0.09765625,-0.6591796875,-0.09765625,-0.4150390625,-0.13427734375,1.42822265625,-0.2197265625,0.35400390625,0,0.048828125,-0.0732421875,0.048828125,-0.0244140625,0.1708984375,-0.146484375,-0.06103515625,-0.15869140625,0.76904296875,-0.01220703125,-0.439453125,-0.01220703125,-0.5126953125
1,0,-0.32958984375,-0.25634765625,-0.341796875,-0.1220703125,-0.42724609375,-0.10986328125,-0.08544921875,0.23193359375,0.01220703125,-0.15869140625,-0.89111328125,-0.13427734375,1.08642578125,-0.25634765625,-0.1953125,-0.08544921875,-0.6591796875,-0.18310546875,-0.15869140625,0.09765625,0.84228515625,-0.29296875,-0.72021484375,0.0244140625,-0.10986328125,-0.03662109375,-0.79345703125,-0.244140625,0.89111328125,0.10986328125,0.20751953125,-0.244140625,-0.341796875,-0.08544921875,-0.86669921875,0.0732421875,-0.47607421875,0.0244140625,-0.81787109375,-0.08544921875,-0.18310546875,-0.29296875,-0.68359375,-0.08544921875,-0.3662109375,0.1220703125,1.25732421875,-0.10986328125,1.13525390625,0,0.37841796875,-0.20751953125,-0.06103515625,-0.48828125,0.68359375,-0.244140625,8.31298828125,0.42724609375,10.04638671875,-0.25634765625,6.23779296875,0.1708984375,8.2275390625,0.03662109375,0.30517578125,-0.28076171875,1.06201171875,-0.1220703125,0.18310546875,-0.2685546875,0.2197265625,-0.0244140625,0.28076171875,-0.048828125,0.81787109375,0.0732421875,0.01220703125,-0.048828125,1.30615234375,0.2197265625,-1.025390625,0.10986328125,-0.35400390625,-0.08544921875,-1.0009765625,0.15869140625,-0.8056640625,0.30517578125,-1.5380859375,0.06103515625,-0.28076171875,0.390625,-0.341796875,-0.146484375,-1.18408203125,0.1953125,-1.1962890625,0.146484375,-1.0498046875,-0.2685546875,-1.03759765625,0,-0.67138671875,0.048828125,-0.1953125,-0.146484375,-0.79345703125,-0.10986328125,-0.50048828125,-0.146484375,1.318359375,-0.1953125,0.35400390625,0,0.03662109375,-0.06103515625,0.048828125,0,0.15869140625,-0.15869140625,-0.06103515625,-0.1708984375,0.7568359375,0.01220703125,-0.439453125,-0.0244140625,-0.5126953125
1,-0.0244140625,-0.341796875,-0.23193359375,-0.35400390625,-0.1708984375,-0.42724609375,-0.10986328125,-0.06103515625,0.18310546875,0.01220703125,-0.15869140625,-0.86669921875,-0.15869140625,1.0986328125,-0.2685546875,-0.1953125,-0.0732421875,-0.68359375,-0.10986328125,-0.18310546875,0.13427734375,0.81787109375,-0.18310546875,-0.7080078125,0.06103515625,-0.13427734375,-0.06103515625,-0.79345703125,-0.3173828125,0.87890625,0.048828125,0.2197265625,-0.37841796875,-0.30517578125,0.0244140625,-0.8544921875,0,-0.439453125,0.08544921875,-0.78125,-0.2197265625,-0.1708984375,-0.2685546875,-0.69580078125,-0.13427734375,-0.32958984375,0.08544921875,1.25732421875,-0.146484375,1.13525390625,0.01220703125,0.390625,-0.1953125,-0.09765625,-0.5859375,0.7080078125,-0.2197265625,8.11767578125,0.4150390625,9.72900390625,-0.1708984375,6.005859375,0.23193359375,7.9833984375,-0.01220703125,0.28076171875,-0.29296875,1.0498046875,-0.18310546875,0.18310546875,-0.244140625,0.1953125,-0.08544921875,0.2685546875,-0.0244140625,0.8544921875,0.09765625,0.01220703125,-0.01220703125,1.30615234375,0.20751953125,-0.98876953125,0.0732421875,-0.3662109375,-0.1220703125,-1.0009765625,0.06103515625,-0.79345703125,0.25634765625,-1.47705078125,0.15869140625,-0.2685546875,0.30517578125,-0.341796875,-0.01220703125,-1.171875,0.20751953125,-1.18408203125,0.1708984375,-1.08642578125,-0.28076171875,-1.03759765625,0.01220703125,-0.67138671875,0.0244140625,-0.28076171875,-0.1708984375,-0.9033203125,-0.13427734375,-0.5615234375,-0.1953125,1.2451171875,-0.1953125,0.37841796875,0.01220703125,0.048828125,-0.0732421875,0.048828125,-0.0244140625,0.18310546875,-0.146484375,-0.048828125,-0.15869140625,0.78125,0.0244140625,-0.4638671875,-0.03662109375,-0.52490234375
1,-0.0244140625,-0.341796875,-0.25634765625,-0.32958984375,-0.146484375,-0.42724609375,-0.10986328125,-0.0732421875,0.13427734375,-0.0244140625,-0.18310546875,-0.86669921875,-0.18310546875,1.11083984375,-0.2685546875,-0.1953125,-0.03662109375,-0.6591796875,-0.048828125,-0.20751953125,0.20751953125,0.81787109375,-0.03662109375,-0.7080078125,0.0244140625,-0.1220703125,-0.09765625,-0.8056640625,-0.3173828125,0.8544921875,-0.0244140625,0.20751953125,-0.48828125,-0.25634765625,0.20751953125,-0.86669921875,-0.06103515625,-0.42724609375,0.15869140625,-0.7568359375,-0.32958984375,-0.1708984375,-0.18310546875,-0.72021484375,-0.2197265625,-0.3173828125,0.0732421875,1.23291015625,-0.20751953125,1.1474609375,-0.03662109375,0.40283203125,-0.10986328125,-0.09765625,-0.7080078125,0.69580078125,-0.13427734375,7.58056640625,0.341796875,8.984375,-0.146484375,5.5419921875,0.20751953125,7.38525390625,-0.03662109375,0.244140625,-0.29296875,1.0498046875,-0.23193359375,0.18310546875,-0.1953125,0.1953125,-0.13427734375,0.23193359375,0.01220703125,0.89111328125,0.0732421875,-0.01220703125,0.01220703125,1.318359375,0.1708984375,-0.96435546875,0.06103515625,-0.3662109375,-0.1220703125,-0.9765625,-0.06103515625,-0.76904296875,0.28076171875,-1.416015625,0.1953125,-0.23193359375,0.25634765625,-0.30517578125,0.146484375,-1.15966796875,0.146484375,-1.171875,0.15869140625,-1.0986328125,-0.2685546875,-1.07421875,0.01220703125,-0.6591796875,0,-0.28076171875,-0.13427734375,-0.96435546875,-0.13427734375,-0.57373046875,-0.18310546875,1.1962890625,-0.15869140625,0.37841796875,0.0244140625,0.03662109375,-0.0732421875,0.048828125,-0.03662109375,0.1708984375,-0.146484375,-0.0244140625,-0.15869140625,0.79345703125,0.0244140625,-0.439453125,-0.0732421875,-0.5126953125
1,-0.03662109375,-0.35400390625,-0.23193359375,-0.341796875,-0.1220703125,-0.40283203125,-0.09765625,-0.0732421875,0.15869140625,-0.01220703125,-0.18310546875,-0.86669921875,-0.18310546875,1.11083984375,-0.2685546875,-0.20751953125,-0.01220703125,-0.64697265625,0.01220703125,-0.1953125,0.1953125,0.81787109375,0.09765625,-0.68359375,0.048828125,-0.10986328125,-0.09765625,-0.79345703125,-0.25634765625,0.87890625,-0.0732421875,0.1953125,-0.57373046875,-0.23193359375,0.42724609375,-0.89111328125,-0.09765625,-0.390625,0.23193359375,-0.7080078125,-0.4638671875,-0.1708984375,-0.03662109375,-0.74462890625,-0.29296875,-0.30517578125,0,1.18408203125,-0.2685546875,1.1474609375,-0.08544921875,0.45166015625,-0.0244140625,-0.146484375,-0.732421875,0.72021484375,-0.048828125,6.75048828125,0.28076171875,7.861328125,-0.13427734375,4.87060546875,0.18310546875,6.494140625,-0.08544921875,0.2197265625,-0.28076171875,1.03759765625,-0.244140625,0.15869140625,-0.15869140625,0.18310546875,-0.1708984375,0.2197265625,0.0244140625,0.89111328125,0.048828125,-0.01220703125,0.048828125,1.2939453125,0.146484375,-0.93994140625,0.048828125,-0.3662109375,-0.146484375,-0.98876953125,-0.146484375,-0.76904296875,0.30517578125,-1.318359375,0.18310546875,-0.20751953125,0.15869140625,-0.29296875,0.23193359375,-1.171875,0.01220703125,-1.171875,0.1953125,-1.08642578125,-0.2685546875,-1.06201171875,-0.06103515625,-0.64697265625,-0.0732421875,-0.2685546875,-0.1220703125,-1.01318359375,-0.1708984375,-0.59814453125,-0.20751953125,1.171875,-0.13427734375,0.37841796875,0.048828125,0.0244140625,-0.06103515625,0.06103515625,-0.06103515625,0.18310546875,-0.15869140625,-0.01220703125,-0.13427734375,0.81787109375,0.01220703125,-0.4638671875,-0.09765625,-0.52490234375
1,-0.03662109375,-0.341796875,-0.244140625,-0.3662109375,-0.1220703125,-0.37841796875,-0.09765625,-0.0732421875,0.09765625,-0.03662109375,-0.2197265625,-0.87890625,-0.1953125,1.123046875,-0.244140625,-0.2197265625,0.06103515625,-0.6591796875,0.0732421875,-0.20751953125,0.15869140625,0.830078125,0.2197265625,-0.67138671875,0.08544921875,-0.0732421875,-0.146484375,-0.81787109375,-0.1708984375,0.87890625,-0.1708984375,0.2197265625,-0.48828125,-0.2197265625,0.54931640625,-0.89111328125,-0.1220703125,-0.3662109375,0.29296875,-0.7080078125,-0.537109375,-0.1708984375,0.048828125,-0.732421875,-0.40283203125,-0.341796875,-0.01220703125,1.08642578125,-0.29296875,1.1474609375,-0.09765625,0.47607421875,0.0244140625,-0.1708984375,-0.72021484375,0.732421875,0.01220703125,5.65185546875,0.2197265625,6.48193359375,-0.10986328125,4.0771484375,0.09765625,5.40771484375,-0.1220703125,0.1953125,-0.28076171875,1.025390625,-0.23193359375,0.1708984375,-0.1220703125,0.18310546875,-0.20751953125,0.1953125,0.0732421875,0.91552734375,0.06103515625,-0.03662109375,0.03662109375,1.2939453125,0.1220703125,-0.9765625,0.01220703125,-0.37841796875,-0.1953125,-1.0009765625,-0.18310546875,-0.7568359375,0.30517578125,-1.25732421875,0.146484375,-0.25634765625,0.10986328125,-0.30517578125,0.35400390625,-1.171875,-0.10986328125,-1.18408203125,0.146484375,-1.0986328125,-0.244140625,-1.06201171875,-0.13427734375,-0.64697265625,-0.1953125,-0.244140625,-0.146484375,-0.9765625,-0.146484375,-0.5859375,-0.25634765625,1.15966796875,-0.1708984375,0.37841796875,0.048828125,0.03662109375,-0.0732421875,0.06103515625,-0.08544921875,0.18310546875,-0.1708984375,0,-0.1220703125,0.81787109375,0,-0.45166015625,-0.09765625,-0.52490234375
1,-0.03662109375,-0.341796875,-0.244140625,-0.37841796875,-0.15869140625,-0.341796875,-0.10986328125,-0.09765625,0.13427734375,-0.0244140625,-0.244140625,-0.9033203125,-0.23193359375,1.13525390625,-0.23193359375,-0.23193359375,0.09765625,-0.64697265625,0.1220703125,-0.23193359375,0.146484375,0.8056640625,0.29296875,-0.67138671875,0.09765625,-0.06103515625,-0.1708984375,-0.8056640625,-0.0244140625,0.9033203125,-0.18310546875,0.2197265625,-0.3662109375,-0.30517578125,0.57373046875,-0.89111328125,-0.13427734375,-0.37841796875,0.2685546875,-0.68359375,-0.54931640625,-0.1708984375,0.09765625,-0.732421875,-0.45166015625,-0.390625,0,0.96435546875,-0.2685546875,1.11083984375,-0.146484375,0.50048828125,0.1220703125,-0.1708984375,-0.72021484375,0.74462890625,0.0732421875,4.443359375,0.18310546875,4.98046875,-0.1220703125,3.22265625,-0.01220703125,4.19921875,-0.18310546875,0.1708984375,-0.2685546875,1.01318359375,-0.2197265625,0.13427734375,-0.09765625,0.1708984375,-0.23193359375,0.1953125,0.1220703125,0.927734375,0.08544921875,-0.03662109375,0.01220703125,1.30615234375,0.09765625,-0.9765625,-0.01220703125,-0.35400390625,-0.244140625,-0.96435546875,-0.18310546875,-0.78125,0.2685546875,-1.18408203125,0.0732421875,-0.244140625,0.09765625,-0.29296875,0.3662109375,-1.18408203125,-0.146484375,-1.18408203125,0.10986328125,-1.0986328125,-0.23193359375,-1.0498046875,-0.18310546875,-0.64697265625,-0.13427734375,-0.20751953125,-0.03662109375,-0.96435546875,-0.048828125,-0.537109375,-0.13427734375,1.13525390625,-0.18310546875,0.37841796875,0.03662109375,0.03662109375,-0.048828125,0.048828125,-0.09765625,0.1953125,-0.1708984375,0,-0.09765625,0.84228515625,-0.01220703125,-0.45166015625,-0.10986328125,-0.52490234375
1,-0.0244140625,-0.35400390625,-0.23193359375,-0.3662109375,-0.18310546875,-0.32958984375,-0.10986328125,-0.10986328125,0.15869140625,-0.03662109375,-0.2685546875,-0.89111328125,-0.28076171875,1.11083984375,-0.20751953125,-0.2197265625,0.15869140625,-0.6591796875,0.10986328125,-0.244140625,0.13427734375,0.8056640625,0.341796875,-0.6591796875,0.1220703125,-0.048828125,-0.10986328125,-0.8056640625,0.0732421875,0.9033203125,-0.1953125,0.23193359375,-0.18310546875,-0.35400390625,0.5615234375,-0.86669921875,-0.09765625,-0.40283203125,0.28076171875,-0.67138671875,-0.54931640625,-0.15869140625,0.13427734375,-0.68359375,-0.48828125,-0.42724609375,-0.0732421875,0.830078125,-0.20751953125,1.0986328125,-0.25634765625,0.52490234375,0.146484375,-0.18310546875,-0.72021484375,0.7568359375,0.0732421875,3.2470703125,0.146484375,3.4912109375,-0.15869140625,2.38037109375,-0.08544921875,2.96630859375,-0.244140625,0.18310546875,-0.23193359375,1.01318359375,-0.1953125,0.15869140625,-0.146484375,0.18310546875,-0.2197265625,0.1953125,0.18310546875,0.91552734375,0.1220703125,-0.03662109375,-0.0244140625,1.318359375,0.06103515625,-0.9521484375,-0.03662109375,-0.3662109375,-0.28076171875,-0.96435546875,-0.1708984375,-0.76904296875,0.25634765625,-1.08642578125,-0.0244140625,-0.244140625,0.1220703125,-0.28076171875,0.28076171875,-1.1962890625,-0.15869140625,-1.171875,0.03662109375,-1.07421875,-0.2197265625,-1.03759765625,-0.20751953125,-0.6591796875,-0.10986328125,-0.1953125,-0.03662109375,-0.91552734375,-0.01220703125,-0.52490234375,-0.09765625,1.08642578125,-0.2197265625,0.3662109375,0.03662109375,0.048828125,-0.08544921875,0.01220703125,-0.1220703125,0.23193359375,-0.18310546875,0,-0.10986328125,0.8544921875,-0.03662109375,-0.47607421875,-0.09765625,-0.52490234375
1,-0.0244140625,-0.3662109375,-0.23193359375,-0.3662109375,-0.1953125,-0.32958984375,-0.1220703125,-0.09765625,0.146484375,-0.03662109375,-0.29296875,-0.89111328125,-0.30517578125,1.0986328125,-0.1708984375,-0.2197265625,0.18310546875,-0.6591796875,0,-0.244140625,0.09765625,0.81787109375,0.341796875,-0.6591796875,0.1708984375,-0.03662109375,-0.08544921875,-0.79345703125,0.13427734375,0.9033203125,-0.146484375,0.244140625,0.048828125,-0.32958984375,0.54931640625,-0.87890625,-0.0732421875,-0.390625,0.25634765625,-0.7080078125,-0.4150390625,-0.1708984375,0.09765625,-0.69580078125,-0.4638671875,-0.40283203125,-0.1220703125,0.732421875,-0.1708984375,1.06201171875,-0.3173828125,0.52490234375,0.18310546875,-0.20751953125,-0.67138671875,0.74462890625,0.048828125,2.0751953125,0.13427734375,2.1484375,-0.244140625,1.6357421875,-0.13427734375,1.8310546875,-0.25634765625,0.1708984375,-0.1953125,1.025390625,-0.13427734375,0.146484375,-0.1708984375,0.1708984375,-0.23193359375,0.1953125,0.2197265625,0.9033203125,0.15869140625,-0.03662109375,-0.0244140625,1.30615234375,0.08544921875,-0.9765625,-0.048828125,-0.37841796875,-0.3662109375,-0.98876953125,-0.1220703125,-0.79345703125,0.28076171875,-1.03759765625,-0.10986328125,-0.23193359375,0.15869140625,-0.28076171875,0.1708984375,-1.18408203125,-0.1953125,-1.15966796875,-0.06103515625,-1.07421875,-0.20751953125,-1.01318359375,-0.18310546875,-0.634765625,-0.146484375,-0.1953125,-0.1220703125,-0.93994140625,0.03662109375,-0.52490234375,-0.06103515625,1.025390625,-0.23193359375,0.3662109375,0.0244140625,0.048828125,-0.06103515625,0,-0.13427734375,0.23193359375,-0.18310546875,0,-0.1220703125,0.87890625,-0.03662109375,-0.47607421875,-0.06103515625,-0.52490234375
1,-0.06103515625,-0.3662109375,-0.244140625,-0.3662109375,-0.15869140625,-0.29296875,-0.146484375,-0.08544921875,0.10986328125,-0.0244140625,-0.29296875,-0.87890625,-0.32958984375,1.11083984375,-0.15869140625,-0.1953125,0.146484375,-0.6591796875,-0.09765625,-0.2197265625,0.08544921875,0.84228515625,0.2685546875,-0.68359375,0.2197265625,-0.03662109375,-0.0244140625,-0.78125,0.15869140625,0.927734375,-0.06103515625,0.25634765625,0.25634765625,-0.35400390625,0.48828125,-0.86669921875,-0.06103515625,-0.40283203125,0.20751953125,-0.732421875,-0.2685546875,-0.18310546875,0.06103515625,-0.69580078125,-0.40283203125,-0.439453125,-0.15869140625,0.62255859375,-0.13427734375,1.08642578125,-0.3173828125,0.50048828125,0.18310546875,-0.2197265625,-0.59814453125,0.74462890625,0.01220703125,1.123046875,0.1220703125,1.025390625,-0.37841796875,1.01318359375,-0.1220703125,0.87890625,-0.25634765625,0.1953125,-0.18310546875,1.03759765625,-0.0732421875,0.15869140625,-0.1953125,0.1953125,-0.244140625,0.23193359375,0.25634765625,0.87890625,0.146484375,0,-0.03662109375,1.318359375,0.0732421875,-0.9765625,-0.048828125,-0.3662109375,-0.35400390625,-1.01318359375,-0.0732421875,-0.79345703125,0.28076171875,-1.0009765625,-0.146484375,-0.25634765625,0.1953125,-0.3173828125,0,-1.220703125,-0.244140625,-1.15966796875,-0.09765625,-1.07421875,-0.20751953125,-1.025390625,-0.1708984375,-0.634765625,-0.0244140625,-0.244140625,-0.1220703125,-0.9521484375,0,-0.537109375,-0.0244140625,0.9765625,-0.2197265625,0.3662109375,0.0244140625,0.03662109375,-0.0732421875,-0.01220703125,-0.1220703125,0.23193359375,-0.18310546875,0,-0.1220703125,0.8544921875,-0.0732421875,-0.47607421875,-0.0244140625,-0.5126953125
1,-0.06103515625,-0.35400390625,-0.23193359375,-0.3662109375,-0.10986328125,-0.29296875,-0.10986328125,-0.0732421875,0.10986328125,-0.0244140625,-0.32958984375,-0.86669921875,-0.37841796875,1.08642578125,-0.13427734375,-0.18310546875,0.10986328125,-0.6591796875,-0.20751953125,-0.20751953125,0.0732421875,0.8544921875,0.15869140625,-0.68359375,0.2685546875,-0.0732421875,0,-0.76904296875,0.13427734375,0.927734375,0.08544921875,0.25634765625,0.35400390625,-0.390625,0.4638671875,-0.86669921875,-0.0732421875,-0.40283203125,0.20751953125,-0.78125,-0.10986328125,-0.1708984375,0.048828125,-0.6591796875,-0.2685546875,-0.4638671875,-0.1708984375,0.5615234375,-0.13427734375,1.07421875,-0.29296875,0.47607421875,0.15869140625,-0.23193359375,-0.48828125,0.732421875,-0.0244140625,0.341796875,0.10986328125,0.2197265625,-0.5126953125,0.537109375,-0.0732421875,0.13427734375,-0.23193359375,0.2197265625,-0.1220703125,1.025390625,-0.048828125,0.1708984375,-0.2197265625,0.1953125,-0.25634765625,0.23193359375,0.28076171875,0.830078125,0.13427734375,0,-0.03662109375,1.30615234375,0.0732421875,-0.98876953125,-0.0732421875,-0.390625,-0.35400390625,-1.025390625,-0.048828125,-0.81787109375,0.23193359375,-0.9765625,-0.146484375,-0.28076171875,0.1953125,-0.341796875,-0.0732421875,-1.18408203125,-0.28076171875,-1.18408203125,-0.146484375,-1.03759765625,-0.1953125,-1.01318359375,-0.15869140625,-0.634765625,0,-0.29296875,-0.20751953125,-0.93994140625,-0.06103515625,-0.57373046875,-0.0244140625,0.87890625,-0.2197265625,0.3662109375,0.0244140625,0.01220703125,-0.06103515625,-0.0244140625,-0.09765625,0.23193359375,-0.1708984375,0,-0.10986328125,0.8544921875,-0.0732421875,-0.48828125,-0.0244140625,-0.50048828125
1,-0.06103515625,-0.3662109375,-0.244140625,-0.35400390625,-0.0732421875,-0.2685546875,-0.1220703125,-0.06103515625,0.06103515625,0,-0.32958984375,-0.86669921875,-0.40283203125,1.0986328125,-0.146484375,-0.15869140625,0.048828125,-0.634765625,-0.2685546875,-0.23193359375,0.0244140625,0.84228515625,-0.01220703125,-0.68359375,0.28076171875,-0.08544921875,0,-0.78125,0.09765625,0.927734375,0.20751953125,0.2685546875,0.35400390625,-0.37841796875,0.45166015625,-0.8544921875,-0.1220703125,-0.4150390625,0.15869140625,-0.78125,0.0732421875,-0.1708984375,0.06103515625,-0.6591796875,-0.1708984375,-0.4638671875,-0.1953125,0.54931640625,-0.1708984375,1.123046875,-0.29296875,0.42724609375,0.18310546875,-0.244140625,-0.341796875,0.7080078125,-0.03662109375,-0.18310546875,0.08544921875,-0.29296875,-0.57373046875,0.2197265625,-0.048828125,-0.37841796875,-0.20751953125,0.23193359375,-0.01220703125,1.025390625,-0.0244140625,0.20751953125,-0.20751953125,0.20751953125,-0.28076171875,0.244140625,0.32958984375,0.830078125,0.10986328125,0.01220703125,-0.09765625,1.33056640625,0.08544921875,-1.0009765625,-0.06103515625,-0.37841796875,-0.30517578125,-1.03759765625,-0.0732421875,-0.81787109375,0.146484375,-0.9521484375,-0.1220703125,-0.29296875,0.1708984375,-0.35400390625,-0.09765625,-1.15966796875,-0.30517578125,-1.18408203125,-0.146484375,-1.0498046875,-0.23193359375,-1.025390625,-0.13427734375,-0.64697265625,0.048828125,-0.35400390625,-0.25634765625,-0.927734375,-0.0732421875,-0.57373046875,0,0.87890625,-0.2197265625,0.3662109375,0,0.0244140625,-0.06103515625,-0.0244140625,-0.0732421875,0.20751953125,-0.1708984375,-0.01220703125,-0.10986328125,0.830078125,-0.09765625,-0.47607421875,-0.01220703125,-0.52490234375
0,-0.048828125,-0.341796875,-0.2197265625,-0.341796875,-0.10986328125,-0.2685546875,-0.10986328125,-0.048828125,0.08544921875,-0.01220703125,-0.30517578125,-0.84228515625,-0.4150390625,1.0986328125,-0.1708984375,-0.15869140625,-0.0244140625,-0.634765625,-0.28076171875,-0.2197265625,-0.01220703125,0.81787109375,-0.1708984375,-0.68359375,0.28076171875,-0.1220703125,-0.01220703125,-0.76904296875,0.06103515625,0.927734375,0.341796875,0.23193359375,0.18310546875,-0.341796875,0.48828125,-0.8544921875,-0.1953125,-0.439453125,0.146484375,-0.8056640625,0.1953125,-0.1708984375,0.06103515625,-0.634765625,-0.0732421875,-0.42724609375,-0.13427734375,0.5615234375,-0.1708984375,1.123046875,-0.29296875,0.4150390625,0.23193359375,-0.25634765625,-0.23193359375,0.7080078125,-0.08544921875,-0.48828125,0.03662109375,-0.5126953125,-0.64697265625,0.01220703125,-0.048828125,-0.67138671875,-0.146484375,0.23193359375,0.048828125,1.06201171875,-0.01220703125,0.23193359375,-0.15869140625,0.20751953125,-0.244140625,0.25634765625,0.30517578125,0.8056640625,0.06103515625,0.0244140625,-0.08544921875,1.3427734375,0.06103515625,-1.0009765625,-0.03662109375,-0.37841796875,-0.20751953125,-1.03759765625,-0.13427734375,-0.81787109375,0.09765625,-0.96435546875,-0.08544921875,-0.28076171875,0.08544921875,-0.341796875,-0.08544921875,-1.171875,-0.3173828125,-1.18408203125,-0.15869140625,-1.0498046875,-0.2685546875,-1.0009765625,-0.0732421875,-0.634765625,-0.01220703125,-0.35400390625,-0.28076171875,-0.9033203125,-0.10986328125,-0.5859375,0,0.87890625,-0.1953125,0.3662109375,-0.048828125,0.0244140625,-0.06103515625,-0.0244140625,-0.06103515625,0.20751953125,-0.15869140625,-0.03662109375,-0.09765625,0.8056640625,-0.08544921875,-0.47607421875,-0.03662109375,-0.5126953125
0,-0.03662109375,-0.35400390625,-0.2197265625,-0.32958984375,-0.1708984375,-0.244140625,-0.13427734375,-0.03662109375,0.0732421875,0,-0.29296875,-0.8544921875,-0.439453125,1.07421875,-0.15869140625,-0.13427734375,-0.1220703125,-0.64697265625,-0.29296875,-0.2197265625,-0.0732421875,0.830078125,-0.244140625,-0.69580078125,0.23193359375,-0.15869140625,-0.0244140625,-0.74462890625,0,0.927734375,0.4638671875,0.2197265625,-0.01220703125,-0.29296875,0.537109375,-0.8544921875,-0.28076171875,-0.439453125,0.15869140625,-0.8056640625,0.244140625,-0.146484375,0.1220703125,-0.64697265625,0,-0.40283203125,-0.09765625,0.6103515625,-0.1220703125,1.15966796875,-0.2685546875,0.37841796875,0.23193359375,-0.25634765625,-0.0732421875,0.69580078125,-0.1220703125,-0.6103515625,0.0244140625,-0.537109375,-0.68359375,-0.06103515625,-0.1708984375,-0.8056640625,-0.08544921875,0.244140625,0.1220703125,1.07421875,0.01220703125,0.23193359375,-0.13427734375,0.20751953125,-0.1953125,0.28076171875,0.28076171875,0.830078125,0.048828125,0.01220703125,-0.1220703125,1.33056640625,0.048828125,-1.03759765625,0,-0.37841796875,-0.15869140625,-1.025390625,-0.13427734375,-0.8056640625,0.03662109375,-0.96435546875,-0.03662109375,-0.30517578125,-0.01220703125,-0.341796875,-0.0244140625,-1.18408203125,-0.28076171875,-1.171875,-0.10986328125,-1.06201171875,-0.3173828125,-1.025390625,-0.01220703125,-0.64697265625,0.06103515625,-0.3173828125,-0.1953125,-0.8544921875,-0.06103515625,-0.5615234375,0.06103515625,0.93994140625,-0.1953125,0.37841796875,-0.048828125,0.03662109375,-0.06103515625,-0.0244140625,-0.0732421875,0.1953125,-0.1220703125,-0.06103515625,-0.13427734375,0.8056640625,-0.06103515625,-0.47607421875,-0.03662109375,-0.537109375
0,-0.03662109375,-0.32958984375,-0.2197265625,-0.35400390625,-0.1708984375,-0.2197265625,-0.1220703125,-0.048828125,0,-0.01220703125,-0.2685546875,-0.87890625,-0.439453125,1.08642578125,-0.15869140625,-0.15869140625,-0.2685546875,-0.64697265625,-0.30517578125,-0.18310546875,-0.18310546875,0.8056640625,-0.28076171875,-0.7080078125,0.1953125,-0.23193359375,-0.01220703125,-0.7568359375,0,0.91552734375,0.5126953125,0.1953125,-0.20751953125,-0.30517578125,0.52490234375,-0.84228515625,-0.40283203125,-0.42724609375,0.18310546875,-0.79345703125,0.20751953125,-0.1708984375,0.18310546875,-0.64697265625,0.03662109375,-0.40283203125,-0.048828125,0.69580078125,-0.10986328125,1.171875,-0.23193359375,0.40283203125,0.244140625,-0.2197265625,0.01220703125,0.7080078125,-0.23193359375,-0.59814453125,-0.06103515625,-0.4150390625,-0.7568359375,-0.03662109375,-0.35400390625,-0.79345703125,-0.048828125,0.23193359375,0.18310546875,1.0498046875,0.0244140625,0.244140625,-0.10986328125,0.1953125,-0.1220703125,0.28076171875,0.25634765625,0.8544921875,0.0244140625,0.03662109375,-0.146484375,1.3427734375,0.0244140625,-1.0498046875,0.0244140625,-0.37841796875,-0.10986328125,-1.025390625,-0.1220703125,-0.8056640625,-0.0244140625,-1.0009765625,0,-0.2685546875,-0.09765625,-0.341796875,0.0732421875,-1.18408203125,-0.20751953125,-1.171875,-0.09765625,-1.06201171875,-0.32958984375,-1.0498046875,0.03662109375,-0.64697265625,0.15869140625,-0.20751953125,-0.18310546875,-0.78125,-0.10986328125,-0.48828125,0.0244140625,1.0986328125,-0.18310546875,0.3662109375,-0.0244140625,0.03662109375,-0.0732421875,-0.01220703125,-0.01220703125,0.18310546875,-0.10986328125,-0.06103515625,-0.08544921875,0.78125,-0.03662109375,-0.47607421875,-0.0732421875,-0.54931640625
0,-0.03662109375,-0.3173828125,-0.23193359375,-0.37841796875,-0.15869140625,-0.18310546875,-0.1220703125,-0.06103515625,-0.0244140625,-0.0244140625,-0.2685546875,-0.87890625,-0.4638671875,1.0986328125,-0.13427734375,-0.18310546875,-0.32958984375,-0.634765625,-0.2685546875,-0.1953125,-0.28076171875,0.78125,-0.23193359375,-0.72021484375,0.13427734375,-0.28076171875,0,-0.7568359375,0.0244140625,0.91552734375,0.47607421875,0.1953125,-0.439453125,-0.2685546875,0.50048828125,-0.8544921875,-0.439453125,-0.390625,0.18310546875,-0.74462890625,0.08544921875,-0.1708984375,0.18310546875,-0.64697265625,0.01220703125,-0.37841796875,0.01220703125,0.72021484375,-0.10986328125,1.171875,-0.146484375,0.4150390625,0.1953125,-0.1708984375,0.1708984375,0.7080078125,-0.1953125,-0.50048828125,-0.06103515625,-0.23193359375,-0.74462890625,-0.01220703125,-0.37841796875,-0.732421875,-0.06103515625,0.2197265625,0.244140625,1.0498046875,0.0244140625,0.23193359375,-0.048828125,0.18310546875,-0.0244140625,0.28076171875,0.1953125,0.8544921875,-0.01220703125,0.0244140625,-0.146484375,1.33056640625,0.0244140625,-1.0498046875,0.0732421875,-0.37841796875,-0.0732421875,-1.025390625,-0.09765625,-0.78125,0,-1.025390625,-0.01220703125,-0.29296875,-0.13427734375,-0.3173828125,0.15869140625,-1.1962890625,-0.09765625,-1.18408203125,-0.0244140625,-1.06201171875,-0.341796875,-1.06201171875,0.01220703125,-0.634765625,0.18310546875,-0.06103515625,-0.10986328125,-0.634765625,-0.13427734375,-0.390625,0.03662109375,1.26953125,-0.23193359375,0.37841796875,0,0.01220703125,-0.0732421875,-0.0244140625,-0.01220703125,0.1953125,-0.10986328125,-0.0732421875,-0.08544921875,0.78125,-0.048828125,-0.47607421875,-0.08544921875,-0.5615234375
0,-0.048828125,-0.32958984375,-0.25634765625,-0.37841796875,-0.13427734375,-0.15869140625,-0.13427734375,-0.06103515625,-0.06103515625,-0.03662109375,-0.28076171875,-0.89111328125,-0.439453125,1.123046875,-0.15869140625,-0.18310546875,-0.35400390625,-0.64697265625,-0.244140625,-0.1953125,-0.37841796875,0.8056640625,-0.146484375,-0.72021484375,0.0732421875,-0.29296875,-0.0244140625,-0.78125,0.01220703125,0.91552734375,0.32958984375,0.1953125,-0.537109375,-0.23193359375,0.45166015625,-0.84228515625,-0.4638671875,-0.390625,0.10986328125,-0.732421875,-0.06103515625,-0.15869140625,0.18310546875,-0.67138671875,-0.01220703125,-0.341796875,0.06103515625,0.74462890625,-0.15869140625,1.15966796875,-0.06103515625,0.439453125,0.1708984375,-0.1220703125,0.25634765625,0.74462890625,-0.13427734375,-0.35400390625,-0.01220703125,-0.06103515625,-0.72021484375,0.0244140625,-0.390625,-0.5859375,-0.0732421875,0.23193359375,0.32958984375,1.03759765625,0.048828125,0.23193359375,-0.01220703125,0.18310546875,0.0732421875,0.2685546875,0.1220703125,0.87890625,-0.08544921875,0.0244140625,-0.1708984375,1.33056640625,0.0732421875,-1.03759765625,0.08544921875,-0.35400390625,-0.09765625,-1.0009765625,-0.048828125,-0.79345703125,0.06103515625,-1.06201171875,-0.01220703125,-0.2685546875,-0.1220703125,-0.32958984375,0.20751953125,-1.220703125,-0.0244140625,-1.18408203125,0.06103515625,-1.06201171875,-0.3173828125,-1.06201171875,-0.01220703125,-0.634765625,0.0732421875,0.08544921875,-0.06103515625,-0.52490234375,-0.1953125,-0.30517578125,0.01220703125,1.45263671875,-0.23193359375,0.3662109375,0.048828125,0.0244140625,-0.0732421875,-0.0244140625,-0.0244140625,0.18310546875,-0.1220703125,-0.0244140625,-0.048828125,0.8056640625,-0.03662109375,-0.50048828125,-0.09765625,-0.5615234375
0,-0.01220703125,-0.35400390625,-0.25634765625,-0.37841796875,-0.13427734375,-0.18310546875,-0.13427734375,-0.048828125,-0.0732421875,-0.03662109375,-0.28076171875,-0.91552734375,-0.439453125,1.11083984375,-0.13427734375,-0.18310546875,-0.32958984375,-0.67138671875,-0.20751953125,-0.18310546875,-0.40283203125,0.81787109375,-0.03662109375,-0.72021484375,0.01220703125,-0.29296875,-0.09765625,-0.76904296875,0.0244140625,0.9033203125,0.146484375,0.20751953125,-0.47607421875,-0.244140625,0.32958984375,-0.86669921875,-0.4150390625,-0.40283203125,0.15869140625,-0.7080078125,-0.23193359375,-0.1708984375,0.146484375,-0.67138671875,-0.048828125,-0.35400390625,0.06103515625,0.74462890625,-0.2197265625,1.1474609375,0.01220703125,0.4638671875,0.20751953125,-0.09765625,0.37841796875,0.732421875,-0.08544921875,-0.25634765625,0.0244140625,0.048828125,-0.72021484375,0.0732421875,-0.35400390625,-0.5126953125,-0.03662109375,0.2197265625,0.35400390625,1.025390625,0.06103515625,0.2197265625,-0.0244140625,0.1708984375,0.146484375,0.244140625,0.0244140625,0.87890625,-0.15869140625,0,-0.146484375,1.33056640625,0.1220703125,-1.025390625,0.06103515625,-0.35400390625,-0.13427734375,-1.01318359375,0,-0.79345703125,0.13427734375,-1.11083984375,-0.048828125,-0.28076171875,-0.08544921875,-0.3173828125,0.146484375,-1.23291015625,-0.01220703125,-1.1962890625,0.08544921875,-1.08642578125,-0.3173828125,-1.0498046875,-0.048828125,-0.64697265625,0.08544921875,0.20751953125,-0.048828125,-0.42724609375,-0.2197265625,-0.2197265625,-0.03662109375,1.59912109375,-0.25634765625,0.3662109375,0.06103515625,0,-0.0732421875,-0.048828125,-0.0244140625,0.1953125,-0.13427734375,-0.01220703125,-0.06103515625,0.79345703125,-0.0244140625,-0.48828125,-0.10986328125,-0.57373046875
0,0.01220703125,-0.35400390625,-0.25634765625,-0.37841796875,-0.10986328125,-0.18310546875,-0.13427734375,-0.048828125,-0.0732421875,-0.048828125,-0.30517578125,-0.9033203125,-0.42724609375,1.0986328125,-0.146484375,-0.15869140625,-0.244140625,-0.67138671875,-0.15869140625,-0.20751953125,-0.30517578125,0.79345703125,0.03662109375,-0.7080078125,-0.06103515625,-0.25634765625,-0.18310546875,-0.79345703125,0.01220703125,0.87890625,-0.0244140625,0.20751953125,-0.35400390625,-0.29296875,0.23193359375,-0.86669921875,-0.3662109375,-0.42724609375,0.13427734375,-0.7080078125,-0.30517578125,-0.18310546875,0.048828125,-0.68359375,-0.1220703125,-0.37841796875,0.048828125,0.72021484375,-0.29296875,1.123046875,0.09765625,0.47607421875,0.2197265625,-0.09765625,0.42724609375,0.74462890625,0,-0.15869140625,0.048828125,0.10986328125,-0.62255859375,0.1220703125,-0.244140625,-0.439453125,0,0.2197265625,0.35400390625,1.01318359375,0.09765625,0.23193359375,-0.03662109375,0.1708984375,0.20751953125,0.244140625,-0.03662109375,0.8544921875,-0.20751953125,0.01220703125,-0.15869140625,1.30615234375,0.15869140625,-1.01318359375,0.06103515625,-0.3662109375,-0.1953125,-1.01318359375,0.03662109375,-0.79345703125,0.20751953125,-1.1474609375,-0.09765625,-0.29296875,0.048828125,-0.32958984375,0.048828125,-1.2451171875,-0.03662109375,-1.171875,0.03662109375,-1.07421875,-0.2685546875,-1.07421875,-0.06103515625,-0.6591796875,0.13427734375,0.28076171875,0.03662109375,-0.37841796875,-0.18310546875,-0.146484375,-0.03662109375,1.708984375,-0.25634765625,0.35400390625,0.09765625,0.01220703125,-0.06103515625,-0.06103515625,0,0.20751953125,-0.146484375,0,-0.01220703125,0.78125,-0.01220703125,-0.5126953125,-0.1220703125,-0.5615234375
0,0,-0.35400390625,-0.2685546875,-0.35400390625,-0.15869140625,-0.244140625,-0.1708984375,-0.0732421875,-0.06103515625,-0.06103515625,-0.32958984375,-0.9033203125,-0.4150390625,1.11083984375,-0.15869140625,-0.1708984375,-0.13427734375,-0.6591796875,-0.09765625,-0.2197265625,-0.15869140625,0.81787109375,0.10986328125,-0.69580078125,-0.10986328125,-0.20751953125,-0.25634765625,-0.79345703125,-0.06103515625,0.86669921875,-0.13427734375,0.20751953125,-0.146484375,-0.3662109375,0.1708984375,-0.87890625,-0.29296875,-0.42724609375,0.15869140625,-0.7080078125,-0.341796875,-0.1953125,-0.0244140625,-0.69580078125,-0.13427734375,-0.40283203125,0.01220703125,0.68359375,-0.28076171875,1.0986328125,0.13427734375,0.48828125,0.25634765625,-0.146484375,0.390625,0.74462890625,0.01220703125,-0.10986328125,0.06103515625,0.10986328125,-0.50048828125,0.15869140625,-0.2685546875,-0.4150390625,0.048828125,0.2197265625,0.40283203125,1.025390625,0.10986328125,0.1953125,-0.03662109375,0.18310546875,0.23193359375,0.244140625,-0.08544921875,0.89111328125,-0.1953125,0.01220703125,-0.2197265625,1.30615234375,0.18310546875,-1.01318359375,0.048828125,-0.341796875,-0.23193359375,-1.01318359375,0.03662109375,-0.8056640625,0.244140625,-1.1962890625,-0.10986328125,-0.2685546875,0.1220703125,-0.32958984375,0.01220703125,-1.2451171875,-0.0732421875,-1.171875,-0.048828125,-1.06201171875,-0.2685546875,-1.06201171875,-0.0732421875,-0.6591796875,0.23193359375,0.29296875,0.06103515625,-0.40283203125,-0.0732421875,-0.146484375,-0.03662109375,1.69677734375,-0.25634765625,0.341796875,0.1220703125,0.03662109375,-0.06103515625,-0.0732421875,-0.01220703125,0.2197265625,-0.13427734375,-0.01220703125,-0.01220703125,0.79345703125,-0.0244140625,-0.5126953125,-0.1220703125,-0.54931640625
0,-0.01220703125,-0.35400390625,-0.25634765625,-0.3662109375,-0.15869140625,-0.29296875,-0.15869140625,-0.0732421875,-0.0732421875,-0.048828125,-0.30517578125,-0.9033203125,-0.4150390625,1.11083984375,-0.146484375,-0.1953125,0,-0.64697265625,-0.08544921875,-0.18310546875,0.01220703125,0.81787109375,0.10986328125,-0.68359375,-0.146484375,-0.13427734375,-0.28076171875,-0.81787109375,-0.13427734375,0.86669921875,-0.15869140625,0.2197265625,0.06103515625,-0.4150390625,0.10986328125,-0.89111328125,-0.2197265625,-0.47607421875,0.20751953125,-0.72021484375,-0.30517578125,-0.20751953125,-0.18310546875,-0.69580078125,-0.1708984375,-0.45166015625,-0.0732421875,0.634765625,-0.28076171875,1.0986328125,0.15869140625,0.47607421875,0.2685546875,-0.1708984375,0.32958984375,0.732421875,0.0732421875,-0.08544921875,0.08544921875,0.0732421875,-0.45166015625,0.20751953125,-0.2685546875,-0.390625,0.08544921875,0.23193359375,0.3662109375,1.025390625,0.13427734375,0.20751953125,-0.06103515625,0.1953125,0.23193359375,0.244140625,-0.10986328125,0.8544921875,-0.1708984375,0.01220703125,-0.2197265625,1.318359375,0.1708984375,-1.0009765625,0.01220703125,-0.35400390625,-0.244140625,-1.0498046875,0.03662109375,-0.78125,0.25634765625,-1.220703125,-0.10986328125,-0.29296875,0.18310546875,-0.341796875,-0.048828125,-1.2451171875,-0.10986328125,-1.15966796875,-0.18310546875,-1.03759765625,-0.23193359375,-1.0498046875,-0.08544921875,-0.64697265625,0.32958984375,0.244140625,0.048828125,-0.48828125,-0.0244140625,-0.1708984375,-0.09765625,1.6357421875,-0.244140625,0.341796875,0.13427734375,0.03662109375,-0.06103515625,-0.09765625,0,0.20751953125,-0.13427734375,0,0.01220703125,0.76904296875,-0.0244140625,-0.50048828125,-0.1220703125,-0.5615234375
0,-0.01220703125,-0.35400390625,-0.25634765625,-0.35400390625,-0.15869140625,-0.35400390625,-0.1708984375,-0.09765625,-0.0732421875,-0.0244140625,-0.28076171875,-0.89111328125,-0.40283203125,1.0986328125,-0.1708984375,-0.18310546875,0.08544921875,-0.634765625,-0.10986328125,-0.18310546875,0.18310546875,0.79345703125,0.08544921875,-0.68359375,-0.13427734375,-0.048828125,-0.30517578125,-0.81787109375,-0.20751953125,0.87890625,-0.09765625,0.2197265625,0.1220703125,-0.47607421875,0.1708984375,-0.89111328125,-0.146484375,-0.47607421875,0.1953125,-0.74462890625,-0.2685546875,-0.2197265625,-0.23193359375,-0.67138671875,-0.1708984375,-0.50048828125,-0.1708984375,0.5859375,-0.25634765625,1.13525390625,0.15869140625,0.4638671875,0.1708984375,-0.1953125,0.23193359375,0.7080078125,0.1220703125,-0.08544921875,0.13427734375,0.048828125,-0.390625,0.23193359375,-0.23193359375,-0.40283203125,0.146484375,0.25634765625,0.3173828125,1.025390625,0.15869140625,0.1953125,-0.10986328125,0.20751953125,0.244140625,0.244140625,-0.15869140625,0.8056640625,-0.13427734375,0,-0.23193359375,1.318359375,0.18310546875,-1.0009765625,-0.01220703125,-0.32958984375,-0.2197265625,-1.03759765625,0,-0.79345703125,0.28076171875,-1.2451171875,-0.13427734375,-0.29296875,0.20751953125,-0.3662109375,-0.08544921875,-1.2451171875,-0.1220703125,-1.171875,-0.2685546875,-1.03759765625,-0.18310546875,-1.025390625,-0.13427734375,-0.634765625,0.4150390625,0.1708984375,0.048828125,-0.5859375,-0.01220703125,-0.2685546875,-0.1953125,1.47705078125,-0.244140625,0.35400390625,0.13427734375,0.03662109375,-0.06103515625,-0.08544921875,-0.01220703125,0.1953125,-0.146484375,0,-0.01220703125,0.78125,-0.01220703125,-0.5126953125,-0.10986328125,-0.57373046875
0,-0.01220703125,-0.35400390625,-0.244140625,-0.35400390625,-0.13427734375,-0.42724609375,-0.1708984375,-0.09765625,-0.0732421875,-0.0244140625,-0.29296875,-0.89111328125,-0.40283203125,1.11083984375,-0.1708984375,-0.20751953125,0.13427734375,-0.634765625,-0.1220703125,-0.18310546875,0.2685546875,0.79345703125,0.06103515625,-0.67138671875,-0.13427734375,0.0244140625,-0.28076171875,-0.8056640625,-0.2685546875,0.9033203125,0.0244140625,0.244140625,0.18310546875,-0.4638671875,0.25634765625,-0.89111328125,-0.146484375,-0.48828125,0.2197265625,-0.7568359375,-0.15869140625,-0.1953125,-0.244140625,-0.6591796875,-0.13427734375,-0.52490234375,-0.244140625,0.57373046875,-0.244140625,1.15966796875,0.09765625,0.439453125,0.146484375,-0.25634765625,0.1953125,0.7080078125,0.13427734375,-0.06103515625,0.20751953125,0.0244140625,-0.341796875,0.244140625,-0.2685546875,-0.390625,0.1953125,0.2685546875,0.244140625,1.025390625,0.15869140625,0.20751953125,-0.15869140625,0.23193359375,0.23193359375,0.244140625,-0.20751953125,0.78125,-0.06103515625,-0.01220703125,-0.25634765625,1.318359375,0.1708984375,-0.98876953125,0,-0.32958984375,-0.18310546875,-1.0498046875,-0.06103515625,-0.78125,0.25634765625,-1.25732421875,-0.09765625,-0.2685546875,0.15869140625,-0.3662109375,-0.08544921875,-1.20849609375,-0.1220703125,-1.15966796875,-0.29296875,-1.025390625,-0.15869140625,-1.025390625,-0.1708984375,-0.634765625,0.50048828125,0.1220703125,0.01220703125,-0.7080078125,-0.01220703125,-0.3662109375,-0.18310546875,1.33056640625,-0.2197265625,0.35400390625,0.15869140625,0.06103515625,-0.06103515625,-0.0732421875,0.01220703125,0.2197265625,-0.13427734375,-0.06103515625,0,0.78125,-0.0244140625,-0.52490234375,-0.09765625,-0.57373046875
0,-0.0244140625,-0.341796875,-0.244140625,-0.341796875,-0.10986328125,-0.47607421875,-0.146484375,-0.09765625,-0.13427734375,0,-0.2685546875,-0.89111328125,-0.390625,1.123046875,-0.18310546875,-0.20751953125,0.13427734375,-0.6103515625,-0.10986328125,-0.18310546875,0.30517578125,0.81787109375,0.03662109375,-0.68359375,-0.1220703125,0.09765625,-0.2685546875,-0.78125,-0.28076171875,0.9033203125,0.146484375,0.2197265625,0.13427734375,-0.5126953125,0.40283203125,-0.9033203125,-0.15869140625,-0.48828125,0.18310546875,-0.78125,-0.09765625,-0.1708984375,-0.1953125,-0.6591796875,-0.10986328125,-0.54931640625,-0.3173828125,0.5859375,-0.20751953125,1.171875,0.08544921875,0.42724609375,0.08544921875,-0.25634765625,0.20751953125,0.69580078125,0.1953125,-0.03662109375,0.244140625,0.03662109375,-0.244140625,0.25634765625,-0.23193359375,-0.3662109375,0.1953125,0.28076171875,0.15869140625,1.01318359375,0.1708984375,0.1953125,-0.2197265625,0.2197265625,0.18310546875,0.2197265625,-0.244140625,0.72021484375,0.01220703125,-0.01220703125,-0.2685546875,1.30615234375,0.15869140625,-0.9765625,0.01220703125,-0.35400390625,-0.09765625,-1.0498046875,-0.1220703125,-0.78125,0.1953125,-1.2451171875,-0.09765625,-0.2685546875,0.03662109375,-0.37841796875,-0.048828125,-1.18408203125,-0.13427734375,-1.15966796875,-0.30517578125,-1.025390625,-0.146484375,-1.03759765625,-0.2197265625,-0.634765625,0.52490234375,0.1708984375,-0.0244140625,-0.76904296875,0,-0.42724609375,-0.1708984375,1.20849609375,-0.20751953125,0.37841796875,0.13427734375,0.048828125,-0.06103515625,-0.06103515625,0.0244140625,0.2197265625,-0.146484375,-0.0732421875,0,0.79345703125,0,-0.5126953125,-0.08544921875,-0.59814453125
0,-0.01220703125,-0.35400390625,-0.23193359375,-0.32958984375,-0.1220703125,-0.5126953125,-0.15869140625,-0.06103515625,-0.1708984375,0.0244140625,-0.28076171875,-0.87890625,-0.37841796875,1.0986328125,-0.1708984375,-0.20751953125,0.1220703125,-0.59814453125,-0.13427734375,-0.1953125,0.29296875,0.79345703125,0.0244140625,-0.68359375,-0.08544921875,0.15869140625,-0.23193359375,-0.81787109375,-0.25634765625,0.9033203125,0.2685546875,0.2197265625,0.06103515625,-0.48828125,0.5859375,-0.9033203125,-0.20751953125,-0.439453125,0.2197265625,-0.78125,-0.10986328125,-0.1708984375,-0.13427734375,-0.64697265625,-0.09765625,-0.5615234375,-0.3173828125,0.6103515625,-0.1708984375,1.20849609375,0.01220703125,0.4150390625,-0.06103515625,-0.25634765625,0.13427734375,0.69580078125,0.25634765625,-0.0244140625,0.2197265625,0.0732421875,-0.09765625,0.30517578125,-0.146484375,-0.341796875,0.18310546875,0.28076171875,0.06103515625,1.01318359375,0.13427734375,0.20751953125,-0.25634765625,0.2197265625,0.146484375,0.23193359375,-0.244140625,0.732421875,0.048828125,-0.01220703125,-0.2685546875,1.30615234375,0.146484375,-0.9765625,0.01220703125,-0.30517578125,-0.01220703125,-1.0009765625,-0.20751953125,-0.79345703125,0.09765625,-1.26953125,-0.09765625,-0.2685546875,-0.10986328125,-0.35400390625,0.03662109375,-1.18408203125,-0.18310546875,-1.171875,-0.30517578125,-1.0498046875,-0.146484375,-1.03759765625,-0.18310546875,-0.62255859375,0.439453125,0.3662109375,-0.09765625,-0.76904296875,0.01220703125,-0.4150390625,-0.1708984375,1.1962890625,-0.23193359375,0.37841796875,0.09765625,0.0244140625,-0.0732421875,-0.03662109375,0,0.2197265625,-0.1220703125,-0.09765625,0,0.8056640625,0.01220703125,-0.52490234375,-0.08544921875,-0.5859375
1,-0.01220703125,-0.35400390625,-0.244140625,-0.3173828125,-0.10986328125,-0.537109375,-0.1708984375,-0.0732421875,-0.1708984375,0,-0.25634765625,-0.89111328125,-0.35400390625,1.0986328125,-0.15869140625,-0.1708984375,0.06103515625,-0.5859375,-0.13427734375,-0.1953125,0.18310546875,0.78125,0.06103515625,-0.68359375,-0.08544921875,0.2197265625,-0.1708984375,-0.8056640625,-0.1708984375,0.927734375,0.341796875,0.1953125,-0.03662109375,-0.42724609375,0.67138671875,-0.89111328125,-0.28076171875,-0.4638671875,0.28076171875,-0.78125,-0.10986328125,-0.1708984375,0.03662109375,-0.64697265625,-0.08544921875,-0.52490234375,-0.2685546875,0.64697265625,-0.0732421875,1.18408203125,0.03662109375,0.4150390625,-0.146484375,-0.23193359375,0.09765625,0.72021484375,0.2685546875,0.03662109375,0.28076171875,0.13427734375,-0.03662109375,0.3173828125,0.01220703125,-0.25634765625,0.1708984375,0.2685546875,-0.03662109375,1.03759765625,0.09765625,0.20751953125,-0.28076171875,0.2197265625,0.09765625,0.20751953125,-0.25634765625,0.732421875,0.09765625,-0.0244140625,-0.18310546875,1.33056640625,0.10986328125,-0.96435546875,0.048828125,-0.341796875,0.01220703125,-0.9765625,-0.20751953125,-0.79345703125,0,-1.28173828125,-0.10986328125,-0.244140625,-0.23193359375,-0.32958984375,0.08544921875,-1.15966796875,-0.28076171875,-1.15966796875,-0.244140625,-1.03759765625,-0.18310546875,-1.0498046875,-0.10986328125,-0.62255859375,0.390625,0.7568359375,-0.146484375,-0.59814453125,0.06103515625,-0.32958984375,-0.10986328125,1.3427734375,-0.20751953125,0.37841796875,0.0732421875,0.0244140625,-0.0732421875,-0.01220703125,0.01220703125,0.2197265625,-0.13427734375,-0.09765625,-0.01220703125,0.830078125,0.03662109375,-0.5126953125,-0.10986328125,-0.59814453125
1,-0.03662109375,-0.341796875,-0.244140625,-0.3173828125,-0.1220703125,-0.52490234375,-0.18310546875,-0.03662109375,-0.2197265625,-0.01220703125,-0.23193359375,-0.87890625,-0.37841796875,1.0986328125,-0.15869140625,-0.1708984375,0,-0.5859375,-0.146484375,-0.1953125,0.0244140625,0.8056640625,0.09765625,-0.68359375,-0.048828125,0.25634765625,-0.10986328125,-0.78125,-0.0732421875,0.9521484375,0.3662109375,0.2197265625,-0.03662109375,-0.37841796875,0.69580078125,-0.87890625,-0.30517578125,-0.439453125,0.25634765625,-0.79345703125,-0.10986328125,-0.20751953125,0.18310546875,-0.6591796875,-0.0732421875,-0.45166015625,-0.20751953125,0.68359375,0.0244140625,1.18408203125,0,0.42724609375,-0.23193359375,-0.1708984375,0.03662109375,0.72021484375,0.15869140625,0.0732421875,0.2197265625,0.1708984375,-0.06103515625,0.32958984375,0.0244140625,-0.1708984375,0.15869140625,0.244140625,-0.15869140625,1.06201171875,0.048828125,0.20751953125,-0.3173828125,0.20751953125,0.0732421875,0.1953125,-0.29296875,0.7568359375,0.15869140625,-0.01220703125,-0.15869140625,1.30615234375,0.0732421875,-0.9765625,0.0732421875,-0.35400390625,0.0244140625,-0.98876953125,-0.18310546875,-0.78125,-0.048828125,-1.2939453125,-0.1708984375,-0.244140625,-0.28076171875,-0.3173828125,0.1220703125,-1.1474609375,-0.3662109375,-1.171875,-0.18310546875,-1.06201171875,-0.20751953125,-1.06201171875,-0.048828125,-0.634765625,0.1708984375,1.318359375,-0.2197265625,-0.3173828125,0.03662109375,-0.10986328125,-0.10986328125,1.611328125,-0.20751953125,0.3662109375,0.048828125,0.01220703125,-0.06103515625,-0.03662109375,0.01220703125,0.20751953125,-0.146484375,-0.09765625,-0.0244140625,0.84228515625,0.06103515625,-0.52490234375,-0.1220703125,-0.5859375
1,-0.03662109375,-0.341796875,-0.244140625,-0.3173828125,-0.1220703125,-0.47607421875,-0.15869140625,-0.0244140625,-0.23193359375,0,-0.244140625,-0.89111328125,-0.37841796875,1.123046875,-0.15869140625,-0.15869140625,-0.06103515625,-0.5859375,-0.1708984375,-0.1953125,-0.09765625,0.78125,0.0732421875,-0.69580078125,-0.048828125,0.2685546875,-0.01220703125,-0.76904296875,0.0244140625,0.927734375,0.30517578125,0.1953125,-0.01220703125,-0.32958984375,0.6591796875,-0.86669921875,-0.3662109375,-0.439453125,0.25634765625,-0.76904296875,-0.09765625,-0.2197265625,0.23193359375,-0.68359375,-0.08544921875,-0.3662109375,-0.09765625,0.732421875,0.0732421875,1.171875,0.0244140625,0.4638671875,-0.3173828125,-0.10986328125,-0.048828125,0.74462890625,0.146484375,0.146484375,0.23193359375,0.244140625,0.08544921875,0.35400390625,0.13427734375,-0.09765625,0.13427734375,0.20751953125,-0.28076171875,1.06201171875,-0.01220703125,0.20751953125,-0.29296875,0.18310546875,0,0.1953125,-0.28076171875,0.79345703125,0.1953125,-0.03662109375,-0.08544921875,1.318359375,0.01220703125,-0.98876953125,0.0732421875,-0.341796875,0.01220703125,-0.9765625,-0.1220703125,-0.79345703125,-0.08544921875,-1.30615234375,-0.1953125,-0.25634765625,-0.2685546875,-0.30517578125,0.09765625,-1.171875,-0.40283203125,-1.171875,-0.10986328125,-1.06201171875,-0.20751953125,-1.07421875,0.0244140625,-0.634765625,0.15869140625,2.11181640625,-0.29296875,0.09765625,0.03662109375,0.23193359375,-0.048828125,2.06298828125,-0.23193359375,0.3662109375,0.06103515625,0.0244140625,-0.06103515625,-0.01220703125,0.0244140625,0.20751953125,-0.15869140625,-0.09765625,0,0.8544921875,0.06103515625,-0.5126953125,-0.10986328125,-0.57373046875
1,-0.048828125,-0.35400390625,-0.23193359375,-0.32958984375,-0.10986328125,-0.4150390625,-0.15869140625,-0.0244140625,-0.20751953125,-0.0244140625,-0.25634765625,-0.89111328125,-0.4150390625,1.0986328125,-0.146484375,-0.146484375,-0.13427734375,-0.62255859375,-0.244140625,-0.20751953125,-0.20751953125,0.78125,0.0244140625,-0.69580078125,-0.01220703125,0.244140625,0.048828125,-0.81787109375,0.146484375,0.91552734375,0.2685546875,0.18310546875,0.03662109375,-0.28076171875,0.54931640625,-0.87890625,-0.341796875,-0.42724609375,0.2197265625,-0.74462890625,-0.0732421875,-0.2197265625,0.2197265625,-0.7080078125,-0.0732421875,-0.341796875,-0.048828125,0.74462890625,0.06103515625,1.1474609375,0.01220703125,0.4638671875,-0.40283203125,-0.06103515625,-0.1220703125,0.74462890625,0.146484375,0.2197265625,0.3173828125,0.29296875,0.06103515625,0.35400390625,0.2197265625,-0.0244140625,0.09765625,0.1708984375,-0.30517578125,1.0498046875,-0.08544921875,0.18310546875,-0.25634765625,0.18310546875,-0.048828125,0.18310546875,-0.25634765625,0.81787109375,0.20751953125,-0.01220703125,0.03662109375,1.318359375,0.01220703125,-0.9765625,0.09765625,-0.390625,0.01220703125,-0.98876953125,-0.01220703125,-0.79345703125,-0.03662109375,-1.35498046875,-0.2197265625,-0.25634765625,-0.18310546875,-0.2685546875,0.0732421875,-1.13525390625,-0.40283203125,-1.171875,-0.06103515625,-1.08642578125,-0.2197265625,-1.06201171875,0.0244140625,-0.62255859375,0.09765625,3.03955078125,-0.30517578125,0.634765625,-0.01220703125,0.64697265625,-0.048828125,2.63671875,-0.23193359375,0.341796875,0.06103515625,0.01220703125,-0.0732421875,-0.0244140625,-0.01220703125,0.1953125,-0.146484375,-0.0732421875,-0.01220703125,0.86669921875,0.048828125,-0.50048828125,-0.1220703125,-0.57373046875
1,-0.01220703125,-0.341796875,-0.2197265625,-0.341796875,-0.0732421875,-0.35400390625,-0.146484375,-0.0244140625,-0.1953125,-0.03662109375,-0.244140625,-0.91552734375,-0.40283203125,1.0986328125,-0.13427734375,-0.15869140625,-0.18310546875,-0.62255859375,-0.30517578125,-0.20751953125,-0.2685546875,0.79345703125,-0.08544921875,-0.68359375,0,0.244140625,0.09765625,-0.830078125,0.1953125,0.89111328125,0.25634765625,0.1953125,0.0732421875,-0.23193359375,0.439453125,-0.86669921875,-0.2685546875,-0.439453125,0.10986328125,-0.732421875,-0.0244140625,-0.244140625,0.18310546875,-0.72021484375,-0.06103515625,-0.30517578125,0.0244140625,0.74462890625,0.0244140625,1.13525390625,0.01220703125,0.50048828125,-0.45166015625,-0.06103515625,-0.1953125,0.7568359375,0.06103515625,0.28076171875,0.1708984375,0.32958984375,0.048828125,0.40283203125,0.18310546875,0.06103515625,0.06103515625,0.146484375,-0.35400390625,1.0498046875,-0.15869140625,0.20751953125,-0.2197265625,0.15869140625,-0.146484375,0.1953125,-0.20751953125,0.86669921875,0.20751953125,0,0.10986328125,1.318359375,0.0244140625,-0.9521484375,0.0732421875,-0.37841796875,0.0244140625,-0.98876953125,0.09765625,-0.8056640625,0.0244140625,-1.37939453125,-0.2197265625,-0.2685546875,-0.01220703125,-0.2685546875,0.03662109375,-1.1962890625,-0.3662109375,-1.171875,-0.0244140625,-1.11083984375,-0.23193359375,-1.06201171875,0.0244140625,-0.62255859375,0,4.052734375,-0.37841796875,1.220703125,-0.0732421875,1.0986328125,-0.08544921875,3.2958984375,-0.23193359375,0.341796875,0.06103515625,0.01220703125,-0.0732421875,-0.01220703125,-0.01220703125,0.1953125,-0.15869140625,-0.03662109375,-0.0244140625,0.86669921875,0.048828125,-0.5126953125,-0.09765625,-0.5615234375
1,-0.01220703125,-0.35400390625,-0.23193359375,-0.3662109375,-0.0244140625,-0.30517578125,-0.13427734375,-0.0732421875,-0.1708984375,-0.03662109375,-0.244140625,-0.91552734375,-0.4150390625,1.11083984375,-0.146484375,-0.1708984375,-0.18310546875,-0.634765625,-0.341796875,-0.20751953125,-0.1953125,0.8056640625,-0.20751953125,-0.6591796875,-0.01220703125,0.23193359375,0.09765625,-0.81787109375,0.1953125,0.9033203125,0.28076171875,0.1953125,0.13427734375,-0.244140625,0.35400390625,-0.86669921875,-0.20751953125,-0.439453125,0.1220703125,-0.732421875,0.0244140625,-0.244140625,0.09765625,-0.7080078125,-0.0244140625,-0.28076171875,0.06103515625,0.72021484375,-0.03662109375,1.13525390625,0.06103515625,0.48828125,-0.5126953125,-0.06103515625,-0.2685546875,0.74462890625,0.13427734375,0.37841796875,0.18310546875,0.390625,0.06103515625,0.42724609375,0.341796875,0.10986328125,0.0244140625,0.15869140625,-0.3662109375,1.03759765625,-0.20751953125,0.2197265625,-0.15869140625,0.15869140625,-0.2197265625,0.1953125,-0.1953125,0.86669921875,0.20751953125,0.01220703125,0.1708984375,1.318359375,0.0732421875,-0.927734375,0.048828125,-0.390625,0.0244140625,-1.025390625,0.15869140625,-0.8056640625,0.06103515625,-1.42822265625,-0.20751953125,-0.30517578125,0.146484375,-0.28076171875,-0.08544921875,-1.18408203125,-0.30517578125,-1.18408203125,-0.06103515625,-1.0986328125,-0.2197265625,-1.03759765625,0.03662109375,-0.62255859375,0.146484375,5.06591796875,-0.35400390625,1.79443359375,-0.0244140625,1.5869140625,-0.06103515625,3.94287109375,-0.20751953125,0.341796875,0.06103515625,0.01220703125,-0.048828125,0,-0.01220703125,0.1953125,-0.146484375,-0.01220703125,-0.01220703125,0.8544921875,0.0244140625,-0.50048828125,-0.09765625,-0.537109375
1,-0.0244140625,-0.3662109375,-0.20751953125,-0.37841796875,-0.03662109375,-0.28076171875,-0.13427734375,-0.0732421875,-0.20751953125,-0.0244140625,-0.2685546875,-0.927734375,-0.4150390625,1.11083984375,-0.15869140625,-0.1708984375,-0.146484375,-0.62255859375,-0.341796875,-0.23193359375,-0.10986328125,0.81787109375,-0.29296875,-0.68359375,0,0.20751953125,0.0244140625,-0.84228515625,0.10986328125,0.89111328125,0.3173828125,0.1953125,0.20751953125,-0.2685546875,0.2685546875,-0.8544921875,-0.20751953125,-0.4638671875,0.09765625,-0.7080078125,0.06103515625,-0.23193359375,0.048828125,-0.732421875,0.03662109375,-0.29296875,0.13427734375,0.69580078125,-0.09765625,1.1474609375,0.0732421875,0.48828125,-0.5859375,-0.10986328125,-0.32958984375,0.72021484375,0.13427734375,0.5126953125,0.1953125,0.439453125,0.0244140625,0.5126953125,0.35400390625,0.20751953125,0,0.18310546875,-0.37841796875,1.025390625,-0.2197265625,0.2197265625,-0.146484375,0.1708984375,-0.28076171875,0.2197265625,-0.15869140625,0.86669921875,0.1953125,0.0244140625,0.15869140625,1.318359375,0.09765625,-0.93994140625,0.01220703125,-0.4150390625,0.048828125,-1.01318359375,0.1953125,-0.830078125,0.13427734375,-1.46484375,-0.146484375,-0.3173828125,0.3173828125,-0.29296875,-0.15869140625,-1.1962890625,-0.28076171875,-1.15966796875,-0.06103515625,-1.08642578125,-0.20751953125,-1.03759765625,0.01220703125,-0.62255859375,0.1708984375,6.005859375,-0.3173828125,2.35595703125,0.03662109375,2.03857421875,-0.09765625,4.541015625,-0.2197265625,0.341796875,0.06103515625,0.0244140625,-0.08544921875,0.01220703125,0.0244140625,0.1953125,-0.1708984375,0.01220703125,-0.01220703125,0.8544921875,0.01220703125,-0.48828125,-0.08544921875,-0.5126953125
1,-0.048828125,-0.3662109375,-0.20751953125,-0.37841796875,-0.048828125,-0.28076171875,-0.1220703125,-0.0732421875,-0.2197265625,-0.0244140625,-0.25634765625,-0.91552734375,-0.4150390625,1.11083984375,-0.1953125,-0.18310546875,-0.09765625,-0.634765625,-0.29296875,-0.25634765625,-0.01220703125,0.830078125,-0.32958984375,-0.67138671875,-0.0244140625,0.1708984375,0.01220703125,-0.830078125,-0.0244140625,0.87890625,0.341796875,0.20751953125,0.146484375,-0.32958984375,0.2685546875,-0.86669921875,-0.18310546875,-0.47607421875,0.06103515625,-0.732421875,0.0244140625,-0.23193359375,-0.048828125,-0.7080078125,0.0732421875,-0.35400390625,0.10986328125,0.67138671875,-0.13427734375,1.15966796875,0.13427734375,0.47607421875,-0.5859375,-0.15869140625,-0.390625,0.7080078125,0.18310546875,0.6591796875,0.18310546875,0.537109375,0.06103515625,0.6103515625,0.40283203125,0.35400390625,0,0.244140625,-0.341796875,1.03759765625,-0.2197265625,0.23193359375,-0.1220703125,0.1953125,-0.28076171875,0.244140625,-0.10986328125,0.8544921875,0.2197265625,0.0244140625,0.13427734375,1.33056640625,0.09765625,-0.9521484375,-0.0244140625,-0.37841796875,0.06103515625,-1.01318359375,0.146484375,-0.81787109375,0.09765625,-1.4892578125,-0.08544921875,-0.32958984375,0.4150390625,-0.32958984375,-0.15869140625,-1.220703125,-0.28076171875,-1.15966796875,-0.06103515625,-1.07421875,-0.1708984375,-1.03759765625,0,-0.62255859375,0.244140625,6.8115234375,-0.244140625,2.8076171875,0.09765625,2.40478515625,-0.08544921875,5.04150390625,-0.1953125,0.341796875,0.048828125,0.01220703125,-0.06103515625,0.0244140625,0.048828125,0.18310546875,-0.146484375,0.01220703125,-0.01220703125,0.86669921875,0,-0.48828125,-0.0732421875,-0.5126953125
1,-0.048828125,-0.37841796875,-0.20751953125,-0.3662109375,-0.09765625,-0.29296875,-0.10986328125,-0.0732421875,-0.2197265625,0,-0.23193359375,-0.91552734375,-0.42724609375,1.11083984375,-0.1953125,-0.15869140625,-0.0732421875,-0.634765625,-0.23193359375,-0.25634765625,0.09765625,0.830078125,-0.32958984375,-0.6591796875,-0.048828125,0.146484375,-0.048828125,-0.84228515625,-0.15869140625,0.89111328125,0.32958984375,0.20751953125,0.048828125,-0.37841796875,0.35400390625,-0.87890625,-0.1953125,-0.50048828125,0.10986328125,-0.732421875,-0.0244140625,-0.20751953125,-0.08544921875,-0.69580078125,0.10986328125,-0.3662109375,0.0244140625,0.64697265625,-0.1708984375,1.171875,0.15869140625,0.4638671875,-0.54931640625,-0.20751953125,-0.40283203125,0.7080078125,0.244140625,0.8544921875,0.20751953125,0.64697265625,0.03662109375,0.74462890625,0.48828125,0.52490234375,-0.06103515625,0.30517578125,-0.30517578125,1.03759765625,-0.1953125,0.23193359375,-0.146484375,0.244140625,-0.28076171875,0.29296875,-0.048828125,0.8056640625,0.1953125,0.048828125,0.10986328125,1.33056640625,0.09765625,-0.96435546875,-0.03662109375,-0.37841796875,0.03662109375,-1.025390625,0.06103515625,-0.830078125,0.08544921875,-1.52587890625,-0.01220703125,-0.32958984375,0.42724609375,-0.32958984375,-0.10986328125,-1.220703125,-0.35400390625,-1.171875,-0.0244140625,-1.07421875,-0.10986328125,-1.025390625,-0.048828125,-0.62255859375,0.2197265625,7.4462890625,-0.1953125,3.16162109375,0.09765625,2.685546875,-0.146484375,5.43212890625,-0.18310546875,0.3662109375,0.0244140625,0.01220703125,-0.06103515625,0.03662109375,0.048828125,0.1953125,-0.15869140625,-0.0244140625,-0.0244140625,0.86669921875,0,-0.439453125,-0.08544921875,-0.5126953125
1,-0.0244140625,-0.3662109375,-0.2197265625,-0.341796875,-0.08544921875,-0.32958984375,-0.09765625,-0.06103515625,-0.28076171875,-0.01220703125,-0.244140625,-0.86669921875,-0.439453125,1.0986328125,-0.2197265625,-0.1708984375,-0.06103515625,-0.64697265625,-0.1708984375,-0.25634765625,0.18310546875,0.830078125,-0.2685546875,-0.6591796875,-0.03662109375,0.1220703125,-0.03662109375,-0.79345703125,-0.23193359375,0.91552734375,0.2685546875,0.2197265625,-0.0732421875,-0.390625,0.47607421875,-0.89111328125,-0.23193359375,-0.47607421875,0.146484375,-0.732421875,-0.13427734375,-0.18310546875,-0.048828125,-0.69580078125,0.09765625,-0.37841796875,-0.0732421875,0.59814453125,-0.20751953125,1.18408203125,0.1708984375,0.45166015625,-0.48828125,-0.23193359375,-0.35400390625,0.69580078125,0.20751953125,1.07421875,0.15869140625,0.8056640625,-0.03662109375,0.91552734375,0.40283203125,0.74462890625,-0.08544921875,0.341796875,-0.25634765625,1.0498046875,-0.13427734375,0.23193359375,-0.1953125,0.25634765625,-0.23193359375,0.30517578125,-0.03662109375,0.78125,0.1708984375,0.03662109375,0.08544921875,1.3427734375,0.06103515625,-0.9765625,-0.048828125,-0.35400390625,0,-1.025390625,-0.03662109375,-0.830078125,0.0732421875,-1.5625,0.06103515625,-0.32958984375,0.3662109375,-0.341796875,0.03662109375,-1.23291015625,-0.4638671875,-1.171875,0.03662109375,-1.06201171875,-0.09765625,-1.01318359375,-0.1220703125,-0.634765625,0.1708984375,7.8857421875,-0.13427734375,3.35693359375,0.06103515625,2.86865234375,-0.20751953125,5.65185546875,-0.13427734375,0.3662109375,0.0244140625,0,-0.06103515625,0.03662109375,0.06103515625,0.1953125,-0.13427734375,-0.03662109375,-0.01220703125,0.86669921875,0,-0.439453125,-0.09765625,-0.5126953125
1,-0.01220703125,-0.37841796875,-0.2197265625,-0.35400390625,-0.0732421875,-0.40283203125,-0.06103515625,-0.06103515625,-0.244140625,-0.01220703125,-0.2197265625,-0.89111328125,-0.390625,1.0986328125,-0.2197265625,-0.1708984375,-0.0732421875,-0.64697265625,-0.08544921875,-0.20751953125,0.23193359375,0.81787109375,-0.146484375,-0.68359375,-0.048828125,0.08544921875,-0.06103515625,-0.79345703125,-0.29296875,0.91552734375,0.15869140625,0.20751953125,-0.2197265625,-0.40283203125,0.62255859375,-0.89111328125,-0.244140625,-0.4638671875,0.13427734375,-0.7568359375,-0.25634765625,-0.18310546875,0.01220703125,-0.68359375,0.0732421875,-0.40283203125,-0.15869140625,0.6103515625,-0.25634765625,1.20849609375,0.2197265625,0.42724609375,-0.28076171875,-0.244140625,-0.3662109375,0.7080078125,0.18310546875,1.30615234375,0.10986328125,0.9765625,-0.03662109375,1.08642578125,0.3662109375,0.98876953125,-0.0732421875,0.3662109375,-0.20751953125,1.03759765625,-0.06103515625,0.2197265625,-0.2197265625,0.244140625,-0.20751953125,0.29296875,0.01220703125,0.7568359375,0.1708984375,0.03662109375,0.0244140625,1.33056640625,0.0244140625,-0.98876953125,-0.048828125,-0.35400390625,-0.03662109375,-1.01318359375,-0.13427734375,-0.81787109375,0.08544921875,-1.5869140625,0.08544921875,-0.32958984375,0.30517578125,-0.35400390625,0.1220703125,-1.23291015625,-0.57373046875,-1.171875,0.10986328125,-1.06201171875,-0.0732421875,-1.01318359375,-0.2197265625,-0.62255859375,0.23193359375,8.154296875,-0.03662109375,3.466796875,0.03662109375,2.9541015625,-0.1953125,5.76171875,-0.13427734375,0.390625,0.048828125,0,-0.06103515625,0.03662109375,0.048828125,0.18310546875,-0.1220703125,-0.03662109375,0,0.89111328125,0.01220703125,-0.439453125,-0.13427734375,-0.54931640625
1,-0.01220703125,-0.3662109375,-0.1953125,-0.341796875,-0.0732421875,-0.439453125,-0.06103515625,-0.048828125,-0.29296875,-0.01220703125,-0.20751953125,-0.86669921875,-0.40283203125,1.07421875,-0.1953125,-0.15869140625,-0.08544921875,-0.64697265625,-0.01220703125,-0.2197265625,0.23193359375,0.8056640625,-0.01220703125,-0.72021484375,-0.06103515625,0.048828125,-0.06103515625,-0.8056640625,-0.2685546875,0.87890625,0.03662109375,0.20751953125,-0.28076171875,-0.42724609375,0.732421875,-0.91552734375,-0.25634765625,-0.4638671875,0.1708984375,-0.76904296875,-0.37841796875,-0.1708984375,0.09765625,-0.67138671875,0.0244140625,-0.439453125,-0.244140625,0.62255859375,-0.25634765625,1.171875,0.23193359375,0.439453125,-0.2197265625,-0.244140625,-0.35400390625,0.7080078125,0.18310546875,1.52587890625,0.0732421875,1.1474609375,0,1.2451171875,0.35400390625,1.2451171875,-0.06103515625,0.3662109375,-0.1220703125,1.0498046875,-0.0244140625,0.2197265625,-0.23193359375,0.244140625,-0.20751953125,0.28076171875,0.048828125,0.72021484375,0.1220703125,0.0244140625,0,1.3427734375,-0.03662109375,-1.0009765625,-0.06103515625,-0.341796875,-0.09765625,-1.01318359375,-0.1708984375,-0.8056640625,0.0732421875,-1.5625,0.0732421875,-0.30517578125,0.18310546875,-0.390625,0.25634765625,-1.2451171875,-0.69580078125,-1.15966796875,0.146484375,-1.03759765625,-0.10986328125,-1.025390625,-0.244140625,-0.62255859375,0.25634765625,8.2275390625,0.048828125,3.50341796875,0.03662109375,2.978515625,-0.1708984375,5.77392578125,-0.10986328125,0.390625,0.0732421875,0,-0.08544921875,0.03662109375,0.03662109375,0.1953125,-0.1220703125,-0.0244140625,0.01220703125,0.89111328125,0.03662109375,-0.45166015625,-0.15869140625,-0.57373046875
1,-0.0244140625,-0.3662109375,-0.20751953125,-0.32958984375,-0.06103515625,-0.4638671875,-0.048828125,-0.048828125,-0.35400390625,-0.0244140625,-0.20751953125,-0.87890625,-0.37841796875,1.08642578125,-0.18310546875,-0.1708984375,-0.03662109375,-0.6591796875,0.03662109375,-0.244140625,0.1953125,0.8056640625,0.10986328125,-0.68359375,-0.10986328125,0.01220703125,-0.13427734375,-0.8056640625,-0.2197265625,0.89111328125,-0.08544921875,0.20751953125,-0.20751953125,-0.40283203125,0.74462890625,-0.91552734375,-0.25634765625,-0.42724609375,0.18310546875,-0.76904296875,-0.4638671875,-0.146484375,0.146484375,-0.6591796875,-0.0244140625,-0.45166015625,-0.25634765625,0.68359375,-0.23193359375,1.1474609375,0.244140625,0.4150390625,-0.1220703125,-0.20751953125,-0.341796875,0.732421875,0.1708984375,1.72119140625,0.03662109375,1.26953125,0.03662109375,1.3916015625,0.3173828125,1.47705078125,-0.06103515625,0.341796875,0,1.0498046875,0.0244140625,0.20751953125,-0.23193359375,0.2197265625,-0.23193359375,0.2685546875,0.06103515625,0.76904296875,0.0732421875,0.01220703125,-0.0732421875,1.318359375,-0.0732421875,-1.01318359375,-0.06103515625,-0.341796875,-0.13427734375,-1.0009765625,-0.15869140625,-0.8056640625,0.03662109375,-1.513671875,0.01220703125,-0.28076171875,0.09765625,-0.35400390625,0.35400390625,-1.220703125,-0.7080078125,-1.171875,0.146484375,-1.0498046875,-0.1953125,-1.03759765625,-0.23193359375,-0.62255859375,0.146484375,8.1787109375,0.10986328125,3.466796875,0,2.9296875,-0.09765625,5.6884765625,-0.10986328125,0.37841796875,0.09765625,0,-0.06103515625,0.03662109375,0.0244140625,0.18310546875,-0.13427734375,-0.0244140625,0.03662109375,0.89111328125,0.03662109375,-0.4638671875,-0.18310546875,-0.54931640625
1,-0.03662109375,-0.35400390625,-0.1953125,-0.32958984375,-0.08544921875,-0.4638671875,-0.06103515625,-0.03662109375,-0.341796875,-0.01220703125,-0.1953125,-0.86669921875,-0.3662109375,1.08642578125,-0.1708984375,-0.1708984375,-0.01220703125,-0.634765625,0.0732421875,-0.2197265625,0.15869140625,0.8056640625,0.20751953125,-0.68359375,-0.1708984375,-0.01220703125,-0.1708984375,-0.78125,-0.13427734375,0.89111328125,-0.1953125,0.20751953125,-0.1220703125,-0.3662109375,0.74462890625,-0.9033203125,-0.25634765625,-0.40283203125,0.146484375,-0.76904296875,-0.47607421875,-0.146484375,0.1953125,-0.64697265625,-0.09765625,-0.42724609375,-0.29296875,0.69580078125,-0.2197265625,1.15966796875,0.1953125,0.45166015625,0,-0.15869140625,-0.30517578125,0.74462890625,0.1220703125,1.86767578125,0.0244140625,1.37939453125,-0.01220703125,1.4892578125,0.28076171875,1.62353515625,-0.01220703125,0.3173828125,0.1220703125,1.07421875,0.03662109375,0.20751953125,-0.20751953125,0.2197265625,-0.1953125,0.2685546875,0.0732421875,0.78125,0.03662109375,-0.0244140625,-0.10986328125,1.33056640625,-0.1220703125,-1.01318359375,-0.048828125,-0.32958984375,-0.1953125,-0.98876953125,-0.15869140625,-0.79345703125,0,-1.46484375,-0.06103515625,-0.25634765625,0.048828125,-0.341796875,0.341796875,-1.220703125,-0.7568359375,-1.171875,0.10986328125,-1.03759765625,-0.28076171875,-1.0498046875,-0.1953125,-0.62255859375,0.0732421875,8.0078125,0.1220703125,3.369140625,-0.0244140625,2.83203125,-0.0244140625,5.55419921875,-0.1220703125,0.390625,0.10986328125,0,-0.06103515625,0.03662109375,0.01220703125,0.18310546875,-0.13427734375,-0.0244140625,0.048828125,0.87890625,0.0244140625,-0.50048828125,-0.1953125,-0.54931640625
0,-0.048828125,-0.35400390625,-0.18310546875,-0.3173828125,-0.10986328125,-0.439453125,-0.0732421875,-0.03662109375,-0.3173828125,-0.01220703125,-0.20751953125,-0.87890625,-0.37841796875,1.07421875,-0.1708984375,-0.1708984375,0.048828125,-0.634765625,0.0732421875,-0.18310546875,0.1708984375,0.830078125,0.25634765625,-0.67138671875,-0.13427734375,-0.048828125,-0.146484375,-0.79345703125,0.01220703125,0.89111328125,-0.20751953125,0.2197265625,0.06103515625,-0.341796875,0.7080078125,-0.91552734375,-0.244140625,-0.37841796875,0.146484375,-0.7568359375,-0.439453125,-0.15869140625,0.23193359375,-0.64697265625,-0.10986328125,-0.390625,-0.30517578125,0.732421875,-0.15869140625,1.13525390625,0.13427734375,0.4638671875,-0.03662109375,-0.13427734375,-0.244140625,0.7568359375,0.03662109375,1.904296875,0.01220703125,1.35498046875,0.048828125,1.55029296875,0.18310546875,1.69677734375,0.06103515625,0.25634765625,0.1953125,1.07421875,0.048828125,0.18310546875,-0.15869140625,0.20751953125,-0.146484375,0.25634765625,0.09765625,0.79345703125,0.03662109375,-0.03662109375,-0.1220703125,1.33056640625,-0.13427734375,-1.0009765625,-0.03662109375,-0.32958984375,-0.23193359375,-1.0009765625,-0.10986328125,-0.79345703125,-0.01220703125,-1.3916015625,-0.1220703125,-0.244140625,0.0244140625,-0.341796875,0.23193359375,-1.20849609375,-0.7568359375,-1.171875,0.08544921875,-1.0498046875,-0.35400390625,-1.06201171875,-0.13427734375,-0.634765625,0.06103515625,7.7392578125,0.08544921875,3.22265625,-0.06103515625,2.7099609375,0.03662109375,5.37109375,-0.1220703125,0.37841796875,0.1220703125,-0.01220703125,-0.06103515625,0.01220703125,0.01220703125,0.20751953125,-0.13427734375,-0.0244140625,0.0732421875,0.87890625,0.03662109375,-0.5126953125,-0.18310546875,-0.52490234375
0,-0.03662109375,-0.341796875,-0.1708984375,-0.32958984375,-0.09765625,-0.4150390625,-0.03662109375,-0.01220703125,-0.25634765625,-0.0244140625,-0.1953125,-0.86669921875,-0.3662109375,1.08642578125,-0.13427734375,-0.1708984375,0.048828125,-0.6103515625,0.03662109375,-0.18310546875,0.15869140625,0.79345703125,0.25634765625,-0.64697265625,-0.0732421875,-0.08544921875,-0.10986328125,-0.8056640625,0.0732421875,0.87890625,-0.15869140625,0.1953125,0.23193359375,-0.30517578125,0.6591796875,-0.89111328125,-0.23193359375,-0.37841796875,0.0732421875,-0.72021484375,-0.3173828125,-0.15869140625,0.2197265625,-0.64697265625,-0.10986328125,-0.37841796875,-0.244140625,0.74462890625,-0.13427734375,1.123046875,0.10986328125,0.45166015625,0,-0.08544921875,-0.1220703125,0.74462890625,-0.01220703125,1.86767578125,0,1.30615234375,0.0732421875,1.52587890625,0.08544921875,1.66015625,0.1220703125,0.23193359375,0.3173828125,1.03759765625,0.03662109375,0.20751953125,-0.10986328125,0.1953125,-0.09765625,0.244140625,0.06103515625,0.86669921875,0,-0.048828125,-0.13427734375,1.3427734375,-0.146484375,-0.98876953125,-0.048828125,-0.35400390625,-0.2197265625,-0.98876953125,-0.08544921875,-0.76904296875,-0.0244140625,-1.33056640625,-0.1953125,-0.25634765625,0.0732421875,-0.3173828125,0.048828125,-1.220703125,-0.732421875,-1.1474609375,0.0732421875,-1.03759765625,-0.3662109375,-1.06201171875,-0.0732421875,-0.634765625,0.09765625,7.40966796875,0,3.0517578125,-0.13427734375,2.55126953125,0.08544921875,5.2001953125,-0.13427734375,0.37841796875,0.13427734375,-0.01220703125,-0.048828125,0,0.01220703125,0.1953125,-0.13427734375,-0.0244140625,0.048828125,0.84228515625,-0.01220703125,-0.5126953125,-0.18310546875,-0.52490234375
0,-0.0732421875,-0.341796875,-0.1708984375,-0.32958984375,-0.08544921875,-0.341796875,-0.048828125,-0.0244140625,-0.23193359375,0,-0.18310546875,-0.89111328125,-0.32958984375,1.08642578125,-0.10986328125,-0.146484375,0.048828125,-0.634765625,-0.048828125,-0.1953125,0.146484375,0.79345703125,0.1953125,-0.64697265625,-0.03662109375,-0.1220703125,-0.048828125,-0.8056640625,0.13427734375,0.8544921875,-0.10986328125,0.20751953125,0.390625,-0.25634765625,0.5859375,-0.87890625,-0.20751953125,-0.35400390625,0,-0.7080078125,-0.15869140625,-0.1953125,0.1708984375,-0.6591796875,-0.08544921875,-0.341796875,-0.20751953125,0.7568359375,-0.09765625,1.11083984375,0.10986328125,0.4638671875,0.01220703125,-0.0732421875,0,0.76904296875,-0.048828125,1.7578125,-0.03662109375,1.15966796875,0.048828125,1.4404296875,0.06103515625,1.5625,0.1220703125,0.1708984375,0.35400390625,1.0498046875,0.048828125,0.1953125,-0.048828125,0.1953125,-0.03662109375,0.25634765625,0.09765625,0.87890625,-0.0244140625,-0.0732421875,-0.09765625,1.33056640625,-0.146484375,-0.98876953125,-0.03662109375,-0.35400390625,-0.1708984375,-0.9765625,-0.08544921875,-0.79345703125,-0.048828125,-1.25732421875,-0.23193359375,-0.2197265625,0.08544921875,-0.30517578125,-0.08544921875,-1.220703125,-0.72021484375,-1.171875,0.048828125,-1.03759765625,-0.37841796875,-1.0498046875,-0.0244140625,-0.62255859375,0.10986328125,7.04345703125,-0.13427734375,2.9052734375,-0.1953125,2.392578125,0.09765625,5.0048828125,-0.146484375,0.35400390625,0.146484375,-0.01220703125,-0.0732421875,-0.01220703125,-0.01220703125,0.20751953125,-0.146484375,-0.0244140625,0.048828125,0.8544921875,-0.03662109375,-0.537109375,-0.15869140625,-0.5615234375
0,-0.08544921875,-0.35400390625,-0.18310546875,-0.32958984375,-0.03662109375,-0.28076171875,-0.048828125,-0.03662109375,-0.244140625,-0.0244140625,-0.1708984375,-0.87890625,-0.3173828125,1.07421875,-0.10986328125,-0.15869140625,0.01220703125,-0.62255859375,-0.1220703125,-0.18310546875,0.1953125,0.81787109375,0.048828125,-0.62255859375,0.01220703125,-0.13427734375,-0.0244140625,-0.81787109375,0.1220703125,0.87890625,0,0.23193359375,0.4638671875,-0.2197265625,0.52490234375,-0.86669921875,-0.244140625,-0.3662109375,-0.048828125,-0.69580078125,-0.0244140625,-0.2197265625,0.146484375,-0.68359375,-0.0244140625,-0.3173828125,-0.1708984375,0.72021484375,-0.10986328125,1.123046875,0.0244140625,0.439453125,-0.03662109375,-0.06103515625,0.1708984375,0.732421875,-0.03662109375,1.57470703125,-0.0244140625,0.98876953125,0.08544921875,1.33056640625,0.06103515625,1.40380859375,0.13427734375,0.146484375,0.390625,1.0498046875,0.0244140625,0.1953125,-0.03662109375,0.18310546875,0.01220703125,0.23193359375,0.048828125,0.9033203125,-0.06103515625,-0.03662109375,-0.0732421875,1.33056640625,-0.1220703125,-0.98876953125,-0.0244140625,-0.35400390625,-0.1220703125,-1.0009765625,-0.10986328125,-0.79345703125,-0.0732421875,-1.1962890625,-0.23193359375,-0.23193359375,0.08544921875,-0.30517578125,-0.13427734375,-1.23291015625,-0.69580078125,-1.171875,0.0732421875,-1.0498046875,-0.35400390625,-1.03759765625,0.01220703125,-0.634765625,0.20751953125,6.65283203125,-0.23193359375,2.69775390625,-0.1953125,2.2216796875,0.13427734375,4.78515625,-0.13427734375,0.35400390625,0.146484375,-0.0244140625,-0.06103515625,-0.01220703125,0,0.20751953125,-0.13427734375,-0.03662109375,0.03662109375,0.81787109375,-0.06103515625,-0.5126953125,-0.18310546875,-0.54931640625
0,-0.09765625,-0.3662109375,-0.1953125,-0.341796875,-0.03662109375,-0.20751953125,-0.048828125,-0.048828125,-0.29296875,-0.0244140625,-0.15869140625,-0.89111328125,-0.29296875,1.08642578125,-0.08544921875,-0.15869140625,-0.0244140625,-0.64697265625,-0.1953125,-0.1953125,0.1708984375,0.79345703125,-0.10986328125,-0.64697265625,0.0244140625,-0.1708984375,-0.03662109375,-0.8056640625,0.0732421875,0.9033203125,0.1708984375,0.23193359375,0.439453125,-0.2197265625,0.4150390625,-0.86669921875,-0.29296875,-0.40283203125,-0.08544921875,-0.72021484375,0.15869140625,-0.23193359375,0.146484375,-0.69580078125,0.048828125,-0.30517578125,-0.146484375,0.7080078125,-0.10986328125,1.13525390625,0.0244140625,0.42724609375,-0.08544921875,-0.0732421875,0.30517578125,0.732421875,-0.1220703125,1.37939453125,0,0.8056640625,0.09765625,1.171875,-0.0244140625,1.1962890625,0.13427734375,0.13427734375,0.4150390625,1.03759765625,0.06103515625,0.20751953125,-0.01220703125,0.1953125,0.08544921875,0.244140625,0,0.9033203125,-0.1220703125,-0.0244140625,-0.03662109375,1.3427734375,-0.1220703125,-0.96435546875,-0.01220703125,-0.37841796875,0,-0.98876953125,-0.13427734375,-0.79345703125,-0.13427734375,-1.1474609375,-0.1953125,-0.244140625,0.0732421875,-0.29296875,-0.20751953125,-1.20849609375,-0.72021484375,-1.15966796875,0.06103515625,-1.03759765625,-0.35400390625,-1.025390625,0.03662109375,-0.6591796875,0.146484375,6.2255859375,-0.25634765625,2.50244140625,-0.15869140625,2.06298828125,0.09765625,4.58984375,-0.13427734375,0.341796875,0.15869140625,-0.0244140625,-0.048828125,-0.048828125,0,0.2197265625,-0.146484375,-0.01220703125,0.03662109375,0.8056640625,-0.06103515625,-0.50048828125,-0.1708984375,-0.54931640625
0,-0.146484375,-0.3662109375,-0.1953125,-0.341796875,-0.0244140625,-0.1708984375,-0.048828125,-0.06103515625,-0.30517578125,-0.0244140625,-0.146484375,-0.87890625,-0.28076171875,1.07421875,-0.08544921875,-0.15869140625,-0.0732421875,-0.62255859375,-0.1953125,-0.1953125,0.146484375,0.8056640625,-0.28076171875,-0.6591796875,0.0244140625,-0.1953125,0.01220703125,-0.8056640625,0.03662109375,0.91552734375,0.28076171875,0.244140625,0.29296875,-0.25634765625,0.390625,-0.87890625,-0.35400390625,-0.42724609375,-0.09765625,-0.732421875,0.25634765625,-0.23193359375,0.146484375,-0.69580078125,0.1220703125,-0.32958984375,-0.09765625,0.67138671875,-0.08544921875,1.171875,0.048828125,0.4150390625,-0.1708984375,-0.09765625,0.390625,0.7080078125,-0.10986328125,1.1962890625,0.03662109375,0.64697265625,0.146484375,1.06201171875,0,0.9765625,0.15869140625,0.146484375,0.42724609375,1.03759765625,0.0732421875,0.23193359375,-0.0244140625,0.20751953125,0.13427734375,0.25634765625,-0.03662109375,0.8544921875,-0.146484375,-0.01220703125,-0.0244140625,1.318359375,-0.1220703125,-0.96435546875,0.01220703125,-0.390625,0.048828125,-0.98876953125,-0.13427734375,-0.78125,-0.20751953125,-1.06201171875,-0.15869140625,-0.23193359375,0.0244140625,-0.3173828125,-0.18310546875,-1.20849609375,-0.72021484375,-1.15966796875,0.06103515625,-1.03759765625,-0.341796875,-1.025390625,0.08544921875,-0.634765625,0.06103515625,5.810546875,-0.29296875,2.28271484375,-0.09765625,1.8798828125,0.0732421875,4.39453125,-0.1220703125,0.35400390625,0.146484375,-0.0244140625,-0.0732421875,-0.048828125,0.048828125,0.2197265625,-0.1220703125,-0.03662109375,0,0.79345703125,-0.06103515625,-0.48828125,-0.1953125,-0.54931640625
0,-0.146484375,-0.3662109375,-0.18310546875,-0.341796875,-0.0732421875,-0.10986328125,-0.03662109375,-0.0732421875,-0.3173828125,-0.03662109375,-0.10986328125,-0.91552734375,-0.244140625,1.08642578125,-0.0732421875,-0.1708984375,-0.146484375,-0.634765625,-0.1708984375,-0.1953125,0.0732421875,0.81787109375,-0.40283203125,-0.6591796875,0.03662109375,-0.20751953125,-0.01220703125,-0.78125,0.0244140625,0.93994140625,0.390625,0.25634765625,0.0732421875,-0.30517578125,0.3662109375,-0.86669921875,-0.42724609375,-0.45166015625,-0.0732421875,-0.732421875,0.32958984375,-0.2197265625,0.146484375,-0.69580078125,0.18310546875,-0.3662109375,-0.01220703125,0.64697265625,-0.10986328125,1.1962890625,0.13427734375,0.390625,-0.244140625,-0.10986328125,0.45166015625,0.68359375,-0.0732421875,1.03759765625,0.03662109375,0.537109375,0.28076171875,0.927734375,0.0244140625,0.81787109375,0.18310546875,0.1708984375,0.439453125,1.03759765625,0.09765625,0.23193359375,-0.0244140625,0.1953125,0.1708984375,0.2685546875,-0.146484375,0.84228515625,-0.13427734375,0,-0.01220703125,1.33056640625,-0.10986328125,-0.9521484375,0.03662109375,-0.390625,0.09765625,-1.0009765625,-0.13427734375,-0.79345703125,-0.244140625,-1.0009765625,-0.1220703125,-0.25634765625,-0.0732421875,-0.32958984375,-0.10986328125,-1.220703125,-0.6103515625,-1.18408203125,0.09765625,-1.03759765625,-0.29296875,-1.01318359375,0.08544921875,-0.64697265625,0,5.45654296875,-0.23193359375,2.099609375,-0.048828125,1.69677734375,0.01220703125,4.18701171875,-0.13427734375,0.3662109375,0.13427734375,0,-0.06103515625,-0.06103515625,0.048828125,0.20751953125,-0.1220703125,-0.048828125,0.01220703125,0.79345703125,-0.03662109375,-0.47607421875,-0.20751953125,-0.5615234375
0,-0.13427734375,-0.37841796875,-0.1708984375,-0.35400390625,-0.09765625,-0.10986328125,-0.03662109375,-0.0732421875,-0.341796875,-0.0244140625,-0.08544921875,-0.9033203125,-0.23193359375,1.08642578125,-0.0732421875,-0.1708984375,-0.244140625,-0.634765625,-0.146484375,-0.20751953125,-0.048828125,0.830078125,-0.439453125,-0.6591796875,0.0732421875,-0.1953125,0.03662109375,-0.76904296875,0.0244140625,0.96435546875,0.4638671875,0.28076171875,-0.1708984375,-0.30517578125,0.341796875,-0.87890625,-0.4638671875,-0.45166015625,-0.1220703125,-0.74462890625,0.29296875,-0.23193359375,0.2197265625,-0.7080078125,0.244140625,-0.37841796875,0.0244140625,0.64697265625,-0.1220703125,1.1962890625,0.20751953125,0.390625,-0.30517578125,-0.13427734375,0.47607421875,0.68359375,-0.03662109375,0.93994140625,0.048828125,0.4638671875,0.1953125,0.86669921875,0.0244140625,0.7080078125,0.2197265625,0.20751953125,0.4150390625,1.03759765625,0.10986328125,0.244140625,-0.03662109375,0.20751953125,0.15869140625,0.29296875,-0.20751953125,0.76904296875,-0.09765625,0,-0.01220703125,1.3427734375,-0.10986328125,-0.9521484375,0.048828125,-0.390625,0.10986328125,-1.0009765625,-0.09765625,-0.79345703125,-0.29296875,-0.93994140625,-0.08544921875,-0.25634765625,-0.13427734375,-0.341796875,-0.0244140625,-1.1962890625,-0.50048828125,-1.18408203125,0.13427734375,-1.025390625,-0.28076171875,-1.03759765625,0.01220703125,-0.634765625,-0.06103515625,5.09033203125,-0.20751953125,1.89208984375,-0.048828125,1.5625,-0.0732421875,3.96728515625,-0.1220703125,0.35400390625,0.1220703125,-0.01220703125,-0.06103515625,-0.06103515625,0.06103515625,0.1953125,-0.13427734375,-0.0244140625,0.01220703125,0.79345703125,-0.0244140625,-0.47607421875,-0.244140625,-0.54931640625
0,-0.15869140625,-0.390625,-0.18310546875,-0.35400390625,-0.09765625,-0.08544921875,0,-0.048828125,-0.32958984375,0,-0.06103515625,-0.927734375,-0.18310546875,1.0986328125,-0.0732421875,-0.15869140625,-0.3173828125,-0.634765625,-0.10986328125,-0.20751953125,-0.1220703125,0.830078125,-0.40283203125,-0.64697265625,-0.03662109375,-0.18310546875,0.048828125,-0.72021484375,0.0244140625,1.01318359375,0.4150390625,0.30517578125,-0.341796875,-0.35400390625,0.25634765625,-0.9033203125,-0.45166015625,-0.4638671875,-0.1220703125,-0.7568359375,0.1708984375,-0.2197265625,0.2197265625,-0.7080078125,0.244140625,-0.42724609375,0.0732421875,0.6103515625,-0.1708984375,1.18408203125,0.23193359375,0.390625,-0.3662109375,-0.146484375,0.48828125,0.7080078125,-0.09765625,0.89111328125,-0.09765625,0.48828125,0.23193359375,0.81787109375,-0.048828125,0.64697265625,0.28076171875,0.20751953125,0.35400390625,1.025390625,0.13427734375,0.25634765625,-0.08544921875,0.2197265625,0.15869140625,0.2685546875,-0.28076171875,0.7568359375,-0.0732421875,0.01220703125,-0.03662109375,1.3427734375,-0.0732421875,-0.9765625,0.09765625,-0.390625,0.09765625,-1.0009765625,-0.048828125,-0.78125,-0.28076171875,-0.86669921875,-0.0732421875,-0.2685546875,-0.18310546875,-0.32958984375,0.0732421875,-1.1962890625,-0.37841796875,-1.220703125,0.146484375,-1.025390625,-0.244140625,-1.0498046875,-0.0244140625,-0.62255859375,-0.10986328125,4.736328125,-0.1220703125,1.67236328125,-0.10986328125,1.40380859375,-0.08544921875,3.77197265625,-0.10986328125,0.35400390625,0.1220703125,0,-0.06103515625,-0.0732421875,0.0732421875,0.1953125,-0.1220703125,-0.01220703125,0.0244140625,0.78125,0.01220703125,-0.47607421875,-0.2685546875,-0.5615234375
0,-0.146484375,-0.37841796875,-0.15869140625,-0.341796875,-0.08544921875,-0.09765625,0.0244140625,-0.0244140625,-0.3173828125,0,-0.03662109375,-0.89111328125,-0.1708984375,1.11083984375,-0.06103515625,-0.15869140625,-0.35400390625,-0.62255859375,-0.08544921875,-0.20751953125,-0.23193359375,0.830078125,-0.3173828125,-0.6591796875,-0.08544921875,-0.15869140625,0.08544921875,-0.7080078125,0.08544921875,1.0498046875,0.3173828125,0.32958984375,-0.45166015625,-0.390625,0.1220703125,-0.89111328125,-0.439453125,-0.47607421875,-0.146484375,-0.76904296875,0,-0.2197265625,0.20751953125,-0.69580078125,0.2197265625,-0.48828125,0.01220703125,0.6103515625,-0.20751953125,1.171875,0.3173828125,0.4150390625,-0.390625,-0.13427734375,0.5126953125,0.72021484375,-0.0244140625,0.89111328125,-0.08544921875,0.5126953125,0.3662109375,0.830078125,-0.03662109375,0.6591796875,0.30517578125,0.20751953125,0.28076171875,1.03759765625,0.13427734375,0.25634765625,-0.1220703125,0.20751953125,0.146484375,0.25634765625,-0.29296875,0.78125,-0.0244140625,0.01220703125,-0.06103515625,1.318359375,-0.03662109375,-0.9765625,0.08544921875,-0.3662109375,0.06103515625,-0.98876953125,0.0244140625,-0.8056640625,-0.244140625,-0.81787109375,-0.0732421875,-0.25634765625,-0.1953125,-0.3662109375,0.09765625,-1.18408203125,-0.341796875,-1.220703125,0.10986328125,-1.025390625,-0.25634765625,-1.06201171875,-0.06103515625,-0.62255859375,-0.06103515625,4.38232421875,-0.08544921875,1.45263671875,-0.13427734375,1.2451171875,-0.13427734375,3.5888671875,-0.10986328125,0.3662109375,0.13427734375,0.01220703125,-0.0732421875,-0.06103515625,0.0732421875,0.18310546875,-0.10986328125,0,0.06103515625,0.78125,0.0244140625,-0.48828125,-0.2685546875,-0.5615234375
0,-0.1953125,-0.37841796875,-0.15869140625,-0.32958984375,-0.06103515625,-0.10986328125,0.0244140625,-0.0244140625,-0.32958984375,-0.01220703125,-0.0244140625,-0.89111328125,-0.15869140625,1.08642578125,-0.06103515625,-0.146484375,-0.35400390625,-0.6103515625,-0.06103515625,-0.20751953125,-0.29296875,0.84228515625,-0.20751953125,-0.634765625,-0.18310546875,-0.13427734375,0.048828125,-0.68359375,0.08544921875,1.11083984375,0.048828125,0.35400390625,-0.390625,-0.40283203125,0.06103515625,-0.89111328125,-0.32958984375,-0.439453125,-0.13427734375,-0.7568359375,-0.146484375,-0.1708984375,0.146484375,-0.67138671875,0.18310546875,-0.50048828125,-0.03662109375,0.64697265625,-0.20751953125,1.1474609375,0.40283203125,0.42724609375,-0.40283203125,-0.1220703125,0.48828125,0.74462890625,0.06103515625,0.91552734375,-0.06103515625,0.5615234375,0.439453125,0.8544921875,-0.048828125,0.69580078125,0.341796875,0.2197265625,0.18310546875,1.03759765625,0.15869140625,0.25634765625,-0.1708984375,0.23193359375,0.10986328125,0.25634765625,-0.3173828125,0.7568359375,0.0244140625,0.01220703125,-0.13427734375,1.3427734375,-0.01220703125,-0.98876953125,0.0732421875,-0.3662109375,0.0244140625,-1.0009765625,0.08544921875,-0.79345703125,-0.1708984375,-0.79345703125,-0.1220703125,-0.28076171875,-0.1220703125,-0.341796875,0.06103515625,-1.1962890625,-0.35400390625,-1.220703125,0.01220703125,-1.025390625,-0.28076171875,-1.06201171875,-0.048828125,-0.62255859375,0.03662109375,3.96728515625,0.03662109375,1.28173828125,-0.13427734375,1.11083984375,-0.08544921875,3.38134765625,-0.10986328125,0.3662109375,0.146484375,0.0244140625,-0.08544921875,-0.048828125,0.0732421875,0.1708984375,-0.1220703125,-0.0244140625,0.0732421875,0.76904296875,0.0244140625,-0.48828125,-0.25634765625,-0.57373046875
0,-0.20751953125,-0.3662109375,-0.13427734375,-0.3173828125,-0.06103515625,-0.13427734375,0.0244140625,0,-0.28076171875,0,-0.0244140625,-0.86669921875,-0.146484375,1.0986328125,-0.048828125,-0.146484375,-0.2685546875,-0.59814453125,-0.03662109375,-0.20751953125,-0.20751953125,0.830078125,-0.13427734375,-0.634765625,-0.3662109375,-0.08544921875,-0.1220703125,-0.634765625,0.0244140625,1.13525390625,-0.1953125,0.390625,-0.2685546875,-0.390625,0.01220703125,-0.87890625,-0.25634765625,-0.42724609375,-0.10986328125,-0.74462890625,-0.23193359375,-0.15869140625,0.048828125,-0.68359375,0.09765625,-0.47607421875,-0.1220703125,0.68359375,-0.18310546875,1.13525390625,0.4150390625,0.45166015625,-0.4150390625,-0.13427734375,0.45166015625,0.732421875,0,0.91552734375,-0.1708984375,0.64697265625,0.45166015625,0.84228515625,-0.03662109375,0.69580078125,0.32958984375,0.20751953125,0.08544921875,1.03759765625,0.146484375,0.244140625,-0.23193359375,0.23193359375,0.0244140625,0.23193359375,-0.32958984375,0.78125,0.0732421875,0.01220703125,-0.18310546875,1.33056640625,0.03662109375,-0.98876953125,0.06103515625,-0.3662109375,-0.03662109375,-0.9765625,0.13427734375,-0.8056640625,-0.1220703125,-0.79345703125,-0.13427734375,-0.2685546875,-0.03662109375,-0.32958984375,0.0244140625,-1.20849609375,-0.341796875,-1.220703125,-0.1220703125,-1.03759765625,-0.30517578125,-1.07421875,0,-0.5859375,0.09765625,3.515625,0.10986328125,1.0498046875,-0.1220703125,0.91552734375,-0.08544921875,3.13720703125,-0.08544921875,0.341796875,0.15869140625,0.03662109375,-0.06103515625,-0.03662109375,0.0732421875,0.18310546875,-0.10986328125,-0.0244140625,0.0732421875,0.78125,0.0244140625,-0.48828125,-0.244140625,-0.5615234375
0,-0.1953125,-0.341796875,-0.1220703125,-0.32958984375,-0.06103515625,-0.18310546875,0.0244140625,0,-0.30517578125,0,-0.06103515625,-0.87890625,-0.1220703125,1.123046875,-0.048828125,-0.1708984375,-0.13427734375,-0.6103515625,-0.01220703125,-0.1953125,-0.10986328125,0.81787109375,-0.06103515625,-0.634765625,-0.37841796875,-0.048828125,-0.1220703125,-0.5859375,0,1.20849609375,-0.29296875,0.439453125,-0.06103515625,-0.3662109375,-0.03662109375,-0.87890625,-0.13427734375,-0.40283203125,-0.13427734375,-0.74462890625,-0.25634765625,-0.18310546875,0.048828125,-0.67138671875,0.06103515625,-0.4638671875,-0.1953125,0.7080078125,-0.15869140625,1.123046875,0.47607421875,0.45166015625,-0.4638671875,-0.10986328125,0.4150390625,0.74462890625,0.048828125,0.9033203125,-0.0732421875,0.68359375,0.5126953125,0.84228515625,0.0244140625,0.68359375,0.3173828125,0.20751953125,0,1.06201171875,0.1220703125,0.2197265625,-0.28076171875,0.2197265625,-0.0244140625,0.23193359375,-0.30517578125,0.830078125,0.10986328125,0.01220703125,-0.20751953125,1.318359375,0.06103515625,-0.98876953125,0.048828125,-0.37841796875,-0.06103515625,-1.0009765625,0.13427734375,-0.81787109375,-0.08544921875,-0.84228515625,-0.146484375,-0.28076171875,0.0244140625,-0.3173828125,-0.03662109375,-1.20849609375,-0.40283203125,-1.2451171875,-0.29296875,-1.03759765625,-0.29296875,-1.08642578125,0.0244140625,-0.59814453125,0.20751953125,2.978515625,0.146484375,0.79345703125,-0.10986328125,0.7080078125,-0.08544921875,2.8564453125,-0.06103515625,0.32958984375,0.18310546875,0.06103515625,-0.0732421875,-0.0244140625,0.0732421875,0.18310546875,-0.10986328125,-0.048828125,0.06103515625,0.78125,0.01220703125,-0.5126953125,-0.2197265625,-0.5859375
1,-0.20751953125,-0.341796875,-0.09765625,-0.32958984375,-0.09765625,-0.23193359375,0.0244140625,-0.0244140625,-0.29296875,0.01220703125,-0.06103515625,-0.87890625,-0.10986328125,1.123046875,-0.03662109375,-0.1708984375,-0.0244140625,-0.6103515625,0.01220703125,-0.20751953125,0.06103515625,0.81787109375,-0.03662109375,-0.64697265625,-0.40283203125,-0.0244140625,-0.1953125,-0.537109375,-0.10986328125,1.23291015625,-0.40283203125,0.48828125,0.0732421875,-0.341796875,-0.03662109375,-0.89111328125,-0.0244140625,-0.390625,-0.146484375,-0.732421875,-0.23193359375,-0.1953125,-0.0244140625,-0.67138671875,0.03662109375,-0.4150390625,-0.244140625,0.72021484375,-0.13427734375,1.11083984375,0.47607421875,0.45166015625,-0.54931640625,-0.10986328125,0.37841796875,0.7568359375,0.03662109375,0.8544921875,0,0.732421875,0.54931640625,0.8056640625,0.048828125,0.64697265625,0.25634765625,0.20751953125,-0.0732421875,1.06201171875,0.0732421875,0.2197265625,-0.2685546875,0.2197265625,-0.06103515625,0.23193359375,-0.30517578125,0.84228515625,0.13427734375,-0.01220703125,-0.1708984375,1.33056640625,0.08544921875,-0.98876953125,0.0244140625,-0.390625,-0.0244140625,-1.01318359375,0.09765625,-0.81787109375,-0.048828125,-0.89111328125,-0.1708984375,-0.28076171875,0.08544921875,-0.30517578125,-0.0732421875,-1.20849609375,-0.390625,-1.220703125,-0.439453125,-1.03759765625,-0.244140625,-1.08642578125,0.06103515625,-0.6103515625,0.30517578125,2.392578125,0.23193359375,0.52490234375,-0.10986328125,0.50048828125,-0.08544921875,2.55126953125,-0.0732421875,0.341796875,0.1953125,0.03662109375,-0.06103515625,-0.03662109375,0.0732421875,0.18310546875,-0.0732421875,-0.06103515625,0.06103515625,0.8056640625,-0.01220703125,-0.52490234375,-0.18310546875,-0.5859375
1,-0.23193359375,-0.35400390625,-0.09765625,-0.35400390625,-0.08544921875,-0.29296875,0.0244140625,-0.048828125,-0.28076171875,0,-0.03662109375,-0.9033203125,-0.08544921875,1.123046875,0,-0.1953125,0.0732421875,-0.62255859375,0.01220703125,-0.1708984375,0.244140625,0.84228515625,-0.0732421875,-0.67138671875,-0.5126953125,0.03662109375,-0.30517578125,-0.48828125,-0.2197265625,1.28173828125,-0.40283203125,0.537109375,0.18310546875,-0.3173828125,-0.0244140625,-0.86669921875,0.06103515625,-0.3662109375,-0.1708984375,-0.7080078125,-0.146484375,-0.1953125,-0.09765625,-0.67138671875,0.01220703125,-0.37841796875,-0.341796875,0.732421875,-0.10986328125,1.11083984375,0.50048828125,0.4638671875,-0.634765625,-0.13427734375,0.390625,0.74462890625,0,0.79345703125,0.01220703125,0.7080078125,0.47607421875,0.78125,0.1708984375,0.59814453125,0.2685546875,0.2197265625,-0.13427734375,1.06201171875,0.0244140625,0.20751953125,-0.25634765625,0.2197265625,-0.13427734375,0.244140625,-0.2685546875,0.87890625,0.1220703125,0,-0.146484375,1.35498046875,0.06103515625,-0.98876953125,0,-0.390625,0.01220703125,-1.01318359375,0.0244140625,-0.84228515625,-0.0244140625,-0.9765625,-0.1708984375,-0.28076171875,0.10986328125,-0.29296875,-0.1220703125,-1.23291015625,-0.30517578125,-1.20849609375,-0.5126953125,-1.03759765625,-0.1953125,-1.06201171875,0.08544921875,-0.62255859375,0.40283203125,1.7333984375,0.244140625,0.20751953125,-0.10986328125,0.25634765625,-0.08544921875,2.23388671875,-0.0732421875,0.341796875,0.20751953125,0.03662109375,-0.06103515625,-0.03662109375,0.09765625,0.18310546875,-0.09765625,-0.08544921875,0.06103515625,0.81787109375,-0.01220703125,-0.52490234375,-0.15869140625,-0.5859375
1,-0.2197265625,-0.341796875,-0.09765625,-0.390625,-0.0732421875,-0.341796875,0.0244140625,-0.03662109375,-0.30517578125,0,-0.0244140625,-0.86669921875,-0.08544921875,1.123046875,-0.01220703125,-0.1953125,0.1220703125,-0.6103515625,0,-0.15869140625,0.37841796875,0.84228515625,-0.1220703125,-0.68359375,-0.4150390625,0.10986328125,-0.20751953125,-0.439453125,-0.244140625,1.3427734375,-0.244140625,0.62255859375,0.1953125,-0.28076171875,0.1220703125,-0.86669921875,0.10986328125,-0.37841796875,-0.13427734375,-0.72021484375,-0.0732421875,-0.2197265625,-0.10986328125,-0.68359375,0,-0.3173828125,-0.439453125,0.72021484375,-0.06103515625,1.13525390625,0.50048828125,0.45166015625,-0.6103515625,-0.15869140625,0.37841796875,0.74462890625,-0.09765625,0.74462890625,-0.0244140625,0.7080078125,0.45166015625,0.74462890625,0.1953125,0.54931640625,0.23193359375,0.2197265625,-0.1953125,1.06201171875,-0.01220703125,0.1953125,-0.244140625,0.2197265625,-0.2197265625,0.244140625,-0.23193359375,0.8544921875,0.15869140625,-0.01220703125,-0.048828125,1.3427734375,0.0732421875,-0.9765625,-0.03662109375,-0.390625,0.10986328125,-1.025390625,-0.048828125,-0.84228515625,-0.03662109375,-1.06201171875,-0.1953125,-0.30517578125,0.0732421875,-0.29296875,-0.1220703125,-1.25732421875,-0.20751953125,-1.1962890625,-0.52490234375,-1.0498046875,-0.13427734375,-1.08642578125,0.06103515625,-0.62255859375,0.37841796875,1.13525390625,0.2197265625,-0.0732421875,-0.146484375,0.01220703125,-0.146484375,1.9287109375,-0.0244140625,0.341796875,0.2197265625,0.01220703125,-0.08544921875,-0.03662109375,0.10986328125,0.20751953125,-0.08544921875,-0.08544921875,0.06103515625,0.830078125,-0.01220703125,-0.537109375,-0.13427734375,-0.5615234375
1,-0.244140625,-0.35400390625,-0.03662109375,-0.37841796875,-0.06103515625,-0.4150390625,0.01220703125,-0.06103515625,-0.2685546875,0,-0.01220703125,-0.86669921875,-0.06103515625,1.13525390625,0,-0.1953125,0.13427734375,-0.64697265625,0,-0.146484375,0.42724609375,0.84228515625,-0.1220703125,-0.7080078125,-0.47607421875,0.18310546875,-0.2197265625,-0.390625,-0.341796875,1.3916015625,-0.15869140625,0.68359375,0.13427734375,-0.28076171875,0.23193359375,-0.86669921875,0.06103515625,-0.40283203125,-0.15869140625,-0.7080078125,-0.0244140625,-0.20751953125,-0.10986328125,-0.68359375,-0.048828125,-0.29296875,-0.5126953125,0.7080078125,-0.048828125,1.171875,0.48828125,0.439453125,-0.57373046875,-0.146484375,0.30517578125,0.72021484375,-0.09765625,0.732421875,0.06103515625,0.7080078125,0.59814453125,0.7568359375,0.37841796875,0.54931640625,0.1708984375,0.23193359375,-0.2685546875,1.06201171875,-0.03662109375,0.1953125,-0.20751953125,0.23193359375,-0.29296875,0.2685546875,-0.15869140625,0.86669921875,0.146484375,0,0.048828125,1.3427734375,0.03662109375,-0.9765625,-0.0244140625,-0.37841796875,0.1708984375,-1.025390625,-0.10986328125,-0.830078125,-0.0732421875,-1.15966796875,-0.18310546875,-0.30517578125,-0.048828125,-0.28076171875,-0.0732421875,-1.2451171875,-0.09765625,-1.1962890625,-0.47607421875,-1.03759765625,-0.0732421875,-1.03759765625,0.09765625,-0.634765625,0.390625,0.6591796875,0.244140625,-0.3173828125,-0.09765625,-0.1708984375,-0.10986328125,1.6845703125,0,0.32958984375,0.23193359375,0.01220703125,-0.0732421875,-0.048828125,0.13427734375,0.1953125,-0.10986328125,-0.09765625,0.0732421875,0.84228515625,-0.03662109375,-0.5126953125,-0.1220703125,-0.54931640625
1,-0.244140625,-0.3662109375,-0.0244140625,-0.3662109375,-0.048828125,-0.45166015625,0.0244140625,-0.06103515625,-0.28076171875,-0.01220703125,-0.01220703125,-0.87890625,-0.06103515625,1.123046875,0.01220703125,-0.1953125,0.0732421875,-0.62255859375,0.01220703125,-0.15869140625,0.40283203125,0.8544921875,-0.13427734375,-0.69580078125,-0.4638671875,0.244140625,-0.1708984375,-0.32958984375,-0.341796875,1.47705078125,-0.0244140625,0.76904296875,0.0244140625,-0.25634765625,0.3662109375,-0.87890625,-0.01220703125,-0.4150390625,-0.09765625,-0.7080078125,0,-0.20751953125,-0.03662109375,-0.69580078125,-0.048828125,-0.3173828125,-0.4638671875,0.68359375,0,1.171875,0.4638671875,0.4150390625,-0.54931640625,-0.18310546875,0.2197265625,0.72021484375,-0.2197265625,0.78125,0.0732421875,0.74462890625,0.59814453125,0.79345703125,0.40283203125,0.6103515625,0.15869140625,0.244140625,-0.30517578125,1.07421875,-0.0732421875,0.2197265625,-0.1953125,0.244140625,-0.3662109375,0.30517578125,-0.146484375,0.89111328125,0.1708984375,0.01220703125,0.10986328125,1.35498046875,0,-0.9765625,0,-0.37841796875,0.20751953125,-1.0009765625,-0.15869140625,-0.81787109375,-0.146484375,-1.25732421875,-0.20751953125,-0.30517578125,-0.18310546875,-0.30517578125,-0.0244140625,-1.25732421875,-0.146484375,-1.1962890625,-0.35400390625,-1.06201171875,-0.048828125,-1.01318359375,0.10986328125,-0.634765625,0.32958984375,0.40283203125,0.2197265625,-0.439453125,-0.0732421875,-0.29296875,-0.08544921875,1.52587890625,0.03662109375,0.32958984375,0.1953125,-0.01220703125,-0.06103515625,-0.0244140625,0.1220703125,0.1953125,-0.09765625,-0.08544921875,0.048828125,0.8544921875,-0.0244140625,-0.537109375,-0.13427734375,-0.54931640625
1,-0.244140625,-0.37841796875,-0.0244140625,-0.35400390625,-0.08544921875,-0.4638671875,0.0244140625,-0.048828125,-0.3173828125,-0.0244140625,0,-0.87890625,-0.03662109375,1.08642578125,0.0244140625,-0.1708984375,0.03662109375,-0.634765625,0.03662109375,-0.1708984375,0.29296875,0.86669921875,-0.08544921875,-0.69580078125,-0.35400390625,0.32958984375,-0.06103515625,-0.244140625,-0.244140625,1.57470703125,0.09765625,0.8544921875,-0.13427734375,-0.28076171875,0.42724609375,-0.89111328125,-0.09765625,-0.42724609375,-0.01220703125,-0.732421875,0,-0.23193359375,0.08544921875,-0.68359375,-0.0732421875,-0.35400390625,-0.390625,0.62255859375,0,1.18408203125,0.390625,0.390625,-0.52490234375,-0.1953125,0.06103515625,0.7080078125,-0.23193359375,0.87890625,0.2197265625,0.79345703125,0.732421875,0.86669921875,0.48828125,0.72021484375,0.1220703125,0.25634765625,-0.32958984375,1.07421875,-0.09765625,0.2197265625,-0.1953125,0.244140625,-0.4150390625,0.29296875,-0.1220703125,0.89111328125,0.18310546875,0.01220703125,0.1708984375,1.3671875,-0.048828125,-0.9765625,0.01220703125,-0.390625,0.18310546875,-1.0009765625,-0.15869140625,-0.81787109375,-0.23193359375,-1.3427734375,-0.2197265625,-0.28076171875,-0.28076171875,-0.32958984375,0.03662109375,-1.220703125,-0.18310546875,-1.1962890625,-0.244140625,-1.03759765625,-0.048828125,-1.0009765625,0.1220703125,-0.634765625,0.13427734375,0.4150390625,0.13427734375,-0.45166015625,-0.048828125,-0.28076171875,-0.09765625,1.5380859375,0.048828125,0.341796875,0.18310546875,-0.0244140625,-0.0732421875,-0.03662109375,0.10986328125,0.1953125,-0.1220703125,-0.06103515625,0.0732421875,0.84228515625,0,-0.537109375,-0.13427734375,-0.537109375
1,-0.23193359375,-0.37841796875,0,-0.3662109375,-0.09765625,-0.45166015625,0.03662109375,-0.0244140625,-0.3173828125,-0.0244140625,0.03662109375,-0.86669921875,-0.01220703125,1.0986328125,0.0244140625,-0.18310546875,-0.03662109375,-0.634765625,0.06103515625,-0.1708984375,0.15869140625,0.86669921875,-0.06103515625,-0.69580078125,-0.40283203125,0.4150390625,-0.048828125,-0.1953125,-0.20751953125,1.6845703125,0.08544921875,0.93994140625,-0.1953125,-0.3662109375,0.42724609375,-0.89111328125,-0.15869140625,-0.45166015625,-0.03662109375,-0.732421875,0,-0.23193359375,0.1953125,-0.69580078125,-0.03662109375,-0.40283203125,-0.2685546875,0.6103515625,-0.01220703125,1.15966796875,0.37841796875,0.390625,-0.5126953125,-0.1708984375,-0.03662109375,0.732421875,-0.2197265625,1.03759765625,0.244140625,0.86669921875,0.74462890625,0.98876953125,0.54931640625,0.87890625,0.08544921875,0.2685546875,-0.32958984375,1.0498046875,-0.09765625,0.20751953125,-0.1953125,0.244140625,-0.439453125,0.28076171875,-0.10986328125,0.86669921875,0.20751953125,0,0.244140625,1.3671875,-0.06103515625,-0.9765625,0.0244140625,-0.37841796875,0.15869140625,-0.98876953125,-0.09765625,-0.8056640625,-0.25634765625,-1.416015625,-0.23193359375,-0.25634765625,-0.29296875,-0.341796875,0.0732421875,-1.220703125,-0.1953125,-1.18408203125,-0.10986328125,-1.03759765625,-0.048828125,-1.025390625,0.08544921875,-0.62255859375,0.13427734375,0.830078125,0.08544921875,-0.28076171875,-0.03662109375,-0.146484375,-0.09765625,1.74560546875,0.06103515625,0.35400390625,0.18310546875,-0.0244140625,-0.06103515625,-0.03662109375,0.10986328125,0.1953125,-0.10986328125,-0.06103515625,0.0732421875,0.84228515625,0,-0.52490234375,-0.15869140625,-0.537109375
1,-0.244140625,-0.390625,0.01220703125,-0.341796875,-0.08544921875,-0.47607421875,0.0244140625,-0.03662109375,-0.29296875,-0.03662109375,0.03662109375,-0.86669921875,0,1.07421875,0.0244140625,-0.1708984375,-0.10986328125,-0.634765625,0.06103515625,-0.18310546875,0.0244140625,0.830078125,-0.0732421875,-0.67138671875,-0.390625,0.48828125,0.0244140625,-0.10986328125,-0.0732421875,1.81884765625,0.0244140625,1.01318359375,-0.2197265625,-0.390625,0.32958984375,-0.927734375,-0.20751953125,-0.47607421875,-0.03662109375,-0.76904296875,-0.01220703125,-0.25634765625,0.25634765625,-0.69580078125,-0.01220703125,-0.45166015625,-0.1708984375,0.59814453125,-0.048828125,1.1474609375,0.25634765625,0.4150390625,-0.5615234375,-0.1220703125,-0.13427734375,0.74462890625,-0.13427734375,1.220703125,0.20751953125,0.93994140625,0.830078125,1.07421875,0.62255859375,1.06201171875,0.06103515625,0.2685546875,-0.3173828125,1.0498046875,-0.0732421875,0.20751953125,-0.20751953125,0.25634765625,-0.42724609375,0.2685546875,-0.06103515625,0.9033203125,0.2197265625,0.0244140625,0.25634765625,1.35498046875,-0.10986328125,-0.96435546875,0.048828125,-0.37841796875,0.1220703125,-0.9765625,0.0244140625,-0.8056640625,-0.29296875,-1.47705078125,-0.20751953125,-0.244140625,-0.30517578125,-0.35400390625,0.06103515625,-1.1962890625,-0.20751953125,-1.18408203125,-0.01220703125,-1.03759765625,-0.048828125,-1.025390625,0.048828125,-0.59814453125,0.13427734375,1.57470703125,0.0244140625,0.0732421875,-0.03662109375,0.1708984375,-0.13427734375,2.1484375,0.0732421875,0.3662109375,0.1708984375,-0.0244140625,-0.0732421875,-0.048828125,0.1220703125,0.18310546875,-0.09765625,-0.0244140625,0.06103515625,0.830078125,0,-0.5126953125,-0.146484375,-0.537109375
1,-0.2197265625,-0.37841796875,0.01220703125,-0.341796875,-0.0732421875,-0.45166015625,0.03662109375,-0.03662109375,-0.2685546875,-0.0244140625,0.048828125,-0.89111328125,0.01220703125,1.08642578125,0.01220703125,-0.1708984375,-0.1708984375,-0.634765625,0,-0.20751953125,-0.1220703125,0.830078125,-0.13427734375,-0.6591796875,-0.341796875,0.537109375,0.10986328125,-0.0732421875,0.08544921875,1.953125,-0.0244140625,1.08642578125,-0.1708984375,-0.4150390625,0.1953125,-0.927734375,-0.244140625,-0.48828125,-0.0732421875,-0.76904296875,0,-0.244140625,0.23193359375,-0.67138671875,0.0244140625,-0.48828125,-0.10986328125,0.6103515625,-0.08544921875,1.123046875,0.2197265625,0.439453125,-0.5126953125,-0.09765625,-0.18310546875,0.7568359375,-0.0732421875,1.33056640625,0.048828125,1.0009765625,0.8544921875,1.15966796875,0.54931640625,1.220703125,0.01220703125,0.25634765625,-0.30517578125,1.0498046875,-0.048828125,0.20751953125,-0.2197265625,0.244140625,-0.390625,0.2685546875,0,0.89111328125,0.23193359375,-0.0244140625,0.244140625,1.3427734375,-0.10986328125,-0.9765625,0.08544921875,-0.3662109375,0.08544921875,-0.96435546875,0.146484375,-0.79345703125,-0.28076171875,-1.50146484375,-0.18310546875,-0.20751953125,-0.23193359375,-0.341796875,0.06103515625,-1.18408203125,-0.08544921875,-1.1962890625,0.048828125,-1.03759765625,-0.048828125,-1.03759765625,0.0732421875,-0.6103515625,0.09765625,2.67333984375,-0.06103515625,0.634765625,-0.0732421875,0.62255859375,-0.18310546875,2.734375,0.0732421875,0.37841796875,0.1708984375,-0.01220703125,-0.06103515625,0,0.09765625,0.1953125,-0.1220703125,-0.03662109375,0.09765625,0.81787109375,0,-0.47607421875,-0.13427734375,-0.54931640625
1,-0.20751953125,-0.341796875,0.01220703125,-0.32958984375,0,-0.40283203125,0.01220703125,-0.01220703125,-0.23193359375,-0.01220703125,0.048828125,-0.86669921875,0.048828125,1.0986328125,0.0244140625,-0.1708984375,-0.1953125,-0.64697265625,-0.0732421875,-0.20751953125,-0.1708984375,0.830078125,-0.1708984375,-0.64697265625,-0.30517578125,0.5859375,0.15869140625,0,0.1953125,2.05078125,-0.0732421875,1.15966796875,-0.09765625,-0.4638671875,0.03662109375,-0.93994140625,-0.1953125,-0.48828125,-0.18310546875,-0.78125,0.0732421875,-0.25634765625,0.15869140625,-0.67138671875,0.048828125,-0.537109375,-0.048828125,0.6103515625,-0.08544921875,1.123046875,0.18310546875,0.45166015625,-0.48828125,-0.0732421875,-0.20751953125,0.76904296875,0,1.45263671875,0.0244140625,1.025390625,0.9033203125,1.1962890625,0.5859375,1.30615234375,-0.0244140625,0.23193359375,-0.28076171875,1.03759765625,-0.01220703125,0.2197265625,-0.2685546875,0.244140625,-0.341796875,0.25634765625,0.06103515625,0.87890625,0.244140625,-0.0244140625,0.1953125,1.3427734375,-0.08544921875,-0.9765625,0.09765625,-0.3662109375,0.09765625,-0.9521484375,0.2197265625,-0.76904296875,-0.23193359375,-1.52587890625,-0.13427734375,-0.20751953125,-0.09765625,-0.341796875,0,-1.171875,0,-1.18408203125,0.06103515625,-1.03759765625,-0.0244140625,-1.06201171875,0.06103515625,-0.59814453125,0.18310546875,4.0283203125,-0.1220703125,1.3427734375,-0.06103515625,1.20849609375,-0.18310546875,3.4912109375,0.08544921875,0.390625,0.2197265625,-0.01220703125,-0.06103515625,0.03662109375,0.0732421875,0.15869140625,-0.10986328125,-0.0244140625,0.09765625,0.81787109375,-0.0244140625,-0.4638671875,-0.13427734375,-0.54931640625
1,-0.2197265625,-0.35400390625,0.01220703125,-0.3173828125,0,-0.37841796875,0,-0.03662109375,-0.25634765625,-0.01220703125,0.048828125,-0.86669921875,0.06103515625,1.0986328125,0.03662109375,-0.1708984375,-0.1708984375,-0.634765625,-0.13427734375,-0.1953125,-0.13427734375,0.8544921875,-0.28076171875,-0.64697265625,-0.244140625,0.5859375,0.1220703125,0.03662109375,0.244140625,2.13623046875,-0.09765625,1.1962890625,-0.03662109375,-0.4638671875,-0.09765625,-0.93994140625,-0.13427734375,-0.47607421875,-0.20751953125,-0.7568359375,0.10986328125,-0.2197265625,0.048828125,-0.64697265625,0.10986328125,-0.54931640625,-0.03662109375,0.634765625,-0.08544921875,1.11083984375,0.1220703125,0.4638671875,-0.50048828125,-0.048828125,-0.20751953125,0.76904296875,0.0732421875,1.42822265625,-0.048828125,1.0498046875,0.9033203125,1.1962890625,0.537109375,1.318359375,-0.01220703125,0.20751953125,-0.244140625,1.06201171875,0.0244140625,0.20751953125,-0.30517578125,0.20751953125,-0.30517578125,0.25634765625,0.10986328125,0.9033203125,0.20751953125,-0.048828125,0.13427734375,1.33056640625,-0.0732421875,-0.9765625,0.1220703125,-0.37841796875,0.13427734375,-0.96435546875,0.25634765625,-0.7568359375,-0.20751953125,-1.5380859375,-0.08544921875,-0.20751953125,0.06103515625,-0.32958984375,-0.10986328125,-1.15966796875,0.10986328125,-1.171875,0.01220703125,-1.01318359375,-0.048828125,-1.06201171875,0.03662109375,-0.59814453125,0.1220703125,5.517578125,-0.146484375,2.11181640625,-0.048828125,1.85546875,-0.18310546875,4.30908203125,0.048828125,0.37841796875,0.20751953125,0.01220703125,-0.06103515625,0.03662109375,0.0732421875,0.1708984375,-0.08544921875,-0.03662109375,0.09765625,0.830078125,-0.048828125,-0.45166015625,-0.146484375,-0.52490234375
1,-0.20751953125,-0.35400390625,0.01220703125,-0.3173828125,-0.0244140625,-0.35400390625,-0.0244140625,0,-0.2197265625,0.01220703125,0.06103515625,-0.87890625,0.06103515625,1.11083984375,0.0244140625,-0.15869140625,-0.1220703125,-0.62255859375,-0.15869140625,-0.18310546875,-0.06103515625,0.8544921875,-0.3662109375,-0.6591796875,-0.2197265625,0.5859375,0.048828125,0.0244140625,0.18310546875,2.1484375,-0.048828125,1.220703125,0.0244140625,-0.439453125,-0.1953125,-0.927734375,-0.10986328125,-0.4638671875,-0.29296875,-0.76904296875,0.18310546875,-0.1953125,-0.048828125,-0.64697265625,0.1708984375,-0.52490234375,-0.09765625,0.6591796875,-0.09765625,1.123046875,0.15869140625,0.4638671875,-0.42724609375,-0.08544921875,-0.18310546875,0.76904296875,0.10986328125,1.37939453125,-0.08544921875,1.06201171875,0.81787109375,1.13525390625,0.5126953125,1.26953125,-0.01220703125,0.1953125,-0.13427734375,1.03759765625,0.048828125,0.20751953125,-0.3173828125,0.1953125,-0.29296875,0.2197265625,0.15869140625,0.93994140625,0.1708984375,-0.0732421875,0.08544921875,1.318359375,-0.0244140625,-0.96435546875,0.09765625,-0.37841796875,0.1953125,-0.96435546875,0.23193359375,-0.76904296875,-0.1953125,-1.55029296875,-0.03662109375,-0.1953125,0.18310546875,-0.30517578125,-0.13427734375,-1.15966796875,0.1953125,-1.15966796875,-0.03662109375,-1.025390625,-0.0732421875,-1.06201171875,0.03662109375,-0.62255859375,0.0732421875,6.97021484375,-0.18310546875,2.86865234375,-0.0244140625,2.490234375,-0.1953125,5.13916015625,0.048828125,0.390625,0.18310546875,0.0244140625,-0.0732421875,0.0732421875,0.0732421875,0.18310546875,-0.08544921875,-0.03662109375,0.08544921875,0.84228515625,-0.08544921875,-0.42724609375,-0.10986328125,-0.54931640625
1,-0.1953125,-0.32958984375,0.01220703125,-0.30517578125,-0.03662109375,-0.341796875,-0.03662109375,0,-0.244140625,0,0.0732421875,-0.86669921875,0.0732421875,1.11083984375,0.01220703125,-0.146484375,-0.0732421875,-0.62255859375,-0.15869140625,-0.18310546875,0.048828125,0.8544921875,-0.42724609375,-0.64697265625,-0.20751953125,0.54931640625,-0.06103515625,0.01220703125,0.08544921875,2.1484375,-0.048828125,1.220703125,0.01220703125,-0.35400390625,-0.2197265625,-0.9033203125,-0.0732421875,-0.439453125,-0.341796875,-0.7568359375,0.18310546875,-0.20751953125,-0.09765625,-0.634765625,0.1953125,-0.4638671875,-0.1220703125,0.68359375,-0.09765625,1.15966796875,0.1953125,0.4638671875,-0.45166015625,-0.1220703125,-0.13427734375,0.7568359375,0.15869140625,1.25732421875,-0.06103515625,1.11083984375,0.69580078125,1.07421875,0.50048828125,1.18408203125,0.048828125,0.15869140625,0.01220703125,1.03759765625,0.06103515625,0.1953125,-0.2685546875,0.18310546875,-0.29296875,0.2197265625,0.18310546875,0.927734375,0.13427734375,-0.0732421875,0,1.318359375,0.03662109375,-0.96435546875,0.08544921875,-0.40283203125,0.244140625,-0.9765625,0.13427734375,-0.76904296875,-0.18310546875,-1.5380859375,0.03662109375,-0.2197265625,0.23193359375,-0.2685546875,-0.146484375,-1.15966796875,0.10986328125,-1.13525390625,-0.03662109375,-1.025390625,-0.0732421875,-1.0498046875,0,-0.6103515625,0.1708984375,8.2763671875,-0.1708984375,3.564453125,-0.0244140625,3.06396484375,-0.23193359375,5.87158203125,0.0244140625,0.37841796875,0.1708984375,0.01220703125,-0.0732421875,0.0732421875,0.09765625,0.1953125,-0.06103515625,-0.048828125,0.0732421875,0.86669921875,-0.10986328125,-0.45166015625,-0.10986328125,-0.54931640625
1,-0.18310546875,-0.30517578125,0.01220703125,-0.32958984375,-0.0732421875,-0.32958984375,-0.01220703125,-0.01220703125,-0.244140625,-0.01220703125,0.08544921875,-0.86669921875,0.09765625,1.13525390625,0.0244140625,-0.13427734375,0,-0.62255859375,-0.10986328125,-0.15869140625,0.18310546875,0.8544921875,-0.47607421875,-0.67138671875,-0.18310546875,0.50048828125,-0.13427734375,0,-0.06103515625,2.1240234375,-0.03662109375,1.20849609375,-0.0732421875,-0.29296875,-0.1953125,-0.9033203125,-0.048828125,-0.4150390625,-0.28076171875,-0.732421875,0.13427734375,-0.15869140625,-0.1708984375,-0.6591796875,0.2197265625,-0.4150390625,-0.1708984375,0.69580078125,-0.10986328125,1.15966796875,0.2685546875,0.4638671875,-0.42724609375,-0.1708984375,-0.1220703125,0.74462890625,0.15869140625,1.20849609375,-0.08544921875,1.20849609375,0.68359375,1.03759765625,0.47607421875,1.123046875,0.08544921875,0.146484375,0.0732421875,1.03759765625,0.0732421875,0.18310546875,-0.244140625,0.18310546875,-0.29296875,0.2197265625,0.23193359375,0.9521484375,0.08544921875,-0.09765625,-0.03662109375,1.2939453125,0.048828125,-0.9521484375,0.08544921875,-0.390625,0.25634765625,-0.9765625,0.01220703125,-0.76904296875,-0.1708984375,-1.55029296875,0.08544921875,-0.244140625,0.20751953125,-0.2685546875,-0.10986328125,-1.171875,-0.01220703125,-1.13525390625,-0.0244140625,-1.025390625,-0.09765625,-1.0498046875,-0.048828125,-0.6103515625,0.08544921875,9.26513671875,-0.09765625,4.08935546875,-0.03662109375,3.50341796875,-0.23193359375,6.4453125,0.03662109375,0.37841796875,0.146484375,0.03662109375,-0.0732421875,0.0244140625,0.08544921875,0.2197265625,-0.048828125,-0.06103515625,0.06103515625,0.86669921875,-0.09765625,-0.45166015625,-0.09765625,-0.54931640625
0,-0.1708984375,-0.30517578125,0.01220703125,-0.35400390625,-0.0732421875,-0.35400390625,0.01220703125,-0.0244140625,-0.25634765625,-0.0244140625,0.10986328125,-0.86669921875,0.146484375,1.15966796875,-0.01220703125,-0.15869140625,0.0244140625,-0.59814453125,-0.0732421875,-0.13427734375,0.244140625,0.84228515625,-0.42724609375,-0.68359375,-0.146484375,0.45166015625,-0.1708984375,-0.03662109375,-0.20751953125,2.0751953125,-0.0732421875,1.18408203125,-0.20751953125,-0.244140625,-0.10986328125,-0.87890625,-0.048828125,-0.3662109375,-0.2685546875,-0.72021484375,0.048828125,-0.1708984375,-0.15869140625,-0.68359375,0.1953125,-0.3662109375,-0.1953125,0.69580078125,-0.1220703125,1.18408203125,0.3173828125,0.4638671875,-0.341796875,-0.18310546875,-0.06103515625,0.72021484375,0.146484375,1.25732421875,-0.0732421875,1.47705078125,0.537109375,1.0986328125,0.50048828125,1.1474609375,0.1220703125,0.13427734375,0.15869140625,1.025390625,0.06103515625,0.1953125,-0.2197265625,0.18310546875,-0.2197265625,0.2197265625,0.25634765625,0.9765625,0.03662109375,-0.08544921875,-0.08544921875,1.30615234375,0.03662109375,-0.9521484375,0.03662109375,-0.42724609375,0.25634765625,-0.98876953125,-0.0732421875,-0.76904296875,-0.10986328125,-1.5625,0.10986328125,-0.25634765625,0.1708984375,-0.2685546875,-0.0244140625,-1.171875,-0.146484375,-1.123046875,-0.0244140625,-1.03759765625,-0.09765625,-1.0498046875,-0.08544921875,-0.6103515625,0.03662109375,9.86328125,-0.03662109375,4.43115234375,-0.0732421875,3.759765625,-0.244140625,6.787109375,0.048828125,0.390625,0.10986328125,0.03662109375,-0.06103515625,0.01220703125,0.10986328125,0.23193359375,-0.06103515625,-0.06103515625,0.048828125,0.89111328125,-0.09765625,-0.47607421875,-0.1220703125,-0.52490234375
0,-0.13427734375,-0.3173828125,0.01220703125,-0.3662109375,-0.06103515625,-0.3662109375,0.03662109375,-0.048828125,-0.25634765625,-0.03662109375,0.1220703125,-0.87890625,0.1953125,1.15966796875,-0.03662109375,-0.18310546875,0,-0.59814453125,-0.01220703125,-0.1220703125,0.28076171875,0.86669921875,-0.32958984375,-0.6591796875,-0.048828125,0.4150390625,-0.1953125,-0.06103515625,-0.2685546875,2.001953125,-0.146484375,1.171875,-0.37841796875,-0.244140625,-0.0244140625,-0.87890625,-0.03662109375,-0.37841796875,-0.2685546875,-0.72021484375,-0.048828125,-0.15869140625,-0.146484375,-0.69580078125,0.1708984375,-0.32958984375,-0.28076171875,0.69580078125,-0.10986328125,1.20849609375,0.3173828125,0.47607421875,-0.35400390625,-0.2197265625,0.01220703125,0.72021484375,0.146484375,1.50146484375,-0.0732421875,1.9287109375,0.40283203125,1.28173828125,0.52490234375,1.416015625,0.1708984375,0.15869140625,0.2197265625,1.03759765625,0.048828125,0.20751953125,-0.15869140625,0.18310546875,-0.146484375,0.23193359375,0.244140625,0.96435546875,0,-0.048828125,-0.1220703125,1.30615234375,0.01220703125,-0.9521484375,0.03662109375,-0.42724609375,0.1953125,-0.98876953125,-0.13427734375,-0.7568359375,-0.08544921875,-1.5625,0.08544921875,-0.28076171875,0.08544921875,-0.2685546875,0.03662109375,-1.171875,-0.20751953125,-1.123046875,-0.01220703125,-1.0498046875,-0.08544921875,-1.025390625,-0.1220703125,-0.6103515625,0.01220703125,10.05859375,0.0244140625,4.5166015625,-0.0732421875,3.82080078125,-0.23193359375,6.8603515625,0.06103515625,0.40283203125,0.13427734375,0.0244140625,-0.08544921875,0,0.08544921875,0.2197265625,-0.06103515625,-0.048828125,0.0732421875,0.87890625,-0.06103515625,-0.48828125,-0.13427734375,-0.5126953125
0,-0.1220703125,-0.30517578125,0,-0.390625,-0.0244140625,-0.4150390625,0.03662109375,-0.048828125,-0.20751953125,-0.03662109375,0.10986328125,-0.86669921875,0.2197265625,1.13525390625,0,-0.18310546875,-0.03662109375,-0.59814453125,0.08544921875,-0.13427734375,0.28076171875,0.84228515625,-0.18310546875,-0.67138671875,-0.13427734375,0.37841796875,-0.23193359375,-0.06103515625,-0.30517578125,1.96533203125,-0.244140625,1.1474609375,-0.4150390625,-0.1953125,0.0732421875,-0.87890625,-0.03662109375,-0.390625,-0.23193359375,-0.7080078125,-0.18310546875,-0.1953125,-0.048828125,-0.72021484375,0.08544921875,-0.30517578125,-0.35400390625,0.67138671875,-0.10986328125,1.20849609375,0.3173828125,0.47607421875,-0.3662109375,-0.244140625,0.1708984375,0.72021484375,0.06103515625,1.9287109375,-0.09765625,2.6123046875,0.45166015625,1.64794921875,0.50048828125,1.89208984375,0.15869140625,0.15869140625,0.28076171875,1.0498046875,0.03662109375,0.1953125,-0.146484375,0.20751953125,-0.06103515625,0.2685546875,0.2197265625,0.93994140625,-0.0244140625,-0.03662109375,-0.13427734375,1.2939453125,0,-0.9521484375,0.03662109375,-0.439453125,0.10986328125,-0.98876953125,-0.1220703125,-0.79345703125,-0.0732421875,-1.59912109375,0.06103515625,-0.30517578125,-0.03662109375,-0.28076171875,0.146484375,-1.18408203125,-0.20751953125,-1.11083984375,-0.08544921875,-1.0498046875,-0.08544921875,-1.01318359375,-0.146484375,-0.59814453125,0.01220703125,9.7900390625,0.06103515625,4.38232421875,-0.0732421875,3.64990234375,-0.146484375,6.72607421875,0.08544921875,0.37841796875,0.13427734375,0.0244140625,-0.0732421875,0.01220703125,0.0732421875,0.20751953125,-0.048828125,-0.03662109375,0.08544921875,0.86669921875,-0.03662109375,-0.52490234375,-0.146484375,-0.48828125
0,-0.146484375,-0.32958984375,0,-0.390625,-0.01220703125,-0.42724609375,0.03662109375,-0.06103515625,-0.2197265625,-0.048828125,0.08544921875,-0.84228515625,0.25634765625,1.13525390625,0.0244140625,-0.15869140625,-0.03662109375,-0.5859375,0.15869140625,-0.13427734375,0.244140625,0.8544921875,-0.0244140625,-0.6591796875,-0.13427734375,0.37841796875,-0.20751953125,-0.0732421875,-0.23193359375,1.9287109375,-0.2685546875,1.13525390625,-0.35400390625,-0.244140625,0.1220703125,-0.89111328125,-0.06103515625,-0.4150390625,-0.2197265625,-0.74462890625,-0.2685546875,-0.23193359375,0.03662109375,-0.732421875,0,-0.3173828125,-0.40283203125,0.62255859375,-0.09765625,1.1962890625,0.32958984375,0.50048828125,-0.29296875,-0.20751953125,0.2685546875,0.72021484375,0.01220703125,2.6123046875,-0.01220703125,3.47900390625,0.47607421875,2.1728515625,0.48828125,2.57568359375,0.146484375,0.1953125,0.35400390625,1.06201171875,0.03662109375,0.20751953125,-0.09765625,0.20751953125,0.0244140625,0.2685546875,0.13427734375,0.91552734375,-0.08544921875,-0.0244140625,-0.146484375,1.318359375,-0.03662109375,-0.9765625,0.048828125,-0.42724609375,0.01220703125,-1.0009765625,-0.0732421875,-0.8056640625,-0.09765625,-1.59912109375,0.0244140625,-0.29296875,-0.08544921875,-0.29296875,0.20751953125,-1.18408203125,-0.20751953125,-1.11083984375,-0.10986328125,-1.0498046875,-0.0732421875,-1.025390625,-0.1953125,-0.6103515625,0.0244140625,9.1552734375,0.1220703125,4.052734375,-0.048828125,3.33251953125,-0.09765625,6.3232421875,0.08544921875,0.4150390625,0.13427734375,0,-0.08544921875,0,0.06103515625,0.1953125,-0.0732421875,-0.048828125,0.0732421875,0.8544921875,-0.0244140625,-0.5126953125,-0.20751953125,-0.5126953125
0,-0.10986328125,-0.341796875,-0.01220703125,-0.37841796875,-0.048828125,-0.4638671875,0.0244140625,-0.0732421875,-0.1953125,0,0.10986328125,-0.8544921875,0.2685546875,1.11083984375,0.03662109375,-0.15869140625,0,-0.6103515625,0.2685546875,-0.146484375,0.18310546875,0.8544921875,0.1220703125,-0.6591796875,-0.2197265625,0.35400390625,-0.23193359375,-0.08544921875,-0.18310546875,1.904296875,-0.390625,1.11083984375,-0.244140625,-0.29296875,0.1220703125,-0.89111328125,-0.06103515625,-0.45166015625,-0.244140625,-0.78125,-0.29296875,-0.25634765625,0.08544921875,-0.72021484375,-0.09765625,-0.390625,-0.37841796875,0.5859375,-0.0732421875,1.171875,0.32958984375,0.52490234375,-0.28076171875,-0.1708984375,0.390625,0.72021484375,-0.048828125,3.515625,-0.0732421875,4.52880859375,0.4638671875,2.83203125,0.4638671875,3.4912109375,0.13427734375,0.2197265625,0.40283203125,1.0498046875,0.048828125,0.2197265625,-0.048828125,0.244140625,0.09765625,0.28076171875,0.0732421875,0.8544921875,-0.13427734375,0.01220703125,-0.0732421875,1.33056640625,-0.09765625,-0.96435546875,0.048828125,-0.439453125,-0.0732421875,-1.0009765625,0,-0.79345703125,-0.0732421875,-1.62353515625,-0.01220703125,-0.29296875,-0.13427734375,-0.29296875,0.18310546875,-1.1962890625,-0.18310546875,-1.123046875,-0.15869140625,-1.0498046875,-0.048828125,-1.01318359375,-0.2197265625,-0.59814453125,0.048828125,8.21533203125,0.10986328125,3.564453125,-0.0244140625,2.880859375,-0.0732421875,5.76171875,0.0732421875,0.390625,0.13427734375,-0.01220703125,-0.06103515625,0.0244140625,0.03662109375,0.18310546875,-0.0732421875,-0.01220703125,0.0732421875,0.830078125,0,-0.48828125,-0.244140625,-0.50048828125
0,-0.10986328125,-0.341796875,-0.01220703125,-0.37841796875,-0.06103515625,-0.45166015625,0.01220703125,-0.048828125,-0.1953125,-0.01220703125,0.0732421875,-0.86669921875,0.29296875,1.0986328125,0.048828125,-0.15869140625,0,-0.59814453125,0.35400390625,-0.15869140625,0.13427734375,0.8544921875,0.18310546875,-0.67138671875,-0.32958984375,0.341796875,-0.2685546875,-0.09765625,-0.1220703125,1.8798828125,-0.4638671875,1.0986328125,-0.06103515625,-0.341796875,0.0732421875,-0.9033203125,-0.0732421875,-0.47607421875,-0.20751953125,-0.79345703125,-0.2685546875,-0.2197265625,0.13427734375,-0.72021484375,-0.146484375,-0.4150390625,-0.30517578125,0.59814453125,-0.08544921875,1.1474609375,0.3173828125,0.52490234375,-0.18310546875,-0.13427734375,0.48828125,0.732421875,-0.09765625,4.5166015625,-0.13427734375,5.65185546875,0.5126953125,3.62548828125,0.341796875,4.52880859375,0.146484375,0.2685546875,0.40283203125,1.0498046875,0.0732421875,0.244140625,-0.06103515625,0.23193359375,0.13427734375,0.30517578125,0,0.86669921875,-0.146484375,0.03662109375,-0.03662109375,1.33056640625,-0.1220703125,-0.9765625,0.048828125,-0.4150390625,-0.13427734375,-0.98876953125,0.06103515625,-0.8056640625,-0.09765625,-1.611328125,-0.03662109375,-0.28076171875,-0.13427734375,-0.30517578125,0.09765625,-1.220703125,-0.20751953125,-1.123046875,-0.18310546875,-1.03759765625,0.01220703125,-1.0009765625,-0.2197265625,-0.59814453125,0.0732421875,7.09228515625,0.048828125,2.94189453125,-0.06103515625,2.34375,-0.048828125,5.1025390625,0.08544921875,0.390625,0.13427734375,-0.01220703125,-0.0732421875,0.03662109375,-0.01220703125,0.15869140625,-0.08544921875,-0.01220703125,0.048828125,0.830078125,0,-0.50048828125,-0.2685546875,-0.48828125
0,-0.08544921875,-0.37841796875,-0.01220703125,-0.341796875,-0.0732421875,-0.4638671875,0.01220703125,-0.06103515625,-0.1708984375,0,0.09765625,-0.87890625,0.32958984375,1.08642578125,0.048828125,-0.13427734375,-0.01220703125,-0.62255859375,0.35400390625,-0.1708984375,0.146484375,0.86669921875,0.23193359375,-0.6591796875,-0.244140625,0.341796875,-0.146484375,-0.10986328125,0.01220703125,1.84326171875,-0.3662109375,1.03759765625,0.146484375,-0.37841796875,0,-0.9033203125,-0.08544921875,-0.48828125,-0.2197265625,-0.79345703125,-0.13427734375,-0.20751953125,0.13427734375,-0.72021484375,-0.13427734375,-0.439453125,-0.25634765625,0.59814453125,-0.0732421875,1.13525390625,0.25634765625,0.57373046875,-0.18310546875,-0.10986328125,0.62255859375,0.732421875,-0.09765625,5.57861328125,-0.09765625,6.77490234375,0.50048828125,4.43115234375,0.29296875,5.56640625,0.18310546875,0.2685546875,0.390625,1.0498046875,0.06103515625,0.2685546875,-0.06103515625,0.23193359375,0.13427734375,0.3173828125,-0.0732421875,0.86669921875,-0.1220703125,0.048828125,0.01220703125,1.3671875,-0.146484375,-1.01318359375,0.048828125,-0.390625,-0.09765625,-0.98876953125,0.10986328125,-0.79345703125,-0.1220703125,-1.57470703125,-0.048828125,-0.28076171875,-0.1220703125,-0.3173828125,-0.048828125,-1.20849609375,-0.2197265625,-1.13525390625,-0.1953125,-1.01318359375,0.03662109375,-1.0009765625,-0.2197265625,-0.57373046875,0.10986328125,5.87158203125,-0.01220703125,2.30712890625,-0.13427734375,1.79443359375,-0.048828125,4.3701171875,0.08544921875,0.40283203125,0.1220703125,-0.01220703125,-0.06103515625,0.0244140625,-0.01220703125,0.15869140625,-0.08544921875,0,0.03662109375,0.830078125,-0.0244140625,-0.45166015625,-0.2685546875,-0.4638671875
0,-0.09765625,-0.37841796875,-0.01220703125,-0.341796875,-0.0244140625,-0.439453125,-0.0244140625,-0.048828125,-0.10986328125,-0.01220703125,0.10986328125,-0.87890625,0.3173828125,1.06201171875,0.09765625,-0.13427734375,-0.03662109375,-0.6103515625,0.30517578125,-0.1708984375,0.146484375,0.84228515625,0.1953125,-0.6591796875,-0.244140625,0.3173828125,-0.10986328125,-0.09765625,0.06103515625,1.7822265625,-0.341796875,0.98876953125,0.25634765625,-0.40283203125,-0.06103515625,-0.927734375,-0.06103515625,-0.47607421875,-0.244140625,-0.8056640625,-0.01220703125,-0.2197265625,0.10986328125,-0.69580078125,-0.09765625,-0.4638671875,-0.1953125,0.6103515625,-0.10986328125,1.11083984375,0.28076171875,0.54931640625,-0.146484375,-0.08544921875,0.732421875,0.732421875,-0.06103515625,6.53076171875,-0.08544921875,7.8125,0.57373046875,5.126953125,0.244140625,6.5185546875,0.18310546875,0.2685546875,0.32958984375,1.0498046875,0.0732421875,0.28076171875,-0.08544921875,0.244140625,0.09765625,0.30517578125,-0.13427734375,0.86669921875,-0.08544921875,0.048828125,0.03662109375,1.35498046875,-0.13427734375,-1.03759765625,0.0244140625,-0.40283203125,-0.06103515625,-0.98876953125,0.10986328125,-0.79345703125,-0.146484375,-1.5625,-0.03662109375,-0.28076171875,-0.09765625,-0.3173828125,-0.13427734375,-1.220703125,-0.23193359375,-1.1474609375,-0.18310546875,-1.025390625,0.048828125,-1.01318359375,-0.15869140625,-0.5615234375,0.09765625,4.6875,-0.0732421875,1.67236328125,-0.1708984375,1.25732421875,-0.048828125,3.69873046875,0.08544921875,0.3662109375,0.1220703125,0,-0.0732421875,0.0244140625,-0.048828125,0.15869140625,-0.09765625,0.0244140625,0.03662109375,0.84228515625,-0.048828125,-0.4638671875,-0.23193359375,-0.47607421875
0,-0.09765625,-0.3662109375,0,-0.30517578125,0.0244140625,-0.42724609375,-0.03662109375,-0.0244140625,-0.1220703125,-0.01220703125,0.1220703125,-0.87890625,0.30517578125,1.08642578125,0.09765625,-0.146484375,-0.06103515625,-0.62255859375,0.23193359375,-0.1708984375,0.18310546875,0.84228515625,0.08544921875,-0.67138671875,-0.2197265625,0.3173828125,-0.08544921875,-0.1708984375,0.09765625,1.72119140625,-0.23193359375,0.93994140625,0.32958984375,-0.439453125,-0.08544921875,-0.927734375,-0.06103515625,-0.4638671875,-0.244140625,-0.81787109375,0.10986328125,-0.2197265625,0.09765625,-0.68359375,-0.0732421875,-0.50048828125,-0.244140625,0.634765625,-0.15869140625,1.123046875,0.25634765625,0.52490234375,-0.13427734375,-0.06103515625,0.8056640625,0.732421875,0.0244140625,7.32421875,-0.10986328125,8.65478515625,0.67138671875,5.712890625,0.2197265625,7.2998046875,0.2197265625,0.244140625,0.25634765625,1.0498046875,0.10986328125,0.2685546875,-0.1220703125,0.2197265625,0.048828125,0.29296875,-0.146484375,0.9033203125,-0.0244140625,0.03662109375,0.0244140625,1.3427734375,-0.146484375,-1.025390625,0.03662109375,-0.390625,0.0244140625,-1.01318359375,0.048828125,-0.79345703125,-0.20751953125,-1.5380859375,-0.0244140625,-0.28076171875,-0.10986328125,-0.3173828125,-0.18310546875,-1.220703125,-0.1708984375,-1.13525390625,-0.18310546875,-1.025390625,0.03662109375,-1.01318359375,-0.10986328125,-0.57373046875,0.048828125,3.57666015625,-0.08544921875,1.07421875,-0.23193359375,0.78125,-0.06103515625,3.03955078125,0.10986328125,0.37841796875,0.1220703125,0.0244140625,-0.0732421875,0.03662109375,-0.048828125,0.15869140625,-0.10986328125,0.048828125,0.03662109375,0.84228515625,-0.08544921875,-0.4638671875,-0.2197265625,-0.48828125
0,-0.08544921875,-0.3662109375,0,-0.3173828125,0,-0.40283203125,-0.048828125,-0.048828125,-0.10986328125,0,0.10986328125,-0.9033203125,0.3173828125,1.07421875,0.10986328125,-0.15869140625,-0.0732421875,-0.6103515625,0.1708984375,-0.18310546875,0.2197265625,0.8544921875,-0.0732421875,-0.67138671875,-0.146484375,0.28076171875,-0.03662109375,-0.23193359375,0.0732421875,1.64794921875,-0.0732421875,0.89111328125,0.3173828125,-0.4150390625,-0.13427734375,-0.91552734375,-0.10986328125,-0.47607421875,-0.28076171875,-0.79345703125,0.28076171875,-0.18310546875,0.09765625,-0.6591796875,-0.01220703125,-0.47607421875,-0.146484375,0.6591796875,-0.2197265625,1.123046875,0.2685546875,0.52490234375,-0.08544921875,-0.06103515625,0.81787109375,0.732421875,0.10986328125,7.8857421875,-0.13427734375,9.2529296875,0.72021484375,6.09130859375,0.23193359375,7.80029296875,0.23193359375,0.2197265625,0.1708984375,1.06201171875,0.09765625,0.25634765625,-0.1708984375,0.1953125,0.0244140625,0.28076171875,-0.1953125,0.9033203125,0.01220703125,0.01220703125,-0.01220703125,1.3427734375,-0.1708984375,-1.0009765625,0.03662109375,-0.37841796875,0.146484375,-1.01318359375,-0.03662109375,-0.8056640625,-0.25634765625,-1.513671875,-0.01220703125,-0.29296875,-0.10986328125,-0.30517578125,-0.18310546875,-1.20849609375,-0.0732421875,-1.1474609375,-0.1708984375,-1.025390625,-0.01220703125,-1.025390625,-0.0244140625,-0.57373046875,-0.01220703125,2.587890625,-0.048828125,0.52490234375,-0.25634765625,0.37841796875,-0.08544921875,2.4658203125,0.13427734375,0.37841796875,0.10986328125,0.01220703125,-0.0732421875,0.03662109375,-0.01220703125,0.1953125,-0.10986328125,0.0244140625,0.01220703125,0.84228515625,-0.09765625,-0.4638671875,-0.1708984375,-0.4638671875
0,-0.0732421875,-0.3662109375,0,-0.30517578125,-0.0244140625,-0.390625,-0.03662109375,-0.03662109375,-0.09765625,-0.01220703125,0.10986328125,-0.9033203125,0.3173828125,1.08642578125,0.10986328125,-0.1708984375,-0.10986328125,-0.62255859375,0.13427734375,-0.1708984375,0.1953125,0.86669921875,-0.23193359375,-0.68359375,-0.08544921875,0.23193359375,-0.0732421875,-0.29296875,0.0244140625,1.5625,0.0244140625,0.81787109375,0.13427734375,-0.37841796875,-0.1953125,-0.89111328125,-0.13427734375,-0.439453125,-0.2685546875,-0.76904296875,0.390625,-0.1708984375,0.10986328125,-0.67138671875,0.048828125,-0.42724609375,-0.1220703125,0.68359375,-0.25634765625,1.171875,0.30517578125,0.48828125,-0.0732421875,-0.08544921875,0.78125,0.72021484375,0.1220703125,8.154296875,-0.20751953125,9.55810546875,0.8056640625,6.25,0.1708984375,8.0810546875,0.20751953125,0.20751953125,0.08544921875,1.0498046875,0.0732421875,0.25634765625,-0.20751953125,0.2197265625,-0.0244140625,0.2685546875,-0.20751953125,0.9033203125,0.08544921875,-0.01220703125,-0.01220703125,1.33056640625,-0.15869140625,-1.0009765625,0.06103515625,-0.3662109375,0.2197265625,-1.0009765625,-0.09765625,-0.79345703125,-0.30517578125,-1.513671875,0.01220703125,-0.28076171875,-0.15869140625,-0.30517578125,-0.13427734375,-1.220703125,0.0732421875,-1.15966796875,-0.10986328125,-1.025390625,-0.08544921875,-1.025390625,0.0244140625,-0.59814453125,-0.06103515625,1.7333984375,0,0.03662109375,-0.2685546875,0.0244140625,-0.08544921875,1.9775390625,0.1708984375,0.3662109375,0.09765625,0.0244140625,-0.08544921875,0.048828125,-0.01220703125,0.1953125,-0.10986328125,0.0244140625,0,0.84228515625,-0.1220703125,-0.4638671875,-0.15869140625,-0.48828125
0,-0.03662109375,-0.341796875,-0.01220703125,-0.30517578125,-0.048828125,-0.37841796875,-0.048828125,-0.048828125,-0.10986328125,-0.01220703125,0.1220703125,-0.87890625,0.3173828125,1.08642578125,0.1220703125,-0.1708984375,-0.13427734375,-0.62255859375,0.10986328125,-0.146484375,0.1708984375,0.86669921875,-0.3662109375,-0.68359375,-0.03662109375,0.244140625,-0.0732421875,-0.30517578125,0,1.513671875,0.1220703125,0.76904296875,-0.08544921875,-0.32958984375,-0.28076171875,-0.89111328125,-0.20751953125,-0.40283203125,-0.3173828125,-0.74462890625,0.439453125,-0.15869140625,0.146484375,-0.67138671875,0.10986328125,-0.40283203125,-0.08544921875,0.68359375,-0.2685546875,1.18408203125,0.25634765625,0.439453125,-0.10986328125,-0.10986328125,0.79345703125,0.7080078125,0.1708984375,8.19091796875,-0.23193359375,9.60693359375,0.8056640625,6.23779296875,0.10986328125,8.09326171875,0.18310546875,0.18310546875,0,1.06201171875,0.03662109375,0.23193359375,-0.25634765625,0.20751953125,-0.08544921875,0.2685546875,-0.1953125,0.93994140625,0.1220703125,-0.0244140625,-0.0244140625,1.33056640625,-0.1220703125,-0.98876953125,0.0732421875,-0.3662109375,0.25634765625,-1.0009765625,-0.0732421875,-0.78125,-0.30517578125,-1.47705078125,0.03662109375,-0.2685546875,-0.18310546875,-0.3173828125,-0.08544921875,-1.20849609375,0.18310546875,-1.15966796875,-0.0732421875,-1.025390625,-0.18310546875,-1.03759765625,0.01220703125,-0.59814453125,-0.08544921875,1.0009765625,0.0732421875,-0.37841796875,-0.3173828125,-0.25634765625,-0.10986328125,1.5380859375,0.18310546875,0.390625,0.08544921875,0.03662109375,-0.0732421875,0.01220703125,0,0.20751953125,-0.1220703125,0.01220703125,0,0.86669921875,-0.1220703125,-0.47607421875,-0.15869140625,-0.47607421875
0,-0.03662109375,-0.341796875,0,-0.3173828125,-0.0732421875,-0.37841796875,-0.0244140625,-0.03662109375,-0.0732421875,-0.0244140625,0.13427734375,-0.87890625,0.30517578125,1.0986328125,0.10986328125,-0.15869140625,-0.18310546875,-0.62255859375,0.10986328125,-0.15869140625,0.09765625,0.86669921875,-0.439453125,-0.68359375,-0.08544921875,0.2685546875,-0.146484375,-0.32958984375,-0.048828125,1.52587890625,0.13427734375,0.78125,-0.29296875,-0.28076171875,-0.3662109375,-0.86669921875,-0.23193359375,-0.390625,-0.37841796875,-0.72021484375,0.42724609375,-0.1708984375,0.15869140625,-0.67138671875,0.15869140625,-0.3662109375,-0.01220703125,0.72021484375,-0.28076171875,1.23291015625,0.25634765625,0.40283203125,-0.0732421875,-0.13427734375,0.76904296875,0.72021484375,0.1953125,8.056640625,-0.23193359375,9.47265625,0.81787109375,6.06689453125,0.09765625,7.9345703125,0.13427734375,0.1708984375,-0.048828125,1.0498046875,-0.01220703125,0.20751953125,-0.23193359375,0.1953125,-0.13427734375,0.25634765625,-0.1953125,0.927734375,0.146484375,-0.03662109375,-0.01220703125,1.3427734375,-0.10986328125,-0.96435546875,0.10986328125,-0.37841796875,0.20751953125,-1.0009765625,-0.03662109375,-0.76904296875,-0.28076171875,-1.45263671875,0.048828125,-0.2685546875,-0.20751953125,-0.30517578125,0,-1.220703125,0.29296875,-1.1474609375,-0.0732421875,-1.0498046875,-0.2685546875,-1.03759765625,0.0244140625,-0.6103515625,-0.15869140625,0.37841796875,0.1220703125,-0.7568359375,-0.341796875,-0.5126953125,-0.10986328125,1.13525390625,0.2197265625,0.40283203125,0.03662109375,0.03662109375,-0.0732421875,-0.0244140625,0,0.23193359375,-0.10986328125,0.01220703125,0.01220703125,0.86669921875,-0.0732421875,-0.48828125,-0.15869140625,-0.5126953125
0,0,-0.341796875,0,-0.341796875,-0.08544921875,-0.390625,-0.0244140625,-0.0244140625,-0.08544921875,-0.01220703125,0.10986328125,-0.87890625,0.28076171875,1.11083984375,0.1220703125,-0.146484375,-0.23193359375,-0.62255859375,0.10986328125,-0.15869140625,-0.03662109375,0.84228515625,-0.42724609375,-0.7080078125,-0.0244140625,0.3173828125,-0.0732421875,-0.29296875,0,1.57470703125,0.146484375,0.830078125,-0.4150390625,-0.25634765625,-0.42724609375,-0.89111328125,-0.2197265625,-0.40283203125,-0.37841796875,-0.7080078125,0.32958984375,-0.18310546875,0.146484375,-0.69580078125,0.18310546875,-0.32958984375,-0.0244140625,0.69580078125,-0.2197265625,1.23291015625,0.20751953125,0.390625,-0.13427734375,-0.15869140625,0.69580078125,0.72021484375,0.2197265625,7.763671875,-0.341796875,9.1796875,0.86669921875,5.82275390625,0.06103515625,7.6416015625,0.15869140625,0.1708984375,-0.15869140625,1.0498046875,-0.06103515625,0.1953125,-0.20751953125,0.1953125,-0.1953125,0.25634765625,-0.18310546875,0.93994140625,0.15869140625,-0.048828125,0,1.33056640625,-0.06103515625,-0.93994140625,0.13427734375,-0.3662109375,0.15869140625,-1.0009765625,0.06103515625,-0.74462890625,-0.2197265625,-1.46484375,0.0732421875,-0.2685546875,-0.23193359375,-0.3173828125,0.06103515625,-1.20849609375,0.3173828125,-1.1474609375,-0.10986328125,-1.0498046875,-0.35400390625,-1.01318359375,0,-0.62255859375,-0.2197265625,-0.13427734375,0.146484375,-1.11083984375,-0.32958984375,-0.7568359375,-0.08544921875,0.79345703125,0.23193359375,0.4150390625,0.03662109375,0.01220703125,-0.0732421875,-0.03662109375,0,0.2197265625,-0.08544921875,0,0,0.84228515625,-0.048828125,-0.48828125,-0.1708984375,-0.5126953125
1,0,-0.32958984375,-0.01220703125,-0.35400390625,-0.0732421875,-0.4150390625,-0.0244140625,-0.03662109375,-0.10986328125,-0.048828125,0.10986328125,-0.86669921875,0.2685546875,1.11083984375,0.1220703125,-0.1708984375,-0.25634765625,-0.634765625,0.10986328125,-0.1708984375,-0.15869140625,0.830078125,-0.390625,-0.68359375,0.09765625,0.42724609375,-0.08544921875,-0.2197265625,0.06103515625,1.72119140625,0.048828125,0.9521484375,-0.47607421875,-0.244140625,-0.50048828125,-0.89111328125,-0.13427734375,-0.439453125,-0.37841796875,-0.732421875,0.1708984375,-0.2197265625,0.18310546875,-0.732421875,0.146484375,-0.30517578125,-0.08544921875,0.67138671875,-0.15869140625,1.220703125,0.146484375,0.390625,-0.20751953125,-0.146484375,0.64697265625,0.69580078125,0.244140625,7.4462890625,-0.37841796875,8.7890625,0.84228515625,5.52978515625,0.06103515625,7.28759765625,0.146484375,0.18310546875,-0.23193359375,1.07421875,-0.1220703125,0.18310546875,-0.1708984375,0.20751953125,-0.2685546875,0.25634765625,-0.1708984375,0.927734375,0.18310546875,-0.0732421875,0.01220703125,1.318359375,0.01220703125,-0.93994140625,0.10986328125,-0.35400390625,0.048828125,-0.9765625,0.146484375,-0.732421875,-0.1708984375,-1.4404296875,0.06103515625,-0.28076171875,-0.1953125,-0.30517578125,0.06103515625,-1.220703125,0.341796875,-1.1474609375,-0.18310546875,-1.03759765625,-0.3662109375,-1.01318359375,-0.03662109375,-0.59814453125,-0.23193359375,-0.59814453125,0.1708984375,-1.3916015625,-0.2685546875,-0.9521484375,-0.048828125,0.48828125,0.244140625,0.42724609375,0.01220703125,0,-0.06103515625,-0.03662109375,-0.01220703125,0.20751953125,-0.08544921875,-0.0244140625,0.03662109375,0.84228515625,-0.03662109375,-0.48828125,-0.18310546875,-0.5126953125
1,0,-0.32958984375,0.01220703125,-0.37841796875,-0.06103515625,-0.439453125,-0.03662109375,-0.0732421875,-0.09765625,-0.048828125,0.10986328125,-0.8544921875,0.25634765625,1.123046875,0.10986328125,-0.1953125,-0.244140625,-0.62255859375,0.0732421875,-0.1708984375,-0.2685546875,0.84228515625,-0.25634765625,-0.67138671875,0.048828125,0.5126953125,-0.08544921875,-0.09765625,0.0732421875,1.86767578125,-0.1220703125,1.08642578125,-0.37841796875,-0.2685546875,-0.57373046875,-0.89111328125,-0.0244140625,-0.4638671875,-0.42724609375,-0.732421875,0.03662109375,-0.244140625,0.1220703125,-0.732421875,0.09765625,-0.32958984375,-0.08544921875,0.62255859375,-0.0732421875,1.20849609375,0.1708984375,0.390625,-0.32958984375,-0.18310546875,0.59814453125,0.732421875,0.20751953125,7.1044921875,-0.390625,8.4228515625,0.87890625,5.2734375,0.0732421875,6.9580078125,0.10986328125,0.1953125,-0.28076171875,1.06201171875,-0.18310546875,0.1708984375,-0.1220703125,0.2197265625,-0.32958984375,0.244140625,-0.13427734375,0.89111328125,0.18310546875,-0.06103515625,0.0732421875,1.3427734375,0.03662109375,-0.93994140625,0.09765625,-0.35400390625,-0.03662109375,-0.96435546875,0.23193359375,-0.732421875,-0.09765625,-1.4404296875,0.06103515625,-0.25634765625,-0.1220703125,-0.30517578125,0.0732421875,-1.18408203125,0.32958984375,-1.1474609375,-0.23193359375,-1.0498046875,-0.32958984375,-1.03759765625,-0.06103515625,-0.59814453125,-0.20751953125,-0.98876953125,0.1708984375,-1.64794921875,-0.20751953125,-1.13525390625,-0.0244140625,0.2197265625,0.2197265625,0.42724609375,0,-0.01220703125,-0.06103515625,-0.06103515625,-0.03662109375,0.1953125,-0.0732421875,-0.0244140625,0.048828125,0.830078125,-0.0244140625,-0.50048828125,-0.1708984375,-0.52490234375
1,0.0244140625,-0.35400390625,0.0244140625,-0.37841796875,-0.03662109375,-0.45166015625,-0.0244140625,-0.06103515625,-0.08544921875,-0.03662109375,0.09765625,-0.86669921875,0.244140625,1.123046875,0.09765625,-0.18310546875,-0.20751953125,-0.62255859375,0.08544921875,-0.18310546875,-0.30517578125,0.830078125,-0.1708984375,-0.6591796875,-0.09765625,0.62255859375,-0.1708984375,0,-0.01220703125,2.03857421875,-0.4150390625,1.23291015625,-0.20751953125,-0.32958984375,-0.6103515625,-0.89111328125,0.10986328125,-0.52490234375,-0.42724609375,-0.76904296875,-0.03662109375,-0.25634765625,0.09765625,-0.732421875,0.03662109375,-0.37841796875,-0.1708984375,0.59814453125,0,1.171875,0.1708984375,0.42724609375,-0.45166015625,-0.1708984375,0.57373046875,0.72021484375,0.15869140625,6.82373046875,-0.37841796875,8.09326171875,0.81787109375,5.06591796875,0.09765625,6.67724609375,0.09765625,0.20751953125,-0.30517578125,1.0498046875,-0.23193359375,0.1953125,-0.08544921875,0.23193359375,-0.40283203125,0.25634765625,-0.1220703125,0.89111328125,0.15869140625,-0.03662109375,0.1220703125,1.3427734375,0.0732421875,-0.927734375,0.08544921875,-0.35400390625,-0.1220703125,-0.9521484375,0.25634765625,-0.732421875,-0.03662109375,-1.45263671875,0.0732421875,-0.25634765625,-0.048828125,-0.30517578125,0.0732421875,-1.18408203125,0.3173828125,-1.1474609375,-0.3173828125,-1.03759765625,-0.2685546875,-1.01318359375,-0.10986328125,-0.59814453125,-0.20751953125,-1.26953125,0.10986328125,-1.8310546875,-0.10986328125,-1.28173828125,-0.06103515625,0.0244140625,0.20751953125,0.40283203125,0.0244140625,-0.03662109375,-0.0732421875,-0.048828125,-0.048828125,0.146484375,-0.048828125,-0.03662109375,0.048828125,0.81787109375,-0.01220703125,-0.50048828125,-0.15869140625,-0.52490234375
1,0.06103515625,-0.32958984375,0.01220703125,-0.3662109375,-0.048828125,-0.42724609375,-0.03662109375,-0.048828125,-0.0244140625,-0.0244140625,0.0732421875,-0.89111328125,0.25634765625,1.11083984375,0.13427734375,-0.1953125,-0.13427734375,-0.6103515625,0.13427734375,-0.18310546875,-0.2685546875,0.84228515625,-0.0732421875,-0.6591796875,-0.0732421875,0.68359375,-0.23193359375,0.10986328125,-0.06103515625,2.18505859375,-0.537109375,1.3671875,0,-0.3662109375,-0.68359375,-0.89111328125,0.1953125,-0.52490234375,-0.4150390625,-0.76904296875,-0.08544921875,-0.25634765625,0.0244140625,-0.7080078125,-0.03662109375,-0.4150390625,-0.2197265625,0.5615234375,0.09765625,1.15966796875,0.25634765625,0.45166015625,-0.48828125,-0.15869140625,0.52490234375,0.72021484375,0.08544921875,6.60400390625,-0.2685546875,7.80029296875,0.69580078125,4.91943359375,0.1220703125,6.43310546875,0.0732421875,0.18310546875,-0.29296875,1.0498046875,-0.2685546875,0.23193359375,-0.048828125,0.20751953125,-0.439453125,0.244140625,-0.10986328125,0.86669921875,0.15869140625,-0.01220703125,0.18310546875,1.318359375,0.03662109375,-0.927734375,0.048828125,-0.3662109375,-0.1220703125,-0.9521484375,0.2197265625,-0.7568359375,-0.01220703125,-1.46484375,0.06103515625,-0.25634765625,0.01220703125,-0.30517578125,0.0244140625,-1.171875,0.32958984375,-1.1474609375,-0.3662109375,-1.01318359375,-0.13427734375,-1.025390625,-0.10986328125,-0.6103515625,-0.08544921875,-1.46484375,0.13427734375,-1.96533203125,-0.01220703125,-1.40380859375,-0.0732421875,-0.10986328125,0.1953125,0.390625,0.01220703125,-0.048828125,-0.0732421875,-0.0732421875,-0.0732421875,0.146484375,-0.06103515625,-0.048828125,0.06103515625,0.8056640625,-0.0244140625,-0.47607421875,-0.10986328125,-0.5126953125
1,0.08544921875,-0.3662109375,0.03662109375,-0.390625,-0.06103515625,-0.42724609375,-0.048828125,-0.048828125,-0.0244140625,-0.01220703125,0.0732421875,-0.89111328125,0.244140625,1.0986328125,0.13427734375,-0.18310546875,-0.06103515625,-0.62255859375,0.146484375,-0.1953125,-0.15869140625,0.84228515625,-0.0244140625,-0.6103515625,-0.1953125,0.72021484375,-0.2685546875,0.146484375,-0.1708984375,2.28271484375,-0.67138671875,1.416015625,0.1953125,-0.37841796875,-0.67138671875,-0.89111328125,0.28076171875,-0.5126953125,-0.439453125,-0.76904296875,-0.06103515625,-0.2197265625,-0.06103515625,-0.7080078125,-0.08544921875,-0.4150390625,-0.2685546875,0.57373046875,0.13427734375,1.13525390625,0.29296875,0.50048828125,-0.5126953125,-0.1708984375,0.4150390625,0.732421875,0.01220703125,6.40869140625,-0.2197265625,7.50732421875,0.67138671875,4.79736328125,0.1953125,6.25,0.03662109375,0.20751953125,-0.29296875,1.03759765625,-0.2685546875,0.2197265625,-0.01220703125,0.2197265625,-0.47607421875,0.25634765625,-0.1220703125,0.8544921875,0.15869140625,0.01220703125,0.23193359375,1.318359375,0.03662109375,-0.9521484375,0.01220703125,-0.37841796875,-0.06103515625,-0.9765625,0.146484375,-0.7568359375,0.01220703125,-1.50146484375,0.048828125,-0.2685546875,0.048828125,-0.30517578125,0.01220703125,-1.15966796875,0.4150390625,-1.13525390625,-0.40283203125,-1.01318359375,-0.01220703125,-1.025390625,-0.1220703125,-0.5859375,0.0244140625,-1.5625,0.146484375,-2.001953125,0.0244140625,-1.46484375,-0.10986328125,-0.1708984375,0.1708984375,0.37841796875,0.01220703125,-0.03662109375,-0.08544921875,-0.06103515625,-0.06103515625,0.13427734375,-0.06103515625,-0.03662109375,0.048828125,0.79345703125,-0.0732421875,-0.48828125,-0.08544921875,-0.52490234375
1,0.1220703125,-0.35400390625,0.03662109375,-0.37841796875,-0.06103515625,-0.4150390625,-0.06103515625,-0.0244140625,0.01220703125,-0.01220703125,0.048828125,-0.91552734375,0.23193359375,1.0986328125,0.1220703125,-0.1708984375,0.01220703125,-0.634765625,0.1708984375,-0.18310546875,0,0.8544921875,-0.03662109375,-0.62255859375,-0.20751953125,0.732421875,-0.2685546875,0.15869140625,-0.23193359375,2.30712890625,-0.64697265625,1.42822265625,0.25634765625,-0.40283203125,-0.6103515625,-0.9033203125,0.3662109375,-0.48828125,-0.439453125,-0.76904296875,-0.03662109375,-0.23193359375,-0.146484375,-0.67138671875,-0.10986328125,-0.45166015625,-0.25634765625,0.57373046875,0.1220703125,1.123046875,0.32958984375,0.50048828125,-0.47607421875,-0.18310546875,0.32958984375,0.7080078125,-0.0244140625,6.21337890625,-0.244140625,7.21435546875,0.5859375,4.67529296875,0.2685546875,6.0546875,0,0.18310546875,-0.28076171875,1.025390625,-0.25634765625,0.23193359375,-0.01220703125,0.23193359375,-0.48828125,0.244140625,-0.08544921875,0.86669921875,0.1953125,0.0244140625,0.244140625,1.318359375,0.048828125,-0.96435546875,0,-0.35400390625,0.0244140625,-0.96435546875,0.048828125,-0.78125,0.03662109375,-1.513671875,0.0244140625,-0.2685546875,0.048828125,-0.29296875,-0.048828125,-1.15966796875,0.45166015625,-1.13525390625,-0.37841796875,-1.01318359375,0.09765625,-1.03759765625,-0.13427734375,-0.6103515625,0.048828125,-1.55029296875,0.13427734375,-1.98974609375,0.048828125,-1.46484375,-0.1708984375,-0.146484375,0.1708984375,0.35400390625,0.03662109375,-0.01220703125,-0.06103515625,-0.06103515625,-0.0732421875,0.13427734375,-0.0732421875,-0.03662109375,0.06103515625,0.78125,-0.08544921875,-0.47607421875,-0.03662109375,-0.537109375
1,0.13427734375,-0.35400390625,0.06103515625,-0.35400390625,-0.01220703125,-0.390625,-0.0732421875,-0.0244140625,0.0244140625,0,0.048828125,-0.91552734375,0.20751953125,1.08642578125,0.13427734375,-0.15869140625,0,-0.634765625,0.15869140625,-0.1708984375,0.146484375,0.8544921875,-0.08544921875,-0.62255859375,-0.25634765625,0.69580078125,-0.244140625,0.1220703125,-0.35400390625,2.20947265625,-0.5615234375,1.35498046875,0.25634765625,-0.4150390625,-0.48828125,-0.89111328125,0.37841796875,-0.47607421875,-0.4150390625,-0.7568359375,0.048828125,-0.20751953125,-0.15869140625,-0.67138671875,-0.146484375,-0.45166015625,-0.25634765625,0.5859375,0.0732421875,1.13525390625,0.390625,0.537109375,-0.42724609375,-0.244140625,0.20751953125,0.72021484375,-0.06103515625,5.99365234375,-0.2197265625,6.9091796875,0.59814453125,4.541015625,0.30517578125,5.82275390625,-0.0732421875,0.20751953125,-0.23193359375,1.025390625,-0.20751953125,0.20751953125,-0.03662109375,0.20751953125,-0.47607421875,0.2685546875,-0.06103515625,0.8056640625,0.1953125,0.0244140625,0.23193359375,1.33056640625,-0.01220703125,-0.96435546875,-0.0244140625,-0.3662109375,0.1220703125,-0.98876953125,-0.06103515625,-0.79345703125,0.01220703125,-1.5380859375,0,-0.28076171875,0,-0.30517578125,-0.048828125,-1.15966796875,0.5126953125,-1.123046875,-0.30517578125,-1.01318359375,0.20751953125,-1.025390625,-0.1220703125,-0.6103515625,0.048828125,-1.4404296875,0.1220703125,-1.89208984375,0.03662109375,-1.3916015625,-0.15869140625,-0.0732421875,0.146484375,0.32958984375,0.03662109375,0,-0.0732421875,-0.048828125,-0.08544921875,0.146484375,-0.06103515625,-0.0244140625,0.06103515625,0.76904296875,-0.10986328125,-0.48828125,-0.0244140625,-0.52490234375
1,0.146484375,-0.35400390625,0.048828125,-0.35400390625,-0.0244140625,-0.3662109375,-0.09765625,-0.03662109375,0.0244140625,-0.01220703125,0.03662109375,-0.9033203125,0.23193359375,1.0986328125,0.10986328125,-0.146484375,-0.01220703125,-0.6103515625,0.1708984375,-0.18310546875,0.25634765625,0.8544921875,-0.10986328125,-0.6103515625,-0.1953125,0.67138671875,-0.1953125,-0.01220703125,-0.390625,2.0751953125,-0.4150390625,1.2451171875,0.1953125,-0.42724609375,-0.30517578125,-0.87890625,0.341796875,-0.4638671875,-0.390625,-0.732421875,0.0732421875,-0.1953125,-0.1220703125,-0.64697265625,-0.15869140625,-0.45166015625,-0.23193359375,0.62255859375,0,1.171875,0.40283203125,0.50048828125,-0.439453125,-0.2685546875,0.09765625,0.7080078125,-0.0732421875,5.6884765625,-0.1708984375,6.53076171875,0.54931640625,4.345703125,0.37841796875,5.50537109375,-0.1220703125,0.2197265625,-0.1708984375,1.025390625,-0.1708984375,0.20751953125,-0.10986328125,0.244140625,-0.42724609375,0.2685546875,-0.01220703125,0.8056640625,0.23193359375,0.03662109375,0.1953125,1.33056640625,-0.01220703125,-0.9765625,-0.01220703125,-0.3662109375,0.18310546875,-1.025390625,-0.18310546875,-0.79345703125,-0.01220703125,-1.5625,-0.0244140625,-0.29296875,-0.0732421875,-0.29296875,-0.01220703125,-1.15966796875,0.537109375,-1.11083984375,-0.20751953125,-0.98876953125,0.2685546875,-1.025390625,-0.08544921875,-0.59814453125,-0.048828125,-1.2451171875,0.09765625,-1.74560546875,0.01220703125,-1.30615234375,-0.1220703125,0.0732421875,0.146484375,0.3173828125,0.0244140625,0.03662109375,-0.0732421875,-0.03662109375,-0.048828125,0.146484375,-0.0732421875,-0.03662109375,0.048828125,0.76904296875,-0.13427734375,-0.48828125,-0.01220703125,-0.537109375
1,0.1708984375,-0.30517578125,0.048828125,-0.35400390625,-0.0244140625,-0.3662109375,-0.09765625,-0.03662109375,0.048828125,-0.01220703125,0.0244140625,-0.9033203125,0.244140625,1.0986328125,0.13427734375,-0.15869140625,-0.048828125,-0.62255859375,0.20751953125,-0.1708984375,0.28076171875,0.8544921875,-0.13427734375,-0.6103515625,-0.10986328125,0.72021484375,-0.146484375,-0.09765625,-0.3662109375,1.953125,-0.20751953125,1.1474609375,0.09765625,-0.37841796875,-0.1953125,-0.8544921875,0.28076171875,-0.45166015625,-0.28076171875,-0.7080078125,0.0732421875,-0.20751953125,-0.06103515625,-0.6591796875,-0.18310546875,-0.42724609375,-0.20751953125,0.64697265625,-0.06103515625,1.171875,0.40283203125,0.50048828125,-0.390625,-0.25634765625,-0.01220703125,0.7080078125,-0.03662109375,5.31005859375,-0.13427734375,6.06689453125,0.57373046875,4.052734375,0.390625,5.13916015625,-0.18310546875,0.244140625,-0.13427734375,1.025390625,-0.10986328125,0.1953125,-0.1708984375,0.2197265625,-0.3662109375,0.2685546875,0.01220703125,0.81787109375,0.20751953125,0.03662109375,0.18310546875,1.33056640625,-0.048828125,-0.98876953125,-0.0244140625,-0.40283203125,0.2197265625,-1.0009765625,-0.244140625,-0.79345703125,-0.08544921875,-1.57470703125,-0.048828125,-0.3173828125,-0.15869140625,-0.30517578125,0,-1.18408203125,0.54931640625,-1.13525390625,-0.08544921875,-1.0009765625,0.3173828125,-1.025390625,0,-0.5859375,-0.10986328125,-1.01318359375,0.10986328125,-1.59912109375,-0.01220703125,-1.15966796875,-0.13427734375,0.25634765625,0.146484375,0.341796875,0.0244140625,0.048828125,-0.0732421875,-0.0244140625,-0.048828125,0.1708984375,-0.09765625,-0.03662109375,0.03662109375,0.78125,-0.10986328125,-0.50048828125,-0.0244140625,-0.54931640625
1,0.1708984375,-0.30517578125,0.048828125,-0.3662109375,-0.08544921875,-0.341796875,-0.09765625,-0.03662109375,0.048828125,0,0.03662109375,-0.9033203125,0.2197265625,1.11083984375,0.13427734375,-0.1708984375,-0.10986328125,-0.62255859375,0.25634765625,-0.1708984375,0.2197265625,0.86669921875,-0.1220703125,-0.634765625,-0.09765625,0.830078125,-0.10986328125,-0.13427734375,-0.341796875,1.904296875,-0.10986328125,1.0986328125,-0.01220703125,-0.341796875,-0.13427734375,-0.86669921875,0.18310546875,-0.42724609375,-0.28076171875,-0.67138671875,0.048828125,-0.20751953125,0.048828125,-0.6591796875,-0.146484375,-0.40283203125,-0.1220703125,0.67138671875,-0.1220703125,1.18408203125,0.439453125,0.4638671875,-0.341796875,-0.244140625,-0.10986328125,0.7080078125,-0.01220703125,4.833984375,-0.1220703125,5.5419921875,0.54931640625,3.7109375,0.35400390625,4.6875,-0.18310546875,0.244140625,-0.06103515625,1.03759765625,-0.08544921875,0.18310546875,-0.2197265625,0.23193359375,-0.32958984375,0.29296875,0.06103515625,0.76904296875,0.1708984375,0.01220703125,0.1708984375,1.35498046875,-0.0732421875,-0.9765625,-0.01220703125,-0.390625,0.18310546875,-0.98876953125,-0.244140625,-0.8056640625,-0.08544921875,-1.55029296875,-0.09765625,-0.3173828125,-0.1708984375,-0.28076171875,0.03662109375,-1.1962890625,0.537109375,-1.15966796875,0.01220703125,-1.025390625,0.3173828125,-1.025390625,0.06103515625,-0.59814453125,-0.09765625,-0.78125,0.10986328125,-1.4404296875,-0.0732421875,-1.025390625,-0.09765625,0.42724609375,0.15869140625,0.3662109375,0.01220703125,0.06103515625,-0.0732421875,-0.0244140625,-0.048828125,0.1953125,-0.08544921875,-0.03662109375,0.01220703125,0.78125,-0.08544921875,-0.50048828125,-0.01220703125,-0.54931640625
1,0.18310546875,-0.3173828125,0.048828125,-0.3662109375,-0.1220703125,-0.35400390625,-0.10986328125,-0.0732421875,0.0732421875,-0.0244140625,0.06103515625,-0.89111328125,0.2197265625,1.13525390625,0.13427734375,-0.18310546875,-0.1220703125,-0.62255859375,0.2685546875,-0.1708984375,0.0732421875,0.87890625,-0.08544921875,-0.68359375,-0.048828125,1.08642578125,-0.06103515625,-0.0732421875,-0.2197265625,1.953125,-0.06103515625,1.1474609375,0,-0.30517578125,-0.18310546875,-0.8544921875,0.10986328125,-0.439453125,-0.28076171875,-0.64697265625,0.01220703125,-0.2197265625,0.15869140625,-0.6591796875,-0.1220703125,-0.3662109375,-0.1220703125,0.68359375,-0.18310546875,1.18408203125,0.40283203125,0.45166015625,-0.28076171875,-0.244140625,-0.146484375,0.7080078125,0.01220703125,4.35791015625,-0.10986328125,4.9560546875,0.50048828125,3.30810546875,0.29296875,4.1748046875,-0.146484375,0.25634765625,0.01220703125,1.03759765625,-0.048828125,0.1708984375,-0.20751953125,0.2197265625,-0.35400390625,0.30517578125,0.08544921875,0.81787109375,0.15869140625,0,0.15869140625,1.3427734375,-0.08544921875,-1.0009765625,-0.01220703125,-0.390625,0.0732421875,-0.9765625,-0.1708984375,-0.8056640625,-0.1220703125,-1.5380859375,-0.10986328125,-0.3173828125,-0.18310546875,-0.28076171875,0.06103515625,-1.20849609375,0.57373046875,-1.15966796875,0.13427734375,-1.03759765625,0.25634765625,-1.025390625,0.10986328125,-0.6103515625,-0.03662109375,-0.6103515625,0.03662109375,-1.33056640625,-0.1708984375,-0.927734375,-0.146484375,0.54931640625,0.15869140625,0.37841796875,0.01220703125,0.06103515625,-0.0732421875,0,-0.048828125,0.1953125,-0.09765625,-0.048828125,0,0.78125,-0.03662109375,-0.5126953125,-0.0244140625,-0.5615234375
1,0.1708984375,-0.30517578125,0.0244140625,-0.3662109375,-0.13427734375,-0.37841796875,-0.1220703125,-0.08544921875,0.09765625,-0.0244140625,0.03662109375,-0.9033203125,0.1953125,1.123046875,0.1220703125,-0.1953125,-0.146484375,-0.634765625,0.244140625,-0.1708984375,-0.06103515625,0.86669921875,-0.048828125,-0.69580078125,0.03662109375,1.55029296875,0.01220703125,0.13427734375,-0.06103515625,2.1728515625,-0.09765625,1.35498046875,-0.0244140625,-0.3173828125,-0.25634765625,-0.87890625,0.048828125,-0.42724609375,-0.28076171875,-0.634765625,0.0244140625,-0.23193359375,0.1708984375,-0.6591796875,-0.0732421875,-0.341796875,0,0.68359375,-0.20751953125,1.171875,0.3173828125,0.45166015625,-0.2197265625,-0.20751953125,-0.13427734375,0.7080078125,0.0244140625,3.80859375,-0.09765625,4.296875,0.48828125,2.9052734375,0.2685546875,3.61328125,-0.13427734375,0.28076171875,0.048828125,1.03759765625,-0.03662109375,0.20751953125,-0.18310546875,0.25634765625,-0.32958984375,0.29296875,0.1220703125,0.8056640625,0.13427734375,-0.03662109375,0.10986328125,1.3427734375,-0.0732421875,-1.01318359375,0.01220703125,-0.390625,-0.0244140625,-0.9765625,-0.0244140625,-0.79345703125,-0.146484375,-1.513671875,-0.048828125,-0.30517578125,-0.146484375,-0.30517578125,0.0732421875,-1.23291015625,0.6103515625,-1.15966796875,0.20751953125,-1.03759765625,0.20751953125,-1.0009765625,0.1708984375,-0.59814453125,-0.0244140625,-0.5126953125,0,-1.28173828125,-0.244140625,-0.86669921875,-0.146484375,0.62255859375,0.15869140625,0.37841796875,0.01220703125,0.03662109375,-0.0732421875,0,-0.0732421875,0.1953125,-0.09765625,-0.0732421875,0,0.8056640625,-0.0244140625,-0.52490234375,-0.048828125,-0.5615234375
1,0.18310546875,-0.3173828125,0.01220703125,-0.37841796875,-0.1220703125,-0.390625,-0.13427734375,-0.09765625,0.08544921875,-0.048828125,0.03662109375,-0.89111328125,0.1953125,1.123046875,0.10986328125,-0.1953125,-0.13427734375,-0.64697265625,0.1953125,-0.1708984375,-0.1953125,0.86669921875,-0.048828125,-0.69580078125,-0.01220703125,2.2216796875,0.08544921875,0.439453125,0.08544921875,2.5390625,-0.18310546875,1.72119140625,0.10986328125,-0.30517578125,-0.341796875,-0.87890625,0.0244140625,-0.4638671875,-0.32958984375,-0.6103515625,0.03662109375,-0.2197265625,0.18310546875,-0.68359375,-0.0244140625,-0.32958984375,0.10986328125,0.68359375,-0.2197265625,1.15966796875,0.2197265625,0.42724609375,-0.1220703125,-0.1953125,-0.146484375,0.7080078125,0,3.2958984375,-0.10986328125,3.662109375,0.50048828125,2.490234375,0.15869140625,3.1005859375,-0.048828125,0.29296875,0.08544921875,1.0498046875,-0.03662109375,0.20751953125,-0.146484375,0.23193359375,-0.28076171875,0.29296875,0.13427734375,0.79345703125,0.08544921875,-0.0244140625,0.09765625,1.35498046875,-0.03662109375,-1.025390625,0.01220703125,-0.37841796875,-0.048828125,-0.9765625,0.10986328125,-0.78125,-0.09765625,-1.52587890625,-0.01220703125,-0.3173828125,-0.06103515625,-0.30517578125,0.03662109375,-1.20849609375,0.68359375,-1.1474609375,0.23193359375,-1.0498046875,0.1708984375,-1.01318359375,0.2197265625,-0.5859375,0.03662109375,-0.50048828125,0,-1.28173828125,-0.25634765625,-0.84228515625,-0.09765625,0.6591796875,0.15869140625,0.37841796875,0,0.03662109375,-0.06103515625,-0.01220703125,-0.08544921875,0.20751953125,-0.09765625,-0.06103515625,-0.0244140625,0.8056640625,-0.0244140625,-0.537109375,-0.06103515625,-0.54931640625
0,0.1708984375,-0.3173828125,0,-0.3662109375,-0.0732421875,-0.4150390625,-0.15869140625,-0.0732421875,0.1220703125,-0.048828125,0.03662109375,-0.89111328125,0.18310546875,1.123046875,0.09765625,-0.20751953125,-0.13427734375,-0.64697265625,0.09765625,-0.18310546875,-0.30517578125,0.84228515625,-0.08544921875,-0.72021484375,-0.01220703125,3.03955078125,0.10986328125,0.91552734375,0.20751953125,3.11279296875,-0.2197265625,2.23388671875,0.2197265625,-0.29296875,-0.50048828125,-0.9033203125,0.01220703125,-0.439453125,-0.42724609375,-0.6103515625,0.10986328125,-0.23193359375,0.1220703125,-0.69580078125,0.0244140625,-0.32958984375,0.13427734375,0.64697265625,-0.2197265625,1.1474609375,0.146484375,0.439453125,-0.0732421875,-0.15869140625,-0.09765625,0.732421875,0.0244140625,2.81982421875,0.03662109375,3.0517578125,0.52490234375,2.11181640625,0.1953125,2.62451171875,0,0.30517578125,0.146484375,1.0498046875,-0.03662109375,0.23193359375,-0.10986328125,0.25634765625,-0.20751953125,0.29296875,0.15869140625,0.8056640625,0.06103515625,-0.03662109375,0.06103515625,1.3427734375,-0.0244140625,-1.025390625,0.03662109375,-0.390625,-0.08544921875,-0.9521484375,0.20751953125,-0.78125,-0.10986328125,-1.50146484375,0.048828125,-0.30517578125,0.048828125,-0.30517578125,-0.03662109375,-1.23291015625,0.7568359375,-1.1474609375,0.2197265625,-1.025390625,0.15869140625,-1.0009765625,0.20751953125,-0.5859375,0.06103515625,-0.5615234375,-0.03662109375,-1.33056640625,-0.2685546875,-0.87890625,-0.146484375,0.62255859375,0.146484375,0.390625,0,0.0244140625,-0.08544921875,-0.01220703125,-0.10986328125,0.2197265625,-0.1220703125,-0.06103515625,0,0.830078125,-0.03662109375,-0.52490234375,-0.03662109375,-0.537109375
0,0.15869140625,-0.32958984375,0.0244140625,-0.341796875,-0.048828125,-0.439453125,-0.146484375,-0.0732421875,0.15869140625,-0.048828125,0.03662109375,-0.89111328125,0.1708984375,1.123046875,0.0732421875,-0.18310546875,-0.08544921875,-0.6591796875,0.03662109375,-0.18310546875,-0.28076171875,0.84228515625,-0.20751953125,-0.72021484375,0.09765625,3.99169921875,0.1220703125,1.47705078125,0.244140625,3.82080078125,-0.23193359375,2.8564453125,0.25634765625,-0.29296875,-0.64697265625,-0.9033203125,0.03662109375,-0.4638671875,-0.48828125,-0.62255859375,0.15869140625,-0.2197265625,0.048828125,-0.69580078125,0.0732421875,-0.35400390625,0.10986328125,0.634765625,-0.25634765625,1.123046875,0.09765625,0.42724609375,-0.0732421875,-0.146484375,-0.08544921875,0.732421875,0.0244140625,2.4169921875,0.0244140625,2.490234375,0.4150390625,1.79443359375,0.1220703125,2.20947265625,0,0.28076171875,0.20751953125,1.06201171875,-0.048828125,0.23193359375,-0.048828125,0.244140625,-0.1220703125,0.2685546875,0.15869140625,0.81787109375,-0.01220703125,-0.0244140625,0.03662109375,1.33056640625,0.01220703125,-1.025390625,0.048828125,-0.37841796875,-0.06103515625,-0.96435546875,0.2685546875,-0.79345703125,-0.09765625,-1.47705078125,0.09765625,-0.2685546875,0.15869140625,-0.30517578125,-0.08544921875,-1.25732421875,0.78125,-1.13525390625,0.1953125,-1.03759765625,0.15869140625,-1.01318359375,0.1220703125,-0.59814453125,-0.03662109375,-0.67138671875,-0.1220703125,-1.3916015625,-0.23193359375,-0.93994140625,-0.23193359375,0.537109375,0.09765625,0.390625,-0.01220703125,0.01220703125,-0.0732421875,0.01220703125,-0.15869140625,0.18310546875,-0.10986328125,-0.048828125,-0.03662109375,0.830078125,-0.06103515625,-0.50048828125,-0.06103515625,-0.5126953125
0,0.18310546875,-0.341796875,0.01220703125,-0.32958984375,-0.03662109375,-0.42724609375,-0.13427734375,-0.0732421875,0.1953125,-0.06103515625,0.03662109375,-0.86669921875,0.15869140625,1.0986328125,0.09765625,-0.18310546875,-0.0244140625,-0.6591796875,-0.0244140625,-0.1953125,-0.23193359375,0.8544921875,-0.28076171875,-0.69580078125,0.1220703125,5.04150390625,0.048828125,2.099609375,0.20751953125,4.58984375,-0.23193359375,3.564453125,0.30517578125,-0.32958984375,-0.72021484375,-0.927734375,0.03662109375,-0.42724609375,-0.5859375,-0.634765625,0.18310546875,-0.20751953125,0,-0.69580078125,0.0732421875,-0.390625,0.03662109375,0.6103515625,-0.23193359375,1.08642578125,0.06103515625,0.42724609375,-0.01220703125,-0.146484375,-0.09765625,0.7080078125,0,2.11181640625,0.048828125,2.01416015625,0.390625,1.55029296875,0.13427734375,1.8798828125,-0.0244140625,0.244140625,0.2197265625,1.025390625,-0.048828125,0.244140625,-0.0244140625,0.20751953125,-0.03662109375,0.2685546875,0.146484375,0.81787109375,-0.048828125,-0.01220703125,0.0244140625,1.3427734375,0.06103515625,-1.01318359375,0.06103515625,-0.390625,0,-0.9765625,0.244140625,-0.76904296875,-0.0732421875,-1.4892578125,0.1708984375,-0.244140625,0.2685546875,-0.29296875,-0.10986328125,-1.2451171875,0.732421875,-1.123046875,0.1708984375,-1.01318359375,0.146484375,-1.01318359375,0.03662109375,-0.6103515625,0.06103515625,-0.8056640625,-0.01220703125,-1.45263671875,-0.13427734375,-1.0009765625,-0.23193359375,0.47607421875,0.08544921875,0.390625,0,0.01220703125,-0.0732421875,0,-0.15869140625,0.15869140625,-0.09765625,-0.03662109375,-0.03662109375,0.81787109375,-0.08544921875,-0.5126953125,-0.06103515625,-0.50048828125
0,0.15869140625,-0.341796875,0,-0.341796875,-0.048828125,-0.439453125,-0.13427734375,-0.06103515625,0.20751953125,-0.0732421875,0.0244140625,-0.89111328125,0.13427734375,1.0986328125,0.0732421875,-0.15869140625,0.03662109375,-0.634765625,-0.03662109375,-0.1953125,-0.18310546875,0.86669921875,-0.37841796875,-0.68359375,0.1953125,6.0546875,0,2.7099609375,0.10986328125,5.35888671875,-0.146484375,4.2236328125,0.29296875,-0.390625,-0.7568359375,-0.91552734375,0.03662109375,-0.4638671875,-0.5859375,-0.67138671875,0.20751953125,-0.1953125,-0.10986328125,-0.68359375,0.08544921875,-0.4150390625,0,0.62255859375,-0.1953125,1.08642578125,0.01220703125,0.439453125,-0.0244140625,-0.15869140625,-0.03662109375,0.72021484375,-0.048828125,1.85546875,0,1.6357421875,0.2685546875,1.3916015625,0.13427734375,1.6357421875,-0.048828125,0.2197265625,0.25634765625,1.025390625,-0.03662109375,0.23193359375,0.0244140625,0.1953125,0.06103515625,0.23193359375,0.1220703125,0.830078125,-0.09765625,0,0.03662109375,1.30615234375,0.06103515625,-1.0009765625,0.048828125,-0.37841796875,0.06103515625,-1.0009765625,0.1220703125,-0.79345703125,-0.08544921875,-1.513671875,0.23193359375,-0.2685546875,0.30517578125,-0.30517578125,-0.09765625,-1.2451171875,0.6591796875,-1.11083984375,0.1220703125,-1.0009765625,0.10986328125,-1.025390625,-0.09765625,-0.5859375,0.03662109375,-0.9033203125,0.06103515625,-1.4892578125,-0.146484375,-1.06201171875,-0.2685546875,0.42724609375,0.06103515625,0.3662109375,-0.03662109375,-0.01220703125,-0.0732421875,0.01220703125,-0.1708984375,0.146484375,-0.09765625,-0.01220703125,-0.048828125,0.84228515625,-0.10986328125,-0.50048828125,-0.03662109375,-0.47607421875
0,0.1220703125,-0.3662109375,0.0244140625,-0.32958984375,-0.0732421875,-0.45166015625,-0.1220703125,-0.048828125,0.20751953125,-0.0244140625,0.01220703125,-0.89111328125,0.1220703125,1.0986328125,0.0732421875,-0.146484375,0.0732421875,-0.64697265625,-0.0244140625,-0.1953125,-0.048828125,0.84228515625,-0.4150390625,-0.6591796875,0.244140625,6.92138671875,-0.06103515625,3.22265625,-0.048828125,6.01806640625,-0.1220703125,4.8095703125,0.18310546875,-0.4150390625,-0.7080078125,-0.91552734375,0,-0.48828125,-0.54931640625,-0.7080078125,0.18310546875,-0.18310546875,-0.18310546875,-0.6591796875,0.06103515625,-0.45166015625,-0.01220703125,0.59814453125,-0.18310546875,1.0986328125,-0.0732421875,0.4638671875,0,-0.18310546875,0.01220703125,0.72021484375,-0.08544921875,1.69677734375,-0.048828125,1.3671875,0.1953125,1.30615234375,0.0244140625,1.47705078125,-0.03662109375,0.18310546875,0.2685546875,1.01318359375,-0.0244140625,0.23193359375,0.03662109375,0.1708984375,0.10986328125,0.2197265625,0.048828125,0.830078125,-0.146484375,0,0.048828125,1.2939453125,0.09765625,-0.9765625,0.03662109375,-0.37841796875,0.06103515625,-1.025390625,-0.01220703125,-0.79345703125,-0.03662109375,-1.4892578125,0.2685546875,-0.25634765625,0.28076171875,-0.29296875,-0.0244140625,-1.2451171875,0.50048828125,-1.08642578125,0.09765625,-1.0009765625,0.03662109375,-1.025390625,-0.2197265625,-0.57373046875,-0.146484375,-0.93994140625,0.0244140625,-1.47705078125,-0.1708984375,-1.0498046875,-0.35400390625,0.42724609375,0.08544921875,0.32958984375,-0.048828125,0.01220703125,-0.0732421875,0.01220703125,-0.20751953125,0.13427734375,-0.06103515625,0,-0.06103515625,0.81787109375,-0.10986328125,-0.48828125,-0.0732421875,-0.50048828125
0,0.1220703125,-0.341796875,0.01220703125,-0.3173828125,-0.0732421875,-0.42724609375,-0.10986328125,-0.048828125,0.23193359375,-0.01220703125,0.03662109375,-0.9033203125,0.09765625,1.08642578125,0.06103515625,-0.13427734375,0.06103515625,-0.634765625,0.0244140625,-0.18310546875,0.06103515625,0.8544921875,-0.390625,-0.62255859375,0.2197265625,7.6171875,-0.048828125,3.62548828125,-0.20751953125,6.54296875,-0.10986328125,5.23681640625,0.0732421875,-0.4150390625,-0.64697265625,-0.89111328125,-0.0244140625,-0.47607421875,-0.45166015625,-0.732421875,0.09765625,-0.1708984375,-0.18310546875,-0.6591796875,0.01220703125,-0.4638671875,0,0.62255859375,-0.15869140625,1.11083984375,-0.08544921875,0.45166015625,0.0244140625,-0.18310546875,0.06103515625,0.69580078125,-0.09765625,1.6357421875,-0.13427734375,1.220703125,0.0732421875,1.318359375,-0.0244140625,1.416015625,0.03662109375,0.15869140625,0.2685546875,1.025390625,-0.01220703125,0.2197265625,0.01220703125,0.1708984375,0.13427734375,0.23193359375,-0.01220703125,0.79345703125,-0.1220703125,0,0.0244140625,1.318359375,0.10986328125,-0.9765625,0,-0.390625,0.048828125,-1.01318359375,-0.15869140625,-0.78125,-0.0244140625,-1.513671875,0.28076171875,-0.244140625,0.2685546875,-0.30517578125,0.048828125,-1.220703125,0.37841796875,-1.11083984375,0.0244140625,-0.98876953125,-0.03662109375,-1.03759765625,-0.32958984375,-0.59814453125,-0.13427734375,-0.9033203125,0.146484375,-1.4404296875,-0.13427734375,-1.025390625,-0.29296875,0.47607421875,0.09765625,0.341796875,-0.06103515625,0.0244140625,-0.06103515625,0,-0.1953125,0.146484375,-0.06103515625,-0.01220703125,-0.06103515625,0.830078125,-0.09765625,-0.47607421875,-0.08544921875,-0.48828125
0,0.10986328125,-0.35400390625,0.048828125,-0.32958984375,-0.048828125,-0.40283203125,-0.08544921875,-0.048828125,0.2197265625,0.01220703125,0.01220703125,-0.89111328125,0.06103515625,1.08642578125,0.048828125,-0.146484375,0.01220703125,-0.62255859375,0.09765625,-0.1708984375,0.09765625,0.8544921875,-0.29296875,-0.62255859375,0.1953125,8.056640625,-0.0732421875,3.857421875,-0.32958984375,6.87255859375,-0.18310546875,5.4931640625,-0.0732421875,-0.439453125,-0.5126953125,-0.87890625,-0.03662109375,-0.48828125,-0.4638671875,-0.7568359375,-0.0244140625,-0.18310546875,-0.146484375,-0.64697265625,-0.048828125,-0.50048828125,-0.01220703125,0.64697265625,-0.1220703125,1.1474609375,-0.1220703125,0.439453125,0,-0.1953125,0.1708984375,0.7080078125,-0.15869140625,1.67236328125,-0.1953125,1.220703125,0.048828125,1.37939453125,-0.15869140625,1.46484375,0.0244140625,0.15869140625,0.244140625,1.03759765625,0,0.20751953125,0,0.13427734375,0.13427734375,0.2197265625,-0.048828125,0.8056640625,-0.10986328125,0.01220703125,-0.0244140625,1.2939453125,0.048828125,-0.9765625,0,-0.390625,0,-1.0498046875,-0.2197265625,-0.76904296875,0.0244140625,-1.513671875,0.25634765625,-0.23193359375,0.20751953125,-0.3173828125,0.13427734375,-1.20849609375,0.29296875,-1.123046875,-0.06103515625,-1.0009765625,-0.13427734375,-1.03759765625,-0.390625,-0.59814453125,-0.20751953125,-0.76904296875,0.1220703125,-1.30615234375,-0.15869140625,-0.93994140625,-0.25634765625,0.6103515625,0.10986328125,0.341796875,-0.08544921875,0.06103515625,-0.0732421875,0.0244140625,-0.20751953125,0.15869140625,-0.0244140625,-0.01220703125,-0.0732421875,0.79345703125,-0.06103515625,-0.439453125,-0.09765625,-0.5126953125
0,0.10986328125,-0.341796875,0.06103515625,-0.30517578125,-0.0244140625,-0.390625,-0.048828125,-0.048828125,0.23193359375,0.03662109375,0,-0.89111328125,0.03662109375,1.08642578125,0.0244140625,-0.1220703125,-0.06103515625,-0.634765625,0.1708984375,-0.1708984375,0.09765625,0.86669921875,-0.15869140625,-0.62255859375,0.10986328125,8.2275390625,-0.09765625,3.91845703125,-0.42724609375,6.94580078125,-0.28076171875,5.5419921875,-0.10986328125,-0.42724609375,-0.37841796875,-0.8544921875,-0.0732421875,-0.47607421875,-0.35400390625,-0.76904296875,-0.146484375,-0.15869140625,-0.01220703125,-0.634765625,-0.13427734375,-0.48828125,-0.10986328125,0.67138671875,-0.13427734375,1.1474609375,-0.06103515625,0.439453125,0.0244140625,-0.20751953125,0.29296875,0.69580078125,-0.18310546875,1.79443359375,-0.0732421875,1.3916015625,0.048828125,1.52587890625,-0.2197265625,1.5869140625,0.06103515625,0.15869140625,0.18310546875,1.0498046875,0.0244140625,0.18310546875,-0.0244140625,0.13427734375,0.08544921875,0.244140625,-0.0732421875,0.79345703125,-0.0732421875,-0.01220703125,-0.048828125,1.30615234375,-0.01220703125,-0.9521484375,-0.03662109375,-0.37841796875,-0.10986328125,-1.01318359375,-0.2197265625,-0.78125,0.0732421875,-1.50146484375,0.1953125,-0.244140625,0.146484375,-0.28076171875,0.25634765625,-1.18408203125,0.2685546875,-1.123046875,-0.10986328125,-1.01318359375,-0.244140625,-1.03759765625,-0.37841796875,-0.6103515625,-0.23193359375,-0.54931640625,0.1220703125,-1.11083984375,-0.1220703125,-0.76904296875,-0.18310546875,0.79345703125,0.1220703125,0.341796875,-0.08544921875,0.06103515625,-0.06103515625,0.03662109375,-0.18310546875,0.18310546875,-0.03662109375,-0.0244140625,-0.09765625,0.81787109375,-0.048828125,-0.439453125,-0.1220703125,-0.5126953125
0,0.09765625,-0.341796875,0.048828125,-0.30517578125,-0.03662109375,-0.37841796875,-0.0244140625,-0.01220703125,0.25634765625,0.048828125,-0.01220703125,-0.89111328125,0,1.08642578125,0.03662109375,-0.1220703125,-0.13427734375,-0.634765625,0.28076171875,-0.18310546875,0.048828125,0.86669921875,-0.0244140625,-0.64697265625,0.13427734375,8.11767578125,-0.0732421875,3.80859375,-0.390625,6.87255859375,-0.3173828125,5.40771484375,-0.048828125,-0.37841796875,-0.35400390625,-0.830078125,-0.06103515625,-0.4638671875,-0.29296875,-0.76904296875,-0.2197265625,-0.146484375,0.048828125,-0.634765625,-0.23193359375,-0.4150390625,-0.1220703125,0.67138671875,-0.13427734375,1.171875,0.0244140625,0.439453125,0,-0.20751953125,0.4150390625,0.7080078125,-0.20751953125,2.01416015625,-0.0244140625,1.72119140625,-0.08544921875,1.74560546875,-0.25634765625,1.89208984375,0.10986328125,0.15869140625,0.10986328125,1.025390625,0.0244140625,0.1708984375,-0.06103515625,0.146484375,0.10986328125,0.25634765625,-0.1220703125,0.79345703125,-0.048828125,-0.03662109375,-0.048828125,1.30615234375,-0.048828125,-0.96435546875,-0.06103515625,-0.390625,-0.2197265625,-1.01318359375,-0.1708984375,-0.76904296875,0.06103515625,-1.4892578125,0.13427734375,-0.244140625,0.146484375,-0.25634765625,0.25634765625,-1.171875,0.29296875,-1.11083984375,-0.13427734375,-1.01318359375,-0.32958984375,-1.025390625,-0.30517578125,-0.5859375,-0.13427734375,-0.30517578125,0.15869140625,-0.91552734375,-0.06103515625,-0.6103515625,-0.0244140625,0.98876953125,0.10986328125,0.35400390625,-0.08544921875,0.08544921875,-0.0732421875,0.06103515625,-0.1953125,0.18310546875,-0.0244140625,-0.03662109375,-0.08544921875,0.84228515625,-0.03662109375,-0.45166015625,-0.10986328125,-0.5126953125
0,0.0732421875,-0.341796875,0.0732421875,-0.30517578125,-0.048828125,-0.35400390625,-0.048828125,-0.03662109375,0.2685546875,0.03662109375,-0.01220703125,-0.89111328125,-0.048828125,1.08642578125,0.0244140625,-0.146484375,-0.13427734375,-0.64697265625,0.37841796875,-0.15869140625,-0.03662109375,0.8544921875,0.13427734375,-0.6591796875,0.146484375,7.8125,-0.048828125,3.60107421875,-0.3173828125,6.60400390625,-0.32958984375,5.1513671875,0.03662109375,-0.32958984375,-0.3173828125,-0.81787109375,-0.0732421875,-0.47607421875,-0.3173828125,-0.78125,-0.244140625,-0.146484375,0.10986328125,-0.64697265625,-0.29296875,-0.37841796875,-0.13427734375,0.67138671875,-0.1220703125,1.171875,0.08544921875,0.439453125,0,-0.20751953125,0.5615234375,0.69580078125,-0.15869140625,2.392578125,0.01220703125,2.2705078125,-0.1220703125,2.05078125,-0.25634765625,2.28271484375,0.13427734375,0.1953125,0.048828125,1.03759765625,0.0244140625,0.1708984375,-0.1220703125,0.1708984375,0.06103515625,0.2685546875,-0.1220703125,0.8056640625,-0.01220703125,-0.0244140625,-0.06103515625,1.318359375,-0.06103515625,-0.9765625,-0.0732421875,-0.390625,-0.341796875,-1.01318359375,-0.0732421875,-0.7568359375,0.06103515625,-1.4892578125,0.09765625,-0.25634765625,0.10986328125,-0.2685546875,0.20751953125,-1.171875,0.32958984375,-1.11083984375,-0.15869140625,-1.03759765625,-0.35400390625,-1.03759765625,-0.2197265625,-0.59814453125,-0.15869140625,-0.048828125,0.01220703125,-0.69580078125,-0.1220703125,-0.439453125,-0.03662109375,1.23291015625,0.10986328125,0.37841796875,-0.06103515625,0.0732421875,-0.08544921875,0.03662109375,-0.1953125,0.20751953125,-0.03662109375,-0.03662109375,-0.08544921875,0.8544921875,0.01220703125,-0.45166015625,-0.10986328125,-0.5126953125
0,0.048828125,-0.3173828125,0.0732421875,-0.32958984375,-0.048828125,-0.35400390625,-0.048828125,-0.048828125,0.29296875,0,-0.048828125,-0.86669921875,-0.06103515625,1.08642578125,0.0244140625,-0.1708984375,-0.10986328125,-0.634765625,0.45166015625,-0.15869140625,-0.10986328125,0.8544921875,0.20751953125,-0.68359375,0.048828125,7.36083984375,-0.048828125,3.33251953125,-0.1953125,6.2255859375,-0.40283203125,4.8095703125,0.20751953125,-0.28076171875,-0.341796875,-0.830078125,-0.03662109375,-0.47607421875,-0.23193359375,-0.76904296875,-0.2197265625,-0.1953125,0.13427734375,-0.67138671875,-0.29296875,-0.28076171875,-0.10986328125,0.67138671875,-0.146484375,1.13525390625,0.1953125,0.439453125,-0.0244140625,-0.1953125,0.64697265625,0.69580078125,-0.15869140625,2.91748046875,0.01220703125,3.02734375,-0.20751953125,2.4658203125,-0.23193359375,2.8564453125,0.13427734375,0.23193359375,-0.06103515625,1.03759765625,0.01220703125,0.18310546875,-0.15869140625,0.18310546875,-0.0244140625,0.28076171875,-0.1220703125,0.81787109375,0.01220703125,-0.0244140625,-0.06103515625,1.33056640625,-0.0732421875,-0.9765625,-0.0732421875,-0.40283203125,-0.390625,-0.98876953125,0.01220703125,-0.76904296875,0.0244140625,-1.50146484375,0.06103515625,-0.25634765625,0.0732421875,-0.25634765625,0.1220703125,-1.171875,0.35400390625,-1.13525390625,-0.1953125,-1.025390625,-0.341796875,-1.0009765625,-0.10986328125,-0.5859375,-0.10986328125,0.1708984375,-0.1220703125,-0.52490234375,-0.146484375,-0.28076171875,-0.0244140625,1.42822265625,0.10986328125,0.390625,-0.03662109375,0.0732421875,-0.0732421875,0.048828125,-0.20751953125,0.1953125,-0.03662109375,-0.0244140625,-0.0732421875,0.8544921875,0,-0.47607421875,-0.09765625,-0.48828125
0,0.03662109375,-0.3173828125,0.09765625,-0.32958984375,-0.048828125,-0.3662109375,-0.06103515625,-0.06103515625,0.35400390625,0,-0.06103515625,-0.87890625,-0.10986328125,1.08642578125,0.0244140625,-0.1953125,-0.08544921875,-0.634765625,0.47607421875,-0.18310546875,-0.1220703125,0.84228515625,0.25634765625,-0.7080078125,-0.01220703125,6.82373046875,-0.0244140625,3.0029296875,-0.08544921875,5.84716796875,-0.390625,4.443359375,0.341796875,-0.25634765625,-0.341796875,-0.830078125,-0.03662109375,-0.4638671875,-0.1953125,-0.76904296875,-0.13427734375,-0.1953125,0.08544921875,-0.67138671875,-0.28076171875,-0.28076171875,-0.09765625,0.6591796875,-0.18310546875,1.123046875,0.20751953125,0.439453125,0.06103515625,-0.1708984375,0.72021484375,0.74462890625,-0.09765625,3.60107421875,-0.0244140625,3.99169921875,-0.2197265625,2.9541015625,-0.18310546875,3.57666015625,0.09765625,0.244140625,-0.1220703125,1.025390625,-0.048828125,0.1953125,-0.146484375,0.20751953125,-0.06103515625,0.29296875,-0.09765625,0.8056640625,0.03662109375,-0.03662109375,-0.06103515625,1.3427734375,-0.10986328125,-1.0009765625,-0.0732421875,-0.390625,-0.390625,-0.9765625,0.06103515625,-0.76904296875,-0.0244140625,-1.50146484375,0.06103515625,-0.28076171875,0.08544921875,-0.2685546875,-0.01220703125,-1.171875,0.32958984375,-1.13525390625,-0.15869140625,-1.0498046875,-0.2685546875,-0.98876953125,0.01220703125,-0.5859375,-0.08544921875,0.341796875,-0.1953125,-0.390625,-0.15869140625,-0.18310546875,0.01220703125,1.5625,0.10986328125,0.37841796875,-0.06103515625,0.06103515625,-0.0732421875,0.01220703125,-0.23193359375,0.15869140625,-0.048828125,-0.01220703125,-0.08544921875,0.86669921875,0.01220703125,-0.48828125,-0.0732421875,-0.47607421875
0,0.01220703125,-0.32958984375,0.1220703125,-0.35400390625,0,-0.3662109375,-0.08544921875,-0.0732421875,0.3662109375,-0.03662109375,-0.0732421875,-0.9033203125,-0.15869140625,1.0986328125,0.01220703125,-0.2197265625,-0.08544921875,-0.59814453125,0.439453125,-0.15869140625,-0.1220703125,0.830078125,0.25634765625,-0.7080078125,0.01220703125,6.298828125,0.03662109375,2.734375,-0.01220703125,5.46875,-0.32958984375,4.1015625,0.47607421875,-0.23193359375,-0.30517578125,-0.8544921875,-0.01220703125,-0.439453125,-0.20751953125,-0.78125,0.01220703125,-0.1953125,0.10986328125,-0.69580078125,-0.2197265625,-0.244140625,-0.048828125,0.6591796875,-0.2197265625,1.0986328125,0.25634765625,0.45166015625,0.01220703125,-0.146484375,0.78125,0.72021484375,-0.0732421875,4.38232421875,-0.0732421875,5.09033203125,-0.18310546875,3.4912109375,-0.15869140625,4.40673828125,0.06103515625,0.2685546875,-0.1953125,1.03759765625,-0.08544921875,0.2197265625,-0.15869140625,0.2197265625,-0.1220703125,0.25634765625,-0.0732421875,0.8544921875,0.0732421875,-0.01220703125,-0.048828125,1.33056640625,-0.10986328125,-0.98876953125,-0.048828125,-0.390625,-0.3173828125,-0.98876953125,0.06103515625,-0.76904296875,-0.08544921875,-1.513671875,0.06103515625,-0.28076171875,0.03662109375,-0.28076171875,-0.06103515625,-1.1962890625,0.3173828125,-1.123046875,-0.13427734375,-1.0498046875,-0.146484375,-0.9765625,0.09765625,-0.57373046875,-0.0732421875,0.390625,-0.23193359375,-0.3173828125,-0.15869140625,-0.09765625,0.0244140625,1.64794921875,0.1220703125,0.37841796875,-0.048828125,0.048828125,-0.0732421875,-0.01220703125,-0.2197265625,0.146484375,-0.06103515625,0,-0.0732421875,0.8544921875,0,-0.48828125,-0.08544921875,-0.45166015625
0,0,-0.30517578125,0.15869140625,-0.37841796875,-0.01220703125,-0.37841796875,-0.1220703125,-0.08544921875,0.37841796875,-0.048828125,-0.08544921875,-0.8544921875,-0.1953125,1.11083984375,-0.01220703125,-0.23193359375,-0.06103515625,-0.62255859375,0.3662109375,-0.18310546875,-0.0732421875,0.81787109375,0.18310546875,-0.72021484375,0.0732421875,5.84716796875,0.0732421875,2.50244140625,0.01220703125,5.16357421875,-0.244140625,3.84521484375,0.52490234375,-0.23193359375,-0.28076171875,-0.8544921875,-0.0732421875,-0.439453125,-0.1953125,-0.74462890625,0.1708984375,-0.20751953125,0.08544921875,-0.72021484375,-0.13427734375,-0.244140625,-0.0244140625,0.62255859375,-0.25634765625,1.0986328125,0.25634765625,0.439453125,0,-0.1708984375,0.732421875,0.72021484375,-0.03662109375,5.26123046875,-0.048828125,6.298828125,-0.15869140625,4.0771484375,-0.146484375,5.33447265625,0.048828125,0.25634765625,-0.2197265625,1.025390625,-0.13427734375,0.244140625,-0.13427734375,0.2197265625,-0.1953125,0.2685546875,-0.03662109375,0.86669921875,0.06103515625,0,-0.0244140625,1.33056640625,-0.13427734375,-1.01318359375,-0.03662109375,-0.390625,-0.20751953125,-0.9765625,0,-0.76904296875,-0.15869140625,-1.513671875,0.0732421875,-0.28076171875,0.0244140625,-0.32958984375,-0.06103515625,-1.220703125,0.3662109375,-1.123046875,-0.09765625,-1.025390625,-0.0732421875,-0.98876953125,0.1708984375,-0.5615234375,-0.0732421875,0.37841796875,-0.18310546875,-0.3173828125,-0.1220703125,-0.09765625,0.0244140625,1.6845703125,0.10986328125,0.3662109375,-0.0244140625,0.0244140625,-0.08544921875,-0.01220703125,-0.2197265625,0.13427734375,-0.048828125,-0.01220703125,-0.08544921875,0.830078125,-0.03662109375,-0.5126953125,-0.03662109375,-0.4638671875
1,-0.03662109375,-0.32958984375,0.15869140625,-0.390625,-0.01220703125,-0.390625,-0.13427734375,-0.06103515625,0.37841796875,-0.048828125,-0.08544921875,-0.87890625,-0.244140625,1.13525390625,0,-0.23193359375,-0.048828125,-0.59814453125,0.30517578125,-0.1953125,-0.03662109375,0.81787109375,0.06103515625,-0.7080078125,0.18310546875,5.517578125,0.0732421875,2.33154296875,-0.01220703125,4.98046875,-0.13427734375,3.72314453125,0.4150390625,-0.244140625,-0.28076171875,-0.87890625,-0.1220703125,-0.42724609375,-0.2197265625,-0.74462890625,0.35400390625,-0.23193359375,0.08544921875,-0.732421875,-0.0732421875,-0.2685546875,0,0.6103515625,-0.25634765625,1.08642578125,0.28076171875,0.45166015625,0.048828125,-0.15869140625,0.64697265625,0.7080078125,0,6.1767578125,-0.08544921875,7.51953125,-0.1220703125,4.65087890625,-0.20751953125,6.23779296875,0.01220703125,0.23193359375,-0.25634765625,1.01318359375,-0.1953125,0.2685546875,-0.06103515625,0.2197265625,-0.25634765625,0.244140625,-0.0244140625,0.86669921875,0.048828125,0,0.03662109375,1.318359375,-0.13427734375,-1.025390625,0,-0.37841796875,-0.0732421875,-0.96435546875,-0.0732421875,-0.8056640625,-0.2197265625,-1.5625,0.06103515625,-0.28076171875,0,-0.3173828125,-0.06103515625,-1.23291015625,0.45166015625,-1.11083984375,-0.0732421875,-1.01318359375,0.01220703125,-1.0009765625,0.18310546875,-0.5615234375,-0.09765625,0.29296875,-0.13427734375,-0.37841796875,-0.1220703125,-0.15869140625,-0.0244140625,1.64794921875,0.10986328125,0.341796875,-0.01220703125,0.01220703125,-0.0732421875,-0.03662109375,-0.23193359375,0.10986328125,-0.0732421875,0,-0.09765625,0.79345703125,-0.06103515625,-0.50048828125,-0.01220703125,-0.47607421875
1,-0.06103515625,-0.35400390625,0.146484375,-0.37841796875,-0.048828125,-0.42724609375,-0.18310546875,-0.0732421875,0.341796875,-0.06103515625,-0.09765625,-0.89111328125,-0.28076171875,1.123046875,0,-0.1953125,-0.06103515625,-0.6103515625,0.23193359375,-0.18310546875,-0.06103515625,0.830078125,-0.09765625,-0.69580078125,0.341796875,5.33447265625,0.10986328125,2.25830078125,0.01220703125,4.87060546875,0.03662109375,3.64990234375,0.23193359375,-0.29296875,-0.3173828125,-0.89111328125,-0.1953125,-0.40283203125,-0.1708984375,-0.74462890625,0.439453125,-0.20751953125,0.08544921875,-0.72021484375,0,-0.35400390625,0.03662109375,0.59814453125,-0.23193359375,1.0986328125,0.23193359375,0.45166015625,-0.01220703125,-0.15869140625,0.5615234375,0.72021484375,0.01220703125,7.04345703125,-0.13427734375,8.63037109375,-0.09765625,5.18798828125,-0.2197265625,7.09228515625,-0.03662109375,0.2197265625,-0.2685546875,1.0009765625,-0.23193359375,0.25634765625,-0.0244140625,0.2197265625,-0.32958984375,0.23193359375,0,0.87890625,0.03662109375,0,0.1220703125,1.2939453125,-0.10986328125,-1.01318359375,0.01220703125,-0.37841796875,-0.0244140625,-0.9765625,-0.13427734375,-0.8056640625,-0.23193359375,-1.55029296875,0.06103515625,-0.28076171875,-0.03662109375,-0.32958984375,0,-1.23291015625,0.5615234375,-1.123046875,-0.08544921875,-1.025390625,0.09765625,-1.025390625,0.15869140625,-0.5615234375,-0.10986328125,0.15869140625,-0.03662109375,-0.439453125,-0.146484375,-0.23193359375,-0.0732421875,1.5625,0.10986328125,0.32958984375,-0.01220703125,0,-0.08544921875,-0.03662109375,-0.2197265625,0.10986328125,-0.08544921875,-0.01220703125,-0.09765625,0.76904296875,-0.06103515625,-0.5126953125,0.03662109375,-0.5126953125
1,-0.048828125,-0.37841796875,0.15869140625,-0.3662109375,-0.0732421875,-0.4150390625,-0.18310546875,-0.0732421875,0.3662109375,-0.06103515625,-0.0732421875,-0.86669921875,-0.30517578125,1.11083984375,-0.0244140625,-0.1708984375,-0.06103515625,-0.6103515625,0.244140625,-0.18310546875,-0.08544921875,0.84228515625,-0.25634765625,-0.67138671875,0.35400390625,5.2734375,0.09765625,2.25830078125,0.01220703125,4.87060546875,0.15869140625,3.67431640625,-0.01220703125,-0.3662109375,-0.30517578125,-0.89111328125,-0.30517578125,-0.40283203125,-0.13427734375,-0.732421875,0.4638671875,-0.1953125,0.09765625,-0.7080078125,0.0244140625,-0.40283203125,0.06103515625,0.62255859375,-0.1708984375,1.13525390625,0.146484375,0.45166015625,-0.01220703125,-0.15869140625,0.42724609375,0.69580078125,0.048828125,7.75146484375,-0.13427734375,9.48486328125,-0.06103515625,5.5908203125,-0.25634765625,7.763671875,-0.048828125,0.1708984375,-0.2685546875,1.01318359375,-0.25634765625,0.23193359375,-0.01220703125,0.18310546875,-0.37841796875,0.2197265625,0.03662109375,0.8544921875,0.01220703125,0.0244140625,0.1708984375,1.28173828125,-0.0732421875,-1.0009765625,0.0244140625,-0.390625,0.0244140625,-1.0009765625,-0.146484375,-0.8056640625,-0.23193359375,-1.5625,0.06103515625,-0.29296875,-0.048828125,-0.3173828125,0.048828125,-1.2451171875,0.67138671875,-1.13525390625,-0.1220703125,-1.025390625,0.09765625,-1.0009765625,0.10986328125,-0.537109375,-0.13427734375,-0.01220703125,0.09765625,-0.52490234375,-0.1953125,-0.341796875,-0.13427734375,1.45263671875,0.09765625,0.32958984375,-0.01220703125,0.0244140625,-0.08544921875,-0.048828125,-0.1953125,0.13427734375,-0.10986328125,-0.0244140625,-0.10986328125,0.7568359375,-0.06103515625,-0.50048828125,0.06103515625,-0.52490234375
1,-0.03662109375,-0.3662109375,0.18310546875,-0.35400390625,-0.08544921875,-0.42724609375,-0.20751953125,-0.06103515625,0.390625,-0.048828125,-0.08544921875,-0.89111328125,-0.341796875,1.123046875,-0.0244140625,-0.15869140625,-0.0732421875,-0.6103515625,0.20751953125,-0.1708984375,-0.15869140625,0.8544921875,-0.32958984375,-0.6591796875,0.3662109375,5.322265625,0.0732421875,2.28271484375,0.0244140625,4.9072265625,0.244140625,3.759765625,-0.1953125,-0.341796875,-0.30517578125,-0.9033203125,-0.35400390625,-0.37841796875,-0.10986328125,-0.72021484375,0.40283203125,-0.15869140625,0.13427734375,-0.69580078125,0.09765625,-0.4150390625,0.13427734375,0.64697265625,-0.10986328125,1.15966796875,0.048828125,0.4638671875,-0.06103515625,-0.146484375,0.3173828125,0.69580078125,0,8.19091796875,-0.10986328125,9.99755859375,0.0244140625,5.8349609375,-0.2197265625,8.16650390625,-0.048828125,0.146484375,-0.2685546875,1.0009765625,-0.28076171875,0.23193359375,0.01220703125,0.18310546875,-0.4150390625,0.244140625,0.0244140625,0.8056640625,0.01220703125,0.0244140625,0.1953125,1.28173828125,-0.03662109375,-0.98876953125,0.0244140625,-0.390625,-0.01220703125,-1.01318359375,-0.146484375,-0.830078125,-0.2197265625,-1.57470703125,0.0732421875,-0.29296875,-0.048828125,-0.32958984375,0.10986328125,-1.23291015625,0.67138671875,-1.13525390625,-0.1708984375,-0.98876953125,0.08544921875,-1.01318359375,0.048828125,-0.54931640625,-0.1220703125,-0.15869140625,0.1953125,-0.62255859375,-0.20751953125,-0.42724609375,-0.1220703125,1.35498046875,0.09765625,0.32958984375,-0.03662109375,0.048828125,-0.0732421875,-0.0244140625,-0.18310546875,0.15869140625,-0.1220703125,-0.0244140625,-0.1220703125,0.7568359375,-0.03662109375,-0.50048828125,0.06103515625,-0.537109375
1,-0.03662109375,-0.3662109375,0.1708984375,-0.341796875,-0.06103515625,-0.4150390625,-0.1953125,-0.06103515625,0.40283203125,-0.03662109375,-0.10986328125,-0.86669921875,-0.37841796875,1.11083984375,-0.06103515625,-0.15869140625,-0.1220703125,-0.62255859375,0.1953125,-0.15869140625,-0.2685546875,0.830078125,-0.341796875,-0.6591796875,0.3662109375,5.40771484375,0.0732421875,2.3193359375,0.01220703125,4.96826171875,0.25634765625,3.8330078125,-0.32958984375,-0.390625,-0.390625,-0.91552734375,-0.35400390625,-0.40283203125,-0.146484375,-0.732421875,0.23193359375,-0.18310546875,0.10986328125,-0.67138671875,0.13427734375,-0.439453125,0.18310546875,0.6591796875,-0.03662109375,1.15966796875,-0.01220703125,0.48828125,-0.1953125,-0.1220703125,0.20751953125,0.7080078125,-0.048828125,8.349609375,-0.08544921875,10.11962890625,0.03662109375,5.8837890625,-0.18310546875,8.26416015625,-0.08544921875,0.1220703125,-0.28076171875,1.0009765625,-0.244140625,0.2197265625,0.01220703125,0.15869140625,-0.42724609375,0.2197265625,0.03662109375,0.830078125,0.03662109375,0.01220703125,0.18310546875,1.26953125,0.03662109375,-0.9765625,0.01220703125,-0.390625,-0.08544921875,-1.025390625,-0.0732421875,-0.81787109375,-0.146484375,-1.57470703125,0.048828125,-0.28076171875,-0.048828125,-0.32958984375,0.08544921875,-1.220703125,0.634765625,-1.1474609375,-0.244140625,-1.025390625,0.01220703125,-1.025390625,-0.01220703125,-0.5615234375,-0.06103515625,-0.2685546875,0.23193359375,-0.69580078125,-0.23193359375,-0.47607421875,-0.13427734375,1.25732421875,0.08544921875,0.35400390625,-0.048828125,0.048828125,-0.08544921875,-0.0244140625,-0.18310546875,0.18310546875,-0.10986328125,-0.048828125,-0.10986328125,0.76904296875,-0.048828125,-0.50048828125,0.06103515625,-0.54931640625
1,-0.048828125,-0.341796875,0.15869140625,-0.341796875,-0.03662109375,-0.42724609375,-0.18310546875,-0.08544921875,0.4150390625,-0.0244140625,-0.10986328125,-0.87890625,-0.390625,1.11083984375,-0.06103515625,-0.1708984375,-0.1953125,-0.6103515625,0.146484375,-0.146484375,-0.390625,0.84228515625,-0.30517578125,-0.64697265625,0.32958984375,5.45654296875,0.06103515625,2.33154296875,0.03662109375,4.99267578125,0.13427734375,3.84521484375,-0.37841796875,-0.4150390625,-0.4150390625,-0.9033203125,-0.30517578125,-0.439453125,-0.15869140625,-0.76904296875,0.06103515625,-0.1708984375,0.10986328125,-0.6591796875,0.13427734375,-0.47607421875,0.1953125,0.67138671875,0.0244140625,1.18408203125,-0.03662109375,0.48828125,-0.1953125,-0.09765625,0.09765625,0.7080078125,-0.13427734375,8.19091796875,-0.01220703125,9.77783203125,0.03662109375,5.70068359375,-0.13427734375,8.0322265625,-0.146484375,0.10986328125,-0.25634765625,1.0009765625,-0.2197265625,0.1953125,0.01220703125,0.146484375,-0.40283203125,0.23193359375,0.10986328125,0.84228515625,0.0732421875,0,0.146484375,1.28173828125,0.10986328125,-0.96435546875,0,-0.37841796875,-0.20751953125,-1.03759765625,0.01220703125,-0.84228515625,-0.048828125,-1.52587890625,0.048828125,-0.28076171875,0.01220703125,-0.3173828125,0.06103515625,-1.20849609375,0.5615234375,-1.1474609375,-0.29296875,-0.98876953125,-0.0732421875,-1.025390625,-0.06103515625,-0.57373046875,-0.01220703125,-0.3173828125,0.23193359375,-0.72021484375,-0.23193359375,-0.50048828125,-0.13427734375,1.20849609375,0.048828125,0.35400390625,-0.0732421875,0.048828125,-0.08544921875,-0.0244140625,-0.18310546875,0.20751953125,-0.08544921875,-0.01220703125,-0.08544921875,0.78125,-0.01220703125,-0.50048828125,0.048828125,-0.57373046875
1,-0.048828125,-0.32958984375,0.1708984375,-0.35400390625,-0.0244140625,-0.40283203125,-0.1708984375,-0.08544921875,0.4150390625,-0.0244140625,-0.0732421875,-0.89111328125,-0.4150390625,1.11083984375,-0.09765625,-0.1708984375,-0.244140625,-0.62255859375,0.10986328125,-0.146484375,-0.52490234375,0.8544921875,-0.20751953125,-0.64697265625,0.25634765625,5.40771484375,0.0244140625,2.28271484375,0.0244140625,4.9560546875,-0.0244140625,3.79638671875,-0.2685546875,-0.439453125,-0.537109375,-0.87890625,-0.1953125,-0.439453125,-0.15869140625,-0.7568359375,-0.06103515625,-0.18310546875,0.0732421875,-0.634765625,0.13427734375,-0.48828125,0.13427734375,0.69580078125,0.0732421875,1.1962890625,-0.0244140625,0.50048828125,-0.30517578125,-0.048828125,-0.048828125,0.69580078125,-0.244140625,7.666015625,0.01220703125,8.97216796875,0.03662109375,5.31005859375,-0.0732421875,7.4462890625,-0.1953125,0.09765625,-0.244140625,1.01318359375,-0.18310546875,0.20751953125,-0.0244140625,0.13427734375,-0.341796875,0.2197265625,0.13427734375,0.81787109375,0.06103515625,-0.0244140625,0.13427734375,1.2939453125,0.1220703125,-0.9765625,-0.01220703125,-0.35400390625,-0.35400390625,-1.03759765625,0.06103515625,-0.8056640625,0,-1.46484375,0.03662109375,-0.28076171875,0.09765625,-0.30517578125,0.048828125,-1.1962890625,0.50048828125,-1.1474609375,-0.35400390625,-1.0009765625,-0.146484375,-1.025390625,-0.08544921875,-0.5615234375,0.08544921875,-0.32958984375,0.29296875,-0.7568359375,-0.1708984375,-0.537109375,-0.10986328125,1.18408203125,0.0244140625,0.3662109375,-0.0732421875,0.0732421875,-0.08544921875,-0.01220703125,-0.1953125,0.20751953125,-0.10986328125,-0.01220703125,-0.08544921875,0.79345703125,0,-0.50048828125,0.03662109375,-0.5615234375
1,-0.06103515625,-0.3173828125,0.1708984375,-0.35400390625,-0.0244140625,-0.390625,-0.146484375,-0.08544921875,0.40283203125,-0.01220703125,-0.08544921875,-0.87890625,-0.390625,1.11083984375,-0.1220703125,-0.1708984375,-0.244140625,-0.64697265625,0.09765625,-0.146484375,-0.6103515625,0.830078125,-0.0732421875,-0.6591796875,0.244140625,5.21240234375,-0.03662109375,2.1728515625,-0.03662109375,4.8095703125,-0.2685546875,3.64990234375,-0.0732421875,-0.40283203125,-0.5859375,-0.86669921875,-0.08544921875,-0.42724609375,-0.20751953125,-0.76904296875,-0.1708984375,-0.1708984375,0,-0.6591796875,0.0732421875,-0.42724609375,0.08544921875,0.732421875,0.08544921875,1.1962890625,-0.0732421875,0.50048828125,-0.3662109375,-0.01220703125,-0.1708984375,0.72021484375,-0.2685546875,6.8359375,0.03662109375,7.8369140625,0.01220703125,4.74853515625,-0.0244140625,6.53076171875,-0.20751953125,0.10986328125,-0.25634765625,1.01318359375,-0.146484375,0.23193359375,-0.048828125,0.15869140625,-0.28076171875,0.244140625,0.18310546875,0.84228515625,0.09765625,-0.0244140625,0.09765625,1.30615234375,0.13427734375,-0.9765625,-0.0244140625,-0.37841796875,-0.4150390625,-1.03759765625,0.10986328125,-0.79345703125,0.03662109375,-1.416015625,0.03662109375,-0.2685546875,0.13427734375,-0.30517578125,0.01220703125,-1.1962890625,0.439453125,-1.15966796875,-0.37841796875,-1.01318359375,-0.146484375,-1.01318359375,-0.06103515625,-0.57373046875,0.1708984375,-0.29296875,0.28076171875,-0.74462890625,-0.146484375,-0.537109375,-0.146484375,1.1474609375,-0.01220703125,0.3662109375,-0.08544921875,0.0732421875,-0.0732421875,-0.048828125,-0.20751953125,0.1953125,-0.08544921875,0,-0.1220703125,0.830078125,0,-0.50048828125,0.048828125,-0.54931640625
1,-0.08544921875,-0.29296875,0.15869140625,-0.341796875,-0.06103515625,-0.390625,-0.1220703125,-0.0732421875,0.439453125,-0.01220703125,-0.0732421875,-0.89111328125,-0.40283203125,1.13525390625,-0.146484375,-0.18310546875,-0.18310546875,-0.64697265625,0.1220703125,-0.1708984375,-0.59814453125,0.84228515625,0.03662109375,-0.68359375,0.2197265625,4.8095703125,-0.08544921875,1.96533203125,-0.06103515625,4.52880859375,-0.35400390625,3.3935546875,0.146484375,-0.32958984375,-0.5859375,-0.86669921875,0.0244140625,-0.45166015625,-0.18310546875,-0.78125,-0.1953125,-0.18310546875,-0.03662109375,-0.6591796875,0.06103515625,-0.390625,0.01220703125,0.72021484375,0.08544921875,1.171875,-0.0732421875,0.47607421875,-0.4150390625,0.03662109375,-0.30517578125,0.72021484375,-0.29296875,5.76171875,0.0732421875,6.4453125,-0.09765625,4.052734375,0.0244140625,5.40771484375,-0.23193359375,0.13427734375,-0.2197265625,1.025390625,-0.10986328125,0.20751953125,-0.10986328125,0.18310546875,-0.2197265625,0.25634765625,0.1953125,0.84228515625,0.0732421875,-0.03662109375,0.06103515625,1.318359375,0.1220703125,-0.98876953125,-0.06103515625,-0.37841796875,-0.439453125,-1.0009765625,0.0732421875,-0.78125,0.0732421875,-1.318359375,0,-0.25634765625,0.146484375,-0.3173828125,0.01220703125,-1.1962890625,0.4638671875,-1.1474609375,-0.37841796875,-1.01318359375,-0.09765625,-0.98876953125,-0.048828125,-0.5615234375,0.10986328125,-0.28076171875,0.15869140625,-0.732421875,-0.1953125,-0.52490234375,-0.20751953125,1.171875,-0.0244140625,0.3662109375,-0.09765625,0.0732421875,-0.08544921875,-0.03662109375,-0.23193359375,0.20751953125,-0.09765625,-0.01220703125,-0.1220703125,0.830078125,0,-0.5126953125,0.03662109375,-0.54931640625
1,-0.1220703125,-0.3173828125,0.18310546875,-0.35400390625,-0.01220703125,-0.390625,-0.1220703125,-0.0732421875,0.45166015625,-0.03662109375,-0.09765625,-0.87890625,-0.390625,1.11083984375,-0.15869140625,-0.18310546875,-0.10986328125,-0.6591796875,0.146484375,-0.18310546875,-0.537109375,0.84228515625,0.08544921875,-0.69580078125,0.15869140625,4.21142578125,-0.18310546875,1.67236328125,-0.18310546875,4.16259765625,-0.4638671875,3.01513671875,0.25634765625,-0.29296875,-0.537109375,-0.84228515625,0.09765625,-0.45166015625,-0.1708984375,-0.78125,-0.1708984375,-0.1708984375,-0.146484375,-0.67138671875,0.01220703125,-0.35400390625,-0.03662109375,0.7080078125,0.0732421875,1.15966796875,-0.13427734375,0.45166015625,-0.47607421875,0.06103515625,-0.42724609375,0.72021484375,-0.2197265625,4.57763671875,0.048828125,4.9072265625,-0.1708984375,3.28369140625,0.08544921875,4.16259765625,-0.2197265625,0.15869140625,-0.18310546875,1.025390625,-0.08544921875,0.2197265625,-0.10986328125,0.18310546875,-0.20751953125,0.2685546875,0.20751953125,0.86669921875,0.0732421875,-0.0244140625,0.0244140625,1.318359375,0.146484375,-1.01318359375,-0.08544921875,-0.3662109375,-0.35400390625,-0.98876953125,0,-0.74462890625,0.06103515625,-1.23291015625,-0.0244140625,-0.2197265625,0.15869140625,-0.3173828125,-0.01220703125,-1.171875,0.4638671875,-1.1474609375,-0.35400390625,-1.01318359375,-0.0244140625,-0.98876953125,-0.0244140625,-0.57373046875,0.1953125,-0.2685546875,0.1953125,-0.7568359375,-0.15869140625,-0.52490234375,-0.1708984375,1.123046875,-0.0732421875,0.3662109375,-0.08544921875,0.06103515625,-0.0732421875,-0.03662109375,-0.25634765625,0.1953125,-0.09765625,-0.01220703125,-0.1220703125,0.79345703125,0.01220703125,-0.52490234375,0.06103515625,-0.537109375
1,-0.10986328125,-0.3173828125,0.1953125,-0.341796875,0.01220703125,-0.37841796875,-0.10986328125,-0.048828125,0.47607421875,-0.048828125,-0.09765625,-0.89111328125,-0.3662109375,1.123046875,-0.15869140625,-0.1953125,-0.06103515625,-0.64697265625,0.18310546875,-0.1953125,-0.3662109375,0.81787109375,0.10986328125,-0.7080078125,0.146484375,3.45458984375,-0.1953125,1.28173828125,-0.30517578125,3.6865234375,-0.439453125,2.587890625,0.29296875,-0.25634765625,-0.40283203125,-0.84228515625,0.18310546875,-0.439453125,-0.15869140625,-0.7568359375,-0.1220703125,-0.1953125,-0.18310546875,-0.7080078125,0.01220703125,-0.30517578125,0,0.68359375,0.03662109375,1.1474609375,-0.1220703125,0.439453125,-0.42724609375,0.0732421875,-0.5126953125,0.72021484375,-0.15869140625,3.3447265625,0.03662109375,3.40576171875,-0.23193359375,2.55126953125,0.1220703125,2.91748046875,-0.15869140625,0.1708984375,-0.1220703125,1.025390625,-0.06103515625,0.23193359375,-0.09765625,0.18310546875,-0.23193359375,0.25634765625,0.244140625,0.87890625,0.048828125,-0.0244140625,-0.048828125,1.318359375,0.1220703125,-1.0009765625,-0.08544921875,-0.35400390625,-0.2685546875,-0.9765625,-0.10986328125,-0.72021484375,0.03662109375,-1.1474609375,-0.06103515625,-0.20751953125,0.09765625,-0.29296875,-0.06103515625,-1.1962890625,0.4638671875,-1.1474609375,-0.30517578125,-1.025390625,0.10986328125,-0.9765625,-0.0244140625,-0.5615234375,0.146484375,-0.25634765625,0.10986328125,-0.78125,-0.15869140625,-0.5615234375,-0.1708984375,1.0986328125,-0.09765625,0.37841796875,-0.10986328125,0.03662109375,-0.08544921875,-0.0244140625,-0.25634765625,0.146484375,-0.08544921875,-0.03662109375,-0.13427734375,0.78125,-0.01220703125,-0.52490234375,0.09765625,-0.52490234375
1,-0.1220703125,-0.32958984375,0.18310546875,-0.32958984375,0.03662109375,-0.42724609375,-0.09765625,-0.048828125,0.4638671875,-0.0732421875,-0.08544921875,-0.87890625,-0.32958984375,1.11083984375,-0.1953125,-0.1953125,-0.048828125,-0.6591796875,0.1953125,-0.20751953125,-0.18310546875,0.8056640625,0.0244140625,-0.7080078125,0.1953125,2.6123046875,-0.18310546875,0.9033203125,-0.37841796875,3.21044921875,-0.30517578125,2.1240234375,0.28076171875,-0.244140625,-0.29296875,-0.8544921875,0.18310546875,-0.4638671875,-0.048828125,-0.76904296875,-0.08544921875,-0.20751953125,-0.1953125,-0.72021484375,-0.0244140625,-0.2685546875,0.01220703125,0.67138671875,0,1.13525390625,-0.09765625,0.42724609375,-0.45166015625,0.0732421875,-0.5859375,0.7080078125,-0.08544921875,2.20947265625,0,2.0751953125,-0.20751953125,1.8798828125,0.13427734375,1.77001953125,-0.13427734375,0.1708984375,-0.0732421875,1.025390625,-0.0732421875,0.244140625,-0.06103515625,0.15869140625,-0.20751953125,0.244140625,0.2685546875,0.8544921875,0.048828125,0.01220703125,-0.08544921875,1.2939453125,0.10986328125,-0.98876953125,-0.1220703125,-0.35400390625,-0.13427734375,-0.96435546875,-0.23193359375,-0.74462890625,-0.03662109375,-1.08642578125,-0.1220703125,-0.20751953125,0.03662109375,-0.29296875,-0.06103515625,-1.171875,0.439453125,-1.1474609375,-0.20751953125,-1.01318359375,0.23193359375,-0.9765625,0.01220703125,-0.54931640625,0.03662109375,-0.28076171875,-0.01220703125,-0.8544921875,-0.1220703125,-0.62255859375,-0.1220703125,1.025390625,-0.09765625,0.37841796875,-0.1220703125,0.03662109375,-0.0732421875,0,-0.25634765625,0.146484375,-0.10986328125,-0.03662109375,-0.10986328125,0.76904296875,-0.03662109375,-0.5126953125,0.09765625,-0.50048828125
1,-0.146484375,-0.30517578125,0.1708984375,-0.3662109375,0.0732421875,-0.4150390625,-0.10986328125,-0.06103515625,0.4638671875,-0.06103515625,-0.09765625,-0.86669921875,-0.32958984375,1.11083984375,-0.20751953125,-0.18310546875,-0.06103515625,-0.6591796875,0.20751953125,-0.1953125,-0.0732421875,0.84228515625,0,-0.69580078125,0.1953125,1.7822265625,-0.1708984375,0.5126953125,-0.48828125,2.72216796875,-0.20751953125,1.69677734375,0.15869140625,-0.244140625,-0.15869140625,-0.86669921875,0.1220703125,-0.439453125,-0.01220703125,-0.76904296875,-0.06103515625,-0.2197265625,-0.15869140625,-0.72021484375,-0.0732421875,-0.28076171875,-0.0244140625,0.6103515625,-0.01220703125,1.13525390625,-0.1220703125,0.40283203125,-0.439453125,0.03662109375,-0.54931640625,0.69580078125,-0.0244140625,1.20849609375,-0.03662109375,0.96435546875,-0.1953125,1.2939453125,0.1708984375,0.76904296875,-0.06103515625,0.18310546875,-0.01220703125,1.01318359375,-0.08544921875,0.23193359375,-0.03662109375,0.1708984375,-0.146484375,0.23193359375,0.25634765625,0.84228515625,0.0244140625,0,-0.146484375,1.30615234375,0.08544921875,-0.98876953125,-0.146484375,-0.3662109375,-0.06103515625,-0.9765625,-0.35400390625,-0.732421875,-0.0732421875,-1.06201171875,-0.15869140625,-0.20751953125,0.01220703125,-0.28076171875,-0.048828125,-1.18408203125,0.3662109375,-1.1474609375,-0.09765625,-1.025390625,0.32958984375,-0.98876953125,0.0244140625,-0.5615234375,0,-0.32958984375,-0.0244140625,-0.9521484375,-0.06103515625,-0.68359375,-0.0732421875,0.9521484375,-0.08544921875,0.3662109375,-0.13427734375,0.03662109375,-0.0732421875,-0.01220703125,-0.2197265625,0.09765625,-0.09765625,-0.03662109375,-0.13427734375,0.76904296875,-0.06103515625,-0.50048828125,0.0732421875,-0.5126953125
1,-0.146484375,-0.32958984375,0.15869140625,-0.35400390625,0.08544921875,-0.4150390625,-0.0732421875,-0.0732421875,0.439453125,-0.048828125,-0.1220703125,-0.86669921875,-0.28076171875,1.123046875,-0.23193359375,-0.1953125,-0.0732421875,-0.6591796875,0.23193359375,-0.20751953125,-0.03662109375,0.8544921875,-0.01220703125,-0.6591796875,0.25634765625,1.07421875,-0.10986328125,0.2197265625,-0.4638671875,2.294921875,-0.01220703125,1.3671875,0.048828125,-0.29296875,-0.06103515625,-0.89111328125,0.08544921875,-0.439453125,0.048828125,-0.78125,-0.08544921875,-0.23193359375,-0.08544921875,-0.69580078125,-0.10986328125,-0.32958984375,-0.048828125,0.59814453125,-0.0244140625,1.1474609375,-0.1220703125,0.40283203125,-0.32958984375,-0.01220703125,-0.52490234375,0.69580078125,0.01220703125,0.42724609375,-0.06103515625,0.15869140625,-0.28076171875,0.84228515625,0.13427734375,0.0244140625,-0.06103515625,0.2197265625,0.0244140625,1.03759765625,-0.06103515625,0.23193359375,0,0.146484375,-0.0732421875,0.23193359375,0.2685546875,0.8544921875,-0.01220703125,0.0244140625,-0.15869140625,1.2939453125,0.048828125,-0.9765625,-0.1708984375,-0.3662109375,-0.048828125,-0.98876953125,-0.4150390625,-0.76904296875,-0.06103515625,-1.01318359375,-0.23193359375,-0.20751953125,-0.03662109375,-0.29296875,-0.048828125,-1.18408203125,0.35400390625,-1.1474609375,0,-1.01318359375,0.390625,-0.9765625,0.048828125,-0.537109375,-0.048828125,-0.3662109375,-0.1220703125,-1.025390625,-0.03662109375,-0.732421875,-0.06103515625,0.87890625,-0.08544921875,0.3662109375,-0.146484375,0.06103515625,-0.0732421875,0,-0.18310546875,0.10986328125,-0.09765625,-0.0244140625,-0.15869140625,0.78125,-0.06103515625,-0.47607421875,0.0732421875,-0.5126953125
0,-0.146484375,-0.341796875,0.15869140625,-0.37841796875,0.09765625,-0.439453125,-0.03662109375,-0.09765625,0.5126953125,-0.03662109375,-0.1220703125,-0.86669921875,-0.32958984375,1.11083984375,-0.2197265625,-0.1953125,-0.06103515625,-0.64697265625,0.28076171875,-0.20751953125,-0.048828125,0.86669921875,0.01220703125,-0.6591796875,0.28076171875,0.6103515625,-0.0732421875,-0.01220703125,-0.42724609375,2.03857421875,0.08544921875,1.171875,-0.01220703125,-0.3662109375,-0.03662109375,-0.87890625,0.01220703125,-0.439453125,0.10986328125,-0.76904296875,-0.10986328125,-0.20751953125,0.01220703125,-0.67138671875,-0.15869140625,-0.37841796875,0.01220703125,0.59814453125,-0.03662109375,1.15966796875,-0.10986328125,0.4150390625,-0.244140625,-0.06103515625,-0.50048828125,0.68359375,0.048828125,-0.1220703125,-0.0732421875,-0.341796875,-0.4150390625,0.52490234375,0.146484375,-0.4638671875,-0.09765625,0.2197265625,0.08544921875,1.025390625,-0.03662109375,0.2197265625,0.03662109375,0.15869140625,0.01220703125,0.244140625,0.23193359375,0.8056640625,-0.0732421875,0.048828125,-0.146484375,1.30615234375,0.0244140625,-0.96435546875,-0.18310546875,-0.3662109375,-0.06103515625,-1.0009765625,-0.341796875,-0.78125,-0.0732421875,-1.0009765625,-0.25634765625,-0.1953125,0,-0.29296875,-0.048828125,-1.171875,0.4150390625,-1.1474609375,0.06103515625,-1.01318359375,0.40283203125,-0.98876953125,0.03662109375,-0.537109375,-0.09765625,-0.40283203125,-0.1708984375,-1.06201171875,-0.0244140625,-0.74462890625,-0.09765625,0.830078125,-0.06103515625,0.37841796875,-0.1708984375,0.06103515625,-0.0732421875,-0.01220703125,-0.15869140625,0.13427734375,-0.10986328125,-0.03662109375,-0.15869140625,0.7568359375,-0.048828125,-0.47607421875,0.09765625,-0.5126953125
0,-0.18310546875,-0.341796875,0.15869140625,-0.37841796875,0.09765625,-0.4150390625,-0.03662109375,-0.10986328125,0.52490234375,-0.01220703125,-0.09765625,-0.86669921875,-0.32958984375,1.11083984375,-0.20751953125,-0.20751953125,-0.048828125,-0.634765625,0.30517578125,-0.20751953125,-0.146484375,0.8544921875,0.06103515625,-0.62255859375,0.3173828125,0.4638671875,-0.01220703125,-0.0732421875,-0.29296875,1.9287109375,0.1708984375,1.1474609375,-0.06103515625,-0.35400390625,-0.0244140625,-0.9033203125,-0.10986328125,-0.4150390625,0.1220703125,-0.78125,-0.146484375,-0.20751953125,0.09765625,-0.68359375,-0.15869140625,-0.3662109375,0.06103515625,0.634765625,-0.01220703125,1.1474609375,-0.13427734375,0.42724609375,-0.18310546875,-0.10986328125,-0.47607421875,0.7080078125,0.03662109375,-0.42724609375,-0.0732421875,-0.537109375,-0.48828125,0.3173828125,0.10986328125,-0.74462890625,-0.0732421875,0.23193359375,0.146484375,1.01318359375,-0.0244140625,0.1953125,0.03662109375,0.15869140625,0.1220703125,0.23193359375,0.13427734375,0.830078125,-0.13427734375,0.03662109375,-0.13427734375,1.28173828125,0,-0.96435546875,-0.18310546875,-0.3662109375,-0.13427734375,-1.025390625,-0.244140625,-0.78125,-0.06103515625,-0.98876953125,-0.25634765625,-0.23193359375,0.06103515625,-0.29296875,-0.0732421875,-1.18408203125,0.52490234375,-1.15966796875,0.10986328125,-1.01318359375,0.32958984375,-1.01318359375,0.03662109375,-0.54931640625,-0.146484375,-0.40283203125,-0.28076171875,-1.08642578125,-0.06103515625,-0.74462890625,-0.15869140625,0.81787109375,-0.048828125,0.37841796875,-0.15869140625,0.048828125,-0.0732421875,-0.0244140625,-0.146484375,0.1708984375,-0.09765625,-0.03662109375,-0.18310546875,0.78125,-0.048828125,-0.4638671875,0.06103515625,-0.52490234375
0,-0.2197265625,-0.35400390625,0.15869140625,-0.37841796875,0.10986328125,-0.42724609375,-0.06103515625,-0.08544921875,0.5126953125,0,-0.06103515625,-0.87890625,-0.341796875,1.123046875,-0.20751953125,-0.1953125,-0.0244140625,-0.634765625,0.28076171875,-0.1953125,-0.2685546875,0.84228515625,0.1220703125,-0.634765625,0.32958984375,0.7080078125,0.0244140625,0.0732421875,-0.15869140625,2.099609375,0.10986328125,1.318359375,0,-0.390625,-0.13427734375,-0.9033203125,-0.18310546875,-0.37841796875,0.13427734375,-0.76904296875,-0.1708984375,-0.1953125,0.13427734375,-0.68359375,-0.10986328125,-0.4150390625,0.15869140625,0.64697265625,-0.048828125,1.15966796875,-0.10986328125,0.45166015625,-0.1220703125,-0.146484375,-0.439453125,0.7080078125,0.01220703125,-0.5859375,-0.08544921875,-0.5615234375,-0.537109375,0.1953125,0.13427734375,-0.84228515625,-0.06103515625,0.244140625,0.15869140625,1.01318359375,0.01220703125,0.15869140625,0.06103515625,0.146484375,0.18310546875,0.2197265625,0.03662109375,0.8056640625,-0.1708984375,0.03662109375,-0.13427734375,1.2939453125,0.01220703125,-0.9521484375,-0.18310546875,-0.35400390625,-0.20751953125,-1.03759765625,-0.08544921875,-0.8056640625,-0.0244140625,-1.01318359375,-0.244140625,-0.2685546875,0.146484375,-0.29296875,-0.06103515625,-1.18408203125,0.6103515625,-1.1474609375,0.18310546875,-0.9765625,0.2685546875,-1.025390625,0.0244140625,-0.54931640625,-0.06103515625,-0.341796875,-0.244140625,-1.03759765625,-0.03662109375,-0.69580078125,-0.09765625,0.9033203125,-0.0244140625,0.390625,-0.18310546875,0.06103515625,-0.0732421875,0,-0.10986328125,0.18310546875,-0.09765625,-0.03662109375,-0.1953125,0.8056640625,-0.0244140625,-0.4638671875,0.0732421875,-0.5126953125
0,-0.244140625,-0.341796875,0.15869140625,-0.3662109375,0.146484375,-0.42724609375,-0.048828125,-0.06103515625,0.47607421875,0.01220703125,-0.06103515625,-0.86669921875,-0.30517578125,1.11083984375,-0.1953125,-0.146484375,-0.03662109375,-0.62255859375,0.2197265625,-0.1953125,-0.37841796875,0.8544921875,0.13427734375,-0.634765625,0.42724609375,1.2939453125,0.0732421875,0.3662109375,-0.048828125,2.45361328125,0.01220703125,1.6845703125,0.0732421875,-0.439453125,-0.244140625,-0.9033203125,-0.15869140625,-0.37841796875,0.0732421875,-0.76904296875,-0.1220703125,-0.18310546875,0.10986328125,-0.67138671875,-0.08544921875,-0.439453125,0.18310546875,0.67138671875,-0.06103515625,1.1474609375,-0.13427734375,0.47607421875,-0.0732421875,-0.1953125,-0.3662109375,0.72021484375,-0.09765625,-0.57373046875,-0.20751953125,-0.4150390625,-0.62255859375,0.10986328125,0.06103515625,-0.81787109375,-0.03662109375,0.25634765625,0.1708984375,1.03759765625,0.03662109375,0.146484375,0.03662109375,0.146484375,0.20751953125,0.23193359375,-0.0244140625,0.76904296875,-0.1708984375,0.03662109375,-0.15869140625,1.30615234375,0.0732421875,-0.9521484375,-0.1708984375,-0.3662109375,-0.25634765625,-1.025390625,0.048828125,-0.8056640625,0,-1.0498046875,-0.146484375,-0.2685546875,0.23193359375,-0.29296875,-0.08544921875,-1.15966796875,0.634765625,-1.1474609375,0.2197265625,-0.9765625,0.1708984375,-1.025390625,0.03662109375,-0.54931640625,0.06103515625,-0.23193359375,-0.29296875,-0.927734375,-0.06103515625,-0.6103515625,-0.10986328125,1.01318359375,-0.0244140625,0.37841796875,-0.18310546875,0.06103515625,-0.09765625,-0.01220703125,-0.09765625,0.20751953125,-0.09765625,-0.01220703125,-0.20751953125,0.81787109375,0.0244140625,-0.47607421875,0.06103515625,-0.537109375
0,-0.28076171875,-0.35400390625,0.15869140625,-0.35400390625,0.2197265625,-0.4150390625,-0.048828125,-0.0732421875,0.47607421875,0.01220703125,-0.1220703125,-0.87890625,-0.3173828125,1.0986328125,-0.20751953125,-0.146484375,-0.03662109375,-0.634765625,0.10986328125,-0.18310546875,-0.5126953125,0.84228515625,0.10986328125,-0.62255859375,0.48828125,2.24609375,0.18310546875,0.81787109375,0.10986328125,3.0029296875,0,2.2216796875,0.1708984375,-0.45166015625,-0.439453125,-0.89111328125,-0.146484375,-0.40283203125,-0.0732421875,-0.76904296875,-0.0732421875,-0.18310546875,0.0732421875,-0.6591796875,-0.0244140625,-0.4638671875,0.1953125,0.69580078125,-0.06103515625,1.13525390625,-0.13427734375,0.48828125,-0.0732421875,-0.20751953125,-0.23193359375,0.74462890625,-0.146484375,-0.5126953125,-0.23193359375,-0.244140625,-0.62255859375,0.048828125,0.08544921875,-0.732421875,0.01220703125,0.28076171875,0.15869140625,1.01318359375,0.0244140625,0.146484375,0.048828125,0.146484375,0.20751953125,0.244140625,-0.09765625,0.7568359375,-0.1708984375,0.0244140625,-0.1708984375,1.30615234375,0.06103515625,-0.98876953125,-0.15869140625,-0.35400390625,-0.28076171875,-1.025390625,0.146484375,-0.79345703125,0.0244140625,-1.07421875,-0.0732421875,-0.28076171875,0.29296875,-0.30517578125,-0.1708984375,-1.171875,0.64697265625,-1.15966796875,0.25634765625,-0.96435546875,0.048828125,-1.01318359375,0,-0.57373046875,0.146484375,-0.08544921875,-0.2197265625,-0.78125,-0.03662109375,-0.47607421875,-0.08544921875,1.18408203125,-0.03662109375,0.37841796875,-0.1953125,0.048828125,-0.0732421875,-0.01220703125,-0.09765625,0.2197265625,-0.09765625,-0.03662109375,-0.18310546875,0.830078125,0.03662109375,-0.48828125,0.0732421875,-0.52490234375
0,-0.30517578125,-0.341796875,0.15869140625,-0.35400390625,0.25634765625,-0.40283203125,-0.048828125,-0.06103515625,0.45166015625,0.01220703125,-0.15869140625,-0.87890625,-0.32958984375,1.08642578125,-0.20751953125,-0.146484375,-0.01220703125,-0.634765625,-0.01220703125,-0.18310546875,-0.59814453125,0.81787109375,0.0244140625,-0.62255859375,0.4150390625,3.466796875,0.20751953125,1.416015625,0.1708984375,3.74755859375,-0.06103515625,2.91748046875,0.2685546875,-0.4638671875,-0.6103515625,-0.87890625,-0.10986328125,-0.40283203125,-0.1708984375,-0.74462890625,-0.0244140625,-0.1953125,0.01220703125,-0.6591796875,0.0732421875,-0.45166015625,0.1220703125,0.7080078125,-0.01220703125,1.123046875,-0.2197265625,0.50048828125,-0.01220703125,-0.23193359375,-0.13427734375,0.732421875,-0.1953125,-0.390625,-0.2197265625,-0.048828125,-0.64697265625,0.03662109375,0.0244140625,-0.634765625,0.06103515625,0.30517578125,0.1220703125,1.025390625,0.06103515625,0.15869140625,0.0244140625,0.15869140625,0.1953125,0.25634765625,-0.13427734375,0.74462890625,-0.18310546875,-0.01220703125,-0.20751953125,1.318359375,0.08544921875,-0.9765625,-0.1708984375,-0.3662109375,-0.28076171875,-1.01318359375,0.23193359375,-0.8056640625,0.03662109375,-1.08642578125,-0.0244140625,-0.28076171875,0.37841796875,-0.30517578125,-0.15869140625,-1.18408203125,0.54931640625,-1.1474609375,0.2685546875,-0.98876953125,-0.048828125,-1.025390625,-0.048828125,-0.57373046875,0.08544921875,0.06103515625,-0.1708984375,-0.62255859375,-0.048828125,-0.341796875,-0.13427734375,1.35498046875,-0.01220703125,0.37841796875,-0.20751953125,0.03662109375,-0.0732421875,-0.01220703125,-0.09765625,0.244140625,-0.09765625,-0.03662109375,-0.18310546875,0.84228515625,0.0244140625,-0.48828125,0.048828125,-0.52490234375
0,-0.32958984375,-0.341796875,0.1708984375,-0.30517578125,0.244140625,-0.390625,-0.048828125,-0.048828125,0.47607421875,0.0244140625,-0.15869140625,-0.86669921875,-0.341796875,1.0986328125,-0.23193359375,-0.146484375,0.03662109375,-0.62255859375,-0.0732421875,-0.15869140625,-0.52490234375,0.8056640625,-0.08544921875,-0.64697265625,0.4638671875,4.82177734375,0.18310546875,2.13623046875,0.15869140625,4.60205078125,0.01220703125,3.62548828125,0.2685546875,-0.42724609375,-0.69580078125,-0.89111328125,-0.09765625,-0.42724609375,-0.20751953125,-0.7568359375,0.01220703125,-0.18310546875,-0.08544921875,-0.67138671875,0.09765625,-0.439453125,0.1220703125,0.7080078125,0.03662109375,1.0986328125,-0.25634765625,0.48828125,0.0244140625,-0.23193359375,0,0.72021484375,-0.25634765625,-0.28076171875,-0.244140625,0.0732421875,-0.6591796875,0.048828125,-0.06103515625,-0.537109375,0.13427734375,0.341796875,0.06103515625,1.025390625,0.0732421875,0.15869140625,-0.0244140625,0.1708984375,0.1708984375,0.244140625,-0.1220703125,0.79345703125,-0.1708984375,-0.01220703125,-0.2197265625,1.318359375,0.0732421875,-0.98876953125,-0.146484375,-0.35400390625,-0.2197265625,-1.0009765625,0.1708984375,-0.79345703125,0.03662109375,-1.123046875,0.048828125,-0.29296875,0.42724609375,-0.30517578125,-0.18310546875,-1.1962890625,0.390625,-1.123046875,0.244140625,-1.0009765625,-0.13427734375,-1.03759765625,-0.0732421875,-0.5859375,0.03662109375,0.20751953125,-0.1220703125,-0.47607421875,-0.09765625,-0.23193359375,-0.1708984375,1.513671875,-0.0244140625,0.390625,-0.244140625,0.0244140625,-0.0732421875,-0.01220703125,-0.10986328125,0.20751953125,-0.10986328125,-0.0244140625,-0.1708984375,0.81787109375,0,-0.48828125,0.06103515625,-0.52490234375
0,-0.341796875,-0.32958984375,0.146484375,-0.32958984375,0.2197265625,-0.390625,-0.048828125,-0.03662109375,0.48828125,0.01220703125,-0.15869140625,-0.86669921875,-0.390625,1.0986328125,-0.23193359375,-0.15869140625,0.08544921875,-0.6591796875,-0.1220703125,-0.15869140625,-0.47607421875,0.8056640625,-0.18310546875,-0.68359375,0.47607421875,6.16455078125,0.10986328125,2.8076171875,0.048828125,5.4443359375,0.08544921875,4.35791015625,0.23193359375,-0.40283203125,-0.69580078125,-0.89111328125,-0.09765625,-0.45166015625,-0.20751953125,-0.76904296875,0,-0.2197265625,-0.146484375,-0.68359375,0.10986328125,-0.42724609375,0.1220703125,0.72021484375,0.08544921875,1.0986328125,-0.30517578125,0.4638671875,0.06103515625,-0.244140625,0.13427734375,0.7080078125,-0.28076171875,-0.1953125,-0.3173828125,0.1220703125,-0.64697265625,0.01220703125,-0.146484375,-0.47607421875,0.1708984375,0.35400390625,0.01220703125,1.025390625,0.0732421875,0.1708984375,-0.0732421875,0.1953125,0.1220703125,0.2197265625,-0.1708984375,0.84228515625,-0.13427734375,-0.0244140625,-0.244140625,1.318359375,0.08544921875,-1.0009765625,-0.1220703125,-0.35400390625,-0.1953125,-0.98876953125,0.06103515625,-0.8056640625,0.06103515625,-1.15966796875,0.09765625,-0.29296875,0.439453125,-0.3173828125,-0.10986328125,-1.220703125,0.23193359375,-1.13525390625,0.18310546875,-1.0009765625,-0.1953125,-1.025390625,-0.1220703125,-0.57373046875,-0.0244140625,0.2685546875,-0.03662109375,-0.40283203125,-0.146484375,-0.1953125,-0.1708984375,1.59912109375,-0.01220703125,0.37841796875,-0.2685546875,0,-0.0732421875,0,-0.06103515625,0.1953125,-0.10986328125,-0.0244140625,-0.13427734375,0.81787109375,-0.01220703125,-0.5126953125,0.08544921875,-0.50048828125
0,-0.3662109375,-0.341796875,0.15869140625,-0.32958984375,0.2197265625,-0.40283203125,-0.03662109375,-0.03662109375,0.48828125,0.01220703125,-0.146484375,-0.8544921875,-0.37841796875,1.11083984375,-0.23193359375,-0.1708984375,0.08544921875,-0.634765625,-0.10986328125,-0.146484375,-0.35400390625,0.81787109375,-0.25634765625,-0.7080078125,0.47607421875,7.38525390625,0.06103515625,3.45458984375,-0.08544921875,6.26220703125,0.18310546875,5.04150390625,0.08544921875,-0.37841796875,-0.6103515625,-0.89111328125,-0.1708984375,-0.5126953125,-0.18310546875,-0.78125,-0.08544921875,-0.2197265625,-0.1953125,-0.67138671875,0.08544921875,-0.37841796875,0.08544921875,0.69580078125,0.08544921875,1.0986328125,-0.30517578125,0.45166015625,0.1708984375,-0.2685546875,0.20751953125,0.68359375,-0.341796875,-0.146484375,-0.341796875,0.13427734375,-0.59814453125,0.03662109375,-0.1953125,-0.4638671875,0.1708984375,0.32958984375,-0.0732421875,1.0498046875,0.048828125,0.1708984375,-0.146484375,0.20751953125,0.0732421875,0.2197265625,-0.13427734375,0.8544921875,-0.0732421875,-0.0244140625,-0.29296875,1.318359375,0.08544921875,-1.01318359375,-0.09765625,-0.3662109375,-0.146484375,-0.98876953125,-0.08544921875,-0.79345703125,0.09765625,-1.171875,0.10986328125,-0.28076171875,0.390625,-0.3173828125,-0.06103515625,-1.220703125,0.048828125,-1.15966796875,0.13427734375,-1.0009765625,-0.244140625,-1.01318359375,-0.1708984375,-0.57373046875,-0.03662109375,0.28076171875,0.0732421875,-0.3662109375,-0.15869140625,-0.20751953125,-0.18310546875,1.611328125,-0.03662109375,0.37841796875,-0.2685546875,0.01220703125,-0.08544921875,-0.01220703125,-0.0732421875,0.1708984375,-0.09765625,-0.01220703125,-0.13427734375,0.81787109375,-0.0244140625,-0.5126953125,0.09765625,-0.48828125
0,-0.390625,-0.341796875,0.15869140625,-0.341796875,0.18310546875,-0.40283203125,-0.0244140625,-0.03662109375,0.4638671875,0.01220703125,-0.146484375,-0.86669921875,-0.35400390625,1.0986328125,-0.25634765625,-0.15869140625,0.048828125,-0.6591796875,-0.03662109375,-0.146484375,-0.2197265625,0.830078125,-0.28076171875,-0.732421875,0.341796875,8.38623046875,0.0244140625,3.9794921875,-0.20751953125,6.9091796875,0.1953125,5.56640625,-0.0732421875,-0.32958984375,-0.47607421875,-0.89111328125,-0.1708984375,-0.52490234375,-0.18310546875,-0.78125,-0.15869140625,-0.244140625,-0.1953125,-0.7080078125,0.0244140625,-0.35400390625,0.0732421875,0.68359375,0.09765625,1.123046875,-0.25634765625,0.42724609375,0.1953125,-0.25634765625,0.28076171875,0.68359375,-0.3173828125,-0.10986328125,-0.390625,0.0732421875,-0.48828125,0.0732421875,-0.25634765625,-0.4638671875,0.15869140625,0.32958984375,-0.13427734375,1.01318359375,-0.01220703125,0.15869140625,-0.1708984375,0.20751953125,0.0244140625,0.2197265625,-0.1220703125,0.89111328125,-0.048828125,0,-0.32958984375,1.318359375,0.0732421875,-1.0009765625,-0.1220703125,-0.3662109375,-0.13427734375,-0.98876953125,-0.20751953125,-0.78125,0.13427734375,-1.18408203125,0.09765625,-0.2685546875,0.3662109375,-0.30517578125,0,-1.220703125,-0.0244140625,-1.171875,0.03662109375,-1.025390625,-0.2685546875,-1.01318359375,-0.1708984375,-0.5615234375,-0.048828125,0.2197265625,0.10986328125,-0.40283203125,-0.1708984375,-0.244140625,-0.146484375,1.5380859375,-0.01220703125,0.37841796875,-0.28076171875,0,-0.048828125,-0.03662109375,-0.06103515625,0.1708984375,-0.09765625,-0.0244140625,-0.146484375,0.8056640625,-0.03662109375,-0.50048828125,0.10986328125,-0.50048828125
0,-0.390625,-0.341796875,0.13427734375,-0.341796875,0.1708984375,-0.40283203125,-0.01220703125,-0.0244140625,0.439453125,0.048828125,-0.1708984375,-0.8544921875,-0.35400390625,1.123046875,-0.2685546875,-0.18310546875,-0.0244140625,-0.6591796875,0,-0.15869140625,-0.15869140625,0.830078125,-0.23193359375,-0.74462890625,0.25634765625,9.06982421875,0,4.33349609375,-0.341796875,7.3974609375,0.13427734375,5.96923828125,-0.23193359375,-0.3173828125,-0.30517578125,-0.9033203125,-0.25634765625,-0.5615234375,-0.06103515625,-0.79345703125,-0.2685546875,-0.244140625,-0.1708984375,-0.69580078125,-0.048828125,-0.341796875,0.09765625,0.634765625,0.0732421875,1.123046875,-0.25634765625,0.4150390625,0.1953125,-0.23193359375,0.30517578125,0.68359375,-0.2685546875,-0.10986328125,-0.3662109375,0.03662109375,-0.4638671875,0.13427734375,-0.23193359375,-0.439453125,0.15869140625,0.3173828125,-0.1953125,1.0009765625,-0.08544921875,0.146484375,-0.1708984375,0.20751953125,0.01220703125,0.18310546875,-0.1220703125,0.89111328125,0,-0.01220703125,-0.30517578125,1.318359375,0.048828125,-1.0009765625,-0.146484375,-0.3662109375,-0.15869140625,-1.01318359375,-0.2685546875,-0.8056640625,0.1708984375,-1.18408203125,0.048828125,-0.2685546875,0.29296875,-0.3173828125,0.08544921875,-1.2451171875,-0.08544921875,-1.171875,-0.0244140625,-1.0009765625,-0.30517578125,-1.025390625,-0.146484375,-0.5859375,-0.0244140625,0.13427734375,0.10986328125,-0.48828125,-0.15869140625,-0.35400390625,-0.13427734375,1.40380859375,-0.0244140625,0.37841796875,-0.29296875,0,-0.0732421875,-0.048828125,-0.0732421875,0.15869140625,-0.09765625,-0.01220703125,-0.13427734375,0.78125,-0.0244140625,-0.48828125,0.146484375,-0.52490234375
0,-0.4150390625,-0.35400390625,0.13427734375,-0.35400390625,0.146484375,-0.42724609375,0,-0.03662109375,0.40283203125,0.09765625,-0.1708984375,-0.86669921875,-0.3662109375,1.123046875,-0.25634765625,-0.1708984375,-0.10986328125,-0.634765625,0.06103515625,-0.146484375,-0.13427734375,0.830078125,-0.1220703125,-0.72021484375,0.18310546875,9.41162109375,-0.01220703125,4.4921875,-0.390625,7.65380859375,0.0244140625,6.1279296875,-0.3173828125,-0.32958984375,-0.1953125,-0.89111328125,-0.28076171875,-0.54931640625,0.01220703125,-0.8056640625,-0.40283203125,-0.2197265625,-0.10986328125,-0.69580078125,-0.15869140625,-0.32958984375,0.10986328125,0.6103515625,0.06103515625,1.13525390625,-0.20751953125,0.42724609375,0.2197265625,-0.2197265625,0.32958984375,0.6591796875,-0.25634765625,-0.0732421875,-0.341796875,0.01220703125,-0.50048828125,0.2197265625,-0.29296875,-0.4150390625,0.1708984375,0.2685546875,-0.25634765625,1.01318359375,-0.146484375,0.15869140625,-0.1708984375,0.1953125,-0.0244140625,0.1953125,-0.0732421875,0.8544921875,0.01220703125,0.0244140625,-0.29296875,1.2939453125,0.01220703125,-1.0009765625,-0.15869140625,-0.390625,-0.2685546875,-1.025390625,-0.2685546875,-0.78125,0.146484375,-1.20849609375,-0.03662109375,-0.2685546875,0.2197265625,-0.32958984375,0.13427734375,-1.26953125,-0.146484375,-1.15966796875,-0.0732421875,-0.98876953125,-0.29296875,-1.025390625,-0.09765625,-0.57373046875,0.0732421875,0.09765625,0.06103515625,-0.6103515625,-0.15869140625,-0.4638671875,-0.0732421875,1.26953125,-0.01220703125,0.37841796875,-0.30517578125,0.01220703125,-0.08544921875,-0.0732421875,-0.06103515625,0.1708984375,-0.08544921875,-0.01220703125,-0.15869140625,0.76904296875,0,-0.48828125,0.1220703125,-0.537109375
0,-0.45166015625,-0.341796875,0.10986328125,-0.35400390625,0.08544921875,-0.4150390625,0.0244140625,-0.048828125,0.40283203125,0.1220703125,-0.1953125,-0.87890625,-0.40283203125,1.13525390625,-0.28076171875,-0.18310546875,-0.1708984375,-0.64697265625,0.13427734375,-0.146484375,-0.146484375,0.86669921875,0.0244140625,-0.7080078125,0.10986328125,9.375,-0.0244140625,4.4677734375,-0.35400390625,7.65380859375,-0.048828125,6.103515625,-0.28076171875,-0.3662109375,-0.1220703125,-0.89111328125,-0.28076171875,-0.537109375,0.10986328125,-0.79345703125,-0.45166015625,-0.20751953125,-0.03662109375,-0.72021484375,-0.2685546875,-0.3662109375,0.10986328125,0.6103515625,0.03662109375,1.123046875,-0.13427734375,0.42724609375,0.1953125,-0.1953125,0.341796875,0.68359375,-0.18310546875,-0.06103515625,-0.32958984375,0,-0.4638671875,0.30517578125,-0.29296875,-0.390625,0.15869140625,0.28076171875,-0.28076171875,1.01318359375,-0.20751953125,0.1220703125,-0.146484375,0.20751953125,-0.06103515625,0.2197265625,-0.048828125,0.86669921875,0.03662109375,0.0244140625,-0.2197265625,1.30615234375,0,-1.01318359375,-0.1708984375,-0.37841796875,-0.3662109375,-1.03759765625,-0.244140625,-0.78125,0.15869140625,-1.20849609375,-0.08544921875,-0.244140625,0.18310546875,-0.32958984375,0.09765625,-1.2451171875,-0.1220703125,-1.15966796875,-0.13427734375,-0.98876953125,-0.28076171875,-1.0498046875,-0.03662109375,-0.57373046875,0.15869140625,0.1220703125,0.01220703125,-0.68359375,-0.1220703125,-0.537109375,-0.048828125,1.171875,0,0.35400390625,-0.29296875,0.0244140625,-0.0732421875,-0.0732421875,-0.0244140625,0.15869140625,-0.08544921875,-0.01220703125,-0.1708984375,0.7568359375,0.03662109375,-0.4638671875,0.1220703125,-0.54931640625
1,-0.45166015625,-0.35400390625,0.1220703125,-0.37841796875,0.048828125,-0.40283203125,0.0244140625,-0.08544921875,0.439453125,0.18310546875,-0.1708984375,-0.8544921875,-0.37841796875,1.13525390625,-0.28076171875,-0.1953125,-0.146484375,-0.634765625,0.244140625,-0.146484375,-0.1953125,0.87890625,0.18310546875,-0.67138671875,0.06103515625,9.0087890625,-0.06103515625,4.2724609375,-0.28076171875,7.40966796875,-0.10986328125,5.84716796875,-0.15869140625,-0.4150390625,-0.09765625,-0.9033203125,-0.30517578125,-0.52490234375,0.1953125,-0.76904296875,-0.439453125,-0.1953125,0.01220703125,-0.68359375,-0.35400390625,-0.4150390625,0.10986328125,0.5859375,0.01220703125,1.123046875,-0.13427734375,0.45166015625,0.20751953125,-0.18310546875,0.35400390625,0.7080078125,-0.1220703125,-0.0244140625,-0.3662109375,0.01220703125,-0.45166015625,0.40283203125,-0.2685546875,-0.3173828125,0.10986328125,0.25634765625,-0.30517578125,1.0009765625,-0.244140625,0.10986328125,-0.09765625,0.18310546875,-0.1220703125,0.23193359375,-0.01220703125,0.8544921875,0.0244140625,0.03662109375,-0.10986328125,1.30615234375,-0.0244140625,-0.98876953125,-0.1953125,-0.37841796875,-0.4638671875,-1.03759765625,-0.15869140625,-0.79345703125,0.15869140625,-1.220703125,-0.13427734375,-0.20751953125,0.1220703125,-0.32958984375,0.01220703125,-1.2451171875,-0.0732421875,-1.18408203125,-0.1953125,-0.96435546875,-0.25634765625,-1.03759765625,0.03662109375,-0.57373046875,0.1953125,0.3173828125,-0.1220703125,-0.67138671875,-0.1708984375,-0.54931640625,-0.08544921875,1.15966796875,-0.03662109375,0.3662109375,-0.2685546875,0.03662109375,-0.0732421875,-0.10986328125,-0.0244140625,0.1708984375,-0.08544921875,-0.03662109375,-0.18310546875,0.732421875,0.08544921875,-0.4638671875,0.1220703125,-0.57373046875
1,-0.5126953125,-0.32958984375,0.09765625,-0.40283203125,0.048828125,-0.40283203125,0,-0.09765625,0.439453125,0.23193359375,-0.1708984375,-0.87890625,-0.3662109375,1.1474609375,-0.28076171875,-0.1953125,-0.1220703125,-0.634765625,0.3173828125,-0.15869140625,-0.23193359375,0.87890625,0.3173828125,-0.64697265625,0.03662109375,8.36181640625,-0.06103515625,3.89404296875,-0.146484375,7.0068359375,-0.146484375,5.46875,-0.01220703125,-0.439453125,-0.08544921875,-0.87890625,-0.23193359375,-0.5126953125,0.20751953125,-0.74462890625,-0.42724609375,-0.1953125,0.01220703125,-0.68359375,-0.390625,-0.45166015625,0.09765625,0.5859375,0,1.1474609375,-0.08544921875,0.45166015625,0.2197265625,-0.146484375,0.3173828125,0.72021484375,0,0.048828125,-0.29296875,0.0732421875,-0.42724609375,0.4638671875,-0.244140625,-0.20751953125,0.0732421875,0.20751953125,-0.341796875,1.0009765625,-0.28076171875,0.09765625,-0.0244140625,0.146484375,-0.1708984375,0.23193359375,0.0244140625,0.84228515625,0.0244140625,0.01220703125,-0.03662109375,1.30615234375,-0.048828125,-1.0009765625,-0.18310546875,-0.3662109375,-0.52490234375,-1.025390625,-0.09765625,-0.76904296875,0.08544921875,-1.220703125,-0.15869140625,-0.20751953125,0.08544921875,-0.3173828125,-0.08544921875,-1.220703125,-0.0732421875,-1.15966796875,-0.13427734375,-0.9765625,-0.1953125,-1.025390625,0.09765625,-0.57373046875,0.25634765625,0.69580078125,-0.244140625,-0.537109375,-0.15869140625,-0.439453125,-0.0732421875,1.2939453125,-0.06103515625,0.3662109375,-0.25634765625,0.06103515625,-0.0732421875,-0.09765625,-0.01220703125,0.1953125,-0.08544921875,-0.03662109375,-0.1953125,0.732421875,0.08544921875,-0.48828125,0.13427734375,-0.57373046875
1,-0.50048828125,-0.32958984375,0.08544921875,-0.42724609375,0.0732421875,-0.40283203125,-0.01220703125,-0.09765625,0.42724609375,0.28076171875,-0.1708984375,-0.86669921875,-0.3662109375,1.13525390625,-0.30517578125,-0.20751953125,-0.0732421875,-0.634765625,0.3173828125,-0.146484375,-0.244140625,0.8544921875,0.37841796875,-0.62255859375,0.048828125,7.50732421875,-0.06103515625,3.43017578125,-0.0244140625,6.40869140625,-0.146484375,4.96826171875,0.18310546875,-0.47607421875,-0.09765625,-0.87890625,-0.18310546875,-0.5126953125,0.20751953125,-0.72021484375,-0.29296875,-0.1708984375,-0.0244140625,-0.67138671875,-0.37841796875,-0.4638671875,0.13427734375,0.5859375,-0.01220703125,1.1474609375,-0.01220703125,0.48828125,0.0732421875,-0.15869140625,0.29296875,0.74462890625,-0.06103515625,0.10986328125,-0.37841796875,0.13427734375,-0.50048828125,0.5126953125,-0.30517578125,-0.13427734375,0.03662109375,0.23193359375,-0.341796875,0.9765625,-0.3173828125,0.09765625,0.01220703125,0.13427734375,-0.2197265625,0.244140625,0.06103515625,0.830078125,0.06103515625,0,0,1.30615234375,-0.08544921875,-0.98876953125,-0.1708984375,-0.37841796875,-0.52490234375,-1.0009765625,-0.03662109375,-0.76904296875,0.01220703125,-1.25732421875,-0.1708984375,-0.23193359375,0.01220703125,-0.32958984375,-0.15869140625,-1.20849609375,-0.08544921875,-1.15966796875,-0.09765625,-0.9521484375,-0.1708984375,-1.01318359375,0.146484375,-0.5615234375,0.13427734375,1.26953125,-0.30517578125,-0.244140625,-0.1953125,-0.1953125,-0.0732421875,1.611328125,-0.0732421875,0.3662109375,-0.2197265625,0.06103515625,-0.08544921875,-0.08544921875,-0.01220703125,0.1953125,-0.09765625,-0.048828125,-0.2197265625,0.732421875,0.0732421875,-0.50048828125,0.146484375,-0.5859375
1,-0.50048828125,-0.341796875,0.0732421875,-0.390625,0.1220703125,-0.40283203125,-0.0244140625,-0.09765625,0.32958984375,0.30517578125,-0.20751953125,-0.87890625,-0.32958984375,1.13525390625,-0.30517578125,-0.1953125,-0.048828125,-0.62255859375,0.25634765625,-0.15869140625,-0.23193359375,0.86669921875,0.42724609375,-0.6103515625,0.09765625,6.5673828125,-0.01220703125,2.86865234375,0.10986328125,5.7373046875,-0.1220703125,4.33349609375,0.28076171875,-0.50048828125,-0.1220703125,-0.86669921875,-0.13427734375,-0.48828125,0.09765625,-0.67138671875,-0.1708984375,-0.1708984375,-0.03662109375,-0.64697265625,-0.3173828125,-0.48828125,0.146484375,0.6103515625,0,1.1474609375,-0.06103515625,0.4638671875,0.048828125,-0.13427734375,0.25634765625,0.7568359375,0.01220703125,0.13427734375,-0.30517578125,0.20751953125,-0.47607421875,0.52490234375,-0.1953125,-0.048828125,0,0.20751953125,-0.32958984375,1.0009765625,-0.32958984375,0.13427734375,0.048828125,0.13427734375,-0.25634765625,0.23193359375,0.0732421875,0.84228515625,0.09765625,-0.01220703125,0.03662109375,1.318359375,-0.09765625,-0.9765625,-0.13427734375,-0.3662109375,-0.45166015625,-1.01318359375,-0.06103515625,-0.78125,-0.0732421875,-1.26953125,-0.146484375,-0.2197265625,-0.048828125,-0.3173828125,-0.18310546875,-1.18408203125,-0.048828125,-1.15966796875,-0.048828125,-0.9765625,-0.08544921875,-1.0009765625,0.18310546875,-0.57373046875,0.18310546875,2.08740234375,-0.390625,0.146484375,-0.146484375,0.13427734375,-0.048828125,2.0751953125,-0.09765625,0.35400390625,-0.1953125,0.06103515625,-0.0732421875,-0.0732421875,-0.01220703125,0.20751953125,-0.10986328125,-0.048828125,-0.2197265625,0.74462890625,0.06103515625,-0.50048828125,0.1708984375,-0.6103515625
1,-0.537109375,-0.35400390625,0.0732421875,-0.37841796875,0.13427734375,-0.4150390625,-0.0244140625,-0.09765625,0.341796875,0.3173828125,-0.23193359375,-0.8544921875,-0.3173828125,1.123046875,-0.29296875,-0.1953125,0,-0.634765625,0.146484375,-0.1708984375,-0.2197265625,0.8544921875,0.390625,-0.62255859375,0.13427734375,5.5419921875,0.048828125,2.30712890625,0.1708984375,5.029296875,-0.048828125,3.72314453125,0.32958984375,-0.47607421875,-0.20751953125,-0.84228515625,-0.146484375,-0.48828125,0.13427734375,-0.634765625,-0.01220703125,-0.18310546875,-0.048828125,-0.62255859375,-0.2197265625,-0.48828125,0.1708984375,0.6591796875,0.0244140625,1.15966796875,-0.01220703125,0.45166015625,-0.0732421875,-0.15869140625,0.20751953125,0.74462890625,0.048828125,0.1953125,-0.13427734375,0.28076171875,-0.390625,0.5126953125,-0.0732421875,0.01220703125,-0.048828125,0.23193359375,-0.30517578125,1.0009765625,-0.30517578125,0.15869140625,0.03662109375,0.146484375,-0.2685546875,0.244140625,0.1220703125,0.830078125,0.13427734375,-0.0244140625,0.03662109375,1.30615234375,-0.10986328125,-0.96435546875,-0.08544921875,-0.3662109375,-0.35400390625,-1.0009765625,-0.10986328125,-0.78125,-0.146484375,-1.30615234375,-0.15869140625,-0.244140625,-0.08544921875,-0.29296875,-0.23193359375,-1.171875,-0.048828125,-1.13525390625,0.01220703125,-0.9765625,-0.0732421875,-0.9765625,0.20751953125,-0.5615234375,0.1220703125,3.01513671875,-0.3662109375,0.64697265625,-0.1220703125,0.57373046875,-0.048828125,2.64892578125,-0.09765625,0.37841796875,-0.18310546875,0.048828125,-0.08544921875,-0.06103515625,-0.01220703125,0.20751953125,-0.13427734375,-0.048828125,-0.2197265625,0.74462890625,0.048828125,-0.50048828125,0.1708984375,-0.62255859375
1,-0.537109375,-0.341796875,0.048828125,-0.341796875,0.1708984375,-0.40283203125,-0.0244140625,-0.06103515625,0.32958984375,0.2685546875,-0.244140625,-0.87890625,-0.29296875,1.0986328125,-0.30517578125,-0.1708984375,0.01220703125,-0.634765625,0.0732421875,-0.1708984375,-0.18310546875,0.81787109375,0.2685546875,-0.634765625,0.1953125,4.541015625,0.08544921875,1.74560546875,0.15869140625,4.3212890625,0.03662109375,3.076171875,0.25634765625,-0.45166015625,-0.2197265625,-0.830078125,-0.13427734375,-0.4638671875,0.06103515625,-0.54931640625,0.1220703125,-0.146484375,-0.06103515625,-0.634765625,-0.1220703125,-0.4638671875,0.15869140625,0.69580078125,0.06103515625,1.1474609375,-0.01220703125,0.45166015625,-0.09765625,-0.13427734375,0.146484375,0.732421875,-0.09765625,0.28076171875,-0.1953125,0.341796875,-0.3662109375,0.52490234375,-0.0244140625,0.0732421875,-0.10986328125,0.23193359375,-0.2685546875,1.025390625,-0.2685546875,0.1708984375,0,0.15869140625,-0.20751953125,0.23193359375,0.146484375,0.84228515625,0.15869140625,-0.0244140625,0.048828125,1.33056640625,-0.1220703125,-0.96435546875,-0.0244140625,-0.35400390625,-0.2197265625,-0.9765625,-0.1708984375,-0.79345703125,-0.146484375,-1.35498046875,-0.13427734375,-0.23193359375,-0.146484375,-0.29296875,-0.18310546875,-1.171875,0,-1.1474609375,-0.01220703125,-0.9765625,-0.03662109375,-1.0009765625,0.1953125,-0.5615234375,0,4.0283203125,-0.3662109375,1.20849609375,-0.18310546875,1.0498046875,-0.09765625,3.33251953125,-0.08544921875,0.35400390625,-0.15869140625,0.03662109375,-0.06103515625,-0.03662109375,0.01220703125,0.1953125,-0.15869140625,-0.06103515625,-0.2197265625,0.76904296875,0.0244140625,-0.52490234375,0.18310546875,-0.59814453125
1,-0.52490234375,-0.35400390625,0.048828125,-0.341796875,0.18310546875,-0.4150390625,0.0244140625,-0.0732421875,0.37841796875,0.20751953125,-0.20751953125,-0.87890625,-0.28076171875,1.08642578125,-0.30517578125,-0.15869140625,0.0244140625,-0.6591796875,0.01220703125,-0.1953125,-0.1953125,0.830078125,0.10986328125,-0.64697265625,0.244140625,3.62548828125,0.08544921875,1.25732421875,0.13427734375,3.6865234375,0.18310546875,2.490234375,0.09765625,-0.35400390625,-0.244140625,-0.8056640625,-0.1953125,-0.45166015625,0.09765625,-0.5126953125,0.1953125,-0.15869140625,-0.03662109375,-0.634765625,-0.06103515625,-0.40283203125,0.18310546875,0.68359375,0.10986328125,1.171875,0,0.42724609375,-0.09765625,-0.13427734375,0.06103515625,0.7080078125,-0.13427734375,0.35400390625,-0.0732421875,0.3662109375,-0.3173828125,0.57373046875,0.146484375,0.1708984375,-0.146484375,0.23193359375,-0.23193359375,1.025390625,-0.1953125,0.1953125,-0.048828125,0.15869140625,-0.18310546875,0.2197265625,0.18310546875,0.87890625,0.20751953125,-0.03662109375,0.048828125,1.30615234375,-0.06103515625,-0.96435546875,0.03662109375,-0.37841796875,-0.1220703125,-0.96435546875,-0.2197265625,-0.79345703125,-0.1953125,-1.40380859375,-0.13427734375,-0.25634765625,-0.1708984375,-0.28076171875,-0.1220703125,-1.18408203125,0.06103515625,-1.13525390625,-0.0244140625,-0.98876953125,-0.03662109375,-0.96435546875,0.15869140625,-0.5615234375,0.06103515625,5.04150390625,-0.30517578125,1.79443359375,-0.18310546875,1.5380859375,-0.09765625,3.955078125,-0.146484375,0.35400390625,-0.1220703125,0,-0.06103515625,-0.03662109375,0.0244140625,0.18310546875,-0.15869140625,-0.06103515625,-0.244140625,0.76904296875,-0.01220703125,-0.537109375,0.1953125,-0.5859375
1,-0.537109375,-0.341796875,0.03662109375,-0.3173828125,0.146484375,-0.4150390625,0.0244140625,-0.048828125,0.37841796875,0.10986328125,-0.146484375,-0.8544921875,-0.28076171875,1.07421875,-0.29296875,-0.146484375,-0.01220703125,-0.6591796875,0.0244140625,-0.1953125,-0.1953125,0.830078125,-0.01220703125,-0.69580078125,0.244140625,2.79541015625,0.0732421875,0.78125,0.08544921875,3.11279296875,0.29296875,1.98974609375,-0.13427734375,-0.29296875,-0.23193359375,-0.830078125,-0.29296875,-0.40283203125,0.13427734375,-0.439453125,0.1708984375,-0.1708984375,0.01220703125,-0.634765625,0.0244140625,-0.35400390625,0.18310546875,0.68359375,0.10986328125,1.15966796875,-0.0244140625,0.4150390625,-0.18310546875,-0.146484375,-0.03662109375,0.7080078125,-0.23193359375,0.4638671875,-0.03662109375,0.439453125,-0.32958984375,0.64697265625,0.15869140625,0.2685546875,-0.18310546875,0.2197265625,-0.18310546875,1.025390625,-0.13427734375,0.1953125,-0.08544921875,0.18310546875,-0.13427734375,0.2197265625,0.2197265625,0.89111328125,0.29296875,-0.0244140625,0,1.2939453125,-0.048828125,-0.9765625,0.0732421875,-0.37841796875,-0.06103515625,-0.9765625,-0.23193359375,-0.78125,-0.13427734375,-1.46484375,-0.1220703125,-0.25634765625,-0.15869140625,-0.29296875,-0.0732421875,-1.18408203125,0.03662109375,-1.123046875,-0.10986328125,-1.0009765625,-0.06103515625,-1.0009765625,0.10986328125,-0.5615234375,0.06103515625,5.99365234375,-0.2685546875,2.30712890625,-0.23193359375,2.001953125,-0.0732421875,4.5654296875,-0.146484375,0.37841796875,-0.13427734375,-0.01220703125,-0.06103515625,-0.03662109375,0.03662109375,0.18310546875,-0.1708984375,-0.048828125,-0.23193359375,0.78125,-0.01220703125,-0.54931640625,0.18310546875,-0.5615234375
1,-0.537109375,-0.390625,0.03662109375,-0.30517578125,0.1953125,-0.4150390625,0.01220703125,-0.048828125,0.30517578125,0.0244140625,-0.146484375,-0.84228515625,-0.244140625,1.07421875,-0.29296875,-0.15869140625,-0.048828125,-0.64697265625,0.0244140625,-0.20751953125,-0.2197265625,0.81787109375,-0.15869140625,-0.69580078125,0.2197265625,2.11181640625,0.06103515625,0.37841796875,0.06103515625,2.587890625,0.390625,1.55029296875,-0.3662109375,-0.23193359375,-0.2197265625,-0.81787109375,-0.35400390625,-0.40283203125,0.08544921875,-0.42724609375,0.08544921875,-0.15869140625,0.048828125,-0.67138671875,0.048828125,-0.30517578125,0.23193359375,0.68359375,0.0732421875,1.171875,-0.03662109375,0.4150390625,-0.15869140625,-0.1220703125,-0.18310546875,0.69580078125,-0.32958984375,0.62255859375,-0.0244140625,0.537109375,-0.23193359375,0.830078125,0.2685546875,0.40283203125,-0.1708984375,0.2197265625,-0.146484375,1.0498046875,-0.08544921875,0.2197265625,-0.13427734375,0.18310546875,-0.15869140625,0.2197265625,0.2685546875,0.87890625,0.32958984375,-0.0244140625,-0.03662109375,1.30615234375,0.06103515625,-0.9765625,0.1220703125,-0.3662109375,-0.0732421875,-0.9765625,-0.18310546875,-0.78125,-0.048828125,-1.52587890625,-0.1220703125,-0.2685546875,-0.1220703125,-0.29296875,-0.03662109375,-1.1962890625,0.0732421875,-1.123046875,-0.15869140625,-0.98876953125,-0.09765625,-0.98876953125,0.048828125,-0.5615234375,0.08544921875,6.787109375,-0.18310546875,2.734375,-0.1708984375,2.34375,-0.048828125,5.01708984375,-0.13427734375,0.3662109375,-0.13427734375,-0.0244140625,-0.0732421875,-0.03662109375,0.048828125,0.1708984375,-0.1708984375,-0.048828125,-0.23193359375,0.79345703125,-0.01220703125,-0.537109375,0.146484375,-0.537109375
1,-0.537109375,-0.37841796875,0.0244140625,-0.3173828125,0.20751953125,-0.40283203125,0.03662109375,-0.03662109375,0.25634765625,-0.048828125,-0.146484375,-0.84228515625,-0.23193359375,1.08642578125,-0.29296875,-0.146484375,-0.13427734375,-0.634765625,0.01220703125,-0.1953125,-0.30517578125,0.81787109375,-0.20751953125,-0.72021484375,0.1708984375,1.4892578125,0.048828125,0.048828125,0.0732421875,2.1240234375,0.439453125,1.18408203125,-0.537109375,-0.1953125,-0.244140625,-0.830078125,-0.390625,-0.3662109375,0.0732421875,-0.40283203125,-0.0732421875,-0.15869140625,0.048828125,-0.69580078125,0.0244140625,-0.29296875,0.32958984375,0.6591796875,0.048828125,1.15966796875,-0.06103515625,0.42724609375,-0.1220703125,-0.0732421875,-0.32958984375,0.68359375,-0.35400390625,0.81787109375,0.0732421875,0.634765625,-0.0732421875,1.025390625,0.35400390625,0.5615234375,-0.1220703125,0.2197265625,-0.06103515625,1.0498046875,-0.0732421875,0.2197265625,-0.10986328125,0.1953125,-0.18310546875,0.1953125,0.2685546875,0.9033203125,0.40283203125,-0.0244140625,-0.10986328125,1.30615234375,0.1220703125,-0.98876953125,0.09765625,-0.3662109375,-0.13427734375,-0.9765625,-0.1220703125,-0.78125,0,-1.55029296875,-0.13427734375,-0.28076171875,-0.10986328125,-0.30517578125,-0.08544921875,-1.18408203125,0.03662109375,-1.1474609375,-0.25634765625,-0.9765625,-0.10986328125,-1.01318359375,-0.0244140625,-0.5615234375,0.13427734375,7.40966796875,-0.18310546875,3.0517578125,-0.146484375,2.63671875,-0.048828125,5.3955078125,-0.15869140625,0.3662109375,-0.13427734375,0,-0.06103515625,-0.048828125,0.08544921875,0.15869140625,-0.18310546875,-0.03662109375,-0.244140625,0.76904296875,-0.01220703125,-0.537109375,0.1220703125,-0.537109375
1,-0.54931640625,-0.3662109375,0.01220703125,-0.35400390625,0.2685546875,-0.40283203125,0.048828125,-0.06103515625,0.2197265625,-0.10986328125,-0.15869140625,-0.86669921875,-0.23193359375,1.08642578125,-0.32958984375,-0.1953125,-0.2197265625,-0.634765625,-0.0244140625,-0.18310546875,-0.4150390625,0.81787109375,-0.1953125,-0.72021484375,0.09765625,0.98876953125,0.06103515625,-0.244140625,0.09765625,1.77001953125,0.32958984375,0.89111328125,-0.5615234375,-0.1953125,-0.30517578125,-0.8544921875,-0.341796875,-0.35400390625,0.0732421875,-0.4150390625,-0.23193359375,-0.15869140625,0.06103515625,-0.72021484375,0.01220703125,-0.29296875,0.37841796875,0.64697265625,-0.0244140625,1.1474609375,-0.0732421875,0.42724609375,0.01220703125,-0.06103515625,-0.50048828125,0.7080078125,-0.42724609375,1.06201171875,0.0732421875,0.76904296875,-0.09765625,1.28173828125,0.30517578125,0.81787109375,-0.048828125,0.1708984375,-0.01220703125,1.025390625,-0.06103515625,0.1953125,-0.09765625,0.20751953125,-0.1708984375,0.2197265625,0.28076171875,0.86669921875,0.439453125,-0.0244140625,-0.1708984375,1.30615234375,0.20751953125,-1.01318359375,0.09765625,-0.390625,-0.244140625,-0.9765625,-0.01220703125,-0.79345703125,0.0732421875,-1.5869140625,-0.13427734375,-0.28076171875,-0.0244140625,-0.32958984375,-0.1220703125,-1.1962890625,-0.048828125,-1.13525390625,-0.32958984375,-0.9765625,-0.146484375,-1.0498046875,-0.10986328125,-0.537109375,0.146484375,7.8369140625,-0.13427734375,3.271484375,-0.09765625,2.81982421875,-0.09765625,5.60302734375,-0.18310546875,0.3662109375,-0.146484375,0,-0.06103515625,-0.048828125,0.09765625,0.18310546875,-0.15869140625,-0.03662109375,-0.244140625,0.76904296875,0.0244140625,-0.537109375,0.1220703125,-0.5615234375
1,-0.537109375,-0.35400390625,0.01220703125,-0.35400390625,0.29296875,-0.4150390625,0.0244140625,-0.0732421875,0.2197265625,-0.13427734375,-0.15869140625,-0.87890625,-0.2197265625,1.0986328125,-0.3173828125,-0.20751953125,-0.29296875,-0.634765625,-0.0244140625,-0.1708984375,-0.50048828125,0.81787109375,-0.1220703125,-0.732421875,0.0244140625,0.54931640625,0.06103515625,-0.439453125,0.09765625,1.45263671875,0.20751953125,0.64697265625,-0.5126953125,-0.23193359375,-0.42724609375,-0.87890625,-0.25634765625,-0.3662109375,0.048828125,-0.4638671875,-0.35400390625,-0.146484375,0.0244140625,-0.7080078125,-0.048828125,-0.32958984375,0.341796875,0.6103515625,-0.06103515625,1.171875,-0.1220703125,0.439453125,0.0244140625,-0.03662109375,-0.6103515625,0.72021484375,-0.4150390625,1.3427734375,0.01220703125,0.9521484375,-0.10986328125,1.5380859375,0.29296875,1.0498046875,0.01220703125,0.15869140625,0.0244140625,1.03759765625,-0.06103515625,0.1953125,-0.0732421875,0.18310546875,-0.1220703125,0.18310546875,0.25634765625,0.91552734375,0.439453125,-0.01220703125,-0.1953125,1.2939453125,0.2685546875,-1.025390625,0.0732421875,-0.37841796875,-0.341796875,-1.0009765625,0.06103515625,-0.79345703125,0.1220703125,-1.5625,-0.15869140625,-0.28076171875,0.048828125,-0.32958984375,-0.146484375,-1.220703125,-0.0732421875,-1.1474609375,-0.390625,-0.98876953125,-0.1220703125,-1.0498046875,-0.18310546875,-0.54931640625,0.3173828125,8.09326171875,-0.09765625,3.40576171875,0.01220703125,2.89306640625,-0.08544921875,5.70068359375,-0.15869140625,0.35400390625,-0.146484375,0.01220703125,-0.06103515625,-0.0732421875,0.0732421875,0.1953125,-0.146484375,-0.048828125,-0.23193359375,0.7568359375,0.03662109375,-0.537109375,0.10986328125,-0.54931640625
1,-0.5615234375,-0.341796875,-0.01220703125,-0.390625,0.29296875,-0.4150390625,0.048828125,-0.06103515625,0.23193359375,-0.146484375,-0.10986328125,-0.89111328125,-0.2197265625,1.11083984375,-0.30517578125,-0.1953125,-0.30517578125,-0.634765625,-0.0244140625,-0.146484375,-0.57373046875,0.84228515625,0,-0.7080078125,-0.08544921875,0.1708984375,0.048828125,-0.64697265625,0.06103515625,1.15966796875,0.0244140625,0.40283203125,-0.35400390625,-0.29296875,-0.4638671875,-0.9033203125,-0.13427734375,-0.37841796875,0.048828125,-0.52490234375,-0.48828125,-0.1708984375,-0.0244140625,-0.69580078125,-0.1220703125,-0.3662109375,0.28076171875,0.59814453125,-0.08544921875,1.13525390625,-0.146484375,0.4638671875,0.0244140625,-0.01220703125,-0.72021484375,0.732421875,-0.35400390625,1.5625,-0.01220703125,1.0986328125,-0.048828125,1.7333984375,0.2685546875,1.318359375,0.048828125,0.146484375,0.08544921875,1.025390625,-0.03662109375,0.1953125,-0.01220703125,0.18310546875,0,0.20751953125,0.244140625,0.89111328125,0.390625,-0.01220703125,-0.2197265625,1.30615234375,0.28076171875,-1.01318359375,0.03662109375,-0.3662109375,-0.37841796875,-1.025390625,0.0732421875,-0.78125,0.146484375,-1.55029296875,-0.15869140625,-0.28076171875,0.09765625,-0.341796875,-0.15869140625,-1.1962890625,-0.18310546875,-1.13525390625,-0.4150390625,-0.98876953125,-0.08544921875,-1.0498046875,-0.2685546875,-0.5615234375,0.40283203125,8.154296875,-0.048828125,3.41796875,0.06103515625,2.89306640625,-0.10986328125,5.70068359375,-0.15869140625,0.32958984375,-0.13427734375,0.03662109375,-0.06103515625,-0.048828125,0.10986328125,0.1953125,-0.146484375,-0.048828125,-0.2197265625,0.74462890625,0.06103515625,-0.537109375,0.08544921875,-0.57373046875
1,-0.57373046875,-0.341796875,0,-0.37841796875,0.29296875,-0.40283203125,0.0244140625,-0.0732421875,0.23193359375,-0.10986328125,-0.1220703125,-0.89111328125,-0.20751953125,1.11083984375,-0.29296875,-0.20751953125,-0.25634765625,-0.6103515625,0.01220703125,-0.1220703125,-0.54931640625,0.830078125,0.1220703125,-0.69580078125,-0.23193359375,-0.146484375,-0.0732421875,-0.79345703125,-0.0244140625,0.91552734375,-0.1708984375,0.23193359375,-0.15869140625,-0.341796875,-0.4638671875,-0.87890625,-0.0732421875,-0.40283203125,0.048828125,-0.5859375,-0.52490234375,-0.13427734375,-0.09765625,-0.69580078125,-0.18310546875,-0.40283203125,0.23193359375,0.59814453125,-0.1220703125,1.11083984375,-0.23193359375,0.47607421875,0.03662109375,0,-0.79345703125,0.732421875,-0.29296875,1.77001953125,-0.06103515625,1.220703125,0,1.8798828125,0.2685546875,1.52587890625,0.048828125,0.13427734375,0.13427734375,1.01318359375,-0.01220703125,0.1953125,0,0.1708984375,0.08544921875,0.2197265625,0.23193359375,0.87890625,0.341796875,-0.01220703125,-0.2197265625,1.30615234375,0.25634765625,-1.03759765625,0.01220703125,-0.3662109375,-0.3662109375,-1.0009765625,0.06103515625,-0.79345703125,0.1708984375,-1.513671875,-0.15869140625,-0.29296875,0.146484375,-0.341796875,-0.146484375,-1.20849609375,-0.244140625,-1.1474609375,-0.4150390625,-0.98876953125,-0.03662109375,-1.03759765625,-0.28076171875,-0.57373046875,0.30517578125,8.09326171875,-0.01220703125,3.38134765625,0.06103515625,2.84423828125,-0.13427734375,5.62744140625,-0.1708984375,0.35400390625,-0.1220703125,0.048828125,-0.0732421875,-0.048828125,0.08544921875,0.1953125,-0.13427734375,-0.08544921875,-0.1953125,0.74462890625,0.048828125,-0.537109375,0.048828125,-0.6103515625
0,-0.6103515625,-0.32958984375,0,-0.390625,0.29296875,-0.40283203125,0.01220703125,-0.048828125,0.23193359375,-0.0732421875,-0.09765625,-0.87890625,-0.1708984375,1.123046875,-0.28076171875,-0.18310546875,-0.1708984375,-0.634765625,0.0244140625,-0.1220703125,-0.4638671875,0.830078125,0.18310546875,-0.67138671875,-0.37841796875,-0.42724609375,-0.15869140625,-0.91552734375,-0.1220703125,0.732421875,-0.244140625,0.06103515625,0,-0.3662109375,-0.40283203125,-0.87890625,0.01220703125,-0.439453125,0,-0.634765625,-0.47607421875,-0.15869140625,-0.23193359375,-0.7080078125,-0.25634765625,-0.4150390625,0.2197265625,0.57373046875,-0.10986328125,1.123046875,-0.23193359375,0.48828125,0.06103515625,0.0244140625,-0.830078125,0.74462890625,-0.2685546875,1.904296875,-0.048828125,1.318359375,0.09765625,1.91650390625,0.2197265625,1.66015625,0.048828125,0.13427734375,0.1953125,1.01318359375,-0.01220703125,0.1953125,0.048828125,0.15869140625,0.15869140625,0.23193359375,0.1708984375,0.89111328125,0.244140625,-0.0244140625,-0.244140625,1.30615234375,0.2197265625,-1.025390625,0.01220703125,-0.37841796875,-0.30517578125,-1.0009765625,-0.01220703125,-0.8056640625,0.1220703125,-1.45263671875,-0.15869140625,-0.28076171875,0.13427734375,-0.341796875,-0.1708984375,-1.20849609375,-0.23193359375,-1.13525390625,-0.341796875,-0.98876953125,0.03662109375,-1.03759765625,-0.2685546875,-0.57373046875,0.244140625,7.92236328125,-0.0244140625,3.3203125,0.03662109375,2.7587890625,-0.13427734375,5.50537109375,-0.146484375,0.3662109375,-0.1220703125,0.03662109375,-0.08544921875,-0.01220703125,0.08544921875,0.2197265625,-0.13427734375,-0.09765625,-0.1708984375,0.7568359375,0.048828125,-0.52490234375,0.0244140625,-0.59814453125
0,-0.59814453125,-0.3173828125,-0.01220703125,-0.35400390625,0.32958984375,-0.40283203125,0.03662109375,-0.048828125,0.1953125,-0.01220703125,-0.1220703125,-0.89111328125,-0.15869140625,1.13525390625,-0.28076171875,-0.1708984375,-0.09765625,-0.634765625,0.0244140625,-0.10986328125,-0.3173828125,0.830078125,0.20751953125,-0.67138671875,-0.40283203125,-0.62255859375,-0.13427734375,-1.025390625,-0.2197265625,0.5859375,-0.28076171875,-0.06103515625,0.06103515625,-0.40283203125,-0.3173828125,-0.87890625,0.03662109375,-0.4638671875,-0.06103515625,-0.72021484375,-0.42724609375,-0.1708984375,-0.2685546875,-0.7080078125,-0.2685546875,-0.42724609375,0.1953125,0.5859375,-0.13427734375,1.1474609375,-0.25634765625,0.47607421875,0.1708984375,0.0244140625,-0.830078125,0.732421875,-0.244140625,1.9287109375,-0.0732421875,1.3427734375,0.0244140625,1.84326171875,0.1708984375,1.7333984375,0.03662109375,0.13427734375,0.25634765625,1.01318359375,0,0.2197265625,0.06103515625,0.146484375,0.20751953125,0.25634765625,0.10986328125,0.86669921875,0.1220703125,-0.0244140625,-0.2685546875,1.30615234375,0.18310546875,-1.01318359375,0,-0.37841796875,-0.20751953125,-0.98876953125,-0.10986328125,-0.78125,0.0732421875,-1.40380859375,-0.2197265625,-0.28076171875,0.09765625,-0.3173828125,-0.146484375,-1.1962890625,-0.341796875,-1.13525390625,-0.25634765625,-0.98876953125,0.06103515625,-1.01318359375,-0.1953125,-0.57373046875,0.146484375,7.666015625,-0.03662109375,3.1982421875,0.03662109375,2.64892578125,-0.08544921875,5.35888671875,-0.15869140625,0.35400390625,-0.1220703125,0.06103515625,-0.0732421875,-0.01220703125,0.0732421875,0.20751953125,-0.13427734375,-0.10986328125,-0.146484375,0.76904296875,0.048828125,-0.537109375,0.03662109375,-0.6103515625
0,-0.59814453125,-0.3173828125,-0.01220703125,-0.3662109375,0.29296875,-0.390625,0.0244140625,-0.048828125,0.09765625,0.06103515625,-0.1220703125,-0.86669921875,-0.146484375,1.15966796875,-0.29296875,-0.1708984375,-0.0244140625,-0.62255859375,0.0244140625,-0.1220703125,-0.09765625,0.8544921875,0.146484375,-0.68359375,-0.390625,-0.732421875,-0.13427734375,-1.07421875,-0.30517578125,0.50048828125,-0.20751953125,-0.13427734375,0.06103515625,-0.439453125,-0.1953125,-0.87890625,0.06103515625,-0.52490234375,0.09765625,-0.78125,-0.35400390625,-0.18310546875,-0.28076171875,-0.68359375,-0.30517578125,-0.45166015625,0.1708984375,0.6103515625,-0.15869140625,1.1474609375,-0.23193359375,0.45166015625,0.1953125,0.01220703125,-0.79345703125,0.732421875,-0.2197265625,1.86767578125,-0.10986328125,1.28173828125,-0.03662109375,1.66015625,0.1220703125,1.6845703125,0.08544921875,0.146484375,0.2685546875,1.01318359375,0.03662109375,0.23193359375,0.06103515625,0.1708984375,0.244140625,0.23193359375,0.01220703125,0.87890625,0.048828125,-0.01220703125,-0.29296875,1.318359375,0.1708984375,-1.025390625,0,-0.3662109375,-0.09765625,-1.0009765625,-0.244140625,-0.8056640625,0.048828125,-1.3427734375,-0.244140625,-0.29296875,0.0244140625,-0.3173828125,-0.1220703125,-1.23291015625,-0.390625,-1.171875,-0.13427734375,-0.98876953125,0.09765625,-0.98876953125,-0.0732421875,-0.5615234375,0.03662109375,7.3486328125,-0.03662109375,3.02734375,0.0244140625,2.52685546875,-0.06103515625,5.18798828125,-0.15869140625,0.35400390625,-0.08544921875,0.0732421875,-0.0732421875,0,0.08544921875,0.20751953125,-0.1220703125,-0.09765625,-0.10986328125,0.78125,0.03662109375,-0.52490234375,0.048828125,-0.59814453125
0,-0.6103515625,-0.3173828125,-0.01220703125,-0.341796875,0.28076171875,-0.390625,0.03662109375,-0.03662109375,0.1220703125,0.10986328125,-0.13427734375,-0.86669921875,-0.10986328125,1.1474609375,-0.2685546875,-0.1708984375,0.0244140625,-0.64697265625,0.0244140625,-0.13427734375,0.06103515625,0.84228515625,0.09765625,-0.68359375,-0.37841796875,-0.76904296875,-0.13427734375,-1.07421875,-0.3662109375,0.47607421875,-0.09765625,-0.146484375,-0.0244140625,-0.42724609375,-0.1220703125,-0.8544921875,0.0732421875,-0.537109375,0.10986328125,-0.830078125,-0.30517578125,-0.18310546875,-0.25634765625,-0.6591796875,-0.3173828125,-0.439453125,0.1220703125,0.62255859375,-0.13427734375,1.1474609375,-0.20751953125,0.4150390625,0.2197265625,0.01220703125,-0.69580078125,0.72021484375,-0.1953125,1.77001953125,-0.13427734375,1.171875,-0.146484375,1.4404296875,0.06103515625,1.5625,0.13427734375,0.1708984375,0.341796875,1.025390625,0.048828125,0.2685546875,0.03662109375,0.1708984375,0.20751953125,0.244140625,-0.08544921875,0.87890625,-0.01220703125,-0.03662109375,-0.341796875,1.33056640625,0.1220703125,-1.01318359375,0.03662109375,-0.3662109375,-0.048828125,-1.0009765625,-0.3173828125,-0.81787109375,-0.01220703125,-1.25732421875,-0.29296875,-0.28076171875,-0.048828125,-0.3173828125,-0.1220703125,-1.23291015625,-0.37841796875,-1.11083984375,-0.0244140625,-0.98876953125,0.06103515625,-0.9765625,0.06103515625,-0.57373046875,-0.06103515625,6.982421875,-0.1220703125,2.84423828125,-0.048828125,2.3681640625,-0.06103515625,5.0048828125,-0.13427734375,0.35400390625,-0.09765625,0.06103515625,-0.048828125,-0.01220703125,0.08544921875,0.1953125,-0.146484375,-0.10986328125,-0.1220703125,0.84228515625,0.03662109375,-0.52490234375,0.06103515625,-0.5615234375
0,-0.59814453125,-0.3173828125,-0.03662109375,-0.32958984375,0.25634765625,-0.37841796875,0.06103515625,-0.03662109375,0.10986328125,0.13427734375,-0.146484375,-0.89111328125,-0.10986328125,1.13525390625,-0.25634765625,-0.13427734375,0.0244140625,-0.634765625,0.0244140625,-0.15869140625,0.08544921875,0.84228515625,0.06103515625,-0.69580078125,-0.341796875,-0.732421875,-0.10986328125,-1.0498046875,-0.35400390625,0.5126953125,-0.01220703125,-0.10986328125,-0.1220703125,-0.390625,0.01220703125,-0.8544921875,-0.01220703125,-0.537109375,0.20751953125,-0.86669921875,-0.30517578125,-0.20751953125,-0.15869140625,-0.6591796875,-0.341796875,-0.4150390625,0.08544921875,0.64697265625,-0.1220703125,1.171875,-0.1953125,0.4150390625,0.2197265625,0.03662109375,-0.64697265625,0.7080078125,-0.18310546875,1.57470703125,-0.1220703125,1.0009765625,-0.23193359375,1.15966796875,0.0732421875,1.37939453125,0.1953125,0.18310546875,0.30517578125,1.03759765625,0.0732421875,0.2685546875,0,0.15869140625,0.20751953125,0.25634765625,-0.13427734375,0.8544921875,-0.06103515625,-0.01220703125,-0.3662109375,1.30615234375,0.08544921875,-1.0009765625,0.06103515625,-0.37841796875,-0.0244140625,-1.01318359375,-0.30517578125,-0.8056640625,-0.01220703125,-1.1962890625,-0.341796875,-0.2685546875,-0.048828125,-0.30517578125,-0.13427734375,-1.23291015625,-0.3662109375,-1.11083984375,0.0732421875,-0.98876953125,0.0244140625,-0.98876953125,0.1953125,-0.5615234375,0,6.591796875,-0.13427734375,2.63671875,-0.0732421875,2.23388671875,-0.0244140625,4.8095703125,-0.1220703125,0.35400390625,-0.08544921875,0.048828125,-0.06103515625,-0.0244140625,0.09765625,0.1953125,-0.13427734375,-0.08544921875,-0.10986328125,0.8544921875,0.0244140625,-0.537109375,0.08544921875,-0.5615234375
0,-0.62255859375,-0.341796875,-0.0244140625,-0.3173828125,0.23193359375,-0.37841796875,0.048828125,-0.03662109375,0.08544921875,0.13427734375,-0.13427734375,-0.89111328125,-0.10986328125,1.1474609375,-0.23193359375,-0.146484375,0.03662109375,-0.64697265625,0.06103515625,-0.18310546875,0.09765625,0.830078125,0.0244140625,-0.69580078125,-0.30517578125,-0.57373046875,-0.08544921875,-1.0009765625,-0.28076171875,0.59814453125,0.0732421875,-0.03662109375,-0.18310546875,-0.35400390625,0.09765625,-0.84228515625,-0.0732421875,-0.54931640625,0.25634765625,-0.86669921875,-0.341796875,-0.23193359375,-0.048828125,-0.67138671875,-0.32958984375,-0.3662109375,0.1220703125,0.6591796875,-0.048828125,1.1962890625,-0.1708984375,0.390625,0.244140625,0,-0.537109375,0.7080078125,-0.23193359375,1.37939453125,-0.1220703125,0.81787109375,-0.341796875,0.93994140625,-0.0244140625,1.15966796875,0.25634765625,0.18310546875,0.25634765625,1.06201171875,0.1220703125,0.28076171875,-0.03662109375,0.1953125,0.1708984375,0.244140625,-0.15869140625,0.84228515625,-0.03662109375,0.01220703125,-0.40283203125,1.33056640625,0.048828125,-0.9765625,0.0732421875,-0.3662109375,-0.01220703125,-1.03759765625,-0.25634765625,-0.81787109375,0,-1.123046875,-0.35400390625,-0.25634765625,-0.01220703125,-0.3173828125,-0.13427734375,-1.2451171875,-0.244140625,-1.08642578125,0.13427734375,-0.98876953125,-0.048828125,-0.98876953125,0.25634765625,-0.54931640625,-0.03662109375,6.1767578125,-0.1953125,2.4169921875,-0.13427734375,2.05078125,-0.048828125,4.60205078125,-0.1220703125,0.35400390625,-0.0732421875,0.06103515625,-0.0732421875,-0.0244140625,0.09765625,0.1953125,-0.15869140625,-0.0732421875,-0.10986328125,0.830078125,0.048828125,-0.52490234375,0.1220703125,-0.537109375
0,-0.634765625,-0.341796875,-0.03662109375,-0.3173828125,0.244140625,-0.390625,0.06103515625,-0.03662109375,0.09765625,0.10986328125,-0.15869140625,-0.87890625,-0.10986328125,1.123046875,-0.23193359375,-0.146484375,0.03662109375,-0.6591796875,0.08544921875,-0.20751953125,0.03662109375,0.830078125,0.03662109375,-0.7080078125,-0.244140625,-0.4150390625,-0.09765625,-0.9033203125,-0.1708984375,0.732421875,0.09765625,0.08544921875,-0.2197265625,-0.32958984375,0.10986328125,-0.87890625,-0.15869140625,-0.52490234375,0.23193359375,-0.84228515625,-0.37841796875,-0.23193359375,0.08544921875,-0.67138671875,-0.32958984375,-0.341796875,0.1220703125,0.67138671875,-0.048828125,1.1962890625,-0.1953125,0.40283203125,0.29296875,0.03662109375,-0.45166015625,0.72021484375,-0.2685546875,1.1962890625,-0.1220703125,0.67138671875,-0.32958984375,0.79345703125,0.01220703125,0.98876953125,0.30517578125,0.20751953125,0.1708984375,1.06201171875,0.1220703125,0.244140625,-0.0732421875,0.1953125,0.146484375,0.2197265625,-0.1708984375,0.8544921875,0.01220703125,0.01220703125,-0.45166015625,1.318359375,0.03662109375,-0.96435546875,0.10986328125,-0.37841796875,-0.03662109375,-1.0498046875,-0.146484375,-0.81787109375,0.0244140625,-1.0498046875,-0.32958984375,-0.244140625,0.0244140625,-0.30517578125,-0.13427734375,-1.2451171875,-0.1708984375,-1.0986328125,0.18310546875,-1.0009765625,-0.10986328125,-0.9765625,0.3173828125,-0.54931640625,-0.06103515625,5.7861328125,-0.244140625,2.20947265625,-0.1220703125,1.86767578125,-0.03662109375,4.35791015625,-0.1220703125,0.35400390625,-0.06103515625,0.06103515625,-0.0732421875,-0.0244140625,0.10986328125,0.20751953125,-0.15869140625,-0.03662109375,-0.1220703125,0.830078125,0.03662109375,-0.50048828125,0.13427734375,-0.5126953125
0,-0.62255859375,-0.3662109375,-0.048828125,-0.32958984375,0.2685546875,-0.4150390625,0.0732421875,-0.048828125,0.048828125,0.048828125,-0.13427734375,-0.9033203125,-0.0732421875,1.123046875,-0.2197265625,-0.15869140625,0.03662109375,-0.64697265625,0.03662109375,-0.20751953125,-0.13427734375,0.830078125,0.08544921875,-0.69580078125,-0.1708984375,-0.20751953125,-0.048828125,-0.79345703125,-0.01220703125,0.86669921875,0.0732421875,0.23193359375,-0.2197265625,-0.32958984375,0.01220703125,-0.86669921875,-0.18310546875,-0.47607421875,0.1708984375,-0.76904296875,-0.37841796875,-0.2197265625,0.13427734375,-0.69580078125,-0.30517578125,-0.3173828125,0.18310546875,0.67138671875,-0.0732421875,1.18408203125,-0.18310546875,0.4150390625,0.30517578125,0.03662109375,-0.37841796875,0.732421875,-0.28076171875,1.06201171875,-0.13427734375,0.537109375,-0.390625,0.72021484375,0.01220703125,0.81787109375,0.3173828125,0.18310546875,0.09765625,1.06201171875,0.1220703125,0.23193359375,-0.13427734375,0.1953125,0.08544921875,0.23193359375,-0.2197265625,0.81787109375,0.13427734375,0,-0.50048828125,1.30615234375,0.048828125,-0.9765625,0.13427734375,-0.3662109375,-0.08544921875,-1.06201171875,0,-0.81787109375,0.03662109375,-1.025390625,-0.2685546875,-0.244140625,0.10986328125,-0.3173828125,-0.15869140625,-1.23291015625,-0.0732421875,-1.11083984375,0.18310546875,-0.98876953125,-0.1708984375,-1.0009765625,0.35400390625,-0.54931640625,-0.048828125,5.40771484375,-0.29296875,1.9775390625,-0.146484375,1.69677734375,-0.03662109375,4.11376953125,-0.10986328125,0.341796875,-0.048828125,0.06103515625,-0.06103515625,-0.0244140625,0.1220703125,0.1953125,-0.15869140625,-0.048828125,-0.13427734375,0.830078125,0.048828125,-0.48828125,0.1220703125,-0.54931640625
0,-0.62255859375,-0.341796875,-0.03662109375,-0.341796875,0.28076171875,-0.4150390625,0.0732421875,-0.048828125,0.0244140625,0,-0.1220703125,-0.9033203125,-0.0732421875,1.0986328125,-0.20751953125,-0.1708984375,0.0244140625,-0.6591796875,0,-0.20751953125,-0.25634765625,0.81787109375,0.0732421875,-0.7080078125,-0.06103515625,-0.0244140625,0.0244140625,-0.69580078125,0.146484375,1.01318359375,0.01220703125,0.3662109375,-0.15869140625,-0.29296875,-0.09765625,-0.84228515625,-0.15869140625,-0.42724609375,0.13427734375,-0.732421875,-0.32958984375,-0.20751953125,0.13427734375,-0.72021484375,-0.2685546875,-0.2685546875,0.23193359375,0.67138671875,-0.08544921875,1.15966796875,-0.15869140625,0.439453125,0.3662109375,0.06103515625,-0.2685546875,0.732421875,-0.32958984375,0.9765625,-0.146484375,0.47607421875,-0.439453125,0.732421875,0,0.7080078125,0.30517578125,0.20751953125,0.01220703125,1.0498046875,0.08544921875,0.1953125,-0.1953125,0.20751953125,0.01220703125,0.23193359375,-0.244140625,0.86669921875,0.2197265625,0,-0.54931640625,1.318359375,0.08544921875,-0.96435546875,0.146484375,-0.390625,-0.1220703125,-1.06201171875,0.10986328125,-0.8056640625,0.0732421875,-0.93994140625,-0.18310546875,-0.244140625,0.1953125,-0.32958984375,-0.20751953125,-1.23291015625,0,-1.11083984375,0.244140625,-0.98876953125,-0.23193359375,-1.025390625,0.341796875,-0.54931640625,-0.048828125,5.04150390625,-0.35400390625,1.7578125,-0.09765625,1.5380859375,-0.03662109375,3.90625,-0.09765625,0.35400390625,-0.048828125,0.06103515625,-0.048828125,-0.01220703125,0.1220703125,0.20751953125,-0.15869140625,-0.03662109375,-0.1708984375,0.81787109375,0.048828125,-0.47607421875,0.1220703125,-0.537109375
0,-0.634765625,-0.341796875,-0.03662109375,-0.35400390625,0.30517578125,-0.4150390625,0.08544921875,-0.06103515625,-0.01220703125,-0.06103515625,-0.15869140625,-0.91552734375,-0.048828125,1.0986328125,-0.1953125,-0.18310546875,-0.0244140625,-0.6591796875,-0.0732421875,-0.1953125,-0.40283203125,0.84228515625,0.048828125,-0.69580078125,-0.08544921875,0.1220703125,0.08544921875,-0.62255859375,0.23193359375,1.15966796875,-0.06103515625,0.4638671875,-0.08544921875,-0.29296875,-0.244140625,-0.86669921875,-0.15869140625,-0.37841796875,0.08544921875,-0.67138671875,-0.2197265625,-0.18310546875,0.048828125,-0.732421875,-0.2197265625,-0.2685546875,0.2685546875,0.6591796875,-0.09765625,1.1474609375,-0.09765625,0.439453125,0.37841796875,0.08544921875,-0.1708984375,0.7568359375,-0.4638671875,0.927734375,-0.25634765625,0.45166015625,-0.5615234375,0.8056640625,-0.06103515625,0.6591796875,0.2685546875,0.1953125,-0.06103515625,1.03759765625,0.03662109375,0.1953125,-0.2197265625,0.1953125,-0.01220703125,0.23193359375,-0.25634765625,0.84228515625,0.29296875,-0.0244140625,-0.5126953125,1.2939453125,0.13427734375,-0.96435546875,0.1708984375,-0.37841796875,-0.10986328125,-1.0498046875,0.1953125,-0.79345703125,0.0732421875,-0.86669921875,-0.10986328125,-0.244140625,0.2685546875,-0.3173828125,-0.25634765625,-1.220703125,-0.03662109375,-1.123046875,0.28076171875,-0.98876953125,-0.244140625,-1.025390625,0.2685546875,-0.54931640625,-0.0732421875,4.69970703125,-0.341796875,1.5625,-0.03662109375,1.37939453125,-0.0732421875,3.6865234375,-0.1220703125,0.390625,-0.03662109375,0.048828125,-0.0732421875,0,0.1220703125,0.20751953125,-0.15869140625,-0.03662109375,-0.18310546875,0.8056640625,0.03662109375,-0.47607421875,0.1220703125,-0.54931640625
0,-0.634765625,-0.32958984375,-0.03662109375,-0.390625,0.28076171875,-0.4150390625,0.10986328125,-0.08544921875,-0.03662109375,-0.08544921875,-0.15869140625,-0.9033203125,-0.03662109375,1.11083984375,-0.20751953125,-0.1953125,-0.0244140625,-0.634765625,-0.1708984375,-0.18310546875,-0.47607421875,0.84228515625,-0.01220703125,-0.67138671875,-0.03662109375,0.20751953125,0.18310546875,-0.5615234375,0.32958984375,1.220703125,-0.03662109375,0.52490234375,-0.0244140625,-0.35400390625,-0.3662109375,-0.86669921875,-0.1220703125,-0.3662109375,0.0244140625,-0.634765625,-0.15869140625,-0.18310546875,-0.03662109375,-0.74462890625,-0.1953125,-0.341796875,0.32958984375,0.62255859375,-0.10986328125,1.1474609375,-0.10986328125,0.47607421875,0.47607421875,0.09765625,-0.06103515625,0.7568359375,-0.42724609375,0.9033203125,-0.1953125,0.48828125,-0.57373046875,0.89111328125,0.0244140625,0.64697265625,0.25634765625,0.23193359375,-0.13427734375,1.025390625,-0.01220703125,0.18310546875,-0.23193359375,0.1953125,-0.048828125,0.244140625,-0.2197265625,0.830078125,0.341796875,-0.01220703125,-0.439453125,1.30615234375,0.1953125,-0.96435546875,0.18310546875,-0.37841796875,-0.08544921875,-1.025390625,0.18310546875,-0.78125,0.09765625,-0.8056640625,-0.01220703125,-0.23193359375,0.3173828125,-0.30517578125,-0.2197265625,-1.20849609375,-0.146484375,-1.13525390625,0.32958984375,-0.98876953125,-0.23193359375,-1.03759765625,0.18310546875,-0.537109375,-0.03662109375,4.345703125,-0.341796875,1.3671875,-0.01220703125,1.220703125,-0.146484375,3.45458984375,-0.13427734375,0.40283203125,-0.0244140625,0.048828125,-0.0732421875,0,0.10986328125,0.2197265625,-0.18310546875,-0.048828125,-0.1708984375,0.81787109375,0.03662109375,-0.50048828125,0.146484375,-0.5859375
0,-0.6103515625,-0.3173828125,-0.048828125,-0.4150390625,0.28076171875,-0.40283203125,0.08544921875,-0.09765625,-0.0244140625,-0.10986328125,-0.146484375,-0.9033203125,-0.0244140625,1.123046875,-0.1953125,-0.23193359375,-0.01220703125,-0.62255859375,-0.23193359375,-0.1708984375,-0.45166015625,0.8544921875,-0.13427734375,-0.64697265625,-0.09765625,0.1953125,0.1220703125,-0.54931640625,0.28076171875,1.2451171875,-0.048828125,0.54931640625,0,-0.40283203125,-0.390625,-0.9033203125,-0.08544921875,-0.35400390625,0.0244140625,-0.6103515625,-0.0732421875,-0.18310546875,-0.146484375,-0.72021484375,-0.15869140625,-0.40283203125,0.32958984375,0.62255859375,-0.1220703125,1.123046875,-0.08544921875,0.50048828125,0.48828125,0.15869140625,0.01220703125,0.74462890625,-0.4150390625,0.91552734375,-0.146484375,0.537109375,-0.50048828125,0.9521484375,0.03662109375,0.6591796875,0.244140625,0.2197265625,-0.15869140625,1.025390625,-0.06103515625,0.18310546875,-0.244140625,0.20751953125,-0.0732421875,0.25634765625,-0.1220703125,0.86669921875,0.37841796875,-0.01220703125,-0.35400390625,1.2939453125,0.2197265625,-0.93994140625,0.18310546875,-0.4150390625,-0.03662109375,-1.0009765625,0.13427734375,-0.76904296875,0.0732421875,-0.76904296875,0.03662109375,-0.23193359375,0.341796875,-0.29296875,-0.18310546875,-1.1962890625,-0.29296875,-1.15966796875,0.341796875,-0.98876953125,-0.1953125,-1.03759765625,0.03662109375,-0.537109375,0.01220703125,3.955078125,-0.2685546875,1.18408203125,0.03662109375,1.0498046875,-0.146484375,3.23486328125,-0.13427734375,0.40283203125,-0.0732421875,0.048828125,-0.0732421875,0,0.10986328125,0.20751953125,-0.18310546875,-0.03662109375,-0.1708984375,0.8544921875,0.0244140625,-0.50048828125,0.15869140625,-0.5859375
0,-0.5615234375,-0.3173828125,-0.08544921875,-0.4150390625,0.244140625,-0.390625,0.09765625,-0.08544921875,0,-0.10986328125,-0.1220703125,-0.89111328125,0.0244140625,1.123046875,-0.18310546875,-0.1953125,-0.01220703125,-0.62255859375,-0.244140625,-0.18310546875,-0.341796875,0.84228515625,-0.23193359375,-0.62255859375,-0.20751953125,0.10986328125,0.0244140625,-0.5615234375,0.15869140625,1.25732421875,0.0244140625,0.52490234375,-0.09765625,-0.42724609375,-0.40283203125,-0.927734375,-0.1220703125,-0.35400390625,-0.0244140625,-0.62255859375,-0.0732421875,-0.146484375,-0.25634765625,-0.72021484375,-0.15869140625,-0.4150390625,0.32958984375,0.62255859375,-0.1708984375,1.13525390625,-0.08544921875,0.50048828125,0.4150390625,0.15869140625,0.1220703125,0.7568359375,-0.4638671875,0.93994140625,-0.20751953125,0.634765625,-0.47607421875,0.9765625,-0.0244140625,0.64697265625,0.1708984375,0.20751953125,-0.15869140625,1.025390625,-0.09765625,0.18310546875,-0.2197265625,0.1953125,-0.09765625,0.25634765625,-0.06103515625,0.830078125,0.4150390625,-0.0244140625,-0.23193359375,1.2939453125,0.244140625,-0.9521484375,0.1953125,-0.390625,0.01220703125,-1.0009765625,0.01220703125,-0.79345703125,0.0732421875,-0.7568359375,0.048828125,-0.244140625,0.3173828125,-0.28076171875,-0.1220703125,-1.18408203125,-0.47607421875,-1.171875,0.29296875,-0.98876953125,-0.18310546875,-1.025390625,-0.0732421875,-0.5615234375,-0.0244140625,3.47900390625,-0.20751953125,0.9521484375,-0.01220703125,0.87890625,-0.1708984375,2.99072265625,-0.13427734375,0.390625,-0.0732421875,0.01220703125,-0.06103515625,0.0244140625,0.10986328125,0.20751953125,-0.1953125,-0.01220703125,-0.15869140625,0.8544921875,0,-0.50048828125,0.15869140625,-0.59814453125
1,-0.537109375,-0.30517578125,-0.09765625,-0.390625,0.244140625,-0.40283203125,0.08544921875,-0.0732421875,-0.0244140625,-0.06103515625,-0.10986328125,-0.87890625,0.03662109375,1.123046875,-0.15869140625,-0.18310546875,0.01220703125,-0.62255859375,-0.25634765625,-0.18310546875,-0.23193359375,0.81787109375,-0.341796875,-0.62255859375,-0.146484375,0.01220703125,0.0244140625,-0.57373046875,0.08544921875,1.220703125,0.18310546875,0.47607421875,-0.1953125,-0.48828125,-0.28076171875,-0.91552734375,-0.15869140625,-0.390625,-0.048828125,-0.64697265625,-0.08544921875,-0.15869140625,-0.30517578125,-0.69580078125,-0.18310546875,-0.47607421875,0.3173828125,0.59814453125,-0.20751953125,1.13525390625,-0.048828125,0.48828125,0.45166015625,0.1708984375,0.1708984375,0.74462890625,-0.390625,0.9033203125,-0.09765625,0.67138671875,-0.3662109375,0.93994140625,0.03662109375,0.62255859375,0.1220703125,0.20751953125,-0.18310546875,1.03759765625,-0.15869140625,0.18310546875,-0.1708984375,0.20751953125,-0.15869140625,0.28076171875,-0.01220703125,0.81787109375,0.37841796875,-0.01220703125,-0.1220703125,1.318359375,0.25634765625,-0.93994140625,0.1953125,-0.40283203125,0.01220703125,-0.9765625,-0.1220703125,-0.79345703125,0.10986328125,-0.8056640625,0.0244140625,-0.2685546875,0.29296875,-0.30517578125,-0.06103515625,-1.1962890625,-0.52490234375,-1.13525390625,0.23193359375,-0.98876953125,-0.1953125,-1.025390625,-0.1708984375,-0.54931640625,0.03662109375,2.94189453125,-0.1953125,0.732421875,-0.03662109375,0.68359375,-0.1220703125,2.74658203125,-0.13427734375,0.390625,-0.08544921875,0,-0.06103515625,0.01220703125,0.09765625,0.1953125,-0.1953125,-0.0244140625,-0.13427734375,0.87890625,-0.03662109375,-0.48828125,0.1708984375,-0.57373046875
1,-0.5126953125,-0.32958984375,-0.1220703125,-0.37841796875,0.2197265625,-0.390625,0.08544921875,-0.06103515625,-0.09765625,-0.0244140625,-0.1220703125,-0.8544921875,0.06103515625,1.13525390625,-0.146484375,-0.1708984375,-0.0244140625,-0.6103515625,-0.18310546875,-0.1708984375,-0.06103515625,0.81787109375,-0.390625,-0.59814453125,-0.244140625,-0.09765625,-0.0732421875,-0.62255859375,-0.10986328125,1.15966796875,0.1708984375,0.4150390625,-0.30517578125,-0.48828125,-0.15869140625,-0.9033203125,-0.2197265625,-0.4150390625,0.0244140625,-0.69580078125,-0.1708984375,-0.15869140625,-0.29296875,-0.64697265625,-0.23193359375,-0.52490234375,0.3662109375,0.6103515625,-0.2685546875,1.15966796875,-0.048828125,0.4638671875,0.47607421875,0.13427734375,0.1708984375,0.74462890625,-0.37841796875,0.8544921875,-0.1220703125,0.69580078125,-0.3662109375,0.81787109375,-0.01220703125,0.5615234375,0.09765625,0.2197265625,-0.20751953125,1.025390625,-0.20751953125,0.1953125,-0.146484375,0.1708984375,-0.1708984375,0.25634765625,0.048828125,0.830078125,0.3662109375,-0.01220703125,-0.06103515625,1.30615234375,0.23193359375,-0.9521484375,0.18310546875,-0.390625,0.0244140625,-0.9521484375,-0.23193359375,-0.79345703125,0.09765625,-0.86669921875,0.01220703125,-0.28076171875,0.1953125,-0.28076171875,0.0244140625,-1.20849609375,-0.5859375,-1.123046875,0.1220703125,-0.98876953125,-0.1953125,-1.01318359375,-0.1953125,-0.54931640625,0.09765625,2.33154296875,-0.15869140625,0.47607421875,-0.048828125,0.45166015625,-0.03662109375,2.490234375,-0.13427734375,0.390625,-0.08544921875,-0.01220703125,-0.06103515625,0.0244140625,0.09765625,0.1953125,-0.20751953125,-0.01220703125,-0.1220703125,0.9033203125,-0.01220703125,-0.48828125,0.1953125,-0.5615234375
1,-0.47607421875,-0.3173828125,-0.13427734375,-0.3662109375,0.1953125,-0.390625,0.0732421875,-0.0732421875,-0.146484375,0.0244140625,-0.146484375,-0.8544921875,0.048828125,1.13525390625,-0.15869140625,-0.15869140625,-0.06103515625,-0.62255859375,-0.13427734375,-0.1708984375,0.0732421875,0.81787109375,-0.3662109375,-0.6103515625,-0.3173828125,-0.1708984375,-0.1708984375,-0.6591796875,-0.2197265625,1.11083984375,0.08544921875,0.40283203125,-0.48828125,-0.48828125,0.0244140625,-0.9033203125,-0.2685546875,-0.42724609375,0.09765625,-0.72021484375,-0.30517578125,-0.15869140625,-0.20751953125,-0.634765625,-0.30517578125,-0.50048828125,0.3662109375,0.62255859375,-0.29296875,1.18408203125,-0.06103515625,0.45166015625,0.48828125,0.13427734375,0.146484375,0.732421875,-0.32958984375,0.79345703125,-0.15869140625,0.7080078125,-0.28076171875,0.69580078125,-0.06103515625,0.50048828125,0.0732421875,0.23193359375,-0.23193359375,1.0498046875,-0.2197265625,0.20751953125,-0.1220703125,0.1953125,-0.1953125,0.28076171875,0.0732421875,0.81787109375,0.32958984375,-0.0244140625,0,1.318359375,0.20751953125,-0.96435546875,0.1708984375,-0.390625,-0.0244140625,-0.9765625,-0.29296875,-0.8056640625,0.1220703125,-0.93994140625,-0.0244140625,-0.28076171875,0.13427734375,-0.3173828125,0.09765625,-1.1962890625,-0.5859375,-1.1474609375,0.048828125,-0.98876953125,-0.23193359375,-1.0009765625,-0.146484375,-0.537109375,0.1708984375,1.708984375,-0.1708984375,0.1708984375,-0.0732421875,0.23193359375,0.048828125,2.197265625,-0.1220703125,0.35400390625,-0.10986328125,0,-0.06103515625,0.0244140625,0.10986328125,0.1953125,-0.20751953125,0,-0.10986328125,0.89111328125,-0.03662109375,-0.48828125,0.15869140625,-0.52490234375
1,-0.45166015625,-0.35400390625,-0.13427734375,-0.32958984375,0.18310546875,-0.37841796875,0.06103515625,-0.048828125,-0.1220703125,0.03662109375,-0.10986328125,-0.8544921875,0.048828125,1.1474609375,-0.18310546875,-0.146484375,-0.1220703125,-0.634765625,-0.0732421875,-0.1953125,0.15869140625,0.8056640625,-0.2685546875,-0.59814453125,-0.2197265625,-0.18310546875,-0.10986328125,-0.634765625,-0.20751953125,1.13525390625,0.03662109375,0.42724609375,-0.5615234375,-0.47607421875,0.10986328125,-0.9033203125,-0.32958984375,-0.45166015625,0.2197265625,-0.76904296875,-0.42724609375,-0.1708984375,-0.13427734375,-0.64697265625,-0.37841796875,-0.47607421875,0.35400390625,0.62255859375,-0.2685546875,1.171875,-0.08544921875,0.42724609375,0.4638671875,0.09765625,0.08544921875,0.72021484375,-0.32958984375,0.7568359375,-0.25634765625,0.69580078125,-0.18310546875,0.59814453125,-0.15869140625,0.4638671875,0.048828125,0.2685546875,-0.244140625,1.03759765625,-0.23193359375,0.23193359375,-0.13427734375,0.1953125,-0.2197265625,0.25634765625,0.13427734375,0.830078125,0.2685546875,-0.01220703125,0.0244140625,1.33056640625,0.13427734375,-0.96435546875,0.1708984375,-0.390625,-0.08544921875,-0.98876953125,-0.29296875,-0.81787109375,0.09765625,-1.06201171875,-0.08544921875,-0.32958984375,0.09765625,-0.29296875,0.0732421875,-1.20849609375,-0.5859375,-1.1474609375,0.0244140625,-0.98876953125,-0.20751953125,-1.0009765625,-0.09765625,-0.52490234375,0.23193359375,1.11083984375,-0.2197265625,-0.08544921875,-0.1220703125,0,0.10986328125,1.9287109375,-0.1220703125,0.35400390625,-0.10986328125,0,-0.08544921875,0.0244140625,0.0732421875,0.20751953125,-0.20751953125,0.01220703125,-0.10986328125,0.9033203125,-0.0244140625,-0.50048828125,0.146484375,-0.52490234375
1,-0.4150390625,-0.35400390625,-0.13427734375,-0.32958984375,0.10986328125,-0.37841796875,0.06103515625,-0.06103515625,-0.08544921875,0.048828125,-0.09765625,-0.8544921875,0.08544921875,1.171875,-0.1708984375,-0.1708984375,-0.146484375,-0.634765625,-0.01220703125,-0.18310546875,0.20751953125,0.81787109375,-0.10986328125,-0.62255859375,-0.30517578125,-0.10986328125,-0.20751953125,-0.5615234375,-0.244140625,1.20849609375,-0.146484375,0.50048828125,-0.50048828125,-0.40283203125,0.1708984375,-0.89111328125,-0.30517578125,-0.47607421875,0.3173828125,-0.79345703125,-0.5126953125,-0.20751953125,-0.048828125,-0.6591796875,-0.439453125,-0.42724609375,0.30517578125,0.64697265625,-0.1953125,1.171875,-0.146484375,0.4150390625,0.37841796875,0,-0.01220703125,0.7080078125,-0.18310546875,0.76904296875,-0.18310546875,0.7080078125,-0.0244140625,0.54931640625,-0.10986328125,0.47607421875,0,0.2685546875,-0.2197265625,1.0498046875,-0.2197265625,0.23193359375,-0.13427734375,0.20751953125,-0.20751953125,0.244140625,0.18310546875,0.81787109375,0.23193359375,-0.01220703125,0.03662109375,1.3427734375,0.0732421875,-0.9765625,0.146484375,-0.390625,-0.15869140625,-1.03759765625,-0.23193359375,-0.84228515625,0.08544921875,-1.171875,-0.1220703125,-0.341796875,0.06103515625,-0.29296875,0.03662109375,-1.20849609375,-0.59814453125,-1.13525390625,0,-1.0009765625,-0.20751953125,-1.01318359375,-0.0244140625,-0.54931640625,0.29296875,0.6103515625,-0.2685546875,-0.341796875,-0.18310546875,-0.1953125,0.1220703125,1.708984375,-0.13427734375,0.35400390625,-0.13427734375,-0.01220703125,-0.048828125,0.01220703125,0.06103515625,0.1953125,-0.1953125,0.0244140625,-0.08544921875,0.86669921875,-0.01220703125,-0.47607421875,0.13427734375,-0.5126953125
1,-0.3662109375,-0.341796875,-0.1708984375,-0.32958984375,0.08544921875,-0.3662109375,0.048828125,-0.06103515625,-0.0732421875,0.03662109375,-0.0732421875,-0.86669921875,0.0732421875,1.1474609375,-0.1708984375,-0.15869140625,-0.1220703125,-0.6103515625,0.0732421875,-0.1953125,0.1953125,0.830078125,0.0244140625,-0.6591796875,-0.29296875,-0.01220703125,-0.25634765625,-0.45166015625,-0.146484375,1.3671875,-0.23193359375,0.62255859375,-0.40283203125,-0.37841796875,0.2197265625,-0.87890625,-0.29296875,-0.50048828125,0.244140625,-0.79345703125,-0.54931640625,-0.2197265625,-0.0244140625,-0.64697265625,-0.5126953125,-0.40283203125,0.2685546875,0.64697265625,-0.10986328125,1.171875,-0.1953125,0.4150390625,0.29296875,-0.06103515625,-0.1220703125,0.7080078125,-0.146484375,0.79345703125,-0.1708984375,0.72021484375,-0.09765625,0.5859375,-0.13427734375,0.537109375,-0.0244140625,0.2685546875,-0.20751953125,1.03759765625,-0.18310546875,0.244140625,-0.1708984375,0.18310546875,-0.18310546875,0.244140625,0.2197265625,0.81787109375,0.1708984375,0.01220703125,0.01220703125,1.35498046875,0.03662109375,-0.9765625,0.13427734375,-0.3662109375,-0.18310546875,-1.07421875,-0.146484375,-0.84228515625,0.06103515625,-1.28173828125,-0.15869140625,-0.32958984375,0.048828125,-0.29296875,-0.06103515625,-1.220703125,-0.5859375,-1.123046875,0.0244140625,-1.0009765625,-0.1953125,-1.0009765625,0.09765625,-0.54931640625,0.32958984375,0.341796875,-0.32958984375,-0.48828125,-0.2197265625,-0.30517578125,0.1220703125,1.59912109375,-0.1220703125,0.35400390625,-0.1220703125,-0.0244140625,-0.0732421875,0,0.06103515625,0.20751953125,-0.1708984375,0.0244140625,-0.13427734375,0.86669921875,-0.01220703125,-0.48828125,0.08544921875,-0.5126953125
1,-0.341796875,-0.341796875,-0.1708984375,-0.32958984375,0.10986328125,-0.40283203125,0.0244140625,-0.06103515625,-0.146484375,0.0244140625,-0.0732421875,-0.8544921875,0.10986328125,1.1474609375,-0.1708984375,-0.20751953125,-0.0732421875,-0.6103515625,0.09765625,-0.18310546875,0.15869140625,0.84228515625,0.1953125,-0.7080078125,-0.20751953125,0.18310546875,-0.2197265625,-0.3173828125,0,1.5625,-0.2685546875,0.8056640625,-0.244140625,-0.32958984375,0.28076171875,-0.86669921875,-0.23193359375,-0.48828125,0.2685546875,-0.78125,-0.52490234375,-0.20751953125,-0.0244140625,-0.6591796875,-0.5126953125,-0.35400390625,0.23193359375,0.64697265625,-0.048828125,1.13525390625,-0.25634765625,0.42724609375,0.20751953125,-0.10986328125,-0.244140625,0.74462890625,-0.08544921875,0.87890625,0,0.78125,-0.048828125,0.732421875,-0.048828125,0.67138671875,-0.06103515625,0.30517578125,-0.1953125,1.0498046875,-0.146484375,0.25634765625,-0.1953125,0.1953125,-0.1953125,0.25634765625,0.23193359375,0.830078125,0.18310546875,0,-0.03662109375,1.318359375,-0.0244140625,-0.9765625,0.13427734375,-0.40283203125,-0.1953125,-1.0986328125,-0.08544921875,-0.84228515625,-0.03662109375,-1.37939453125,-0.146484375,-0.35400390625,0.01220703125,-0.3173828125,-0.1220703125,-1.220703125,-0.67138671875,-1.13525390625,0.0244140625,-1.0009765625,-0.1708984375,-1.0009765625,0.1953125,-0.54931640625,0.2685546875,0.3662109375,-0.35400390625,-0.50048828125,-0.29296875,-0.30517578125,0.08544921875,1.59912109375,-0.09765625,0.3662109375,-0.1220703125,0.01220703125,-0.0732421875,-0.01220703125,0.0732421875,0.2197265625,-0.1708984375,0.0244140625,-0.146484375,0.830078125,-0.0244140625,-0.5126953125,0.06103515625,-0.5126953125
1,-0.30517578125,-0.35400390625,-0.1953125,-0.341796875,0.1953125,-0.4150390625,0.01220703125,-0.0732421875,-0.244140625,-0.01220703125,-0.048828125,-0.89111328125,0.09765625,1.123046875,-0.1953125,-0.20751953125,0.01220703125,-0.634765625,0.10986328125,-0.1953125,0.10986328125,0.84228515625,0.29296875,-0.732421875,-0.30517578125,0.390625,-0.30517578125,-0.13427734375,0.08544921875,1.7822265625,-0.32958984375,1.025390625,-0.048828125,-0.29296875,0.29296875,-0.86669921875,-0.146484375,-0.4638671875,0.146484375,-0.74462890625,-0.40283203125,-0.23193359375,-0.03662109375,-0.68359375,-0.48828125,-0.30517578125,0.23193359375,0.6591796875,-0.0244140625,1.13525390625,-0.23193359375,0.4638671875,0.10986328125,-0.18310546875,-0.30517578125,0.74462890625,-0.09765625,1.01318359375,0.08544921875,0.830078125,-0.09765625,0.93994140625,0.0244140625,0.8544921875,-0.06103515625,0.29296875,-0.146484375,1.0498046875,-0.1220703125,0.244140625,-0.23193359375,0.1953125,-0.1953125,0.244140625,0.244140625,0.84228515625,0.1708984375,0.03662109375,-0.10986328125,1.33056640625,-0.06103515625,-0.98876953125,0.13427734375,-0.40283203125,-0.1708984375,-1.0986328125,-0.048828125,-0.84228515625,-0.09765625,-1.42822265625,-0.10986328125,-0.32958984375,-0.03662109375,-0.3173828125,-0.1220703125,-1.23291015625,-0.64697265625,-1.13525390625,0.0732421875,-0.9765625,-0.1220703125,-1.01318359375,0.2685546875,-0.5615234375,0.29296875,0.732421875,-0.32958984375,-0.341796875,-0.28076171875,-0.1708984375,0.06103515625,1.806640625,-0.0732421875,0.3662109375,-0.13427734375,0,-0.06103515625,-0.0244140625,0.048828125,0.20751953125,-0.15869140625,0.03662109375,-0.146484375,0.8056640625,0,-0.48828125,0.06103515625,-0.52490234375
1,-0.23193359375,-0.341796875,-0.1953125,-0.3662109375,0.23193359375,-0.439453125,0,-0.06103515625,-0.25634765625,-0.03662109375,-0.048828125,-0.89111328125,0.09765625,1.13525390625,-0.1953125,-0.1953125,0.08544921875,-0.6103515625,0.09765625,-0.15869140625,0.10986328125,0.84228515625,0.35400390625,-0.732421875,-0.2685546875,0.5859375,-0.28076171875,0,0.1708984375,1.98974609375,-0.28076171875,1.20849609375,0.0732421875,-0.2685546875,0.25634765625,-0.86669921875,-0.1220703125,-0.4638671875,0.08544921875,-0.69580078125,-0.244140625,-0.23193359375,-0.08544921875,-0.69580078125,-0.4150390625,-0.29296875,0.25634765625,0.634765625,0.03662109375,1.11083984375,-0.25634765625,0.4638671875,0,-0.244140625,-0.4150390625,0.76904296875,-0.0732421875,1.15966796875,0.146484375,0.89111328125,-0.10986328125,1.171875,0.18310546875,1.03759765625,-0.03662109375,0.29296875,-0.048828125,1.0498046875,-0.08544921875,0.23193359375,-0.20751953125,0.20751953125,-0.2197265625,0.2685546875,0.2197265625,0.830078125,0.13427734375,0.048828125,-0.146484375,1.318359375,-0.0732421875,-0.9765625,0.146484375,-0.4150390625,-0.10986328125,-1.0986328125,-0.08544921875,-0.84228515625,-0.18310546875,-1.45263671875,-0.09765625,-0.32958984375,-0.1220703125,-0.3173828125,-0.1220703125,-1.25732421875,-0.5859375,-1.1474609375,0.13427734375,-0.96435546875,-0.06103515625,-1.025390625,0.29296875,-0.5615234375,0.28076171875,1.47705078125,-0.28076171875,0.01220703125,-0.23193359375,0.15869140625,0.03662109375,2.1728515625,-0.0732421875,0.3662109375,-0.1220703125,0.0244140625,-0.0732421875,-0.06103515625,0.048828125,0.20751953125,-0.15869140625,0.01220703125,-0.13427734375,0.78125,-0.0244140625,-0.54931640625,0.0244140625,-0.537109375
1,-0.23193359375,-0.341796875,-0.18310546875,-0.341796875,0.28076171875,-0.42724609375,0.0244140625,-0.048828125,-0.23193359375,-0.03662109375,-0.06103515625,-0.9033203125,0.1220703125,1.11083984375,-0.18310546875,-0.18310546875,0.09765625,-0.62255859375,0.0244140625,-0.15869140625,0.10986328125,0.8544921875,0.341796875,-0.732421875,-0.23193359375,0.732421875,-0.2197265625,0.10986328125,0.2197265625,2.18505859375,-0.20751953125,1.35498046875,0.146484375,-0.29296875,0.23193359375,-0.9033203125,-0.10986328125,-0.45166015625,0.08544921875,-0.634765625,-0.09765625,-0.23193359375,-0.09765625,-0.69580078125,-0.3173828125,-0.3173828125,0.2197265625,0.634765625,0.09765625,1.11083984375,-0.2197265625,0.47607421875,-0.0732421875,-0.29296875,-0.537109375,0.7568359375,-0.15869140625,1.28173828125,0.1220703125,0.93994140625,-0.09765625,1.37939453125,0.25634765625,1.1962890625,0,0.30517578125,0.048828125,1.03759765625,-0.06103515625,0.2197265625,-0.1708984375,0.1953125,-0.244140625,0.244140625,0.244140625,0.81787109375,0.13427734375,0.0244140625,-0.146484375,1.318359375,-0.09765625,-0.98876953125,0.1708984375,-0.4150390625,-0.0244140625,-1.06201171875,-0.09765625,-0.830078125,-0.20751953125,-1.4892578125,-0.08544921875,-0.32958984375,-0.15869140625,-0.30517578125,-0.09765625,-1.26953125,-0.48828125,-1.13525390625,0.1708984375,-0.98876953125,-0.048828125,-1.025390625,0.28076171875,-0.54931640625,0.1953125,2.57568359375,-0.2197265625,0.54931640625,-0.244140625,0.6103515625,-0.048828125,2.734375,-0.08544921875,0.3662109375,-0.1220703125,0.0244140625,-0.06103515625,-0.10986328125,0.03662109375,0.2197265625,-0.15869140625,-0.0244140625,-0.10986328125,0.7568359375,-0.048828125,-0.537109375,0.01220703125,-0.54931640625
1,-0.15869140625,-0.32958984375,-0.18310546875,-0.3662109375,0.32958984375,-0.4150390625,0.0244140625,-0.06103515625,-0.2197265625,-0.06103515625,-0.048828125,-0.91552734375,0.10986328125,1.0986328125,-0.18310546875,-0.1708984375,0.10986328125,-0.62255859375,-0.048828125,-0.146484375,0.146484375,0.84228515625,0.23193359375,-0.732421875,-0.1953125,0.81787109375,-0.15869140625,0.18310546875,0.1953125,2.3193359375,-0.10986328125,1.45263671875,0.09765625,-0.30517578125,0.23193359375,-0.9033203125,-0.09765625,-0.439453125,-0.03662109375,-0.5615234375,0.0732421875,-0.2197265625,-0.08544921875,-0.68359375,-0.23193359375,-0.35400390625,0.1953125,0.6103515625,0.09765625,1.13525390625,-0.18310546875,0.47607421875,-0.146484375,-0.30517578125,-0.59814453125,0.732421875,-0.18310546875,1.3427734375,0.2197265625,0.98876953125,-0.10986328125,1.52587890625,0.390625,1.28173828125,0.03662109375,0.30517578125,0.146484375,1.03759765625,-0.03662109375,0.20751953125,-0.146484375,0.1953125,-0.18310546875,0.2685546875,0.244140625,0.78125,0.08544921875,0.03662109375,-0.13427734375,1.318359375,-0.1220703125,-0.98876953125,0.20751953125,-0.40283203125,0.06103515625,-1.03759765625,-0.1220703125,-0.81787109375,-0.23193359375,-1.513671875,-0.08544921875,-0.29296875,-0.1708984375,-0.341796875,-0.0244140625,-1.28173828125,-0.4150390625,-1.13525390625,0.18310546875,-0.98876953125,-0.03662109375,-1.01318359375,0.1708984375,-0.5615234375,0.1708984375,3.90625,-0.15869140625,1.23291015625,-0.2197265625,1.18408203125,-0.1220703125,3.45458984375,-0.09765625,0.37841796875,-0.10986328125,0.0244140625,-0.048828125,-0.09765625,0.01220703125,0.20751953125,-0.18310546875,-0.03662109375,-0.09765625,0.7568359375,-0.048828125,-0.54931640625,-0.03662109375,-0.5859375
1,-0.09765625,-0.341796875,-0.20751953125,-0.35400390625,0.3173828125,-0.4150390625,0.0244140625,-0.06103515625,-0.25634765625,-0.048828125,-0.06103515625,-0.89111328125,0.1220703125,1.0986328125,-0.15869140625,-0.15869140625,0.0732421875,-0.59814453125,-0.09765625,-0.1708984375,0.1708984375,0.81787109375,0.08544921875,-0.69580078125,-0.18310546875,0.81787109375,-0.1220703125,0.1953125,0.146484375,2.34375,0.0244140625,1.50146484375,-0.08544921875,-0.3662109375,0.25634765625,-0.9033203125,-0.15869140625,-0.45166015625,-0.0244140625,-0.50048828125,0.15869140625,-0.18310546875,-0.06103515625,-0.68359375,-0.13427734375,-0.40283203125,0.18310546875,0.6103515625,0.048828125,1.13525390625,-0.146484375,0.47607421875,-0.1708984375,-0.30517578125,-0.7080078125,0.72021484375,-0.20751953125,1.3671875,0.29296875,0.96435546875,-0.18310546875,1.5869140625,0.390625,1.30615234375,0.08544921875,0.30517578125,0.23193359375,1.06201171875,0,0.18310546875,-0.10986328125,0.1953125,-0.13427734375,0.2685546875,0.2197265625,0.78125,0.0732421875,0.01220703125,-0.1220703125,1.3427734375,-0.09765625,-0.96435546875,0.23193359375,-0.40283203125,0.13427734375,-1.0009765625,-0.146484375,-0.8056640625,-0.1953125,-1.513671875,-0.06103515625,-0.28076171875,-0.1708984375,-0.341796875,0.0244140625,-1.25732421875,-0.40283203125,-1.13525390625,0.1220703125,-0.96435546875,-0.0732421875,-1.01318359375,0.0732421875,-0.54931640625,0.0244140625,5.3955078125,-0.1220703125,2.001953125,-0.2197265625,1.806640625,-0.13427734375,4.2724609375,-0.10986328125,0.37841796875,-0.1220703125,0.03662109375,-0.06103515625,-0.09765625,-0.0244140625,0.1953125,-0.18310546875,-0.03662109375,-0.0732421875,0.8056640625,-0.06103515625,-0.57373046875,-0.048828125,-0.57373046875
1,-0.08544921875,-0.3173828125,-0.2197265625,-0.390625,0.32958984375,-0.42724609375,0.0244140625,-0.0732421875,-0.2685546875,-0.048828125,-0.03662109375,-0.87890625,0.10986328125,1.11083984375,-0.1220703125,-0.15869140625,0.0244140625,-0.6103515625,-0.09765625,-0.18310546875,0.146484375,0.8056640625,-0.10986328125,-0.67138671875,-0.18310546875,0.76904296875,-0.10986328125,0.146484375,0.10986328125,2.34375,0.1220703125,1.45263671875,-0.30517578125,-0.42724609375,0.2685546875,-0.9033203125,-0.2685546875,-0.4638671875,-0.048828125,-0.42724609375,0.20751953125,-0.1953125,0,-0.67138671875,-0.09765625,-0.47607421875,0.1953125,0.6103515625,-0.0244140625,1.15966796875,-0.10986328125,0.47607421875,-0.2197265625,-0.2685546875,-0.8056640625,0.72021484375,-0.23193359375,1.33056640625,0.3662109375,0.9765625,-0.2197265625,1.5625,0.4150390625,1.25732421875,0.048828125,0.30517578125,0.32958984375,1.0498046875,0.0244140625,0.18310546875,-0.08544921875,0.20751953125,-0.0732421875,0.28076171875,0.2197265625,0.78125,0.10986328125,-0.01220703125,-0.10986328125,1.33056640625,-0.03662109375,-0.9521484375,0.23193359375,-0.37841796875,0.1220703125,-0.9521484375,-0.1220703125,-0.76904296875,-0.10986328125,-1.4892578125,-0.0732421875,-0.25634765625,-0.10986328125,-0.32958984375,0.0732421875,-1.25732421875,-0.4150390625,-1.13525390625,0.048828125,-0.9521484375,-0.1220703125,-1.0009765625,-0.0244140625,-0.5859375,-0.048828125,6.87255859375,-0.09765625,2.79541015625,-0.23193359375,2.42919921875,-0.146484375,5.06591796875,-0.146484375,0.3662109375,-0.13427734375,0.048828125,-0.048828125,-0.1220703125,-0.01220703125,0.1953125,-0.2197265625,-0.048828125,-0.06103515625,0.79345703125,-0.0732421875,-0.57373046875,-0.09765625,-0.6103515625
1,-0.03662109375,-0.32958984375,-0.23193359375,-0.390625,0.30517578125,-0.42724609375,0.06103515625,-0.0732421875,-0.32958984375,-0.01220703125,-0.0244140625,-0.89111328125,0.10986328125,1.11083984375,-0.146484375,-0.15869140625,-0.0244140625,-0.62255859375,-0.10986328125,-0.1953125,0.1220703125,0.8056640625,-0.25634765625,-0.634765625,-0.2197265625,0.64697265625,-0.1220703125,0.06103515625,0.0732421875,2.25830078125,0.244140625,1.35498046875,-0.50048828125,-0.439453125,0.29296875,-0.91552734375,-0.29296875,-0.439453125,-0.03662109375,-0.37841796875,0.1220703125,-0.1708984375,0.03662109375,-0.64697265625,-0.048828125,-0.5126953125,0.28076171875,0.62255859375,-0.1220703125,1.1962890625,-0.09765625,0.439453125,-0.25634765625,-0.23193359375,-0.86669921875,0.72021484375,-0.20751953125,1.25732421875,0.439453125,1.03759765625,-0.13427734375,1.513671875,0.5126953125,1.15966796875,0.03662109375,0.32958984375,0.3662109375,1.0498046875,0.06103515625,0.18310546875,-0.03662109375,0.20751953125,-0.01220703125,0.28076171875,0.1708984375,0.76904296875,0.10986328125,-0.048828125,-0.13427734375,1.318359375,0.03662109375,-0.96435546875,0.23193359375,-0.390625,0.08544921875,-0.9521484375,-0.0732421875,-0.78125,-0.03662109375,-1.50146484375,-0.08544921875,-0.244140625,-0.06103515625,-0.32958984375,0.0732421875,-1.23291015625,-0.50048828125,-1.1474609375,-0.06103515625,-0.9521484375,-0.18310546875,-1.01318359375,-0.08544921875,-0.57373046875,0.048828125,8.1787109375,-0.09765625,3.515625,-0.1953125,3.01513671875,-0.10986328125,5.79833984375,-0.146484375,0.35400390625,-0.1220703125,0.048828125,-0.048828125,-0.1220703125,-0.01220703125,0.20751953125,-0.1953125,-0.0732421875,-0.048828125,0.79345703125,-0.09765625,-0.5615234375,-0.13427734375,-0.62255859375
0,0.01220703125,-0.32958984375,-0.20751953125,-0.37841796875,0.32958984375,-0.4150390625,0.06103515625,-0.09765625,-0.35400390625,-0.01220703125,-0.03662109375,-0.86669921875,0.10986328125,1.0986328125,-0.1220703125,-0.1708984375,-0.1220703125,-0.64697265625,-0.09765625,-0.1953125,0.0732421875,0.79345703125,-0.341796875,-0.634765625,-0.23193359375,0.4638671875,-0.1220703125,-0.0244140625,0.0732421875,2.1484375,0.30517578125,1.23291015625,-0.6591796875,-0.47607421875,0.2197265625,-0.927734375,-0.3662109375,-0.4638671875,-0.048828125,-0.341796875,-0.01220703125,-0.1708984375,0.0732421875,-0.634765625,-0.06103515625,-0.52490234375,0.3662109375,0.634765625,-0.18310546875,1.20849609375,-0.0732421875,0.4150390625,-0.1953125,-0.15869140625,-0.927734375,0.7080078125,-0.1708984375,1.220703125,0.42724609375,1.171875,-0.18310546875,1.46484375,0.52490234375,1.13525390625,0.0244140625,0.32958984375,0.439453125,1.0498046875,0.08544921875,0.1708984375,0.01220703125,0.20751953125,0.03662109375,0.28076171875,0.10986328125,0.74462890625,0.10986328125,-0.03662109375,-0.10986328125,1.33056640625,0.10986328125,-0.9521484375,0.2197265625,-0.37841796875,0.0244140625,-0.9765625,0.01220703125,-0.8056640625,0.03662109375,-1.5380859375,-0.06103515625,-0.2197265625,-0.01220703125,-0.3173828125,0.048828125,-1.1962890625,-0.537109375,-1.1474609375,-0.1953125,-0.96435546875,-0.25634765625,-1.025390625,-0.08544921875,-0.5859375,0.06103515625,9.1796875,-0.09765625,4.0771484375,-0.146484375,3.45458984375,-0.048828125,6.3720703125,-0.15869140625,0.35400390625,-0.146484375,0.03662109375,-0.048828125,-0.08544921875,-0.03662109375,0.2197265625,-0.1953125,-0.06103515625,-0.06103515625,0.79345703125,-0.09765625,-0.537109375,-0.1220703125,-0.59814453125
0,0.03662109375,-0.32958984375,-0.23193359375,-0.37841796875,0.341796875,-0.40283203125,0.0732421875,-0.06103515625,-0.341796875,0.0244140625,-0.0244140625,-0.8544921875,0.08544921875,1.08642578125,-0.08544921875,-0.13427734375,-0.23193359375,-0.634765625,-0.10986328125,-0.1953125,-0.03662109375,0.79345703125,-0.35400390625,-0.64697265625,-0.23193359375,0.30517578125,-0.08544921875,-0.13427734375,0.08544921875,2.01416015625,0.2685546875,1.11083984375,-0.6591796875,-0.47607421875,0.18310546875,-0.927734375,-0.35400390625,-0.4638671875,-0.08544921875,-0.30517578125,-0.1708984375,-0.15869140625,0.0732421875,-0.634765625,-0.0732421875,-0.5126953125,0.40283203125,0.64697265625,-0.2197265625,1.1962890625,-0.06103515625,0.40283203125,-0.1220703125,-0.10986328125,-0.91552734375,0.69580078125,-0.09765625,1.28173828125,0.3662109375,1.42822265625,-0.146484375,1.47705078125,0.5126953125,1.1962890625,0.048828125,0.30517578125,0.42724609375,1.03759765625,0.08544921875,0.1953125,0.01220703125,0.2197265625,0.08544921875,0.2685546875,0.048828125,0.76904296875,0.09765625,-0.048828125,-0.09765625,1.35498046875,0.1708984375,-0.96435546875,0.2197265625,-0.40283203125,-0.08544921875,-1.0009765625,0.08544921875,-0.79345703125,0.08544921875,-1.5625,-0.06103515625,-0.2685546875,0.06103515625,-0.30517578125,0.048828125,-1.20849609375,-0.5126953125,-1.123046875,-0.25634765625,-0.96435546875,-0.32958984375,-1.01318359375,-0.0732421875,-0.5859375,0.08544921875,9.80224609375,-0.10986328125,4.43115234375,-0.1220703125,3.7353515625,-0.03662109375,6.73828125,-0.1708984375,0.32958984375,-0.15869140625,0.01220703125,-0.06103515625,-0.0732421875,-0.01220703125,0.20751953125,-0.18310546875,-0.0732421875,-0.048828125,0.8056640625,-0.10986328125,-0.537109375,-0.1220703125,-0.62255859375
0,0.06103515625,-0.3173828125,-0.2197265625,-0.35400390625,0.3173828125,-0.390625,0.048828125,-0.0732421875,-0.341796875,0.0244140625,0,-0.84228515625,0.06103515625,1.11083984375,-0.0732421875,-0.15869140625,-0.29296875,-0.634765625,-0.13427734375,-0.2197265625,-0.1220703125,0.79345703125,-0.28076171875,-0.6591796875,-0.1953125,0.146484375,-0.08544921875,-0.20751953125,0.09765625,1.86767578125,0.18310546875,1.01318359375,-0.59814453125,-0.439453125,0.15869140625,-0.89111328125,-0.29296875,-0.4638671875,-0.1220703125,-0.29296875,-0.3173828125,-0.15869140625,0.03662109375,-0.64697265625,-0.15869140625,-0.4638671875,0.390625,0.67138671875,-0.1953125,1.171875,-0.06103515625,0.390625,-0.06103515625,-0.08544921875,-0.927734375,0.7080078125,-0.03662109375,1.513671875,0.341796875,1.89208984375,-0.09765625,1.62353515625,0.45166015625,1.4404296875,0.10986328125,0.3173828125,0.42724609375,1.01318359375,0.13427734375,0.20751953125,0.01220703125,0.244140625,0.08544921875,0.2685546875,-0.03662109375,0.78125,0.1220703125,-0.0244140625,-0.06103515625,1.33056640625,0.1953125,-0.9521484375,0.2197265625,-0.390625,-0.146484375,-1.025390625,0.15869140625,-0.8056640625,0.10986328125,-1.57470703125,-0.0244140625,-0.25634765625,0.09765625,-0.29296875,0.048828125,-1.1962890625,-0.48828125,-1.13525390625,-0.29296875,-0.9521484375,-0.3662109375,-1.06201171875,-0.06103515625,-0.5859375,0.09765625,9.9609375,-0.146484375,4.52880859375,-0.08544921875,3.7841796875,-0.03662109375,6.8359375,-0.18310546875,0.3173828125,-0.18310546875,0,-0.06103515625,-0.048828125,-0.0244140625,0.2197265625,-0.1953125,-0.08544921875,-0.0244140625,0.81787109375,-0.09765625,-0.5126953125,-0.09765625,-0.59814453125
0,0.06103515625,-0.341796875,-0.25634765625,-0.341796875,0.25634765625,-0.390625,-0.01220703125,-0.06103515625,-0.3173828125,0,0.0244140625,-0.8544921875,0.048828125,1.11083984375,-0.0732421875,-0.15869140625,-0.3173828125,-0.62255859375,-0.1708984375,-0.1953125,-0.1953125,0.79345703125,-0.1708984375,-0.67138671875,-0.30517578125,0.0732421875,-0.10986328125,-0.25634765625,0.0732421875,1.77001953125,-0.01220703125,0.93994140625,-0.439453125,-0.4150390625,0.13427734375,-0.89111328125,-0.23193359375,-0.47607421875,-0.13427734375,-0.28076171875,-0.4150390625,-0.1953125,-0.06103515625,-0.64697265625,-0.2197265625,-0.40283203125,0.341796875,0.64697265625,-0.1708984375,1.1474609375,-0.09765625,0.4150390625,0.06103515625,-0.06103515625,-0.96435546875,0.72021484375,0.0244140625,1.96533203125,0.2685546875,2.57568359375,-0.146484375,1.96533203125,0.341796875,1.94091796875,0.146484375,0.29296875,0.439453125,1.01318359375,0.13427734375,0.20751953125,0.01220703125,0.23193359375,0.0732421875,0.2685546875,-0.09765625,0.7568359375,0.15869140625,-0.0244140625,-0.0732421875,1.35498046875,0.15869140625,-0.96435546875,0.20751953125,-0.390625,-0.146484375,-1.0498046875,0.1708984375,-0.81787109375,0.13427734375,-1.59912109375,-0.0244140625,-0.244140625,0.09765625,-0.2685546875,0.03662109375,-1.18408203125,-0.45166015625,-1.1474609375,-0.3173828125,-0.96435546875,-0.35400390625,-1.03759765625,-0.01220703125,-0.5859375,0.1220703125,9.70458984375,-0.146484375,4.39453125,-0.06103515625,3.62548828125,-0.0244140625,6.6650390625,-0.18310546875,0.3173828125,-0.1708984375,-0.0244140625,-0.06103515625,-0.03662109375,-0.01220703125,0.1953125,-0.1953125,-0.06103515625,-0.03662109375,0.830078125,-0.09765625,-0.50048828125,-0.09765625,-0.57373046875
0,0.06103515625,-0.35400390625,-0.244140625,-0.341796875,0.25634765625,-0.40283203125,-0.0244140625,-0.06103515625,-0.341796875,-0.01220703125,0,-0.84228515625,0.03662109375,1.1474609375,-0.0732421875,-0.1708984375,-0.25634765625,-0.62255859375,-0.15869140625,-0.18310546875,-0.2197265625,0.79345703125,-0.03662109375,-0.69580078125,-0.341796875,0.06103515625,-0.1220703125,-0.244140625,0.06103515625,1.708984375,-0.1708984375,0.927734375,-0.1953125,-0.32958984375,0.09765625,-0.87890625,-0.15869140625,-0.45166015625,-0.1220703125,-0.30517578125,-0.390625,-0.23193359375,-0.15869140625,-0.67138671875,-0.28076171875,-0.32958984375,0.30517578125,0.6591796875,-0.15869140625,1.123046875,-0.1953125,0.4150390625,0.13427734375,-0.06103515625,-0.91552734375,0.732421875,0.0732421875,2.60009765625,0.25634765625,3.47900390625,-0.146484375,2.4658203125,0.32958984375,2.63671875,0.1953125,0.25634765625,0.35400390625,1.025390625,0.15869140625,0.2197265625,-0.03662109375,0.2197265625,0.048828125,0.25634765625,-0.15869140625,0.78125,0.1953125,-0.01220703125,-0.10986328125,1.3427734375,0.13427734375,-0.96435546875,0.18310546875,-0.40283203125,-0.09765625,-1.06201171875,0.1220703125,-0.81787109375,0.13427734375,-1.62353515625,-0.0244140625,-0.28076171875,0.08544921875,-0.28076171875,0.048828125,-1.18408203125,-0.439453125,-1.13525390625,-0.25634765625,-0.96435546875,-0.28076171875,-1.025390625,0.01220703125,-0.5615234375,0.09765625,9.04541015625,-0.18310546875,4.01611328125,-0.06103515625,3.3203125,0,6.2744140625,-0.1708984375,0.35400390625,-0.1708984375,-0.01220703125,-0.048828125,-0.03662109375,-0.01220703125,0.18310546875,-0.1708984375,-0.03662109375,-0.03662109375,0.84228515625,-0.0732421875,-0.5126953125,-0.09765625,-0.54931640625
0,0.08544921875,-0.341796875,-0.2685546875,-0.341796875,0.25634765625,-0.4150390625,-0.048828125,-0.06103515625,-0.47607421875,-0.0244140625,0,-0.8544921875,0.0732421875,1.13525390625,-0.09765625,-0.18310546875,-0.146484375,-0.6103515625,-0.146484375,-0.1708984375,-0.1708984375,0.79345703125,0.0244140625,-0.7080078125,-0.48828125,0.0732421875,-0.23193359375,-0.20751953125,-0.06103515625,1.69677734375,-0.3662109375,0.927734375,-0.048828125,-0.28076171875,0.1220703125,-0.87890625,-0.10986328125,-0.439453125,-0.18310546875,-0.35400390625,-0.3662109375,-0.244140625,-0.25634765625,-0.69580078125,-0.29296875,-0.3173828125,0.28076171875,0.67138671875,-0.15869140625,1.11083984375,-0.244140625,0.45166015625,0.18310546875,-0.09765625,-0.84228515625,0.7568359375,0.1220703125,3.47900390625,0.1220703125,4.541015625,-0.1953125,3.1005859375,0.25634765625,3.5400390625,0.244140625,0.23193359375,0.28076171875,1.0009765625,0.15869140625,0.244140625,-0.08544921875,0.2197265625,0.03662109375,0.23193359375,-0.1953125,0.8056640625,0.2197265625,-0.01220703125,-0.15869140625,1.3427734375,0.09765625,-0.96435546875,0.1708984375,-0.40283203125,-0.0244140625,-1.11083984375,0.048828125,-0.8056640625,0.1220703125,-1.62353515625,-0.048828125,-0.29296875,0.01220703125,-0.28076171875,0.048828125,-1.1962890625,-0.537109375,-1.123046875,-0.1953125,-0.96435546875,-0.1708984375,-1.03759765625,0.08544921875,-0.57373046875,0,8.0810546875,-0.1953125,3.466796875,-0.048828125,2.880859375,0.06103515625,5.70068359375,-0.18310546875,0.35400390625,-0.18310546875,-0.01220703125,-0.0732421875,-0.06103515625,-0.0244140625,0.18310546875,-0.1708984375,-0.03662109375,0,0.830078125,-0.0732421875,-0.5126953125,-0.08544921875,-0.54931640625
0,0.13427734375,-0.341796875,-0.2685546875,-0.35400390625,0.2685546875,-0.4150390625,-0.06103515625,-0.0732421875,-0.48828125,-0.01220703125,-0.01220703125,-0.84228515625,0.09765625,1.13525390625,-0.09765625,-0.1953125,-0.048828125,-0.6103515625,-0.08544921875,-0.15869140625,-0.08544921875,0.81787109375,0.03662109375,-0.69580078125,-0.6103515625,0.13427734375,-0.3173828125,-0.1708984375,-0.18310546875,1.69677734375,-0.47607421875,0.93994140625,0.048828125,-0.25634765625,0.1953125,-0.87890625,-0.09765625,-0.439453125,-0.20751953125,-0.40283203125,-0.29296875,-0.2685546875,-0.32958984375,-0.72021484375,-0.29296875,-0.25634765625,0.20751953125,0.64697265625,-0.15869140625,1.08642578125,-0.2685546875,0.4638671875,0.2197265625,-0.15869140625,-0.76904296875,0.7568359375,0.08544921875,4.47998046875,0.0244140625,5.67626953125,-0.28076171875,3.82080078125,0.20751953125,4.5654296875,0.30517578125,0.2197265625,0.1953125,1.01318359375,0.1708984375,0.244140625,-0.15869140625,0.20751953125,0.01220703125,0.244140625,-0.244140625,0.8056640625,0.18310546875,0.01220703125,-0.2197265625,1.33056640625,0.048828125,-0.96435546875,0.146484375,-0.42724609375,0.0732421875,-1.07421875,-0.0732421875,-0.79345703125,0.06103515625,-1.611328125,-0.09765625,-0.30517578125,-0.06103515625,-0.2685546875,0.06103515625,-1.18408203125,-0.59814453125,-1.0986328125,-0.13427734375,-0.9765625,-0.09765625,-1.025390625,0.18310546875,-0.5615234375,-0.1220703125,6.92138671875,-0.18310546875,2.81982421875,-0.06103515625,2.33154296875,0.09765625,5.0048828125,-0.18310546875,0.3662109375,-0.1953125,0,-0.06103515625,-0.06103515625,-0.03662109375,0.1708984375,-0.18310546875,-0.0244140625,-0.01220703125,0.81787109375,-0.048828125,-0.537109375,-0.0732421875,-0.52490234375
0,0.1220703125,-0.341796875,-0.30517578125,-0.37841796875,0.25634765625,-0.4150390625,-0.03662109375,-0.08544921875,-0.439453125,-0.03662109375,-0.0244140625,-0.87890625,0.0732421875,1.13525390625,-0.08544921875,-0.2197265625,0,-0.5859375,-0.06103515625,-0.15869140625,0.09765625,0.81787109375,0.0244140625,-0.7080078125,-0.57373046875,0.2197265625,-0.25634765625,-0.13427734375,-0.1953125,1.6845703125,-0.40283203125,0.96435546875,0.048828125,-0.244140625,0.2685546875,-0.89111328125,-0.08544921875,-0.42724609375,-0.23193359375,-0.47607421875,-0.1953125,-0.25634765625,-0.3662109375,-0.732421875,-0.30517578125,-0.2685546875,0.1708984375,0.64697265625,-0.10986328125,1.123046875,-0.29296875,0.47607421875,0.13427734375,-0.18310546875,-0.64697265625,0.74462890625,0.03662109375,5.50537109375,0.06103515625,6.82373046875,-0.2685546875,4.52880859375,0.18310546875,5.5908203125,0.3173828125,0.20751953125,0.08544921875,1.025390625,0.15869140625,0.244140625,-0.20751953125,0.18310546875,-0.06103515625,0.2197265625,-0.244140625,0.8544921875,0.146484375,0.0244140625,-0.244140625,1.318359375,-0.01220703125,-0.9521484375,0.15869140625,-0.40283203125,0.18310546875,-1.08642578125,-0.15869140625,-0.8056640625,-0.01220703125,-1.611328125,-0.1220703125,-0.32958984375,-0.13427734375,-0.28076171875,0.08544921875,-1.20849609375,-0.59814453125,-1.0986328125,-0.09765625,-0.96435546875,-0.0244140625,-0.98876953125,0.20751953125,-0.57373046875,-0.15869140625,5.67626953125,-0.18310546875,2.1240234375,-0.048828125,1.77001953125,0.09765625,4.26025390625,-0.146484375,0.341796875,-0.1953125,0.01220703125,-0.06103515625,-0.048828125,-0.06103515625,0.1708984375,-0.18310546875,-0.01220703125,0.01220703125,0.8056640625,-0.0244140625,-0.52490234375,-0.08544921875,-0.54931640625
0,0.1708984375,-0.341796875,-0.30517578125,-0.3662109375,0.2197265625,-0.42724609375,-0.01220703125,-0.09765625,-0.390625,-0.0244140625,-0.03662109375,-0.86669921875,0.0732421875,1.123046875,-0.09765625,-0.2197265625,0.03662109375,-0.62255859375,-0.06103515625,-0.13427734375,0.29296875,0.81787109375,-0.06103515625,-0.69580078125,-0.6103515625,0.2685546875,-0.28076171875,-0.1220703125,-0.30517578125,1.708984375,-0.35400390625,0.9521484375,-0.0244140625,-0.28076171875,0.42724609375,-0.9033203125,-0.09765625,-0.42724609375,-0.15869140625,-0.54931640625,-0.146484375,-0.244140625,-0.29296875,-0.74462890625,-0.30517578125,-0.3173828125,0.1220703125,0.634765625,-0.03662109375,1.13525390625,-0.390625,0.439453125,0.1220703125,-0.2197265625,-0.57373046875,0.7568359375,0.01220703125,6.4697265625,0.08544921875,7.8369140625,-0.25634765625,5.18798828125,0.146484375,6.53076171875,0.29296875,0.1953125,0.03662109375,1.025390625,0.1220703125,0.244140625,-0.25634765625,0.1708984375,-0.08544921875,0.23193359375,-0.25634765625,0.8544921875,0.08544921875,0.01220703125,-0.2197265625,1.30615234375,-0.03662109375,-0.9521484375,0.15869140625,-0.40283203125,0.23193359375,-1.0498046875,-0.20751953125,-0.8056640625,-0.048828125,-1.55029296875,-0.1708984375,-0.341796875,-0.18310546875,-0.29296875,0.08544921875,-1.23291015625,-0.5615234375,-1.11083984375,-0.06103515625,-0.9521484375,0.03662109375,-0.98876953125,0.2685546875,-0.5615234375,-0.1708984375,4.4677734375,-0.18310546875,1.46484375,-0.048828125,1.220703125,0.06103515625,3.5400390625,-0.146484375,0.35400390625,-0.1708984375,0.03662109375,-0.06103515625,-0.03662109375,-0.1220703125,0.1708984375,-0.18310546875,0,0.0244140625,0.79345703125,-0.048828125,-0.537109375,-0.0732421875,-0.5615234375
0,0.18310546875,-0.35400390625,-0.30517578125,-0.35400390625,0.18310546875,-0.439453125,0,-0.08544921875,-0.341796875,-0.0244140625,-0.048828125,-0.89111328125,0.06103515625,1.123046875,-0.08544921875,-0.2197265625,0.048828125,-0.6103515625,-0.06103515625,-0.146484375,0.4150390625,0.830078125,-0.09765625,-0.68359375,-0.59814453125,0.28076171875,-0.2197265625,-0.13427734375,-0.29296875,1.67236328125,-0.1953125,0.91552734375,-0.1220703125,-0.32958984375,0.48828125,-0.91552734375,-0.18310546875,-0.4150390625,-0.0732421875,-0.6103515625,-0.1220703125,-0.20751953125,-0.23193359375,-0.732421875,-0.29296875,-0.37841796875,0.09765625,0.64697265625,0,1.13525390625,-0.47607421875,0.45166015625,0.10986328125,-0.244140625,-0.45166015625,0.72021484375,0,7.275390625,0.048828125,8.69140625,-0.23193359375,5.712890625,0.08544921875,7.31201171875,0.23193359375,0.15869140625,-0.0244140625,1.03759765625,0.0732421875,0.23193359375,-0.29296875,0.15869140625,-0.10986328125,0.23193359375,-0.20751953125,0.830078125,0.0244140625,0.01220703125,-0.1953125,1.30615234375,-0.09765625,-0.93994140625,0.18310546875,-0.37841796875,0.2197265625,-1.0009765625,-0.20751953125,-0.79345703125,-0.048828125,-1.52587890625,-0.20751953125,-0.35400390625,-0.13427734375,-0.3173828125,0.08544921875,-1.25732421875,-0.42724609375,-1.123046875,-0.03662109375,-0.96435546875,0.08544921875,-0.9765625,0.28076171875,-0.5615234375,-0.1220703125,3.369140625,-0.18310546875,0.84228515625,-0.08544921875,0.72021484375,0,2.8564453125,-0.146484375,0.3662109375,-0.15869140625,0.048828125,-0.06103515625,-0.0244140625,-0.13427734375,0.1708984375,-0.1953125,-0.01220703125,0.0244140625,0.78125,-0.03662109375,-0.52490234375,-0.06103515625,-0.54931640625
0,0.20751953125,-0.3662109375,-0.28076171875,-0.3662109375,0.13427734375,-0.439453125,0.01220703125,-0.0732421875,-0.3662109375,-0.03662109375,-0.03662109375,-0.9033203125,0.06103515625,1.0986328125,-0.08544921875,-0.20751953125,0.06103515625,-0.6103515625,-0.048828125,-0.1708984375,0.4638671875,0.8544921875,-0.15869140625,-0.6591796875,-0.57373046875,0.29296875,-0.1953125,-0.20751953125,-0.25634765625,1.59912109375,-0.09765625,0.8544921875,-0.2197265625,-0.390625,0.5859375,-0.87890625,-0.25634765625,-0.4150390625,-0.01220703125,-0.68359375,-0.146484375,-0.18310546875,-0.146484375,-0.7080078125,-0.29296875,-0.45166015625,0.09765625,0.634765625,0.0244140625,1.171875,-0.537109375,0.42724609375,0.09765625,-0.25634765625,-0.341796875,0.72021484375,-0.10986328125,7.8125,0.06103515625,9.27734375,-0.29296875,6.0302734375,-0.0244140625,7.8369140625,0.23193359375,0.18310546875,-0.10986328125,1.06201171875,0.0244140625,0.20751953125,-0.29296875,0.1708984375,-0.146484375,0.244140625,-0.15869140625,0.8544921875,0,-0.0244140625,-0.15869140625,1.318359375,-0.146484375,-0.9521484375,0.20751953125,-0.390625,0.20751953125,-0.96435546875,-0.10986328125,-0.76904296875,-0.0732421875,-1.4892578125,-0.23193359375,-0.32958984375,-0.08544921875,-0.32958984375,0.048828125,-1.25732421875,-0.30517578125,-1.11083984375,-0.0244140625,-0.96435546875,0.0732421875,-0.9765625,0.2685546875,-0.57373046875,-0.0732421875,2.38037109375,-0.18310546875,0.32958984375,-0.1220703125,0.2685546875,-0.03662109375,2.2705078125,-0.15869140625,0.37841796875,-0.146484375,0.048828125,-0.06103515625,0,-0.146484375,0.1953125,-0.1953125,-0.01220703125,0.048828125,0.79345703125,-0.048828125,-0.5126953125,-0.0732421875,-0.57373046875
0,0.25634765625,-0.37841796875,-0.30517578125,-0.341796875,0.1708984375,-0.42724609375,0.06103515625,-0.048828125,-0.42724609375,-0.0244140625,0,-0.89111328125,0.08544921875,1.06201171875,-0.09765625,-0.1953125,0.0732421875,-0.6103515625,-0.0244140625,-0.18310546875,0.4150390625,0.8544921875,-0.146484375,-0.6591796875,-0.54931640625,0.28076171875,-0.1953125,-0.25634765625,-0.15869140625,1.55029296875,-0.08544921875,0.79345703125,-0.29296875,-0.40283203125,0.48828125,-0.87890625,-0.29296875,-0.40283203125,-0.048828125,-0.68359375,-0.1220703125,-0.18310546875,-0.06103515625,-0.68359375,-0.28076171875,-0.45166015625,0.1220703125,0.6591796875,-0.01220703125,1.1962890625,-0.54931640625,0.42724609375,0.10986328125,-0.244140625,-0.2197265625,0.732421875,-0.13427734375,8.11767578125,0.0244140625,9.5703125,-0.37841796875,6.1767578125,-0.0732421875,8.06884765625,0.18310546875,0.1953125,-0.18310546875,1.07421875,-0.01220703125,0.1953125,-0.28076171875,0.15869140625,-0.1708984375,0.25634765625,-0.146484375,0.81787109375,-0.01220703125,-0.03662109375,-0.09765625,1.318359375,-0.1708984375,-0.98876953125,0.1953125,-0.35400390625,0.15869140625,-0.93994140625,0.01220703125,-0.78125,-0.0732421875,-1.45263671875,-0.18310546875,-0.32958984375,0,-0.32958984375,0.048828125,-1.26953125,-0.1953125,-1.123046875,-0.01220703125,-0.9765625,0.0244140625,-0.98876953125,0.23193359375,-0.5615234375,-0.01220703125,1.5625,-0.1953125,-0.15869140625,-0.146484375,-0.09765625,-0.048828125,1.77001953125,-0.146484375,0.37841796875,-0.10986328125,0.048828125,-0.06103515625,0.01220703125,-0.146484375,0.20751953125,-0.1953125,-0.01220703125,0.0244140625,0.79345703125,-0.06103515625,-0.48828125,-0.048828125,-0.5859375
0,0.244140625,-0.37841796875,-0.29296875,-0.341796875,0.1708984375,-0.439453125,0.048828125,-0.03662109375,-0.4150390625,-0.03662109375,0.01220703125,-0.89111328125,0.048828125,1.06201171875,-0.08544921875,-0.15869140625,0.048828125,-0.634765625,-0.03662109375,-0.18310546875,0.2685546875,0.8544921875,-0.13427734375,-0.634765625,-0.52490234375,0.23193359375,-0.18310546875,-0.30517578125,-0.0244140625,1.513671875,-0.0732421875,0.732421875,-0.28076171875,-0.40283203125,0.439453125,-0.91552734375,-0.28076171875,-0.40283203125,-0.10986328125,-0.69580078125,-0.1220703125,-0.18310546875,-0.03662109375,-0.67138671875,-0.25634765625,-0.4638671875,0.1953125,0.6591796875,-0.0244140625,1.1962890625,-0.4638671875,0.4150390625,0.08544921875,-0.2197265625,-0.10986328125,0.72021484375,-0.18310546875,8.19091796875,0.0732421875,9.619140625,-0.390625,6.15234375,-0.09765625,8.0810546875,0.15869140625,0.20751953125,-0.244140625,1.06201171875,-0.0732421875,0.1708984375,-0.25634765625,0.18310546875,-0.20751953125,0.25634765625,-0.13427734375,0.81787109375,0.03662109375,-0.06103515625,0,1.33056640625,-0.10986328125,-1.0009765625,0.18310546875,-0.3662109375,0.146484375,-0.93994140625,0.146484375,-0.78125,-0.03662109375,-1.4404296875,-0.10986328125,-0.3173828125,0.08544921875,-0.32958984375,0.01220703125,-1.25732421875,-0.1220703125,-1.11083984375,0.0244140625,-0.9765625,-0.03662109375,-0.96435546875,0.1708984375,-0.54931640625,0.0244140625,0.8544921875,-0.1708984375,-0.537109375,-0.146484375,-0.40283203125,-0.0732421875,1.3671875,-0.15869140625,0.37841796875,-0.0732421875,0.048828125,-0.048828125,0.0244140625,-0.146484375,0.1953125,-0.1953125,-0.03662109375,0.03662109375,0.8056640625,-0.10986328125,-0.48828125,-0.0244140625,-0.5615234375
0,0.244140625,-0.390625,-0.25634765625,-0.35400390625,0.1953125,-0.42724609375,0.048828125,-0.03662109375,-0.42724609375,-0.03662109375,0,-0.9033203125,0.03662109375,1.06201171875,-0.08544921875,-0.146484375,0.03662109375,-0.62255859375,-0.0732421875,-0.1708984375,0.13427734375,0.81787109375,-0.1220703125,-0.634765625,-0.5615234375,0.23193359375,-0.15869140625,-0.32958984375,0.06103515625,1.50146484375,-0.146484375,0.69580078125,-0.28076171875,-0.40283203125,0.3173828125,-0.9033203125,-0.25634765625,-0.390625,-0.1953125,-0.64697265625,-0.0732421875,-0.1708984375,-0.0244140625,-0.64697265625,-0.23193359375,-0.50048828125,0.28076171875,0.6591796875,-0.06103515625,1.171875,-0.390625,0.42724609375,0.08544921875,-0.15869140625,-0.03662109375,0.72021484375,-0.0732421875,8.0322265625,0.1220703125,9.47265625,-0.35400390625,6.01806640625,-0.01220703125,7.91015625,0.15869140625,0.23193359375,-0.3173828125,1.0498046875,-0.1220703125,0.15869140625,-0.1953125,0.18310546875,-0.244140625,0.2685546875,-0.1220703125,0.8056640625,0.0732421875,-0.0732421875,0.09765625,1.33056640625,-0.06103515625,-1.0009765625,0.18310546875,-0.3662109375,0.146484375,-0.93994140625,0.25634765625,-0.8056640625,-0.03662109375,-1.4404296875,-0.0244140625,-0.30517578125,0.1708984375,-0.3173828125,-0.03662109375,-1.26953125,-0.18310546875,-1.08642578125,0.0732421875,-0.9521484375,-0.10986328125,-0.96435546875,0.09765625,-0.57373046875,0.01220703125,0.29296875,-0.10986328125,-0.84228515625,-0.13427734375,-0.64697265625,-0.08544921875,1.0009765625,-0.146484375,0.3662109375,-0.0732421875,0.03662109375,-0.06103515625,0.01220703125,-0.10986328125,0.2197265625,-0.1953125,-0.01220703125,-0.01220703125,0.8056640625,-0.09765625,-0.47607421875,-0.03662109375,-0.537109375
1,0.244140625,-0.37841796875,-0.244140625,-0.3662109375,0.1953125,-0.4150390625,0.01220703125,-0.03662109375,-0.45166015625,-0.03662109375,-0.01220703125,-0.89111328125,0.0244140625,1.06201171875,-0.0732421875,-0.146484375,-0.01220703125,-0.62255859375,-0.1708984375,-0.1708984375,-0.01220703125,0.830078125,-0.13427734375,-0.64697265625,-0.40283203125,0.25634765625,-0.08544921875,-0.3173828125,0.1708984375,1.5380859375,-0.1708984375,0.76904296875,-0.23193359375,-0.40283203125,0.18310546875,-0.9033203125,-0.18310546875,-0.390625,-0.23193359375,-0.57373046875,0.0244140625,-0.15869140625,-0.06103515625,-0.6591796875,-0.2197265625,-0.4638671875,0.30517578125,0.67138671875,-0.08544921875,1.171875,-0.29296875,0.439453125,0.10986328125,-0.10986328125,0.0732421875,0.74462890625,-0.01220703125,7.7880859375,0,9.1552734375,-0.23193359375,5.82275390625,0,7.62939453125,0.13427734375,0.23193359375,-0.35400390625,1.03759765625,-0.18310546875,0.15869140625,-0.146484375,0.1953125,-0.244140625,0.2685546875,-0.10986328125,0.76904296875,0.1220703125,-0.08544921875,0.20751953125,1.33056640625,0.048828125,-1.025390625,0.146484375,-0.37841796875,0.15869140625,-0.9765625,0.30517578125,-0.81787109375,-0.03662109375,-1.45263671875,0.03662109375,-0.29296875,0.244140625,-0.32958984375,-0.0244140625,-1.2451171875,-0.244140625,-1.07421875,0.146484375,-0.9521484375,-0.15869140625,-0.96435546875,0.0244140625,-0.5615234375,-0.03662109375,-0.20751953125,-0.048828125,-1.123046875,-0.13427734375,-0.86669921875,-0.1220703125,0.69580078125,-0.13427734375,0.37841796875,-0.03662109375,0.0244140625,-0.06103515625,0.01220703125,-0.10986328125,0.23193359375,-0.18310546875,0,0.01220703125,0.81787109375,-0.09765625,-0.47607421875,-0.0244140625,-0.52490234375
1,0.244140625,-0.35400390625,-0.20751953125,-0.35400390625,0.1708984375,-0.4150390625,0,-0.0244140625,-0.4150390625,-0.03662109375,-0.01220703125,-0.87890625,0.0244140625,1.07421875,-0.08544921875,-0.146484375,-0.0244140625,-0.634765625,-0.28076171875,-0.18310546875,-0.10986328125,0.8056640625,-0.1708984375,-0.6591796875,-0.18310546875,0.30517578125,-0.0244140625,-0.2685546875,0.244140625,1.6357421875,-0.146484375,0.84228515625,-0.1708984375,-0.35400390625,0.01220703125,-0.89111328125,-0.09765625,-0.390625,-0.28076171875,-0.47607421875,0.09765625,-0.18310546875,-0.1708984375,-0.64697265625,-0.18310546875,-0.390625,0.341796875,0.68359375,-0.1220703125,1.13525390625,-0.2197265625,0.439453125,0.146484375,-0.0732421875,0.0732421875,0.732421875,0.048828125,7.45849609375,-0.048828125,8.7646484375,-0.2685546875,5.60302734375,-0.06103515625,7.275390625,0.09765625,0.2685546875,-0.3662109375,1.025390625,-0.1708984375,0.1708984375,-0.13427734375,0.20751953125,-0.2197265625,0.25634765625,-0.08544921875,0.78125,0.13427734375,-0.06103515625,0.29296875,1.33056640625,0.0732421875,-1.0009765625,0.146484375,-0.37841796875,0.18310546875,-0.98876953125,0.244140625,-0.84228515625,-0.01220703125,-1.45263671875,0.09765625,-0.28076171875,0.244140625,-0.3173828125,0.01220703125,-1.25732421875,-0.35400390625,-1.06201171875,0.18310546875,-0.927734375,-0.20751953125,-0.98876953125,-0.0732421875,-0.5615234375,-0.08544921875,-0.64697265625,-0.01220703125,-1.3671875,-0.1708984375,-1.03759765625,-0.1220703125,0.439453125,-0.146484375,0.3662109375,-0.01220703125,0.0244140625,-0.0732421875,-0.0244140625,-0.10986328125,0.23193359375,-0.18310546875,0,0,0.830078125,-0.09765625,-0.4638671875,-0.03662109375,-0.5126953125
1,0.28076171875,-0.35400390625,-0.1953125,-0.35400390625,0.15869140625,-0.4150390625,-0.01220703125,-0.03662109375,-0.390625,-0.0244140625,0.0244140625,-0.89111328125,0.0244140625,1.0986328125,-0.10986328125,-0.1708984375,-0.0244140625,-0.6103515625,-0.3662109375,-0.15869140625,-0.1220703125,0.79345703125,-0.23193359375,-0.67138671875,-0.1953125,0.40283203125,0.0244140625,-0.15869140625,0.25634765625,1.79443359375,-0.1220703125,0.98876953125,-0.13427734375,-0.29296875,-0.0244140625,-0.89111328125,-0.0244140625,-0.4150390625,-0.40283203125,-0.390625,0.1708984375,-0.20751953125,-0.25634765625,-0.64697265625,-0.146484375,-0.341796875,0.3173828125,0.69580078125,-0.15869140625,1.123046875,-0.146484375,0.4638671875,0.13427734375,-0.0732421875,0.048828125,0.72021484375,0.10986328125,7.14111328125,-0.06103515625,8.38623046875,-0.244140625,5.40771484375,-0.1220703125,6.94580078125,0,0.28076171875,-0.35400390625,1.03759765625,-0.146484375,0.20751953125,-0.13427734375,0.20751953125,-0.20751953125,0.25634765625,-0.03662109375,0.8056640625,0.18310546875,-0.048828125,0.341796875,1.318359375,0.09765625,-0.98876953125,0.13427734375,-0.390625,0.20751953125,-1.01318359375,0.146484375,-0.830078125,0.01220703125,-1.4404296875,0.13427734375,-0.25634765625,0.25634765625,-0.3173828125,0.10986328125,-1.25732421875,-0.439453125,-1.03759765625,0.20751953125,-0.9765625,-0.23193359375,-0.98876953125,-0.13427734375,-0.5615234375,-0.146484375,-1.0009765625,0.03662109375,-1.59912109375,-0.20751953125,-1.220703125,-0.1220703125,0.2197265625,-0.13427734375,0.37841796875,-0.01220703125,0.01220703125,-0.0732421875,-0.048828125,-0.08544921875,0.23193359375,-0.1708984375,0.0244140625,0.01220703125,0.84228515625,-0.09765625,-0.47607421875,-0.048828125,-0.48828125
1,0.29296875,-0.341796875,-0.20751953125,-0.341796875,0.146484375,-0.40283203125,-0.03662109375,-0.048828125,-0.390625,-0.01220703125,0.0244140625,-0.86669921875,0.0244140625,1.11083984375,-0.10986328125,-0.15869140625,-0.0244140625,-0.62255859375,-0.37841796875,-0.18310546875,-0.03662109375,0.8056640625,-0.32958984375,-0.69580078125,-0.2197265625,0.52490234375,-0.03662109375,-0.0732421875,0.146484375,1.94091796875,-0.048828125,1.1474609375,-0.1953125,-0.25634765625,0,-0.89111328125,-0.0244140625,-0.40283203125,-0.45166015625,-0.32958984375,0.1708984375,-0.23193359375,-0.341796875,-0.68359375,-0.1220703125,-0.29296875,0.29296875,0.68359375,-0.18310546875,1.11083984375,-0.09765625,0.4638671875,0.13427734375,-0.09765625,0.0244140625,0.732421875,0.09765625,6.87255859375,-0.06103515625,8.04443359375,-0.146484375,5.21240234375,-0.15869140625,6.6650390625,-0.09765625,0.29296875,-0.3173828125,1.025390625,-0.1220703125,0.1953125,-0.1708984375,0.2197265625,-0.15869140625,0.25634765625,0,0.76904296875,0.20751953125,-0.0244140625,0.32958984375,1.318359375,0.09765625,-0.9521484375,0.10986328125,-0.37841796875,0.23193359375,-1.0498046875,0,-0.81787109375,0.06103515625,-1.45263671875,0.146484375,-0.244140625,0.23193359375,-0.29296875,0.20751953125,-1.2451171875,-0.47607421875,-1.03759765625,0.15869140625,-0.98876953125,-0.23193359375,-0.9521484375,-0.18310546875,-0.5615234375,-0.244140625,-1.318359375,-0.0244140625,-1.79443359375,-0.23193359375,-1.35498046875,-0.06103515625,0.03662109375,-0.13427734375,0.37841796875,0.01220703125,0,-0.048828125,-0.0732421875,-0.08544921875,0.2197265625,-0.146484375,0.01220703125,0.01220703125,0.830078125,-0.0732421875,-0.50048828125,-0.08544921875,-0.48828125
1,0.341796875,-0.32958984375,-0.23193359375,-0.3173828125,0.1220703125,-0.390625,-0.03662109375,-0.06103515625,-0.40283203125,-0.0244140625,-0.01220703125,-0.87890625,0.048828125,1.13525390625,-0.13427734375,-0.15869140625,0,-0.59814453125,-0.3662109375,-0.1708984375,0.03662109375,0.8056640625,-0.42724609375,-0.69580078125,-0.146484375,0.6103515625,-0.0732421875,0.03662109375,0.03662109375,2.08740234375,0.03662109375,1.26953125,-0.29296875,-0.25634765625,0.15869140625,-0.86669921875,-0.0244140625,-0.439453125,-0.4150390625,-0.2685546875,0.13427734375,-0.25634765625,-0.37841796875,-0.69580078125,-0.1220703125,-0.2685546875,0.30517578125,0.67138671875,-0.2197265625,1.08642578125,-0.06103515625,0.47607421875,0.10986328125,-0.10986328125,0.0244140625,0.74462890625,0.06103515625,6.6650390625,0.0244140625,7.7392578125,-0.146484375,5.029296875,-0.244140625,6.43310546875,-0.146484375,0.29296875,-0.30517578125,1.025390625,-0.0732421875,0.23193359375,-0.2197265625,0.20751953125,-0.09765625,0.244140625,0.048828125,0.8056640625,0.2197265625,-0.01220703125,0.30517578125,1.318359375,0.03662109375,-0.927734375,0.0732421875,-0.390625,0.2197265625,-1.0498046875,-0.10986328125,-0.79345703125,0.09765625,-1.45263671875,0.1220703125,-0.23193359375,0.1953125,-0.29296875,0.3173828125,-1.23291015625,-0.537109375,-1.06201171875,0.06103515625,-1.01318359375,-0.244140625,-0.91552734375,-0.1953125,-0.54931640625,-0.20751953125,-1.513671875,-0.01220703125,-1.91650390625,-0.1953125,-1.46484375,0.048828125,-0.06103515625,-0.146484375,0.37841796875,0.0244140625,0.01220703125,-0.06103515625,-0.0732421875,-0.0732421875,0.2197265625,-0.1708984375,0.01220703125,0.01220703125,0.81787109375,-0.03662109375,-0.5126953125,-0.10986328125,-0.47607421875
1,0.390625,-0.30517578125,-0.244140625,-0.32958984375,0.08544921875,-0.4150390625,-0.048828125,-0.08544921875,-0.42724609375,-0.0244140625,0,-0.86669921875,0.03662109375,1.13525390625,-0.146484375,-0.1953125,-0.01220703125,-0.6103515625,-0.28076171875,-0.15869140625,0.18310546875,0.8056640625,-0.50048828125,-0.68359375,-0.20751953125,0.7080078125,-0.10986328125,0.10986328125,-0.13427734375,2.197265625,0.048828125,1.3671875,-0.439453125,-0.2685546875,0.28076171875,-0.87890625,-0.08544921875,-0.439453125,-0.32958984375,-0.2685546875,0.048828125,-0.25634765625,-0.32958984375,-0.732421875,-0.18310546875,-0.29296875,0.2685546875,0.67138671875,-0.15869140625,1.0986328125,-0.048828125,0.4638671875,0.06103515625,-0.15869140625,0.03662109375,0.732421875,0.0732421875,6.48193359375,0.09765625,7.45849609375,0.03662109375,4.87060546875,-0.20751953125,6.26220703125,-0.146484375,0.29296875,-0.244140625,1.025390625,-0.0244140625,0.244140625,-0.25634765625,0.1953125,-0.08544921875,0.2685546875,0.0732421875,0.79345703125,0.15869140625,0.0244140625,0.2685546875,1.33056640625,0.01220703125,-0.89111328125,0.03662109375,-0.4150390625,0.15869140625,-1.01318359375,-0.1708984375,-0.7568359375,0.0732421875,-1.4404296875,0.0732421875,-0.2197265625,0.1708984375,-0.30517578125,0.390625,-1.23291015625,-0.54931640625,-1.03759765625,0.01220703125,-1.025390625,-0.20751953125,-0.89111328125,-0.2197265625,-0.52490234375,-0.1708984375,-1.62353515625,-0.0732421875,-1.9775390625,-0.13427734375,-1.47705078125,0.1220703125,-0.13427734375,-0.18310546875,0.37841796875,0.048828125,0.01220703125,-0.0732421875,-0.0732421875,-0.09765625,0.2197265625,-0.18310546875,0,0.048828125,0.79345703125,-0.048828125,-0.5126953125,-0.1220703125,-0.5126953125
1,0.42724609375,-0.30517578125,-0.23193359375,-0.341796875,0.048828125,-0.40283203125,-0.08544921875,-0.09765625,-0.4150390625,-0.03662109375,-0.0244140625,-0.86669921875,0.01220703125,1.123046875,-0.146484375,-0.2197265625,-0.0732421875,-0.6103515625,-0.2197265625,-0.15869140625,0.3173828125,0.84228515625,-0.50048828125,-0.68359375,-0.1953125,0.732421875,-0.09765625,0.09765625,-0.25634765625,2.20947265625,0.048828125,1.3916015625,-0.5859375,-0.28076171875,0.4150390625,-0.86669921875,-0.146484375,-0.40283203125,-0.244140625,-0.28076171875,-0.08544921875,-0.2685546875,-0.2685546875,-0.72021484375,-0.23193359375,-0.32958984375,0.2197265625,0.6591796875,-0.08544921875,1.1474609375,-0.06103515625,0.4638671875,-0.0244140625,-0.1953125,0,0.72021484375,0.0244140625,6.298828125,0.13427734375,7.177734375,0.08544921875,4.67529296875,-0.15869140625,6.06689453125,-0.1220703125,0.30517578125,-0.1708984375,1.03759765625,0,0.244140625,-0.29296875,0.2197265625,-0.09765625,0.28076171875,0.10986328125,0.79345703125,0.06103515625,0.0244140625,0.2197265625,1.30615234375,-0.03662109375,-0.89111328125,0.01220703125,-0.390625,0.09765625,-1.0009765625,-0.20751953125,-0.7568359375,0.08544921875,-1.4404296875,0.01220703125,-0.2197265625,0.13427734375,-0.29296875,0.390625,-1.20849609375,-0.54931640625,-1.03759765625,-0.048828125,-1.03759765625,-0.15869140625,-0.86669921875,-0.2197265625,-0.537109375,-0.1220703125,-1.59912109375,-0.15869140625,-1.96533203125,-0.09765625,-1.46484375,0.18310546875,-0.10986328125,-0.20751953125,0.390625,0.06103515625,0.01220703125,-0.0732421875,-0.0732421875,-0.09765625,0.20751953125,-0.1953125,-0.01220703125,0.048828125,0.7568359375,-0.0732421875,-0.50048828125,-0.146484375,-0.5615234375
1,0.439453125,-0.32958984375,-0.244140625,-0.341796875,0.03662109375,-0.4150390625,-0.1220703125,-0.10986328125,-0.4150390625,-0.0244140625,-0.01220703125,-0.89111328125,-0.03662109375,1.11083984375,-0.146484375,-0.244140625,-0.08544921875,-0.6103515625,-0.146484375,-0.15869140625,0.439453125,0.86669921875,-0.42724609375,-0.64697265625,-0.1953125,0.72021484375,-0.1220703125,0.0732421875,-0.3662109375,2.13623046875,-0.08544921875,1.33056640625,-0.64697265625,-0.30517578125,0.537109375,-0.84228515625,-0.15869140625,-0.37841796875,-0.1220703125,-0.3662109375,-0.1953125,-0.23193359375,-0.1708984375,-0.72021484375,-0.30517578125,-0.390625,0.1708984375,0.64697265625,-0.0244140625,1.18408203125,-0.1220703125,0.45166015625,-0.09765625,-0.244140625,-0.048828125,0.7080078125,-0.01220703125,6.103515625,0.1708984375,6.87255859375,0.15869140625,4.45556640625,-0.09765625,5.87158203125,-0.0732421875,0.30517578125,-0.06103515625,1.0498046875,0.0244140625,0.2197265625,-0.29296875,0.20751953125,-0.1220703125,0.29296875,0.15869140625,0.81787109375,-0.048828125,0.01220703125,0.146484375,1.318359375,-0.09765625,-0.89111328125,0,-0.40283203125,0.01220703125,-0.9765625,-0.18310546875,-0.732421875,0.0732421875,-1.45263671875,-0.048828125,-0.23193359375,0.146484375,-0.30517578125,0.3662109375,-1.20849609375,-0.62255859375,-1.0498046875,-0.09765625,-1.0009765625,-0.10986328125,-0.89111328125,-0.2197265625,-0.52490234375,-0.08544921875,-1.47705078125,-0.25634765625,-1.89208984375,-0.09765625,-1.3916015625,0.15869140625,-0.08544921875,-0.20751953125,0.390625,0.10986328125,0.0244140625,-0.06103515625,-0.0732421875,-0.09765625,0.20751953125,-0.1953125,-0.048828125,0.0732421875,0.7568359375,-0.048828125,-0.50048828125,-0.1708984375,-0.5859375
1,0.47607421875,-0.341796875,-0.2197265625,-0.341796875,0,-0.42724609375,-0.146484375,-0.10986328125,-0.3662109375,-0.03662109375,-0.0244140625,-0.91552734375,-0.048828125,1.11083984375,-0.146484375,-0.23193359375,-0.1220703125,-0.62255859375,-0.0732421875,-0.18310546875,0.52490234375,0.86669921875,-0.3173828125,-0.64697265625,-0.1220703125,0.68359375,-0.146484375,-0.01220703125,-0.390625,2.01416015625,-0.23193359375,1.20849609375,-0.5859375,-0.3662109375,0.634765625,-0.81787109375,-0.1708984375,-0.3662109375,-0.13427734375,-0.4638671875,-0.29296875,-0.18310546875,-0.1220703125,-0.69580078125,-0.37841796875,-0.439453125,0.09765625,0.6591796875,0.06103515625,1.1962890625,-0.146484375,0.45166015625,-0.1708984375,-0.2685546875,-0.09765625,0.7080078125,-0.09765625,5.79833984375,0.2197265625,6.50634765625,0.13427734375,4.1748046875,-0.0244140625,5.57861328125,-0.048828125,0.29296875,0.01220703125,1.07421875,0.048828125,0.20751953125,-0.2685546875,0.20751953125,-0.1708984375,0.28076171875,0.20751953125,0.830078125,-0.13427734375,0,0.06103515625,1.33056640625,-0.1708984375,-0.9033203125,-0.01220703125,-0.3662109375,-0.08544921875,-0.9521484375,-0.10986328125,-0.732421875,0.03662109375,-1.4404296875,-0.08544921875,-0.244140625,0.13427734375,-0.3173828125,0.29296875,-1.220703125,-0.6591796875,-1.0498046875,-0.10986328125,-0.98876953125,-0.0732421875,-0.927734375,-0.15869140625,-0.537109375,-0.03662109375,-1.26953125,-0.341796875,-1.77001953125,-0.1220703125,-1.30615234375,0.13427734375,0.048828125,-0.20751953125,0.3662109375,0.08544921875,0.0244140625,-0.06103515625,-0.048828125,-0.09765625,0.2197265625,-0.18310546875,-0.06103515625,0.0732421875,0.7568359375,-0.0732421875,-0.48828125,-0.18310546875,-0.59814453125
1,0.4638671875,-0.3662109375,-0.23193359375,-0.3662109375,-0.0244140625,-0.4150390625,-0.146484375,-0.08544921875,-0.35400390625,-0.048828125,0.01220703125,-0.9033203125,-0.0732421875,1.11083984375,-0.1708984375,-0.20751953125,-0.0732421875,-0.62255859375,-0.01220703125,-0.1708984375,0.52490234375,0.89111328125,-0.1708984375,-0.6103515625,-0.03662109375,0.74462890625,-0.1708984375,-0.09765625,-0.29296875,1.9287109375,-0.32958984375,1.123046875,-0.47607421875,-0.35400390625,0.68359375,-0.7568359375,-0.15869140625,-0.37841796875,-0.146484375,-0.5615234375,-0.341796875,-0.15869140625,-0.0732421875,-0.67138671875,-0.45166015625,-0.439453125,0.08544921875,0.6591796875,0.10986328125,1.220703125,-0.1708984375,0.439453125,-0.20751953125,-0.25634765625,-0.20751953125,0.72021484375,-0.20751953125,5.419921875,0.25634765625,6.06689453125,0.09765625,3.8330078125,0.06103515625,5.2001953125,-0.01220703125,0.29296875,0.06103515625,1.06201171875,0.048828125,0.18310546875,-0.2685546875,0.1953125,-0.15869140625,0.29296875,0.2197265625,0.84228515625,-0.2197265625,-0.03662109375,-0.0244140625,1.35498046875,-0.25634765625,-0.927734375,-0.03662109375,-0.40283203125,-0.10986328125,-0.927734375,-0.03662109375,-0.732421875,0,-1.46484375,-0.08544921875,-0.25634765625,0.10986328125,-0.2685546875,0.1953125,-1.20849609375,-0.67138671875,-1.06201171875,-0.10986328125,-0.96435546875,-0.03662109375,-0.96435546875,-0.10986328125,-0.52490234375,-0.03662109375,-1.03759765625,-0.3662109375,-1.62353515625,-0.15869140625,-1.1962890625,0.1220703125,0.1953125,-0.1953125,0.37841796875,0.10986328125,0.01220703125,-0.0732421875,-0.0244140625,-0.08544921875,0.23193359375,-0.15869140625,-0.06103515625,0.03662109375,0.76904296875,-0.0732421875,-0.4638671875,-0.2197265625,-0.59814453125
1,0.4638671875,-0.3662109375,-0.20751953125,-0.35400390625,-0.01220703125,-0.439453125,-0.15869140625,-0.048828125,-0.390625,-0.0244140625,0.01220703125,-0.927734375,-0.09765625,1.0986328125,-0.18310546875,-0.20751953125,0,-0.634765625,0.048828125,-0.1708984375,0.4638671875,0.87890625,-0.048828125,-0.6103515625,-0.03662109375,0.84228515625,-0.23193359375,-0.10986328125,-0.20751953125,1.86767578125,-0.4638671875,1.06201171875,-0.29296875,-0.3662109375,0.69580078125,-0.79345703125,-0.09765625,-0.390625,-0.146484375,-0.72021484375,-0.28076171875,-0.18310546875,-0.08544921875,-0.68359375,-0.439453125,-0.45166015625,0.0732421875,0.634765625,0.10986328125,1.1962890625,-0.15869140625,0.45166015625,-0.2685546875,-0.23193359375,-0.341796875,0.732421875,-0.25634765625,4.9560546875,0.28076171875,5.55419921875,0.1953125,3.466796875,0.1220703125,4.736328125,0,0.28076171875,0.10986328125,1.07421875,0.03662109375,0.15869140625,-0.20751953125,0.1953125,-0.1708984375,0.29296875,0.23193359375,0.86669921875,-0.25634765625,-0.048828125,-0.09765625,1.318359375,-0.30517578125,-0.9521484375,-0.048828125,-0.390625,-0.1220703125,-0.91552734375,0,-0.7568359375,-0.09765625,-1.46484375,-0.06103515625,-0.2685546875,0.03662109375,-0.29296875,0.146484375,-1.20849609375,-0.6591796875,-1.08642578125,-0.0732421875,-0.93994140625,-0.0732421875,-1.01318359375,-0.048828125,-0.52490234375,-0.0244140625,-0.81787109375,-0.29296875,-1.4892578125,-0.15869140625,-1.07421875,0.1220703125,0.32958984375,-0.1708984375,0.341796875,0.10986328125,0.01220703125,-0.06103515625,-0.048828125,-0.0732421875,0.2197265625,-0.1708984375,-0.0732421875,0.03662109375,0.79345703125,-0.06103515625,-0.47607421875,-0.25634765625,-0.5859375
1,0.48828125,-0.37841796875,-0.1953125,-0.341796875,0.03662109375,-0.439453125,-0.1708984375,-0.03662109375,-0.40283203125,-0.0244140625,0.01220703125,-0.9033203125,-0.10986328125,1.08642578125,-0.15869140625,-0.1708984375,0.0732421875,-0.64697265625,0.0732421875,-0.18310546875,0.37841796875,0.86669921875,0.048828125,-0.62255859375,0.03662109375,1.11083984375,-0.2685546875,-0.048828125,-0.048828125,1.904296875,-0.50048828125,1.1474609375,-0.15869140625,-0.3662109375,0.62255859375,-0.8056640625,-0.048828125,-0.4150390625,-0.2197265625,-0.830078125,-0.15869140625,-0.20751953125,-0.10986328125,-0.6591796875,-0.42724609375,-0.45166015625,0.048828125,0.634765625,0.08544921875,1.18408203125,-0.20751953125,0.439453125,-0.29296875,-0.1953125,-0.45166015625,0.74462890625,-0.29296875,4.443359375,0.28076171875,4.9560546875,0.2197265625,3.08837890625,0.1953125,4.19921875,-0.0244140625,0.244140625,0.18310546875,1.06201171875,0.0244140625,0.146484375,-0.15869140625,0.20751953125,-0.15869140625,0.2685546875,0.18310546875,0.8544921875,-0.3173828125,-0.06103515625,-0.08544921875,1.318359375,-0.29296875,-0.98876953125,-0.048828125,-0.37841796875,-0.0732421875,-0.91552734375,-0.0244140625,-0.78125,-0.1708984375,-1.47705078125,-0.048828125,-0.2685546875,-0.048828125,-0.30517578125,0.146484375,-1.220703125,-0.54931640625,-1.07421875,0.01220703125,-0.91552734375,-0.09765625,-1.0498046875,-0.0244140625,-0.537109375,0.01220703125,-0.6591796875,-0.244140625,-1.35498046875,-0.1953125,-1.0009765625,0.08544921875,0.439453125,-0.18310546875,0.35400390625,0.146484375,-0.01220703125,-0.048828125,-0.06103515625,-0.0732421875,0.23193359375,-0.13427734375,-0.06103515625,0.01220703125,0.8056640625,-0.06103515625,-0.48828125,-0.29296875,-0.57373046875
1,0.48828125,-0.390625,-0.18310546875,-0.32958984375,0.08544921875,-0.45166015625,-0.146484375,-0.03662109375,-0.42724609375,-0.03662109375,0.01220703125,-0.87890625,-0.15869140625,1.0986328125,-0.146484375,-0.13427734375,0.13427734375,-0.64697265625,0.03662109375,-0.2197265625,0.32958984375,0.8544921875,0.10986328125,-0.6103515625,0.0732421875,1.5625,-0.25634765625,0.13427734375,0.08544921875,2.11181640625,-0.47607421875,1.35498046875,-0.0244140625,-0.390625,0.59814453125,-0.8056640625,0,-0.45166015625,-0.28076171875,-0.91552734375,-0.03662109375,-0.2197265625,-0.13427734375,-0.64697265625,-0.32958984375,-0.4638671875,0.06103515625,0.634765625,0.048828125,1.171875,-0.23193359375,0.45166015625,-0.3173828125,-0.18310546875,-0.6103515625,0.74462890625,-0.28076171875,3.90625,0.2685546875,4.3212890625,0.25634765625,2.74658203125,0.244140625,3.662109375,-0.01220703125,0.244140625,0.23193359375,1.07421875,0.01220703125,0.146484375,-0.10986328125,0.23193359375,-0.10986328125,0.244140625,0.10986328125,0.86669921875,-0.32958984375,-0.048828125,-0.048828125,1.318359375,-0.28076171875,-0.98876953125,-0.03662109375,-0.37841796875,0.0244140625,-0.9521484375,-0.048828125,-0.79345703125,-0.2197265625,-1.4892578125,-0.048828125,-0.29296875,-0.13427734375,-0.29296875,0.1708984375,-1.23291015625,-0.5126953125,-1.08642578125,0.048828125,-0.93994140625,-0.10986328125,-1.08642578125,-0.01220703125,-0.537109375,-0.0732421875,-0.5615234375,-0.10986328125,-1.30615234375,-0.244140625,-0.9521484375,0.0244140625,0.52490234375,-0.1708984375,0.341796875,0.146484375,-0.01220703125,-0.06103515625,-0.06103515625,-0.08544921875,0.2197265625,-0.146484375,-0.03662109375,-0.03662109375,0.830078125,-0.06103515625,-0.50048828125,-0.3173828125,-0.54931640625
0,0.48828125,-0.35400390625,-0.15869140625,-0.32958984375,0.08544921875,-0.42724609375,-0.18310546875,-0.0244140625,-0.35400390625,-0.01220703125,0.01220703125,-0.87890625,-0.18310546875,1.0986328125,-0.1220703125,-0.1220703125,0.146484375,-0.62255859375,-0.0244140625,-0.20751953125,0.30517578125,0.84228515625,0.13427734375,-0.59814453125,0.06103515625,2.23388671875,-0.20751953125,0.50048828125,0.146484375,2.52685546875,-0.439453125,1.72119140625,0.09765625,-0.3662109375,0.5126953125,-0.84228515625,0.03662109375,-0.4638671875,-0.30517578125,-0.93994140625,0.146484375,-0.244140625,-0.13427734375,-0.64697265625,-0.23193359375,-0.4150390625,0.03662109375,0.634765625,0.0244140625,1.15966796875,-0.2197265625,0.4638671875,-0.35400390625,-0.15869140625,-0.7080078125,0.74462890625,-0.2197265625,3.35693359375,0.244140625,3.67431640625,0.2685546875,2.392578125,0.20751953125,3.1005859375,-0.0244140625,0.20751953125,0.30517578125,1.06201171875,0.0244140625,0.1708984375,-0.0732421875,0.20751953125,-0.06103515625,0.244140625,0.03662109375,0.89111328125,-0.390625,-0.048828125,0.03662109375,1.30615234375,-0.29296875,-0.98876953125,0.01220703125,-0.37841796875,0.10986328125,-0.98876953125,-0.0732421875,-0.8056640625,-0.28076171875,-1.47705078125,-0.0244140625,-0.29296875,-0.1953125,-0.29296875,0.20751953125,-1.23291015625,-0.390625,-1.0986328125,0.08544921875,-0.93994140625,-0.146484375,-1.08642578125,-0.03662109375,-0.54931640625,-0.09765625,-0.54931640625,0.03662109375,-1.2939453125,-0.23193359375,-0.93994140625,0.06103515625,0.5615234375,-0.15869140625,0.341796875,0.1220703125,0,-0.06103515625,-0.03662109375,-0.09765625,0.2197265625,-0.146484375,-0.048828125,-0.03662109375,0.84228515625,-0.048828125,-0.5126953125,-0.3173828125,-0.52490234375
0,0.50048828125,-0.341796875,-0.146484375,-0.341796875,0.08544921875,-0.42724609375,-0.15869140625,-0.0244140625,-0.29296875,0,0,-0.8544921875,-0.20751953125,1.0986328125,-0.1220703125,-0.146484375,0.1220703125,-0.59814453125,-0.09765625,-0.20751953125,0.30517578125,0.84228515625,0.048828125,-0.62255859375,0.06103515625,3.08837890625,-0.1708984375,0.9765625,0.13427734375,3.11279296875,-0.32958984375,2.2705078125,0.048828125,-0.3662109375,0.45166015625,-0.8544921875,0,-0.50048828125,-0.4150390625,-0.93994140625,0.3173828125,-0.28076171875,-0.1220703125,-0.67138671875,-0.10986328125,-0.37841796875,0.03662109375,0.634765625,-0.048828125,1.123046875,-0.2197265625,0.4638671875,-0.42724609375,-0.1708984375,-0.830078125,0.7568359375,-0.09765625,2.8564453125,0.32958984375,3.02734375,0.28076171875,2.1240234375,0.10986328125,2.587890625,0.03662109375,0.1708984375,0.30517578125,1.03759765625,0.0244140625,0.18310546875,-0.06103515625,0.20751953125,-0.03662109375,0.23193359375,0,0.89111328125,-0.37841796875,-0.03662109375,0.09765625,1.318359375,-0.244140625,-0.98876953125,0.01220703125,-0.37841796875,0.18310546875,-1.0009765625,-0.08544921875,-0.81787109375,-0.28076171875,-1.47705078125,-0.03662109375,-0.29296875,-0.2197265625,-0.32958984375,0.244140625,-1.23291015625,-0.32958984375,-1.08642578125,0.048828125,-0.9521484375,-0.1708984375,-1.06201171875,-0.03662109375,-0.537109375,-0.1708984375,-0.62255859375,0.13427734375,-1.3427734375,-0.29296875,-0.9765625,0.03662109375,0.537109375,-0.15869140625,0.341796875,0.1220703125,0,-0.0732421875,-0.048828125,-0.10986328125,0.18310546875,-0.13427734375,-0.048828125,-0.0244140625,0.830078125,-0.048828125,-0.52490234375,-0.3173828125,-0.5126953125
0,0.52490234375,-0.3173828125,-0.1220703125,-0.35400390625,0.0732421875,-0.439453125,-0.13427734375,-0.03662109375,-0.2685546875,-0.01220703125,0.01220703125,-0.8544921875,-0.20751953125,1.123046875,-0.08544921875,-0.1708984375,0.0732421875,-0.59814453125,-0.18310546875,-0.1953125,0.32958984375,0.81787109375,-0.048828125,-0.6591796875,0.13427734375,4.04052734375,-0.13427734375,1.55029296875,0.09765625,3.84521484375,-0.15869140625,2.9052734375,-0.048828125,-0.3173828125,0.37841796875,-0.89111328125,-0.048828125,-0.5126953125,-0.42724609375,-0.89111328125,0.40283203125,-0.29296875,-0.09765625,-0.67138671875,0,-0.32958984375,0.048828125,0.62255859375,-0.09765625,1.123046875,-0.1708984375,0.45166015625,-0.48828125,-0.1708984375,-0.86669921875,0.74462890625,-0.01220703125,2.44140625,0.37841796875,2.47802734375,0.25634765625,1.8798828125,0.06103515625,2.1484375,0.06103515625,0.15869140625,0.30517578125,1.0498046875,0.048828125,0.1953125,-0.048828125,0.1953125,-0.01220703125,0.23193359375,-0.0732421875,0.91552734375,-0.3173828125,-0.0244140625,0.10986328125,1.30615234375,-0.20751953125,-0.9765625,0.03662109375,-0.40283203125,0.244140625,-1.0009765625,-0.09765625,-0.81787109375,-0.2197265625,-1.45263671875,-0.048828125,-0.25634765625,-0.20751953125,-0.32958984375,0.2685546875,-1.26953125,-0.341796875,-1.08642578125,-0.01220703125,-0.96435546875,-0.1953125,-1.0009765625,-0.03662109375,-0.52490234375,-0.30517578125,-0.74462890625,0.13427734375,-1.40380859375,-0.341796875,-1.025390625,0,0.5126953125,-0.1708984375,0.35400390625,0.1220703125,-0.01220703125,-0.08544921875,-0.03662109375,-0.10986328125,0.18310546875,-0.15869140625,-0.03662109375,-0.0244140625,0.81787109375,-0.048828125,-0.52490234375,-0.32958984375,-0.52490234375
0,0.54931640625,-0.3173828125,-0.10986328125,-0.3662109375,0.06103515625,-0.40283203125,-0.1220703125,-0.06103515625,-0.2685546875,-0.0244140625,0.01220703125,-0.86669921875,-0.1953125,1.13525390625,-0.08544921875,-0.18310546875,0,-0.57373046875,-0.2197265625,-0.1708984375,0.3173828125,0.830078125,-0.1953125,-0.67138671875,0.146484375,5.06591796875,-0.13427734375,2.13623046875,0.03662109375,4.6142578125,-0.03662109375,3.564453125,-0.25634765625,-0.3662109375,0.30517578125,-0.91552734375,-0.1220703125,-0.5126953125,-0.42724609375,-0.830078125,0.439453125,-0.29296875,-0.06103515625,-0.68359375,0.06103515625,-0.341796875,0.09765625,0.64697265625,-0.18310546875,1.123046875,-0.15869140625,0.439453125,-0.52490234375,-0.18310546875,-0.84228515625,0.7568359375,0.0244140625,2.099609375,0.40283203125,1.96533203125,0.2685546875,1.72119140625,0.03662109375,1.81884765625,0.08544921875,0.1708984375,0.25634765625,1.03759765625,0.06103515625,0.20751953125,-0.03662109375,0.18310546875,-0.01220703125,0.244140625,-0.10986328125,0.9033203125,-0.23193359375,-0.01220703125,0.10986328125,1.30615234375,-0.10986328125,-0.96435546875,0.048828125,-0.390625,0.2197265625,-1.0009765625,-0.08544921875,-0.8056640625,-0.13427734375,-1.4404296875,-0.048828125,-0.2685546875,-0.18310546875,-0.341796875,0.28076171875,-1.26953125,-0.30517578125,-1.06201171875,-0.146484375,-0.98876953125,-0.2197265625,-0.9765625,-0.06103515625,-0.52490234375,-0.18310546875,-0.86669921875,0.2197265625,-1.46484375,-0.30517578125,-1.06201171875,0.09765625,0.439453125,-0.18310546875,0.35400390625,0.10986328125,0,-0.06103515625,-0.01220703125,-0.146484375,0.18310546875,-0.1708984375,-0.048828125,0,0.830078125,-0.0732421875,-0.537109375,-0.3173828125,-0.52490234375
0,0.54931640625,-0.3173828125,-0.10986328125,-0.3662109375,0.06103515625,-0.390625,-0.1220703125,-0.0732421875,-0.2685546875,-0.0244140625,-0.01220703125,-0.86669921875,-0.20751953125,1.123046875,-0.048828125,-0.20751953125,-0.048828125,-0.57373046875,-0.1953125,-0.1708984375,0.23193359375,0.81787109375,-0.3662109375,-0.68359375,0.23193359375,6.0302734375,-0.13427734375,2.7099609375,0.01220703125,5.35888671875,0.10986328125,4.21142578125,-0.48828125,-0.3662109375,0.3173828125,-0.93994140625,-0.20751953125,-0.50048828125,-0.40283203125,-0.78125,0.341796875,-0.28076171875,-0.0244140625,-0.69580078125,0.1220703125,-0.341796875,0.18310546875,0.634765625,-0.25634765625,1.13525390625,-0.1220703125,0.439453125,-0.47607421875,-0.20751953125,-0.8056640625,0.72021484375,0.09765625,1.86767578125,0.45166015625,1.5625,0.2197265625,1.57470703125,0.01220703125,1.59912109375,0.146484375,0.15869140625,0.18310546875,1.025390625,0.0732421875,0.244140625,-0.09765625,0.1708984375,-0.0244140625,0.2197265625,-0.13427734375,0.9033203125,-0.1708984375,0.01220703125,0.09765625,1.28173828125,0,-0.96435546875,0.048828125,-0.3662109375,0.1708984375,-0.9765625,-0.03662109375,-0.79345703125,-0.09765625,-1.416015625,-0.0732421875,-0.2685546875,-0.10986328125,-0.37841796875,0.23193359375,-1.26953125,-0.28076171875,-1.06201171875,-0.28076171875,-0.98876953125,-0.2197265625,-0.93994140625,-0.06103515625,-0.52490234375,-0.08544921875,-0.9521484375,0.25634765625,-1.5380859375,-0.244140625,-1.08642578125,0.08544921875,0.390625,-0.1708984375,0.390625,0.13427734375,0,-0.0732421875,-0.01220703125,-0.13427734375,0.18310546875,-0.18310546875,-0.03662109375,0.0244140625,0.830078125,-0.08544921875,-0.52490234375,-0.3173828125,-0.54931640625
0,0.537109375,-0.32958984375,-0.10986328125,-0.35400390625,0.06103515625,-0.40283203125,-0.146484375,-0.06103515625,-0.29296875,-0.03662109375,0.0244140625,-0.89111328125,-0.23193359375,1.11083984375,-0.0244140625,-0.1953125,-0.15869140625,-0.59814453125,-0.20751953125,-0.146484375,0.1708984375,0.84228515625,-0.50048828125,-0.69580078125,0.2685546875,6.8603515625,-0.10986328125,3.1982421875,-0.0244140625,6.0302734375,0.2197265625,4.72412109375,-0.62255859375,-0.3662109375,0.2685546875,-0.9521484375,-0.29296875,-0.47607421875,-0.40283203125,-0.7080078125,0.1953125,-0.2685546875,-0.03662109375,-0.72021484375,0.13427734375,-0.35400390625,0.23193359375,0.62255859375,-0.2685546875,1.18408203125,-0.0244140625,0.42724609375,-0.45166015625,-0.20751953125,-0.72021484375,0.72021484375,0.10986328125,1.74560546875,0.4638671875,1.28173828125,0.09765625,1.45263671875,0.03662109375,1.45263671875,0.20751953125,0.1708984375,0.10986328125,1.03759765625,0.09765625,0.244140625,-0.13427734375,0.15869140625,0,0.23193359375,-0.146484375,0.9033203125,-0.1220703125,0.01220703125,0.0732421875,1.28173828125,0.08544921875,-0.9521484375,0.048828125,-0.37841796875,0.0732421875,-0.96435546875,0.0244140625,-0.78125,-0.048828125,-1.40380859375,-0.0732421875,-0.25634765625,-0.01220703125,-0.35400390625,0.1708984375,-1.28173828125,-0.30517578125,-1.0498046875,-0.3662109375,-0.98876953125,-0.1953125,-0.9033203125,-0.09765625,-0.537109375,-0.09765625,-1.01318359375,0.18310546875,-1.55029296875,-0.2197265625,-1.07421875,-0.01220703125,0.4150390625,-0.1708984375,0.390625,0.146484375,0.01220703125,-0.08544921875,0,-0.13427734375,0.1953125,-0.20751953125,-0.048828125,0.048828125,0.84228515625,-0.1220703125,-0.50048828125,-0.29296875,-0.54931640625
0,0.52490234375,-0.35400390625,-0.09765625,-0.341796875,0.06103515625,-0.390625,-0.146484375,-0.048828125,-0.244140625,-0.03662109375,0,-0.87890625,-0.25634765625,1.11083984375,-0.01220703125,-0.1708984375,-0.2685546875,-0.57373046875,-0.20751953125,-0.146484375,0.08544921875,0.8544921875,-0.5126953125,-0.69580078125,0.23193359375,7.48291015625,-0.03662109375,3.515625,-0.03662109375,6.48193359375,0.244140625,5.09033203125,-0.6591796875,-0.3662109375,0.2685546875,-0.93994140625,-0.30517578125,-0.48828125,-0.3662109375,-0.67138671875,0.048828125,-0.25634765625,-0.03662109375,-0.7080078125,0.08544921875,-0.40283203125,0.23193359375,0.6103515625,-0.244140625,1.1962890625,0.0244140625,0.42724609375,-0.45166015625,-0.18310546875,-0.6591796875,0.72021484375,0.1220703125,1.69677734375,0.439453125,1.13525390625,0.10986328125,1.416015625,0.10986328125,1.416015625,0.20751953125,0.15869140625,-0.01220703125,1.06201171875,0.10986328125,0.244140625,-0.1953125,0.1708984375,-0.03662109375,0.244140625,-0.146484375,0.9033203125,-0.048828125,0,0.03662109375,1.2939453125,0.13427734375,-0.93994140625,0.03662109375,-0.37841796875,-0.0244140625,-0.9521484375,0.10986328125,-0.7568359375,-0.0244140625,-1.40380859375,-0.048828125,-0.244140625,0.03662109375,-0.37841796875,0.13427734375,-1.28173828125,-0.2685546875,-1.03759765625,-0.439453125,-0.98876953125,-0.146484375,-0.927734375,-0.13427734375,-0.52490234375,0.06103515625,-0.96435546875,0.2197265625,-1.4892578125,-0.1220703125,-1.01318359375,0.03662109375,0.4638671875,-0.1953125,0.390625,0.15869140625,0.03662109375,-0.0732421875,0.0244140625,-0.146484375,0.1953125,-0.1953125,-0.0244140625,0.048828125,0.84228515625,-0.13427734375,-0.48828125,-0.29296875,-0.54931640625
0,0.5126953125,-0.3662109375,-0.06103515625,-0.341796875,0.0244140625,-0.390625,-0.1953125,-0.06103515625,-0.20751953125,-0.03662109375,0.01220703125,-0.89111328125,-0.2685546875,1.0986328125,-0.048828125,-0.15869140625,-0.32958984375,-0.57373046875,-0.23193359375,-0.13427734375,0.01220703125,0.8544921875,-0.48828125,-0.68359375,0.1953125,7.84912109375,-0.0732421875,3.662109375,-0.048828125,6.77490234375,0.1953125,5.2490234375,-0.59814453125,-0.40283203125,0.244140625,-0.93994140625,-0.23193359375,-0.4638671875,-0.35400390625,-0.6591796875,-0.0732421875,-0.2197265625,-0.10986328125,-0.69580078125,0.0244140625,-0.4638671875,0.25634765625,0.5859375,-0.23193359375,1.20849609375,0.06103515625,0.42724609375,-0.3662109375,-0.1708984375,-0.6103515625,0.74462890625,0.06103515625,1.74560546875,0.40283203125,1.13525390625,-0.0244140625,1.40380859375,0.09765625,1.47705078125,0.20751953125,0.15869140625,-0.06103515625,1.0498046875,0.10986328125,0.2685546875,-0.25634765625,0.1708984375,-0.08544921875,0.25634765625,-0.13427734375,0.89111328125,0.03662109375,0,-0.0244140625,1.2939453125,0.09765625,-0.9521484375,0.01220703125,-0.390625,-0.08544921875,-0.91552734375,0.146484375,-0.74462890625,0.01220703125,-1.3916015625,-0.03662109375,-0.2685546875,0.048828125,-0.341796875,0.146484375,-1.2939453125,-0.2197265625,-1.07421875,-0.439453125,-0.98876953125,-0.1220703125,-0.91552734375,-0.146484375,-0.537109375,0.03662109375,-0.81787109375,0.146484375,-1.35498046875,-0.10986328125,-0.9033203125,-0.0732421875,0.5859375,-0.18310546875,0.40283203125,0.15869140625,0.0244140625,-0.0732421875,0.0244140625,-0.146484375,0.20751953125,-0.18310546875,0,0.03662109375,0.8544921875,-0.1220703125,-0.45166015625,-0.244140625,-0.54931640625
0,0.47607421875,-0.35400390625,-0.06103515625,-0.341796875,0,-0.40283203125,-0.1953125,-0.03662109375,-0.1953125,-0.048828125,0.0244140625,-0.87890625,-0.2685546875,1.07421875,-0.048828125,-0.146484375,-0.341796875,-0.59814453125,-0.2685546875,-0.146484375,-0.048828125,0.86669921875,-0.40283203125,-0.64697265625,0.1220703125,7.958984375,-0.10986328125,3.67431640625,-0.048828125,6.8359375,0.01220703125,5.2490234375,-0.4150390625,-0.42724609375,0.2197265625,-0.927734375,-0.1708984375,-0.4638671875,-0.35400390625,-0.6591796875,-0.1220703125,-0.20751953125,-0.1708984375,-0.67138671875,-0.06103515625,-0.5126953125,0.146484375,0.59814453125,-0.20751953125,1.1962890625,0.08544921875,0.45166015625,-0.30517578125,-0.146484375,-0.52490234375,0.74462890625,0.0244140625,1.8798828125,0.48828125,1.318359375,0,1.4892578125,0.1708984375,1.611328125,0.1708984375,0.1708984375,-0.1220703125,1.0498046875,0.08544921875,0.244140625,-0.25634765625,0.18310546875,-0.09765625,0.2685546875,-0.146484375,0.9033203125,0.09765625,-0.01220703125,-0.10986328125,1.30615234375,0.06103515625,-0.9765625,0,-0.37841796875,-0.06103515625,-0.91552734375,0.13427734375,-0.74462890625,0.01220703125,-1.3916015625,-0.01220703125,-0.244140625,0.0244140625,-0.30517578125,0.1708984375,-1.25732421875,-0.2685546875,-1.07421875,-0.37841796875,-0.98876953125,-0.0732421875,-0.927734375,-0.15869140625,-0.5615234375,0.01220703125,-0.6103515625,0.08544921875,-1.18408203125,-0.08544921875,-0.79345703125,-0.08544921875,0.76904296875,-0.15869140625,0.4150390625,0.15869140625,0.03662109375,-0.0732421875,0.03662109375,-0.1220703125,0.20751953125,-0.146484375,-0.0244140625,0.048828125,0.8544921875,-0.10986328125,-0.4638671875,-0.244140625,-0.5615234375
0,0.45166015625,-0.3662109375,0,-0.35400390625,0,-0.4150390625,-0.23193359375,-0.03662109375,-0.1708984375,-0.03662109375,0.03662109375,-0.87890625,-0.25634765625,1.08642578125,-0.048828125,-0.13427734375,-0.29296875,-0.59814453125,-0.244140625,-0.146484375,-0.08544921875,0.86669921875,-0.29296875,-0.634765625,0.1220703125,7.82470703125,-0.18310546875,3.5400390625,-0.06103515625,6.7138671875,-0.2197265625,5.09033203125,-0.2197265625,-0.439453125,0.20751953125,-0.91552734375,-0.08544921875,-0.47607421875,-0.37841796875,-0.7080078125,-0.1220703125,-0.1953125,-0.2685546875,-0.6591796875,-0.09765625,-0.54931640625,0.1220703125,0.59814453125,-0.1708984375,1.15966796875,0.048828125,0.4638671875,-0.2197265625,-0.13427734375,-0.40283203125,0.74462890625,-0.048828125,2.11181640625,0.47607421875,1.67236328125,-0.048828125,1.6357421875,0.13427734375,1.86767578125,0.18310546875,0.15869140625,-0.20751953125,1.0498046875,0.048828125,0.25634765625,-0.28076171875,0.18310546875,-0.13427734375,0.2685546875,-0.1220703125,0.91552734375,0.13427734375,0,-0.15869140625,1.318359375,0.0244140625,-0.96435546875,0.01220703125,-0.390625,-0.01220703125,-0.927734375,0.09765625,-0.7568359375,-0.03662109375,-1.3916015625,-0.0244140625,-0.23193359375,-0.0244140625,-0.30517578125,0.18310546875,-1.25732421875,-0.3173828125,-1.0986328125,-0.32958984375,-0.9765625,0,-0.9521484375,-0.1708984375,-0.54931640625,0.03662109375,-0.341796875,0.0732421875,-0.96435546875,-0.03662109375,-0.634765625,0,0.96435546875,-0.13427734375,0.390625,0.15869140625,0.03662109375,-0.0732421875,0.03662109375,-0.08544921875,0.1953125,-0.10986328125,-0.01220703125,0.03662109375,0.8544921875,-0.09765625,-0.4638671875,-0.20751953125,-0.537109375
0,0.45166015625,-0.35400390625,0,-0.3662109375,0.03662109375,-0.4150390625,-0.23193359375,-0.048828125,-0.1708984375,-0.01220703125,0.0244140625,-0.9033203125,-0.2685546875,1.08642578125,-0.048828125,-0.146484375,-0.1708984375,-0.62255859375,-0.23193359375,-0.15869140625,-0.06103515625,0.8544921875,-0.2197265625,-0.62255859375,0.13427734375,7.48291015625,-0.2685546875,3.30810546875,-0.08544921875,6.43310546875,-0.37841796875,4.8095703125,-0.0732421875,-0.4638671875,0.23193359375,-0.86669921875,-0.01220703125,-0.47607421875,-0.439453125,-0.74462890625,-0.0732421875,-0.1953125,-0.390625,-0.634765625,-0.146484375,-0.5615234375,0.06103515625,0.59814453125,-0.1708984375,1.13525390625,0.0244140625,0.48828125,-0.146484375,-0.09765625,-0.30517578125,0.7568359375,-0.0732421875,2.490234375,0.439453125,2.25830078125,-0.048828125,1.904296875,0.18310546875,2.25830078125,0.15869140625,0.1708984375,-0.29296875,1.0498046875,0.01220703125,0.23193359375,-0.2685546875,0.20751953125,-0.15869140625,0.2685546875,-0.13427734375,0.9033203125,0.10986328125,-0.01220703125,-0.1953125,1.33056640625,-0.01220703125,-0.9765625,-0.01220703125,-0.37841796875,0.06103515625,-0.9521484375,0.03662109375,-0.76904296875,-0.08544921875,-1.416015625,-0.048828125,-0.23193359375,-0.09765625,-0.28076171875,0.2197265625,-1.2451171875,-0.37841796875,-1.07421875,-0.2685546875,-0.9765625,0.0244140625,-0.9765625,-0.15869140625,-0.5615234375,-0.13427734375,-0.08544921875,-0.03662109375,-0.7568359375,-0.06103515625,-0.50048828125,-0.03662109375,1.1962890625,-0.09765625,0.37841796875,0.1708984375,0.048828125,-0.08544921875,0.03662109375,-0.0732421875,0.20751953125,-0.10986328125,-0.0244140625,0.03662109375,0.8544921875,-0.09765625,-0.4638671875,-0.1953125,-0.5126953125
0,0.439453125,-0.35400390625,-0.01220703125,-0.37841796875,0.0244140625,-0.4150390625,-0.244140625,-0.03662109375,-0.146484375,-0.01220703125,0,-0.89111328125,-0.2685546875,1.07421875,-0.03662109375,-0.13427734375,-0.03662109375,-0.59814453125,-0.1708984375,-0.1708984375,0.0244140625,0.8544921875,-0.15869140625,-0.62255859375,-0.0244140625,7.0556640625,-0.30517578125,3.02734375,-0.18310546875,6.0791015625,-0.50048828125,4.4921875,0.01220703125,-0.45166015625,0.341796875,-0.830078125,0.06103515625,-0.45166015625,-0.390625,-0.76904296875,-0.0244140625,-0.1708984375,-0.439453125,-0.6103515625,-0.1708984375,-0.537109375,-0.048828125,0.634765625,-0.1220703125,1.123046875,-0.03662109375,0.48828125,-0.0732421875,-0.10986328125,-0.146484375,0.7568359375,-0.1220703125,3.01513671875,0.341796875,3.0517578125,0.048828125,2.28271484375,0.09765625,2.783203125,0.1220703125,0.1953125,-0.35400390625,1.0498046875,-0.0732421875,0.2197265625,-0.244140625,0.1953125,-0.1953125,0.2685546875,-0.13427734375,0.89111328125,0.08544921875,-0.0244140625,-0.1220703125,1.318359375,-0.0244140625,-0.96435546875,-0.0244140625,-0.37841796875,0.15869140625,-0.9521484375,-0.0732421875,-0.76904296875,-0.13427734375,-1.4404296875,-0.08544921875,-0.2197265625,-0.18310546875,-0.29296875,0.28076171875,-1.20849609375,-0.390625,-1.11083984375,-0.23193359375,-0.96435546875,0.048828125,-1.0009765625,-0.15869140625,-0.54931640625,-0.20751953125,0.13427734375,-0.10986328125,-0.5615234375,-0.0732421875,-0.35400390625,-0.01220703125,1.3916015625,-0.0732421875,0.37841796875,0.15869140625,0.0244140625,-0.0732421875,0.0244140625,-0.06103515625,0.18310546875,-0.09765625,-0.01220703125,0.06103515625,0.8544921875,-0.06103515625,-0.45166015625,-0.18310546875,-0.5126953125
0,0.42724609375,-0.35400390625,0,-0.35400390625,0.06103515625,-0.4150390625,-0.244140625,-0.0244140625,-0.10986328125,0.01220703125,-0.01220703125,-0.9033203125,-0.244140625,1.08642578125,-0.03662109375,-0.13427734375,0.06103515625,-0.6103515625,-0.1220703125,-0.18310546875,0.18310546875,0.81787109375,-0.18310546875,-0.6103515625,-0.1220703125,6.55517578125,-0.35400390625,2.74658203125,-0.29296875,5.72509765625,-0.537109375,4.1748046875,0.01220703125,-0.40283203125,0.42724609375,-0.81787109375,0.03662109375,-0.4638671875,-0.439453125,-0.78125,0.06103515625,-0.18310546875,-0.45166015625,-0.6103515625,-0.146484375,-0.50048828125,-0.15869140625,0.634765625,-0.08544921875,1.11083984375,-0.08544921875,0.48828125,-0.03662109375,-0.10986328125,0,0.74462890625,-0.13427734375,3.67431640625,0.244140625,3.99169921875,0.13427734375,2.783203125,0.03662109375,3.4423828125,0.10986328125,0.2197265625,-0.40283203125,1.03759765625,-0.10986328125,0.2197265625,-0.18310546875,0.23193359375,-0.2197265625,0.25634765625,-0.09765625,0.9033203125,0.01220703125,-0.01220703125,-0.048828125,1.318359375,-0.06103515625,-0.9521484375,-0.048828125,-0.390625,0.2197265625,-0.98876953125,-0.15869140625,-0.78125,-0.1708984375,-1.4404296875,-0.13427734375,-0.23193359375,-0.23193359375,-0.2685546875,0.28076171875,-1.20849609375,-0.341796875,-1.123046875,-0.20751953125,-0.9765625,0.048828125,-1.01318359375,-0.10986328125,-0.5615234375,-0.20751953125,0.2685546875,-0.13427734375,-0.4150390625,-0.09765625,-0.25634765625,-0.01220703125,1.5380859375,-0.08544921875,0.37841796875,0.1708984375,0.01220703125,-0.08544921875,0,-0.03662109375,0.18310546875,-0.1220703125,0.01220703125,0.0732421875,0.830078125,-0.06103515625,-0.4638671875,-0.1708984375,-0.48828125
0,0.40283203125,-0.35400390625,0.01220703125,-0.35400390625,0.03662109375,-0.4150390625,-0.1953125,-0.01220703125,-0.06103515625,0.01220703125,-0.03662109375,-0.89111328125,-0.25634765625,1.08642578125,-0.0244140625,-0.13427734375,0.08544921875,-0.59814453125,-0.10986328125,-0.15869140625,0.32958984375,0.830078125,-0.20751953125,-0.6103515625,-0.1708984375,6.11572265625,-0.341796875,2.52685546875,-0.3662109375,5.40771484375,-0.4638671875,3.91845703125,-0.01220703125,-0.37841796875,0.57373046875,-0.8056640625,0.0244140625,-0.45166015625,-0.35400390625,-0.78125,0.08544921875,-0.18310546875,-0.3662109375,-0.62255859375,-0.10986328125,-0.439453125,-0.23193359375,0.6591796875,-0.0244140625,1.123046875,-0.13427734375,0.47607421875,0.03662109375,-0.15869140625,0.13427734375,0.732421875,-0.146484375,4.45556640625,0.13427734375,5.11474609375,0.18310546875,3.369140625,-0.03662109375,4.2236328125,0.08544921875,0.244140625,-0.37841796875,1.025390625,-0.15869140625,0.20751953125,-0.15869140625,0.23193359375,-0.23193359375,0.25634765625,-0.10986328125,0.89111328125,-0.03662109375,-0.0244140625,0.0244140625,1.33056640625,-0.10986328125,-0.96435546875,-0.0732421875,-0.390625,0.23193359375,-1.01318359375,-0.15869140625,-0.8056640625,-0.18310546875,-1.47705078125,-0.2197265625,-0.20751953125,-0.15869140625,-0.29296875,0.244140625,-1.220703125,-0.3173828125,-1.0986328125,-0.1953125,-0.9765625,0.03662109375,-0.98876953125,-0.06103515625,-0.54931640625,-0.1953125,0.341796875,-0.146484375,-0.32958984375,-0.1220703125,-0.2197265625,-0.01220703125,1.62353515625,-0.09765625,0.3662109375,0.18310546875,0.01220703125,-0.08544921875,0,-0.06103515625,0.1953125,-0.1220703125,0,0.1220703125,0.830078125,-0.048828125,-0.47607421875,-0.15869140625,-0.48828125
1,0.390625,-0.341796875,0.06103515625,-0.341796875,0.01220703125,-0.390625,-0.1708984375,-0.01220703125,-0.0244140625,0.01220703125,-0.03662109375,-0.87890625,-0.244140625,1.0986328125,-0.0244140625,-0.13427734375,0.08544921875,-0.6103515625,-0.09765625,-0.15869140625,0.4638671875,0.84228515625,-0.20751953125,-0.634765625,-0.18310546875,5.712890625,-0.28076171875,2.35595703125,-0.4638671875,5.17578125,-0.35400390625,3.72314453125,-0.08544921875,-0.35400390625,0.6591796875,-0.79345703125,-0.0244140625,-0.439453125,-0.341796875,-0.76904296875,0.1220703125,-0.20751953125,-0.2685546875,-0.64697265625,-0.08544921875,-0.40283203125,-0.30517578125,0.67138671875,0,1.13525390625,-0.18310546875,0.45166015625,0.0244140625,-0.20751953125,0.2197265625,0.732421875,-0.13427734375,5.2978515625,0.15869140625,6.33544921875,0.1953125,4.01611328125,-0.08544921875,5.1025390625,0.06103515625,0.25634765625,-0.37841796875,1.01318359375,-0.18310546875,0.20751953125,-0.10986328125,0.2197265625,-0.2197265625,0.244140625,-0.08544921875,0.89111328125,-0.048828125,-0.01220703125,0.09765625,1.33056640625,-0.146484375,-0.96435546875,-0.08544921875,-0.37841796875,0.23193359375,-1.025390625,-0.09765625,-0.81787109375,-0.18310546875,-1.513671875,-0.2197265625,-0.2197265625,-0.0732421875,-0.3173828125,0.20751953125,-1.23291015625,-0.1953125,-1.0986328125,-0.18310546875,-0.9765625,0.0244140625,-0.9765625,-0.0244140625,-0.537109375,-0.1220703125,0.30517578125,-0.1953125,-0.32958984375,-0.13427734375,-0.2197265625,0,1.64794921875,-0.1220703125,0.35400390625,0.18310546875,0.01220703125,-0.08544921875,-0.0244140625,-0.06103515625,0.1953125,-0.146484375,-0.0244140625,0.13427734375,0.81787109375,-0.048828125,-0.50048828125,-0.1708984375,-0.50048828125
1,0.40283203125,-0.341796875,0.048828125,-0.341796875,-0.03662109375,-0.42724609375,-0.13427734375,-0.0244140625,-0.03662109375,-0.01220703125,-0.048828125,-0.89111328125,-0.244140625,1.123046875,0.01220703125,-0.1708984375,0.0732421875,-0.59814453125,-0.06103515625,-0.15869140625,0.48828125,0.86669921875,-0.2197265625,-0.67138671875,-0.15869140625,5.45654296875,-0.25634765625,2.28271484375,-0.52490234375,5.029296875,-0.25634765625,3.64990234375,-0.15869140625,-0.32958984375,0.72021484375,-0.8056640625,-0.10986328125,-0.42724609375,-0.32958984375,-0.72021484375,0.10986328125,-0.23193359375,-0.146484375,-0.6591796875,-0.0732421875,-0.35400390625,-0.32958984375,0.6591796875,-0.048828125,1.15966796875,-0.1953125,0.45166015625,-0.0244140625,-0.2197265625,0.2197265625,0.7080078125,-0.10986328125,6.1767578125,0.09765625,7.4951171875,0.1708984375,4.67529296875,-0.1220703125,5.9814453125,-0.0244140625,0.28076171875,-0.4150390625,1.0009765625,-0.15869140625,0.2197265625,-0.10986328125,0.20751953125,-0.1953125,0.2685546875,-0.06103515625,0.9033203125,-0.03662109375,-0.0244140625,0.1220703125,1.30615234375,-0.1708984375,-0.9521484375,-0.10986328125,-0.37841796875,0.1708984375,-1.0009765625,0.01220703125,-0.79345703125,-0.15869140625,-1.50146484375,-0.23193359375,-0.23193359375,-0.01220703125,-0.32958984375,0.18310546875,-1.1962890625,-0.1220703125,-1.0986328125,-0.18310546875,-0.98876953125,0.048828125,-0.96435546875,-0.01220703125,-0.5126953125,-0.03662109375,0.2197265625,-0.1953125,-0.37841796875,-0.13427734375,-0.2685546875,0,1.611328125,-0.1220703125,0.3662109375,0.15869140625,0.01220703125,-0.0732421875,-0.0244140625,-0.08544921875,0.1953125,-0.146484375,-0.01220703125,0.146484375,0.8056640625,-0.03662109375,-0.48828125,-0.18310546875,-0.50048828125
1,0.37841796875,-0.35400390625,0.048828125,-0.35400390625,-0.08544921875,-0.42724609375,-0.09765625,-0.03662109375,-0.048828125,-0.0244140625,-0.0732421875,-0.9033203125,-0.23193359375,1.11083984375,0,-0.1708984375,0.048828125,-0.59814453125,-0.03662109375,-0.15869140625,0.4638671875,0.8544921875,-0.20751953125,-0.67138671875,-0.0732421875,5.33447265625,-0.1953125,2.2705078125,-0.45166015625,4.96826171875,-0.1220703125,3.6376953125,-0.23193359375,-0.35400390625,0.69580078125,-0.830078125,-0.15869140625,-0.4638671875,-0.28076171875,-0.67138671875,0.09765625,-0.2197265625,-0.06103515625,-0.68359375,-0.048828125,-0.35400390625,-0.30517578125,0.68359375,-0.1220703125,1.15966796875,-0.18310546875,0.45166015625,-0.0732421875,-0.244140625,0.23193359375,0.69580078125,-0.06103515625,7.03125,0.048828125,8.55712890625,0.1953125,5.28564453125,-0.146484375,6.8359375,-0.06103515625,0.29296875,-0.4150390625,1.025390625,-0.13427734375,0.2197265625,-0.13427734375,0.20751953125,-0.10986328125,0.244140625,-0.03662109375,0.8544921875,-0.01220703125,-0.01220703125,0.1220703125,1.30615234375,-0.1220703125,-0.9521484375,-0.08544921875,-0.390625,0.13427734375,-0.98876953125,0.10986328125,-0.79345703125,-0.1220703125,-1.513671875,-0.18310546875,-0.2197265625,0.10986328125,-0.32958984375,0.146484375,-1.220703125,-0.03662109375,-1.123046875,-0.1953125,-0.98876953125,0.0732421875,-0.927734375,-0.01220703125,-0.52490234375,0.01220703125,0.0732421875,-0.1953125,-0.47607421875,-0.08544921875,-0.341796875,-0.01220703125,1.52587890625,-0.13427734375,0.35400390625,0.1220703125,0.01220703125,-0.0732421875,-0.048828125,-0.09765625,0.18310546875,-0.146484375,-0.03662109375,0.1220703125,0.79345703125,-0.03662109375,-0.48828125,-0.1953125,-0.5126953125
1,0.390625,-0.341796875,0.03662109375,-0.341796875,-0.03662109375,-0.4150390625,-0.10986328125,-0.0732421875,-0.03662109375,-0.03662109375,-0.06103515625,-0.86669921875,-0.244140625,1.123046875,0.03662109375,-0.18310546875,0.01220703125,-0.59814453125,-0.01220703125,-0.146484375,0.341796875,0.87890625,-0.18310546875,-0.69580078125,-0.09765625,5.28564453125,-0.13427734375,2.294921875,-0.32958984375,4.96826171875,-0.048828125,3.69873046875,-0.2685546875,-0.341796875,0.59814453125,-0.84228515625,-0.18310546875,-0.47607421875,-0.23193359375,-0.634765625,0.10986328125,-0.23193359375,-0.048828125,-0.68359375,-0.0244140625,-0.3662109375,-0.23193359375,0.67138671875,-0.18310546875,1.18408203125,-0.09765625,0.439453125,-0.13427734375,-0.2197265625,0.25634765625,0.7080078125,-0.03662109375,7.71484375,0.01220703125,9.3994140625,0.25634765625,5.74951171875,-0.15869140625,7.53173828125,-0.10986328125,0.30517578125,-0.40283203125,1.0009765625,-0.09765625,0.23193359375,-0.146484375,0.1953125,-0.048828125,0.2685546875,0.0244140625,0.8544921875,-0.01220703125,0,0.15869140625,1.2939453125,-0.06103515625,-0.9521484375,-0.06103515625,-0.37841796875,0.06103515625,-0.9765625,0.20751953125,-0.76904296875,-0.10986328125,-1.52587890625,-0.10986328125,-0.244140625,0.1953125,-0.341796875,0.08544921875,-1.2451171875,-0.01220703125,-1.0986328125,-0.15869140625,-0.98876953125,0.0732421875,-0.89111328125,-0.0732421875,-0.5126953125,0.0244140625,-0.08544921875,-0.1220703125,-0.57373046875,-0.048828125,-0.42724609375,-0.048828125,1.40380859375,-0.13427734375,0.3662109375,0.146484375,0.01220703125,-0.08544921875,-0.03662109375,-0.09765625,0.18310546875,-0.1708984375,-0.03662109375,0.10986328125,0.79345703125,-0.03662109375,-0.48828125,-0.20751953125,-0.52490234375
1,0.32958984375,-0.35400390625,0.048828125,-0.35400390625,-0.048828125,-0.4150390625,-0.10986328125,-0.08544921875,0,-0.06103515625,-0.0732421875,-0.89111328125,-0.2685546875,1.13525390625,0.0244140625,-0.1953125,-0.0244140625,-0.62255859375,-0.01220703125,-0.146484375,0.1953125,0.87890625,-0.146484375,-0.67138671875,-0.06103515625,5.3466796875,-0.08544921875,2.33154296875,-0.2197265625,5.029296875,-0.03662109375,3.77197265625,-0.23193359375,-0.390625,0.42724609375,-0.86669921875,-0.146484375,-0.45166015625,-0.28076171875,-0.57373046875,0.1708984375,-0.2197265625,-0.06103515625,-0.69580078125,-0.0244140625,-0.4150390625,-0.09765625,0.6591796875,-0.1708984375,1.18408203125,-0.048828125,0.439453125,-0.1953125,-0.1953125,0.23193359375,0.7080078125,0,8.19091796875,-0.01220703125,9.8876953125,0.244140625,6.04248046875,-0.1708984375,8.02001953125,-0.10986328125,0.29296875,-0.40283203125,1.01318359375,-0.0244140625,0.23193359375,-0.20751953125,0.1708984375,0,0.244140625,0.06103515625,0.8544921875,0.0244140625,0,0.1708984375,1.318359375,0,-0.96435546875,-0.03662109375,-0.37841796875,0.03662109375,-0.96435546875,0.29296875,-0.7568359375,-0.10986328125,-1.513671875,-0.0244140625,-0.28076171875,0.2685546875,-0.3173828125,0.08544921875,-1.23291015625,-0.048828125,-1.07421875,-0.1220703125,-0.9765625,0.1220703125,-0.89111328125,-0.18310546875,-0.52490234375,0.06103515625,-0.23193359375,-0.0244140625,-0.64697265625,0,-0.47607421875,-0.0732421875,1.318359375,-0.1220703125,0.35400390625,0.10986328125,0.01220703125,-0.08544921875,-0.048828125,-0.09765625,0.1953125,-0.146484375,-0.03662109375,0.1220703125,0.79345703125,-0.0244140625,-0.47607421875,-0.2197265625,-0.54931640625
1,0.30517578125,-0.35400390625,0.08544921875,-0.3662109375,-0.06103515625,-0.42724609375,-0.1220703125,-0.0732421875,0,-0.06103515625,-0.09765625,-0.87890625,-0.2685546875,1.11083984375,0.0732421875,-0.1953125,-0.048828125,-0.62255859375,-0.08544921875,-0.146484375,0.06103515625,0.86669921875,-0.146484375,-0.67138671875,0,5.40771484375,-0.0244140625,2.3681640625,-0.09765625,5.078125,-0.048828125,3.82080078125,-0.2197265625,-0.42724609375,0.244140625,-0.8544921875,-0.0732421875,-0.4638671875,-0.3173828125,-0.537109375,0.244140625,-0.1953125,-0.1220703125,-0.67138671875,0,-0.45166015625,-0.06103515625,0.68359375,-0.1708984375,1.15966796875,-0.03662109375,0.439453125,-0.25634765625,-0.15869140625,0.20751953125,0.72021484375,0.03662109375,8.36181640625,-0.01220703125,9.97314453125,0.30517578125,6.09130859375,-0.23193359375,8.203125,-0.10986328125,0.29296875,-0.341796875,1.03759765625,0.01220703125,0.2197265625,-0.2197265625,0.1953125,0.0244140625,0.2685546875,0.09765625,0.8544921875,0.03662109375,0,0.1953125,1.318359375,0.06103515625,-0.9765625,-0.0244140625,-0.3662109375,0.0244140625,-0.96435546875,0.29296875,-0.76904296875,-0.146484375,-1.50146484375,0.06103515625,-0.29296875,0.30517578125,-0.30517578125,0.13427734375,-1.2451171875,-0.146484375,-1.0498046875,-0.09765625,-0.96435546875,0.146484375,-0.91552734375,-0.28076171875,-0.537109375,0.0732421875,-0.341796875,0.0244140625,-0.76904296875,0.03662109375,-0.54931640625,-0.10986328125,1.23291015625,-0.10986328125,0.390625,0.10986328125,0.0244140625,-0.08544921875,-0.048828125,-0.09765625,0.1953125,-0.1220703125,-0.0732421875,0.0732421875,0.78125,-0.03662109375,-0.48828125,-0.1953125,-0.537109375
1,0.2685546875,-0.3662109375,0.10986328125,-0.3662109375,-0.0732421875,-0.42724609375,-0.146484375,-0.08544921875,0.048828125,-0.06103515625,-0.1220703125,-0.9033203125,-0.2685546875,1.0986328125,0.09765625,-0.1708984375,-0.09765625,-0.634765625,-0.20751953125,-0.13427734375,-0.0732421875,0.86669921875,-0.1708984375,-0.634765625,0.08544921875,5.419921875,0.03662109375,2.34375,-0.01220703125,5.06591796875,-0.048828125,3.82080078125,-0.15869140625,-0.45166015625,0.06103515625,-0.8544921875,-0.0244140625,-0.45166015625,-0.42724609375,-0.5126953125,0.32958984375,-0.1708984375,-0.1953125,-0.64697265625,0.048828125,-0.50048828125,-0.0244140625,0.68359375,-0.1220703125,1.1474609375,-0.01220703125,0.4638671875,-0.3662109375,-0.10986328125,0.1708984375,0.732421875,0.048828125,8.16650390625,-0.01220703125,9.6435546875,0.2685546875,5.89599609375,-0.23193359375,8.0078125,-0.06103515625,0.3173828125,-0.244140625,1.0498046875,0.0244140625,0.20751953125,-0.244140625,0.20751953125,0.03662109375,0.2685546875,0.10986328125,0.84228515625,0.06103515625,-0.01220703125,0.1953125,1.33056640625,0.03662109375,-0.9765625,0.01220703125,-0.37841796875,0.03662109375,-0.9765625,0.23193359375,-0.76904296875,-0.146484375,-1.4892578125,0.1220703125,-0.29296875,0.25634765625,-0.30517578125,0.18310546875,-1.26953125,-0.18310546875,-1.07421875,-0.048828125,-0.93994140625,0.15869140625,-0.93994140625,-0.37841796875,-0.537109375,0,-0.40283203125,0.10986328125,-0.79345703125,0.01220703125,-0.57373046875,-0.1220703125,1.18408203125,-0.09765625,0.37841796875,0.1220703125,0.03662109375,-0.08544921875,-0.0732421875,-0.09765625,0.20751953125,-0.10986328125,-0.048828125,0.06103515625,0.8056640625,-0.03662109375,-0.48828125,-0.20751953125,-0.5615234375
1,0.25634765625,-0.40283203125,0.10986328125,-0.341796875,-0.09765625,-0.439453125,-0.1708984375,-0.048828125,0.09765625,-0.06103515625,-0.1220703125,-0.89111328125,-0.2685546875,1.08642578125,0.06103515625,-0.15869140625,-0.10986328125,-0.634765625,-0.30517578125,-0.146484375,-0.10986328125,0.86669921875,-0.23193359375,-0.62255859375,0.146484375,5.3466796875,0.06103515625,2.24609375,0.048828125,4.99267578125,-0.0732421875,3.72314453125,-0.09765625,-0.439453125,-0.048828125,-0.86669921875,-0.0244140625,-0.48828125,-0.47607421875,-0.52490234375,0.40283203125,-0.146484375,-0.30517578125,-0.634765625,0.06103515625,-0.52490234375,-0.01220703125,0.68359375,-0.08544921875,1.11083984375,0.0244140625,0.47607421875,-0.4638671875,-0.0732421875,0.09765625,0.74462890625,0.0732421875,7.65380859375,0.03662109375,8.87451171875,0.30517578125,5.48095703125,-0.244140625,7.4951171875,-0.048828125,0.32958984375,-0.15869140625,1.06201171875,0.0244140625,0.1708984375,-0.244140625,0.1953125,0.01220703125,0.28076171875,0.15869140625,0.84228515625,0.08544921875,0.01220703125,0.146484375,1.3427734375,0.01220703125,-0.98876953125,0,-0.390625,0.06103515625,-1.01318359375,0.1220703125,-0.78125,-0.10986328125,-1.46484375,0.146484375,-0.30517578125,0.1953125,-0.29296875,0.28076171875,-1.26953125,-0.244140625,-1.07421875,-0.048828125,-0.93994140625,0.1708984375,-0.96435546875,-0.40283203125,-0.537109375,0.03662109375,-0.37841796875,0.2197265625,-0.79345703125,0.0244140625,-0.5859375,-0.06103515625,1.15966796875,-0.10986328125,0.37841796875,0.09765625,0.0244140625,-0.08544921875,-0.048828125,-0.08544921875,0.20751953125,-0.09765625,-0.048828125,0.03662109375,0.79345703125,-0.03662109375,-0.48828125,-0.20751953125,-0.5615234375
1,0.2197265625,-0.37841796875,0.08544921875,-0.341796875,-0.10986328125,-0.45166015625,-0.18310546875,-0.06103515625,0.1220703125,-0.048828125,-0.146484375,-0.87890625,-0.2685546875,1.08642578125,0.0732421875,-0.146484375,-0.0732421875,-0.634765625,-0.35400390625,-0.15869140625,-0.0732421875,0.8544921875,-0.30517578125,-0.62255859375,0.25634765625,5.11474609375,0,2.0751953125,0.01220703125,4.79736328125,-0.06103515625,3.5400390625,-0.15869140625,-0.4638671875,-0.09765625,-0.86669921875,-0.0244140625,-0.45166015625,-0.4150390625,-0.537109375,0.4150390625,-0.15869140625,-0.4150390625,-0.62255859375,0.0732421875,-0.537109375,-0.048828125,0.6591796875,-0.048828125,1.0986328125,0.10986328125,0.47607421875,-0.54931640625,-0.06103515625,0.048828125,0.732421875,0.08544921875,6.82373046875,0.09765625,7.77587890625,0.32958984375,4.833984375,-0.20751953125,6.640625,-0.048828125,0.341796875,-0.08544921875,1.06201171875,0.01220703125,0.1708984375,-0.20751953125,0.20751953125,0.03662109375,0.2685546875,0.15869140625,0.84228515625,0.0732421875,-0.01220703125,0.10986328125,1.3427734375,-0.01220703125,-1.0009765625,0,-0.40283203125,0.048828125,-1.03759765625,-0.01220703125,-0.8056640625,-0.06103515625,-1.37939453125,0.10986328125,-0.30517578125,0.15869140625,-0.28076171875,0.341796875,-1.2939453125,-0.23193359375,-1.0986328125,-0.09765625,-0.927734375,0.1220703125,-0.98876953125,-0.390625,-0.537109375,0,-0.32958984375,0.23193359375,-0.7568359375,-0.0244140625,-0.5859375,-0.06103515625,1.1474609375,-0.13427734375,0.3662109375,0.08544921875,0.048828125,-0.08544921875,-0.0244140625,-0.08544921875,0.2197265625,-0.09765625,-0.03662109375,0.03662109375,0.79345703125,-0.0732421875,-0.4638671875,-0.2197265625,-0.57373046875
1,0.2197265625,-0.3662109375,0.0732421875,-0.32958984375,-0.146484375,-0.439453125,-0.20751953125,-0.06103515625,0.1220703125,-0.0244140625,-0.1708984375,-0.89111328125,-0.28076171875,1.0986328125,0.048828125,-0.13427734375,-0.01220703125,-0.62255859375,-0.3662109375,-0.15869140625,-0.0244140625,0.86669921875,-0.3662109375,-0.62255859375,0.3173828125,4.6875,0,1.84326171875,-0.048828125,4.50439453125,0.048828125,3.271484375,-0.1708984375,-0.40283203125,-0.0732421875,-0.86669921875,-0.048828125,-0.45166015625,-0.32958984375,-0.57373046875,0.341796875,-0.146484375,-0.45166015625,-0.59814453125,0.08544921875,-0.48828125,-0.1220703125,0.64697265625,0,1.08642578125,0.146484375,0.47607421875,-0.68359375,-0.09765625,0,0.72021484375,0.03662109375,5.7861328125,0.13427734375,6.43310546875,0.32958984375,4.1259765625,-0.13427734375,5.52978515625,-0.03662109375,0.341796875,-0.01220703125,1.03759765625,0,0.146484375,-0.18310546875,0.2197265625,0.0732421875,0.2685546875,0.146484375,0.84228515625,-0.01220703125,-0.01220703125,0.09765625,1.3427734375,-0.0244140625,-1.0009765625,-0.01220703125,-0.390625,0.048828125,-1.0498046875,-0.10986328125,-0.8056640625,-0.0244140625,-1.30615234375,0.06103515625,-0.29296875,0.10986328125,-0.30517578125,0.4150390625,-1.30615234375,-0.2685546875,-1.0986328125,-0.10986328125,-0.9521484375,0.08544921875,-1.025390625,-0.37841796875,-0.54931640625,-0.1220703125,-0.28076171875,0.146484375,-0.74462890625,-0.08544921875,-0.5859375,-0.06103515625,1.1474609375,-0.1220703125,0.35400390625,0.06103515625,0.03662109375,-0.08544921875,-0.0244140625,-0.08544921875,0.20751953125,-0.1220703125,-0.03662109375,0.048828125,0.79345703125,-0.0244140625,-0.47607421875,-0.2197265625,-0.5615234375
1,0.18310546875,-0.35400390625,0.03662109375,-0.32958984375,-0.13427734375,-0.439453125,-0.20751953125,-0.048828125,0.146484375,-0.01220703125,-0.1708984375,-0.87890625,-0.30517578125,1.0986328125,0.048828125,-0.15869140625,0.03662109375,-0.634765625,-0.32958984375,-0.15869140625,0.0732421875,0.8544921875,-0.40283203125,-0.64697265625,0.3173828125,4.08935546875,-0.09765625,1.52587890625,-0.18310546875,4.11376953125,0.01220703125,2.9052734375,-0.29296875,-0.37841796875,0,-0.86669921875,-0.10986328125,-0.439453125,-0.244140625,-0.634765625,0.2197265625,-0.146484375,-0.45166015625,-0.59814453125,0.0732421875,-0.47607421875,-0.1953125,0.64697265625,0.06103515625,1.08642578125,0.13427734375,0.4638671875,-0.72021484375,-0.09765625,-0.06103515625,0.72021484375,0,4.57763671875,0.1708984375,4.931640625,0.45166015625,3.30810546875,-0.06103515625,4.296875,-0.08544921875,0.3173828125,0.06103515625,1.0498046875,-0.01220703125,0.13427734375,-0.146484375,0.23193359375,0.10986328125,0.244140625,0.10986328125,0.830078125,-0.08544921875,0.0244140625,0.08544921875,1.318359375,-0.0244140625,-1.0009765625,-0.048828125,-0.37841796875,0.01220703125,-1.07421875,-0.15869140625,-0.81787109375,0,-1.23291015625,-0.0244140625,-0.29296875,0.06103515625,-0.30517578125,0.42724609375,-1.2939453125,-0.244140625,-1.08642578125,-0.146484375,-0.9521484375,0.03662109375,-1.03759765625,-0.30517578125,-0.54931640625,-0.03662109375,-0.23193359375,0.15869140625,-0.76904296875,-0.0732421875,-0.5615234375,0.01220703125,1.123046875,-0.15869140625,0.35400390625,0.08544921875,0.0244140625,-0.09765625,-0.03662109375,-0.09765625,0.20751953125,-0.13427734375,-0.03662109375,0.048828125,0.79345703125,-0.01220703125,-0.47607421875,-0.25634765625,-0.5615234375
1,0.1708984375,-0.341796875,0.08544921875,-0.341796875,-0.15869140625,-0.45166015625,-0.23193359375,-0.06103515625,0.13427734375,-0.01220703125,-0.18310546875,-0.87890625,-0.30517578125,1.11083984375,0.0244140625,-0.15869140625,0.0244140625,-0.634765625,-0.28076171875,-0.15869140625,0.20751953125,0.84228515625,-0.439453125,-0.6591796875,0.35400390625,3.3447265625,-0.09765625,1.15966796875,-0.3173828125,3.64990234375,0.01220703125,2.490234375,-0.4150390625,-0.35400390625,0.06103515625,-0.8544921875,-0.146484375,-0.439453125,-0.1708984375,-0.67138671875,0.06103515625,-0.146484375,-0.40283203125,-0.59814453125,0.06103515625,-0.42724609375,-0.25634765625,0.634765625,0.08544921875,1.11083984375,0.15869140625,0.439453125,-0.732421875,-0.146484375,-0.10986328125,0.7080078125,-0.08544921875,3.35693359375,0.20751953125,3.47900390625,0.439453125,2.4658203125,0.01220703125,3.02734375,-0.09765625,0.29296875,0.15869140625,1.03759765625,-0.06103515625,0.13427734375,-0.09765625,0.23193359375,0.15869140625,0.23193359375,0.06103515625,0.830078125,-0.146484375,0.01220703125,0.08544921875,1.30615234375,-0.0732421875,-1.0009765625,-0.0732421875,-0.37841796875,-0.048828125,-1.08642578125,-0.1708984375,-0.830078125,0.0244140625,-1.13525390625,-0.1220703125,-0.29296875,0.08544921875,-0.30517578125,0.37841796875,-1.2939453125,-0.244140625,-1.0986328125,-0.1708984375,-0.9521484375,0,-1.03759765625,-0.20751953125,-0.52490234375,-0.01220703125,-0.2197265625,0.06103515625,-0.7568359375,-0.13427734375,-0.6103515625,-0.0244140625,1.08642578125,-0.15869140625,0.3662109375,0.09765625,0,-0.08544921875,-0.0244140625,-0.09765625,0.20751953125,-0.1220703125,-0.0244140625,0.048828125,0.8056640625,0.0244140625,-0.48828125,-0.25634765625,-0.537109375
1,0.13427734375,-0.32958984375,0.06103515625,-0.341796875,-0.15869140625,-0.439453125,-0.23193359375,-0.06103515625,0.18310546875,0.01220703125,-0.146484375,-0.87890625,-0.3173828125,1.123046875,0.0244140625,-0.1708984375,0.01220703125,-0.64697265625,-0.18310546875,-0.15869140625,0.28076171875,0.84228515625,-0.40283203125,-0.6591796875,0.4150390625,2.50244140625,-0.08544921875,0.79345703125,-0.390625,3.13720703125,-0.048828125,2.05078125,-0.37841796875,-0.35400390625,0.13427734375,-0.84228515625,-0.2197265625,-0.42724609375,-0.146484375,-0.74462890625,-0.03662109375,-0.15869140625,-0.30517578125,-0.6103515625,0.03662109375,-0.40283203125,-0.30517578125,0.6591796875,0.09765625,1.13525390625,0.18310546875,0.42724609375,-0.7080078125,-0.15869140625,-0.1708984375,0.7080078125,-0.13427734375,2.23388671875,0.23193359375,2.1728515625,0.439453125,1.708984375,0.0244140625,1.84326171875,-0.10986328125,0.28076171875,0.2197265625,1.025390625,-0.06103515625,0.146484375,-0.08544921875,0.2197265625,0.1953125,0.2197265625,0.01220703125,0.89111328125,-0.23193359375,0,0.06103515625,1.318359375,-0.13427734375,-0.98876953125,-0.10986328125,-0.35400390625,-0.09765625,-1.07421875,-0.15869140625,-0.830078125,0.0244140625,-1.08642578125,-0.1708984375,-0.25634765625,0.0732421875,-0.30517578125,0.28076171875,-1.30615234375,-0.244140625,-1.08642578125,-0.13427734375,-0.96435546875,-0.0244140625,-1.01318359375,-0.09765625,-0.52490234375,-0.0244140625,-0.244140625,-0.0244140625,-0.8056640625,-0.18310546875,-0.634765625,-0.0244140625,1.025390625,-0.146484375,0.341796875,0.10986328125,0,-0.0732421875,-0.0244140625,-0.0732421875,0.18310546875,-0.146484375,-0.0244140625,0.048828125,0.79345703125,0.06103515625,-0.47607421875,-0.244140625,-0.537109375
1,0.13427734375,-0.3173828125,0.08544921875,-0.32958984375,-0.18310546875,-0.439453125,-0.20751953125,-0.048828125,0.23193359375,0,-0.10986328125,-0.87890625,-0.30517578125,1.13525390625,0.01220703125,-0.18310546875,-0.01220703125,-0.6103515625,-0.15869140625,-0.15869140625,0.35400390625,0.830078125,-0.28076171875,-0.68359375,0.3662109375,1.708984375,-0.08544921875,0.45166015625,-0.45166015625,2.6611328125,-0.15869140625,1.66015625,-0.3173828125,-0.3173828125,0.20751953125,-0.830078125,-0.23193359375,-0.4150390625,-0.09765625,-0.732421875,-0.13427734375,-0.1708984375,-0.244140625,-0.634765625,0,-0.390625,-0.341796875,0.634765625,0.06103515625,1.13525390625,0.20751953125,0.42724609375,-0.64697265625,-0.1708984375,-0.244140625,0.7080078125,-0.146484375,1.2451171875,0.244140625,1.07421875,0.47607421875,1.07421875,0.08544921875,0.84228515625,-0.0732421875,0.25634765625,0.2685546875,1.01318359375,-0.08544921875,0.146484375,-0.06103515625,0.1953125,0.23193359375,0.1953125,-0.0732421875,0.89111328125,-0.2685546875,0,0.03662109375,1.28173828125,-0.1708984375,-0.9765625,-0.146484375,-0.37841796875,-0.1708984375,-1.06201171875,-0.08544921875,-0.79345703125,0.03662109375,-1.01318359375,-0.2197265625,-0.244140625,0.0732421875,-0.30517578125,0.18310546875,-1.30615234375,-0.25634765625,-1.07421875,-0.13427734375,-0.98876953125,-0.08544921875,-0.9765625,0,-0.5126953125,0.03662109375,-0.3173828125,-0.06103515625,-0.8544921875,-0.1953125,-0.69580078125,-0.01220703125,0.96435546875,-0.146484375,0.35400390625,0.10986328125,-0.0244140625,-0.06103515625,-0.03662109375,-0.08544921875,0.18310546875,-0.10986328125,-0.0244140625,0.03662109375,0.78125,0.048828125,-0.47607421875,-0.23193359375,-0.537109375
0,0.09765625,-0.30517578125,0.08544921875,-0.30517578125,-0.2197265625,-0.439453125,-0.1953125,-0.06103515625,0.23193359375,-0.01220703125,-0.1220703125,-0.89111328125,-0.30517578125,1.11083984375,-0.01220703125,-0.1708984375,0,-0.6103515625,-0.0732421875,-0.15869140625,0.35400390625,0.81787109375,-0.15869140625,-0.69580078125,0.390625,1.0009765625,-0.09765625,0.1708984375,-0.42724609375,2.2705078125,-0.23193359375,1.3427734375,-0.1953125,-0.32958984375,0.25634765625,-0.830078125,-0.244140625,-0.4150390625,-0.048828125,-0.7568359375,-0.15869140625,-0.18310546875,-0.18310546875,-0.634765625,-0.048828125,-0.390625,-0.40283203125,0.64697265625,-0.0244140625,1.171875,0.15869140625,0.42724609375,-0.6591796875,-0.1708984375,-0.35400390625,0.69580078125,-0.15869140625,0.4638671875,0.244140625,0.2685546875,0.537109375,0.5859375,0.146484375,0.06103515625,-0.0244140625,0.23193359375,0.2685546875,1.01318359375,-0.048828125,0.1708984375,-0.0732421875,0.1953125,0.23193359375,0.18310546875,-0.146484375,0.91552734375,-0.28076171875,0,0,1.28173828125,-0.20751953125,-1.0009765625,-0.15869140625,-0.3662109375,-0.1708984375,-1.025390625,-0.048828125,-0.78125,-0.0244140625,-0.9765625,-0.2197265625,-0.23193359375,0.01220703125,-0.3173828125,0.08544921875,-1.25732421875,-0.20751953125,-1.06201171875,-0.10986328125,-1.01318359375,-0.09765625,-0.9521484375,0.0732421875,-0.5126953125,0,-0.4150390625,-0.08544921875,-0.96435546875,-0.2197265625,-0.74462890625,-0.01220703125,0.87890625,-0.13427734375,0.35400390625,0.10986328125,-0.01220703125,-0.08544921875,-0.048828125,-0.0732421875,0.1708984375,-0.1220703125,-0.0244140625,0.0244140625,0.78125,0.03662109375,-0.47607421875,-0.1953125,-0.52490234375
0,0.048828125,-0.30517578125,0.09765625,-0.2685546875,-0.18310546875,-0.42724609375,-0.18310546875,-0.048828125,0.2197265625,-0.03662109375,-0.08544921875,-0.89111328125,-0.30517578125,1.11083984375,-0.01220703125,-0.1708984375,0.048828125,-0.59814453125,-0.01220703125,-0.15869140625,0.25634765625,0.84228515625,-0.048828125,-0.69580078125,0.341796875,0.54931640625,-0.13427734375,-0.0244140625,-0.32958984375,2.0263671875,-0.32958984375,1.1474609375,0.01220703125,-0.35400390625,0.28076171875,-0.81787109375,-0.20751953125,-0.40283203125,-0.06103515625,-0.74462890625,-0.10986328125,-0.1953125,-0.1708984375,-0.634765625,-0.0732421875,-0.4150390625,-0.40283203125,0.67138671875,-0.13427734375,1.171875,0.13427734375,0.45166015625,-0.64697265625,-0.1708984375,-0.37841796875,0.7080078125,-0.13427734375,-0.0732421875,0.244140625,-0.244140625,0.64697265625,0.23193359375,0.146484375,-0.4638671875,0.0244140625,0.1953125,0.2197265625,1.01318359375,-0.048828125,0.15869140625,-0.0732421875,0.18310546875,0.20751953125,0.18310546875,-0.1953125,0.91552734375,-0.25634765625,-0.03662109375,-0.0244140625,1.28173828125,-0.20751953125,-0.98876953125,-0.13427734375,-0.3662109375,-0.15869140625,-1.01318359375,-0.0244140625,-0.76904296875,-0.1220703125,-0.96435546875,-0.1708984375,-0.20751953125,-0.08544921875,-0.32958984375,0.06103515625,-1.23291015625,-0.15869140625,-1.07421875,-0.09765625,-1.01318359375,-0.146484375,-0.927734375,0.08544921875,-0.50048828125,-0.06103515625,-0.4638671875,-0.09765625,-1.025390625,-0.1953125,-0.76904296875,-0.0244140625,0.830078125,-0.10986328125,0.3662109375,0.1220703125,0,-0.08544921875,-0.06103515625,-0.048828125,0.1708984375,-0.09765625,-0.048828125,0.0244140625,0.78125,0.03662109375,-0.48828125,-0.1708984375,-0.537109375
0,0.0244140625,-0.3173828125,0.1220703125,-0.28076171875,-0.1220703125,-0.42724609375,-0.15869140625,-0.0732421875,0.2197265625,-0.06103515625,-0.10986328125,-0.9033203125,-0.3173828125,1.08642578125,0,-0.18310546875,0.08544921875,-0.62255859375,0.0732421875,-0.15869140625,0.1708984375,0.81787109375,0.09765625,-0.67138671875,0.30517578125,0.42724609375,-0.146484375,-0.0244140625,-0.1953125,1.96533203125,-0.341796875,1.11083984375,0.1708984375,-0.3662109375,0.2685546875,-0.84228515625,-0.146484375,-0.40283203125,-0.1220703125,-0.7568359375,0.01220703125,-0.1708984375,-0.1953125,-0.64697265625,-0.06103515625,-0.439453125,-0.3662109375,0.64697265625,-0.1708984375,1.171875,0.1220703125,0.47607421875,-0.5859375,-0.15869140625,-0.42724609375,0.732421875,-0.08544921875,-0.37841796875,0.20751953125,-0.50048828125,0.69580078125,0.03662109375,0.13427734375,-0.74462890625,0.0732421875,0.1953125,0.1708984375,0.98876953125,-0.0244140625,0.1708984375,-0.08544921875,0.18310546875,0.15869140625,0.1953125,-0.1953125,0.91552734375,-0.23193359375,-0.0244140625,-0.0244140625,1.28173828125,-0.1953125,-0.9765625,-0.13427734375,-0.35400390625,-0.10986328125,-0.98876953125,-0.01220703125,-0.74462890625,-0.23193359375,-0.93994140625,-0.146484375,-0.2197265625,-0.18310546875,-0.3173828125,0.0732421875,-1.1962890625,-0.03662109375,-1.06201171875,-0.09765625,-1.025390625,-0.13427734375,-0.91552734375,0.048828125,-0.50048828125,-0.1708984375,-0.48828125,-0.0732421875,-1.06201171875,-0.20751953125,-0.76904296875,-0.1220703125,0.84228515625,-0.09765625,0.3662109375,0.1220703125,0,-0.0732421875,-0.03662109375,-0.048828125,0.18310546875,-0.09765625,-0.06103515625,0.0244140625,0.76904296875,0.01220703125,-0.48828125,-0.13427734375,-0.5615234375
0,-0.03662109375,-0.32958984375,0.10986328125,-0.2685546875,-0.0732421875,-0.4150390625,-0.15869140625,-0.0732421875,0.23193359375,-0.06103515625,-0.13427734375,-0.9033203125,-0.30517578125,1.08642578125,0.01220703125,-0.1953125,0.10986328125,-0.59814453125,0.08544921875,-0.15869140625,0.1220703125,0.830078125,0.15869140625,-0.6591796875,0.2685546875,0.634765625,-0.15869140625,0.1220703125,-0.10986328125,2.11181640625,-0.3662109375,1.26953125,0.30517578125,-0.37841796875,0.2685546875,-0.8544921875,-0.09765625,-0.4150390625,-0.1953125,-0.732421875,0.1953125,-0.146484375,-0.2197265625,-0.64697265625,0,-0.45166015625,-0.3173828125,0.67138671875,-0.2197265625,1.18408203125,0.08544921875,0.47607421875,-0.54931640625,-0.13427734375,-0.42724609375,0.732421875,-0.06103515625,-0.537109375,0.1708984375,-0.54931640625,0.732421875,-0.01220703125,0.10986328125,-0.8544921875,0.146484375,0.1953125,0.10986328125,1.0009765625,-0.0244140625,0.1708984375,-0.1220703125,0.18310546875,0.15869140625,0.23193359375,-0.244140625,0.9033203125,-0.18310546875,-0.0244140625,0.03662109375,1.30615234375,-0.20751953125,-0.9765625,-0.10986328125,-0.35400390625,-0.048828125,-0.9765625,-0.03662109375,-0.732421875,-0.3173828125,-0.9765625,-0.09765625,-0.244140625,-0.244140625,-0.28076171875,0.09765625,-1.171875,0.03662109375,-1.08642578125,-0.0732421875,-1.01318359375,-0.1220703125,-0.91552734375,-0.01220703125,-0.50048828125,-0.1708984375,-0.45166015625,0.0732421875,-1.03759765625,-0.15869140625,-0.74462890625,-0.08544921875,0.9033203125,-0.048828125,0.35400390625,0.1220703125,-0.01220703125,-0.09765625,-0.048828125,-0.0244140625,0.18310546875,-0.08544921875,-0.048828125,0,0.7568359375,0,-0.47607421875,-0.13427734375,-0.5859375
0,-0.0732421875,-0.35400390625,0.1220703125,-0.29296875,-0.048828125,-0.42724609375,-0.13427734375,-0.09765625,0.2685546875,-0.06103515625,-0.13427734375,-0.9033203125,-0.28076171875,1.07421875,0.01220703125,-0.1708984375,0.10986328125,-0.5859375,0.03662109375,-0.1708984375,0.09765625,0.84228515625,0.2197265625,-0.6591796875,0.30517578125,1.23291015625,-0.13427734375,0.40283203125,-0.0244140625,2.490234375,-0.32958984375,1.611328125,0.37841796875,-0.37841796875,0.23193359375,-0.86669921875,-0.10986328125,-0.40283203125,-0.25634765625,-0.72021484375,0.37841796875,-0.13427734375,-0.2197265625,-0.634765625,0.0732421875,-0.4638671875,-0.244140625,0.6591796875,-0.1953125,1.15966796875,0.03662109375,0.48828125,-0.47607421875,-0.13427734375,-0.40283203125,0.732421875,-0.09765625,-0.52490234375,0.0244140625,-0.4638671875,0.78125,0.01220703125,-0.048828125,-0.8544921875,0.15869140625,0.20751953125,0.03662109375,1.025390625,-0.03662109375,0.15869140625,-0.15869140625,0.18310546875,0.10986328125,0.25634765625,-0.23193359375,0.86669921875,-0.10986328125,-0.048828125,0.0732421875,1.318359375,-0.1953125,-0.9765625,-0.0732421875,-0.35400390625,0.0244140625,-0.9765625,-0.01220703125,-0.74462890625,-0.35400390625,-1.0009765625,-0.048828125,-0.23193359375,-0.30517578125,-0.28076171875,0.15869140625,-1.15966796875,0.0732421875,-1.08642578125,-0.10986328125,-1.01318359375,-0.13427734375,-0.9521484375,-0.03662109375,-0.50048828125,-0.10986328125,-0.35400390625,0.10986328125,-0.93994140625,-0.146484375,-0.634765625,-0.1220703125,1.01318359375,-0.03662109375,0.35400390625,0.1220703125,0,-0.08544921875,-0.0244140625,0.01220703125,0.18310546875,-0.0732421875,-0.06103515625,-0.01220703125,0.74462890625,0,-0.48828125,-0.15869140625,-0.5859375
0,-0.08544921875,-0.3662109375,0.146484375,-0.32958984375,-0.08544921875,-0.439453125,-0.1220703125,-0.10986328125,0.30517578125,-0.0732421875,-0.146484375,-0.91552734375,-0.30517578125,1.07421875,0.0244140625,-0.1708984375,0.06103515625,-0.5859375,-0.0244140625,-0.18310546875,0.13427734375,0.86669921875,0.23193359375,-0.634765625,0.37841796875,2.1728515625,-0.0244140625,0.8544921875,0.03662109375,3.03955078125,-0.23193359375,2.08740234375,0.390625,-0.390625,0.20751953125,-0.87890625,-0.13427734375,-0.4150390625,-0.23193359375,-0.68359375,0.52490234375,-0.09765625,-0.1953125,-0.634765625,0.1708984375,-0.48828125,-0.244140625,0.67138671875,-0.2197265625,1.15966796875,0.01220703125,0.48828125,-0.3662109375,-0.146484375,-0.390625,0.732421875,-0.0732421875,-0.45166015625,0.01220703125,-0.30517578125,0.72021484375,0.10986328125,-0.0244140625,-0.74462890625,0.1708984375,0.244140625,-0.0244140625,1.025390625,-0.06103515625,0.15869140625,-0.18310546875,0.1953125,0.06103515625,0.2685546875,-0.2197265625,0.8056640625,-0.048828125,-0.06103515625,0.08544921875,1.33056640625,-0.13427734375,-0.9765625,-0.06103515625,-0.3662109375,0.0732421875,-0.96435546875,-0.03662109375,-0.76904296875,-0.3662109375,-1.07421875,-0.048828125,-0.244140625,-0.30517578125,-0.2685546875,0.20751953125,-1.1474609375,0.0732421875,-1.06201171875,-0.13427734375,-1.0009765625,-0.13427734375,-0.9765625,-0.08544921875,-0.5126953125,-0.08544921875,-0.20751953125,0.18310546875,-0.81787109375,-0.09765625,-0.52490234375,-0.08544921875,1.15966796875,-0.0244140625,0.35400390625,0.09765625,0.0244140625,-0.0732421875,-0.01220703125,0,0.18310546875,-0.08544921875,-0.048828125,-0.03662109375,0.74462890625,0.01220703125,-0.50048828125,-0.18310546875,-0.59814453125
0,-0.10986328125,-0.37841796875,0.10986328125,-0.35400390625,-0.10986328125,-0.45166015625,-0.10986328125,-0.08544921875,0.32958984375,-0.03662109375,-0.10986328125,-0.9033203125,-0.29296875,1.0986328125,0.03662109375,-0.1708984375,0,-0.5859375,-0.09765625,-0.18310546875,0.146484375,0.8544921875,0.09765625,-0.6103515625,0.28076171875,3.38134765625,-0.048828125,1.40380859375,0,3.759765625,-0.13427734375,2.734375,0.25634765625,-0.4150390625,0.1708984375,-0.89111328125,-0.2197265625,-0.42724609375,-0.2197265625,-0.68359375,0.59814453125,-0.09765625,-0.15869140625,-0.634765625,0.25634765625,-0.5126953125,-0.1708984375,0.6591796875,-0.2197265625,1.15966796875,0,0.48828125,-0.341796875,-0.1708984375,-0.3173828125,0.72021484375,-0.048828125,-0.37841796875,-0.01220703125,-0.1220703125,0.6103515625,0.1953125,-0.048828125,-0.634765625,0.13427734375,0.244140625,-0.03662109375,1.06201171875,-0.09765625,0.15869140625,-0.20751953125,0.20751953125,0.048828125,0.2685546875,-0.2197265625,0.8056640625,0.01220703125,-0.08544921875,0.09765625,1.318359375,-0.09765625,-0.96435546875,-0.0244140625,-0.37841796875,0.0732421875,-0.9765625,-0.0244140625,-0.78125,-0.30517578125,-1.11083984375,-0.06103515625,-0.25634765625,-0.25634765625,-0.28076171875,0.1953125,-1.171875,0.03662109375,-1.07421875,-0.2197265625,-0.9765625,-0.10986328125,-1.0009765625,-0.13427734375,-0.52490234375,-0.13427734375,-0.048828125,0.2197265625,-0.67138671875,-0.06103515625,-0.40283203125,-0.10986328125,1.318359375,0,0.341796875,0.1220703125,0.0244140625,-0.08544921875,-0.03662109375,0.03662109375,0.18310546875,-0.09765625,-0.06103515625,-0.03662109375,0.7568359375,0.01220703125,-0.4638671875,-0.1953125,-0.57373046875
0,-0.146484375,-0.3662109375,0.1220703125,-0.3662109375,-0.10986328125,-0.4638671875,-0.09765625,-0.08544921875,0.3173828125,-0.0244140625,-0.1220703125,-0.89111328125,-0.30517578125,1.0986328125,0.048828125,-0.1708984375,-0.0732421875,-0.59814453125,-0.13427734375,-0.18310546875,0.10986328125,0.8544921875,-0.03662109375,-0.62255859375,0.35400390625,4.69970703125,0,2.05078125,-0.0244140625,4.5654296875,0.03662109375,3.4423828125,0.0732421875,-0.40283203125,0.146484375,-0.89111328125,-0.3173828125,-0.439453125,-0.1953125,-0.7080078125,0.6103515625,-0.1220703125,-0.09765625,-0.62255859375,0.3173828125,-0.50048828125,-0.146484375,0.6591796875,-0.20751953125,1.13525390625,0.01220703125,0.47607421875,-0.30517578125,-0.1708984375,-0.341796875,0.7080078125,-0.01220703125,-0.28076171875,-0.03662109375,-0.01220703125,0.62255859375,0.29296875,-0.06103515625,-0.537109375,0.13427734375,0.244140625,-0.13427734375,1.06201171875,-0.1220703125,0.146484375,-0.20751953125,0.2197265625,0.01220703125,0.25634765625,-0.244140625,0.7568359375,0.0244140625,-0.06103515625,0.13427734375,1.318359375,0.01220703125,-0.9765625,-0.0244140625,-0.35400390625,0.0244140625,-0.98876953125,-0.0244140625,-0.79345703125,-0.2197265625,-1.15966796875,-0.10986328125,-0.28076171875,-0.146484375,-0.2685546875,0.146484375,-1.18408203125,0.048828125,-1.07421875,-0.30517578125,-0.9521484375,-0.1220703125,-1.025390625,-0.1708984375,-0.52490234375,-0.048828125,0.06103515625,0.20751953125,-0.52490234375,-0.0244140625,-0.30517578125,-0.1220703125,1.47705078125,-0.01220703125,0.35400390625,0.1220703125,0.01220703125,-0.0732421875,-0.048828125,0.0244140625,0.1953125,-0.08544921875,-0.0244140625,-0.03662109375,0.78125,0.048828125,-0.50048828125,-0.20751953125,-0.57373046875
0,-0.2197265625,-0.40283203125,0.10986328125,-0.37841796875,-0.146484375,-0.45166015625,-0.08544921875,-0.0732421875,0.30517578125,0,-0.146484375,-0.89111328125,-0.2685546875,1.0986328125,0.03662109375,-0.15869140625,-0.10986328125,-0.59814453125,-0.146484375,-0.2197265625,0.08544921875,0.8544921875,-0.1953125,-0.6103515625,0.390625,6.0546875,-0.01220703125,2.69775390625,-0.08544921875,5.3955078125,0.1708984375,4.18701171875,-0.18310546875,-0.3662109375,0.15869140625,-0.89111328125,-0.35400390625,-0.4638671875,-0.146484375,-0.7080078125,0.50048828125,-0.13427734375,-0.048828125,-0.59814453125,0.30517578125,-0.4638671875,-0.1220703125,0.67138671875,-0.1708984375,1.123046875,0.048828125,0.47607421875,-0.32958984375,-0.20751953125,-0.25634765625,0.68359375,-0.06103515625,-0.1953125,-0.0732421875,0.0732421875,0.5126953125,0.341796875,-0.0732421875,-0.50048828125,0.13427734375,0.244140625,-0.18310546875,1.0498046875,-0.146484375,0.146484375,-0.18310546875,0.20751953125,-0.01220703125,0.244140625,-0.2197265625,0.74462890625,0.01220703125,-0.048828125,0.1953125,1.318359375,0.13427734375,-0.9765625,-0.06103515625,-0.35400390625,-0.048828125,-1.01318359375,0.03662109375,-0.8056640625,-0.13427734375,-1.20849609375,-0.1220703125,-0.28076171875,-0.01220703125,-0.28076171875,0.048828125,-1.20849609375,0.0244140625,-1.08642578125,-0.35400390625,-0.9521484375,-0.0732421875,-1.01318359375,-0.1953125,-0.54931640625,0.048828125,0.15869140625,0.23193359375,-0.42724609375,0.048828125,-0.25634765625,-0.1708984375,1.55029296875,-0.0244140625,0.32958984375,0.146484375,-0.01220703125,-0.0732421875,-0.06103515625,0.01220703125,0.1708984375,-0.09765625,-0.0244140625,-0.01220703125,0.79345703125,0.03662109375,-0.50048828125,-0.1708984375,-0.54931640625
0,-0.25634765625,-0.37841796875,0.10986328125,-0.37841796875,-0.15869140625,-0.439453125,-0.08544921875,-0.048828125,0.30517578125,0.0244140625,-0.13427734375,-0.86669921875,-0.29296875,1.0986328125,0.03662109375,-0.146484375,-0.1708984375,-0.5859375,-0.15869140625,-0.2197265625,0.0244140625,0.84228515625,-0.3173828125,-0.6103515625,0.4150390625,7.33642578125,0,3.30810546875,-0.10986328125,6.201171875,0.30517578125,4.8583984375,-0.29296875,-0.32958984375,0.1220703125,-0.89111328125,-0.390625,-0.439453125,-0.09765625,-0.7080078125,0.341796875,-0.13427734375,-0.048828125,-0.59814453125,0.29296875,-0.4150390625,-0.0732421875,0.634765625,-0.13427734375,1.1474609375,0.0732421875,0.439453125,-0.3662109375,-0.244140625,-0.13427734375,0.68359375,-0.09765625,-0.146484375,-0.10986328125,0.10986328125,0.45166015625,0.390625,-0.10986328125,-0.47607421875,0.09765625,0.23193359375,-0.2197265625,1.06201171875,-0.18310546875,0.146484375,-0.1708984375,0.1953125,-0.03662109375,0.244140625,-0.1953125,0.79345703125,-0.06103515625,-0.03662109375,0.2685546875,1.30615234375,0.18310546875,-0.9521484375,-0.048828125,-0.35400390625,-0.146484375,-1.01318359375,0.0732421875,-0.8056640625,-0.03662109375,-1.23291015625,-0.1220703125,-0.2685546875,0.1220703125,-0.29296875,0,-1.23291015625,0.048828125,-1.07421875,-0.341796875,-0.9521484375,-0.03662109375,-1.0009765625,-0.1953125,-0.537109375,0.15869140625,0.1708984375,0.244140625,-0.42724609375,0.0732421875,-0.2685546875,-0.1708984375,1.5625,-0.03662109375,0.35400390625,0.146484375,-0.01220703125,-0.0732421875,-0.08544921875,0.01220703125,0.18310546875,-0.1220703125,-0.03662109375,0,0.8056640625,0.048828125,-0.48828125,-0.1708984375,-0.5615234375
0,-0.28076171875,-0.35400390625,0.10986328125,-0.37841796875,-0.1953125,-0.42724609375,-0.09765625,-0.048828125,0.32958984375,0.0244140625,-0.13427734375,-0.84228515625,-0.25634765625,1.11083984375,0.03662109375,-0.146484375,-0.23193359375,-0.59814453125,-0.1708984375,-0.20751953125,-0.0732421875,0.8544921875,-0.3173828125,-0.64697265625,0.3173828125,8.349609375,0.03662109375,3.857421875,-0.13427734375,6.884765625,0.3173828125,5.43212890625,-0.35400390625,-0.30517578125,0.03662109375,-0.87890625,-0.35400390625,-0.439453125,-0.08544921875,-0.72021484375,0.1708984375,-0.1708984375,0,-0.6103515625,0.2685546875,-0.40283203125,-0.0732421875,0.634765625,-0.0732421875,1.171875,0.0732421875,0.439453125,-0.37841796875,-0.25634765625,-0.0244140625,0.67138671875,-0.1708984375,-0.09765625,-0.1220703125,0.08544921875,0.3662109375,0.4150390625,-0.1220703125,-0.4638671875,0.08544921875,0.20751953125,-0.244140625,1.0498046875,-0.20751953125,0.13427734375,-0.10986328125,0.18310546875,-0.09765625,0.2197265625,-0.18310546875,0.78125,-0.13427734375,-0.0244140625,0.3662109375,1.318359375,0.23193359375,-0.9765625,-0.06103515625,-0.35400390625,-0.1953125,-1.0009765625,0.09765625,-0.79345703125,0.0244140625,-1.2451171875,-0.146484375,-0.2685546875,0.20751953125,-0.30517578125,-0.03662109375,-1.26953125,0.0732421875,-1.06201171875,-0.3173828125,-0.96435546875,0,-0.98876953125,-0.1220703125,-0.54931640625,0.20751953125,0.13427734375,0.23193359375,-0.4638671875,0.048828125,-0.30517578125,-0.20751953125,1.4892578125,-0.0244140625,0.35400390625,0.146484375,-0.01220703125,-0.0732421875,-0.09765625,-0.01220703125,0.15869140625,-0.1220703125,-0.06103515625,0,0.81787109375,0.03662109375,-0.5126953125,-0.1220703125,-0.537109375
0,-0.3173828125,-0.341796875,0.10986328125,-0.390625,-0.2197265625,-0.40283203125,-0.10986328125,-0.048828125,0.341796875,0.01220703125,-0.146484375,-0.86669921875,-0.23193359375,1.11083984375,0.048828125,-0.15869140625,-0.25634765625,-0.59814453125,-0.18310546875,-0.18310546875,-0.18310546875,0.87890625,-0.30517578125,-0.64697265625,0.20751953125,9.04541015625,0.03662109375,4.26025390625,-0.09765625,7.38525390625,0.30517578125,5.8349609375,-0.29296875,-0.3173828125,-0.08544921875,-0.8544921875,-0.28076171875,-0.42724609375,-0.08544921875,-0.732421875,0.0244140625,-0.18310546875,-0.06103515625,-0.62255859375,0.1708984375,-0.390625,-0.08544921875,0.634765625,-0.01220703125,1.171875,0.146484375,0.42724609375,-0.37841796875,-0.28076171875,0.09765625,0.7080078125,-0.23193359375,-0.0732421875,-0.08544921875,0.048828125,0.20751953125,0.37841796875,-0.10986328125,-0.45166015625,0.06103515625,0.1953125,-0.244140625,1.0498046875,-0.2197265625,0.1708984375,-0.048828125,0.15869140625,-0.18310546875,0.1953125,-0.146484375,0.84228515625,-0.1953125,-0.01220703125,0.390625,1.30615234375,0.244140625,-1.0009765625,-0.08544921875,-0.37841796875,-0.20751953125,-1.0009765625,0.10986328125,-0.79345703125,0.06103515625,-1.25732421875,-0.15869140625,-0.28076171875,0.2197265625,-0.3173828125,-0.01220703125,-1.25732421875,0.06103515625,-1.06201171875,-0.23193359375,-0.9765625,0.048828125,-0.9765625,-0.0244140625,-0.54931640625,0.25634765625,0.06103515625,0.2197265625,-0.5615234375,0.03662109375,-0.4150390625,-0.2197265625,1.37939453125,-0.0244140625,0.341796875,0.1708984375,-0.01220703125,-0.0732421875,-0.09765625,0.01220703125,0.15869140625,-0.1220703125,-0.048828125,0.01220703125,0.79345703125,0.03662109375,-0.50048828125,-0.09765625,-0.54931640625
0,-0.32958984375,-0.32958984375,0.09765625,-0.390625,-0.23193359375,-0.4150390625,-0.1220703125,-0.0732421875,0.3662109375,0,-0.146484375,-0.8544921875,-0.2197265625,1.11083984375,0.06103515625,-0.1708984375,-0.2685546875,-0.59814453125,-0.2197265625,-0.1953125,-0.2685546875,0.89111328125,-0.1953125,-0.67138671875,0.13427734375,9.3994140625,0.01220703125,4.45556640625,-0.09765625,7.6416015625,0.1708984375,6.01806640625,-0.13427734375,-0.29296875,-0.2197265625,-0.8544921875,-0.18310546875,-0.42724609375,-0.048828125,-0.72021484375,-0.048828125,-0.18310546875,-0.1708984375,-0.634765625,0.09765625,-0.35400390625,-0.18310546875,0.64697265625,0.0244140625,1.18408203125,0.13427734375,0.42724609375,-0.40283203125,-0.29296875,0.25634765625,0.7080078125,-0.3662109375,-0.03662109375,-0.03662109375,0.01220703125,0.10986328125,0.3662109375,-0.18310546875,-0.42724609375,0.01220703125,0.15869140625,-0.25634765625,1.03759765625,-0.23193359375,0.18310546875,-0.048828125,0.1708984375,-0.20751953125,0.20751953125,-0.1953125,0.86669921875,-0.2197265625,0,0.3662109375,1.30615234375,0.18310546875,-1.01318359375,-0.0732421875,-0.35400390625,-0.20751953125,-0.9765625,0.0732421875,-0.79345703125,0.08544921875,-1.25732421875,-0.1708984375,-0.28076171875,0.146484375,-0.3173828125,0,-1.25732421875,0.0244140625,-1.0498046875,-0.13427734375,-0.98876953125,0.09765625,-0.93994140625,0.06103515625,-0.52490234375,0.244140625,0.01220703125,0.146484375,-0.69580078125,0.0244140625,-0.52490234375,-0.1708984375,1.2451171875,-0.01220703125,0.341796875,0.15869140625,-0.01220703125,-0.0732421875,-0.09765625,0.01220703125,0.146484375,-0.1220703125,-0.06103515625,0.01220703125,0.79345703125,0,-0.5126953125,-0.09765625,-0.537109375
1,-0.3662109375,-0.3173828125,0.15869140625,-0.37841796875,-0.25634765625,-0.40283203125,-0.13427734375,-0.048828125,0.341796875,-0.01220703125,-0.1708984375,-0.86669921875,-0.20751953125,1.123046875,0.03662109375,-0.1708984375,-0.2197265625,-0.59814453125,-0.244140625,-0.18310546875,-0.3662109375,0.9033203125,-0.10986328125,-0.68359375,0.0732421875,9.375,-0.06103515625,4.4677734375,-0.06103515625,7.666015625,-0.03662109375,6.005859375,0.0244140625,-0.29296875,-0.2685546875,-0.8544921875,-0.06103515625,-0.40283203125,-0.08544921875,-0.72021484375,-0.06103515625,-0.18310546875,-0.2197265625,-0.6591796875,0.03662109375,-0.3662109375,-0.28076171875,0.64697265625,0,1.171875,0.23193359375,0.439453125,-0.37841796875,-0.2685546875,0.439453125,0.7080078125,-0.42724609375,-0.0244140625,0.0244140625,0,0.0732421875,0.35400390625,-0.146484375,-0.37841796875,-0.0244140625,0.13427734375,-0.28076171875,1.025390625,-0.2197265625,0.1708984375,-0.0244140625,0.1708984375,-0.1953125,0.2197265625,-0.20751953125,0.86669921875,-0.23193359375,-0.01220703125,0.341796875,1.28173828125,0.13427734375,-1.0009765625,-0.06103515625,-0.37841796875,-0.13427734375,-0.9765625,0.0244140625,-0.76904296875,0.048828125,-1.220703125,-0.13427734375,-0.29296875,0.048828125,-0.29296875,0.048828125,-1.23291015625,-0.0244140625,-1.06201171875,-0.06103515625,-1.0009765625,0.1220703125,-0.91552734375,0.13427734375,-0.54931640625,0.20751953125,0.048828125,0.1220703125,-0.78125,0.0244140625,-0.5859375,-0.13427734375,1.1474609375,-0.01220703125,0.341796875,0.1708984375,-0.01220703125,-0.08544921875,-0.0732421875,0.03662109375,0.15869140625,-0.10986328125,-0.06103515625,0.01220703125,0.7568359375,0,-0.5126953125,-0.08544921875,-0.5615234375
1,-0.42724609375,-0.32958984375,0.10986328125,-0.35400390625,-0.2685546875,-0.40283203125,-0.15869140625,-0.0732421875,0.3662109375,-0.048828125,-0.13427734375,-0.86669921875,-0.2197265625,1.13525390625,0.0732421875,-0.15869140625,-0.0732421875,-0.6103515625,-0.18310546875,-0.1708984375,-0.3662109375,0.91552734375,-0.01220703125,-0.64697265625,-0.0244140625,8.99658203125,-0.15869140625,4.26025390625,-0.10986328125,7.4462890625,-0.2197265625,5.7861328125,0.23193359375,-0.29296875,-0.3173828125,-0.89111328125,0.06103515625,-0.42724609375,-0.06103515625,-0.74462890625,0.0244140625,-0.15869140625,-0.32958984375,-0.6591796875,0,-0.35400390625,-0.3662109375,0.634765625,0.01220703125,1.171875,0.23193359375,0.4638671875,-0.341796875,-0.244140625,0.64697265625,0.732421875,-0.47607421875,0.048828125,0.01220703125,0,0.1220703125,0.341796875,-0.13427734375,-0.29296875,-0.08544921875,0.146484375,-0.28076171875,1.03759765625,-0.1708984375,0.1953125,-0.03662109375,0.146484375,-0.15869140625,0.23193359375,-0.20751953125,0.89111328125,-0.25634765625,0,0.29296875,1.30615234375,0.08544921875,-1.01318359375,-0.06103515625,-0.37841796875,-0.06103515625,-0.96435546875,-0.03662109375,-0.7568359375,-0.0244140625,-1.20849609375,-0.1220703125,-0.30517578125,-0.048828125,-0.3173828125,0.10986328125,-1.23291015625,-0.0244140625,-1.0498046875,0,-0.98876953125,0.146484375,-0.9033203125,0.13427734375,-0.52490234375,0.13427734375,0.244140625,0.03662109375,-0.79345703125,-0.01220703125,-0.5615234375,-0.146484375,1.15966796875,-0.01220703125,0.341796875,0.18310546875,-0.01220703125,-0.08544921875,-0.0732421875,0.03662109375,0.15869140625,-0.08544921875,-0.0732421875,-0.0244140625,0.732421875,0.03662109375,-0.5126953125,-0.09765625,-0.57373046875
1,-0.439453125,-0.32958984375,0.13427734375,-0.3662109375,-0.20751953125,-0.42724609375,-0.18310546875,-0.0732421875,0.341796875,-0.06103515625,-0.1708984375,-0.8544921875,-0.2197265625,1.13525390625,0.048828125,-0.1953125,0.0244140625,-0.634765625,-0.146484375,-0.18310546875,-0.3173828125,0.9033203125,0.0244140625,-0.64697265625,-0.0732421875,8.36181640625,-0.23193359375,3.9306640625,-0.18310546875,7.0068359375,-0.3662109375,5.419921875,0.3173828125,-0.30517578125,-0.3173828125,-0.89111328125,0.13427734375,-0.42724609375,-0.03662109375,-0.72021484375,0.08544921875,-0.146484375,-0.390625,-0.67138671875,-0.01220703125,-0.3662109375,-0.4638671875,0.634765625,-0.03662109375,1.13525390625,0.3173828125,0.48828125,-0.30517578125,-0.20751953125,0.79345703125,0.732421875,-0.47607421875,0.08544921875,0.0732421875,0.0244140625,0.18310546875,0.35400390625,-0.09765625,-0.2197265625,-0.13427734375,0.146484375,-0.29296875,1.03759765625,-0.13427734375,0.20751953125,-0.09765625,0.15869140625,-0.1220703125,0.28076171875,-0.1708984375,0.87890625,-0.28076171875,-0.01220703125,0.25634765625,1.30615234375,0.03662109375,-1.01318359375,-0.0244140625,-0.37841796875,0.0244140625,-0.93994140625,-0.09765625,-0.76904296875,-0.1220703125,-1.1962890625,-0.146484375,-0.30517578125,-0.1220703125,-0.29296875,0.146484375,-1.220703125,0.0244140625,-1.0498046875,0.03662109375,-0.96435546875,0.18310546875,-0.91552734375,0.13427734375,-0.52490234375,0.15869140625,0.6103515625,0.048828125,-0.6591796875,0.0244140625,-0.45166015625,-0.1708984375,1.2939453125,0,0.37841796875,0.18310546875,0.01220703125,-0.0732421875,-0.06103515625,0.048828125,0.18310546875,-0.08544921875,-0.06103515625,-0.03662109375,0.74462890625,0.048828125,-0.5126953125,-0.10986328125,-0.57373046875
1,-0.439453125,-0.3173828125,0.1220703125,-0.37841796875,-0.2197265625,-0.42724609375,-0.146484375,-0.08544921875,0.35400390625,-0.06103515625,-0.18310546875,-0.87890625,-0.2197265625,1.11083984375,0.0732421875,-0.18310546875,0.13427734375,-0.634765625,-0.09765625,-0.1708984375,-0.2197265625,0.9033203125,0.048828125,-0.59814453125,-0.1220703125,7.50732421875,-0.28076171875,3.4423828125,-0.25634765625,6.43310546875,-0.40283203125,4.89501953125,0.341796875,-0.32958984375,-0.244140625,-0.89111328125,0.13427734375,-0.42724609375,-0.01220703125,-0.74462890625,0.1708984375,-0.1220703125,-0.40283203125,-0.67138671875,0.0244140625,-0.390625,-0.5615234375,0.634765625,-0.09765625,1.123046875,0.40283203125,0.48828125,-0.23193359375,-0.20751953125,0.89111328125,0.732421875,-0.59814453125,0.1220703125,-0.0244140625,0.08544921875,0.20751953125,0.390625,-0.13427734375,-0.15869140625,-0.146484375,0.15869140625,-0.28076171875,1.06201171875,-0.0732421875,0.2197265625,-0.146484375,0.1708984375,-0.0732421875,0.28076171875,-0.15869140625,0.8544921875,-0.3173828125,0,0.23193359375,1.30615234375,-0.01220703125,-1.0009765625,-0.01220703125,-0.390625,0.06103515625,-0.93994140625,-0.13427734375,-0.78125,-0.18310546875,-1.1962890625,-0.1953125,-0.29296875,-0.1708984375,-0.28076171875,0.1220703125,-1.23291015625,0.10986328125,-1.07421875,0.048828125,-0.9765625,0.20751953125,-0.93994140625,0.1220703125,-0.52490234375,0.08544921875,1.20849609375,0.01220703125,-0.40283203125,0,-0.18310546875,-0.20751953125,1.57470703125,0.01220703125,0.35400390625,0.1953125,-0.01220703125,-0.08544921875,-0.06103515625,0.048828125,0.18310546875,-0.06103515625,-0.03662109375,-0.03662109375,0.7568359375,0.10986328125,-0.52490234375,-0.1220703125,-0.57373046875
1,-0.47607421875,-0.32958984375,0.1220703125,-0.390625,-0.2197265625,-0.439453125,-0.146484375,-0.0732421875,0.3662109375,-0.0732421875,-0.18310546875,-0.89111328125,-0.20751953125,1.123046875,0.08544921875,-0.1953125,0.15869140625,-0.634765625,-0.06103515625,-0.18310546875,-0.06103515625,0.9033203125,0.0244140625,-0.59814453125,-0.18310546875,6.55517578125,-0.25634765625,2.8564453125,-0.32958984375,5.72509765625,-0.3662109375,4.28466796875,0.3173828125,-0.32958984375,-0.18310546875,-0.89111328125,0.10986328125,-0.45166015625,0.13427734375,-0.74462890625,0.23193359375,-0.146484375,-0.341796875,-0.64697265625,0.0244140625,-0.4150390625,-0.59814453125,0.59814453125,-0.146484375,1.123046875,0.3662109375,0.4638671875,-0.146484375,-0.18310546875,0.927734375,0.7080078125,-0.52490234375,0.18310546875,-0.01220703125,0.146484375,0.2685546875,0.4638671875,-0.0732421875,-0.0732421875,-0.13427734375,0.20751953125,-0.244140625,1.0498046875,-0.01220703125,0.23193359375,-0.1953125,0.18310546875,-0.06103515625,0.30517578125,-0.08544921875,0.86669921875,-0.35400390625,-0.01220703125,0.1953125,1.33056640625,-0.06103515625,-0.98876953125,-0.0244140625,-0.390625,0.08544921875,-0.9521484375,-0.1220703125,-0.78125,-0.20751953125,-1.220703125,-0.23193359375,-0.29296875,-0.10986328125,-0.29296875,0.0732421875,-1.2451171875,0.1953125,-1.0986328125,0.0732421875,-0.96435546875,0.1953125,-0.96435546875,0.10986328125,-0.52490234375,0.15869140625,1.98974609375,-0.03662109375,0.01220703125,-0.01220703125,0.15869140625,-0.2197265625,2.03857421875,0.0244140625,0.35400390625,0.1953125,0,-0.08544921875,-0.0244140625,0.01220703125,0.1708984375,-0.03662109375,-0.03662109375,-0.0732421875,0.74462890625,0.1220703125,-0.52490234375,-0.1220703125,-0.59814453125
1,-0.47607421875,-0.35400390625,0.10986328125,-0.37841796875,-0.244140625,-0.439453125,-0.09765625,-0.06103515625,0.40283203125,-0.06103515625,-0.18310546875,-0.89111328125,-0.1708984375,1.11083984375,0.08544921875,-0.18310546875,0.146484375,-0.6591796875,-0.01220703125,-0.18310546875,0.03662109375,0.89111328125,-0.01220703125,-0.59814453125,-0.1953125,5.52978515625,-0.1953125,2.25830078125,-0.4150390625,4.98046875,-0.29296875,3.64990234375,0.20751953125,-0.341796875,-0.13427734375,-0.87890625,0.01220703125,-0.45166015625,0.20751953125,-0.7568359375,0.25634765625,-0.15869140625,-0.20751953125,-0.6591796875,0.048828125,-0.439453125,-0.64697265625,0.59814453125,-0.20751953125,1.11083984375,0.35400390625,0.45166015625,-0.0732421875,-0.18310546875,0.9765625,0.69580078125,-0.47607421875,0.2197265625,0.01220703125,0.1953125,0.30517578125,0.50048828125,-0.0244140625,-0.0244140625,-0.10986328125,0.18310546875,-0.15869140625,1.0498046875,0.01220703125,0.20751953125,-0.23193359375,0.1953125,-0.08544921875,0.30517578125,-0.048828125,0.830078125,-0.37841796875,0,0.1220703125,1.318359375,-0.048828125,-0.9765625,-0.0244140625,-0.390625,0.08544921875,-0.93994140625,-0.0732421875,-0.78125,-0.18310546875,-1.25732421875,-0.244140625,-0.2685546875,-0.06103515625,-0.28076171875,-0.01220703125,-1.25732421875,0.32958984375,-1.123046875,0.0732421875,-0.9521484375,0.1953125,-0.96435546875,0.0732421875,-0.5126953125,0.18310546875,2.9052734375,-0.03662109375,0.537109375,0.0244140625,0.5859375,-0.20751953125,2.60009765625,0.01220703125,0.32958984375,0.18310546875,-0.01220703125,-0.08544921875,-0.0244140625,0.03662109375,0.1708984375,-0.03662109375,-0.0244140625,-0.0732421875,0.7568359375,0.1220703125,-0.50048828125,-0.1220703125,-0.59814453125
1,-0.47607421875,-0.3662109375,0.10986328125,-0.390625,-0.2685546875,-0.45166015625,-0.0732421875,-0.06103515625,0.42724609375,-0.01220703125,-0.18310546875,-0.9033203125,-0.1220703125,1.0986328125,0.0732421875,-0.20751953125,0.09765625,-0.6591796875,-0.01220703125,-0.20751953125,0.08544921875,0.87890625,-0.03662109375,-0.5859375,-0.1953125,4.5166015625,-0.13427734375,1.66015625,-0.42724609375,4.28466796875,-0.15869140625,3.01513671875,0.10986328125,-0.35400390625,-0.10986328125,-0.89111328125,-0.048828125,-0.45166015625,0.2197265625,-0.7568359375,0.23193359375,-0.146484375,-0.0732421875,-0.634765625,0.048828125,-0.439453125,-0.57373046875,0.5859375,-0.23193359375,1.123046875,0.3662109375,0.45166015625,0,-0.18310546875,0.89111328125,0.69580078125,-0.50048828125,0.28076171875,-0.1220703125,0.25634765625,0.35400390625,0.59814453125,-0.1220703125,0.048828125,-0.08544921875,0.1953125,-0.0732421875,1.06201171875,0.03662109375,0.1953125,-0.20751953125,0.1953125,-0.09765625,0.2685546875,0,0.81787109375,-0.390625,-0.01220703125,0.06103515625,1.33056640625,-0.0244140625,-0.9765625,-0.01220703125,-0.3662109375,0.06103515625,-0.96435546875,0,-0.79345703125,-0.13427734375,-1.33056640625,-0.23193359375,-0.244140625,0.06103515625,-0.30517578125,-0.048828125,-1.25732421875,0.3662109375,-1.11083984375,0.08544921875,-0.96435546875,0.146484375,-0.98876953125,0,-0.52490234375,0.1220703125,3.89404296875,-0.08544921875,1.123046875,-0.01220703125,1.0498046875,-0.28076171875,3.23486328125,0.01220703125,0.32958984375,0.18310546875,-0.01220703125,-0.08544921875,0,0.03662109375,0.1708984375,-0.06103515625,-0.048828125,-0.048828125,0.78125,0.1220703125,-0.47607421875,-0.146484375,-0.5859375
1,-0.50048828125,-0.341796875,0.0732421875,-0.390625,-0.244140625,-0.439453125,-0.048828125,-0.06103515625,0.40283203125,0,-0.18310546875,-0.89111328125,-0.146484375,1.11083984375,0.08544921875,-0.1953125,0.0732421875,-0.64697265625,0.048828125,-0.20751953125,0.08544921875,0.86669921875,-0.048828125,-0.5859375,-0.20751953125,3.60107421875,-0.08544921875,1.15966796875,-0.4638671875,3.60107421875,-0.01220703125,2.44140625,0,-0.35400390625,-0.09765625,-0.9033203125,-0.1220703125,-0.45166015625,0.2685546875,-0.732421875,0.18310546875,-0.18310546875,0.01220703125,-0.634765625,0.048828125,-0.45166015625,-0.5126953125,0.59814453125,-0.2685546875,1.1474609375,0.341796875,0.439453125,0,-0.1708984375,0.89111328125,0.69580078125,-0.439453125,0.341796875,-0.09765625,0.32958984375,0.50048828125,0.69580078125,-0.048828125,0.1220703125,-0.0732421875,0.20751953125,0,1.0498046875,0.06103515625,0.1708984375,-0.1953125,0.2197265625,-0.03662109375,0.25634765625,0.048828125,0.830078125,-0.439453125,-0.01220703125,0.048828125,1.318359375,0.0244140625,-0.9521484375,-0.01220703125,-0.3662109375,0.01220703125,-0.98876953125,0.0732421875,-0.79345703125,-0.09765625,-1.40380859375,-0.2197265625,-0.25634765625,0.1708984375,-0.29296875,-0.13427734375,-1.26953125,0.37841796875,-1.11083984375,0.09765625,-0.9765625,0.1220703125,-0.98876953125,-0.06103515625,-0.52490234375,0.23193359375,4.89501953125,-0.08544921875,1.708984375,0.03662109375,1.52587890625,-0.30517578125,3.86962890625,0.01220703125,0.32958984375,0.1953125,0.01220703125,-0.0732421875,-0.03662109375,0.03662109375,0.15869140625,-0.0732421875,-0.06103515625,-0.06103515625,0.76904296875,0.1220703125,-0.50048828125,-0.13427734375,-0.57373046875
1,-0.5126953125,-0.32958984375,0.0732421875,-0.40283203125,-0.244140625,-0.439453125,-0.03662109375,-0.0732421875,0.3662109375,0.0244140625,-0.18310546875,-0.89111328125,-0.10986328125,1.0986328125,0.048828125,-0.1953125,0.0244140625,-0.64697265625,0.08544921875,-0.2197265625,-0.048828125,0.84228515625,0,-0.5859375,-0.23193359375,2.79541015625,-0.0244140625,0.69580078125,-0.37841796875,3.01513671875,0.06103515625,1.94091796875,-0.03662109375,-0.37841796875,-0.15869140625,-0.89111328125,-0.146484375,-0.45166015625,0.25634765625,-0.74462890625,0.146484375,-0.1708984375,0.0732421875,-0.59814453125,0.06103515625,-0.47607421875,-0.42724609375,0.59814453125,-0.23193359375,1.1474609375,0.3173828125,0.42724609375,-0.08544921875,-0.146484375,0.84228515625,0.69580078125,-0.4150390625,0.4638671875,-0.10986328125,0.42724609375,0.54931640625,0.79345703125,-0.08544921875,0.23193359375,-0.03662109375,0.2197265625,0.0732421875,1.03759765625,0.08544921875,0.1708984375,-0.1708984375,0.18310546875,0.01220703125,0.23193359375,0.08544921875,0.84228515625,-0.48828125,-0.0244140625,0.0244140625,1.30615234375,0.1220703125,-0.93994140625,0,-0.37841796875,-0.03662109375,-1.0009765625,0.146484375,-0.79345703125,-0.03662109375,-1.4892578125,-0.1220703125,-0.23193359375,0.244140625,-0.30517578125,-0.20751953125,-1.26953125,0.30517578125,-1.11083984375,0.09765625,-0.96435546875,0.09765625,-0.98876953125,-0.15869140625,-0.52490234375,0.20751953125,5.79833984375,-0.08544921875,2.2705078125,0.01220703125,1.953125,-0.3662109375,4.45556640625,0.01220703125,0.341796875,0.1953125,0.01220703125,-0.08544921875,-0.03662109375,0.01220703125,0.146484375,-0.09765625,-0.08544921875,-0.048828125,0.76904296875,0.0732421875,-0.50048828125,-0.13427734375,-0.59814453125
1,-0.537109375,-0.341796875,0.08544921875,-0.390625,-0.20751953125,-0.4150390625,0,-0.0732421875,0.30517578125,0.0244140625,-0.15869140625,-0.87890625,-0.10986328125,1.11083984375,0.048828125,-0.1708984375,0,-0.634765625,0.0732421875,-0.2197265625,-0.18310546875,0.830078125,0.048828125,-0.6103515625,-0.1953125,2.06298828125,0.06103515625,0.3173828125,-0.244140625,2.490234375,0.06103515625,1.513671875,-0.03662109375,-0.35400390625,-0.244140625,-0.86669921875,-0.13427734375,-0.4150390625,0.2197265625,-0.7080078125,0.15869140625,-0.1708984375,0.09765625,-0.6103515625,0.08544921875,-0.4638671875,-0.32958984375,0.62255859375,-0.1708984375,1.171875,0.2685546875,0.42724609375,-0.1708984375,-0.15869140625,0.81787109375,0.69580078125,-0.40283203125,0.59814453125,-0.09765625,0.52490234375,0.59814453125,0.9033203125,-0.08544921875,0.40283203125,-0.0244140625,0.20751953125,0.15869140625,1.03759765625,0.0732421875,0.1708984375,-0.1220703125,0.15869140625,0.08544921875,0.20751953125,0.1220703125,0.84228515625,-0.537109375,-0.01220703125,0.048828125,1.318359375,0.18310546875,-0.96435546875,0.03662109375,-0.37841796875,-0.0732421875,-1.0009765625,0.15869140625,-0.79345703125,0,-1.5380859375,-0.03662109375,-0.23193359375,0.2685546875,-0.3173828125,-0.23193359375,-1.25732421875,0.2685546875,-1.11083984375,0.1220703125,-0.9765625,0.08544921875,-0.9521484375,-0.2197265625,-0.537109375,0.18310546875,6.591796875,-0.01220703125,2.72216796875,0.03662109375,2.294921875,-0.35400390625,4.931640625,0.01220703125,0.35400390625,0.1708984375,0.0244140625,-0.08544921875,-0.03662109375,0.0244140625,0.15869140625,-0.08544921875,-0.09765625,-0.0732421875,0.79345703125,0.0732421875,-0.50048828125,-0.1220703125,-0.5615234375
1,-0.54931640625,-0.32958984375,0.09765625,-0.35400390625,-0.20751953125,-0.40283203125,-0.01220703125,-0.06103515625,0.341796875,0,-0.13427734375,-0.87890625,-0.10986328125,1.11083984375,0.06103515625,-0.146484375,-0.06103515625,-0.62255859375,0.03662109375,-0.20751953125,-0.30517578125,0.84228515625,0.06103515625,-0.62255859375,-0.146484375,1.45263671875,0.10986328125,0.03662109375,-0.10986328125,2.08740234375,0.048828125,1.13525390625,-0.0244140625,-0.341796875,-0.341796875,-0.86669921875,-0.10986328125,-0.40283203125,0.15869140625,-0.69580078125,0.23193359375,-0.146484375,0.06103515625,-0.62255859375,0.08544921875,-0.439453125,-0.1708984375,0.6103515625,-0.08544921875,1.15966796875,0.25634765625,0.439453125,-0.3173828125,-0.146484375,0.72021484375,0.69580078125,-0.35400390625,0.8056640625,-0.01220703125,0.64697265625,0.6103515625,1.01318359375,-0.01220703125,0.57373046875,-0.03662109375,0.18310546875,0.2197265625,1.01318359375,0.0732421875,0.20751953125,-0.08544921875,0.1708984375,0.10986328125,0.18310546875,0.1220703125,0.8544921875,-0.5615234375,0,0.06103515625,1.2939453125,0.20751953125,-0.9521484375,0.08544921875,-0.390625,-0.10986328125,-0.98876953125,0.146484375,-0.78125,-0.01220703125,-1.59912109375,0.048828125,-0.244140625,0.25634765625,-0.30517578125,-0.1708984375,-1.220703125,0.23193359375,-1.07421875,0.13427734375,-0.98876953125,0.06103515625,-0.9521484375,-0.244140625,-0.5126953125,0.13427734375,7.21435546875,0.01220703125,3.06396484375,0.0244140625,2.5390625,-0.35400390625,5.28564453125,0.0244140625,0.35400390625,0.1708984375,0.048828125,-0.08544921875,-0.0244140625,0.03662109375,0.18310546875,-0.09765625,-0.13427734375,-0.08544921875,0.78125,0.048828125,-0.5126953125,-0.10986328125,-0.57373046875
1,-0.537109375,-0.341796875,0.09765625,-0.341796875,-0.20751953125,-0.4150390625,0,-0.06103515625,0.37841796875,-0.01220703125,-0.13427734375,-0.86669921875,-0.13427734375,1.13525390625,0.08544921875,-0.146484375,-0.1220703125,-0.6103515625,-0.048828125,-0.20751953125,-0.439453125,0.86669921875,0.06103515625,-0.64697265625,-0.08544921875,0.93994140625,0.15869140625,-0.2197265625,0.01220703125,1.69677734375,-0.01220703125,0.84228515625,0.03662109375,-0.37841796875,-0.47607421875,-0.8544921875,-0.08544921875,-0.4150390625,0.03662109375,-0.68359375,0.28076171875,-0.1708984375,-0.03662109375,-0.62255859375,0.15869140625,-0.45166015625,-0.10986328125,0.64697265625,-0.01220703125,1.15966796875,0.28076171875,0.47607421875,-0.45166015625,-0.146484375,0.62255859375,0.72021484375,-0.4638671875,1.0498046875,0,0.79345703125,0.50048828125,1.13525390625,-0.048828125,0.81787109375,-0.03662109375,0.146484375,0.30517578125,0.98876953125,0.03662109375,0.23193359375,-0.0244140625,0.146484375,0.146484375,0.18310546875,0.08544921875,0.89111328125,-0.54931640625,0.01220703125,0.06103515625,1.28173828125,0.23193359375,-0.9765625,0.09765625,-0.3662109375,-0.13427734375,-0.9765625,0.08544921875,-0.7568359375,-0.01220703125,-1.6357421875,0.09765625,-0.25634765625,0.15869140625,-0.30517578125,-0.08544921875,-1.220703125,0.2197265625,-1.06201171875,0.0732421875,-1.0009765625,0.0244140625,-0.927734375,-0.23193359375,-0.52490234375,0.048828125,7.666015625,0.01220703125,3.271484375,-0.01220703125,2.69775390625,-0.32958984375,5.50537109375,0.03662109375,0.3662109375,0.146484375,0.0244140625,-0.0732421875,-0.01220703125,0.06103515625,0.146484375,-0.06103515625,-0.146484375,-0.1220703125,0.78125,0.03662109375,-0.52490234375,-0.1220703125,-0.54931640625
1,-0.57373046875,-0.3173828125,0.08544921875,-0.341796875,-0.20751953125,-0.40283203125,0.01220703125,-0.08544921875,0.390625,-0.06103515625,-0.1220703125,-0.86669921875,-0.10986328125,1.13525390625,0.0732421875,-0.18310546875,-0.13427734375,-0.59814453125,-0.146484375,-0.18310546875,-0.50048828125,0.87890625,0.01220703125,-0.62255859375,-0.03662109375,0.5126953125,0.1708984375,-0.40283203125,0.09765625,1.40380859375,0.01220703125,0.5859375,0.0732421875,-0.35400390625,-0.52490234375,-0.86669921875,-0.06103515625,-0.4150390625,-0.01220703125,-0.69580078125,0.30517578125,-0.15869140625,-0.146484375,-0.634765625,0.23193359375,-0.439453125,-0.10986328125,0.6591796875,0.048828125,1.15966796875,0.29296875,0.48828125,-0.5126953125,-0.146484375,0.48828125,0.74462890625,-0.5126953125,1.30615234375,0.06103515625,0.98876953125,0.50048828125,1.2451171875,0,1.07421875,-0.03662109375,0.1220703125,0.341796875,1.0009765625,0.0244140625,0.23193359375,0,0.146484375,0.18310546875,0.1953125,0.0244140625,0.86669921875,-0.537109375,0.01220703125,0.0732421875,1.2939453125,0.20751953125,-1.0009765625,0.1220703125,-0.3662109375,-0.15869140625,-0.96435546875,0,-0.7568359375,0.03662109375,-1.62353515625,0.18310546875,-0.2685546875,0.0732421875,-0.29296875,0.01220703125,-1.18408203125,0.23193359375,-1.06201171875,0.0244140625,-0.9765625,0,-0.927734375,-0.1953125,-0.52490234375,0.146484375,7.91015625,0.01220703125,3.369140625,0.01220703125,2.783203125,-0.25634765625,5.5908203125,0.03662109375,0.3662109375,0.09765625,0.03662109375,-0.0732421875,-0.01220703125,0.048828125,0.1708984375,-0.048828125,-0.15869140625,-0.13427734375,0.76904296875,0.0244140625,-0.52490234375,-0.08544921875,-0.54931640625
1,-0.5615234375,-0.3173828125,0.0732421875,-0.341796875,-0.23193359375,-0.40283203125,0.01220703125,-0.08544921875,0.4150390625,-0.06103515625,-0.146484375,-0.86669921875,-0.09765625,1.11083984375,0.06103515625,-0.1953125,-0.1220703125,-0.62255859375,-0.20751953125,-0.18310546875,-0.4638671875,0.87890625,-0.08544921875,-0.634765625,0.01220703125,0.146484375,0.1220703125,-0.57373046875,0.09765625,1.15966796875,0.06103515625,0.3662109375,0.01220703125,-0.341796875,-0.5126953125,-0.87890625,-0.09765625,-0.45166015625,0.09765625,-0.69580078125,0.30517578125,-0.1708984375,-0.25634765625,-0.67138671875,0.2685546875,-0.4150390625,-0.2197265625,0.6591796875,0.048828125,1.15966796875,0.35400390625,0.5126953125,-0.634765625,-0.146484375,0.390625,0.732421875,-0.537109375,1.55029296875,0.13427734375,1.123046875,0.52490234375,1.33056640625,0.09765625,1.318359375,0,0.1220703125,0.35400390625,1.01318359375,0.03662109375,0.244140625,0.01220703125,0.13427734375,0.18310546875,0.20751953125,-0.03662109375,0.87890625,-0.4638671875,0.0244140625,0.06103515625,1.28173828125,0.1708984375,-0.98876953125,0.15869140625,-0.35400390625,-0.1708984375,-0.93994140625,-0.0732421875,-0.74462890625,0.048828125,-1.5869140625,0.15869140625,-0.29296875,0,-0.29296875,0.1220703125,-1.15966796875,0.25634765625,-1.03759765625,-0.0244140625,-0.98876953125,-0.01220703125,-0.91552734375,-0.15869140625,-0.5126953125,0.15869140625,7.99560546875,0.01220703125,3.35693359375,0.048828125,2.783203125,-0.18310546875,5.60302734375,0.048828125,0.3662109375,0.0732421875,0.03662109375,-0.0732421875,-0.01220703125,0.06103515625,0.18310546875,-0.03662109375,-0.15869140625,-0.13427734375,0.79345703125,0.0244140625,-0.50048828125,-0.06103515625,-0.5615234375
0,-0.64697265625,-0.3173828125,0.06103515625,-0.35400390625,-0.1953125,-0.40283203125,0.0244140625,-0.10986328125,0.40283203125,-0.0732421875,-0.146484375,-0.86669921875,-0.1220703125,1.11083984375,0,-0.2197265625,-0.048828125,-0.6103515625,-0.2197265625,-0.15869140625,-0.439453125,0.89111328125,-0.1708984375,-0.64697265625,-0.0244140625,-0.1708984375,0.01220703125,-0.74462890625,0.03662109375,0.927734375,0.0732421875,0.1708984375,-0.048828125,-0.3662109375,-0.45166015625,-0.87890625,-0.146484375,-0.45166015625,0.09765625,-0.7080078125,0.2685546875,-0.146484375,-0.2685546875,-0.6591796875,0.29296875,-0.42724609375,-0.28076171875,0.64697265625,0.0244140625,1.123046875,0.37841796875,0.50048828125,-0.69580078125,-0.1708984375,0.29296875,0.732421875,-0.537109375,1.7578125,0.146484375,1.23291015625,0.52490234375,1.35498046875,0.1220703125,1.52587890625,0.048828125,0.1220703125,0.35400390625,1.0009765625,0.01220703125,0.25634765625,0,0.146484375,0.1708984375,0.2197265625,-0.09765625,0.9033203125,-0.390625,0.01220703125,0.10986328125,1.28173828125,0.13427734375,-0.98876953125,0.13427734375,-0.3662109375,-0.20751953125,-0.927734375,-0.13427734375,-0.732421875,0.06103515625,-1.52587890625,0.13427734375,-0.30517578125,-0.048828125,-0.29296875,0.18310546875,-1.18408203125,0.244140625,-1.06201171875,-0.08544921875,-0.9765625,0.01220703125,-0.9033203125,-0.09765625,-0.5126953125,0.08544921875,7.9345703125,-0.03662109375,3.2958984375,0.06103515625,2.74658203125,-0.15869140625,5.4931640625,0.0732421875,0.3662109375,0.06103515625,0.03662109375,-0.0732421875,0,0.0732421875,0.1953125,-0.0244140625,-0.13427734375,-0.1220703125,0.8056640625,0.03662109375,-0.47607421875,-0.0244140625,-0.5615234375
0,-0.5615234375,-0.32958984375,0.06103515625,-0.35400390625,-0.1708984375,-0.390625,0.048828125,-0.1220703125,0.4150390625,-0.08544921875,-0.15869140625,-0.89111328125,-0.1220703125,1.11083984375,-0.03662109375,-0.20751953125,0.01220703125,-0.62255859375,-0.1708984375,-0.15869140625,-0.341796875,0.89111328125,-0.244140625,-0.64697265625,-0.09765625,-0.45166015625,-0.09765625,-0.89111328125,-0.06103515625,0.7080078125,0.08544921875,0.01220703125,-0.15869140625,-0.341796875,-0.341796875,-0.89111328125,-0.18310546875,-0.45166015625,0.2197265625,-0.7080078125,0.15869140625,-0.13427734375,-0.2685546875,-0.67138671875,0.28076171875,-0.4150390625,-0.3662109375,0.6591796875,-0.0244140625,1.11083984375,0.40283203125,0.48828125,-0.72021484375,-0.1708984375,0.146484375,0.7080078125,-0.54931640625,1.8798828125,0.146484375,1.30615234375,0.5126953125,1.3916015625,0.18310546875,1.67236328125,0.0732421875,0.1708984375,0.30517578125,1.025390625,0.06103515625,0.23193359375,-0.01220703125,0.1708984375,0.13427734375,0.2197265625,-0.09765625,0.8544921875,-0.29296875,-0.01220703125,0.08544921875,1.30615234375,0.08544921875,-0.98876953125,0.09765625,-0.35400390625,-0.2685546875,-0.9521484375,-0.13427734375,-0.732421875,0.048828125,-1.4404296875,0.06103515625,-0.3173828125,-0.01220703125,-0.29296875,0.18310546875,-1.18408203125,0.28076171875,-1.06201171875,-0.06103515625,-0.96435546875,0.048828125,-0.927734375,-0.03662109375,-0.52490234375,0.048828125,7.82470703125,-0.10986328125,3.21044921875,0.048828125,2.67333984375,-0.146484375,5.40771484375,0.048828125,0.390625,0.06103515625,0.0244140625,-0.06103515625,0,0.06103515625,0.15869140625,-0.0244140625,-0.13427734375,-0.1220703125,0.84228515625,0.048828125,-0.47607421875,0.03662109375,-0.5615234375
0,-0.537109375,-0.3173828125,0.048828125,-0.390625,-0.10986328125,-0.390625,0.048828125,-0.09765625,0.439453125,-0.08544921875,-0.1220703125,-0.87890625,-0.09765625,1.0986328125,-0.06103515625,-0.2197265625,0.0244140625,-0.6103515625,-0.09765625,-0.1708984375,-0.2685546875,0.9033203125,-0.2685546875,-0.62255859375,-0.0732421875,-0.68359375,-0.08544921875,-1.025390625,-0.1708984375,0.54931640625,0.09765625,-0.10986328125,-0.28076171875,-0.341796875,-0.25634765625,-0.89111328125,-0.28076171875,-0.439453125,0.28076171875,-0.732421875,0.03662109375,-0.13427734375,-0.1708984375,-0.6591796875,0.23193359375,-0.4150390625,-0.42724609375,0.6591796875,-0.1220703125,1.1474609375,0.42724609375,0.4638671875,-0.7568359375,-0.18310546875,0.01220703125,0.7080078125,-0.50048828125,1.953125,0.13427734375,1.30615234375,0.50048828125,1.33056640625,0.20751953125,1.72119140625,0.1220703125,0.1953125,0.25634765625,1.025390625,0.0732421875,0.2197265625,-0.0732421875,0.1708984375,0.1220703125,0.2685546875,-0.146484375,0.84228515625,-0.1708984375,-0.0244140625,0.09765625,1.318359375,0.03662109375,-1.0009765625,0.06103515625,-0.35400390625,-0.29296875,-0.9521484375,-0.10986328125,-0.732421875,0.08544921875,-1.3671875,0,-0.32958984375,0.0244140625,-0.3173828125,0.13427734375,-1.20849609375,0.20751953125,-1.06201171875,-0.0244140625,-0.9521484375,0.048828125,-0.93994140625,0.048828125,-0.50048828125,0.0244140625,7.568359375,-0.146484375,3.08837890625,0.06103515625,2.57568359375,-0.1953125,5.2734375,0.0244140625,0.341796875,0.06103515625,0.01220703125,-0.0732421875,0.03662109375,0.0244140625,0.1708984375,-0.048828125,-0.10986328125,-0.09765625,0.8544921875,0.0732421875,-0.4638671875,0.0244140625,-0.5615234375
0,-0.537109375,-0.341796875,0.03662109375,-0.37841796875,-0.1220703125,-0.40283203125,0.06103515625,-0.08544921875,0.42724609375,-0.048828125,-0.10986328125,-0.89111328125,-0.0732421875,1.08642578125,-0.0732421875,-0.1953125,0.0244140625,-0.6103515625,-0.0244140625,-0.18310546875,-0.1953125,0.87890625,-0.244140625,-0.59814453125,-0.0732421875,-0.8056640625,-0.08544921875,-1.11083984375,-0.244140625,0.42724609375,0.048828125,-0.1953125,-0.29296875,-0.35400390625,-0.18310546875,-0.89111328125,-0.30517578125,-0.4638671875,0.3173828125,-0.74462890625,-0.10986328125,-0.146484375,-0.06103515625,-0.64697265625,0.146484375,-0.4150390625,-0.48828125,0.634765625,-0.1708984375,1.13525390625,0.439453125,0.4638671875,-0.68359375,-0.1953125,-0.10986328125,0.7080078125,-0.439453125,1.8798828125,0.1220703125,1.28173828125,0.45166015625,1.25732421875,0.20751953125,1.66015625,0.146484375,0.25634765625,0.1708984375,1.03759765625,0.06103515625,0.2197265625,-0.09765625,0.1953125,0.0732421875,0.28076171875,-0.146484375,0.830078125,-0.01220703125,-0.0244140625,0.048828125,1.33056640625,0.01220703125,-1.01318359375,0.0244140625,-0.341796875,-0.32958984375,-0.93994140625,-0.0732421875,-0.74462890625,0.1220703125,-1.30615234375,-0.048828125,-0.32958984375,0.03662109375,-0.30517578125,-0.01220703125,-1.23291015625,0.18310546875,-1.06201171875,0.0244140625,-0.93994140625,0.03662109375,-0.9521484375,0.10986328125,-0.52490234375,0.048828125,7.26318359375,-0.1708984375,2.96630859375,0.01220703125,2.47802734375,-0.18310546875,5.11474609375,0.01220703125,0.35400390625,0.048828125,0.01220703125,-0.06103515625,0.048828125,0.01220703125,0.146484375,-0.03662109375,-0.0732421875,-0.08544921875,0.830078125,0.06103515625,-0.45166015625,0.0244140625,-0.54931640625
0,-0.52490234375,-0.3662109375,0.0732421875,-0.37841796875,-0.13427734375,-0.4150390625,0.0732421875,-0.08544921875,0.439453125,-0.048828125,-0.08544921875,-0.89111328125,-0.08544921875,1.07421875,-0.08544921875,-0.18310546875,0.01220703125,-0.62255859375,0.048828125,-0.18310546875,-0.09765625,0.87890625,-0.15869140625,-0.6103515625,-0.09765625,-0.84228515625,-0.06103515625,-1.171875,-0.3173828125,0.40283203125,-0.01220703125,-0.2197265625,-0.30517578125,-0.390625,-0.1220703125,-0.86669921875,-0.341796875,-0.47607421875,0.40283203125,-0.7568359375,-0.2197265625,-0.146484375,0.03662109375,-0.634765625,0.0732421875,-0.439453125,-0.52490234375,0.634765625,-0.25634765625,1.171875,0.45166015625,0.42724609375,-0.67138671875,-0.1953125,-0.15869140625,0.7080078125,-0.35400390625,1.7578125,0.06103515625,1.1474609375,0.3662109375,1.1474609375,0.2197265625,1.513671875,0.146484375,0.28076171875,0.09765625,1.0498046875,0.06103515625,0.20751953125,-0.146484375,0.1953125,-0.0244140625,0.28076171875,-0.1220703125,0.78125,0.13427734375,-0.048828125,-0.01220703125,1.33056640625,0,-0.98876953125,0,-0.35400390625,-0.32958984375,-0.96435546875,-0.0244140625,-0.7568359375,0.0732421875,-1.23291015625,-0.048828125,-0.32958984375,0.0732421875,-0.3173828125,-0.146484375,-1.26953125,0.1953125,-1.07421875,0.06103515625,-0.93994140625,0,-0.9765625,0.15869140625,-0.5126953125,0,6.9091796875,-0.1708984375,2.79541015625,-0.01220703125,2.33154296875,-0.244140625,4.98046875,-0.01220703125,0.341796875,0.06103515625,0,-0.0732421875,0.048828125,0.0244140625,0.13427734375,-0.0244140625,-0.03662109375,-0.0732421875,0.830078125,0.048828125,-0.439453125,0.01220703125,-0.5615234375
0,-0.5615234375,-0.3662109375,0.03662109375,-0.3662109375,-0.15869140625,-0.40283203125,0.048828125,-0.0732421875,0.439453125,-0.0244140625,-0.06103515625,-0.9033203125,-0.0732421875,1.08642578125,-0.1220703125,-0.15869140625,-0.01220703125,-0.634765625,0.1220703125,-0.20751953125,-0.0732421875,0.86669921875,-0.0244140625,-0.62255859375,-0.15869140625,-0.8056640625,-0.048828125,-1.13525390625,-0.32958984375,0.42724609375,-0.0732421875,-0.1953125,-0.23193359375,-0.37841796875,-0.08544921875,-0.87890625,-0.3662109375,-0.48828125,0.5126953125,-0.7568359375,-0.2685546875,-0.1708984375,0.10986328125,-0.634765625,0,-0.439453125,-0.5126953125,0.62255859375,-0.30517578125,1.171875,0.4638671875,0.4150390625,-0.5615234375,-0.1953125,-0.1708984375,0.72021484375,-0.28076171875,1.55029296875,0.0732421875,0.98876953125,0.37841796875,1.0498046875,0.23193359375,1.318359375,0.13427734375,0.29296875,0.0244140625,1.0498046875,0.06103515625,0.15869140625,-0.15869140625,0.18310546875,-0.08544921875,0.25634765625,-0.09765625,0.81787109375,0.28076171875,-0.048828125,-0.06103515625,1.318359375,-0.01220703125,-0.98876953125,-0.03662109375,-0.341796875,-0.29296875,-0.98876953125,0,-0.78125,0.03662109375,-1.18408203125,-0.03662109375,-0.3173828125,0.0244140625,-0.3173828125,-0.18310546875,-1.26953125,0.2197265625,-1.08642578125,0.0732421875,-0.93994140625,-0.03662109375,-0.98876953125,0.146484375,-0.50048828125,0.09765625,6.53076171875,-0.08544921875,2.62451171875,-0.01220703125,2.20947265625,-0.23193359375,4.79736328125,-0.0244140625,0.35400390625,0.048828125,0.01220703125,-0.06103515625,0.06103515625,0.01220703125,0.1220703125,-0.03662109375,-0.03662109375,-0.09765625,0.84228515625,0.06103515625,-0.439453125,0.0244140625,-0.54931640625
0,-0.5859375,-0.3662109375,0.0244140625,-0.37841796875,-0.13427734375,-0.40283203125,0.0244140625,-0.0732421875,0.3662109375,-0.01220703125,-0.06103515625,-0.91552734375,-0.048828125,1.08642578125,-0.1220703125,-0.1708984375,0.0244140625,-0.62255859375,0.2197265625,-0.20751953125,-0.10986328125,0.84228515625,0.13427734375,-0.62255859375,-0.1708984375,-0.6591796875,-0.08544921875,-1.0986328125,-0.28076171875,0.537109375,-0.13427734375,-0.08544921875,-0.08544921875,-0.37841796875,-0.06103515625,-0.8544921875,-0.341796875,-0.48828125,0.4638671875,-0.76904296875,-0.2685546875,-0.18310546875,0.15869140625,-0.59814453125,-0.06103515625,-0.45166015625,-0.50048828125,0.634765625,-0.3173828125,1.171875,0.48828125,0.4150390625,-0.4638671875,-0.20751953125,-0.15869140625,0.69580078125,-0.29296875,1.3427734375,0.06103515625,0.81787109375,0.25634765625,0.927734375,0.15869140625,1.0986328125,0.09765625,0.30517578125,-0.048828125,1.025390625,0.0244140625,0.15869140625,-0.1953125,0.1953125,-0.1220703125,0.244140625,-0.0732421875,0.8056640625,0.30517578125,-0.0732421875,-0.0244140625,1.33056640625,0.01220703125,-1.0009765625,-0.03662109375,-0.341796875,-0.29296875,-0.98876953125,0.0244140625,-0.76904296875,-0.048828125,-1.11083984375,-0.01220703125,-0.3173828125,-0.0244140625,-0.3173828125,-0.18310546875,-1.28173828125,0.2685546875,-1.0986328125,0.10986328125,-0.96435546875,-0.08544921875,-0.9765625,0.1220703125,-0.5126953125,0,6.1279296875,-0.01220703125,2.490234375,-0.0732421875,2.03857421875,-0.28076171875,4.6142578125,-0.048828125,0.341796875,0.03662109375,0.0244140625,-0.06103515625,0.048828125,0,0.10986328125,-0.03662109375,-0.048828125,-0.06103515625,0.830078125,0.06103515625,-0.439453125,0.06103515625,-0.54931640625
0,-0.6103515625,-0.3662109375,0.0244140625,-0.35400390625,-0.10986328125,-0.390625,0.03662109375,-0.06103515625,0.32958984375,0,-0.0732421875,-0.91552734375,-0.06103515625,1.0986328125,-0.1220703125,-0.15869140625,0.06103515625,-0.6103515625,0.29296875,-0.20751953125,-0.18310546875,0.84228515625,0.28076171875,-0.59814453125,-0.23193359375,-0.48828125,-0.08544921875,-1.0009765625,-0.1953125,0.68359375,-0.15869140625,0.048828125,0.0244140625,-0.37841796875,-0.09765625,-0.84228515625,-0.30517578125,-0.52490234375,0.45166015625,-0.7568359375,-0.13427734375,-0.18310546875,0.1708984375,-0.62255859375,-0.0732421875,-0.45166015625,-0.50048828125,0.64697265625,-0.35400390625,1.15966796875,0.42724609375,0.439453125,-0.35400390625,-0.20751953125,-0.09765625,0.72021484375,-0.28076171875,1.15966796875,0.0732421875,0.64697265625,0.2197265625,0.81787109375,0.20751953125,0.91552734375,0.08544921875,0.28076171875,-0.10986328125,1.025390625,-0.0244140625,0.13427734375,-0.18310546875,0.18310546875,-0.15869140625,0.20751953125,-0.048828125,0.8056640625,0.2685546875,-0.03662109375,0,1.30615234375,0,-1.01318359375,-0.048828125,-0.32958984375,-0.2197265625,-0.98876953125,0.01220703125,-0.78125,-0.1220703125,-1.0498046875,0.0244140625,-0.30517578125,-0.0732421875,-0.3173828125,-0.10986328125,-1.28173828125,0.28076171875,-1.0986328125,0.1220703125,-0.9521484375,-0.146484375,-0.98876953125,0.0732421875,-0.5126953125,-0.09765625,5.7373046875,0.0732421875,2.2705078125,-0.09765625,1.89208984375,-0.29296875,4.39453125,-0.03662109375,0.390625,0.0244140625,0.0244140625,-0.08544921875,0.048828125,0.01220703125,0.1220703125,-0.03662109375,-0.048828125,-0.0732421875,0.830078125,0.0732421875,-0.4638671875,0.0732421875,-0.5126953125
0,-0.59814453125,-0.341796875,0.01220703125,-0.37841796875,-0.1220703125,-0.42724609375,0.0244140625,-0.0732421875,0.3173828125,-0.01220703125,-0.0732421875,-0.89111328125,-0.048828125,1.13525390625,-0.1220703125,-0.18310546875,0.08544921875,-0.6103515625,0.341796875,-0.2197265625,-0.23193359375,0.84228515625,0.341796875,-0.6103515625,-0.1953125,-0.2685546875,-0.03662109375,-0.8544921875,-0.08544921875,0.8544921875,-0.18310546875,0.18310546875,0.146484375,-0.3662109375,-0.18310546875,-0.84228515625,-0.25634765625,-0.50048828125,0.37841796875,-0.7568359375,0.0244140625,-0.18310546875,0.146484375,-0.634765625,-0.048828125,-0.439453125,-0.4150390625,0.6591796875,-0.30517578125,1.1474609375,0.37841796875,0.439453125,-0.2685546875,-0.18310546875,-0.048828125,0.732421875,-0.25634765625,1.0009765625,0.048828125,0.50048828125,0.13427734375,0.78125,0.244140625,0.7568359375,0.06103515625,0.28076171875,-0.1708984375,1.0009765625,-0.08544921875,0.13427734375,-0.15869140625,0.18310546875,-0.1953125,0.18310546875,-0.01220703125,0.8544921875,0.20751953125,-0.03662109375,0.03662109375,1.2939453125,0,-1.01318359375,0,-0.35400390625,-0.18310546875,-1.0009765625,0.048828125,-0.79345703125,-0.1708984375,-1.0009765625,0.06103515625,-0.30517578125,-0.13427734375,-0.3173828125,-0.048828125,-1.28173828125,0.25634765625,-1.08642578125,0.10986328125,-0.96435546875,-0.2197265625,-0.96435546875,0.06103515625,-0.52490234375,-0.1708984375,5.33447265625,0.13427734375,2.05078125,-0.1708984375,1.7333984375,-0.29296875,4.18701171875,-0.01220703125,0.40283203125,0.01220703125,0.01220703125,-0.06103515625,0.01220703125,0,0.13427734375,-0.01220703125,-0.03662109375,-0.08544921875,0.84228515625,0.0732421875,-0.4638671875,0.08544921875,-0.50048828125
0,-0.59814453125,-0.3173828125,-0.0244140625,-0.3662109375,-0.1220703125,-0.4150390625,0.0244140625,-0.06103515625,0.32958984375,0,-0.09765625,-0.9033203125,-0.03662109375,1.13525390625,-0.10986328125,-0.18310546875,0.06103515625,-0.6103515625,0.32958984375,-0.20751953125,-0.23193359375,0.86669921875,0.390625,-0.62255859375,-0.08544921875,-0.08544921875,0.01220703125,-0.72021484375,0.03662109375,1.025390625,-0.1708984375,0.32958984375,0.25634765625,-0.3662109375,-0.2685546875,-0.84228515625,-0.244140625,-0.52490234375,0.30517578125,-0.732421875,0.18310546875,-0.1953125,0.13427734375,-0.64697265625,0.06103515625,-0.4150390625,-0.40283203125,0.634765625,-0.25634765625,1.1474609375,0.3662109375,0.47607421875,-0.15869140625,-0.1708984375,-0.0244140625,0.732421875,-0.30517578125,0.927734375,0.0244140625,0.45166015625,0.01220703125,0.76904296875,0.20751953125,0.634765625,0.0244140625,0.2197265625,-0.1708984375,1.0009765625,-0.1708984375,0.13427734375,-0.09765625,0.1953125,-0.244140625,0.15869140625,0.03662109375,0.8056640625,0.1220703125,-0.06103515625,0.1220703125,1.318359375,0.01220703125,-1.0009765625,0.03662109375,-0.35400390625,-0.1220703125,-0.9765625,0.048828125,-0.79345703125,-0.20751953125,-0.98876953125,0.0732421875,-0.29296875,-0.146484375,-0.32958984375,0.0244140625,-1.26953125,0.18310546875,-1.08642578125,0.06103515625,-0.9765625,-0.2685546875,-0.9521484375,0.048828125,-0.52490234375,-0.1708984375,4.96826171875,0.15869140625,1.8310546875,-0.18310546875,1.5625,-0.2685546875,3.96728515625,0.0244140625,0.4150390625,0,0.01220703125,-0.0732421875,-0.03662109375,0.03662109375,0.146484375,-0.03662109375,-0.048828125,-0.08544921875,0.830078125,0.06103515625,-0.537109375,0.08544921875,-0.50048828125
0,-0.62255859375,-0.29296875,-0.06103515625,-0.341796875,-0.1220703125,-0.40283203125,0.0244140625,-0.048828125,0.3173828125,-0.03662109375,-0.09765625,-0.87890625,-0.01220703125,1.13525390625,-0.10986328125,-0.1953125,-0.01220703125,-0.62255859375,0.2685546875,-0.20751953125,-0.2197265625,0.86669921875,0.390625,-0.64697265625,-0.09765625,0.0732421875,0.08544921875,-0.6103515625,0.0732421875,1.171875,-0.09765625,0.4150390625,0.20751953125,-0.3662109375,-0.35400390625,-0.8544921875,-0.28076171875,-0.5126953125,0.341796875,-0.732421875,0.341796875,-0.2197265625,0.146484375,-0.64697265625,0.146484375,-0.42724609375,-0.4150390625,0.634765625,-0.20751953125,1.123046875,0.29296875,0.48828125,-0.0732421875,-0.1708984375,-0.01220703125,0.72021484375,-0.42724609375,0.9033203125,-0.1220703125,0.4150390625,-0.146484375,0.79345703125,0.13427734375,0.6103515625,0,0.1953125,-0.18310546875,0.98876953125,-0.2197265625,0.13427734375,0,0.1708984375,-0.3173828125,0.13427734375,0.03662109375,0.81787109375,0,-0.0244140625,0.1708984375,1.28173828125,0.048828125,-1.0009765625,0.06103515625,-0.341796875,-0.10986328125,-0.9765625,0.09765625,-0.78125,-0.18310546875,-0.9521484375,0.0732421875,-0.28076171875,-0.10986328125,-0.3173828125,0.0732421875,-1.25732421875,0.18310546875,-1.08642578125,-0.01220703125,-0.96435546875,-0.30517578125,-0.93994140625,0.08544921875,-0.5126953125,-0.146484375,4.6142578125,0.1953125,1.611328125,-0.146484375,1.3916015625,-0.244140625,3.77197265625,0,0.4150390625,-0.01220703125,0.0244140625,-0.0732421875,-0.0732421875,0.0244140625,0.1953125,-0.06103515625,0,-0.10986328125,0.81787109375,0.0244140625,-0.5615234375,0.048828125,-0.48828125
0,-0.62255859375,-0.29296875,-0.0732421875,-0.3173828125,-0.13427734375,-0.390625,0,-0.03662109375,0.29296875,-0.06103515625,-0.09765625,-0.86669921875,0,1.123046875,-0.0732421875,-0.1708984375,-0.0732421875,-0.6103515625,0.2197265625,-0.1953125,-0.2197265625,0.89111328125,0.29296875,-0.64697265625,0.01220703125,0.15869140625,0.18310546875,-0.54931640625,0.1220703125,1.25732421875,0.048828125,0.48828125,0.1220703125,-0.3662109375,-0.3662109375,-0.8544921875,-0.35400390625,-0.52490234375,0.390625,-0.7080078125,0.439453125,-0.1953125,0.1708984375,-0.64697265625,0.25634765625,-0.45166015625,-0.37841796875,0.67138671875,-0.13427734375,1.123046875,0.13427734375,0.50048828125,-0.03662109375,-0.1708984375,0.048828125,0.732421875,-0.4150390625,0.89111328125,-0.09765625,0.4638671875,-0.146484375,0.830078125,0.1953125,0.5859375,-0.048828125,0.18310546875,-0.15869140625,1.0009765625,-0.2685546875,0.13427734375,0.06103515625,0.15869140625,-0.35400390625,0.146484375,0.03662109375,0.8056640625,-0.1220703125,-0.0244140625,0.23193359375,1.28173828125,0.15869140625,-0.98876953125,0.08544921875,-0.341796875,-0.15869140625,-0.93994140625,0.09765625,-0.76904296875,-0.09765625,-0.91552734375,0.0732421875,-0.2685546875,-0.06103515625,-0.32958984375,0.048828125,-1.220703125,0.1708984375,-1.07421875,-0.09765625,-0.9521484375,-0.29296875,-0.927734375,0.08544921875,-0.52490234375,0.01220703125,4.26025390625,0.1708984375,1.37939453125,-0.10986328125,1.220703125,-0.2685546875,3.52783203125,0.01220703125,0.42724609375,-0.0244140625,0.0244140625,-0.0732421875,-0.06103515625,0.01220703125,0.2197265625,-0.06103515625,0.048828125,-0.1220703125,0.830078125,0.03662109375,-0.537109375,0.01220703125,-0.50048828125
0,-0.634765625,-0.28076171875,-0.08544921875,-0.29296875,-0.146484375,-0.390625,0.01220703125,-0.03662109375,0.28076171875,-0.0732421875,-0.08544921875,-0.8544921875,0,1.11083984375,-0.06103515625,-0.18310546875,-0.1220703125,-0.62255859375,0.1708984375,-0.1953125,-0.244140625,0.91552734375,0.146484375,-0.634765625,0.03662109375,0.15869140625,0.1708984375,-0.537109375,0.048828125,1.30615234375,0.1220703125,0.48828125,-0.08544921875,-0.341796875,-0.3662109375,-0.84228515625,-0.4638671875,-0.48828125,0.45166015625,-0.69580078125,0.45166015625,-0.1953125,0.2197265625,-0.634765625,0.3173828125,-0.4150390625,-0.390625,0.67138671875,-0.048828125,1.11083984375,0.048828125,0.47607421875,0,-0.18310546875,0.13427734375,0.7080078125,-0.439453125,0.927734375,-0.13427734375,0.5126953125,-0.18310546875,0.84228515625,0.10986328125,0.5615234375,-0.048828125,0.15869140625,-0.18310546875,1.0009765625,-0.2685546875,0.15869140625,0.08544921875,0.18310546875,-0.390625,0.1708984375,0,0.7568359375,-0.23193359375,-0.0244140625,0.244140625,1.26953125,0.23193359375,-0.98876953125,0.09765625,-0.341796875,-0.1953125,-0.9521484375,0.1220703125,-0.78125,-0.01220703125,-0.9033203125,0.03662109375,-0.2685546875,0.0732421875,-0.3173828125,-0.01220703125,-1.23291015625,0.18310546875,-1.07421875,-0.15869140625,-0.96435546875,-0.23193359375,-0.91552734375,0.0732421875,-0.537109375,0.1708984375,3.8330078125,0.1708984375,1.15966796875,0,1.06201171875,-0.28076171875,3.25927734375,0.0244140625,0.439453125,-0.0244140625,0.03662109375,-0.0732421875,-0.0244140625,0.01220703125,0.244140625,-0.06103515625,0.048828125,-0.1220703125,0.830078125,0.03662109375,-0.48828125,-0.01220703125,-0.50048828125
0,-0.62255859375,-0.28076171875,-0.10986328125,-0.2685546875,-0.1708984375,-0.390625,0.0244140625,-0.048828125,0.244140625,-0.06103515625,-0.09765625,-0.86669921875,-0.01220703125,1.08642578125,-0.06103515625,-0.18310546875,-0.1220703125,-0.62255859375,0.15869140625,-0.1953125,-0.30517578125,0.91552734375,0,-0.62255859375,-0.06103515625,0.09765625,0.146484375,-0.537109375,0.01220703125,1.26953125,0.20751953125,0.47607421875,-0.2685546875,-0.35400390625,-0.37841796875,-0.86669921875,-0.52490234375,-0.50048828125,0.45166015625,-0.69580078125,0.35400390625,-0.1953125,0.29296875,-0.634765625,0.3173828125,-0.439453125,-0.32958984375,0.634765625,0.01220703125,1.123046875,0.03662109375,0.4638671875,0.0244140625,-0.18310546875,0.20751953125,0.7080078125,-0.537109375,0.93994140625,-0.30517578125,0.5859375,-0.1708984375,0.8544921875,0.01220703125,0.57373046875,-0.048828125,0.1708984375,-0.18310546875,1.01318359375,-0.244140625,0.18310546875,0.0732421875,0.1708984375,-0.439453125,0.1953125,0,0.79345703125,-0.29296875,-0.03662109375,0.23193359375,1.28173828125,0.30517578125,-0.9765625,0.09765625,-0.341796875,-0.2685546875,-0.9765625,0.13427734375,-0.78125,0.09765625,-0.89111328125,-0.01220703125,-0.25634765625,0.2197265625,-0.3173828125,-0.10986328125,-1.20849609375,0.244140625,-1.07421875,-0.146484375,-0.96435546875,-0.15869140625,-0.91552734375,0.03662109375,-0.52490234375,0.20751953125,3.38134765625,0.10986328125,0.89111328125,0.06103515625,0.86669921875,-0.30517578125,3.01513671875,0.0244140625,0.40283203125,-0.06103515625,0.048828125,-0.06103515625,-0.01220703125,-0.03662109375,0.20751953125,-0.0732421875,0.0244140625,-0.146484375,0.79345703125,0.0244140625,-0.47607421875,-0.01220703125,-0.50048828125
1,-0.62255859375,-0.29296875,-0.13427734375,-0.28076171875,-0.1708984375,-0.390625,0.0244140625,-0.06103515625,0.18310546875,-0.06103515625,-0.048828125,-0.86669921875,-0.01220703125,1.07421875,-0.048828125,-0.18310546875,-0.15869140625,-0.6103515625,0.18310546875,-0.2197265625,-0.390625,0.927734375,-0.146484375,-0.634765625,0.0732421875,-0.01220703125,0.20751953125,-0.5859375,0.06103515625,1.20849609375,0.390625,0.40283203125,-0.37841796875,-0.341796875,-0.341796875,-0.86669921875,-0.5126953125,-0.50048828125,0.42724609375,-0.69580078125,0.1953125,-0.18310546875,0.30517578125,-0.634765625,0.29296875,-0.4150390625,-0.28076171875,0.634765625,0.048828125,1.1474609375,0.03662109375,0.4638671875,0.048828125,-0.20751953125,0.35400390625,0.7080078125,-0.5126953125,0.927734375,-0.28076171875,0.6591796875,-0.244140625,0.81787109375,0,0.54931640625,-0.0732421875,0.18310546875,-0.13427734375,1.01318359375,-0.1953125,0.1708984375,0.0244140625,0.18310546875,-0.37841796875,0.2197265625,0.0244140625,0.76904296875,-0.341796875,-0.048828125,0.1953125,1.2939453125,0.32958984375,-0.96435546875,0.1220703125,-0.32958984375,-0.32958984375,-0.9765625,0.13427734375,-0.79345703125,0.15869140625,-0.927734375,-0.03662109375,-0.23193359375,0.3173828125,-0.3173828125,-0.15869140625,-1.20849609375,0.244140625,-1.06201171875,-0.146484375,-0.96435546875,-0.08544921875,-0.93994140625,0.048828125,-0.52490234375,0.29296875,2.84423828125,0.048828125,0.634765625,0.08544921875,0.6591796875,-0.341796875,2.734375,0.03662109375,0.3662109375,-0.0732421875,0.03662109375,-0.048828125,-0.03662109375,-0.048828125,0.1953125,-0.08544921875,0.03662109375,-0.13427734375,0.7568359375,0.03662109375,-0.537109375,-0.01220703125,-0.52490234375
1,-0.5859375,-0.30517578125,-0.10986328125,-0.25634765625,-0.18310546875,-0.37841796875,0.06103515625,-0.06103515625,0.1708984375,-0.03662109375,-0.048828125,-0.89111328125,-0.01220703125,1.06201171875,-0.06103515625,-0.1953125,-0.2197265625,-0.6103515625,0.1708984375,-0.23193359375,-0.48828125,0.927734375,-0.1708984375,-0.62255859375,0.0244140625,-0.15869140625,0.20751953125,-0.64697265625,0.048828125,1.15966796875,0.40283203125,0.35400390625,-0.40283203125,-0.35400390625,-0.37841796875,-0.87890625,-0.4638671875,-0.48828125,0.47607421875,-0.69580078125,-0.01220703125,-0.18310546875,0.341796875,-0.64697265625,0.20751953125,-0.45166015625,-0.244140625,0.6103515625,0.09765625,1.15966796875,0.0244140625,0.439453125,0.08544921875,-0.18310546875,0.390625,0.69580078125,-0.5126953125,0.9033203125,-0.341796875,0.69580078125,-0.30517578125,0.78125,-0.06103515625,0.5126953125,-0.08544921875,0.2197265625,-0.1220703125,1.01318359375,-0.15869140625,0.18310546875,-0.06103515625,0.1708984375,-0.3662109375,0.23193359375,0.03662109375,0.76904296875,-0.390625,-0.03662109375,0.146484375,1.2939453125,0.3173828125,-0.9521484375,0.06103515625,-0.35400390625,-0.341796875,-1.0009765625,0.09765625,-0.79345703125,0.1953125,-0.96435546875,-0.06103515625,-0.25634765625,0.3662109375,-0.3173828125,-0.1953125,-1.1962890625,0.25634765625,-1.06201171875,-0.09765625,-0.9521484375,0.01220703125,-0.93994140625,0.0732421875,-0.52490234375,0.3173828125,2.25830078125,0,0.3662109375,0.10986328125,0.439453125,-0.3173828125,2.44140625,0.01220703125,0.341796875,-0.0732421875,0.048828125,-0.06103515625,-0.0732421875,-0.09765625,0.1953125,-0.08544921875,0.0732421875,-0.13427734375,0.74462890625,0.03662109375,-0.54931640625,0,-0.5615234375
1,-0.57373046875,-0.3173828125,-0.1220703125,-0.23193359375,-0.1953125,-0.390625,0.048828125,-0.08544921875,0.13427734375,-0.01220703125,-0.03662109375,-0.89111328125,-0.0244140625,1.06201171875,-0.048828125,-0.1708984375,-0.2685546875,-0.59814453125,0.1708984375,-0.20751953125,-0.59814453125,0.9521484375,-0.146484375,-0.62255859375,-0.1220703125,-0.23193359375,0.1708984375,-0.67138671875,0.09765625,1.1474609375,0.3662109375,0.32958984375,-0.35400390625,-0.390625,-0.4150390625,-0.87890625,-0.3662109375,-0.50048828125,0.47607421875,-0.7080078125,-0.146484375,-0.18310546875,0.30517578125,-0.64697265625,0.146484375,-0.4638671875,-0.2197265625,0.5859375,0.10986328125,1.171875,0.03662109375,0.439453125,0.0244140625,-0.1708984375,0.47607421875,0.69580078125,-0.47607421875,0.8544921875,-0.3662109375,0.72021484375,-0.28076171875,0.732421875,-0.09765625,0.48828125,-0.08544921875,0.2685546875,-0.10986328125,1.03759765625,-0.0732421875,0.1708984375,-0.10986328125,0.18310546875,-0.35400390625,0.2685546875,0.0732421875,0.76904296875,-0.4150390625,-0.03662109375,0.08544921875,1.318359375,0.29296875,-0.96435546875,0.048828125,-0.35400390625,-0.341796875,-1.01318359375,0.048828125,-0.8056640625,0.244140625,-1.03759765625,-0.06103515625,-0.244140625,0.3173828125,-0.30517578125,-0.20751953125,-1.20849609375,0.1953125,-1.08642578125,-0.0244140625,-0.93994140625,0.09765625,-0.93994140625,0.09765625,-0.52490234375,0.29296875,1.66015625,-0.048828125,0.08544921875,0.08544921875,0.1953125,-0.29296875,2.1484375,0.0244140625,0.341796875,-0.0732421875,0.0732421875,-0.0732421875,-0.06103515625,-0.13427734375,0.1953125,-0.0732421875,0.0732421875,-0.15869140625,0.74462890625,0.0244140625,-0.537109375,0.0244140625,-0.57373046875
1,-0.537109375,-0.32958984375,-0.09765625,-0.1953125,-0.18310546875,-0.40283203125,0.0732421875,-0.0732421875,0.1708984375,0.01220703125,-0.03662109375,-0.91552734375,0,1.07421875,-0.03662109375,-0.13427734375,-0.28076171875,-0.59814453125,0.1220703125,-0.23193359375,-0.69580078125,0.9521484375,-0.09765625,-0.634765625,-0.06103515625,-0.28076171875,0.244140625,-0.68359375,0.18310546875,1.13525390625,0.30517578125,0.35400390625,-0.1953125,-0.390625,-0.42724609375,-0.87890625,-0.28076171875,-0.50048828125,0.45166015625,-0.68359375,-0.244140625,-0.15869140625,0.23193359375,-0.634765625,0.048828125,-0.439453125,-0.2685546875,0.59814453125,0.10986328125,1.1474609375,0.03662109375,0.439453125,-0.06103515625,-0.15869140625,0.537109375,0.69580078125,-0.48828125,0.8544921875,-0.45166015625,0.7080078125,-0.35400390625,0.72021484375,-0.15869140625,0.45166015625,-0.10986328125,0.29296875,-0.0244140625,1.03759765625,-0.0244140625,0.15869140625,-0.1708984375,0.18310546875,-0.32958984375,0.2685546875,0.08544921875,0.76904296875,-0.390625,-0.0244140625,0.0244140625,1.33056640625,0.244140625,-0.93994140625,0.0244140625,-0.35400390625,-0.2685546875,-1.0009765625,0,-0.79345703125,0.2197265625,-1.0986328125,-0.03662109375,-0.23193359375,0.244140625,-0.3173828125,-0.1953125,-1.220703125,0.146484375,-1.06201171875,0.0244140625,-0.93994140625,0.10986328125,-0.9521484375,0.1220703125,-0.52490234375,0.23193359375,1.06201171875,-0.10986328125,-0.15869140625,0.08544921875,-0.0244140625,-0.29296875,1.8798828125,0.03662109375,0.341796875,-0.06103515625,0.0732421875,-0.06103515625,-0.048828125,-0.1708984375,0.1953125,-0.09765625,0.06103515625,-0.13427734375,0.76904296875,0.01220703125,-0.537109375,0.0244140625,-0.57373046875
1,-0.5126953125,-0.341796875,-0.09765625,-0.15869140625,-0.15869140625,-0.42724609375,0.0732421875,-0.0732421875,0.1708984375,0.0244140625,-0.03662109375,-0.91552734375,-0.03662109375,1.08642578125,-0.0732421875,-0.13427734375,-0.20751953125,-0.5859375,0.09765625,-0.2197265625,-0.79345703125,0.927734375,0.048828125,-0.6103515625,-0.2197265625,-0.23193359375,0.09765625,-0.64697265625,0.13427734375,1.1962890625,0.0732421875,0.439453125,-0.03662109375,-0.37841796875,-0.4150390625,-0.86669921875,-0.1708984375,-0.48828125,0.390625,-0.68359375,-0.23193359375,-0.1708984375,0.146484375,-0.64697265625,0,-0.42724609375,-0.3173828125,0.5859375,0.03662109375,1.13525390625,0.0732421875,0.42724609375,-0.1220703125,-0.13427734375,0.5859375,0.7080078125,-0.3173828125,0.830078125,-0.341796875,0.7080078125,-0.28076171875,0.72021484375,-0.06103515625,0.48828125,-0.09765625,0.30517578125,0.03662109375,1.0498046875,0,0.15869140625,-0.15869140625,0.20751953125,-0.32958984375,0.28076171875,0.09765625,0.78125,-0.35400390625,-0.01220703125,-0.048828125,1.35498046875,0.2197265625,-0.96435546875,0,-0.3662109375,-0.20751953125,-1.0009765625,-0.048828125,-0.79345703125,0.1953125,-1.18408203125,-0.03662109375,-0.244140625,0.10986328125,-0.30517578125,-0.1708984375,-1.220703125,0.146484375,-1.07421875,0.06103515625,-0.9521484375,0.10986328125,-0.98876953125,0.15869140625,-0.5126953125,0.1953125,0.59814453125,-0.13427734375,-0.32958984375,0.08544921875,-0.20751953125,-0.244140625,1.66015625,0.0244140625,0.341796875,-0.08544921875,0.06103515625,-0.0732421875,-0.06103515625,-0.20751953125,0.18310546875,-0.08544921875,0.0244140625,-0.146484375,0.78125,-0.0244140625,-0.5126953125,0.0244140625,-0.5859375
1,-0.48828125,-0.341796875,-0.10986328125,-0.13427734375,-0.146484375,-0.42724609375,0.0732421875,-0.03662109375,0.18310546875,0.01220703125,-0.0244140625,-0.9033203125,-0.0244140625,1.0986328125,-0.06103515625,-0.1220703125,-0.09765625,-0.5859375,0.09765625,-0.1953125,-0.8056640625,0.89111328125,0.09765625,-0.634765625,-0.30517578125,-0.0732421875,-0.01220703125,-0.48828125,0.13427734375,1.33056640625,-0.13427734375,0.5615234375,0.10986328125,-0.37841796875,-0.40283203125,-0.86669921875,-0.048828125,-0.47607421875,0.37841796875,-0.6591796875,-0.1220703125,-0.15869140625,0.048828125,-0.62255859375,-0.01220703125,-0.42724609375,-0.3662109375,0.62255859375,-0.01220703125,1.15966796875,0.20751953125,0.45166015625,-0.1953125,-0.1220703125,0.64697265625,0.732421875,-0.30517578125,0.91552734375,-0.35400390625,0.7080078125,-0.28076171875,0.7568359375,-0.10986328125,0.5615234375,-0.10986328125,0.35400390625,0.1220703125,1.06201171875,0.0244140625,0.15869140625,-0.146484375,0.2197265625,-0.30517578125,0.2685546875,0.10986328125,0.830078125,-0.341796875,0.01220703125,-0.0732421875,1.3427734375,0.13427734375,-0.9521484375,-0.01220703125,-0.390625,-0.13427734375,-1.0009765625,-0.13427734375,-0.78125,0.10986328125,-1.28173828125,-0.048828125,-0.25634765625,-0.03662109375,-0.32958984375,-0.1220703125,-1.25732421875,0.20751953125,-1.07421875,0.09765625,-0.96435546875,0.0732421875,-0.9765625,0.146484375,-0.48828125,0.15869140625,0.341796875,-0.146484375,-0.439453125,0.03662109375,-0.32958984375,-0.23193359375,1.5380859375,-0.01220703125,0.35400390625,-0.09765625,0.06103515625,-0.06103515625,-0.03662109375,-0.1953125,0.1953125,-0.0732421875,-0.03662109375,-0.146484375,0.79345703125,-0.01220703125,-0.48828125,0.01220703125,-0.5615234375
1,-0.439453125,-0.341796875,-0.09765625,-0.146484375,-0.10986328125,-0.4150390625,0.048828125,-0.048828125,0.146484375,0.0244140625,-0.0244140625,-0.89111328125,-0.03662109375,1.0986328125,-0.06103515625,-0.1220703125,0,-0.59814453125,0.1220703125,-0.20751953125,-0.732421875,0.86669921875,0.146484375,-0.64697265625,-0.244140625,0.1220703125,-0.03662109375,-0.341796875,0.1220703125,1.513671875,-0.2197265625,0.7568359375,0.20751953125,-0.3662109375,-0.3662109375,-0.8544921875,-0.03662109375,-0.439453125,0.35400390625,-0.6591796875,-0.0732421875,-0.15869140625,0.01220703125,-0.62255859375,-0.03662109375,-0.42724609375,-0.4638671875,0.634765625,-0.01220703125,1.123046875,0.15869140625,0.4638671875,-0.1708984375,-0.13427734375,0.69580078125,0.72021484375,-0.244140625,1.0009765625,-0.1953125,0.7568359375,-0.341796875,0.87890625,-0.06103515625,0.7080078125,-0.0244140625,0.35400390625,0.1953125,1.06201171875,0,0.146484375,-0.10986328125,0.20751953125,-0.2197265625,0.25634765625,0.1220703125,0.8544921875,-0.3173828125,0.01220703125,-0.10986328125,1.3427734375,0.06103515625,-0.98876953125,-0.0244140625,-0.37841796875,-0.10986328125,-0.98876953125,-0.13427734375,-0.79345703125,-0.06103515625,-1.37939453125,-0.10986328125,-0.2685546875,-0.15869140625,-0.30517578125,-0.10986328125,-1.25732421875,0.25634765625,-1.07421875,0.13427734375,-0.96435546875,0.03662109375,-0.96435546875,0.18310546875,-0.50048828125,0.08544921875,0.35400390625,-0.15869140625,-0.40283203125,-0.0732421875,-0.30517578125,-0.244140625,1.55029296875,0,0.35400390625,-0.10986328125,0.0244140625,-0.06103515625,-0.048828125,-0.18310546875,0.1953125,-0.048828125,-0.08544921875,-0.146484375,0.81787109375,-0.0244140625,-0.48828125,0.01220703125,-0.5615234375
1,-0.40283203125,-0.35400390625,-0.09765625,-0.15869140625,-0.0732421875,-0.4150390625,0.0732421875,-0.048828125,0.13427734375,-0.01220703125,0,-0.89111328125,-0.06103515625,1.11083984375,-0.0732421875,-0.146484375,0.0732421875,-0.5859375,0.15869140625,-0.20751953125,-0.57373046875,0.84228515625,0.1708984375,-0.64697265625,-0.390625,0.35400390625,-0.1708984375,-0.15869140625,0.01220703125,1.7333984375,-0.35400390625,0.96435546875,0.28076171875,-0.35400390625,-0.29296875,-0.84228515625,-0.03662109375,-0.42724609375,0.3662109375,-0.64697265625,0,-0.13427734375,0,-0.634765625,-0.01220703125,-0.40283203125,-0.47607421875,0.64697265625,-0.03662109375,1.11083984375,0.18310546875,0.45166015625,-0.23193359375,-0.13427734375,0.72021484375,0.7568359375,-0.20751953125,1.1474609375,-0.15869140625,0.81787109375,-0.30517578125,1.0009765625,-0.09765625,0.8544921875,0,0.341796875,0.25634765625,1.07421875,0.01220703125,0.15869140625,-0.06103515625,0.23193359375,-0.1220703125,0.244140625,0.1220703125,0.86669921875,-0.341796875,0.01220703125,-0.1220703125,1.35498046875,0.0244140625,-0.98876953125,-0.01220703125,-0.37841796875,-0.06103515625,-0.9765625,-0.10986328125,-0.78125,-0.10986328125,-1.4404296875,-0.10986328125,-0.28076171875,-0.146484375,-0.3173828125,-0.1220703125,-1.26953125,0.3662109375,-1.06201171875,0.1953125,-0.96435546875,-0.0244140625,-0.9521484375,0.1953125,-0.47607421875,0.146484375,0.732421875,-0.146484375,-0.20751953125,-0.10986328125,-0.15869140625,-0.2197265625,1.7578125,0.01220703125,0.37841796875,-0.10986328125,0.01220703125,-0.048828125,-0.03662109375,-0.1953125,0.15869140625,-0.03662109375,-0.10986328125,-0.15869140625,0.81787109375,-0.01220703125,-0.50048828125,-0.01220703125,-0.54931640625
1,-0.40283203125,-0.341796875,-0.13427734375,-0.18310546875,-0.03662109375,-0.40283203125,0.06103515625,-0.048828125,0.146484375,-0.03662109375,0.01220703125,-0.86669921875,-0.03662109375,1.11083984375,-0.0732421875,-0.15869140625,0.09765625,-0.5859375,0.18310546875,-0.2197265625,-0.390625,0.830078125,0.10986328125,-0.64697265625,-0.42724609375,0.59814453125,-0.1953125,0,-0.048828125,1.94091796875,-0.29296875,1.15966796875,0.25634765625,-0.35400390625,-0.2197265625,-0.86669921875,-0.0732421875,-0.439453125,0.45166015625,-0.6591796875,0.0244140625,-0.146484375,0.03662109375,-0.64697265625,0,-0.4150390625,-0.5126953125,0.64697265625,-0.0244140625,1.11083984375,0.15869140625,0.45166015625,-0.23193359375,-0.1708984375,0.67138671875,0.7568359375,-0.15869140625,1.26953125,-0.146484375,0.87890625,-0.30517578125,1.13525390625,-0.01220703125,1.03759765625,-0.0244140625,0.35400390625,0.32958984375,1.06201171875,0.01220703125,0.1708984375,-0.0244140625,0.23193359375,-0.01220703125,0.2197265625,0.10986328125,0.9033203125,-0.3173828125,0.0244140625,-0.146484375,1.3427734375,0.01220703125,-0.98876953125,-0.0244140625,-0.37841796875,-0.048828125,-0.9765625,-0.06103515625,-0.78125,-0.06103515625,-1.513671875,-0.13427734375,-0.29296875,-0.0732421875,-0.32958984375,-0.1220703125,-1.28173828125,0.42724609375,-1.06201171875,0.1953125,-0.9765625,-0.08544921875,-0.93994140625,0.2197265625,-0.47607421875,0.20751953125,1.4404296875,-0.1220703125,0.15869140625,-0.13427734375,0.1708984375,-0.23193359375,2.13623046875,0,0.3662109375,-0.10986328125,0,-0.048828125,-0.048828125,-0.1953125,0.1708984375,0,-0.13427734375,-0.146484375,0.830078125,-0.0244140625,-0.5126953125,0.0244140625,-0.52490234375
1,-0.40283203125,-0.341796875,-0.13427734375,-0.23193359375,-0.0244140625,-0.40283203125,0.06103515625,-0.03662109375,0.15869140625,-0.06103515625,0.01220703125,-0.8544921875,-0.048828125,1.123046875,-0.0732421875,-0.1708984375,0.09765625,-0.59814453125,0.20751953125,-0.2197265625,-0.244140625,0.81787109375,0.03662109375,-0.64697265625,-0.4150390625,0.7568359375,-0.146484375,0.146484375,-0.1220703125,2.13623046875,-0.15869140625,1.3427734375,0.146484375,-0.390625,-0.18310546875,-0.87890625,-0.1708984375,-0.4638671875,0.42724609375,-0.6591796875,0.01220703125,-0.18310546875,0.10986328125,-0.62255859375,0.0244140625,-0.439453125,-0.47607421875,0.69580078125,0.0244140625,1.11083984375,0.13427734375,0.4638671875,-0.29296875,-0.1953125,0.6103515625,0.74462890625,-0.146484375,1.40380859375,-0.23193359375,0.9521484375,-0.32958984375,1.2451171875,-0.01220703125,1.15966796875,-0.0244140625,0.32958984375,0.390625,1.0498046875,0.01220703125,0.18310546875,0.048828125,0.2197265625,0.08544921875,0.20751953125,0.10986328125,0.87890625,-0.35400390625,0.0244140625,-0.1708984375,1.33056640625,0.01220703125,-0.98876953125,-0.03662109375,-0.390625,-0.0244140625,-0.9765625,0.01220703125,-0.78125,-0.01220703125,-1.55029296875,-0.13427734375,-0.29296875,0.01220703125,-0.32958984375,-0.18310546875,-1.25732421875,0.47607421875,-1.0498046875,0.2197265625,-0.96435546875,-0.15869140625,-0.927734375,0.18310546875,-0.48828125,0.1708984375,2.5146484375,-0.10986328125,0.69580078125,-0.15869140625,0.634765625,-0.28076171875,2.72216796875,-0.01220703125,0.3662109375,-0.10986328125,-0.01220703125,-0.06103515625,-0.03662109375,-0.18310546875,0.18310546875,-0.01220703125,-0.15869140625,-0.1708984375,0.830078125,-0.03662109375,-0.52490234375,0.03662109375,-0.5126953125
1,-0.3662109375,-0.35400390625,-0.1708984375,-0.28076171875,-0.01220703125,-0.4150390625,0.06103515625,-0.048828125,0.146484375,-0.06103515625,0.03662109375,-0.86669921875,-0.0244140625,1.11083984375,-0.10986328125,-0.1953125,0.048828125,-0.5859375,0.20751953125,-0.23193359375,-0.146484375,0.84228515625,0.01220703125,-0.634765625,-0.40283203125,0.86669921875,-0.08544921875,0.23193359375,-0.1708984375,2.28271484375,-0.048828125,1.42822265625,0.09765625,-0.37841796875,-0.15869140625,-0.87890625,-0.23193359375,-0.4638671875,0.48828125,-0.68359375,-0.01220703125,-0.15869140625,0.2197265625,-0.6103515625,0.048828125,-0.439453125,-0.4150390625,0.69580078125,0.03662109375,1.11083984375,0.18310546875,0.4638671875,-0.35400390625,-0.20751953125,0.537109375,0.74462890625,-0.13427734375,1.46484375,-0.1220703125,0.98876953125,-0.29296875,1.318359375,0.048828125,1.2451171875,-0.0244140625,0.32958984375,0.4150390625,1.0498046875,0.0244140625,0.1708984375,0.0732421875,0.23193359375,0.13427734375,0.2197265625,0.0244140625,0.89111328125,-0.30517578125,0.01220703125,-0.13427734375,1.33056640625,0.0732421875,-0.98876953125,-0.06103515625,-0.3662109375,-0.0244140625,-0.98876953125,0.06103515625,-0.79345703125,0.06103515625,-1.5625,-0.09765625,-0.29296875,0.18310546875,-0.341796875,-0.244140625,-1.26953125,0.47607421875,-1.06201171875,0.23193359375,-0.93994140625,-0.15869140625,-0.927734375,0.10986328125,-0.50048828125,0.2197265625,3.857421875,-0.0732421875,1.3427734375,-0.1220703125,1.171875,-0.3173828125,3.41796875,-0.0244140625,0.3662109375,-0.09765625,0,-0.06103515625,-0.01220703125,-0.18310546875,0.18310546875,0,-0.15869140625,-0.1220703125,0.8544921875,-0.0244140625,-0.5126953125,0.048828125,-0.537109375
1,-0.35400390625,-0.35400390625,-0.1708984375,-0.32958984375,-0.0244140625,-0.40283203125,0.08544921875,-0.048828125,0.1220703125,-0.06103515625,0.03662109375,-0.8544921875,-0.0244140625,1.08642578125,-0.1220703125,-0.18310546875,0.01220703125,-0.5859375,0.2197265625,-0.23193359375,-0.15869140625,0.84228515625,-0.01220703125,-0.62255859375,-0.390625,0.8544921875,-0.01220703125,0.25634765625,-0.18310546875,2.34375,0.0732421875,1.46484375,0,-0.3662109375,-0.15869140625,-0.86669921875,-0.28076171875,-0.4638671875,0.45166015625,-0.69580078125,-0.03662109375,-0.1708984375,0.341796875,-0.634765625,0.0244140625,-0.4150390625,-0.341796875,0.7080078125,0.0732421875,1.1474609375,0.15869140625,0.4638671875,-0.390625,-0.2197265625,0.47607421875,0.7080078125,-0.18310546875,1.45263671875,-0.09765625,1.0009765625,-0.3173828125,1.33056640625,0.06103515625,1.26953125,0,0.32958984375,0.4150390625,1.03759765625,0.048828125,0.1953125,0.09765625,0.20751953125,0.146484375,0.2197265625,-0.0244140625,0.89111328125,-0.2197265625,0,-0.15869140625,1.318359375,0.1220703125,-0.96435546875,-0.0732421875,-0.37841796875,-0.03662109375,-0.9765625,0.13427734375,-0.79345703125,0.13427734375,-1.5625,-0.048828125,-0.28076171875,0.3173828125,-0.3173828125,-0.3662109375,-1.2451171875,0.37841796875,-1.08642578125,0.244140625,-0.93994140625,-0.15869140625,-0.9521484375,0.01220703125,-0.50048828125,0.09765625,5.322265625,-0.0244140625,2.11181640625,-0.08544921875,1.81884765625,-0.390625,4.2236328125,-0.03662109375,0.35400390625,-0.08544921875,0,-0.0732421875,-0.01220703125,-0.1708984375,0.1708984375,-0.03662109375,-0.146484375,-0.146484375,0.830078125,-0.0244140625,-0.52490234375,0.09765625,-0.54931640625
1,-0.30517578125,-0.37841796875,-0.1708984375,-0.37841796875,-0.01220703125,-0.4150390625,0.10986328125,-0.048828125,0.0732421875,-0.06103515625,0.048828125,-0.86669921875,-0.01220703125,1.06201171875,-0.146484375,-0.1708984375,-0.0244140625,-0.6103515625,0.2685546875,-0.23193359375,-0.2197265625,0.84228515625,0.048828125,-0.64697265625,-0.40283203125,0.74462890625,0.06103515625,0.1708984375,-0.10986328125,2.3193359375,0.1220703125,1.42822265625,-0.0732421875,-0.3662109375,-0.23193359375,-0.9033203125,-0.30517578125,-0.47607421875,0.3662109375,-0.72021484375,-0.06103515625,-0.18310546875,0.37841796875,-0.62255859375,0.01220703125,-0.390625,-0.23193359375,0.7080078125,0.09765625,1.1474609375,0.08544921875,0.45166015625,-0.37841796875,-0.1953125,0.3662109375,0.69580078125,-0.28076171875,1.40380859375,-0.03662109375,1.025390625,-0.29296875,1.30615234375,0.0732421875,1.1962890625,0.06103515625,0.28076171875,0.40283203125,1.0498046875,0.08544921875,0.18310546875,0.09765625,0.1953125,0.13427734375,0.2197265625,-0.10986328125,0.89111328125,-0.20751953125,-0.01220703125,-0.18310546875,1.30615234375,0.18310546875,-0.96435546875,-0.08544921875,-0.35400390625,-0.06103515625,-0.98876953125,0.146484375,-0.79345703125,0.146484375,-1.55029296875,0.03662109375,-0.23193359375,0.439453125,-0.29296875,-0.37841796875,-1.2451171875,0.28076171875,-1.08642578125,0.23193359375,-0.927734375,-0.1220703125,-0.927734375,-0.0244140625,-0.5126953125,-0.01220703125,6.7626953125,-0.01220703125,2.86865234375,-0.1220703125,2.44140625,-0.45166015625,5.01708984375,-0.06103515625,0.3662109375,-0.10986328125,0.01220703125,-0.06103515625,0,-0.1953125,0.1708984375,-0.03662109375,-0.09765625,-0.13427734375,0.84228515625,-0.03662109375,-0.52490234375,0.1220703125,-0.57373046875
0,-0.29296875,-0.390625,-0.1708984375,-0.40283203125,-0.03662109375,-0.4150390625,0.13427734375,-0.03662109375,0.03662109375,-0.048828125,0.048828125,-0.86669921875,-0.01220703125,1.06201171875,-0.1708984375,-0.13427734375,-0.08544921875,-0.59814453125,0.30517578125,-0.244140625,-0.3662109375,0.830078125,0.146484375,-0.62255859375,-0.390625,0.5859375,0.146484375,0.0732421875,-0.01220703125,2.2216796875,0.1220703125,1.33056640625,-0.06103515625,-0.3662109375,-0.341796875,-0.9033203125,-0.32958984375,-0.48828125,0.29296875,-0.76904296875,-0.0732421875,-0.18310546875,0.35400390625,-0.634765625,-0.01220703125,-0.40283203125,-0.08544921875,0.68359375,0.15869140625,1.1474609375,0.08544921875,0.439453125,-0.3173828125,-0.18310546875,0.25634765625,0.69580078125,-0.341796875,1.3427734375,0.06103515625,1.0986328125,-0.23193359375,1.26953125,0.1708984375,1.11083984375,0.09765625,0.25634765625,0.32958984375,1.03759765625,0.09765625,0.2197265625,0.09765625,0.1953125,0.09765625,0.244140625,-0.146484375,0.86669921875,-0.15869140625,0,-0.20751953125,1.318359375,0.23193359375,-0.96435546875,-0.0732421875,-0.341796875,-0.06103515625,-1.0009765625,0.08544921875,-0.81787109375,0.244140625,-1.55029296875,0.10986328125,-0.2197265625,0.48828125,-0.28076171875,-0.3173828125,-1.23291015625,0.23193359375,-1.0986328125,0.20751953125,-0.91552734375,-0.1220703125,-0.93994140625,-0.08544921875,-0.5126953125,0.0244140625,8.056640625,0.0244140625,3.55224609375,-0.1220703125,3.0029296875,-0.40283203125,5.74951171875,-0.08544921875,0.35400390625,-0.08544921875,0,-0.048828125,0,-0.1708984375,0.18310546875,-0.06103515625,-0.048828125,-0.13427734375,0.830078125,-0.06103515625,-0.5615234375,0.1220703125,-0.5859375
0,-0.2685546875,-0.37841796875,-0.18310546875,-0.40283203125,-0.03662109375,-0.4150390625,0.15869140625,-0.048828125,0.01220703125,-0.03662109375,0.08544921875,-0.87890625,0.0244140625,1.07421875,-0.1708984375,-0.1220703125,-0.13427734375,-0.5859375,0.29296875,-0.244140625,-0.47607421875,0.8544921875,0.18310546875,-0.62255859375,-0.35400390625,0.40283203125,0.23193359375,-0.048828125,0.1220703125,2.11181640625,0.09765625,1.20849609375,-0.0732421875,-0.390625,-0.45166015625,-0.9033203125,-0.23193359375,-0.4638671875,0.1953125,-0.78125,-0.01220703125,-0.18310546875,0.30517578125,-0.6591796875,0,-0.439453125,0.0244140625,0.67138671875,0.15869140625,1.13525390625,-0.01220703125,0.42724609375,-0.32958984375,-0.146484375,0.1220703125,0.7080078125,-0.40283203125,1.26953125,0.0732421875,1.220703125,-0.2197265625,1.26953125,0.1708984375,1.07421875,0.18310546875,0.244140625,0.2685546875,1.0498046875,0.1220703125,0.20751953125,0.048828125,0.18310546875,0.06103515625,0.25634765625,-0.1708984375,0.89111328125,-0.10986328125,-0.0244140625,-0.2197265625,1.3427734375,0.244140625,-0.9521484375,-0.0732421875,-0.37841796875,-0.08544921875,-1.0009765625,0.01220703125,-0.81787109375,0.2685546875,-1.52587890625,0.146484375,-0.1953125,0.42724609375,-0.28076171875,-0.2197265625,-1.171875,0.2197265625,-1.11083984375,0.15869140625,-0.927734375,-0.10986328125,-0.93994140625,-0.10986328125,-0.50048828125,-0.03662109375,9.06982421875,0.048828125,4.0771484375,-0.146484375,3.45458984375,-0.37841796875,6.3232421875,-0.10986328125,0.341796875,-0.09765625,0.0244140625,-0.048828125,-0.01220703125,-0.1708984375,0.1708984375,-0.08544921875,-0.01220703125,-0.146484375,0.84228515625,-0.09765625,-0.54931640625,0.09765625,-0.57373046875
0,-0.2685546875,-0.37841796875,-0.20751953125,-0.4150390625,-0.048828125,-0.4150390625,0.13427734375,-0.0732421875,0,-0.0244140625,0.08544921875,-0.89111328125,0.0244140625,1.06201171875,-0.1708984375,-0.13427734375,-0.20751953125,-0.5615234375,0.25634765625,-0.23193359375,-0.5859375,0.86669921875,0.20751953125,-0.6103515625,-0.2685546875,0.244140625,0.30517578125,-0.146484375,0.20751953125,1.98974609375,0.0732421875,1.08642578125,0,-0.4150390625,-0.5615234375,-0.9033203125,-0.18310546875,-0.47607421875,0.08544921875,-0.78125,0.0244140625,-0.15869140625,0.1953125,-0.64697265625,0.03662109375,-0.45166015625,0.03662109375,0.64697265625,0.15869140625,1.13525390625,-0.06103515625,0.439453125,-0.3173828125,-0.13427734375,-0.048828125,0.7080078125,-0.42724609375,1.33056640625,0.1220703125,1.4892578125,-0.18310546875,1.33056640625,0.18310546875,1.13525390625,0.20751953125,0.23193359375,0.1708984375,1.06201171875,0.1220703125,0.20751953125,-0.0244140625,0.15869140625,0.0244140625,0.28076171875,-0.1953125,0.89111328125,-0.0244140625,-0.0244140625,-0.2197265625,1.318359375,0.20751953125,-0.96435546875,-0.06103515625,-0.37841796875,-0.13427734375,-1.0009765625,-0.048828125,-0.830078125,0.2685546875,-1.513671875,0.244140625,-0.18310546875,0.341796875,-0.2685546875,-0.09765625,-1.15966796875,0.20751953125,-1.08642578125,0.08544921875,-0.93994140625,-0.13427734375,-0.96435546875,-0.10986328125,-0.5126953125,-0.08544921875,9.70458984375,0.06103515625,4.4189453125,-0.146484375,3.6865234375,-0.29296875,6.689453125,-0.1220703125,0.35400390625,-0.10986328125,0.0244140625,-0.06103515625,-0.01220703125,-0.15869140625,0.18310546875,-0.08544921875,0.01220703125,-0.146484375,0.8544921875,-0.10986328125,-0.54931640625,0.10986328125,-0.57373046875
0,-0.2685546875,-0.390625,-0.15869140625,-0.4150390625,-0.048828125,-0.4150390625,0.146484375,-0.0732421875,-0.01220703125,-0.01220703125,0.10986328125,-0.89111328125,0.03662109375,1.0986328125,-0.20751953125,-0.1220703125,-0.18310546875,-0.57373046875,0.146484375,-0.20751953125,-0.62255859375,0.8544921875,0.1708984375,-0.62255859375,-0.1220703125,0.10986328125,0.3173828125,-0.244140625,0.29296875,1.86767578125,0.0732421875,1.0009765625,0.03662109375,-0.439453125,-0.59814453125,-0.89111328125,-0.13427734375,-0.47607421875,0.03662109375,-0.78125,0.048828125,-0.1708984375,0.0732421875,-0.68359375,0.08544921875,-0.4638671875,0,0.62255859375,0.10986328125,1.13525390625,-0.1220703125,0.42724609375,-0.40283203125,-0.10986328125,-0.1708984375,0.74462890625,-0.390625,1.5625,0.1220703125,1.904296875,-0.1708984375,1.52587890625,0.15869140625,1.40380859375,0.1953125,0.23193359375,0.08544921875,1.06201171875,0.10986328125,0.20751953125,-0.09765625,0.13427734375,-0.0244140625,0.28076171875,-0.20751953125,0.87890625,0.0732421875,-0.01220703125,-0.2197265625,1.33056640625,0.1708984375,-0.9521484375,-0.06103515625,-0.40283203125,-0.1708984375,-1.01318359375,-0.10986328125,-0.81787109375,0.244140625,-1.46484375,0.29296875,-0.146484375,0.30517578125,-0.20751953125,0.03662109375,-1.11083984375,0.18310546875,-1.08642578125,0.03662109375,-0.96435546875,-0.146484375,-0.9521484375,-0.1220703125,-0.50048828125,-0.10986328125,9.87548828125,0.01220703125,4.50439453125,-0.1220703125,3.77197265625,-0.2197265625,6.787109375,-0.1220703125,0.35400390625,-0.10986328125,0.048828125,-0.06103515625,-0.01220703125,-0.13427734375,0.1953125,-0.08544921875,0.0244140625,-0.1708984375,0.84228515625,-0.146484375,-0.5126953125,0.10986328125,-0.54931640625
0,-0.25634765625,-0.37841796875,-0.15869140625,-0.390625,-0.06103515625,-0.4150390625,0.1220703125,-0.0732421875,-0.048828125,-0.01220703125,0.08544921875,-0.89111328125,0.0732421875,1.11083984375,-0.20751953125,-0.15869140625,-0.146484375,-0.5615234375,0.03662109375,-0.18310546875,-0.5859375,0.87890625,0.0732421875,-0.6103515625,-0.1220703125,0.03662109375,0.25634765625,-0.28076171875,0.30517578125,1.77001953125,0.09765625,0.927734375,0.01220703125,-0.4150390625,-0.5615234375,-0.87890625,-0.1220703125,-0.439453125,0,-0.78125,0.03662109375,-0.15869140625,-0.01220703125,-0.68359375,0.146484375,-0.439453125,-0.0732421875,0.5859375,0.048828125,1.11083984375,-0.15869140625,0.439453125,-0.45166015625,-0.1220703125,-0.28076171875,0.74462890625,-0.3662109375,1.98974609375,0.13427734375,2.587890625,-0.13427734375,1.85546875,0.13427734375,1.84326171875,0.18310546875,0.20751953125,0,1.03759765625,0.09765625,0.20751953125,-0.146484375,0.146484375,-0.08544921875,0.28076171875,-0.1708984375,0.87890625,0.13427734375,-0.0244140625,-0.23193359375,1.3427734375,0.10986328125,-0.9765625,-0.06103515625,-0.4150390625,-0.1953125,-1.0009765625,-0.13427734375,-0.830078125,0.23193359375,-1.45263671875,0.30517578125,-0.1220703125,0.1953125,-0.15869140625,0.1220703125,-1.07421875,0.15869140625,-1.08642578125,-0.01220703125,-0.96435546875,-0.13427734375,-0.9521484375,-0.06103515625,-0.48828125,-0.10986328125,9.619140625,-0.0732421875,4.38232421875,-0.146484375,3.6376953125,-0.146484375,6.640625,-0.1220703125,0.3662109375,-0.1220703125,0.0732421875,-0.06103515625,0.01220703125,-0.13427734375,0.18310546875,-0.0732421875,0.01220703125,-0.20751953125,0.830078125,-0.13427734375,-0.47607421875,0.15869140625,-0.537109375
0,-0.1953125,-0.37841796875,-0.13427734375,-0.35400390625,-0.06103515625,-0.40283203125,0.13427734375,-0.0732421875,-0.06103515625,-0.0244140625,0.08544921875,-0.89111328125,0.03662109375,1.0986328125,-0.2197265625,-0.13427734375,-0.03662109375,-0.5615234375,-0.03662109375,-0.18310546875,-0.50048828125,0.86669921875,-0.03662109375,-0.62255859375,-0.03662109375,0.03662109375,0.2197265625,-0.28076171875,0.30517578125,1.72119140625,0.1708984375,0.87890625,-0.01220703125,-0.4150390625,-0.47607421875,-0.87890625,-0.146484375,-0.42724609375,0.01220703125,-0.7568359375,-0.01220703125,-0.146484375,-0.01220703125,-0.67138671875,0.15869140625,-0.45166015625,-0.1708984375,0.5859375,-0.01220703125,1.123046875,-0.15869140625,0.4638671875,-0.439453125,-0.146484375,-0.37841796875,0.74462890625,-0.29296875,2.6611328125,0.146484375,3.466796875,-0.1708984375,2.34375,0.1708984375,2.52685546875,0.146484375,0.20751953125,-0.06103515625,1.06201171875,0.03662109375,0.20751953125,-0.1953125,0.15869140625,-0.10986328125,0.2685546875,-0.15869140625,0.87890625,0.18310546875,-0.01220703125,-0.20751953125,1.3427734375,0.048828125,-0.9521484375,-0.08544921875,-0.439453125,-0.25634765625,-1.025390625,-0.1220703125,-0.8056640625,0.048828125,-1.4404296875,0.20751953125,-0.09765625,0.13427734375,-0.13427734375,0.13427734375,-1.025390625,0.146484375,-1.07421875,-0.0244140625,-0.98876953125,-0.15869140625,-0.93994140625,0,-0.48828125,-0.10986328125,8.9599609375,-0.1708984375,4.0283203125,-0.146484375,3.3203125,-0.0732421875,6.26220703125,-0.08544921875,0.390625,-0.15869140625,0.06103515625,-0.048828125,0.0244140625,-0.13427734375,0.1953125,-0.0732421875,-0.0244140625,-0.2197265625,0.8056640625,-0.146484375,-0.4638671875,0.1953125,-0.54931640625
0,-0.1708984375,-0.35400390625,-0.1220703125,-0.3173828125,-0.0244140625,-0.390625,0.1220703125,-0.048828125,-0.09765625,-0.01220703125,0.06103515625,-0.87890625,0.048828125,1.123046875,-0.25634765625,-0.13427734375,0.048828125,-0.57373046875,-0.0244140625,-0.18310546875,-0.4150390625,0.86669921875,-0.1220703125,-0.62255859375,-0.08544921875,0.09765625,0.08544921875,-0.244140625,0.1708984375,1.708984375,0.146484375,0.87890625,-0.08544921875,-0.40283203125,-0.3662109375,-0.8544921875,-0.20751953125,-0.45166015625,0.09765625,-0.732421875,-0.09765625,-0.15869140625,0.0244140625,-0.6591796875,0.15869140625,-0.47607421875,-0.23193359375,0.5859375,-0.06103515625,1.11083984375,-0.20751953125,0.47607421875,-0.439453125,-0.18310546875,-0.4150390625,0.7568359375,-0.244140625,3.515625,0.0244140625,4.52880859375,-0.2197265625,2.9541015625,0.146484375,3.43017578125,0.1220703125,0.20751953125,-0.1220703125,1.0498046875,-0.0244140625,0.2197265625,-0.20751953125,0.1708984375,-0.1220703125,0.2685546875,-0.10986328125,0.86669921875,0.1953125,-0.0244140625,-0.1708984375,1.3427734375,-0.03662109375,-0.9765625,-0.09765625,-0.42724609375,-0.29296875,-1.01318359375,-0.10986328125,-0.79345703125,0.0732421875,-1.40380859375,0.1953125,-0.0732421875,0.1953125,-0.0732421875,0.13427734375,-0.93994140625,0.09765625,-1.07421875,0,-0.9765625,-0.20751953125,-0.927734375,0.13427734375,-0.48828125,-0.06103515625,8.0078125,-0.244140625,3.466796875,-0.146484375,2.880859375,-0.03662109375,5.712890625,-0.09765625,0.37841796875,-0.1708984375,0.0732421875,-0.06103515625,0.0244140625,-0.10986328125,0.15869140625,-0.0732421875,-0.048828125,-0.20751953125,0.830078125,-0.13427734375,-0.439453125,0.18310546875,-0.537109375
0,-0.1220703125,-0.35400390625,-0.09765625,-0.28076171875,0,-0.40283203125,0.146484375,-0.048828125,-0.09765625,-0.048828125,0.06103515625,-0.87890625,0.03662109375,1.123046875,-0.2685546875,-0.1708984375,0.09765625,-0.5859375,0.048828125,-0.18310546875,-0.244140625,0.8544921875,-0.20751953125,-0.62255859375,-0.1953125,0.18310546875,0,-0.1708984375,0.048828125,1.7578125,0.10986328125,0.89111328125,-0.13427734375,-0.4150390625,-0.20751953125,-0.8544921875,-0.244140625,-0.439453125,0.20751953125,-0.72021484375,-0.2197265625,-0.1708984375,0.13427734375,-0.634765625,0.10986328125,-0.4638671875,-0.30517578125,0.6103515625,-0.0732421875,1.13525390625,-0.20751953125,0.4638671875,-0.42724609375,-0.2197265625,-0.439453125,0.74462890625,-0.20751953125,4.52880859375,-0.048828125,5.6640625,-0.3173828125,3.6376953125,0.08544921875,4.43115234375,0.08544921875,0.23193359375,-0.18310546875,1.0498046875,-0.08544921875,0.20751953125,-0.1953125,0.20751953125,-0.18310546875,0.2685546875,-0.048828125,0.86669921875,0.1953125,-0.0244140625,-0.1220703125,1.3427734375,-0.08544921875,-0.9765625,-0.09765625,-0.45166015625,-0.341796875,-1.01318359375,-0.0732421875,-0.8056640625,0.10986328125,-1.35498046875,0.1220703125,-0.03662109375,0.18310546875,-0.0244140625,0,-0.87890625,0.03662109375,-1.07421875,-0.0244140625,-0.9765625,-0.2197265625,-0.9033203125,0.244140625,-0.48828125,-0.03662109375,6.87255859375,-0.2685546875,2.84423828125,-0.15869140625,2.35595703125,-0.01220703125,5.0048828125,-0.1220703125,0.40283203125,-0.15869140625,0.03662109375,-0.06103515625,0.0244140625,-0.13427734375,0.15869140625,-0.08544921875,-0.0732421875,-0.20751953125,0.8544921875,-0.1220703125,-0.42724609375,0.18310546875,-0.52490234375
0,-0.1220703125,-0.341796875,-0.10986328125,-0.28076171875,0.01220703125,-0.390625,0.13427734375,-0.0244140625,-0.09765625,-0.06103515625,0.03662109375,-0.87890625,0.0732421875,1.0986328125,-0.30517578125,-0.1708984375,0.0732421875,-0.6103515625,0.09765625,-0.1708984375,-0.1220703125,0.8544921875,-0.1953125,-0.64697265625,-0.09765625,0.2685546875,0.0244140625,-0.1220703125,-0.0244140625,1.77001953125,0.146484375,0.9033203125,-0.09765625,-0.390625,-0.0732421875,-0.87890625,-0.244140625,-0.47607421875,0.28076171875,-0.72021484375,-0.3662109375,-0.1708984375,0.25634765625,-0.64697265625,0.06103515625,-0.4150390625,-0.35400390625,0.6103515625,-0.06103515625,1.15966796875,-0.13427734375,0.4638671875,-0.35400390625,-0.25634765625,-0.439453125,0.732421875,-0.1708984375,5.5419921875,0.01220703125,6.79931640625,-0.439453125,4.3212890625,0.06103515625,5.46875,-0.0244140625,0.244140625,-0.18310546875,1.06201171875,-0.146484375,0.20751953125,-0.18310546875,0.2197265625,-0.2197265625,0.28076171875,0.0244140625,0.8544921875,0.244140625,-0.0244140625,-0.0244140625,1.318359375,-0.1220703125,-0.9765625,-0.10986328125,-0.45166015625,-0.30517578125,-1.01318359375,-0.048828125,-0.79345703125,-0.0244140625,-1.2939453125,0,0.0244140625,0.15869140625,0.0244140625,-0.1708984375,-0.78125,0.048828125,-1.07421875,0.01220703125,-0.9521484375,-0.20751953125,-0.91552734375,0.32958984375,-0.48828125,-0.0244140625,5.62744140625,-0.2685546875,2.1484375,-0.146484375,1.77001953125,-0.03662109375,4.248046875,-0.146484375,0.37841796875,-0.1708984375,0.0244140625,-0.06103515625,0.0244140625,-0.146484375,0.1708984375,-0.08544921875,-0.08544921875,-0.2197265625,0.84228515625,-0.10986328125,-0.42724609375,0.1708984375,-0.5126953125
0,-0.0732421875,-0.341796875,-0.13427734375,-0.28076171875,-0.01220703125,-0.40283203125,0.1220703125,-0.01220703125,-0.09765625,-0.08544921875,0.048828125,-0.87890625,0.06103515625,1.11083984375,-0.30517578125,-0.1953125,0.048828125,-0.634765625,0.1708984375,-0.15869140625,-0.0732421875,0.830078125,-0.10986328125,-0.6591796875,-0.15869140625,0.32958984375,0,-0.08544921875,-0.1708984375,1.77001953125,0.03662109375,0.89111328125,-0.09765625,-0.35400390625,0.0244140625,-0.89111328125,-0.2685546875,-0.48828125,0.40283203125,-0.7080078125,-0.45166015625,-0.18310546875,0.35400390625,-0.62255859375,-0.048828125,-0.439453125,-0.32958984375,0.62255859375,-0.08544921875,1.15966796875,-0.15869140625,0.439453125,-0.35400390625,-0.2685546875,-0.4638671875,0.7080078125,-0.15869140625,6.50634765625,0.0732421875,7.8125,-0.52490234375,4.9560546875,0.048828125,6.43310546875,-0.0244140625,0.244140625,-0.23193359375,1.0498046875,-0.18310546875,0.20751953125,-0.10986328125,0.2197265625,-0.3173828125,0.2685546875,0.09765625,0.84228515625,0.25634765625,-0.03662109375,0.06103515625,1.33056640625,-0.146484375,-0.9765625,-0.1220703125,-0.4150390625,-0.244140625,-1.01318359375,-0.048828125,-0.78125,0.03662109375,-1.220703125,0.048828125,0.09765625,0.1953125,0.09765625,-0.20751953125,-0.67138671875,0.1220703125,-1.08642578125,0,-0.96435546875,-0.20751953125,-0.9033203125,0.341796875,-0.48828125,-0.03662109375,4.43115234375,-0.2197265625,1.47705078125,-0.146484375,1.1962890625,-0.048828125,3.52783203125,-0.146484375,0.3662109375,-0.15869140625,0.0244140625,-0.048828125,0.01220703125,-0.15869140625,0.18310546875,-0.09765625,-0.0732421875,-0.18310546875,0.84228515625,-0.09765625,-0.439453125,0.146484375,-0.52490234375
0,-0.048828125,-0.35400390625,-0.1220703125,-0.29296875,-0.03662109375,-0.4150390625,0.1220703125,-0.048828125,-0.10986328125,-0.09765625,0.06103515625,-0.9033203125,0.06103515625,1.08642578125,-0.28076171875,-0.2197265625,-0.01220703125,-0.6591796875,0.2197265625,-0.1708984375,-0.03662109375,0.830078125,-0.0244140625,-0.634765625,-0.1953125,0.32958984375,0.03662109375,-0.1220703125,-0.1708984375,1.6845703125,0.0244140625,0.830078125,-0.01220703125,-0.35400390625,0.146484375,-0.91552734375,-0.23193359375,-0.48828125,0.390625,-0.72021484375,-0.50048828125,-0.18310546875,0.4150390625,-0.64697265625,-0.1708984375,-0.4150390625,-0.30517578125,0.634765625,-0.10986328125,1.15966796875,-0.10986328125,0.45166015625,-0.2685546875,-0.2685546875,-0.439453125,0.7080078125,-0.1220703125,7.28759765625,0.0732421875,8.642578125,-0.62255859375,5.45654296875,0.0732421875,7.23876953125,-0.06103515625,0.2197265625,-0.25634765625,1.03759765625,-0.2197265625,0.20751953125,-0.06103515625,0.1953125,-0.341796875,0.244140625,0.10986328125,0.8544921875,0.28076171875,-0.03662109375,0.13427734375,1.33056640625,-0.15869140625,-0.9765625,-0.10986328125,-0.40283203125,-0.18310546875,-1.0009765625,-0.08544921875,-0.79345703125,-0.06103515625,-1.123046875,0.048828125,0.1708984375,0.1220703125,0.18310546875,-0.2685546875,-0.54931640625,0.15869140625,-1.11083984375,-0.01220703125,-0.927734375,-0.18310546875,-0.91552734375,0.28076171875,-0.48828125,-0.0732421875,3.3203125,-0.146484375,0.8544921875,-0.15869140625,0.7080078125,-0.09765625,2.83203125,-0.146484375,0.3662109375,-0.1220703125,0.01220703125,-0.048828125,-0.01220703125,-0.15869140625,0.1708984375,-0.10986328125,-0.06103515625,-0.15869140625,0.81787109375,-0.0732421875,-0.47607421875,0.1708984375,-0.5126953125
0,0,-0.3662109375,-0.10986328125,-0.341796875,-0.03662109375,-0.4150390625,0.1220703125,-0.06103515625,-0.13427734375,-0.06103515625,0.06103515625,-0.89111328125,0.03662109375,1.0986328125,-0.29296875,-0.2197265625,-0.01220703125,-0.67138671875,0.3173828125,-0.18310546875,-0.10986328125,0.830078125,0.146484375,-0.634765625,-0.23193359375,0.30517578125,0.03662109375,-0.1953125,-0.146484375,1.611328125,-0.06103515625,0.7568359375,0.0732421875,-0.32958984375,0.2197265625,-0.91552734375,-0.1953125,-0.48828125,0.35400390625,-0.732421875,-0.48828125,-0.1708984375,0.42724609375,-0.6591796875,-0.23193359375,-0.390625,-0.2197265625,0.62255859375,-0.1220703125,1.15966796875,-0.09765625,0.439453125,-0.244140625,-0.25634765625,-0.37841796875,0.69580078125,-0.18310546875,7.84912109375,0.048828125,9.228515625,-0.72021484375,5.810546875,0.0732421875,7.763671875,-0.0732421875,0.20751953125,-0.29296875,1.0498046875,-0.20751953125,0.1953125,-0.0244140625,0.20751953125,-0.37841796875,0.244140625,0.15869140625,0.8544921875,0.28076171875,-0.048828125,0.18310546875,1.318359375,-0.1953125,-0.96435546875,-0.0732421875,-0.390625,-0.09765625,-1.01318359375,-0.10986328125,-0.8056640625,-0.13427734375,-0.98876953125,0.0732421875,0.2685546875,0.08544921875,0.30517578125,-0.25634765625,-0.4150390625,0.1708984375,-1.08642578125,-0.03662109375,-0.91552734375,-0.18310546875,-0.93994140625,0.2197265625,-0.50048828125,-0.13427734375,2.34375,-0.0732421875,0.244140625,-0.13427734375,0.244140625,-0.13427734375,2.24609375,-0.146484375,0.35400390625,-0.1220703125,0.03662109375,-0.048828125,-0.048828125,-0.1708984375,0.15869140625,-0.1220703125,-0.03662109375,-0.1708984375,0.81787109375,-0.06103515625,-0.5126953125,0.1708984375,-0.52490234375
0,0.0244140625,-0.3662109375,-0.09765625,-0.3662109375,-0.0244140625,-0.40283203125,0.09765625,-0.06103515625,-0.146484375,-0.048828125,0.0732421875,-0.91552734375,0.048828125,1.11083984375,-0.25634765625,-0.2197265625,-0.03662109375,-0.634765625,0.40283203125,-0.1953125,-0.1708984375,0.84228515625,0.30517578125,-0.6103515625,-0.2685546875,0.244140625,0,-0.244140625,-0.03662109375,1.5380859375,-0.146484375,0.72021484375,0.20751953125,-0.341796875,0.244140625,-0.9033203125,-0.1220703125,-0.50048828125,0.29296875,-0.7568359375,-0.37841796875,-0.1953125,0.4150390625,-0.6591796875,-0.23193359375,-0.37841796875,-0.1708984375,0.64697265625,-0.1220703125,1.13525390625,-0.08544921875,0.4638671875,-0.244140625,-0.2197265625,-0.30517578125,0.7080078125,-0.25634765625,8.154296875,0.01220703125,9.5458984375,-0.76904296875,5.95703125,0.0244140625,8.04443359375,-0.06103515625,0.20751953125,-0.29296875,1.03759765625,-0.15869140625,0.18310546875,-0.0244140625,0.18310546875,-0.390625,0.244140625,0.1953125,0.86669921875,0.30517578125,-0.048828125,0.20751953125,1.30615234375,-0.1953125,-0.96435546875,-0.048828125,-0.390625,-0.03662109375,-1.01318359375,-0.1220703125,-0.79345703125,-0.10986328125,-0.86669921875,0.146484375,0.40283203125,0.048828125,0.439453125,-0.15869140625,-0.2685546875,0.09765625,-1.11083984375,-0.0732421875,-0.89111328125,-0.15869140625,-0.9521484375,0.10986328125,-0.50048828125,-0.13427734375,1.52587890625,-0.01220703125,-0.23193359375,-0.1708984375,-0.1220703125,-0.1708984375,1.7333984375,-0.13427734375,0.35400390625,-0.13427734375,0.0244140625,-0.06103515625,-0.06103515625,-0.15869140625,0.18310546875,-0.10986328125,0,-0.13427734375,0.8056640625,-0.0732421875,-0.537109375,0.1708984375,-0.52490234375
0,0.048828125,-0.37841796875,-0.08544921875,-0.390625,0,-0.42724609375,0.08544921875,-0.0732421875,-0.1220703125,-0.01220703125,0.08544921875,-0.89111328125,0,1.0986328125,-0.23193359375,-0.1953125,-0.048828125,-0.634765625,0.48828125,-0.18310546875,-0.23193359375,0.84228515625,0.4150390625,-0.6103515625,-0.30517578125,0.20751953125,0.0244140625,-0.3173828125,0.048828125,1.47705078125,-0.1708984375,0.67138671875,0.32958984375,-0.341796875,0.1953125,-0.87890625,-0.08544921875,-0.5126953125,0.25634765625,-0.7568359375,-0.2685546875,-0.1953125,0.390625,-0.6591796875,-0.20751953125,-0.40283203125,-0.146484375,0.64697265625,-0.06103515625,1.123046875,-0.0732421875,0.4638671875,-0.1953125,-0.18310546875,-0.23193359375,0.72021484375,-0.32958984375,8.203125,0.0244140625,9.5947265625,-0.8544921875,5.99365234375,0.03662109375,8.10546875,-0.10986328125,0.20751953125,-0.23193359375,1.06201171875,-0.13427734375,0.20751953125,-0.048828125,0.18310546875,-0.37841796875,0.244140625,0.2197265625,0.86669921875,0.25634765625,-0.03662109375,0.23193359375,1.33056640625,-0.18310546875,-0.96435546875,-0.01220703125,-0.390625,0,-1.01318359375,-0.08544921875,-0.8056640625,-0.23193359375,-0.7568359375,0.1220703125,0.50048828125,-0.06103515625,0.5859375,-0.1220703125,-0.1220703125,0.08544921875,-1.11083984375,-0.146484375,-0.87890625,-0.1220703125,-0.96435546875,0.0732421875,-0.47607421875,-0.1220703125,0.81787109375,0.048828125,-0.62255859375,-0.18310546875,-0.439453125,-0.20751953125,1.30615234375,-0.10986328125,0.341796875,-0.1220703125,0.0244140625,-0.06103515625,-0.048828125,-0.10986328125,0.18310546875,-0.09765625,0.0244140625,-0.10986328125,0.7568359375,-0.0732421875,-0.57373046875,0.15869140625,-0.537109375
1,0.0244140625,-0.37841796875,-0.15869140625,-0.390625,0.0244140625,-0.42724609375,0.048828125,-0.0732421875,-0.18310546875,0,0.06103515625,-0.9033203125,-0.01220703125,1.08642578125,-0.1953125,-0.146484375,-0.08544921875,-0.62255859375,0.48828125,-0.18310546875,-0.25634765625,0.84228515625,0.50048828125,-0.6103515625,-0.3173828125,0.18310546875,0.01220703125,-0.35400390625,0.1220703125,1.42822265625,-0.1953125,0.6591796875,0.390625,-0.35400390625,0.15869140625,-0.87890625,-0.0732421875,-0.4638671875,0.20751953125,-0.76904296875,-0.10986328125,-0.18310546875,0.341796875,-0.67138671875,-0.10986328125,-0.40283203125,-0.0732421875,0.64697265625,0.01220703125,1.11083984375,-0.09765625,0.48828125,-0.1953125,-0.13427734375,-0.146484375,0.732421875,-0.3662109375,8.056640625,0.048828125,9.423828125,-0.93994140625,5.8837890625,0.048828125,7.94677734375,-0.146484375,0.18310546875,-0.146484375,1.0498046875,-0.0732421875,0.18310546875,-0.06103515625,0.18310546875,-0.32958984375,0.25634765625,0.244140625,0.87890625,0.18310546875,-0.0244140625,0.20751953125,1.318359375,-0.1708984375,-0.96435546875,0.03662109375,-0.37841796875,0.01220703125,-1.01318359375,-0.048828125,-0.81787109375,-0.244140625,-0.62255859375,0.10986328125,0.634765625,-0.09765625,0.74462890625,-0.03662109375,0.03662109375,0.0244140625,-1.11083984375,-0.18310546875,-0.89111328125,-0.09765625,-0.9765625,0.03662109375,-0.4638671875,-0.048828125,0.244140625,0.09765625,-0.96435546875,-0.1953125,-0.68359375,-0.1953125,0.9765625,-0.0732421875,0.35400390625,-0.13427734375,0,-0.03662109375,-0.048828125,-0.10986328125,0.1708984375,-0.08544921875,0.03662109375,-0.1220703125,0.7568359375,-0.0732421875,-0.57373046875,0.146484375,-0.537109375
1,0.06103515625,-0.37841796875,-0.15869140625,-0.37841796875,0.03662109375,-0.42724609375,0.01220703125,-0.0732421875,-0.09765625,0.0244140625,0.0732421875,-0.86669921875,-0.0244140625,1.08642578125,-0.1708984375,-0.13427734375,-0.09765625,-0.6103515625,0.40283203125,-0.1953125,-0.244140625,0.84228515625,0.45166015625,-0.6103515625,-0.1953125,0.18310546875,0.06103515625,-0.35400390625,0.20751953125,1.45263671875,-0.1708984375,0.69580078125,0.35400390625,-0.35400390625,0.09765625,-0.86669921875,-0.08544921875,-0.42724609375,0.20751953125,-0.76904296875,0.06103515625,-0.1708984375,0.3173828125,-0.68359375,-0.0244140625,-0.37841796875,-0.048828125,0.6591796875,0.01220703125,1.08642578125,-0.13427734375,0.45166015625,-0.1220703125,-0.1220703125,0.0244140625,0.732421875,-0.439453125,7.7880859375,-0.048828125,9.14306640625,-0.9765625,5.712890625,-0.01220703125,7.666015625,-0.1708984375,0.1953125,-0.10986328125,1.0498046875,-0.0244140625,0.18310546875,-0.1220703125,0.18310546875,-0.32958984375,0.244140625,0.25634765625,0.87890625,0.08544921875,-0.0244140625,0.1708984375,1.318359375,-0.09765625,-0.9765625,0.06103515625,-0.37841796875,-0.0244140625,-1.025390625,-0.0244140625,-0.81787109375,-0.2197265625,-0.52490234375,0.13427734375,0.72021484375,-0.09765625,0.87890625,0.01220703125,0.1708984375,0.0244140625,-1.11083984375,-0.23193359375,-0.91552734375,-0.1220703125,-0.9765625,0.0244140625,-0.48828125,0.03662109375,-0.2685546875,0.146484375,-1.2451171875,-0.1953125,-0.9033203125,-0.2197265625,0.6591796875,-0.06103515625,0.35400390625,-0.1220703125,0,-0.03662109375,-0.048828125,-0.10986328125,0.1953125,-0.08544921875,0.0244140625,-0.13427734375,0.7568359375,-0.0732421875,-0.5615234375,0.146484375,-0.5615234375
1,0.08544921875,-0.390625,-0.15869140625,-0.37841796875,0.048828125,-0.42724609375,-0.0244140625,-0.08544921875,-0.0732421875,0.01220703125,0.048828125,-0.86669921875,-0.0244140625,1.0986328125,-0.1953125,-0.146484375,-0.1220703125,-0.59814453125,0.29296875,-0.20751953125,-0.20751953125,0.84228515625,0.341796875,-0.59814453125,0.0732421875,0.25634765625,0.146484375,-0.30517578125,0.244140625,1.5625,-0.06103515625,0.79345703125,0.28076171875,-0.35400390625,0.048828125,-0.8544921875,-0.1708984375,-0.40283203125,0.146484375,-0.76904296875,0.13427734375,-0.1708984375,0.30517578125,-0.68359375,0.08544921875,-0.42724609375,-0.03662109375,0.634765625,-0.01220703125,1.0986328125,-0.146484375,0.4638671875,-0.09765625,-0.146484375,0.15869140625,0.74462890625,-0.50048828125,7.4462890625,-0.1220703125,8.7646484375,-1.025390625,5.48095703125,-0.03662109375,7.32421875,-0.18310546875,0.1708984375,-0.0244140625,1.06201171875,0.01220703125,0.1953125,-0.18310546875,0.18310546875,-0.30517578125,0.244140625,0.3173828125,0.86669921875,-0.0244140625,-0.01220703125,0.13427734375,1.318359375,-0.0244140625,-0.98876953125,0.08544921875,-0.37841796875,-0.0732421875,-1.025390625,0.0244140625,-0.830078125,-0.1220703125,-0.45166015625,0.13427734375,0.78125,-0.0244140625,0.9765625,-0.0244140625,0.2685546875,0.03662109375,-1.08642578125,-0.2197265625,-0.927734375,-0.1220703125,-0.98876953125,0.01220703125,-0.47607421875,0.10986328125,-0.69580078125,0.146484375,-1.47705078125,-0.1708984375,-1.08642578125,-0.244140625,0.40283203125,-0.03662109375,0.35400390625,-0.13427734375,0,-0.06103515625,-0.06103515625,-0.10986328125,0.1708984375,-0.08544921875,-0.01220703125,-0.13427734375,0.7568359375,-0.08544921875,-0.537109375,0.1220703125,-0.5859375
1,0.1220703125,-0.37841796875,-0.15869140625,-0.35400390625,0.08544921875,-0.4150390625,-0.0244140625,-0.0732421875,-0.09765625,0.0244140625,0.048828125,-0.86669921875,-0.048828125,1.123046875,-0.18310546875,-0.1708984375,-0.1220703125,-0.6103515625,0.20751953125,-0.20751953125,-0.1953125,0.830078125,0.1953125,-0.6103515625,0.1220703125,0.3662109375,0.146484375,-0.2197265625,0.23193359375,1.72119140625,0.048828125,0.927734375,0.1220703125,-0.3662109375,0.0244140625,-0.830078125,-0.23193359375,-0.390625,0.18310546875,-0.76904296875,0.146484375,-0.15869140625,0.32958984375,-0.67138671875,0.1708984375,-0.45166015625,-0.01220703125,0.62255859375,-0.048828125,1.11083984375,-0.146484375,0.4638671875,-0.048828125,-0.146484375,0.30517578125,0.74462890625,-0.5126953125,7.14111328125,-0.15869140625,8.3740234375,-1.0009765625,5.26123046875,-0.10986328125,6.97021484375,-0.1220703125,0.146484375,0.08544921875,1.03759765625,0.03662109375,0.1953125,-0.18310546875,0.1708984375,-0.32958984375,0.2197265625,0.35400390625,0.8544921875,-0.0732421875,0,0.06103515625,1.2939453125,0.03662109375,-0.98876953125,0.08544921875,-0.40283203125,-0.1220703125,-1.01318359375,0.048828125,-0.84228515625,-0.03662109375,-0.4150390625,0.08544921875,0.830078125,0.10986328125,1.03759765625,-0.09765625,0.341796875,0.0244140625,-1.0986328125,-0.2197265625,-0.927734375,-0.15869140625,-0.98876953125,0.0244140625,-0.48828125,0.1220703125,-1.07421875,0.1708984375,-1.67236328125,-0.2197265625,-1.20849609375,-0.25634765625,0.15869140625,-0.01220703125,0.37841796875,-0.146484375,0.01220703125,-0.048828125,-0.0732421875,-0.09765625,0.18310546875,-0.08544921875,-0.048828125,-0.15869140625,0.74462890625,-0.10986328125,-0.5126953125,0.1220703125,-0.6103515625
1,0.1953125,-0.3662109375,-0.1708984375,-0.35400390625,0.10986328125,-0.40283203125,-0.01220703125,-0.06103515625,-0.1220703125,0.01220703125,0.03662109375,-0.87890625,-0.03662109375,1.13525390625,-0.1708984375,-0.15869140625,-0.1220703125,-0.5859375,0.13427734375,-0.2197265625,-0.1953125,0.8544921875,0,-0.59814453125,0.15869140625,0.50048828125,0.1220703125,-0.10986328125,0.18310546875,1.904296875,0.1220703125,1.0986328125,-0.03662109375,-0.390625,-0.01220703125,-0.84228515625,-0.28076171875,-0.37841796875,0.20751953125,-0.7568359375,0.03662109375,-0.15869140625,0.32958984375,-0.67138671875,0.244140625,-0.47607421875,0.0244140625,0.6103515625,-0.08544921875,1.11083984375,-0.13427734375,0.42724609375,0,-0.1708984375,0.390625,0.74462890625,-0.537109375,6.87255859375,-0.1953125,8.04443359375,-0.9765625,5.06591796875,-0.10986328125,6.689453125,-0.06103515625,0.13427734375,0.13427734375,1.03759765625,0.048828125,0.1953125,-0.1708984375,0.18310546875,-0.32958984375,0.20751953125,0.3662109375,0.89111328125,-0.1220703125,0.01220703125,-0.01220703125,1.30615234375,0.0732421875,-1.01318359375,0.08544921875,-0.40283203125,-0.15869140625,-1.0009765625,0.048828125,-0.81787109375,0.0244140625,-0.42724609375,0.03662109375,0.81787109375,0.20751953125,1.0498046875,-0.146484375,0.3662109375,0.03662109375,-1.0986328125,-0.18310546875,-0.9521484375,-0.18310546875,-0.98876953125,0.06103515625,-0.47607421875,0.048828125,-1.3671875,0.10986328125,-1.8310546875,-0.2685546875,-1.33056640625,-0.28076171875,-0.01220703125,0.01220703125,0.390625,-0.15869140625,0.0244140625,-0.0732421875,-0.0732421875,-0.0732421875,0.1953125,-0.10986328125,-0.0732421875,-0.15869140625,0.7568359375,-0.09765625,-0.47607421875,0.0732421875,-0.62255859375
1,0.25634765625,-0.35400390625,-0.1708984375,-0.341796875,0.13427734375,-0.40283203125,0,-0.03662109375,-0.146484375,-0.01220703125,0.048828125,-0.86669921875,-0.0732421875,1.123046875,-0.1708984375,-0.1708984375,-0.1220703125,-0.57373046875,0.15869140625,-0.20751953125,-0.2197265625,0.84228515625,-0.13427734375,-0.5859375,0.28076171875,0.59814453125,0.13427734375,0.01220703125,0.2197265625,2.0751953125,0.2685546875,1.23291015625,-0.146484375,-0.390625,-0.0244140625,-0.84228515625,-0.2685546875,-0.3662109375,0.1708984375,-0.74462890625,-0.10986328125,-0.13427734375,0.35400390625,-0.6591796875,0.1953125,-0.48828125,0.06103515625,0.634765625,-0.1220703125,1.1474609375,-0.1220703125,0.42724609375,0.0244140625,-0.20751953125,0.4150390625,0.732421875,-0.52490234375,6.65283203125,-0.18310546875,7.763671875,-0.9521484375,4.8828125,-0.10986328125,6.45751953125,0,0.146484375,0.20751953125,1.03759765625,0.03662109375,0.20751953125,-0.1708984375,0.1708984375,-0.244140625,0.23193359375,0.390625,0.8544921875,-0.146484375,0.01220703125,-0.0244140625,1.318359375,0.08544921875,-1.01318359375,0.08544921875,-0.42724609375,-0.146484375,-1.025390625,0.0244140625,-0.830078125,0.10986328125,-0.439453125,0.01220703125,0.76904296875,0.25634765625,1.01318359375,-0.1708984375,0.35400390625,-0.048828125,-1.11083984375,-0.10986328125,-0.9521484375,-0.1708984375,-0.98876953125,0.1220703125,-0.50048828125,0.06103515625,-1.5625,0.09765625,-1.9287109375,-0.2685546875,-1.3916015625,-0.20751953125,-0.13427734375,-0.0244140625,0.390625,-0.1708984375,0,-0.06103515625,-0.048828125,-0.06103515625,0.20751953125,-0.1220703125,-0.10986328125,-0.15869140625,0.76904296875,-0.10986328125,-0.47607421875,0.0732421875,-0.59814453125
1,0.30517578125,-0.341796875,-0.15869140625,-0.3173828125,0.13427734375,-0.390625,-0.01220703125,-0.0244140625,-0.15869140625,-0.0244140625,0.08544921875,-0.87890625,-0.0732421875,1.123046875,-0.1708984375,-0.1708984375,-0.15869140625,-0.6103515625,0.1708984375,-0.23193359375,-0.3173828125,0.8544921875,-0.1953125,-0.6103515625,0.18310546875,0.68359375,0.1220703125,0.08544921875,0.1708984375,2.1728515625,0.30517578125,1.318359375,-0.18310546875,-0.37841796875,-0.0244140625,-0.84228515625,-0.244140625,-0.390625,0.1220703125,-0.74462890625,-0.30517578125,-0.15869140625,0.37841796875,-0.6591796875,0.10986328125,-0.47607421875,0.09765625,0.634765625,-0.18310546875,1.1962890625,-0.1708984375,0.42724609375,0.03662109375,-0.2197265625,0.4150390625,0.72021484375,-0.439453125,6.4453125,-0.1953125,7.48291015625,-0.81787109375,4.72412109375,-0.10986328125,6.25,0.03662109375,0.146484375,0.2685546875,1.01318359375,0.0244140625,0.23193359375,-0.146484375,0.1953125,-0.146484375,0.25634765625,0.390625,0.84228515625,-0.18310546875,0,-0.06103515625,1.30615234375,0.08544921875,-1.025390625,0.06103515625,-0.40283203125,-0.08544921875,-1.0009765625,-0.03662109375,-0.81787109375,0.18310546875,-0.537109375,-0.0244140625,0.732421875,0.28076171875,0.93994140625,-0.2197265625,0.30517578125,-0.15869140625,-1.08642578125,-0.0244140625,-0.9521484375,-0.18310546875,-0.9765625,0.20751953125,-0.48828125,0.048828125,-1.67236328125,0.0732421875,-1.96533203125,-0.28076171875,-1.42822265625,-0.146484375,-0.2197265625,-0.06103515625,0.390625,-0.18310546875,-0.01220703125,-0.06103515625,-0.0732421875,-0.0732421875,0.18310546875,-0.15869140625,-0.10986328125,-0.15869140625,0.76904296875,-0.1220703125,-0.4638671875,0.048828125,-0.6103515625
1,0.341796875,-0.341796875,-0.15869140625,-0.3173828125,0.13427734375,-0.4150390625,-0.01220703125,-0.0244140625,-0.1953125,-0.03662109375,0.09765625,-0.8544921875,-0.06103515625,1.13525390625,-0.15869140625,-0.1708984375,-0.2197265625,-0.59814453125,0.15869140625,-0.2197265625,-0.4150390625,0.84228515625,-0.1708984375,-0.62255859375,0.18310546875,0.72021484375,0.15869140625,0.09765625,0.23193359375,2.23388671875,0.3173828125,1.3427734375,-0.13427734375,-0.37841796875,-0.048828125,-0.8544921875,-0.18310546875,-0.4150390625,0.10986328125,-0.74462890625,-0.439453125,-0.146484375,0.3173828125,-0.6591796875,0.0244140625,-0.4638671875,0.10986328125,0.6591796875,-0.18310546875,1.18408203125,-0.20751953125,0.45166015625,0.03662109375,-0.244140625,0.390625,0.732421875,-0.390625,6.26220703125,-0.25634765625,7.18994140625,-0.78125,4.541015625,-0.146484375,6.0546875,0.01220703125,0.146484375,0.29296875,1.03759765625,0.01220703125,0.244140625,-0.1220703125,0.2197265625,-0.03662109375,0.25634765625,0.4150390625,0.8544921875,-0.20751953125,0,-0.0244140625,1.33056640625,0.10986328125,-1.03759765625,0.0244140625,-0.390625,-0.0244140625,-1.0009765625,-0.08544921875,-0.8056640625,0.244140625,-0.64697265625,-0.0244140625,0.64697265625,0.244140625,0.84228515625,-0.1953125,0.1953125,-0.1708984375,-1.07421875,0.03662109375,-0.93994140625,-0.20751953125,-0.96435546875,0.28076171875,-0.48828125,0,-1.64794921875,0.0244140625,-1.96533203125,-0.2685546875,-1.416015625,-0.10986328125,-0.2197265625,-0.0732421875,0.35400390625,-0.1953125,-0.01220703125,-0.06103515625,-0.0732421875,-0.10986328125,0.20751953125,-0.1708984375,-0.08544921875,-0.15869140625,0.7568359375,-0.146484375,-0.48828125,0.0732421875,-0.59814453125
1,0.390625,-0.341796875,-0.146484375,-0.3173828125,0.09765625,-0.4150390625,0.0244140625,0.01220703125,-0.1708984375,-0.03662109375,0.10986328125,-0.8544921875,-0.06103515625,1.13525390625,-0.1708984375,-0.146484375,-0.2685546875,-0.62255859375,0.1708984375,-0.20751953125,-0.537109375,0.84228515625,-0.06103515625,-0.634765625,0.09765625,0.7080078125,0.10986328125,0.0732421875,0.23193359375,2.1728515625,0.18310546875,1.2939453125,-0.048828125,-0.35400390625,-0.08544921875,-0.89111328125,-0.09765625,-0.42724609375,0.0244140625,-0.7568359375,-0.537109375,-0.15869140625,0.25634765625,-0.64697265625,-0.06103515625,-0.42724609375,0.10986328125,0.64697265625,-0.20751953125,1.1962890625,-0.20751953125,0.47607421875,0.01220703125,-0.23193359375,0.35400390625,0.732421875,-0.3173828125,6.0302734375,-0.30517578125,6.89697265625,-0.7080078125,4.35791015625,-0.1953125,5.810546875,-0.03662109375,0.146484375,0.341796875,1.025390625,0.0244140625,0.25634765625,-0.08544921875,0.1953125,0.06103515625,0.28076171875,0.390625,0.81787109375,-0.18310546875,-0.01220703125,-0.03662109375,1.3427734375,0.0732421875,-1.0009765625,0.0244140625,-0.390625,0.048828125,-1.01318359375,-0.15869140625,-0.8056640625,0.23193359375,-0.7568359375,-0.048828125,0.57373046875,0.146484375,0.7568359375,-0.1953125,0.10986328125,-0.20751953125,-1.07421875,0.10986328125,-0.93994140625,-0.20751953125,-0.9521484375,0.30517578125,-0.47607421875,-0.0732421875,-1.55029296875,-0.03662109375,-1.91650390625,-0.2685546875,-1.3671875,-0.0732421875,-0.15869140625,-0.08544921875,0.35400390625,-0.1953125,-0.0244140625,-0.048828125,-0.0732421875,-0.13427734375,0.18310546875,-0.18310546875,-0.06103515625,-0.13427734375,0.7568359375,-0.1708984375,-0.50048828125,0.08544921875,-0.5859375
1,0.390625,-0.341796875,-0.146484375,-0.3173828125,0.1220703125,-0.390625,0.01220703125,0,-0.15869140625,-0.03662109375,0.10986328125,-0.8544921875,-0.048828125,1.13525390625,-0.18310546875,-0.146484375,-0.3173828125,-0.6103515625,0.13427734375,-0.18310546875,-0.6103515625,0.830078125,0.048828125,-0.634765625,0.09765625,0.67138671875,0.0732421875,0,0.244140625,2.06298828125,0.0244140625,1.220703125,0.048828125,-0.341796875,-0.08544921875,-0.9033203125,0,-0.439453125,-0.03662109375,-0.74462890625,-0.537109375,-0.15869140625,0.1708984375,-0.6591796875,-0.09765625,-0.42724609375,0.0732421875,0.62255859375,-0.2197265625,1.18408203125,-0.20751953125,0.4638671875,-0.0244140625,-0.20751953125,0.30517578125,0.74462890625,-0.25634765625,5.7373046875,-0.32958984375,6.494140625,-0.62255859375,4.13818359375,-0.1953125,5.52978515625,-0.0244140625,0.1953125,0.390625,1.03759765625,0.03662109375,0.2685546875,-0.048828125,0.18310546875,0.15869140625,0.28076171875,0.3173828125,0.8544921875,-0.10986328125,0,-0.01220703125,1.33056640625,0.0244140625,-0.98876953125,-0.0244140625,-0.40283203125,0.10986328125,-0.9765625,-0.20751953125,-0.78125,0.146484375,-0.8056640625,-0.0732421875,0.5126953125,0.01220703125,0.6591796875,-0.13427734375,0.0244140625,-0.10986328125,-1.0986328125,0.1220703125,-0.927734375,-0.20751953125,-0.96435546875,0.30517578125,-0.47607421875,-0.1220703125,-1.3427734375,-0.06103515625,-1.77001953125,-0.23193359375,-1.2939453125,-0.06103515625,-0.0244140625,-0.09765625,0.341796875,-0.20751953125,-0.01220703125,-0.06103515625,-0.08544921875,-0.13427734375,0.18310546875,-0.18310546875,-0.0732421875,-0.146484375,0.76904296875,-0.1953125,-0.52490234375,0.10986328125,-0.57373046875
1,0.45166015625,-0.341796875,-0.1220703125,-0.341796875,0.146484375,-0.4150390625,0.0244140625,-0.01220703125,-0.2197265625,-0.03662109375,0.10986328125,-0.86669921875,-0.06103515625,1.13525390625,-0.18310546875,-0.13427734375,-0.28076171875,-0.59814453125,0.1708984375,-0.1953125,-0.634765625,0.830078125,0.1708984375,-0.64697265625,0.06103515625,0.69580078125,0,-0.08544921875,0.244140625,1.9287109375,-0.13427734375,1.11083984375,0.1220703125,-0.35400390625,-0.08544921875,-0.927734375,0.048828125,-0.47607421875,-0.03662109375,-0.76904296875,-0.5126953125,-0.18310546875,0.09765625,-0.634765625,-0.10986328125,-0.40283203125,0.03662109375,0.634765625,-0.1708984375,1.15966796875,-0.18310546875,0.47607421875,-0.08544921875,-0.1953125,0.25634765625,0.7568359375,-0.2197265625,5.3466796875,-0.341796875,6.0302734375,-0.62255859375,3.84521484375,-0.1953125,5.1513671875,-0.0244140625,0.1953125,0.40283203125,1.0498046875,0.048828125,0.2685546875,-0.048828125,0.1953125,0.23193359375,0.28076171875,0.2197265625,0.87890625,-0.0732421875,0,0.0244140625,1.3427734375,-0.06103515625,-0.96435546875,0,-0.35400390625,0.13427734375,-0.98876953125,-0.244140625,-0.76904296875,0.09765625,-0.87890625,-0.048828125,0.45166015625,-0.048828125,0.5859375,-0.01220703125,-0.08544921875,-0.03662109375,-1.08642578125,0.1220703125,-0.927734375,-0.2197265625,-0.9521484375,0.29296875,-0.4638671875,-0.13427734375,-1.123046875,-0.13427734375,-1.6357421875,-0.1953125,-1.18408203125,-0.03662109375,0.10986328125,-0.09765625,0.35400390625,-0.2197265625,0,-0.08544921875,-0.048828125,-0.146484375,0.1953125,-0.18310546875,-0.048828125,-0.13427734375,0.76904296875,-0.1953125,-0.54931640625,0.13427734375,-0.57373046875
1,0.439453125,-0.3662109375,-0.13427734375,-0.35400390625,0.146484375,-0.4150390625,0,-0.048828125,-0.244140625,-0.01220703125,0.0732421875,-0.8544921875,-0.0732421875,1.11083984375,-0.1953125,-0.146484375,-0.2197265625,-0.59814453125,0.20751953125,-0.1953125,-0.54931640625,0.830078125,0.23193359375,-0.64697265625,-0.0244140625,0.81787109375,-0.146484375,-0.1220703125,0.146484375,1.8310546875,-0.29296875,1.07421875,0.20751953125,-0.3662109375,-0.03662109375,-0.93994140625,0.03662109375,-0.5126953125,-0.09765625,-0.78125,-0.42724609375,-0.20751953125,0.03662109375,-0.634765625,-0.10986328125,-0.390625,-0.06103515625,0.62255859375,-0.08544921875,1.1474609375,-0.23193359375,0.5126953125,-0.23193359375,-0.15869140625,0.20751953125,0.74462890625,-0.15869140625,4.8583984375,-0.29296875,5.48095703125,-0.54931640625,3.5400390625,-0.13427734375,4.6875,0.048828125,0.23193359375,0.37841796875,1.06201171875,0.09765625,0.28076171875,-0.01220703125,0.1953125,0.2685546875,0.28076171875,0.13427734375,0.87890625,-0.03662109375,0,0,1.3427734375,-0.1220703125,-0.93994140625,-0.01220703125,-0.3662109375,0.09765625,-1.01318359375,-0.23193359375,-0.76904296875,-0.01220703125,-0.93994140625,-0.09765625,0.42724609375,-0.1220703125,0.54931640625,0.01220703125,-0.1708984375,0.0244140625,-1.08642578125,0.10986328125,-0.927734375,-0.1953125,-0.96435546875,0.2685546875,-0.47607421875,-0.1220703125,-0.89111328125,-0.146484375,-1.4892578125,-0.1708984375,-1.08642578125,-0.01220703125,0.2685546875,-0.0732421875,0.341796875,-0.244140625,0.01220703125,-0.0732421875,-0.03662109375,-0.10986328125,0.1953125,-0.18310546875,-0.03662109375,-0.10986328125,0.7568359375,-0.18310546875,-0.54931640625,0.1220703125,-0.57373046875
1,0.439453125,-0.3662109375,-0.1220703125,-0.3662109375,0.1708984375,-0.42724609375,-0.01220703125,-0.06103515625,-0.20751953125,-0.0244140625,0.0732421875,-0.86669921875,-0.06103515625,1.08642578125,-0.1708984375,-0.146484375,-0.146484375,-0.6103515625,0.1953125,-0.18310546875,-0.37841796875,0.81787109375,0.2197265625,-0.64697265625,-0.03662109375,1.0986328125,-0.244140625,-0.06103515625,0.08544921875,1.86767578125,-0.32958984375,1.1474609375,0.2197265625,-0.3662109375,0.0244140625,-0.93994140625,0.01220703125,-0.5126953125,-0.01220703125,-0.78125,-0.35400390625,-0.1953125,0.0244140625,-0.634765625,-0.10986328125,-0.390625,-0.10986328125,0.6103515625,-0.01220703125,1.11083984375,-0.25634765625,0.5126953125,-0.32958984375,-0.146484375,0.1220703125,0.76904296875,-0.13427734375,4.3212890625,-0.244140625,4.84619140625,-0.54931640625,3.1982421875,-0.0244140625,4.150390625,0.09765625,0.23193359375,0.341796875,1.06201171875,0.10986328125,0.244140625,-0.01220703125,0.18310546875,0.2685546875,0.2685546875,0.06103515625,0.93994140625,-0.0244140625,0.0244140625,-0.01220703125,1.33056640625,-0.15869140625,-0.93994140625,-0.01220703125,-0.3662109375,0.08544921875,-1.01318359375,-0.15869140625,-0.78125,-0.18310546875,-0.9765625,-0.18310546875,0.390625,-0.146484375,0.52490234375,0,-0.244140625,0.13427734375,-1.07421875,0.09765625,-0.91552734375,-0.1953125,-0.96435546875,0.1953125,-0.47607421875,-0.0244140625,-0.732421875,-0.18310546875,-1.3916015625,-0.146484375,-1.025390625,-0.0244140625,0.40283203125,-0.06103515625,0.3173828125,-0.28076171875,0.0244140625,-0.048828125,-0.03662109375,-0.1220703125,0.1953125,-0.15869140625,-0.03662109375,-0.1220703125,0.76904296875,-0.18310546875,-0.54931640625,0.1220703125,-0.57373046875
0,0.50048828125,-0.390625,-0.10986328125,-0.35400390625,0.18310546875,-0.439453125,-0.01220703125,-0.0732421875,-0.244140625,0,0.06103515625,-0.87890625,-0.03662109375,1.0986328125,-0.15869140625,-0.15869140625,-0.0732421875,-0.59814453125,0.18310546875,-0.1708984375,-0.13427734375,0.8056640625,0.15869140625,-0.6103515625,-0.048828125,1.5625,-0.29296875,0.1220703125,0,2.0751953125,-0.341796875,1.37939453125,0.146484375,-0.390625,0.10986328125,-0.93994140625,-0.08544921875,-0.50048828125,0.01220703125,-0.78125,-0.29296875,-0.20751953125,0.048828125,-0.64697265625,-0.10986328125,-0.40283203125,-0.10986328125,0.62255859375,0.06103515625,1.07421875,-0.2197265625,0.5126953125,-0.4150390625,-0.1220703125,0.0244140625,0.74462890625,-0.146484375,3.7841796875,-0.18310546875,4.18701171875,-0.537109375,2.84423828125,0.01220703125,3.60107421875,0.146484375,0.244140625,0.25634765625,1.07421875,0.15869140625,0.20751953125,-0.06103515625,0.18310546875,0.2685546875,0.23193359375,0.01220703125,0.91552734375,0.03662109375,0.0244140625,-0.0732421875,1.318359375,-0.18310546875,-0.927734375,-0.0244140625,-0.390625,0.0732421875,-1.0498046875,-0.03662109375,-0.79345703125,-0.10986328125,-1.0009765625,-0.1220703125,0.3662109375,-0.03662109375,0.48828125,0.06103515625,-0.3173828125,0.13427734375,-1.07421875,0.13427734375,-0.927734375,-0.1708984375,-0.9765625,0.13427734375,-0.4638671875,-0.0244140625,-0.634765625,-0.2197265625,-1.33056640625,-0.13427734375,-0.96435546875,-0.048828125,0.48828125,-0.06103515625,0.341796875,-0.28076171875,0.0244140625,-0.06103515625,-0.03662109375,-0.10986328125,0.20751953125,-0.1220703125,-0.06103515625,-0.13427734375,0.76904296875,-0.1708984375,-0.5615234375,0.10986328125,-0.5859375
0,0.52490234375,-0.390625,-0.0732421875,-0.3662109375,0.1708984375,-0.439453125,-0.01220703125,-0.0732421875,-0.1220703125,0,0.0732421875,-0.86669921875,-0.03662109375,1.0986328125,-0.146484375,-0.15869140625,-0.048828125,-0.59814453125,0.13427734375,-0.1708984375,0.06103515625,0.81787109375,0.06103515625,-0.6103515625,-0.1708984375,2.25830078125,-0.30517578125,0.45166015625,-0.09765625,2.4658203125,-0.25634765625,1.7578125,0.09765625,-0.390625,0.1708984375,-0.91552734375,-0.18310546875,-0.48828125,0,-0.78125,-0.341796875,-0.2197265625,0.146484375,-0.64697265625,-0.10986328125,-0.4150390625,-0.08544921875,0.6103515625,0.06103515625,1.06201171875,-0.146484375,0.5126953125,-0.439453125,-0.146484375,-0.08544921875,0.732421875,-0.244140625,3.2470703125,-0.08544921875,3.5400390625,-0.57373046875,2.490234375,0.06103515625,3.06396484375,0.1953125,0.23193359375,0.1708984375,1.06201171875,0.1708984375,0.1953125,-0.13427734375,0.20751953125,0.244140625,0.25634765625,-0.03662109375,0.91552734375,0.06103515625,0.048828125,-0.13427734375,1.33056640625,-0.13427734375,-0.927734375,-0.0244140625,-0.40283203125,0.09765625,-1.03759765625,0.03662109375,-0.79345703125,-0.048828125,-0.98876953125,-0.13427734375,0.341796875,0.08544921875,0.45166015625,0,-0.35400390625,0.09765625,-1.07421875,0.15869140625,-0.9521484375,-0.1708984375,-0.96435546875,0.03662109375,-0.47607421875,-0.0244140625,-0.6103515625,-0.146484375,-1.2939453125,-0.0732421875,-0.96435546875,-0.048828125,0.537109375,-0.048828125,0.341796875,-0.2685546875,0.01220703125,-0.06103515625,0,-0.10986328125,0.20751953125,-0.1220703125,-0.0732421875,-0.146484375,0.79345703125,-0.15869140625,-0.52490234375,0.10986328125,-0.57373046875
0,0.54931640625,-0.40283203125,-0.06103515625,-0.341796875,0.18310546875,-0.439453125,-0.01220703125,-0.0732421875,-0.146484375,0.01220703125,0.0732421875,-0.86669921875,0,1.0986328125,-0.146484375,-0.15869140625,-0.01220703125,-0.6103515625,0.10986328125,-0.15869140625,0.18310546875,0.8056640625,0.01220703125,-0.6103515625,-0.23193359375,3.08837890625,-0.25634765625,0.91552734375,-0.1708984375,3.076171875,-0.20751953125,2.28271484375,0.01220703125,-0.37841796875,0.2197265625,-0.9033203125,-0.25634765625,-0.4638671875,0.06103515625,-0.76904296875,-0.32958984375,-0.2197265625,0.2197265625,-0.64697265625,-0.146484375,-0.439453125,-0.03662109375,0.59814453125,0,1.07421875,-0.048828125,0.48828125,-0.439453125,-0.18310546875,-0.1953125,0.7080078125,-0.2685546875,2.77099609375,0.1220703125,2.9296875,-0.537109375,2.18505859375,0.1708984375,2.587890625,0.18310546875,0.23193359375,0.03662109375,1.06201171875,0.18310546875,0.18310546875,-0.18310546875,0.2197265625,0.1708984375,0.23193359375,-0.048828125,0.927734375,0.10986328125,0.048828125,-0.244140625,1.33056640625,-0.048828125,-0.9521484375,-0.0244140625,-0.390625,0.0732421875,-1.03759765625,0.09765625,-0.79345703125,-0.08544921875,-0.98876953125,-0.10986328125,0.30517578125,0.1953125,0.4150390625,-0.06103515625,-0.4150390625,0.01220703125,-1.0498046875,0.15869140625,-0.96435546875,-0.15869140625,-0.9765625,-0.0732421875,-0.4638671875,-0.048828125,-0.67138671875,-0.10986328125,-1.318359375,-0.1220703125,-0.96435546875,-0.08544921875,0.52490234375,-0.06103515625,0.341796875,-0.244140625,0,-0.06103515625,0,-0.08544921875,0.20751953125,-0.1220703125,-0.10986328125,-0.15869140625,0.8056640625,-0.13427734375,-0.50048828125,0.146484375,-0.5859375
0,0.52490234375,-0.37841796875,-0.09765625,-0.3173828125,0.146484375,-0.4150390625,-0.01220703125,-0.06103515625,-0.1708984375,0,0.06103515625,-0.9033203125,-0.048828125,1.11083984375,-0.15869140625,-0.1708984375,-0.0244140625,-0.62255859375,0.10986328125,-0.1708984375,0.1953125,0.84228515625,-0.01220703125,-0.59814453125,-0.15869140625,4.08935546875,-0.2197265625,1.50146484375,-0.1708984375,3.79638671875,-0.09765625,2.9052734375,-0.09765625,-0.37841796875,0.23193359375,-0.89111328125,-0.3173828125,-0.439453125,0.09765625,-0.78125,-0.341796875,-0.2197265625,0.3173828125,-0.6591796875,-0.1708984375,-0.439453125,0.0244140625,0.6103515625,-0.0244140625,1.11083984375,-0.0244140625,0.50048828125,-0.390625,-0.1953125,-0.29296875,0.72021484375,-0.29296875,2.392578125,0.2197265625,2.3681640625,-0.5126953125,1.91650390625,0.2197265625,2.18505859375,0.23193359375,0.2685546875,-0.08544921875,1.0498046875,0.15869140625,0.1708984375,-0.23193359375,0.2197265625,0.03662109375,0.2197265625,-0.0732421875,0.87890625,0.18310546875,0.03662109375,-0.37841796875,1.30615234375,0.0244140625,-0.96435546875,0,-0.4150390625,0.06103515625,-1.0498046875,0.1220703125,-0.8056640625,0,-1.0009765625,-0.048828125,0.2685546875,0.3173828125,0.390625,-0.09765625,-0.48828125,-0.1220703125,-1.06201171875,0.146484375,-0.96435546875,-0.146484375,-0.96435546875,-0.10986328125,-0.47607421875,-0.2197265625,-0.78125,-0.15869140625,-1.35498046875,-0.18310546875,-1.01318359375,-0.146484375,0.47607421875,-0.03662109375,0.3662109375,-0.25634765625,0,-0.06103515625,0,-0.09765625,0.1953125,-0.10986328125,-0.08544921875,-0.18310546875,0.830078125,-0.1220703125,-0.4638671875,0.18310546875,-0.5615234375
0,0.5126953125,-0.3662109375,-0.09765625,-0.3173828125,0.15869140625,-0.40283203125,-0.0244140625,-0.06103515625,-0.1708984375,-0.0244140625,0.06103515625,-0.9033203125,-0.01220703125,1.123046875,-0.1708984375,-0.18310546875,-0.03662109375,-0.62255859375,0.13427734375,-0.15869140625,0.15869140625,0.8544921875,0,-0.57373046875,-0.15869140625,5.078125,-0.1708984375,2.1240234375,-0.146484375,4.6142578125,-0.03662109375,3.5888671875,-0.10986328125,-0.341796875,0.13427734375,-0.9033203125,-0.3173828125,-0.439453125,0.03662109375,-0.76904296875,-0.35400390625,-0.2197265625,0.3662109375,-0.6591796875,-0.23193359375,-0.47607421875,0.1220703125,0.634765625,-0.048828125,1.15966796875,-0.0732421875,0.4638671875,-0.40283203125,-0.23193359375,-0.4638671875,0.7080078125,-0.32958984375,2.08740234375,0.28076171875,1.904296875,-0.48828125,1.66015625,0.244140625,1.86767578125,0.23193359375,0.2685546875,-0.18310546875,1.03759765625,0.10986328125,0.18310546875,-0.25634765625,0.2197265625,-0.08544921875,0.25634765625,-0.09765625,0.86669921875,0.244140625,0.01220703125,-0.4150390625,1.33056640625,0.09765625,-0.96435546875,0,-0.439453125,0.08544921875,-1.03759765625,0.0732421875,-0.79345703125,0,-0.98876953125,-0.01220703125,0.2197265625,0.3662109375,0.341796875,-0.1220703125,-0.52490234375,-0.18310546875,-1.03759765625,0.10986328125,-0.93994140625,-0.146484375,-0.93994140625,-0.1220703125,-0.47607421875,-0.1953125,-0.91552734375,-0.0244140625,-1.40380859375,-0.2197265625,-1.06201171875,-0.08544921875,0.42724609375,-0.01220703125,0.3662109375,-0.244140625,-0.01220703125,-0.0732421875,0,-0.08544921875,0.18310546875,-0.13427734375,-0.06103515625,-0.1708984375,0.8056640625,-0.09765625,-0.42724609375,0.1708984375,-0.54931640625
0,0.537109375,-0.35400390625,-0.13427734375,-0.3173828125,0.146484375,-0.40283203125,-0.03662109375,-0.048828125,-0.25634765625,-0.0244140625,0.06103515625,-0.9033203125,0.01220703125,1.123046875,-0.146484375,-0.18310546875,-0.048828125,-0.634765625,0.1708984375,-0.1708984375,0.03662109375,0.8544921875,0.0732421875,-0.59814453125,-0.09765625,6.0791015625,-0.08544921875,2.72216796875,-0.06103515625,5.37109375,-0.01220703125,4.21142578125,-0.1220703125,-0.32958984375,0.048828125,-0.89111328125,-0.25634765625,-0.4150390625,-0.0244140625,-0.78125,-0.341796875,-0.2197265625,0.341796875,-0.6591796875,-0.25634765625,-0.45166015625,0.244140625,0.64697265625,-0.06103515625,1.18408203125,-0.13427734375,0.4638671875,-0.390625,-0.244140625,-0.57373046875,0.69580078125,-0.29296875,1.8798828125,0.341796875,1.52587890625,-0.42724609375,1.47705078125,0.29296875,1.66015625,0.1953125,0.28076171875,-0.244140625,1.03759765625,0.06103515625,0.18310546875,-0.2685546875,0.23193359375,-0.13427734375,0.25634765625,-0.09765625,0.830078125,0.2685546875,0.0244140625,-0.439453125,1.3427734375,0.1220703125,-0.96435546875,0.01220703125,-0.4150390625,0.09765625,-1.01318359375,0,-0.8056640625,0.01220703125,-0.96435546875,0.03662109375,0.1953125,0.35400390625,0.30517578125,-0.0732421875,-0.57373046875,-0.20751953125,-1.03759765625,0.048828125,-0.93994140625,-0.15869140625,-0.93994140625,-0.0732421875,-0.47607421875,-0.15869140625,-1.01318359375,0.03662109375,-1.42822265625,-0.29296875,-1.11083984375,-0.01220703125,0.37841796875,0,0.37841796875,-0.2685546875,-0.01220703125,-0.08544921875,0.01220703125,-0.0732421875,0.18310546875,-0.1708984375,-0.0732421875,-0.1708984375,0.81787109375,-0.09765625,-0.40283203125,0.15869140625,-0.54931640625
0,0.54931640625,-0.341796875,-0.15869140625,-0.3173828125,0.15869140625,-0.40283203125,-0.048828125,-0.0244140625,-0.1953125,-0.03662109375,0.03662109375,-0.89111328125,-0.03662109375,1.123046875,-0.1220703125,-0.1708984375,-0.08544921875,-0.634765625,0.18310546875,-0.18310546875,-0.10986328125,0.89111328125,0.1220703125,-0.6103515625,-0.01220703125,6.92138671875,0.01220703125,3.22265625,0.03662109375,6.04248046875,0,4.74853515625,-0.09765625,-0.29296875,-0.06103515625,-0.89111328125,-0.15869140625,-0.4150390625,-0.13427734375,-0.78125,-0.29296875,-0.1708984375,0.25634765625,-0.67138671875,-0.25634765625,-0.439453125,0.25634765625,0.67138671875,-0.08544921875,1.1962890625,-0.1708984375,0.47607421875,-0.3173828125,-0.23193359375,-0.74462890625,0.68359375,-0.23193359375,1.7578125,0.2685546875,1.26953125,-0.439453125,1.3427734375,0.23193359375,1.52587890625,0.1953125,0.30517578125,-0.32958984375,1.025390625,-0.01220703125,0.1708984375,-0.29296875,0.2197265625,-0.1953125,0.2685546875,-0.08544921875,0.78125,0.28076171875,0.01220703125,-0.40283203125,1.33056640625,0.15869140625,-1.0009765625,0.0244140625,-0.390625,0.08544921875,-1.025390625,-0.10986328125,-0.79345703125,-0.048828125,-0.9521484375,0.0244140625,0.1953125,0.25634765625,0.28076171875,-0.0244140625,-0.57373046875,-0.244140625,-1.06201171875,-0.01220703125,-0.91552734375,-0.15869140625,-0.93994140625,-0.03662109375,-0.47607421875,-0.23193359375,-1.03759765625,0.01220703125,-1.4404296875,-0.341796875,-1.11083984375,0,0.3662109375,0.01220703125,0.37841796875,-0.244140625,-0.01220703125,-0.06103515625,0,-0.048828125,0.1953125,-0.2197265625,-0.048828125,-0.15869140625,0.8056640625,-0.146484375,-0.439453125,0.146484375,-0.54931640625
0,0.5615234375,-0.3173828125,-0.1220703125,-0.30517578125,0.146484375,-0.40283203125,-0.03662109375,-0.03662109375,-0.15869140625,-0.048828125,0.03662109375,-0.91552734375,0.01220703125,1.123046875,-0.1220703125,-0.15869140625,-0.10986328125,-0.634765625,0.15869140625,-0.18310546875,-0.244140625,0.86669921875,0.146484375,-0.62255859375,-0.01220703125,7.55615234375,0.10986328125,3.5888671875,0.1708984375,6.54296875,-0.0244140625,5.126953125,-0.048828125,-0.341796875,-0.0732421875,-0.9033203125,-0.10986328125,-0.4150390625,-0.23193359375,-0.78125,-0.2685546875,-0.18310546875,0.18310546875,-0.6591796875,-0.1953125,-0.4638671875,0.2197265625,0.67138671875,-0.1220703125,1.1962890625,-0.1953125,0.48828125,-0.23193359375,-0.244140625,-0.8056640625,0.69580078125,-0.10986328125,1.6845703125,0.23193359375,1.13525390625,-0.37841796875,1.26953125,0.23193359375,1.4892578125,0.146484375,0.341796875,-0.3662109375,1.03759765625,-0.08544921875,0.1953125,-0.29296875,0.23193359375,-0.23193359375,0.28076171875,-0.048828125,0.79345703125,0.30517578125,0,-0.29296875,1.35498046875,0.15869140625,-0.98876953125,0.03662109375,-0.390625,0.06103515625,-1.03759765625,-0.23193359375,-0.8056640625,0.048828125,-0.9033203125,0.09765625,0.20751953125,0.244140625,0.30517578125,0.13427734375,-0.537109375,-0.25634765625,-1.06201171875,-0.03662109375,-0.9033203125,-0.13427734375,-0.93994140625,0.01220703125,-0.47607421875,-0.1220703125,-0.98876953125,0.09765625,-1.40380859375,-0.29296875,-1.0498046875,0.08544921875,0.439453125,0.0244140625,0.37841796875,-0.2685546875,-0.01220703125,-0.0732421875,0,-0.06103515625,0.20751953125,-0.2197265625,-0.03662109375,-0.1220703125,0.8056640625,-0.13427734375,-0.439453125,0.1220703125,-0.5615234375
0,0.5615234375,-0.32958984375,-0.09765625,-0.30517578125,0.15869140625,-0.4150390625,-0.0732421875,-0.03662109375,-0.06103515625,-0.03662109375,0.0244140625,-0.89111328125,-0.06103515625,1.11083984375,-0.10986328125,-0.146484375,-0.1220703125,-0.634765625,0.0732421875,-0.18310546875,-0.341796875,0.84228515625,0.13427734375,-0.62255859375,0.06103515625,7.9345703125,0.146484375,3.79638671875,0.2685546875,6.787109375,-0.03662109375,5.322265625,-0.01220703125,-0.341796875,-0.09765625,-0.87890625,-0.048828125,-0.42724609375,-0.244140625,-0.78125,-0.1708984375,-0.1708984375,0.08544921875,-0.67138671875,-0.13427734375,-0.439453125,0.146484375,0.69580078125,-0.146484375,1.18408203125,-0.23193359375,0.48828125,-0.1708984375,-0.244140625,-0.81787109375,0.7080078125,-0.03662109375,1.72119140625,0.15869140625,1.13525390625,-0.40283203125,1.2939453125,0.13427734375,1.55029296875,0.09765625,0.32958984375,-0.390625,1.06201171875,-0.15869140625,0.23193359375,-0.244140625,0.2197265625,-0.29296875,0.2685546875,-0.01220703125,0.78125,0.341796875,0,-0.1708984375,1.35498046875,0.10986328125,-1.01318359375,0.0244140625,-0.35400390625,0.01220703125,-1.0498046875,-0.244140625,-0.79345703125,0.0244140625,-0.84228515625,0.08544921875,0.2685546875,0.1220703125,0.341796875,0.23193359375,-0.42724609375,-0.244140625,-1.06201171875,-0.10986328125,-0.87890625,-0.09765625,-0.927734375,0.048828125,-0.47607421875,-0.146484375,-0.86669921875,-0.0244140625,-1.33056640625,-0.37841796875,-0.9765625,0.0732421875,0.5615234375,0.06103515625,0.390625,-0.25634765625,-0.01220703125,-0.0732421875,0,-0.048828125,0.20751953125,-0.2197265625,-0.0244140625,-0.1220703125,0.830078125,-0.146484375,-0.47607421875,0.0732421875,-0.5615234375
0,0.5126953125,-0.32958984375,-0.06103515625,-0.29296875,0.15869140625,-0.439453125,-0.06103515625,-0.03662109375,-0.08544921875,-0.03662109375,0.01220703125,-0.9033203125,-0.09765625,1.0986328125,-0.13427734375,-0.15869140625,-0.10986328125,-0.6103515625,-0.03662109375,-0.18310546875,-0.32958984375,0.84228515625,0.03662109375,-0.634765625,0.06103515625,8.056640625,0.09765625,3.80859375,0.30517578125,6.8359375,-0.0732421875,5.322265625,-0.01220703125,-0.3662109375,-0.08544921875,-0.89111328125,-0.048828125,-0.42724609375,-0.25634765625,-0.76904296875,-0.1708984375,-0.15869140625,0,-0.67138671875,-0.08544921875,-0.42724609375,0.0732421875,0.69580078125,-0.13427734375,1.15966796875,-0.2685546875,0.50048828125,-0.03662109375,-0.2197265625,-0.8056640625,0.732421875,0.03662109375,1.84326171875,0.13427734375,1.2939453125,-0.439453125,1.3916015625,0.0732421875,1.708984375,0.10986328125,0.341796875,-0.439453125,1.07421875,-0.1953125,0.23193359375,-0.23193359375,0.20751953125,-0.3173828125,0.2685546875,-0.01220703125,0.76904296875,0.390625,-0.0244140625,-0.048828125,1.35498046875,0.06103515625,-1.01318359375,0.03662109375,-0.37841796875,-0.0732421875,-1.0498046875,-0.25634765625,-0.79345703125,0.08544921875,-0.7568359375,0.03662109375,0.35400390625,0.01220703125,0.4638671875,0.30517578125,-0.28076171875,-0.244140625,-1.06201171875,-0.13427734375,-0.9033203125,-0.10986328125,-0.927734375,0.0732421875,-0.4638671875,-0.10986328125,-0.64697265625,-0.048828125,-1.171875,-0.341796875,-0.81787109375,0.08544921875,0.72021484375,0.0732421875,0.37841796875,-0.2685546875,-0.0244140625,-0.06103515625,0,0,0.2197265625,-0.244140625,0,-0.1220703125,0.84228515625,-0.146484375,-0.48828125,0.08544921875,-0.57373046875
0,0.4638671875,-0.35400390625,-0.03662109375,-0.29296875,0.146484375,-0.439453125,-0.08544921875,-0.03662109375,-0.15869140625,-0.01220703125,-0.01220703125,-0.87890625,-0.0732421875,1.0986328125,-0.1220703125,-0.146484375,-0.0244140625,-0.59814453125,-0.10986328125,-0.18310546875,-0.20751953125,0.8056640625,-0.0732421875,-0.634765625,0.15869140625,7.92236328125,0,3.662109375,0.2685546875,6.689453125,-0.0244140625,5.18798828125,-0.01220703125,-0.3662109375,-0.03662109375,-0.87890625,-0.048828125,-0.45166015625,-0.244140625,-0.78125,-0.1953125,-0.18310546875,0,-0.68359375,-0.03662109375,-0.4150390625,0,0.67138671875,-0.1220703125,1.1474609375,-0.30517578125,0.50048828125,0.03662109375,-0.1953125,-0.8056640625,0.732421875,0.0732421875,2.03857421875,0.1220703125,1.62353515625,-0.4150390625,1.5869140625,0.06103515625,1.953125,0.08544921875,0.32958984375,-0.4150390625,1.06201171875,-0.244140625,0.23193359375,-0.1953125,0.20751953125,-0.341796875,0.25634765625,0,0.830078125,0.4150390625,-0.01220703125,0.09765625,1.35498046875,-0.03662109375,-0.98876953125,0.01220703125,-0.35400390625,-0.1708984375,-1.07421875,-0.20751953125,-0.78125,0.10986328125,-0.67138671875,0,0.45166015625,-0.0244140625,0.5859375,0.30517578125,-0.13427734375,-0.25634765625,-1.03759765625,-0.13427734375,-0.9033203125,-0.09765625,-0.93994140625,0.0732421875,-0.4638671875,0.048828125,-0.37841796875,-0.0244140625,-1.0009765625,-0.30517578125,-0.68359375,0.146484375,0.93994140625,0.08544921875,0.37841796875,-0.28076171875,0,-0.06103515625,0,0.01220703125,0.2197265625,-0.1953125,0,-0.15869140625,0.81787109375,-0.146484375,-0.50048828125,0.0732421875,-0.5859375
0,0.4638671875,-0.3662109375,-0.0244140625,-0.28076171875,0.1953125,-0.4638671875,-0.0732421875,-0.048828125,-0.1953125,-0.01220703125,-0.01220703125,-0.86669921875,-0.1953125,1.0986328125,-0.1220703125,-0.1708984375,0.048828125,-0.59814453125,-0.146484375,-0.1708984375,-0.1220703125,0.79345703125,-0.20751953125,-0.634765625,0.2197265625,7.5927734375,-0.08544921875,3.43017578125,0.244140625,6.396484375,0.06103515625,4.9072265625,-0.06103515625,-0.37841796875,0.06103515625,-0.89111328125,-0.09765625,-0.47607421875,-0.1953125,-0.76904296875,-0.2685546875,-0.15869140625,0,-0.68359375,-0.0244140625,-0.40283203125,-0.06103515625,0.634765625,-0.0732421875,1.11083984375,-0.4150390625,0.50048828125,0.1220703125,-0.1708984375,-0.830078125,0.74462890625,0.13427734375,2.38037109375,0.06103515625,2.13623046875,-0.4638671875,1.86767578125,0.048828125,2.30712890625,0.0732421875,0.3173828125,-0.4150390625,1.07421875,-0.244140625,0.20751953125,-0.1953125,0.1953125,-0.35400390625,0.25634765625,0.0732421875,0.830078125,0.4150390625,-0.0244140625,0.23193359375,1.3427734375,-0.10986328125,-0.9765625,0,-0.35400390625,-0.20751953125,-1.06201171875,-0.15869140625,-0.8056640625,0.08544921875,-0.6103515625,-0.09765625,0.54931640625,-0.0732421875,0.68359375,0.244140625,-0.01220703125,-0.3173828125,-1.025390625,-0.08544921875,-0.91552734375,-0.0732421875,-0.93994140625,0.09765625,-0.439453125,0.01220703125,-0.13427734375,-0.1220703125,-0.8056640625,-0.32958984375,-0.5126953125,0.08544921875,1.1474609375,0.09765625,0.37841796875,-0.28076171875,0.01220703125,-0.08544921875,-0.0244140625,0.01220703125,0.2197265625,-0.18310546875,0.0244140625,-0.15869140625,0.81787109375,-0.146484375,-0.50048828125,0.09765625,-0.57373046875
0,0.4638671875,-0.3662109375,-0.01220703125,-0.30517578125,0.2197265625,-0.4638671875,-0.0732421875,-0.03662109375,-0.15869140625,0,0,-0.87890625,-0.1708984375,1.0986328125,-0.13427734375,-0.1708984375,0.09765625,-0.57373046875,-0.146484375,-0.1708984375,0.0732421875,0.79345703125,-0.32958984375,-0.634765625,0.1220703125,7.14111328125,-0.18310546875,3.11279296875,0.1220703125,6.01806640625,0.01220703125,4.5654296875,-0.06103515625,-0.390625,0.13427734375,-0.89111328125,-0.09765625,-0.48828125,-0.10986328125,-0.78125,-0.35400390625,-0.1953125,0.09765625,-0.68359375,-0.03662109375,-0.40283203125,-0.10986328125,0.62255859375,-0.0244140625,1.11083984375,-0.4150390625,0.48828125,0.15869140625,-0.20751953125,-0.8544921875,0.74462890625,0.146484375,2.81982421875,-0.0244140625,2.84423828125,-0.5859375,2.25830078125,0.06103515625,2.79541015625,0.01220703125,0.29296875,-0.3662109375,1.07421875,-0.2197265625,0.1953125,-0.1953125,0.20751953125,-0.3173828125,0.25634765625,0.146484375,0.86669921875,0.4638671875,-0.01220703125,0.32958984375,1.318359375,-0.146484375,-0.96435546875,-0.0244140625,-0.37841796875,-0.2197265625,-1.08642578125,-0.09765625,-0.8056640625,0.0244140625,-0.5615234375,-0.1708984375,0.59814453125,-0.08544921875,0.7568359375,0.1220703125,0.0732421875,-0.3173828125,-1.025390625,-0.048828125,-0.927734375,-0.09765625,-0.9521484375,0.09765625,-0.45166015625,-0.01220703125,0.048828125,-0.09765625,-0.62255859375,-0.3173828125,-0.37841796875,0.06103515625,1.35498046875,0.08544921875,0.3662109375,-0.2685546875,0.0244140625,-0.06103515625,-0.0244140625,0.0244140625,0.2197265625,-0.18310546875,0.01220703125,-0.1708984375,0.84228515625,-0.15869140625,-0.5126953125,0.08544921875,-0.57373046875
0,0.45166015625,-0.390625,-0.0244140625,-0.30517578125,0.2197265625,-0.47607421875,-0.03662109375,-0.0732421875,-0.08544921875,0.01220703125,-0.01220703125,-0.86669921875,-0.15869140625,1.0986328125,-0.1220703125,-0.18310546875,0.1220703125,-0.57373046875,-0.1220703125,-0.15869140625,0.2197265625,0.8056640625,-0.3662109375,-0.6103515625,0.06103515625,6.62841796875,-0.25634765625,2.81982421875,-0.0244140625,5.6640625,-0.0244140625,4.2724609375,-0.03662109375,-0.390625,0.23193359375,-0.89111328125,-0.13427734375,-0.52490234375,-0.06103515625,-0.78125,-0.4150390625,-0.20751953125,0.1953125,-0.67138671875,-0.13427734375,-0.40283203125,-0.0732421875,0.62255859375,0,1.0986328125,-0.47607421875,0.47607421875,0.1708984375,-0.1953125,-0.78125,0.732421875,0.1220703125,3.41796875,-0.09765625,3.7841796875,-0.5615234375,2.7099609375,0.08544921875,3.43017578125,-0.0732421875,0.28076171875,-0.29296875,1.07421875,-0.1953125,0.18310546875,-0.2197265625,0.1953125,-0.28076171875,0.244140625,0.2197265625,0.89111328125,0.45166015625,-0.01220703125,0.3662109375,1.318359375,-0.15869140625,-0.9765625,-0.0244140625,-0.40283203125,-0.146484375,-1.06201171875,-0.10986328125,-0.78125,0.048828125,-0.5859375,-0.18310546875,0.62255859375,-0.048828125,0.76904296875,0.01220703125,0.09765625,-0.29296875,-1.025390625,0,-0.96435546875,-0.08544921875,-0.9521484375,0.06103515625,-0.4638671875,0,0.20751953125,-0.06103515625,-0.50048828125,-0.2685546875,-0.2685546875,0.0244140625,1.52587890625,0.08544921875,0.3662109375,-0.2685546875,0.01220703125,-0.06103515625,-0.03662109375,0,0.23193359375,-0.146484375,0,-0.18310546875,0.84228515625,-0.15869140625,-0.5126953125,0.06103515625,-0.537109375
1,0.439453125,-0.390625,-0.0244140625,-0.30517578125,0.20751953125,-0.4638671875,-0.03662109375,-0.0732421875,-0.08544921875,0.01220703125,-0.01220703125,-0.86669921875,-0.20751953125,1.11083984375,-0.1220703125,-0.20751953125,0.09765625,-0.57373046875,-0.08544921875,-0.146484375,0.30517578125,0.830078125,-0.3173828125,-0.6103515625,0.01220703125,6.14013671875,-0.25634765625,2.57568359375,-0.1220703125,5.37109375,-0.09765625,3.99169921875,0,-0.40283203125,0.341796875,-0.9033203125,-0.10986328125,-0.5126953125,-0.0244140625,-0.78125,-0.4638671875,-0.23193359375,0.244140625,-0.68359375,-0.2685546875,-0.42724609375,-0.0244140625,0.59814453125,-0.0244140625,1.1474609375,-0.47607421875,0.4638671875,0.244140625,-0.20751953125,-0.76904296875,0.7080078125,0.0732421875,4.150390625,-0.1953125,4.833984375,-0.634765625,3.25927734375,0.10986328125,4.18701171875,-0.10986328125,0.25634765625,-0.25634765625,1.06201171875,-0.13427734375,0.15869140625,-0.25634765625,0.1953125,-0.244140625,0.23193359375,0.29296875,0.9033203125,0.5126953125,-0.0244140625,0.35400390625,1.318359375,-0.15869140625,-1.0009765625,0,-0.4150390625,-0.0732421875,-1.06201171875,-0.13427734375,-0.79345703125,0.0244140625,-0.62255859375,-0.1953125,0.59814453125,-0.08544921875,0.72021484375,-0.06103515625,0.0732421875,-0.1953125,-1.025390625,0.0244140625,-0.96435546875,-0.1220703125,-0.93994140625,-0.0244140625,-0.45166015625,-0.06103515625,0.244140625,-0.03662109375,-0.40283203125,-0.25634765625,-0.20751953125,0,1.62353515625,0.09765625,0.35400390625,-0.23193359375,0.01220703125,-0.06103515625,-0.03662109375,0,0.1953125,-0.1708984375,-0.0244140625,-0.146484375,0.79345703125,-0.146484375,-0.48828125,0.0732421875,-0.537109375
1,0.3662109375,-0.390625,0,-0.30517578125,0.146484375,-0.45166015625,-0.03662109375,-0.09765625,-0.146484375,0.048828125,-0.0244140625,-0.86669921875,-0.15869140625,1.0986328125,-0.13427734375,-0.18310546875,0.01220703125,-0.5859375,-0.01220703125,-0.13427734375,0.32958984375,0.8544921875,-0.23193359375,-0.59814453125,-0.06103515625,5.712890625,-0.28076171875,2.3681640625,-0.1953125,5.126953125,-0.146484375,3.79638671875,0.08544921875,-0.40283203125,0.37841796875,-0.89111328125,-0.06103515625,-0.537109375,-0.01220703125,-0.76904296875,-0.50048828125,-0.23193359375,0.3173828125,-0.67138671875,-0.4150390625,-0.42724609375,0.03662109375,0.57373046875,0,1.171875,-0.4638671875,0.45166015625,0.28076171875,-0.20751953125,-0.5859375,0.7080078125,0,4.96826171875,-0.15869140625,6.01806640625,-0.5615234375,3.84521484375,0.1220703125,5.029296875,-0.09765625,0.2197265625,-0.2197265625,1.06201171875,-0.06103515625,0.15869140625,-0.30517578125,0.1953125,-0.2197265625,0.2197265625,0.35400390625,0.9033203125,0.52490234375,-0.03662109375,0.29296875,1.318359375,-0.13427734375,-0.98876953125,0.01220703125,-0.42724609375,0.01220703125,-1.0498046875,-0.1953125,-0.8056640625,0.03662109375,-0.68359375,-0.18310546875,0.5126953125,-0.146484375,0.6103515625,-0.1220703125,-0.03662109375,-0.244140625,-1.06201171875,-0.01220703125,-0.96435546875,-0.1953125,-0.927734375,-0.0732421875,-0.47607421875,-0.09765625,0.20751953125,-0.0244140625,-0.390625,-0.25634765625,-0.20751953125,-0.01220703125,1.62353515625,0.08544921875,0.3662109375,-0.18310546875,0.01220703125,-0.06103515625,-0.048828125,-0.01220703125,0.1953125,-0.1708984375,-0.03662109375,-0.1220703125,0.79345703125,-0.1220703125,-0.4638671875,0.06103515625,-0.52490234375
1,0.32958984375,-0.390625,-0.03662109375,-0.30517578125,0.146484375,-0.42724609375,-0.0244140625,-0.0732421875,-0.146484375,0.06103515625,-0.0244140625,-0.87890625,-0.23193359375,1.11083984375,-0.09765625,-0.15869140625,-0.048828125,-0.59814453125,0.08544921875,-0.13427734375,0.2685546875,0.86669921875,-0.06103515625,-0.5859375,-0.09765625,5.40771484375,-0.28076171875,2.25830078125,-0.2197265625,4.99267578125,-0.1953125,3.67431640625,0.1708984375,-0.40283203125,0.341796875,-0.9033203125,-0.01220703125,-0.52490234375,-0.0732421875,-0.79345703125,-0.439453125,-0.244140625,0.25634765625,-0.6591796875,-0.48828125,-0.439453125,0.1220703125,0.57373046875,0.048828125,1.18408203125,-0.48828125,0.47607421875,0.3173828125,-0.2197265625,-0.42724609375,0.69580078125,-0.10986328125,5.82275390625,-0.341796875,7.1533203125,-0.5859375,4.443359375,0.01220703125,5.89599609375,-0.03662109375,0.20751953125,-0.146484375,1.03759765625,-0.0244140625,0.15869140625,-0.30517578125,0.20751953125,-0.244140625,0.20751953125,0.3662109375,0.87890625,0.48828125,-0.06103515625,0.20751953125,1.318359375,-0.1220703125,-0.98876953125,0.048828125,-0.42724609375,0.1220703125,-1.03759765625,-0.244140625,-0.79345703125,0.10986328125,-0.74462890625,-0.15869140625,0.4150390625,-0.13427734375,0.48828125,-0.0732421875,-0.13427734375,-0.2685546875,-1.08642578125,-0.09765625,-0.9521484375,-0.25634765625,-0.927734375,-0.13427734375,-0.47607421875,-0.146484375,0.09765625,-0.048828125,-0.439453125,-0.28076171875,-0.244140625,0.01220703125,1.59912109375,0.0732421875,0.37841796875,-0.1708984375,0,-0.0732421875,-0.048828125,-0.03662109375,0.1953125,-0.1953125,-0.048828125,-0.06103515625,0.78125,-0.09765625,-0.439453125,0.0244140625,-0.537109375
1,0.30517578125,-0.37841796875,0.01220703125,-0.3173828125,0.146484375,-0.4150390625,-0.03662109375,-0.06103515625,-0.13427734375,0.08544921875,-0.0244140625,-0.87890625,-0.23193359375,1.123046875,-0.09765625,-0.15869140625,-0.08544921875,-0.62255859375,0.18310546875,-0.146484375,0.1708984375,0.87890625,0.10986328125,-0.59814453125,-0.09765625,5.2490234375,-0.25634765625,2.2216796875,-0.09765625,4.91943359375,-0.1708984375,3.6376953125,0.244140625,-0.40283203125,0.244140625,-0.9033203125,0.048828125,-0.5126953125,-0.10986328125,-0.79345703125,-0.341796875,-0.23193359375,0.20751953125,-0.6591796875,-0.52490234375,-0.45166015625,0.20751953125,0.54931640625,0.10986328125,1.18408203125,-0.48828125,0.47607421875,0.35400390625,-0.23193359375,-0.2685546875,0.72021484375,-0.13427734375,6.62841796875,-0.37841796875,8.21533203125,-0.6103515625,4.9560546875,-0.01220703125,6.75048828125,0.06103515625,0.1953125,-0.0732421875,1.0498046875,0,0.18310546875,-0.28076171875,0.1953125,-0.23193359375,0.23193359375,0.32958984375,0.87890625,0.4638671875,-0.048828125,0.13427734375,1.30615234375,-0.13427734375,-0.9521484375,0.09765625,-0.42724609375,0.146484375,-1.025390625,-0.244140625,-0.76904296875,0.06103515625,-0.732421875,-0.09765625,0.341796875,-0.1953125,0.4150390625,-0.01220703125,-0.2197265625,-0.28076171875,-1.08642578125,-0.18310546875,-0.93994140625,-0.28076171875,-0.9521484375,-0.1708984375,-0.47607421875,-0.146484375,-0.048828125,-0.03662109375,-0.52490234375,-0.29296875,-0.30517578125,0.0732421875,1.4892578125,0.0732421875,0.3662109375,-0.13427734375,0.01220703125,-0.06103515625,-0.048828125,-0.0244140625,0.1953125,-0.1708984375,-0.048828125,-0.03662109375,0.78125,-0.0732421875,-0.439453125,0.01220703125,-0.5126953125
1,0.28076171875,-0.3662109375,0,-0.3173828125,0.146484375,-0.4150390625,-0.06103515625,-0.048828125,-0.15869140625,0.09765625,-0.03662109375,-0.87890625,-0.25634765625,1.0986328125,-0.06103515625,-0.13427734375,-0.10986328125,-0.62255859375,0.28076171875,-0.1708984375,0.09765625,0.89111328125,0.23193359375,-0.5859375,-0.1708984375,5.2001953125,-0.25634765625,2.24609375,-0.03662109375,4.931640625,-0.1708984375,3.64990234375,0.30517578125,-0.4150390625,0.13427734375,-0.9033203125,0.09765625,-0.48828125,-0.23193359375,-0.78125,-0.244140625,-0.23193359375,0.15869140625,-0.64697265625,-0.47607421875,-0.439453125,0.244140625,0.5859375,0.1220703125,1.1962890625,-0.40283203125,0.50048828125,0.35400390625,-0.20751953125,-0.146484375,0.72021484375,-0.1220703125,7.31201171875,-0.390625,9.0576171875,-0.48828125,5.3955078125,-0.048828125,7.43408203125,0.09765625,0.1953125,-0.01220703125,1.03759765625,-0.01220703125,0.1953125,-0.25634765625,0.23193359375,-0.15869140625,0.244140625,0.3173828125,0.84228515625,0.37841796875,-0.048828125,0.06103515625,1.318359375,-0.06103515625,-0.96435546875,0.15869140625,-0.42724609375,0.1708984375,-1.03759765625,-0.20751953125,-0.76904296875,0.0244140625,-0.5859375,-0.08544921875,0.3173828125,-0.23193359375,0.40283203125,0.0732421875,-0.23193359375,-0.29296875,-1.08642578125,-0.28076171875,-0.927734375,-0.28076171875,-0.93994140625,-0.15869140625,-0.47607421875,-0.10986328125,-0.20751953125,-0.048828125,-0.62255859375,-0.25634765625,-0.4150390625,0.13427734375,1.35498046875,0.0732421875,0.37841796875,-0.09765625,0.01220703125,-0.06103515625,-0.048828125,0,0.1953125,-0.18310546875,-0.048828125,0,0.76904296875,-0.08544921875,-0.4638671875,-0.03662109375,-0.52490234375
1,0.28076171875,-0.32958984375,-0.01220703125,-0.341796875,0.146484375,-0.40283203125,-0.06103515625,-0.03662109375,-0.1220703125,0.1220703125,-0.0732421875,-0.89111328125,-0.25634765625,1.0986328125,-0.03662109375,-0.1220703125,-0.10986328125,-0.6103515625,0.30517578125,-0.1708984375,0.048828125,0.87890625,0.341796875,-0.5859375,-0.18310546875,5.224609375,-0.2197265625,2.294921875,0.06103515625,4.98046875,-0.146484375,3.6865234375,0.341796875,-0.3662109375,0.01220703125,-0.89111328125,0.13427734375,-0.42724609375,-0.28076171875,-0.76904296875,-0.09765625,-0.1953125,0.1220703125,-0.64697265625,-0.390625,-0.439453125,0.244140625,0.62255859375,0.06103515625,1.171875,-0.30517578125,0.52490234375,0.35400390625,-0.1953125,-0.10986328125,0.72021484375,-0.10986328125,7.80029296875,-0.42724609375,9.619140625,-0.4638671875,5.65185546875,-0.09765625,7.89794921875,0.1220703125,0.1953125,0.09765625,1.0498046875,-0.03662109375,0.20751953125,-0.20751953125,0.20751953125,-0.048828125,0.244140625,0.3173828125,0.84228515625,0.244140625,-0.048828125,0,1.33056640625,0,-0.9521484375,0.18310546875,-0.40283203125,0.13427734375,-1.025390625,-0.15869140625,-0.76904296875,0.0244140625,-0.20751953125,-0.0732421875,0.439453125,-0.1708984375,0.5126953125,0.1708984375,-0.08544921875,-0.30517578125,-1.08642578125,-0.390625,-0.9033203125,-0.29296875,-0.9521484375,-0.18310546875,-0.48828125,-0.01220703125,-0.32958984375,0,-0.7080078125,-0.23193359375,-0.50048828125,0.146484375,1.2451171875,0.0732421875,0.390625,-0.08544921875,0,-0.0732421875,-0.0732421875,-0.01220703125,0.2197265625,-0.15869140625,-0.03662109375,-0.0244140625,0.7568359375,-0.08544921875,-0.47607421875,-0.03662109375,-0.52490234375
1,0.23193359375,-0.32958984375,-0.01220703125,-0.3662109375,0.146484375,-0.390625,-0.08544921875,-0.03662109375,-0.09765625,0.146484375,-0.0732421875,-0.87890625,-0.20751953125,1.11083984375,-0.01220703125,-0.1220703125,-0.09765625,-0.6103515625,0.244140625,-0.1708984375,0.06103515625,0.87890625,0.32958984375,-0.5859375,-0.13427734375,5.31005859375,-0.2197265625,2.35595703125,0.1220703125,5.01708984375,-0.146484375,3.74755859375,0.3173828125,-0.341796875,-0.08544921875,-0.89111328125,0.09765625,-0.42724609375,-0.341796875,-0.78125,0.0732421875,-0.1708984375,0.08544921875,-0.634765625,-0.2685546875,-0.45166015625,0.2197265625,0.634765625,-0.03662109375,1.1474609375,-0.18310546875,0.5126953125,0.35400390625,-0.15869140625,0.0244140625,0.72021484375,-0.06103515625,7.99560546875,-0.42724609375,9.765625,-0.40283203125,5.76171875,-0.048828125,8.0810546875,0.1220703125,0.20751953125,0.1953125,1.0498046875,-0.048828125,0.1953125,-0.15869140625,0.1953125,0.048828125,0.2685546875,0.29296875,0.830078125,0.13427734375,-0.048828125,-0.048828125,1.318359375,0.0732421875,-0.9521484375,0.20751953125,-0.40283203125,0.0244140625,-1.025390625,-0.08544921875,-0.7568359375,-0.06103515625,0.35400390625,-0.0732421875,0.6591796875,-0.146484375,0.78125,0.20751953125,0.23193359375,-0.341796875,-1.07421875,-0.45166015625,-0.87890625,-0.25634765625,-0.96435546875,-0.1953125,-0.48828125,0.09765625,-0.42724609375,-0.0244140625,-0.81787109375,-0.1708984375,-0.5615234375,0.1220703125,1.15966796875,0.0732421875,0.390625,-0.0732421875,0.01220703125,-0.0732421875,-0.08544921875,0,0.23193359375,-0.1708984375,0,-0.01220703125,0.76904296875,-0.08544921875,-0.5126953125,-0.048828125,-0.537109375
1,0.2197265625,-0.3173828125,0.03662109375,-0.390625,0.146484375,-0.390625,-0.1220703125,-0.0244140625,-0.06103515625,0.18310546875,-0.09765625,-0.87890625,-0.25634765625,1.0986328125,-0.01220703125,-0.13427734375,-0.0732421875,-0.59814453125,0.13427734375,-0.1708984375,0.10986328125,0.89111328125,0.2197265625,-0.57373046875,-0.0244140625,5.33447265625,-0.146484375,2.3681640625,0.146484375,4.98046875,-0.0732421875,3.7353515625,0.1953125,-0.341796875,-0.1953125,-0.87890625,0.03662109375,-0.40283203125,-0.32958984375,-0.79345703125,0.146484375,-0.15869140625,0.08544921875,-0.6591796875,-0.1708984375,-0.42724609375,0.18310546875,0.6591796875,-0.13427734375,1.11083984375,-0.10986328125,0.5126953125,0.32958984375,-0.146484375,0.06103515625,0.732421875,-0.01220703125,7.92236328125,-0.4150390625,9.50927734375,-0.3662109375,5.615234375,-0.03662109375,7.8857421875,0.09765625,0.1953125,0.23193359375,1.03759765625,-0.0732421875,0.2197265625,-0.10986328125,0.20751953125,0.15869140625,0.28076171875,0.28076171875,0.830078125,0.048828125,-0.0244140625,-0.09765625,1.33056640625,0.1220703125,-0.9521484375,0.2197265625,-0.40283203125,-0.0732421875,-1.03759765625,-0.01220703125,-0.74462890625,-0.1220703125,1.13525390625,-0.09765625,1.06201171875,-0.03662109375,1.23291015625,0.15869140625,0.732421875,-0.3173828125,-1.07421875,-0.4638671875,-0.89111328125,-0.2197265625,-0.96435546875,-0.15869140625,-0.48828125,0.1220703125,-0.45166015625,-0.048828125,-0.86669921875,-0.146484375,-0.6103515625,0.09765625,1.07421875,0.06103515625,0.37841796875,-0.0732421875,0.01220703125,-0.06103515625,-0.0732421875,0.01220703125,0.2197265625,-0.1708984375,-0.01220703125,-0.03662109375,0.78125,-0.10986328125,-0.537109375,-0.048828125,-0.537109375
1,0.20751953125,-0.3173828125,0.0244140625,-0.40283203125,0.18310546875,-0.390625,-0.1220703125,-0.048828125,-0.048828125,0.20751953125,-0.09765625,-0.87890625,-0.25634765625,1.11083984375,-0.0244140625,-0.146484375,-0.06103515625,-0.537109375,0.03662109375,-0.15869140625,0.146484375,0.87890625,0.0732421875,-0.59814453125,0.0732421875,5.2734375,-0.15869140625,2.3193359375,0.15869140625,4.8828125,0.0244140625,3.662109375,0.0732421875,-0.35400390625,-0.244140625,-0.89111328125,-0.03662109375,-0.40283203125,-0.32958984375,-0.7568359375,0.2197265625,-0.146484375,0.1220703125,-0.6591796875,-0.09765625,-0.42724609375,0.1953125,0.67138671875,-0.20751953125,1.0986328125,-0.048828125,0.5126953125,0.30517578125,-0.1220703125,0.146484375,0.732421875,0.048828125,7.50732421875,-0.45166015625,8.85009765625,-0.32958984375,5.322265625,0,7.421875,0.08544921875,0.2197265625,0.2685546875,1.03759765625,-0.09765625,0.2197265625,-0.0732421875,0.18310546875,0.244140625,0.28076171875,0.1953125,0.830078125,-0.01220703125,-0.01220703125,-0.1220703125,1.318359375,0.15869140625,-0.93994140625,0.18310546875,-0.40283203125,-0.1708984375,-1.025390625,0.03662109375,-0.78125,-0.0244140625,2.1240234375,-0.13427734375,1.5869140625,0.048828125,1.81884765625,0.1220703125,1.3916015625,-0.35400390625,-1.06201171875,-0.47607421875,-0.89111328125,-0.13427734375,-0.9765625,-0.146484375,-0.47607421875,0.15869140625,-0.42724609375,0,-0.86669921875,-0.08544921875,-0.62255859375,0.10986328125,1.06201171875,0.0732421875,0.37841796875,-0.048828125,0.03662109375,-0.0732421875,-0.09765625,0.0244140625,0.23193359375,-0.146484375,0,-0.0732421875,0.81787109375,-0.1220703125,-0.57373046875,-0.06103515625,-0.54931640625
1,0.1953125,-0.32958984375,0.0732421875,-0.390625,0.1953125,-0.390625,-0.146484375,-0.048828125,-0.10986328125,0.244140625,-0.10986328125,-0.87890625,-0.25634765625,1.11083984375,-0.0244140625,-0.1708984375,-0.01220703125,-0.5615234375,-0.048828125,-0.1708984375,0.18310546875,0.87890625,-0.1220703125,-0.59814453125,0.23193359375,5.029296875,-0.20751953125,2.16064453125,0.10986328125,4.6875,0.08544921875,3.47900390625,-0.0732421875,-0.341796875,-0.1953125,-0.86669921875,-0.08544921875,-0.40283203125,-0.32958984375,-0.76904296875,0.10986328125,-0.15869140625,0.1220703125,-0.6591796875,-0.06103515625,-0.4150390625,0.2197265625,0.6591796875,-0.244140625,1.11083984375,-0.06103515625,0.50048828125,0.37841796875,-0.1220703125,0.2197265625,0.732421875,0.10986328125,6.8115234375,-0.4150390625,7.82470703125,-0.25634765625,4.8095703125,0.09765625,6.62841796875,0.08544921875,0.1953125,0.2685546875,1.03759765625,-0.10986328125,0.2197265625,-0.0244140625,0.1708984375,0.32958984375,0.25634765625,0.1220703125,0.84228515625,-0.08544921875,0,-0.1220703125,1.318359375,0.1708984375,-0.93994140625,0.18310546875,-0.40283203125,-0.20751953125,-1.03759765625,0.048828125,-0.79345703125,0.01220703125,3.271484375,-0.1953125,2.1728515625,0.06103515625,2.5146484375,0.06103515625,2.16064453125,-0.37841796875,-1.06201171875,-0.4150390625,-0.927734375,-0.06103515625,-0.96435546875,-0.10986328125,-0.47607421875,0.13427734375,-0.37841796875,0.01220703125,-0.86669921875,-0.09765625,-0.62255859375,0.08544921875,1.0498046875,0.06103515625,0.37841796875,-0.03662109375,0.03662109375,-0.0732421875,-0.0732421875,0.01220703125,0.244140625,-0.1708984375,-0.01220703125,-0.09765625,0.79345703125,-0.1220703125,-0.59814453125,-0.06103515625,-0.5615234375
1,0.15869140625,-0.341796875,0.06103515625,-0.3662109375,0.2197265625,-0.40283203125,-0.1220703125,-0.03662109375,-0.09765625,0.2685546875,-0.09765625,-0.86669921875,-0.23193359375,1.08642578125,-0.0244140625,-0.1708984375,0.0244140625,-0.537109375,-0.06103515625,-0.1708984375,0.18310546875,0.86669921875,-0.29296875,-0.62255859375,0.35400390625,4.62646484375,-0.1953125,1.91650390625,0.10986328125,4.39453125,0.23193359375,3.21044921875,-0.18310546875,-0.3662109375,-0.146484375,-0.87890625,-0.09765625,-0.40283203125,-0.32958984375,-0.76904296875,-0.06103515625,-0.1708984375,0.146484375,-0.67138671875,-0.09765625,-0.42724609375,0.29296875,0.67138671875,-0.2685546875,1.11083984375,-0.0732421875,0.47607421875,0.390625,-0.15869140625,0.1708984375,0.74462890625,0.09765625,5.8837890625,-0.40283203125,6.53076171875,-0.18310546875,4.18701171875,0.048828125,5.5908203125,0.10986328125,0.1953125,0.244140625,1.03759765625,-0.09765625,0.20751953125,-0.0244140625,0.146484375,0.3662109375,0.25634765625,0.06103515625,0.830078125,-0.09765625,-0.01220703125,-0.1220703125,1.30615234375,0.18310546875,-0.96435546875,0.13427734375,-0.390625,-0.1708984375,-1.03759765625,0.01220703125,-0.78125,0.1708984375,4.4921875,-0.2197265625,2.81982421875,0.13427734375,3.23486328125,0.03662109375,2.978515625,-0.47607421875,-1.0498046875,-0.341796875,-0.9521484375,0.0244140625,-0.9521484375,-0.08544921875,-0.4638671875,0.01220703125,-0.3173828125,-0.048828125,-0.87890625,-0.146484375,-0.5859375,0.06103515625,1.0498046875,0.03662109375,0.37841796875,-0.0244140625,0.0244140625,-0.06103515625,-0.048828125,0,0.23193359375,-0.1708984375,0,-0.0732421875,0.8056640625,-0.13427734375,-0.5859375,-0.0732421875,-0.5615234375
1,0.13427734375,-0.35400390625,0.0732421875,-0.35400390625,0.23193359375,-0.42724609375,-0.09765625,-0.03662109375,-0.09765625,0.28076171875,-0.09765625,-0.8544921875,-0.1708984375,1.07421875,-0.0244140625,-0.1953125,0,-0.52490234375,-0.06103515625,-0.146484375,0.13427734375,0.87890625,-0.390625,-0.6103515625,0.390625,4.0283203125,-0.23193359375,1.5869140625,0.03662109375,3.9794921875,0.244140625,2.86865234375,-0.23193359375,-0.3662109375,-0.08544921875,-0.86669921875,-0.048828125,-0.4150390625,-0.30517578125,-0.74462890625,-0.2197265625,-0.1708984375,0.13427734375,-0.67138671875,-0.1708984375,-0.4150390625,0.32958984375,0.67138671875,-0.2197265625,1.13525390625,-0.10986328125,0.42724609375,0.3173828125,-0.1953125,0.1708984375,0.74462890625,0.13427734375,4.79736328125,-0.3662109375,5.1025390625,-0.1220703125,3.47900390625,0.06103515625,4.45556640625,0.1708984375,0.1953125,0.23193359375,1.03759765625,-0.09765625,0.20751953125,-0.0244140625,0.15869140625,0.390625,0.244140625,-0.01220703125,0.86669921875,-0.08544921875,-0.01220703125,-0.146484375,1.30615234375,0.1708984375,-0.9765625,0.10986328125,-0.40283203125,-0.09765625,-1.025390625,-0.0732421875,-0.79345703125,0.244140625,5.6396484375,-0.29296875,3.43017578125,0.10986328125,3.96728515625,0,3.7353515625,-0.50048828125,-1.06201171875,-0.244140625,-0.9521484375,0.06103515625,-0.927734375,-0.048828125,-0.48828125,0.0244140625,-0.28076171875,0.0244140625,-0.86669921875,-0.06103515625,-0.57373046875,0.1220703125,1.06201171875,0.0244140625,0.3662109375,-0.0244140625,0.0244140625,-0.0732421875,-0.03662109375,-0.01220703125,0.1953125,-0.20751953125,-0.048828125,-0.09765625,0.79345703125,-0.10986328125,-0.54931640625,-0.0732421875,-0.57373046875
1,0.13427734375,-0.3662109375,0.06103515625,-0.3173828125,0.1953125,-0.439453125,-0.10986328125,-0.048828125,-0.0732421875,0.28076171875,-0.10986328125,-0.8544921875,-0.18310546875,1.08642578125,-0.048828125,-0.1708984375,-0.06103515625,-0.54931640625,-0.06103515625,-0.13427734375,0.01220703125,0.8544921875,-0.3662109375,-0.62255859375,0.4150390625,3.25927734375,-0.2197265625,1.18408203125,0.01220703125,3.50341796875,0.25634765625,2.44140625,-0.25634765625,-0.40283203125,0.03662109375,-0.87890625,0.0732421875,-0.4150390625,-0.32958984375,-0.74462890625,-0.341796875,-0.1708984375,0.048828125,-0.67138671875,-0.29296875,-0.45166015625,0.3173828125,0.6591796875,-0.1953125,1.15966796875,-0.18310546875,0.4150390625,0.2197265625,-0.20751953125,0.1708984375,0.7568359375,0.18310546875,3.67431640625,-0.28076171875,3.64990234375,-0.03662109375,2.734375,0.10986328125,3.28369140625,0.1708984375,0.1953125,0.15869140625,1.03759765625,-0.06103515625,0.23193359375,-0.06103515625,0.15869140625,0.37841796875,0.25634765625,-0.03662109375,0.86669921875,-0.0244140625,0,-0.18310546875,1.30615234375,0.15869140625,-0.9765625,0.08544921875,-0.439453125,0.03662109375,-1.01318359375,-0.146484375,-0.79345703125,0.28076171875,6.689453125,-0.2685546875,3.94287109375,0.09765625,4.5654296875,0.0244140625,4.39453125,-0.537109375,-1.07421875,-0.146484375,-0.96435546875,0.03662109375,-0.9033203125,-0.06103515625,-0.4638671875,-0.01220703125,-0.28076171875,0,-0.89111328125,-0.1220703125,-0.5859375,0.0732421875,1.03759765625,0,0.35400390625,-0.03662109375,0.01220703125,-0.08544921875,0,0.01220703125,0.1953125,-0.20751953125,-0.06103515625,-0.10986328125,0.79345703125,-0.10986328125,-0.5126953125,-0.08544921875,-0.54931640625
1,0.13427734375,-0.37841796875,0.1220703125,-0.30517578125,0.15869140625,-0.439453125,-0.06103515625,-0.048828125,-0.0244140625,0.25634765625,-0.1220703125,-0.86669921875,-0.20751953125,1.0986328125,-0.03662109375,-0.18310546875,-0.146484375,-0.537109375,-0.08544921875,-0.146484375,-0.1220703125,0.87890625,-0.2685546875,-0.62255859375,0.37841796875,2.4169921875,-0.146484375,0.7568359375,-0.01220703125,3.02734375,0.20751953125,2.03857421875,-0.15869140625,-0.4150390625,0.06103515625,-0.87890625,0.146484375,-0.439453125,-0.40283203125,-0.72021484375,-0.390625,-0.18310546875,0.0244140625,-0.68359375,-0.40283203125,-0.45166015625,0.3173828125,0.6591796875,-0.1708984375,1.15966796875,-0.23193359375,0.390625,0.09765625,-0.2197265625,0.08544921875,0.732421875,0.1708984375,2.587890625,-0.1708984375,2.30712890625,-0.0244140625,2.01416015625,0.08544921875,2.197265625,0.2197265625,0.2197265625,0.06103515625,1.03759765625,-0.048828125,0.2197265625,-0.10986328125,0.18310546875,0.3173828125,0.25634765625,-0.048828125,0.84228515625,0.0732421875,-0.01220703125,-0.23193359375,1.30615234375,0.1220703125,-0.9765625,0.06103515625,-0.4150390625,0.1220703125,-1.0009765625,-0.25634765625,-0.79345703125,0.23193359375,7.50732421875,-0.3173828125,4.33349609375,-0.01220703125,5.029296875,0.03662109375,4.8828125,-0.50048828125,-1.06201171875,-0.10986328125,-0.93994140625,-0.01220703125,-0.87890625,-0.048828125,-0.47607421875,-0.06103515625,-0.3173828125,-0.0244140625,-0.91552734375,-0.146484375,-0.634765625,0.06103515625,0.98876953125,-0.01220703125,0.3662109375,-0.0244140625,0,-0.0732421875,0.01220703125,0,0.18310546875,-0.2197265625,-0.08544921875,-0.09765625,0.81787109375,-0.09765625,-0.47607421875,-0.08544921875,-0.5615234375
0,0.15869140625,-0.3662109375,0.09765625,-0.29296875,0.1708984375,-0.439453125,-0.048828125,-0.048828125,-0.03662109375,0.23193359375,-0.146484375,-0.8544921875,-0.20751953125,1.0986328125,-0.06103515625,-0.1708984375,-0.244140625,-0.57373046875,-0.048828125,-0.146484375,-0.244140625,0.87890625,-0.1220703125,-0.62255859375,0.25634765625,1.59912109375,-0.1708984375,0.3662109375,-0.09765625,2.57568359375,0.08544921875,1.62353515625,-0.048828125,-0.4150390625,0.146484375,-0.87890625,0.23193359375,-0.45166015625,-0.40283203125,-0.7080078125,-0.37841796875,-0.18310546875,-0.08544921875,-0.6591796875,-0.45166015625,-0.47607421875,0.29296875,0.68359375,-0.0732421875,1.15966796875,-0.29296875,0.40283203125,0.03662109375,-0.20751953125,0.0732421875,0.7568359375,0.048828125,1.59912109375,-0.25634765625,1.1474609375,-0.0732421875,1.3916015625,0.06103515625,1.23291015625,0.244140625,0.2197265625,-0.0244140625,1.025390625,-0.03662109375,0.23193359375,-0.15869140625,0.18310546875,0.28076171875,0.25634765625,-0.10986328125,0.8544921875,0.1953125,-0.0244140625,-0.29296875,1.30615234375,0.0732421875,-1.0009765625,0.06103515625,-0.42724609375,0.1953125,-1.0009765625,-0.3173828125,-0.8056640625,0.0732421875,8.02001953125,-0.35400390625,4.5166015625,-0.1220703125,5.28564453125,0.06103515625,5.126953125,-0.390625,-1.06201171875,-0.06103515625,-0.93994140625,-0.08544921875,-0.89111328125,-0.0244140625,-0.48828125,-0.01220703125,-0.40283203125,-0.01220703125,-0.98876953125,-0.20751953125,-0.6591796875,0.0732421875,0.91552734375,-0.0244140625,0.35400390625,-0.048828125,-0.01220703125,-0.0732421875,0.01220703125,0,0.1953125,-0.23193359375,-0.09765625,-0.10986328125,0.8056640625,-0.08544921875,-0.4638671875,-0.06103515625,-0.5615234375
0,0.1220703125,-0.3662109375,0.1220703125,-0.29296875,0.1708984375,-0.42724609375,-0.03662109375,-0.048828125,-0.048828125,0.1953125,-0.1708984375,-0.8544921875,-0.23193359375,1.0986328125,-0.06103515625,-0.15869140625,-0.25634765625,-0.62255859375,-0.01220703125,-0.146484375,-0.3173828125,0.89111328125,0.01220703125,-0.634765625,0.1708984375,0.87890625,-0.20751953125,0.048828125,-0.15869140625,2.2216796875,-0.048828125,1.2939453125,0.01220703125,-0.42724609375,0.25634765625,-0.87890625,0.29296875,-0.439453125,-0.30517578125,-0.68359375,-0.341796875,-0.1953125,-0.20751953125,-0.6591796875,-0.45166015625,-0.47607421875,0.29296875,0.6591796875,0.0244140625,1.1474609375,-0.341796875,0.42724609375,0,-0.20751953125,0,0.7568359375,0.048828125,0.79345703125,-0.13427734375,0.28076171875,-0.01220703125,0.91552734375,0.2197265625,0.48828125,0.23193359375,0.25634765625,-0.09765625,1.025390625,-0.03662109375,0.23193359375,-0.20751953125,0.20751953125,0.15869140625,0.244140625,-0.15869140625,0.8056640625,0.29296875,-0.0244140625,-0.3173828125,1.30615234375,0.01220703125,-1.0009765625,0.06103515625,-0.439453125,0.1708984375,-1.01318359375,-0.30517578125,-0.8056640625,0.06103515625,8.1787109375,-0.3173828125,4.5654296875,-0.1708984375,5.3466796875,0.09765625,5.16357421875,-0.28076171875,-1.07421875,-0.01220703125,-0.927734375,-0.13427734375,-0.89111328125,0.0244140625,-0.48828125,0.01220703125,-0.4638671875,-0.03662109375,-1.06201171875,-0.2685546875,-0.732421875,0.10986328125,0.8544921875,-0.048828125,0.35400390625,-0.06103515625,-0.0244140625,-0.06103515625,0.01220703125,0.01220703125,0.1953125,-0.23193359375,-0.0732421875,-0.0732421875,0.81787109375,-0.06103515625,-0.439453125,-0.06103515625,-0.537109375
0,0.048828125,-0.35400390625,0.13427734375,-0.28076171875,0.1953125,-0.42724609375,-0.03662109375,-0.0732421875,-0.048828125,0.146484375,-0.1708984375,-0.86669921875,-0.1708984375,1.123046875,-0.06103515625,-0.18310546875,-0.23193359375,-0.64697265625,0.0244140625,-0.15869140625,-0.25634765625,0.87890625,0.06103515625,-0.62255859375,0.03662109375,0.4150390625,-0.2685546875,-0.13427734375,-0.25634765625,1.96533203125,-0.1708984375,1.07421875,0.048828125,-0.439453125,0.30517578125,-0.89111328125,0.28076171875,-0.4638671875,-0.341796875,-0.64697265625,-0.25634765625,-0.1953125,-0.2685546875,-0.64697265625,-0.40283203125,-0.47607421875,0.244140625,0.64697265625,0.08544921875,1.123046875,-0.341796875,0.45166015625,-0.01220703125,-0.18310546875,-0.10986328125,0.7568359375,-0.0244140625,0.244140625,-0.048828125,-0.25634765625,0.0244140625,0.57373046875,0.28076171875,-0.01220703125,0.23193359375,0.244140625,-0.15869140625,1.03759765625,-0.048828125,0.23193359375,-0.2197265625,0.2197265625,0.03662109375,0.244140625,-0.1708984375,0.78125,0.32958984375,-0.0244140625,-0.32958984375,1.318359375,-0.01220703125,-1.01318359375,0.0732421875,-0.42724609375,0.146484375,-1.0009765625,-0.244140625,-0.79345703125,0.03662109375,8.0078125,-0.3173828125,4.4189453125,-0.18310546875,5.18798828125,0.10986328125,4.98046875,-0.18310546875,-1.07421875,0.06103515625,-0.91552734375,-0.1953125,-0.9033203125,0.03662109375,-0.47607421875,0.03662109375,-0.5126953125,-0.048828125,-1.11083984375,-0.30517578125,-0.78125,0.13427734375,0.76904296875,-0.03662109375,0.3662109375,-0.08544921875,0,-0.08544921875,0,0.03662109375,0.20751953125,-0.1953125,-0.048828125,-0.048828125,0.830078125,-0.048828125,-0.45166015625,-0.03662109375,-0.537109375
0,0,-0.341796875,0.15869140625,-0.3173828125,0.20751953125,-0.42724609375,-0.06103515625,-0.048828125,-0.03662109375,0.08544921875,-0.1953125,-0.87890625,-0.18310546875,1.11083984375,-0.03662109375,-0.1708984375,-0.18310546875,-0.6591796875,0.048828125,-0.15869140625,-0.146484375,0.86669921875,0.0732421875,-0.59814453125,-0.048828125,0.28076171875,-0.341796875,-0.18310546875,-0.35400390625,1.94091796875,-0.2685546875,1.03759765625,0.06103515625,-0.4150390625,0.37841796875,-0.89111328125,0.25634765625,-0.4638671875,-0.23193359375,-0.634765625,-0.18310546875,-0.1953125,-0.30517578125,-0.634765625,-0.341796875,-0.45166015625,0.18310546875,0.64697265625,0.10986328125,1.11083984375,-0.29296875,0.47607421875,-0.048828125,-0.1953125,-0.23193359375,0.74462890625,-0.146484375,-0.08544921875,-0.09765625,-0.5126953125,0.01220703125,0.3662109375,0.29296875,-0.244140625,0.18310546875,0.2685546875,-0.1953125,1.025390625,-0.10986328125,0.2197265625,-0.20751953125,0.2197265625,-0.03662109375,0.2197265625,-0.1953125,0.78125,0.3173828125,-0.048828125,-0.30517578125,1.318359375,-0.048828125,-1.0009765625,0.09765625,-0.42724609375,0.0732421875,-0.98876953125,-0.13427734375,-0.8056640625,-0.10986328125,7.53173828125,-0.30517578125,4.16259765625,-0.1708984375,4.89501953125,0.08544921875,4.6630859375,-0.146484375,-1.07421875,0.13427734375,-0.91552734375,-0.2197265625,-0.927734375,0.01220703125,-0.47607421875,-0.0244140625,-0.537109375,-0.09765625,-1.11083984375,-0.341796875,-0.78125,0.09765625,0.78125,-0.048828125,0.3662109375,-0.08544921875,0.01220703125,-0.08544921875,0.01220703125,0.048828125,0.2197265625,-0.18310546875,-0.03662109375,-0.08544921875,0.84228515625,-0.0244140625,-0.45166015625,-0.01220703125,-0.537109375
0,-0.06103515625,-0.341796875,0.146484375,-0.32958984375,0.20751953125,-0.42724609375,-0.06103515625,-0.048828125,-0.01220703125,0.048828125,-0.1953125,-0.8544921875,-0.146484375,1.11083984375,-0.048828125,-0.15869140625,-0.1220703125,-0.68359375,0.0244140625,-0.15869140625,0.06103515625,0.8544921875,0.01220703125,-0.5859375,-0.1220703125,0.50048828125,-0.37841796875,-0.03662109375,-0.45166015625,2.08740234375,-0.3173828125,1.1962890625,0.08544921875,-0.37841796875,0.45166015625,-0.9033203125,0.18310546875,-0.45166015625,-0.1708984375,-0.59814453125,-0.13427734375,-0.1953125,-0.25634765625,-0.64697265625,-0.29296875,-0.42724609375,0.146484375,0.64697265625,0.06103515625,1.0986328125,-0.20751953125,0.50048828125,-0.06103515625,-0.15869140625,-0.439453125,0.76904296875,-0.10986328125,-0.1953125,-0.01220703125,-0.47607421875,0.0732421875,0.30517578125,0.390625,-0.3173828125,0.15869140625,0.2685546875,-0.244140625,1.03759765625,-0.1220703125,0.20751953125,-0.23193359375,0.2197265625,-0.1220703125,0.2197265625,-0.18310546875,0.72021484375,0.30517578125,-0.03662109375,-0.2685546875,1.318359375,-0.048828125,-0.98876953125,0.1220703125,-0.390625,0.03662109375,-1.0009765625,-0.0244140625,-0.8056640625,-0.1953125,6.8603515625,-0.29296875,3.82080078125,-0.10986328125,4.50439453125,0.06103515625,4.248046875,-0.2197265625,-1.07421875,0.1708984375,-0.91552734375,-0.1953125,-0.927734375,-0.03662109375,-0.47607421875,0.0244140625,-0.47607421875,-0.06103515625,-1.07421875,-0.29296875,-0.74462890625,0.1220703125,0.830078125,-0.0244140625,0.37841796875,-0.08544921875,0.01220703125,-0.0732421875,0,0.06103515625,0.23193359375,-0.1708984375,0,-0.0732421875,0.84228515625,-0.0244140625,-0.47607421875,-0.01220703125,-0.52490234375
0,-0.1220703125,-0.341796875,0.15869140625,-0.30517578125,0.1953125,-0.4150390625,-0.06103515625,-0.048828125,0.03662109375,0,-0.18310546875,-0.84228515625,-0.1708984375,1.0986328125,-0.048828125,-0.146484375,-0.048828125,-0.634765625,0.01220703125,-0.146484375,0.2685546875,0.84228515625,-0.13427734375,-0.57373046875,-0.1220703125,1.13525390625,-0.40283203125,0.2685546875,-0.52490234375,2.45361328125,-0.30517578125,1.55029296875,0.048828125,-0.35400390625,0.50048828125,-0.89111328125,0.0732421875,-0.45166015625,-0.09765625,-0.57373046875,-0.1220703125,-0.18310546875,-0.146484375,-0.62255859375,-0.28076171875,-0.42724609375,0.10986328125,0.634765625,-0.0244140625,1.07421875,-0.15869140625,0.5126953125,-0.06103515625,-0.146484375,-0.5859375,0.74462890625,-0.18310546875,-0.0732421875,-0.03662109375,-0.25634765625,0.048828125,0.390625,0.32958984375,-0.20751953125,0.13427734375,0.2685546875,-0.2685546875,1.0498046875,-0.1708984375,0.1953125,-0.20751953125,0.1953125,-0.2197265625,0.20751953125,-0.15869140625,0.72021484375,0.3173828125,-0.048828125,-0.23193359375,1.318359375,-0.01220703125,-0.98876953125,0.146484375,-0.390625,0.0244140625,-0.98876953125,0.0732421875,-0.79345703125,-0.2197265625,6.06689453125,-0.244140625,3.45458984375,0,4.1015625,0.01220703125,3.80859375,-0.25634765625,-1.06201171875,0.18310546875,-0.91552734375,-0.20751953125,-0.9521484375,-0.1220703125,-0.47607421875,0.08544921875,-0.3662109375,-0.1220703125,-0.98876953125,-0.2685546875,-0.6591796875,0.0732421875,0.96435546875,-0.01220703125,0.37841796875,-0.08544921875,0.048828125,-0.08544921875,0,0.06103515625,0.2197265625,-0.15869140625,0,-0.06103515625,0.86669921875,-0.03662109375,-0.5126953125,-0.0244140625,-0.52490234375
0,-0.13427734375,-0.341796875,0.13427734375,-0.35400390625,0.1708984375,-0.42724609375,-0.08544921875,-0.048828125,0,-0.06103515625,-0.2197265625,-0.8544921875,-0.20751953125,1.07421875,-0.03662109375,-0.15869140625,0,-0.62255859375,-0.0244140625,-0.15869140625,0.40283203125,0.84228515625,-0.23193359375,-0.57373046875,-0.08544921875,2.099609375,-0.3173828125,0.76904296875,-0.537109375,3.01513671875,-0.2197265625,2.08740234375,-0.03662109375,-0.341796875,0.5126953125,-0.87890625,-0.03662109375,-0.45166015625,-0.03662109375,-0.5615234375,-0.1220703125,-0.1953125,-0.0732421875,-0.634765625,-0.28076171875,-0.42724609375,0.15869140625,0.64697265625,-0.10986328125,1.11083984375,-0.1220703125,0.5126953125,-0.09765625,-0.146484375,-0.67138671875,0.72021484375,-0.146484375,0.18310546875,-0.0244140625,0.10986328125,0.03662109375,0.537109375,0.30517578125,0.048828125,0.09765625,0.25634765625,-0.3173828125,1.06201171875,-0.244140625,0.15869140625,-0.20751953125,0.1953125,-0.341796875,0.20751953125,-0.13427734375,0.732421875,0.3173828125,-0.03662109375,-0.1220703125,1.318359375,0.048828125,-0.9765625,0.15869140625,-0.37841796875,0.0244140625,-0.9765625,0.1220703125,-0.78125,-0.23193359375,5.2978515625,-0.1708984375,3.1494140625,0.08544921875,3.7353515625,-0.0732421875,3.41796875,-0.341796875,-1.06201171875,0.1708984375,-0.927734375,-0.1708984375,-0.93994140625,-0.2197265625,-0.47607421875,0.0732421875,-0.20751953125,-0.10986328125,-0.86669921875,-0.23193359375,-0.54931640625,0.0732421875,1.123046875,-0.01220703125,0.37841796875,-0.10986328125,0.048828125,-0.08544921875,0.01220703125,0.0732421875,0.244140625,-0.13427734375,-0.0244140625,-0.0732421875,0.89111328125,-0.01220703125,-0.50048828125,-0.06103515625,-0.54931640625
0,-0.1953125,-0.32958984375,0.13427734375,-0.35400390625,0.1708984375,-0.42724609375,-0.09765625,-0.06103515625,-0.03662109375,-0.0732421875,-0.2197265625,-0.8544921875,-0.18310546875,1.0986328125,-0.048828125,-0.1708984375,0.048828125,-0.5859375,-0.0244140625,-0.146484375,0.4638671875,0.86669921875,-0.29296875,-0.5859375,-0.18310546875,3.30810546875,-0.30517578125,1.37939453125,-0.537109375,3.74755859375,-0.15869140625,2.7587890625,-0.13427734375,-0.35400390625,0.45166015625,-0.87890625,-0.10986328125,-0.439453125,-0.03662109375,-0.5615234375,-0.146484375,-0.1953125,0,-0.64697265625,-0.29296875,-0.439453125,0.1953125,0.62255859375,-0.146484375,1.1474609375,-0.0732421875,0.48828125,-0.06103515625,-0.15869140625,-0.7080078125,0.7080078125,-0.06103515625,0.52490234375,0.048828125,0.50048828125,0.10986328125,0.78125,0.341796875,0.37841796875,0.09765625,0.25634765625,-0.37841796875,1.0498046875,-0.28076171875,0.146484375,-0.15869140625,0.18310546875,-0.4638671875,0.2197265625,-0.10986328125,0.74462890625,0.32958984375,-0.03662109375,-0.0244140625,1.318359375,0.10986328125,-0.9765625,0.18310546875,-0.37841796875,0.048828125,-0.9765625,0.10986328125,-0.76904296875,-0.2197265625,4.6142578125,-0.146484375,2.9052734375,0.13427734375,3.4423828125,-0.13427734375,3.13720703125,-0.390625,-1.07421875,0.13427734375,-0.93994140625,-0.13427734375,-0.927734375,-0.25634765625,-0.4638671875,-0.03662109375,-0.048828125,-0.10986328125,-0.72021484375,-0.20751953125,-0.45166015625,0.06103515625,1.30615234375,-0.0244140625,0.37841796875,-0.09765625,0.06103515625,-0.06103515625,-0.01220703125,0.048828125,0.2197265625,-0.1220703125,-0.0244140625,-0.08544921875,0.86669921875,0,-0.5126953125,-0.09765625,-0.52490234375
0,-0.1953125,-0.341796875,0.10986328125,-0.3662109375,0.15869140625,-0.42724609375,-0.09765625,-0.0732421875,-0.03662109375,-0.0732421875,-0.244140625,-0.84228515625,-0.18310546875,1.08642578125,-0.048828125,-0.1708984375,0.08544921875,-0.5859375,0,-0.15869140625,0.439453125,0.87890625,-0.28076171875,-0.57373046875,-0.09765625,4.6875,-0.244140625,2.06298828125,-0.4638671875,4.5654296875,-0.048828125,3.4912109375,-0.15869140625,-0.341796875,0.30517578125,-0.89111328125,-0.09765625,-0.4150390625,-0.09765625,-0.5615234375,-0.146484375,-0.2197265625,0.0244140625,-0.6591796875,-0.3173828125,-0.4150390625,0.2685546875,0.634765625,-0.13427734375,1.171875,-0.048828125,0.45166015625,-0.048828125,-0.1708984375,-0.732421875,0.68359375,-0.10986328125,0.9033203125,-0.0244140625,0.87890625,0.1220703125,1.025390625,0.2197265625,0.7080078125,0.06103515625,0.2685546875,-0.37841796875,1.0498046875,-0.29296875,0.146484375,-0.13427734375,0.18310546875,-0.52490234375,0.2197265625,-0.10986328125,0.8056640625,0.341796875,-0.0244140625,0.048828125,1.318359375,0.15869140625,-0.9521484375,0.15869140625,-0.35400390625,0.0732421875,-0.98876953125,0.0244140625,-0.76904296875,-0.0732421875,4.1259765625,-0.08544921875,2.7587890625,0.1953125,3.30810546875,-0.09765625,2.94189453125,-0.390625,-1.08642578125,0.08544921875,-0.9521484375,-0.10986328125,-0.927734375,-0.28076171875,-0.4638671875,-0.03662109375,0.0732421875,-0.10986328125,-0.57373046875,-0.1953125,-0.3173828125,0.09765625,1.4404296875,-0.03662109375,0.37841796875,-0.09765625,0.06103515625,-0.0732421875,0.01220703125,0.03662109375,0.2197265625,-0.1220703125,-0.01220703125,-0.08544921875,0.86669921875,0.03662109375,-0.50048828125,-0.10986328125,-0.52490234375
0,-0.23193359375,-0.35400390625,0.09765625,-0.3662109375,0.1708984375,-0.42724609375,-0.08544921875,-0.06103515625,-0.01220703125,-0.08544921875,-0.244140625,-0.87890625,-0.1708984375,1.08642578125,-0.0244140625,-0.18310546875,0.08544921875,-0.5615234375,0.01220703125,-0.15869140625,0.29296875,0.87890625,-0.20751953125,-0.5859375,-0.048828125,6.06689453125,-0.18310546875,2.77099609375,-0.32958984375,5.3955078125,-0.01220703125,4.248046875,-0.23193359375,-0.3662109375,0.18310546875,-0.89111328125,-0.048828125,-0.45166015625,-0.15869140625,-0.57373046875,-0.1220703125,-0.2197265625,0,-0.6591796875,-0.35400390625,-0.439453125,0.32958984375,0.6103515625,-0.13427734375,1.18408203125,0,0.42724609375,0.048828125,-0.18310546875,-0.74462890625,0.6591796875,-0.08544921875,1.28173828125,-0.03662109375,1.171875,0.0732421875,1.28173828125,0.146484375,1.03759765625,0.01220703125,0.25634765625,-0.390625,1.06201171875,-0.29296875,0.146484375,-0.1220703125,0.1708984375,-0.5615234375,0.244140625,-0.1220703125,0.830078125,0.341796875,-0.01220703125,0.10986328125,1.30615234375,0.18310546875,-0.93994140625,0.146484375,-0.3662109375,0.08544921875,-0.98876953125,-0.09765625,-0.76904296875,-0.0732421875,3.84521484375,-0.0732421875,2.734375,0.1953125,3.2470703125,-0.0244140625,2.89306640625,-0.4150390625,-1.0986328125,0.03662109375,-0.93994140625,-0.08544921875,-0.91552734375,-0.29296875,-0.45166015625,-0.0244140625,0.15869140625,-0.13427734375,-0.4638671875,-0.1708984375,-0.25634765625,0.13427734375,1.55029296875,-0.03662109375,0.390625,-0.0732421875,0.06103515625,-0.06103515625,0.048828125,0.0244140625,0.20751953125,-0.10986328125,-0.0244140625,-0.048828125,0.8544921875,0.06103515625,-0.48828125,-0.1220703125,-0.5126953125
0,-0.2685546875,-0.37841796875,0.08544921875,-0.35400390625,0.15869140625,-0.42724609375,-0.0732421875,-0.0732421875,0.01220703125,-0.0732421875,-0.28076171875,-0.86669921875,-0.1953125,1.07421875,-0.03662109375,-0.18310546875,0.048828125,-0.54931640625,0.0244140625,-0.1708984375,0.1220703125,0.86669921875,-0.15869140625,-0.6103515625,0.03662109375,7.32421875,-0.10986328125,3.40576171875,-0.20751953125,6.1767578125,0,4.91943359375,-0.25634765625,-0.40283203125,0,-0.9033203125,0.03662109375,-0.47607421875,-0.2197265625,-0.62255859375,-0.06103515625,-0.2197265625,-0.03662109375,-0.64697265625,-0.341796875,-0.4638671875,0.3662109375,0.62255859375,-0.146484375,1.1962890625,0.01220703125,0.40283203125,0.10986328125,-0.18310546875,-0.7080078125,0.68359375,-0.048828125,1.6357421875,-0.048828125,1.35498046875,0.09765625,1.4892578125,0.09765625,1.33056640625,0,0.244140625,-0.3662109375,1.0498046875,-0.28076171875,0.15869140625,-0.13427734375,0.1708984375,-0.5615234375,0.244140625,-0.09765625,0.8544921875,0.4150390625,-0.0244140625,0.1220703125,1.2939453125,0.18310546875,-0.91552734375,0.10986328125,-0.37841796875,0.09765625,-1.0009765625,-0.1953125,-0.78125,-0.01220703125,3.7841796875,-0.06103515625,2.783203125,0.1708984375,3.2958984375,0.0732421875,2.91748046875,-0.390625,-1.08642578125,0.01220703125,-0.9521484375,-0.06103515625,-0.91552734375,-0.29296875,-0.4638671875,0.06103515625,0.18310546875,-0.13427734375,-0.4638671875,-0.1220703125,-0.244140625,0.1708984375,1.55029296875,-0.048828125,0.3662109375,-0.06103515625,0.06103515625,-0.09765625,0.048828125,-0.01220703125,0.1953125,-0.146484375,-0.048828125,-0.0244140625,0.8544921875,0.0732421875,-0.47607421875,-0.10986328125,-0.5126953125
0,-0.3173828125,-0.37841796875,0.06103515625,-0.3662109375,0.13427734375,-0.4150390625,-0.08544921875,-0.048828125,0.03662109375,-0.048828125,-0.30517578125,-0.86669921875,-0.23193359375,1.07421875,-0.0244140625,-0.1708984375,0.01220703125,-0.5615234375,0,-0.18310546875,-0.048828125,0.86669921875,-0.1220703125,-0.5859375,0,8.36181640625,-0.0244140625,3.90625,-0.09765625,6.82373046875,-0.0244140625,5.4931640625,-0.2197265625,-0.42724609375,-0.10986328125,-0.91552734375,0.09765625,-0.5126953125,-0.29296875,-0.67138671875,0.03662109375,-0.244140625,-0.13427734375,-0.64697265625,-0.32958984375,-0.47607421875,0.3662109375,0.59814453125,-0.15869140625,1.171875,0.01220703125,0.40283203125,0.13427734375,-0.18310546875,-0.72021484375,0.68359375,-0.0244140625,1.85546875,-0.06103515625,1.42822265625,0.10986328125,1.59912109375,0,1.55029296875,-0.0732421875,0.23193359375,-0.30517578125,1.03759765625,-0.2685546875,0.1708984375,-0.1953125,0.18310546875,-0.52490234375,0.25634765625,-0.03662109375,0.91552734375,0.4638671875,-0.01220703125,0.10986328125,1.2939453125,0.15869140625,-0.93994140625,0.0732421875,-0.4150390625,0.09765625,-1.0009765625,-0.28076171875,-0.79345703125,0,3.94287109375,-0.0732421875,2.86865234375,0.1220703125,3.3935546875,0.13427734375,3.0029296875,-0.42724609375,-1.08642578125,-0.048828125,-0.9521484375,-0.0732421875,-0.91552734375,-0.28076171875,-0.47607421875,0.10986328125,0.1220703125,-0.1953125,-0.48828125,-0.1220703125,-0.2685546875,0.18310546875,1.50146484375,-0.0732421875,0.37841796875,-0.048828125,0.0244140625,-0.0732421875,0.048828125,0,0.18310546875,-0.18310546875,-0.03662109375,-0.01220703125,0.84228515625,0.08544921875,-0.47607421875,-0.1220703125,-0.52490234375
0,-0.35400390625,-0.3662109375,0.0732421875,-0.35400390625,0.10986328125,-0.4150390625,-0.1220703125,-0.048828125,0.03662109375,-0.0244140625,-0.28076171875,-0.87890625,-0.23193359375,1.0986328125,0.0244140625,-0.15869140625,-0.0244140625,-0.5859375,-0.06103515625,-0.15869140625,-0.1708984375,0.8544921875,-0.10986328125,-0.59814453125,-0.03662109375,9.033203125,0.03662109375,4.28466796875,-0.01220703125,7.28759765625,-0.03662109375,5.87158203125,-0.1953125,-0.439453125,-0.1708984375,-0.9033203125,0.10986328125,-0.5126953125,-0.2685546875,-0.69580078125,0.13427734375,-0.244140625,-0.2197265625,-0.634765625,-0.28076171875,-0.4638671875,0.3173828125,0.62255859375,-0.13427734375,1.171875,-0.01220703125,0.40283203125,0.23193359375,-0.18310546875,-0.67138671875,0.7080078125,0,1.9775390625,-0.0732421875,1.40380859375,0.0732421875,1.64794921875,-0.048828125,1.66015625,-0.10986328125,0.20751953125,-0.28076171875,1.03759765625,-0.23193359375,0.1708984375,-0.244140625,0.18310546875,-0.439453125,0.23193359375,-0.01220703125,0.89111328125,0.52490234375,-0.01220703125,0.06103515625,1.2939453125,0.1220703125,-0.93994140625,0.048828125,-0.40283203125,0.03662109375,-1.01318359375,-0.30517578125,-0.81787109375,0.0244140625,4.1259765625,-0.1220703125,2.94189453125,0.0732421875,3.45458984375,0.2197265625,3.08837890625,-0.47607421875,-1.07421875,-0.06103515625,-0.93994140625,-0.09765625,-0.9033203125,-0.2685546875,-0.47607421875,0.1708984375,0.048828125,-0.244140625,-0.59814453125,-0.1708984375,-0.390625,0.15869140625,1.37939453125,-0.0732421875,0.37841796875,-0.03662109375,0.03662109375,-0.08544921875,0.03662109375,-0.01220703125,0.1708984375,-0.20751953125,-0.0244140625,0,0.8544921875,0.08544921875,-0.45166015625,-0.13427734375,-0.5126953125
1,-0.37841796875,-0.37841796875,0.06103515625,-0.32958984375,0.13427734375,-0.4150390625,-0.1220703125,-0.048828125,0.03662109375,0,-0.28076171875,-0.87890625,-0.28076171875,1.11083984375,0.0244140625,-0.1708984375,-0.0244140625,-0.59814453125,-0.146484375,-0.1708984375,-0.1708984375,0.87890625,-0.18310546875,-0.6103515625,-0.0244140625,9.375,0.03662109375,4.443359375,0.01220703125,7.55615234375,-0.03662109375,6.0546875,-0.1708984375,-0.40283203125,-0.15869140625,-0.89111328125,0.09765625,-0.47607421875,-0.29296875,-0.74462890625,0.1220703125,-0.244140625,-0.28076171875,-0.62255859375,-0.25634765625,-0.439453125,0.25634765625,0.634765625,-0.10986328125,1.1474609375,-0.06103515625,0.42724609375,0.244140625,-0.1953125,-0.6103515625,0.732421875,-0.048828125,1.96533203125,-0.08544921875,1.28173828125,0.06103515625,1.59912109375,-0.08544921875,1.69677734375,-0.09765625,0.20751953125,-0.28076171875,1.03759765625,-0.1708984375,0.20751953125,-0.28076171875,0.18310546875,-0.35400390625,0.23193359375,0.03662109375,0.89111328125,0.57373046875,-0.0244140625,0.0244140625,1.28173828125,0.0732421875,-0.9521484375,0.01220703125,-0.390625,-0.08544921875,-1.0009765625,-0.23193359375,-0.81787109375,0,4.28466796875,-0.146484375,3.0029296875,0.03662109375,3.47900390625,0.2685546875,3.11279296875,-0.48828125,-1.08642578125,-0.06103515625,-0.927734375,-0.146484375,-0.91552734375,-0.20751953125,-0.4638671875,0.29296875,0.01220703125,-0.244140625,-0.7080078125,-0.1953125,-0.47607421875,0.1708984375,1.23291015625,-0.10986328125,0.3662109375,-0.0244140625,0.01220703125,-0.0732421875,0.01220703125,0,0.18310546875,-0.20751953125,-0.01220703125,0.01220703125,0.84228515625,0.06103515625,-0.45166015625,-0.13427734375,-0.537109375
1,-0.4150390625,-0.3662109375,0.03662109375,-0.341796875,0.18310546875,-0.42724609375,-0.146484375,-0.06103515625,0.03662109375,0.03662109375,-0.25634765625,-0.87890625,-0.244140625,1.08642578125,0.03662109375,-0.15869140625,0.01220703125,-0.62255859375,-0.23193359375,-0.15869140625,-0.09765625,0.86669921875,-0.28076171875,-0.62255859375,0,9.33837890625,-0.03662109375,4.43115234375,-0.01220703125,7.568359375,0,6.005859375,-0.13427734375,-0.4150390625,-0.1220703125,-0.9033203125,0.06103515625,-0.47607421875,-0.28076171875,-0.74462890625,0.08544921875,-0.2197265625,-0.2685546875,-0.62255859375,-0.1953125,-0.4638671875,0.1953125,0.6591796875,-0.06103515625,1.123046875,-0.10986328125,0.42724609375,0.28076171875,-0.1953125,-0.537109375,0.7568359375,-0.08544921875,1.8798828125,-0.10986328125,1.123046875,0.0732421875,1.4892578125,-0.146484375,1.6357421875,-0.09765625,0.1953125,-0.2197265625,1.01318359375,-0.15869140625,0.23193359375,-0.30517578125,0.1708984375,-0.29296875,0.23193359375,0.0732421875,0.9033203125,0.54931640625,-0.0244140625,-0.01220703125,1.2939453125,0.01220703125,-0.98876953125,-0.01220703125,-0.390625,-0.15869140625,-1.0009765625,-0.15869140625,-0.81787109375,-0.0244140625,4.296875,-0.1953125,2.94189453125,-0.01220703125,3.3935546875,0.1953125,3.02734375,-0.50048828125,-1.07421875,-0.0244140625,-0.927734375,-0.13427734375,-0.9033203125,-0.13427734375,-0.45166015625,0.341796875,0.03662109375,-0.20751953125,-0.79345703125,-0.244140625,-0.5615234375,0.18310546875,1.13525390625,-0.1220703125,0.3662109375,-0.0244140625,0.01220703125,-0.08544921875,-0.03662109375,0,0.18310546875,-0.20751953125,-0.0244140625,0,0.81787109375,0.048828125,-0.45166015625,-0.1220703125,-0.52490234375
1,-0.390625,-0.35400390625,0.03662109375,-0.35400390625,0.1953125,-0.40283203125,-0.146484375,-0.06103515625,0.048828125,0.06103515625,-0.244140625,-0.87890625,-0.244140625,1.11083984375,0.0244140625,-0.15869140625,0.06103515625,-0.634765625,-0.29296875,-0.15869140625,0.06103515625,0.87890625,-0.390625,-0.62255859375,-0.01220703125,8.94775390625,-0.10986328125,4.2236328125,-0.09765625,7.3486328125,0.0244140625,5.77392578125,-0.146484375,-0.40283203125,0,-0.9033203125,0.0244140625,-0.45166015625,-0.18310546875,-0.76904296875,-0.0244140625,-0.23193359375,-0.20751953125,-0.634765625,-0.15869140625,-0.439453125,0.1220703125,0.67138671875,-0.048828125,1.123046875,-0.20751953125,0.4638671875,0.32958984375,-0.1953125,-0.4150390625,0.76904296875,-0.13427734375,1.72119140625,-0.146484375,0.9521484375,0.146484375,1.30615234375,-0.23193359375,1.50146484375,-0.08544921875,0.18310546875,-0.15869140625,1.0009765625,-0.146484375,0.2197265625,-0.28076171875,0.15869140625,-0.25634765625,0.20751953125,0.08544921875,0.87890625,0.54931640625,-0.0244140625,-0.048828125,1.2939453125,-0.0244140625,-0.9765625,-0.048828125,-0.390625,-0.2197265625,-1.0009765625,-0.0732421875,-0.8056640625,0.048828125,4.08935546875,-0.2197265625,2.77099609375,0.01220703125,3.16162109375,0.146484375,2.79541015625,-0.5126953125,-1.07421875,0.01220703125,-0.9033203125,-0.1708984375,-0.91552734375,-0.09765625,-0.4638671875,0.32958984375,0.2197265625,-0.1708984375,-0.81787109375,-0.28076171875,-0.5859375,0.18310546875,1.13525390625,-0.146484375,0.37841796875,-0.01220703125,0,-0.08544921875,-0.048828125,0,0.1953125,-0.1953125,-0.01220703125,-0.0244140625,0.8056640625,0.048828125,-0.47607421875,-0.10986328125,-0.5615234375
1,-0.45166015625,-0.32958984375,0.03662109375,-0.341796875,0.2197265625,-0.37841796875,-0.146484375,-0.048828125,0.06103515625,0.06103515625,-0.2685546875,-0.87890625,-0.244140625,1.11083984375,-0.01220703125,-0.1708984375,0.10986328125,-0.634765625,-0.30517578125,-0.15869140625,0.244140625,0.8544921875,-0.52490234375,-0.6103515625,-0.03662109375,8.2763671875,-0.2197265625,3.8330078125,-0.18310546875,6.9091796875,0,5.37109375,-0.09765625,-0.35400390625,0.09765625,-0.87890625,-0.0244140625,-0.45166015625,-0.10986328125,-0.7568359375,-0.146484375,-0.20751953125,-0.0732421875,-0.64697265625,-0.1953125,-0.42724609375,0.10986328125,0.64697265625,-0.0244140625,1.11083984375,-0.2685546875,0.47607421875,0.35400390625,-0.20751953125,-0.3173828125,0.76904296875,-0.146484375,1.50146484375,-0.1220703125,0.7568359375,0.2197265625,1.0986328125,-0.28076171875,1.2939453125,-0.0732421875,0.18310546875,-0.0732421875,0.9765625,-0.146484375,0.244140625,-0.244140625,0.15869140625,-0.23193359375,0.20751953125,0.146484375,0.9033203125,0.4638671875,-0.0244140625,-0.09765625,1.30615234375,-0.08544921875,-1.0009765625,-0.048828125,-0.37841796875,-0.2197265625,-0.98876953125,-0.0244140625,-0.79345703125,-0.0244140625,3.57666015625,-0.25634765625,2.44140625,0,2.81982421875,0.048828125,2.40478515625,-0.40283203125,-1.06201171875,0.03662109375,-0.927734375,-0.1708984375,-0.927734375,-0.06103515625,-0.47607421875,0.3662109375,0.62255859375,-0.01220703125,-0.69580078125,-0.244140625,-0.4638671875,0.1708984375,1.2939453125,-0.1708984375,0.3662109375,-0.0244140625,0.01220703125,-0.08544921875,-0.0732421875,-0.0244140625,0.20751953125,-0.18310546875,-0.0244140625,-0.03662109375,0.81787109375,0.03662109375,-0.47607421875,-0.10986328125,-0.57373046875
1,-0.47607421875,-0.32958984375,0.0244140625,-0.3662109375,0.18310546875,-0.37841796875,-0.146484375,-0.06103515625,0.08544921875,0.048828125,-0.2685546875,-0.86669921875,-0.20751953125,1.11083984375,-0.0244140625,-0.15869140625,0.1220703125,-0.62255859375,-0.28076171875,-0.15869140625,0.42724609375,0.8544921875,-0.57373046875,-0.6103515625,-0.03662109375,7.421875,-0.23193359375,3.3447265625,-0.32958984375,6.3232421875,-0.06103515625,4.833984375,-0.06103515625,-0.35400390625,0.2197265625,-0.9033203125,-0.08544921875,-0.439453125,0,-0.74462890625,-0.20751953125,-0.1953125,0.03662109375,-0.64697265625,-0.28076171875,-0.4150390625,0.13427734375,0.6591796875,-0.03662109375,1.11083984375,-0.29296875,0.47607421875,0.390625,-0.23193359375,-0.13427734375,0.74462890625,-0.1953125,1.2939453125,-0.08544921875,0.62255859375,0.20751953125,0.91552734375,-0.35400390625,1.08642578125,-0.06103515625,0.1953125,0,1.01318359375,-0.146484375,0.23193359375,-0.18310546875,0.15869140625,-0.15869140625,0.20751953125,0.15869140625,0.87890625,0.37841796875,0.01220703125,-0.15869140625,1.30615234375,-0.10986328125,-1.025390625,-0.048828125,-0.3662109375,-0.15869140625,-0.98876953125,-0.01220703125,-0.79345703125,-0.048828125,2.8076171875,-0.28076171875,2.01416015625,-0.06103515625,2.35595703125,-0.01220703125,1.85546875,-0.390625,-1.06201171875,0.06103515625,-0.927734375,-0.1708984375,-0.93994140625,-0.09765625,-0.4638671875,0.244140625,1.2451171875,0.03662109375,-0.42724609375,-0.25634765625,-0.25634765625,0.1220703125,1.57470703125,-0.1953125,0.37841796875,0,0.01220703125,-0.08544921875,-0.06103515625,-0.03662109375,0.23193359375,-0.15869140625,-0.0244140625,-0.048828125,0.8056640625,0.03662109375,-0.48828125,-0.08544921875,-0.57373046875
1,-0.52490234375,-0.3173828125,0.01220703125,-0.3662109375,0.1708984375,-0.390625,-0.15869140625,-0.048828125,0.09765625,0.03662109375,-0.25634765625,-0.87890625,-0.1708984375,1.0986328125,-0.0244140625,-0.18310546875,0.09765625,-0.59814453125,-0.244140625,-0.1708984375,0.5615234375,0.8544921875,-0.5615234375,-0.6103515625,-0.048828125,6.40869140625,-0.20751953125,2.79541015625,-0.439453125,5.6640625,-0.146484375,4.21142578125,-0.06103515625,-0.35400390625,0.341796875,-0.86669921875,-0.08544921875,-0.439453125,0.08544921875,-0.7080078125,-0.28076171875,-0.20751953125,0.1220703125,-0.6591796875,-0.390625,-0.40283203125,0.18310546875,0.6591796875,-0.048828125,1.13525390625,-0.3173828125,0.4638671875,0.42724609375,-0.23193359375,-0.06103515625,0.72021484375,-0.23193359375,1.13525390625,-0.09765625,0.52490234375,0.1953125,0.76904296875,-0.4150390625,0.89111328125,-0.0244140625,0.23193359375,0.08544921875,1.01318359375,-0.15869140625,0.244140625,-0.13427734375,0.15869140625,-0.06103515625,0.244140625,0.146484375,0.89111328125,0.35400390625,0,-0.20751953125,1.318359375,-0.09765625,-1.0009765625,-0.0244140625,-0.35400390625,-0.08544921875,-0.98876953125,-0.06103515625,-0.79345703125,-0.048828125,1.8310546875,-0.244140625,1.52587890625,-0.1220703125,1.7822265625,-0.03662109375,1.28173828125,-0.37841796875,-1.06201171875,0.0244140625,-0.93994140625,-0.146484375,-0.93994140625,-0.1220703125,-0.45166015625,0.23193359375,2.01416015625,0.09765625,-0.01220703125,-0.2197265625,0.08544921875,0.06103515625,2.05078125,-0.2197265625,0.3662109375,0.01220703125,0.01220703125,-0.09765625,-0.048828125,-0.048828125,0.23193359375,-0.15869140625,-0.0244140625,-0.048828125,0.830078125,0.048828125,-0.47607421875,-0.09765625,-0.59814453125
1,-0.537109375,-0.3173828125,-0.01220703125,-0.3662109375,0.15869140625,-0.3662109375,-0.13427734375,-0.06103515625,0.08544921875,0.01220703125,-0.244140625,-0.87890625,-0.15869140625,1.08642578125,-0.048828125,-0.15869140625,0.0244140625,-0.57373046875,-0.1708984375,-0.15869140625,0.5859375,0.86669921875,-0.45166015625,-0.62255859375,-0.10986328125,5.38330078125,-0.1953125,2.197265625,-0.54931640625,4.94384765625,-0.20751953125,3.564453125,-0.01220703125,-0.3662109375,0.4150390625,-0.87890625,-0.048828125,-0.47607421875,0.0732421875,-0.69580078125,-0.32958984375,-0.20751953125,0.18310546875,-0.68359375,-0.48828125,-0.40283203125,0.2685546875,0.6591796875,-0.0244140625,1.171875,-0.32958984375,0.45166015625,0.390625,-0.25634765625,0.01220703125,0.7080078125,-0.18310546875,1.03759765625,-0.048828125,0.47607421875,0.28076171875,0.69580078125,-0.35400390625,0.7568359375,-0.03662109375,0.244140625,0.13427734375,1.01318359375,-0.146484375,0.244140625,-0.09765625,0.1708984375,0,0.244140625,0.1220703125,0.87890625,0.28076171875,-0.01220703125,-0.23193359375,1.30615234375,-0.13427734375,-1.025390625,0.01220703125,-0.35400390625,0.03662109375,-0.9765625,-0.13427734375,-0.79345703125,-0.03662109375,0.78125,-0.23193359375,1.03759765625,-0.15869140625,1.25732421875,-0.01220703125,0.6591796875,-0.37841796875,-1.06201171875,-0.01220703125,-0.9521484375,-0.15869140625,-0.91552734375,-0.1953125,-0.4638671875,0.18310546875,2.96630859375,0.146484375,0.537109375,-0.2197265625,0.5126953125,0.048828125,2.6123046875,-0.23193359375,0.35400390625,0.01220703125,0,-0.0732421875,-0.0244140625,-0.0732421875,0.20751953125,-0.146484375,-0.0244140625,-0.06103515625,0.8056640625,0.06103515625,-0.47607421875,-0.0732421875,-0.5859375
1,-0.5126953125,-0.32958984375,0.01220703125,-0.3662109375,0.15869140625,-0.37841796875,-0.146484375,-0.0244140625,0.0732421875,-0.0244140625,-0.244140625,-0.8544921875,-0.146484375,1.0986328125,-0.0244140625,-0.146484375,-0.03662109375,-0.57373046875,-0.06103515625,-0.1708984375,0.52490234375,0.86669921875,-0.29296875,-0.6103515625,-0.13427734375,4.35791015625,-0.146484375,1.6357421875,-0.5859375,4.2236328125,-0.25634765625,2.9541015625,0.0732421875,-0.390625,0.52490234375,-0.89111328125,-0.0244140625,-0.4638671875,0.06103515625,-0.67138671875,-0.2197265625,-0.2197265625,0.15869140625,-0.68359375,-0.54931640625,-0.40283203125,0.32958984375,0.634765625,-0.01220703125,1.20849609375,-0.32958984375,0.45166015625,0.390625,-0.244140625,0.15869140625,0.7080078125,-0.20751953125,0.96435546875,-0.0732421875,0.48828125,0.244140625,0.67138671875,-0.341796875,0.64697265625,-0.03662109375,0.244140625,0.1708984375,1.025390625,-0.146484375,0.23193359375,-0.0732421875,0.18310546875,0.10986328125,0.244140625,0.0732421875,0.87890625,0.20751953125,0.01220703125,-0.2685546875,1.33056640625,-0.10986328125,-1.03759765625,0.048828125,-0.3662109375,0.09765625,-0.9765625,-0.18310546875,-0.8056640625,-0.08544921875,-0.1953125,-0.20751953125,0.59814453125,-0.20751953125,0.79345703125,0.0244140625,0.15869140625,-0.37841796875,-1.06201171875,-0.08544921875,-0.93994140625,-0.10986328125,-0.93994140625,-0.28076171875,-0.4638671875,0.0732421875,3.955078125,0.09765625,1.1474609375,-0.23193359375,1.03759765625,0,3.25927734375,-0.244140625,0.35400390625,0,0.0244140625,-0.06103515625,-0.01220703125,-0.0732421875,0.23193359375,-0.146484375,-0.048828125,-0.0244140625,0.81787109375,0.08544921875,-0.48828125,-0.09765625,-0.57373046875
1,-0.5615234375,-0.32958984375,-0.01220703125,-0.35400390625,0.146484375,-0.3662109375,-0.1220703125,-0.048828125,0.06103515625,-0.0244140625,-0.244140625,-0.8544921875,-0.18310546875,1.11083984375,-0.01220703125,-0.15869140625,-0.0732421875,-0.57373046875,0.08544921875,-0.1708984375,0.40283203125,0.86669921875,-0.10986328125,-0.62255859375,-0.20751953125,3.45458984375,-0.13427734375,1.123046875,-0.54931640625,3.55224609375,-0.28076171875,2.38037109375,0.146484375,-0.37841796875,0.6103515625,-0.87890625,0.03662109375,-0.47607421875,0,-0.64697265625,-0.13427734375,-0.2197265625,0.15869140625,-0.68359375,-0.5615234375,-0.40283203125,0.40283203125,0.634765625,-0.03662109375,1.220703125,-0.28076171875,0.439453125,0.37841796875,-0.244140625,0.2197265625,0.69580078125,-0.23193359375,0.98876953125,-0.15869140625,0.5126953125,0.2685546875,0.732421875,-0.35400390625,0.59814453125,-0.03662109375,0.28076171875,0.1953125,1.0498046875,-0.1220703125,0.1953125,-0.048828125,0.20751953125,0.1708984375,0.25634765625,-0.03662109375,0.89111328125,0.1220703125,0,-0.2685546875,1.33056640625,-0.09765625,-1.025390625,0.08544921875,-0.3662109375,0.13427734375,-1.0009765625,-0.18310546875,-0.8056640625,-0.03662109375,-0.9521484375,-0.1953125,0.28076171875,-0.18310546875,0.439453125,0.13427734375,-0.2197265625,-0.390625,-1.03759765625,-0.18310546875,-0.9521484375,-0.08544921875,-0.93994140625,-0.3173828125,-0.4638671875,0.2197265625,4.98046875,0.10986328125,1.77001953125,-0.146484375,1.52587890625,0,3.90625,-0.244140625,0.3662109375,0.01220703125,0.01220703125,-0.06103515625,0,-0.08544921875,0.2197265625,-0.1708984375,-0.03662109375,0,0.81787109375,0.08544921875,-0.48828125,-0.09765625,-0.5615234375
1,-0.59814453125,-0.341796875,-0.03662109375,-0.3662109375,0.15869140625,-0.390625,-0.08544921875,-0.06103515625,0.03662109375,-0.048828125,-0.23193359375,-0.8544921875,-0.15869140625,1.0986328125,0.0244140625,-0.1708984375,-0.0732421875,-0.57373046875,0.18310546875,-0.15869140625,0.25634765625,0.87890625,0.06103515625,-0.59814453125,-0.23193359375,2.6611328125,-0.1220703125,0.68359375,-0.45166015625,3.0029296875,-0.25634765625,1.89208984375,0.2197265625,-0.4150390625,0.57373046875,-0.87890625,0.06103515625,-0.50048828125,-0.08544921875,-0.6591796875,0.0244140625,-0.23193359375,0.1220703125,-0.69580078125,-0.5126953125,-0.390625,0.439453125,0.64697265625,-0.0732421875,1.220703125,-0.2197265625,0.4638671875,0.30517578125,-0.25634765625,0.29296875,0.7080078125,-0.10986328125,1.0009765625,-0.048828125,0.537109375,0.439453125,0.76904296875,-0.2685546875,0.5615234375,0,0.29296875,0.2197265625,1.0498046875,-0.08544921875,0.1953125,-0.03662109375,0.244140625,0.20751953125,0.28076171875,-0.13427734375,0.91552734375,0.06103515625,-0.01220703125,-0.3173828125,1.33056640625,-0.048828125,-1.01318359375,0.10986328125,-0.3662109375,0.1220703125,-0.98876953125,-0.146484375,-0.8056640625,0,-1.3916015625,-0.1708984375,0.15869140625,-0.13427734375,0.28076171875,0.20751953125,-0.4150390625,-0.390625,-1.03759765625,-0.2685546875,-0.93994140625,-0.06103515625,-0.91552734375,-0.35400390625,-0.47607421875,0.28076171875,5.89599609375,0.0732421875,2.33154296875,-0.1220703125,2.001953125,-0.01220703125,4.5166015625,-0.2197265625,0.3662109375,0.01220703125,0.0244140625,-0.0732421875,0.0244140625,-0.0732421875,0.2197265625,-0.146484375,-0.0244140625,0.0244140625,0.84228515625,0.09765625,-0.4638671875,-0.10986328125,-0.5615234375
1,-0.5615234375,-0.341796875,-0.03662109375,-0.3662109375,0.13427734375,-0.4150390625,-0.0732421875,-0.048828125,0.0732421875,-0.048828125,-0.244140625,-0.8544921875,-0.1708984375,1.0986328125,0.048828125,-0.1708984375,-0.08544921875,-0.54931640625,0.25634765625,-0.15869140625,0.244140625,0.87890625,0.1708984375,-0.6103515625,-0.2197265625,1.96533203125,-0.08544921875,0.32958984375,-0.341796875,2.50244140625,-0.25634765625,1.47705078125,0.2197265625,-0.45166015625,0.5126953125,-0.9033203125,0.0732421875,-0.54931640625,-0.13427734375,-0.68359375,0.1953125,-0.2197265625,0.0732421875,-0.68359375,-0.40283203125,-0.42724609375,0.4150390625,0.6103515625,-0.10986328125,1.220703125,-0.1220703125,0.45166015625,0.28076171875,-0.244140625,0.3173828125,0.68359375,-0.08544921875,1.025390625,-0.0732421875,0.52490234375,0.4638671875,0.830078125,-0.30517578125,0.5859375,0.0244140625,0.30517578125,0.2197265625,1.06201171875,-0.0732421875,0.1708984375,-0.048828125,0.244140625,0.23193359375,0.2685546875,-0.2197265625,0.927734375,0.048828125,-0.01220703125,-0.3662109375,1.33056640625,0.0244140625,-1.025390625,0.13427734375,-0.35400390625,0.03662109375,-1.01318359375,-0.09765625,-0.79345703125,0,-1.416015625,-0.20751953125,0.18310546875,-0.10986328125,0.32958984375,0.1953125,-0.3662109375,-0.3662109375,-1.03759765625,-0.29296875,-0.9033203125,-0.03662109375,-0.9033203125,-0.3662109375,-0.47607421875,0.341796875,6.689453125,0.08544921875,2.81982421875,-0.03662109375,2.3681640625,-0.06103515625,4.99267578125,-0.2197265625,0.3662109375,0.01220703125,0.03662109375,-0.0732421875,0.0244140625,-0.06103515625,0.1953125,-0.15869140625,-0.03662109375,0.03662109375,0.79345703125,0.10986328125,-0.47607421875,-0.13427734375,-0.54931640625
1,-0.59814453125,-0.341796875,-0.06103515625,-0.3662109375,0.146484375,-0.40283203125,-0.0732421875,-0.048828125,0.0732421875,-0.0244140625,-0.23193359375,-0.87890625,-0.146484375,1.11083984375,0.06103515625,-0.1953125,-0.048828125,-0.57373046875,0.20751953125,-0.146484375,0.2197265625,0.86669921875,0.25634765625,-0.6103515625,-0.15869140625,1.3671875,-0.06103515625,0.0244140625,-0.2197265625,2.0751953125,-0.2197265625,1.11083984375,0.23193359375,-0.4638671875,0.40283203125,-0.87890625,0.048828125,-0.5615234375,-0.146484375,-0.7080078125,0.3662109375,-0.23193359375,0.0732421875,-0.68359375,-0.29296875,-0.439453125,0.37841796875,0.59814453125,-0.146484375,1.1962890625,-0.03662109375,0.45166015625,0.29296875,-0.20751953125,0.2685546875,0.72021484375,0,1.03759765625,-0.13427734375,0.54931640625,0.48828125,0.86669921875,-0.30517578125,0.57373046875,0.06103515625,0.28076171875,0.18310546875,1.03759765625,-0.048828125,0.15869140625,-0.06103515625,0.25634765625,0.23193359375,0.25634765625,-0.28076171875,0.9033203125,0.06103515625,-0.03662109375,-0.40283203125,1.30615234375,0.09765625,-1.01318359375,0.10986328125,-0.37841796875,-0.06103515625,-1.01318359375,0,-0.78125,0.13427734375,-1.0009765625,-0.2197265625,0.439453125,-0.08544921875,0.5615234375,0.1953125,-0.0732421875,-0.37841796875,-1.03759765625,-0.30517578125,-0.9033203125,-0.0244140625,-0.9033203125,-0.37841796875,-0.47607421875,0.341796875,7.2998046875,0.01220703125,3.13720703125,-0.03662109375,2.6611328125,-0.09765625,5.3466796875,-0.20751953125,0.37841796875,-0.01220703125,0.03662109375,-0.0732421875,0.0244140625,-0.06103515625,0.18310546875,-0.15869140625,-0.0244140625,0.0244140625,0.79345703125,0.09765625,-0.48828125,-0.1220703125,-0.52490234375
1,-0.5859375,-0.35400390625,-0.048828125,-0.35400390625,0.15869140625,-0.37841796875,-0.06103515625,-0.06103515625,0.09765625,0,-0.244140625,-0.86669921875,-0.146484375,1.11083984375,0.0732421875,-0.18310546875,0,-0.6103515625,0.09765625,-0.13427734375,0.28076171875,0.86669921875,0.1953125,-0.62255859375,-0.03662109375,0.87890625,-0.01220703125,-0.23193359375,-0.13427734375,1.72119140625,-0.15869140625,0.79345703125,0.1708984375,-0.45166015625,0.2685546875,-0.89111328125,-0.06103515625,-0.5615234375,-0.10986328125,-0.7568359375,0.4638671875,-0.23193359375,0.06103515625,-0.6591796875,-0.15869140625,-0.4638671875,0.3173828125,0.62255859375,-0.1220703125,1.18408203125,-0.01220703125,0.45166015625,0.23193359375,-0.18310546875,0.30517578125,0.74462890625,0.06103515625,0.98876953125,-0.048828125,0.54931640625,0.537109375,0.86669921875,-0.28076171875,0.57373046875,0.09765625,0.244140625,0.13427734375,1.01318359375,-0.0244140625,0.1708984375,-0.10986328125,0.23193359375,0.2197265625,0.2197265625,-0.29296875,0.91552734375,0.08544921875,-0.048828125,-0.439453125,1.318359375,0.1708984375,-0.98876953125,0.0732421875,-0.35400390625,-0.20751953125,-1.01318359375,0.09765625,-0.79345703125,0.244140625,-0.20751953125,-0.1953125,0.81787109375,0.01220703125,0.9765625,0.1708984375,0.40283203125,-0.341796875,-1.025390625,-0.29296875,-0.86669921875,-0.03662109375,-0.9033203125,-0.3662109375,-0.47607421875,0.28076171875,7.72705078125,-0.048828125,3.3935546875,-0.06103515625,2.83203125,-0.146484375,5.56640625,-0.18310546875,0.3662109375,-0.0244140625,0.048828125,-0.06103515625,0.01220703125,-0.048828125,0.1953125,-0.13427734375,0,0,0.79345703125,0.1220703125,-0.4638671875,-0.15869140625,-0.537109375
1,-0.6103515625,-0.3662109375,-0.048828125,-0.341796875,0.15869140625,-0.390625,-0.0732421875,-0.048828125,0.0732421875,0.01220703125,-0.25634765625,-0.8544921875,-0.1708984375,1.08642578125,0.0732421875,-0.15869140625,0.048828125,-0.62255859375,-0.03662109375,-0.146484375,0.32958984375,0.84228515625,0.03662109375,-0.59814453125,0.08544921875,0.45166015625,-0.0244140625,-0.4638671875,-0.09765625,1.3916015625,-0.08544921875,0.537109375,0.0732421875,-0.45166015625,0.20751953125,-0.91552734375,-0.146484375,-0.54931640625,-0.0732421875,-0.78125,0.47607421875,-0.2197265625,0.08544921875,-0.634765625,-0.0732421875,-0.45166015625,0.25634765625,0.62255859375,-0.0732421875,1.18408203125,0,0.48828125,0.25634765625,-0.1708984375,0.30517578125,0.7568359375,0.06103515625,0.93994140625,-0.03662109375,0.537109375,0.54931640625,0.86669921875,-0.2685546875,0.54931640625,0.146484375,0.2197265625,0.048828125,1.01318359375,-0.0244140625,0.18310546875,-0.146484375,0.1953125,0.20751953125,0.1953125,-0.35400390625,0.91552734375,0.1220703125,-0.048828125,-0.45166015625,1.2939453125,0.20751953125,-0.96435546875,0.0732421875,-0.35400390625,-0.29296875,-1.01318359375,0.13427734375,-0.78125,0.18310546875,0.86669921875,-0.20751953125,1.3427734375,0.048828125,1.52587890625,0.146484375,1.01318359375,-0.40283203125,-1.025390625,-0.2197265625,-0.8544921875,-0.01220703125,-0.9033203125,-0.30517578125,-0.4638671875,0.341796875,7.97119140625,-0.1220703125,3.466796875,-0.048828125,2.9052734375,-0.10986328125,5.6640625,-0.1953125,0.37841796875,-0.048828125,0.0732421875,-0.06103515625,0.0244140625,-0.048828125,0.1708984375,-0.146484375,-0.01220703125,-0.0244140625,0.78125,0.10986328125,-0.4638671875,-0.1708984375,-0.5126953125
0,-0.59814453125,-0.3662109375,-0.06103515625,-0.341796875,0.1953125,-0.37841796875,-0.048828125,-0.03662109375,0.06103515625,0.0244140625,-0.30517578125,-0.86669921875,-0.1708984375,1.0986328125,0.0732421875,-0.146484375,0.10986328125,-0.67138671875,-0.18310546875,-0.1220703125,0.3173828125,0.86669921875,-0.1708984375,-0.59814453125,0.15869140625,0.08544921875,-0.048828125,-0.634765625,-0.0732421875,1.123046875,-0.06103515625,0.30517578125,-0.048828125,-0.45166015625,0.08544921875,-0.89111328125,-0.18310546875,-0.52490234375,-0.09765625,-0.84228515625,0.3662109375,-0.2197265625,0.1220703125,-0.634765625,-0.03662109375,-0.42724609375,0.25634765625,0.6103515625,-0.0244140625,1.15966796875,0.03662109375,0.48828125,0.15869140625,-0.20751953125,0.28076171875,0.72021484375,0.08544921875,0.86669921875,0.0244140625,0.5615234375,0.5126953125,0.830078125,-0.1953125,0.52490234375,0.146484375,0.18310546875,0,0.9765625,-0.0244140625,0.1953125,-0.1708984375,0.1708984375,0.146484375,0.18310546875,-0.3662109375,0.91552734375,0.15869140625,-0.048828125,-0.4638671875,1.28173828125,0.18310546875,-0.9765625,0.03662109375,-0.341796875,-0.35400390625,-1.0009765625,0.15869140625,-0.76904296875,0.13427734375,2.13623046875,-0.20751953125,1.91650390625,0.03662109375,2.1728515625,0.10986328125,1.7578125,-0.4638671875,-1.025390625,-0.15869140625,-0.86669921875,0,-0.91552734375,-0.2197265625,-0.4638671875,0.3173828125,8.056640625,-0.146484375,3.47900390625,-0.048828125,2.89306640625,-0.06103515625,5.65185546875,-0.15869140625,0.390625,-0.048828125,0.06103515625,-0.06103515625,0.06103515625,-0.048828125,0.18310546875,-0.146484375,-0.0244140625,-0.048828125,0.79345703125,0.09765625,-0.45166015625,-0.18310546875,-0.5126953125
0,-0.57373046875,-0.3662109375,-0.0732421875,-0.32958984375,0.23193359375,-0.37841796875,-0.048828125,-0.048828125,0.09765625,0.0244140625,-0.25634765625,-0.86669921875,-0.146484375,1.0986328125,0.0732421875,-0.146484375,0.18310546875,-0.64697265625,-0.28076171875,-0.1220703125,0.35400390625,0.86669921875,-0.390625,-0.59814453125,0.20751953125,-0.25634765625,-0.1220703125,-0.79345703125,-0.08544921875,0.87890625,0,0.0732421875,-0.146484375,-0.439453125,0.0244140625,-0.87890625,-0.20751953125,-0.537109375,-0.09765625,-0.8544921875,0.20751953125,-0.1953125,0.18310546875,-0.64697265625,-0.01220703125,-0.42724609375,0.2685546875,0.59814453125,0,1.1474609375,0.06103515625,0.48828125,0.08544921875,-0.2197265625,0.2197265625,0.72021484375,0,0.81787109375,0.01220703125,0.5615234375,0.537109375,0.76904296875,-0.15869140625,0.5126953125,0.146484375,0.15869140625,-0.0732421875,1.0009765625,-0.06103515625,0.1953125,-0.18310546875,0.146484375,0.048828125,0.1708984375,-0.37841796875,0.89111328125,0.2197265625,-0.03662109375,-0.4638671875,1.28173828125,0.1708984375,-0.9765625,0.0244140625,-0.32958984375,-0.28076171875,-0.98876953125,0.09765625,-0.76904296875,0.23193359375,3.41796875,-0.20751953125,2.5146484375,0.01220703125,2.83203125,0.10986328125,2.52685546875,-0.45166015625,-1.025390625,-0.09765625,-0.86669921875,0,-0.91552734375,-0.1708984375,-0.4638671875,0.15869140625,7.9833984375,-0.1708984375,3.41796875,-0.0244140625,2.83203125,-0.048828125,5.55419921875,-0.146484375,0.37841796875,-0.048828125,0.06103515625,-0.06103515625,0.03662109375,-0.048828125,0.1708984375,-0.146484375,-0.0244140625,-0.0244140625,0.78125,0.10986328125,-0.45166015625,-0.18310546875,-0.537109375
0,-0.59814453125,-0.3662109375,-0.0732421875,-0.341796875,0.25634765625,-0.37841796875,-0.06103515625,-0.0244140625,0.1220703125,0.01220703125,-0.2685546875,-0.87890625,-0.13427734375,1.06201171875,0.08544921875,-0.146484375,0.18310546875,-0.64697265625,-0.3173828125,-0.1220703125,0.30517578125,0.86669921875,-0.50048828125,-0.62255859375,0.1953125,-0.54931640625,-0.13427734375,-0.93994140625,-0.0732421875,0.6103515625,0.08544921875,-0.08544921875,-0.1708984375,-0.390625,0,-0.9033203125,-0.1953125,-0.50048828125,-0.0732421875,-0.8544921875,0.0244140625,-0.1953125,0.1708984375,-0.64697265625,-0.09765625,-0.4150390625,0.28076171875,0.5859375,0.048828125,1.15966796875,0.1220703125,0.47607421875,0.0244140625,-0.2197265625,0.13427734375,0.72021484375,0.0244140625,0.84228515625,0.1708984375,0.6591796875,0.5615234375,0.78125,-0.0244140625,0.5615234375,0.09765625,0.146484375,-0.1220703125,1.0009765625,-0.09765625,0.1953125,-0.1708984375,0.1220703125,0.0244140625,0.18310546875,-0.35400390625,0.89111328125,0.25634765625,-0.0244140625,-0.48828125,1.26953125,0.10986328125,-0.96435546875,0.01220703125,-0.3173828125,-0.15869140625,-0.98876953125,0.03662109375,-0.7568359375,0.28076171875,4.6630859375,-0.2197265625,3.076171875,-0.048828125,3.47900390625,0.08544921875,3.28369140625,-0.45166015625,-1.025390625,-0.048828125,-0.87890625,0.0244140625,-0.927734375,-0.10986328125,-0.47607421875,0.03662109375,7.8125,-0.20751953125,3.271484375,0,2.74658203125,-0.0244140625,5.43212890625,-0.1708984375,0.37841796875,-0.03662109375,0.048828125,-0.06103515625,0.048828125,-0.06103515625,0.18310546875,-0.15869140625,-0.0244140625,-0.0244140625,0.8056640625,0.09765625,-0.4638671875,-0.18310546875,-0.537109375
0,-0.5615234375,-0.35400390625,-0.10986328125,-0.35400390625,0.25634765625,-0.3662109375,-0.0732421875,-0.048828125,0.10986328125,0.01220703125,-0.244140625,-0.87890625,-0.146484375,1.07421875,0.10986328125,-0.15869140625,0.1220703125,-0.62255859375,-0.35400390625,-0.13427734375,0.244140625,0.8544921875,-0.52490234375,-0.62255859375,0.18310546875,-0.76904296875,-0.0732421875,-1.06201171875,-0.0732421875,0.42724609375,0.1220703125,-0.2197265625,-0.15869140625,-0.3662109375,-0.048828125,-0.89111328125,-0.146484375,-0.50048828125,-0.03662109375,-0.84228515625,-0.0732421875,-0.1953125,0.09765625,-0.64697265625,-0.18310546875,-0.4150390625,0.29296875,0.5859375,0.09765625,1.18408203125,0.09765625,0.48828125,-0.03662109375,-0.23193359375,0.06103515625,0.69580078125,-0.08544921875,0.91552734375,0.29296875,0.732421875,0.57373046875,0.81787109375,0.03662109375,0.68359375,0.10986328125,0.13427734375,-0.1708984375,1.01318359375,-0.146484375,0.1953125,-0.15869140625,0.1220703125,-0.0732421875,0.2197265625,-0.32958984375,0.86669921875,0.30517578125,-0.01220703125,-0.42724609375,1.28173828125,0.0732421875,-0.96435546875,-0.03662109375,-0.341796875,-0.01220703125,-0.96435546875,-0.06103515625,-0.74462890625,0.1953125,5.70068359375,-0.18310546875,3.564453125,-0.10986328125,4.06494140625,0.06103515625,3.9306640625,-0.390625,-1.0009765625,-0.048828125,-0.89111328125,0.03662109375,-0.91552734375,-0.10986328125,-0.4638671875,0.048828125,7.5439453125,-0.18310546875,3.1494140625,0.01220703125,2.62451171875,-0.03662109375,5.2734375,-0.146484375,0.390625,-0.0244140625,0.048828125,-0.08544921875,0.048828125,-0.0732421875,0.20751953125,-0.1708984375,-0.0244140625,-0.03662109375,0.8056640625,0.1220703125,-0.4638671875,-0.1953125,-0.52490234375
0,-0.5859375,-0.3662109375,-0.09765625,-0.3662109375,0.244140625,-0.390625,-0.10986328125,-0.048828125,0.1220703125,-0.01220703125,-0.23193359375,-0.87890625,-0.1708984375,1.0986328125,0.08544921875,-0.1708984375,-0.01220703125,-0.6103515625,-0.341796875,-0.13427734375,0.1220703125,0.84228515625,-0.47607421875,-0.62255859375,0.15869140625,-0.89111328125,-0.01220703125,-1.1474609375,-0.08544921875,0.3173828125,0.09765625,-0.30517578125,-0.09765625,-0.390625,-0.0732421875,-0.87890625,-0.08544921875,-0.47607421875,-0.09765625,-0.8056640625,-0.10986328125,-0.2197265625,0.0244140625,-0.67138671875,-0.29296875,-0.4150390625,0.30517578125,0.5859375,0.1220703125,1.1962890625,0.06103515625,0.45166015625,-0.048828125,-0.20751953125,0,0.68359375,-0.15869140625,1.0498046875,0.45166015625,0.84228515625,0.5859375,0.9033203125,0.10986328125,0.84228515625,0.08544921875,0.1708984375,-0.2197265625,1.01318359375,-0.1953125,0.18310546875,-0.1708984375,0.10986328125,-0.13427734375,0.23193359375,-0.3173828125,0.87890625,0.341796875,-0.01220703125,-0.37841796875,1.2939453125,0.048828125,-0.9765625,-0.03662109375,-0.35400390625,0.1220703125,-0.9765625,-0.1953125,-0.74462890625,0.0732421875,6.50634765625,-0.2197265625,3.955078125,-0.1953125,4.57763671875,0.06103515625,4.47998046875,-0.2685546875,-1.03759765625,-0.0244140625,-0.927734375,0.01220703125,-0.9033203125,-0.09765625,-0.4638671875,0.06103515625,7.2021484375,-0.1953125,2.9541015625,0,2.4658203125,-0.048828125,5.1025390625,-0.13427734375,0.390625,-0.01220703125,0.03662109375,-0.06103515625,0.048828125,-0.0732421875,0.2197265625,-0.18310546875,-0.03662109375,-0.01220703125,0.84228515625,0.13427734375,-0.4638671875,-0.2197265625,-0.5126953125
0,-0.5859375,-0.35400390625,-0.13427734375,-0.35400390625,0.23193359375,-0.390625,-0.10986328125,-0.06103515625,0.10986328125,0,-0.23193359375,-0.87890625,-0.1953125,1.08642578125,0.0732421875,-0.18310546875,-0.146484375,-0.57373046875,-0.30517578125,-0.13427734375,-0.06103515625,0.86669921875,-0.32958984375,-0.62255859375,0.0244140625,-0.93994140625,0.03662109375,-1.1962890625,-0.18310546875,0.2685546875,0.0244140625,-0.32958984375,-0.0244140625,-0.40283203125,-0.1220703125,-0.89111328125,0.01220703125,-0.48828125,-0.1220703125,-0.78125,-0.09765625,-0.2197265625,-0.0732421875,-0.67138671875,-0.35400390625,-0.4150390625,0.2685546875,0.57373046875,0.1220703125,1.1962890625,0.01220703125,0.439453125,-0.0244140625,-0.2197265625,-0.13427734375,0.68359375,-0.1953125,1.220703125,0.5615234375,0.9521484375,0.68359375,1.0009765625,0.146484375,1.01318359375,0.0244140625,0.18310546875,-0.23193359375,1.06201171875,-0.23193359375,0.1708984375,-0.1220703125,0.10986328125,-0.2197265625,0.28076171875,-0.28076171875,0.8544921875,0.390625,0,-0.2685546875,1.30615234375,0,-0.9521484375,-0.0732421875,-0.35400390625,0.15869140625,-0.9765625,-0.2685546875,-0.7568359375,-0.048828125,7.04345703125,-0.244140625,4.248046875,-0.28076171875,4.91943359375,0.08544921875,4.87060546875,-0.18310546875,-1.0498046875,-0.03662109375,-0.927734375,0.048828125,-0.9033203125,-0.1220703125,-0.4638671875,0.08544921875,6.8359375,-0.1953125,2.77099609375,-0.03662109375,2.30712890625,-0.09765625,4.931640625,-0.146484375,0.40283203125,-0.0244140625,0.0244140625,-0.0732421875,0.0244140625,-0.06103515625,0.2197265625,-0.1953125,-0.03662109375,0.0244140625,0.84228515625,0.13427734375,-0.48828125,-0.2197265625,-0.5126953125
0,-0.59814453125,-0.3662109375,-0.146484375,-0.35400390625,0.1953125,-0.390625,-0.1220703125,-0.06103515625,0.09765625,-0.01220703125,-0.2197265625,-0.86669921875,-0.1953125,1.06201171875,0.08544921875,-0.18310546875,-0.25634765625,-0.537109375,-0.244140625,-0.146484375,-0.18310546875,0.91552734375,-0.18310546875,-0.62255859375,-0.1220703125,-0.86669921875,0.03662109375,-1.15966796875,-0.25634765625,0.3173828125,-0.10986328125,-0.2685546875,0.0244140625,-0.390625,-0.15869140625,-0.89111328125,0.0732421875,-0.47607421875,-0.10986328125,-0.74462890625,-0.0244140625,-0.20751953125,-0.146484375,-0.67138671875,-0.3662109375,-0.4150390625,0.244140625,0.5859375,0.09765625,1.18408203125,-0.09765625,0.42724609375,-0.08544921875,-0.1953125,-0.25634765625,0.67138671875,-0.146484375,1.416015625,0.537109375,1.03759765625,0.7568359375,1.123046875,0.20751953125,1.1962890625,0,0.20751953125,-0.29296875,1.0498046875,-0.2685546875,0.1708984375,-0.08544921875,0.146484375,-0.3173828125,0.29296875,-0.244140625,0.84228515625,0.390625,0,-0.1220703125,1.2939453125,-0.0244140625,-0.9765625,-0.06103515625,-0.3662109375,0.146484375,-0.9765625,-0.244140625,-0.76904296875,-0.1220703125,7.32421875,-0.2685546875,4.39453125,-0.25634765625,5.1513671875,0.0732421875,5.06591796875,-0.09765625,-1.06201171875,0.01220703125,-0.93994140625,0.048828125,-0.87890625,-0.1708984375,-0.4638671875,0.28076171875,6.43310546875,-0.13427734375,2.60009765625,0.01220703125,2.1484375,-0.0732421875,4.7607421875,-0.15869140625,0.40283203125,0,0.0244140625,-0.048828125,0.01220703125,-0.06103515625,0.23193359375,-0.20751953125,-0.0244140625,0.01220703125,0.8544921875,0.1220703125,-0.47607421875,-0.1953125,-0.48828125
0,-0.6103515625,-0.35400390625,-0.1708984375,-0.3662109375,0.20751953125,-0.4150390625,-0.13427734375,-0.03662109375,0.10986328125,-0.03662109375,-0.20751953125,-0.89111328125,-0.18310546875,1.08642578125,0.06103515625,-0.1708984375,-0.2685546875,-0.52490234375,-0.1708984375,-0.15869140625,-0.1953125,0.9033203125,-0.0732421875,-0.62255859375,-0.2197265625,-0.732421875,-0.0244140625,-1.07421875,-0.3662109375,0.42724609375,-0.23193359375,-0.15869140625,0.13427734375,-0.390625,-0.18310546875,-0.89111328125,0.08544921875,-0.47607421875,-0.03662109375,-0.732421875,0.048828125,-0.2197265625,-0.1953125,-0.68359375,-0.32958984375,-0.439453125,0.18310546875,0.5859375,0.048828125,1.15966796875,-0.10986328125,0.439453125,-0.09765625,-0.18310546875,-0.341796875,0.67138671875,-0.15869140625,1.5380859375,0.42724609375,1.0498046875,0.79345703125,1.20849609375,0.1220703125,1.33056640625,0,0.2197265625,-0.30517578125,1.06201171875,-0.28076171875,0.1953125,-0.06103515625,0.1708984375,-0.390625,0.30517578125,-0.23193359375,0.84228515625,0.3662109375,0.0244140625,-0.01220703125,1.30615234375,-0.03662109375,-0.9765625,-0.06103515625,-0.37841796875,0.09765625,-0.9765625,-0.146484375,-0.76904296875,-0.1708984375,7.3486328125,-0.2685546875,4.39453125,-0.1953125,5.2001953125,0.03662109375,5.1025390625,-0.0732421875,-1.0498046875,0.06103515625,-0.927734375,0.06103515625,-0.89111328125,-0.23193359375,-0.47607421875,0.25634765625,6.01806640625,-0.10986328125,2.40478515625,0.0244140625,1.94091796875,-0.10986328125,4.541015625,-0.1708984375,0.40283203125,0.0244140625,0.03662109375,-0.06103515625,0.01220703125,-0.08544921875,0.23193359375,-0.1953125,-0.01220703125,0.03662109375,0.84228515625,0.1220703125,-0.48828125,-0.1953125,-0.50048828125
0,-0.6591796875,-0.35400390625,-0.15869140625,-0.35400390625,0.1708984375,-0.40283203125,-0.13427734375,-0.03662109375,0.09765625,-0.01220703125,-0.20751953125,-0.9033203125,-0.18310546875,1.08642578125,0.06103515625,-0.146484375,-0.244140625,-0.54931640625,-0.1220703125,-0.15869140625,-0.13427734375,0.89111328125,-0.01220703125,-0.62255859375,-0.30517578125,-0.537109375,-0.08544921875,-0.98876953125,-0.439453125,0.6103515625,-0.32958984375,-0.0244140625,0.18310546875,-0.4150390625,-0.1220703125,-0.91552734375,0.08544921875,-0.47607421875,0,-0.7080078125,0.1220703125,-0.20751953125,-0.2197265625,-0.67138671875,-0.29296875,-0.45166015625,0.15869140625,0.59814453125,-0.01220703125,1.15966796875,-0.146484375,0.439453125,-0.1220703125,-0.15869140625,-0.4150390625,0.69580078125,-0.0244140625,1.5869140625,0.4150390625,1.03759765625,0.86669921875,1.25732421875,0.09765625,1.37939453125,-0.03662109375,0.25634765625,-0.2685546875,1.0498046875,-0.2685546875,0.15869140625,-0.01220703125,0.1953125,-0.439453125,0.30517578125,-0.28076171875,0.8544921875,0.35400390625,0,0.0732421875,1.318359375,-0.01220703125,-0.96435546875,-0.048828125,-0.37841796875,0.03662109375,-0.9765625,0,-0.76904296875,-0.15869140625,7.09228515625,-0.23193359375,4.26025390625,-0.09765625,5.11474609375,0.0244140625,4.91943359375,-0.10986328125,-1.03759765625,0.10986328125,-0.93994140625,0.06103515625,-0.87890625,-0.3173828125,-0.47607421875,0.20751953125,5.6396484375,-0.06103515625,2.197265625,0.048828125,1.7822265625,-0.15869140625,4.345703125,-0.1708984375,0.40283203125,0.048828125,0.03662109375,-0.06103515625,-0.01220703125,-0.08544921875,0.23193359375,-0.15869140625,-0.01220703125,0.03662109375,0.830078125,0.09765625,-0.50048828125,-0.1953125,-0.5126953125
0,-0.67138671875,-0.35400390625,-0.1708984375,-0.35400390625,0.18310546875,-0.4150390625,-0.13427734375,-0.0244140625,0.146484375,-0.03662109375,-0.23193359375,-0.89111328125,-0.18310546875,1.08642578125,0.03662109375,-0.146484375,-0.15869140625,-0.5859375,-0.10986328125,-0.18310546875,0.08544921875,0.86669921875,-0.048828125,-0.62255859375,-0.30517578125,-0.341796875,-0.146484375,-0.87890625,-0.48828125,0.79345703125,-0.37841796875,0.1220703125,0.18310546875,-0.42724609375,-0.0732421875,-0.91552734375,0.0244140625,-0.4638671875,0.06103515625,-0.72021484375,0.18310546875,-0.1953125,-0.1708984375,-0.67138671875,-0.2197265625,-0.45166015625,0.06103515625,0.6103515625,-0.03662109375,1.13525390625,-0.146484375,0.45166015625,-0.09765625,-0.1708984375,-0.47607421875,0.7080078125,0,1.5625,0.35400390625,0.9765625,0.86669921875,1.220703125,0.03662109375,1.35498046875,-0.0732421875,0.2685546875,-0.30517578125,1.0498046875,-0.244140625,0.18310546875,-0.01220703125,0.2197265625,-0.4638671875,0.29296875,-0.25634765625,0.81787109375,0.37841796875,0.01220703125,0.08544921875,1.33056640625,0,-0.98876953125,-0.01220703125,-0.37841796875,-0.01220703125,-0.9521484375,0.13427734375,-0.79345703125,-0.1220703125,6.57958984375,-0.1953125,4.00390625,-0.01220703125,4.833984375,0.01220703125,4.5654296875,-0.1220703125,-1.0498046875,0.146484375,-0.91552734375,0.048828125,-0.89111328125,-0.40283203125,-0.48828125,0.15869140625,5.26123046875,0,1.9775390625,0.06103515625,1.62353515625,-0.2197265625,4.13818359375,-0.15869140625,0.40283203125,0.0732421875,0.03662109375,-0.0732421875,-0.01220703125,-0.10986328125,0.20751953125,-0.1220703125,0,0.03662109375,0.79345703125,0.09765625,-0.5126953125,-0.1708984375,-0.50048828125
0,-0.7080078125,-0.341796875,-0.15869140625,-0.35400390625,0.10986328125,-0.4150390625,-0.1220703125,-0.0244140625,0.10986328125,-0.0244140625,-0.2197265625,-0.87890625,-0.15869140625,1.0986328125,0.01220703125,-0.13427734375,-0.08544921875,-0.59814453125,-0.1220703125,-0.1708984375,0.29296875,0.8544921875,-0.1220703125,-0.5859375,-0.25634765625,-0.10986328125,-0.13427734375,-0.76904296875,-0.5126953125,0.96435546875,-0.3173828125,0.28076171875,0.23193359375,-0.390625,-0.03662109375,-0.91552734375,-0.06103515625,-0.47607421875,0.10986328125,-0.74462890625,0.2197265625,-0.1708984375,-0.13427734375,-0.67138671875,-0.146484375,-0.42724609375,0.0244140625,0.59814453125,-0.0244140625,1.123046875,-0.2197265625,0.4638671875,-0.048828125,-0.15869140625,-0.47607421875,0.72021484375,0.1220703125,1.4404296875,0.37841796875,0.91552734375,0.9033203125,1.1474609375,-0.01220703125,1.2451171875,-0.146484375,0.28076171875,-0.28076171875,1.01318359375,-0.23193359375,0.1953125,-0.048828125,0.23193359375,-0.439453125,0.2685546875,-0.2197265625,0.830078125,0.40283203125,-0.01220703125,0.08544921875,1.30615234375,0.0732421875,-1.0009765625,0,-0.37841796875,-0.06103515625,-0.9765625,0.244140625,-0.79345703125,-0.08544921875,5.8837890625,-0.13427734375,3.60107421875,0.09765625,4.39453125,-0.03662109375,4.052734375,-0.1953125,-1.0498046875,0.18310546875,-0.89111328125,0.01220703125,-0.87890625,-0.42724609375,-0.47607421875,0.10986328125,4.89501953125,0.03662109375,1.77001953125,0.0244140625,1.46484375,-0.2685546875,3.90625,-0.1953125,0.390625,0.09765625,0.048828125,-0.0732421875,-0.03662109375,-0.09765625,0.2197265625,-0.08544921875,-0.01220703125,0.03662109375,0.79345703125,0.09765625,-0.5126953125,-0.1708984375,-0.52490234375
0,-0.732421875,-0.35400390625,-0.1953125,-0.35400390625,0.10986328125,-0.4150390625,-0.13427734375,-0.03662109375,0.13427734375,-0.0244140625,-0.1953125,-0.87890625,-0.146484375,1.11083984375,0,-0.13427734375,-0.0244140625,-0.6103515625,-0.146484375,-0.18310546875,0.48828125,0.8544921875,-0.2197265625,-0.54931640625,-0.30517578125,0.048828125,-0.10986328125,-0.64697265625,-0.537109375,1.1474609375,-0.2685546875,0.40283203125,0.18310546875,-0.390625,0.01220703125,-0.91552734375,-0.1220703125,-0.4638671875,0.10986328125,-0.74462890625,0.2197265625,-0.1708984375,-0.0244140625,-0.6591796875,-0.10986328125,-0.439453125,0,0.6103515625,0.01220703125,1.123046875,-0.244140625,0.47607421875,0.0732421875,-0.1708984375,-0.52490234375,0.7080078125,0.18310546875,1.318359375,0.341796875,0.927734375,0.87890625,1.0498046875,-0.048828125,1.123046875,-0.18310546875,0.29296875,-0.244140625,1.0009765625,-0.15869140625,0.20751953125,-0.09765625,0.244140625,-0.390625,0.25634765625,-0.1953125,0.79345703125,0.4150390625,0.0244140625,0.0732421875,1.30615234375,0.1220703125,-1.01318359375,0.03662109375,-0.390625,-0.06103515625,-0.9765625,0.3173828125,-0.79345703125,-0.06103515625,4.9560546875,-0.0244140625,3.11279296875,0.1953125,3.8330078125,-0.06103515625,3.35693359375,-0.244140625,-1.03759765625,0.1708984375,-0.86669921875,-0.03662109375,-0.9033203125,-0.4150390625,-0.47607421875,0.0732421875,4.55322265625,0.09765625,1.59912109375,-0.01220703125,1.30615234375,-0.25634765625,3.67431640625,-0.2197265625,0.37841796875,0.10986328125,0.03662109375,-0.0732421875,-0.01220703125,-0.09765625,0.20751953125,-0.0732421875,0,0.0244140625,0.79345703125,0.09765625,-0.50048828125,-0.18310546875,-0.537109375
0,-0.72021484375,-0.35400390625,-0.18310546875,-0.3662109375,0.08544921875,-0.42724609375,-0.146484375,-0.06103515625,0.10986328125,-0.03662109375,-0.18310546875,-0.86669921875,-0.146484375,1.11083984375,-0.0244140625,-0.146484375,0.048828125,-0.634765625,-0.20751953125,-0.15869140625,0.5615234375,0.86669921875,-0.2685546875,-0.57373046875,-0.146484375,0.1220703125,-0.0244140625,-0.57373046875,-0.439453125,1.26953125,-0.1708984375,0.42724609375,0.15869140625,-0.40283203125,0,-0.9033203125,-0.13427734375,-0.45166015625,0.06103515625,-0.76904296875,0.2197265625,-0.1708984375,0.03662109375,-0.6591796875,-0.08544921875,-0.42724609375,0.0244140625,0.634765625,0.0244140625,1.123046875,-0.1953125,0.47607421875,0.08544921875,-0.18310546875,-0.52490234375,0.732421875,0.20751953125,1.23291015625,0.28076171875,1.06201171875,0.84228515625,1.0009765625,-0.0732421875,1.08642578125,-0.20751953125,0.2685546875,-0.2685546875,0.98876953125,-0.0732421875,0.23193359375,-0.15869140625,0.23193359375,-0.341796875,0.23193359375,-0.1220703125,0.79345703125,0.439453125,0.01220703125,0.048828125,1.28173828125,0.18310546875,-1.01318359375,0.0244140625,-0.390625,-0.03662109375,-0.98876953125,0.30517578125,-0.79345703125,-0.03662109375,3.89404296875,0.0732421875,2.5146484375,0.2685546875,3.1494140625,-0.01220703125,2.60009765625,-0.25634765625,-1.03759765625,0.15869140625,-0.87890625,-0.09765625,-0.9033203125,-0.390625,-0.47607421875,0.15869140625,4.19921875,0.09765625,1.3671875,-0.0732421875,1.1474609375,-0.20751953125,3.4423828125,-0.20751953125,0.37841796875,0.1220703125,0.0244140625,-0.06103515625,-0.03662109375,-0.1220703125,0.1953125,-0.06103515625,-0.01220703125,0.01220703125,0.79345703125,0.10986328125,-0.5126953125,-0.23193359375,-0.537109375
1,-0.732421875,-0.35400390625,-0.1953125,-0.35400390625,0.09765625,-0.4150390625,-0.1220703125,-0.0732421875,0.09765625,-0.0244140625,-0.18310546875,-0.89111328125,-0.146484375,1.0986328125,-0.0244140625,-0.1708984375,0.146484375,-0.6591796875,-0.20751953125,-0.1708984375,0.537109375,0.830078125,-0.25634765625,-0.5859375,-0.146484375,0.0732421875,-0.048828125,-0.57373046875,-0.4150390625,1.25732421875,-0.1708984375,0.42724609375,0.13427734375,-0.37841796875,-0.0732421875,-0.9033203125,-0.09765625,-0.45166015625,-0.048828125,-0.78125,0.20751953125,-0.15869140625,0.048828125,-0.64697265625,-0.09765625,-0.42724609375,0.08544921875,0.62255859375,0.01220703125,1.13525390625,-0.146484375,0.4638671875,0.1220703125,-0.23193359375,-0.537109375,0.72021484375,0.244140625,1.28173828125,0.28076171875,1.3916015625,0.79345703125,1.0498046875,-0.09765625,1.18408203125,-0.2197265625,0.25634765625,-0.23193359375,1.0009765625,-0.0244140625,0.25634765625,-0.23193359375,0.2197265625,-0.29296875,0.23193359375,-0.09765625,0.76904296875,0.4150390625,0.0244140625,-0.0244140625,1.30615234375,0.2197265625,-1.025390625,0.0244140625,-0.37841796875,0.01220703125,-1.01318359375,0.18310546875,-0.78125,0,2.72216796875,0.13427734375,1.8798828125,0.28076171875,2.3681640625,0.06103515625,1.72119140625,-0.2685546875,-1.025390625,0.15869140625,-0.87890625,-0.15869140625,-0.89111328125,-0.35400390625,-0.4638671875,0.2197265625,3.8330078125,0.1220703125,1.171875,-0.0732421875,1.0009765625,-0.10986328125,3.18603515625,-0.20751953125,0.37841796875,0.1220703125,0.03662109375,-0.06103515625,-0.048828125,-0.10986328125,0.20751953125,-0.0732421875,-0.01220703125,0.01220703125,0.78125,0.10986328125,-0.48828125,-0.23193359375,-0.54931640625
1,-0.72021484375,-0.341796875,-0.20751953125,-0.35400390625,0.09765625,-0.4150390625,-0.1220703125,-0.08544921875,0.09765625,-0.06103515625,-0.18310546875,-0.9033203125,-0.1220703125,1.11083984375,-0.048828125,-0.15869140625,0.18310546875,-0.64697265625,-0.2197265625,-0.1953125,0.4638671875,0.830078125,-0.20751953125,-0.5615234375,-0.15869140625,0.0244140625,-0.0732421875,-0.6103515625,-0.3173828125,1.20849609375,-0.1220703125,0.390625,0.048828125,-0.40283203125,-0.08544921875,-0.9033203125,-0.048828125,-0.45166015625,-0.10986328125,-0.8056640625,0.25634765625,-0.15869140625,0.0732421875,-0.6591796875,-0.0732421875,-0.42724609375,0.1708984375,0.64697265625,0.0244140625,1.15966796875,-0.10986328125,0.47607421875,0.13427734375,-0.25634765625,-0.4638671875,0.69580078125,0.2197265625,1.5625,0.23193359375,1.94091796875,0.6103515625,1.20849609375,-0.13427734375,1.45263671875,-0.18310546875,0.2685546875,-0.1708984375,1.0009765625,0.01220703125,0.25634765625,-0.23193359375,0.20751953125,-0.28076171875,0.23193359375,-0.06103515625,0.78125,0.40283203125,0.03662109375,-0.09765625,1.30615234375,0.1953125,-1.025390625,0.0244140625,-0.35400390625,0.048828125,-1.01318359375,0.048828125,-0.76904296875,0.048828125,1.52587890625,0.15869140625,1.26953125,0.28076171875,1.611328125,0.1708984375,0.89111328125,-0.28076171875,-1.025390625,0.10986328125,-0.91552734375,-0.1708984375,-0.89111328125,-0.2685546875,-0.45166015625,0.2197265625,3.369140625,0.06103515625,0.93994140625,-0.06103515625,0.830078125,-0.08544921875,2.94189453125,-0.23193359375,0.3662109375,0.13427734375,0.03662109375,-0.0732421875,-0.03662109375,-0.09765625,0.20751953125,-0.06103515625,0,0.0244140625,0.78125,0.10986328125,-0.50048828125,-0.23193359375,-0.537109375
1,-0.7080078125,-0.35400390625,-0.1953125,-0.35400390625,0.09765625,-0.40283203125,-0.08544921875,-0.06103515625,0.09765625,-0.03662109375,-0.146484375,-0.87890625,-0.1220703125,1.08642578125,-0.03662109375,-0.1708984375,0.1953125,-0.6103515625,-0.18310546875,-0.18310546875,0.30517578125,0.8544921875,-0.146484375,-0.54931640625,-0.0244140625,-0.0732421875,0.08544921875,-0.64697265625,-0.1708984375,1.15966796875,-0.0244140625,0.32958984375,0.0244140625,-0.3662109375,-0.09765625,-0.87890625,-0.0244140625,-0.4150390625,-0.15869140625,-0.79345703125,0.341796875,-0.15869140625,-0.01220703125,-0.634765625,-0.08544921875,-0.439453125,0.1953125,0.62255859375,0,1.18408203125,-0.06103515625,0.45166015625,0.15869140625,-0.244140625,-0.3662109375,0.69580078125,0.18310546875,2.05078125,0.23193359375,2.72216796875,0.5859375,1.611328125,-0.1708984375,2.001953125,-0.146484375,0.244140625,-0.1220703125,1.025390625,0.0244140625,0.244140625,-0.1953125,0.1708984375,-0.29296875,0.244140625,-0.01220703125,0.78125,0.37841796875,0.0244140625,-0.18310546875,1.30615234375,0.146484375,-1.01318359375,-0.01220703125,-0.341796875,0.06103515625,-1.0009765625,-0.08544921875,-0.78125,0.06103515625,0.42724609375,0.15869140625,0.68359375,0.28076171875,0.89111328125,0.2685546875,0.0732421875,-0.29296875,-1.01318359375,0.08544921875,-0.91552734375,-0.18310546875,-0.89111328125,-0.18310546875,-0.45166015625,0.30517578125,2.83203125,-0.0244140625,0.6591796875,-0.08544921875,0.59814453125,-0.0732421875,2.6611328125,-0.25634765625,0.37841796875,0.1953125,0.03662109375,-0.0732421875,-0.03662109375,-0.09765625,0.1953125,-0.03662109375,-0.0244140625,0.03662109375,0.8056640625,0.1220703125,-0.48828125,-0.23193359375,-0.537109375
1,-0.68359375,-0.3662109375,-0.1953125,-0.3662109375,0.048828125,-0.4150390625,-0.08544921875,-0.048828125,0.09765625,-0.048828125,-0.1708984375,-0.86669921875,-0.10986328125,1.11083984375,-0.06103515625,-0.15869140625,0.10986328125,-0.5859375,-0.20751953125,-0.1708984375,0.146484375,0.87890625,-0.0732421875,-0.5615234375,-0.03662109375,-0.20751953125,0.1220703125,-0.6591796875,-0.10986328125,1.11083984375,-0.06103515625,0.29296875,-0.0244140625,-0.3662109375,-0.0732421875,-0.86669921875,0,-0.42724609375,-0.23193359375,-0.78125,0.390625,-0.15869140625,-0.13427734375,-0.64697265625,-0.09765625,-0.439453125,0.20751953125,0.62255859375,0.0244140625,1.171875,-0.048828125,0.4638671875,0.18310546875,-0.244140625,-0.25634765625,0.69580078125,0.146484375,2.79541015625,0.23193359375,3.6865234375,0.45166015625,2.13623046875,-0.1953125,2.74658203125,-0.09765625,0.244140625,-0.03662109375,1.025390625,0.01220703125,0.2197265625,-0.1953125,0.146484375,-0.1953125,0.2685546875,0.01220703125,0.79345703125,0.35400390625,0.01220703125,-0.244140625,1.30615234375,0.09765625,-0.98876953125,-0.0732421875,-0.35400390625,0.048828125,-0.98876953125,-0.1708984375,-0.7568359375,0.0732421875,-0.54931640625,0.13427734375,0.20751953125,0.2197265625,0.29296875,0.35400390625,-0.5859375,-0.3173828125,-1.025390625,0.06103515625,-0.927734375,-0.1708984375,-0.89111328125,-0.13427734375,-0.439453125,0.37841796875,2.24609375,-0.1220703125,0.390625,-0.03662109375,0.390625,-0.06103515625,2.3681640625,-0.2685546875,0.37841796875,0.1708984375,0.0244140625,-0.0732421875,-0.01220703125,-0.09765625,0.1953125,-0.06103515625,-0.0244140625,0.0732421875,0.78125,0.10986328125,-0.50048828125,-0.20751953125,-0.54931640625
1,-0.634765625,-0.35400390625,-0.20751953125,-0.3662109375,0.06103515625,-0.4150390625,-0.0732421875,-0.048828125,0.13427734375,-0.03662109375,-0.15869140625,-0.86669921875,-0.08544921875,1.0986328125,-0.08544921875,-0.18310546875,0,-0.5615234375,-0.244140625,-0.18310546875,-0.01220703125,0.9033203125,-0.0244140625,-0.59814453125,-0.09765625,-0.29296875,0.1708984375,-0.67138671875,-0.03662109375,1.06201171875,-0.048828125,0.28076171875,-0.03662109375,-0.390625,-0.01220703125,-0.86669921875,0.0244140625,-0.439453125,-0.25634765625,-0.76904296875,0.4150390625,-0.18310546875,-0.25634765625,-0.62255859375,-0.1220703125,-0.439453125,0.1953125,0.62255859375,0.03662109375,1.1962890625,-0.08544921875,0.45166015625,0.20751953125,-0.23193359375,-0.09765625,0.7080078125,0.08544921875,3.72314453125,0.1220703125,4.79736328125,0.4150390625,2.81982421875,-0.20751953125,3.6865234375,-0.06103515625,0.244140625,0.048828125,1.0498046875,0,0.1708984375,-0.13427734375,0.146484375,-0.0732421875,0.2685546875,0.01220703125,0.76904296875,0.3173828125,-0.01220703125,-0.28076171875,1.318359375,0.03662109375,-0.9765625,-0.1220703125,-0.341796875,-0.03662109375,-1.0009765625,-0.18310546875,-0.7568359375,0.06103515625,-1.318359375,0.10986328125,-0.13427734375,0.18310546875,-0.1953125,0.390625,-1.123046875,-0.30517578125,-1.025390625,0.06103515625,-0.91552734375,-0.15869140625,-0.89111328125,-0.0732421875,-0.439453125,0.42724609375,1.611328125,-0.1708984375,0.09765625,-0.06103515625,0.1708984375,-0.0244140625,2.0751953125,-0.2685546875,0.37841796875,0.15869140625,0.0244140625,-0.06103515625,-0.01220703125,-0.08544921875,0.20751953125,-0.0732421875,-0.03662109375,0.0732421875,0.76904296875,0.10986328125,-0.50048828125,-0.23193359375,-0.52490234375
1,-0.6103515625,-0.341796875,-0.1953125,-0.3662109375,0.0732421875,-0.4150390625,-0.08544921875,-0.048828125,0.08544921875,-0.01220703125,-0.15869140625,-0.89111328125,-0.09765625,1.08642578125,-0.09765625,-0.1708984375,-0.0732421875,-0.52490234375,-0.30517578125,-0.18310546875,-0.10986328125,0.89111328125,-0.048828125,-0.57373046875,0.03662109375,-0.32958984375,0.2685546875,-0.67138671875,0.048828125,1.0498046875,0.01220703125,0.3173828125,-0.06103515625,-0.37841796875,0.06103515625,-0.86669921875,0,-0.45166015625,-0.30517578125,-0.7568359375,0.35400390625,-0.1953125,-0.30517578125,-0.62255859375,-0.09765625,-0.439453125,0.18310546875,0.6103515625,0.0732421875,1.20849609375,-0.10986328125,0.439453125,0.244140625,-0.23193359375,0.09765625,0.72021484375,-0.0244140625,4.78515625,0.08544921875,5.95703125,0.32958984375,3.60107421875,-0.29296875,4.74853515625,-0.0732421875,0.25634765625,0.10986328125,1.0498046875,0,0.146484375,-0.1220703125,0.15869140625,0.0244140625,0.25634765625,0,0.78125,0.25634765625,-0.01220703125,-0.2685546875,1.2939453125,-0.03662109375,-0.98876953125,-0.15869140625,-0.35400390625,-0.13427734375,-0.98876953125,-0.15869140625,-0.7568359375,0.048828125,-1.806640625,0.06103515625,-0.35400390625,0.1708984375,-0.5126953125,0.341796875,-1.4404296875,-0.3173828125,-1.025390625,0.0732421875,-0.91552734375,-0.146484375,-0.87890625,-0.048828125,-0.439453125,0.42724609375,1.01318359375,-0.20751953125,-0.1708984375,-0.0732421875,-0.03662109375,-0.01220703125,1.79443359375,-0.25634765625,0.37841796875,0.15869140625,0.03662109375,-0.0732421875,0.0244140625,-0.10986328125,0.2197265625,-0.08544921875,-0.03662109375,0.09765625,0.79345703125,0.08544921875,-0.48828125,-0.2197265625,-0.5126953125
1,-0.5859375,-0.341796875,-0.1953125,-0.341796875,0.09765625,-0.42724609375,-0.0732421875,-0.03662109375,0.13427734375,0,-0.13427734375,-0.9033203125,-0.09765625,1.0986328125,-0.09765625,-0.18310546875,-0.08544921875,-0.52490234375,-0.35400390625,-0.15869140625,-0.0732421875,0.89111328125,-0.13427734375,-0.6103515625,-0.01220703125,-0.2685546875,0.1708984375,-0.6103515625,-0.01220703125,1.13525390625,0.03662109375,0.42724609375,-0.08544921875,-0.40283203125,0.1220703125,-0.87890625,-0.03662109375,-0.48828125,-0.146484375,-0.732421875,0.3173828125,-0.2197265625,-0.29296875,-0.634765625,-0.10986328125,-0.48828125,0.1708984375,0.59814453125,0.06103515625,1.15966796875,-0.09765625,0.439453125,0.28076171875,-0.18310546875,0.244140625,0.72021484375,-0.06103515625,5.79833984375,0.146484375,7.0556640625,0.29296875,4.38232421875,-0.3662109375,5.77392578125,-0.08544921875,0.2685546875,0.1708984375,1.07421875,0,0.09765625,-0.0732421875,0.15869140625,0.13427734375,0.28076171875,-0.03662109375,0.8056640625,0.20751953125,-0.0244140625,-0.23193359375,1.30615234375,-0.08544921875,-0.9765625,-0.1953125,-0.35400390625,-0.23193359375,-1.0009765625,-0.09765625,-0.76904296875,0.01220703125,-2.0751953125,0.01220703125,-0.45166015625,0.13427734375,-0.634765625,0.23193359375,-1.611328125,-0.28076171875,-1.03759765625,0.09765625,-0.91552734375,-0.1220703125,-0.89111328125,-0.048828125,-0.439453125,0.4150390625,0.52490234375,-0.1708984375,-0.40283203125,-0.048828125,-0.2197265625,-0.01220703125,1.5625,-0.25634765625,0.4150390625,0.15869140625,0.0244140625,-0.0732421875,0.0244140625,-0.0732421875,0.1953125,-0.10986328125,-0.03662109375,0.06103515625,0.79345703125,0.0732421875,-0.48828125,-0.1953125,-0.5126953125
1,-0.54931640625,-0.341796875,-0.20751953125,-0.3662109375,0.146484375,-0.40283203125,-0.09765625,-0.06103515625,0.10986328125,0.0244140625,-0.10986328125,-0.89111328125,-0.10986328125,1.08642578125,-0.10986328125,-0.18310546875,-0.08544921875,-0.52490234375,-0.390625,-0.146484375,-0.01220703125,0.927734375,-0.23193359375,-0.62255859375,0,-0.09765625,0.10986328125,-0.48828125,-0.0732421875,1.30615234375,0.0244140625,0.5859375,-0.13427734375,-0.37841796875,0.1953125,-0.87890625,-0.08544921875,-0.50048828125,-0.06103515625,-0.732421875,0.1708984375,-0.18310546875,-0.2685546875,-0.6103515625,-0.1220703125,-0.47607421875,0.13427734375,0.6103515625,0.048828125,1.15966796875,-0.03662109375,0.439453125,0.30517578125,-0.18310546875,0.390625,0.7080078125,-0.048828125,6.73828125,0.1953125,8.02001953125,0.32958984375,5.078125,-0.3662109375,6.70166015625,-0.06103515625,0.25634765625,0.23193359375,1.0498046875,-0.0244140625,0.0732421875,-0.01220703125,0.1708984375,0.2685546875,0.25634765625,-0.10986328125,0.8056640625,0.09765625,-0.048828125,-0.23193359375,1.2939453125,-0.13427734375,-0.98876953125,-0.20751953125,-0.3662109375,-0.25634765625,-0.98876953125,0,-0.78125,-0.03662109375,-2.1240234375,-0.0244140625,-0.4638671875,0.10986328125,-0.634765625,0.10986328125,-1.5869140625,-0.2197265625,-1.0498046875,0.1220703125,-0.9033203125,-0.10986328125,-0.9033203125,-0.09765625,-0.45166015625,0.390625,0.2685546875,-0.09765625,-0.50048828125,-0.01220703125,-0.341796875,-0.06103515625,1.4404296875,-0.244140625,0.40283203125,0.1220703125,0.048828125,-0.06103515625,0.0244140625,-0.06103515625,0.20751953125,-0.0732421875,-0.06103515625,0.06103515625,0.79345703125,0.06103515625,-0.4638671875,-0.1708984375,-0.50048828125
1,-0.5615234375,-0.35400390625,-0.20751953125,-0.341796875,0.15869140625,-0.390625,-0.09765625,-0.06103515625,0.10986328125,0.01220703125,-0.10986328125,-0.9033203125,-0.10986328125,1.0986328125,-0.13427734375,-0.15869140625,-0.03662109375,-0.5615234375,-0.390625,-0.1220703125,0.08544921875,0.91552734375,-0.37841796875,-0.6591796875,0.06103515625,0.09765625,0.08544921875,-0.3173828125,-0.10986328125,1.5380859375,0.06103515625,0.79345703125,-0.10986328125,-0.40283203125,0.2197265625,-0.89111328125,-0.15869140625,-0.52490234375,0.09765625,-0.732421875,0.03662109375,-0.20751953125,-0.1953125,-0.62255859375,-0.15869140625,-0.4638671875,0.10986328125,0.59814453125,0.048828125,1.13525390625,0.01220703125,0.439453125,0.30517578125,-0.15869140625,0.4638671875,0.69580078125,-0.0732421875,7.48291015625,0.0732421875,8.7646484375,0.341796875,5.6396484375,-0.42724609375,7.421875,-0.0244140625,0.25634765625,0.28076171875,1.025390625,0,0.08544921875,0.01220703125,0.1708984375,0.3173828125,0.23193359375,-0.1708984375,0.8544921875,0.06103515625,-0.0244140625,-0.2197265625,1.2939453125,-0.1708984375,-0.98876953125,-0.20751953125,-0.37841796875,-0.2685546875,-0.9765625,0.048828125,-0.78125,-0.20751953125,-1.98974609375,-0.08544921875,-0.37841796875,0.01220703125,-0.537109375,-0.01220703125,-1.50146484375,-0.15869140625,-1.03759765625,0.13427734375,-0.9033203125,-0.09765625,-0.91552734375,-0.146484375,-0.4638671875,0.244140625,0.30517578125,-0.048828125,-0.47607421875,-0.0244140625,-0.341796875,-0.146484375,1.45263671875,-0.244140625,0.4150390625,0.146484375,0.03662109375,-0.06103515625,0.0244140625,-0.048828125,0.2197265625,-0.06103515625,-0.0732421875,0.03662109375,0.8056640625,0.06103515625,-0.47607421875,-0.146484375,-0.50048828125
1,-0.50048828125,-0.341796875,-0.20751953125,-0.341796875,0.15869140625,-0.4150390625,-0.10986328125,-0.0732421875,0.1220703125,0.01220703125,-0.09765625,-0.89111328125,-0.08544921875,1.11083984375,-0.15869140625,-0.146484375,-0.0244140625,-0.59814453125,-0.3662109375,-0.1220703125,0.32958984375,0.9033203125,-0.45166015625,-0.67138671875,-0.03662109375,0.341796875,0,-0.146484375,-0.244140625,1.7822265625,-0.0244140625,1.03759765625,-0.09765625,-0.37841796875,0.2685546875,-0.9033203125,-0.18310546875,-0.50048828125,0.10986328125,-0.732421875,-0.0244140625,-0.1708984375,-0.1220703125,-0.62255859375,-0.23193359375,-0.42724609375,0.09765625,0.59814453125,0.01220703125,1.11083984375,0.03662109375,0.42724609375,0.3173828125,-0.1220703125,0.50048828125,0.69580078125,-0.0244140625,7.9833984375,0.10986328125,9.2529296875,0.35400390625,6.005859375,-0.40283203125,7.8857421875,0.01220703125,0.25634765625,0.30517578125,1.01318359375,0.01220703125,0.08544921875,0.01220703125,0.18310546875,0.30517578125,0.23193359375,-0.25634765625,0.84228515625,0.0244140625,-0.0244140625,-0.23193359375,1.30615234375,-0.20751953125,-0.98876953125,-0.18310546875,-0.390625,-0.2197265625,-0.9765625,0.03662109375,-0.79345703125,-0.20751953125,-1.77001953125,-0.048828125,-0.29296875,-0.048828125,-0.390625,-0.0244140625,-1.3427734375,-0.15869140625,-1.03759765625,0.09765625,-0.87890625,-0.13427734375,-0.9033203125,-0.15869140625,-0.4638671875,0.23193359375,0.7080078125,0.01220703125,-0.28076171875,-0.08544921875,-0.1953125,-0.1953125,1.6357421875,-0.2197265625,0.390625,0.18310546875,0.03662109375,-0.0732421875,0.0244140625,-0.03662109375,0.20751953125,-0.03662109375,-0.06103515625,0.0244140625,0.81787109375,0.06103515625,-0.47607421875,-0.10986328125,-0.50048828125
1,-0.48828125,-0.341796875,-0.1953125,-0.35400390625,0.1220703125,-0.4150390625,-0.10986328125,-0.0732421875,0.13427734375,0,-0.10986328125,-0.89111328125,-0.0732421875,1.08642578125,-0.1953125,-0.15869140625,-0.048828125,-0.634765625,-0.3173828125,-0.09765625,0.42724609375,0.87890625,-0.4638671875,-0.64697265625,-0.03662109375,0.5615234375,0,0.03662109375,-0.341796875,2.0263671875,-0.09765625,1.25732421875,-0.0732421875,-0.3662109375,0.30517578125,-0.9033203125,-0.1953125,-0.48828125,0.10986328125,-0.76904296875,-0.09765625,-0.15869140625,-0.06103515625,-0.64697265625,-0.28076171875,-0.42724609375,0.15869140625,0.6103515625,0.0244140625,1.0986328125,0.01220703125,0.42724609375,0.3662109375,-0.146484375,0.537109375,0.67138671875,-0.0244140625,8.203125,0.08544921875,9.4482421875,0.390625,6.16455078125,-0.4150390625,8.0810546875,0.06103515625,0.23193359375,0.30517578125,1.0009765625,0.03662109375,0.1220703125,-0.01220703125,0.18310546875,0.30517578125,0.20751953125,-0.341796875,0.84228515625,0.0244140625,-0.03662109375,-0.23193359375,1.30615234375,-0.23193359375,-0.9765625,-0.146484375,-0.37841796875,-0.1220703125,-0.9765625,0,-0.78125,-0.23193359375,-1.513671875,0,-0.18310546875,-0.06103515625,-0.25634765625,-0.048828125,-1.1962890625,-0.1708984375,-1.03759765625,0.01220703125,-0.9033203125,-0.15869140625,-0.91552734375,-0.18310546875,-0.47607421875,0.2197265625,1.46484375,0.0732421875,0.0732421875,-0.1220703125,0.09765625,-0.20751953125,2.03857421875,-0.23193359375,0.40283203125,0.146484375,0.03662109375,-0.06103515625,0.0244140625,-0.0244140625,0.20751953125,-0.01220703125,-0.03662109375,0.0244140625,0.8544921875,0.048828125,-0.47607421875,-0.08544921875,-0.50048828125
1,-0.45166015625,-0.32958984375,-0.23193359375,-0.35400390625,0.10986328125,-0.4150390625,-0.09765625,-0.0732421875,0.13427734375,-0.01220703125,-0.09765625,-0.87890625,-0.0732421875,1.11083984375,-0.1953125,-0.146484375,-0.08544921875,-0.634765625,-0.25634765625,-0.1220703125,0.4638671875,0.8544921875,-0.390625,-0.64697265625,-0.03662109375,0.7568359375,0.03662109375,0.1708984375,-0.37841796875,2.23388671875,-0.15869140625,1.416015625,0.01220703125,-0.390625,0.3173828125,-0.91552734375,-0.1708984375,-0.48828125,0.13427734375,-0.76904296875,-0.15869140625,-0.15869140625,-0.01220703125,-0.634765625,-0.35400390625,-0.439453125,0.1708984375,0.59814453125,0.03662109375,1.13525390625,0.03662109375,0.40283203125,0.341796875,-0.13427734375,0.59814453125,0.67138671875,0.03662109375,8.19091796875,0.13427734375,9.4482421875,0.439453125,6.1279296875,-0.40283203125,8.06884765625,0.0732421875,0.2197265625,0.25634765625,0.9765625,0.08544921875,0.1708984375,-0.048828125,0.15869140625,0.244140625,0.20751953125,-0.35400390625,0.86669921875,0.0244140625,-0.03662109375,-0.2685546875,1.318359375,-0.244140625,-0.98876953125,-0.09765625,-0.390625,-0.0244140625,-0.98876953125,-0.0244140625,-0.78125,-0.2685546875,-1.3671875,0.03662109375,-0.13427734375,-0.13427734375,-0.15869140625,-0.048828125,-1.07421875,-0.15869140625,-1.01318359375,-0.01220703125,-0.87890625,-0.15869140625,-0.96435546875,-0.1708984375,-0.48828125,0.1708984375,2.57568359375,0.10986328125,0.6103515625,-0.1708984375,0.537109375,-0.2197265625,2.6123046875,-0.2197265625,0.40283203125,0.146484375,0.03662109375,-0.06103515625,0.0244140625,-0.03662109375,0.1953125,-0.01220703125,-0.0244140625,0.0244140625,0.86669921875,0.06103515625,-0.45166015625,-0.06103515625,-0.48828125
1,-0.37841796875,-0.341796875,-0.20751953125,-0.35400390625,0.10986328125,-0.4150390625,-0.08544921875,-0.09765625,0.10986328125,-0.03662109375,-0.0732421875,-0.89111328125,-0.06103515625,1.11083984375,-0.2197265625,-0.15869140625,-0.10986328125,-0.64697265625,-0.13427734375,-0.10986328125,0.45166015625,0.86669921875,-0.2197265625,-0.62255859375,-0.0732421875,0.89111328125,0.09765625,0.2685546875,-0.35400390625,2.35595703125,-0.1953125,1.513671875,0.03662109375,-0.390625,0.3173828125,-0.9033203125,-0.13427734375,-0.4638671875,0.0732421875,-0.76904296875,-0.13427734375,-0.15869140625,0,-0.64697265625,-0.341796875,-0.45166015625,0.1953125,0.6103515625,0.01220703125,1.11083984375,0.06103515625,0.4150390625,0.32958984375,-0.15869140625,0.64697265625,0.6591796875,0.1220703125,7.99560546875,0.1220703125,9.24072265625,0.52490234375,5.94482421875,-0.32958984375,7.8857421875,0.13427734375,0.20751953125,0.20751953125,0.98876953125,0.09765625,0.1953125,-0.10986328125,0.146484375,0.1953125,0.23193359375,-0.390625,0.830078125,0.03662109375,-0.0244140625,-0.25634765625,1.33056640625,-0.1953125,-1.025390625,-0.048828125,-0.390625,0.03662109375,-0.96435546875,-0.048828125,-0.79345703125,-0.25634765625,-1.26953125,0.06103515625,-0.13427734375,-0.146484375,-0.13427734375,-0.01220703125,-1.01318359375,-0.15869140625,-1.01318359375,-0.09765625,-0.9033203125,-0.15869140625,-0.93994140625,-0.10986328125,-0.48828125,0.244140625,3.94287109375,0.10986328125,1.28173828125,-0.1953125,1.08642578125,-0.2197265625,3.33251953125,-0.1953125,0.390625,0.10986328125,0.03662109375,-0.0732421875,0.03662109375,-0.01220703125,0.15869140625,0,-0.01220703125,0.0244140625,0.84228515625,0.0732421875,-0.45166015625,-0.06103515625,-0.48828125
1,-0.32958984375,-0.32958984375,-0.25634765625,-0.3662109375,0.0732421875,-0.4150390625,-0.0732421875,-0.09765625,0.1220703125,-0.03662109375,-0.0732421875,-0.87890625,-0.0732421875,1.0986328125,-0.20751953125,-0.1953125,-0.09765625,-0.62255859375,-0.03662109375,-0.146484375,0.28076171875,0.86669921875,-0.06103515625,-0.6103515625,-0.08544921875,0.9033203125,0.10986328125,0.29296875,-0.2685546875,2.4169921875,-0.2197265625,1.513671875,0.10986328125,-0.35400390625,0.25634765625,-0.9033203125,-0.08544921875,-0.4150390625,0.048828125,-0.76904296875,-0.0244140625,-0.146484375,-0.048828125,-0.67138671875,-0.25634765625,-0.42724609375,0.1953125,0.62255859375,0.03662109375,1.123046875,0.10986328125,0.4150390625,0.25634765625,-0.18310546875,0.64697265625,0.64697265625,0.146484375,7.6904296875,0.01220703125,8.92333984375,0.5859375,5.6884765625,-0.32958984375,7.58056640625,0.15869140625,0.18310546875,0.146484375,1.0009765625,0.13427734375,0.244140625,-0.146484375,0.146484375,0.146484375,0.244140625,-0.40283203125,0.86669921875,0.0244140625,-0.0244140625,-0.29296875,1.30615234375,-0.13427734375,-1.025390625,-0.01220703125,-0.390625,0.09765625,-0.9521484375,-0.0732421875,-0.76904296875,-0.244140625,-1.30615234375,0.0732421875,-0.18310546875,-0.13427734375,-0.18310546875,0.01220703125,-1.03759765625,-0.06103515625,-1.03759765625,-0.146484375,-0.927734375,-0.15869140625,-0.91552734375,-0.08544921875,-0.48828125,0.20751953125,5.43212890625,0.10986328125,2.03857421875,-0.15869140625,1.74560546875,-0.244140625,4.1259765625,-0.1953125,0.341796875,0.1220703125,0.03662109375,-0.06103515625,0.048828125,-0.01220703125,0.15869140625,-0.0244140625,-0.01220703125,0.03662109375,0.830078125,0.06103515625,-0.47607421875,-0.048828125,-0.50048828125
0,-0.28076171875,-0.3173828125,-0.244140625,-0.3662109375,0.048828125,-0.4150390625,-0.03662109375,-0.10986328125,0.13427734375,-0.048828125,-0.0732421875,-0.9033203125,-0.0732421875,1.0986328125,-0.23193359375,-0.20751953125,-0.06103515625,-0.6103515625,0.0732421875,-0.1708984375,0.15869140625,0.8544921875,0.08544921875,-0.6103515625,-0.10986328125,0.81787109375,0.13427734375,0.244140625,-0.146484375,2.35595703125,-0.2197265625,1.46484375,0.146484375,-0.3662109375,0.1953125,-0.89111328125,-0.08544921875,-0.42724609375,-0.01220703125,-0.7568359375,0.1220703125,-0.146484375,-0.08544921875,-0.68359375,-0.13427734375,-0.4150390625,0.18310546875,0.64697265625,0.08544921875,1.1474609375,0.13427734375,0.45166015625,0.1708984375,-0.1708984375,0.634765625,0.64697265625,0.15869140625,7.3486328125,-0.01220703125,8.60595703125,0.59814453125,5.3955078125,-0.28076171875,7.2509765625,0.15869140625,0.1953125,0.09765625,1.01318359375,0.10986328125,0.25634765625,-0.1708984375,0.146484375,0.0732421875,0.244140625,-0.35400390625,0.8544921875,0.06103515625,-0.01220703125,-0.341796875,1.318359375,-0.08544921875,-1.01318359375,0,-0.3662109375,0.0732421875,-0.9521484375,-0.06103515625,-0.78125,-0.15869140625,-1.40380859375,0.08544921875,-0.25634765625,-0.1220703125,-0.25634765625,0,-1.11083984375,-0.03662109375,-1.01318359375,-0.1708984375,-0.927734375,-0.1220703125,-0.9033203125,-0.03662109375,-0.4638671875,0.1953125,6.9091796875,0.08544921875,2.783203125,-0.146484375,2.3681640625,-0.3173828125,4.9560546875,-0.1708984375,0.35400390625,0.10986328125,0.048828125,-0.06103515625,0.0244140625,0,0.15869140625,-0.03662109375,-0.01220703125,0.06103515625,0.8056640625,0.06103515625,-0.52490234375,-0.06103515625,-0.50048828125
0,-0.244140625,-0.341796875,-0.244140625,-0.37841796875,0.048828125,-0.390625,-0.0244140625,-0.09765625,0.13427734375,-0.048828125,-0.06103515625,-0.89111328125,-0.08544921875,1.0986328125,-0.23193359375,-0.1953125,-0.03662109375,-0.59814453125,0.146484375,-0.15869140625,0.10986328125,0.86669921875,0.23193359375,-0.5859375,-0.08544921875,0.67138671875,0.10986328125,0.13427734375,-0.0244140625,2.24609375,-0.1953125,1.33056640625,0.1220703125,-0.32958984375,0.1220703125,-0.86669921875,-0.146484375,-0.40283203125,-0.06103515625,-0.7568359375,0.29296875,-0.146484375,-0.13427734375,-0.69580078125,0,-0.4150390625,0.1220703125,0.64697265625,0.15869140625,1.1474609375,0.13427734375,0.4638671875,0.06103515625,-0.15869140625,0.52490234375,0.67138671875,0.13427734375,7.06787109375,0.0244140625,8.2763671875,0.6103515625,5.1513671875,-0.23193359375,6.94580078125,0.15869140625,0.18310546875,0.048828125,1.025390625,0.08544921875,0.25634765625,-0.20751953125,0.15869140625,-0.01220703125,0.25634765625,-0.35400390625,0.84228515625,0.06103515625,-0.01220703125,-0.35400390625,1.33056640625,0,-1.01318359375,-0.01220703125,-0.35400390625,0.0244140625,-0.9521484375,-0.0244140625,-0.76904296875,-0.01220703125,-1.5625,0.08544921875,-0.30517578125,-0.048828125,-0.3173828125,-0.01220703125,-1.20849609375,-0.0244140625,-1.0009765625,-0.18310546875,-0.927734375,-0.09765625,-0.89111328125,-0.03662109375,-0.4638671875,0.3173828125,8.19091796875,0.06103515625,3.466796875,-0.09765625,2.94189453125,-0.32958984375,5.6884765625,-0.146484375,0.35400390625,0.1220703125,0.03662109375,-0.0732421875,0,0.0244140625,0.15869140625,-0.03662109375,-0.0244140625,0.06103515625,0.79345703125,0.06103515625,-0.5126953125,-0.0732421875,-0.48828125
0,-0.20751953125,-0.341796875,-0.25634765625,-0.390625,0.03662109375,-0.390625,-0.0244140625,-0.08544921875,0.146484375,-0.03662109375,-0.03662109375,-0.89111328125,-0.0732421875,1.11083984375,-0.244140625,-0.1953125,-0.048828125,-0.5615234375,0.1220703125,-0.1708984375,0.09765625,0.87890625,0.30517578125,-0.59814453125,-0.03662109375,0.439453125,0.13427734375,0.0244140625,0.09765625,2.08740234375,-0.18310546875,1.171875,0.13427734375,-0.341796875,0.0244140625,-0.86669921875,-0.1953125,-0.4150390625,-0.0244140625,-0.72021484375,0.42724609375,-0.1708984375,-0.146484375,-0.68359375,0.09765625,-0.4150390625,0.08544921875,0.634765625,0.28076171875,1.1474609375,0.0732421875,0.48828125,-0.0732421875,-0.1708984375,0.4638671875,0.68359375,0.06103515625,6.8115234375,0.08544921875,7.958984375,0.5615234375,4.91943359375,-0.13427734375,6.689453125,0.1220703125,0.18310546875,-0.01220703125,1.03759765625,0.03662109375,0.244140625,-0.20751953125,0.1708984375,-0.06103515625,0.2685546875,-0.341796875,0.84228515625,0.0732421875,0,-0.30517578125,1.30615234375,0.09765625,-1.01318359375,-0.0732421875,-0.35400390625,-0.08544921875,-0.9521484375,0.048828125,-0.8056640625,0.10986328125,-1.72119140625,0.0732421875,-0.3662109375,0.048828125,-0.40283203125,-0.09765625,-1.2939453125,0.03662109375,-0.98876953125,-0.1220703125,-0.927734375,-0.06103515625,-0.86669921875,-0.03662109375,-0.439453125,0.28076171875,9.14306640625,0.03662109375,3.99169921875,-0.09765625,3.40576171875,-0.32958984375,6.26220703125,-0.13427734375,0.32958984375,0.08544921875,0.048828125,-0.048828125,-0.01220703125,0.03662109375,0.1708984375,-0.03662109375,-0.048828125,0.0732421875,0.78125,0.048828125,-0.5126953125,-0.0732421875,-0.52490234375
0,-0.15869140625,-0.35400390625,-0.2685546875,-0.37841796875,0.0244140625,-0.390625,-0.03662109375,-0.0732421875,0.15869140625,-0.0244140625,-0.048828125,-0.9033203125,-0.0732421875,1.11083984375,-0.244140625,-0.1708984375,0,-0.54931640625,0.01220703125,-0.1708984375,0.13427734375,0.9033203125,0.30517578125,-0.59814453125,0.08544921875,0.23193359375,0.15869140625,-0.10986328125,0.1708984375,1.94091796875,-0.1220703125,1.03759765625,0.048828125,-0.341796875,-0.08544921875,-0.87890625,-0.28076171875,-0.4150390625,-0.06103515625,-0.732421875,0.47607421875,-0.18310546875,-0.10986328125,-0.69580078125,0.1708984375,-0.42724609375,0.048828125,0.64697265625,0.32958984375,1.13525390625,0.08544921875,0.48828125,-0.18310546875,-0.15869140625,0.390625,0.69580078125,0,6.62841796875,0.1953125,7.666015625,0.5859375,4.77294921875,-0.048828125,6.4697265625,0.0732421875,0.1708984375,-0.0732421875,1.0498046875,-0.0244140625,0.2197265625,-0.23193359375,0.15869140625,-0.13427734375,0.25634765625,-0.28076171875,0.81787109375,0.048828125,-0.0244140625,-0.2197265625,1.30615234375,0.146484375,-1.025390625,-0.1220703125,-0.3662109375,-0.2197265625,-0.96435546875,0.146484375,-0.79345703125,0.1708984375,-1.81884765625,0.08544921875,-0.37841796875,0.1220703125,-0.42724609375,-0.1220703125,-1.2939453125,0.03662109375,-1.01318359375,-0.048828125,-0.9521484375,-0.0244140625,-0.86669921875,0.01220703125,-0.45166015625,0.2197265625,9.75341796875,0,4.33349609375,-0.0732421875,3.662109375,-0.3173828125,6.640625,-0.146484375,0.341796875,0.08544921875,0.0244140625,-0.06103515625,-0.03662109375,0.048828125,0.1953125,-0.03662109375,-0.0732421875,0.048828125,0.79345703125,0.0244140625,-0.5126953125,-0.10986328125,-0.537109375
0,-0.13427734375,-0.35400390625,-0.25634765625,-0.35400390625,0.06103515625,-0.390625,-0.01220703125,-0.048828125,0.1708984375,-0.0244140625,-0.0244140625,-0.89111328125,-0.08544921875,1.11083984375,-0.244140625,-0.1708984375,0.03662109375,-0.54931640625,-0.1220703125,-0.1708984375,0.1708984375,0.89111328125,0.1953125,-0.6103515625,0.25634765625,0.0732421875,0.1708984375,-0.23193359375,0.20751953125,1.79443359375,-0.03662109375,0.89111328125,-0.03662109375,-0.35400390625,-0.15869140625,-0.87890625,-0.35400390625,-0.4638671875,-0.0244140625,-0.72021484375,0.4638671875,-0.1953125,-0.09765625,-0.68359375,0.244140625,-0.4150390625,0.09765625,0.64697265625,0.40283203125,1.11083984375,0.13427734375,0.48828125,-0.20751953125,-0.146484375,0.2685546875,0.74462890625,-0.0732421875,6.45751953125,0.25634765625,7.3974609375,0.57373046875,4.65087890625,0.01220703125,6.26220703125,0.03662109375,0.20751953125,-0.09765625,1.03759765625,-0.08544921875,0.20751953125,-0.23193359375,0.15869140625,-0.18310546875,0.244140625,-0.20751953125,0.79345703125,0.03662109375,-0.01220703125,-0.10986328125,1.30615234375,0.13427734375,-1.0009765625,-0.146484375,-0.35400390625,-0.30517578125,-0.9521484375,0.20751953125,-0.81787109375,0.20751953125,-1.8310546875,0.1220703125,-0.35400390625,0.18310546875,-0.40283203125,-0.09765625,-1.2939453125,-0.0244140625,-1.0009765625,-0.01220703125,-0.93994140625,-0.0244140625,-0.8544921875,0.01220703125,-0.439453125,0.146484375,9.89990234375,-0.06103515625,4.443359375,-0.06103515625,3.74755859375,-0.29296875,6.75048828125,-0.13427734375,0.3662109375,0.09765625,0.0244140625,-0.0732421875,-0.0732421875,0.03662109375,0.20751953125,-0.0244140625,-0.08544921875,0.03662109375,0.8056640625,0.01220703125,-0.52490234375,-0.13427734375,-0.54931640625
0,-0.06103515625,-0.35400390625,-0.29296875,-0.341796875,0.06103515625,-0.40283203125,-0.01220703125,-0.06103515625,0.13427734375,-0.01220703125,-0.0244140625,-0.87890625,-0.08544921875,1.0986328125,-0.23193359375,-0.15869140625,0.0732421875,-0.5859375,-0.2685546875,-0.1708984375,0.18310546875,0.89111328125,0.01220703125,-0.62255859375,0.29296875,-0.0244140625,0.13427734375,-0.3173828125,0.25634765625,1.6845703125,0.03662109375,0.8056640625,-0.10986328125,-0.35400390625,-0.15869140625,-0.89111328125,-0.40283203125,-0.5126953125,0.01220703125,-0.7080078125,0.37841796875,-0.23193359375,-0.048828125,-0.6591796875,0.25634765625,-0.40283203125,0.1220703125,0.64697265625,0.42724609375,1.13525390625,0.18310546875,0.4638671875,-0.25634765625,-0.15869140625,0.1953125,0.74462890625,-0.18310546875,6.25,0.2685546875,7.080078125,0.62255859375,4.52880859375,0.048828125,6.04248046875,-0.03662109375,0.18310546875,-0.15869140625,1.01318359375,-0.13427734375,0.18310546875,-0.1708984375,0.1708984375,-0.2685546875,0.23193359375,-0.15869140625,0.78125,0.0244140625,-0.01220703125,0,1.30615234375,0.08544921875,-1.025390625,-0.18310546875,-0.35400390625,-0.3173828125,-0.9765625,0.2197265625,-0.830078125,0.23193359375,-1.7578125,0.10986328125,-0.29296875,0.18310546875,-0.32958984375,-0.1220703125,-1.23291015625,-0.10986328125,-1.025390625,0.06103515625,-0.93994140625,-0.0244140625,-0.89111328125,0.01220703125,-0.4638671875,0.06103515625,9.619140625,-0.09765625,4.3212890625,0,3.6376953125,-0.28076171875,6.591796875,-0.1220703125,0.35400390625,0.08544921875,0.0244140625,-0.06103515625,-0.08544921875,0.0244140625,0.1953125,-0.0244140625,-0.09765625,0.0244140625,0.81787109375,-0.01220703125,-0.52490234375,-0.146484375,-0.57373046875
0,-0.06103515625,-0.3662109375,-0.2685546875,-0.341796875,0.08544921875,-0.4150390625,-0.0244140625,-0.06103515625,0.1220703125,-0.0244140625,0,-0.9033203125,-0.0732421875,1.11083984375,-0.244140625,-0.146484375,0.10986328125,-0.59814453125,-0.35400390625,-0.146484375,0.20751953125,0.91552734375,-0.18310546875,-0.64697265625,0.3662109375,-0.08544921875,0.1220703125,-0.35400390625,0.3173828125,1.64794921875,0.1953125,0.79345703125,-0.1708984375,-0.390625,-0.13427734375,-0.91552734375,-0.439453125,-0.537109375,0.048828125,-0.72021484375,0.20751953125,-0.23193359375,-0.048828125,-0.67138671875,0.20751953125,-0.40283203125,0.18310546875,0.6103515625,0.40283203125,1.123046875,0.244140625,0.4638671875,-0.25634765625,-0.15869140625,0.09765625,0.732421875,-0.244140625,5.96923828125,0.30517578125,6.7626953125,0.6103515625,4.3701171875,0.08544921875,5.77392578125,-0.03662109375,0.1953125,-0.15869140625,1.025390625,-0.1708984375,0.1708984375,-0.10986328125,0.1953125,-0.341796875,0.2197265625,-0.1220703125,0.732421875,0.03662109375,-0.0244140625,0.10986328125,1.318359375,0.048828125,-1.025390625,-0.1953125,-0.3662109375,-0.244140625,-0.9765625,0.18310546875,-0.830078125,0.09765625,-1.62353515625,0.0244140625,-0.1953125,0.09765625,-0.244140625,-0.146484375,-1.11083984375,-0.08544921875,-1.0009765625,0.09765625,-0.91552734375,-0.06103515625,-0.9033203125,0,-0.4638671875,0.0244140625,8.92333984375,-0.146484375,4.00390625,0.0244140625,3.33251953125,-0.25634765625,6.201171875,-0.10986328125,0.37841796875,0.08544921875,0,-0.0732421875,-0.09765625,0,0.1953125,-0.01220703125,-0.09765625,-0.01220703125,0.8056640625,0,-0.5126953125,-0.15869140625,-0.5615234375
0,-0.0244140625,-0.35400390625,-0.23193359375,-0.35400390625,0.08544921875,-0.4150390625,-0.048828125,-0.0732421875,0.146484375,-0.01220703125,0,-0.89111328125,-0.06103515625,1.123046875,-0.25634765625,-0.15869140625,0.08544921875,-0.62255859375,-0.390625,-0.1708984375,0.13427734375,0.89111328125,-0.341796875,-0.64697265625,0.28076171875,-0.0244140625,0.0732421875,-0.35400390625,0.25634765625,1.66015625,0.244140625,0.79345703125,-0.18310546875,-0.37841796875,-0.1220703125,-0.927734375,-0.4150390625,-0.54931640625,0.08544921875,-0.69580078125,0.06103515625,-0.25634765625,-0.08544921875,-0.64697265625,0.13427734375,-0.4150390625,0.1953125,0.6103515625,0.341796875,1.1474609375,0.2197265625,0.439453125,-0.23193359375,-0.18310546875,-0.0244140625,0.72021484375,-0.244140625,5.62744140625,0.341796875,6.34765625,0.62255859375,4.16259765625,0.1220703125,5.4443359375,-0.03662109375,0.18310546875,-0.1708984375,0.98876953125,-0.18310546875,0.18310546875,-0.08544921875,0.18310546875,-0.4150390625,0.2197265625,-0.1220703125,0.76904296875,0.0732421875,0,0.146484375,1.2939453125,0.01220703125,-1.01318359375,-0.2197265625,-0.341796875,-0.15869140625,-0.9765625,0.146484375,-0.8056640625,0.08544921875,-1.4404296875,0.06103515625,-0.09765625,0.03662109375,-0.1220703125,-0.10986328125,-0.9765625,0,-0.98876953125,0.0732421875,-0.927734375,-0.09765625,-0.91552734375,-0.0244140625,-0.47607421875,0,7.958984375,-0.1708984375,3.50341796875,0.03662109375,2.880859375,-0.244140625,5.62744140625,-0.1220703125,0.35400390625,0.10986328125,-0.01220703125,-0.06103515625,-0.08544921875,0.01220703125,0.1708984375,-0.0244140625,-0.06103515625,-0.0244140625,0.81787109375,-0.0244140625,-0.5126953125,-0.15869140625,-0.57373046875
0,0,-0.35400390625,-0.23193359375,-0.341796875,0.10986328125,-0.4150390625,-0.06103515625,-0.0732421875,0.1708984375,0,0.01220703125,-0.89111328125,-0.06103515625,1.123046875,-0.28076171875,-0.1708984375,-0.0244140625,-0.634765625,-0.3662109375,-0.15869140625,0.08544921875,0.89111328125,-0.40283203125,-0.634765625,0.15869140625,0.048828125,0.048828125,-0.30517578125,0.20751953125,1.69677734375,0.30517578125,0.8056640625,-0.15869140625,-0.390625,-0.0244140625,-0.927734375,-0.341796875,-0.537109375,0.0244140625,-0.7080078125,-0.048828125,-0.25634765625,-0.13427734375,-0.6103515625,0.048828125,-0.4150390625,0.20751953125,0.59814453125,0.25634765625,1.15966796875,0.23193359375,0.4150390625,-0.244140625,-0.2197265625,-0.1708984375,0.7080078125,-0.2685546875,5.21240234375,0.35400390625,5.84716796875,0.634765625,3.8818359375,0.1220703125,5.0048828125,-0.06103515625,0.20751953125,-0.20751953125,1.0009765625,-0.146484375,0.20751953125,-0.06103515625,0.18310546875,-0.4638671875,0.2197265625,-0.08544921875,0.8056640625,0.10986328125,0,0.18310546875,1.28173828125,-0.048828125,-1.025390625,-0.23193359375,-0.35400390625,-0.0244140625,-0.9521484375,0.048828125,-0.81787109375,0.06103515625,-1.23291015625,0.01220703125,0.0244140625,-0.06103515625,0,-0.0732421875,-0.8544921875,0.06103515625,-0.98876953125,0.0732421875,-0.927734375,-0.13427734375,-0.91552734375,-0.0244140625,-0.47607421875,0,6.8359375,-0.20751953125,2.8564453125,0.03662109375,2.34375,-0.25634765625,4.9560546875,-0.09765625,0.35400390625,0.09765625,0.01220703125,-0.048828125,-0.09765625,0.01220703125,0.15869140625,-0.03662109375,-0.03662109375,-0.0244140625,0.830078125,0,-0.50048828125,-0.1708984375,-0.5615234375
0,0.0244140625,-0.35400390625,-0.244140625,-0.35400390625,0.1220703125,-0.42724609375,-0.0732421875,-0.08544921875,0.1708984375,0,0.048828125,-0.89111328125,-0.06103515625,1.11083984375,-0.30517578125,-0.18310546875,-0.146484375,-0.64697265625,-0.341796875,-0.18310546875,-0.03662109375,0.87890625,-0.341796875,-0.634765625,0.146484375,0.15869140625,0.13427734375,-0.25634765625,0.23193359375,1.69677734375,0.32958984375,0.8544921875,-0.06103515625,-0.40283203125,-0.01220703125,-0.91552734375,-0.25634765625,-0.50048828125,0.01220703125,-0.7080078125,-0.09765625,-0.1953125,-0.2197265625,-0.59814453125,-0.0732421875,-0.42724609375,0.20751953125,0.59814453125,0.18310546875,1.18408203125,0.1953125,0.390625,-0.18310546875,-0.2197265625,-0.29296875,0.69580078125,-0.23193359375,4.69970703125,0.35400390625,5.2978515625,0.68359375,3.5888671875,0.10986328125,4.5166015625,-0.06103515625,0.20751953125,-0.244140625,1.0009765625,-0.08544921875,0.23193359375,-0.09765625,0.18310546875,-0.4638671875,0.20751953125,-0.06103515625,0.830078125,0.1708984375,0.01220703125,0.1953125,1.28173828125,-0.09765625,-1.03759765625,-0.20751953125,-0.35400390625,0.08544921875,-0.93994140625,-0.06103515625,-0.78125,-0.13427734375,-1.11083984375,-0.08544921875,0.10986328125,-0.1708984375,0.08544921875,-0.09765625,-0.732421875,0.146484375,-0.96435546875,0.06103515625,-0.927734375,-0.1708984375,-0.927734375,-0.03662109375,-0.47607421875,0.03662109375,5.6396484375,-0.2197265625,2.20947265625,0,1.77001953125,-0.25634765625,4.19921875,-0.09765625,0.35400390625,0.09765625,0.01220703125,-0.06103515625,-0.06103515625,-0.01220703125,0.146484375,-0.048828125,-0.0244140625,-0.01220703125,0.8056640625,-0.01220703125,-0.50048828125,-0.1953125,-0.5615234375
0,0.09765625,-0.3662109375,-0.25634765625,-0.35400390625,0.1220703125,-0.40283203125,-0.09765625,-0.08544921875,0.13427734375,-0.01220703125,0.048828125,-0.87890625,-0.06103515625,1.0986328125,-0.341796875,-0.1708984375,-0.30517578125,-0.634765625,-0.30517578125,-0.1708984375,-0.18310546875,0.86669921875,-0.23193359375,-0.59814453125,-0.01220703125,0.244140625,0.1220703125,-0.244140625,0.13427734375,1.708984375,0.20751953125,0.86669921875,-0.0244140625,-0.40283203125,0.048828125,-0.91552734375,-0.15869140625,-0.4638671875,0.0732421875,-0.7080078125,-0.09765625,-0.146484375,-0.3173828125,-0.59814453125,-0.08544921875,-0.4638671875,0.146484375,0.634765625,0.08544921875,1.1962890625,0.2197265625,0.4150390625,-0.10986328125,-0.23193359375,-0.37841796875,0.72021484375,-0.15869140625,4.16259765625,0.35400390625,4.67529296875,0.732421875,3.21044921875,0.09765625,3.99169921875,-0.13427734375,0.244140625,-0.23193359375,1.0009765625,-0.0244140625,0.2685546875,-0.15869140625,0.18310546875,-0.40283203125,0.23193359375,-0.03662109375,0.87890625,0.2197265625,0.01220703125,0.1953125,1.2939453125,-0.146484375,-1.025390625,-0.20751953125,-0.3662109375,0.13427734375,-0.9521484375,-0.10986328125,-0.76904296875,-0.09765625,-1.025390625,-0.0732421875,0.18310546875,-0.09765625,0.1708984375,-0.06103515625,-0.64697265625,0.1953125,-0.93994140625,0.08544921875,-0.9033203125,-0.1953125,-0.91552734375,-0.09765625,-0.4638671875,0.03662109375,4.43115234375,-0.244140625,1.52587890625,0.01220703125,1.1962890625,-0.28076171875,3.47900390625,-0.09765625,0.3662109375,0.09765625,0.01220703125,-0.06103515625,-0.0244140625,-0.01220703125,0.13427734375,-0.06103515625,-0.048828125,0,0.8056640625,-0.0244140625,-0.50048828125,-0.1953125,-0.57373046875
0,0.13427734375,-0.3662109375,-0.28076171875,-0.35400390625,0.1220703125,-0.42724609375,-0.1220703125,-0.0732421875,0.1220703125,-0.01220703125,0.03662109375,-0.8544921875,-0.048828125,1.08642578125,-0.32958984375,-0.146484375,-0.390625,-0.62255859375,-0.23193359375,-0.1953125,-0.30517578125,0.8544921875,-0.08544921875,-0.59814453125,-0.1708984375,0.29296875,0.10986328125,-0.2197265625,0.10986328125,1.6845703125,0.10986328125,0.830078125,0.0244140625,-0.390625,0.03662109375,-0.91552734375,-0.09765625,-0.4150390625,0.06103515625,-0.732421875,-0.0732421875,-0.09765625,-0.40283203125,-0.62255859375,-0.09765625,-0.47607421875,0.048828125,0.634765625,0,1.171875,0.25634765625,0.42724609375,-0.1220703125,-0.23193359375,-0.3662109375,0.7080078125,-0.10986328125,3.62548828125,0.32958984375,4.0283203125,0.78125,2.84423828125,0.048828125,3.4423828125,-0.13427734375,0.25634765625,-0.2197265625,1.025390625,0.06103515625,0.2685546875,-0.20751953125,0.15869140625,-0.35400390625,0.244140625,-0.0244140625,0.9033203125,0.25634765625,0.0244140625,0.1953125,1.30615234375,-0.13427734375,-1.03759765625,-0.20751953125,-0.3662109375,0.1220703125,-0.9521484375,-0.0732421875,-0.78125,-0.15869140625,-1.0009765625,-0.13427734375,0.2197265625,-0.08544921875,0.23193359375,-0.146484375,-0.54931640625,0.23193359375,-0.93994140625,0.10986328125,-0.9033203125,-0.1708984375,-0.927734375,-0.13427734375,-0.45166015625,0.0732421875,3.33251953125,-0.20751953125,0.87890625,0,0.67138671875,-0.28076171875,2.79541015625,-0.09765625,0.3662109375,0.1220703125,0.0244140625,-0.0732421875,0,0.01220703125,0.15869140625,-0.06103515625,-0.06103515625,0.01220703125,0.79345703125,-0.048828125,-0.52490234375,-0.1953125,-0.5859375
0,0.15869140625,-0.3662109375,-0.25634765625,-0.35400390625,0.13427734375,-0.4150390625,-0.13427734375,-0.08544921875,0.10986328125,-0.048828125,0.048828125,-0.86669921875,-0.0244140625,1.06201171875,-0.3662109375,-0.1708984375,-0.40283203125,-0.634765625,-0.13427734375,-0.1953125,-0.3662109375,0.86669921875,0.03662109375,-0.59814453125,-0.28076171875,0.28076171875,0.048828125,-0.25634765625,0.01220703125,1.62353515625,-0.0244140625,0.78125,0.10986328125,-0.3662109375,0.03662109375,-0.86669921875,-0.08544921875,-0.35400390625,0.10986328125,-0.72021484375,-0.03662109375,-0.08544921875,-0.42724609375,-0.6103515625,-0.048828125,-0.48828125,-0.048828125,0.62255859375,-0.0244140625,1.15966796875,0.25634765625,0.439453125,-0.03662109375,-0.2197265625,-0.35400390625,0.69580078125,-0.06103515625,3.1005859375,0.37841796875,3.369140625,0.732421875,2.490234375,-0.09765625,2.94189453125,-0.1708984375,0.2685546875,-0.20751953125,1.03759765625,0.1220703125,0.28076171875,-0.23193359375,0.15869140625,-0.30517578125,0.244140625,0,0.91552734375,0.25634765625,0.0244140625,0.146484375,1.318359375,-0.15869140625,-1.025390625,-0.2197265625,-0.37841796875,0.0732421875,-0.9765625,0.01220703125,-0.76904296875,-0.146484375,-1.01318359375,-0.13427734375,0.25634765625,-0.01220703125,0.2685546875,-0.1708984375,-0.45166015625,0.25634765625,-0.927734375,0.13427734375,-0.87890625,-0.146484375,-0.927734375,-0.1953125,-0.45166015625,0.03662109375,2.34375,-0.1708984375,0.3173828125,0.0244140625,0.2197265625,-0.35400390625,2.197265625,-0.10986328125,0.390625,0.146484375,0.0244140625,-0.0732421875,0.01220703125,-0.01220703125,0.15869140625,-0.06103515625,-0.048828125,0.03662109375,0.8056640625,-0.06103515625,-0.537109375,-0.18310546875,-0.5859375
1,0.1953125,-0.341796875,-0.2685546875,-0.3662109375,0.13427734375,-0.42724609375,-0.1220703125,-0.0732421875,0.13427734375,-0.048828125,0.08544921875,-0.86669921875,-0.048828125,1.07421875,-0.3662109375,-0.15869140625,-0.32958984375,-0.62255859375,-0.06103515625,-0.1953125,-0.29296875,0.87890625,0.10986328125,-0.6103515625,-0.390625,0.244140625,-0.03662109375,-0.30517578125,-0.0732421875,1.5625,-0.10986328125,0.74462890625,0.13427734375,-0.35400390625,0.1220703125,-0.87890625,-0.1220703125,-0.341796875,0.1220703125,-0.72021484375,0.03662109375,-0.08544921875,-0.42724609375,-0.62255859375,0.03662109375,-0.47607421875,-0.15869140625,0.6103515625,-0.01220703125,1.123046875,0.23193359375,0.45166015625,0.0244140625,-0.18310546875,-0.32958984375,0.732421875,-0.01220703125,2.64892578125,0.48828125,2.7587890625,0.64697265625,2.16064453125,-0.15869140625,2.47802734375,-0.146484375,0.30517578125,-0.146484375,1.0498046875,0.146484375,0.2685546875,-0.23193359375,0.146484375,-0.28076171875,0.25634765625,0.0244140625,0.89111328125,0.244140625,0.01220703125,0.09765625,1.33056640625,-0.13427734375,-1.01318359375,-0.23193359375,-0.390625,0.03662109375,-0.9765625,0.09765625,-0.74462890625,-0.01220703125,-1.03759765625,-0.03662109375,0.30517578125,0.13427734375,0.35400390625,-0.15869140625,-0.3662109375,0.146484375,-0.93994140625,0.146484375,-0.9033203125,-0.0732421875,-0.927734375,-0.244140625,-0.439453125,0.0244140625,1.4892578125,-0.13427734375,-0.18310546875,0.048828125,-0.18310546875,-0.4150390625,1.6845703125,-0.08544921875,0.390625,0.13427734375,0.0244140625,-0.06103515625,0.0244140625,0,0.15869140625,-0.03662109375,-0.0732421875,0.0244140625,0.830078125,-0.06103515625,-0.537109375,-0.10986328125,-0.5615234375
1,0.146484375,-0.35400390625,-0.25634765625,-0.3662109375,0.08544921875,-0.42724609375,-0.15869140625,-0.06103515625,0.1220703125,-0.048828125,0.09765625,-0.8544921875,-0.03662109375,1.08642578125,-0.3662109375,-0.1708984375,-0.23193359375,-0.57373046875,0,-0.20751953125,-0.13427734375,0.87890625,0.09765625,-0.6103515625,-0.45166015625,0.1953125,-0.10986328125,-0.341796875,-0.1220703125,1.46484375,-0.18310546875,0.68359375,0.146484375,-0.3662109375,0.10986328125,-0.86669921875,-0.1708984375,-0.3662109375,0.146484375,-0.732421875,0.0732421875,-0.09765625,-0.35400390625,-0.634765625,0.08544921875,-0.48828125,-0.244140625,0.59814453125,0.01220703125,1.0986328125,0.146484375,0.4638671875,0.08544921875,-0.1220703125,-0.32958984375,0.72021484375,0.0244140625,2.25830078125,0.5615234375,2.2216796875,0.5615234375,1.8798828125,-0.15869140625,2.08740234375,-0.09765625,0.341796875,-0.048828125,1.0498046875,0.18310546875,0.25634765625,-0.20751953125,0.13427734375,-0.244140625,0.25634765625,0.0244140625,0.87890625,0.23193359375,0.0244140625,0.0244140625,1.318359375,-0.01220703125,-1.0009765625,-0.2197265625,-0.40283203125,-0.03662109375,-0.98876953125,0.1953125,-0.76904296875,-0.01220703125,-1.0498046875,-0.03662109375,0.37841796875,0.18310546875,0.439453125,-0.23193359375,-0.244140625,0.10986328125,-0.9521484375,0.1220703125,-0.91552734375,-0.0244140625,-0.9033203125,-0.29296875,-0.439453125,0,0.7568359375,-0.08544921875,-0.59814453125,0.048828125,-0.47607421875,-0.42724609375,1.25732421875,-0.0732421875,0.40283203125,0.10986328125,0.0244140625,-0.0732421875,0.0244140625,0.01220703125,0.15869140625,-0.0244140625,-0.08544921875,0.06103515625,0.8544921875,-0.08544921875,-0.5126953125,-0.048828125,-0.57373046875
1,0.2197265625,-0.35400390625,-0.2197265625,-0.37841796875,0.048828125,-0.4150390625,-0.1220703125,-0.06103515625,0.10986328125,-0.048828125,0.09765625,-0.84228515625,-0.0244140625,1.08642578125,-0.40283203125,-0.146484375,-0.146484375,-0.57373046875,-0.048828125,-0.18310546875,0.0732421875,0.89111328125,0.048828125,-0.64697265625,-0.50048828125,0.1708984375,-0.15869140625,-0.37841796875,-0.18310546875,1.4404296875,-0.20751953125,0.67138671875,0.18310546875,-0.35400390625,0.08544921875,-0.86669921875,-0.18310546875,-0.390625,0.15869140625,-0.74462890625,0.08544921875,-0.10986328125,-0.30517578125,-0.64697265625,0.10986328125,-0.47607421875,-0.2685546875,0.59814453125,0.0732421875,1.07421875,0.13427734375,0.45166015625,0.146484375,-0.1220703125,-0.35400390625,0.72021484375,0.09765625,1.9775390625,0.57373046875,1.72119140625,0.54931640625,1.66015625,-0.146484375,1.7822265625,-0.06103515625,0.32958984375,0.03662109375,1.0498046875,0.18310546875,0.23193359375,-0.1708984375,0.13427734375,-0.20751953125,0.25634765625,0.048828125,0.8544921875,0.1953125,0.01220703125,0.01220703125,1.33056640625,0.048828125,-0.98876953125,-0.18310546875,-0.4150390625,-0.10986328125,-1.025390625,0.25634765625,-0.78125,0,-1.025390625,0.06103515625,0.45166015625,0.2685546875,0.5615234375,-0.2685546875,-0.1220703125,0.08544921875,-0.96435546875,0.09765625,-0.927734375,0,-0.9033203125,-0.30517578125,-0.42724609375,-0.0244140625,0.146484375,-0.03662109375,-0.9521484375,0.0244140625,-0.72021484375,-0.42724609375,0.87890625,-0.048828125,0.40283203125,0.13427734375,0.01220703125,-0.0732421875,0,0.0244140625,0.1953125,-0.01220703125,-0.13427734375,0.06103515625,0.8544921875,-0.0732421875,-0.52490234375,0.01220703125,-0.5859375
1,0.23193359375,-0.341796875,-0.2197265625,-0.3662109375,0.03662109375,-0.40283203125,-0.146484375,-0.03662109375,0.10986328125,-0.0244140625,0.08544921875,-0.8544921875,-0.01220703125,1.0986328125,-0.4150390625,-0.15869140625,-0.03662109375,-0.57373046875,-0.08544921875,-0.1708984375,0.23193359375,0.9033203125,-0.03662109375,-0.634765625,-0.390625,0.15869140625,-0.13427734375,-0.3662109375,-0.1953125,1.47705078125,-0.18310546875,0.72021484375,0.146484375,-0.35400390625,0.0244140625,-0.86669921875,-0.1953125,-0.40283203125,0.18310546875,-0.74462890625,0.06103515625,-0.13427734375,-0.1708984375,-0.67138671875,0.13427734375,-0.45166015625,-0.23193359375,0.5859375,0.09765625,1.07421875,0.0732421875,0.45166015625,0.18310546875,-0.10986328125,-0.32958984375,0.7080078125,0.048828125,1.74560546875,0.52490234375,1.3671875,0.47607421875,1.50146484375,-0.15869140625,1.55029296875,0.01220703125,0.3662109375,0.13427734375,1.0498046875,0.2197265625,0.2197265625,-0.1220703125,0.146484375,-0.1220703125,0.25634765625,0.06103515625,0.830078125,0.15869140625,0.01220703125,0,1.318359375,0.1220703125,-0.9765625,-0.146484375,-0.42724609375,-0.146484375,-1.01318359375,0.2685546875,-0.79345703125,0.0244140625,-0.9033203125,0.15869140625,0.54931640625,0.32958984375,0.67138671875,-0.25634765625,0.0244140625,0.09765625,-0.96435546875,0.048828125,-0.93994140625,-0.01220703125,-0.91552734375,-0.29296875,-0.439453125,0.01220703125,-0.37841796875,0.01220703125,-1.28173828125,0,-0.93994140625,-0.37841796875,0.57373046875,-0.048828125,0.42724609375,0.146484375,0,-0.06103515625,-0.0244140625,0.0244140625,0.1708984375,0.01220703125,-0.1220703125,0.06103515625,0.89111328125,-0.08544921875,-0.52490234375,0.01220703125,-0.57373046875
1,0.25634765625,-0.35400390625,-0.1708984375,-0.3662109375,0.048828125,-0.390625,-0.10986328125,-0.0244140625,0.10986328125,-0.0244140625,0.10986328125,-0.86669921875,0,1.0986328125,-0.42724609375,-0.146484375,0.08544921875,-0.57373046875,-0.1220703125,-0.1708984375,0.30517578125,0.9033203125,-0.09765625,-0.64697265625,-0.15869140625,0.1953125,-0.09765625,-0.30517578125,-0.13427734375,1.57470703125,-0.09765625,0.78125,0.1220703125,-0.32958984375,-0.0732421875,-0.89111328125,-0.18310546875,-0.4150390625,0.13427734375,-0.7568359375,0.06103515625,-0.1708984375,-0.09765625,-0.67138671875,0.146484375,-0.439453125,-0.1708984375,0.5615234375,0.15869140625,1.07421875,0.06103515625,0.439453125,0.18310546875,-0.09765625,-0.29296875,0.72021484375,0.03662109375,1.62353515625,0.5126953125,1.123046875,0.4638671875,1.40380859375,-0.2197265625,1.3916015625,0.03662109375,0.3662109375,0.1953125,1.025390625,0.1953125,0.1953125,-0.08544921875,0.15869140625,-0.048828125,0.23193359375,0.0732421875,0.79345703125,0.10986328125,0.0244140625,0,1.318359375,0.10986328125,-0.9765625,-0.13427734375,-0.4150390625,-0.18310546875,-1.03759765625,0.23193359375,-0.79345703125,0.01220703125,-0.79345703125,0.25634765625,0.6591796875,0.32958984375,0.81787109375,-0.20751953125,0.18310546875,0.13427734375,-0.98876953125,0,-0.9033203125,0.03662109375,-0.89111328125,-0.2685546875,-0.439453125,0.01220703125,-0.830078125,0.0244140625,-1.52587890625,-0.01220703125,-1.11083984375,-0.35400390625,0.32958984375,-0.01220703125,0.4150390625,0.146484375,-0.0244140625,-0.06103515625,0,0,0.15869140625,0.0244140625,-0.10986328125,0.06103515625,0.91552734375,-0.09765625,-0.48828125,0,-0.5859375
1,0.28076171875,-0.341796875,-0.18310546875,-0.341796875,0.03662109375,-0.40283203125,-0.0732421875,-0.0244140625,0.1220703125,-0.01220703125,0.10986328125,-0.8544921875,-0.01220703125,1.0986328125,-0.4150390625,-0.13427734375,0.15869140625,-0.59814453125,-0.146484375,-0.1708984375,0.28076171875,0.9033203125,-0.10986328125,-0.64697265625,-0.1220703125,0.28076171875,-0.048828125,-0.2197265625,-0.08544921875,1.7333984375,-0.01220703125,0.93994140625,0.10986328125,-0.35400390625,-0.15869140625,-0.91552734375,-0.15869140625,-0.4638671875,0.06103515625,-0.7568359375,0.0732421875,-0.18310546875,-0.08544921875,-0.67138671875,0.146484375,-0.42724609375,-0.0732421875,0.5859375,0.15869140625,1.0986328125,0.0244140625,0.4150390625,0.23193359375,-0.1220703125,-0.20751953125,0.7080078125,-0.01220703125,1.5625,0.40283203125,1.0009765625,0.439453125,1.35498046875,-0.341796875,1.33056640625,0.01220703125,0.3662109375,0.2685546875,1.025390625,0.2197265625,0.1953125,-0.048828125,0.15869140625,0.06103515625,0.244140625,0.08544921875,0.78125,0.0732421875,0.0244140625,-0.0244140625,1.30615234375,0.10986328125,-0.9765625,-0.10986328125,-0.390625,-0.1708984375,-1.01318359375,0.09765625,-0.8056640625,0.048828125,-0.6103515625,0.30517578125,0.72021484375,0.2685546875,0.87890625,-0.09765625,0.3173828125,0.09765625,-1.025390625,-0.01220703125,-0.9033203125,0.03662109375,-0.89111328125,-0.20751953125,-0.42724609375,0.048828125,-1.1962890625,0,-1.74560546875,-0.03662109375,-1.25732421875,-0.32958984375,0.09765625,0,0.4150390625,0.15869140625,-0.01220703125,-0.06103515625,-0.01220703125,0.01220703125,0.15869140625,0.0244140625,-0.08544921875,0.03662109375,0.91552734375,-0.08544921875,-0.50048828125,-0.0244140625,-0.537109375
1,0.3173828125,-0.35400390625,-0.20751953125,-0.341796875,0.03662109375,-0.390625,-0.06103515625,-0.03662109375,0.09765625,-0.01220703125,0.1220703125,-0.84228515625,0.01220703125,1.11083984375,-0.4150390625,-0.13427734375,0.18310546875,-0.6103515625,-0.146484375,-0.15869140625,0.1708984375,0.86669921875,-0.0244140625,-0.6591796875,-0.13427734375,0.40283203125,-0.03662109375,-0.10986328125,-0.01220703125,1.904296875,0.01220703125,1.0986328125,0.03662109375,-0.3662109375,-0.29296875,-0.91552734375,-0.10986328125,-0.48828125,0.048828125,-0.732421875,0.1220703125,-0.1953125,-0.146484375,-0.64697265625,0.146484375,-0.4150390625,0.0244140625,0.5859375,0.20751953125,1.13525390625,0,0.40283203125,0.23193359375,-0.18310546875,-0.08544921875,0.68359375,-0.048828125,1.6357421875,0.40283203125,1.07421875,0.37841796875,1.37939453125,-0.390625,1.37939453125,0.0244140625,0.35400390625,0.3173828125,1.01318359375,0.23193359375,0.18310546875,0,0.18310546875,0.15869140625,0.25634765625,0.048828125,0.7568359375,0,0.01220703125,-0.06103515625,1.318359375,0.0732421875,-1.0009765625,-0.10986328125,-0.37841796875,-0.13427734375,-1.0009765625,-0.01220703125,-0.8056640625,0.06103515625,-0.4638671875,0.3173828125,0.79345703125,0.23193359375,0.93994140625,-0.03662109375,0.4150390625,0.13427734375,-1.025390625,-0.0244140625,-0.89111328125,0.03662109375,-0.9033203125,-0.1220703125,-0.439453125,0,-1.45263671875,-0.09765625,-1.904296875,-0.09765625,-1.3671875,-0.32958984375,-0.08544921875,-0.01220703125,0.390625,0.146484375,-0.01220703125,-0.06103515625,0.01220703125,0.0244140625,0.15869140625,0.01220703125,-0.08544921875,0.048828125,0.89111328125,-0.048828125,-0.48828125,-0.06103515625,-0.5615234375
1,0.35400390625,-0.35400390625,-0.18310546875,-0.341796875,0.03662109375,-0.40283203125,-0.03662109375,-0.03662109375,0.10986328125,-0.01220703125,0.10986328125,-0.86669921875,0.01220703125,1.0986328125,-0.4150390625,-0.146484375,0.146484375,-0.634765625,-0.0732421875,-0.146484375,0.01220703125,0.87890625,0.03662109375,-0.64697265625,-0.01220703125,0.52490234375,0.0732421875,-0.01220703125,0.09765625,2.05078125,0.09765625,1.23291015625,0.01220703125,-0.35400390625,-0.37841796875,-0.91552734375,-0.0732421875,-0.47607421875,-0.03662109375,-0.72021484375,0.1953125,-0.1708984375,-0.244140625,-0.64697265625,0.15869140625,-0.4150390625,0.0244140625,0.59814453125,0.20751953125,1.1474609375,-0.01220703125,0.4150390625,0.1708984375,-0.20751953125,0.06103515625,0.7080078125,-0.09765625,1.8310546875,0.390625,1.318359375,0.32958984375,1.45263671875,-0.4638671875,1.57470703125,0.06103515625,0.35400390625,0.341796875,1.01318359375,0.23193359375,0.1953125,-0.01220703125,0.18310546875,0.1953125,0.244140625,-0.01220703125,0.79345703125,-0.01220703125,0.01220703125,-0.09765625,1.318359375,0.0244140625,-1.0009765625,-0.10986328125,-0.390625,-0.10986328125,-0.98876953125,-0.0732421875,-0.79345703125,0.06103515625,-0.40283203125,0.29296875,0.830078125,0.1708984375,0.9521484375,0.0244140625,0.4150390625,0.09765625,-1.025390625,-0.03662109375,-0.9033203125,0.01220703125,-0.91552734375,-0.01220703125,-0.45166015625,0.03662109375,-1.66015625,-0.146484375,-2.0263671875,-0.13427734375,-1.45263671875,-0.28076171875,-0.1953125,-0.0244140625,0.37841796875,0.146484375,-0.0244140625,-0.06103515625,0.03662109375,0.03662109375,0.15869140625,0.01220703125,-0.0244140625,0.048828125,0.87890625,-0.06103515625,-0.4638671875,-0.08544921875,-0.54931640625
1,0.390625,-0.37841796875,-0.1708984375,-0.341796875,0.03662109375,-0.390625,-0.01220703125,-0.06103515625,0.09765625,-0.0244140625,0.13427734375,-0.8544921875,0.0244140625,1.11083984375,-0.40283203125,-0.146484375,0.06103515625,-0.634765625,-0.048828125,-0.146484375,-0.15869140625,0.87890625,0.0732421875,-0.64697265625,-0.03662109375,0.6103515625,0.1220703125,0.048828125,0.15869140625,2.1728515625,0.10986328125,1.318359375,-0.01220703125,-0.3662109375,-0.40283203125,-0.91552734375,-0.0732421875,-0.47607421875,-0.10986328125,-0.69580078125,0.25634765625,-0.18310546875,-0.32958984375,-0.634765625,0.18310546875,-0.42724609375,0.06103515625,0.6103515625,0.20751953125,1.18408203125,0.01220703125,0.4150390625,0.1953125,-0.2197265625,0.18310546875,0.69580078125,-0.15869140625,2.1484375,0.3662109375,1.77001953125,0.25634765625,1.64794921875,-0.54931640625,1.89208984375,0.10986328125,0.341796875,0.35400390625,1.025390625,0.2685546875,0.2197265625,-0.0244140625,0.20751953125,0.25634765625,0.25634765625,-0.0732421875,0.78125,-0.0244140625,0.0244140625,-0.09765625,1.318359375,-0.0244140625,-1.025390625,-0.10986328125,-0.3662109375,-0.10986328125,-0.96435546875,-0.146484375,-0.78125,0.06103515625,-0.40283203125,0.23193359375,0.78125,0.13427734375,0.9033203125,0.06103515625,0.37841796875,0.048828125,-1.025390625,-0.01220703125,-0.91552734375,-0.0732421875,-0.91552734375,0.08544921875,-0.45166015625,0.0732421875,-1.72119140625,-0.146484375,-2.0751953125,-0.1708984375,-1.4892578125,-0.23193359375,-0.244140625,0,0.3662109375,0.10986328125,-0.01220703125,-0.06103515625,0.0244140625,0.03662109375,0.13427734375,0,-0.0244140625,0.048828125,0.86669921875,-0.06103515625,-0.4638671875,-0.09765625,-0.54931640625
1,0.40283203125,-0.390625,-0.146484375,-0.341796875,0.01220703125,-0.40283203125,0,-0.06103515625,0.10986328125,-0.048828125,0.146484375,-0.89111328125,0,1.08642578125,-0.390625,-0.15869140625,-0.0732421875,-0.634765625,-0.0732421875,-0.15869140625,-0.341796875,0.8544921875,0.10986328125,-0.634765625,0,0.6591796875,0.23193359375,0.0732421875,0.28076171875,2.18505859375,0.15869140625,1.318359375,-0.0732421875,-0.390625,-0.390625,-0.87890625,-0.08544921875,-0.4638671875,-0.048828125,-0.69580078125,0.29296875,-0.15869140625,-0.4150390625,-0.64697265625,0.1953125,-0.439453125,0.048828125,0.62255859375,0.1708984375,1.220703125,0.08544921875,0.42724609375,0.1708984375,-0.2197265625,0.29296875,0.7080078125,-0.08544921875,2.60009765625,0.37841796875,2.4169921875,0.29296875,1.94091796875,-0.54931640625,2.392578125,0.1708984375,0.32958984375,0.3662109375,1.025390625,0.2685546875,0.23193359375,-0.08544921875,0.20751953125,0.28076171875,0.25634765625,-0.15869140625,0.8056640625,-0.048828125,0.0244140625,-0.08544921875,1.30615234375,-0.08544921875,-1.01318359375,-0.13427734375,-0.35400390625,-0.15869140625,-0.9521484375,-0.146484375,-0.79345703125,0.09765625,-0.5126953125,0.18310546875,0.68359375,0.146484375,0.830078125,0.03662109375,0.28076171875,0.0732421875,-1.01318359375,0,-0.9033203125,-0.13427734375,-0.91552734375,0.15869140625,-0.439453125,0.06103515625,-1.6845703125,-0.146484375,-2.06298828125,-0.23193359375,-1.4892578125,-0.18310546875,-0.244140625,0.01220703125,0.341796875,0.08544921875,-0.01220703125,-0.06103515625,0.048828125,0.048828125,0.13427734375,0.01220703125,0,0.03662109375,0.8544921875,-0.09765625,-0.4638671875,-0.09765625,-0.54931640625
1,0.4150390625,-0.390625,-0.15869140625,-0.341796875,0.01220703125,-0.4150390625,0,-0.08544921875,0.08544921875,-0.06103515625,0.1220703125,-0.87890625,-0.01220703125,1.08642578125,-0.35400390625,-0.18310546875,-0.18310546875,-0.62255859375,-0.13427734375,-0.1708984375,-0.439453125,0.84228515625,0.09765625,-0.634765625,0.01220703125,0.634765625,0.2197265625,0.0244140625,0.29296875,2.1240234375,0.15869140625,1.2939453125,-0.03662109375,-0.35400390625,-0.37841796875,-0.87890625,-0.0732421875,-0.45166015625,-0.01220703125,-0.67138671875,0.20751953125,-0.146484375,-0.45166015625,-0.634765625,0.20751953125,-0.45166015625,-0.01220703125,0.64697265625,0.09765625,1.20849609375,0.1953125,0.439453125,0.13427734375,-0.20751953125,0.390625,0.732421875,-0.06103515625,3.23486328125,0.341796875,3.2470703125,0.3173828125,2.38037109375,-0.5615234375,3.02734375,0.20751953125,0.32958984375,0.3173828125,1.03759765625,0.29296875,0.244140625,-0.1220703125,0.2197265625,0.25634765625,0.23193359375,-0.18310546875,0.8544921875,-0.08544921875,0,-0.0732421875,1.318359375,-0.13427734375,-1.01318359375,-0.1708984375,-0.3662109375,-0.20751953125,-0.9521484375,-0.1220703125,-0.79345703125,0.13427734375,-0.64697265625,0.0732421875,0.5859375,0.10986328125,0.68359375,-0.0732421875,0.1220703125,0.06103515625,-1.01318359375,0.06103515625,-0.9033203125,-0.20751953125,-0.927734375,0.1953125,-0.45166015625,0.03662109375,-1.55029296875,-0.1220703125,-1.9775390625,-0.244140625,-1.42822265625,-0.18310546875,-0.18310546875,0.01220703125,0.341796875,0.048828125,0.01220703125,-0.0732421875,0.03662109375,0.06103515625,0.13427734375,0,0,0.048828125,0.84228515625,-0.10986328125,-0.48828125,-0.09765625,-0.54931640625
1,0.439453125,-0.390625,-0.15869140625,-0.341796875,0.01220703125,-0.42724609375,0,-0.08544921875,0.06103515625,-0.06103515625,0.1220703125,-0.89111328125,-0.0244140625,1.06201171875,-0.341796875,-0.1708984375,-0.2197265625,-0.59814453125,-0.1708984375,-0.15869140625,-0.439453125,0.8544921875,0.01220703125,-0.634765625,0.06103515625,0.634765625,0.18310546875,-0.03662109375,0.30517578125,2.001953125,0.2197265625,1.1962890625,-0.08544921875,-0.35400390625,-0.32958984375,-0.86669921875,-0.1220703125,-0.40283203125,0.048828125,-0.67138671875,0.1220703125,-0.10986328125,-0.50048828125,-0.64697265625,0.2197265625,-0.4638671875,-0.06103515625,0.6591796875,0,1.20849609375,0.28076171875,0.47607421875,0.13427734375,-0.18310546875,0.45166015625,0.74462890625,-0.03662109375,3.99169921875,0.28076171875,4.26025390625,0.32958984375,2.9541015625,-0.537109375,3.80859375,0.25634765625,0.3173828125,0.2685546875,1.03759765625,0.30517578125,0.20751953125,-0.1953125,0.20751953125,0.244140625,0.23193359375,-0.20751953125,0.84228515625,-0.1220703125,-0.01220703125,-0.0732421875,1.3427734375,-0.146484375,-1.0009765625,-0.1953125,-0.37841796875,-0.244140625,-0.9765625,-0.06103515625,-0.8056640625,0.10986328125,-0.830078125,0.03662109375,0.47607421875,0.09765625,0.54931640625,-0.18310546875,-0.0244140625,0.10986328125,-1.01318359375,0.10986328125,-0.9033203125,-0.25634765625,-0.927734375,0.2197265625,-0.439453125,-0.01220703125,-1.35498046875,-0.08544921875,-1.84326171875,-0.244140625,-1.37939453125,-0.18310546875,-0.048828125,0.0244140625,0.35400390625,0.048828125,0.0244140625,-0.0732421875,-0.01220703125,0.06103515625,0.146484375,-0.03662109375,0,0.048828125,0.84228515625,-0.13427734375,-0.48828125,-0.09765625,-0.5126953125
1,0.4638671875,-0.37841796875,-0.1220703125,-0.341796875,-0.01220703125,-0.439453125,0.01220703125,-0.06103515625,0.048828125,-0.06103515625,0.15869140625,-0.91552734375,-0.06103515625,1.08642578125,-0.32958984375,-0.15869140625,-0.20751953125,-0.59814453125,-0.2197265625,-0.1708984375,-0.4150390625,0.86669921875,-0.09765625,-0.62255859375,0.09765625,0.64697265625,0.10986328125,-0.10986328125,0.2685546875,1.86767578125,0.244140625,1.06201171875,-0.09765625,-0.3662109375,-0.25634765625,-0.84228515625,-0.15869140625,-0.390625,0.15869140625,-0.6591796875,0,-0.10986328125,-0.5126953125,-0.64697265625,0.2197265625,-0.4638671875,-0.15869140625,0.6591796875,-0.06103515625,1.1962890625,0.4150390625,0.48828125,0.09765625,-0.1708984375,0.50048828125,0.74462890625,0,4.8583984375,0.2197265625,5.37109375,0.28076171875,3.61328125,-0.5126953125,4.7119140625,0.30517578125,0.35400390625,0.1708984375,1.025390625,0.2685546875,0.1953125,-0.1953125,0.18310546875,0.23193359375,0.244140625,-0.244140625,0.86669921875,-0.1220703125,0,-0.0732421875,1.3427734375,-0.1953125,-0.98876953125,-0.1953125,-0.3662109375,-0.25634765625,-0.96435546875,-0.01220703125,-0.79345703125,0.048828125,-1.01318359375,0.048828125,0.390625,0.09765625,0.47607421875,-0.25634765625,-0.1953125,0.1708984375,-1.0009765625,0.10986328125,-0.91552734375,-0.28076171875,-0.91552734375,0.18310546875,-0.4638671875,-0.08544921875,-1.1474609375,-0.048828125,-1.708984375,-0.20751953125,-1.25732421875,-0.25634765625,0.09765625,0.03662109375,0.35400390625,0.03662109375,0.0244140625,-0.0732421875,-0.03662109375,0.08544921875,0.146484375,-0.048828125,0.01220703125,0.0244140625,0.81787109375,-0.146484375,-0.5126953125,-0.0732421875,-0.5126953125
1,0.4638671875,-0.390625,-0.13427734375,-0.35400390625,-0.01220703125,-0.42724609375,0,-0.048828125,0.06103515625,-0.048828125,0.1708984375,-0.89111328125,-0.06103515625,1.07421875,-0.30517578125,-0.13427734375,-0.15869140625,-0.54931640625,-0.244140625,-0.15869140625,-0.28076171875,0.87890625,-0.244140625,-0.6103515625,0.08544921875,0.78125,-0.01220703125,-0.1220703125,0.18310546875,1.7822265625,0.20751953125,1.01318359375,-0.0244140625,-0.341796875,-0.146484375,-0.86669921875,-0.244140625,-0.390625,0.18310546875,-0.68359375,-0.15869140625,-0.1220703125,-0.4150390625,-0.64697265625,0.20751953125,-0.4638671875,-0.20751953125,0.64697265625,-0.09765625,1.171875,0.45166015625,0.5126953125,0.1220703125,-0.15869140625,0.54931640625,0.732421875,0.0732421875,5.74951171875,0.2685546875,6.55517578125,0.29296875,4.3212890625,-0.42724609375,5.6396484375,0.32958984375,0.32958984375,0.09765625,1.06201171875,0.23193359375,0.15869140625,-0.244140625,0.1953125,0.15869140625,0.2197265625,-0.2685546875,0.8544921875,-0.10986328125,-0.01220703125,-0.09765625,1.35498046875,-0.1953125,-0.9765625,-0.1953125,-0.37841796875,-0.25634765625,-0.98876953125,0.01220703125,-0.8056640625,-0.01220703125,-1.15966796875,0.0244140625,0.32958984375,0.0244140625,0.42724609375,-0.29296875,-0.30517578125,0.1220703125,-1.0009765625,0.08544921875,-0.91552734375,-0.30517578125,-0.93994140625,0.146484375,-0.45166015625,-0.1220703125,-0.9033203125,0.0244140625,-1.55029296875,-0.18310546875,-1.15966796875,-0.23193359375,0.2685546875,0.048828125,0.3662109375,0.0244140625,0.01220703125,-0.0732421875,-0.06103515625,0.08544921875,0.15869140625,-0.048828125,0.01220703125,0.01220703125,0.79345703125,-0.15869140625,-0.537109375,-0.0732421875,-0.5126953125
0,0.4638671875,-0.390625,-0.13427734375,-0.35400390625,0,-0.42724609375,-0.03662109375,-0.048828125,0.0732421875,-0.06103515625,0.13427734375,-0.89111328125,-0.06103515625,1.08642578125,-0.3173828125,-0.10986328125,-0.10986328125,-0.5615234375,-0.244140625,-0.15869140625,-0.08544921875,0.89111328125,-0.341796875,-0.59814453125,0.10986328125,1.01318359375,-0.06103515625,-0.06103515625,0.09765625,1.81884765625,0.1953125,1.07421875,0.01220703125,-0.37841796875,-0.03662109375,-0.8544921875,-0.2685546875,-0.390625,0.2685546875,-0.7080078125,-0.2197265625,-0.1220703125,-0.3173828125,-0.6591796875,0.13427734375,-0.4638671875,-0.244140625,0.64697265625,-0.09765625,1.15966796875,0.439453125,0.50048828125,0.15869140625,-0.15869140625,0.54931640625,0.732421875,0.1220703125,6.640625,0.1953125,7.67822265625,0.3173828125,5.0048828125,-0.341796875,6.53076171875,0.32958984375,0.35400390625,0.048828125,1.06201171875,0.15869140625,0.1220703125,-0.28076171875,0.1953125,0.08544921875,0.2197265625,-0.23193359375,0.79345703125,-0.10986328125,-0.01220703125,-0.06103515625,1.3427734375,-0.20751953125,-0.9765625,-0.18310546875,-0.390625,-0.2197265625,-1.0009765625,0.01220703125,-0.79345703125,-0.2197265625,-1.2451171875,0.0244140625,0.29296875,-0.0732421875,0.390625,-0.30517578125,-0.40283203125,0.15869140625,-0.9765625,0.01220703125,-0.9033203125,-0.32958984375,-0.927734375,0.13427734375,-0.4638671875,-0.1220703125,-0.74462890625,0,-1.45263671875,-0.1708984375,-1.06201171875,-0.244140625,0.390625,0.03662109375,0.35400390625,0.03662109375,0.03662109375,-0.048828125,-0.08544921875,0.0732421875,0.1708984375,-0.03662109375,0.01220703125,-0.01220703125,0.78125,-0.15869140625,-0.537109375,-0.03662109375,-0.52490234375
0,0.47607421875,-0.3662109375,-0.1220703125,-0.35400390625,0.01220703125,-0.42724609375,-0.0244140625,-0.048828125,0.10986328125,-0.03662109375,0.146484375,-0.89111328125,-0.048828125,1.08642578125,-0.30517578125,-0.1220703125,-0.10986328125,-0.57373046875,-0.20751953125,-0.15869140625,0.01220703125,0.89111328125,-0.3173828125,-0.6103515625,0.146484375,1.50146484375,-0.08544921875,0.146484375,0,2.01416015625,0.13427734375,1.28173828125,0.048828125,-0.40283203125,0.03662109375,-0.87890625,-0.20751953125,-0.439453125,0.20751953125,-0.732421875,-0.28076171875,-0.1953125,-0.2197265625,-0.6591796875,0.03662109375,-0.4638671875,-0.28076171875,0.6103515625,-0.06103515625,1.1474609375,0.45166015625,0.50048828125,0.10986328125,-0.18310546875,0.54931640625,0.7080078125,0.1953125,7.421875,0.10986328125,8.6669921875,0.390625,5.60302734375,-0.28076171875,7.32421875,0.30517578125,0.32958984375,-0.0244140625,1.06201171875,0.09765625,0.13427734375,-0.28076171875,0.1953125,0.048828125,0.20751953125,-0.1953125,0.81787109375,-0.1220703125,-0.0244140625,0,1.35498046875,-0.20751953125,-0.98876953125,-0.15869140625,-0.40283203125,-0.146484375,-1.0009765625,-0.0244140625,-0.81787109375,-0.23193359375,-1.28173828125,0.08544921875,0.30517578125,-0.06103515625,0.37841796875,-0.23193359375,-0.45166015625,0.18310546875,-1.0009765625,-0.0732421875,-0.91552734375,-0.29296875,-0.91552734375,0.13427734375,-0.42724609375,-0.13427734375,-0.634765625,0.01220703125,-1.3916015625,-0.13427734375,-1.01318359375,-0.2197265625,0.48828125,0.0244140625,0.3662109375,0.03662109375,0.03662109375,-0.06103515625,-0.09765625,0.03662109375,0.15869140625,-0.03662109375,-0.01220703125,-0.048828125,0.7568359375,-0.13427734375,-0.537109375,-0.0244140625,-0.5126953125
0,0.48828125,-0.3662109375,-0.1220703125,-0.3662109375,0.0244140625,-0.4150390625,-0.048828125,-0.06103515625,0.08544921875,-0.03662109375,0.13427734375,-0.87890625,-0.06103515625,1.0986328125,-0.29296875,-0.1220703125,-0.08544921875,-0.5615234375,-0.146484375,-0.15869140625,0.0732421875,0.9033203125,-0.25634765625,-0.634765625,0,2.1728515625,-0.09765625,0.48828125,-0.06103515625,2.40478515625,0.06103515625,1.67236328125,0.1220703125,-0.40283203125,0.0732421875,-0.89111328125,-0.2197265625,-0.4638671875,0.2197265625,-0.76904296875,-0.28076171875,-0.20751953125,-0.2197265625,-0.6591796875,-0.048828125,-0.439453125,-0.29296875,0.5859375,-0.03662109375,1.1474609375,0.439453125,0.47607421875,0.0732421875,-0.18310546875,0.48828125,0.69580078125,0.2197265625,8.0078125,0.06103515625,9.3994140625,0.439453125,6.0302734375,-0.2197265625,7.861328125,0.244140625,0.341796875,-0.09765625,1.0498046875,0.048828125,0.146484375,-0.30517578125,0.20751953125,-0.06103515625,0.1953125,-0.10986328125,0.7568359375,-0.10986328125,-0.0244140625,0.06103515625,1.33056640625,-0.1953125,-0.9765625,-0.08544921875,-0.390625,-0.1220703125,-1.0009765625,-0.03662109375,-0.78125,-0.244140625,-1.2451171875,0.08544921875,0.3173828125,-0.1220703125,0.390625,-0.23193359375,-0.45166015625,0.15869140625,-1.01318359375,-0.18310546875,-0.91552734375,-0.2685546875,-0.91552734375,0.10986328125,-0.439453125,-0.08544921875,-0.67138671875,0.0244140625,-1.37939453125,-0.06103515625,-0.9765625,-0.1953125,0.5126953125,0.0732421875,0.3662109375,0.03662109375,0.0244140625,-0.06103515625,-0.0732421875,0.03662109375,0.1708984375,-0.01220703125,-0.0244140625,-0.0732421875,0.74462890625,-0.09765625,-0.5126953125,-0.03662109375,-0.537109375
0,0.47607421875,-0.35400390625,-0.10986328125,-0.40283203125,-0.01220703125,-0.390625,-0.048828125,-0.06103515625,0.08544921875,-0.0244140625,0.1708984375,-0.86669921875,-0.048828125,1.08642578125,-0.2685546875,-0.146484375,-0.06103515625,-0.57373046875,-0.03662109375,-0.146484375,0.03662109375,0.9033203125,-0.10986328125,-0.634765625,-0.09765625,3.0029296875,-0.09765625,0.96435546875,-0.08544921875,2.99072265625,-0.0244140625,2.197265625,0.1708984375,-0.390625,0.10986328125,-0.91552734375,-0.146484375,-0.47607421875,0.15869140625,-0.78125,-0.1953125,-0.23193359375,-0.244140625,-0.67138671875,-0.048828125,-0.40283203125,-0.2685546875,0.6103515625,0.03662109375,1.15966796875,0.42724609375,0.4638671875,0,-0.2197265625,0.45166015625,0.7080078125,0.25634765625,8.3251953125,0.03662109375,9.7900390625,0.4638671875,6.23779296875,-0.1708984375,8.16650390625,0.1953125,0.3173828125,-0.13427734375,1.0498046875,0,0.18310546875,-0.29296875,0.20751953125,-0.146484375,0.23193359375,-0.0244140625,0.74462890625,-0.13427734375,-0.048828125,0.13427734375,1.35498046875,-0.18310546875,-0.9765625,-0.06103515625,-0.4150390625,-0.08544921875,-1.0009765625,-0.03662109375,-0.78125,-0.341796875,-1.15966796875,0.09765625,0.3173828125,-0.13427734375,0.390625,-0.18310546875,-0.4638671875,0.18310546875,-0.98876953125,-0.2685546875,-0.927734375,-0.1953125,-0.9033203125,0.0732421875,-0.42724609375,-0.03662109375,-0.74462890625,0.01220703125,-1.416015625,0.01220703125,-1.0009765625,-0.244140625,0.48828125,0.0732421875,0.35400390625,0.03662109375,0.0244140625,-0.06103515625,-0.06103515625,0.01220703125,0.15869140625,-0.0244140625,-0.048828125,-0.08544921875,0.74462890625,-0.08544921875,-0.5126953125,-0.0244140625,-0.537109375
0,0.48828125,-0.341796875,-0.08544921875,-0.390625,0.01220703125,-0.4150390625,-0.03662109375,-0.0732421875,0.08544921875,-0.01220703125,0.1708984375,-0.89111328125,-0.048828125,1.13525390625,-0.25634765625,-0.18310546875,-0.03662109375,-0.6103515625,0.09765625,-0.146484375,-0.0732421875,0.89111328125,0.06103515625,-0.634765625,-0.08544921875,4.01611328125,-0.10986328125,1.5380859375,-0.048828125,3.72314453125,-0.06103515625,2.83203125,0.1708984375,-0.390625,0.09765625,-0.927734375,-0.10986328125,-0.47607421875,0.0732421875,-0.79345703125,-0.0732421875,-0.2197265625,-0.2685546875,-0.6591796875,-0.048828125,-0.40283203125,-0.244140625,0.62255859375,0.09765625,1.1962890625,0.40283203125,0.439453125,-0.1220703125,-0.2685546875,0.4150390625,0.67138671875,0.244140625,8.349609375,0.0244140625,9.77783203125,0.47607421875,6.15234375,-0.08544921875,8.14208984375,0.13427734375,0.28076171875,-0.15869140625,1.025390625,-0.06103515625,0.20751953125,-0.2197265625,0.1953125,-0.244140625,0.244140625,0,0.7568359375,-0.146484375,-0.0244140625,0.20751953125,1.3427734375,-0.09765625,-0.9765625,-0.0244140625,-0.390625,-0.0732421875,-0.98876953125,-0.048828125,-0.78125,-0.20751953125,-1.06201171875,0.10986328125,0.3173828125,-0.08544921875,0.390625,-0.146484375,-0.45166015625,0.25634765625,-1.0009765625,-0.25634765625,-0.927734375,-0.146484375,-0.91552734375,0.06103515625,-0.42724609375,-0.08544921875,-0.9033203125,-0.0732421875,-1.47705078125,0,-1.025390625,-0.32958984375,0.4638671875,0.1220703125,0.35400390625,0.0244140625,0.0244140625,-0.0732421875,-0.0732421875,0.0244140625,0.18310546875,-0.0244140625,-0.06103515625,-0.0732421875,0.74462890625,-0.08544921875,-0.50048828125,0,-0.54931640625
0,0.4638671875,-0.35400390625,-0.06103515625,-0.40283203125,0,-0.390625,-0.0244140625,-0.0732421875,0.09765625,0,0.1953125,-0.9033203125,-0.03662109375,1.123046875,-0.244140625,-0.1953125,-0.01220703125,-0.6103515625,0.2197265625,-0.146484375,-0.1708984375,0.86669921875,0.23193359375,-0.64697265625,-0.1220703125,5.04150390625,-0.1220703125,2.1484375,-0.0244140625,4.4921875,-0.08544921875,3.50341796875,0.18310546875,-0.390625,0.0732421875,-0.91552734375,-0.10986328125,-0.4638671875,0.01220703125,-0.8056640625,0.09765625,-0.2197265625,-0.3173828125,-0.67138671875,0.01220703125,-0.4150390625,-0.2197265625,0.62255859375,0.1708984375,1.1962890625,0.32958984375,0.439453125,-0.20751953125,-0.28076171875,0.35400390625,0.68359375,0.1953125,8.02001953125,0.03662109375,9.33837890625,0.4638671875,5.8349609375,0.0244140625,7.763671875,0.10986328125,0.28076171875,-0.23193359375,1.025390625,-0.08544921875,0.244140625,-0.146484375,0.20751953125,-0.32958984375,0.25634765625,0.06103515625,0.732421875,-0.146484375,-0.01220703125,0.30517578125,1.318359375,0.01220703125,-0.96435546875,0.01220703125,-0.40283203125,-0.08544921875,-1.01318359375,-0.03662109375,-0.74462890625,-0.13427734375,-0.93994140625,0.08544921875,0.32958984375,-0.048828125,0.3662109375,-0.1708984375,-0.45166015625,0.29296875,-1.01318359375,-0.244140625,-0.9033203125,-0.08544921875,-0.91552734375,0.06103515625,-0.439453125,0.01220703125,-1.0009765625,0,-1.5380859375,0.048828125,-1.08642578125,-0.28076171875,0.390625,0.13427734375,0.35400390625,0.06103515625,0.0244140625,-0.06103515625,-0.03662109375,0.01220703125,0.1953125,-0.048828125,-0.0732421875,-0.0732421875,0.7568359375,-0.0732421875,-0.48828125,0.0244140625,-0.54931640625
0,0.50048828125,-0.35400390625,-0.06103515625,-0.390625,-0.0244140625,-0.40283203125,-0.0244140625,-0.06103515625,0.10986328125,0.01220703125,0.2197265625,-0.9033203125,-0.048828125,1.11083984375,-0.23193359375,-0.20751953125,0,-0.6103515625,0.30517578125,-0.146484375,-0.23193359375,0.86669921875,0.3662109375,-0.64697265625,-0.03662109375,6.0302734375,-0.1220703125,2.74658203125,0.048828125,5.2734375,-0.08544921875,4.1748046875,0.146484375,-0.3662109375,0,-0.927734375,-0.1220703125,-0.45166015625,0,-0.79345703125,0.2685546875,-0.18310546875,-0.341796875,-0.6591796875,0.10986328125,-0.390625,-0.23193359375,0.67138671875,0.23193359375,1.20849609375,0.244140625,0.45166015625,-0.28076171875,-0.30517578125,0.244140625,0.7080078125,0.15869140625,7.3974609375,0.0244140625,8.50830078125,0.50048828125,5.26123046875,0.09765625,7.06787109375,0.09765625,0.28076171875,-0.23193359375,1.03759765625,-0.10986328125,0.28076171875,-0.10986328125,0.20751953125,-0.390625,0.28076171875,0.048828125,0.74462890625,-0.146484375,-0.01220703125,0.341796875,1.33056640625,0.0732421875,-0.96435546875,-0.01220703125,-0.390625,-0.15869140625,-0.98876953125,0.03662109375,-0.7568359375,-0.06103515625,-0.86669921875,0.0732421875,0.3173828125,0.08544921875,0.3662109375,-0.244140625,-0.4638671875,0.35400390625,-1.01318359375,-0.20751953125,-0.9033203125,-0.03662109375,-0.91552734375,0.0732421875,-0.42724609375,0.03662109375,-1.0986328125,0.01220703125,-1.55029296875,0.01220703125,-1.123046875,-0.28076171875,0.35400390625,0.13427734375,0.35400390625,0.048828125,0.03662109375,-0.06103515625,-0.01220703125,0.03662109375,0.20751953125,-0.06103515625,-0.0732421875,-0.0732421875,0.76904296875,-0.08544921875,-0.50048828125,0.0732421875,-0.537109375
0,0.47607421875,-0.37841796875,-0.0244140625,-0.3662109375,-0.048828125,-0.390625,0.01220703125,-0.03662109375,0.09765625,-0.01220703125,0.2197265625,-0.89111328125,-0.06103515625,1.0986328125,-0.20751953125,-0.20751953125,-0.0244140625,-0.634765625,0.32958984375,-0.146484375,-0.244140625,0.8544921875,0.4638671875,-0.64697265625,0.0732421875,6.884765625,-0.09765625,3.22265625,0.1220703125,5.94482421875,-0.0732421875,4.72412109375,0.09765625,-0.37841796875,-0.08544921875,-0.91552734375,-0.25634765625,-0.4150390625,0.01220703125,-0.78125,0.341796875,-0.15869140625,-0.341796875,-0.67138671875,0.2197265625,-0.390625,-0.25634765625,0.68359375,0.244140625,1.18408203125,0.2197265625,0.47607421875,-0.35400390625,-0.28076171875,0.146484375,0.7080078125,0.13427734375,6.494140625,0.03662109375,7.373046875,0.52490234375,4.541015625,0.1708984375,6.1279296875,0.06103515625,0.28076171875,-0.25634765625,1.01318359375,-0.10986328125,0.30517578125,-0.09765625,0.20751953125,-0.42724609375,0.29296875,0.0732421875,0.78125,-0.13427734375,0,0.42724609375,1.30615234375,0.13427734375,-0.9521484375,0,-0.390625,-0.23193359375,-0.98876953125,0.0732421875,-0.7568359375,-0.0732421875,-0.84228515625,-0.01220703125,0.30517578125,0.15869140625,0.32958984375,-0.3173828125,-0.42724609375,0.28076171875,-1.025390625,-0.10986328125,-0.9033203125,-0.0244140625,-0.927734375,0.13427734375,-0.42724609375,-0.09765625,-1.0986328125,-0.06103515625,-1.55029296875,-0.08544921875,-1.0986328125,-0.2685546875,0.341796875,0.146484375,0.341796875,0.06103515625,0.0244140625,-0.06103515625,-0.0244140625,0.03662109375,0.1953125,-0.048828125,-0.0244140625,-0.048828125,0.79345703125,-0.10986328125,-0.50048828125,0.09765625,-0.537109375
0,0.50048828125,-0.37841796875,-0.0244140625,-0.35400390625,-0.06103515625,-0.4150390625,0.0244140625,-0.03662109375,0.10986328125,-0.01220703125,0.20751953125,-0.89111328125,-0.06103515625,1.08642578125,-0.1708984375,-0.1953125,-0.0244140625,-0.62255859375,0.244140625,-0.1708984375,-0.2197265625,0.830078125,0.45166015625,-0.64697265625,0.08544921875,7.5439453125,-0.048828125,3.5888671875,0.1953125,6.45751953125,-0.0244140625,5.1025390625,0.0244140625,-0.3662109375,-0.1953125,-0.9033203125,-0.30517578125,-0.40283203125,0.0732421875,-0.7568359375,0.37841796875,-0.146484375,-0.3173828125,-0.6591796875,0.28076171875,-0.390625,-0.244140625,0.69580078125,0.20751953125,1.171875,0.2197265625,0.47607421875,-0.40283203125,-0.29296875,0.01220703125,0.732421875,0.10986328125,5.43212890625,0.048828125,5.9814453125,0.5126953125,3.69873046875,0.2197265625,5.029296875,0.03662109375,0.30517578125,-0.2685546875,1.01318359375,-0.08544921875,0.3173828125,-0.10986328125,0.2197265625,-0.42724609375,0.30517578125,0.146484375,0.78125,-0.146484375,0,0.4638671875,1.2939453125,0.146484375,-0.9521484375,-0.01220703125,-0.37841796875,-0.30517578125,-0.9765625,0.09765625,-0.78125,0.0732421875,-0.79345703125,0.06103515625,0.28076171875,0.244140625,0.30517578125,-0.2685546875,-0.390625,0.1953125,-1.01318359375,-0.048828125,-0.87890625,-0.0244140625,-0.927734375,0.1708984375,-0.439453125,-0.09765625,-1.03759765625,-0.0244140625,-1.47705078125,-0.09765625,-1.07421875,-0.15869140625,0.390625,0.13427734375,0.35400390625,0.06103515625,-0.01220703125,-0.06103515625,0,0.06103515625,0.20751953125,-0.06103515625,0,-0.0732421875,0.81787109375,-0.1220703125,-0.50048828125,0.09765625,-0.54931640625
0,0.4638671875,-0.40283203125,-0.01220703125,-0.37841796875,-0.08544921875,-0.4150390625,0.03662109375,-0.048828125,0.09765625,-0.01220703125,0.1953125,-0.89111328125,-0.0732421875,1.08642578125,-0.1708984375,-0.18310546875,-0.01220703125,-0.59814453125,0.13427734375,-0.18310546875,-0.1708984375,0.81787109375,0.341796875,-0.64697265625,0.146484375,7.89794921875,-0.08544921875,3.77197265625,0.2197265625,6.75048828125,0.048828125,5.31005859375,-0.09765625,-0.35400390625,-0.2685546875,-0.87890625,-0.3173828125,-0.40283203125,0.09765625,-0.732421875,0.341796875,-0.146484375,-0.29296875,-0.67138671875,0.32958984375,-0.4150390625,-0.20751953125,0.7080078125,0.09765625,1.15966796875,0.2197265625,0.48828125,-0.5126953125,-0.25634765625,-0.1220703125,0.74462890625,0.10986328125,4.2724609375,0.0244140625,4.4921875,0.5615234375,2.8564453125,0.244140625,3.8330078125,-0.03662109375,0.32958984375,-0.20751953125,1.03759765625,-0.0244140625,0.28076171875,-0.146484375,0.20751953125,-0.4150390625,0.30517578125,0.20751953125,0.79345703125,-0.146484375,0.0244140625,0.45166015625,1.30615234375,0.10986328125,-0.9521484375,-0.03662109375,-0.35400390625,-0.32958984375,-0.96435546875,0.10986328125,-0.76904296875,0.09765625,-0.8056640625,0.06103515625,0.29296875,0.25634765625,0.3662109375,-0.2685546875,-0.3173828125,0.13427734375,-1.0009765625,0.048828125,-0.89111328125,-0.06103515625,-0.927734375,0.20751953125,-0.439453125,-0.1953125,-0.84228515625,-0.06103515625,-1.3427734375,-0.18310546875,-0.9765625,-0.20751953125,0.52490234375,0.146484375,0.3662109375,0.0732421875,0.01220703125,-0.06103515625,-0.01220703125,0.048828125,0.18310546875,-0.09765625,0.01220703125,-0.06103515625,0.81787109375,-0.146484375,-0.5126953125,0.06103515625,-0.5126953125
0,0.48828125,-0.40283203125,0.0244140625,-0.3662109375,-0.09765625,-0.40283203125,0.06103515625,-0.06103515625,0.09765625,-0.03662109375,0.1953125,-0.86669921875,-0.06103515625,1.08642578125,-0.1708984375,-0.18310546875,0.01220703125,-0.59814453125,-0.03662109375,-0.20751953125,-0.10986328125,0.830078125,0.18310546875,-0.62255859375,0.2197265625,7.99560546875,-0.13427734375,3.79638671875,0.23193359375,6.8115234375,0.10986328125,5.33447265625,-0.23193359375,-0.35400390625,-0.3173828125,-0.86669921875,-0.29296875,-0.390625,0.13427734375,-0.72021484375,0.20751953125,-0.15869140625,-0.29296875,-0.6591796875,0.32958984375,-0.4150390625,-0.13427734375,0.72021484375,-0.01220703125,1.1474609375,0.1708984375,0.47607421875,-0.59814453125,-0.23193359375,-0.23193359375,0.76904296875,0.13427734375,3.1005859375,-0.0244140625,3.0517578125,0.5126953125,2.0263671875,0.244140625,2.64892578125,-0.0732421875,0.3662109375,-0.2197265625,1.025390625,0.048828125,0.244140625,-0.146484375,0.18310546875,-0.390625,0.28076171875,0.2197265625,0.830078125,-0.13427734375,0,0.4638671875,1.30615234375,0.09765625,-0.9521484375,-0.048828125,-0.3662109375,-0.3173828125,-0.9765625,0.0732421875,-0.76904296875,0.15869140625,-0.830078125,0.03662109375,0.30517578125,0.18310546875,0.4150390625,-0.25634765625,-0.244140625,0.18310546875,-1.0009765625,0.08544921875,-0.87890625,-0.0732421875,-0.93994140625,0.244140625,-0.439453125,-0.1953125,-0.6103515625,-0.06103515625,-1.15966796875,-0.1953125,-0.8544921875,-0.18310546875,0.72021484375,0.146484375,0.35400390625,0.08544921875,0,-0.0732421875,0,0.048828125,0.1953125,-0.0732421875,0.01220703125,-0.10986328125,0.830078125,-0.13427734375,-0.5126953125,0.0244140625,-0.5126953125
0,0.4638671875,-0.37841796875,0.048828125,-0.3662109375,-0.03662109375,-0.40283203125,0.048828125,-0.08544921875,0.0732421875,-0.048828125,0.1953125,-0.86669921875,-0.048828125,1.0986328125,-0.15869140625,-0.1708984375,0.048828125,-0.59814453125,-0.09765625,-0.18310546875,-0.08544921875,0.8544921875,-0.0244140625,-0.62255859375,0.32958984375,7.84912109375,-0.20751953125,3.6376953125,0.25634765625,6.67724609375,0.1708984375,5.16357421875,-0.28076171875,-0.32958984375,-0.341796875,-0.89111328125,-0.20751953125,-0.37841796875,0.13427734375,-0.7080078125,0.03662109375,-0.1708984375,-0.29296875,-0.634765625,0.28076171875,-0.4150390625,-0.08544921875,0.74462890625,-0.08544921875,1.123046875,0.1220703125,0.4638671875,-0.57373046875,-0.20751953125,-0.341796875,0.7568359375,0.1708984375,2.03857421875,-0.0732421875,1.7822265625,0.439453125,1.33056640625,0.244140625,1.5625,-0.10986328125,0.3662109375,-0.18310546875,1.01318359375,0.08544921875,0.1953125,-0.1953125,0.18310546875,-0.37841796875,0.2685546875,0.25634765625,0.79345703125,-0.13427734375,0.01220703125,0.40283203125,1.33056640625,0.0244140625,-0.93994140625,-0.048828125,-0.37841796875,-0.244140625,-0.98876953125,0.0244140625,-0.76904296875,0.1953125,-0.830078125,0.048828125,0.390625,0.0732421875,0.5126953125,-0.20751953125,-0.13427734375,0.20751953125,-1.01318359375,0.08544921875,-0.87890625,-0.09765625,-0.9521484375,0.28076171875,-0.42724609375,-0.08544921875,-0.32958984375,-0.01220703125,-0.96435546875,-0.20751953125,-0.64697265625,-0.13427734375,0.927734375,0.146484375,0.40283203125,0.06103515625,0.01220703125,-0.06103515625,0,0.03662109375,0.18310546875,-0.048828125,0.01220703125,-0.13427734375,0.84228515625,-0.146484375,-0.52490234375,0,-0.52490234375
0,0.45166015625,-0.37841796875,0.08544921875,-0.40283203125,-0.048828125,-0.40283203125,0.0732421875,-0.0732421875,0.06103515625,-0.03662109375,0.1708984375,-0.89111328125,-0.03662109375,1.0986328125,-0.146484375,-0.1708984375,0.0244140625,-0.57373046875,-0.15869140625,-0.1953125,-0.09765625,0.84228515625,-0.18310546875,-0.59814453125,0.3662109375,7.50732421875,-0.20751953125,3.40576171875,0.29296875,6.38427734375,0.30517578125,4.8828125,-0.32958984375,-0.341796875,-0.32958984375,-0.86669921875,-0.1708984375,-0.40283203125,0.10986328125,-0.68359375,-0.1220703125,-0.1953125,-0.30517578125,-0.62255859375,0.244140625,-0.439453125,-0.08544921875,0.7568359375,-0.146484375,1.1474609375,0.10986328125,0.45166015625,-0.57373046875,-0.1708984375,-0.40283203125,0.732421875,0.28076171875,1.123046875,-0.08544921875,0.732421875,0.390625,0.78125,0.244140625,0.64697265625,-0.10986328125,0.3662109375,-0.13427734375,1.06201171875,0.10986328125,0.1708984375,-0.2197265625,0.18310546875,-0.3662109375,0.2685546875,0.2685546875,0.830078125,-0.146484375,0.0244140625,0.35400390625,1.3427734375,-0.0244140625,-0.9765625,-0.03662109375,-0.35400390625,-0.1708984375,-1.0009765625,-0.06103515625,-0.79345703125,0.09765625,-0.84228515625,0.0244140625,0.42724609375,-0.0244140625,0.5859375,-0.18310546875,-0.0244140625,0.30517578125,-1.01318359375,0.08544921875,-0.89111328125,-0.1220703125,-0.93994140625,0.3173828125,-0.42724609375,-0.1220703125,-0.06103515625,-0.08544921875,-0.732421875,-0.2685546875,-0.48828125,-0.2197265625,1.171875,0.1220703125,0.3662109375,0.08544921875,-0.01220703125,-0.06103515625,0,0.0244140625,0.1953125,-0.03662109375,0,-0.13427734375,0.830078125,-0.146484375,-0.5126953125,-0.01220703125,-0.5126953125
0,0.439453125,-0.3662109375,0.09765625,-0.37841796875,-0.03662109375,-0.40283203125,0.0732421875,-0.06103515625,0.06103515625,-0.03662109375,0.146484375,-0.87890625,-0.03662109375,1.0986328125,-0.13427734375,-0.15869140625,-0.0732421875,-0.57373046875,-0.13427734375,-0.1953125,-0.15869140625,0.8544921875,-0.244140625,-0.59814453125,0.2197265625,7.04345703125,-0.20751953125,3.076171875,0.2685546875,6.005859375,0.3173828125,4.5654296875,-0.32958984375,-0.32958984375,-0.30517578125,-0.86669921875,-0.09765625,-0.40283203125,0.10986328125,-0.6591796875,-0.2685546875,-0.18310546875,-0.390625,-0.62255859375,0.146484375,-0.4150390625,-0.10986328125,0.74462890625,-0.18310546875,1.1474609375,0.10986328125,0.42724609375,-0.52490234375,-0.15869140625,-0.4638671875,0.732421875,0.37841796875,0.40283203125,-0.10986328125,0,0.32958984375,0.3662109375,0.2197265625,-0.0732421875,-0.10986328125,0.35400390625,-0.0244140625,1.0498046875,0.1220703125,0.15869140625,-0.20751953125,0.20751953125,-0.37841796875,0.25634765625,0.28076171875,0.81787109375,-0.13427734375,0.0244140625,0.3173828125,1.33056640625,-0.09765625,-0.9765625,-0.01220703125,-0.3662109375,-0.09765625,-1.01318359375,-0.146484375,-0.79345703125,-0.03662109375,-0.84228515625,0,0.50048828125,-0.146484375,0.6591796875,-0.1220703125,0,0.4638671875,-0.98876953125,0.048828125,-0.91552734375,-0.10986328125,-0.9521484375,0.30517578125,-0.42724609375,-0.09765625,0.15869140625,-0.1220703125,-0.54931640625,-0.29296875,-0.32958984375,-0.2197265625,1.3671875,0.13427734375,0.40283203125,0.0732421875,-0.01220703125,-0.08544921875,0,0.01220703125,0.1708984375,-0.048828125,-0.01220703125,-0.10986328125,0.87890625,-0.15869140625,-0.48828125,-0.048828125,-0.5126953125
1,0.4150390625,-0.35400390625,0.10986328125,-0.3662109375,-0.06103515625,-0.40283203125,0.048828125,-0.06103515625,0.01220703125,-0.0244140625,0.146484375,-0.87890625,-0.06103515625,1.08642578125,-0.1220703125,-0.15869140625,-0.20751953125,-0.57373046875,-0.1220703125,-0.18310546875,-0.29296875,0.87890625,-0.25634765625,-0.5859375,0.08544921875,6.53076171875,-0.1953125,2.783203125,0.244140625,5.615234375,0.341796875,4.21142578125,-0.25634765625,-0.341796875,-0.30517578125,-0.87890625,-0.01220703125,-0.4150390625,0.09765625,-0.6591796875,-0.29296875,-0.18310546875,-0.45166015625,-0.62255859375,0.03662109375,-0.439453125,-0.13427734375,0.74462890625,-0.20751953125,1.15966796875,0.1953125,0.40283203125,-0.4638671875,-0.15869140625,-0.48828125,0.69580078125,0.40283203125,-0.10986328125,-0.25634765625,-0.439453125,0.1708984375,0.10986328125,0.146484375,-0.5859375,-0.08544921875,0.35400390625,0.048828125,1.0498046875,0.13427734375,0.146484375,-0.1953125,0.20751953125,-0.35400390625,0.25634765625,0.29296875,0.81787109375,-0.13427734375,0.01220703125,0.28076171875,1.33056640625,-0.146484375,-1.0009765625,0,-0.35400390625,-0.0732421875,-1.03759765625,-0.20751953125,-0.81787109375,-0.048828125,-0.81787109375,-0.0244140625,0.5126953125,-0.1708984375,0.68359375,-0.09765625,0.01220703125,0.42724609375,-1.0009765625,0.06103515625,-0.9033203125,-0.09765625,-0.9521484375,0.244140625,-0.439453125,-0.08544921875,0.29296875,-0.09765625,-0.4150390625,-0.244140625,-0.1953125,-0.23193359375,1.55029296875,0.1220703125,0.4150390625,0.09765625,-0.01220703125,-0.06103515625,0,-0.01220703125,0.1708984375,-0.06103515625,-0.0244140625,-0.10986328125,0.9033203125,-0.1708984375,-0.4638671875,-0.08544921875,-0.52490234375
1,0.390625,-0.32958984375,0.1220703125,-0.3662109375,-0.06103515625,-0.390625,0.0244140625,-0.0732421875,-0.0244140625,0,0.1220703125,-0.86669921875,-0.048828125,1.0986328125,-0.1220703125,-0.1708984375,-0.3173828125,-0.57373046875,-0.03662109375,-0.18310546875,-0.45166015625,0.86669921875,-0.15869140625,-0.6103515625,-0.03662109375,6.04248046875,-0.18310546875,2.50244140625,0.2197265625,5.28564453125,0.28076171875,3.90625,-0.25634765625,-0.3173828125,-0.2685546875,-0.87890625,0.06103515625,-0.4150390625,0.1220703125,-0.64697265625,-0.30517578125,-0.20751953125,-0.50048828125,-0.59814453125,-0.0244140625,-0.439453125,-0.18310546875,0.7080078125,-0.25634765625,1.1474609375,0.20751953125,0.40283203125,-0.439453125,-0.20751953125,-0.48828125,0.68359375,0.4150390625,-0.42724609375,-0.25634765625,-0.64697265625,0.08544921875,-0.03662109375,0.146484375,-0.87890625,-0.06103515625,0.3173828125,0.10986328125,1.0498046875,0.146484375,0.1953125,-0.15869140625,0.20751953125,-0.30517578125,0.25634765625,0.3173828125,0.830078125,-0.15869140625,0.0244140625,0.2685546875,1.3427734375,-0.18310546875,-0.9765625,0.0244140625,-0.35400390625,-0.048828125,-1.0498046875,-0.20751953125,-0.8056640625,-0.09765625,-0.830078125,-0.08544921875,0.50048828125,-0.146484375,0.634765625,-0.1220703125,-0.03662109375,0.48828125,-0.98876953125,0.048828125,-0.89111328125,-0.0732421875,-0.93994140625,0.15869140625,-0.4150390625,-0.06103515625,0.341796875,-0.0732421875,-0.32958984375,-0.20751953125,-0.1220703125,-0.2685546875,1.6357421875,0.1220703125,0.4150390625,0.06103515625,-0.01220703125,-0.06103515625,-0.01220703125,-0.0244140625,0.18310546875,-0.08544921875,-0.0244140625,-0.09765625,0.89111328125,-0.1708984375,-0.4638671875,-0.08544921875,-0.5126953125
1,0.390625,-0.29296875,0.13427734375,-0.37841796875,-0.048828125,-0.390625,0.048828125,-0.06103515625,0,0.01220703125,0.10986328125,-0.86669921875,-0.048828125,1.123046875,-0.10986328125,-0.1708984375,-0.439453125,-0.5859375,0.06103515625,-0.1708984375,-0.5859375,0.8544921875,0,-0.59814453125,-0.1708984375,5.65185546875,-0.18310546875,2.3193359375,0.146484375,5.01708984375,0.15869140625,3.69873046875,-0.23193359375,-0.35400390625,-0.23193359375,-0.9033203125,0.13427734375,-0.40283203125,0.08544921875,-0.67138671875,-0.2197265625,-0.1953125,-0.57373046875,-0.59814453125,-0.06103515625,-0.439453125,-0.30517578125,0.67138671875,-0.29296875,1.13525390625,0.244140625,0.390625,-0.37841796875,-0.1953125,-0.48828125,0.68359375,0.40283203125,-0.5615234375,-0.23193359375,-0.62255859375,-0.01220703125,-0.08544921875,0.146484375,-1.0009765625,0.0244140625,0.28076171875,0.1953125,1.0498046875,0.1708984375,0.20751953125,-0.09765625,0.2197265625,-0.23193359375,0.244140625,0.30517578125,0.8544921875,-0.146484375,0,0.2685546875,1.318359375,-0.15869140625,-0.9521484375,0.048828125,-0.35400390625,-0.0244140625,-1.03759765625,-0.13427734375,-0.8056640625,-0.06103515625,-0.84228515625,-0.09765625,0.42724609375,-0.10986328125,0.5615234375,-0.18310546875,-0.15869140625,0.3662109375,-0.9765625,0.0732421875,-0.9033203125,-0.048828125,-0.91552734375,0.06103515625,-0.4150390625,-0.09765625,0.29296875,-0.06103515625,-0.341796875,-0.1708984375,-0.10986328125,-0.3173828125,1.66015625,0.09765625,0.390625,0.048828125,-0.01220703125,-0.0732421875,-0.03662109375,-0.03662109375,0.18310546875,-0.09765625,-0.03662109375,-0.048828125,0.86669921875,-0.18310546875,-0.45166015625,-0.0732421875,-0.537109375
1,0.40283203125,-0.30517578125,0.10986328125,-0.37841796875,-0.0244140625,-0.390625,0.03662109375,-0.048828125,0.01220703125,0.0244140625,0.10986328125,-0.87890625,-0.0732421875,1.123046875,-0.10986328125,-0.1953125,-0.45166015625,-0.6103515625,0.13427734375,-0.1708984375,-0.67138671875,0.84228515625,0.09765625,-0.6103515625,-0.30517578125,5.3466796875,-0.29296875,2.1728515625,0.0732421875,4.87060546875,-0.0244140625,3.5888671875,-0.18310546875,-0.35400390625,-0.13427734375,-0.89111328125,0.146484375,-0.4150390625,0.09765625,-0.68359375,-0.15869140625,-0.1953125,-0.59814453125,-0.59814453125,-0.06103515625,-0.45166015625,-0.341796875,0.64697265625,-0.32958984375,1.1474609375,0.23193359375,0.40283203125,-0.32958984375,-0.2197265625,-0.4638671875,0.68359375,0.4150390625,-0.5859375,-0.18310546875,-0.52490234375,-0.10986328125,-0.0732421875,0.1708984375,-0.98876953125,0.048828125,0.23193359375,0.25634765625,1.0498046875,0.15869140625,0.244140625,-0.048828125,0.23193359375,-0.09765625,0.2197265625,0.28076171875,0.87890625,-0.1953125,0,0.23193359375,1.318359375,-0.10986328125,-0.96435546875,0.0732421875,-0.35400390625,-0.0244140625,-1.025390625,-0.0732421875,-0.81787109375,0.048828125,-0.79345703125,-0.06103515625,0.32958984375,0,0.42724609375,-0.20751953125,-0.30517578125,0.28076171875,-0.9521484375,0.09765625,-0.89111328125,-0.03662109375,-0.91552734375,-0.01220703125,-0.42724609375,-0.15869140625,0.18310546875,-0.08544921875,-0.390625,-0.13427734375,-0.146484375,-0.35400390625,1.59912109375,0.08544921875,0.37841796875,0.03662109375,-0.01220703125,-0.06103515625,-0.06103515625,-0.0244140625,0.18310546875,-0.1220703125,0,-0.01220703125,0.84228515625,-0.18310546875,-0.4638671875,-0.03662109375,-0.54931640625
1,0.4150390625,-0.30517578125,0.1220703125,-0.390625,-0.048828125,-0.4150390625,0.0244140625,-0.06103515625,0.01220703125,0.01220703125,0.08544921875,-0.89111328125,-0.048828125,1.11083984375,-0.09765625,-0.1953125,-0.40283203125,-0.6103515625,0.2197265625,-0.1953125,-0.6591796875,0.830078125,0.18310546875,-0.62255859375,-0.3173828125,5.18798828125,-0.32958984375,2.1728515625,-0.01220703125,4.82177734375,-0.146484375,3.57666015625,-0.18310546875,-0.35400390625,-0.10986328125,-0.9033203125,0.09765625,-0.4150390625,0.13427734375,-0.7080078125,-0.10986328125,-0.1708984375,-0.5615234375,-0.6103515625,-0.03662109375,-0.42724609375,-0.341796875,0.634765625,-0.28076171875,1.123046875,0.244140625,0.42724609375,-0.30517578125,-0.23193359375,-0.42724609375,0.68359375,0.40283203125,-0.5126953125,-0.18310546875,-0.3173828125,-0.146484375,-0.0244140625,0.15869140625,-0.9033203125,0.06103515625,0.20751953125,0.341796875,1.0498046875,0.1708984375,0.25634765625,-0.01220703125,0.23193359375,0,0.2197265625,0.20751953125,0.87890625,-0.1953125,-0.0244140625,0.20751953125,1.2939453125,-0.01220703125,-0.9765625,0.09765625,-0.35400390625,-0.0244140625,-1.03759765625,0.01220703125,-0.830078125,0.10986328125,-0.72021484375,-0.01220703125,0.28076171875,0.1220703125,0.29296875,-0.2685546875,-0.40283203125,0.2197265625,-0.93994140625,0.08544921875,-0.9033203125,-0.048828125,-0.91552734375,-0.03662109375,-0.40283203125,-0.20751953125,0.01220703125,-0.0732421875,-0.48828125,-0.10986328125,-0.244140625,-0.35400390625,1.4892578125,0.08544921875,0.3662109375,0.0244140625,0,-0.0732421875,-0.048828125,0,0.20751953125,-0.146484375,0,0.01220703125,0.81787109375,-0.18310546875,-0.48828125,-0.03662109375,-0.537109375
1,0.40283203125,-0.3173828125,0.1220703125,-0.37841796875,-0.048828125,-0.40283203125,-0.01220703125,-0.06103515625,0,0.01220703125,0.0732421875,-0.9033203125,-0.048828125,1.123046875,-0.0732421875,-0.1953125,-0.28076171875,-0.62255859375,0.23193359375,-0.20751953125,-0.537109375,0.84228515625,0.18310546875,-0.62255859375,-0.40283203125,5.1513671875,-0.42724609375,2.1728515625,-0.048828125,4.8583984375,-0.2685546875,3.5888671875,-0.1708984375,-0.35400390625,-0.06103515625,-0.89111328125,0.01220703125,-0.40283203125,0.15869140625,-0.69580078125,-0.10986328125,-0.146484375,-0.4638671875,-0.634765625,-0.03662109375,-0.4150390625,-0.37841796875,0.62255859375,-0.2685546875,1.11083984375,0.1708984375,0.42724609375,-0.2685546875,-0.23193359375,-0.341796875,0.69580078125,0.32958984375,-0.4150390625,-0.20751953125,-0.146484375,-0.1953125,0.03662109375,0.10986328125,-0.7568359375,0.08544921875,0.20751953125,0.4150390625,1.025390625,0.1708984375,0.25634765625,0.01220703125,0.23193359375,0.10986328125,0.23193359375,0.10986328125,0.91552734375,-0.23193359375,-0.01220703125,0.2197265625,1.30615234375,0.0732421875,-0.9765625,0.13427734375,-0.341796875,-0.048828125,-1.03759765625,0.08544921875,-0.8056640625,0.15869140625,-0.52490234375,0.03662109375,0.29296875,0.20751953125,0.25634765625,-0.35400390625,-0.4150390625,0.10986328125,-0.927734375,0.03662109375,-0.87890625,-0.10986328125,-0.91552734375,-0.048828125,-0.4150390625,-0.23193359375,-0.1708984375,-0.06103515625,-0.6103515625,-0.146484375,-0.35400390625,-0.29296875,1.35498046875,0.08544921875,0.35400390625,0.01220703125,0,-0.0732421875,-0.0732421875,0.01220703125,0.1953125,-0.1220703125,0.01220703125,0.01220703125,0.78125,-0.1953125,-0.48828125,0.01220703125,-0.537109375
1,0.40283203125,-0.341796875,0.09765625,-0.390625,-0.048828125,-0.4150390625,-0.01220703125,-0.048828125,0.01220703125,0,0.0732421875,-0.89111328125,-0.048828125,1.08642578125,-0.06103515625,-0.18310546875,-0.15869140625,-0.62255859375,0.23193359375,-0.20751953125,-0.37841796875,0.84228515625,0.10986328125,-0.634765625,-0.4150390625,5.21240234375,-0.4638671875,2.23388671875,-0.1220703125,4.9072265625,-0.28076171875,3.662109375,-0.18310546875,-0.32958984375,-0.03662109375,-0.9033203125,-0.10986328125,-0.390625,0.244140625,-0.7080078125,-0.10986328125,-0.146484375,-0.341796875,-0.634765625,-0.06103515625,-0.4150390625,-0.35400390625,0.6103515625,-0.2197265625,1.08642578125,0.10986328125,0.439453125,-0.2197265625,-0.20751953125,-0.244140625,0.72021484375,0.30517578125,-0.28076171875,-0.1953125,-0.0244140625,-0.25634765625,0.09765625,0.06103515625,-0.6103515625,0.1220703125,0.2197265625,0.4638671875,1.03759765625,0.20751953125,0.23193359375,0,0.2197265625,0.1953125,0.23193359375,0.03662109375,0.9033203125,-0.2685546875,-0.0244140625,0.18310546875,1.30615234375,0.146484375,-0.98876953125,0.15869140625,-0.3173828125,-0.06103515625,-1.01318359375,0.1220703125,-0.8056640625,0.18310546875,-0.1708984375,0.13427734375,0.390625,0.30517578125,0.341796875,-0.35400390625,-0.28076171875,0.1708984375,-0.87890625,-0.03662109375,-0.89111328125,-0.13427734375,-0.9033203125,-0.0244140625,-0.42724609375,-0.23193359375,-0.30517578125,-0.03662109375,-0.732421875,-0.13427734375,-0.4638671875,-0.1953125,1.20849609375,0.0732421875,0.35400390625,0,0.01220703125,-0.06103515625,-0.08544921875,0,0.1953125,-0.10986328125,-0.0244140625,0.01220703125,0.76904296875,-0.18310546875,-0.50048828125,0.048828125,-0.5615234375
1,0.3662109375,-0.341796875,0.10986328125,-0.37841796875,-0.08544921875,-0.4150390625,0.01220703125,-0.048828125,0.03662109375,-0.0244140625,0.06103515625,-0.89111328125,-0.03662109375,1.0986328125,-0.06103515625,-0.15869140625,-0.048828125,-0.6103515625,0.1953125,-0.1953125,-0.1708984375,0.8544921875,0.03662109375,-0.62255859375,-0.3662109375,5.2734375,-0.48828125,2.294921875,-0.1220703125,4.9560546875,-0.2685546875,3.7109375,-0.2197265625,-0.35400390625,-0.08544921875,-0.9033203125,-0.09765625,-0.4150390625,0.25634765625,-0.69580078125,-0.1220703125,-0.146484375,-0.2197265625,-0.6591796875,-0.0732421875,-0.4150390625,-0.29296875,0.6103515625,-0.2197265625,1.08642578125,0.048828125,0.439453125,-0.18310546875,-0.20751953125,-0.10986328125,0.732421875,0.2197265625,-0.1708984375,-0.15869140625,0.048828125,-0.1953125,0.18310546875,0.01220703125,-0.4638671875,0.1708984375,0.29296875,0.4638671875,1.03759765625,0.23193359375,0.20751953125,0,0.1953125,0.2197265625,0.23193359375,-0.048828125,0.89111328125,-0.30517578125,-0.03662109375,0.1953125,1.30615234375,0.1953125,-0.9765625,0.1708984375,-0.341796875,-0.08544921875,-1.01318359375,0.10986328125,-0.8056640625,0.08544921875,0.32958984375,0.2197265625,0.64697265625,0.32958984375,0.6103515625,-0.3173828125,0.01220703125,0.1953125,-0.9033203125,-0.0732421875,-0.89111328125,-0.15869140625,-0.9033203125,0.06103515625,-0.40283203125,-0.15869140625,-0.4150390625,-0.08544921875,-0.830078125,-0.146484375,-0.5615234375,-0.08544921875,1.08642578125,0.06103515625,0.341796875,0,0.0244140625,-0.0732421875,-0.08544921875,0,0.18310546875,-0.08544921875,-0.01220703125,-0.01220703125,0.72021484375,-0.1708984375,-0.537109375,0.048828125,-0.5615234375
1,0.341796875,-0.35400390625,0.10986328125,-0.35400390625,-0.06103515625,-0.42724609375,0,-0.03662109375,0.06103515625,-0.03662109375,0.0732421875,-0.89111328125,-0.048828125,1.08642578125,-0.048828125,-0.13427734375,0.06103515625,-0.5859375,0.10986328125,-0.20751953125,-0.06103515625,0.830078125,-0.048828125,-0.62255859375,-0.30517578125,5.31005859375,-0.47607421875,2.294921875,-0.10986328125,4.9560546875,-0.20751953125,3.7109375,-0.20751953125,-0.37841796875,-0.146484375,-0.9033203125,-0.10986328125,-0.45166015625,0.15869140625,-0.7080078125,-0.13427734375,-0.1708984375,-0.146484375,-0.6591796875,-0.06103515625,-0.42724609375,-0.20751953125,0.62255859375,-0.20751953125,1.0986328125,0,0.439453125,-0.15869140625,-0.20751953125,0.03662109375,0.7568359375,0.1220703125,-0.06103515625,-0.146484375,0.08544921875,-0.2197265625,0.2197265625,-0.0732421875,-0.35400390625,0.1708984375,0.37841796875,0.42724609375,1.025390625,0.2685546875,0.18310546875,0,0.1953125,0.1953125,0.2685546875,-0.08544921875,0.89111328125,-0.29296875,-0.048828125,0.15869140625,1.30615234375,0.20751953125,-0.9765625,0.18310546875,-0.35400390625,-0.10986328125,-1.01318359375,0.048828125,-0.8056640625,-0.03662109375,1.0498046875,0.28076171875,1.025390625,0.25634765625,1.06201171875,-0.23193359375,0.537109375,0.13427734375,-0.87890625,-0.1220703125,-0.87890625,-0.146484375,-0.93994140625,0.13427734375,-0.40283203125,-0.15869140625,-0.4638671875,-0.13427734375,-0.87890625,-0.146484375,-0.64697265625,-0.0244140625,0.98876953125,0.048828125,0.341796875,0,0.01220703125,-0.0732421875,-0.08544921875,-0.01220703125,0.18310546875,-0.09765625,-0.0244140625,0.01220703125,0.732421875,-0.146484375,-0.54931640625,0.0732421875,-0.5615234375
1,0.341796875,-0.341796875,0.09765625,-0.35400390625,-0.0732421875,-0.42724609375,0.03662109375,-0.03662109375,0.048828125,-0.03662109375,0.048828125,-0.87890625,-0.03662109375,1.08642578125,-0.048828125,-0.1220703125,0.146484375,-0.5859375,0.06103515625,-0.20751953125,-0.01220703125,0.84228515625,-0.09765625,-0.62255859375,-0.25634765625,5.224609375,-0.47607421875,2.24609375,-0.08544921875,4.89501953125,-0.15869140625,3.61328125,-0.2685546875,-0.37841796875,-0.23193359375,-0.9033203125,-0.048828125,-0.47607421875,0.1220703125,-0.69580078125,-0.1220703125,-0.20751953125,-0.13427734375,-0.68359375,-0.06103515625,-0.42724609375,-0.08544921875,0.62255859375,-0.15869140625,1.08642578125,-0.03662109375,0.42724609375,-0.15869140625,-0.1953125,0.146484375,0.7568359375,0.03662109375,0.01220703125,-0.146484375,0.06103515625,-0.1708984375,0.244140625,-0.09765625,-0.29296875,0.23193359375,0.48828125,0.341796875,1.0498046875,0.28076171875,0.1708984375,-0.06103515625,0.15869140625,0.1953125,0.25634765625,-0.1220703125,0.87890625,-0.2685546875,-0.0244140625,0.10986328125,1.318359375,0.18310546875,-0.9521484375,0.18310546875,-0.35400390625,-0.10986328125,-1.0009765625,-0.06103515625,-0.79345703125,0.01220703125,1.94091796875,0.28076171875,1.52587890625,0.18310546875,1.6845703125,-0.10986328125,1.220703125,0.1953125,-0.86669921875,-0.15869140625,-0.87890625,-0.15869140625,-0.927734375,0.1953125,-0.4150390625,-0.09765625,-0.4638671875,-0.15869140625,-0.89111328125,-0.10986328125,-0.67138671875,0.0732421875,0.927734375,0.06103515625,0.35400390625,-0.048828125,0.01220703125,-0.0732421875,-0.0732421875,-0.0244140625,0.1953125,-0.08544921875,-0.06103515625,-0.01220703125,0.72021484375,-0.13427734375,-0.537109375,0.08544921875,-0.5859375
1,0.35400390625,-0.341796875,0.1220703125,-0.35400390625,-0.09765625,-0.4150390625,0.0244140625,-0.06103515625,0.048828125,-0.0244140625,0.048828125,-0.86669921875,-0.06103515625,1.08642578125,-0.01220703125,-0.13427734375,0.1953125,-0.5859375,0.06103515625,-0.2197265625,-0.09765625,0.830078125,-0.03662109375,-0.6103515625,-0.146484375,4.98046875,-0.4638671875,2.11181640625,-0.0244140625,4.69970703125,-0.1220703125,3.4423828125,-0.30517578125,-0.37841796875,-0.3173828125,-0.91552734375,0,-0.5126953125,0.048828125,-0.7080078125,-0.08544921875,-0.244140625,-0.15869140625,-0.69580078125,-0.048828125,-0.439453125,0,0.64697265625,-0.13427734375,1.123046875,-0.0732421875,0.40283203125,-0.146484375,-0.1953125,0.1953125,0.7568359375,-0.03662109375,0.10986328125,-0.18310546875,0.0244140625,-0.18310546875,0.30517578125,-0.06103515625,-0.2197265625,0.3173828125,0.59814453125,0.2685546875,1.0498046875,0.2685546875,0.1708984375,-0.09765625,0.1708984375,0.1708984375,0.25634765625,-0.1220703125,0.8544921875,-0.25634765625,-0.0244140625,0.08544921875,1.30615234375,0.146484375,-0.93994140625,0.18310546875,-0.35400390625,-0.1220703125,-0.98876953125,-0.1220703125,-0.79345703125,-0.048828125,2.96630859375,0.23193359375,2.13623046875,0.10986328125,2.4169921875,-0.03662109375,2.01416015625,0.1220703125,-0.87890625,-0.18310546875,-0.9033203125,-0.1220703125,-0.91552734375,0.2685546875,-0.4150390625,-0.08544921875,-0.45166015625,-0.20751953125,-0.87890625,-0.1220703125,-0.67138671875,0.0732421875,0.927734375,0.0244140625,0.32958984375,-0.01220703125,0,-0.0732421875,-0.08544921875,-0.0244140625,0.1708984375,-0.09765625,-0.09765625,-0.01220703125,0.74462890625,-0.10986328125,-0.52490234375,0.06103515625,-0.57373046875
1,0.32958984375,-0.32958984375,0.146484375,-0.35400390625,-0.09765625,-0.42724609375,0.048828125,-0.048828125,0.08544921875,-0.048828125,0.0244140625,-0.86669921875,-0.0732421875,1.08642578125,0.01220703125,-0.15869140625,0.13427734375,-0.5615234375,0.10986328125,-0.2197265625,-0.20751953125,0.830078125,0.01220703125,-0.59814453125,-0.03662109375,4.52880859375,-0.341796875,1.86767578125,0.08544921875,4.3701171875,-0.03662109375,3.13720703125,-0.32958984375,-0.40283203125,-0.3173828125,-0.9033203125,-0.01220703125,-0.537109375,0,-0.68359375,-0.06103515625,-0.244140625,-0.1953125,-0.69580078125,0,-0.439453125,0.048828125,0.64697265625,-0.1708984375,1.1474609375,-0.1220703125,0.40283203125,-0.13427734375,-0.20751953125,0.25634765625,0.74462890625,-0.0244140625,0.18310546875,-0.1220703125,0.0244140625,-0.15869140625,0.341796875,0.0244140625,-0.18310546875,0.32958984375,0.7080078125,0.18310546875,1.025390625,0.244140625,0.18310546875,-0.15869140625,0.15869140625,0.1220703125,0.25634765625,-0.13427734375,0.86669921875,-0.1953125,-0.01220703125,0.0244140625,1.30615234375,0.09765625,-0.96435546875,0.1708984375,-0.390625,-0.1708984375,-1.0009765625,-0.15869140625,-0.79345703125,0.06103515625,4.08935546875,0.20751953125,2.77099609375,0.048828125,3.173828125,0.06103515625,2.86865234375,0.08544921875,-0.87890625,-0.20751953125,-0.89111328125,-0.10986328125,-0.91552734375,0.3173828125,-0.40283203125,-0.1953125,-0.390625,-0.30517578125,-0.87890625,-0.18310546875,-0.67138671875,0.048828125,0.927734375,0.01220703125,0.3662109375,-0.0244140625,0.0244140625,-0.06103515625,-0.06103515625,-0.06103515625,0.1953125,-0.10986328125,-0.08544921875,-0.03662109375,0.78125,-0.0732421875,-0.5126953125,0.0732421875,-0.5859375
1,0.29296875,-0.32958984375,0.146484375,-0.35400390625,-0.09765625,-0.4150390625,0.06103515625,-0.0732421875,0.08544921875,-0.0244140625,0.01220703125,-0.87890625,-0.08544921875,1.11083984375,0.03662109375,-0.1708984375,0.0244140625,-0.57373046875,0.13427734375,-0.1953125,-0.3662109375,0.830078125,0.0732421875,-0.6103515625,0,3.91845703125,-0.23193359375,1.55029296875,0.1220703125,3.9794921875,-0.06103515625,2.783203125,-0.35400390625,-0.4150390625,-0.3662109375,-0.91552734375,0.0244140625,-0.52490234375,-0.0244140625,-0.67138671875,-0.01220703125,-0.244140625,-0.2685546875,-0.69580078125,0.048828125,-0.4638671875,0.048828125,0.6591796875,-0.18310546875,1.18408203125,-0.09765625,0.42724609375,-0.1708984375,-0.20751953125,0.25634765625,0.732421875,-0.06103515625,0.244140625,-0.23193359375,0.0244140625,-0.09765625,0.40283203125,-0.0244140625,-0.146484375,0.3173828125,0.8056640625,0.08544921875,1.03759765625,0.20751953125,0.20751953125,-0.18310546875,0.1708984375,0.048828125,0.28076171875,-0.09765625,0.84228515625,-0.20751953125,-0.01220703125,-0.01220703125,1.318359375,0.03662109375,-0.93994140625,0.146484375,-0.40283203125,-0.20751953125,-1.0009765625,-0.1708984375,-0.8056640625,0.08544921875,5.18798828125,0.1220703125,3.3935546875,0.048828125,3.91845703125,0.0732421875,3.6865234375,0.10986328125,-0.9033203125,-0.2197265625,-0.89111328125,-0.08544921875,-0.9033203125,0.35400390625,-0.4150390625,-0.10986328125,-0.3662109375,-0.20751953125,-0.86669921875,-0.13427734375,-0.64697265625,0.09765625,0.927734375,-0.0244140625,0.390625,-0.03662109375,0.0244140625,-0.0732421875,-0.048828125,-0.09765625,0.1953125,-0.13427734375,-0.09765625,-0.03662109375,0.8056640625,-0.08544921875,-0.50048828125,0.01220703125,-0.5859375
0,0.30517578125,-0.32958984375,0.1220703125,-0.35400390625,-0.13427734375,-0.4150390625,0.06103515625,-0.0732421875,0.09765625,-0.0244140625,0,-0.86669921875,-0.10986328125,1.123046875,0.0244140625,-0.146484375,-0.13427734375,-0.59814453125,0.146484375,-0.18310546875,-0.5615234375,0.830078125,0.146484375,-0.5859375,0.08544921875,3.16162109375,-0.146484375,1.1474609375,0.1708984375,3.47900390625,0,2.35595703125,-0.32958984375,-0.390625,-0.35400390625,-0.91552734375,-0.0244140625,-0.5126953125,0.01220703125,-0.68359375,0.0244140625,-0.23193359375,-0.3662109375,-0.68359375,0.08544921875,-0.4638671875,0.01220703125,0.6591796875,-0.244140625,1.171875,-0.08544921875,0.4150390625,-0.20751953125,-0.18310546875,0.30517578125,0.7080078125,0,0.29296875,-0.244140625,0.06103515625,0.03662109375,0.45166015625,0.01220703125,-0.10986328125,0.2685546875,0.9033203125,0.03662109375,1.0498046875,0.146484375,0.23193359375,-0.23193359375,0.1953125,0,0.2685546875,-0.08544921875,0.8544921875,-0.18310546875,-0.01220703125,0,1.30615234375,-0.06103515625,-0.9521484375,0.13427734375,-0.390625,-0.25634765625,-1.01318359375,-0.10986328125,-0.79345703125,0.09765625,6.1767578125,0.0732421875,3.955078125,0.10986328125,4.57763671875,0.048828125,4.39453125,0.0732421875,-0.89111328125,-0.2197265625,-0.9033203125,-0.0732421875,-0.87890625,0.32958984375,-0.40283203125,-0.1220703125,-0.37841796875,-0.13427734375,-0.89111328125,-0.1708984375,-0.634765625,0.03662109375,0.927734375,0.01220703125,0.37841796875,-0.048828125,0.03662109375,-0.0732421875,-0.06103515625,-0.09765625,0.2197265625,-0.146484375,-0.09765625,-0.06103515625,0.79345703125,-0.0732421875,-0.50048828125,0,-0.5615234375
0,0.25634765625,-0.3173828125,0.13427734375,-0.35400390625,-0.146484375,-0.4150390625,0.10986328125,-0.0732421875,0.15869140625,-0.01220703125,-0.01220703125,-0.87890625,-0.10986328125,1.123046875,0.03662109375,-0.1708984375,-0.2685546875,-0.57373046875,0.10986328125,-0.20751953125,-0.6591796875,0.81787109375,0.13427734375,-0.59814453125,0.13427734375,2.30712890625,-0.06103515625,0.7568359375,0.244140625,2.9541015625,0.0732421875,1.89208984375,-0.3173828125,-0.37841796875,-0.29296875,-0.89111328125,0,-0.47607421875,0.048828125,-0.67138671875,0.01220703125,-0.2197265625,-0.40283203125,-0.67138671875,0.09765625,-0.48828125,-0.06103515625,0.64697265625,-0.29296875,1.171875,-0.06103515625,0.439453125,-0.20751953125,-0.20751953125,0.3173828125,0.7080078125,0.08544921875,0.341796875,-0.1708984375,0.146484375,0.06103515625,0.48828125,0.03662109375,-0.08544921875,0.2197265625,0.9521484375,-0.0732421875,1.0498046875,0.06103515625,0.25634765625,-0.2685546875,0.2197265625,-0.048828125,0.28076171875,-0.0732421875,0.86669921875,-0.1708984375,0.01220703125,0.03662109375,1.30615234375,-0.1220703125,-0.9521484375,0.09765625,-0.37841796875,-0.28076171875,-1.025390625,-0.0732421875,-0.79345703125,0.048828125,6.97021484375,0,4.345703125,0.0732421875,5.0048828125,-0.06103515625,4.89501953125,0.06103515625,-0.89111328125,-0.1708984375,-0.9033203125,-0.06103515625,-0.87890625,0.244140625,-0.439453125,-0.1953125,-0.42724609375,-0.10986328125,-0.9521484375,-0.18310546875,-0.64697265625,-0.0244140625,0.89111328125,0.01220703125,0.37841796875,-0.0732421875,0.03662109375,-0.06103515625,-0.03662109375,-0.09765625,0.20751953125,-0.1708984375,-0.08544921875,-0.0732421875,0.81787109375,-0.0732421875,-0.5126953125,-0.0244140625,-0.54931640625
0,0.25634765625,-0.32958984375,0.1220703125,-0.35400390625,-0.15869140625,-0.42724609375,0.09765625,-0.048828125,0.1220703125,0,-0.03662109375,-0.87890625,-0.13427734375,1.13525390625,0.03662109375,-0.18310546875,-0.30517578125,-0.57373046875,0.08544921875,-0.1953125,-0.64697265625,0.81787109375,0.06103515625,-0.57373046875,0.1220703125,1.47705078125,-0.09765625,0.3173828125,0.20751953125,2.45361328125,0.1220703125,1.46484375,-0.30517578125,-0.3662109375,-0.23193359375,-0.89111328125,-0.01220703125,-0.45166015625,0.08544921875,-0.69580078125,-0.048828125,-0.2197265625,-0.390625,-0.6591796875,0.1220703125,-0.4638671875,-0.13427734375,0.64697265625,-0.3173828125,1.15966796875,-0.01220703125,0.439453125,-0.2685546875,-0.1953125,0.3662109375,0.7080078125,0.03662109375,0.4150390625,-0.25634765625,0.20751953125,0.09765625,0.52490234375,-0.03662109375,0.01220703125,0.2197265625,0.98876953125,-0.15869140625,1.03759765625,0,0.2685546875,-0.2685546875,0.2197265625,-0.10986328125,0.28076171875,-0.06103515625,0.89111328125,-0.1953125,0.01220703125,0.08544921875,1.30615234375,-0.15869140625,-0.98876953125,0.08544921875,-0.390625,-0.28076171875,-1.0009765625,-0.0244140625,-0.8056640625,-0.09765625,7.4462890625,-0.0244140625,4.57763671875,0.08544921875,5.26123046875,-0.1953125,5.16357421875,0.13427734375,-0.89111328125,-0.15869140625,-0.9033203125,-0.06103515625,-0.87890625,0.15869140625,-0.439453125,-0.18310546875,-0.45166015625,0.01220703125,-1.01318359375,-0.1953125,-0.67138671875,-0.0732421875,0.8544921875,-0.01220703125,0.390625,-0.06103515625,0.0244140625,-0.0732421875,-0.0244140625,-0.08544921875,0.20751953125,-0.1708984375,-0.0732421875,-0.09765625,0.8056640625,-0.0732421875,-0.50048828125,-0.01220703125,-0.5615234375
0,0.20751953125,-0.32958984375,0.10986328125,-0.341796875,-0.1708984375,-0.439453125,0.10986328125,-0.06103515625,0.10986328125,0.01220703125,-0.0244140625,-0.86669921875,-0.13427734375,1.11083984375,0.06103515625,-0.1708984375,-0.28076171875,-0.5859375,0.048828125,-0.1953125,-0.5859375,0.81787109375,-0.03662109375,-0.59814453125,0.146484375,0.79345703125,-0.146484375,0.01220703125,0.1708984375,2.05078125,0.146484375,1.13525390625,-0.2685546875,-0.390625,-0.15869140625,-0.89111328125,-0.048828125,-0.439453125,0.15869140625,-0.732421875,-0.15869140625,-0.1953125,-0.37841796875,-0.64697265625,0.10986328125,-0.47607421875,-0.1953125,0.64697265625,-0.30517578125,1.1474609375,-0.0244140625,0.45166015625,-0.32958984375,-0.20751953125,0.3662109375,0.69580078125,0.0732421875,0.48828125,-0.20751953125,0.3173828125,0.06103515625,0.59814453125,0.048828125,0.08544921875,0.1708984375,1.0009765625,-0.20751953125,1.03759765625,-0.048828125,0.2685546875,-0.2197265625,0.244140625,-0.146484375,0.28076171875,0,0.91552734375,-0.20751953125,0.01220703125,0.13427734375,1.2939453125,-0.13427734375,-0.98876953125,0.0732421875,-0.3662109375,-0.28076171875,-1.0009765625,-0.0244140625,-0.8056640625,-0.03662109375,7.6171875,0,4.60205078125,0.06103515625,5.28564453125,-0.23193359375,5.21240234375,0.048828125,-0.87890625,-0.1708984375,-0.89111328125,-0.13427734375,-0.87890625,0.08544921875,-0.42724609375,-0.23193359375,-0.5126953125,0.09765625,-1.11083984375,-0.23193359375,-0.68359375,-0.09765625,0.78125,-0.01220703125,0.390625,-0.06103515625,0.0244140625,-0.0732421875,0,-0.09765625,0.20751953125,-0.1708984375,-0.048828125,-0.08544921875,0.78125,-0.1220703125,-0.48828125,0,-0.5615234375
0,0.18310546875,-0.32958984375,0.10986328125,-0.341796875,-0.18310546875,-0.45166015625,0.08544921875,-0.0244140625,0.0732421875,0.0244140625,-0.03662109375,-0.87890625,-0.15869140625,1.13525390625,0.0732421875,-0.15869140625,-0.2197265625,-0.5859375,0.0244140625,-0.18310546875,-0.439453125,0.84228515625,-0.1708984375,-0.5859375,0.1220703125,0.341796875,-0.25634765625,-0.1953125,0.06103515625,1.7822265625,0.13427734375,0.9521484375,-0.23193359375,-0.37841796875,-0.1708984375,-0.89111328125,-0.0732421875,-0.439453125,0.2197265625,-0.72021484375,-0.29296875,-0.1708984375,-0.23193359375,-0.6591796875,0.01220703125,-0.4638671875,-0.2685546875,0.634765625,-0.23193359375,1.13525390625,0,0.47607421875,-0.390625,-0.1953125,0.35400390625,0.7080078125,0.03662109375,0.57373046875,-0.15869140625,0.439453125,0.048828125,0.68359375,0.03662109375,0.2197265625,0.13427734375,0.9765625,-0.2685546875,1.0498046875,-0.15869140625,0.25634765625,-0.1708984375,0.244140625,-0.23193359375,0.28076171875,0.03662109375,0.91552734375,-0.20751953125,0.0244140625,0.244140625,1.33056640625,-0.10986328125,-1.0009765625,0.08544921875,-0.35400390625,-0.20751953125,-1.0009765625,-0.0244140625,-0.8056640625,-0.0732421875,7.4462890625,0.0244140625,4.443359375,0,5.11474609375,-0.20751953125,4.99267578125,0.048828125,-0.87890625,-0.2197265625,-0.87890625,-0.146484375,-0.86669921875,0.06103515625,-0.439453125,-0.29296875,-0.54931640625,0.13427734375,-1.171875,-0.2685546875,-0.72021484375,-0.09765625,0.7568359375,-0.0244140625,0.37841796875,-0.0732421875,0.0244140625,-0.08544921875,-0.03662109375,-0.09765625,0.18310546875,-0.1953125,-0.048828125,-0.15869140625,0.76904296875,-0.146484375,-0.50048828125,0.0244140625,-0.57373046875
0,0.146484375,-0.35400390625,0.10986328125,-0.35400390625,-0.1953125,-0.4150390625,0.03662109375,-0.048828125,0.06103515625,0,-0.048828125,-0.87890625,-0.146484375,1.123046875,0.06103515625,-0.15869140625,-0.15869140625,-0.5859375,0.048828125,-0.18310546875,-0.244140625,0.8544921875,-0.29296875,-0.5859375,0.08544921875,0.23193359375,-0.3173828125,-0.2685546875,-0.048828125,1.74560546875,0.09765625,0.9033203125,-0.1708984375,-0.341796875,-0.13427734375,-0.9033203125,-0.09765625,-0.439453125,0.2197265625,-0.76904296875,-0.40283203125,-0.1708984375,-0.146484375,-0.634765625,-0.06103515625,-0.45166015625,-0.29296875,0.64697265625,-0.15869140625,1.123046875,0,0.4638671875,-0.48828125,-0.18310546875,0.29296875,0.72021484375,-0.01220703125,0.7080078125,-0.13427734375,0.5615234375,0.10986328125,0.78125,0.13427734375,0.390625,0.09765625,0.9521484375,-0.3173828125,1.06201171875,-0.18310546875,0.25634765625,-0.09765625,0.23193359375,-0.2685546875,0.2685546875,0.06103515625,0.927734375,-0.244140625,0.03662109375,0.32958984375,1.33056640625,-0.10986328125,-1.025390625,0.1220703125,-0.341796875,-0.18310546875,-1.025390625,-0.048828125,-0.79345703125,-0.28076171875,7.0068359375,0.06103515625,4.150390625,-0.03662109375,4.78515625,-0.146484375,4.62646484375,0.0244140625,-0.89111328125,-0.25634765625,-0.86669921875,-0.18310546875,-0.86669921875,0.06103515625,-0.4150390625,-0.32958984375,-0.54931640625,0.10986328125,-1.20849609375,-0.32958984375,-0.72021484375,-0.08544921875,0.76904296875,-0.01220703125,0.37841796875,-0.0732421875,0.0244140625,-0.06103515625,-0.03662109375,-0.1220703125,0.1708984375,-0.18310546875,-0.03662109375,-0.18310546875,0.7568359375,-0.15869140625,-0.5126953125,0.0244140625,-0.5859375
0,0.09765625,-0.35400390625,0.1220703125,-0.341796875,-0.20751953125,-0.4150390625,0.0244140625,-0.03662109375,0.0732421875,0,-0.0732421875,-0.87890625,-0.1220703125,1.0986328125,0.0732421875,-0.15869140625,-0.09765625,-0.57373046875,0.048828125,-0.18310546875,-0.13427734375,0.87890625,-0.3173828125,-0.59814453125,0.03662109375,0.47607421875,-0.3662109375,-0.146484375,-0.146484375,1.904296875,0.01220703125,1.07421875,-0.09765625,-0.341796875,-0.1220703125,-0.89111328125,-0.08544921875,-0.4638671875,0.25634765625,-0.78125,-0.439453125,-0.15869140625,-0.06103515625,-0.6103515625,-0.1953125,-0.42724609375,-0.3173828125,0.62255859375,-0.1220703125,1.13525390625,0,0.4638671875,-0.537109375,-0.18310546875,0.25634765625,0.732421875,-0.03662109375,0.86669921875,-0.01220703125,0.67138671875,0.10986328125,0.91552734375,0.28076171875,0.5615234375,0.03662109375,0.89111328125,-0.32958984375,1.07421875,-0.1953125,0.244140625,-0.09765625,0.20751953125,-0.32958984375,0.25634765625,0.09765625,0.96435546875,-0.244140625,0.0244140625,0.390625,1.318359375,-0.10986328125,-1.03759765625,0.18310546875,-0.35400390625,-0.13427734375,-1.01318359375,-0.0732421875,-0.8056640625,-0.37841796875,6.33544921875,0.08544921875,3.77197265625,-0.1220703125,4.35791015625,-0.06103515625,4.150390625,-0.06103515625,-0.89111328125,-0.32958984375,-0.87890625,-0.2197265625,-0.89111328125,0.0732421875,-0.4150390625,-0.1953125,-0.47607421875,0.1708984375,-1.1474609375,-0.30517578125,-0.69580078125,-0.0244140625,0.84228515625,0,0.37841796875,-0.0732421875,0.0244140625,-0.06103515625,-0.048828125,-0.1220703125,0.18310546875,-0.18310546875,-0.03662109375,-0.1708984375,0.76904296875,-0.1708984375,-0.50048828125,0.0244140625,-0.54931640625
0,0.01220703125,-0.390625,0.10986328125,-0.341796875,-0.1953125,-0.4150390625,0,-0.01220703125,0.06103515625,-0.0244140625,-0.10986328125,-0.87890625,-0.10986328125,1.06201171875,0.0732421875,-0.13427734375,-0.048828125,-0.57373046875,0.09765625,-0.18310546875,-0.01220703125,0.89111328125,-0.2685546875,-0.59814453125,0.06103515625,1.11083984375,-0.390625,0.18310546875,-0.2197265625,2.28271484375,-0.10986328125,1.4404296875,-0.06103515625,-0.3662109375,-0.10986328125,-0.86669921875,-0.06103515625,-0.45166015625,0.1953125,-0.8056640625,-0.4150390625,-0.18310546875,-0.03662109375,-0.6103515625,-0.30517578125,-0.4150390625,-0.3173828125,0.6103515625,-0.08544921875,1.13525390625,0.03662109375,0.45166015625,-0.5615234375,-0.1953125,0.2197265625,0.72021484375,-0.18310546875,1.07421875,0.01220703125,0.79345703125,0.0732421875,1.06201171875,0.30517578125,0.8056640625,0.01220703125,0.81787109375,-0.32958984375,1.0498046875,-0.1708984375,0.20751953125,-0.0732421875,0.20751953125,-0.3662109375,0.2685546875,0.1220703125,0.91552734375,-0.2197265625,0.0244140625,0.42724609375,1.318359375,-0.08544921875,-1.01318359375,0.2197265625,-0.341796875,-0.09765625,-1.0009765625,-0.06103515625,-0.78125,-0.40283203125,5.615234375,0.09765625,3.3935546875,-0.1708984375,3.955078125,0.01220703125,3.67431640625,0.01220703125,-0.89111328125,-0.3662109375,-0.87890625,-0.23193359375,-0.87890625,0.06103515625,-0.4150390625,-0.01220703125,-0.3662109375,0.13427734375,-1.08642578125,-0.29296875,-0.64697265625,-0.0244140625,0.96435546875,0,0.37841796875,-0.10986328125,0.01220703125,-0.06103515625,-0.048828125,-0.1220703125,0.18310546875,-0.1708984375,-0.03662109375,-0.18310546875,0.78125,-0.15869140625,-0.52490234375,0.0244140625,-0.537109375
0,0.03662109375,-0.390625,0.13427734375,-0.35400390625,-0.20751953125,-0.390625,-0.01220703125,-0.048828125,0.0732421875,-0.0244140625,-0.08544921875,-0.9033203125,-0.1220703125,1.0498046875,0.0732421875,-0.13427734375,-0.0244140625,-0.5615234375,0.1708984375,-0.1708984375,0,0.89111328125,-0.15869140625,-0.6103515625,0.0244140625,2.06298828125,-0.341796875,0.6591796875,-0.2197265625,2.89306640625,-0.146484375,1.9775390625,0,-0.341796875,-0.09765625,-0.86669921875,0,-0.45166015625,0.15869140625,-0.79345703125,-0.3662109375,-0.18310546875,-0.048828125,-0.634765625,-0.341796875,-0.4150390625,-0.28076171875,0.634765625,-0.048828125,1.18408203125,0.0244140625,0.439453125,-0.62255859375,-0.1953125,0.1708984375,0.732421875,-0.29296875,1.30615234375,0.03662109375,0.927734375,0.08544921875,1.20849609375,0.37841796875,1.0498046875,-0.03662109375,0.7568359375,-0.32958984375,1.0498046875,-0.1220703125,0.20751953125,-0.10986328125,0.20751953125,-0.341796875,0.25634765625,0.20751953125,0.91552734375,-0.18310546875,0,0.42724609375,1.33056640625,-0.03662109375,-1.0009765625,0.25634765625,-0.341796875,-0.08544921875,-0.98876953125,-0.048828125,-0.79345703125,-0.3662109375,4.8828125,0.08544921875,3.02734375,-0.13427734375,3.5888671875,0.048828125,3.23486328125,0,-0.91552734375,-0.3662109375,-0.86669921875,-0.18310546875,-0.9033203125,0.08544921875,-0.4150390625,0.13427734375,-0.244140625,0.1708984375,-0.9521484375,-0.25634765625,-0.5615234375,0.0244140625,1.0986328125,0.01220703125,0.390625,-0.10986328125,0.01220703125,-0.0732421875,-0.06103515625,-0.13427734375,0.1953125,-0.15869140625,-0.048828125,-0.15869140625,0.79345703125,-0.13427734375,-0.54931640625,0,-0.54931640625
0,0,-0.40283203125,0.15869140625,-0.35400390625,-0.18310546875,-0.390625,-0.03662109375,-0.048828125,0.06103515625,-0.0244140625,-0.09765625,-0.87890625,-0.1220703125,1.06201171875,0.06103515625,-0.146484375,0.01220703125,-0.5615234375,0.2685546875,-0.1708984375,-0.08544921875,0.91552734375,0.01220703125,-0.6103515625,-0.1220703125,3.2958984375,-0.3662109375,1.2939453125,-0.244140625,3.662109375,-0.244140625,2.64892578125,0.03662109375,-0.341796875,-0.13427734375,-0.89111328125,0.03662109375,-0.4638671875,0.08544921875,-0.76904296875,-0.23193359375,-0.1953125,-0.06103515625,-0.6103515625,-0.341796875,-0.40283203125,-0.2197265625,0.62255859375,-0.06103515625,1.1962890625,0,0.439453125,-0.537109375,-0.18310546875,0.08544921875,0.72021484375,-0.35400390625,1.5625,0.048828125,1.025390625,0.13427734375,1.3671875,0.45166015625,1.2939453125,-0.08544921875,0.6591796875,-0.25634765625,1.0498046875,-0.06103515625,0.1953125,-0.13427734375,0.18310546875,-0.30517578125,0.244140625,0.2197265625,0.89111328125,-0.146484375,0.01220703125,0.3662109375,1.3427734375,0.0244140625,-0.98876953125,0.2685546875,-0.3662109375,-0.08544921875,-1.0009765625,-0.048828125,-0.8056640625,-0.29296875,4.30908203125,0.0244140625,2.7587890625,-0.146484375,3.33251953125,0.048828125,2.91748046875,0.0244140625,-0.9521484375,-0.35400390625,-0.89111328125,-0.13427734375,-0.9033203125,0.08544921875,-0.4150390625,0.0732421875,-0.08544921875,0.15869140625,-0.78125,-0.20751953125,-0.45166015625,0.01220703125,1.2939453125,0,0.390625,-0.13427734375,0.01220703125,-0.06103515625,-0.0732421875,-0.15869140625,0.18310546875,-0.1708984375,-0.0244140625,-0.15869140625,0.79345703125,-0.08544921875,-0.54931640625,0,-0.537109375
0,-0.03662109375,-0.40283203125,0.15869140625,-0.341796875,-0.1953125,-0.4150390625,-0.048828125,-0.06103515625,0.048828125,-0.06103515625,-0.10986328125,-0.86669921875,-0.1220703125,1.0498046875,0.06103515625,-0.1220703125,0.01220703125,-0.57373046875,0.390625,-0.1708984375,-0.1708984375,0.87890625,0.1953125,-0.6103515625,-0.10986328125,4.65087890625,-0.341796875,1.96533203125,-0.1708984375,4.5166015625,-0.2685546875,3.38134765625,0.03662109375,-0.35400390625,-0.15869140625,-0.89111328125,0.0244140625,-0.439453125,0.0244140625,-0.7568359375,-0.10986328125,-0.18310546875,-0.06103515625,-0.62255859375,-0.2685546875,-0.42724609375,-0.2197265625,0.634765625,-0.06103515625,1.23291015625,-0.03662109375,0.439453125,-0.50048828125,-0.1953125,-0.06103515625,0.72021484375,-0.390625,1.79443359375,0.09765625,1.13525390625,0.13427734375,1.513671875,0.48828125,1.4892578125,-0.10986328125,0.6103515625,-0.25634765625,1.07421875,-0.01220703125,0.18310546875,-0.13427734375,0.1953125,-0.28076171875,0.23193359375,0.2685546875,0.84228515625,-0.146484375,0.01220703125,0.30517578125,1.3427734375,0.13427734375,-0.98876953125,0.23193359375,-0.37841796875,-0.10986328125,-1.01318359375,-0.0244140625,-0.8056640625,-0.09765625,3.91845703125,0.01220703125,2.63671875,-0.03662109375,3.173828125,0.0244140625,2.72216796875,0.0244140625,-0.9765625,-0.32958984375,-0.9033203125,-0.048828125,-0.927734375,0.09765625,-0.4150390625,0.048828125,0.03662109375,0.08544921875,-0.62255859375,-0.1953125,-0.37841796875,-0.01220703125,1.416015625,-0.01220703125,0.40283203125,-0.13427734375,0.01220703125,-0.06103515625,-0.048828125,-0.13427734375,0.18310546875,-0.18310546875,-0.03662109375,-0.13427734375,0.81787109375,-0.0732421875,-0.54931640625,0.01220703125,-0.52490234375
0,-0.03662109375,-0.390625,0.146484375,-0.341796875,-0.1708984375,-0.40283203125,-0.048828125,-0.06103515625,0.048828125,-0.06103515625,-0.09765625,-0.84228515625,-0.13427734375,1.0498046875,0.08544921875,-0.10986328125,0.01220703125,-0.5859375,0.50048828125,-0.15869140625,-0.244140625,0.86669921875,0.3173828125,-0.59814453125,-0.10986328125,6.005859375,-0.3173828125,2.64892578125,-0.15869140625,5.3955078125,-0.29296875,4.13818359375,0,-0.35400390625,-0.20751953125,-0.89111328125,-0.03662109375,-0.4638671875,0.01220703125,-0.74462890625,0.0732421875,-0.1953125,-0.0732421875,-0.62255859375,-0.1953125,-0.439453125,-0.20751953125,0.59814453125,-0.1220703125,1.220703125,-0.1220703125,0.42724609375,-0.5126953125,-0.18310546875,-0.1953125,0.732421875,-0.37841796875,1.953125,0.10986328125,1.1962890625,0.2197265625,1.611328125,0.48828125,1.64794921875,-0.1220703125,0.57373046875,-0.20751953125,1.06201171875,0.03662109375,0.1953125,-0.146484375,0.20751953125,-0.25634765625,0.244140625,0.28076171875,0.84228515625,-0.13427734375,-0.01220703125,0.244140625,1.318359375,0.23193359375,-0.9765625,0.23193359375,-0.3662109375,-0.15869140625,-1.0009765625,0,-0.8056640625,-0.03662109375,3.77197265625,-0.0244140625,2.63671875,0.06103515625,3.125,-0.0244140625,2.69775390625,-0.0244140625,-1.0009765625,-0.29296875,-0.89111328125,0.0244140625,-0.91552734375,0.1220703125,-0.42724609375,0,0.1220703125,0.06103515625,-0.54931640625,-0.13427734375,-0.30517578125,0.048828125,1.50146484375,-0.0244140625,0.37841796875,-0.146484375,0.0244140625,-0.0732421875,-0.06103515625,-0.15869140625,0.18310546875,-0.20751953125,-0.03662109375,-0.13427734375,0.830078125,-0.03662109375,-0.54931640625,0.0244140625,-0.52490234375
0,-0.09765625,-0.37841796875,0.13427734375,-0.3662109375,-0.15869140625,-0.4150390625,-0.048828125,-0.0732421875,0.03662109375,-0.06103515625,-0.13427734375,-0.8544921875,-0.1220703125,1.03759765625,0.08544921875,-0.13427734375,-0.0244140625,-0.57373046875,0.52490234375,-0.18310546875,-0.29296875,0.87890625,0.45166015625,-0.5859375,-0.01220703125,7.275390625,-0.244140625,3.30810546875,-0.13427734375,6.23779296875,-0.29296875,4.82177734375,-0.08544921875,-0.3662109375,-0.32958984375,-0.9033203125,-0.146484375,-0.4638671875,0.0244140625,-0.732421875,0.18310546875,-0.1953125,-0.06103515625,-0.634765625,-0.08544921875,-0.45166015625,-0.18310546875,0.62255859375,-0.20751953125,1.220703125,-0.20751953125,0.45166015625,-0.48828125,-0.1708984375,-0.29296875,0.72021484375,-0.3173828125,2.03857421875,0.08544921875,1.18408203125,0.2685546875,1.64794921875,0.42724609375,1.72119140625,-0.09765625,0.537109375,-0.13427734375,1.0498046875,0.048828125,0.2197265625,-0.1708984375,0.20751953125,-0.2685546875,0.23193359375,0.30517578125,0.81787109375,-0.13427734375,0,0.1708984375,1.318359375,0.23193359375,-0.9765625,0.18310546875,-0.3662109375,-0.20751953125,-1.03759765625,0.0244140625,-0.8056640625,0.048828125,3.79638671875,-0.03662109375,2.7099609375,0.146484375,3.18603515625,-0.03662109375,2.7587890625,-0.08544921875,-1.0009765625,-0.20751953125,-0.9033203125,0.08544921875,-0.927734375,0.10986328125,-0.4150390625,-0.03662109375,0.1220703125,0.0244140625,-0.54931640625,-0.10986328125,-0.30517578125,0.0732421875,1.52587890625,-0.03662109375,0.390625,-0.13427734375,0.01220703125,-0.06103515625,-0.048828125,-0.15869140625,0.1708984375,-0.18310546875,-0.0244140625,-0.09765625,0.8056640625,-0.03662109375,-0.54931640625,0.03662109375,-0.5126953125
0,-0.10986328125,-0.35400390625,0.13427734375,-0.37841796875,-0.13427734375,-0.42724609375,-0.03662109375,-0.0732421875,0.01220703125,-0.048828125,-0.13427734375,-0.8544921875,-0.146484375,1.0498046875,0.0732421875,-0.15869140625,-0.048828125,-0.57373046875,0.47607421875,-0.1708984375,-0.32958984375,0.8544921875,0.45166015625,-0.5859375,-0.0732421875,8.30078125,-0.18310546875,3.84521484375,-0.10986328125,6.89697265625,-0.2685546875,5.3955078125,-0.1220703125,-0.3662109375,-0.42724609375,-0.9033203125,-0.20751953125,-0.4638671875,0.01220703125,-0.72021484375,0.23193359375,-0.18310546875,-0.06103515625,-0.64697265625,0.01220703125,-0.439453125,-0.20751953125,0.6103515625,-0.28076171875,1.1962890625,-0.244140625,0.47607421875,-0.47607421875,-0.15869140625,-0.37841796875,0.732421875,-0.2685546875,2.03857421875,0.03662109375,1.13525390625,0.30517578125,1.6357421875,0.390625,1.708984375,-0.06103515625,0.537109375,-0.06103515625,1.03759765625,0.0732421875,0.23193359375,-0.146484375,0.23193359375,-0.28076171875,0.23193359375,0.3173828125,0.8056640625,-0.1220703125,0.01220703125,0.1220703125,1.33056640625,0.20751953125,-0.9765625,0.18310546875,-0.3662109375,-0.244140625,-1.025390625,0.048828125,-0.79345703125,0.0732421875,3.9794921875,-0.048828125,2.8076171875,0.1953125,3.271484375,-0.01220703125,2.9052734375,-0.13427734375,-1.0009765625,-0.13427734375,-0.89111328125,0.13427734375,-0.927734375,0.10986328125,-0.40283203125,-0.08544921875,0.06103515625,-0.0244140625,-0.59814453125,-0.0732421875,-0.341796875,0.06103515625,1.45263671875,-0.03662109375,0.3662109375,-0.146484375,0.0244140625,-0.0732421875,-0.03662109375,-0.1708984375,0.1953125,-0.1953125,-0.01220703125,-0.0732421875,0.8056640625,-0.0732421875,-0.52490234375,0.048828125,-0.52490234375
1,-0.09765625,-0.3662109375,0.1220703125,-0.35400390625,-0.1708984375,-0.42724609375,-0.048828125,-0.08544921875,0,-0.0244140625,-0.1220703125,-0.86669921875,-0.13427734375,1.06201171875,0.06103515625,-0.1708984375,-0.08544921875,-0.59814453125,0.390625,-0.18310546875,-0.2685546875,0.84228515625,0.3662109375,-0.59814453125,-0.01220703125,9.0087890625,-0.1220703125,4.2236328125,-0.08544921875,7.3486328125,-0.20751953125,5.79833984375,-0.20751953125,-0.35400390625,-0.4638671875,-0.91552734375,-0.1953125,-0.47607421875,0.01220703125,-0.732421875,0.1708984375,-0.18310546875,-0.0244140625,-0.67138671875,0.0732421875,-0.42724609375,-0.1708984375,0.59814453125,-0.3173828125,1.18408203125,-0.2685546875,0.47607421875,-0.45166015625,-0.1708984375,-0.40283203125,0.72021484375,-0.244140625,1.9287109375,0.0244140625,1.03759765625,0.30517578125,1.52587890625,0.341796875,1.5869140625,-0.03662109375,0.54931640625,0.03662109375,1.0498046875,0.0732421875,0.23193359375,-0.0732421875,0.20751953125,-0.244140625,0.244140625,0.30517578125,0.81787109375,-0.15869140625,-0.01220703125,0.08544921875,1.318359375,0.15869140625,-0.9765625,0.15869140625,-0.37841796875,-0.1953125,-1.0498046875,0.0244140625,-0.79345703125,0.08544921875,4.21142578125,-0.048828125,2.9052734375,0.15869140625,3.38134765625,0.0244140625,3.03955078125,-0.146484375,-1.01318359375,-0.10986328125,-0.89111328125,0.1220703125,-0.927734375,0.0732421875,-0.439453125,-0.048828125,0,-0.08544921875,-0.69580078125,-0.08544921875,-0.439453125,0.0244140625,1.33056640625,-0.06103515625,0.35400390625,-0.18310546875,0.0244140625,-0.0732421875,-0.0244140625,-0.1953125,0.18310546875,-0.20751953125,-0.0244140625,-0.048828125,0.79345703125,-0.06103515625,-0.5126953125,0.03662109375,-0.54931640625
1,-0.1708984375,-0.37841796875,0.15869140625,-0.37841796875,-0.15869140625,-0.45166015625,-0.0244140625,-0.06103515625,-0.0244140625,-0.01220703125,-0.18310546875,-0.86669921875,-0.15869140625,1.07421875,0.0732421875,-0.18310546875,-0.0732421875,-0.59814453125,0.28076171875,-0.1953125,-0.23193359375,0.8544921875,0.20751953125,-0.59814453125,0.0244140625,9.33837890625,-0.146484375,4.4189453125,-0.0732421875,7.6171875,-0.15869140625,5.96923828125,-0.25634765625,-0.37841796875,-0.4638671875,-0.91552734375,-0.1220703125,-0.48828125,-0.01220703125,-0.74462890625,0.048828125,-0.1953125,-0.0244140625,-0.6591796875,0.06103515625,-0.45166015625,-0.09765625,0.6103515625,-0.341796875,1.171875,-0.32958984375,0.50048828125,-0.3662109375,-0.18310546875,-0.4150390625,0.72021484375,-0.1708984375,1.74560546875,0.048828125,0.9033203125,0.2685546875,1.3916015625,0.35400390625,1.3916015625,0.01220703125,0.54931640625,0.13427734375,1.0498046875,0.06103515625,0.244140625,-0.0244140625,0.20751953125,-0.1708984375,0.244140625,0.3173828125,0.79345703125,-0.18310546875,-0.01220703125,0.01220703125,1.30615234375,0.09765625,-0.9765625,0.15869140625,-0.35400390625,-0.146484375,-1.0498046875,-0.01220703125,-0.79345703125,0.06103515625,4.35791015625,-0.01220703125,2.96630859375,0.1220703125,3.41796875,0.048828125,3.11279296875,-0.10986328125,-1.0009765625,-0.08544921875,-0.89111328125,0.09765625,-0.89111328125,0.06103515625,-0.4150390625,0.01220703125,-0.048828125,-0.1220703125,-0.8056640625,-0.08544921875,-0.52490234375,0.01220703125,1.1962890625,-0.06103515625,0.3662109375,-0.1953125,0.03662109375,-0.0732421875,0.01220703125,-0.18310546875,0.20751953125,-0.1953125,-0.03662109375,-0.0732421875,0.76904296875,-0.09765625,-0.50048828125,0.03662109375,-0.54931640625
1,-0.1953125,-0.37841796875,0.1220703125,-0.35400390625,-0.1708984375,-0.45166015625,-0.0244140625,-0.06103515625,-0.01220703125,-0.01220703125,-0.20751953125,-0.89111328125,-0.1708984375,1.08642578125,0.06103515625,-0.1708984375,-0.0244140625,-0.57373046875,0.18310546875,-0.18310546875,-0.1953125,0.8544921875,0,-0.59814453125,0.10986328125,9.31396484375,-0.146484375,4.40673828125,-0.0244140625,7.568359375,-0.0732421875,5.95703125,-0.244140625,-0.35400390625,-0.40283203125,-0.927734375,-0.048828125,-0.48828125,0.03662109375,-0.732421875,-0.1220703125,-0.1708984375,-0.0244140625,-0.68359375,0.0732421875,-0.47607421875,-0.048828125,0.62255859375,-0.341796875,1.15966796875,-0.341796875,0.48828125,-0.341796875,-0.20751953125,-0.4150390625,0.69580078125,-0.18310546875,1.513671875,0.03662109375,0.74462890625,0.10986328125,1.220703125,0.28076171875,1.171875,0,0.5615234375,0.23193359375,1.0498046875,0.06103515625,0.2685546875,0.03662109375,0.2197265625,-0.048828125,0.25634765625,0.3173828125,0.8056640625,-0.20751953125,0,-0.01220703125,1.318359375,0.0732421875,-0.98876953125,0.1708984375,-0.32958984375,-0.06103515625,-1.025390625,-0.0732421875,-0.78125,-0.03662109375,4.345703125,0,2.91748046875,-0.0244140625,3.369140625,0.08544921875,3.03955078125,0,-0.98876953125,-0.08544921875,-0.89111328125,0.06103515625,-0.87890625,0.0732421875,-0.4150390625,0.03662109375,0.0244140625,-0.1220703125,-0.89111328125,-0.09765625,-0.5859375,0.01220703125,1.06201171875,-0.10986328125,0.3662109375,-0.20751953125,0.03662109375,-0.06103515625,0.0244140625,-0.20751953125,0.20751953125,-0.1953125,-0.03662109375,-0.06103515625,0.7568359375,-0.08544921875,-0.50048828125,0.0244140625,-0.54931640625
1,-0.244140625,-0.390625,0.13427734375,-0.32958984375,-0.146484375,-0.45166015625,-0.01220703125,-0.03662109375,-0.0244140625,-0.01220703125,-0.23193359375,-0.87890625,-0.1708984375,1.08642578125,0.06103515625,-0.18310546875,-0.06103515625,-0.6103515625,0.1708984375,-0.1953125,-0.18310546875,0.84228515625,-0.18310546875,-0.6103515625,0.10986328125,8.92333984375,-0.15869140625,4.21142578125,0.01220703125,7.36083984375,0.01220703125,5.72509765625,-0.23193359375,-0.3662109375,-0.390625,-0.91552734375,0.048828125,-0.47607421875,0.0244140625,-0.74462890625,-0.29296875,-0.1708984375,-0.0244140625,-0.67138671875,0.048828125,-0.47607421875,-0.0244140625,0.62255859375,-0.3173828125,1.15966796875,-0.3662109375,0.50048828125,-0.341796875,-0.20751953125,-0.40283203125,0.7080078125,-0.13427734375,1.2939453125,0.048828125,0.59814453125,0.01220703125,1.07421875,0.28076171875,0.9521484375,-0.03662109375,0.5615234375,0.341796875,1.03759765625,0.048828125,0.244140625,0.0732421875,0.20751953125,0.048828125,0.244140625,0.29296875,0.84228515625,-0.23193359375,0,-0.03662109375,1.30615234375,0.0244140625,-0.96435546875,0.1953125,-0.32958984375,0.01220703125,-1.01318359375,-0.1708984375,-0.76904296875,-0.03662109375,4.052734375,-0.0244140625,2.734375,-0.146484375,3.1494140625,0.1708984375,2.8076171875,0.0244140625,-0.96435546875,-0.08544921875,-0.8544921875,0.01220703125,-0.87890625,0.06103515625,-0.42724609375,0.06103515625,0.2197265625,-0.08544921875,-0.89111328125,-0.13427734375,-0.59814453125,0.03662109375,1.07421875,-0.15869140625,0.3662109375,-0.1953125,0.0244140625,-0.0732421875,0.03662109375,-0.2197265625,0.18310546875,-0.18310546875,-0.0244140625,-0.08544921875,0.78125,-0.0732421875,-0.48828125,-0.01220703125,-0.537109375
1,-0.32958984375,-0.40283203125,0.146484375,-0.3173828125,-0.146484375,-0.45166015625,-0.0244140625,0,-0.0244140625,-0.01220703125,-0.25634765625,-0.9033203125,-0.18310546875,1.08642578125,0.03662109375,-0.13427734375,-0.10986328125,-0.59814453125,0.146484375,-0.20751953125,-0.244140625,0.86669921875,-0.29296875,-0.59814453125,0.08544921875,8.28857421875,-0.146484375,3.857421875,0.06103515625,6.89697265625,0.048828125,5.31005859375,-0.15869140625,-0.35400390625,-0.341796875,-0.87890625,0.09765625,-0.4638671875,0.03662109375,-0.7568359375,-0.37841796875,-0.20751953125,-0.0732421875,-0.68359375,-0.0244140625,-0.439453125,-0.03662109375,0.62255859375,-0.29296875,1.15966796875,-0.35400390625,0.48828125,-0.30517578125,-0.244140625,-0.42724609375,0.7080078125,-0.03662109375,1.11083984375,0.03662109375,0.47607421875,-0.0732421875,0.91552734375,0.29296875,0.74462890625,-0.06103515625,0.5615234375,0.390625,1.0498046875,0.03662109375,0.20751953125,0.08544921875,0.1953125,0.15869140625,0.244140625,0.20751953125,0.81787109375,-0.244140625,-0.01220703125,-0.03662109375,1.30615234375,-0.03662109375,-0.9765625,0.1953125,-0.341796875,0.0732421875,-1.0009765625,-0.20751953125,-0.7568359375,-0.1220703125,3.466796875,-0.03662109375,2.42919921875,-0.2197265625,2.8076171875,0.20751953125,2.4169921875,0.10986328125,-0.9521484375,-0.06103515625,-0.84228515625,-0.06103515625,-0.86669921875,0.03662109375,-0.4150390625,0.10986328125,0.59814453125,-0.06103515625,-0.76904296875,-0.146484375,-0.50048828125,0.03662109375,1.18408203125,-0.15869140625,0.390625,-0.18310546875,0.0244140625,-0.0732421875,0.03662109375,-0.244140625,0.1953125,-0.1953125,-0.0244140625,-0.13427734375,0.8056640625,-0.048828125,-0.48828125,-0.03662109375,-0.54931640625
1,-0.3662109375,-0.390625,0.15869140625,-0.32958984375,-0.15869140625,-0.439453125,-0.01220703125,0,-0.01220703125,-0.03662109375,-0.25634765625,-0.89111328125,-0.1953125,1.08642578125,0.01220703125,-0.13427734375,-0.1953125,-0.5859375,0.1708984375,-0.20751953125,-0.32958984375,0.84228515625,-0.32958984375,-0.59814453125,0.03662109375,7.40966796875,-0.10986328125,3.369140625,0.0244140625,6.31103515625,0.048828125,4.7607421875,-0.09765625,-0.37841796875,-0.2685546875,-0.89111328125,0.1953125,-0.47607421875,0,-0.78125,-0.4150390625,-0.23193359375,-0.06103515625,-0.67138671875,-0.0732421875,-0.45166015625,-0.08544921875,0.634765625,-0.2685546875,1.1962890625,-0.341796875,0.47607421875,-0.30517578125,-0.28076171875,-0.3662109375,0.7080078125,-0.0244140625,0.9765625,0.01220703125,0.4150390625,-0.18310546875,0.8056640625,0.2685546875,0.57373046875,-0.06103515625,0.5615234375,0.439453125,1.06201171875,0.0732421875,0.1953125,0.08544921875,0.18310546875,0.20751953125,0.244140625,0.146484375,0.81787109375,-0.244140625,-0.01220703125,0,1.318359375,-0.0732421875,-0.9521484375,0.2197265625,-0.32958984375,0.08544921875,-1.0009765625,-0.23193359375,-0.7568359375,-0.146484375,2.63671875,-0.146484375,2.001953125,-0.23193359375,2.3681640625,0.20751953125,1.91650390625,0.10986328125,-0.96435546875,-0.06103515625,-0.830078125,-0.08544921875,-0.86669921875,0.0244140625,-0.42724609375,0,1.18408203125,-0.0244140625,-0.47607421875,-0.18310546875,-0.2685546875,0,1.4892578125,-0.1708984375,0.40283203125,-0.18310546875,0.0244140625,-0.0732421875,0.01220703125,-0.2685546875,0.20751953125,-0.18310546875,-0.03662109375,-0.10986328125,0.830078125,-0.0244140625,-0.4638671875,-0.0732421875,-0.54931640625
1,-0.390625,-0.40283203125,0.13427734375,-0.32958984375,-0.18310546875,-0.42724609375,0,0,-0.0244140625,-0.03662109375,-0.25634765625,-0.9033203125,-0.20751953125,1.07421875,0.0244140625,-0.13427734375,-0.30517578125,-0.5859375,0.20751953125,-0.2197265625,-0.42724609375,0.84228515625,-0.2685546875,-0.6103515625,-0.06103515625,6.43310546875,-0.08544921875,2.81982421875,-0.0244140625,5.62744140625,-0.01220703125,4.13818359375,-0.06103515625,-0.3662109375,-0.20751953125,-0.86669921875,0.2685546875,-0.47607421875,-0.048828125,-0.76904296875,-0.37841796875,-0.244140625,-0.1708984375,-0.67138671875,-0.1220703125,-0.42724609375,-0.1220703125,0.64697265625,-0.244140625,1.2451171875,-0.30517578125,0.42724609375,-0.2685546875,-0.29296875,-0.2685546875,0.69580078125,-0.146484375,0.927734375,-0.13427734375,0.390625,-0.3173828125,0.7568359375,0.146484375,0.5126953125,-0.0244140625,0.52490234375,0.439453125,1.0498046875,0.09765625,0.1708984375,0.10986328125,0.15869140625,0.244140625,0.25634765625,0.06103515625,0.8544921875,-0.25634765625,0,0.0244140625,1.33056640625,-0.06103515625,-0.96435546875,0.2197265625,-0.32958984375,0.09765625,-1.01318359375,-0.20751953125,-0.7568359375,-0.06103515625,1.6357421875,-0.1708984375,1.50146484375,-0.146484375,1.8310546875,0.23193359375,1.28173828125,0.048828125,-0.9521484375,-0.048828125,-0.8544921875,-0.1220703125,-0.8544921875,-0.0244140625,-0.4150390625,0.048828125,1.953125,-0.01220703125,-0.06103515625,-0.20751953125,0.06103515625,-0.03662109375,1.94091796875,-0.1953125,0.42724609375,-0.18310546875,0.01220703125,-0.0732421875,0.0244140625,-0.25634765625,0.244140625,-0.20751953125,-0.048828125,-0.1220703125,0.86669921875,0,-0.48828125,-0.10986328125,-0.54931640625
1,-0.439453125,-0.40283203125,0.15869140625,-0.341796875,-0.20751953125,-0.439453125,0,-0.01220703125,0,-0.03662109375,-0.2685546875,-0.91552734375,-0.20751953125,1.07421875,0.0244140625,-0.1220703125,-0.37841796875,-0.5859375,0.25634765625,-0.20751953125,-0.5615234375,0.84228515625,-0.146484375,-0.6103515625,-0.15869140625,5.37109375,-0.08544921875,2.20947265625,-0.048828125,4.89501953125,-0.15869140625,3.50341796875,-0.01220703125,-0.390625,-0.15869140625,-0.87890625,0.29296875,-0.48828125,-0.08544921875,-0.79345703125,-0.341796875,-0.244140625,-0.15869140625,-0.6591796875,-0.146484375,-0.40283203125,-0.18310546875,0.64697265625,-0.23193359375,1.23291015625,-0.29296875,0.439453125,-0.2197265625,-0.28076171875,-0.1708984375,0.69580078125,-0.146484375,0.93994140625,-0.13427734375,0.40283203125,-0.37841796875,0.732421875,0.10986328125,0.47607421875,0.0732421875,0.47607421875,0.42724609375,1.07421875,0.1220703125,0.15869140625,0.0732421875,0.15869140625,0.244140625,0.23193359375,0,0.830078125,-0.244140625,-0.01220703125,-0.01220703125,1.3427734375,-0.03662109375,-0.93994140625,0.2197265625,-0.32958984375,0.10986328125,-1.01318359375,-0.08544921875,-0.7568359375,0.048828125,0.6103515625,-0.15869140625,1.0009765625,-0.0244140625,1.30615234375,0.23193359375,0.68359375,-0.0244140625,-0.9521484375,-0.08544921875,-0.86669921875,-0.1220703125,-0.86669921875,-0.03662109375,-0.4150390625,-0.03662109375,2.83203125,0.03662109375,0.4638671875,-0.1953125,0.48828125,-0.03662109375,2.5390625,-0.20751953125,0.4150390625,-0.1953125,0.01220703125,-0.0732421875,0.06103515625,-0.25634765625,0.23193359375,-0.2197265625,-0.03662109375,-0.09765625,0.89111328125,0.0244140625,-0.47607421875,-0.09765625,-0.52490234375
1,-0.45166015625,-0.3662109375,0.13427734375,-0.35400390625,-0.2197265625,-0.390625,0.01220703125,-0.01220703125,0.01220703125,-0.0244140625,-0.25634765625,-0.9033203125,-0.20751953125,1.06201171875,0.01220703125,-0.13427734375,-0.35400390625,-0.59814453125,0.3173828125,-0.20751953125,-0.62255859375,0.830078125,-0.01220703125,-0.5859375,-0.2685546875,4.3701171875,-0.15869140625,1.64794921875,-0.10986328125,4.1748046875,-0.2685546875,2.880859375,-0.01220703125,-0.3662109375,-0.06103515625,-0.87890625,0.244140625,-0.47607421875,-0.03662109375,-0.78125,-0.3173828125,-0.25634765625,-0.1708984375,-0.6591796875,-0.146484375,-0.4150390625,-0.20751953125,0.634765625,-0.1708984375,1.220703125,-0.29296875,0.42724609375,-0.1953125,-0.2685546875,0.0244140625,0.72021484375,-0.1953125,0.9765625,-0.10986328125,0.4638671875,-0.50048828125,0.7568359375,0.0244140625,0.48828125,0.13427734375,0.42724609375,0.37841796875,1.07421875,0.1708984375,0.1708984375,0.0244140625,0.15869140625,0.20751953125,0.2197265625,-0.0244140625,0.84228515625,-0.20751953125,-0.0244140625,-0.03662109375,1.3427734375,0.03662109375,-0.9765625,0.23193359375,-0.3173828125,0.10986328125,-1.025390625,0,-0.76904296875,0.1220703125,-0.32958984375,-0.1708984375,0.5859375,0.08544921875,0.8056640625,0.18310546875,0.146484375,-0.08544921875,-0.9521484375,-0.08544921875,-0.87890625,-0.10986328125,-0.89111328125,-0.048828125,-0.4150390625,-0.146484375,3.8330078125,0.0732421875,1.07421875,-0.1953125,0.9765625,-0.06103515625,3.18603515625,-0.20751953125,0.4150390625,-0.1953125,0.0244140625,-0.0732421875,0.06103515625,-0.2685546875,0.20751953125,-0.244140625,-0.0244140625,-0.06103515625,0.9033203125,0.03662109375,-0.47607421875,-0.0732421875,-0.537109375
1,-0.48828125,-0.3662109375,0.1220703125,-0.35400390625,-0.2197265625,-0.40283203125,0,-0.03662109375,-0.01220703125,-0.03662109375,-0.25634765625,-0.89111328125,-0.20751953125,1.07421875,0.01220703125,-0.13427734375,-0.29296875,-0.59814453125,0.37841796875,-0.20751953125,-0.59814453125,0.81787109375,0.08544921875,-0.59814453125,-0.35400390625,3.4423828125,-0.25634765625,1.11083984375,-0.20751953125,3.4912109375,-0.40283203125,2.30712890625,-0.0244140625,-0.35400390625,0.0244140625,-0.87890625,0.13427734375,-0.47607421875,-0.01220703125,-0.76904296875,-0.244140625,-0.25634765625,-0.1220703125,-0.634765625,-0.13427734375,-0.40283203125,-0.2197265625,0.634765625,-0.15869140625,1.20849609375,-0.30517578125,0.45166015625,-0.15869140625,-0.244140625,0.1220703125,0.72021484375,-0.29296875,1.0009765625,-0.2197265625,0.52490234375,-0.5859375,0.76904296875,-0.0732421875,0.52490234375,0.1953125,0.341796875,0.2685546875,1.06201171875,0.1708984375,0.1708984375,0,0.15869140625,0.244140625,0.2197265625,-0.048828125,0.8544921875,-0.1708984375,-0.048828125,-0.06103515625,1.33056640625,0.1220703125,-0.9521484375,0.23193359375,-0.3173828125,0.10986328125,-1.03759765625,0.08544921875,-0.78125,0.2197265625,-1.0498046875,-0.1220703125,0.2685546875,0.23193359375,0.4638671875,0.146484375,-0.2685546875,-0.1708984375,-0.9765625,-0.10986328125,-0.89111328125,-0.10986328125,-0.89111328125,-0.08544921875,-0.4150390625,-0.048828125,4.82177734375,0.15869140625,1.708984375,-0.1708984375,1.47705078125,0,3.857421875,-0.23193359375,0.439453125,-0.20751953125,0,-0.0732421875,0.03662109375,-0.25634765625,0.2197265625,-0.244140625,-0.03662109375,-0.048828125,0.927734375,0.03662109375,-0.48828125,-0.0244140625,-0.537109375
1,-0.52490234375,-0.35400390625,0.10986328125,-0.35400390625,-0.2197265625,-0.4150390625,-0.01220703125,-0.03662109375,-0.01220703125,-0.03662109375,-0.28076171875,-0.89111328125,-0.20751953125,1.06201171875,0,-0.15869140625,-0.1708984375,-0.59814453125,0.40283203125,-0.1953125,-0.48828125,0.830078125,0.09765625,-0.5859375,-0.390625,2.62451171875,-0.30517578125,0.67138671875,-0.29296875,2.89306640625,-0.48828125,1.79443359375,-0.048828125,-0.341796875,0.0244140625,-0.87890625,0.01220703125,-0.42724609375,0.08544921875,-0.74462890625,-0.23193359375,-0.23193359375,-0.03662109375,-0.634765625,-0.146484375,-0.4150390625,-0.23193359375,0.62255859375,-0.1708984375,1.1962890625,-0.28076171875,0.45166015625,-0.13427734375,-0.244140625,0.29296875,0.7568359375,-0.29296875,1.01318359375,-0.146484375,0.57373046875,-0.64697265625,0.79345703125,-0.0732421875,0.54931640625,0.23193359375,0.29296875,0.15869140625,1.06201171875,0.13427734375,0.18310546875,-0.0244140625,0.1708984375,0.244140625,0.2197265625,-0.0732421875,0.79345703125,-0.18310546875,-0.06103515625,-0.08544921875,1.33056640625,0.20751953125,-1.0009765625,0.2197265625,-0.32958984375,0.09765625,-1.06201171875,0.1220703125,-0.79345703125,0.23193359375,-1.416015625,-0.048828125,0.146484375,0.3662109375,0.25634765625,0.13427734375,-0.47607421875,-0.13427734375,-0.9765625,-0.1708984375,-0.87890625,-0.09765625,-0.87890625,-0.09765625,-0.40283203125,-0.03662109375,5.72509765625,0.1708984375,2.294921875,-0.1708984375,1.94091796875,0.0244140625,4.443359375,-0.23193359375,0.390625,-0.1708984375,0.01220703125,-0.0732421875,0.048828125,-0.23193359375,0.1953125,-0.25634765625,0,-0.0244140625,0.927734375,0.03662109375,-0.4638671875,0,-0.537109375
1,-0.5615234375,-0.35400390625,0.10986328125,-0.32958984375,-0.2197265625,-0.40283203125,0,-0.03662109375,-0.0244140625,-0.0244140625,-0.28076171875,-0.87890625,-0.1953125,1.06201171875,0.0244140625,-0.15869140625,-0.06103515625,-0.59814453125,0.3662109375,-0.18310546875,-0.32958984375,0.84228515625,0.03662109375,-0.59814453125,-0.37841796875,1.904296875,-0.37841796875,0.29296875,-0.35400390625,2.392578125,-0.50048828125,1.3916015625,-0.0732421875,-0.341796875,-0.01220703125,-0.87890625,-0.08544921875,-0.4150390625,0,-0.732421875,-0.1953125,-0.2197265625,0.0244140625,-0.634765625,-0.1220703125,-0.4150390625,-0.20751953125,0.62255859375,-0.1953125,1.15966796875,-0.2197265625,0.4638671875,-0.1220703125,-0.23193359375,0.390625,0.74462890625,-0.3173828125,0.9765625,-0.18310546875,0.59814453125,-0.67138671875,0.78125,-0.1220703125,0.5615234375,0.23193359375,0.25634765625,0.06103515625,1.0498046875,0.09765625,0.1953125,-0.08544921875,0.18310546875,0.1953125,0.23193359375,-0.0732421875,0.8056640625,-0.10986328125,-0.06103515625,-0.10986328125,1.33056640625,0.244140625,-1.025390625,0.2197265625,-0.3173828125,0.09765625,-1.06201171875,0.10986328125,-0.79345703125,0.15869140625,-1.40380859375,0,0.18310546875,0.390625,0.28076171875,0.1220703125,-0.45166015625,-0.146484375,-0.9765625,-0.20751953125,-0.87890625,-0.09765625,-0.86669921875,-0.10986328125,-0.40283203125,-0.0244140625,6.54296875,0.18310546875,2.7587890625,-0.1220703125,2.33154296875,0.10986328125,4.931640625,-0.20751953125,0.37841796875,-0.15869140625,0.03662109375,-0.06103515625,0.048828125,-0.23193359375,0.18310546875,-0.25634765625,0,-0.048828125,0.9033203125,0,-0.4638671875,-0.01220703125,-0.537109375
1,-0.537109375,-0.3662109375,0.09765625,-0.3173828125,-0.23193359375,-0.42724609375,-0.01220703125,-0.03662109375,-0.01220703125,-0.0244140625,-0.2685546875,-0.87890625,-0.1708984375,1.07421875,0,-0.146484375,0.06103515625,-0.5859375,0.29296875,-0.18310546875,-0.1708984375,0.830078125,-0.048828125,-0.5859375,-0.341796875,1.2939453125,-0.3662109375,-0.0244140625,-0.4150390625,1.94091796875,-0.4638671875,1.0498046875,-0.10986328125,-0.32958984375,-0.048828125,-0.87890625,-0.13427734375,-0.40283203125,-0.01220703125,-0.72021484375,-0.1708984375,-0.18310546875,0.13427734375,-0.62255859375,-0.15869140625,-0.4150390625,-0.18310546875,0.6103515625,-0.2197265625,1.13525390625,-0.18310546875,0.4638671875,-0.08544921875,-0.20751953125,0.45166015625,0.7568359375,-0.35400390625,0.927734375,-0.23193359375,0.6103515625,-0.6103515625,0.78125,-0.10986328125,0.5615234375,0.20751953125,0.23193359375,-0.0244140625,1.06201171875,0.03662109375,0.20751953125,-0.09765625,0.15869140625,0.1220703125,0.23193359375,-0.0732421875,0.81787109375,-0.08544921875,-0.048828125,-0.146484375,1.318359375,0.23193359375,-1.025390625,0.2197265625,-0.32958984375,0.0732421875,-1.06201171875,0.06103515625,-0.79345703125,0.2197265625,-1.01318359375,0.0732421875,0.42724609375,0.3662109375,0.50048828125,0.20751953125,-0.18310546875,-0.18310546875,-0.9765625,-0.23193359375,-0.87890625,-0.08544921875,-0.89111328125,-0.13427734375,-0.4150390625,-0.0244140625,7.1533203125,0.09765625,3.125,-0.13427734375,2.62451171875,0.1220703125,5.322265625,-0.1953125,0.35400390625,-0.15869140625,0.03662109375,-0.08544921875,0.0244140625,-0.20751953125,0.1953125,-0.2197265625,0,-0.03662109375,0.89111328125,-0.01220703125,-0.47607421875,0.01220703125,-0.52490234375
0,-0.57373046875,-0.3662109375,0.08544921875,-0.341796875,-0.23193359375,-0.439453125,-0.01220703125,-0.048828125,0.01220703125,-0.0244140625,-0.25634765625,-0.89111328125,-0.1708984375,1.11083984375,-0.0244140625,-0.18310546875,0.1708984375,-0.57373046875,0.23193359375,-0.1708984375,-0.048828125,0.86669921875,-0.146484375,-0.59814453125,-0.2685546875,0.79345703125,-0.341796875,-0.28076171875,-0.40283203125,1.5869140625,-0.439453125,0.7568359375,-0.13427734375,-0.32958984375,-0.10986328125,-0.87890625,-0.1220703125,-0.390625,-0.1220703125,-0.72021484375,-0.1708984375,-0.1953125,0.1953125,-0.62255859375,-0.1953125,-0.4150390625,-0.08544921875,0.62255859375,-0.28076171875,1.0986328125,-0.13427734375,0.47607421875,0,-0.1708984375,0.5126953125,0.7568359375,-0.390625,0.8544921875,-0.3173828125,0.62255859375,-0.6591796875,0.76904296875,-0.18310546875,0.54931640625,0.13427734375,0.244140625,-0.0732421875,1.03759765625,-0.0244140625,0.23193359375,-0.10986328125,0.18310546875,0.0732421875,0.2197265625,-0.08544921875,0.79345703125,-0.0732421875,-0.048828125,-0.15869140625,1.33056640625,0.1953125,-1.025390625,0.20751953125,-0.32958984375,0.06103515625,-1.06201171875,-0.0244140625,-0.78125,0.23193359375,-0.23193359375,0.15869140625,0.79345703125,0.29296875,0.91552734375,0.35400390625,0.2685546875,-0.1708984375,-0.9521484375,-0.2685546875,-0.89111328125,-0.1220703125,-0.87890625,-0.10986328125,-0.42724609375,-0.06103515625,7.5927734375,-0.0244140625,3.35693359375,-0.146484375,2.81982421875,0.1220703125,5.5419921875,-0.1708984375,0.341796875,-0.146484375,0.01220703125,-0.0732421875,0.0244140625,-0.18310546875,0.1708984375,-0.20751953125,0.0244140625,-0.048828125,0.89111328125,0.01220703125,-0.47607421875,0.01220703125,-0.5126953125
0,-0.57373046875,-0.3662109375,0.10986328125,-0.32958984375,-0.23193359375,-0.42724609375,0,-0.048828125,0.03662109375,-0.01220703125,-0.28076171875,-0.89111328125,-0.15869140625,1.11083984375,-0.03662109375,-0.1708984375,0.2197265625,-0.57373046875,0.1708984375,-0.1708984375,0.01220703125,0.8544921875,-0.1953125,-0.59814453125,-0.1953125,0.35400390625,-0.29296875,-0.50048828125,-0.40283203125,1.28173828125,-0.3662109375,0.50048828125,-0.18310546875,-0.341796875,-0.1953125,-0.87890625,-0.09765625,-0.390625,-0.23193359375,-0.72021484375,-0.1220703125,-0.1708984375,0.20751953125,-0.634765625,-0.1953125,-0.42724609375,-0.0244140625,0.59814453125,-0.3173828125,1.11083984375,-0.15869140625,0.4638671875,0.0244140625,-0.1220703125,0.57373046875,0.74462890625,-0.29296875,0.830078125,-0.2685546875,0.64697265625,-0.5859375,0.76904296875,-0.0732421875,0.5615234375,0.10986328125,0.2685546875,-0.18310546875,1.03759765625,-0.08544921875,0.244140625,-0.13427734375,0.1953125,0,0.23193359375,-0.048828125,0.8056640625,-0.08544921875,-0.0244140625,-0.15869140625,1.30615234375,0.146484375,-1.025390625,0.18310546875,-0.32958984375,0.048828125,-1.025390625,-0.1220703125,-0.78125,0.1220703125,0.8056640625,0.1708984375,1.30615234375,0.2197265625,1.45263671875,0.45166015625,0.91552734375,-0.25634765625,-0.9765625,-0.2685546875,-0.87890625,-0.13427734375,-0.87890625,-0.0732421875,-0.42724609375,0.08544921875,7.87353515625,-0.09765625,3.466796875,-0.146484375,2.91748046875,0.15869140625,5.6396484375,-0.15869140625,0.32958984375,-0.15869140625,0.0244140625,-0.0732421875,0.03662109375,-0.1708984375,0.1708984375,-0.18310546875,0.03662109375,-0.048828125,0.87890625,0.03662109375,-0.47607421875,0.0244140625,-0.5126953125
0,-0.62255859375,-0.390625,0.10986328125,-0.32958984375,-0.20751953125,-0.45166015625,-0.01220703125,-0.048828125,0.01220703125,-0.0244140625,-0.2685546875,-0.87890625,-0.146484375,1.0986328125,-0.06103515625,-0.18310546875,0.20751953125,-0.57373046875,0.15869140625,-0.15869140625,-0.03662109375,0.86669921875,-0.146484375,-0.59814453125,-0.1708984375,-0.01220703125,-0.23193359375,-0.68359375,-0.3662109375,1.025390625,-0.32958984375,0.28076171875,-0.2197265625,-0.3662109375,-0.28076171875,-0.87890625,-0.048828125,-0.439453125,-0.2685546875,-0.7080078125,-0.048828125,-0.18310546875,0.1708984375,-0.64697265625,-0.18310546875,-0.439453125,0.03662109375,0.6103515625,-0.32958984375,1.123046875,-0.1708984375,0.439453125,0,-0.15869140625,0.6591796875,0.7080078125,-0.341796875,0.81787109375,-0.28076171875,0.6591796875,-0.537109375,0.78125,-0.08544921875,0.59814453125,0.06103515625,0.341796875,-0.25634765625,1.01318359375,-0.15869140625,0.23193359375,-0.1220703125,0.1708984375,-0.06103515625,0.2197265625,-0.0244140625,0.8056640625,-0.0732421875,-0.01220703125,-0.13427734375,1.30615234375,0.0732421875,-1.01318359375,0.1953125,-0.3173828125,0.01220703125,-1.01318359375,-0.1708984375,-0.7568359375,0.03662109375,2.001953125,0.1220703125,1.85546875,0.09765625,2.0751953125,0.54931640625,1.611328125,-0.2685546875,-0.9765625,-0.28076171875,-0.87890625,-0.18310546875,-0.86669921875,0,-0.42724609375,0.10986328125,7.99560546875,-0.10986328125,3.466796875,-0.13427734375,2.91748046875,0.20751953125,5.62744140625,-0.15869140625,0.35400390625,-0.1708984375,0.03662109375,-0.08544921875,0.01220703125,-0.146484375,0.18310546875,-0.18310546875,0.0244140625,-0.06103515625,0.8544921875,0.06103515625,-0.4638671875,0.048828125,-0.5126953125
0,-0.68359375,-0.37841796875,0.1220703125,-0.32958984375,-0.1953125,-0.45166015625,0.01220703125,-0.06103515625,0,0,-0.25634765625,-0.89111328125,-0.15869140625,1.0986328125,-0.06103515625,-0.1708984375,0.15869140625,-0.57373046875,0.23193359375,-0.15869140625,-0.146484375,0.8544921875,-0.10986328125,-0.59814453125,-0.1953125,-0.3173828125,-0.18310546875,-0.8544921875,-0.32958984375,0.78125,-0.30517578125,0.09765625,-0.2197265625,-0.3662109375,-0.3662109375,-0.86669921875,-0.048828125,-0.48828125,-0.35400390625,-0.72021484375,0,-0.2197265625,0.09765625,-0.64697265625,-0.1220703125,-0.4150390625,0.0732421875,0.59814453125,-0.3173828125,1.1474609375,-0.2197265625,0.4150390625,-0.01220703125,-0.15869140625,0.6591796875,0.7080078125,-0.28076171875,0.86669921875,-0.20751953125,0.732421875,-0.42724609375,0.84228515625,-0.03662109375,0.69580078125,0,0.4150390625,-0.30517578125,1.025390625,-0.2197265625,0.2197265625,-0.10986328125,0.15869140625,-0.146484375,0.2197265625,0.0244140625,0.8056640625,-0.10986328125,0.01220703125,-0.03662109375,1.28173828125,-0.01220703125,-1.01318359375,0.15869140625,-0.341796875,-0.01220703125,-0.9765625,-0.1708984375,-0.76904296875,0.0732421875,3.2470703125,0.0732421875,2.44140625,0.06103515625,2.7587890625,0.6103515625,2.3681640625,-0.29296875,-0.9765625,-0.32958984375,-0.89111328125,-0.1953125,-0.87890625,0.048828125,-0.4150390625,0,7.94677734375,-0.146484375,3.38134765625,-0.15869140625,2.8564453125,0.1953125,5.55419921875,-0.1708984375,0.341796875,-0.1708984375,0.03662109375,-0.0732421875,-0.01220703125,-0.10986328125,0.18310546875,-0.18310546875,0.0244140625,-0.0732421875,0.84228515625,0.08544921875,-0.45166015625,0.048828125,-0.50048828125
0,-0.68359375,-0.37841796875,0.1220703125,-0.3173828125,-0.244140625,-0.42724609375,0.01220703125,-0.03662109375,-0.0244140625,-0.01220703125,-0.2685546875,-0.89111328125,-0.1708984375,1.0986328125,-0.06103515625,-0.13427734375,0.03662109375,-0.5859375,0.29296875,-0.15869140625,-0.244140625,0.8544921875,-0.048828125,-0.62255859375,-0.1953125,-0.59814453125,-0.08544921875,-0.98876953125,-0.28076171875,0.59814453125,-0.2685546875,-0.0732421875,-0.2685546875,-0.3662109375,-0.341796875,-0.8544921875,-0.048828125,-0.50048828125,-0.3662109375,-0.72021484375,0.03662109375,-0.23193359375,0.01220703125,-0.64697265625,-0.06103515625,-0.40283203125,0.0244140625,0.59814453125,-0.29296875,1.1962890625,-0.2685546875,0.42724609375,-0.0732421875,-0.1708984375,0.64697265625,0.68359375,-0.2197265625,1.0009765625,-0.2197265625,0.8056640625,-0.3662109375,0.91552734375,-0.01220703125,0.81787109375,-0.03662109375,0.52490234375,-0.390625,1.025390625,-0.25634765625,0.20751953125,-0.0732421875,0.146484375,-0.18310546875,0.23193359375,0.06103515625,0.8056640625,-0.146484375,0.0244140625,0.06103515625,1.26953125,-0.09765625,-1.025390625,0.13427734375,-0.35400390625,-0.06103515625,-0.96435546875,-0.1708984375,-0.7568359375,0.0732421875,4.4189453125,0,3.02734375,0.0244140625,3.41796875,0.5615234375,3.08837890625,-0.30517578125,-0.9765625,-0.32958984375,-0.89111328125,-0.20751953125,-0.86669921875,0.03662109375,-0.4150390625,-0.08544921875,7.80029296875,-0.13427734375,3.2470703125,-0.18310546875,2.7587890625,0.18310546875,5.40771484375,-0.1953125,0.3662109375,-0.15869140625,0.03662109375,-0.0732421875,-0.01220703125,-0.10986328125,0.18310546875,-0.2197265625,0.01220703125,-0.08544921875,0.81787109375,0.09765625,-0.4638671875,0.048828125,-0.5126953125
0,-0.7080078125,-0.3662109375,0.13427734375,-0.29296875,-0.25634765625,-0.439453125,0.01220703125,-0.048828125,-0.01220703125,0,-0.2685546875,-0.89111328125,-0.146484375,1.08642578125,-0.08544921875,-0.1220703125,-0.15869140625,-0.57373046875,0.35400390625,-0.15869140625,-0.3662109375,0.87890625,0.01220703125,-0.62255859375,-0.15869140625,-0.7568359375,0.0732421875,-1.0986328125,-0.1953125,0.439453125,-0.1953125,-0.1953125,-0.28076171875,-0.390625,-0.25634765625,-0.87890625,-0.048828125,-0.537109375,-0.37841796875,-0.72021484375,0.01220703125,-0.244140625,-0.0244140625,-0.6591796875,0.01220703125,-0.40283203125,-0.03662109375,0.6103515625,-0.25634765625,1.220703125,-0.28076171875,0.42724609375,-0.18310546875,-0.15869140625,0.57373046875,0.67138671875,-0.1220703125,1.1474609375,-0.2197265625,0.86669921875,-0.28076171875,1.0009765625,0.09765625,0.96435546875,-0.03662109375,0.64697265625,-0.4150390625,1.0009765625,-0.2685546875,0.1953125,-0.048828125,0.146484375,-0.23193359375,0.23193359375,0.0732421875,0.8056640625,-0.13427734375,0,0.10986328125,1.2939453125,-0.13427734375,-1.0009765625,0.08544921875,-0.35400390625,-0.09765625,-0.96435546875,-0.15869140625,-0.7568359375,0.03662109375,5.4443359375,-0.08544921875,3.52783203125,0.048828125,4.01611328125,0.45166015625,3.77197265625,-0.23193359375,-0.98876953125,-0.32958984375,-0.89111328125,-0.244140625,-0.87890625,-0.0244140625,-0.4150390625,-0.146484375,7.51953125,-0.09765625,3.08837890625,-0.1708984375,2.62451171875,0.1220703125,5.23681640625,-0.18310546875,0.37841796875,-0.146484375,0.0244140625,-0.06103515625,-0.0244140625,-0.10986328125,0.20751953125,-0.244140625,-0.01220703125,-0.08544921875,0.8056640625,0.0732421875,-0.48828125,0,-0.537109375
0,-0.74462890625,-0.3662109375,0.09765625,-0.3173828125,-0.2685546875,-0.40283203125,0.01220703125,-0.03662109375,-0.0244140625,0,-0.29296875,-0.86669921875,-0.1708984375,1.06201171875,-0.10986328125,-0.09765625,-0.2685546875,-0.57373046875,0.32958984375,-0.15869140625,-0.47607421875,0.8544921875,0.03662109375,-0.6103515625,-0.10986328125,-0.86669921875,0.1953125,-1.18408203125,-0.15869140625,0.35400390625,-0.146484375,-0.30517578125,-0.3173828125,-0.42724609375,-0.146484375,-0.87890625,-0.03662109375,-0.54931640625,-0.35400390625,-0.72021484375,-0.01220703125,-0.244140625,-0.09765625,-0.67138671875,0.01220703125,-0.4150390625,-0.09765625,0.6103515625,-0.18310546875,1.23291015625,-0.341796875,0.42724609375,-0.32958984375,-0.146484375,0.5126953125,0.69580078125,-0.09765625,1.28173828125,-0.35400390625,0.9033203125,-0.32958984375,1.07421875,0.146484375,1.11083984375,-0.06103515625,0.76904296875,-0.439453125,1.025390625,-0.2685546875,0.20751953125,-0.0244140625,0.15869140625,-0.2685546875,0.25634765625,0.09765625,0.81787109375,-0.10986328125,0.01220703125,0.15869140625,1.28173828125,-0.1953125,-1.0009765625,0.08544921875,-0.341796875,-0.10986328125,-0.9765625,-0.10986328125,-0.76904296875,0,6.298828125,-0.10986328125,3.955078125,0.06103515625,4.5166015625,0.32958984375,4.3212890625,-0.1708984375,-0.9765625,-0.341796875,-0.89111328125,-0.2197265625,-0.87890625,-0.0732421875,-0.390625,-0.20751953125,7.2021484375,-0.048828125,2.9296875,-0.18310546875,2.45361328125,0.10986328125,5.04150390625,-0.1953125,0.3662109375,-0.146484375,0.0244140625,-0.0732421875,-0.01220703125,-0.1220703125,0.2197265625,-0.25634765625,-0.01220703125,-0.09765625,0.81787109375,0.06103515625,-0.50048828125,-0.03662109375,-0.537109375
0,-0.74462890625,-0.35400390625,0.10986328125,-0.29296875,-0.29296875,-0.40283203125,0.0244140625,-0.03662109375,-0.048828125,0.01220703125,-0.2685546875,-0.89111328125,-0.15869140625,1.06201171875,-0.10986328125,-0.09765625,-0.32958984375,-0.5859375,0.30517578125,-0.1708984375,-0.47607421875,0.86669921875,-0.01220703125,-0.6103515625,-0.0732421875,-0.9033203125,0.1708984375,-1.20849609375,-0.1220703125,0.32958984375,-0.0732421875,-0.30517578125,-0.35400390625,-0.40283203125,-0.03662109375,-0.8544921875,-0.0244140625,-0.537109375,-0.25634765625,-0.68359375,-0.13427734375,-0.25634765625,-0.08544921875,-0.67138671875,0.0244140625,-0.40283203125,-0.1220703125,0.6103515625,-0.09765625,1.220703125,-0.3662109375,0.439453125,-0.4150390625,-0.1220703125,0.50048828125,0.69580078125,-0.0732421875,1.37939453125,-0.3173828125,0.927734375,-0.25634765625,1.1474609375,0.2685546875,1.1962890625,-0.09765625,0.89111328125,-0.439453125,1.03759765625,-0.244140625,0.20751953125,-0.03662109375,0.15869140625,-0.28076171875,0.23193359375,0.15869140625,0.79345703125,-0.08544921875,-0.01220703125,0.18310546875,1.28173828125,-0.20751953125,-0.9521484375,0.0732421875,-0.3662109375,-0.09765625,-1.0009765625,-0.09765625,-0.76904296875,-0.06103515625,6.884765625,-0.1220703125,4.2724609375,0.06103515625,4.8828125,0.20751953125,4.736328125,-0.1708984375,-0.9765625,-0.37841796875,-0.87890625,-0.244140625,-0.89111328125,-0.09765625,-0.390625,-0.2685546875,6.8115234375,-0.01220703125,2.734375,-0.1953125,2.294921875,0.09765625,4.84619140625,-0.244140625,0.37841796875,-0.146484375,0.01220703125,-0.0732421875,-0.01220703125,-0.13427734375,0.2197265625,-0.29296875,-0.03662109375,-0.10986328125,0.81787109375,0.03662109375,-0.47607421875,-0.0732421875,-0.537109375
0,-0.78125,-0.3662109375,0.09765625,-0.32958984375,-0.29296875,-0.40283203125,0.0244140625,-0.0244140625,-0.06103515625,0,-0.25634765625,-0.8544921875,-0.18310546875,1.0498046875,-0.10986328125,-0.09765625,-0.29296875,-0.5859375,0.23193359375,-0.1953125,-0.3662109375,0.8544921875,-0.10986328125,-0.6103515625,-0.03662109375,-0.86669921875,0.10986328125,-1.18408203125,-0.18310546875,0.35400390625,0,-0.25634765625,-0.32958984375,-0.40283203125,0.048828125,-0.86669921875,-0.03662109375,-0.52490234375,-0.18310546875,-0.6591796875,-0.20751953125,-0.23193359375,-0.06103515625,-0.6591796875,-0.0244140625,-0.4150390625,-0.146484375,0.634765625,-0.01220703125,1.1962890625,-0.37841796875,0.4638671875,-0.48828125,-0.08544921875,0.37841796875,0.7080078125,-0.08544921875,1.416015625,-0.244140625,0.93994140625,-0.28076171875,1.171875,0.30517578125,1.25732421875,-0.146484375,0.9765625,-0.4150390625,1.025390625,-0.20751953125,0.23193359375,-0.08544921875,0.15869140625,-0.23193359375,0.23193359375,0.20751953125,0.81787109375,-0.06103515625,-0.0244140625,0.18310546875,1.28173828125,-0.20751953125,-0.93994140625,0.08544921875,-0.3662109375,-0.06103515625,-1.01318359375,-0.10986328125,-0.7568359375,-0.146484375,7.2265625,-0.13427734375,4.4189453125,0,5.09033203125,0.1708984375,4.99267578125,-0.18310546875,-0.9765625,-0.439453125,-0.9033203125,-0.20751953125,-0.89111328125,-0.13427734375,-0.3662109375,-0.1708984375,6.3720703125,0.06103515625,2.52685546875,-0.13427734375,2.1240234375,0.146484375,4.62646484375,-0.25634765625,0.3662109375,-0.146484375,0.01220703125,-0.08544921875,-0.0244140625,-0.13427734375,0.2197265625,-0.28076171875,-0.048828125,-0.15869140625,0.830078125,0,-0.48828125,-0.048828125,-0.537109375
0,-0.76904296875,-0.35400390625,0.09765625,-0.341796875,-0.29296875,-0.40283203125,0.0244140625,-0.0244140625,-0.0732421875,0,-0.2685546875,-0.87890625,-0.1953125,1.06201171875,-0.09765625,-0.1220703125,-0.18310546875,-0.57373046875,0.1953125,-0.20751953125,-0.28076171875,0.84228515625,-0.20751953125,-0.59814453125,0,-0.7568359375,0.03662109375,-1.0986328125,-0.244140625,0.439453125,-0.01220703125,-0.15869140625,-0.28076171875,-0.37841796875,0.15869140625,-0.86669921875,-0.048828125,-0.47607421875,-0.08544921875,-0.64697265625,-0.29296875,-0.20751953125,0.03662109375,-0.6591796875,-0.08544921875,-0.45166015625,-0.18310546875,0.64697265625,0.08544921875,1.171875,-0.35400390625,0.45166015625,-0.57373046875,-0.0732421875,0.29296875,0.72021484375,-0.10986328125,1.3916015625,-0.15869140625,0.927734375,-0.32958984375,1.1962890625,0.3173828125,1.2451171875,-0.1953125,1.06201171875,-0.390625,1.0498046875,-0.146484375,0.23193359375,-0.13427734375,0.18310546875,-0.20751953125,0.23193359375,0.244140625,0.8056640625,-0.048828125,-0.0244140625,0.18310546875,1.28173828125,-0.2197265625,-0.93994140625,0.09765625,-0.35400390625,-0.01220703125,-1.01318359375,-0.13427734375,-0.76904296875,-0.2197265625,7.31201171875,-0.08544921875,4.47998046875,-0.09765625,5.1513671875,0.18310546875,5.0537109375,-0.244140625,-0.9765625,-0.48828125,-0.89111328125,-0.18310546875,-0.9033203125,-0.146484375,-0.3662109375,-0.15869140625,5.94482421875,0.08544921875,2.34375,-0.09765625,1.953125,0.15869140625,4.39453125,-0.2685546875,0.3662109375,-0.13427734375,0,-0.06103515625,-0.01220703125,-0.09765625,0.20751953125,-0.28076171875,-0.06103515625,-0.1708984375,0.8544921875,-0.01220703125,-0.50048828125,-0.03662109375,-0.54931640625
0,-0.78125,-0.35400390625,0.0732421875,-0.35400390625,-0.28076171875,-0.390625,0.01220703125,-0.048828125,-0.06103515625,0,-0.2685546875,-0.9033203125,-0.20751953125,1.08642578125,-0.08544921875,-0.15869140625,-0.09765625,-0.57373046875,0.13427734375,-0.2197265625,-0.1220703125,0.86669921875,-0.341796875,-0.6103515625,0.0244140625,-0.57373046875,-0.06103515625,-1.0009765625,-0.32958984375,0.5859375,-0.0732421875,-0.03662109375,-0.23193359375,-0.32958984375,0.1953125,-0.87890625,-0.048828125,-0.439453125,-0.048828125,-0.62255859375,-0.3662109375,-0.1708984375,0.1220703125,-0.6591796875,-0.13427734375,-0.45166015625,-0.1708984375,0.64697265625,0.10986328125,1.1474609375,-0.2685546875,0.47607421875,-0.68359375,-0.06103515625,0.18310546875,0.732421875,-0.1220703125,1.35498046875,-0.048828125,0.9521484375,-0.28076171875,1.1962890625,0.40283203125,1.1962890625,-0.23193359375,1.11083984375,-0.37841796875,1.0498046875,-0.13427734375,0.244140625,-0.18310546875,0.18310546875,-0.1953125,0.25634765625,0.29296875,0.8056640625,-0.048828125,-0.03662109375,0.1708984375,1.28173828125,-0.20751953125,-0.9521484375,0.15869140625,-0.341796875,0.0732421875,-1.025390625,-0.13427734375,-0.76904296875,-0.30517578125,7.14111328125,-0.03662109375,4.38232421875,-0.146484375,5.029296875,0.23193359375,4.931640625,-0.25634765625,-0.96435546875,-0.5126953125,-0.87890625,-0.146484375,-0.9033203125,-0.1708984375,-0.35400390625,-0.08544921875,5.52978515625,0.10986328125,2.1484375,-0.048828125,1.7822265625,0.13427734375,4.19921875,-0.25634765625,0.37841796875,-0.146484375,0,-0.0732421875,-0.048828125,-0.10986328125,0.20751953125,-0.28076171875,-0.048828125,-0.1953125,0.8544921875,-0.06103515625,-0.48828125,-0.03662109375,-0.5615234375
0,-0.79345703125,-0.3662109375,0.0732421875,-0.35400390625,-0.25634765625,-0.390625,0.01220703125,-0.06103515625,-0.048828125,0,-0.28076171875,-0.9033203125,-0.1953125,1.07421875,-0.08544921875,-0.15869140625,-0.01220703125,-0.57373046875,0.1220703125,-0.23193359375,0.0244140625,0.86669921875,-0.390625,-0.6103515625,0.09765625,-0.37841796875,-0.09765625,-0.89111328125,-0.390625,0.7568359375,-0.18310546875,0.09765625,-0.1220703125,-0.3173828125,0.23193359375,-0.86669921875,-0.048828125,-0.390625,-0.0732421875,-0.62255859375,-0.40283203125,-0.15869140625,0.146484375,-0.6591796875,-0.2685546875,-0.439453125,-0.146484375,0.67138671875,0.0732421875,1.123046875,-0.2197265625,0.47607421875,-0.69580078125,-0.0732421875,0.048828125,0.7568359375,-0.1220703125,1.318359375,0,1.08642578125,-0.341796875,1.220703125,0.439453125,1.1962890625,-0.23193359375,1.11083984375,-0.29296875,1.025390625,-0.1220703125,0.23193359375,-0.18310546875,0.1953125,-0.1953125,0.23193359375,0.3173828125,0.830078125,-0.048828125,-0.0244140625,0.13427734375,1.28173828125,-0.18310546875,-0.9521484375,0.1953125,-0.341796875,0.08544921875,-1.025390625,-0.10986328125,-0.7568359375,-0.341796875,6.70166015625,-0.01220703125,4.11376953125,-0.25634765625,4.736328125,0.3662109375,4.6142578125,-0.18310546875,-0.96435546875,-0.537109375,-0.86669921875,-0.09765625,-0.87890625,-0.2197265625,-0.37841796875,-0.0244140625,5.17578125,0.1220703125,1.9287109375,0,1.59912109375,0.08544921875,3.99169921875,-0.29296875,0.3662109375,-0.10986328125,-0.0244140625,-0.0732421875,-0.0244140625,-0.10986328125,0.20751953125,-0.2685546875,-0.06103515625,-0.20751953125,0.8544921875,-0.048828125,-0.50048828125,-0.03662109375,-0.57373046875
0,-0.8056640625,-0.3662109375,0.08544921875,-0.341796875,-0.2685546875,-0.4150390625,0,-0.06103515625,-0.06103515625,-0.01220703125,-0.28076171875,-0.86669921875,-0.18310546875,1.0986328125,-0.06103515625,-0.15869140625,0.048828125,-0.5615234375,0.1220703125,-0.20751953125,0.08544921875,0.89111328125,-0.35400390625,-0.59814453125,0.15869140625,-0.1953125,-0.10986328125,-0.78125,-0.390625,0.9033203125,-0.2685546875,0.23193359375,-0.0244140625,-0.29296875,0.32958984375,-0.86669921875,-0.01220703125,-0.3662109375,-0.146484375,-0.62255859375,-0.40283203125,-0.146484375,0.1953125,-0.634765625,-0.29296875,-0.439453125,-0.146484375,0.6591796875,0.0244140625,1.11083984375,-0.15869140625,0.47607421875,-0.72021484375,-0.10986328125,-0.06103515625,0.732421875,-0.13427734375,1.35498046875,0.0244140625,1.35498046875,-0.3662109375,1.318359375,0.50048828125,1.2451171875,-0.1953125,1.0986328125,-0.18310546875,1.0009765625,-0.1220703125,0.244140625,-0.146484375,0.18310546875,-0.23193359375,0.2197265625,0.35400390625,0.830078125,-0.03662109375,-0.01220703125,0.08544921875,1.26953125,-0.1708984375,-0.9765625,0.23193359375,-0.32958984375,0.1220703125,-1.025390625,-0.08544921875,-0.76904296875,-0.3173828125,5.9814453125,0,3.7109375,-0.28076171875,4.2724609375,0.4638671875,4.1259765625,-0.23193359375,-0.9765625,-0.5126953125,-0.87890625,-0.048828125,-0.87890625,-0.25634765625,-0.37841796875,0.0244140625,4.78515625,0.1220703125,1.7333984375,0.0244140625,1.4404296875,0.06103515625,3.79638671875,-0.30517578125,0.35400390625,-0.09765625,-0.01220703125,-0.0732421875,-0.03662109375,-0.09765625,0.1953125,-0.244140625,-0.03662109375,-0.2197265625,0.830078125,-0.03662109375,-0.48828125,0,-0.57373046875
0,-0.78125,-0.390625,0.06103515625,-0.341796875,-0.2685546875,-0.42724609375,0,-0.06103515625,-0.048828125,-0.01220703125,-0.29296875,-0.86669921875,-0.1953125,1.08642578125,-0.08544921875,-0.15869140625,0.0732421875,-0.5615234375,0.1708984375,-0.2197265625,0.15869140625,0.89111328125,-0.28076171875,-0.5859375,0.1220703125,-0.0732421875,-0.10986328125,-0.68359375,-0.3662109375,1.01318359375,-0.3662109375,0.341796875,0.048828125,-0.29296875,0.37841796875,-0.87890625,0.0244140625,-0.40283203125,-0.23193359375,-0.62255859375,-0.32958984375,-0.13427734375,0.1708984375,-0.62255859375,-0.341796875,-0.45166015625,-0.08544921875,0.69580078125,-0.06103515625,1.1474609375,-0.13427734375,0.4638671875,-0.7080078125,-0.146484375,-0.15869140625,0.732421875,-0.08544921875,1.5625,0.03662109375,1.79443359375,-0.390625,1.50146484375,0.537109375,1.45263671875,-0.15869140625,1.0498046875,-0.06103515625,1.025390625,-0.10986328125,0.23193359375,-0.1220703125,0.1953125,-0.23193359375,0.20751953125,0.3662109375,0.81787109375,0,0.01220703125,0,1.26953125,-0.10986328125,-1.0009765625,0.28076171875,-0.35400390625,0.10986328125,-1.03759765625,-0.0732421875,-0.76904296875,-0.25634765625,5.04150390625,-0.0244140625,3.173828125,-0.244140625,3.6865234375,0.50048828125,3.4423828125,-0.244140625,-0.9765625,-0.5126953125,-0.8544921875,0,-0.8544921875,-0.23193359375,-0.40283203125,0.06103515625,4.43115234375,0.13427734375,1.52587890625,0.0244140625,1.2939453125,0.01220703125,3.60107421875,-0.35400390625,0.35400390625,-0.08544921875,0,-0.08544921875,-0.01220703125,-0.06103515625,0.18310546875,-0.23193359375,-0.03662109375,-0.18310546875,0.830078125,0,-0.48828125,0.01220703125,-0.59814453125
1,-0.7568359375,-0.40283203125,0.048828125,-0.32958984375,-0.244140625,-0.439453125,0,-0.048828125,-0.03662109375,-0.01220703125,-0.28076171875,-0.86669921875,-0.20751953125,1.08642578125,-0.0732421875,-0.146484375,0.09765625,-0.5615234375,0.28076171875,-0.18310546875,0.06103515625,0.9033203125,-0.10986328125,-0.59814453125,0.10986328125,0.01220703125,-0.0244140625,-0.6103515625,-0.30517578125,1.08642578125,-0.37841796875,0.37841796875,0.0732421875,-0.3173828125,0.37841796875,-0.86669921875,0.048828125,-0.439453125,-0.2685546875,-0.62255859375,-0.2197265625,-0.1708984375,0.146484375,-0.634765625,-0.32958984375,-0.42724609375,0,0.69580078125,-0.10986328125,1.171875,-0.13427734375,0.45166015625,-0.68359375,-0.20751953125,-0.244140625,0.72021484375,-0.0732421875,1.98974609375,0.03662109375,2.47802734375,-0.390625,1.8310546875,0.48828125,1.8798828125,-0.1220703125,0.9765625,0.048828125,1.0009765625,-0.08544921875,0.23193359375,-0.08544921875,0.18310546875,-0.18310546875,0.20751953125,0.3662109375,0.8056640625,-0.03662109375,0.0244140625,-0.06103515625,1.28173828125,-0.01220703125,-1.025390625,0.25634765625,-0.341796875,0.09765625,-1.01318359375,-0.03662109375,-0.78125,-0.1220703125,3.9306640625,-0.03662109375,2.52685546875,-0.20751953125,2.9541015625,0.47607421875,2.63671875,-0.23193359375,-0.9765625,-0.45166015625,-0.87890625,0.0244140625,-0.84228515625,-0.2197265625,-0.390625,0.1220703125,4.1015625,0.1220703125,1.33056640625,0.0244140625,1.1474609375,-0.01220703125,3.3935546875,-0.37841796875,0.3662109375,-0.09765625,0,-0.08544921875,-0.0244140625,-0.06103515625,0.1953125,-0.244140625,-0.03662109375,-0.18310546875,0.830078125,0.03662109375,-0.47607421875,-0.01220703125,-0.57373046875
1,-0.7568359375,-0.390625,0.0244140625,-0.32958984375,-0.20751953125,-0.439453125,-0.0244140625,-0.048828125,-0.03662109375,-0.01220703125,-0.29296875,-0.8544921875,-0.2197265625,1.11083984375,-0.08544921875,-0.15869140625,0.06103515625,-0.5615234375,0.40283203125,-0.18310546875,-0.0732421875,0.9033203125,0.06103515625,-0.59814453125,0.01220703125,0,-0.06103515625,-0.6103515625,-0.2685546875,1.11083984375,-0.47607421875,0.390625,0.0244140625,-0.32958984375,0.3173828125,-0.87890625,0.01220703125,-0.50048828125,-0.28076171875,-0.67138671875,-0.08544921875,-0.1953125,0.146484375,-0.634765625,-0.2197265625,-0.42724609375,0.0244140625,0.69580078125,-0.146484375,1.220703125,-0.1220703125,0.4638671875,-0.634765625,-0.244140625,-0.3173828125,0.69580078125,0,2.64892578125,0.0732421875,3.369140625,-0.30517578125,2.25830078125,0.50048828125,2.52685546875,-0.09765625,0.87890625,0.13427734375,1.025390625,-0.09765625,0.23193359375,-0.0732421875,0.1708984375,-0.03662109375,0.23193359375,0.35400390625,0.79345703125,-0.0732421875,0.0244140625,-0.0732421875,1.30615234375,0.09765625,-1.025390625,0.25634765625,-0.341796875,0.048828125,-1.0009765625,0.0244140625,-0.7568359375,-0.048828125,2.7099609375,-0.09765625,1.8798828125,-0.0732421875,2.197265625,0.390625,1.7578125,-0.3662109375,-1.0009765625,-0.3662109375,-0.87890625,0.03662109375,-0.8544921875,-0.1220703125,-0.40283203125,0.1953125,3.69873046875,0.1220703125,1.11083984375,0.0244140625,0.98876953125,0.03662109375,3.173828125,-0.3662109375,0.3662109375,-0.08544921875,0.01220703125,-0.08544921875,0.0244140625,-0.048828125,0.20751953125,-0.20751953125,-0.03662109375,-0.15869140625,0.81787109375,0.0732421875,-0.4638671875,-0.0244140625,-0.5859375
1,-0.74462890625,-0.37841796875,0.0244140625,-0.341796875,-0.18310546875,-0.439453125,-0.01220703125,-0.048828125,-0.048828125,-0.01220703125,-0.29296875,-0.86669921875,-0.2197265625,1.11083984375,-0.0732421875,-0.13427734375,0.03662109375,-0.57373046875,0.5126953125,-0.1708984375,-0.13427734375,0.89111328125,0.23193359375,-0.6103515625,-0.1220703125,-0.0732421875,-0.048828125,-0.634765625,-0.2685546875,1.07421875,-0.47607421875,0.35400390625,-0.048828125,-0.35400390625,0.244140625,-0.9033203125,-0.0732421875,-0.54931640625,-0.28076171875,-0.68359375,0.0732421875,-0.2197265625,0.13427734375,-0.64697265625,-0.13427734375,-0.4150390625,0,0.7080078125,-0.1708984375,1.2451171875,-0.146484375,0.4638671875,-0.6103515625,-0.29296875,-0.341796875,0.7080078125,0.048828125,3.4912109375,-0.048828125,4.43115234375,-0.29296875,2.83203125,0.45166015625,3.3447265625,-0.10986328125,0.8056640625,0.2197265625,1.025390625,-0.08544921875,0.2197265625,-0.0244140625,0.18310546875,0.0732421875,0.2685546875,0.30517578125,0.81787109375,-0.10986328125,0.0244140625,-0.1220703125,1.30615234375,0.15869140625,-1.0009765625,0.1953125,-0.341796875,0,-1.0009765625,0.0244140625,-0.76904296875,0.03662109375,1.46484375,-0.10986328125,1.20849609375,0.03662109375,1.46484375,0.30517578125,0.89111328125,-0.42724609375,-0.98876953125,-0.244140625,-0.89111328125,0.01220703125,-0.84228515625,-0.048828125,-0.4150390625,0.1220703125,3.25927734375,0.09765625,0.87890625,0.01220703125,0.79345703125,0.0244140625,2.9052734375,-0.3662109375,0.37841796875,-0.0732421875,0.01220703125,-0.08544921875,0.03662109375,-0.03662109375,0.18310546875,-0.23193359375,-0.03662109375,-0.13427734375,0.81787109375,0.09765625,-0.4638671875,-0.01220703125,-0.5615234375
1,-0.67138671875,-0.35400390625,0.03662109375,-0.341796875,-0.1708984375,-0.439453125,-0.01220703125,-0.0244140625,-0.03662109375,0,-0.29296875,-0.86669921875,-0.2197265625,1.08642578125,-0.08544921875,-0.13427734375,-0.048828125,-0.59814453125,0.57373046875,-0.146484375,-0.20751953125,0.9033203125,0.37841796875,-0.5859375,-0.0244140625,-0.18310546875,0.08544921875,-0.68359375,-0.1953125,1.01318359375,-0.37841796875,0.29296875,-0.13427734375,-0.40283203125,0.1953125,-0.87890625,-0.10986328125,-0.5615234375,-0.341796875,-0.72021484375,0.1708984375,-0.23193359375,0.10986328125,-0.64697265625,-0.048828125,-0.42724609375,0.0244140625,0.69580078125,-0.1708984375,1.25732421875,-0.1708984375,0.47607421875,-0.5126953125,-0.3173828125,-0.35400390625,0.69580078125,0.0732421875,4.4921875,-0.10986328125,5.57861328125,-0.341796875,3.43017578125,0.3662109375,4.33349609375,-0.146484375,0.67138671875,0.2685546875,1.025390625,-0.09765625,0.2197265625,0,0.1708984375,0.1708984375,0.2685546875,0.23193359375,0.76904296875,-0.13427734375,0,-0.146484375,1.318359375,0.1708984375,-1.01318359375,0.13427734375,-0.35400390625,0,-1.0009765625,0.03662109375,-0.79345703125,0.1220703125,0.29296875,-0.146484375,0.5859375,0.13427734375,0.74462890625,0.23193359375,0.08544921875,-0.5126953125,-0.98876953125,-0.15869140625,-0.91552734375,-0.03662109375,-0.84228515625,0,-0.390625,0.0732421875,2.7099609375,0.048828125,0.59814453125,-0.0244140625,0.5859375,0.048828125,2.63671875,-0.37841796875,0.40283203125,-0.06103515625,0.0244140625,-0.0732421875,0.048828125,-0.03662109375,0.1953125,-0.23193359375,-0.048828125,-0.09765625,0.830078125,0.09765625,-0.4638671875,0.01220703125,-0.54931640625
1,-0.62255859375,-0.37841796875,-0.01220703125,-0.341796875,-0.15869140625,-0.42724609375,0,-0.01220703125,-0.03662109375,0.01220703125,-0.30517578125,-0.86669921875,-0.2197265625,1.08642578125,-0.10986328125,-0.1220703125,-0.08544921875,-0.62255859375,0.537109375,-0.15869140625,-0.244140625,0.87890625,0.40283203125,-0.59814453125,-0.03662109375,-0.30517578125,0.10986328125,-0.7568359375,-0.20751953125,0.93994140625,-0.35400390625,0.28076171875,-0.2197265625,-0.4150390625,0.146484375,-0.89111328125,-0.18310546875,-0.5615234375,-0.40283203125,-0.732421875,0.15869140625,-0.244140625,0.15869140625,-0.64697265625,0,-0.439453125,0.06103515625,0.69580078125,-0.15869140625,1.25732421875,-0.1708984375,0.4638671875,-0.42724609375,-0.3173828125,-0.3173828125,0.69580078125,0.10986328125,5.50537109375,-0.0244140625,6.70166015625,-0.37841796875,4.08935546875,0.341796875,5.35888671875,-0.10986328125,0.54931640625,0.3173828125,1.0498046875,-0.0732421875,0.23193359375,0.0244140625,0.15869140625,0.2685546875,0.28076171875,0.1708984375,0.76904296875,-0.146484375,0.0244140625,-0.1708984375,1.318359375,0.1708984375,-1.0009765625,0.06103515625,-0.3662109375,0.01220703125,-1.0009765625,0.01220703125,-0.79345703125,0.1708984375,-0.69580078125,-0.1953125,0.08544921875,0.2197265625,0.146484375,0.1953125,-0.634765625,-0.50048828125,-0.9765625,-0.08544921875,-0.9033203125,-0.09765625,-0.86669921875,0.06103515625,-0.40283203125,0.10986328125,2.1240234375,0,0.30517578125,-0.048828125,0.341796875,0.048828125,2.33154296875,-0.35400390625,0.439453125,-0.048828125,0.01220703125,-0.0732421875,0.0732421875,-0.048828125,0.18310546875,-0.244140625,-0.03662109375,-0.06103515625,0.8544921875,0.08544921875,-0.45166015625,0.03662109375,-0.537109375
1,-0.634765625,-0.35400390625,-0.0244140625,-0.32958984375,-0.1220703125,-0.4150390625,-0.01220703125,0,-0.03662109375,0,-0.29296875,-0.87890625,-0.23193359375,1.07421875,-0.146484375,-0.1220703125,-0.13427734375,-0.62255859375,0.50048828125,-0.146484375,-0.20751953125,0.86669921875,0.341796875,-0.5859375,-0.0244140625,-0.37841796875,0.146484375,-0.7568359375,-0.23193359375,0.91552734375,-0.25634765625,0.23193359375,-0.28076171875,-0.390625,0.10986328125,-0.87890625,-0.1953125,-0.5126953125,-0.390625,-0.732421875,0.08544921875,-0.244140625,0.15869140625,-0.6591796875,0.048828125,-0.439453125,0.13427734375,0.69580078125,-0.1220703125,1.23291015625,-0.20751953125,0.48828125,-0.35400390625,-0.28076171875,-0.32958984375,0.7080078125,0.10986328125,6.4697265625,-0.0244140625,7.71484375,-0.439453125,4.67529296875,0.29296875,6.31103515625,-0.0732421875,0.4150390625,0.35400390625,1.06201171875,-0.048828125,0.2197265625,0.048828125,0.15869140625,0.2685546875,0.28076171875,0.0732421875,0.78125,-0.15869140625,0.0244140625,-0.146484375,1.30615234375,0.1220703125,-0.9765625,0,-0.3662109375,0.048828125,-1.0009765625,-0.01220703125,-0.79345703125,0.18310546875,-1.45263671875,-0.23193359375,-0.29296875,0.1953125,-0.28076171875,0.1708984375,-1.13525390625,-0.40283203125,-0.9765625,-0.0732421875,-0.9033203125,-0.15869140625,-0.86669921875,0.0732421875,-0.4150390625,0.1220703125,1.47705078125,-0.03662109375,0,-0.08544921875,0.06103515625,0.0732421875,2.01416015625,-0.341796875,0.40283203125,-0.03662109375,-0.01220703125,-0.08544921875,0.03662109375,-0.06103515625,0.1708984375,-0.244140625,-0.0244140625,-0.06103515625,0.86669921875,0.08544921875,-0.47607421875,0.048828125,-0.52490234375
1,-0.6103515625,-0.3662109375,-0.03662109375,-0.32958984375,-0.1220703125,-0.4150390625,-0.03662109375,-0.0244140625,-0.048828125,-0.01220703125,-0.2685546875,-0.87890625,-0.244140625,1.06201171875,-0.1708984375,-0.1220703125,-0.13427734375,-0.62255859375,0.37841796875,-0.146484375,-0.1708984375,0.8544921875,0.20751953125,-0.6103515625,0.15869140625,-0.4150390625,0.20751953125,-0.732421875,-0.13427734375,0.927734375,-0.08544921875,0.2685546875,-0.3173828125,-0.35400390625,0.0732421875,-0.86669921875,-0.10986328125,-0.45166015625,-0.390625,-0.7568359375,-0.01220703125,-0.20751953125,0.146484375,-0.6591796875,0.0244140625,-0.4150390625,0.20751953125,0.69580078125,-0.08544921875,1.20849609375,-0.25634765625,0.47607421875,-0.2685546875,-0.25634765625,-0.32958984375,0.72021484375,0.146484375,7.275390625,-0.01220703125,8.55712890625,-0.439453125,5.18798828125,0.28076171875,7.12890625,-0.0244140625,0.32958984375,0.35400390625,1.025390625,-0.048828125,0.20751953125,0.0244140625,0.1708984375,0.28076171875,0.28076171875,-0.0244140625,0.72021484375,-0.13427734375,-0.01220703125,-0.146484375,1.318359375,0.09765625,-0.9765625,-0.06103515625,-0.37841796875,0.08544921875,-1.0009765625,-0.06103515625,-0.8056640625,0.1220703125,-1.9287109375,-0.244140625,-0.52490234375,0.10986328125,-0.54931640625,0.1953125,-1.4892578125,-0.29296875,-0.9521484375,-0.0244140625,-0.89111328125,-0.1708984375,-0.87890625,0.0732421875,-0.4150390625,0.1220703125,0.9033203125,-0.09765625,-0.28076171875,-0.09765625,-0.1708984375,0.1220703125,1.708984375,-0.3173828125,0.390625,0,0,-0.0732421875,0.03662109375,-0.0732421875,0.1708984375,-0.23193359375,-0.01220703125,-0.048828125,0.87890625,0.0732421875,-0.47607421875,0.09765625,-0.5126953125
1,-0.57373046875,-0.35400390625,-0.03662109375,-0.32958984375,-0.08544921875,-0.42724609375,-0.0244140625,-0.01220703125,-0.0732421875,0,-0.2685546875,-0.86669921875,-0.2685546875,1.07421875,-0.1953125,-0.13427734375,-0.09765625,-0.62255859375,0.28076171875,-0.146484375,-0.10986328125,0.8544921875,0,-0.5859375,0.13427734375,-0.3662109375,0.15869140625,-0.67138671875,-0.1708984375,1.03759765625,0,0.3662109375,-0.29296875,-0.32958984375,0.08544921875,-0.8544921875,-0.06103515625,-0.390625,-0.30517578125,-0.74462890625,-0.1708984375,-0.18310546875,0.15869140625,-0.64697265625,0.0244140625,-0.40283203125,0.18310546875,0.69580078125,-0.048828125,1.15966796875,-0.32958984375,0.47607421875,-0.2685546875,-0.20751953125,-0.3173828125,0.72021484375,0.10986328125,7.8369140625,0,9.14306640625,-0.439453125,5.5419921875,0.2685546875,7.6904296875,0.01220703125,0.25634765625,0.341796875,1.03759765625,0,0.20751953125,0,0.15869140625,0.2685546875,0.2685546875,-0.06103515625,0.7568359375,-0.146484375,-0.01220703125,-0.146484375,1.318359375,0.03662109375,-0.98876953125,-0.0732421875,-0.390625,0.15869140625,-1.0009765625,-0.146484375,-0.81787109375,0.0244140625,-2.1484375,-0.25634765625,-0.59814453125,0,-0.6591796875,0.2685546875,-1.6357421875,-0.20751953125,-0.98876953125,-0.01220703125,-0.89111328125,-0.1708984375,-0.87890625,0.0732421875,-0.40283203125,0.15869140625,0.42724609375,-0.1220703125,-0.5126953125,-0.048828125,-0.35400390625,0.13427734375,1.4404296875,-0.32958984375,0.390625,-0.01220703125,0,-0.0732421875,0.0244140625,-0.08544921875,0.18310546875,-0.23193359375,-0.01220703125,-0.0244140625,0.89111328125,0.048828125,-0.50048828125,0.10986328125,-0.47607421875
1,-0.5615234375,-0.35400390625,-0.06103515625,-0.30517578125,-0.08544921875,-0.4150390625,-0.03662109375,-0.0244140625,-0.048828125,-0.0244140625,-0.23193359375,-0.86669921875,-0.2685546875,1.08642578125,-0.1953125,-0.146484375,-0.048828125,-0.634765625,0.1708984375,-0.146484375,-0.048828125,0.8544921875,-0.15869140625,-0.6103515625,0.146484375,-0.23193359375,0.146484375,-0.54931640625,-0.146484375,1.20849609375,0.09765625,0.50048828125,-0.2197265625,-0.3173828125,0.0732421875,-0.8544921875,0.03662109375,-0.35400390625,-0.3173828125,-0.732421875,-0.29296875,-0.15869140625,0.13427734375,-0.64697265625,-0.01220703125,-0.439453125,0.1953125,0.67138671875,0.048828125,1.13525390625,-0.37841796875,0.50048828125,-0.23193359375,-0.146484375,-0.23193359375,0.72021484375,0.03662109375,8.14208984375,-0.03662109375,9.48486328125,-0.42724609375,5.7373046875,0.1953125,7.97119140625,0.08544921875,0.2197265625,0.30517578125,1.025390625,0.01220703125,0.20751953125,-0.06103515625,0.18310546875,0.2685546875,0.28076171875,-0.10986328125,0.76904296875,-0.08544921875,-0.01220703125,-0.1220703125,1.30615234375,0,-0.98876953125,-0.0732421875,-0.390625,0.15869140625,-1.0009765625,-0.18310546875,-0.81787109375,-0.08544921875,-2.1484375,-0.2685546875,-0.57373046875,-0.10986328125,-0.6591796875,0.30517578125,-1.66015625,-0.146484375,-0.96435546875,0.01220703125,-0.86669921875,-0.1708984375,-0.9033203125,-0.0244140625,-0.40283203125,0.1953125,0.15869140625,-0.13427734375,-0.6103515625,-0.01220703125,-0.4638671875,0.15869140625,1.28173828125,-0.32958984375,0.3662109375,-0.01220703125,0.01220703125,-0.08544921875,0.03662109375,-0.06103515625,0.146484375,-0.23193359375,-0.01220703125,-0.06103515625,0.86669921875,0.03662109375,-0.48828125,0.0732421875,-0.47607421875
1,-0.5126953125,-0.35400390625,-0.09765625,-0.32958984375,-0.06103515625,-0.4150390625,-0.0244140625,-0.0732421875,-0.06103515625,-0.01220703125,-0.23193359375,-0.87890625,-0.2685546875,1.0986328125,-0.20751953125,-0.1708984375,-0.08544921875,-0.634765625,0.09765625,-0.18310546875,-0.06103515625,0.8544921875,-0.28076171875,-0.5859375,0.2197265625,-0.01220703125,0.20751953125,-0.35400390625,-0.10986328125,1.42822265625,0.18310546875,0.7080078125,-0.09765625,-0.341796875,0.0244140625,-0.86669921875,0.1220703125,-0.35400390625,-0.341796875,-0.7568359375,-0.390625,-0.146484375,0.09765625,-0.64697265625,-0.0732421875,-0.439453125,0.1708984375,0.67138671875,0.08544921875,1.123046875,-0.4150390625,0.48828125,-0.20751953125,-0.13427734375,-0.10986328125,0.7080078125,-0.06103515625,8.203125,-0.01220703125,9.55810546875,-0.439453125,5.7861328125,0.13427734375,8.06884765625,0.13427734375,0.20751953125,0.2197265625,1.025390625,0.01220703125,0.20751953125,-0.08544921875,0.18310546875,0.25634765625,0.25634765625,-0.15869140625,0.76904296875,-0.048828125,-0.0244140625,-0.13427734375,1.28173828125,-0.048828125,-1.0009765625,-0.06103515625,-0.390625,0.1708984375,-0.98876953125,-0.18310546875,-0.81787109375,-0.244140625,-1.98974609375,-0.341796875,-0.45166015625,-0.18310546875,-0.54931640625,0.30517578125,-1.5869140625,-0.10986328125,-0.9521484375,0.0244140625,-0.86669921875,-0.146484375,-0.89111328125,-0.08544921875,-0.40283203125,0.10986328125,0.1953125,-0.18310546875,-0.62255859375,0,-0.45166015625,0.0732421875,1.30615234375,-0.30517578125,0.35400390625,0,0.01220703125,-0.08544921875,0.01220703125,-0.048828125,0.15869140625,-0.2197265625,-0.01220703125,-0.06103515625,0.830078125,0.0244140625,-0.52490234375,0.0244140625,-0.48828125
1,-0.4638671875,-0.341796875,-0.1220703125,-0.32958984375,-0.06103515625,-0.40283203125,-0.0244140625,-0.09765625,-0.0244140625,-0.0244140625,-0.20751953125,-0.86669921875,-0.244140625,1.08642578125,-0.2197265625,-0.18310546875,-0.1220703125,-0.6103515625,0.1220703125,-0.1708984375,-0.09765625,0.86669921875,-0.3662109375,-0.59814453125,0.10986328125,0.20751953125,0.15869140625,-0.1708984375,-0.146484375,1.6845703125,0.146484375,0.89111328125,-0.0244140625,-0.341796875,0.048828125,-0.87890625,0.15869140625,-0.341796875,-0.3662109375,-0.74462890625,-0.390625,-0.146484375,0.03662109375,-0.62255859375,-0.08544921875,-0.42724609375,0.18310546875,0.64697265625,0.13427734375,1.13525390625,-0.42724609375,0.47607421875,-0.23193359375,-0.10986328125,0.03662109375,0.7080078125,-0.1220703125,8.09326171875,0,9.423828125,-0.52490234375,5.76171875,0.10986328125,7.9345703125,0.1220703125,0.1953125,0.146484375,1.025390625,0.0244140625,0.2197265625,-0.13427734375,0.20751953125,0.1953125,0.25634765625,-0.15869140625,0.78125,0,-0.0244140625,-0.15869140625,1.2939453125,-0.09765625,-1.025390625,-0.03662109375,-0.390625,0.15869140625,-0.98876953125,-0.15869140625,-0.78125,-0.244140625,-1.74560546875,-0.35400390625,-0.3173828125,-0.10986328125,-0.42724609375,0.29296875,-1.4404296875,-0.1708984375,-0.9521484375,0.01220703125,-0.84228515625,-0.10986328125,-0.86669921875,-0.2197265625,-0.42724609375,0.1220703125,0.5859375,-0.1953125,-0.42724609375,0.03662109375,-0.29296875,0,1.47705078125,-0.2685546875,0.390625,0.01220703125,0.0244140625,-0.08544921875,0,-0.03662109375,0.1708984375,-0.2197265625,-0.01220703125,-0.09765625,0.81787109375,0.03662109375,-0.50048828125,-0.01220703125,-0.5126953125
1,-0.47607421875,-0.35400390625,-0.10986328125,-0.341796875,-0.0732421875,-0.40283203125,-0.0244140625,-0.10986328125,-0.01220703125,-0.03662109375,-0.1953125,-0.8544921875,-0.244140625,1.08642578125,-0.244140625,-0.2197265625,-0.1953125,-0.5859375,0.10986328125,-0.15869140625,-0.15869140625,0.86669921875,-0.30517578125,-0.59814453125,0.06103515625,0.42724609375,0.1708984375,0.01220703125,-0.1220703125,1.94091796875,0.06103515625,1.0986328125,0.03662109375,-0.32958984375,0.09765625,-0.8544921875,0.20751953125,-0.37841796875,-0.35400390625,-0.74462890625,-0.35400390625,-0.1708984375,-0.01220703125,-0.634765625,-0.09765625,-0.439453125,0.13427734375,0.634765625,0.18310546875,1.15966796875,-0.42724609375,0.45166015625,-0.2197265625,-0.13427734375,0.13427734375,0.68359375,-0.20751953125,7.82470703125,-0.13427734375,9.1552734375,-0.5859375,5.615234375,0.01220703125,7.666015625,0.09765625,0.2197265625,0.048828125,1.03759765625,0,0.23193359375,-0.1708984375,0.2197265625,0.13427734375,0.25634765625,-0.1708984375,0.8056640625,0.0732421875,-0.01220703125,-0.2197265625,1.2939453125,-0.10986328125,-1.03759765625,-0.048828125,-0.390625,0.13427734375,-0.98876953125,-0.0732421875,-0.78125,-0.20751953125,-1.513671875,-0.37841796875,-0.20751953125,-0.03662109375,-0.32958984375,0.2685546875,-1.2939453125,-0.28076171875,-0.96435546875,0.0244140625,-0.830078125,-0.08544921875,-0.86669921875,-0.3173828125,-0.4150390625,0.09765625,1.3427734375,-0.13427734375,-0.048828125,0.048828125,0.048828125,-0.01220703125,1.904296875,-0.25634765625,0.3662109375,0.01220703125,0.03662109375,-0.08544921875,0.0244140625,-0.048828125,0.20751953125,-0.23193359375,-0.0244140625,-0.13427734375,0.81787109375,0.06103515625,-0.50048828125,-0.03662109375,-0.52490234375
1,-0.4638671875,-0.3662109375,-0.13427734375,-0.3662109375,-0.0732421875,-0.4150390625,0,-0.09765625,-0.03662109375,-0.01220703125,-0.18310546875,-0.86669921875,-0.244140625,1.11083984375,-0.244140625,-0.20751953125,-0.244140625,-0.5859375,0.20751953125,-0.15869140625,-0.25634765625,0.87890625,-0.1953125,-0.59814453125,-0.0244140625,0.5859375,0.1708984375,0.146484375,-0.146484375,2.1484375,-0.048828125,1.2451171875,0.09765625,-0.35400390625,0.146484375,-0.87890625,0.1953125,-0.4150390625,-0.32958984375,-0.7568359375,-0.29296875,-0.18310546875,-0.03662109375,-0.62255859375,-0.08544921875,-0.439453125,0,0.634765625,0.18310546875,1.15966796875,-0.42724609375,0.45166015625,-0.1953125,-0.15869140625,0.23193359375,0.68359375,-0.28076171875,7.45849609375,-0.20751953125,8.80126953125,-0.59814453125,5.4443359375,-0.06103515625,7.31201171875,0.08544921875,0.23193359375,0,1.025390625,-0.03662109375,0.2197265625,-0.1953125,0.2197265625,0.08544921875,0.244140625,-0.18310546875,0.76904296875,0.09765625,0.01220703125,-0.244140625,1.2939453125,-0.06103515625,-1.025390625,-0.06103515625,-0.390625,0.1220703125,-0.96435546875,-0.01220703125,-0.74462890625,-0.1220703125,-1.37939453125,-0.3662109375,-0.146484375,0.10986328125,-0.23193359375,0.20751953125,-1.18408203125,-0.30517578125,-0.9765625,0.03662109375,-0.8544921875,-0.048828125,-0.86669921875,-0.3662109375,-0.42724609375,0.01220703125,2.45361328125,-0.13427734375,0.50048828125,0.048828125,0.537109375,-0.048828125,2.52685546875,-0.244140625,0.40283203125,0.0244140625,0.03662109375,-0.0732421875,0,-0.0732421875,0.2197265625,-0.23193359375,-0.06103515625,-0.13427734375,0.81787109375,0.06103515625,-0.50048828125,-0.0732421875,-0.52490234375
1,-0.439453125,-0.37841796875,-0.1220703125,-0.32958984375,-0.0732421875,-0.40283203125,0.01220703125,-0.10986328125,-0.01220703125,-0.01220703125,-0.13427734375,-0.87890625,-0.23193359375,1.0986328125,-0.25634765625,-0.18310546875,-0.25634765625,-0.5859375,0.244140625,-0.146484375,-0.3173828125,0.86669921875,-0.0244140625,-0.59814453125,-0.15869140625,0.69580078125,0.10986328125,0.23193359375,-0.1708984375,2.28271484375,-0.18310546875,1.35498046875,0.10986328125,-0.37841796875,0.23193359375,-0.87890625,0.15869140625,-0.4638671875,-0.2197265625,-0.7568359375,-0.244140625,-0.1953125,-0.01220703125,-0.634765625,-0.09765625,-0.42724609375,-0.0244140625,0.62255859375,0.2197265625,1.18408203125,-0.37841796875,0.42724609375,-0.23193359375,-0.18310546875,0.30517578125,0.69580078125,-0.30517578125,7.14111328125,-0.244140625,8.43505859375,-0.57373046875,5.28564453125,-0.1220703125,6.97021484375,0.06103515625,0.2685546875,-0.048828125,1.0498046875,-0.08544921875,0.23193359375,-0.23193359375,0.244140625,-0.01220703125,0.244140625,-0.1708984375,0.79345703125,0.1220703125,0.01220703125,-0.23193359375,1.2939453125,0,-1.01318359375,-0.0732421875,-0.40283203125,0.1220703125,-0.96435546875,0.03662109375,-0.7568359375,-0.03662109375,-1.35498046875,-0.32958984375,-0.10986328125,0.23193359375,-0.23193359375,0.10986328125,-1.1474609375,-0.37841796875,-0.9765625,-0.01220703125,-0.84228515625,-0.08544921875,-0.86669921875,-0.3662109375,-0.42724609375,0.0244140625,3.79638671875,-0.0732421875,1.220703125,0.0244140625,1.11083984375,-0.0244140625,3.25927734375,-0.23193359375,0.390625,0.03662109375,0.03662109375,-0.0732421875,-0.01220703125,-0.06103515625,0.20751953125,-0.244140625,-0.048828125,-0.13427734375,0.81787109375,0.06103515625,-0.50048828125,-0.048828125,-0.537109375
0,-0.40283203125,-0.390625,-0.146484375,-0.341796875,-0.08544921875,-0.4150390625,0.03662109375,-0.08544921875,0.03662109375,-0.01220703125,-0.13427734375,-0.87890625,-0.20751953125,1.07421875,-0.25634765625,-0.15869140625,-0.20751953125,-0.57373046875,0.25634765625,-0.146484375,-0.30517578125,0.87890625,0.06103515625,-0.5859375,-0.23193359375,0.7080078125,0.03662109375,0.244140625,-0.244140625,2.33154296875,-0.2685546875,1.35498046875,0.048828125,-0.40283203125,0.244140625,-0.87890625,0.06103515625,-0.47607421875,-0.2197265625,-0.74462890625,-0.1953125,-0.2197265625,0.048828125,-0.634765625,-0.08544921875,-0.4150390625,-0.0732421875,0.6103515625,0.1953125,1.20849609375,-0.3173828125,0.42724609375,-0.1708984375,-0.2197265625,0.37841796875,0.68359375,-0.32958984375,6.84814453125,-0.25634765625,8.06884765625,-0.48828125,5.11474609375,-0.20751953125,6.6650390625,0.048828125,0.29296875,-0.15869140625,1.025390625,-0.13427734375,0.23193359375,-0.23193359375,0.23193359375,-0.10986328125,0.25634765625,-0.18310546875,0.76904296875,0.09765625,0.01220703125,-0.1953125,1.2939453125,0.10986328125,-0.98876953125,-0.06103515625,-0.37841796875,0.146484375,-0.96435546875,0.06103515625,-0.78125,0.048828125,-1.416015625,-0.28076171875,-0.146484375,0.35400390625,-0.2197265625,0.0244140625,-1.15966796875,-0.3662109375,-1.0009765625,-0.03662109375,-0.84228515625,-0.09765625,-0.86669921875,-0.341796875,-0.42724609375,-0.0244140625,5.2978515625,-0.0244140625,1.98974609375,0,1.7333984375,0.01220703125,4.1259765625,-0.1953125,0.42724609375,0.03662109375,0.0244140625,-0.048828125,-0.01220703125,-0.0732421875,0.2197265625,-0.25634765625,-0.0732421875,-0.1220703125,0.81787109375,0.048828125,-0.48828125,-0.048828125,-0.54931640625
0,-0.32958984375,-0.37841796875,-0.13427734375,-0.32958984375,-0.0732421875,-0.4150390625,0.048828125,-0.03662109375,0.03662109375,0,-0.09765625,-0.86669921875,-0.18310546875,1.07421875,-0.2685546875,-0.13427734375,-0.1220703125,-0.57373046875,0.3173828125,-0.15869140625,-0.25634765625,0.87890625,0.10986328125,-0.6103515625,-0.3173828125,0.62255859375,-0.048828125,0.1953125,-0.341796875,2.2705078125,-0.35400390625,1.30615234375,0.048828125,-0.4150390625,0.2685546875,-0.87890625,-0.01220703125,-0.50048828125,-0.20751953125,-0.76904296875,-0.20751953125,-0.244140625,0.13427734375,-0.634765625,-0.08544921875,-0.42724609375,-0.09765625,0.59814453125,0.18310546875,1.171875,-0.244140625,0.439453125,-0.18310546875,-0.2197265625,0.40283203125,0.69580078125,-0.32958984375,6.62841796875,-0.20751953125,7.75146484375,-0.50048828125,4.98046875,-0.2197265625,6.4208984375,0.01220703125,0.2685546875,-0.20751953125,1.0498046875,-0.2197265625,0.23193359375,-0.20751953125,0.20751953125,-0.1708984375,0.2685546875,-0.13427734375,0.78125,0.08544921875,0.01220703125,-0.1708984375,1.30615234375,0.2197265625,-0.9521484375,-0.0732421875,-0.390625,0.13427734375,-0.96435546875,0.06103515625,-0.76904296875,0.08544921875,-1.55029296875,-0.2197265625,-0.23193359375,0.4638671875,-0.2685546875,0.01220703125,-1.1962890625,-0.35400390625,-1.0009765625,-0.048828125,-0.86669921875,-0.1220703125,-0.87890625,-0.30517578125,-0.42724609375,-0.048828125,6.77490234375,-0.03662109375,2.7587890625,-0.0244140625,2.38037109375,0.01220703125,4.9560546875,-0.15869140625,0.4150390625,0.03662109375,0.01220703125,-0.0732421875,-0.0244140625,-0.08544921875,0.23193359375,-0.28076171875,-0.0732421875,-0.09765625,0.8056640625,0.0244140625,-0.50048828125,-0.0244140625,-0.54931640625
0,-0.37841796875,-0.37841796875,-0.1220703125,-0.3173828125,-0.06103515625,-0.42724609375,0.03662109375,-0.048828125,0.048828125,-0.01220703125,-0.08544921875,-0.87890625,-0.146484375,1.07421875,-0.23193359375,-0.10986328125,-0.0244140625,-0.57373046875,0.2197265625,-0.15869140625,-0.10986328125,0.87890625,0.08544921875,-0.59814453125,-0.32958984375,0.47607421875,-0.0732421875,0.0732421875,-0.37841796875,2.1484375,-0.341796875,1.1962890625,0.048828125,-0.40283203125,0.30517578125,-0.86669921875,-0.08544921875,-0.5126953125,-0.1953125,-0.76904296875,-0.18310546875,-0.244140625,0.20751953125,-0.6591796875,-0.1220703125,-0.42724609375,-0.08544921875,0.62255859375,0.13427734375,1.171875,-0.15869140625,0.4638671875,-0.15869140625,-0.2197265625,0.42724609375,0.7080078125,-0.29296875,6.40869140625,-0.18310546875,7.45849609375,-0.52490234375,4.82177734375,-0.20751953125,6.2255859375,0.01220703125,0.244140625,-0.29296875,1.03759765625,-0.28076171875,0.2197265625,-0.15869140625,0.15869140625,-0.28076171875,0.28076171875,-0.0732421875,0.81787109375,0.08544921875,0.01220703125,-0.09765625,1.30615234375,0.25634765625,-0.96435546875,-0.09765625,-0.390625,0.13427734375,-0.96435546875,0.01220703125,-0.76904296875,0.13427734375,-1.708984375,-0.146484375,-0.3173828125,0.50048828125,-0.32958984375,0.03662109375,-1.2451171875,-0.390625,-1.01318359375,-0.06103515625,-0.87890625,-0.146484375,-0.89111328125,-0.25634765625,-0.42724609375,0.03662109375,8.06884765625,-0.08544921875,3.466796875,-0.06103515625,2.94189453125,0.06103515625,5.712890625,-0.15869140625,0.390625,0.03662109375,0.0244140625,-0.0732421875,-0.03662109375,-0.06103515625,0.2197265625,-0.29296875,-0.048828125,-0.048828125,0.830078125,-0.01220703125,-0.50048828125,-0.01220703125,-0.5615234375
0,-0.32958984375,-0.3662109375,-0.13427734375,-0.32958984375,-0.0732421875,-0.42724609375,0.048828125,-0.0244140625,0.0244140625,0.01220703125,-0.08544921875,-0.87890625,-0.1220703125,1.08642578125,-0.23193359375,-0.0732421875,0.048828125,-0.5859375,0.15869140625,-0.15869140625,0.0732421875,0.89111328125,-0.01220703125,-0.6103515625,-0.30517578125,0.29296875,-0.10986328125,-0.03662109375,-0.4150390625,1.98974609375,-0.29296875,1.07421875,0.06103515625,-0.390625,0.2685546875,-0.86669921875,-0.146484375,-0.48828125,-0.23193359375,-0.79345703125,-0.15869140625,-0.20751953125,0.244140625,-0.64697265625,-0.13427734375,-0.42724609375,-0.048828125,0.634765625,0.0732421875,1.123046875,-0.0732421875,0.47607421875,-0.048828125,-0.2197265625,0.439453125,0.69580078125,-0.28076171875,6.2255859375,-0.20751953125,7.1533203125,-0.48828125,4.65087890625,-0.1953125,6.005859375,0,0.20751953125,-0.341796875,1.03759765625,-0.30517578125,0.2197265625,-0.1220703125,0.146484375,-0.28076171875,0.244140625,-0.048828125,0.830078125,0.06103515625,0.01220703125,-0.048828125,1.318359375,0.244140625,-0.9521484375,-0.09765625,-0.37841796875,0.09765625,-0.9765625,-0.048828125,-0.78125,0.23193359375,-1.8310546875,-0.13427734375,-0.37841796875,0.4150390625,-0.37841796875,0.1220703125,-1.28173828125,-0.37841796875,-1.01318359375,-0.0732421875,-0.89111328125,-0.13427734375,-0.87890625,-0.1953125,-0.4150390625,0.01220703125,9.06982421875,-0.13427734375,4.01611328125,-0.10986328125,3.38134765625,0.0732421875,6.31103515625,-0.13427734375,0.37841796875,0.06103515625,0.0244140625,-0.06103515625,-0.03662109375,-0.048828125,0.1953125,-0.2685546875,-0.0244140625,-0.06103515625,0.81787109375,0,-0.537109375,-0.01220703125,-0.54931640625
0,-0.3173828125,-0.32958984375,-0.1220703125,-0.32958984375,-0.0732421875,-0.42724609375,0.06103515625,-0.0244140625,0.01220703125,0,-0.048828125,-0.87890625,-0.09765625,1.0986328125,-0.2197265625,-0.0732421875,0.15869140625,-0.5859375,0.13427734375,-0.146484375,0.1953125,0.87890625,-0.08544921875,-0.6103515625,-0.23193359375,0.1220703125,-0.03662109375,-0.18310546875,-0.4150390625,1.84326171875,-0.2197265625,0.9521484375,0.03662109375,-0.3662109375,0.18310546875,-0.86669921875,-0.10986328125,-0.439453125,-0.28076171875,-0.76904296875,-0.15869140625,-0.20751953125,0.29296875,-0.6591796875,-0.15869140625,-0.42724609375,0.03662109375,0.64697265625,0.06103515625,1.08642578125,-0.0244140625,0.47607421875,-0.0244140625,-0.1953125,0.4150390625,0.7080078125,-0.29296875,5.99365234375,-0.244140625,6.8359375,-0.47607421875,4.43115234375,-0.1953125,5.77392578125,-0.01220703125,0.1708984375,-0.341796875,1.025390625,-0.341796875,0.2197265625,-0.09765625,0.146484375,-0.32958984375,0.23193359375,-0.01220703125,0.87890625,0.0732421875,-0.01220703125,0,1.30615234375,0.23193359375,-0.98876953125,-0.10986328125,-0.390625,0.048828125,-0.9765625,-0.13427734375,-0.79345703125,0.20751953125,-1.91650390625,-0.08544921875,-0.4150390625,0.32958984375,-0.390625,0.2197265625,-1.26953125,-0.40283203125,-1.01318359375,-0.048828125,-0.87890625,-0.146484375,-0.87890625,-0.10986328125,-0.4150390625,0.01220703125,9.65576171875,-0.18310546875,4.345703125,-0.1708984375,3.6376953125,0.08544921875,6.65283203125,-0.09765625,0.37841796875,0.0732421875,0.01220703125,-0.08544921875,-0.048828125,-0.01220703125,0.1953125,-0.23193359375,-0.01220703125,-0.048828125,0.78125,0,-0.52490234375,-0.01220703125,-0.54931640625
0,-0.32958984375,-0.3173828125,-0.13427734375,-0.3173828125,-0.03662109375,-0.40283203125,0.048828125,-0.048828125,0.01220703125,-0.01220703125,-0.03662109375,-0.86669921875,-0.0732421875,1.11083984375,-0.2197265625,-0.10986328125,0.20751953125,-0.59814453125,0.08544921875,-0.1708984375,0.25634765625,0.8544921875,-0.146484375,-0.62255859375,-0.1220703125,0,0.01220703125,-0.28076171875,-0.390625,1.708984375,-0.13427734375,0.830078125,0.01220703125,-0.35400390625,0.0732421875,-0.87890625,-0.09765625,-0.4150390625,-0.32958984375,-0.76904296875,-0.08544921875,-0.1708984375,0.29296875,-0.6591796875,-0.15869140625,-0.45166015625,0.10986328125,0.634765625,0.06103515625,1.0498046875,0.0244140625,0.48828125,-0.048828125,-0.1708984375,0.35400390625,0.69580078125,-0.28076171875,5.712890625,-0.23193359375,6.48193359375,-0.32958984375,4.16259765625,-0.15869140625,5.46875,-0.048828125,0.146484375,-0.3662109375,1.025390625,-0.35400390625,0.2197265625,-0.1220703125,0.13427734375,-0.35400390625,0.2197265625,0.0244140625,0.87890625,0.09765625,-0.0244140625,0.06103515625,1.30615234375,0.15869140625,-0.9765625,-0.08544921875,-0.37841796875,0.0244140625,-1.0009765625,-0.20751953125,-0.81787109375,0.20751953125,-1.89208984375,-0.06103515625,-0.390625,0.2197265625,-0.3662109375,0.35400390625,-1.26953125,-0.47607421875,-1.0009765625,-0.03662109375,-0.9033203125,-0.10986328125,-0.86669921875,-0.03662109375,-0.40283203125,0.048828125,9.814453125,-0.18310546875,4.4677734375,-0.1953125,3.7109375,0.13427734375,6.75048828125,-0.09765625,0.341796875,0.06103515625,0,-0.0732421875,-0.048828125,0.01220703125,0.18310546875,-0.20751953125,-0.01220703125,-0.06103515625,0.78125,-0.01220703125,-0.52490234375,0,-0.57373046875
0,-0.2685546875,-0.3173828125,-0.10986328125,-0.35400390625,-0.0244140625,-0.4150390625,0.06103515625,-0.0732421875,0.0244140625,-0.01220703125,-0.0244140625,-0.87890625,-0.0732421875,1.123046875,-0.20751953125,-0.13427734375,0.2197265625,-0.6103515625,0.0732421875,-0.1708984375,0.25634765625,0.8544921875,-0.146484375,-0.62255859375,-0.1708984375,-0.0732421875,0.048828125,-0.32958984375,-0.341796875,1.6357421875,-0.09765625,0.79345703125,0.01220703125,-0.32958984375,0.01220703125,-0.86669921875,-0.08544921875,-0.40283203125,-0.37841796875,-0.76904296875,0.03662109375,-0.146484375,0.2197265625,-0.6591796875,-0.1220703125,-0.439453125,0.13427734375,0.62255859375,0.10986328125,1.06201171875,0.03662109375,0.47607421875,-0.0732421875,-0.15869140625,0.29296875,0.7080078125,-0.29296875,5.35888671875,-0.15869140625,6.005859375,-0.2685546875,3.82080078125,-0.0732421875,5.1025390625,-0.10986328125,0.1220703125,-0.35400390625,1.025390625,-0.32958984375,0.23193359375,-0.146484375,0.15869140625,-0.32958984375,0.2197265625,0.08544921875,0.87890625,0.08544921875,-0.03662109375,0.06103515625,1.28173828125,0.0732421875,-0.98876953125,-0.1220703125,-0.37841796875,-0.0244140625,-1.025390625,-0.23193359375,-0.830078125,0.18310546875,-1.7822265625,-0.09765625,-0.32958984375,0.09765625,-0.3173828125,0.439453125,-1.171875,-0.42724609375,-1.0009765625,-0.0244140625,-0.87890625,-0.08544921875,-0.89111328125,0.0244140625,-0.40283203125,0.048828125,9.5458984375,-0.1953125,4.3212890625,-0.1708984375,3.57666015625,0.10986328125,6.591796875,-0.0732421875,0.3173828125,0.048828125,0,-0.08544921875,-0.01220703125,0.01220703125,0.1708984375,-0.1708984375,-0.0244140625,-0.09765625,0.78125,0.03662109375,-0.537109375,0,-0.54931640625
0,-0.244140625,-0.32958984375,-0.13427734375,-0.35400390625,0.0244140625,-0.40283203125,0.03662109375,-0.0732421875,0.03662109375,-0.01220703125,-0.03662109375,-0.89111328125,-0.03662109375,1.123046875,-0.18310546875,-0.15869140625,0.1708984375,-0.59814453125,0.10986328125,-0.18310546875,0.146484375,0.8544921875,-0.146484375,-0.64697265625,-0.10986328125,-0.10986328125,0.1953125,-0.3173828125,-0.23193359375,1.59912109375,0.01220703125,0.7568359375,0.01220703125,-0.341796875,-0.06103515625,-0.86669921875,-0.06103515625,-0.3662109375,-0.45166015625,-0.74462890625,0.08544921875,-0.13427734375,0.146484375,-0.64697265625,-0.048828125,-0.42724609375,0.146484375,0.6591796875,0.18310546875,1.08642578125,0.01220703125,0.4638671875,-0.13427734375,-0.146484375,0.25634765625,0.7080078125,-0.32958984375,4.91943359375,-0.08544921875,5.4931640625,-0.2197265625,3.47900390625,0.0244140625,4.65087890625,-0.13427734375,0.10986328125,-0.35400390625,1.0009765625,-0.2685546875,0.20751953125,-0.2197265625,0.1708984375,-0.30517578125,0.1953125,0.08544921875,0.87890625,0.08544921875,-0.01220703125,0.06103515625,1.26953125,0,-1.01318359375,-0.146484375,-0.37841796875,-0.0732421875,-1.01318359375,-0.2197265625,-0.81787109375,0.01220703125,-1.62353515625,-0.2197265625,-0.23193359375,-0.01220703125,-0.25634765625,0.42724609375,-1.11083984375,-0.35400390625,-1.0009765625,-0.01220703125,-0.86669921875,-0.06103515625,-0.8544921875,0.03662109375,-0.4150390625,0.048828125,8.87451171875,-0.146484375,3.955078125,-0.15869140625,3.25927734375,0.08544921875,6.201171875,-0.06103515625,0.3173828125,0.0732421875,-0.01220703125,-0.0732421875,-0.01220703125,0.0244140625,0.1708984375,-0.15869140625,-0.0244140625,-0.08544921875,0.78125,0.06103515625,-0.5126953125,0,-0.5615234375
0,-0.244140625,-0.341796875,-0.146484375,-0.3662109375,0.03662109375,-0.40283203125,0.0244140625,-0.08544921875,0.01220703125,-0.0244140625,0,-0.87890625,-0.03662109375,1.123046875,-0.1708984375,-0.1953125,0.0732421875,-0.5859375,0.09765625,-0.1708984375,0.03662109375,0.86669921875,-0.10986328125,-0.62255859375,-0.146484375,-0.06103515625,0.25634765625,-0.25634765625,-0.1953125,1.6357421875,-0.048828125,0.76904296875,0.01220703125,-0.37841796875,-0.08544921875,-0.87890625,-0.08544921875,-0.37841796875,-0.47607421875,-0.74462890625,0.15869140625,-0.146484375,0.048828125,-0.634765625,0.01220703125,-0.45166015625,0.09765625,0.64697265625,0.2197265625,1.123046875,-0.01220703125,0.45166015625,-0.15869140625,-0.1708984375,0.20751953125,0.72021484375,-0.3662109375,4.39453125,-0.03662109375,4.89501953125,-0.18310546875,3.11279296875,0.13427734375,4.150390625,-0.10986328125,0.09765625,-0.37841796875,1.0009765625,-0.1953125,0.2197265625,-0.25634765625,0.15869140625,-0.2685546875,0.1953125,0.15869140625,0.86669921875,0.1220703125,-0.0244140625,0.03662109375,1.26953125,-0.0732421875,-1.01318359375,-0.18310546875,-0.390625,-0.1220703125,-1.025390625,-0.20751953125,-0.830078125,0.06103515625,-1.42822265625,-0.25634765625,-0.13427734375,0.0244140625,-0.1708984375,0.40283203125,-1.025390625,-0.29296875,-1.0009765625,0,-0.87890625,-0.06103515625,-0.8544921875,0,-0.4150390625,0.01220703125,7.89794921875,-0.13427734375,3.4423828125,-0.1220703125,2.81982421875,0,5.60302734375,-0.06103515625,0.30517578125,0.0732421875,0,-0.0732421875,0,0.01220703125,0.15869140625,-0.15869140625,-0.03662109375,-0.08544921875,0.78125,0.06103515625,-0.5126953125,-0.03662109375,-0.54931640625
0,-0.20751953125,-0.35400390625,-0.1220703125,-0.37841796875,0.0244140625,-0.42724609375,0.03662109375,-0.09765625,0,-0.0244140625,0.01220703125,-0.87890625,-0.048828125,1.123046875,-0.146484375,-0.20751953125,-0.0732421875,-0.5615234375,0.15869140625,-0.15869140625,-0.13427734375,0.87890625,-0.06103515625,-0.634765625,-0.18310546875,0.0244140625,0.30517578125,-0.23193359375,-0.09765625,1.66015625,-0.0244140625,0.76904296875,0,-0.3662109375,-0.01220703125,-0.87890625,-0.048828125,-0.42724609375,-0.47607421875,-0.74462890625,0.15869140625,-0.1708984375,-0.06103515625,-0.64697265625,0.06103515625,-0.42724609375,0.048828125,0.64697265625,0.3173828125,1.171875,-0.0244140625,0.45166015625,-0.146484375,-0.18310546875,0.1708984375,0.72021484375,-0.42724609375,3.84521484375,-0.01220703125,4.248046875,-0.13427734375,2.74658203125,0.20751953125,3.61328125,-0.08544921875,0.13427734375,-0.341796875,0.98876953125,-0.1953125,0.2197265625,-0.30517578125,0.1708984375,-0.2685546875,0.18310546875,0.23193359375,0.81787109375,0.13427734375,0.01220703125,0,1.26953125,-0.10986328125,-1.025390625,-0.23193359375,-0.390625,-0.13427734375,-1.01318359375,-0.15869140625,-0.8056640625,0.09765625,-1.28173828125,-0.341796875,-0.03662109375,0.01220703125,-0.09765625,0.2685546875,-0.91552734375,-0.23193359375,-1.0009765625,-0.0244140625,-0.86669921875,-0.06103515625,-0.830078125,-0.08544921875,-0.4150390625,-0.0732421875,6.7626953125,-0.0732421875,2.79541015625,-0.1220703125,2.294921875,-0.0732421875,4.94384765625,-0.0244140625,0.3173828125,0.10986328125,0,-0.06103515625,-0.01220703125,0,0.18310546875,-0.146484375,-0.0732421875,-0.0732421875,0.8056640625,0.0732421875,-0.5126953125,-0.03662109375,-0.57373046875
0,-0.20751953125,-0.3662109375,-0.1220703125,-0.37841796875,0.03662109375,-0.4150390625,0.03662109375,-0.10986328125,0,-0.0244140625,0.0244140625,-0.86669921875,-0.0732421875,1.123046875,-0.146484375,-0.20751953125,-0.18310546875,-0.5615234375,0.13427734375,-0.15869140625,-0.244140625,0.9033203125,-0.048828125,-0.6103515625,-0.048828125,0.08544921875,0.47607421875,-0.1708984375,0.0244140625,1.708984375,0.06103515625,0.8056640625,-0.03662109375,-0.35400390625,0.06103515625,-0.87890625,-0.09765625,-0.4638671875,-0.35400390625,-0.74462890625,0.08544921875,-0.1953125,-0.10986328125,-0.634765625,0.09765625,-0.4150390625,0.03662109375,0.64697265625,0.35400390625,1.1962890625,-0.048828125,0.42724609375,-0.18310546875,-0.2197265625,0.09765625,0.72021484375,-0.48828125,3.30810546875,0.048828125,3.61328125,-0.0732421875,2.38037109375,0.25634765625,3.076171875,-0.01220703125,0.18310546875,-0.25634765625,0.98876953125,-0.146484375,0.2197265625,-0.3173828125,0.20751953125,-0.28076171875,0.20751953125,0.244140625,0.81787109375,0.13427734375,0.01220703125,-0.03662109375,1.2939453125,-0.146484375,-1.03759765625,-0.244140625,-0.390625,-0.09765625,-1.01318359375,-0.15869140625,-0.8056640625,-0.0732421875,-1.171875,-0.42724609375,0.03662109375,-0.01220703125,-0.0244140625,0.0732421875,-0.84228515625,-0.23193359375,-0.9765625,-0.048828125,-0.86669921875,-0.1220703125,-0.84228515625,-0.13427734375,-0.40283203125,-0.10986328125,5.55419921875,-0.08544921875,2.099609375,-0.08544921875,1.7578125,-0.10986328125,4.19921875,-0.048828125,0.3173828125,0.1220703125,0,-0.06103515625,0,0,0.18310546875,-0.15869140625,-0.06103515625,-0.08544921875,0.84228515625,0.0732421875,-0.50048828125,-0.03662109375,-0.54931640625
0,-0.1708984375,-0.3662109375,-0.13427734375,-0.390625,0.048828125,-0.4150390625,0,-0.1220703125,-0.0244140625,-0.01220703125,0.0732421875,-0.86669921875,-0.0732421875,1.11083984375,-0.13427734375,-0.23193359375,-0.2197265625,-0.5615234375,0.09765625,-0.146484375,-0.2685546875,0.87890625,-0.08544921875,-0.6103515625,-0.0732421875,0.18310546875,0.40283203125,-0.15869140625,0.0244140625,1.708984375,0.03662109375,0.78125,-0.048828125,-0.37841796875,0.1953125,-0.89111328125,-0.10986328125,-0.48828125,-0.23193359375,-0.76904296875,0.01220703125,-0.2197265625,-0.10986328125,-0.64697265625,0.08544921875,-0.4150390625,0.01220703125,0.62255859375,0.390625,1.20849609375,-0.0732421875,0.439453125,-0.1708984375,-0.244140625,-0.048828125,0.72021484375,-0.47607421875,2.83203125,0.20751953125,2.96630859375,0.03662109375,2.08740234375,0.35400390625,2.60009765625,0.0244140625,0.20751953125,-0.18310546875,0.98876953125,-0.1220703125,0.20751953125,-0.29296875,0.1953125,-0.29296875,0.2197265625,0.25634765625,0.79345703125,0.15869140625,0.06103515625,-0.10986328125,1.2939453125,-0.15869140625,-1.01318359375,-0.2685546875,-0.390625,-0.08544921875,-1.0009765625,-0.15869140625,-0.79345703125,-0.06103515625,-1.07421875,-0.37841796875,0.08544921875,0.01220703125,0.06103515625,0.048828125,-0.7568359375,-0.25634765625,-1.0009765625,-0.09765625,-0.8544921875,-0.13427734375,-0.8544921875,-0.1708984375,-0.40283203125,-0.15869140625,4.35791015625,-0.08544921875,1.416015625,-0.048828125,1.1962890625,-0.09765625,3.50341796875,0,0.3662109375,0.10986328125,0,-0.06103515625,-0.01220703125,0,0.18310546875,-0.18310546875,-0.0732421875,-0.08544921875,0.8544921875,0.0732421875,-0.48828125,-0.03662109375,-0.537109375
0,-0.10986328125,-0.3662109375,-0.15869140625,-0.40283203125,0.048828125,-0.42724609375,0,-0.1220703125,0,0,0.0732421875,-0.8544921875,-0.10986328125,1.13525390625,-0.13427734375,-0.2197265625,-0.20751953125,-0.5615234375,0.0244140625,-0.1220703125,-0.2197265625,0.87890625,-0.15869140625,-0.6103515625,-0.03662109375,0.1953125,0.341796875,-0.1708984375,0.048828125,1.66015625,0.10986328125,0.7568359375,-0.048828125,-0.4150390625,0.2685546875,-0.87890625,-0.13427734375,-0.5126953125,-0.13427734375,-0.79345703125,-0.1220703125,-0.23193359375,-0.08544921875,-0.64697265625,0.0244140625,-0.42724609375,-0.03662109375,0.6103515625,0.37841796875,1.20849609375,-0.13427734375,0.439453125,-0.18310546875,-0.25634765625,-0.20751953125,0.72021484375,-0.47607421875,2.38037109375,0.25634765625,2.3681640625,0.06103515625,1.86767578125,0.32958984375,2.1728515625,0.048828125,0.25634765625,-0.06103515625,0.98876953125,-0.1220703125,0.2197265625,-0.28076171875,0.18310546875,-0.25634765625,0.23193359375,0.2685546875,0.79345703125,0.1220703125,0.03662109375,-0.146484375,1.318359375,-0.1220703125,-1.01318359375,-0.244140625,-0.390625,-0.048828125,-0.98876953125,-0.1953125,-0.79345703125,-0.15869140625,-1.08642578125,-0.390625,0.10986328125,-0.0732421875,0.09765625,-0.06103515625,-0.7080078125,-0.25634765625,-1.0009765625,-0.146484375,-0.86669921875,-0.15869140625,-0.86669921875,-0.1708984375,-0.390625,-0.09765625,3.23486328125,-0.09765625,0.76904296875,-0.0244140625,0.69580078125,-0.06103515625,2.81982421875,0.0244140625,0.37841796875,0.1220703125,0.01220703125,-0.06103515625,-0.01220703125,0,0.1953125,-0.1953125,-0.08544921875,-0.0732421875,0.87890625,0.06103515625,-0.50048828125,-0.06103515625,-0.537109375
1,-0.13427734375,-0.37841796875,-0.146484375,-0.37841796875,0.0732421875,-0.4150390625,0,-0.10986328125,0,0,0.08544921875,-0.8544921875,-0.1220703125,1.11083984375,-0.09765625,-0.15869140625,-0.1220703125,-0.5859375,-0.06103515625,-0.13427734375,-0.146484375,0.86669921875,-0.2685546875,-0.59814453125,0,0.1708984375,0.23193359375,-0.20751953125,0,1.5869140625,0.08544921875,0.7080078125,-0.03662109375,-0.4150390625,0.32958984375,-0.87890625,-0.1220703125,-0.52490234375,-0.048828125,-0.79345703125,-0.25634765625,-0.23193359375,0.0244140625,-0.64697265625,-0.03662109375,-0.42724609375,0,0.6103515625,0.341796875,1.18408203125,-0.13427734375,0.45166015625,-0.2197265625,-0.244140625,-0.3662109375,0.72021484375,-0.45166015625,2.0751953125,0.30517578125,1.8798828125,0.146484375,1.6357421875,0.341796875,1.81884765625,0.09765625,0.3173828125,0.01220703125,1.0009765625,-0.09765625,0.2197265625,-0.23193359375,0.2197265625,-0.15869140625,0.244140625,0.25634765625,0.8056640625,0.0732421875,0.0732421875,-0.18310546875,1.33056640625,-0.13427734375,-1.025390625,-0.1953125,-0.40283203125,0.01220703125,-0.96435546875,-0.23193359375,-0.79345703125,-0.20751953125,-1.0986328125,-0.3662109375,0.13427734375,-0.1220703125,0.1708984375,-0.06103515625,-0.64697265625,-0.25634765625,-0.98876953125,-0.18310546875,-0.87890625,-0.20751953125,-0.8544921875,-0.15869140625,-0.4150390625,-0.0244140625,2.25830078125,-0.09765625,0.2197265625,0.0244140625,0.2197265625,-0.08544921875,2.23388671875,0.03662109375,0.390625,0.1220703125,0,-0.06103515625,0.01220703125,0,0.1953125,-0.18310546875,-0.0732421875,-0.06103515625,0.86669921875,0.0244140625,-0.47607421875,-0.048828125,-0.537109375
1,-0.1220703125,-0.3662109375,-0.18310546875,-0.35400390625,0.06103515625,-0.42724609375,-0.03662109375,-0.09765625,-0.0244140625,0.01220703125,0.10986328125,-0.86669921875,-0.10986328125,1.13525390625,-0.10986328125,-0.13427734375,0,-0.5859375,-0.1220703125,-0.146484375,0.03662109375,0.86669921875,-0.37841796875,-0.6103515625,0,0.13427734375,0.08544921875,-0.30517578125,-0.06103515625,1.50146484375,0.0244140625,0.6591796875,0.01220703125,-0.40283203125,0.42724609375,-0.86669921875,-0.1220703125,-0.50048828125,-0.0244140625,-0.79345703125,-0.35400390625,-0.2197265625,0.08544921875,-0.6591796875,-0.146484375,-0.439453125,0.03662109375,0.634765625,0.25634765625,1.15966796875,-0.1708984375,0.47607421875,-0.20751953125,-0.23193359375,-0.45166015625,0.732421875,-0.3662109375,1.81884765625,0.25634765625,1.46484375,0.1708984375,1.4892578125,0.30517578125,1.5869140625,0.0732421875,0.35400390625,0.08544921875,1.0009765625,-0.09765625,0.20751953125,-0.15869140625,0.1953125,-0.03662109375,0.244140625,0.2197265625,0.830078125,0.03662109375,0.03662109375,-0.20751953125,1.318359375,-0.09765625,-1.025390625,-0.13427734375,-0.37841796875,0.0244140625,-0.9765625,-0.244140625,-0.78125,-0.15869140625,-1.11083984375,-0.28076171875,0.1708984375,-0.146484375,0.244140625,0.0732421875,-0.52490234375,-0.25634765625,-0.98876953125,-0.1953125,-0.87890625,-0.23193359375,-0.86669921875,-0.146484375,-0.4150390625,0.03662109375,1.416015625,-0.13427734375,-0.2685546875,0.048828125,-0.146484375,-0.10986328125,1.708984375,0.03662109375,0.390625,0.13427734375,0,-0.0732421875,0.0244140625,0,0.18310546875,-0.1708984375,-0.0732421875,-0.08544921875,0.86669921875,-0.0244140625,-0.47607421875,-0.03662109375,-0.52490234375
1,-0.1220703125,-0.3662109375,-0.18310546875,-0.3173828125,0.0732421875,-0.40283203125,-0.01220703125,-0.03662109375,0,0.0244140625,0.10986328125,-0.84228515625,-0.10986328125,1.11083984375,-0.08544921875,-0.10986328125,0.10986328125,-0.59814453125,-0.23193359375,-0.15869140625,0.244140625,0.87890625,-0.47607421875,-0.59814453125,0.01220703125,0.0732421875,0,-0.390625,-0.09765625,1.416015625,-0.06103515625,0.59814453125,0.06103515625,-0.40283203125,0.47607421875,-0.86669921875,-0.1220703125,-0.48828125,-0.048828125,-0.78125,-0.4150390625,-0.20751953125,0.13427734375,-0.67138671875,-0.23193359375,-0.45166015625,0.0732421875,0.634765625,0.1953125,1.123046875,-0.15869140625,0.48828125,-0.15869140625,-0.23193359375,-0.50048828125,0.72021484375,-0.341796875,1.67236328125,0.2197265625,1.171875,0.146484375,1.3671875,0.25634765625,1.3916015625,0.06103515625,0.341796875,0.1708984375,1.01318359375,-0.09765625,0.20751953125,-0.10986328125,0.1953125,0.06103515625,0.25634765625,0.1708984375,0.79345703125,0.01220703125,0.03662109375,-0.25634765625,1.3427734375,-0.048828125,-1.01318359375,-0.0732421875,-0.40283203125,0,-0.98876953125,-0.20751953125,-0.79345703125,-0.2197265625,-1.0986328125,-0.30517578125,0.25634765625,-0.244140625,0.35400390625,0.1220703125,-0.40283203125,-0.20751953125,-1.01318359375,-0.1953125,-0.87890625,-0.20751953125,-0.87890625,-0.09765625,-0.40283203125,0.09765625,0.68359375,-0.15869140625,-0.69580078125,0.048828125,-0.47607421875,-0.146484375,1.25732421875,0.03662109375,0.390625,0.146484375,0.01220703125,-0.06103515625,0.048828125,-0.01220703125,0.18310546875,-0.15869140625,-0.03662109375,-0.09765625,0.87890625,-0.048828125,-0.47607421875,-0.0244140625,-0.52490234375
1,-0.0732421875,-0.341796875,-0.1708984375,-0.30517578125,0.06103515625,-0.40283203125,-0.0244140625,-0.03662109375,0,0,0.13427734375,-0.8544921875,-0.10986328125,1.123046875,-0.0732421875,-0.09765625,0.15869140625,-0.59814453125,-0.25634765625,-0.146484375,0.390625,0.87890625,-0.48828125,-0.59814453125,-0.03662109375,0.048828125,-0.09765625,-0.439453125,-0.10986328125,1.3671875,-0.20751953125,0.59814453125,0.13427734375,-0.4150390625,0.4638671875,-0.8544921875,-0.10986328125,-0.42724609375,-0.08544921875,-0.78125,-0.37841796875,-0.18310546875,0.146484375,-0.67138671875,-0.28076171875,-0.4638671875,0.10986328125,0.6591796875,0.10986328125,1.07421875,-0.146484375,0.48828125,-0.15869140625,-0.23193359375,-0.48828125,0.732421875,-0.25634765625,1.59912109375,0.10986328125,1.025390625,0.146484375,1.28173828125,0.244140625,1.3427734375,0.06103515625,0.35400390625,0.23193359375,1.06201171875,-0.0732421875,0.1953125,-0.0732421875,0.1953125,0.1220703125,0.2685546875,0.06103515625,0.830078125,-0.0244140625,0.01220703125,-0.28076171875,1.35498046875,-0.0244140625,-1.01318359375,-0.0244140625,-0.390625,-0.0244140625,-0.98876953125,-0.146484375,-0.79345703125,-0.1708984375,-1.03759765625,-0.29296875,0.341796875,-0.23193359375,0.48828125,0.1953125,-0.2685546875,-0.18310546875,-1.0009765625,-0.2197265625,-0.87890625,-0.15869140625,-0.86669921875,-0.06103515625,-0.4150390625,0.10986328125,0.0732421875,-0.1953125,-1.025390625,0.0732421875,-0.7568359375,-0.15869140625,0.89111328125,0.048828125,0.390625,0.146484375,0.0244140625,-0.048828125,0.06103515625,0.0244140625,0.1708984375,-0.146484375,-0.01220703125,-0.1220703125,0.86669921875,-0.048828125,-0.48828125,-0.0244140625,-0.52490234375
1,-0.03662109375,-0.32958984375,-0.18310546875,-0.30517578125,0.08544921875,-0.4150390625,-0.01220703125,-0.0244140625,0.03662109375,-0.01220703125,0.15869140625,-0.86669921875,-0.1220703125,1.123046875,-0.06103515625,-0.10986328125,0.15869140625,-0.6103515625,-0.1953125,-0.15869140625,0.439453125,0.86669921875,-0.45166015625,-0.59814453125,0.01220703125,0.06103515625,-0.09765625,-0.439453125,-0.08544921875,1.3916015625,-0.25634765625,0.62255859375,0.18310546875,-0.3662109375,0.439453125,-0.84228515625,-0.10986328125,-0.37841796875,-0.15869140625,-0.76904296875,-0.25634765625,-0.146484375,0.1220703125,-0.67138671875,-0.2685546875,-0.4638671875,0.1220703125,0.6591796875,0.10986328125,1.07421875,-0.15869140625,0.4638671875,-0.08544921875,-0.20751953125,-0.47607421875,0.7080078125,-0.20751953125,1.62353515625,0.08544921875,1.03759765625,0.09765625,1.23291015625,0.13427734375,1.3671875,0.0732421875,0.3662109375,0.2685546875,1.03759765625,-0.048828125,0.1953125,-0.0732421875,0.18310546875,0.18310546875,0.23193359375,-0.03662109375,0.84228515625,-0.048828125,0.01220703125,-0.2685546875,1.35498046875,0.03662109375,-0.98876953125,0.0244140625,-0.37841796875,-0.09765625,-0.98876953125,-0.0732421875,-0.8056640625,-0.09765625,-0.9033203125,-0.244140625,0.47607421875,-0.23193359375,0.634765625,0.2197265625,-0.09765625,-0.1953125,-1.0009765625,-0.1953125,-0.86669921875,-0.048828125,-0.89111328125,-0.048828125,-0.4150390625,0.09765625,-0.42724609375,-0.2197265625,-1.3427734375,0.09765625,-0.98876953125,-0.13427734375,0.537109375,0.03662109375,0.37841796875,0.146484375,0.0244140625,-0.0732421875,0.03662109375,0.048828125,0.15869140625,-0.13427734375,-0.01220703125,-0.1220703125,0.830078125,-0.03662109375,-0.48828125,0,-0.54931640625
1,0,-0.3173828125,-0.1708984375,-0.32958984375,0.10986328125,-0.4150390625,-0.01220703125,-0.03662109375,0.01220703125,-0.0244140625,0.15869140625,-0.89111328125,-0.10986328125,1.13525390625,-0.048828125,-0.13427734375,0.146484375,-0.62255859375,-0.0732421875,-0.1708984375,0.439453125,0.89111328125,-0.341796875,-0.6103515625,0.1220703125,0.10986328125,-0.08544921875,-0.390625,-0.0244140625,1.4892578125,-0.28076171875,0.732421875,0.20751953125,-0.341796875,0.4150390625,-0.8544921875,-0.10986328125,-0.32958984375,-0.23193359375,-0.7568359375,-0.146484375,-0.146484375,0.09765625,-0.6591796875,-0.2197265625,-0.4638671875,0.1220703125,0.64697265625,0.08544921875,1.06201171875,-0.1220703125,0.4638671875,-0.03662109375,-0.1708984375,-0.48828125,0.7080078125,-0.146484375,1.7578125,0.15869140625,1.23291015625,0.0244140625,1.30615234375,0.10986328125,1.50146484375,0.10986328125,0.390625,0.3173828125,1.0498046875,-0.0244140625,0.20751953125,-0.08544921875,0.18310546875,0.20751953125,0.2197265625,-0.15869140625,0.84228515625,-0.08544921875,0,-0.2685546875,1.318359375,0.08544921875,-0.9765625,0.0244140625,-0.3662109375,-0.18310546875,-0.98876953125,-0.01220703125,-0.78125,-0.03662109375,-0.79345703125,-0.244140625,0.5859375,-0.15869140625,0.78125,0.1708984375,0.08544921875,-0.25634765625,-0.98876953125,-0.146484375,-0.8544921875,0.01220703125,-0.9033203125,-0.0244140625,-0.4150390625,0.09765625,-0.86669921875,-0.2685546875,-1.59912109375,0.09765625,-1.18408203125,-0.09765625,0.25634765625,0.03662109375,0.37841796875,0.1220703125,0.0244140625,-0.0732421875,0.048828125,0.048828125,0.18310546875,-0.146484375,-0.01220703125,-0.08544921875,0.8544921875,-0.01220703125,-0.47607421875,-0.0244140625,-0.54931640625
1,0.048828125,-0.3173828125,-0.1708984375,-0.32958984375,0.1220703125,-0.40283203125,0.0244140625,-0.03662109375,0.01220703125,-0.03662109375,0.18310546875,-0.9033203125,-0.09765625,1.13525390625,-0.01220703125,-0.18310546875,0.1220703125,-0.59814453125,0.048828125,-0.15869140625,0.3173828125,0.9033203125,-0.15869140625,-0.634765625,0.03662109375,0.1953125,-0.048828125,-0.2685546875,0.048828125,1.6357421875,-0.28076171875,0.87890625,0.1953125,-0.3662109375,0.3173828125,-0.8544921875,-0.15869140625,-0.3173828125,-0.2685546875,-0.76904296875,0.0244140625,-0.10986328125,0.08544921875,-0.6591796875,-0.09765625,-0.4638671875,0.09765625,0.6591796875,0.06103515625,1.11083984375,-0.0732421875,0.439453125,-0.01220703125,-0.146484375,-0.45166015625,0.69580078125,-0.1220703125,2.01416015625,0.1953125,1.611328125,-0.01220703125,1.46484375,0.048828125,1.7822265625,0.15869140625,0.37841796875,0.30517578125,1.0498046875,0.01220703125,0.2197265625,-0.10986328125,0.1708984375,0.20751953125,0.20751953125,-0.23193359375,0.84228515625,-0.09765625,0,-0.2685546875,1.30615234375,0.13427734375,-0.9765625,0.048828125,-0.40283203125,-0.244140625,-0.98876953125,0.0244140625,-0.79345703125,0.048828125,-0.64697265625,-0.28076171875,0.68359375,-0.06103515625,0.89111328125,0.0732421875,0.1953125,-0.30517578125,-0.98876953125,-0.08544921875,-0.8544921875,0.06103515625,-0.87890625,0,-0.40283203125,0.048828125,-1.23291015625,-0.28076171875,-1.7822265625,0.08544921875,-1.33056640625,-0.13427734375,0.01220703125,0.0244140625,0.37841796875,0.09765625,0.03662109375,-0.048828125,0.06103515625,0.06103515625,0.18310546875,-0.1220703125,-0.0244140625,-0.08544921875,0.8544921875,0.01220703125,-0.47607421875,-0.03662109375,-0.54931640625
1,0.06103515625,-0.3173828125,-0.20751953125,-0.35400390625,0.15869140625,-0.40283203125,0,-0.0732421875,0.0244140625,-0.048828125,0.1953125,-0.91552734375,-0.0732421875,1.123046875,-0.01220703125,-0.1953125,0.048828125,-0.59814453125,0.1708984375,-0.1708984375,0.20751953125,0.89111328125,0.03662109375,-0.6103515625,-0.06103515625,0.3173828125,-0.048828125,-0.15869140625,0.048828125,1.84326171875,-0.244140625,1.025390625,0.146484375,-0.35400390625,0.1953125,-0.86669921875,-0.1708984375,-0.32958984375,-0.32958984375,-0.7568359375,0.20751953125,-0.13427734375,0.09765625,-0.64697265625,0,-0.4638671875,0.0732421875,0.64697265625,0.0244140625,1.123046875,-0.0244140625,0.4150390625,0.0732421875,-0.146484375,-0.37841796875,0.7080078125,-0.10986328125,2.4169921875,0.1953125,2.16064453125,-0.08544921875,1.7578125,0.048828125,2.20947265625,0.20751953125,0.390625,0.244140625,1.025390625,0.0244140625,0.20751953125,-0.146484375,0.18310546875,0.20751953125,0.1953125,-0.2685546875,0.81787109375,-0.0732421875,0.01220703125,-0.28076171875,1.2939453125,0.15869140625,-0.9765625,0.01220703125,-0.390625,-0.29296875,-1.0009765625,0.0244140625,-0.76904296875,0.08544921875,-0.537109375,-0.2685546875,0.78125,0.0244140625,0.9765625,0.01220703125,0.30517578125,-0.341796875,-0.98876953125,0,-0.8544921875,0.06103515625,-0.89111328125,0.01220703125,-0.390625,-0.048828125,-1.513671875,-0.35400390625,-1.94091796875,0.048828125,-1.45263671875,-0.18310546875,-0.1708984375,0.048828125,0.3662109375,0.0732421875,0.03662109375,-0.06103515625,0.0244140625,0.0732421875,0.1953125,-0.1220703125,-0.06103515625,-0.048828125,0.87890625,0.01220703125,-0.48828125,-0.03662109375,-0.54931640625
1,0.10986328125,-0.32958984375,-0.1953125,-0.3662109375,0.146484375,-0.4150390625,0.0244140625,-0.08544921875,0.01220703125,-0.01220703125,0.1953125,-0.91552734375,-0.06103515625,1.13525390625,0,-0.1953125,-0.0244140625,-0.5859375,0.2197265625,-0.18310546875,0.1220703125,0.89111328125,0.20751953125,-0.6103515625,0.0244140625,0.439453125,0.0244140625,-0.06103515625,0.10986328125,2.01416015625,-0.1708984375,1.1474609375,0.08544921875,-0.35400390625,0.09765625,-0.87890625,-0.2197265625,-0.3662109375,-0.37841796875,-0.7568359375,0.29296875,-0.15869140625,0.09765625,-0.64697265625,0.09765625,-0.439453125,0.09765625,0.634765625,0.01220703125,1.1474609375,0.0244140625,0.42724609375,0.13427734375,-0.13427734375,-0.28076171875,0.7080078125,-0.15869140625,2.9296875,0.18310546875,2.94189453125,-0.146484375,2.18505859375,0.01220703125,2.77099609375,0.2685546875,0.37841796875,0.1708984375,1.025390625,0.0244140625,0.2197265625,-0.1953125,0.1953125,0.2197265625,0.20751953125,-0.3173828125,0.8056640625,-0.03662109375,0,-0.30517578125,1.2939453125,0.1708984375,-0.9521484375,-0.0244140625,-0.390625,-0.29296875,-1.01318359375,0.03662109375,-0.76904296875,0.15869140625,-0.48828125,-0.29296875,0.76904296875,0.1220703125,0.9765625,-0.0732421875,0.32958984375,-0.32958984375,-1.0009765625,0.06103515625,-0.87890625,0.0732421875,-0.87890625,0.01220703125,-0.40283203125,0,-1.6845703125,-0.3173828125,-2.0263671875,0.03662109375,-1.513671875,-0.1953125,-0.28076171875,0.03662109375,0.341796875,0.06103515625,0.03662109375,-0.08544921875,0.0244140625,0.09765625,0.18310546875,-0.13427734375,-0.06103515625,-0.0244140625,0.86669921875,0.0244140625,-0.47607421875,-0.048828125,-0.52490234375
1,0.1220703125,-0.35400390625,-0.1953125,-0.3662109375,0.1953125,-0.42724609375,0.0244140625,-0.09765625,0,-0.03662109375,0.2197265625,-0.9033203125,-0.06103515625,1.0986328125,0,-0.20751953125,-0.10986328125,-0.5859375,0.23193359375,-0.1708984375,0.06103515625,0.89111328125,0.30517578125,-0.6103515625,0,0.50048828125,0.08544921875,0.0244140625,0.10986328125,2.1484375,-0.13427734375,1.220703125,0,-0.35400390625,0.03662109375,-0.9033203125,-0.2685546875,-0.4150390625,-0.32958984375,-0.74462890625,0.3173828125,-0.18310546875,0.146484375,-0.634765625,0.1708984375,-0.439453125,0.09765625,0.6103515625,0.01220703125,1.15966796875,0.0244140625,0.439453125,0.1708984375,-0.13427734375,-0.244140625,0.7080078125,-0.18310546875,3.61328125,0.0732421875,3.89404296875,-0.1220703125,2.77099609375,0,3.4912109375,0.28076171875,0.390625,0.10986328125,1.01318359375,0.01220703125,0.20751953125,-0.23193359375,0.20751953125,0.20751953125,0.2197265625,-0.3173828125,0.78125,0.01220703125,0.03662109375,-0.30517578125,1.30615234375,0.146484375,-0.96435546875,-0.06103515625,-0.37841796875,-0.244140625,-1.01318359375,-0.03662109375,-0.76904296875,0.15869140625,-0.52490234375,-0.3173828125,0.72021484375,0.15869140625,0.927734375,-0.1220703125,0.25634765625,-0.244140625,-0.98876953125,0.09765625,-0.87890625,0.0244140625,-0.86669921875,-0.0244140625,-0.390625,0.03662109375,-1.77001953125,-0.28076171875,-2.0751953125,0.0244140625,-1.5625,-0.20751953125,-0.3173828125,0,0.3662109375,0.08544921875,0.048828125,-0.06103515625,0.0244140625,0.09765625,0.20751953125,-0.13427734375,-0.0732421875,-0.01220703125,0.8544921875,0,-0.47607421875,-0.06103515625,-0.5126953125
1,0.146484375,-0.3662109375,-0.18310546875,-0.341796875,0.20751953125,-0.4150390625,0.01220703125,-0.08544921875,0,-0.01220703125,0.244140625,-0.91552734375,-0.048828125,1.0986328125,-0.01220703125,-0.18310546875,-0.1708984375,-0.5859375,0.1953125,-0.1708984375,0.10986328125,0.8544921875,0.28076171875,-0.59814453125,0.08544921875,0.537109375,0.1708984375,0.048828125,0.146484375,2.1728515625,0.0244140625,1.23291015625,-0.08544921875,-0.35400390625,0.048828125,-0.89111328125,-0.29296875,-0.4638671875,-0.341796875,-0.7568359375,0.23193359375,-0.20751953125,0.1708984375,-0.64697265625,0.18310546875,-0.42724609375,0.13427734375,0.59814453125,0.03662109375,1.18408203125,0.01220703125,0.439453125,0.23193359375,-0.15869140625,-0.18310546875,0.732421875,-0.244140625,4.4189453125,0.03662109375,5.029296875,-0.146484375,3.41796875,-0.048828125,4.345703125,0.30517578125,0.37841796875,0.03662109375,1.01318359375,0,0.2197265625,-0.2685546875,0.20751953125,0.1708984375,0.2197265625,-0.30517578125,0.7568359375,0.0732421875,0.03662109375,-0.3173828125,1.2939453125,0.09765625,-0.9765625,-0.10986328125,-0.37841796875,-0.1708984375,-1.01318359375,-0.09765625,-0.7568359375,0.1953125,-0.64697265625,-0.30517578125,0.6103515625,0.10986328125,0.830078125,-0.146484375,0.146484375,-0.1708984375,-0.98876953125,0.1220703125,-0.89111328125,-0.0244140625,-0.8544921875,-0.0244140625,-0.40283203125,0.08544921875,-1.7333984375,-0.244140625,-2.05078125,0,-1.513671875,-0.2197265625,-0.28076171875,0.0244140625,0.3662109375,0.0732421875,0.03662109375,-0.06103515625,0,0.09765625,0.20751953125,-0.13427734375,-0.08544921875,0.0244140625,0.84228515625,0,-0.48828125,-0.01220703125,-0.50048828125
1,0.15869140625,-0.3662109375,-0.18310546875,-0.35400390625,0.2197265625,-0.4150390625,0.0244140625,-0.0732421875,-0.01220703125,-0.01220703125,0.25634765625,-0.87890625,-0.01220703125,1.08642578125,-0.0244140625,-0.18310546875,-0.13427734375,-0.59814453125,0.1220703125,-0.146484375,0.10986328125,0.87890625,0.18310546875,-0.5859375,0.15869140625,0.537109375,0.1220703125,0.01220703125,0.146484375,2.13623046875,0.0732421875,1.18408203125,-0.146484375,-0.37841796875,0.0732421875,-0.89111328125,-0.2685546875,-0.50048828125,-0.3173828125,-0.74462890625,0.10986328125,-0.2197265625,0.1708984375,-0.64697265625,0.1220703125,-0.42724609375,0.1953125,0.57373046875,0.06103515625,1.171875,-0.048828125,0.45166015625,0.2685546875,-0.13427734375,-0.06103515625,0.732421875,-0.29296875,5.31005859375,0.048828125,6.201171875,-0.18310546875,4.16259765625,-0.10986328125,5.28564453125,0.2685546875,0.37841796875,0.01220703125,1.0009765625,-0.03662109375,0.244140625,-0.32958984375,0.2197265625,0.13427734375,0.25634765625,-0.3173828125,0.69580078125,0.1220703125,0.0732421875,-0.32958984375,1.318359375,0.06103515625,-0.9765625,-0.1220703125,-0.390625,-0.08544921875,-1.01318359375,-0.1708984375,-0.7568359375,0.15869140625,-0.8056640625,-0.35400390625,0.48828125,0.0244140625,0.732421875,-0.15869140625,-0.03662109375,-0.0244140625,-0.98876953125,0.146484375,-0.87890625,-0.06103515625,-0.87890625,-0.03662109375,-0.4150390625,0.1220703125,-1.611328125,-0.1953125,-1.94091796875,0.01220703125,-1.4404296875,-0.2197265625,-0.18310546875,0.01220703125,0.35400390625,0.0732421875,0.03662109375,-0.06103515625,0.01220703125,0.09765625,0.20751953125,-0.1220703125,-0.08544921875,0.03662109375,0.8544921875,-0.01220703125,-0.48828125,-0.01220703125,-0.5126953125
1,0.1953125,-0.37841796875,-0.20751953125,-0.35400390625,0.2685546875,-0.390625,-0.01220703125,-0.0732421875,-0.01220703125,0,0.2685546875,-0.87890625,0.01220703125,1.11083984375,-0.01220703125,-0.15869140625,-0.06103515625,-0.6103515625,0,-0.13427734375,0.146484375,0.86669921875,-0.01220703125,-0.59814453125,0.2685546875,0.52490234375,0.1220703125,-0.08544921875,0.18310546875,2.01416015625,0.1953125,1.06201171875,-0.15869140625,-0.37841796875,0.06103515625,-0.89111328125,-0.23193359375,-0.50048828125,-0.29296875,-0.76904296875,-0.03662109375,-0.2197265625,0.2197265625,-0.64697265625,0.048828125,-0.42724609375,0.23193359375,0.5859375,0.08544921875,1.13525390625,-0.048828125,0.4638671875,0.28076171875,-0.146484375,0.0244140625,0.72021484375,-0.29296875,6.21337890625,-0.0244140625,7.38525390625,-0.13427734375,4.9072265625,-0.1708984375,6.18896484375,0.25634765625,0.341796875,-0.048828125,1.01318359375,-0.0732421875,0.23193359375,-0.32958984375,0.1953125,0.0732421875,0.25634765625,-0.28076171875,0.7568359375,0.1220703125,0.06103515625,-0.29296875,1.318359375,0,-0.96435546875,-0.1220703125,-0.37841796875,-0.03662109375,-0.98876953125,-0.2197265625,-0.7568359375,0.048828125,-1.01318359375,-0.35400390625,0.390625,-0.0732421875,0.62255859375,-0.13427734375,-0.18310546875,-0.01220703125,-0.98876953125,0.2197265625,-0.87890625,-0.09765625,-0.86669921875,-0.0732421875,-0.4150390625,0.1708984375,-1.416015625,-0.1708984375,-1.8310546875,-0.0244140625,-1.3427734375,-0.23193359375,-0.03662109375,0.03662109375,0.3662109375,0.08544921875,0.0244140625,-0.06103515625,0,0.10986328125,0.20751953125,-0.1220703125,-0.0732421875,0.03662109375,0.81787109375,-0.048828125,-0.50048828125,0.0244140625,-0.50048828125
1,0.20751953125,-0.37841796875,-0.1708984375,-0.3662109375,0.25634765625,-0.40283203125,-0.01220703125,-0.048828125,-0.0244140625,0,0.2685546875,-0.86669921875,0.01220703125,1.0986328125,-0.01220703125,-0.13427734375,0.01220703125,-0.6103515625,-0.13427734375,-0.13427734375,0.20751953125,0.86669921875,-0.20751953125,-0.6103515625,0.341796875,0.5615234375,0.06103515625,-0.1708984375,0.20751953125,1.8798828125,0.29296875,0.9765625,-0.146484375,-0.390625,0.0732421875,-0.87890625,-0.146484375,-0.50048828125,-0.28076171875,-0.76904296875,-0.15869140625,-0.2197265625,0.20751953125,-0.64697265625,-0.03662109375,-0.42724609375,0.28076171875,0.59814453125,0.08544921875,1.0986328125,-0.09765625,0.48828125,0.30517578125,-0.146484375,0.08544921875,0.72021484375,-0.341796875,7.0556640625,-0.08544921875,8.43505859375,-0.13427734375,5.52978515625,-0.23193359375,7.04345703125,0.23193359375,0.32958984375,-0.1220703125,1.01318359375,-0.1220703125,0.2197265625,-0.35400390625,0.20751953125,0,0.2685546875,-0.25634765625,0.732421875,0.146484375,0.0732421875,-0.23193359375,1.30615234375,-0.048828125,-0.98876953125,-0.10986328125,-0.35400390625,-0.01220703125,-1.0009765625,-0.23193359375,-0.79345703125,0.01220703125,-1.171875,-0.341796875,0.2685546875,-0.13427734375,0.5126953125,-0.06103515625,-0.32958984375,-0.048828125,-1.0009765625,0.2685546875,-0.89111328125,-0.146484375,-0.86669921875,-0.1220703125,-0.4150390625,0.146484375,-1.1962890625,-0.1220703125,-1.69677734375,-0.048828125,-1.23291015625,-0.25634765625,0.10986328125,0.0244140625,0.3662109375,0.08544921875,0.03662109375,-0.06103515625,0,0.09765625,0.1953125,-0.10986328125,-0.0732421875,0.0244140625,0.830078125,-0.0732421875,-0.5126953125,0.01220703125,-0.48828125
0,0.2197265625,-0.3662109375,-0.15869140625,-0.3662109375,0.25634765625,-0.40283203125,-0.0244140625,-0.048828125,0,-0.01220703125,0.244140625,-0.86669921875,0.048828125,1.11083984375,-0.01220703125,-0.1220703125,0.01220703125,-0.59814453125,-0.244140625,-0.13427734375,0.20751953125,0.8544921875,-0.3662109375,-0.5859375,0.341796875,0.69580078125,0.03662109375,-0.2197265625,0.18310546875,1.77001953125,0.3173828125,0.9521484375,-0.0732421875,-0.390625,0.0732421875,-0.87890625,-0.06103515625,-0.45166015625,-0.2685546875,-0.7568359375,-0.244140625,-0.18310546875,0.146484375,-0.64697265625,-0.13427734375,-0.45166015625,0.28076171875,0.634765625,0.08544921875,1.0986328125,-0.06103515625,0.50048828125,0.3173828125,-0.146484375,0.13427734375,0.732421875,-0.3662109375,7.7392578125,-0.1220703125,9.2529296875,-0.0732421875,6.0302734375,-0.244140625,7.6904296875,0.1953125,0.29296875,-0.13427734375,1.03759765625,-0.1708984375,0.20751953125,-0.32958984375,0.20751953125,-0.0732421875,0.2685546875,-0.20751953125,0.7568359375,0.1708984375,0.06103515625,-0.1953125,1.33056640625,-0.06103515625,-0.96435546875,-0.08544921875,-0.341796875,-0.048828125,-0.98876953125,-0.1953125,-0.79345703125,-0.03662109375,-1.26953125,-0.40283203125,0.20751953125,-0.18310546875,0.40283203125,-0.08544921875,-0.439453125,-0.048828125,-1.0009765625,0.3173828125,-0.89111328125,-0.1708984375,-0.89111328125,-0.15869140625,-0.4150390625,0.10986328125,-0.98876953125,-0.09765625,-1.57470703125,-0.0732421875,-1.13525390625,-0.29296875,0.25634765625,0.03662109375,0.35400390625,0.08544921875,0.0244140625,-0.06103515625,0,0.10986328125,0.1953125,-0.08544921875,-0.06103515625,-0.01220703125,0.8056640625,-0.08544921875,-0.5126953125,-0.01220703125,-0.50048828125
0,0.25634765625,-0.37841796875,-0.15869140625,-0.341796875,0.28076171875,-0.390625,-0.0244140625,-0.048828125,0.01220703125,0,0.25634765625,-0.87890625,0.0732421875,1.123046875,0.01220703125,-0.1220703125,-0.0244140625,-0.59814453125,-0.2685546875,-0.15869140625,0.1953125,0.87890625,-0.45166015625,-0.6103515625,0.35400390625,0.96435546875,0.048828125,-0.15869140625,0.2197265625,1.79443359375,0.32958984375,1.03759765625,-0.01220703125,-0.3662109375,0.09765625,-0.86669921875,-0.01220703125,-0.42724609375,-0.2197265625,-0.7568359375,-0.23193359375,-0.146484375,0.03662109375,-0.6591796875,-0.20751953125,-0.439453125,0.2197265625,0.634765625,0.08544921875,1.07421875,-0.06103515625,0.48828125,0.32958984375,-0.13427734375,0.1953125,0.72021484375,-0.37841796875,8.21533203125,-0.1220703125,9.765625,-0.0244140625,6.28662109375,-0.20751953125,8.10546875,0.1708984375,0.2685546875,-0.1953125,1.03759765625,-0.20751953125,0.20751953125,-0.2685546875,0.18310546875,-0.18310546875,0.2685546875,-0.15869140625,0.8056640625,0.13427734375,0.01220703125,-0.09765625,1.33056640625,-0.08544921875,-0.9765625,-0.06103515625,-0.341796875,-0.08544921875,-0.96435546875,-0.146484375,-0.79345703125,-0.146484375,-1.30615234375,-0.47607421875,0.1708984375,-0.20751953125,0.35400390625,-0.13427734375,-0.5126953125,-0.18310546875,-0.98876953125,0.341796875,-0.86669921875,-0.1708984375,-0.86669921875,-0.1953125,-0.390625,0.09765625,-0.830078125,-0.13427734375,-1.46484375,-0.08544921875,-1.03759765625,-0.32958984375,0.37841796875,0.01220703125,0.35400390625,0.0732421875,0.01220703125,-0.0732421875,-0.0244140625,0.09765625,0.1953125,-0.0732421875,-0.06103515625,-0.0244140625,0.79345703125,-0.0732421875,-0.5126953125,-0.048828125,-0.5126953125
0,0.2685546875,-0.35400390625,-0.13427734375,-0.341796875,0.25634765625,-0.37841796875,-0.048828125,-0.03662109375,0.0244140625,-0.01220703125,0.2685546875,-0.84228515625,0.08544921875,1.11083984375,0.0244140625,-0.1220703125,-0.0732421875,-0.5859375,-0.23193359375,-0.15869140625,0.13427734375,0.87890625,-0.439453125,-0.62255859375,0.29296875,1.4404296875,0.06103515625,0,0.20751953125,1.98974609375,0.25634765625,1.26953125,0.048828125,-0.3662109375,0.1220703125,-0.89111328125,0.01220703125,-0.40283203125,-0.1953125,-0.7568359375,-0.18310546875,-0.1220703125,-0.09765625,-0.6591796875,-0.20751953125,-0.439453125,0.146484375,0.64697265625,0.048828125,1.08642578125,-0.0732421875,0.4638671875,0.30517578125,-0.15869140625,0.23193359375,0.69580078125,-0.390625,8.36181640625,-0.18310546875,9.912109375,0.0244140625,6.2744140625,-0.20751953125,8.203125,0.1708984375,0.25634765625,-0.1953125,1.0498046875,-0.244140625,0.18310546875,-0.2197265625,0.1708984375,-0.244140625,0.2685546875,-0.1708984375,0.81787109375,0.08544921875,0,-0.01220703125,1.33056640625,-0.06103515625,-0.98876953125,-0.03662109375,-0.341796875,-0.10986328125,-0.9765625,-0.03662109375,-0.8056640625,-0.048828125,-1.28173828125,-0.4150390625,0.1708984375,-0.06103515625,0.32958984375,-0.09765625,-0.52490234375,-0.23193359375,-0.9765625,0.30517578125,-0.86669921875,-0.18310546875,-0.86669921875,-0.2197265625,-0.390625,0.0244140625,-0.74462890625,-0.13427734375,-1.40380859375,-0.09765625,-1.0009765625,-0.341796875,0.4150390625,0.0244140625,0.3662109375,0.09765625,0.03662109375,-0.08544921875,-0.03662109375,0.08544921875,0.1953125,-0.0732421875,-0.03662109375,-0.048828125,0.76904296875,-0.06103515625,-0.52490234375,-0.09765625,-0.52490234375
0,0.28076171875,-0.35400390625,-0.1708984375,-0.341796875,0.28076171875,-0.390625,-0.048828125,-0.03662109375,0.048828125,-0.0244140625,0.25634765625,-0.8544921875,0.06103515625,1.123046875,0.01220703125,-0.13427734375,-0.1220703125,-0.59814453125,-0.1708984375,-0.1708984375,0.0244140625,0.86669921875,-0.32958984375,-0.62255859375,0.06103515625,2.099609375,0.06103515625,0.35400390625,0.1953125,2.3681640625,0.1220703125,1.66015625,0.10986328125,-0.35400390625,0.1220703125,-0.89111328125,0,-0.390625,-0.1220703125,-0.7568359375,-0.1220703125,-0.10986328125,-0.10986328125,-0.64697265625,-0.20751953125,-0.4150390625,0.0244140625,0.64697265625,0.01220703125,1.0986328125,-0.06103515625,0.439453125,0.20751953125,-0.18310546875,0.28076171875,0.7080078125,-0.35400390625,8.16650390625,-0.20751953125,9.619140625,0.03662109375,6.005859375,-0.23193359375,7.94677734375,0.13427734375,0.23193359375,-0.2197265625,1.0498046875,-0.25634765625,0.1708984375,-0.20751953125,0.18310546875,-0.29296875,0.25634765625,-0.18310546875,0.84228515625,0.06103515625,-0.03662109375,0.08544921875,1.33056640625,0.01220703125,-0.98876953125,-0.01220703125,-0.341796875,-0.09765625,-0.9765625,0.048828125,-0.8056640625,0,-1.23291015625,-0.37841796875,0.1953125,0.048828125,0.341796875,-0.1953125,-0.52490234375,-0.25634765625,-0.9765625,0.30517578125,-0.8544921875,-0.1708984375,-0.8544921875,-0.1953125,-0.390625,0.06103515625,-0.732421875,-0.0732421875,-1.37939453125,-0.06103515625,-0.98876953125,-0.2197265625,0.439453125,0.03662109375,0.341796875,0.09765625,0.048828125,-0.06103515625,-0.06103515625,0.09765625,0.15869140625,-0.06103515625,-0.0244140625,-0.0732421875,0.76904296875,-0.048828125,-0.52490234375,-0.1220703125,-0.5615234375
0,0.28076171875,-0.341796875,-0.1708984375,-0.341796875,0.2685546875,-0.390625,-0.048828125,-0.0244140625,0.048828125,-0.0244140625,0.23193359375,-0.86669921875,0.048828125,1.123046875,0.03662109375,-0.13427734375,-0.15869140625,-0.5859375,-0.1220703125,-0.18310546875,-0.06103515625,0.89111328125,-0.18310546875,-0.62255859375,-0.1708984375,2.978515625,0.01220703125,0.830078125,0.13427734375,2.978515625,0.01220703125,2.18505859375,0.1220703125,-0.35400390625,0.15869140625,-0.87890625,-0.01220703125,-0.37841796875,-0.1220703125,-0.7568359375,-0.0732421875,-0.09765625,-0.146484375,-0.6591796875,-0.15869140625,-0.4150390625,-0.01220703125,0.634765625,-0.03662109375,1.13525390625,-0.0244140625,0.439453125,0.1953125,-0.18310546875,0.28076171875,0.7080078125,-0.3173828125,7.666015625,-0.2197265625,8.88671875,0.09765625,5.46875,-0.2685546875,7.3486328125,0.13427734375,0.23193359375,-0.25634765625,1.0498046875,-0.25634765625,0.15869140625,-0.1708984375,0.18310546875,-0.32958984375,0.2197265625,-0.146484375,0.8544921875,0.0732421875,-0.048828125,0.146484375,1.33056640625,0.0732421875,-1.0009765625,0,-0.341796875,-0.08544921875,-1.0009765625,0.0732421875,-0.79345703125,-0.048828125,-1.13525390625,-0.30517578125,0.20751953125,0.15869140625,0.3173828125,-0.244140625,-0.52490234375,-0.28076171875,-0.96435546875,0.2685546875,-0.84228515625,-0.13427734375,-0.84228515625,-0.15869140625,-0.390625,0.048828125,-0.79345703125,-0.1220703125,-1.42822265625,-0.048828125,-1.0009765625,-0.15869140625,0.40283203125,0.06103515625,0.32958984375,0.10986328125,0.048828125,-0.06103515625,-0.06103515625,0.0732421875,0.1708984375,-0.06103515625,-0.03662109375,-0.09765625,0.74462890625,-0.06103515625,-0.537109375,-0.13427734375,-0.54931640625
0,0.28076171875,-0.341796875,-0.15869140625,-0.341796875,0.2685546875,-0.390625,-0.03662109375,-0.048828125,0.06103515625,-0.01220703125,0.2197265625,-0.8544921875,0.06103515625,1.0986328125,0.048828125,-0.146484375,-0.146484375,-0.59814453125,-0.08544921875,-0.1953125,-0.08544921875,0.89111328125,-0.08544921875,-0.62255859375,-0.23193359375,3.94287109375,-0.06103515625,1.416015625,0,3.69873046875,-0.08544921875,2.8076171875,0.1220703125,-0.35400390625,0.15869140625,-0.87890625,-0.08544921875,-0.37841796875,-0.06103515625,-0.7568359375,-0.01220703125,-0.10986328125,-0.09765625,-0.64697265625,-0.10986328125,-0.4150390625,-0.0732421875,0.62255859375,-0.06103515625,1.171875,0,0.4150390625,0.13427734375,-0.18310546875,0.244140625,0.69580078125,-0.25634765625,6.8359375,-0.20751953125,7.8125,0.09765625,4.736328125,-0.28076171875,6.4697265625,0.08544921875,0.244140625,-0.2685546875,1.0498046875,-0.23193359375,0.146484375,-0.18310546875,0.18310546875,-0.341796875,0.2197265625,-0.10986328125,0.830078125,0.08544921875,-0.048828125,0.146484375,1.318359375,0.1708984375,-0.98876953125,0,-0.37841796875,-0.06103515625,-1.0009765625,0.10986328125,-0.8056640625,0.048828125,-1.03759765625,-0.2197265625,0.23193359375,0.29296875,0.30517578125,-0.32958984375,-0.537109375,-0.20751953125,-0.927734375,0.23193359375,-0.86669921875,-0.1220703125,-0.830078125,-0.13427734375,-0.37841796875,-0.0732421875,-0.91552734375,-0.244140625,-1.4892578125,-0.0732421875,-1.06201171875,-0.146484375,0.35400390625,0.06103515625,0.32958984375,0.10986328125,0.048828125,-0.0732421875,-0.0732421875,0.06103515625,0.15869140625,-0.06103515625,-0.03662109375,-0.08544921875,0.732421875,-0.048828125,-0.537109375,-0.1220703125,-0.54931640625
0,0.29296875,-0.341796875,-0.13427734375,-0.35400390625,0.25634765625,-0.40283203125,-0.048828125,-0.06103515625,0.06103515625,-0.048828125,0.2197265625,-0.87890625,0.048828125,1.11083984375,0.09765625,-0.1708984375,-0.1220703125,-0.57373046875,-0.048828125,-0.18310546875,-0.06103515625,0.89111328125,-0.01220703125,-0.62255859375,-0.30517578125,5.0048828125,-0.146484375,2.03857421875,-0.08544921875,4.50439453125,-0.1708984375,3.50341796875,0.15869140625,-0.32958984375,0.10986328125,-0.89111328125,-0.13427734375,-0.40283203125,-0.03662109375,-0.7568359375,-0.01220703125,-0.146484375,-0.048828125,-0.64697265625,-0.048828125,-0.40283203125,-0.10986328125,0.62255859375,-0.08544921875,1.18408203125,0.0732421875,0.4150390625,0.09765625,-0.18310546875,0.2197265625,0.732421875,-0.2197265625,5.77392578125,-0.244140625,6.45751953125,0.10986328125,3.8818359375,-0.244140625,5.35888671875,0.0732421875,0.23193359375,-0.244140625,1.01318359375,-0.20751953125,0.15869140625,-0.20751953125,0.1953125,-0.341796875,0.2197265625,-0.03662109375,0.830078125,0.08544921875,-0.0244140625,0.15869140625,1.318359375,0.2197265625,-0.98876953125,0.03662109375,-0.37841796875,-0.048828125,-0.98876953125,0.048828125,-0.8056640625,0.048828125,-0.9765625,-0.146484375,0.23193359375,0.32958984375,0.25634765625,-0.3662109375,-0.57373046875,-0.1708984375,-0.96435546875,0.23193359375,-0.8544921875,-0.0732421875,-0.81787109375,-0.1220703125,-0.37841796875,0,-1.025390625,-0.25634765625,-1.55029296875,-0.0244140625,-1.0986328125,-0.06103515625,0.29296875,0.0732421875,0.32958984375,0.10986328125,0.06103515625,-0.06103515625,-0.06103515625,0.01220703125,0.15869140625,-0.048828125,-0.06103515625,-0.0732421875,0.72021484375,-0.06103515625,-0.537109375,-0.13427734375,-0.57373046875
0,0.29296875,-0.3662109375,-0.09765625,-0.35400390625,0.23193359375,-0.42724609375,-0.06103515625,-0.0732421875,0.048828125,-0.048828125,0.20751953125,-0.87890625,0.06103515625,1.0986328125,0.09765625,-0.1953125,-0.0732421875,-0.57373046875,-0.048828125,-0.18310546875,0.03662109375,0.9033203125,-0.01220703125,-0.59814453125,-0.28076171875,6.005859375,-0.15869140625,2.64892578125,-0.15869140625,5.2978515625,-0.146484375,4.13818359375,0.13427734375,-0.32958984375,0.048828125,-0.89111328125,-0.146484375,-0.42724609375,-0.06103515625,-0.76904296875,0,-0.1953125,0.03662109375,-0.64697265625,-0.048828125,-0.390625,-0.09765625,0.5859375,-0.08544921875,1.1962890625,0.10986328125,0.4150390625,0.048828125,-0.1953125,0.1953125,0.72021484375,-0.1708984375,4.5654296875,-0.25634765625,4.96826171875,0.1220703125,3.0029296875,-0.15869140625,4.1259765625,0.048828125,0.2685546875,-0.28076171875,1.025390625,-0.1708984375,0.15869140625,-0.23193359375,0.18310546875,-0.341796875,0.20751953125,0.0244140625,0.79345703125,0.0732421875,-0.0244140625,0.1220703125,1.30615234375,0.23193359375,-1.0009765625,0.01220703125,-0.37841796875,-0.08544921875,-1.0009765625,-0.0244140625,-0.76904296875,0.048828125,-0.93994140625,-0.08544921875,0.244140625,0.3173828125,0.23193359375,-0.3173828125,-0.54931640625,-0.18310546875,-0.96435546875,0.18310546875,-0.86669921875,-0.06103515625,-0.830078125,-0.08544921875,-0.390625,0.06103515625,-1.123046875,-0.341796875,-1.55029296875,-0.048828125,-1.13525390625,-0.06103515625,0.25634765625,0.0732421875,0.341796875,0.09765625,0.048828125,-0.06103515625,-0.03662109375,-0.01220703125,0.1708984375,-0.03662109375,-0.06103515625,-0.03662109375,0.74462890625,-0.09765625,-0.52490234375,-0.10986328125,-0.5859375
0,0.29296875,-0.37841796875,-0.0732421875,-0.341796875,0.25634765625,-0.42724609375,-0.0244140625,-0.08544921875,0.06103515625,-0.048828125,0.20751953125,-0.87890625,0.06103515625,1.0986328125,0.1220703125,-0.18310546875,-0.03662109375,-0.5615234375,-0.03662109375,-0.15869140625,0.1953125,0.9033203125,-0.0732421875,-0.6103515625,-0.20751953125,6.82373046875,-0.146484375,3.173828125,-0.18310546875,5.99365234375,-0.09765625,4.67529296875,0.10986328125,-0.35400390625,0.03662109375,-0.9033203125,-0.1220703125,-0.45166015625,-0.1220703125,-0.7568359375,0.01220703125,-0.2197265625,0.0732421875,-0.6591796875,-0.0244140625,-0.4150390625,-0.0732421875,0.5859375,-0.03662109375,1.18408203125,0.13427734375,0.45166015625,-0.0244140625,-0.146484375,0.1220703125,0.732421875,-0.10986328125,3.33251953125,-0.25634765625,3.466796875,0.1220703125,2.1728515625,-0.048828125,2.89306640625,0.03662109375,0.25634765625,-0.25634765625,1.01318359375,-0.10986328125,0.18310546875,-0.29296875,0.1708984375,-0.32958984375,0.23193359375,0.06103515625,0.74462890625,0.10986328125,-0.03662109375,0.08544921875,1.30615234375,0.20751953125,-1.0009765625,0,-0.3662109375,-0.1220703125,-1.01318359375,-0.1220703125,-0.78125,-0.03662109375,-0.9033203125,-0.08544921875,0.25634765625,0.244140625,0.23193359375,-0.244140625,-0.54931640625,-0.23193359375,-0.96435546875,0.20751953125,-0.86669921875,-0.03662109375,-0.81787109375,-0.01220703125,-0.40283203125,0.01220703125,-1.1474609375,-0.47607421875,-1.5380859375,-0.09765625,-1.1474609375,-0.08544921875,0.2685546875,0.09765625,0.3662109375,0.09765625,0.03662109375,-0.0732421875,-0.0244140625,0,0.1953125,-0.03662109375,-0.06103515625,-0.048828125,0.74462890625,-0.10986328125,-0.52490234375,-0.08544921875,-0.5859375
0,0.32958984375,-0.37841796875,-0.08544921875,-0.35400390625,0.2685546875,-0.42724609375,-0.03662109375,-0.09765625,0.0732421875,-0.03662109375,0.20751953125,-0.87890625,0.06103515625,1.0986328125,0.13427734375,-0.1708984375,0.0244140625,-0.5615234375,-0.08544921875,-0.146484375,0.3173828125,0.87890625,-0.13427734375,-0.6103515625,-0.244140625,7.48291015625,-0.10986328125,3.5400390625,-0.1708984375,6.494140625,0.01220703125,5.0537109375,0.09765625,-0.3662109375,-0.048828125,-0.89111328125,-0.1220703125,-0.47607421875,-0.1953125,-0.7568359375,0.06103515625,-0.244140625,0.1220703125,-0.6591796875,-0.03662109375,-0.40283203125,0.01220703125,0.59814453125,0.03662109375,1.171875,0.10986328125,0.4638671875,-0.10986328125,-0.146484375,0.048828125,0.732421875,-0.09765625,2.16064453125,-0.20751953125,2.08740234375,0.13427734375,1.4404296875,0.048828125,1.74560546875,0.048828125,0.244140625,-0.18310546875,1.0009765625,-0.0732421875,0.18310546875,-0.29296875,0.18310546875,-0.3662109375,0.2197265625,0.08544921875,0.732421875,0.1220703125,-0.01220703125,0.048828125,1.2939453125,0.1708984375,-0.98876953125,0,-0.3662109375,-0.1708984375,-0.9765625,-0.18310546875,-0.76904296875,0.03662109375,-0.927734375,-0.01220703125,0.244140625,0.20751953125,0.2197265625,-0.08544921875,-0.537109375,-0.28076171875,-0.96435546875,0.1953125,-0.86669921875,-0.03662109375,-0.84228515625,0.0732421875,-0.42724609375,0.10986328125,-1.08642578125,-0.42724609375,-1.47705078125,-0.08544921875,-1.08642578125,0,0.35400390625,0.10986328125,0.37841796875,0.09765625,0.0244140625,-0.06103515625,-0.01220703125,0,0.18310546875,-0.01220703125,-0.08544921875,-0.0244140625,0.7568359375,-0.1220703125,-0.5126953125,-0.03662109375,-0.5859375
0,0.32958984375,-0.37841796875,-0.08544921875,-0.35400390625,0.28076171875,-0.42724609375,-0.048828125,-0.09765625,0.08544921875,-0.0244140625,0.18310546875,-0.87890625,0.048828125,1.0986328125,0.15869140625,-0.1708984375,0.06103515625,-0.57373046875,-0.1220703125,-0.146484375,0.4150390625,0.9033203125,-0.20751953125,-0.62255859375,-0.1953125,7.87353515625,-0.0732421875,3.7353515625,-0.146484375,6.787109375,0.08544921875,5.224609375,0.01220703125,-0.390625,-0.15869140625,-0.9033203125,-0.09765625,-0.52490234375,-0.23193359375,-0.79345703125,0.09765625,-0.25634765625,0.146484375,-0.67138671875,-0.048828125,-0.4150390625,0.10986328125,0.59814453125,0.06103515625,1.15966796875,0.13427734375,0.48828125,-0.1220703125,-0.146484375,-0.06103515625,0.732421875,-0.1220703125,1.18408203125,-0.15869140625,0.93994140625,0.0732421875,0.86669921875,0.1220703125,0.74462890625,0.08544921875,0.244140625,-0.13427734375,1.01318359375,0,0.1953125,-0.32958984375,0.18310546875,-0.35400390625,0.23193359375,0.09765625,0.69580078125,0.13427734375,0,-0.01220703125,1.30615234375,0.0732421875,-1.0009765625,-0.01220703125,-0.3662109375,-0.20751953125,-0.98876953125,-0.18310546875,-0.7568359375,0.0244140625,-0.927734375,-0.01220703125,0.2685546875,0.09765625,0.28076171875,0.03662109375,-0.48828125,-0.29296875,-0.9765625,0.20751953125,-0.8544921875,-0.048828125,-0.86669921875,0.10986328125,-0.42724609375,0.048828125,-0.9521484375,-0.439453125,-1.3671875,-0.13427734375,-1.025390625,-0.0732421875,0.47607421875,0.09765625,0.37841796875,0.09765625,0.01220703125,-0.06103515625,-0.01220703125,0.01220703125,0.1953125,0.01220703125,-0.1220703125,-0.0244140625,0.76904296875,-0.1220703125,-0.5126953125,-0.03662109375,-0.5859375
0,0.32958984375,-0.390625,-0.08544921875,-0.35400390625,0.29296875,-0.439453125,-0.03662109375,-0.09765625,0.10986328125,-0.048828125,0.15869140625,-0.89111328125,0.0732421875,1.0986328125,0.18310546875,-0.146484375,0.10986328125,-0.5615234375,-0.15869140625,-0.1220703125,0.40283203125,0.87890625,-0.244140625,-0.6103515625,-0.1953125,7.9833984375,-0.0732421875,3.72314453125,-0.08544921875,6.8359375,0.09765625,5.2490234375,0.0244140625,-0.40283203125,-0.2197265625,-0.9033203125,-0.0732421875,-0.52490234375,-0.25634765625,-0.79345703125,0.18310546875,-0.244140625,0.09765625,-0.6591796875,-0.06103515625,-0.439453125,0.1708984375,0.59814453125,0.10986328125,1.1474609375,0.1708984375,0.4638671875,-0.1708984375,-0.15869140625,-0.18310546875,0.74462890625,-0.20751953125,0.4150390625,-0.06103515625,0.09765625,0.10986328125,0.45166015625,0.1953125,-0.0244140625,0.09765625,0.23193359375,-0.03662109375,1.025390625,0.01220703125,0.1953125,-0.3173828125,0.1953125,-0.30517578125,0.244140625,0.1220703125,0.7080078125,0.0732421875,0.01220703125,-0.0732421875,1.2939453125,0,-1.0009765625,-0.0244140625,-0.35400390625,-0.25634765625,-0.9765625,-0.15869140625,-0.76904296875,0.048828125,-0.93994140625,-0.048828125,0.30517578125,0.0244140625,0.3662109375,0.0732421875,-0.3662109375,-0.244140625,-0.9765625,0.2197265625,-0.84228515625,-0.09765625,-0.86669921875,0.146484375,-0.4150390625,0.03662109375,-0.732421875,-0.35400390625,-1.20849609375,-0.1708984375,-0.9033203125,-0.10986328125,0.67138671875,0.08544921875,0.40283203125,0.0732421875,0.01220703125,-0.06103515625,-0.01220703125,0,0.2197265625,0.0244140625,-0.1220703125,-0.0244140625,0.79345703125,-0.10986328125,-0.50048828125,-0.03662109375,-0.57373046875
0,0.341796875,-0.37841796875,-0.09765625,-0.35400390625,0.30517578125,-0.42724609375,-0.03662109375,-0.0732421875,0.10986328125,-0.03662109375,0.15869140625,-0.87890625,0.048828125,1.0986328125,0.20751953125,-0.146484375,0.10986328125,-0.5859375,-0.13427734375,-0.1220703125,0.3173828125,0.8544921875,-0.2197265625,-0.62255859375,-0.15869140625,7.84912109375,-0.01220703125,3.61328125,0.01220703125,6.689453125,0.09765625,5.078125,0,-0.40283203125,-0.2197265625,-0.87890625,-0.06103515625,-0.50048828125,-0.29296875,-0.8056640625,0.20751953125,-0.2197265625,0.01220703125,-0.6591796875,-0.06103515625,-0.439453125,0.1953125,0.62255859375,0.13427734375,1.13525390625,0.2197265625,0.45166015625,-0.2197265625,-0.1708984375,-0.28076171875,0.72021484375,-0.28076171875,-0.13427734375,-0.01220703125,-0.45166015625,0.10986328125,0.1953125,0.28076171875,-0.537109375,0.18310546875,0.2197265625,0.048828125,1.01318359375,0,0.1953125,-0.28076171875,0.18310546875,-0.1953125,0.23193359375,0.1220703125,0.74462890625,0.03662109375,0.0244140625,-0.10986328125,1.318359375,-0.06103515625,-0.98876953125,-0.06103515625,-0.35400390625,-0.3173828125,-0.9521484375,-0.1220703125,-0.78125,0.13427734375,-0.91552734375,-0.1220703125,0.37841796875,-0.01220703125,0.47607421875,0.048828125,-0.244140625,-0.1708984375,-0.96435546875,0.20751953125,-0.86669921875,-0.146484375,-0.9033203125,0.1708984375,-0.4150390625,0.08544921875,-0.4638671875,-0.15869140625,-0.98876953125,-0.1708984375,-0.74462890625,-0.10986328125,0.89111328125,0.06103515625,0.390625,0.048828125,0.01220703125,-0.06103515625,-0.0244140625,0,0.2197265625,0.0244140625,-0.08544921875,0,0.81787109375,-0.0732421875,-0.50048828125,-0.0244140625,-0.57373046875
1,0.3173828125,-0.3662109375,-0.08544921875,-0.35400390625,0.30517578125,-0.4150390625,-0.048828125,-0.0732421875,0.09765625,-0.03662109375,0.146484375,-0.8544921875,0.0732421875,1.0986328125,0.1953125,-0.146484375,0.0732421875,-0.5859375,-0.1220703125,-0.1220703125,0.1953125,0.8544921875,-0.1708984375,-0.634765625,-0.10986328125,7.50732421875,0.09765625,3.35693359375,0.1220703125,6.35986328125,0.13427734375,4.79736328125,-0.0244140625,-0.4150390625,-0.146484375,-0.8544921875,-0.03662109375,-0.45166015625,-0.28076171875,-0.78125,0.244140625,-0.18310546875,-0.1220703125,-0.6591796875,-0.0732421875,-0.4150390625,0.2197265625,0.62255859375,0.10986328125,1.1474609375,0.244140625,0.42724609375,-0.20751953125,-0.1953125,-0.3662109375,0.732421875,-0.32958984375,-0.45166015625,0.03662109375,-0.7080078125,0.1220703125,0.06103515625,0.390625,-0.84228515625,0.15869140625,0.20751953125,0.13427734375,1.01318359375,0.0244140625,0.20751953125,-0.23193359375,0.1708984375,-0.0732421875,0.2197265625,0.10986328125,0.74462890625,0.03662109375,0.03662109375,-0.15869140625,1.318359375,-0.10986328125,-0.96435546875,-0.1220703125,-0.37841796875,-0.341796875,-0.93994140625,-0.06103515625,-0.78125,0.146484375,-0.87890625,-0.1953125,0.439453125,-0.03662109375,0.5859375,-0.06103515625,-0.10986328125,-0.09765625,-0.96435546875,0.18310546875,-0.8544921875,-0.18310546875,-0.89111328125,0.15869140625,-0.4150390625,-0.0244140625,-0.23193359375,-0.13427734375,-0.8056640625,-0.25634765625,-0.59814453125,-0.20751953125,1.08642578125,0.09765625,0.390625,0.0244140625,0,-0.06103515625,0,0.01220703125,0.1953125,0.06103515625,-0.0732421875,0,0.79345703125,-0.0244140625,-0.5126953125,-0.048828125,-0.54931640625
1,0.341796875,-0.341796875,-0.10986328125,-0.3662109375,0.29296875,-0.40283203125,-0.06103515625,-0.0732421875,0.08544921875,-0.03662109375,0.146484375,-0.87890625,0.0732421875,1.11083984375,0.20751953125,-0.146484375,-0.03662109375,-0.62255859375,-0.1220703125,-0.15869140625,0.0244140625,0.8544921875,-0.10986328125,-0.634765625,-0.18310546875,7.04345703125,0.1708984375,3.03955078125,0.1953125,5.9814453125,0.1708984375,4.4921875,-0.03662109375,-0.40283203125,-0.06103515625,-0.86669921875,-0.048828125,-0.439453125,-0.1953125,-0.78125,0.244140625,-0.15869140625,-0.20751953125,-0.67138671875,-0.06103515625,-0.42724609375,0.1953125,0.634765625,0.048828125,1.1474609375,0.20751953125,0.40283203125,-0.2197265625,-0.1953125,-0.47607421875,0.72021484375,-0.32958984375,-0.54931640625,0.048828125,-0.7080078125,0.1708984375,0.01220703125,0.4638671875,-0.9521484375,0.1220703125,0.20751953125,0.1953125,1.01318359375,0.0244140625,0.1953125,-0.20751953125,0.18310546875,0.06103515625,0.2197265625,0.0732421875,0.81787109375,0.01220703125,0.03662109375,-0.18310546875,1.33056640625,-0.13427734375,-0.9521484375,-0.1708984375,-0.3662109375,-0.3173828125,-0.91552734375,-0.0244140625,-0.79345703125,0.08544921875,-0.8544921875,-0.25634765625,0.48828125,-0.0244140625,0.68359375,-0.20751953125,-0.0244140625,-0.08544921875,-0.93994140625,0.1708984375,-0.8544921875,-0.2197265625,-0.9033203125,0.1220703125,-0.4150390625,-0.06103515625,0,-0.09765625,-0.64697265625,-0.30517578125,-0.4638671875,-0.244140625,1.28173828125,0.0732421875,0.390625,0.01220703125,0.01220703125,-0.048828125,0.01220703125,0.0244140625,0.18310546875,0.048828125,-0.048828125,-0.01220703125,0.79345703125,-0.01220703125,-0.5126953125,-0.0732421875,-0.5615234375
1,0.3662109375,-0.341796875,-0.146484375,-0.37841796875,0.28076171875,-0.40283203125,-0.06103515625,-0.09765625,0.09765625,-0.0244140625,0.13427734375,-0.87890625,0.048828125,1.11083984375,0.1708984375,-0.1708984375,-0.13427734375,-0.62255859375,-0.13427734375,-0.146484375,-0.09765625,0.8544921875,-0.048828125,-0.67138671875,-0.2197265625,6.50634765625,0.2197265625,2.72216796875,0.23193359375,5.57861328125,0.15869140625,4.1748046875,-0.0732421875,-0.390625,0.048828125,-0.86669921875,-0.08544921875,-0.42724609375,-0.09765625,-0.78125,0.1953125,-0.15869140625,-0.20751953125,-0.64697265625,-0.08544921875,-0.390625,0.1953125,0.6103515625,-0.048828125,1.171875,0.146484375,0.390625,-0.2197265625,-0.1953125,-0.54931640625,0.732421875,-0.35400390625,-0.52490234375,-0.0244140625,-0.5615234375,0.10986328125,0.03662109375,0.40283203125,-0.927734375,0.13427734375,0.2197265625,0.2197265625,1.0009765625,0.01220703125,0.1953125,-0.18310546875,0.15869140625,0.15869140625,0.20751953125,-0.01220703125,0.830078125,-0.01220703125,0.0244140625,-0.15869140625,1.30615234375,-0.146484375,-0.9521484375,-0.1953125,-0.390625,-0.2685546875,-0.9521484375,-0.03662109375,-0.8056640625,0.09765625,-0.84228515625,-0.2197265625,0.50048828125,0.01220703125,0.732421875,-0.29296875,0.01220703125,-0.08544921875,-0.9521484375,0.09765625,-0.8544921875,-0.20751953125,-0.9033203125,0.09765625,-0.390625,-0.048828125,0.1220703125,-0.03662109375,-0.537109375,-0.29296875,-0.35400390625,-0.23193359375,1.416015625,0.0732421875,0.390625,0.03662109375,0.01220703125,-0.06103515625,0,0,0.18310546875,0.0244140625,-0.0732421875,0.01220703125,0.79345703125,0.0244140625,-0.48828125,-0.0732421875,-0.5615234375
1,0.32958984375,-0.32958984375,-0.13427734375,-0.3662109375,0.28076171875,-0.40283203125,-0.08544921875,-0.0732421875,0.09765625,-0.01220703125,0.09765625,-0.86669921875,0.048828125,1.123046875,0.146484375,-0.18310546875,-0.15869140625,-0.62255859375,-0.18310546875,-0.1708984375,-0.15869140625,0.87890625,-0.06103515625,-0.67138671875,-0.2197265625,5.99365234375,0.1953125,2.45361328125,0.244140625,5.224609375,0.2197265625,3.8818359375,-0.09765625,-0.37841796875,0.1220703125,-0.8544921875,-0.146484375,-0.439453125,0.01220703125,-0.78125,0.10986328125,-0.146484375,-0.2197265625,-0.64697265625,-0.1220703125,-0.37841796875,0.20751953125,0.62255859375,-0.10986328125,1.1962890625,0.10986328125,0.390625,-0.20751953125,-0.18310546875,-0.62255859375,0.7080078125,-0.28076171875,-0.439453125,-0.0244140625,-0.35400390625,0.1953125,0.06103515625,0.439453125,-0.81787109375,0.146484375,0.20751953125,0.25634765625,1.03759765625,0.048828125,0.1953125,-0.1953125,0.15869140625,0.2197265625,0.2197265625,-0.1220703125,0.830078125,-0.048828125,0,-0.146484375,1.2939453125,-0.1220703125,-0.9521484375,-0.18310546875,-0.4150390625,-0.1953125,-0.96435546875,-0.0732421875,-0.8056640625,0.06103515625,-0.830078125,-0.1953125,0.4638671875,-0.03662109375,0.6591796875,-0.3173828125,-0.01220703125,-0.09765625,-0.9521484375,0.03662109375,-0.84228515625,-0.2197265625,-0.87890625,0.08544921875,-0.3662109375,0.0244140625,0.18310546875,-0.01220703125,-0.439453125,-0.25634765625,-0.30517578125,-0.2197265625,1.4892578125,0.048828125,0.3662109375,0.01220703125,0.03662109375,-0.0732421875,0,0.0244140625,0.18310546875,0.01220703125,-0.06103515625,0,0.8056640625,0.01220703125,-0.47607421875,-0.06103515625,-0.5859375
1,0.32958984375,-0.32958984375,-0.13427734375,-0.3662109375,0.2685546875,-0.390625,-0.10986328125,-0.08544921875,0.1220703125,-0.0244140625,0.09765625,-0.87890625,0.03662109375,1.123046875,0.10986328125,-0.1953125,-0.1220703125,-0.64697265625,-0.25634765625,-0.18310546875,-0.10986328125,0.86669921875,-0.09765625,-0.64697265625,-0.244140625,5.56640625,0.13427734375,2.2705078125,0.20751953125,4.96826171875,0.29296875,3.6865234375,-0.08544921875,-0.37841796875,0.15869140625,-0.8544921875,-0.18310546875,-0.45166015625,0.08544921875,-0.78125,-0.03662109375,-0.15869140625,-0.1220703125,-0.64697265625,-0.1708984375,-0.3662109375,0.18310546875,0.6103515625,-0.20751953125,1.20849609375,0.08544921875,0.40283203125,-0.18310546875,-0.18310546875,-0.68359375,0.732421875,-0.1953125,-0.3173828125,-0.03662109375,-0.146484375,0.244140625,0.0732421875,0.4150390625,-0.68359375,0.23193359375,0.244140625,0.2685546875,1.025390625,0.06103515625,0.2197265625,-0.18310546875,0.15869140625,0.244140625,0.2197265625,-0.20751953125,0.8056640625,-0.08544921875,-0.0244140625,-0.10986328125,1.28173828125,-0.09765625,-0.96435546875,-0.1708984375,-0.390625,-0.146484375,-0.96435546875,-0.13427734375,-0.81787109375,0.048828125,-0.81787109375,-0.146484375,0.37841796875,-0.048828125,0.5615234375,-0.3662109375,-0.10986328125,-0.08544921875,-0.93994140625,-0.0244140625,-0.830078125,-0.18310546875,-0.89111328125,0.0732421875,-0.390625,0.09765625,0.15869140625,0.01220703125,-0.439453125,-0.20751953125,-0.30517578125,-0.244140625,1.4892578125,0.06103515625,0.3662109375,0.03662109375,0.048828125,-0.0732421875,-0.01220703125,0.0244140625,0.18310546875,-0.0244140625,-0.06103515625,0.01220703125,0.79345703125,-0.0244140625,-0.4638671875,-0.0732421875,-0.6103515625
1,0.3173828125,-0.32958984375,-0.10986328125,-0.35400390625,0.3173828125,-0.390625,-0.1220703125,-0.06103515625,0.10986328125,-0.0244140625,0.06103515625,-0.86669921875,0.0244140625,1.0986328125,0.09765625,-0.15869140625,-0.0244140625,-0.6103515625,-0.32958984375,-0.18310546875,-0.0244140625,0.89111328125,-0.1953125,-0.62255859375,-0.244140625,5.28564453125,0.03662109375,2.1484375,0.10986328125,4.82177734375,0.28076171875,3.57666015625,-0.048828125,-0.37841796875,0.1953125,-0.86669921875,-0.1708984375,-0.4638671875,0.18310546875,-0.7568359375,-0.15869140625,-0.1708984375,-0.0244140625,-0.64697265625,-0.25634765625,-0.3662109375,0.18310546875,0.59814453125,-0.2685546875,1.220703125,0.048828125,0.42724609375,-0.08544921875,-0.18310546875,-0.7080078125,0.72021484375,-0.15869140625,-0.18310546875,-0.08544921875,0.03662109375,0.1953125,0.10986328125,0.35400390625,-0.5615234375,0.25634765625,0.23193359375,0.25634765625,1.025390625,0.09765625,0.23193359375,-0.15869140625,0.15869140625,0.25634765625,0.244140625,-0.2685546875,0.78125,-0.13427734375,-0.0244140625,-0.15869140625,1.2939453125,-0.10986328125,-0.9765625,-0.09765625,-0.40283203125,-0.09765625,-0.98876953125,-0.146484375,-0.81787109375,0.09765625,-0.830078125,-0.048828125,0.2685546875,-0.0732421875,0.42724609375,-0.3173828125,-0.25634765625,-0.03662109375,-0.9521484375,-0.03662109375,-0.830078125,-0.146484375,-0.86669921875,0.06103515625,-0.37841796875,0.18310546875,0.06103515625,0.0244140625,-0.47607421875,-0.18310546875,-0.32958984375,-0.30517578125,1.45263671875,0.0244140625,0.37841796875,0.0244140625,0.03662109375,-0.0732421875,-0.01220703125,0.0244140625,0.18310546875,-0.03662109375,-0.08544921875,0.0244140625,0.830078125,-0.048828125,-0.47607421875,-0.06103515625,-0.6103515625
1,0.30517578125,-0.341796875,-0.1220703125,-0.341796875,0.30517578125,-0.37841796875,-0.146484375,-0.0732421875,0.1220703125,-0.0244140625,0.048828125,-0.9033203125,0.0244140625,1.08642578125,0.08544921875,-0.146484375,0.0244140625,-0.62255859375,-0.3662109375,-0.15869140625,0.10986328125,0.89111328125,-0.30517578125,-0.59814453125,-0.1708984375,5.11474609375,-0.03662109375,2.13623046875,0.06103515625,4.78515625,0.30517578125,3.55224609375,0,-0.35400390625,0.23193359375,-0.86669921875,-0.15869140625,-0.45166015625,0.1708984375,-0.7568359375,-0.20751953125,-0.18310546875,0,-0.64697265625,-0.32958984375,-0.40283203125,0.1708984375,0.57373046875,-0.28076171875,1.220703125,0,0.45166015625,0.0244140625,-0.1708984375,-0.74462890625,0.732421875,-0.08544921875,-0.09765625,-0.1220703125,0.10986328125,0.2685546875,0.13427734375,0.32958984375,-0.47607421875,0.29296875,0.2197265625,0.1953125,1.0498046875,0.10986328125,0.23193359375,-0.15869140625,0.18310546875,0.244140625,0.244140625,-0.25634765625,0.74462890625,-0.06103515625,-0.0244140625,-0.1708984375,1.2939453125,-0.10986328125,-0.98876953125,-0.0244140625,-0.40283203125,-0.10986328125,-0.98876953125,-0.09765625,-0.8056640625,0.08544921875,-0.7568359375,0.01220703125,0.1953125,-0.146484375,0.28076171875,-0.2685546875,-0.35400390625,-0.01220703125,-0.9521484375,-0.01220703125,-0.84228515625,-0.0732421875,-0.8544921875,0.03662109375,-0.390625,0.23193359375,-0.08544921875,0.01220703125,-0.5615234375,-0.15869140625,-0.37841796875,-0.341796875,1.3671875,0.03662109375,0.37841796875,0.048828125,0.0244140625,-0.06103515625,-0.01220703125,0,0.18310546875,-0.03662109375,-0.09765625,0.0244140625,0.830078125,-0.10986328125,-0.47607421875,-0.048828125,-0.62255859375
1,0.30517578125,-0.3662109375,-0.13427734375,-0.32958984375,0.28076171875,-0.390625,-0.146484375,-0.0732421875,0.10986328125,-0.0244140625,0.03662109375,-0.87890625,0.0244140625,1.0986328125,0.048828125,-0.146484375,0.08544921875,-0.6103515625,-0.4150390625,-0.15869140625,0.29296875,0.9033203125,-0.3662109375,-0.5859375,-0.2197265625,5.078125,-0.08544921875,2.1728515625,-0.03662109375,4.82177734375,0.20751953125,3.60107421875,0.08544921875,-0.32958984375,0.244140625,-0.8544921875,-0.13427734375,-0.45166015625,0.1708984375,-0.7568359375,-0.28076171875,-0.1953125,0.048828125,-0.64697265625,-0.37841796875,-0.40283203125,0.146484375,0.5615234375,-0.28076171875,1.20849609375,-0.048828125,0.50048828125,0.048828125,-0.1708984375,-0.7568359375,0.74462890625,-0.03662109375,-0.048828125,-0.15869140625,0.09765625,0.1953125,0.1708984375,0.30517578125,-0.4150390625,0.35400390625,0.23193359375,0.146484375,1.0498046875,0.1220703125,0.244140625,-0.2197265625,0.20751953125,0.2685546875,0.25634765625,-0.28076171875,0.72021484375,-0.01220703125,-0.03662109375,-0.20751953125,1.2939453125,-0.08544921875,-1.01318359375,0.06103515625,-0.40283203125,-0.1220703125,-0.9765625,-0.06103515625,-0.79345703125,0.09765625,-0.59814453125,0.03662109375,0.1708984375,-0.1708984375,0.23193359375,-0.20751953125,-0.40283203125,0.06103515625,-0.9765625,0.01220703125,-0.84228515625,-0.0244140625,-0.86669921875,0.01220703125,-0.390625,0.23193359375,-0.25634765625,-0.03662109375,-0.64697265625,-0.1220703125,-0.45166015625,-0.3662109375,1.26953125,0.0244140625,0.37841796875,0.03662109375,0.03662109375,-0.06103515625,0,-0.01220703125,0.1708984375,-0.03662109375,-0.09765625,-0.01220703125,0.84228515625,-0.13427734375,-0.48828125,-0.0732421875,-0.6103515625
1,0.29296875,-0.3662109375,-0.13427734375,-0.35400390625,0.28076171875,-0.390625,-0.146484375,-0.08544921875,0.1220703125,-0.03662109375,0,-0.89111328125,0.01220703125,1.08642578125,0.03662109375,-0.13427734375,0.09765625,-0.59814453125,-0.40283203125,-0.13427734375,0.439453125,0.9033203125,-0.42724609375,-0.5859375,-0.25634765625,5.126953125,-0.09765625,2.2216796875,-0.08544921875,4.8828125,0.10986328125,3.6376953125,0.1708984375,-0.32958984375,0.25634765625,-0.86669921875,-0.09765625,-0.45166015625,0.13427734375,-0.732421875,-0.244140625,-0.1953125,0.06103515625,-0.6591796875,-0.37841796875,-0.439453125,0.13427734375,0.57373046875,-0.2685546875,1.171875,-0.10986328125,0.50048828125,0.146484375,-0.15869140625,-0.78125,0.732421875,0.0244140625,-0.03662109375,-0.1708984375,0.03662109375,0.18310546875,0.2197265625,0.29296875,-0.4150390625,0.3662109375,0.1953125,0.09765625,1.025390625,0.15869140625,0.23193359375,-0.244140625,0.1953125,0.25634765625,0.2685546875,-0.32958984375,0.7080078125,0.048828125,-0.0244140625,-0.23193359375,1.2939453125,-0.048828125,-1.03759765625,0.13427734375,-0.40283203125,-0.18310546875,-0.96435546875,0.01220703125,-0.79345703125,0.13427734375,-0.28076171875,0.0732421875,0.2685546875,-0.1708984375,0.29296875,-0.13427734375,-0.29296875,0,-0.9765625,0.06103515625,-0.86669921875,0,-0.8544921875,0.01220703125,-0.390625,0.244140625,-0.390625,-0.09765625,-0.74462890625,-0.08544921875,-0.52490234375,-0.32958984375,1.1962890625,0.01220703125,0.37841796875,0.03662109375,0.01220703125,-0.06103515625,0.0244140625,-0.0244140625,0.1708984375,-0.0244140625,-0.0732421875,-0.03662109375,0.87890625,-0.13427734375,-0.50048828125,-0.06103515625,-0.59814453125
1,0.28076171875,-0.37841796875,-0.10986328125,-0.35400390625,0.3173828125,-0.390625,-0.1708984375,-0.08544921875,0.1220703125,-0.0244140625,-0.01220703125,-0.86669921875,0,1.0986328125,0.0244140625,-0.15869140625,0.08544921875,-0.57373046875,-0.32958984375,-0.13427734375,0.537109375,0.9033203125,-0.40283203125,-0.57373046875,-0.3173828125,5.23681640625,-0.10986328125,2.2705078125,-0.09765625,4.931640625,0.0244140625,3.67431640625,0.20751953125,-0.32958984375,0.20751953125,-0.87890625,-0.10986328125,-0.47607421875,0.10986328125,-0.74462890625,-0.10986328125,-0.2197265625,0.048828125,-0.68359375,-0.341796875,-0.45166015625,0.10986328125,0.59814453125,-0.25634765625,1.1474609375,-0.146484375,0.48828125,0.18310546875,-0.1708984375,-0.732421875,0.72021484375,0.048828125,-0.01220703125,-0.15869140625,-0.03662109375,0.1708984375,0.2685546875,0.30517578125,-0.40283203125,0.37841796875,0.1708984375,0.01220703125,1.03759765625,0.15869140625,0.244140625,-0.30517578125,0.20751953125,0.18310546875,0.28076171875,-0.32958984375,0.69580078125,0.1220703125,-0.0244140625,-0.25634765625,1.318359375,0.01220703125,-1.0498046875,0.15869140625,-0.390625,-0.23193359375,-0.9765625,0.09765625,-0.8056640625,0.09765625,0.23193359375,0.08544921875,0.50048828125,-0.13427734375,0.537109375,-0.10986328125,0.01220703125,-0.06103515625,-0.98876953125,0.0732421875,-0.8544921875,0.0244140625,-0.86669921875,0.0244140625,-0.40283203125,0.244140625,-0.50048828125,-0.18310546875,-0.8056640625,-0.0732421875,-0.57373046875,-0.2685546875,1.11083984375,0.0244140625,0.40283203125,0.06103515625,0,-0.0732421875,0.01220703125,-0.03662109375,0.15869140625,0,-0.048828125,-0.06103515625,0.89111328125,-0.13427734375,-0.50048828125,-0.0732421875,-0.5859375
1,0.25634765625,-0.3662109375,-0.1220703125,-0.35400390625,0.341796875,-0.40283203125,-0.1708984375,-0.08544921875,0.13427734375,-0.0244140625,-0.03662109375,-0.89111328125,0,1.123046875,0.0244140625,-0.15869140625,0.0732421875,-0.54931640625,-0.25634765625,-0.1220703125,0.50048828125,0.9033203125,-0.30517578125,-0.59814453125,-0.35400390625,5.2734375,-0.08544921875,2.2705078125,-0.10986328125,4.931640625,-0.01220703125,3.662109375,0.20751953125,-0.32958984375,0.146484375,-0.86669921875,-0.1220703125,-0.45166015625,0.0732421875,-0.7568359375,0,-0.2197265625,0.048828125,-0.68359375,-0.25634765625,-0.439453125,0.10986328125,0.6103515625,-0.23193359375,1.1474609375,-0.18310546875,0.47607421875,0.18310546875,-0.1953125,-0.6591796875,0.732421875,-0.0244140625,-0.0244140625,-0.09765625,-0.09765625,0.1708984375,0.341796875,0.18310546875,-0.40283203125,0.341796875,0.146484375,-0.01220703125,1.03759765625,0.146484375,0.23193359375,-0.35400390625,0.20751953125,0.13427734375,0.29296875,-0.32958984375,0.7080078125,0.13427734375,0,-0.29296875,1.3427734375,0.048828125,-1.03759765625,0.1953125,-0.40283203125,-0.29296875,-0.9521484375,0.146484375,-0.79345703125,0.048828125,0.9765625,0.06103515625,0.87890625,-0.08544921875,0.9765625,-0.146484375,0.5126953125,-0.08544921875,-0.98876953125,0.10986328125,-0.84228515625,0.03662109375,-0.87890625,0.06103515625,-0.390625,0.146484375,-0.537109375,-0.2197265625,-0.8544921875,-0.08544921875,-0.62255859375,-0.25634765625,1.08642578125,0.0244140625,0.40283203125,0.06103515625,0.0244140625,-0.048828125,0.01220703125,-0.03662109375,0.1708984375,0.01220703125,-0.048828125,-0.06103515625,0.89111328125,-0.09765625,-0.5126953125,-0.08544921875,-0.5615234375
1,0.25634765625,-0.35400390625,-0.1220703125,-0.3662109375,0.32958984375,-0.390625,-0.1708984375,-0.08544921875,0.146484375,0,-0.06103515625,-0.87890625,-0.0244140625,1.123046875,0,-0.15869140625,0.048828125,-0.5615234375,-0.13427734375,-0.1220703125,0.4638671875,0.91552734375,-0.15869140625,-0.5859375,-0.390625,5.2001953125,-0.08544921875,2.20947265625,-0.0732421875,4.84619140625,-0.048828125,3.55224609375,0.18310546875,-0.32958984375,0.08544921875,-0.86669921875,-0.1708984375,-0.439453125,0.08544921875,-0.7568359375,0.15869140625,-0.2197265625,0.048828125,-0.68359375,-0.13427734375,-0.45166015625,0.10986328125,0.62255859375,-0.1953125,1.1474609375,-0.15869140625,0.45166015625,0.1953125,-0.1953125,-0.6103515625,0.7080078125,-0.10986328125,0.01220703125,-0.048828125,-0.1220703125,0.20751953125,0.439453125,0.09765625,-0.35400390625,0.3173828125,0.13427734375,-0.0244140625,1.0498046875,0.0732421875,0.2197265625,-0.35400390625,0.1953125,0.0732421875,0.28076171875,-0.3173828125,0.69580078125,0.1708984375,0,-0.28076171875,1.3427734375,0.08544921875,-1.01318359375,0.1953125,-0.390625,-0.32958984375,-0.96435546875,0.1708984375,-0.79345703125,0.13427734375,1.904296875,0.0732421875,1.416015625,-0.0244140625,1.62353515625,-0.15869140625,1.171875,-0.13427734375,-0.9765625,0.15869140625,-0.84228515625,0.0244140625,-0.89111328125,0.10986328125,-0.37841796875,0.10986328125,-0.537109375,-0.2197265625,-0.8544921875,-0.048828125,-0.64697265625,-0.18310546875,1.07421875,0.01220703125,0.42724609375,0.048828125,0.0244140625,-0.06103515625,0.01220703125,-0.048828125,0.18310546875,0.0244140625,-0.03662109375,-0.0732421875,0.89111328125,-0.08544921875,-0.52490234375,-0.09765625,-0.537109375
1,0.2197265625,-0.37841796875,-0.10986328125,-0.341796875,0.3173828125,-0.4150390625,-0.146484375,-0.0732421875,0.146484375,-0.01220703125,-0.08544921875,-0.89111328125,0,1.123046875,0,-0.146484375,0,-0.57373046875,-0.01220703125,-0.146484375,0.32958984375,0.91552734375,0.01220703125,-0.634765625,-0.3662109375,4.98046875,-0.09765625,2.0263671875,-0.0732421875,4.638671875,-0.06103515625,3.35693359375,0.1220703125,-0.37841796875,-0.01220703125,-0.86669921875,-0.18310546875,-0.439453125,0.048828125,-0.7568359375,0.3173828125,-0.2197265625,0.01220703125,-0.67138671875,-0.048828125,-0.439453125,0.09765625,0.59814453125,-0.1708984375,1.15966796875,-0.1708984375,0.40283203125,0.18310546875,-0.1953125,-0.50048828125,0.72021484375,-0.146484375,0.06103515625,0.01220703125,-0.08544921875,0.18310546875,0.48828125,0.0244140625,-0.341796875,0.3173828125,0.1708984375,-0.09765625,1.03759765625,0.0244140625,0.23193359375,-0.35400390625,0.1953125,-0.03662109375,0.29296875,-0.28076171875,0.72021484375,0.23193359375,0.0244140625,-0.244140625,1.318359375,0.1220703125,-0.98876953125,0.1708984375,-0.40283203125,-0.30517578125,-0.9765625,0.1953125,-0.8056640625,0.15869140625,2.978515625,0.03662109375,2.03857421875,0.0244140625,2.35595703125,-0.20751953125,1.9775390625,-0.09765625,-0.9765625,0.15869140625,-0.84228515625,-0.01220703125,-0.9033203125,0.146484375,-0.3662109375,0.06103515625,-0.50048828125,-0.244140625,-0.86669921875,-0.10986328125,-0.6591796875,-0.23193359375,1.0498046875,-0.01220703125,0.40283203125,0.0244140625,0.03662109375,-0.06103515625,0.01220703125,-0.06103515625,0.18310546875,0.01220703125,-0.03662109375,-0.0732421875,0.86669921875,-0.06103515625,-0.537109375,-0.08544921875,-0.54931640625
1,0.1953125,-0.3662109375,-0.08544921875,-0.32958984375,0.3173828125,-0.42724609375,-0.15869140625,-0.0732421875,0.1220703125,-0.0244140625,-0.10986328125,-0.89111328125,-0.01220703125,1.13525390625,-0.01220703125,-0.13427734375,-0.06103515625,-0.5859375,0.0732421875,-0.146484375,0.23193359375,0.9033203125,0.18310546875,-0.64697265625,-0.2685546875,4.55322265625,-0.0244140625,1.77001953125,-0.01220703125,4.28466796875,0.0244140625,3.0517578125,0.03662109375,-0.3662109375,-0.09765625,-0.89111328125,-0.2197265625,-0.4150390625,0.048828125,-0.76904296875,0.3662109375,-0.20751953125,0.01220703125,-0.67138671875,0.06103515625,-0.42724609375,0.13427734375,0.64697265625,-0.1220703125,1.18408203125,-0.13427734375,0.390625,0.23193359375,-0.18310546875,-0.3662109375,0.7080078125,-0.15869140625,0.1220703125,0.09765625,-0.0244140625,0.146484375,0.52490234375,0.0244140625,-0.28076171875,0.2685546875,0.20751953125,-0.13427734375,1.025390625,-0.048828125,0.2197265625,-0.32958984375,0.1953125,-0.0732421875,0.2685546875,-0.23193359375,0.74462890625,0.25634765625,0.0244140625,-0.18310546875,1.33056640625,0.10986328125,-0.98876953125,0.13427734375,-0.37841796875,-0.244140625,-0.96435546875,0.1708984375,-0.8056640625,0.28076171875,4.1259765625,0.0244140625,2.685546875,0.08544921875,3.13720703125,-0.23193359375,2.84423828125,-0.0244140625,-1.0009765625,0.13427734375,-0.84228515625,-0.03662109375,-0.927734375,0.18310546875,-0.3662109375,-0.0244140625,-0.439453125,-0.341796875,-0.84228515625,-0.1708984375,-0.67138671875,-0.23193359375,1.03759765625,-0.0244140625,0.40283203125,0,0.01220703125,-0.06103515625,0.01220703125,-0.048828125,0.1953125,0.0244140625,-0.048828125,-0.0732421875,0.830078125,-0.048828125,-0.537109375,-0.0732421875,-0.52490234375
0,0.20751953125,-0.3662109375,-0.06103515625,-0.341796875,0.29296875,-0.4150390625,-0.15869140625,-0.0244140625,0.13427734375,-0.0244140625,-0.1220703125,-0.86669921875,0,1.123046875,-0.03662109375,-0.10986328125,-0.1220703125,-0.5859375,0.10986328125,-0.1708984375,0.146484375,0.89111328125,0.30517578125,-0.6591796875,-0.20751953125,3.91845703125,-0.01220703125,1.42822265625,0.0244140625,3.857421875,0.048828125,2.6611328125,-0.0244140625,-0.390625,-0.18310546875,-0.89111328125,-0.2197265625,-0.4150390625,0.09765625,-0.76904296875,0.37841796875,-0.20751953125,0.03662109375,-0.634765625,0.13427734375,-0.4150390625,0.15869140625,0.64697265625,-0.09765625,1.1962890625,-0.15869140625,0.390625,0.25634765625,-0.20751953125,-0.2197265625,0.69580078125,-0.28076171875,0.1708984375,0,0.0732421875,0.0732421875,0.537109375,-0.06103515625,-0.2197265625,0.23193359375,0.29296875,-0.1708984375,1.0498046875,-0.13427734375,0.2197265625,-0.28076171875,0.1953125,-0.146484375,0.25634765625,-0.20751953125,0.7568359375,0.2197265625,0.0244140625,-0.0732421875,1.30615234375,0.10986328125,-0.96435546875,0.08544921875,-0.3662109375,-0.18310546875,-0.9521484375,0.1220703125,-0.79345703125,0.30517578125,5.23681640625,-0.01220703125,3.3447265625,0.06103515625,3.90625,-0.30517578125,3.69873046875,0.03662109375,-0.98876953125,0.1220703125,-0.84228515625,-0.0244140625,-0.927734375,0.1953125,-0.35400390625,0.09765625,-0.42724609375,-0.2685546875,-0.86669921875,-0.146484375,-0.7080078125,-0.18310546875,1.01318359375,-0.01220703125,0.37841796875,0,0.0244140625,-0.06103515625,0,-0.06103515625,0.1708984375,0,-0.06103515625,-0.06103515625,0.830078125,-0.03662109375,-0.537109375,-0.048828125,-0.52490234375
0,0.1953125,-0.35400390625,-0.048828125,-0.3173828125,0.30517578125,-0.40283203125,-0.1220703125,-0.03662109375,0.15869140625,-0.0244140625,-0.13427734375,-0.86669921875,0,1.123046875,-0.048828125,-0.1220703125,-0.146484375,-0.59814453125,0.06103515625,-0.1953125,0.10986328125,0.87890625,0.32958984375,-0.6591796875,-0.0732421875,3.1005859375,0.01220703125,1.03759765625,0.048828125,3.3203125,0.10986328125,2.197265625,-0.1220703125,-0.390625,-0.20751953125,-0.89111328125,-0.2197265625,-0.40283203125,0.13427734375,-0.79345703125,0.29296875,-0.20751953125,0.048828125,-0.634765625,0.13427734375,-0.40283203125,0.23193359375,0.6591796875,-0.1220703125,1.20849609375,-0.09765625,0.4150390625,0.244140625,-0.1953125,-0.13427734375,0.7080078125,-0.29296875,0.2197265625,0.03662109375,0.1708984375,0.146484375,0.5126953125,-0.0244140625,-0.13427734375,0.20751953125,0.40283203125,-0.1953125,1.0498046875,-0.1708984375,0.23193359375,-0.2197265625,0.1953125,-0.2197265625,0.244140625,-0.18310546875,0.78125,0.18310546875,0.048828125,0.048828125,1.318359375,0.0732421875,-0.9521484375,0.06103515625,-0.3662109375,-0.08544921875,-0.9765625,0.06103515625,-0.79345703125,0.25634765625,6.2255859375,0,3.90625,0.03662109375,4.5654296875,-0.29296875,4.43115234375,0.13427734375,-0.96435546875,0.10986328125,-0.8544921875,0,-0.91552734375,0.1708984375,-0.35400390625,0.146484375,-0.40283203125,-0.23193359375,-0.9033203125,-0.15869140625,-0.74462890625,-0.2197265625,0.9765625,-0.01220703125,0.3662109375,-0.03662109375,0.01220703125,-0.048828125,-0.01220703125,-0.06103515625,0.18310546875,-0.01220703125,-0.0732421875,-0.03662109375,0.79345703125,-0.048828125,-0.5126953125,-0.048828125,-0.537109375
0,0.15869140625,-0.341796875,-0.048828125,-0.3173828125,0.32958984375,-0.40283203125,-0.146484375,-0.048828125,0.13427734375,-0.03662109375,-0.13427734375,-0.8544921875,-0.01220703125,1.0986328125,-0.0732421875,-0.1220703125,-0.09765625,-0.62255859375,-0.0732421875,-0.18310546875,0.10986328125,0.87890625,0.2197265625,-0.6591796875,0.10986328125,2.23388671875,0,0.62255859375,0.09765625,2.79541015625,0.1708984375,1.72119140625,-0.15869140625,-0.40283203125,-0.2197265625,-0.87890625,-0.1953125,-0.4150390625,0.18310546875,-0.76904296875,0.1220703125,-0.1708984375,0.0732421875,-0.62255859375,0.06103515625,-0.40283203125,0.28076171875,0.6591796875,-0.13427734375,1.1962890625,-0.03662109375,0.4150390625,0.2197265625,-0.18310546875,-0.08544921875,0.72021484375,-0.23193359375,0.29296875,0.10986328125,0.28076171875,0.13427734375,0.48828125,-0.01220703125,-0.0244140625,0.18310546875,0.52490234375,-0.244140625,1.025390625,-0.18310546875,0.23193359375,-0.1708984375,0.1953125,-0.28076171875,0.244140625,-0.1953125,0.76904296875,0.15869140625,0.048828125,0.15869140625,1.2939453125,0.06103515625,-0.9521484375,0.0244140625,-0.37841796875,-0.01220703125,-0.96435546875,-0.01220703125,-0.79345703125,0.13427734375,6.94580078125,-0.03662109375,4.28466796875,-0.048828125,5.04150390625,-0.244140625,4.9072265625,0.15869140625,-0.96435546875,0.13427734375,-0.86669921875,0.0244140625,-0.9033203125,0.1220703125,-0.3662109375,0.1220703125,-0.439453125,-0.23193359375,-0.96435546875,-0.09765625,-0.79345703125,-0.23193359375,0.89111328125,-0.01220703125,0.35400390625,-0.0244140625,0.03662109375,-0.0732421875,-0.03662109375,-0.08544921875,0.1708984375,-0.01220703125,-0.06103515625,-0.03662109375,0.79345703125,-0.048828125,-0.48828125,-0.03662109375,-0.537109375
0,0.146484375,-0.341796875,-0.0244140625,-0.28076171875,0.32958984375,-0.390625,-0.146484375,-0.048828125,0.1220703125,-0.06103515625,-0.13427734375,-0.86669921875,0,1.08642578125,-0.0732421875,-0.1220703125,0,-0.634765625,-0.2197265625,-0.18310546875,0.146484375,0.87890625,0.06103515625,-0.62255859375,0.23193359375,1.3916015625,-0.0732421875,0.23193359375,0.10986328125,2.25830078125,0.23193359375,1.2939453125,-0.1708984375,-0.40283203125,-0.2197265625,-0.86669921875,-0.18310546875,-0.4150390625,0.2197265625,-0.76904296875,-0.0244140625,-0.18310546875,0.06103515625,-0.59814453125,0.0244140625,-0.4150390625,0.3173828125,0.67138671875,-0.15869140625,1.18408203125,0.06103515625,0.45166015625,0.244140625,-0.1953125,-0.048828125,0.72021484375,-0.29296875,0.37841796875,0.048828125,0.35400390625,0.1708984375,0.47607421875,-0.08544921875,0.06103515625,0.15869140625,0.634765625,-0.244140625,1.06201171875,-0.1708984375,0.23193359375,-0.09765625,0.1953125,-0.32958984375,0.2197265625,-0.15869140625,0.7568359375,0.1708984375,0.03662109375,0.18310546875,1.28173828125,-0.0244140625,-0.9521484375,0,-0.3662109375,0.048828125,-0.9765625,-0.09765625,-0.79345703125,-0.01220703125,7.3974609375,-0.06103515625,4.47998046875,-0.1708984375,5.2490234375,-0.20751953125,5.18798828125,0.146484375,-0.9521484375,0.13427734375,-0.87890625,0.0732421875,-0.9033203125,0.06103515625,-0.3662109375,0.1220703125,-0.47607421875,-0.146484375,-1.0498046875,-0.0732421875,-0.830078125,-0.28076171875,0.79345703125,-0.01220703125,0.35400390625,-0.06103515625,0.048828125,-0.0732421875,-0.048828125,-0.08544921875,0.146484375,-0.01220703125,-0.06103515625,-0.01220703125,0.79345703125,-0.06103515625,-0.50048828125,-0.01220703125,-0.52490234375
0,0.09765625,-0.341796875,-0.0244140625,-0.25634765625,0.35400390625,-0.390625,-0.1708984375,-0.06103515625,0.13427734375,-0.048828125,-0.1708984375,-0.86669921875,0,1.08642578125,-0.1220703125,-0.146484375,0.0732421875,-0.62255859375,-0.35400390625,-0.18310546875,0.146484375,0.89111328125,-0.1708984375,-0.6103515625,0.25634765625,0.69580078125,-0.1220703125,-0.08544921875,0.13427734375,1.8310546875,0.30517578125,0.9521484375,-0.1220703125,-0.390625,-0.244140625,-0.87890625,-0.1220703125,-0.45166015625,0.18310546875,-0.76904296875,-0.1220703125,-0.18310546875,0,-0.59814453125,-0.048828125,-0.45166015625,0.32958984375,0.6591796875,-0.1953125,1.1962890625,0.09765625,0.47607421875,0.25634765625,-0.1953125,-0.03662109375,0.72021484375,-0.2197265625,0.4638671875,0.06103515625,0.42724609375,0.28076171875,0.4638671875,-0.048828125,0.146484375,0.09765625,0.7568359375,-0.244140625,1.06201171875,-0.1708984375,0.2197265625,-0.08544921875,0.20751953125,-0.35400390625,0.23193359375,-0.08544921875,0.72021484375,0.18310546875,0.01220703125,0.2197265625,1.2939453125,-0.048828125,-0.96435546875,-0.0244140625,-0.390625,0.0244140625,-0.9765625,-0.08544921875,-0.79345703125,0.03662109375,7.4951171875,-0.0732421875,4.5166015625,-0.18310546875,5.28564453125,-0.1220703125,5.21240234375,0.08544921875,-0.9521484375,0.146484375,-0.89111328125,0.08544921875,-0.87890625,-0.048828125,-0.3662109375,0.09765625,-0.537109375,-0.09765625,-1.13525390625,-0.0732421875,-0.86669921875,-0.35400390625,0.74462890625,0.01220703125,0.341796875,-0.048828125,0.048828125,-0.0732421875,-0.048828125,-0.10986328125,0.1708984375,-0.01220703125,-0.048828125,-0.03662109375,0.8056640625,-0.08544921875,-0.47607421875,-0.03662109375,-0.52490234375
0,0.09765625,-0.3662109375,0.0244140625,-0.20751953125,0.32958984375,-0.390625,-0.1953125,-0.06103515625,0.1220703125,-0.06103515625,-0.18310546875,-0.86669921875,-0.01220703125,1.0986328125,-0.146484375,-0.1220703125,0.08544921875,-0.62255859375,-0.4150390625,-0.1708984375,0.1708984375,0.89111328125,-0.35400390625,-0.5859375,0.29296875,0.2197265625,-0.10986328125,-0.2685546875,0.1220703125,1.55029296875,0.32958984375,0.74462890625,-0.06103515625,-0.40283203125,-0.23193359375,-0.89111328125,-0.08544921875,-0.4638671875,0.1953125,-0.78125,-0.18310546875,-0.1953125,-0.10986328125,-0.62255859375,-0.13427734375,-0.45166015625,0.25634765625,0.6591796875,-0.20751953125,1.18408203125,0.1220703125,0.48828125,0.29296875,-0.18310546875,0.0244140625,0.72021484375,-0.20751953125,0.54931640625,0.01220703125,0.439453125,0.30517578125,0.48828125,-0.10986328125,0.28076171875,0.03662109375,0.84228515625,-0.1953125,1.0498046875,-0.15869140625,0.23193359375,-0.10986328125,0.23193359375,-0.341796875,0.244140625,-0.06103515625,0.72021484375,0.18310546875,0.0244140625,0.244140625,1.28173828125,-0.09765625,-0.9765625,0,-0.390625,0.0244140625,-0.9765625,-0.03662109375,-0.79345703125,0.03662109375,7.2998046875,-0.06103515625,4.35791015625,-0.1708984375,5.11474609375,-0.09765625,4.99267578125,0.01220703125,-0.93994140625,0.1708984375,-0.9033203125,0.08544921875,-0.86669921875,-0.10986328125,-0.37841796875,0.03662109375,-0.57373046875,-0.0732421875,-1.171875,-0.10986328125,-0.87890625,-0.42724609375,0.7080078125,0.0244140625,0.3662109375,-0.09765625,0.03662109375,-0.06103515625,-0.0732421875,-0.09765625,0.18310546875,0,-0.048828125,-0.06103515625,0.81787109375,-0.08544921875,-0.50048828125,-0.048828125,-0.52490234375
0,0.06103515625,-0.3662109375,0.0244140625,-0.15869140625,0.341796875,-0.40283203125,-0.20751953125,-0.06103515625,0.15869140625,-0.06103515625,-0.1953125,-0.87890625,0,1.08642578125,-0.15869140625,-0.1220703125,0,-0.59814453125,-0.439453125,-0.146484375,0.1220703125,0.89111328125,-0.439453125,-0.5615234375,0.23193359375,0.09765625,-0.09765625,-0.29296875,0.18310546875,1.47705078125,0.3173828125,0.72021484375,-0.03662109375,-0.37841796875,-0.2197265625,-0.89111328125,-0.048828125,-0.48828125,0.2197265625,-0.76904296875,-0.1708984375,-0.1953125,-0.15869140625,-0.634765625,-0.15869140625,-0.48828125,0.15869140625,0.6591796875,-0.25634765625,1.18408203125,0.08544921875,0.48828125,0.3662109375,-0.23193359375,0.01220703125,0.732421875,-0.1220703125,0.69580078125,-0.048828125,0.50048828125,0.45166015625,0.57373046875,-0.1220703125,0.4150390625,-0.01220703125,0.9521484375,-0.1708984375,1.0498046875,-0.10986328125,0.20751953125,-0.10986328125,0.23193359375,-0.32958984375,0.2685546875,0,0.7080078125,0.2197265625,0.0244140625,0.20751953125,1.30615234375,-0.09765625,-0.98876953125,0.0244140625,-0.390625,-0.0244140625,-0.96435546875,0.0732421875,-0.76904296875,-0.03662109375,6.8359375,-0.06103515625,4.06494140625,-0.146484375,4.79736328125,-0.048828125,4.638671875,0,-0.93994140625,0.1953125,-0.91552734375,0.0732421875,-0.87890625,-0.1708984375,-0.35400390625,0.01220703125,-0.59814453125,-0.03662109375,-1.15966796875,-0.13427734375,-0.830078125,-0.47607421875,0.69580078125,0.048828125,0.3662109375,-0.09765625,0.0244140625,-0.048828125,-0.08544921875,-0.09765625,0.18310546875,0,-0.03662109375,-0.03662109375,0.830078125,-0.08544921875,-0.5126953125,-0.0732421875,-0.537109375
0,0.03662109375,-0.37841796875,0.0244140625,-0.10986328125,0.341796875,-0.4150390625,-0.20751953125,-0.06103515625,0.146484375,-0.06103515625,-0.2197265625,-0.86669921875,-0.0244140625,1.08642578125,-0.1708984375,-0.1220703125,-0.048828125,-0.5859375,-0.4150390625,-0.13427734375,0.048828125,0.89111328125,-0.439453125,-0.57373046875,0.10986328125,0.3173828125,-0.10986328125,-0.146484375,0.146484375,1.66015625,0.23193359375,0.89111328125,-0.01220703125,-0.37841796875,-0.18310546875,-0.91552734375,-0.0244140625,-0.47607421875,0.2685546875,-0.79345703125,-0.13427734375,-0.18310546875,-0.25634765625,-0.64697265625,-0.15869140625,-0.48828125,0.06103515625,0.67138671875,-0.2685546875,1.171875,0.048828125,0.48828125,0.30517578125,-0.25634765625,0.01220703125,0.72021484375,-0.01220703125,0.89111328125,-0.03662109375,0.57373046875,0.54931640625,0.732421875,-0.06103515625,0.5859375,-0.0244140625,1.0009765625,-0.1708984375,1.0498046875,-0.048828125,0.1953125,-0.15869140625,0.244140625,-0.341796875,0.28076171875,0.048828125,0.67138671875,0.244140625,0.0244140625,0.18310546875,1.3427734375,-0.06103515625,-0.98876953125,0.048828125,-0.37841796875,-0.03662109375,-0.96435546875,0.1708984375,-0.79345703125,-0.09765625,6.201171875,-0.0244140625,3.69873046875,-0.048828125,4.39453125,-0.08544921875,4.1748046875,-0.0244140625,-0.93994140625,0.15869140625,-0.89111328125,0.048828125,-0.87890625,-0.15869140625,-0.3662109375,0.08544921875,-0.54931640625,0.0732421875,-1.123046875,-0.09765625,-0.7568359375,-0.341796875,0.78125,0.06103515625,0.390625,-0.10986328125,0.0244140625,-0.06103515625,-0.0732421875,-0.0732421875,0.18310546875,0.01220703125,-0.0244140625,-0.06103515625,0.830078125,-0.0732421875,-0.537109375,-0.10986328125,-0.537109375
0,0.03662109375,-0.40283203125,0.03662109375,-0.08544921875,0.35400390625,-0.4150390625,-0.20751953125,-0.06103515625,0.13427734375,-0.0732421875,-0.23193359375,-0.89111328125,-0.048828125,1.11083984375,-0.1708984375,-0.10986328125,-0.1708984375,-0.57373046875,-0.3662109375,-0.10986328125,-0.0244140625,0.87890625,-0.341796875,-0.57373046875,0.01220703125,0.9521484375,-0.1220703125,0.1953125,0.08544921875,2.08740234375,0.0732421875,1.25732421875,0.03662109375,-0.390625,-0.15869140625,-0.9033203125,-0.06103515625,-0.45166015625,0.3173828125,-0.8056640625,-0.10986328125,-0.20751953125,-0.29296875,-0.6591796875,-0.15869140625,-0.50048828125,-0.048828125,0.64697265625,-0.2685546875,1.171875,-0.0244140625,0.45166015625,0.23193359375,-0.29296875,-0.0244140625,0.72021484375,-0.048828125,1.0986328125,-0.06103515625,0.68359375,0.54931640625,0.93994140625,-0.0732421875,0.8056640625,0.01220703125,1.06201171875,-0.13427734375,1.06201171875,-0.01220703125,0.1708984375,-0.18310546875,0.244140625,-0.35400390625,0.29296875,0.0732421875,0.7080078125,0.244140625,0.0244140625,0.13427734375,1.35498046875,-0.01220703125,-0.98876953125,0.06103515625,-0.37841796875,-0.06103515625,-0.96435546875,0.2685546875,-0.8056640625,-0.10986328125,5.517578125,0.06103515625,3.3203125,0.0732421875,3.96728515625,-0.15869140625,3.6865234375,0,-0.96435546875,0.13427734375,-0.89111328125,0,-0.9033203125,-0.09765625,-0.3662109375,0.146484375,-0.45166015625,0.0732421875,-0.98876953125,-0.15869140625,-0.6591796875,-0.29296875,0.91552734375,0.06103515625,0.40283203125,-0.08544921875,0.0244140625,-0.0732421875,-0.0732421875,-0.048828125,0.20751953125,-0.0244140625,-0.01220703125,-0.06103515625,0.81787109375,-0.06103515625,-0.54931640625,-0.18310546875,-0.54931640625
0,0.0244140625,-0.4150390625,0,-0.08544921875,0.341796875,-0.4150390625,-0.1953125,-0.06103515625,0.13427734375,-0.0732421875,-0.244140625,-0.9033203125,-0.08544921875,1.123046875,-0.1953125,-0.146484375,-0.23193359375,-0.54931640625,-0.3173828125,-0.10986328125,-0.10986328125,0.86669921875,-0.20751953125,-0.57373046875,-0.13427734375,1.91650390625,-0.10986328125,0.69580078125,0.03662109375,2.734375,-0.01220703125,1.81884765625,0.01220703125,-0.390625,-0.13427734375,-0.9033203125,-0.146484375,-0.4638671875,0.35400390625,-0.8056640625,-0.048828125,-0.20751953125,-0.28076171875,-0.6591796875,-0.1220703125,-0.4638671875,-0.08544921875,0.6591796875,-0.23193359375,1.18408203125,-0.03662109375,0.42724609375,0.15869140625,-0.2685546875,-0.06103515625,0.72021484375,-0.0732421875,1.3427734375,-0.0732421875,0.8056640625,0.68359375,1.13525390625,-0.03662109375,1.03759765625,0.048828125,1.07421875,-0.08544921875,1.08642578125,0.01220703125,0.15869140625,-0.1708984375,0.23193359375,-0.4150390625,0.30517578125,0.09765625,0.7080078125,0.2197265625,0.0244140625,0.048828125,1.35498046875,0.0244140625,-0.98876953125,0.0732421875,-0.3662109375,-0.06103515625,-0.927734375,0.28076171875,-0.8056640625,-0.09765625,4.84619140625,0.13427734375,2.99072265625,0.18310546875,3.5888671875,-0.1953125,3.271484375,0.0244140625,-0.96435546875,0.1220703125,-0.8544921875,-0.03662109375,-0.9033203125,0,-0.3662109375,0.20751953125,-0.30517578125,0.09765625,-0.830078125,-0.13427734375,-0.537109375,-0.1708984375,1.0986328125,0.06103515625,0.4150390625,-0.10986328125,0,-0.0732421875,-0.0732421875,-0.0244140625,0.2197265625,-0.03662109375,-0.03662109375,-0.048828125,0.81787109375,-0.048828125,-0.537109375,-0.1953125,-0.5859375
0,0,-0.390625,0.0244140625,-0.09765625,0.3173828125,-0.42724609375,-0.1953125,-0.06103515625,0.09765625,-0.0732421875,-0.2685546875,-0.89111328125,-0.09765625,1.13525390625,-0.20751953125,-0.146484375,-0.25634765625,-0.54931640625,-0.2197265625,-0.146484375,-0.13427734375,0.87890625,-0.09765625,-0.5859375,-0.3662109375,3.125,-0.1953125,1.318359375,-0.06103515625,3.52783203125,-0.146484375,2.5146484375,0.01220703125,-0.37841796875,-0.08544921875,-0.91552734375,-0.20751953125,-0.45166015625,0.35400390625,-0.8056640625,-0.0244140625,-0.20751953125,-0.28076171875,-0.6591796875,-0.08544921875,-0.4638671875,-0.13427734375,0.64697265625,-0.1708984375,1.18408203125,-0.146484375,0.40283203125,0,-0.30517578125,-0.09765625,0.7080078125,-0.08544921875,1.57470703125,-0.01220703125,0.93994140625,0.72021484375,1.33056640625,0.03662109375,1.26953125,0.06103515625,1.06201171875,-0.0244140625,1.07421875,0.0244140625,0.1708984375,-0.146484375,0.244140625,-0.37841796875,0.29296875,0.1220703125,0.732421875,0.146484375,0.01220703125,0.01220703125,1.3671875,0.08544921875,-0.98876953125,0.09765625,-0.3662109375,-0.01220703125,-0.93994140625,0.244140625,-0.81787109375,-0.1220703125,4.30908203125,0.20751953125,2.7587890625,0.2685546875,3.3203125,-0.244140625,2.96630859375,0.048828125,-0.9765625,0.1220703125,-0.86669921875,-0.10986328125,-0.927734375,0.0732421875,-0.3662109375,0.15869140625,-0.15869140625,0.048828125,-0.64697265625,-0.1953125,-0.439453125,-0.146484375,1.25732421875,0.06103515625,0.40283203125,-0.09765625,-0.0244140625,-0.06103515625,-0.06103515625,-0.01220703125,0.20751953125,-0.03662109375,-0.06103515625,-0.048828125,0.79345703125,-0.06103515625,-0.54931640625,-0.20751953125,-0.5615234375
0,-0.01220703125,-0.390625,0.048828125,-0.09765625,0.28076171875,-0.42724609375,-0.1953125,-0.06103515625,0.09765625,-0.03662109375,-0.28076171875,-0.9033203125,-0.10986328125,1.1474609375,-0.2197265625,-0.15869140625,-0.28076171875,-0.5615234375,-0.146484375,-0.146484375,-0.10986328125,0.86669921875,0.0244140625,-0.59814453125,-0.390625,4.4921875,-0.23193359375,1.9775390625,-0.1708984375,4.43115234375,-0.20751953125,3.30810546875,0.03662109375,-0.37841796875,-0.0732421875,-0.91552734375,-0.23193359375,-0.42724609375,0.37841796875,-0.79345703125,-0.048828125,-0.1953125,-0.2197265625,-0.62255859375,-0.06103515625,-0.439453125,-0.15869140625,0.64697265625,-0.09765625,1.18408203125,-0.15869140625,0.4150390625,-0.06103515625,-0.2685546875,-0.13427734375,0.7080078125,-0.09765625,1.7822265625,0.0244140625,1.07421875,0.72021484375,1.5380859375,0.1953125,1.46484375,0.09765625,1.01318359375,0.0244140625,1.06201171875,0.0244140625,0.146484375,-0.08544921875,0.23193359375,-0.30517578125,0.2685546875,0.13427734375,0.76904296875,0.10986328125,-0.01220703125,-0.048828125,1.37939453125,0.1220703125,-1.0009765625,0.0732421875,-0.3662109375,0.01220703125,-0.93994140625,0.1708984375,-0.830078125,0.01220703125,3.96728515625,0.32958984375,2.62451171875,0.341796875,3.16162109375,-0.15869140625,2.783203125,0.03662109375,-0.9521484375,0.146484375,-0.84228515625,-0.146484375,-0.91552734375,0.146484375,-0.3662109375,0.15869140625,-0.03662109375,-0.0732421875,-0.47607421875,-0.2685546875,-0.35400390625,-0.13427734375,1.416015625,0.09765625,0.390625,-0.09765625,-0.03662109375,-0.0732421875,-0.0732421875,-0.01220703125,0.20751953125,-0.03662109375,-0.06103515625,-0.03662109375,0.78125,-0.06103515625,-0.5126953125,-0.18310546875,-0.57373046875
0,-0.03662109375,-0.390625,0.03662109375,-0.13427734375,0.2685546875,-0.42724609375,-0.1708984375,-0.048828125,0.08544921875,-0.03662109375,-0.29296875,-0.89111328125,-0.10986328125,1.123046875,-0.23193359375,-0.146484375,-0.23193359375,-0.57373046875,-0.13427734375,-0.15869140625,-0.01220703125,0.84228515625,0.06103515625,-0.59814453125,-0.439453125,5.859375,-0.3173828125,2.69775390625,-0.23193359375,5.33447265625,-0.244140625,4.0771484375,0.0244140625,-0.341796875,-0.08544921875,-0.89111328125,-0.20751953125,-0.4150390625,0.3662109375,-0.78125,-0.03662109375,-0.1708984375,-0.146484375,-0.64697265625,-0.03662109375,-0.4150390625,-0.15869140625,0.62255859375,-0.06103515625,1.1962890625,-0.1953125,0.4150390625,-0.13427734375,-0.25634765625,-0.2197265625,0.732421875,-0.1220703125,1.9287109375,0.048828125,1.15966796875,0.732421875,1.64794921875,0.28076171875,1.611328125,0.1220703125,0.9765625,0.09765625,1.07421875,0.048828125,0.15869140625,0,0.23193359375,-0.2197265625,0.23193359375,0.15869140625,0.7568359375,0.06103515625,0.01220703125,-0.0732421875,1.35498046875,0.13427734375,-0.98876953125,0.0732421875,-0.37841796875,0.03662109375,-0.9521484375,0.06103515625,-0.84228515625,0,3.8330078125,0.37841796875,2.6123046875,0.32958984375,3.13720703125,-0.09765625,2.74658203125,0.01220703125,-0.9765625,0.15869140625,-0.830078125,-0.18310546875,-0.9033203125,0.23193359375,-0.37841796875,0.2197265625,0.048828125,-0.09765625,-0.40283203125,-0.28076171875,-0.3173828125,-0.08544921875,1.50146484375,0.06103515625,0.37841796875,-0.09765625,-0.01220703125,-0.08544921875,-0.0732421875,-0.01220703125,0.1953125,-0.048828125,-0.08544921875,-0.03662109375,0.79345703125,-0.08544921875,-0.52490234375,-0.1708984375,-0.5615234375
0,-0.06103515625,-0.390625,0.03662109375,-0.18310546875,0.2685546875,-0.42724609375,-0.1708984375,-0.03662109375,0.0732421875,-0.0244140625,-0.30517578125,-0.89111328125,-0.1220703125,1.0986328125,-0.2197265625,-0.146484375,-0.18310546875,-0.57373046875,-0.15869140625,-0.1708984375,0.13427734375,0.8544921875,0.0244140625,-0.6103515625,-0.341796875,7.11669921875,-0.29296875,3.3203125,-0.2685546875,6.18896484375,-0.18310546875,4.77294921875,0.01220703125,-0.341796875,-0.1220703125,-0.87890625,-0.18310546875,-0.42724609375,0.28076171875,-0.78125,0,-0.18310546875,-0.10986328125,-0.64697265625,-0.0244140625,-0.40283203125,-0.08544921875,0.62255859375,-0.03662109375,1.18408203125,-0.18310546875,0.439453125,-0.18310546875,-0.2197265625,-0.2197265625,0.72021484375,-0.18310546875,1.9775390625,0.048828125,1.15966796875,0.732421875,1.66015625,0.35400390625,1.67236328125,0.10986328125,0.89111328125,0.1708984375,1.07421875,0.06103515625,0.1708984375,0.0244140625,0.2197265625,-0.10986328125,0.244140625,0.146484375,0.79345703125,0.03662109375,0.0244140625,-0.0732421875,1.3427734375,0.08544921875,-0.9765625,0.048828125,-0.37841796875,0.01220703125,-0.9765625,0,-0.830078125,-0.0244140625,3.86962890625,0.37841796875,2.64892578125,0.3173828125,3.22265625,0,2.79541015625,0,-0.9765625,0.13427734375,-0.8544921875,-0.2197265625,-0.86669921875,0.2685546875,-0.37841796875,0.25634765625,0.048828125,-0.1708984375,-0.40283203125,-0.28076171875,-0.35400390625,-0.048828125,1.52587890625,0.06103515625,0.3662109375,-0.08544921875,-0.01220703125,-0.0732421875,-0.09765625,-0.01220703125,0.1708984375,-0.048828125,-0.09765625,-0.03662109375,0.78125,-0.08544921875,-0.5126953125,-0.146484375,-0.57373046875
1,-0.09765625,-0.3662109375,0.01220703125,-0.23193359375,0.244140625,-0.4150390625,-0.18310546875,-0.01220703125,0.06103515625,-0.0244140625,-0.2685546875,-0.87890625,-0.1220703125,1.0986328125,-0.2197265625,-0.10986328125,-0.08544921875,-0.5859375,-0.1953125,-0.18310546875,0.29296875,0.8544921875,-0.0244140625,-0.62255859375,-0.37841796875,8.1298828125,-0.28076171875,3.857421875,-0.244140625,6.884765625,-0.1220703125,5.38330078125,-0.03662109375,-0.32958984375,-0.20751953125,-0.89111328125,-0.13427734375,-0.390625,0.28076171875,-0.78125,0.01220703125,-0.18310546875,-0.09765625,-0.634765625,-0.0244140625,-0.42724609375,0,0.62255859375,-0.048828125,1.171875,-0.1708984375,0.45166015625,-0.20751953125,-0.18310546875,-0.28076171875,0.7568359375,-0.20751953125,1.953125,0.08544921875,1.1474609375,0.7080078125,1.59912109375,0.439453125,1.67236328125,0.06103515625,0.830078125,0.23193359375,1.0498046875,0.03662109375,0.1953125,0.0732421875,0.2197265625,-0.01220703125,0.20751953125,0.06103515625,0.78125,-0.01220703125,0.01220703125,-0.06103515625,1.318359375,0,-0.9765625,0.0244140625,-0.37841796875,-0.01220703125,-1.0009765625,-0.048828125,-0.8544921875,-0.0244140625,4.052734375,0.341796875,2.77099609375,0.244140625,3.30810546875,0.10986328125,2.9052734375,-0.01220703125,-0.98876953125,0.13427734375,-0.830078125,-0.23193359375,-0.8544921875,0.32958984375,-0.37841796875,0.23193359375,0.03662109375,-0.1708984375,-0.48828125,-0.244140625,-0.4150390625,-0.08544921875,1.45263671875,0.048828125,0.35400390625,-0.08544921875,0,-0.06103515625,-0.10986328125,-0.03662109375,0.146484375,-0.03662109375,-0.08544921875,-0.0244140625,0.7568359375,-0.10986328125,-0.5126953125,-0.1220703125,-0.54931640625
1,-0.1220703125,-0.3662109375,0,-0.28076171875,0.23193359375,-0.439453125,-0.1708984375,-0.048828125,0.06103515625,-0.03662109375,-0.28076171875,-0.87890625,-0.1220703125,1.11083984375,-0.2197265625,-0.146484375,0.03662109375,-0.5859375,-0.25634765625,-0.20751953125,0.40283203125,0.86669921875,-0.10986328125,-0.59814453125,-0.341796875,8.837890625,-0.2685546875,4.19921875,-0.2197265625,7.3486328125,-0.048828125,5.7861328125,-0.08544921875,-0.35400390625,-0.30517578125,-0.9033203125,-0.09765625,-0.42724609375,0.244140625,-0.76904296875,0.06103515625,-0.1953125,-0.1220703125,-0.64697265625,-0.03662109375,-0.439453125,0.10986328125,0.6103515625,-0.10986328125,1.171875,-0.1220703125,0.47607421875,-0.25634765625,-0.146484375,-0.4150390625,0.74462890625,-0.23193359375,1.8310546875,0.13427734375,1.0498046875,0.69580078125,1.47705078125,0.47607421875,1.5869140625,0.0732421875,0.7568359375,0.28076171875,1.0498046875,0.0732421875,0.2197265625,0.10986328125,0.2197265625,0.06103515625,0.2197265625,-0.0244140625,0.74462890625,-0.0732421875,0.03662109375,-0.03662109375,1.2939453125,-0.06103515625,-0.98876953125,0.01220703125,-0.390625,-0.0732421875,-1.0009765625,-0.03662109375,-0.830078125,-0.03662109375,4.2724609375,0.28076171875,2.86865234375,0.1708984375,3.40576171875,0.18310546875,3.01513671875,0.0244140625,-0.96435546875,0.13427734375,-0.84228515625,-0.23193359375,-0.8544921875,0.30517578125,-0.390625,0.244140625,-0.0244140625,-0.146484375,-0.62255859375,-0.23193359375,-0.48828125,-0.1220703125,1.318359375,0.03662109375,0.35400390625,-0.08544921875,0.048828125,-0.0732421875,-0.09765625,-0.0244140625,0.146484375,-0.03662109375,-0.08544921875,-0.0244140625,0.78125,-0.1220703125,-0.537109375,-0.08544921875,-0.537109375
1,-0.146484375,-0.37841796875,0,-0.341796875,0.244140625,-0.439453125,-0.1708984375,-0.048828125,0.0732421875,-0.06103515625,-0.2685546875,-0.86669921875,-0.13427734375,1.08642578125,-0.244140625,-0.15869140625,0.1220703125,-0.59814453125,-0.25634765625,-0.20751953125,0.42724609375,0.8544921875,-0.18310546875,-0.59814453125,-0.29296875,9.19189453125,-0.25634765625,4.38232421875,-0.1708984375,7.5927734375,-0.0244140625,5.96923828125,-0.10986328125,-0.37841796875,-0.3662109375,-0.9033203125,-0.0732421875,-0.4638671875,0.2197265625,-0.76904296875,0.10986328125,-0.20751953125,-0.1953125,-0.6591796875,0.0244140625,-0.439453125,0.1953125,0.59814453125,-0.18310546875,1.1474609375,-0.03662109375,0.48828125,-0.2685546875,-0.13427734375,-0.5126953125,0.7568359375,-0.1953125,1.6357421875,0.25634765625,0.927734375,0.72021484375,1.2939453125,0.537109375,1.416015625,0.0732421875,0.7080078125,0.32958984375,1.06201171875,0.09765625,0.244140625,0.09765625,0.20751953125,0.09765625,0.2197265625,-0.146484375,0.74462890625,-0.0732421875,0.03662109375,-0.03662109375,1.33056640625,-0.13427734375,-1.025390625,-0.048828125,-0.37841796875,-0.10986328125,-1.0009765625,0.01220703125,-0.81787109375,-0.048828125,4.39453125,0.2197265625,2.9052734375,0.10986328125,3.4423828125,0.1953125,3.06396484375,0.03662109375,-0.9521484375,0.10986328125,-0.84228515625,-0.2197265625,-0.84228515625,0.23193359375,-0.40283203125,0.23193359375,-0.0732421875,-0.0732421875,-0.76904296875,-0.23193359375,-0.59814453125,-0.1708984375,1.20849609375,0.03662109375,0.341796875,-0.09765625,0.048828125,-0.06103515625,-0.06103515625,-0.03662109375,0.15869140625,-0.0244140625,-0.0732421875,0,0.74462890625,-0.08544921875,-0.54931640625,-0.0732421875,-0.54931640625
1,-0.13427734375,-0.37841796875,0,-0.390625,0.23193359375,-0.4150390625,-0.146484375,-0.03662109375,0.10986328125,-0.048828125,-0.29296875,-0.9033203125,-0.10986328125,1.0986328125,-0.25634765625,-0.15869140625,0.146484375,-0.59814453125,-0.2197265625,-0.1953125,0.341796875,0.86669921875,-0.13427734375,-0.59814453125,-0.2685546875,9.1552734375,-0.20751953125,4.3701171875,-0.08544921875,7.58056640625,-0.03662109375,5.94482421875,-0.09765625,-0.390625,-0.3662109375,-0.91552734375,-0.03662109375,-0.4638671875,0.244140625,-0.78125,0.146484375,-0.1953125,-0.29296875,-0.67138671875,0.048828125,-0.45166015625,0.2197265625,0.59814453125,-0.244140625,1.13525390625,-0.0244140625,0.50048828125,-0.28076171875,-0.1220703125,-0.6103515625,0.74462890625,-0.1953125,1.42822265625,0.25634765625,0.74462890625,0.732421875,1.08642578125,0.4638671875,1.20849609375,0.10986328125,0.6591796875,0.341796875,1.0498046875,0.10986328125,0.2685546875,0.09765625,0.23193359375,0.09765625,0.23193359375,-0.1953125,0.732421875,-0.048828125,0.03662109375,-0.0732421875,1.2939453125,-0.1708984375,-1.025390625,-0.06103515625,-0.3662109375,-0.15869140625,-1.0009765625,0.03662109375,-0.79345703125,-0.048828125,4.33349609375,0.13427734375,2.86865234375,0.03662109375,3.33251953125,0.09765625,2.94189453125,0.06103515625,-0.9521484375,0.06103515625,-0.87890625,-0.1953125,-0.8544921875,0.1708984375,-0.4150390625,0.25634765625,-0.01220703125,0,-0.89111328125,-0.23193359375,-0.62255859375,-0.20751953125,1.11083984375,0.0244140625,0.35400390625,-0.1220703125,0.08544921875,-0.0732421875,-0.0244140625,-0.06103515625,0.15869140625,-0.0244140625,-0.08544921875,0,0.7568359375,-0.0732421875,-0.54931640625,-0.06103515625,-0.57373046875
1,-0.15869140625,-0.3662109375,-0.01220703125,-0.4150390625,0.2197265625,-0.4150390625,-0.13427734375,-0.06103515625,0.09765625,-0.08544921875,-0.30517578125,-0.89111328125,-0.09765625,1.0986328125,-0.29296875,-0.18310546875,0.1220703125,-0.57373046875,-0.18310546875,-0.1953125,0.23193359375,0.8544921875,-0.08544921875,-0.57373046875,-0.2197265625,8.8134765625,-0.13427734375,4.16259765625,0,7.31201171875,-0.048828125,5.6884765625,-0.10986328125,-0.390625,-0.2685546875,-0.9033203125,-0.06103515625,-0.47607421875,0.28076171875,-0.79345703125,0.15869140625,-0.1953125,-0.390625,-0.67138671875,0.06103515625,-0.4638671875,0.23193359375,0.6103515625,-0.29296875,1.1474609375,-0.048828125,0.48828125,-0.25634765625,-0.146484375,-0.68359375,0.7568359375,-0.1220703125,1.2451171875,0.244140625,0.5859375,0.67138671875,0.91552734375,0.50048828125,1.0009765625,0.09765625,0.62255859375,0.28076171875,1.0498046875,0.146484375,0.2685546875,0.06103515625,0.2197265625,0.08544921875,0.25634765625,-0.244140625,0.69580078125,0.0244140625,0.048828125,-0.10986328125,1.318359375,-0.2197265625,-1.0009765625,-0.10986328125,-0.3662109375,-0.18310546875,-1.0009765625,0.06103515625,-0.76904296875,0.0244140625,4.01611328125,0.10986328125,2.7099609375,0.048828125,3.11279296875,0.0244140625,2.69775390625,0.08544921875,-0.93994140625,-0.0244140625,-0.86669921875,-0.1708984375,-0.86669921875,0.09765625,-0.4150390625,0.1953125,0.18310546875,0.01220703125,-0.927734375,-0.244140625,-0.62255859375,-0.23193359375,1.123046875,0.01220703125,0.35400390625,-0.1220703125,0.09765625,-0.08544921875,-0.0244140625,-0.03662109375,0.18310546875,-0.01220703125,-0.08544921875,0.01220703125,0.7568359375,-0.048828125,-0.54931640625,-0.08544921875,-0.5615234375
1,-0.1708984375,-0.37841796875,-0.0244140625,-0.4150390625,0.18310546875,-0.439453125,-0.10986328125,-0.048828125,0.1220703125,-0.06103515625,-0.28076171875,-0.89111328125,-0.09765625,1.0986328125,-0.29296875,-0.1953125,0.0244140625,-0.57373046875,-0.13427734375,-0.20751953125,0.08544921875,0.84228515625,-0.01220703125,-0.57373046875,-0.1708984375,8.16650390625,-0.06103515625,3.82080078125,0.06103515625,6.87255859375,-0.048828125,5.2734375,-0.15869140625,-0.40283203125,-0.1953125,-0.9033203125,-0.0732421875,-0.4638671875,0.32958984375,-0.78125,0.1220703125,-0.18310546875,-0.439453125,-0.67138671875,0.048828125,-0.48828125,0.18310546875,0.62255859375,-0.35400390625,1.171875,-0.01220703125,0.47607421875,-0.244140625,-0.1953125,-0.6591796875,0.74462890625,0,1.08642578125,0.23193359375,0.47607421875,0.5859375,0.7568359375,0.52490234375,0.830078125,0.1953125,0.59814453125,0.1953125,1.0498046875,0.1708984375,0.2685546875,0.01220703125,0.23193359375,0.1220703125,0.29296875,-0.3173828125,0.7080078125,0.10986328125,0.048828125,-0.1708984375,1.30615234375,-0.23193359375,-1.0009765625,-0.10986328125,-0.37841796875,-0.146484375,-0.9765625,0.03662109375,-0.78125,-0.03662109375,3.41796875,0.08544921875,2.392578125,0.048828125,2.74658203125,-0.0732421875,2.294921875,0.09765625,-0.9521484375,-0.13427734375,-0.89111328125,-0.1708984375,-0.86669921875,0.0244140625,-0.40283203125,0.25634765625,0.5615234375,0.0732421875,-0.81787109375,-0.20751953125,-0.4638671875,-0.1953125,1.26953125,0,0.37841796875,-0.1220703125,0.06103515625,-0.0732421875,0,-0.0244140625,0.1953125,-0.01220703125,-0.06103515625,0,0.78125,0.01220703125,-0.57373046875,-0.1220703125,-0.57373046875
1,-0.18310546875,-0.390625,-0.03662109375,-0.390625,0.1953125,-0.45166015625,-0.09765625,-0.06103515625,0.13427734375,-0.048828125,-0.2685546875,-0.9033203125,-0.0732421875,1.0986328125,-0.32958984375,-0.1953125,-0.08544921875,-0.54931640625,-0.1708984375,-0.18310546875,-0.09765625,0.8544921875,0.06103515625,-0.57373046875,-0.09765625,7.31201171875,0,3.33251953125,0.10986328125,6.26220703125,0.01220703125,4.736328125,-0.1953125,-0.390625,-0.10986328125,-0.9033203125,-0.1220703125,-0.4638671875,0.40283203125,-0.79345703125,0.0244140625,-0.1953125,-0.42724609375,-0.67138671875,0.01220703125,-0.48828125,0.1708984375,0.62255859375,-0.390625,1.18408203125,-0.048828125,0.4150390625,-0.1953125,-0.20751953125,-0.64697265625,0.732421875,0.0244140625,0.98876953125,0.23193359375,0.4150390625,0.48828125,0.69580078125,0.5126953125,0.7080078125,0.244140625,0.6103515625,0.13427734375,1.06201171875,0.1708984375,0.25634765625,-0.0244140625,0.20751953125,0.1220703125,0.29296875,-0.35400390625,0.72021484375,0.15869140625,0.03662109375,-0.2197265625,1.318359375,-0.2197265625,-0.98876953125,-0.10986328125,-0.37841796875,-0.10986328125,-0.9765625,0,-0.76904296875,-0.03662109375,2.60009765625,0.10986328125,1.9775390625,0.0244140625,2.2705078125,-0.13427734375,1.77001953125,0.0732421875,-0.9521484375,-0.20751953125,-0.86669921875,-0.15869140625,-0.87890625,0.0244140625,-0.40283203125,0.1953125,1.1474609375,0.10986328125,-0.5615234375,-0.20751953125,-0.18310546875,-0.1953125,1.5625,0,0.37841796875,-0.13427734375,0.048828125,-0.06103515625,0,-0.03662109375,0.20751953125,-0.0244140625,-0.06103515625,0,0.76904296875,0.048828125,-0.537109375,-0.146484375,-0.57373046875
1,-0.1953125,-0.40283203125,-0.06103515625,-0.37841796875,0.1953125,-0.439453125,-0.09765625,-0.048828125,0.10986328125,-0.03662109375,-0.25634765625,-0.87890625,-0.08544921875,1.0986328125,-0.35400390625,-0.1708984375,-0.146484375,-0.54931640625,-0.20751953125,-0.1708984375,-0.1953125,0.87890625,0.06103515625,-0.57373046875,-0.0732421875,6.3720703125,0.01220703125,2.7587890625,0.1220703125,5.57861328125,0.0732421875,4.08935546875,-0.244140625,-0.40283203125,-0.06103515625,-0.9033203125,-0.18310546875,-0.439453125,0.4638671875,-0.78125,-0.0732421875,-0.18310546875,-0.390625,-0.67138671875,-0.048828125,-0.48828125,0.10986328125,0.634765625,-0.439453125,1.18408203125,-0.0244140625,0.4150390625,-0.09765625,-0.244140625,-0.5859375,0.72021484375,-0.03662109375,0.927734375,0.10986328125,0.40283203125,0.42724609375,0.6591796875,0.42724609375,0.62255859375,0.25634765625,0.62255859375,0.03662109375,1.07421875,0.15869140625,0.244140625,-0.08544921875,0.20751953125,0.06103515625,0.30517578125,-0.341796875,0.7568359375,0.1953125,0.03662109375,-0.2685546875,1.30615234375,-0.20751953125,-0.98876953125,-0.09765625,-0.3662109375,-0.03662109375,-0.9521484375,-0.0244140625,-0.76904296875,-0.01220703125,1.62353515625,0.1220703125,1.4892578125,0.01220703125,1.72119140625,-0.15869140625,1.171875,0.0732421875,-0.96435546875,-0.28076171875,-0.87890625,-0.1220703125,-0.89111328125,0.01220703125,-0.37841796875,0.2685546875,1.9287109375,0.13427734375,-0.1708984375,-0.1708984375,0.15869140625,-0.20751953125,2.0263671875,-0.0244140625,0.40283203125,-0.1220703125,0.0244140625,-0.08544921875,0,-0.0244140625,0.20751953125,-0.06103515625,-0.048828125,0.0244140625,0.79345703125,0.048828125,-0.537109375,-0.1708984375,-0.54931640625
1,-0.1953125,-0.4150390625,-0.0732421875,-0.341796875,0.1953125,-0.439453125,-0.0732421875,-0.03662109375,0.09765625,-0.03662109375,-0.244140625,-0.9033203125,-0.08544921875,1.0986328125,-0.3662109375,-0.146484375,-0.146484375,-0.54931640625,-0.20751953125,-0.1953125,-0.23193359375,0.89111328125,0.01220703125,-0.5859375,-0.0732421875,5.37109375,-0.03662109375,2.1728515625,0.0732421875,4.8583984375,0.1220703125,3.45458984375,-0.20751953125,-0.3662109375,0.01220703125,-0.9033203125,-0.244140625,-0.42724609375,0.537109375,-0.78125,-0.2197265625,-0.1953125,-0.30517578125,-0.67138671875,-0.0732421875,-0.439453125,0.048828125,0.64697265625,-0.47607421875,1.1962890625,-0.048828125,0.4150390625,-0.0732421875,-0.23193359375,-0.57373046875,0.69580078125,-0.01220703125,0.9033203125,0.15869140625,0.42724609375,0.37841796875,0.69580078125,0.45166015625,0.5859375,0.244140625,0.634765625,0,1.06201171875,0.146484375,0.23193359375,-0.13427734375,0.20751953125,0.01220703125,0.29296875,-0.30517578125,0.78125,0.23193359375,0.03662109375,-0.32958984375,1.33056640625,-0.20751953125,-0.96435546875,-0.048828125,-0.3662109375,0.03662109375,-0.9765625,-0.0244140625,-0.78125,-0.03662109375,0.57373046875,0.2197265625,1.025390625,-0.01220703125,1.171875,-0.13427734375,0.54931640625,0.06103515625,-0.96435546875,-0.25634765625,-0.87890625,-0.08544921875,-0.9033203125,0.0244140625,-0.37841796875,0.30517578125,2.84423828125,0.20751953125,0.3662109375,-0.146484375,0.5859375,-0.1708984375,2.60009765625,-0.048828125,0.40283203125,-0.1220703125,0.01220703125,-0.0732421875,0.0244140625,-0.01220703125,0.23193359375,-0.0732421875,-0.03662109375,0.01220703125,0.8056640625,0.03662109375,-0.52490234375,-0.15869140625,-0.5615234375
1,-0.1953125,-0.4150390625,-0.08544921875,-0.3173828125,0.15869140625,-0.439453125,-0.08544921875,-0.048828125,0.0732421875,-0.0244140625,-0.244140625,-0.87890625,-0.09765625,1.0986328125,-0.390625,-0.15869140625,-0.09765625,-0.54931640625,-0.2685546875,-0.1953125,-0.23193359375,0.9033203125,-0.0732421875,-0.59814453125,-0.0732421875,4.39453125,-0.08544921875,1.611328125,0,4.1748046875,0.1220703125,2.83203125,-0.18310546875,-0.3662109375,0.06103515625,-0.9033203125,-0.2197265625,-0.4150390625,0.52490234375,-0.79345703125,-0.341796875,-0.18310546875,-0.244140625,-0.6591796875,-0.15869140625,-0.439453125,0.01220703125,0.67138671875,-0.47607421875,1.171875,-0.06103515625,0.390625,0,-0.23193359375,-0.5615234375,0.72021484375,-0.0244140625,0.9033203125,0.146484375,0.48828125,0.23193359375,0.7568359375,0.439453125,0.5859375,0.20751953125,0.62255859375,-0.03662109375,1.08642578125,0.09765625,0.1953125,-0.15869140625,0.1953125,-0.01220703125,0.28076171875,-0.30517578125,0.79345703125,0.2685546875,0.0244140625,-0.32958984375,1.30615234375,-0.18310546875,-0.9521484375,0,-0.37841796875,0.06103515625,-0.98876953125,-0.0244140625,-0.79345703125,-0.0732421875,-0.32958984375,0.23193359375,0.57373046875,-0.0732421875,0.72021484375,-0.09765625,0.03662109375,0.0732421875,-0.9765625,-0.244140625,-0.86669921875,-0.0732421875,-0.927734375,0.048828125,-0.390625,0.23193359375,3.82080078125,0.23193359375,0.98876953125,-0.1953125,1.03759765625,-0.2197265625,3.21044921875,-0.03662109375,0.390625,-0.13427734375,0,-0.06103515625,0.0244140625,-0.0244140625,0.20751953125,-0.06103515625,-0.01220703125,0,0.8056640625,-0.01220703125,-0.48828125,-0.13427734375,-0.54931640625
1,-0.1953125,-0.42724609375,-0.0732421875,-0.30517578125,0.146484375,-0.45166015625,-0.08544921875,-0.03662109375,0.03662109375,-0.03662109375,-0.28076171875,-0.89111328125,-0.08544921875,1.08642578125,-0.439453125,-0.146484375,-0.03662109375,-0.57373046875,-0.3173828125,-0.18310546875,-0.09765625,0.89111328125,-0.1708984375,-0.5859375,-0.10986328125,3.50341796875,-0.18310546875,1.08642578125,-0.09765625,3.55224609375,0.08544921875,2.24609375,-0.10986328125,-0.37841796875,0.10986328125,-0.87890625,-0.1953125,-0.40283203125,0.48828125,-0.79345703125,-0.40283203125,-0.18310546875,-0.1708984375,-0.64697265625,-0.244140625,-0.42724609375,-0.01220703125,0.64697265625,-0.48828125,1.15966796875,-0.09765625,0.4150390625,0.048828125,-0.1953125,-0.50048828125,0.72021484375,-0.09765625,0.9033203125,0.03662109375,0.54931640625,0.18310546875,0.8056640625,0.40283203125,0.59814453125,0.15869140625,0.62255859375,-0.10986328125,1.06201171875,0.01220703125,0.18310546875,-0.15869140625,0.1953125,-0.08544921875,0.28076171875,-0.28076171875,0.79345703125,0.30517578125,0.01220703125,-0.29296875,1.33056640625,-0.146484375,-0.9521484375,0.06103515625,-0.37841796875,0.048828125,-1.0009765625,-0.01220703125,-0.79345703125,-0.0244140625,-1.0498046875,0.2685546875,0.2685546875,-0.06103515625,0.37841796875,-0.01220703125,-0.35400390625,0.0732421875,-0.98876953125,-0.1953125,-0.8544921875,0,-0.91552734375,0.0732421875,-0.37841796875,0.341796875,4.79736328125,0.2685546875,1.611328125,-0.1953125,1.513671875,-0.1953125,3.84521484375,-0.01220703125,0.390625,-0.13427734375,0,-0.0732421875,0,-0.03662109375,0.20751953125,-0.09765625,0,-0.0244140625,0.84228515625,-0.03662109375,-0.50048828125,-0.13427734375,-0.537109375
1,-0.2197265625,-0.390625,-0.06103515625,-0.30517578125,0.13427734375,-0.45166015625,-0.09765625,-0.03662109375,0.048828125,-0.01220703125,-0.28076171875,-0.89111328125,-0.1220703125,1.08642578125,-0.45166015625,-0.13427734375,-0.01220703125,-0.5859375,-0.35400390625,-0.1953125,0.048828125,0.87890625,-0.244140625,-0.59814453125,-0.10986328125,2.69775390625,-0.23193359375,0.634765625,-0.20751953125,2.978515625,0.03662109375,1.7578125,0,-0.3662109375,0.09765625,-0.87890625,-0.15869140625,-0.42724609375,0.439453125,-0.78125,-0.439453125,-0.1953125,-0.1220703125,-0.64697265625,-0.30517578125,-0.40283203125,-0.0244140625,0.634765625,-0.42724609375,1.1474609375,-0.146484375,0.42724609375,0.09765625,-0.146484375,-0.45166015625,0.72021484375,-0.08544921875,0.89111328125,0.048828125,0.59814453125,0.18310546875,0.86669921875,0.390625,0.57373046875,0.10986328125,0.59814453125,-0.13427734375,1.06201171875,-0.048828125,0.1708984375,-0.15869140625,0.2197265625,-0.15869140625,0.25634765625,-0.23193359375,0.8056640625,0.28076171875,0.0244140625,-0.2685546875,1.3427734375,-0.1220703125,-0.93994140625,0.13427734375,-0.3662109375,0.03662109375,-1.0009765625,0.03662109375,-0.79345703125,0.01220703125,-1.3916015625,0.28076171875,0.10986328125,-0.048828125,0.244140625,0.03662109375,-0.537109375,0.0732421875,-1.01318359375,-0.146484375,-0.84228515625,0.048828125,-0.927734375,0.13427734375,-0.3662109375,0.35400390625,5.72509765625,0.23193359375,2.1728515625,-0.2197265625,1.904296875,-0.15869140625,4.40673828125,0.01220703125,0.37841796875,-0.09765625,-0.01220703125,-0.0732421875,-0.01220703125,-0.0244140625,0.20751953125,-0.08544921875,0.01220703125,-0.0244140625,0.8544921875,-0.0732421875,-0.47607421875,-0.1220703125,-0.537109375
1,-0.244140625,-0.3662109375,-0.09765625,-0.3173828125,0.1220703125,-0.42724609375,-0.10986328125,-0.03662109375,0.0244140625,-0.01220703125,-0.29296875,-0.89111328125,-0.146484375,1.08642578125,-0.439453125,-0.146484375,0,-0.57373046875,-0.3662109375,-0.18310546875,0.1953125,0.86669921875,-0.28076171875,-0.5859375,-0.09765625,2.001953125,-0.23193359375,0.25634765625,-0.25634765625,2.490234375,-0.0732421875,1.3427734375,0.0732421875,-0.35400390625,0.0244140625,-0.9033203125,-0.146484375,-0.4150390625,0.32958984375,-0.76904296875,-0.3662109375,-0.18310546875,-0.1220703125,-0.634765625,-0.28076171875,-0.390625,-0.01220703125,0.6103515625,-0.40283203125,1.123046875,-0.2197265625,0.439453125,0.1708984375,-0.10986328125,-0.35400390625,0.732421875,-0.146484375,0.86669921875,-0.01220703125,0.59814453125,0.13427734375,0.89111328125,0.2685546875,0.5615234375,0.048828125,0.52490234375,-0.15869140625,1.07421875,-0.10986328125,0.18310546875,-0.10986328125,0.2197265625,-0.23193359375,0.244140625,-0.1708984375,0.79345703125,0.28076171875,0.0244140625,-0.13427734375,1.318359375,-0.048828125,-0.93994140625,0.15869140625,-0.390625,-0.0244140625,-1.025390625,0.1220703125,-0.8056640625,-0.048828125,-1.35498046875,0.20751953125,0.13427734375,-0.03662109375,0.28076171875,0.0244140625,-0.47607421875,0.06103515625,-0.9765625,-0.09765625,-0.8544921875,0.09765625,-0.91552734375,0.1953125,-0.37841796875,0.30517578125,6.5185546875,0.2197265625,2.685546875,-0.18310546875,2.24609375,-0.09765625,4.9072265625,-0.01220703125,0.37841796875,-0.10986328125,0,-0.08544921875,0,-0.01220703125,0.1953125,-0.09765625,0.0244140625,-0.03662109375,0.87890625,-0.09765625,-0.4638671875,-0.146484375,-0.537109375
0,-0.25634765625,-0.37841796875,-0.048828125,-0.3173828125,0.146484375,-0.42724609375,-0.13427734375,-0.048828125,0.03662109375,-0.01220703125,-0.29296875,-0.87890625,-0.1708984375,1.08642578125,-0.439453125,-0.13427734375,-0.01220703125,-0.5859375,-0.29296875,-0.18310546875,0.3173828125,0.89111328125,-0.25634765625,-0.5859375,-0.146484375,1.37939453125,-0.20751953125,-0.048828125,-0.2685546875,2.06298828125,-0.146484375,0.98876953125,0.1220703125,-0.32958984375,-0.03662109375,-0.91552734375,-0.146484375,-0.4150390625,0.2197265625,-0.76904296875,-0.2685546875,-0.18310546875,-0.1220703125,-0.634765625,-0.2197265625,-0.37841796875,-0.06103515625,0.59814453125,-0.35400390625,1.0986328125,-0.29296875,0.45166015625,0.20751953125,-0.09765625,-0.244140625,0.732421875,-0.23193359375,0.81787109375,-0.03662109375,0.6103515625,0.1953125,0.89111328125,0.13427734375,0.52490234375,0.048828125,0.4638671875,-0.1953125,1.06201171875,-0.1708984375,0.1708984375,-0.0244140625,0.23193359375,-0.29296875,0.244140625,-0.15869140625,0.78125,0.2685546875,0.01220703125,-0.01220703125,1.33056640625,-0.01220703125,-0.9765625,0.146484375,-0.40283203125,-0.09765625,-1.03759765625,0.1953125,-0.81787109375,0.0732421875,-0.9521484375,0.1708984375,0.32958984375,0.06103515625,0.52490234375,0.03662109375,-0.20751953125,0.0244140625,-0.9521484375,-0.048828125,-0.84228515625,0.1220703125,-0.9033203125,0.23193359375,-0.37841796875,0.18310546875,7.12890625,0.1708984375,3.03955078125,-0.15869140625,2.5146484375,-0.10986328125,5.2490234375,0,0.37841796875,-0.09765625,0.01220703125,-0.08544921875,0.01220703125,0,0.20751953125,-0.08544921875,-0.01220703125,-0.0732421875,0.8544921875,-0.10986328125,-0.4638671875,-0.1708984375,-0.537109375
0,-0.25634765625,-0.32958984375,-0.06103515625,-0.3173828125,0.1220703125,-0.439453125,-0.1220703125,-0.048828125,0.048828125,-0.01220703125,-0.28076171875,-0.89111328125,-0.18310546875,1.0986328125,-0.4638671875,-0.146484375,-0.01220703125,-0.5859375,-0.2197265625,-0.18310546875,0.3662109375,0.87890625,-0.1953125,-0.5615234375,-0.1708984375,0.8544921875,-0.1953125,-0.30517578125,-0.2685546875,1.6845703125,-0.20751953125,0.68359375,0.1708984375,-0.341796875,-0.08544921875,-0.91552734375,-0.13427734375,-0.42724609375,0.15869140625,-0.78125,-0.18310546875,-0.20751953125,-0.13427734375,-0.64697265625,-0.10986328125,-0.4150390625,-0.06103515625,0.57373046875,-0.3173828125,1.0986328125,-0.30517578125,0.47607421875,0.2197265625,-0.0732421875,-0.10986328125,0.74462890625,-0.341796875,0.78125,-0.08544921875,0.59814453125,0.1220703125,0.9033203125,-0.048828125,0.47607421875,0.0244140625,0.37841796875,-0.2197265625,1.0498046875,-0.23193359375,0.1953125,0.048828125,0.244140625,-0.32958984375,0.23193359375,-0.15869140625,0.74462890625,0.244140625,0.01220703125,0.08544921875,1.3427734375,0.03662109375,-0.9765625,0.13427734375,-0.390625,-0.15869140625,-1.025390625,0.244140625,-0.81787109375,0.15869140625,-0.18310546875,0.18310546875,0.7080078125,0.146484375,0.927734375,0.048828125,0.2685546875,0.0244140625,-0.9521484375,-0.048828125,-0.8544921875,0.146484375,-0.9033203125,0.25634765625,-0.3662109375,0.0732421875,7.5927734375,0.08544921875,3.2958984375,-0.15869140625,2.685546875,-0.1220703125,5.46875,0,0.37841796875,-0.09765625,0.0244140625,-0.06103515625,0.01220703125,0,0.18310546875,-0.0732421875,-0.01220703125,-0.0732421875,0.86669921875,-0.09765625,-0.4638671875,-0.18310546875,-0.54931640625
0,-0.2197265625,-0.35400390625,-0.048828125,-0.3173828125,0.08544921875,-0.45166015625,-0.10986328125,-0.0244140625,0.048828125,-0.0244140625,-0.2685546875,-0.89111328125,-0.18310546875,1.0986328125,-0.439453125,-0.15869140625,-0.0244140625,-0.5859375,-0.08544921875,-0.18310546875,0.29296875,0.87890625,-0.0732421875,-0.5859375,-0.2197265625,0.390625,-0.18310546875,-0.50048828125,-0.18310546875,1.3916015625,-0.244140625,0.42724609375,0.15869140625,-0.35400390625,-0.18310546875,-0.91552734375,-0.1953125,-0.45166015625,0.15869140625,-0.78125,-0.01220703125,-0.20751953125,-0.13427734375,-0.64697265625,0.01220703125,-0.439453125,-0.06103515625,0.57373046875,-0.2685546875,1.123046875,-0.29296875,0.4638671875,0.28076171875,-0.0732421875,-0.01220703125,0.732421875,-0.29296875,0.8056640625,0.01220703125,0.6103515625,0.2197265625,0.9033203125,-0.0732421875,0.5126953125,-0.01220703125,0.2685546875,-0.20751953125,1.0498046875,-0.25634765625,0.23193359375,0.08544921875,0.244140625,-0.390625,0.244140625,-0.08544921875,0.732421875,0.28076171875,0.0244140625,0.1708984375,1.318359375,0.09765625,-0.9765625,0.06103515625,-0.37841796875,-0.1708984375,-1.01318359375,0.23193359375,-0.8056640625,0.10986328125,0.8056640625,0.1220703125,1.1962890625,0.1953125,1.47705078125,0.0244140625,0.91552734375,0.06103515625,-0.9521484375,-0.03662109375,-0.8544921875,0.146484375,-0.9033203125,0.25634765625,-0.37841796875,0.146484375,7.84912109375,0.06103515625,3.43017578125,-0.146484375,2.81982421875,-0.09765625,5.5908203125,0.01220703125,0.390625,-0.08544921875,0.01220703125,-0.0732421875,0.01220703125,-0.01220703125,0.2197265625,-0.0732421875,0,-0.09765625,0.84228515625,-0.09765625,-0.4638671875,-0.1953125,-0.54931640625
0,-0.2197265625,-0.341796875,-0.03662109375,-0.341796875,0.06103515625,-0.45166015625,-0.1220703125,-0.048828125,0.03662109375,-0.03662109375,-0.25634765625,-0.87890625,-0.2197265625,1.11083984375,-0.439453125,-0.146484375,-0.0732421875,-0.57373046875,0.06103515625,-0.1708984375,0.1953125,0.87890625,0.09765625,-0.57373046875,-0.244140625,-0.0244140625,-0.146484375,-0.69580078125,-0.15869140625,1.08642578125,-0.25634765625,0.1953125,0.1220703125,-0.37841796875,-0.2685546875,-0.927734375,-0.20751953125,-0.4638671875,0.1220703125,-0.78125,0.1220703125,-0.20751953125,-0.15869140625,-0.6591796875,0.13427734375,-0.4638671875,-0.0244140625,0.5859375,-0.2197265625,1.123046875,-0.25634765625,0.439453125,0.29296875,-0.0732421875,0.06103515625,0.732421875,-0.29296875,0.8544921875,0.01220703125,0.62255859375,0.1953125,0.91552734375,-0.1708984375,0.5859375,-0.06103515625,0.20751953125,-0.2197265625,1.03759765625,-0.2685546875,0.25634765625,0.09765625,0.23193359375,-0.42724609375,0.244140625,-0.03662109375,0.72021484375,0.29296875,0.03662109375,0.18310546875,1.318359375,0.10986328125,-0.98876953125,-0.01220703125,-0.3662109375,-0.10986328125,-1.01318359375,0.20751953125,-0.79345703125,0.048828125,1.96533203125,0.0732421875,1.74560546875,0.2197265625,2.1240234375,-0.01220703125,1.62353515625,0.0732421875,-0.96435546875,-0.0244140625,-0.87890625,0.13427734375,-0.87890625,0.244140625,-0.37841796875,0.20751953125,7.94677734375,0.048828125,3.466796875,-0.146484375,2.8564453125,-0.10986328125,5.615234375,0.0244140625,0.40283203125,-0.08544921875,0.01220703125,-0.0732421875,0,-0.0244140625,0.2197265625,-0.06103515625,0,-0.08544921875,0.830078125,-0.08544921875,-0.4638671875,-0.1708984375,-0.5615234375
0,-0.1953125,-0.341796875,-0.048828125,-0.341796875,0.0732421875,-0.4638671875,-0.1220703125,-0.03662109375,0.0244140625,-0.048828125,-0.23193359375,-0.89111328125,-0.23193359375,1.08642578125,-0.4150390625,-0.15869140625,-0.13427734375,-0.5615234375,0.15869140625,-0.18310546875,0.08544921875,0.87890625,0.28076171875,-0.57373046875,-0.25634765625,-0.37841796875,-0.15869140625,-0.8544921875,-0.1220703125,0.8056640625,-0.2685546875,0.01220703125,0.0732421875,-0.3662109375,-0.3173828125,-0.927734375,-0.23193359375,-0.45166015625,0.13427734375,-0.78125,0.1708984375,-0.20751953125,-0.13427734375,-0.6591796875,0.18310546875,-0.4638671875,0.01220703125,0.5859375,-0.20751953125,1.13525390625,-0.23193359375,0.4150390625,0.244140625,-0.10986328125,0.1220703125,0.72021484375,-0.244140625,0.96435546875,0.146484375,0.68359375,0.23193359375,0.98876953125,-0.1220703125,0.7080078125,-0.10986328125,0.1708984375,-0.2197265625,1.03759765625,-0.244140625,0.2685546875,0.0732421875,0.23193359375,-0.390625,0.244140625,0,0.7568359375,0.32958984375,0.0244140625,0.2197265625,1.2939453125,0.13427734375,-1.0009765625,-0.06103515625,-0.35400390625,-0.06103515625,-1.0009765625,0.15869140625,-0.79345703125,0.146484375,3.18603515625,0.08544921875,2.33154296875,0.25634765625,2.783203125,0,2.38037109375,0.146484375,-0.9521484375,-0.03662109375,-0.87890625,0.08544921875,-0.8544921875,0.244140625,-0.37841796875,0.13427734375,7.9345703125,0.03662109375,3.3935546875,-0.13427734375,2.84423828125,-0.09765625,5.57861328125,0.0244140625,0.40283203125,-0.08544921875,0,-0.0732421875,0.0244140625,-0.03662109375,0.20751953125,-0.03662109375,0.01220703125,-0.10986328125,0.84228515625,-0.048828125,-0.47607421875,-0.146484375,-0.5615234375
0,-0.2197265625,-0.35400390625,-0.03662109375,-0.341796875,0.048828125,-0.4638671875,-0.1220703125,-0.0732421875,0.01220703125,-0.06103515625,-0.2197265625,-0.87890625,-0.23193359375,1.08642578125,-0.4150390625,-0.1708984375,-0.18310546875,-0.5615234375,0.1953125,-0.1708984375,0.048828125,0.87890625,0.4150390625,-0.57373046875,-0.23193359375,-0.68359375,-0.13427734375,-0.98876953125,-0.0732421875,0.57373046875,-0.25634765625,-0.146484375,0,-0.390625,-0.341796875,-0.9033203125,-0.23193359375,-0.45166015625,0.15869140625,-0.78125,0.09765625,-0.20751953125,-0.10986328125,-0.6591796875,0.20751953125,-0.50048828125,0.08544921875,0.6103515625,-0.23193359375,1.1474609375,-0.1953125,0.40283203125,0.20751953125,-0.13427734375,0.13427734375,0.732421875,-0.20751953125,1.123046875,0.20751953125,0.7568359375,0.2685546875,1.0986328125,-0.15869140625,0.86669921875,-0.15869140625,0.1708984375,-0.18310546875,1.025390625,-0.2197265625,0.28076171875,0.03662109375,0.20751953125,-0.37841796875,0.2685546875,0.06103515625,0.76904296875,0.341796875,0.06103515625,0.1953125,1.30615234375,0.10986328125,-1.0009765625,-0.1220703125,-0.35400390625,0.01220703125,-0.9765625,0.06103515625,-0.78125,0.13427734375,4.30908203125,0.06103515625,2.880859375,0.2197265625,3.41796875,0.01220703125,3.076171875,0.2197265625,-0.9765625,-0.0244140625,-0.87890625,0.01220703125,-0.86669921875,0.1953125,-0.3662109375,0.0732421875,7.7880859375,0,3.28369140625,-0.13427734375,2.8076171875,-0.10986328125,5.48095703125,0.03662109375,0.390625,-0.09765625,-0.01220703125,-0.0732421875,0.03662109375,-0.048828125,0.1953125,-0.03662109375,0.048828125,-0.09765625,0.8544921875,-0.048828125,-0.47607421875,-0.1220703125,-0.5615234375
0,-0.244140625,-0.3662109375,-0.03662109375,-0.341796875,0.01220703125,-0.45166015625,-0.1220703125,-0.08544921875,0.03662109375,-0.048828125,-0.1708984375,-0.87890625,-0.25634765625,1.0986328125,-0.439453125,-0.1953125,-0.18310546875,-0.54931640625,0.146484375,-0.18310546875,0,0.8544921875,0.439453125,-0.57373046875,-0.06103515625,-0.91552734375,-0.09765625,-1.0986328125,0,0.40283203125,-0.1708984375,-0.29296875,-0.09765625,-0.40283203125,-0.40283203125,-0.9033203125,-0.1953125,-0.4638671875,0.15869140625,-0.79345703125,-0.0244140625,-0.2197265625,-0.08544921875,-0.6591796875,0.1953125,-0.48828125,0.15869140625,0.64697265625,-0.28076171875,1.171875,-0.08544921875,0.4150390625,0.146484375,-0.15869140625,0.1708984375,0.732421875,-0.08544921875,1.26953125,0.28076171875,0.84228515625,0.30517578125,1.15966796875,-0.1220703125,1.03759765625,-0.1953125,0.20751953125,-0.18310546875,1.03759765625,-0.1220703125,0.2685546875,0,0.1708984375,-0.37841796875,0.244140625,0.09765625,0.8056640625,0.3662109375,0.048828125,0.15869140625,1.28173828125,0.09765625,-0.98876953125,-0.13427734375,-0.3173828125,0.09765625,-0.98876953125,-0.03662109375,-0.78125,0,5.3466796875,0.048828125,3.38134765625,0.15869140625,3.9794921875,0.0244140625,3.72314453125,0.25634765625,-0.98876953125,0,-0.89111328125,-0.03662109375,-0.86669921875,0.1220703125,-0.341796875,0.03662109375,7.5439453125,0,3.125,-0.09765625,2.69775390625,-0.10986328125,5.322265625,0.048828125,0.390625,-0.09765625,-0.01220703125,-0.0732421875,0.0244140625,-0.0732421875,0.18310546875,-0.06103515625,0.048828125,-0.08544921875,0.84228515625,-0.0244140625,-0.47607421875,-0.10986328125,-0.54931640625
0,-0.20751953125,-0.3662109375,-0.06103515625,-0.341796875,0.0244140625,-0.439453125,-0.09765625,-0.08544921875,0.03662109375,-0.048828125,-0.15869140625,-0.89111328125,-0.25634765625,1.0986328125,-0.42724609375,-0.1953125,-0.15869140625,-0.5859375,0.03662109375,-0.1708984375,-0.03662109375,0.8544921875,0.341796875,-0.59814453125,0.08544921875,-1.025390625,-0.10986328125,-1.20849609375,0.0732421875,0.28076171875,-0.08544921875,-0.3662109375,-0.10986328125,-0.390625,-0.390625,-0.87890625,-0.146484375,-0.47607421875,0.146484375,-0.8056640625,-0.18310546875,-0.20751953125,-0.13427734375,-0.634765625,0.13427734375,-0.48828125,0.20751953125,0.634765625,-0.30517578125,1.171875,-0.01220703125,0.4150390625,0.146484375,-0.1953125,0.2197265625,0.732421875,-0.08544921875,1.40380859375,0.18310546875,0.9033203125,0.1953125,1.25732421875,-0.18310546875,1.171875,-0.18310546875,0.2685546875,-0.146484375,1.025390625,-0.08544921875,0.2685546875,-0.03662109375,0.15869140625,-0.3662109375,0.23193359375,0.1708984375,0.81787109375,0.341796875,0.048828125,0.10986328125,1.318359375,0,-0.9765625,-0.13427734375,-0.32958984375,0.146484375,-0.9765625,-0.0732421875,-0.76904296875,-0.13427734375,6.1767578125,0.048828125,3.80859375,0.03662109375,4.4677734375,0.09765625,4.26025390625,0.25634765625,-1.01318359375,0.01220703125,-0.87890625,-0.09765625,-0.87890625,0.048828125,-0.341796875,-0.01220703125,7.21435546875,0.01220703125,2.94189453125,-0.10986328125,2.55126953125,-0.1220703125,5.126953125,0.0244140625,0.390625,-0.10986328125,0,-0.08544921875,-0.01220703125,-0.09765625,0.1708984375,-0.06103515625,0.048828125,-0.0732421875,0.84228515625,-0.0244140625,-0.50048828125,-0.0732421875,-0.54931640625
0,-0.1953125,-0.3662109375,-0.06103515625,-0.32958984375,-0.01220703125,-0.42724609375,-0.09765625,-0.08544921875,0.03662109375,-0.03662109375,-0.146484375,-0.87890625,-0.25634765625,1.08642578125,-0.439453125,-0.20751953125,-0.08544921875,-0.59814453125,-0.0732421875,-0.18310546875,-0.03662109375,0.830078125,0.1708984375,-0.59814453125,0.18310546875,-1.07421875,-0.15869140625,-1.23291015625,0.1220703125,0.20751953125,-0.048828125,-0.3662109375,-0.10986328125,-0.390625,-0.3662109375,-0.86669921875,-0.0732421875,-0.50048828125,0.146484375,-0.79345703125,-0.3173828125,-0.1953125,-0.18310546875,-0.6591796875,0.0732421875,-0.45166015625,0.23193359375,0.64697265625,-0.341796875,1.15966796875,0.0732421875,0.4150390625,0.08544921875,-0.18310546875,0.2197265625,0.74462890625,-0.048828125,1.4892578125,0.2685546875,0.927734375,0.25634765625,1.30615234375,-0.18310546875,1.26953125,-0.1708984375,0.37841796875,-0.03662109375,1.03759765625,-0.0732421875,0.25634765625,-0.03662109375,0.15869140625,-0.40283203125,0.23193359375,0.1953125,0.830078125,0.3173828125,0.01220703125,0.048828125,1.30615234375,-0.06103515625,-0.9521484375,-0.146484375,-0.32958984375,0.1708984375,-0.98876953125,-0.08544921875,-0.79345703125,-0.23193359375,6.787109375,0.0244140625,4.1015625,-0.0244140625,4.84619140625,0.146484375,4.638671875,0.18310546875,-0.98876953125,0.0244140625,-0.8544921875,-0.13427734375,-0.87890625,-0.048828125,-0.341796875,-0.06103515625,6.8359375,-0.0244140625,2.74658203125,-0.13427734375,2.392578125,-0.1708984375,4.91943359375,0.03662109375,0.37841796875,-0.10986328125,-0.0244140625,-0.0732421875,-0.0244140625,-0.10986328125,0.1708984375,-0.0732421875,0.03662109375,-0.06103515625,0.830078125,-0.03662109375,-0.5126953125,-0.0244140625,-0.54931640625
0,-0.18310546875,-0.35400390625,-0.06103515625,-0.3173828125,0,-0.42724609375,-0.08544921875,-0.048828125,0.0244140625,-0.03662109375,-0.15869140625,-0.87890625,-0.2685546875,1.08642578125,-0.42724609375,-0.15869140625,0,-0.59814453125,-0.1953125,-0.20751953125,-0.03662109375,0.84228515625,-0.06103515625,-0.6103515625,0.244140625,-0.98876953125,-0.20751953125,-1.220703125,0.1220703125,0.2685546875,0.03662109375,-0.35400390625,-0.06103515625,-0.3662109375,-0.3662109375,-0.87890625,-0.0244140625,-0.48828125,0.08544921875,-0.8056640625,-0.37841796875,-0.1953125,-0.28076171875,-0.634765625,0,-0.42724609375,0.1953125,0.634765625,-0.35400390625,1.13525390625,0.13427734375,0.42724609375,0.0244140625,-0.15869140625,0.20751953125,0.7080078125,-0.0732421875,1.47705078125,0.23193359375,0.93994140625,0.146484375,1.30615234375,-0.13427734375,1.25732421875,-0.1708984375,0.48828125,0.048828125,1.0498046875,-0.08544921875,0.2197265625,-0.0244140625,0.1708984375,-0.3662109375,0.23193359375,0.20751953125,0.81787109375,0.30517578125,0.03662109375,0,1.30615234375,-0.09765625,-0.9765625,-0.09765625,-0.32958984375,0.146484375,-0.9765625,-0.048828125,-0.8056640625,-0.29296875,7.11669921875,0.03662109375,4.30908203125,-0.03662109375,5.0537109375,0.15869140625,4.8828125,0.10986328125,-1.0009765625,0,-0.84228515625,-0.13427734375,-0.9033203125,-0.1220703125,-0.341796875,0,6.4208984375,0.03662109375,2.5390625,-0.1220703125,2.20947265625,-0.1220703125,4.69970703125,0.048828125,0.37841796875,-0.08544921875,0,-0.0732421875,-0.06103515625,-0.10986328125,0.18310546875,-0.09765625,0,-0.03662109375,0.81787109375,-0.0244140625,-0.52490234375,-0.0244140625,-0.5615234375
0,-0.2197265625,-0.37841796875,-0.048828125,-0.29296875,-0.01220703125,-0.390625,-0.09765625,-0.03662109375,0.0244140625,-0.0244140625,-0.146484375,-0.86669921875,-0.2685546875,1.08642578125,-0.42724609375,-0.13427734375,0.01220703125,-0.62255859375,-0.28076171875,-0.18310546875,-0.03662109375,0.86669921875,-0.23193359375,-0.59814453125,0.25634765625,-0.8544921875,-0.23193359375,-1.171875,0.10986328125,0.35400390625,0.06103515625,-0.244140625,0,-0.341796875,-0.32958984375,-0.87890625,0.048828125,-0.50048828125,0.08544921875,-0.79345703125,-0.390625,-0.18310546875,-0.3662109375,-0.62255859375,-0.0732421875,-0.4150390625,0.1220703125,0.634765625,-0.28076171875,1.0986328125,0.1708984375,0.4638671875,-0.01220703125,-0.15869140625,0.1953125,0.72021484375,-0.0732421875,1.42822265625,0.25634765625,0.93994140625,0.1220703125,1.30615234375,-0.10986328125,1.20849609375,-0.15869140625,0.62255859375,0.10986328125,1.03759765625,-0.06103515625,0.1953125,0.01220703125,0.1708984375,-0.29296875,0.23193359375,0.2197265625,0.830078125,0.244140625,0.01220703125,-0.03662109375,1.30615234375,-0.1220703125,-0.96435546875,-0.048828125,-0.341796875,0.09765625,-1.01318359375,0.03662109375,-0.81787109375,-0.2685546875,7.21435546875,0.03662109375,4.35791015625,-0.06103515625,5.11474609375,0.1953125,4.94384765625,0.10986328125,-0.98876953125,-0.03662109375,-0.830078125,-0.146484375,-0.9033203125,-0.13427734375,-0.3662109375,-0.048828125,6.005859375,0.06103515625,2.33154296875,-0.13427734375,2.001953125,-0.08544921875,4.443359375,0.03662109375,0.35400390625,-0.09765625,0,-0.0732421875,-0.06103515625,-0.146484375,0.18310546875,-0.09765625,-0.0244140625,-0.03662109375,0.830078125,-0.03662109375,-0.5126953125,-0.03662109375,-0.54931640625
0,-0.25634765625,-0.3662109375,-0.08544921875,-0.3173828125,-0.01220703125,-0.37841796875,-0.10986328125,-0.03662109375,0.03662109375,0,-0.1220703125,-0.87890625,-0.29296875,1.0986328125,-0.4150390625,-0.1220703125,-0.0244140625,-0.6103515625,-0.30517578125,-0.1953125,-0.08544921875,0.86669921875,-0.32958984375,-0.59814453125,0.20751953125,-0.6103515625,-0.23193359375,-1.07421875,0.06103515625,0.48828125,0.048828125,-0.09765625,0.01220703125,-0.32958984375,-0.341796875,-0.86669921875,0.10986328125,-0.4638671875,0.06103515625,-0.78125,-0.3662109375,-0.1953125,-0.4638671875,-0.634765625,-0.10986328125,-0.37841796875,0.048828125,0.634765625,-0.23193359375,1.11083984375,0.146484375,0.45166015625,-0.10986328125,-0.1708984375,0.18310546875,0.7080078125,-0.0732421875,1.3427734375,0.35400390625,0.96435546875,0.1708984375,1.25732421875,-0.03662109375,1.123046875,-0.1220703125,0.72021484375,0.20751953125,1.03759765625,-0.0732421875,0.1708984375,0.048828125,0.18310546875,-0.1708984375,0.23193359375,0.23193359375,0.8056640625,0.1953125,0.0244140625,-0.0732421875,1.30615234375,-0.0732421875,-0.98876953125,-0.01220703125,-0.341796875,0.06103515625,-1.01318359375,0.09765625,-0.8056640625,-0.244140625,7.03125,0.0244140625,4.30908203125,0.03662109375,4.99267578125,0.18310546875,4.82177734375,0.1220703125,-0.9765625,-0.1220703125,-0.81787109375,-0.146484375,-0.89111328125,-0.13427734375,-0.35400390625,-0.06103515625,5.57861328125,0.09765625,2.099609375,-0.1220703125,1.7822265625,-0.01220703125,4.19921875,0.03662109375,0.3662109375,-0.09765625,0.01220703125,-0.06103515625,-0.06103515625,-0.15869140625,0.18310546875,-0.10986328125,-0.048828125,-0.06103515625,0.81787109375,-0.01220703125,-0.5126953125,-0.06103515625,-0.5615234375
0,-0.20751953125,-0.35400390625,-0.08544921875,-0.32958984375,0,-0.37841796875,-0.09765625,-0.0244140625,0.03662109375,0,-0.13427734375,-0.86669921875,-0.30517578125,1.11083984375,-0.4150390625,-0.1220703125,-0.1220703125,-0.59814453125,-0.29296875,-0.1953125,-0.13427734375,0.86669921875,-0.32958984375,-0.59814453125,0.15869140625,-0.40283203125,-0.1708984375,-0.96435546875,0.03662109375,0.68359375,0.01220703125,0.0244140625,0.03662109375,-0.30517578125,-0.341796875,-0.8544921875,0.08544921875,-0.45166015625,0.06103515625,-0.76904296875,-0.28076171875,-0.20751953125,-0.537109375,-0.64697265625,-0.146484375,-0.37841796875,-0.06103515625,0.62255859375,-0.1708984375,1.11083984375,0.15869140625,0.4638671875,-0.1708984375,-0.146484375,0.1220703125,0.69580078125,-0.10986328125,1.28173828125,0.341796875,1.07421875,0.0732421875,1.26953125,0,1.0498046875,-0.13427734375,0.8544921875,0.2685546875,1.06201171875,-0.0732421875,0.1953125,0.06103515625,0.20751953125,-0.048828125,0.23193359375,0.18310546875,0.79345703125,0.13427734375,0.01220703125,-0.09765625,1.318359375,-0.01220703125,-0.9765625,0.01220703125,-0.341796875,0.03662109375,-1.01318359375,0.1708984375,-0.79345703125,-0.2197265625,6.57958984375,0.08544921875,4.0771484375,0.13427734375,4.72412109375,0.146484375,4.5166015625,0.15869140625,-0.9521484375,-0.1953125,-0.81787109375,-0.1220703125,-0.87890625,-0.1220703125,-0.37841796875,-0.048828125,5.2001953125,0.1220703125,1.86767578125,-0.09765625,1.57470703125,0.06103515625,3.96728515625,0.048828125,0.3662109375,-0.10986328125,0.0244140625,-0.0732421875,-0.0732421875,-0.1708984375,0.1953125,-0.13427734375,-0.0732421875,-0.06103515625,0.79345703125,0,-0.5126953125,-0.09765625,-0.57373046875
0,-0.1953125,-0.341796875,-0.10986328125,-0.35400390625,-0.01220703125,-0.390625,-0.08544921875,-0.03662109375,0,-0.01220703125,-0.1220703125,-0.8544921875,-0.30517578125,1.11083984375,-0.390625,-0.13427734375,-0.23193359375,-0.5859375,-0.244140625,-0.18310546875,-0.23193359375,0.86669921875,-0.2197265625,-0.6103515625,0.09765625,-0.20751953125,-0.1708984375,-0.830078125,-0.06103515625,0.8544921875,-0.06103515625,0.1708984375,0.048828125,-0.3173828125,-0.2197265625,-0.86669921875,0.048828125,-0.45166015625,0.08544921875,-0.7568359375,-0.23193359375,-0.1953125,-0.54931640625,-0.62255859375,-0.1220703125,-0.37841796875,-0.15869140625,0.6103515625,-0.09765625,1.123046875,0.146484375,0.45166015625,-0.1953125,-0.13427734375,0.03662109375,0.68359375,-0.18310546875,1.33056640625,0.4150390625,1.33056640625,0.09765625,1.35498046875,0.0732421875,1.11083984375,-0.1708984375,0.91552734375,0.3173828125,1.06201171875,-0.0732421875,0.2197265625,0.13427734375,0.2197265625,0.0732421875,0.2197265625,0.146484375,0.79345703125,0.06103515625,0.01220703125,-0.1220703125,1.318359375,0.048828125,-0.9765625,0.03662109375,-0.3662109375,0.01220703125,-1.01318359375,0.1708984375,-0.78125,-0.15869140625,5.89599609375,0.1220703125,3.6865234375,0.244140625,4.296875,0.10986328125,4.01611328125,0.146484375,-0.93994140625,-0.244140625,-0.830078125,-0.0732421875,-0.89111328125,-0.0732421875,-0.390625,-0.048828125,4.8095703125,0.06103515625,1.67236328125,-0.1220703125,1.40380859375,0.09765625,3.7353515625,0.03662109375,0.37841796875,-0.08544921875,0.0244140625,-0.06103515625,-0.06103515625,-0.146484375,0.1953125,-0.13427734375,-0.06103515625,-0.0732421875,0.79345703125,0.0244140625,-0.50048828125,-0.10986328125,-0.57373046875
1,-0.18310546875,-0.341796875,-0.1220703125,-0.3662109375,-0.0244140625,-0.40283203125,-0.09765625,-0.03662109375,-0.048828125,-0.01220703125,-0.09765625,-0.86669921875,-0.28076171875,1.11083984375,-0.37841796875,-0.15869140625,-0.3173828125,-0.5615234375,-0.15869140625,-0.1708984375,-0.3173828125,0.86669921875,-0.08544921875,-0.6103515625,-0.10986328125,-0.0732421875,-0.15869140625,-0.72021484375,-0.146484375,1.0009765625,-0.1708984375,0.29296875,0.0732421875,-0.30517578125,-0.18310546875,-0.86669921875,-0.048828125,-0.4638671875,0.10986328125,-0.7568359375,-0.20751953125,-0.20751953125,-0.5126953125,-0.62255859375,-0.0732421875,-0.40283203125,-0.2197265625,0.59814453125,-0.06103515625,1.123046875,0.146484375,0.45166015625,-0.2197265625,-0.1708984375,-0.03662109375,0.67138671875,-0.2685546875,1.55029296875,0.45166015625,1.7822265625,0.08544921875,1.5869140625,0.13427734375,1.35498046875,-0.1708984375,1.025390625,0.37841796875,1.0498046875,-0.048828125,0.244140625,0.1708984375,0.23193359375,0.15869140625,0.244140625,0.06103515625,0.74462890625,0.01220703125,0.0244140625,-0.10986328125,1.318359375,0.10986328125,-0.9765625,0.03662109375,-0.3662109375,0.01220703125,-1.0009765625,0.15869140625,-0.7568359375,-0.146484375,4.9560546875,0.15869140625,3.173828125,0.341796875,3.74755859375,0.08544921875,3.369140625,0.146484375,-0.93994140625,-0.2685546875,-0.8544921875,0,-0.87890625,-0.0732421875,-0.390625,0,4.45556640625,0.03662109375,1.4404296875,-0.1220703125,1.25732421875,0.1220703125,3.52783203125,0.048828125,0.37841796875,-0.09765625,0.03662109375,-0.06103515625,-0.048828125,-0.1708984375,0.20751953125,-0.146484375,-0.06103515625,-0.08544921875,0.79345703125,0.0244140625,-0.50048828125,-0.146484375,-0.57373046875
1,-0.18310546875,-0.341796875,-0.13427734375,-0.390625,-0.0244140625,-0.4150390625,-0.0732421875,-0.048828125,-0.03662109375,-0.048828125,-0.10986328125,-0.87890625,-0.2685546875,1.11083984375,-0.390625,-0.1708984375,-0.35400390625,-0.537109375,-0.048828125,-0.18310546875,-0.37841796875,0.86669921875,0.0244140625,-0.6103515625,-0.2197265625,-0.01220703125,-0.13427734375,-0.64697265625,-0.1953125,1.08642578125,-0.23193359375,0.32958984375,0.0732421875,-0.32958984375,-0.146484375,-0.86669921875,-0.1220703125,-0.4638671875,0.09765625,-0.76904296875,-0.15869140625,-0.20751953125,-0.40283203125,-0.634765625,-0.06103515625,-0.40283203125,-0.25634765625,0.59814453125,-0.03662109375,1.1474609375,0.15869140625,0.439453125,-0.20751953125,-0.18310546875,-0.10986328125,0.6591796875,-0.341796875,2.001953125,0.45166015625,2.4658203125,0.13427734375,1.9287109375,0.15869140625,1.8310546875,-0.146484375,1.025390625,0.390625,1.06201171875,-0.0244140625,0.2685546875,0.1708984375,0.23193359375,0.18310546875,0.244140625,-0.03662109375,0.74462890625,-0.01220703125,0.0244140625,-0.13427734375,1.30615234375,0.1708984375,-0.98876953125,0.06103515625,-0.3662109375,0.0244140625,-1.0009765625,0.09765625,-0.76904296875,-0.1220703125,3.84521484375,0.23193359375,2.5390625,0.3662109375,3.02734375,0.06103515625,2.587890625,0.1220703125,-0.93994140625,-0.2685546875,-0.8544921875,0.03662109375,-0.86669921875,-0.0732421875,-0.37841796875,0.09765625,4.13818359375,-0.01220703125,1.2451171875,-0.13427734375,1.0986328125,0.08544921875,3.3447265625,0.03662109375,0.3662109375,-0.06103515625,0.01220703125,-0.0732421875,-0.048828125,-0.18310546875,0.2197265625,-0.18310546875,-0.048828125,-0.08544921875,0.81787109375,0.048828125,-0.50048828125,-0.18310546875,-0.54931640625
1,-0.1953125,-0.341796875,-0.13427734375,-0.390625,-0.06103515625,-0.4150390625,-0.0732421875,-0.06103515625,-0.06103515625,-0.0244140625,-0.09765625,-0.87890625,-0.25634765625,1.123046875,-0.37841796875,-0.1708984375,-0.3173828125,-0.537109375,0.0244140625,-0.18310546875,-0.3662109375,0.8544921875,0.13427734375,-0.6103515625,-0.37841796875,-0.048828125,-0.20751953125,-0.62255859375,-0.35400390625,1.123046875,-0.3662109375,0.341796875,0.0732421875,-0.341796875,-0.13427734375,-0.89111328125,-0.146484375,-0.5126953125,0.09765625,-0.78125,-0.1953125,-0.2197265625,-0.32958984375,-0.64697265625,-0.0732421875,-0.42724609375,-0.28076171875,0.5859375,-0.0244140625,1.15966796875,0.09765625,0.42724609375,-0.20751953125,-0.18310546875,-0.23193359375,0.67138671875,-0.341796875,2.6611328125,0.50048828125,3.35693359375,0.18310546875,2.45361328125,0.2197265625,2.52685546875,-0.06103515625,1.0498046875,0.390625,1.0498046875,-0.01220703125,0.25634765625,0.15869140625,0.2197265625,0.2197265625,0.244140625,-0.10986328125,0.732421875,0.01220703125,0.03662109375,-0.146484375,1.318359375,0.1953125,-1.0009765625,0.03662109375,-0.37841796875,0.01220703125,-0.98876953125,0,-0.732421875,-0.0732421875,2.62451171875,0.28076171875,1.86767578125,0.32958984375,2.2705078125,0.1220703125,1.7333984375,0.06103515625,-0.93994140625,-0.25634765625,-0.87890625,0.048828125,-0.8544921875,-0.03662109375,-0.35400390625,0.20751953125,3.74755859375,0.0244140625,1.0498046875,-0.13427734375,0.96435546875,0.08544921875,3.16162109375,0.0244140625,0.3662109375,-0.048828125,0,-0.06103515625,-0.0244140625,-0.20751953125,0.1953125,-0.20751953125,-0.03662109375,-0.06103515625,0.79345703125,0.03662109375,-0.48828125,-0.1953125,-0.54931640625
1,-0.18310546875,-0.3662109375,-0.1220703125,-0.3662109375,-0.08544921875,-0.439453125,-0.048828125,-0.048828125,-0.0732421875,-0.03662109375,-0.08544921875,-0.87890625,-0.23193359375,1.0986328125,-0.35400390625,-0.15869140625,-0.25634765625,-0.537109375,0.06103515625,-0.1708984375,-0.29296875,0.8544921875,0.1708984375,-0.6103515625,-0.48828125,-0.1220703125,-0.3173828125,-0.634765625,-0.439453125,1.08642578125,-0.40283203125,0.28076171875,0.048828125,-0.390625,-0.146484375,-0.9033203125,-0.13427734375,-0.5126953125,0.06103515625,-0.79345703125,-0.15869140625,-0.23193359375,-0.23193359375,-0.634765625,-0.0732421875,-0.45166015625,-0.20751953125,0.57373046875,-0.048828125,1.15966796875,0.048828125,0.4150390625,-0.23193359375,-0.1953125,-0.29296875,0.68359375,-0.3173828125,3.50341796875,0.3662109375,4.4189453125,0.18310546875,3.0517578125,0.2685546875,3.43017578125,-0.03662109375,1.0498046875,0.35400390625,1.0498046875,0.048828125,0.2685546875,0.1220703125,0.2197265625,0.20751953125,0.25634765625,-0.1708984375,0.74462890625,0.048828125,0.03662109375,-0.1708984375,1.30615234375,0.1953125,-1.0009765625,0.03662109375,-0.35400390625,0,-0.98876953125,-0.09765625,-0.74462890625,-0.06103515625,1.40380859375,0.29296875,1.18408203125,0.29296875,1.5380859375,0.18310546875,0.87890625,0.01220703125,-0.9765625,-0.23193359375,-0.9033203125,0.048828125,-0.8544921875,0,-0.341796875,0.1953125,3.33251953125,0,0.84228515625,-0.1708984375,0.81787109375,0.048828125,2.94189453125,0,0.3662109375,-0.048828125,0.01220703125,-0.048828125,-0.01220703125,-0.20751953125,0.1953125,-0.20751953125,-0.03662109375,-0.06103515625,0.8056640625,0,-0.50048828125,-0.1708984375,-0.54931640625
1,-0.15869140625,-0.3662109375,-0.1220703125,-0.35400390625,-0.09765625,-0.42724609375,-0.048828125,-0.06103515625,-0.0732421875,-0.0244140625,-0.048828125,-0.87890625,-0.2197265625,1.11083984375,-0.30517578125,-0.146484375,-0.1953125,-0.537109375,0.0732421875,-0.15869140625,-0.13427734375,0.84228515625,0.15869140625,-0.6103515625,-0.35400390625,-0.244140625,-0.23193359375,-0.69580078125,-0.45166015625,1.03759765625,-0.35400390625,0.23193359375,0.01220703125,-0.4150390625,-0.18310546875,-0.91552734375,-0.09765625,-0.52490234375,0,-0.78125,-0.15869140625,-0.2197265625,-0.1708984375,-0.64697265625,-0.08544921875,-0.45166015625,-0.10986328125,0.5859375,-0.1220703125,1.13525390625,0.0244140625,0.4150390625,-0.244140625,-0.20751953125,-0.4150390625,0.69580078125,-0.2685546875,4.50439453125,0.30517578125,5.57861328125,0.20751953125,3.74755859375,0.244140625,4.47998046875,0.0244140625,1.03759765625,0.28076171875,1.03759765625,0.10986328125,0.25634765625,0.0732421875,0.2197265625,0.20751953125,0.244140625,-0.1953125,0.74462890625,0.1220703125,0.03662109375,-0.20751953125,1.318359375,0.15869140625,-1.0009765625,0.0244140625,-0.35400390625,-0.048828125,-0.96435546875,-0.10986328125,-0.732421875,-0.06103515625,0.244140625,0.28076171875,0.537109375,0.2197265625,0.84228515625,0.2685546875,0.048828125,-0.01220703125,-0.9765625,-0.2197265625,-0.9033203125,0,-0.8544921875,0.0244140625,-0.341796875,0.2197265625,2.83203125,0.03662109375,0.6103515625,-0.1953125,0.64697265625,0.01220703125,2.72216796875,-0.01220703125,0.3662109375,-0.0244140625,0,-0.0732421875,0,-0.2197265625,0.20751953125,-0.20751953125,-0.01220703125,-0.0732421875,0.8056640625,-0.01220703125,-0.48828125,-0.15869140625,-0.537109375
1,-0.15869140625,-0.3662109375,-0.10986328125,-0.341796875,-0.10986328125,-0.439453125,-0.06103515625,-0.048828125,-0.0732421875,-0.03662109375,-0.048828125,-0.89111328125,-0.20751953125,1.11083984375,-0.2685546875,-0.15869140625,-0.048828125,-0.537109375,0.03662109375,-0.1708984375,-0.03662109375,0.8544921875,0.08544921875,-0.59814453125,-0.29296875,-0.37841796875,-0.244140625,-0.732421875,-0.50048828125,0.9765625,-0.341796875,0.18310546875,-0.0244140625,-0.45166015625,-0.25634765625,-0.9033203125,-0.03662109375,-0.537109375,-0.0244140625,-0.78125,-0.146484375,-0.23193359375,-0.15869140625,-0.6591796875,-0.09765625,-0.4638671875,-0.0244140625,0.6103515625,-0.1708984375,1.13525390625,-0.0244140625,0.42724609375,-0.23193359375,-0.1953125,-0.4638671875,0.7080078125,-0.18310546875,5.50537109375,0.37841796875,6.72607421875,0.23193359375,4.443359375,0.2197265625,5.517578125,0.09765625,1.01318359375,0.244140625,1.0498046875,0.15869140625,0.23193359375,0.0244140625,0.20751953125,0.1953125,0.25634765625,-0.20751953125,0.74462890625,0.13427734375,0.03662109375,-0.25634765625,1.33056640625,0.10986328125,-1.01318359375,-0.01220703125,-0.3662109375,-0.09765625,-0.9765625,-0.10986328125,-0.7568359375,-0.10986328125,-0.7568359375,0.20751953125,0.01220703125,0.13427734375,0.23193359375,0.30517578125,-0.62255859375,0.01220703125,-0.96435546875,-0.1953125,-0.87890625,-0.0244140625,-0.86669921875,0.0244140625,-0.3173828125,0.244140625,2.24609375,0.13427734375,0.35400390625,-0.1953125,0.45166015625,0,2.4658203125,0,0.35400390625,-0.0244140625,0.0244140625,-0.0732421875,0,-0.23193359375,0.1953125,-0.18310546875,-0.01220703125,-0.09765625,0.78125,-0.0244140625,-0.47607421875,-0.13427734375,-0.54931640625
1,-0.1220703125,-0.35400390625,-0.09765625,-0.3173828125,-0.06103515625,-0.45166015625,-0.048828125,-0.048828125,-0.06103515625,-0.048828125,-0.0244140625,-0.9033203125,-0.1953125,1.0986328125,-0.244140625,-0.146484375,0.048828125,-0.54931640625,0,-0.18310546875,0.048828125,0.830078125,0,-0.5859375,-0.2685546875,-0.45166015625,-0.28076171875,-0.78125,-0.439453125,0.91552734375,-0.30517578125,0.146484375,-0.08544921875,-0.47607421875,-0.29296875,-0.9033203125,-0.01220703125,-0.54931640625,-0.048828125,-0.8056640625,-0.0244140625,-0.244140625,-0.2197265625,-0.6591796875,-0.0732421875,-0.47607421875,0.10986328125,0.62255859375,-0.244140625,1.13525390625,0.01220703125,0.439453125,-0.244140625,-0.1708984375,-0.439453125,0.732421875,-0.1220703125,6.45751953125,0.42724609375,7.75146484375,0.2197265625,5.0537109375,0.1708984375,6.48193359375,0.08544921875,0.93994140625,0.18310546875,1.0498046875,0.1708984375,0.20751953125,-0.03662109375,0.2197265625,0.13427734375,0.23193359375,-0.23193359375,0.7568359375,0.1953125,0.03662109375,-0.29296875,1.33056640625,0.0244140625,-1.01318359375,-0.0244140625,-0.35400390625,-0.13427734375,-0.9765625,-0.0732421875,-0.76904296875,-0.13427734375,-1.52587890625,0.146484375,-0.40283203125,0.08544921875,-0.244140625,0.341796875,-1.15966796875,0.06103515625,-0.9765625,-0.1953125,-0.86669921875,-0.048828125,-0.86669921875,-0.01220703125,-0.3173828125,0.23193359375,1.6357421875,0.2197265625,0.0732421875,-0.2197265625,0.23193359375,0,2.18505859375,0.01220703125,0.37841796875,-0.01220703125,0.01220703125,-0.0732421875,0.0244140625,-0.20751953125,0.1953125,-0.18310546875,-0.0244140625,-0.08544921875,0.81787109375,-0.06103515625,-0.48828125,-0.10986328125,-0.5615234375
1,-0.1220703125,-0.3662109375,-0.08544921875,-0.3173828125,-0.08544921875,-0.4150390625,-0.01220703125,-0.06103515625,-0.06103515625,-0.0244140625,-0.01220703125,-0.9033203125,-0.20751953125,1.123046875,-0.20751953125,-0.13427734375,0.18310546875,-0.54931640625,-0.048828125,-0.20751953125,0.08544921875,0.84228515625,-0.10986328125,-0.5859375,-0.10986328125,-0.4638671875,-0.1708984375,-0.7568359375,-0.30517578125,0.927734375,-0.20751953125,0.1953125,-0.10986328125,-0.439453125,-0.28076171875,-0.87890625,0,-0.5615234375,-0.0244140625,-0.8056640625,0.048828125,-0.23193359375,-0.30517578125,-0.6591796875,-0.0244140625,-0.4638671875,0.13427734375,0.62255859375,-0.25634765625,1.0986328125,0.0244140625,0.439453125,-0.23193359375,-0.15869140625,-0.4638671875,0.72021484375,-0.03662109375,7.23876953125,0.37841796875,8.59375,0.13427734375,5.5419921875,0.146484375,7.2509765625,0.0732421875,0.84228515625,0.09765625,1.03759765625,0.146484375,0.20751953125,-0.06103515625,0.20751953125,0.08544921875,0.2197265625,-0.1953125,0.78125,0.2685546875,0.01220703125,-0.341796875,1.33056640625,-0.048828125,-1.01318359375,-0.048828125,-0.37841796875,-0.18310546875,-0.9765625,-0.03662109375,-0.78125,-0.146484375,-2.0263671875,0.0732421875,-0.6103515625,0.01220703125,-0.537109375,0.3173828125,-1.513671875,0.0244140625,-0.9765625,-0.23193359375,-0.86669921875,-0.09765625,-0.87890625,0,-0.3173828125,0.146484375,1.025390625,0.25634765625,-0.1953125,-0.2685546875,-0.01220703125,-0.01220703125,1.8798828125,0.0244140625,0.3662109375,0,0.0244140625,-0.0732421875,-0.01220703125,-0.2197265625,0.18310546875,-0.1708984375,-0.048828125,-0.09765625,0.81787109375,-0.06103515625,-0.4638671875,-0.08544921875,-0.537109375
1,-0.13427734375,-0.3662109375,-0.08544921875,-0.3173828125,-0.0732421875,-0.40283203125,-0.0244140625,-0.08544921875,-0.06103515625,-0.01220703125,0,-0.91552734375,-0.2197265625,1.0986328125,-0.18310546875,-0.13427734375,0.244140625,-0.5615234375,-0.06103515625,-0.1953125,0,0.86669921875,-0.1220703125,-0.5859375,-0.10986328125,-0.390625,-0.1953125,-0.7080078125,-0.23193359375,1.01318359375,-0.23193359375,0.28076171875,-0.1220703125,-0.4150390625,-0.2685546875,-0.87890625,0,-0.5126953125,-0.01220703125,-0.79345703125,0.08544921875,-0.20751953125,-0.4150390625,-0.67138671875,0.0244140625,-0.42724609375,0.15869140625,0.62255859375,-0.28076171875,1.11083984375,0.0244140625,0.439453125,-0.20751953125,-0.1708984375,-0.4638671875,0.72021484375,0.01220703125,7.763671875,0.35400390625,9.19189453125,0.0244140625,5.859375,0.13427734375,7.77587890625,0.0244140625,0.74462890625,0.0244140625,1.03759765625,0.09765625,0.1953125,-0.1220703125,0.2197265625,0.03662109375,0.23193359375,-0.20751953125,0.72021484375,0.28076171875,0.01220703125,-0.3662109375,1.3427734375,-0.0732421875,-0.98876953125,-0.08544921875,-0.3662109375,-0.1708984375,-0.98876953125,0,-0.78125,-0.20751953125,-2.23388671875,0.01220703125,-0.69580078125,-0.03662109375,-0.69580078125,0.2197265625,-1.708984375,0,-0.9765625,-0.25634765625,-0.84228515625,-0.146484375,-0.84228515625,0.03662109375,-0.32958984375,0.1708984375,0.537109375,0.29296875,-0.42724609375,-0.25634765625,-0.23193359375,0.0244140625,1.62353515625,0.01220703125,0.3662109375,-0.0244140625,0.0244140625,-0.06103515625,0,-0.2197265625,0.1953125,-0.15869140625,-0.048828125,-0.10986328125,0.830078125,-0.03662109375,-0.48828125,-0.08544921875,-0.54931640625
1,-0.09765625,-0.35400390625,-0.08544921875,-0.32958984375,-0.09765625,-0.4150390625,-0.01220703125,-0.06103515625,-0.048828125,0,0,-0.9033203125,-0.2197265625,1.0986328125,-0.13427734375,-0.1220703125,0.23193359375,-0.57373046875,0.01220703125,-0.1953125,-0.0732421875,0.8544921875,-0.09765625,-0.5859375,-0.0244140625,-0.25634765625,-0.10986328125,-0.59814453125,-0.13427734375,1.171875,-0.2197265625,0.42724609375,-0.10986328125,-0.390625,-0.244140625,-0.86669921875,-0.03662109375,-0.50048828125,0,-0.78125,0.13427734375,-0.1953125,-0.5126953125,-0.67138671875,0.06103515625,-0.42724609375,0.13427734375,0.6103515625,-0.23193359375,1.08642578125,0.0244140625,0.45166015625,-0.146484375,-0.1708984375,-0.47607421875,0.7080078125,0.048828125,8.06884765625,0.3173828125,9.48486328125,-0.06103515625,5.9814453125,0.08544921875,8.0078125,0.0244140625,0.62255859375,-0.0244140625,1.025390625,0.03662109375,0.18310546875,-0.1708984375,0.2197265625,-0.01220703125,0.20751953125,-0.20751953125,0.732421875,0.3173828125,0.01220703125,-0.35400390625,1.3427734375,-0.09765625,-0.98876953125,-0.0732421875,-0.3662109375,-0.146484375,-0.9765625,0,-0.79345703125,-0.25634765625,-2.20947265625,-0.048828125,-0.6591796875,-0.048828125,-0.732421875,0.0732421875,-1.7578125,-0.01220703125,-0.9521484375,-0.341796875,-0.8544921875,-0.1708984375,-0.8544921875,0.06103515625,-0.341796875,0.146484375,0.244140625,0.2685546875,-0.537109375,-0.244140625,-0.35400390625,0.0732421875,1.45263671875,0.01220703125,0.390625,0,0.0244140625,-0.06103515625,0,-0.244140625,0.18310546875,-0.1220703125,-0.048828125,-0.1220703125,0.830078125,0,-0.50048828125,-0.08544921875,-0.54931640625
1,-0.1220703125,-0.35400390625,-0.06103515625,-0.32958984375,-0.13427734375,-0.4150390625,0,-0.048828125,-0.0244140625,0,0.03662109375,-0.9033203125,-0.23193359375,1.08642578125,-0.13427734375,-0.1220703125,0.146484375,-0.5615234375,0.0244140625,-0.1953125,-0.25634765625,0.84228515625,-0.048828125,-0.5859375,0.08544921875,-0.06103515625,0.03662109375,-0.40283203125,-0.03662109375,1.37939453125,-0.1708984375,0.64697265625,-0.13427734375,-0.40283203125,-0.1953125,-0.8544921875,-0.08544921875,-0.47607421875,0.0244140625,-0.78125,0.06103515625,-0.1953125,-0.57373046875,-0.68359375,0.0732421875,-0.4150390625,0.048828125,0.62255859375,-0.244140625,1.0986328125,0.0244140625,0.45166015625,-0.09765625,-0.1708984375,-0.47607421875,0.69580078125,0.03662109375,8.14208984375,0.341796875,9.53369140625,-0.1708984375,5.95703125,0.01220703125,8.0322265625,0.048828125,0.537109375,-0.08544921875,1.01318359375,-0.01220703125,0.1708984375,-0.18310546875,0.23193359375,-0.0732421875,0.20751953125,-0.1708984375,0.74462890625,0.32958984375,0,-0.341796875,1.30615234375,-0.09765625,-1.0009765625,-0.0732421875,-0.35400390625,-0.13427734375,-0.98876953125,-0.03662109375,-0.79345703125,-0.42724609375,-2.03857421875,-0.1220703125,-0.537109375,-0.1220703125,-0.68359375,0,-1.67236328125,-0.01220703125,-0.93994140625,-0.4150390625,-0.830078125,-0.18310546875,-0.830078125,0.06103515625,-0.341796875,0.10986328125,0.25634765625,0.23193359375,-0.54931640625,-0.20751953125,-0.3662109375,0.08544921875,1.4404296875,0,0.37841796875,-0.0244140625,0.03662109375,-0.048828125,-0.0244140625,-0.2197265625,0.1953125,-0.1220703125,-0.06103515625,-0.1220703125,0.8544921875,-0.01220703125,-0.50048828125,-0.10986328125,-0.537109375
1,-0.09765625,-0.35400390625,-0.08544921875,-0.35400390625,-0.1220703125,-0.40283203125,0,-0.048828125,-0.06103515625,0.01220703125,0.03662109375,-0.87890625,-0.244140625,1.07421875,-0.1220703125,-0.13427734375,0.0244140625,-0.5615234375,0.01220703125,-0.1953125,-0.439453125,0.84228515625,0.0244140625,-0.5859375,0.048828125,0.18310546875,0.048828125,-0.20751953125,-0.01220703125,1.6357421875,-0.1953125,0.86669921875,-0.18310546875,-0.390625,-0.13427734375,-0.8544921875,-0.1220703125,-0.439453125,0.0732421875,-0.7568359375,-0.0244140625,-0.18310546875,-0.59814453125,-0.6591796875,0.06103515625,-0.4150390625,-0.0244140625,0.59814453125,-0.23193359375,1.11083984375,0.0732421875,0.4150390625,-0.08544921875,-0.1953125,-0.4150390625,0.67138671875,0.09765625,7.99560546875,0.37841796875,9.36279296875,-0.1708984375,5.810546875,0.0244140625,7.84912109375,0,0.439453125,-0.146484375,1.03759765625,-0.0732421875,0.1953125,-0.13427734375,0.244140625,-0.13427734375,0.2197265625,-0.1220703125,0.69580078125,0.30517578125,0,-0.29296875,1.318359375,-0.08544921875,-0.9765625,-0.06103515625,-0.3662109375,-0.06103515625,-0.98876953125,-0.08544921875,-0.79345703125,-0.45166015625,-1.81884765625,-0.09765625,-0.40283203125,-0.10986328125,-0.57373046875,-0.0244140625,-1.5380859375,0.0244140625,-0.96435546875,-0.439453125,-0.84228515625,-0.146484375,-0.84228515625,0.048828125,-0.37841796875,0.2197265625,0.6103515625,0.20751953125,-0.37841796875,-0.09765625,-0.2685546875,0.0732421875,1.611328125,-0.01220703125,0.37841796875,-0.03662109375,0.0244140625,-0.06103515625,-0.0244140625,-0.1953125,0.18310546875,-0.1220703125,-0.0244140625,-0.13427734375,0.86669921875,0.01220703125,-0.5126953125,-0.1220703125,-0.537109375
1,-0.08544921875,-0.35400390625,-0.06103515625,-0.3662109375,-0.1220703125,-0.4150390625,0.03662109375,-0.03662109375,-0.06103515625,-0.01220703125,0.03662109375,-0.8544921875,-0.244140625,1.08642578125,-0.13427734375,-0.1220703125,-0.08544921875,-0.54931640625,0.01220703125,-0.1953125,-0.54931640625,0.8544921875,0.0244140625,-0.59814453125,0.06103515625,0.37841796875,0.0732421875,-0.0244140625,-0.0244140625,1.8798828125,-0.1220703125,1.06201171875,-0.1708984375,-0.37841796875,-0.048828125,-0.84228515625,-0.20751953125,-0.45166015625,0.1220703125,-0.7568359375,-0.15869140625,-0.18310546875,-0.52490234375,-0.6591796875,0.0244140625,-0.42724609375,-0.08544921875,0.62255859375,-0.20751953125,1.13525390625,0.08544921875,0.40283203125,-0.08544921875,-0.20751953125,-0.35400390625,0.6591796875,0.06103515625,7.75146484375,0.25634765625,9.09423828125,-0.28076171875,5.5908203125,-0.01220703125,7.53173828125,-0.0244140625,0.35400390625,-0.20751953125,1.03759765625,-0.15869140625,0.18310546875,-0.09765625,0.244140625,-0.20751953125,0.20751953125,-0.0732421875,0.76904296875,0.25634765625,-0.01220703125,-0.2197265625,1.33056640625,-0.10986328125,-0.9765625,-0.03662109375,-0.3662109375,-0.01220703125,-1.0009765625,-0.146484375,-0.8056640625,-0.439453125,-1.611328125,-0.0732421875,-0.29296875,-0.06103515625,-0.45166015625,-0.0244140625,-1.40380859375,0.01220703125,-0.93994140625,-0.42724609375,-0.8544921875,-0.09765625,-0.84228515625,0.03662109375,-0.3662109375,0.25634765625,1.3427734375,0.20751953125,-0.0244140625,0.01220703125,0.01220703125,0.09765625,1.9775390625,-0.0244140625,0.37841796875,-0.03662109375,0.0244140625,-0.08544921875,-0.01220703125,-0.18310546875,0.1953125,-0.10986328125,-0.0244140625,-0.13427734375,0.86669921875,0.03662109375,-0.50048828125,-0.15869140625,-0.5615234375
0,-0.06103515625,-0.341796875,-0.0732421875,-0.37841796875,-0.146484375,-0.4150390625,0.048828125,-0.06103515625,-0.048828125,-0.03662109375,0.06103515625,-0.89111328125,-0.244140625,1.0986328125,-0.13427734375,-0.13427734375,-0.10986328125,-0.54931640625,-0.0244140625,-0.20751953125,-0.5859375,0.86669921875,0.01220703125,-0.59814453125,0.0732421875,0.54931640625,0.03662109375,0.1220703125,-0.048828125,2.08740234375,-0.0732421875,1.20849609375,-0.146484375,-0.40283203125,0.06103515625,-0.87890625,-0.25634765625,-0.4638671875,0.1220703125,-0.74462890625,-0.30517578125,-0.1953125,-0.439453125,-0.6591796875,-0.0244140625,-0.439453125,-0.146484375,0.59814453125,-0.1708984375,1.123046875,0.08544921875,0.439453125,-0.0732421875,-0.20751953125,-0.244140625,0.6591796875,-0.0244140625,7.4462890625,0.20751953125,8.740234375,-0.341796875,5.37109375,-0.0732421875,7.2021484375,-0.03662109375,0.25634765625,-0.244140625,1.025390625,-0.1953125,0.18310546875,-0.048828125,0.244140625,-0.244140625,0.23193359375,-0.03662109375,0.72021484375,0.23193359375,0,-0.13427734375,1.30615234375,-0.0732421875,-0.98876953125,-0.01220703125,-0.35400390625,0.01220703125,-1.01318359375,-0.15869140625,-0.79345703125,-0.4150390625,-1.46484375,-0.06103515625,-0.2197265625,-0.10986328125,-0.341796875,0.0244140625,-1.30615234375,0.048828125,-0.96435546875,-0.390625,-0.8544921875,0,-0.84228515625,-0.01220703125,-0.3662109375,0.2685546875,2.42919921875,0.18310546875,0.52490234375,0.06103515625,0.47607421875,0.03662109375,2.5390625,-0.01220703125,0.390625,-0.048828125,0.0244140625,-0.0732421875,0,-0.1708984375,0.20751953125,-0.146484375,-0.0244140625,-0.09765625,0.8544921875,0.03662109375,-0.50048828125,-0.1708984375,-0.54931640625
0,-0.01220703125,-0.341796875,-0.048828125,-0.37841796875,-0.146484375,-0.4150390625,0.0732421875,-0.06103515625,-0.048828125,-0.03662109375,0.06103515625,-0.86669921875,-0.23193359375,1.07421875,-0.1220703125,-0.15869140625,-0.10986328125,-0.54931640625,-0.0732421875,-0.20751953125,-0.5615234375,0.87890625,-0.06103515625,-0.62255859375,0.06103515625,0.64697265625,-0.03662109375,0.20751953125,-0.1220703125,2.2216796875,-0.01220703125,1.33056640625,-0.146484375,-0.40283203125,0.1220703125,-0.89111328125,-0.29296875,-0.4638671875,0.13427734375,-0.7568359375,-0.4150390625,-0.2197265625,-0.3173828125,-0.634765625,-0.10986328125,-0.45166015625,-0.1953125,0.59814453125,-0.146484375,1.13525390625,0.0732421875,0.40283203125,-0.03662109375,-0.20751953125,-0.13427734375,0.6591796875,-0.0732421875,7.12890625,0.15869140625,8.36181640625,-0.37841796875,5.1513671875,-0.13427734375,6.87255859375,-0.06103515625,0.20751953125,-0.28076171875,1.03759765625,-0.20751953125,0.1953125,-0.0244140625,0.23193359375,-0.28076171875,0.2197265625,0.0244140625,0.7080078125,0.25634765625,0,-0.048828125,1.30615234375,-0.03662109375,-1.0009765625,0.048828125,-0.37841796875,0.01220703125,-1.0009765625,-0.146484375,-0.8056640625,-0.40283203125,-1.416015625,-0.03662109375,-0.1953125,-0.0732421875,-0.29296875,0.08544921875,-1.25732421875,0.03662109375,-0.93994140625,-0.28076171875,-0.87890625,0.08544921875,-0.8544921875,-0.048828125,-0.390625,0.2685546875,3.759765625,0.18310546875,1.2451171875,0.10986328125,1.06201171875,0.01220703125,3.28369140625,-0.0244140625,0.3662109375,-0.06103515625,0.01220703125,-0.0732421875,0,-0.1708984375,0.2197265625,-0.1708984375,-0.0244140625,-0.09765625,0.84228515625,0.0244140625,-0.48828125,-0.15869140625,-0.54931640625
0,-0.048828125,-0.35400390625,-0.03662109375,-0.37841796875,-0.18310546875,-0.40283203125,0.048828125,-0.06103515625,-0.048828125,-0.0244140625,0.0732421875,-0.86669921875,-0.2197265625,1.07421875,-0.09765625,-0.15869140625,-0.09765625,-0.537109375,-0.03662109375,-0.18310546875,-0.45166015625,0.86669921875,-0.146484375,-0.6103515625,0.048828125,0.634765625,-0.13427734375,0.20751953125,-0.20751953125,2.28271484375,-0.03662109375,1.33056640625,-0.09765625,-0.390625,0.146484375,-0.89111328125,-0.28076171875,-0.47607421875,0.03662109375,-0.78125,-0.48828125,-0.1953125,-0.20751953125,-0.62255859375,-0.18310546875,-0.45166015625,-0.20751953125,0.6103515625,-0.1220703125,1.1474609375,0.06103515625,0.4150390625,0.0244140625,-0.1953125,-0.01220703125,0.68359375,-0.146484375,6.8603515625,0.09765625,8.0322265625,-0.439453125,4.99267578125,-0.18310546875,6.60400390625,-0.08544921875,0.18310546875,-0.3173828125,1.03759765625,-0.2197265625,0.1708984375,-0.03662109375,0.23193359375,-0.29296875,0.23193359375,0.08544921875,0.74462890625,0.28076171875,0.01220703125,0.01220703125,1.33056640625,0.01220703125,-0.9765625,0.08544921875,-0.3662109375,-0.03662109375,-1.025390625,-0.0732421875,-0.8056640625,-0.3173828125,-1.46484375,-0.03662109375,-0.23193359375,-0.048828125,-0.29296875,0.146484375,-1.25732421875,0,-0.93994140625,-0.2197265625,-0.9033203125,0.146484375,-0.84228515625,-0.03662109375,-0.390625,0.1220703125,5.2490234375,0.1220703125,1.98974609375,0.10986328125,1.72119140625,-0.01220703125,4.150390625,0,0.390625,-0.048828125,0,-0.06103515625,0.01220703125,-0.15869140625,0.20751953125,-0.1953125,-0.01220703125,-0.09765625,0.830078125,0,-0.48828125,-0.146484375,-0.5615234375
0,-0.03662109375,-0.3662109375,-0.048828125,-0.3662109375,-0.1708984375,-0.390625,0.06103515625,-0.06103515625,-0.0732421875,-0.0244140625,0.09765625,-0.86669921875,-0.2197265625,1.07421875,-0.09765625,-0.18310546875,-0.06103515625,-0.537109375,-0.0732421875,-0.1708984375,-0.2685546875,0.8544921875,-0.23193359375,-0.6103515625,0.0732421875,0.5859375,-0.18310546875,0.18310546875,-0.29296875,2.23388671875,-0.06103515625,1.2939453125,-0.06103515625,-0.390625,0.146484375,-0.89111328125,-0.2685546875,-0.47607421875,-0.048828125,-0.78125,-0.50048828125,-0.2197265625,-0.13427734375,-0.59814453125,-0.23193359375,-0.4638671875,-0.23193359375,0.59814453125,-0.10986328125,1.1474609375,0.0732421875,0.42724609375,0.0732421875,-0.1708984375,0.09765625,0.69580078125,-0.2197265625,6.62841796875,0.09765625,7.7392578125,-0.4150390625,4.8828125,-0.2197265625,6.396484375,-0.13427734375,0.1953125,-0.30517578125,1.0498046875,-0.20751953125,0.18310546875,-0.0732421875,0.23193359375,-0.25634765625,0.23193359375,0.13427734375,0.74462890625,0.29296875,0.01220703125,0.06103515625,1.318359375,0.08544921875,-0.9765625,0.1220703125,-0.3662109375,-0.13427734375,-1.03759765625,-0.0244140625,-0.8056640625,-0.25634765625,-1.62353515625,-0.048828125,-0.29296875,-0.048828125,-0.32958984375,0.15869140625,-1.318359375,-0.0244140625,-0.93994140625,-0.1708984375,-0.91552734375,0.15869140625,-0.8544921875,0.03662109375,-0.35400390625,0,6.73828125,0.06103515625,2.77099609375,0.09765625,2.392578125,-0.03662109375,4.99267578125,-0.01220703125,0.37841796875,-0.06103515625,0.01220703125,-0.06103515625,0.01220703125,-0.146484375,0.1953125,-0.2197265625,-0.01220703125,-0.09765625,0.79345703125,-0.0244140625,-0.5126953125,-0.146484375,-0.54931640625
0,-0.03662109375,-0.3662109375,-0.03662109375,-0.35400390625,-0.1708984375,-0.40283203125,0.06103515625,-0.06103515625,-0.10986328125,-0.01220703125,0.08544921875,-0.86669921875,-0.2197265625,1.08642578125,-0.06103515625,-0.18310546875,-0.06103515625,-0.537109375,-0.048828125,-0.18310546875,-0.13427734375,0.86669921875,-0.2685546875,-0.634765625,0.0732421875,0.4150390625,-0.2197265625,0.048828125,-0.35400390625,2.1240234375,-0.15869140625,1.1962890625,-0.01220703125,-0.390625,0.146484375,-0.9033203125,-0.2685546875,-0.4638671875,-0.08544921875,-0.76904296875,-0.4150390625,-0.1953125,-0.146484375,-0.62255859375,-0.25634765625,-0.4638671875,-0.2197265625,0.634765625,-0.13427734375,1.13525390625,0.0732421875,0.42724609375,0.09765625,-0.15869140625,0.1708984375,0.69580078125,-0.20751953125,6.40869140625,0.08544921875,7.4462890625,-0.3662109375,4.7607421875,-0.2197265625,6.2255859375,-0.18310546875,0.20751953125,-0.29296875,1.0498046875,-0.15869140625,0.146484375,-0.09765625,0.2197265625,-0.23193359375,0.244140625,0.18310546875,0.74462890625,0.28076171875,0,0.08544921875,1.33056640625,0.146484375,-0.9765625,0.10986328125,-0.390625,-0.18310546875,-1.03759765625,0.0244140625,-0.79345703125,-0.15869140625,-1.7578125,-0.048828125,-0.35400390625,0.06103515625,-0.390625,0.15869140625,-1.35498046875,-0.03662109375,-0.93994140625,-0.1220703125,-0.9033203125,0.1220703125,-0.8544921875,0.06103515625,-0.3662109375,0,8.04443359375,0.01220703125,3.466796875,0.09765625,3.0029296875,-0.0244140625,5.74951171875,-0.03662109375,0.3662109375,-0.08544921875,0,-0.06103515625,-0.0244140625,-0.13427734375,0.1953125,-0.2197265625,0,-0.10986328125,0.8056640625,-0.06103515625,-0.5126953125,-0.13427734375,-0.54931640625
0,-0.03662109375,-0.390625,-0.0244140625,-0.341796875,-0.18310546875,-0.4150390625,0.0732421875,-0.06103515625,-0.09765625,0,0.08544921875,-0.89111328125,-0.2197265625,1.08642578125,-0.0244140625,-0.15869140625,-0.03662109375,-0.57373046875,-0.03662109375,-0.1953125,-0.01220703125,0.84228515625,-0.244140625,-0.634765625,0.06103515625,0.25634765625,-0.1953125,-0.09765625,-0.37841796875,1.9775390625,-0.244140625,1.06201171875,0.01220703125,-0.390625,0.13427734375,-0.9033203125,-0.30517578125,-0.4638671875,-0.18310546875,-0.76904296875,-0.3173828125,-0.1953125,-0.18310546875,-0.5859375,-0.20751953125,-0.45166015625,-0.2197265625,0.634765625,-0.15869140625,1.0986328125,0.10986328125,0.42724609375,0.09765625,-0.13427734375,0.25634765625,0.72021484375,-0.23193359375,6.2255859375,0.0244140625,7.177734375,-0.3173828125,4.62646484375,-0.244140625,6.0546875,-0.1953125,0.2197265625,-0.25634765625,1.025390625,-0.08544921875,0.15869140625,-0.146484375,0.23193359375,-0.1953125,0.23193359375,0.2685546875,0.78125,0.2685546875,-0.01220703125,0.0732421875,1.3427734375,0.20751953125,-1.01318359375,0.09765625,-0.3662109375,-0.2685546875,-1.025390625,0.0732421875,-0.78125,-0.048828125,-1.904296875,-0.09765625,-0.42724609375,0.0732421875,-0.45166015625,0.13427734375,-1.416015625,-0.01220703125,-0.9521484375,-0.0732421875,-0.91552734375,0.0732421875,-0.86669921875,0.0732421875,-0.32958984375,-0.06103515625,9.0576171875,-0.01220703125,4.0283203125,0.06103515625,3.43017578125,0,6.33544921875,-0.03662109375,0.37841796875,-0.08544921875,0.0244140625,-0.06103515625,-0.03662109375,-0.1220703125,0.1953125,-0.20751953125,-0.0244140625,-0.1220703125,0.76904296875,-0.06103515625,-0.5126953125,-0.146484375,-0.5615234375
0,-0.0244140625,-0.37841796875,-0.01220703125,-0.32958984375,-0.18310546875,-0.42724609375,0.048828125,-0.0732421875,-0.09765625,-0.0244140625,0.08544921875,-0.87890625,-0.23193359375,1.0986328125,-0.0244140625,-0.1708984375,-0.01220703125,-0.59814453125,0.048828125,-0.1708984375,0.048828125,0.8544921875,-0.146484375,-0.62255859375,0.0732421875,0.10986328125,-0.1708984375,-0.2197265625,-0.35400390625,1.806640625,-0.30517578125,0.927734375,0.0244140625,-0.3662109375,0.06103515625,-0.87890625,-0.3662109375,-0.45166015625,-0.18310546875,-0.76904296875,-0.146484375,-0.1953125,-0.20751953125,-0.57373046875,-0.146484375,-0.42724609375,-0.1953125,0.634765625,-0.18310546875,1.11083984375,0.13427734375,0.45166015625,0.09765625,-0.13427734375,0.3173828125,0.72021484375,-0.23193359375,5.9814453125,-0.03662109375,6.82373046875,-0.23193359375,4.4677734375,-0.29296875,5.79833984375,-0.2197265625,0.2197265625,-0.244140625,1.025390625,-0.048828125,0.146484375,-0.1708984375,0.2197265625,-0.20751953125,0.2197265625,0.30517578125,0.7568359375,0.28076171875,-0.01220703125,0.048828125,1.33056640625,0.25634765625,-1.0009765625,0.06103515625,-0.390625,-0.2685546875,-1.03759765625,0.08544921875,-0.78125,0,-1.953125,-0.1220703125,-0.439453125,0.1220703125,-0.47607421875,0.1220703125,-1.40380859375,0.0732421875,-0.927734375,-0.0732421875,-0.89111328125,0,-0.86669921875,0.09765625,-0.32958984375,-0.08544921875,9.66796875,-0.048828125,4.35791015625,-0.01220703125,3.7109375,0,6.689453125,-0.0244140625,0.3662109375,-0.08544921875,0.01220703125,-0.06103515625,-0.06103515625,-0.1220703125,0.1953125,-0.2197265625,-0.06103515625,-0.1220703125,0.78125,-0.08544921875,-0.52490234375,-0.13427734375,-0.57373046875
0,-0.0244140625,-0.390625,0,-0.341796875,-0.1953125,-0.42724609375,0.06103515625,-0.06103515625,-0.10986328125,0,0.09765625,-0.86669921875,-0.2197265625,1.08642578125,0,-0.15869140625,0.0244140625,-0.59814453125,0.1708984375,-0.18310546875,0.0244140625,0.86669921875,-0.0244140625,-0.6103515625,0.10986328125,-0.03662109375,-0.15869140625,-0.3173828125,-0.28076171875,1.6845703125,-0.35400390625,0.830078125,0,-0.341796875,0.01220703125,-0.89111328125,-0.4150390625,-0.45166015625,-0.1708984375,-0.7568359375,0.03662109375,-0.20751953125,-0.1953125,-0.57373046875,-0.0244140625,-0.390625,-0.18310546875,0.62255859375,-0.1953125,1.11083984375,0.1220703125,0.45166015625,0.06103515625,-0.13427734375,0.35400390625,0.7080078125,-0.1953125,5.67626953125,-0.08544921875,6.43310546875,-0.1708984375,4.21142578125,-0.30517578125,5.4931640625,-0.20751953125,0.23193359375,-0.18310546875,1.025390625,-0.048828125,0.18310546875,-0.18310546875,0.23193359375,-0.244140625,0.2197265625,0.30517578125,0.7568359375,0.25634765625,-0.0244140625,0.0244140625,1.35498046875,0.29296875,-0.98876953125,0.0244140625,-0.390625,-0.23193359375,-1.01318359375,0.06103515625,-0.7568359375,0.06103515625,-1.9287109375,-0.1220703125,-0.4150390625,0.1708984375,-0.45166015625,0.146484375,-1.37939453125,0.1220703125,-0.9033203125,-0.08544921875,-0.86669921875,-0.08544921875,-0.86669921875,0.10986328125,-0.35400390625,-0.08544921875,9.8388671875,-0.03662109375,4.443359375,-0.0732421875,3.77197265625,0,6.7626953125,-0.03662109375,0.35400390625,-0.10986328125,0.0244140625,-0.0732421875,-0.0732421875,-0.1220703125,0.18310546875,-0.2197265625,-0.048828125,-0.1220703125,0.74462890625,-0.03662109375,-0.52490234375,-0.13427734375,-0.5859375
0,0,-0.37841796875,-0.01220703125,-0.32958984375,-0.20751953125,-0.439453125,0.048828125,-0.0732421875,-0.1220703125,0.0244140625,0.146484375,-0.89111328125,-0.1953125,1.08642578125,0.01220703125,-0.146484375,0.03662109375,-0.62255859375,0.30517578125,-0.1708984375,-0.03662109375,0.8544921875,0.15869140625,-0.6103515625,0.03662109375,-0.09765625,-0.15869140625,-0.37841796875,-0.2197265625,1.59912109375,-0.37841796875,0.7568359375,-0.0732421875,-0.35400390625,-0.0732421875,-0.89111328125,-0.4638671875,-0.4638671875,-0.13427734375,-0.76904296875,0.15869140625,-0.1953125,-0.1708984375,-0.59814453125,0.048828125,-0.37841796875,-0.146484375,0.59814453125,-0.15869140625,1.0986328125,0.15869140625,0.439453125,0.048828125,-0.146484375,0.3662109375,0.69580078125,-0.15869140625,5.2978515625,-0.146484375,5.95703125,-0.0732421875,3.91845703125,-0.341796875,5.09033203125,-0.1708984375,0.23193359375,-0.1220703125,1.025390625,-0.06103515625,0.15869140625,-0.15869140625,0.23193359375,-0.244140625,0.23193359375,0.35400390625,0.74462890625,0.2197265625,-0.048828125,-0.0244140625,1.3427734375,0.3173828125,-1.01318359375,-0.01220703125,-0.37841796875,-0.15869140625,-1.025390625,0,-0.76904296875,0.10986328125,-1.8310546875,-0.146484375,-0.341796875,0.146484375,-0.4150390625,0.03662109375,-1.2939453125,0.20751953125,-0.91552734375,-0.10986328125,-0.87890625,-0.146484375,-0.87890625,0.13427734375,-0.341796875,-0.0732421875,9.5703125,-0.048828125,4.3212890625,-0.146484375,3.61328125,-0.01220703125,6.57958984375,-0.0244140625,0.341796875,-0.09765625,0.0244140625,-0.0732421875,-0.08544921875,-0.09765625,0.1953125,-0.2197265625,-0.048828125,-0.1220703125,0.74462890625,-0.01220703125,-0.5126953125,-0.1220703125,-0.57373046875
0,0,-0.3662109375,0.01220703125,-0.341796875,-0.23193359375,-0.42724609375,0.048828125,-0.08544921875,-0.15869140625,0.01220703125,0.15869140625,-0.86669921875,-0.20751953125,1.08642578125,0.03662109375,-0.15869140625,0.0244140625,-0.634765625,0.42724609375,-0.18310546875,-0.1220703125,0.81787109375,0.30517578125,-0.59814453125,0.09765625,-0.10986328125,-0.0732421875,-0.390625,-0.1220703125,1.57470703125,-0.32958984375,0.74462890625,-0.1708984375,-0.341796875,-0.1220703125,-0.86669921875,-0.48828125,-0.45166015625,-0.09765625,-0.74462890625,0.2197265625,-0.2197265625,-0.13427734375,-0.59814453125,0.09765625,-0.390625,-0.09765625,0.59814453125,-0.13427734375,1.0986328125,0.146484375,0.4638671875,0.048828125,-0.15869140625,0.390625,0.67138671875,-0.1220703125,4.833984375,-0.1953125,5.3955078125,0.06103515625,3.564453125,-0.4150390625,4.57763671875,-0.146484375,0.20751953125,-0.0244140625,1.01318359375,-0.048828125,0.18310546875,-0.146484375,0.2197265625,-0.18310546875,0.23193359375,0.3662109375,0.732421875,0.13427734375,-0.06103515625,-0.06103515625,1.30615234375,0.28076171875,-0.98876953125,-0.08544921875,-0.390625,-0.09765625,-1.03759765625,-0.10986328125,-0.78125,-0.06103515625,-1.6845703125,-0.244140625,-0.23193359375,0.06103515625,-0.28076171875,-0.048828125,-1.171875,0.2685546875,-0.91552734375,-0.0732421875,-0.86669921875,-0.1953125,-0.8544921875,0.09765625,-0.3662109375,-0.048828125,8.88671875,-0.01220703125,3.955078125,-0.1708984375,3.271484375,0.01220703125,6.16455078125,-0.048828125,0.341796875,-0.08544921875,0.0244140625,-0.0732421875,-0.06103515625,-0.09765625,0.1953125,-0.1953125,-0.06103515625,-0.1220703125,0.74462890625,0.03662109375,-0.5126953125,-0.08544921875,-0.54931640625
0,0.03662109375,-0.37841796875,-0.0244140625,-0.35400390625,-0.25634765625,-0.42724609375,0.0732421875,-0.08544921875,-0.146484375,0,0.18310546875,-0.86669921875,-0.20751953125,1.06201171875,0.048828125,-0.1708984375,-0.0244140625,-0.62255859375,0.4638671875,-0.18310546875,-0.244140625,0.81787109375,0.390625,-0.59814453125,0.09765625,-0.0732421875,-0.10986328125,-0.341796875,-0.1220703125,1.5625,-0.35400390625,0.74462890625,-0.25634765625,-0.32958984375,-0.13427734375,-0.89111328125,-0.48828125,-0.4638671875,-0.08544921875,-0.732421875,0.1708984375,-0.2197265625,-0.10986328125,-0.57373046875,0.13427734375,-0.37841796875,-0.06103515625,0.59814453125,-0.10986328125,1.123046875,0.18310546875,0.45166015625,-0.03662109375,-0.18310546875,0.3173828125,0.68359375,-0.048828125,4.3212890625,-0.20751953125,4.78515625,0.06103515625,3.18603515625,-0.40283203125,4.04052734375,-0.10986328125,0.2197265625,0.08544921875,1.025390625,-0.08544921875,0.18310546875,-0.0732421875,0.244140625,-0.0732421875,0.25634765625,0.40283203125,0.69580078125,0.08544921875,-0.048828125,-0.10986328125,1.33056640625,0.244140625,-0.98876953125,-0.10986328125,-0.37841796875,0.01220703125,-1.03759765625,-0.2197265625,-0.79345703125,-0.08544921875,-1.513671875,-0.23193359375,-0.15869140625,0.06103515625,-0.18310546875,-0.06103515625,-1.03759765625,0.25634765625,-0.89111328125,-0.03662109375,-0.84228515625,-0.20751953125,-0.830078125,0.03662109375,-0.3662109375,-0.0244140625,7.9345703125,-0.01220703125,3.40576171875,-0.146484375,2.8076171875,-0.0244140625,5.5419921875,-0.09765625,0.341796875,-0.0732421875,0.0244140625,-0.06103515625,-0.048828125,-0.10986328125,0.18310546875,-0.1953125,-0.0732421875,-0.13427734375,0.74462890625,0.048828125,-0.50048828125,-0.06103515625,-0.57373046875
0,0.08544921875,-0.35400390625,-0.03662109375,-0.3662109375,-0.2685546875,-0.439453125,0.08544921875,-0.09765625,-0.1708984375,-0.0244140625,0.1953125,-0.8544921875,-0.18310546875,1.07421875,0.06103515625,-0.18310546875,-0.0244140625,-0.6103515625,0.390625,-0.18310546875,-0.23193359375,0.84228515625,0.439453125,-0.57373046875,0.10986328125,0,-0.09765625,-0.30517578125,-0.10986328125,1.59912109375,-0.32958984375,0.7568359375,-0.35400390625,-0.35400390625,-0.1220703125,-0.9033203125,-0.4150390625,-0.4638671875,-0.0732421875,-0.732421875,0.0244140625,-0.23193359375,-0.08544921875,-0.5859375,0.08544921875,-0.40283203125,0.01220703125,0.5859375,-0.09765625,1.123046875,0.244140625,0.45166015625,-0.1220703125,-0.1953125,0.32958984375,0.6591796875,0.01220703125,3.7841796875,-0.1953125,4.150390625,0.03662109375,2.79541015625,-0.35400390625,3.47900390625,-0.1220703125,0.20751953125,0.1708984375,1.0498046875,-0.0732421875,0.20751953125,-0.0244140625,0.20751953125,0.0244140625,0.25634765625,0.439453125,0.7080078125,0.0244140625,-0.048828125,-0.10986328125,1.30615234375,0.18310546875,-0.96435546875,-0.10986328125,-0.390625,0.09765625,-1.0498046875,-0.29296875,-0.79345703125,-0.10986328125,-1.35498046875,-0.244140625,-0.06103515625,-0.03662109375,-0.048828125,-0.08544921875,-0.9033203125,0.2197265625,-0.89111328125,-0.0244140625,-0.830078125,-0.18310546875,-0.830078125,-0.048828125,-0.37841796875,-0.06103515625,6.7626953125,0.0244140625,2.783203125,-0.1220703125,2.25830078125,-0.0732421875,4.833984375,-0.1220703125,0.35400390625,-0.08544921875,0.03662109375,-0.08544921875,-0.01220703125,-0.09765625,0.2197265625,-0.1708984375,-0.06103515625,-0.10986328125,0.76904296875,0.06103515625,-0.48828125,-0.0244140625,-0.54931640625
0,0.0732421875,-0.3662109375,-0.0732421875,-0.3662109375,-0.2685546875,-0.439453125,0.09765625,-0.06103515625,-0.18310546875,-0.0244140625,0.20751953125,-0.8544921875,-0.1708984375,1.08642578125,0.08544921875,-0.1708984375,-0.0244140625,-0.57373046875,0.3173828125,-0.1708984375,-0.25634765625,0.8544921875,0.3662109375,-0.5859375,0.28076171875,0.0732421875,-0.048828125,-0.2197265625,-0.0244140625,1.62353515625,-0.2197265625,0.78125,-0.37841796875,-0.37841796875,-0.0732421875,-0.9033203125,-0.390625,-0.4638671875,-0.03662109375,-0.72021484375,-0.146484375,-0.23193359375,-0.0732421875,-0.59814453125,0.0244140625,-0.4150390625,0.0244140625,0.5859375,-0.0244140625,1.123046875,0.2685546875,0.439453125,-0.2685546875,-0.20751953125,0.23193359375,0.67138671875,0,3.2958984375,-0.10986328125,3.50341796875,0,2.45361328125,-0.30517578125,2.9296875,-0.15869140625,0.1953125,0.25634765625,1.0498046875,-0.08544921875,0.20751953125,0.0244140625,0.1953125,0.1220703125,0.2685546875,0.390625,0.7080078125,-0.048828125,-0.0244140625,-0.08544921875,1.2939453125,0.09765625,-0.9765625,-0.08544921875,-0.3662109375,0.10986328125,-1.0498046875,-0.32958984375,-0.8056640625,-0.28076171875,-1.25732421875,-0.341796875,-0.01220703125,-0.13427734375,0.03662109375,-0.1220703125,-0.8056640625,0.1220703125,-0.89111328125,0,-0.84228515625,-0.13427734375,-0.84228515625,-0.15869140625,-0.390625,-0.0732421875,5.52978515625,0.0244140625,2.0751953125,-0.09765625,1.6845703125,-0.10986328125,4.0771484375,-0.13427734375,0.32958984375,-0.0732421875,0.048828125,-0.0732421875,0.048828125,-0.13427734375,0.20751953125,-0.1708984375,-0.048828125,-0.08544921875,0.78125,0.06103515625,-0.47607421875,0.01220703125,-0.537109375
0,0.08544921875,-0.35400390625,-0.0732421875,-0.341796875,-0.28076171875,-0.439453125,0.08544921875,-0.03662109375,-0.1708984375,-0.03662109375,0.20751953125,-0.8544921875,-0.1708984375,1.08642578125,0.0732421875,-0.15869140625,0.03662109375,-0.57373046875,0.1953125,-0.1708984375,-0.29296875,0.8544921875,0.2197265625,-0.59814453125,0.3173828125,0.1220703125,-0.1220703125,-0.1953125,-0.0732421875,1.64794921875,-0.2197265625,0.79345703125,-0.37841796875,-0.4150390625,-0.06103515625,-0.87890625,-0.3173828125,-0.439453125,-0.08544921875,-0.69580078125,-0.29296875,-0.2197265625,-0.1220703125,-0.5859375,-0.03662109375,-0.4638671875,0.048828125,0.6103515625,0.0244140625,1.0986328125,0.2685546875,0.45166015625,-0.439453125,-0.1953125,0.18310546875,0.68359375,0.01220703125,2.84423828125,0.08544921875,2.86865234375,-0.0244140625,2.11181640625,-0.1708984375,2.47802734375,-0.18310546875,0.2197265625,0.30517578125,1.06201171875,-0.06103515625,0.18310546875,0.048828125,0.1953125,0.20751953125,0.2685546875,0.341796875,0.72021484375,-0.09765625,-0.01220703125,-0.09765625,1.33056640625,0.048828125,-0.9521484375,-0.0244140625,-0.3662109375,0.06103515625,-1.0498046875,-0.28076171875,-0.79345703125,-0.23193359375,-1.1962890625,-0.3173828125,0.03662109375,-0.08544921875,0.09765625,-0.0732421875,-0.72021484375,0.0244140625,-0.9033203125,-0.01220703125,-0.8544921875,-0.08544921875,-0.8544921875,-0.25634765625,-0.390625,-0.09765625,4.3212890625,0.0732421875,1.37939453125,-0.09765625,1.11083984375,-0.13427734375,3.3447265625,-0.13427734375,0.3662109375,-0.08544921875,0.03662109375,-0.0732421875,0.0732421875,-0.146484375,0.20751953125,-0.15869140625,-0.06103515625,-0.0732421875,0.8056640625,0.048828125,-0.4638671875,0.0732421875,-0.52490234375
1,0.08544921875,-0.3662109375,-0.10986328125,-0.35400390625,-0.25634765625,-0.42724609375,0.0732421875,-0.03662109375,-0.1708984375,-0.03662109375,0.20751953125,-0.8544921875,-0.146484375,1.08642578125,0.09765625,-0.18310546875,0.08544921875,-0.57373046875,0.10986328125,-0.18310546875,-0.244140625,0.87890625,0,-0.62255859375,0.3662109375,0.13427734375,-0.09765625,-0.20751953125,0,1.5869140625,-0.06103515625,0.74462890625,-0.341796875,-0.40283203125,-0.048828125,-0.84228515625,-0.28076171875,-0.42724609375,-0.09765625,-0.67138671875,-0.35400390625,-0.2197265625,-0.1953125,-0.5859375,-0.08544921875,-0.4638671875,0.048828125,0.6103515625,0.09765625,1.0986328125,0.29296875,0.4638671875,-0.4638671875,-0.2197265625,0.06103515625,0.69580078125,-0.048828125,2.44140625,0.18310546875,2.30712890625,-0.09765625,1.85546875,-0.09765625,2.0751953125,-0.1953125,0.20751953125,0.32958984375,1.07421875,-0.0244140625,0.20751953125,0.03662109375,0.1708984375,0.25634765625,0.244140625,0.28076171875,0.732421875,-0.13427734375,-0.01220703125,-0.048828125,1.318359375,0.01220703125,-0.9765625,0.0244140625,-0.3662109375,0.048828125,-1.0498046875,-0.1953125,-0.8056640625,-0.28076171875,-1.171875,-0.32958984375,0.048828125,-0.146484375,0.13427734375,-0.13427734375,-0.7080078125,-0.0244140625,-0.91552734375,0.01220703125,-0.8544921875,-0.03662109375,-0.84228515625,-0.341796875,-0.37841796875,-0.10986328125,3.21044921875,0.0732421875,0.7568359375,-0.09765625,0.6103515625,-0.15869140625,2.6611328125,-0.146484375,0.37841796875,-0.0732421875,0.048828125,-0.0732421875,0.08544921875,-0.146484375,0.2197265625,-0.1708984375,-0.03662109375,-0.0732421875,0.84228515625,0.06103515625,-0.47607421875,0.0732421875,-0.52490234375
1,0.06103515625,-0.35400390625,-0.09765625,-0.32958984375,-0.25634765625,-0.42724609375,0.0732421875,-0.03662109375,-0.18310546875,-0.048828125,0.1708984375,-0.8544921875,-0.146484375,1.08642578125,0.08544921875,-0.18310546875,0.0732421875,-0.5615234375,0.048828125,-0.1708984375,-0.29296875,0.89111328125,-0.18310546875,-0.6103515625,0.40283203125,0.10986328125,-0.13427734375,-0.25634765625,0,1.55029296875,-0.01220703125,0.68359375,-0.244140625,-0.4150390625,-0.03662109375,-0.8544921875,-0.23193359375,-0.439453125,-0.09765625,-0.67138671875,-0.35400390625,-0.20751953125,-0.28076171875,-0.6103515625,-0.146484375,-0.47607421875,-0.03662109375,0.62255859375,0.146484375,1.0986328125,0.3173828125,0.4638671875,-0.50048828125,-0.1953125,-0.0244140625,0.7080078125,-0.10986328125,2.11181640625,0.30517578125,1.84326171875,-0.146484375,1.64794921875,0.048828125,1.7578125,-0.1220703125,0.23193359375,0.3173828125,1.06201171875,-0.01220703125,0.18310546875,0.0244140625,0.18310546875,0.30517578125,0.244140625,0.15869140625,0.7568359375,-0.13427734375,-0.0244140625,-0.048828125,1.3427734375,0,-0.98876953125,0.048828125,-0.3662109375,0.048828125,-1.03759765625,-0.10986328125,-0.8056640625,-0.25634765625,-1.1962890625,-0.29296875,0.08544921875,-0.10986328125,0.18310546875,-0.13427734375,-0.64697265625,-0.06103515625,-0.93994140625,-0.06103515625,-0.8544921875,0.01220703125,-0.86669921875,-0.341796875,-0.37841796875,-0.1220703125,2.23388671875,0.08544921875,0.18310546875,-0.06103515625,0.1708984375,-0.09765625,2.0751953125,-0.15869140625,0.4150390625,-0.06103515625,0.048828125,-0.0732421875,0.0732421875,-0.15869140625,0.1953125,-0.18310546875,-0.03662109375,-0.06103515625,0.8544921875,0.0244140625,-0.4638671875,0.0732421875,-0.5126953125
1,0.09765625,-0.35400390625,-0.08544921875,-0.3173828125,-0.29296875,-0.40283203125,0.0732421875,-0.06103515625,-0.146484375,-0.01220703125,0.146484375,-0.86669921875,-0.13427734375,1.0986328125,0.10986328125,-0.18310546875,0.03662109375,-0.54931640625,0.0244140625,-0.1708984375,-0.341796875,0.87890625,-0.2685546875,-0.634765625,0.341796875,0.06103515625,-0.10986328125,-0.32958984375,0.0244140625,1.46484375,-0.01220703125,0.59814453125,-0.2197265625,-0.40283203125,0,-0.86669921875,-0.18310546875,-0.4638671875,-0.1220703125,-0.67138671875,-0.29296875,-0.2197265625,-0.35400390625,-0.59814453125,-0.15869140625,-0.4638671875,-0.1220703125,0.6591796875,0.13427734375,1.07421875,0.37841796875,0.47607421875,-0.54931640625,-0.1953125,-0.10986328125,0.72021484375,-0.1953125,1.8798828125,0.35400390625,1.4892578125,-0.146484375,1.4892578125,0.146484375,1.55029296875,-0.08544921875,0.25634765625,0.341796875,1.0498046875,0.0244140625,0.15869140625,0,0.1953125,0.30517578125,0.2197265625,0.09765625,0.7568359375,-0.146484375,-0.01220703125,-0.048828125,1.3427734375,0.0732421875,-1.0009765625,0.08544921875,-0.40283203125,0.03662109375,-1.0498046875,0.01220703125,-0.81787109375,-0.13427734375,-1.20849609375,-0.20751953125,0.13427734375,0.03662109375,0.2197265625,-0.0732421875,-0.5859375,-0.0732421875,-0.93994140625,-0.1220703125,-0.86669921875,0.03662109375,-0.8544921875,-0.341796875,-0.37841796875,-0.1220703125,1.3916015625,0.03662109375,-0.3173828125,-0.0244140625,-0.1953125,-0.0732421875,1.611328125,-0.13427734375,0.4150390625,-0.06103515625,0.06103515625,-0.06103515625,0.048828125,-0.1708984375,0.20751953125,-0.18310546875,-0.03662109375,-0.0732421875,0.8544921875,0.048828125,-0.4638671875,0.048828125,-0.50048828125
1,0.10986328125,-0.3662109375,-0.0732421875,-0.28076171875,-0.28076171875,-0.40283203125,0.0732421875,-0.0732421875,-0.1220703125,0.01220703125,0.13427734375,-0.9033203125,-0.1220703125,1.0986328125,0.10986328125,-0.18310546875,-0.0732421875,-0.57373046875,0.048828125,-0.18310546875,-0.40283203125,0.87890625,-0.30517578125,-0.634765625,0.23193359375,0.01220703125,-0.08544921875,-0.40283203125,0.0244140625,1.40380859375,-0.048828125,0.54931640625,-0.1708984375,-0.390625,0.048828125,-0.86669921875,-0.20751953125,-0.4638671875,-0.10986328125,-0.67138671875,-0.1953125,-0.20751953125,-0.390625,-0.62255859375,-0.15869140625,-0.439453125,-0.25634765625,0.634765625,0.1220703125,1.08642578125,0.439453125,0.47607421875,-0.52490234375,-0.18310546875,-0.23193359375,0.69580078125,-0.28076171875,1.72119140625,0.40283203125,1.20849609375,-0.15869140625,1.3916015625,0.20751953125,1.42822265625,-0.048828125,0.25634765625,0.30517578125,1.025390625,0.08544921875,0.146484375,-0.03662109375,0.1953125,0.30517578125,0.1953125,0.03662109375,0.7568359375,-0.10986328125,-0.01220703125,-0.09765625,1.33056640625,0.13427734375,-1.0009765625,0.08544921875,-0.3662109375,0.048828125,-1.03759765625,0.0732421875,-0.81787109375,-0.15869140625,-1.18408203125,-0.20751953125,0.18310546875,0.06103515625,0.30517578125,-0.20751953125,-0.50048828125,-0.10986328125,-0.9521484375,-0.18310546875,-0.87890625,0.048828125,-0.8544921875,-0.29296875,-0.35400390625,-0.10986328125,0.67138671875,-0.06103515625,-0.74462890625,-0.03662109375,-0.48828125,-0.01220703125,1.18408203125,-0.146484375,0.390625,-0.048828125,0.048828125,-0.06103515625,0.06103515625,-0.15869140625,0.20751953125,-0.1953125,-0.03662109375,-0.08544921875,0.87890625,0.048828125,-0.45166015625,0,-0.48828125
1,0.13427734375,-0.35400390625,-0.10986328125,-0.25634765625,-0.2685546875,-0.390625,0.06103515625,-0.06103515625,-0.10986328125,0,0.146484375,-0.9033203125,-0.1220703125,1.0986328125,0.1220703125,-0.15869140625,-0.20751953125,-0.5859375,0.0732421875,-0.15869140625,-0.5126953125,0.87890625,-0.25634765625,-0.634765625,0.048828125,-0.01220703125,-0.1220703125,-0.42724609375,-0.0732421875,1.3671875,-0.13427734375,0.52490234375,-0.13427734375,-0.3662109375,0.13427734375,-0.8544921875,-0.28076171875,-0.48828125,-0.09765625,-0.68359375,-0.1220703125,-0.1953125,-0.439453125,-0.64697265625,-0.13427734375,-0.439453125,-0.32958984375,0.62255859375,0.06103515625,1.07421875,0.4638671875,0.4638671875,-0.50048828125,-0.1953125,-0.32958984375,0.68359375,-0.2685546875,1.64794921875,0.37841796875,1.0498046875,-0.1220703125,1.33056640625,0.23193359375,1.3671875,0.03662109375,0.3173828125,0.23193359375,1.025390625,0.13427734375,0.146484375,-0.10986328125,0.2197265625,0.3173828125,0.2197265625,0,0.76904296875,-0.09765625,0.01220703125,-0.15869140625,1.3427734375,0.20751953125,-1.01318359375,0.08544921875,-0.3662109375,0.08544921875,-1.025390625,0.06103515625,-0.8056640625,-0.15869140625,-1.13525390625,-0.146484375,0.28076171875,0.146484375,0.390625,-0.2197265625,-0.35400390625,-0.1220703125,-0.96435546875,-0.2197265625,-0.86669921875,0.0244140625,-0.84228515625,-0.244140625,-0.32958984375,-0.08544921875,0.09765625,-0.13427734375,-1.11083984375,-0.048828125,-0.7568359375,0.03662109375,0.8544921875,-0.146484375,0.37841796875,-0.06103515625,0.0732421875,-0.048828125,0.0244140625,-0.146484375,0.20751953125,-0.20751953125,-0.06103515625,-0.08544921875,0.84228515625,0.048828125,-0.4638671875,-0.048828125,-0.5126953125
1,0.13427734375,-0.35400390625,-0.13427734375,-0.2197265625,-0.244140625,-0.40283203125,0.06103515625,-0.048828125,-0.1220703125,0.0244140625,0.13427734375,-0.9033203125,-0.09765625,1.11083984375,0.10986328125,-0.13427734375,-0.28076171875,-0.5859375,0.146484375,-0.15869140625,-0.6103515625,0.87890625,-0.146484375,-0.6103515625,-0.0244140625,0.0244140625,-0.08544921875,-0.4150390625,-0.1220703125,1.3671875,-0.20751953125,0.59814453125,-0.13427734375,-0.341796875,0.18310546875,-0.86669921875,-0.37841796875,-0.4638671875,-0.1220703125,-0.69580078125,-0.03662109375,-0.1953125,-0.40283203125,-0.6591796875,-0.10986328125,-0.4150390625,-0.3662109375,0.6103515625,0,1.11083984375,0.47607421875,0.4638671875,-0.5126953125,-0.18310546875,-0.40283203125,0.69580078125,-0.29296875,1.6845703125,0.341796875,1.08642578125,-0.18310546875,1.3427734375,0.20751953125,1.416015625,0.08544921875,0.32958984375,0.1708984375,1.01318359375,0.15869140625,0.13427734375,-0.18310546875,0.2197265625,0.28076171875,0.23193359375,-0.048828125,0.7568359375,-0.048828125,0.01220703125,-0.1953125,1.35498046875,0.32958984375,-1.03759765625,0.0732421875,-0.390625,0.08544921875,-1.03759765625,0.0244140625,-0.8056640625,-0.09765625,-1.025390625,-0.09765625,0.40283203125,0.23193359375,0.5126953125,-0.1953125,-0.23193359375,-0.18310546875,-0.9765625,-0.20751953125,-0.84228515625,0,-0.84228515625,-0.18310546875,-0.32958984375,-0.0732421875,-0.42724609375,-0.2197265625,-1.416015625,-0.06103515625,-1.0009765625,0.09765625,0.54931640625,-0.146484375,0.3662109375,-0.0732421875,0.06103515625,-0.048828125,0.01220703125,-0.10986328125,0.20751953125,-0.20751953125,-0.048828125,-0.10986328125,0.8544921875,0.0732421875,-0.47607421875,-0.08544921875,-0.50048828125
1,0.15869140625,-0.3662109375,-0.15869140625,-0.1953125,-0.23193359375,-0.390625,0.08544921875,-0.048828125,-0.13427734375,0.01220703125,0.1220703125,-0.89111328125,-0.06103515625,1.11083984375,0.13427734375,-0.13427734375,-0.28076171875,-0.5859375,0.244140625,-0.1708984375,-0.64697265625,0.86669921875,-0.0244140625,-0.6103515625,-0.01220703125,0.09765625,-0.10986328125,-0.35400390625,-0.18310546875,1.4892578125,-0.29296875,0.7080078125,-0.0732421875,-0.35400390625,0.23193359375,-0.87890625,-0.42724609375,-0.5126953125,-0.09765625,-0.7080078125,-0.03662109375,-0.23193359375,-0.3173828125,-0.67138671875,-0.10986328125,-0.40283203125,-0.35400390625,0.62255859375,-0.06103515625,1.1474609375,0.439453125,0.439453125,-0.45166015625,-0.1953125,-0.50048828125,0.69580078125,-0.244140625,1.8310546875,0.35400390625,1.26953125,-0.146484375,1.416015625,0.23193359375,1.57470703125,0.10986328125,0.3173828125,0.06103515625,1.0009765625,0.146484375,0.15869140625,-0.23193359375,0.23193359375,0.1953125,0.20751953125,-0.06103515625,0.7568359375,0.03662109375,0,-0.25634765625,1.3427734375,0.341796875,-1.025390625,0.048828125,-0.37841796875,0.08544921875,-1.025390625,-0.09765625,-0.8056640625,-0.06103515625,-0.86669921875,-0.06103515625,0.537109375,0.244140625,0.6103515625,-0.146484375,-0.0732421875,-0.2197265625,-0.9521484375,-0.2197265625,-0.830078125,0,-0.84228515625,-0.03662109375,-0.32958984375,-0.048828125,-0.86669921875,-0.2685546875,-1.6357421875,-0.10986328125,-1.18408203125,0.1220703125,0.2685546875,-0.13427734375,0.35400390625,-0.09765625,0.048828125,-0.06103515625,-0.0244140625,-0.13427734375,0.2197265625,-0.23193359375,-0.0732421875,-0.09765625,0.8056640625,0.048828125,-0.48828125,-0.1220703125,-0.5126953125
1,0.18310546875,-0.3662109375,-0.146484375,-0.15869140625,-0.2197265625,-0.4150390625,0.0732421875,-0.048828125,-0.13427734375,0.01220703125,0.146484375,-0.87890625,-0.03662109375,1.11083984375,0.15869140625,-0.10986328125,-0.23193359375,-0.59814453125,0.29296875,-0.18310546875,-0.6591796875,0.8544921875,0.0732421875,-0.59814453125,-0.13427734375,0.20751953125,-0.15869140625,-0.2685546875,-0.25634765625,1.6357421875,-0.37841796875,0.84228515625,-0.08544921875,-0.341796875,0.2197265625,-0.8544921875,-0.48828125,-0.50048828125,-0.1220703125,-0.69580078125,0,-0.2197265625,-0.20751953125,-0.69580078125,-0.1220703125,-0.40283203125,-0.35400390625,0.6103515625,-0.10986328125,1.15966796875,0.4150390625,0.45166015625,-0.42724609375,-0.2197265625,-0.54931640625,0.69580078125,-0.18310546875,2.0751953125,0.28076171875,1.6357421875,-0.08544921875,1.59912109375,0.1953125,1.84326171875,0.1220703125,0.35400390625,0,1.01318359375,0.10986328125,0.18310546875,-0.2685546875,0.244140625,0.13427734375,0.23193359375,-0.06103515625,0.74462890625,0.0732421875,-0.01220703125,-0.28076171875,1.318359375,0.390625,-1.01318359375,0.0244140625,-0.37841796875,0.048828125,-1.03759765625,-0.1953125,-0.79345703125,0,-0.732421875,-0.03662109375,0.64697265625,0.2685546875,0.7568359375,-0.06103515625,0.0732421875,-0.20751953125,-0.9521484375,-0.20751953125,-0.84228515625,-0.01220703125,-0.81787109375,0.0244140625,-0.341796875,-0.06103515625,-1.2451171875,-0.30517578125,-1.85546875,-0.10986328125,-1.3427734375,0.09765625,0.03662109375,-0.146484375,0.35400390625,-0.08544921875,0.048828125,-0.06103515625,-0.0244140625,-0.1220703125,0.23193359375,-0.23193359375,-0.08544921875,-0.09765625,0.8056640625,0.03662109375,-0.48828125,-0.146484375,-0.54931640625
1,0.18310546875,-0.32958984375,-0.15869140625,-0.15869140625,-0.244140625,-0.42724609375,0.06103515625,-0.06103515625,-0.13427734375,-0.01220703125,0.146484375,-0.86669921875,0,1.11083984375,0.18310546875,-0.1220703125,-0.15869140625,-0.5859375,0.32958984375,-0.18310546875,-0.5859375,0.8544921875,0.13427734375,-0.5859375,-0.20751953125,0.32958984375,-0.25634765625,-0.13427734375,-0.3173828125,1.79443359375,-0.42724609375,1.01318359375,-0.10986328125,-0.35400390625,0.18310546875,-0.86669921875,-0.4638671875,-0.47607421875,-0.13427734375,-0.7080078125,-0.01220703125,-0.23193359375,-0.1220703125,-0.68359375,-0.13427734375,-0.4150390625,-0.29296875,0.5859375,-0.15869140625,1.18408203125,0.3662109375,0.439453125,-0.37841796875,-0.244140625,-0.62255859375,0.69580078125,-0.08544921875,2.47802734375,0.23193359375,2.2216796875,-0.09765625,1.86767578125,0.20751953125,2.24609375,0.09765625,0.37841796875,-0.01220703125,1.025390625,0.048828125,0.18310546875,-0.3173828125,0.23193359375,0.048828125,0.23193359375,-0.048828125,0.74462890625,0.09765625,-0.0244140625,-0.29296875,1.318359375,0.35400390625,-1.0009765625,0,-0.40283203125,0,-1.03759765625,-0.2197265625,-0.76904296875,0,-0.62255859375,-0.03662109375,0.72021484375,0.244140625,0.830078125,0.048828125,0.18310546875,-0.20751953125,-0.927734375,-0.1953125,-0.830078125,-0.0244140625,-0.81787109375,0.0244140625,-0.3662109375,-0.13427734375,-1.513671875,-0.32958984375,-2.001953125,-0.1220703125,-1.46484375,0.06103515625,-0.15869140625,-0.15869140625,0.35400390625,-0.0732421875,0.03662109375,-0.06103515625,-0.03662109375,-0.09765625,0.244140625,-0.25634765625,-0.048828125,-0.10986328125,0.79345703125,0,-0.50048828125,-0.1220703125,-0.54931640625
1,0.1953125,-0.3173828125,-0.146484375,-0.1708984375,-0.25634765625,-0.42724609375,0.048828125,-0.06103515625,-0.146484375,-0.0244140625,0.146484375,-0.87890625,0,1.123046875,0.1953125,-0.146484375,-0.06103515625,-0.5615234375,0.30517578125,-0.18310546875,-0.45166015625,0.8544921875,0.08544921875,-0.59814453125,-0.08544921875,0.4150390625,-0.25634765625,-0.03662109375,-0.341796875,1.96533203125,-0.37841796875,1.1474609375,-0.10986328125,-0.3662109375,0.1220703125,-0.86669921875,-0.390625,-0.439453125,-0.1953125,-0.72021484375,-0.01220703125,-0.2197265625,-0.0732421875,-0.68359375,-0.18310546875,-0.42724609375,-0.2197265625,0.5859375,-0.18310546875,1.18408203125,0.341796875,0.42724609375,-0.28076171875,-0.25634765625,-0.6591796875,0.68359375,-0.0244140625,3.01513671875,0.1708984375,3.0029296875,-0.1708984375,2.2705078125,0.09765625,2.8076171875,0.10986328125,0.37841796875,-0.1220703125,1.01318359375,0,0.1953125,-0.341796875,0.2197265625,-0.0244140625,0.244140625,-0.0244140625,0.7568359375,0.09765625,-0.0244140625,-0.29296875,1.30615234375,0.30517578125,-0.9765625,-0.01220703125,-0.390625,-0.06103515625,-1.03759765625,-0.23193359375,-0.76904296875,-0.03662109375,-0.537109375,-0.08544921875,0.7568359375,0.18310546875,0.87890625,0.146484375,0.2197265625,-0.1708984375,-0.927734375,-0.20751953125,-0.830078125,0.01220703125,-0.81787109375,0,-0.390625,-0.1220703125,-1.6845703125,-0.20751953125,-2.099609375,-0.0732421875,-1.52587890625,0.03662109375,-0.29296875,-0.20751953125,0.341796875,-0.09765625,0.0244140625,-0.0732421875,-0.03662109375,-0.10986328125,0.23193359375,-0.2685546875,-0.0244140625,-0.0732421875,0.78125,-0.01220703125,-0.52490234375,-0.13427734375,-0.537109375
1,0.2197265625,-0.32958984375,-0.10986328125,-0.1953125,-0.23193359375,-0.42724609375,0.03662109375,-0.0732421875,-0.146484375,-0.048828125,0.15869140625,-0.87890625,0.01220703125,1.123046875,0.2197265625,-0.15869140625,0.0732421875,-0.5615234375,0.2197265625,-0.1953125,-0.30517578125,0.86669921875,0.0244140625,-0.59814453125,-0.09765625,0.5126953125,-0.2685546875,0.03662109375,-0.32958984375,2.099609375,-0.3662109375,1.23291015625,-0.13427734375,-0.3662109375,0.048828125,-0.86669921875,-0.3662109375,-0.40283203125,-0.244140625,-0.7080078125,0.01220703125,-0.1953125,-0.03662109375,-0.68359375,-0.2197265625,-0.45166015625,-0.08544921875,0.5859375,-0.2197265625,1.18408203125,0.32958984375,0.45166015625,-0.23193359375,-0.244140625,-0.64697265625,0.69580078125,0.03662109375,3.69873046875,0.06103515625,3.96728515625,-0.23193359375,2.79541015625,0.06103515625,3.52783203125,0.09765625,0.37841796875,-0.15869140625,1.03759765625,-0.0244140625,0.20751953125,-0.32958984375,0.244140625,-0.0732421875,0.244140625,-0.0244140625,0.74462890625,0.0732421875,-0.0244140625,-0.244140625,1.318359375,0.20751953125,-0.9765625,-0.01220703125,-0.390625,-0.15869140625,-1.0498046875,-0.1953125,-0.76904296875,-0.06103515625,-0.5615234375,-0.09765625,0.732421875,0.15869140625,0.87890625,0.20751953125,0.1953125,-0.146484375,-0.927734375,-0.23193359375,-0.830078125,0.01220703125,-0.830078125,-0.06103515625,-0.3662109375,-0.13427734375,-1.7578125,-0.09765625,-2.1240234375,-0.03662109375,-1.5625,0,-0.341796875,-0.2197265625,0.341796875,-0.08544921875,0,-0.06103515625,0,-0.09765625,0.2197265625,-0.25634765625,-0.01220703125,-0.08544921875,0.76904296875,-0.048828125,-0.48828125,-0.10986328125,-0.537109375
1,0.20751953125,-0.30517578125,-0.10986328125,-0.2197265625,-0.23193359375,-0.42724609375,0.0244140625,-0.06103515625,-0.13427734375,-0.048828125,0.15869140625,-0.87890625,0.01220703125,1.123046875,0.25634765625,-0.1708984375,0.18310546875,-0.54931640625,0.13427734375,-0.18310546875,-0.18310546875,0.9033203125,-0.08544921875,-0.5859375,0.01220703125,0.537109375,-0.20751953125,0.048828125,-0.244140625,2.08740234375,-0.28076171875,1.2451171875,-0.13427734375,-0.3662109375,0,-0.8544921875,-0.3173828125,-0.42724609375,-0.28076171875,-0.732421875,0.08544921875,-0.1953125,-0.06103515625,-0.67138671875,-0.1953125,-0.4638671875,0.03662109375,0.59814453125,-0.23193359375,1.15966796875,0.25634765625,0.47607421875,-0.18310546875,-0.2197265625,-0.634765625,0.7080078125,0.0244140625,4.50439453125,0,5.09033203125,-0.30517578125,3.41796875,0.048828125,4.38232421875,0.06103515625,0.3662109375,-0.1953125,1.0498046875,-0.06103515625,0.20751953125,-0.28076171875,0.2197265625,-0.15869140625,0.244140625,0,0.7568359375,0.06103515625,-0.01220703125,-0.13427734375,1.2939453125,0.10986328125,-0.9521484375,0,-0.390625,-0.2197265625,-1.03759765625,-0.13427734375,-0.76904296875,-0.03662109375,-0.67138671875,-0.18310546875,0.62255859375,0.10986328125,0.830078125,0.2197265625,0.09765625,-0.18310546875,-0.927734375,-0.28076171875,-0.8544921875,0.01220703125,-0.81787109375,-0.09765625,-0.3662109375,-0.146484375,-1.7333984375,-0.0244140625,-2.08740234375,-0.03662109375,-1.5380859375,-0.048828125,-0.341796875,-0.20751953125,0.341796875,-0.08544921875,0.0244140625,-0.06103515625,-0.01220703125,-0.08544921875,0.2197265625,-0.2197265625,-0.01220703125,-0.0732421875,0.78125,-0.06103515625,-0.50048828125,-0.10986328125,-0.537109375
1,0.18310546875,-0.30517578125,-0.10986328125,-0.2685546875,-0.18310546875,-0.42724609375,0.0244140625,-0.08544921875,-0.1220703125,-0.048828125,0.13427734375,-0.86669921875,0,1.11083984375,0.25634765625,-0.1953125,0.29296875,-0.54931640625,0.0732421875,-0.18310546875,-0.10986328125,0.91552734375,-0.1708984375,-0.59814453125,0.048828125,0.5126953125,-0.244140625,0,-0.18310546875,2.01416015625,-0.244140625,1.171875,-0.1220703125,-0.390625,-0.0244140625,-0.86669921875,-0.2685546875,-0.4150390625,-0.23193359375,-0.732421875,0.1220703125,-0.18310546875,-0.1708984375,-0.6591796875,-0.146484375,-0.47607421875,0.06103515625,0.6103515625,-0.1953125,1.1474609375,0.2197265625,0.47607421875,-0.13427734375,-0.18310546875,-0.634765625,0.732421875,0,5.3955078125,0.06103515625,6.31103515625,-0.28076171875,4.1015625,0.01220703125,5.322265625,0.06103515625,0.32958984375,-0.244140625,1.0498046875,-0.09765625,0.20751953125,-0.244140625,0.23193359375,-0.2197265625,0.23193359375,0.01220703125,0.78125,0.048828125,-0.01220703125,-0.03662109375,1.2939453125,0.048828125,-0.93994140625,0.01220703125,-0.390625,-0.2685546875,-1.025390625,-0.08544921875,-0.78125,-0.0244140625,-0.830078125,-0.23193359375,0.5126953125,0.03662109375,0.74462890625,0.1708984375,-0.0244140625,-0.146484375,-0.91552734375,-0.32958984375,-0.86669921875,0,-0.84228515625,-0.1708984375,-0.37841796875,-0.13427734375,-1.62353515625,0.01220703125,-1.9775390625,-0.06103515625,-1.45263671875,-0.0732421875,-0.244140625,-0.23193359375,0.32958984375,-0.08544921875,0.0244140625,-0.0732421875,-0.0244140625,-0.06103515625,0.18310546875,-0.2197265625,0,-0.08544921875,0.78125,-0.08544921875,-0.48828125,-0.0732421875,-0.537109375
1,0.18310546875,-0.32958984375,-0.08544921875,-0.28076171875,-0.18310546875,-0.42724609375,0.0244140625,-0.06103515625,-0.09765625,-0.03662109375,0.146484375,-0.87890625,0.01220703125,1.11083984375,0.28076171875,-0.1953125,0.32958984375,-0.537109375,0.03662109375,-0.18310546875,-0.15869140625,0.927734375,-0.18310546875,-0.59814453125,0.13427734375,0.5126953125,-0.18310546875,-0.09765625,-0.09765625,1.904296875,-0.1953125,1.07421875,-0.13427734375,-0.40283203125,0.0244140625,-0.8544921875,-0.28076171875,-0.390625,-0.2197265625,-0.74462890625,0.1708984375,-0.15869140625,-0.25634765625,-0.634765625,-0.09765625,-0.47607421875,0.06103515625,0.6103515625,-0.1708984375,1.13525390625,0.1953125,0.47607421875,-0.146484375,-0.1953125,-0.59814453125,0.74462890625,-0.01220703125,6.31103515625,-0.01220703125,7.48291015625,-0.341796875,4.7607421875,-0.048828125,6.23779296875,0.048828125,0.3173828125,-0.25634765625,1.0498046875,-0.1220703125,0.18310546875,-0.23193359375,0.2197265625,-0.23193359375,0.244140625,0,0.78125,0.03662109375,-0.01220703125,0.06103515625,1.318359375,-0.0244140625,-0.93994140625,-0.01220703125,-0.40283203125,-0.244140625,-1.025390625,-0.0732421875,-0.78125,-0.09765625,-1.01318359375,-0.28076171875,0.40283203125,-0.0244140625,0.6103515625,0.1220703125,-0.1953125,-0.15869140625,-0.91552734375,-0.3662109375,-0.87890625,-0.03662109375,-0.84228515625,-0.23193359375,-0.35400390625,-0.09765625,-1.4404296875,0.0732421875,-1.84326171875,-0.08544921875,-1.35498046875,-0.08544921875,-0.10986328125,-0.244140625,0.32958984375,-0.09765625,0.03662109375,-0.06103515625,-0.03662109375,-0.0732421875,0.18310546875,-0.18310546875,0,-0.10986328125,0.8056640625,-0.08544921875,-0.48828125,-0.048828125,-0.5126953125
0,0.1953125,-0.32958984375,-0.09765625,-0.32958984375,-0.1953125,-0.42724609375,0,-0.06103515625,-0.06103515625,-0.06103515625,0.10986328125,-0.87890625,-0.0244140625,1.11083984375,0.2685546875,-0.15869140625,0.29296875,-0.54931640625,0.08544921875,-0.1708984375,-0.244140625,0.89111328125,-0.18310546875,-0.59814453125,0.20751953125,0.52490234375,-0.0732421875,-0.1708984375,0,1.77001953125,-0.1708984375,0.927734375,-0.10986328125,-0.390625,0.03662109375,-0.84228515625,-0.23193359375,-0.390625,-0.23193359375,-0.7568359375,0.1708984375,-0.13427734375,-0.32958984375,-0.62255859375,-0.03662109375,-0.4638671875,0,0.62255859375,-0.1220703125,1.123046875,0.146484375,0.47607421875,-0.15869140625,-0.1953125,-0.5859375,0.74462890625,-0.09765625,7.1533203125,-0.0732421875,8.544921875,-0.35400390625,5.35888671875,-0.13427734375,7.06787109375,-0.01220703125,0.28076171875,-0.2685546875,1.07421875,-0.1220703125,0.18310546875,-0.20751953125,0.2197265625,-0.28076171875,0.23193359375,0.048828125,0.79345703125,0.06103515625,-0.01220703125,0.13427734375,1.33056640625,-0.0244140625,-0.9521484375,0.0244140625,-0.40283203125,-0.1953125,-1.01318359375,-0.1220703125,-0.78125,-0.09765625,-1.1962890625,-0.25634765625,0.2685546875,-0.0732421875,0.48828125,0.1220703125,-0.341796875,-0.13427734375,-0.93994140625,-0.4150390625,-0.89111328125,-0.08544921875,-0.86669921875,-0.1953125,-0.35400390625,-0.01220703125,-1.20849609375,0.08544921875,-1.72119140625,-0.08544921875,-1.2451171875,-0.08544921875,0.03662109375,-0.25634765625,0.32958984375,-0.08544921875,0.03662109375,-0.06103515625,-0.01220703125,-0.048828125,0.18310546875,-0.146484375,-0.01220703125,-0.10986328125,0.78125,-0.0732421875,-0.47607421875,-0.03662109375,-0.52490234375
0,0.20751953125,-0.3173828125,-0.08544921875,-0.3662109375,-0.18310546875,-0.439453125,0,-0.048828125,-0.06103515625,-0.03662109375,0.1220703125,-0.87890625,-0.0244140625,1.11083984375,0.28076171875,-0.15869140625,0.18310546875,-0.57373046875,0.08544921875,-0.15869140625,-0.35400390625,0.89111328125,-0.13427734375,-0.6103515625,0.18310546875,0.68359375,0,-0.1953125,0.06103515625,1.69677734375,-0.146484375,0.86669921875,-0.09765625,-0.390625,0.10986328125,-0.830078125,-0.23193359375,-0.42724609375,-0.15869140625,-0.76904296875,0.1220703125,-0.15869140625,-0.341796875,-0.634765625,0.01220703125,-0.47607421875,-0.09765625,0.634765625,-0.1220703125,1.15966796875,0.1220703125,0.47607421875,-0.13427734375,-0.18310546875,-0.52490234375,0.732421875,-0.18310546875,7.84912109375,-0.09765625,9.38720703125,-0.4150390625,5.8349609375,-0.2197265625,7.75146484375,-0.01220703125,0.25634765625,-0.28076171875,1.0498046875,-0.09765625,0.18310546875,-0.23193359375,0.23193359375,-0.25634765625,0.244140625,0.09765625,0.78125,0.06103515625,-0.0244140625,0.15869140625,1.3427734375,-0.01220703125,-1.0009765625,0.01220703125,-0.390625,-0.09765625,-1.0009765625,-0.15869140625,-0.78125,-0.13427734375,-1.3427734375,-0.2685546875,0.18310546875,-0.10986328125,0.37841796875,0.0732421875,-0.45166015625,-0.10986328125,-0.9521484375,-0.42724609375,-0.86669921875,-0.1220703125,-0.87890625,-0.1953125,-0.3173828125,0.08544921875,-0.9765625,0.15869140625,-1.59912109375,-0.06103515625,-1.13525390625,-0.10986328125,0.20751953125,-0.28076171875,0.341796875,-0.08544921875,0.06103515625,-0.0732421875,-0.01220703125,-0.048828125,0.18310546875,-0.1220703125,-0.0244140625,-0.13427734375,0.76904296875,-0.048828125,-0.47607421875,-0.01220703125,-0.50048828125
0,0.1953125,-0.32958984375,-0.0732421875,-0.390625,-0.18310546875,-0.4150390625,0,-0.06103515625,-0.0732421875,-0.0244140625,0.13427734375,-0.87890625,-0.03662109375,1.123046875,0.29296875,-0.15869140625,0.01220703125,-0.57373046875,0.09765625,-0.1708984375,-0.52490234375,0.89111328125,-0.0732421875,-0.59814453125,0.2197265625,0.9521484375,0.10986328125,-0.146484375,0.10986328125,1.72119140625,-0.0732421875,0.9033203125,-0.09765625,-0.390625,0.146484375,-0.84228515625,-0.25634765625,-0.45166015625,-0.13427734375,-0.78125,0.0732421875,-0.18310546875,-0.3173828125,-0.634765625,0.01220703125,-0.4638671875,-0.13427734375,0.64697265625,-0.09765625,1.18408203125,0.08544921875,0.4638671875,-0.1220703125,-0.20751953125,-0.3662109375,0.72021484375,-0.28076171875,8.30078125,-0.10986328125,9.86328125,-0.439453125,6.11572265625,-0.341796875,8.14208984375,-0.06103515625,0.25634765625,-0.28076171875,1.06201171875,-0.03662109375,0.18310546875,-0.244140625,0.2197265625,-0.23193359375,0.244140625,0.13427734375,0.74462890625,0.06103515625,-0.0244140625,0.15869140625,1.3427734375,0,-0.98876953125,0.0732421875,-0.390625,0.01220703125,-1.01318359375,-0.1953125,-0.79345703125,-0.32958984375,-1.3916015625,-0.30517578125,0.13427734375,-0.15869140625,0.30517578125,0.0244140625,-0.537109375,-0.1220703125,-0.9765625,-0.390625,-0.89111328125,-0.15869140625,-0.8544921875,-0.15869140625,-0.32958984375,0.20751953125,-0.81787109375,0.13427734375,-1.50146484375,-0.06103515625,-1.0498046875,-0.09765625,0.341796875,-0.25634765625,0.341796875,-0.0732421875,0.08544921875,-0.08544921875,0.01220703125,-0.048828125,0.1953125,-0.10986328125,-0.048828125,-0.15869140625,0.7568359375,-0.03662109375,-0.47607421875,-0.01220703125,-0.52490234375
0,0.1708984375,-0.35400390625,-0.08544921875,-0.42724609375,-0.1708984375,-0.40283203125,-0.0244140625,-0.0732421875,-0.08544921875,-0.01220703125,0.13427734375,-0.86669921875,-0.03662109375,1.0986328125,0.2685546875,-0.146484375,-0.09765625,-0.5859375,0.048828125,-0.15869140625,-0.5859375,0.86669921875,-0.0244140625,-0.59814453125,0.20751953125,1.416015625,0.13427734375,0.03662109375,0.10986328125,1.94091796875,-0.01220703125,1.123046875,-0.03662109375,-0.3662109375,0.15869140625,-0.830078125,-0.25634765625,-0.50048828125,-0.06103515625,-0.79345703125,-0.03662109375,-0.2197265625,-0.244140625,-0.6591796875,-0.0244140625,-0.42724609375,-0.2197265625,0.6103515625,-0.08544921875,1.220703125,0.10986328125,0.45166015625,-0.13427734375,-0.23193359375,-0.2197265625,0.7080078125,-0.37841796875,8.43505859375,-0.1220703125,9.9365234375,-0.50048828125,6.14013671875,-0.439453125,8.21533203125,-0.08544921875,0.25634765625,-0.29296875,1.03759765625,0.048828125,0.1708984375,-0.30517578125,0.23193359375,-0.1953125,0.244140625,0.20751953125,0.78125,0.06103515625,-0.0244140625,0.13427734375,1.3427734375,0,-1.025390625,0.1220703125,-0.390625,0.03662109375,-1.025390625,-0.2197265625,-0.79345703125,-0.25634765625,-1.40380859375,-0.25634765625,0.10986328125,-0.146484375,0.2685546875,0.08544921875,-0.5615234375,-0.0732421875,-0.98876953125,-0.32958984375,-0.86669921875,-0.2197265625,-0.84228515625,-0.1220703125,-0.30517578125,0.2197265625,-0.74462890625,0.10986328125,-1.4404296875,-0.09765625,-1.025390625,-0.1220703125,0.40283203125,-0.28076171875,0.3662109375,-0.06103515625,0.0732421875,-0.08544921875,0,-0.0244140625,0.1953125,-0.1220703125,-0.10986328125,-0.13427734375,0.78125,0,-0.48828125,0,-0.52490234375
0,0.146484375,-0.341796875,-0.08544921875,-0.439453125,-0.146484375,-0.4150390625,-0.01220703125,-0.0732421875,-0.09765625,0,0.09765625,-0.87890625,-0.0244140625,1.123046875,0.23193359375,-0.15869140625,-0.13427734375,-0.6103515625,0.03662109375,-0.15869140625,-0.59814453125,0.86669921875,-0.0244140625,-0.62255859375,0.0732421875,2.08740234375,0.10986328125,0.37841796875,0.0732421875,2.35595703125,0.048828125,1.513671875,-0.0244140625,-0.3662109375,0.23193359375,-0.8544921875,-0.29296875,-0.5126953125,-0.01220703125,-0.78125,-0.1220703125,-0.244140625,-0.146484375,-0.6591796875,-0.0732421875,-0.42724609375,-0.244140625,0.59814453125,-0.0732421875,1.2451171875,0.1220703125,0.439453125,-0.1220703125,-0.25634765625,-0.06103515625,0.7080078125,-0.45166015625,8.23974609375,-0.146484375,9.5703125,-0.537109375,5.92041015625,-0.48828125,7.94677734375,-0.09765625,0.25634765625,-0.30517578125,1.03759765625,0.08544921875,0.1708984375,-0.3662109375,0.20751953125,-0.1953125,0.25634765625,0.244140625,0.732421875,0.09765625,-0.03662109375,0.09765625,1.33056640625,0.03662109375,-1.03759765625,0.146484375,-0.390625,0.06103515625,-1.01318359375,-0.20751953125,-0.8056640625,-0.2197265625,-1.3427734375,-0.23193359375,0.10986328125,-0.15869140625,0.25634765625,0.06103515625,-0.59814453125,-0.15869140625,-0.96435546875,-0.2197265625,-0.8544921875,-0.244140625,-0.8544921875,-0.06103515625,-0.32958984375,0.20751953125,-0.74462890625,0.10986328125,-1.46484375,-0.0732421875,-1.01318359375,-0.0732421875,0.439453125,-0.30517578125,0.3662109375,-0.06103515625,0.0732421875,-0.06103515625,0.0244140625,-0.03662109375,0.20751953125,-0.1220703125,-0.10986328125,-0.10986328125,0.76904296875,0,-0.47607421875,0,-0.54931640625
0,0.13427734375,-0.35400390625,-0.048828125,-0.42724609375,-0.15869140625,-0.4150390625,-0.0244140625,-0.08544921875,-0.10986328125,0,0.08544921875,-0.87890625,-0.01220703125,1.123046875,0.20751953125,-0.1708984375,-0.13427734375,-0.62255859375,0.01220703125,-0.1708984375,-0.54931640625,0.8544921875,-0.0732421875,-0.59814453125,-0.03662109375,2.96630859375,0,0.86669921875,-0.01220703125,2.96630859375,0.08544921875,2.05078125,0.03662109375,-0.37841796875,0.2685546875,-0.86669921875,-0.28076171875,-0.537109375,-0.0732421875,-0.8056640625,-0.1953125,-0.25634765625,-0.048828125,-0.68359375,-0.15869140625,-0.439453125,-0.244140625,0.57373046875,-0.06103515625,1.25732421875,0.18310546875,0.439453125,-0.09765625,-0.28076171875,0,0.72021484375,-0.48828125,7.666015625,-0.146484375,8.7646484375,-0.52490234375,5.43212890625,-0.439453125,7.31201171875,-0.08544921875,0.23193359375,-0.2685546875,1.025390625,0.0732421875,0.1708984375,-0.390625,0.2197265625,-0.18310546875,0.2685546875,0.25634765625,0.732421875,0.06103515625,-0.0244140625,0.06103515625,1.33056640625,0.0732421875,-1.025390625,0.1953125,-0.3662109375,0.01220703125,-1.01318359375,-0.1708984375,-0.78125,-0.25634765625,-1.2451171875,-0.244140625,0.13427734375,-0.15869140625,0.23193359375,0.09765625,-0.59814453125,-0.15869140625,-0.9765625,-0.146484375,-0.84228515625,-0.23193359375,-0.84228515625,0,-0.341796875,0.15869140625,-0.81787109375,0.048828125,-1.4892578125,-0.09765625,-1.06201171875,-0.06103515625,0.40283203125,-0.32958984375,0.37841796875,-0.03662109375,0.048828125,-0.0732421875,0.03662109375,-0.0244140625,0.20751953125,-0.146484375,-0.13427734375,-0.0732421875,0.8056640625,0.01220703125,-0.4638671875,0.0244140625,-0.54931640625
0,0.13427734375,-0.35400390625,-0.06103515625,-0.40283203125,-0.15869140625,-0.42724609375,-0.0244140625,-0.0732421875,-0.09765625,0,0.08544921875,-0.87890625,0,1.11083984375,0.1953125,-0.15869140625,-0.08544921875,-0.6103515625,0.01220703125,-0.1953125,-0.4150390625,0.8544921875,-0.15869140625,-0.6103515625,-0.01220703125,3.90625,-0.10986328125,1.45263671875,-0.08544921875,3.6865234375,0.08544921875,2.7099609375,0.13427734375,-0.390625,0.3173828125,-0.9033203125,-0.25634765625,-0.52490234375,-0.08544921875,-0.8056640625,-0.25634765625,-0.244140625,0.0732421875,-0.68359375,-0.28076171875,-0.439453125,-0.244140625,0.5859375,-0.08544921875,1.26953125,0.3173828125,0.439453125,-0.0732421875,-0.28076171875,0.06103515625,0.72021484375,-0.5126953125,6.8359375,-0.15869140625,7.6171875,-0.50048828125,4.77294921875,-0.390625,6.4208984375,-0.03662109375,0.25634765625,-0.18310546875,1.03759765625,0.10986328125,0.18310546875,-0.35400390625,0.2197265625,-0.1953125,0.2685546875,0.32958984375,0.732421875,0.0244140625,-0.03662109375,0.0244140625,1.30615234375,0.146484375,-1.01318359375,0.244140625,-0.37841796875,-0.03662109375,-1.0009765625,-0.1220703125,-0.76904296875,-0.13427734375,-1.13525390625,-0.2197265625,0.15869140625,-0.13427734375,0.20751953125,0.08544921875,-0.5859375,-0.18310546875,-0.96435546875,-0.09765625,-0.84228515625,-0.20751953125,-0.830078125,0.048828125,-0.35400390625,-0.06103515625,-0.9521484375,-0.10986328125,-1.55029296875,-0.1220703125,-1.123046875,-0.09765625,0.32958984375,-0.30517578125,0.37841796875,-0.03662109375,0.03662109375,-0.048828125,0.048828125,-0.06103515625,0.1953125,-0.18310546875,-0.13427734375,-0.0732421875,0.81787109375,0.01220703125,-0.47607421875,0.03662109375,-0.54931640625
0,0.1220703125,-0.35400390625,-0.048828125,-0.37841796875,-0.146484375,-0.40283203125,0,-0.0732421875,-0.0732421875,-0.01220703125,0.09765625,-0.87890625,0.01220703125,1.11083984375,0.18310546875,-0.15869140625,-0.0244140625,-0.59814453125,-0.0244140625,-0.18310546875,-0.25634765625,0.8544921875,-0.20751953125,-0.59814453125,0.01220703125,4.931640625,-0.1953125,2.0751953125,-0.1953125,4.47998046875,0.048828125,3.40576171875,0.1708984375,-0.40283203125,0.390625,-0.89111328125,-0.2197265625,-0.5126953125,-0.146484375,-0.78125,-0.244140625,-0.244140625,0.146484375,-0.68359375,-0.341796875,-0.439453125,-0.23193359375,0.5859375,-0.1708984375,1.23291015625,0.390625,0.45166015625,-0.0244140625,-0.25634765625,0.10986328125,0.72021484375,-0.50048828125,5.74951171875,-0.1220703125,6.21337890625,-0.47607421875,3.96728515625,-0.40283203125,5.2978515625,-0.01220703125,0.2685546875,-0.1220703125,1.025390625,0.10986328125,0.1708984375,-0.30517578125,0.20751953125,-0.1708984375,0.244140625,0.3662109375,0.732421875,0,-0.0244140625,-0.01220703125,1.318359375,0.20751953125,-1.0009765625,0.23193359375,-0.37841796875,-0.146484375,-1.0009765625,-0.048828125,-0.79345703125,-0.09765625,-1.0498046875,-0.20751953125,0.1953125,-0.08544921875,0.20751953125,0.0732421875,-0.6103515625,-0.1953125,-0.9765625,-0.03662109375,-0.830078125,-0.18310546875,-0.84228515625,0.06103515625,-0.3662109375,-0.08544921875,-1.07421875,-0.15869140625,-1.59912109375,-0.06103515625,-1.18408203125,-0.01220703125,0.2685546875,-0.28076171875,0.3662109375,-0.0244140625,0.01220703125,-0.06103515625,0.03662109375,-0.08544921875,0.1953125,-0.1953125,-0.10986328125,-0.06103515625,0.84228515625,0.01220703125,-0.47607421875,0.0244140625,-0.52490234375
0,0.08544921875,-0.37841796875,-0.048828125,-0.3662109375,-0.18310546875,-0.4150390625,-0.01220703125,-0.06103515625,-0.06103515625,-0.01220703125,0.08544921875,-0.87890625,0.01220703125,1.11083984375,0.1708984375,-0.15869140625,0.0244140625,-0.5859375,-0.01220703125,-0.1953125,-0.10986328125,0.87890625,-0.244140625,-0.6103515625,0.08544921875,5.908203125,-0.2197265625,2.69775390625,-0.25634765625,5.2734375,-0.06103515625,4.052734375,0.18310546875,-0.390625,0.4150390625,-0.89111328125,-0.1953125,-0.50048828125,-0.1953125,-0.78125,-0.15869140625,-0.244140625,0.146484375,-0.68359375,-0.37841796875,-0.439453125,-0.2197265625,0.59814453125,-0.2197265625,1.18408203125,0.50048828125,0.4638671875,0,-0.2197265625,0.1708984375,0.732421875,-0.4638671875,4.52880859375,-0.1220703125,4.69970703125,-0.47607421875,3.11279296875,-0.40283203125,4.06494140625,0,0.25634765625,-0.0244140625,1.0009765625,0.08544921875,0.15869140625,-0.30517578125,0.1953125,-0.10986328125,0.23193359375,0.40283203125,0.7568359375,-0.0732421875,-0.01220703125,-0.03662109375,1.30615234375,0.25634765625,-1.0009765625,0.20751953125,-0.35400390625,-0.20751953125,-1.025390625,0,-0.8056640625,-0.0732421875,-0.9765625,-0.20751953125,0.20751953125,-0.03662109375,0.1953125,0.06103515625,-0.5859375,-0.1220703125,-0.9521484375,-0.03662109375,-0.84228515625,-0.13427734375,-0.81787109375,0.06103515625,-0.40283203125,-0.08544921875,-1.15966796875,-0.20751953125,-1.6357421875,-0.0244140625,-1.20849609375,-0.0244140625,0.2197265625,-0.2685546875,0.3662109375,-0.03662109375,0,-0.0732421875,0.06103515625,-0.06103515625,0.1953125,-0.23193359375,-0.08544921875,-0.08544921875,0.830078125,0,-0.45166015625,0.0244140625,-0.52490234375
0,0.048828125,-0.37841796875,-0.03662109375,-0.32958984375,-0.13427734375,-0.40283203125,-0.0244140625,-0.0732421875,-0.048828125,-0.03662109375,0.0732421875,-0.87890625,0.0244140625,1.123046875,0.1708984375,-0.1708984375,0.06103515625,-0.59814453125,0,-0.1953125,0.03662109375,0.87890625,-0.23193359375,-0.6103515625,0.1220703125,6.73828125,-0.18310546875,3.21044921875,-0.25634765625,5.95703125,-0.10986328125,4.58984375,0.15869140625,-0.40283203125,0.3662109375,-0.87890625,-0.20751953125,-0.48828125,-0.18310546875,-0.76904296875,-0.03662109375,-0.2197265625,0.13427734375,-0.67138671875,-0.3662109375,-0.4638671875,-0.15869140625,0.6103515625,-0.244140625,1.171875,0.52490234375,0.47607421875,0.03662109375,-0.18310546875,0.2197265625,0.732421875,-0.439453125,3.2958984375,-0.10986328125,3.21044921875,-0.40283203125,2.24609375,-0.40283203125,2.8564453125,0.01220703125,0.244140625,0.0732421875,1.01318359375,0.0732421875,0.15869140625,-0.23193359375,0.1953125,-0.0244140625,0.23193359375,0.390625,0.76904296875,-0.146484375,-0.01220703125,-0.0244140625,1.30615234375,0.29296875,-0.9765625,0.1953125,-0.3662109375,-0.2685546875,-1.01318359375,0.048828125,-0.79345703125,-0.10986328125,-0.9521484375,-0.2685546875,0.20751953125,-0.0732421875,0.1953125,0,-0.5615234375,-0.09765625,-0.9521484375,-0.0244140625,-0.830078125,-0.1220703125,-0.81787109375,0.0244140625,-0.4150390625,-0.20751953125,-1.1962890625,-0.32958984375,-1.62353515625,-0.03662109375,-1.1962890625,-0.0732421875,0.2197265625,-0.28076171875,0.341796875,-0.03662109375,-0.01220703125,-0.0732421875,0.048828125,-0.06103515625,0.1953125,-0.23193359375,-0.048828125,-0.03662109375,0.830078125,-0.0244140625,-0.47607421875,0.03662109375,-0.52490234375
0,0.0732421875,-0.35400390625,-0.03662109375,-0.30517578125,-0.1220703125,-0.40283203125,-0.03662109375,-0.03662109375,-0.048828125,-0.01220703125,0.048828125,-0.86669921875,0.03662109375,1.11083984375,0.1708984375,-0.1708984375,0.10986328125,-0.57373046875,0.06103515625,-0.1953125,0.08544921875,0.89111328125,-0.15869140625,-0.59814453125,0.08544921875,7.38525390625,-0.13427734375,3.57666015625,-0.23193359375,6.45751953125,-0.15869140625,4.98046875,0.08544921875,-0.40283203125,0.28076171875,-0.89111328125,-0.29296875,-0.4638671875,-0.20751953125,-0.7568359375,0.10986328125,-0.20751953125,0.09765625,-0.64697265625,-0.3173828125,-0.4638671875,-0.15869140625,0.62255859375,-0.23193359375,1.1474609375,0.537109375,0.48828125,0.048828125,-0.15869140625,0.244140625,0.732421875,-0.4150390625,2.13623046875,-0.08544921875,1.8798828125,-0.32958984375,1.45263671875,-0.390625,1.72119140625,-0.01220703125,0.23193359375,0.15869140625,1.01318359375,0.0732421875,0.146484375,-0.1953125,0.18310546875,0.06103515625,0.23193359375,0.3662109375,0.78125,-0.20751953125,-0.01220703125,-0.0244140625,1.30615234375,0.28076171875,-0.9765625,0.13427734375,-0.37841796875,-0.25634765625,-1.025390625,0.06103515625,-0.8056640625,0.01220703125,-0.93994140625,-0.23193359375,0.2197265625,0.01220703125,0.20751953125,0.0732421875,-0.5126953125,-0.06103515625,-0.93994140625,0.01220703125,-0.86669921875,-0.13427734375,-0.830078125,0.01220703125,-0.390625,-0.1220703125,-1.11083984375,-0.29296875,-1.55029296875,0,-1.13525390625,-0.01220703125,0.32958984375,-0.23193359375,0.32958984375,-0.048828125,0.01220703125,-0.06103515625,0.03662109375,-0.03662109375,0.1708984375,-0.25634765625,-0.06103515625,-0.048828125,0.8056640625,-0.0244140625,-0.48828125,0.048828125,-0.5126953125
0,0.0244140625,-0.341796875,-0.03662109375,-0.32958984375,-0.10986328125,-0.40283203125,-0.0244140625,-0.06103515625,-0.01220703125,-0.01220703125,0.03662109375,-0.86669921875,0.048828125,1.13525390625,0.15869140625,-0.1953125,0.13427734375,-0.5859375,0.15869140625,-0.1708984375,0.0732421875,0.89111328125,-0.0244140625,-0.59814453125,0.048828125,7.75146484375,-0.1220703125,3.759765625,-0.146484375,6.72607421875,-0.1708984375,5.17578125,0.01220703125,-0.390625,0.18310546875,-0.89111328125,-0.341796875,-0.439453125,-0.20751953125,-0.74462890625,0.3173828125,-0.1953125,0.0732421875,-0.6591796875,-0.244140625,-0.4638671875,-0.1220703125,0.6103515625,-0.20751953125,1.123046875,0.52490234375,0.4638671875,0,-0.15869140625,0.29296875,0.72021484375,-0.40283203125,1.15966796875,-0.03662109375,0.78125,-0.244140625,0.84228515625,-0.341796875,0.7568359375,-0.0244140625,0.23193359375,0.2197265625,1.01318359375,0.0732421875,0.146484375,-0.146484375,0.20751953125,0.15869140625,0.23193359375,0.30517578125,0.81787109375,-0.2685546875,-0.01220703125,0,1.318359375,0.29296875,-0.96435546875,0.10986328125,-0.390625,-0.18310546875,-1.03759765625,0.03662109375,-0.79345703125,0.06103515625,-0.927734375,-0.28076171875,0.25634765625,0,0.2685546875,0.0244140625,-0.4150390625,0.0244140625,-0.93994140625,0.01220703125,-0.8544921875,-0.13427734375,-0.830078125,-0.048828125,-0.390625,-0.18310546875,-0.96435546875,-0.37841796875,-1.416015625,-0.048828125,-1.0009765625,-0.06103515625,0.4638671875,-0.25634765625,0.341796875,-0.03662109375,0.01220703125,-0.06103515625,0.01220703125,-0.03662109375,0.18310546875,-0.25634765625,-0.0244140625,-0.06103515625,0.79345703125,-0.0244140625,-0.50048828125,0.06103515625,-0.5126953125
0,0.0244140625,-0.341796875,-0.03662109375,-0.32958984375,-0.10986328125,-0.4150390625,-0.01220703125,-0.048828125,0,-0.0244140625,0.0244140625,-0.86669921875,0.06103515625,1.13525390625,0.146484375,-0.18310546875,0.15869140625,-0.5859375,0.30517578125,-0.15869140625,-0.01220703125,0.89111328125,0.13427734375,-0.6103515625,-0.01220703125,7.87353515625,-0.10986328125,3.74755859375,-0.08544921875,6.787109375,-0.1708984375,5.17578125,-0.0732421875,-0.390625,0.09765625,-0.87890625,-0.40283203125,-0.4638671875,-0.15869140625,-0.76904296875,0.45166015625,-0.20751953125,0.08544921875,-0.64697265625,-0.146484375,-0.4638671875,-0.1220703125,0.59814453125,-0.15869140625,1.13525390625,0.45166015625,0.439453125,-0.048828125,-0.15869140625,0.3173828125,0.72021484375,-0.3662109375,0.40283203125,0.0244140625,0.01220703125,-0.20751953125,0.35400390625,-0.29296875,0.0244140625,-0.01220703125,0.23193359375,0.2685546875,1.025390625,0.08544921875,0.18310546875,-0.10986328125,0.20751953125,0.2197265625,0.244140625,0.244140625,0.8056640625,-0.3173828125,-0.0244140625,0.03662109375,1.30615234375,0.244140625,-0.9765625,0.09765625,-0.40283203125,-0.06103515625,-1.06201171875,0,-0.81787109375,0.1220703125,-0.927734375,-0.3173828125,0.30517578125,-0.0732421875,0.35400390625,-0.0244140625,-0.30517578125,0.01220703125,-0.9521484375,0.048828125,-0.87890625,-0.10986328125,-0.8056640625,-0.10986328125,-0.390625,-0.1708984375,-0.732421875,-0.35400390625,-1.2451171875,-0.0244140625,-0.84228515625,-0.0732421875,0.68359375,-0.2685546875,0.32958984375,-0.06103515625,0.01220703125,-0.06103515625,0,-0.01220703125,0.20751953125,-0.23193359375,-0.03662109375,-0.048828125,0.78125,-0.0244140625,-0.48828125,0.08544921875,-0.52490234375
1,-0.0244140625,-0.3173828125,-0.048828125,-0.35400390625,-0.13427734375,-0.4150390625,-0.01220703125,-0.08544921875,0,-0.0244140625,0.0244140625,-0.87890625,0.03662109375,1.13525390625,0.13427734375,-0.20751953125,0.1220703125,-0.59814453125,0.4150390625,-0.146484375,-0.0732421875,0.87890625,0.23193359375,-0.59814453125,0.03662109375,7.7392578125,-0.048828125,3.61328125,-0.01220703125,6.65283203125,-0.18310546875,4.99267578125,-0.146484375,-0.390625,0.08544921875,-0.87890625,-0.40283203125,-0.47607421875,-0.06103515625,-0.76904296875,0.48828125,-0.18310546875,0.146484375,-0.64697265625,-0.09765625,-0.45166015625,-0.09765625,0.59814453125,-0.09765625,1.15966796875,0.40283203125,0.42724609375,-0.15869140625,-0.18310546875,0.341796875,0.7080078125,-0.3662109375,-0.10986328125,0.0732421875,-0.45166015625,-0.15869140625,0.01220703125,-0.20751953125,-0.48828125,0.0244140625,0.23193359375,0.29296875,1.03759765625,0.1220703125,0.18310546875,-0.13427734375,0.20751953125,0.25634765625,0.244140625,0.146484375,0.8056640625,-0.35400390625,-0.0244140625,0.048828125,1.33056640625,0.1953125,-0.98876953125,0.06103515625,-0.40283203125,0.048828125,-1.0498046875,-0.10986328125,-0.81787109375,0.18310546875,-0.89111328125,-0.341796875,0.390625,-0.09765625,0.45166015625,-0.01220703125,-0.18310546875,0.03662109375,-0.9521484375,0.06103515625,-0.89111328125,-0.10986328125,-0.830078125,-0.1708984375,-0.37841796875,-0.06103515625,-0.4638671875,-0.25634765625,-1.03759765625,0.01220703125,-0.6591796875,-0.0732421875,0.927734375,-0.25634765625,0.35400390625,-0.06103515625,0.0244140625,-0.08544921875,0,0.01220703125,0.23193359375,-0.2197265625,-0.048828125,-0.09765625,0.78125,0.01220703125,-0.52490234375,0.0732421875,-0.52490234375
1,-0.048828125,-0.28076171875,-0.048828125,-0.35400390625,-0.1708984375,-0.4150390625,-0.0244140625,-0.08544921875,-0.0244140625,-0.01220703125,0.0244140625,-0.89111328125,0.048828125,1.13525390625,0.146484375,-0.1953125,0.08544921875,-0.6103515625,0.439453125,-0.146484375,-0.18310546875,0.87890625,0.3662109375,-0.6103515625,0.08544921875,7.3974609375,0.03662109375,3.33251953125,0.048828125,6.35986328125,-0.13427734375,4.72412109375,-0.18310546875,-0.390625,0.0732421875,-0.86669921875,-0.40283203125,-0.48828125,-0.0244140625,-0.79345703125,0.42724609375,-0.2197265625,0.15869140625,-0.64697265625,-0.048828125,-0.439453125,-0.0732421875,0.5859375,0,1.1962890625,0.30517578125,0.439453125,-0.2197265625,-0.2197265625,0.2685546875,0.72021484375,-0.341796875,-0.390625,0.146484375,-0.64697265625,-0.1708984375,-0.1708984375,-0.1220703125,-0.79345703125,0.06103515625,0.23193359375,0.32958984375,1.025390625,0.146484375,0.18310546875,-0.18310546875,0.20751953125,0.244140625,0.244140625,0.08544921875,0.830078125,-0.35400390625,-0.0244140625,0.03662109375,1.33056640625,0.1220703125,-0.98876953125,0.03662109375,-0.4150390625,0.13427734375,-1.06201171875,-0.18310546875,-0.81787109375,0.09765625,-0.89111328125,-0.3662109375,0.439453125,-0.13427734375,0.52490234375,-0.01220703125,-0.03662109375,-0.0244140625,-0.93994140625,0.08544921875,-0.87890625,-0.06103515625,-0.81787109375,-0.25634765625,-0.35400390625,-0.13427734375,-0.20751953125,-0.2685546875,-0.830078125,-0.048828125,-0.48828125,-0.18310546875,1.171875,-0.2685546875,0.37841796875,-0.03662109375,0.0244140625,-0.048828125,-0.03662109375,0.0244140625,0.23193359375,-0.20751953125,-0.048828125,-0.06103515625,0.76904296875,0.01220703125,-0.52490234375,0.09765625,-0.537109375
1,-0.09765625,-0.29296875,-0.03662109375,-0.37841796875,-0.1708984375,-0.439453125,-0.0244140625,-0.08544921875,-0.01220703125,0.01220703125,0.03662109375,-0.87890625,0.06103515625,1.123046875,0.13427734375,-0.1708984375,0.03662109375,-0.59814453125,0.390625,-0.15869140625,-0.23193359375,0.8544921875,0.390625,-0.62255859375,0.0244140625,6.93359375,0.06103515625,3.02734375,0.048828125,5.9814453125,-0.09765625,4.40673828125,-0.23193359375,-0.40283203125,0.1220703125,-0.86669921875,-0.37841796875,-0.5126953125,0.03662109375,-0.78125,0.29296875,-0.25634765625,0.146484375,-0.68359375,-0.048828125,-0.439453125,-0.01220703125,0.5859375,0.09765625,1.220703125,0.244140625,0.4150390625,-0.25634765625,-0.25634765625,0.18310546875,0.72021484375,-0.341796875,-0.47607421875,0.2197265625,-0.634765625,-0.1220703125,-0.244140625,-0.03662109375,-0.91552734375,0.10986328125,0.23193359375,0.28076171875,1.0498046875,0.20751953125,0.1953125,-0.20751953125,0.20751953125,0.2197265625,0.23193359375,0.048828125,0.830078125,-0.341796875,-0.0244140625,0.01220703125,1.33056640625,0.03662109375,-0.98876953125,0.048828125,-0.40283203125,0.146484375,-1.025390625,-0.23193359375,-0.8056640625,0.0244140625,-0.8544921875,-0.3662109375,0.48828125,-0.146484375,0.62255859375,0,0.06103515625,-0.1220703125,-0.96435546875,0.1220703125,-0.86669921875,-0.06103515625,-0.830078125,-0.3173828125,-0.35400390625,-0.18310546875,0.03662109375,-0.23193359375,-0.6591796875,-0.10986328125,-0.30517578125,-0.23193359375,1.40380859375,-0.28076171875,0.4150390625,-0.03662109375,0.01220703125,-0.0732421875,-0.048828125,0.03662109375,0.23193359375,-0.20751953125,-0.048828125,-0.06103515625,0.79345703125,0.0244140625,-0.52490234375,0.08544921875,-0.537109375
1,-0.1220703125,-0.30517578125,-0.03662109375,-0.40283203125,-0.18310546875,-0.439453125,-0.03662109375,-0.09765625,0,0,-0.01220703125,-0.8544921875,0.048828125,1.123046875,0.10986328125,-0.1708984375,0.03662109375,-0.6103515625,0.2685546875,-0.146484375,-0.244140625,0.8544921875,0.3173828125,-0.6103515625,0.06103515625,6.4453125,0.0732421875,2.734375,0.0732421875,5.5908203125,-0.01220703125,4.11376953125,-0.20751953125,-0.40283203125,0.1220703125,-0.87890625,-0.32958984375,-0.537109375,0.0732421875,-0.76904296875,0.1220703125,-0.2685546875,0.08544921875,-0.67138671875,-0.0732421875,-0.42724609375,0,0.5859375,0.146484375,1.2451171875,0.1953125,0.42724609375,-0.3173828125,-0.2685546875,0.08544921875,0.732421875,-0.439453125,-0.45166015625,0.146484375,-0.48828125,-0.18310546875,-0.23193359375,-0.03662109375,-0.89111328125,0.15869140625,0.244140625,0.20751953125,1.03759765625,0.23193359375,0.20751953125,-0.25634765625,0.20751953125,0.18310546875,0.25634765625,0.0244140625,0.830078125,-0.341796875,-0.048828125,-0.01220703125,1.33056640625,-0.0244140625,-0.98876953125,0.06103515625,-0.390625,0.15869140625,-1.0009765625,-0.20751953125,-0.8056640625,0.01220703125,-0.830078125,-0.3662109375,0.5126953125,-0.0732421875,0.62255859375,0.03662109375,0.0732421875,-0.1708984375,-0.96435546875,0.146484375,-0.8544921875,-0.0732421875,-0.830078125,-0.32958984375,-0.341796875,-0.1953125,0.18310546875,-0.13427734375,-0.50048828125,-0.146484375,-0.1953125,-0.2685546875,1.57470703125,-0.28076171875,0.4150390625,-0.03662109375,-0.01220703125,-0.0732421875,-0.06103515625,0.0244140625,0.2197265625,-0.1708984375,-0.0732421875,-0.06103515625,0.79345703125,0.0244140625,-0.50048828125,0.09765625,-0.54931640625
1,-0.146484375,-0.30517578125,-0.03662109375,-0.390625,-0.1708984375,-0.439453125,-0.0244140625,-0.08544921875,0.0244140625,0.01220703125,-0.01220703125,-0.8544921875,0.03662109375,1.123046875,0.06103515625,-0.15869140625,0.03662109375,-0.6103515625,0.13427734375,-0.1708984375,-0.25634765625,0.87890625,0.18310546875,-0.62255859375,0.0732421875,5.94482421875,0.0244140625,2.4658203125,0.10986328125,5.2490234375,0.0732421875,3.8330078125,-0.20751953125,-0.42724609375,0.08544921875,-0.9033203125,-0.23193359375,-0.54931640625,0.06103515625,-0.76904296875,0.0244140625,-0.28076171875,0.01220703125,-0.69580078125,-0.1220703125,-0.42724609375,0.01220703125,0.5859375,0.13427734375,1.2451171875,0.1708984375,0.439453125,-0.32958984375,-0.2685546875,-0.01220703125,0.732421875,-0.4150390625,-0.341796875,0.1708984375,-0.30517578125,-0.146484375,-0.15869140625,0.08544921875,-0.81787109375,0.2197265625,0.25634765625,0.146484375,1.03759765625,0.25634765625,0.20751953125,-0.28076171875,0.20751953125,0.1220703125,0.25634765625,-0.03662109375,0.84228515625,-0.30517578125,-0.06103515625,-0.0732421875,1.318359375,-0.0732421875,-0.98876953125,0.08544921875,-0.390625,0.10986328125,-0.98876953125,-0.09765625,-0.78125,0,-0.8544921875,-0.35400390625,0.47607421875,-0.06103515625,0.5859375,0.0244140625,0.01220703125,-0.244140625,-0.96435546875,0.146484375,-0.8544921875,-0.08544921875,-0.84228515625,-0.3173828125,-0.35400390625,-0.18310546875,0.23193359375,-0.0732421875,-0.4150390625,-0.20751953125,-0.15869140625,-0.2685546875,1.64794921875,-0.29296875,0.37841796875,-0.03662109375,-0.0244140625,-0.0732421875,-0.06103515625,0.06103515625,0.2197265625,-0.15869140625,-0.0732421875,-0.06103515625,0.8056640625,0.0244140625,-0.50048828125,0.10986328125,-0.54931640625
1,-0.15869140625,-0.32958984375,-0.01220703125,-0.390625,-0.15869140625,-0.42724609375,-0.03662109375,-0.08544921875,0.0244140625,0,-0.06103515625,-0.86669921875,0.0244140625,1.11083984375,0.03662109375,-0.1708984375,0.0732421875,-0.59814453125,0.048828125,-0.1708984375,-0.23193359375,0.86669921875,-0.03662109375,-0.6103515625,0.09765625,5.5419921875,-0.03662109375,2.28271484375,0.10986328125,4.99267578125,0.15869140625,3.662109375,-0.15869140625,-0.42724609375,0.0732421875,-0.89111328125,-0.146484375,-0.54931640625,0.10986328125,-0.76904296875,-0.0244140625,-0.2685546875,0.01220703125,-0.69580078125,-0.146484375,-0.42724609375,-0.06103515625,0.5859375,0.0732421875,1.23291015625,0.13427734375,0.4638671875,-0.3662109375,-0.2685546875,-0.146484375,0.7080078125,-0.3662109375,-0.23193359375,0.23193359375,-0.13427734375,-0.0244140625,-0.09765625,0.1953125,-0.72021484375,0.23193359375,0.25634765625,0.08544921875,1.03759765625,0.23193359375,0.2197265625,-0.32958984375,0.2197265625,0.0244140625,0.244140625,-0.01220703125,0.81787109375,-0.25634765625,-0.0732421875,-0.09765625,1.30615234375,-0.09765625,-0.9765625,0.08544921875,-0.390625,0.0732421875,-0.96435546875,-0.01220703125,-0.78125,0.08544921875,-0.84228515625,-0.30517578125,0.390625,-0.01220703125,0.5126953125,0.06103515625,-0.1220703125,-0.25634765625,-0.96435546875,0.10986328125,-0.84228515625,-0.10986328125,-0.84228515625,-0.2685546875,-0.3662109375,-0.1708984375,0.20751953125,-0.01220703125,-0.390625,-0.244140625,-0.146484375,-0.23193359375,1.64794921875,-0.30517578125,0.37841796875,-0.048828125,-0.0244140625,-0.06103515625,-0.048828125,0.06103515625,0.18310546875,-0.15869140625,-0.08544921875,-0.048828125,0.79345703125,-0.01220703125,-0.50048828125,0.146484375,-0.57373046875
1,-0.18310546875,-0.35400390625,-0.03662109375,-0.37841796875,-0.1953125,-0.4150390625,-0.06103515625,-0.08544921875,0.03662109375,-0.01220703125,-0.048828125,-0.87890625,0.01220703125,1.08642578125,0.0244140625,-0.18310546875,0.06103515625,-0.5859375,-0.06103515625,-0.1708984375,-0.244140625,0.86669921875,-0.2197265625,-0.62255859375,0.13427734375,5.2490234375,-0.0732421875,2.1728515625,0.10986328125,4.82177734375,0.18310546875,3.5400390625,-0.1220703125,-0.439453125,0.08544921875,-0.89111328125,-0.0732421875,-0.5126953125,0.08544921875,-0.76904296875,-0.0244140625,-0.244140625,-0.048828125,-0.67138671875,-0.2197265625,-0.42724609375,-0.1220703125,0.59814453125,0.01220703125,1.18408203125,0.1220703125,0.47607421875,-0.4150390625,-0.25634765625,-0.25634765625,0.74462890625,-0.3173828125,-0.1220703125,0.244140625,-0.0244140625,-0.0732421875,-0.0244140625,0.25634765625,-0.59814453125,0.23193359375,0.25634765625,0.0244140625,1.03759765625,0.15869140625,0.20751953125,-0.35400390625,0.1953125,-0.0244140625,0.28076171875,-0.01220703125,0.830078125,-0.23193359375,-0.048828125,-0.1220703125,1.30615234375,-0.048828125,-0.98876953125,0.10986328125,-0.390625,0.06103515625,-0.96435546875,0.09765625,-0.76904296875,0.146484375,-0.8544921875,-0.23193359375,0.30517578125,0.09765625,0.4150390625,0.09765625,-0.28076171875,-0.23193359375,-0.9521484375,0.08544921875,-0.830078125,-0.10986328125,-0.8544921875,-0.20751953125,-0.341796875,-0.10986328125,0.10986328125,-0.03662109375,-0.439453125,-0.244140625,-0.23193359375,-0.1708984375,1.57470703125,-0.3173828125,0.35400390625,-0.048828125,-0.048828125,-0.06103515625,-0.048828125,0.06103515625,0.1708984375,-0.15869140625,-0.0732421875,-0.048828125,0.79345703125,-0.03662109375,-0.50048828125,0.15869140625,-0.54931640625
1,-0.244140625,-0.37841796875,-0.03662109375,-0.35400390625,-0.2197265625,-0.390625,-0.06103515625,-0.08544921875,0.048828125,-0.01220703125,-0.09765625,-0.87890625,0.01220703125,1.08642578125,0.0244140625,-0.1708984375,0.01220703125,-0.59814453125,-0.08544921875,-0.1953125,-0.28076171875,0.86669921875,-0.32958984375,-0.62255859375,0.1220703125,5.078125,-0.048828125,2.16064453125,0.1220703125,4.74853515625,0.2197265625,3.515625,-0.10986328125,-0.42724609375,0.1708984375,-0.9033203125,-0.048828125,-0.5126953125,0.0244140625,-0.76904296875,0.03662109375,-0.2197265625,-0.1220703125,-0.67138671875,-0.2197265625,-0.40283203125,-0.15869140625,0.6103515625,-0.08544921875,1.13525390625,0.09765625,0.48828125,-0.45166015625,-0.25634765625,-0.3662109375,0.732421875,-0.244140625,-0.03662109375,0.25634765625,0.0244140625,-0.0732421875,0.06103515625,0.244140625,-0.52490234375,0.23193359375,0.23193359375,-0.01220703125,1.0498046875,0.08544921875,0.2197265625,-0.37841796875,0.20751953125,-0.10986328125,0.2685546875,-0.01220703125,0.79345703125,-0.20751953125,-0.048828125,-0.1220703125,1.2939453125,-0.01220703125,-0.9765625,0.1220703125,-0.40283203125,0.03662109375,-0.9765625,0.18310546875,-0.76904296875,0.20751953125,-0.830078125,-0.1220703125,0.20751953125,0.18310546875,0.32958984375,0.1220703125,-0.4150390625,-0.25634765625,-0.9765625,0.06103515625,-0.81787109375,-0.09765625,-0.86669921875,-0.15869140625,-0.3662109375,-0.0732421875,-0.06103515625,-0.08544921875,-0.50048828125,-0.2197265625,-0.32958984375,-0.146484375,1.45263671875,-0.30517578125,0.341796875,-0.03662109375,-0.0244140625,-0.06103515625,-0.0244140625,0.08544921875,0.1708984375,-0.13427734375,-0.06103515625,-0.048828125,0.8056640625,-0.06103515625,-0.50048828125,0.1708984375,-0.54931640625
1,-0.2685546875,-0.390625,-0.0244140625,-0.341796875,-0.1953125,-0.35400390625,-0.0732421875,-0.048828125,0.06103515625,-0.01220703125,-0.10986328125,-0.89111328125,0,1.07421875,0.0244140625,-0.146484375,-0.09765625,-0.5859375,-0.08544921875,-0.20751953125,-0.3173828125,0.86669921875,-0.3662109375,-0.62255859375,-0.01220703125,5.029296875,0,2.197265625,0.08544921875,4.77294921875,0.1953125,3.5400390625,-0.048828125,-0.42724609375,0.23193359375,-0.89111328125,-0.048828125,-0.47607421875,0.06103515625,-0.76904296875,0.10986328125,-0.2197265625,-0.15869140625,-0.634765625,-0.23193359375,-0.42724609375,-0.2197265625,0.6103515625,-0.1708984375,1.13525390625,0.146484375,0.48828125,-0.45166015625,-0.2197265625,-0.37841796875,0.732421875,-0.1708984375,-0.0244140625,0.23193359375,0.01220703125,-0.08544921875,0.1220703125,0.2197265625,-0.48828125,0.18310546875,0.20751953125,-0.0732421875,1.01318359375,0.03662109375,0.1953125,-0.390625,0.1953125,-0.15869140625,0.2685546875,-0.01220703125,0.81787109375,-0.1953125,-0.048828125,-0.10986328125,1.2939453125,0.0732421875,-0.9765625,0.1220703125,-0.40283203125,0.048828125,-0.9765625,0.1953125,-0.76904296875,0.2197265625,-0.68359375,-0.0732421875,0.2197265625,0.23193359375,0.3173828125,0.09765625,-0.45166015625,-0.23193359375,-0.98876953125,0.0244140625,-0.830078125,-0.09765625,-0.8544921875,-0.10986328125,-0.3662109375,-0.01220703125,-0.1953125,-0.15869140625,-0.59814453125,-0.1953125,-0.47607421875,-0.13427734375,1.30615234375,-0.29296875,0.341796875,-0.03662109375,-0.01220703125,-0.06103515625,-0.01220703125,0.09765625,0.15869140625,-0.13427734375,-0.0732421875,-0.048828125,0.78125,-0.048828125,-0.48828125,0.146484375,-0.54931640625
1,-0.3173828125,-0.40283203125,-0.0244140625,-0.32958984375,-0.1708984375,-0.35400390625,-0.09765625,-0.048828125,0.08544921875,-0.0244140625,-0.13427734375,-0.89111328125,0.01220703125,1.0986328125,-0.01220703125,-0.13427734375,-0.18310546875,-0.57373046875,-0.0244140625,-0.1953125,-0.4150390625,0.86669921875,-0.30517578125,-0.6103515625,-0.13427734375,5.09033203125,0.01220703125,2.25830078125,0.03662109375,4.8095703125,0.10986328125,3.5888671875,-0.03662109375,-0.42724609375,0.3173828125,-0.89111328125,-0.09765625,-0.45166015625,0.06103515625,-0.7568359375,0.1708984375,-0.18310546875,-0.146484375,-0.62255859375,-0.20751953125,-0.42724609375,-0.28076171875,0.62255859375,-0.20751953125,1.08642578125,0.146484375,0.4638671875,-0.45166015625,-0.20751953125,-0.35400390625,0.69580078125,-0.10986328125,-0.03662109375,0.2197265625,-0.06103515625,-0.15869140625,0.15869140625,0.20751953125,-0.4638671875,0.15869140625,0.1708984375,-0.146484375,1.01318359375,-0.0244140625,0.20751953125,-0.40283203125,0.1953125,-0.23193359375,0.25634765625,-0.01220703125,0.830078125,-0.1953125,-0.048828125,-0.0732421875,1.318359375,0.146484375,-0.98876953125,0.10986328125,-0.40283203125,0.048828125,-0.9765625,0.15869140625,-0.76904296875,0.25634765625,-0.37841796875,0.01220703125,0.30517578125,0.3173828125,0.40283203125,0.13427734375,-0.35400390625,-0.244140625,-0.96435546875,0.03662109375,-0.84228515625,-0.1220703125,-0.84228515625,-0.06103515625,-0.35400390625,0.06103515625,-0.35400390625,-0.1953125,-0.7080078125,-0.2197265625,-0.5615234375,-0.10986328125,1.171875,-0.2685546875,0.32958984375,-0.048828125,-0.01220703125,-0.08544921875,0,0.1220703125,0.1708984375,-0.13427734375,-0.06103515625,-0.03662109375,0.78125,-0.048828125,-0.50048828125,0.09765625,-0.537109375
1,-0.3173828125,-0.390625,-0.0244140625,-0.3173828125,-0.13427734375,-0.37841796875,-0.09765625,-0.03662109375,0.08544921875,-0.03662109375,-0.1220703125,-0.86669921875,0.01220703125,1.0986328125,-0.03662109375,-0.13427734375,-0.2685546875,-0.5859375,0.048828125,-0.1708984375,-0.4638671875,0.86669921875,-0.20751953125,-0.6103515625,-0.28076171875,5.16357421875,0,2.28271484375,-0.03662109375,4.87060546875,0,3.61328125,0,-0.42724609375,0.37841796875,-0.87890625,-0.18310546875,-0.439453125,0.1220703125,-0.76904296875,0.1953125,-0.1953125,-0.0244140625,-0.62255859375,-0.1708984375,-0.45166015625,-0.3173828125,0.64697265625,-0.2197265625,1.06201171875,0.10986328125,0.45166015625,-0.40283203125,-0.1953125,-0.3662109375,0.68359375,-0.03662109375,-0.048828125,0.20751953125,-0.09765625,-0.1708984375,0.1953125,0.28076171875,-0.45166015625,0.146484375,0.146484375,-0.18310546875,1.01318359375,-0.0732421875,0.20751953125,-0.37841796875,0.1953125,-0.30517578125,0.2685546875,0.01220703125,0.830078125,-0.20751953125,-0.03662109375,-0.0244140625,1.33056640625,0.18310546875,-0.9765625,0.08544921875,-0.4150390625,0.048828125,-1.0009765625,0.048828125,-0.76904296875,0.2197265625,0.10986328125,0.0732421875,0.5615234375,0.3173828125,0.67138671875,0.15869140625,-0.048828125,-0.28076171875,-0.9521484375,0.048828125,-0.84228515625,-0.146484375,-0.84228515625,-0.048828125,-0.35400390625,0.13427734375,-0.4638671875,-0.2685546875,-0.78125,-0.20751953125,-0.6591796875,-0.09765625,1.0498046875,-0.29296875,0.35400390625,-0.06103515625,0,-0.06103515625,0.0244140625,0.13427734375,0.18310546875,-0.1220703125,-0.0732421875,-0.06103515625,0.78125,-0.048828125,-0.48828125,0.06103515625,-0.5615234375
1,-0.3173828125,-0.37841796875,0.01220703125,-0.32958984375,-0.08544921875,-0.37841796875,-0.0732421875,-0.06103515625,0.06103515625,-0.048828125,-0.146484375,-0.8544921875,0,1.08642578125,-0.048828125,-0.1220703125,-0.2685546875,-0.5859375,0.1220703125,-0.15869140625,-0.50048828125,0.89111328125,-0.09765625,-0.6103515625,-0.4150390625,5.2001953125,-0.0244140625,2.3193359375,-0.13427734375,4.87060546875,-0.0732421875,3.57666015625,0.048828125,-0.40283203125,0.390625,-0.89111328125,-0.23193359375,-0.439453125,0.10986328125,-0.76904296875,0.1953125,-0.1953125,0.06103515625,-0.6103515625,-0.1708984375,-0.45166015625,-0.3173828125,0.64697265625,-0.25634765625,1.08642578125,0.146484375,0.45166015625,-0.35400390625,-0.1953125,-0.29296875,0.68359375,-0.03662109375,-0.048828125,0.1953125,-0.13427734375,-0.28076171875,0.25634765625,0.28076171875,-0.42724609375,0.09765625,0.09765625,-0.244140625,1.01318359375,-0.1220703125,0.1953125,-0.30517578125,0.1953125,-0.40283203125,0.25634765625,0.03662109375,0.830078125,-0.18310546875,-0.03662109375,0.06103515625,1.30615234375,0.2197265625,-0.96435546875,0.06103515625,-0.40283203125,0.0732421875,-1.01318359375,-0.048828125,-0.79345703125,0.15869140625,0.830078125,0.08544921875,0.93994140625,0.3173828125,1.0986328125,0.1953125,0.390625,-0.28076171875,-0.98876953125,0.0732421875,-0.84228515625,-0.1953125,-0.830078125,-0.01220703125,-0.341796875,0.048828125,-0.52490234375,-0.30517578125,-0.84228515625,-0.2197265625,-0.7080078125,-0.10986328125,0.98876953125,-0.25634765625,0.390625,-0.06103515625,0.03662109375,-0.08544921875,0.03662109375,0.10986328125,0.20751953125,-0.1220703125,-0.0732421875,-0.06103515625,0.8056640625,-0.06103515625,-0.47607421875,0.01220703125,-0.5615234375
1,-0.32958984375,-0.3662109375,-0.01220703125,-0.32958984375,-0.0732421875,-0.4150390625,-0.0732421875,-0.0732421875,0.0732421875,-0.03662109375,-0.15869140625,-0.87890625,0.01220703125,1.11083984375,-0.06103515625,-0.15869140625,-0.23193359375,-0.5859375,0.2197265625,-0.146484375,-0.50048828125,0.87890625,0.01220703125,-0.62255859375,-0.48828125,5.11474609375,-0.10986328125,2.2216796875,-0.20751953125,4.78515625,-0.15869140625,3.4912109375,0.06103515625,-0.37841796875,0.390625,-0.8544921875,-0.25634765625,-0.439453125,0.08544921875,-0.78125,0.1953125,-0.1708984375,0.15869140625,-0.64697265625,-0.1953125,-0.45166015625,-0.28076171875,0.67138671875,-0.28076171875,1.13525390625,0.1220703125,0.42724609375,-0.25634765625,-0.20751953125,-0.3173828125,0.67138671875,-0.01220703125,-0.03662109375,0.18310546875,-0.15869140625,-0.3662109375,0.25634765625,0.30517578125,-0.390625,0.10986328125,0.10986328125,-0.25634765625,1.03759765625,-0.146484375,0.1953125,-0.29296875,0.1953125,-0.45166015625,0.23193359375,0.0244140625,0.81787109375,-0.18310546875,-0.03662109375,0.10986328125,1.2939453125,0.1953125,-0.96435546875,0.0244140625,-0.40283203125,0.06103515625,-1.025390625,-0.13427734375,-0.79345703125,0.2197265625,1.72119140625,0.0732421875,1.45263671875,0.29296875,1.66015625,0.20751953125,1.06201171875,-0.29296875,-0.96435546875,0.0732421875,-0.81787109375,-0.244140625,-0.830078125,-0.048828125,-0.341796875,0.0244140625,-0.52490234375,-0.23193359375,-0.86669921875,-0.13427734375,-0.74462890625,-0.0732421875,0.9765625,-0.244140625,0.390625,-0.0732421875,0.048828125,-0.06103515625,0.03662109375,0.1220703125,0.2197265625,-0.10986328125,-0.06103515625,-0.06103515625,0.81787109375,-0.06103515625,-0.47607421875,-0.0244140625,-0.537109375
1,-0.35400390625,-0.341796875,0.01220703125,-0.3662109375,-0.09765625,-0.4150390625,-0.0732421875,-0.09765625,0.06103515625,-0.03662109375,-0.146484375,-0.86669921875,0.0244140625,1.11083984375,-0.0732421875,-0.15869140625,-0.13427734375,-0.5859375,0.2685546875,-0.146484375,-0.40283203125,0.89111328125,0.08544921875,-0.634765625,-0.4150390625,4.8828125,-0.15869140625,2.0751953125,-0.2685546875,4.58984375,-0.1953125,3.271484375,0.03662109375,-0.341796875,0.341796875,-0.84228515625,-0.244140625,-0.4638671875,0.08544921875,-0.76904296875,0.1708984375,-0.1953125,0.2685546875,-0.64697265625,-0.20751953125,-0.42724609375,-0.20751953125,0.6591796875,-0.29296875,1.15966796875,0.1220703125,0.40283203125,-0.13427734375,-0.1953125,-0.29296875,0.68359375,0.03662109375,0,0.09765625,-0.1220703125,-0.390625,0.28076171875,0.32958984375,-0.341796875,0.08544921875,0.13427734375,-0.2685546875,1.025390625,-0.146484375,0.1708984375,-0.244140625,0.18310546875,-0.50048828125,0.244140625,0.048828125,0.8056640625,-0.1220703125,-0.0244140625,0.18310546875,1.318359375,0.15869140625,-0.9521484375,0.01220703125,-0.40283203125,0.01220703125,-1.03759765625,-0.18310546875,-0.79345703125,0.2197265625,2.79541015625,0.03662109375,2.05078125,0.2197265625,2.33154296875,0.23193359375,1.85546875,-0.20751953125,-0.9765625,0.09765625,-0.8056640625,-0.2685546875,-0.830078125,-0.08544921875,-0.30517578125,-0.0244140625,-0.50048828125,-0.1953125,-0.86669921875,-0.13427734375,-0.72021484375,-0.13427734375,0.9521484375,-0.2197265625,0.4150390625,-0.0732421875,0.048828125,-0.0732421875,0.03662109375,0.13427734375,0.244140625,-0.10986328125,-0.0732421875,-0.06103515625,0.81787109375,-0.03662109375,-0.47607421875,-0.0244140625,-0.537109375
0,-0.3662109375,-0.32958984375,0.01220703125,-0.3662109375,-0.08544921875,-0.40283203125,-0.06103515625,-0.10986328125,0.09765625,-0.0244140625,-0.15869140625,-0.8544921875,0.048828125,1.11083984375,-0.0732421875,-0.18310546875,-0.048828125,-0.59814453125,0.25634765625,-0.13427734375,-0.28076171875,0.86669921875,0.0732421875,-0.634765625,-0.30517578125,4.47998046875,-0.1220703125,1.8310546875,-0.2685546875,4.28466796875,-0.13427734375,2.978515625,0.01220703125,-0.3173828125,0.28076171875,-0.84228515625,-0.2685546875,-0.45166015625,0.08544921875,-0.78125,0.1708984375,-0.1953125,0.3173828125,-0.67138671875,-0.244140625,-0.40283203125,-0.0732421875,0.64697265625,-0.244140625,1.18408203125,0.06103515625,0.40283203125,-0.06103515625,-0.18310546875,-0.25634765625,0.69580078125,0.0244140625,0.08544921875,0.0732421875,-0.06103515625,-0.4150390625,0.3173828125,0.2685546875,-0.2685546875,0.09765625,0.15869140625,-0.29296875,1.03759765625,-0.10986328125,0.15869140625,-0.23193359375,0.15869140625,-0.52490234375,0.23193359375,0.0732421875,0.8056640625,-0.09765625,-0.03662109375,0.23193359375,1.30615234375,0.048828125,-0.96435546875,-0.01220703125,-0.37841796875,-0.0732421875,-1.0498046875,-0.18310546875,-0.81787109375,0.30517578125,3.91845703125,0,2.7099609375,0.2197265625,3.06396484375,0.29296875,2.69775390625,-0.20751953125,-0.96435546875,0.0732421875,-0.8056640625,-0.35400390625,-0.830078125,-0.1220703125,-0.3173828125,-0.15869140625,-0.48828125,-0.2197265625,-0.86669921875,-0.15869140625,-0.69580078125,-0.2197265625,0.96435546875,-0.15869140625,0.42724609375,-0.06103515625,0.03662109375,-0.08544921875,0.0244140625,0.1220703125,0.244140625,-0.1220703125,-0.0732421875,-0.06103515625,0.830078125,-0.048828125,-0.48828125,-0.01220703125,-0.537109375
0,-0.37841796875,-0.32958984375,0.03662109375,-0.35400390625,-0.048828125,-0.42724609375,-0.0732421875,-0.10986328125,0.08544921875,-0.0244140625,-0.1220703125,-0.87890625,0.048828125,1.08642578125,-0.08544921875,-0.1953125,0.048828125,-0.59814453125,0.18310546875,-0.146484375,-0.1708984375,0.87890625,0.048828125,-0.64697265625,-0.25634765625,3.857421875,-0.15869140625,1.50146484375,-0.2685546875,3.89404296875,-0.13427734375,2.64892578125,-0.0732421875,-0.29296875,0.23193359375,-0.84228515625,-0.2197265625,-0.45166015625,0.09765625,-0.76904296875,0.20751953125,-0.1953125,0.30517578125,-0.68359375,-0.28076171875,-0.4150390625,0.01220703125,0.62255859375,-0.1953125,1.18408203125,0.01220703125,0.40283203125,0,-0.146484375,-0.1708984375,0.72021484375,-0.08544921875,0.15869140625,-0.1220703125,0.01220703125,-0.47607421875,0.341796875,0.10986328125,-0.1953125,0.048828125,0.244140625,-0.30517578125,1.03759765625,-0.06103515625,0.1708984375,-0.28076171875,0.18310546875,-0.5126953125,0.244140625,0.08544921875,0.8056640625,-0.03662109375,-0.06103515625,0.2685546875,1.30615234375,-0.03662109375,-1.0009765625,-0.01220703125,-0.35400390625,-0.13427734375,-1.025390625,-0.13427734375,-0.8056640625,0.30517578125,5.029296875,-0.06103515625,3.30810546875,0.15869140625,3.77197265625,0.244140625,3.52783203125,-0.1708984375,-0.9521484375,0.01220703125,-0.79345703125,-0.4150390625,-0.830078125,-0.15869140625,-0.32958984375,-0.146484375,-0.45166015625,-0.13427734375,-0.87890625,-0.15869140625,-0.68359375,-0.1708984375,0.9521484375,-0.146484375,0.42724609375,-0.06103515625,0.0244140625,-0.0732421875,0,0.1708984375,0.23193359375,-0.1220703125,-0.08544921875,-0.03662109375,0.81787109375,-0.03662109375,-0.48828125,-0.01220703125,-0.537109375
0,-0.42724609375,-0.341796875,0.048828125,-0.341796875,-0.0244140625,-0.439453125,-0.09765625,-0.10986328125,0.10986328125,0,-0.13427734375,-0.8544921875,0.03662109375,1.0986328125,-0.10986328125,-0.1708984375,0.13427734375,-0.59814453125,0.09765625,-0.15869140625,-0.06103515625,0.86669921875,0,-0.634765625,-0.06103515625,3.1005859375,-0.146484375,1.0986328125,-0.1953125,3.40576171875,-0.10986328125,2.2216796875,-0.08544921875,-0.30517578125,0.1953125,-0.84228515625,-0.2197265625,-0.45166015625,0.09765625,-0.76904296875,0.2685546875,-0.18310546875,0.29296875,-0.67138671875,-0.2685546875,-0.40283203125,0.08544921875,0.634765625,-0.1708984375,1.18408203125,-0.09765625,0.4150390625,0.08544921875,-0.146484375,-0.0732421875,0.74462890625,-0.0732421875,0.244140625,-0.1708984375,0.09765625,-0.42724609375,0.390625,0.0732421875,-0.13427734375,0.0244140625,0.341796875,-0.28076171875,1.06201171875,0,0.18310546875,-0.3173828125,0.18310546875,-0.47607421875,0.25634765625,0.13427734375,0.81787109375,-0.0244140625,-0.06103515625,0.29296875,1.2939453125,-0.1220703125,-0.9765625,-0.0244140625,-0.35400390625,-0.1953125,-1.01318359375,-0.06103515625,-0.8056640625,0.29296875,6.01806640625,-0.0732421875,3.84521484375,0.09765625,4.4189453125,0.2197265625,4.248046875,-0.15869140625,-0.96435546875,-0.06103515625,-0.81787109375,-0.439453125,-0.8544921875,-0.1708984375,-0.32958984375,-0.15869140625,-0.4638671875,-0.09765625,-0.9521484375,-0.18310546875,-0.69580078125,-0.1953125,0.9033203125,-0.146484375,0.42724609375,-0.06103515625,0.03662109375,-0.0732421875,-0.0244140625,0.1708984375,0.2197265625,-0.1220703125,-0.0732421875,0,0.8056640625,-0.06103515625,-0.48828125,0.03662109375,-0.52490234375
0,-0.45166015625,-0.35400390625,0.0244140625,-0.35400390625,0,-0.42724609375,-0.08544921875,-0.0732421875,0.13427734375,-0.01220703125,-0.146484375,-0.87890625,0.01220703125,1.08642578125,-0.15869140625,-0.1220703125,0.244140625,-0.5859375,0.0244140625,-0.15869140625,0,0.87890625,-0.09765625,-0.64697265625,0.048828125,2.294921875,-0.10986328125,0.7080078125,-0.08544921875,2.9052734375,-0.0732421875,1.806640625,-0.10986328125,-0.30517578125,0.18310546875,-0.830078125,-0.1708984375,-0.4150390625,0.10986328125,-0.7568359375,0.3173828125,-0.13427734375,0.1708984375,-0.67138671875,-0.2197265625,-0.4150390625,0.09765625,0.634765625,-0.146484375,1.15966796875,-0.1708984375,0.42724609375,0.13427734375,-0.1708984375,0.0244140625,0.74462890625,-0.09765625,0.30517578125,-0.1708984375,0.15869140625,-0.390625,0.4150390625,0.01220703125,-0.0732421875,-0.0244140625,0.45166015625,-0.29296875,1.0498046875,0.06103515625,0.1708984375,-0.37841796875,0.18310546875,-0.45166015625,0.25634765625,0.1708984375,0.8056640625,0,-0.06103515625,0.29296875,1.28173828125,-0.18310546875,-0.9765625,-0.01220703125,-0.35400390625,-0.18310546875,-1.01318359375,-0.0244140625,-0.79345703125,0.1953125,6.77490234375,-0.146484375,4.23583984375,0.01220703125,4.8828125,0.146484375,4.74853515625,-0.1708984375,-0.96435546875,-0.15869140625,-0.79345703125,-0.45166015625,-0.8544921875,-0.15869140625,-0.32958984375,-0.20751953125,-0.48828125,-0.13427734375,-1.0009765625,-0.146484375,-0.732421875,-0.15869140625,0.8544921875,-0.09765625,0.390625,-0.03662109375,0.0244140625,-0.06103515625,-0.048828125,0.1708984375,0.20751953125,-0.146484375,-0.09765625,0,0.78125,-0.048828125,-0.5126953125,0.06103515625,-0.54931640625
0,-0.4638671875,-0.390625,0.048828125,-0.35400390625,0.0244140625,-0.42724609375,-0.08544921875,-0.06103515625,0.15869140625,0,-0.1708984375,-0.8544921875,0.01220703125,1.0986328125,-0.1708984375,-0.1220703125,0.25634765625,-0.59814453125,0,-0.1708984375,0.01220703125,0.89111328125,-0.13427734375,-0.634765625,0.08544921875,1.46484375,-0.08544921875,0.341796875,0,2.4169921875,-0.048828125,1.4404296875,-0.146484375,-0.30517578125,0.1708984375,-0.84228515625,-0.15869140625,-0.37841796875,0.13427734375,-0.74462890625,0.341796875,-0.1220703125,0.08544921875,-0.67138671875,-0.1953125,-0.390625,0.06103515625,0.62255859375,-0.1220703125,1.123046875,-0.25634765625,0.42724609375,0.15869140625,-0.1708984375,0.1220703125,0.74462890625,-0.2197265625,0.37841796875,-0.3173828125,0.20751953125,-0.439453125,0.45166015625,-0.146484375,-0.01220703125,0,0.5859375,-0.23193359375,1.06201171875,0.08544921875,0.1708984375,-0.3662109375,0.1708984375,-0.4150390625,0.2685546875,0.1953125,0.8056640625,0,-0.06103515625,0.2685546875,1.2939453125,-0.244140625,-0.9765625,-0.0244140625,-0.32958984375,-0.15869140625,-0.9765625,-0.0244140625,-0.79345703125,0.0732421875,7.2265625,-0.146484375,4.443359375,-0.10986328125,5.126953125,0.0732421875,5.04150390625,-0.15869140625,-0.96435546875,-0.2685546875,-0.830078125,-0.42724609375,-0.84228515625,-0.146484375,-0.3662109375,-0.09765625,-0.5615234375,-0.09765625,-1.08642578125,-0.1220703125,-0.7568359375,-0.1708984375,0.8056640625,-0.09765625,0.390625,-0.048828125,0.01220703125,-0.0732421875,-0.06103515625,0.20751953125,0.1953125,-0.13427734375,-0.0732421875,0.0244140625,0.76904296875,-0.048828125,-0.5126953125,0.0732421875,-0.537109375
0,-0.4638671875,-0.390625,0.048828125,-0.3173828125,0.01220703125,-0.4150390625,-0.1220703125,-0.06103515625,0.15869140625,-0.0244140625,-0.18310546875,-0.84228515625,0.01220703125,1.08642578125,-0.1953125,-0.10986328125,0.23193359375,-0.59814453125,-0.01220703125,-0.18310546875,-0.0244140625,0.89111328125,-0.15869140625,-0.634765625,0.13427734375,0.79345703125,0.01220703125,0.0732421875,0.09765625,2.03857421875,-0.0244140625,1.13525390625,-0.13427734375,-0.32958984375,0.18310546875,-0.830078125,-0.15869140625,-0.3662109375,0.15869140625,-0.74462890625,0.341796875,-0.1220703125,0.01220703125,-0.64697265625,-0.13427734375,-0.40283203125,0.0244140625,0.634765625,-0.10986328125,1.08642578125,-0.30517578125,0.45166015625,0.1953125,-0.15869140625,0.18310546875,0.74462890625,-0.2197265625,0.45166015625,-0.28076171875,0.2685546875,-0.4150390625,0.5126953125,-0.18310546875,0.06103515625,-0.01220703125,0.68359375,-0.18310546875,1.03759765625,0.09765625,0.1953125,-0.3662109375,0.18310546875,-0.42724609375,0.25634765625,0.2197265625,0.81787109375,-0.01220703125,-0.06103515625,0.23193359375,1.30615234375,-0.244140625,-0.98876953125,0,-0.3173828125,-0.08544921875,-0.9765625,-0.0732421875,-0.76904296875,0.048828125,7.38525390625,-0.1220703125,4.47998046875,-0.18310546875,5.17578125,0.0732421875,5.1025390625,-0.13427734375,-0.9521484375,-0.3173828125,-0.830078125,-0.341796875,-0.86669921875,-0.18310546875,-0.35400390625,-0.048828125,-0.6103515625,-0.09765625,-1.1474609375,-0.0732421875,-0.79345703125,-0.2197265625,0.732421875,-0.06103515625,0.35400390625,-0.048828125,0.0244140625,-0.0732421875,-0.03662109375,0.1953125,0.1953125,-0.1220703125,-0.0732421875,0.01220703125,0.7568359375,-0.0244140625,-0.5126953125,0.10986328125,-0.5615234375
0,-0.5126953125,-0.37841796875,0.048828125,-0.30517578125,0.0244140625,-0.40283203125,-0.13427734375,-0.0732421875,0.1708984375,-0.0244140625,-0.1953125,-0.87890625,0.01220703125,1.11083984375,-0.1953125,-0.1220703125,0.08544921875,-0.57373046875,-0.01220703125,-0.18310546875,-0.1220703125,0.89111328125,-0.1220703125,-0.62255859375,0.1220703125,0.341796875,0.09765625,-0.1220703125,0.15869140625,1.7822265625,-0.01220703125,0.9521484375,-0.1220703125,-0.35400390625,0.1953125,-0.8544921875,-0.1708984375,-0.35400390625,0.20751953125,-0.7568359375,0.244140625,-0.1220703125,0,-0.64697265625,-0.09765625,-0.4150390625,-0.048828125,0.634765625,-0.06103515625,1.06201171875,-0.29296875,0.45166015625,0.18310546875,-0.1708984375,0.29296875,0.732421875,-0.2685546875,0.52490234375,-0.25634765625,0.32958984375,-0.4638671875,0.5859375,-0.29296875,0.15869140625,0.0244140625,0.78125,-0.08544921875,1.025390625,0.08544921875,0.1708984375,-0.29296875,0.20751953125,-0.4150390625,0.25634765625,0.23193359375,0.79345703125,-0.06103515625,-0.048828125,0.2197265625,1.318359375,-0.25634765625,-0.96435546875,0.0244140625,-0.32958984375,0,-0.98876953125,-0.10986328125,-0.76904296875,0.03662109375,7.2021484375,-0.09765625,4.345703125,-0.20751953125,5.04150390625,0.048828125,4.931640625,-0.13427734375,-0.93994140625,-0.32958984375,-0.86669921875,-0.29296875,-0.8544921875,-0.15869140625,-0.35400390625,-0.01220703125,-0.67138671875,-0.0732421875,-1.220703125,-0.06103515625,-0.81787109375,-0.244140625,0.68359375,-0.0244140625,0.35400390625,0,0.01220703125,-0.0732421875,-0.0244140625,0.1708984375,0.1953125,-0.10986328125,-0.048828125,0.0244140625,0.74462890625,0,-0.4638671875,0.1220703125,-0.5615234375
0,-0.54931640625,-0.37841796875,0.0244140625,-0.3173828125,0.0244140625,-0.40283203125,-0.1220703125,-0.08544921875,0.15869140625,-0.048828125,-0.18310546875,-0.86669921875,-0.0244140625,1.0986328125,-0.20751953125,-0.1708984375,-0.048828125,-0.5859375,0.01220703125,-0.1708984375,-0.25634765625,0.91552734375,-0.0732421875,-0.6103515625,0.1220703125,0.2197265625,0.23193359375,-0.1708984375,0.1953125,1.74560546875,0.06103515625,0.93994140625,-0.08544921875,-0.37841796875,0.2197265625,-0.8544921875,-0.1953125,-0.3662109375,0.2685546875,-0.7568359375,0.1708984375,-0.13427734375,0.048828125,-0.62255859375,-0.09765625,-0.45166015625,-0.08544921875,0.62255859375,-0.06103515625,1.0498046875,-0.2685546875,0.45166015625,0.10986328125,-0.1708984375,0.341796875,0.72021484375,-0.25634765625,0.64697265625,-0.25634765625,0.4150390625,-0.45166015625,0.6591796875,-0.29296875,0.30517578125,0.03662109375,0.84228515625,0,1.03759765625,0.0732421875,0.18310546875,-0.25634765625,0.20751953125,-0.32958984375,0.25634765625,0.244140625,0.81787109375,-0.13427734375,-0.06103515625,0.1953125,1.33056640625,-0.244140625,-0.9765625,0.03662109375,-0.341796875,0.06103515625,-0.98876953125,-0.13427734375,-0.78125,-0.08544921875,6.77490234375,-0.048828125,4.06494140625,-0.2197265625,4.77294921875,0.048828125,4.6142578125,-0.13427734375,-0.9521484375,-0.28076171875,-0.830078125,-0.20751953125,-0.87890625,-0.15869140625,-0.3662109375,-0.048828125,-0.634765625,-0.10986328125,-1.23291015625,-0.0732421875,-0.8056640625,-0.32958984375,0.72021484375,-0.048828125,0.35400390625,0.01220703125,0.03662109375,-0.0732421875,-0.03662109375,0.18310546875,0.20751953125,-0.09765625,-0.06103515625,-0.01220703125,0.74462890625,0.0244140625,-0.50048828125,0.1220703125,-0.54931640625
0,-0.54931640625,-0.390625,0.06103515625,-0.32958984375,0.06103515625,-0.40283203125,-0.10986328125,-0.08544921875,0.1953125,-0.048828125,-0.20751953125,-0.87890625,-0.01220703125,1.11083984375,-0.2197265625,-0.18310546875,-0.1953125,-0.5859375,0.01220703125,-0.15869140625,-0.3662109375,0.91552734375,-0.0244140625,-0.634765625,0.048828125,0.4638671875,0.25634765625,-0.0244140625,0.1708984375,1.8798828125,0.09765625,1.0986328125,-0.0244140625,-0.3662109375,0.25634765625,-0.8544921875,-0.244140625,-0.390625,0.32958984375,-0.76904296875,0.0732421875,-0.1708984375,0.146484375,-0.62255859375,-0.09765625,-0.42724609375,-0.1220703125,0.62255859375,-0.06103515625,1.07421875,-0.244140625,0.439453125,0.06103515625,-0.1953125,0.37841796875,0.72021484375,-0.1953125,0.830078125,-0.1953125,0.537109375,-0.40283203125,0.79345703125,-0.244140625,0.5126953125,0.048828125,0.87890625,0.048828125,1.0009765625,0.03662109375,0.1708984375,-0.20751953125,0.18310546875,-0.2197265625,0.23193359375,0.2197265625,0.8056640625,-0.20751953125,-0.03662109375,0.1708984375,1.30615234375,-0.2197265625,-0.98876953125,0.06103515625,-0.3662109375,0.10986328125,-0.9765625,-0.13427734375,-0.76904296875,-0.13427734375,6.14013671875,-0.048828125,3.7353515625,-0.23193359375,4.39453125,0.03662109375,4.1748046875,-0.1708984375,-0.93994140625,-0.1953125,-0.830078125,-0.09765625,-0.8544921875,-0.146484375,-0.341796875,0.03662109375,-0.59814453125,-0.03662109375,-1.18408203125,-0.048828125,-0.76904296875,-0.28076171875,0.8056640625,-0.0244140625,0.35400390625,0.048828125,0.06103515625,-0.048828125,-0.03662109375,0.20751953125,0.20751953125,-0.0732421875,-0.0244140625,-0.01220703125,0.7568359375,0.048828125,-0.50048828125,0.13427734375,-0.5615234375
0,-0.57373046875,-0.37841796875,0.048828125,-0.30517578125,0.0732421875,-0.390625,-0.09765625,-0.08544921875,0.18310546875,-0.03662109375,-0.1953125,-0.87890625,-0.0244140625,1.123046875,-0.23193359375,-0.18310546875,-0.2685546875,-0.5859375,-0.03662109375,-0.15869140625,-0.3662109375,0.91552734375,-0.0244140625,-0.59814453125,0.0244140625,1.0986328125,0.20751953125,0.29296875,0.09765625,2.2705078125,0.1708984375,1.45263671875,-0.01220703125,-0.40283203125,0.341796875,-0.86669921875,-0.2197265625,-0.439453125,0.35400390625,-0.76904296875,-0.048828125,-0.1708984375,0.2685546875,-0.64697265625,-0.146484375,-0.45166015625,-0.15869140625,0.59814453125,-0.08544921875,1.123046875,-0.20751953125,0.45166015625,-0.0244140625,-0.20751953125,0.40283203125,0.7080078125,-0.2197265625,1.03759765625,-0.25634765625,0.68359375,-0.45166015625,0.927734375,-0.32958984375,0.74462890625,0.0244140625,0.9033203125,0.1220703125,1.0009765625,0.03662109375,0.1953125,-0.146484375,0.1708984375,-0.1220703125,0.2197265625,0.1953125,0.79345703125,-0.25634765625,-0.0244140625,0.13427734375,1.2939453125,-0.20751953125,-0.9765625,0.0732421875,-0.37841796875,0.09765625,-0.9765625,-0.1220703125,-0.78125,-0.13427734375,5.43212890625,-0.03662109375,3.369140625,-0.146484375,3.99169921875,0.03662109375,3.72314453125,-0.23193359375,-0.9521484375,-0.08544921875,-0.84228515625,-0.01220703125,-0.8544921875,-0.146484375,-0.32958984375,0.1220703125,-0.48828125,-0.06103515625,-1.07421875,-0.0732421875,-0.69580078125,-0.2685546875,0.89111328125,-0.048828125,0.37841796875,0.06103515625,0.0732421875,-0.06103515625,-0.0244140625,0.1953125,0.23193359375,-0.06103515625,-0.01220703125,0,0.7568359375,0.06103515625,-0.48828125,0.13427734375,-0.54931640625
0,-0.5859375,-0.37841796875,0.048828125,-0.341796875,0.06103515625,-0.40283203125,-0.08544921875,-0.10986328125,0.1953125,-0.06103515625,-0.1953125,-0.89111328125,-0.01220703125,1.11083984375,-0.2685546875,-0.20751953125,-0.244140625,-0.57373046875,-0.08544921875,-0.15869140625,-0.341796875,0.89111328125,-0.03662109375,-0.6103515625,0,2.03857421875,0.18310546875,0.74462890625,0.06103515625,2.86865234375,0.2197265625,1.96533203125,0.048828125,-0.37841796875,0.42724609375,-0.9033203125,-0.2197265625,-0.50048828125,0.30517578125,-0.76904296875,-0.146484375,-0.23193359375,0.35400390625,-0.64697265625,-0.1953125,-0.4638671875,-0.1220703125,0.59814453125,-0.146484375,1.15966796875,-0.1953125,0.42724609375,-0.03662109375,-0.2197265625,0.42724609375,0.69580078125,-0.146484375,1.26953125,-0.29296875,0.84228515625,-0.45166015625,1.07421875,-0.341796875,1.0009765625,-0.01220703125,0.89111328125,0.1953125,1.0009765625,0.01220703125,0.1953125,-0.09765625,0.15869140625,-0.0244140625,0.1953125,0.146484375,0.8056640625,-0.30517578125,-0.03662109375,0.1220703125,1.30615234375,-0.146484375,-1.0009765625,0.09765625,-0.37841796875,0.06103515625,-0.9765625,-0.06103515625,-0.76904296875,-0.0732421875,4.78515625,-0.0244140625,3.076171875,-0.08544921875,3.62548828125,0.048828125,3.2958984375,-0.29296875,-0.96435546875,0.01220703125,-0.830078125,0.03662109375,-0.84228515625,-0.09765625,-0.32958984375,0.0732421875,-0.32958984375,-0.048828125,-0.93994140625,-0.048828125,-0.59814453125,-0.20751953125,1.06201171875,-0.08544921875,0.40283203125,0.0732421875,0.09765625,-0.0732421875,0,0.18310546875,0.2197265625,-0.10986328125,-0.0244140625,0,0.79345703125,0.03662109375,-0.48828125,0.15869140625,-0.52490234375
0,-0.5615234375,-0.35400390625,0.03662109375,-0.35400390625,0.0732421875,-0.4150390625,-0.08544921875,-0.10986328125,0.2197265625,-0.06103515625,-0.18310546875,-0.87890625,0,1.11083984375,-0.28076171875,-0.1953125,-0.18310546875,-0.5859375,-0.0732421875,-0.146484375,-0.20751953125,0.89111328125,-0.09765625,-0.62255859375,-0.146484375,3.22265625,0.048828125,1.3427734375,-0.048828125,3.62548828125,0.1953125,2.60009765625,0.03662109375,-0.37841796875,0.4638671875,-0.9033203125,-0.18310546875,-0.537109375,0.29296875,-0.79345703125,-0.1953125,-0.25634765625,0.4638671875,-0.67138671875,-0.32958984375,-0.45166015625,-0.06103515625,0.5859375,-0.15869140625,1.171875,-0.09765625,0.42724609375,-0.048828125,-0.1953125,0.439453125,0.7080078125,-0.09765625,1.5380859375,-0.28076171875,1.01318359375,-0.42724609375,1.20849609375,-0.341796875,1.25732421875,-0.01220703125,0.86669921875,0.23193359375,1.01318359375,0,0.1953125,-0.09765625,0.15869140625,0.0244140625,0.2197265625,0.0732421875,0.79345703125,-0.35400390625,-0.01220703125,0.13427734375,1.30615234375,-0.08544921875,-0.98876953125,0.08544921875,-0.37841796875,0.01220703125,-0.98876953125,0,-0.76904296875,-0.0244140625,4.26025390625,-0.048828125,2.8076171875,-0.048828125,3.35693359375,0,3.01513671875,-0.30517578125,-0.96435546875,0.09765625,-0.830078125,0.01220703125,-0.8544921875,-0.06103515625,-0.30517578125,-0.0244140625,-0.20751953125,-0.08544921875,-0.78125,-0.08544921875,-0.47607421875,-0.1953125,1.25732421875,-0.06103515625,0.40283203125,0.09765625,0.08544921875,-0.048828125,0,0.146484375,0.2197265625,-0.09765625,-0.01220703125,0.0244140625,0.81787109375,0.048828125,-0.48828125,0.15869140625,-0.52490234375
0,-0.57373046875,-0.3662109375,0.048828125,-0.35400390625,0.0732421875,-0.4150390625,-0.0732421875,-0.10986328125,0.2197265625,-0.048828125,-0.1708984375,-0.86669921875,0,1.0986328125,-0.29296875,-0.1953125,-0.10986328125,-0.5859375,-0.06103515625,-0.13427734375,-0.0732421875,0.87890625,-0.1953125,-0.62255859375,-0.0732421875,4.5654296875,-0.01220703125,1.9775390625,-0.10986328125,4.4677734375,0.15869140625,3.3203125,0.01220703125,-0.37841796875,0.48828125,-0.89111328125,-0.1708984375,-0.5615234375,0.25634765625,-0.79345703125,-0.15869140625,-0.2685546875,0.4638671875,-0.67138671875,-0.390625,-0.439453125,-0.01220703125,0.59814453125,-0.13427734375,1.18408203125,-0.048828125,0.4150390625,-0.146484375,-0.1953125,0.45166015625,0.7080078125,-0.048828125,1.7578125,-0.25634765625,1.123046875,-0.5126953125,1.30615234375,-0.32958984375,1.4892578125,0.0244140625,0.830078125,0.2685546875,1.0009765625,0.01220703125,0.20751953125,-0.10986328125,0.1708984375,0.0732421875,0.2197265625,-0.01220703125,0.78125,-0.40283203125,0,0.15869140625,1.33056640625,-0.03662109375,-0.98876953125,0.08544921875,-0.37841796875,-0.09765625,-0.98876953125,0.09765625,-0.76904296875,0.13427734375,3.94287109375,-0.0244140625,2.685546875,0.06103515625,3.21044921875,0.01220703125,2.79541015625,-0.29296875,-0.9765625,0.09765625,-0.830078125,-0.0244140625,-0.84228515625,-0.0244140625,-0.32958984375,-0.048828125,-0.08544921875,-0.10986328125,-0.6591796875,-0.10986328125,-0.37841796875,-0.20751953125,1.40380859375,-0.048828125,0.439453125,0.1220703125,0.048828125,-0.0732421875,0.03662109375,0.15869140625,0.2197265625,-0.1220703125,-0.03662109375,0.01220703125,0.81787109375,0.0244140625,-0.47607421875,0.146484375,-0.5126953125
1,-0.5859375,-0.37841796875,0.048828125,-0.37841796875,0.048828125,-0.42724609375,-0.08544921875,-0.10986328125,0.23193359375,-0.0244140625,-0.1708984375,-0.8544921875,0,1.08642578125,-0.29296875,-0.146484375,-0.03662109375,-0.6103515625,-0.06103515625,-0.15869140625,0.0244140625,0.86669921875,-0.23193359375,-0.6103515625,-0.048828125,5.908203125,-0.048828125,2.64892578125,-0.1220703125,5.322265625,0.0732421875,4.04052734375,-0.0244140625,-0.390625,0.50048828125,-0.91552734375,-0.18310546875,-0.5615234375,0.1953125,-0.78125,-0.03662109375,-0.25634765625,0.42724609375,-0.7080078125,-0.42724609375,-0.42724609375,0.048828125,0.59814453125,-0.09765625,1.18408203125,-0.0244140625,0.439453125,-0.20751953125,-0.18310546875,0.37841796875,0.72021484375,0.01220703125,1.9287109375,-0.23193359375,1.20849609375,-0.52490234375,1.37939453125,-0.3173828125,1.64794921875,0.06103515625,0.79345703125,0.3173828125,1.01318359375,0.03662109375,0.2197265625,-0.1220703125,0.18310546875,0.06103515625,0.244140625,-0.08544921875,0.79345703125,-0.4150390625,0,0.15869140625,1.318359375,0,-1.0009765625,0.048828125,-0.37841796875,-0.146484375,-0.98876953125,0.1220703125,-0.79345703125,0.15869140625,3.80859375,-0.0244140625,2.63671875,0.1220703125,3.1494140625,0.01220703125,2.734375,-0.23193359375,-0.9765625,0.1220703125,-0.8056640625,-0.10986328125,-0.830078125,0.0244140625,-0.3173828125,-0.048828125,0,-0.10986328125,-0.54931640625,-0.1708984375,-0.3173828125,-0.20751953125,1.46484375,-0.03662109375,0.4150390625,0.1220703125,0.03662109375,-0.0732421875,0.06103515625,0.15869140625,0.1953125,-0.15869140625,-0.08544921875,0.0244140625,0.84228515625,0.01220703125,-0.47607421875,0.13427734375,-0.5126953125
1,-0.59814453125,-0.37841796875,0.048828125,-0.3662109375,0.048828125,-0.42724609375,-0.09765625,-0.08544921875,0.2197265625,0,-0.1953125,-0.86669921875,-0.0244140625,1.0986328125,-0.2685546875,-0.15869140625,0.03662109375,-0.59814453125,-0.06103515625,-0.15869140625,0.18310546875,0.87890625,-0.244140625,-0.6103515625,0.01220703125,7.14111328125,-0.048828125,3.23486328125,-0.09765625,6.1279296875,0,4.7119140625,-0.09765625,-0.37841796875,0.42724609375,-0.89111328125,-0.18310546875,-0.5615234375,0.1953125,-0.76904296875,0.1220703125,-0.25634765625,0.37841796875,-0.7080078125,-0.4150390625,-0.4150390625,0.0732421875,0.59814453125,-0.01220703125,1.171875,0,0.439453125,-0.3173828125,-0.1708984375,0.341796875,0.732421875,0.048828125,1.98974609375,-0.1953125,1.23291015625,-0.57373046875,1.416015625,-0.29296875,1.7333984375,0.08544921875,0.732421875,0.2685546875,1.025390625,0.0732421875,0.23193359375,-0.15869140625,0.1708984375,0.03662109375,0.28076171875,-0.146484375,0.76904296875,-0.4150390625,-0.01220703125,0.15869140625,1.2939453125,-0.01220703125,-1.0009765625,0,-0.35400390625,-0.13427734375,-0.9765625,0.15869140625,-0.78125,0.18310546875,3.86962890625,-0.06103515625,2.67333984375,0.15869140625,3.1982421875,0.01220703125,2.7587890625,-0.15869140625,-0.9765625,0.146484375,-0.8056640625,-0.18310546875,-0.81787109375,0.03662109375,-0.3173828125,0.0244140625,-0.01220703125,-0.10986328125,-0.54931640625,-0.1953125,-0.3173828125,-0.15869140625,1.4892578125,-0.01220703125,0.40283203125,0.09765625,0.0244140625,-0.0732421875,0.06103515625,0.13427734375,0.1953125,-0.13427734375,-0.09765625,0.03662109375,0.84228515625,0.01220703125,-0.47607421875,0.09765625,-0.52490234375
1,-0.5615234375,-0.390625,0.03662109375,-0.37841796875,0.06103515625,-0.42724609375,-0.08544921875,-0.08544921875,0.23193359375,0.01220703125,-0.20751953125,-0.86669921875,-0.0244140625,1.0986328125,-0.3173828125,-0.146484375,0.08544921875,-0.6103515625,-0.01220703125,-0.18310546875,0.1953125,0.87890625,-0.20751953125,-0.6103515625,-0.06103515625,8.1298828125,-0.0732421875,3.74755859375,-0.048828125,6.787109375,-0.08544921875,5.28564453125,-0.15869140625,-0.390625,0.37841796875,-0.89111328125,-0.244140625,-0.50048828125,0.15869140625,-0.76904296875,0.28076171875,-0.23193359375,0.341796875,-0.69580078125,-0.341796875,-0.40283203125,0.08544921875,0.6103515625,0.048828125,1.13525390625,0.0244140625,0.439453125,-0.42724609375,-0.146484375,0.29296875,0.7568359375,0.03662109375,1.9775390625,-0.15869140625,1.171875,-0.5615234375,1.3916015625,-0.15869140625,1.67236328125,0.13427734375,0.67138671875,0.23193359375,1.03759765625,0.09765625,0.20751953125,-0.20751953125,0.1953125,0.0244140625,0.28076171875,-0.18310546875,0.78125,-0.390625,0,0.146484375,1.30615234375,-0.0244140625,-0.98876953125,-0.03662109375,-0.341796875,-0.10986328125,-0.98876953125,0.1708984375,-0.78125,0.1953125,4.0283203125,-0.08544921875,2.74658203125,0.146484375,3.30810546875,0.03662109375,2.84423828125,-0.0732421875,-0.96435546875,0.1953125,-0.830078125,-0.23193359375,-0.81787109375,0.03662109375,-0.32958984375,0.06103515625,-0.0732421875,-0.13427734375,-0.6103515625,-0.23193359375,-0.37841796875,-0.146484375,1.40380859375,0.01220703125,0.4150390625,0.10986328125,-0.01220703125,-0.0732421875,0.0732421875,0.1220703125,0.18310546875,-0.146484375,-0.1220703125,0.048828125,0.84228515625,0.01220703125,-0.47607421875,0.0732421875,-0.5126953125
1,-0.5859375,-0.390625,0.03662109375,-0.37841796875,0.0732421875,-0.42724609375,-0.048828125,-0.08544921875,0.2685546875,-0.01220703125,-0.20751953125,-0.87890625,-0.048828125,1.08642578125,-0.3173828125,-0.13427734375,0.1708984375,-0.5859375,0.0732421875,-0.1953125,0.20751953125,0.89111328125,-0.1220703125,-0.62255859375,-0.146484375,8.80126953125,-0.0732421875,4.1015625,0.03662109375,7.275390625,-0.146484375,5.6640625,-0.244140625,-0.40283203125,0.2685546875,-0.86669921875,-0.29296875,-0.50048828125,0.1708984375,-0.7568359375,0.4150390625,-0.20751953125,0.32958984375,-0.68359375,-0.25634765625,-0.40283203125,0.0732421875,0.6103515625,0.10986328125,1.11083984375,0.0244140625,0.439453125,-0.45166015625,-0.1220703125,0.244140625,0.74462890625,0.0244140625,1.8798828125,-0.08544921875,1.06201171875,-0.5126953125,1.318359375,0,1.52587890625,0.2197265625,0.6591796875,0.146484375,1.03759765625,0.09765625,0.1953125,-0.25634765625,0.20751953125,0.01220703125,0.29296875,-0.2197265625,0.79345703125,-0.3662109375,0,0.09765625,1.2939453125,-0.0732421875,-0.96435546875,-0.0732421875,-0.341796875,-0.0244140625,-1.0009765625,0.10986328125,-0.78125,0.1708984375,4.21142578125,-0.1220703125,2.83203125,0.0732421875,3.38134765625,0.06103515625,2.9296875,-0.06103515625,-0.9521484375,0.25634765625,-0.830078125,-0.25634765625,-0.8056640625,0.01220703125,-0.32958984375,0.1220703125,-0.15869140625,-0.146484375,-0.7080078125,-0.2197265625,-0.45166015625,-0.1708984375,1.26953125,-0.01220703125,0.37841796875,0.1220703125,-0.0244140625,-0.06103515625,0.048828125,0.09765625,0.15869140625,-0.13427734375,-0.10986328125,0.048828125,0.830078125,0,-0.48828125,0.06103515625,-0.5126953125
1,-0.5859375,-0.390625,0.03662109375,-0.3662109375,0.08544921875,-0.4150390625,-0.048828125,-0.06103515625,0.25634765625,0,-0.20751953125,-0.89111328125,-0.0732421875,1.08642578125,-0.30517578125,-0.1220703125,0.15869140625,-0.6103515625,0.1708984375,-0.15869140625,0.1708984375,0.89111328125,0,-0.6103515625,-0.20751953125,9.130859375,-0.03662109375,4.28466796875,0.1220703125,7.50732421875,-0.1708984375,5.8349609375,-0.30517578125,-0.40283203125,0.2197265625,-0.87890625,-0.32958984375,-0.48828125,0.1708984375,-0.76904296875,0.50048828125,-0.18310546875,0.32958984375,-0.69580078125,-0.18310546875,-0.4150390625,0.0732421875,0.634765625,0.18310546875,1.06201171875,0,0.439453125,-0.50048828125,-0.146484375,0.20751953125,0.732421875,-0.01220703125,1.6845703125,0.01220703125,0.87890625,-0.45166015625,1.171875,0.15869140625,1.33056640625,0.244140625,0.6103515625,0.08544921875,1.025390625,0.0732421875,0.1953125,-0.29296875,0.2197265625,-0.048828125,0.30517578125,-0.20751953125,0.732421875,-0.30517578125,0,0.06103515625,1.28173828125,-0.10986328125,-0.96435546875,-0.09765625,-0.32958984375,0.048828125,-1.0009765625,0.0244140625,-0.8056640625,0.13427734375,4.30908203125,-0.15869140625,2.84423828125,0.0244140625,3.40576171875,0.08544921875,2.9541015625,-0.048828125,-0.96435546875,0.29296875,-0.8544921875,-0.23193359375,-0.830078125,-0.0244140625,-0.32958984375,0.13427734375,-0.18310546875,-0.146484375,-0.8544921875,-0.15869140625,-0.5615234375,-0.1953125,1.1474609375,-0.01220703125,0.35400390625,0.1220703125,-0.048828125,-0.06103515625,0.0244140625,0.048828125,0.15869140625,-0.13427734375,-0.10986328125,0.03662109375,0.8544921875,-0.0244140625,-0.47607421875,0.0244140625,-0.50048828125
1,-0.59814453125,-0.390625,0.06103515625,-0.341796875,0.048828125,-0.42724609375,-0.03662109375,-0.048828125,0.25634765625,-0.01220703125,-0.20751953125,-0.86669921875,-0.08544921875,1.07421875,-0.3173828125,-0.10986328125,0.1220703125,-0.5859375,0.25634765625,-0.18310546875,0.10986328125,0.87890625,0.15869140625,-0.62255859375,-0.244140625,9.1064453125,0,4.248046875,0.13427734375,7.50732421875,-0.146484375,5.8349609375,-0.32958984375,-0.390625,0.244140625,-0.8544921875,-0.341796875,-0.4638671875,0.1953125,-0.7568359375,0.4638671875,-0.1708984375,0.35400390625,-0.6591796875,-0.1220703125,-0.390625,0.06103515625,0.634765625,0.23193359375,1.0498046875,-0.01220703125,0.4150390625,-0.50048828125,-0.15869140625,0.13427734375,0.74462890625,-0.1220703125,1.45263671875,0.08544921875,0.732421875,-0.50048828125,1.0498046875,0.1953125,1.0986328125,0.2685546875,0.5615234375,0.01220703125,1.01318359375,0.0244140625,0.18310546875,-0.29296875,0.20751953125,-0.10986328125,0.28076171875,-0.2197265625,0.732421875,-0.25634765625,-0.01220703125,0.03662109375,1.28173828125,-0.1220703125,-0.9765625,-0.10986328125,-0.32958984375,0.13427734375,-1.01318359375,-0.0732421875,-0.81787109375,0.048828125,4.2236328125,-0.1708984375,2.77099609375,-0.048828125,3.3447265625,0.048828125,2.83203125,-0.1708984375,-0.9521484375,0.3173828125,-0.86669921875,-0.2685546875,-0.84228515625,-0.09765625,-0.341796875,0.10986328125,-0.1220703125,-0.1220703125,-0.9521484375,-0.13427734375,-0.634765625,-0.2685546875,1.03759765625,-0.03662109375,0.35400390625,0.146484375,-0.048828125,-0.06103515625,0,0.03662109375,0.1708984375,-0.09765625,-0.08544921875,0.0244140625,0.830078125,-0.0244140625,-0.50048828125,0.01220703125,-0.537109375
1,-0.59814453125,-0.3662109375,0.06103515625,-0.32958984375,0.048828125,-0.42724609375,-0.048828125,-0.06103515625,0.2685546875,-0.01220703125,-0.20751953125,-0.86669921875,-0.10986328125,1.0986328125,-0.32958984375,-0.1220703125,0.03662109375,-0.59814453125,0.28076171875,-0.18310546875,0.0244140625,0.89111328125,0.28076171875,-0.59814453125,-0.23193359375,8.72802734375,0.06103515625,4.06494140625,0.1708984375,7.26318359375,-0.09765625,5.60302734375,-0.40283203125,-0.390625,0.1708984375,-0.8544921875,-0.3173828125,-0.45166015625,0.1953125,-0.76904296875,0.3662109375,-0.1708984375,0.341796875,-0.64697265625,-0.0732421875,-0.4150390625,0.0732421875,0.62255859375,0.20751953125,1.08642578125,-0.048828125,0.439453125,-0.45166015625,-0.18310546875,0.048828125,0.74462890625,-0.1708984375,1.2451171875,0.146484375,0.59814453125,-0.42724609375,0.9765625,0.244140625,0.89111328125,0.2685546875,0.537109375,0,1.01318359375,-0.048828125,0.1953125,-0.341796875,0.2197265625,-0.15869140625,0.28076171875,-0.20751953125,0.732421875,-0.23193359375,-0.01220703125,-0.01220703125,1.2939453125,-0.1953125,-1.0009765625,-0.10986328125,-0.35400390625,0.1708984375,-1.01318359375,-0.146484375,-0.81787109375,0.08544921875,3.89404296875,-0.18310546875,2.587890625,-0.08544921875,3.125,0.06103515625,2.60009765625,-0.244140625,-0.9765625,0.341796875,-0.8544921875,-0.25634765625,-0.84228515625,-0.146484375,-0.35400390625,0.0732421875,0.048828125,-0.13427734375,-0.93994140625,-0.10986328125,-0.6103515625,-0.3173828125,1.0498046875,-0.0244140625,0.341796875,0.13427734375,-0.048828125,-0.0732421875,-0.048828125,0.03662109375,0.1708984375,-0.08544921875,-0.06103515625,-0.01220703125,0.81787109375,0.01220703125,-0.50048828125,0.0244140625,-0.52490234375
1,-0.57373046875,-0.35400390625,0.048828125,-0.341796875,0.048828125,-0.4150390625,-0.048828125,-0.06103515625,0.29296875,-0.03662109375,-0.1953125,-0.86669921875,-0.1220703125,1.0986328125,-0.3173828125,-0.15869140625,-0.06103515625,-0.59814453125,0.2685546875,-0.146484375,-0.0244140625,0.87890625,0.30517578125,-0.59814453125,-0.2197265625,8.09326171875,0.10986328125,3.6865234375,0.146484375,6.8359375,0.01220703125,5.21240234375,-0.37841796875,-0.37841796875,0.1708984375,-0.84228515625,-0.2685546875,-0.4638671875,0.18310546875,-0.76904296875,0.1708984375,-0.1708984375,0.390625,-0.64697265625,-0.10986328125,-0.42724609375,0.09765625,0.62255859375,0.1708984375,1.123046875,-0.09765625,0.4150390625,-0.4150390625,-0.2197265625,-0.048828125,0.7080078125,-0.13427734375,1.06201171875,0.146484375,0.45166015625,-0.35400390625,0.87890625,0.30517578125,0.732421875,0.23193359375,0.537109375,-0.048828125,1.0009765625,-0.1220703125,0.1953125,-0.341796875,0.23193359375,-0.2197265625,0.2685546875,-0.1953125,0.7080078125,-0.20751953125,-0.01220703125,-0.01220703125,1.2939453125,-0.25634765625,-1.0009765625,-0.09765625,-0.3662109375,0.15869140625,-1.01318359375,-0.15869140625,-0.830078125,0.01220703125,3.2958984375,-0.20751953125,2.28271484375,-0.03662109375,2.7587890625,0.0244140625,2.20947265625,-0.20751953125,-0.9521484375,0.390625,-0.84228515625,-0.244140625,-0.830078125,-0.1953125,-0.32958984375,0.10986328125,0.47607421875,-0.09765625,-0.8056640625,-0.09765625,-0.48828125,-0.341796875,1.171875,-0.0244140625,0.35400390625,0.10986328125,-0.03662109375,-0.0732421875,-0.09765625,0.048828125,0.146484375,-0.0732421875,-0.048828125,-0.03662109375,0.8056640625,0,-0.52490234375,0.0244140625,-0.537109375
1,-0.6103515625,-0.341796875,0.06103515625,-0.35400390625,0.048828125,-0.42724609375,-0.0244140625,-0.06103515625,0.2685546875,-0.03662109375,-0.1953125,-0.86669921875,-0.1220703125,1.0986328125,-0.30517578125,-0.146484375,-0.13427734375,-0.57373046875,0.18310546875,-0.15869140625,-0.0244140625,0.87890625,0.2685546875,-0.57373046875,-0.15869140625,7.2265625,0.13427734375,3.22265625,0.13427734375,6.2255859375,0.09765625,4.6630859375,-0.3662109375,-0.37841796875,0.1708984375,-0.86669921875,-0.244140625,-0.48828125,0.15869140625,-0.78125,-0.01220703125,-0.20751953125,0.390625,-0.6591796875,-0.1220703125,-0.439453125,0.09765625,0.6103515625,0.10986328125,1.0986328125,-0.1953125,0.3662109375,-0.42724609375,-0.23193359375,-0.15869140625,0.68359375,-0.09765625,0.93994140625,0.09765625,0.390625,-0.244140625,0.84228515625,0.32958984375,0.59814453125,0.20751953125,0.537109375,-0.1220703125,1.0009765625,-0.18310546875,0.18310546875,-0.32958984375,0.20751953125,-0.29296875,0.25634765625,-0.15869140625,0.68359375,-0.18310546875,-0.0244140625,0.01220703125,1.28173828125,-0.29296875,-1.0009765625,-0.0732421875,-0.37841796875,0.1220703125,-1.01318359375,-0.09765625,-0.81787109375,0.01220703125,2.4658203125,-0.2197265625,1.89208984375,-0.0244140625,2.294921875,-0.03662109375,1.708984375,-0.20751953125,-0.96435546875,0.341796875,-0.8544921875,-0.2197265625,-0.8544921875,-0.2685546875,-0.32958984375,-0.01220703125,1.07421875,-0.10986328125,-0.52490234375,-0.13427734375,-0.2685546875,-0.341796875,1.4892578125,0.01220703125,0.341796875,0.146484375,0.01220703125,-0.0732421875,-0.10986328125,0.0244140625,0.15869140625,-0.06103515625,-0.03662109375,-0.0244140625,0.8056640625,-0.01220703125,-0.537109375,0.0244140625,-0.537109375
1,-0.59814453125,-0.341796875,0.03662109375,-0.35400390625,0.06103515625,-0.40283203125,-0.048828125,-0.0732421875,0.2685546875,-0.048828125,-0.20751953125,-0.9033203125,-0.146484375,1.123046875,-0.32958984375,-0.18310546875,-0.15869140625,-0.5615234375,0.08544921875,-0.15869140625,-0.03662109375,0.89111328125,0.15869140625,-0.59814453125,-0.1220703125,6.25,0.08544921875,2.64892578125,0.1220703125,5.55419921875,0.2197265625,4.052734375,-0.341796875,-0.3662109375,0.146484375,-0.86669921875,-0.13427734375,-0.50048828125,0.1220703125,-0.76904296875,-0.13427734375,-0.23193359375,0.341796875,-0.6591796875,-0.13427734375,-0.439453125,0.09765625,0.6103515625,0.0244140625,1.123046875,-0.2685546875,0.40283203125,-0.40283203125,-0.2197265625,-0.25634765625,0.7080078125,-0.0732421875,0.9033203125,-0.0732421875,0.40283203125,-0.25634765625,0.86669921875,0.2685546875,0.57373046875,0.13427734375,0.52490234375,-0.15869140625,1.01318359375,-0.25634765625,0.18310546875,-0.32958984375,0.18310546875,-0.35400390625,0.2197265625,-0.10986328125,0.69580078125,-0.13427734375,-0.0244140625,0.048828125,1.30615234375,-0.3173828125,-1.0009765625,-0.048828125,-0.4150390625,0.08544921875,-1.03759765625,-0.03662109375,-0.84228515625,0.09765625,1.4892578125,-0.1953125,1.416015625,0.01220703125,1.79443359375,-0.03662109375,1.13525390625,-0.15869140625,-0.96435546875,0.29296875,-0.84228515625,-0.1953125,-0.8544921875,-0.30517578125,-0.32958984375,0.06103515625,1.8798828125,-0.13427734375,-0.08544921875,-0.13427734375,0.0732421875,-0.2685546875,1.94091796875,0.01220703125,0.390625,0.1220703125,0,-0.0732421875,-0.09765625,-0.01220703125,0.18310546875,-0.048828125,-0.048828125,-0.0244140625,0.78125,-0.0244140625,-0.54931640625,0.0244140625,-0.537109375
1,-0.59814453125,-0.32958984375,0.048828125,-0.341796875,0.048828125,-0.40283203125,-0.048828125,-0.0732421875,0.25634765625,-0.06103515625,-0.20751953125,-0.91552734375,-0.146484375,1.13525390625,-0.341796875,-0.1953125,-0.15869140625,-0.5615234375,-0.01220703125,-0.1708984375,-0.01220703125,0.87890625,-0.0244140625,-0.59814453125,-0.1220703125,5.2490234375,0.03662109375,2.08740234375,0.13427734375,4.8095703125,0.30517578125,3.41796875,-0.30517578125,-0.40283203125,0.20751953125,-0.89111328125,-0.03662109375,-0.537109375,0.10986328125,-0.8056640625,-0.1953125,-0.244140625,0.3173828125,-0.6591796875,-0.20751953125,-0.47607421875,0.06103515625,0.57373046875,-0.0244140625,1.171875,-0.29296875,0.390625,-0.35400390625,-0.23193359375,-0.3173828125,0.7080078125,0.048828125,0.89111328125,-0.0732421875,0.42724609375,-0.146484375,0.89111328125,0.29296875,0.5615234375,0.0732421875,0.52490234375,-0.20751953125,1.0009765625,-0.341796875,0.1953125,-0.2685546875,0.18310546875,-0.439453125,0.1953125,-0.0732421875,0.7080078125,-0.1220703125,-0.0244140625,0.1220703125,1.30615234375,-0.2685546875,-1.0009765625,-0.0244140625,-0.439453125,0.048828125,-1.0498046875,0.06103515625,-0.830078125,0.1708984375,0.45166015625,-0.10986328125,0.9765625,0.1220703125,1.220703125,-0.048828125,0.537109375,-0.15869140625,-0.9765625,0.29296875,-0.81787109375,-0.1708984375,-0.8544921875,-0.28076171875,-0.3173828125,0.03662109375,2.81982421875,-0.1220703125,0.42724609375,-0.15869140625,0.50048828125,-0.18310546875,2.5146484375,0.0244140625,0.4150390625,0.13427734375,0,-0.06103515625,-0.08544921875,-0.03662109375,0.1953125,-0.03662109375,-0.0732421875,0,0.79345703125,-0.03662109375,-0.54931640625,0.048828125,-0.54931640625
1,-0.59814453125,-0.35400390625,0.0732421875,-0.35400390625,0.03662109375,-0.390625,-0.06103515625,-0.09765625,0.28076171875,-0.048828125,-0.1953125,-0.9033203125,-0.146484375,1.11083984375,-0.341796875,-0.1953125,-0.1220703125,-0.54931640625,-0.09765625,-0.1953125,0.0244140625,0.89111328125,-0.1708984375,-0.59814453125,-0.13427734375,4.2724609375,0,1.52587890625,0.146484375,4.1259765625,0.341796875,2.8076171875,-0.341796875,-0.40283203125,0.2197265625,-0.9033203125,0.01220703125,-0.52490234375,0.0732421875,-0.78125,-0.13427734375,-0.244140625,0.18310546875,-0.6591796875,-0.23193359375,-0.4638671875,0.03662109375,0.5615234375,-0.08544921875,1.15966796875,-0.29296875,0.390625,-0.29296875,-0.2197265625,-0.40283203125,0.7080078125,0.146484375,0.91552734375,-0.0732421875,0.4638671875,-0.1220703125,0.9033203125,0.2197265625,0.5859375,0.0732421875,0.5126953125,-0.2197265625,1.01318359375,-0.35400390625,0.18310546875,-0.244140625,0.146484375,-0.48828125,0.20751953125,-0.08544921875,0.72021484375,-0.09765625,-0.01220703125,0.18310546875,1.318359375,-0.1953125,-0.9765625,-0.01220703125,-0.42724609375,0.0244140625,-1.03759765625,0.146484375,-0.81787109375,0.1953125,-0.4150390625,-0.01220703125,0.5615234375,0.146484375,0.7568359375,-0.09765625,0.03662109375,-0.1708984375,-0.96435546875,0.2197265625,-0.84228515625,-0.2197265625,-0.87890625,-0.1953125,-0.3173828125,-0.01220703125,3.82080078125,-0.1708984375,1.03759765625,-0.2197265625,0.9765625,-0.1708984375,3.13720703125,0.048828125,0.40283203125,0.146484375,0.0244140625,-0.06103515625,-0.06103515625,-0.01220703125,0.20751953125,-0.0244140625,-0.06103515625,0.01220703125,0.81787109375,-0.03662109375,-0.54931640625,0.06103515625,-0.5615234375
1,-0.59814453125,-0.37841796875,0.0732421875,-0.37841796875,0.01220703125,-0.40283203125,-0.0732421875,-0.08544921875,0.29296875,-0.03662109375,-0.18310546875,-0.89111328125,-0.1708984375,1.0986328125,-0.32958984375,-0.15869140625,-0.15869140625,-0.5615234375,-0.146484375,-0.20751953125,0.0244140625,0.89111328125,-0.244140625,-0.6103515625,-0.13427734375,3.369140625,0,1.01318359375,0.1708984375,3.4423828125,0.32958984375,2.2216796875,-0.32958984375,-0.390625,0.244140625,-0.91552734375,0.048828125,-0.52490234375,0.0732421875,-0.78125,-0.048828125,-0.25634765625,0.1220703125,-0.67138671875,-0.25634765625,-0.45166015625,0,0.5859375,-0.09765625,1.13525390625,-0.341796875,0.4150390625,-0.2197265625,-0.1953125,-0.439453125,0.72021484375,0.1220703125,0.927734375,-0.20751953125,0.537109375,-0.1953125,0.93994140625,0.1220703125,0.5859375,0.03662109375,0.537109375,-0.1708984375,1.01318359375,-0.3662109375,0.18310546875,-0.18310546875,0.18310546875,-0.50048828125,0.20751953125,-0.10986328125,0.732421875,-0.0732421875,-0.01220703125,0.244140625,1.318359375,-0.1220703125,-0.9765625,0,-0.40283203125,0.0244140625,-1.03759765625,0.15869140625,-0.81787109375,0.2685546875,-1.08642578125,0.06103515625,0.28076171875,0.18310546875,0.4150390625,-0.0732421875,-0.32958984375,-0.15869140625,-0.96435546875,0.1708984375,-0.830078125,-0.244140625,-0.86669921875,-0.08544921875,-0.3173828125,0.13427734375,4.8095703125,-0.1953125,1.66015625,-0.244140625,1.42822265625,-0.1220703125,3.79638671875,0.06103515625,0.40283203125,0.15869140625,0.0244140625,-0.048828125,-0.01220703125,0,0.20751953125,-0.03662109375,-0.0732421875,0.01220703125,0.830078125,-0.03662109375,-0.52490234375,0.0732421875,-0.537109375
1,-0.62255859375,-0.37841796875,0.08544921875,-0.37841796875,0.03662109375,-0.4150390625,-0.06103515625,-0.0732421875,0.29296875,-0.048828125,-0.1953125,-0.89111328125,-0.18310546875,1.0986328125,-0.3173828125,-0.15869140625,-0.2197265625,-0.57373046875,-0.15869140625,-0.1953125,0.03662109375,0.87890625,-0.29296875,-0.6103515625,-0.1953125,2.5634765625,0,0.57373046875,0.18310546875,2.880859375,0.25634765625,1.7333984375,-0.28076171875,-0.40283203125,0.29296875,-0.91552734375,0.01220703125,-0.50048828125,0.06103515625,-0.76904296875,0.048828125,-0.23193359375,0.0732421875,-0.68359375,-0.2685546875,-0.4638671875,-0.0732421875,0.57373046875,-0.08544921875,1.11083984375,-0.390625,0.42724609375,-0.18310546875,-0.18310546875,-0.45166015625,0.72021484375,0.18310546875,0.96435546875,-0.1708984375,0.57373046875,-0.23193359375,0.9765625,0.09765625,0.59814453125,0.0244140625,0.52490234375,-0.2197265625,1.025390625,-0.3173828125,0.20751953125,-0.15869140625,0.18310546875,-0.52490234375,0.244140625,-0.1220703125,0.74462890625,-0.03662109375,-0.01220703125,0.28076171875,1.33056640625,-0.03662109375,-0.9521484375,0.01220703125,-0.40283203125,0.01220703125,-1.01318359375,0.13427734375,-0.79345703125,0.28076171875,-1.45263671875,0.13427734375,0.13427734375,0.244140625,0.23193359375,-0.08544921875,-0.52490234375,-0.18310546875,-0.96435546875,0.18310546875,-0.84228515625,-0.30517578125,-0.84228515625,0.048828125,-0.30517578125,0.15869140625,5.7373046875,-0.2197265625,2.2216796875,-0.32958984375,1.8798828125,-0.0732421875,4.38232421875,0.08544921875,0.42724609375,0.13427734375,0.01220703125,-0.0732421875,0.0244140625,-0.03662109375,0.20751953125,-0.0244140625,-0.08544921875,0.01220703125,0.84228515625,-0.01220703125,-0.5126953125,0.08544921875,-0.537109375
0,-0.5615234375,-0.4150390625,0.0732421875,-0.37841796875,0.06103515625,-0.42724609375,-0.06103515625,-0.0732421875,0.32958984375,-0.03662109375,-0.20751953125,-0.89111328125,-0.18310546875,1.08642578125,-0.341796875,-0.13427734375,-0.28076171875,-0.57373046875,-0.1708984375,-0.1953125,0,0.87890625,-0.25634765625,-0.59814453125,-0.2685546875,1.8798828125,-0.01220703125,0.20751953125,0.1220703125,2.3681640625,0.146484375,1.318359375,-0.23193359375,-0.3662109375,0.30517578125,-0.89111328125,-0.01220703125,-0.4638671875,0.048828125,-0.78125,0.1220703125,-0.2197265625,0.06103515625,-0.6591796875,-0.2197265625,-0.439453125,-0.08544921875,0.59814453125,-0.06103515625,1.11083984375,-0.40283203125,0.45166015625,-0.1708984375,-0.15869140625,-0.439453125,0.732421875,0.18310546875,0.927734375,-0.20751953125,0.6103515625,-0.30517578125,0.9521484375,0.06103515625,0.57373046875,-0.0244140625,0.50048828125,-0.23193359375,1.07421875,-0.28076171875,0.20751953125,-0.1953125,0.23193359375,-0.50048828125,0.29296875,-0.10986328125,0.76904296875,0,-0.01220703125,0.29296875,1.3427734375,0.01220703125,-0.96435546875,0.01220703125,-0.390625,0.01220703125,-1.0009765625,0.06103515625,-0.79345703125,0.1953125,-1.3916015625,0.18310546875,0.18310546875,0.1708984375,0.244140625,-0.09765625,-0.5126953125,-0.1708984375,-0.9521484375,0.1708984375,-0.84228515625,-0.32958984375,-0.84228515625,0.15869140625,-0.30517578125,0.1708984375,6.53076171875,-0.15869140625,2.69775390625,-0.341796875,2.25830078125,-0.01220703125,4.8828125,0.10986328125,0.390625,0.146484375,-0.01220703125,-0.0732421875,0.03662109375,-0.06103515625,0.18310546875,-0.0244140625,-0.09765625,0,0.84228515625,-0.0244140625,-0.48828125,0.08544921875,-0.537109375
0,-0.54931640625,-0.40283203125,0.0732421875,-0.3662109375,0.10986328125,-0.42724609375,-0.048828125,-0.0732421875,0.3173828125,-0.048828125,-0.1953125,-0.89111328125,-0.1708984375,1.08642578125,-0.341796875,-0.1708984375,-0.28076171875,-0.5859375,-0.1220703125,-0.20751953125,-0.048828125,0.89111328125,-0.18310546875,-0.62255859375,-0.3662109375,1.2939453125,-0.03662109375,-0.10986328125,0.06103515625,1.9287109375,0.0244140625,0.98876953125,-0.1220703125,-0.37841796875,0.29296875,-0.89111328125,-0.048828125,-0.4638671875,0.03662109375,-0.76904296875,0.15869140625,-0.1953125,0.13427734375,-0.67138671875,-0.1953125,-0.439453125,-0.08544921875,0.6103515625,-0.048828125,1.123046875,-0.37841796875,0.4638671875,-0.1708984375,-0.18310546875,-0.42724609375,0.732421875,0.146484375,0.9033203125,-0.18310546875,0.634765625,-0.30517578125,0.89111328125,0.01220703125,0.537109375,-0.048828125,0.45166015625,-0.2197265625,1.08642578125,-0.2197265625,0.23193359375,-0.23193359375,0.244140625,-0.45166015625,0.3173828125,-0.06103515625,0.76904296875,0.03662109375,0.01220703125,0.3173828125,1.35498046875,0.0244140625,-0.96435546875,-0.01220703125,-0.37841796875,0.0244140625,-0.9765625,-0.06103515625,-0.78125,0.2685546875,-0.98876953125,0.20751953125,0.390625,0.146484375,0.48828125,-0.0244140625,-0.244140625,-0.10986328125,-0.93994140625,0.18310546875,-0.84228515625,-0.32958984375,-0.830078125,0.2197265625,-0.3173828125,0.13427734375,7.1533203125,-0.146484375,3.0517578125,-0.341796875,2.52685546875,-0.048828125,5.2490234375,0.146484375,0.35400390625,0.15869140625,-0.03662109375,-0.0732421875,0.048828125,-0.0732421875,0.1708984375,-0.0244140625,-0.09765625,0,0.84228515625,-0.01220703125,-0.48828125,0.09765625,-0.52490234375
0,-0.5126953125,-0.40283203125,0.08544921875,-0.3662109375,0.1708984375,-0.42724609375,-0.06103515625,-0.06103515625,0.3173828125,-0.03662109375,-0.1953125,-0.87890625,-0.1708984375,1.0986328125,-0.341796875,-0.146484375,-0.2197265625,-0.5859375,-0.0732421875,-0.18310546875,-0.048828125,0.87890625,-0.10986328125,-0.6103515625,-0.47607421875,0.79345703125,-0.08544921875,-0.341796875,-0.0244140625,1.57470703125,-0.0732421875,0.7080078125,-0.0732421875,-0.3662109375,0.2685546875,-0.86669921875,-0.08544921875,-0.4150390625,-0.01220703125,-0.76904296875,0.09765625,-0.18310546875,0.2197265625,-0.64697265625,-0.18310546875,-0.40283203125,-0.08544921875,0.62255859375,0.01220703125,1.123046875,-0.35400390625,0.4638671875,-0.15869140625,-0.1708984375,-0.390625,0.72021484375,0.01220703125,0.87890625,-0.244140625,0.62255859375,-0.35400390625,0.87890625,-0.09765625,0.5126953125,-0.0732421875,0.37841796875,-0.244140625,1.08642578125,-0.13427734375,0.244140625,-0.244140625,0.2685546875,-0.40283203125,0.3173828125,-0.03662109375,0.74462890625,0.08544921875,0.0244140625,0.30517578125,1.3427734375,0.01220703125,-0.96435546875,-0.06103515625,-0.3662109375,0.0244140625,-0.98876953125,-0.15869140625,-0.76904296875,0.3173828125,-0.2685546875,0.18310546875,0.76904296875,0.1220703125,0.89111328125,0,0.1953125,-0.08544921875,-0.93994140625,0.20751953125,-0.84228515625,-0.30517578125,-0.830078125,0.1953125,-0.3173828125,0.06103515625,7.5927734375,-0.08544921875,3.28369140625,-0.3173828125,2.69775390625,-0.09765625,5.48095703125,0.146484375,0.35400390625,0.13427734375,-0.048828125,-0.06103515625,0.06103515625,-0.0732421875,0.146484375,-0.0244140625,-0.10986328125,-0.01220703125,0.8544921875,-0.0244140625,-0.47607421875,0.048828125,-0.5126953125
0,-0.537109375,-0.390625,0.0732421875,-0.3662109375,0.15869140625,-0.439453125,-0.0732421875,-0.06103515625,0.30517578125,-0.048828125,-0.18310546875,-0.86669921875,-0.1708984375,1.0986328125,-0.32958984375,-0.15869140625,-0.146484375,-0.6103515625,0,-0.15869140625,-0.048828125,0.91552734375,0,-0.6103515625,-0.5615234375,0.3662109375,-0.13427734375,-0.537109375,-0.1220703125,1.2451171875,-0.13427734375,0.47607421875,0,-0.35400390625,0.1953125,-0.8544921875,-0.0732421875,-0.40283203125,-0.03662109375,-0.7568359375,0.0244140625,-0.1708984375,0.341796875,-0.64697265625,-0.1953125,-0.40283203125,-0.048828125,0.634765625,0.048828125,1.1474609375,-0.37841796875,0.45166015625,-0.10986328125,-0.18310546875,-0.29296875,0.732421875,0,0.91552734375,-0.146484375,0.64697265625,-0.3662109375,0.87890625,-0.10986328125,0.5615234375,-0.08544921875,0.3173828125,-0.23193359375,1.06201171875,-0.10986328125,0.23193359375,-0.25634765625,0.28076171875,-0.37841796875,0.32958984375,0,0.74462890625,0.09765625,0.0244140625,0.28076171875,1.3427734375,-0.0244140625,-0.9521484375,-0.10986328125,-0.37841796875,-0.01220703125,-0.98876953125,-0.20751953125,-0.76904296875,0.2197265625,0.732421875,0.13427734375,1.25732421875,0.0732421875,1.42822265625,0.01220703125,0.8056640625,-0.0244140625,-0.93994140625,0.1953125,-0.8544921875,-0.29296875,-0.830078125,0.15869140625,-0.30517578125,0.10986328125,7.84912109375,0.01220703125,3.3935546875,-0.29296875,2.783203125,-0.1220703125,5.57861328125,0.18310546875,0.341796875,0.13427734375,-0.06103515625,-0.0732421875,0.048828125,-0.08544921875,0.15869140625,-0.01220703125,-0.08544921875,0,0.84228515625,-0.0244140625,-0.4638671875,0.03662109375,-0.5126953125
0,-0.5126953125,-0.37841796875,0.0732421875,-0.35400390625,0.1708984375,-0.45166015625,-0.06103515625,-0.0732421875,0.28076171875,-0.03662109375,-0.1708984375,-0.87890625,-0.18310546875,1.0986328125,-0.341796875,-0.1708984375,-0.08544921875,-0.59814453125,0.048828125,-0.15869140625,0.01220703125,0.9033203125,0.048828125,-0.5859375,-0.59814453125,-0.0244140625,-0.1708984375,-0.7080078125,-0.1953125,0.96435546875,-0.09765625,0.25634765625,0.0244140625,-0.35400390625,0.146484375,-0.8544921875,-0.06103515625,-0.390625,-0.06103515625,-0.78125,0,-0.146484375,0.42724609375,-0.6591796875,-0.20751953125,-0.42724609375,0.01220703125,0.634765625,0.09765625,1.15966796875,-0.40283203125,0.45166015625,-0.048828125,-0.1953125,-0.18310546875,0.7080078125,-0.13427734375,0.96435546875,-0.146484375,0.69580078125,-0.5126953125,0.86669921875,-0.2685546875,0.62255859375,-0.06103515625,0.25634765625,-0.15869140625,1.07421875,-0.08544921875,0.20751953125,-0.2197265625,0.29296875,-0.390625,0.32958984375,0.03662109375,0.7568359375,0.10986328125,0.0244140625,0.25634765625,1.3427734375,-0.08544921875,-0.9521484375,-0.1220703125,-0.390625,-0.06103515625,-0.98876953125,-0.20751953125,-0.78125,0.10986328125,1.89208984375,0.048828125,1.79443359375,0.08544921875,2.08740234375,0,1.50146484375,-0.03662109375,-0.91552734375,0.18310546875,-0.84228515625,-0.28076171875,-0.84228515625,0.1220703125,-0.32958984375,0.08544921875,7.92236328125,0.10986328125,3.3935546875,-0.25634765625,2.79541015625,-0.1708984375,5.57861328125,0.18310546875,0.341796875,0.146484375,-0.048828125,-0.06103515625,0.0244140625,-0.146484375,0.15869140625,-0.01220703125,-0.06103515625,0.01220703125,0.79345703125,-0.0244140625,-0.47607421875,0.0244140625,-0.5126953125
0,-0.5126953125,-0.37841796875,0.09765625,-0.341796875,0.18310546875,-0.439453125,-0.06103515625,-0.08544921875,0.25634765625,-0.03662109375,-0.15869140625,-0.8544921875,-0.1708984375,1.11083984375,-0.35400390625,-0.15869140625,-0.0244140625,-0.5859375,0.0732421875,-0.15869140625,0.10986328125,0.927734375,0.0244140625,-0.59814453125,-0.634765625,-0.341796875,-0.2197265625,-0.87890625,-0.28076171875,0.7080078125,-0.09765625,0.03662109375,-0.06103515625,-0.35400390625,0.048828125,-0.8544921875,-0.0244140625,-0.40283203125,-0.08544921875,-0.78125,-0.0244140625,-0.15869140625,0.439453125,-0.634765625,-0.23193359375,-0.439453125,0.09765625,0.62255859375,0.13427734375,1.171875,-0.4150390625,0.439453125,0.03662109375,-0.1953125,-0.03662109375,0.72021484375,-0.2197265625,1.0986328125,0.048828125,0.76904296875,-0.57373046875,0.927734375,-0.30517578125,0.76904296875,-0.0244140625,0.244140625,-0.0732421875,1.07421875,-0.06103515625,0.1953125,-0.20751953125,0.2685546875,-0.37841796875,0.30517578125,0.03662109375,0.7080078125,0.10986328125,0.0244140625,0.244140625,1.35498046875,-0.146484375,-0.9521484375,-0.146484375,-0.40283203125,-0.1220703125,-1.01318359375,-0.1708984375,-0.8056640625,0.1708984375,3.076171875,0,2.3681640625,0.08544921875,2.74658203125,-0.0244140625,2.2705078125,-0.09765625,-0.927734375,0.13427734375,-0.830078125,-0.244140625,-0.8544921875,0.06103515625,-0.3173828125,-0.048828125,7.87353515625,0.15869140625,3.3203125,-0.25634765625,2.7587890625,-0.20751953125,5.517578125,0.1953125,0.3662109375,0.15869140625,-0.0244140625,-0.06103515625,-0.01220703125,-0.15869140625,0.1708984375,-0.0244140625,-0.06103515625,0.01220703125,0.8056640625,0,-0.48828125,0,-0.5126953125
0,-0.48828125,-0.3662109375,0.08544921875,-0.341796875,0.2197265625,-0.42724609375,-0.048828125,-0.06103515625,0.25634765625,-0.03662109375,-0.146484375,-0.87890625,-0.15869140625,1.11083984375,-0.35400390625,-0.15869140625,0.01220703125,-0.57373046875,0.0244140625,-0.15869140625,0.15869140625,0.9033203125,0.0244140625,-0.5859375,-0.62255859375,-0.62255859375,-0.1953125,-1.01318359375,-0.25634765625,0.48828125,-0.0732421875,-0.13427734375,-0.1220703125,-0.3662109375,-0.06103515625,-0.84228515625,0.0244140625,-0.42724609375,-0.146484375,-0.76904296875,0.0244140625,-0.18310546875,0.45166015625,-0.64697265625,-0.28076171875,-0.4638671875,0.1708984375,0.6103515625,0.1708984375,1.171875,-0.390625,0.439453125,0.10986328125,-0.20751953125,0.0732421875,0.732421875,-0.28076171875,1.25732421875,0.13427734375,0.8544921875,-0.59814453125,1.025390625,-0.37841796875,0.9521484375,0,0.25634765625,0,1.06201171875,-0.06103515625,0.18310546875,-0.1708984375,0.25634765625,-0.30517578125,0.29296875,0.0732421875,0.7080078125,0.0732421875,0.01220703125,0.2197265625,1.3671875,-0.23193359375,-0.93994140625,-0.146484375,-0.40283203125,-0.20751953125,-1.025390625,-0.10986328125,-0.8056640625,0.15869140625,4.2236328125,-0.048828125,2.91748046875,0.03662109375,3.38134765625,-0.08544921875,2.978515625,-0.09765625,-0.927734375,0.08544921875,-0.830078125,-0.2197265625,-0.8544921875,0.01220703125,-0.30517578125,-0.13427734375,7.67822265625,0.18310546875,3.18603515625,-0.23193359375,2.63671875,-0.2197265625,5.37109375,0.1953125,0.37841796875,0.1708984375,-0.0244140625,-0.048828125,-0.01220703125,-0.15869140625,0.1953125,-0.06103515625,-0.0244140625,0.0244140625,0.8056640625,0.01220703125,-0.47607421875,0,-0.52490234375
0,-0.42724609375,-0.3662109375,0.08544921875,-0.32958984375,0.2197265625,-0.4150390625,-0.06103515625,-0.0732421875,0.244140625,-0.03662109375,-0.146484375,-0.86669921875,-0.1708984375,1.123046875,-0.341796875,-0.15869140625,0.03662109375,-0.5615234375,-0.01220703125,-0.146484375,0.244140625,0.9033203125,0,-0.5859375,-0.50048828125,-0.81787109375,-0.13427734375,-1.1474609375,-0.20751953125,0.35400390625,0.01220703125,-0.28076171875,-0.1953125,-0.37841796875,-0.0732421875,-0.8544921875,0.0732421875,-0.45166015625,-0.146484375,-0.76904296875,0.06103515625,-0.2197265625,0.390625,-0.62255859375,-0.28076171875,-0.47607421875,0.20751953125,0.5859375,0.1708984375,1.18408203125,-0.35400390625,0.4150390625,0.18310546875,-0.1953125,0.146484375,0.72021484375,-0.2685546875,1.3916015625,0.146484375,0.91552734375,-0.48828125,1.123046875,-0.3662109375,1.13525390625,0.0244140625,0.25634765625,0.08544921875,1.03759765625,-0.08544921875,0.15869140625,-0.10986328125,0.23193359375,-0.1953125,0.25634765625,0.08544921875,0.72021484375,0.06103515625,0.01220703125,0.20751953125,1.3671875,-0.3173828125,-0.93994140625,-0.1708984375,-0.4150390625,-0.20751953125,-1.01318359375,-0.048828125,-0.8056640625,0.0732421875,5.26123046875,-0.08544921875,3.40576171875,0.01220703125,3.96728515625,-0.1708984375,3.62548828125,-0.06103515625,-0.9521484375,0.03662109375,-0.830078125,-0.18310546875,-0.8544921875,-0.0244140625,-0.30517578125,-0.09765625,7.43408203125,0.1708984375,3.03955078125,-0.1953125,2.5390625,-0.20751953125,5.224609375,0.18310546875,0.4150390625,0.1708984375,0.01220703125,-0.06103515625,-0.0244140625,-0.15869140625,0.1953125,-0.08544921875,-0.048828125,0.048828125,0.81787109375,-0.01220703125,-0.48828125,0,-0.52490234375
0,-0.4150390625,-0.35400390625,0.0732421875,-0.3173828125,0.23193359375,-0.40283203125,-0.048828125,-0.08544921875,0.244140625,-0.06103515625,-0.13427734375,-0.86669921875,-0.146484375,1.11083984375,-0.3662109375,-0.15869140625,0.0732421875,-0.54931640625,-0.08544921875,-0.15869140625,0.29296875,0.9033203125,-0.048828125,-0.59814453125,-0.4150390625,-0.9765625,-0.08544921875,-1.220703125,-0.1220703125,0.2685546875,0.0244140625,-0.37841796875,-0.30517578125,-0.37841796875,-0.06103515625,-0.8544921875,0.08544921875,-0.48828125,-0.2197265625,-0.76904296875,0.1220703125,-0.23193359375,0.32958984375,-0.634765625,-0.244140625,-0.47607421875,0.23193359375,0.57373046875,0.15869140625,1.1474609375,-0.341796875,0.40283203125,0.2197265625,-0.15869140625,0.20751953125,0.732421875,-0.25634765625,1.513671875,0,0.98876953125,-0.439453125,1.220703125,-0.4150390625,1.28173828125,0.01220703125,0.32958984375,0.146484375,1.03759765625,-0.06103515625,0.15869140625,-0.03662109375,0.2197265625,-0.0732421875,0.2197265625,0.1220703125,0.72021484375,0.0244140625,0.01220703125,0.18310546875,1.3427734375,-0.37841796875,-0.9521484375,-0.146484375,-0.4150390625,-0.2197265625,-1.01318359375,-0.0244140625,-0.8056640625,-0.048828125,6.09130859375,-0.08544921875,3.80859375,-0.06103515625,4.45556640625,-0.1953125,4.16259765625,-0.03662109375,-0.96435546875,-0.0244140625,-0.830078125,-0.13427734375,-0.86669921875,-0.03662109375,-0.30517578125,-0.0244140625,7.09228515625,0.146484375,2.86865234375,-0.146484375,2.392578125,-0.20751953125,5.04150390625,0.1953125,0.40283203125,0.13427734375,0.0244140625,-0.0732421875,-0.0732421875,-0.1708984375,0.1953125,-0.08544921875,-0.048828125,0.0732421875,0.81787109375,-0.01220703125,-0.5126953125,0.01220703125,-0.537109375
0,-0.40283203125,-0.3662109375,0.03662109375,-0.32958984375,0.2197265625,-0.390625,-0.0732421875,-0.08544921875,0.25634765625,-0.06103515625,-0.10986328125,-0.89111328125,-0.1708984375,1.11083984375,-0.341796875,-0.1708984375,0.09765625,-0.54931640625,-0.10986328125,-0.18310546875,0.2685546875,0.9033203125,-0.0732421875,-0.62255859375,-0.35400390625,-1.03759765625,-0.0732421875,-1.26953125,-0.0244140625,0.23193359375,0.0244140625,-0.4150390625,-0.3173828125,-0.390625,-0.048828125,-0.86669921875,0.09765625,-0.537109375,-0.1708984375,-0.78125,0.15869140625,-0.244140625,0.1953125,-0.64697265625,-0.1953125,-0.4638671875,0.20751953125,0.54931640625,0.15869140625,1.13525390625,-0.28076171875,0.4150390625,0.2685546875,-0.13427734375,0.244140625,0.74462890625,-0.25634765625,1.611328125,0.0732421875,1.01318359375,-0.35400390625,1.30615234375,-0.4638671875,1.37939453125,-0.01220703125,0.40283203125,0.20751953125,1.0498046875,-0.09765625,0.1708984375,0.01220703125,0.20751953125,0.048828125,0.20751953125,0.09765625,0.7568359375,-0.01220703125,-0.0244140625,0.1708984375,1.33056640625,-0.37841796875,-0.9521484375,-0.1220703125,-0.4150390625,-0.1708984375,-1.01318359375,-0.0244140625,-0.81787109375,-0.15869140625,6.70166015625,-0.0732421875,4.1015625,-0.15869140625,4.8095703125,-0.18310546875,4.57763671875,0.01220703125,-0.9765625,-0.048828125,-0.84228515625,-0.1220703125,-0.8544921875,-0.03662109375,-0.28076171875,-0.01220703125,6.72607421875,0.09765625,2.6611328125,-0.09765625,2.24609375,-0.244140625,4.84619140625,0.18310546875,0.40283203125,0.1220703125,0.0244140625,-0.06103515625,-0.09765625,-0.1708984375,0.20751953125,-0.09765625,-0.06103515625,0.08544921875,0.81787109375,-0.01220703125,-0.52490234375,0,-0.5615234375
0,-0.3662109375,-0.37841796875,0.048828125,-0.35400390625,0.244140625,-0.390625,-0.10986328125,-0.0732421875,0.25634765625,-0.048828125,-0.1220703125,-0.86669921875,-0.20751953125,1.123046875,-0.3173828125,-0.1708984375,0.0244140625,-0.54931640625,-0.10986328125,-0.1708984375,0.23193359375,0.89111328125,-0.08544921875,-0.62255859375,-0.29296875,-1.0009765625,-0.01220703125,-1.26953125,0.0732421875,0.25634765625,-0.01220703125,-0.37841796875,-0.3662109375,-0.40283203125,-0.048828125,-0.89111328125,0.0732421875,-0.537109375,-0.13427734375,-0.78125,0.20751953125,-0.244140625,0.1220703125,-0.6591796875,-0.15869140625,-0.4638671875,0.146484375,0.57373046875,0.13427734375,1.123046875,-0.2685546875,0.42724609375,0.29296875,-0.10986328125,0.2685546875,0.74462890625,-0.2197265625,1.59912109375,0.0732421875,0.98876953125,-0.29296875,1.318359375,-0.54931640625,1.35498046875,-0.03662109375,0.5126953125,0.28076171875,1.0498046875,-0.08544921875,0.146484375,0.048828125,0.2197265625,0.15869140625,0.20751953125,0.0244140625,0.78125,-0.0732421875,-0.01220703125,0.18310546875,1.33056640625,-0.390625,-0.96435546875,-0.09765625,-0.4150390625,-0.10986328125,-1.0009765625,-0.048828125,-0.830078125,-0.2685546875,7.09228515625,-0.048828125,4.2724609375,-0.23193359375,5.06591796875,-0.15869140625,4.8095703125,0.0244140625,-0.98876953125,-0.08544921875,-0.830078125,-0.10986328125,-0.86669921875,0,-0.28076171875,0.146484375,6.33544921875,0.09765625,2.4658203125,-0.048828125,2.0751953125,-0.20751953125,4.638671875,0.1953125,0.40283203125,0.1220703125,0.048828125,-0.06103515625,-0.10986328125,-0.146484375,0.1708984375,-0.09765625,-0.08544921875,0.08544921875,0.81787109375,-0.0244140625,-0.52490234375,0,-0.5615234375
0,-0.35400390625,-0.3662109375,0.01220703125,-0.35400390625,0.23193359375,-0.390625,-0.10986328125,-0.06103515625,0.2685546875,-0.048828125,-0.09765625,-0.87890625,-0.20751953125,1.123046875,-0.29296875,-0.1708984375,-0.1220703125,-0.54931640625,-0.09765625,-0.18310546875,0.146484375,0.89111328125,-0.09765625,-0.6103515625,-0.2685546875,-0.89111328125,0.0732421875,-1.171875,0.146484375,0.390625,-0.03662109375,-0.29296875,-0.3662109375,-0.37841796875,-0.03662109375,-0.9033203125,0.0244140625,-0.5126953125,-0.09765625,-0.76904296875,0.1708984375,-0.2197265625,0.0732421875,-0.64697265625,-0.10986328125,-0.42724609375,0.10986328125,0.5859375,0.13427734375,1.11083984375,-0.2685546875,0.42724609375,0.30517578125,-0.10986328125,0.30517578125,0.74462890625,-0.1708984375,1.50146484375,0.06103515625,0.9765625,-0.2197265625,1.28173828125,-0.6103515625,1.26953125,-0.0244140625,0.59814453125,0.29296875,1.06201171875,-0.03662109375,0.15869140625,0.0244140625,0.20751953125,0.20751953125,0.1953125,-0.0732421875,0.79345703125,-0.1220703125,-0.0244140625,0.15869140625,1.3427734375,-0.37841796875,-1.0009765625,-0.048828125,-0.42724609375,-0.06103515625,-1.025390625,-0.08544921875,-0.830078125,-0.35400390625,7.18994140625,-0.0244140625,4.296875,-0.25634765625,5.1025390625,-0.10986328125,4.87060546875,-0.0244140625,-0.9765625,-0.0732421875,-0.8056640625,-0.1220703125,-0.8544921875,0.0244140625,-0.30517578125,0.08544921875,5.9326171875,0.06103515625,2.25830078125,-0.06103515625,1.8798828125,-0.20751953125,4.4189453125,0.1708984375,0.37841796875,0.1220703125,0.01220703125,-0.06103515625,-0.0732421875,-0.15869140625,0.1708984375,-0.0732421875,-0.08544921875,0.06103515625,0.830078125,0.01220703125,-0.52490234375,0.01220703125,-0.57373046875
0,-0.30517578125,-0.390625,0.01220703125,-0.3662109375,0.2197265625,-0.40283203125,-0.1220703125,-0.06103515625,0.244140625,-0.03662109375,-0.09765625,-0.86669921875,-0.1953125,1.11083984375,-0.28076171875,-0.15869140625,-0.25634765625,-0.5615234375,-0.1220703125,-0.1953125,0.01220703125,0.86669921875,-0.0732421875,-0.62255859375,-0.2197265625,-0.7080078125,0.13427734375,-1.11083984375,0.1708984375,0.52490234375,-0.048828125,-0.18310546875,-0.25634765625,-0.37841796875,-0.01220703125,-0.9033203125,0.01220703125,-0.47607421875,-0.01220703125,-0.7568359375,0.0732421875,-0.1708984375,0.09765625,-0.6591796875,-0.09765625,-0.4150390625,0.048828125,0.5859375,0.10986328125,1.11083984375,-0.29296875,0.42724609375,0.244140625,-0.08544921875,0.32958984375,0.74462890625,-0.09765625,1.3916015625,0.10986328125,0.9765625,-0.08544921875,1.2451171875,-0.59814453125,1.15966796875,0,0.72021484375,0.3173828125,1.06201171875,-0.03662109375,0.18310546875,0,0.23193359375,0.23193359375,0.23193359375,-0.146484375,0.8056640625,-0.15869140625,-0.03662109375,0.13427734375,1.3427734375,-0.341796875,-1.0009765625,-0.03662109375,-0.40283203125,-0.0244140625,-1.0009765625,-0.09765625,-0.81787109375,-0.3662109375,7.0556640625,-0.0244140625,4.21142578125,-0.25634765625,5.01708984375,-0.06103515625,4.736328125,-0.03662109375,-0.9765625,-0.01220703125,-0.8056640625,-0.09765625,-0.830078125,0.10986328125,-0.32958984375,0.03662109375,5.52978515625,0,2.05078125,-0.08544921875,1.74560546875,-0.20751953125,4.21142578125,0.146484375,0.35400390625,0.146484375,0.01220703125,-0.0732421875,-0.048828125,-0.1708984375,0.146484375,-0.03662109375,-0.10986328125,0.048828125,0.8056640625,0.01220703125,-0.5126953125,-0.01220703125,-0.57373046875
1,-0.28076171875,-0.3662109375,0.0244140625,-0.3662109375,0.20751953125,-0.4150390625,-0.1220703125,-0.03662109375,0.20751953125,-0.01220703125,-0.09765625,-0.87890625,-0.1953125,1.11083984375,-0.25634765625,-0.146484375,-0.3173828125,-0.5859375,-0.146484375,-0.20751953125,-0.03662109375,0.87890625,-0.048828125,-0.6103515625,-0.146484375,-0.5126953125,0.1708984375,-0.9765625,0.15869140625,0.7080078125,0.01220703125,-0.01220703125,-0.18310546875,-0.35400390625,0.01220703125,-0.89111328125,-0.0244140625,-0.4150390625,0.01220703125,-0.7568359375,-0.06103515625,-0.15869140625,0.20751953125,-0.6591796875,-0.10986328125,-0.40283203125,0,0.64697265625,0.15869140625,1.13525390625,-0.30517578125,0.439453125,0.15869140625,-0.10986328125,0.3662109375,0.732421875,0,1.2939453125,0.06103515625,1.06201171875,-0.0244140625,1.220703125,-0.5859375,1.03759765625,0.01220703125,0.830078125,0.30517578125,1.08642578125,-0.01220703125,0.1708984375,-0.0244140625,0.25634765625,0.20751953125,0.25634765625,-0.1953125,0.78125,-0.1708984375,-0.03662109375,0.09765625,1.35498046875,-0.30517578125,-0.98876953125,0,-0.37841796875,-0.03662109375,-0.98876953125,-0.10986328125,-0.830078125,-0.32958984375,6.65283203125,-0.0244140625,3.955078125,-0.1953125,4.7607421875,-0.0244140625,4.43115234375,-0.08544921875,-0.9765625,0.03662109375,-0.8056640625,-0.0732421875,-0.84228515625,0.146484375,-0.32958984375,-0.0244140625,5.1513671875,-0.048828125,1.84326171875,-0.10986328125,1.5625,-0.1953125,3.99169921875,0.10986328125,0.341796875,0.146484375,0,-0.06103515625,-0.0244140625,-0.1708984375,0.13427734375,-0.048828125,-0.10986328125,0.03662109375,0.79345703125,0.0244140625,-0.5126953125,0,-0.5615234375
1,-0.29296875,-0.3662109375,-0.01220703125,-0.35400390625,0.1953125,-0.40283203125,-0.1220703125,-0.03662109375,0.18310546875,0,-0.06103515625,-0.86669921875,-0.20751953125,1.11083984375,-0.244140625,-0.1220703125,-0.3173828125,-0.5859375,-0.18310546875,-0.18310546875,-0.048828125,0.8544921875,-0.0732421875,-0.5859375,-0.048828125,-0.30517578125,0.09765625,-0.84228515625,0.10986328125,0.8544921875,0.0732421875,0.13427734375,-0.0732421875,-0.35400390625,0.06103515625,-0.9033203125,-0.03662109375,-0.390625,0,-0.7568359375,-0.18310546875,-0.13427734375,0.30517578125,-0.6591796875,-0.1708984375,-0.40283203125,-0.01220703125,0.64697265625,0.20751953125,1.1474609375,-0.30517578125,0.45166015625,0.03662109375,-0.13427734375,0.37841796875,0.7080078125,0.048828125,1.30615234375,0.08544921875,1.2939453125,0.0244140625,1.28173828125,-0.5126953125,1.06201171875,0.048828125,0.9033203125,0.23193359375,1.0986328125,0.01220703125,0.1953125,-0.048828125,0.2685546875,0.1708984375,0.25634765625,-0.23193359375,0.76904296875,-0.146484375,-0.0244140625,0.048828125,1.35498046875,-0.23193359375,-0.98876953125,0.0244140625,-0.390625,-0.0732421875,-1.0009765625,-0.08544921875,-0.81787109375,-0.2685546875,5.9326171875,-0.0244140625,3.57666015625,-0.1220703125,4.33349609375,-0.048828125,3.91845703125,-0.146484375,-0.9765625,0.08544921875,-0.79345703125,-0.03662109375,-0.84228515625,0.1953125,-0.341796875,-0.1220703125,4.79736328125,-0.09765625,1.6357421875,-0.1220703125,1.416015625,-0.1953125,3.77197265625,0.08544921875,0.341796875,0.1708984375,0,-0.0732421875,-0.01220703125,-0.18310546875,0.1220703125,-0.0244140625,-0.10986328125,0.048828125,0.8056640625,0.01220703125,-0.50048828125,-0.01220703125,-0.54931640625
1,-0.25634765625,-0.3662109375,-0.01220703125,-0.341796875,0.1953125,-0.40283203125,-0.13427734375,-0.03662109375,0.15869140625,0.01220703125,-0.08544921875,-0.8544921875,-0.20751953125,1.0986328125,-0.23193359375,-0.1220703125,-0.2685546875,-0.6103515625,-0.20751953125,-0.20751953125,0.0244140625,0.89111328125,-0.1220703125,-0.59814453125,-0.08544921875,-0.1708984375,-0.0244140625,-0.7568359375,0,0.96435546875,0.13427734375,0.244140625,-0.0244140625,-0.35400390625,0.10986328125,-0.87890625,-0.0244140625,-0.3662109375,-0.048828125,-0.76904296875,-0.3173828125,-0.09765625,0.40283203125,-0.68359375,-0.2685546875,-0.4150390625,0.0244140625,0.68359375,0.29296875,1.15966796875,-0.3173828125,0.4638671875,-0.09765625,-0.146484375,0.341796875,0.7080078125,0.06103515625,1.50146484375,0.146484375,1.74560546875,0.10986328125,1.45263671875,-0.40283203125,1.26953125,0.1220703125,0.98876953125,0.1708984375,1.08642578125,-0.01220703125,0.18310546875,-0.09765625,0.25634765625,0.18310546875,0.28076171875,-0.28076171875,0.7568359375,-0.146484375,-0.03662109375,-0.01220703125,1.3427734375,-0.146484375,-1.0009765625,0.01220703125,-0.37841796875,-0.13427734375,-0.98876953125,-0.06103515625,-0.8056640625,-0.18310546875,5.0048828125,-0.03662109375,3.06396484375,-0.0244140625,3.77197265625,-0.10986328125,3.25927734375,-0.10986328125,-0.96435546875,0.1220703125,-0.78125,0.01220703125,-0.8544921875,0.244140625,-0.341796875,-0.15869140625,4.45556640625,-0.146484375,1.416015625,-0.10986328125,1.2451171875,-0.20751953125,3.57666015625,0.03662109375,0.341796875,0.18310546875,-0.0244140625,-0.06103515625,0.0244140625,-0.1708984375,0.10986328125,-0.01220703125,-0.1220703125,0.03662109375,0.8056640625,0.0244140625,-0.5126953125,-0.0244140625,-0.5615234375
1,-0.23193359375,-0.35400390625,-0.01220703125,-0.32958984375,0.18310546875,-0.40283203125,-0.13427734375,-0.048828125,0.146484375,0,-0.08544921875,-0.84228515625,-0.2197265625,1.0986328125,-0.23193359375,-0.13427734375,-0.18310546875,-0.62255859375,-0.23193359375,-0.18310546875,0.146484375,0.86669921875,-0.1708984375,-0.5859375,-0.048828125,-0.08544921875,-0.08544921875,-0.68359375,-0.01220703125,1.0009765625,0.18310546875,0.3173828125,-0.0244140625,-0.35400390625,0.146484375,-0.86669921875,-0.01220703125,-0.3662109375,-0.09765625,-0.76904296875,-0.3662109375,-0.10986328125,0.45166015625,-0.6591796875,-0.35400390625,-0.4150390625,0.09765625,0.68359375,0.37841796875,1.171875,-0.341796875,0.45166015625,-0.25634765625,-0.1953125,0.28076171875,0.7080078125,0.0244140625,1.9287109375,0.1708984375,2.38037109375,0.048828125,1.77001953125,-0.341796875,1.708984375,0.15869140625,1.06201171875,0.1220703125,1.07421875,-0.0244140625,0.1953125,-0.10986328125,0.25634765625,0.146484375,0.28076171875,-0.3173828125,0.74462890625,-0.10986328125,-0.03662109375,-0.08544921875,1.3427734375,-0.0732421875,-0.9765625,0,-0.390625,-0.1953125,-1.0009765625,0.0244140625,-0.81787109375,-0.10986328125,3.89404296875,-0.048828125,2.4658203125,0.10986328125,3.06396484375,-0.15869140625,2.4658203125,-0.0732421875,-0.96435546875,0.1220703125,-0.78125,0,-0.86669921875,0.25634765625,-0.341796875,-0.0732421875,4.08935546875,-0.15869140625,1.20849609375,-0.10986328125,1.0986328125,-0.2685546875,3.3447265625,0,0.32958984375,0.18310546875,-0.0244140625,-0.0732421875,0.048828125,-0.15869140625,0.13427734375,-0.0244140625,-0.1220703125,0.048828125,0.8056640625,0.01220703125,-0.50048828125,-0.01220703125,-0.5615234375
1,-0.18310546875,-0.32958984375,-0.0244140625,-0.32958984375,0.18310546875,-0.4150390625,-0.1220703125,-0.03662109375,0.1220703125,-0.01220703125,-0.08544921875,-0.8544921875,-0.2685546875,1.123046875,-0.20751953125,-0.146484375,-0.08544921875,-0.634765625,-0.244140625,-0.18310546875,0.25634765625,0.89111328125,-0.2685546875,-0.57373046875,-0.09765625,-0.0732421875,-0.1953125,-0.6591796875,-0.15869140625,1.025390625,0.09765625,0.32958984375,-0.03662109375,-0.341796875,0.1708984375,-0.87890625,-0.01220703125,-0.3662109375,-0.146484375,-0.79345703125,-0.341796875,-0.1220703125,0.4150390625,-0.67138671875,-0.4150390625,-0.4638671875,0.15869140625,0.6591796875,0.439453125,1.171875,-0.29296875,0.4638671875,-0.3662109375,-0.18310546875,0.18310546875,0.7080078125,0.01220703125,2.6123046875,0.25634765625,3.2470703125,0.06103515625,2.24609375,-0.25634765625,2.4169921875,0.15869140625,1.123046875,0.06103515625,1.07421875,-0.048828125,0.1953125,-0.15869140625,0.244140625,0.0732421875,0.29296875,-0.30517578125,0.732421875,-0.048828125,-0.01220703125,-0.1220703125,1.318359375,0,-0.9765625,0.01220703125,-0.40283203125,-0.2685546875,-1.01318359375,0.0732421875,-0.830078125,-0.0244140625,2.67333984375,-0.03662109375,1.8310546875,0.1708984375,2.294921875,-0.1953125,1.6357421875,0,-0.9521484375,0.13427734375,-0.79345703125,-0.0244140625,-0.86669921875,0.25634765625,-0.3173828125,0.06103515625,3.7109375,-0.146484375,1.025390625,-0.09765625,0.91552734375,-0.244140625,3.11279296875,-0.01220703125,0.341796875,0.1953125,-0.0244140625,-0.048828125,0.0244140625,-0.1708984375,0.15869140625,-0.03662109375,-0.1220703125,0.048828125,0.81787109375,0.01220703125,-0.50048828125,-0.0244140625,-0.537109375
1,-0.1220703125,-0.341796875,-0.01220703125,-0.32958984375,0.146484375,-0.40283203125,-0.09765625,-0.08544921875,0.1220703125,-0.01220703125,-0.048828125,-0.8544921875,-0.25634765625,1.13525390625,-0.2197265625,-0.15869140625,0,-0.634765625,-0.23193359375,-0.20751953125,0.390625,0.87890625,-0.30517578125,-0.5859375,-0.13427734375,-0.13427734375,-0.29296875,-0.67138671875,-0.18310546875,0.98876953125,0,0.2685546875,-0.0732421875,-0.35400390625,0.146484375,-0.86669921875,-0.0244140625,-0.390625,-0.23193359375,-0.78125,-0.244140625,-0.15869140625,0.37841796875,-0.6591796875,-0.42724609375,-0.48828125,0.1953125,0.64697265625,0.47607421875,1.18408203125,-0.2685546875,0.4638671875,-0.439453125,-0.20751953125,0.09765625,0.72021484375,0,3.4912109375,0.1953125,4.28466796875,0.1220703125,2.84423828125,-0.146484375,3.33251953125,0.146484375,1.15966796875,-0.01220703125,1.06201171875,-0.09765625,0.18310546875,-0.20751953125,0.23193359375,0.03662109375,0.2685546875,-0.30517578125,0.732421875,-0.048828125,-0.03662109375,-0.15869140625,1.3427734375,0.01220703125,-0.98876953125,-0.01220703125,-0.390625,-0.3173828125,-1.03759765625,0.0732421875,-0.81787109375,0.01220703125,1.416015625,-0.048828125,1.18408203125,0.18310546875,1.50146484375,-0.18310546875,0.78125,0.1220703125,-0.9521484375,0.146484375,-0.8056640625,-0.0244140625,-0.87890625,0.25634765625,-0.3173828125,0.09765625,3.23486328125,-0.146484375,0.8056640625,-0.13427734375,0.74462890625,-0.25634765625,2.8564453125,-0.01220703125,0.37841796875,0.18310546875,-0.01220703125,-0.0732421875,0,-0.15869140625,0.18310546875,-0.048828125,-0.08544921875,0.03662109375,0.830078125,0.01220703125,-0.5126953125,-0.06103515625,-0.54931640625
1,-0.0732421875,-0.3662109375,-0.048828125,-0.32958984375,0.1708984375,-0.42724609375,-0.06103515625,-0.08544921875,0.09765625,-0.03662109375,-0.048828125,-0.86669921875,-0.25634765625,1.11083984375,-0.2197265625,-0.1708984375,0.0244140625,-0.6103515625,-0.2197265625,-0.18310546875,0.47607421875,0.86669921875,-0.30517578125,-0.5859375,-0.048828125,-0.244140625,-0.23193359375,-0.7080078125,-0.13427734375,0.91552734375,-0.048828125,0.20751953125,-0.10986328125,-0.37841796875,0.10986328125,-0.9033203125,-0.0244140625,-0.45166015625,-0.25634765625,-0.79345703125,-0.10986328125,-0.1953125,0.32958984375,-0.67138671875,-0.390625,-0.50048828125,0.23193359375,0.634765625,0.52490234375,1.171875,-0.2197265625,0.4638671875,-0.52490234375,-0.18310546875,0,0.72021484375,-0.06103515625,4.5654296875,0.13427734375,5.40771484375,0.1220703125,3.52783203125,-0.0732421875,4.38232421875,0.1220703125,1.13525390625,-0.048828125,1.0498046875,-0.18310546875,0.18310546875,-0.20751953125,0.2197265625,-0.03662109375,0.28076171875,-0.28076171875,0.7080078125,-0.0244140625,-0.048828125,-0.146484375,1.33056640625,-0.01220703125,-0.96435546875,-0.03662109375,-0.40283203125,-0.30517578125,-1.03759765625,0.08544921875,-0.8056640625,0.03662109375,0.23193359375,-0.048828125,0.5859375,0.15869140625,0.76904296875,-0.18310546875,-0.01220703125,0.146484375,-0.93994140625,0.1708984375,-0.8056640625,-0.048828125,-0.89111328125,0.1708984375,-0.30517578125,0.1708984375,2.72216796875,-0.13427734375,0.54931640625,-0.15869140625,0.52490234375,-0.29296875,2.57568359375,-0.01220703125,0.390625,0.18310546875,0,-0.06103515625,-0.01220703125,-0.15869140625,0.1953125,-0.06103515625,-0.0732421875,0.048828125,0.84228515625,0.01220703125,-0.50048828125,-0.06103515625,-0.54931640625
1,-0.06103515625,-0.3662109375,-0.048828125,-0.32958984375,0.18310546875,-0.4150390625,-0.048828125,-0.0732421875,0.0732421875,-0.0244140625,-0.03662109375,-0.89111328125,-0.2685546875,1.0986328125,-0.1953125,-0.15869140625,0.048828125,-0.5859375,-0.146484375,-0.1708984375,0.52490234375,0.86669921875,-0.2685546875,-0.59814453125,-0.10986328125,-0.3662109375,-0.28076171875,-0.76904296875,-0.13427734375,0.86669921875,-0.1708984375,0.146484375,-0.1708984375,-0.37841796875,0.06103515625,-0.9033203125,-0.08544921875,-0.47607421875,-0.341796875,-0.79345703125,0.06103515625,-0.2197265625,0.25634765625,-0.67138671875,-0.28076171875,-0.50048828125,0.23193359375,0.62255859375,0.5126953125,1.123046875,-0.18310546875,0.4638671875,-0.54931640625,-0.18310546875,-0.048828125,0.74462890625,-0.048828125,5.62744140625,0.18310546875,6.5673828125,0.23193359375,4.23583984375,0.01220703125,5.4443359375,0.09765625,1.08642578125,-0.13427734375,1.03759765625,-0.25634765625,0.1708984375,-0.1953125,0.2197265625,-0.08544921875,0.2685546875,-0.29296875,0.76904296875,0.01220703125,-0.03662109375,-0.09765625,1.33056640625,-0.03662109375,-0.9521484375,-0.0244140625,-0.4150390625,-0.244140625,-1.0498046875,0.048828125,-0.8056640625,0.01220703125,-0.79345703125,-0.06103515625,0.0732421875,0.048828125,0.146484375,-0.18310546875,-0.67138671875,0.20751953125,-0.93994140625,0.18310546875,-0.830078125,-0.048828125,-0.87890625,0.09765625,-0.30517578125,0.30517578125,2.099609375,-0.08544921875,0.28076171875,-0.15869140625,0.29296875,-0.28076171875,2.30712890625,0,0.4150390625,0.1708984375,0.0244140625,-0.06103515625,-0.0244140625,-0.15869140625,0.20751953125,-0.06103515625,-0.06103515625,0.01220703125,0.84228515625,-0.01220703125,-0.50048828125,-0.08544921875,-0.537109375
1,-0.048828125,-0.3662109375,-0.06103515625,-0.3173828125,0.20751953125,-0.4150390625,-0.048828125,-0.0732421875,0.0732421875,-0.03662109375,-0.03662109375,-0.86669921875,-0.29296875,1.0986328125,-0.20751953125,-0.15869140625,0.048828125,-0.57373046875,-0.06103515625,-0.18310546875,0.52490234375,0.8544921875,-0.13427734375,-0.6103515625,-0.1953125,-0.45166015625,-0.30517578125,-0.8056640625,-0.06103515625,0.830078125,-0.25634765625,0.1220703125,-0.244140625,-0.4150390625,0,-0.89111328125,-0.09765625,-0.50048828125,-0.341796875,-0.79345703125,0.2197265625,-0.23193359375,0.244140625,-0.67138671875,-0.146484375,-0.50048828125,0.1953125,0.5859375,0.48828125,1.0986328125,-0.146484375,0.45166015625,-0.57373046875,-0.18310546875,-0.13427734375,0.74462890625,-0.048828125,6.62841796875,0.1953125,7.60498046875,0.28076171875,4.89501953125,0.0244140625,6.43310546875,0.048828125,1.06201171875,-0.18310546875,1.025390625,-0.29296875,0.15869140625,-0.15869140625,0.20751953125,-0.13427734375,0.23193359375,-0.25634765625,0.7568359375,0.03662109375,-0.03662109375,-0.048828125,1.30615234375,-0.0732421875,-0.9765625,-0.03662109375,-0.37841796875,-0.146484375,-1.0498046875,0.01220703125,-0.81787109375,-0.03662109375,-1.55029296875,-0.08544921875,-0.3173828125,-0.06103515625,-0.28076171875,-0.1953125,-1.171875,0.15869140625,-0.96435546875,0.2197265625,-0.830078125,-0.06103515625,-0.87890625,0.0244140625,-0.28076171875,0.32958984375,1.4892578125,0.01220703125,0.01220703125,-0.146484375,0.0732421875,-0.30517578125,2.001953125,0,0.42724609375,0.1708984375,0.03662109375,-0.06103515625,-0.06103515625,-0.15869140625,0.20751953125,-0.048828125,-0.03662109375,0.0244140625,0.8544921875,-0.03662109375,-0.5126953125,-0.08544921875,-0.50048828125
1,0,-0.390625,-0.0732421875,-0.341796875,0.2197265625,-0.40283203125,-0.03662109375,-0.06103515625,0.0732421875,-0.03662109375,-0.0244140625,-0.86669921875,-0.3173828125,1.08642578125,-0.1953125,-0.13427734375,0.01220703125,-0.57373046875,0.0732421875,-0.1953125,0.50048828125,0.86669921875,0.0244140625,-0.6103515625,-0.1708984375,-0.5126953125,-0.1953125,-0.8056640625,0.01220703125,0.86669921875,-0.23193359375,0.146484375,-0.28076171875,-0.390625,-0.06103515625,-0.9033203125,-0.10986328125,-0.48828125,-0.341796875,-0.78125,0.28076171875,-0.244140625,0.1953125,-0.67138671875,-0.03662109375,-0.48828125,0.146484375,0.59814453125,0.390625,1.08642578125,-0.09765625,0.45166015625,-0.57373046875,-0.18310546875,-0.2197265625,0.74462890625,0.03662109375,7.421875,0.1953125,8.4716796875,0.29296875,5.419921875,0.06103515625,7.23876953125,0.01220703125,0.96435546875,-0.2197265625,1.03759765625,-0.341796875,0.146484375,-0.09765625,0.2197265625,-0.2197265625,0.244140625,-0.2197265625,0.78125,0.048828125,-0.048828125,0.0244140625,1.318359375,-0.09765625,-0.9765625,-0.048828125,-0.390625,-0.06103515625,-1.0498046875,-0.0732421875,-0.79345703125,-0.13427734375,-2.05078125,-0.09765625,-0.5615234375,-0.15869140625,-0.6103515625,-0.1953125,-1.50146484375,0.0732421875,-0.9765625,0.25634765625,-0.830078125,-0.1220703125,-0.86669921875,-0.03662109375,-0.28076171875,0.3173828125,0.89111328125,0.06103515625,-0.25634765625,-0.1708984375,-0.15869140625,-0.32958984375,1.708984375,0,0.4150390625,0.15869140625,0.0244140625,-0.06103515625,-0.08544921875,-0.15869140625,0.1953125,-0.03662109375,-0.0244140625,0,0.84228515625,-0.048828125,-0.5126953125,-0.10986328125,-0.5126953125
1,0.01220703125,-0.3662109375,-0.048828125,-0.35400390625,0.20751953125,-0.4150390625,-0.048828125,-0.0732421875,0.048828125,-0.03662109375,-0.01220703125,-0.8544921875,-0.3173828125,1.08642578125,-0.1708984375,-0.146484375,-0.048828125,-0.57373046875,0.18310546875,-0.20751953125,0.4150390625,0.86669921875,0.15869140625,-0.6103515625,-0.25634765625,-0.4638671875,-0.1953125,-0.74462890625,0.0244140625,0.96435546875,-0.244140625,0.244140625,-0.2685546875,-0.390625,-0.1220703125,-0.89111328125,-0.1220703125,-0.50048828125,-0.390625,-0.76904296875,0.28076171875,-0.23193359375,0.1953125,-0.64697265625,0.06103515625,-0.45166015625,0.10986328125,0.5859375,0.28076171875,1.08642578125,-0.09765625,0.45166015625,-0.54931640625,-0.1708984375,-0.2685546875,0.7568359375,0.0732421875,7.9833984375,0.1220703125,9.08203125,0.30517578125,5.76171875,0.0732421875,7.763671875,0,0.84228515625,-0.244140625,1.0498046875,-0.37841796875,0.15869140625,-0.01220703125,0.2197265625,-0.2685546875,0.25634765625,-0.2197265625,0.81787109375,0.0732421875,-0.048828125,0.10986328125,1.318359375,-0.13427734375,-0.96435546875,-0.03662109375,-0.37841796875,0.0244140625,-1.03759765625,-0.15869140625,-0.8056640625,-0.1953125,-2.28271484375,-0.13427734375,-0.68359375,-0.244140625,-0.74462890625,-0.23193359375,-1.67236328125,0.048828125,-0.98876953125,0.2685546875,-0.84228515625,-0.15869140625,-0.84228515625,-0.06103515625,-0.2685546875,0.3173828125,0.40283203125,0.13427734375,-0.47607421875,-0.1708984375,-0.341796875,-0.29296875,1.4892578125,-0.0244140625,0.40283203125,0.146484375,0.0244140625,-0.06103515625,-0.09765625,-0.1708984375,0.18310546875,-0.03662109375,-0.01220703125,-0.01220703125,0.830078125,-0.0732421875,-0.5126953125,-0.08544921875,-0.5126953125
1,0.06103515625,-0.37841796875,-0.0732421875,-0.40283203125,0.20751953125,-0.42724609375,-0.03662109375,-0.06103515625,0.048828125,-0.0244140625,-0.01220703125,-0.86669921875,-0.30517578125,1.0986328125,-0.1708984375,-0.1708984375,-0.18310546875,-0.57373046875,0.2197265625,-0.2197265625,0.32958984375,0.8544921875,0.2685546875,-0.59814453125,-0.20751953125,-0.32958984375,-0.10986328125,-0.62255859375,0.0244140625,1.13525390625,-0.1953125,0.4150390625,-0.25634765625,-0.37841796875,-0.1953125,-0.9033203125,-0.03662109375,-0.50048828125,-0.40283203125,-0.76904296875,0.1708984375,-0.20751953125,0.18310546875,-0.634765625,0.08544921875,-0.42724609375,0.10986328125,0.59814453125,0.1953125,1.11083984375,-0.10986328125,0.4638671875,-0.50048828125,-0.1708984375,-0.341796875,0.72021484375,0.13427734375,8.30078125,0.08544921875,9.423828125,0.32958984375,5.9814453125,0.048828125,8.0322265625,-0.0244140625,0.67138671875,-0.23193359375,1.0498046875,-0.40283203125,0.1953125,0.0244140625,0.23193359375,-0.29296875,0.23193359375,-0.23193359375,0.8056640625,0.08544921875,-0.048828125,0.1708984375,1.30615234375,-0.1953125,-0.9521484375,-0.0244140625,-0.4150390625,0.06103515625,-1.025390625,-0.1953125,-0.81787109375,-0.25634765625,-2.28271484375,-0.18310546875,-0.6591796875,-0.2197265625,-0.7568359375,-0.2685546875,-1.69677734375,0.01220703125,-0.96435546875,0.30517578125,-0.830078125,-0.1953125,-0.84228515625,-0.0732421875,-0.2685546875,0.244140625,0.13427734375,0.1953125,-0.6103515625,-0.18310546875,-0.439453125,-0.23193359375,1.35498046875,-0.03662109375,0.37841796875,0.1220703125,0.01220703125,-0.0732421875,-0.08544921875,-0.1953125,0.18310546875,-0.03662109375,-0.0244140625,-0.0244140625,0.81787109375,-0.048828125,-0.50048828125,-0.0732421875,-0.5126953125
1,0.08544921875,-0.37841796875,-0.0732421875,-0.390625,0.1953125,-0.45166015625,-0.048828125,-0.08544921875,0.03662109375,-0.0244140625,0,-0.84228515625,-0.29296875,1.08642578125,-0.13427734375,-0.18310546875,-0.25634765625,-0.54931640625,0.20751953125,-0.23193359375,0.25634765625,0.86669921875,0.30517578125,-0.57373046875,-0.08544921875,-0.13427734375,0.03662109375,-0.45166015625,0.0244140625,1.3427734375,-0.08544921875,0.6103515625,-0.20751953125,-0.3662109375,-0.2197265625,-0.86669921875,-0.03662109375,-0.47607421875,-0.37841796875,-0.76904296875,-0.01220703125,-0.20751953125,0.244140625,-0.634765625,0.08544921875,-0.40283203125,0.1220703125,0.6103515625,0.13427734375,1.11083984375,-0.10986328125,0.439453125,-0.4150390625,-0.2197265625,-0.35400390625,0.72021484375,0.20751953125,8.31298828125,0.03662109375,9.4970703125,0.30517578125,6.005859375,0.048828125,8.06884765625,-0.03662109375,0.5126953125,-0.25634765625,1.03759765625,-0.35400390625,0.20751953125,0.0732421875,0.23193359375,-0.32958984375,0.244140625,-0.20751953125,0.79345703125,0.1220703125,-0.03662109375,0.23193359375,1.318359375,-0.1953125,-0.9521484375,-0.01220703125,-0.390625,0.06103515625,-1.0009765625,-0.18310546875,-0.8056640625,-0.37841796875,-2.1240234375,-0.244140625,-0.59814453125,-0.23193359375,-0.6591796875,-0.341796875,-1.6357421875,-0.03662109375,-0.9521484375,0.25634765625,-0.81787109375,-0.23193359375,-0.8544921875,-0.06103515625,-0.28076171875,0.15869140625,0.1708984375,0.2197265625,-0.59814453125,-0.20751953125,-0.40283203125,-0.18310546875,1.3916015625,0,0.3662109375,0.0732421875,0,-0.06103515625,-0.09765625,-0.20751953125,0.15869140625,-0.03662109375,-0.048828125,-0.03662109375,0.79345703125,-0.03662109375,-0.50048828125,-0.048828125,-0.52490234375
1,0.08544921875,-0.35400390625,-0.0732421875,-0.40283203125,0.1953125,-0.45166015625,-0.06103515625,-0.08544921875,0.03662109375,-0.0244140625,0.0244140625,-0.84228515625,-0.28076171875,1.08642578125,-0.13427734375,-0.1708984375,-0.29296875,-0.57373046875,0.146484375,-0.23193359375,0.2197265625,0.86669921875,0.23193359375,-0.5859375,-0.08544921875,0.10986328125,-0.0244140625,-0.25634765625,-0.048828125,1.5869140625,-0.01220703125,0.830078125,-0.18310546875,-0.3662109375,-0.244140625,-0.8544921875,0.0244140625,-0.439453125,-0.35400390625,-0.7568359375,-0.20751953125,-0.18310546875,0.25634765625,-0.634765625,0.03662109375,-0.3662109375,0.15869140625,0.62255859375,0.09765625,1.15966796875,-0.1708984375,0.45166015625,-0.30517578125,-0.23193359375,-0.30517578125,0.72021484375,0.30517578125,8.1298828125,0,9.38720703125,0.30517578125,5.8837890625,0.10986328125,7.87353515625,-0.09765625,0.3662109375,-0.244140625,1.03759765625,-0.32958984375,0.23193359375,0.06103515625,0.23193359375,-0.29296875,0.2685546875,-0.146484375,0.8056640625,0.1708984375,-0.01220703125,0.244140625,1.318359375,-0.18310546875,-0.9521484375,0,-0.390625,0.03662109375,-0.98876953125,-0.13427734375,-0.79345703125,-0.341796875,-1.904296875,-0.18310546875,-0.47607421875,-0.10986328125,-0.54931640625,-0.32958984375,-1.52587890625,-0.01220703125,-0.9521484375,0.2685546875,-0.81787109375,-0.2197265625,-0.8544921875,0,-0.29296875,0.20751953125,0.54931640625,0.1708984375,-0.390625,-0.18310546875,-0.244140625,-0.09765625,1.5869140625,0,0.3662109375,0.03662109375,-0.01220703125,-0.0732421875,-0.048828125,-0.20751953125,0.146484375,-0.06103515625,-0.03662109375,-0.03662109375,0.81787109375,-0.0244140625,-0.48828125,-0.0732421875,-0.52490234375
0,0.13427734375,-0.3662109375,-0.0732421875,-0.40283203125,0.244140625,-0.4638671875,-0.048828125,-0.09765625,0.03662109375,-0.01220703125,0.01220703125,-0.84228515625,-0.29296875,1.0986328125,-0.13427734375,-0.18310546875,-0.29296875,-0.59814453125,0.048828125,-0.2197265625,0.2197265625,0.87890625,0.15869140625,-0.5859375,0,0.32958984375,-0.048828125,-0.08544921875,-0.0732421875,1.8310546875,0.0732421875,1.0498046875,-0.13427734375,-0.341796875,-0.23193359375,-0.8544921875,0.0732421875,-0.4150390625,-0.3662109375,-0.76904296875,-0.32958984375,-0.1708984375,0.20751953125,-0.64697265625,-0.048828125,-0.35400390625,0.1708984375,0.62255859375,0.0732421875,1.15966796875,-0.1708984375,0.439453125,-0.1953125,-0.20751953125,-0.30517578125,0.7080078125,0.35400390625,7.8369140625,-0.10986328125,9.11865234375,0.2685546875,5.6884765625,0.1220703125,7.5927734375,-0.13427734375,0.2685546875,-0.1953125,1.03759765625,-0.2685546875,0.244140625,0.03662109375,0.23193359375,-0.2685546875,0.28076171875,-0.09765625,0.81787109375,0.1708984375,0.01220703125,0.23193359375,1.30615234375,-0.13427734375,-0.93994140625,0,-0.390625,0.01220703125,-0.98876953125,-0.0244140625,-0.8056640625,-0.30517578125,-1.6845703125,-0.15869140625,-0.3662109375,0.01220703125,-0.42724609375,-0.341796875,-1.40380859375,-0.03662109375,-0.93994140625,0.23193359375,-0.8056640625,-0.1953125,-0.8544921875,0.06103515625,-0.30517578125,0.23193359375,1.318359375,0.15869140625,-0.03662109375,-0.1220703125,0.06103515625,-0.0244140625,1.9775390625,0.0244140625,0.35400390625,0.0244140625,0,-0.048828125,-0.048828125,-0.18310546875,0.18310546875,-0.048828125,-0.0732421875,-0.048828125,0.8056640625,-0.0244140625,-0.48828125,-0.048828125,-0.537109375
0,0.15869140625,-0.37841796875,-0.10986328125,-0.390625,0.244140625,-0.45166015625,-0.048828125,-0.0732421875,0.048828125,-0.01220703125,0.01220703125,-0.84228515625,-0.30517578125,1.0986328125,-0.1220703125,-0.18310546875,-0.244140625,-0.59814453125,-0.0732421875,-0.1953125,0.244140625,0.87890625,-0.01220703125,-0.5859375,0.08544921875,0.52490234375,-0.08544921875,0.06103515625,-0.048828125,2.001953125,0.1708984375,1.23291015625,-0.13427734375,-0.35400390625,-0.2197265625,-0.84228515625,0.10986328125,-0.4150390625,-0.3173828125,-0.76904296875,-0.37841796875,-0.1708984375,0.15869140625,-0.6591796875,-0.1220703125,-0.37841796875,0.1708984375,0.62255859375,0.01220703125,1.171875,-0.1953125,0.45166015625,-0.08544921875,-0.18310546875,-0.29296875,0.69580078125,0.3173828125,7.4951171875,-0.1220703125,8.77685546875,0.23193359375,5.46875,0.10986328125,7.23876953125,-0.1708984375,0.13427734375,-0.18310546875,1.025390625,-0.20751953125,0.25634765625,-0.01220703125,0.2197265625,-0.23193359375,0.25634765625,-0.0732421875,0.79345703125,0.1953125,0.01220703125,0.1953125,1.30615234375,-0.06103515625,-0.9521484375,-0.01220703125,-0.390625,-0.0244140625,-0.98876953125,0.06103515625,-0.8056640625,-0.2685546875,-1.52587890625,-0.08544921875,-0.29296875,0.13427734375,-0.341796875,-0.3662109375,-1.3427734375,-0.0244140625,-0.91552734375,0.18310546875,-0.8056640625,-0.15869140625,-0.8544921875,0.10986328125,-0.3173828125,0.20751953125,2.42919921875,0.03662109375,0.5126953125,-0.10986328125,0.5126953125,0.01220703125,2.5634765625,0.048828125,0.341796875,0,0,-0.06103515625,-0.03662109375,-0.1708984375,0.1953125,-0.0732421875,-0.0732421875,-0.06103515625,0.79345703125,-0.0244140625,-0.48828125,-0.06103515625,-0.5615234375
0,0.18310546875,-0.35400390625,-0.1220703125,-0.3662109375,0.2197265625,-0.439453125,-0.06103515625,-0.0732421875,0.0244140625,-0.01220703125,0.01220703125,-0.86669921875,-0.30517578125,1.11083984375,-0.10986328125,-0.15869140625,-0.20751953125,-0.59814453125,-0.1953125,-0.18310546875,0.2685546875,0.87890625,-0.15869140625,-0.57373046875,0.146484375,0.62255859375,-0.08544921875,0.1708984375,-0.0244140625,2.11181640625,0.20751953125,1.30615234375,-0.1708984375,-0.341796875,-0.18310546875,-0.8544921875,0.10986328125,-0.4150390625,-0.3173828125,-0.78125,-0.3173828125,-0.1708984375,0.03662109375,-0.634765625,-0.18310546875,-0.37841796875,0.146484375,0.634765625,0,1.15966796875,-0.2685546875,0.4638671875,0.0244140625,-0.15869140625,-0.28076171875,0.69580078125,0.28076171875,7.1533203125,-0.15869140625,8.38623046875,0.20751953125,5.26123046875,0.06103515625,6.92138671875,-0.1708984375,0.0732421875,-0.1708984375,1.03759765625,-0.1708984375,0.28076171875,-0.0732421875,0.23193359375,-0.2197265625,0.29296875,-0.03662109375,0.79345703125,0.20751953125,0.0244140625,0.15869140625,1.30615234375,0.06103515625,-0.9765625,0,-0.390625,-0.0244140625,-1.0009765625,0.1220703125,-0.79345703125,-0.23193359375,-1.4892578125,-0.01220703125,-0.28076171875,0.18310546875,-0.3173828125,-0.35400390625,-1.30615234375,-0.03662109375,-0.9033203125,0.146484375,-0.81787109375,-0.13427734375,-0.86669921875,0.1708984375,-0.32958984375,0.25634765625,3.80859375,-0.08544921875,1.220703125,-0.10986328125,1.07421875,0.08544921875,3.28369140625,0.048828125,0.3662109375,-0.01220703125,0.01220703125,-0.06103515625,-0.06103515625,-0.1708984375,0.1953125,-0.08544921875,-0.0732421875,-0.0244140625,0.81787109375,-0.0244140625,-0.50048828125,-0.0732421875,-0.5615234375
0,0.20751953125,-0.35400390625,-0.1220703125,-0.341796875,0.18310546875,-0.4150390625,-0.08544921875,-0.0732421875,-0.01220703125,0,0.0244140625,-0.86669921875,-0.29296875,1.0986328125,-0.09765625,-0.15869140625,-0.2197265625,-0.59814453125,-0.23193359375,-0.1708984375,0.25634765625,0.8544921875,-0.29296875,-0.59814453125,0.18310546875,0.62255859375,-0.08544921875,0.20751953125,0.01220703125,2.1240234375,0.18310546875,1.3427734375,-0.1708984375,-0.3662109375,-0.1953125,-0.8544921875,0.048828125,-0.45166015625,-0.29296875,-0.76904296875,-0.23193359375,-0.1953125,-0.048828125,-0.64697265625,-0.23193359375,-0.40283203125,0.10986328125,0.634765625,0,1.1474609375,-0.29296875,0.4638671875,0.048828125,-0.13427734375,-0.30517578125,0.7080078125,0.244140625,6.89697265625,-0.2197265625,8.02001953125,0.20751953125,5.078125,-0.03662109375,6.6650390625,-0.1708984375,0.0732421875,-0.0732421875,1.0498046875,-0.15869140625,0.29296875,-0.048828125,0.23193359375,-0.23193359375,0.28076171875,-0.0244140625,0.830078125,0.1953125,0.0244140625,0.09765625,1.318359375,0.146484375,-0.9765625,-0.01220703125,-0.40283203125,-0.03662109375,-1.01318359375,0.13427734375,-0.81787109375,-0.20751953125,-1.5380859375,0.048828125,-0.28076171875,0.244140625,-0.341796875,-0.32958984375,-1.318359375,-0.06103515625,-0.91552734375,0.1220703125,-0.79345703125,-0.10986328125,-0.86669921875,0.1953125,-0.341796875,0.15869140625,5.31005859375,-0.146484375,1.96533203125,-0.1220703125,1.6845703125,0.08544921875,4.1259765625,0.09765625,0.3662109375,-0.0244140625,0.03662109375,-0.0732421875,-0.03662109375,-0.15869140625,0.2197265625,-0.09765625,-0.03662109375,-0.03662109375,0.8544921875,0,-0.5126953125,-0.0732421875,-0.57373046875
0,0.244140625,-0.35400390625,-0.146484375,-0.35400390625,0.1708984375,-0.40283203125,-0.08544921875,-0.03662109375,-0.03662109375,-0.01220703125,0.01220703125,-0.87890625,-0.28076171875,1.0986328125,-0.10986328125,-0.146484375,-0.23193359375,-0.5859375,-0.2197265625,-0.146484375,0.20751953125,0.8544921875,-0.35400390625,-0.59814453125,0.1708984375,0.54931640625,-0.09765625,0.15869140625,0.03662109375,2.099609375,0.09765625,1.26953125,-0.15869140625,-0.390625,-0.18310546875,-0.87890625,-0.01220703125,-0.4638671875,-0.28076171875,-0.74462890625,-0.1708984375,-0.1953125,-0.10986328125,-0.6591796875,-0.23193359375,-0.45166015625,0.048828125,0.59814453125,0.06103515625,1.15966796875,-0.35400390625,0.47607421875,0.09765625,-0.1220703125,-0.2685546875,0.72021484375,0.15869140625,6.70166015625,-0.20751953125,7.71484375,0.244140625,4.91943359375,-0.13427734375,6.4453125,-0.15869140625,0.0732421875,0,1.0498046875,-0.09765625,0.2685546875,-0.03662109375,0.20751953125,-0.2197265625,0.28076171875,0.01220703125,0.830078125,0.1708984375,0.0244140625,0.048828125,1.318359375,0.1708984375,-0.98876953125,-0.0244140625,-0.40283203125,-0.06103515625,-1.01318359375,0.08544921875,-0.8056640625,-0.1708984375,-1.64794921875,0.09765625,-0.341796875,0.2197265625,-0.390625,-0.244140625,-1.3427734375,-0.06103515625,-0.93994140625,0.0732421875,-0.79345703125,-0.0732421875,-0.9033203125,0.23193359375,-0.35400390625,0.09765625,6.79931640625,-0.18310546875,2.734375,-0.13427734375,2.294921875,0.08544921875,4.94384765625,0.08544921875,0.37841796875,-0.01220703125,0.03662109375,-0.0732421875,-0.03662109375,-0.146484375,0.20751953125,-0.1220703125,-0.03662109375,-0.0244140625,0.830078125,0,-0.50048828125,-0.06103515625,-0.537109375
0,0.244140625,-0.341796875,-0.18310546875,-0.32958984375,0.15869140625,-0.390625,-0.08544921875,-0.048828125,-0.0732421875,-0.0244140625,0,-0.89111328125,-0.244140625,1.0986328125,-0.10986328125,-0.146484375,-0.29296875,-0.57373046875,-0.18310546875,-0.146484375,0.13427734375,0.84228515625,-0.3173828125,-0.6103515625,0.1220703125,0.4150390625,-0.08544921875,0.03662109375,0,1.98974609375,-0.03662109375,1.15966796875,-0.10986328125,-0.40283203125,-0.20751953125,-0.9033203125,-0.0732421875,-0.50048828125,-0.2685546875,-0.732421875,-0.10986328125,-0.20751953125,-0.09765625,-0.68359375,-0.2197265625,-0.47607421875,0.01220703125,0.62255859375,0.10986328125,1.123046875,-0.42724609375,0.47607421875,0.09765625,-0.13427734375,-0.244140625,0.7080078125,0.13427734375,6.494140625,-0.1953125,7.40966796875,0.30517578125,4.7607421875,-0.1953125,6.28662109375,-0.13427734375,0.13427734375,0.06103515625,1.03759765625,-0.10986328125,0.244140625,0,0.1953125,-0.13427734375,0.28076171875,0.01220703125,0.86669921875,0.146484375,0.01220703125,0.0244140625,1.318359375,0.1953125,-1.0009765625,-0.0244140625,-0.390625,-0.048828125,-1.025390625,-0.01220703125,-0.8056640625,-0.09765625,-1.81884765625,0.1220703125,-0.40283203125,0.1953125,-0.4638671875,-0.15869140625,-1.40380859375,-0.01220703125,-0.9521484375,0.03662109375,-0.81787109375,-0.03662109375,-0.87890625,0.23193359375,-0.3173828125,0.13427734375,8.10546875,-0.15869140625,3.45458984375,-0.13427734375,2.86865234375,0.048828125,5.67626953125,0.03662109375,0.3662109375,-0.0244140625,0.0732421875,-0.0732421875,-0.03662109375,-0.10986328125,0.2197265625,-0.10986328125,-0.0244140625,-0.03662109375,0.81787109375,-0.0244140625,-0.537109375,-0.03662109375,-0.5615234375
0,0.28076171875,-0.3662109375,-0.18310546875,-0.341796875,0.18310546875,-0.37841796875,-0.09765625,-0.048828125,-0.09765625,-0.0244140625,-0.01220703125,-0.87890625,-0.244140625,1.0986328125,-0.09765625,-0.146484375,-0.30517578125,-0.5615234375,-0.13427734375,-0.13427734375,0.048828125,0.84228515625,-0.244140625,-0.634765625,0.01220703125,0.23193359375,-0.09765625,-0.08544921875,-0.06103515625,1.84326171875,-0.146484375,1.0009765625,0,-0.37841796875,-0.2197265625,-0.93994140625,-0.146484375,-0.537109375,-0.25634765625,-0.7080078125,-0.09765625,-0.23193359375,-0.048828125,-0.67138671875,-0.1953125,-0.47607421875,-0.03662109375,0.59814453125,0.146484375,1.0986328125,-0.50048828125,0.4638671875,0.09765625,-0.15869140625,-0.15869140625,0.732421875,0.048828125,6.3232421875,-0.244140625,7.11669921875,0.3173828125,4.6142578125,-0.29296875,6.06689453125,-0.09765625,0.18310546875,0.10986328125,1.03759765625,-0.10986328125,0.20751953125,0.048828125,0.20751953125,-0.01220703125,0.2685546875,0,0.89111328125,0.1220703125,0,0.01220703125,1.2939453125,0.1708984375,-0.98876953125,-0.048828125,-0.390625,-0.08544921875,-1.03759765625,-0.09765625,-0.81787109375,-0.0244140625,-1.9287109375,0.09765625,-0.47607421875,0.18310546875,-0.537109375,-0.0732421875,-1.42822265625,0.0244140625,-0.9521484375,0.01220703125,-0.78125,0.01220703125,-0.9033203125,0.1953125,-0.32958984375,0.06103515625,9.1064453125,-0.0732421875,3.9794921875,-0.1220703125,3.30810546875,0,6.23779296875,0.048828125,0.40283203125,-0.03662109375,0.06103515625,-0.06103515625,-0.0244140625,-0.1220703125,0.20751953125,-0.1220703125,-0.01220703125,-0.01220703125,0.830078125,-0.048828125,-0.5126953125,-0.048828125,-0.5615234375
0,0.30517578125,-0.3662109375,-0.23193359375,-0.341796875,0.1953125,-0.37841796875,-0.09765625,-0.048828125,-0.09765625,-0.0244140625,-0.03662109375,-0.86669921875,-0.23193359375,1.11083984375,-0.0732421875,-0.10986328125,-0.2685546875,-0.57373046875,-0.0732421875,-0.15869140625,0.03662109375,0.84228515625,-0.10986328125,-0.64697265625,-0.048828125,0.048828125,-0.15869140625,-0.2197265625,-0.146484375,1.72119140625,-0.20751953125,0.8544921875,0.06103515625,-0.390625,-0.25634765625,-0.93994140625,-0.18310546875,-0.5615234375,-0.244140625,-0.68359375,-0.10986328125,-0.23193359375,-0.03662109375,-0.67138671875,-0.146484375,-0.48828125,-0.048828125,0.6103515625,0.1953125,1.08642578125,-0.5126953125,0.45166015625,0.09765625,-0.1708984375,-0.06103515625,0.72021484375,-0.0244140625,6.103515625,-0.25634765625,6.79931640625,0.3173828125,4.40673828125,-0.4150390625,5.8349609375,-0.08544921875,0.244140625,0.18310546875,1.0498046875,-0.08544921875,0.1953125,0.09765625,0.20751953125,0.09765625,0.25634765625,0.03662109375,0.86669921875,0.08544921875,0,0,1.33056640625,0.146484375,-1.0009765625,-0.048828125,-0.40283203125,-0.08544921875,-1.03759765625,-0.1220703125,-0.8056640625,0,-1.9775390625,0.0732421875,-0.48828125,0.146484375,-0.537109375,-0.01220703125,-1.45263671875,0.0732421875,-0.9765625,-0.01220703125,-0.79345703125,0,-0.89111328125,0.1708984375,-0.3173828125,-0.0244140625,9.68017578125,0.01220703125,4.28466796875,-0.146484375,3.564453125,-0.048828125,6.57958984375,0.01220703125,0.390625,-0.0244140625,0.0732421875,-0.06103515625,0,-0.13427734375,0.20751953125,-0.10986328125,-0.0244140625,-0.0244140625,0.830078125,-0.03662109375,-0.50048828125,-0.06103515625,-0.5615234375
0,0.341796875,-0.37841796875,-0.2197265625,-0.35400390625,0.18310546875,-0.40283203125,-0.1220703125,-0.06103515625,-0.146484375,-0.03662109375,-0.0244140625,-0.86669921875,-0.20751953125,1.123046875,-0.0732421875,-0.1220703125,-0.25634765625,-0.57373046875,-0.01220703125,-0.18310546875,0.0244140625,0.830078125,-0.048828125,-0.634765625,-0.06103515625,-0.10986328125,-0.1953125,-0.341796875,-0.23193359375,1.62353515625,-0.244140625,0.732421875,0.09765625,-0.4150390625,-0.32958984375,-0.927734375,-0.18310546875,-0.5615234375,-0.28076171875,-0.634765625,-0.13427734375,-0.2197265625,0.048828125,-0.67138671875,-0.146484375,-0.48828125,-0.0244140625,0.59814453125,0.18310546875,1.0986328125,-0.50048828125,0.439453125,0.09765625,-0.20751953125,0.03662109375,0.7080078125,-0.0732421875,5.810546875,-0.23193359375,6.4208984375,0.35400390625,4.1748046875,-0.4638671875,5.517578125,-0.08544921875,0.28076171875,0.25634765625,1.0498046875,-0.08544921875,0.18310546875,0.146484375,0.23193359375,0.2197265625,0.25634765625,-0.01220703125,0.87890625,0.048828125,0.0244140625,-0.01220703125,1.33056640625,0.08544921875,-1.01318359375,-0.0732421875,-0.40283203125,-0.09765625,-1.01318359375,-0.13427734375,-0.81787109375,-0.0244140625,-1.953125,0.08544921875,-0.48828125,0.15869140625,-0.52490234375,0.048828125,-1.42822265625,0.0732421875,-0.98876953125,-0.06103515625,-0.830078125,-0.03662109375,-0.86669921875,0.146484375,-0.3173828125,-0.09765625,9.80224609375,0.09765625,4.38232421875,-0.18310546875,3.6376953125,-0.09765625,6.65283203125,0,0.40283203125,-0.0244140625,0.048828125,-0.06103515625,-0.01220703125,-0.10986328125,0.1953125,-0.09765625,-0.01220703125,-0.03662109375,0.8056640625,-0.048828125,-0.50048828125,-0.08544921875,-0.54931640625
0,0.35400390625,-0.390625,-0.244140625,-0.341796875,0.20751953125,-0.4150390625,-0.09765625,-0.048828125,-0.18310546875,-0.03662109375,-0.0244140625,-0.84228515625,-0.1953125,1.0986328125,-0.03662109375,-0.13427734375,-0.2197265625,-0.57373046875,0.048828125,-0.1953125,0.06103515625,0.84228515625,0,-0.634765625,-0.18310546875,-0.18310546875,-0.23193359375,-0.40283203125,-0.341796875,1.57470703125,-0.244140625,0.68359375,0.1220703125,-0.40283203125,-0.439453125,-0.91552734375,-0.146484375,-0.537109375,-0.32958984375,-0.59814453125,-0.15869140625,-0.23193359375,0.10986328125,-0.68359375,-0.146484375,-0.4638671875,0,0.5859375,0.18310546875,1.11083984375,-0.439453125,0.42724609375,0.0732421875,-0.2197265625,0.09765625,0.69580078125,-0.09765625,5.40771484375,-0.23193359375,5.9814453125,0.3662109375,3.86962890625,-0.47607421875,5.1025390625,-0.0732421875,0.30517578125,0.32958984375,1.03759765625,-0.0732421875,0.1708984375,0.18310546875,0.244140625,0.341796875,0.25634765625,-0.06103515625,0.8544921875,0.01220703125,0.01220703125,0,1.3427734375,-0.01220703125,-0.9765625,-0.08544921875,-0.390625,-0.1708984375,-1.0009765625,-0.10986328125,-0.81787109375,0.01220703125,-1.85546875,0.01220703125,-0.4150390625,0.1953125,-0.4638671875,0.01220703125,-1.318359375,0.06103515625,-0.98876953125,-0.10986328125,-0.8056640625,-0.048828125,-0.8544921875,0.10986328125,-0.30517578125,-0.10986328125,9.50927734375,0.13427734375,4.2236328125,-0.2197265625,3.515625,-0.08544921875,6.48193359375,-0.03662109375,0.37841796875,-0.0244140625,0.0244140625,-0.0732421875,0.01220703125,-0.146484375,0.20751953125,-0.09765625,-0.0244140625,-0.0732421875,0.8056640625,-0.0244140625,-0.50048828125,-0.1220703125,-0.5615234375
0,0.37841796875,-0.37841796875,-0.25634765625,-0.341796875,0.1953125,-0.439453125,-0.0732421875,-0.03662109375,-0.1953125,-0.03662109375,-0.0244140625,-0.830078125,-0.1708984375,1.11083984375,-0.01220703125,-0.146484375,-0.1953125,-0.5859375,0.08544921875,-0.1953125,0.146484375,0.84228515625,0.0244140625,-0.62255859375,-0.15869140625,-0.18310546875,-0.15869140625,-0.4150390625,-0.3662109375,1.55029296875,-0.13427734375,0.6591796875,0.0732421875,-0.40283203125,-0.50048828125,-0.9033203125,-0.10986328125,-0.50048828125,-0.3662109375,-0.57373046875,-0.18310546875,-0.20751953125,0.146484375,-0.67138671875,-0.1220703125,-0.45166015625,0.08544921875,0.57373046875,0.15869140625,1.171875,-0.37841796875,0.42724609375,0.0732421875,-0.244140625,0.1220703125,0.7080078125,-0.09765625,4.94384765625,-0.25634765625,5.4443359375,0.42724609375,3.5400390625,-0.4638671875,4.62646484375,-0.08544921875,0.32958984375,0.3662109375,1.0498046875,-0.0244140625,0.18310546875,0.18310546875,0.25634765625,0.3662109375,0.25634765625,-0.1220703125,0.8056640625,-0.0244140625,0.03662109375,0.03662109375,1.3427734375,-0.09765625,-0.9765625,-0.0732421875,-0.390625,-0.2197265625,-1.0009765625,-0.06103515625,-0.8056640625,-0.146484375,-1.69677734375,-0.0732421875,-0.32958984375,0.09765625,-0.35400390625,-0.09765625,-1.220703125,0.0732421875,-1.01318359375,-0.15869140625,-0.81787109375,-0.048828125,-0.8544921875,0.09765625,-0.3173828125,-0.08544921875,8.82568359375,0.1708984375,3.86962890625,-0.25634765625,3.23486328125,-0.06103515625,6.0791015625,-0.08544921875,0.37841796875,-0.0244140625,0.01220703125,-0.0732421875,0.01220703125,-0.146484375,0.20751953125,-0.08544921875,-0.0244140625,-0.048828125,0.81787109375,-0.01220703125,-0.48828125,-0.1708984375,-0.5615234375
0,0.40283203125,-0.37841796875,-0.2685546875,-0.37841796875,0.23193359375,-0.45166015625,-0.0732421875,-0.048828125,-0.23193359375,-0.03662109375,0,-0.84228515625,-0.1708984375,1.07421875,0.0244140625,-0.15869140625,-0.13427734375,-0.5859375,0.048828125,-0.244140625,0.18310546875,0.86669921875,-0.0244140625,-0.62255859375,-0.2197265625,-0.146484375,-0.1708984375,-0.390625,-0.439453125,1.5625,-0.13427734375,0.67138671875,0.01220703125,-0.37841796875,-0.54931640625,-0.87890625,-0.0732421875,-0.4638671875,-0.3662109375,-0.5615234375,-0.1220703125,-0.1708984375,0.15869140625,-0.6591796875,-0.13427734375,-0.42724609375,0.146484375,0.5859375,0.09765625,1.18408203125,-0.30517578125,0.42724609375,0.08544921875,-0.23193359375,0.13427734375,0.68359375,-0.06103515625,4.40673828125,-0.1953125,4.82177734375,0.50048828125,3.173828125,-0.45166015625,4.08935546875,-0.08544921875,0.30517578125,0.341796875,1.0498046875,0.01220703125,0.18310546875,0.1708984375,0.25634765625,0.390625,0.28076171875,-0.2197265625,0.830078125,-0.0244140625,0.0244140625,0.06103515625,1.33056640625,-0.146484375,-0.96435546875,-0.0732421875,-0.37841796875,-0.244140625,-1.01318359375,-0.0244140625,-0.79345703125,-0.146484375,-1.513671875,-0.03662109375,-0.20751953125,0.13427734375,-0.244140625,-0.13427734375,-1.0986328125,0.1220703125,-0.98876953125,-0.20751953125,-0.79345703125,-0.0732421875,-0.830078125,0.0732421875,-0.3173828125,0,7.861328125,0.18310546875,3.35693359375,-0.2685546875,2.81982421875,-0.03662109375,5.50537109375,-0.10986328125,0.37841796875,0.01220703125,0.0244140625,-0.0732421875,0,-0.1220703125,0.1953125,-0.10986328125,-0.01220703125,-0.03662109375,0.830078125,-0.01220703125,-0.48828125,-0.23193359375,-0.57373046875
0,0.390625,-0.3662109375,-0.2685546875,-0.3662109375,0.2197265625,-0.4638671875,-0.048828125,-0.048828125,-0.244140625,-0.0244140625,0.01220703125,-0.86669921875,-0.15869140625,1.08642578125,0.0244140625,-0.1708984375,-0.09765625,-0.5859375,0,-0.23193359375,0.28076171875,0.87890625,-0.0732421875,-0.6103515625,-0.23193359375,-0.08544921875,-0.1708984375,-0.32958984375,-0.439453125,1.5869140625,-0.08544921875,0.7080078125,-0.08544921875,-0.35400390625,-0.537109375,-0.86669921875,-0.0244140625,-0.42724609375,-0.37841796875,-0.5615234375,-0.0732421875,-0.1708984375,0.06103515625,-0.64697265625,-0.1220703125,-0.439453125,0.1953125,0.59814453125,0.048828125,1.18408203125,-0.23193359375,0.439453125,0.15869140625,-0.23193359375,0.1708984375,0.68359375,-0.0244140625,3.84521484375,-0.20751953125,4.21142578125,0.537109375,2.783203125,-0.42724609375,3.515625,-0.03662109375,0.2685546875,0.35400390625,1.0498046875,0.048828125,0.1953125,0.13427734375,0.25634765625,0.37841796875,0.29296875,-0.29296875,0.79345703125,-0.03662109375,0.0244140625,0.08544921875,1.3427734375,-0.20751953125,-0.96435546875,-0.0732421875,-0.37841796875,-0.2197265625,-1.0009765625,0.0244140625,-0.79345703125,-0.1953125,-1.3671875,-0.0244140625,-0.08544921875,0.09765625,-0.146484375,-0.2197265625,-1.0009765625,0.146484375,-0.9765625,-0.23193359375,-0.81787109375,-0.0732421875,-0.81787109375,0.048828125,-0.3173828125,0.09765625,6.7138671875,0.1953125,2.7099609375,-0.23193359375,2.28271484375,-0.03662109375,4.82177734375,-0.1220703125,0.40283203125,-0.01220703125,-0.01220703125,-0.06103515625,-0.0244140625,-0.146484375,0.1953125,-0.10986328125,0,-0.03662109375,0.84228515625,-0.0244140625,-0.48828125,-0.244140625,-0.5615234375
1,0.42724609375,-0.3662109375,-0.28076171875,-0.3662109375,0.23193359375,-0.4638671875,-0.06103515625,-0.06103515625,-0.244140625,-0.0244140625,0,-0.87890625,-0.15869140625,1.06201171875,0.0244140625,-0.1708984375,-0.03662109375,-0.5859375,-0.06103515625,-0.23193359375,0.35400390625,0.87890625,-0.15869140625,-0.59814453125,-0.10986328125,0,-0.048828125,-0.29296875,-0.30517578125,1.611328125,-0.0244140625,0.74462890625,-0.18310546875,-0.35400390625,-0.50048828125,-0.86669921875,-0.01220703125,-0.40283203125,-0.390625,-0.6103515625,-0.0244140625,-0.146484375,-0.06103515625,-0.6591796875,-0.10986328125,-0.439453125,0.20751953125,0.6103515625,-0.0244140625,1.1962890625,-0.146484375,0.45166015625,0.244140625,-0.2197265625,0.18310546875,0.69580078125,-0.0244140625,3.3203125,-0.1953125,3.55224609375,0.59814453125,2.44140625,-0.4638671875,2.99072265625,0.0244140625,0.23193359375,0.30517578125,1.03759765625,0.09765625,0.2197265625,0.09765625,0.244140625,0.35400390625,0.28076171875,-0.29296875,0.78125,-0.01220703125,0.0244140625,0.0732421875,1.33056640625,-0.18310546875,-0.96435546875,-0.03662109375,-0.37841796875,-0.1953125,-1.01318359375,-0.01220703125,-0.78125,-0.40283203125,-1.25732421875,-0.06103515625,-0.01220703125,-0.08544921875,-0.048828125,-0.2197265625,-0.89111328125,0.1953125,-0.98876953125,-0.244140625,-0.81787109375,-0.06103515625,-0.81787109375,0.048828125,-0.32958984375,0.15869140625,5.517578125,0.1953125,2.05078125,-0.1708984375,1.74560546875,-0.06103515625,4.08935546875,-0.18310546875,0.390625,-0.0244140625,-0.0244140625,-0.06103515625,-0.03662109375,-0.13427734375,0.1708984375,-0.1220703125,-0.01220703125,-0.048828125,0.830078125,-0.0732421875,-0.4638671875,-0.244140625,-0.5859375
1,0.40283203125,-0.35400390625,-0.30517578125,-0.3662109375,0.2197265625,-0.439453125,-0.09765625,-0.06103515625,-0.2685546875,-0.01220703125,0.01220703125,-0.89111328125,-0.1708984375,1.07421875,0.03662109375,-0.1953125,0,-0.59814453125,-0.09765625,-0.2197265625,0.32958984375,0.87890625,-0.18310546875,-0.5859375,-0.13427734375,0.06103515625,-0.06103515625,-0.2685546875,-0.28076171875,1.5869140625,-0.10986328125,0.74462890625,-0.29296875,-0.35400390625,-0.4638671875,-0.8544921875,0,-0.390625,-0.37841796875,-0.6591796875,0.03662109375,-0.1708984375,-0.1953125,-0.64697265625,-0.048828125,-0.439453125,0.1708984375,0.5859375,-0.06103515625,1.171875,-0.13427734375,0.4638671875,0.3173828125,-0.18310546875,0.20751953125,0.68359375,0.01220703125,2.83203125,-0.09765625,2.94189453125,0.69580078125,2.1484375,-0.40283203125,2.52685546875,0.08544921875,0.23193359375,0.2197265625,1.025390625,0.10986328125,0.2197265625,0.06103515625,0.23193359375,0.3662109375,0.2685546875,-0.341796875,0.8056640625,0.0244140625,0,0,1.318359375,-0.1708984375,-0.9521484375,-0.0244140625,-0.3662109375,-0.15869140625,-1.01318359375,-0.0244140625,-0.78125,-0.37841796875,-1.1962890625,0.01220703125,0.0732421875,-0.09765625,0.0244140625,-0.146484375,-0.81787109375,0.2197265625,-0.9765625,-0.25634765625,-0.79345703125,-0.048828125,-0.81787109375,0.0732421875,-0.341796875,0.244140625,4.33349609375,0.146484375,1.3671875,-0.146484375,1.18408203125,-0.06103515625,3.38134765625,-0.20751953125,0.3662109375,-0.03662109375,-0.0244140625,-0.06103515625,-0.06103515625,-0.1220703125,0.1708984375,-0.10986328125,-0.01220703125,-0.048828125,0.81787109375,-0.08544921875,-0.50048828125,-0.23193359375,-0.59814453125
1,0.42724609375,-0.35400390625,-0.30517578125,-0.3662109375,0.23193359375,-0.42724609375,-0.09765625,-0.0732421875,-0.2685546875,0,0.01220703125,-0.89111328125,-0.1708984375,1.06201171875,0.01220703125,-0.1708984375,-0.01220703125,-0.57373046875,-0.08544921875,-0.20751953125,0.29296875,0.89111328125,-0.1708984375,-0.5615234375,-0.0732421875,0.09765625,0.0244140625,-0.25634765625,-0.146484375,1.55029296875,-0.10986328125,0.72021484375,-0.3173828125,-0.35400390625,-0.37841796875,-0.8544921875,-0.01220703125,-0.4150390625,-0.32958984375,-0.7080078125,0.08544921875,-0.1708984375,-0.25634765625,-0.64697265625,-0.03662109375,-0.45166015625,0.1220703125,0.5859375,-0.08544921875,1.1474609375,-0.0732421875,0.47607421875,0.3173828125,-0.18310546875,0.1708984375,0.732421875,0.03662109375,2.4169921875,-0.048828125,2.35595703125,0.72021484375,1.89208984375,-0.37841796875,2.1240234375,0.13427734375,0.20751953125,0.15869140625,1.025390625,0.1220703125,0.244140625,0,0.2197265625,0.341796875,0.25634765625,-0.390625,0.8056640625,0.06103515625,0,-0.048828125,1.318359375,-0.15869140625,-0.96435546875,0.0244140625,-0.3662109375,-0.10986328125,-1.01318359375,-0.01220703125,-0.78125,-0.45166015625,-1.171875,-0.048828125,0.1220703125,-0.20751953125,0.0732421875,-0.13427734375,-0.74462890625,0.23193359375,-0.9765625,-0.23193359375,-0.8056640625,-0.0244140625,-0.830078125,0.08544921875,-0.32958984375,0.20751953125,3.2470703125,0.1220703125,0.74462890625,-0.10986328125,0.67138671875,-0.0732421875,2.734375,-0.244140625,0.3662109375,-0.048828125,-0.0244140625,-0.0732421875,-0.03662109375,-0.1220703125,0.18310546875,-0.1220703125,-0.0244140625,-0.048828125,0.78125,-0.10986328125,-0.5126953125,-0.2197265625,-0.6103515625
1,0.45166015625,-0.341796875,-0.28076171875,-0.3662109375,0.25634765625,-0.40283203125,-0.10986328125,-0.06103515625,-0.29296875,0.01220703125,0,-0.89111328125,-0.15869140625,1.07421875,0.01220703125,-0.18310546875,-0.08544921875,-0.5615234375,-0.06103515625,-0.18310546875,0.18310546875,0.89111328125,-0.1708984375,-0.5859375,-0.01220703125,0.09765625,0.10986328125,-0.29296875,-0.08544921875,1.46484375,-0.13427734375,0.68359375,-0.29296875,-0.3662109375,-0.35400390625,-0.86669921875,-0.0244140625,-0.439453125,-0.25634765625,-0.78125,0.06103515625,-0.1953125,-0.244140625,-0.6591796875,-0.01220703125,-0.45166015625,0.08544921875,0.59814453125,-0.0244140625,1.1474609375,-0.06103515625,0.4638671875,0.30517578125,-0.1708984375,0.13427734375,0.7080078125,0.1220703125,2.099609375,-0.01220703125,1.85546875,0.78125,1.69677734375,-0.28076171875,1.81884765625,0.1708984375,0.20751953125,0.06103515625,1.025390625,0.10986328125,0.244140625,-0.06103515625,0.20751953125,0.25634765625,0.244140625,-0.40283203125,0.84228515625,0.10986328125,-0.01220703125,-0.09765625,1.2939453125,-0.09765625,-0.96435546875,0.048828125,-0.390625,-0.048828125,-1.01318359375,-0.06103515625,-0.78125,-0.48828125,-1.220703125,-0.0244140625,0.15869140625,-0.25634765625,0.1220703125,-0.06103515625,-0.6591796875,0.18310546875,-0.927734375,-0.1953125,-0.8056640625,0.0244140625,-0.830078125,0.08544921875,-0.32958984375,0.18310546875,2.28271484375,0.0732421875,0.18310546875,-0.0732421875,0.23193359375,-0.0732421875,2.16064453125,-0.244140625,0.37841796875,-0.08544921875,-0.0244140625,-0.06103515625,-0.03662109375,-0.10986328125,0.18310546875,-0.1220703125,-0.03662109375,-0.06103515625,0.8056640625,-0.08544921875,-0.5126953125,-0.20751953125,-0.6103515625
1,0.45166015625,-0.3662109375,-0.2685546875,-0.341796875,0.244140625,-0.390625,-0.10986328125,-0.048828125,-0.25634765625,0,-0.01220703125,-0.89111328125,-0.15869140625,1.07421875,0.03662109375,-0.146484375,-0.1708984375,-0.5859375,-0.06103515625,-0.1708984375,0.0732421875,0.87890625,-0.1220703125,-0.5859375,0.03662109375,0.0732421875,0.1953125,-0.3662109375,-0.0732421875,1.37939453125,-0.13427734375,0.59814453125,-0.18310546875,-0.37841796875,-0.35400390625,-0.87890625,-0.0732421875,-0.4638671875,-0.18310546875,-0.81787109375,-0.03662109375,-0.20751953125,-0.1708984375,-0.6591796875,-0.0244140625,-0.4638671875,0.0244140625,0.59814453125,0.048828125,1.13525390625,-0.0732421875,0.4638671875,0.28076171875,-0.1953125,0.0732421875,0.7080078125,0.146484375,1.86767578125,0.048828125,1.4404296875,0.830078125,1.5380859375,-0.1708984375,1.57470703125,0.15869140625,0.1953125,-0.03662109375,1.03759765625,0.0732421875,0.23193359375,-0.09765625,0.18310546875,0.23193359375,0.20751953125,-0.4150390625,0.87890625,0.1708984375,-0.0244140625,-0.18310546875,1.2939453125,-0.01220703125,-0.9521484375,0.06103515625,-0.390625,-0.03662109375,-1.025390625,-0.048828125,-0.76904296875,-0.341796875,-1.23291015625,0.03662109375,0.1953125,-0.1953125,0.18310546875,0.01220703125,-0.57373046875,0.09765625,-0.9521484375,-0.13427734375,-0.830078125,0.048828125,-0.84228515625,0.09765625,-0.3173828125,0.146484375,1.4404296875,0.03662109375,-0.2685546875,-0.0244140625,-0.1708984375,-0.0732421875,1.64794921875,-0.25634765625,0.37841796875,-0.0732421875,0,-0.0732421875,-0.01220703125,-0.09765625,0.1953125,-0.13427734375,-0.048828125,-0.0732421875,0.79345703125,-0.09765625,-0.5126953125,-0.18310546875,-0.6103515625
1,0.45166015625,-0.35400390625,-0.29296875,-0.35400390625,0.244140625,-0.37841796875,-0.10986328125,-0.06103515625,-0.25634765625,-0.01220703125,-0.01220703125,-0.89111328125,-0.15869140625,1.08642578125,0.03662109375,-0.15869140625,-0.2685546875,-0.57373046875,-0.048828125,-0.1708984375,0.01220703125,0.8544921875,-0.09765625,-0.59814453125,0.048828125,0.01220703125,0.18310546875,-0.42724609375,-0.09765625,1.2939453125,-0.08544921875,0.537109375,-0.08544921875,-0.37841796875,-0.28076171875,-0.89111328125,-0.13427734375,-0.4638671875,-0.146484375,-0.8544921875,-0.20751953125,-0.2197265625,-0.048828125,-0.6591796875,-0.0732421875,-0.4638671875,0,0.6103515625,0.146484375,1.13525390625,-0.1220703125,0.439453125,0.23193359375,-0.1953125,0.01220703125,0.7080078125,0.10986328125,1.72119140625,0.09765625,1.1474609375,0.84228515625,1.42822265625,-0.048828125,1.42822265625,0.146484375,0.2197265625,-0.10986328125,1.025390625,0.0244140625,0.23193359375,-0.13427734375,0.18310546875,0.1708984375,0.2197265625,-0.4150390625,0.86669921875,0.15869140625,-0.0244140625,-0.244140625,1.30615234375,0.0244140625,-0.96435546875,0.06103515625,-0.3662109375,-0.06103515625,-1.0009765625,-0.01220703125,-0.78125,-0.32958984375,-1.220703125,-0.0244140625,0.25634765625,-0.18310546875,0.28076171875,-0.03662109375,-0.4638671875,0.06103515625,-0.96435546875,-0.10986328125,-0.84228515625,0.03662109375,-0.86669921875,0.0732421875,-0.30517578125,0.06103515625,0.732421875,-0.01220703125,-0.68359375,-0.0244140625,-0.48828125,-0.08544921875,1.220703125,-0.2685546875,0.37841796875,-0.09765625,0.01220703125,-0.06103515625,0.01220703125,-0.09765625,0.1953125,-0.09765625,-0.06103515625,-0.08544921875,0.8056640625,-0.09765625,-0.52490234375,-0.1953125,-0.59814453125
1,0.47607421875,-0.341796875,-0.28076171875,-0.3662109375,0.244140625,-0.341796875,-0.10986328125,-0.06103515625,-0.25634765625,0,-0.0244140625,-0.86669921875,-0.15869140625,1.123046875,0.03662109375,-0.1708984375,-0.2685546875,-0.5615234375,-0.09765625,-0.18310546875,0.0244140625,0.84228515625,-0.13427734375,-0.6103515625,0,-0.01220703125,0.10986328125,-0.47607421875,-0.18310546875,1.25732421875,-0.0244140625,0.52490234375,0,-0.390625,-0.2197265625,-0.86669921875,-0.15869140625,-0.4638671875,-0.146484375,-0.86669921875,-0.341796875,-0.2197265625,0.048828125,-0.634765625,-0.146484375,-0.47607421875,0,0.6103515625,0.18310546875,1.15966796875,-0.15869140625,0.40283203125,0.1953125,-0.23193359375,-0.03662109375,0.7080078125,0.10986328125,1.6845703125,0.13427734375,0.98876953125,0.86669921875,1.37939453125,0.09765625,1.3671875,0.13427734375,0.244140625,-0.2197265625,1.0498046875,-0.0244140625,0.244140625,-0.1220703125,0.1708984375,0.08544921875,0.1953125,-0.37841796875,0.89111328125,0.18310546875,0,-0.28076171875,1.30615234375,0.146484375,-0.9765625,0.0732421875,-0.3662109375,-0.06103515625,-1.01318359375,0.0244140625,-0.76904296875,-0.244140625,-1.1474609375,-0.0244140625,0.3173828125,-0.13427734375,0.390625,-0.048828125,-0.341796875,0.06103515625,-0.9521484375,-0.10986328125,-0.8544921875,0.048828125,-0.86669921875,0.0732421875,-0.3173828125,0.0244140625,0.1220703125,-0.0732421875,-1.01318359375,-0.01220703125,-0.7568359375,-0.08544921875,0.8544921875,-0.2685546875,0.3662109375,-0.1220703125,0.01220703125,-0.0732421875,0.03662109375,-0.0732421875,0.2197265625,-0.08544921875,-0.06103515625,-0.09765625,0.8056640625,-0.08544921875,-0.5126953125,-0.1953125,-0.5615234375
1,0.45166015625,-0.341796875,-0.2685546875,-0.37841796875,0.20751953125,-0.35400390625,-0.1220703125,-0.048828125,-0.30517578125,-0.01220703125,-0.0244140625,-0.86669921875,-0.18310546875,1.13525390625,0.06103515625,-0.146484375,-0.23193359375,-0.54931640625,-0.13427734375,-0.1953125,0.048828125,0.830078125,-0.146484375,-0.59814453125,0.1220703125,0.0244140625,0.06103515625,-0.4638671875,-0.28076171875,1.30615234375,0.0244140625,0.5615234375,0.08544921875,-0.40283203125,-0.1708984375,-0.89111328125,-0.1708984375,-0.439453125,-0.1708984375,-0.8544921875,-0.45166015625,-0.20751953125,0.1220703125,-0.62255859375,-0.25634765625,-0.45166015625,0,0.6103515625,0.20751953125,1.13525390625,-0.18310546875,0.40283203125,0.18310546875,-0.2197265625,-0.09765625,0.69580078125,-0.0244140625,1.72119140625,0.146484375,1.0009765625,0.86669921875,1.37939453125,0.1708984375,1.416015625,0.10986328125,0.23193359375,-0.25634765625,1.0498046875,-0.08544921875,0.2197265625,-0.146484375,0.18310546875,0.01220703125,0.20751953125,-0.32958984375,0.8544921875,0.1953125,0.01220703125,-0.28076171875,1.30615234375,0.23193359375,-0.98876953125,0.0732421875,-0.3662109375,-0.08544921875,-0.98876953125,0.08544921875,-0.76904296875,-0.1708984375,-1.025390625,0,0.4150390625,0.0244140625,0.52490234375,-0.09765625,-0.1953125,0.08544921875,-0.9521484375,-0.1220703125,-0.84228515625,0,-0.86669921875,0.09765625,-0.3173828125,0.03662109375,-0.4150390625,-0.10986328125,-1.3427734375,-0.048828125,-0.98876953125,-0.06103515625,0.537109375,-0.25634765625,0.37841796875,-0.10986328125,0,-0.0732421875,0.06103515625,-0.08544921875,0.20751953125,-0.0732421875,-0.048828125,-0.09765625,0.84228515625,-0.08544921875,-0.48828125,-0.2197265625,-0.52490234375
1,0.439453125,-0.32958984375,-0.25634765625,-0.35400390625,0.20751953125,-0.37841796875,-0.08544921875,-0.06103515625,-0.32958984375,0,-0.0244140625,-0.8544921875,-0.18310546875,1.123046875,0.0732421875,-0.15869140625,-0.15869140625,-0.5615234375,-0.1708984375,-0.20751953125,0.1220703125,0.830078125,-0.2197265625,-0.6103515625,0.25634765625,0.08544921875,-0.03662109375,-0.4150390625,-0.32958984375,1.416015625,0.0732421875,0.67138671875,0.13427734375,-0.37841796875,-0.146484375,-0.87890625,-0.15869140625,-0.45166015625,-0.20751953125,-0.81787109375,-0.4638671875,-0.1953125,0.15869140625,-0.62255859375,-0.32958984375,-0.40283203125,0.03662109375,0.6103515625,0.18310546875,1.1474609375,-0.20751953125,0.390625,0.1953125,-0.20751953125,-0.20751953125,0.69580078125,-0.06103515625,1.8798828125,0.3173828125,1.1962890625,0.9033203125,1.47705078125,0.2685546875,1.55029296875,0.0732421875,0.28076171875,-0.28076171875,1.0498046875,-0.15869140625,0.2197265625,-0.08544921875,0.23193359375,-0.06103515625,0.20751953125,-0.3173828125,0.8544921875,0.20751953125,0.01220703125,-0.29296875,1.30615234375,0.2685546875,-1.01318359375,0.048828125,-0.341796875,-0.13427734375,-0.98876953125,0.1220703125,-0.78125,-0.08544921875,-0.9033203125,0.03662109375,0.50048828125,0.1220703125,0.6591796875,-0.1220703125,-0.0244140625,0.146484375,-0.96435546875,-0.146484375,-0.84228515625,-0.03662109375,-0.86669921875,0.1220703125,-0.3173828125,0,-0.86669921875,-0.146484375,-1.59912109375,-0.0732421875,-1.171875,-0.03662109375,0.244140625,-0.28076171875,0.3662109375,-0.1220703125,0.0244140625,-0.06103515625,0.06103515625,-0.08544921875,0.20751953125,-0.08544921875,-0.03662109375,-0.1220703125,0.86669921875,-0.08544921875,-0.4638671875,-0.2197265625,-0.537109375
1,0.42724609375,-0.3662109375,-0.244140625,-0.3662109375,0.15869140625,-0.4150390625,-0.08544921875,-0.06103515625,-0.30517578125,0.0244140625,-0.01220703125,-0.84228515625,-0.1708984375,1.11083984375,0.048828125,-0.13427734375,-0.10986328125,-0.5615234375,-0.23193359375,-0.2197265625,0.23193359375,0.84228515625,-0.3173828125,-0.5859375,0.25634765625,0.1953125,-0.08544921875,-0.32958984375,-0.40283203125,1.59912109375,0.0244140625,0.81787109375,0.15869140625,-0.3662109375,-0.1953125,-0.87890625,-0.1708984375,-0.439453125,-0.32958984375,-0.79345703125,-0.4150390625,-0.1953125,0.18310546875,-0.62255859375,-0.390625,-0.390625,0.06103515625,0.6103515625,0.15869140625,1.171875,-0.244140625,0.40283203125,0.18310546875,-0.20751953125,-0.439453125,0.7080078125,-0.08544921875,2.11181640625,0.3662109375,1.5625,0.91552734375,1.6357421875,0.30517578125,1.79443359375,0.0732421875,0.30517578125,-0.28076171875,1.025390625,-0.18310546875,0.2197265625,-0.0244140625,0.2197265625,-0.146484375,0.2197265625,-0.2685546875,0.830078125,0.2197265625,0.0244140625,-0.23193359375,1.318359375,0.2685546875,-1.0009765625,0.0732421875,-0.32958984375,-0.15869140625,-0.9765625,0.13427734375,-0.79345703125,-0.01220703125,-0.76904296875,0.06103515625,0.57373046875,0.1708984375,0.76904296875,-0.1220703125,0.08544921875,0.18310546875,-0.96435546875,-0.15869140625,-0.81787109375,-0.06103515625,-0.86669921875,0.1220703125,-0.3173828125,0,-1.26953125,-0.1953125,-1.8310546875,-0.10986328125,-1.3427734375,0,-0.01220703125,-0.28076171875,0.37841796875,-0.10986328125,0.0244140625,-0.08544921875,0.06103515625,-0.08544921875,0.20751953125,-0.09765625,-0.03662109375,-0.09765625,0.86669921875,-0.09765625,-0.45166015625,-0.1953125,-0.52490234375
1,0.4150390625,-0.35400390625,-0.2685546875,-0.3662109375,0.1220703125,-0.439453125,-0.0732421875,-0.06103515625,-0.32958984375,0.0244140625,-0.0244140625,-0.8544921875,-0.1708984375,1.0986328125,0.06103515625,-0.13427734375,-0.0244140625,-0.5615234375,-0.23193359375,-0.244140625,0.32958984375,0.84228515625,-0.35400390625,-0.5859375,0.244140625,0.29296875,-0.15869140625,-0.20751953125,-0.439453125,1.806640625,-0.0732421875,0.98876953125,0.08544921875,-0.35400390625,-0.244140625,-0.87890625,-0.1953125,-0.439453125,-0.3662109375,-0.732421875,-0.29296875,-0.18310546875,0.1708984375,-0.634765625,-0.40283203125,-0.37841796875,0.0732421875,0.634765625,0.10986328125,1.1962890625,-0.25634765625,0.42724609375,0.146484375,-0.1708984375,-0.67138671875,0.7080078125,-0.08544921875,2.5146484375,0.40283203125,2.1484375,0.96435546875,1.94091796875,0.390625,2.2216796875,0.048828125,0.341796875,-0.28076171875,1.03759765625,-0.20751953125,0.244140625,0.0244140625,0.244140625,-0.1708984375,0.25634765625,-0.23193359375,0.79345703125,0.2197265625,0.03662109375,-0.1953125,1.33056640625,0.23193359375,-1.025390625,0.0732421875,-0.35400390625,-0.15869140625,-0.98876953125,0.1220703125,-0.78125,-0.01220703125,-0.64697265625,0.08544921875,0.6103515625,0.18310546875,0.830078125,-0.09765625,0.18310546875,0.244140625,-0.9765625,-0.15869140625,-0.8056640625,-0.09765625,-0.8544921875,0.09765625,-0.3173828125,-0.03662109375,-1.55029296875,-0.2685546875,-2.001953125,-0.146484375,-1.46484375,0,-0.23193359375,-0.2685546875,0.390625,-0.1708984375,0.03662109375,-0.0732421875,0.03662109375,-0.09765625,0.2197265625,-0.10986328125,-0.0244140625,-0.08544921875,0.8544921875,-0.10986328125,-0.4638671875,-0.1708984375,-0.52490234375
1,0.40283203125,-0.3662109375,-0.2685546875,-0.32958984375,0.1220703125,-0.45166015625,-0.048828125,-0.0732421875,-0.30517578125,0,-0.01220703125,-0.86669921875,-0.15869140625,1.0986328125,0.048828125,-0.146484375,0,-0.57373046875,-0.23193359375,-0.23193359375,0.439453125,0.86669921875,-0.37841796875,-0.5859375,0.3173828125,0.37841796875,-0.15869140625,-0.09765625,-0.40283203125,1.98974609375,-0.1708984375,1.11083984375,0.03662109375,-0.32958984375,-0.341796875,-0.8544921875,-0.244140625,-0.390625,-0.3662109375,-0.7080078125,-0.13427734375,-0.13427734375,0.08544921875,-0.634765625,-0.32958984375,-0.37841796875,0.08544921875,0.62255859375,0.048828125,1.171875,-0.28076171875,0.439453125,0.13427734375,-0.15869140625,-0.91552734375,0.7080078125,-0.0732421875,3.03955078125,0.35400390625,2.94189453125,0.98876953125,2.34375,0.390625,2.8076171875,0.01220703125,0.35400390625,-0.29296875,1.025390625,-0.18310546875,0.25634765625,0.06103515625,0.23193359375,-0.1953125,0.2685546875,-0.20751953125,0.732421875,0.244140625,0.048828125,-0.1220703125,1.318359375,0.2197265625,-1.0009765625,0.08544921875,-0.32958984375,-0.10986328125,-0.98876953125,0.09765625,-0.8056640625,-0.01220703125,-0.6103515625,0.0732421875,0.62255859375,0.13427734375,0.87890625,-0.0732421875,0.20751953125,0.20751953125,-0.9765625,-0.146484375,-0.79345703125,-0.09765625,-0.86669921875,0.048828125,-0.30517578125,0.01220703125,-1.7578125,-0.20751953125,-2.08740234375,-0.10986328125,-1.5625,0,-0.35400390625,-0.244140625,0.40283203125,-0.1708984375,0.048828125,-0.0732421875,0.0244140625,-0.08544921875,0.20751953125,-0.1220703125,-0.0244140625,-0.0732421875,0.86669921875,-0.146484375,-0.439453125,-0.15869140625,-0.5126953125
1,0.40283203125,-0.37841796875,-0.2685546875,-0.32958984375,0.1220703125,-0.4638671875,-0.06103515625,-0.048828125,-0.3173828125,0,-0.03662109375,-0.86669921875,-0.15869140625,1.08642578125,0.048828125,-0.13427734375,0.01220703125,-0.5859375,-0.1708984375,-0.20751953125,0.48828125,0.86669921875,-0.35400390625,-0.5859375,0.23193359375,0.45166015625,-0.1953125,-0.03662109375,-0.35400390625,2.08740234375,-0.30517578125,1.171875,-0.01220703125,-0.30517578125,-0.4150390625,-0.8544921875,-0.244140625,-0.390625,-0.390625,-0.69580078125,0.048828125,-0.146484375,0.01220703125,-0.64697265625,-0.1953125,-0.35400390625,0.06103515625,0.6103515625,-0.0244140625,1.18408203125,-0.29296875,0.4638671875,0.15869140625,-0.146484375,-1.03759765625,0.72021484375,-0.0244140625,3.7109375,0.2685546875,3.90625,1.07421875,2.89306640625,0.40283203125,3.52783203125,-0.01220703125,0.37841796875,-0.28076171875,1.025390625,-0.13427734375,0.244140625,0.048828125,0.25634765625,-0.2197265625,0.29296875,-0.146484375,0.7568359375,0.2685546875,0.06103515625,-0.0732421875,1.30615234375,0.1708984375,-0.98876953125,0.0732421875,-0.341796875,-0.06103515625,-0.98876953125,0.0732421875,-0.79345703125,-0.06103515625,-0.64697265625,0.08544921875,0.57373046875,0.03662109375,0.830078125,-0.03662109375,0.15869140625,0.146484375,-0.9765625,-0.1708984375,-0.76904296875,-0.06103515625,-0.84228515625,-0.0244140625,-0.32958984375,0.03662109375,-1.84326171875,-0.146484375,-2.1484375,-0.09765625,-1.59912109375,-0.01220703125,-0.4150390625,-0.23193359375,0.40283203125,-0.18310546875,0.0244140625,-0.06103515625,0,-0.0732421875,0.2197265625,-0.146484375,0,-0.0732421875,0.8544921875,-0.13427734375,-0.45166015625,-0.13427734375,-0.537109375
1,0.37841796875,-0.37841796875,-0.28076171875,-0.35400390625,0.10986328125,-0.47607421875,-0.03662109375,-0.048828125,-0.32958984375,-0.01220703125,-0.0244140625,-0.89111328125,-0.13427734375,1.07421875,0.03662109375,-0.146484375,0.048828125,-0.57373046875,-0.10986328125,-0.1953125,0.4638671875,0.86669921875,-0.244140625,-0.59814453125,0.1953125,0.4638671875,-0.1708984375,-0.0244140625,-0.244140625,2.1240234375,-0.341796875,1.1962890625,-0.03662109375,-0.30517578125,-0.54931640625,-0.8544921875,-0.23193359375,-0.390625,-0.35400390625,-0.68359375,0.1953125,-0.13427734375,-0.01220703125,-0.64697265625,-0.0244140625,-0.390625,0.01220703125,0.634765625,-0.10986328125,1.171875,-0.25634765625,0.5126953125,0.1708984375,-0.15869140625,-1.06201171875,0.732421875,0,4.5166015625,0.20751953125,5.0048828125,1.06201171875,3.52783203125,0.3662109375,4.38232421875,-0.0732421875,0.390625,-0.244140625,1.0498046875,-0.1220703125,0.25634765625,0.0244140625,0.244140625,-0.18310546875,0.3173828125,-0.09765625,0.76904296875,0.28076171875,0.048828125,-0.03662109375,1.3427734375,0.146484375,-0.9765625,0.09765625,-0.341796875,0.0244140625,-1.0009765625,-0.01220703125,-0.79345703125,-0.08544921875,-0.7568359375,0.0732421875,0.52490234375,0,0.72021484375,0.01220703125,0.0732421875,0.0732421875,-0.9521484375,-0.20751953125,-0.78125,-0.01220703125,-0.8544921875,-0.09765625,-0.3173828125,0.03662109375,-1.8310546875,-0.08544921875,-2.11181640625,-0.08544921875,-1.5869140625,-0.03662109375,-0.37841796875,-0.23193359375,0.390625,-0.18310546875,0.03662109375,-0.06103515625,-0.0244140625,-0.048828125,0.20751953125,-0.15869140625,-0.01220703125,-0.0732421875,0.830078125,-0.146484375,-0.4638671875,-0.13427734375,-0.54931640625
0,0.390625,-0.35400390625,-0.244140625,-0.341796875,0.1220703125,-0.47607421875,-0.01220703125,-0.06103515625,-0.29296875,-0.0244140625,-0.03662109375,-0.89111328125,-0.13427734375,1.0986328125,0.048828125,-0.1708984375,0.048828125,-0.5859375,-0.0244140625,-0.18310546875,0.390625,0.86669921875,-0.10986328125,-0.57373046875,0.1220703125,0.45166015625,-0.1708984375,-0.06103515625,-0.20751953125,2.05078125,-0.3662109375,1.13525390625,-0.01220703125,-0.3173828125,-0.62255859375,-0.8544921875,-0.2197265625,-0.390625,-0.3662109375,-0.67138671875,0.25634765625,-0.15869140625,-0.06103515625,-0.64697265625,0.1220703125,-0.40283203125,-0.03662109375,0.62255859375,-0.20751953125,1.13525390625,-0.244140625,0.5126953125,0.1953125,-0.146484375,-0.98876953125,0.7080078125,0.06103515625,5.3955078125,0.2685546875,6.15234375,0.9521484375,4.21142578125,0.341796875,5.31005859375,-0.10986328125,0.37841796875,-0.25634765625,1.03759765625,-0.03662109375,0.244140625,-0.01220703125,0.23193359375,-0.146484375,0.30517578125,-0.048828125,0.79345703125,0.29296875,0.048828125,-0.048828125,1.33056640625,0.09765625,-0.98876953125,0.10986328125,-0.35400390625,0.03662109375,-1.025390625,-0.048828125,-0.79345703125,-0.08544921875,-0.89111328125,0.03662109375,0.42724609375,-0.09765625,0.59814453125,0.048828125,-0.08544921875,0.01220703125,-0.96435546875,-0.23193359375,-0.79345703125,0.0732421875,-0.84228515625,-0.146484375,-0.3173828125,0.03662109375,-1.67236328125,-0.03662109375,-2.05078125,-0.048828125,-1.5380859375,-0.06103515625,-0.29296875,-0.2197265625,0.40283203125,-0.1953125,0.0244140625,-0.08544921875,-0.03662109375,-0.048828125,0.18310546875,-0.15869140625,-0.01220703125,-0.08544921875,0.8056640625,-0.146484375,-0.4638671875,-0.146484375,-0.5615234375
0,0.37841796875,-0.35400390625,-0.244140625,-0.3662109375,0.10986328125,-0.45166015625,0,-0.06103515625,-0.28076171875,-0.03662109375,-0.03662109375,-0.87890625,-0.09765625,1.11083984375,0.06103515625,-0.1708984375,-0.0244140625,-0.5615234375,0.09765625,-0.1708984375,0.30517578125,0.86669921875,0.01220703125,-0.5859375,0.1708984375,0.439453125,-0.10986328125,-0.13427734375,-0.1708984375,1.904296875,-0.341796875,1.03759765625,0.0244140625,-0.32958984375,-0.69580078125,-0.830078125,-0.146484375,-0.40283203125,-0.341796875,-0.72021484375,0.25634765625,-0.15869140625,-0.03662109375,-0.67138671875,0.23193359375,-0.42724609375,-0.0244140625,0.64697265625,-0.2197265625,1.13525390625,-0.2197265625,0.5126953125,0.18310546875,-0.1708984375,-0.86669921875,0.7080078125,0.10986328125,6.28662109375,0.20751953125,7.32421875,0.8544921875,4.8828125,0.35400390625,6.2255859375,-0.10986328125,0.37841796875,-0.244140625,1.0498046875,0,0.23193359375,-0.0244140625,0.23193359375,-0.10986328125,0.29296875,0,0.81787109375,0.30517578125,0.01220703125,-0.06103515625,1.33056640625,0.06103515625,-0.98876953125,0.1220703125,-0.35400390625,0.0732421875,-1.03759765625,-0.09765625,-0.79345703125,-0.146484375,-1.07421875,-0.0244140625,0.35400390625,-0.0732421875,0.48828125,0.06103515625,-0.23193359375,0,-0.93994140625,-0.23193359375,-0.79345703125,0.1220703125,-0.84228515625,-0.20751953125,-0.32958984375,0.048828125,-1.47705078125,0.048828125,-1.9287109375,-0.03662109375,-1.45263671875,-0.0732421875,-0.146484375,-0.20751953125,0.37841796875,-0.1953125,0.048828125,-0.06103515625,-0.0244140625,-0.03662109375,0.20751953125,-0.13427734375,0,-0.10986328125,0.8056640625,-0.1220703125,-0.47607421875,-0.1220703125,-0.5859375
0,0.32958984375,-0.3662109375,-0.244140625,-0.341796875,0.0732421875,-0.42724609375,0,-0.048828125,-0.29296875,-0.048828125,-0.03662109375,-0.87890625,-0.09765625,1.0986328125,0.09765625,-0.15869140625,-0.0732421875,-0.57373046875,0.1708984375,-0.15869140625,0.18310546875,0.8544921875,0.13427734375,-0.5859375,0.23193359375,0.47607421875,-0.0244140625,-0.244140625,-0.146484375,1.7578125,-0.28076171875,0.91552734375,0.1220703125,-0.341796875,-0.76904296875,-0.8544921875,-0.1220703125,-0.4150390625,-0.3173828125,-0.74462890625,0.1220703125,-0.1953125,-0.0244140625,-0.67138671875,0.28076171875,-0.4638671875,0.01220703125,0.6103515625,-0.244140625,1.13525390625,-0.18310546875,0.5126953125,0.18310546875,-0.1708984375,-0.78125,0.7080078125,0.15869140625,7.14111328125,0.146484375,8.349609375,0.7080078125,5.48095703125,0.3662109375,7.09228515625,-0.1220703125,0.3662109375,-0.18310546875,1.0498046875,0.01220703125,0.244140625,-0.048828125,0.2197265625,-0.13427734375,0.28076171875,0.06103515625,0.81787109375,0.29296875,0.01220703125,-0.1220703125,1.3427734375,0.06103515625,-1.0009765625,0.146484375,-0.35400390625,0.10986328125,-1.0498046875,-0.06103515625,-0.79345703125,-0.1220703125,-1.23291015625,0,0.28076171875,0.06103515625,0.37841796875,0.08544921875,-0.3662109375,-0.01220703125,-0.9521484375,-0.244140625,-0.79345703125,0.1953125,-0.84228515625,-0.2685546875,-0.3173828125,0.06103515625,-1.25732421875,0.09765625,-1.74560546875,-0.03662109375,-1.33056640625,-0.06103515625,0.0244140625,-0.20751953125,0.37841796875,-0.2197265625,0.0244140625,-0.08544921875,-0.01220703125,-0.0244140625,0.20751953125,-0.15869140625,0,-0.1220703125,0.8056640625,-0.146484375,-0.48828125,-0.1220703125,-0.5859375
0,0.29296875,-0.35400390625,-0.23193359375,-0.37841796875,0.08544921875,-0.4150390625,-0.01220703125,-0.048828125,-0.29296875,-0.0244140625,-0.01220703125,-0.86669921875,-0.10986328125,1.11083984375,0.09765625,-0.1708984375,-0.1708984375,-0.57373046875,0.1953125,-0.15869140625,0.10986328125,0.8544921875,0.18310546875,-0.59814453125,0.2685546875,0.59814453125,0.0244140625,-0.28076171875,-0.20751953125,1.66015625,-0.18310546875,0.8544921875,0.1953125,-0.3662109375,-0.732421875,-0.8544921875,-0.048828125,-0.42724609375,-0.2685546875,-0.7568359375,-0.0732421875,-0.20751953125,-0.01220703125,-0.67138671875,0.244140625,-0.4638671875,0.08544921875,0.634765625,-0.2197265625,1.15966796875,-0.146484375,0.48828125,0.23193359375,-0.1953125,-0.72021484375,0.69580078125,0.15869140625,7.8125,0.08544921875,9.1552734375,0.69580078125,5.9326171875,0.3662109375,7.763671875,-0.06103515625,0.3662109375,-0.13427734375,1.06201171875,0.0244140625,0.2197265625,-0.03662109375,0.23193359375,-0.13427734375,0.25634765625,0.09765625,0.84228515625,0.25634765625,0,-0.15869140625,1.3427734375,0.08544921875,-1.01318359375,0.1220703125,-0.35400390625,0.09765625,-1.01318359375,-0.01220703125,-0.78125,-0.10986328125,-1.35498046875,-0.03662109375,0.244140625,0.1220703125,0.30517578125,0.01220703125,-0.47607421875,-0.01220703125,-0.927734375,-0.2685546875,-0.84228515625,0.23193359375,-0.830078125,-0.28076171875,-0.32958984375,0.10986328125,-1.03759765625,0.146484375,-1.62353515625,-0.03662109375,-1.23291015625,-0.0244140625,0.1953125,-0.23193359375,0.35400390625,-0.244140625,0.01220703125,-0.06103515625,-0.0244140625,-0.048828125,0.1953125,-0.146484375,0.01220703125,-0.1708984375,0.78125,-0.146484375,-0.5126953125,-0.10986328125,-0.57373046875
0,0.29296875,-0.35400390625,-0.2197265625,-0.35400390625,0.08544921875,-0.390625,-0.0244140625,-0.03662109375,-0.3173828125,-0.01220703125,-0.01220703125,-0.87890625,-0.10986328125,1.13525390625,0.09765625,-0.13427734375,-0.1953125,-0.537109375,0.1220703125,-0.15869140625,0.146484375,0.8544921875,0.146484375,-0.59814453125,0.390625,0.87890625,0.06103515625,-0.1953125,-0.20751953125,1.6845703125,-0.0732421875,0.91552734375,0.2197265625,-0.390625,-0.7568359375,-0.86669921875,0.03662109375,-0.4150390625,-0.1953125,-0.79345703125,-0.244140625,-0.23193359375,-0.01220703125,-0.67138671875,0.20751953125,-0.48828125,0.1220703125,0.64697265625,-0.244140625,1.15966796875,-0.1220703125,0.439453125,0.28076171875,-0.23193359375,-0.67138671875,0.67138671875,0.13427734375,8.26416015625,0.09765625,9.6435546875,0.67138671875,6.18896484375,0.35400390625,8.1787109375,-0.048828125,0.3662109375,-0.0732421875,1.06201171875,0.0244140625,0.1708984375,-0.01220703125,0.23193359375,-0.146484375,0.23193359375,0.1220703125,0.84228515625,0.2197265625,-0.01220703125,-0.20751953125,1.33056640625,0.13427734375,-0.98876953125,0.146484375,-0.35400390625,0.08544921875,-1.01318359375,0.0732421875,-0.7568359375,-0.20751953125,-1.42822265625,-0.06103515625,0.20751953125,0.23193359375,0.29296875,-0.01220703125,-0.54931640625,-0.03662109375,-0.91552734375,-0.244140625,-0.830078125,0.23193359375,-0.830078125,-0.25634765625,-0.341796875,0.18310546875,-0.86669921875,0.10986328125,-1.52587890625,-0.0244140625,-1.123046875,0.0244140625,0.341796875,-0.2197265625,0.35400390625,-0.2685546875,0.0244140625,-0.08544921875,0,-0.03662109375,0.18310546875,-0.15869140625,-0.01220703125,-0.20751953125,0.81787109375,-0.13427734375,-0.50048828125,-0.09765625,-0.57373046875
0,0.2685546875,-0.341796875,-0.20751953125,-0.3662109375,0.0732421875,-0.40283203125,-0.03662109375,-0.0244140625,-0.3173828125,-0.01220703125,-0.01220703125,-0.86669921875,-0.1220703125,1.123046875,0.1220703125,-0.10986328125,-0.18310546875,-0.54931640625,0.01220703125,-0.1708984375,0.08544921875,0.84228515625,0.0732421875,-0.59814453125,0.4638671875,1.3427734375,0.06103515625,0,-0.1953125,1.89208984375,0.01220703125,1.123046875,0.2197265625,-0.3662109375,-0.72021484375,-0.86669921875,0.06103515625,-0.42724609375,-0.1708984375,-0.79345703125,-0.32958984375,-0.2197265625,-0.06103515625,-0.68359375,0.1220703125,-0.4638671875,0.146484375,0.64697265625,-0.29296875,1.171875,-0.1220703125,0.42724609375,0.3662109375,-0.23193359375,-0.6103515625,0.68359375,0.01220703125,8.38623046875,0.0244140625,9.7900390625,0.634765625,6.201171875,0.28076171875,8.26416015625,0,0.35400390625,0.06103515625,1.07421875,0.0244140625,0.1708984375,0.03662109375,0.23193359375,-0.06103515625,0.2197265625,0.146484375,0.830078125,0.146484375,0,-0.2197265625,1.318359375,0.20751953125,-0.98876953125,0.10986328125,-0.341796875,0.09765625,-1.0009765625,0.146484375,-0.7568359375,-0.08544921875,-1.416015625,0.048828125,0.1953125,0.4150390625,0.29296875,0.06103515625,-0.57373046875,-0.03662109375,-0.9033203125,-0.25634765625,-0.830078125,0.1953125,-0.830078125,-0.20751953125,-0.32958984375,0.1953125,-0.79345703125,0.03662109375,-1.46484375,-0.10986328125,-1.07421875,0.048828125,0.4150390625,-0.1953125,0.341796875,-0.28076171875,0.03662109375,-0.06103515625,0.01220703125,-0.0244140625,0.1953125,-0.18310546875,-0.0244140625,-0.1953125,0.8056640625,-0.1220703125,-0.48828125,-0.10986328125,-0.537109375
0,0.29296875,-0.35400390625,-0.23193359375,-0.35400390625,0.03662109375,-0.40283203125,-0.03662109375,-0.03662109375,-0.3173828125,-0.03662109375,-0.03662109375,-0.8544921875,-0.1220703125,1.123046875,0.1220703125,-0.10986328125,-0.10986328125,-0.537109375,-0.08544921875,-0.1953125,0.06103515625,0.8544921875,-0.0732421875,-0.62255859375,0.390625,2.0263671875,0.03662109375,0.341796875,-0.13427734375,2.30712890625,0.13427734375,1.513671875,0.146484375,-0.3662109375,-0.634765625,-0.86669921875,0.10986328125,-0.4150390625,-0.15869140625,-0.79345703125,-0.3662109375,-0.2197265625,-0.10986328125,-0.69580078125,0.06103515625,-0.439453125,0.1708984375,0.634765625,-0.32958984375,1.1962890625,-0.15869140625,0.42724609375,0.50048828125,-0.25634765625,-0.50048828125,0.69580078125,-0.03662109375,8.1787109375,0.03662109375,9.48486328125,0.6103515625,5.95703125,0.20751953125,7.99560546875,0.0244140625,0.341796875,0.1220703125,1.06201171875,0.01220703125,0.15869140625,0.0732421875,0.2197265625,0.01220703125,0.20751953125,0.1953125,0.830078125,0.10986328125,-0.01220703125,-0.244140625,1.318359375,0.29296875,-0.98876953125,0.10986328125,-0.3662109375,0.0732421875,-1.0009765625,0.20751953125,-0.7568359375,-0.06103515625,-1.3671875,0.08544921875,0.20751953125,0.4638671875,0.29296875,0.0244140625,-0.6103515625,-0.06103515625,-0.91552734375,-0.20751953125,-0.830078125,0.1708984375,-0.830078125,-0.13427734375,-0.32958984375,0.2197265625,-0.78125,0,-1.4404296875,-0.10986328125,-1.03759765625,0.13427734375,0.45166015625,-0.18310546875,0.3662109375,-0.28076171875,0.0244140625,-0.0732421875,0.03662109375,0,0.1953125,-0.1708984375,-0.01220703125,-0.1708984375,0.830078125,-0.08544921875,-0.4638671875,-0.09765625,-0.5126953125
0,0.29296875,-0.3662109375,-0.2197265625,-0.3662109375,0.01220703125,-0.4150390625,-0.08544921875,-0.03662109375,-0.29296875,-0.03662109375,-0.0244140625,-0.8544921875,-0.08544921875,1.13525390625,0.13427734375,-0.1220703125,-0.03662109375,-0.54931640625,-0.2197265625,-0.1953125,0.03662109375,0.8544921875,-0.23193359375,-0.6103515625,0.37841796875,2.91748046875,-0.01220703125,0.81787109375,-0.10986328125,2.9052734375,0.146484375,2.05078125,0.08544921875,-0.341796875,-0.62255859375,-0.89111328125,0.1220703125,-0.4150390625,-0.13427734375,-0.79345703125,-0.32958984375,-0.20751953125,-0.2197265625,-0.69580078125,-0.03662109375,-0.4150390625,0.146484375,0.62255859375,-0.35400390625,1.18408203125,-0.244140625,0.4150390625,0.6103515625,-0.244140625,-0.37841796875,0.7080078125,-0.15869140625,7.62939453125,0.01220703125,8.75244140625,0.57373046875,5.48095703125,0.09765625,7.3974609375,-0.01220703125,0.32958984375,0.18310546875,1.0498046875,0,0.146484375,0.1220703125,0.2197265625,0.1220703125,0.2197265625,0.1953125,0.81787109375,0.06103515625,0,-0.28076171875,1.30615234375,0.37841796875,-0.9765625,0.08544921875,-0.35400390625,0.0732421875,-1.0009765625,0.2197265625,-0.732421875,-0.09765625,-1.2939453125,0.146484375,0.2197265625,0.52490234375,0.30517578125,0.0732421875,-0.6103515625,-0.146484375,-0.91552734375,-0.18310546875,-0.81787109375,0.09765625,-0.8056640625,-0.048828125,-0.3173828125,0.25634765625,-0.8544921875,-0.06103515625,-1.47705078125,-0.1953125,-1.07421875,0.18310546875,0.390625,-0.146484375,0.3662109375,-0.28076171875,0.0244140625,-0.06103515625,0.048828125,0,0.2197265625,-0.20751953125,-0.03662109375,-0.15869140625,0.84228515625,-0.0732421875,-0.45166015625,-0.09765625,-0.5126953125
0,0.25634765625,-0.3662109375,-0.20751953125,-0.3662109375,-0.0244140625,-0.439453125,-0.09765625,-0.03662109375,-0.30517578125,-0.01220703125,-0.03662109375,-0.87890625,-0.09765625,1.123046875,0.13427734375,-0.1220703125,-0.0244140625,-0.52490234375,-0.2685546875,-0.20751953125,-0.0244140625,0.84228515625,-0.341796875,-0.59814453125,0.4150390625,3.91845703125,-0.03662109375,1.40380859375,-0.048828125,3.662109375,0.13427734375,2.72216796875,0.06103515625,-0.3173828125,-0.54931640625,-0.86669921875,0.10986328125,-0.439453125,-0.09765625,-0.76904296875,-0.2685546875,-0.20751953125,-0.29296875,-0.69580078125,-0.0732421875,-0.390625,0.09765625,0.6591796875,-0.35400390625,1.20849609375,-0.30517578125,0.42724609375,0.72021484375,-0.2197265625,-0.25634765625,0.72021484375,-0.2197265625,6.787109375,-0.0244140625,7.6904296875,0.54931640625,4.8095703125,0.0244140625,6.5185546875,-0.06103515625,0.3173828125,0.28076171875,1.025390625,0.0244140625,0.18310546875,0.146484375,0.20751953125,0.23193359375,0.23193359375,0.13427734375,0.79345703125,0.01220703125,-0.01220703125,-0.2685546875,1.2939453125,0.4150390625,-0.9765625,0.09765625,-0.37841796875,0.048828125,-1.025390625,0.1953125,-0.7568359375,-0.0244140625,-1.220703125,0.20751953125,0.20751953125,0.5126953125,0.30517578125,0.15869140625,-0.62255859375,-0.10986328125,-0.927734375,-0.15869140625,-0.76904296875,0.0244140625,-0.81787109375,0.01220703125,-0.32958984375,0.15869140625,-1.0009765625,-0.1953125,-1.52587890625,-0.25634765625,-1.11083984375,0.15869140625,0.341796875,-0.146484375,0.3662109375,-0.2685546875,0.0244140625,-0.0732421875,0.048828125,0.048828125,0.2197265625,-0.1953125,-0.048828125,-0.13427734375,0.86669921875,-0.048828125,-0.42724609375,-0.09765625,-0.52490234375
0,0.25634765625,-0.3662109375,-0.20751953125,-0.37841796875,-0.0244140625,-0.439453125,-0.13427734375,-0.06103515625,-0.30517578125,-0.0244140625,-0.06103515625,-0.87890625,-0.09765625,1.0986328125,0.146484375,-0.1708984375,-0.03662109375,-0.54931640625,-0.29296875,-0.1953125,-0.048828125,0.86669921875,-0.4150390625,-0.5859375,0.42724609375,4.96826171875,-0.03662109375,2.0263671875,-0.048828125,4.47998046875,0.048828125,3.41796875,0.048828125,-0.28076171875,-0.5126953125,-0.8544921875,0.048828125,-0.42724609375,-0.0732421875,-0.74462890625,-0.20751953125,-0.18310546875,-0.37841796875,-0.68359375,-0.06103515625,-0.35400390625,0.048828125,0.634765625,-0.37841796875,1.1962890625,-0.32958984375,0.4638671875,0.74462890625,-0.20751953125,-0.146484375,0.732421875,-0.28076171875,5.72509765625,0,6.3720703125,0.54931640625,4.00390625,-0.01220703125,5.3955078125,-0.08544921875,0.30517578125,0.3173828125,1.03759765625,0.03662109375,0.1953125,0.1708984375,0.2197265625,0.30517578125,0.2197265625,0.08544921875,0.78125,-0.0244140625,-0.0244140625,-0.244140625,1.28173828125,0.42724609375,-0.9765625,0.10986328125,-0.35400390625,0.048828125,-1.03759765625,0.10986328125,-0.76904296875,0.01220703125,-1.13525390625,0.23193359375,0.18310546875,0.42724609375,0.25634765625,0.23193359375,-0.62255859375,-0.1220703125,-0.927734375,-0.10986328125,-0.78125,-0.048828125,-0.830078125,0.06103515625,-0.3173828125,0.1708984375,-1.123046875,-0.1220703125,-1.57470703125,-0.1953125,-1.1474609375,0.2197265625,0.28076171875,-0.146484375,0.37841796875,-0.2685546875,0.01220703125,-0.06103515625,0.0732421875,0.08544921875,0.20751953125,-0.2197265625,-0.048828125,-0.13427734375,0.86669921875,-0.06103515625,-0.439453125,-0.09765625,-0.5126953125
0,0.25634765625,-0.3662109375,-0.2197265625,-0.3662109375,-0.03662109375,-0.45166015625,-0.146484375,-0.06103515625,-0.30517578125,-0.01220703125,-0.06103515625,-0.9033203125,-0.10986328125,1.0986328125,0.146484375,-0.15869140625,-0.08544921875,-0.5615234375,-0.2685546875,-0.1953125,-0.09765625,0.86669921875,-0.3662109375,-0.57373046875,0.4150390625,5.96923828125,-0.06103515625,2.60009765625,-0.06103515625,5.2734375,-0.09765625,4.06494140625,0.13427734375,-0.28076171875,-0.50048828125,-0.830078125,0,-0.45166015625,-0.03662109375,-0.74462890625,-0.15869140625,-0.1708984375,-0.35400390625,-0.68359375,-0.01220703125,-0.3662109375,-0.03662109375,0.6591796875,-0.3662109375,1.1962890625,-0.341796875,0.48828125,0.69580078125,-0.1708984375,-0.0732421875,0.72021484375,-0.32958984375,4.5166015625,-0.06103515625,4.89501953125,0.59814453125,3.11279296875,-0.06103515625,4.16259765625,-0.06103515625,0.28076171875,0.30517578125,1.025390625,0.08544921875,0.1953125,0.13427734375,0.1953125,0.3173828125,0.25634765625,-0.0244140625,0.74462890625,-0.06103515625,-0.0244140625,-0.20751953125,1.30615234375,0.4150390625,-0.9765625,0.08544921875,-0.341796875,0.03662109375,-1.0498046875,0.0244140625,-0.78125,0.03662109375,-1.08642578125,0.20751953125,0.15869140625,0.3662109375,0.2197265625,0.30517578125,-0.62255859375,-0.048828125,-0.91552734375,-0.146484375,-0.78125,-0.09765625,-0.8544921875,0.06103515625,-0.32958984375,0.146484375,-1.20849609375,-0.0732421875,-1.62353515625,-0.20751953125,-1.1962890625,0.18310546875,0.20751953125,-0.146484375,0.40283203125,-0.2685546875,0,-0.0732421875,0.03662109375,0.10986328125,0.20751953125,-0.23193359375,-0.03662109375,-0.146484375,0.86669921875,-0.0732421875,-0.42724609375,-0.1220703125,-0.537109375
0,0.23193359375,-0.35400390625,-0.2197265625,-0.3662109375,-0.0244140625,-0.439453125,-0.146484375,-0.0732421875,-0.29296875,-0.0244140625,-0.0732421875,-0.89111328125,-0.10986328125,1.08642578125,0.15869140625,-0.1708984375,-0.1220703125,-0.5615234375,-0.23193359375,-0.18310546875,-0.146484375,0.87890625,-0.28076171875,-0.5859375,0.37841796875,6.8115234375,-0.10986328125,3.1005859375,-0.09765625,5.94482421875,-0.1708984375,4.6142578125,0.23193359375,-0.28076171875,-0.47607421875,-0.8056640625,-0.048828125,-0.47607421875,-0.0732421875,-0.74462890625,-0.1220703125,-0.1708984375,-0.30517578125,-0.67138671875,0.0244140625,-0.3662109375,-0.146484375,0.64697265625,-0.37841796875,1.171875,-0.29296875,0.50048828125,0.68359375,-0.18310546875,0.01220703125,0.72021484375,-0.3173828125,3.3203125,-0.03662109375,3.45458984375,0.7080078125,2.2705078125,-0.08544921875,2.9296875,-0.01220703125,0.244140625,0.35400390625,1.01318359375,0.10986328125,0.20751953125,0.1220703125,0.20751953125,0.3173828125,0.2685546875,-0.09765625,0.74462890625,-0.06103515625,-0.01220703125,-0.20751953125,1.2939453125,0.3662109375,-0.96435546875,0.0732421875,-0.341796875,-0.01220703125,-1.0498046875,0,-0.79345703125,-0.0244140625,-1.06201171875,0.146484375,0.13427734375,0.28076171875,0.1708984375,0.30517578125,-0.6591796875,-0.01220703125,-0.927734375,-0.1953125,-0.76904296875,-0.13427734375,-0.8544921875,0.0244140625,-0.3173828125,-0.06103515625,-1.2451171875,-0.09765625,-1.62353515625,-0.20751953125,-1.20849609375,0.09765625,0.20751953125,-0.1708984375,0.4150390625,-0.23193359375,-0.01220703125,-0.08544921875,0.01220703125,0.10986328125,0.1953125,-0.23193359375,-0.03662109375,-0.146484375,0.830078125,-0.08544921875,-0.45166015625,-0.1220703125,-0.52490234375
0,0.23193359375,-0.35400390625,-0.1953125,-0.35400390625,-0.048828125,-0.439453125,-0.15869140625,-0.048828125,-0.29296875,0.0244140625,-0.08544921875,-0.89111328125,-0.10986328125,1.07421875,0.18310546875,-0.15869140625,-0.10986328125,-0.5859375,-0.15869140625,-0.18310546875,-0.15869140625,0.87890625,-0.1953125,-0.5859375,0.20751953125,7.4462890625,-0.13427734375,3.45458984375,-0.1953125,6.45751953125,-0.2197265625,4.98046875,0.3173828125,-0.30517578125,-0.52490234375,-0.8056640625,-0.048828125,-0.50048828125,-0.09765625,-0.7568359375,-0.10986328125,-0.1953125,-0.1953125,-0.67138671875,0.0732421875,-0.37841796875,-0.20751953125,0.634765625,-0.4150390625,1.13525390625,-0.2685546875,0.50048828125,0.64697265625,-0.1708984375,0.03662109375,0.72021484375,-0.30517578125,2.18505859375,-0.048828125,2.11181640625,0.78125,1.46484375,-0.10986328125,1.79443359375,0.03662109375,0.2197265625,0.30517578125,1.025390625,0.18310546875,0.23193359375,0.08544921875,0.1953125,0.30517578125,0.28076171875,-0.15869140625,0.74462890625,-0.06103515625,-0.0244140625,-0.1708984375,1.30615234375,0.29296875,-0.98876953125,0.048828125,-0.341796875,-0.06103515625,-1.0498046875,-0.03662109375,-0.8056640625,0.0732421875,-1.0498046875,0.1708984375,0.1220703125,0.29296875,0.15869140625,0.40283203125,-0.59814453125,-0.0244140625,-0.93994140625,-0.25634765625,-0.76904296875,-0.15869140625,-0.86669921875,-0.01220703125,-0.3173828125,-0.08544921875,-1.1474609375,0.0244140625,-1.5625,-0.13427734375,-1.15966796875,0.1708984375,0.2685546875,-0.1708984375,0.37841796875,-0.2197265625,0,-0.08544921875,-0.0244140625,0.1220703125,0.1953125,-0.2197265625,-0.0244140625,-0.146484375,0.8056640625,-0.09765625,-0.47607421875,-0.1220703125,-0.54931640625
0,0.23193359375,-0.341796875,-0.20751953125,-0.32958984375,-0.06103515625,-0.4150390625,-0.1708984375,-0.048828125,-0.29296875,0.0244140625,-0.10986328125,-0.89111328125,-0.10986328125,1.08642578125,0.1708984375,-0.15869140625,-0.13427734375,-0.6103515625,-0.08544921875,-0.1708984375,-0.146484375,0.89111328125,-0.09765625,-0.57373046875,0.08544921875,7.80029296875,-0.2197265625,3.6376953125,-0.28076171875,6.70166015625,-0.23193359375,5.18798828125,0.4150390625,-0.32958984375,-0.5859375,-0.78125,-0.0244140625,-0.52490234375,-0.1708984375,-0.78125,-0.13427734375,-0.2197265625,-0.10986328125,-0.67138671875,0.09765625,-0.4150390625,-0.23193359375,0.634765625,-0.42724609375,1.13525390625,-0.25634765625,0.48828125,0.54931640625,-0.18310546875,0.15869140625,0.72021484375,-0.244140625,1.20849609375,-0.06103515625,0.96435546875,0.830078125,0.8056640625,-0.1220703125,0.830078125,0.08544921875,0.1953125,0.20751953125,1.025390625,0.2197265625,0.2197265625,0.048828125,0.1953125,0.28076171875,0.25634765625,-0.1953125,0.76904296875,0.0244140625,-0.0244140625,-0.18310546875,1.2939453125,0.2197265625,-1.01318359375,0.048828125,-0.32958984375,-0.0732421875,-1.06201171875,-0.0244140625,-0.79345703125,0.10986328125,-1.0498046875,0.10986328125,0.146484375,0.29296875,0.18310546875,0.390625,-0.57373046875,-0.01220703125,-0.93994140625,-0.341796875,-0.78125,-0.1220703125,-0.84228515625,-0.0732421875,-0.3173828125,-0.13427734375,-0.9765625,0,-1.42822265625,-0.13427734375,-1.06201171875,0.1220703125,0.4150390625,-0.18310546875,0.37841796875,-0.15869140625,0.0244140625,-0.06103515625,-0.03662109375,0.10986328125,0.1708984375,-0.1953125,-0.03662109375,-0.1708984375,0.79345703125,-0.10986328125,-0.50048828125,-0.10986328125,-0.5615234375
1,0.1708984375,-0.35400390625,-0.2197265625,-0.32958984375,-0.048828125,-0.40283203125,-0.13427734375,-0.03662109375,-0.32958984375,0,-0.1220703125,-0.86669921875,-0.1220703125,1.08642578125,0.18310546875,-0.1708984375,-0.10986328125,-0.6103515625,0.01220703125,-0.15869140625,-0.09765625,0.87890625,-0.0244140625,-0.59814453125,-0.03662109375,7.91015625,-0.2685546875,3.64990234375,-0.37841796875,6.73828125,-0.1953125,5.18798828125,0.42724609375,-0.37841796875,-0.6591796875,-0.78125,-0.01220703125,-0.537109375,-0.18310546875,-0.78125,-0.18310546875,-0.2197265625,-0.01220703125,-0.634765625,0.09765625,-0.439453125,-0.15869140625,0.634765625,-0.42724609375,1.123046875,-0.2197265625,0.4638671875,0.45166015625,-0.1953125,0.30517578125,0.7080078125,-0.15869140625,0.45166015625,-0.10986328125,0.10986328125,0.8544921875,0.29296875,-0.1220703125,0.0732421875,0.13427734375,0.1708984375,0.146484375,1.03759765625,0.2197265625,0.20751953125,-0.0244140625,0.1953125,0.29296875,0.2685546875,-0.2197265625,0.7568359375,0.0732421875,-0.03662109375,-0.20751953125,1.30615234375,0.1220703125,-1.01318359375,0.048828125,-0.341796875,-0.13427734375,-1.025390625,-0.01220703125,-0.78125,0.1708984375,-1.03759765625,0.048828125,0.20751953125,0.244140625,0.244140625,0.3173828125,-0.47607421875,-0.0244140625,-0.93994140625,-0.390625,-0.8056640625,-0.09765625,-0.830078125,-0.10986328125,-0.30517578125,-0.13427734375,-0.7568359375,0,-1.25732421875,-0.09765625,-0.93994140625,0.13427734375,0.62255859375,-0.18310546875,0.35400390625,-0.1953125,0.0244140625,-0.0732421875,-0.06103515625,0.09765625,0.18310546875,-0.1708984375,-0.03662109375,-0.1953125,0.76904296875,-0.1220703125,-0.537109375,-0.13427734375,-0.5615234375
1,0.20751953125,-0.35400390625,-0.23193359375,-0.35400390625,-0.048828125,-0.390625,-0.1220703125,-0.06103515625,-0.3173828125,0,-0.1220703125,-0.86669921875,-0.1220703125,1.0986328125,0.15869140625,-0.15869140625,-0.10986328125,-0.5859375,0.08544921875,-0.1708984375,-0.01220703125,0.89111328125,-0.0244140625,-0.59814453125,-0.0244140625,7.77587890625,-0.25634765625,3.4912109375,-0.48828125,6.57958984375,-0.146484375,5.029296875,0.37841796875,-0.4150390625,-0.68359375,-0.76904296875,0.0244140625,-0.537109375,-0.23193359375,-0.79345703125,-0.1708984375,-0.244140625,0.03662109375,-0.62255859375,0.0732421875,-0.4638671875,-0.0732421875,0.634765625,-0.42724609375,1.1474609375,-0.1953125,0.42724609375,0.3173828125,-0.18310546875,0.40283203125,0.69580078125,-0.0732421875,-0.06103515625,-0.15869140625,-0.42724609375,0.830078125,-0.0244140625,-0.13427734375,-0.45166015625,0.1953125,0.1708984375,0.03662109375,1.025390625,0.2685546875,0.2197265625,-0.06103515625,0.18310546875,0.2197265625,0.25634765625,-0.244140625,0.78125,0.1220703125,0,-0.2197265625,1.2939453125,0.08544921875,-1.025390625,0.0244140625,-0.3173828125,-0.146484375,-1.01318359375,0.0244140625,-0.79345703125,0.2197265625,-1.01318359375,0.0244140625,0.28076171875,0.23193359375,0.3662109375,0.244140625,-0.3662109375,-0.0732421875,-0.927734375,-0.45166015625,-0.8056640625,-0.09765625,-0.81787109375,-0.1708984375,-0.30517578125,0.01220703125,-0.4638671875,0.06103515625,-1.0498046875,0,-0.7568359375,0.18310546875,0.8544921875,-0.1953125,0.32958984375,-0.18310546875,0.0244140625,-0.06103515625,-0.06103515625,0.09765625,0.1953125,-0.18310546875,-0.03662109375,-0.1953125,0.7568359375,-0.1220703125,-0.54931640625,-0.1953125,-0.5615234375
1,0.1708984375,-0.35400390625,-0.20751953125,-0.3662109375,-0.048828125,-0.390625,-0.09765625,-0.06103515625,-0.25634765625,-0.03662109375,-0.09765625,-0.86669921875,-0.10986328125,1.11083984375,0.1220703125,-0.18310546875,-0.08544921875,-0.5859375,0.09765625,-0.1708984375,0.0732421875,0.87890625,-0.03662109375,-0.59814453125,0,7.43408203125,-0.18310546875,3.2470703125,-0.45166015625,6.2744140625,-0.06103515625,4.74853515625,0.28076171875,-0.439453125,-0.67138671875,-0.76904296875,0.048828125,-0.52490234375,-0.23193359375,-0.79345703125,-0.15869140625,-0.23193359375,0,-0.634765625,0.048828125,-0.4638671875,0.01220703125,0.62255859375,-0.4150390625,1.1474609375,-0.09765625,0.4150390625,0.146484375,-0.18310546875,0.50048828125,0.72021484375,0.01220703125,-0.341796875,-0.18310546875,-0.69580078125,0.84228515625,-0.2197265625,-0.146484375,-0.7568359375,0.20751953125,0.1953125,-0.06103515625,1.025390625,0.2197265625,0.20751953125,-0.1220703125,0.20751953125,0.13427734375,0.2685546875,-0.25634765625,0.76904296875,0.18310546875,0.01220703125,-0.23193359375,1.318359375,0.06103515625,-1.03759765625,0.0244140625,-0.32958984375,-0.10986328125,-1.0009765625,0.048828125,-0.76904296875,0.13427734375,-0.9765625,0.0244140625,0.35400390625,0.1708984375,0.4638671875,0.15869140625,-0.244140625,0,-0.93994140625,-0.48828125,-0.81787109375,-0.06103515625,-0.79345703125,-0.2197265625,-0.3173828125,0.03662109375,-0.1953125,-0.01220703125,-0.84228515625,0,-0.59814453125,0.09765625,1.08642578125,-0.18310546875,0.32958984375,-0.1708984375,0.03662109375,-0.0732421875,-0.048828125,0.08544921875,0.18310546875,-0.18310546875,-0.0244140625,-0.15869140625,0.74462890625,-0.13427734375,-0.54931640625,-0.20751953125,-0.54931640625
1,0.15869140625,-0.3662109375,-0.2197265625,-0.3662109375,-0.03662109375,-0.40283203125,-0.0732421875,-0.08544921875,-0.23193359375,-0.03662109375,-0.1220703125,-0.8544921875,-0.08544921875,1.11083984375,0.09765625,-0.1708984375,-0.0244140625,-0.57373046875,0.08544921875,-0.1708984375,0.13427734375,0.87890625,-0.06103515625,-0.59814453125,-0.0732421875,6.982421875,-0.1708984375,2.9541015625,-0.439453125,5.87158203125,0,4.4189453125,0.146484375,-0.45166015625,-0.64697265625,-0.8056640625,0.06103515625,-0.50048828125,-0.2197265625,-0.81787109375,-0.1220703125,-0.244140625,-0.06103515625,-0.634765625,0.06103515625,-0.4638671875,0.08544921875,0.62255859375,-0.40283203125,1.18408203125,-0.01220703125,0.40283203125,0.01220703125,-0.18310546875,0.52490234375,0.72021484375,0.06103515625,-0.4638671875,-0.20751953125,-0.72021484375,0.8056640625,-0.2685546875,-0.06103515625,-0.86669921875,0.1953125,0.23193359375,-0.09765625,1.03759765625,0.18310546875,0.2197265625,-0.15869140625,0.20751953125,0.0732421875,0.25634765625,-0.2685546875,0.76904296875,0.20751953125,0.01220703125,-0.2197265625,1.30615234375,0.08544921875,-1.025390625,0.0244140625,-0.3173828125,-0.09765625,-0.9765625,0.03662109375,-0.7568359375,0.0244140625,-0.93994140625,0.01220703125,0.42724609375,0.08544921875,0.5615234375,0.10986328125,-0.1708984375,-0.03662109375,-0.9521484375,-0.50048828125,-0.830078125,-0.0732421875,-0.78125,-0.23193359375,-0.30517578125,0.08544921875,0.048828125,-0.03662109375,-0.634765625,0,-0.42724609375,0.048828125,1.33056640625,-0.1953125,0.30517578125,-0.1708984375,0.06103515625,-0.0732421875,-0.03662109375,0.09765625,0.20751953125,-0.1953125,-0.03662109375,-0.15869140625,0.76904296875,-0.1220703125,-0.52490234375,-0.244140625,-0.54931640625
1,0.15869140625,-0.3662109375,-0.18310546875,-0.37841796875,-0.0244140625,-0.390625,-0.048828125,-0.08544921875,-0.2197265625,-0.048828125,-0.1220703125,-0.830078125,-0.08544921875,1.123046875,0.0732421875,-0.15869140625,0.06103515625,-0.5859375,0,-0.1708984375,0.146484375,0.86669921875,-0.09765625,-0.59814453125,-0.09765625,6.4697265625,-0.13427734375,2.67333984375,-0.341796875,5.48095703125,-0.03662109375,4.08935546875,0.03662109375,-0.42724609375,-0.59814453125,-0.830078125,0.10986328125,-0.48828125,-0.18310546875,-0.81787109375,-0.01220703125,-0.23193359375,-0.1708984375,-0.62255859375,0.10986328125,-0.45166015625,0.10986328125,0.6103515625,-0.37841796875,1.15966796875,0.048828125,0.4150390625,-0.15869140625,-0.18310546875,0.4638671875,0.732421875,0,-0.4638671875,-0.25634765625,-0.59814453125,0.830078125,-0.25634765625,-0.06103515625,-0.87890625,0.20751953125,0.2685546875,-0.15869140625,1.03759765625,0.13427734375,0.2197265625,-0.18310546875,0.23193359375,-0.03662109375,0.25634765625,-0.244140625,0.76904296875,0.244140625,0.01220703125,-0.1953125,1.30615234375,0.09765625,-1.01318359375,0.048828125,-0.341796875,-0.048828125,-0.9765625,0,-0.7568359375,-0.01220703125,-0.91552734375,0.03662109375,0.45166015625,0,0.5859375,0.15869140625,-0.146484375,-0.01220703125,-0.9521484375,-0.48828125,-0.81787109375,-0.06103515625,-0.76904296875,-0.20751953125,-0.30517578125,0.1220703125,0.1953125,0,-0.52490234375,0,-0.29296875,0.048828125,1.47705078125,-0.1708984375,0.32958984375,-0.1708984375,0.06103515625,-0.0732421875,-0.01220703125,0.08544921875,0.2197265625,-0.1953125,-0.03662109375,-0.15869140625,0.76904296875,-0.146484375,-0.5126953125,-0.2685546875,-0.537109375
1,0.10986328125,-0.35400390625,-0.1708984375,-0.390625,0,-0.4150390625,-0.03662109375,-0.08544921875,-0.23193359375,-0.03662109375,-0.146484375,-0.87890625,-0.08544921875,1.123046875,0.048828125,-0.13427734375,0.146484375,-0.5859375,-0.06103515625,-0.15869140625,0.10986328125,0.86669921875,-0.09765625,-0.5859375,-0.09765625,5.9814453125,-0.08544921875,2.4169921875,-0.2197265625,5.13916015625,-0.048828125,3.82080078125,-0.0732421875,-0.37841796875,-0.54931640625,-0.86669921875,0.1220703125,-0.47607421875,-0.09765625,-0.79345703125,0.03662109375,-0.2197265625,-0.30517578125,-0.6103515625,0.1708984375,-0.4150390625,0.10986328125,0.62255859375,-0.37841796875,1.171875,0.13427734375,0.42724609375,-0.25634765625,-0.18310546875,0.42724609375,0.72021484375,0.06103515625,-0.390625,-0.25634765625,-0.4150390625,0.78125,-0.1708984375,0.03662109375,-0.8056640625,0.18310546875,0.30517578125,-0.20751953125,1.03759765625,0.06103515625,0.20751953125,-0.2197265625,0.20751953125,-0.09765625,0.244140625,-0.2197265625,0.74462890625,0.2685546875,0.0244140625,-0.20751953125,1.33056640625,0.0732421875,-1.0009765625,0.048828125,-0.341796875,0.0244140625,-0.9765625,-0.03662109375,-0.7568359375,-0.06103515625,-0.91552734375,0.03662109375,0.42724609375,-0.06103515625,0.5615234375,0.1708984375,-0.146484375,-0.0244140625,-0.9521484375,-0.42724609375,-0.8056640625,-0.0244140625,-0.79345703125,-0.18310546875,-0.3173828125,0.13427734375,0.2197265625,0,-0.439453125,-0.048828125,-0.244140625,0.0244140625,1.57470703125,-0.15869140625,0.341796875,-0.1953125,0.06103515625,-0.0732421875,0.01220703125,0.06103515625,0.244140625,-0.2197265625,-0.03662109375,-0.15869140625,0.8056640625,-0.1220703125,-0.50048828125,-0.2685546875,-0.52490234375
1,0.09765625,-0.35400390625,-0.13427734375,-0.3662109375,0.01220703125,-0.42724609375,-0.03662109375,-0.0732421875,-0.1953125,-0.0244140625,-0.146484375,-0.86669921875,-0.09765625,1.123046875,0.0244140625,-0.1220703125,0.18310546875,-0.54931640625,-0.08544921875,-0.1708984375,0.0244140625,0.86669921875,-0.09765625,-0.5859375,-0.08544921875,5.57861328125,-0.01220703125,2.23388671875,-0.15869140625,4.87060546875,-0.08544921875,3.61328125,-0.1220703125,-0.341796875,-0.5126953125,-0.87890625,0.1220703125,-0.4638671875,-0.048828125,-0.76904296875,0.0732421875,-0.20751953125,-0.3662109375,-0.5859375,0.244140625,-0.40283203125,0.0732421875,0.6103515625,-0.3173828125,1.15966796875,0.23193359375,0.45166015625,-0.30517578125,-0.18310546875,0.35400390625,0.74462890625,0.03662109375,-0.25634765625,-0.146484375,-0.20751953125,0.69580078125,-0.0732421875,0.1708984375,-0.69580078125,0.13427734375,0.32958984375,-0.23193359375,1.0498046875,0.01220703125,0.20751953125,-0.20751953125,0.23193359375,-0.1708984375,0.25634765625,-0.18310546875,0.72021484375,0.23193359375,0.048828125,-0.1953125,1.33056640625,0.1220703125,-0.98876953125,0.048828125,-0.35400390625,0.0244140625,-1.0009765625,-0.0732421875,-0.76904296875,-0.03662109375,-0.927734375,0.03662109375,0.37841796875,-0.146484375,0.48828125,0.1953125,-0.23193359375,-0.13427734375,-0.9521484375,-0.35400390625,-0.79345703125,-0.0244140625,-0.79345703125,-0.08544921875,-0.341796875,0.10986328125,0.1953125,-0.01220703125,-0.439453125,-0.08544921875,-0.2197265625,0.03662109375,1.5625,-0.146484375,0.35400390625,-0.20751953125,0.06103515625,-0.0732421875,0.048828125,0.048828125,0.25634765625,-0.23193359375,-0.0244140625,-0.15869140625,0.79345703125,-0.146484375,-0.47607421875,-0.25634765625,-0.50048828125
1,0.0732421875,-0.3662109375,-0.10986328125,-0.35400390625,0.01220703125,-0.439453125,-0.03662109375,-0.06103515625,-0.1708984375,-0.0244140625,-0.15869140625,-0.86669921875,-0.08544921875,1.0986328125,0,-0.1220703125,0.146484375,-0.5615234375,-0.08544921875,-0.1708984375,-0.09765625,0.86669921875,-0.09765625,-0.57373046875,-0.0244140625,5.28564453125,0.03662109375,2.13623046875,-0.08544921875,4.736328125,-0.13427734375,3.4912109375,-0.0732421875,-0.3173828125,-0.5126953125,-0.9033203125,0.10986328125,-0.42724609375,0.01220703125,-0.7568359375,0.06103515625,-0.18310546875,-0.42724609375,-0.57373046875,0.29296875,-0.37841796875,0.048828125,0.6103515625,-0.25634765625,1.1474609375,0.3173828125,0.48828125,-0.35400390625,-0.1708984375,0.2685546875,0.74462890625,-0.01220703125,-0.15869140625,-0.0732421875,-0.03662109375,0.68359375,0.01220703125,0.25634765625,-0.6103515625,0.1220703125,0.32958984375,-0.30517578125,1.03759765625,-0.06103515625,0.23193359375,-0.146484375,0.2197265625,-0.2197265625,0.2685546875,-0.1953125,0.732421875,0.2197265625,0.01220703125,-0.13427734375,1.318359375,0.18310546875,-0.9765625,0.08544921875,-0.3662109375,0.03662109375,-1.01318359375,-0.0732421875,-0.79345703125,0.0732421875,-0.93994140625,0.048828125,0.29296875,-0.13427734375,0.390625,0.2685546875,-0.35400390625,-0.146484375,-0.9521484375,-0.341796875,-0.79345703125,0,-0.78125,0,-0.32958984375,0.0732421875,0.06103515625,-0.0244140625,-0.50048828125,-0.13427734375,-0.28076171875,0.03662109375,1.513671875,-0.1220703125,0.35400390625,-0.20751953125,0.0732421875,-0.08544921875,0.048828125,0.01220703125,0.244140625,-0.23193359375,-0.03662109375,-0.146484375,0.8056640625,-0.146484375,-0.439453125,-0.20751953125,-0.50048828125
1,0.03662109375,-0.35400390625,-0.08544921875,-0.35400390625,0.0244140625,-0.42724609375,-0.048828125,-0.06103515625,-0.15869140625,-0.01220703125,-0.146484375,-0.89111328125,-0.10986328125,1.123046875,-0.0244140625,-0.1220703125,0.0732421875,-0.5615234375,-0.0732421875,-0.1708984375,-0.244140625,0.87890625,-0.08544921875,-0.5859375,0.0732421875,5.11474609375,0.15869140625,2.11181640625,-0.01220703125,4.7119140625,-0.06103515625,3.466796875,0.06103515625,-0.2685546875,-0.48828125,-0.91552734375,0.09765625,-0.4150390625,0.09765625,-0.7568359375,-0.048828125,-0.1708984375,-0.37841796875,-0.5615234375,0.30517578125,-0.390625,-0.01220703125,0.6103515625,-0.20751953125,1.1474609375,0.341796875,0.48828125,-0.50048828125,-0.1708984375,0.18310546875,0.74462890625,-0.08544921875,-0.08544921875,-0.06103515625,0.048828125,0.68359375,0.09765625,0.3662109375,-0.52490234375,0.0732421875,0.32958984375,-0.3173828125,1.03759765625,-0.09765625,0.2197265625,-0.1220703125,0.23193359375,-0.2685546875,0.28076171875,-0.20751953125,0.74462890625,0.1953125,0.03662109375,-0.08544921875,1.33056640625,0.244140625,-0.9765625,0.06103515625,-0.37841796875,0.0244140625,-1.01318359375,-0.0732421875,-0.79345703125,0.146484375,-0.87890625,0.048828125,0.23193359375,-0.08544921875,0.28076171875,0.2685546875,-0.45166015625,-0.1708984375,-0.9521484375,-0.30517578125,-0.76904296875,0,-0.79345703125,0.0732421875,-0.32958984375,0.0244140625,-0.10986328125,-0.048828125,-0.57373046875,-0.146484375,-0.35400390625,0.01220703125,1.416015625,-0.10986328125,0.37841796875,-0.244140625,0.06103515625,-0.0732421875,0.06103515625,-0.0244140625,0.244140625,-0.2197265625,-0.03662109375,-0.18310546875,0.830078125,-0.146484375,-0.439453125,-0.18310546875,-0.50048828125
1,0.06103515625,-0.35400390625,-0.06103515625,-0.35400390625,0.03662109375,-0.42724609375,-0.0732421875,-0.048828125,-0.1220703125,0.0244140625,-0.146484375,-0.87890625,-0.10986328125,1.11083984375,-0.06103515625,-0.146484375,-0.01220703125,-0.5615234375,-0.0732421875,-0.146484375,-0.341796875,0.87890625,-0.08544921875,-0.5859375,0.048828125,5.0537109375,0.18310546875,2.1484375,-0.048828125,4.74853515625,-0.03662109375,3.4912109375,0.18310546875,-0.25634765625,-0.439453125,-0.91552734375,0.0732421875,-0.40283203125,0.15869140625,-0.74462890625,-0.1953125,-0.1708984375,-0.30517578125,-0.54931640625,0.3173828125,-0.40283203125,-0.06103515625,0.59814453125,-0.2197265625,1.1474609375,0.390625,0.48828125,-0.48828125,-0.1708984375,0.06103515625,0.732421875,-0.146484375,-0.048828125,-0.03662109375,0.08544921875,0.732421875,0.146484375,0.42724609375,-0.47607421875,0.08544921875,0.28076171875,-0.341796875,1.01318359375,-0.0732421875,0.244140625,-0.10986328125,0.23193359375,-0.28076171875,0.2685546875,-0.18310546875,0.72021484375,0.146484375,0.0244140625,-0.03662109375,1.33056640625,0.3173828125,-0.9765625,0.048828125,-0.3662109375,-0.03662109375,-1.025390625,-0.0244140625,-0.79345703125,0.23193359375,-0.7080078125,0.01220703125,0.23193359375,-0.01220703125,0.25634765625,0.28076171875,-0.47607421875,-0.1708984375,-0.93994140625,-0.28076171875,-0.79345703125,-0.0244140625,-0.78125,0.13427734375,-0.35400390625,-0.0244140625,-0.28076171875,-0.0732421875,-0.69580078125,-0.1708984375,-0.4638671875,0,1.28173828125,-0.08544921875,0.37841796875,-0.23193359375,0.06103515625,-0.0732421875,0.048828125,-0.03662109375,0.20751953125,-0.20751953125,-0.048828125,-0.18310546875,0.830078125,-0.146484375,-0.4638671875,-0.1708984375,-0.50048828125
1,0,-0.35400390625,-0.048828125,-0.341796875,0.03662109375,-0.40283203125,-0.06103515625,-0.048828125,-0.09765625,0.0244140625,-0.146484375,-0.87890625,-0.09765625,1.11083984375,-0.06103515625,-0.18310546875,-0.0244140625,-0.57373046875,-0.13427734375,-0.146484375,-0.390625,0.87890625,-0.1220703125,-0.59814453125,0.0244140625,5.09033203125,0.1708984375,2.197265625,-0.09765625,4.82177734375,0.06103515625,3.5400390625,0.29296875,-0.28076171875,-0.390625,-0.927734375,0.06103515625,-0.42724609375,0.146484375,-0.732421875,-0.3173828125,-0.1953125,-0.1953125,-0.537109375,0.244140625,-0.4150390625,-0.03662109375,0.59814453125,-0.25634765625,1.1474609375,0.35400390625,0.48828125,-0.47607421875,-0.1953125,-0.0732421875,0.72021484375,-0.18310546875,-0.0244140625,-0.01220703125,0.048828125,0.76904296875,0.18310546875,0.4150390625,-0.47607421875,0.0732421875,0.28076171875,-0.3662109375,0.98876953125,-0.06103515625,0.2197265625,-0.146484375,0.20751953125,-0.30517578125,0.25634765625,-0.146484375,0.76904296875,0.1708984375,0.01220703125,-0.03662109375,1.33056640625,0.35400390625,-0.96435546875,0.0244140625,-0.37841796875,-0.0732421875,-1.03759765625,0.01220703125,-0.79345703125,0.3173828125,-0.390625,0.03662109375,0.30517578125,0.13427734375,0.32958984375,0.2685546875,-0.341796875,-0.13427734375,-0.927734375,-0.30517578125,-0.8056640625,-0.0244140625,-0.79345703125,0.1220703125,-0.35400390625,0,-0.439453125,-0.048828125,-0.79345703125,-0.18310546875,-0.5859375,0.03662109375,1.15966796875,-0.03662109375,0.37841796875,-0.23193359375,0.08544921875,-0.0732421875,0.0244140625,-0.048828125,0.20751953125,-0.20751953125,-0.0244140625,-0.18310546875,0.84228515625,-0.13427734375,-0.48828125,-0.146484375,-0.5126953125
1,-0.01220703125,-0.3662109375,-0.03662109375,-0.3662109375,0.03662109375,-0.42724609375,-0.06103515625,-0.03662109375,-0.08544921875,0,-0.15869140625,-0.86669921875,-0.08544921875,1.11083984375,-0.048828125,-0.146484375,-0.01220703125,-0.59814453125,-0.15869140625,-0.15869140625,-0.390625,0.8544921875,-0.146484375,-0.6103515625,-0.01220703125,5.13916015625,0.09765625,2.2216796875,-0.18310546875,4.9072265625,0.10986328125,3.55224609375,0.35400390625,-0.30517578125,-0.341796875,-0.927734375,0.03662109375,-0.439453125,0.08544921875,-0.732421875,-0.42724609375,-0.20751953125,-0.06103515625,-0.5615234375,0.13427734375,-0.439453125,-0.03662109375,0.57373046875,-0.28076171875,1.1474609375,0.2685546875,0.45166015625,-0.50048828125,-0.20751953125,-0.18310546875,0.7080078125,-0.15869140625,0.01220703125,-0.01220703125,-0.01220703125,0.74462890625,0.1953125,0.47607421875,-0.439453125,0.0244140625,0.23193359375,-0.3662109375,1.0009765625,-0.03662109375,0.20751953125,-0.18310546875,0.2197265625,-0.28076171875,0.25634765625,-0.08544921875,0.74462890625,0.1953125,0.01220703125,-0.03662109375,1.33056640625,0.3662109375,-0.9765625,0,-0.37841796875,-0.15869140625,-1.0498046875,0.06103515625,-0.78125,0.25634765625,0.13427734375,0.048828125,0.537109375,0.244140625,0.57373046875,0.23193359375,-0.06103515625,-0.09765625,-0.91552734375,-0.2685546875,-0.8056640625,0.01220703125,-0.8056640625,0.1220703125,-0.341796875,0.06103515625,-0.537109375,-0.08544921875,-0.89111328125,-0.1953125,-0.6591796875,0.0244140625,1.0498046875,-0.0244140625,0.3662109375,-0.2197265625,0.10986328125,-0.0732421875,-0.01220703125,-0.048828125,0.1953125,-0.1708984375,-0.03662109375,-0.1708984375,0.81787109375,-0.10986328125,-0.5126953125,-0.15869140625,-0.5126953125
1,-0.01220703125,-0.3662109375,-0.0244140625,-0.35400390625,0,-0.4150390625,-0.06103515625,-0.0244140625,-0.06103515625,0,-0.13427734375,-0.86669921875,-0.08544921875,1.0986328125,-0.048828125,-0.146484375,0.0244140625,-0.6103515625,-0.15869140625,-0.1708984375,-0.3173828125,0.8544921875,-0.2197265625,-0.62255859375,-0.048828125,5.16357421875,0.0244140625,2.20947265625,-0.2197265625,4.8828125,0.1220703125,3.5400390625,0.390625,-0.341796875,-0.28076171875,-0.9033203125,-0.0244140625,-0.4638671875,0.03662109375,-0.7568359375,-0.47607421875,-0.2197265625,-0.0244140625,-0.57373046875,0.048828125,-0.45166015625,0.0244140625,0.59814453125,-0.341796875,1.15966796875,0.1708984375,0.439453125,-0.4638671875,-0.1953125,-0.30517578125,0.69580078125,-0.18310546875,0.0244140625,0.0244140625,-0.0732421875,0.69580078125,0.244140625,0.4150390625,-0.40283203125,-0.01220703125,0.18310546875,-0.341796875,1.0009765625,-0.01220703125,0.2197265625,-0.20751953125,0.2197265625,-0.244140625,0.23193359375,-0.0244140625,0.74462890625,0.18310546875,0,-0.08544921875,1.318359375,0.37841796875,-0.9765625,-0.048828125,-0.35400390625,-0.18310546875,-1.0498046875,0.10986328125,-0.76904296875,0.20751953125,0.8544921875,0.06103515625,0.9033203125,0.32958984375,1.0009765625,0.2197265625,0.45166015625,-0.0244140625,-0.927734375,-0.244140625,-0.8056640625,0.048828125,-0.81787109375,0.048828125,-0.32958984375,0.048828125,-0.5859375,-0.09765625,-0.9521484375,-0.1708984375,-0.74462890625,0.01220703125,0.9765625,0,0.3662109375,-0.23193359375,0.13427734375,-0.0732421875,0,-0.048828125,0.1708984375,-0.1708984375,-0.0244140625,-0.15869140625,0.81787109375,-0.06103515625,-0.52490234375,-0.1220703125,-0.50048828125
0,-0.048828125,-0.3662109375,-0.0244140625,-0.341796875,-0.03662109375,-0.390625,-0.048828125,-0.03662109375,-0.03662109375,-0.0244140625,-0.15869140625,-0.8544921875,-0.09765625,1.11083984375,-0.09765625,-0.13427734375,0.0732421875,-0.59814453125,-0.146484375,-0.1708984375,-0.2197265625,0.84228515625,-0.32958984375,-0.62255859375,-0.0732421875,5.078125,-0.0244140625,2.1484375,-0.28076171875,4.82177734375,0.08544921875,3.47900390625,0.32958984375,-0.390625,-0.244140625,-0.89111328125,-0.0732421875,-0.50048828125,0.01220703125,-0.76904296875,-0.4150390625,-0.25634765625,0.01220703125,-0.59814453125,-0.0244140625,-0.47607421875,0.0732421875,0.59814453125,-0.390625,1.171875,0.10986328125,0.4150390625,-0.537109375,-0.1953125,-0.3662109375,0.69580078125,-0.1220703125,0.03662109375,0.06103515625,-0.09765625,0.7080078125,0.244140625,0.4150390625,-0.3662109375,-0.03662109375,0.15869140625,-0.341796875,1.01318359375,0.0244140625,0.2197265625,-0.23193359375,0.20751953125,-0.20751953125,0.23193359375,0.06103515625,0.76904296875,0.23193359375,-0.0244140625,-0.1220703125,1.30615234375,0.32958984375,-0.9521484375,-0.06103515625,-0.3662109375,-0.15869140625,-1.03759765625,0.0732421875,-0.7568359375,0.244140625,1.806640625,0.03662109375,1.416015625,0.32958984375,1.57470703125,0.23193359375,1.1474609375,0.01220703125,-0.93994140625,-0.20751953125,-0.830078125,0.08544921875,-0.79345703125,-0.048828125,-0.341796875,0.10986328125,-0.5859375,-0.0732421875,-1.0009765625,-0.15869140625,-0.7568359375,0.0244140625,0.927734375,0.0244140625,0.35400390625,-0.25634765625,0.15869140625,-0.06103515625,-0.0244140625,-0.03662109375,0.15869140625,-0.1708984375,-0.01220703125,-0.15869140625,0.76904296875,-0.048828125,-0.54931640625,-0.10986328125,-0.52490234375
0,-0.03662109375,-0.341796875,0,-0.32958984375,-0.06103515625,-0.390625,-0.03662109375,-0.03662109375,-0.0244140625,-0.0244140625,-0.146484375,-0.8544921875,-0.09765625,1.11083984375,-0.08544921875,-0.1220703125,0.08544921875,-0.5859375,-0.09765625,-0.146484375,-0.13427734375,0.8544921875,-0.3662109375,-0.634765625,0,4.833984375,-0.08544921875,1.9775390625,-0.3173828125,4.58984375,0,3.30810546875,0.244140625,-0.40283203125,-0.244140625,-0.86669921875,-0.13427734375,-0.537109375,0.03662109375,-0.79345703125,-0.32958984375,-0.2685546875,-0.01220703125,-0.6103515625,-0.0732421875,-0.48828125,0.1220703125,0.5859375,-0.439453125,1.171875,0.09765625,0.40283203125,-0.5859375,-0.1708984375,-0.42724609375,0.69580078125,-0.03662109375,0.08544921875,0.03662109375,-0.08544921875,0.69580078125,0.29296875,0.40283203125,-0.29296875,-0.0244140625,0.1953125,-0.29296875,1.025390625,0.03662109375,0.23193359375,-0.25634765625,0.20751953125,-0.20751953125,0.20751953125,0.10986328125,0.732421875,0.2197265625,-0.03662109375,-0.15869140625,1.30615234375,0.28076171875,-0.9521484375,-0.08544921875,-0.37841796875,-0.10986328125,-1.03759765625,0.0732421875,-0.7568359375,0.20751953125,2.89306640625,0.0244140625,2.03857421875,0.25634765625,2.294921875,0.20751953125,1.9287109375,0,-0.93994140625,-0.15869140625,-0.8056640625,0.08544921875,-0.8056640625,-0.1220703125,-0.3173828125,0.06103515625,-0.537109375,-0.09765625,-0.9765625,-0.146484375,-0.78125,-0.03662109375,0.91552734375,0.06103515625,0.341796875,-0.244140625,0.1708984375,-0.06103515625,-0.0244140625,-0.06103515625,0.1708984375,-0.1708984375,-0.0244140625,-0.13427734375,0.7568359375,-0.01220703125,-0.537109375,-0.10986328125,-0.54931640625
0,-0.06103515625,-0.3662109375,0.01220703125,-0.341796875,-0.0732421875,-0.3662109375,-0.0244140625,-0.048828125,0,-0.03662109375,-0.15869140625,-0.8544921875,-0.0732421875,1.0986328125,-0.0732421875,-0.13427734375,0.08544921875,-0.5859375,-0.0732421875,-0.13427734375,-0.03662109375,0.84228515625,-0.35400390625,-0.62255859375,0.06103515625,4.4189453125,-0.048828125,1.74560546875,-0.244140625,4.28466796875,-0.06103515625,3.03955078125,0.10986328125,-0.42724609375,-0.25634765625,-0.87890625,-0.18310546875,-0.5615234375,0.048828125,-0.79345703125,-0.1708984375,-0.244140625,-0.08544921875,-0.634765625,-0.03662109375,-0.4638671875,0.13427734375,0.6103515625,-0.47607421875,1.15966796875,0.08544921875,0.40283203125,-0.62255859375,-0.146484375,-0.45166015625,0.7080078125,0.03662109375,0.13427734375,0.0732421875,-0.06103515625,0.6591796875,0.30517578125,0.390625,-0.23193359375,0.0244140625,0.23193359375,-0.18310546875,1.01318359375,0.06103515625,0.23193359375,-0.2197265625,0.2197265625,-0.20751953125,0.2197265625,0.1953125,0.7568359375,0.2197265625,-0.01220703125,-0.1953125,1.30615234375,0.23193359375,-0.9765625,-0.0732421875,-0.37841796875,-0.06103515625,-1.01318359375,0.0244140625,-0.7568359375,0.25634765625,4.052734375,0.03662109375,2.685546875,0.1708984375,3.0517578125,0.25634765625,2.79541015625,-0.0732421875,-0.93994140625,-0.13427734375,-0.8056640625,0.048828125,-0.8056640625,-0.23193359375,-0.3173828125,-0.08544921875,-0.47607421875,-0.15869140625,-0.9521484375,-0.15869140625,-0.74462890625,-0.10986328125,0.927734375,0.1220703125,0.35400390625,-0.25634765625,0.18310546875,-0.0732421875,-0.0244140625,-0.06103515625,0.1953125,-0.1708984375,-0.03662109375,-0.1220703125,0.74462890625,-0.0244140625,-0.52490234375,-0.0732421875,-0.5615234375
0,-0.06103515625,-0.3662109375,-0.01220703125,-0.37841796875,-0.08544921875,-0.3662109375,-0.01220703125,-0.048828125,0.01220703125,-0.048828125,-0.146484375,-0.84228515625,-0.0732421875,1.0986328125,-0.10986328125,-0.1220703125,0.08544921875,-0.59814453125,-0.048828125,-0.15869140625,0.01220703125,0.84228515625,-0.28076171875,-0.6103515625,0.06103515625,3.80859375,-0.08544921875,1.4404296875,-0.1708984375,3.84521484375,-0.1953125,2.685546875,0,-0.390625,-0.30517578125,-0.830078125,-0.20751953125,-0.54931640625,0.0732421875,-0.79345703125,0.0244140625,-0.23193359375,-0.10986328125,-0.67138671875,0.048828125,-0.42724609375,0.09765625,0.59814453125,-0.4638671875,1.1474609375,0.0732421875,0.439453125,-0.7080078125,-0.1220703125,-0.45166015625,0.72021484375,-0.048828125,0.20751953125,-0.048828125,-0.01220703125,0.50048828125,0.35400390625,0.29296875,-0.146484375,0.03662109375,0.29296875,-0.0732421875,1.03759765625,0.048828125,0.2197265625,-0.2197265625,0.18310546875,-0.20751953125,0.20751953125,0.2197265625,0.732421875,0.2197265625,-0.01220703125,-0.23193359375,1.2939453125,0.1708984375,-0.96435546875,-0.08544921875,-0.3662109375,0.0244140625,-1.01318359375,-0.048828125,-0.76904296875,0.1953125,5.16357421875,-0.03662109375,3.30810546875,0.08544921875,3.79638671875,0.28076171875,3.62548828125,-0.146484375,-0.9765625,-0.13427734375,-0.79345703125,0.048828125,-0.8056640625,-0.28076171875,-0.3173828125,-0.06103515625,-0.439453125,-0.09765625,-0.96435546875,-0.10986328125,-0.7568359375,-0.0732421875,0.93994140625,0.146484375,0.341796875,-0.23193359375,0.18310546875,-0.0732421875,-0.0244140625,-0.03662109375,0.2197265625,-0.18310546875,-0.048828125,-0.10986328125,0.74462890625,-0.01220703125,-0.52490234375,-0.048828125,-0.5615234375
0,-0.08544921875,-0.35400390625,-0.01220703125,-0.37841796875,-0.09765625,-0.35400390625,-0.01220703125,-0.06103515625,0.03662109375,-0.03662109375,-0.146484375,-0.8544921875,-0.08544921875,1.11083984375,-0.09765625,-0.15869140625,0.10986328125,-0.5615234375,0.01220703125,-0.15869140625,0.0244140625,0.86669921875,-0.1708984375,-0.62255859375,0.10986328125,3.0517578125,-0.09765625,1.07421875,-0.08544921875,3.35693359375,-0.23193359375,2.294921875,-0.048828125,-0.390625,-0.37841796875,-0.8544921875,-0.18310546875,-0.48828125,0.09765625,-0.78125,0.1953125,-0.20751953125,-0.13427734375,-0.67138671875,0.20751953125,-0.4150390625,0.048828125,0.62255859375,-0.45166015625,1.1474609375,0.048828125,0.439453125,-0.74462890625,-0.09765625,-0.42724609375,0.732421875,0.01220703125,0.25634765625,0,0.048828125,0.45166015625,0.37841796875,0.32958984375,-0.08544921875,0.06103515625,0.3662109375,0.01220703125,1.025390625,0.048828125,0.244140625,-0.1708984375,0.18310546875,-0.13427734375,0.2197265625,0.244140625,0.7080078125,0.18310546875,0,-0.25634765625,1.2939453125,0.09765625,-0.96435546875,-0.0732421875,-0.37841796875,0.0732421875,-1.0009765625,-0.10986328125,-0.76904296875,0.146484375,6.15234375,-0.03662109375,3.857421875,0.0244140625,4.43115234375,0.341796875,4.33349609375,-0.18310546875,-0.96435546875,-0.1220703125,-0.79345703125,0.01220703125,-0.81787109375,-0.3173828125,-0.32958984375,-0.09765625,-0.439453125,-0.06103515625,-0.9521484375,-0.1220703125,-0.76904296875,-0.10986328125,0.9033203125,0.15869140625,0.341796875,-0.20751953125,0.18310546875,-0.06103515625,-0.048828125,-0.03662109375,0.2197265625,-0.18310546875,-0.048828125,-0.09765625,0.74462890625,-0.0244140625,-0.52490234375,-0.03662109375,-0.5615234375
0,-0.09765625,-0.341796875,0,-0.37841796875,-0.09765625,-0.3662109375,0,-0.0732421875,0.048828125,-0.0244140625,-0.1708984375,-0.86669921875,-0.06103515625,1.11083984375,-0.1220703125,-0.15869140625,0.13427734375,-0.54931640625,0.09765625,-0.13427734375,0,0.8544921875,-0.03662109375,-0.62255859375,0.09765625,2.197265625,-0.0732421875,0.67138671875,-0.0244140625,2.83203125,-0.25634765625,1.86767578125,-0.03662109375,-0.35400390625,-0.439453125,-0.84228515625,-0.1708984375,-0.45166015625,0.08544921875,-0.76904296875,0.29296875,-0.15869140625,-0.1220703125,-0.69580078125,0.3173828125,-0.40283203125,0.0244140625,0.634765625,-0.42724609375,1.123046875,0.06103515625,0.4638671875,-0.78125,-0.048828125,-0.3173828125,0.72021484375,0,0.30517578125,0.10986328125,0.10986328125,0.3662109375,0.4150390625,0.29296875,-0.01220703125,0.10986328125,0.4638671875,0.10986328125,1.03759765625,0.048828125,0.20751953125,-0.1220703125,0.1708984375,-0.048828125,0.23193359375,0.28076171875,0.732421875,0.13427734375,-0.01220703125,-0.2685546875,1.30615234375,0.01220703125,-0.9765625,-0.048828125,-0.37841796875,0.09765625,-1.025390625,-0.146484375,-0.78125,0.10986328125,6.87255859375,-0.10986328125,4.28466796875,-0.03662109375,4.89501953125,0.3173828125,4.82177734375,-0.20751953125,-0.9765625,-0.15869140625,-0.79345703125,-0.03662109375,-0.81787109375,-0.32958984375,-0.3173828125,-0.146484375,-0.48828125,-0.06103515625,-1.0009765625,-0.09765625,-0.76904296875,-0.08544921875,0.84228515625,0.18310546875,0.35400390625,-0.1953125,0.146484375,-0.0732421875,-0.06103515625,-0.06103515625,0.244140625,-0.1953125,-0.048828125,-0.1220703125,0.7568359375,-0.03662109375,-0.50048828125,-0.01220703125,-0.537109375
0,-0.09765625,-0.341796875,-0.01220703125,-0.37841796875,-0.1220703125,-0.390625,0.01220703125,-0.06103515625,0.0732421875,-0.0244140625,-0.146484375,-0.87890625,-0.06103515625,1.0986328125,-0.09765625,-0.18310546875,0.1220703125,-0.52490234375,0.18310546875,-0.146484375,-0.01220703125,0.86669921875,0.13427734375,-0.634765625,0.0732421875,1.37939453125,-0.0732421875,0.3173828125,-0.01220703125,2.38037109375,-0.23193359375,1.46484375,0.0244140625,-0.30517578125,-0.50048828125,-0.84228515625,-0.1220703125,-0.42724609375,0.0732421875,-0.7568359375,0.2685546875,-0.15869140625,-0.08544921875,-0.69580078125,0.45166015625,-0.37841796875,0.048828125,0.634765625,-0.40283203125,1.0986328125,0.10986328125,0.47607421875,-0.8544921875,-0.01220703125,-0.146484375,0.732421875,-0.13427734375,0.35400390625,0.01220703125,0.20751953125,0.29296875,0.45166015625,0.18310546875,0.048828125,0.0732421875,0.57373046875,0.1708984375,1.025390625,0.06103515625,0.18310546875,-0.0732421875,0.1708984375,0.048828125,0.2197265625,0.28076171875,0.732421875,0.0732421875,0,-0.2685546875,1.30615234375,-0.01220703125,-0.98876953125,-0.03662109375,-0.37841796875,0.08544921875,-1.01318359375,-0.15869140625,-0.78125,0.01220703125,7.3486328125,-0.15869140625,4.4921875,-0.03662109375,5.16357421875,0.2685546875,5.09033203125,-0.1953125,-0.98876953125,-0.20751953125,-0.76904296875,-0.048828125,-0.81787109375,-0.30517578125,-0.30517578125,-0.09765625,-0.5615234375,-0.01220703125,-1.0498046875,-0.09765625,-0.8056640625,-0.01220703125,0.79345703125,0.15869140625,0.3662109375,-0.15869140625,0.1220703125,-0.08544921875,-0.048828125,-0.048828125,0.244140625,-0.20751953125,-0.048828125,-0.146484375,0.78125,-0.048828125,-0.48828125,-0.03662109375,-0.537109375
0,-0.09765625,-0.32958984375,0.0244140625,-0.35400390625,-0.1220703125,-0.40283203125,0.0244140625,-0.06103515625,0.10986328125,0.01220703125,-0.146484375,-0.87890625,-0.0732421875,1.123046875,-0.10986328125,-0.1708984375,0.09765625,-0.5615234375,0.25634765625,-0.13427734375,-0.08544921875,0.86669921875,0.2197265625,-0.62255859375,0.1220703125,0.7080078125,0.01220703125,0,0,1.9775390625,-0.13427734375,1.1474609375,0.09765625,-0.29296875,-0.50048828125,-0.8544921875,-0.048828125,-0.37841796875,0.13427734375,-0.74462890625,0.15869140625,-0.146484375,-0.08544921875,-0.68359375,0.5126953125,-0.37841796875,0.08544921875,0.64697265625,-0.35400390625,1.08642578125,0.10986328125,0.50048828125,-0.87890625,0.06103515625,0.0244140625,0.72021484375,-0.1708984375,0.439453125,0.048828125,0.29296875,0.32958984375,0.50048828125,0.15869140625,0.1220703125,0.048828125,0.6591796875,0.23193359375,1.0009765625,0.048828125,0.20751953125,-0.03662109375,0.146484375,0.15869140625,0.244140625,0.23193359375,0.74462890625,0.0244140625,0,-0.2197265625,1.30615234375,-0.01220703125,-1.01318359375,-0.01220703125,-0.35400390625,0.06103515625,-1.025390625,-0.10986328125,-0.8056640625,0.13427734375,7.470703125,-0.146484375,4.4921875,0.03662109375,5.17578125,0.23193359375,5.09033203125,-0.18310546875,-0.98876953125,-0.2197265625,-0.76904296875,-0.06103515625,-0.830078125,-0.2685546875,-0.3173828125,-0.10986328125,-0.62255859375,-0.06103515625,-1.1474609375,-0.09765625,-0.81787109375,0.0244140625,0.7080078125,0.15869140625,0.37841796875,-0.13427734375,0.06103515625,-0.0732421875,0,-0.0244140625,0.244140625,-0.15869140625,-0.06103515625,-0.18310546875,0.8056640625,-0.03662109375,-0.4638671875,-0.06103515625,-0.5126953125
0,-0.146484375,-0.35400390625,0.048828125,-0.341796875,-0.13427734375,-0.42724609375,0.0244140625,-0.03662109375,0.146484375,0.0244140625,-0.13427734375,-0.89111328125,-0.08544921875,1.11083984375,-0.13427734375,-0.1708984375,0.06103515625,-0.5615234375,0.28076171875,-0.13427734375,-0.15869140625,0.86669921875,0.25634765625,-0.634765625,0.15869140625,0.244140625,0.048828125,-0.1708984375,0,1.7333984375,-0.06103515625,0.93994140625,0.1953125,-0.3173828125,-0.48828125,-0.86669921875,0.03662109375,-0.40283203125,0.1708984375,-0.732421875,-0.01220703125,-0.15869140625,-0.08544921875,-0.67138671875,0.5126953125,-0.390625,0.10986328125,0.64697265625,-0.32958984375,1.0986328125,0.10986328125,0.47607421875,-0.84228515625,0.1220703125,0.2685546875,0.7080078125,-0.2685546875,0.537109375,0.01220703125,0.3662109375,0.1708984375,0.54931640625,0.01220703125,0.20751953125,0.01220703125,0.7568359375,0.29296875,1.025390625,0.06103515625,0.2197265625,-0.0244140625,0.15869140625,0.244140625,0.2685546875,0.146484375,0.78125,-0.048828125,0,-0.15869140625,1.318359375,0.01220703125,-1.025390625,0.01220703125,-0.37841796875,0.03662109375,-1.03759765625,-0.048828125,-0.81787109375,0.18310546875,7.26318359375,-0.09765625,4.3212890625,0.13427734375,5.01708984375,0.23193359375,4.8828125,-0.146484375,-0.9765625,-0.23193359375,-0.78125,-0.0732421875,-0.84228515625,-0.20751953125,-0.30517578125,-0.10986328125,-0.67138671875,-0.15869140625,-1.20849609375,-0.10986328125,-0.8544921875,0.08544921875,0.68359375,0.1220703125,0.35400390625,-0.146484375,0.01220703125,-0.0732421875,0.01220703125,-0.0244140625,0.2197265625,-0.1708984375,-0.0732421875,-0.2197265625,0.78125,-0.048828125,-0.45166015625,-0.048828125,-0.52490234375
0,-0.146484375,-0.341796875,0.0244140625,-0.35400390625,-0.146484375,-0.42724609375,0.03662109375,-0.0244140625,0.15869140625,0,-0.13427734375,-0.89111328125,-0.0732421875,1.0986328125,-0.1220703125,-0.1953125,0.048828125,-0.57373046875,0.2197265625,-0.146484375,-0.18310546875,0.87890625,0.20751953125,-0.62255859375,0.20751953125,0.10986328125,0.1220703125,-0.2197265625,0.01220703125,1.6845703125,0.0732421875,0.87890625,0.23193359375,-0.3173828125,-0.40283203125,-0.9033203125,0.09765625,-0.4150390625,0.2197265625,-0.72021484375,-0.18310546875,-0.1708984375,-0.0732421875,-0.6591796875,0.48828125,-0.439453125,0.146484375,0.634765625,-0.28076171875,1.11083984375,0.08544921875,0.47607421875,-0.74462890625,0.1953125,0.48828125,0.7080078125,-0.3173828125,0.68359375,-0.0244140625,0.45166015625,0.1220703125,0.64697265625,-0.06103515625,0.341796875,0.0244140625,0.86669921875,0.32958984375,1.01318359375,0.08544921875,0.2197265625,-0.048828125,0.18310546875,0.2685546875,0.28076171875,0.06103515625,0.78125,-0.09765625,0.01220703125,-0.10986328125,1.33056640625,0.0732421875,-1.01318359375,0.01220703125,-0.341796875,0.0244140625,-1.06201171875,0.01220703125,-0.81787109375,0.09765625,6.7626953125,-0.048828125,4.01611328125,0.244140625,4.6875,0.1708984375,4.47998046875,-0.13427734375,-0.9765625,-0.244140625,-0.78125,-0.08544921875,-0.830078125,-0.15869140625,-0.3173828125,-0.18310546875,-0.67138671875,-0.2685546875,-1.220703125,-0.146484375,-0.84228515625,0.0732421875,0.6591796875,0.10986328125,0.35400390625,-0.13427734375,0,-0.06103515625,0,-0.03662109375,0.23193359375,-0.15869140625,-0.09765625,-0.23193359375,0.79345703125,-0.06103515625,-0.45166015625,-0.048828125,-0.537109375
0,-0.146484375,-0.341796875,0.048828125,-0.35400390625,-0.1708984375,-0.439453125,0.06103515625,-0.03662109375,0.1708984375,-0.01220703125,-0.13427734375,-0.89111328125,-0.09765625,1.0986328125,-0.10986328125,-0.15869140625,0.08544921875,-0.5859375,0.10986328125,-0.146484375,-0.244140625,0.89111328125,0.08544921875,-0.62255859375,0.23193359375,0.341796875,0.0732421875,-0.08544921875,0,1.85546875,0.18310546875,1.0498046875,0.1708984375,-0.35400390625,-0.3173828125,-0.89111328125,0.13427734375,-0.4638671875,0.20751953125,-0.74462890625,-0.32958984375,-0.20751953125,-0.08544921875,-0.6591796875,0.4150390625,-0.439453125,0.18310546875,0.634765625,-0.3173828125,1.1474609375,0.08544921875,0.439453125,-0.62255859375,0.3173828125,0.6591796875,0.72021484375,-0.3173828125,0.9033203125,0,0.5859375,0.09765625,0.76904296875,-0.08544921875,0.52490234375,0.06103515625,0.91552734375,0.37841796875,0.98876953125,0.0732421875,0.2197265625,-0.048828125,0.20751953125,0.2685546875,0.29296875,-0.01220703125,0.78125,-0.08544921875,-0.01220703125,-0.06103515625,1.3427734375,0.1220703125,-1.0498046875,0.0244140625,-0.35400390625,-0.0244140625,-1.07421875,0.06103515625,-0.81787109375,0.048828125,6.103515625,0,3.662109375,0.29296875,4.28466796875,0.08544921875,4.00390625,-0.1953125,-0.9765625,-0.1953125,-0.78125,-0.06103515625,-0.84228515625,-0.1220703125,-0.3173828125,-0.08544921875,-0.634765625,-0.25634765625,-1.18408203125,-0.1220703125,-0.8056640625,0.15869140625,0.732421875,0.09765625,0.341796875,-0.13427734375,-0.048828125,-0.06103515625,0.03662109375,-0.048828125,0.18310546875,-0.15869140625,-0.10986328125,-0.2197265625,0.8056640625,-0.01220703125,-0.47607421875,-0.0732421875,-0.537109375
0,-0.1708984375,-0.35400390625,0.03662109375,-0.341796875,-0.1708984375,-0.42724609375,0.03662109375,-0.03662109375,0.1953125,-0.0244140625,-0.13427734375,-0.87890625,-0.08544921875,1.11083984375,-0.13427734375,-0.15869140625,0.1953125,-0.57373046875,0.01220703125,-0.1220703125,-0.244140625,0.8544921875,-0.06103515625,-0.634765625,0.29296875,0.9765625,0.0244140625,0.1953125,0.048828125,2.25830078125,0.28076171875,1.3916015625,0.0732421875,-0.37841796875,-0.1953125,-0.89111328125,0.13427734375,-0.47607421875,0.20751953125,-0.74462890625,-0.390625,-0.2197265625,-0.10986328125,-0.64697265625,0.341796875,-0.45166015625,0.20751953125,0.62255859375,-0.3662109375,1.171875,0.10986328125,0.439453125,-0.45166015625,0.4150390625,0.8056640625,0.7080078125,-0.4150390625,1.11083984375,-0.06103515625,0.72021484375,0.0244140625,0.89111328125,-0.20751953125,0.732421875,0.09765625,0.96435546875,0.341796875,0.98876953125,0.1220703125,0.23193359375,-0.06103515625,0.23193359375,0.2197265625,0.30517578125,-0.0244140625,0.79345703125,-0.0732421875,-0.0244140625,-0.048828125,1.3427734375,0.18310546875,-1.01318359375,0.03662109375,-0.3662109375,-0.01220703125,-1.0498046875,0.0732421875,-0.8056640625,0.0244140625,5.37109375,0.0732421875,3.271484375,0.32958984375,3.857421875,0.08544921875,3.52783203125,-0.2197265625,-0.9521484375,-0.20751953125,-0.79345703125,-0.03662109375,-0.830078125,-0.09765625,-0.30517578125,0.08544921875,-0.5126953125,-0.30517578125,-1.08642578125,-0.1220703125,-0.7080078125,0.15869140625,0.830078125,0.10986328125,0.35400390625,-0.10986328125,-0.048828125,-0.06103515625,0.03662109375,-0.03662109375,0.18310546875,-0.146484375,-0.08544921875,-0.2197265625,0.79345703125,-0.01220703125,-0.48828125,-0.0732421875,-0.5126953125
0,-0.15869140625,-0.3662109375,0.03662109375,-0.3662109375,-0.1708984375,-0.4150390625,0.01220703125,-0.06103515625,0.2197265625,-0.03662109375,-0.146484375,-0.89111328125,-0.08544921875,1.123046875,-0.10986328125,-0.1708984375,0.28076171875,-0.5859375,-0.0732421875,-0.146484375,-0.244140625,0.87890625,-0.20751953125,-0.634765625,0.29296875,1.94091796875,0.0732421875,0.68359375,0.13427734375,2.84423828125,0.3173828125,1.904296875,-0.0244140625,-0.4150390625,-0.1220703125,-0.89111328125,0.10986328125,-0.50048828125,0.244140625,-0.76904296875,-0.3662109375,-0.23193359375,-0.20751953125,-0.634765625,0.25634765625,-0.47607421875,0.18310546875,0.64697265625,-0.42724609375,1.18408203125,0.20751953125,0.42724609375,-0.341796875,0.5126953125,0.91552734375,0.7080078125,-0.40283203125,1.3916015625,-0.1220703125,0.8544921875,0.0244140625,1.0498046875,-0.1953125,0.98876953125,0.13427734375,0.9765625,0.2685546875,1.01318359375,0.15869140625,0.244140625,-0.09765625,0.23193359375,0.1708984375,0.28076171875,-0.06103515625,0.79345703125,-0.0244140625,-0.0244140625,-0.048828125,1.318359375,0.20751953125,-1.0009765625,0.03662109375,-0.35400390625,-0.03662109375,-1.06201171875,0.048828125,-0.78125,0.0244140625,4.67529296875,0.15869140625,2.9296875,0.30517578125,3.47900390625,0.08544921875,3.08837890625,-0.244140625,-0.927734375,-0.1953125,-0.8056640625,-0.03662109375,-0.84228515625,-0.0732421875,-0.30517578125,0.10986328125,-0.35400390625,-0.25634765625,-0.96435546875,-0.10986328125,-0.6103515625,0.1708984375,1.0009765625,0.08544921875,0.3662109375,-0.10986328125,-0.0244140625,-0.0732421875,0.03662109375,-0.0244140625,0.18310546875,-0.18310546875,-0.08544921875,-0.20751953125,0.81787109375,0.01220703125,-0.50048828125,-0.0732421875,-0.48828125
0,-0.18310546875,-0.341796875,0.048828125,-0.40283203125,-0.1953125,-0.4150390625,0,-0.08544921875,0.2197265625,-0.06103515625,-0.146484375,-0.9033203125,-0.09765625,1.123046875,-0.1220703125,-0.1708984375,0.25634765625,-0.5859375,-0.08544921875,-0.1220703125,-0.341796875,0.86669921875,-0.2685546875,-0.634765625,0.15869140625,3.13720703125,0.0244140625,1.26953125,0.13427734375,3.60107421875,0.244140625,2.55126953125,-0.08544921875,-0.37841796875,-0.03662109375,-0.87890625,0.06103515625,-0.5126953125,0.25634765625,-0.78125,-0.32958984375,-0.23193359375,-0.2685546875,-0.64697265625,0.1953125,-0.4638671875,0.146484375,0.6103515625,-0.48828125,1.1962890625,0.30517578125,0.42724609375,-0.28076171875,0.6103515625,0.98876953125,0.72021484375,-0.40283203125,1.611328125,-0.0732421875,1.025390625,0.01220703125,1.1962890625,-0.1953125,1.23291015625,0.1953125,0.9521484375,0.15869140625,1.01318359375,0.146484375,0.23193359375,-0.1708984375,0.23193359375,0.1708984375,0.2685546875,-0.06103515625,0.81787109375,0.01220703125,-0.01220703125,-0.10986328125,1.318359375,0.1953125,-0.98876953125,0.0732421875,-0.3662109375,-0.0244140625,-1.06201171875,-0.0244140625,-0.79345703125,-0.01220703125,4.1259765625,0.15869140625,2.685546875,0.1953125,3.21044921875,0.1220703125,2.8076171875,-0.244140625,-0.93994140625,-0.1953125,-0.79345703125,-0.048828125,-0.830078125,-0.08544921875,-0.30517578125,0.03662109375,-0.18310546875,-0.18310546875,-0.8056640625,-0.09765625,-0.48828125,0.10986328125,1.15966796875,0.06103515625,0.3662109375,-0.0732421875,0,-0.0732421875,0.03662109375,-0.048828125,0.1953125,-0.15869140625,-0.06103515625,-0.18310546875,0.81787109375,0.0244140625,-0.5126953125,-0.08544921875,-0.48828125
1,-0.2197265625,-0.3662109375,0.06103515625,-0.37841796875,-0.18310546875,-0.40283203125,-0.0244140625,-0.0732421875,0.20751953125,-0.03662109375,-0.13427734375,-0.86669921875,-0.09765625,1.11083984375,-0.1220703125,-0.146484375,0.1953125,-0.5859375,-0.08544921875,-0.10986328125,-0.390625,0.8544921875,-0.341796875,-0.634765625,0.15869140625,4.5166015625,0.06103515625,1.953125,0.1708984375,4.4677734375,0.1953125,3.28369140625,-0.10986328125,-0.37841796875,0.03662109375,-0.86669921875,-0.0244140625,-0.48828125,0.23193359375,-0.79345703125,-0.244140625,-0.1953125,-0.3173828125,-0.634765625,0.1953125,-0.45166015625,0.09765625,0.6103515625,-0.54931640625,1.171875,0.40283203125,0.40283203125,-0.244140625,0.68359375,1.11083984375,0.732421875,-0.37841796875,1.8310546875,-0.048828125,1.123046875,0.01220703125,1.33056640625,-0.20751953125,1.4404296875,0.2685546875,0.91552734375,0.08544921875,1.01318359375,0.13427734375,0.2197265625,-0.2197265625,0.1953125,0.0732421875,0.244140625,-0.0732421875,0.81787109375,0.0732421875,-0.0244140625,-0.10986328125,1.30615234375,0.15869140625,-0.96435546875,0.06103515625,-0.40283203125,-0.048828125,-1.06201171875,-0.10986328125,-0.78125,0.09765625,3.77197265625,0.1708984375,2.587890625,0.15869140625,3.08837890625,0.244140625,2.6611328125,-0.1953125,-0.9521484375,-0.20751953125,-0.8056640625,-0.0732421875,-0.81787109375,-0.10986328125,-0.28076171875,0.01220703125,-0.048828125,-0.1220703125,-0.6591796875,-0.1220703125,-0.40283203125,0.03662109375,1.30615234375,0.06103515625,0.390625,-0.06103515625,0.0244140625,-0.0732421875,0.048828125,-0.03662109375,0.2197265625,-0.146484375,-0.06103515625,-0.1708984375,0.81787109375,0.01220703125,-0.52490234375,-0.09765625,-0.47607421875
1,-0.20751953125,-0.3662109375,0.0732421875,-0.3662109375,-0.2197265625,-0.40283203125,-0.0732421875,-0.06103515625,0.2197265625,-0.03662109375,-0.146484375,-0.87890625,-0.09765625,1.11083984375,-0.1220703125,-0.146484375,0.1220703125,-0.57373046875,-0.0732421875,-0.09765625,-0.47607421875,0.86669921875,-0.28076171875,-0.62255859375,0.0732421875,5.8837890625,0.048828125,2.6611328125,0.1220703125,5.2978515625,0.048828125,4.0283203125,-0.08544921875,-0.32958984375,0.048828125,-0.86669921875,-0.08544921875,-0.439453125,0.244140625,-0.7568359375,-0.146484375,-0.18310546875,-0.30517578125,-0.634765625,0.20751953125,-0.4150390625,0.0244140625,0.62255859375,-0.6103515625,1.15966796875,0.439453125,0.439453125,-0.18310546875,0.7080078125,1.15966796875,0.76904296875,-0.30517578125,1.9775390625,-0.0732421875,1.18408203125,0,1.40380859375,-0.20751953125,1.59912109375,0.2685546875,0.84228515625,0,1.0009765625,0.1220703125,0.20751953125,-0.2685546875,0.1953125,0,0.2197265625,-0.0732421875,0.8056640625,0.13427734375,-0.01220703125,-0.1220703125,1.2939453125,0.10986328125,-0.9521484375,0.09765625,-0.390625,-0.08544921875,-1.0498046875,-0.1708984375,-0.7568359375,0.08544921875,3.64990234375,0.13427734375,2.55126953125,0.09765625,3.08837890625,0.29296875,2.6611328125,-0.2197265625,-0.96435546875,-0.23193359375,-0.79345703125,-0.1220703125,-0.81787109375,-0.13427734375,-0.30517578125,-0.08544921875,0.01220703125,-0.01220703125,-0.5859375,-0.146484375,-0.3662109375,-0.01220703125,1.3916015625,0.06103515625,0.390625,-0.048828125,0.0732421875,-0.0732421875,0.0244140625,-0.048828125,0.244140625,-0.146484375,-0.03662109375,-0.146484375,0.830078125,0.01220703125,-0.50048828125,-0.06103515625,-0.50048828125
1,-0.23193359375,-0.37841796875,0.10986328125,-0.37841796875,-0.18310546875,-0.37841796875,-0.08544921875,-0.0732421875,0.244140625,-0.0244140625,-0.15869140625,-0.87890625,-0.08544921875,1.08642578125,-0.13427734375,-0.1220703125,0.048828125,-0.57373046875,-0.01220703125,-0.10986328125,-0.48828125,0.87890625,-0.18310546875,-0.62255859375,0,7.12890625,0.048828125,3.28369140625,0.10986328125,6.1279296875,-0.03662109375,4.72412109375,-0.0244140625,-0.30517578125,0,-0.86669921875,-0.10986328125,-0.40283203125,0.18310546875,-0.76904296875,-0.0732421875,-0.146484375,-0.2685546875,-0.64697265625,0.2685546875,-0.37841796875,-0.048828125,0.6103515625,-0.6103515625,1.13525390625,0.42724609375,0.45166015625,-0.10986328125,0.68359375,1.1474609375,0.74462890625,-0.3173828125,2.0263671875,-0.10986328125,1.171875,0.03662109375,1.42822265625,-0.2197265625,1.66015625,0.25634765625,0.79345703125,-0.03662109375,0.98876953125,0.0732421875,0.18310546875,-0.29296875,0.1708984375,-0.06103515625,0.2197265625,-0.09765625,0.79345703125,0.1708984375,-0.01220703125,-0.146484375,1.2939453125,0.03662109375,-0.93994140625,0.08544921875,-0.390625,-0.0732421875,-1.03759765625,-0.18310546875,-0.74462890625,0.0732421875,3.7109375,0.0732421875,2.64892578125,0.03662109375,3.173828125,0.32958984375,2.7587890625,-0.2685546875,-0.9765625,-0.23193359375,-0.78125,-0.15869140625,-0.84228515625,-0.1708984375,-0.30517578125,-0.0732421875,0,0.06103515625,-0.537109375,-0.146484375,-0.341796875,-0.01220703125,1.416015625,0.01220703125,0.37841796875,-0.0244140625,0.08544921875,-0.06103515625,0,-0.048828125,0.244140625,-0.1220703125,-0.0244140625,-0.146484375,0.8544921875,0,-0.5126953125,-0.0732421875,-0.48828125
1,-0.28076171875,-0.37841796875,0.1220703125,-0.3662109375,-0.1953125,-0.37841796875,-0.08544921875,-0.0732421875,0.28076171875,-0.0244140625,-0.15869140625,-0.86669921875,-0.09765625,1.0986328125,-0.13427734375,-0.15869140625,0.0244140625,-0.57373046875,0.048828125,-0.09765625,-0.4638671875,0.9033203125,-0.1220703125,-0.6103515625,-0.1953125,8.11767578125,0,3.82080078125,0.01220703125,6.77490234375,-0.10986328125,5.2978515625,0.0732421875,-0.29296875,-0.0732421875,-0.86669921875,-0.10986328125,-0.37841796875,0.08544921875,-0.7568359375,-0.01220703125,-0.13427734375,-0.1953125,-0.64697265625,0.28076171875,-0.3662109375,-0.10986328125,0.62255859375,-0.6103515625,1.11083984375,0.40283203125,0.45166015625,-0.09765625,0.5859375,1.025390625,0.69580078125,-0.28076171875,1.98974609375,-0.09765625,1.0986328125,0.03662109375,1.3916015625,-0.244140625,1.62353515625,0.25634765625,0.7080078125,-0.06103515625,1.0009765625,0.03662109375,0.18310546875,-0.32958984375,0.15869140625,-0.1220703125,0.2197265625,-0.048828125,0.79345703125,0.20751953125,-0.01220703125,-0.13427734375,1.28173828125,-0.03662109375,-0.93994140625,0.0732421875,-0.40283203125,-0.09765625,-1.01318359375,-0.15869140625,-0.7568359375,0.048828125,3.89404296875,-0.01220703125,2.74658203125,0.048828125,3.33251953125,0.3173828125,2.89306640625,-0.29296875,-0.9765625,-0.28076171875,-0.78125,-0.1953125,-0.8544921875,-0.18310546875,-0.3173828125,-0.0732421875,-0.048828125,0.0732421875,-0.59814453125,-0.1953125,-0.40283203125,-0.0244140625,1.35498046875,-0.0244140625,0.37841796875,0,0.08544921875,-0.0732421875,-0.0244140625,-0.06103515625,0.244140625,-0.13427734375,-0.0244140625,-0.13427734375,0.830078125,-0.01220703125,-0.5126953125,-0.0244140625,-0.50048828125
1,-0.28076171875,-0.3662109375,0.146484375,-0.3662109375,-0.18310546875,-0.390625,-0.0732421875,-0.09765625,0.29296875,0,-0.18310546875,-0.87890625,-0.08544921875,1.08642578125,-0.15869140625,-0.15869140625,0.01220703125,-0.57373046875,0.146484375,-0.10986328125,-0.42724609375,0.9033203125,-0.0244140625,-0.62255859375,-0.341796875,8.80126953125,-0.048828125,4.18701171875,-0.08544921875,7.2509765625,-0.1220703125,5.6884765625,0.1953125,-0.2685546875,-0.1708984375,-0.830078125,-0.1220703125,-0.32958984375,0.03662109375,-0.76904296875,-0.0244140625,-0.1220703125,-0.1220703125,-0.6591796875,0.30517578125,-0.37841796875,-0.1220703125,0.62255859375,-0.537109375,1.123046875,0.42724609375,0.47607421875,-0.1708984375,0.42724609375,0.87890625,0.72021484375,-0.244140625,1.85546875,-0.08544921875,1.0009765625,-0.01220703125,1.318359375,-0.18310546875,1.47705078125,0.2197265625,0.67138671875,-0.15869140625,0.98876953125,-0.01220703125,0.18310546875,-0.3173828125,0.146484375,-0.20751953125,0.2197265625,0.01220703125,0.8056640625,0.2197265625,-0.01220703125,-0.1220703125,1.2939453125,-0.13427734375,-0.927734375,0.0732421875,-0.390625,-0.1708984375,-1.0009765625,-0.146484375,-0.7568359375,0.0244140625,4.1259765625,-0.08544921875,2.8564453125,0.06103515625,3.43017578125,0.2197265625,3.02734375,-0.35400390625,-0.9765625,-0.341796875,-0.78125,-0.244140625,-0.8544921875,-0.15869140625,-0.30517578125,-0.048828125,-0.1220703125,0.10986328125,-0.7080078125,-0.2197265625,-0.48828125,-0.03662109375,1.23291015625,-0.0244140625,0.390625,0.01220703125,0.08544921875,-0.06103515625,-0.048828125,-0.08544921875,0.25634765625,-0.1220703125,-0.0244140625,-0.146484375,0.81787109375,-0.01220703125,-0.50048828125,-0.0244140625,-0.52490234375
1,-0.2685546875,-0.35400390625,0.15869140625,-0.35400390625,-0.1953125,-0.40283203125,-0.048828125,-0.08544921875,0.3173828125,0,-0.146484375,-0.86669921875,-0.08544921875,1.08642578125,-0.18310546875,-0.1708984375,0.01220703125,-0.57373046875,0.2197265625,-0.13427734375,-0.3662109375,0.9033203125,0.0244140625,-0.6103515625,-0.47607421875,9.09423828125,-0.09765625,4.35791015625,-0.1708984375,7.470703125,-0.10986328125,5.84716796875,0.18310546875,-0.244140625,-0.29296875,-0.8544921875,-0.1220703125,-0.32958984375,0.0244140625,-0.74462890625,-0.048828125,-0.1220703125,-0.06103515625,-0.6591796875,0.3173828125,-0.40283203125,-0.06103515625,0.59814453125,-0.40283203125,1.123046875,0.45166015625,0.47607421875,-0.35400390625,0.2197265625,0.72021484375,0.69580078125,-0.1953125,1.66015625,0,0.84228515625,0.03662109375,1.20849609375,-0.06103515625,1.2939453125,0.1953125,0.6591796875,-0.18310546875,0.98876953125,-0.08544921875,0.20751953125,-0.29296875,0.146484375,-0.2685546875,0.23193359375,0.03662109375,0.81787109375,0.2197265625,-0.0244140625,-0.08544921875,1.30615234375,-0.18310546875,-0.9521484375,0.048828125,-0.390625,-0.15869140625,-1.0009765625,-0.0732421875,-0.78125,0.01220703125,4.23583984375,-0.13427734375,2.89306640625,0.048828125,3.45458984375,0.1220703125,3.0517578125,-0.341796875,-0.98876953125,-0.40283203125,-0.79345703125,-0.29296875,-0.86669921875,-0.15869140625,-0.28076171875,0.06103515625,-0.1708984375,0.10986328125,-0.8056640625,-0.1708984375,-0.57373046875,-0.01220703125,1.13525390625,-0.0244140625,0.3662109375,0.048828125,0.0732421875,-0.06103515625,-0.048828125,-0.13427734375,0.23193359375,-0.09765625,-0.03662109375,-0.10986328125,0.81787109375,-0.03662109375,-0.5126953125,0,-0.5126953125
1,-0.2685546875,-0.35400390625,0.15869140625,-0.3662109375,-0.1953125,-0.40283203125,-0.048828125,-0.08544921875,0.32958984375,0.01220703125,-0.13427734375,-0.87890625,-0.08544921875,1.0986328125,-0.18310546875,-0.1953125,0.01220703125,-0.57373046875,0.28076171875,-0.1220703125,-0.2685546875,0.89111328125,0.01220703125,-0.6103515625,-0.52490234375,9.08203125,-0.09765625,4.345703125,-0.2197265625,7.45849609375,-0.06103515625,5.82275390625,0.1220703125,-0.25634765625,-0.28076171875,-0.86669921875,-0.09765625,-0.341796875,-0.01220703125,-0.74462890625,-0.048828125,-0.146484375,-0.03662109375,-0.64697265625,0.28076171875,-0.40283203125,0.0244140625,0.6103515625,-0.244140625,1.11083984375,0.4150390625,0.4638671875,-0.537109375,0.0244140625,0.62255859375,0.69580078125,-0.23193359375,1.46484375,0.0732421875,0.68359375,0,1.06201171875,-0.01220703125,1.08642578125,0.1708984375,0.634765625,-0.2197265625,1.0009765625,-0.13427734375,0.20751953125,-0.244140625,0.18310546875,-0.37841796875,0.25634765625,0.06103515625,0.84228515625,0.23193359375,-0.01220703125,0.01220703125,1.318359375,-0.20751953125,-0.96435546875,0.03662109375,-0.37841796875,-0.15869140625,-0.98876953125,-0.06103515625,-0.8056640625,-0.048828125,4.1748046875,-0.15869140625,2.81982421875,0.048828125,3.38134765625,0,2.9541015625,-0.35400390625,-0.96435546875,-0.390625,-0.78125,-0.30517578125,-0.8544921875,-0.13427734375,-0.28076171875,0.15869140625,-0.10986328125,0.10986328125,-0.9033203125,-0.18310546875,-0.634765625,-0.03662109375,1.03759765625,-0.01220703125,0.3662109375,0.0244140625,0.0244140625,-0.06103515625,-0.048828125,-0.10986328125,0.2197265625,-0.08544921875,-0.03662109375,-0.13427734375,0.79345703125,-0.048828125,-0.48828125,-0.01220703125,-0.5126953125
1,-0.28076171875,-0.341796875,0.18310546875,-0.37841796875,-0.1708984375,-0.42724609375,-0.01220703125,-0.0732421875,0.3173828125,0,-0.10986328125,-0.9033203125,-0.0732421875,1.11083984375,-0.2197265625,-0.18310546875,0.06103515625,-0.57373046875,0.29296875,-0.13427734375,-0.20751953125,0.89111328125,-0.0244140625,-0.62255859375,-0.48828125,8.70361328125,-0.09765625,4.11376953125,-0.1953125,7.2265625,-0.01220703125,5.56640625,0.0244140625,-0.29296875,-0.244140625,-0.87890625,-0.08544921875,-0.37841796875,0.048828125,-0.74462890625,-0.03662109375,-0.18310546875,-0.048828125,-0.634765625,0.2685546875,-0.439453125,0.09765625,0.6103515625,-0.1220703125,1.123046875,0.390625,0.45166015625,-0.68359375,-0.1953125,0.537109375,0.72021484375,-0.23193359375,1.26953125,0.1220703125,0.537109375,-0.03662109375,0.927734375,0.10986328125,0.9033203125,0.1708984375,0.62255859375,-0.23193359375,0.98876953125,-0.18310546875,0.23193359375,-0.1953125,0.18310546875,-0.4150390625,0.28076171875,0.01220703125,0.8544921875,0.2197265625,-0.01220703125,0.09765625,1.318359375,-0.1953125,-0.9765625,0.048828125,-0.40283203125,-0.146484375,-0.98876953125,-0.08544921875,-0.830078125,-0.048828125,3.84521484375,-0.1220703125,2.60009765625,0,3.125,-0.0244140625,2.685546875,-0.32958984375,-0.9521484375,-0.341796875,-0.78125,-0.29296875,-0.86669921875,-0.09765625,-0.2685546875,0.20751953125,0.09765625,0.06103515625,-0.91552734375,-0.15869140625,-0.634765625,-0.03662109375,1.06201171875,-0.01220703125,0.35400390625,0.0244140625,0,-0.06103515625,-0.048828125,-0.13427734375,0.2197265625,-0.0732421875,-0.03662109375,-0.146484375,0.78125,-0.01220703125,-0.48828125,-0.03662109375,-0.52490234375
1,-0.29296875,-0.32958984375,0.20751953125,-0.341796875,-0.18310546875,-0.42724609375,0,-0.0732421875,0.32958984375,0,-0.09765625,-0.87890625,-0.048828125,1.11083984375,-0.2197265625,-0.1708984375,0.146484375,-0.59814453125,0.23193359375,-0.13427734375,-0.13427734375,0.87890625,-0.048828125,-0.6103515625,-0.42724609375,8.0322265625,-0.0732421875,3.72314453125,-0.15869140625,6.787109375,0.0244140625,5.18798828125,-0.18310546875,-0.3173828125,-0.10986328125,-0.87890625,-0.08544921875,-0.439453125,0.03662109375,-0.7568359375,0,-0.20751953125,-0.06103515625,-0.6591796875,0.25634765625,-0.45166015625,0.15869140625,0.59814453125,0.0244140625,1.15966796875,0.40283203125,0.45166015625,-0.8544921875,-0.35400390625,0.50048828125,0.69580078125,-0.23193359375,1.13525390625,0.146484375,0.439453125,-0.0244140625,0.84228515625,0.20751953125,0.74462890625,0.146484375,0.59814453125,-0.2197265625,1.01318359375,-0.1953125,0.23193359375,-0.1953125,0.1953125,-0.45166015625,0.2685546875,0.01220703125,0.8544921875,0.23193359375,-0.0244140625,0.13427734375,1.318359375,-0.2197265625,-0.98876953125,0.048828125,-0.40283203125,-0.10986328125,-1.0009765625,-0.10986328125,-0.84228515625,-0.1708984375,3.25927734375,-0.10986328125,2.24609375,-0.06103515625,2.74658203125,-0.01220703125,2.25830078125,-0.30517578125,-0.9521484375,-0.244140625,-0.79345703125,-0.23193359375,-0.8544921875,-0.06103515625,-0.28076171875,0.25634765625,0.47607421875,0.06103515625,-0.79345703125,-0.10986328125,-0.5126953125,-0.03662109375,1.20849609375,0,0.32958984375,0.03662109375,-0.01220703125,-0.06103515625,-0.048828125,-0.13427734375,0.1953125,-0.08544921875,-0.06103515625,-0.13427734375,0.79345703125,-0.01220703125,-0.48828125,-0.048828125,-0.52490234375
1,-0.3173828125,-0.341796875,0.1953125,-0.3173828125,-0.1708984375,-0.42724609375,0.0244140625,-0.06103515625,0.3173828125,0,-0.08544921875,-0.87890625,-0.0244140625,1.1474609375,-0.2685546875,-0.13427734375,0.2685546875,-0.62255859375,0.1708984375,-0.13427734375,-0.09765625,0.89111328125,-0.09765625,-0.634765625,-0.3173828125,7.16552734375,-0.0732421875,3.22265625,-0.0244140625,6.18896484375,0,4.62646484375,-0.35400390625,-0.3662109375,-0.0244140625,-0.91552734375,-0.08544921875,-0.4638671875,0.08544921875,-0.78125,0.01220703125,-0.20751953125,-0.10986328125,-0.62255859375,0.25634765625,-0.48828125,0.18310546875,0.6103515625,0.10986328125,1.171875,0.439453125,0.4150390625,-1.01318359375,-0.4638671875,0.5126953125,0.72021484375,-0.28076171875,1.0498046875,0.18310546875,0.37841796875,-0.08544921875,0.78125,0.25634765625,0.64697265625,0.10986328125,0.62255859375,-0.2685546875,0.98876953125,-0.18310546875,0.23193359375,-0.18310546875,0.20751953125,-0.45166015625,0.2685546875,0.048828125,0.8544921875,0.2685546875,-0.03662109375,0.146484375,1.33056640625,-0.2197265625,-1.0009765625,0.08544921875,-0.4150390625,-0.08544921875,-1.0009765625,-0.146484375,-0.84228515625,-0.1953125,2.4169921875,-0.08544921875,1.81884765625,-0.1708984375,2.20947265625,0,1.66015625,-0.35400390625,-0.91552734375,-0.1953125,-0.78125,-0.1220703125,-0.84228515625,-0.03662109375,-0.29296875,0.08544921875,1.0986328125,0,-0.5615234375,-0.08544921875,-0.29296875,-0.10986328125,1.50146484375,0.03662109375,0.35400390625,0.0244140625,-0.01220703125,-0.06103515625,-0.048828125,-0.146484375,0.1953125,-0.09765625,-0.06103515625,-0.10986328125,0.8056640625,0,-0.50048828125,-0.03662109375,-0.537109375
1,-0.30517578125,-0.3662109375,0.2197265625,-0.29296875,-0.15869140625,-0.4150390625,0.03662109375,-0.03662109375,0.35400390625,-0.01220703125,-0.048828125,-0.86669921875,0.01220703125,1.13525390625,-0.28076171875,-0.1220703125,0.341796875,-0.62255859375,0.1220703125,-0.146484375,-0.18310546875,0.87890625,-0.0732421875,-0.64697265625,-0.244140625,6.1767578125,-0.06103515625,2.63671875,0.09765625,5.50537109375,-0.0244140625,4.0283203125,-0.47607421875,-0.37841796875,0.06103515625,-0.9033203125,-0.09765625,-0.47607421875,0.13427734375,-0.78125,-0.01220703125,-0.1953125,-0.18310546875,-0.6103515625,0.28076171875,-0.45166015625,0.18310546875,0.62255859375,0.1708984375,1.18408203125,0.52490234375,0.4150390625,-1.20849609375,-0.4638671875,0.47607421875,0.732421875,-0.4150390625,0.98876953125,0.10986328125,0.37841796875,-0.15869140625,0.76904296875,0.2685546875,0.62255859375,0.0732421875,0.62255859375,-0.28076171875,1.025390625,-0.18310546875,0.2197265625,-0.1953125,0.2197265625,-0.4150390625,0.28076171875,0.10986328125,0.84228515625,0.29296875,-0.048828125,0.10986328125,1.30615234375,-0.1953125,-1.0009765625,0.1220703125,-0.40283203125,-0.06103515625,-0.98876953125,-0.13427734375,-0.8544921875,-0.15869140625,1.42822265625,-0.0732421875,1.318359375,-0.23193359375,1.66015625,0.09765625,1.03759765625,-0.390625,-0.9033203125,-0.1220703125,-0.79345703125,-0.0732421875,-0.830078125,-0.01220703125,-0.2685546875,0.09765625,1.89208984375,-0.048828125,-0.15869140625,-0.0244140625,0.03662109375,-0.08544921875,1.94091796875,0.03662109375,0.3662109375,0.03662109375,-0.03662109375,-0.06103515625,-0.0244140625,-0.146484375,0.1953125,-0.08544921875,-0.06103515625,-0.10986328125,0.81787109375,0.0244140625,-0.5126953125,-0.06103515625,-0.537109375
1,-0.341796875,-0.32958984375,0.244140625,-0.30517578125,-0.15869140625,-0.4150390625,0.0244140625,-0.048828125,0.341796875,-0.01220703125,-0.0732421875,-0.8544921875,0.01220703125,1.123046875,-0.28076171875,-0.1220703125,0.390625,-0.634765625,0.09765625,-0.15869140625,-0.28076171875,0.87890625,-0.0732421875,-0.634765625,-0.1708984375,5.18798828125,-0.0244140625,2.03857421875,0.1953125,4.7607421875,-0.0732421875,3.38134765625,-0.50048828125,-0.40283203125,0.13427734375,-0.89111328125,-0.146484375,-0.47607421875,0.23193359375,-0.76904296875,-0.03662109375,-0.1708984375,-0.28076171875,-0.634765625,0.29296875,-0.48828125,0.146484375,0.59814453125,0.1953125,1.18408203125,0.59814453125,0.40283203125,-1.33056640625,-0.439453125,0.3662109375,0.7568359375,-0.40283203125,1.0009765625,0.20751953125,0.4150390625,-0.03662109375,0.8056640625,0.390625,0.64697265625,0.03662109375,0.59814453125,-0.28076171875,1.025390625,-0.13427734375,0.20751953125,-0.244140625,0.20751953125,-0.37841796875,0.244140625,0.13427734375,0.830078125,0.29296875,-0.06103515625,0.06103515625,1.318359375,-0.146484375,-0.96435546875,0.146484375,-0.40283203125,-0.048828125,-0.98876953125,-0.146484375,-0.81787109375,-0.10986328125,0.42724609375,-0.048828125,0.830078125,-0.25634765625,1.0986328125,0.1708984375,0.4150390625,-0.390625,-0.927734375,-0.08544921875,-0.79345703125,0,-0.84228515625,0.01220703125,-0.2685546875,-0.01220703125,2.81982421875,-0.09765625,0.3662109375,0,0.4638671875,-0.09765625,2.5146484375,0.048828125,0.3662109375,0.03662109375,-0.01220703125,-0.06103515625,0,-0.13427734375,0.20751953125,-0.09765625,-0.06103515625,-0.13427734375,0.830078125,0,-0.5126953125,-0.03662109375,-0.52490234375
1,-0.341796875,-0.32958984375,0.2685546875,-0.3173828125,-0.146484375,-0.4150390625,0.03662109375,-0.048828125,0.35400390625,-0.0244140625,-0.048828125,-0.87890625,0,1.123046875,-0.29296875,-0.146484375,0.341796875,-0.62255859375,0.09765625,-0.15869140625,-0.4150390625,0.86669921875,-0.0732421875,-0.64697265625,-0.10986328125,4.19921875,0.03662109375,1.4892578125,0.28076171875,4.0771484375,-0.08544921875,2.783203125,-0.4150390625,-0.40283203125,0.146484375,-0.89111328125,-0.146484375,-0.45166015625,0.29296875,-0.7568359375,-0.048828125,-0.146484375,-0.341796875,-0.64697265625,0.32958984375,-0.50048828125,0.0732421875,0.64697265625,0.20751953125,1.15966796875,0.62255859375,0.40283203125,-1.3916015625,-0.341796875,0.244140625,0.74462890625,-0.4150390625,1.01318359375,0.25634765625,0.4638671875,-0.08544921875,0.87890625,0.4150390625,0.6591796875,0.0244140625,0.5615234375,-0.3173828125,1.025390625,-0.08544921875,0.1953125,-0.2685546875,0.20751953125,-0.35400390625,0.244140625,0.1708984375,0.830078125,0.29296875,-0.03662109375,0,1.2939453125,-0.13427734375,-0.9521484375,0.18310546875,-0.40283203125,-0.06103515625,-1.0009765625,-0.1708984375,-0.81787109375,-0.06103515625,-0.47607421875,-0.08544921875,0.40283203125,-0.244140625,0.6103515625,0.1708984375,-0.13427734375,-0.4150390625,-0.927734375,-0.048828125,-0.78125,0.01220703125,-0.830078125,0.01220703125,-0.30517578125,-0.15869140625,3.8330078125,-0.1708984375,0.93994140625,-0.03662109375,0.927734375,-0.146484375,3.13720703125,0.048828125,0.37841796875,0.06103515625,0.01220703125,-0.0732421875,0,-0.1220703125,0.1953125,-0.10986328125,-0.03662109375,-0.10986328125,0.830078125,-0.01220703125,-0.52490234375,-0.03662109375,-0.52490234375
0,-0.32958984375,-0.32958984375,0.29296875,-0.341796875,-0.13427734375,-0.40283203125,0.048828125,-0.06103515625,0.37841796875,-0.048828125,-0.048828125,-0.8544921875,0.01220703125,1.0986328125,-0.29296875,-0.15869140625,0.25634765625,-0.62255859375,0.08544921875,-0.146484375,-0.54931640625,0.87890625,-0.08544921875,-0.634765625,-0.09765625,3.28369140625,0.1220703125,1.0009765625,0.29296875,3.40576171875,-0.048828125,2.23388671875,-0.2685546875,-0.3662109375,0.1708984375,-0.86669921875,-0.1708984375,-0.4150390625,0.32958984375,-0.76904296875,-0.146484375,-0.1220703125,-0.29296875,-0.634765625,0.30517578125,-0.47607421875,-0.01220703125,0.64697265625,0.1708984375,1.15966796875,0.59814453125,0.42724609375,-1.3427734375,-0.244140625,0.048828125,0.74462890625,-0.40283203125,1.025390625,0.15869140625,0.537109375,-0.13427734375,0.89111328125,0.390625,0.6591796875,0.0244140625,0.52490234375,-0.2685546875,1.01318359375,-0.0732421875,0.18310546875,-0.3173828125,0.1708984375,-0.341796875,0.244140625,0.2197265625,0.8056640625,0.28076171875,-0.0244140625,-0.048828125,1.2939453125,-0.08544921875,-0.93994140625,0.18310546875,-0.37841796875,-0.10986328125,-1.0009765625,-0.15869140625,-0.79345703125,0.06103515625,-1.123046875,-0.0732421875,0.13427734375,-0.15869140625,0.244140625,0.18310546875,-0.50048828125,-0.3662109375,-0.9521484375,-0.03662109375,-0.79345703125,0.01220703125,-0.830078125,0.03662109375,-0.3173828125,-0.08544921875,4.8095703125,-0.18310546875,1.5625,-0.01220703125,1.416015625,-0.1220703125,3.77197265625,0.08544921875,0.390625,0.06103515625,0.048828125,-0.08544921875,0.01220703125,-0.15869140625,0.2197265625,-0.09765625,-0.0244140625,-0.0732421875,0.84228515625,-0.03662109375,-0.5126953125,0.01220703125,-0.5126953125
0,-0.3173828125,-0.341796875,0.29296875,-0.3173828125,-0.15869140625,-0.40283203125,0.0244140625,-0.0732421875,0.4150390625,-0.03662109375,-0.06103515625,-0.86669921875,0,1.0986328125,-0.29296875,-0.15869140625,0.146484375,-0.5859375,0.06103515625,-0.146484375,-0.6103515625,0.86669921875,-0.08544921875,-0.634765625,-0.08544921875,2.47802734375,0.15869140625,0.5615234375,0.29296875,2.8076171875,0.01220703125,1.7578125,-0.1220703125,-0.341796875,0.1953125,-0.86669921875,-0.15869140625,-0.3662109375,0.29296875,-0.74462890625,-0.2197265625,-0.10986328125,-0.244140625,-0.634765625,0.28076171875,-0.45166015625,-0.06103515625,0.67138671875,0.10986328125,1.11083984375,0.5615234375,0.42724609375,-1.18408203125,-0.09765625,-0.146484375,0.732421875,-0.3173828125,0.9765625,0.20751953125,0.5859375,-0.0732421875,0.91552734375,0.390625,0.64697265625,0.03662109375,0.45166015625,-0.1953125,1.01318359375,-0.03662109375,0.18310546875,-0.3173828125,0.18310546875,-0.32958984375,0.2197265625,0.29296875,0.8056640625,0.244140625,-0.01220703125,-0.09765625,1.2939453125,-0.0244140625,-0.9521484375,0.146484375,-0.390625,-0.15869140625,-0.98876953125,-0.13427734375,-0.79345703125,0.15869140625,-1.46484375,-0.09765625,0,-0.06103515625,0.08544921875,0.1220703125,-0.68359375,-0.2685546875,-0.96435546875,0,-0.78125,0,-0.81787109375,0.01220703125,-0.3173828125,-0.09765625,5.74951171875,-0.20751953125,2.1484375,-0.10986328125,1.84326171875,-0.15869140625,4.35791015625,0.08544921875,0.40283203125,0.048828125,0.0732421875,-0.06103515625,0.0244140625,-0.146484375,0.2197265625,-0.09765625,-0.03662109375,-0.08544921875,0.830078125,-0.03662109375,-0.50048828125,0.06103515625,-0.50048828125
0,-0.32958984375,-0.341796875,0.3173828125,-0.3173828125,-0.13427734375,-0.4150390625,0.01220703125,-0.0732421875,0.4150390625,-0.0244140625,-0.048828125,-0.87890625,-0.01220703125,1.07421875,-0.28076171875,-0.15869140625,0.08544921875,-0.57373046875,0.03662109375,-0.13427734375,-0.59814453125,0.87890625,-0.1220703125,-0.634765625,-0.10986328125,1.79443359375,0.15869140625,0.2197265625,0.23193359375,2.28271484375,0.09765625,1.3671875,0.03662109375,-0.3173828125,0.20751953125,-0.8544921875,-0.1708984375,-0.32958984375,0.23193359375,-0.74462890625,-0.30517578125,-0.08544921875,-0.1708984375,-0.64697265625,0.20751953125,-0.42724609375,-0.0732421875,0.64697265625,0.06103515625,1.08642578125,0.52490234375,0.439453125,-1.025390625,0,-0.3173828125,0.72021484375,-0.244140625,0.91552734375,0.146484375,0.59814453125,-0.20751953125,0.927734375,0.341796875,0.59814453125,0.03662109375,0.4150390625,-0.09765625,1.01318359375,-0.06103515625,0.1708984375,-0.28076171875,0.1953125,-0.341796875,0.23193359375,0.3173828125,0.79345703125,0.2197265625,0.01220703125,-0.1708984375,1.30615234375,0.01220703125,-0.93994140625,0.13427734375,-0.3662109375,-0.20751953125,-1.01318359375,-0.1220703125,-0.76904296875,0.10986328125,-1.42822265625,-0.15869140625,0.06103515625,0.03662109375,0.13427734375,0.01220703125,-0.6103515625,-0.1953125,-0.9765625,0.0244140625,-0.79345703125,-0.0244140625,-0.81787109375,-0.01220703125,-0.30517578125,-0.08544921875,6.53076171875,-0.15869140625,2.64892578125,-0.1220703125,2.25830078125,-0.10986328125,4.84619140625,0.06103515625,0.439453125,0.06103515625,0.0732421875,-0.06103515625,0.03662109375,-0.146484375,0.244140625,-0.0732421875,-0.048828125,-0.09765625,0.84228515625,-0.01220703125,-0.47607421875,0.08544921875,-0.52490234375
0,-0.3173828125,-0.341796875,0.30517578125,-0.29296875,-0.09765625,-0.40283203125,0,-0.048828125,0.4150390625,-0.01220703125,-0.06103515625,-0.87890625,-0.01220703125,1.07421875,-0.244140625,-0.15869140625,0.048828125,-0.54931640625,0.0244140625,-0.13427734375,-0.57373046875,0.87890625,-0.1708984375,-0.6103515625,-0.18310546875,1.23291015625,0.08544921875,-0.08544921875,0.1220703125,1.8310546875,0.1708984375,1.01318359375,0.09765625,-0.28076171875,0.20751953125,-0.830078125,-0.18310546875,-0.29296875,0.1708984375,-0.72021484375,-0.37841796875,-0.08544921875,-0.08544921875,-0.6591796875,0.10986328125,-0.42724609375,-0.09765625,0.67138671875,0.01220703125,1.0986328125,0.5126953125,0.45166015625,-0.84228515625,0.06103515625,-0.390625,0.7080078125,-0.15869140625,0.8544921875,0.0732421875,0.6103515625,-0.23193359375,0.9033203125,0.3173828125,0.5615234375,0.048828125,0.32958984375,-0.01220703125,1.0009765625,-0.06103515625,0.15869140625,-0.2197265625,0.1708984375,-0.2685546875,0.23193359375,0.32958984375,0.830078125,0.15869140625,0.01220703125,-0.20751953125,1.33056640625,0.0244140625,-0.9521484375,0.10986328125,-0.3662109375,-0.25634765625,-1.0009765625,-0.06103515625,-0.79345703125,0.244140625,-0.96435546875,-0.1708984375,0.32958984375,0.13427734375,0.40283203125,0,-0.30517578125,-0.1220703125,-0.98876953125,0.03662109375,-0.79345703125,-0.06103515625,-0.81787109375,-0.0244140625,-0.30517578125,-0.09765625,7.12890625,-0.13427734375,3.03955078125,-0.1708984375,2.55126953125,-0.09765625,5.224609375,0.0732421875,0.4150390625,0.10986328125,0.10986328125,-0.0732421875,0.03662109375,-0.1220703125,0.23193359375,-0.06103515625,-0.0732421875,-0.08544921875,0.8056640625,0.03662109375,-0.4638671875,0.08544921875,-0.5126953125
0,-0.30517578125,-0.35400390625,0.29296875,-0.25634765625,-0.1220703125,-0.40283203125,-0.01220703125,-0.06103515625,0.40283203125,-0.03662109375,-0.0732421875,-0.89111328125,-0.01220703125,1.0498046875,-0.244140625,-0.146484375,0.0244140625,-0.537109375,0.0244140625,-0.15869140625,-0.4638671875,0.86669921875,-0.2197265625,-0.5859375,-0.2685546875,0.72021484375,0.01220703125,-0.3173828125,0.03662109375,1.47705078125,0.1953125,0.7080078125,0.1220703125,-0.25634765625,0.23193359375,-0.830078125,-0.1708984375,-0.29296875,0.03662109375,-0.7080078125,-0.37841796875,-0.1220703125,-0.06103515625,-0.68359375,0.048828125,-0.40283203125,-0.0732421875,0.67138671875,-0.03662109375,1.11083984375,0.52490234375,0.42724609375,-0.7568359375,0.0732421875,-0.42724609375,0.7080078125,-0.146484375,0.8544921875,-0.01220703125,0.62255859375,-0.3173828125,0.86669921875,0.25634765625,0.5126953125,0.06103515625,0.2685546875,0.06103515625,1.0009765625,-0.06103515625,0.1708984375,-0.1708984375,0.18310546875,-0.1708984375,0.244140625,0.35400390625,0.84228515625,0.10986328125,0.0244140625,-0.2197265625,1.35498046875,-0.01220703125,-0.9765625,0.10986328125,-0.3662109375,-0.25634765625,-1.025390625,-0.06103515625,-0.8056640625,0.25634765625,-0.20751953125,-0.1708984375,0.732421875,0.146484375,0.8544921875,-0.01220703125,0.1953125,-0.09765625,-0.9521484375,0.09765625,-0.79345703125,-0.08544921875,-0.81787109375,-0.01220703125,-0.3173828125,-0.15869140625,7.5439453125,-0.13427734375,3.25927734375,-0.2197265625,2.734375,-0.15869140625,5.46875,0.09765625,0.4150390625,0.10986328125,0.0732421875,-0.0732421875,0.048828125,-0.1220703125,0.244140625,-0.048828125,-0.0732421875,-0.0732421875,0.84228515625,0.06103515625,-0.4638671875,0.048828125,-0.52490234375
0,-0.30517578125,-0.35400390625,0.30517578125,-0.2197265625,-0.10986328125,-0.4150390625,-0.03662109375,-0.048828125,0.40283203125,-0.03662109375,-0.0732421875,-0.87890625,-0.01220703125,1.0498046875,-0.1953125,-0.1220703125,0.01220703125,-0.5615234375,0.0244140625,-0.15869140625,-0.37841796875,0.87890625,-0.2685546875,-0.59814453125,-0.30517578125,0.3173828125,-0.03662109375,-0.5126953125,-0.03662109375,1.171875,0.13427734375,0.45166015625,0.0732421875,-0.25634765625,0.2685546875,-0.830078125,-0.20751953125,-0.29296875,0.0244140625,-0.7080078125,-0.32958984375,-0.13427734375,-0.0244140625,-0.67138671875,-0.03662109375,-0.40283203125,-0.03662109375,0.6591796875,-0.0732421875,1.1474609375,0.52490234375,0.42724609375,-0.67138671875,0.0244140625,-0.4150390625,0.69580078125,0,0.86669921875,0.03662109375,0.634765625,-0.23193359375,0.8544921875,0.32958984375,0.52490234375,0.048828125,0.23193359375,0.15869140625,0.98876953125,-0.048828125,0.18310546875,-0.1220703125,0.1708984375,-0.08544921875,0.25634765625,0.390625,0.86669921875,0.0732421875,0.0244140625,-0.244140625,1.35498046875,-0.048828125,-0.9765625,0.08544921875,-0.35400390625,-0.2197265625,-1.01318359375,-0.08544921875,-0.79345703125,0.15869140625,0.830078125,-0.18310546875,1.23291015625,0.10986328125,1.416015625,-0.01220703125,0.81787109375,-0.08544921875,-0.9521484375,0.15869140625,-0.79345703125,-0.10986328125,-0.830078125,-0.06103515625,-0.29296875,-0.048828125,7.7880859375,-0.09765625,3.38134765625,-0.1953125,2.83203125,-0.1708984375,5.57861328125,0.09765625,0.42724609375,0.1220703125,0.03662109375,-0.06103515625,0.03662109375,-0.09765625,0.244140625,-0.03662109375,-0.09765625,-0.048828125,0.830078125,0.09765625,-0.47607421875,0.01220703125,-0.52490234375
0,-0.29296875,-0.35400390625,0.2685546875,-0.1708984375,-0.10986328125,-0.4150390625,-0.03662109375,-0.0244140625,0.390625,-0.01220703125,-0.08544921875,-0.87890625,-0.0244140625,1.07421875,-0.1953125,-0.13427734375,0,-0.5859375,0.06103515625,-0.15869140625,-0.29296875,0.87890625,-0.244140625,-0.59814453125,-0.32958984375,-0.0732421875,-0.06103515625,-0.72021484375,-0.08544921875,0.9033203125,0.06103515625,0.1953125,-0.06103515625,-0.29296875,0.29296875,-0.830078125,-0.23193359375,-0.341796875,-0.0244140625,-0.732421875,-0.244140625,-0.1708984375,-0.03662109375,-0.69580078125,-0.048828125,-0.40283203125,0,0.64697265625,-0.09765625,1.1474609375,0.50048828125,0.42724609375,-0.54931640625,-0.03662109375,-0.390625,0.69580078125,0.01220703125,0.91552734375,0,0.6591796875,-0.3662109375,0.89111328125,0.25634765625,0.59814453125,0.01220703125,0.18310546875,0.244140625,0.98876953125,-0.06103515625,0.18310546875,-0.0732421875,0.20751953125,0.0244140625,0.2685546875,0.32958984375,0.87890625,0.01220703125,0.01220703125,-0.2197265625,1.35498046875,-0.0732421875,-0.98876953125,0.08544921875,-0.3662109375,-0.15869140625,-1.01318359375,-0.08544921875,-0.78125,0.048828125,1.9775390625,-0.23193359375,1.806640625,-0.03662109375,2.08740234375,-0.048828125,1.5625,-0.146484375,-0.927734375,0.23193359375,-0.78125,-0.1220703125,-0.81787109375,-0.1220703125,-0.30517578125,-0.0244140625,7.87353515625,-0.0732421875,3.40576171875,-0.18310546875,2.8564453125,-0.20751953125,5.55419921875,0.08544921875,0.37841796875,0.1220703125,0.01220703125,-0.0732421875,0.03662109375,-0.08544921875,0.2197265625,-0.0244140625,-0.10986328125,-0.06103515625,0.8544921875,0.1220703125,-0.45166015625,-0.01220703125,-0.537109375
0,-0.28076171875,-0.37841796875,0.2685546875,-0.10986328125,-0.1220703125,-0.42724609375,-0.03662109375,-0.03662109375,0.40283203125,-0.01220703125,-0.06103515625,-0.87890625,-0.0244140625,1.0986328125,-0.1708984375,-0.1220703125,-0.01220703125,-0.5859375,0.10986328125,-0.1708984375,-0.1953125,0.89111328125,-0.2197265625,-0.59814453125,-0.390625,-0.4150390625,-0.1220703125,-0.927734375,-0.10986328125,0.6591796875,-0.08544921875,-0.03662109375,-0.18310546875,-0.3173828125,0.30517578125,-0.86669921875,-0.25634765625,-0.390625,-0.0244140625,-0.732421875,-0.08544921875,-0.1953125,-0.06103515625,-0.69580078125,-0.01220703125,-0.4150390625,-0.01220703125,0.64697265625,-0.09765625,1.15966796875,0.45166015625,0.4150390625,-0.4638671875,-0.146484375,-0.35400390625,0.69580078125,0.0732421875,1.06201171875,0.09765625,0.72021484375,-0.390625,0.9521484375,0.25634765625,0.732421875,-0.01220703125,0.15869140625,0.28076171875,0.98876953125,-0.06103515625,0.20751953125,-0.03662109375,0.1953125,0.09765625,0.25634765625,0.25634765625,0.927734375,-0.03662109375,0,-0.15869140625,1.33056640625,-0.1220703125,-0.98876953125,0.06103515625,-0.3662109375,-0.08544921875,-1.01318359375,-0.13427734375,-0.78125,0.048828125,3.1494140625,-0.23193359375,2.392578125,-0.13427734375,2.74658203125,0,2.30712890625,-0.1953125,-0.927734375,0.244140625,-0.79345703125,-0.13427734375,-0.8056640625,-0.146484375,-0.29296875,-0.13427734375,7.8125,-0.048828125,3.33251953125,-0.15869140625,2.79541015625,-0.25634765625,5.48095703125,0.06103515625,0.35400390625,0.1220703125,-0.0244140625,-0.0732421875,0,-0.08544921875,0.20751953125,-0.048828125,-0.1220703125,-0.048828125,0.84228515625,0.13427734375,-0.4638671875,0,-0.52490234375
0,-0.28076171875,-0.3662109375,0.244140625,-0.0732421875,-0.10986328125,-0.4150390625,-0.0244140625,-0.048828125,0.390625,0,-0.06103515625,-0.86669921875,-0.0244140625,1.11083984375,-0.18310546875,-0.146484375,0.0244140625,-0.59814453125,0.1953125,-0.1708984375,-0.10986328125,0.89111328125,-0.13427734375,-0.6103515625,-0.42724609375,-0.7080078125,-0.146484375,-1.08642578125,-0.0732421875,0.45166015625,-0.146484375,-0.20751953125,-0.35400390625,-0.32958984375,0.25634765625,-0.89111328125,-0.29296875,-0.439453125,-0.0732421875,-0.7568359375,0.08544921875,-0.1953125,-0.048828125,-0.69580078125,0.08544921875,-0.40283203125,-0.0244140625,0.64697265625,-0.06103515625,1.15966796875,0.40283203125,0.439453125,-0.40283203125,-0.2197265625,-0.244140625,0.7080078125,0.08544921875,1.23291015625,0.09765625,0.8056640625,-0.42724609375,1.06201171875,0.18310546875,0.93994140625,0,0.146484375,0.32958984375,0.98876953125,-0.03662109375,0.20751953125,-0.01220703125,0.18310546875,0.10986328125,0.25634765625,0.1708984375,0.89111328125,-0.048828125,-0.0244140625,-0.10986328125,1.30615234375,-0.15869140625,-0.9521484375,0.048828125,-0.37841796875,0,-1.01318359375,-0.1953125,-0.78125,0,4.28466796875,-0.30517578125,2.9541015625,-0.30517578125,3.3935546875,0.03662109375,3.0029296875,-0.1953125,-0.927734375,0.2197265625,-0.79345703125,-0.146484375,-0.830078125,-0.2197265625,-0.28076171875,-0.2197265625,7.6416015625,0,3.1982421875,-0.146484375,2.685546875,-0.28076171875,5.35888671875,0.06103515625,0.341796875,0.10986328125,-0.01220703125,-0.08544921875,-0.01220703125,-0.0732421875,0.1953125,-0.0732421875,-0.08544921875,-0.048828125,0.84228515625,0.1220703125,-0.50048828125,0.03662109375,-0.5126953125
0,-0.2685546875,-0.390625,0.1953125,-0.06103515625,-0.09765625,-0.4150390625,-0.03662109375,-0.03662109375,0.390625,-0.0244140625,-0.048828125,-0.87890625,0,1.13525390625,-0.1953125,-0.146484375,0.0732421875,-0.6103515625,0.244140625,-0.15869140625,-0.09765625,0.91552734375,0,-0.634765625,-0.3662109375,-0.927734375,-0.1220703125,-1.220703125,0.01220703125,0.30517578125,-0.20751953125,-0.3662109375,-0.40283203125,-0.341796875,0.20751953125,-0.9033203125,-0.28076171875,-0.47607421875,-0.09765625,-0.78125,0.20751953125,-0.20751953125,-0.03662109375,-0.67138671875,0.15869140625,-0.390625,-0.03662109375,0.634765625,-0.0244140625,1.15966796875,0.30517578125,0.45166015625,-0.439453125,-0.2685546875,-0.10986328125,0.732421875,0.1220703125,1.3671875,0.13427734375,0.86669921875,-0.5126953125,1.18408203125,0.1953125,1.123046875,0.03662109375,0.1708984375,0.3173828125,0.98876953125,0,0.1953125,-0.01220703125,0.18310546875,0.10986328125,0.244140625,0.08544921875,0.86669921875,-0.08544921875,-0.048828125,-0.06103515625,1.28173828125,-0.18310546875,-0.93994140625,0.08544921875,-0.40283203125,0.03662109375,-1.0009765625,-0.23193359375,-0.79345703125,-0.08544921875,5.28564453125,-0.32958984375,3.45458984375,-0.37841796875,3.955078125,0.048828125,3.64990234375,-0.20751953125,-0.9033203125,0.18310546875,-0.8056640625,-0.146484375,-0.830078125,-0.2197265625,-0.28076171875,-0.25634765625,7.38525390625,0.03662109375,3.03955078125,-0.10986328125,2.52685546875,-0.30517578125,5.18798828125,0.03662109375,0.341796875,0.146484375,-0.0244140625,-0.0732421875,-0.0244140625,-0.048828125,0.18310546875,-0.06103515625,-0.06103515625,-0.06103515625,0.830078125,0.10986328125,-0.52490234375,0.048828125,-0.5126953125
0,-0.2685546875,-0.40283203125,0.23193359375,-0.01220703125,-0.1220703125,-0.4150390625,-0.048828125,-0.0244140625,0.37841796875,-0.03662109375,-0.0732421875,-0.86669921875,-0.01220703125,1.11083984375,-0.18310546875,-0.1220703125,0.1220703125,-0.6103515625,0.3173828125,-0.146484375,-0.0732421875,0.91552734375,0.13427734375,-0.634765625,-0.35400390625,-1.07421875,-0.10986328125,-1.30615234375,0.08544921875,0.2197265625,-0.23193359375,-0.45166015625,-0.40283203125,-0.35400390625,0.146484375,-0.9033203125,-0.25634765625,-0.47607421875,-0.08544921875,-0.79345703125,0.2685546875,-0.20751953125,-0.01220703125,-0.6591796875,0.244140625,-0.390625,-0.048828125,0.64697265625,0.0244140625,1.13525390625,0.2197265625,0.439453125,-0.50048828125,-0.29296875,0.146484375,0.74462890625,0.06103515625,1.513671875,0.01220703125,0.91552734375,-0.48828125,1.25732421875,0.08544921875,1.25732421875,0.048828125,0.244140625,0.29296875,1.0009765625,0.03662109375,0.18310546875,-0.0244140625,0.15869140625,0.08544921875,0.23193359375,0.06103515625,0.84228515625,-0.0732421875,-0.048828125,-0.01220703125,1.26953125,-0.15869140625,-0.927734375,0.048828125,-0.40283203125,0.08544921875,-0.98876953125,-0.244140625,-0.78125,-0.1220703125,6.11572265625,-0.37841796875,3.84521484375,-0.35400390625,4.443359375,0.0244140625,4.16259765625,-0.1708984375,-0.9033203125,0.146484375,-0.8056640625,-0.1220703125,-0.8056640625,-0.23193359375,-0.28076171875,-0.25634765625,7.04345703125,0.08544921875,2.84423828125,-0.10986328125,2.38037109375,-0.28076171875,5.0048828125,0.01220703125,0.32958984375,0.18310546875,-0.01220703125,-0.08544921875,-0.06103515625,-0.048828125,0.1953125,-0.0732421875,-0.03662109375,-0.048828125,0.8056640625,0.08544921875,-0.537109375,0.048828125,-0.5126953125
0,-0.244140625,-0.390625,0.18310546875,-0.01220703125,-0.10986328125,-0.40283203125,-0.03662109375,-0.01220703125,0.3662109375,-0.048828125,-0.0732421875,-0.87890625,-0.01220703125,1.11083984375,-0.1953125,-0.1220703125,0.13427734375,-0.6103515625,0.40283203125,-0.13427734375,-0.1220703125,0.91552734375,0.2685546875,-0.634765625,-0.29296875,-1.123046875,-0.08544921875,-1.33056640625,0.10986328125,0.1953125,-0.20751953125,-0.50048828125,-0.3173828125,-0.341796875,0.09765625,-0.9033203125,-0.2197265625,-0.45166015625,-0.01220703125,-0.78125,0.23193359375,-0.1708984375,-0.048828125,-0.67138671875,0.30517578125,-0.40283203125,-0.03662109375,0.634765625,0.06103515625,1.11083984375,0.1708984375,0.439453125,-0.59814453125,-0.2685546875,0.4150390625,0.7568359375,0.01220703125,1.57470703125,0.01220703125,0.93994140625,-0.54931640625,1.30615234375,0.03662109375,1.3427734375,0.09765625,0.341796875,0.20751953125,1.025390625,0.0732421875,0.1708984375,-0.0732421875,0.15869140625,0.06103515625,0.2197265625,0.0244140625,0.78125,-0.06103515625,-0.03662109375,0,1.28173828125,-0.1708984375,-0.96435546875,0.08544921875,-0.4150390625,0.10986328125,-0.98876953125,-0.20751953125,-0.79345703125,-0.1220703125,6.689453125,-0.390625,4.1259765625,-0.32958984375,4.78515625,-0.01220703125,4.57763671875,-0.18310546875,-0.927734375,0.10986328125,-0.79345703125,-0.10986328125,-0.830078125,-0.1953125,-0.29296875,-0.29296875,6.67724609375,0.0244140625,2.64892578125,-0.09765625,2.20947265625,-0.23193359375,4.8095703125,-0.0244140625,0.32958984375,0.20751953125,0.01220703125,-0.06103515625,-0.0732421875,-0.0732421875,0.1708984375,-0.0732421875,-0.01220703125,-0.06103515625,0.79345703125,0.08544921875,-0.5615234375,0.048828125,-0.48828125
0,-0.23193359375,-0.40283203125,0.18310546875,-0.01220703125,-0.0732421875,-0.40283203125,-0.01220703125,0,0.40283203125,-0.03662109375,-0.048828125,-0.86669921875,-0.01220703125,1.11083984375,-0.1953125,-0.1220703125,0.08544921875,-0.6103515625,0.4638671875,-0.146484375,-0.2197265625,0.89111328125,0.3662109375,-0.634765625,-0.23193359375,-1.03759765625,-0.0244140625,-1.30615234375,0.13427734375,0.23193359375,-0.15869140625,-0.439453125,-0.18310546875,-0.35400390625,0.09765625,-0.89111328125,-0.18310546875,-0.439453125,0.03662109375,-0.79345703125,0.1220703125,-0.1708984375,-0.03662109375,-0.6591796875,0.28076171875,-0.390625,-0.01220703125,0.64697265625,0.0732421875,1.0986328125,0.18310546875,0.439453125,-0.67138671875,-0.18310546875,0.6591796875,0.74462890625,-0.06103515625,1.55029296875,0.01220703125,0.93994140625,-0.57373046875,1.2939453125,-0.0244140625,1.28173828125,0.1708984375,0.42724609375,0.146484375,1.03759765625,0.08544921875,0.1708984375,-0.13427734375,0.15869140625,0.06103515625,0.2197265625,-0.03662109375,0.76904296875,-0.03662109375,-0.03662109375,0.03662109375,1.28173828125,-0.1220703125,-0.9521484375,0.08544921875,-0.4150390625,0.10986328125,-0.98876953125,-0.13427734375,-0.78125,-0.08544921875,7.03125,-0.390625,4.296875,-0.23193359375,4.96826171875,-0.048828125,4.79736328125,-0.1953125,-0.9521484375,0.08544921875,-0.8056640625,-0.146484375,-0.84228515625,-0.1708984375,-0.29296875,-0.13427734375,6.28662109375,-0.01220703125,2.42919921875,-0.08544921875,2.03857421875,-0.15869140625,4.58984375,-0.0732421875,0.35400390625,0.23193359375,0.03662109375,-0.0732421875,-0.08544921875,-0.06103515625,0.1708984375,-0.06103515625,0,-0.0732421875,0.74462890625,0.0732421875,-0.54931640625,0.03662109375,-0.50048828125
0,-0.23193359375,-0.37841796875,0.18310546875,-0.03662109375,-0.0732421875,-0.42724609375,-0.0244140625,-0.01220703125,0.439453125,-0.06103515625,-0.048828125,-0.87890625,-0.0244140625,1.08642578125,-0.18310546875,-0.146484375,0.0732421875,-0.5859375,0.5126953125,-0.1220703125,-0.25634765625,0.89111328125,0.390625,-0.62255859375,-0.15869140625,-0.9033203125,0.01220703125,-1.220703125,0.1220703125,0.32958984375,-0.03662109375,-0.341796875,-0.13427734375,-0.3173828125,0.1220703125,-0.89111328125,-0.146484375,-0.4150390625,0.01220703125,-0.79345703125,-0.0244140625,-0.146484375,-0.048828125,-0.64697265625,0.244140625,-0.3662109375,0.06103515625,0.64697265625,0.0732421875,1.06201171875,0.244140625,0.4150390625,-0.7080078125,-0.10986328125,0.79345703125,0.732421875,-0.08544921875,1.46484375,0,0.91552734375,-0.537109375,1.220703125,-0.08544921875,1.1962890625,0.20751953125,0.537109375,0.08544921875,1.01318359375,0.048828125,0.146484375,-0.18310546875,0.146484375,0.0244140625,0.23193359375,-0.03662109375,0.732421875,-0.01220703125,-0.03662109375,0.0244140625,1.30615234375,-0.0732421875,-0.98876953125,0.09765625,-0.42724609375,0.08544921875,-0.98876953125,-0.03662109375,-0.79345703125,-0.0732421875,7.11669921875,-0.3173828125,4.3212890625,-0.10986328125,5.01708984375,-0.10986328125,4.8828125,-0.20751953125,-0.9765625,0.09765625,-0.8056640625,-0.1708984375,-0.84228515625,-0.10986328125,-0.3173828125,-0.1708984375,5.84716796875,-0.13427734375,2.2216796875,-0.10986328125,1.86767578125,-0.10986328125,4.38232421875,-0.0732421875,0.3662109375,0.2685546875,0.06103515625,-0.0732421875,-0.08544921875,-0.06103515625,0.18310546875,-0.048828125,-0.0244140625,-0.13427734375,0.74462890625,0.03662109375,-0.54931640625,0.0244140625,-0.5126953125
1,-0.244140625,-0.37841796875,0.1708984375,-0.10986328125,-0.10986328125,-0.390625,-0.0244140625,-0.03662109375,0.439453125,-0.08544921875,-0.03662109375,-0.89111328125,-0.03662109375,1.07421875,-0.1708984375,-0.15869140625,0.06103515625,-0.5859375,0.4150390625,-0.146484375,-0.2685546875,0.86669921875,0.32958984375,-0.59814453125,-0.08544921875,-0.72021484375,0.0244140625,-1.11083984375,0.1220703125,0.47607421875,0.08544921875,-0.20751953125,-0.048828125,-0.3173828125,0.146484375,-0.86669921875,-0.1220703125,-0.4150390625,0.0244140625,-0.78125,-0.146484375,-0.1708984375,-0.08544921875,-0.6591796875,0.15869140625,-0.35400390625,0.06103515625,0.62255859375,0.03662109375,1.0498046875,0.341796875,0.4150390625,-0.74462890625,-0.0244140625,0.8056640625,0.72021484375,-0.0732421875,1.35498046875,0.01220703125,0.93994140625,-0.5126953125,1.15966796875,-0.048828125,1.0498046875,0.1953125,0.67138671875,0.01220703125,1.025390625,0.0244140625,0.1220703125,-0.244140625,0.146484375,-0.048828125,0.23193359375,-0.06103515625,0.69580078125,0.0244140625,-0.0244140625,0.01220703125,1.30615234375,0,-0.98876953125,0.09765625,-0.40283203125,0.06103515625,-0.98876953125,0.01220703125,-0.78125,-0.048828125,6.93359375,-0.25634765625,4.21142578125,-0.0244140625,4.9072265625,-0.18310546875,4.7607421875,-0.2685546875,-0.96435546875,0.1220703125,-0.8056640625,-0.2197265625,-0.830078125,-0.01220703125,-0.30517578125,-0.1708984375,5.46875,-0.1953125,2.001953125,-0.1220703125,1.708984375,-0.06103515625,4.1748046875,-0.1220703125,0.37841796875,0.28076171875,0.06103515625,-0.06103515625,-0.08544921875,-0.0732421875,0.20751953125,-0.0732421875,-0.048828125,-0.15869140625,0.732421875,0.06103515625,-0.54931640625,0.01220703125,-0.54931640625
1,-0.2197265625,-0.3662109375,0.15869140625,-0.1708984375,-0.10986328125,-0.4150390625,-0.0244140625,-0.06103515625,0.42724609375,-0.06103515625,-0.0244140625,-0.91552734375,-0.0244140625,1.08642578125,-0.146484375,-0.1708984375,0.06103515625,-0.5615234375,0.30517578125,-0.1220703125,-0.28076171875,0.86669921875,0.2197265625,-0.6103515625,0.0244140625,-0.47607421875,0.01220703125,-0.9765625,0.13427734375,0.634765625,0.146484375,-0.03662109375,-0.06103515625,-0.3173828125,0.20751953125,-0.87890625,-0.13427734375,-0.439453125,0.08544921875,-0.78125,-0.2197265625,-0.18310546875,-0.09765625,-0.6591796875,0.03662109375,-0.35400390625,0.09765625,0.634765625,-0.0244140625,1.07421875,0.47607421875,0.4150390625,-0.69580078125,0.048828125,0.732421875,0.7080078125,0,1.26953125,-0.01220703125,1.0498046875,-0.47607421875,1.11083984375,-0.10986328125,0.98876953125,0.18310546875,0.78125,-0.01220703125,1.01318359375,-0.0244140625,0.146484375,-0.2685546875,0.1708984375,-0.08544921875,0.23193359375,-0.03662109375,0.7080078125,0.048828125,-0.01220703125,-0.01220703125,1.30615234375,0.0732421875,-0.9765625,0.10986328125,-0.40283203125,0.0244140625,-0.98876953125,0.03662109375,-0.8056640625,-0.03662109375,6.50634765625,-0.1708984375,3.955078125,0.0732421875,4.638671875,-0.2197265625,4.43115234375,-0.2685546875,-0.98876953125,0.1220703125,-0.79345703125,-0.23193359375,-0.84228515625,0.048828125,-0.29296875,-0.15869140625,5.09033203125,-0.244140625,1.79443359375,-0.13427734375,1.57470703125,-0.03662109375,3.9794921875,-0.13427734375,0.390625,0.30517578125,0.06103515625,-0.06103515625,-0.0732421875,-0.06103515625,0.1953125,-0.06103515625,-0.0732421875,-0.15869140625,0.72021484375,0.0732421875,-0.537109375,0,-0.54931640625
1,-0.20751953125,-0.3662109375,0.15869140625,-0.23193359375,-0.09765625,-0.40283203125,-0.0244140625,-0.08544921875,0.42724609375,-0.06103515625,-0.01220703125,-0.9033203125,-0.0244140625,1.08642578125,-0.15869140625,-0.18310546875,0.1220703125,-0.57373046875,0.1708984375,-0.1220703125,-0.28076171875,0.84228515625,0.048828125,-0.57373046875,0.13427734375,-0.28076171875,-0.01220703125,-0.84228515625,0.1953125,0.79345703125,0.23193359375,0.10986328125,-0.18310546875,-0.3173828125,0.23193359375,-0.87890625,-0.13427734375,-0.45166015625,0.08544921875,-0.76904296875,-0.244140625,-0.15869140625,-0.146484375,-0.64697265625,-0.048828125,-0.341796875,0.10986328125,0.62255859375,-0.1220703125,1.0986328125,0.64697265625,0.40283203125,-0.7080078125,0.09765625,0.7568359375,0.69580078125,0.06103515625,1.2939453125,-0.06103515625,1.2939453125,-0.50048828125,1.18408203125,-0.146484375,1.0498046875,0.15869140625,0.93994140625,-0.03662109375,1.01318359375,-0.08544921875,0.146484375,-0.29296875,0.15869140625,-0.15869140625,0.23193359375,0,0.69580078125,0.048828125,0.01220703125,-0.03662109375,1.35498046875,0.09765625,-0.98876953125,0.1220703125,-0.40283203125,-0.01220703125,-1.0009765625,0.01220703125,-0.8056640625,-0.06103515625,5.810546875,-0.0732421875,3.564453125,0.10986328125,4.18701171875,-0.1708984375,3.94287109375,-0.25634765625,-0.98876953125,0.13427734375,-0.78125,-0.25634765625,-0.81787109375,0.13427734375,-0.29296875,-0.15869140625,4.736328125,-0.244140625,1.5869140625,-0.13427734375,1.42822265625,-0.0244140625,3.77197265625,-0.1953125,0.35400390625,0.28076171875,0.048828125,-0.06103515625,-0.048828125,-0.08544921875,0.20751953125,-0.03662109375,-0.08544921875,-0.15869140625,0.74462890625,0.08544921875,-0.52490234375,0.0244140625,-0.5615234375
1,-0.1953125,-0.35400390625,0.1708984375,-0.29296875,-0.10986328125,-0.4150390625,0,-0.09765625,0.4150390625,-0.01220703125,0,-0.9033203125,-0.03662109375,1.08642578125,-0.1708984375,-0.1708984375,0.1220703125,-0.5615234375,0.09765625,-0.146484375,-0.3662109375,0.84228515625,-0.09765625,-0.57373046875,0.10986328125,-0.146484375,-0.0732421875,-0.732421875,0.23193359375,0.927734375,0.29296875,0.2197265625,-0.244140625,-0.3173828125,0.28076171875,-0.87890625,-0.1708984375,-0.4638671875,0.146484375,-0.78125,-0.25634765625,-0.1708984375,-0.1708984375,-0.6591796875,-0.09765625,-0.341796875,0.048828125,0.6103515625,-0.15869140625,1.13525390625,0.7568359375,0.40283203125,-0.69580078125,0.09765625,0.830078125,0.69580078125,0.10986328125,1.50146484375,-0.10986328125,1.7578125,-0.48828125,1.3671875,-0.13427734375,1.26953125,0.1220703125,1.01318359375,-0.1220703125,1.03759765625,-0.13427734375,0.18310546875,-0.30517578125,0.18310546875,-0.244140625,0.244140625,0.01220703125,0.69580078125,0.0732421875,0.01220703125,0,1.3671875,0.10986328125,-1.0009765625,0.13427734375,-0.390625,-0.048828125,-1.01318359375,-0.048828125,-0.81787109375,-0.048828125,4.87060546875,0,3.0517578125,0.08544921875,3.61328125,-0.09765625,3.25927734375,-0.2197265625,-0.96435546875,0.1220703125,-0.79345703125,-0.25634765625,-0.81787109375,0.1708984375,-0.29296875,-0.1708984375,4.40673828125,-0.2197265625,1.3916015625,-0.146484375,1.2939453125,-0.0244140625,3.55224609375,-0.18310546875,0.390625,0.2685546875,0.01220703125,-0.0732421875,-0.06103515625,-0.09765625,0.2197265625,-0.048828125,-0.08544921875,-0.13427734375,0.7568359375,0.09765625,-0.52490234375,0.0244140625,-0.5859375
1,-0.1708984375,-0.3662109375,0.1708984375,-0.3173828125,-0.09765625,-0.42724609375,-0.03662109375,-0.09765625,0.439453125,0,0.0244140625,-0.91552734375,-0.0244140625,1.08642578125,-0.146484375,-0.146484375,0.09765625,-0.5859375,0.048828125,-0.15869140625,-0.47607421875,0.81787109375,-0.18310546875,-0.57373046875,0.10986328125,-0.09765625,-0.0244140625,-0.68359375,0.341796875,0.98876953125,0.30517578125,0.2685546875,-0.35400390625,-0.30517578125,0.3662109375,-0.87890625,-0.23193359375,-0.47607421875,0.08544921875,-0.76904296875,-0.18310546875,-0.20751953125,-0.2197265625,-0.64697265625,-0.13427734375,-0.35400390625,-0.0244140625,0.62255859375,-0.2197265625,1.1474609375,0.830078125,0.40283203125,-0.72021484375,0.06103515625,0.87890625,0.7080078125,0.10986328125,1.953125,-0.1953125,2.44140625,-0.48828125,1.6845703125,-0.146484375,1.74560546875,0.09765625,1.0986328125,-0.15869140625,1.03759765625,-0.20751953125,0.1953125,-0.28076171875,0.20751953125,-0.3173828125,0.244140625,0.03662109375,0.7568359375,0.0732421875,0.01220703125,0.0244140625,1.35498046875,0.1220703125,-1.03759765625,0.1220703125,-0.37841796875,-0.0732421875,-1.01318359375,-0.1220703125,-0.84228515625,-0.048828125,3.759765625,0.0244140625,2.44140625,0.048828125,2.9296875,-0.01220703125,2.4658203125,-0.15869140625,-0.9521484375,0.08544921875,-0.81787109375,-0.2685546875,-0.8056640625,0.1708984375,-0.29296875,-0.1220703125,4.052734375,-0.1953125,1.20849609375,-0.15869140625,1.18408203125,-0.08544921875,3.3447265625,-0.1708984375,0.3662109375,0.23193359375,0.01220703125,-0.06103515625,-0.01220703125,-0.09765625,0.1953125,-0.06103515625,-0.08544921875,-0.09765625,0.76904296875,0.09765625,-0.52490234375,0.03662109375,-0.5615234375
1,-0.1708984375,-0.3662109375,0.15869140625,-0.35400390625,-0.09765625,-0.42724609375,-0.03662109375,-0.08544921875,0.4150390625,0.01220703125,0.01220703125,-0.9033203125,-0.01220703125,1.0986328125,-0.146484375,-0.13427734375,0.0244140625,-0.59814453125,0.048828125,-0.1708984375,-0.52490234375,0.830078125,-0.2197265625,-0.57373046875,-0.01220703125,-0.10986328125,-0.0732421875,-0.6591796875,0.28076171875,1.025390625,0.15869140625,0.29296875,-0.390625,-0.30517578125,0.390625,-0.87890625,-0.25634765625,-0.47607421875,-0.01220703125,-0.78125,-0.0732421875,-0.1953125,-0.23193359375,-0.64697265625,-0.06103515625,-0.37841796875,-0.13427734375,0.6103515625,-0.20751953125,1.15966796875,0.830078125,0.4150390625,-0.72021484375,0.0244140625,0.8544921875,0.7080078125,0.146484375,2.6123046875,-0.2197265625,3.3203125,-0.537109375,2.18505859375,-0.048828125,2.490234375,0.048828125,1.1474609375,-0.1953125,1.01318359375,-0.244140625,0.18310546875,-0.244140625,0.23193359375,-0.390625,0.244140625,0.048828125,0.74462890625,0.06103515625,0,0.08544921875,1.35498046875,0.03662109375,-1.03759765625,0.10986328125,-0.3662109375,-0.08544921875,-0.98876953125,-0.1708984375,-0.81787109375,-0.03662109375,2.55126953125,0.0244140625,1.79443359375,-0.03662109375,2.16064453125,0.08544921875,1.611328125,-0.1953125,-0.93994140625,0.048828125,-0.8056640625,-0.2685546875,-0.78125,0.18310546875,-0.28076171875,-0.09765625,3.64990234375,-0.08544921875,1.0009765625,-0.146484375,1.01318359375,-0.13427734375,3.11279296875,-0.15869140625,0.35400390625,0.20751953125,0.01220703125,-0.0732421875,0.01220703125,-0.0732421875,0.18310546875,-0.06103515625,-0.08544921875,-0.0732421875,0.81787109375,0.09765625,-0.5126953125,0.03662109375,-0.537109375
1,-0.1953125,-0.37841796875,0.1953125,-0.35400390625,-0.08544921875,-0.4150390625,-0.03662109375,-0.0732421875,0.4150390625,0.03662109375,0.048828125,-0.9033203125,0,1.11083984375,-0.146484375,-0.1220703125,-0.0732421875,-0.59814453125,0.048828125,-0.1708984375,-0.5859375,0.86669921875,-0.1708984375,-0.5859375,-0.18310546875,-0.20751953125,-0.08544921875,-0.69580078125,0.2197265625,0.9765625,-0.0244140625,0.244140625,-0.35400390625,-0.341796875,0.390625,-0.86669921875,-0.29296875,-0.4638671875,0,-0.76904296875,-0.03662109375,-0.2197265625,-0.1708984375,-0.6591796875,-0.0244140625,-0.40283203125,-0.23193359375,0.634765625,-0.13427734375,1.15966796875,0.830078125,0.42724609375,-0.68359375,-0.03662109375,0.67138671875,0.732421875,0.1708984375,3.50341796875,-0.341796875,4.38232421875,-0.48828125,2.81982421875,0,3.3935546875,0.01220703125,1.1474609375,-0.2197265625,1.025390625,-0.28076171875,0.20751953125,-0.18310546875,0.20751953125,-0.42724609375,0.23193359375,0.0244140625,0.74462890625,0.048828125,0,0.1953125,1.3427734375,-0.01220703125,-1.01318359375,0.08544921875,-0.390625,-0.13427734375,-1.01318359375,-0.20751953125,-0.830078125,-0.0244140625,1.2939453125,-0.0244140625,1.13525390625,-0.08544921875,1.42822265625,0.1953125,0.7568359375,-0.20751953125,-0.91552734375,0,-0.81787109375,-0.23193359375,-0.76904296875,0.1708984375,-0.29296875,-0.1220703125,3.21044921875,-0.048828125,0.7568359375,-0.1220703125,0.84228515625,-0.1708984375,2.8564453125,-0.15869140625,0.37841796875,0.20751953125,0.01220703125,-0.0732421875,0.0244140625,-0.0732421875,0.20751953125,-0.08544921875,-0.0732421875,-0.0244140625,0.830078125,0.08544921875,-0.52490234375,0.048828125,-0.537109375
1,-0.20751953125,-0.3662109375,0.146484375,-0.35400390625,-0.06103515625,-0.4150390625,-0.0732421875,-0.06103515625,0.390625,0.03662109375,0.0732421875,-0.9033203125,0,1.11083984375,-0.09765625,-0.1220703125,-0.15869140625,-0.59814453125,0.0732421875,-0.1708984375,-0.57373046875,0.89111328125,-0.0732421875,-0.5859375,-0.23193359375,-0.32958984375,-0.03662109375,-0.76904296875,0.1953125,0.927734375,-0.09765625,0.18310546875,-0.2685546875,-0.35400390625,0.2685546875,-0.8544921875,-0.28076171875,-0.47607421875,-0.1220703125,-0.79345703125,0.03662109375,-0.20751953125,-0.13427734375,-0.67138671875,0.03662109375,-0.45166015625,-0.32958984375,0.634765625,-0.0244140625,1.123046875,0.84228515625,0.439453125,-0.7080078125,-0.08544921875,0.50048828125,0.74462890625,0.10986328125,4.5166015625,-0.341796875,5.52978515625,-0.5615234375,3.5400390625,0.08544921875,4.443359375,0,1.11083984375,-0.2197265625,1.025390625,-0.3173828125,0.23193359375,-0.146484375,0.2197265625,-0.40283203125,0.244140625,0.03662109375,0.74462890625,0.08544921875,0,0.23193359375,1.3427734375,-0.06103515625,-1.01318359375,0.03662109375,-0.37841796875,-0.15869140625,-1.01318359375,-0.1953125,-0.81787109375,-0.03662109375,0.146484375,-0.09765625,0.537109375,-0.1220703125,0.69580078125,0.2197265625,-0.06103515625,-0.2197265625,-0.9033203125,-0.0732421875,-0.81787109375,-0.18310546875,-0.78125,0.146484375,-0.29296875,-0.06103515625,2.685546875,-0.01220703125,0.5126953125,-0.09765625,0.62255859375,-0.20751953125,2.587890625,-0.15869140625,0.37841796875,0.2197265625,0.01220703125,-0.0732421875,0.03662109375,-0.0732421875,0.20751953125,-0.08544921875,-0.048828125,-0.01220703125,0.86669921875,0.09765625,-0.52490234375,0.0732421875,-0.54931640625
1,-0.20751953125,-0.3662109375,0.18310546875,-0.35400390625,-0.03662109375,-0.4150390625,-0.048828125,-0.048828125,0.37841796875,0.0244140625,0.06103515625,-0.89111328125,0,1.11083984375,-0.1220703125,-0.10986328125,-0.2197265625,-0.59814453125,0.146484375,-0.15869140625,-0.5126953125,0.9033203125,0,-0.59814453125,-0.40283203125,-0.4638671875,-0.13427734375,-0.81787109375,0.048828125,0.86669921875,-0.25634765625,0.10986328125,-0.13427734375,-0.390625,0.15869140625,-0.84228515625,-0.2685546875,-0.4638671875,-0.1708984375,-0.79345703125,0.048828125,-0.20751953125,-0.08544921875,-0.6591796875,0.08544921875,-0.4638671875,-0.3662109375,0.634765625,0.09765625,1.13525390625,0.8056640625,0.45166015625,-0.7568359375,-0.13427734375,0.35400390625,0.7568359375,0.01220703125,5.5419921875,-0.1953125,6.67724609375,-0.57373046875,4.28466796875,0.23193359375,5.4931640625,0,1.0498046875,-0.244140625,1.025390625,-0.25634765625,0.1953125,-0.13427734375,0.20751953125,-0.42724609375,0.244140625,0.0732421875,0.732421875,0.10986328125,-0.0244140625,0.25634765625,1.318359375,-0.10986328125,-1.0009765625,0.01220703125,-0.3662109375,-0.18310546875,-0.98876953125,-0.1708984375,-0.8056640625,-0.0244140625,-0.86669921875,-0.1708984375,0.048828125,-0.09765625,0.08544921875,0.18310546875,-0.7568359375,-0.2197265625,-0.89111328125,-0.1220703125,-0.81787109375,-0.13427734375,-0.78125,0.13427734375,-0.28076171875,0.048828125,2.0751953125,0.048828125,0.2685546875,-0.06103515625,0.390625,-0.20751953125,2.294921875,-0.15869140625,0.390625,0.20751953125,0.01220703125,-0.0732421875,0.0732421875,-0.08544921875,0.1953125,-0.0732421875,-0.03662109375,0.01220703125,0.87890625,0.09765625,-0.5126953125,0.08544921875,-0.52490234375
1,-0.2197265625,-0.3662109375,0.1708984375,-0.341796875,-0.0244140625,-0.390625,-0.0732421875,-0.06103515625,0.37841796875,0,0.06103515625,-0.87890625,0,1.0986328125,-0.10986328125,-0.1220703125,-0.244140625,-0.57373046875,0.244140625,-0.146484375,-0.48828125,0.9033203125,0.0732421875,-0.59814453125,-0.54931640625,-0.5615234375,-0.23193359375,-0.8544921875,-0.09765625,0.84228515625,-0.3173828125,0.08544921875,-0.03662109375,-0.37841796875,0.048828125,-0.84228515625,-0.244140625,-0.47607421875,-0.20751953125,-0.81787109375,0.03662109375,-0.1953125,0,-0.64697265625,0.0732421875,-0.45166015625,-0.32958984375,0.64697265625,0.2197265625,1.1474609375,0.72021484375,0.4638671875,-0.78125,-0.1708984375,0.25634765625,0.732421875,-0.10986328125,6.50634765625,-0.03662109375,7.71484375,-0.52490234375,4.9560546875,0.32958984375,6.4697265625,-0.048828125,0.927734375,-0.23193359375,1.025390625,-0.2197265625,0.1708984375,-0.146484375,0.18310546875,-0.37841796875,0.244140625,0.09765625,0.69580078125,0.13427734375,-0.01220703125,0.2685546875,1.2939453125,-0.146484375,-1.01318359375,-0.0244140625,-0.37841796875,-0.2197265625,-1.0009765625,-0.146484375,-0.8056640625,-0.0244140625,-1.62353515625,-0.2197265625,-0.3173828125,-0.0732421875,-0.390625,0.0732421875,-1.28173828125,-0.1953125,-0.87890625,-0.1708984375,-0.830078125,-0.10986328125,-0.78125,0.09765625,-0.29296875,0.13427734375,1.42822265625,0.08544921875,-0.0244140625,-0.03662109375,0.1220703125,-0.20751953125,1.98974609375,-0.1708984375,0.40283203125,0.20751953125,0.01220703125,-0.0732421875,0.06103515625,-0.0732421875,0.1708984375,-0.03662109375,-0.01220703125,0.03662109375,0.86669921875,0.09765625,-0.5126953125,0.08544921875,-0.52490234375
1,-0.23193359375,-0.3662109375,0.15869140625,-0.35400390625,-0.01220703125,-0.390625,-0.06103515625,-0.048828125,0.341796875,-0.01220703125,0.06103515625,-0.86669921875,-0.01220703125,1.11083984375,-0.08544921875,-0.13427734375,-0.2197265625,-0.5615234375,0.32958984375,-0.146484375,-0.40283203125,0.9033203125,0.09765625,-0.59814453125,-0.537109375,-0.54931640625,-0.18310546875,-0.84228515625,-0.146484375,0.8544921875,-0.23193359375,0.13427734375,0.0244140625,-0.390625,0.03662109375,-0.84228515625,-0.2197265625,-0.42724609375,-0.2197265625,-0.78125,0.048828125,-0.1708984375,0.03662109375,-0.64697265625,0.0244140625,-0.4638671875,-0.2685546875,0.6591796875,0.3173828125,1.13525390625,0.7080078125,0.439453125,-0.78125,-0.1953125,0.146484375,0.74462890625,-0.2197265625,7.32421875,0.0244140625,8.55712890625,-0.5126953125,5.4931640625,0.4638671875,7.2021484375,-0.0732421875,0.8056640625,-0.2197265625,1.01318359375,-0.1708984375,0.18310546875,-0.18310546875,0.1708984375,-0.341796875,0.2197265625,0.1220703125,0.7080078125,0.13427734375,-0.03662109375,0.2685546875,1.2939453125,-0.1708984375,-0.9765625,-0.048828125,-0.390625,-0.20751953125,-0.9765625,-0.09765625,-0.78125,-0.0732421875,-2.1240234375,-0.244140625,-0.5615234375,-0.048828125,-0.69580078125,-0.048828125,-1.62353515625,-0.10986328125,-0.87890625,-0.1708984375,-0.81787109375,-0.06103515625,-0.79345703125,0.08544921875,-0.30517578125,0.1953125,0.830078125,0.09765625,-0.28076171875,-0.01220703125,-0.13427734375,-0.244140625,1.6845703125,-0.146484375,0.40283203125,0.20751953125,0,-0.0732421875,0.048828125,-0.06103515625,0.18310546875,-0.06103515625,-0.01220703125,0.03662109375,0.87890625,0.10986328125,-0.5126953125,0.10986328125,-0.52490234375
1,-0.2197265625,-0.390625,0.15869140625,-0.341796875,-0.0244140625,-0.40283203125,-0.0732421875,-0.06103515625,0.341796875,-0.048828125,0.06103515625,-0.86669921875,0,1.08642578125,-0.08544921875,-0.13427734375,-0.1953125,-0.54931640625,0.3662109375,-0.146484375,-0.28076171875,0.91552734375,0.0732421875,-0.5859375,-0.59814453125,-0.48828125,-0.28076171875,-0.76904296875,-0.23193359375,0.9521484375,-0.20751953125,0.2197265625,0,-0.37841796875,0.08544921875,-0.84228515625,-0.20751953125,-0.40283203125,-0.244140625,-0.76904296875,0.09765625,-0.15869140625,0.03662109375,-0.6591796875,-0.03662109375,-0.439453125,-0.146484375,0.6591796875,0.390625,1.11083984375,0.6591796875,0.42724609375,-0.7080078125,-0.20751953125,-0.0244140625,0.732421875,-0.30517578125,7.861328125,0.0732421875,9.1552734375,-0.439453125,5.84716796875,0.54931640625,7.71484375,-0.08544921875,0.6591796875,-0.1953125,1.0498046875,-0.09765625,0.18310546875,-0.1953125,0.15869140625,-0.3173828125,0.23193359375,0.146484375,0.69580078125,0.15869140625,-0.0244140625,0.23193359375,1.30615234375,-0.18310546875,-0.9765625,-0.0244140625,-0.37841796875,-0.18310546875,-0.98876953125,-0.1220703125,-0.79345703125,-0.10986328125,-2.35595703125,-0.23193359375,-0.6591796875,-0.0732421875,-0.8544921875,-0.1220703125,-1.7822265625,-0.09765625,-0.89111328125,-0.13427734375,-0.830078125,-0.0732421875,-0.79345703125,0.0244140625,-0.29296875,0.30517578125,0.3662109375,0.13427734375,-0.52490234375,0,-0.341796875,-0.244140625,1.46484375,-0.146484375,0.390625,0.20751953125,0.0244140625,-0.06103515625,0.0244140625,-0.06103515625,0.18310546875,-0.048828125,0.01220703125,0.06103515625,0.89111328125,0.09765625,-0.48828125,0.1220703125,-0.50048828125
1,-0.244140625,-0.40283203125,0.10986328125,-0.341796875,-0.0244140625,-0.4150390625,-0.06103515625,-0.03662109375,0.29296875,-0.048828125,0.0732421875,-0.86669921875,0,1.07421875,-0.0732421875,-0.13427734375,-0.1708984375,-0.537109375,0.35400390625,-0.146484375,-0.1708984375,0.9033203125,0.0244140625,-0.5859375,-0.59814453125,-0.30517578125,-0.23193359375,-0.64697265625,-0.244140625,1.11083984375,-0.146484375,0.390625,-0.08544921875,-0.341796875,0.15869140625,-0.84228515625,-0.244140625,-0.40283203125,-0.23193359375,-0.78125,0.1220703125,-0.13427734375,-0.0244140625,-0.6591796875,-0.09765625,-0.42724609375,-0.03662109375,0.6591796875,0.42724609375,1.123046875,0.57373046875,0.40283203125,-0.59814453125,-0.18310546875,-0.244140625,0.7080078125,-0.32958984375,8.154296875,0.09765625,9.46044921875,-0.42724609375,6.0302734375,0.57373046875,7.958984375,-0.08544921875,0.537109375,-0.18310546875,1.025390625,-0.048828125,0.15869140625,-0.25634765625,0.13427734375,-0.3173828125,0.23193359375,0.15869140625,0.7080078125,0.15869140625,-0.01220703125,0.18310546875,1.30615234375,-0.18310546875,-0.96435546875,-0.01220703125,-0.37841796875,-0.146484375,-0.9765625,-0.15869140625,-0.76904296875,-0.1953125,-2.33154296875,-0.23193359375,-0.634765625,-0.13427734375,-0.84228515625,-0.18310546875,-1.7822265625,-0.0732421875,-0.87890625,-0.06103515625,-0.830078125,-0.08544921875,-0.81787109375,-0.01220703125,-0.29296875,0.29296875,0.08544921875,0.13427734375,-0.62255859375,-0.0244140625,-0.45166015625,-0.2685546875,1.35498046875,-0.10986328125,0.37841796875,0.18310546875,0.0244140625,-0.0732421875,0,-0.048828125,0.146484375,-0.048828125,0,0.03662109375,0.86669921875,0.09765625,-0.48828125,0.1220703125,-0.5126953125
0,-0.20751953125,-0.390625,0.10986328125,-0.3173828125,-0.03662109375,-0.4150390625,-0.06103515625,-0.048828125,0.25634765625,-0.0732421875,0.10986328125,-0.86669921875,0.03662109375,1.07421875,-0.08544921875,-0.10986328125,-0.10986328125,-0.537109375,0.29296875,-0.146484375,-0.0732421875,0.86669921875,-0.0244140625,-0.5615234375,-0.4150390625,-0.08544921875,-0.2197265625,-0.47607421875,-0.146484375,1.318359375,-0.09765625,0.57373046875,-0.244140625,-0.30517578125,0.25634765625,-0.84228515625,-0.25634765625,-0.4150390625,-0.1220703125,-0.76904296875,0.13427734375,-0.146484375,-0.08544921875,-0.6591796875,-0.1708984375,-0.40283203125,0.048828125,0.64697265625,0.42724609375,1.13525390625,0.48828125,0.4150390625,-0.634765625,-0.13427734375,-0.5126953125,0.69580078125,-0.29296875,8.19091796875,0.146484375,9.521484375,-0.35400390625,6.005859375,0.54931640625,7.958984375,-0.0732421875,0.42724609375,-0.1220703125,1.0498046875,-0.03662109375,0.15869140625,-0.2685546875,0.15869140625,-0.3173828125,0.244140625,0.1708984375,0.72021484375,0.15869140625,0,0.1220703125,1.318359375,-0.1953125,-0.9765625,0.01220703125,-0.390625,-0.10986328125,-0.98876953125,-0.15869140625,-0.78125,-0.341796875,-2.1484375,-0.23193359375,-0.537109375,-0.23193359375,-0.76904296875,-0.1708984375,-1.6845703125,-0.1220703125,-0.91552734375,0,-0.830078125,-0.08544921875,-0.830078125,0.0244140625,-0.29296875,0.18310546875,0.1220703125,0.08544921875,-0.62255859375,-0.06103515625,-0.4638671875,-0.29296875,1.3671875,-0.09765625,0.37841796875,0.1953125,0.0244140625,-0.0732421875,0.01220703125,-0.0244140625,0.15869140625,-0.03662109375,0,0.03662109375,0.84228515625,0.08544921875,-0.48828125,0.1220703125,-0.54931640625
0,-0.20751953125,-0.390625,0.09765625,-0.32958984375,-0.0244140625,-0.439453125,-0.0244140625,-0.03662109375,0.244140625,-0.09765625,0.10986328125,-0.87890625,0.06103515625,1.08642578125,-0.10986328125,-0.13427734375,0.01220703125,-0.5615234375,0.2197265625,-0.146484375,-0.01220703125,0.86669921875,-0.08544921875,-0.5615234375,-0.35400390625,0.1708984375,-0.25634765625,-0.2685546875,-0.0732421875,1.5625,-0.1708984375,0.79345703125,-0.3662109375,-0.29296875,0.341796875,-0.8544921875,-0.28076171875,-0.4150390625,-0.06103515625,-0.7568359375,0.146484375,-0.1708984375,-0.18310546875,-0.67138671875,-0.18310546875,-0.390625,0.08544921875,0.634765625,0.4150390625,1.13525390625,0.4150390625,0.40283203125,-0.68359375,-0.13427734375,-0.6591796875,0.69580078125,-0.1708984375,8.06884765625,0.1708984375,9.33837890625,-0.30517578125,5.84716796875,0.5859375,7.77587890625,-0.048828125,0.35400390625,-0.048828125,1.0498046875,0,0.1953125,-0.2197265625,0.18310546875,-0.35400390625,0.244140625,0.1708984375,0.74462890625,0.146484375,0.01220703125,0.0244140625,1.318359375,-0.18310546875,-0.9521484375,0.048828125,-0.37841796875,-0.1220703125,-0.98876953125,-0.18310546875,-0.78125,-0.341796875,-1.9287109375,-0.15869140625,-0.40283203125,-0.29296875,-0.6103515625,-0.10986328125,-1.52587890625,-0.20751953125,-0.927734375,0.0732421875,-0.81787109375,-0.1220703125,-0.84228515625,0.048828125,-0.28076171875,0.1708984375,0.54931640625,0.048828125,-0.439453125,-0.06103515625,-0.3173828125,-0.28076171875,1.59912109375,-0.0732421875,0.35400390625,0.1953125,0.0244140625,-0.0732421875,0.01220703125,-0.01220703125,0.146484375,-0.06103515625,-0.01220703125,0.0244140625,0.84228515625,0.09765625,-0.48828125,0.09765625,-0.52490234375
0,-0.23193359375,-0.40283203125,0.048828125,-0.32958984375,0.01220703125,-0.42724609375,-0.03662109375,-0.048828125,0.23193359375,-0.08544921875,0.13427734375,-0.9033203125,0.06103515625,1.08642578125,-0.08544921875,-0.1220703125,0.09765625,-0.5615234375,0.13427734375,-0.13427734375,-0.08544921875,0.8544921875,-0.03662109375,-0.5615234375,-0.244140625,0.4150390625,-0.28076171875,-0.08544921875,0.06103515625,1.806640625,-0.20751953125,1.0009765625,-0.4638671875,-0.2685546875,0.439453125,-0.8544921875,-0.28076171875,-0.4150390625,0.03662109375,-0.732421875,0.13427734375,-0.18310546875,-0.23193359375,-0.64697265625,-0.23193359375,-0.37841796875,0.09765625,0.64697265625,0.37841796875,1.1474609375,0.341796875,0.4150390625,-0.732421875,-0.1220703125,-0.72021484375,0.69580078125,-0.10986328125,7.80029296875,0.06103515625,9.04541015625,-0.30517578125,5.65185546875,0.5615234375,7.4951171875,-0.0244140625,0.28076171875,0.01220703125,1.03759765625,0.01220703125,0.20751953125,-0.23193359375,0.1953125,-0.3173828125,0.2685546875,0.18310546875,0.78125,0.13427734375,0.03662109375,-0.08544921875,1.318359375,-0.1220703125,-0.93994140625,0.1220703125,-0.40283203125,-0.1220703125,-1.01318359375,-0.18310546875,-0.79345703125,-0.30517578125,-1.72119140625,-0.13427734375,-0.3173828125,-0.3173828125,-0.45166015625,-0.048828125,-1.3671875,-0.2197265625,-0.927734375,0.10986328125,-0.8056640625,-0.13427734375,-0.830078125,0.09765625,-0.28076171875,0.10986328125,1.3427734375,0.03662109375,-0.08544921875,-0.0732421875,0,-0.244140625,2.001953125,-0.08544921875,0.3662109375,0.18310546875,0.0244140625,-0.0732421875,-0.01220703125,0.0244140625,0.15869140625,-0.08544921875,-0.03662109375,0.0244140625,0.84228515625,0.10986328125,-0.50048828125,0.06103515625,-0.537109375
0,-0.23193359375,-0.390625,0.03662109375,-0.341796875,0.06103515625,-0.439453125,-0.0244140625,-0.06103515625,0.20751953125,-0.048828125,0.13427734375,-0.89111328125,0.06103515625,1.0986328125,-0.10986328125,-0.13427734375,0.146484375,-0.5615234375,0.08544921875,-0.1708984375,-0.146484375,0.86669921875,-0.03662109375,-0.5615234375,-0.10986328125,0.57373046875,-0.25634765625,0.048828125,0.1708984375,1.98974609375,-0.23193359375,1.171875,-0.50048828125,-0.29296875,0.50048828125,-0.8544921875,-0.30517578125,-0.4150390625,0.0244140625,-0.7568359375,0.13427734375,-0.20751953125,-0.2685546875,-0.634765625,-0.20751953125,-0.35400390625,0.0244140625,0.634765625,0.341796875,1.1474609375,0.29296875,0.45166015625,-0.84228515625,-0.10986328125,-0.67138671875,0.69580078125,-0.048828125,7.48291015625,0,8.69140625,-0.3173828125,5.3955078125,0.537109375,7.18994140625,0.01220703125,0.20751953125,0.10986328125,1.0498046875,-0.01220703125,0.2197265625,-0.18310546875,0.2197265625,-0.23193359375,0.2685546875,0.18310546875,0.76904296875,0.09765625,0.01220703125,-0.146484375,1.318359375,-0.10986328125,-0.9521484375,0.1953125,-0.42724609375,-0.146484375,-1.025390625,-0.1708984375,-0.830078125,-0.25634765625,-1.57470703125,-0.10986328125,-0.25634765625,-0.3173828125,-0.341796875,-0.01220703125,-1.26953125,-0.2685546875,-0.93994140625,0.1708984375,-0.79345703125,-0.15869140625,-0.84228515625,0.15869140625,-0.2685546875,0.0244140625,2.45361328125,-0.01220703125,0.42724609375,-0.08544921875,0.48828125,-0.23193359375,2.587890625,-0.09765625,0.3662109375,0.146484375,0.01220703125,-0.0732421875,0,0.03662109375,0.18310546875,-0.09765625,-0.06103515625,0.01220703125,0.86669921875,0.08544921875,-0.50048828125,0.03662109375,-0.54931640625
0,-0.23193359375,-0.390625,0.03662109375,-0.35400390625,0.048828125,-0.4638671875,-0.0244140625,-0.06103515625,0.1953125,-0.048828125,0.146484375,-0.89111328125,0.0732421875,1.13525390625,-0.06103515625,-0.13427734375,0.08544921875,-0.5615234375,0.03662109375,-0.1708984375,-0.2685546875,0.84228515625,-0.03662109375,-0.5615234375,-0.01220703125,0.6591796875,-0.20751953125,0.1220703125,0.244140625,2.1240234375,-0.2197265625,1.28173828125,-0.37841796875,-0.29296875,0.5126953125,-0.87890625,-0.30517578125,-0.439453125,0.1220703125,-0.7568359375,0.048828125,-0.2197265625,-0.3173828125,-0.62255859375,-0.18310546875,-0.40283203125,-0.048828125,0.64697265625,0.341796875,1.13525390625,0.1708984375,0.4638671875,-0.8056640625,-0.1220703125,-0.6591796875,0.7080078125,0.0244140625,7.177734375,-0.01220703125,8.31298828125,-0.3662109375,5.18798828125,0.50048828125,6.884765625,-0.0244140625,0.1953125,0.1708984375,1.025390625,0.01220703125,0.244140625,-0.15869140625,0.23193359375,-0.1220703125,0.2685546875,0.20751953125,0.7568359375,0.048828125,0.01220703125,-0.1953125,1.318359375,-0.06103515625,-0.93994140625,0.2197265625,-0.4150390625,-0.18310546875,-1.025390625,-0.13427734375,-0.81787109375,-0.1953125,-1.52587890625,-0.10986328125,-0.23193359375,-0.28076171875,-0.28076171875,0.01220703125,-1.23291015625,-0.1953125,-0.91552734375,0.18310546875,-0.79345703125,-0.20751953125,-0.830078125,0.1708984375,-0.28076171875,0.03662109375,3.8330078125,-0.06103515625,1.123046875,-0.048828125,1.07421875,-0.23193359375,3.30810546875,-0.09765625,0.3662109375,0.13427734375,0,-0.06103515625,-0.0244140625,0.0244140625,0.18310546875,-0.1220703125,-0.0732421875,0.0244140625,0.830078125,0.0732421875,-0.50048828125,0,-0.5615234375
0,-0.23193359375,-0.37841796875,0.0244140625,-0.3662109375,0.06103515625,-0.47607421875,-0.03662109375,-0.048828125,0.18310546875,-0.03662109375,0.146484375,-0.89111328125,0.048828125,1.123046875,-0.0732421875,-0.15869140625,-0.0244140625,-0.57373046875,0,-0.1708984375,-0.37841796875,0.87890625,-0.0244140625,-0.5859375,0.03662109375,0.634765625,-0.146484375,0.13427734375,0.25634765625,2.13623046875,-0.15869140625,1.28173828125,-0.25634765625,-0.30517578125,0.52490234375,-0.8544921875,-0.2685546875,-0.45166015625,0.10986328125,-0.7568359375,-0.0732421875,-0.20751953125,-0.20751953125,-0.64697265625,-0.18310546875,-0.390625,-0.1953125,0.6103515625,0.32958984375,1.13525390625,0.06103515625,0.47607421875,-0.72021484375,-0.13427734375,-0.6591796875,0.732421875,0.048828125,6.93359375,-0.01220703125,7.97119140625,-0.439453125,4.99267578125,0.47607421875,6.640625,-0.0732421875,0.1708984375,0.244140625,1.025390625,0,0.23193359375,-0.10986328125,0.244140625,0,0.25634765625,0.15869140625,0.7568359375,-0.01220703125,0.0244140625,-0.2197265625,1.30615234375,-0.0244140625,-0.9765625,0.2197265625,-0.40283203125,-0.2197265625,-1.025390625,-0.0732421875,-0.830078125,-0.1220703125,-1.57470703125,-0.1220703125,-0.28076171875,-0.25634765625,-0.30517578125,-0.03662109375,-1.25732421875,-0.10986328125,-0.93994140625,0.1953125,-0.78125,-0.2197265625,-0.830078125,0.15869140625,-0.2685546875,-0.09765625,5.33447265625,-0.09765625,1.89208984375,-0.03662109375,1.708984375,-0.20751953125,4.1259765625,-0.08544921875,0.37841796875,0.1220703125,-0.0244140625,-0.0732421875,-0.01220703125,0.03662109375,0.18310546875,-0.1220703125,-0.09765625,0,0.830078125,0.06103515625,-0.52490234375,0.01220703125,-0.54931640625
0,-0.20751953125,-0.390625,-0.01220703125,-0.35400390625,0.06103515625,-0.48828125,-0.048828125,-0.048828125,0.1953125,-0.0244140625,0.13427734375,-0.8544921875,0.03662109375,1.08642578125,-0.048828125,-0.146484375,-0.15869140625,-0.57373046875,-0.0244140625,-0.15869140625,-0.40283203125,0.87890625,-0.048828125,-0.59814453125,0.048828125,0.537109375,-0.09765625,0.0732421875,0.244140625,2.099609375,-0.048828125,1.220703125,-0.06103515625,-0.32958984375,0.5126953125,-0.86669921875,-0.23193359375,-0.45166015625,0.06103515625,-0.74462890625,-0.1708984375,-0.1953125,-0.13427734375,-0.64697265625,-0.1953125,-0.439453125,-0.2685546875,0.634765625,0.29296875,1.1474609375,0.048828125,0.48828125,-0.67138671875,-0.15869140625,-0.6591796875,0.74462890625,0.08544921875,6.73828125,0.0244140625,7.666015625,-0.54931640625,4.8828125,0.45166015625,6.4697265625,-0.1220703125,0.18310546875,0.3173828125,1.0009765625,0,0.2197265625,-0.0732421875,0.2197265625,0.09765625,0.244140625,0.08544921875,0.78125,-0.08544921875,0,-0.23193359375,1.30615234375,0.01220703125,-0.96435546875,0.2197265625,-0.40283203125,-0.28076171875,-1.025390625,-0.048828125,-0.830078125,-0.048828125,-1.69677734375,-0.1220703125,-0.35400390625,-0.13427734375,-0.35400390625,-0.06103515625,-1.318359375,-0.0244140625,-0.927734375,0.23193359375,-0.79345703125,-0.20751953125,-0.81787109375,0.10986328125,-0.28076171875,-0.18310546875,6.77490234375,-0.10986328125,2.64892578125,-0.03662109375,2.34375,-0.23193359375,4.91943359375,-0.08544921875,0.37841796875,0.15869140625,-0.01220703125,-0.08544921875,-0.03662109375,0.01220703125,0.1953125,-0.1220703125,-0.10986328125,-0.01220703125,0.8056640625,0.048828125,-0.52490234375,0.03662109375,-0.57373046875
0,-0.1708984375,-0.390625,-0.048828125,-0.32958984375,0.08544921875,-0.50048828125,-0.048828125,-0.03662109375,0.1708984375,-0.0244140625,0.1220703125,-0.86669921875,0.01220703125,1.08642578125,-0.0244140625,-0.146484375,-0.244140625,-0.5615234375,-0.0244140625,-0.1708984375,-0.37841796875,0.927734375,-0.09765625,-0.5859375,0.0244140625,0.3662109375,-0.10986328125,-0.03662109375,0.146484375,2.001953125,0.03662109375,1.123046875,0.1220703125,-0.32958984375,0.45166015625,-0.84228515625,-0.20751953125,-0.48828125,-0.01220703125,-0.732421875,-0.28076171875,-0.18310546875,-0.048828125,-0.62255859375,-0.20751953125,-0.4150390625,-0.341796875,0.64697265625,0.25634765625,1.13525390625,0.0732421875,0.48828125,-0.57373046875,-0.20751953125,-0.64697265625,0.74462890625,0.1220703125,6.5185546875,0.08544921875,7.3974609375,-0.634765625,4.77294921875,0.439453125,6.2744140625,-0.13427734375,0.1953125,0.32958984375,1.01318359375,0.03662109375,0.20751953125,-0.03662109375,0.1953125,0.13427734375,0.23193359375,0.03662109375,0.76904296875,-0.10986328125,0.01220703125,-0.2197265625,1.2939453125,0.048828125,-0.98876953125,0.1708984375,-0.40283203125,-0.28076171875,-1.01318359375,-0.01220703125,-0.84228515625,0.06103515625,-1.84326171875,-0.1220703125,-0.42724609375,-0.0244140625,-0.45166015625,-0.1220703125,-1.416015625,0.0732421875,-0.9033203125,0.2197265625,-0.79345703125,-0.15869140625,-0.830078125,0.01220703125,-0.30517578125,-0.10986328125,8.056640625,-0.09765625,3.3447265625,0.03662109375,2.9052734375,-0.20751953125,5.6396484375,-0.10986328125,0.390625,0.15869140625,-0.01220703125,-0.06103515625,-0.06103515625,-0.0244140625,0.1953125,-0.09765625,-0.0732421875,-0.0244140625,0.8056640625,0.03662109375,-0.54931640625,0.03662109375,-0.54931640625
0,-0.15869140625,-0.37841796875,-0.0732421875,-0.341796875,0.10986328125,-0.48828125,-0.03662109375,-0.01220703125,0.13427734375,-0.06103515625,0.10986328125,-0.84228515625,-0.01220703125,1.08642578125,0,-0.15869140625,-0.30517578125,-0.5859375,-0.048828125,-0.15869140625,-0.30517578125,0.927734375,-0.146484375,-0.59814453125,-0.06103515625,0.1708984375,-0.146484375,-0.15869140625,0.03662109375,1.8798828125,0.08544921875,1.01318359375,0.25634765625,-0.3173828125,0.4150390625,-0.8544921875,-0.18310546875,-0.4638671875,-0.1220703125,-0.7568359375,-0.35400390625,-0.18310546875,0.01220703125,-0.64697265625,-0.2685546875,-0.42724609375,-0.37841796875,0.64697265625,0.244140625,1.13525390625,0.06103515625,0.4638671875,-0.45166015625,-0.23193359375,-0.5859375,0.72021484375,0.09765625,6.34765625,0.09765625,7.14111328125,-0.67138671875,4.638671875,0.4150390625,6.06689453125,-0.09765625,0.2197265625,0.341796875,1.01318359375,0.0732421875,0.18310546875,-0.06103515625,0.15869140625,0.1220703125,0.20751953125,-0.048828125,0.732421875,-0.1220703125,-0.01220703125,-0.1953125,1.28173828125,0.048828125,-1.01318359375,0.146484375,-0.390625,-0.244140625,-1.01318359375,0,-0.84228515625,0.15869140625,-2.001953125,-0.13427734375,-0.48828125,0.03662109375,-0.52490234375,-0.1708984375,-1.513671875,0.08544921875,-0.91552734375,0.244140625,-0.8056640625,-0.09765625,-0.81787109375,-0.048828125,-0.30517578125,-0.13427734375,9.04541015625,-0.08544921875,3.89404296875,0.048828125,3.33251953125,-0.23193359375,6.18896484375,-0.1220703125,0.37841796875,0.1708984375,0,-0.06103515625,-0.0732421875,0.01220703125,0.18310546875,-0.08544921875,-0.06103515625,-0.03662109375,0.79345703125,0.06103515625,-0.52490234375,0.048828125,-0.537109375
0,-0.146484375,-0.390625,-0.048828125,-0.32958984375,0.146484375,-0.47607421875,-0.06103515625,-0.03662109375,0.13427734375,-0.048828125,0.09765625,-0.830078125,-0.01220703125,1.07421875,0.01220703125,-0.15869140625,-0.3173828125,-0.5615234375,-0.0244140625,-0.146484375,-0.20751953125,0.927734375,-0.18310546875,-0.5859375,-0.10986328125,-0.01220703125,-0.20751953125,-0.28076171875,-0.10986328125,1.7578125,0.10986328125,0.89111328125,0.30517578125,-0.341796875,0.40283203125,-0.84228515625,-0.18310546875,-0.45166015625,-0.23193359375,-0.732421875,-0.35400390625,-0.15869140625,-0.01220703125,-0.6591796875,-0.29296875,-0.439453125,-0.390625,0.64697265625,0.20751953125,1.11083984375,0.08544921875,0.45166015625,-0.3173828125,-0.244140625,-0.45166015625,0.72021484375,0.0244140625,6.103515625,0.08544921875,6.8115234375,-0.7568359375,4.4921875,0.32958984375,5.8349609375,-0.048828125,0.25634765625,0.3173828125,1.0009765625,0.09765625,0.15869140625,-0.06103515625,0.146484375,0.10986328125,0.20751953125,-0.1220703125,0.76904296875,-0.13427734375,-0.01220703125,-0.18310546875,1.30615234375,0.03662109375,-1.0009765625,0.10986328125,-0.40283203125,-0.2197265625,-1.01318359375,-0.01220703125,-0.81787109375,0.1708984375,-2.0751953125,-0.15869140625,-0.50048828125,0.048828125,-0.57373046875,-0.23193359375,-1.52587890625,0.0732421875,-0.927734375,0.29296875,-0.79345703125,-0.03662109375,-0.830078125,-0.1220703125,-0.30517578125,-0.18310546875,9.63134765625,-0.08544921875,4.2236328125,0.048828125,3.57666015625,-0.25634765625,6.54296875,-0.09765625,0.35400390625,0.15869140625,0.0244140625,-0.0732421875,-0.08544921875,-0.01220703125,0.1708984375,-0.10986328125,-0.0244140625,-0.03662109375,0.79345703125,0.0732421875,-0.537109375,0.03662109375,-0.537109375
0,-0.146484375,-0.390625,-0.09765625,-0.32958984375,0.18310546875,-0.45166015625,-0.0732421875,-0.048828125,0.10986328125,-0.048828125,0.09765625,-0.86669921875,-0.0244140625,1.06201171875,0,-0.1708984375,-0.32958984375,-0.5615234375,0,-0.146484375,-0.10986328125,0.89111328125,-0.23193359375,-0.5859375,-0.08544921875,-0.13427734375,-0.28076171875,-0.40283203125,-0.1953125,1.66015625,0.06103515625,0.78125,0.2197265625,-0.37841796875,0.40283203125,-0.84228515625,-0.20751953125,-0.439453125,-0.244140625,-0.7080078125,-0.25634765625,-0.15869140625,0.01220703125,-0.6591796875,-0.3173828125,-0.47607421875,-0.3662109375,0.64697265625,0.1708984375,1.11083984375,0.01220703125,0.439453125,-0.06103515625,-0.23193359375,-0.30517578125,0.69580078125,-0.0244140625,5.79833984375,0.09765625,6.45751953125,-0.84228515625,4.28466796875,0.244140625,5.50537109375,0,0.2685546875,0.2685546875,1.03759765625,0.1220703125,0.15869140625,-0.09765625,0.146484375,0.08544921875,0.23193359375,-0.146484375,0.732421875,-0.13427734375,0,-0.146484375,1.318359375,0.01220703125,-1.01318359375,0.06103515625,-0.40283203125,-0.1708984375,-1.0009765625,-0.03662109375,-0.81787109375,0.1708984375,-2.05078125,-0.146484375,-0.50048828125,0.03662109375,-0.54931640625,-0.20751953125,-1.513671875,0,-0.93994140625,0.32958984375,-0.79345703125,-0.01220703125,-0.81787109375,-0.1953125,-0.29296875,-0.18310546875,9.7412109375,-0.0732421875,4.345703125,0.048828125,3.60107421875,-0.30517578125,6.60400390625,-0.09765625,0.35400390625,0.146484375,0.01220703125,-0.06103515625,-0.0732421875,0.01220703125,0.18310546875,-0.0732421875,-0.01220703125,-0.048828125,0.78125,0.08544921875,-0.52490234375,0.048828125,-0.537109375
0,-0.13427734375,-0.3662109375,-0.10986328125,-0.32958984375,0.18310546875,-0.45166015625,-0.06103515625,-0.048828125,0.0732421875,-0.06103515625,0.08544921875,-0.86669921875,-0.0244140625,1.08642578125,0,-0.1708984375,-0.341796875,-0.5615234375,0.06103515625,-0.13427734375,-0.048828125,0.89111328125,-0.2197265625,-0.57373046875,-0.15869140625,-0.20751953125,-0.29296875,-0.45166015625,-0.244140625,1.59912109375,-0.06103515625,0.74462890625,0.08544921875,-0.37841796875,0.40283203125,-0.830078125,-0.23193359375,-0.40283203125,-0.2685546875,-0.69580078125,-0.10986328125,-0.15869140625,0.01220703125,-0.67138671875,-0.3173828125,-0.47607421875,-0.28076171875,0.64697265625,0.1220703125,1.1474609375,-0.048828125,0.439453125,0.1708984375,-0.1708984375,-0.29296875,0.69580078125,-0.03662109375,5.40771484375,0.03662109375,6.005859375,-0.89111328125,4.00390625,0.2197265625,5.09033203125,0.048828125,0.29296875,0.18310546875,1.0498046875,0.13427734375,0.146484375,-0.146484375,0.1220703125,0.10986328125,0.20751953125,-0.15869140625,0.7568359375,-0.10986328125,0.01220703125,-0.13427734375,1.33056640625,-0.01220703125,-1.01318359375,0.03662109375,-0.40283203125,-0.08544921875,-1.025390625,-0.06103515625,-0.81787109375,0.13427734375,-1.9287109375,-0.18310546875,-0.4150390625,-0.048828125,-0.50048828125,-0.2197265625,-1.45263671875,-0.06103515625,-0.93994140625,0.341796875,-0.81787109375,0.01220703125,-0.8544921875,-0.2197265625,-0.28076171875,-0.18310546875,9.43603515625,-0.06103515625,4.19921875,0.03662109375,3.4423828125,-0.3173828125,6.45751953125,-0.09765625,0.341796875,0.15869140625,0.03662109375,-0.048828125,-0.0732421875,0.0244140625,0.1953125,-0.048828125,0.01220703125,-0.048828125,0.78125,0.09765625,-0.5126953125,0.01220703125,-0.54931640625
0,-0.13427734375,-0.3662109375,-0.15869140625,-0.341796875,0.18310546875,-0.42724609375,-0.06103515625,-0.048828125,0.0732421875,-0.048828125,0.0732421875,-0.8544921875,-0.048828125,1.07421875,-0.0244140625,-0.146484375,-0.32958984375,-0.5615234375,0.09765625,-0.146484375,0.06103515625,0.86669921875,-0.1708984375,-0.57373046875,-0.10986328125,-0.1953125,-0.25634765625,-0.45166015625,-0.18310546875,1.59912109375,-0.1220703125,0.72021484375,-0.08544921875,-0.37841796875,0.3662109375,-0.81787109375,-0.2685546875,-0.40283203125,-0.25634765625,-0.68359375,0.09765625,-0.1708984375,0,-0.6591796875,-0.2685546875,-0.47607421875,-0.25634765625,0.62255859375,0.1220703125,1.1474609375,-0.0732421875,0.42724609375,0.341796875,-0.15869140625,-0.23193359375,0.69580078125,-0.0732421875,4.931640625,-0.048828125,5.45654296875,-0.86669921875,3.64990234375,0.13427734375,4.6142578125,0.08544921875,0.30517578125,0.13427734375,1.06201171875,0.13427734375,0.146484375,-0.1708984375,0.15869140625,0.0732421875,0.23193359375,-0.18310546875,0.78125,-0.10986328125,-0.0244140625,-0.1220703125,1.33056640625,-0.048828125,-1.025390625,0.0244140625,-0.40283203125,-0.01220703125,-1.025390625,-0.1220703125,-0.8056640625,-0.048828125,-1.7578125,-0.30517578125,-0.341796875,-0.1953125,-0.42724609375,-0.2197265625,-1.318359375,-0.10986328125,-0.927734375,0.30517578125,-0.79345703125,0.01220703125,-0.86669921875,-0.2197265625,-0.30517578125,-0.1708984375,8.75244140625,-0.0244140625,3.86962890625,0.01220703125,3.11279296875,-0.32958984375,6.06689453125,-0.08544921875,0.35400390625,0.13427734375,0.048828125,-0.0732421875,-0.048828125,0.03662109375,0.18310546875,-0.03662109375,0,-0.06103515625,0.76904296875,0.10986328125,-0.5126953125,0.01220703125,-0.54931640625
0,-0.13427734375,-0.3662109375,-0.1220703125,-0.341796875,0.20751953125,-0.439453125,-0.0732421875,-0.048828125,0.0244140625,-0.06103515625,0.08544921875,-0.89111328125,-0.0244140625,1.11083984375,-0.0244140625,-0.13427734375,-0.2685546875,-0.57373046875,0.1220703125,-0.146484375,0.1220703125,0.84228515625,-0.10986328125,-0.5615234375,-0.1708984375,-0.15869140625,-0.2685546875,-0.42724609375,-0.1708984375,1.611328125,-0.29296875,0.732421875,-0.1953125,-0.40283203125,0.30517578125,-0.81787109375,-0.25634765625,-0.42724609375,-0.23193359375,-0.6591796875,0.25634765625,-0.15869140625,-0.01220703125,-0.62255859375,-0.1953125,-0.50048828125,-0.20751953125,0.634765625,0.1220703125,1.1474609375,-0.146484375,0.42724609375,0.47607421875,-0.1220703125,-0.244140625,0.69580078125,-0.10986328125,4.4189453125,-0.146484375,4.84619140625,-0.74462890625,3.25927734375,0.10986328125,4.0771484375,0.10986328125,0.30517578125,0.048828125,1.06201171875,0.10986328125,0.146484375,-0.244140625,0.1953125,0,0.2197265625,-0.146484375,0.78125,-0.048828125,-0.0244140625,-0.1220703125,1.3427734375,-0.06103515625,-1.01318359375,0.0244140625,-0.4150390625,0.01220703125,-1.01318359375,-0.146484375,-0.8056640625,-0.0244140625,-1.5380859375,-0.29296875,-0.2197265625,-0.2197265625,-0.30517578125,-0.1220703125,-1.18408203125,-0.09765625,-0.93994140625,0.2685546875,-0.79345703125,-0.0244140625,-0.87890625,-0.18310546875,-0.29296875,-0.1708984375,7.80029296875,0.0244140625,3.33251953125,0.01220703125,2.6611328125,-0.30517578125,5.50537109375,-0.0732421875,0.341796875,0.1220703125,0.06103515625,-0.0732421875,-0.0244140625,0.048828125,0.18310546875,-0.06103515625,-0.0244140625,-0.06103515625,0.76904296875,0.1220703125,-0.48828125,0,-0.5859375
1,-0.146484375,-0.3662109375,-0.18310546875,-0.35400390625,0.2197265625,-0.4638671875,-0.0732421875,-0.06103515625,0,-0.048828125,0.06103515625,-0.87890625,-0.0244140625,1.0986328125,-0.0244140625,-0.1220703125,-0.146484375,-0.5615234375,0.146484375,-0.15869140625,0.10986328125,0.81787109375,0,-0.54931640625,-0.20751953125,-0.0732421875,-0.341796875,-0.3662109375,-0.08544921875,1.62353515625,-0.35400390625,0.76904296875,-0.2197265625,-0.42724609375,0.2685546875,-0.86669921875,-0.244140625,-0.4150390625,-0.20751953125,-0.6103515625,0.35400390625,-0.1708984375,0.01220703125,-0.62255859375,-0.1220703125,-0.48828125,-0.2197265625,0.6103515625,0.10986328125,1.13525390625,-0.13427734375,0.45166015625,0.47607421875,-0.10986328125,-0.13427734375,0.7080078125,-0.1220703125,3.8818359375,-0.18310546875,4.1748046875,-0.8056640625,2.84423828125,0.03662109375,3.515625,0.09765625,0.29296875,-0.0244140625,1.0498046875,0.08544921875,0.13427734375,-0.2685546875,0.2197265625,-0.0732421875,0.25634765625,-0.146484375,0.81787109375,0.01220703125,-0.03662109375,-0.15869140625,1.3671875,-0.0732421875,-1.0009765625,0.0244140625,-0.390625,0.0244140625,-1.025390625,-0.146484375,-0.8056640625,-0.01220703125,-1.37939453125,-0.3173828125,-0.146484375,-0.1953125,-0.1953125,-0.146484375,-1.0498046875,-0.0732421875,-0.927734375,0.244140625,-0.79345703125,-0.03662109375,-0.87890625,-0.1220703125,-0.30517578125,-0.146484375,6.67724609375,0.03662109375,2.67333984375,-0.0244140625,2.13623046875,-0.244140625,4.833984375,-0.06103515625,0.35400390625,0.146484375,0.06103515625,-0.0732421875,0,0.0244140625,0.18310546875,-0.0732421875,-0.048828125,-0.0244140625,0.79345703125,0.1220703125,-0.50048828125,0.0244140625,-0.54931640625
1,-0.13427734375,-0.3662109375,-0.1708984375,-0.35400390625,0.23193359375,-0.4638671875,-0.0732421875,-0.03662109375,-0.0244140625,-0.03662109375,0.03662109375,-0.89111328125,-0.01220703125,1.0986328125,-0.048828125,-0.09765625,-0.0732421875,-0.54931640625,0.1953125,-0.15869140625,0.09765625,0.84228515625,0.13427734375,-0.5859375,-0.06103515625,0.0244140625,-0.25634765625,-0.3173828125,0.03662109375,1.6357421875,-0.32958984375,0.78125,-0.1708984375,-0.439453125,0.20751953125,-0.87890625,-0.18310546875,-0.439453125,-0.1953125,-0.5859375,0.37841796875,-0.18310546875,0.03662109375,-0.6103515625,-0.06103515625,-0.48828125,-0.1953125,0.62255859375,0.08544921875,1.1474609375,-0.09765625,0.48828125,0.4638671875,-0.13427734375,0.06103515625,0.7080078125,-0.1953125,3.35693359375,-0.2197265625,3.515625,-0.7568359375,2.44140625,-0.0244140625,3.0029296875,0.09765625,0.29296875,-0.06103515625,1.01318359375,0.03662109375,0.146484375,-0.29296875,0.25634765625,-0.15869140625,0.23193359375,-0.13427734375,0.8056640625,0.048828125,-0.03662109375,-0.18310546875,1.3427734375,-0.08544921875,-0.98876953125,0.01220703125,-0.390625,0.03662109375,-1.01318359375,-0.08544921875,-0.8056640625,-0.146484375,-1.25732421875,-0.341796875,-0.048828125,-0.1953125,-0.09765625,-0.1953125,-0.93994140625,-0.09765625,-0.9521484375,0.2197265625,-0.79345703125,-0.048828125,-0.86669921875,-0.03662109375,-0.30517578125,-0.10986328125,5.45654296875,0.0244140625,1.9775390625,-0.09765625,1.5869140625,-0.1953125,4.11376953125,-0.0732421875,0.3662109375,0.10986328125,0.03662109375,-0.0732421875,0.048828125,0,0.1708984375,-0.0732421875,-0.06103515625,-0.0244140625,0.81787109375,0.06103515625,-0.47607421875,0.048828125,-0.54931640625
1,-0.146484375,-0.3662109375,-0.18310546875,-0.3662109375,0.25634765625,-0.4638671875,-0.0732421875,-0.048828125,-0.0244140625,0,0.01220703125,-0.86669921875,-0.01220703125,1.08642578125,-0.048828125,-0.10986328125,-0.048828125,-0.5615234375,0.29296875,-0.146484375,0.03662109375,0.8544921875,0.25634765625,-0.59814453125,-0.06103515625,0.0732421875,-0.25634765625,-0.30517578125,0.01220703125,1.5869140625,-0.3662109375,0.74462890625,-0.08544921875,-0.42724609375,0.1708984375,-0.87890625,-0.146484375,-0.4638671875,-0.15869140625,-0.5615234375,0.3173828125,-0.2197265625,0.0244140625,-0.59814453125,-0.03662109375,-0.47607421875,-0.1708984375,0.634765625,0.03662109375,1.13525390625,-0.09765625,0.48828125,0.45166015625,-0.1220703125,0.2197265625,0.72021484375,-0.2197265625,2.86865234375,-0.06103515625,2.86865234375,-0.69580078125,2.0751953125,0,2.5390625,0.08544921875,0.25634765625,-0.1220703125,1.01318359375,-0.0244140625,0.15869140625,-0.3173828125,0.2685546875,-0.20751953125,0.2197265625,-0.13427734375,0.79345703125,0.048828125,-0.03662109375,-0.146484375,1.33056640625,-0.08544921875,-0.9765625,0.048828125,-0.3662109375,0.048828125,-1.025390625,-0.0244140625,-0.79345703125,-0.048828125,-1.1962890625,-0.30517578125,0.01220703125,-0.06103515625,-0.03662109375,-0.1708984375,-0.86669921875,-0.09765625,-0.93994140625,0.1953125,-0.79345703125,-0.09765625,-0.87890625,0.03662109375,-0.29296875,-0.0732421875,4.2724609375,0.01220703125,1.28173828125,-0.13427734375,1.06201171875,-0.15869140625,3.38134765625,-0.08544921875,0.37841796875,0.13427734375,0.01220703125,-0.0732421875,0.0732421875,0,0.18310546875,-0.09765625,-0.06103515625,-0.01220703125,0.830078125,0.03662109375,-0.4638671875,0.06103515625,-0.537109375
1,-0.09765625,-0.3662109375,-0.18310546875,-0.37841796875,0.23193359375,-0.47607421875,-0.0732421875,-0.048828125,-0.01220703125,0,0.01220703125,-0.86669921875,-0.0244140625,1.0986328125,-0.048828125,-0.09765625,-0.08544921875,-0.57373046875,0.3662109375,-0.15869140625,-0.048828125,0.86669921875,0.35400390625,-0.6103515625,0.048828125,0.06103515625,-0.18310546875,-0.30517578125,0.06103515625,1.5380859375,-0.28076171875,0.68359375,-0.0244140625,-0.42724609375,0.15869140625,-0.89111328125,-0.0732421875,-0.48828125,-0.09765625,-0.52490234375,0.15869140625,-0.2197265625,0.048828125,-0.59814453125,-0.06103515625,-0.47607421875,-0.146484375,0.62255859375,0.01220703125,1.11083984375,-0.1220703125,0.47607421875,0.390625,-0.1220703125,0.29296875,0.7080078125,-0.23193359375,2.4658203125,-0.03662109375,2.3193359375,-0.5859375,1.806640625,-0.06103515625,2.11181640625,0.01220703125,0.244140625,-0.146484375,1.0009765625,-0.08544921875,0.1708984375,-0.3173828125,0.25634765625,-0.25634765625,0.23193359375,-0.1220703125,0.81787109375,0.048828125,-0.03662109375,-0.09765625,1.30615234375,-0.01220703125,-0.9765625,0.0732421875,-0.35400390625,0.0732421875,-1.01318359375,0.0732421875,-0.8056640625,-0.06103515625,-1.18408203125,-0.29296875,0.0732421875,0.0244140625,0.03662109375,-0.244140625,-0.76904296875,-0.13427734375,-0.9033203125,0.1953125,-0.78125,-0.08544921875,-0.8544921875,0.10986328125,-0.30517578125,-0.0244140625,3.18603515625,-0.03662109375,0.64697265625,-0.1708984375,0.5859375,-0.1220703125,2.734375,-0.06103515625,0.37841796875,0.146484375,0,-0.06103515625,0.06103515625,-0.01220703125,0.1953125,-0.0732421875,-0.08544921875,-0.0244140625,0.8544921875,0,-0.47607421875,0.08544921875,-0.52490234375
1,-0.1220703125,-0.37841796875,-0.2197265625,-0.37841796875,0.244140625,-0.47607421875,-0.0732421875,-0.06103515625,-0.01220703125,0.01220703125,0,-0.89111328125,-0.048828125,1.0986328125,-0.048828125,-0.1220703125,-0.13427734375,-0.5859375,0.341796875,-0.15869140625,-0.09765625,0.86669921875,0.3662109375,-0.634765625,0.146484375,0.03662109375,-0.09765625,-0.35400390625,0.0244140625,1.42822265625,-0.18310546875,0.59814453125,0.0732421875,-0.42724609375,0.1708984375,-0.86669921875,-0.03662109375,-0.50048828125,-0.1220703125,-0.5126953125,-0.0244140625,-0.2197265625,0.0244140625,-0.5859375,-0.10986328125,-0.45166015625,-0.1220703125,0.6103515625,0.01220703125,1.11083984375,-0.1953125,0.4638671875,0.3662109375,-0.146484375,0.30517578125,0.72021484375,-0.20751953125,2.16064453125,-0.03662109375,1.8310546875,-0.48828125,1.59912109375,-0.03662109375,1.79443359375,-0.03662109375,0.2197265625,-0.18310546875,0.98876953125,-0.146484375,0.18310546875,-0.28076171875,0.2197265625,-0.30517578125,0.2197265625,-0.10986328125,0.78125,0.01220703125,-0.03662109375,-0.048828125,1.28173828125,0.01220703125,-0.9765625,0.0732421875,-0.3662109375,0.0244140625,-1.0009765625,0.10986328125,-0.830078125,-0.048828125,-1.1962890625,-0.18310546875,0.1220703125,0.1708984375,0.09765625,-0.29296875,-0.7080078125,-0.15869140625,-0.89111328125,0.20751953125,-0.79345703125,-0.1220703125,-0.84228515625,0.1953125,-0.30517578125,0.01220703125,2.197265625,-0.06103515625,0.0732421875,-0.18310546875,0.146484375,-0.10986328125,2.1240234375,-0.06103515625,0.40283203125,0.15869140625,-0.03662109375,-0.06103515625,0.03662109375,0,0.1953125,-0.06103515625,-0.0732421875,-0.0244140625,0.87890625,-0.048828125,-0.50048828125,0.08544921875,-0.5126953125
1,-0.1220703125,-0.35400390625,-0.2197265625,-0.40283203125,0.25634765625,-0.439453125,-0.06103515625,-0.08544921875,-0.03662109375,0,0.0244140625,-0.87890625,-0.03662109375,1.123046875,-0.048828125,-0.15869140625,-0.18310546875,-0.57373046875,0.28076171875,-0.15869140625,-0.146484375,0.86669921875,0.28076171875,-0.634765625,0.20751953125,-0.01220703125,-0.0732421875,-0.42724609375,0.0244140625,1.30615234375,-0.08544921875,0.52490234375,0.13427734375,-0.37841796875,0.2197265625,-0.86669921875,-0.01220703125,-0.52490234375,-0.08544921875,-0.5126953125,-0.1220703125,-0.23193359375,0,-0.6103515625,-0.20751953125,-0.4150390625,-0.13427734375,0.62255859375,-0.03662109375,1.11083984375,-0.2197265625,0.439453125,0.244140625,-0.1953125,0.29296875,0.72021484375,-0.18310546875,1.9287109375,-0.0244140625,1.45263671875,-0.5126953125,1.42822265625,-0.0244140625,1.5625,-0.06103515625,0.244140625,-0.20751953125,1.0009765625,-0.20751953125,0.1953125,-0.2197265625,0.20751953125,-0.35400390625,0.23193359375,-0.10986328125,0.79345703125,0.01220703125,-0.01220703125,0.048828125,1.28173828125,0.0732421875,-0.98876953125,0.10986328125,-0.3662109375,0.01220703125,-1.0009765625,0.13427734375,-0.81787109375,0.06103515625,-1.23291015625,-0.01220703125,0.18310546875,0.30517578125,0.15869140625,-0.244140625,-0.62255859375,-0.18310546875,-0.9033203125,0.20751953125,-0.81787109375,-0.1220703125,-0.81787109375,0.23193359375,-0.30517578125,0.0244140625,1.3671875,-0.0732421875,-0.390625,-0.15869140625,-0.20751953125,-0.09765625,1.59912109375,-0.09765625,0.40283203125,0.13427734375,-0.03662109375,-0.06103515625,0,0,0.18310546875,-0.048828125,-0.06103515625,-0.048828125,0.87890625,-0.08544921875,-0.5126953125,0.0732421875,-0.50048828125
1,-0.13427734375,-0.341796875,-0.20751953125,-0.390625,0.244140625,-0.42724609375,-0.0732421875,-0.06103515625,-0.03662109375,0.0244140625,0.01220703125,-0.87890625,-0.0244140625,1.1474609375,-0.048828125,-0.15869140625,-0.20751953125,-0.5859375,0.18310546875,-0.18310546875,-0.1708984375,0.89111328125,0.1708984375,-0.634765625,0.25634765625,-0.06103515625,-0.08544921875,-0.50048828125,0.01220703125,1.1962890625,0.03662109375,0.45166015625,0.08544921875,-0.32958984375,0.2685546875,-0.84228515625,0,-0.48828125,-0.08544921875,-0.52490234375,-0.23193359375,-0.2197265625,-0.048828125,-0.62255859375,-0.30517578125,-0.4150390625,-0.13427734375,0.62255859375,-0.048828125,1.13525390625,-0.18310546875,0.42724609375,0.08544921875,-0.2197265625,0.30517578125,0.69580078125,-0.1708984375,1.77001953125,0,1.1962890625,-0.4638671875,1.35498046875,0.06103515625,1.40380859375,-0.09765625,0.23193359375,-0.20751953125,0.98876953125,-0.2197265625,0.2197265625,-0.18310546875,0.18310546875,-0.37841796875,0.2197265625,-0.10986328125,0.8056640625,0.01220703125,-0.01220703125,0.09765625,1.25732421875,0.10986328125,-1.0009765625,0.1220703125,-0.3662109375,-0.01220703125,-1.025390625,0.1220703125,-0.81787109375,-0.01220703125,-1.23291015625,0.06103515625,0.2685546875,0.3173828125,0.28076171875,-0.2685546875,-0.5126953125,-0.15869140625,-0.87890625,0.2197265625,-0.81787109375,-0.10986328125,-0.78125,0.23193359375,-0.30517578125,0,0.634765625,-0.048828125,-0.78125,-0.13427734375,-0.52490234375,-0.10986328125,1.1474609375,-0.08544921875,0.42724609375,0.1220703125,-0.0244140625,-0.0732421875,-0.0244140625,0.01220703125,0.20751953125,-0.03662109375,-0.048828125,-0.06103515625,0.89111328125,-0.08544921875,-0.5126953125,0.06103515625,-0.48828125
1,-0.1220703125,-0.35400390625,-0.20751953125,-0.35400390625,0.244140625,-0.4150390625,-0.03662109375,-0.048828125,-0.08544921875,0.01220703125,0.0244140625,-0.86669921875,-0.01220703125,1.11083984375,-0.03662109375,-0.1708984375,-0.18310546875,-0.59814453125,0.10986328125,-0.15869140625,-0.146484375,0.87890625,0.01220703125,-0.634765625,0.2197265625,-0.08544921875,-0.13427734375,-0.52490234375,0.01220703125,1.15966796875,0.0732421875,0.42724609375,0,-0.30517578125,0.30517578125,-0.830078125,-0.0244140625,-0.48828125,-0.06103515625,-0.54931640625,-0.25634765625,-0.20751953125,-0.13427734375,-0.64697265625,-0.37841796875,-0.40283203125,-0.18310546875,0.634765625,0,1.13525390625,-0.244140625,0.4150390625,-0.06103515625,-0.244140625,0.3173828125,0.72021484375,-0.13427734375,1.69677734375,0.01220703125,1.06201171875,-0.439453125,1.37939453125,0.146484375,1.35498046875,-0.10986328125,0.244140625,-0.1953125,1.01318359375,-0.25634765625,0.2197265625,-0.13427734375,0.15869140625,-0.40283203125,0.23193359375,-0.0732421875,0.7568359375,0.0244140625,-0.01220703125,0.1220703125,1.23291015625,0.1220703125,-0.98876953125,0.10986328125,-0.37841796875,-0.03662109375,-1.0009765625,0.048828125,-0.81787109375,-0.0244140625,-1.15966796875,0.1220703125,0.341796875,0.28076171875,0.40283203125,-0.20751953125,-0.37841796875,-0.1220703125,-0.87890625,0.1953125,-0.830078125,-0.09765625,-0.7568359375,0.18310546875,-0.30517578125,0,0.0244140625,0,-1.123046875,-0.10986328125,-0.79345703125,-0.13427734375,0.7568359375,-0.09765625,0.42724609375,0.08544921875,-0.01220703125,-0.06103515625,-0.06103515625,0.0244140625,0.1953125,-0.0244140625,-0.0244140625,-0.06103515625,0.87890625,-0.08544921875,-0.537109375,0.0244140625,-0.5126953125
1,-0.13427734375,-0.3662109375,-0.18310546875,-0.32958984375,0.2685546875,-0.40283203125,-0.0244140625,-0.048828125,-0.10986328125,0,0.01220703125,-0.86669921875,-0.03662109375,1.123046875,-0.06103515625,-0.18310546875,-0.1953125,-0.5859375,0.06103515625,-0.1708984375,-0.1953125,0.8544921875,-0.10986328125,-0.6103515625,0.3173828125,-0.0732421875,-0.15869140625,-0.52490234375,0.06103515625,1.18408203125,0.1220703125,0.48828125,-0.13427734375,-0.28076171875,0.35400390625,-0.830078125,-0.048828125,-0.4638671875,0,-0.57373046875,-0.2197265625,-0.18310546875,-0.1708984375,-0.67138671875,-0.45166015625,-0.40283203125,-0.244140625,0.634765625,0.0732421875,1.15966796875,-0.244140625,0.40283203125,-0.18310546875,-0.25634765625,0.28076171875,0.69580078125,-0.2197265625,1.72119140625,0.0732421875,1.0986328125,-0.439453125,1.4404296875,0.1708984375,1.35498046875,-0.13427734375,0.28076171875,-0.20751953125,1.01318359375,-0.23193359375,0.1953125,-0.10986328125,0.146484375,-0.4150390625,0.244140625,-0.01220703125,0.76904296875,0.03662109375,-0.01220703125,0.13427734375,1.26953125,0.1220703125,-0.9765625,0.1220703125,-0.37841796875,-0.08544921875,-1.0009765625,-0.01220703125,-0.81787109375,-0.01220703125,-1.06201171875,0.18310546875,0.45166015625,0.2685546875,0.537109375,-0.13427734375,-0.244140625,-0.06103515625,-0.89111328125,0.1953125,-0.81787109375,-0.09765625,-0.78125,0.1220703125,-0.30517578125,-0.03662109375,-0.52490234375,0.0244140625,-1.3916015625,-0.0732421875,-1.01318359375,-0.1708984375,0.439453125,-0.1220703125,0.4150390625,0.048828125,-0.01220703125,-0.08544921875,-0.09765625,0.048828125,0.1953125,-0.0244140625,0,-0.03662109375,0.8544921875,-0.06103515625,-0.52490234375,0.03662109375,-0.54931640625
1,-0.13427734375,-0.390625,-0.1953125,-0.32958984375,0.28076171875,-0.40283203125,-0.0244140625,-0.06103515625,-0.13427734375,-0.0244140625,0.01220703125,-0.89111328125,-0.048828125,1.11083984375,-0.0732421875,-0.1953125,-0.28076171875,-0.5859375,0.01220703125,-0.1708984375,-0.23193359375,0.8544921875,-0.1708984375,-0.5859375,0.45166015625,0.01220703125,-0.146484375,-0.45166015625,0.1220703125,1.26953125,0.10986328125,0.6103515625,-0.2197265625,-0.28076171875,0.42724609375,-0.8544921875,-0.10986328125,-0.4638671875,-0.03662109375,-0.634765625,-0.13427734375,-0.1953125,-0.2197265625,-0.68359375,-0.45166015625,-0.42724609375,-0.32958984375,0.64697265625,0.18310546875,1.15966796875,-0.29296875,0.390625,-0.2197265625,-0.23193359375,0.13427734375,0.7080078125,-0.2197265625,1.84326171875,0.18310546875,1.28173828125,-0.40283203125,1.5869140625,0.25634765625,1.4892578125,-0.15869140625,0.28076171875,-0.15869140625,1.01318359375,-0.2197265625,0.1708984375,-0.13427734375,0.13427734375,-0.35400390625,0.244140625,0,0.76904296875,0.06103515625,-0.01220703125,0.146484375,1.28173828125,0.10986328125,-0.96435546875,0.09765625,-0.42724609375,-0.09765625,-1.0009765625,-0.08544921875,-0.81787109375,0,-0.9033203125,0.1953125,0.57373046875,0.20751953125,0.634765625,-0.03662109375,-0.09765625,-0.10986328125,-0.87890625,0.13427734375,-0.8056640625,-0.10986328125,-0.78125,0.09765625,-0.29296875,-0.08544921875,-0.98876953125,0.06103515625,-1.6357421875,-0.08544921875,-1.220703125,-0.2197265625,0.15869140625,-0.09765625,0.37841796875,0.01220703125,0,-0.06103515625,-0.09765625,0.0244140625,0.1953125,-0.03662109375,-0.01220703125,-0.01220703125,0.8056640625,-0.048828125,-0.52490234375,0.0244140625,-0.5615234375
1,-0.146484375,-0.35400390625,-0.18310546875,-0.35400390625,0.25634765625,-0.40283203125,-0.048828125,-0.08544921875,-0.13427734375,-0.03662109375,0,-0.87890625,-0.06103515625,1.13525390625,-0.03662109375,-0.1953125,-0.35400390625,-0.5859375,-0.03662109375,-0.1708984375,-0.2685546875,0.87890625,-0.2197265625,-0.57373046875,0.32958984375,0.1220703125,-0.13427734375,-0.341796875,0.08544921875,1.45263671875,-0.01220703125,0.76904296875,-0.2685546875,-0.29296875,0.4150390625,-0.86669921875,-0.1708984375,-0.42724609375,0,-0.69580078125,-0.03662109375,-0.1708984375,-0.244140625,-0.68359375,-0.40283203125,-0.42724609375,-0.4150390625,0.64697265625,0.30517578125,1.15966796875,-0.32958984375,0.42724609375,-0.1708984375,-0.20751953125,-0.01220703125,0.7080078125,-0.25634765625,2.11181640625,0.20751953125,1.6357421875,-0.40283203125,1.85546875,0.30517578125,1.77001953125,-0.2197265625,0.3173828125,-0.146484375,1.06201171875,-0.15869140625,0.1953125,-0.15869140625,0.146484375,-0.32958984375,0.25634765625,0.09765625,0.76904296875,0.06103515625,0.01220703125,0.13427734375,1.30615234375,0.06103515625,-0.96435546875,0.03662109375,-0.37841796875,-0.13427734375,-0.98876953125,-0.1220703125,-0.8056640625,0.0244140625,-0.7568359375,0.1708984375,0.634765625,0.15869140625,0.74462890625,0.0244140625,0.03662109375,-0.1220703125,-0.927734375,0.06103515625,-0.79345703125,-0.146484375,-0.830078125,0.03662109375,-0.30517578125,-0.1220703125,-1.3427734375,0.048828125,-1.85546875,-0.0732421875,-1.3916015625,-0.244140625,-0.048828125,-0.08544921875,0.35400390625,0,0.0244140625,-0.08544921875,-0.09765625,0.03662109375,0.1953125,-0.048828125,-0.01220703125,0.0244140625,0.79345703125,-0.03662109375,-0.52490234375,0.06103515625,-0.57373046875
1,-0.15869140625,-0.32958984375,-0.18310546875,-0.32958984375,0.2685546875,-0.390625,-0.03662109375,-0.09765625,-0.1220703125,-0.0244140625,0,-0.87890625,-0.09765625,1.13525390625,-0.03662109375,-0.20751953125,-0.4150390625,-0.5615234375,-0.03662109375,-0.15869140625,-0.30517578125,0.86669921875,-0.15869140625,-0.5615234375,0.2197265625,0.25634765625,-0.13427734375,-0.20751953125,0.01220703125,1.64794921875,-0.15869140625,0.93994140625,-0.20751953125,-0.30517578125,0.341796875,-0.87890625,-0.2197265625,-0.439453125,-0.0732421875,-0.7568359375,0.01220703125,-0.18310546875,-0.1953125,-0.69580078125,-0.35400390625,-0.45166015625,-0.4638671875,0.634765625,0.390625,1.15966796875,-0.30517578125,0.439453125,-0.20751953125,-0.1708984375,-0.1953125,0.72021484375,-0.28076171875,2.47802734375,0.25634765625,2.20947265625,-0.341796875,2.20947265625,0.4150390625,2.20947265625,-0.20751953125,0.3173828125,-0.13427734375,1.03759765625,-0.09765625,0.20751953125,-0.20751953125,0.15869140625,-0.29296875,0.25634765625,0.10986328125,0.79345703125,0.10986328125,0,0.09765625,1.318359375,0.048828125,-0.9521484375,-0.01220703125,-0.3662109375,-0.15869140625,-0.98876953125,-0.13427734375,-0.830078125,0.03662109375,-0.62255859375,0.15869140625,0.68359375,0.146484375,0.79345703125,0.06103515625,0.1220703125,-0.13427734375,-0.927734375,-0.0244140625,-0.79345703125,-0.18310546875,-0.830078125,0.0244140625,-0.28076171875,-0.18310546875,-1.62353515625,-0.048828125,-1.9775390625,-0.0732421875,-1.52587890625,-0.244140625,-0.2197265625,-0.08544921875,0.341796875,-0.0244140625,0.0244140625,-0.06103515625,-0.08544921875,0.048828125,0.1708984375,-0.048828125,-0.0244140625,0.06103515625,0.7568359375,-0.01220703125,-0.5126953125,0.0732421875,-0.62255859375
1,-0.146484375,-0.3173828125,-0.2197265625,-0.32958984375,0.244140625,-0.390625,-0.0732421875,-0.10986328125,-0.15869140625,-0.01220703125,-0.01220703125,-0.89111328125,-0.1220703125,1.1474609375,-0.0244140625,-0.15869140625,-0.47607421875,-0.57373046875,-0.0244140625,-0.15869140625,-0.2685546875,0.87890625,-0.08544921875,-0.54931640625,0.1953125,0.37841796875,-0.15869140625,-0.10986328125,-0.06103515625,1.81884765625,-0.25634765625,1.08642578125,-0.1220703125,-0.341796875,0.244140625,-0.89111328125,-0.18310546875,-0.45166015625,-0.146484375,-0.8056640625,0.03662109375,-0.1708984375,-0.10986328125,-0.7080078125,-0.3173828125,-0.4638671875,-0.537109375,0.634765625,0.47607421875,1.123046875,-0.341796875,0.4638671875,-0.1708984375,-0.13427734375,-0.30517578125,0.72021484375,-0.35400390625,3.03955078125,0.25634765625,2.978515625,-0.32958984375,2.67333984375,0.4638671875,2.79541015625,-0.15869140625,0.32958984375,-0.09765625,1.06201171875,-0.06103515625,0.2197265625,-0.2197265625,0.1953125,-0.28076171875,0.25634765625,0.18310546875,0.830078125,0.146484375,0.01220703125,0.0732421875,1.33056640625,0,-0.96435546875,-0.048828125,-0.37841796875,-0.2197265625,-0.98876953125,-0.09765625,-0.8056640625,0.03662109375,-0.59814453125,0.06103515625,0.68359375,0.13427734375,0.79345703125,0.0244140625,0.13427734375,-0.13427734375,-0.91552734375,-0.10986328125,-0.76904296875,-0.20751953125,-0.84228515625,0.01220703125,-0.29296875,-0.1220703125,-1.79443359375,-0.0244140625,-2.08740234375,-0.03662109375,-1.59912109375,-0.1708984375,-0.3173828125,-0.08544921875,0.341796875,-0.048828125,0.0244140625,-0.0732421875,-0.10986328125,0.048828125,0.1708984375,-0.0732421875,-0.06103515625,0.09765625,0.74462890625,-0.0244140625,-0.48828125,0.09765625,-0.62255859375
0,-0.1708984375,-0.3173828125,-0.23193359375,-0.32958984375,0.29296875,-0.40283203125,-0.0732421875,-0.08544921875,-0.1708984375,0,-0.03662109375,-0.9033203125,-0.146484375,1.15966796875,-0.01220703125,-0.1708984375,-0.42724609375,-0.5615234375,0.0244140625,-0.1708984375,-0.23193359375,0.87890625,-0.0244140625,-0.537109375,0.01220703125,0.45166015625,-0.20751953125,-0.0244140625,-0.20751953125,1.953125,-0.3662109375,1.15966796875,0.01220703125,-0.3662109375,0.10986328125,-0.89111328125,-0.15869140625,-0.42724609375,-0.15869140625,-0.84228515625,0.048828125,-0.1953125,-0.03662109375,-0.7080078125,-0.28076171875,-0.4638671875,-0.54931640625,0.634765625,0.4638671875,1.123046875,-0.244140625,0.47607421875,-0.13427734375,-0.10986328125,-0.37841796875,0.732421875,-0.4150390625,3.74755859375,0.2685546875,3.91845703125,-0.29296875,3.23486328125,0.47607421875,3.55224609375,-0.10986328125,0.3173828125,-0.0244140625,1.0498046875,-0.0244140625,0.2197265625,-0.20751953125,0.23193359375,-0.28076171875,0.25634765625,0.20751953125,0.830078125,0.146484375,0.01220703125,0.01220703125,1.3427734375,-0.0244140625,-0.96435546875,-0.08544921875,-0.3662109375,-0.2197265625,-1.0009765625,-0.06103515625,-0.81787109375,0.0244140625,-0.59814453125,0.048828125,0.634765625,0.13427734375,0.732421875,-0.03662109375,0.0732421875,-0.09765625,-0.927734375,-0.15869140625,-0.76904296875,-0.1708984375,-0.830078125,0.01220703125,-0.28076171875,-0.048828125,-1.86767578125,0.0732421875,-2.11181640625,0.01220703125,-1.62353515625,-0.15869140625,-0.35400390625,-0.08544921875,0.32958984375,-0.08544921875,0.0244140625,-0.0732421875,-0.09765625,0.048828125,0.15869140625,-0.0732421875,-0.048828125,0.1220703125,0.78125,-0.01220703125,-0.52490234375,0.09765625,-0.6103515625
0,-0.1708984375,-0.30517578125,-0.23193359375,-0.32958984375,0.3173828125,-0.4150390625,-0.06103515625,-0.09765625,-0.1708984375,0.01220703125,-0.048828125,-0.89111328125,-0.146484375,1.1474609375,-0.03662109375,-0.15869140625,-0.390625,-0.57373046875,0.10986328125,-0.146484375,-0.1708984375,0.89111328125,0.048828125,-0.537109375,-0.0732421875,0.47607421875,-0.18310546875,0,-0.3173828125,2.01416015625,-0.341796875,1.171875,0.13427734375,-0.390625,0,-0.89111328125,-0.10986328125,-0.42724609375,-0.1708984375,-0.84228515625,0.03662109375,-0.1953125,0.06103515625,-0.7080078125,-0.28076171875,-0.48828125,-0.4638671875,0.62255859375,0.40283203125,1.11083984375,-0.244140625,0.48828125,-0.0244140625,-0.10986328125,-0.439453125,0.72021484375,-0.40283203125,4.5654296875,0.25634765625,5.029296875,-0.2197265625,3.857421875,0.48828125,4.40673828125,-0.08544921875,0.32958984375,0.06103515625,1.0498046875,0.01220703125,0.20751953125,-0.18310546875,0.23193359375,-0.2685546875,0.25634765625,0.2197265625,0.86669921875,0.09765625,0,-0.03662109375,1.33056640625,-0.048828125,-0.96435546875,-0.10986328125,-0.35400390625,-0.18310546875,-1.0009765625,-0.03662109375,-0.8056640625,0.0244140625,-0.7080078125,0.048828125,0.537109375,0.146484375,0.6103515625,-0.1220703125,-0.03662109375,-0.0732421875,-0.91552734375,-0.18310546875,-0.7568359375,-0.146484375,-0.8544921875,0.0244140625,-0.28076171875,0,-1.81884765625,0.08544921875,-2.11181640625,0.03662109375,-1.5869140625,-0.13427734375,-0.29296875,-0.08544921875,0.341796875,-0.08544921875,0.0244140625,-0.048828125,-0.0732421875,0.0244140625,0.15869140625,-0.09765625,-0.06103515625,0.10986328125,0.79345703125,-0.01220703125,-0.52490234375,0.10986328125,-0.59814453125
0,-0.18310546875,-0.30517578125,-0.244140625,-0.29296875,0.3173828125,-0.42724609375,-0.06103515625,-0.048828125,-0.15869140625,0.03662109375,-0.06103515625,-0.89111328125,-0.1708984375,1.13525390625,-0.01220703125,-0.13427734375,-0.341796875,-0.57373046875,0.18310546875,-0.18310546875,-0.0732421875,0.89111328125,0.08544921875,-0.57373046875,-0.146484375,0.4638671875,-0.244140625,-0.048828125,-0.47607421875,1.94091796875,-0.32958984375,1.11083984375,0.18310546875,-0.3662109375,0.01220703125,-0.9033203125,-0.09765625,-0.439453125,-0.15869140625,-0.830078125,0.03662109375,-0.20751953125,0.09765625,-0.69580078125,-0.30517578125,-0.4638671875,-0.35400390625,0.62255859375,0.35400390625,1.07421875,-0.25634765625,0.48828125,0.1708984375,-0.08544921875,-0.5615234375,0.72021484375,-0.390625,5.46875,0.32958984375,6.2255859375,-0.23193359375,4.50439453125,0.52490234375,5.3466796875,-0.06103515625,0.28076171875,0.146484375,1.025390625,0.01220703125,0.2197265625,-0.15869140625,0.23193359375,-0.18310546875,0.23193359375,0.20751953125,0.8544921875,0.09765625,0.01220703125,-0.09765625,1.33056640625,-0.0732421875,-1.01318359375,-0.10986328125,-0.341796875,-0.15869140625,-1.01318359375,-0.0244140625,-0.81787109375,0.01220703125,-0.8544921875,0.03662109375,0.439453125,0.08544921875,0.48828125,-0.1953125,-0.1953125,-0.03662109375,-0.927734375,-0.1708984375,-0.78125,-0.09765625,-0.830078125,0.0244140625,-0.28076171875,0.03662109375,-1.6845703125,0.08544921875,-2.05078125,0.06103515625,-1.50146484375,-0.13427734375,-0.2197265625,-0.0732421875,0.341796875,-0.06103515625,0.0244140625,-0.0732421875,-0.06103515625,0.03662109375,0.18310546875,-0.09765625,-0.0732421875,0.08544921875,0.8056640625,-0.0244140625,-0.52490234375,0.1220703125,-0.5615234375
0,-0.1953125,-0.32958984375,-0.25634765625,-0.29296875,0.30517578125,-0.439453125,-0.0732421875,-0.03662109375,-0.146484375,0.048828125,-0.06103515625,-0.87890625,-0.1953125,1.123046875,-0.01220703125,-0.10986328125,-0.28076171875,-0.57373046875,0.2197265625,-0.18310546875,0.0244140625,0.89111328125,0.048828125,-0.59814453125,-0.09765625,0.439453125,-0.18310546875,-0.1708984375,-0.537109375,1.806640625,-0.28076171875,0.98876953125,0.15869140625,-0.3662109375,0,-0.9033203125,-0.0732421875,-0.4638671875,-0.146484375,-0.8056640625,0.06103515625,-0.18310546875,0.08544921875,-0.68359375,-0.32958984375,-0.4638671875,-0.1708984375,0.59814453125,0.28076171875,1.0986328125,-0.341796875,0.47607421875,0.3173828125,-0.1220703125,-0.732421875,0.72021484375,-0.32958984375,6.3720703125,0.23193359375,7.421875,-0.25634765625,5.1513671875,0.5126953125,6.28662109375,-0.048828125,0.23193359375,0.20751953125,1.0009765625,0,0.2197265625,-0.09765625,0.2197265625,-0.0732421875,0.2197265625,0.1953125,0.830078125,0.01220703125,0.01220703125,-0.13427734375,1.30615234375,-0.0732421875,-1.0009765625,-0.08544921875,-0.32958984375,-0.13427734375,-1.01318359375,-0.06103515625,-0.8056640625,-0.0732421875,-1.0498046875,0.048828125,0.32958984375,0.0244140625,0.35400390625,-0.23193359375,-0.35400390625,-0.0244140625,-0.927734375,-0.146484375,-0.78125,-0.048828125,-0.830078125,0.01220703125,-0.29296875,0.03662109375,-1.47705078125,0.08544921875,-1.94091796875,0.1220703125,-1.3916015625,-0.15869140625,-0.0732421875,-0.08544921875,0.35400390625,-0.08544921875,0.01220703125,-0.08544921875,-0.0244140625,0.03662109375,0.18310546875,-0.08544921875,-0.06103515625,0.06103515625,0.84228515625,0,-0.52490234375,0.1220703125,-0.537109375
0,-0.23193359375,-0.341796875,-0.28076171875,-0.30517578125,0.2685546875,-0.45166015625,-0.06103515625,-0.0244140625,-0.18310546875,0.048828125,-0.0732421875,-0.87890625,-0.1953125,1.0986328125,-0.0244140625,-0.1220703125,-0.244140625,-0.5615234375,0.244140625,-0.1953125,0.0732421875,0.87890625,0.03662109375,-0.57373046875,-0.0244140625,0.4638671875,-0.1220703125,-0.23193359375,-0.5126953125,1.72119140625,-0.2197265625,0.87890625,0.0732421875,-0.37841796875,0.0732421875,-0.91552734375,-0.08544921875,-0.48828125,-0.1220703125,-0.79345703125,0.0732421875,-0.2197265625,0.08544921875,-0.68359375,-0.40283203125,-0.45166015625,-0.06103515625,0.59814453125,0.20751953125,1.13525390625,-0.4638671875,0.4638671875,0.4638671875,-0.146484375,-0.9033203125,0.69580078125,-0.244140625,7.23876953125,0.15869140625,8.48388671875,-0.2685546875,5.70068359375,0.47607421875,7.12890625,-0.06103515625,0.2197265625,0.30517578125,1.0009765625,0,0.23193359375,-0.048828125,0.2197265625,0.06103515625,0.23193359375,0.146484375,0.8056640625,-0.03662109375,0.0244140625,-0.15869140625,1.2939453125,-0.1220703125,-1.025390625,-0.048828125,-0.3173828125,-0.08544921875,-0.98876953125,-0.08544921875,-0.81787109375,-0.1220703125,-1.2451171875,0.08544921875,0.23193359375,0,0.2685546875,-0.15869140625,-0.50048828125,-0.09765625,-0.91552734375,-0.09765625,-0.79345703125,0.0244140625,-0.8056640625,0.0244140625,-0.30517578125,0.048828125,-1.23291015625,0.06103515625,-1.806640625,0.13427734375,-1.25732421875,-0.13427734375,0.06103515625,-0.06103515625,0.37841796875,-0.06103515625,0.03662109375,-0.0732421875,-0.0244140625,0.048828125,0.1953125,-0.08544921875,-0.06103515625,0.06103515625,0.81787109375,-0.01220703125,-0.5126953125,0.08544921875,-0.52490234375
0,-0.25634765625,-0.37841796875,-0.30517578125,-0.3173828125,0.2197265625,-0.42724609375,-0.03662109375,-0.0244140625,-0.1953125,0.0244140625,-0.08544921875,-0.9033203125,-0.18310546875,1.06201171875,-0.048828125,-0.10986328125,-0.15869140625,-0.54931640625,0.18310546875,-0.18310546875,0.1220703125,0.87890625,-0.01220703125,-0.5859375,0.01220703125,0.59814453125,-0.09765625,-0.25634765625,-0.47607421875,1.6845703125,-0.23193359375,0.84228515625,-0.048828125,-0.3662109375,0.1220703125,-0.91552734375,-0.10986328125,-0.5126953125,-0.03662109375,-0.74462890625,0.08544921875,-0.23193359375,0.0244140625,-0.69580078125,-0.439453125,-0.42724609375,-0.01220703125,0.59814453125,0.15869140625,1.1474609375,-0.48828125,0.439453125,0.5859375,-0.1708984375,-0.927734375,0.7080078125,-0.146484375,7.92236328125,0.06103515625,9.31396484375,-0.3173828125,6.06689453125,0.439453125,7.7880859375,-0.09765625,0.23193359375,0.341796875,1.01318359375,0.01220703125,0.2197265625,0.0244140625,0.18310546875,0.1708984375,0.2197265625,0.06103515625,0.79345703125,-0.08544921875,0.03662109375,-0.1708984375,1.28173828125,-0.1220703125,-1.025390625,-0.01220703125,-0.32958984375,-0.06103515625,-1.0009765625,-0.10986328125,-0.8056640625,-0.15869140625,-1.3671875,0.10986328125,0.1708984375,-0.09765625,0.18310546875,-0.146484375,-0.59814453125,-0.15869140625,-0.93994140625,-0.08544921875,-0.8056640625,0.06103515625,-0.8056640625,0.048828125,-0.30517578125,0.048828125,-1.01318359375,0.10986328125,-1.6845703125,0.146484375,-1.1474609375,-0.146484375,0.20751953125,-0.048828125,0.37841796875,-0.06103515625,0.03662109375,-0.0732421875,-0.01220703125,0.0732421875,0.1953125,-0.08544921875,-0.048828125,0.03662109375,0.8544921875,0,-0.52490234375,0.048828125,-0.5126953125
0,-0.2685546875,-0.390625,-0.32958984375,-0.30517578125,0.244140625,-0.42724609375,-0.03662109375,-0.01220703125,-0.20751953125,0.0244140625,-0.08544921875,-0.8544921875,-0.18310546875,1.0498046875,-0.0732421875,-0.1220703125,-0.048828125,-0.57373046875,0.09765625,-0.1708984375,0.13427734375,0.86669921875,-0.048828125,-0.6103515625,0.146484375,0.8544921875,-0.08544921875,-0.18310546875,-0.32958984375,1.7333984375,-0.20751953125,0.91552734375,-0.1220703125,-0.3662109375,0.20751953125,-0.9033203125,-0.10986328125,-0.5126953125,0.048828125,-0.72021484375,0.08544921875,-0.23193359375,-0.048828125,-0.67138671875,-0.439453125,-0.4150390625,0.03662109375,0.6103515625,0.10986328125,1.18408203125,-0.52490234375,0.40283203125,0.6591796875,-0.20751953125,-0.9033203125,0.69580078125,-0.06103515625,8.3740234375,0.01220703125,9.8388671875,-0.341796875,6.2255859375,0.40283203125,8.1787109375,-0.09765625,0.20751953125,0.35400390625,1.0009765625,0.01220703125,0.1953125,0.0244140625,0.146484375,0.20751953125,0.2197265625,-0.01220703125,0.7568359375,-0.146484375,0.0244140625,-0.18310546875,1.26953125,-0.06103515625,-1.03759765625,0.03662109375,-0.3173828125,-0.048828125,-0.9765625,-0.09765625,-0.79345703125,-0.29296875,-1.45263671875,0.048828125,0.1708984375,-0.1708984375,0.1708984375,-0.10986328125,-0.68359375,-0.1953125,-0.927734375,-0.03662109375,-0.81787109375,0.09765625,-0.8056640625,0.0732421875,-0.30517578125,0.0244140625,-0.830078125,0.13427734375,-1.59912109375,0.13427734375,-1.0498046875,-0.1953125,0.3173828125,-0.03662109375,0.390625,-0.048828125,0.048828125,-0.0732421875,-0.0244140625,0.0732421875,0.20751953125,-0.09765625,-0.0244140625,0.0244140625,0.8544921875,0.01220703125,-0.50048828125,0,-0.5126953125
0,-0.29296875,-0.40283203125,-0.341796875,-0.3173828125,0.244140625,-0.4150390625,-0.03662109375,-0.0244140625,-0.244140625,-0.01220703125,-0.0732421875,-0.87890625,-0.1708984375,1.03759765625,-0.0732421875,-0.10986328125,0.0244140625,-0.57373046875,0.03662109375,-0.146484375,0.08544921875,0.8544921875,-0.048828125,-0.6103515625,0.2197265625,1.3427734375,-0.048828125,0,-0.15869140625,1.91650390625,-0.2197265625,1.13525390625,-0.1953125,-0.341796875,0.29296875,-0.89111328125,-0.10986328125,-0.50048828125,0.146484375,-0.69580078125,0.1220703125,-0.20751953125,-0.08544921875,-0.68359375,-0.45166015625,-0.42724609375,0,0.6103515625,0.09765625,1.15966796875,-0.5615234375,0.40283203125,0.78125,-0.1953125,-0.8056640625,0.7080078125,-0.0244140625,8.4716796875,-0.01220703125,9.9365234375,-0.3662109375,6.18896484375,0.37841796875,8.251953125,-0.0732421875,0.20751953125,0.3173828125,1.01318359375,0.03662109375,0.1953125,0.01220703125,0.13427734375,0.2197265625,0.20751953125,-0.13427734375,0.72021484375,-0.18310546875,0.0244140625,-0.18310546875,1.26953125,-0.03662109375,-1.01318359375,0.08544921875,-0.32958984375,-0.06103515625,-0.96435546875,-0.0732421875,-0.78125,-0.1708984375,-1.45263671875,0.09765625,0.1708984375,-0.09765625,0.146484375,0.0244140625,-0.69580078125,-0.1953125,-0.927734375,0,-0.81787109375,0.1220703125,-0.830078125,0.0732421875,-0.30517578125,0.0244140625,-0.72021484375,0.09765625,-1.52587890625,0.0732421875,-1.025390625,-0.20751953125,0.40283203125,-0.01220703125,0.390625,-0.048828125,0.06103515625,-0.0732421875,0,0.0732421875,0.18310546875,-0.1220703125,0,0,0.86669921875,0.0244140625,-0.50048828125,-0.048828125,-0.48828125
0,-0.28076171875,-0.40283203125,-0.32958984375,-0.32958984375,0.2685546875,-0.40283203125,-0.03662109375,-0.048828125,-0.2197265625,-0.0244140625,-0.09765625,-0.9033203125,-0.15869140625,1.0498046875,-0.06103515625,-0.1220703125,0.048828125,-0.59814453125,-0.0244140625,-0.18310546875,0.03662109375,0.8544921875,-0.048828125,-0.5615234375,0.18310546875,2.0263671875,0,0.3173828125,-0.0244140625,2.28271484375,-0.25634765625,1.50146484375,-0.18310546875,-0.32958984375,0.341796875,-0.89111328125,-0.1220703125,-0.48828125,0.2197265625,-0.69580078125,0.10986328125,-0.1953125,-0.146484375,-0.67138671875,-0.439453125,-0.42724609375,-0.048828125,0.62255859375,0.048828125,1.15966796875,-0.57373046875,0.4150390625,0.8544921875,-0.1953125,-0.78125,0.7080078125,0.01220703125,8.26416015625,-0.048828125,9.58251953125,-0.537109375,5.89599609375,0.30517578125,7.97119140625,-0.03662109375,0.244140625,0.30517578125,1.025390625,0.048828125,0.1953125,0,0.13427734375,0.18310546875,0.1953125,-0.2197265625,0.7568359375,-0.23193359375,0.01220703125,-0.18310546875,1.25732421875,0.03662109375,-1.01318359375,0.0732421875,-0.3173828125,-0.09765625,-0.9765625,-0.048828125,-0.76904296875,-0.10986328125,-1.3671875,0.06103515625,0.1953125,-0.0732421875,0.1708984375,0.03662109375,-0.68359375,-0.146484375,-0.93994140625,0.0244140625,-0.8056640625,0.10986328125,-0.830078125,0.06103515625,-0.29296875,0.0732421875,-0.72021484375,0.146484375,-1.47705078125,0.048828125,-1.01318359375,-0.20751953125,0.42724609375,0,0.37841796875,-0.0732421875,0.03662109375,-0.0732421875,0.01220703125,0.06103515625,0.18310546875,-0.146484375,0,0.0244140625,0.8544921875,0,-0.5126953125,-0.09765625,-0.50048828125
0,-0.28076171875,-0.40283203125,-0.3173828125,-0.341796875,0.2685546875,-0.390625,-0.03662109375,-0.048828125,-0.2197265625,-0.0244140625,-0.10986328125,-0.9033203125,-0.15869140625,1.0498046875,-0.08544921875,-0.146484375,0,-0.57373046875,-0.06103515625,-0.1953125,-0.06103515625,0.8544921875,-0.03662109375,-0.537109375,0.18310546875,2.91748046875,0.03662109375,0.8056640625,0.06103515625,2.880859375,-0.3173828125,2.05078125,-0.09765625,-0.35400390625,0.37841796875,-0.89111328125,-0.1220703125,-0.47607421875,0.25634765625,-0.69580078125,0.03662109375,-0.18310546875,-0.10986328125,-0.67138671875,-0.439453125,-0.42724609375,-0.15869140625,0.634765625,0.0244140625,1.1474609375,-0.6591796875,0.42724609375,0.87890625,-0.15869140625,-0.76904296875,0.7080078125,0.0244140625,7.67822265625,-0.09765625,8.80126953125,-0.5126953125,5.3955078125,0.2685546875,7.3486328125,0,0.25634765625,0.244140625,1.03759765625,0.09765625,0.1953125,-0.01220703125,0.15869140625,0.1220703125,0.2197265625,-0.25634765625,0.7568359375,-0.23193359375,0.01220703125,-0.146484375,1.25732421875,0.1220703125,-0.98876953125,0.03662109375,-0.32958984375,-0.15869140625,-0.98876953125,0,-0.76904296875,-0.0732421875,-1.2939453125,0.03662109375,0.244140625,0,0.18310546875,0.0244140625,-0.67138671875,-0.048828125,-0.927734375,0.0244140625,-0.8056640625,0.03662109375,-0.830078125,0.0732421875,-0.29296875,0.0732421875,-0.78125,0.10986328125,-1.4892578125,-0.0244140625,-1.03759765625,-0.23193359375,0.40283203125,-0.01220703125,0.37841796875,-0.06103515625,0.03662109375,-0.06103515625,0,0.03662109375,0.1708984375,-0.1708984375,0,0,0.84228515625,-0.0244140625,-0.47607421875,-0.10986328125,-0.52490234375
0,-0.29296875,-0.390625,-0.32958984375,-0.3662109375,0.2685546875,-0.40283203125,-0.048828125,-0.06103515625,-0.1953125,-0.0244140625,-0.09765625,-0.91552734375,-0.1708984375,1.06201171875,-0.0732421875,-0.13427734375,-0.10986328125,-0.57373046875,-0.1220703125,-0.18310546875,-0.146484375,0.86669921875,-0.048828125,-0.5126953125,0.2685546875,3.91845703125,0.09765625,1.3916015625,0.06103515625,3.64990234375,-0.25634765625,2.67333984375,0.06103515625,-0.35400390625,0.390625,-0.87890625,-0.09765625,-0.47607421875,0.30517578125,-0.7080078125,-0.0732421875,-0.1708984375,-0.0244140625,-0.67138671875,-0.45166015625,-0.4150390625,-0.2685546875,0.634765625,0.03662109375,1.123046875,-0.67138671875,0.42724609375,0.84228515625,-0.1220703125,-0.78125,0.7080078125,0.048828125,6.79931640625,-0.10986328125,7.65380859375,-0.47607421875,4.736328125,0.20751953125,6.40869140625,0.06103515625,0.28076171875,0.13427734375,1.03759765625,0.1220703125,0.18310546875,-0.048828125,0.1708984375,0.1220703125,0.1953125,-0.30517578125,0.76904296875,-0.1953125,0,-0.1220703125,1.28173828125,0.18310546875,-0.98876953125,0.0244140625,-0.35400390625,-0.2197265625,-1.0009765625,0.048828125,-0.74462890625,0.048828125,-1.1962890625,0.048828125,0.23193359375,0.1220703125,0.20751953125,-0.01220703125,-0.6591796875,0.0244140625,-0.927734375,0.06103515625,-0.8056640625,-0.01220703125,-0.84228515625,0.048828125,-0.29296875,0.03662109375,-0.9033203125,0,-1.52587890625,-0.0732421875,-1.0986328125,-0.2685546875,0.3662109375,-0.0244140625,0.3662109375,-0.06103515625,0.01220703125,-0.0732421875,0,0,0.1708984375,-0.1708984375,-0.01220703125,0.01220703125,0.8056640625,-0.03662109375,-0.48828125,-0.10986328125,-0.57373046875
0,-0.29296875,-0.35400390625,-0.30517578125,-0.37841796875,0.244140625,-0.390625,-0.048828125,-0.048828125,-0.18310546875,-0.048828125,-0.10986328125,-0.89111328125,-0.1953125,1.08642578125,-0.0732421875,-0.146484375,-0.20751953125,-0.57373046875,-0.1708984375,-0.1953125,-0.13427734375,0.87890625,-0.09765625,-0.50048828125,0.29296875,4.96826171875,0.146484375,2.0263671875,0.0244140625,4.45556640625,-0.18310546875,3.38134765625,0.28076171875,-0.3662109375,0.37841796875,-0.9033203125,-0.08544921875,-0.47607421875,0.18310546875,-0.74462890625,-0.15869140625,-0.1953125,0.03662109375,-0.6591796875,-0.47607421875,-0.42724609375,-0.30517578125,0.62255859375,0.01220703125,1.123046875,-0.67138671875,0.45166015625,0.732421875,-0.08544921875,-0.7080078125,0.7080078125,0,5.712890625,-0.15869140625,6.23779296875,-0.57373046875,3.96728515625,0.10986328125,5.2734375,0.1220703125,0.30517578125,0.03662109375,1.06201171875,0.13427734375,0.1953125,-0.10986328125,0.2197265625,0.13427734375,0.2197265625,-0.341796875,0.81787109375,-0.18310546875,0,-0.1220703125,1.2939453125,0.2197265625,-0.96435546875,-0.048828125,-0.35400390625,-0.2685546875,-1.01318359375,0.08544921875,-0.74462890625,0.09765625,-1.13525390625,0.03662109375,0.23193359375,0.20751953125,0.1953125,-0.0732421875,-0.6591796875,0.0732421875,-0.91552734375,0.10986328125,-0.8056640625,-0.08544921875,-0.8544921875,0.0244140625,-0.29296875,0.15869140625,-1.0009765625,0.09765625,-1.59912109375,-0.06103515625,-1.15966796875,-0.1708984375,0.3173828125,-0.01220703125,0.341796875,-0.0732421875,0.01220703125,-0.0732421875,-0.0244140625,-0.03662109375,0.15869140625,-0.146484375,-0.03662109375,-0.01220703125,0.8056640625,-0.06103515625,-0.48828125,-0.10986328125,-0.57373046875
0,-0.30517578125,-0.32958984375,-0.3173828125,-0.390625,0.2197265625,-0.40283203125,-0.048828125,-0.06103515625,-0.1953125,-0.01220703125,-0.13427734375,-0.87890625,-0.20751953125,1.0986328125,-0.08544921875,-0.146484375,-0.25634765625,-0.57373046875,-0.23193359375,-0.1953125,-0.10986328125,0.86669921875,-0.18310546875,-0.50048828125,0.3173828125,5.9326171875,0.09765625,2.6123046875,-0.06103515625,5.224609375,-0.048828125,4.00390625,0.439453125,-0.40283203125,0.3173828125,-0.9033203125,-0.06103515625,-0.4638671875,0.13427734375,-0.76904296875,-0.25634765625,-0.20751953125,0.13427734375,-0.67138671875,-0.52490234375,-0.439453125,-0.32958984375,0.62255859375,0.01220703125,1.0986328125,-0.69580078125,0.4638671875,0.64697265625,-0.08544921875,-0.537109375,0.72021484375,-0.048828125,4.50439453125,-0.18310546875,4.72412109375,-0.634765625,3.173828125,0.0244140625,4.052734375,0.146484375,0.3173828125,-0.0244140625,1.06201171875,0.13427734375,0.18310546875,-0.18310546875,0.2197265625,0.0732421875,0.23193359375,-0.3173828125,0.84228515625,-0.10986328125,-0.01220703125,-0.10986328125,1.2939453125,0.244140625,-0.9521484375,-0.08544921875,-0.3662109375,-0.30517578125,-1.03759765625,0.0732421875,-0.76904296875,0.13427734375,-1.08642578125,0.048828125,0.1953125,0.29296875,0.18310546875,-0.08544921875,-0.64697265625,0.0732421875,-0.91552734375,0.15869140625,-0.78125,-0.08544921875,-0.86669921875,0.01220703125,-0.28076171875,0.146484375,-1.07421875,0.09765625,-1.62353515625,-0.10986328125,-1.15966796875,-0.18310546875,0.32958984375,-0.048828125,0.32958984375,-0.048828125,0,-0.0732421875,-0.0244140625,-0.08544921875,0.15869140625,-0.13427734375,-0.06103515625,0,0.79345703125,-0.048828125,-0.50048828125,-0.08544921875,-0.57373046875
0,-0.29296875,-0.3173828125,-0.29296875,-0.390625,0.23193359375,-0.40283203125,-0.03662109375,-0.08544921875,-0.20751953125,0,-0.146484375,-0.89111328125,-0.20751953125,1.11083984375,-0.06103515625,-0.15869140625,-0.30517578125,-0.5615234375,-0.20751953125,-0.20751953125,-0.048828125,0.89111328125,-0.2197265625,-0.52490234375,0.341796875,6.77490234375,0.08544921875,3.13720703125,-0.15869140625,5.92041015625,0.048828125,4.52880859375,0.52490234375,-0.4150390625,0.30517578125,-0.9033203125,-0.048828125,-0.4638671875,0.0732421875,-0.78125,-0.28076171875,-0.23193359375,0.18310546875,-0.68359375,-0.5615234375,-0.45166015625,-0.341796875,0.62255859375,-0.01220703125,1.0986328125,-0.68359375,0.4638671875,0.6103515625,-0.10986328125,-0.32958984375,0.7080078125,-0.09765625,3.28369140625,-0.1708984375,3.25927734375,-0.64697265625,2.38037109375,-0.06103515625,2.84423828125,0.146484375,0.3173828125,-0.09765625,1.06201171875,0.10986328125,0.20751953125,-0.20751953125,0.23193359375,0.0244140625,0.2197265625,-0.341796875,0.86669921875,-0.0732421875,-0.01220703125,-0.10986328125,1.30615234375,0.2197265625,-0.93994140625,-0.13427734375,-0.37841796875,-0.244140625,-1.0498046875,0.0732421875,-0.7568359375,0.03662109375,-1.07421875,0.048828125,0.1708984375,0.28076171875,0.15869140625,-0.10986328125,-0.67138671875,0.01220703125,-0.91552734375,0.2197265625,-0.8056640625,-0.10986328125,-0.830078125,-0.03662109375,-0.29296875,0.048828125,-1.08642578125,-0.01220703125,-1.5869140625,-0.15869140625,-1.13525390625,-0.1953125,0.3662109375,-0.03662109375,0.32958984375,-0.06103515625,-0.01220703125,-0.06103515625,-0.048828125,-0.08544921875,0.15869140625,-0.13427734375,-0.06103515625,0.01220703125,0.76904296875,-0.0732421875,-0.50048828125,-0.06103515625,-0.57373046875
1,-0.32958984375,-0.3173828125,-0.2685546875,-0.37841796875,0.244140625,-0.4150390625,-0.0244140625,-0.08544921875,-0.244140625,0.0244140625,-0.146484375,-0.89111328125,-0.1953125,1.11083984375,-0.0732421875,-0.1708984375,-0.30517578125,-0.537109375,-0.18310546875,-0.1953125,0.06103515625,0.87890625,-0.29296875,-0.5615234375,0.23193359375,7.373046875,0.048828125,3.47900390625,-0.28076171875,6.40869140625,0.10986328125,4.91943359375,0.537109375,-0.42724609375,0.3173828125,-0.89111328125,-0.10986328125,-0.47607421875,0.048828125,-0.8056640625,-0.25634765625,-0.23193359375,0.15869140625,-0.6591796875,-0.57373046875,-0.45166015625,-0.28076171875,0.62255859375,-0.03662109375,1.123046875,-0.72021484375,0.47607421875,0.6103515625,-0.10986328125,-0.06103515625,0.69580078125,-0.1220703125,2.13623046875,-0.1953125,1.904296875,-0.72021484375,1.69677734375,-0.1220703125,1.74560546875,0.13427734375,0.3173828125,-0.146484375,1.0498046875,0.048828125,0.20751953125,-0.23193359375,0.25634765625,0.01220703125,0.23193359375,-0.341796875,0.89111328125,-0.03662109375,0.01220703125,-0.10986328125,1.318359375,0.20751953125,-0.9521484375,-0.1708984375,-0.390625,-0.18310546875,-1.03759765625,0.048828125,-0.76904296875,0.10986328125,-1.06201171875,0.10986328125,0.1708984375,0.2685546875,0.1708984375,-0.06103515625,-0.6591796875,-0.08544921875,-0.9033203125,0.244140625,-0.8056640625,-0.1220703125,-0.81787109375,-0.06103515625,-0.29296875,0.09765625,-1.0009765625,0.0732421875,-1.513671875,-0.10986328125,-1.07421875,-0.13427734375,0.4638671875,-0.048828125,0.32958984375,-0.0732421875,0,-0.06103515625,-0.048828125,-0.10986328125,0.18310546875,-0.09765625,-0.08544921875,0,0.78125,-0.08544921875,-0.50048828125,-0.048828125,-0.5615234375
1,-0.30517578125,-0.341796875,-0.25634765625,-0.37841796875,0.244140625,-0.4150390625,0,-0.08544921875,-0.244140625,0.048828125,-0.1708984375,-0.89111328125,-0.1953125,1.11083984375,-0.0732421875,-0.146484375,-0.30517578125,-0.537109375,-0.13427734375,-0.1953125,0.15869140625,0.89111328125,-0.35400390625,-0.57373046875,0.20751953125,7.6904296875,0.01220703125,3.64990234375,-0.341796875,6.689453125,0.048828125,5.11474609375,0.42724609375,-0.390625,0.30517578125,-0.87890625,-0.10986328125,-0.4638671875,0.06103515625,-0.81787109375,-0.18310546875,-0.244140625,0.15869140625,-0.67138671875,-0.59814453125,-0.439453125,-0.18310546875,0.6103515625,-0.0244140625,1.13525390625,-0.78125,0.45166015625,0.67138671875,-0.146484375,0.0732421875,0.68359375,-0.1220703125,1.20849609375,-0.244140625,0.81787109375,-0.62255859375,1.13525390625,-0.13427734375,0.79345703125,0.09765625,0.32958984375,-0.18310546875,1.025390625,0.01220703125,0.1953125,-0.28076171875,0.244140625,-0.03662109375,0.23193359375,-0.28076171875,0.8544921875,-0.03662109375,0,-0.048828125,1.318359375,0.1708984375,-0.93994140625,-0.1953125,-0.3662109375,-0.10986328125,-1.01318359375,0.01220703125,-0.76904296875,0.048828125,-1.07421875,0.08544921875,0.15869140625,0.1708984375,0.1953125,-0.048828125,-0.5859375,-0.13427734375,-0.87890625,0.2197265625,-0.81787109375,-0.13427734375,-0.81787109375,-0.08544921875,-0.30517578125,0,-0.84228515625,-0.0244140625,-1.3916015625,-0.1220703125,-0.91552734375,-0.1953125,0.62255859375,-0.03662109375,0.32958984375,-0.06103515625,0.01220703125,-0.0732421875,-0.048828125,-0.09765625,0.18310546875,-0.08544921875,-0.08544921875,0,0.76904296875,-0.06103515625,-0.5126953125,-0.03662109375,-0.5615234375
1,-0.3173828125,-0.3662109375,-0.244140625,-0.341796875,0.23193359375,-0.42724609375,0,-0.048828125,-0.28076171875,0.03662109375,-0.1708984375,-0.89111328125,-0.20751953125,1.08642578125,-0.048828125,-0.146484375,-0.3173828125,-0.5615234375,-0.08544921875,-0.18310546875,0.23193359375,0.89111328125,-0.32958984375,-0.6103515625,0.15869140625,7.7880859375,-0.03662109375,3.64990234375,-0.341796875,6.72607421875,-0.048828125,5.126953125,0.2685546875,-0.390625,0.2685546875,-0.89111328125,-0.15869140625,-0.50048828125,0.06103515625,-0.8056640625,-0.048828125,-0.25634765625,0.1220703125,-0.68359375,-0.54931640625,-0.42724609375,-0.1220703125,0.62255859375,-0.06103515625,1.15966796875,-0.72021484375,0.439453125,0.7080078125,-0.1953125,0.15869140625,0.68359375,-0.1220703125,0.47607421875,-0.25634765625,0.01220703125,-0.5615234375,0.7080078125,-0.2197265625,0.06103515625,0.048828125,0.30517578125,-0.2197265625,1.025390625,-0.06103515625,0.2197265625,-0.244140625,0.244140625,-0.048828125,0.244140625,-0.2685546875,0.8544921875,-0.03662109375,0.0244140625,-0.0244140625,1.30615234375,0.09765625,-0.96435546875,-0.1953125,-0.35400390625,-0.01220703125,-1.03759765625,-0.03662109375,-0.8056640625,-0.01220703125,-1.07421875,0.03662109375,0.18310546875,0.03662109375,0.25634765625,0,-0.5126953125,-0.146484375,-0.87890625,0.2197265625,-0.81787109375,-0.146484375,-0.79345703125,-0.06103515625,-0.30517578125,-0.03662109375,-0.62255859375,-0.048828125,-1.1962890625,-0.03662109375,-0.7568359375,-0.1953125,0.8544921875,-0.03662109375,0.341796875,-0.10986328125,0.03662109375,-0.0732421875,-0.048828125,-0.09765625,0.20751953125,-0.08544921875,-0.09765625,0,0.7568359375,-0.03662109375,-0.50048828125,-0.06103515625,-0.57373046875
1,-0.29296875,-0.40283203125,-0.20751953125,-0.32958984375,0.20751953125,-0.42724609375,0.01220703125,-0.06103515625,-0.28076171875,0.01220703125,-0.18310546875,-0.87890625,-0.2197265625,1.0986328125,-0.08544921875,-0.146484375,-0.28076171875,-0.5859375,-0.06103515625,-0.1708984375,0.28076171875,0.89111328125,-0.29296875,-0.62255859375,0.146484375,7.5927734375,-0.06103515625,3.515625,-0.28076171875,6.54296875,-0.18310546875,4.96826171875,0.10986328125,-0.37841796875,0.2197265625,-0.89111328125,-0.1953125,-0.50048828125,0.03662109375,-0.81787109375,0.10986328125,-0.25634765625,0.13427734375,-0.67138671875,-0.4638671875,-0.4150390625,-0.0732421875,0.59814453125,-0.0732421875,1.18408203125,-0.68359375,0.4150390625,0.78125,-0.20751953125,0.23193359375,0.67138671875,-0.1708984375,-0.06103515625,-0.29296875,-0.45166015625,-0.45166015625,0.439453125,-0.2197265625,-0.439453125,0.03662109375,0.29296875,-0.25634765625,1.01318359375,-0.146484375,0.2197265625,-0.1953125,0.2197265625,-0.1220703125,0.23193359375,-0.2197265625,0.830078125,-0.048828125,0.048828125,0.048828125,1.2939453125,0.06103515625,-0.98876953125,-0.20751953125,-0.341796875,0.03662109375,-1.025390625,-0.09765625,-0.79345703125,0.03662109375,-1.06201171875,-0.0244140625,0.23193359375,-0.03662109375,0.3173828125,0.0244140625,-0.40283203125,-0.13427734375,-0.89111328125,0.146484375,-0.8056640625,-0.10986328125,-0.78125,-0.06103515625,-0.28076171875,0.06103515625,-0.32958984375,0.03662109375,-0.9521484375,0.048828125,-0.57373046875,-0.09765625,1.08642578125,-0.0244140625,0.3662109375,-0.13427734375,0.0244140625,-0.0732421875,-0.06103515625,-0.10986328125,0.20751953125,-0.0732421875,-0.08544921875,-0.01220703125,0.78125,0,-0.5126953125,-0.0732421875,-0.5859375
1,-0.28076171875,-0.42724609375,-0.1953125,-0.29296875,0.1953125,-0.439453125,0.01220703125,-0.03662109375,-0.30517578125,0,-0.18310546875,-0.86669921875,-0.1953125,1.07421875,-0.0732421875,-0.10986328125,-0.1953125,-0.5859375,-0.03662109375,-0.20751953125,0.28076171875,0.87890625,-0.20751953125,-0.634765625,0.15869140625,7.2509765625,-0.048828125,3.2470703125,-0.1953125,6.23779296875,-0.29296875,4.7119140625,0.0244140625,-0.35400390625,0.1220703125,-0.87890625,-0.1953125,-0.48828125,0.0732421875,-0.8056640625,0.244140625,-0.23193359375,0.13427734375,-0.6591796875,-0.3662109375,-0.42724609375,-0.06103515625,0.62255859375,-0.10986328125,1.171875,-0.62255859375,0.40283203125,0.9033203125,-0.20751953125,0.2685546875,0.67138671875,-0.20751953125,-0.341796875,-0.2685546875,-0.634765625,-0.40283203125,0.28076171875,-0.244140625,-0.72021484375,0,0.29296875,-0.29296875,1.025390625,-0.20751953125,0.2197265625,-0.13427734375,0.1953125,-0.18310546875,0.23193359375,-0.1708984375,0.78125,-0.03662109375,0.0244140625,0.146484375,1.2939453125,0.03662109375,-1.0009765625,-0.20751953125,-0.32958984375,0.08544921875,-1.01318359375,-0.10986328125,-0.8056640625,-0.048828125,-1.025390625,-0.0732421875,0.28076171875,-0.048828125,0.40283203125,0.0244140625,-0.28076171875,-0.1220703125,-0.89111328125,0.10986328125,-0.79345703125,-0.08544921875,-0.78125,-0.0732421875,-0.28076171875,-0.01220703125,-0.048828125,-0.10986328125,-0.7080078125,0.0244140625,-0.3662109375,-0.1220703125,1.33056640625,-0.03662109375,0.3662109375,-0.146484375,0.03662109375,-0.06103515625,-0.03662109375,-0.09765625,0.20751953125,-0.09765625,-0.08544921875,0,0.78125,0,-0.48828125,-0.0732421875,-0.5859375
1,-0.29296875,-0.439453125,-0.1953125,-0.30517578125,0.2197265625,-0.439453125,0.01220703125,-0.03662109375,-0.29296875,-0.0244140625,-0.1953125,-0.87890625,-0.20751953125,1.0498046875,-0.0732421875,-0.10986328125,-0.08544921875,-0.6103515625,-0.01220703125,-0.1953125,0.29296875,0.89111328125,-0.0732421875,-0.6103515625,0.06103515625,6.79931640625,-0.09765625,2.94189453125,-0.10986328125,5.8349609375,-0.390625,4.39453125,0.03662109375,-0.3173828125,0.06103515625,-0.87890625,-0.1953125,-0.47607421875,0.1220703125,-0.78125,0.3173828125,-0.2197265625,0.10986328125,-0.6591796875,-0.244140625,-0.42724609375,-0.03662109375,0.62255859375,-0.1708984375,1.18408203125,-0.54931640625,0.42724609375,0.9765625,-0.20751953125,0.45166015625,0.69580078125,-0.244140625,-0.45166015625,-0.244140625,-0.67138671875,-0.3173828125,0.244140625,-0.2685546875,-0.830078125,0,0.28076171875,-0.30517578125,1.025390625,-0.25634765625,0.1953125,-0.06103515625,0.1708984375,-0.20751953125,0.1953125,-0.146484375,0.7568359375,-0.0244140625,0.0244140625,0.2197265625,1.28173828125,0.0244140625,-1.025390625,-0.2197265625,-0.341796875,0.1220703125,-1.0009765625,-0.08544921875,-0.8056640625,-0.1220703125,-1.01318359375,-0.13427734375,0.32958984375,-0.03662109375,0.47607421875,-0.03662109375,-0.20751953125,-0.15869140625,-0.87890625,0.0732421875,-0.81787109375,-0.048828125,-0.79345703125,-0.048828125,-0.30517578125,-0.0244140625,0.1953125,-0.18310546875,-0.47607421875,0.03662109375,-0.2197265625,-0.06103515625,1.5625,-0.03662109375,0.3662109375,-0.18310546875,0.0244140625,-0.0732421875,-0.0244140625,-0.09765625,0.1953125,-0.08544921875,-0.048828125,0.01220703125,0.79345703125,0.0244140625,-0.48828125,-0.09765625,-0.5859375
1,-0.28076171875,-0.42724609375,-0.18310546875,-0.3173828125,0.20751953125,-0.42724609375,0,-0.06103515625,-0.28076171875,-0.03662109375,-0.23193359375,-0.89111328125,-0.2197265625,1.06201171875,-0.09765625,-0.10986328125,0.01220703125,-0.6103515625,0.03662109375,-0.20751953125,0.2685546875,0.87890625,0.048828125,-0.59814453125,0.01220703125,6.298828125,-0.10986328125,2.63671875,-0.0244140625,5.4443359375,-0.42724609375,4.08935546875,0.06103515625,-0.3173828125,0.01220703125,-0.86669921875,-0.146484375,-0.48828125,0.146484375,-0.79345703125,0.32958984375,-0.18310546875,0.09765625,-0.67138671875,-0.1220703125,-0.42724609375,-0.03662109375,0.64697265625,-0.2197265625,1.1474609375,-0.537109375,0.4150390625,1.0498046875,-0.18310546875,0.537109375,0.7080078125,-0.390625,-0.45166015625,-0.341796875,-0.537109375,-0.20751953125,0.25634765625,-0.37841796875,-0.830078125,-0.01220703125,0.28076171875,-0.30517578125,1.025390625,-0.2685546875,0.20751953125,-0.048828125,0.18310546875,-0.25634765625,0.1953125,-0.146484375,0.732421875,-0.03662109375,0.0244140625,0.28076171875,1.28173828125,0.048828125,-1.025390625,-0.23193359375,-0.32958984375,0.13427734375,-1.0009765625,-0.048828125,-0.79345703125,-0.03662109375,-0.9765625,-0.13427734375,0.32958984375,0.08544921875,0.48828125,-0.0244140625,-0.18310546875,-0.15869140625,-0.89111328125,0.01220703125,-0.79345703125,-0.0244140625,-0.81787109375,-0.01220703125,-0.29296875,0.03662109375,0.390625,-0.244140625,-0.32958984375,0.03662109375,-0.0732421875,0,1.74560546875,-0.01220703125,0.35400390625,-0.20751953125,0.048828125,-0.08544921875,-0.0244140625,-0.08544921875,0.1708984375,-0.1220703125,-0.03662109375,0.048828125,0.81787109375,0.01220703125,-0.50048828125,-0.08544921875,-0.54931640625
1,-0.29296875,-0.40283203125,-0.1708984375,-0.32958984375,0.20751953125,-0.4150390625,-0.01220703125,-0.06103515625,-0.2685546875,-0.0732421875,-0.25634765625,-0.87890625,-0.2197265625,1.07421875,-0.0732421875,-0.13427734375,0.048828125,-0.6103515625,0.08544921875,-0.20751953125,0.23193359375,0.86669921875,0.15869140625,-0.57373046875,0,5.859375,-0.08544921875,2.35595703125,0.0244140625,5.09033203125,-0.390625,3.82080078125,0.146484375,-0.3173828125,-0.01220703125,-0.84228515625,-0.09765625,-0.4638671875,0.13427734375,-0.79345703125,0.25634765625,-0.146484375,0.08544921875,-0.6591796875,-0.09765625,-0.40283203125,-0.01220703125,0.634765625,-0.23193359375,1.1474609375,-0.5859375,0.42724609375,1.0986328125,-0.15869140625,0.52490234375,0.72021484375,-0.32958984375,-0.37841796875,-0.30517578125,-0.3662109375,-0.13427734375,0.29296875,-0.35400390625,-0.76904296875,-0.03662109375,0.29296875,-0.341796875,1.06201171875,-0.25634765625,0.1708984375,-0.01220703125,0.18310546875,-0.25634765625,0.20751953125,-0.10986328125,0.7080078125,-0.0244140625,0.01220703125,0.32958984375,1.30615234375,0.13427734375,-1.03759765625,-0.244140625,-0.32958984375,0.146484375,-0.98876953125,0.01220703125,-0.78125,0,-0.9765625,-0.13427734375,0.3173828125,0.20751953125,0.4638671875,-0.09765625,-0.20751953125,-0.18310546875,-0.91552734375,0.0244140625,-0.78125,-0.0244140625,-0.84228515625,0.0244140625,-0.30517578125,0.03662109375,0.47607421875,-0.29296875,-0.20751953125,-0.01220703125,0,0.01220703125,1.85546875,0,0.35400390625,-0.20751953125,0.03662109375,-0.08544921875,-0.0244140625,-0.10986328125,0.1708984375,-0.1708984375,-0.0244140625,0.0244140625,0.830078125,-0.048828125,-0.48828125,-0.06103515625,-0.54931640625
1,-0.29296875,-0.390625,-0.15869140625,-0.341796875,0.2197265625,-0.390625,0,-0.06103515625,-0.25634765625,-0.06103515625,-0.2685546875,-0.86669921875,-0.2197265625,1.07421875,-0.06103515625,-0.146484375,0.03662109375,-0.59814453125,0.09765625,-0.20751953125,0.18310546875,0.87890625,0.244140625,-0.54931640625,0.0244140625,5.46875,-0.0244140625,2.16064453125,0.03662109375,4.84619140625,-0.29296875,3.61328125,0.23193359375,-0.30517578125,-0.0244140625,-0.8544921875,-0.0244140625,-0.4638671875,0.09765625,-0.78125,0.10986328125,-0.1220703125,0.09765625,-0.6591796875,-0.146484375,-0.4150390625,-0.03662109375,0.64697265625,-0.1953125,1.13525390625,-0.5859375,0.439453125,1.07421875,-0.1220703125,0.50048828125,0.732421875,-0.29296875,-0.28076171875,-0.2685546875,-0.18310546875,-0.10986328125,0.341796875,-0.2685546875,-0.69580078125,-0.08544921875,0.29296875,-0.29296875,1.06201171875,-0.25634765625,0.15869140625,-0.048828125,0.2197265625,-0.23193359375,0.1953125,-0.08544921875,0.7568359375,-0.01220703125,-0.0244140625,0.32958984375,1.30615234375,0.18310546875,-1.03759765625,-0.23193359375,-0.32958984375,0.146484375,-0.98876953125,0.0732421875,-0.78125,0.0732421875,-0.96435546875,-0.13427734375,0.28076171875,0.3173828125,0.390625,-0.1953125,-0.3173828125,-0.1953125,-0.9033203125,-0.01220703125,-0.78125,-0.048828125,-0.8544921875,0.0732421875,-0.29296875,0.048828125,0.50048828125,-0.28076171875,-0.2197265625,-0.03662109375,0.01220703125,0.06103515625,1.8798828125,0,0.35400390625,-0.23193359375,0.048828125,-0.06103515625,0.01220703125,-0.09765625,0.15869140625,-0.1708984375,-0.0244140625,0.01220703125,0.84228515625,-0.0732421875,-0.48828125,-0.06103515625,-0.537109375
1,-0.2685546875,-0.3662109375,-0.146484375,-0.35400390625,0.18310546875,-0.3662109375,0,-0.048828125,-0.244140625,-0.0732421875,-0.244140625,-0.89111328125,-0.23193359375,1.0986328125,-0.0732421875,-0.15869140625,-0.0244140625,-0.5859375,0.09765625,-0.1953125,0.18310546875,0.86669921875,0.244140625,-0.5615234375,0.09765625,5.2001953125,0.03662109375,2.06298828125,-0.01220703125,4.6875,-0.1953125,3.50341796875,0.25634765625,-0.32958984375,-0.048828125,-0.8544921875,0.01220703125,-0.45166015625,0.09765625,-0.7568359375,-0.048828125,-0.13427734375,0.08544921875,-0.67138671875,-0.1708984375,-0.40283203125,-0.0244140625,0.62255859375,-0.146484375,1.13525390625,-0.59814453125,0.439453125,0.98876953125,-0.13427734375,0.4150390625,0.732421875,-0.2685546875,-0.1953125,-0.1953125,-0.06103515625,0,0.37841796875,-0.1953125,-0.634765625,-0.1220703125,0.32958984375,-0.25634765625,1.08642578125,-0.2197265625,0.15869140625,-0.09765625,0.23193359375,-0.2197265625,0.2197265625,-0.048828125,0.732421875,-0.0244140625,0,0.30517578125,1.3427734375,0.244140625,-1.025390625,-0.25634765625,-0.3662109375,0.13427734375,-0.98876953125,0.09765625,-0.79345703125,0.1953125,-0.9521484375,-0.06103515625,0.20751953125,0.439453125,0.29296875,-0.23193359375,-0.42724609375,-0.18310546875,-0.927734375,-0.03662109375,-0.78125,-0.10986328125,-0.86669921875,0.09765625,-0.28076171875,0.0732421875,0.4150390625,-0.25634765625,-0.29296875,-0.08544921875,-0.048828125,0.0732421875,1.8310546875,-0.0244140625,0.3173828125,-0.20751953125,0.0244140625,-0.0732421875,0.0244140625,-0.09765625,0.146484375,-0.1953125,0,0,0.830078125,-0.10986328125,-0.47607421875,-0.048828125,-0.52490234375
1,-0.25634765625,-0.3173828125,-0.13427734375,-0.35400390625,0.1708984375,-0.37841796875,0,-0.06103515625,-0.23193359375,-0.048828125,-0.244140625,-0.89111328125,-0.23193359375,1.0986328125,-0.06103515625,-0.15869140625,-0.08544921875,-0.57373046875,-0.01220703125,-0.18310546875,0.1708984375,0.8544921875,0.1708984375,-0.537109375,0.1708984375,5.06591796875,0.08544921875,2.03857421875,-0.03662109375,4.65087890625,-0.048828125,3.45458984375,0.25634765625,-0.341796875,-0.01220703125,-0.86669921875,0.03662109375,-0.4150390625,0.10986328125,-0.76904296875,-0.1708984375,-0.15869140625,0.08544921875,-0.67138671875,-0.28076171875,-0.4150390625,-0.048828125,0.634765625,-0.048828125,1.11083984375,-0.62255859375,0.439453125,0.8544921875,-0.10986328125,0.341796875,0.732421875,-0.25634765625,-0.13427734375,-0.1220703125,0,0,0.37841796875,-0.1220703125,-0.57373046875,-0.146484375,0.3173828125,-0.2685546875,1.08642578125,-0.146484375,0.15869140625,-0.1220703125,0.2685546875,-0.18310546875,0.244140625,0.0244140625,0.78125,0,-0.0244140625,0.29296875,1.35498046875,0.29296875,-1.025390625,-0.2685546875,-0.37841796875,0.09765625,-0.98876953125,0.08544921875,-0.8056640625,0.20751953125,-0.87890625,0.01220703125,0.13427734375,0.50048828125,0.20751953125,-0.25634765625,-0.52490234375,-0.1708984375,-0.91552734375,-0.06103515625,-0.78125,-0.1220703125,-0.8544921875,0.09765625,-0.29296875,0.06103515625,0.29296875,-0.15869140625,-0.42724609375,-0.1220703125,-0.10986328125,0.0732421875,1.7333984375,-0.048828125,0.3173828125,-0.2197265625,0.01220703125,-0.06103515625,0.03662109375,-0.10986328125,0.15869140625,-0.18310546875,-0.01220703125,-0.01220703125,0.81787109375,-0.1220703125,-0.47607421875,-0.048828125,-0.5126953125
1,-0.28076171875,-0.341796875,-0.13427734375,-0.35400390625,0.13427734375,-0.390625,0.0244140625,-0.0732421875,-0.20751953125,-0.03662109375,-0.23193359375,-0.91552734375,-0.23193359375,1.11083984375,-0.09765625,-0.1708984375,-0.13427734375,-0.5615234375,-0.03662109375,-0.1953125,0.15869140625,0.86669921875,0.06103515625,-0.5615234375,0.15869140625,5.04150390625,0.10986328125,2.06298828125,-0.0732421875,4.69970703125,0.08544921875,3.47900390625,0.1708984375,-0.390625,0,-0.86669921875,0.01220703125,-0.42724609375,0.20751953125,-0.74462890625,-0.23193359375,-0.1708984375,0.0732421875,-0.68359375,-0.40283203125,-0.4150390625,-0.0732421875,0.5859375,0.03662109375,1.0986328125,-0.6103515625,0.42724609375,0.68359375,-0.1220703125,0.30517578125,0.72021484375,-0.3173828125,-0.09765625,-0.0732421875,0,0.01220703125,0.390625,-0.0244140625,-0.52490234375,-0.1220703125,0.3173828125,-0.18310546875,1.06201171875,-0.13427734375,0.1708984375,-0.146484375,0.2685546875,-0.18310546875,0.2685546875,0.08544921875,0.79345703125,0.01220703125,-0.0244140625,0.244140625,1.3427734375,0.30517578125,-1.025390625,-0.2685546875,-0.390625,0.0732421875,-0.98876953125,0.01220703125,-0.8056640625,0.244140625,-0.7080078125,0.0732421875,0.18310546875,0.47607421875,0.18310546875,-0.1953125,-0.54931640625,-0.10986328125,-0.89111328125,-0.0732421875,-0.76904296875,-0.10986328125,-0.830078125,0.09765625,-0.28076171875,0.048828125,0.15869140625,-0.0732421875,-0.57373046875,-0.1708984375,-0.23193359375,0.06103515625,1.5869140625,-0.0732421875,0.32958984375,-0.23193359375,0.01220703125,-0.0732421875,0.06103515625,-0.10986328125,0.15869140625,-0.1953125,-0.0244140625,-0.01220703125,0.81787109375,-0.10986328125,-0.47607421875,-0.06103515625,-0.52490234375
1,-0.23193359375,-0.341796875,-0.13427734375,-0.35400390625,0.146484375,-0.4150390625,0.048828125,-0.06103515625,-0.23193359375,-0.03662109375,-0.2197265625,-0.89111328125,-0.244140625,1.0986328125,-0.10986328125,-0.1708984375,-0.13427734375,-0.54931640625,-0.09765625,-0.1708984375,0.15869140625,0.86669921875,-0.0732421875,-0.5859375,0.1708984375,5.0537109375,0.08544921875,2.13623046875,-0.03662109375,4.736328125,0.1953125,3.515625,0.03662109375,-0.4150390625,0.0732421875,-0.87890625,0.01220703125,-0.45166015625,0.23193359375,-0.76904296875,-0.2197265625,-0.2197265625,0,-0.69580078125,-0.48828125,-0.42724609375,-0.08544921875,0.57373046875,0.1708984375,1.13525390625,-0.634765625,0.42724609375,0.52490234375,-0.08544921875,0.1953125,0.72021484375,-0.40283203125,-0.0732421875,-0.01220703125,-0.0244140625,0.03662109375,0.390625,0.03662109375,-0.50048828125,-0.10986328125,0.30517578125,-0.0732421875,1.06201171875,-0.15869140625,0.20751953125,-0.13427734375,0.2685546875,-0.25634765625,0.28076171875,0.1220703125,0.79345703125,-0.01220703125,0,0.1708984375,1.3427734375,0.29296875,-0.98876953125,-0.244140625,-0.37841796875,0.0244140625,-0.98876953125,-0.08544921875,-0.79345703125,0.23193359375,-0.390625,0.146484375,0.29296875,0.4150390625,0.29296875,-0.0732421875,-0.45166015625,-0.0732421875,-0.9033203125,-0.10986328125,-0.76904296875,-0.10986328125,-0.830078125,0.06103515625,-0.29296875,0.03662109375,0.01220703125,0.048828125,-0.7568359375,-0.20751953125,-0.341796875,0.03662109375,1.42822265625,-0.0732421875,0.341796875,-0.2197265625,0.0244140625,-0.048828125,0.06103515625,-0.10986328125,0.1708984375,-0.1953125,-0.0244140625,-0.048828125,0.8056640625,-0.09765625,-0.4638671875,-0.0732421875,-0.52490234375
0,-0.244140625,-0.3662109375,-0.13427734375,-0.3662109375,0.146484375,-0.45166015625,0.048828125,-0.06103515625,-0.1953125,-0.01220703125,-0.2197265625,-0.89111328125,-0.244140625,1.123046875,-0.08544921875,-0.146484375,-0.18310546875,-0.537109375,-0.10986328125,-0.13427734375,0.15869140625,0.89111328125,-0.18310546875,-0.62255859375,0.15869140625,5.1025390625,0.06103515625,2.18505859375,-0.0244140625,4.79736328125,0.20751953125,3.5400390625,-0.13427734375,-0.4150390625,0.13427734375,-0.87890625,-0.03662109375,-0.48828125,0.244140625,-0.76904296875,-0.18310546875,-0.244140625,-0.048828125,-0.68359375,-0.54931640625,-0.42724609375,-0.10986328125,0.54931640625,0.29296875,1.13525390625,-0.7080078125,0.45166015625,0.40283203125,-0.10986328125,0.06103515625,0.7080078125,-0.390625,-0.03662109375,0.03662109375,-0.0732421875,0.03662109375,0.40283203125,0.18310546875,-0.4638671875,-0.0732421875,0.28076171875,0.03662109375,1.03759765625,-0.1220703125,0.2197265625,-0.09765625,0.28076171875,-0.23193359375,0.29296875,0.13427734375,0.81787109375,-0.048828125,0,0.09765625,1.35498046875,0.25634765625,-0.9765625,-0.25634765625,-0.390625,-0.0244140625,-1.0009765625,-0.13427734375,-0.8056640625,0.13427734375,0.1220703125,0.146484375,0.537109375,0.3662109375,0.54931640625,0.048828125,-0.1708984375,-0.08544921875,-0.9033203125,-0.15869140625,-0.7568359375,-0.10986328125,-0.81787109375,0.03662109375,-0.25634765625,-0.01220703125,-0.09765625,0.15869140625,-0.89111328125,-0.20751953125,-0.47607421875,0,1.28173828125,-0.0732421875,0.35400390625,-0.23193359375,0.01220703125,-0.0732421875,0.048828125,-0.1220703125,0.20751953125,-0.20751953125,-0.03662109375,-0.0732421875,0.830078125,-0.08544921875,-0.48828125,-0.09765625,-0.52490234375
0,-0.20751953125,-0.37841796875,-0.1220703125,-0.35400390625,0.10986328125,-0.439453125,0.08544921875,-0.06103515625,-0.1953125,-0.01220703125,-0.2197265625,-0.9033203125,-0.244140625,1.11083984375,-0.0732421875,-0.146484375,-0.25634765625,-0.5615234375,-0.15869140625,-0.13427734375,0.10986328125,0.9033203125,-0.244140625,-0.62255859375,0.15869140625,5.1025390625,0.03662109375,2.197265625,0.03662109375,4.79736328125,0.18310546875,3.52783203125,-0.28076171875,-0.439453125,0.1708984375,-0.87890625,-0.048828125,-0.5126953125,0.2197265625,-0.76904296875,-0.13427734375,-0.28076171875,-0.09765625,-0.67138671875,-0.5615234375,-0.42724609375,-0.18310546875,0.54931640625,0.390625,1.171875,-0.7080078125,0.4150390625,0.32958984375,-0.10986328125,-0.1220703125,0.7080078125,-0.50048828125,0.01220703125,0.06103515625,-0.10986328125,0,0.40283203125,0.1708984375,-0.40283203125,-0.03662109375,0.28076171875,0.1220703125,1.06201171875,-0.13427734375,0.244140625,-0.0732421875,0.2685546875,-0.1708984375,0.30517578125,0.1708984375,0.8544921875,-0.0732421875,0.0244140625,0.048828125,1.3427734375,0.2197265625,-0.9765625,-0.2685546875,-0.390625,-0.06103515625,-1.0009765625,-0.146484375,-0.79345703125,0.048828125,0.84228515625,0.10986328125,0.9033203125,0.29296875,0.98876953125,0.1708984375,0.32958984375,-0.08544921875,-0.927734375,-0.23193359375,-0.7568359375,-0.13427734375,-0.81787109375,0,-0.28076171875,-0.03662109375,-0.1708984375,0.146484375,-1.01318359375,-0.20751953125,-0.537109375,-0.03662109375,1.15966796875,-0.08544921875,0.3662109375,-0.2197265625,0.01220703125,-0.06103515625,0.03662109375,-0.10986328125,0.2197265625,-0.20751953125,-0.03662109375,-0.048828125,0.830078125,-0.048828125,-0.47607421875,-0.10986328125,-0.52490234375
0,-0.20751953125,-0.40283203125,-0.10986328125,-0.35400390625,0.09765625,-0.45166015625,0.09765625,-0.06103515625,-0.18310546875,-0.0244140625,-0.20751953125,-0.89111328125,-0.25634765625,1.123046875,-0.06103515625,-0.146484375,-0.30517578125,-0.57373046875,-0.15869140625,-0.13427734375,0.0732421875,0.89111328125,-0.244140625,-0.634765625,0.09765625,5.01708984375,0.0244140625,2.13623046875,0.0732421875,4.69970703125,0.03662109375,3.4423828125,-0.2685546875,-0.4150390625,0.1220703125,-0.86669921875,-0.09765625,-0.54931640625,0.20751953125,-0.76904296875,-0.0732421875,-0.28076171875,-0.09765625,-0.6591796875,-0.47607421875,-0.42724609375,-0.20751953125,0.5615234375,0.4150390625,1.171875,-0.69580078125,0.42724609375,0.2197265625,-0.146484375,-0.2685546875,0.7080078125,-0.50048828125,0.048828125,0.1220703125,-0.09765625,0.06103515625,0.40283203125,0.1708984375,-0.32958984375,0,0.244140625,0.1708984375,1.03759765625,-0.10986328125,0.20751953125,-0.01220703125,0.23193359375,-0.06103515625,0.2685546875,0.18310546875,0.830078125,-0.08544921875,0.01220703125,0.01220703125,1.318359375,0.146484375,-0.98876953125,-0.28076171875,-0.37841796875,-0.1220703125,-0.98876953125,-0.15869140625,-0.79345703125,0.0732421875,1.77001953125,0.06103515625,1.40380859375,0.2685546875,1.57470703125,0.244140625,1.025390625,-0.06103515625,-0.91552734375,-0.32958984375,-0.78125,-0.1220703125,-0.8056640625,-0.048828125,-0.28076171875,0.08544921875,-0.2197265625,0.1953125,-1.06201171875,-0.10986328125,-0.59814453125,0.01220703125,1.07421875,-0.0732421875,0.390625,-0.2197265625,0.0244140625,-0.048828125,0.0244140625,-0.1220703125,0.23193359375,-0.2197265625,-0.03662109375,-0.08544921875,0.830078125,-0.06103515625,-0.50048828125,-0.10986328125,-0.5126953125
0,-0.2197265625,-0.40283203125,-0.10986328125,-0.35400390625,0.08544921875,-0.439453125,0.09765625,-0.048828125,-0.18310546875,-0.01220703125,-0.1953125,-0.86669921875,-0.25634765625,1.11083984375,-0.06103515625,-0.146484375,-0.35400390625,-0.5859375,-0.20751953125,-0.13427734375,0.03662109375,0.9033203125,-0.18310546875,-0.634765625,0.10986328125,4.7607421875,-0.01220703125,1.9775390625,0.03662109375,4.4921875,-0.10986328125,3.28369140625,-0.18310546875,-0.42724609375,0.048828125,-0.86669921875,-0.0732421875,-0.537109375,0.20751953125,-0.76904296875,-0.03662109375,-0.2685546875,-0.06103515625,-0.67138671875,-0.42724609375,-0.4150390625,-0.25634765625,0.59814453125,0.35400390625,1.171875,-0.6591796875,0.439453125,0.146484375,-0.1708984375,-0.40283203125,0.7080078125,-0.50048828125,0.1220703125,0.13427734375,-0.06103515625,0.08544921875,0.45166015625,0.1953125,-0.25634765625,0.01220703125,0.2197265625,0.244140625,1.025390625,-0.10986328125,0.20751953125,0.048828125,0.1953125,0.048828125,0.23193359375,0.18310546875,0.79345703125,-0.09765625,0,-0.03662109375,1.2939453125,0.10986328125,-0.93994140625,-0.29296875,-0.37841796875,-0.146484375,-0.98876953125,-0.146484375,-0.78125,0.03662109375,2.81982421875,-0.0244140625,2.03857421875,0.244140625,2.30712890625,0.2197265625,1.79443359375,-0.048828125,-0.91552734375,-0.390625,-0.76904296875,-0.10986328125,-0.79345703125,-0.09765625,-0.29296875,0.0732421875,-0.2197265625,0.13427734375,-1.08642578125,-0.09765625,-0.62255859375,-0.048828125,1.03759765625,-0.0732421875,0.390625,-0.20751953125,0.01220703125,-0.0732421875,0,-0.13427734375,0.244140625,-0.20751953125,-0.01220703125,-0.0244140625,0.8544921875,-0.048828125,-0.5126953125,-0.13427734375,-0.50048828125
0,-0.2197265625,-0.4150390625,-0.10986328125,-0.35400390625,0.048828125,-0.42724609375,0.09765625,-0.048828125,-0.1953125,-0.0244140625,-0.15869140625,-0.86669921875,-0.28076171875,1.11083984375,-0.06103515625,-0.13427734375,-0.341796875,-0.6103515625,-0.20751953125,-0.146484375,0.01220703125,0.87890625,-0.10986328125,-0.62255859375,0.08544921875,4.33349609375,0,1.72119140625,-0.0244140625,4.1748046875,-0.1953125,3.01513671875,-0.03662109375,-0.37841796875,-0.08544921875,-0.84228515625,-0.048828125,-0.5126953125,0.1953125,-0.76904296875,0,-0.244140625,-0.01220703125,-0.67138671875,-0.341796875,-0.40283203125,-0.2685546875,0.6103515625,0.29296875,1.171875,-0.5859375,0.45166015625,0.13427734375,-0.1708984375,-0.45166015625,0.7080078125,-0.439453125,0.15869140625,0.20751953125,-0.01220703125,0.146484375,0.48828125,0.09765625,-0.1953125,-0.01220703125,0.2197265625,0.25634765625,1.025390625,-0.08544921875,0.1953125,0.09765625,0.18310546875,0.18310546875,0.20751953125,0.1220703125,0.7568359375,-0.10986328125,0,-0.06103515625,1.28173828125,0.0732421875,-0.93994140625,-0.341796875,-0.37841796875,-0.1953125,-1.0009765625,-0.10986328125,-0.76904296875,0.146484375,3.94287109375,-0.048828125,2.64892578125,0.244140625,3.08837890625,0.146484375,2.64892578125,0.01220703125,-0.927734375,-0.390625,-0.76904296875,-0.048828125,-0.8056640625,-0.1708984375,-0.28076171875,0.0732421875,-0.244140625,0.03662109375,-1.06201171875,-0.06103515625,-0.64697265625,-0.09765625,1.01318359375,-0.08544921875,0.390625,-0.244140625,0,-0.0732421875,-0.03662109375,-0.146484375,0.23193359375,-0.23193359375,0,0,0.84228515625,-0.03662109375,-0.5126953125,-0.10986328125,-0.5126953125
0,-0.20751953125,-0.40283203125,-0.08544921875,-0.3662109375,0.06103515625,-0.42724609375,0.0732421875,-0.03662109375,-0.1953125,-0.03662109375,-0.1708984375,-0.8544921875,-0.28076171875,1.0986328125,-0.0732421875,-0.13427734375,-0.28076171875,-0.62255859375,-0.1708984375,-0.146484375,0.048828125,0.89111328125,-0.048828125,-0.62255859375,-0.01220703125,3.72314453125,-0.08544921875,1.40380859375,-0.18310546875,3.759765625,-0.3173828125,2.69775390625,0.09765625,-0.35400390625,-0.2197265625,-0.81787109375,-0.0244140625,-0.50048828125,0.15869140625,-0.7568359375,0,-0.20751953125,0.01220703125,-0.67138671875,-0.25634765625,-0.40283203125,-0.244140625,0.634765625,0.23193359375,1.1474609375,-0.62255859375,0.45166015625,0.20751953125,-0.146484375,-0.50048828125,0.72021484375,-0.4638671875,0.23193359375,0.06103515625,0.03662109375,0.09765625,0.54931640625,-0.06103515625,-0.13427734375,0.03662109375,0.25634765625,0.2685546875,1.03759765625,-0.03662109375,0.18310546875,0.10986328125,0.18310546875,0.25634765625,0.18310546875,0.03662109375,0.78125,-0.15869140625,-0.0244140625,-0.0732421875,1.2939453125,0.03662109375,-0.96435546875,-0.341796875,-0.3662109375,-0.1953125,-0.9765625,-0.09765625,-0.76904296875,0.13427734375,5.0537109375,-0.06103515625,3.2958984375,0.25634765625,3.84521484375,0.0244140625,3.47900390625,0.0244140625,-0.91552734375,-0.40283203125,-0.78125,0.03662109375,-0.8056640625,-0.23193359375,-0.30517578125,0.1953125,-0.28076171875,0.09765625,-1.03759765625,0.03662109375,-0.6591796875,-0.01220703125,0.96435546875,-0.08544921875,0.37841796875,-0.20751953125,0.01220703125,-0.06103515625,-0.03662109375,-0.146484375,0.20751953125,-0.23193359375,0,0.03662109375,0.81787109375,-0.048828125,-0.5126953125,-0.10986328125,-0.52490234375
0,-0.1953125,-0.37841796875,-0.09765625,-0.35400390625,0.06103515625,-0.42724609375,0.0244140625,-0.048828125,-0.1953125,-0.03662109375,-0.1708984375,-0.84228515625,-0.2685546875,1.08642578125,-0.06103515625,-0.10986328125,-0.18310546875,-0.59814453125,-0.1220703125,-0.15869140625,0.0732421875,0.86669921875,-0.0244140625,-0.59814453125,-0.0244140625,2.978515625,-0.13427734375,1.025390625,-0.28076171875,3.271484375,-0.32958984375,2.294921875,0.15869140625,-0.32958984375,-0.2685546875,-0.830078125,0.01220703125,-0.45166015625,0.1708984375,-0.74462890625,0,-0.1708984375,0.03662109375,-0.68359375,-0.1953125,-0.40283203125,-0.15869140625,0.64697265625,0.1953125,1.11083984375,-0.62255859375,0.439453125,0.37841796875,-0.13427734375,-0.54931640625,0.732421875,-0.35400390625,0.2685546875,0.01220703125,0.10986328125,0.0732421875,0.59814453125,-0.0732421875,-0.08544921875,0.0732421875,0.30517578125,0.25634765625,1.025390625,-0.01220703125,0.1708984375,0.09765625,0.1708984375,0.244140625,0.1708984375,-0.0244140625,0.78125,-0.18310546875,-0.048828125,-0.0732421875,1.2939453125,0.0244140625,-0.9521484375,-0.3173828125,-0.390625,-0.15869140625,-0.9765625,-0.10986328125,-0.78125,0.0732421875,6.0302734375,-0.0244140625,3.82080078125,0.25634765625,4.47998046875,-0.0244140625,4.19921875,0.06103515625,-0.91552734375,-0.3662109375,-0.78125,0.06103515625,-0.8056640625,-0.244140625,-0.30517578125,0.13427734375,-0.3173828125,0.0244140625,-1.01318359375,-0.01220703125,-0.67138671875,-0.09765625,0.96435546875,-0.09765625,0.341796875,-0.20751953125,0.0244140625,-0.06103515625,-0.048828125,-0.15869140625,0.18310546875,-0.2197265625,0,0.0244140625,0.8056640625,-0.0732421875,-0.50048828125,-0.08544921875,-0.537109375
0,-0.1708984375,-0.35400390625,-0.03662109375,-0.35400390625,0.06103515625,-0.4150390625,0.0244140625,-0.06103515625,-0.1953125,-0.048828125,-0.18310546875,-0.8544921875,-0.25634765625,1.07421875,-0.048828125,-0.146484375,-0.10986328125,-0.62255859375,-0.06103515625,-0.146484375,0.1220703125,0.8544921875,-0.0244140625,-0.57373046875,-0.06103515625,2.1728515625,-0.1220703125,0.634765625,-0.35400390625,2.77099609375,-0.2685546875,1.8798828125,0.18310546875,-0.341796875,-0.3173828125,-0.8056640625,0.0244140625,-0.439453125,0.1708984375,-0.7568359375,0.01220703125,-0.146484375,0.03662109375,-0.68359375,-0.18310546875,-0.390625,-0.0244140625,0.6591796875,0.13427734375,1.0986328125,-0.62255859375,0.4638671875,0.52490234375,-0.13427734375,-0.62255859375,0.7080078125,-0.20751953125,0.30517578125,0.048828125,0.1708984375,0.048828125,0.67138671875,-0.09765625,-0.06103515625,0.10986328125,0.40283203125,0.2685546875,1.01318359375,0.0244140625,0.146484375,0.08544921875,0.18310546875,0.244140625,0.1953125,-0.09765625,0.79345703125,-0.23193359375,-0.06103515625,-0.03662109375,1.2939453125,0.01220703125,-0.93994140625,-0.29296875,-0.35400390625,-0.13427734375,-0.98876953125,-0.146484375,-0.78125,-0.01220703125,6.77490234375,-0.0244140625,4.21142578125,0.1953125,4.96826171875,-0.048828125,4.69970703125,0.01220703125,-0.89111328125,-0.30517578125,-0.8056640625,0.08544921875,-0.81787109375,-0.244140625,-0.29296875,0.10986328125,-0.390625,-0.06103515625,-1.0009765625,0.06103515625,-0.69580078125,-0.048828125,0.927734375,-0.08544921875,0.35400390625,-0.1953125,0.0244140625,-0.06103515625,-0.03662109375,-0.1708984375,0.18310546875,-0.20751953125,0.01220703125,0.03662109375,0.79345703125,-0.08544921875,-0.50048828125,-0.08544921875,-0.54931640625
0,-0.1708984375,-0.35400390625,-0.03662109375,-0.3662109375,0.0732421875,-0.40283203125,-0.01220703125,-0.048828125,-0.2197265625,-0.048828125,-0.1708984375,-0.8544921875,-0.25634765625,1.0986328125,-0.03662109375,-0.13427734375,-0.0244140625,-0.57373046875,-0.01220703125,-0.1708984375,0.1953125,0.8544921875,-0.048828125,-0.5615234375,-0.10986328125,1.3671875,-0.10986328125,0.28076171875,-0.45166015625,2.3193359375,-0.1708984375,1.46484375,0.1220703125,-0.390625,-0.30517578125,-0.830078125,0.01220703125,-0.439453125,0.20751953125,-0.7568359375,0,-0.15869140625,0.0244140625,-0.69580078125,-0.1708984375,-0.390625,0.08544921875,0.634765625,0.08544921875,1.0986328125,-0.57373046875,0.45166015625,0.6591796875,-0.13427734375,-0.67138671875,0.7080078125,-0.2197265625,0.341796875,-0.10986328125,0.2197265625,-0.0244140625,0.732421875,-0.10986328125,-0.0244140625,0.1708984375,0.50048828125,0.244140625,1.025390625,0.08544921875,0.146484375,0.0732421875,0.20751953125,0.18310546875,0.1953125,-0.10986328125,0.84228515625,-0.25634765625,-0.0732421875,-0.01220703125,1.318359375,0,-0.96435546875,-0.2685546875,-0.390625,-0.06103515625,-0.9765625,-0.15869140625,-0.78125,-0.146484375,7.23876953125,-0.048828125,4.40673828125,0.09765625,5.2001953125,-0.0244140625,4.96826171875,-0.08544921875,-0.89111328125,-0.28076171875,-0.78125,0.09765625,-0.830078125,-0.20751953125,-0.30517578125,0.0732421875,-0.4638671875,-0.09765625,-1.025390625,0.0244140625,-0.72021484375,-0.06103515625,0.89111328125,-0.08544921875,0.35400390625,-0.18310546875,0.01220703125,-0.08544921875,-0.0244140625,-0.15869140625,0.18310546875,-0.1953125,0,0,0.76904296875,-0.08544921875,-0.47607421875,-0.09765625,-0.5615234375
0,-0.15869140625,-0.30517578125,-0.03662109375,-0.3662109375,0.03662109375,-0.42724609375,-0.03662109375,-0.08544921875,-0.1953125,-0.048828125,-0.1708984375,-0.86669921875,-0.244140625,1.06201171875,-0.08544921875,-0.15869140625,0.01220703125,-0.5859375,-0.03662109375,-0.15869140625,0.23193359375,0.830078125,-0.048828125,-0.57373046875,-0.06103515625,0.69580078125,-0.048828125,-0.01220703125,-0.40283203125,1.94091796875,-0.06103515625,1.15966796875,-0.048828125,-0.42724609375,-0.25634765625,-0.87890625,-0.03662109375,-0.47607421875,0.244140625,-0.76904296875,0,-0.18310546875,-0.048828125,-0.69580078125,-0.18310546875,-0.42724609375,0.15869140625,0.59814453125,0,1.11083984375,-0.537109375,0.45166015625,0.79345703125,-0.146484375,-0.72021484375,0.7080078125,-0.1708984375,0.42724609375,-0.0732421875,0.2685546875,-0.048828125,0.84228515625,-0.06103515625,0.0244140625,0.18310546875,0.62255859375,0.15869140625,1.01318359375,0.13427734375,0.1708984375,0.0244140625,0.23193359375,0.1708984375,0.2197265625,-0.13427734375,0.86669921875,-0.25634765625,-0.06103515625,-0.01220703125,1.35498046875,-0.01220703125,-0.98876953125,-0.1953125,-0.390625,0,-0.9765625,-0.1708984375,-0.79345703125,-0.10986328125,7.3486328125,0,4.43115234375,0.03662109375,5.224609375,0.06103515625,4.99267578125,-0.1220703125,-0.9033203125,-0.23193359375,-0.78125,0.048828125,-0.8056640625,-0.09765625,-0.30517578125,-0.01220703125,-0.52490234375,-0.1708984375,-1.0498046875,0.01220703125,-0.732421875,-0.06103515625,0.86669921875,-0.08544921875,0.3662109375,-0.1953125,0.01220703125,-0.0732421875,0,-0.146484375,0.18310546875,-0.18310546875,0,-0.01220703125,0.78125,-0.08544921875,-0.4638671875,-0.10986328125,-0.57373046875
0,-0.13427734375,-0.30517578125,-0.03662109375,-0.3662109375,0.01220703125,-0.40283203125,-0.01220703125,-0.09765625,-0.20751953125,-0.048828125,-0.13427734375,-0.86669921875,-0.2197265625,1.0986328125,-0.08544921875,-0.1708984375,0.048828125,-0.5615234375,-0.10986328125,-0.146484375,0.30517578125,0.86669921875,-0.0732421875,-0.57373046875,-0.0732421875,0.25634765625,-0.048828125,-0.1953125,-0.35400390625,1.7333984375,0.01220703125,0.93994140625,-0.1708984375,-0.439453125,-0.2197265625,-0.87890625,-0.06103515625,-0.47607421875,0.2685546875,-0.76904296875,0.03662109375,-0.1953125,-0.10986328125,-0.7080078125,-0.20751953125,-0.439453125,0.1953125,0.5615234375,-0.03662109375,1.123046875,-0.5126953125,0.45166015625,0.91552734375,-0.15869140625,-0.7080078125,0.69580078125,-0.2197265625,0.5126953125,-0.15869140625,0.3173828125,-0.08544921875,0.9521484375,-0.13427734375,0.15869140625,0.23193359375,0.69580078125,0.08544921875,1.01318359375,0.146484375,0.18310546875,-0.0244140625,0.2197265625,0.146484375,0.244140625,-0.1708984375,0.87890625,-0.23193359375,-0.06103515625,-0.03662109375,1.318359375,0.01220703125,-1.025390625,-0.146484375,-0.37841796875,0.0244140625,-0.98876953125,-0.146484375,-0.79345703125,-0.1220703125,7.18994140625,0.0244140625,4.26025390625,-0.0244140625,5.06591796875,0.13427734375,4.79736328125,-0.15869140625,-0.91552734375,-0.2197265625,-0.79345703125,0.048828125,-0.81787109375,-0.06103515625,-0.29296875,-0.03662109375,-0.5615234375,-0.2197265625,-1.06201171875,0,-0.7568359375,-0.03662109375,0.86669921875,-0.0732421875,0.35400390625,-0.1708984375,0,-0.0732421875,0.03662109375,-0.146484375,0.1953125,-0.15869140625,-0.0244140625,-0.03662109375,0.78125,-0.09765625,-0.439453125,-0.146484375,-0.57373046875
0,-0.10986328125,-0.3173828125,-0.0244140625,-0.35400390625,0.01220703125,-0.42724609375,-0.0244140625,-0.08544921875,-0.1953125,-0.01220703125,-0.13427734375,-0.86669921875,-0.20751953125,1.08642578125,-0.10986328125,-0.1708984375,0.1220703125,-0.54931640625,-0.1708984375,-0.15869140625,0.29296875,0.8544921875,-0.08544921875,-0.59814453125,-0.0732421875,0.13427734375,0.01220703125,-0.23193359375,-0.1708984375,1.69677734375,0.048828125,0.89111328125,-0.30517578125,-0.45166015625,-0.13427734375,-0.89111328125,-0.09765625,-0.50048828125,0.341796875,-0.78125,0.01220703125,-0.2197265625,-0.18310546875,-0.7080078125,-0.20751953125,-0.439453125,0.20751953125,0.5615234375,-0.08544921875,1.15966796875,-0.48828125,0.439453125,0.93994140625,-0.1708984375,-0.634765625,0.7080078125,-0.244140625,0.64697265625,-0.1953125,0.40283203125,-0.01220703125,1.07421875,-0.09765625,0.29296875,0.2685546875,0.78125,0,1.01318359375,0.1708984375,0.1953125,-0.06103515625,0.20751953125,0.06103515625,0.244140625,-0.15869140625,0.87890625,-0.1953125,-0.048828125,-0.048828125,1.3427734375,0,-1.025390625,-0.08544921875,-0.40283203125,0.01220703125,-0.9765625,-0.10986328125,-0.78125,-0.2197265625,6.72607421875,0.0244140625,3.99169921875,-0.0732421875,4.74853515625,0.18310546875,4.4189453125,-0.1220703125,-0.89111328125,-0.20751953125,-0.8056640625,0.03662109375,-0.78125,-0.01220703125,-0.28076171875,-0.0732421875,-0.537109375,-0.35400390625,-1.025390625,-0.048828125,-0.72021484375,-0.03662109375,0.9033203125,-0.06103515625,0.35400390625,-0.18310546875,-0.01220703125,-0.048828125,0.0732421875,-0.15869140625,0.1953125,-0.146484375,-0.03662109375,-0.048828125,0.8056640625,-0.09765625,-0.439453125,-0.15869140625,-0.5615234375
0,-0.1220703125,-0.35400390625,-0.01220703125,-0.3662109375,-0.0244140625,-0.439453125,-0.01220703125,-0.08544921875,-0.1953125,0.01220703125,-0.13427734375,-0.87890625,-0.1953125,1.08642578125,-0.13427734375,-0.1708984375,0.15869140625,-0.5615234375,-0.20751953125,-0.146484375,0.2197265625,0.86669921875,-0.09765625,-0.6103515625,-0.09765625,0.35400390625,0.03662109375,-0.09765625,-0.03662109375,1.8798828125,0,1.03759765625,-0.32958984375,-0.45166015625,-0.09765625,-0.91552734375,-0.10986328125,-0.50048828125,0.341796875,-0.76904296875,0,-0.244140625,-0.23193359375,-0.69580078125,-0.18310546875,-0.45166015625,0.15869140625,0.5615234375,-0.09765625,1.15966796875,-0.5615234375,0.42724609375,0.96435546875,-0.1953125,-0.57373046875,0.69580078125,-0.2197265625,0.84228515625,-0.1220703125,0.52490234375,-0.0732421875,1.23291015625,-0.09765625,0.5126953125,0.2685546875,0.830078125,-0.10986328125,1.01318359375,0.13427734375,0.2197265625,-0.09765625,0.244140625,-0.01220703125,0.25634765625,-0.1708984375,0.86669921875,-0.15869140625,-0.03662109375,-0.08544921875,1.318359375,0.0732421875,-1.03759765625,-0.0732421875,-0.40283203125,-0.0244140625,-0.9765625,-0.09765625,-0.8056640625,-0.28076171875,6.06689453125,0,3.61328125,-0.06103515625,4.3212890625,0.244140625,3.9794921875,-0.06103515625,-0.86669921875,-0.2197265625,-0.79345703125,0.01220703125,-0.76904296875,0.03662109375,-0.2685546875,0,-0.4150390625,-0.29296875,-0.9521484375,-0.08544921875,-0.62255859375,-0.01220703125,1.01318359375,-0.06103515625,0.35400390625,-0.15869140625,0.01220703125,-0.06103515625,0.09765625,-0.146484375,0.23193359375,-0.1708984375,-0.0244140625,-0.06103515625,0.8056640625,-0.09765625,-0.4150390625,-0.1708984375,-0.537109375
0,-0.09765625,-0.37841796875,0.0244140625,-0.35400390625,-0.0244140625,-0.439453125,0,-0.06103515625,-0.1953125,0.0244140625,-0.13427734375,-0.86669921875,-0.20751953125,1.11083984375,-0.1220703125,-0.13427734375,0.1708984375,-0.54931640625,-0.2197265625,-0.1220703125,0.18310546875,0.89111328125,-0.09765625,-0.62255859375,0,0.9521484375,0.0732421875,0.20751953125,0.10986328125,2.25830078125,-0.06103515625,1.3916015625,-0.23193359375,-0.439453125,-0.0732421875,-0.9033203125,-0.10986328125,-0.5126953125,0.37841796875,-0.76904296875,-0.0244140625,-0.244140625,-0.23193359375,-0.68359375,-0.18310546875,-0.4638671875,0.0732421875,0.54931640625,-0.03662109375,1.171875,-0.6103515625,0.42724609375,0.927734375,-0.1953125,-0.48828125,0.69580078125,-0.29296875,1.08642578125,-0.1953125,0.67138671875,-0.1220703125,1.3916015625,-0.244140625,0.76904296875,0.23193359375,0.86669921875,-0.18310546875,1.03759765625,0.09765625,0.23193359375,-0.146484375,0.20751953125,-0.048828125,0.25634765625,-0.146484375,0.84228515625,-0.10986328125,-0.0244140625,-0.13427734375,1.30615234375,0.146484375,-1.025390625,-0.08544921875,-0.390625,-0.0732421875,-0.9765625,-0.06103515625,-0.79345703125,-0.25634765625,5.33447265625,-0.048828125,3.23486328125,-0.01220703125,3.89404296875,0.23193359375,3.47900390625,0.01220703125,-0.8544921875,-0.18310546875,-0.76904296875,0.03662109375,-0.76904296875,0.048828125,-0.2685546875,0.01220703125,-0.244140625,-0.25634765625,-0.84228515625,-0.0732421875,-0.50048828125,0,1.1474609375,-0.048828125,0.35400390625,-0.15869140625,0.0244140625,-0.048828125,0.09765625,-0.13427734375,0.244140625,-0.18310546875,-0.03662109375,-0.0732421875,0.84228515625,-0.08544921875,-0.439453125,-0.18310546875,-0.537109375
1,-0.09765625,-0.4150390625,0.01220703125,-0.3662109375,-0.0244140625,-0.42724609375,-0.0244140625,-0.06103515625,-0.20751953125,0.0244140625,-0.1220703125,-0.89111328125,-0.1708984375,1.11083984375,-0.08544921875,-0.10986328125,0.10986328125,-0.5859375,-0.28076171875,-0.146484375,0.06103515625,0.87890625,-0.09765625,-0.62255859375,0.048828125,1.91650390625,0.15869140625,0.6591796875,0.25634765625,2.83203125,-0.0732421875,1.89208984375,-0.10986328125,-0.42724609375,-0.048828125,-0.89111328125,-0.1220703125,-0.54931640625,0.37841796875,-0.76904296875,-0.0732421875,-0.244140625,-0.146484375,-0.68359375,-0.1953125,-0.45166015625,-0.03662109375,0.5615234375,0,1.18408203125,-0.69580078125,0.42724609375,0.927734375,-0.20751953125,-0.40283203125,0.7080078125,-0.3173828125,1.3427734375,-0.2197265625,0.81787109375,-0.10986328125,1.52587890625,-0.28076171875,1.06201171875,0.23193359375,0.86669921875,-0.23193359375,1.025390625,0.06103515625,0.23193359375,-0.1708984375,0.18310546875,-0.10986328125,0.25634765625,-0.10986328125,0.8056640625,-0.09765625,-0.01220703125,-0.09765625,1.28173828125,0.20751953125,-1.01318359375,-0.09765625,-0.40283203125,-0.13427734375,-1.0009765625,-0.03662109375,-0.8056640625,-0.23193359375,4.65087890625,-0.09765625,2.86865234375,0.08544921875,3.50341796875,0.18310546875,3.0517578125,0.08544921875,-0.84228515625,-0.18310546875,-0.74462890625,0.03662109375,-0.78125,0.03662109375,-0.2685546875,0.03662109375,-0.0732421875,-0.244140625,-0.72021484375,-0.06103515625,-0.3662109375,0.01220703125,1.33056640625,-0.0732421875,0.3662109375,-0.1708984375,0.03662109375,-0.06103515625,0.08544921875,-0.13427734375,0.25634765625,-0.23193359375,-0.03662109375,-0.08544921875,0.84228515625,-0.10986328125,-0.45166015625,-0.1953125,-0.5126953125
1,-0.1220703125,-0.40283203125,0.03662109375,-0.35400390625,-0.03662109375,-0.45166015625,-0.01220703125,-0.06103515625,-0.1953125,0.0244140625,-0.13427734375,-0.8544921875,-0.18310546875,1.11083984375,-0.06103515625,-0.10986328125,0.01220703125,-0.57373046875,-0.3173828125,-0.146484375,-0.03662109375,0.86669921875,-0.0732421875,-0.6103515625,-0.048828125,3.13720703125,0.20751953125,1.2451171875,0.2685546875,3.57666015625,-0.09765625,2.55126953125,0.1220703125,-0.4150390625,-0.08544921875,-0.87890625,-0.10986328125,-0.52490234375,0.30517578125,-0.76904296875,-0.15869140625,-0.23193359375,-0.1220703125,-0.67138671875,-0.1953125,-0.4638671875,-0.15869140625,0.57373046875,0.01220703125,1.13525390625,-0.732421875,0.45166015625,0.89111328125,-0.1708984375,-0.28076171875,0.732421875,-0.3173828125,1.59912109375,-0.2197265625,0.98876953125,-0.0244140625,1.64794921875,-0.390625,1.33056640625,0.20751953125,0.86669921875,-0.3173828125,1.03759765625,0.01220703125,0.2197265625,-0.18310546875,0.15869140625,-0.1708984375,0.244140625,-0.09765625,0.76904296875,-0.06103515625,0.01220703125,-0.09765625,1.26953125,0.244140625,-0.98876953125,-0.1220703125,-0.390625,-0.1708984375,-1.0009765625,-0.03662109375,-0.81787109375,-0.18310546875,4.11376953125,-0.146484375,2.6123046875,0.13427734375,3.23486328125,0.146484375,2.72216796875,0.1220703125,-0.86669921875,-0.18310546875,-0.7568359375,0.03662109375,-0.76904296875,-0.0244140625,-0.28076171875,0.06103515625,0.10986328125,-0.1953125,-0.62255859375,-0.06103515625,-0.244140625,0,1.50146484375,-0.08544921875,0.35400390625,-0.1708984375,0.06103515625,-0.06103515625,0.048828125,-0.15869140625,0.28076171875,-0.2197265625,-0.03662109375,-0.0732421875,0.87890625,-0.13427734375,-0.48828125,-0.1953125,-0.50048828125
1,-0.09765625,-0.40283203125,0.03662109375,-0.341796875,-0.06103515625,-0.45166015625,-0.01220703125,-0.048828125,-0.15869140625,0,-0.15869140625,-0.87890625,-0.15869140625,1.11083984375,-0.06103515625,-0.10986328125,-0.09765625,-0.5859375,-0.35400390625,-0.146484375,-0.048828125,0.8544921875,-0.10986328125,-0.634765625,0.01220703125,4.47998046875,0.2685546875,1.9287109375,0.2685546875,4.40673828125,0,3.2958984375,0.32958984375,-0.390625,-0.08544921875,-0.86669921875,-0.09765625,-0.50048828125,0.23193359375,-0.7568359375,-0.2197265625,-0.20751953125,-0.0732421875,-0.64697265625,-0.1953125,-0.45166015625,-0.1953125,0.59814453125,0.0244140625,1.123046875,-0.72021484375,0.45166015625,0.76904296875,-0.1708984375,-0.13427734375,0.72021484375,-0.30517578125,1.806640625,-0.20751953125,1.11083984375,0.0732421875,1.72119140625,-0.4150390625,1.5380859375,0.15869140625,0.830078125,-0.341796875,1.0498046875,-0.03662109375,0.2197265625,-0.1708984375,0.13427734375,-0.244140625,0.244140625,-0.0732421875,0.74462890625,-0.03662109375,0.01220703125,-0.08544921875,1.25732421875,0.244140625,-0.98876953125,-0.146484375,-0.37841796875,-0.18310546875,-1.01318359375,-0.06103515625,-0.8056640625,-0.01220703125,3.7353515625,-0.10986328125,2.44140625,0.20751953125,3.06396484375,0.146484375,2.5634765625,0.08544921875,-0.86669921875,-0.13427734375,-0.78125,0.06103515625,-0.7568359375,-0.09765625,-0.30517578125,0.08544921875,0.2197265625,-0.03662109375,-0.537109375,-0.0244140625,-0.15869140625,0.01220703125,1.62353515625,-0.10986328125,0.3662109375,-0.20751953125,0.048828125,-0.08544921875,0.01220703125,-0.1708984375,0.25634765625,-0.2197265625,-0.03662109375,-0.0732421875,0.84228515625,-0.146484375,-0.50048828125,-0.1708984375,-0.50048828125
1,-0.09765625,-0.4150390625,0.048828125,-0.341796875,-0.0732421875,-0.45166015625,0,-0.03662109375,-0.15869140625,0.01220703125,-0.146484375,-0.86669921875,-0.1708984375,1.123046875,-0.06103515625,-0.10986328125,-0.1220703125,-0.5859375,-0.390625,-0.10986328125,-0.0244140625,0.8544921875,-0.146484375,-0.634765625,0.01220703125,5.8349609375,0.2197265625,2.587890625,0.13427734375,5.28564453125,0.0732421875,4.06494140625,0.4638671875,-0.341796875,-0.10986328125,-0.8544921875,-0.08544921875,-0.4638671875,0.1708984375,-0.76904296875,-0.28076171875,-0.20751953125,-0.01220703125,-0.64697265625,-0.25634765625,-0.42724609375,-0.18310546875,0.634765625,0.06103515625,1.11083984375,-0.69580078125,0.45166015625,0.59814453125,-0.15869140625,0,0.72021484375,-0.29296875,1.953125,-0.18310546875,1.1962890625,0.0732421875,1.72119140625,-0.439453125,1.67236328125,0.13427734375,0.79345703125,-0.40283203125,1.025390625,-0.10986328125,0.20751953125,-0.10986328125,0.13427734375,-0.2685546875,0.25634765625,-0.048828125,0.74462890625,-0.048828125,0.01220703125,-0.01220703125,1.26953125,0.2685546875,-0.9765625,-0.15869140625,-0.390625,-0.146484375,-1.0009765625,-0.08544921875,-0.8056640625,-0.01220703125,3.5888671875,-0.08544921875,2.4169921875,0.23193359375,3.03955078125,0.08544921875,2.5390625,0.048828125,-0.8544921875,-0.08544921875,-0.81787109375,0.06103515625,-0.74462890625,-0.18310546875,-0.30517578125,0.0244140625,0.25634765625,-0.06103515625,-0.50048828125,-0.03662109375,-0.1220703125,-0.048828125,1.6845703125,-0.15869140625,0.3662109375,-0.1708984375,0.048828125,-0.08544921875,-0.01220703125,-0.18310546875,0.2685546875,-0.2197265625,-0.06103515625,-0.06103515625,0.86669921875,-0.1708984375,-0.50048828125,-0.15869140625,-0.52490234375
1,-0.0732421875,-0.390625,0.06103515625,-0.341796875,-0.08544921875,-0.42724609375,0.01220703125,-0.03662109375,-0.13427734375,0.01220703125,-0.146484375,-0.89111328125,-0.1953125,1.123046875,-0.03662109375,-0.1220703125,-0.146484375,-0.59814453125,-0.37841796875,-0.10986328125,0.048828125,0.84228515625,-0.2197265625,-0.62255859375,0.01220703125,7.06787109375,0.1953125,3.21044921875,0,6.0302734375,0.15869140625,4.74853515625,0.52490234375,-0.3662109375,-0.08544921875,-0.8544921875,-0.09765625,-0.48828125,0.13427734375,-0.78125,-0.28076171875,-0.1953125,0.01220703125,-0.634765625,-0.29296875,-0.42724609375,-0.1220703125,0.62255859375,0.10986328125,1.0986328125,-0.67138671875,0.4638671875,0.47607421875,-0.15869140625,0.08544921875,0.7080078125,-0.244140625,1.98974609375,-0.20751953125,1.220703125,0.08544921875,1.6357421875,-0.4638671875,1.72119140625,0.1220703125,0.72021484375,-0.4150390625,1.025390625,-0.146484375,0.1953125,-0.08544921875,0.13427734375,-0.25634765625,0.23193359375,-0.0732421875,0.74462890625,-0.03662109375,-0.01220703125,0.08544921875,1.26953125,0.244140625,-0.9765625,-0.146484375,-0.390625,-0.10986328125,-0.9765625,-0.08544921875,-0.8056640625,-0.0244140625,3.662109375,-0.10986328125,2.490234375,0.1708984375,3.076171875,0.03662109375,2.64892578125,0,-0.830078125,-0.01220703125,-0.830078125,0.08544921875,-0.732421875,-0.28076171875,-0.30517578125,0.0244140625,0.23193359375,0.01220703125,-0.54931640625,-0.0244140625,-0.1708984375,-0.06103515625,1.67236328125,-0.146484375,0.3662109375,-0.15869140625,0.03662109375,-0.06103515625,-0.048828125,-0.1953125,0.2197265625,-0.1953125,-0.048828125,-0.08544921875,0.830078125,-0.18310546875,-0.52490234375,-0.10986328125,-0.5126953125
1,-0.048828125,-0.37841796875,0.09765625,-0.341796875,-0.06103515625,-0.40283203125,0,-0.0244140625,-0.13427734375,0,-0.1708984375,-0.87890625,-0.1953125,1.0986328125,-0.048828125,-0.1220703125,-0.10986328125,-0.57373046875,-0.341796875,-0.10986328125,0.146484375,0.830078125,-0.2685546875,-0.634765625,-0.1220703125,8.0810546875,0.1220703125,3.759765625,-0.146484375,6.7138671875,0.18310546875,5.31005859375,0.439453125,-0.40283203125,-0.0732421875,-0.8544921875,-0.13427734375,-0.4638671875,0.09765625,-0.78125,-0.244140625,-0.18310546875,0.048828125,-0.64697265625,-0.341796875,-0.45166015625,-0.048828125,0.634765625,0.1220703125,1.08642578125,-0.62255859375,0.4638671875,0.341796875,-0.15869140625,0.1708984375,0.69580078125,-0.2197265625,1.953125,-0.244140625,1.1474609375,0.10986328125,1.47705078125,-0.48828125,1.66015625,0.1220703125,0.69580078125,-0.40283203125,1.025390625,-0.1708984375,0.1953125,-0.048828125,0.146484375,-0.2685546875,0.23193359375,-0.06103515625,0.7568359375,-0.048828125,0.01220703125,0.18310546875,1.2939453125,0.20751953125,-1.0009765625,-0.13427734375,-0.3662109375,-0.08544921875,-0.98876953125,-0.146484375,-0.79345703125,-0.09765625,3.857421875,-0.08544921875,2.64892578125,0.0732421875,3.18603515625,0,2.79541015625,-0.048828125,-0.84228515625,0.03662109375,-0.81787109375,0.048828125,-0.7568359375,-0.32958984375,-0.29296875,-0.03662109375,0.08544921875,0.09765625,-0.64697265625,-0.06103515625,-0.28076171875,-0.08544921875,1.5625,-0.146484375,0.35400390625,-0.146484375,0.0244140625,-0.06103515625,-0.0244140625,-0.1708984375,0.2197265625,-0.1953125,-0.048828125,-0.09765625,0.8056640625,-0.1708984375,-0.52490234375,-0.06103515625,-0.54931640625
1,-0.048828125,-0.37841796875,0.10986328125,-0.32958984375,-0.06103515625,-0.4150390625,0.0244140625,-0.03662109375,-0.1220703125,-0.01220703125,-0.146484375,-0.87890625,-0.18310546875,1.0986328125,-0.01220703125,-0.1220703125,-0.08544921875,-0.57373046875,-0.29296875,-0.09765625,0.25634765625,0.8056640625,-0.35400390625,-0.634765625,-0.18310546875,8.7646484375,0.048828125,4.1259765625,-0.244140625,7.177734375,0.1708984375,5.712890625,0.29296875,-0.40283203125,-0.08544921875,-0.8544921875,-0.1953125,-0.4638671875,0.08544921875,-0.76904296875,-0.15869140625,-0.1953125,0.0244140625,-0.6591796875,-0.3662109375,-0.45166015625,0.06103515625,0.634765625,0.1220703125,1.0986328125,-0.5859375,0.45166015625,0.2197265625,-0.15869140625,0.2685546875,0.68359375,-0.1220703125,1.8310546875,-0.30517578125,1.025390625,0.13427734375,1.2939453125,-0.50048828125,1.52587890625,0.08544921875,0.62255859375,-0.40283203125,1.025390625,-0.15869140625,0.1953125,-0.03662109375,0.15869140625,-0.25634765625,0.25634765625,-0.01220703125,0.74462890625,-0.0244140625,0,0.244140625,1.2939453125,0.13427734375,-0.98876953125,-0.0732421875,-0.3662109375,-0.0244140625,-0.98876953125,-0.1953125,-0.78125,-0.18310546875,4.04052734375,-0.09765625,2.7587890625,-0.09765625,3.2958984375,0,2.9296875,-0.06103515625,-0.86669921875,-0.01220703125,-0.78125,0.0244140625,-0.76904296875,-0.32958984375,-0.28076171875,-0.048828125,-0.10986328125,0.18310546875,-0.76904296875,-0.06103515625,-0.439453125,-0.01220703125,1.3671875,-0.18310546875,0.35400390625,-0.09765625,0.01220703125,-0.0732421875,-0.0244140625,-0.1708984375,0.18310546875,-0.1708984375,-0.03662109375,-0.09765625,0.76904296875,-0.1708984375,-0.5126953125,-0.03662109375,-0.54931640625
1,0.01220703125,-0.37841796875,0.13427734375,-0.341796875,-0.03662109375,-0.4150390625,0.01220703125,-0.0244140625,-0.1220703125,-0.01220703125,-0.1220703125,-0.89111328125,-0.18310546875,1.11083984375,-0.01220703125,-0.146484375,-0.048828125,-0.5615234375,-0.2685546875,-0.10986328125,0.341796875,0.78125,-0.341796875,-0.6103515625,-0.23193359375,9.08203125,0.03662109375,4.30908203125,-0.28076171875,7.421875,0.10986328125,5.8837890625,0.10986328125,-0.42724609375,-0.0732421875,-0.8544921875,-0.244140625,-0.48828125,0.09765625,-0.76904296875,-0.0244140625,-0.20751953125,0.03662109375,-0.64697265625,-0.35400390625,-0.45166015625,0.1220703125,0.59814453125,0.08544921875,1.13525390625,-0.50048828125,0.439453125,0.146484375,-0.1953125,0.37841796875,0.68359375,-0.03662109375,1.6357421875,-0.30517578125,0.86669921875,0.2197265625,1.0986328125,-0.48828125,1.33056640625,0.0732421875,0.59814453125,-0.37841796875,1.025390625,-0.146484375,0.20751953125,-0.09765625,0.1708984375,-0.1953125,0.25634765625,0.03662109375,0.76904296875,0.0244140625,-0.0244140625,0.244140625,1.318359375,0.06103515625,-1.01318359375,-0.0244140625,-0.37841796875,0,-1.0009765625,-0.23193359375,-0.79345703125,-0.244140625,4.150390625,-0.09765625,2.83203125,-0.20751953125,3.3447265625,0.03662109375,3.0029296875,-0.0732421875,-0.87890625,-0.0244140625,-0.8056640625,-0.06103515625,-0.79345703125,-0.2685546875,-0.28076171875,-0.048828125,-0.30517578125,0.20751953125,-0.89111328125,-0.08544921875,-0.57373046875,0.01220703125,1.15966796875,-0.2197265625,0.35400390625,-0.10986328125,-0.01220703125,-0.08544921875,-0.03662109375,-0.15869140625,0.15869140625,-0.1708984375,-0.048828125,-0.10986328125,0.76904296875,-0.13427734375,-0.50048828125,-0.048828125,-0.5615234375
1,0.01220703125,-0.35400390625,0.13427734375,-0.35400390625,-0.06103515625,-0.42724609375,0.0244140625,-0.03662109375,-0.10986328125,-0.048828125,-0.1220703125,-0.89111328125,-0.18310546875,1.0986328125,-0.0244140625,-0.15869140625,-0.01220703125,-0.537109375,-0.20751953125,-0.09765625,0.40283203125,0.81787109375,-0.28076171875,-0.59814453125,-0.244140625,9.0576171875,0.01220703125,4.3212890625,-0.25634765625,7.40966796875,0.01220703125,5.859375,-0.09765625,-0.439453125,-0.146484375,-0.8544921875,-0.28076171875,-0.48828125,0.15869140625,-0.74462890625,0.10986328125,-0.2197265625,-0.01220703125,-0.64697265625,-0.25634765625,-0.45166015625,0.23193359375,0.6103515625,0.03662109375,1.13525390625,-0.3662109375,0.4150390625,0.06103515625,-0.1953125,0.47607421875,0.68359375,-0.0732421875,1.42822265625,-0.30517578125,0.69580078125,0.244140625,0.91552734375,-0.50048828125,1.11083984375,0.0732421875,0.5615234375,-0.32958984375,1.01318359375,-0.10986328125,0.20751953125,-0.1220703125,0.18310546875,-0.15869140625,0.25634765625,0.10986328125,0.74462890625,0.06103515625,0,0.244140625,1.318359375,0,-1.01318359375,0.0732421875,-0.37841796875,0.01220703125,-0.98876953125,-0.23193359375,-0.78125,-0.3173828125,4.052734375,-0.08544921875,2.8076171875,-0.29296875,3.271484375,0.06103515625,2.9296875,-0.08544921875,-0.86669921875,-0.0244140625,-0.79345703125,-0.10986328125,-0.79345703125,-0.244140625,-0.2685546875,-0.0244140625,-0.4150390625,0.2197265625,-0.87890625,-0.10986328125,-0.68359375,0.10986328125,1.01318359375,-0.244140625,0.37841796875,-0.10986328125,0,-0.0732421875,-0.0244140625,-0.1220703125,0.1708984375,-0.15869140625,-0.03662109375,-0.0732421875,0.7568359375,-0.10986328125,-0.48828125,-0.06103515625,-0.5859375
1,0.0244140625,-0.3662109375,0.15869140625,-0.3662109375,-0.0732421875,-0.439453125,0.01220703125,-0.048828125,-0.09765625,-0.03662109375,-0.09765625,-0.89111328125,-0.1953125,1.11083984375,-0.0244140625,-0.1708984375,0.0732421875,-0.537109375,-0.18310546875,-0.09765625,0.390625,0.830078125,-0.15869140625,-0.59814453125,-0.2685546875,8.6669921875,-0.01220703125,4.1259765625,-0.15869140625,7.177734375,-0.1220703125,5.615234375,-0.15869140625,-0.42724609375,-0.20751953125,-0.89111328125,-0.28076171875,-0.50048828125,0.1708984375,-0.732421875,0.244140625,-0.20751953125,-0.06103515625,-0.67138671875,-0.13427734375,-0.439453125,0.244140625,0.6103515625,0.0244140625,1.15966796875,-0.32958984375,0.4150390625,-0.01220703125,-0.1953125,0.57373046875,0.69580078125,-0.0732421875,1.23291015625,-0.32958984375,0.52490234375,0.23193359375,0.78125,-0.42724609375,0.927734375,0.06103515625,0.57373046875,-0.341796875,1.025390625,-0.048828125,0.23193359375,-0.15869140625,0.20751953125,-0.13427734375,0.2685546875,0.18310546875,0.8056640625,0.09765625,-0.0244140625,0.20751953125,1.318359375,-0.01220703125,-1.025390625,0.13427734375,-0.390625,0.0244140625,-1.01318359375,-0.18310546875,-0.79345703125,-0.23193359375,3.72314453125,-0.03662109375,2.6611328125,-0.2685546875,3.076171875,0.10986328125,2.67333984375,-0.10986328125,-0.86669921875,-0.03662109375,-0.8056640625,-0.15869140625,-0.8056640625,-0.18310546875,-0.2685546875,0.01220703125,-0.40283203125,0.146484375,-0.7080078125,-0.1708984375,-0.6591796875,0.18310546875,1.01318359375,-0.25634765625,0.35400390625,-0.1220703125,-0.01220703125,-0.06103515625,-0.01220703125,-0.10986328125,0.1708984375,-0.15869140625,-0.03662109375,-0.0732421875,0.732421875,-0.06103515625,-0.4638671875,-0.10986328125,-0.5615234375
1,0.048828125,-0.341796875,0.146484375,-0.3662109375,-0.08544921875,-0.439453125,0,-0.06103515625,-0.0732421875,-0.0244140625,-0.09765625,-0.86669921875,-0.18310546875,1.08642578125,-0.048828125,-0.1708984375,0.1708984375,-0.5615234375,-0.1708984375,-0.10986328125,0.35400390625,0.84228515625,-0.03662109375,-0.6103515625,-0.32958984375,7.99560546875,-0.0244140625,3.77197265625,-0.048828125,6.72607421875,-0.1953125,5.17578125,-0.18310546875,-0.45166015625,-0.30517578125,-0.87890625,-0.2685546875,-0.5126953125,0.146484375,-0.74462890625,0.29296875,-0.2685546875,-0.10986328125,-0.67138671875,0.01220703125,-0.45166015625,0.244140625,0.5859375,0.06103515625,1.15966796875,-0.2197265625,0.42724609375,-0.06103515625,-0.18310546875,0.59814453125,0.69580078125,-0.048828125,1.08642578125,-0.3173828125,0.40283203125,0.341796875,0.72021484375,-0.341796875,0.78125,0.048828125,0.57373046875,-0.3173828125,1.025390625,-0.01220703125,0.244140625,-0.1953125,0.20751953125,-0.146484375,0.244140625,0.244140625,0.79345703125,0.146484375,-0.01220703125,0.18310546875,1.30615234375,-0.03662109375,-1.01318359375,0.20751953125,-0.390625,0.01220703125,-1.01318359375,-0.09765625,-0.78125,-0.25634765625,3.125,0,2.38037109375,-0.23193359375,2.72216796875,0.0732421875,2.2705078125,-0.13427734375,-0.87890625,-0.03662109375,-0.78125,-0.1708984375,-0.84228515625,-0.1220703125,-0.25634765625,0.03662109375,-0.23193359375,-0.0732421875,-0.30517578125,-0.1953125,-0.52490234375,0.244140625,1.18408203125,-0.244140625,0.35400390625,-0.1220703125,0.01220703125,-0.06103515625,0,-0.10986328125,0.18310546875,-0.15869140625,-0.03662109375,-0.048828125,0.732421875,-0.03662109375,-0.47607421875,-0.13427734375,-0.5615234375
1,0.06103515625,-0.37841796875,0.15869140625,-0.3662109375,-0.08544921875,-0.42724609375,0,-0.0732421875,-0.06103515625,-0.01220703125,-0.08544921875,-0.87890625,-0.18310546875,1.0986328125,-0.048828125,-0.18310546875,0.23193359375,-0.57373046875,-0.1220703125,-0.13427734375,0.30517578125,0.86669921875,0.0732421875,-0.59814453125,-0.341796875,7.14111328125,-0.0244140625,3.2470703125,0.048828125,6.1279296875,-0.2197265625,4.6142578125,-0.15869140625,-0.439453125,-0.3662109375,-0.91552734375,-0.2197265625,-0.54931640625,0.15869140625,-0.74462890625,0.244140625,-0.2685546875,-0.1220703125,-0.67138671875,0.10986328125,-0.45166015625,0.244140625,0.5859375,0.13427734375,1.1474609375,-0.1708984375,0.45166015625,-0.13427734375,-0.1708984375,0.5615234375,0.69580078125,-0.03662109375,0.98876953125,-0.30517578125,0.35400390625,0.29296875,0.7080078125,-0.23193359375,0.68359375,0.06103515625,0.57373046875,-0.244140625,1.025390625,0,0.244140625,-0.20751953125,0.1953125,-0.1953125,0.244140625,0.2685546875,0.78125,0.146484375,-0.01220703125,0.10986328125,1.30615234375,0.01220703125,-1.01318359375,0.2197265625,-0.390625,0.03662109375,-1.01318359375,0,-0.79345703125,-0.2197265625,2.28271484375,0.01220703125,1.94091796875,-0.18310546875,2.2216796875,0.06103515625,1.69677734375,-0.18310546875,-0.9033203125,-0.048828125,-0.76904296875,-0.1708984375,-0.86669921875,-0.048828125,-0.244140625,0.03662109375,0.1953125,-0.2685546875,0.390625,-0.23193359375,-0.1953125,0.25634765625,1.5625,-0.244140625,0.341796875,-0.13427734375,0.048828125,-0.0732421875,-0.01220703125,-0.08544921875,0.2197265625,-0.1708984375,-0.03662109375,-0.0244140625,0.7568359375,-0.03662109375,-0.5126953125,-0.1708984375,-0.52490234375
1,0.08544921875,-0.37841796875,0.15869140625,-0.3662109375,-0.06103515625,-0.42724609375,0,-0.08544921875,-0.01220703125,-0.01220703125,-0.08544921875,-0.86669921875,-0.18310546875,1.0986328125,-0.03662109375,-0.18310546875,0.25634765625,-0.59814453125,-0.0732421875,-0.1708984375,0.25634765625,0.8544921875,0.1708984375,-0.5859375,-0.35400390625,6.1767578125,0,2.69775390625,0.13427734375,5.46875,-0.20751953125,3.9794921875,-0.06103515625,-0.390625,-0.42724609375,-0.9033203125,-0.18310546875,-0.50048828125,0.10986328125,-0.732421875,0.1220703125,-0.2685546875,-0.13427734375,-0.67138671875,0.1708984375,-0.45166015625,0.2197265625,0.6103515625,0.23193359375,1.123046875,-0.13427734375,0.47607421875,-0.1220703125,-0.15869140625,0.4638671875,0.74462890625,-0.146484375,0.9521484375,-0.3662109375,0.35400390625,0.244140625,0.76904296875,-0.18310546875,0.64697265625,0.0732421875,0.5615234375,-0.10986328125,1.01318359375,0.01220703125,0.244140625,-0.1708984375,0.20751953125,-0.1953125,0.244140625,0.28076171875,0.78125,0.1220703125,0,0.0244140625,1.2939453125,0.09765625,-0.98876953125,0.2197265625,-0.390625,0.048828125,-1.01318359375,0.0732421875,-0.79345703125,-0.0732421875,1.28173828125,0.03662109375,1.45263671875,-0.01220703125,1.69677734375,-0.01220703125,1.07421875,-0.18310546875,-0.9033203125,-0.08544921875,-0.7568359375,-0.18310546875,-0.86669921875,0,-0.25634765625,-0.01220703125,0.8056640625,-0.35400390625,1.33056640625,-0.2685546875,0.28076171875,0.23193359375,2.1728515625,-0.2685546875,0.341796875,-0.10986328125,0.03662109375,-0.0732421875,-0.01220703125,-0.09765625,0.23193359375,-0.1953125,-0.03662109375,-0.01220703125,0.7568359375,-0.03662109375,-0.52490234375,-0.1708984375,-0.537109375
0,0.13427734375,-0.40283203125,0.18310546875,-0.341796875,-0.06103515625,-0.42724609375,-0.0244140625,-0.0732421875,0.01220703125,-0.01220703125,-0.08544921875,-0.8544921875,-0.146484375,1.08642578125,-0.03662109375,-0.15869140625,0.2197265625,-0.62255859375,-0.03662109375,-0.18310546875,0.18310546875,0.84228515625,0.244140625,-0.5859375,-0.32958984375,5.18798828125,0.0732421875,2.08740234375,0.1708984375,4.74853515625,-0.15869140625,3.33251953125,0.0244140625,-0.3662109375,-0.439453125,-0.9033203125,-0.13427734375,-0.47607421875,0.09765625,-0.74462890625,-0.01220703125,-0.244140625,-0.1708984375,-0.67138671875,0.1953125,-0.439453125,0.15869140625,0.6103515625,0.30517578125,1.0986328125,-0.0732421875,0.47607421875,-0.13427734375,-0.15869140625,0.390625,0.72021484375,-0.10986328125,0.9765625,-0.30517578125,0.37841796875,0.439453125,0.81787109375,-0.0244140625,0.634765625,0.0732421875,0.5615234375,-0.01220703125,1.03759765625,0,0.25634765625,-0.146484375,0.18310546875,-0.13427734375,0.25634765625,0.30517578125,0.76904296875,0.09765625,0,-0.03662109375,1.2939453125,0.18310546875,-0.96435546875,0.20751953125,-0.37841796875,0.08544921875,-1.025390625,0.0732421875,-0.78125,0.03662109375,0.28076171875,0.0732421875,0.927734375,0.15869140625,1.11083984375,-0.03662109375,0.4150390625,-0.15869140625,-0.9033203125,-0.10986328125,-0.81787109375,-0.18310546875,-0.81787109375,0,-0.28076171875,0.0244140625,1.57470703125,-0.2685546875,2.47802734375,-0.23193359375,0.9033203125,0.25634765625,2.9541015625,-0.25634765625,0.32958984375,-0.13427734375,0.0732421875,-0.0732421875,-0.03662109375,-0.08544921875,0.25634765625,-0.2197265625,-0.03662109375,-0.03662109375,0.74462890625,-0.06103515625,-0.537109375,-0.18310546875,-0.50048828125
0,0.13427734375,-0.40283203125,0.18310546875,-0.341796875,-0.08544921875,-0.42724609375,-0.03662109375,-0.0732421875,0.048828125,0,-0.0732421875,-0.87890625,-0.146484375,1.08642578125,-0.048828125,-0.146484375,0.15869140625,-0.634765625,-0.0244140625,-0.20751953125,0.13427734375,0.8544921875,0.2685546875,-0.57373046875,-0.29296875,4.2236328125,0.15869140625,1.513671875,0.15869140625,4.052734375,-0.0244140625,2.7099609375,0.09765625,-0.32958984375,-0.439453125,-0.89111328125,-0.1220703125,-0.4638671875,0.08544921875,-0.74462890625,-0.146484375,-0.2197265625,-0.1708984375,-0.67138671875,0.18310546875,-0.4150390625,0.10986328125,0.6103515625,0.37841796875,1.0986328125,-0.01220703125,0.47607421875,-0.146484375,-0.1708984375,0.29296875,0.732421875,-0.1953125,0.98876953125,-0.23193359375,0.45166015625,0.439453125,0.86669921875,0.03662109375,0.62255859375,0.0732421875,0.52490234375,0.0732421875,1.025390625,-0.01220703125,0.244140625,-0.09765625,0.1708984375,0,0.244140625,0.32958984375,0.7568359375,0.0244140625,0.01220703125,-0.09765625,1.28173828125,0.23193359375,-0.9765625,0.15869140625,-0.3662109375,0.09765625,-1.0009765625,0.06103515625,-0.79345703125,0.0732421875,-0.64697265625,0.0732421875,0.47607421875,0.2685546875,0.6103515625,-0.0732421875,-0.13427734375,-0.13427734375,-0.927734375,-0.1220703125,-0.79345703125,-0.146484375,-0.76904296875,-0.048828125,-0.2685546875,-0.08544921875,2.42919921875,-0.20751953125,3.7841796875,-0.23193359375,1.59912109375,0.1708984375,3.857421875,-0.2685546875,0.341796875,-0.09765625,0.06103515625,-0.0732421875,-0.0244140625,-0.08544921875,0.25634765625,-0.244140625,-0.048828125,-0.0244140625,0.7568359375,-0.10986328125,-0.5615234375,-0.20751953125,-0.5126953125
0,0.13427734375,-0.390625,0.1708984375,-0.32958984375,-0.10986328125,-0.42724609375,-0.048828125,-0.0732421875,0.0732421875,-0.01220703125,-0.03662109375,-0.87890625,-0.146484375,1.07421875,-0.03662109375,-0.13427734375,0.06103515625,-0.62255859375,-0.08544921875,-0.20751953125,0.10986328125,0.8544921875,0.1953125,-0.57373046875,-0.28076171875,3.30810546875,0.1953125,0.98876953125,0.10986328125,3.3935546875,0.1220703125,2.13623046875,0.048828125,-0.28076171875,-0.35400390625,-0.87890625,-0.13427734375,-0.45166015625,0.13427734375,-0.7568359375,-0.1953125,-0.2197265625,-0.15869140625,-0.69580078125,0.10986328125,-0.42724609375,0.08544921875,0.59814453125,0.4150390625,1.11083984375,0.0732421875,0.4638671875,-0.2197265625,-0.20751953125,0.15869140625,0.732421875,-0.28076171875,0.98876953125,-0.28076171875,0.5126953125,0.4638671875,0.89111328125,0.06103515625,0.59814453125,0.06103515625,0.50048828125,0.146484375,1.01318359375,-0.03662109375,0.23193359375,-0.03662109375,0.1708984375,0.1220703125,0.25634765625,0.3173828125,0.7568359375,-0.01220703125,0,-0.15869140625,1.2939453125,0.2685546875,-0.9521484375,0.1220703125,-0.3662109375,0.1220703125,-1.0009765625,0,-0.8056640625,0.146484375,-1.2939453125,0.08544921875,0.13427734375,0.37841796875,0.25634765625,-0.048828125,-0.537109375,-0.06103515625,-0.9033203125,-0.15869140625,-0.78125,-0.13427734375,-0.78125,-0.08544921875,-0.28076171875,-0.09765625,3.2958984375,-0.03662109375,5.09033203125,-0.1953125,2.2705078125,0.15869140625,4.77294921875,-0.29296875,0.35400390625,-0.08544921875,0.06103515625,-0.08544921875,-0.01220703125,-0.0732421875,0.25634765625,-0.23193359375,-0.048828125,-0.0244140625,0.74462890625,-0.1220703125,-0.5615234375,-0.18310546875,-0.52490234375
0,0.15869140625,-0.390625,0.13427734375,-0.30517578125,-0.146484375,-0.4150390625,-0.06103515625,-0.06103515625,0.06103515625,0,-0.03662109375,-0.87890625,-0.15869140625,1.07421875,-0.048828125,-0.13427734375,0.01220703125,-0.62255859375,-0.13427734375,-0.2197265625,0.1220703125,0.84228515625,0.10986328125,-0.57373046875,-0.244140625,2.5390625,0.1953125,0.5126953125,0.03662109375,2.83203125,0.23193359375,1.62353515625,-0.13427734375,-0.25634765625,-0.25634765625,-0.87890625,-0.13427734375,-0.4638671875,0.15869140625,-0.74462890625,-0.2197265625,-0.1953125,-0.2197265625,-0.67138671875,0.048828125,-0.42724609375,0.06103515625,0.59814453125,0.45166015625,1.08642578125,0.1220703125,0.4638671875,-0.29296875,-0.1953125,-0.0244140625,0.72021484375,-0.244140625,0.96435546875,-0.1708984375,0.54931640625,0.54931640625,0.87890625,0.08544921875,0.54931640625,0.03662109375,0.439453125,0.2197265625,1.01318359375,-0.048828125,0.2197265625,0.0244140625,0.15869140625,0.2197265625,0.244140625,0.28076171875,0.732421875,-0.10986328125,0.0244140625,-0.15869140625,1.2939453125,0.28076171875,-0.96435546875,0.048828125,-0.37841796875,0.09765625,-1.025390625,-0.10986328125,-0.81787109375,0.2197265625,-1.62353515625,0.06103515625,-0.0244140625,0.390625,0.09765625,0.048828125,-0.732421875,-0.06103515625,-0.9033203125,-0.1953125,-0.79345703125,-0.10986328125,-0.76904296875,-0.13427734375,-0.28076171875,-0.1220703125,4.06494140625,0.08544921875,6.28662109375,-0.1953125,2.89306640625,0.15869140625,5.56640625,-0.30517578125,0.3662109375,-0.1220703125,0.048828125,-0.06103515625,0.01220703125,-0.06103515625,0.23193359375,-0.23193359375,-0.06103515625,-0.03662109375,0.76904296875,-0.13427734375,-0.5615234375,-0.15869140625,-0.54931640625
0,0.1708984375,-0.3662109375,0.146484375,-0.3173828125,-0.146484375,-0.4150390625,-0.048828125,-0.048828125,0.06103515625,-0.01220703125,0,-0.87890625,-0.13427734375,1.08642578125,-0.08544921875,-0.15869140625,-0.01220703125,-0.59814453125,-0.2197265625,-0.20751953125,0.10986328125,0.830078125,-0.06103515625,-0.57373046875,-0.2197265625,1.8310546875,0.1708984375,0.146484375,0.03662109375,2.3193359375,0.32958984375,1.20849609375,-0.29296875,-0.28076171875,-0.13427734375,-0.84228515625,-0.1708984375,-0.42724609375,0.18310546875,-0.78125,-0.18310546875,-0.18310546875,-0.23193359375,-0.68359375,-0.03662109375,-0.42724609375,0.048828125,0.59814453125,0.439453125,1.11083984375,0.10986328125,0.439453125,-0.35400390625,-0.2197265625,-0.1953125,0.7080078125,-0.23193359375,0.91552734375,-0.20751953125,0.57373046875,0.537109375,0.84228515625,0.10986328125,0.50048828125,0.03662109375,0.3662109375,0.25634765625,1.01318359375,-0.0244140625,0.20751953125,0.06103515625,0.1708984375,0.29296875,0.2685546875,0.2197265625,0.72021484375,-0.1953125,0.01220703125,-0.13427734375,1.2939453125,0.28076171875,-0.98876953125,-0.01220703125,-0.3662109375,0.048828125,-1.03759765625,-0.15869140625,-0.81787109375,0.18310546875,-1.57470703125,0.0244140625,0.01220703125,0.390625,0.13427734375,0.1220703125,-0.69580078125,-0.0732421875,-0.89111328125,-0.25634765625,-0.8056640625,-0.09765625,-0.74462890625,-0.1708984375,-0.29296875,-0.1708984375,4.65087890625,-0.01220703125,7.2265625,-0.2197265625,3.3447265625,0.09765625,6.21337890625,-0.28076171875,0.3662109375,-0.09765625,0.0244140625,-0.0732421875,0.01220703125,-0.048828125,0.20751953125,-0.2197265625,-0.06103515625,-0.06103515625,0.76904296875,-0.1220703125,-0.52490234375,-0.15869140625,-0.537109375
0,0.1708984375,-0.341796875,0.1708984375,-0.32958984375,-0.1708984375,-0.40283203125,-0.03662109375,-0.06103515625,0.06103515625,-0.01220703125,0,-0.86669921875,-0.1220703125,1.0986328125,-0.0732421875,-0.1708984375,-0.0244140625,-0.57373046875,-0.23193359375,-0.1953125,0.08544921875,0.84228515625,-0.1953125,-0.5859375,-0.18310546875,1.220703125,0.146484375,-0.146484375,0.048828125,1.89208984375,0.35400390625,0.87890625,-0.45166015625,-0.28076171875,-0.0732421875,-0.84228515625,-0.20751953125,-0.4638671875,0.1708984375,-0.79345703125,-0.13427734375,-0.1708984375,-0.244140625,-0.67138671875,-0.1220703125,-0.439453125,0,0.5859375,0.4150390625,1.1474609375,0.09765625,0.45166015625,-0.35400390625,-0.23193359375,-0.40283203125,0.69580078125,-0.13427734375,0.8544921875,-0.25634765625,0.59814453125,0.50048828125,0.7568359375,0.06103515625,0.439453125,0.048828125,0.30517578125,0.29296875,1.025390625,0.01220703125,0.20751953125,0.0732421875,0.18310546875,0.29296875,0.2685546875,0.15869140625,0.732421875,-0.2197265625,0,-0.08544921875,1.2939453125,0.23193359375,-1.03759765625,-0.048828125,-0.390625,-0.01220703125,-1.0498046875,-0.18310546875,-0.830078125,0.23193359375,-1.1474609375,-0.03662109375,0.2197265625,0.37841796875,0.37841796875,0.2197265625,-0.390625,-0.048828125,-0.87890625,-0.3173828125,-0.8056640625,-0.08544921875,-0.72021484375,-0.20751953125,-0.28076171875,-0.146484375,4.99267578125,0,7.861328125,-0.1953125,3.64990234375,0.08544921875,6.62841796875,-0.25634765625,0.390625,-0.048828125,0.01220703125,-0.0732421875,0.0244140625,-0.01220703125,0.1953125,-0.20751953125,-0.0732421875,-0.08544921875,0.81787109375,-0.09765625,-0.5126953125,-0.15869140625,-0.54931640625
0,0.1708984375,-0.3173828125,0.15869140625,-0.3662109375,-0.1708984375,-0.4150390625,-0.03662109375,-0.06103515625,0.0732421875,-0.0244140625,0.0244140625,-0.9033203125,-0.1220703125,1.0986328125,-0.08544921875,-0.18310546875,-0.0732421875,-0.57373046875,-0.23193359375,-0.1708984375,0.03662109375,0.81787109375,-0.2685546875,-0.57373046875,-0.18310546875,0.7080078125,0.10986328125,-0.390625,0.09765625,1.50146484375,0.3173828125,0.5859375,-0.5615234375,-0.28076171875,0,-0.8544921875,-0.244140625,-0.47607421875,0.1708984375,-0.78125,-0.09765625,-0.1953125,-0.2685546875,-0.67138671875,-0.13427734375,-0.45166015625,-0.0244140625,0.5615234375,0.35400390625,1.171875,0.06103515625,0.439453125,-0.45166015625,-0.244140625,-0.537109375,0.7080078125,-0.09765625,0.830078125,-0.341796875,0.5859375,0.4638671875,0.732421875,-0.0244140625,0.390625,0.09765625,0.2197265625,0.30517578125,1.025390625,0.048828125,0.20751953125,0.09765625,0.20751953125,0.25634765625,0.28076171875,0.08544921875,0.69580078125,-0.23193359375,-0.0244140625,-0.048828125,1.33056640625,0.1708984375,-1.025390625,-0.10986328125,-0.390625,-0.09765625,-1.06201171875,-0.18310546875,-0.830078125,0.23193359375,-0.3662109375,-0.08544921875,0.59814453125,0.35400390625,0.84228515625,0.30517578125,0.10986328125,-0.03662109375,-0.8544921875,-0.37841796875,-0.8056640625,-0.08544921875,-0.69580078125,-0.1953125,-0.2685546875,-0.15869140625,5.078125,0.0244140625,8.1298828125,-0.23193359375,3.7353515625,0.03662109375,6.75048828125,-0.23193359375,0.40283203125,-0.03662109375,-0.01220703125,-0.06103515625,0.0244140625,0.01220703125,0.15869140625,-0.20751953125,-0.08544921875,-0.09765625,0.830078125,-0.048828125,-0.47607421875,-0.15869140625,-0.54931640625
0,0.18310546875,-0.3173828125,0.15869140625,-0.3662109375,-0.20751953125,-0.4150390625,0,-0.06103515625,0.08544921875,-0.01220703125,0.0244140625,-0.9033203125,-0.09765625,1.123046875,-0.09765625,-0.1708984375,-0.09765625,-0.57373046875,-0.28076171875,-0.15869140625,-0.03662109375,0.84228515625,-0.29296875,-0.57373046875,-0.18310546875,0.2685546875,0.10986328125,-0.59814453125,0.13427734375,1.1962890625,0.18310546875,0.32958984375,-0.57373046875,-0.29296875,-0.01220703125,-0.830078125,-0.28076171875,-0.47607421875,0.1220703125,-0.78125,-0.0732421875,-0.20751953125,-0.23193359375,-0.6591796875,-0.1220703125,-0.4638671875,-0.048828125,0.57373046875,0.2685546875,1.18408203125,0.0732421875,0.45166015625,-0.48828125,-0.244140625,-0.64697265625,0.7080078125,0.048828125,0.8544921875,-0.244140625,0.62255859375,0.50048828125,0.7080078125,-0.01220703125,0.4150390625,0.146484375,0.1708984375,0.29296875,1.01318359375,0.09765625,0.1953125,0.08544921875,0.1953125,0.1953125,0.2685546875,0.06103515625,0.72021484375,-0.2197265625,-0.01220703125,-0.048828125,1.318359375,0.10986328125,-1.025390625,-0.13427734375,-0.40283203125,-0.1708984375,-1.0498046875,-0.13427734375,-0.81787109375,0.08544921875,0.67138671875,-0.146484375,1.0986328125,0.30517578125,1.40380859375,0.29296875,0.732421875,-0.01220703125,-0.84228515625,-0.42724609375,-0.79345703125,-0.08544921875,-0.72021484375,-0.18310546875,-0.2685546875,-0.048828125,4.9072265625,0.146484375,7.9833984375,-0.2197265625,3.61328125,0.048828125,6.62841796875,-0.1953125,0.40283203125,-0.01220703125,-0.01220703125,-0.0732421875,0.0244140625,0.0244140625,0.146484375,-0.2197265625,-0.09765625,-0.09765625,0.84228515625,-0.0244140625,-0.45166015625,-0.15869140625,-0.54931640625
0,0.18310546875,-0.32958984375,0.20751953125,-0.341796875,-0.23193359375,-0.42724609375,0,-0.0732421875,0.1220703125,-0.01220703125,0.0244140625,-0.89111328125,-0.09765625,1.13525390625,-0.09765625,-0.1708984375,-0.10986328125,-0.5615234375,-0.29296875,-0.13427734375,-0.0732421875,0.86669921875,-0.23193359375,-0.57373046875,-0.2197265625,-0.13427734375,0.0732421875,-0.76904296875,0.146484375,0.89111328125,0.0244140625,0.1220703125,-0.537109375,-0.30517578125,-0.1220703125,-0.84228515625,-0.244140625,-0.47607421875,0.048828125,-0.76904296875,-0.048828125,-0.2197265625,-0.2197265625,-0.64697265625,-0.06103515625,-0.47607421875,-0.06103515625,0.5859375,0.20751953125,1.20849609375,0.06103515625,0.4638671875,-0.50048828125,-0.20751953125,-0.72021484375,0.7080078125,0.0732421875,0.9033203125,-0.2197265625,0.62255859375,0.439453125,0.732421875,-0.06103515625,0.5126953125,0.23193359375,0.1220703125,0.2197265625,1.01318359375,0.1953125,0.1953125,0.06103515625,0.2197265625,0.1708984375,0.28076171875,0.03662109375,0.732421875,-0.1708984375,-0.0244140625,-0.03662109375,1.318359375,0.048828125,-1.01318359375,-0.13427734375,-0.40283203125,-0.2197265625,-1.06201171875,-0.10986328125,-0.830078125,-0.048828125,1.85546875,-0.1708984375,1.66015625,0.244140625,2.05078125,0.2197265625,1.47705078125,0.0244140625,-0.84228515625,-0.40283203125,-0.8056640625,-0.0732421875,-0.732421875,-0.146484375,-0.25634765625,0.03662109375,4.52880859375,0.1220703125,7.53173828125,-0.23193359375,3.35693359375,0.0732421875,6.25,-0.18310546875,0.40283203125,0,-0.01220703125,-0.0732421875,0.048828125,0.03662109375,0.15869140625,-0.2197265625,-0.0732421875,-0.09765625,0.8544921875,0,-0.439453125,-0.1708984375,-0.537109375
0,0.2197265625,-0.32958984375,0.18310546875,-0.3662109375,-0.23193359375,-0.42724609375,0.01220703125,-0.048828125,0.08544921875,-0.0244140625,0.03662109375,-0.87890625,-0.0732421875,1.13525390625,-0.0732421875,-0.15869140625,-0.09765625,-0.537109375,-0.30517578125,-0.13427734375,-0.10986328125,0.89111328125,-0.15869140625,-0.5859375,-0.341796875,-0.45166015625,-0.0244140625,-0.91552734375,0.048828125,0.634765625,-0.15869140625,-0.0732421875,-0.42724609375,-0.32958984375,-0.2197265625,-0.86669921875,-0.20751953125,-0.4638671875,-0.048828125,-0.78125,-0.01220703125,-0.244140625,-0.146484375,-0.634765625,0,-0.47607421875,-0.09765625,0.5859375,0.15869140625,1.1962890625,0.048828125,0.50048828125,-0.54931640625,-0.20751953125,-0.72021484375,0.69580078125,0.13427734375,1.025390625,-0.10986328125,0.6591796875,0.4150390625,0.81787109375,-0.06103515625,0.67138671875,0.29296875,0.09765625,0.1220703125,1.01318359375,0.2197265625,0.20751953125,0,0.1953125,0.18310546875,0.2685546875,0.0244140625,0.72021484375,-0.10986328125,-0.01220703125,-0.0244140625,1.33056640625,0,-1.0009765625,-0.1220703125,-0.390625,-0.25634765625,-1.0498046875,-0.08544921875,-0.8056640625,-0.0732421875,3.06396484375,-0.146484375,2.294921875,0.1953125,2.7099609375,0.1708984375,2.2216796875,0.0244140625,-0.84228515625,-0.390625,-0.81787109375,-0.06103515625,-0.7080078125,-0.1220703125,-0.28076171875,0.0732421875,4.0283203125,0.03662109375,6.82373046875,-0.25634765625,2.978515625,0.08544921875,5.74951171875,-0.1708984375,0.40283203125,0,-0.01220703125,-0.0732421875,0.03662109375,0.0244140625,0.1708984375,-0.23193359375,-0.0732421875,-0.09765625,0.81787109375,-0.01220703125,-0.4638671875,-0.1708984375,-0.52490234375
0,0.1953125,-0.341796875,0.1953125,-0.3662109375,-0.23193359375,-0.42724609375,0,-0.0732421875,0.10986328125,-0.01220703125,0.03662109375,-0.89111328125,-0.0732421875,1.11083984375,-0.06103515625,-0.1708984375,-0.0244140625,-0.5615234375,-0.2685546875,-0.146484375,-0.09765625,0.91552734375,-0.10986328125,-0.57373046875,-0.4638671875,-0.7568359375,-0.13427734375,-1.07421875,-0.048828125,0.4638671875,-0.244140625,-0.23193359375,-0.35400390625,-0.341796875,-0.341796875,-0.8544921875,-0.18310546875,-0.48828125,-0.09765625,-0.78125,0,-0.2685546875,-0.08544921875,-0.64697265625,0.0244140625,-0.47607421875,-0.06103515625,0.57373046875,0.13427734375,1.171875,0.0244140625,0.52490234375,-0.48828125,-0.1953125,-0.7568359375,0.7080078125,0.1708984375,1.18408203125,-0.0732421875,0.732421875,0.29296875,0.96435546875,-0.1220703125,0.8544921875,0.341796875,0.1220703125,0.048828125,1.01318359375,0.244140625,0.20751953125,-0.048828125,0.1953125,0.15869140625,0.28076171875,0.01220703125,0.7568359375,-0.0732421875,0.01220703125,-0.03662109375,1.318359375,-0.0244140625,-0.9765625,-0.09765625,-0.40283203125,-0.244140625,-1.06201171875,-0.09765625,-0.8056640625,-0.13427734375,4.23583984375,-0.1220703125,2.8564453125,0.13427734375,3.35693359375,0.09765625,2.9541015625,0.048828125,-0.84228515625,-0.3173828125,-0.830078125,-0.03662109375,-0.732421875,-0.08544921875,-0.25634765625,0.048828125,3.50341796875,-0.0244140625,5.99365234375,-0.25634765625,2.57568359375,0.0244140625,5.21240234375,-0.13427734375,0.37841796875,0.0244140625,0.01220703125,-0.0732421875,0.01220703125,0.0244140625,0.1953125,-0.23193359375,-0.06103515625,-0.08544921875,0.81787109375,-0.03662109375,-0.4638671875,-0.15869140625,-0.52490234375
0,0.20751953125,-0.341796875,0.2197265625,-0.37841796875,-0.20751953125,-0.42724609375,-0.0244140625,-0.06103515625,0.13427734375,-0.0244140625,0.03662109375,-0.86669921875,-0.06103515625,1.11083984375,-0.03662109375,-0.15869140625,0.06103515625,-0.5615234375,-0.1953125,-0.18310546875,-0.06103515625,0.91552734375,-0.10986328125,-0.5859375,-0.5126953125,-0.9521484375,-0.1708984375,-1.18408203125,-0.13427734375,0.29296875,-0.2197265625,-0.3662109375,-0.29296875,-0.32958984375,-0.390625,-0.87890625,-0.15869140625,-0.45166015625,-0.1220703125,-0.78125,-0.01220703125,-0.244140625,-0.08544921875,-0.64697265625,0.06103515625,-0.47607421875,-0.0244140625,0.59814453125,0.09765625,1.171875,0.03662109375,0.537109375,-0.42724609375,-0.146484375,-0.78125,0.7080078125,0.244140625,1.37939453125,-0.048828125,0.8056640625,0.2197265625,1.08642578125,-0.08544921875,1.0498046875,0.35400390625,0.18310546875,-0.03662109375,1.025390625,0.2685546875,0.18310546875,-0.1220703125,0.18310546875,0.0732421875,0.25634765625,-0.01220703125,0.74462890625,-0.03662109375,0.0244140625,-0.03662109375,1.30615234375,-0.048828125,-0.9765625,-0.06103515625,-0.40283203125,-0.18310546875,-1.03759765625,-0.15869140625,-0.79345703125,-0.2685546875,5.26123046875,-0.08544921875,3.3935546875,0.048828125,3.9306640625,0.0732421875,3.60107421875,0.01220703125,-0.830078125,-0.23193359375,-0.830078125,0,-0.7568359375,-0.01220703125,-0.244140625,0.048828125,3.03955078125,-0.08544921875,5.16357421875,-0.23193359375,2.197265625,0.03662109375,4.72412109375,-0.1220703125,0.37841796875,0.03662109375,0.0244140625,-0.0732421875,0,0,0.20751953125,-0.2197265625,-0.0244140625,-0.09765625,0.84228515625,-0.06103515625,-0.48828125,-0.1220703125,-0.52490234375
0,0.244140625,-0.3662109375,0.25634765625,-0.3662109375,-0.1708984375,-0.42724609375,-0.01220703125,-0.06103515625,0.13427734375,-0.03662109375,0.03662109375,-0.87890625,-0.06103515625,1.0986328125,-0.03662109375,-0.13427734375,0.10986328125,-0.57373046875,-0.1220703125,-0.1708984375,-0.0244140625,0.927734375,-0.10986328125,-0.57373046875,-0.52490234375,-1.0986328125,-0.1953125,-1.26953125,-0.23193359375,0.1953125,-0.15869140625,-0.439453125,-0.2685546875,-0.341796875,-0.37841796875,-0.86669921875,-0.15869140625,-0.439453125,-0.1220703125,-0.76904296875,-0.01220703125,-0.23193359375,-0.08544921875,-0.634765625,0.03662109375,-0.47607421875,0.0732421875,0.6103515625,0.048828125,1.1474609375,0.048828125,0.5615234375,-0.4150390625,-0.146484375,-0.64697265625,0.72021484375,0.2197265625,1.513671875,-0.1708984375,0.87890625,0.3662109375,1.18408203125,-0.13427734375,1.220703125,0.3173828125,0.25634765625,-0.08544921875,1.01318359375,0.2197265625,0.20751953125,-0.18310546875,0.1708984375,0.01220703125,0.244140625,0,0.732421875,0.0244140625,0.03662109375,-0.048828125,1.30615234375,-0.08544921875,-0.96435546875,0.01220703125,-0.390625,-0.13427734375,-1.0498046875,-0.18310546875,-0.79345703125,-0.37841796875,6.0791015625,-0.09765625,3.82080078125,-0.0244140625,4.39453125,0.03662109375,4.13818359375,-0.03662109375,-0.86669921875,-0.18310546875,-0.830078125,0.03662109375,-0.7568359375,0.03662109375,-0.23193359375,0.0244140625,2.685546875,-0.13427734375,4.4921875,-0.20751953125,1.91650390625,0.0244140625,4.33349609375,-0.10986328125,0.390625,0.0732421875,0.048828125,-0.0732421875,-0.048828125,-0.01220703125,0.23193359375,-0.2197265625,-0.0244140625,-0.09765625,0.84228515625,-0.1220703125,-0.52490234375,-0.10986328125,-0.52490234375
0,0.2685546875,-0.3662109375,0.28076171875,-0.390625,-0.15869140625,-0.439453125,-0.03662109375,-0.0732421875,0.146484375,-0.03662109375,0.01220703125,-0.87890625,-0.048828125,1.0986328125,-0.0244140625,-0.146484375,0.13427734375,-0.5859375,-0.06103515625,-0.1953125,0.0732421875,0.89111328125,-0.1220703125,-0.57373046875,-0.54931640625,-1.11083984375,-0.1708984375,-1.30615234375,-0.3173828125,0.1708984375,-0.048828125,-0.45166015625,-0.37841796875,-0.3173828125,-0.32958984375,-0.8544921875,-0.1708984375,-0.42724609375,-0.1220703125,-0.7568359375,-0.01220703125,-0.2197265625,-0.15869140625,-0.634765625,0.048828125,-0.42724609375,0.15869140625,0.6103515625,0.01220703125,1.1474609375,0.08544921875,0.537109375,-0.35400390625,-0.09765625,-0.57373046875,0.72021484375,0.18310546875,1.5869140625,-0.08544921875,0.91552734375,0.341796875,1.2451171875,-0.10986328125,1.318359375,0.29296875,0.35400390625,-0.146484375,1.01318359375,0.1953125,0.18310546875,-0.23193359375,0.1708984375,-0.048828125,0.244140625,0.01220703125,0.79345703125,0.0244140625,0.048828125,-0.06103515625,1.318359375,-0.10986328125,-0.96435546875,0.09765625,-0.3662109375,-0.08544921875,-1.025390625,-0.23193359375,-0.78125,-0.45166015625,6.6650390625,-0.08544921875,4.1259765625,-0.08544921875,4.736328125,0.03662109375,4.55322265625,-0.09765625,-0.87890625,-0.13427734375,-0.81787109375,0.06103515625,-0.7568359375,0.09765625,-0.23193359375,-0.01220703125,2.5146484375,-0.10986328125,4.052734375,-0.18310546875,1.7578125,0.0244140625,4.1259765625,-0.0732421875,0.35400390625,0.06103515625,0.048828125,-0.0732421875,-0.06103515625,0,0.25634765625,-0.2197265625,-0.03662109375,-0.08544921875,0.81787109375,-0.13427734375,-0.54931640625,-0.10986328125,-0.537109375
1,0.28076171875,-0.37841796875,0.2685546875,-0.37841796875,-0.13427734375,-0.4150390625,-0.0732421875,-0.06103515625,0.146484375,-0.0244140625,0.0244140625,-0.86669921875,-0.0244140625,1.08642578125,0,-0.146484375,0.13427734375,-0.5859375,-0.048828125,-0.20751953125,0.1220703125,0.9033203125,-0.10986328125,-0.57373046875,-0.57373046875,-1.0498046875,-0.13427734375,-1.2939453125,-0.32958984375,0.2197265625,0.06103515625,-0.390625,-0.52490234375,-0.29296875,-0.23193359375,-0.8544921875,-0.2197265625,-0.42724609375,-0.09765625,-0.76904296875,-0.01220703125,-0.23193359375,-0.20751953125,-0.64697265625,0.03662109375,-0.40283203125,0.23193359375,0.634765625,-0.06103515625,1.13525390625,0.1220703125,0.5126953125,-0.244140625,-0.08544921875,-0.390625,0.7080078125,0.1220703125,1.5625,-0.0732421875,0.91552734375,0.40283203125,1.25732421875,-0.1708984375,1.30615234375,0.244140625,0.4638671875,-0.20751953125,1.025390625,0.13427734375,0.18310546875,-0.23193359375,0.1953125,-0.08544921875,0.23193359375,0.01220703125,0.76904296875,0,0.048828125,-0.048828125,1.2939453125,-0.0732421875,-0.9521484375,0.1708984375,-0.3662109375,-0.0244140625,-1.01318359375,-0.23193359375,-0.78125,-0.45166015625,7.03125,-0.10986328125,4.30908203125,-0.15869140625,4.91943359375,0.048828125,4.78515625,-0.13427734375,-0.89111328125,-0.1220703125,-0.830078125,0.06103515625,-0.7568359375,0.08544921875,-0.23193359375,-0.03662109375,2.50244140625,-0.1708984375,3.90625,-0.20751953125,1.7578125,0.03662109375,4.11376953125,-0.06103515625,0.35400390625,0.048828125,0.048828125,-0.06103515625,-0.08544921875,-0.0244140625,0.25634765625,-0.2197265625,-0.0244140625,-0.08544921875,0.79345703125,-0.15869140625,-0.57373046875,-0.10986328125,-0.54931640625
1,0.244140625,-0.390625,0.25634765625,-0.3662109375,-0.1708984375,-0.42724609375,-0.08544921875,-0.048828125,0.13427734375,0,0.0244140625,-0.86669921875,-0.0244140625,1.07421875,0,-0.1220703125,0.146484375,-0.57373046875,-0.048828125,-0.20751953125,0.146484375,0.87890625,-0.1220703125,-0.57373046875,-0.537109375,-0.91552734375,-0.10986328125,-1.23291015625,-0.3173828125,0.3173828125,0.13427734375,-0.29296875,-0.69580078125,-0.29296875,-0.13427734375,-0.8544921875,-0.244140625,-0.45166015625,-0.06103515625,-0.7568359375,-0.01220703125,-0.2197265625,-0.2685546875,-0.634765625,0,-0.4150390625,0.28076171875,0.634765625,-0.06103515625,1.1474609375,0.1220703125,0.48828125,-0.15869140625,-0.08544921875,-0.29296875,0.69580078125,0,1.50146484375,0,0.91552734375,0.40283203125,1.18408203125,-0.2197265625,1.23291015625,0.18310546875,0.57373046875,-0.244140625,1.025390625,0.048828125,0.1953125,-0.23193359375,0.20751953125,-0.1220703125,0.244140625,0.03662109375,0.78125,0.01220703125,0.0244140625,0,1.30615234375,-0.06103515625,-0.9521484375,0.2197265625,-0.37841796875,-0.0244140625,-1.01318359375,-0.2197265625,-0.76904296875,-0.40283203125,7.080078125,-0.10986328125,4.345703125,-0.2197265625,4.98046875,0.08544921875,4.833984375,-0.10986328125,-0.87890625,-0.1220703125,-0.81787109375,0.0244140625,-0.7568359375,0.06103515625,-0.2197265625,-0.0732421875,2.6611328125,-0.20751953125,4.052734375,-0.2197265625,1.85546875,-0.01220703125,4.248046875,-0.048828125,0.37841796875,0.06103515625,0.0244140625,-0.06103515625,-0.1220703125,-0.03662109375,0.25634765625,-0.20751953125,-0.01220703125,-0.10986328125,0.78125,-0.13427734375,-0.5615234375,-0.13427734375,-0.57373046875
1,0.244140625,-0.3662109375,0.2685546875,-0.35400390625,-0.18310546875,-0.42724609375,-0.09765625,-0.01220703125,0.13427734375,0,0.0244140625,-0.86669921875,-0.0244140625,1.06201171875,-0.01220703125,-0.09765625,0.1708984375,-0.57373046875,-0.08544921875,-0.18310546875,0.146484375,0.89111328125,-0.10986328125,-0.59814453125,-0.50048828125,-0.7080078125,-0.10986328125,-1.123046875,-0.20751953125,0.45166015625,0.18310546875,-0.1708984375,-0.86669921875,-0.25634765625,-0.03662109375,-0.8544921875,-0.23193359375,-0.47607421875,-0.01220703125,-0.7568359375,-0.06103515625,-0.2197265625,-0.35400390625,-0.634765625,-0.01220703125,-0.390625,0.29296875,0.634765625,-0.06103515625,1.15966796875,0.0732421875,0.45166015625,-0.048828125,-0.06103515625,-0.1220703125,0.7080078125,-0.06103515625,1.37939453125,0.08544921875,0.93994140625,0.32958984375,1.11083984375,-0.2197265625,1.13525390625,0.1708984375,0.67138671875,-0.29296875,1.03759765625,0,0.20751953125,-0.18310546875,0.23193359375,-0.1953125,0.28076171875,0.01220703125,0.79345703125,-0.0244140625,0,0.06103515625,1.318359375,0.01220703125,-0.93994140625,0.244140625,-0.37841796875,-0.0244140625,-1.01318359375,-0.15869140625,-0.76904296875,-0.30517578125,6.884765625,-0.1220703125,4.248046875,-0.23193359375,4.87060546875,0.10986328125,4.72412109375,-0.0732421875,-0.89111328125,-0.146484375,-0.8056640625,0,-0.76904296875,0.06103515625,-0.23193359375,-0.06103515625,2.89306640625,-0.244140625,4.35791015625,-0.20751953125,2.03857421875,0,4.4921875,-0.0244140625,0.3662109375,0.03662109375,0.01220703125,-0.0732421875,-0.10986328125,-0.03662109375,0.23193359375,-0.1953125,-0.01220703125,-0.146484375,0.79345703125,-0.13427734375,-0.57373046875,-0.146484375,-0.5615234375
1,0.25634765625,-0.3662109375,0.2685546875,-0.341796875,-0.18310546875,-0.40283203125,-0.1220703125,-0.01220703125,0.15869140625,0.0244140625,0.0244140625,-0.86669921875,-0.03662109375,1.0986328125,-0.01220703125,-0.09765625,0.18310546875,-0.54931640625,-0.09765625,-0.1953125,0.09765625,0.89111328125,-0.09765625,-0.5859375,-0.439453125,-0.48828125,-0.0732421875,-0.98876953125,-0.0732421875,0.634765625,0.13427734375,-0.0244140625,-0.87890625,-0.28076171875,0.0244140625,-0.8544921875,-0.244140625,-0.47607421875,-0.03662109375,-0.74462890625,-0.08544921875,-0.2197265625,-0.37841796875,-0.634765625,-0.01220703125,-0.42724609375,0.244140625,0.634765625,-0.048828125,1.171875,0.0244140625,0.4150390625,0.06103515625,-0.048828125,0.03662109375,0.72021484375,-0.146484375,1.318359375,0.10986328125,1.0986328125,0.35400390625,1.06201171875,-0.23193359375,1.07421875,0.146484375,0.79345703125,-0.32958984375,1.03759765625,-0.03662109375,0.20751953125,-0.13427734375,0.23193359375,-0.25634765625,0.28076171875,0.01220703125,0.81787109375,-0.0244140625,-0.01220703125,0.146484375,1.3427734375,0.048828125,-0.96435546875,0.23193359375,-0.3662109375,-0.08544921875,-1.03759765625,-0.09765625,-0.78125,-0.2197265625,6.4208984375,-0.1220703125,3.9794921875,-0.23193359375,4.60205078125,0.13427734375,4.4189453125,0,-0.89111328125,-0.1220703125,-0.8056640625,0,-0.7568359375,0.03662109375,-0.2197265625,-0.048828125,3.16162109375,-0.2685546875,4.79736328125,-0.2197265625,2.23388671875,-0.01220703125,4.736328125,0,0.35400390625,0.03662109375,0.0244140625,-0.08544921875,-0.10986328125,-0.01220703125,0.1953125,-0.18310546875,-0.03662109375,-0.18310546875,0.7568359375,-0.09765625,-0.54931640625,-0.1708984375,-0.5615234375
1,0.244140625,-0.32958984375,0.2685546875,-0.341796875,-0.1708984375,-0.390625,-0.1220703125,-0.0244140625,0.1953125,0.03662109375,0.0244140625,-0.8544921875,-0.01220703125,1.0986328125,-0.01220703125,-0.09765625,0.15869140625,-0.54931640625,-0.10986328125,-0.1708984375,0,0.87890625,-0.09765625,-0.5859375,-0.29296875,-0.28076171875,-0.06103515625,-0.86669921875,0.048828125,0.81787109375,0.09765625,0.10986328125,-0.78125,-0.30517578125,0.048828125,-0.86669921875,-0.23193359375,-0.50048828125,-0.0244140625,-0.74462890625,-0.1220703125,-0.20751953125,-0.35400390625,-0.634765625,0.03662109375,-0.439453125,0.15869140625,0.6103515625,0.03662109375,1.18408203125,0.01220703125,0.390625,0.09765625,-0.06103515625,0.10986328125,0.7080078125,-0.18310546875,1.35498046875,0.1708984375,1.37939453125,0.3662109375,1.08642578125,-0.15869140625,1.13525390625,0.09765625,0.9033203125,-0.3173828125,1.0498046875,-0.0732421875,0.1953125,-0.09765625,0.25634765625,-0.29296875,0.28076171875,-0.01220703125,0.830078125,-0.0244140625,-0.01220703125,0.20751953125,1.35498046875,0.13427734375,-0.96435546875,0.2197265625,-0.40283203125,-0.10986328125,-1.0498046875,0.01220703125,-0.78125,-0.15869140625,5.712890625,-0.13427734375,3.564453125,-0.15869140625,4.1748046875,0.13427734375,3.91845703125,0.03662109375,-0.87890625,-0.10986328125,-0.78125,-0.048828125,-0.732421875,-0.03662109375,-0.20751953125,-0.03662109375,3.35693359375,-0.3173828125,5.1513671875,-0.2197265625,2.38037109375,0,4.94384765625,-0.03662109375,0.35400390625,0.03662109375,0,-0.08544921875,-0.08544921875,-0.01220703125,0.18310546875,-0.18310546875,-0.03662109375,-0.1708984375,0.732421875,-0.08544921875,-0.5126953125,-0.18310546875,-0.5859375
1,0.25634765625,-0.341796875,0.25634765625,-0.32958984375,-0.18310546875,-0.40283203125,-0.1220703125,-0.048828125,0.23193359375,0.048828125,0.03662109375,-0.89111328125,-0.01220703125,1.13525390625,-0.01220703125,-0.1220703125,0.09765625,-0.57373046875,-0.13427734375,-0.146484375,-0.13427734375,0.87890625,-0.09765625,-0.59814453125,-0.29296875,-0.146484375,0.03662109375,-0.7568359375,0.13427734375,0.927734375,0.06103515625,0.20751953125,-0.59814453125,-0.30517578125,0.01220703125,-0.9033203125,-0.20751953125,-0.48828125,-0.06103515625,-0.76904296875,-0.1953125,-0.20751953125,-0.32958984375,-0.64697265625,0.048828125,-0.4638671875,0.0732421875,0.5859375,0.01220703125,1.171875,0,0.40283203125,0.146484375,-0.0732421875,0.1953125,0.7080078125,-0.20751953125,1.5869140625,0.2197265625,1.86767578125,0.5615234375,1.25732421875,-0.15869140625,1.37939453125,0.0732421875,1.0009765625,-0.341796875,1.03759765625,-0.0244140625,0.1953125,-0.08544921875,0.25634765625,-0.3173828125,0.28076171875,0,0.84228515625,0,-0.03662109375,0.2685546875,1.35498046875,0.20751953125,-0.9765625,0.15869140625,-0.40283203125,-0.1220703125,-1.06201171875,0.09765625,-0.79345703125,-0.09765625,4.7607421875,-0.13427734375,3.01513671875,-0.09765625,3.60107421875,0.1220703125,3.2470703125,0.048828125,-0.8544921875,-0.13427734375,-0.79345703125,-0.08544921875,-0.732421875,-0.08544921875,-0.23193359375,0,3.35693359375,-0.32958984375,5.35888671875,-0.20751953125,2.4169921875,-0.01220703125,4.99267578125,-0.0244140625,0.3662109375,0.0244140625,0.01220703125,-0.0732421875,-0.06103515625,-0.03662109375,0.1708984375,-0.20751953125,-0.06103515625,-0.1708984375,0.732421875,-0.06103515625,-0.50048828125,-0.15869140625,-0.57373046875
1,0.2685546875,-0.341796875,0.2197265625,-0.341796875,-0.1708984375,-0.40283203125,-0.10986328125,-0.0732421875,0.2685546875,0.03662109375,0.0244140625,-0.87890625,-0.03662109375,1.13525390625,-0.0244140625,-0.146484375,0.0244140625,-0.54931640625,-0.1708984375,-0.146484375,-0.20751953125,0.89111328125,-0.0732421875,-0.6103515625,-0.15869140625,-0.08544921875,0.15869140625,-0.69580078125,0.25634765625,0.98876953125,0.08544921875,0.244140625,-0.3662109375,-0.32958984375,-0.01220703125,-0.87890625,-0.1708984375,-0.48828125,-0.10986328125,-0.7568359375,-0.23193359375,-0.1953125,-0.2685546875,-0.64697265625,0.0732421875,-0.47607421875,-0.03662109375,0.5859375,0.01220703125,1.13525390625,0.03662109375,0.4150390625,0.146484375,-0.08544921875,0.2685546875,0.72021484375,-0.23193359375,2.05078125,0.1953125,2.5634765625,0.48828125,1.611328125,-0.2197265625,1.85546875,0.03662109375,1.06201171875,-0.341796875,1.0498046875,-0.01220703125,0.18310546875,-0.09765625,0.25634765625,-0.3173828125,0.28076171875,0.01220703125,0.86669921875,0.03662109375,-0.03662109375,0.2685546875,1.37939453125,0.1708984375,-0.9521484375,0.08544921875,-0.4150390625,-0.09765625,-1.06201171875,0.13427734375,-0.79345703125,-0.048828125,3.62548828125,-0.1220703125,2.392578125,-0.048828125,2.91748046875,0.1220703125,2.4658203125,0.0244140625,-0.86669921875,-0.09765625,-0.79345703125,-0.1220703125,-0.72021484375,-0.146484375,-0.2197265625,-0.06103515625,3.22265625,-0.30517578125,5.21240234375,-0.23193359375,2.30712890625,-0.048828125,4.833984375,0.01220703125,0.35400390625,0.0244140625,0.01220703125,-0.0732421875,-0.03662109375,-0.03662109375,0.1953125,-0.2197265625,-0.08544921875,-0.15869140625,0.74462890625,-0.048828125,-0.50048828125,-0.13427734375,-0.59814453125
1,0.28076171875,-0.341796875,0.2197265625,-0.37841796875,-0.1708984375,-0.4150390625,-0.1220703125,-0.09765625,0.25634765625,0.048828125,0.0244140625,-0.87890625,-0.03662109375,1.13525390625,0.01220703125,-0.15869140625,-0.03662109375,-0.5859375,-0.2197265625,-0.146484375,-0.25634765625,0.9033203125,-0.08544921875,-0.59814453125,-0.20751953125,-0.1220703125,0.10986328125,-0.68359375,0.18310546875,1.025390625,0.06103515625,0.28076171875,-0.1708984375,-0.341796875,-0.01220703125,-0.9033203125,-0.13427734375,-0.48828125,-0.1708984375,-0.76904296875,-0.29296875,-0.18310546875,-0.18310546875,-0.64697265625,0.06103515625,-0.48828125,-0.08544921875,0.59814453125,0.01220703125,1.13525390625,0.048828125,0.439453125,0.08544921875,-0.10986328125,0.25634765625,0.72021484375,-0.2197265625,2.72216796875,0.18310546875,3.45458984375,0.5615234375,2.11181640625,-0.2197265625,2.60009765625,-0.01220703125,1.0986328125,-0.30517578125,1.0498046875,0.01220703125,0.18310546875,-0.1708984375,0.244140625,-0.2685546875,0.2685546875,0.06103515625,0.8544921875,0.06103515625,-0.0244140625,0.28076171875,1.35498046875,0.1708984375,-0.9521484375,0.048828125,-0.42724609375,-0.048828125,-1.03759765625,0.15869140625,-0.79345703125,-0.03662109375,2.44140625,-0.09765625,1.72119140625,-0.0244140625,2.1484375,0.146484375,1.59912109375,-0.0244140625,-0.8544921875,-0.0732421875,-0.8056640625,-0.146484375,-0.732421875,-0.18310546875,-0.25634765625,-0.08544921875,2.84423828125,-0.10986328125,4.7119140625,-0.20751953125,2.01416015625,-0.03662109375,4.4677734375,0.03662109375,0.3662109375,0.01220703125,0.0244140625,-0.0732421875,-0.01220703125,-0.03662109375,0.1953125,-0.2197265625,-0.08544921875,-0.13427734375,0.7568359375,-0.03662109375,-0.48828125,-0.1220703125,-0.5859375
1,0.2685546875,-0.341796875,0.1708984375,-0.390625,-0.1953125,-0.42724609375,-0.1220703125,-0.10986328125,0.244140625,0.048828125,0,-0.89111328125,-0.06103515625,1.15966796875,0.03662109375,-0.1953125,-0.06103515625,-0.57373046875,-0.2197265625,-0.15869140625,-0.244140625,0.9033203125,-0.09765625,-0.5859375,-0.28076171875,-0.18310546875,0.048828125,-0.72021484375,0.09765625,1.0009765625,0.10986328125,0.2197265625,-0.01220703125,-0.35400390625,-0.0244140625,-0.9033203125,-0.146484375,-0.4638671875,-0.23193359375,-0.7568359375,-0.30517578125,-0.18310546875,-0.1220703125,-0.64697265625,0,-0.50048828125,-0.09765625,0.6103515625,-0.0244140625,1.123046875,0.06103515625,0.45166015625,0.03662109375,-0.1708984375,0.30517578125,0.732421875,-0.146484375,3.62548828125,0.0244140625,4.4921875,0.634765625,2.8076171875,-0.28076171875,3.4912109375,-0.0244140625,1.0986328125,-0.30517578125,1.03759765625,0.0732421875,0.1953125,-0.20751953125,0.23193359375,-0.20751953125,0.244140625,0.10986328125,0.8544921875,0.08544921875,-0.0244140625,0.28076171875,1.3427734375,0.13427734375,-0.96435546875,0,-0.4150390625,0.048828125,-1.03759765625,0.13427734375,-0.79345703125,-0.0732421875,1.220703125,-0.08544921875,1.06201171875,-0.0244140625,1.3916015625,0.13427734375,0.72021484375,-0.06103515625,-0.86669921875,-0.0732421875,-0.8056640625,-0.1220703125,-0.7080078125,-0.1953125,-0.25634765625,-0.10986328125,2.30712890625,0.0244140625,3.84521484375,-0.2197265625,1.57470703125,-0.048828125,3.90625,0.048828125,0.37841796875,0.0244140625,0.0244140625,-0.06103515625,0,-0.048828125,0.2197265625,-0.20751953125,-0.09765625,-0.10986328125,0.76904296875,-0.048828125,-0.50048828125,-0.09765625,-0.57373046875
1,0.2685546875,-0.35400390625,0.15869140625,-0.37841796875,-0.1953125,-0.42724609375,-0.13427734375,-0.10986328125,0.2685546875,0.048828125,0.01220703125,-0.89111328125,-0.06103515625,1.1474609375,0.03662109375,-0.1953125,-0.048828125,-0.5859375,-0.20751953125,-0.18310546875,-0.18310546875,0.89111328125,-0.146484375,-0.5615234375,-0.1708984375,-0.32958984375,0.06103515625,-0.76904296875,0.01220703125,0.927734375,0.2197265625,0.1708984375,0.0244140625,-0.35400390625,-0.048828125,-0.89111328125,-0.1708984375,-0.42724609375,-0.28076171875,-0.7568359375,-0.2685546875,-0.18310546875,-0.06103515625,-0.64697265625,0.01220703125,-0.47607421875,-0.06103515625,0.62255859375,0.03662109375,1.11083984375,0.048828125,0.4638671875,-0.06103515625,-0.20751953125,0.28076171875,0.7080078125,-0.09765625,4.638671875,-0.06103515625,5.6396484375,0.5615234375,3.57666015625,-0.341796875,4.52880859375,-0.03662109375,1.07421875,-0.244140625,1.025390625,0.10986328125,0.1953125,-0.244140625,0.18310546875,-0.1708984375,0.244140625,0.146484375,0.81787109375,0.1220703125,-0.01220703125,0.25634765625,1.318359375,0.0244140625,-0.9765625,-0.03662109375,-0.4150390625,0.15869140625,-1.0498046875,0.09765625,-0.8056640625,-0.1220703125,0.08544921875,-0.1220703125,0.439453125,-0.03662109375,0.67138671875,0.1220703125,-0.10986328125,-0.08544921875,-0.86669921875,-0.0732421875,-0.830078125,-0.13427734375,-0.72021484375,-0.1953125,-0.28076171875,-0.1708984375,1.6357421875,0.10986328125,2.72216796875,-0.1708984375,1.0009765625,-0.06103515625,3.21044921875,0.06103515625,0.390625,0.048828125,0.0244140625,-0.0732421875,0.0244140625,-0.048828125,0.23193359375,-0.1953125,-0.0732421875,-0.09765625,0.8056640625,-0.06103515625,-0.50048828125,-0.06103515625,-0.52490234375
1,0.28076171875,-0.3662109375,0.10986328125,-0.3662109375,-0.1220703125,-0.42724609375,-0.1220703125,-0.09765625,0.2685546875,0.0732421875,0.01220703125,-0.86669921875,-0.048828125,1.11083984375,0.0244140625,-0.1708984375,-0.01220703125,-0.6103515625,-0.1953125,-0.18310546875,-0.09765625,0.9033203125,-0.20751953125,-0.5859375,-0.23193359375,-0.439453125,-0.048828125,-0.830078125,-0.1953125,0.89111328125,0.244140625,0.10986328125,-0.09765625,-0.3173828125,-0.03662109375,-0.86669921875,-0.2197265625,-0.40283203125,-0.2685546875,-0.7568359375,-0.1953125,-0.18310546875,-0.048828125,-0.64697265625,-0.03662109375,-0.45166015625,-0.01220703125,0.634765625,0.08544921875,1.11083984375,0.03662109375,0.47607421875,-0.1953125,-0.244140625,0.30517578125,0.72021484375,-0.048828125,5.6884765625,-0.06103515625,6.7626953125,0.59814453125,4.30908203125,-0.32958984375,5.57861328125,-0.03662109375,1.0498046875,-0.146484375,1.025390625,0.13427734375,0.18310546875,-0.28076171875,0.18310546875,-0.1708984375,0.23193359375,0.15869140625,0.830078125,0.13427734375,0,0.20751953125,1.30615234375,-0.0244140625,-0.96435546875,-0.048828125,-0.40283203125,0.23193359375,-1.0498046875,0.03662109375,-0.79345703125,-0.20751953125,-0.89111328125,-0.18310546875,-0.08544921875,-0.08544921875,0.048828125,0.13427734375,-0.830078125,-0.08544921875,-0.87890625,-0.13427734375,-0.830078125,-0.10986328125,-0.732421875,-0.1708984375,-0.28076171875,-0.09765625,0.927734375,0.1953125,1.45263671875,-0.15869140625,0.42724609375,0.01220703125,2.50244140625,0.0732421875,0.390625,0.06103515625,0.03662109375,-0.08544921875,0,0,0.244140625,-0.1953125,-0.06103515625,-0.09765625,0.830078125,-0.0732421875,-0.5126953125,-0.0732421875,-0.5126953125
1,0.25634765625,-0.37841796875,0.13427734375,-0.35400390625,-0.1220703125,-0.439453125,-0.13427734375,-0.08544921875,0.25634765625,0.06103515625,0.03662109375,-0.86669921875,-0.0244140625,1.0986328125,0.01220703125,-0.15869140625,0.0244140625,-0.6103515625,-0.13427734375,-0.1953125,-0.01220703125,0.89111328125,-0.25634765625,-0.59814453125,-0.29296875,-0.52490234375,-0.10986328125,-0.86669921875,-0.28076171875,0.84228515625,0.1953125,0.09765625,-0.25634765625,-0.29296875,-0.048828125,-0.87890625,-0.2685546875,-0.4150390625,-0.244140625,-0.7568359375,-0.10986328125,-0.18310546875,-0.03662109375,-0.634765625,-0.03662109375,-0.42724609375,0.0732421875,0.64697265625,0.048828125,1.11083984375,0.06103515625,0.48828125,-0.3662109375,-0.29296875,0.35400390625,0.7080078125,0,6.6162109375,0.0244140625,7.75146484375,0.5859375,5.0048828125,-0.2685546875,6.53076171875,0.01220703125,0.927734375,-0.048828125,1.01318359375,0.15869140625,0.1708984375,-0.244140625,0.15869140625,-0.18310546875,0.2197265625,0.15869140625,0.8056640625,0.10986328125,0,0.13427734375,1.2939453125,-0.13427734375,-0.96435546875,-0.06103515625,-0.4150390625,0.2685546875,-1.03759765625,-0.0244140625,-0.79345703125,-0.2197265625,-1.62353515625,-0.244140625,-0.4638671875,-0.1220703125,-0.42724609375,0.146484375,-1.3671875,-0.06103515625,-0.86669921875,-0.146484375,-0.81787109375,-0.09765625,-0.74462890625,-0.13427734375,-0.28076171875,-0.0732421875,0.29296875,0.1708984375,0.23193359375,-0.15869140625,-0.10986328125,0.0244140625,1.81884765625,0.0732421875,0.40283203125,0.10986328125,0.03662109375,-0.0732421875,-0.01220703125,0,0.2197265625,-0.1708984375,-0.0732421875,-0.08544921875,0.8544921875,-0.09765625,-0.537109375,-0.06103515625,-0.48828125
1,0.2685546875,-0.390625,0.13427734375,-0.35400390625,-0.10986328125,-0.42724609375,-0.1220703125,-0.08544921875,0.30517578125,0.0244140625,0.03662109375,-0.8544921875,-0.01220703125,1.08642578125,-0.0244140625,-0.146484375,0.01220703125,-0.6103515625,-0.0732421875,-0.2197265625,0.03662109375,0.89111328125,-0.244140625,-0.57373046875,-0.1708984375,-0.54931640625,-0.048828125,-0.84228515625,-0.29296875,0.86669921875,0.1953125,0.146484375,-0.45166015625,-0.28076171875,-0.0732421875,-0.8544921875,-0.29296875,-0.390625,-0.18310546875,-0.7568359375,0.01220703125,-0.1953125,-0.06103515625,-0.64697265625,-0.03662109375,-0.42724609375,0.146484375,0.64697265625,0.048828125,1.13525390625,0.1220703125,0.4638671875,-0.5859375,-0.29296875,0.35400390625,0.7080078125,0.03662109375,7.43408203125,-0.048828125,8.544921875,0.6591796875,5.52978515625,-0.13427734375,7.31201171875,0.0244140625,0.8544921875,0.0244140625,1.025390625,0.15869140625,0.18310546875,-0.2197265625,0.146484375,-0.1220703125,0.20751953125,0.2197265625,0.8056640625,0.10986328125,0.01220703125,0.06103515625,1.28173828125,-0.23193359375,-1.0009765625,-0.06103515625,-0.40283203125,0.25634765625,-1.03759765625,-0.03662109375,-0.8056640625,-0.244140625,-2.11181640625,-0.28076171875,-0.68359375,-0.1220703125,-0.72021484375,0.146484375,-1.69677734375,-0.06103515625,-0.87890625,-0.146484375,-0.84228515625,-0.03662109375,-0.72021484375,-0.10986328125,-0.28076171875,-0.01220703125,-0.18310546875,0.15869140625,-0.76904296875,-0.146484375,-0.5126953125,0.09765625,1.30615234375,0.0732421875,0.37841796875,0.146484375,0.0244140625,-0.0732421875,0,0.0244140625,0.2197265625,-0.1220703125,-0.03662109375,-0.08544921875,0.8544921875,-0.06103515625,-0.537109375,-0.08544921875,-0.47607421875
1,0.25634765625,-0.3662109375,0.1220703125,-0.35400390625,-0.1220703125,-0.4150390625,-0.10986328125,-0.0732421875,0.2685546875,0,0.03662109375,-0.86669921875,-0.0244140625,1.07421875,-0.06103515625,-0.1220703125,0.048828125,-0.59814453125,-0.0244140625,-0.20751953125,0.10986328125,0.89111328125,-0.2197265625,-0.57373046875,-0.244140625,-0.4638671875,-0.146484375,-0.7568359375,-0.29296875,0.93994140625,0.0732421875,0.244140625,-0.59814453125,-0.23193359375,-0.0732421875,-0.84228515625,-0.3173828125,-0.40283203125,-0.13427734375,-0.7568359375,0.146484375,-0.1953125,-0.0732421875,-0.6591796875,-0.01220703125,-0.390625,0.2197265625,0.6591796875,0.13427734375,1.15966796875,0.13427734375,0.4638671875,-0.74462890625,-0.30517578125,0.390625,0.7080078125,0.0244140625,7.9833984375,-0.01220703125,9.09423828125,0.5859375,5.89599609375,-0.048828125,7.8369140625,0.048828125,0.732421875,0.10986328125,1.01318359375,0.13427734375,0.1953125,-0.1708984375,0.13427734375,-0.01220703125,0.1953125,0.244140625,0.79345703125,0.0732421875,0.01220703125,0,1.26953125,-0.244140625,-0.96435546875,-0.0244140625,-0.390625,0.18310546875,-1.0498046875,0.0244140625,-0.81787109375,-0.2197265625,-2.3193359375,-0.3173828125,-0.7568359375,-0.08544921875,-0.84228515625,0.1220703125,-1.8798828125,-0.08544921875,-0.86669921875,-0.13427734375,-0.830078125,-0.0244140625,-0.7080078125,-0.08544921875,-0.25634765625,0.048828125,-0.4150390625,0.146484375,-1.3427734375,-0.18310546875,-0.72021484375,0.13427734375,1.0498046875,0.09765625,0.35400390625,0.15869140625,0.0244140625,-0.08544921875,-0.01220703125,0.03662109375,0.20751953125,-0.09765625,-0.0244140625,-0.08544921875,0.84228515625,-0.0244140625,-0.52490234375,-0.048828125,-0.48828125
0,0.29296875,-0.35400390625,0.10986328125,-0.3662109375,-0.13427734375,-0.42724609375,-0.08544921875,-0.06103515625,0.2685546875,-0.01220703125,0.06103515625,-0.87890625,0.01220703125,1.08642578125,-0.08544921875,-0.13427734375,0.09765625,-0.59814453125,0,-0.1953125,0.1220703125,0.87890625,-0.13427734375,-0.57373046875,-0.244140625,-0.30517578125,-0.15869140625,-0.64697265625,-0.18310546875,1.123046875,-0.03662109375,0.390625,-0.72021484375,-0.23193359375,-0.09765625,-0.8544921875,-0.244140625,-0.40283203125,-0.15869140625,-0.7568359375,0.20751953125,-0.18310546875,-0.06103515625,-0.6591796875,0.048828125,-0.40283203125,0.25634765625,0.6591796875,0.23193359375,1.171875,0.1708984375,0.439453125,-0.87890625,-0.28076171875,0.35400390625,0.69580078125,-0.03662109375,8.2763671875,0.0244140625,9.38720703125,0.537109375,6.0546875,0.01220703125,8.09326171875,0.0732421875,0.6103515625,0.13427734375,1.01318359375,0.09765625,0.1953125,-0.10986328125,0.146484375,0.09765625,0.1953125,0.2685546875,0.8056640625,0.06103515625,0.01220703125,-0.0732421875,1.26953125,-0.23193359375,-0.98876953125,0,-0.390625,0.10986328125,-1.0498046875,0.09765625,-0.81787109375,-0.146484375,-2.3193359375,-0.3173828125,-0.72021484375,-0.06103515625,-0.86669921875,0.1220703125,-1.8798828125,-0.10986328125,-0.8544921875,-0.08544921875,-0.8056640625,0,-0.74462890625,-0.03662109375,-0.2685546875,0.0244140625,-0.37841796875,0,-1.416015625,-0.2197265625,-0.68359375,0.09765625,1.0498046875,0.09765625,0.3662109375,0.15869140625,0.01220703125,-0.0732421875,-0.0244140625,0.048828125,0.18310546875,-0.08544921875,-0.048828125,-0.06103515625,0.81787109375,-0.01220703125,-0.52490234375,-0.0732421875,-0.5126953125
0,0.3173828125,-0.35400390625,0.10986328125,-0.35400390625,-0.1220703125,-0.4150390625,-0.09765625,-0.06103515625,0.25634765625,-0.048828125,0.0732421875,-0.86669921875,0.0244140625,1.0986328125,-0.09765625,-0.1220703125,0.15869140625,-0.5859375,0.06103515625,-0.15869140625,0.09765625,0.87890625,-0.01220703125,-0.5615234375,-0.18310546875,-0.08544921875,-0.146484375,-0.45166015625,-0.048828125,1.35498046875,-0.09765625,0.57373046875,-0.74462890625,-0.244140625,-0.1708984375,-0.87890625,-0.18310546875,-0.40283203125,-0.10986328125,-0.76904296875,0.20751953125,-0.18310546875,-0.10986328125,-0.6591796875,0.10986328125,-0.4150390625,0.2685546875,0.6591796875,0.2685546875,1.171875,0.1953125,0.439453125,-0.93994140625,-0.244140625,0.2685546875,0.68359375,-0.1220703125,8.30078125,0.1220703125,9.423828125,0.52490234375,6.06689453125,0.08544921875,8.10546875,0.048828125,0.50048828125,0.1953125,1.03759765625,0.0732421875,0.1953125,-0.0732421875,0.146484375,0.18310546875,0.23193359375,0.2685546875,0.79345703125,0.01220703125,0,-0.08544921875,1.28173828125,-0.1953125,-1.0009765625,0.03662109375,-0.40283203125,0.03662109375,-1.0498046875,0.15869140625,-0.8056640625,-0.2197265625,-2.18505859375,-0.29296875,-0.6103515625,-0.03662109375,-0.78125,0.09765625,-1.7822265625,-0.15869140625,-0.84228515625,-0.08544921875,-0.8056640625,-0.01220703125,-0.79345703125,0.03662109375,-0.244140625,0.08544921875,-0.03662109375,0.06103515625,-0.98876953125,-0.23193359375,-0.42724609375,0.09765625,1.37939453125,0.13427734375,0.3662109375,0.15869140625,0.01220703125,-0.08544921875,0.01220703125,0.06103515625,0.1953125,-0.08544921875,-0.048828125,-0.0732421875,0.79345703125,0.0244140625,-0.48828125,-0.10986328125,-0.52490234375
0,0.2685546875,-0.3662109375,0.10986328125,-0.35400390625,-0.08544921875,-0.439453125,-0.146484375,-0.06103515625,0.23193359375,-0.06103515625,0.08544921875,-0.87890625,0.048828125,1.0986328125,-0.09765625,-0.1220703125,0.2197265625,-0.57373046875,0.1220703125,-0.15869140625,0.048828125,0.86669921875,0.08544921875,-0.59814453125,-0.3173828125,0.18310546875,-0.2197265625,-0.2685546875,0.0244140625,1.57470703125,-0.1708984375,0.78125,-0.6591796875,-0.25634765625,-0.244140625,-0.89111328125,-0.10986328125,-0.4150390625,-0.1220703125,-0.79345703125,0.146484375,-0.1953125,-0.146484375,-0.67138671875,0.20751953125,-0.439453125,0.28076171875,0.62255859375,0.28076171875,1.15966796875,0.23193359375,0.439453125,-0.9521484375,-0.18310546875,0.2197265625,0.67138671875,-0.15869140625,8.14208984375,0.18310546875,9.26513671875,0.5615234375,5.95703125,0.20751953125,7.94677734375,0.0244140625,0.3662109375,0.2685546875,1.01318359375,0.0732421875,0.1953125,0,0.146484375,0.2685546875,0.2197265625,0.23193359375,0.78125,-0.048828125,0.01220703125,-0.1220703125,1.28173828125,-0.146484375,-0.98876953125,0.08544921875,-0.390625,-0.0244140625,-1.03759765625,0.2197265625,-0.8056640625,-0.13427734375,-1.96533203125,-0.1708984375,-0.4638671875,0.08544921875,-0.64697265625,0.13427734375,-1.62353515625,-0.15869140625,-0.830078125,-0.048828125,-0.84228515625,-0.03662109375,-0.76904296875,0.08544921875,-0.244140625,0.09765625,0.52490234375,0.0732421875,-0.03662109375,-0.25634765625,0.0244140625,0.10986328125,1.96533203125,0.146484375,0.390625,0.146484375,0,-0.0732421875,-0.01220703125,0.048828125,0.20751953125,-0.08544921875,-0.06103515625,-0.08544921875,0.78125,0.0244140625,-0.48828125,-0.10986328125,-0.5615234375
0,0.30517578125,-0.35400390625,0.08544921875,-0.35400390625,-0.0732421875,-0.42724609375,-0.15869140625,-0.06103515625,0.25634765625,-0.0732421875,0.06103515625,-0.89111328125,0.048828125,1.0986328125,-0.09765625,-0.146484375,0.1953125,-0.5859375,0.18310546875,-0.146484375,0,0.87890625,0.18310546875,-0.6103515625,-0.29296875,0.40283203125,-0.18310546875,-0.08544921875,0.0732421875,1.79443359375,-0.1953125,0.96435546875,-0.50048828125,-0.28076171875,-0.30517578125,-0.87890625,-0.03662109375,-0.439453125,-0.18310546875,-0.8056640625,0.03662109375,-0.1708984375,-0.1953125,-0.68359375,0.23193359375,-0.47607421875,0.23193359375,0.6103515625,0.28076171875,1.1474609375,0.30517578125,0.45166015625,-0.91552734375,-0.146484375,0.10986328125,0.69580078125,-0.1953125,7.861328125,0.146484375,8.984375,0.5615234375,5.7861328125,0.25634765625,7.6416015625,0.0244140625,0.28076171875,0.28076171875,1.01318359375,0.08544921875,0.2197265625,-0.0244140625,0.1708984375,0.29296875,0.25634765625,0.1708984375,0.84228515625,-0.08544921875,-0.01220703125,-0.146484375,1.30615234375,-0.06103515625,-0.98876953125,0.146484375,-0.40283203125,-0.0732421875,-1.025390625,0.244140625,-0.8056640625,-0.09765625,-1.77001953125,-0.0732421875,-0.32958984375,0.15869140625,-0.50048828125,0.146484375,-1.47705078125,-0.15869140625,-0.8056640625,-0.03662109375,-0.84228515625,-0.0732421875,-0.72021484375,0.1220703125,-0.25634765625,0.03662109375,1.2939453125,0.06103515625,1.26953125,-0.29296875,0.6591796875,0.06103515625,2.7587890625,0.146484375,0.390625,0.146484375,0,-0.0732421875,0.01220703125,0.048828125,0.2197265625,-0.08544921875,-0.0732421875,-0.048828125,0.76904296875,0.03662109375,-0.47607421875,-0.146484375,-0.57373046875
0,0.30517578125,-0.341796875,0.048828125,-0.3662109375,-0.0732421875,-0.42724609375,-0.1708984375,-0.08544921875,0.2685546875,-0.09765625,0.06103515625,-0.89111328125,0.03662109375,1.11083984375,-0.1220703125,-0.1708984375,0.15869140625,-0.57373046875,0.1953125,-0.13427734375,-0.048828125,0.9033203125,0.25634765625,-0.5859375,-0.25634765625,0.57373046875,-0.13427734375,0.0732421875,0.09765625,1.98974609375,-0.146484375,1.13525390625,-0.37841796875,-0.30517578125,-0.32958984375,-0.87890625,0.0244140625,-0.439453125,-0.146484375,-0.81787109375,-0.048828125,-0.18310546875,-0.244140625,-0.67138671875,0.25634765625,-0.48828125,0.1708984375,0.5859375,0.25634765625,1.123046875,0.35400390625,0.4638671875,-0.9033203125,-0.1220703125,0.01220703125,0.69580078125,-0.244140625,7.51953125,0.10986328125,8.6181640625,0.537109375,5.57861328125,0.3173828125,7.2998046875,0.048828125,0.20751953125,0.3173828125,1.01318359375,0.10986328125,0.20751953125,-0.01220703125,0.1708984375,0.2685546875,0.2685546875,0.0732421875,0.8056640625,-0.1220703125,-0.0244140625,-0.1220703125,1.30615234375,-0.03662109375,-0.9765625,0.1953125,-0.390625,-0.0732421875,-1.0009765625,0.244140625,-0.78125,-0.09765625,-1.611328125,0.0244140625,-0.2685546875,0.20751953125,-0.4150390625,0.15869140625,-1.35498046875,-0.146484375,-0.8056640625,-0.0244140625,-0.8544921875,-0.146484375,-0.69580078125,0.10986328125,-0.244140625,-0.01220703125,2.197265625,0.1220703125,2.86865234375,-0.341796875,1.3916015625,0.01220703125,3.6865234375,0.146484375,0.390625,0.18310546875,0,-0.0732421875,0.01220703125,0.01220703125,0.2197265625,-0.1220703125,-0.0732421875,-0.0732421875,0.78125,0.0244140625,-0.47607421875,-0.146484375,-0.59814453125
0,0.28076171875,-0.341796875,0.048828125,-0.3662109375,-0.06103515625,-0.42724609375,-0.18310546875,-0.0732421875,0.29296875,-0.09765625,0.03662109375,-0.87890625,0.06103515625,1.123046875,-0.10986328125,-0.15869140625,0.0732421875,-0.57373046875,0.1953125,-0.146484375,-0.048828125,0.91552734375,0.244140625,-0.57373046875,-0.2197265625,0.68359375,-0.06103515625,0.146484375,0.048828125,2.11181640625,-0.03662109375,1.23291015625,-0.3173828125,-0.35400390625,-0.341796875,-0.86669921875,0.03662109375,-0.45166015625,-0.146484375,-0.8056640625,-0.13427734375,-0.1708984375,-0.2685546875,-0.68359375,0.25634765625,-0.50048828125,0.1220703125,0.5859375,0.1953125,1.11083984375,0.40283203125,0.4638671875,-0.84228515625,-0.06103515625,-0.13427734375,0.69580078125,-0.2197265625,7.177734375,0.10986328125,8.26416015625,0.5615234375,5.3955078125,0.30517578125,6.97021484375,0.08544921875,0.15869140625,0.30517578125,1.01318359375,0.15869140625,0.2197265625,-0.0244140625,0.18310546875,0.25634765625,0.28076171875,0,0.8056640625,-0.146484375,-0.01220703125,-0.10986328125,1.318359375,-0.0244140625,-0.9521484375,0.25634765625,-0.37841796875,-0.09765625,-1.025390625,0.20751953125,-0.76904296875,-0.08544921875,-1.5869140625,0.13427734375,-0.244140625,0.1953125,-0.35400390625,0.20751953125,-1.30615234375,-0.13427734375,-0.79345703125,-0.01220703125,-0.830078125,-0.20751953125,-0.67138671875,0.10986328125,-0.2685546875,-0.03662109375,3.13720703125,0.244140625,4.5654296875,-0.32958984375,2.16064453125,0.01220703125,4.638671875,0.15869140625,0.390625,0.1708984375,-0.01220703125,-0.08544921875,0,-0.03662109375,0.23193359375,-0.13427734375,-0.08544921875,-0.06103515625,0.79345703125,-0.01220703125,-0.4638671875,-0.13427734375,-0.5859375
0,0.29296875,-0.3662109375,0.048828125,-0.37841796875,-0.06103515625,-0.40283203125,-0.20751953125,-0.09765625,0.28076171875,-0.08544921875,0.01220703125,-0.87890625,0.0732421875,1.11083984375,-0.10986328125,-0.18310546875,-0.01220703125,-0.57373046875,0.1708984375,-0.15869140625,-0.06103515625,0.91552734375,0.1953125,-0.5859375,-0.18310546875,0.6591796875,-0.03662109375,0.15869140625,-0.01220703125,2.16064453125,0.08544921875,1.2451171875,-0.341796875,-0.35400390625,-0.32958984375,-0.86669921875,0.06103515625,-0.42724609375,-0.1708984375,-0.79345703125,-0.15869140625,-0.146484375,-0.30517578125,-0.67138671875,0.2197265625,-0.50048828125,0.1220703125,0.59814453125,0.06103515625,1.08642578125,0.42724609375,0.47607421875,-0.7080078125,-0.048828125,-0.28076171875,0.72021484375,-0.146484375,6.9091796875,0.10986328125,7.9345703125,0.54931640625,5.224609375,0.3173828125,6.67724609375,0.10986328125,0.15869140625,0.2685546875,1.025390625,0.1953125,0.23193359375,-0.08544921875,0.1953125,0.1953125,0.2685546875,-0.048828125,0.84228515625,-0.13427734375,0,-0.1220703125,1.3427734375,-0.03662109375,-0.9521484375,0.3173828125,-0.390625,-0.06103515625,-1.01318359375,0.10986328125,-0.78125,-0.0732421875,-1.6357421875,0.1953125,-0.28076171875,0.1708984375,-0.3662109375,0.23193359375,-1.318359375,-0.1708984375,-0.8056640625,-0.06103515625,-0.84228515625,-0.25634765625,-0.6591796875,0.08544921875,-0.29296875,-0.10986328125,4.01611328125,0.2197265625,6.1767578125,-0.35400390625,2.86865234375,-0.0244140625,5.56640625,0.146484375,0.390625,0.146484375,0,-0.08544921875,-0.0244140625,-0.048828125,0.23193359375,-0.1220703125,-0.0732421875,-0.06103515625,0.81787109375,-0.01220703125,-0.50048828125,-0.08544921875,-0.5615234375
0,0.2685546875,-0.37841796875,0.01220703125,-0.390625,-0.048828125,-0.40283203125,-0.23193359375,-0.10986328125,0.25634765625,-0.0732421875,0.0244140625,-0.89111328125,0.06103515625,1.0986328125,-0.13427734375,-0.1953125,-0.06103515625,-0.5859375,0.09765625,-0.1708984375,-0.09765625,0.91552734375,0.08544921875,-0.59814453125,-0.15869140625,0.57373046875,-0.03662109375,0.09765625,-0.0732421875,2.13623046875,0.244140625,1.1962890625,-0.4150390625,-0.341796875,-0.2197265625,-0.8544921875,0.03662109375,-0.4150390625,-0.1220703125,-0.76904296875,-0.18310546875,-0.1708984375,-0.341796875,-0.6591796875,0.18310546875,-0.47607421875,0.08544921875,0.59814453125,-0.03662109375,1.08642578125,0.439453125,0.4638671875,-0.57373046875,-0.048828125,-0.4638671875,0.72021484375,-0.08544921875,6.689453125,0.146484375,7.666015625,0.40283203125,5.06591796875,0.25634765625,6.4453125,0.15869140625,0.18310546875,0.20751953125,1.0009765625,0.20751953125,0.23193359375,-0.1220703125,0.1953125,0.1953125,0.2685546875,-0.08544921875,0.8544921875,-0.09765625,0,-0.13427734375,1.33056640625,-0.09765625,-0.9521484375,0.32958984375,-0.390625,-0.03662109375,-1.01318359375,0.03662109375,-0.76904296875,-0.08544921875,-1.7578125,0.18310546875,-0.341796875,0.146484375,-0.45166015625,0.29296875,-1.37939453125,-0.1708984375,-0.79345703125,-0.10986328125,-0.8544921875,-0.29296875,-0.67138671875,0.0732421875,-0.30517578125,-0.1220703125,4.74853515625,0.1953125,7.58056640625,-0.3173828125,3.50341796875,-0.0244140625,6.3720703125,0.1708984375,0.390625,0.146484375,0.01220703125,-0.08544921875,-0.06103515625,-0.048828125,0.23193359375,-0.13427734375,-0.06103515625,-0.048828125,0.81787109375,-0.0244140625,-0.52490234375,-0.06103515625,-0.54931640625
0,0.244140625,-0.3662109375,-0.01220703125,-0.390625,-0.06103515625,-0.40283203125,-0.2197265625,-0.10986328125,0.25634765625,-0.03662109375,0.0244140625,-0.87890625,0.0732421875,1.0986328125,-0.146484375,-0.20751953125,-0.048828125,-0.59814453125,0.03662109375,-0.20751953125,-0.13427734375,0.87890625,-0.03662109375,-0.57373046875,-0.13427734375,0.390625,-0.08544921875,-0.01220703125,-0.09765625,2.01416015625,0.3662109375,1.07421875,-0.5126953125,-0.3173828125,-0.1220703125,-0.84228515625,-0.03662109375,-0.37841796875,-0.13427734375,-0.74462890625,-0.1708984375,-0.1708984375,-0.32958984375,-0.67138671875,0.15869140625,-0.48828125,0.048828125,0.6103515625,-0.1220703125,1.08642578125,0.40283203125,0.439453125,-0.45166015625,-0.1220703125,-0.57373046875,0.72021484375,0.048828125,6.5185546875,0.15869140625,7.373046875,0.4150390625,4.89501953125,0.20751953125,6.23779296875,0.23193359375,0.1953125,0.146484375,1.025390625,0.2197265625,0.2197265625,-0.15869140625,0.18310546875,0.146484375,0.2685546875,-0.06103515625,0.8544921875,-0.08544921875,0.03662109375,-0.10986328125,1.33056640625,-0.1953125,-0.96435546875,0.341796875,-0.37841796875,-0.01220703125,-1.01318359375,0.01220703125,-0.78125,-0.01220703125,-1.8798828125,0.15869140625,-0.439453125,0.13427734375,-0.5126953125,0.35400390625,-1.45263671875,-0.18310546875,-0.79345703125,-0.1953125,-0.8056640625,-0.30517578125,-0.67138671875,0.06103515625,-0.29296875,-0.10986328125,5.3466796875,0.1220703125,8.6669921875,-0.244140625,4.00390625,-0.01220703125,6.99462890625,0.15869140625,0.3662109375,0.146484375,0.0244140625,-0.08544921875,-0.048828125,-0.03662109375,0.2197265625,-0.1220703125,-0.048828125,-0.06103515625,0.81787109375,-0.03662109375,-0.52490234375,-0.0244140625,-0.537109375
0,0.25634765625,-0.37841796875,-0.0244140625,-0.37841796875,-0.03662109375,-0.390625,-0.2197265625,-0.10986328125,0.25634765625,0,0.03662109375,-0.87890625,0.09765625,1.0986328125,-0.1708984375,-0.1708984375,-0.0732421875,-0.62255859375,0.01220703125,-0.23193359375,-0.20751953125,0.84228515625,-0.1220703125,-0.57373046875,-0.10986328125,0.1953125,-0.1220703125,-0.13427734375,-0.048828125,1.85546875,0.390625,0.93994140625,-0.634765625,-0.28076171875,0.01220703125,-0.84228515625,-0.09765625,-0.4150390625,-0.1220703125,-0.74462890625,-0.13427734375,-0.1953125,-0.341796875,-0.64697265625,0.0732421875,-0.45166015625,0.01220703125,0.634765625,-0.1953125,1.11083984375,0.37841796875,0.45166015625,-0.3173828125,-0.13427734375,-0.67138671875,0.72021484375,0.09765625,6.3232421875,0.09765625,7.09228515625,0.30517578125,4.69970703125,0.146484375,6.0546875,0.244140625,0.20751953125,0.09765625,1.01318359375,0.20751953125,0.2197265625,-0.1953125,0.18310546875,0.03662109375,0.244140625,-0.08544921875,0.84228515625,-0.03662109375,0.03662109375,-0.09765625,1.33056640625,-0.28076171875,-0.93994140625,0.28076171875,-0.3662109375,0,-0.98876953125,0.03662109375,-0.78125,0.03662109375,-2.01416015625,0.06103515625,-0.50048828125,0.10986328125,-0.57373046875,0.390625,-1.513671875,-0.18310546875,-0.830078125,-0.28076171875,-0.76904296875,-0.28076171875,-0.7080078125,0.048828125,-0.2685546875,-0.03662109375,5.76171875,0.0732421875,9.41162109375,-0.1708984375,4.3212890625,-0.01220703125,7.40966796875,0.1708984375,0.3662109375,0.146484375,0.01220703125,-0.0732421875,-0.06103515625,-0.03662109375,0.2197265625,-0.09765625,-0.03662109375,-0.1220703125,0.8056640625,-0.03662109375,-0.5615234375,0.01220703125,-0.54931640625
0,0.244140625,-0.390625,-0.048828125,-0.37841796875,0,-0.40283203125,-0.20751953125,-0.08544921875,0.2685546875,0.0244140625,0.048828125,-0.86669921875,0.0732421875,1.06201171875,-0.18310546875,-0.1708984375,-0.1220703125,-0.634765625,-0.01220703125,-0.244140625,-0.2685546875,0.84228515625,-0.15869140625,-0.57373046875,-0.048828125,0,-0.146484375,-0.2685546875,-0.0244140625,1.72119140625,0.341796875,0.8056640625,-0.67138671875,-0.23193359375,0.03662109375,-0.8544921875,-0.09765625,-0.42724609375,-0.10986328125,-0.72021484375,-0.10986328125,-0.2197265625,-0.3173828125,-0.64697265625,0.08544921875,-0.45166015625,-0.01220703125,0.64697265625,-0.23193359375,1.123046875,0.29296875,0.439453125,-0.2197265625,-0.1708984375,-0.74462890625,0.732421875,0.08544921875,6.11572265625,0.10986328125,6.79931640625,0.15869140625,4.443359375,0.09765625,5.810546875,0.23193359375,0.2197265625,0.03662109375,1.025390625,0.1708984375,0.1953125,-0.2197265625,0.15869140625,-0.0244140625,0.23193359375,-0.06103515625,0.8056640625,0.0244140625,0.048828125,-0.13427734375,1.30615234375,-0.35400390625,-0.96435546875,0.2197265625,-0.37841796875,0,-0.98876953125,0.0732421875,-0.78125,0.048828125,-2.06298828125,-0.06103515625,-0.537109375,0.1708984375,-0.59814453125,0.3662109375,-1.55029296875,-0.146484375,-0.86669921875,-0.29296875,-0.76904296875,-0.244140625,-0.7568359375,0.01220703125,-0.28076171875,0.01220703125,5.9326171875,0.0732421875,9.77783203125,-0.1220703125,4.45556640625,-0.0244140625,7.6171875,0.20751953125,0.35400390625,0.1708984375,0.0244140625,-0.0732421875,-0.0244140625,-0.01220703125,0.2197265625,-0.09765625,-0.03662109375,-0.13427734375,0.8056640625,-0.03662109375,-0.54931640625,0,-0.537109375
0,0.23193359375,-0.4150390625,-0.06103515625,-0.341796875,-0.0244140625,-0.40283203125,-0.1953125,-0.06103515625,0.2685546875,0.03662109375,0.06103515625,-0.86669921875,0.08544921875,1.07421875,-0.18310546875,-0.13427734375,-0.1220703125,-0.64697265625,-0.0244140625,-0.2197265625,-0.2685546875,0.830078125,-0.15869140625,-0.5615234375,0.0244140625,-0.146484375,-0.1708984375,-0.3662109375,0,1.57470703125,0.1708984375,0.72021484375,-0.68359375,-0.15869140625,0.01220703125,-0.8544921875,-0.0732421875,-0.45166015625,-0.15869140625,-0.74462890625,-0.10986328125,-0.1953125,-0.28076171875,-0.64697265625,0.0732421875,-0.42724609375,-0.0244140625,0.62255859375,-0.2685546875,1.1474609375,0.25634765625,0.42724609375,-0.146484375,-0.2197265625,-0.81787109375,0.732421875,0.0732421875,5.810546875,0.1220703125,6.396484375,0.25634765625,4.11376953125,0.06103515625,5.517578125,0.20751953125,0.23193359375,0.01220703125,1.01318359375,0.09765625,0.1708984375,-0.244140625,0.15869140625,-0.08544921875,0.2197265625,-0.048828125,0.830078125,0.03662109375,0.048828125,-0.13427734375,1.30615234375,-0.37841796875,-0.96435546875,0.13427734375,-0.390625,-0.03662109375,-1.0009765625,0.10986328125,-0.78125,0.08544921875,-2.03857421875,-0.10986328125,-0.52490234375,0.20751953125,-0.57373046875,0.32958984375,-1.513671875,-0.1220703125,-0.89111328125,-0.3173828125,-0.8056640625,-0.20751953125,-0.7568359375,0,-0.25634765625,0.048828125,5.89599609375,0.0244140625,9.7900390625,-0.0732421875,4.43115234375,-0.03662109375,7.60498046875,0.2197265625,0.35400390625,0.1953125,0.01220703125,-0.0732421875,-0.01220703125,0.01220703125,0.20751953125,-0.08544921875,-0.048828125,-0.15869140625,0.76904296875,-0.0244140625,-0.537109375,0,-0.537109375
0,0.23193359375,-0.390625,-0.08544921875,-0.32958984375,-0.03662109375,-0.40283203125,-0.1708984375,-0.048828125,0.25634765625,0.01220703125,0.03662109375,-0.8544921875,0.048828125,1.03759765625,-0.18310546875,-0.13427734375,-0.1220703125,-0.634765625,-0.0732421875,-0.1953125,-0.3173828125,0.81787109375,-0.09765625,-0.57373046875,-0.048828125,-0.25634765625,-0.23193359375,-0.439453125,-0.01220703125,1.4892578125,-0.03662109375,0.6591796875,-0.537109375,-0.08544921875,-0.048828125,-0.8544921875,-0.048828125,-0.47607421875,-0.18310546875,-0.76904296875,-0.1220703125,-0.2197265625,-0.244140625,-0.64697265625,0.06103515625,-0.4150390625,-0.048828125,0.634765625,-0.29296875,1.15966796875,0.2197265625,0.439453125,-0.10986328125,-0.23193359375,-0.8544921875,0.72021484375,0.0732421875,5.40771484375,0.10986328125,5.92041015625,0.146484375,3.72314453125,0.0244140625,5.126953125,0.1953125,0.2197265625,-0.06103515625,1.025390625,0.0732421875,0.15869140625,-0.244140625,0.15869140625,-0.1220703125,0.23193359375,-0.01220703125,0.79345703125,0.0732421875,0.01220703125,-0.09765625,1.2939453125,-0.390625,-0.96435546875,0.0244140625,-0.390625,0.01220703125,-1.0009765625,0.18310546875,-0.79345703125,0.1220703125,-1.9287109375,-0.1953125,-0.47607421875,0.20751953125,-0.50048828125,0.1953125,-1.4404296875,-0.08544921875,-0.87890625,-0.30517578125,-0.81787109375,-0.15869140625,-0.7568359375,-0.03662109375,-0.25634765625,0.08544921875,5.6640625,0.01220703125,9.47265625,-0.03662109375,4.23583984375,-0.048828125,7.421875,0.244140625,0.341796875,0.2197265625,0.0244140625,-0.0732421875,0,0.01220703125,0.1953125,-0.0732421875,-0.048828125,-0.1953125,0.79345703125,0,-0.537109375,0,-0.537109375
1,0.23193359375,-0.390625,-0.10986328125,-0.341796875,-0.0732421875,-0.40283203125,-0.146484375,-0.0244140625,0.23193359375,0,0.048828125,-0.8544921875,0.0244140625,1.07421875,-0.146484375,-0.10986328125,-0.09765625,-0.64697265625,-0.08544921875,-0.20751953125,-0.30517578125,0.81787109375,-0.048828125,-0.57373046875,-0.0732421875,-0.25634765625,-0.2197265625,-0.439453125,-0.01220703125,1.45263671875,-0.1220703125,0.64697265625,-0.4150390625,-0.01220703125,-0.15869140625,-0.86669921875,0.01220703125,-0.47607421875,-0.25634765625,-0.79345703125,-0.10986328125,-0.2197265625,-0.20751953125,-0.64697265625,0.10986328125,-0.4150390625,-0.048828125,0.62255859375,-0.29296875,1.1474609375,0.13427734375,0.42724609375,-0.15869140625,-0.23193359375,-0.81787109375,0.72021484375,0.01220703125,4.94384765625,0.10986328125,5.37109375,0.1220703125,3.2958984375,0,4.67529296875,0.15869140625,0.2197265625,-0.1220703125,1.01318359375,-0.01220703125,0.15869140625,-0.23193359375,0.1708984375,-0.1708984375,0.23193359375,-0.01220703125,0.8056640625,0.08544921875,0.01220703125,-0.0732421875,1.318359375,-0.32958984375,-0.96435546875,-0.048828125,-0.390625,0.0244140625,-1.01318359375,0.2197265625,-0.81787109375,-0.03662109375,-1.806640625,-0.2685546875,-0.37841796875,0.1220703125,-0.42724609375,0.06103515625,-1.33056640625,-0.0732421875,-0.89111328125,-0.25634765625,-0.8056640625,-0.09765625,-0.76904296875,-0.0244140625,-0.25634765625,0.06103515625,5.28564453125,0.01220703125,8.87451171875,-0.01220703125,3.94287109375,-0.09765625,7.0556640625,0.2197265625,0.390625,0.20751953125,0.0244140625,-0.0732421875,0.03662109375,0.0244140625,0.20751953125,-0.0732421875,-0.08544921875,-0.1953125,0.79345703125,0.01220703125,-0.52490234375,0,-0.54931640625
1,0.20751953125,-0.3662109375,-0.1220703125,-0.341796875,-0.0244140625,-0.4150390625,-0.13427734375,-0.03662109375,0.20751953125,-0.03662109375,0.0244140625,-0.86669921875,0.01220703125,1.08642578125,-0.146484375,-0.13427734375,-0.03662109375,-0.62255859375,-0.0732421875,-0.1953125,-0.2685546875,0.830078125,-0.0244140625,-0.57373046875,-0.244140625,-0.1953125,-0.3662109375,-0.40283203125,-0.13427734375,1.45263671875,-0.29296875,0.67138671875,-0.28076171875,0.0732421875,-0.1953125,-0.86669921875,0.06103515625,-0.4638671875,-0.3173828125,-0.8056640625,-0.10986328125,-0.1953125,-0.15869140625,-0.634765625,0.10986328125,-0.42724609375,-0.0244140625,0.6103515625,-0.2685546875,1.1474609375,0.06103515625,0.4638671875,-0.15869140625,-0.20751953125,-0.69580078125,0.7080078125,-0.03662109375,4.4189453125,0.10986328125,4.77294921875,0.146484375,2.86865234375,-0.01220703125,4.16259765625,0.1220703125,0.23193359375,-0.15869140625,1.01318359375,-0.0732421875,0.146484375,-0.18310546875,0.1708984375,-0.23193359375,0.23193359375,0.0244140625,0.8056640625,0.08544921875,0,-0.01220703125,1.33056640625,-0.3173828125,-0.98876953125,-0.08544921875,-0.40283203125,0.048828125,-1.0009765625,0.1953125,-0.81787109375,-0.01220703125,-1.62353515625,-0.2197265625,-0.28076171875,0.1220703125,-0.32958984375,0.0732421875,-1.220703125,-0.15869140625,-0.87890625,-0.18310546875,-0.84228515625,-0.0732421875,-0.7568359375,0.0244140625,-0.244140625,0.048828125,4.7607421875,-0.01220703125,8.06884765625,-0.03662109375,3.50341796875,-0.09765625,6.50634765625,0.20751953125,0.390625,0.20751953125,0.0244140625,-0.08544921875,0.0732421875,0.01220703125,0.18310546875,-0.03662109375,-0.0732421875,-0.20751953125,0.8056640625,0,-0.48828125,0.01220703125,-0.537109375
1,0.1953125,-0.3662109375,-0.1220703125,-0.341796875,-0.0244140625,-0.4150390625,-0.13427734375,-0.03662109375,0.2197265625,-0.0732421875,-0.01220703125,-0.87890625,0,1.0986328125,-0.15869140625,-0.13427734375,0.01220703125,-0.5859375,0,-0.18310546875,-0.23193359375,0.8544921875,0,-0.57373046875,-0.4150390625,-0.10986328125,-0.45166015625,-0.3662109375,-0.23193359375,1.4892578125,-0.35400390625,0.69580078125,-0.15869140625,0.13427734375,-0.28076171875,-0.87890625,0.048828125,-0.4638671875,-0.341796875,-0.78125,-0.0732421875,-0.18310546875,-0.15869140625,-0.634765625,0.09765625,-0.45166015625,0.048828125,0.6103515625,-0.25634765625,1.13525390625,0.048828125,0.47607421875,-0.18310546875,-0.20751953125,-0.5859375,0.7080078125,-0.13427734375,3.857421875,0.1220703125,4.1015625,0.0244140625,2.47802734375,-0.09765625,3.61328125,0.08544921875,0.23193359375,-0.1953125,1.01318359375,-0.09765625,0.146484375,-0.1220703125,0.1953125,-0.28076171875,0.2685546875,0,0.78125,0.09765625,-0.0244140625,0.06103515625,1.33056640625,-0.32958984375,-1.0009765625,-0.09765625,-0.40283203125,0.09765625,-1.0009765625,0.13427734375,-0.8056640625,-0.0244140625,-1.45263671875,-0.20751953125,-0.18310546875,0.06103515625,-0.244140625,0.03662109375,-1.0986328125,-0.1953125,-0.8544921875,-0.1220703125,-0.84228515625,-0.06103515625,-0.732421875,0.08544921875,-0.244140625,0,4.150390625,-0.0244140625,7.11669921875,-0.09765625,3.0029296875,-0.08544921875,5.859375,0.1953125,0.4150390625,0.2197265625,0.0244140625,-0.0732421875,0.0732421875,0.0244140625,0.1953125,-0.048828125,-0.08544921875,-0.1708984375,0.79345703125,-0.0244140625,-0.50048828125,0.0244140625,-0.537109375
1,0.1708984375,-0.3662109375,-0.13427734375,-0.37841796875,0,-0.42724609375,-0.10986328125,-0.048828125,0.25634765625,-0.10986328125,-0.03662109375,-0.89111328125,-0.01220703125,1.0986328125,-0.18310546875,-0.15869140625,0.048828125,-0.5615234375,0.0732421875,-0.15869140625,-0.1708984375,0.91552734375,0,-0.57373046875,-0.3662109375,-0.01220703125,-0.4150390625,-0.3173828125,-0.29296875,1.5380859375,-0.25634765625,0.7080078125,-0.13427734375,0.18310546875,-0.30517578125,-0.89111328125,0.01220703125,-0.4638671875,-0.3173828125,-0.79345703125,-0.0244140625,-0.18310546875,-0.2197265625,-0.64697265625,0.06103515625,-0.439453125,0.1220703125,0.59814453125,-0.244140625,1.11083984375,-0.0244140625,0.48828125,-0.1953125,-0.1953125,-0.42724609375,0.69580078125,-0.23193359375,3.3203125,0.15869140625,3.4912109375,0.03662109375,2.1484375,-0.15869140625,3.06396484375,0.048828125,0.244140625,-0.18310546875,1.03759765625,-0.1220703125,0.146484375,-0.10986328125,0.1953125,-0.2685546875,0.25634765625,-0.048828125,0.8056640625,0.09765625,-0.03662109375,0.1220703125,1.33056640625,-0.35400390625,-1.0009765625,-0.0732421875,-0.40283203125,0.1220703125,-1.0009765625,0.09765625,-0.830078125,-0.1708984375,-1.35498046875,-0.20751953125,-0.06103515625,-0.06103515625,-0.1220703125,0.06103515625,-1.0009765625,-0.244140625,-0.8544921875,-0.09765625,-0.8544921875,-0.08544921875,-0.72021484375,0.1708984375,-0.23193359375,-0.0244140625,3.466796875,-0.0244140625,6.01806640625,-0.13427734375,2.42919921875,-0.09765625,5.126953125,0.18310546875,0.42724609375,0.2197265625,0.03662109375,-0.0732421875,0.0732421875,0.01220703125,0.1953125,-0.0732421875,-0.0732421875,-0.146484375,0.830078125,-0.03662109375,-0.48828125,0.03662109375,-0.537109375
1,0.1708984375,-0.37841796875,-0.10986328125,-0.3662109375,0.03662109375,-0.42724609375,-0.1220703125,-0.0732421875,0.25634765625,-0.09765625,-0.0732421875,-0.91552734375,-0.01220703125,1.11083984375,-0.20751953125,-0.1708984375,0.048828125,-0.5615234375,0.13427734375,-0.18310546875,-0.048828125,0.927734375,-0.01220703125,-0.5859375,-0.45166015625,0.0732421875,-0.439453125,-0.29296875,-0.42724609375,1.55029296875,-0.2197265625,0.7080078125,-0.18310546875,0.2197265625,-0.30517578125,-0.87890625,-0.0244140625,-0.439453125,-0.32958984375,-0.76904296875,0,-0.18310546875,-0.2685546875,-0.64697265625,0.0732421875,-0.4638671875,0.18310546875,0.59814453125,-0.2197265625,1.123046875,-0.03662109375,0.45166015625,-0.15869140625,-0.20751953125,-0.28076171875,0.68359375,-0.25634765625,2.8564453125,0.25634765625,2.86865234375,0.048828125,1.91650390625,-0.13427734375,2.57568359375,0.0244140625,0.25634765625,-0.20751953125,1.025390625,-0.09765625,0.1708984375,-0.10986328125,0.2197265625,-0.29296875,0.25634765625,-0.06103515625,0.8056640625,0.10986328125,-0.03662109375,0.1708984375,1.33056640625,-0.35400390625,-0.98876953125,0,-0.390625,0.1220703125,-1.0009765625,0.13427734375,-0.81787109375,-0.15869140625,-1.2939453125,-0.10986328125,-0.03662109375,-0.08544921875,-0.06103515625,0.1708984375,-0.927734375,-0.23193359375,-0.84228515625,-0.0732421875,-0.830078125,-0.1220703125,-0.732421875,0.244140625,-0.244140625,-0.03662109375,2.734375,-0.01220703125,4.82177734375,-0.18310546875,1.8310546875,-0.10986328125,4.33349609375,0.1953125,0.40283203125,0.1953125,0.03662109375,-0.08544921875,0.06103515625,-0.0244140625,0.1953125,-0.0732421875,-0.0244140625,-0.10986328125,0.830078125,-0.048828125,-0.48828125,0.048828125,-0.52490234375
1,0.1708984375,-0.3662109375,-0.1220703125,-0.35400390625,0.03662109375,-0.4150390625,-0.13427734375,-0.06103515625,0.25634765625,-0.08544921875,-0.06103515625,-0.89111328125,-0.0244140625,1.11083984375,-0.1953125,-0.1708984375,0,-0.54931640625,0.15869140625,-0.1708984375,-0.03662109375,0.93994140625,0,-0.59814453125,-0.439453125,0.09765625,-0.341796875,-0.30517578125,-0.37841796875,1.52587890625,-0.048828125,0.6591796875,-0.2685546875,0.2197265625,-0.244140625,-0.87890625,-0.0732421875,-0.4638671875,-0.244140625,-0.7568359375,0.0244140625,-0.20751953125,-0.30517578125,-0.6591796875,0.06103515625,-0.48828125,0.1953125,0.5859375,-0.1953125,1.123046875,-0.01220703125,0.4638671875,-0.1220703125,-0.23193359375,-0.1220703125,0.68359375,-0.28076171875,2.44140625,0.2685546875,2.33154296875,0.09765625,1.7578125,-0.08544921875,2.1484375,-0.0244140625,0.25634765625,-0.2197265625,1.03759765625,-0.0732421875,0.1708984375,-0.15869140625,0.1953125,-0.25634765625,0.2685546875,-0.06103515625,0.79345703125,0.146484375,-0.03662109375,0.2197265625,1.318359375,-0.3662109375,-0.98876953125,0.0732421875,-0.37841796875,0.08544921875,-1.0009765625,0.10986328125,-0.8056640625,-0.1953125,-1.2939453125,-0.09765625,0,-0.1708984375,0,0.1708984375,-0.8544921875,-0.1708984375,-0.830078125,-0.1220703125,-0.830078125,-0.18310546875,-0.732421875,0.3173828125,-0.244140625,-0.06103515625,1.9775390625,0.0244140625,3.62548828125,-0.2685546875,1.1962890625,-0.13427734375,3.515625,0.1953125,0.40283203125,0.18310546875,0.048828125,-0.0732421875,0.048828125,-0.01220703125,0.20751953125,-0.0732421875,-0.048828125,-0.09765625,0.830078125,-0.03662109375,-0.5126953125,0.0732421875,-0.5126953125
1,0.15869140625,-0.390625,-0.13427734375,-0.35400390625,0.048828125,-0.4150390625,-0.1220703125,-0.06103515625,0.20751953125,-0.03662109375,-0.0732421875,-0.87890625,-0.03662109375,1.11083984375,-0.1953125,-0.15869140625,-0.0244140625,-0.5615234375,0.15869140625,-0.18310546875,-0.01220703125,0.927734375,0,-0.5859375,-0.40283203125,0.09765625,-0.30517578125,-0.35400390625,-0.37841796875,1.45263671875,0.048828125,0.6103515625,-0.40283203125,0.20751953125,-0.18310546875,-0.89111328125,-0.10986328125,-0.47607421875,-0.18310546875,-0.74462890625,0.01220703125,-0.18310546875,-0.32958984375,-0.64697265625,0.03662109375,-0.50048828125,0.20751953125,0.59814453125,-0.1953125,1.13525390625,0.048828125,0.4638671875,-0.15869140625,-0.23193359375,0.03662109375,0.69580078125,-0.25634765625,2.13623046875,0.30517578125,1.84326171875,0.15869140625,1.6845703125,-0.01220703125,1.8310546875,-0.0732421875,0.2685546875,-0.20751953125,1.025390625,-0.03662109375,0.1953125,-0.18310546875,0.2197265625,-0.1953125,0.244140625,-0.01220703125,0.8056640625,0.1708984375,-0.01220703125,0.2197265625,1.318359375,-0.32958984375,-0.98876953125,0.10986328125,-0.37841796875,0.03662109375,-0.98876953125,0.09765625,-0.79345703125,-0.18310546875,-1.30615234375,-0.0244140625,0.048828125,-0.1708984375,0.03662109375,0.23193359375,-0.8056640625,-0.09765625,-0.81787109375,-0.06103515625,-0.8056640625,-0.20751953125,-0.7568359375,0.35400390625,-0.2685546875,-0.03662109375,1.220703125,0.03662109375,2.392578125,-0.3173828125,0.5859375,-0.146484375,2.7099609375,0.1708984375,0.390625,0.1953125,0.048828125,-0.08544921875,0.0244140625,-0.0244140625,0.2197265625,-0.048828125,-0.048828125,-0.08544921875,0.81787109375,-0.01220703125,-0.52490234375,0.06103515625,-0.52490234375
1,0.10986328125,-0.390625,-0.13427734375,-0.341796875,0.0244140625,-0.4150390625,-0.15869140625,-0.048828125,0.20751953125,-0.03662109375,-0.08544921875,-0.89111328125,-0.03662109375,1.08642578125,-0.18310546875,-0.15869140625,0,-0.57373046875,0.15869140625,-0.20751953125,-0.048828125,0.927734375,0,-0.5859375,-0.40283203125,0.03662109375,-0.30517578125,-0.42724609375,-0.2685546875,1.3916015625,0.08544921875,0.52490234375,-0.45166015625,0.1953125,-0.0732421875,-0.89111328125,-0.1708984375,-0.47607421875,-0.146484375,-0.732421875,-0.03662109375,-0.2197265625,-0.32958984375,-0.64697265625,0.0244140625,-0.48828125,0.20751953125,0.59814453125,-0.20751953125,1.1474609375,0.09765625,0.4638671875,-0.10986328125,-0.23193359375,0.09765625,0.69580078125,-0.23193359375,1.9287109375,0.25634765625,1.47705078125,0.15869140625,1.64794921875,0,1.57470703125,-0.09765625,0.28076171875,-0.20751953125,1.03759765625,0.01220703125,0.1953125,-0.23193359375,0.1953125,-0.20751953125,0.23193359375,0.03662109375,0.8056640625,0.2197265625,-0.0244140625,0.1953125,1.318359375,-0.29296875,-0.98876953125,0.1220703125,-0.40283203125,-0.048828125,-0.98876953125,0.10986328125,-0.79345703125,-0.06103515625,-1.30615234375,0.048828125,0.09765625,-0.13427734375,0.08544921875,0.2685546875,-0.7568359375,0,-0.8544921875,-0.03662109375,-0.79345703125,-0.2197265625,-0.7568359375,0.341796875,-0.2685546875,0,0.52490234375,0.048828125,1.23291015625,-0.32958984375,0.01220703125,-0.146484375,1.91650390625,0.1220703125,0.3662109375,0.1953125,0.06103515625,-0.08544921875,-0.0244140625,-0.01220703125,0.244140625,-0.03662109375,-0.0244140625,-0.08544921875,0.81787109375,0,-0.5126953125,0.03662109375,-0.5126953125
1,0.08544921875,-0.4150390625,-0.146484375,-0.3662109375,0.03662109375,-0.42724609375,-0.146484375,-0.048828125,0.1953125,0.01220703125,-0.06103515625,-0.87890625,-0.0244140625,1.06201171875,-0.2197265625,-0.15869140625,-0.01220703125,-0.59814453125,0.146484375,-0.1953125,-0.18310546875,0.9033203125,0.0244140625,-0.5859375,-0.37841796875,0,-0.29296875,-0.47607421875,-0.146484375,1.30615234375,0.08544921875,0.45166015625,-0.4638671875,0.18310546875,-0.03662109375,-0.89111328125,-0.1708984375,-0.439453125,-0.08544921875,-0.7080078125,-0.09765625,-0.20751953125,-0.3173828125,-0.67138671875,0.01220703125,-0.47607421875,0.15869140625,0.62255859375,-0.244140625,1.171875,0.1708984375,0.4638671875,-0.1220703125,-0.244140625,0.20751953125,0.7080078125,-0.1953125,1.81884765625,0.2685546875,1.1962890625,0.13427734375,1.67236328125,0,1.42822265625,-0.10986328125,0.2685546875,-0.2197265625,1.025390625,0.03662109375,0.1953125,-0.28076171875,0.18310546875,-0.18310546875,0.244140625,0.048828125,0.79345703125,0.2685546875,0.0244140625,0.146484375,1.30615234375,-0.23193359375,-0.96435546875,0.15869140625,-0.37841796875,-0.13427734375,-1.0009765625,0.15869140625,-0.79345703125,-0.0732421875,-1.30615234375,0.01220703125,0.15869140625,-0.10986328125,0.1708984375,0.20751953125,-0.64697265625,0.06103515625,-0.86669921875,-0.0244140625,-0.78125,-0.20751953125,-0.7568359375,0.30517578125,-0.2685546875,0.0732421875,-0.13427734375,0.06103515625,0.1708984375,-0.3173828125,-0.50048828125,-0.15869140625,1.220703125,0.08544921875,0.3662109375,0.15869140625,0.03662109375,-0.0732421875,-0.048828125,-0.048828125,0.2197265625,-0.0244140625,-0.0244140625,-0.09765625,0.84228515625,0,-0.537109375,0,-0.5126953125
1,0.06103515625,-0.42724609375,-0.146484375,-0.35400390625,0.0732421875,-0.42724609375,-0.146484375,-0.08544921875,0.18310546875,0.0244140625,-0.0732421875,-0.89111328125,-0.01220703125,1.06201171875,-0.23193359375,-0.15869140625,-0.0244140625,-0.59814453125,0.13427734375,-0.1953125,-0.28076171875,0.87890625,0.03662109375,-0.59814453125,-0.3662109375,-0.03662109375,-0.25634765625,-0.50048828125,-0.01220703125,1.26953125,-0.01220703125,0.4638671875,-0.4150390625,0.15869140625,0,-0.89111328125,-0.15869140625,-0.439453125,-0.06103515625,-0.74462890625,-0.1708984375,-0.2197265625,-0.25634765625,-0.6591796875,0.01220703125,-0.45166015625,0.09765625,0.59814453125,-0.30517578125,1.171875,0.25634765625,0.4638671875,-0.08544921875,-0.244140625,0.35400390625,0.72021484375,-0.13427734375,1.7822265625,0.15869140625,1.03759765625,0.23193359375,1.6845703125,0.01220703125,1.3916015625,-0.146484375,0.28076171875,-0.146484375,1.025390625,0.048828125,0.20751953125,-0.29296875,0.18310546875,-0.20751953125,0.23193359375,0.09765625,0.8056640625,0.29296875,0.01220703125,0.0732421875,1.26953125,-0.18310546875,-0.9765625,0.1708984375,-0.37841796875,-0.1953125,-1.0009765625,0.1953125,-0.79345703125,-0.048828125,-1.220703125,-0.0244140625,0.25634765625,-0.048828125,0.2685546875,0.1708984375,-0.5126953125,0.048828125,-0.89111328125,0.048828125,-0.76904296875,-0.1708984375,-0.78125,0.2197265625,-0.2685546875,0.08544921875,-0.7080078125,0.048828125,-0.81787109375,-0.29296875,-0.9521484375,-0.18310546875,0.6103515625,0.0244140625,0.3662109375,0.146484375,0.0244140625,-0.08544921875,-0.06103515625,-0.03662109375,0.2197265625,-0.01220703125,-0.048828125,-0.1220703125,0.81787109375,0.03662109375,-0.537109375,-0.03662109375,-0.52490234375
1,0.03662109375,-0.439453125,-0.13427734375,-0.3662109375,0.0732421875,-0.42724609375,-0.146484375,-0.06103515625,0.18310546875,0.03662109375,-0.08544921875,-0.87890625,0,1.0498046875,-0.23193359375,-0.146484375,-0.048828125,-0.59814453125,0.10986328125,-0.2197265625,-0.390625,0.87890625,0.03662109375,-0.5859375,-0.1708984375,-0.03662109375,-0.15869140625,-0.48828125,0.09765625,1.28173828125,-0.08544921875,0.48828125,-0.25634765625,0.146484375,0.01220703125,-0.87890625,-0.1220703125,-0.4638671875,-0.10986328125,-0.74462890625,-0.25634765625,-0.20751953125,-0.2197265625,-0.67138671875,0.01220703125,-0.439453125,0.0244140625,0.62255859375,-0.3662109375,1.171875,0.32958984375,0.4638671875,-0.048828125,-0.23193359375,0.42724609375,0.72021484375,-0.1220703125,1.8310546875,0.1220703125,1.03759765625,0.1953125,1.7333984375,-0.03662109375,1.416015625,-0.09765625,0.2685546875,-0.048828125,1.025390625,0.03662109375,0.2197265625,-0.29296875,0.1708984375,-0.23193359375,0.2197265625,0.09765625,0.78125,0.2685546875,0.01220703125,-0.01220703125,1.2939453125,-0.1708984375,-0.9521484375,0.1708984375,-0.37841796875,-0.23193359375,-1.01318359375,0.18310546875,-0.8056640625,0.0244140625,-1.123046875,-0.0244140625,0.3662109375,0.01220703125,0.40283203125,0.13427734375,-0.35400390625,0,-0.9033203125,0.06103515625,-0.76904296875,-0.146484375,-0.79345703125,0.13427734375,-0.244140625,0.048828125,-1.1962890625,0.08544921875,-1.611328125,-0.2685546875,-1.318359375,-0.2197265625,0.1220703125,-0.01220703125,0.3662109375,0.09765625,0,-0.08544921875,-0.06103515625,-0.03662109375,0.1953125,-0.01220703125,-0.048828125,-0.10986328125,0.81787109375,0.06103515625,-0.5126953125,-0.048828125,-0.52490234375
1,0.03662109375,-0.42724609375,-0.1953125,-0.37841796875,0.06103515625,-0.439453125,-0.146484375,-0.06103515625,0.1953125,0.0244140625,-0.10986328125,-0.89111328125,0,1.06201171875,-0.23193359375,-0.15869140625,-0.09765625,-0.59814453125,0.0732421875,-0.20751953125,-0.47607421875,0.9033203125,0.03662109375,-0.59814453125,0.08544921875,0.0244140625,-0.08544921875,-0.4150390625,0.1220703125,1.3671875,-0.10986328125,0.59814453125,-0.06103515625,0.10986328125,0.06103515625,-0.87890625,-0.06103515625,-0.439453125,-0.1708984375,-0.74462890625,-0.30517578125,-0.20751953125,-0.1953125,-0.68359375,0.01220703125,-0.4150390625,-0.01220703125,0.6103515625,-0.439453125,1.13525390625,0.40283203125,0.4638671875,-0.08544921875,-0.20751953125,0.50048828125,0.74462890625,-0.06103515625,1.96533203125,0.15869140625,1.220703125,0.23193359375,1.7822265625,0,1.59912109375,-0.0732421875,0.28076171875,0.0244140625,1.025390625,0.03662109375,0.18310546875,-0.28076171875,0.15869140625,-0.1708984375,0.23193359375,0.10986328125,0.76904296875,0.2685546875,0,-0.09765625,1.2939453125,-0.146484375,-0.9521484375,0.13427734375,-0.37841796875,-0.23193359375,-1.025390625,0.1708984375,-0.79345703125,0.10986328125,-0.98876953125,-0.0244140625,0.47607421875,0.06103515625,0.537109375,0.1220703125,-0.1708984375,-0.0244140625,-0.9033203125,0.09765625,-0.78125,-0.1220703125,-0.76904296875,0.03662109375,-0.23193359375,0.03662109375,-1.55029296875,0.09765625,-2.197265625,-0.20751953125,-1.59912109375,-0.25634765625,-0.25634765625,-0.01220703125,0.35400390625,0.09765625,0.0244140625,-0.08544921875,-0.0732421875,-0.03662109375,0.1953125,-0.0244140625,-0.048828125,-0.09765625,0.79345703125,0.0732421875,-0.50048828125,-0.03662109375,-0.52490234375
1,0.0244140625,-0.40283203125,-0.20751953125,-0.390625,0.048828125,-0.45166015625,-0.15869140625,-0.06103515625,0.1953125,0.01220703125,-0.10986328125,-0.89111328125,0,1.0498046875,-0.244140625,-0.13427734375,-0.13427734375,-0.59814453125,0.03662109375,-0.20751953125,-0.48828125,0.9033203125,0,-0.5859375,0.1220703125,0.13427734375,-0.0732421875,-0.32958984375,0.0732421875,1.513671875,-0.09765625,0.7568359375,0.10986328125,0.09765625,0.06103515625,-0.86669921875,-0.03662109375,-0.439453125,-0.23193359375,-0.78125,-0.3662109375,-0.1953125,-0.13427734375,-0.67138671875,-0.01220703125,-0.40283203125,-0.0244140625,0.62255859375,-0.4150390625,1.123046875,0.42724609375,0.47607421875,-0.09765625,-0.1708984375,0.48828125,0.732421875,-0.048828125,2.20947265625,0.13427734375,1.57470703125,0.2197265625,1.89208984375,-0.0244140625,1.86767578125,-0.0244140625,0.32958984375,0.08544921875,1.025390625,0.0244140625,0.2197265625,-0.23193359375,0.18310546875,-0.0732421875,0.25634765625,0.146484375,0.78125,0.25634765625,0,-0.13427734375,1.2939453125,-0.15869140625,-0.9521484375,0.08544921875,-0.40283203125,-0.1708984375,-1.025390625,0.15869140625,-0.8056640625,0.1708984375,-0.87890625,-0.0244140625,0.5615234375,0.06103515625,0.67138671875,0.0732421875,-0.0732421875,-0.06103515625,-0.91552734375,0.13427734375,-0.8056640625,-0.1220703125,-0.76904296875,-0.03662109375,-0.23193359375,-0.0244140625,-1.7822265625,0.10986328125,-2.57568359375,-0.146484375,-1.77001953125,-0.3173828125,-0.50048828125,-0.03662109375,0.35400390625,0.06103515625,0.0244140625,-0.0732421875,-0.08544921875,-0.01220703125,0.1708984375,-0.01220703125,-0.048828125,-0.048828125,0.8056640625,0.08544921875,-0.5126953125,-0.03662109375,-0.537109375
1,0,-0.40283203125,-0.2197265625,-0.37841796875,0.048828125,-0.4638671875,-0.18310546875,-0.06103515625,0.18310546875,-0.01220703125,-0.09765625,-0.89111328125,0.01220703125,1.08642578125,-0.244140625,-0.13427734375,-0.13427734375,-0.5615234375,0,-0.1708984375,-0.45166015625,0.9033203125,-0.03662109375,-0.5859375,0.13427734375,0.25634765625,-0.09765625,-0.1953125,-0.048828125,1.67236328125,-0.048828125,0.9033203125,0.23193359375,0.06103515625,0.03662109375,-0.86669921875,0.01220703125,-0.439453125,-0.2685546875,-0.79345703125,-0.341796875,-0.18310546875,-0.08544921875,-0.6591796875,0.01220703125,-0.40283203125,-0.03662109375,0.6103515625,-0.40283203125,1.0986328125,0.37841796875,0.48828125,-0.10986328125,-0.15869140625,0.4638671875,0.732421875,0.048828125,2.5634765625,0.15869140625,2.16064453125,0.244140625,2.06298828125,0.03662109375,2.2705078125,0.01220703125,0.32958984375,0.18310546875,1.025390625,0.0244140625,0.2197265625,-0.20751953125,0.18310546875,0.048828125,0.2685546875,0.13427734375,0.74462890625,0.20751953125,-0.0244140625,-0.15869140625,1.318359375,-0.1953125,-0.9765625,0.048828125,-0.40283203125,-0.09765625,-1.025390625,0.15869140625,-0.8056640625,0.15869140625,-0.76904296875,-0.0732421875,0.62255859375,0.01220703125,0.74462890625,0.048828125,0.06103515625,-0.0732421875,-0.9033203125,0.10986328125,-0.830078125,-0.13427734375,-0.732421875,-0.13427734375,-0.23193359375,-0.13427734375,-1.89208984375,0,-2.783203125,-0.10986328125,-1.8310546875,-0.32958984375,-0.634765625,-0.03662109375,0.3662109375,0.0244140625,0.03662109375,-0.08544921875,-0.08544921875,0,0.1708984375,-0.03662109375,-0.048828125,-0.01220703125,0.7568359375,0.048828125,-0.5126953125,-0.0244140625,-0.537109375
0,0,-0.390625,-0.25634765625,-0.35400390625,0.06103515625,-0.4638671875,-0.1708984375,-0.0732421875,0.20751953125,-0.048828125,-0.146484375,-0.87890625,-0.01220703125,1.0986328125,-0.2685546875,-0.13427734375,-0.13427734375,-0.54931640625,0,-0.15869140625,-0.40283203125,0.9033203125,-0.06103515625,-0.5615234375,0.1953125,0.35400390625,-0.13427734375,-0.08544921875,-0.18310546875,1.8310546875,0.01220703125,1.03759765625,0.25634765625,0.0244140625,0.0244140625,-0.8544921875,-0.0244140625,-0.42724609375,-0.23193359375,-0.78125,-0.29296875,-0.1708984375,-0.06103515625,-0.68359375,0.0244140625,-0.42724609375,0.03662109375,0.6103515625,-0.341796875,1.08642578125,0.37841796875,0.4638671875,-0.18310546875,-0.13427734375,0.4638671875,0.74462890625,-0.0244140625,3.1005859375,0.1708984375,2.9541015625,0.20751953125,2.34375,0.0732421875,2.84423828125,-0.01220703125,0.32958984375,0.25634765625,1.0498046875,0,0.23193359375,-0.1708984375,0.18310546875,0.146484375,0.29296875,0.08544921875,0.732421875,0.1708984375,-0.01220703125,-0.1708984375,1.3427734375,-0.25634765625,-0.96435546875,0.0244140625,-0.42724609375,0.0244140625,-1.01318359375,0.10986328125,-0.8056640625,0.09765625,-0.732421875,-0.0732421875,0.64697265625,-0.048828125,0.79345703125,0.08544921875,0.08544921875,-0.06103515625,-0.89111328125,0.09765625,-0.830078125,-0.146484375,-0.7568359375,-0.15869140625,-0.23193359375,-0.08544921875,-1.904296875,0.01220703125,-2.77099609375,-0.0732421875,-1.81884765625,-0.23193359375,-0.64697265625,-0.048828125,0.35400390625,0.03662109375,0.03662109375,-0.0732421875,-0.08544921875,-0.01220703125,0.1708984375,-0.06103515625,-0.06103515625,0.01220703125,0.7568359375,0.048828125,-0.50048828125,-0.0244140625,-0.537109375
0,-0.048828125,-0.3662109375,-0.244140625,-0.390625,0.0732421875,-0.4638671875,-0.18310546875,-0.048828125,0.18310546875,-0.08544921875,-0.1220703125,-0.89111328125,-0.0244140625,1.123046875,-0.28076171875,-0.146484375,-0.09765625,-0.537109375,0.03662109375,-0.146484375,-0.32958984375,0.9033203125,-0.13427734375,-0.5615234375,0.10986328125,0.439453125,-0.18310546875,-0.01220703125,-0.341796875,1.9287109375,0.048828125,1.1474609375,0.1220703125,-0.01220703125,0,-0.86669921875,-0.09765625,-0.42724609375,-0.18310546875,-0.8056640625,-0.2197265625,-0.146484375,-0.048828125,-0.6591796875,0,-0.439453125,0.0732421875,0.6103515625,-0.2685546875,1.11083984375,0.35400390625,0.47607421875,-0.18310546875,-0.146484375,0.37841796875,0.72021484375,-0.06103515625,3.759765625,0.146484375,3.94287109375,0.28076171875,2.74658203125,0.1220703125,3.55224609375,-0.06103515625,0.35400390625,0.3173828125,1.025390625,0.01220703125,0.20751953125,-0.1220703125,0.2197265625,0.2197265625,0.29296875,0.01220703125,0.732421875,0.09765625,-0.01220703125,-0.15869140625,1.3427734375,-0.3173828125,-0.9765625,0.03662109375,-0.4150390625,0.146484375,-1.01318359375,0.08544921875,-0.78125,0.048828125,-0.76904296875,-0.10986328125,0.5859375,-0.13427734375,0.76904296875,0.10986328125,0.048828125,-0.03662109375,-0.8544921875,0.0732421875,-0.830078125,-0.15869140625,-0.74462890625,-0.15869140625,-0.23193359375,-0.048828125,-1.806640625,0.01220703125,-2.64892578125,-0.0732421875,-1.74560546875,-0.15869140625,-0.537109375,-0.048828125,0.3662109375,0.0244140625,0.048828125,-0.08544921875,-0.08544921875,0.01220703125,0.18310546875,-0.06103515625,-0.06103515625,0.01220703125,0.74462890625,0.01220703125,-0.5126953125,-0.0244140625,-0.54931640625
0,-0.048828125,-0.341796875,-0.244140625,-0.390625,0.09765625,-0.4150390625,-0.1708984375,-0.08544921875,0.15869140625,-0.08544921875,-0.10986328125,-0.89111328125,-0.03662109375,1.11083984375,-0.25634765625,-0.15869140625,-0.08544921875,-0.54931640625,0.10986328125,-0.15869140625,-0.1953125,0.9033203125,-0.18310546875,-0.57373046875,0.1220703125,0.439453125,-0.1953125,0,-0.4150390625,1.96533203125,0.048828125,1.15966796875,-0.0244140625,-0.01220703125,-0.03662109375,-0.830078125,-0.13427734375,-0.4150390625,-0.1220703125,-0.78125,-0.1220703125,-0.146484375,-0.0244140625,-0.67138671875,0.01220703125,-0.439453125,0.10986328125,0.59814453125,-0.20751953125,1.13525390625,0.341796875,0.47607421875,-0.244140625,-0.15869140625,0.3173828125,0.7080078125,-0.1220703125,4.55322265625,0.15869140625,5.1025390625,0.2685546875,3.2958984375,0.1708984375,4.38232421875,-0.048828125,0.3662109375,0.3662109375,1.03759765625,0.0244140625,0.1953125,-0.146484375,0.2197265625,0.29296875,0.28076171875,-0.08544921875,0.732421875,0.0732421875,-0.01220703125,-0.146484375,1.318359375,-0.3662109375,-0.9765625,0.0244140625,-0.4150390625,0.23193359375,-1.01318359375,0.08544921875,-0.79345703125,0.0244140625,-0.86669921875,-0.09765625,0.5126953125,-0.15869140625,0.69580078125,0.146484375,-0.0244140625,-0.0732421875,-0.84228515625,0.03662109375,-0.8544921875,-0.1953125,-0.74462890625,-0.10986328125,-0.25634765625,-0.01220703125,-1.62353515625,-0.0244140625,-2.38037109375,-0.0732421875,-1.59912109375,-0.08544921875,-0.35400390625,-0.06103515625,0.390625,0.048828125,0.03662109375,-0.06103515625,-0.0732421875,0,0.20751953125,-0.048828125,-0.06103515625,0.01220703125,0.76904296875,0.01220703125,-0.50048828125,-0.03662109375,-0.5615234375
0,-0.048828125,-0.341796875,-0.244140625,-0.37841796875,0.09765625,-0.439453125,-0.15869140625,-0.09765625,0.13427734375,-0.09765625,-0.1220703125,-0.89111328125,-0.048828125,1.11083984375,-0.25634765625,-0.18310546875,-0.08544921875,-0.537109375,0.146484375,-0.15869140625,-0.1220703125,0.9033203125,-0.18310546875,-0.57373046875,0.13427734375,0.42724609375,-0.23193359375,-0.048828125,-0.4638671875,1.9287109375,-0.0244140625,1.11083984375,-0.20751953125,-0.03662109375,-0.048828125,-0.830078125,-0.146484375,-0.42724609375,-0.0732421875,-0.76904296875,0,-0.1708984375,-0.01220703125,-0.6591796875,0.0244140625,-0.47607421875,0.146484375,0.59814453125,-0.10986328125,1.13525390625,0.29296875,0.45166015625,-0.29296875,-0.15869140625,0.2197265625,0.69580078125,-0.15869140625,5.4443359375,0.23193359375,6.33544921875,0.25634765625,3.91845703125,0.23193359375,5.2978515625,-0.0244140625,0.35400390625,0.390625,1.03759765625,0.0244140625,0.2197265625,-0.146484375,0.2197265625,0.28076171875,0.2685546875,-0.1708984375,0.74462890625,0.01220703125,-0.01220703125,-0.10986328125,1.33056640625,-0.35400390625,-0.9765625,0.03662109375,-0.4150390625,0.25634765625,-1.01318359375,0.09765625,-0.8056640625,0.03662109375,-1.0009765625,-0.13427734375,0.390625,-0.146484375,0.59814453125,0.1220703125,-0.146484375,-0.08544921875,-0.830078125,0.03662109375,-0.830078125,-0.23193359375,-0.732421875,-0.06103515625,-0.23193359375,0.03662109375,-1.42822265625,-0.10986328125,-2.0751953125,-0.09765625,-1.42822265625,-0.01220703125,-0.18310546875,-0.06103515625,0.390625,0.048828125,0.03662109375,-0.08544921875,-0.06103515625,0.01220703125,0.20751953125,-0.048828125,-0.06103515625,-0.0244140625,0.7568359375,0,-0.52490234375,-0.03662109375,-0.54931640625
0,-0.08544921875,-0.35400390625,-0.2197265625,-0.37841796875,0.10986328125,-0.40283203125,-0.146484375,-0.09765625,0.1220703125,-0.0732421875,-0.09765625,-0.89111328125,-0.06103515625,1.11083984375,-0.25634765625,-0.20751953125,-0.09765625,-0.537109375,0.20751953125,-0.18310546875,-0.0244140625,0.9033203125,-0.15869140625,-0.5615234375,0.1953125,0.4150390625,-0.23193359375,-0.15869140625,-0.42724609375,1.84326171875,-0.09765625,1.01318359375,-0.341796875,-0.0732421875,-0.03662109375,-0.84228515625,-0.13427734375,-0.45166015625,-0.03662109375,-0.7568359375,0.06103515625,-0.1953125,0.0244140625,-0.67138671875,0.03662109375,-0.48828125,0.146484375,0.6103515625,-0.06103515625,1.1474609375,0.3173828125,0.4638671875,-0.32958984375,-0.1708984375,0.0732421875,0.72021484375,-0.1953125,6.40869140625,0.23193359375,7.5439453125,0.244140625,4.58984375,0.2685546875,6.23779296875,0.048828125,0.341796875,0.4150390625,1.06201171875,0.03662109375,0.20751953125,-0.15869140625,0.1953125,0.29296875,0.25634765625,-0.2197265625,0.7568359375,0.01220703125,0.01220703125,-0.08544921875,1.318359375,-0.35400390625,-0.98876953125,0.0244140625,-0.4150390625,0.28076171875,-1.025390625,0.146484375,-0.8056640625,0.0244140625,-1.171875,-0.15869140625,0.25634765625,-0.1220703125,0.4638671875,0.08544921875,-0.30517578125,-0.13427734375,-0.830078125,0.03662109375,-0.84228515625,-0.244140625,-0.74462890625,0.03662109375,-0.25634765625,0.0732421875,-1.20849609375,-0.15869140625,-1.77001953125,-0.1220703125,-1.25732421875,0.01220703125,0.03662109375,-0.06103515625,0.40283203125,0.048828125,0.0244140625,-0.08544921875,-0.0244140625,0,0.244140625,-0.03662109375,-0.048828125,-0.06103515625,0.78125,0,-0.52490234375,-0.06103515625,-0.54931640625
0,-0.10986328125,-0.3662109375,-0.20751953125,-0.37841796875,0.09765625,-0.390625,-0.13427734375,-0.09765625,0.08544921875,-0.048828125,-0.10986328125,-0.87890625,-0.06103515625,1.08642578125,-0.2685546875,-0.1953125,-0.06103515625,-0.57373046875,0.2197265625,-0.20751953125,0,0.89111328125,-0.06103515625,-0.5615234375,0.2197265625,0.42724609375,-0.25634765625,-0.244140625,-0.32958984375,1.7333984375,-0.1708984375,0.89111328125,-0.42724609375,-0.09765625,-0.03662109375,-0.8544921875,-0.09765625,-0.48828125,-0.01220703125,-0.732421875,0.08544921875,-0.18310546875,0.0732421875,-0.67138671875,0.09765625,-0.5126953125,0.146484375,0.62255859375,-0.048828125,1.171875,0.30517578125,0.4638671875,-0.40283203125,-0.23193359375,-0.0732421875,0.732421875,-0.1953125,7.28759765625,0.18310546875,8.6181640625,0.2197265625,5.224609375,0.28076171875,7.09228515625,0.1220703125,0.3173828125,0.390625,1.03759765625,0.0732421875,0.2197265625,-0.18310546875,0.2197265625,0.2685546875,0.25634765625,-0.23193359375,0.74462890625,0,0.01220703125,-0.0732421875,1.30615234375,-0.29296875,-0.98876953125,0,-0.40283203125,0.30517578125,-1.0009765625,0.18310546875,-0.830078125,0.0244140625,-1.30615234375,-0.08544921875,0.1708984375,0,0.30517578125,0.09765625,-0.45166015625,-0.1708984375,-0.8056640625,0.0244140625,-0.830078125,-0.23193359375,-0.732421875,0.13427734375,-0.25634765625,0.10986328125,-1.0498046875,-0.18310546875,-1.52587890625,-0.09765625,-1.0986328125,0.01220703125,0.23193359375,-0.048828125,0.40283203125,0.06103515625,0.01220703125,-0.0732421875,-0.0244140625,0.0244140625,0.23193359375,0,-0.08544921875,-0.0732421875,0.81787109375,0.01220703125,-0.5126953125,-0.06103515625,-0.5615234375
0,-0.1220703125,-0.37841796875,-0.20751953125,-0.3662109375,0.08544921875,-0.390625,-0.10986328125,-0.08544921875,0.0732421875,0,-0.10986328125,-0.86669921875,-0.0732421875,1.0986328125,-0.28076171875,-0.1708984375,-0.01220703125,-0.57373046875,0.23193359375,-0.2197265625,0,0.86669921875,0.048828125,-0.5615234375,0.20751953125,0.5615234375,-0.3173828125,-0.2685546875,-0.2197265625,1.66015625,-0.30517578125,0.87890625,-0.439453125,-0.10986328125,-0.03662109375,-0.8544921875,-0.048828125,-0.48828125,-0.0244140625,-0.74462890625,0.03662109375,-0.23193359375,0.048828125,-0.67138671875,0.1220703125,-0.48828125,0.1220703125,0.62255859375,-0.06103515625,1.18408203125,0.30517578125,0.4638671875,-0.47607421875,-0.23193359375,-0.20751953125,0.732421875,-0.1708984375,7.9833984375,0.18310546875,9.4482421875,0.244140625,5.77392578125,0.32958984375,7.7880859375,0.20751953125,0.3173828125,0.32958984375,1.0498046875,0.0732421875,0.20751953125,-0.244140625,0.2197265625,0.2685546875,0.23193359375,-0.25634765625,0.732421875,0.0244140625,0.01220703125,-0.10986328125,1.30615234375,-0.1953125,-1.0009765625,-0.01220703125,-0.40283203125,0.25634765625,-1.0009765625,0.2197265625,-0.830078125,0.03662109375,-1.40380859375,-0.048828125,0.1220703125,0.09765625,0.20751953125,0.01220703125,-0.57373046875,-0.146484375,-0.8056640625,0.0244140625,-0.81787109375,-0.20751953125,-0.732421875,0.1708984375,-0.25634765625,0.13427734375,-0.9033203125,-0.08544921875,-1.3427734375,-0.09765625,-1.0009765625,0.01220703125,0.341796875,-0.06103515625,0.390625,0.048828125,0,-0.08544921875,-0.0244140625,0.0244140625,0.23193359375,0.01220703125,-0.06103515625,-0.08544921875,0.830078125,0,-0.5126953125,-0.0732421875,-0.5615234375
0,-0.146484375,-0.40283203125,-0.1953125,-0.3662109375,0.10986328125,-0.390625,-0.08544921875,-0.06103515625,0.06103515625,0.0244140625,-0.13427734375,-0.86669921875,-0.0732421875,1.07421875,-0.29296875,-0.146484375,0.0244140625,-0.57373046875,0.28076171875,-0.20751953125,0.01220703125,0.89111328125,0.146484375,-0.57373046875,0.23193359375,0.86669921875,-0.341796875,-0.2197265625,-0.08544921875,1.708984375,-0.35400390625,0.93994140625,-0.3662109375,-0.10986328125,-0.0244140625,-0.8544921875,0.048828125,-0.5126953125,-0.0244140625,-0.7568359375,-0.03662109375,-0.23193359375,0.048828125,-0.68359375,0.146484375,-0.4638671875,0.13427734375,0.634765625,-0.18310546875,1.18408203125,0.3173828125,0.47607421875,-0.5126953125,-0.244140625,-0.30517578125,0.74462890625,-0.13427734375,8.447265625,0.18310546875,9.912109375,0.2685546875,6.14013671875,0.30517578125,8.2275390625,0.244140625,0.28076171875,0.25634765625,1.0498046875,0.048828125,0.20751953125,-0.29296875,0.20751953125,0.244140625,0.20751953125,-0.28076171875,0.7568359375,0.06103515625,0,-0.10986328125,1.30615234375,-0.0732421875,-1.0009765625,-0.03662109375,-0.390625,0.2197265625,-0.98876953125,0.244140625,-0.84228515625,-0.06103515625,-1.42822265625,-0.08544921875,0.09765625,0.146484375,0.13427734375,-0.06103515625,-0.62255859375,-0.1220703125,-0.84228515625,0,-0.830078125,-0.18310546875,-0.7568359375,0.15869140625,-0.25634765625,0.1220703125,-0.84228515625,-0.01220703125,-1.26953125,-0.09765625,-0.96435546875,-0.03662109375,0.439453125,-0.06103515625,0.37841796875,0.048828125,-0.01220703125,-0.0732421875,-0.01220703125,0.03662109375,0.20751953125,0.01220703125,-0.06103515625,-0.0732421875,0.8544921875,0,-0.50048828125,-0.0244140625,-0.54931640625
0,-0.1220703125,-0.40283203125,-0.2197265625,-0.3662109375,0.146484375,-0.40283203125,-0.0732421875,-0.03662109375,0.048828125,0.03662109375,-0.1220703125,-0.84228515625,-0.03662109375,1.08642578125,-0.28076171875,-0.13427734375,0.03662109375,-0.5859375,0.3173828125,-0.2197265625,-0.0244140625,0.89111328125,0.25634765625,-0.5615234375,0.2685546875,1.318359375,-0.32958984375,0.01220703125,0.01220703125,1.9287109375,-0.390625,1.15966796875,-0.2685546875,-0.146484375,-0.06103515625,-0.8544921875,0.146484375,-0.50048828125,-0.0244140625,-0.7568359375,-0.146484375,-0.23193359375,0,-0.68359375,0.146484375,-0.4638671875,0.08544921875,0.634765625,-0.30517578125,1.171875,0.37841796875,0.47607421875,-0.57373046875,-0.25634765625,-0.3662109375,0.7568359375,-0.0732421875,8.5693359375,0.15869140625,9.9853515625,0.18310546875,6.23779296875,0.2685546875,8.31298828125,0.2685546875,0.23193359375,0.18310546875,1.0498046875,0.048828125,0.20751953125,-0.32958984375,0.20751953125,0.13427734375,0.20751953125,-0.25634765625,0.732421875,0.08544921875,0,-0.15869140625,1.318359375,0,-1.01318359375,-0.03662109375,-0.3662109375,0.18310546875,-1.01318359375,0.23193359375,-0.8544921875,0.01220703125,-1.42822265625,0,0.08544921875,0.30517578125,0.09765625,-0.0244140625,-0.67138671875,-0.09765625,-0.87890625,-0.01220703125,-0.830078125,-0.146484375,-0.732421875,0.1220703125,-0.244140625,0.09765625,-0.84228515625,0.08544921875,-1.2939453125,-0.08544921875,-1.0009765625,-0.08544921875,0.45166015625,-0.048828125,0.3662109375,0.0244140625,-0.01220703125,-0.0732421875,0,0.01220703125,0.18310546875,0,-0.03662109375,-0.06103515625,0.84228515625,0,-0.48828125,-0.048828125,-0.52490234375
0,-0.15869140625,-0.390625,-0.20751953125,-0.35400390625,0.146484375,-0.390625,-0.09765625,-0.03662109375,0.06103515625,0.0732421875,-0.146484375,-0.84228515625,-0.048828125,1.06201171875,-0.2685546875,-0.1220703125,-0.01220703125,-0.57373046875,0.341796875,-0.2197265625,-0.06103515625,0.9033203125,0.29296875,-0.5615234375,0.1953125,2.01416015625,-0.2685546875,0.35400390625,0.01220703125,2.3193359375,-0.341796875,1.5380859375,-0.13427734375,-0.1708984375,-0.09765625,-0.8544921875,0.1953125,-0.5126953125,-0.08544921875,-0.76904296875,-0.18310546875,-0.2197265625,-0.06103515625,-0.69580078125,0.146484375,-0.439453125,0.03662109375,0.6103515625,-0.341796875,1.1474609375,0.390625,0.47607421875,-0.5615234375,-0.25634765625,-0.4638671875,0.7568359375,-0.01220703125,8.349609375,0.1708984375,9.60693359375,0.146484375,6.06689453125,0.244140625,8.04443359375,0.23193359375,0.23193359375,0.0732421875,1.0498046875,0.01220703125,0.2197265625,-0.3662109375,0.23193359375,0.06103515625,0.20751953125,-0.25634765625,0.7080078125,0.13427734375,0,-0.1953125,1.28173828125,0.0244140625,-1.0009765625,-0.048828125,-0.341796875,0.09765625,-1.01318359375,0.1708984375,-0.8544921875,0.03662109375,-1.3916015625,0.01220703125,0.1220703125,0.32958984375,0.0732421875,-0.0732421875,-0.68359375,-0.09765625,-0.89111328125,-0.0732421875,-0.84228515625,-0.10986328125,-0.732421875,0.10986328125,-0.25634765625,0.10986328125,-0.89111328125,0.244140625,-1.40380859375,-0.06103515625,-1.0498046875,-0.08544921875,0.40283203125,-0.06103515625,0.35400390625,0.0244140625,-0.01220703125,-0.09765625,0.0244140625,0,0.1708984375,-0.0244140625,-0.03662109375,-0.03662109375,0.84228515625,0,-0.47607421875,-0.0244140625,-0.5126953125
0,-0.1708984375,-0.35400390625,-0.2197265625,-0.3662109375,0.15869140625,-0.42724609375,-0.09765625,-0.01220703125,0.048828125,0.06103515625,-0.15869140625,-0.8544921875,-0.06103515625,1.0986328125,-0.23193359375,-0.1220703125,-0.048828125,-0.5615234375,0.341796875,-0.18310546875,-0.03662109375,0.91552734375,0.25634765625,-0.57373046875,0.18310546875,2.89306640625,-0.20751953125,0.86669921875,-0.06103515625,2.94189453125,-0.25634765625,2.06298828125,-0.06103515625,-0.20751953125,-0.06103515625,-0.87890625,0.2197265625,-0.537109375,-0.09765625,-0.78125,-0.244140625,-0.2197265625,-0.08544921875,-0.69580078125,0.08544921875,-0.42724609375,-0.0244140625,0.62255859375,-0.42724609375,1.123046875,0.37841796875,0.47607421875,-0.47607421875,-0.25634765625,-0.537109375,0.732421875,0.0244140625,7.75146484375,0.1953125,8.8134765625,0.01220703125,5.62744140625,0.244140625,7.3974609375,0.1953125,0.2197265625,0.048828125,1.025390625,-0.03662109375,0.18310546875,-0.390625,0.2197265625,0.0244140625,0.1953125,-0.23193359375,0.74462890625,0.146484375,-0.01220703125,-0.2197265625,1.2939453125,0.048828125,-0.98876953125,-0.03662109375,-0.35400390625,0.03662109375,-1.01318359375,0.08544921875,-0.830078125,-0.01220703125,-1.30615234375,0.0732421875,0.1708984375,0.28076171875,0.0732421875,-0.0244140625,-0.69580078125,-0.13427734375,-0.89111328125,-0.10986328125,-0.8544921875,-0.10986328125,-0.732421875,0.03662109375,-0.2197265625,0.048828125,-0.98876953125,0.30517578125,-1.52587890625,-0.10986328125,-1.11083984375,-0.1708984375,0.35400390625,-0.08544921875,0.37841796875,0,0.01220703125,-0.0732421875,0,-0.01220703125,0.18310546875,-0.03662109375,-0.048828125,-0.03662109375,0.87890625,-0.0244140625,-0.4638671875,-0.01220703125,-0.48828125
0,-0.18310546875,-0.341796875,-0.2197265625,-0.35400390625,0.09765625,-0.439453125,-0.09765625,-0.0244140625,0.08544921875,0.06103515625,-0.1708984375,-0.87890625,-0.06103515625,1.08642578125,-0.2197265625,-0.1220703125,-0.08544921875,-0.57373046875,0.3173828125,-0.1708984375,-0.06103515625,0.91552734375,0.1708984375,-0.57373046875,0.32958984375,3.86962890625,-0.146484375,1.46484375,-0.1220703125,3.64990234375,-0.09765625,2.69775390625,-0.01220703125,-0.244140625,-0.03662109375,-0.87890625,0.1953125,-0.52490234375,-0.10986328125,-0.79345703125,-0.244140625,-0.20751953125,-0.13427734375,-0.68359375,0.03662109375,-0.40283203125,-0.06103515625,0.59814453125,-0.52490234375,1.123046875,0.3662109375,0.47607421875,-0.40283203125,-0.25634765625,-0.59814453125,0.7080078125,0.03662109375,6.8359375,0.1953125,7.65380859375,-0.15869140625,4.94384765625,0.244140625,6.48193359375,0.1708984375,0.2197265625,-0.01220703125,1.025390625,-0.08544921875,0.1953125,-0.37841796875,0.2197265625,-0.06103515625,0.23193359375,-0.2197265625,0.72021484375,0.13427734375,-0.03662109375,-0.18310546875,1.318359375,0.01220703125,-0.9765625,-0.03662109375,-0.341796875,-0.03662109375,-1.01318359375,0,-0.81787109375,0.08544921875,-1.23291015625,0.09765625,0.18310546875,0.25634765625,0.08544921875,0.03662109375,-0.69580078125,-0.146484375,-0.89111328125,-0.1953125,-0.84228515625,-0.1220703125,-0.732421875,0.0244140625,-0.23193359375,0,-1.0498046875,0.20751953125,-1.67236328125,-0.146484375,-1.15966796875,-0.2685546875,0.2685546875,-0.09765625,0.3662109375,-0.03662109375,0.0244140625,-0.0732421875,-0.0244140625,-0.03662109375,0.15869140625,-0.0244140625,-0.03662109375,-0.0244140625,0.87890625,-0.0244140625,-0.45166015625,0.01220703125,-0.50048828125
0,-0.23193359375,-0.341796875,-0.20751953125,-0.3662109375,0.13427734375,-0.45166015625,-0.1220703125,-0.048828125,0.08544921875,0.0244140625,-0.18310546875,-0.87890625,-0.08544921875,1.11083984375,-0.1953125,-0.15869140625,-0.13427734375,-0.54931640625,0.29296875,-0.15869140625,-0.10986328125,0.91552734375,0.06103515625,-0.5859375,0.37841796875,4.9072265625,-0.1220703125,2.0751953125,-0.18310546875,4.43115234375,0,3.369140625,-0.048828125,-0.28076171875,0.0732421875,-0.89111328125,0.13427734375,-0.50048828125,-0.1220703125,-0.81787109375,-0.2197265625,-0.1953125,-0.13427734375,-0.68359375,0.01220703125,-0.40283203125,-0.08544921875,0.59814453125,-0.57373046875,1.11083984375,0.3662109375,0.4638671875,-0.30517578125,-0.244140625,-0.67138671875,0.68359375,0.01220703125,5.74951171875,0.2197265625,6.2255859375,-0.18310546875,4.1015625,0.244140625,5.2978515625,0.146484375,0.23193359375,-0.0732421875,1.0498046875,-0.15869140625,0.18310546875,-0.341796875,0.23193359375,-0.09765625,0.23193359375,-0.18310546875,0.74462890625,0.15869140625,-0.01220703125,-0.13427734375,1.318359375,-0.03662109375,-0.9765625,-0.01220703125,-0.35400390625,-0.15869140625,-1.0009765625,-0.01220703125,-0.8056640625,0.09765625,-1.18408203125,0.08544921875,0.1953125,0.1708984375,0.08544921875,0.08544921875,-0.69580078125,-0.146484375,-0.87890625,-0.23193359375,-0.8544921875,-0.13427734375,-0.74462890625,-0.01220703125,-0.2197265625,0.09765625,-1.0986328125,0.3662109375,-1.79443359375,-0.10986328125,-1.20849609375,-0.18310546875,0.20751953125,-0.13427734375,0.3662109375,-0.048828125,0.0244140625,-0.08544921875,-0.0244140625,-0.048828125,0.15869140625,-0.0244140625,-0.048828125,-0.0244140625,0.8544921875,-0.03662109375,-0.439453125,0.0244140625,-0.5126953125
1,-0.2685546875,-0.32958984375,-0.20751953125,-0.35400390625,0.13427734375,-0.45166015625,-0.1220703125,-0.06103515625,0.0732421875,0,-0.18310546875,-0.87890625,-0.0732421875,1.13525390625,-0.18310546875,-0.15869140625,-0.10986328125,-0.537109375,0.244140625,-0.15869140625,-0.15869140625,0.927734375,-0.048828125,-0.5859375,0.4638671875,5.8837890625,-0.13427734375,2.685546875,-0.20751953125,5.2001953125,0.08544921875,3.99169921875,-0.10986328125,-0.35400390625,0.15869140625,-0.89111328125,0.03662109375,-0.50048828125,-0.048828125,-0.81787109375,-0.1953125,-0.1953125,-0.1220703125,-0.6591796875,-0.0244140625,-0.4150390625,-0.09765625,0.6103515625,-0.6591796875,1.11083984375,0.3173828125,0.45166015625,-0.20751953125,-0.20751953125,-0.74462890625,0.67138671875,-0.048828125,4.47998046875,0.244140625,4.72412109375,-0.30517578125,3.173828125,0.20751953125,4.04052734375,0.08544921875,0.244140625,-0.10986328125,1.03759765625,-0.23193359375,0.1953125,-0.25634765625,0.2197265625,-0.1708984375,0.25634765625,-0.1708984375,0.8056640625,0.13427734375,-0.048828125,-0.06103515625,1.318359375,-0.15869140625,-0.98876953125,0.0244140625,-0.35400390625,-0.25634765625,-1.0009765625,0.01220703125,-0.79345703125,0.09765625,-1.18408203125,0.048828125,0.18310546875,0.08544921875,0.0732421875,0.1953125,-0.72021484375,-0.15869140625,-0.86669921875,-0.244140625,-0.830078125,-0.1708984375,-0.7568359375,-0.01220703125,-0.2197265625,0.15869140625,-1.123046875,0.4150390625,-1.86767578125,-0.13427734375,-1.20849609375,-0.2197265625,0.20751953125,-0.13427734375,0.390625,-0.048828125,0.048828125,-0.09765625,-0.0244140625,-0.08544921875,0.15869140625,0,-0.048828125,-0.01220703125,0.8544921875,-0.048828125,-0.45166015625,0.06103515625,-0.5126953125
1,-0.2685546875,-0.32958984375,-0.20751953125,-0.3662109375,0.13427734375,-0.42724609375,-0.1220703125,-0.06103515625,0.048828125,0,-0.1708984375,-0.87890625,-0.09765625,1.13525390625,-0.1708984375,-0.1708984375,-0.13427734375,-0.57373046875,0.244140625,-0.146484375,-0.2685546875,0.9033203125,-0.10986328125,-0.5859375,0.5126953125,6.72607421875,-0.10986328125,3.173828125,-0.20751953125,5.84716796875,0.146484375,4.52880859375,-0.13427734375,-0.3662109375,0.1953125,-0.87890625,0.0244140625,-0.45166015625,-0.048828125,-0.8056640625,-0.18310546875,-0.18310546875,-0.1220703125,-0.6591796875,-0.048828125,-0.4150390625,-0.0732421875,0.6103515625,-0.67138671875,1.1474609375,0.2685546875,0.45166015625,-0.08544921875,-0.20751953125,-0.7568359375,0.67138671875,-0.13427734375,3.25927734375,0.25634765625,3.23486328125,-0.3173828125,2.23388671875,0.15869140625,2.783203125,0.06103515625,0.23193359375,-0.146484375,1.03759765625,-0.29296875,0.1953125,-0.15869140625,0.1953125,-0.244140625,0.2685546875,-0.13427734375,0.78125,0.146484375,-0.03662109375,0.0244140625,1.318359375,-0.244140625,-0.98876953125,0.01220703125,-0.35400390625,-0.32958984375,-1.025390625,0.048828125,-0.79345703125,-0.01220703125,-1.15966796875,-0.01220703125,0.15869140625,0.0244140625,0.08544921875,0.1953125,-0.7080078125,-0.1220703125,-0.8544921875,-0.1953125,-0.830078125,-0.1953125,-0.76904296875,0,-0.2197265625,0.146484375,-1.07421875,0.32958984375,-1.81884765625,-0.146484375,-1.13525390625,-0.23193359375,0.244140625,-0.146484375,0.37841796875,-0.0732421875,0.06103515625,-0.0732421875,-0.0244140625,-0.08544921875,0.18310546875,0.0244140625,-0.048828125,-0.048828125,0.830078125,-0.03662109375,-0.439453125,0.09765625,-0.537109375
1,-0.29296875,-0.32958984375,-0.2197265625,-0.3662109375,0.146484375,-0.42724609375,-0.1220703125,-0.0732421875,0.03662109375,-0.01220703125,-0.1708984375,-0.87890625,-0.10986328125,1.13525390625,-0.1953125,-0.1708984375,-0.18310546875,-0.57373046875,0.23193359375,-0.146484375,-0.32958984375,0.9033203125,-0.146484375,-0.5859375,0.439453125,7.36083984375,-0.0732421875,3.5400390625,-0.10986328125,6.35986328125,0.1220703125,4.9072265625,-0.1220703125,-0.37841796875,0.20751953125,-0.87890625,-0.01220703125,-0.4638671875,-0.048828125,-0.76904296875,-0.18310546875,-0.1708984375,-0.06103515625,-0.64697265625,-0.09765625,-0.439453125,-0.09765625,0.6103515625,-0.6591796875,1.15966796875,0.20751953125,0.439453125,-0.03662109375,-0.18310546875,-0.7080078125,0.68359375,-0.20751953125,2.1484375,0.29296875,1.904296875,-0.341796875,1.3916015625,0.0732421875,1.6357421875,0.01220703125,0.244140625,-0.15869140625,1.025390625,-0.32958984375,0.1953125,-0.09765625,0.18310546875,-0.28076171875,0.25634765625,-0.10986328125,0.8056640625,0.13427734375,0,0.10986328125,1.318359375,-0.30517578125,-0.98876953125,0.0244140625,-0.3662109375,-0.35400390625,-0.98876953125,0.10986328125,-0.78125,0.06103515625,-1.171875,0.03662109375,0.15869140625,0.0244140625,0.09765625,0.244140625,-0.64697265625,-0.09765625,-0.84228515625,-0.18310546875,-0.79345703125,-0.2197265625,-0.76904296875,0.0244140625,-0.2685546875,0.2685546875,-0.93994140625,0.4150390625,-1.69677734375,-0.09765625,-1.0498046875,-0.146484375,0.390625,-0.13427734375,0.3662109375,-0.06103515625,0.048828125,-0.08544921875,-0.03662109375,-0.08544921875,0.20751953125,0.01220703125,-0.048828125,-0.08544921875,0.81787109375,-0.048828125,-0.45166015625,0.10986328125,-0.537109375
1,-0.2685546875,-0.35400390625,-0.23193359375,-0.3662109375,0.1708984375,-0.42724609375,-0.09765625,-0.06103515625,0.03662109375,0.01220703125,-0.146484375,-0.86669921875,-0.1220703125,1.11083984375,-0.20751953125,-0.1708984375,-0.23193359375,-0.59814453125,0.2197265625,-0.15869140625,-0.40283203125,0.9033203125,-0.10986328125,-0.5859375,0.40283203125,7.72705078125,-0.0732421875,3.69873046875,-0.06103515625,6.60400390625,0.01220703125,5.1025390625,-0.048828125,-0.37841796875,0.2197265625,-0.87890625,0.03662109375,-0.42724609375,-0.08544921875,-0.7568359375,-0.23193359375,-0.15869140625,-0.0244140625,-0.6591796875,-0.08544921875,-0.45166015625,-0.13427734375,0.6103515625,-0.64697265625,1.1962890625,0.1220703125,0.45166015625,0.08544921875,-0.1953125,-0.7080078125,0.68359375,-0.244140625,1.18408203125,0.2685546875,0.8056640625,-0.390625,0.69580078125,0,0.67138671875,-0.01220703125,0.25634765625,-0.15869140625,1.025390625,-0.341796875,0.1953125,-0.048828125,0.15869140625,-0.29296875,0.25634765625,-0.09765625,0.830078125,0.13427734375,0.01220703125,0.15869140625,1.318359375,-0.3173828125,-0.9765625,0.0244140625,-0.37841796875,-0.341796875,-0.9765625,0.15869140625,-0.76904296875,0.03662109375,-1.171875,0.0244140625,0.15869140625,0.01220703125,0.15869140625,0.15869140625,-0.59814453125,-0.0732421875,-0.84228515625,-0.1220703125,-0.76904296875,-0.23193359375,-0.7568359375,0.048828125,-0.2685546875,0.2197265625,-0.74462890625,0.3173828125,-1.50146484375,-0.13427734375,-0.91552734375,-0.2197265625,0.5615234375,-0.1708984375,0.37841796875,-0.09765625,0.0244140625,-0.0732421875,-0.048828125,-0.06103515625,0.2197265625,0.03662109375,-0.0244140625,-0.09765625,0.81787109375,0,-0.45166015625,0.13427734375,-0.54931640625
1,-0.29296875,-0.341796875,-0.244140625,-0.3662109375,0.13427734375,-0.4150390625,-0.08544921875,-0.08544921875,0.03662109375,0.0244140625,-0.146484375,-0.86669921875,-0.1220703125,1.123046875,-0.1953125,-0.18310546875,-0.25634765625,-0.5859375,0.18310546875,-0.1708984375,-0.47607421875,0.91552734375,-0.06103515625,-0.54931640625,0.341796875,7.8125,-0.09765625,3.6865234375,-0.06103515625,6.640625,-0.1708984375,5.126953125,0.06103515625,-0.3662109375,0.18310546875,-0.8544921875,0.06103515625,-0.4150390625,-0.08544921875,-0.74462890625,-0.28076171875,-0.15869140625,0.03662109375,-0.634765625,-0.06103515625,-0.4638671875,-0.13427734375,0.62255859375,-0.634765625,1.20849609375,0.048828125,0.45166015625,0.1220703125,-0.18310546875,-0.6103515625,0.69580078125,-0.29296875,0.45166015625,0.25634765625,0.01220703125,-0.390625,0.1708984375,-0.048828125,-0.03662109375,-0.03662109375,0.25634765625,-0.18310546875,1.03759765625,-0.29296875,0.20751953125,-0.03662109375,0.15869140625,-0.29296875,0.2685546875,-0.03662109375,0.8056640625,0.1708984375,0.01220703125,0.1953125,1.30615234375,-0.341796875,-0.9765625,0.01220703125,-0.390625,-0.28076171875,-0.98876953125,0.146484375,-0.8056640625,0.0244140625,-1.171875,0.01220703125,0.20751953125,-0.01220703125,0.2197265625,0.08544921875,-0.5126953125,-0.09765625,-0.830078125,-0.0244140625,-0.76904296875,-0.20751953125,-0.74462890625,0.08544921875,-0.28076171875,0.1708984375,-0.537109375,0.244140625,-1.2451171875,-0.09765625,-0.74462890625,-0.23193359375,0.79345703125,-0.18310546875,0.3662109375,-0.09765625,0.0244140625,-0.0732421875,-0.06103515625,-0.06103515625,0.2197265625,0.0244140625,-0.01220703125,-0.09765625,0.81787109375,0.0244140625,-0.48828125,0.1220703125,-0.5859375
1,-0.30517578125,-0.341796875,-0.244140625,-0.390625,0.13427734375,-0.40283203125,-0.06103515625,-0.0732421875,0.0244140625,0.0244140625,-0.13427734375,-0.89111328125,-0.13427734375,1.0986328125,-0.20751953125,-0.1953125,-0.25634765625,-0.5615234375,0.13427734375,-0.18310546875,-0.47607421875,0.927734375,0.01220703125,-0.5615234375,0.32958984375,7.666015625,-0.1708984375,3.52783203125,-0.1220703125,6.50634765625,-0.341796875,4.98046875,0.1708984375,-0.32958984375,0.146484375,-0.84228515625,0.09765625,-0.439453125,-0.1220703125,-0.74462890625,-0.32958984375,-0.1953125,0.08544921875,-0.64697265625,0,-0.4638671875,-0.08544921875,0.62255859375,-0.6103515625,1.1962890625,-0.06103515625,0.45166015625,0.1220703125,-0.1953125,-0.4638671875,0.69580078125,-0.35400390625,-0.048828125,0.244140625,-0.47607421875,-0.42724609375,-0.146484375,-0.1220703125,-0.537109375,-0.0732421875,0.2685546875,-0.1953125,1.01318359375,-0.25634765625,0.20751953125,-0.08544921875,0.15869140625,-0.244140625,0.25634765625,-0.01220703125,0.81787109375,0.1953125,0.0244140625,0.2197265625,1.30615234375,-0.3173828125,-0.9765625,0.01220703125,-0.390625,-0.1953125,-0.9765625,0.1220703125,-0.8056640625,0.03662109375,-1.11083984375,0.01220703125,0.2685546875,-0.03662109375,0.29296875,0.01220703125,-0.40283203125,-0.146484375,-0.84228515625,0.0244140625,-0.76904296875,-0.18310546875,-0.74462890625,0.1220703125,-0.29296875,0.1953125,-0.28076171875,0.28076171875,-0.9765625,-0.03662109375,-0.54931640625,-0.146484375,1.06201171875,-0.20751953125,0.341796875,-0.10986328125,-0.0244140625,-0.0732421875,-0.09765625,-0.048828125,0.2197265625,0.0244140625,-0.03662109375,-0.09765625,0.8056640625,0.03662109375,-0.48828125,0.06103515625,-0.5615234375
1,-0.28076171875,-0.35400390625,-0.25634765625,-0.390625,0.146484375,-0.42724609375,-0.03662109375,-0.0732421875,0.0244140625,0.048828125,-0.1220703125,-0.87890625,-0.15869140625,1.0986328125,-0.1708984375,-0.1953125,-0.20751953125,-0.57373046875,0.13427734375,-0.1953125,-0.439453125,0.91552734375,0.03662109375,-0.54931640625,0.2685546875,7.32421875,-0.20751953125,3.25927734375,-0.15869140625,6.21337890625,-0.439453125,4.736328125,0.28076171875,-0.244140625,0.10986328125,-0.8544921875,0.15869140625,-0.42724609375,-0.13427734375,-0.732421875,-0.29296875,-0.18310546875,0.06103515625,-0.64697265625,0.01220703125,-0.45166015625,-0.03662109375,0.62255859375,-0.57373046875,1.18408203125,-0.15869140625,0.439453125,0.13427734375,-0.20751953125,-0.341796875,0.732421875,-0.390625,-0.3173828125,0.23193359375,-0.7080078125,-0.45166015625,-0.30517578125,-0.1220703125,-0.78125,-0.09765625,0.30517578125,-0.1708984375,1.025390625,-0.18310546875,0.20751953125,-0.13427734375,0.18310546875,-0.2197265625,0.244140625,0.06103515625,0.79345703125,0.2197265625,0.0244140625,0.2197265625,1.30615234375,-0.29296875,-0.96435546875,-0.01220703125,-0.390625,-0.0732421875,-0.9765625,0.0244140625,-0.81787109375,-0.06103515625,-1.08642578125,-0.048828125,0.32958984375,-0.048828125,0.390625,-0.0244140625,-0.28076171875,-0.15869140625,-0.830078125,0.0732421875,-0.76904296875,-0.1708984375,-0.72021484375,0.13427734375,-0.29296875,0.03662109375,-0.048828125,0.10986328125,-0.7080078125,-0.0732421875,-0.40283203125,-0.18310546875,1.33056640625,-0.2197265625,0.35400390625,-0.1220703125,-0.01220703125,-0.0732421875,-0.10986328125,-0.048828125,0.1953125,0.0244140625,0,-0.06103515625,0.79345703125,0.048828125,-0.52490234375,0.03662109375,-0.57373046875
1,-0.29296875,-0.35400390625,-0.25634765625,-0.390625,0.15869140625,-0.4150390625,-0.01220703125,-0.06103515625,0.03662109375,0.048828125,-0.1220703125,-0.89111328125,-0.146484375,1.08642578125,-0.18310546875,-0.18310546875,-0.13427734375,-0.54931640625,0.146484375,-0.1953125,-0.3662109375,0.89111328125,0.0244140625,-0.537109375,0.0732421875,6.8603515625,-0.3173828125,2.94189453125,-0.2197265625,5.859375,-0.52490234375,4.4189453125,0.35400390625,-0.1708984375,0.06103515625,-0.86669921875,0.1953125,-0.439453125,-0.1220703125,-0.732421875,-0.23193359375,-0.1953125,0.048828125,-0.64697265625,0.0244140625,-0.439453125,0.048828125,0.59814453125,-0.54931640625,1.15966796875,-0.1953125,0.4638671875,0.03662109375,-0.2197265625,-0.1220703125,0.732421875,-0.4150390625,-0.439453125,0.25634765625,-0.72021484375,-0.390625,-0.32958984375,-0.13427734375,-0.87890625,-0.13427734375,0.29296875,-0.18310546875,1.03759765625,-0.15869140625,0.20751953125,-0.18310546875,0.18310546875,-0.18310546875,0.2685546875,0.0732421875,0.78125,0.25634765625,0.0244140625,0.1953125,1.30615234375,-0.28076171875,-1.0009765625,-0.048828125,-0.40283203125,0.0244140625,-0.98876953125,-0.01220703125,-0.830078125,-0.13427734375,-1.03759765625,-0.09765625,0.390625,-0.03662109375,0.45166015625,-0.03662109375,-0.20751953125,-0.146484375,-0.8544921875,0.08544921875,-0.79345703125,-0.1220703125,-0.72021484375,0.146484375,-0.29296875,-0.03662109375,0.15869140625,0.01220703125,-0.48828125,-0.06103515625,-0.2197265625,-0.1953125,1.5625,-0.25634765625,0.341796875,-0.146484375,-0.03662109375,-0.08544921875,-0.1220703125,-0.048828125,0.1953125,0,-0.01220703125,-0.048828125,0.78125,0.06103515625,-0.5126953125,0.0244140625,-0.5859375
1,-0.29296875,-0.37841796875,-0.20751953125,-0.37841796875,0.15869140625,-0.42724609375,0.0244140625,-0.03662109375,0.01220703125,0.0244140625,-0.1220703125,-0.9033203125,-0.15869140625,1.08642578125,-0.1708984375,-0.15869140625,-0.08544921875,-0.54931640625,0.1708984375,-0.1953125,-0.2197265625,0.87890625,0.01220703125,-0.54931640625,-0.048828125,6.33544921875,-0.3173828125,2.62451171875,-0.30517578125,5.48095703125,-0.48828125,4.1015625,0.35400390625,-0.08544921875,0.06103515625,-0.87890625,0.18310546875,-0.45166015625,-0.1220703125,-0.74462890625,-0.146484375,-0.20751953125,-0.048828125,-0.6591796875,0.01220703125,-0.42724609375,0.0732421875,0.6103515625,-0.50048828125,1.123046875,-0.146484375,0.47607421875,-0.03662109375,-0.2197265625,0.01220703125,0.72021484375,-0.42724609375,-0.439453125,0.18310546875,-0.5859375,-0.3662109375,-0.23193359375,-0.1953125,-0.86669921875,-0.15869140625,0.3173828125,-0.15869140625,1.0498046875,-0.10986328125,0.2197265625,-0.1953125,0.18310546875,-0.15869140625,0.25634765625,0.09765625,0.7568359375,0.2685546875,-0.01220703125,0.13427734375,1.2939453125,-0.23193359375,-0.98876953125,-0.048828125,-0.37841796875,0.09765625,-1.0009765625,-0.048828125,-0.81787109375,-0.1220703125,-1.0009765625,-0.146484375,0.4150390625,-0.0244140625,0.5126953125,-0.01220703125,-0.146484375,-0.10986328125,-0.86669921875,0.08544921875,-0.79345703125,-0.10986328125,-0.732421875,0.13427734375,-0.2685546875,-0.06103515625,0.29296875,-0.01220703125,-0.3662109375,-0.03662109375,-0.10986328125,-0.1708984375,1.7333984375,-0.25634765625,0.341796875,-0.15869140625,-0.0244140625,-0.0732421875,-0.13427734375,-0.048828125,0.18310546875,0,-0.01220703125,-0.06103515625,0.732421875,0.06103515625,-0.52490234375,0.0244140625,-0.5859375
1,-0.30517578125,-0.37841796875,-0.18310546875,-0.35400390625,0.13427734375,-0.42724609375,0,-0.0244140625,0.03662109375,0.01220703125,-0.13427734375,-0.89111328125,-0.1708984375,1.07421875,-0.1708984375,-0.13427734375,-0.048828125,-0.537109375,0.20751953125,-0.18310546875,-0.1220703125,0.87890625,-0.0732421875,-0.537109375,-0.10986328125,5.84716796875,-0.2685546875,2.3681640625,-0.390625,5.2001953125,-0.40283203125,3.8330078125,0.341796875,-0.0244140625,0.08544921875,-0.86669921875,0.1220703125,-0.439453125,-0.08544921875,-0.76904296875,-0.10986328125,-0.20751953125,-0.09765625,-0.67138671875,-0.01220703125,-0.42724609375,0.0732421875,0.59814453125,-0.48828125,1.123046875,-0.0732421875,0.45166015625,-0.0732421875,-0.2197265625,0.1220703125,0.72021484375,-0.3173828125,-0.35400390625,0.15869140625,-0.390625,-0.2685546875,-0.13427734375,-0.146484375,-0.79345703125,-0.10986328125,0.32958984375,-0.08544921875,1.03759765625,-0.10986328125,0.2197265625,-0.1953125,0.20751953125,-0.1953125,0.28076171875,0.10986328125,0.74462890625,0.244140625,0,0.08544921875,1.318359375,-0.18310546875,-1.0009765625,-0.06103515625,-0.390625,0.13427734375,-1.01318359375,-0.048828125,-0.81787109375,-0.08544921875,-0.98876953125,-0.244140625,0.37841796875,-0.0244140625,0.47607421875,0,-0.15869140625,-0.03662109375,-0.87890625,0.10986328125,-0.79345703125,-0.08544921875,-0.732421875,0.15869140625,-0.28076171875,-0.08544921875,0.37841796875,-0.01220703125,-0.29296875,-0.03662109375,-0.06103515625,-0.1953125,1.8310546875,-0.2685546875,0.32958984375,-0.146484375,0.01220703125,-0.0732421875,-0.1220703125,-0.06103515625,0.18310546875,-0.01220703125,-0.01220703125,-0.048828125,0.732421875,0.048828125,-0.52490234375,0.03662109375,-0.5859375
1,-0.30517578125,-0.3662109375,-0.1708984375,-0.3662109375,0.1220703125,-0.4150390625,0.03662109375,-0.01220703125,0,-0.0244140625,-0.13427734375,-0.87890625,-0.15869140625,1.08642578125,-0.1708984375,-0.13427734375,-0.0732421875,-0.54931640625,0.244140625,-0.1708984375,-0.08544921875,0.89111328125,-0.10986328125,-0.54931640625,-0.10986328125,5.419921875,-0.23193359375,2.197265625,-0.42724609375,4.9560546875,-0.2685546875,3.64990234375,0.28076171875,0.09765625,0.18310546875,-0.87890625,0.0732421875,-0.4638671875,-0.03662109375,-0.79345703125,-0.06103515625,-0.20751953125,-0.1708984375,-0.69580078125,0,-0.40283203125,0.03662109375,0.59814453125,-0.5126953125,1.123046875,-0.06103515625,0.45166015625,-0.18310546875,-0.1953125,0.25634765625,0.7080078125,-0.244140625,-0.25634765625,0.13427734375,-0.20751953125,-0.28076171875,-0.048828125,-0.146484375,-0.69580078125,-0.0732421875,0.341796875,-0.0244140625,1.0498046875,-0.1220703125,0.20751953125,-0.18310546875,0.2197265625,-0.15869140625,0.2685546875,0.10986328125,0.72021484375,0.23193359375,-0.03662109375,-0.01220703125,1.30615234375,-0.09765625,-1.0009765625,-0.06103515625,-0.3662109375,0.1220703125,-1.01318359375,-0.01220703125,-0.830078125,0.048828125,-1.0009765625,-0.28076171875,0.3173828125,0.0244140625,0.40283203125,-0.06103515625,-0.244140625,0.0244140625,-0.87890625,0.146484375,-0.8056640625,-0.048828125,-0.74462890625,0.1220703125,-0.25634765625,-0.06103515625,0.390625,-0.03662109375,-0.32958984375,-0.03662109375,-0.03662109375,-0.18310546875,1.84326171875,-0.28076171875,0.341796875,-0.146484375,0.03662109375,-0.06103515625,-0.10986328125,-0.0732421875,0.18310546875,0,-0.03662109375,-0.06103515625,0.732421875,0.03662109375,-0.5126953125,0.06103515625,-0.59814453125
1,-0.30517578125,-0.341796875,-0.1953125,-0.37841796875,0.1220703125,-0.439453125,0.0244140625,-0.0244140625,-0.01220703125,-0.06103515625,-0.146484375,-0.87890625,-0.1708984375,1.0986328125,-0.13427734375,-0.1220703125,-0.06103515625,-0.537109375,0.244140625,-0.18310546875,-0.048828125,0.89111328125,-0.10986328125,-0.537109375,-0.048828125,5.1025390625,-0.1953125,2.08740234375,-0.40283203125,4.82177734375,-0.18310546875,3.515625,0.1953125,0.1953125,0.28076171875,-0.87890625,0.0244140625,-0.4638671875,0.0732421875,-0.81787109375,-0.048828125,-0.1953125,-0.15869140625,-0.67138671875,0.0244140625,-0.4150390625,0,0.5859375,-0.52490234375,1.11083984375,0.0244140625,0.45166015625,-0.23193359375,-0.1953125,0.29296875,0.69580078125,-0.15869140625,-0.1708984375,0.08544921875,-0.06103515625,-0.2685546875,0.048828125,-0.146484375,-0.59814453125,-0.0732421875,0.32958984375,0.06103515625,1.03759765625,-0.146484375,0.1953125,-0.1220703125,0.244140625,-0.0732421875,0.25634765625,0.146484375,0.74462890625,0.2197265625,-0.048828125,-0.048828125,1.30615234375,0.01220703125,-1.0009765625,-0.0732421875,-0.3662109375,0.0732421875,-1.025390625,0.0244140625,-0.81787109375,0.20751953125,-1.0009765625,-0.3173828125,0.2197265625,0.06103515625,0.30517578125,-0.06103515625,-0.3662109375,0.0732421875,-0.8544921875,0.15869140625,-0.8056640625,-0.048828125,-0.7568359375,0.0732421875,-0.25634765625,-0.048828125,0.32958984375,-0.03662109375,-0.4150390625,-0.0732421875,-0.06103515625,-0.1953125,1.79443359375,-0.28076171875,0.341796875,-0.146484375,0.0244140625,-0.06103515625,-0.08544921875,-0.09765625,0.1708984375,-0.01220703125,-0.048828125,-0.06103515625,0.74462890625,0.0244140625,-0.47607421875,0.048828125,-0.5859375
1,-0.29296875,-0.35400390625,-0.18310546875,-0.37841796875,0.1220703125,-0.4150390625,0.03662109375,-0.03662109375,-0.0244140625,-0.10986328125,-0.146484375,-0.86669921875,-0.15869140625,1.11083984375,-0.146484375,-0.1220703125,-0.048828125,-0.537109375,0.244140625,-0.1708984375,-0.08544921875,0.87890625,-0.08544921875,-0.5615234375,0,4.9560546875,-0.10986328125,2.0751953125,-0.29296875,4.736328125,-0.13427734375,3.47900390625,0.15869140625,0.23193359375,0.40283203125,-0.87890625,-0.03662109375,-0.4638671875,0.18310546875,-0.8056640625,-0.0732421875,-0.2197265625,-0.15869140625,-0.67138671875,0,-0.42724609375,-0.0244140625,0.5859375,-0.52490234375,1.123046875,0.0732421875,0.42724609375,-0.3662109375,-0.1708984375,0.4638671875,0.67138671875,-0.08544921875,-0.08544921875,0.06103515625,0,-0.28076171875,0.08544921875,-0.1220703125,-0.52490234375,-0.03662109375,0.3173828125,0.1220703125,1.025390625,-0.1953125,0.1953125,-0.0244140625,0.23193359375,0.03662109375,0.244140625,0.15869140625,0.76904296875,0.15869140625,-0.048828125,-0.13427734375,1.318359375,0.10986328125,-1.01318359375,-0.09765625,-0.3662109375,0,-1.01318359375,0.0732421875,-0.8056640625,0.30517578125,-0.93994140625,-0.341796875,0.15869140625,0.09765625,0.20751953125,-0.09765625,-0.45166015625,0.09765625,-0.84228515625,0.2197265625,-0.79345703125,-0.03662109375,-0.76904296875,0,-0.28076171875,-0.0244140625,0.244140625,-0.0244140625,-0.57373046875,-0.06103515625,-0.13427734375,-0.2197265625,1.6845703125,-0.30517578125,0.35400390625,-0.146484375,0.048828125,-0.0732421875,-0.0732421875,-0.09765625,0.1708984375,0.01220703125,-0.03662109375,-0.03662109375,0.74462890625,0.0244140625,-0.48828125,0.048828125,-0.59814453125
1,-0.28076171875,-0.341796875,-0.1953125,-0.37841796875,0.146484375,-0.4150390625,0.03662109375,-0.06103515625,-0.048828125,-0.10986328125,-0.1220703125,-0.84228515625,-0.1708984375,1.11083984375,-0.146484375,-0.1220703125,-0.06103515625,-0.54931640625,0.25634765625,-0.1708984375,-0.18310546875,0.86669921875,-0.01220703125,-0.5615234375,-0.0244140625,4.91943359375,-0.0732421875,2.099609375,-0.1953125,4.736328125,-0.18310546875,3.47900390625,0.1708984375,0.29296875,0.4638671875,-0.9033203125,-0.06103515625,-0.4638671875,0.2197265625,-0.8056640625,-0.13427734375,-0.20751953125,-0.10986328125,-0.6591796875,-0.048828125,-0.45166015625,-0.06103515625,0.5859375,-0.52490234375,1.13525390625,0.08544921875,0.4150390625,-0.45166015625,-0.15869140625,0.54931640625,0.67138671875,-0.048828125,-0.03662109375,0.06103515625,0.01220703125,-0.2197265625,0.10986328125,-0.13427734375,-0.48828125,-0.048828125,0.25634765625,0.20751953125,1.01318359375,-0.20751953125,0.15869140625,0.03662109375,0.23193359375,0.1220703125,0.2197265625,0.09765625,0.78125,0.10986328125,-0.048828125,-0.18310546875,1.318359375,0.1953125,-1.0009765625,-0.08544921875,-0.35400390625,-0.06103515625,-1.025390625,0.10986328125,-0.8056640625,0.35400390625,-0.78125,-0.341796875,0.15869140625,0.146484375,0.1708984375,-0.13427734375,-0.48828125,0.10986328125,-0.84228515625,0.2685546875,-0.79345703125,-0.03662109375,-0.76904296875,-0.08544921875,-0.28076171875,-0.0244140625,0.146484375,0.01220703125,-0.732421875,-0.0732421875,-0.244140625,-0.23193359375,1.55029296875,-0.35400390625,0.3662109375,-0.146484375,0.03662109375,-0.0732421875,-0.048828125,-0.09765625,0.1953125,-0.01220703125,-0.048828125,-0.06103515625,0.74462890625,0.03662109375,-0.48828125,0.01220703125,-0.57373046875
0,-0.30517578125,-0.341796875,-0.18310546875,-0.3662109375,0.1708984375,-0.4150390625,0.0732421875,-0.06103515625,-0.048828125,-0.10986328125,-0.13427734375,-0.84228515625,-0.1708984375,1.0986328125,-0.1708984375,-0.13427734375,-0.06103515625,-0.537109375,0.244140625,-0.15869140625,-0.2685546875,0.87890625,0.0244140625,-0.537109375,-0.01220703125,4.94384765625,-0.048828125,2.16064453125,-0.0732421875,4.78515625,-0.2197265625,3.4912109375,0.1953125,0.32958984375,0.52490234375,-0.9033203125,-0.08544921875,-0.47607421875,0.2197265625,-0.79345703125,-0.20751953125,-0.23193359375,0.01220703125,-0.6591796875,-0.1220703125,-0.48828125,-0.10986328125,0.6103515625,-0.50048828125,1.15966796875,0.1708984375,0.4150390625,-0.537109375,-0.146484375,0.5859375,0.68359375,0,-0.01220703125,0.08544921875,-0.01220703125,-0.2197265625,0.0732421875,-0.0732421875,-0.4638671875,-0.0732421875,0.2197265625,0.25634765625,1.025390625,-0.244140625,0.1708984375,0.08544921875,0.244140625,0.20751953125,0.2197265625,0.0244140625,0.84228515625,0.06103515625,-0.03662109375,-0.23193359375,1.318359375,0.20751953125,-1.01318359375,-0.10986328125,-0.37841796875,-0.10986328125,-1.025390625,0.08544921875,-0.8056640625,0.42724609375,-0.50048828125,-0.25634765625,0.23193359375,0.18310546875,0.2685546875,-0.09765625,-0.390625,0.0244140625,-0.81787109375,0.29296875,-0.78125,-0.03662109375,-0.78125,-0.1708984375,-0.28076171875,-0.03662109375,0.03662109375,0.09765625,-0.87890625,-0.08544921875,-0.341796875,-0.25634765625,1.40380859375,-0.37841796875,0.3662109375,-0.146484375,0.03662109375,-0.08544921875,-0.06103515625,-0.10986328125,0.20751953125,-0.01220703125,-0.06103515625,-0.0732421875,0.76904296875,0.048828125,-0.50048828125,0,-0.54931640625
0,-0.341796875,-0.341796875,-0.15869140625,-0.37841796875,0.1953125,-0.42724609375,0.0732421875,-0.048828125,-0.0732421875,-0.048828125,-0.1220703125,-0.84228515625,-0.13427734375,1.11083984375,-0.146484375,-0.146484375,-0.08544921875,-0.537109375,0.23193359375,-0.1708984375,-0.37841796875,0.87890625,0.01220703125,-0.54931640625,0.03662109375,5.029296875,0.01220703125,2.197265625,0.03662109375,4.833984375,-0.244140625,3.4912109375,0.35400390625,0.390625,0.59814453125,-0.87890625,-0.06103515625,-0.45166015625,0.15869140625,-0.78125,-0.2685546875,-0.1953125,0.10986328125,-0.64697265625,-0.1220703125,-0.48828125,-0.18310546875,0.6103515625,-0.4638671875,1.1474609375,0.2197265625,0.42724609375,-0.64697265625,-0.146484375,0.67138671875,0.7080078125,0.048828125,0,0.1220703125,-0.0732421875,-0.2197265625,0.06103515625,0.0244140625,-0.42724609375,-0.0732421875,0.1708984375,0.2685546875,1.01318359375,-0.244140625,0.18310546875,0.10986328125,0.23193359375,0.244140625,0.1953125,-0.048828125,0.84228515625,0.01220703125,-0.03662109375,-0.28076171875,1.30615234375,0.2197265625,-1.0009765625,-0.10986328125,-0.37841796875,-0.146484375,-1.0009765625,0.06103515625,-0.8056640625,0.3173828125,0,-0.1708984375,0.45166015625,0.15869140625,0.5126953125,-0.08544921875,-0.1220703125,0,-0.8056640625,0.29296875,-0.78125,-0.03662109375,-0.79345703125,-0.20751953125,-0.29296875,-0.06103515625,-0.048828125,0.2197265625,-1.0009765625,-0.09765625,-0.4638671875,-0.28076171875,1.26953125,-0.40283203125,0.37841796875,-0.146484375,0.048828125,-0.0732421875,-0.048828125,-0.13427734375,0.2197265625,0.01220703125,-0.03662109375,-0.08544921875,0.78125,0.0732421875,-0.52490234375,-0.0244140625,-0.5615234375
0,-0.341796875,-0.35400390625,-0.18310546875,-0.37841796875,0.1953125,-0.4150390625,0.06103515625,-0.048828125,-0.1220703125,-0.01220703125,-0.1220703125,-0.8544921875,-0.146484375,1.08642578125,-0.10986328125,-0.146484375,-0.146484375,-0.52490234375,0.1708984375,-0.18310546875,-0.439453125,0.8544921875,0,-0.537109375,0.09765625,5.06591796875,0.06103515625,2.20947265625,0.06103515625,4.79736328125,-0.2685546875,3.466796875,0.48828125,0.4150390625,0.67138671875,-0.86669921875,-0.048828125,-0.42724609375,0.09765625,-0.7568359375,-0.30517578125,-0.18310546875,0.1708984375,-0.634765625,-0.18310546875,-0.5126953125,-0.20751953125,0.59814453125,-0.40283203125,1.13525390625,0.244140625,0.439453125,-0.62255859375,-0.13427734375,0.64697265625,0.72021484375,0.01220703125,0.01220703125,0.1220703125,-0.146484375,-0.15869140625,0.048828125,0.08544921875,-0.40283203125,-0.01220703125,0.15869140625,0.29296875,1.01318359375,-0.23193359375,0.18310546875,0.09765625,0.23193359375,0.2197265625,0.1953125,-0.13427734375,0.8544921875,-0.01220703125,-0.0244140625,-0.29296875,1.2939453125,0.18310546875,-1.01318359375,-0.09765625,-0.37841796875,-0.13427734375,-1.01318359375,0.0244140625,-0.81787109375,0.18310546875,0.72021484375,-0.1220703125,0.830078125,0.09765625,0.927734375,-0.13427734375,0.35400390625,-0.01220703125,-0.78125,0.30517578125,-0.78125,-0.048828125,-0.7568359375,-0.20751953125,-0.3173828125,-0.0732421875,-0.146484375,0.23193359375,-1.06201171875,-0.09765625,-0.537109375,-0.30517578125,1.171875,-0.4150390625,0.35400390625,-0.1708984375,0.0244140625,-0.0732421875,-0.0244140625,-0.10986328125,0.2197265625,0,-0.06103515625,-0.08544921875,0.76904296875,0.06103515625,-0.537109375,-0.0244140625,-0.57373046875
0,-0.3662109375,-0.3662109375,-0.1953125,-0.3662109375,0.15869140625,-0.4150390625,0.06103515625,-0.03662109375,-0.1220703125,0,-0.10986328125,-0.86669921875,-0.146484375,1.0986328125,-0.10986328125,-0.146484375,-0.146484375,-0.52490234375,0.09765625,-0.18310546875,-0.42724609375,0.86669921875,-0.03662109375,-0.54931640625,0.13427734375,4.99267578125,0.03662109375,2.13623046875,0.01220703125,4.67529296875,-0.25634765625,3.38134765625,0.62255859375,0.40283203125,0.72021484375,-0.8544921875,-0.048828125,-0.40283203125,0.06103515625,-0.732421875,-0.32958984375,-0.146484375,0.2197265625,-0.634765625,-0.20751953125,-0.537109375,-0.1953125,0.62255859375,-0.35400390625,1.13525390625,0.30517578125,0.4638671875,-0.67138671875,-0.1708984375,0.57373046875,0.732421875,-0.06103515625,0.03662109375,0.146484375,-0.18310546875,-0.1953125,0.06103515625,0.18310546875,-0.390625,0.0244140625,0.1708984375,0.32958984375,1.025390625,-0.1953125,0.20751953125,0.0732421875,0.2197265625,0.2197265625,0.20751953125,-0.20751953125,0.830078125,-0.03662109375,-0.01220703125,-0.28076171875,1.2939453125,0.09765625,-1.0009765625,-0.06103515625,-0.390625,-0.08544921875,-1.01318359375,-0.048828125,-0.81787109375,0.13427734375,1.611328125,-0.10986328125,1.33056640625,-0.01220703125,1.50146484375,-0.146484375,1.0009765625,-0.03662109375,-0.79345703125,0.25634765625,-0.78125,-0.0732421875,-0.74462890625,-0.2197265625,-0.30517578125,0.01220703125,-0.1953125,0.32958984375,-1.0986328125,-0.03662109375,-0.59814453125,-0.23193359375,1.123046875,-0.40283203125,0.341796875,-0.1708984375,0.01220703125,-0.0732421875,-0.0244140625,-0.1220703125,0.2197265625,-0.01220703125,-0.06103515625,-0.0732421875,0.76904296875,0.0732421875,-0.537109375,-0.0244140625,-0.57373046875
0,-0.35400390625,-0.3662109375,-0.1953125,-0.3662109375,0.146484375,-0.4150390625,0.0732421875,-0.048828125,-0.1220703125,0,-0.1220703125,-0.86669921875,-0.146484375,1.08642578125,-0.06103515625,-0.15869140625,-0.1220703125,-0.5126953125,-0.01220703125,-0.18310546875,-0.3662109375,0.9033203125,-0.1220703125,-0.54931640625,0.2685546875,4.77294921875,-0.01220703125,1.96533203125,-0.09765625,4.47998046875,-0.2197265625,3.22265625,0.68359375,0.37841796875,0.732421875,-0.8544921875,-0.0732421875,-0.37841796875,0.048828125,-0.74462890625,-0.29296875,-0.13427734375,0.1953125,-0.64697265625,-0.2197265625,-0.5126953125,-0.1708984375,0.634765625,-0.29296875,1.15966796875,0.28076171875,0.4638671875,-0.6591796875,-0.18310546875,0.52490234375,0.732421875,-0.146484375,0.048828125,0.20751953125,-0.20751953125,-0.1953125,0.06103515625,0.20751953125,-0.3662109375,0.09765625,0.1708984375,0.30517578125,1.0498046875,-0.13427734375,0.2197265625,0.03662109375,0.2197265625,0.18310546875,0.2197265625,-0.244140625,0.84228515625,-0.03662109375,-0.01220703125,-0.25634765625,1.2939453125,0.0244140625,-1.0009765625,-0.01220703125,-0.37841796875,-0.08544921875,-1.01318359375,-0.13427734375,-0.830078125,0.01220703125,2.6611328125,-0.10986328125,1.91650390625,-0.10986328125,2.20947265625,-0.1708984375,1.7822265625,0,-0.81787109375,0.20751953125,-0.7568359375,-0.0732421875,-0.74462890625,-0.2197265625,-0.30517578125,0.01220703125,-0.2197265625,0.2685546875,-1.123046875,-0.0732421875,-0.64697265625,-0.2685546875,1.08642578125,-0.390625,0.341796875,-0.18310546875,0,-0.0732421875,-0.0244140625,-0.08544921875,0.20751953125,-0.048828125,-0.048828125,-0.06103515625,0.76904296875,0.03662109375,-0.54931640625,-0.01220703125,-0.5615234375
0,-0.35400390625,-0.37841796875,-0.2197265625,-0.37841796875,0.15869140625,-0.42724609375,0.08544921875,-0.048828125,-0.10986328125,0.0244140625,-0.1220703125,-0.87890625,-0.15869140625,1.0986328125,-0.03662109375,-0.1708984375,-0.08544921875,-0.5126953125,-0.0732421875,-0.18310546875,-0.29296875,0.89111328125,-0.1953125,-0.5615234375,0.3173828125,4.345703125,-0.03662109375,1.7333984375,-0.1953125,4.1748046875,-0.1220703125,2.9541015625,0.6591796875,0.341796875,0.732421875,-0.86669921875,-0.08544921875,-0.390625,0.03662109375,-0.732421875,-0.20751953125,-0.1220703125,0.1953125,-0.64697265625,-0.20751953125,-0.47607421875,-0.1220703125,0.634765625,-0.28076171875,1.1474609375,0.29296875,0.4638671875,-0.62255859375,-0.1953125,0.45166015625,0.74462890625,-0.2197265625,0.03662109375,0.2685546875,-0.1953125,-0.15869140625,0.1220703125,0.23193359375,-0.3662109375,0.15869140625,0.23193359375,0.25634765625,1.03759765625,-0.09765625,0.23193359375,-0.01220703125,0.20751953125,0.1220703125,0.244140625,-0.28076171875,0.84228515625,0.01220703125,0,-0.25634765625,1.2939453125,-0.06103515625,-1.0009765625,0.01220703125,-0.390625,-0.06103515625,-1.025390625,-0.20751953125,-0.81787109375,0.03662109375,3.82080078125,-0.1220703125,2.587890625,-0.1708984375,2.96630859375,-0.15869140625,2.63671875,-0.03662109375,-0.84228515625,0.1953125,-0.78125,-0.06103515625,-0.7568359375,-0.1953125,-0.28076171875,-0.01220703125,-0.25634765625,0.10986328125,-1.0986328125,-0.0732421875,-0.67138671875,-0.2197265625,1.0498046875,-0.35400390625,0.32958984375,-0.1708984375,0,-0.0732421875,0,-0.09765625,0.20751953125,-0.06103515625,-0.048828125,-0.0244140625,0.79345703125,0.01220703125,-0.52490234375,-0.01220703125,-0.57373046875
0,-0.35400390625,-0.37841796875,-0.18310546875,-0.3662109375,0.1708984375,-0.42724609375,0.0732421875,-0.06103515625,-0.13427734375,0.01220703125,-0.1220703125,-0.87890625,-0.1953125,1.0986328125,-0.0244140625,-0.1708984375,-0.0244140625,-0.537109375,-0.08544921875,-0.18310546875,-0.15869140625,0.89111328125,-0.2685546875,-0.5615234375,0.28076171875,3.759765625,-0.10986328125,1.37939453125,-0.37841796875,3.74755859375,-0.1220703125,2.6123046875,0.5615234375,0.25634765625,0.72021484375,-0.86669921875,-0.10986328125,-0.390625,0.0732421875,-0.732421875,-0.10986328125,-0.13427734375,0.20751953125,-0.6591796875,-0.20751953125,-0.45166015625,-0.0732421875,0.64697265625,-0.28076171875,1.13525390625,0.3173828125,0.48828125,-0.67138671875,-0.20751953125,0.32958984375,0.732421875,-0.3173828125,0.03662109375,0.2685546875,-0.15869140625,-0.18310546875,0.1220703125,0.1953125,-0.341796875,0.20751953125,0.30517578125,0.18310546875,1.0498046875,-0.10986328125,0.244140625,-0.06103515625,0.20751953125,0.13427734375,0.244140625,-0.30517578125,0.8056640625,0.0244140625,-0.01220703125,-0.2685546875,1.28173828125,-0.13427734375,-1.01318359375,0.0244140625,-0.37841796875,-0.0732421875,-1.0009765625,-0.244140625,-0.8056640625,-0.01220703125,4.931640625,-0.20751953125,3.22265625,-0.18310546875,3.72314453125,-0.1708984375,3.45458984375,-0.0244140625,-0.84228515625,0.15869140625,-0.76904296875,-0.03662109375,-0.7568359375,-0.20751953125,-0.28076171875,0.09765625,-0.28076171875,0.15869140625,-1.07421875,-0.03662109375,-0.69580078125,-0.1220703125,1.03759765625,-0.341796875,0.341796875,-0.1708984375,0.01220703125,-0.0732421875,0.03662109375,-0.0732421875,0.1708984375,-0.06103515625,-0.0732421875,-0.048828125,0.79345703125,-0.03662109375,-0.50048828125,0.01220703125,-0.57373046875
0,-0.32958984375,-0.35400390625,-0.1953125,-0.390625,0.15869140625,-0.439453125,0.0732421875,-0.06103515625,-0.146484375,0,-0.09765625,-0.89111328125,-0.1953125,1.0986328125,0,-0.15869140625,0,-0.5615234375,-0.06103515625,-0.20751953125,-0.048828125,0.87890625,-0.30517578125,-0.57373046875,0.3173828125,3.02734375,-0.09765625,0.98876953125,-0.45166015625,3.271484375,-0.1220703125,2.197265625,0.40283203125,0.15869140625,0.74462890625,-0.86669921875,-0.15869140625,-0.42724609375,0.08544921875,-0.7568359375,0.03662109375,-0.15869140625,0.18310546875,-0.68359375,-0.146484375,-0.42724609375,-0.0732421875,0.62255859375,-0.28076171875,1.13525390625,0.244140625,0.45166015625,-0.6103515625,-0.20751953125,0.1953125,0.732421875,-0.30517578125,0.03662109375,0.29296875,-0.09765625,-0.13427734375,0.13427734375,0.23193359375,-0.32958984375,0.25634765625,0.40283203125,0.1220703125,1.0498046875,-0.10986328125,0.23193359375,-0.1220703125,0.1953125,0.048828125,0.25634765625,-0.29296875,0.74462890625,0.06103515625,-0.0244140625,-0.28076171875,1.2939453125,-0.13427734375,-1.0009765625,0.0244140625,-0.37841796875,-0.09765625,-1.01318359375,-0.23193359375,-0.830078125,0.01220703125,5.8837890625,-0.23193359375,3.7841796875,-0.10986328125,4.39453125,-0.13427734375,4.18701171875,-0.0244140625,-0.8544921875,0.1708984375,-0.78125,-0.01220703125,-0.76904296875,-0.146484375,-0.25634765625,0.09765625,-0.32958984375,0.03662109375,-1.07421875,-0.08544921875,-0.7080078125,-0.1708984375,0.9765625,-0.32958984375,0.341796875,-0.15869140625,0,-0.0732421875,0.03662109375,-0.048828125,0.1708984375,-0.06103515625,-0.0732421875,-0.03662109375,0.81787109375,-0.03662109375,-0.48828125,0,-0.5615234375
0,-0.3173828125,-0.37841796875,-0.15869140625,-0.3662109375,0.18310546875,-0.42724609375,0.08544921875,-0.048828125,-0.15869140625,0,-0.10986328125,-0.89111328125,-0.1953125,1.08642578125,-0.01220703125,-0.146484375,-0.01220703125,-0.5615234375,0.01220703125,-0.1708984375,0.01220703125,0.89111328125,-0.29296875,-0.57373046875,0.29296875,2.2216796875,-0.0732421875,0.59814453125,-0.48828125,2.7587890625,-0.146484375,1.77001953125,0.23193359375,0.048828125,0.72021484375,-0.87890625,-0.20751953125,-0.47607421875,0.1220703125,-0.7568359375,0.15869140625,-0.18310546875,0.15869140625,-0.67138671875,-0.0732421875,-0.439453125,-0.10986328125,0.62255859375,-0.29296875,1.171875,0.244140625,0.45166015625,-0.57373046875,-0.244140625,0.03662109375,0.69580078125,-0.25634765625,0.048828125,0.3173828125,-0.06103515625,-0.10986328125,0.146484375,0.2197265625,-0.32958984375,0.25634765625,0.50048828125,0.0244140625,1.0498046875,-0.15869140625,0.2197265625,-0.1708984375,0.1953125,-0.01220703125,0.25634765625,-0.30517578125,0.72021484375,0.13427734375,-0.0244140625,-0.32958984375,1.318359375,-0.13427734375,-1.0009765625,0.048828125,-0.37841796875,-0.10986328125,-1.0009765625,-0.15869140625,-0.79345703125,0,6.65283203125,-0.28076171875,4.16259765625,-0.08544921875,4.8828125,-0.146484375,4.72412109375,-0.08544921875,-0.87890625,0.2197265625,-0.79345703125,-0.01220703125,-0.79345703125,-0.10986328125,-0.2685546875,0.1220703125,-0.390625,-0.0244140625,-1.0986328125,-0.06103515625,-0.732421875,-0.10986328125,0.9033203125,-0.3173828125,0.35400390625,-0.1220703125,0.01220703125,-0.06103515625,0.048828125,-0.01220703125,0.146484375,-0.06103515625,-0.048828125,-0.03662109375,0.81787109375,-0.03662109375,-0.4638671875,0.01220703125,-0.5615234375
0,-0.3173828125,-0.3662109375,-0.15869140625,-0.3662109375,0.1953125,-0.4150390625,0.08544921875,-0.048828125,-0.18310546875,-0.0244140625,-0.09765625,-0.86669921875,-0.2197265625,1.0986328125,0.01220703125,-0.10986328125,-0.03662109375,-0.5615234375,0.08544921875,-0.1708984375,0.09765625,0.9033203125,-0.2197265625,-0.5615234375,0.244140625,1.3916015625,-0.06103515625,0.2197265625,-0.47607421875,2.28271484375,-0.2197265625,1.37939453125,0.146484375,-0.0244140625,0.74462890625,-0.86669921875,-0.1953125,-0.48828125,0.146484375,-0.78125,0.1953125,-0.18310546875,0.1708984375,-0.67138671875,0,-0.42724609375,-0.15869140625,0.62255859375,-0.32958984375,1.18408203125,0.18310546875,0.45166015625,-0.6103515625,-0.20751953125,-0.06103515625,0.7080078125,-0.23193359375,0.048828125,0.25634765625,-0.0244140625,-0.244140625,0.1708984375,0.15869140625,-0.32958984375,0.23193359375,0.5859375,-0.03662109375,1.0498046875,-0.20751953125,0.18310546875,-0.20751953125,0.20751953125,-0.048828125,0.23193359375,-0.25634765625,0.7568359375,0.13427734375,-0.03662109375,-0.341796875,1.30615234375,-0.06103515625,-0.98876953125,0.048828125,-0.37841796875,-0.1220703125,-1.0009765625,-0.08544921875,-0.79345703125,0,7.12890625,-0.2685546875,4.39453125,-0.03662109375,5.18798828125,-0.15869140625,5.04150390625,-0.09765625,-0.87890625,0.23193359375,-0.8056640625,-0.03662109375,-0.79345703125,-0.03662109375,-0.25634765625,0.15869140625,-0.4638671875,-0.048828125,-1.123046875,-0.10986328125,-0.7568359375,-0.09765625,0.8544921875,-0.3173828125,0.35400390625,-0.10986328125,0.01220703125,-0.0732421875,0.06103515625,-0.01220703125,0.146484375,-0.0732421875,-0.048828125,-0.048828125,0.84228515625,-0.03662109375,-0.45166015625,0.0244140625,-0.5615234375
0,-0.3173828125,-0.35400390625,-0.146484375,-0.35400390625,0.1708984375,-0.4150390625,0.10986328125,-0.048828125,-0.20751953125,-0.01220703125,-0.0732421875,-0.86669921875,-0.1953125,1.0986328125,0.0244140625,-0.09765625,-0.0732421875,-0.54931640625,0.146484375,-0.15869140625,0.146484375,0.87890625,-0.15869140625,-0.5615234375,0.2197265625,0.72021484375,-0.048828125,-0.08544921875,-0.341796875,1.91650390625,-0.3173828125,1.07421875,0.06103515625,-0.10986328125,0.72021484375,-0.89111328125,-0.146484375,-0.537109375,0.13427734375,-0.79345703125,0.18310546875,-0.23193359375,0.1708984375,-0.67138671875,0.09765625,-0.439453125,-0.13427734375,0.6103515625,-0.37841796875,1.15966796875,0.15869140625,0.45166015625,-0.5615234375,-0.20751953125,-0.1708984375,0.67138671875,-0.1220703125,0.0732421875,0.25634765625,0,-0.20751953125,0.1953125,0.15869140625,-0.30517578125,0.20751953125,0.6591796875,-0.10986328125,1.0498046875,-0.2685546875,0.1708984375,-0.20751953125,0.20751953125,-0.10986328125,0.2197265625,-0.23193359375,0.7568359375,0.10986328125,-0.048828125,-0.30517578125,1.30615234375,0.048828125,-0.9765625,0.048828125,-0.3662109375,-0.10986328125,-0.98876953125,0.0244140625,-0.78125,0.10986328125,7.26318359375,-0.23193359375,4.443359375,0.08544921875,5.23681640625,-0.146484375,5.09033203125,-0.09765625,-0.89111328125,0.23193359375,-0.8056640625,-0.06103515625,-0.79345703125,-0.01220703125,-0.23193359375,0.13427734375,-0.52490234375,-0.08544921875,-1.15966796875,-0.1220703125,-0.79345703125,-0.1220703125,0.78125,-0.30517578125,0.37841796875,-0.08544921875,0.0244140625,-0.06103515625,0,0,0.13427734375,-0.06103515625,-0.0732421875,-0.06103515625,0.84228515625,-0.06103515625,-0.45166015625,0.0244140625,-0.5615234375
0,-0.32958984375,-0.3662109375,-0.13427734375,-0.35400390625,0.1708984375,-0.42724609375,0.15869140625,-0.048828125,-0.20751953125,-0.06103515625,-0.0732421875,-0.86669921875,-0.18310546875,1.0986328125,0.0244140625,-0.09765625,-0.048828125,-0.5615234375,0.1953125,-0.15869140625,0.09765625,0.89111328125,0,-0.5615234375,0.13427734375,0.2685546875,-0.06103515625,-0.25634765625,-0.20751953125,1.69677734375,-0.42724609375,0.86669921875,0.0244140625,-0.1953125,0.6591796875,-0.87890625,-0.10986328125,-0.54931640625,0.146484375,-0.79345703125,0.1220703125,-0.244140625,0.146484375,-0.6591796875,0.10986328125,-0.4638671875,-0.10986328125,0.6103515625,-0.3662109375,1.18408203125,0.146484375,0.45166015625,-0.52490234375,-0.1708984375,-0.244140625,0.7080078125,-0.0732421875,0.10986328125,0.244140625,0.0244140625,-0.341796875,0.2197265625,0.10986328125,-0.29296875,0.18310546875,0.72021484375,-0.20751953125,1.03759765625,-0.35400390625,0.1708984375,-0.1708984375,0.2197265625,-0.15869140625,0.20751953125,-0.1953125,0.7568359375,0.10986328125,-0.03662109375,-0.2685546875,1.30615234375,0.15869140625,-0.9765625,0.03662109375,-0.341796875,-0.09765625,-0.9765625,0.1220703125,-0.78125,0.1708984375,7.09228515625,-0.1953125,4.3212890625,0.15869140625,5.09033203125,-0.15869140625,4.91943359375,-0.08544921875,-0.87890625,0.2197265625,-0.81787109375,-0.08544921875,-0.79345703125,-0.0244140625,-0.244140625,0.09765625,-0.54931640625,-0.0732421875,-1.18408203125,-0.146484375,-0.7568359375,-0.13427734375,0.76904296875,-0.29296875,0.35400390625,-0.09765625,0.01220703125,-0.06103515625,0,0.01220703125,0.146484375,-0.03662109375,-0.03662109375,-0.0732421875,0.8544921875,-0.0244140625,-0.4638671875,0.03662109375,-0.54931640625
0,-0.28076171875,-0.341796875,-0.1220703125,-0.341796875,0.1953125,-0.42724609375,0.146484375,-0.06103515625,-0.2197265625,-0.0732421875,-0.048828125,-0.8544921875,-0.18310546875,1.0986328125,0.03662109375,-0.1220703125,-0.0244140625,-0.5615234375,0.244140625,-0.1708984375,0.08544921875,0.87890625,0.13427734375,-0.57373046875,0.08544921875,0.13427734375,-0.0732421875,-0.2685546875,-0.0732421875,1.64794921875,-0.42724609375,0.830078125,0.09765625,-0.2197265625,0.59814453125,-0.89111328125,-0.03662109375,-0.537109375,0.08544921875,-0.79345703125,0.01220703125,-0.2685546875,0.1708984375,-0.6591796875,0.09765625,-0.4638671875,-0.08544921875,0.634765625,-0.35400390625,1.18408203125,0.09765625,0.439453125,-0.47607421875,-0.146484375,-0.32958984375,0.7080078125,-0.01220703125,0.15869140625,0.28076171875,0.0244140625,-0.3662109375,0.25634765625,0.09765625,-0.20751953125,0.09765625,0.830078125,-0.25634765625,1.025390625,-0.439453125,0.15869140625,-0.1220703125,0.20751953125,-0.1953125,0.18310546875,-0.146484375,0.8056640625,0.09765625,-0.03662109375,-0.244140625,1.28173828125,0.2685546875,-0.96435546875,0.0244140625,-0.3662109375,-0.06103515625,-0.9765625,0.1220703125,-0.78125,0.06103515625,6.65283203125,-0.09765625,4.052734375,0.23193359375,4.77294921875,-0.146484375,4.57763671875,-0.048828125,-0.87890625,0.1708984375,-0.81787109375,-0.10986328125,-0.8056640625,-0.03662109375,-0.25634765625,-0.01220703125,-0.52490234375,-0.13427734375,-1.18408203125,-0.1708984375,-0.74462890625,-0.20751953125,0.78125,-0.28076171875,0.3662109375,-0.08544921875,0.03662109375,-0.048828125,-0.01220703125,0.0244140625,0.15869140625,-0.0244140625,-0.048828125,-0.08544921875,0.84228515625,-0.01220703125,-0.4638671875,0.0244140625,-0.537109375
1,-0.341796875,-0.341796875,-0.10986328125,-0.35400390625,0.1953125,-0.4150390625,0.1708984375,-0.0732421875,-0.23193359375,-0.0732421875,-0.03662109375,-0.86669921875,-0.1953125,1.0986328125,0.03662109375,-0.146484375,-0.0244140625,-0.54931640625,0.25634765625,-0.15869140625,0.08544921875,0.87890625,0.20751953125,-0.57373046875,0.06103515625,0.35400390625,-0.08544921875,-0.09765625,0,1.85546875,-0.4638671875,0.98876953125,0.18310546875,-0.25634765625,0.5126953125,-0.87890625,0,-0.54931640625,0.0732421875,-0.79345703125,-0.0732421875,-0.2685546875,0.13427734375,-0.64697265625,0.08544921875,-0.4638671875,-0.08544921875,0.6103515625,-0.35400390625,1.15966796875,0.048828125,0.45166015625,-0.42724609375,-0.13427734375,-0.4150390625,0.7080078125,0.03662109375,0.28076171875,0.30517578125,0.048828125,-0.45166015625,0.3173828125,0.09765625,-0.08544921875,0.06103515625,0.86669921875,-0.32958984375,1.01318359375,-0.48828125,0.146484375,-0.048828125,0.2197265625,-0.29296875,0.18310546875,-0.08544921875,0.8056640625,0.09765625,-0.01220703125,-0.18310546875,1.30615234375,0.3173828125,-0.96435546875,0,-0.341796875,-0.0244140625,-0.98876953125,0.09765625,-0.78125,-0.03662109375,6.01806640625,-0.03662109375,3.67431640625,0.25634765625,4.345703125,-0.1220703125,4.1015625,-0.0244140625,-0.8544921875,0.09765625,-0.8056640625,-0.13427734375,-0.78125,-0.048828125,-0.2685546875,0,-0.45166015625,0,-1.13525390625,-0.146484375,-0.6591796875,-0.18310546875,0.87890625,-0.2685546875,0.37841796875,-0.09765625,0.03662109375,-0.0732421875,-0.0244140625,0.01220703125,0.18310546875,-0.048828125,-0.03662109375,-0.0732421875,0.830078125,0.01220703125,-0.47607421875,0.03662109375,-0.52490234375
1,-0.32958984375,-0.341796875,-0.09765625,-0.32958984375,0.18310546875,-0.4150390625,0.18310546875,-0.06103515625,-0.25634765625,-0.06103515625,-0.0244140625,-0.8544921875,-0.18310546875,1.11083984375,0.03662109375,-0.146484375,-0.0244140625,-0.54931640625,0.25634765625,-0.15869140625,0.048828125,0.86669921875,0.25634765625,-0.5859375,0.146484375,0.9765625,-0.03662109375,0.2197265625,0.01220703125,2.24609375,-0.4150390625,1.33056640625,0.23193359375,-0.25634765625,0.5126953125,-0.89111328125,0.0244140625,-0.537109375,0.06103515625,-0.79345703125,-0.10986328125,-0.2685546875,0.09765625,-0.62255859375,0.01220703125,-0.4638671875,-0.10986328125,0.62255859375,-0.32958984375,1.13525390625,0.03662109375,0.4638671875,-0.4150390625,-0.1220703125,-0.50048828125,0.72021484375,0.048828125,0.4150390625,0.2685546875,0.09765625,-0.54931640625,0.40283203125,0.03662109375,0.0244140625,0.0244140625,0.927734375,-0.35400390625,1.01318359375,-0.5126953125,0.15869140625,-0.03662109375,0.2197265625,-0.30517578125,0.1953125,-0.0732421875,0.8056640625,0.09765625,-0.01220703125,-0.10986328125,1.2939453125,0.341796875,-0.96435546875,0,-0.341796875,0.01220703125,-0.98876953125,0,-0.78125,-0.09765625,5.33447265625,0.03662109375,3.2958984375,0.23193359375,3.89404296875,-0.048828125,3.62548828125,-0.01220703125,-0.86669921875,0,-0.78125,-0.15869140625,-0.76904296875,-0.06103515625,-0.2685546875,-0.06103515625,-0.32958984375,0.03662109375,-1.01318359375,-0.15869140625,-0.54931640625,-0.20751953125,1.025390625,-0.2685546875,0.3662109375,-0.08544921875,0.03662109375,-0.06103515625,0,-0.0244140625,0.1953125,-0.03662109375,-0.01220703125,-0.0732421875,0.830078125,0.048828125,-0.50048828125,0.0732421875,-0.537109375
1,-0.341796875,-0.3662109375,-0.10986328125,-0.37841796875,0.18310546875,-0.439453125,0.18310546875,-0.06103515625,-0.23193359375,-0.048828125,-0.048828125,-0.89111328125,-0.1708984375,1.0986328125,0.06103515625,-0.18310546875,-0.08544921875,-0.537109375,0.23193359375,-0.15869140625,0.0732421875,0.8544921875,0.18310546875,-0.5615234375,0.23193359375,1.91650390625,0.0244140625,0.7080078125,0.048828125,2.8564453125,-0.29296875,1.86767578125,0.29296875,-0.23193359375,0.5615234375,-0.89111328125,0.0244140625,-0.5126953125,0.08544921875,-0.78125,-0.1220703125,-0.25634765625,0.06103515625,-0.62255859375,-0.048828125,-0.4638671875,-0.15869140625,0.634765625,-0.32958984375,1.1474609375,-0.0244140625,0.47607421875,-0.42724609375,-0.13427734375,-0.537109375,0.732421875,0.048828125,0.52490234375,0.23193359375,0.13427734375,-0.5859375,0.48828125,0,0.1708984375,-0.0244140625,0.9521484375,-0.3662109375,1.025390625,-0.50048828125,0.18310546875,0.0244140625,0.2197265625,-0.32958984375,0.23193359375,-0.01220703125,0.830078125,0.0732421875,-0.0244140625,-0.0732421875,1.2939453125,0.32958984375,-0.96435546875,-0.03662109375,-0.341796875,0.0244140625,-0.98876953125,-0.09765625,-0.78125,-0.1220703125,4.6875,0.048828125,2.94189453125,0.20751953125,3.4912109375,0.01220703125,3.1982421875,0.01220703125,-0.84228515625,-0.10986328125,-0.7568359375,-0.15869140625,-0.78125,-0.09765625,-0.2685546875,-0.048828125,-0.1953125,0.048828125,-0.89111328125,-0.1220703125,-0.42724609375,-0.1953125,1.1962890625,-0.28076171875,0.40283203125,-0.08544921875,0.048828125,-0.06103515625,0.03662109375,-0.03662109375,0.20751953125,-0.06103515625,-0.01220703125,-0.03662109375,0.81787109375,0.048828125,-0.48828125,0.0732421875,-0.54931640625
1,-0.32958984375,-0.35400390625,-0.09765625,-0.3662109375,0.1708984375,-0.42724609375,0.18310546875,-0.06103515625,-0.1708984375,-0.0244140625,-0.03662109375,-0.87890625,-0.15869140625,1.0986328125,0.0732421875,-0.20751953125,-0.0732421875,-0.537109375,0.18310546875,-0.18310546875,0.048828125,0.86669921875,0.08544921875,-0.5615234375,0.18310546875,3.1494140625,0.0244140625,1.3427734375,-0.01220703125,3.61328125,-0.2197265625,2.55126953125,0.3173828125,-0.2685546875,0.62255859375,-0.89111328125,-0.03662109375,-0.47607421875,0.13427734375,-0.76904296875,-0.10986328125,-0.23193359375,0.03662109375,-0.634765625,-0.08544921875,-0.45166015625,-0.1708984375,0.634765625,-0.32958984375,1.1474609375,-0.03662109375,0.47607421875,-0.40283203125,-0.1708984375,-0.5126953125,0.74462890625,0.01220703125,0.64697265625,0.244140625,0.20751953125,-0.634765625,0.5615234375,-0.03662109375,0.28076171875,-0.048828125,0.98876953125,-0.37841796875,1.01318359375,-0.42724609375,0.2197265625,0.048828125,0.244140625,-0.341796875,0.244140625,0.01220703125,0.81787109375,0.10986328125,-0.0244140625,-0.03662109375,1.30615234375,0.2685546875,-0.98876953125,-0.03662109375,-0.35400390625,0.01220703125,-1.0009765625,-0.146484375,-0.79345703125,-0.146484375,4.16259765625,0,2.6611328125,0.15869140625,3.18603515625,0,2.84423828125,0.0244140625,-0.84228515625,-0.1708984375,-0.78125,-0.1708984375,-0.74462890625,-0.0732421875,-0.28076171875,-0.01220703125,-0.0244140625,0.08544921875,-0.7568359375,-0.1220703125,-0.3173828125,-0.18310546875,1.37939453125,-0.28076171875,0.390625,-0.06103515625,0.0244140625,-0.06103515625,0.03662109375,-0.03662109375,0.2197265625,-0.09765625,-0.0244140625,-0.03662109375,0.84228515625,0.03662109375,-0.48828125,0.08544921875,-0.5615234375
1,-0.32958984375,-0.3662109375,-0.08544921875,-0.341796875,0.18310546875,-0.40283203125,0.1708984375,-0.0244140625,-0.1708984375,0,-0.048828125,-0.86669921875,-0.15869140625,1.0986328125,0.0732421875,-0.15869140625,-0.0732421875,-0.537109375,0.06103515625,-0.15869140625,0.0244140625,0.86669921875,-0.048828125,-0.57373046875,0.29296875,4.50439453125,0.06103515625,2.001953125,-0.01220703125,4.4677734375,-0.03662109375,3.2958984375,0.32958984375,-0.244140625,0.68359375,-0.89111328125,-0.1220703125,-0.42724609375,0.15869140625,-0.7568359375,-0.03662109375,-0.1953125,-0.0244140625,-0.64697265625,-0.146484375,-0.42724609375,-0.15869140625,0.634765625,-0.341796875,1.15966796875,-0.06103515625,0.4638671875,-0.37841796875,-0.1953125,-0.4150390625,0.732421875,-0.048828125,0.74462890625,0.29296875,0.29296875,-0.6103515625,0.59814453125,-0.10986328125,0.37841796875,-0.10986328125,0.98876953125,-0.35400390625,1.03759765625,-0.37841796875,0.2197265625,0.03662109375,0.2197265625,-0.30517578125,0.25634765625,0.048828125,0.8056640625,0.15869140625,-0.03662109375,-0.01220703125,1.33056640625,0.18310546875,-1.0009765625,-0.08544921875,-0.341796875,-0.03662109375,-1.0009765625,-0.18310546875,-0.8056640625,-0.01220703125,3.82080078125,-0.03662109375,2.490234375,0.146484375,3.0029296875,0.048828125,2.64892578125,0.06103515625,-0.86669921875,-0.20751953125,-0.78125,-0.15869140625,-0.7568359375,-0.1220703125,-0.2685546875,0.048828125,0.08544921875,0.1953125,-0.6591796875,-0.06103515625,-0.23193359375,-0.1708984375,1.52587890625,-0.28076171875,0.37841796875,-0.0732421875,0.0244140625,-0.06103515625,0.0732421875,-0.048828125,0.2197265625,-0.1220703125,-0.01220703125,-0.0244140625,0.8544921875,0.03662109375,-0.48828125,0.08544921875,-0.5615234375
1,-0.32958984375,-0.390625,-0.0732421875,-0.3173828125,0.1953125,-0.4150390625,0.15869140625,-0.01220703125,-0.146484375,0.01220703125,-0.048828125,-0.87890625,-0.13427734375,1.0986328125,0.08544921875,-0.13427734375,-0.048828125,-0.54931640625,0,-0.18310546875,-0.0244140625,0.89111328125,-0.20751953125,-0.57373046875,0.32958984375,5.859375,0.0244140625,2.67333984375,-0.0244140625,5.33447265625,0.03662109375,4.04052734375,0.2685546875,-0.2685546875,0.78125,-0.87890625,-0.1953125,-0.439453125,0.15869140625,-0.76904296875,-0.01220703125,-0.18310546875,-0.01220703125,-0.64697265625,-0.20751953125,-0.390625,-0.1708984375,0.634765625,-0.341796875,1.1962890625,-0.146484375,0.45166015625,-0.29296875,-0.23193359375,-0.30517578125,0.74462890625,-0.1220703125,0.79345703125,0.30517578125,0.32958984375,-0.7080078125,0.6103515625,-0.13427734375,0.439453125,-0.1708984375,0.9765625,-0.341796875,1.06201171875,-0.3173828125,0.20751953125,0.01220703125,0.20751953125,-0.2685546875,0.2685546875,0.08544921875,0.76904296875,0.20751953125,-0.048828125,-0.0244140625,1.318359375,0.13427734375,-1.025390625,-0.09765625,-0.3662109375,-0.10986328125,-1.0009765625,-0.15869140625,-0.81787109375,-0.0732421875,3.6865234375,-0.10986328125,2.4169921875,0.13427734375,2.94189453125,0.01220703125,2.60009765625,0.0732421875,-0.84228515625,-0.1953125,-0.76904296875,-0.09765625,-0.7568359375,-0.1708984375,-0.2685546875,0.08544921875,0.15869140625,0.20751953125,-0.62255859375,-0.03662109375,-0.1953125,-0.1953125,1.611328125,-0.29296875,0.390625,-0.0732421875,0.01220703125,-0.0732421875,0.08544921875,-0.0732421875,0.18310546875,-0.1220703125,-0.03662109375,-0.0244140625,0.86669921875,0.03662109375,-0.45166015625,0.0732421875,-0.54931640625
1,-0.390625,-0.37841796875,-0.06103515625,-0.341796875,0.18310546875,-0.4150390625,0.15869140625,-0.0244140625,-0.18310546875,0.0244140625,-0.03662109375,-0.89111328125,-0.146484375,1.08642578125,0.08544921875,-0.13427734375,-0.048828125,-0.52490234375,-0.01220703125,-0.1953125,-0.1220703125,0.86669921875,-0.30517578125,-0.5859375,0.3662109375,7.080078125,0.06103515625,3.2958984375,0.0244140625,6.1279296875,0.13427734375,4.72412109375,0.2685546875,-0.3173828125,0.84228515625,-0.87890625,-0.23193359375,-0.45166015625,0.13427734375,-0.7568359375,0.01220703125,-0.1953125,0.01220703125,-0.6591796875,-0.244140625,-0.390625,-0.18310546875,0.634765625,-0.32958984375,1.20849609375,-0.18310546875,0.42724609375,-0.18310546875,-0.23193359375,-0.15869140625,0.732421875,-0.1708984375,0.8056640625,0.29296875,0.37841796875,-0.72021484375,0.5859375,-0.1708984375,0.42724609375,-0.1708984375,0.9033203125,-0.341796875,1.03759765625,-0.2685546875,0.1953125,0,0.18310546875,-0.25634765625,0.23193359375,0.146484375,0.74462890625,0.244140625,-0.048828125,-0.048828125,1.318359375,0.08544921875,-1.03759765625,-0.09765625,-0.341796875,-0.18310546875,-1.01318359375,-0.13427734375,-0.81787109375,-0.09765625,3.74755859375,-0.146484375,2.4658203125,0.10986328125,2.9541015625,-0.06103515625,2.63671875,0.09765625,-0.86669921875,-0.1708984375,-0.78125,-0.048828125,-0.7568359375,-0.18310546875,-0.2685546875,0.146484375,0.13427734375,0.18310546875,-0.6103515625,0,-0.2197265625,-0.1953125,1.59912109375,-0.29296875,0.390625,-0.0732421875,0,-0.06103515625,0.0732421875,-0.10986328125,0.146484375,-0.09765625,-0.0244140625,-0.03662109375,0.87890625,0.0244140625,-0.45166015625,0.03662109375,-0.537109375
1,-0.390625,-0.390625,-0.048828125,-0.341796875,0.2197265625,-0.4150390625,0.1708984375,-0.0244140625,-0.18310546875,0,-0.03662109375,-0.89111328125,-0.10986328125,1.0986328125,0.0732421875,-0.1220703125,-0.09765625,-0.52490234375,0,-0.1953125,-0.2197265625,0.87890625,-0.3173828125,-0.5859375,0.2197265625,8.11767578125,0.08544921875,3.79638671875,0.03662109375,6.787109375,0.15869140625,5.28564453125,0.2685546875,-0.37841796875,0.81787109375,-0.9033203125,-0.25634765625,-0.5126953125,0.1220703125,-0.78125,-0.0244140625,-0.2197265625,0.08544921875,-0.67138671875,-0.2685546875,-0.390625,-0.2197265625,0.62255859375,-0.32958984375,1.220703125,-0.20751953125,0.42724609375,-0.0244140625,-0.244140625,-0.048828125,0.72021484375,-0.20751953125,0.76904296875,0.25634765625,0.3662109375,-0.634765625,0.54931640625,-0.13427734375,0.390625,-0.18310546875,0.84228515625,-0.3173828125,1.03759765625,-0.244140625,0.1953125,-0.03662109375,0.15869140625,-0.23193359375,0.2197265625,0.1708984375,0.76904296875,0.28076171875,-0.048828125,-0.0732421875,1.318359375,0.06103515625,-1.0498046875,-0.10986328125,-0.3662109375,-0.25634765625,-1.0009765625,-0.10986328125,-0.8056640625,-0.09765625,3.90625,-0.1708984375,2.55126953125,0.03662109375,3.0517578125,-0.1220703125,2.72216796875,0.08544921875,-0.86669921875,-0.1220703125,-0.78125,0.01220703125,-0.78125,-0.1953125,-0.2685546875,0.10986328125,0.06103515625,0.20751953125,-0.69580078125,-0.01220703125,-0.30517578125,-0.25634765625,1.4892578125,-0.30517578125,0.37841796875,-0.03662109375,0.01220703125,-0.0732421875,0.0732421875,-0.09765625,0.146484375,-0.09765625,-0.01220703125,-0.03662109375,0.9033203125,0.03662109375,-0.45166015625,0.0244140625,-0.537109375
1,-0.40283203125,-0.40283203125,-0.048828125,-0.32958984375,0.1708984375,-0.390625,0.1953125,-0.0244140625,-0.1708984375,0,-0.01220703125,-0.8544921875,-0.10986328125,1.11083984375,0.09765625,-0.10986328125,-0.18310546875,-0.54931640625,0.01220703125,-0.18310546875,-0.3173828125,0.87890625,-0.30517578125,-0.5859375,0.08544921875,8.7890625,0.10986328125,4.150390625,0.048828125,7.23876953125,0.0244140625,5.67626953125,0.341796875,-0.40283203125,0.79345703125,-0.9033203125,-0.244140625,-0.537109375,0.10986328125,-0.79345703125,-0.06103515625,-0.25634765625,0.146484375,-0.68359375,-0.25634765625,-0.40283203125,-0.23193359375,0.6103515625,-0.341796875,1.220703125,-0.1953125,0.42724609375,0.0732421875,-0.23193359375,0.06103515625,0.7080078125,-0.2197265625,0.67138671875,0.20751953125,0.32958984375,-0.62255859375,0.47607421875,-0.0732421875,0.3173828125,-0.146484375,0.76904296875,-0.2685546875,1.0498046875,-0.2197265625,0.15869140625,-0.01220703125,0.15869140625,-0.25634765625,0.20751953125,0.20751953125,0.732421875,0.244140625,-0.03662109375,-0.146484375,1.30615234375,0.03662109375,-1.025390625,-0.09765625,-0.3662109375,-0.3173828125,-0.9765625,-0.0732421875,-0.78125,-0.1708984375,4.0771484375,-0.146484375,2.6611328125,-0.0244140625,3.16162109375,-0.20751953125,2.84423828125,0.03662109375,-0.8544921875,-0.048828125,-0.78125,0.06103515625,-0.78125,-0.20751953125,-0.25634765625,0.13427734375,-0.08544921875,0.2685546875,-0.79345703125,-0.01220703125,-0.40283203125,-0.244140625,1.318359375,-0.3173828125,0.37841796875,-0.048828125,0.03662109375,-0.06103515625,0.0732421875,-0.1220703125,0.10986328125,-0.10986328125,-0.01220703125,-0.06103515625,0.86669921875,0.03662109375,-0.45166015625,0.01220703125,-0.537109375
1,-0.40283203125,-0.37841796875,-0.03662109375,-0.341796875,0.15869140625,-0.390625,0.20751953125,-0.03662109375,-0.20751953125,-0.0244140625,-0.0244140625,-0.87890625,-0.09765625,1.08642578125,0.1220703125,-0.1220703125,-0.20751953125,-0.54931640625,0.01220703125,-0.1708984375,-0.40283203125,0.89111328125,-0.2197265625,-0.59814453125,-0.03662109375,9.09423828125,0.08544921875,4.30908203125,0.03662109375,7.470703125,-0.09765625,5.84716796875,0.4150390625,-0.42724609375,0.732421875,-0.89111328125,-0.23193359375,-0.57373046875,0.1220703125,-0.8056640625,-0.08544921875,-0.30517578125,0.1953125,-0.68359375,-0.23193359375,-0.40283203125,-0.23193359375,0.5859375,-0.341796875,1.220703125,-0.10986328125,0.42724609375,0.1708984375,-0.1953125,0.18310546875,0.72021484375,-0.1953125,0.5615234375,0.18310546875,0.25634765625,-0.48828125,0.40283203125,-0.0732421875,0.2197265625,-0.09765625,0.69580078125,-0.1708984375,1.0498046875,-0.20751953125,0.15869140625,0.0244140625,0.1708984375,-0.23193359375,0.20751953125,0.23193359375,0.732421875,0.244140625,-0.01220703125,-0.1953125,1.30615234375,0.03662109375,-1.025390625,-0.0244140625,-0.35400390625,-0.37841796875,-0.9765625,-0.10986328125,-0.79345703125,-0.2197265625,4.19921875,-0.10986328125,2.69775390625,-0.10986328125,3.21044921875,-0.2197265625,2.86865234375,-0.01220703125,-0.84228515625,0.0244140625,-0.79345703125,0.09765625,-0.79345703125,-0.1708984375,-0.25634765625,0.08544921875,-0.23193359375,0.244140625,-0.87890625,-0.03662109375,-0.52490234375,-0.2685546875,1.15966796875,-0.29296875,0.3662109375,-0.06103515625,0.048828125,-0.06103515625,0.048828125,-0.10986328125,0.13427734375,-0.09765625,-0.0244140625,-0.09765625,0.86669921875,0.048828125,-0.439453125,0,-0.5126953125
1,-0.390625,-0.37841796875,-0.03662109375,-0.3662109375,0.1220703125,-0.40283203125,0.2197265625,-0.048828125,-0.2197265625,-0.0244140625,0,-0.8544921875,-0.09765625,1.0986328125,0.09765625,-0.1220703125,-0.20751953125,-0.537109375,0,-0.18310546875,-0.37841796875,0.86669921875,-0.146484375,-0.59814453125,-0.18310546875,9.04541015625,0,4.296875,0,7.45849609375,-0.2685546875,5.79833984375,0.3662109375,-0.4638671875,0.62255859375,-0.9033203125,-0.15869140625,-0.59814453125,0.10986328125,-0.79345703125,-0.06103515625,-0.30517578125,0.23193359375,-0.68359375,-0.20751953125,-0.42724609375,-0.20751953125,0.5615234375,-0.32958984375,1.20849609375,-0.06103515625,0.45166015625,0.2685546875,-0.18310546875,0.2685546875,0.7080078125,-0.1708984375,0.4638671875,0.08544921875,0.1708984375,-0.390625,0.32958984375,-0.09765625,0.1220703125,-0.09765625,0.634765625,-0.08544921875,1.03759765625,-0.18310546875,0.15869140625,0.0244140625,0.1953125,-0.15869140625,0.20751953125,0.2685546875,0.76904296875,0.20751953125,-0.01220703125,-0.1953125,1.30615234375,0.03662109375,-1.01318359375,0.0244140625,-0.3662109375,-0.341796875,-0.98876953125,-0.15869140625,-0.76904296875,-0.30517578125,4.1015625,-0.0732421875,2.6611328125,-0.23193359375,3.13720703125,-0.23193359375,2.783203125,-0.06103515625,-0.84228515625,0.06103515625,-0.8056640625,0.08544921875,-0.8056640625,-0.146484375,-0.2685546875,0.0732421875,-0.32958984375,0.244140625,-0.8544921875,-0.0732421875,-0.5859375,-0.2685546875,1.01318359375,-0.29296875,0.37841796875,-0.048828125,0.048828125,-0.0732421875,0.0244140625,-0.09765625,0.13427734375,-0.10986328125,-0.01220703125,-0.0732421875,0.830078125,0.0244140625,-0.439453125,0.01220703125,-0.52490234375
1,-0.3662109375,-0.3662109375,-0.048828125,-0.3662109375,0.13427734375,-0.390625,0.25634765625,-0.08544921875,-0.23193359375,-0.048828125,0,-0.84228515625,-0.10986328125,1.0986328125,0.1220703125,-0.13427734375,-0.15869140625,-0.537109375,-0.01220703125,-0.18310546875,-0.341796875,0.86669921875,-0.10986328125,-0.5615234375,-0.244140625,8.6669921875,-0.08544921875,4.0771484375,-0.048828125,7.177734375,-0.341796875,5.55419921875,0.37841796875,-0.45166015625,0.50048828125,-0.89111328125,-0.13427734375,-0.59814453125,0.13427734375,-0.81787109375,-0.03662109375,-0.30517578125,0.244140625,-0.6591796875,-0.18310546875,-0.45166015625,-0.13427734375,0.57373046875,-0.35400390625,1.18408203125,-0.06103515625,0.4638671875,0.341796875,-0.146484375,0.35400390625,0.732421875,-0.13427734375,0.390625,0.01220703125,0.08544921875,-0.23193359375,0.28076171875,-0.146484375,0.048828125,-0.0732421875,0.59814453125,-0.01220703125,1.03759765625,-0.18310546875,0.15869140625,0.0732421875,0.20751953125,-0.048828125,0.20751953125,0.25634765625,0.74462890625,0.1220703125,0,-0.20751953125,1.2939453125,0.03662109375,-1.01318359375,0.09765625,-0.37841796875,-0.3173828125,-0.98876953125,-0.23193359375,-0.78125,-0.28076171875,3.77197265625,0,2.5146484375,-0.30517578125,2.96630859375,-0.18310546875,2.5634765625,-0.048828125,-0.86669921875,0.048828125,-0.76904296875,0.08544921875,-0.830078125,-0.10986328125,-0.29296875,0.048828125,-0.30517578125,0.2197265625,-0.634765625,-0.09765625,-0.5859375,-0.23193359375,1.03759765625,-0.25634765625,0.390625,-0.06103515625,0.06103515625,-0.0732421875,0.0244140625,-0.0732421875,0.15869140625,-0.09765625,-0.01220703125,-0.06103515625,0.830078125,0.03662109375,-0.439453125,-0.0244140625,-0.52490234375
1,-0.3662109375,-0.3662109375,-0.03662109375,-0.35400390625,0.15869140625,-0.4150390625,0.23193359375,-0.08544921875,-0.23193359375,-0.048828125,0.01220703125,-0.8544921875,-0.10986328125,1.0986328125,0.10986328125,-0.13427734375,-0.09765625,-0.54931640625,-0.03662109375,-0.1708984375,-0.1953125,0.86669921875,-0.10986328125,-0.5615234375,-0.32958984375,7.99560546875,-0.18310546875,3.69873046875,-0.13427734375,6.72607421875,-0.3662109375,5.126953125,0.390625,-0.42724609375,0.3662109375,-0.89111328125,-0.10986328125,-0.6103515625,0.09765625,-0.79345703125,0.0244140625,-0.29296875,0.18310546875,-0.6591796875,-0.2197265625,-0.45166015625,-0.08544921875,0.5615234375,-0.3662109375,1.1474609375,-0.08544921875,0.47607421875,0.4150390625,-0.15869140625,0.47607421875,0.72021484375,-0.06103515625,0.32958984375,-0.01220703125,-0.01220703125,-0.18310546875,0.28076171875,-0.13427734375,0,-0.048828125,0.57373046875,0.0732421875,1.01318359375,-0.1708984375,0.18310546875,0.09765625,0.23193359375,0.0244140625,0.2197265625,0.23193359375,0.78125,0.08544921875,0.01220703125,-0.2197265625,1.318359375,0.03662109375,-0.98876953125,0.2197265625,-0.390625,-0.30517578125,-1.0009765625,-0.25634765625,-0.76904296875,-0.35400390625,3.173828125,0.0244140625,2.25830078125,-0.3662109375,2.63671875,-0.1220703125,2.20947265625,-0.048828125,-0.8544921875,0.09765625,-0.78125,0.0244140625,-0.78125,-0.08544921875,-0.28076171875,0.03662109375,-0.13427734375,0.09765625,-0.23193359375,-0.146484375,-0.42724609375,-0.23193359375,1.1962890625,-0.20751953125,0.40283203125,-0.0732421875,0.0732421875,-0.06103515625,-0.0244140625,-0.06103515625,0.18310546875,-0.1220703125,0.01220703125,-0.06103515625,0.8056640625,0.0244140625,-0.4638671875,-0.048828125,-0.5126953125
1,-0.3662109375,-0.3662109375,0,-0.341796875,0.1220703125,-0.4150390625,0.23193359375,-0.08544921875,-0.244140625,-0.0244140625,0,-0.8544921875,-0.10986328125,1.11083984375,0.1220703125,-0.13427734375,-0.048828125,-0.537109375,-0.048828125,-0.15869140625,-0.048828125,0.8544921875,-0.1708984375,-0.5615234375,-0.40283203125,7.11669921875,-0.244140625,3.21044921875,-0.18310546875,6.14013671875,-0.32958984375,4.60205078125,0.390625,-0.4150390625,0.3662109375,-0.86669921875,-0.10986328125,-0.5859375,0.06103515625,-0.79345703125,0.06103515625,-0.2685546875,0.146484375,-0.634765625,-0.18310546875,-0.45166015625,-0.0732421875,0.57373046875,-0.35400390625,1.123046875,-0.048828125,0.48828125,0.45166015625,-0.1220703125,0.54931640625,0.72021484375,-0.03662109375,0.32958984375,-0.03662109375,0,-0.1708984375,0.28076171875,-0.146484375,-0.0244140625,-0.06103515625,0.57373046875,0.15869140625,1.01318359375,-0.146484375,0.2197265625,0.09765625,0.23193359375,0.10986328125,0.23193359375,0.18310546875,0.830078125,0.01220703125,0.01220703125,-0.20751953125,1.28173828125,0.048828125,-0.98876953125,0.30517578125,-0.37841796875,-0.30517578125,-0.98876953125,-0.28076171875,-0.76904296875,-0.341796875,2.33154296875,0.01220703125,1.86767578125,-0.40283203125,2.197265625,-0.10986328125,1.708984375,0.01220703125,-0.86669921875,0.08544921875,-0.76904296875,0,-0.8056640625,-0.06103515625,-0.30517578125,0.0244140625,0.244140625,-0.03662109375,0.45166015625,-0.18310546875,-0.09765625,-0.2197265625,1.62353515625,-0.1953125,0.37841796875,-0.06103515625,0.048828125,-0.048828125,-0.06103515625,-0.048828125,0.1953125,-0.1708984375,0.01220703125,-0.048828125,0.79345703125,0.0244140625,-0.50048828125,-0.06103515625,-0.537109375
0,-0.341796875,-0.35400390625,0,-0.32958984375,0.13427734375,-0.4150390625,0.25634765625,-0.08544921875,-0.20751953125,-0.03662109375,-0.01220703125,-0.8544921875,-0.10986328125,1.123046875,0.10986328125,-0.146484375,-0.01220703125,-0.5615234375,-0.03662109375,-0.146484375,0.10986328125,0.87890625,-0.28076171875,-0.5615234375,-0.40283203125,6.15234375,-0.20751953125,2.64892578125,-0.2197265625,5.419921875,-0.2197265625,3.9794921875,0.32958984375,-0.35400390625,0.32958984375,-0.89111328125,-0.10986328125,-0.5615234375,0.09765625,-0.79345703125,0.10986328125,-0.25634765625,0.08544921875,-0.64697265625,-0.1708984375,-0.4638671875,-0.13427734375,0.5859375,-0.32958984375,1.11083984375,0,0.48828125,0.4150390625,-0.10986328125,0.6591796875,0.72021484375,-0.03662109375,0.341796875,-0.1220703125,-0.0244140625,-0.146484375,0.3173828125,-0.146484375,-0.01220703125,-0.03662109375,0.5615234375,0.23193359375,1.01318359375,-0.1220703125,0.23193359375,0.09765625,0.244140625,0.15869140625,0.25634765625,0.13427734375,0.8056640625,-0.048828125,-0.01220703125,-0.2197265625,1.318359375,0.08544921875,-0.9765625,0.37841796875,-0.37841796875,-0.29296875,-1.0009765625,-0.28076171875,-0.76904296875,-0.2197265625,1.37939453125,0.048828125,1.3916015625,-0.3662109375,1.67236328125,-0.048828125,1.11083984375,0.0732421875,-0.86669921875,0.09765625,-0.78125,-0.0244140625,-0.79345703125,-0.048828125,-0.29296875,0,0.830078125,-0.1220703125,1.37939453125,-0.2197265625,0.3662109375,-0.1953125,2.2216796875,-0.15869140625,0.390625,-0.048828125,0.06103515625,-0.06103515625,-0.06103515625,-0.06103515625,0.2197265625,-0.146484375,0.0732421875,-0.0244140625,0.78125,0.0244140625,-0.537109375,-0.048828125,-0.537109375
0,-0.30517578125,-0.35400390625,0.0244140625,-0.341796875,0.10986328125,-0.439453125,0.244140625,-0.08544921875,-0.1708984375,-0.01220703125,-0.0244140625,-0.86669921875,-0.10986328125,1.0986328125,0.1220703125,-0.146484375,0.01220703125,-0.54931640625,-0.01220703125,-0.15869140625,0.20751953125,0.89111328125,-0.3173828125,-0.54931640625,-0.40283203125,5.11474609375,-0.1708984375,2.05078125,-0.2197265625,4.6875,-0.146484375,3.38134765625,0.25634765625,-0.30517578125,0.439453125,-0.87890625,-0.146484375,-0.537109375,0.146484375,-0.76904296875,0.10986328125,-0.23193359375,0.01220703125,-0.64697265625,-0.146484375,-0.45166015625,-0.146484375,0.57373046875,-0.2685546875,1.11083984375,0.01220703125,0.4638671875,0.30517578125,-0.1220703125,0.67138671875,0.7080078125,0.0732421875,0.390625,-0.10986328125,0.0244140625,-0.10986328125,0.3662109375,-0.048828125,-0.01220703125,-0.0244140625,0.6103515625,0.28076171875,1.025390625,-0.0732421875,0.23193359375,0.08544921875,0.244140625,0.15869140625,0.2685546875,0.0244140625,0.84228515625,-0.10986328125,-0.01220703125,-0.18310546875,1.318359375,0.146484375,-1.0009765625,0.390625,-0.390625,-0.30517578125,-0.98876953125,-0.25634765625,-0.79345703125,-0.0732421875,0.37841796875,0.06103515625,0.927734375,-0.2685546875,1.15966796875,-0.06103515625,0.5126953125,0.10986328125,-0.87890625,0.13427734375,-0.76904296875,-0.06103515625,-0.76904296875,-0.08544921875,-0.28076171875,0.09765625,1.57470703125,-0.10986328125,2.50244140625,-0.15869140625,0.93994140625,-0.146484375,3.02734375,-0.146484375,0.40283203125,-0.01220703125,0.06103515625,-0.06103515625,-0.06103515625,-0.06103515625,0.23193359375,-0.15869140625,0.09765625,0,0.81787109375,0,-0.52490234375,-0.0244140625,-0.537109375
0,-0.3173828125,-0.35400390625,0.048828125,-0.341796875,0.0732421875,-0.439453125,0.23193359375,-0.09765625,-0.1708984375,0,-0.0244140625,-0.8544921875,-0.08544921875,1.11083984375,0.13427734375,-0.1708984375,0.01220703125,-0.52490234375,-0.01220703125,-0.146484375,0.2685546875,0.9033203125,-0.3173828125,-0.537109375,-0.3662109375,4.13818359375,-0.1220703125,1.47705078125,-0.20751953125,3.955078125,-0.0732421875,2.74658203125,0.13427734375,-0.25634765625,0.439453125,-0.89111328125,-0.18310546875,-0.48828125,0.23193359375,-0.76904296875,0.10986328125,-0.1953125,-0.0244140625,-0.634765625,-0.10986328125,-0.42724609375,-0.146484375,0.6103515625,-0.1953125,1.123046875,0.01220703125,0.45166015625,0.146484375,-0.1708984375,0.7080078125,0.7080078125,0.06103515625,0.439453125,-0.0732421875,0.0732421875,-0.13427734375,0.40283203125,0.0244140625,0.01220703125,0.01220703125,0.57373046875,0.28076171875,1.025390625,-0.03662109375,0.23193359375,0.08544921875,0.23193359375,0.146484375,0.28076171875,-0.1220703125,0.81787109375,-0.146484375,-0.0244140625,-0.146484375,1.33056640625,0.23193359375,-1.0009765625,0.37841796875,-0.390625,-0.29296875,-1.0009765625,-0.2197265625,-0.79345703125,0.01220703125,-0.52490234375,-0.01220703125,0.50048828125,-0.15869140625,0.67138671875,-0.146484375,-0.0244140625,0.09765625,-0.87890625,0.1708984375,-0.76904296875,-0.048828125,-0.7568359375,-0.13427734375,-0.25634765625,0.048828125,2.4169921875,-0.13427734375,3.77197265625,-0.146484375,1.5869140625,-0.146484375,3.91845703125,-0.10986328125,0.42724609375,-0.01220703125,0.03662109375,-0.0732421875,-0.01220703125,-0.0732421875,0.23193359375,-0.1708984375,0.10986328125,0.01220703125,0.84228515625,-0.01220703125,-0.47607421875,-0.01220703125,-0.52490234375
0,-0.30517578125,-0.35400390625,0.06103515625,-0.3662109375,0.10986328125,-0.439453125,0.23193359375,-0.09765625,-0.146484375,0.01220703125,-0.0244140625,-0.87890625,-0.09765625,1.123046875,0.146484375,-0.15869140625,0.0244140625,-0.537109375,-0.0244140625,-0.146484375,0.244140625,0.9033203125,-0.28076171875,-0.54931640625,-0.3662109375,3.25927734375,-0.048828125,0.9765625,-0.10986328125,3.28369140625,-0.0244140625,2.18505859375,0.08544921875,-0.25634765625,0.40283203125,-0.9033203125,-0.20751953125,-0.48828125,0.2685546875,-0.7568359375,0.08544921875,-0.18310546875,0.01220703125,-0.6591796875,-0.10986328125,-0.4150390625,-0.13427734375,0.64697265625,-0.08544921875,1.1474609375,-0.03662109375,0.45166015625,0.048828125,-0.1953125,0.68359375,0.69580078125,0.01220703125,0.45166015625,-0.0244140625,0.1220703125,-0.146484375,0.45166015625,0.09765625,0,0.06103515625,0.54931640625,0.29296875,1.025390625,0.0244140625,0.23193359375,0.03662109375,0.2197265625,0.1220703125,0.29296875,-0.18310546875,0.8056640625,-0.13427734375,-0.03662109375,-0.10986328125,1.318359375,0.29296875,-0.98876953125,0.32958984375,-0.390625,-0.30517578125,-1.0009765625,-0.146484375,-0.8056640625,0.13427734375,-1.220703125,-0.048828125,0.20751953125,-0.01220703125,0.32958984375,-0.18310546875,-0.40283203125,0.048828125,-0.87890625,0.2197265625,-0.79345703125,-0.01220703125,-0.74462890625,-0.23193359375,-0.23193359375,0.048828125,3.25927734375,-0.03662109375,5.0537109375,-0.08544921875,2.25830078125,-0.13427734375,4.8095703125,-0.13427734375,0.40283203125,0,0.0244140625,-0.048828125,0.01220703125,-0.08544921875,0.2197265625,-0.18310546875,0.0732421875,0,0.84228515625,0,-0.4638671875,0,-0.54931640625
0,-0.30517578125,-0.3662109375,0.09765625,-0.3662109375,0.08544921875,-0.439453125,0.2197265625,-0.08544921875,-0.1708984375,0.01220703125,-0.01220703125,-0.89111328125,-0.09765625,1.123046875,0.1708984375,-0.146484375,0.048828125,-0.537109375,-0.03662109375,-0.13427734375,0.13427734375,0.89111328125,-0.2197265625,-0.57373046875,-0.341796875,2.45361328125,0.0244140625,0.5126953125,0.01220703125,2.685546875,-0.0244140625,1.69677734375,0.048828125,-0.25634765625,0.47607421875,-0.89111328125,-0.20751953125,-0.47607421875,0.28076171875,-0.76904296875,0.048828125,-0.1708984375,0.0732421875,-0.634765625,-0.146484375,-0.40283203125,-0.15869140625,0.634765625,0,1.15966796875,-0.09765625,0.42724609375,-0.048828125,-0.244140625,0.64697265625,0.68359375,-0.0244140625,0.439453125,0.048828125,0.18310546875,-0.09765625,0.4638671875,0.18310546875,0.01220703125,0.09765625,0.52490234375,0.244140625,1.03759765625,0.09765625,0.2197265625,0,0.1953125,0.0732421875,0.28076171875,-0.18310546875,0.81787109375,-0.10986328125,-0.0244140625,-0.10986328125,1.33056640625,0.35400390625,-0.98876953125,0.20751953125,-0.390625,-0.25634765625,-0.9765625,-0.1220703125,-0.81787109375,0.2197265625,-1.5380859375,-0.1220703125,0.048828125,0.08544921875,0.13427734375,-0.23193359375,-0.6103515625,0,-0.86669921875,0.244140625,-0.78125,0.0244140625,-0.732421875,-0.35400390625,-0.2197265625,-0.01220703125,4.00390625,-0.01220703125,6.21337890625,-0.03662109375,2.86865234375,-0.15869140625,5.62744140625,-0.10986328125,0.3662109375,0.01220703125,0,-0.06103515625,-0.03662109375,-0.0732421875,0.1953125,-0.15869140625,0.08544921875,-0.0244140625,0.78125,-0.01220703125,-0.52490234375,-0.03662109375,-0.5615234375
0,-0.30517578125,-0.37841796875,0.09765625,-0.3662109375,0.0732421875,-0.42724609375,0.20751953125,-0.048828125,-0.1708984375,0.0244140625,-0.01220703125,-0.87890625,-0.09765625,1.13525390625,0.15869140625,-0.13427734375,0.03662109375,-0.54931640625,-0.01220703125,-0.13427734375,0.06103515625,0.86669921875,-0.1953125,-0.5859375,-0.30517578125,1.79443359375,0.0732421875,0.13427734375,0.15869140625,2.18505859375,-0.03662109375,1.28173828125,0.08544921875,-0.29296875,0.4638671875,-0.87890625,-0.15869140625,-0.50048828125,0.244140625,-0.76904296875,-0.01220703125,-0.1953125,0.13427734375,-0.64697265625,-0.18310546875,-0.40283203125,-0.1953125,0.6591796875,0.048828125,1.18408203125,-0.0732421875,0.40283203125,-0.10986328125,-0.244140625,0.54931640625,0.69580078125,-0.06103515625,0.4150390625,0.08544921875,0.2197265625,-0.1220703125,0.48828125,0.2197265625,-0.0244140625,0.18310546875,0.439453125,0.13427734375,1.06201171875,0.10986328125,0.1953125,-0.06103515625,0.1708984375,0.048828125,0.28076171875,-0.2197265625,0.78125,-0.08544921875,-0.0244140625,-0.146484375,1.33056640625,0.37841796875,-1.0009765625,0.08544921875,-0.390625,-0.1953125,-0.9765625,-0.1220703125,-0.8056640625,0.2197265625,-1.513671875,-0.1953125,0.09765625,0.15869140625,0.1708984375,-0.29296875,-0.5859375,-0.03662109375,-0.86669921875,0.2197265625,-0.79345703125,0.0732421875,-0.732421875,-0.45166015625,-0.2197265625,-0.0732421875,4.6142578125,-0.10986328125,7.16552734375,-0.01220703125,3.3447265625,-0.18310546875,6.23779296875,-0.10986328125,0.341796875,0,0.0244140625,-0.06103515625,-0.06103515625,-0.0732421875,0.1953125,-0.15869140625,0.09765625,-0.048828125,0.78125,0.01220703125,-0.54931640625,-0.03662109375,-0.54931640625
0,-0.30517578125,-0.37841796875,0.0732421875,-0.35400390625,0.0732421875,-0.4150390625,0.20751953125,-0.048828125,-0.1708984375,0.0244140625,0.01220703125,-0.9033203125,-0.0732421875,1.123046875,0.15869140625,-0.1220703125,0.01220703125,-0.537109375,-0.01220703125,-0.146484375,-0.06103515625,0.84228515625,-0.18310546875,-0.5859375,-0.25634765625,1.1962890625,0.13427734375,-0.15869140625,0.28076171875,1.77001953125,-0.0244140625,0.927734375,0.20751953125,-0.3173828125,0.47607421875,-0.86669921875,-0.146484375,-0.52490234375,0.1708984375,-0.79345703125,-0.0732421875,-0.244140625,0.2197265625,-0.67138671875,-0.244140625,-0.35400390625,-0.23193359375,0.64697265625,0.10986328125,1.18408203125,-0.08544921875,0.4150390625,-0.13427734375,-0.244140625,0.37841796875,0.69580078125,-0.09765625,0.390625,0.10986328125,0.2197265625,-0.146484375,0.47607421875,0.30517578125,-0.0244140625,0.23193359375,0.390625,0.03662109375,1.06201171875,0.13427734375,0.2197265625,-0.09765625,0.1953125,-0.0244140625,0.25634765625,-0.2197265625,0.76904296875,-0.03662109375,-0.0244140625,-0.18310546875,1.33056640625,0.42724609375,-1.01318359375,-0.048828125,-0.40283203125,-0.09765625,-0.9765625,-0.09765625,-0.81787109375,0.30517578125,-1.11083984375,-0.20751953125,0.3173828125,0.1953125,0.390625,-0.30517578125,-0.35400390625,-0.08544921875,-0.8544921875,0.1953125,-0.8056640625,0.0732421875,-0.732421875,-0.47607421875,-0.23193359375,-0.048828125,4.9560546875,-0.146484375,7.80029296875,0.0244140625,3.6376953125,-0.18310546875,6.640625,-0.09765625,0.35400390625,-0.01220703125,0.0244140625,-0.0732421875,-0.06103515625,-0.06103515625,0.1953125,-0.1708984375,0.1220703125,-0.03662109375,0.79345703125,0.01220703125,-0.52490234375,-0.06103515625,-0.5615234375
0,-0.32958984375,-0.40283203125,0.0732421875,-0.35400390625,0.048828125,-0.40283203125,0.18310546875,-0.0732421875,-0.15869140625,-0.01220703125,0,-0.89111328125,-0.0732421875,1.0986328125,0.1708984375,-0.146484375,-0.048828125,-0.54931640625,-0.06103515625,-0.146484375,-0.146484375,0.8544921875,-0.1953125,-0.59814453125,-0.18310546875,0.69580078125,0.20751953125,-0.4150390625,0.341796875,1.42822265625,-0.03662109375,0.59814453125,0.3173828125,-0.35400390625,0.4150390625,-0.8544921875,-0.146484375,-0.54931640625,0.09765625,-0.79345703125,-0.09765625,-0.28076171875,0.29296875,-0.67138671875,-0.30517578125,-0.35400390625,-0.20751953125,0.59814453125,0.1220703125,1.171875,-0.0244140625,0.42724609375,-0.1708984375,-0.20751953125,0.23193359375,0.69580078125,-0.146484375,0.35400390625,0.1220703125,0.1953125,-0.1953125,0.47607421875,0.30517578125,-0.048828125,0.244140625,0.30517578125,-0.048828125,1.03759765625,0.1220703125,0.20751953125,-0.13427734375,0.1708984375,-0.1220703125,0.25634765625,-0.244140625,0.78125,0.0244140625,0,-0.244140625,1.3427734375,0.37841796875,-1.01318359375,-0.146484375,-0.42724609375,0.01220703125,-1.01318359375,-0.1220703125,-0.81787109375,0.3173828125,-0.35400390625,-0.20751953125,0.67138671875,0.15869140625,0.8056640625,-0.30517578125,0.1220703125,-0.0732421875,-0.8544921875,0.15869140625,-0.830078125,0.08544921875,-0.74462890625,-0.48828125,-0.2197265625,-0.08544921875,5.078125,-0.146484375,8.04443359375,-0.01220703125,3.7353515625,-0.2197265625,6.75048828125,-0.06103515625,0.35400390625,-0.0244140625,0.048828125,-0.06103515625,-0.048828125,-0.048828125,0.20751953125,-0.15869140625,0.08544921875,-0.048828125,0.74462890625,0.01220703125,-0.5126953125,-0.06103515625,-0.5615234375
0,-0.3173828125,-0.40283203125,0.0732421875,-0.3662109375,0.048828125,-0.42724609375,0.15869140625,-0.06103515625,-0.15869140625,-0.048828125,0,-0.89111328125,-0.0732421875,1.11083984375,0.15869140625,-0.1708984375,-0.06103515625,-0.54931640625,-0.1220703125,-0.15869140625,-0.10986328125,0.830078125,-0.23193359375,-0.5859375,-0.09765625,0.244140625,0.18310546875,-0.62255859375,0.32958984375,1.123046875,0,0.341796875,0.4150390625,-0.35400390625,0.3173828125,-0.830078125,-0.13427734375,-0.54931640625,0.01220703125,-0.79345703125,-0.08544921875,-0.30517578125,0.30517578125,-0.69580078125,-0.341796875,-0.37841796875,-0.23193359375,0.5859375,0.08544921875,1.1474609375,0,0.4638671875,-0.15869140625,-0.15869140625,0.09765625,0.69580078125,-0.08544921875,0.32958984375,0.15869140625,0.1708984375,-0.1953125,0.4638671875,0.32958984375,-0.0244140625,0.25634765625,0.23193359375,-0.1220703125,1.0498046875,0.08544921875,0.2197265625,-0.15869140625,0.18310546875,-0.1708984375,0.244140625,-0.244140625,0.74462890625,0.06103515625,0.01220703125,-0.2685546875,1.33056640625,0.3662109375,-1.025390625,-0.23193359375,-0.4150390625,0.09765625,-1.01318359375,-0.1708984375,-0.8056640625,0.146484375,0.6591796875,-0.25634765625,1.15966796875,0.10986328125,1.3427734375,-0.25634765625,0.732421875,-0.08544921875,-0.8544921875,0.13427734375,-0.830078125,0.08544921875,-0.732421875,-0.4638671875,-0.244140625,-0.03662109375,4.9072265625,-0.08544921875,7.9345703125,-0.0244140625,3.64990234375,-0.13427734375,6.6162109375,-0.01220703125,0.35400390625,-0.03662109375,0.03662109375,-0.048828125,-0.03662109375,-0.0732421875,0.18310546875,-0.18310546875,0.03662109375,-0.06103515625,0.74462890625,0,-0.5126953125,-0.06103515625,-0.57373046875
0,-0.29296875,-0.390625,0.08544921875,-0.37841796875,0.0244140625,-0.4150390625,0.13427734375,-0.09765625,-0.146484375,-0.03662109375,-0.0244140625,-0.87890625,-0.06103515625,1.11083984375,0.13427734375,-0.20751953125,-0.0244140625,-0.54931640625,-0.23193359375,-0.1708984375,-0.06103515625,0.84228515625,-0.32958984375,-0.57373046875,-0.0732421875,-0.15869140625,0.10986328125,-0.78125,0.244140625,0.89111328125,0.03662109375,0.09765625,0.390625,-0.3662109375,0.25634765625,-0.8056640625,-0.13427734375,-0.54931640625,-0.01220703125,-0.78125,-0.048828125,-0.30517578125,0.30517578125,-0.69580078125,-0.341796875,-0.40283203125,-0.18310546875,0.57373046875,0.048828125,1.13525390625,-0.03662109375,0.45166015625,-0.10986328125,-0.1220703125,-0.0244140625,0.7080078125,-0.06103515625,0.35400390625,0.1708984375,0.15869140625,-0.13427734375,0.48828125,0.32958984375,0.0244140625,0.23193359375,0.146484375,-0.15869140625,1.03759765625,0.048828125,0.2197265625,-0.20751953125,0.18310546875,-0.2197265625,0.23193359375,-0.20751953125,0.76904296875,0.06103515625,0.01220703125,-0.23193359375,1.318359375,0.29296875,-1.01318359375,-0.244140625,-0.4150390625,0.146484375,-0.98876953125,-0.2197265625,-0.81787109375,-0.0244140625,1.81884765625,-0.29296875,1.72119140625,-0.03662109375,1.96533203125,-0.2685546875,1.416015625,-0.146484375,-0.86669921875,0.1220703125,-0.830078125,0.06103515625,-0.732421875,-0.42724609375,-0.25634765625,-0.01220703125,4.55322265625,-0.18310546875,7.4951171875,-0.0732421875,3.38134765625,-0.06103515625,6.23779296875,0,0.341796875,-0.0244140625,0.048828125,-0.0732421875,-0.048828125,-0.06103515625,0.1953125,-0.18310546875,-0.0244140625,-0.06103515625,0.74462890625,-0.0244140625,-0.5126953125,-0.06103515625,-0.54931640625
0,-0.29296875,-0.37841796875,0.1220703125,-0.3662109375,0.01220703125,-0.42724609375,0.1220703125,-0.0732421875,-0.10986328125,-0.03662109375,-0.0244140625,-0.86669921875,-0.03662109375,1.123046875,0.146484375,-0.18310546875,0.01220703125,-0.57373046875,-0.29296875,-0.146484375,0.01220703125,0.8544921875,-0.4150390625,-0.5859375,-0.10986328125,-0.50048828125,-0.0244140625,-0.91552734375,0.06103515625,0.6591796875,0,-0.1220703125,0.30517578125,-0.3662109375,0.15869140625,-0.7568359375,-0.18310546875,-0.537109375,-0.03662109375,-0.76904296875,0.0244140625,-0.29296875,0.30517578125,-0.69580078125,-0.30517578125,-0.42724609375,-0.18310546875,0.5859375,-0.048828125,1.123046875,-0.048828125,0.47607421875,-0.03662109375,-0.09765625,-0.1708984375,0.7080078125,-0.048828125,0.390625,0.15869140625,0.1708984375,-0.03662109375,0.50048828125,0.30517578125,0.06103515625,0.1953125,0.10986328125,-0.25634765625,1.025390625,0.0244140625,0.2197265625,-0.1953125,0.18310546875,-0.25634765625,0.20751953125,-0.18310546875,0.78125,0.0732421875,0.01220703125,-0.18310546875,1.33056640625,0.18310546875,-1.0009765625,-0.23193359375,-0.40283203125,0.1708984375,-1.01318359375,-0.244140625,-0.830078125,-0.01220703125,3.02734375,-0.28076171875,2.30712890625,-0.06103515625,2.63671875,-0.18310546875,2.16064453125,-0.10986328125,-0.84228515625,0.09765625,-0.84228515625,0.0244140625,-0.732421875,-0.35400390625,-0.25634765625,0.01220703125,4.0771484375,-0.30517578125,6.787109375,-0.15869140625,3.02734375,-0.0244140625,5.7373046875,0.03662109375,0.341796875,-0.03662109375,0.048828125,-0.048828125,-0.048828125,-0.0732421875,0.20751953125,-0.2197265625,-0.048828125,-0.06103515625,0.76904296875,-0.03662109375,-0.52490234375,-0.03662109375,-0.5615234375
0,-0.29296875,-0.35400390625,0.0732421875,-0.3662109375,0.03662109375,-0.42724609375,0.09765625,-0.09765625,-0.10986328125,-0.048828125,-0.048828125,-0.89111328125,-0.06103515625,1.13525390625,0.08544921875,-0.18310546875,0.048828125,-0.57373046875,-0.3173828125,-0.1708984375,0.146484375,0.8544921875,-0.48828125,-0.57373046875,-0.1953125,-0.79345703125,-0.09765625,-1.06201171875,-0.06103515625,0.4638671875,0,-0.29296875,0.18310546875,-0.29296875,0.048828125,-0.732421875,-0.18310546875,-0.5126953125,-0.03662109375,-0.7568359375,0.13427734375,-0.2685546875,0.28076171875,-0.68359375,-0.29296875,-0.439453125,-0.18310546875,0.57373046875,-0.13427734375,1.0986328125,-0.08544921875,0.47607421875,0.0732421875,-0.10986328125,-0.28076171875,0.72021484375,-0.048828125,0.45166015625,0.18310546875,0.1708984375,-0.08544921875,0.52490234375,0.30517578125,0.13427734375,0.146484375,0.1220703125,-0.30517578125,1.0009765625,-0.06103515625,0.2197265625,-0.18310546875,0.18310546875,-0.29296875,0.2197265625,-0.146484375,0.76904296875,0.06103515625,0,-0.146484375,1.2939453125,0.13427734375,-1.01318359375,-0.18310546875,-0.40283203125,0.15869140625,-1.0009765625,-0.28076171875,-0.81787109375,-0.08544921875,4.19921875,-0.2685546875,2.86865234375,-0.06103515625,3.271484375,-0.15869140625,2.89306640625,-0.15869140625,-0.86669921875,0.10986328125,-0.8544921875,-0.0244140625,-0.74462890625,-0.23193359375,-0.244140625,0.03662109375,3.55224609375,-0.3662109375,5.96923828125,-0.2197265625,2.63671875,-0.0244140625,5.2001953125,0.03662109375,0.37841796875,-0.048828125,0.048828125,-0.06103515625,-0.06103515625,-0.0732421875,0.1953125,-0.25634765625,-0.09765625,-0.048828125,0.7568359375,-0.0244140625,-0.5126953125,-0.03662109375,-0.54931640625
0,-0.29296875,-0.35400390625,0.0732421875,-0.3662109375,0.03662109375,-0.439453125,0.09765625,-0.08544921875,-0.09765625,-0.048828125,-0.03662109375,-0.87890625,-0.06103515625,1.1474609375,0.08544921875,-0.1953125,0.06103515625,-0.57373046875,-0.32958984375,-0.146484375,0.23193359375,0.84228515625,-0.57373046875,-0.57373046875,-0.1708984375,-0.98876953125,-0.0732421875,-1.1474609375,-0.146484375,0.3173828125,-0.01220703125,-0.4150390625,0.03662109375,-0.25634765625,0,-0.7080078125,-0.2197265625,-0.48828125,-0.0244140625,-0.74462890625,0.2685546875,-0.20751953125,0.28076171875,-0.67138671875,-0.20751953125,-0.42724609375,-0.1953125,0.5859375,-0.18310546875,1.11083984375,-0.08544921875,0.47607421875,0.1953125,-0.13427734375,-0.4150390625,0.732421875,-0.048828125,0.52490234375,0.15869140625,0.1953125,-0.09765625,0.537109375,0.29296875,0.18310546875,0.08544921875,0.146484375,-0.390625,1.0009765625,-0.1220703125,0.23193359375,-0.13427734375,0.18310546875,-0.3662109375,0.23193359375,-0.09765625,0.78125,0.0244140625,0,-0.08544921875,1.2939453125,0.08544921875,-1.01318359375,-0.09765625,-0.3662109375,0.1220703125,-1.0009765625,-0.23193359375,-0.8056640625,-0.15869140625,5.224609375,-0.18310546875,3.35693359375,-0.03662109375,3.86962890625,-0.146484375,3.564453125,-0.1953125,-0.86669921875,0.10986328125,-0.84228515625,-0.048828125,-0.7568359375,-0.10986328125,-0.244140625,0.0732421875,3.0517578125,-0.4150390625,5.13916015625,-0.25634765625,2.23388671875,0,4.6875,0.03662109375,0.35400390625,-0.03662109375,0.0244140625,-0.08544921875,-0.048828125,-0.06103515625,0.1953125,-0.2685546875,-0.1220703125,-0.03662109375,0.76904296875,-0.048828125,-0.48828125,-0.048828125,-0.537109375
1,-0.29296875,-0.3662109375,0.0732421875,-0.341796875,0.03662109375,-0.42724609375,0.09765625,-0.08544921875,-0.08544921875,-0.048828125,-0.03662109375,-0.86669921875,-0.0732421875,1.123046875,0.09765625,-0.1708984375,0.0244140625,-0.5859375,-0.28076171875,-0.15869140625,0.2685546875,0.830078125,-0.52490234375,-0.57373046875,-0.18310546875,-1.123046875,-0.048828125,-1.2451171875,-0.13427734375,0.20751953125,-0.03662109375,-0.48828125,-0.1220703125,-0.2197265625,-0.06103515625,-0.67138671875,-0.1953125,-0.439453125,-0.01220703125,-0.7080078125,0.3662109375,-0.1953125,0.28076171875,-0.67138671875,-0.13427734375,-0.45166015625,-0.20751953125,0.6103515625,-0.2197265625,1.123046875,-0.0732421875,0.47607421875,0.29296875,-0.15869140625,-0.50048828125,0.74462890625,-0.03662109375,0.5859375,0.146484375,0.23193359375,-0.1708984375,0.54931640625,0.2685546875,0.23193359375,0.06103515625,0.2197265625,-0.42724609375,0.98876953125,-0.15869140625,0.2197265625,-0.09765625,0.18310546875,-0.3662109375,0.244140625,-0.06103515625,0.78125,0.03662109375,-0.0244140625,0,1.28173828125,0.08544921875,-1.025390625,-0.0244140625,-0.35400390625,0.0732421875,-1.01318359375,-0.2197265625,-0.8056640625,-0.20751953125,6.0546875,-0.13427734375,3.74755859375,0.01220703125,4.3701171875,-0.1220703125,4.1259765625,-0.18310546875,-0.8544921875,0.1220703125,-0.84228515625,-0.09765625,-0.76904296875,0,-0.244140625,0.08544921875,2.685546875,-0.390625,4.47998046875,-0.29296875,1.953125,0,4.2724609375,0.048828125,0.35400390625,-0.0244140625,0.03662109375,-0.06103515625,-0.0244140625,-0.06103515625,0.1953125,-0.25634765625,-0.146484375,-0.03662109375,0.78125,-0.06103515625,-0.52490234375,-0.048828125,-0.537109375
1,-0.30517578125,-0.35400390625,0.08544921875,-0.341796875,0.03662109375,-0.439453125,0.06103515625,-0.06103515625,-0.10986328125,-0.03662109375,-0.0244140625,-0.86669921875,-0.08544921875,1.123046875,0.08544921875,-0.146484375,-0.0244140625,-0.57373046875,-0.1953125,-0.146484375,0.28076171875,0.84228515625,-0.45166015625,-0.57373046875,-0.23193359375,-1.15966796875,-0.01220703125,-1.30615234375,-0.10986328125,0.146484375,-0.09765625,-0.50048828125,-0.25634765625,-0.2197265625,-0.08544921875,-0.67138671875,-0.18310546875,-0.45166015625,0.0244140625,-0.732421875,0.3662109375,-0.18310546875,0.28076171875,-0.68359375,-0.06103515625,-0.45166015625,-0.2197265625,0.6103515625,-0.20751953125,1.15966796875,-0.10986328125,0.439453125,0.37841796875,-0.1953125,-0.6103515625,0.74462890625,-0.01220703125,0.62255859375,0.13427734375,0.23193359375,-0.20751953125,0.54931640625,0.25634765625,0.244140625,0.0244140625,0.3173828125,-0.439453125,0.98876953125,-0.15869140625,0.2197265625,-0.0732421875,0.18310546875,-0.37841796875,0.25634765625,-0.03662109375,0.78125,0.01220703125,-0.0244140625,0.0732421875,1.28173828125,0.1220703125,-1.025390625,0.03662109375,-0.32958984375,-0.0244140625,-1.025390625,-0.1953125,-0.79345703125,-0.244140625,6.67724609375,-0.03662109375,4.04052734375,0.09765625,4.7119140625,-0.1220703125,4.52880859375,-0.15869140625,-0.86669921875,0.13427734375,-0.830078125,-0.10986328125,-0.74462890625,0.048828125,-0.244140625,0.06103515625,2.45361328125,-0.244140625,4.052734375,-0.29296875,1.77001953125,-0.03662109375,4.0771484375,0.03662109375,0.35400390625,-0.01220703125,0.03662109375,-0.03662109375,-0.0244140625,-0.0732421875,0.1953125,-0.28076171875,-0.13427734375,-0.03662109375,0.79345703125,-0.0732421875,-0.48828125,-0.048828125,-0.5615234375
1,-0.25634765625,-0.3662109375,0.09765625,-0.32958984375,0,-0.42724609375,0.0732421875,-0.08544921875,-0.06103515625,-0.06103515625,0,-0.8544921875,-0.06103515625,1.11083984375,0.08544921875,-0.15869140625,-0.0732421875,-0.57373046875,-0.09765625,-0.13427734375,0.2685546875,0.86669921875,-0.32958984375,-0.5859375,-0.29296875,-1.0986328125,0.0244140625,-1.2939453125,-0.01220703125,0.18310546875,-0.1220703125,-0.439453125,-0.3662109375,-0.2197265625,-0.15869140625,-0.69580078125,-0.1220703125,-0.4150390625,0.03662109375,-0.732421875,0.341796875,-0.15869140625,0.29296875,-0.6591796875,0.048828125,-0.439453125,-0.1708984375,0.62255859375,-0.244140625,1.171875,-0.1708984375,0.439453125,0.47607421875,-0.23193359375,-0.69580078125,0.7568359375,-0.048828125,0.5859375,0.08544921875,0.23193359375,-0.18310546875,0.48828125,0.18310546875,0.2197265625,-0.03662109375,0.439453125,-0.47607421875,1.0009765625,-0.10986328125,0.20751953125,-0.048828125,0.1708984375,-0.390625,0.25634765625,0.01220703125,0.7568359375,0.01220703125,-0.0244140625,0.1708984375,1.30615234375,0.1708984375,-1.025390625,0.08544921875,-0.341796875,-0.09765625,-1.01318359375,-0.15869140625,-0.79345703125,-0.244140625,7.04345703125,0.01220703125,4.2236328125,0.15869140625,4.91943359375,-0.15869140625,4.78515625,-0.10986328125,-0.84228515625,0.1220703125,-0.8056640625,-0.10986328125,-0.732421875,0.0244140625,-0.244140625,0.0732421875,2.4658203125,-0.20751953125,3.91845703125,-0.29296875,1.72119140625,-0.08544921875,4.06494140625,0.048828125,0.3662109375,0,0.01220703125,-0.06103515625,0,-0.0244140625,0.18310546875,-0.2685546875,-0.1220703125,-0.06103515625,0.8056640625,-0.0732421875,-0.50048828125,-0.06103515625,-0.54931640625
1,-0.25634765625,-0.35400390625,0.08544921875,-0.341796875,-0.01220703125,-0.4150390625,0.06103515625,-0.03662109375,-0.0732421875,-0.03662109375,0.01220703125,-0.8544921875,-0.06103515625,1.11083984375,0.09765625,-0.13427734375,-0.08544921875,-0.5615234375,-0.01220703125,-0.15869140625,0.2197265625,0.830078125,-0.146484375,-0.59814453125,-0.341796875,-0.93994140625,0.048828125,-1.23291015625,0.10986328125,0.2685546875,-0.15869140625,-0.32958984375,-0.40283203125,-0.20751953125,-0.20751953125,-0.72021484375,-0.09765625,-0.4150390625,0.03662109375,-0.74462890625,0.25634765625,-0.18310546875,0.25634765625,-0.6591796875,0.048828125,-0.4150390625,-0.15869140625,0.62255859375,-0.244140625,1.18408203125,-0.2685546875,0.439453125,0.54931640625,-0.244140625,-0.72021484375,0.74462890625,-0.0732421875,0.52490234375,0.06103515625,0.20751953125,-0.10986328125,0.42724609375,0.10986328125,0.13427734375,-0.08544921875,0.57373046875,-0.48828125,1.0009765625,-0.08544921875,0.20751953125,-0.08544921875,0.15869140625,-0.35400390625,0.25634765625,0.0732421875,0.7568359375,0.048828125,-0.01220703125,0.1953125,1.2939453125,0.244140625,-1.01318359375,0.13427734375,-0.35400390625,-0.1708984375,-1.0009765625,-0.18310546875,-0.78125,-0.2197265625,7.14111328125,0.03662109375,4.248046875,0.20751953125,4.96826171875,-0.15869140625,4.84619140625,-0.048828125,-0.84228515625,0.0732421875,-0.8056640625,-0.09765625,-0.74462890625,-0.01220703125,-0.2197265625,0,2.60009765625,-0.18310546875,4.0283203125,-0.28076171875,1.806640625,-0.13427734375,4.18701171875,0.0732421875,0.3662109375,-0.01220703125,0.03662109375,-0.06103515625,0.01220703125,-0.0244140625,0.1953125,-0.244140625,-0.08544921875,-0.08544921875,0.79345703125,-0.048828125,-0.5126953125,-0.09765625,-0.54931640625
1,-0.23193359375,-0.3662109375,0.0732421875,-0.35400390625,-0.01220703125,-0.4150390625,0.0732421875,-0.048828125,-0.0732421875,-0.0244140625,0.0244140625,-0.8544921875,-0.06103515625,1.07421875,0.06103515625,-0.146484375,-0.0732421875,-0.54931640625,0.0732421875,-0.13427734375,0.1708984375,0.8544921875,0,-0.5859375,-0.37841796875,-0.74462890625,0.048828125,-1.1474609375,0.20751953125,0.4150390625,-0.18310546875,-0.18310546875,-0.3662109375,-0.2197265625,-0.2197265625,-0.76904296875,-0.03662109375,-0.42724609375,0.01220703125,-0.76904296875,0.1708984375,-0.1708984375,0.2197265625,-0.64697265625,0.01220703125,-0.390625,-0.1220703125,0.634765625,-0.23193359375,1.1962890625,-0.341796875,0.45166015625,0.57373046875,-0.2197265625,-0.7568359375,0.732421875,-0.13427734375,0.42724609375,0.0244140625,0.13427734375,-0.09765625,0.390625,0,0.06103515625,-0.146484375,0.72021484375,-0.47607421875,1.03759765625,-0.03662109375,0.244140625,-0.10986328125,0.18310546875,-0.3173828125,0.28076171875,0.1220703125,0.76904296875,0.0732421875,0,0.1953125,1.2939453125,0.29296875,-1.01318359375,0.13427734375,-0.3662109375,-0.23193359375,-0.98876953125,-0.2197265625,-0.78125,-0.1953125,6.97021484375,0.08544921875,4.16259765625,0.244140625,4.84619140625,-0.15869140625,4.7119140625,-0.06103515625,-0.84228515625,-0.0244140625,-0.79345703125,-0.10986328125,-0.732421875,-0.048828125,-0.2197265625,-0.06103515625,2.8564453125,-0.1708984375,4.38232421875,-0.23193359375,1.953125,-0.15869140625,4.43115234375,0.08544921875,0.390625,-0.0244140625,0.03662109375,-0.048828125,0,-0.03662109375,0.18310546875,-0.244140625,-0.0732421875,-0.09765625,0.8056640625,-0.048828125,-0.52490234375,-0.0732421875,-0.54931640625
1,-0.20751953125,-0.3662109375,0.08544921875,-0.35400390625,-0.048828125,-0.4150390625,0.06103515625,-0.0732421875,-0.0244140625,-0.03662109375,0.03662109375,-0.86669921875,-0.06103515625,1.08642578125,0.0244140625,-0.15869140625,-0.08544921875,-0.50048828125,0.13427734375,-0.146484375,0.13427734375,0.830078125,0.09765625,-0.6103515625,-0.30517578125,-0.52490234375,0.08544921875,-1.03759765625,0.25634765625,0.57373046875,-0.1953125,-0.03662109375,-0.3173828125,-0.244140625,-0.20751953125,-0.8056640625,0.01220703125,-0.45166015625,0.03662109375,-0.78125,0.09765625,-0.23193359375,0.1220703125,-0.6591796875,0,-0.3662109375,-0.10986328125,0.62255859375,-0.18310546875,1.171875,-0.40283203125,0.439453125,0.6103515625,-0.1953125,-0.7568359375,0.732421875,-0.146484375,0.30517578125,0.0244140625,0.09765625,-0.048828125,0.390625,-0.1220703125,-0.03662109375,-0.146484375,0.81787109375,-0.47607421875,1.03759765625,0.0244140625,0.244140625,-0.15869140625,0.15869140625,-0.28076171875,0.2685546875,0.1708984375,0.74462890625,0.10986328125,0.0244140625,0.146484375,1.2939453125,0.32958984375,-1.03759765625,0.1708984375,-0.35400390625,-0.2685546875,-0.9765625,-0.28076171875,-0.76904296875,-0.13427734375,6.50634765625,0.10986328125,3.9306640625,0.2197265625,4.55322265625,-0.10986328125,4.40673828125,-0.0732421875,-0.830078125,-0.13427734375,-0.79345703125,-0.09765625,-0.74462890625,-0.1220703125,-0.2197265625,-0.0732421875,3.125,-0.1953125,4.8095703125,-0.18310546875,2.1240234375,-0.18310546875,4.7119140625,0.10986328125,0.37841796875,0.01220703125,0.03662109375,-0.0732421875,0.01220703125,-0.048828125,0.1953125,-0.25634765625,-0.048828125,-0.09765625,0.8056640625,-0.0244140625,-0.5126953125,-0.0732421875,-0.54931640625
1,-0.2197265625,-0.3662109375,0.1220703125,-0.3662109375,-0.03662109375,-0.40283203125,0.048828125,-0.0732421875,-0.0244140625,-0.01220703125,0.048828125,-0.86669921875,-0.03662109375,1.07421875,-0.01220703125,-0.146484375,-0.09765625,-0.537109375,0.1220703125,-0.146484375,0.13427734375,0.86669921875,0.1220703125,-0.6103515625,-0.20751953125,-0.35400390625,0.09765625,-0.91552734375,0.29296875,0.7568359375,-0.1220703125,0.08544921875,-0.23193359375,-0.28076171875,-0.1708984375,-0.84228515625,0.01220703125,-0.47607421875,0.06103515625,-0.79345703125,0.0732421875,-0.25634765625,0.09765625,-0.64697265625,-0.08544921875,-0.37841796875,-0.146484375,0.6103515625,-0.146484375,1.13525390625,-0.4150390625,0.45166015625,0.634765625,-0.18310546875,-0.72021484375,0.72021484375,-0.15869140625,0.25634765625,0,0.048828125,-0.0732421875,0.45166015625,-0.2197265625,-0.08544921875,-0.1708984375,0.927734375,-0.42724609375,1.025390625,0.06103515625,0.244140625,-0.1708984375,0.1953125,-0.2685546875,0.2685546875,0.20751953125,0.78125,0.146484375,0.0244140625,0.09765625,1.30615234375,0.35400390625,-1.025390625,0.146484375,-0.37841796875,-0.29296875,-0.96435546875,-0.3173828125,-0.78125,-0.03662109375,5.77392578125,0.09765625,3.55224609375,0.1953125,4.1015625,-0.06103515625,3.90625,-0.06103515625,-0.81787109375,-0.2197265625,-0.79345703125,-0.10986328125,-0.732421875,-0.13427734375,-0.23193359375,-0.0732421875,3.30810546875,-0.20751953125,5.18798828125,-0.13427734375,2.2705078125,-0.18310546875,4.91943359375,0.1220703125,0.37841796875,-0.0244140625,0.048828125,-0.06103515625,0,-0.08544921875,0.18310546875,-0.244140625,-0.0244140625,-0.09765625,0.8056640625,-0.0244140625,-0.50048828125,-0.06103515625,-0.537109375
1,-0.2197265625,-0.390625,0.10986328125,-0.3662109375,-0.0732421875,-0.40283203125,0.0244140625,-0.0732421875,-0.0244140625,-0.01220703125,0.01220703125,-0.84228515625,-0.0244140625,1.06201171875,-0.0244140625,-0.15869140625,-0.0732421875,-0.537109375,0.08544921875,-0.15869140625,0.146484375,0.87890625,0.06103515625,-0.5859375,-0.15869140625,-0.20751953125,0.10986328125,-0.81787109375,0.30517578125,0.91552734375,-0.03662109375,0.1953125,-0.20751953125,-0.29296875,-0.13427734375,-0.9033203125,0,-0.50048828125,0.09765625,-0.8056640625,0.0732421875,-0.2685546875,0.03662109375,-0.67138671875,-0.146484375,-0.37841796875,-0.13427734375,0.59814453125,-0.09765625,1.123046875,-0.52490234375,0.439453125,0.62255859375,-0.1708984375,-0.59814453125,0.69580078125,-0.15869140625,0.2685546875,-0.0244140625,0.08544921875,-0.15869140625,0.6103515625,-0.30517578125,-0.0732421875,-0.18310546875,1.025390625,-0.3662109375,1.0498046875,0.08544921875,0.23193359375,-0.146484375,0.2197265625,-0.244140625,0.25634765625,0.244140625,0.76904296875,0.13427734375,0.0244140625,0.01220703125,1.318359375,0.32958984375,-0.98876953125,0.1220703125,-0.37841796875,-0.29296875,-0.98876953125,-0.341796875,-0.7568359375,0.03662109375,4.79736328125,0.09765625,3.06396484375,0.146484375,3.515625,-0.03662109375,3.22265625,-0.0244140625,-0.81787109375,-0.29296875,-0.78125,-0.1220703125,-0.74462890625,-0.15869140625,-0.2197265625,-0.01220703125,3.369140625,-0.23193359375,5.33447265625,-0.08544921875,2.30712890625,-0.18310546875,4.98046875,0.10986328125,0.37841796875,0,0.048828125,-0.048828125,0.03662109375,-0.09765625,0.1953125,-0.2685546875,-0.01220703125,-0.08544921875,0.8056640625,0.01220703125,-0.50048828125,-0.06103515625,-0.5126953125
1,-0.18310546875,-0.37841796875,0.1220703125,-0.3662109375,-0.08544921875,-0.40283203125,0.0244140625,-0.06103515625,-0.01220703125,-0.01220703125,0,-0.84228515625,-0.01220703125,1.08642578125,-0.0244140625,-0.146484375,-0.03662109375,-0.537109375,-0.01220703125,-0.1708984375,0.18310546875,0.87890625,-0.08544921875,-0.57373046875,-0.0244140625,-0.13427734375,0.15869140625,-0.72021484375,0.32958984375,1.01318359375,0.10986328125,0.244140625,-0.146484375,-0.30517578125,-0.06103515625,-0.927734375,-0.048828125,-0.5126953125,0.1220703125,-0.79345703125,0.09765625,-0.29296875,-0.048828125,-0.64697265625,-0.18310546875,-0.390625,-0.1708984375,0.57373046875,-0.0732421875,1.11083984375,-0.54931640625,0.45166015625,0.64697265625,-0.15869140625,-0.50048828125,0.68359375,-0.1708984375,0.40283203125,-0.08544921875,0.15869140625,-0.0732421875,0.9033203125,-0.390625,0.0732421875,-0.15869140625,1.0498046875,-0.20751953125,1.025390625,0.0732421875,0.23193359375,-0.09765625,0.20751953125,-0.2685546875,0.2197265625,0.28076171875,0.78125,0.10986328125,0.01220703125,-0.01220703125,1.2939453125,0.244140625,-0.9765625,0.0732421875,-0.40283203125,-0.28076171875,-1.0009765625,-0.30517578125,-0.76904296875,0.08544921875,3.67431640625,0.06103515625,2.45361328125,0.146484375,2.81982421875,-0.0244140625,2.4169921875,0,-0.830078125,-0.3173828125,-0.78125,-0.10986328125,-0.732421875,-0.20751953125,-0.23193359375,-0.0244140625,3.22265625,-0.29296875,5.2001953125,-0.03662109375,2.18505859375,-0.18310546875,4.833984375,0.1220703125,0.37841796875,0.0244140625,0.0732421875,-0.06103515625,0.0244140625,-0.146484375,0.18310546875,-0.2685546875,-0.0244140625,-0.048828125,0.81787109375,-0.01220703125,-0.52490234375,-0.06103515625,-0.50048828125
1,-0.1953125,-0.390625,0.09765625,-0.3662109375,-0.09765625,-0.4150390625,0,-0.06103515625,0.03662109375,-0.0244140625,-0.0244140625,-0.84228515625,-0.01220703125,1.08642578125,-0.03662109375,-0.15869140625,0.03662109375,-0.54931640625,-0.10986328125,-0.15869140625,0.1953125,0.9033203125,-0.244140625,-0.5615234375,-0.01220703125,-0.15869140625,0.08544921875,-0.7080078125,0.2685546875,1.03759765625,0.18310546875,0.244140625,-0.20751953125,-0.29296875,-0.01220703125,-0.9521484375,-0.10986328125,-0.52490234375,0.09765625,-0.79345703125,0.146484375,-0.29296875,-0.08544921875,-0.6591796875,-0.20751953125,-0.4150390625,-0.1953125,0.5859375,-0.08544921875,1.123046875,-0.6103515625,0.439453125,0.62255859375,-0.1708984375,-0.42724609375,0.67138671875,-0.1708984375,0.67138671875,-0.1220703125,0.3662109375,-0.06103515625,1.33056640625,-0.4150390625,0.341796875,-0.1220703125,1.07421875,-0.06103515625,1.01318359375,0.0732421875,0.23193359375,-0.06103515625,0.1953125,-0.2197265625,0.20751953125,0.29296875,0.79345703125,0.09765625,0.01220703125,-0.03662109375,1.28173828125,0.1708984375,-0.96435546875,0.0244140625,-0.40283203125,-0.25634765625,-0.98876953125,-0.244140625,-0.7568359375,0.10986328125,2.42919921875,0.01220703125,1.81884765625,0.13427734375,2.08740234375,-0.0244140625,1.5625,0.01220703125,-0.81787109375,-0.30517578125,-0.76904296875,-0.1220703125,-0.7568359375,-0.20751953125,-0.23193359375,0.01220703125,2.84423828125,-0.18310546875,4.6875,0.01220703125,1.904296875,-0.146484375,4.47998046875,0.09765625,0.37841796875,0.01220703125,0.06103515625,-0.0732421875,0.01220703125,-0.18310546875,0.20751953125,-0.28076171875,-0.048828125,-0.01220703125,0.8056640625,-0.01220703125,-0.50048828125,-0.048828125,-0.52490234375
1,-0.1953125,-0.40283203125,0.0732421875,-0.37841796875,-0.1220703125,-0.4150390625,-0.03662109375,-0.06103515625,0.0244140625,-0.0244140625,-0.03662109375,-0.8544921875,0,1.0986328125,-0.06103515625,-0.146484375,0.0732421875,-0.57373046875,-0.18310546875,-0.1708984375,0.18310546875,0.9033203125,-0.37841796875,-0.57373046875,-0.08544921875,-0.244140625,0,-0.732421875,0.23193359375,1.01318359375,0.29296875,0.20751953125,-0.2197265625,-0.29296875,0.01220703125,-0.93994140625,-0.1708984375,-0.5126953125,0.1220703125,-0.79345703125,0.146484375,-0.28076171875,-0.10986328125,-0.68359375,-0.25634765625,-0.42724609375,-0.23193359375,0.57373046875,-0.0732421875,1.13525390625,-0.5859375,0.439453125,0.59814453125,-0.1953125,-0.2685546875,0.68359375,-0.18310546875,1.03759765625,-0.10986328125,0.634765625,0.10986328125,1.904296875,-0.4638671875,0.732421875,-0.09765625,1.07421875,0.03662109375,1.01318359375,0.06103515625,0.2197265625,0,0.1953125,-0.146484375,0.1953125,0.3173828125,0.78125,0.048828125,0.0244140625,-0.0732421875,1.28173828125,0.0732421875,-0.9521484375,-0.03662109375,-0.390625,-0.1953125,-0.98876953125,-0.1953125,-0.76904296875,0.0732421875,1.171875,-0.0244140625,1.1474609375,0.1220703125,1.3427734375,-0.03662109375,0.69580078125,0.0244140625,-0.830078125,-0.2685546875,-0.78125,-0.1220703125,-0.74462890625,-0.20751953125,-0.23193359375,0.03662109375,2.30712890625,-0.1220703125,3.79638671875,0,1.513671875,-0.13427734375,3.89404296875,0.08544921875,0.390625,0.0244140625,0.06103515625,-0.048828125,-0.01220703125,-0.1953125,0.1953125,-0.29296875,-0.0732421875,-0.0244140625,0.8056640625,0,-0.5126953125,-0.06103515625,-0.52490234375
1,-0.2197265625,-0.37841796875,0.0732421875,-0.37841796875,-0.1220703125,-0.40283203125,-0.06103515625,-0.0732421875,0.03662109375,-0.0244140625,-0.0244140625,-0.86669921875,0,1.11083984375,-0.08544921875,-0.146484375,0.0732421875,-0.5615234375,-0.244140625,-0.1708984375,0.10986328125,0.89111328125,-0.45166015625,-0.57373046875,0.01220703125,-0.37841796875,0.08544921875,-0.76904296875,0.25634765625,0.96435546875,0.37841796875,0.1708984375,-0.23193359375,-0.28076171875,-0.03662109375,-0.927734375,-0.23193359375,-0.50048828125,0.09765625,-0.76904296875,0.15869140625,-0.25634765625,-0.0732421875,-0.6591796875,-0.25634765625,-0.40283203125,-0.2685546875,0.5859375,-0.08544921875,1.15966796875,-0.537109375,0.439453125,0.59814453125,-0.1953125,-0.15869140625,0.68359375,-0.13427734375,1.5380859375,-0.09765625,0.96435546875,0.09765625,2.5634765625,-0.47607421875,1.220703125,-0.09765625,1.03759765625,0.13427734375,0.9765625,0.0244140625,0.20751953125,0.03662109375,0.1708984375,-0.08544921875,0.20751953125,0.3173828125,0.79345703125,0.01220703125,-0.01220703125,-0.10986328125,1.26953125,0.0244140625,-0.9521484375,-0.09765625,-0.4150390625,-0.1220703125,-1.0009765625,-0.15869140625,-0.78125,0.0244140625,0.01220703125,-0.0244140625,0.50048828125,0.09765625,0.67138671875,-0.1220703125,-0.1220703125,0,-0.830078125,-0.244140625,-0.78125,-0.10986328125,-0.74462890625,-0.146484375,-0.2197265625,0.048828125,1.62353515625,-0.146484375,2.63671875,-0.01220703125,1.0009765625,-0.13427734375,3.18603515625,0.0732421875,0.40283203125,0.0244140625,0.0244140625,-0.06103515625,-0.0244140625,-0.1708984375,0.20751953125,-0.30517578125,-0.10986328125,-0.0244140625,0.79345703125,0,-0.5126953125,-0.0732421875,-0.537109375
1,-0.2197265625,-0.3662109375,0.0732421875,-0.3662109375,-0.13427734375,-0.4150390625,-0.08544921875,-0.08544921875,0.0244140625,-0.03662109375,-0.03662109375,-0.87890625,0.01220703125,1.13525390625,-0.09765625,-0.146484375,0.03662109375,-0.5859375,-0.244140625,-0.1708984375,0,0.89111328125,-0.439453125,-0.5615234375,-0.048828125,-0.50048828125,0.0244140625,-0.830078125,0.2197265625,0.89111328125,0.2685546875,0.10986328125,-0.244140625,-0.25634765625,-0.1220703125,-0.91552734375,-0.244140625,-0.47607421875,0.06103515625,-0.76904296875,0.10986328125,-0.2197265625,0,-0.6591796875,-0.28076171875,-0.4150390625,-0.30517578125,0.59814453125,-0.08544921875,1.18408203125,-0.390625,0.45166015625,0.57373046875,-0.2197265625,0.01220703125,0.68359375,-0.08544921875,2.06298828125,-0.146484375,1.3427734375,0.20751953125,3.30810546875,-0.47607421875,1.7333984375,-0.09765625,1.0009765625,0.1953125,1.0009765625,0.03662109375,0.18310546875,0.10986328125,0.18310546875,0,0.20751953125,0.29296875,0.79345703125,-0.01220703125,-0.01220703125,-0.1220703125,1.28173828125,-0.01220703125,-0.9521484375,-0.13427734375,-0.40283203125,-0.01220703125,-0.98876953125,-0.13427734375,-0.8056640625,-0.06103515625,-0.9765625,0,0,0.048828125,0.0732421875,-0.1953125,-0.81787109375,-0.06103515625,-0.84228515625,-0.244140625,-0.78125,-0.0732421875,-0.74462890625,-0.09765625,-0.244140625,0.048828125,0.927734375,-0.15869140625,1.33056640625,-0.03662109375,0.42724609375,-0.10986328125,2.45361328125,0.0732421875,0.390625,0,0.01220703125,-0.06103515625,-0.048828125,-0.18310546875,0.2197265625,-0.30517578125,-0.10986328125,-0.01220703125,0.79345703125,0,-0.5126953125,-0.08544921875,-0.537109375
1,-0.1953125,-0.3662109375,0.048828125,-0.3662109375,-0.15869140625,-0.439453125,-0.10986328125,-0.09765625,0.01220703125,-0.03662109375,-0.03662109375,-0.89111328125,-0.03662109375,1.123046875,-0.0732421875,-0.146484375,-0.0244140625,-0.59814453125,-0.23193359375,-0.18310546875,-0.1220703125,0.86669921875,-0.390625,-0.57373046875,-0.20751953125,-0.5859375,0.03662109375,-0.8544921875,0.1708984375,0.830078125,0.18310546875,0.0732421875,-0.2197265625,-0.28076171875,-0.2685546875,-0.89111328125,-0.244140625,-0.45166015625,0.06103515625,-0.7568359375,0.09765625,-0.1953125,0.09765625,-0.6591796875,-0.29296875,-0.40283203125,-0.341796875,0.62255859375,-0.1220703125,1.20849609375,-0.29296875,0.45166015625,0.6103515625,-0.23193359375,0.13427734375,0.69580078125,-0.01220703125,2.57568359375,-0.1953125,1.72119140625,0.18310546875,4.0771484375,-0.45166015625,2.25830078125,-0.08544921875,0.93994140625,0.244140625,0.98876953125,0.03662109375,0.1953125,0.1220703125,0.18310546875,0.08544921875,0.23193359375,0.23193359375,0.7568359375,-0.10986328125,-0.0244140625,-0.10986328125,1.2939453125,0,-0.96435546875,-0.146484375,-0.4150390625,0.03662109375,-1.0009765625,-0.146484375,-0.8056640625,-0.18310546875,-1.72119140625,0.06103515625,-0.42724609375,0,-0.40283203125,-0.23193359375,-1.35498046875,-0.10986328125,-0.86669921875,-0.20751953125,-0.79345703125,-0.01220703125,-0.74462890625,-0.03662109375,-0.244140625,-0.0244140625,0.29296875,-0.23193359375,0.1220703125,-0.08544921875,-0.0732421875,-0.10986328125,1.77001953125,0.06103515625,0.37841796875,-0.01220703125,0,-0.06103515625,-0.06103515625,-0.146484375,0.2197265625,-0.29296875,-0.1220703125,-0.0244140625,0.76904296875,-0.01220703125,-0.50048828125,-0.09765625,-0.52490234375
0,-0.15869140625,-0.3662109375,0.03662109375,-0.35400390625,-0.1708984375,-0.439453125,-0.10986328125,-0.08544921875,0.048828125,-0.03662109375,-0.048828125,-0.86669921875,-0.01220703125,1.13525390625,-0.09765625,-0.146484375,-0.1220703125,-0.5859375,-0.1953125,-0.18310546875,-0.1953125,0.86669921875,-0.29296875,-0.5615234375,-0.23193359375,-0.59814453125,0.08544921875,-0.84228515625,0.18310546875,0.830078125,0.09765625,0.1220703125,-0.2197265625,-0.25634765625,-0.42724609375,-0.84228515625,-0.2197265625,-0.42724609375,-0.01220703125,-0.76904296875,0.08544921875,-0.18310546875,0.13427734375,-0.67138671875,-0.3173828125,-0.390625,-0.32958984375,0.62255859375,-0.1708984375,1.18408203125,-0.2197265625,0.4638671875,0.62255859375,-0.2197265625,0.25634765625,0.732421875,0,3.03955078125,-0.28076171875,2.06298828125,0.1953125,4.7607421875,-0.42724609375,2.734375,-0.08544921875,0.8544921875,0.32958984375,1.0009765625,0.06103515625,0.1953125,0.10986328125,0.1708984375,0.10986328125,0.25634765625,0.13427734375,0.7568359375,-0.13427734375,-0.048828125,-0.048828125,1.30615234375,-0.03662109375,-0.98876953125,-0.13427734375,-0.37841796875,0.1220703125,-1.01318359375,-0.1953125,-0.79345703125,-0.29296875,-2.1728515625,0.06103515625,-0.67138671875,-0.08544921875,-0.7080078125,-0.2197265625,-1.69677734375,-0.15869140625,-0.86669921875,-0.18310546875,-0.78125,0.03662109375,-0.74462890625,-0.01220703125,-0.2197265625,-0.0244140625,-0.15869140625,-0.2197265625,-0.8544921875,-0.06103515625,-0.47607421875,-0.1220703125,1.2451171875,0.0732421875,0.37841796875,-0.0244140625,0,-0.048828125,-0.06103515625,-0.146484375,0.18310546875,-0.28076171875,-0.09765625,-0.048828125,0.74462890625,-0.0244140625,-0.5126953125,-0.10986328125,-0.54931640625
0,-0.15869140625,-0.390625,0.03662109375,-0.3662109375,-0.1953125,-0.4638671875,-0.1220703125,-0.0732421875,0.048828125,-0.048828125,-0.03662109375,-0.86669921875,-0.0244140625,1.123046875,-0.08544921875,-0.13427734375,-0.13427734375,-0.5615234375,-0.1708984375,-0.18310546875,-0.244140625,0.86669921875,-0.15869140625,-0.5615234375,-0.439453125,-0.5126953125,-0.0244140625,-0.78125,0.048828125,0.89111328125,-0.0244140625,0.20751953125,-0.20751953125,-0.2685546875,-0.5615234375,-0.81787109375,-0.2197265625,-0.42724609375,-0.0244140625,-0.7568359375,0.0732421875,-0.18310546875,0.13427734375,-0.6591796875,-0.30517578125,-0.390625,-0.25634765625,0.64697265625,-0.20751953125,1.1962890625,-0.1708984375,0.48828125,0.6103515625,-0.20751953125,0.341796875,0.72021484375,0.0244140625,3.40576171875,-0.30517578125,2.294921875,0.28076171875,5.38330078125,-0.37841796875,3.08837890625,-0.03662109375,0.78125,0.32958984375,1.01318359375,0.09765625,0.2197265625,0.09765625,0.18310546875,0.10986328125,0.25634765625,0.0244140625,0.72021484375,-0.146484375,-0.048828125,-0.01220703125,1.33056640625,-0.0732421875,-1.01318359375,-0.13427734375,-0.390625,0.15869140625,-1.0009765625,-0.23193359375,-0.8056640625,-0.3662109375,-2.3681640625,0.0732421875,-0.79345703125,-0.146484375,-0.86669921875,-0.1953125,-1.8798828125,-0.146484375,-0.86669921875,-0.15869140625,-0.79345703125,0.048828125,-0.732421875,0.01220703125,-0.244140625,-0.01220703125,-0.40283203125,-0.23193359375,-1.42822265625,-0.03662109375,-0.69580078125,-0.10986328125,0.96435546875,0.048828125,0.35400390625,-0.0244140625,0,-0.0732421875,-0.0732421875,-0.1220703125,0.18310546875,-0.29296875,-0.0732421875,-0.06103515625,0.732421875,-0.03662109375,-0.5126953125,-0.10986328125,-0.54931640625
0,-0.15869140625,-0.37841796875,0.0244140625,-0.35400390625,-0.2197265625,-0.45166015625,-0.10986328125,-0.06103515625,0.06103515625,-0.06103515625,-0.03662109375,-0.87890625,-0.0244140625,1.11083984375,-0.0732421875,-0.15869140625,-0.146484375,-0.52490234375,-0.13427734375,-0.18310546875,-0.146484375,0.8544921875,-0.09765625,-0.57373046875,-0.5126953125,-0.32958984375,-0.08544921875,-0.67138671875,-0.01220703125,1.03759765625,-0.08544921875,0.3662109375,-0.2197265625,-0.29296875,-0.7080078125,-0.81787109375,-0.2197265625,-0.40283203125,-0.06103515625,-0.76904296875,0.13427734375,-0.1953125,0.1220703125,-0.64697265625,-0.2685546875,-0.37841796875,-0.20751953125,0.64697265625,-0.2197265625,1.18408203125,-0.1220703125,0.48828125,0.634765625,-0.1708984375,0.42724609375,0.732421875,0.048828125,3.6376953125,-0.28076171875,2.4658203125,0.3662109375,5.82275390625,-0.28076171875,3.30810546875,-0.01220703125,0.7080078125,0.32958984375,1.03759765625,0.13427734375,0.20751953125,0.048828125,0.18310546875,0.08544921875,0.2685546875,-0.03662109375,0.69580078125,-0.18310546875,-0.048828125,0.0244140625,1.33056640625,-0.0732421875,-1.01318359375,-0.0732421875,-0.390625,0.1220703125,-1.0009765625,-0.23193359375,-0.8056640625,-0.42724609375,-2.34375,0.06103515625,-0.79345703125,-0.2197265625,-0.86669921875,-0.15869140625,-1.91650390625,-0.10986328125,-0.87890625,-0.1953125,-0.79345703125,0.0732421875,-0.732421875,0.0244140625,-0.2197265625,0,-0.35400390625,-0.30517578125,-1.513671875,-0.08544921875,-0.68359375,-0.15869140625,0.96435546875,0.06103515625,0.35400390625,-0.03662109375,0.01220703125,-0.06103515625,-0.08544921875,-0.09765625,0.18310546875,-0.28076171875,-0.048828125,-0.0732421875,0.72021484375,-0.03662109375,-0.52490234375,-0.1220703125,-0.54931640625
0,-0.1708984375,-0.37841796875,0.0244140625,-0.37841796875,-0.23193359375,-0.4638671875,-0.1220703125,-0.08544921875,0.08544921875,-0.06103515625,-0.03662109375,-0.86669921875,-0.048828125,1.0986328125,-0.0732421875,-0.1708984375,-0.09765625,-0.54931640625,-0.09765625,-0.18310546875,-0.08544921875,0.86669921875,-0.08544921875,-0.57373046875,-0.4638671875,-0.1220703125,-0.13427734375,-0.537109375,-0.03662109375,1.2451171875,-0.0732421875,0.54931640625,-0.244140625,-0.341796875,-0.76904296875,-0.830078125,-0.2197265625,-0.439453125,-0.08544921875,-0.7568359375,0.244140625,-0.20751953125,0.01220703125,-0.67138671875,-0.25634765625,-0.37841796875,-0.1708984375,0.634765625,-0.13427734375,1.15966796875,-0.13427734375,0.48828125,0.59814453125,-0.15869140625,0.4150390625,0.732421875,0.0244140625,3.7109375,-0.2685546875,2.5146484375,0.3662109375,6.0791015625,-0.1953125,3.369140625,0.06103515625,0.57373046875,0.28076171875,1.03759765625,0.1708984375,0.2197265625,0.01220703125,0.1953125,0,0.2685546875,-0.08544921875,0.7080078125,-0.146484375,-0.048828125,0.0244140625,1.33056640625,-0.03662109375,-1.01318359375,-0.03662109375,-0.37841796875,0.0732421875,-0.98876953125,-0.23193359375,-0.8056640625,-0.5126953125,-2.197265625,0.03662109375,-0.72021484375,-0.2685546875,-0.81787109375,-0.10986328125,-1.8310546875,-0.03662109375,-0.86669921875,-0.1953125,-0.79345703125,0.08544921875,-0.732421875,0.048828125,-0.2197265625,0.048828125,0,-0.244140625,-1.0498046875,-0.0732421875,-0.42724609375,-0.13427734375,1.318359375,0.08544921875,0.35400390625,-0.06103515625,0.01220703125,-0.06103515625,-0.1220703125,-0.06103515625,0.18310546875,-0.28076171875,-0.01220703125,-0.06103515625,0.732421875,-0.06103515625,-0.54931640625,-0.10986328125,-0.537109375
0,-0.146484375,-0.37841796875,0,-0.390625,-0.1953125,-0.439453125,-0.1220703125,-0.0732421875,0.08544921875,-0.03662109375,-0.01220703125,-0.87890625,-0.06103515625,1.11083984375,-0.08544921875,-0.1708984375,-0.03662109375,-0.52490234375,-0.06103515625,-0.18310546875,0.08544921875,0.86669921875,-0.13427734375,-0.5615234375,-0.5615234375,0.10986328125,-0.2197265625,-0.3662109375,-0.15869140625,1.513671875,-0.1220703125,0.76904296875,-0.244140625,-0.37841796875,-0.732421875,-0.830078125,-0.1953125,-0.4638671875,-0.048828125,-0.76904296875,0.29296875,-0.23193359375,-0.0732421875,-0.6591796875,-0.2197265625,-0.37841796875,-0.13427734375,0.634765625,-0.06103515625,1.13525390625,-0.1220703125,0.50048828125,0.5126953125,-0.13427734375,0.37841796875,0.72021484375,-0.01220703125,3.6376953125,-0.25634765625,2.4658203125,0.30517578125,6.103515625,-0.08544921875,3.28369140625,0.1220703125,0.4638671875,0.1953125,1.03759765625,0.18310546875,0.20751953125,-0.048828125,0.20751953125,-0.0244140625,0.244140625,-0.1220703125,0.72021484375,-0.09765625,-0.01220703125,0,1.33056640625,0,-1.0009765625,0.06103515625,-0.4150390625,-0.03662109375,-1.0009765625,-0.20751953125,-0.8056640625,-0.42724609375,-1.953125,0.0732421875,-0.5859375,-0.1953125,-0.7080078125,-0.03662109375,-1.708984375,0.01220703125,-0.86669921875,-0.1708984375,-0.78125,0.08544921875,-0.74462890625,0,-0.2197265625,0.09765625,0.57373046875,-0.2197265625,-0.1220703125,-0.0732421875,0.03662109375,-0.13427734375,1.91650390625,0.08544921875,0.341796875,-0.06103515625,0.03662109375,-0.06103515625,-0.10986328125,-0.0732421875,0.1953125,-0.30517578125,0,-0.0732421875,0.72021484375,-0.06103515625,-0.54931640625,-0.1220703125,-0.54931640625
0,-0.10986328125,-0.3662109375,0.01220703125,-0.390625,-0.20751953125,-0.42724609375,-0.13427734375,-0.06103515625,0.1220703125,-0.048828125,-0.03662109375,-0.87890625,-0.08544921875,1.11083984375,-0.09765625,-0.18310546875,0,-0.537109375,-0.06103515625,-0.18310546875,0.20751953125,0.87890625,-0.23193359375,-0.57373046875,-0.54931640625,0.3173828125,-0.20751953125,-0.1708984375,-0.1708984375,1.7822265625,-0.06103515625,0.96435546875,-0.2685546875,-0.37841796875,-0.68359375,-0.8544921875,-0.244140625,-0.48828125,-0.0244140625,-0.78125,0.341796875,-0.25634765625,-0.13427734375,-0.67138671875,-0.1953125,-0.390625,-0.10986328125,0.62255859375,0.0244140625,1.123046875,-0.146484375,0.50048828125,0.48828125,-0.1220703125,0.29296875,0.72021484375,-0.06103515625,3.43017578125,-0.20751953125,2.33154296875,0.25634765625,5.92041015625,0,3.08837890625,0.15869140625,0.341796875,0.09765625,1.03759765625,0.18310546875,0.2197265625,-0.1220703125,0.1953125,-0.0732421875,0.244140625,-0.146484375,0.74462890625,-0.06103515625,0.01220703125,-0.03662109375,1.33056640625,0.0732421875,-1.0009765625,0.13427734375,-0.390625,-0.15869140625,-1.025390625,-0.18310546875,-0.81787109375,-0.28076171875,-1.74560546875,0.10986328125,-0.45166015625,-0.13427734375,-0.6103515625,0.03662109375,-1.5625,0.03662109375,-0.87890625,-0.1220703125,-0.79345703125,0.0732421875,-0.74462890625,-0.01220703125,-0.2197265625,0.09765625,1.35498046875,-0.23193359375,1.2451171875,-0.09765625,0.6591796875,-0.15869140625,2.69775390625,0.1220703125,0.35400390625,-0.08544921875,0.03662109375,-0.06103515625,-0.08544921875,-0.09765625,0.18310546875,-0.30517578125,0,-0.06103515625,0.74462890625,-0.06103515625,-0.537109375,-0.146484375,-0.54931640625
0,-0.09765625,-0.35400390625,0,-0.37841796875,-0.20751953125,-0.40283203125,-0.1708984375,-0.0732421875,0.146484375,-0.0244140625,-0.048828125,-0.87890625,-0.08544921875,1.11083984375,-0.13427734375,-0.18310546875,0.06103515625,-0.537109375,-0.048828125,-0.146484375,0.29296875,0.87890625,-0.2685546875,-0.57373046875,-0.5126953125,0.48828125,-0.146484375,-0.01220703125,-0.18310546875,1.98974609375,0.01220703125,1.11083984375,-0.3173828125,-0.390625,-0.5859375,-0.86669921875,-0.28076171875,-0.48828125,0.03662109375,-0.7568359375,0.32958984375,-0.23193359375,-0.18310546875,-0.67138671875,-0.146484375,-0.40283203125,-0.09765625,0.634765625,0.10986328125,1.11083984375,-0.1708984375,0.47607421875,0.42724609375,-0.1220703125,0.25634765625,0.69580078125,-0.08544921875,3.173828125,-0.23193359375,2.1484375,0.2197265625,5.56640625,0.0244140625,2.8076171875,0.18310546875,0.244140625,0.01220703125,1.01318359375,0.15869140625,0.18310546875,-0.18310546875,0.18310546875,-0.15869140625,0.20751953125,-0.146484375,0.78125,0,0,-0.06103515625,1.30615234375,0.13427734375,-0.98876953125,0.1708984375,-0.390625,-0.3173828125,-1.03759765625,-0.1220703125,-0.8056640625,-0.1708984375,-1.611328125,0.146484375,-0.32958984375,-0.0732421875,-0.5126953125,0.03662109375,-1.45263671875,0.03662109375,-0.87890625,-0.048828125,-0.79345703125,0.048828125,-0.72021484375,-0.06103515625,-0.23193359375,0.09765625,2.23388671875,-0.1708984375,2.8076171875,-0.09765625,1.3671875,-0.18310546875,3.662109375,0.146484375,0.35400390625,-0.048828125,0.03662109375,-0.06103515625,-0.0732421875,-0.10986328125,0.18310546875,-0.30517578125,-0.0244140625,-0.03662109375,0.72021484375,-0.09765625,-0.54931640625,-0.1220703125,-0.57373046875
0,-0.10986328125,-0.3662109375,0,-0.3662109375,-0.20751953125,-0.4150390625,-0.1953125,-0.06103515625,0.15869140625,0,-0.03662109375,-0.87890625,-0.08544921875,1.1474609375,-0.146484375,-0.18310546875,0.13427734375,-0.537109375,-0.0244140625,-0.13427734375,0.35400390625,0.9033203125,-0.29296875,-0.57373046875,-0.439453125,0.5615234375,-0.08544921875,0.06103515625,-0.15869140625,2.1240234375,0.048828125,1.18408203125,-0.341796875,-0.35400390625,-0.54931640625,-0.89111328125,-0.3173828125,-0.48828125,0.10986328125,-0.7568359375,0.29296875,-0.23193359375,-0.2197265625,-0.67138671875,-0.1220703125,-0.42724609375,-0.08544921875,0.64697265625,0.18310546875,1.0986328125,-0.28076171875,0.45166015625,0.40283203125,-0.10986328125,0.18310546875,0.7080078125,-0.13427734375,2.880859375,-0.1708984375,1.9287109375,0.25634765625,5.11474609375,0.09765625,2.5146484375,0.1708984375,0.1708984375,-0.0732421875,0.98876953125,0.13427734375,0.1953125,-0.1953125,0.20751953125,-0.18310546875,0.20751953125,-0.146484375,0.79345703125,0.0244140625,0,-0.0732421875,1.318359375,0.15869140625,-0.9765625,0.1708984375,-0.37841796875,-0.4150390625,-1.06201171875,-0.0732421875,-0.78125,-0.06103515625,-1.5869140625,0.146484375,-0.2685546875,0,-0.4638671875,0.048828125,-1.40380859375,-0.01220703125,-0.86669921875,0,-0.79345703125,0,-0.732421875,-0.1220703125,-0.23193359375,0.08544921875,3.16162109375,-0.09765625,4.4921875,-0.08544921875,2.1484375,-0.18310546875,4.62646484375,0.1220703125,0.35400390625,-0.06103515625,0.048828125,-0.06103515625,-0.06103515625,-0.10986328125,0.18310546875,-0.30517578125,-0.06103515625,-0.0244140625,0.74462890625,-0.10986328125,-0.52490234375,-0.10986328125,-0.57373046875
0,-0.0732421875,-0.35400390625,0.01220703125,-0.35400390625,-0.20751953125,-0.4150390625,-0.1708984375,-0.06103515625,0.1708984375,0,-0.048828125,-0.86669921875,-0.09765625,1.13525390625,-0.15869140625,-0.146484375,0.18310546875,-0.5615234375,-0.06103515625,-0.13427734375,0.3173828125,0.89111328125,-0.28076171875,-0.5859375,-0.40283203125,0.5615234375,-0.03662109375,0.08544921875,-0.06103515625,2.1728515625,0.08544921875,1.1962890625,-0.35400390625,-0.3662109375,-0.45166015625,-0.86669921875,-0.35400390625,-0.50048828125,0.1220703125,-0.76904296875,0.2197265625,-0.2197265625,-0.20751953125,-0.67138671875,-0.13427734375,-0.42724609375,-0.08544921875,0.62255859375,0.23193359375,1.123046875,-0.341796875,0.45166015625,0.341796875,-0.13427734375,0.01220703125,0.69580078125,-0.146484375,2.62451171875,-0.13427734375,1.72119140625,0.341796875,4.62646484375,0.10986328125,2.24609375,0.15869140625,0.146484375,-0.1220703125,0.98876953125,0.0732421875,0.1708984375,-0.244140625,0.20751953125,-0.2197265625,0.20751953125,-0.13427734375,0.8056640625,0.03662109375,-0.01220703125,-0.0732421875,1.30615234375,0.15869140625,-0.9521484375,0.20751953125,-0.3662109375,-0.47607421875,-1.06201171875,-0.03662109375,-0.78125,0.01220703125,-1.6357421875,0.1708984375,-0.28076171875,0.03662109375,-0.50048828125,0.03662109375,-1.3916015625,-0.06103515625,-0.86669921875,0.03662109375,-0.78125,-0.0732421875,-0.732421875,-0.146484375,-0.23193359375,-0.01220703125,4.01611328125,-0.10986328125,6.0791015625,-0.10986328125,2.86865234375,-0.18310546875,5.55419921875,0.10986328125,0.3662109375,-0.0244140625,0.0244140625,-0.0732421875,-0.048828125,-0.1220703125,0.1953125,-0.3173828125,-0.08544921875,-0.03662109375,0.732421875,-0.10986328125,-0.537109375,-0.09765625,-0.5615234375
0,-0.08544921875,-0.35400390625,0,-0.341796875,-0.20751953125,-0.4150390625,-0.18310546875,-0.048828125,0.18310546875,-0.01220703125,-0.0244140625,-0.87890625,-0.09765625,1.1474609375,-0.18310546875,-0.15869140625,0.1953125,-0.5615234375,-0.03662109375,-0.146484375,0.20751953125,0.87890625,-0.2197265625,-0.5859375,-0.37841796875,0.45166015625,0.01220703125,0.03662109375,0.0244140625,2.1240234375,0.0732421875,1.15966796875,-0.3173828125,-0.35400390625,-0.32958984375,-0.89111328125,-0.390625,-0.47607421875,0.09765625,-0.76904296875,0.09765625,-0.2197265625,-0.1220703125,-0.67138671875,-0.1220703125,-0.45166015625,-0.048828125,0.634765625,0.244140625,1.123046875,-0.439453125,0.45166015625,0.25634765625,-0.1708984375,-0.1708984375,0.69580078125,-0.13427734375,2.40478515625,-0.10986328125,1.52587890625,0.42724609375,4.13818359375,0.1708984375,2.03857421875,0.1708984375,0.1220703125,-0.23193359375,0.98876953125,0.0244140625,0.18310546875,-0.23193359375,0.20751953125,-0.25634765625,0.2197265625,-0.13427734375,0.84228515625,0.06103515625,-0.01220703125,-0.06103515625,1.30615234375,0.13427734375,-0.9521484375,0.23193359375,-0.3662109375,-0.48828125,-1.0498046875,-0.03662109375,-0.78125,0.048828125,-1.7578125,0.18310546875,-0.35400390625,0.0732421875,-0.50048828125,0.048828125,-1.42822265625,-0.09765625,-0.8544921875,0.048828125,-0.8056640625,-0.146484375,-0.732421875,-0.15869140625,-0.2197265625,-0.01220703125,4.77294921875,-0.13427734375,7.48291015625,-0.13427734375,3.4912109375,-0.1953125,6.35986328125,0.0732421875,0.35400390625,-0.01220703125,0.03662109375,-0.06103515625,-0.06103515625,-0.09765625,0.1953125,-0.3173828125,-0.1220703125,-0.048828125,0.74462890625,-0.09765625,-0.52490234375,-0.09765625,-0.57373046875
0,-0.09765625,-0.35400390625,0,-0.3173828125,-0.18310546875,-0.40283203125,-0.2197265625,-0.08544921875,0.1708984375,-0.01220703125,-0.048828125,-0.87890625,-0.09765625,1.1474609375,-0.20751953125,-0.146484375,0.18310546875,-0.57373046875,-0.0244140625,-0.146484375,0.09765625,0.87890625,-0.15869140625,-0.59814453125,-0.28076171875,0.28076171875,0.09765625,-0.03662109375,0.18310546875,2.01416015625,0.06103515625,1.07421875,-0.23193359375,-0.35400390625,-0.244140625,-0.87890625,-0.37841796875,-0.4638671875,0.0732421875,-0.74462890625,0.0244140625,-0.20751953125,-0.09765625,-0.64697265625,-0.18310546875,-0.439453125,-0.0732421875,0.62255859375,0.244140625,1.1474609375,-0.50048828125,0.45166015625,0.2685546875,-0.1953125,-0.30517578125,0.7080078125,-0.0732421875,2.2705078125,-0.08544921875,1.416015625,0.4150390625,3.759765625,0.1708984375,1.904296875,0.1220703125,0.146484375,-0.28076171875,0.9765625,0.01220703125,0.18310546875,-0.244140625,0.20751953125,-0.3173828125,0.23193359375,-0.09765625,0.86669921875,0.08544921875,-0.03662109375,-0.06103515625,1.2939453125,0.09765625,-0.9521484375,0.2197265625,-0.3662109375,-0.4150390625,-1.0498046875,-0.0732421875,-0.76904296875,0.146484375,-1.89208984375,0.244140625,-0.40283203125,0.048828125,-0.5615234375,0.03662109375,-1.46484375,-0.146484375,-0.8544921875,0.01220703125,-0.78125,-0.20751953125,-0.72021484375,-0.13427734375,-0.23193359375,-0.03662109375,5.3466796875,-0.1953125,8.58154296875,-0.146484375,3.955078125,-0.1708984375,6.982421875,0.06103515625,0.3662109375,-0.0244140625,0.0244140625,-0.06103515625,-0.048828125,-0.09765625,0.1953125,-0.3173828125,-0.1220703125,-0.0732421875,0.72021484375,-0.09765625,-0.5126953125,-0.0732421875,-0.5859375
0,-0.09765625,-0.3662109375,0.0244140625,-0.3173828125,-0.18310546875,-0.390625,-0.2197265625,-0.0732421875,0.15869140625,-0.01220703125,-0.03662109375,-0.89111328125,-0.08544921875,1.1474609375,-0.23193359375,-0.146484375,0.09765625,-0.59814453125,-0.048828125,-0.15869140625,-0.08544921875,0.86669921875,-0.1220703125,-0.57373046875,-0.2197265625,0.09765625,0.18310546875,-0.146484375,0.28076171875,1.89208984375,0.048828125,0.96435546875,-0.15869140625,-0.3173828125,-0.1708984375,-0.8544921875,-0.341796875,-0.4638671875,-0.01220703125,-0.74462890625,-0.0732421875,-0.1953125,0.01220703125,-0.64697265625,-0.2685546875,-0.45166015625,-0.06103515625,0.634765625,0.20751953125,1.15966796875,-0.50048828125,0.48828125,0.20751953125,-0.20751953125,-0.47607421875,0.7080078125,0,2.197265625,-0.09765625,1.33056640625,0.37841796875,3.466796875,0.18310546875,1.81884765625,0.0732421875,0.20751953125,-0.3173828125,1.0009765625,-0.0244140625,0.15869140625,-0.2197265625,0.1953125,-0.37841796875,0.244140625,-0.0732421875,0.8544921875,0.09765625,-0.048828125,0.01220703125,1.30615234375,0.0732421875,-0.96435546875,0.18310546875,-0.35400390625,-0.32958984375,-1.01318359375,-0.1220703125,-0.78125,0.146484375,-2.001953125,0.25634765625,-0.47607421875,-0.0244140625,-0.5859375,-0.01220703125,-1.50146484375,-0.1220703125,-0.84228515625,0.01220703125,-0.79345703125,-0.244140625,-0.72021484375,-0.0732421875,-0.23193359375,-0.01220703125,5.712890625,-0.25634765625,9.326171875,-0.146484375,4.296875,-0.1220703125,7.40966796875,0.0732421875,0.35400390625,-0.01220703125,-0.01220703125,-0.0732421875,-0.03662109375,-0.08544921875,0.1953125,-0.28076171875,-0.08544921875,-0.09765625,0.72021484375,-0.0732421875,-0.5126953125,-0.06103515625,-0.57373046875
0,-0.09765625,-0.3662109375,0.01220703125,-0.341796875,-0.20751953125,-0.40283203125,-0.244140625,-0.0732421875,0.1953125,-0.01220703125,-0.0244140625,-0.9033203125,-0.0732421875,1.15966796875,-0.23193359375,-0.13427734375,0.03662109375,-0.59814453125,-0.08544921875,-0.146484375,-0.15869140625,0.87890625,-0.10986328125,-0.57373046875,-0.10986328125,-0.06103515625,0.20751953125,-0.2685546875,0.32958984375,1.7333984375,0.06103515625,0.830078125,-0.0732421875,-0.3173828125,-0.146484375,-0.8544921875,-0.35400390625,-0.45166015625,-0.0732421875,-0.7568359375,-0.09765625,-0.18310546875,-0.01220703125,-0.64697265625,-0.35400390625,-0.42724609375,-0.0244140625,0.62255859375,0.13427734375,1.15966796875,-0.4638671875,0.4638671875,0.25634765625,-0.23193359375,-0.6103515625,0.732421875,0.06103515625,2.197265625,-0.146484375,1.33056640625,0.341796875,3.3203125,0.18310546875,1.81884765625,0.06103515625,0.25634765625,-0.3662109375,0.98876953125,-0.03662109375,0.15869140625,-0.1953125,0.18310546875,-0.42724609375,0.2685546875,-0.08544921875,0.8544921875,0.09765625,-0.048828125,0.08544921875,1.33056640625,0.0244140625,-0.9765625,0.1708984375,-0.35400390625,-0.20751953125,-1.01318359375,-0.1708984375,-0.76904296875,0.0732421875,-2.08740234375,0.2197265625,-0.5126953125,-0.1220703125,-0.5859375,-0.01220703125,-1.50146484375,-0.1220703125,-0.81787109375,0,-0.79345703125,-0.244140625,-0.72021484375,-0.0244140625,-0.2197265625,-0.0244140625,5.908203125,-0.341796875,9.68017578125,-0.13427734375,4.43115234375,-0.06103515625,7.60498046875,0.09765625,0.3662109375,0,-0.0244140625,-0.06103515625,-0.03662109375,-0.0732421875,0.18310546875,-0.28076171875,-0.03662109375,-0.09765625,0.732421875,-0.048828125,-0.537109375,-0.0732421875,-0.5859375
1,-0.09765625,-0.37841796875,0.0244140625,-0.341796875,-0.2197265625,-0.40283203125,-0.2685546875,-0.09765625,0.18310546875,-0.048828125,-0.03662109375,-0.89111328125,-0.06103515625,1.1474609375,-0.25634765625,-0.146484375,0,-0.59814453125,-0.15869140625,-0.15869140625,-0.13427734375,0.8544921875,-0.13427734375,-0.57373046875,0,-0.2197265625,0.1708984375,-0.35400390625,0.32958984375,1.59912109375,0.10986328125,0.732421875,-0.048828125,-0.32958984375,-0.15869140625,-0.830078125,-0.32958984375,-0.4638671875,-0.18310546875,-0.76904296875,-0.03662109375,-0.18310546875,-0.0732421875,-0.62255859375,-0.4150390625,-0.439453125,-0.03662109375,0.62255859375,0.08544921875,1.15966796875,-0.439453125,0.48828125,0.29296875,-0.20751953125,-0.8056640625,0.732421875,0.1220703125,2.18505859375,-0.146484375,1.33056640625,0.29296875,3.25927734375,0.15869140625,1.8310546875,-0.01220703125,0.2685546875,-0.35400390625,1.0009765625,-0.0244140625,0.18310546875,-0.18310546875,0.1708984375,-0.4150390625,0.28076171875,-0.08544921875,0.8544921875,0.06103515625,-0.03662109375,0.18310546875,1.30615234375,-0.0244140625,-0.98876953125,0.1220703125,-0.37841796875,-0.08544921875,-1.01318359375,-0.244140625,-0.76904296875,0.01220703125,-2.06298828125,0.18310546875,-0.5126953125,-0.1708984375,-0.5615234375,0.03662109375,-1.46484375,-0.13427734375,-0.79345703125,0,-0.78125,-0.2197265625,-0.72021484375,0.01220703125,-0.20751953125,-0.01220703125,5.89599609375,-0.439453125,9.716796875,-0.13427734375,4.40673828125,0,7.6171875,0.09765625,0.3662109375,0,-0.0244140625,-0.06103515625,-0.048828125,-0.06103515625,0.18310546875,-0.29296875,0.03662109375,-0.1220703125,0.76904296875,-0.048828125,-0.52490234375,-0.09765625,-0.57373046875
1,-0.10986328125,-0.37841796875,-0.0244140625,-0.341796875,-0.20751953125,-0.4150390625,-0.30517578125,-0.08544921875,0.18310546875,-0.03662109375,-0.048828125,-0.89111328125,-0.0732421875,1.123046875,-0.2685546875,-0.13427734375,0,-0.5859375,-0.244140625,-0.15869140625,-0.0732421875,0.84228515625,-0.2197265625,-0.5859375,-0.03662109375,-0.25634765625,0.06103515625,-0.390625,0.2685546875,1.47705078125,0.1220703125,0.67138671875,-0.048828125,-0.30517578125,-0.244140625,-0.84228515625,-0.341796875,-0.47607421875,-0.244140625,-0.78125,-0.0244140625,-0.2197265625,-0.0732421875,-0.634765625,-0.40283203125,-0.40283203125,-0.03662109375,0.59814453125,0.03662109375,1.171875,-0.42724609375,0.45166015625,0.35400390625,-0.2197265625,-0.89111328125,0.74462890625,0.15869140625,2.20947265625,-0.146484375,1.3671875,0.244140625,3.2470703125,0.146484375,1.84326171875,-0.03662109375,0.2685546875,-0.37841796875,1.0009765625,0.01220703125,0.1953125,-0.1708984375,0.1708984375,-0.439453125,0.2685546875,-0.0732421875,0.830078125,0.0732421875,-0.03662109375,0.244140625,1.30615234375,-0.09765625,-0.98876953125,0.09765625,-0.37841796875,-0.01220703125,-1.01318359375,-0.244140625,-0.76904296875,-0.0244140625,-1.96533203125,0.08544921875,-0.439453125,-0.20751953125,-0.5126953125,0.0244140625,-1.40380859375,-0.1220703125,-0.79345703125,-0.01220703125,-0.79345703125,-0.23193359375,-0.72021484375,0.03662109375,-0.20751953125,0.01220703125,5.70068359375,-0.5615234375,9.3994140625,-0.13427734375,4.23583984375,0.0244140625,7.38525390625,0.13427734375,0.37841796875,0.01220703125,-0.0244140625,-0.06103515625,-0.048828125,-0.0732421875,0.18310546875,-0.29296875,0.10986328125,-0.1220703125,0.76904296875,-0.048828125,-0.52490234375,-0.10986328125,-0.57373046875
1,-0.1220703125,-0.40283203125,-0.0732421875,-0.35400390625,-0.18310546875,-0.4150390625,-0.30517578125,-0.08544921875,0.2197265625,-0.03662109375,-0.048828125,-0.87890625,-0.0732421875,1.0986328125,-0.29296875,-0.10986328125,0.01220703125,-0.5615234375,-0.3173828125,-0.15869140625,0.0244140625,0.86669921875,-0.28076171875,-0.57373046875,0.048828125,-0.244140625,0,-0.40283203125,0.15869140625,1.46484375,0.18310546875,0.64697265625,-0.0732421875,-0.3173828125,-0.30517578125,-0.84228515625,-0.3173828125,-0.5126953125,-0.25634765625,-0.79345703125,0.08544921875,-0.2197265625,-0.1220703125,-0.6103515625,-0.35400390625,-0.4150390625,-0.03662109375,0.59814453125,0,1.13525390625,-0.42724609375,0.42724609375,0.439453125,-0.18310546875,-0.98876953125,0.74462890625,0.15869140625,2.13623046875,-0.1953125,1.3671875,0.1708984375,3.22265625,0.146484375,1.7822265625,-0.0732421875,0.25634765625,-0.37841796875,1.0009765625,0.03662109375,0.20751953125,-0.20751953125,0.146484375,-0.4150390625,0.244140625,-0.048828125,0.81787109375,0.1220703125,0.01220703125,0.23193359375,1.2939453125,-0.1220703125,-0.9765625,0.048828125,-0.3662109375,0.0732421875,-1.0009765625,-0.2197265625,-0.76904296875,-0.1953125,-1.79443359375,-0.0244140625,-0.3662109375,-0.2197265625,-0.45166015625,-0.03662109375,-1.33056640625,-0.18310546875,-0.79345703125,-0.06103515625,-0.8056640625,-0.1953125,-0.72021484375,0.0732421875,-0.1708984375,0.01220703125,5.3466796875,-0.634765625,8.82568359375,-0.1220703125,3.94287109375,0.048828125,7.03125,0.146484375,0.37841796875,0.0244140625,0,-0.0732421875,-0.06103515625,-0.10986328125,0.1708984375,-0.3173828125,0.20751953125,-0.09765625,0.8056640625,-0.06103515625,-0.537109375,-0.1220703125,-0.54931640625
1,-0.10986328125,-0.37841796875,-0.06103515625,-0.341796875,-0.15869140625,-0.4150390625,-0.3173828125,-0.06103515625,0.20751953125,-0.01220703125,-0.03662109375,-0.86669921875,-0.06103515625,1.07421875,-0.3173828125,-0.09765625,0.048828125,-0.5615234375,-0.32958984375,-0.146484375,0.15869140625,0.8544921875,-0.40283203125,-0.57373046875,-0.03662109375,-0.18310546875,-0.146484375,-0.3662109375,-0.0244140625,1.45263671875,0.10986328125,0.634765625,-0.15869140625,-0.3173828125,-0.40283203125,-0.86669921875,-0.3173828125,-0.5126953125,-0.23193359375,-0.79345703125,0.2197265625,-0.2197265625,-0.146484375,-0.6103515625,-0.28076171875,-0.439453125,-0.06103515625,0.5859375,0,1.123046875,-0.390625,0.40283203125,0.50048828125,-0.18310546875,-1.08642578125,0.7080078125,0.1708984375,2.03857421875,-0.20751953125,1.30615234375,0.23193359375,3.11279296875,0.146484375,1.6845703125,-0.1220703125,0.20751953125,-0.35400390625,1.01318359375,0.0732421875,0.18310546875,-0.2685546875,0.146484375,-0.3662109375,0.244140625,0.01220703125,0.79345703125,0.146484375,0,0.2197265625,1.30615234375,-0.09765625,-0.96435546875,-0.01220703125,-0.37841796875,0.146484375,-1.0009765625,-0.1708984375,-0.7568359375,-0.09765625,-1.64794921875,-0.01220703125,-0.25634765625,-0.08544921875,-0.341796875,-0.01220703125,-1.1962890625,-0.1953125,-0.8056640625,-0.048828125,-0.8056640625,-0.20751953125,-0.732421875,0.10986328125,-0.20751953125,0.01220703125,4.84619140625,-0.67138671875,8.02001953125,-0.13427734375,3.55224609375,0.06103515625,6.50634765625,0.146484375,0.3662109375,0.03662109375,0.0244140625,-0.06103515625,-0.048828125,-0.09765625,0.1953125,-0.30517578125,0.30517578125,-0.10986328125,0.79345703125,-0.048828125,-0.5126953125,-0.09765625,-0.5615234375
1,-0.09765625,-0.390625,-0.048828125,-0.35400390625,-0.1708984375,-0.40283203125,-0.32958984375,-0.06103515625,0.23193359375,0,-0.0244140625,-0.8544921875,-0.08544921875,1.07421875,-0.30517578125,-0.09765625,0.0732421875,-0.52490234375,-0.30517578125,-0.146484375,0.25634765625,0.86669921875,-0.42724609375,-0.5859375,-0.08544921875,-0.0732421875,-0.2197265625,-0.3662109375,-0.10986328125,1.45263671875,0.048828125,0.64697265625,-0.2685546875,-0.3173828125,-0.439453125,-0.87890625,-0.28076171875,-0.52490234375,-0.23193359375,-0.8056640625,0.3173828125,-0.23193359375,-0.13427734375,-0.59814453125,-0.20751953125,-0.42724609375,-0.1220703125,0.6103515625,0,1.1474609375,-0.32958984375,0.40283203125,0.54931640625,-0.146484375,-1.0986328125,0.7080078125,0.10986328125,1.86767578125,-0.2197265625,1.220703125,0.2197265625,2.89306640625,0.13427734375,1.50146484375,-0.146484375,0.18310546875,-0.37841796875,1.01318359375,0.1220703125,0.1708984375,-0.341796875,0.13427734375,-0.3173828125,0.23193359375,0.03662109375,0.7568359375,0.15869140625,0.0244140625,0.15869140625,1.2939453125,-0.06103515625,-0.9521484375,-0.06103515625,-0.3662109375,0.1953125,-1.0009765625,-0.09765625,-0.78125,-0.03662109375,-1.4892578125,-0.03662109375,-0.15869140625,0.0244140625,-0.25634765625,-0.06103515625,-1.08642578125,-0.18310546875,-0.81787109375,-0.06103515625,-0.8056640625,-0.20751953125,-0.72021484375,0.15869140625,-0.20751953125,0.01220703125,4.23583984375,-0.5859375,7.0556640625,-0.13427734375,3.06396484375,0.048828125,5.87158203125,0.10986328125,0.37841796875,0.03662109375,0.03662109375,-0.0732421875,-0.01220703125,-0.1220703125,0.1953125,-0.30517578125,0.37841796875,-0.1220703125,0.79345703125,-0.0732421875,-0.48828125,-0.10986328125,-0.57373046875
1,-0.08544921875,-0.37841796875,-0.08544921875,-0.3662109375,-0.1708984375,-0.42724609375,-0.3173828125,-0.048828125,0.244140625,0,-0.0244140625,-0.86669921875,-0.08544921875,1.08642578125,-0.32958984375,-0.08544921875,0.03662109375,-0.537109375,-0.25634765625,-0.13427734375,0.35400390625,0.87890625,-0.390625,-0.5859375,0.01220703125,0,-0.146484375,-0.3173828125,-0.10986328125,1.47705078125,0.03662109375,0.64697265625,-0.341796875,-0.23193359375,-0.47607421875,-0.89111328125,-0.2685546875,-0.50048828125,-0.20751953125,-0.8056640625,0.3662109375,-0.2197265625,-0.1220703125,-0.5615234375,-0.13427734375,-0.42724609375,-0.13427734375,0.6103515625,0,1.1474609375,-0.2685546875,0.390625,0.5859375,-0.1708984375,-1.15966796875,0.72021484375,0.0732421875,1.611328125,-0.244140625,1.06201171875,0.29296875,2.5390625,0.0732421875,1.26953125,-0.18310546875,0.1220703125,-0.341796875,1.01318359375,0.13427734375,0.15869140625,-0.37841796875,0.15869140625,-0.25634765625,0.2197265625,0.09765625,0.79345703125,0.18310546875,0.0244140625,0.13427734375,1.2939453125,0.03662109375,-0.93994140625,-0.0732421875,-0.3662109375,0.23193359375,-1.025390625,-0.01220703125,-0.78125,-0.08544921875,-1.3916015625,-0.08544921875,-0.0732421875,0.10986328125,-0.18310546875,-0.1220703125,-1.0009765625,-0.1708984375,-0.830078125,-0.0732421875,-0.8056640625,-0.1953125,-0.732421875,0.13427734375,-0.2197265625,-0.01220703125,3.5400390625,-0.537109375,5.95703125,-0.146484375,2.490234375,0.0244140625,5.1513671875,0.0732421875,0.3662109375,0.03662109375,0.06103515625,-0.06103515625,0.0244140625,-0.146484375,0.18310546875,-0.30517578125,0.4150390625,-0.09765625,0.8056640625,-0.0732421875,-0.47607421875,-0.13427734375,-0.5615234375
1,-0.0732421875,-0.3662109375,-0.06103515625,-0.3662109375,-0.1708984375,-0.4150390625,-0.3173828125,-0.06103515625,0.244140625,-0.01220703125,-0.03662109375,-0.8544921875,-0.10986328125,1.0986328125,-0.3173828125,-0.1220703125,0,-0.537109375,-0.146484375,-0.146484375,0.390625,0.86669921875,-0.30517578125,-0.57373046875,-0.0732421875,0.03662109375,-0.1953125,-0.3173828125,-0.13427734375,1.47705078125,-0.0732421875,0.634765625,-0.439453125,-0.13427734375,-0.50048828125,-0.87890625,-0.25634765625,-0.47607421875,-0.18310546875,-0.78125,0.32958984375,-0.2197265625,-0.03662109375,-0.5126953125,-0.0732421875,-0.4150390625,-0.15869140625,0.6103515625,-0.0244140625,1.15966796875,-0.2685546875,0.390625,0.57373046875,-0.1708984375,-1.123046875,0.7080078125,0.03662109375,1.3427734375,-0.25634765625,0.86669921875,0.29296875,2.05078125,-0.0244140625,0.98876953125,-0.1708984375,0.10986328125,-0.30517578125,1.025390625,0.15869140625,0.15869140625,-0.40283203125,0.15869140625,-0.25634765625,0.2197265625,0.15869140625,0.8056640625,0.1220703125,0.0244140625,0.10986328125,1.30615234375,0.146484375,-0.93994140625,-0.0732421875,-0.3662109375,0.244140625,-1.025390625,0.0244140625,-0.79345703125,0.06103515625,-1.33056640625,0.0244140625,-0.0244140625,0.25634765625,-0.10986328125,-0.10986328125,-0.93994140625,-0.1220703125,-0.84228515625,-0.08544921875,-0.81787109375,-0.1953125,-0.74462890625,0.13427734375,-0.2197265625,-0.0244140625,2.8076171875,-0.47607421875,4.7607421875,-0.1708984375,1.8798828125,-0.01220703125,4.345703125,0.0732421875,0.390625,0.048828125,0.0732421875,-0.06103515625,0.0244140625,-0.13427734375,0.1953125,-0.30517578125,0.439453125,-0.08544921875,0.8056640625,-0.09765625,-0.48828125,-0.1220703125,-0.5615234375
1,-0.06103515625,-0.37841796875,-0.06103515625,-0.390625,-0.18310546875,-0.4150390625,-0.30517578125,-0.0732421875,0.28076171875,0,-0.01220703125,-0.86669921875,-0.10986328125,1.123046875,-0.32958984375,-0.146484375,-0.0244140625,-0.54931640625,-0.048828125,-0.15869140625,0.35400390625,0.87890625,-0.18310546875,-0.5859375,-0.10986328125,0.048828125,-0.146484375,-0.3173828125,-0.06103515625,1.4404296875,-0.0732421875,0.57373046875,-0.439453125,-0.048828125,-0.5126953125,-0.87890625,-0.20751953125,-0.4638671875,-0.18310546875,-0.76904296875,0.25634765625,-0.20751953125,-0.0244140625,-0.50048828125,-0.01220703125,-0.439453125,-0.146484375,0.59814453125,-0.01220703125,1.18408203125,-0.30517578125,0.40283203125,0.6103515625,-0.15869140625,-1.0498046875,0.72021484375,0,1.03759765625,-0.32958984375,0.64697265625,0.28076171875,1.5380859375,-0.1220703125,0.7080078125,-0.13427734375,0.146484375,-0.1953125,1.025390625,0.146484375,0.15869140625,-0.40283203125,0.1953125,-0.23193359375,0.23193359375,0.18310546875,0.79345703125,0.08544921875,-0.0244140625,0.0732421875,1.318359375,0.18310546875,-0.9521484375,-0.0732421875,-0.3662109375,0.25634765625,-1.03759765625,0.01220703125,-0.79345703125,0.03662109375,-1.318359375,0.03662109375,0.01220703125,0.30517578125,-0.06103515625,-0.146484375,-0.86669921875,-0.1220703125,-0.84228515625,-0.15869140625,-0.79345703125,-0.2197265625,-0.74462890625,0.1220703125,-0.23193359375,-0.06103515625,2.05078125,-0.32958984375,3.5888671875,-0.15869140625,1.26953125,-0.03662109375,3.52783203125,0.06103515625,0.3662109375,0.0244140625,0.0732421875,-0.06103515625,0.048828125,-0.13427734375,0.1953125,-0.30517578125,0.42724609375,-0.08544921875,0.8056640625,-0.10986328125,-0.48828125,-0.146484375,-0.54931640625
1,-0.06103515625,-0.35400390625,-0.048828125,-0.37841796875,-0.18310546875,-0.42724609375,-0.3173828125,-0.08544921875,0.28076171875,0,-0.01220703125,-0.86669921875,-0.146484375,1.13525390625,-0.32958984375,-0.15869140625,-0.048828125,-0.54931640625,0.08544921875,-0.146484375,0.28076171875,0.9033203125,0,-0.57373046875,-0.13427734375,0.01220703125,-0.15869140625,-0.37841796875,0,1.35498046875,-0.10986328125,0.52490234375,-0.40283203125,0.03662109375,-0.50048828125,-0.87890625,-0.146484375,-0.47607421875,-0.18310546875,-0.7568359375,0.1708984375,-0.2197265625,0,-0.439453125,-0.03662109375,-0.45166015625,-0.10986328125,0.59814453125,-0.01220703125,1.1962890625,-0.390625,0.40283203125,0.634765625,-0.1708984375,-0.96435546875,0.7080078125,-0.06103515625,0.79345703125,-0.3662109375,0.45166015625,0.341796875,1.01318359375,-0.18310546875,0.47607421875,-0.1220703125,0.15869140625,-0.06103515625,1.03759765625,0.146484375,0.15869140625,-0.3662109375,0.2197265625,-0.20751953125,0.23193359375,0.20751953125,0.81787109375,0.03662109375,-0.0244140625,0.03662109375,1.33056640625,0.20751953125,-0.96435546875,-0.03662109375,-0.35400390625,0.20751953125,-1.06201171875,-0.03662109375,-0.8056640625,0.0244140625,-1.3427734375,0.1220703125,0.048828125,0.30517578125,0,-0.10986328125,-0.8056640625,-0.1220703125,-0.84228515625,-0.244140625,-0.78125,-0.20751953125,-0.74462890625,0.1220703125,-0.23193359375,-0.09765625,1.28173828125,-0.25634765625,2.38037109375,-0.1953125,0.64697265625,-0.0244140625,2.69775390625,0.048828125,0.390625,0.0244140625,0.0732421875,-0.0732421875,0.0244140625,-0.10986328125,0.2197265625,-0.29296875,0.37841796875,-0.08544921875,0.81787109375,-0.09765625,-0.47607421875,-0.15869140625,-0.54931640625
1,-0.0244140625,-0.3662109375,-0.03662109375,-0.35400390625,-0.18310546875,-0.4150390625,-0.2685546875,-0.08544921875,0.2685546875,-0.0244140625,-0.01220703125,-0.89111328125,-0.15869140625,1.1474609375,-0.32958984375,-0.15869140625,-0.048828125,-0.57373046875,0.20751953125,-0.15869140625,0.20751953125,0.89111328125,0.15869140625,-0.5615234375,-0.18310546875,-0.0244140625,-0.15869140625,-0.4638671875,0.0732421875,1.2939453125,-0.13427734375,0.4638671875,-0.35400390625,0.09765625,-0.52490234375,-0.84228515625,-0.13427734375,-0.47607421875,-0.15869140625,-0.76904296875,0.048828125,-0.23193359375,-0.048828125,-0.42724609375,-0.06103515625,-0.45166015625,-0.0244140625,0.59814453125,0.01220703125,1.18408203125,-0.42724609375,0.439453125,0.634765625,-0.1708984375,-0.8056640625,0.72021484375,-0.1220703125,0.62255859375,-0.341796875,0.2685546875,0.341796875,0.634765625,-0.244140625,0.3173828125,-0.0732421875,0.2197265625,0.01220703125,1.025390625,0.13427734375,0.18310546875,-0.3173828125,0.2197265625,-0.09765625,0.244140625,0.2197265625,0.81787109375,-0.01220703125,-0.0732421875,0,1.33056640625,0.18310546875,-0.9765625,0.01220703125,-0.3662109375,0.15869140625,-1.0498046875,-0.13427734375,-0.8056640625,0.1220703125,-1.35498046875,0.25634765625,0.09765625,0.341796875,0.0732421875,0.0244140625,-0.72021484375,-0.08544921875,-0.84228515625,-0.32958984375,-0.76904296875,-0.2197265625,-0.74462890625,0.146484375,-0.23193359375,-0.08544921875,0.52490234375,-0.2197265625,1.26953125,-0.20751953125,0.0732421875,0,1.91650390625,0.048828125,0.390625,0.01220703125,0.03662109375,-0.06103515625,0.03662109375,-0.09765625,0.20751953125,-0.25634765625,0.35400390625,-0.09765625,0.830078125,-0.0732421875,-0.48828125,-0.15869140625,-0.54931640625
1,-0.03662109375,-0.35400390625,-0.03662109375,-0.341796875,-0.13427734375,-0.42724609375,-0.25634765625,-0.08544921875,0.28076171875,-0.0244140625,0,-0.89111328125,-0.1708984375,1.15966796875,-0.3173828125,-0.146484375,-0.048828125,-0.5859375,0.25634765625,-0.1708984375,0.146484375,0.87890625,0.30517578125,-0.5615234375,-0.1708984375,-0.08544921875,-0.13427734375,-0.52490234375,0.146484375,1.23291015625,-0.09765625,0.4150390625,-0.32958984375,0.18310546875,-0.45166015625,-0.86669921875,-0.09765625,-0.4638671875,-0.1708984375,-0.7568359375,-0.01220703125,-0.2197265625,-0.10986328125,-0.40283203125,-0.15869140625,-0.439453125,0.01220703125,0.62255859375,0.048828125,1.171875,-0.5126953125,0.4638671875,0.6591796875,-0.1953125,-0.69580078125,0.732421875,-0.1220703125,0.5615234375,-0.42724609375,0.18310546875,0.390625,0.40283203125,-0.25634765625,0.244140625,-0.0732421875,0.2685546875,0.15869140625,1.06201171875,0.13427734375,0.1708984375,-0.25634765625,0.244140625,-0.01220703125,0.2685546875,0.23193359375,0.81787109375,-0.06103515625,-0.0732421875,-0.03662109375,1.33056640625,0.15869140625,-1.0009765625,0.03662109375,-0.35400390625,0.08544921875,-1.0498046875,-0.2197265625,-0.81787109375,0.048828125,-1.318359375,0.23193359375,0.15869140625,0.25634765625,0.1953125,0.06103515625,-0.6103515625,-0.08544921875,-0.830078125,-0.42724609375,-0.76904296875,-0.244140625,-0.7568359375,0.1708984375,-0.20751953125,-0.03662109375,-0.13427734375,-0.18310546875,0.244140625,-0.2197265625,-0.48828125,0,1.18408203125,0.048828125,0.37841796875,-0.01220703125,0.01220703125,-0.06103515625,0.01220703125,-0.08544921875,0.20751953125,-0.244140625,0.341796875,-0.09765625,0.830078125,-0.0732421875,-0.48828125,-0.1708984375,-0.50048828125
1,-0.03662109375,-0.3662109375,-0.08544921875,-0.35400390625,-0.10986328125,-0.42724609375,-0.25634765625,-0.0732421875,0.30517578125,-0.03662109375,-0.01220703125,-0.87890625,-0.1708984375,1.15966796875,-0.32958984375,-0.13427734375,-0.06103515625,-0.59814453125,0.244140625,-0.18310546875,0.10986328125,0.87890625,0.390625,-0.5615234375,-0.1708984375,-0.10986328125,-0.1220703125,-0.52490234375,0.13427734375,1.220703125,-0.048828125,0.439453125,-0.28076171875,0.2197265625,-0.40283203125,-0.8544921875,-0.1220703125,-0.48828125,-0.13427734375,-0.74462890625,-0.01220703125,-0.23193359375,-0.1953125,-0.4150390625,-0.2197265625,-0.439453125,0.0244140625,0.6103515625,0.03662109375,1.15966796875,-0.45166015625,0.47607421875,0.57373046875,-0.1708984375,-0.5615234375,0.732421875,-0.15869140625,0.59814453125,-0.439453125,0.1953125,0.42724609375,0.42724609375,-0.32958984375,0.30517578125,-0.08544921875,0.30517578125,0.244140625,1.03759765625,0.1220703125,0.1708984375,-0.244140625,0.23193359375,0.06103515625,0.2685546875,0.1708984375,0.830078125,-0.1220703125,-0.06103515625,-0.048828125,1.33056640625,0.13427734375,-1.01318359375,0.048828125,-0.3662109375,-0.0244140625,-1.06201171875,-0.25634765625,-0.8056640625,0,-1.25732421875,0.25634765625,0.23193359375,0.1953125,0.32958984375,0.15869140625,-0.47607421875,-0.06103515625,-0.830078125,-0.439453125,-0.76904296875,-0.18310546875,-0.7568359375,0.15869140625,-0.20751953125,0.06103515625,-0.72021484375,-0.146484375,-0.64697265625,-0.20751953125,-0.93994140625,-0.01220703125,0.5615234375,0.03662109375,0.390625,-0.03662109375,0.0244140625,-0.0732421875,-0.01220703125,-0.0732421875,0.20751953125,-0.23193359375,0.30517578125,-0.09765625,0.81787109375,-0.03662109375,-0.52490234375,-0.15869140625,-0.50048828125
1,-0.03662109375,-0.37841796875,-0.06103515625,-0.32958984375,-0.06103515625,-0.439453125,-0.244140625,-0.048828125,0.30517578125,-0.03662109375,-0.01220703125,-0.87890625,-0.1708984375,1.13525390625,-0.341796875,-0.13427734375,-0.048828125,-0.5859375,0.1953125,-0.1953125,0.146484375,0.86669921875,0.32958984375,-0.5615234375,-0.01220703125,-0.08544921875,-0.0732421875,-0.50048828125,0.146484375,1.2451171875,0.03662109375,0.50048828125,-0.25634765625,0.23193359375,-0.37841796875,-0.86669921875,-0.13427734375,-0.5126953125,-0.146484375,-0.76904296875,0.03662109375,-0.25634765625,-0.30517578125,-0.48828125,-0.29296875,-0.42724609375,0.01220703125,0.5859375,0.01220703125,1.123046875,-0.439453125,0.4638671875,0.52490234375,-0.15869140625,-0.4638671875,0.72021484375,-0.13427734375,0.79345703125,-0.50048828125,0.30517578125,0.5126953125,0.74462890625,-0.37841796875,0.47607421875,-0.1220703125,0.3173828125,0.35400390625,1.03759765625,0.13427734375,0.18310546875,-0.18310546875,0.2197265625,0.13427734375,0.25634765625,0.09765625,0.8056640625,-0.1708984375,-0.06103515625,0,1.30615234375,0.048828125,-1.01318359375,0.048828125,-0.35400390625,-0.146484375,-1.03759765625,-0.244140625,-0.81787109375,0,-1.123046875,0.25634765625,0.35400390625,0.18310546875,0.439453125,0.244140625,-0.3173828125,-0.0244140625,-0.8056640625,-0.42724609375,-0.76904296875,-0.18310546875,-0.74462890625,0.146484375,-0.2197265625,0.1220703125,-1.20849609375,-0.1220703125,-1.33056640625,-0.15869140625,-1.33056640625,-0.048828125,0.06103515625,0.0244140625,0.3662109375,-0.048828125,0.0244140625,-0.08544921875,-0.0244140625,-0.09765625,0.20751953125,-0.244140625,0.30517578125,-0.0732421875,0.8056640625,-0.06103515625,-0.537109375,-0.146484375,-0.50048828125
1,-0.03662109375,-0.3662109375,-0.048828125,-0.341796875,0.0244140625,-0.439453125,-0.244140625,-0.06103515625,0.341796875,-0.06103515625,-0.03662109375,-0.87890625,-0.18310546875,1.123046875,-0.35400390625,-0.13427734375,-0.0244140625,-0.5859375,0.08544921875,-0.18310546875,0.146484375,0.87890625,0.244140625,-0.57373046875,0.244140625,-0.0244140625,-0.06103515625,-0.4150390625,0.18310546875,1.35498046875,0.1220703125,0.6103515625,-0.2197265625,0.20751953125,-0.30517578125,-0.87890625,-0.15869140625,-0.537109375,-0.15869140625,-0.76904296875,0.08544921875,-0.25634765625,-0.3662109375,-0.54931640625,-0.341796875,-0.4150390625,-0.0244140625,0.5859375,-0.01220703125,1.123046875,-0.4150390625,0.439453125,0.45166015625,-0.18310546875,-0.4150390625,0.69580078125,-0.08544921875,1.0986328125,-0.52490234375,0.537109375,0.54931640625,1.30615234375,-0.37841796875,0.7568359375,-0.1220703125,0.3173828125,0.40283203125,1.025390625,0.146484375,0.15869140625,-0.1708984375,0.1953125,0.1708984375,0.25634765625,0.0244140625,0.830078125,-0.244140625,-0.0244140625,0.03662109375,1.30615234375,-0.08544921875,-1.025390625,0.048828125,-0.3662109375,-0.23193359375,-1.03759765625,-0.2197265625,-0.81787109375,-0.01220703125,-0.96435546875,0.20751953125,0.48828125,0.13427734375,0.5615234375,0.30517578125,-0.1708984375,0,-0.81787109375,-0.40283203125,-0.79345703125,-0.146484375,-0.732421875,0.1220703125,-0.20751953125,0.1953125,-1.57470703125,-0.146484375,-1.85546875,-0.15869140625,-1.59912109375,-0.048828125,-0.341796875,-0.01220703125,0.37841796875,-0.048828125,0.01220703125,-0.06103515625,-0.0244140625,-0.10986328125,0.20751953125,-0.23193359375,0.29296875,-0.06103515625,0.8056640625,-0.048828125,-0.52490234375,-0.13427734375,-0.48828125
0,-0.01220703125,-0.3662109375,-0.06103515625,-0.341796875,0.09765625,-0.42724609375,-0.2197265625,-0.06103515625,0.341796875,-0.048828125,-0.06103515625,-0.8544921875,-0.1708984375,1.11083984375,-0.37841796875,-0.13427734375,0.03662109375,-0.5615234375,-0.0244140625,-0.18310546875,0.1708984375,0.87890625,0.048828125,-0.57373046875,0.25634765625,0.08544921875,-0.09765625,-0.3173828125,0.18310546875,1.513671875,0.2197265625,0.7568359375,-0.1953125,0.1953125,-0.30517578125,-0.86669921875,-0.23193359375,-0.52490234375,-0.1708984375,-0.78125,0.13427734375,-0.244140625,-0.45166015625,-0.59814453125,-0.3173828125,-0.439453125,-0.0732421875,0.59814453125,-0.01220703125,1.13525390625,-0.4150390625,0.439453125,0.35400390625,-0.1953125,-0.3173828125,0.72021484375,-0.048828125,1.50146484375,-0.5126953125,0.830078125,0.6103515625,2.08740234375,-0.40283203125,1.1474609375,-0.08544921875,0.28076171875,0.45166015625,1.025390625,0.146484375,0.1708984375,-0.15869140625,0.1708984375,0.146484375,0.244140625,-0.048828125,0.8056640625,-0.28076171875,-0.0244140625,0.0732421875,1.30615234375,-0.146484375,-1.01318359375,0.0244140625,-0.35400390625,-0.3173828125,-1.03759765625,-0.1708984375,-0.81787109375,0.01220703125,-0.830078125,0.1220703125,0.59814453125,0.1220703125,0.6591796875,0.2685546875,-0.048828125,-0.01220703125,-0.8056640625,-0.32958984375,-0.8056640625,-0.1220703125,-0.732421875,0.09765625,-0.20751953125,0.15869140625,-1.8310546875,-0.18310546875,-2.197265625,-0.13427734375,-1.77001953125,-0.1220703125,-0.57373046875,-0.03662109375,0.3662109375,-0.03662109375,0.01220703125,-0.0732421875,-0.03662109375,-0.13427734375,0.1953125,-0.23193359375,0.2685546875,-0.06103515625,0.79345703125,-0.0732421875,-0.52490234375,-0.10986328125,-0.48828125
0,0,-0.390625,-0.06103515625,-0.341796875,0.20751953125,-0.42724609375,-0.23193359375,-0.09765625,0.32958984375,-0.048828125,-0.048828125,-0.87890625,-0.15869140625,1.08642578125,-0.37841796875,-0.13427734375,0.09765625,-0.54931640625,-0.13427734375,-0.18310546875,0.146484375,0.87890625,-0.13427734375,-0.57373046875,0.29296875,0.23193359375,-0.1708984375,-0.1708984375,0.13427734375,1.67236328125,0.23193359375,0.9033203125,-0.13427734375,0.1708984375,-0.20751953125,-0.86669921875,-0.2685546875,-0.537109375,-0.20751953125,-0.78125,0.13427734375,-0.23193359375,-0.439453125,-0.6591796875,-0.28076171875,-0.45166015625,-0.1220703125,0.59814453125,0.0244140625,1.123046875,-0.40283203125,0.42724609375,0.29296875,-0.23193359375,-0.18310546875,0.69580078125,-0.0244140625,1.96533203125,-0.5859375,1.220703125,0.64697265625,3.0029296875,-0.4150390625,1.62353515625,-0.03662109375,0.28076171875,0.4638671875,1.01318359375,0.1708984375,0.18310546875,-0.1708984375,0.15869140625,0.13427734375,0.25634765625,-0.10986328125,0.76904296875,-0.25634765625,-0.01220703125,0.10986328125,1.318359375,-0.1708984375,-0.98876953125,-0.0244140625,-0.341796875,-0.35400390625,-1.025390625,-0.10986328125,-0.8056640625,-0.01220703125,-0.69580078125,0.048828125,0.67138671875,0.15869140625,0.72021484375,0.1708984375,0.06103515625,-0.06103515625,-0.8056640625,-0.28076171875,-0.8056640625,-0.10986328125,-0.74462890625,0.10986328125,-0.23193359375,0.06103515625,-1.91650390625,-0.3173828125,-2.35595703125,-0.10986328125,-1.85546875,-0.18310546875,-0.7080078125,-0.0244140625,0.3662109375,-0.0244140625,0.0244140625,-0.0732421875,-0.06103515625,-0.146484375,0.20751953125,-0.23193359375,0.25634765625,-0.048828125,0.79345703125,-0.10986328125,-0.5126953125,-0.10986328125,-0.50048828125
0,-0.01220703125,-0.3662109375,-0.048828125,-0.341796875,0.3173828125,-0.439453125,-0.244140625,-0.0732421875,0.35400390625,-0.0244140625,-0.03662109375,-0.87890625,-0.1708984375,1.07421875,-0.37841796875,-0.146484375,0.10986328125,-0.537109375,-0.1953125,-0.13427734375,0.0732421875,0.89111328125,-0.1953125,-0.5859375,0.4150390625,0.35400390625,-0.18310546875,-0.06103515625,0.1708984375,1.84326171875,0.244140625,1.0498046875,-0.06103515625,0.13427734375,-0.23193359375,-0.87890625,-0.23193359375,-0.52490234375,-0.25634765625,-0.76904296875,0.09765625,-0.2197265625,-0.390625,-0.72021484375,-0.23193359375,-0.4638671875,-0.1953125,0.62255859375,0.01220703125,1.1474609375,-0.341796875,0.42724609375,0.1708984375,-0.244140625,-0.08544921875,0.69580078125,0.048828125,2.47802734375,-0.59814453125,1.62353515625,0.6103515625,4.00390625,-0.32958984375,2.1240234375,0.01220703125,0.2685546875,0.439453125,1.025390625,0.1953125,0.1708984375,-0.1953125,0.15869140625,0.048828125,0.244140625,-0.1220703125,0.8056640625,-0.244140625,0,0.1220703125,1.30615234375,-0.1708984375,-0.96435546875,-0.06103515625,-0.35400390625,-0.32958984375,-1.025390625,-0.10986328125,-0.79345703125,-0.0244140625,-0.6591796875,-0.0244140625,0.7080078125,0.15869140625,0.732421875,0.03662109375,0.08544921875,-0.1220703125,-0.81787109375,-0.2197265625,-0.81787109375,-0.06103515625,-0.74462890625,0.10986328125,-0.23193359375,0.06103515625,-1.904296875,-0.32958984375,-2.38037109375,-0.0732421875,-1.84326171875,-0.15869140625,-0.68359375,-0.01220703125,0.37841796875,-0.01220703125,0.0244140625,-0.0732421875,-0.0732421875,-0.146484375,0.20751953125,-0.244140625,0.25634765625,-0.01220703125,0.79345703125,-0.09765625,-0.5126953125,-0.10986328125,-0.5126953125
0,-0.01220703125,-0.35400390625,-0.0732421875,-0.341796875,0.3662109375,-0.42724609375,-0.244140625,-0.08544921875,0.32958984375,-0.01220703125,-0.048828125,-0.87890625,-0.15869140625,1.11083984375,-0.37841796875,-0.146484375,0.06103515625,-0.52490234375,-0.20751953125,-0.1220703125,-0.01220703125,0.89111328125,-0.20751953125,-0.5859375,0.30517578125,0.4150390625,-0.1708984375,0.01220703125,0.10986328125,1.953125,0.18310546875,1.123046875,-0.06103515625,0.09765625,-0.2685546875,-0.87890625,-0.2197265625,-0.48828125,-0.30517578125,-0.7568359375,0.03662109375,-0.2197265625,-0.3173828125,-0.74462890625,-0.1953125,-0.439453125,-0.2197265625,0.634765625,0.01220703125,1.15966796875,-0.244140625,0.42724609375,0.0244140625,-0.2197265625,0.06103515625,0.68359375,0.048828125,2.99072265625,-0.64697265625,2.03857421875,0.634765625,4.94384765625,-0.28076171875,2.62451171875,0.0732421875,0.25634765625,0.35400390625,1.03759765625,0.2197265625,0.1708984375,-0.244140625,0.1953125,0.0244140625,0.2197265625,-0.15869140625,0.8056640625,-0.20751953125,0.0244140625,0.13427734375,1.2939453125,-0.1708984375,-0.9521484375,-0.08544921875,-0.35400390625,-0.28076171875,-1.03759765625,-0.10986328125,-0.78125,-0.0244140625,-0.72021484375,-0.03662109375,0.67138671875,0.1708984375,0.68359375,-0.048828125,0.06103515625,-0.1708984375,-0.830078125,-0.15869140625,-0.8056640625,-0.048828125,-0.732421875,0.1220703125,-0.244140625,-0.0244140625,-1.79443359375,-0.32958984375,-2.2705078125,-0.048828125,-1.7333984375,-0.15869140625,-0.57373046875,0,0.37841796875,0,0.03662109375,-0.09765625,-0.06103515625,-0.13427734375,0.20751953125,-0.23193359375,0.23193359375,-0.01220703125,0.78125,-0.08544921875,-0.5126953125,-0.09765625,-0.537109375
0,0,-0.37841796875,-0.0732421875,-0.3662109375,0.37841796875,-0.4150390625,-0.23193359375,-0.08544921875,0.3173828125,0.01220703125,-0.06103515625,-0.87890625,-0.146484375,1.08642578125,-0.3662109375,-0.146484375,-0.0244140625,-0.52490234375,-0.1953125,-0.09765625,-0.13427734375,0.9033203125,-0.146484375,-0.5859375,0.244140625,0.439453125,-0.146484375,0.03662109375,0.0732421875,1.96533203125,0.08544921875,1.11083984375,-0.0244140625,0.0732421875,-0.3173828125,-0.87890625,-0.18310546875,-0.4638671875,-0.37841796875,-0.74462890625,-0.0244140625,-0.20751953125,-0.20751953125,-0.7568359375,-0.15869140625,-0.45166015625,-0.25634765625,0.634765625,0.0244140625,1.15966796875,-0.18310546875,0.439453125,-0.06103515625,-0.23193359375,0.09765625,0.7080078125,0.08544921875,3.4423828125,-0.5859375,2.3681640625,0.6103515625,5.7861328125,-0.1708984375,3.08837890625,0.10986328125,0.244140625,0.25634765625,1.0498046875,0.1953125,0.18310546875,-0.29296875,0.1953125,0,0.23193359375,-0.1953125,0.8056640625,-0.18310546875,0.0244140625,0.15869140625,1.33056640625,-0.13427734375,-0.9521484375,-0.09765625,-0.35400390625,-0.1708984375,-1.07421875,-0.15869140625,-0.78125,0.0244140625,-0.86669921875,-0.03662109375,0.57373046875,0.13427734375,0.634765625,-0.06103515625,-0.03662109375,-0.1953125,-0.8544921875,-0.15869140625,-0.830078125,-0.0732421875,-0.72021484375,0.146484375,-0.23193359375,-0.048828125,-1.62353515625,-0.341796875,-2.11181640625,-0.048828125,-1.59912109375,-0.146484375,-0.40283203125,-0.0244140625,0.390625,0.01220703125,0.048828125,-0.08544921875,-0.06103515625,-0.09765625,0.2197265625,-0.23193359375,0.1953125,-0.06103515625,0.79345703125,-0.09765625,-0.5126953125,-0.10986328125,-0.5615234375
0,-0.03662109375,-0.3662109375,-0.0732421875,-0.35400390625,0.3173828125,-0.4150390625,-0.25634765625,-0.08544921875,0.341796875,0.01220703125,-0.08544921875,-0.89111328125,-0.13427734375,1.11083984375,-0.3662109375,-0.146484375,-0.146484375,-0.537109375,-0.1220703125,-0.10986328125,-0.25634765625,0.9033203125,-0.01220703125,-0.57373046875,0.13427734375,0.439453125,-0.1708984375,-0.048828125,-0.048828125,1.91650390625,-0.0732421875,1.06201171875,-0.0732421875,0.06103515625,-0.45166015625,-0.8544921875,-0.146484375,-0.439453125,-0.4150390625,-0.7568359375,-0.06103515625,-0.18310546875,-0.15869140625,-0.7568359375,-0.1220703125,-0.4150390625,-0.2685546875,0.64697265625,0.06103515625,1.15966796875,-0.08544921875,0.4638671875,-0.13427734375,-0.20751953125,0.13427734375,0.69580078125,0.0732421875,3.8330078125,-0.5859375,2.64892578125,0.5615234375,6.4208984375,-0.0732421875,3.466796875,0.13427734375,0.2685546875,0.1708984375,1.06201171875,0.1708984375,0.1953125,-0.32958984375,0.2197265625,-0.09765625,0.244140625,-0.20751953125,0.8544921875,-0.13427734375,0,0.13427734375,1.33056640625,-0.09765625,-0.9521484375,-0.10986328125,-0.35400390625,-0.06103515625,-1.06201171875,-0.146484375,-0.79345703125,0.06103515625,-1.025390625,-0.0244140625,0.4638671875,0.06103515625,0.5126953125,-0.0732421875,-0.15869140625,-0.18310546875,-0.84228515625,-0.1953125,-0.81787109375,-0.08544921875,-0.72021484375,0.146484375,-0.244140625,-0.048828125,-1.42822265625,-0.341796875,-1.904296875,-0.048828125,-1.4404296875,-0.13427734375,-0.1953125,-0.03662109375,0.4150390625,0.01220703125,0.06103515625,-0.08544921875,-0.048828125,-0.06103515625,0.244140625,-0.2197265625,0.1708984375,-0.08544921875,0.79345703125,-0.09765625,-0.5126953125,-0.10986328125,-0.57373046875
0,-0.01220703125,-0.37841796875,-0.0732421875,-0.341796875,0.28076171875,-0.42724609375,-0.2685546875,-0.09765625,0.341796875,-0.01220703125,-0.08544921875,-0.87890625,-0.15869140625,1.11083984375,-0.32958984375,-0.146484375,-0.2197265625,-0.57373046875,-0.08544921875,-0.13427734375,-0.3173828125,0.91552734375,0.09765625,-0.57373046875,0.0732421875,0.40283203125,-0.18310546875,-0.15869140625,-0.1708984375,1.7822265625,-0.18310546875,0.9521484375,-0.09765625,0.0244140625,-0.47607421875,-0.8544921875,-0.146484375,-0.40283203125,-0.4150390625,-0.74462890625,-0.048828125,-0.15869140625,-0.1708984375,-0.76904296875,-0.146484375,-0.439453125,-0.2197265625,0.64697265625,0.15869140625,1.171875,-0.09765625,0.47607421875,-0.2685546875,-0.20751953125,0.146484375,0.72021484375,0,4.11376953125,-0.5615234375,2.79541015625,0.537109375,6.82373046875,0.06103515625,3.72314453125,0.15869140625,0.28076171875,0.0732421875,1.03759765625,0.10986328125,0.20751953125,-0.341796875,0.2197265625,-0.146484375,0.23193359375,-0.1953125,0.81787109375,-0.0732421875,-0.01220703125,0.1220703125,1.318359375,-0.06103515625,-0.96435546875,-0.09765625,-0.3662109375,0.0244140625,-1.06201171875,-0.146484375,-0.76904296875,0.03662109375,-1.20849609375,-0.03662109375,0.341796875,-0.0244140625,0.40283203125,-0.01220703125,-0.341796875,-0.13427734375,-0.84228515625,-0.1708984375,-0.8056640625,-0.1220703125,-0.69580078125,0.1953125,-0.23193359375,-0.08544921875,-1.220703125,-0.32958984375,-1.74560546875,-0.0732421875,-1.26953125,-0.10986328125,0.03662109375,-0.06103515625,0.3662109375,0.0244140625,0.06103515625,-0.0732421875,-0.03662109375,0.01220703125,0.2197265625,-0.2197265625,0.13427734375,-0.09765625,0.81787109375,-0.09765625,-0.537109375,-0.10986328125,-0.5615234375
0,-0.01220703125,-0.3662109375,-0.08544921875,-0.3662109375,0.244140625,-0.4150390625,-0.244140625,-0.10986328125,0.35400390625,-0.01220703125,-0.09765625,-0.9033203125,-0.15869140625,1.13525390625,-0.3173828125,-0.15869140625,-0.244140625,-0.5859375,0,-0.13427734375,-0.3173828125,0.89111328125,0.1708984375,-0.5615234375,0,0.40283203125,-0.25634765625,-0.28076171875,-0.28076171875,1.64794921875,-0.2685546875,0.8544921875,-0.09765625,0.01220703125,-0.4638671875,-0.84228515625,-0.13427734375,-0.40283203125,-0.439453125,-0.74462890625,-0.01220703125,-0.15869140625,-0.1708984375,-0.72021484375,-0.146484375,-0.4150390625,-0.13427734375,0.6591796875,0.25634765625,1.15966796875,-0.08544921875,0.48828125,-0.28076171875,-0.15869140625,0.10986328125,0.732421875,-0.0732421875,4.23583984375,-0.50048828125,2.8564453125,0.54931640625,6.97021484375,0.15869140625,3.857421875,0.13427734375,0.2685546875,-0.01220703125,1.06201171875,0.048828125,0.20751953125,-0.37841796875,0.23193359375,-0.1708984375,0.244140625,-0.1953125,0.830078125,-0.03662109375,-0.03662109375,0.1220703125,1.33056640625,-0.0244140625,-0.98876953125,-0.0732421875,-0.40283203125,0.10986328125,-1.03759765625,-0.1220703125,-0.76904296875,0.06103515625,-1.3916015625,0.01220703125,0.23193359375,-0.03662109375,0.3173828125,0.08544921875,-0.45166015625,-0.09765625,-0.8544921875,-0.18310546875,-0.79345703125,-0.13427734375,-0.69580078125,0.1953125,-0.244140625,-0.03662109375,-1.03759765625,-0.37841796875,-1.5869140625,-0.06103515625,-1.1474609375,-0.0732421875,0.20751953125,-0.048828125,0.3662109375,0.01220703125,0.03662109375,-0.0732421875,-0.0244140625,0.06103515625,0.23193359375,-0.1953125,0.13427734375,-0.09765625,0.79345703125,-0.09765625,-0.537109375,-0.146484375,-0.5615234375
0,0.01220703125,-0.3662109375,-0.09765625,-0.35400390625,0.23193359375,-0.4150390625,-0.2685546875,-0.09765625,0.35400390625,-0.0244140625,-0.09765625,-0.87890625,-0.1708984375,1.123046875,-0.29296875,-0.1708984375,-0.2197265625,-0.57373046875,0.048828125,-0.1708984375,-0.244140625,0.9033203125,0.20751953125,-0.5615234375,-0.09765625,0.537109375,-0.30517578125,-0.32958984375,-0.37841796875,1.5625,-0.28076171875,0.79345703125,-0.13427734375,-0.01220703125,-0.42724609375,-0.830078125,-0.10986328125,-0.42724609375,-0.4150390625,-0.76904296875,0.048828125,-0.146484375,-0.244140625,-0.6591796875,-0.1220703125,-0.3662109375,-0.048828125,0.64697265625,0.3173828125,1.1474609375,-0.0244140625,0.50048828125,-0.30517578125,-0.146484375,0.08544921875,0.732421875,-0.13427734375,4.2236328125,-0.45166015625,2.8076171875,0.537109375,6.89697265625,0.3173828125,3.82080078125,0.13427734375,0.2685546875,-0.06103515625,1.0498046875,0,0.18310546875,-0.35400390625,0.2197265625,-0.20751953125,0.244140625,-0.1708984375,0.86669921875,0.01220703125,-0.03662109375,0.10986328125,1.318359375,0.01220703125,-0.98876953125,-0.03662109375,-0.37841796875,0.146484375,-1.03759765625,-0.09765625,-0.76904296875,0.0244140625,-1.4892578125,0.03662109375,0.13427734375,-0.06103515625,0.25634765625,0.08544921875,-0.54931640625,-0.03662109375,-0.86669921875,-0.20751953125,-0.78125,-0.13427734375,-0.68359375,0.2197265625,-0.23193359375,0,-0.93994140625,-0.341796875,-1.513671875,-0.048828125,-1.08642578125,-0.0244140625,0.3173828125,-0.048828125,0.3662109375,0,0.01220703125,-0.0732421875,-0.03662109375,0.09765625,0.23193359375,-0.20751953125,0.1220703125,-0.09765625,0.79345703125,-0.1220703125,-0.54931640625,-0.146484375,-0.5615234375
0,0.01220703125,-0.37841796875,-0.10986328125,-0.3662109375,0.2685546875,-0.42724609375,-0.29296875,-0.10986328125,0.35400390625,-0.01220703125,-0.06103515625,-0.87890625,-0.18310546875,1.123046875,-0.29296875,-0.18310546875,-0.15869140625,-0.59814453125,0.0732421875,-0.18310546875,-0.13427734375,0.89111328125,0.1708984375,-0.5615234375,-0.0732421875,0.81787109375,-0.29296875,-0.2685546875,-0.42724609375,1.611328125,-0.2197265625,0.86669921875,-0.1220703125,0,-0.3173828125,-0.81787109375,-0.10986328125,-0.4150390625,-0.35400390625,-0.76904296875,0.1220703125,-0.18310546875,-0.30517578125,-0.634765625,-0.146484375,-0.390625,0.03662109375,0.634765625,0.32958984375,1.15966796875,0.0244140625,0.50048828125,-0.29296875,-0.13427734375,-0.01220703125,0.74462890625,-0.18310546875,4.052734375,-0.40283203125,2.62451171875,0.537109375,6.53076171875,0.390625,3.662109375,0.09765625,0.2685546875,-0.1220703125,1.06201171875,-0.08544921875,0.18310546875,-0.3662109375,0.1953125,-0.23193359375,0.23193359375,-0.1953125,0.79345703125,0.03662109375,-0.048828125,0.13427734375,1.30615234375,0.09765625,-0.98876953125,-0.0244140625,-0.37841796875,0.1220703125,-1.0009765625,-0.08544921875,-0.76904296875,-0.09765625,-1.55029296875,0.01220703125,0.0732421875,-0.10986328125,0.2197265625,0.1220703125,-0.634765625,0,-0.8544921875,-0.18310546875,-0.78125,-0.13427734375,-0.69580078125,0.18310546875,-0.23193359375,0.0244140625,-0.9033203125,-0.2685546875,-1.50146484375,-0.03662109375,-1.06201171875,-0.0244140625,0.37841796875,-0.03662109375,0.35400390625,-0.0244140625,0.01220703125,-0.08544921875,-0.0244140625,0.09765625,0.2197265625,-0.20751953125,0.10986328125,-0.08544921875,0.76904296875,-0.1220703125,-0.537109375,-0.13427734375,-0.537109375
0,0.01220703125,-0.3662109375,-0.09765625,-0.35400390625,0.30517578125,-0.439453125,-0.30517578125,-0.08544921875,0.3662109375,-0.03662109375,-0.048828125,-0.87890625,-0.18310546875,1.0986328125,-0.28076171875,-0.1708984375,-0.09765625,-0.5859375,0.09765625,-0.2197265625,0.01220703125,0.87890625,0.09765625,-0.54931640625,-0.08544921875,1.30615234375,-0.244140625,-0.0732421875,-0.45166015625,1.85546875,-0.1708984375,1.0986328125,-0.1708984375,0,-0.244140625,-0.79345703125,-0.13427734375,-0.42724609375,-0.25634765625,-0.79345703125,0.146484375,-0.1953125,-0.35400390625,-0.634765625,-0.13427734375,-0.37841796875,0.09765625,0.634765625,0.3173828125,1.15966796875,0.08544921875,0.48828125,-0.2685546875,-0.13427734375,-0.13427734375,0.732421875,-0.23193359375,3.759765625,-0.42724609375,2.35595703125,0.54931640625,5.9814453125,0.4150390625,3.3203125,0.08544921875,0.29296875,-0.1708984375,1.03759765625,-0.1220703125,0.1708984375,-0.32958984375,0.1953125,-0.28076171875,0.2685546875,-0.15869140625,0.78125,0.0244140625,-0.03662109375,0.20751953125,1.33056640625,0.1708984375,-1.01318359375,-0.03662109375,-0.3662109375,0.0732421875,-0.9765625,-0.06103515625,-0.78125,0.01220703125,-1.5380859375,0.0732421875,0.048828125,-0.03662109375,0.1953125,0.1708984375,-0.67138671875,0,-0.84228515625,-0.146484375,-0.78125,-0.09765625,-0.69580078125,0.146484375,-0.2197265625,0.01220703125,-0.87890625,-0.2685546875,-1.5380859375,0,-1.08642578125,-0.06103515625,0.390625,-0.03662109375,0.32958984375,-0.03662109375,0.01220703125,-0.09765625,-0.048828125,0.0732421875,0.2197265625,-0.1953125,0.08544921875,-0.0732421875,0.78125,-0.10986328125,-0.537109375,-0.1220703125,-0.52490234375
0,0.01220703125,-0.390625,-0.08544921875,-0.35400390625,0.3662109375,-0.439453125,-0.35400390625,-0.048828125,0.37841796875,-0.03662109375,-0.06103515625,-0.87890625,-0.1708984375,1.06201171875,-0.3173828125,-0.146484375,-0.06103515625,-0.59814453125,0.08544921875,-0.23193359375,0.09765625,0.86669921875,0.03662109375,-0.57373046875,-0.1708984375,1.9775390625,-0.2197265625,0.29296875,-0.42724609375,2.2705078125,-0.10986328125,1.4892578125,-0.1953125,-0.01220703125,-0.13427734375,-0.79345703125,-0.146484375,-0.45166015625,-0.146484375,-0.8056640625,0.146484375,-0.2197265625,-0.37841796875,-0.62255859375,-0.13427734375,-0.390625,0.09765625,0.6103515625,0.29296875,1.15966796875,0.0732421875,0.4638671875,-0.28076171875,-0.13427734375,-0.28076171875,0.7080078125,-0.2197265625,3.35693359375,-0.4150390625,2.06298828125,0.5615234375,5.2978515625,0.439453125,2.880859375,0.048828125,0.29296875,-0.2197265625,1.0498046875,-0.1708984375,0.146484375,-0.28076171875,0.18310546875,-0.29296875,0.2685546875,-0.13427734375,0.76904296875,0.0244140625,-0.01220703125,0.30517578125,1.33056640625,0.20751953125,-1.0009765625,-0.06103515625,-0.390625,0.03662109375,-0.98876953125,0,-0.78125,0.01220703125,-1.47705078125,0.06103515625,0.048828125,-0.0244140625,0.1708984375,0.13427734375,-0.7080078125,-0.01220703125,-0.830078125,-0.10986328125,-0.76904296875,-0.09765625,-0.7080078125,0.09765625,-0.23193359375,0.048828125,-0.927734375,-0.1708984375,-1.611328125,0.048828125,-1.11083984375,-0.048828125,0.35400390625,-0.0244140625,0.35400390625,-0.0244140625,0.01220703125,-0.0732421875,-0.048828125,0.06103515625,0.1708984375,-0.1953125,0.048828125,-0.08544921875,0.7568359375,-0.10986328125,-0.537109375,-0.1220703125,-0.537109375
0,0.01220703125,-0.40283203125,-0.06103515625,-0.341796875,0.48828125,-0.42724609375,-0.35400390625,-0.03662109375,0.37841796875,-0.0244140625,-0.03662109375,-0.86669921875,-0.20751953125,1.06201171875,-0.341796875,-0.146484375,0.01220703125,-0.57373046875,0.0732421875,-0.2197265625,0.13427734375,0.87890625,0,-0.57373046875,-0.18310546875,2.880859375,-0.2197265625,0.79345703125,-0.3662109375,2.86865234375,-0.09765625,2.03857421875,-0.18310546875,-0.03662109375,-0.10986328125,-0.8056640625,-0.1708984375,-0.4638671875,-0.03662109375,-0.81787109375,0.09765625,-0.2197265625,-0.3662109375,-0.64697265625,-0.13427734375,-0.390625,0.09765625,0.59814453125,0.29296875,1.18408203125,0,0.4638671875,-0.2685546875,-0.15869140625,-0.439453125,0.69580078125,-0.18310546875,2.86865234375,-0.42724609375,1.708984375,0.5615234375,4.47998046875,0.390625,2.40478515625,0.0244140625,0.28076171875,-0.18310546875,1.01318359375,-0.20751953125,0.146484375,-0.25634765625,0.1708984375,-0.3173828125,0.2685546875,-0.1708984375,0.732421875,0.01220703125,0.01220703125,0.390625,1.318359375,0.20751953125,-1.0009765625,-0.06103515625,-0.37841796875,-0.01220703125,-1.0009765625,0.01220703125,-0.79345703125,0,-1.37939453125,0.0244140625,0.0732421875,0.048828125,0.15869140625,0.13427734375,-0.72021484375,-0.03662109375,-0.84228515625,-0.10986328125,-0.78125,-0.048828125,-0.732421875,0.01220703125,-0.2197265625,0.0244140625,-1.0009765625,-0.15869140625,-1.67236328125,0.0244140625,-1.171875,-0.13427734375,0.2685546875,-0.03662109375,0.341796875,-0.0244140625,0.01220703125,-0.08544921875,-0.06103515625,0.06103515625,0.18310546875,-0.1953125,0,-0.048828125,0.76904296875,-0.10986328125,-0.54931640625,-0.1220703125,-0.537109375
1,0.0244140625,-0.390625,-0.06103515625,-0.35400390625,0.5859375,-0.4150390625,-0.32958984375,-0.01220703125,0.37841796875,-0.03662109375,-0.06103515625,-0.86669921875,-0.1953125,1.0498046875,-0.341796875,-0.13427734375,0.0732421875,-0.57373046875,0.0244140625,-0.1953125,0.08544921875,0.86669921875,0.03662109375,-0.5859375,-0.048828125,3.84521484375,-0.1953125,1.40380859375,-0.25634765625,3.60107421875,-0.08544921875,2.6611328125,-0.15869140625,-0.03662109375,-0.03662109375,-0.78125,-0.20751953125,-0.45166015625,0.01220703125,-0.8056640625,0,-0.20751953125,-0.29296875,-0.6591796875,-0.146484375,-0.40283203125,0.0732421875,0.6103515625,0.25634765625,1.18408203125,-0.01220703125,0.439453125,-0.244140625,-0.18310546875,-0.50048828125,0.68359375,-0.1220703125,2.30712890625,-0.42724609375,1.3427734375,0.54931640625,3.6376953125,0.3662109375,1.85546875,0.01220703125,0.28076171875,-0.1953125,1.025390625,-0.1708984375,0.15869140625,-0.1953125,0.18310546875,-0.30517578125,0.28076171875,-0.18310546875,0.7568359375,0.01220703125,0.03662109375,0.439453125,1.318359375,0.18310546875,-1.0009765625,-0.0732421875,-0.37841796875,-0.03662109375,-1.01318359375,0.048828125,-0.8056640625,0.10986328125,-1.2939453125,0.0244140625,0.0732421875,0.09765625,0.146484375,0.10986328125,-0.74462890625,-0.06103515625,-0.830078125,-0.1220703125,-0.78125,-0.06103515625,-0.732421875,-0.01220703125,-0.23193359375,-0.0732421875,-1.07421875,-0.244140625,-1.7333984375,0,-1.2451171875,-0.20751953125,0.1953125,-0.048828125,0.341796875,-0.01220703125,0.03662109375,-0.0732421875,-0.048828125,0.06103515625,0.18310546875,-0.1708984375,-0.01220703125,-0.048828125,0.78125,-0.1220703125,-0.54931640625,-0.1220703125,-0.537109375
1,0.0244140625,-0.4150390625,-0.08544921875,-0.37841796875,0.67138671875,-0.40283203125,-0.32958984375,-0.048828125,0.3662109375,-0.0244140625,-0.06103515625,-0.86669921875,-0.1953125,1.03759765625,-0.35400390625,-0.1220703125,0.10986328125,-0.57373046875,-0.0244140625,-0.18310546875,-0.03662109375,0.87890625,0.10986328125,-0.5859375,0.03662109375,4.9072265625,-0.146484375,2.05078125,-0.15869140625,4.40673828125,-0.0732421875,3.3447265625,-0.08544921875,-0.06103515625,0.08544921875,-0.8056640625,-0.1953125,-0.4638671875,0,-0.79345703125,-0.08544921875,-0.18310546875,-0.20751953125,-0.69580078125,-0.15869140625,-0.42724609375,0.06103515625,0.6103515625,0.1708984375,1.171875,-0.01220703125,0.42724609375,-0.20751953125,-0.146484375,-0.6103515625,0.7080078125,-0.08544921875,1.77001953125,-0.48828125,0.98876953125,0.4638671875,2.8076171875,0.35400390625,1.2939453125,-0.0244140625,0.25634765625,-0.1953125,1.01318359375,-0.146484375,0.146484375,-0.23193359375,0.18310546875,-0.30517578125,0.2685546875,-0.13427734375,0.7568359375,0.06103515625,0.0244140625,0.42724609375,1.33056640625,0.1220703125,-0.98876953125,-0.06103515625,-0.37841796875,-0.048828125,-1.025390625,0.048828125,-0.81787109375,0.10986328125,-1.23291015625,0,0.0732421875,0.06103515625,0.09765625,0.06103515625,-0.7568359375,-0.0732421875,-0.8544921875,-0.146484375,-0.78125,-0.06103515625,-0.732421875,-0.048828125,-0.20751953125,0.01220703125,-1.11083984375,-0.03662109375,-1.77001953125,0.0244140625,-1.26953125,-0.09765625,0.15869140625,-0.06103515625,0.3662109375,-0.01220703125,0.0244140625,-0.08544921875,-0.03662109375,0.048828125,0.1953125,-0.146484375,-0.03662109375,-0.0732421875,0.8056640625,-0.09765625,-0.5615234375,-0.09765625,-0.537109375
1,0.048828125,-0.390625,-0.06103515625,-0.35400390625,0.67138671875,-0.40283203125,-0.3173828125,-0.03662109375,0.341796875,-0.0244140625,-0.0732421875,-0.8544921875,-0.1953125,1.0498046875,-0.341796875,-0.13427734375,0.08544921875,-0.57373046875,-0.03662109375,-0.15869140625,-0.15869140625,0.89111328125,0.18310546875,-0.5615234375,0.1708984375,5.89599609375,-0.08544921875,2.6611328125,-0.048828125,5.16357421875,-0.09765625,3.9794921875,0.01220703125,-0.0732421875,0.146484375,-0.79345703125,-0.1708984375,-0.439453125,-0.01220703125,-0.79345703125,-0.18310546875,-0.1953125,-0.13427734375,-0.72021484375,-0.1708984375,-0.439453125,0.06103515625,0.634765625,0.13427734375,1.171875,0,0.42724609375,-0.1953125,-0.15869140625,-0.7080078125,0.72021484375,-0.06103515625,1.25732421875,-0.50048828125,0.64697265625,0.4638671875,2.03857421875,0.29296875,0.830078125,-0.08544921875,0.23193359375,-0.1953125,1.03759765625,-0.08544921875,0.146484375,-0.2685546875,0.1953125,-0.244140625,0.25634765625,-0.10986328125,0.7568359375,0.09765625,0.03662109375,0.390625,1.30615234375,0.08544921875,-1.0009765625,-0.06103515625,-0.390625,-0.048828125,-1.0498046875,-0.01220703125,-0.830078125,0.09765625,-1.20849609375,-0.0244140625,0.08544921875,0,0.0732421875,0.01220703125,-0.7568359375,-0.0732421875,-0.830078125,-0.1220703125,-0.78125,-0.048828125,-0.74462890625,-0.0244140625,-0.2197265625,0,-1.11083984375,-0.0244140625,-1.7578125,-0.01220703125,-1.25732421875,-0.09765625,0.15869140625,-0.048828125,0.3662109375,-0.01220703125,0.048828125,-0.08544921875,-0.0244140625,0.0732421875,0.1953125,-0.13427734375,-0.048828125,-0.0732421875,0.81787109375,-0.0732421875,-0.54931640625,-0.1220703125,-0.537109375
1,0.06103515625,-0.390625,-0.0732421875,-0.3662109375,0.67138671875,-0.390625,-0.25634765625,-0.048828125,0.32958984375,-0.03662109375,-0.08544921875,-0.8544921875,-0.20751953125,1.07421875,-0.3662109375,-0.146484375,0.03662109375,-0.5615234375,-0.06103515625,-0.13427734375,-0.25634765625,0.927734375,0.2685546875,-0.5615234375,0.28076171875,6.72607421875,0,3.16162109375,0.0244140625,5.79833984375,-0.06103515625,4.5166015625,0.09765625,-0.09765625,0.18310546875,-0.81787109375,-0.146484375,-0.4150390625,-0.03662109375,-0.76904296875,-0.29296875,-0.15869140625,-0.0244140625,-0.732421875,-0.23193359375,-0.439453125,0.06103515625,0.6591796875,0.09765625,1.1474609375,0.03662109375,0.439453125,-0.146484375,-0.15869140625,-0.78125,0.72021484375,-0.048828125,0.8056640625,-0.47607421875,0.37841796875,0.390625,1.3671875,0.28076171875,0.40283203125,-0.08544921875,0.2197265625,-0.18310546875,1.025390625,-0.01220703125,0.1220703125,-0.32958984375,0.2197265625,-0.1953125,0.25634765625,-0.048828125,0.79345703125,0.09765625,0.0244140625,0.32958984375,1.318359375,0.01220703125,-0.98876953125,-0.0244140625,-0.390625,-0.06103515625,-1.0498046875,-0.08544921875,-0.830078125,-0.0244140625,-1.1962890625,-0.1220703125,0.0732421875,-0.10986328125,0.03662109375,-0.048828125,-0.76904296875,-0.09765625,-0.81787109375,-0.0732421875,-0.7568359375,-0.09765625,-0.72021484375,-0.01220703125,-0.2197265625,-0.0244140625,-1.025390625,-0.10986328125,-1.6845703125,-0.06103515625,-1.1962890625,-0.1220703125,0.2197265625,-0.048828125,0.3662109375,-0.03662109375,0.03662109375,-0.08544921875,-0.0244140625,0.0732421875,0.20751953125,-0.10986328125,-0.048828125,-0.0732421875,0.84228515625,-0.03662109375,-0.537109375,-0.10986328125,-0.537109375
1,0.08544921875,-0.3662109375,-0.06103515625,-0.37841796875,0.64697265625,-0.4150390625,-0.2197265625,-0.048828125,0.30517578125,0,-0.0732421875,-0.87890625,-0.2197265625,1.0986328125,-0.341796875,-0.13427734375,-0.048828125,-0.5615234375,-0.10986328125,-0.13427734375,-0.3173828125,0.9521484375,0.3173828125,-0.54931640625,0.25634765625,7.36083984375,0.048828125,3.4912109375,0.0732421875,6.26220703125,-0.03662109375,4.8828125,0.1220703125,-0.10986328125,0.10986328125,-0.830078125,-0.10986328125,-0.40283203125,-0.09765625,-0.74462890625,-0.32958984375,-0.15869140625,0,-0.74462890625,-0.25634765625,-0.45166015625,0.0244140625,0.67138671875,0.06103515625,1.13525390625,0.0244140625,0.439453125,-0.13427734375,-0.13427734375,-0.8544921875,0.7080078125,-0.03662109375,0.439453125,-0.48828125,0.13427734375,0.3173828125,0.81787109375,0.23193359375,0.048828125,-0.09765625,0.20751953125,-0.1953125,1.03759765625,0.048828125,0.15869140625,-0.341796875,0.1953125,-0.18310546875,0.23193359375,0,0.79345703125,0.146484375,0.01220703125,0.30517578125,1.318359375,-0.06103515625,-0.9765625,0,-0.40283203125,-0.06103515625,-1.06201171875,-0.15869140625,-0.84228515625,0.048828125,-1.1962890625,-0.09765625,0.10986328125,-0.1708984375,0.0244140625,0.01220703125,-0.74462890625,-0.10986328125,-0.84228515625,-0.048828125,-0.78125,-0.13427734375,-0.7080078125,0.048828125,-0.2197265625,0.1220703125,-0.89111328125,-0.048828125,-1.55029296875,-0.048828125,-1.0986328125,0,0.35400390625,-0.01220703125,0.37841796875,-0.06103515625,0.0244140625,-0.0732421875,0,0.08544921875,0.2197265625,-0.10986328125,-0.06103515625,-0.0732421875,0.84228515625,-0.0244140625,-0.5126953125,-0.1220703125,-0.5615234375
1,0.146484375,-0.37841796875,-0.06103515625,-0.341796875,0.57373046875,-0.4150390625,-0.1953125,-0.048828125,0.29296875,-0.01220703125,-0.08544921875,-0.87890625,-0.20751953125,1.08642578125,-0.32958984375,-0.13427734375,-0.1220703125,-0.5859375,-0.1708984375,-0.13427734375,-0.30517578125,0.9521484375,0.2685546875,-0.537109375,0.28076171875,7.71484375,0.048828125,3.662109375,0.0244140625,6.53076171875,0.03662109375,5.078125,0.10986328125,-0.1708984375,0.0244140625,-0.84228515625,-0.1220703125,-0.390625,-0.15869140625,-0.7568359375,-0.29296875,-0.146484375,-0.0244140625,-0.72021484375,-0.28076171875,-0.4638671875,-0.01220703125,0.68359375,0.06103515625,1.123046875,0.0244140625,0.4638671875,-0.18310546875,-0.13427734375,-0.9033203125,0.72021484375,-0.0244140625,0.15869140625,-0.50048828125,-0.048828125,0.2197265625,0.37841796875,0.1708984375,-0.1953125,-0.08544921875,0.1953125,-0.13427734375,1.0498046875,0.06103515625,0.146484375,-0.3662109375,0.1953125,-0.20751953125,0.1953125,0.048828125,0.74462890625,0.146484375,0.01220703125,0.2197265625,1.33056640625,-0.10986328125,-0.98876953125,0.048828125,-0.40283203125,-0.0732421875,-1.03759765625,-0.20751953125,-0.84228515625,0.03662109375,-1.18408203125,-0.15869140625,0.146484375,-0.28076171875,0.06103515625,0.08544921875,-0.68359375,-0.1220703125,-0.830078125,-0.01220703125,-0.78125,-0.1953125,-0.7080078125,0.10986328125,-0.20751953125,0.06103515625,-0.7080078125,-0.18310546875,-1.37939453125,-0.146484375,-0.9521484375,-0.03662109375,0.537109375,0.0244140625,0.3662109375,-0.06103515625,0.0244140625,-0.08544921875,0.01220703125,0.09765625,0.2197265625,-0.08544921875,-0.01220703125,-0.10986328125,0.84228515625,0,-0.48828125,-0.10986328125,-0.537109375
1,0.15869140625,-0.37841796875,-0.048828125,-0.341796875,0.52490234375,-0.42724609375,-0.1953125,-0.06103515625,0.29296875,-0.01220703125,-0.0732421875,-0.89111328125,-0.23193359375,1.0986328125,-0.32958984375,-0.1220703125,-0.13427734375,-0.5859375,-0.244140625,-0.13427734375,-0.244140625,0.93994140625,0.2197265625,-0.537109375,0.2197265625,7.82470703125,-0.0244140625,3.64990234375,-0.09765625,6.57958984375,0.048828125,5.06591796875,0.08544921875,-0.23193359375,-0.06103515625,-0.89111328125,-0.1220703125,-0.390625,-0.15869140625,-0.732421875,-0.2197265625,-0.1708984375,-0.048828125,-0.7080078125,-0.25634765625,-0.439453125,-0.03662109375,0.68359375,0.06103515625,1.0986328125,-0.0244140625,0.439453125,-0.244140625,-0.13427734375,-0.91552734375,0.7080078125,-0.03662109375,0,-0.50048828125,-0.15869140625,0.15869140625,0.0732421875,0.0732421875,-0.390625,-0.03662109375,0.1708984375,-0.03662109375,1.0498046875,0.0732421875,0.18310546875,-0.3662109375,0.1953125,-0.23193359375,0.20751953125,0.0732421875,0.732421875,0.146484375,-0.01220703125,0.13427734375,1.30615234375,-0.1708984375,-0.98876953125,0.09765625,-0.40283203125,-0.13427734375,-1.06201171875,-0.1953125,-0.84228515625,0.0732421875,-1.1962890625,-0.1708984375,0.1953125,-0.341796875,0.13427734375,0.1220703125,-0.54931640625,-0.18310546875,-0.84228515625,0.01220703125,-0.7568359375,-0.25634765625,-0.72021484375,0.1953125,-0.2197265625,0.06103515625,-0.48828125,-0.1953125,-1.20849609375,-0.1708984375,-0.7568359375,0,0.79345703125,0.03662109375,0.35400390625,-0.048828125,0.01220703125,-0.0732421875,0.03662109375,0.09765625,0.23193359375,-0.09765625,0.03662109375,-0.10986328125,0.84228515625,-0.01220703125,-0.45166015625,-0.10986328125,-0.537109375
1,0.13427734375,-0.3662109375,-0.06103515625,-0.32958984375,0.48828125,-0.42724609375,-0.20751953125,-0.06103515625,0.25634765625,-0.0244140625,-0.048828125,-0.87890625,-0.2197265625,1.0986328125,-0.30517578125,-0.10986328125,-0.10986328125,-0.5859375,-0.30517578125,-0.15869140625,-0.13427734375,0.93994140625,0.10986328125,-0.50048828125,0.20751953125,7.67822265625,-0.10986328125,3.50341796875,-0.25634765625,6.4208984375,0.0244140625,4.91943359375,0.01220703125,-0.29296875,-0.13427734375,-0.89111328125,-0.146484375,-0.4150390625,-0.146484375,-0.732421875,-0.09765625,-0.1708984375,-0.09765625,-0.68359375,-0.1953125,-0.439453125,-0.01220703125,0.68359375,0.06103515625,1.0986328125,0.01220703125,0.4638671875,-0.30517578125,-0.1220703125,-0.8544921875,0.7080078125,-0.0732421875,-0.1220703125,-0.50048828125,-0.2197265625,0.13427734375,-0.08544921875,-0.048828125,-0.50048828125,-0.048828125,0.18310546875,0.01220703125,1.025390625,0.03662109375,0.1953125,-0.32958984375,0.20751953125,-0.23193359375,0.20751953125,0.09765625,0.74462890625,0.13427734375,-0.0244140625,0.03662109375,1.30615234375,-0.1708984375,-0.9765625,0.146484375,-0.390625,-0.146484375,-1.06201171875,-0.13427734375,-0.830078125,0.1708984375,-1.15966796875,-0.1220703125,0.28076171875,-0.28076171875,0.23193359375,0.15869140625,-0.4150390625,-0.18310546875,-0.81787109375,0.03662109375,-0.7568359375,-0.29296875,-0.72021484375,0.2685546875,-0.2197265625,0.1708984375,-0.25634765625,-0.09765625,-1.01318359375,-0.18310546875,-0.5615234375,0.06103515625,1.03759765625,0.048828125,0.341796875,-0.01220703125,0,-0.0732421875,0.048828125,0.08544921875,0.20751953125,-0.10986328125,0.1220703125,-0.1220703125,0.81787109375,-0.03662109375,-0.4638671875,-0.10986328125,-0.537109375
1,0.13427734375,-0.3662109375,-0.048828125,-0.341796875,0.439453125,-0.45166015625,-0.23193359375,-0.06103515625,0.25634765625,-0.0244140625,-0.06103515625,-0.8544921875,-0.23193359375,1.0986328125,-0.28076171875,-0.1220703125,-0.0732421875,-0.5859375,-0.30517578125,-0.1953125,0.03662109375,0.91552734375,-0.0244140625,-0.5126953125,0.2197265625,7.32421875,-0.146484375,3.25927734375,-0.40283203125,6.15234375,0.0244140625,4.6630859375,-0.06103515625,-0.35400390625,-0.23193359375,-0.9033203125,-0.146484375,-0.40283203125,-0.10986328125,-0.74462890625,0.0244140625,-0.1953125,-0.10986328125,-0.68359375,-0.1220703125,-0.42724609375,0.0244140625,0.64697265625,0.06103515625,1.123046875,0.0732421875,0.45166015625,-0.3173828125,-0.146484375,-0.732421875,0.7080078125,-0.10986328125,-0.146484375,-0.4638671875,-0.244140625,0.0732421875,-0.1708984375,-0.1708984375,-0.57373046875,-0.01220703125,0.20751953125,0.1220703125,1.0498046875,0.0244140625,0.1953125,-0.25634765625,0.18310546875,-0.10986328125,0.20751953125,0.1220703125,0.74462890625,0.10986328125,-0.03662109375,-0.03662109375,1.2939453125,-0.13427734375,-0.9765625,0.18310546875,-0.37841796875,-0.146484375,-1.01318359375,-0.06103515625,-0.8056640625,0.146484375,-1.123046875,-0.09765625,0.32958984375,-0.23193359375,0.341796875,0.15869140625,-0.2685546875,-0.1953125,-0.8056640625,0.0244140625,-0.74462890625,-0.32958984375,-0.732421875,0.3173828125,-0.2197265625,0.06103515625,-0.0244140625,-0.18310546875,-0.84228515625,-0.23193359375,-0.40283203125,0.03662109375,1.30615234375,0.06103515625,0.3662109375,-0.01220703125,0,-0.09765625,0.03662109375,0.0732421875,0.1953125,-0.08544921875,0.20751953125,-0.09765625,0.81787109375,-0.0244140625,-0.4638671875,-0.13427734375,-0.5126953125
1,0.08544921875,-0.35400390625,-0.048828125,-0.35400390625,0.4150390625,-0.45166015625,-0.28076171875,-0.08544921875,0.244140625,-0.048828125,-0.048828125,-0.89111328125,-0.244140625,1.0986328125,-0.2685546875,-0.1220703125,-0.06103515625,-0.5615234375,-0.28076171875,-0.20751953125,0.15869140625,0.87890625,-0.048828125,-0.52490234375,0.08544921875,6.8603515625,-0.1220703125,2.94189453125,-0.47607421875,5.79833984375,-0.03662109375,4.3701171875,-0.09765625,-0.390625,-0.25634765625,-0.89111328125,-0.10986328125,-0.42724609375,-0.0732421875,-0.74462890625,0.08544921875,-0.2197265625,-0.09765625,-0.6591796875,-0.06103515625,-0.40283203125,0.03662109375,0.64697265625,0.048828125,1.15966796875,0.09765625,0.45166015625,-0.3173828125,-0.1708984375,-0.5615234375,0.69580078125,-0.1220703125,-0.15869140625,-0.48828125,-0.23193359375,0,-0.1708984375,-0.2685546875,-0.59814453125,-0.0244140625,0.2685546875,0.20751953125,1.03759765625,-0.0244140625,0.1953125,-0.23193359375,0.18310546875,0.0244140625,0.2197265625,0.13427734375,0.732421875,0.06103515625,-0.03662109375,-0.048828125,1.2939453125,-0.0732421875,-0.9765625,0.18310546875,-0.3662109375,-0.13427734375,-1.0009765625,0.0244140625,-0.79345703125,0.06103515625,-1.08642578125,-0.048828125,0.390625,-0.1220703125,0.439453125,0.09765625,-0.1708984375,-0.1708984375,-0.79345703125,0.01220703125,-0.7568359375,-0.29296875,-0.72021484375,0.30517578125,-0.20751953125,0.03662109375,0.1953125,-0.13427734375,-0.69580078125,-0.1953125,-0.25634765625,0.01220703125,1.513671875,0.03662109375,0.3662109375,0.0244140625,-0.01220703125,-0.0732421875,0,0.06103515625,0.1953125,-0.08544921875,0.30517578125,-0.08544921875,0.81787109375,-0.0244140625,-0.47607421875,-0.1220703125,-0.5126953125
1,0.06103515625,-0.3662109375,-0.03662109375,-0.3662109375,0.40283203125,-0.4638671875,-0.30517578125,-0.0732421875,0.244140625,-0.06103515625,-0.048828125,-0.86669921875,-0.244140625,1.08642578125,-0.25634765625,-0.146484375,-0.10986328125,-0.5859375,-0.1953125,-0.20751953125,0.2685546875,0.87890625,-0.03662109375,-0.54931640625,0.01220703125,6.33544921875,-0.146484375,2.64892578125,-0.5126953125,5.4443359375,-0.09765625,4.06494140625,-0.146484375,-0.4150390625,-0.28076171875,-0.89111328125,-0.08544921875,-0.45166015625,-0.03662109375,-0.7568359375,0.146484375,-0.244140625,-0.048828125,-0.64697265625,0.03662109375,-0.4150390625,0.0732421875,0.64697265625,0.03662109375,1.18408203125,0.146484375,0.42724609375,-0.3173828125,-0.1953125,-0.3173828125,0.68359375,-0.18310546875,-0.146484375,-0.5126953125,-0.20751953125,-0.03662109375,-0.1220703125,-0.390625,-0.6103515625,-0.06103515625,0.29296875,0.28076171875,1.03759765625,-0.048828125,0.20751953125,-0.1708984375,0.1953125,0.146484375,0.23193359375,0.08544921875,0.76904296875,0,-0.01220703125,-0.0732421875,1.318359375,0.03662109375,-0.9765625,0.1953125,-0.35400390625,-0.10986328125,-0.98876953125,0.08544921875,-0.7568359375,0.10986328125,-1.06201171875,0.03662109375,0.40283203125,0.01220703125,0.4638671875,0.048828125,-0.15869140625,-0.15869140625,-0.79345703125,-0.048828125,-0.76904296875,-0.3173828125,-0.72021484375,0.29296875,-0.20751953125,-0.01220703125,0.3173828125,-0.06103515625,-0.5859375,-0.146484375,-0.146484375,-0.0244140625,1.66015625,0.03662109375,0.35400390625,0.03662109375,0.01220703125,-0.0732421875,-0.01220703125,0.03662109375,0.1708984375,-0.10986328125,0.42724609375,-0.0732421875,0.79345703125,-0.0244140625,-0.50048828125,-0.13427734375,-0.50048828125
1,0.048828125,-0.37841796875,-0.048828125,-0.3662109375,0.4150390625,-0.45166015625,-0.3173828125,-0.0732421875,0.23193359375,-0.0732421875,-0.0732421875,-0.86669921875,-0.25634765625,1.06201171875,-0.23193359375,-0.1220703125,-0.1220703125,-0.5859375,-0.13427734375,-0.1953125,0.29296875,0.8544921875,0.03662109375,-0.5615234375,-0.048828125,5.84716796875,-0.146484375,2.392578125,-0.4638671875,5.11474609375,-0.1708984375,3.79638671875,-0.15869140625,-0.42724609375,-0.28076171875,-0.89111328125,-0.03662109375,-0.439453125,-0.01220703125,-0.76904296875,0.10986328125,-0.23193359375,-0.0244140625,-0.634765625,0.06103515625,-0.4150390625,0.10986328125,0.634765625,0.0244140625,1.20849609375,0.09765625,0.439453125,-0.341796875,-0.2197265625,-0.1953125,0.67138671875,-0.18310546875,-0.08544921875,-0.50048828125,-0.1708984375,-0.0244140625,-0.08544921875,-0.4150390625,-0.59814453125,-0.08544921875,0.3173828125,0.341796875,1.025390625,-0.03662109375,0.20751953125,-0.13427734375,0.18310546875,0.25634765625,0.25634765625,0.048828125,0.732421875,-0.09765625,-0.01220703125,-0.08544921875,1.2939453125,0.09765625,-1.0009765625,0.20751953125,-0.35400390625,-0.0732421875,-1.01318359375,0.0732421875,-0.732421875,0.1220703125,-1.0498046875,0.06103515625,0.390625,0.10986328125,0.4638671875,0,-0.1953125,-0.15869140625,-0.78125,-0.1220703125,-0.7568359375,-0.29296875,-0.72021484375,0.25634765625,-0.2197265625,-0.06103515625,0.40283203125,0.0244140625,-0.54931640625,-0.10986328125,-0.09765625,-0.03662109375,1.74560546875,0.03662109375,0.35400390625,0.06103515625,0.01220703125,-0.08544921875,-0.06103515625,0.0244140625,0.15869140625,-0.09765625,0.5126953125,-0.0732421875,0.76904296875,-0.048828125,-0.50048828125,-0.13427734375,-0.50048828125
1,0.01220703125,-0.390625,-0.0732421875,-0.3662109375,0.40283203125,-0.439453125,-0.244140625,-0.06103515625,0.23193359375,-0.048828125,-0.06103515625,-0.86669921875,-0.244140625,1.06201171875,-0.2197265625,-0.13427734375,-0.10986328125,-0.5615234375,0,-0.18310546875,0.1953125,0.86669921875,0.15869140625,-0.5615234375,-0.13427734375,5.4443359375,-0.15869140625,2.24609375,-0.390625,4.8828125,-0.23193359375,3.62548828125,-0.13427734375,-0.40283203125,-0.25634765625,-0.8544921875,0,-0.439453125,0,-0.78125,0,-0.25634765625,0,-0.64697265625,0.09765625,-0.439453125,0.1953125,0.634765625,0.0244140625,1.18408203125,0.10986328125,0.439453125,-0.390625,-0.2197265625,-0.03662109375,0.69580078125,-0.15869140625,-0.08544921875,-0.4638671875,-0.15869140625,0,-0.0244140625,-0.45166015625,-0.5859375,-0.09765625,0.3173828125,0.3662109375,1.0498046875,-0.0732421875,0.18310546875,-0.13427734375,0.1953125,0.3173828125,0.2685546875,-0.03662109375,0.732421875,-0.146484375,0,-0.06103515625,1.30615234375,0.13427734375,-0.9765625,0.1953125,-0.35400390625,-0.01220703125,-1.025390625,0.08544921875,-0.74462890625,0.1708984375,-1.07421875,0.10986328125,0.30517578125,0.15869140625,0.390625,-0.03662109375,-0.30517578125,-0.13427734375,-0.78125,-0.18310546875,-0.7568359375,-0.244140625,-0.72021484375,0.18310546875,-0.1953125,-0.08544921875,0.4150390625,0.048828125,-0.537109375,-0.0732421875,-0.08544921875,-0.03662109375,1.7578125,0.01220703125,0.341796875,0.048828125,0.01220703125,-0.08544921875,-0.08544921875,0.048828125,0.1708984375,-0.06103515625,0.5859375,-0.048828125,0.7568359375,-0.048828125,-0.52490234375,-0.10986328125,-0.5126953125
1,0.048828125,-0.390625,-0.08544921875,-0.35400390625,0.35400390625,-0.42724609375,-0.18310546875,-0.0732421875,0.2197265625,-0.048828125,-0.0732421875,-0.8544921875,-0.23193359375,1.0498046875,-0.18310546875,-0.1220703125,-0.09765625,-0.57373046875,0.0732421875,-0.15869140625,0.13427734375,0.86669921875,0.35400390625,-0.5859375,-0.10986328125,5.1513671875,-0.15869140625,2.13623046875,-0.3173828125,4.736328125,-0.29296875,3.4912109375,-0.10986328125,-0.3173828125,-0.2685546875,-0.86669921875,0.0244140625,-0.439453125,0.01220703125,-0.79345703125,-0.13427734375,-0.23193359375,0.01220703125,-0.6591796875,0.048828125,-0.42724609375,0.29296875,0.62255859375,-0.01220703125,1.18408203125,0.15869140625,0.42724609375,-0.4150390625,-0.20751953125,0.146484375,0.69580078125,-0.1220703125,-0.0732421875,-0.4150390625,-0.1220703125,0.09765625,0.01220703125,-0.47607421875,-0.5615234375,-0.048828125,0.30517578125,0.4150390625,1.0498046875,-0.06103515625,0.1708984375,-0.13427734375,0.20751953125,0.3173828125,0.2685546875,-0.09765625,0.7568359375,-0.18310546875,0.01220703125,-0.0732421875,1.33056640625,0.1708984375,-0.96435546875,0.1708984375,-0.35400390625,0.048828125,-1.01318359375,0.0244140625,-0.76904296875,0.244140625,-1.08642578125,0.146484375,0.1953125,0.244140625,0.28076171875,0.0244140625,-0.45166015625,-0.10986328125,-0.76904296875,-0.29296875,-0.7568359375,-0.20751953125,-0.74462890625,0.15869140625,-0.2197265625,-0.10986328125,0.390625,0.06103515625,-0.5859375,-0.03662109375,-0.13427734375,-0.01220703125,1.708984375,0.0244140625,0.341796875,0.06103515625,0.01220703125,-0.0732421875,-0.10986328125,0.06103515625,0.18310546875,-0.03662109375,0.634765625,-0.048828125,0.732421875,-0.03662109375,-0.52490234375,-0.09765625,-0.5126953125
0,0.09765625,-0.40283203125,-0.10986328125,-0.35400390625,0.25634765625,-0.40283203125,-0.1220703125,-0.08544921875,0.2197265625,-0.03662109375,-0.0732421875,-0.84228515625,-0.23193359375,1.03759765625,-0.1708984375,-0.10986328125,-0.048828125,-0.54931640625,0.15869140625,-0.1220703125,0.0244140625,0.87890625,0.45166015625,-0.59814453125,-0.03662109375,5.0048828125,-0.10986328125,2.1240234375,-0.2197265625,4.6875,-0.29296875,3.43017578125,-0.06103515625,-0.244140625,-0.2197265625,-0.8544921875,0.048828125,-0.4150390625,0.0244140625,-0.78125,-0.20751953125,-0.18310546875,-0.06103515625,-0.67138671875,0.01220703125,-0.4638671875,0.32958984375,0.64697265625,-0.03662109375,1.1474609375,0.25634765625,0.439453125,-0.45166015625,-0.18310546875,0.28076171875,0.7080078125,-0.10986328125,-0.03662109375,-0.42724609375,-0.1220703125,0.13427734375,0.03662109375,-0.48828125,-0.5126953125,-0.0244140625,0.3173828125,0.42724609375,1.0498046875,-0.06103515625,0.146484375,-0.1220703125,0.20751953125,0.28076171875,0.28076171875,-0.15869140625,0.7568359375,-0.18310546875,0.01220703125,-0.06103515625,1.33056640625,0.20751953125,-0.9521484375,0.1220703125,-0.3662109375,0.0732421875,-1.025390625,-0.01220703125,-0.78125,0.28076171875,-1.03759765625,0.13427734375,0.1220703125,0.29296875,0.20751953125,0.09765625,-0.57373046875,-0.10986328125,-0.79345703125,-0.35400390625,-0.7568359375,-0.15869140625,-0.72021484375,0.10986328125,-0.20751953125,-0.0732421875,0.28076171875,0.0732421875,-0.634765625,-0.0244140625,-0.20751953125,-0.01220703125,1.611328125,0,0.32958984375,0.048828125,0.0244140625,-0.08544921875,-0.13427734375,0.09765625,0.18310546875,-0.0244140625,0.6591796875,-0.0244140625,0.72021484375,-0.048828125,-0.537109375,-0.08544921875,-0.52490234375
0,0.10986328125,-0.390625,-0.1220703125,-0.35400390625,0.13427734375,-0.40283203125,-0.06103515625,-0.0732421875,0.20751953125,-0.0244140625,-0.03662109375,-0.8544921875,-0.2685546875,1.025390625,-0.13427734375,-0.10986328125,-0.0244140625,-0.57373046875,0.1953125,-0.10986328125,-0.06103515625,0.87890625,0.59814453125,-0.59814453125,-0.01220703125,4.94384765625,-0.10986328125,2.1484375,-0.18310546875,4.6875,-0.25634765625,3.4423828125,-0.03662109375,-0.1220703125,-0.1708984375,-0.830078125,0.03662109375,-0.37841796875,0.0732421875,-0.76904296875,-0.25634765625,-0.1708984375,-0.10986328125,-0.69580078125,-0.03662109375,-0.4638671875,0.37841796875,0.67138671875,-0.09765625,1.13525390625,0.3662109375,0.47607421875,-0.45166015625,-0.18310546875,0.47607421875,0.72021484375,-0.1220703125,-0.048828125,-0.45166015625,-0.09765625,0.23193359375,0.0732421875,-0.48828125,-0.47607421875,0.03662109375,0.2685546875,0.390625,1.0498046875,-0.0244140625,0.13427734375,-0.15869140625,0.20751953125,0.23193359375,0.25634765625,-0.2197265625,0.79345703125,-0.15869140625,0.01220703125,-0.01220703125,1.33056640625,0.18310546875,-0.96435546875,0.0732421875,-0.390625,0.09765625,-1.03759765625,-0.03662109375,-0.79345703125,0.3173828125,-0.87890625,0.1220703125,0.08544921875,0.3173828125,0.1953125,0.15869140625,-0.59814453125,-0.06103515625,-0.79345703125,-0.3662109375,-0.74462890625,-0.10986328125,-0.72021484375,0.0732421875,-0.2197265625,0,0.1708984375,0.048828125,-0.732421875,0.0244140625,-0.30517578125,-0.0244140625,1.47705078125,0.0244140625,0.3173828125,0.06103515625,0.03662109375,-0.08544921875,-0.1220703125,0.10986328125,0.1953125,0,0.6591796875,-0.01220703125,0.72021484375,-0.03662109375,-0.537109375,-0.1220703125,-0.5615234375
0,0.146484375,-0.390625,-0.1220703125,-0.3662109375,0.0244140625,-0.40283203125,-0.0244140625,-0.06103515625,0.18310546875,-0.03662109375,-0.048828125,-0.8544921875,-0.2685546875,1.06201171875,-0.10986328125,-0.10986328125,-0.01220703125,-0.5615234375,0.1953125,-0.10986328125,-0.0732421875,0.89111328125,0.6103515625,-0.5615234375,0.048828125,4.99267578125,-0.06103515625,2.18505859375,-0.13427734375,4.74853515625,-0.23193359375,3.4423828125,-0.01220703125,0.01220703125,-0.1708984375,-0.84228515625,0.03662109375,-0.35400390625,0.13427734375,-0.7568359375,-0.2685546875,-0.1708984375,-0.18310546875,-0.72021484375,-0.08544921875,-0.439453125,0.37841796875,0.68359375,-0.146484375,1.11083984375,0.3662109375,0.48828125,-0.439453125,-0.1953125,0.62255859375,0.7080078125,-0.08544921875,-0.03662109375,-0.45166015625,-0.09765625,0.25634765625,0.0732421875,-0.5126953125,-0.42724609375,0.08544921875,0.2197265625,0.3173828125,1.0498046875,0,0.15869140625,-0.1953125,0.20751953125,0.20751953125,0.23193359375,-0.25634765625,0.78125,-0.13427734375,0.01220703125,0,1.318359375,0.13427734375,-0.9765625,0.0244140625,-0.390625,0.1220703125,-1.03759765625,-0.06103515625,-0.81787109375,0.390625,-0.537109375,0.06103515625,0.18310546875,0.3173828125,0.2685546875,0.20751953125,-0.5126953125,-0.048828125,-0.8056640625,-0.3662109375,-0.7568359375,-0.09765625,-0.72021484375,0.06103515625,-0.2197265625,0.0732421875,0.03662109375,0.1220703125,-0.81787109375,0.03662109375,-0.40283203125,-0.06103515625,1.3427734375,0.048828125,0.30517578125,0.0244140625,0.03662109375,-0.08544921875,-0.10986328125,0.1220703125,0.2197265625,0.0244140625,0.62255859375,-0.01220703125,0.7080078125,-0.01220703125,-0.54931640625,-0.10986328125,-0.5859375
0,0.18310546875,-0.37841796875,-0.08544921875,-0.3662109375,-0.06103515625,-0.37841796875,-0.01220703125,-0.0732421875,0.1708984375,-0.0244140625,-0.048828125,-0.86669921875,-0.25634765625,1.07421875,-0.09765625,-0.1220703125,0.0244140625,-0.5859375,0.1220703125,-0.13427734375,-0.09765625,0.87890625,0.537109375,-0.5615234375,0.146484375,5.0537109375,-0.0732421875,2.2216796875,-0.13427734375,4.7607421875,-0.18310546875,3.466796875,0.03662109375,0.10986328125,-0.18310546875,-0.830078125,0,-0.3662109375,0.146484375,-0.74462890625,-0.23193359375,-0.1708984375,-0.1708984375,-0.7080078125,-0.13427734375,-0.439453125,0.32958984375,0.69580078125,-0.13427734375,1.123046875,0.341796875,0.48828125,-0.5126953125,-0.20751953125,0.76904296875,0.7080078125,-0.048828125,-0.03662109375,-0.4638671875,-0.09765625,0.32958984375,0.06103515625,-0.47607421875,-0.40283203125,0.146484375,0.18310546875,0.23193359375,1.0498046875,0,0.1708984375,-0.244140625,0.2197265625,0.15869140625,0.2197265625,-0.28076171875,0.76904296875,-0.0732421875,0.0244140625,-0.01220703125,1.318359375,0.0732421875,-0.98876953125,-0.03662109375,-0.390625,0.0732421875,-1.025390625,-0.0244140625,-0.830078125,0.30517578125,0,0.01220703125,0.4150390625,0.30517578125,0.5126953125,0.23193359375,-0.20751953125,-0.0244140625,-0.8056640625,-0.29296875,-0.7568359375,-0.06103515625,-0.72021484375,0.03662109375,-0.2197265625,0.1220703125,-0.0732421875,0.18310546875,-0.89111328125,0.0244140625,-0.48828125,-0.06103515625,1.23291015625,0.0244140625,0.341796875,0,0.0244140625,-0.08544921875,-0.08544921875,0.10986328125,0.2197265625,0.0244140625,0.5615234375,0.01220703125,0.72021484375,-0.0244140625,-0.54931640625,-0.09765625,-0.57373046875
0,0.1953125,-0.3662109375,-0.0244140625,-0.37841796875,-0.13427734375,-0.390625,0,-0.08544921875,0.146484375,-0.0244140625,-0.06103515625,-0.87890625,-0.28076171875,1.08642578125,-0.1220703125,-0.146484375,0.03662109375,-0.57373046875,-0.01220703125,-0.13427734375,-0.13427734375,0.9033203125,0.4150390625,-0.54931640625,0.23193359375,5.09033203125,-0.09765625,2.20947265625,-0.10986328125,4.7607421875,-0.10986328125,3.43017578125,0.08544921875,0.20751953125,-0.13427734375,-0.8544921875,-0.0732421875,-0.37841796875,0.13427734375,-0.7568359375,-0.18310546875,-0.15869140625,-0.20751953125,-0.69580078125,-0.1220703125,-0.4150390625,0.20751953125,0.69580078125,-0.08544921875,1.123046875,0.28076171875,0.5126953125,-0.54931640625,-0.1953125,0.87890625,0.72021484375,-0.03662109375,-0.01220703125,-0.52490234375,-0.08544921875,0.390625,0.048828125,-0.45166015625,-0.37841796875,0.1953125,0.1708984375,0.15869140625,1.0498046875,-0.01220703125,0.18310546875,-0.25634765625,0.1953125,0.048828125,0.23193359375,-0.3173828125,0.78125,-0.0244140625,0.01220703125,-0.01220703125,1.30615234375,0.01220703125,-1.0009765625,-0.09765625,-0.390625,0,-1.025390625,-0.0244140625,-0.84228515625,0.23193359375,0.7568359375,-0.06103515625,0.78125,0.244140625,0.93994140625,0.1953125,0.29296875,-0.048828125,-0.81787109375,-0.2197265625,-0.7568359375,-0.048828125,-0.7080078125,0.08544921875,-0.2197265625,0.09765625,-0.15869140625,0.13427734375,-0.93994140625,-0.01220703125,-0.5615234375,-0.10986328125,1.11083984375,0.0244140625,0.341796875,0,0.01220703125,-0.08544921875,-0.0732421875,0.10986328125,0.23193359375,0.0244140625,0.50048828125,0,0.72021484375,-0.0244140625,-0.52490234375,-0.08544921875,-0.5859375
0,0.1708984375,-0.35400390625,0.01220703125,-0.37841796875,-0.18310546875,-0.390625,0,-0.0732421875,0.13427734375,-0.03662109375,-0.06103515625,-0.87890625,-0.244140625,1.11083984375,-0.09765625,-0.13427734375,0.0732421875,-0.5859375,-0.1220703125,-0.15869140625,-0.13427734375,0.87890625,0.244140625,-0.537109375,0.29296875,5.01708984375,-0.10986328125,2.13623046875,-0.08544921875,4.67529296875,-0.0244140625,3.35693359375,0.13427734375,0.244140625,-0.10986328125,-0.86669921875,-0.09765625,-0.42724609375,0.13427734375,-0.74462890625,-0.146484375,-0.1953125,-0.244140625,-0.69580078125,-0.08544921875,-0.4150390625,0.1220703125,0.68359375,0.01220703125,1.15966796875,0.29296875,0.5126953125,-0.69580078125,-0.1953125,0.93994140625,0.72021484375,0,0,-0.48828125,-0.08544921875,0.439453125,0.03662109375,-0.3173828125,-0.341796875,0.2197265625,0.1708984375,0.10986328125,1.03759765625,-0.09765625,0.1953125,-0.2685546875,0.18310546875,-0.048828125,0.244140625,-0.32958984375,0.74462890625,0.048828125,-0.01220703125,-0.0244140625,1.30615234375,-0.048828125,-1.0009765625,-0.09765625,-0.3662109375,-0.0732421875,-1.025390625,-0.0244140625,-0.8544921875,0.25634765625,1.6845703125,-0.09765625,1.2939453125,0.1953125,1.5380859375,0.1220703125,0.9765625,-0.0732421875,-0.81787109375,-0.15869140625,-0.7568359375,-0.048828125,-0.69580078125,0.1220703125,-0.2197265625,0.146484375,-0.2197265625,0.1708984375,-0.9765625,0,-0.59814453125,-0.0244140625,1.0498046875,0.01220703125,0.3662109375,0.01220703125,0.01220703125,-0.09765625,-0.048828125,0.08544921875,0.20751953125,0.0244140625,0.4638671875,0,0.732421875,-0.0244140625,-0.5126953125,-0.048828125,-0.57373046875
0,0.1220703125,-0.35400390625,0.048828125,-0.37841796875,-0.244140625,-0.40283203125,-0.01220703125,-0.0732421875,0.10986328125,-0.0244140625,-0.08544921875,-0.89111328125,-0.2197265625,1.0986328125,-0.10986328125,-0.13427734375,0.10986328125,-0.57373046875,-0.2197265625,-0.1708984375,-0.15869140625,0.89111328125,0.09765625,-0.52490234375,0.4150390625,4.77294921875,-0.18310546875,1.953125,-0.0732421875,4.47998046875,0.0244140625,3.173828125,0.2197265625,0.28076171875,-0.08544921875,-0.9033203125,-0.10986328125,-0.48828125,0.0732421875,-0.76904296875,-0.146484375,-0.1953125,-0.18310546875,-0.67138671875,-0.0244140625,-0.40283203125,0.03662109375,0.64697265625,0.10986328125,1.20849609375,0.35400390625,0.50048828125,-0.78125,-0.23193359375,0.96435546875,0.732421875,0,0.048828125,-0.42724609375,-0.08544921875,0.439453125,-0.01220703125,-0.1708984375,-0.32958984375,0.23193359375,0.1708984375,0.0732421875,1.0498046875,-0.1708984375,0.20751953125,-0.28076171875,0.1953125,-0.13427734375,0.2197265625,-0.341796875,0.732421875,0.0732421875,-0.03662109375,-0.048828125,1.30615234375,-0.10986328125,-1.0009765625,-0.08544921875,-0.341796875,-0.10986328125,-0.98876953125,-0.03662109375,-0.8544921875,0.15869140625,2.783203125,-0.10986328125,1.9287109375,0.1220703125,2.24609375,0.03662109375,1.77001953125,-0.1220703125,-0.81787109375,-0.10986328125,-0.76904296875,-0.03662109375,-0.67138671875,0.1953125,-0.1953125,0.048828125,-0.28076171875,0.08544921875,-1.01318359375,-0.1220703125,-0.62255859375,-0.0732421875,1.0009765625,0.0244140625,0.35400390625,0.0244140625,0,-0.0732421875,-0.03662109375,0.0732421875,0.20751953125,0.0244140625,0.390625,0.01220703125,0.74462890625,-0.048828125,-0.52490234375,-0.03662109375,-0.5615234375
0,0.048828125,-0.35400390625,0.06103515625,-0.35400390625,-0.244140625,-0.4150390625,-0.048828125,-0.048828125,0.08544921875,-0.0244140625,-0.0732421875,-0.89111328125,-0.2197265625,1.0986328125,-0.09765625,-0.13427734375,0.06103515625,-0.57373046875,-0.244140625,-0.18310546875,-0.18310546875,0.87890625,0.0244140625,-0.52490234375,0.439453125,4.33349609375,-0.1220703125,1.69677734375,-0.0244140625,4.18701171875,0.0732421875,2.89306640625,0.30517578125,0.29296875,-0.09765625,-0.91552734375,-0.0732421875,-0.537109375,0.06103515625,-0.79345703125,-0.1708984375,-0.23193359375,-0.15869140625,-0.64697265625,0,-0.40283203125,0.01220703125,0.62255859375,0.18310546875,1.2451171875,0.3662109375,0.48828125,-0.830078125,-0.23193359375,0.89111328125,0.72021484375,-0.06103515625,0.06103515625,-0.32958984375,-0.0732421875,0.40283203125,-0.0244140625,-0.03662109375,-0.32958984375,0.244140625,0.2197265625,0.048828125,1.0498046875,-0.2197265625,0.2197265625,-0.2685546875,0.1953125,-0.20751953125,0.23193359375,-0.32958984375,0.76904296875,0.0732421875,-0.0244140625,0,1.2939453125,-0.15869140625,-1.01318359375,-0.048828125,-0.32958984375,-0.13427734375,-1.0009765625,-0.0732421875,-0.830078125,0.1708984375,3.955078125,-0.03662109375,2.57568359375,0.06103515625,2.99072265625,0.01220703125,2.64892578125,-0.1220703125,-0.8056640625,-0.08544921875,-0.79345703125,-0.0244140625,-0.7080078125,0.2685546875,-0.20751953125,-0.03662109375,-0.3173828125,-0.0244140625,-1.03759765625,-0.13427734375,-0.6591796875,-0.10986328125,0.96435546875,0,0.37841796875,0.048828125,-0.01220703125,-0.08544921875,-0.03662109375,0.0732421875,0.20751953125,0.01220703125,0.32958984375,0.01220703125,0.74462890625,-0.03662109375,-0.50048828125,-0.01220703125,-0.537109375
0,0.0244140625,-0.37841796875,0.0732421875,-0.341796875,-0.28076171875,-0.42724609375,-0.03662109375,-0.0732421875,0.0732421875,-0.048828125,-0.08544921875,-0.89111328125,-0.2197265625,1.08642578125,-0.09765625,-0.13427734375,-0.03662109375,-0.54931640625,-0.23193359375,-0.1953125,-0.25634765625,0.9033203125,0,-0.537109375,0.35400390625,3.7109375,-0.146484375,1.3671875,-0.08544921875,3.7841796875,-0.0244140625,2.57568359375,0.35400390625,0.30517578125,-0.1708984375,-0.9033203125,-0.0244140625,-0.5615234375,0,-0.81787109375,-0.20751953125,-0.25634765625,-0.048828125,-0.62255859375,0.01220703125,-0.4150390625,0,0.59814453125,0.28076171875,1.220703125,0.341796875,0.47607421875,-0.91552734375,-0.2197265625,0.830078125,0.7080078125,-0.1220703125,0.06103515625,-0.32958984375,-0.06103515625,0.341796875,-0.048828125,0.01220703125,-0.3173828125,0.20751953125,0.28076171875,-0.0244140625,1.0498046875,-0.28076171875,0.2197265625,-0.244140625,0.1953125,-0.25634765625,0.244140625,-0.29296875,0.732421875,0.0732421875,-0.0244140625,0.03662109375,1.2939453125,-0.1953125,-1.01318359375,0,-0.3173828125,-0.15869140625,-1.0009765625,-0.1220703125,-0.81787109375,0.08544921875,5.0537109375,-0.0244140625,3.21044921875,-0.08544921875,3.7353515625,-0.01220703125,3.4912109375,-0.1220703125,-0.81787109375,-0.09765625,-0.79345703125,-0.0244140625,-0.69580078125,0.244140625,-0.2197265625,0.03662109375,-0.341796875,0.08544921875,-1.06201171875,-0.09765625,-0.67138671875,-0.048828125,0.91552734375,0,0.3662109375,0.09765625,0,-0.08544921875,-0.06103515625,0.06103515625,0.20751953125,0.01220703125,0.28076171875,0.01220703125,0.74462890625,-0.0244140625,-0.50048828125,-0.01220703125,-0.52490234375
0,0,-0.3662109375,0.09765625,-0.32958984375,-0.2685546875,-0.4150390625,0,-0.06103515625,0.0244140625,-0.048828125,-0.06103515625,-0.89111328125,-0.1953125,1.06201171875,-0.0732421875,-0.13427734375,-0.18310546875,-0.54931640625,-0.1953125,-0.18310546875,-0.341796875,0.89111328125,0.048828125,-0.5615234375,0.30517578125,2.9541015625,-0.10986328125,1.025390625,-0.1220703125,3.2958984375,-0.1220703125,2.18505859375,0.341796875,0.29296875,-0.2685546875,-0.91552734375,0.048828125,-0.5615234375,-0.0244140625,-0.830078125,-0.244140625,-0.244140625,0.0244140625,-0.5859375,-0.01220703125,-0.42724609375,0.0244140625,0.57373046875,0.390625,1.220703125,0.390625,0.48828125,-1.025390625,-0.1953125,0.76904296875,0.68359375,-0.146484375,0.06103515625,-0.2685546875,-0.0732421875,0.3662109375,-0.0732421875,0.1220703125,-0.32958984375,0.18310546875,0.35400390625,-0.03662109375,1.01318359375,-0.32958984375,0.18310546875,-0.2197265625,0.2197265625,-0.29296875,0.244140625,-0.25634765625,0.732421875,0.06103515625,-0.0244140625,0.08544921875,1.28173828125,-0.23193359375,-0.98876953125,0.09765625,-0.30517578125,-0.18310546875,-0.9765625,-0.15869140625,-0.79345703125,-0.01220703125,6.04248046875,0.01220703125,3.7841796875,-0.146484375,4.38232421875,0.0244140625,4.19921875,-0.08544921875,-0.8056640625,-0.048828125,-0.79345703125,-0.03662109375,-0.7080078125,0.2685546875,-0.20751953125,-0.03662109375,-0.4150390625,0.03662109375,-1.08642578125,-0.1708984375,-0.68359375,-0.1220703125,0.9033203125,0.0244140625,0.37841796875,0.09765625,0.01220703125,-0.08544921875,-0.0732421875,0.06103515625,0.1953125,0,0.25634765625,-0.01220703125,0.7568359375,-0.01220703125,-0.5126953125,-0.01220703125,-0.52490234375
0,0.0244140625,-0.37841796875,0.0732421875,-0.3173828125,-0.2685546875,-0.4150390625,0.06103515625,-0.06103515625,0,-0.048828125,-0.09765625,-0.89111328125,-0.1953125,1.06201171875,-0.048828125,-0.13427734375,-0.30517578125,-0.537109375,-0.146484375,-0.18310546875,-0.439453125,0.87890625,0.1220703125,-0.5859375,0.23193359375,2.1240234375,-0.10986328125,0.634765625,-0.1953125,2.8076171875,-0.25634765625,1.7822265625,0.2685546875,0.25634765625,-0.35400390625,-0.91552734375,0.08544921875,-0.537109375,-0.048828125,-0.8056640625,-0.244140625,-0.25634765625,0.0244140625,-0.57373046875,-0.048828125,-0.4150390625,0.0732421875,0.57373046875,0.45166015625,1.1962890625,0.32958984375,0.47607421875,-1.0986328125,-0.18310546875,0.6591796875,0.68359375,-0.1708984375,0.10986328125,-0.2197265625,-0.06103515625,0.37841796875,-0.048828125,0.1953125,-0.3173828125,0.1708984375,0.45166015625,-0.10986328125,1.025390625,-0.35400390625,0.1708984375,-0.1708984375,0.20751953125,-0.37841796875,0.244140625,-0.2197265625,0.732421875,0.0732421875,-0.0244140625,0.1953125,1.28173828125,-0.2197265625,-0.98876953125,0.1708984375,-0.3173828125,-0.20751953125,-1.025390625,-0.18310546875,-0.78125,-0.08544921875,6.787109375,0,4.18701171875,-0.244140625,4.8583984375,0.03662109375,4.7119140625,-0.03662109375,-0.81787109375,-0.03662109375,-0.79345703125,-0.0244140625,-0.72021484375,0.25634765625,-0.1953125,0.0244140625,-0.4638671875,0.0732421875,-1.123046875,-0.10986328125,-0.72021484375,-0.08544921875,0.84228515625,0.048828125,0.37841796875,0.09765625,0.0244140625,-0.0732421875,-0.08544921875,0.06103515625,0.18310546875,0.01220703125,0.20751953125,-0.01220703125,0.7568359375,-0.01220703125,-0.54931640625,0,-0.52490234375
0,0.03662109375,-0.390625,0,-0.3173828125,-0.25634765625,-0.40283203125,0.10986328125,-0.06103515625,-0.01220703125,-0.048828125,-0.10986328125,-0.89111328125,-0.1953125,1.06201171875,-0.01220703125,-0.146484375,-0.390625,-0.52490234375,-0.09765625,-0.1708984375,-0.48828125,0.9033203125,0.2197265625,-0.57373046875,0.09765625,1.318359375,-0.1953125,0.2685546875,-0.30517578125,2.33154296875,-0.37841796875,1.416015625,0.244140625,0.2685546875,-0.37841796875,-0.89111328125,0.13427734375,-0.52490234375,-0.08544921875,-0.830078125,-0.2197265625,-0.25634765625,0.048828125,-0.54931640625,-0.06103515625,-0.4150390625,0.20751953125,0.5615234375,0.4638671875,1.171875,0.40283203125,0.48828125,-1.11083984375,-0.15869140625,0.5859375,0.69580078125,-0.1953125,0.10986328125,-0.18310546875,-0.03662109375,0.32958984375,-0.01220703125,0.20751953125,-0.29296875,0.13427734375,0.5615234375,-0.1220703125,1.01318359375,-0.390625,0.15869140625,-0.13427734375,0.23193359375,-0.35400390625,0.244140625,-0.18310546875,0.732421875,0.0732421875,0,0.23193359375,1.28173828125,-0.1708984375,-0.98876953125,0.2197265625,-0.341796875,-0.20751953125,-1.01318359375,-0.18310546875,-0.7568359375,-0.1708984375,7.21435546875,-0.048828125,4.38232421875,-0.28076171875,5.126953125,0.03662109375,4.98046875,-0.01220703125,-0.8056640625,-0.03662109375,-0.78125,-0.0244140625,-0.7080078125,0.20751953125,-0.20751953125,0.03662109375,-0.48828125,0.08544921875,-1.171875,-0.10986328125,-0.76904296875,-0.0732421875,0.78125,0.08544921875,0.390625,0.1220703125,0.03662109375,-0.0732421875,-0.06103515625,0.08544921875,0.18310546875,-0.01220703125,0.18310546875,-0.06103515625,0.7568359375,-0.0244140625,-0.537109375,0,-0.54931640625
0,0.048828125,-0.37841796875,-0.03662109375,-0.341796875,-0.32958984375,-0.40283203125,0.1953125,-0.06103515625,-0.048828125,-0.048828125,-0.09765625,-0.89111328125,-0.18310546875,1.0498046875,0.03662109375,-0.15869140625,-0.390625,-0.537109375,-0.03662109375,-0.146484375,-0.45166015625,0.927734375,0.29296875,-0.57373046875,0.048828125,0.67138671875,-0.20751953125,0,-0.3662109375,1.94091796875,-0.37841796875,1.0986328125,0.244140625,0.25634765625,-0.37841796875,-0.87890625,0.13427734375,-0.4638671875,-0.06103515625,-0.8056640625,-0.18310546875,-0.2197265625,-0.01220703125,-0.537109375,-0.0732421875,-0.42724609375,0.341796875,0.57373046875,0.40283203125,1.123046875,0.439453125,0.47607421875,-1.123046875,-0.15869140625,0.47607421875,0.69580078125,-0.13427734375,0.13427734375,-0.146484375,-0.0244140625,0.30517578125,0.03662109375,0.30517578125,-0.244140625,0.10986328125,0.64697265625,-0.146484375,1.0498046875,-0.37841796875,0.1708984375,-0.1220703125,0.20751953125,-0.390625,0.244140625,-0.18310546875,0.76904296875,0.08544921875,0.01220703125,0.28076171875,1.33056640625,-0.08544921875,-1.0009765625,0.23193359375,-0.341796875,-0.244140625,-1.025390625,-0.1708984375,-0.79345703125,-0.048828125,7.2998046875,-0.03662109375,4.40673828125,-0.25634765625,5.1513671875,0.08544921875,4.98046875,0.0244140625,-0.8056640625,-0.0244140625,-0.78125,-0.01220703125,-0.69580078125,0.13427734375,-0.2197265625,0.0732421875,-0.52490234375,0.06103515625,-1.15966796875,-0.10986328125,-0.78125,-0.0732421875,0.7568359375,0.048828125,0.390625,0.10986328125,0.03662109375,-0.0732421875,-0.06103515625,0.09765625,0.18310546875,-0.01220703125,0.13427734375,-0.0732421875,0.7568359375,0,-0.5615234375,-0.0244140625,-0.54931640625
1,0.08544921875,-0.390625,-0.08544921875,-0.341796875,-0.3662109375,-0.390625,0.25634765625,-0.048828125,-0.0732421875,-0.03662109375,-0.09765625,-0.89111328125,-0.1953125,1.03759765625,0.06103515625,-0.1220703125,-0.35400390625,-0.54931640625,0.0244140625,-0.13427734375,-0.40283203125,0.91552734375,0.30517578125,-0.5859375,-0.06103515625,0.20751953125,-0.25634765625,-0.1708984375,-0.4638671875,1.69677734375,-0.390625,0.91552734375,0.2197265625,0.20751953125,-0.3173828125,-0.8544921875,0.1220703125,-0.42724609375,0.01220703125,-0.8056640625,-0.13427734375,-0.1953125,-0.08544921875,-0.5126953125,-0.048828125,-0.42724609375,0.42724609375,0.5859375,0.30517578125,1.08642578125,0.50048828125,0.47607421875,-1.123046875,-0.146484375,0.37841796875,0.69580078125,-0.10986328125,0.1708984375,-0.146484375,0.03662109375,0.25634765625,0.09765625,0.28076171875,-0.20751953125,0.08544921875,0.732421875,-0.1708984375,1.025390625,-0.3173828125,0.1708984375,-0.146484375,0.20751953125,-0.35400390625,0.23193359375,-0.13427734375,0.79345703125,0.1220703125,0.0244140625,0.3173828125,1.318359375,0.0244140625,-1.0009765625,0.20751953125,-0.3662109375,-0.28076171875,-1.01318359375,-0.1220703125,-0.81787109375,0.0732421875,7.1044921875,-0.0732421875,4.248046875,-0.1708984375,4.98046875,0.08544921875,4.78515625,0.03662109375,-0.830078125,0.0244140625,-0.79345703125,-0.0244140625,-0.72021484375,0.01220703125,-0.2197265625,0.0732421875,-0.50048828125,0.03662109375,-1.18408203125,-0.08544921875,-0.79345703125,-0.08544921875,0.76904296875,0.06103515625,0.37841796875,0.13427734375,0.06103515625,-0.0732421875,-0.048828125,0.10986328125,0.20751953125,0,0.10986328125,-0.08544921875,0.7568359375,0.01220703125,-0.54931640625,-0.0244140625,-0.59814453125
1,0.09765625,-0.37841796875,-0.08544921875,-0.35400390625,-0.42724609375,-0.40283203125,0.2685546875,-0.048828125,-0.1220703125,-0.0244140625,-0.09765625,-0.9033203125,-0.20751953125,1.0498046875,0.08544921875,-0.1220703125,-0.25634765625,-0.5615234375,0.03662109375,-0.1220703125,-0.28076171875,0.91552734375,0.244140625,-0.5615234375,-0.09765625,0.08544921875,-0.2197265625,-0.23193359375,-0.48828125,1.62353515625,-0.29296875,0.89111328125,0.1953125,0.18310546875,-0.28076171875,-0.86669921875,0.09765625,-0.4150390625,0.1220703125,-0.78125,-0.08544921875,-0.1953125,-0.15869140625,-0.5126953125,-0.048828125,-0.40283203125,0.47607421875,0.6103515625,0.244140625,1.0986328125,0.50048828125,0.48828125,-1.11083984375,-0.1708984375,0.29296875,0.68359375,-0.06103515625,0.23193359375,-0.146484375,0.0732421875,0.25634765625,0.1708984375,0.25634765625,-0.13427734375,0.01220703125,0.84228515625,-0.18310546875,1.03759765625,-0.2685546875,0.18310546875,-0.1953125,0.1953125,-0.2685546875,0.25634765625,-0.0732421875,0.78125,0.146484375,0.0244140625,0.30517578125,1.33056640625,0.13427734375,-1.0009765625,0.1708984375,-0.3662109375,-0.30517578125,-1.025390625,-0.06103515625,-0.79345703125,0.06103515625,6.6162109375,-0.13427734375,3.955078125,-0.10986328125,4.638671875,0.06103515625,4.43115234375,-0.0244140625,-0.84228515625,0.03662109375,-0.79345703125,-0.03662109375,-0.72021484375,-0.0732421875,-0.2197265625,0.01220703125,-0.45166015625,-0.0244140625,-1.1474609375,-0.08544921875,-0.76904296875,-0.15869140625,0.81787109375,0.0732421875,0.3662109375,0.09765625,0.03662109375,-0.0732421875,-0.0244140625,0.10986328125,0.20751953125,-0.01220703125,0.048828125,-0.06103515625,0.732421875,0,-0.52490234375,-0.0244140625,-0.59814453125
1,0.09765625,-0.37841796875,-0.06103515625,-0.341796875,-0.4638671875,-0.390625,0.2685546875,-0.03662109375,-0.1220703125,0,-0.09765625,-0.86669921875,-0.1953125,1.07421875,0.10986328125,-0.10986328125,-0.15869140625,-0.57373046875,0.03662109375,-0.1220703125,-0.146484375,0.91552734375,0.1708984375,-0.57373046875,-0.1220703125,0.341796875,-0.2197265625,-0.08544921875,-0.537109375,1.7822265625,-0.25634765625,1.06201171875,0.18310546875,0.13427734375,-0.2197265625,-0.84228515625,0.0732421875,-0.3662109375,0.1953125,-0.7568359375,-0.0732421875,-0.1708984375,-0.20751953125,-0.50048828125,-0.048828125,-0.40283203125,0.47607421875,0.634765625,0.1953125,1.0986328125,0.4638671875,0.47607421875,-1.07421875,-0.18310546875,0.1708984375,0.7080078125,0.0244140625,0.30517578125,-0.10986328125,0.146484375,0.18310546875,0.244140625,0.28076171875,-0.048828125,0,0.91552734375,-0.20751953125,1.0498046875,-0.1708984375,0.1953125,-0.23193359375,0.1953125,-0.2197265625,0.23193359375,-0.0244140625,0.830078125,0.15869140625,0.01220703125,0.30517578125,1.33056640625,0.244140625,-1.0009765625,0.10986328125,-0.3662109375,-0.29296875,-1.025390625,0.0244140625,-0.8056640625,0.0732421875,5.96923828125,-0.18310546875,3.60107421875,-0.0244140625,4.19921875,0.03662109375,3.96728515625,-0.048828125,-0.84228515625,0.048828125,-0.8056640625,-0.048828125,-0.72021484375,-0.1220703125,-0.244140625,0.0244140625,-0.35400390625,0.048828125,-1.07421875,-0.048828125,-0.67138671875,-0.1708984375,0.927734375,0.0732421875,0.35400390625,0.08544921875,0.03662109375,-0.0732421875,-0.03662109375,0.09765625,0.1953125,-0.01220703125,0,-0.09765625,0.74462890625,0,-0.5126953125,-0.03662109375,-0.59814453125
1,0.09765625,-0.37841796875,0,-0.341796875,-0.47607421875,-0.390625,0.25634765625,-0.0244140625,-0.146484375,-0.01220703125,-0.09765625,-0.86669921875,-0.18310546875,1.06201171875,0.10986328125,-0.09765625,-0.0732421875,-0.6103515625,-0.01220703125,-0.1220703125,-0.03662109375,0.89111328125,0.09765625,-0.5615234375,-0.048828125,0.9521484375,-0.18310546875,0.18310546875,-0.52490234375,2.1484375,-0.23193359375,1.37939453125,0.1708984375,0.08544921875,-0.15869140625,-0.84228515625,0.048828125,-0.37841796875,0.25634765625,-0.7568359375,-0.10986328125,-0.15869140625,-0.20751953125,-0.50048828125,-0.03662109375,-0.390625,0.47607421875,0.634765625,0.13427734375,1.123046875,0.40283203125,0.47607421875,-0.9521484375,-0.1953125,0.0732421875,0.7080078125,0.08544921875,0.4150390625,-0.13427734375,0.1953125,0.0732421875,0.32958984375,0.1953125,0.06103515625,0,0.98876953125,-0.20751953125,1.06201171875,-0.09765625,0.2197265625,-0.2685546875,0.20751953125,-0.1953125,0.25634765625,0.0244140625,0.81787109375,0.15869140625,0.01220703125,0.28076171875,1.33056640625,0.2685546875,-0.98876953125,0.03662109375,-0.3662109375,-0.23193359375,-1.01318359375,0.08544921875,-0.81787109375,0.146484375,5.2490234375,-0.2197265625,3.23486328125,0.0244140625,3.74755859375,0.03662109375,3.466796875,-0.0732421875,-0.86669921875,0.0244140625,-0.81787109375,-0.0732421875,-0.72021484375,-0.15869140625,-0.2197265625,-0.06103515625,-0.20751953125,0.1220703125,-0.9521484375,-0.0732421875,-0.5615234375,-0.1953125,1.11083984375,0.08544921875,0.341796875,0.08544921875,0.01220703125,-0.0732421875,-0.03662109375,0.048828125,0.1953125,-0.01220703125,-0.048828125,-0.048828125,0.7568359375,-0.03662109375,-0.50048828125,-0.03662109375,-0.5859375
1,0.08544921875,-0.37841796875,0.0244140625,-0.35400390625,-0.4150390625,-0.40283203125,0.2197265625,-0.048828125,-0.18310546875,-0.0244140625,-0.09765625,-0.87890625,-0.15869140625,1.06201171875,0.09765625,-0.1220703125,0.0244140625,-0.59814453125,-0.048828125,-0.15869140625,0.03662109375,0.9033203125,0.048828125,-0.52490234375,0.01220703125,1.904296875,-0.13427734375,0.64697265625,-0.439453125,2.7099609375,-0.1708984375,1.89208984375,0.25634765625,0,-0.1708984375,-0.87890625,0.03662109375,-0.3662109375,0.3173828125,-0.74462890625,-0.15869140625,-0.1708984375,-0.1708984375,-0.5126953125,-0.0244140625,-0.40283203125,0.40283203125,0.6591796875,0.09765625,1.15966796875,0.40283203125,0.47607421875,-0.8544921875,-0.25634765625,-0.0244140625,0.7080078125,0.1220703125,0.54931640625,-0.13427734375,0.28076171875,-0.01220703125,0.390625,0.1953125,0.18310546875,-0.01220703125,1.01318359375,-0.18310546875,1.0498046875,-0.048828125,0.20751953125,-0.3173828125,0.20751953125,-0.18310546875,0.244140625,0.08544921875,0.830078125,0.15869140625,0,0.244140625,1.318359375,0.29296875,-0.98876953125,-0.03662109375,-0.3662109375,-0.15869140625,-1.0009765625,0.10986328125,-0.8056640625,0.1708984375,4.55322265625,-0.23193359375,2.9052734375,0.03662109375,3.369140625,0.048828125,3.06396484375,-0.09765625,-0.84228515625,0,-0.8056640625,-0.13427734375,-0.732421875,-0.18310546875,-0.2197265625,-0.048828125,-0.048828125,0.146484375,-0.81787109375,-0.08544921875,-0.40283203125,-0.1708984375,1.2939453125,0.06103515625,0.32958984375,0.08544921875,0.01220703125,-0.0732421875,-0.01220703125,0,0.1953125,-0.03662109375,-0.08544921875,-0.03662109375,0.7568359375,-0.01220703125,-0.48828125,-0.0244140625,-0.5859375
1,0.09765625,-0.35400390625,0.0732421875,-0.35400390625,-0.341796875,-0.4150390625,0.1708984375,-0.0244140625,-0.2197265625,-0.01220703125,-0.09765625,-0.86669921875,-0.1708984375,1.08642578125,0.1220703125,-0.13427734375,0.13427734375,-0.5859375,-0.0732421875,-0.1708984375,-0.03662109375,0.87890625,0.08544921875,-0.537109375,-0.08544921875,3.125,-0.1220703125,1.23291015625,-0.42724609375,3.47900390625,-0.18310546875,2.55126953125,0.2685546875,-0.0732421875,-0.1220703125,-0.89111328125,0.0244140625,-0.390625,0.35400390625,-0.7568359375,-0.25634765625,-0.18310546875,-0.1220703125,-0.537109375,-0.01220703125,-0.37841796875,0.35400390625,0.6591796875,0,1.1962890625,0.439453125,0.47607421875,-0.732421875,-0.25634765625,-0.08544921875,0.7080078125,0.18310546875,0.6591796875,-0.13427734375,0.32958984375,-0.06103515625,0.45166015625,0.1953125,0.30517578125,0.0244140625,1.0009765625,-0.09765625,1.06201171875,-0.03662109375,0.23193359375,-0.2685546875,0.1953125,-0.1708984375,0.2685546875,0.09765625,0.81787109375,0.13427734375,-0.01220703125,0.18310546875,1.30615234375,0.28076171875,-0.98876953125,-0.08544921875,-0.35400390625,-0.06103515625,-0.9765625,0.1220703125,-0.81787109375,0.1708984375,4.01611328125,-0.23193359375,2.7099609375,0,3.0517578125,0.03662109375,2.77099609375,-0.048828125,-0.830078125,-0.048828125,-0.78125,-0.146484375,-0.72021484375,-0.15869140625,-0.244140625,-0.06103515625,0.10986328125,0.15869140625,-0.7080078125,-0.1220703125,-0.29296875,-0.1220703125,1.46484375,0.03662109375,0.30517578125,0.06103515625,0.0244140625,-0.0732421875,-0.01220703125,-0.0244140625,0.18310546875,-0.0244140625,-0.10986328125,-0.01220703125,0.74462890625,-0.01220703125,-0.48828125,-0.01220703125,-0.5859375
1,0.0732421875,-0.341796875,0.09765625,-0.35400390625,-0.29296875,-0.4150390625,0.15869140625,-0.048828125,-0.23193359375,-0.01220703125,-0.08544921875,-0.8544921875,-0.15869140625,1.11083984375,0.13427734375,-0.15869140625,0.13427734375,-0.57373046875,-0.0732421875,-0.1708984375,-0.13427734375,0.89111328125,0.13427734375,-0.5615234375,0.01220703125,4.47998046875,-0.0244140625,1.89208984375,-0.2685546875,4.33349609375,-0.1220703125,3.28369140625,0.35400390625,-0.15869140625,-0.10986328125,-0.9033203125,0.0244140625,-0.439453125,0.29296875,-0.79345703125,-0.32958984375,-0.1953125,-0.06103515625,-0.5859375,0.0244140625,-0.37841796875,0.30517578125,0.6591796875,-0.08544921875,1.220703125,0.48828125,0.48828125,-0.54931640625,-0.28076171875,-0.08544921875,0.7080078125,0.20751953125,0.74462890625,-0.1220703125,0.3662109375,-0.09765625,0.48828125,0.18310546875,0.37841796875,0.0732421875,0.9765625,-0.01220703125,1.03759765625,-0.03662109375,0.2197265625,-0.23193359375,0.20751953125,-0.1708984375,0.23193359375,0.13427734375,0.76904296875,0.10986328125,-0.048828125,0.1220703125,1.2939453125,0.23193359375,-0.9765625,-0.1220703125,-0.3173828125,0.0732421875,-0.96435546875,0.09765625,-0.79345703125,0.20751953125,3.69873046875,-0.18310546875,2.587890625,-0.0244140625,2.89306640625,0.08544921875,2.6123046875,-0.06103515625,-0.8544921875,-0.048828125,-0.81787109375,-0.1220703125,-0.7080078125,-0.13427734375,-0.23193359375,-0.0244140625,0.23193359375,0.2197265625,-0.634765625,-0.09765625,-0.1953125,-0.048828125,1.5869140625,0.03662109375,0.32958984375,0.06103515625,0,-0.0732421875,-0.03662109375,-0.0244140625,0.1953125,-0.01220703125,-0.146484375,0,0.74462890625,0.01220703125,-0.48828125,-0.01220703125,-0.57373046875
1,0.0732421875,-0.3662109375,0.10986328125,-0.341796875,-0.2685546875,-0.4150390625,0.15869140625,-0.048828125,-0.25634765625,-0.03662109375,-0.0732421875,-0.8544921875,-0.146484375,1.08642578125,0.13427734375,-0.13427734375,0.08544921875,-0.54931640625,-0.06103515625,-0.2197265625,-0.25634765625,0.89111328125,0.1953125,-0.5615234375,0.048828125,5.82275390625,0.03662109375,2.5634765625,-0.18310546875,5.2001953125,-0.13427734375,4.00390625,0.40283203125,-0.244140625,-0.09765625,-0.9033203125,0.03662109375,-0.48828125,0.244140625,-0.8056640625,-0.3662109375,-0.23193359375,0,-0.634765625,-0.048828125,-0.40283203125,0.29296875,0.634765625,-0.10986328125,1.20849609375,0.439453125,0.47607421875,-0.5859375,-0.244140625,-0.0732421875,0.69580078125,0.1708984375,0.78125,-0.13427734375,0.37841796875,-0.13427734375,0.48828125,0.1220703125,0.42724609375,0.06103515625,0.9033203125,0.06103515625,1.0498046875,-0.03662109375,0.2197265625,-0.15869140625,0.20751953125,-0.09765625,0.244140625,0.146484375,0.79345703125,0.048828125,-0.048828125,0.06103515625,1.28173828125,0.1708984375,-0.9765625,-0.146484375,-0.3173828125,0.18310546875,-0.96435546875,0.0244140625,-0.8056640625,0.0732421875,3.55224609375,-0.1953125,2.5634765625,-0.09765625,2.86865234375,0.1220703125,2.587890625,-0.0732421875,-0.84228515625,-0.0732421875,-0.8056640625,-0.08544921875,-0.7080078125,-0.08544921875,-0.244140625,-0.01220703125,0.25634765625,0.13427734375,-0.59814453125,-0.13427734375,-0.1708984375,-0.03662109375,1.6357421875,0.0244140625,0.341796875,0.06103515625,0.0244140625,-0.08544921875,-0.048828125,-0.03662109375,0.1953125,0,-0.1708984375,0,0.78125,0.01220703125,-0.48828125,0.01220703125,-0.57373046875
1,0.0732421875,-0.3662109375,0.10986328125,-0.341796875,-0.25634765625,-0.40283203125,0.1708984375,-0.048828125,-0.2685546875,-0.048828125,-0.0732421875,-0.87890625,-0.1708984375,1.07421875,0.146484375,-0.146484375,-0.01220703125,-0.52490234375,-0.08544921875,-0.23193359375,-0.390625,0.89111328125,0.23193359375,-0.57373046875,0.13427734375,7.080078125,0.15869140625,3.173828125,-0.09765625,5.99365234375,-0.09765625,4.67529296875,0.4150390625,-0.3173828125,-0.10986328125,-0.91552734375,0.03662109375,-0.50048828125,0.1953125,-0.81787109375,-0.40283203125,-0.2197265625,0.09765625,-0.68359375,-0.10986328125,-0.40283203125,0.28076171875,0.62255859375,-0.09765625,1.20849609375,0.35400390625,0.48828125,-0.5615234375,-0.244140625,-0.03662109375,0.7080078125,0.1220703125,0.79345703125,-0.09765625,0.37841796875,-0.1708984375,0.47607421875,0.01220703125,0.439453125,0.06103515625,0.8056640625,0.1220703125,1.025390625,-0.048828125,0.20751953125,-0.09765625,0.2197265625,-0.01220703125,0.244140625,0.1708984375,0.78125,0.01220703125,-0.048828125,0.048828125,1.26953125,0.0732421875,-1.0009765625,-0.1220703125,-0.3173828125,0.29296875,-0.98876953125,-0.0244140625,-0.8056640625,-0.03662109375,3.60107421875,-0.20751953125,2.62451171875,-0.15869140625,2.94189453125,0.10986328125,2.6611328125,-0.06103515625,-0.81787109375,-0.03662109375,-0.79345703125,-0.09765625,-0.732421875,-0.06103515625,-0.23193359375,0.0244140625,0.2197265625,0.06103515625,-0.634765625,-0.146484375,-0.1708984375,-0.03662109375,1.611328125,-0.01220703125,0.3173828125,0.048828125,0.0244140625,-0.0732421875,-0.03662109375,-0.048828125,0.18310546875,0.0244140625,-0.13427734375,-0.0244140625,0.78125,0.01220703125,-0.47607421875,-0.01220703125,-0.54931640625
1,0.09765625,-0.37841796875,0.08544921875,-0.341796875,-0.1708984375,-0.4150390625,0.18310546875,-0.06103515625,-0.29296875,-0.048828125,-0.06103515625,-0.86669921875,-0.1708984375,1.07421875,0.146484375,-0.146484375,-0.13427734375,-0.5126953125,-0.09765625,-0.2197265625,-0.390625,0.89111328125,0.244140625,-0.57373046875,0.10986328125,8.09326171875,0.18310546875,3.69873046875,-0.0732421875,6.70166015625,-0.0732421875,5.224609375,0.390625,-0.390625,-0.15869140625,-0.91552734375,0.01220703125,-0.537109375,0.15869140625,-0.830078125,-0.390625,-0.244140625,0.09765625,-0.74462890625,-0.1708984375,-0.439453125,0.244140625,0.59814453125,-0.0732421875,1.171875,0.28076171875,0.48828125,-0.537109375,-0.2197265625,0.048828125,0.69580078125,0.0732421875,0.78125,-0.06103515625,0.32958984375,-0.2197265625,0.42724609375,-0.0732421875,0.390625,0.0732421875,0.7080078125,0.1953125,1.01318359375,-0.048828125,0.20751953125,-0.048828125,0.2197265625,0.0732421875,0.244140625,0.146484375,0.79345703125,-0.0244140625,-0.048828125,-0.03662109375,1.26953125,-0.03662109375,-0.9765625,-0.0732421875,-0.3173828125,0.35400390625,-1.0009765625,-0.0732421875,-0.78125,-0.146484375,3.74755859375,-0.25634765625,2.72216796875,-0.23193359375,3.076171875,0.13427734375,2.77099609375,-0.1220703125,-0.81787109375,-0.01220703125,-0.78125,-0.048828125,-0.732421875,-0.0244140625,-0.23193359375,0.0244140625,0.08544921875,0.048828125,-0.74462890625,-0.1708984375,-0.28076171875,-0.03662109375,1.46484375,0.01220703125,0.341796875,0.03662109375,0.01220703125,-0.08544921875,-0.0244140625,-0.0244140625,0.15869140625,0.0244140625,-0.13427734375,-0.01220703125,0.81787109375,0.03662109375,-0.50048828125,-0.01220703125,-0.54931640625
1,0.10986328125,-0.37841796875,0.06103515625,-0.341796875,-0.1220703125,-0.4150390625,0.2197265625,-0.03662109375,-0.2685546875,-0.048828125,-0.0732421875,-0.87890625,-0.1708984375,1.06201171875,0.15869140625,-0.15869140625,-0.18310546875,-0.52490234375,-0.1220703125,-0.1953125,-0.40283203125,0.927734375,0.1953125,-0.5859375,0.09765625,8.77685546875,0.15869140625,4.1015625,-0.13427734375,7.16552734375,-0.048828125,5.615234375,0.3662109375,-0.42724609375,-0.2197265625,-0.89111328125,-0.0732421875,-0.54931640625,0.13427734375,-0.830078125,-0.30517578125,-0.244140625,0.09765625,-0.7568359375,-0.20751953125,-0.4638671875,0.244140625,0.5859375,-0.0244140625,1.11083984375,0.15869140625,0.4638671875,-0.5859375,-0.18310546875,0.1220703125,0.68359375,0.0244140625,0.72021484375,-0.06103515625,0.28076171875,-0.25634765625,0.3662109375,-0.1708984375,0.3662109375,0.03662109375,0.634765625,0.2685546875,1.025390625,-0.0244140625,0.1953125,0,0.2197265625,0.13427734375,0.23193359375,0.0732421875,0.76904296875,-0.0732421875,-0.0244140625,-0.08544921875,1.28173828125,-0.0732421875,-1.01318359375,-0.048828125,-0.341796875,0.32958984375,-1.0009765625,-0.06103515625,-0.8056640625,-0.20751953125,3.955078125,-0.28076171875,2.783203125,-0.20751953125,3.21044921875,0.09765625,2.86865234375,-0.15869140625,-0.830078125,0.048828125,-0.78125,-0.048828125,-0.732421875,0.06103515625,-0.244140625,0.06103515625,-0.0732421875,0.10986328125,-0.86669921875,-0.18310546875,-0.4150390625,0.01220703125,1.25732421875,0.03662109375,0.35400390625,0.048828125,0.01220703125,-0.08544921875,0,0,0.18310546875,0.0244140625,-0.08544921875,-0.03662109375,0.830078125,0.0244140625,-0.50048828125,-0.01220703125,-0.54931640625
1,0.1220703125,-0.40283203125,0.03662109375,-0.35400390625,-0.1220703125,-0.40283203125,0.28076171875,-0.048828125,-0.29296875,-0.03662109375,-0.08544921875,-0.86669921875,-0.146484375,1.0498046875,0.146484375,-0.146484375,-0.20751953125,-0.54931640625,-0.18310546875,-0.18310546875,-0.40283203125,0.9033203125,0.146484375,-0.57373046875,0.03662109375,9.1064453125,0.1220703125,4.26025390625,-0.2197265625,7.38525390625,-0.03662109375,5.7861328125,0.32958984375,-0.4150390625,-0.29296875,-0.8544921875,-0.13427734375,-0.5126953125,0.10986328125,-0.81787109375,-0.20751953125,-0.23193359375,0.03662109375,-0.7568359375,-0.146484375,-0.45166015625,0.25634765625,0.5859375,-0.0244140625,1.0986328125,0.1220703125,0.4638671875,-0.537109375,-0.146484375,0.2685546875,0.68359375,-0.0244140625,0.634765625,0,0.2197265625,-0.23193359375,0.28076171875,-0.1953125,0.28076171875,0.03662109375,0.5615234375,0.29296875,1.0498046875,-0.01220703125,0.1708984375,0.0244140625,0.20751953125,0.18310546875,0.23193359375,0,0.81787109375,-0.10986328125,-0.0244140625,-0.06103515625,1.2939453125,-0.09765625,-1.01318359375,0.0244140625,-0.35400390625,0.29296875,-1.0009765625,-0.0244140625,-0.79345703125,-0.25634765625,4.052734375,-0.30517578125,2.8076171875,-0.13427734375,3.28369140625,0.09765625,2.89306640625,-0.15869140625,-0.830078125,0.08544921875,-0.79345703125,-0.01220703125,-0.72021484375,0.10986328125,-0.23193359375,0.048828125,-0.25634765625,0.13427734375,-0.9521484375,-0.1953125,-0.57373046875,-0.01220703125,1.07421875,0.03662109375,0.3662109375,0.06103515625,0.01220703125,-0.0732421875,0,0.01220703125,0.18310546875,0.0244140625,-0.0732421875,-0.0244140625,0.84228515625,0.0244140625,-0.5126953125,-0.01220703125,-0.537109375
1,0.09765625,-0.390625,0.01220703125,-0.35400390625,-0.1708984375,-0.42724609375,0.28076171875,-0.048828125,-0.32958984375,-0.06103515625,-0.08544921875,-0.9033203125,-0.15869140625,1.03759765625,0.146484375,-0.146484375,-0.1708984375,-0.57373046875,-0.18310546875,-0.1953125,-0.28076171875,0.91552734375,0.048828125,-0.5615234375,-0.0244140625,9.08203125,0.0244140625,4.26025390625,-0.32958984375,7.36083984375,-0.08544921875,5.7373046875,0.28076171875,-0.439453125,-0.341796875,-0.86669921875,-0.18310546875,-0.48828125,0.13427734375,-0.79345703125,-0.06103515625,-0.2197265625,-0.048828125,-0.76904296875,-0.08544921875,-0.48828125,0.28076171875,0.6103515625,-0.01220703125,1.08642578125,0.09765625,0.439453125,-0.5615234375,-0.146484375,0.4150390625,0.7080078125,-0.0732421875,0.5615234375,0,0.15869140625,-0.18310546875,0.2197265625,-0.20751953125,0.20751953125,0.0244140625,0.52490234375,0.29296875,1.03759765625,-0.01220703125,0.15869140625,0.03662109375,0.2197265625,0.1953125,0.2197265625,-0.0732421875,0.81787109375,-0.10986328125,0.01220703125,-0.08544921875,1.30615234375,-0.0732421875,-1.01318359375,0.06103515625,-0.3662109375,0.244140625,-1.0009765625,0.01220703125,-0.8056640625,-0.25634765625,3.99169921875,-0.28076171875,2.72216796875,-0.03662109375,3.21044921875,0.01220703125,2.79541015625,-0.15869140625,-0.81787109375,0.09765625,-0.79345703125,-0.0244140625,-0.732421875,0.09765625,-0.2197265625,0.08544921875,-0.35400390625,0.244140625,-0.927734375,-0.1953125,-0.6591796875,0,0.927734375,0.03662109375,0.3662109375,0.048828125,0.01220703125,-0.0732421875,0.0244140625,0.01220703125,0.18310546875,0.01220703125,-0.01220703125,0,0.87890625,0.03662109375,-0.5126953125,0.0244140625,-0.54931640625
1,0.09765625,-0.40283203125,0,-0.37841796875,-0.2197265625,-0.4150390625,0.244140625,-0.06103515625,-0.32958984375,-0.06103515625,-0.08544921875,-0.87890625,-0.1708984375,1.07421875,0.1708984375,-0.146484375,-0.1220703125,-0.57373046875,-0.18310546875,-0.15869140625,-0.1953125,0.91552734375,-0.06103515625,-0.57373046875,-0.0732421875,8.70361328125,0.01220703125,4.0771484375,-0.45166015625,7.12890625,-0.10986328125,5.517578125,0.1953125,-0.42724609375,-0.42724609375,-0.8544921875,-0.20751953125,-0.4638671875,0.13427734375,-0.76904296875,0.08544921875,-0.18310546875,-0.01220703125,-0.74462890625,0.03662109375,-0.45166015625,0.3173828125,0.59814453125,0,1.0986328125,0.08544921875,0.439453125,-0.634765625,-0.15869140625,0.5615234375,0.68359375,-0.1220703125,0.5126953125,0.03662109375,0.10986328125,-0.15869140625,0.1708984375,-0.2197265625,0.1220703125,0.06103515625,0.50048828125,0.30517578125,1.0498046875,0.0244140625,0.15869140625,0.0244140625,0.23193359375,0.18310546875,0.20751953125,-0.1708984375,0.830078125,-0.13427734375,0.01220703125,-0.0732421875,1.3427734375,-0.01220703125,-1.025390625,0.1220703125,-0.37841796875,0.1220703125,-1.01318359375,0.0732421875,-0.8056640625,-0.09765625,3.662109375,-0.2197265625,2.490234375,0.10986328125,2.99072265625,0.01220703125,2.5146484375,-0.146484375,-0.81787109375,0.09765625,-0.8056640625,-0.01220703125,-0.72021484375,0.06103515625,-0.23193359375,0.08544921875,-0.341796875,0.35400390625,-0.7080078125,-0.1708984375,-0.67138671875,-0.048828125,0.927734375,-0.01220703125,0.390625,0.0732421875,-0.01220703125,-0.06103515625,0.03662109375,0,0.1953125,0,-0.01220703125,0,0.87890625,0.0244140625,-0.50048828125,-0.01220703125,-0.537109375
0,0.09765625,-0.390625,0.01220703125,-0.37841796875,-0.2197265625,-0.4150390625,0.20751953125,-0.0732421875,-0.32958984375,-0.06103515625,-0.0732421875,-0.9033203125,-0.18310546875,1.08642578125,0.146484375,-0.1708984375,-0.09765625,-0.59814453125,-0.1220703125,-0.146484375,-0.0732421875,0.9033203125,-0.09765625,-0.57373046875,-0.10986328125,8.02001953125,0.0244140625,3.69873046875,-0.5126953125,6.67724609375,-0.146484375,5.11474609375,0.13427734375,-0.439453125,-0.45166015625,-0.8544921875,-0.25634765625,-0.45166015625,0.1708984375,-0.78125,0.15869140625,-0.1708984375,-0.03662109375,-0.7080078125,0.1220703125,-0.47607421875,0.341796875,0.6103515625,0,1.11083984375,0.1220703125,0.439453125,-0.6591796875,-0.1708984375,0.67138671875,0.68359375,-0.10986328125,0.45166015625,0.048828125,0.06103515625,-0.10986328125,0.146484375,-0.20751953125,0.0732421875,0.1220703125,0.5126953125,0.2685546875,1.0498046875,0.06103515625,0.18310546875,0.01220703125,0.23193359375,0.1708984375,0.2197265625,-0.1953125,0.84228515625,-0.1220703125,0.01220703125,-0.06103515625,1.33056640625,0.048828125,-1.03759765625,0.15869140625,-0.37841796875,0.06103515625,-1.025390625,0.08544921875,-0.8056640625,-0.0732421875,3.06396484375,-0.1708984375,2.1484375,0.1953125,2.6123046875,-0.0732421875,2.099609375,-0.146484375,-0.8056640625,0.0732421875,-0.8056640625,-0.0244140625,-0.72021484375,0.048828125,-0.23193359375,0.03662109375,-0.15869140625,0.35400390625,-0.25634765625,-0.1953125,-0.5126953125,-0.08544921875,1.123046875,-0.03662109375,0.3662109375,0.08544921875,-0.0244140625,-0.0732421875,0.06103515625,-0.01220703125,0.1953125,-0.0244140625,-0.01220703125,0,0.86669921875,0.01220703125,-0.48828125,0.01220703125,-0.5615234375
0,0.0732421875,-0.37841796875,0.048828125,-0.37841796875,-0.18310546875,-0.4150390625,0.18310546875,-0.0732421875,-0.32958984375,-0.03662109375,-0.0732421875,-0.9033203125,-0.146484375,1.0986328125,0.15869140625,-0.15869140625,-0.08544921875,-0.62255859375,-0.08544921875,-0.15869140625,0.03662109375,0.91552734375,-0.146484375,-0.5615234375,-0.13427734375,7.12890625,0.0244140625,3.21044921875,-0.50048828125,6.06689453125,-0.20751953125,4.5654296875,0.08544921875,-0.47607421875,-0.50048828125,-0.86669921875,-0.2685546875,-0.439453125,0.18310546875,-0.76904296875,0.15869140625,-0.1708984375,-0.0244140625,-0.6591796875,0.20751953125,-0.52490234375,0.3662109375,0.6103515625,0.01220703125,1.1474609375,0.09765625,0.439453125,-0.7080078125,-0.18310546875,0.732421875,0.69580078125,-0.0732421875,0.439453125,0.03662109375,0.06103515625,-0.15869140625,0.1220703125,-0.20751953125,0.03662109375,0.1953125,0.54931640625,0.1708984375,1.07421875,0.08544921875,0.1953125,-0.048828125,0.2197265625,0.146484375,0.244140625,-0.244140625,0.8544921875,-0.09765625,0.01220703125,-0.0732421875,1.33056640625,0.13427734375,-1.025390625,0.20751953125,-0.35400390625,-0.03662109375,-1.03759765625,0.08544921875,-0.8056640625,0.0244140625,2.24609375,-0.15869140625,1.69677734375,0.23193359375,2.1240234375,-0.08544921875,1.55029296875,-0.1708984375,-0.81787109375,0.0244140625,-0.8056640625,-0.09765625,-0.72021484375,0.0244140625,-0.244140625,-0.06103515625,0.23193359375,0.35400390625,0.439453125,-0.20751953125,-0.18310546875,-0.1220703125,1.55029296875,-0.0244140625,0.3662109375,0.09765625,-0.0244140625,-0.08544921875,0.048828125,-0.03662109375,0.1708984375,0,-0.01220703125,0,0.87890625,0.01220703125,-0.47607421875,0,-0.5615234375
0,0.048828125,-0.35400390625,0.06103515625,-0.3662109375,-0.146484375,-0.42724609375,0.1220703125,-0.0732421875,-0.35400390625,-0.01220703125,-0.08544921875,-0.87890625,-0.15869140625,1.11083984375,0.18310546875,-0.1708984375,-0.048828125,-0.6103515625,0.0244140625,-0.13427734375,0.01220703125,0.9033203125,-0.10986328125,-0.5615234375,-0.18310546875,6.15234375,0.06103515625,2.64892578125,-0.45166015625,5.3466796875,-0.2685546875,3.96728515625,0.048828125,-0.48828125,-0.52490234375,-0.87890625,-0.25634765625,-0.439453125,0.18310546875,-0.74462890625,0.06103515625,-0.1708984375,0.03662109375,-0.62255859375,0.25634765625,-0.50048828125,0.42724609375,0.62255859375,-0.01220703125,1.1474609375,0.146484375,0.45166015625,-0.732421875,-0.1953125,0.8056640625,0.69580078125,-0.048828125,0.45166015625,-0.01220703125,0.03662109375,-0.1953125,0.146484375,-0.244140625,0.03662109375,0.25634765625,0.5859375,0.09765625,1.06201171875,0.08544921875,0.20751953125,-0.0732421875,0.2197265625,0.1708984375,0.25634765625,-0.28076171875,0.8544921875,-0.048828125,-0.01220703125,-0.08544921875,1.30615234375,0.1708984375,-1.01318359375,0.20751953125,-0.35400390625,-0.146484375,-1.01318359375,0.0732421875,-0.8056640625,0.15869140625,1.25732421875,-0.09765625,1.220703125,0.2685546875,1.5625,-0.0732421875,0.927734375,-0.18310546875,-0.830078125,-0.03662109375,-0.79345703125,-0.1220703125,-0.74462890625,0.01220703125,-0.244140625,-0.146484375,0.84228515625,0.341796875,1.37939453125,-0.244140625,0.28076171875,-0.1220703125,2.16064453125,-0.06103515625,0.390625,0.10986328125,-0.03662109375,-0.0732421875,0.03662109375,-0.0244140625,0.18310546875,-0.01220703125,0,0.0244140625,0.86669921875,-0.03662109375,-0.50048828125,0.01220703125,-0.54931640625
0,0.0244140625,-0.3662109375,0.0732421875,-0.341796875,-0.10986328125,-0.4150390625,0.10986328125,-0.048828125,-0.3662109375,0,-0.08544921875,-0.86669921875,-0.1220703125,1.123046875,0.1953125,-0.15869140625,-0.0244140625,-0.59814453125,0.13427734375,-0.13427734375,0,0.9033203125,0,-0.57373046875,-0.1953125,5.09033203125,0.048828125,2.06298828125,-0.37841796875,4.62646484375,-0.32958984375,3.3447265625,0.06103515625,-0.48828125,-0.50048828125,-0.87890625,-0.23193359375,-0.45166015625,0.13427734375,-0.74462890625,-0.06103515625,-0.1708984375,0.03662109375,-0.5859375,0.2197265625,-0.48828125,0.47607421875,0.6591796875,-0.10986328125,1.15966796875,0.2197265625,0.45166015625,-0.72021484375,-0.1708984375,0.8544921875,0.68359375,0.06103515625,0.4638671875,0.03662109375,0.06103515625,-0.146484375,0.18310546875,-0.18310546875,0.01220703125,0.30517578125,0.634765625,0.01220703125,1.06201171875,0.048828125,0.2197265625,-0.10986328125,0.2197265625,0.10986328125,0.25634765625,-0.28076171875,0.86669921875,-0.01220703125,-0.0244140625,-0.1220703125,1.318359375,0.15869140625,-1.01318359375,0.23193359375,-0.35400390625,-0.20751953125,-1.0009765625,0.0244140625,-0.81787109375,0.29296875,0.2685546875,-0.0244140625,0.76904296875,0.23193359375,1.01318359375,0.01220703125,0.30517578125,-0.1953125,-0.8544921875,-0.10986328125,-0.78125,-0.18310546875,-0.7568359375,0,-0.2197265625,-0.09765625,1.5869140625,0.42724609375,2.52685546875,-0.20751953125,0.9033203125,-0.048828125,2.96630859375,-0.0732421875,0.37841796875,0.08544921875,-0.0244140625,-0.0732421875,0.01220703125,-0.06103515625,0.18310546875,0.01220703125,-0.0244140625,0.0244140625,0.830078125,-0.0244140625,-0.48828125,0.0244140625,-0.537109375
0,0.0244140625,-0.3662109375,0.08544921875,-0.32958984375,-0.10986328125,-0.42724609375,0.08544921875,-0.03662109375,-0.40283203125,0,-0.09765625,-0.86669921875,-0.1220703125,1.11083984375,0.20751953125,-0.13427734375,0.01220703125,-0.57373046875,0.2197265625,-0.13427734375,-0.08544921875,0.86669921875,0.10986328125,-0.59814453125,-0.25634765625,4.08935546875,0.03662109375,1.4892578125,-0.2685546875,3.90625,-0.3662109375,2.734375,0.10986328125,-0.47607421875,-0.5126953125,-0.89111328125,-0.18310546875,-0.4638671875,0.146484375,-0.732421875,-0.1708984375,-0.1953125,-0.01220703125,-0.59814453125,0.1953125,-0.47607421875,0.52490234375,0.64697265625,-0.1953125,1.18408203125,0.29296875,0.47607421875,-0.76904296875,-0.1708984375,0.89111328125,0.7080078125,0.09765625,0.50048828125,0.048828125,0.0732421875,-0.10986328125,0.23193359375,-0.1708984375,0.03662109375,0.3173828125,0.634765625,-0.06103515625,1.0498046875,-0.01220703125,0.20751953125,-0.1220703125,0.20751953125,0.0244140625,0.244140625,-0.2685546875,0.8544921875,0.048828125,-0.03662109375,-0.1708984375,1.28173828125,0.13427734375,-1.0009765625,0.20751953125,-0.35400390625,-0.28076171875,-1.0009765625,0,-0.81787109375,0.3173828125,-0.64697265625,0,0.37841796875,0.20751953125,0.50048828125,0.0732421875,-0.20751953125,-0.18310546875,-0.87890625,-0.15869140625,-0.78125,-0.1953125,-0.7568359375,-0.01220703125,-0.2197265625,-0.09765625,2.44140625,0.42724609375,3.79638671875,-0.1953125,1.57470703125,-0.08544921875,3.857421875,-0.10986328125,0.3662109375,0.0732421875,-0.01220703125,-0.09765625,0.01220703125,-0.0244140625,0.15869140625,0.01220703125,-0.03662109375,0.048828125,0.8056640625,-0.06103515625,-0.4638671875,0.048828125,-0.537109375
0,0.03662109375,-0.37841796875,0.0244140625,-0.32958984375,-0.10986328125,-0.42724609375,0.09765625,-0.03662109375,-0.37841796875,-0.01220703125,-0.10986328125,-0.86669921875,-0.09765625,1.0986328125,0.20751953125,-0.1220703125,0.03662109375,-0.5615234375,0.30517578125,-0.13427734375,-0.1220703125,0.86669921875,0.23193359375,-0.6103515625,-0.244140625,3.1494140625,0.0244140625,0.9521484375,-0.18310546875,3.2470703125,-0.40283203125,2.16064453125,0.15869140625,-0.45166015625,-0.4638671875,-0.89111328125,-0.15869140625,-0.48828125,0.15869140625,-0.732421875,-0.20751953125,-0.20751953125,-0.06103515625,-0.59814453125,0.15869140625,-0.4638671875,0.52490234375,0.6591796875,-0.20751953125,1.18408203125,0.3662109375,0.48828125,-0.79345703125,-0.146484375,0.93994140625,0.7080078125,0.1220703125,0.50048828125,0.048828125,0.08544921875,-0.08544921875,0.29296875,-0.0732421875,0.03662109375,0.32958984375,0.5859375,-0.10986328125,1.0498046875,-0.0732421875,0.20751953125,-0.10986328125,0.20751953125,-0.01220703125,0.2197265625,-0.244140625,0.8544921875,0.08544921875,-0.0244140625,-0.18310546875,1.26953125,0.09765625,-0.98876953125,0.2197265625,-0.35400390625,-0.32958984375,-0.9765625,0,-0.81787109375,0.37841796875,-1.2939453125,0.048828125,0.1220703125,0.18310546875,0.146484375,0.18310546875,-0.5615234375,-0.18310546875,-0.87890625,-0.146484375,-0.8056640625,-0.23193359375,-0.732421875,-0.03662109375,-0.23193359375,0.0244140625,3.271484375,0.48828125,5.04150390625,-0.1220703125,2.28271484375,-0.06103515625,4.77294921875,-0.09765625,0.37841796875,0.06103515625,0,-0.06103515625,0.01220703125,0,0.18310546875,0.03662109375,-0.08544921875,0.03662109375,0.8056640625,-0.06103515625,-0.47607421875,0.03662109375,-0.5615234375
0,0.0732421875,-0.37841796875,0.01220703125,-0.341796875,-0.1220703125,-0.42724609375,0.146484375,-0.06103515625,-0.390625,-0.0244140625,-0.09765625,-0.87890625,-0.0732421875,1.11083984375,0.20751953125,-0.13427734375,0.03662109375,-0.5615234375,0.35400390625,-0.1220703125,-0.1953125,0.87890625,0.30517578125,-0.59814453125,-0.18310546875,2.35595703125,0.048828125,0.47607421875,-0.13427734375,2.6611328125,-0.32958984375,1.66015625,0.15869140625,-0.40283203125,-0.4638671875,-0.87890625,-0.15869140625,-0.48828125,0.18310546875,-0.7568359375,-0.2197265625,-0.2197265625,-0.13427734375,-0.59814453125,0.09765625,-0.45166015625,0.48828125,0.6591796875,-0.15869140625,1.15966796875,0.3662109375,0.48828125,-0.84228515625,-0.1220703125,0.98876953125,0.7080078125,0.1220703125,0.48828125,0.146484375,0.09765625,-0.08544921875,0.341796875,0.0732421875,0.0244140625,0.32958984375,0.48828125,-0.15869140625,1.01318359375,-0.146484375,0.18310546875,-0.09765625,0.20751953125,-0.1220703125,0.2197265625,-0.1708984375,0.86669921875,0.13427734375,-0.03662109375,-0.1708984375,1.2451171875,0.0244140625,-0.98876953125,0.20751953125,-0.341796875,-0.32958984375,-0.98876953125,0.01220703125,-0.79345703125,0.3662109375,-1.62353515625,0.048828125,-0.01220703125,0.146484375,-0.0244140625,0.2685546875,-0.74462890625,-0.15869140625,-0.8544921875,-0.146484375,-0.78125,-0.1953125,-0.68359375,-0.0732421875,-0.23193359375,0.0732421875,4.04052734375,0.47607421875,6.201171875,-0.06103515625,2.89306640625,-0.08544921875,5.5908203125,-0.1220703125,0.390625,0.03662109375,0.01220703125,-0.08544921875,-0.01220703125,0.01220703125,0.1708984375,0.048828125,-0.13427734375,0.0244140625,0.79345703125,-0.0244140625,-0.4638671875,0.048828125,-0.5615234375
0,0.09765625,-0.40283203125,0,-0.341796875,-0.08544921875,-0.439453125,0.15869140625,-0.0732421875,-0.390625,-0.0244140625,-0.10986328125,-0.87890625,-0.0732421875,1.08642578125,0.20751953125,-0.146484375,0.01220703125,-0.5615234375,0.32958984375,-0.13427734375,-0.1953125,0.87890625,0.28076171875,-0.6103515625,-0.08544921875,1.66015625,0.0732421875,0.08544921875,-0.06103515625,2.1484375,-0.28076171875,1.23291015625,0.20751953125,-0.35400390625,-0.42724609375,-0.89111328125,-0.20751953125,-0.50048828125,0.1953125,-0.78125,-0.18310546875,-0.23193359375,-0.1708984375,-0.64697265625,0.01220703125,-0.4150390625,0.439453125,0.6591796875,-0.0732421875,1.123046875,0.341796875,0.4638671875,-0.927734375,-0.09765625,0.98876953125,0.72021484375,0.048828125,0.45166015625,0.18310546875,0.10986328125,-0.0732421875,0.37841796875,0.20751953125,0.01220703125,0.30517578125,0.390625,-0.1953125,1.025390625,-0.2197265625,0.18310546875,-0.10986328125,0.1953125,-0.1708984375,0.1953125,-0.146484375,0.84228515625,0.146484375,-0.03662109375,-0.146484375,1.23291015625,-0.06103515625,-0.9521484375,0.15869140625,-0.341796875,-0.30517578125,-1.0009765625,0.048828125,-0.78125,0.23193359375,-1.5869140625,-0.01220703125,0.0732421875,0.1220703125,0.048828125,0.28076171875,-0.64697265625,-0.1220703125,-0.86669921875,-0.09765625,-0.74462890625,-0.146484375,-0.74462890625,-0.10986328125,-0.23193359375,0.06103515625,4.6142578125,0.341796875,7.12890625,-0.048828125,3.38134765625,-0.1708984375,6.23779296875,-0.146484375,0.35400390625,0.0244140625,0.048828125,-0.08544921875,-0.03662109375,0.01220703125,0.1708984375,0.06103515625,-0.10986328125,0.03662109375,0.8056640625,0,-0.50048828125,0.03662109375,-0.5615234375
0,0.09765625,-0.390625,-0.01220703125,-0.35400390625,-0.0732421875,-0.439453125,0.18310546875,-0.06103515625,-0.4150390625,-0.03662109375,-0.1220703125,-0.89111328125,-0.048828125,1.08642578125,0.1953125,-0.15869140625,0.0244140625,-0.57373046875,0.23193359375,-0.15869140625,-0.1708984375,0.87890625,0.1953125,-0.6103515625,0.0244140625,1.0986328125,0.048828125,-0.23193359375,-0.0244140625,1.72119140625,-0.1953125,0.86669921875,0.28076171875,-0.28076171875,-0.37841796875,-0.89111328125,-0.2685546875,-0.50048828125,0.18310546875,-0.78125,-0.13427734375,-0.23193359375,-0.1953125,-0.69580078125,-0.03662109375,-0.4150390625,0.35400390625,0.6591796875,0.0244140625,1.123046875,0.30517578125,0.45166015625,-0.96435546875,-0.08544921875,0.98876953125,0.69580078125,0,0.40283203125,0.29296875,0.146484375,-0.06103515625,0.42724609375,0.35400390625,0,0.25634765625,0.2685546875,-0.2197265625,1.01318359375,-0.28076171875,0.1708984375,-0.0732421875,0.18310546875,-0.2197265625,0.18310546875,-0.10986328125,0.830078125,0.1220703125,-0.048828125,-0.09765625,1.26953125,-0.1220703125,-0.9521484375,0.13427734375,-0.3662109375,-0.28076171875,-1.0009765625,0.1220703125,-0.79345703125,0.2197265625,-1.1474609375,-0.048828125,0.32958984375,0.10986328125,0.3173828125,0.244140625,-0.37841796875,-0.1708984375,-0.84228515625,-0.03662109375,-0.74462890625,-0.0732421875,-0.732421875,-0.146484375,-0.244140625,0.06103515625,4.96826171875,0.29296875,7.763671875,-0.01220703125,3.67431640625,-0.1708984375,6.60400390625,-0.15869140625,0.37841796875,0.03662109375,0.048828125,-0.0732421875,-0.06103515625,0,0.18310546875,0.048828125,-0.09765625,0.048828125,0.830078125,0,-0.48828125,0.03662109375,-0.54931640625
0,0.146484375,-0.40283203125,0,-0.3662109375,-0.08544921875,-0.42724609375,0.20751953125,-0.048828125,-0.48828125,-0.048828125,-0.1220703125,-0.89111328125,-0.03662109375,1.07421875,0.1953125,-0.146484375,0.03662109375,-0.57373046875,0.09765625,-0.1708984375,-0.1953125,0.89111328125,0.08544921875,-0.59814453125,0.1220703125,0.59814453125,0.03662109375,-0.48828125,0,1.37939453125,-0.0732421875,0.5859375,0.3173828125,-0.2197265625,-0.341796875,-0.9033203125,-0.3173828125,-0.42724609375,0.1708984375,-0.78125,-0.10986328125,-0.2197265625,-0.23193359375,-0.732421875,-0.0732421875,-0.390625,0.25634765625,0.634765625,0.0732421875,1.11083984375,0.29296875,0.45166015625,-0.927734375,-0.048828125,0.927734375,0.7080078125,-0.10986328125,0.3662109375,0.35400390625,0.15869140625,-0.0732421875,0.4638671875,0.48828125,0,0.28076171875,0.146484375,-0.2685546875,1.025390625,-0.341796875,0.1708984375,0.01220703125,0.15869140625,-0.29296875,0.1708984375,-0.09765625,0.8544921875,0.10986328125,-0.03662109375,-0.01220703125,1.25732421875,-0.1708984375,-0.96435546875,0.0732421875,-0.37841796875,-0.1708984375,-1.01318359375,0.1708984375,-0.78125,0.15869140625,-0.37841796875,-0.06103515625,0.72021484375,0.13427734375,0.7568359375,0.1953125,0.10986328125,-0.2197265625,-0.830078125,0.01220703125,-0.7568359375,-0.01220703125,-0.7568359375,-0.146484375,-0.20751953125,-0.01220703125,5.06591796875,0.2197265625,7.99560546875,-0.0244140625,3.77197265625,-0.1953125,6.73828125,-0.13427734375,0.3662109375,0.01220703125,0.06103515625,-0.06103515625,-0.08544921875,0.01220703125,0.1708984375,0.06103515625,-0.048828125,0.048828125,0.84228515625,0.01220703125,-0.50048828125,0.048828125,-0.54931640625
0,0.10986328125,-0.40283203125,-0.01220703125,-0.3662109375,-0.09765625,-0.42724609375,0.1708984375,-0.06103515625,-0.48828125,-0.048828125,-0.1220703125,-0.87890625,-0.01220703125,1.07421875,0.18310546875,-0.15869140625,0.06103515625,-0.57373046875,-0.01220703125,-0.15869140625,-0.2197265625,0.9033203125,-0.06103515625,-0.6103515625,0.18310546875,0.1953125,0.01220703125,-0.67138671875,0.0244140625,1.06201171875,-0.0244140625,0.30517578125,0.4150390625,-0.18310546875,-0.29296875,-0.89111328125,-0.35400390625,-0.390625,0.15869140625,-0.78125,-0.06103515625,-0.18310546875,-0.2197265625,-0.732421875,-0.06103515625,-0.390625,0.146484375,0.6591796875,0.09765625,1.0986328125,0.32958984375,0.42724609375,-0.86669921875,-0.0732421875,0.89111328125,0.69580078125,-0.13427734375,0.35400390625,0.48828125,0.20751953125,-0.06103515625,0.4638671875,0.64697265625,0.01220703125,0.23193359375,0.0732421875,-0.25634765625,1.03759765625,-0.390625,0.15869140625,0.06103515625,0.15869140625,-0.3173828125,0.18310546875,-0.08544921875,0.81787109375,0.08544921875,-0.03662109375,0.0732421875,1.26953125,-0.1953125,-0.93994140625,0.0244140625,-0.390625,-0.06103515625,-1.025390625,0.1708984375,-0.78125,-0.048828125,0.6591796875,-0.08544921875,1.1962890625,0.1708984375,1.318359375,0.06103515625,0.74462890625,-0.25634765625,-0.830078125,0.03662109375,-0.7568359375,0.03662109375,-0.76904296875,-0.10986328125,-0.23193359375,0,4.91943359375,0.244140625,7.89794921875,-0.0244140625,3.67431640625,-0.1708984375,6.55517578125,-0.13427734375,0.35400390625,0,0.06103515625,-0.0732421875,-0.09765625,0.01220703125,0.18310546875,0.048828125,-0.0244140625,0.06103515625,0.830078125,0.01220703125,-0.537109375,0.0732421875,-0.537109375
0,0.08544921875,-0.40283203125,-0.01220703125,-0.37841796875,-0.13427734375,-0.4150390625,0.09765625,-0.048828125,-0.50048828125,-0.048828125,-0.10986328125,-0.89111328125,-0.0244140625,1.06201171875,0.1708984375,-0.13427734375,0.0732421875,-0.57373046875,-0.0732421875,-0.1708984375,-0.28076171875,0.9033203125,-0.18310546875,-0.59814453125,0.18310546875,-0.1708984375,-0.01220703125,-0.86669921875,0.048828125,0.79345703125,0.0244140625,0.08544921875,0.48828125,-0.2197265625,-0.2685546875,-0.89111328125,-0.341796875,-0.37841796875,0.1220703125,-0.78125,-0.0732421875,-0.1708984375,-0.20751953125,-0.74462890625,-0.01220703125,-0.42724609375,0.08544921875,0.64697265625,0.1953125,1.11083984375,0.2685546875,0.40283203125,-0.78125,-0.08544921875,0.74462890625,0.68359375,-0.1953125,0.37841796875,0.50048828125,0.2685546875,-0.03662109375,0.4638671875,0.74462890625,0.048828125,0.2197265625,0,-0.244140625,1.01318359375,-0.3662109375,0.1708984375,0.10986328125,0.146484375,-0.3173828125,0.1953125,-0.0732421875,0.81787109375,0.08544921875,0,0.15869140625,1.2939453125,-0.18310546875,-0.9521484375,-0.0244140625,-0.4150390625,0.0244140625,-1.025390625,0.1220703125,-0.79345703125,-0.1953125,1.81884765625,-0.13427734375,1.74560546875,0.1220703125,1.953125,-0.03662109375,1.47705078125,-0.25634765625,-0.830078125,0.03662109375,-0.76904296875,0.06103515625,-0.76904296875,-0.1220703125,-0.23193359375,-0.03662109375,4.55322265625,0.146484375,7.421875,-0.03662109375,3.3935546875,-0.1708984375,6.201171875,-0.15869140625,0.35400390625,-0.03662109375,0.0732421875,-0.0732421875,-0.08544921875,-0.0244140625,0.18310546875,0.06103515625,0.0244140625,0.048828125,0.81787109375,-0.01220703125,-0.54931640625,0.06103515625,-0.57373046875
0,0.048828125,-0.390625,0.048828125,-0.37841796875,-0.09765625,-0.40283203125,0.0244140625,-0.048828125,-0.537109375,-0.0732421875,-0.10986328125,-0.89111328125,-0.01220703125,1.07421875,0.13427734375,-0.13427734375,0.01220703125,-0.59814453125,-0.09765625,-0.1708984375,-0.35400390625,0.9033203125,-0.25634765625,-0.59814453125,0.0732421875,-0.5126953125,-0.06103515625,-1.025390625,0,0.5615234375,-0.0244140625,-0.13427734375,0.50048828125,-0.2197265625,-0.30517578125,-0.91552734375,-0.30517578125,-0.390625,0.10986328125,-0.78125,-0.08544921875,-0.1708984375,-0.1220703125,-0.732421875,0.03662109375,-0.42724609375,0.048828125,0.62255859375,0.2197265625,1.11083984375,0.23193359375,0.40283203125,-0.7080078125,-0.1220703125,0.5615234375,0.67138671875,-0.23193359375,0.45166015625,0.48828125,0.32958984375,0.08544921875,0.50048828125,0.830078125,0.1220703125,0.1708984375,0.0244140625,-0.28076171875,1.0498046875,-0.35400390625,0.18310546875,0.10986328125,0.15869140625,-0.3173828125,0.23193359375,-0.03662109375,0.84228515625,0.09765625,0,0.1953125,1.2939453125,-0.1953125,-0.9765625,-0.048828125,-0.390625,0.1220703125,-1.01318359375,0.0732421875,-0.81787109375,-0.18310546875,3.0517578125,-0.15869140625,2.294921875,0.10986328125,2.6123046875,0,2.2216796875,-0.23193359375,-0.830078125,-0.01220703125,-0.79345703125,0.08544921875,-0.7568359375,-0.1220703125,-0.20751953125,-0.06103515625,4.06494140625,0.03662109375,6.73828125,-0.0732421875,3.0029296875,-0.1708984375,5.6884765625,-0.146484375,0.3173828125,-0.01220703125,0.0732421875,-0.06103515625,-0.06103515625,-0.048828125,0.18310546875,0.048828125,0.048828125,0.0244140625,0.79345703125,0.01220703125,-0.537109375,0.0732421875,-0.57373046875
1,0,-0.3662109375,0.048828125,-0.37841796875,-0.08544921875,-0.40283203125,-0.03662109375,-0.06103515625,-0.48828125,-0.0732421875,-0.09765625,-0.9033203125,0.01220703125,1.07421875,0.13427734375,-0.146484375,-0.08544921875,-0.57373046875,-0.048828125,-0.15869140625,-0.35400390625,0.87890625,-0.2685546875,-0.59814453125,-0.048828125,-0.78125,-0.0732421875,-1.123046875,-0.01220703125,0.35400390625,-0.03662109375,-0.29296875,0.47607421875,-0.25634765625,-0.37841796875,-0.91552734375,-0.25634765625,-0.40283203125,0.09765625,-0.76904296875,-0.09765625,-0.15869140625,-0.0244140625,-0.69580078125,0.0732421875,-0.439453125,0.0732421875,0.62255859375,0.244140625,1.13525390625,0.13427734375,0.40283203125,-0.69580078125,-0.1708984375,0.37841796875,0.69580078125,-0.23193359375,0.537109375,0.47607421875,0.3662109375,0.10986328125,0.5126953125,0.9033203125,0.20751953125,0.13427734375,0.0732421875,-0.25634765625,1.0498046875,-0.30517578125,0.20751953125,0.0732421875,0.15869140625,-0.29296875,0.23193359375,0.03662109375,0.8056640625,0.13427734375,0.01220703125,0.2197265625,1.30615234375,-0.1953125,-0.96435546875,-0.048828125,-0.390625,0.15869140625,-1.01318359375,0.0244140625,-0.81787109375,-0.18310546875,4.19921875,-0.1708984375,2.8076171875,0.0732421875,3.25927734375,0.01220703125,2.9296875,-0.1708984375,-0.84228515625,0,-0.8056640625,0.06103515625,-0.732421875,-0.08544921875,-0.2197265625,-0.0732421875,3.52783203125,-0.01220703125,5.92041015625,-0.146484375,2.57568359375,-0.20751953125,5.13916015625,-0.146484375,0.35400390625,-0.01220703125,0.048828125,-0.06103515625,-0.048828125,-0.0244140625,0.20751953125,0.03662109375,0.0732421875,-0.01220703125,0.78125,0.01220703125,-0.5126953125,0.0732421875,-0.54931640625
1,-0.06103515625,-0.35400390625,0.06103515625,-0.37841796875,-0.08544921875,-0.37841796875,-0.09765625,-0.048828125,-0.48828125,-0.03662109375,-0.09765625,-0.89111328125,0,1.0986328125,0.15869140625,-0.13427734375,-0.2197265625,-0.57373046875,-0.01220703125,-0.15869140625,-0.42724609375,0.86669921875,-0.23193359375,-0.5859375,-0.1220703125,-1.01318359375,0.01220703125,-1.23291015625,-0.03662109375,0.1953125,-0.10986328125,-0.439453125,0.390625,-0.3173828125,-0.52490234375,-0.93994140625,-0.2197265625,-0.439453125,0.08544921875,-0.76904296875,-0.146484375,-0.1953125,0,-0.64697265625,0.06103515625,-0.4638671875,0.1220703125,0.5859375,0.20751953125,1.1474609375,0.048828125,0.45166015625,-0.64697265625,-0.18310546875,0.18310546875,0.7080078125,-0.18310546875,0.62255859375,0.439453125,0.390625,0.15869140625,0.537109375,0.927734375,0.28076171875,0.09765625,0.15869140625,-0.28076171875,1.0498046875,-0.244140625,0.20751953125,0.03662109375,0.15869140625,-0.2685546875,0.244140625,0.10986328125,0.81787109375,0.146484375,0,0.1953125,1.318359375,-0.15869140625,-0.98876953125,-0.048828125,-0.390625,0.2197265625,-1.01318359375,0,-0.81787109375,-0.20751953125,5.21240234375,-0.1953125,3.28369140625,0.06103515625,3.82080078125,0.08544921875,3.57666015625,-0.06103515625,-0.84228515625,0,-0.8056640625,0.0244140625,-0.72021484375,-0.048828125,-0.1953125,-0.0732421875,3.0517578125,0,5.11474609375,-0.20751953125,2.18505859375,-0.1953125,4.638671875,-0.13427734375,0.341796875,0,0.03662109375,-0.06103515625,0.01220703125,-0.06103515625,0.20751953125,0.0244140625,0.048828125,-0.01220703125,0.76904296875,-0.01220703125,-0.50048828125,0.0732421875,-0.5859375
1,-0.08544921875,-0.32958984375,0.06103515625,-0.35400390625,-0.08544921875,-0.390625,-0.146484375,-0.06103515625,-0.52490234375,-0.048828125,-0.09765625,-0.9033203125,0.01220703125,1.123046875,0.146484375,-0.15869140625,-0.32958984375,-0.57373046875,0.06103515625,-0.15869140625,-0.4150390625,0.8544921875,-0.13427734375,-0.5859375,-0.2197265625,-1.13525390625,0.01220703125,-1.2939453125,-0.10986328125,0.1220703125,-0.146484375,-0.5126953125,0.341796875,-0.35400390625,-0.5615234375,-0.9521484375,-0.1953125,-0.47607421875,0.09765625,-0.78125,-0.13427734375,-0.20751953125,0.048828125,-0.6103515625,0.06103515625,-0.439453125,0.20751953125,0.5859375,0.09765625,1.171875,0.0244140625,0.4638671875,-0.67138671875,-0.23193359375,0.048828125,0.72021484375,-0.08544921875,0.68359375,0.42724609375,0.3662109375,0.09765625,0.537109375,0.927734375,0.32958984375,0.0732421875,0.30517578125,-0.29296875,1.06201171875,-0.1708984375,0.20751953125,-0.01220703125,0.1953125,-0.244140625,0.28076171875,0.18310546875,0.78125,0.18310546875,-0.01220703125,0.15869140625,1.318359375,-0.15869140625,-1.01318359375,-0.0244140625,-0.3662109375,0.1953125,-0.98876953125,0,-0.81787109375,-0.20751953125,6.04248046875,-0.2197265625,3.662109375,0,4.2724609375,0.1220703125,4.11376953125,0,-0.830078125,0.03662109375,-0.8056640625,-0.01220703125,-0.7080078125,-0.048828125,-0.23193359375,-0.0244140625,2.685546875,0.03662109375,4.443359375,-0.2685546875,1.8798828125,-0.15869140625,4.26025390625,-0.10986328125,0.341796875,-0.01220703125,0.0244140625,-0.06103515625,0.048828125,-0.0244140625,0.20751953125,0.03662109375,0.0244140625,-0.01220703125,0.7568359375,-0.01220703125,-0.48828125,0.0732421875,-0.59814453125
1,-0.1220703125,-0.30517578125,0.0244140625,-0.3662109375,-0.0732421875,-0.390625,-0.18310546875,-0.0732421875,-0.52490234375,-0.0244140625,-0.10986328125,-0.89111328125,-0.01220703125,1.11083984375,0.15869140625,-0.15869140625,-0.35400390625,-0.59814453125,0.10986328125,-0.15869140625,-0.40283203125,0.86669921875,-0.09765625,-0.5859375,-0.32958984375,-1.171875,-0.03662109375,-1.33056640625,-0.15869140625,0.09765625,-0.20751953125,-0.50048828125,0.3173828125,-0.390625,-0.6103515625,-0.927734375,-0.15869140625,-0.537109375,0.09765625,-0.78125,-0.0732421875,-0.244140625,-0.03662109375,-0.59814453125,0.03662109375,-0.439453125,0.3173828125,0.57373046875,-0.01220703125,1.15966796875,0.0244140625,0.50048828125,-0.634765625,-0.25634765625,-0.0732421875,0.72021484375,0.0244140625,0.69580078125,0.42724609375,0.32958984375,0.01220703125,0.52490234375,0.91552734375,0.32958984375,0.0244140625,0.42724609375,-0.28076171875,1.0498046875,-0.146484375,0.2197265625,-0.048828125,0.18310546875,-0.23193359375,0.25634765625,0.23193359375,0.76904296875,0.2197265625,0,0.09765625,1.30615234375,-0.09765625,-1.025390625,0.01220703125,-0.341796875,0.1220703125,-0.9765625,0.01220703125,-0.81787109375,-0.20751953125,6.62841796875,-0.2197265625,3.94287109375,0,4.62646484375,0.1708984375,4.4921875,0.03662109375,-0.8544921875,0.08544921875,-0.8056640625,-0.048828125,-0.7080078125,-0.03662109375,-0.244140625,0.01220703125,2.47802734375,0.146484375,4.0283203125,-0.30517578125,1.72119140625,-0.15869140625,4.06494140625,-0.09765625,0.3662109375,-0.03662109375,0.0244140625,-0.06103515625,0.048828125,-0.01220703125,0.20751953125,0.0244140625,-0.01220703125,-0.0244140625,0.7568359375,0,-0.50048828125,0.048828125,-0.6103515625
1,-0.13427734375,-0.32958984375,-0.0244140625,-0.35400390625,-0.08544921875,-0.40283203125,-0.18310546875,-0.0732421875,-0.48828125,-0.0244140625,-0.1220703125,-0.9033203125,-0.01220703125,1.123046875,0.1708984375,-0.1220703125,-0.29296875,-0.5859375,0.18310546875,-0.146484375,-0.40283203125,0.84228515625,-0.0732421875,-0.5859375,-0.4150390625,-1.1474609375,-0.0732421875,-1.2939453125,-0.244140625,0.146484375,-0.2197265625,-0.4638671875,0.28076171875,-0.4150390625,-0.5859375,-0.927734375,-0.146484375,-0.54931640625,0.1220703125,-0.78125,-0.01220703125,-0.2685546875,-0.0732421875,-0.6103515625,0.048828125,-0.45166015625,0.4150390625,0.57373046875,-0.1220703125,1.15966796875,0.0732421875,0.5126953125,-0.634765625,-0.25634765625,-0.146484375,0.732421875,0.06103515625,0.6591796875,0.40283203125,0.25634765625,-0.048828125,0.47607421875,0.89111328125,0.25634765625,0.0244140625,0.537109375,-0.20751953125,1.03759765625,-0.1220703125,0.244140625,-0.03662109375,0.1953125,-0.25634765625,0.25634765625,0.2685546875,0.79345703125,0.2197265625,0,0.0244140625,1.2939453125,-0.0732421875,-1.03759765625,0.048828125,-0.341796875,0,-0.98876953125,0.0732421875,-0.8056640625,-0.1953125,6.94580078125,-0.20751953125,4.1259765625,0.01220703125,4.82177734375,0.18310546875,4.736328125,0.048828125,-0.8544921875,0.1220703125,-0.79345703125,-0.06103515625,-0.732421875,-0.09765625,-0.2197265625,0.03662109375,2.4658203125,0.146484375,3.86962890625,-0.28076171875,1.6845703125,-0.1708984375,4.0283203125,-0.13427734375,0.37841796875,-0.0244140625,0.01220703125,-0.06103515625,0.03662109375,0.01220703125,0.20751953125,0.03662109375,-0.06103515625,-0.03662109375,0.79345703125,-0.01220703125,-0.48828125,0.0244140625,-0.59814453125
1,-0.13427734375,-0.341796875,-0.0732421875,-0.32958984375,-0.13427734375,-0.40283203125,-0.15869140625,-0.06103515625,-0.4150390625,-0.0244140625,-0.08544921875,-0.89111328125,-0.0244140625,1.123046875,0.1708984375,-0.10986328125,-0.1953125,-0.5615234375,0.2197265625,-0.15869140625,-0.3173828125,0.86669921875,-0.08544921875,-0.6103515625,-0.4638671875,-1.01318359375,-0.15869140625,-1.26953125,-0.2685546875,0.23193359375,-0.23193359375,-0.3662109375,0.25634765625,-0.4150390625,-0.48828125,-0.91552734375,-0.13427734375,-0.5859375,0.13427734375,-0.78125,0.06103515625,-0.28076171875,-0.146484375,-0.62255859375,0.0732421875,-0.4150390625,0.439453125,0.5615234375,-0.15869140625,1.13525390625,0.09765625,0.50048828125,-0.634765625,-0.25634765625,-0.244140625,0.72021484375,0.09765625,0.5859375,0.37841796875,0.18310546875,-0.0732421875,0.4150390625,0.84228515625,0.146484375,0.048828125,0.64697265625,-0.15869140625,1.01318359375,-0.1220703125,0.23193359375,0,0.20751953125,-0.23193359375,0.2685546875,0.3173828125,0.7568359375,0.20751953125,-0.01220703125,-0.048828125,1.2939453125,-0.01220703125,-1.03759765625,0.06103515625,-0.341796875,-0.10986328125,-0.96435546875,0.09765625,-0.8056640625,-0.18310546875,7.01904296875,-0.1708984375,4.16259765625,0.048828125,4.89501953125,0.146484375,4.79736328125,0.01220703125,-0.86669921875,0.13427734375,-0.8056640625,-0.06103515625,-0.732421875,-0.146484375,-0.1953125,0.03662109375,2.62451171875,0.10986328125,4.01611328125,-0.28076171875,1.7822265625,-0.244140625,4.16259765625,-0.1220703125,0.390625,-0.0244140625,0.0244140625,-0.048828125,0.0244140625,0.0244140625,0.18310546875,0.0244140625,-0.10986328125,-0.048828125,0.8056640625,0.01220703125,-0.47607421875,0.03662109375,-0.59814453125
1,-0.1220703125,-0.37841796875,-0.10986328125,-0.32958984375,-0.20751953125,-0.42724609375,-0.13427734375,-0.03662109375,-0.4150390625,0,-0.08544921875,-0.9033203125,-0.01220703125,1.11083984375,0.15869140625,-0.10986328125,-0.0732421875,-0.5615234375,0.2197265625,-0.15869140625,-0.20751953125,0.8544921875,-0.1953125,-0.6103515625,-0.48828125,-0.830078125,-0.13427734375,-1.171875,-0.29296875,0.3662109375,-0.1708984375,-0.20751953125,0.25634765625,-0.40283203125,-0.40283203125,-0.9033203125,-0.1220703125,-0.5859375,0.146484375,-0.78125,0.10986328125,-0.30517578125,-0.2197265625,-0.64697265625,0.1220703125,-0.40283203125,0.439453125,0.57373046875,-0.1708984375,1.1474609375,0.06103515625,0.48828125,-0.634765625,-0.244140625,-0.30517578125,0.72021484375,0.10986328125,0.4638671875,0.35400390625,0.09765625,-0.146484375,0.35400390625,0.78125,0.048828125,0.06103515625,0.732421875,-0.06103515625,1.025390625,-0.08544921875,0.244140625,0.01220703125,0.20751953125,-0.1708984375,0.23193359375,0.32958984375,0.76904296875,0.1953125,-0.01220703125,-0.15869140625,1.26953125,0.01220703125,-1.025390625,0.10986328125,-0.35400390625,-0.2197265625,-0.98876953125,0.1220703125,-0.8056640625,-0.15869140625,6.79931640625,-0.13427734375,4.08935546875,0.08544921875,4.79736328125,0.13427734375,4.638671875,0,-0.87890625,0.146484375,-0.79345703125,-0.06103515625,-0.74462890625,-0.20751953125,-0.1953125,0.01220703125,2.84423828125,0.09765625,4.33349609375,-0.23193359375,1.953125,-0.28076171875,4.39453125,-0.1708984375,0.390625,-0.0244140625,0.0244140625,-0.0732421875,0,0.0244140625,0.1708984375,0.03662109375,-0.146484375,-0.048828125,0.830078125,0,-0.4638671875,0.06103515625,-0.59814453125
1,-0.09765625,-0.390625,-0.15869140625,-0.32958984375,-0.1953125,-0.4150390625,-0.10986328125,-0.048828125,-0.4150390625,-0.0244140625,-0.06103515625,-0.87890625,0,1.0986328125,0.146484375,-0.1220703125,0.06103515625,-0.57373046875,0.1708984375,-0.146484375,-0.09765625,0.86669921875,-0.23193359375,-0.59814453125,-0.439453125,-0.6103515625,-0.08544921875,-1.0498046875,-0.28076171875,0.537109375,-0.1220703125,-0.06103515625,0.244140625,-0.37841796875,-0.341796875,-0.89111328125,-0.1220703125,-0.57373046875,0.15869140625,-0.78125,0.08544921875,-0.28076171875,-0.20751953125,-0.69580078125,0.18310546875,-0.390625,0.4150390625,0.57373046875,-0.25634765625,1.13525390625,0.048828125,0.47607421875,-0.62255859375,-0.23193359375,-0.3173828125,0.7080078125,0.146484375,0.37841796875,0.37841796875,0.048828125,-0.1220703125,0.35400390625,0.72021484375,-0.03662109375,0.06103515625,0.8056640625,0,1.025390625,-0.08544921875,0.23193359375,0.08544921875,0.2197265625,-0.048828125,0.244140625,0.3662109375,0.76904296875,0.15869140625,-0.01220703125,-0.1953125,1.2939453125,-0.01220703125,-1.025390625,0.08544921875,-0.341796875,-0.29296875,-1.0009765625,0.10986328125,-0.8056640625,-0.1220703125,6.31103515625,-0.13427734375,3.86962890625,0.10986328125,4.55322265625,0.1220703125,4.3212890625,-0.01220703125,-0.87890625,0.146484375,-0.79345703125,-0.0732421875,-0.78125,-0.2685546875,-0.18310546875,-0.03662109375,3.1005859375,0.09765625,4.736328125,-0.2197265625,2.18505859375,-0.3173828125,4.6630859375,-0.18310546875,0.35400390625,-0.0244140625,0.03662109375,-0.0732421875,-0.03662109375,0.01220703125,0.15869140625,0.01220703125,-0.10986328125,-0.048828125,0.8544921875,-0.01220703125,-0.5126953125,0.06103515625,-0.57373046875
1,-0.10986328125,-0.390625,-0.1708984375,-0.3662109375,-0.1953125,-0.42724609375,-0.048828125,-0.03662109375,-0.4150390625,-0.03662109375,-0.0732421875,-0.89111328125,0,1.07421875,0.13427734375,-0.13427734375,0.146484375,-0.5859375,0.10986328125,-0.15869140625,0,0.86669921875,-0.30517578125,-0.6103515625,-0.3662109375,-0.4150390625,0.01220703125,-0.927734375,-0.20751953125,0.7080078125,-0.06103515625,0.09765625,0.1953125,-0.32958984375,-0.2685546875,-0.86669921875,-0.1220703125,-0.537109375,0.1953125,-0.79345703125,0.06103515625,-0.28076171875,-0.25634765625,-0.7080078125,0.15869140625,-0.37841796875,0.32958984375,0.57373046875,-0.341796875,1.13525390625,0.08544921875,0.42724609375,-0.59814453125,-0.1953125,-0.3662109375,0.7080078125,0.15869140625,0.3173828125,0.40283203125,0.08544921875,-0.1953125,0.4150390625,0.64697265625,-0.08544921875,0.03662109375,0.89111328125,0.08544921875,1.0009765625,-0.048828125,0.2197265625,0.1220703125,0.2197265625,0.0732421875,0.23193359375,0.35400390625,0.72021484375,0.09765625,-0.0244140625,-0.2197265625,1.2939453125,-0.01220703125,-1.025390625,0.0732421875,-0.3662109375,-0.32958984375,-1.01318359375,0.10986328125,-0.8056640625,-0.0732421875,5.56640625,-0.10986328125,3.4912109375,0.13427734375,4.13818359375,0.13427734375,3.8330078125,-0.01220703125,-0.86669921875,0.10986328125,-0.76904296875,-0.09765625,-0.79345703125,-0.29296875,-0.1953125,-0.06103515625,3.28369140625,0.1220703125,5.09033203125,-0.18310546875,2.34375,-0.30517578125,4.8583984375,-0.18310546875,0.3662109375,-0.0244140625,0.03662109375,-0.0732421875,-0.048828125,-0.01220703125,0.146484375,0,-0.0732421875,-0.0244140625,0.830078125,-0.0244140625,-0.537109375,0.06103515625,-0.57373046875
1,-0.146484375,-0.390625,-0.146484375,-0.3662109375,-0.1953125,-0.439453125,-0.03662109375,-0.048828125,-0.42724609375,-0.048828125,-0.06103515625,-0.87890625,0.01220703125,1.06201171875,0.10986328125,-0.146484375,0.25634765625,-0.54931640625,0.0732421875,-0.146484375,0.01220703125,0.87890625,-0.32958984375,-0.59814453125,-0.32958984375,-0.244140625,0.0244140625,-0.81787109375,-0.1220703125,0.84228515625,-0.03662109375,0.1953125,0.28076171875,-0.3173828125,-0.20751953125,-0.8544921875,-0.1220703125,-0.52490234375,0.1953125,-0.78125,-0.01220703125,-0.244140625,-0.2197265625,-0.732421875,0.10986328125,-0.390625,0.25634765625,0.5859375,-0.42724609375,1.13525390625,0.15869140625,0.40283203125,-0.54931640625,-0.18310546875,-0.35400390625,0.69580078125,0.13427734375,0.32958984375,0.45166015625,0.15869140625,-0.37841796875,0.5859375,0.57373046875,-0.048828125,0.0244140625,0.927734375,0.15869140625,1.0009765625,-0.06103515625,0.2197265625,0.15869140625,0.2197265625,0.18310546875,0.244140625,0.29296875,0.7568359375,0.03662109375,-0.0244140625,-0.23193359375,1.2939453125,-0.0244140625,-0.98876953125,0.03662109375,-0.37841796875,-0.3173828125,-1.0009765625,0.09765625,-0.8056640625,-0.09765625,4.62646484375,-0.1220703125,3.0029296875,0.13427734375,3.60107421875,0.1220703125,3.13720703125,-0.01220703125,-0.87890625,0.10986328125,-0.7568359375,-0.09765625,-0.78125,-0.3173828125,-0.1708984375,-0.03662109375,3.3203125,0.08544921875,5.2490234375,-0.1708984375,2.35595703125,-0.25634765625,4.91943359375,-0.2197265625,0.341796875,-0.03662109375,0.06103515625,-0.06103515625,-0.0732421875,-0.03662109375,0.13427734375,0,-0.0244140625,0,0.84228515625,-0.03662109375,-0.537109375,0.0732421875,-0.537109375
1,-0.15869140625,-0.390625,-0.13427734375,-0.37841796875,-0.2197265625,-0.42724609375,-0.03662109375,-0.0732421875,-0.40283203125,-0.01220703125,-0.06103515625,-0.86669921875,0.0244140625,1.0498046875,0.09765625,-0.1708984375,0.30517578125,-0.57373046875,0.048828125,-0.146484375,-0.048828125,0.87890625,-0.29296875,-0.6103515625,-0.23193359375,-0.15869140625,0.10986328125,-0.78125,0.0244140625,0.9033203125,0.0244140625,0.244140625,0.30517578125,-0.29296875,-0.0732421875,-0.84228515625,-0.09765625,-0.50048828125,0.13427734375,-0.78125,-0.09765625,-0.244140625,-0.146484375,-0.74462890625,0.0732421875,-0.390625,0.1708984375,0.5859375,-0.45166015625,1.13525390625,0.15869140625,0.4150390625,-0.48828125,-0.13427734375,-0.28076171875,0.68359375,0.09765625,0.4638671875,0.4638671875,0.30517578125,-0.4150390625,0.87890625,0.45166015625,0.10986328125,0.01220703125,1.025390625,0.18310546875,1.01318359375,-0.048828125,0.20751953125,0.18310546875,0.20751953125,0.25634765625,0.2197265625,0.20751953125,0.76904296875,-0.03662109375,-0.03662109375,-0.20751953125,1.318359375,-0.048828125,-1.0009765625,0,-0.40283203125,-0.2685546875,-1.0498046875,0.048828125,-0.830078125,-0.09765625,3.466796875,-0.10986328125,2.4169921875,0.06103515625,2.94189453125,0.08544921875,2.3681640625,-0.06103515625,-0.87890625,0.13427734375,-0.76904296875,-0.10986328125,-0.76904296875,-0.3173828125,-0.18310546875,-0.0732421875,3.16162109375,0.01220703125,5.1025390625,-0.15869140625,2.25830078125,-0.25634765625,4.7607421875,-0.23193359375,0.32958984375,-0.048828125,0.048828125,-0.06103515625,-0.06103515625,-0.06103515625,0.13427734375,-0.01220703125,-0.01220703125,0.01220703125,0.84228515625,-0.03662109375,-0.537109375,0.0732421875,-0.54931640625
1,-0.1708984375,-0.40283203125,-0.08544921875,-0.3662109375,-0.2197265625,-0.42724609375,-0.03662109375,-0.06103515625,-0.42724609375,-0.01220703125,-0.048828125,-0.86669921875,0.0244140625,1.06201171875,0.08544921875,-0.146484375,0.30517578125,-0.54931640625,0.048828125,-0.146484375,-0.13427734375,0.87890625,-0.2685546875,-0.6103515625,-0.28076171875,-0.146484375,0.0732421875,-0.7568359375,0.10986328125,0.927734375,-0.048828125,0.244140625,0.35400390625,-0.30517578125,0.01220703125,-0.84228515625,-0.08544921875,-0.45166015625,0.06103515625,-0.76904296875,-0.15869140625,-0.20751953125,-0.1220703125,-0.732421875,0.0244140625,-0.4150390625,0.1220703125,0.59814453125,-0.4150390625,1.13525390625,0.09765625,0.42724609375,-0.42724609375,-0.10986328125,-0.18310546875,0.7080078125,0.048828125,0.72021484375,0.42724609375,0.54931640625,-0.45166015625,1.3427734375,0.3173828125,0.40283203125,0.01220703125,1.0498046875,0.1953125,1.01318359375,0.01220703125,0.1953125,0.1708984375,0.1953125,0.2685546875,0.23193359375,0.09765625,0.732421875,-0.048828125,-0.01220703125,-0.1953125,1.30615234375,-0.03662109375,-1.0009765625,-0.01220703125,-0.4150390625,-0.18310546875,-1.01318359375,-0.01220703125,-0.8056640625,-0.13427734375,2.23388671875,-0.10986328125,1.77001953125,0,2.18505859375,0.0732421875,1.4892578125,-0.0732421875,-0.87890625,0.146484375,-0.78125,-0.13427734375,-0.78125,-0.3173828125,-0.1953125,-0.06103515625,2.783203125,0.03662109375,4.5654296875,-0.1220703125,1.9775390625,-0.1953125,4.39453125,-0.2685546875,0.32958984375,-0.0732421875,0.03662109375,-0.0732421875,0,-0.08544921875,0.15869140625,0.01220703125,0.01220703125,0.01220703125,0.81787109375,-0.03662109375,-0.5126953125,0.08544921875,-0.57373046875
1,-0.1708984375,-0.37841796875,-0.06103515625,-0.37841796875,-0.2197265625,-0.439453125,-0.03662109375,-0.0732421875,-0.390625,-0.01220703125,-0.0244140625,-0.86669921875,0.0244140625,1.06201171875,0.048828125,-0.1708984375,0.2197265625,-0.54931640625,0.0732421875,-0.146484375,-0.25634765625,0.89111328125,-0.244140625,-0.59814453125,-0.29296875,-0.2197265625,0.08544921875,-0.74462890625,0.18310546875,0.9033203125,0,0.1953125,0.390625,-0.3173828125,0.08544921875,-0.830078125,-0.09765625,-0.45166015625,-0.01220703125,-0.76904296875,-0.244140625,-0.18310546875,-0.0244140625,-0.7080078125,-0.048828125,-0.4150390625,0.10986328125,0.59814453125,-0.37841796875,1.13525390625,0.01220703125,0.439453125,-0.30517578125,-0.1220703125,-0.0732421875,0.69580078125,-0.03662109375,1.08642578125,0.4638671875,0.84228515625,-0.2685546875,1.91650390625,0.20751953125,0.8056640625,0.0732421875,1.07421875,0.2197265625,1.03759765625,0.03662109375,0.1953125,0.1708984375,0.1953125,0.2685546875,0.23193359375,0.03662109375,0.72021484375,-0.048828125,0,-0.1708984375,1.30615234375,-0.0732421875,-1.0009765625,-0.03662109375,-0.4150390625,-0.10986328125,-1.01318359375,-0.06103515625,-0.84228515625,-0.15869140625,1.03759765625,-0.18310546875,1.07421875,-0.08544921875,1.416015625,0.03662109375,0.62255859375,-0.08544921875,-0.86669921875,0.15869140625,-0.78125,-0.1708984375,-0.74462890625,-0.28076171875,-0.1953125,-0.03662109375,2.24609375,0.03662109375,3.69873046875,-0.146484375,1.5380859375,-0.13427734375,3.82080078125,-0.28076171875,0.341796875,-0.08544921875,0.03662109375,-0.06103515625,0.0244140625,-0.09765625,0.15869140625,-0.01220703125,0.048828125,0.0244140625,0.81787109375,-0.03662109375,-0.5126953125,0.09765625,-0.54931640625
1,-0.1708984375,-0.3662109375,-0.048828125,-0.3662109375,-0.15869140625,-0.45166015625,0,-0.06103515625,-0.35400390625,-0.01220703125,-0.01220703125,-0.86669921875,0.048828125,1.08642578125,0.048828125,-0.13427734375,0.0732421875,-0.5615234375,0.08544921875,-0.146484375,-0.35400390625,0.89111328125,-0.18310546875,-0.6103515625,-0.1708984375,-0.3173828125,0.25634765625,-0.78125,0.30517578125,0.84228515625,0.1220703125,0.146484375,0.40283203125,-0.341796875,0.13427734375,-0.81787109375,-0.09765625,-0.4638671875,-0.0732421875,-0.76904296875,-0.25634765625,-0.18310546875,0,-0.6591796875,-0.09765625,-0.4150390625,0.09765625,0.59814453125,-0.3173828125,1.15966796875,-0.03662109375,0.47607421875,-0.20751953125,-0.1220703125,0.048828125,0.69580078125,-0.0244140625,1.5625,0.4150390625,1.15966796875,-0.32958984375,2.6123046875,0.1953125,1.33056640625,0.13427734375,1.08642578125,0.1953125,1.03759765625,0.09765625,0.1953125,0.15869140625,0.18310546875,0.20751953125,0.2197265625,-0.048828125,0.7080078125,-0.0244140625,0,-0.1708984375,1.30615234375,-0.10986328125,-0.98876953125,-0.06103515625,-0.4150390625,-0.03662109375,-1.025390625,-0.0732421875,-0.79345703125,-0.1708984375,-0.10986328125,-0.20751953125,0.45166015625,-0.10986328125,0.69580078125,0.0244140625,-0.1953125,-0.146484375,-0.8544921875,0.146484375,-0.79345703125,-0.20751953125,-0.74462890625,-0.1953125,-0.1953125,-0.03662109375,1.5869140625,-0.03662109375,2.5634765625,-0.18310546875,1.01318359375,-0.09765625,3.13720703125,-0.29296875,0.341796875,-0.0732421875,0.03662109375,-0.06103515625,0.0244140625,-0.1220703125,0.1708984375,0,-0.01220703125,0.01220703125,0.81787109375,-0.03662109375,-0.48828125,0.0732421875,-0.5615234375
0,-0.146484375,-0.37841796875,-0.0244140625,-0.341796875,-0.13427734375,-0.4638671875,0.03662109375,-0.03662109375,-0.3662109375,0.01220703125,-0.048828125,-0.86669921875,0.03662109375,1.11083984375,0.03662109375,-0.10986328125,-0.06103515625,-0.5615234375,0.09765625,-0.15869140625,-0.37841796875,0.86669921875,-0.18310546875,-0.59814453125,-0.20751953125,-0.439453125,0.20751953125,-0.830078125,0.23193359375,0.81787109375,0.10986328125,0.08544921875,0.37841796875,-0.390625,0.1220703125,-0.8056640625,-0.146484375,-0.47607421875,-0.0732421875,-0.76904296875,-0.2197265625,-0.18310546875,-0.03662109375,-0.64697265625,-0.146484375,-0.42724609375,0.10986328125,0.62255859375,-0.30517578125,1.15966796875,-0.08544921875,0.48828125,-0.2197265625,-0.10986328125,0.20751953125,0.69580078125,-0.0732421875,2.08740234375,0.439453125,1.50146484375,-0.20751953125,3.369140625,0.1708984375,1.84326171875,0.2197265625,1.0498046875,0.13427734375,1.0498046875,0.13427734375,0.18310546875,0.1220703125,0.1953125,0.15869140625,0.23193359375,-0.08544921875,0.7080078125,0.0244140625,0.01220703125,-0.18310546875,1.318359375,-0.09765625,-0.98876953125,-0.08544921875,-0.42724609375,0.03662109375,-1.0009765625,0,-0.79345703125,-0.18310546875,-1.07421875,-0.2197265625,-0.09765625,-0.09765625,0.06103515625,0.0244140625,-0.86669921875,-0.1220703125,-0.8544921875,0.15869140625,-0.8056640625,-0.25634765625,-0.72021484375,-0.1220703125,-0.1953125,0.0244140625,0.87890625,-0.01220703125,1.2939453125,-0.2197265625,0.42724609375,0,2.40478515625,-0.3173828125,0.3662109375,-0.08544921875,0.0244140625,-0.06103515625,0.048828125,-0.1220703125,0.1953125,0,-0.048828125,0.01220703125,0.81787109375,-0.01220703125,-0.4638671875,0.08544921875,-0.54931640625
0,-0.13427734375,-0.341796875,-0.03662109375,-0.32958984375,-0.09765625,-0.42724609375,0.06103515625,-0.048828125,-0.341796875,0.03662109375,-0.048828125,-0.89111328125,0.01220703125,1.123046875,0.0244140625,-0.10986328125,-0.13427734375,-0.5859375,0.06103515625,-0.15869140625,-0.341796875,0.87890625,-0.2197265625,-0.59814453125,-0.1953125,-0.5126953125,0.08544921875,-0.87890625,0.18310546875,0.8056640625,0.1708984375,0.08544921875,0.29296875,-0.40283203125,0.1220703125,-0.8056640625,-0.1953125,-0.48828125,-0.08544921875,-0.76904296875,-0.15869140625,-0.1953125,-0.048828125,-0.62255859375,-0.20751953125,-0.42724609375,0.13427734375,0.62255859375,-0.32958984375,1.15966796875,-0.09765625,0.5126953125,-0.15869140625,-0.15869140625,0.3173828125,0.69580078125,-0.06103515625,2.6123046875,0.4638671875,1.84326171875,-0.20751953125,4.11376953125,0.1220703125,2.35595703125,0.28076171875,0.96435546875,0.03662109375,1.03759765625,0.1220703125,0.1953125,0.0732421875,0.18310546875,0.1220703125,0.25634765625,-0.146484375,0.72021484375,0.048828125,0.03662109375,-0.23193359375,1.30615234375,-0.10986328125,-1.01318359375,-0.08544921875,-0.439453125,0.10986328125,-1.0009765625,0.06103515625,-0.8056640625,-0.1708984375,-1.7822265625,-0.20751953125,-0.5126953125,-0.06103515625,-0.42724609375,0.0244140625,-1.3916015625,-0.09765625,-0.8544921875,0.146484375,-0.8056640625,-0.2685546875,-0.732421875,-0.06103515625,-0.1953125,0.01220703125,0.2685546875,0.01220703125,0.10986328125,-0.2685546875,-0.09765625,0,1.74560546875,-0.32958984375,0.3662109375,-0.09765625,-0.01220703125,-0.0732421875,0.06103515625,-0.1220703125,0.1708984375,-0.01220703125,-0.048828125,0,0.830078125,0,-0.439453125,0.08544921875,-0.54931640625
0,-0.10986328125,-0.3173828125,-0.0732421875,-0.3173828125,-0.09765625,-0.4150390625,0.0732421875,-0.03662109375,-0.35400390625,0.01220703125,-0.03662109375,-0.87890625,0.01220703125,1.13525390625,0.01220703125,-0.10986328125,-0.15869140625,-0.5859375,0.0244140625,-0.18310546875,-0.3173828125,0.87890625,-0.2685546875,-0.6103515625,-0.13427734375,-0.52490234375,0.10986328125,-0.84228515625,0.13427734375,0.8544921875,0.2197265625,0.146484375,0.23193359375,-0.4150390625,0.09765625,-0.81787109375,-0.2685546875,-0.52490234375,-0.06103515625,-0.76904296875,-0.048828125,-0.2197265625,-0.1220703125,-0.634765625,-0.18310546875,-0.45166015625,0.10986328125,0.59814453125,-0.28076171875,1.171875,-0.09765625,0.5126953125,-0.13427734375,-0.18310546875,0.3173828125,0.69580078125,-0.0732421875,3.076171875,0.4150390625,2.13623046875,-0.146484375,4.82177734375,0.048828125,2.8076171875,0.341796875,0.86669921875,-0.03662109375,1.03759765625,0.146484375,0.20751953125,0.0244140625,0.1953125,0.048828125,0.28076171875,-0.1953125,0.72021484375,0.09765625,0.0244140625,-0.244140625,1.2939453125,-0.06103515625,-1.025390625,-0.0732421875,-0.42724609375,0.1953125,-1.01318359375,0.146484375,-0.8056640625,-0.15869140625,-2.24609375,-0.13427734375,-0.74462890625,0.0244140625,-0.76904296875,0.0244140625,-1.74560546875,-0.0732421875,-0.84228515625,0.13427734375,-0.79345703125,-0.244140625,-0.7568359375,-0.06103515625,-0.1953125,0.0244140625,-0.18310546875,0.1220703125,-0.84228515625,-0.23193359375,-0.48828125,-0.01220703125,1.23291015625,-0.32958984375,0.37841796875,-0.08544921875,0.01220703125,-0.06103515625,0.08544921875,-0.10986328125,0.1708984375,-0.01220703125,-0.08544921875,-0.03662109375,0.8544921875,-0.01220703125,-0.42724609375,0.08544921875,-0.537109375
0,-0.10986328125,-0.3173828125,-0.09765625,-0.32958984375,-0.13427734375,-0.390625,0.0732421875,-0.048828125,-0.35400390625,0.01220703125,-0.048828125,-0.87890625,-0.01220703125,1.13525390625,-0.01220703125,-0.1220703125,-0.1220703125,-0.59814453125,0.0244140625,-0.15869140625,-0.20751953125,0.89111328125,-0.37841796875,-0.62255859375,-0.1953125,-0.45166015625,-0.08544921875,-0.7568359375,0.01220703125,0.98876953125,0.18310546875,0.28076171875,0.13427734375,-0.3662109375,0.0732421875,-0.8056640625,-0.3173828125,-0.52490234375,-0.0244140625,-0.76904296875,0.1220703125,-0.1953125,-0.146484375,-0.634765625,-0.10986328125,-0.4150390625,0.1220703125,0.6103515625,-0.3173828125,1.171875,-0.10986328125,0.47607421875,-0.10986328125,-0.1953125,0.341796875,0.7080078125,-0.0732421875,3.4423828125,0.42724609375,2.3681640625,0.0244140625,5.38330078125,0,3.13720703125,0.3662109375,0.732421875,-0.1220703125,1.06201171875,0.09765625,0.1953125,-0.01220703125,0.20751953125,-0.0244140625,0.2685546875,-0.1953125,0.7080078125,0.146484375,0,-0.29296875,1.30615234375,0,-1.01318359375,-0.06103515625,-0.42724609375,0.25634765625,-1.025390625,0.20751953125,-0.79345703125,-0.1708984375,-2.44140625,-0.08544921875,-0.84228515625,0.13427734375,-0.91552734375,0.0244140625,-1.8798828125,-0.048828125,-0.84228515625,0.0732421875,-0.76904296875,-0.2197265625,-0.7568359375,-0.0732421875,-0.20751953125,0.01220703125,-0.4150390625,0.18310546875,-1.416015625,-0.23193359375,-0.69580078125,-0.0244140625,0.9765625,-0.3662109375,0.3662109375,-0.08544921875,0,-0.06103515625,0.06103515625,-0.10986328125,0.18310546875,-0.0244140625,-0.09765625,-0.06103515625,0.84228515625,-0.01220703125,-0.439453125,0.06103515625,-0.54931640625
0,-0.08544921875,-0.3173828125,-0.146484375,-0.32958984375,-0.146484375,-0.37841796875,0.0732421875,-0.0732421875,-0.3173828125,0.0244140625,-0.03662109375,-0.9033203125,-0.01220703125,1.11083984375,-0.03662109375,-0.10986328125,-0.048828125,-0.5859375,0.0244140625,-0.1708984375,-0.09765625,0.9033203125,-0.47607421875,-0.634765625,-0.18310546875,-0.28076171875,-0.1220703125,-0.6103515625,-0.048828125,1.18408203125,0.146484375,0.4638671875,0.048828125,-0.341796875,0.01220703125,-0.81787109375,-0.30517578125,-0.5126953125,-0.03662109375,-0.76904296875,0.244140625,-0.2197265625,-0.1220703125,-0.6591796875,0.01220703125,-0.439453125,0.146484375,0.59814453125,-0.30517578125,1.15966796875,-0.15869140625,0.47607421875,-0.0732421875,-0.1953125,0.3662109375,0.7080078125,-0.0732421875,3.662109375,0.390625,2.52685546875,0.0732421875,5.7861328125,-0.0244140625,3.35693359375,0.32958984375,0.5859375,-0.18310546875,1.03759765625,0.03662109375,0.20751953125,-0.03662109375,0.23193359375,-0.09765625,0.29296875,-0.1953125,0.74462890625,0.15869140625,0,-0.341796875,1.30615234375,0.048828125,-1.025390625,-0.06103515625,-0.42724609375,0.3173828125,-1.01318359375,0.25634765625,-0.81787109375,-0.2197265625,-2.44140625,-0.03662109375,-0.81787109375,0.20751953125,-0.93994140625,0.0244140625,-1.8798828125,-0.0732421875,-0.84228515625,0,-0.732421875,-0.15869140625,-0.7568359375,-0.1220703125,-0.20751953125,-0.09765625,-0.341796875,0.1708984375,-1.46484375,-0.23193359375,-0.67138671875,-0.09765625,1.0009765625,-0.37841796875,0.37841796875,-0.08544921875,0,-0.06103515625,0.03662109375,-0.1220703125,0.15869140625,-0.0244140625,-0.09765625,-0.06103515625,0.8544921875,-0.0244140625,-0.4638671875,0.03662109375,-0.52490234375
0,-0.0732421875,-0.32958984375,-0.146484375,-0.341796875,-0.13427734375,-0.390625,0.03662109375,-0.0732421875,-0.28076171875,0,-0.03662109375,-0.9033203125,0,1.0986328125,-0.06103515625,-0.1220703125,-0.0244140625,-0.5859375,0.0732421875,-0.1708984375,-0.01220703125,0.89111328125,-0.5126953125,-0.634765625,-0.15869140625,-0.048828125,-0.08544921875,-0.42724609375,-0.0732421875,1.42822265625,0.0732421875,0.67138671875,-0.0732421875,-0.30517578125,-0.048828125,-0.830078125,-0.30517578125,-0.47607421875,-0.048828125,-0.76904296875,0.28076171875,-0.2197265625,-0.0732421875,-0.69580078125,0.1220703125,-0.40283203125,0.13427734375,0.62255859375,-0.3173828125,1.18408203125,-0.1708984375,0.42724609375,-0.0732421875,-0.18310546875,0.42724609375,0.7080078125,-0.08544921875,3.759765625,0.32958984375,2.587890625,0.0732421875,5.9814453125,-0.048828125,3.43017578125,0.32958984375,0.45166015625,-0.25634765625,1.0498046875,0,0.20751953125,-0.08544921875,0.23193359375,-0.13427734375,0.28076171875,-0.1708984375,0.76904296875,0.13427734375,-0.0244140625,-0.35400390625,1.318359375,0.09765625,-1.03759765625,-0.06103515625,-0.40283203125,0.3662109375,-1.01318359375,0.244140625,-0.8056640625,-0.37841796875,-2.2705078125,-0.01220703125,-0.7080078125,0.25634765625,-0.86669921875,0.01220703125,-1.806640625,-0.09765625,-0.8544921875,-0.09765625,-0.732421875,-0.1220703125,-0.79345703125,-0.18310546875,-0.20751953125,-0.1220703125,0,0.28076171875,-1.025390625,-0.23193359375,-0.42724609375,-0.10986328125,1.33056640625,-0.3662109375,0.37841796875,-0.08544921875,0.01220703125,-0.0732421875,0,-0.146484375,0.1708984375,-0.0732421875,-0.0732421875,-0.0732421875,0.8544921875,-0.0244140625,-0.48828125,0.03662109375,-0.54931640625
0,-0.1220703125,-0.3662109375,-0.13427734375,-0.35400390625,-0.08544921875,-0.40283203125,0.048828125,-0.0732421875,-0.2685546875,0,-0.06103515625,-0.87890625,-0.06103515625,1.08642578125,-0.0732421875,-0.1220703125,0,-0.59814453125,0.13427734375,-0.1708984375,0.09765625,0.89111328125,-0.52490234375,-0.634765625,-0.244140625,0.23193359375,-0.15869140625,-0.20751953125,-0.09765625,1.6845703125,0,0.93994140625,-0.146484375,-0.23193359375,-0.06103515625,-0.830078125,-0.2685546875,-0.45166015625,-0.06103515625,-0.78125,0.28076171875,-0.2197265625,-0.03662109375,-0.72021484375,0.2197265625,-0.40283203125,0.13427734375,0.6103515625,-0.341796875,1.1962890625,-0.18310546875,0.439453125,-0.0732421875,-0.1953125,0.45166015625,0.7080078125,-0.0732421875,3.72314453125,0.32958984375,2.57568359375,0.0244140625,5.94482421875,0.0244140625,3.369140625,0.3173828125,0.32958984375,-0.3173828125,1.03759765625,-0.08544921875,0.20751953125,-0.10986328125,0.25634765625,-0.18310546875,0.28076171875,-0.13427734375,0.78125,0.13427734375,-0.03662109375,-0.32958984375,1.33056640625,0.08544921875,-1.025390625,-0.08544921875,-0.37841796875,0.341796875,-1.025390625,0.1708984375,-0.79345703125,-0.35400390625,-2.05078125,0.03662109375,-0.5615234375,0.3173828125,-0.72021484375,0.048828125,-1.66015625,-0.09765625,-0.8544921875,-0.18310546875,-0.732421875,-0.1220703125,-0.79345703125,-0.23193359375,-0.2197265625,-0.08544921875,0.57373046875,0.32958984375,-0.0732421875,-0.1953125,0.048828125,-0.10986328125,1.9287109375,-0.35400390625,0.37841796875,-0.08544921875,0.048828125,-0.06103515625,0.01220703125,-0.15869140625,0.146484375,-0.08544921875,-0.0244140625,-0.06103515625,0.86669921875,-0.06103515625,-0.50048828125,0.06103515625,-0.54931640625
0,-0.146484375,-0.37841796875,-0.1220703125,-0.341796875,-0.03662109375,-0.4150390625,0.0244140625,-0.06103515625,-0.28076171875,-0.0244140625,-0.03662109375,-0.87890625,-0.0244140625,1.07421875,-0.0732421875,-0.10986328125,0.03662109375,-0.57373046875,0.244140625,-0.146484375,0.10986328125,0.9033203125,-0.45166015625,-0.634765625,-0.28076171875,0.48828125,-0.15869140625,-0.03662109375,-0.01220703125,1.9287109375,-0.06103515625,1.171875,-0.15869140625,-0.18310546875,-0.0244140625,-0.8544921875,-0.23193359375,-0.439453125,-0.0732421875,-0.76904296875,0.18310546875,-0.2197265625,-0.0244140625,-0.732421875,0.2197265625,-0.390625,0.18310546875,0.62255859375,-0.3662109375,1.171875,-0.18310546875,0.42724609375,-0.06103515625,-0.1708984375,0.439453125,0.72021484375,-0.0732421875,3.57666015625,0.341796875,2.45361328125,0.01220703125,5.7373046875,0.10986328125,3.21044921875,0.25634765625,0.23193359375,-0.32958984375,1.03759765625,-0.13427734375,0.20751953125,-0.09765625,0.25634765625,-0.2197265625,0.2685546875,-0.10986328125,0.8056640625,0.1220703125,-0.03662109375,-0.3173828125,1.318359375,0.10986328125,-1.025390625,-0.0732421875,-0.37841796875,0.29296875,-1.025390625,0.08544921875,-0.79345703125,-0.29296875,-1.81884765625,0.048828125,-0.42724609375,0.35400390625,-0.59814453125,0.10986328125,-1.5380859375,-0.08544921875,-0.8544921875,-0.2685546875,-0.74462890625,-0.08544921875,-0.78125,-0.2685546875,-0.2197265625,-0.06103515625,1.3427734375,0.35400390625,1.23291015625,-0.20751953125,0.67138671875,-0.146484375,2.72216796875,-0.37841796875,0.37841796875,-0.08544921875,0.048828125,-0.06103515625,0,-0.18310546875,0.146484375,-0.09765625,0.0244140625,-0.048828125,0.830078125,-0.06103515625,-0.50048828125,0.06103515625,-0.52490234375
0,-0.15869140625,-0.390625,-0.09765625,-0.37841796875,-0.048828125,-0.40283203125,0.0244140625,-0.06103515625,-0.23193359375,-0.03662109375,-0.06103515625,-0.87890625,-0.048828125,1.0498046875,-0.048828125,-0.13427734375,0.06103515625,-0.5859375,0.35400390625,-0.15869140625,0.09765625,0.89111328125,-0.3173828125,-0.634765625,-0.3173828125,0.7080078125,-0.13427734375,0.1220703125,0.06103515625,2.13623046875,-0.0732421875,1.3671875,-0.15869140625,-0.1708984375,-0.01220703125,-0.87890625,-0.146484375,-0.45166015625,-0.08544921875,-0.76904296875,0.048828125,-0.23193359375,-0.06103515625,-0.74462890625,0.1953125,-0.3662109375,0.18310546875,0.6103515625,-0.3662109375,1.171875,-0.13427734375,0.439453125,-0.1220703125,-0.18310546875,0.40283203125,0.74462890625,-0.10986328125,3.3203125,0.40283203125,2.28271484375,-0.048828125,5.37109375,0.1953125,2.96630859375,0.244140625,0.13427734375,-0.40283203125,1.03759765625,-0.2197265625,0.1953125,-0.06103515625,0.23193359375,-0.2685546875,0.244140625,-0.06103515625,0.8056640625,0.08544921875,-0.03662109375,-0.2197265625,1.318359375,0.08544921875,-1.025390625,-0.09765625,-0.35400390625,0.20751953125,-1.01318359375,0,-0.79345703125,-0.244140625,-1.67236328125,0.01220703125,-0.3173828125,0.37841796875,-0.50048828125,0.146484375,-1.45263671875,-0.03662109375,-0.830078125,-0.2685546875,-0.74462890625,-0.0732421875,-0.79345703125,-0.32958984375,-0.23193359375,-0.01220703125,2.2216796875,0.35400390625,2.8076171875,-0.20751953125,1.37939453125,-0.1708984375,3.662109375,-0.37841796875,0.37841796875,-0.09765625,0.048828125,-0.06103515625,-0.01220703125,-0.146484375,0.146484375,-0.0732421875,0.03662109375,-0.06103515625,0.84228515625,-0.0732421875,-0.5126953125,0.08544921875,-0.5615234375
0,-0.1708984375,-0.40283203125,-0.0732421875,-0.3662109375,-0.0244140625,-0.4150390625,0,-0.06103515625,-0.20751953125,-0.048828125,-0.048828125,-0.89111328125,-0.048828125,1.07421875,-0.048828125,-0.13427734375,0.06103515625,-0.5615234375,0.45166015625,-0.146484375,0.03662109375,0.87890625,-0.1953125,-0.64697265625,-0.3173828125,0.830078125,-0.1220703125,0.20751953125,0.146484375,2.28271484375,-0.09765625,1.45263671875,-0.09765625,-0.20751953125,0.0244140625,-0.89111328125,-0.13427734375,-0.4150390625,-0.09765625,-0.7568359375,-0.048828125,-0.2197265625,-0.0732421875,-0.7080078125,0.15869140625,-0.390625,0.1708984375,0.634765625,-0.30517578125,1.15966796875,-0.1953125,0.45166015625,-0.1220703125,-0.15869140625,0.29296875,0.72021484375,-0.1708984375,3.03955078125,0.4638671875,2.099609375,-0.08544921875,4.931640625,0.2685546875,2.69775390625,0.20751953125,0.09765625,-0.4150390625,1.025390625,-0.23193359375,0.1953125,-0.0244140625,0.2197265625,-0.28076171875,0.25634765625,-0.01220703125,0.8056640625,0.08544921875,-0.03662109375,-0.10986328125,1.30615234375,0.0244140625,-1.01318359375,-0.1220703125,-0.35400390625,0.0732421875,-1.0009765625,-0.03662109375,-0.79345703125,-0.23193359375,-1.6357421875,-0.01220703125,-0.29296875,0.37841796875,-0.439453125,0.2197265625,-1.416015625,-0.03662109375,-0.8544921875,-0.23193359375,-0.7568359375,-0.048828125,-0.78125,-0.3662109375,-0.2197265625,0.10986328125,3.13720703125,0.390625,4.4677734375,-0.1708984375,2.1240234375,-0.1708984375,4.6142578125,-0.341796875,0.390625,-0.09765625,0.03662109375,-0.0732421875,-0.01220703125,-0.146484375,0.1708984375,-0.06103515625,0.048828125,-0.048828125,0.81787109375,-0.09765625,-0.5126953125,0.08544921875,-0.5615234375
0,-0.1953125,-0.40283203125,-0.10986328125,-0.3662109375,-0.03662109375,-0.4150390625,-0.03662109375,-0.06103515625,-0.13427734375,-0.0244140625,-0.03662109375,-0.87890625,-0.03662109375,1.07421875,-0.03662109375,-0.146484375,0.06103515625,-0.5615234375,0.54931640625,-0.13427734375,-0.03662109375,0.87890625,-0.06103515625,-0.634765625,-0.3173828125,0.86669921875,-0.10986328125,0.18310546875,0.1953125,2.3193359375,-0.0732421875,1.47705078125,-0.0732421875,-0.2197265625,0.1220703125,-0.927734375,-0.10986328125,-0.42724609375,-0.08544921875,-0.7568359375,-0.13427734375,-0.20751953125,-0.08544921875,-0.69580078125,0.10986328125,-0.390625,0.146484375,0.634765625,-0.1953125,1.11083984375,-0.15869140625,0.48828125,-0.1220703125,-0.15869140625,0.1708984375,0.732421875,-0.2197265625,2.74658203125,0.4638671875,1.86767578125,-0.1220703125,4.45556640625,0.390625,2.4169921875,0.15869140625,0.08544921875,-0.42724609375,1.0009765625,-0.244140625,0.20751953125,-0.01220703125,0.1953125,-0.30517578125,0.23193359375,0.0244140625,0.81787109375,0.09765625,-0.0244140625,-0.0244140625,1.2939453125,-0.0244140625,-1.01318359375,-0.13427734375,-0.35400390625,-0.08544921875,-1.0009765625,-0.03662109375,-0.78125,-0.1953125,-1.6845703125,-0.0732421875,-0.32958984375,0.35400390625,-0.45166015625,0.28076171875,-1.45263671875,0,-0.81787109375,-0.18310546875,-0.7568359375,-0.03662109375,-0.76904296875,-0.37841796875,-0.20751953125,0.1220703125,3.9794921875,0.35400390625,6.01806640625,-0.20751953125,2.81982421875,-0.2197265625,5.52978515625,-0.32958984375,0.4150390625,-0.10986328125,0.03662109375,-0.06103515625,-0.01220703125,-0.10986328125,0.1708984375,-0.06103515625,0.048828125,-0.06103515625,0.81787109375,-0.08544921875,-0.48828125,0.0732421875,-0.5615234375
0,-0.18310546875,-0.390625,-0.10986328125,-0.3662109375,-0.01220703125,-0.40283203125,0,-0.06103515625,-0.09765625,-0.01220703125,-0.0244140625,-0.86669921875,-0.0244140625,1.08642578125,-0.03662109375,-0.1708984375,0.01220703125,-0.59814453125,0.54931640625,-0.15869140625,-0.08544921875,0.86669921875,0.0244140625,-0.634765625,-0.25634765625,0.76904296875,-0.0732421875,0.1220703125,0.1953125,2.28271484375,0.0244140625,1.4404296875,-0.06103515625,-0.2685546875,0.1708984375,-0.9033203125,-0.146484375,-0.439453125,-0.08544921875,-0.76904296875,-0.15869140625,-0.18310546875,-0.09765625,-0.67138671875,0.03662109375,-0.40283203125,0.13427734375,0.634765625,-0.1220703125,1.11083984375,-0.1220703125,0.5126953125,-0.10986328125,-0.1708984375,0.0732421875,0.69580078125,-0.244140625,2.490234375,0.47607421875,1.67236328125,-0.048828125,4.00390625,0.5126953125,2.18505859375,0.1220703125,0.08544921875,-0.4638671875,1.01318359375,-0.23193359375,0.18310546875,-0.01220703125,0.1708984375,-0.341796875,0.25634765625,0.08544921875,0.84228515625,0.1220703125,-0.03662109375,0.03662109375,1.2939453125,-0.09765625,-1.0009765625,-0.15869140625,-0.341796875,-0.244140625,-0.98876953125,0.01220703125,-0.79345703125,-0.13427734375,-1.806640625,-0.1220703125,-0.390625,0.35400390625,-0.48828125,0.30517578125,-1.513671875,-0.0244140625,-0.81787109375,-0.13427734375,-0.76904296875,-0.03662109375,-0.732421875,-0.3662109375,-0.20751953125,0.1708984375,4.72412109375,0.28076171875,7.40966796875,-0.23193359375,3.43017578125,-0.2197265625,6.31103515625,-0.29296875,0.4150390625,-0.09765625,0.03662109375,-0.08544921875,0.01220703125,-0.08544921875,0.18310546875,-0.048828125,0.06103515625,-0.06103515625,0.830078125,-0.08544921875,-0.48828125,0.048828125,-0.537109375
0,-0.13427734375,-0.390625,-0.13427734375,-0.3662109375,-0.01220703125,-0.4150390625,0.06103515625,-0.048828125,-0.146484375,0.01220703125,-0.0244140625,-0.9033203125,0,1.08642578125,-0.03662109375,-0.18310546875,-0.0244140625,-0.6103515625,0.5126953125,-0.15869140625,-0.09765625,0.87890625,0.01220703125,-0.62255859375,-0.1708984375,0.62255859375,-0.06103515625,-0.03662109375,0.2197265625,2.18505859375,0.09765625,1.30615234375,0,-0.30517578125,0.23193359375,-0.9033203125,-0.1953125,-0.439453125,-0.0732421875,-0.76904296875,-0.1220703125,-0.1953125,-0.1220703125,-0.64697265625,-0.0244140625,-0.390625,0.08544921875,0.634765625,-0.09765625,1.0986328125,-0.09765625,0.52490234375,-0.08544921875,-0.1953125,-0.03662109375,0.732421875,-0.30517578125,2.294921875,0.4638671875,1.52587890625,-0.08544921875,3.662109375,0.634765625,2.01416015625,0.03662109375,0.1220703125,-0.45166015625,1.0009765625,-0.1953125,0.1953125,-0.048828125,0.146484375,-0.32958984375,0.244140625,0.18310546875,0.830078125,0.146484375,-0.0244140625,0.03662109375,1.30615234375,-0.146484375,-0.98876953125,-0.15869140625,-0.35400390625,-0.37841796875,-0.98876953125,0.06103515625,-0.79345703125,-0.08544921875,-1.96533203125,-0.1220703125,-0.4638671875,0.35400390625,-0.57373046875,0.30517578125,-1.57470703125,-0.09765625,-0.8056640625,-0.0732421875,-0.78125,-0.048828125,-0.72021484375,-0.2685546875,-0.20751953125,0.15869140625,5.31005859375,0.1708984375,8.53271484375,-0.244140625,3.91845703125,-0.2197265625,6.92138671875,-0.29296875,0.4150390625,-0.10986328125,0.01220703125,-0.06103515625,0.0244140625,-0.10986328125,0.18310546875,-0.03662109375,0.0244140625,-0.048828125,0.86669921875,-0.048828125,-0.4638671875,0.03662109375,-0.5126953125
1,-0.13427734375,-0.37841796875,-0.18310546875,-0.341796875,-0.01220703125,-0.4150390625,0.09765625,-0.06103515625,-0.10986328125,0.048828125,-0.01220703125,-0.89111328125,0.0244140625,1.123046875,-0.048828125,-0.146484375,-0.01220703125,-0.59814453125,0.40283203125,-0.15869140625,-0.10986328125,0.8544921875,-0.0732421875,-0.62255859375,-0.0732421875,0.439453125,-0.048828125,-0.1953125,0.20751953125,2.05078125,0.18310546875,1.1474609375,-0.03662109375,-0.37841796875,0.25634765625,-0.89111328125,-0.244140625,-0.4638671875,-0.06103515625,-0.76904296875,-0.08544921875,-0.18310546875,-0.15869140625,-0.634765625,-0.08544921875,-0.40283203125,0.01220703125,0.62255859375,-0.1220703125,1.11083984375,-0.0244140625,0.5126953125,-0.01220703125,-0.2197265625,-0.10986328125,0.7080078125,-0.30517578125,2.18505859375,0.50048828125,1.42822265625,-0.15869140625,3.40576171875,0.7080078125,1.904296875,0.0244140625,0.146484375,-0.40283203125,1.0009765625,-0.146484375,0.1953125,-0.10986328125,0.13427734375,-0.25634765625,0.244140625,0.2197265625,0.8544921875,0.15869140625,0,0.06103515625,1.28173828125,-0.1708984375,-0.98876953125,-0.1708984375,-0.3662109375,-0.45166015625,-1.0009765625,0.09765625,-0.8056640625,-0.048828125,-2.0751953125,-0.15869140625,-0.537109375,0.30517578125,-0.62255859375,0.2685546875,-1.59912109375,-0.146484375,-0.8056640625,-0.03662109375,-0.78125,-0.0732421875,-0.732421875,-0.18310546875,-0.20751953125,0.146484375,5.67626953125,0.06103515625,9.26513671875,-0.28076171875,4.23583984375,-0.18310546875,7.36083984375,-0.29296875,0.4150390625,-0.10986328125,0,-0.06103515625,0.0244140625,-0.10986328125,0.20751953125,-0.0244140625,-0.01220703125,-0.0732421875,0.8544921875,-0.0244140625,-0.4638671875,0.048828125,-0.50048828125
1,-0.13427734375,-0.37841796875,-0.20751953125,-0.30517578125,-0.0244140625,-0.4150390625,0.09765625,-0.06103515625,-0.146484375,0.08544921875,-0.0244140625,-0.89111328125,0.01220703125,1.0986328125,-0.0732421875,-0.146484375,0.01220703125,-0.62255859375,0.28076171875,-0.15869140625,-0.08544921875,0.87890625,-0.1708984375,-0.62255859375,0.01220703125,0.23193359375,0,-0.3662109375,0.1953125,1.8798828125,0.2685546875,0.9765625,-0.01220703125,-0.4150390625,0.30517578125,-0.87890625,-0.28076171875,-0.47607421875,-0.0732421875,-0.78125,-0.048828125,-0.1953125,-0.20751953125,-0.634765625,-0.10986328125,-0.40283203125,-0.048828125,0.62255859375,-0.15869140625,1.13525390625,0,0.50048828125,0,-0.28076171875,-0.244140625,0.68359375,-0.28076171875,2.11181640625,0.5126953125,1.35498046875,-0.2197265625,3.28369140625,0.79345703125,1.8310546875,0,0.1953125,-0.37841796875,1.0009765625,-0.09765625,0.2197265625,-0.146484375,0.13427734375,-0.2197265625,0.244140625,0.25634765625,0.84228515625,0.13427734375,-0.01220703125,0.03662109375,1.28173828125,-0.20751953125,-1.0009765625,-0.1220703125,-0.3662109375,-0.48828125,-1.0009765625,0.08544921875,-0.8056640625,-0.10986328125,-2.13623046875,-0.13427734375,-0.5615234375,0.25634765625,-0.634765625,0.18310546875,-1.611328125,-0.18310546875,-0.830078125,0.0244140625,-0.78125,-0.08544921875,-0.72021484375,-0.08544921875,-0.1953125,0.09765625,5.84716796875,-0.0244140625,9.65576171875,-0.2685546875,4.3701171875,-0.146484375,7.58056640625,-0.28076171875,0.40283203125,-0.1220703125,-0.01220703125,-0.0732421875,0.01220703125,-0.10986328125,0.20751953125,-0.06103515625,-0.0244140625,-0.06103515625,0.84228515625,-0.048828125,-0.47607421875,0.03662109375,-0.50048828125
1,-0.10986328125,-0.3662109375,-0.23193359375,-0.3173828125,0,-0.4150390625,0.09765625,-0.06103515625,-0.10986328125,0.10986328125,-0.01220703125,-0.89111328125,0.03662109375,1.11083984375,-0.08544921875,-0.1220703125,0.06103515625,-0.62255859375,0.15869140625,-0.146484375,-0.1220703125,0.8544921875,-0.32958984375,-0.59814453125,0.08544921875,0.10986328125,0.01220703125,-0.537109375,0.25634765625,1.7578125,0.32958984375,0.84228515625,0.01220703125,-0.45166015625,0.35400390625,-0.86669921875,-0.29296875,-0.50048828125,-0.0732421875,-0.76904296875,-0.0244140625,-0.18310546875,-0.1708984375,-0.64697265625,-0.146484375,-0.4150390625,-0.08544921875,0.634765625,-0.20751953125,1.1474609375,0,0.47607421875,0.03662109375,-0.28076171875,-0.35400390625,0.69580078125,-0.2685546875,2.099609375,0.4638671875,1.35498046875,-0.18310546875,3.2470703125,0.86669921875,1.7822265625,-0.048828125,0.20751953125,-0.32958984375,1.01318359375,-0.0732421875,0.2197265625,-0.20751953125,0.1220703125,-0.18310546875,0.244140625,0.32958984375,0.8544921875,0.146484375,-0.01220703125,0.03662109375,1.2939453125,-0.2197265625,-1.0009765625,-0.0732421875,-0.37841796875,-0.48828125,-1.0009765625,0.06103515625,-0.8056640625,-0.1708984375,-2.11181640625,-0.03662109375,-0.537109375,0.20751953125,-0.634765625,0.20751953125,-1.55029296875,-0.15869140625,-0.84228515625,0.0244140625,-0.78125,-0.10986328125,-0.74462890625,-0.0244140625,-0.1953125,0.08544921875,5.84716796875,-0.10986328125,9.6923828125,-0.25634765625,4.3701171875,-0.13427734375,7.58056640625,-0.29296875,0.4150390625,-0.146484375,0,-0.06103515625,0.01220703125,-0.09765625,0.20751953125,-0.0732421875,-0.048828125,-0.03662109375,0.830078125,-0.048828125,-0.48828125,0.01220703125,-0.50048828125
1,-0.1220703125,-0.35400390625,-0.23193359375,-0.32958984375,0,-0.390625,0.10986328125,-0.048828125,-0.03662109375,0.18310546875,-0.03662109375,-0.87890625,0.03662109375,1.11083984375,-0.10986328125,-0.10986328125,0.08544921875,-0.62255859375,0.09765625,-0.13427734375,-0.18310546875,0.84228515625,-0.439453125,-0.6103515625,0.09765625,0.0244140625,-0.03662109375,-0.62255859375,0.30517578125,1.67236328125,0.37841796875,0.74462890625,0.01220703125,-0.42724609375,0.341796875,-0.84228515625,-0.2685546875,-0.48828125,-0.08544921875,-0.78125,-0.03662109375,-0.1953125,-0.13427734375,-0.67138671875,-0.10986328125,-0.4150390625,-0.1220703125,0.62255859375,-0.2197265625,1.171875,-0.0244140625,0.47607421875,0.15869140625,-0.2685546875,-0.4638671875,0.7080078125,-0.2197265625,2.1240234375,0.4150390625,1.33056640625,-0.2197265625,3.25927734375,0.9033203125,1.77001953125,-0.0244140625,0.2197265625,-0.244140625,1.01318359375,-0.03662109375,0.2197265625,-0.18310546875,0.13427734375,-0.15869140625,0.244140625,0.341796875,0.8544921875,0.09765625,0,0,1.26953125,-0.2197265625,-0.98876953125,0.0244140625,-0.37841796875,-0.42724609375,-1.01318359375,-0.01220703125,-0.8056640625,-0.20751953125,-1.98974609375,-0.01220703125,-0.4638671875,0.08544921875,-0.537109375,0.18310546875,-1.45263671875,-0.09765625,-0.84228515625,0.03662109375,-0.76904296875,-0.10986328125,-0.732421875,0.01220703125,-0.2197265625,0.048828125,5.6396484375,-0.1220703125,9.43603515625,-0.2197265625,4.21142578125,-0.146484375,7.373046875,-0.29296875,0.37841796875,-0.146484375,0.01220703125,-0.06103515625,-0.01220703125,-0.10986328125,0.20751953125,-0.0732421875,-0.03662109375,-0.0244140625,0.81787109375,-0.048828125,-0.48828125,0.03662109375,-0.50048828125
1,-0.146484375,-0.37841796875,-0.2197265625,-0.3173828125,0,-0.390625,0.13427734375,-0.03662109375,0.01220703125,0.2197265625,-0.048828125,-0.9033203125,0.08544921875,1.08642578125,-0.13427734375,-0.1220703125,0.048828125,-0.62255859375,0.0732421875,-0.1220703125,-0.1953125,0.84228515625,-0.5126953125,-0.62255859375,0.10986328125,-0.0244140625,0.0244140625,-0.62255859375,0.3173828125,1.611328125,0.40283203125,0.7080078125,-0.048828125,-0.4150390625,0.2685546875,-0.84228515625,-0.244140625,-0.4638671875,-0.146484375,-0.76904296875,-0.0732421875,-0.20751953125,-0.08544921875,-0.67138671875,-0.06103515625,-0.4150390625,-0.13427734375,0.62255859375,-0.28076171875,1.171875,-0.0732421875,0.45166015625,0.20751953125,-0.244140625,-0.537109375,0.69580078125,-0.20751953125,2.099609375,0.3173828125,1.318359375,-0.28076171875,3.271484375,0.93994140625,1.7333984375,-0.0244140625,0.2197265625,-0.15869140625,1.01318359375,-0.0244140625,0.2197265625,-0.15869140625,0.146484375,-0.15869140625,0.23193359375,0.3662109375,0.8544921875,0.048828125,0.01220703125,-0.0732421875,1.28173828125,-0.2197265625,-1.0009765625,0.0732421875,-0.3662109375,-0.341796875,-1.01318359375,-0.048828125,-0.79345703125,-0.40283203125,-1.84326171875,-0.0244140625,-0.3662109375,-0.048828125,-0.4150390625,0.1708984375,-1.30615234375,-0.0244140625,-0.8544921875,0.03662109375,-0.76904296875,-0.1220703125,-0.74462890625,0,-0.2197265625,0.048828125,5.31005859375,-0.1953125,8.88671875,-0.1953125,3.91845703125,-0.1220703125,7.01904296875,-0.28076171875,0.3662109375,-0.146484375,0.01220703125,-0.0732421875,-0.0244140625,-0.13427734375,0.18310546875,-0.1220703125,-0.0244140625,-0.03662109375,0.76904296875,-0.0732421875,-0.50048828125,0,-0.5126953125
1,-0.1953125,-0.35400390625,-0.20751953125,-0.341796875,0.0244140625,-0.37841796875,0.10986328125,-0.03662109375,0.0244140625,0.2685546875,-0.06103515625,-0.91552734375,0.06103515625,1.08642578125,-0.146484375,-0.1220703125,-0.03662109375,-0.6103515625,0.10986328125,-0.1220703125,-0.244140625,0.830078125,-0.5126953125,-0.634765625,-0.0732421875,0.01220703125,-0.03662109375,-0.6103515625,0.2197265625,1.5869140625,0.28076171875,0.69580078125,-0.09765625,-0.40283203125,0.1708984375,-0.81787109375,-0.1953125,-0.47607421875,-0.20751953125,-0.7568359375,-0.08544921875,-0.20751953125,-0.03662109375,-0.68359375,-0.03662109375,-0.42724609375,-0.08544921875,0.634765625,-0.40283203125,1.171875,-0.09765625,0.42724609375,0.3173828125,-0.2197265625,-0.59814453125,0.69580078125,-0.15869140625,2.0263671875,0.28076171875,1.25732421875,-0.25634765625,3.13720703125,0.93994140625,1.64794921875,-0.01220703125,0.20751953125,-0.0732421875,1.025390625,-0.03662109375,0.20751953125,-0.146484375,0.1708984375,-0.1220703125,0.20751953125,0.37841796875,0.86669921875,0.0244140625,0,-0.1220703125,1.2939453125,-0.1953125,-0.9765625,0.10986328125,-0.390625,-0.244140625,-1.0009765625,-0.0732421875,-0.78125,-0.3662109375,-1.66015625,0.03662109375,-0.25634765625,-0.048828125,-0.32958984375,0.244140625,-1.18408203125,0.03662109375,-0.86669921875,0.01220703125,-0.78125,-0.09765625,-0.7568359375,-0.0244140625,-0.2197265625,0.03662109375,4.79736328125,-0.244140625,8.10546875,-0.1708984375,3.52783203125,-0.08544921875,6.5185546875,-0.25634765625,0.341796875,-0.18310546875,0.0244140625,-0.0732421875,-0.0244140625,-0.1220703125,0.1953125,-0.13427734375,0.01220703125,-0.03662109375,0.7568359375,-0.08544921875,-0.5126953125,0.01220703125,-0.52490234375
1,-0.25634765625,-0.37841796875,-0.146484375,-0.35400390625,0.09765625,-0.40283203125,0.06103515625,-0.048828125,0.048828125,0.28076171875,-0.048828125,-0.91552734375,0.048828125,1.08642578125,-0.15869140625,-0.1220703125,-0.13427734375,-0.59814453125,0.15869140625,-0.10986328125,-0.32958984375,0.84228515625,-0.40283203125,-0.59814453125,-0.146484375,0.0732421875,-0.0732421875,-0.537109375,0.1953125,1.5869140625,0.1953125,0.69580078125,-0.146484375,-0.341796875,0.10986328125,-0.84228515625,-0.09765625,-0.47607421875,-0.2197265625,-0.74462890625,-0.13427734375,-0.1953125,-0.03662109375,-0.7080078125,0.01220703125,-0.4150390625,-0.03662109375,0.64697265625,-0.47607421875,1.15966796875,-0.09765625,0.439453125,0.40283203125,-0.1953125,-0.6591796875,0.7080078125,-0.15869140625,1.9287109375,0.2197265625,1.15966796875,-0.29296875,2.91748046875,0.91552734375,1.50146484375,-0.03662109375,0.1953125,0.03662109375,1.03759765625,0,0.20751953125,-0.06103515625,0.1708984375,-0.048828125,0.20751953125,0.390625,0.86669921875,-0.03662109375,0,-0.1708984375,1.2939453125,-0.18310546875,-0.98876953125,0.146484375,-0.37841796875,-0.1708984375,-1.0009765625,-0.08544921875,-0.78125,-0.3173828125,-1.513671875,0,-0.13427734375,-0.0732421875,-0.20751953125,0.23193359375,-1.07421875,0.08544921875,-0.86669921875,0.01220703125,-0.78125,-0.10986328125,-0.76904296875,-0.1220703125,-0.20751953125,0.0244140625,4.18701171875,-0.25634765625,7.09228515625,-0.1220703125,3.02734375,-0.06103515625,5.8837890625,-0.23193359375,0.32958984375,-0.1708984375,0.0244140625,-0.0732421875,-0.048828125,-0.1708984375,0.1708984375,-0.146484375,0.06103515625,-0.048828125,0.74462890625,-0.0732421875,-0.50048828125,0,-0.52490234375
1,-0.30517578125,-0.390625,-0.13427734375,-0.35400390625,0.18310546875,-0.439453125,0.03662109375,-0.0732421875,0.09765625,0.29296875,-0.06103515625,-0.91552734375,0.01220703125,1.06201171875,-0.15869140625,-0.13427734375,-0.23193359375,-0.57373046875,0.23193359375,-0.13427734375,-0.341796875,0.84228515625,-0.341796875,-0.6103515625,-0.2197265625,0.1220703125,0.01220703125,-0.4638671875,0.1708984375,1.5869140625,0.1220703125,0.7080078125,-0.1708984375,-0.29296875,0.06103515625,-0.84228515625,-0.0732421875,-0.45166015625,-0.23193359375,-0.72021484375,-0.10986328125,-0.1953125,-0.0244140625,-0.69580078125,0.01220703125,-0.42724609375,0.01220703125,0.634765625,-0.54931640625,1.123046875,-0.09765625,0.439453125,0.48828125,-0.146484375,-0.68359375,0.7080078125,-0.1708984375,1.74560546875,0.1708984375,1.025390625,-0.28076171875,2.55126953125,0.87890625,1.318359375,-0.048828125,0.1953125,0.10986328125,1.01318359375,0,0.20751953125,-0.01220703125,0.18310546875,0.03662109375,0.15869140625,0.37841796875,0.81787109375,-0.09765625,0,-0.18310546875,1.2939453125,-0.08544921875,-0.9765625,0.15869140625,-0.3662109375,-0.1220703125,-1.0009765625,-0.06103515625,-0.76904296875,-0.439453125,-1.416015625,-0.0732421875,-0.08544921875,-0.0732421875,-0.13427734375,0.20751953125,-0.9521484375,0.09765625,-0.86669921875,0.03662109375,-0.79345703125,-0.06103515625,-0.7568359375,-0.15869140625,-0.2197265625,0.01220703125,3.47900390625,-0.32958984375,5.96923828125,-0.0732421875,2.4658203125,-0.06103515625,5.13916015625,-0.244140625,0.32958984375,-0.15869140625,0.03662109375,-0.08544921875,-0.0732421875,-0.146484375,0.1708984375,-0.146484375,0.146484375,-0.08544921875,0.74462890625,-0.06103515625,-0.5126953125,-0.0244140625,-0.537109375
1,-0.341796875,-0.390625,-0.146484375,-0.35400390625,0.23193359375,-0.4638671875,0,-0.0732421875,0.15869140625,0.29296875,-0.048828125,-0.9033203125,0.01220703125,1.07421875,-0.1953125,-0.1220703125,-0.25634765625,-0.57373046875,0.3173828125,-0.1220703125,-0.3662109375,0.84228515625,-0.30517578125,-0.62255859375,-0.40283203125,0.15869140625,-0.13427734375,-0.390625,0.01220703125,1.55029296875,-0.01220703125,0.732421875,-0.18310546875,-0.20751953125,0.08544921875,-0.84228515625,-0.06103515625,-0.439453125,-0.20751953125,-0.732421875,-0.0732421875,-0.2197265625,-0.08544921875,-0.69580078125,0.01220703125,-0.42724609375,0.048828125,0.6103515625,-0.52490234375,1.11083984375,-0.13427734375,0.45166015625,0.54931640625,-0.13427734375,-0.7080078125,0.7080078125,-0.1953125,1.4892578125,0.146484375,0.84228515625,-0.30517578125,2.0751953125,0.79345703125,1.06201171875,-0.08544921875,0.18310546875,0.1953125,1.01318359375,0.01220703125,0.18310546875,0.0244140625,0.1708984375,0.13427734375,0.1708984375,0.30517578125,0.830078125,-0.15869140625,-0.0244140625,-0.1953125,1.318359375,0.0244140625,-0.96435546875,0.09765625,-0.3662109375,-0.06103515625,-1.0009765625,-0.0244140625,-0.76904296875,-0.3173828125,-1.3671875,-0.0732421875,0,0.0732421875,-0.0732421875,0.20751953125,-0.9033203125,0.06103515625,-0.86669921875,0.06103515625,-0.78125,-0.06103515625,-0.74462890625,-0.2685546875,-0.20751953125,-0.01220703125,2.72216796875,-0.29296875,4.74853515625,-0.0732421875,1.86767578125,-0.10986328125,4.345703125,-0.244140625,0.35400390625,-0.15869140625,0.048828125,-0.08544921875,-0.08544921875,-0.146484375,0.1953125,-0.13427734375,0.2197265625,-0.1220703125,0.7568359375,-0.048828125,-0.52490234375,-0.03662109375,-0.52490234375
1,-0.35400390625,-0.37841796875,-0.1220703125,-0.341796875,0.23193359375,-0.48828125,0.0244140625,-0.06103515625,0.1953125,0.244140625,-0.06103515625,-0.9033203125,-0.0244140625,1.06201171875,-0.18310546875,-0.1220703125,-0.20751953125,-0.54931640625,0.390625,-0.1220703125,-0.32958984375,0.87890625,-0.25634765625,-0.62255859375,-0.40283203125,0.146484375,-0.13427734375,-0.3662109375,-0.01220703125,1.4892578125,0.01220703125,0.732421875,-0.2197265625,-0.15869140625,0.09765625,-0.86669921875,-0.0244140625,-0.439453125,-0.1953125,-0.732421875,-0.03662109375,-0.1953125,-0.13427734375,-0.68359375,0.0244140625,-0.42724609375,0.06103515625,0.634765625,-0.5126953125,1.06201171875,-0.18310546875,0.45166015625,0.5615234375,-0.13427734375,-0.76904296875,0.7080078125,-0.23193359375,1.1962890625,0.08544921875,0.6103515625,-0.29296875,1.5380859375,0.64697265625,0.79345703125,-0.15869140625,0.20751953125,0.244140625,1.01318359375,0.03662109375,0.15869140625,0.06103515625,0.18310546875,0.20751953125,0.18310546875,0.25634765625,0.8544921875,-0.1708984375,-0.0244140625,-0.18310546875,1.318359375,0.08544921875,-0.9521484375,0.06103515625,-0.37841796875,-0.048828125,-1.0009765625,0.01220703125,-0.76904296875,-0.29296875,-1.3671875,-0.15869140625,0.0244140625,0.09765625,0,0.08544921875,-0.830078125,0.0244140625,-0.86669921875,0.09765625,-0.8056640625,-0.08544921875,-0.74462890625,-0.32958984375,-0.2197265625,-0.048828125,1.953125,-0.29296875,3.4912109375,-0.048828125,1.2451171875,-0.1708984375,3.515625,-0.244140625,0.35400390625,-0.15869140625,0.03662109375,-0.0732421875,-0.06103515625,-0.1220703125,0.20751953125,-0.15869140625,0.28076171875,-0.1708984375,0.74462890625,-0.03662109375,-0.5126953125,-0.06103515625,-0.52490234375
1,-0.32958984375,-0.3662109375,-0.1220703125,-0.32958984375,0.20751953125,-0.47607421875,0,-0.06103515625,0.244140625,0.2197265625,-0.03662109375,-0.91552734375,-0.048828125,1.06201171875,-0.1953125,-0.146484375,-0.1220703125,-0.57373046875,0.4150390625,-0.13427734375,-0.244140625,0.8544921875,-0.2685546875,-0.634765625,-0.4638671875,0.09765625,-0.1953125,-0.35400390625,-0.0732421875,1.3916015625,0,0.68359375,-0.23193359375,-0.09765625,0.146484375,-0.86669921875,-0.0244140625,-0.42724609375,-0.15869140625,-0.732421875,-0.01220703125,-0.1953125,-0.1953125,-0.67138671875,0.08544921875,-0.45166015625,0.048828125,0.634765625,-0.54931640625,1.0498046875,-0.23193359375,0.42724609375,0.54931640625,-0.1708984375,-0.8056640625,0.7080078125,-0.28076171875,0.96435546875,0.06103515625,0.439453125,-0.30517578125,1.01318359375,0.47607421875,0.537109375,-0.13427734375,0.25634765625,0.25634765625,1.025390625,0.09765625,0.1708984375,0.06103515625,0.15869140625,0.23193359375,0.18310546875,0.18310546875,0.81787109375,-0.18310546875,0,-0.20751953125,1.318359375,0.1708984375,-0.93994140625,-0.0244140625,-0.37841796875,-0.048828125,-1.01318359375,0.0732421875,-0.78125,-0.23193359375,-1.3671875,-0.20751953125,0.0244140625,0.2197265625,0.03662109375,0.048828125,-0.79345703125,0.0244140625,-0.830078125,0.09765625,-0.8056640625,-0.10986328125,-0.72021484375,-0.35400390625,-0.23193359375,-0.048828125,1.18408203125,-0.29296875,2.2216796875,-0.06103515625,0.59814453125,-0.20751953125,2.7099609375,-0.23193359375,0.3662109375,-0.146484375,0.0244140625,-0.0732421875,-0.048828125,-0.08544921875,0.2197265625,-0.146484375,0.341796875,-0.15869140625,0.76904296875,-0.048828125,-0.50048828125,-0.03662109375,-0.537109375
1,-0.30517578125,-0.3662109375,-0.1708984375,-0.35400390625,0.20751953125,-0.47607421875,0.0244140625,-0.0732421875,0.25634765625,0.1708984375,-0.01220703125,-0.89111328125,-0.06103515625,1.07421875,-0.23193359375,-0.146484375,-0.03662109375,-0.5859375,0.390625,-0.1220703125,-0.146484375,0.89111328125,-0.29296875,-0.634765625,-0.45166015625,0.03662109375,-0.2197265625,-0.3662109375,-0.08544921875,1.318359375,0.06103515625,0.6103515625,-0.29296875,-0.0244140625,0.28076171875,-0.89111328125,-0.0244140625,-0.439453125,-0.10986328125,-0.732421875,-0.03662109375,-0.18310546875,-0.244140625,-0.634765625,0.10986328125,-0.45166015625,0.06103515625,0.6103515625,-0.5615234375,1.08642578125,-0.2197265625,0.45166015625,0.54931640625,-0.1708984375,-0.7568359375,0.7080078125,-0.30517578125,0.7568359375,0.01220703125,0.28076171875,-0.29296875,0.5615234375,0.341796875,0.35400390625,-0.1220703125,0.30517578125,0.29296875,1.01318359375,0.146484375,0.146484375,0.06103515625,0.146484375,0.23193359375,0.23193359375,0.09765625,0.86669921875,-0.18310546875,0,-0.2197265625,1.33056640625,0.1953125,-0.9521484375,-0.09765625,-0.390625,-0.0244140625,-1.01318359375,0.09765625,-0.78125,-0.0732421875,-1.3916015625,-0.18310546875,0.03662109375,0.35400390625,0.09765625,0.08544921875,-0.7080078125,0.03662109375,-0.81787109375,0.0732421875,-0.79345703125,-0.13427734375,-0.7080078125,-0.32958984375,-0.2197265625,-0.0732421875,0.4638671875,-0.2197265625,1.01318359375,-0.0732421875,0.01220703125,-0.18310546875,1.91650390625,-0.244140625,0.390625,-0.13427734375,0.01220703125,-0.0732421875,-0.048828125,-0.1220703125,0.1953125,-0.15869140625,0.40283203125,-0.1708984375,0.78125,-0.03662109375,-0.5126953125,-0.03662109375,-0.537109375
1,-0.28076171875,-0.3662109375,-0.18310546875,-0.32958984375,0.1953125,-0.45166015625,0,-0.06103515625,0.244140625,0.09765625,-0.01220703125,-0.89111328125,-0.08544921875,1.08642578125,-0.244140625,-0.13427734375,0.03662109375,-0.6103515625,0.3173828125,-0.1220703125,-0.03662109375,0.9033203125,-0.35400390625,-0.634765625,-0.40283203125,-0.03662109375,-0.244140625,-0.3662109375,-0.1220703125,1.23291015625,0.048828125,0.5859375,-0.3173828125,0.0244140625,0.37841796875,-0.8544921875,0,-0.45166015625,-0.06103515625,-0.74462890625,-0.03662109375,-0.1708984375,-0.25634765625,-0.634765625,0.13427734375,-0.45166015625,0.0244140625,0.59814453125,-0.5615234375,1.123046875,-0.15869140625,0.45166015625,0.5126953125,-0.20751953125,-0.6591796875,0.69580078125,-0.3173828125,0.64697265625,0.03662109375,0.1953125,-0.37841796875,0.29296875,0.23193359375,0.2197265625,-0.0732421875,0.341796875,0.30517578125,1.0009765625,0.18310546875,0.146484375,0.048828125,0.15869140625,0.20751953125,0.23193359375,0.0244140625,0.86669921875,-0.18310546875,0,-0.23193359375,1.3427734375,0.23193359375,-0.96435546875,-0.146484375,-0.390625,0.0244140625,-1.01318359375,0.10986328125,-0.79345703125,-0.0732421875,-1.35498046875,-0.2685546875,0.0732421875,0.30517578125,0.18310546875,-0.01220703125,-0.634765625,0.048828125,-0.79345703125,0.03662109375,-0.78125,-0.18310546875,-0.72021484375,-0.3173828125,-0.20751953125,-0.06103515625,-0.2197265625,-0.1953125,-0.06103515625,-0.10986328125,-0.52490234375,-0.15869140625,1.18408203125,-0.2197265625,0.390625,-0.13427734375,0,-0.0732421875,-0.0244140625,-0.1220703125,0.1953125,-0.15869140625,0.439453125,-0.20751953125,0.76904296875,-0.048828125,-0.5126953125,0.01220703125,-0.52490234375
1,-0.25634765625,-0.35400390625,-0.20751953125,-0.32958984375,0.23193359375,-0.439453125,-0.01220703125,-0.06103515625,0.20751953125,0.0244140625,-0.01220703125,-0.89111328125,-0.09765625,1.0986328125,-0.244140625,-0.10986328125,0.146484375,-0.62255859375,0.244140625,-0.10986328125,0.0732421875,0.9033203125,-0.40283203125,-0.62255859375,-0.3173828125,-0.06103515625,-0.25634765625,-0.40283203125,-0.03662109375,1.2451171875,0.10986328125,0.5859375,-0.3173828125,0.06103515625,0.47607421875,-0.86669921875,-0.03662109375,-0.5126953125,-0.03662109375,-0.74462890625,-0.0732421875,-0.1708984375,-0.23193359375,-0.634765625,0.09765625,-0.439453125,-0.048828125,0.5859375,-0.54931640625,1.15966796875,-0.23193359375,0.45166015625,0.5126953125,-0.2197265625,-0.5615234375,0.69580078125,-0.390625,0.64697265625,0.03662109375,0.20751953125,-0.5126953125,0.244140625,0.0732421875,0.244140625,0.01220703125,0.3662109375,0.23193359375,1.0009765625,0.1953125,0.146484375,0.01220703125,0.1708984375,0.18310546875,0.25634765625,-0.0244140625,0.86669921875,-0.18310546875,-0.0244140625,-0.23193359375,1.3427734375,0.2197265625,-0.9765625,-0.15869140625,-0.37841796875,0.09765625,-1.0009765625,0.10986328125,-0.8056640625,-0.06103515625,-1.28173828125,-0.30517578125,0.146484375,0.29296875,0.2685546875,-0.03662109375,-0.5126953125,0.0244140625,-0.81787109375,0.03662109375,-0.76904296875,-0.20751953125,-0.69580078125,-0.25634765625,-0.23193359375,-0.048828125,-0.76904296875,-0.1953125,-1.0009765625,-0.146484375,-0.98876953125,-0.13427734375,0.5615234375,-0.1953125,0.40283203125,-0.1220703125,-0.01220703125,-0.06103515625,-0.0244140625,-0.1220703125,0.20751953125,-0.18310546875,0.42724609375,-0.15869140625,0.79345703125,-0.03662109375,-0.5126953125,0.048828125,-0.537109375
0,-0.244140625,-0.35400390625,-0.20751953125,-0.341796875,0.244140625,-0.390625,0,-0.03662109375,0.2197265625,-0.0244140625,-0.03662109375,-0.89111328125,-0.10986328125,1.13525390625,-0.25634765625,-0.10986328125,0.23193359375,-0.64697265625,0.15869140625,-0.09765625,0.1220703125,0.9033203125,-0.439453125,-0.634765625,-0.2197265625,-0.06103515625,-0.1708984375,-0.35400390625,0.03662109375,1.26953125,0.10986328125,0.634765625,-0.29296875,0.06103515625,0.5859375,-0.87890625,-0.01220703125,-0.50048828125,-0.06103515625,-0.732421875,-0.13427734375,-0.1953125,-0.13427734375,-0.64697265625,0.0244140625,-0.45166015625,-0.10986328125,0.5859375,-0.52490234375,1.1962890625,-0.30517578125,0.4638671875,0.48828125,-0.23193359375,-0.5126953125,0.7080078125,-0.40283203125,0.79345703125,0.0732421875,0.32958984375,-0.47607421875,0.47607421875,0.01220703125,0.40283203125,0.0732421875,0.40283203125,0.1953125,1.025390625,0.2197265625,0.1708984375,-0.0244140625,0.18310546875,0.20751953125,0.23193359375,-0.10986328125,0.93994140625,-0.1708984375,-0.03662109375,-0.20751953125,1.3427734375,0.15869140625,-0.98876953125,-0.13427734375,-0.37841796875,0.13427734375,-1.0009765625,0.048828125,-0.8056640625,-0.09765625,-1.15966796875,-0.2685546875,0.2197265625,0.20751953125,0.390625,-0.06103515625,-0.3662109375,0.01220703125,-0.81787109375,0.0244140625,-0.79345703125,-0.23193359375,-0.68359375,-0.20751953125,-0.2197265625,-0.0244140625,-1.220703125,-0.1953125,-1.74560546875,-0.18310546875,-1.3427734375,-0.09765625,0.048828125,-0.1708984375,0.40283203125,-0.08544921875,0,-0.0732421875,0,-0.10986328125,0.20751953125,-0.1953125,0.439453125,-0.146484375,0.78125,-0.03662109375,-0.5126953125,0.03662109375,-0.54931640625
0,-0.23193359375,-0.3662109375,-0.18310546875,-0.35400390625,0.25634765625,-0.37841796875,-0.03662109375,-0.0244140625,0.25634765625,-0.10986328125,-0.048828125,-0.87890625,-0.09765625,1.123046875,-0.2685546875,-0.09765625,0.30517578125,-0.62255859375,0.1220703125,-0.09765625,0.0732421875,0.87890625,-0.42724609375,-0.64697265625,-0.18310546875,0.03662109375,-0.048828125,-0.3173828125,0.146484375,1.3916015625,0.06103515625,0.74462890625,-0.244140625,0.10986328125,0.6591796875,-0.8544921875,0.0244140625,-0.52490234375,-0.048828125,-0.7568359375,-0.20751953125,-0.25634765625,-0.048828125,-0.68359375,-0.06103515625,-0.439453125,-0.1953125,0.54931640625,-0.47607421875,1.20849609375,-0.341796875,0.45166015625,0.48828125,-0.2197265625,-0.3662109375,0.7080078125,-0.42724609375,1.08642578125,0.09765625,0.57373046875,-0.52490234375,1.01318359375,-0.0244140625,0.72021484375,0.13427734375,0.390625,0.10986328125,1.01318359375,0.2197265625,0.18310546875,-0.06103515625,0.1708984375,0.1708984375,0.23193359375,-0.10986328125,0.91552734375,-0.13427734375,-0.048828125,-0.23193359375,1.318359375,0.0732421875,-1.025390625,-0.09765625,-0.390625,0.1220703125,-0.9765625,-0.0244140625,-0.81787109375,-0.1708984375,-1.025390625,-0.28076171875,0.3173828125,0.10986328125,0.5126953125,-0.03662109375,-0.20751953125,0,-0.8056640625,0.06103515625,-0.79345703125,-0.2197265625,-0.69580078125,-0.1220703125,-0.2197265625,0.0244140625,-1.5625,-0.28076171875,-2.30712890625,-0.2197265625,-1.62353515625,-0.08544921875,-0.341796875,-0.13427734375,0.37841796875,-0.0732421875,0,-0.0732421875,0.01220703125,-0.1220703125,0.1953125,-0.20751953125,0.42724609375,-0.10986328125,0.78125,-0.01220703125,-0.50048828125,0.06103515625,-0.537109375
0,-0.25634765625,-0.390625,-0.18310546875,-0.32958984375,0.25634765625,-0.390625,-0.0732421875,-0.01220703125,0.2685546875,-0.1708984375,-0.06103515625,-0.86669921875,-0.09765625,1.13525390625,-0.28076171875,-0.08544921875,0.28076171875,-0.62255859375,0.09765625,-0.08544921875,0,0.89111328125,-0.3662109375,-0.64697265625,-0.1708984375,0.1708984375,0.0244140625,-0.2197265625,0.25634765625,1.5625,0.06103515625,0.9033203125,-0.1220703125,0.10986328125,0.64697265625,-0.86669921875,0.0244140625,-0.54931640625,-0.1220703125,-0.78125,-0.28076171875,-0.28076171875,0.03662109375,-0.69580078125,-0.13427734375,-0.45166015625,-0.244140625,0.57373046875,-0.439453125,1.220703125,-0.30517578125,0.4638671875,0.4638671875,-0.2197265625,-0.2685546875,0.732421875,-0.48828125,1.4892578125,0.13427734375,0.89111328125,-0.4638671875,1.7578125,-0.08544921875,1.13525390625,0.20751953125,0.37841796875,0.0244140625,1.01318359375,0.2197265625,0.1953125,-0.09765625,0.1708984375,0.09765625,0.20751953125,-0.13427734375,0.93994140625,-0.08544921875,-0.0244140625,-0.23193359375,1.318359375,-0.048828125,-1.03759765625,-0.048828125,-0.37841796875,0.09765625,-0.98876953125,-0.08544921875,-0.79345703125,-0.2197265625,-0.87890625,-0.28076171875,0.40283203125,0.0244140625,0.62255859375,-0.0244140625,-0.06103515625,-0.03662109375,-0.81787109375,0.10986328125,-0.79345703125,-0.20751953125,-0.7080078125,-0.048828125,-0.2197265625,0.03662109375,-1.7822265625,-0.341796875,-2.6611328125,-0.2685546875,-1.77001953125,-0.0732421875,-0.59814453125,-0.13427734375,0.37841796875,-0.06103515625,0.0244140625,-0.0732421875,0,-0.146484375,0.1953125,-0.20751953125,0.40283203125,-0.08544921875,0.76904296875,-0.0244140625,-0.50048828125,0.06103515625,-0.537109375
0,-0.29296875,-0.40283203125,-0.1708984375,-0.341796875,0.28076171875,-0.390625,-0.10986328125,0,0.2685546875,-0.1953125,-0.0732421875,-0.86669921875,-0.09765625,1.11083984375,-0.2685546875,-0.06103515625,0.146484375,-0.62255859375,0.10986328125,-0.08544921875,-0.08544921875,0.86669921875,-0.3662109375,-0.64697265625,-0.13427734375,0.3173828125,0.08544921875,-0.146484375,0.29296875,1.77001953125,0.08544921875,1.0498046875,-0.0732421875,0.09765625,0.62255859375,-0.830078125,0.0244140625,-0.537109375,-0.1708984375,-0.78125,-0.3173828125,-0.29296875,0.1220703125,-0.7080078125,-0.20751953125,-0.439453125,-0.244140625,0.57373046875,-0.40283203125,1.1962890625,-0.23193359375,0.4638671875,0.439453125,-0.1708984375,-0.20751953125,0.732421875,-0.5126953125,1.96533203125,0.10986328125,1.2939453125,-0.390625,2.72216796875,-0.146484375,1.6357421875,0.18310546875,0.35400390625,-0.0244140625,1.0009765625,0.1708984375,0.20751953125,-0.13427734375,0.15869140625,0.01220703125,0.1953125,-0.1220703125,0.93994140625,-0.0244140625,-0.06103515625,-0.29296875,1.318359375,-0.13427734375,-1.025390625,-0.01220703125,-0.3662109375,0.048828125,-0.98876953125,-0.146484375,-0.79345703125,-0.3173828125,-0.76904296875,-0.25634765625,0.48828125,-0.048828125,0.7080078125,0.01220703125,0.03662109375,-0.08544921875,-0.81787109375,0.13427734375,-0.8056640625,-0.2197265625,-0.72021484375,0,-0.2197265625,0.03662109375,-1.89208984375,-0.4638671875,-2.81982421875,-0.28076171875,-1.84326171875,-0.0732421875,-0.69580078125,-0.1220703125,0.3662109375,-0.08544921875,0.0244140625,-0.0732421875,0,-0.13427734375,0.1953125,-0.20751953125,0.390625,-0.09765625,0.78125,-0.03662109375,-0.48828125,0.06103515625,-0.537109375
0,-0.3173828125,-0.4150390625,-0.15869140625,-0.341796875,0.3173828125,-0.4150390625,-0.15869140625,0.01220703125,0.28076171875,-0.1953125,-0.06103515625,-0.86669921875,-0.1220703125,1.0986328125,-0.25634765625,-0.08544921875,-0.01220703125,-0.6103515625,0.13427734375,-0.09765625,-0.146484375,0.8544921875,-0.28076171875,-0.6591796875,-0.10986328125,0.439453125,0.2197265625,-0.08544921875,0.32958984375,1.91650390625,0.18310546875,1.15966796875,-0.06103515625,0.10986328125,0.67138671875,-0.830078125,-0.01220703125,-0.52490234375,-0.20751953125,-0.76904296875,-0.3173828125,-0.2685546875,0.1220703125,-0.7080078125,-0.25634765625,-0.42724609375,-0.244140625,0.5859375,-0.4150390625,1.15966796875,-0.1708984375,0.45166015625,0.42724609375,-0.146484375,-0.13427734375,0.732421875,-0.52490234375,2.47802734375,0.10986328125,1.72119140625,-0.45166015625,3.759765625,-0.1953125,2.18505859375,0.1953125,0.341796875,-0.10986328125,1.0009765625,0.10986328125,0.18310546875,-0.1708984375,0.15869140625,-0.0732421875,0.1953125,-0.10986328125,0.9521484375,-0.01220703125,-0.048828125,-0.341796875,1.30615234375,-0.1953125,-1.01318359375,0.03662109375,-0.3662109375,0.01220703125,-1.0009765625,-0.1220703125,-0.78125,-0.341796875,-0.7568359375,-0.244140625,0.5126953125,-0.048828125,0.72021484375,0.03662109375,0.03662109375,-0.0732421875,-0.81787109375,0.15869140625,-0.81787109375,-0.20751953125,-0.732421875,0.048828125,-0.1953125,0.08544921875,-1.904296875,-0.4150390625,-2.8076171875,-0.2685546875,-1.806640625,-0.03662109375,-0.68359375,-0.08544921875,0.341796875,-0.08544921875,0.0244140625,-0.0732421875,-0.01220703125,-0.146484375,0.1708984375,-0.1953125,0.3662109375,-0.1220703125,0.78125,-0.048828125,-0.50048828125,0.048828125,-0.537109375
0,-0.3173828125,-0.4150390625,-0.15869140625,-0.35400390625,0.341796875,-0.42724609375,-0.15869140625,-0.03662109375,0.2685546875,-0.146484375,-0.06103515625,-0.86669921875,-0.10986328125,1.11083984375,-0.25634765625,-0.10986328125,-0.1708984375,-0.62255859375,0.146484375,-0.10986328125,-0.1708984375,0.830078125,-0.244140625,-0.64697265625,-0.10986328125,0.52490234375,0.244140625,-0.048828125,0.2685546875,2.001953125,0.244140625,1.2451171875,-0.0732421875,0.09765625,0.62255859375,-0.79345703125,-0.0732421875,-0.50048828125,-0.1953125,-0.76904296875,-0.2685546875,-0.29296875,0.146484375,-0.7080078125,-0.29296875,-0.42724609375,-0.23193359375,0.62255859375,-0.4638671875,1.11083984375,-0.09765625,0.45166015625,0.47607421875,-0.10986328125,-0.048828125,0.72021484375,-0.537109375,2.99072265625,0.09765625,2.11181640625,-0.32958984375,4.78515625,-0.23193359375,2.72216796875,0.1953125,0.29296875,-0.18310546875,1.01318359375,0.0732421875,0.20751953125,-0.15869140625,0.146484375,-0.146484375,0.18310546875,-0.10986328125,0.96435546875,-0.01220703125,-0.03662109375,-0.30517578125,1.30615234375,-0.2197265625,-1.0009765625,0.048828125,-0.390625,-0.06103515625,-1.01318359375,-0.09765625,-0.79345703125,-0.341796875,-0.76904296875,-0.20751953125,0.5126953125,0,0.69580078125,0.048828125,0,-0.06103515625,-0.81787109375,0.13427734375,-0.830078125,-0.18310546875,-0.72021484375,0.03662109375,-0.18310546875,0.09765625,-1.79443359375,-0.32958984375,-2.6611328125,-0.23193359375,-1.708984375,-0.03662109375,-0.5615234375,-0.06103515625,0.35400390625,-0.06103515625,0.03662109375,-0.0732421875,-0.03662109375,-0.146484375,0.1953125,-0.18310546875,0.32958984375,-0.1220703125,0.79345703125,-0.03662109375,-0.50048828125,0.048828125,-0.52490234375
0,-0.3173828125,-0.40283203125,-0.1708984375,-0.3662109375,0.35400390625,-0.45166015625,-0.15869140625,-0.048828125,0.28076171875,-0.09765625,-0.0732421875,-0.86669921875,-0.10986328125,1.0986328125,-0.244140625,-0.13427734375,-0.244140625,-0.6103515625,0.13427734375,-0.1220703125,-0.15869140625,0.8056640625,-0.2685546875,-0.64697265625,-0.13427734375,0.5126953125,0.146484375,-0.09765625,0.15869140625,1.98974609375,0.2685546875,1.220703125,-0.13427734375,0.06103515625,0.6103515625,-0.7080078125,-0.1220703125,-0.47607421875,-0.18310546875,-0.7568359375,-0.1953125,-0.28076171875,0.1220703125,-0.68359375,-0.29296875,-0.42724609375,-0.1953125,0.634765625,-0.4638671875,1.08642578125,-0.08544921875,0.45166015625,0.52490234375,-0.10986328125,0.01220703125,0.732421875,-0.48828125,3.47900390625,0.13427734375,2.47802734375,-0.28076171875,5.712890625,-0.2685546875,3.1982421875,0.13427734375,0.28076171875,-0.20751953125,1.01318359375,0.01220703125,0.2197265625,-0.15869140625,0.15869140625,-0.20751953125,0.20751953125,-0.09765625,0.93994140625,-0.03662109375,-0.0244140625,-0.28076171875,1.2939453125,-0.146484375,-0.96435546875,0.06103515625,-0.390625,-0.1220703125,-1.025390625,-0.0732421875,-0.76904296875,-0.30517578125,-0.9033203125,-0.1708984375,0.47607421875,0.10986328125,0.62255859375,0.0732421875,-0.1220703125,-0.03662109375,-0.81787109375,0.0732421875,-0.8056640625,-0.146484375,-0.74462890625,-0.0244140625,-0.1953125,0.06103515625,-1.62353515625,-0.2685546875,-2.392578125,-0.1708984375,-1.57470703125,-0.08544921875,-0.37841796875,-0.06103515625,0.35400390625,-0.08544921875,0.06103515625,-0.0732421875,-0.0244140625,-0.13427734375,0.18310546875,-0.15869140625,0.29296875,-0.15869140625,0.8056640625,-0.048828125,-0.5126953125,0.0244140625,-0.52490234375
0,-0.341796875,-0.40283203125,-0.20751953125,-0.37841796875,0.3662109375,-0.45166015625,-0.146484375,-0.08544921875,0.30517578125,-0.0244140625,-0.048828125,-0.86669921875,-0.08544921875,1.0986328125,-0.244140625,-0.146484375,-0.244140625,-0.6103515625,0.1220703125,-0.13427734375,-0.10986328125,0.81787109375,-0.28076171875,-0.6591796875,-0.10986328125,0.45166015625,0.146484375,-0.15869140625,0.0244140625,1.904296875,0.30517578125,1.13525390625,-0.20751953125,0.06103515625,0.50048828125,-0.67138671875,-0.13427734375,-0.439453125,-0.18310546875,-0.7568359375,-0.0732421875,-0.2197265625,0.10986328125,-0.6591796875,-0.244140625,-0.390625,-0.20751953125,0.634765625,-0.439453125,1.07421875,-0.048828125,0.45166015625,0.5126953125,-0.146484375,0.0244140625,0.7080078125,-0.47607421875,3.8818359375,0.10986328125,2.783203125,-0.25634765625,6.40869140625,-0.30517578125,3.55224609375,0.09765625,0.2685546875,-0.23193359375,1.0009765625,-0.0732421875,0.20751953125,-0.1220703125,0.146484375,-0.25634765625,0.2197265625,-0.08544921875,0.927734375,-0.03662109375,-0.01220703125,-0.23193359375,1.33056640625,-0.06103515625,-0.96435546875,0.03662109375,-0.37841796875,-0.20751953125,-1.03759765625,-0.01220703125,-0.76904296875,-0.20751953125,-1.06201171875,-0.1708984375,0.4150390625,0.23193359375,0.52490234375,0.048828125,-0.2685546875,-0.0244140625,-0.81787109375,0.0244140625,-0.8056640625,-0.13427734375,-0.732421875,-0.06103515625,-0.1953125,0,-1.4404296875,-0.20751953125,-2.11181640625,-0.146484375,-1.4404296875,-0.13427734375,-0.15869140625,-0.06103515625,0.35400390625,-0.06103515625,0.048828125,-0.06103515625,0,-0.1220703125,0.20751953125,-0.1953125,0.244140625,-0.15869140625,0.79345703125,-0.0732421875,-0.50048828125,0.01220703125,-0.52490234375
0,-0.341796875,-0.37841796875,-0.244140625,-0.37841796875,0.35400390625,-0.4638671875,-0.1220703125,-0.0732421875,0.341796875,0.03662109375,-0.048828125,-0.87890625,-0.08544921875,1.08642578125,-0.244140625,-0.15869140625,-0.18310546875,-0.59814453125,0.10986328125,-0.13427734375,-0.0244140625,0.81787109375,-0.3662109375,-0.64697265625,-0.0732421875,0.32958984375,0.06103515625,-0.25634765625,-0.08544921875,1.74560546875,0.28076171875,0.9765625,-0.32958984375,0.01220703125,0.37841796875,-0.6103515625,-0.13427734375,-0.439453125,-0.18310546875,-0.74462890625,0.06103515625,-0.23193359375,0.08544921875,-0.6591796875,-0.146484375,-0.4150390625,-0.23193359375,0.64697265625,-0.4150390625,1.08642578125,-0.0732421875,0.42724609375,0.50048828125,-0.15869140625,0.01220703125,0.69580078125,-0.50048828125,4.1259765625,0.09765625,2.94189453125,-0.25634765625,6.87255859375,-0.29296875,3.80859375,0.06103515625,0.2685546875,-0.2685546875,0.98876953125,-0.09765625,0.1953125,-0.09765625,0.15869140625,-0.32958984375,0.244140625,-0.08544921875,0.927734375,-0.0732421875,0.01220703125,-0.1708984375,1.33056640625,0.06103515625,-0.96435546875,0,-0.3662109375,-0.2685546875,-1.025390625,0.03662109375,-0.79345703125,-0.18310546875,-1.220703125,-0.1220703125,0.32958984375,0.32958984375,0.4150390625,0.048828125,-0.37841796875,-0.048828125,-0.81787109375,-0.0732421875,-0.79345703125,-0.13427734375,-0.72021484375,-0.0732421875,-0.15869140625,-0.06103515625,-1.220703125,-0.1708984375,-1.8310546875,-0.146484375,-1.2939453125,-0.13427734375,0.048828125,-0.03662109375,0.37841796875,-0.0732421875,0.048828125,-0.0732421875,0.01220703125,-0.10986328125,0.20751953125,-0.1953125,0.20751953125,-0.146484375,0.79345703125,-0.08544921875,-0.50048828125,-0.0244140625,-0.48828125
0,-0.32958984375,-0.37841796875,-0.25634765625,-0.3662109375,0.32958984375,-0.439453125,-0.10986328125,-0.08544921875,0.37841796875,0.06103515625,-0.03662109375,-0.86669921875,-0.08544921875,1.06201171875,-0.2685546875,-0.13427734375,-0.10986328125,-0.59814453125,0.09765625,-0.13427734375,0.0732421875,0.84228515625,-0.4638671875,-0.62255859375,-0.06103515625,0.15869140625,0.03662109375,-0.28076171875,-0.1220703125,1.5625,0.20751953125,0.830078125,-0.42724609375,-0.09765625,0.42724609375,-0.54931640625,-0.09765625,-0.42724609375,-0.15869140625,-0.7568359375,0.146484375,-0.2197265625,0.08544921875,-0.634765625,-0.01220703125,-0.45166015625,-0.244140625,0.64697265625,-0.390625,1.0986328125,-0.1220703125,0.4638671875,0.42724609375,-0.1708984375,-0.0244140625,0.68359375,-0.5126953125,4.26025390625,0.0732421875,3.0029296875,-0.1953125,7.03125,-0.20751953125,3.90625,0.01220703125,0.29296875,-0.244140625,1.0009765625,-0.10986328125,0.1953125,-0.10986328125,0.1708984375,-0.341796875,0.25634765625,-0.0732421875,0.927734375,-0.08544921875,0.01220703125,-0.08544921875,1.318359375,0.15869140625,-0.93994140625,-0.048828125,-0.37841796875,-0.2685546875,-1.025390625,0.048828125,-0.78125,-0.1220703125,-1.40380859375,-0.06103515625,0.244140625,0.45166015625,0.30517578125,0.09765625,-0.52490234375,-0.0244140625,-0.81787109375,-0.146484375,-0.78125,-0.13427734375,-0.732421875,-0.1220703125,-0.18310546875,-0.08544921875,-1.07421875,-0.18310546875,-1.59912109375,-0.13427734375,-1.1962890625,-0.13427734375,0.23193359375,-0.0244140625,0.40283203125,-0.0732421875,0.03662109375,-0.0732421875,0.0244140625,-0.1220703125,0.2197265625,-0.2197265625,0.1708984375,-0.146484375,0.81787109375,-0.0732421875,-0.48828125,-0.06103515625,-0.48828125
0,-0.30517578125,-0.3662109375,-0.25634765625,-0.341796875,0.3173828125,-0.439453125,-0.13427734375,-0.08544921875,0.390625,0.0732421875,0,-0.87890625,-0.08544921875,1.0498046875,-0.2685546875,-0.1220703125,-0.06103515625,-0.59814453125,0.10986328125,-0.1220703125,0.146484375,0.8544921875,-0.48828125,-0.62255859375,-0.048828125,0.048828125,0,-0.20751953125,-0.10986328125,1.47705078125,0.10986328125,0.7568359375,-0.48828125,-0.146484375,0.3173828125,-0.45166015625,-0.06103515625,-0.4150390625,-0.10986328125,-0.76904296875,0.13427734375,-0.1708984375,0.10986328125,-0.62255859375,0.08544921875,-0.42724609375,-0.23193359375,0.6591796875,-0.35400390625,1.13525390625,-0.0732421875,0.45166015625,0.37841796875,-0.1953125,-0.0732421875,0.69580078125,-0.5615234375,4.248046875,0.048828125,2.96630859375,-0.09765625,6.89697265625,-0.13427734375,3.86962890625,-0.0244140625,0.32958984375,-0.29296875,1.0009765625,-0.10986328125,0.1953125,-0.0732421875,0.15869140625,-0.3662109375,0.29296875,-0.06103515625,0.9033203125,-0.048828125,0.01220703125,-0.048828125,1.35498046875,0.2197265625,-0.96435546875,-0.0732421875,-0.3662109375,-0.28076171875,-0.9765625,0.0244140625,-0.76904296875,-0.0732421875,-1.52587890625,-0.03662109375,0.15869140625,0.47607421875,0.2197265625,0.09765625,-0.6103515625,0,-0.79345703125,-0.2685546875,-0.8056640625,-0.15869140625,-0.732421875,-0.09765625,-0.1953125,-0.06103515625,-0.93994140625,-0.146484375,-1.45263671875,-0.10986328125,-1.123046875,-0.06103515625,0.341796875,-0.0244140625,0.4150390625,-0.09765625,0.03662109375,-0.06103515625,0.03662109375,-0.10986328125,0.1953125,-0.23193359375,0.15869140625,-0.146484375,0.8056640625,-0.09765625,-0.5126953125,-0.0732421875,-0.4638671875
0,-0.28076171875,-0.37841796875,-0.244140625,-0.35400390625,0.35400390625,-0.42724609375,-0.1708984375,-0.0732421875,0.390625,0.06103515625,0,-0.89111328125,-0.048828125,1.06201171875,-0.28076171875,-0.1220703125,-0.03662109375,-0.59814453125,0.146484375,-0.1220703125,0.23193359375,0.87890625,-0.48828125,-0.6103515625,-0.01220703125,0.08544921875,0,0.03662109375,-0.03662109375,1.513671875,0,0.78125,-0.52490234375,-0.18310546875,0.30517578125,-0.390625,-0.0244140625,-0.439453125,-0.10986328125,-0.74462890625,0.08544921875,-0.1953125,0.09765625,-0.62255859375,0.15869140625,-0.4150390625,-0.1708984375,0.64697265625,-0.28076171875,1.171875,-0.10986328125,0.4638671875,0.30517578125,-0.20751953125,-0.13427734375,0.69580078125,-0.62255859375,4.1015625,0.0732421875,2.81982421875,-0.06103515625,6.53076171875,-0.06103515625,3.67431640625,-0.08544921875,0.40283203125,-0.30517578125,1.0009765625,-0.10986328125,0.20751953125,-0.09765625,0.18310546875,-0.32958984375,0.30517578125,-0.0244140625,0.9521484375,-0.03662109375,0.01220703125,0.01220703125,1.3671875,0.25634765625,-0.98876953125,-0.08544921875,-0.37841796875,-0.1708984375,-1.01318359375,-0.03662109375,-0.76904296875,-0.15869140625,-1.5869140625,-0.0732421875,0.13427734375,0.390625,0.18310546875,0.13427734375,-0.67138671875,0.01220703125,-0.78125,-0.35400390625,-0.79345703125,-0.1708984375,-0.72021484375,-0.10986328125,-0.20751953125,-0.0244140625,-0.87890625,-0.08544921875,-1.3671875,-0.0732421875,-1.07421875,-0.048828125,0.40283203125,0,0.390625,-0.10986328125,0.06103515625,-0.0732421875,0.03662109375,-0.1220703125,0.1953125,-0.23193359375,0.1708984375,-0.13427734375,0.8056640625,-0.09765625,-0.5126953125,-0.0732421875,-0.48828125
0,-0.3173828125,-0.37841796875,-0.2197265625,-0.341796875,0.390625,-0.4150390625,-0.18310546875,-0.0732421875,0.40283203125,0.01220703125,-0.0244140625,-0.87890625,-0.06103515625,1.0498046875,-0.28076171875,-0.1220703125,0.01220703125,-0.59814453125,0.1953125,-0.1220703125,0.244140625,0.9033203125,-0.4150390625,-0.62255859375,-0.03662109375,0.25634765625,-0.06103515625,0.50048828125,-0.0244140625,1.7333984375,-0.10986328125,0.98876953125,-0.50048828125,-0.2197265625,0.3173828125,-0.35400390625,0.01220703125,-0.48828125,-0.09765625,-0.76904296875,0,-0.18310546875,0.146484375,-0.6591796875,0.146484375,-0.42724609375,-0.15869140625,0.6591796875,-0.20751953125,1.1962890625,-0.09765625,0.4638671875,0.244140625,-0.2197265625,-0.2197265625,0.7080078125,-0.69580078125,3.80859375,0.10986328125,2.5634765625,-0.06103515625,5.94482421875,0.0244140625,3.33251953125,-0.1220703125,0.4150390625,-0.30517578125,1.025390625,-0.08544921875,0.20751953125,-0.13427734375,0.1953125,-0.25634765625,0.29296875,0.01220703125,0.93994140625,-0.03662109375,0.01220703125,0.048828125,1.3671875,0.2197265625,-1.01318359375,-0.09765625,-0.3662109375,-0.08544921875,-0.98876953125,-0.08544921875,-0.78125,-0.048828125,-1.57470703125,-0.0244140625,0.10986328125,0.40283203125,0.146484375,0.2685546875,-0.68359375,0.06103515625,-0.76904296875,-0.37841796875,-0.76904296875,-0.15869140625,-0.74462890625,-0.09765625,-0.2197265625,0.0244140625,-0.87890625,-0.1220703125,-1.37939453125,-0.048828125,-1.0986328125,-0.0244140625,0.4150390625,0.03662109375,0.40283203125,-0.1220703125,0.03662109375,-0.0732421875,0.048828125,-0.146484375,0.1953125,-0.2685546875,0.18310546875,-0.13427734375,0.79345703125,-0.09765625,-0.5126953125,-0.048828125,-0.47607421875
1,-0.32958984375,-0.3662109375,-0.1708984375,-0.341796875,0.4150390625,-0.390625,-0.20751953125,-0.08544921875,0.4150390625,-0.0244140625,-0.0244140625,-0.87890625,-0.0732421875,1.07421875,-0.2685546875,-0.1220703125,0.06103515625,-0.62255859375,0.2685546875,-0.10986328125,0.2197265625,0.9033203125,-0.25634765625,-0.59814453125,-0.08544921875,0.62255859375,-0.048828125,1.15966796875,0.03662109375,2.1728515625,-0.1708984375,1.40380859375,-0.47607421875,-0.20751953125,0.341796875,-0.3173828125,0.0732421875,-0.5126953125,-0.09765625,-0.78125,-0.10986328125,-0.20751953125,0.1220703125,-0.68359375,0.13427734375,-0.4150390625,-0.146484375,0.67138671875,-0.10986328125,1.18408203125,-0.15869140625,0.4638671875,0.25634765625,-0.20751953125,-0.29296875,0.69580078125,-0.74462890625,3.3935546875,0.13427734375,2.24609375,-0.03662109375,5.18798828125,0.0732421875,2.9052734375,-0.13427734375,0.45166015625,-0.29296875,1.01318359375,-0.03662109375,0.23193359375,-0.1953125,0.2197265625,-0.2197265625,0.28076171875,0.0732421875,0.93994140625,-0.06103515625,0.01220703125,0.03662109375,1.3671875,0.15869140625,-0.98876953125,-0.1220703125,-0.341796875,-0.048828125,-0.9765625,-0.09765625,-0.78125,0,-1.50146484375,-0.048828125,0.09765625,0.35400390625,0.146484375,0.2685546875,-0.6591796875,0.08544921875,-0.76904296875,-0.37841796875,-0.76904296875,-0.1220703125,-0.7568359375,-0.08544921875,-0.2197265625,0.1220703125,-0.927734375,-0.146484375,-1.46484375,0.01220703125,-1.1474609375,0.01220703125,0.35400390625,0.03662109375,0.40283203125,-0.13427734375,0.03662109375,-0.08544921875,0.0244140625,-0.146484375,0.18310546875,-0.28076171875,0.1953125,-0.10986328125,0.8056640625,-0.0732421875,-0.50048828125,-0.048828125,-0.50048828125
1,-0.35400390625,-0.3662109375,-0.15869140625,-0.32958984375,0.4150390625,-0.37841796875,-0.244140625,-0.06103515625,0.42724609375,-0.0732421875,-0.06103515625,-0.87890625,-0.08544921875,1.07421875,-0.2685546875,-0.1220703125,0.0732421875,-0.62255859375,0.3173828125,-0.09765625,0.15869140625,0.89111328125,-0.146484375,-0.6103515625,-0.06103515625,1.1474609375,-0.01220703125,2.03857421875,0.1220703125,2.8564453125,-0.18310546875,2.001953125,-0.40283203125,-0.1953125,0.40283203125,-0.3173828125,0.08544921875,-0.52490234375,-0.0732421875,-0.78125,-0.18310546875,-0.23193359375,0.09765625,-0.69580078125,0.0732421875,-0.37841796875,-0.18310546875,0.67138671875,-0.01220703125,1.171875,-0.20751953125,0.48828125,0.18310546875,-0.1953125,-0.42724609375,0.69580078125,-0.7568359375,2.89306640625,0.146484375,1.89208984375,0.048828125,4.35791015625,0.1953125,2.4169921875,-0.146484375,0.4638671875,-0.28076171875,1.025390625,0,0.23193359375,-0.25634765625,0.23193359375,-0.18310546875,0.2685546875,0.146484375,0.927734375,-0.03662109375,-0.01220703125,0.03662109375,1.3916015625,0.0732421875,-1.01318359375,-0.1220703125,-0.3662109375,-0.01220703125,-0.98876953125,-0.0732421875,-0.78125,-0.10986328125,-1.40380859375,-0.10986328125,0.09765625,0.2685546875,0.13427734375,0.3173828125,-0.64697265625,0.09765625,-0.78125,-0.3173828125,-0.7568359375,-0.0732421875,-0.74462890625,-0.06103515625,-0.23193359375,0.13427734375,-1.0009765625,-0.18310546875,-1.59912109375,-0.03662109375,-1.18408203125,-0.03662109375,0.2685546875,0.06103515625,0.390625,-0.1220703125,0.03662109375,-0.06103515625,0.03662109375,-0.09765625,0.1953125,-0.2685546875,0.1953125,-0.10986328125,0.79345703125,-0.0732421875,-0.48828125,-0.01220703125,-0.537109375
1,-0.35400390625,-0.390625,-0.09765625,-0.341796875,0.40283203125,-0.390625,-0.244140625,-0.048828125,0.47607421875,-0.10986328125,-0.08544921875,-0.87890625,-0.09765625,1.08642578125,-0.25634765625,-0.10986328125,0.048828125,-0.634765625,0.40283203125,-0.09765625,0.06103515625,0.89111328125,-0.03662109375,-0.6103515625,-0.09765625,1.84326171875,-0.1220703125,3.125,0.08544921875,3.7109375,-0.1953125,2.74658203125,-0.3662109375,-0.13427734375,0.439453125,-0.32958984375,0.048828125,-0.52490234375,-0.06103515625,-0.79345703125,-0.23193359375,-0.244140625,0.10986328125,-0.7080078125,0.01220703125,-0.390625,-0.20751953125,0.67138671875,0.01220703125,1.1474609375,-0.18310546875,0.48828125,0.1953125,-0.146484375,-0.537109375,0.7080078125,-0.732421875,2.35595703125,0.10986328125,1.513671875,0.10986328125,3.52783203125,0.1953125,1.8798828125,-0.1220703125,0.439453125,-0.20751953125,1.03759765625,0.0244140625,0.23193359375,-0.25634765625,0.2197265625,-0.2197265625,0.244140625,0.1953125,0.9521484375,-0.01220703125,-0.01220703125,0.01220703125,1.37939453125,-0.048828125,-1.01318359375,-0.1220703125,-0.3662109375,0.01220703125,-1.0009765625,-0.048828125,-0.79345703125,-0.0732421875,-1.318359375,-0.146484375,0.09765625,0.23193359375,0.146484375,0.30517578125,-0.64697265625,0.048828125,-0.78125,-0.25634765625,-0.7568359375,-0.0244140625,-0.7568359375,-0.01220703125,-0.2197265625,0.09765625,-1.08642578125,-0.341796875,-1.708984375,-0.048828125,-1.220703125,-0.08544921875,0.18310546875,0.06103515625,0.3662109375,-0.10986328125,0.0244140625,-0.0732421875,0.03662109375,-0.10986328125,0.20751953125,-0.28076171875,0.1953125,-0.13427734375,0.81787109375,-0.0732421875,-0.5126953125,-0.01220703125,-0.537109375
1,-0.341796875,-0.390625,-0.08544921875,-0.3662109375,0.390625,-0.40283203125,-0.244140625,-0.048828125,0.48828125,-0.146484375,-0.10986328125,-0.86669921875,-0.10986328125,1.0986328125,-0.2685546875,-0.09765625,-0.0244140625,-0.634765625,0.4150390625,-0.10986328125,0,0.87890625,0.06103515625,-0.59814453125,-0.0732421875,2.6123046875,0.0244140625,4.28466796875,0.08544921875,4.6630859375,-0.10986328125,3.564453125,-0.3662109375,-0.09765625,0.48828125,-0.35400390625,-0.048828125,-0.5126953125,-0.06103515625,-0.78125,-0.2197265625,-0.25634765625,0.0732421875,-0.72021484375,-0.0244140625,-0.40283203125,-0.20751953125,0.67138671875,0,1.123046875,-0.1708984375,0.48828125,0.23193359375,-0.146484375,-0.64697265625,0.7080078125,-0.67138671875,1.8310546875,0.1220703125,1.13525390625,0.146484375,2.69775390625,0.25634765625,1.3671875,-0.09765625,0.390625,-0.08544921875,1.03759765625,0.03662109375,0.2197265625,-0.25634765625,0.2197265625,-0.244140625,0.20751953125,0.25634765625,0.927734375,0,-0.0244140625,-0.06103515625,1.35498046875,-0.10986328125,-1.01318359375,-0.1708984375,-0.3662109375,0,-0.98876953125,0,-0.78125,-0.13427734375,-1.2451171875,-0.20751953125,0.08544921875,0.1708984375,0.09765625,0.2685546875,-0.67138671875,-0.0244140625,-0.78125,-0.20751953125,-0.76904296875,0.0244140625,-0.7568359375,0.0244140625,-0.20751953125,0.1953125,-1.13525390625,-0.28076171875,-1.8310546875,0,-1.25732421875,-0.0244140625,0.146484375,0.048828125,0.3662109375,-0.1220703125,0.03662109375,-0.0732421875,0.01220703125,-0.10986328125,0.18310546875,-0.2197265625,0.18310546875,-0.13427734375,0.81787109375,-0.08544921875,-0.50048828125,-0.03662109375,-0.537109375
1,-0.3173828125,-0.4150390625,-0.03662109375,-0.341796875,0.37841796875,-0.42724609375,-0.2197265625,-0.06103515625,0.48828125,-0.1220703125,-0.09765625,-0.8544921875,-0.10986328125,1.11083984375,-0.2685546875,-0.08544921875,-0.10986328125,-0.62255859375,0.3662109375,-0.09765625,-0.03662109375,0.8544921875,0.048828125,-0.59814453125,-0.01220703125,3.369140625,0.10986328125,5.4443359375,0.08544921875,5.615234375,0.0244140625,4.3701171875,-0.390625,-0.06103515625,0.54931640625,-0.4150390625,-0.10986328125,-0.47607421875,-0.03662109375,-0.78125,-0.1953125,-0.25634765625,0.08544921875,-0.7080078125,-0.0732421875,-0.40283203125,-0.244140625,0.67138671875,-0.0732421875,1.11083984375,-0.13427734375,0.47607421875,0.13427734375,-0.1220703125,-0.732421875,0.72021484375,-0.5859375,1.318359375,0.03662109375,0.81787109375,0.18310546875,1.953125,0.25634765625,0.87890625,-0.10986328125,0.35400390625,0.03662109375,1.03759765625,0.0244140625,0.20751953125,-0.244140625,0.20751953125,-0.2197265625,0.1953125,0.2685546875,0.96435546875,0,-0.0244140625,-0.1220703125,1.35498046875,-0.1708984375,-1.01318359375,-0.1708984375,-0.35400390625,0.03662109375,-1.025390625,0.048828125,-0.76904296875,-0.2197265625,-1.20849609375,-0.25634765625,0.08544921875,0.10986328125,0.06103515625,0.1953125,-0.7080078125,-0.09765625,-0.8056640625,-0.146484375,-0.7568359375,0.0732421875,-0.7568359375,0.06103515625,-0.23193359375,0.146484375,-1.15966796875,-0.3173828125,-1.8798828125,-0.048828125,-1.25732421875,-0.08544921875,0.13427734375,0.08544921875,0.341796875,-0.10986328125,0.03662109375,-0.0732421875,0.01220703125,-0.09765625,0.2197265625,-0.20751953125,0.146484375,-0.146484375,0.8056640625,-0.0732421875,-0.4638671875,-0.048828125,-0.54931640625
1,-0.3173828125,-0.40283203125,-0.06103515625,-0.32958984375,0.37841796875,-0.42724609375,-0.15869140625,-0.048828125,0.47607421875,-0.1220703125,-0.09765625,-0.8544921875,-0.09765625,1.0986328125,-0.28076171875,-0.09765625,-0.146484375,-0.6103515625,0.25634765625,-0.09765625,-0.09765625,0.84228515625,0.01220703125,-0.5859375,0.06103515625,4.06494140625,0.146484375,6.5185546875,0.10986328125,6.48193359375,0.18310546875,5.1025390625,-0.390625,-0.048828125,0.62255859375,-0.48828125,-0.1708984375,-0.439453125,-0.01220703125,-0.7568359375,-0.15869140625,-0.23193359375,0.06103515625,-0.7080078125,-0.13427734375,-0.4150390625,-0.2685546875,0.6591796875,-0.146484375,1.0986328125,-0.0732421875,0.47607421875,0.13427734375,-0.146484375,-0.8056640625,0.7080078125,-0.47607421875,0.87890625,0.0732421875,0.5126953125,0.1953125,1.33056640625,0.23193359375,0.439453125,-0.0732421875,0.30517578125,0.1708984375,1.03759765625,0.03662109375,0.1708984375,-0.1953125,0.15869140625,-0.09765625,0.1953125,0.29296875,0.96435546875,-0.048828125,-0.03662109375,-0.1708984375,1.318359375,-0.18310546875,-1.01318359375,-0.1708984375,-0.35400390625,0.0244140625,-1.01318359375,0.0244140625,-0.78125,-0.341796875,-1.18408203125,-0.29296875,0.048828125,0.03662109375,0.03662109375,0.03662109375,-0.74462890625,-0.1220703125,-0.81787109375,-0.13427734375,-0.74462890625,0.08544921875,-0.72021484375,0.10986328125,-0.2197265625,0.0732421875,-1.0986328125,-0.439453125,-1.84326171875,-0.0732421875,-1.220703125,-0.146484375,0.1953125,0.0732421875,0.3662109375,-0.10986328125,0.0244140625,-0.06103515625,0.01220703125,-0.1220703125,0.1953125,-0.1953125,0.10986328125,-0.1708984375,0.84228515625,-0.0732421875,-0.4638671875,-0.048828125,-0.54931640625
1,-0.29296875,-0.390625,-0.08544921875,-0.35400390625,0.3662109375,-0.439453125,-0.1220703125,-0.0732421875,0.4638671875,-0.08544921875,-0.0732421875,-0.8544921875,-0.09765625,1.08642578125,-0.244140625,-0.10986328125,-0.1220703125,-0.59814453125,0.1220703125,-0.13427734375,-0.1220703125,0.84228515625,-0.06103515625,-0.59814453125,0.10986328125,4.62646484375,0.0732421875,7.36083984375,0.09765625,7.177734375,0.28076171875,5.70068359375,-0.40283203125,-0.09765625,0.57373046875,-0.57373046875,-0.23193359375,-0.42724609375,-0.03662109375,-0.7568359375,-0.13427734375,-0.23193359375,0.048828125,-0.68359375,-0.1708984375,-0.42724609375,-0.341796875,0.64697265625,-0.1708984375,1.123046875,-0.06103515625,0.4638671875,0.18310546875,-0.1953125,-0.830078125,0.7080078125,-0.37841796875,0.5126953125,0.048828125,0.25634765625,0.1220703125,0.81787109375,0.23193359375,0.09765625,-0.1220703125,0.25634765625,0.2685546875,1.01318359375,0.048828125,0.146484375,-0.146484375,0.1708984375,0,0.18310546875,0.29296875,0.96435546875,-0.1220703125,-0.048828125,-0.1708984375,1.30615234375,-0.18310546875,-0.98876953125,-0.146484375,-0.35400390625,0.01220703125,-1.025390625,-0.0244140625,-0.79345703125,-0.3173828125,-1.15966796875,-0.25634765625,0.06103515625,0,0.048828125,-0.01220703125,-0.732421875,-0.10986328125,-0.830078125,-0.13427734375,-0.74462890625,0.06103515625,-0.7080078125,0.13427734375,-0.2197265625,0.15869140625,-0.96435546875,-0.3173828125,-1.74560546875,0,-1.11083984375,-0.09765625,0.32958984375,0.09765625,0.35400390625,-0.0732421875,0.0244140625,-0.06103515625,0.0244140625,-0.1220703125,0.20751953125,-0.1953125,0,-0.15869140625,0.830078125,-0.06103515625,-0.45166015625,-0.048828125,-0.54931640625
1,-0.2685546875,-0.37841796875,-0.09765625,-0.35400390625,0.32958984375,-0.439453125,-0.09765625,-0.09765625,0.439453125,-0.048828125,-0.06103515625,-0.87890625,-0.1220703125,1.07421875,-0.30517578125,-0.10986328125,-0.08544921875,-0.59814453125,-0.01220703125,-0.1220703125,-0.1708984375,0.84228515625,-0.23193359375,-0.6103515625,0.13427734375,4.98046875,-0.048828125,7.9833984375,0.08544921875,7.6416015625,0.3173828125,6.0791015625,-0.42724609375,-0.1708984375,0.5615234375,-0.67138671875,-0.20751953125,-0.40283203125,-0.10986328125,-0.74462890625,-0.146484375,-0.20751953125,0.1220703125,-0.6591796875,-0.15869140625,-0.439453125,-0.40283203125,0.634765625,-0.1708984375,1.15966796875,-0.0244140625,0.4638671875,0.2685546875,-0.18310546875,-0.830078125,0.69580078125,-0.29296875,0.244140625,-0.03662109375,0.09765625,0.03662109375,0.42724609375,0.1708984375,-0.146484375,-0.1708984375,0.244140625,0.390625,1.0009765625,0.0244140625,0.1220703125,-0.10986328125,0.1708984375,0.1220703125,0.20751953125,0.28076171875,0.9765625,-0.1708984375,-0.048828125,-0.18310546875,1.28173828125,-0.20751953125,-0.98876953125,-0.09765625,-0.37841796875,-0.01220703125,-1.025390625,-0.08544921875,-0.79345703125,-0.35400390625,-1.18408203125,-0.23193359375,0.09765625,-0.09765625,0.0732421875,-0.03662109375,-0.69580078125,-0.03662109375,-0.84228515625,-0.08544921875,-0.74462890625,0,-0.72021484375,0.1708984375,-0.2197265625,0.0732421875,-0.78125,-0.37841796875,-1.55029296875,-0.0732421875,-0.96435546875,-0.146484375,0.537109375,0.146484375,0.3662109375,-0.048828125,0.03662109375,-0.0732421875,0.0244140625,-0.10986328125,0.2197265625,-0.23193359375,-0.0732421875,-0.15869140625,0.84228515625,-0.06103515625,-0.439453125,-0.06103515625,-0.54931640625
1,-0.2685546875,-0.37841796875,-0.08544921875,-0.37841796875,0.28076171875,-0.45166015625,-0.06103515625,-0.10986328125,0.4638671875,-0.01220703125,-0.048828125,-0.87890625,-0.1220703125,1.06201171875,-0.29296875,-0.13427734375,-0.08544921875,-0.59814453125,-0.10986328125,-0.10986328125,-0.15869140625,0.84228515625,-0.28076171875,-0.62255859375,0.15869140625,5.1513671875,0,8.31298828125,0.1220703125,7.84912109375,0.35400390625,6.26220703125,-0.45166015625,-0.2685546875,0.54931640625,-0.74462890625,-0.1708984375,-0.42724609375,-0.1708984375,-0.7568359375,-0.15869140625,-0.18310546875,0.18310546875,-0.634765625,-0.1708984375,-0.45166015625,-0.42724609375,0.64697265625,-0.20751953125,1.15966796875,-0.0244140625,0.45166015625,0.40283203125,-0.20751953125,-0.84228515625,0.69580078125,-0.25634765625,0.03662109375,-0.09765625,-0.048828125,0.01220703125,0.1708984375,0.15869140625,-0.30517578125,-0.20751953125,0.23193359375,0.42724609375,1.01318359375,0.048828125,0.1220703125,-0.06103515625,0.146484375,0.244140625,0.20751953125,0.20751953125,0.9521484375,-0.2197265625,-0.03662109375,-0.18310546875,1.26953125,-0.1953125,-0.98876953125,-0.03662109375,-0.37841796875,-0.0732421875,-1.0498046875,-0.1220703125,-0.8056640625,-0.29296875,-1.18408203125,-0.244140625,0.15869140625,-0.18310546875,0.146484375,-0.06103515625,-0.62255859375,0.01220703125,-0.84228515625,-0.048828125,-0.74462890625,-0.03662109375,-0.7080078125,0.15869140625,-0.1953125,0.08544921875,-0.54931640625,-0.341796875,-1.33056640625,-0.1220703125,-0.79345703125,-0.1220703125,0.78125,0.13427734375,0.37841796875,-0.0244140625,0.0244140625,-0.08544921875,0.03662109375,-0.10986328125,0.2197265625,-0.25634765625,-0.13427734375,-0.15869140625,0.8544921875,-0.048828125,-0.45166015625,-0.048828125,-0.5126953125
1,-0.2685546875,-0.3662109375,-0.06103515625,-0.37841796875,0.23193359375,-0.439453125,-0.06103515625,-0.10986328125,0.45166015625,0.01220703125,-0.048828125,-0.89111328125,-0.10986328125,1.0498046875,-0.32958984375,-0.13427734375,-0.146484375,-0.6103515625,-0.13427734375,-0.10986328125,-0.2197265625,0.84228515625,-0.30517578125,-0.6103515625,0.15869140625,5.11474609375,0.048828125,8.3740234375,0.146484375,7.8125,0.28076171875,6.23779296875,-0.48828125,-0.35400390625,0.42724609375,-0.81787109375,-0.09765625,-0.4150390625,-0.20751953125,-0.7568359375,-0.15869140625,-0.15869140625,0.2685546875,-0.62255859375,-0.13427734375,-0.439453125,-0.42724609375,0.64697265625,-0.25634765625,1.171875,0,0.45166015625,0.4150390625,-0.20751953125,-0.8056640625,0.68359375,-0.25634765625,-0.0732421875,-0.0732421875,-0.1220703125,-0.048828125,0,0.13427734375,-0.4150390625,-0.1953125,0.2685546875,0.47607421875,1.0009765625,0.0732421875,0.13427734375,-0.03662109375,0.146484375,0.2685546875,0.244140625,0.10986328125,0.93994140625,-0.23193359375,-0.03662109375,-0.18310546875,1.26953125,-0.1708984375,-0.98876953125,0.0244140625,-0.3662109375,-0.146484375,-1.0498046875,-0.13427734375,-0.8056640625,-0.18310546875,-1.15966796875,-0.18310546875,0.2197265625,-0.25634765625,0.23193359375,0.0244140625,-0.52490234375,0.048828125,-0.8544921875,-0.0244140625,-0.72021484375,-0.09765625,-0.69580078125,0.1708984375,-0.2197265625,0.1708984375,-0.29296875,-0.20751953125,-1.0986328125,-0.08544921875,-0.6103515625,0,1.03759765625,0.13427734375,0.37841796875,-0.01220703125,0.03662109375,-0.08544921875,0.03662109375,-0.13427734375,0.20751953125,-0.28076171875,-0.15869140625,-0.146484375,0.86669921875,-0.048828125,-0.439453125,-0.03662109375,-0.48828125
1,-0.244140625,-0.390625,-0.06103515625,-0.35400390625,0.23193359375,-0.45166015625,-0.08544921875,-0.09765625,0.42724609375,0.048828125,-0.03662109375,-0.87890625,-0.10986328125,1.0498046875,-0.32958984375,-0.146484375,-0.2197265625,-0.57373046875,-0.15869140625,-0.1220703125,-0.25634765625,0.84228515625,-0.32958984375,-0.634765625,0.09765625,4.9560546875,-0.03662109375,8.203125,0.15869140625,7.6171875,0.1220703125,6.0546875,-0.50048828125,-0.45166015625,0.341796875,-0.8544921875,-0.01220703125,-0.42724609375,-0.2197265625,-0.74462890625,-0.1708984375,-0.1708984375,0.3173828125,-0.62255859375,-0.10986328125,-0.45166015625,-0.37841796875,0.634765625,-0.29296875,1.20849609375,0.01220703125,0.4638671875,0.42724609375,-0.1708984375,-0.7568359375,0.7080078125,-0.29296875,-0.13427734375,-0.06103515625,-0.18310546875,-0.048828125,-0.08544921875,0.08544921875,-0.45166015625,-0.15869140625,0.28076171875,0.4638671875,1.0009765625,0.09765625,0.146484375,-0.0244140625,0.146484375,0.29296875,0.25634765625,0.01220703125,0.93994140625,-0.23193359375,-0.0244140625,-0.1953125,1.26953125,-0.1708984375,-1.01318359375,0.10986328125,-0.390625,-0.1953125,-1.06201171875,-0.1708984375,-0.81787109375,-0.15869140625,-1.13525390625,-0.18310546875,0.29296875,-0.3173828125,0.341796875,0.06103515625,-0.390625,0.08544921875,-0.86669921875,0.03662109375,-0.7080078125,-0.146484375,-0.69580078125,0.146484375,-0.20751953125,0.08544921875,-0.048828125,-0.29296875,-0.8544921875,-0.146484375,-0.439453125,-0.03662109375,1.26953125,0.18310546875,0.40283203125,0,0.03662109375,-0.0732421875,0.0732421875,-0.146484375,0.23193359375,-0.3173828125,-0.15869140625,-0.1220703125,0.86669921875,-0.048828125,-0.45166015625,-0.06103515625,-0.47607421875
1,-0.2685546875,-0.390625,-0.01220703125,-0.341796875,0.25634765625,-0.439453125,-0.10986328125,-0.08544921875,0.42724609375,0.048828125,-0.048828125,-0.87890625,-0.09765625,1.0498046875,-0.3173828125,-0.1220703125,-0.28076171875,-0.57373046875,-0.10986328125,-0.09765625,-0.2685546875,0.86669921875,-0.244140625,-0.634765625,-0.048828125,4.69970703125,-0.1220703125,7.87353515625,0.09765625,7.28759765625,-0.01220703125,5.7861328125,-0.52490234375,-0.48828125,0.2685546875,-0.89111328125,0.0244140625,-0.4638671875,-0.20751953125,-0.74462890625,-0.1708984375,-0.1708984375,0.341796875,-0.6103515625,-0.1220703125,-0.439453125,-0.3173828125,0.64697265625,-0.25634765625,1.20849609375,-0.0244140625,0.4638671875,0.37841796875,-0.09765625,-0.7080078125,0.69580078125,-0.35400390625,-0.13427734375,-0.09765625,-0.23193359375,-0.06103515625,-0.1220703125,-0.01220703125,-0.439453125,-0.09765625,0.32958984375,0.47607421875,1.01318359375,0.13427734375,0.15869140625,-0.01220703125,0.146484375,0.25634765625,0.25634765625,-0.06103515625,0.91552734375,-0.244140625,-0.048828125,-0.18310546875,1.28173828125,-0.08544921875,-1.0009765625,0.1953125,-0.37841796875,-0.25634765625,-1.03759765625,-0.13427734375,-0.79345703125,-0.13427734375,-1.0986328125,-0.146484375,0.37841796875,-0.3173828125,0.439453125,0.09765625,-0.30517578125,0.08544921875,-0.84228515625,0.08544921875,-0.732421875,-0.1708984375,-0.7080078125,0.1220703125,-0.23193359375,0.0732421875,0.13427734375,-0.30517578125,-0.634765625,-0.13427734375,-0.29296875,-0.048828125,1.47705078125,0.18310546875,0.37841796875,0,0.0244140625,-0.0732421875,0.0732421875,-0.1708984375,0.20751953125,-0.3173828125,-0.13427734375,-0.15869140625,0.8544921875,-0.048828125,-0.45166015625,-0.06103515625,-0.48828125
1,-0.2685546875,-0.37841796875,0,-0.3173828125,0.29296875,-0.42724609375,-0.15869140625,-0.048828125,0.42724609375,0.0244140625,-0.03662109375,-0.86669921875,-0.10986328125,1.03759765625,-0.3173828125,-0.1220703125,-0.3173828125,-0.5859375,-0.048828125,-0.08544921875,-0.2685546875,0.87890625,-0.1708984375,-0.634765625,-0.1708984375,4.39453125,-0.1708984375,7.38525390625,-0.01220703125,6.9091796875,-0.1220703125,5.45654296875,-0.54931640625,-0.52490234375,0.20751953125,-0.9033203125,0.048828125,-0.4638671875,-0.1953125,-0.78125,-0.1220703125,-0.20751953125,0.32958984375,-0.634765625,-0.10986328125,-0.439453125,-0.244140625,0.634765625,-0.2197265625,1.171875,-0.08544921875,0.4638671875,0.40283203125,-0.03662109375,-0.634765625,0.68359375,-0.42724609375,-0.1220703125,-0.146484375,-0.2197265625,-0.048828125,-0.10986328125,-0.146484375,-0.45166015625,-0.0244140625,0.35400390625,0.4150390625,1.01318359375,0.1953125,0.1953125,-0.0244140625,0.15869140625,0.2197265625,0.244140625,-0.09765625,0.89111328125,-0.244140625,-0.0244140625,-0.18310546875,1.28173828125,-0.01220703125,-1.01318359375,0.23193359375,-0.35400390625,-0.341796875,-1.025390625,-0.09765625,-0.8056640625,-0.03662109375,-1.08642578125,-0.08544921875,0.37841796875,-0.2685546875,0.439453125,0.1220703125,-0.23193359375,0.0244140625,-0.830078125,0.09765625,-0.732421875,-0.1953125,-0.68359375,0.0732421875,-0.2197265625,0.03662109375,0.3173828125,-0.3173828125,-0.50048828125,-0.09765625,-0.1708984375,-0.06103515625,1.6357421875,0.1953125,0.390625,0,0.048828125,-0.06103515625,0.08544921875,-0.20751953125,0.2197265625,-0.3173828125,-0.048828125,-0.18310546875,0.830078125,-0.048828125,-0.47607421875,-0.06103515625,-0.47607421875
1,-0.28076171875,-0.40283203125,0.01220703125,-0.3173828125,0.29296875,-0.42724609375,-0.15869140625,-0.03662109375,0.45166015625,-0.03662109375,-0.06103515625,-0.86669921875,-0.09765625,1.06201171875,-0.341796875,-0.09765625,-0.30517578125,-0.5859375,0,-0.09765625,-0.2197265625,0.89111328125,-0.08544921875,-0.634765625,-0.25634765625,4.11376953125,-0.2197265625,6.884765625,-0.10986328125,6.54296875,-0.18310546875,5.1025390625,-0.537109375,-0.47607421875,0.20751953125,-0.87890625,0.08544921875,-0.48828125,-0.1708984375,-0.76904296875,-0.08544921875,-0.23193359375,0.28076171875,-0.634765625,-0.13427734375,-0.4150390625,-0.20751953125,0.6103515625,-0.146484375,1.15966796875,-0.15869140625,0.4638671875,0.50048828125,0.08544921875,-0.54931640625,0.72021484375,-0.45166015625,-0.08544921875,-0.15869140625,-0.20751953125,-0.048828125,-0.048828125,-0.2685546875,-0.439453125,0.048828125,0.35400390625,0.35400390625,1.0009765625,0.2197265625,0.23193359375,-0.09765625,0.1708984375,0.23193359375,0.244140625,-0.1220703125,0.89111328125,-0.2197265625,-0.048828125,-0.1708984375,1.28173828125,0.048828125,-1.01318359375,0.2685546875,-0.3662109375,-0.4150390625,-1.01318359375,-0.0244140625,-0.79345703125,0.01220703125,-1.06201171875,-0.08544921875,0.37841796875,-0.20751953125,0.45166015625,0.08544921875,-0.23193359375,0.01220703125,-0.81787109375,0.08544921875,-0.732421875,-0.1953125,-0.69580078125,0.03662109375,-0.20751953125,0.0244140625,0.40283203125,-0.32958984375,-0.4638671875,-0.08544921875,-0.10986328125,-0.0732421875,1.7333984375,0.20751953125,0.390625,-0.01220703125,0.03662109375,-0.048828125,0.06103515625,-0.20751953125,0.23193359375,-0.3173828125,0.048828125,-0.23193359375,0.81787109375,-0.048828125,-0.48828125,-0.10986328125,-0.48828125
0,-0.30517578125,-0.40283203125,0.0244140625,-0.3173828125,0.25634765625,-0.439453125,-0.146484375,-0.0244140625,0.47607421875,-0.08544921875,-0.08544921875,-0.86669921875,-0.1220703125,1.06201171875,-0.341796875,-0.10986328125,-0.2685546875,-0.5859375,0.06103515625,-0.10986328125,-0.15869140625,0.87890625,0,-0.634765625,-0.3662109375,3.86962890625,-0.29296875,6.4208984375,-0.30517578125,6.2255859375,-0.20751953125,4.833984375,-0.5126953125,-0.40283203125,0.1953125,-0.86669921875,0.06103515625,-0.48828125,-0.08544921875,-0.76904296875,-0.06103515625,-0.244140625,0.20751953125,-0.634765625,-0.09765625,-0.4150390625,-0.1708984375,0.634765625,-0.13427734375,1.15966796875,-0.2685546875,0.4638671875,0.47607421875,0.18310546875,-0.4150390625,0.72021484375,-0.4638671875,-0.06103515625,-0.13427734375,-0.15869140625,0.0244140625,-0.0244140625,-0.390625,-0.4150390625,0.06103515625,0.37841796875,0.28076171875,1.01318359375,0.23193359375,0.23193359375,-0.146484375,0.15869140625,0.1953125,0.23193359375,-0.146484375,0.87890625,-0.20751953125,-0.03662109375,-0.18310546875,1.2939453125,0.10986328125,-1.01318359375,0.2685546875,-0.3662109375,-0.45166015625,-1.01318359375,0.0244140625,-0.78125,0.08544921875,-1.07421875,-0.048828125,0.30517578125,-0.1220703125,0.390625,0.03662109375,-0.29296875,-0.01220703125,-0.830078125,0.08544921875,-0.74462890625,-0.20751953125,-0.68359375,-0.0244140625,-0.2197265625,-0.01220703125,0.4150390625,-0.32958984375,-0.47607421875,-0.03662109375,-0.08544921875,-0.08544921875,1.7578125,0.1953125,0.390625,0,0.03662109375,-0.06103515625,0.0732421875,-0.2197265625,0.20751953125,-0.30517578125,0.15869140625,-0.244140625,0.81787109375,-0.03662109375,-0.4638671875,-0.09765625,-0.50048828125
0,-0.29296875,-0.40283203125,0.0244140625,-0.32958984375,0.20751953125,-0.42724609375,-0.10986328125,-0.03662109375,0.48828125,-0.10986328125,-0.048828125,-0.84228515625,-0.146484375,1.06201171875,-0.3173828125,-0.10986328125,-0.20751953125,-0.57373046875,0.08544921875,-0.1220703125,-0.0732421875,0.86669921875,-0.03662109375,-0.62255859375,-0.37841796875,3.69873046875,-0.1953125,5.99365234375,-0.3662109375,5.9814453125,-0.1220703125,4.58984375,-0.54931640625,-0.29296875,0.20751953125,-0.84228515625,0.06103515625,-0.4638671875,-0.048828125,-0.76904296875,-0.06103515625,-0.244140625,0.1220703125,-0.6591796875,-0.06103515625,-0.4150390625,-0.15869140625,0.634765625,-0.09765625,1.123046875,-0.3173828125,0.45166015625,0.57373046875,0.3173828125,-0.32958984375,0.72021484375,-0.47607421875,-0.0244140625,-0.1220703125,-0.1220703125,0.13427734375,0.03662109375,-0.52490234375,-0.42724609375,0.0732421875,0.3662109375,0.20751953125,1.01318359375,0.2197265625,0.23193359375,-0.1953125,0.15869140625,0.09765625,0.20751953125,-0.13427734375,0.89111328125,-0.15869140625,-0.03662109375,-0.2197265625,1.2939453125,0.1220703125,-0.98876953125,0.2197265625,-0.35400390625,-0.4150390625,-1.0009765625,0.048828125,-0.78125,0.18310546875,-1.0498046875,-0.048828125,0.23193359375,-0.03662109375,0.28076171875,0.03662109375,-0.4150390625,0,-0.81787109375,0.0244140625,-0.732421875,-0.146484375,-0.69580078125,-0.08544921875,-0.2197265625,-0.01220703125,0.37841796875,-0.32958984375,-0.54931640625,0,-0.146484375,-0.10986328125,1.69677734375,0.2197265625,0.40283203125,0.0244140625,0.03662109375,-0.06103515625,0.048828125,-0.18310546875,0.20751953125,-0.29296875,0.28076171875,-0.2685546875,0.8056640625,-0.03662109375,-0.45166015625,-0.1220703125,-0.48828125
0,-0.28076171875,-0.390625,0,-0.341796875,0.20751953125,-0.42724609375,-0.10986328125,-0.06103515625,0.4638671875,-0.1220703125,-0.03662109375,-0.830078125,-0.13427734375,1.06201171875,-0.30517578125,-0.10986328125,-0.18310546875,-0.5859375,0.048828125,-0.13427734375,0.01220703125,0.86669921875,-0.048828125,-0.6103515625,-0.35400390625,3.57666015625,-0.23193359375,5.65185546875,-0.390625,5.82275390625,-0.09765625,4.45556640625,-0.5859375,-0.18310546875,0.25634765625,-0.8056640625,0.03662109375,-0.45166015625,0,-0.78125,-0.06103515625,-0.244140625,0.09765625,-0.68359375,-0.06103515625,-0.42724609375,-0.1708984375,0.634765625,-0.06103515625,1.11083984375,-0.390625,0.4150390625,0.52490234375,0.47607421875,-0.30517578125,0.68359375,-0.47607421875,0,-0.10986328125,-0.08544921875,0.1953125,0.0732421875,-0.62255859375,-0.42724609375,0.048828125,0.3173828125,0.1220703125,1.0009765625,0.1953125,0.23193359375,-0.244140625,0.15869140625,0.048828125,0.18310546875,-0.146484375,0.927734375,-0.08544921875,-0.03662109375,-0.25634765625,1.30615234375,0.146484375,-0.98876953125,0.1953125,-0.35400390625,-0.28076171875,-1.0009765625,0.048828125,-0.7568359375,0.20751953125,-1.025390625,-0.06103515625,0.13427734375,-0.0244140625,0.20751953125,0.01220703125,-0.52490234375,0.01220703125,-0.81787109375,0.01220703125,-0.732421875,-0.13427734375,-0.69580078125,-0.10986328125,-0.244140625,-0.03662109375,0.28076171875,-0.35400390625,-0.68359375,0.0244140625,-0.2197265625,-0.09765625,1.5869140625,0.2197265625,0.37841796875,0.03662109375,0.0244140625,-0.06103515625,0.03662109375,-0.15869140625,0.2197265625,-0.28076171875,0.4150390625,-0.2685546875,0.81787109375,-0.0244140625,-0.47607421875,-0.09765625,-0.50048828125
0,-0.2685546875,-0.390625,0.01220703125,-0.341796875,0.1953125,-0.439453125,-0.1220703125,-0.06103515625,0.45166015625,-0.13427734375,0,-0.8544921875,-0.13427734375,1.07421875,-0.29296875,-0.1220703125,-0.13427734375,-0.59814453125,0.01220703125,-0.15869140625,0.09765625,0.8544921875,-0.08544921875,-0.5859375,-0.3173828125,3.4423828125,-0.23193359375,5.419921875,-0.3662109375,5.72509765625,-0.09765625,4.296875,-0.5615234375,-0.0732421875,0.32958984375,-0.79345703125,0.048828125,-0.4150390625,0.0732421875,-0.7568359375,-0.08544921875,-0.2197265625,0.08544921875,-0.68359375,-0.048828125,-0.45166015625,-0.1953125,0.634765625,-0.01220703125,1.123046875,-0.40283203125,0.40283203125,0.47607421875,0.59814453125,-0.28076171875,0.69580078125,-0.4638671875,0.03662109375,-0.13427734375,-0.03662109375,0.3173828125,0.10986328125,-0.68359375,-0.4150390625,0.03662109375,0.244140625,0.0732421875,1.0009765625,0.13427734375,0.2197265625,-0.28076171875,0.146484375,0.01220703125,0.146484375,-0.146484375,0.9033203125,-0.06103515625,-0.0244140625,-0.2685546875,1.26953125,0.13427734375,-0.9765625,0.146484375,-0.3662109375,-0.15869140625,-1.01318359375,0.048828125,-0.7568359375,0.2197265625,-0.84228515625,-0.08544921875,0.1220703125,-0.01220703125,0.1953125,0,-0.5615234375,-0.0244140625,-0.81787109375,-0.01220703125,-0.7568359375,-0.08544921875,-0.69580078125,-0.1220703125,-0.23193359375,-0.03662109375,0.13427734375,-0.40283203125,-0.830078125,0.06103515625,-0.30517578125,-0.0732421875,1.4892578125,0.1953125,0.37841796875,0.03662109375,0.048828125,-0.0732421875,0.048828125,-0.15869140625,0.23193359375,-0.25634765625,0.5126953125,-0.25634765625,0.84228515625,-0.03662109375,-0.47607421875,-0.0732421875,-0.5126953125
0,-0.244140625,-0.390625,-0.01220703125,-0.32958984375,0.244140625,-0.439453125,-0.10986328125,-0.0732421875,0.4150390625,-0.0732421875,0.01220703125,-0.830078125,-0.13427734375,1.07421875,-0.2685546875,-0.1220703125,-0.03662109375,-0.6103515625,-0.09765625,-0.13427734375,0.1708984375,0.8544921875,-0.13427734375,-0.5615234375,-0.244140625,3.35693359375,-0.2197265625,5.224609375,-0.2685546875,5.615234375,-0.0732421875,4.21142578125,-0.54931640625,0.03662109375,0.40283203125,-0.8056640625,0.03662109375,-0.42724609375,0.06103515625,-0.7568359375,-0.10986328125,-0.2197265625,0.10986328125,-0.67138671875,-0.08544921875,-0.4638671875,-0.20751953125,0.64697265625,0.0244140625,1.123046875,-0.439453125,0.4150390625,0.439453125,0.732421875,-0.1953125,0.7080078125,-0.4150390625,0.06103515625,-0.13427734375,-0.0244140625,0.40283203125,0.13427734375,-0.7568359375,-0.45166015625,0.06103515625,0.1953125,-0.01220703125,0.98876953125,0.09765625,0.18310546875,-0.28076171875,0.146484375,-0.03662109375,0.1708984375,-0.146484375,0.9033203125,-0.0732421875,-0.0244140625,-0.2197265625,1.28173828125,0.10986328125,-0.96435546875,0.08544921875,-0.37841796875,0,-1.025390625,0.01220703125,-0.79345703125,0.1953125,-0.537109375,-0.13427734375,0.20751953125,-0.0244140625,0.3173828125,0,-0.4638671875,-0.03662109375,-0.8056640625,-0.048828125,-0.732421875,-0.0732421875,-0.68359375,-0.09765625,-0.244140625,-0.01220703125,0.0244140625,-0.439453125,-0.9765625,0.048828125,-0.40283203125,-0.048828125,1.3427734375,0.18310546875,0.3662109375,0.0244140625,0.03662109375,-0.0732421875,0.06103515625,-0.13427734375,0.23193359375,-0.2685546875,0.5859375,-0.2197265625,0.8544921875,-0.01220703125,-0.45166015625,-0.0732421875,-0.5126953125
0,-0.244140625,-0.390625,-0.03662109375,-0.3173828125,0.1953125,-0.439453125,-0.13427734375,-0.0732421875,0.4150390625,-0.03662109375,0.01220703125,-0.86669921875,-0.146484375,1.07421875,-0.2685546875,-0.09765625,0.03662109375,-0.6103515625,-0.18310546875,-0.13427734375,0.15869140625,0.84228515625,-0.1220703125,-0.5859375,-0.18310546875,3.2470703125,-0.1953125,5.01708984375,-0.15869140625,5.48095703125,-0.0732421875,4.0771484375,-0.48828125,0.1220703125,0.42724609375,-0.830078125,0.0732421875,-0.4150390625,0.0244140625,-0.74462890625,-0.1708984375,-0.20751953125,0.1953125,-0.67138671875,-0.146484375,-0.48828125,-0.25634765625,0.6103515625,0.08544921875,1.13525390625,-0.4150390625,0.40283203125,0.4150390625,0.8056640625,-0.146484375,0.69580078125,-0.341796875,0.06103515625,-0.1220703125,-0.01220703125,0.4638671875,0.13427734375,-0.8056640625,-0.439453125,0.03662109375,0.15869140625,-0.0732421875,0.98876953125,0.03662109375,0.1708984375,-0.30517578125,0.13427734375,-0.09765625,0.1708984375,-0.146484375,0.87890625,-0.0732421875,-0.03662109375,-0.13427734375,1.28173828125,0.09765625,-0.9521484375,0.0244140625,-0.3662109375,0.1220703125,-1.0498046875,-0.0244140625,-0.78125,0.03662109375,-0.01220703125,-0.2197265625,0.4150390625,-0.06103515625,0.57373046875,0.01220703125,-0.1953125,-0.08544921875,-0.8056640625,-0.0244140625,-0.72021484375,-0.03662109375,-0.69580078125,-0.0732421875,-0.244140625,0,-0.06103515625,-0.42724609375,-1.08642578125,0.0244140625,-0.50048828125,-0.01220703125,1.20849609375,0.1953125,0.3662109375,0.0244140625,0.0244140625,-0.0732421875,0.0732421875,-0.13427734375,0.2197265625,-0.28076171875,0.64697265625,-0.18310546875,0.87890625,0.01220703125,-0.4638671875,-0.0244140625,-0.5126953125
0,-0.20751953125,-0.37841796875,-0.0244140625,-0.32958984375,0.15869140625,-0.439453125,-0.13427734375,-0.08544921875,0.42724609375,-0.01220703125,0.01220703125,-0.86669921875,-0.15869140625,1.07421875,-0.244140625,-0.10986328125,0.0732421875,-0.6103515625,-0.23193359375,-0.1220703125,0.146484375,0.830078125,-0.0732421875,-0.5615234375,-0.10986328125,3.08837890625,-0.146484375,4.77294921875,-0.048828125,5.31005859375,-0.13427734375,3.91845703125,-0.40283203125,0.1953125,0.439453125,-0.84228515625,0.0732421875,-0.4150390625,-0.048828125,-0.72021484375,-0.244140625,-0.1708984375,0.23193359375,-0.67138671875,-0.18310546875,-0.50048828125,-0.29296875,0.634765625,0.10986328125,1.1474609375,-0.37841796875,0.42724609375,0.37841796875,0.8056640625,-0.0732421875,0.69580078125,-0.29296875,0.0732421875,-0.2197265625,0.01220703125,0.59814453125,0.10986328125,-0.87890625,-0.40283203125,0.01220703125,0.1708984375,-0.10986328125,1.025390625,-0.0244140625,0.15869140625,-0.2685546875,0.146484375,-0.1708984375,0.2197265625,-0.10986328125,0.86669921875,-0.0732421875,-0.01220703125,-0.09765625,1.26953125,0.06103515625,-0.9521484375,-0.01220703125,-0.390625,0.2197265625,-1.06201171875,-0.0244140625,-0.78125,-0.06103515625,0.72021484375,-0.32958984375,0.79345703125,-0.08544921875,1.0009765625,0.01220703125,0.28076171875,-0.15869140625,-0.830078125,0.0244140625,-0.72021484375,-0.03662109375,-0.68359375,0,-0.2197265625,0.01220703125,-0.146484375,-0.5126953125,-1.1474609375,-0.048828125,-0.57373046875,0,1.13525390625,0.18310546875,0.3662109375,0.0244140625,0,-0.0732421875,0.048828125,-0.1220703125,0.23193359375,-0.28076171875,0.68359375,-0.13427734375,0.9033203125,0,-0.47607421875,-0.0244140625,-0.48828125
0,-0.18310546875,-0.37841796875,-0.03662109375,-0.3173828125,0.1953125,-0.42724609375,-0.1708984375,-0.08544921875,0.4150390625,0,-0.01220703125,-0.89111328125,-0.146484375,1.07421875,-0.28076171875,-0.1220703125,0.03662109375,-0.6103515625,-0.25634765625,-0.1220703125,0.0732421875,0.8544921875,-0.048828125,-0.5615234375,-0.048828125,2.84423828125,-0.10986328125,4.43115234375,0.048828125,5.04150390625,-0.1708984375,3.69873046875,-0.3173828125,0.23193359375,0.4638671875,-0.87890625,0.06103515625,-0.40283203125,-0.13427734375,-0.69580078125,-0.28076171875,-0.15869140625,0.341796875,-0.67138671875,-0.23193359375,-0.50048828125,-0.3173828125,0.59814453125,0.10986328125,1.15966796875,-0.3173828125,0.42724609375,0.3662109375,0.76904296875,-0.048828125,0.7080078125,-0.244140625,0.08544921875,-0.20751953125,0,0.64697265625,0.1220703125,-0.89111328125,-0.35400390625,-0.01220703125,0.18310546875,-0.20751953125,1.03759765625,-0.09765625,0.146484375,-0.23193359375,0.18310546875,-0.23193359375,0.244140625,-0.146484375,0.84228515625,-0.06103515625,0,-0.03662109375,1.30615234375,0.01220703125,-0.927734375,-0.0732421875,-0.390625,0.29296875,-1.03759765625,-0.03662109375,-0.8056640625,-0.03662109375,1.66015625,-0.4150390625,1.318359375,-0.10986328125,1.59912109375,-0.03662109375,0.93994140625,-0.1953125,-0.81787109375,0.01220703125,-0.732421875,-0.06103515625,-0.68359375,0.08544921875,-0.23193359375,0.09765625,-0.1953125,-0.42724609375,-1.13525390625,-0.048828125,-0.6103515625,0.08544921875,1.07421875,0.1953125,0.3662109375,0.01220703125,0.01220703125,-0.06103515625,0.0244140625,-0.1220703125,0.1953125,-0.29296875,0.68359375,-0.1220703125,0.89111328125,0.01220703125,-0.48828125,-0.01220703125,-0.48828125
0,-0.1708984375,-0.390625,0.01220703125,-0.29296875,0.1953125,-0.42724609375,-0.18310546875,-0.08544921875,0.40283203125,0.01220703125,0,-0.9033203125,-0.15869140625,1.06201171875,-0.2685546875,-0.13427734375,-0.06103515625,-0.6103515625,-0.25634765625,-0.10986328125,-0.0244140625,0.8544921875,-0.01220703125,-0.5859375,-0.048828125,2.5390625,0.01220703125,3.96728515625,0.10986328125,4.69970703125,-0.20751953125,3.40576171875,-0.28076171875,0.244140625,0.4150390625,-0.87890625,0.048828125,-0.45166015625,-0.146484375,-0.69580078125,-0.29296875,-0.1708984375,0.4150390625,-0.67138671875,-0.28076171875,-0.48828125,-0.35400390625,0.59814453125,0.09765625,1.171875,-0.244140625,0.4638671875,0.25634765625,0.64697265625,0.01220703125,0.72021484375,-0.244140625,0.1220703125,-0.2197265625,0,0.67138671875,0.08544921875,-0.87890625,-0.3173828125,-0.0244140625,0.2197265625,-0.23193359375,1.025390625,-0.1220703125,0.15869140625,-0.20751953125,0.15869140625,-0.28076171875,0.25634765625,-0.15869140625,0.79345703125,-0.03662109375,0.01220703125,0.03662109375,1.2939453125,-0.01220703125,-0.927734375,-0.10986328125,-0.37841796875,0.3173828125,-1.025390625,-0.01220703125,-0.81787109375,-0.03662109375,2.74658203125,-0.45166015625,1.91650390625,-0.08544921875,2.28271484375,-0.08544921875,1.708984375,-0.15869140625,-0.81787109375,0,-0.74462890625,-0.06103515625,-0.67138671875,0.15869140625,-0.20751953125,0.06103515625,-0.20751953125,-0.4150390625,-1.1474609375,-0.1220703125,-0.64697265625,0.048828125,1.06201171875,0.20751953125,0.37841796875,0.0244140625,0.01220703125,-0.06103515625,0.0244140625,-0.1220703125,0.20751953125,-0.28076171875,0.68359375,-0.146484375,0.87890625,-0.01220703125,-0.52490234375,-0.01220703125,-0.4638671875
0,-0.18310546875,-0.390625,0.048828125,-0.30517578125,0.244140625,-0.4150390625,-0.18310546875,-0.08544921875,0.3662109375,0,-0.03662109375,-0.9033203125,-0.1708984375,1.07421875,-0.28076171875,-0.13427734375,-0.1953125,-0.59814453125,-0.2197265625,-0.09765625,-0.09765625,0.84228515625,0,-0.5859375,0.03662109375,2.18505859375,0.1708984375,3.3935546875,0.146484375,4.23583984375,-0.1220703125,3.02734375,-0.29296875,0.25634765625,0.341796875,-0.89111328125,0,-0.50048828125,-0.2197265625,-0.69580078125,-0.25634765625,-0.1953125,0.42724609375,-0.6591796875,-0.29296875,-0.4638671875,-0.3662109375,0.57373046875,0.08544921875,1.171875,-0.1953125,0.47607421875,0.13427734375,0.47607421875,0.048828125,0.72021484375,-0.20751953125,0.13427734375,-0.18310546875,0,0.7568359375,0.06103515625,-0.87890625,-0.28076171875,-0.0244140625,0.2685546875,-0.2685546875,1.03759765625,-0.1220703125,0.18310546875,-0.18310546875,0.1953125,-0.32958984375,0.28076171875,-0.15869140625,0.76904296875,-0.01220703125,0.03662109375,0.0732421875,1.30615234375,0,-0.9521484375,-0.1220703125,-0.3662109375,0.3662109375,-1.025390625,0.03662109375,-0.830078125,0.10986328125,3.90625,-0.47607421875,2.57568359375,-0.0244140625,3.01513671875,-0.10986328125,2.60009765625,-0.15869140625,-0.81787109375,-0.03662109375,-0.74462890625,-0.06103515625,-0.68359375,0.2197265625,-0.2197265625,0.0244140625,-0.244140625,-0.4150390625,-1.08642578125,-0.146484375,-0.68359375,0.01220703125,1.0009765625,0.2197265625,0.35400390625,0.03662109375,0.01220703125,-0.0732421875,0.01220703125,-0.1220703125,0.1953125,-0.2685546875,0.64697265625,-0.13427734375,0.86669921875,-0.01220703125,-0.5126953125,-0.0244140625,-0.47607421875
0,-0.18310546875,-0.3662109375,0.048828125,-0.29296875,0.28076171875,-0.40283203125,-0.1953125,-0.08544921875,0.32958984375,-0.0244140625,-0.0732421875,-0.91552734375,-0.18310546875,1.0498046875,-0.28076171875,-0.13427734375,-0.30517578125,-0.57373046875,-0.23193359375,-0.10986328125,-0.1220703125,0.87890625,0.0244140625,-0.59814453125,0.01220703125,1.79443359375,0.23193359375,2.69775390625,0.0732421875,3.7353515625,-0.048828125,2.6123046875,-0.35400390625,0.23193359375,0.18310546875,-0.9033203125,-0.048828125,-0.54931640625,-0.2685546875,-0.67138671875,-0.15869140625,-0.1953125,0.42724609375,-0.67138671875,-0.2685546875,-0.4638671875,-0.341796875,0.6103515625,0.10986328125,1.18408203125,-0.15869140625,0.50048828125,0.06103515625,0.25634765625,0.0732421875,0.732421875,-0.25634765625,0.13427734375,-0.1708984375,0,0.68359375,0.0244140625,-0.86669921875,-0.25634765625,-0.08544921875,0.35400390625,-0.29296875,1.06201171875,-0.08544921875,0.2197265625,-0.20751953125,0.20751953125,-0.30517578125,0.28076171875,-0.09765625,0.8056640625,0,0,0.1220703125,1.33056640625,0.0244140625,-0.9521484375,-0.1220703125,-0.37841796875,0.3662109375,-1.025390625,0.048828125,-0.8056640625,0.146484375,5.06591796875,-0.45166015625,3.21044921875,0.03662109375,3.759765625,-0.15869140625,3.40576171875,-0.09765625,-0.8056640625,-0.03662109375,-0.74462890625,-0.08544921875,-0.7080078125,0.25634765625,-0.20751953125,0.06103515625,-0.29296875,-0.18310546875,-1.08642578125,-0.09765625,-0.69580078125,0.0244140625,0.9765625,0.244140625,0.390625,0.0244140625,0.01220703125,-0.06103515625,0.03662109375,-0.1220703125,0.18310546875,-0.25634765625,0.6103515625,-0.146484375,0.84228515625,-0.01220703125,-0.5126953125,-0.048828125,-0.48828125
0,-0.15869140625,-0.40283203125,0.0732421875,-0.30517578125,0.25634765625,-0.439453125,-0.18310546875,-0.048828125,0.32958984375,-0.03662109375,-0.09765625,-0.9033203125,-0.2197265625,1.06201171875,-0.23193359375,-0.13427734375,-0.35400390625,-0.57373046875,-0.2197265625,-0.09765625,-0.09765625,0.86669921875,0.01220703125,-0.5859375,0.0244140625,1.3916015625,0.30517578125,1.9287109375,-0.03662109375,3.22265625,0.0732421875,2.197265625,-0.42724609375,0.25634765625,0.1220703125,-0.89111328125,-0.10986328125,-0.5615234375,-0.25634765625,-0.6591796875,-0.048828125,-0.2197265625,0.4150390625,-0.67138671875,-0.2685546875,-0.42724609375,-0.3173828125,0.59814453125,0.146484375,1.171875,-0.146484375,0.48828125,0.01220703125,0,0.01220703125,0.7080078125,-0.25634765625,0.13427734375,-0.20751953125,-0.01220703125,0.69580078125,-0.03662109375,-0.72021484375,-0.2197265625,-0.13427734375,0.45166015625,-0.2685546875,1.06201171875,-0.048828125,0.23193359375,-0.2685546875,0.20751953125,-0.2685546875,0.2685546875,-0.10986328125,0.76904296875,0,0.01220703125,0.146484375,1.318359375,0.08544921875,-0.9521484375,-0.08544921875,-0.3662109375,0.3173828125,-1.0009765625,0.06103515625,-0.8056640625,0.18310546875,6.0302734375,-0.341796875,3.7841796875,0.15869140625,4.40673828125,-0.10986328125,4.150390625,-0.1220703125,-0.81787109375,-0.08544921875,-0.74462890625,-0.08544921875,-0.7080078125,0.29296875,-0.20751953125,-0.0244140625,-0.3173828125,-0.15869140625,-1.06201171875,-0.1708984375,-0.732421875,-0.0732421875,0.927734375,0.20751953125,0.37841796875,0.03662109375,0.03662109375,-0.0732421875,0.03662109375,-0.146484375,0.1953125,-0.2197265625,0.54931640625,-0.1708984375,0.8056640625,-0.0244140625,-0.5126953125,-0.0732421875,-0.48828125
0,-0.1220703125,-0.40283203125,0.0732421875,-0.3173828125,0.2685546875,-0.45166015625,-0.15869140625,-0.0244140625,0.3173828125,-0.06103515625,-0.09765625,-0.89111328125,-0.23193359375,1.03759765625,-0.2197265625,-0.1220703125,-0.35400390625,-0.57373046875,-0.244140625,-0.10986328125,-0.06103515625,0.86669921875,0,-0.6103515625,0,0.98876953125,0.25634765625,1.171875,-0.20751953125,2.72216796875,0.10986328125,1.7578125,-0.47607421875,0.25634765625,0.08544921875,-0.89111328125,-0.1220703125,-0.5615234375,-0.25634765625,-0.62255859375,0.08544921875,-0.2197265625,0.4150390625,-0.68359375,-0.1953125,-0.40283203125,-0.3173828125,0.62255859375,0.20751953125,1.18408203125,-0.10986328125,0.48828125,-0.08544921875,-0.20751953125,-0.06103515625,0.72021484375,-0.28076171875,0.146484375,-0.1708984375,0,0.74462890625,-0.0732421875,-0.6591796875,-0.1953125,-0.1220703125,0.537109375,-0.25634765625,1.06201171875,0.01220703125,0.244140625,-0.28076171875,0.2197265625,-0.23193359375,0.23193359375,-0.0732421875,0.79345703125,0.01220703125,-0.01220703125,0.09765625,1.318359375,0.146484375,-0.96435546875,-0.06103515625,-0.35400390625,0.244140625,-0.98876953125,0.08544921875,-0.81787109375,0.18310546875,6.787109375,-0.2197265625,4.16259765625,0.20751953125,4.8583984375,-0.15869140625,4.6875,-0.13427734375,-0.8056640625,-0.13427734375,-0.78125,-0.048828125,-0.69580078125,0.29296875,-0.18310546875,-0.0244140625,-0.40283203125,-0.10986328125,-1.07421875,-0.13427734375,-0.74462890625,-0.03662109375,0.89111328125,0.15869140625,0.37841796875,0.06103515625,0.0244140625,-0.06103515625,0.01220703125,-0.13427734375,0.2197265625,-0.2197265625,0.48828125,-0.18310546875,0.8056640625,-0.0244140625,-0.5126953125,-0.08544921875,-0.50048828125
1,-0.08544921875,-0.40283203125,0.08544921875,-0.3173828125,0.2685546875,-0.439453125,-0.1708984375,-0.03662109375,0.32958984375,-0.0732421875,-0.048828125,-0.8544921875,-0.244140625,1.0498046875,-0.23193359375,-0.10986328125,-0.3173828125,-0.57373046875,-0.25634765625,-0.10986328125,0.0244140625,0.86669921875,-0.0732421875,-0.62255859375,0.01220703125,0.67138671875,0.2197265625,0.48828125,-0.29296875,2.2705078125,0.10986328125,1.416015625,-0.52490234375,0.23193359375,0.01220703125,-0.86669921875,-0.1220703125,-0.57373046875,-0.1708984375,-0.5859375,0.20751953125,-0.25634765625,0.3662109375,-0.69580078125,-0.10986328125,-0.40283203125,-0.30517578125,0.6103515625,0.29296875,1.171875,-0.09765625,0.45166015625,-0.09765625,-0.37841796875,-0.1220703125,0.7080078125,-0.3173828125,0.1708984375,-0.244140625,0.03662109375,0.72021484375,-0.09765625,-0.5615234375,-0.18310546875,-0.1708984375,0.62255859375,-0.25634765625,1.03759765625,0.06103515625,0.2197265625,-0.3173828125,0.1953125,-0.2197265625,0.1953125,0,0.830078125,0.03662109375,-0.01220703125,0.08544921875,1.30615234375,0.15869140625,-0.9765625,-0.01220703125,-0.35400390625,0.1708984375,-1.0009765625,0.03662109375,-0.8056640625,0.08544921875,7.21435546875,-0.13427734375,4.39453125,0.23193359375,5.09033203125,-0.15869140625,4.96826171875,-0.13427734375,-0.8056640625,-0.2197265625,-0.76904296875,0,-0.69580078125,0.30517578125,-0.1953125,-0.0244140625,-0.45166015625,-0.048828125,-1.123046875,-0.09765625,-0.78125,-0.06103515625,0.84228515625,0.1708984375,0.3662109375,0.09765625,0.03662109375,-0.06103515625,0.0244140625,-0.13427734375,0.2197265625,-0.244140625,0.439453125,-0.18310546875,0.830078125,-0.048828125,-0.50048828125,-0.10986328125,-0.52490234375
1,-0.08544921875,-0.390625,0.0732421875,-0.341796875,0.25634765625,-0.45166015625,-0.1708984375,-0.0244140625,0.28076171875,-0.0732421875,-0.048828125,-0.8544921875,-0.244140625,1.06201171875,-0.20751953125,-0.09765625,-0.25634765625,-0.57373046875,-0.25634765625,-0.13427734375,0.06103515625,0.8544921875,-0.13427734375,-0.6103515625,0.0244140625,0.4150390625,0.20751953125,-0.01220703125,-0.32958984375,1.96533203125,0.01220703125,1.15966796875,-0.52490234375,0.2197265625,-0.048828125,-0.86669921875,-0.10986328125,-0.54931640625,-0.1708984375,-0.537109375,0.2685546875,-0.25634765625,0.35400390625,-0.7080078125,-0.06103515625,-0.4150390625,-0.30517578125,0.6103515625,0.3173828125,1.18408203125,-0.08544921875,0.42724609375,-0.13427734375,-0.47607421875,-0.20751953125,0.68359375,-0.32958984375,0.18310546875,-0.1953125,0.0732421875,0.78125,-0.0732421875,-0.4150390625,-0.15869140625,-0.1708984375,0.7080078125,-0.18310546875,1.03759765625,0.10986328125,0.2197265625,-0.3662109375,0.1953125,-0.25634765625,0.146484375,0.0244140625,0.81787109375,0.03662109375,-0.0244140625,0.03662109375,1.28173828125,0.15869140625,-0.98876953125,0.01220703125,-0.35400390625,0.06103515625,-1.01318359375,-0.03662109375,-0.8056640625,0.15869140625,7.3486328125,-0.01220703125,4.443359375,0.23193359375,5.1513671875,-0.10986328125,4.99267578125,-0.13427734375,-0.79345703125,-0.30517578125,-0.8056640625,-0.0244140625,-0.72021484375,0.25634765625,-0.20751953125,0,-0.5126953125,-0.048828125,-1.171875,-0.0732421875,-0.78125,-0.08544921875,0.830078125,0.146484375,0.3662109375,0.10986328125,0.0244140625,-0.08544921875,0,-0.1220703125,0.244140625,-0.25634765625,0.37841796875,-0.18310546875,0.830078125,-0.03662109375,-0.50048828125,-0.146484375,-0.5126953125
1,-0.03662109375,-0.390625,0.048828125,-0.3662109375,0.25634765625,-0.45166015625,-0.1708984375,-0.03662109375,0.25634765625,-0.0732421875,-0.06103515625,-0.87890625,-0.2197265625,1.07421875,-0.2197265625,-0.10986328125,-0.2197265625,-0.57373046875,-0.25634765625,-0.13427734375,0.15869140625,0.86669921875,-0.146484375,-0.59814453125,0.03662109375,0.30517578125,0.1708984375,-0.341796875,-0.29296875,1.79443359375,-0.08544921875,1.025390625,-0.50048828125,0.18310546875,-0.146484375,-0.8544921875,-0.06103515625,-0.5126953125,-0.13427734375,-0.5126953125,0.28076171875,-0.244140625,0.35400390625,-0.7080078125,0.01220703125,-0.439453125,-0.25634765625,0.634765625,0.29296875,1.171875,-0.1220703125,0.42724609375,-0.1220703125,-0.50048828125,-0.341796875,0.68359375,-0.3662109375,0.244140625,-0.244140625,0.10986328125,0.830078125,-0.01220703125,-0.37841796875,-0.10986328125,-0.146484375,0.76904296875,-0.0732421875,1.025390625,0.1220703125,0.20751953125,-0.341796875,0.18310546875,-0.25634765625,0.146484375,0.06103515625,0.8544921875,0.048828125,-0.0244140625,0.01220703125,1.28173828125,0.146484375,-1.0009765625,0.0244140625,-0.3662109375,-0.01220703125,-1.03759765625,-0.13427734375,-0.830078125,0.18310546875,7.12890625,0.048828125,4.30908203125,0.15869140625,4.9560546875,-0.01220703125,4.78515625,-0.06103515625,-0.81787109375,-0.30517578125,-0.8056640625,0.03662109375,-0.7080078125,0.20751953125,-0.1953125,0.048828125,-0.50048828125,-0.0732421875,-1.20849609375,0,-0.76904296875,-0.10986328125,0.81787109375,0.18310546875,0.35400390625,0.1220703125,0,-0.0732421875,-0.0244140625,-0.1220703125,0.244140625,-0.244140625,0.32958984375,-0.15869140625,0.8544921875,-0.03662109375,-0.50048828125,-0.1708984375,-0.5126953125
1,-0.03662109375,-0.390625,0.048828125,-0.40283203125,0.23193359375,-0.439453125,-0.18310546875,-0.06103515625,0.2685546875,-0.048828125,-0.0244140625,-0.8544921875,-0.20751953125,1.07421875,-0.23193359375,-0.13427734375,-0.18310546875,-0.5859375,-0.25634765625,-0.13427734375,0.18310546875,0.8544921875,-0.146484375,-0.59814453125,0,0.32958984375,0.06103515625,-0.35400390625,-0.1953125,1.806640625,-0.244140625,1.025390625,-0.4638671875,0.1708984375,-0.15869140625,-0.86669921875,-0.03662109375,-0.4638671875,-0.09765625,-0.47607421875,0.1953125,-0.244140625,0.32958984375,-0.69580078125,0.03662109375,-0.45166015625,-0.1953125,0.62255859375,0.30517578125,1.18408203125,-0.13427734375,0.42724609375,-0.146484375,-0.47607421875,-0.4150390625,0.68359375,-0.35400390625,0.32958984375,-0.25634765625,0.15869140625,0.96435546875,0.0732421875,-0.29296875,-0.03662109375,-0.1220703125,0.79345703125,0.01220703125,1.01318359375,0.13427734375,0.18310546875,-0.30517578125,0.1708984375,-0.23193359375,0.13427734375,0.06103515625,0.86669921875,0.048828125,-0.03662109375,-0.01220703125,1.28173828125,0.10986328125,-1.0009765625,0.01220703125,-0.3662109375,-0.09765625,-1.06201171875,-0.1953125,-0.830078125,0.08544921875,6.640625,0.10986328125,4.0283203125,0.146484375,4.6142578125,0.0244140625,4.40673828125,-0.01220703125,-0.81787109375,-0.25634765625,-0.76904296875,0.03662109375,-0.69580078125,0.146484375,-0.1953125,0.048828125,-0.4638671875,-0.15869140625,-1.20849609375,0.048828125,-0.732421875,-0.146484375,0.86669921875,0.146484375,0.35400390625,0.1220703125,0.0244140625,-0.0732421875,-0.01220703125,-0.09765625,0.244140625,-0.2685546875,0.28076171875,-0.146484375,0.84228515625,-0.03662109375,-0.50048828125,-0.18310546875,-0.5126953125
1,-0.06103515625,-0.40283203125,0.0244140625,-0.4150390625,0.25634765625,-0.45166015625,-0.1708984375,-0.0732421875,0.244140625,-0.0244140625,-0.06103515625,-0.87890625,-0.1708984375,1.08642578125,-0.20751953125,-0.146484375,-0.13427734375,-0.5859375,-0.244140625,-0.1220703125,0.20751953125,0.8544921875,-0.0732421875,-0.62255859375,-0.03662109375,0.50048828125,0.0732421875,-0.06103515625,-0.18310546875,1.9775390625,-0.37841796875,1.23291015625,-0.4150390625,0.09765625,-0.1708984375,-0.86669921875,0.048828125,-0.4638671875,-0.048828125,-0.439453125,0.10986328125,-0.1953125,0.35400390625,-0.69580078125,-0.01220703125,-0.47607421875,-0.15869140625,0.6103515625,0.28076171875,1.15966796875,-0.146484375,0.45166015625,-0.1953125,-0.37841796875,-0.45166015625,0.67138671875,-0.244140625,0.42724609375,-0.25634765625,0.20751953125,0.96435546875,0.1953125,-0.20751953125,0.0732421875,-0.09765625,0.830078125,0.15869140625,1.025390625,0.13427734375,0.18310546875,-0.2685546875,0.146484375,-0.10986328125,0.1708984375,0.08544921875,0.84228515625,0.01220703125,-0.03662109375,-0.01220703125,1.25732421875,0.09765625,-0.98876953125,0.01220703125,-0.35400390625,-0.1953125,-1.0986328125,-0.20751953125,-0.830078125,0.048828125,5.9814453125,0.0732421875,3.662109375,0.0732421875,4.18701171875,0.06103515625,3.91845703125,0.0244140625,-0.81787109375,-0.244140625,-0.78125,0.03662109375,-0.69580078125,0.09765625,-0.1953125,0.1220703125,-0.3662109375,-0.10986328125,-1.1474609375,0.09765625,-0.6591796875,-0.10986328125,0.96435546875,0.13427734375,0.341796875,0.13427734375,0,-0.0732421875,-0.0244140625,-0.1220703125,0.244140625,-0.30517578125,0.1953125,-0.13427734375,0.84228515625,-0.01220703125,-0.50048828125,-0.18310546875,-0.54931640625
1,-0.048828125,-0.390625,0.048828125,-0.40283203125,0.25634765625,-0.42724609375,-0.1953125,-0.08544921875,0.2685546875,0.01220703125,-0.06103515625,-0.87890625,-0.1708984375,1.08642578125,-0.18310546875,-0.13427734375,-0.0732421875,-0.59814453125,-0.1953125,-0.13427734375,0.1708984375,0.84228515625,0.03662109375,-0.6103515625,-0.0244140625,0.8056640625,0.08544921875,0.52490234375,-0.09765625,2.33154296875,-0.390625,1.5625,-0.3662109375,0.0244140625,-0.146484375,-0.86669921875,0.03662109375,-0.439453125,-0.03662109375,-0.45166015625,0,-0.15869140625,0.3173828125,-0.68359375,-0.03662109375,-0.4638671875,-0.146484375,0.634765625,0.30517578125,1.1474609375,-0.2197265625,0.45166015625,-0.1708984375,-0.244140625,-0.4638671875,0.68359375,-0.18310546875,0.52490234375,-0.32958984375,0.2685546875,0.9033203125,0.341796875,-0.20751953125,0.1953125,-0.09765625,0.81787109375,0.244140625,1.0009765625,0.10986328125,0.15869140625,-0.23193359375,0.13427734375,-0.01220703125,0.1953125,0.13427734375,0.8544921875,-0.01220703125,-0.03662109375,-0.01220703125,1.26953125,0.06103515625,-1.0009765625,0,-0.3662109375,-0.29296875,-1.07421875,-0.20751953125,-0.830078125,0.03662109375,5.26123046875,0.0244140625,3.2958984375,0.048828125,3.759765625,0.1220703125,3.43017578125,0.01220703125,-0.830078125,-0.18310546875,-0.7568359375,0.01220703125,-0.67138671875,0.0732421875,-0.1953125,0.09765625,-0.23193359375,-0.09765625,-1.06201171875,0.08544921875,-0.537109375,-0.15869140625,1.123046875,0.146484375,0.341796875,0.15869140625,0,-0.0732421875,-0.0732421875,-0.10986328125,0.2197265625,-0.29296875,0.13427734375,-0.13427734375,0.830078125,0,-0.5126953125,-0.18310546875,-0.537109375
1,-0.048828125,-0.40283203125,0.0732421875,-0.37841796875,0.244140625,-0.4150390625,-0.1953125,-0.06103515625,0.30517578125,0.0244140625,-0.0732421875,-0.9033203125,-0.15869140625,1.08642578125,-0.1953125,-0.10986328125,-0.03662109375,-0.6103515625,-0.146484375,-0.1220703125,0.1220703125,0.87890625,0.146484375,-0.6103515625,-0.048828125,1.23291015625,0.048828125,1.3916015625,-0.0732421875,2.86865234375,-0.439453125,2.05078125,-0.32958984375,-0.03662109375,-0.13427734375,-0.87890625,0.03662109375,-0.439453125,0,-0.48828125,-0.10986328125,-0.1708984375,0.2685546875,-0.69580078125,-0.10986328125,-0.48828125,-0.1953125,0.59814453125,0.244140625,1.1474609375,-0.25634765625,0.47607421875,-0.13427734375,-0.0732421875,-0.45166015625,0.7080078125,-0.06103515625,0.634765625,-0.29296875,0.30517578125,0.93994140625,0.50048828125,-0.1220703125,0.32958984375,-0.1220703125,0.830078125,0.35400390625,1.0009765625,0.0732421875,0.13427734375,-0.146484375,0.146484375,0.1220703125,0.23193359375,0.1220703125,0.830078125,-0.0244140625,-0.01220703125,0,1.26953125,0.01220703125,-0.9765625,-0.03662109375,-0.35400390625,-0.32958984375,-1.07421875,-0.146484375,-0.8056640625,0.0732421875,4.57763671875,-0.06103515625,2.9541015625,0.0732421875,3.38134765625,0.146484375,3.02734375,-0.06103515625,-0.81787109375,-0.1220703125,-0.78125,0.01220703125,-0.68359375,0.10986328125,-0.1953125,0.03662109375,-0.048828125,-0.1953125,-0.91552734375,0.0732421875,-0.42724609375,-0.15869140625,1.28173828125,0.146484375,0.32958984375,0.13427734375,-0.01220703125,-0.0732421875,-0.06103515625,-0.1220703125,0.2197265625,-0.29296875,0.0732421875,-0.09765625,0.830078125,0.0244140625,-0.52490234375,-0.15869140625,-0.54931640625
1,-0.0732421875,-0.390625,0.0732421875,-0.341796875,0.23193359375,-0.4150390625,-0.23193359375,-0.03662109375,0.3173828125,0.03662109375,-0.0732421875,-0.9033203125,-0.1220703125,1.08642578125,-0.18310546875,-0.06103515625,-0.0732421875,-0.59814453125,-0.0732421875,-0.1220703125,0.048828125,0.8544921875,0.29296875,-0.6103515625,-0.048828125,1.77001953125,0.146484375,2.4658203125,-0.03662109375,3.55224609375,-0.390625,2.6611328125,-0.2685546875,-0.1220703125,-0.1220703125,-0.89111328125,0,-0.45166015625,0.01220703125,-0.54931640625,-0.15869140625,-0.1708984375,0.2685546875,-0.68359375,-0.15869140625,-0.47607421875,-0.2197265625,0.5859375,0.146484375,1.1474609375,-0.3173828125,0.48828125,-0.2685546875,0.01220703125,-0.50048828125,0.72021484375,0,0.74462890625,-0.32958984375,0.35400390625,0.93994140625,0.62255859375,-0.1220703125,0.4638671875,-0.13427734375,0.81787109375,0.40283203125,1.01318359375,0.0732421875,0.146484375,-0.1220703125,0.15869140625,0.2197265625,0.25634765625,0.06103515625,0.830078125,-0.06103515625,-0.0244140625,-0.01220703125,1.28173828125,0.0244140625,-0.9765625,-0.0732421875,-0.341796875,-0.35400390625,-1.07421875,-0.06103515625,-0.78125,0.06103515625,4.01611328125,-0.10986328125,2.69775390625,0.06103515625,3.08837890625,0.08544921875,2.734375,-0.146484375,-0.830078125,-0.0732421875,-0.76904296875,0.01220703125,-0.67138671875,0.15869140625,-0.1953125,-0.0244140625,0.13427734375,-0.244140625,-0.74462890625,0.03662109375,-0.29296875,-0.15869140625,1.47705078125,0.13427734375,0.341796875,0.13427734375,-0.01220703125,-0.08544921875,-0.0732421875,-0.1220703125,0.2197265625,-0.2685546875,0.03662109375,-0.10986328125,0.79345703125,0.03662109375,-0.52490234375,-0.1220703125,-0.537109375
1,-0.06103515625,-0.40283203125,0.08544921875,-0.3173828125,0.20751953125,-0.4150390625,-0.25634765625,-0.0244140625,0.28076171875,0,-0.03662109375,-0.89111328125,-0.13427734375,1.06201171875,-0.20751953125,-0.048828125,-0.15869140625,-0.6103515625,-0.03662109375,-0.13427734375,0.01220703125,0.87890625,0.35400390625,-0.62255859375,0.01220703125,2.392578125,0.1953125,3.6865234375,-0.01220703125,4.35791015625,-0.29296875,3.35693359375,-0.30517578125,-0.15869140625,-0.0732421875,-0.91552734375,-0.048828125,-0.4638671875,0.03662109375,-0.634765625,-0.15869140625,-0.18310546875,0.20751953125,-0.67138671875,-0.1953125,-0.4638671875,-0.244140625,0.5859375,0.09765625,1.13525390625,-0.341796875,0.48828125,-0.18310546875,0.08544921875,-0.48828125,0.7080078125,0.08544921875,0.8056640625,-0.2685546875,0.40283203125,0.9033203125,0.69580078125,-0.08544921875,0.5615234375,-0.146484375,0.79345703125,0.4150390625,1.0009765625,0.08544921875,0.18310546875,-0.10986328125,0.15869140625,0.29296875,0.25634765625,0.03662109375,0.84228515625,-0.0732421875,0,0.01220703125,1.28173828125,-0.0244140625,-0.9765625,-0.10986328125,-0.341796875,-0.29296875,-1.03759765625,0,-0.79345703125,0.18310546875,3.662109375,-0.09765625,2.55126953125,0.0732421875,2.9296875,0.0244140625,2.5634765625,-0.20751953125,-0.830078125,-0.0732421875,-0.76904296875,0,-0.68359375,0.23193359375,-0.1953125,-0.0732421875,0.23193359375,-0.18310546875,-0.6591796875,0.0244140625,-0.23193359375,-0.1220703125,1.5869140625,0.1220703125,0.35400390625,0.13427734375,-0.01220703125,-0.08544921875,-0.06103515625,-0.09765625,0.1953125,-0.2685546875,0.01220703125,-0.1220703125,0.81787109375,0.048828125,-0.537109375,-0.10986328125,-0.537109375
1,-0.09765625,-0.4150390625,0.0732421875,-0.30517578125,0.20751953125,-0.42724609375,-0.2685546875,-0.01220703125,0.2685546875,-0.03662109375,-0.06103515625,-0.86669921875,-0.146484375,1.0498046875,-0.18310546875,-0.01220703125,-0.2197265625,-0.5859375,-0.03662109375,-0.1220703125,-0.03662109375,0.9033203125,0.35400390625,-0.6103515625,0.0244140625,3.0517578125,0.1953125,4.94384765625,-0.0732421875,5.21240234375,-0.20751953125,4.1015625,-0.341796875,-0.20751953125,-0.0732421875,-0.89111328125,-0.08544921875,-0.48828125,0.01220703125,-0.72021484375,-0.10986328125,-0.1953125,0.1953125,-0.6591796875,-0.1953125,-0.4638671875,-0.29296875,0.5859375,0.0732421875,1.15966796875,-0.341796875,0.47607421875,-0.1708984375,0.0732421875,-0.45166015625,0.7080078125,0.10986328125,0.81787109375,-0.28076171875,0.4150390625,0.89111328125,0.732421875,-0.06103515625,0.62255859375,-0.08544921875,0.7568359375,0.439453125,1.0009765625,0.09765625,0.20751953125,-0.0732421875,0.1708984375,0.30517578125,0.2685546875,-0.048828125,0.84228515625,-0.08544921875,0.01220703125,0.01220703125,1.2939453125,-0.03662109375,-0.9765625,-0.10986328125,-0.35400390625,-0.1953125,-1.025390625,0.03662109375,-0.79345703125,0.10986328125,3.52783203125,-0.0732421875,2.490234375,0.048828125,2.91748046875,-0.0732421875,2.55126953125,-0.20751953125,-0.830078125,-0.10986328125,-0.7568359375,-0.01220703125,-0.7080078125,0.29296875,-0.18310546875,-0.09765625,0.29296875,-0.23193359375,-0.59814453125,0.0244140625,-0.1953125,-0.1220703125,1.6357421875,0.13427734375,0.341796875,0.1220703125,-0.0244140625,-0.06103515625,-0.03662109375,-0.09765625,0.18310546875,-0.2197265625,0,-0.1220703125,0.8056640625,0.06103515625,-0.537109375,-0.10986328125,-0.52490234375
1,-0.08544921875,-0.40283203125,0.06103515625,-0.3173828125,0.1953125,-0.4150390625,-0.28076171875,-0.01220703125,0.25634765625,-0.09765625,-0.06103515625,-0.89111328125,-0.146484375,1.0498046875,-0.18310546875,-0.03662109375,-0.28076171875,-0.59814453125,-0.09765625,-0.13427734375,-0.06103515625,0.91552734375,0.3173828125,-0.62255859375,0.08544921875,3.74755859375,0.25634765625,6.1767578125,-0.10986328125,6.04248046875,0,4.833984375,-0.35400390625,-0.25634765625,-0.0732421875,-0.89111328125,-0.146484375,-0.5126953125,0,-0.8056640625,-0.0732421875,-0.1953125,0.146484375,-0.6591796875,-0.1953125,-0.45166015625,-0.341796875,0.59814453125,0.06103515625,1.18408203125,-0.390625,0.4638671875,-0.15869140625,0.01220703125,-0.42724609375,0.72021484375,0.1220703125,0.84228515625,-0.244140625,0.40283203125,0.830078125,0.7080078125,-0.13427734375,0.59814453125,-0.0244140625,0.69580078125,0.4638671875,1.01318359375,0.13427734375,0.23193359375,-0.08544921875,0.1708984375,0.30517578125,0.2197265625,-0.09765625,0.84228515625,-0.10986328125,0,0.03662109375,1.2939453125,-0.03662109375,-0.9521484375,-0.09765625,-0.341796875,-0.10986328125,-1.01318359375,0.048828125,-0.79345703125,0.03662109375,3.57666015625,-0.048828125,2.50244140625,-0.01220703125,2.99072265625,-0.1220703125,2.63671875,-0.1708984375,-0.81787109375,-0.15869140625,-0.76904296875,-0.03662109375,-0.68359375,0.3173828125,-0.18310546875,-0.0732421875,0.25634765625,-0.29296875,-0.64697265625,0,-0.23193359375,-0.13427734375,1.5869140625,0.1220703125,0.32958984375,0.13427734375,-0.0244140625,-0.06103515625,-0.0244140625,-0.09765625,0.15869140625,-0.20751953125,-0.0244140625,-0.13427734375,0.8056640625,0.0732421875,-0.537109375,-0.10986328125,-0.5126953125
1,-0.03662109375,-0.390625,0.03662109375,-0.32958984375,0.1708984375,-0.439453125,-0.25634765625,-0.01220703125,0.23193359375,-0.13427734375,-0.03662109375,-0.8544921875,-0.1708984375,1.0498046875,-0.1708984375,-0.03662109375,-0.28076171875,-0.5859375,-0.1953125,-0.1220703125,-0.048828125,0.927734375,0.2197265625,-0.6103515625,0.1220703125,4.345703125,0.15869140625,7.275390625,-0.09765625,6.82373046875,0.10986328125,5.48095703125,-0.32958984375,-0.30517578125,-0.09765625,-0.87890625,-0.13427734375,-0.50048828125,-0.06103515625,-0.8544921875,-0.0244140625,-0.20751953125,0.1708984375,-0.6591796875,-0.18310546875,-0.439453125,-0.40283203125,0.62255859375,0.09765625,1.20849609375,-0.42724609375,0.45166015625,-0.03662109375,-0.048828125,-0.37841796875,0.69580078125,0.10986328125,0.81787109375,-0.23193359375,0.40283203125,0.78125,0.64697265625,-0.1220703125,0.57373046875,0.03662109375,0.64697265625,0.390625,1.01318359375,0.146484375,0.25634765625,-0.08544921875,0.1708984375,0.25634765625,0.2197265625,-0.1220703125,0.87890625,-0.10986328125,0.01220703125,0.048828125,1.2939453125,-0.08544921875,-0.9521484375,-0.06103515625,-0.3662109375,0.03662109375,-0.98876953125,0.01220703125,-0.78125,-0.048828125,3.7353515625,0.01220703125,2.587890625,-0.1220703125,3.1005859375,-0.146484375,2.783203125,-0.09765625,-0.8056640625,-0.1708984375,-0.74462890625,-0.03662109375,-0.7080078125,0.35400390625,-0.1953125,-0.08544921875,0.1220703125,-0.1953125,-0.732421875,0,-0.32958984375,-0.13427734375,1.45263671875,0.09765625,0.35400390625,0.10986328125,-0.01220703125,-0.0732421875,-0.0244140625,-0.0732421875,0.146484375,-0.2197265625,-0.01220703125,-0.13427734375,0.79345703125,0.10986328125,-0.537109375,-0.09765625,-0.52490234375
1,0.01220703125,-0.3662109375,0.01220703125,-0.35400390625,0.146484375,-0.4638671875,-0.244140625,-0.03662109375,0.244140625,-0.13427734375,-0.03662109375,-0.87890625,-0.1708984375,1.0498046875,-0.15869140625,-0.06103515625,-0.2197265625,-0.59814453125,-0.2685546875,-0.1220703125,-0.06103515625,0.91552734375,0.13427734375,-0.6103515625,0.1220703125,4.87060546875,0.08544921875,8.14208984375,-0.08544921875,7.45849609375,0.18310546875,5.99365234375,-0.3173828125,-0.29296875,-0.13427734375,-0.8544921875,-0.13427734375,-0.5126953125,-0.1220703125,-0.9033203125,-0.0244140625,-0.1953125,0.20751953125,-0.6591796875,-0.1708984375,-0.439453125,-0.42724609375,0.64697265625,0.10986328125,1.1962890625,-0.40283203125,0.42724609375,-0.10986328125,-0.1220703125,-0.341796875,0.69580078125,0.0732421875,0.74462890625,-0.244140625,0.37841796875,0.72021484375,0.537109375,-0.25634765625,0.50048828125,0.09765625,0.6103515625,0.30517578125,1.01318359375,0.146484375,0.28076171875,-0.13427734375,0.15869140625,0.25634765625,0.1953125,-0.13427734375,0.9033203125,-0.08544921875,0,0.0244140625,1.30615234375,-0.10986328125,-0.9521484375,-0.0244140625,-0.3662109375,0.1708984375,-0.9765625,0,-0.78125,-0.13427734375,3.9306640625,0.03662109375,2.685546875,-0.1953125,3.22265625,-0.13427734375,2.89306640625,-0.0244140625,-0.8056640625,-0.15869140625,-0.7568359375,-0.01220703125,-0.72021484375,0.32958984375,-0.1953125,-0.06103515625,-0.0732421875,-0.09765625,-0.87890625,0,-0.4638671875,-0.08544921875,1.23291015625,0.06103515625,0.3173828125,0.08544921875,0.01220703125,-0.06103515625,-0.03662109375,-0.0732421875,0.146484375,-0.20751953125,-0.03662109375,-0.146484375,0.78125,0.10986328125,-0.52490234375,-0.10986328125,-0.52490234375
1,0.0244140625,-0.3662109375,-0.01220703125,-0.35400390625,0.10986328125,-0.4638671875,-0.25634765625,-0.0244140625,0.18310546875,-0.146484375,-0.03662109375,-0.86669921875,-0.15869140625,1.06201171875,-0.15869140625,-0.09765625,-0.2197265625,-0.5859375,-0.3173828125,-0.13427734375,-0.08544921875,0.9033203125,0.08544921875,-0.59814453125,0.09765625,5.26123046875,0.048828125,8.75244140625,-0.03662109375,7.89794921875,0.146484375,6.35986328125,-0.3173828125,-0.30517578125,-0.2197265625,-0.830078125,-0.10986328125,-0.4638671875,-0.1708984375,-0.9033203125,-0.0244140625,-0.1953125,0.244140625,-0.67138671875,-0.13427734375,-0.45166015625,-0.45166015625,0.6591796875,0.09765625,1.18408203125,-0.32958984375,0.42724609375,-0.08544921875,-0.2197265625,-0.2685546875,0.7080078125,0.0732421875,0.67138671875,-0.244140625,0.32958984375,0.72021484375,0.4150390625,-0.341796875,0.40283203125,0.13427734375,0.5859375,0.20751953125,1.01318359375,0.146484375,0.2685546875,-0.20751953125,0.13427734375,0.20751953125,0.15869140625,-0.146484375,0.927734375,-0.0244140625,0,0,1.28173828125,-0.146484375,-0.96435546875,0,-0.390625,0.2197265625,-1.0009765625,-0.0244140625,-0.8056640625,-0.1953125,4.04052734375,0.048828125,2.7099609375,-0.2685546875,3.271484375,-0.08544921875,2.9296875,0,-0.8056640625,-0.10986328125,-0.74462890625,0.0244140625,-0.7080078125,0.25634765625,-0.20751953125,-0.048828125,-0.2685546875,-0.06103515625,-0.9765625,-0.0244140625,-0.62255859375,-0.146484375,1.01318359375,0.01220703125,0.35400390625,0.06103515625,0.01220703125,-0.0732421875,-0.0244140625,-0.0732421875,0.15869140625,-0.20751953125,-0.048828125,-0.146484375,0.79345703125,0.10986328125,-0.50048828125,-0.1220703125,-0.52490234375
0,0.06103515625,-0.35400390625,0.0244140625,-0.341796875,0.06103515625,-0.4638671875,-0.23193359375,-0.06103515625,0.15869140625,-0.1220703125,-0.0244140625,-0.87890625,-0.146484375,1.07421875,-0.15869140625,-0.1220703125,-0.244140625,-0.5859375,-0.37841796875,-0.1220703125,-0.09765625,0.87890625,0.03662109375,-0.59814453125,0.08544921875,5.43212890625,0.0244140625,9.0576171875,-0.0244140625,8.1298828125,0.03662109375,6.54296875,-0.3173828125,-0.32958984375,-0.390625,-0.830078125,-0.08544921875,-0.45166015625,-0.20751953125,-0.8544921875,0.01220703125,-0.15869140625,0.3173828125,-0.67138671875,-0.10986328125,-0.4638671875,-0.42724609375,0.68359375,0.09765625,1.18408203125,-0.30517578125,0.42724609375,-0.09765625,-0.25634765625,-0.146484375,0.68359375,0,0.6103515625,-0.23193359375,0.28076171875,0.7568359375,0.30517578125,-0.45166015625,0.29296875,0.20751953125,0.537109375,0.10986328125,1.01318359375,0.13427734375,0.25634765625,-0.244140625,0.15869140625,0.08544921875,0.15869140625,-0.1708984375,0.93994140625,0.0244140625,0,-0.03662109375,1.2939453125,-0.13427734375,-0.9765625,0.01220703125,-0.390625,0.2685546875,-1.01318359375,-0.0244140625,-0.81787109375,-0.2197265625,3.94287109375,0.048828125,2.63671875,-0.3173828125,3.18603515625,-0.03662109375,2.8076171875,0,-0.8056640625,-0.0732421875,-0.7568359375,0.06103515625,-0.7080078125,0.1708984375,-0.20751953125,-0.01220703125,-0.390625,0.0244140625,-0.9765625,0.03662109375,-0.69580078125,-0.09765625,0.89111328125,0.01220703125,0.341796875,0.08544921875,0.048828125,-0.0732421875,-0.048828125,-0.048828125,0.1708984375,-0.2197265625,-0.09765625,-0.1220703125,0.78125,0.08544921875,-0.50048828125,-0.1220703125,-0.52490234375
0,0.10986328125,-0.35400390625,0.0244140625,-0.37841796875,0.048828125,-0.45166015625,-0.244140625,-0.0732421875,0.146484375,-0.0732421875,-0.0244140625,-0.86669921875,-0.15869140625,1.0986328125,-0.146484375,-0.1220703125,-0.28076171875,-0.5859375,-0.390625,-0.09765625,-0.146484375,0.86669921875,0.08544921875,-0.59814453125,0.01220703125,5.4443359375,0.0244140625,9.02099609375,-0.0244140625,8.1298828125,-0.146484375,6.494140625,-0.35400390625,-0.37841796875,-0.50048828125,-0.84228515625,-0.08544921875,-0.439453125,-0.20751953125,-0.81787109375,0,-0.15869140625,0.3173828125,-0.67138671875,-0.08544921875,-0.47607421875,-0.3662109375,0.68359375,0.10986328125,1.15966796875,-0.3173828125,0.45166015625,-0.1708984375,-0.25634765625,-0.03662109375,0.69580078125,-0.03662109375,0.537109375,-0.244140625,0.23193359375,0.7080078125,0.1953125,-0.52490234375,0.18310546875,0.20751953125,0.54931640625,0.048828125,1.0009765625,0.09765625,0.244140625,-0.25634765625,0.1708984375,-0.0244140625,0.18310546875,-0.2197265625,0.927734375,0.10986328125,-0.01220703125,-0.09765625,1.2939453125,-0.08544921875,-1.0009765625,0.0244140625,-0.37841796875,0.25634765625,-1.03759765625,-0.01220703125,-0.81787109375,-0.08544921875,3.6376953125,0.06103515625,2.45361328125,-0.2685546875,2.9541015625,0.0244140625,2.55126953125,-0.0244140625,-0.830078125,-0.01220703125,-0.7568359375,0.08544921875,-0.7080078125,0.08544921875,-0.20751953125,0,-0.390625,0.0732421875,-0.78125,0.06103515625,-0.69580078125,-0.15869140625,0.89111328125,-0.0244140625,0.341796875,0.06103515625,0.048828125,-0.0732421875,-0.03662109375,-0.06103515625,0.18310546875,-0.23193359375,-0.09765625,-0.1220703125,0.79345703125,0.0732421875,-0.47607421875,-0.09765625,-0.537109375
0,0.09765625,-0.32958984375,0.0244140625,-0.37841796875,0.048828125,-0.439453125,-0.28076171875,-0.08544921875,0.1220703125,-0.048828125,-0.01220703125,-0.87890625,-0.18310546875,1.11083984375,-0.1220703125,-0.13427734375,-0.3173828125,-0.5859375,-0.3662109375,-0.08544921875,-0.15869140625,0.8544921875,0.13427734375,-0.6103515625,-0.0732421875,5.26123046875,0.01220703125,8.6669921875,-0.06103515625,7.92236328125,-0.29296875,6.26220703125,-0.3662109375,-0.37841796875,-0.5615234375,-0.84228515625,-0.06103515625,-0.4150390625,-0.25634765625,-0.76904296875,0.048828125,-0.18310546875,0.3173828125,-0.67138671875,-0.0732421875,-0.48828125,-0.30517578125,0.6591796875,0.146484375,1.1474609375,-0.3662109375,0.4638671875,-0.0244140625,-0.244140625,0.0732421875,0.69580078125,-0.048828125,0.50048828125,-0.2197265625,0.18310546875,0.69580078125,0.13427734375,-0.5126953125,0.1220703125,0.1953125,0.5615234375,-0.01220703125,1.0009765625,0.03662109375,0.23193359375,-0.2685546875,0.1708984375,-0.10986328125,0.2197265625,-0.20751953125,0.89111328125,0.15869140625,0,-0.1220703125,1.2939453125,-0.06103515625,-0.9765625,0.01220703125,-0.3662109375,0.18310546875,-1.03759765625,0.0244140625,-0.830078125,-0.0732421875,3.03955078125,0.0732421875,2.16064453125,-0.20751953125,2.6123046875,0.01220703125,2.099609375,-0.08544921875,-0.8056640625,-0.01220703125,-0.732421875,0.09765625,-0.69580078125,0.01220703125,-0.1953125,0,-0.1953125,0.01220703125,-0.3662109375,0.06103515625,-0.54931640625,-0.1953125,1.11083984375,-0.06103515625,0.341796875,0.06103515625,0.06103515625,-0.0732421875,-0.048828125,-0.0732421875,0.20751953125,-0.2685546875,-0.1220703125,-0.08544921875,0.732421875,0.048828125,-0.4638671875,-0.10986328125,-0.5615234375
0,0.08544921875,-0.32958984375,0.048828125,-0.390625,0.03662109375,-0.439453125,-0.244140625,-0.09765625,0.0732421875,0,-0.01220703125,-0.86669921875,-0.18310546875,1.123046875,-0.09765625,-0.146484375,-0.32958984375,-0.59814453125,-0.3662109375,-0.09765625,-0.13427734375,0.84228515625,0.1953125,-0.59814453125,-0.1708984375,4.89501953125,-0.0244140625,8.04443359375,-0.1708984375,7.45849609375,-0.37841796875,5.859375,-0.341796875,-0.40283203125,-0.52490234375,-0.8544921875,-0.08544921875,-0.439453125,-0.23193359375,-0.74462890625,0.10986328125,-0.1953125,0.28076171875,-0.67138671875,-0.08544921875,-0.48828125,-0.2197265625,0.64697265625,0.1708984375,1.13525390625,-0.42724609375,0.47607421875,-0.048828125,-0.15869140625,0.1953125,0.69580078125,-0.1220703125,0.50048828125,-0.2197265625,0.146484375,0.67138671875,0.09765625,-0.537109375,0.0732421875,0.20751953125,0.5859375,-0.08544921875,1.0009765625,-0.01220703125,0.20751953125,-0.23193359375,0.1708984375,-0.18310546875,0.23193359375,-0.18310546875,0.86669921875,0.1708984375,-0.01220703125,-0.10986328125,1.2939453125,0.01220703125,-0.98876953125,0.0244140625,-0.390625,0.06103515625,-1.03759765625,0.06103515625,-0.81787109375,0.048828125,2.18505859375,0.0244140625,1.7333984375,-0.10986328125,2.099609375,-0.048828125,1.5380859375,-0.10986328125,-0.81787109375,0.01220703125,-0.74462890625,0.08544921875,-0.69580078125,-0.03662109375,-0.20751953125,-0.048828125,0.20751953125,-0.03662109375,0.30517578125,0.01220703125,-0.2197265625,-0.2197265625,1.5380859375,-0.0732421875,0.35400390625,0.048828125,0.06103515625,-0.06103515625,-0.0732421875,-0.08544921875,0.2197265625,-0.28076171875,-0.15869140625,-0.08544921875,0.76904296875,0.01220703125,-0.47607421875,-0.13427734375,-0.5615234375
0,0.09765625,-0.341796875,0.06103515625,-0.37841796875,0.03662109375,-0.4150390625,-0.244140625,-0.08544921875,0.08544921875,0.0244140625,-0.0244140625,-0.89111328125,-0.18310546875,1.0986328125,-0.06103515625,-0.1708984375,-0.28076171875,-0.57373046875,-0.30517578125,-0.08544921875,-0.10986328125,0.8544921875,0.2197265625,-0.59814453125,-0.2685546875,4.39453125,-0.048828125,7.2021484375,-0.25634765625,6.82373046875,-0.40283203125,5.31005859375,-0.341796875,-0.4150390625,-0.5126953125,-0.87890625,-0.10986328125,-0.4638671875,-0.2197265625,-0.7080078125,0.15869140625,-0.18310546875,0.18310546875,-0.67138671875,-0.0732421875,-0.5126953125,-0.13427734375,0.6591796875,0.23193359375,1.123046875,-0.4638671875,0.48828125,-0.09765625,-0.10986328125,0.25634765625,0.67138671875,-0.1708984375,0.45166015625,-0.20751953125,0.13427734375,0.67138671875,0.09765625,-0.59814453125,0.08544921875,0.13427734375,0.5859375,-0.146484375,1.0009765625,-0.09765625,0.1708984375,-0.23193359375,0.1708984375,-0.25634765625,0.244140625,-0.18310546875,0.830078125,0.18310546875,0,-0.06103515625,1.30615234375,0.0732421875,-1.0009765625,0.01220703125,-0.3662109375,-0.08544921875,-1.03759765625,0.10986328125,-0.830078125,0.1953125,1.20849609375,0.048828125,1.25732421875,0,1.52587890625,-0.048828125,0.9033203125,-0.13427734375,-0.830078125,0.03662109375,-0.76904296875,0.03662109375,-0.68359375,-0.0732421875,-0.1953125,-0.10986328125,0.81787109375,-0.0244140625,1.26953125,-0.03662109375,0.2685546875,-0.25634765625,2.197265625,-0.09765625,0.3662109375,0.06103515625,0.048828125,-0.06103515625,-0.048828125,-0.08544921875,0.244140625,-0.25634765625,-0.146484375,-0.10986328125,0.7568359375,0.01220703125,-0.48828125,-0.13427734375,-0.5615234375
0,0.1220703125,-0.341796875,0.06103515625,-0.37841796875,-0.01220703125,-0.40283203125,-0.244140625,-0.0732421875,0.06103515625,0.048828125,-0.01220703125,-0.87890625,-0.18310546875,1.123046875,-0.06103515625,-0.146484375,-0.2197265625,-0.57373046875,-0.244140625,-0.08544921875,-0.06103515625,0.86669921875,0.244140625,-0.5859375,-0.3173828125,3.79638671875,-0.048828125,6.21337890625,-0.40283203125,6.06689453125,-0.390625,4.638671875,-0.341796875,-0.439453125,-0.439453125,-0.9033203125,-0.13427734375,-0.50048828125,-0.15869140625,-0.68359375,0.15869140625,-0.1953125,0.1220703125,-0.67138671875,-0.0732421875,-0.50048828125,-0.1220703125,0.64697265625,0.23193359375,1.13525390625,-0.4638671875,0.50048828125,-0.0732421875,0,0.3173828125,0.68359375,-0.146484375,0.47607421875,-0.1220703125,0.1220703125,0.79345703125,0.13427734375,-0.634765625,0.0732421875,0.10986328125,0.62255859375,-0.1708984375,1.01318359375,-0.146484375,0.1708984375,-0.20751953125,0.18310546875,-0.3173828125,0.2685546875,-0.15869140625,0.830078125,0.18310546875,0.01220703125,-0.03662109375,1.28173828125,0.13427734375,-0.9765625,0.01220703125,-0.35400390625,-0.20751953125,-1.03759765625,0.1220703125,-0.81787109375,0.341796875,0.2197265625,0.048828125,0.78125,0.0732421875,0.96435546875,-0.03662109375,0.2685546875,-0.1220703125,-0.830078125,0.01220703125,-0.7568359375,0,-0.68359375,-0.048828125,-0.1953125,-0.0732421875,1.57470703125,0.08544921875,2.4169921875,-0.03662109375,0.87890625,-0.18310546875,3.02734375,-0.1220703125,0.37841796875,0.048828125,0.0244140625,-0.06103515625,-0.03662109375,-0.06103515625,0.25634765625,-0.23193359375,-0.1220703125,-0.1220703125,0.7568359375,0,-0.48828125,-0.15869140625,-0.5615234375
0,0.1220703125,-0.37841796875,0.048828125,-0.37841796875,-0.0244140625,-0.390625,-0.25634765625,-0.048828125,0.048828125,0.0244140625,-0.03662109375,-0.89111328125,-0.1953125,1.08642578125,-0.06103515625,-0.13427734375,-0.1953125,-0.57373046875,-0.1953125,-0.0732421875,0.03662109375,0.8544921875,0.244140625,-0.6103515625,-0.35400390625,3.1494140625,-0.048828125,5.126953125,-0.50048828125,5.28564453125,-0.35400390625,3.955078125,-0.32958984375,-0.40283203125,-0.37841796875,-0.87890625,-0.18310546875,-0.50048828125,-0.0732421875,-0.69580078125,0.15869140625,-0.1953125,0.0244140625,-0.67138671875,-0.0732421875,-0.47607421875,-0.08544921875,0.634765625,0.20751953125,1.13525390625,-0.42724609375,0.50048828125,-0.10986328125,0.06103515625,0.32958984375,0.67138671875,-0.15869140625,0.48828125,-0.048828125,0.13427734375,0.86669921875,0.1708984375,-0.67138671875,0.08544921875,0.09765625,0.62255859375,-0.2197265625,1.01318359375,-0.18310546875,0.18310546875,-0.1708984375,0.1953125,-0.37841796875,0.28076171875,-0.146484375,0.81787109375,0.1953125,0.01220703125,0.03662109375,1.30615234375,0.146484375,-0.9765625,0,-0.3662109375,-0.244140625,-1.025390625,0.09765625,-0.8056640625,0.40283203125,-0.68359375,0.048828125,0.37841796875,0.0732421875,0.47607421875,-0.03662109375,-0.28076171875,-0.15869140625,-0.81787109375,0.0244140625,-0.76904296875,-0.01220703125,-0.67138671875,-0.03662109375,-0.1953125,-0.13427734375,2.42919921875,0.08544921875,3.6865234375,-0.09765625,1.5380859375,-0.15869140625,3.9306640625,-0.13427734375,0.341796875,0.0732421875,0.0244140625,-0.06103515625,-0.03662109375,-0.048828125,0.244140625,-0.1953125,-0.08544921875,-0.1220703125,0.76904296875,0,-0.5126953125,-0.146484375,-0.5615234375
0,0.13427734375,-0.37841796875,0.06103515625,-0.35400390625,-0.048828125,-0.37841796875,-0.25634765625,-0.048828125,0.03662109375,0.01220703125,-0.0244140625,-0.87890625,-0.20751953125,1.07421875,-0.0732421875,-0.09765625,-0.13427734375,-0.5615234375,-0.18310546875,-0.09765625,0.09765625,0.86669921875,0.18310546875,-0.6103515625,-0.341796875,2.4658203125,0.01220703125,4.01611328125,-0.537109375,4.45556640625,-0.28076171875,3.23486328125,-0.30517578125,-0.37841796875,-0.29296875,-0.9033203125,-0.23193359375,-0.5126953125,-0.0244140625,-0.72021484375,0.09765625,-0.1953125,0,-0.6591796875,-0.09765625,-0.4638671875,-0.0732421875,0.62255859375,0.2197265625,1.13525390625,-0.4150390625,0.47607421875,-0.10986328125,0.10986328125,0.341796875,0.68359375,-0.15869140625,0.47607421875,-0.06103515625,0.13427734375,0.91552734375,0.23193359375,-0.732421875,0.10986328125,0.048828125,0.62255859375,-0.244140625,1.0498046875,-0.23193359375,0.20751953125,-0.146484375,0.1953125,-0.390625,0.30517578125,-0.1708984375,0.81787109375,0.18310546875,0.03662109375,0.13427734375,1.2939453125,0.13427734375,-0.98876953125,0.01220703125,-0.35400390625,-0.25634765625,-1.025390625,0.0732421875,-0.8056640625,0.439453125,-1.318359375,0.1220703125,0.0732421875,0.06103515625,0.09765625,0.01220703125,-0.6591796875,-0.20751953125,-0.8056640625,0.01220703125,-0.76904296875,-0.03662109375,-0.68359375,0.0244140625,-0.20751953125,-0.0732421875,3.271484375,0.146484375,4.99267578125,-0.09765625,2.2216796875,-0.08544921875,4.82177734375,-0.1220703125,0.3662109375,0.09765625,-0.01220703125,-0.06103515625,-0.048828125,-0.03662109375,0.244140625,-0.18310546875,-0.0244140625,-0.146484375,0.79345703125,0,-0.54931640625,-0.18310546875,-0.5615234375
0,0.1220703125,-0.390625,0.0732421875,-0.341796875,-0.048828125,-0.390625,-0.23193359375,-0.048828125,0.0244140625,-0.03662109375,-0.048828125,-0.8544921875,-0.20751953125,1.07421875,-0.06103515625,-0.09765625,-0.10986328125,-0.5615234375,-0.1708984375,-0.10986328125,0.1220703125,0.87890625,0.1708984375,-0.59814453125,-0.29296875,1.8310546875,0.0244140625,2.9541015625,-0.52490234375,3.64990234375,-0.23193359375,2.55126953125,-0.30517578125,-0.341796875,-0.1953125,-0.86669921875,-0.25634765625,-0.48828125,0.03662109375,-0.7568359375,0.048828125,-0.1708984375,0.01220703125,-0.6591796875,-0.09765625,-0.45166015625,-0.08544921875,0.634765625,0.20751953125,1.1474609375,-0.45166015625,0.439453125,-0.10986328125,0.06103515625,0.390625,0.69580078125,-0.13427734375,0.47607421875,-0.01220703125,0.146484375,1.01318359375,0.30517578125,-0.7568359375,0.13427734375,0.03662109375,0.6103515625,-0.23193359375,1.025390625,-0.23193359375,0.23193359375,-0.1220703125,0.20751953125,-0.40283203125,0.30517578125,-0.15869140625,0.79345703125,0.20751953125,0.03662109375,0.1953125,1.2939453125,0.08544921875,-0.9765625,0.0732421875,-0.35400390625,-0.244140625,-1.0009765625,0.0244140625,-0.79345703125,0.4150390625,-1.64794921875,0.146484375,-0.03662109375,-0.048828125,-0.048828125,0.01220703125,-0.84228515625,-0.2197265625,-0.81787109375,0.03662109375,-0.79345703125,-0.06103515625,-0.68359375,0.08544921875,-0.18310546875,-0.01220703125,4.0283203125,0.08544921875,6.15234375,-0.06103515625,2.83203125,0,5.6396484375,-0.13427734375,0.341796875,0.08544921875,-0.0244140625,-0.06103515625,-0.01220703125,-0.0244140625,0.1953125,-0.1708984375,0.048828125,-0.146484375,0.78125,0.01220703125,-0.52490234375,-0.15869140625,-0.5615234375
0,0.146484375,-0.390625,0.06103515625,-0.341796875,-0.08544921875,-0.40283203125,-0.2197265625,-0.03662109375,0,-0.0732421875,-0.03662109375,-0.8544921875,-0.20751953125,1.07421875,-0.08544921875,-0.08544921875,-0.03662109375,-0.537109375,-0.20751953125,-0.13427734375,0.1953125,0.87890625,0.10986328125,-0.5859375,-0.23193359375,1.220703125,0.06103515625,1.9775390625,-0.4150390625,2.89306640625,-0.1953125,1.8798828125,-0.2197265625,-0.29296875,-0.146484375,-0.8544921875,-0.25634765625,-0.45166015625,0.0244140625,-0.78125,-0.01220703125,-0.15869140625,0.01220703125,-0.68359375,-0.15869140625,-0.4638671875,-0.09765625,0.634765625,0.20751953125,1.13525390625,-0.4638671875,0.45166015625,-0.1220703125,0.01220703125,0.4150390625,0.67138671875,-0.048828125,0.4638671875,0,0.1953125,0.98876953125,0.37841796875,-0.7568359375,0.13427734375,0,0.537109375,-0.25634765625,1.03759765625,-0.2197265625,0.23193359375,-0.146484375,0.1953125,-0.390625,0.2685546875,-0.10986328125,0.830078125,0.2197265625,0.048828125,0.2685546875,1.2939453125,0.03662109375,-0.9765625,0.10986328125,-0.3662109375,-0.20751953125,-1.0009765625,-0.0732421875,-0.81787109375,0.2685546875,-1.5869140625,0.146484375,0.01220703125,-0.1708984375,0,0.01220703125,-0.76904296875,-0.28076171875,-0.830078125,0.08544921875,-0.78125,-0.03662109375,-0.7080078125,0.1708984375,-0.18310546875,-0.0244140625,4.60205078125,-0.0732421875,7.09228515625,-0.10986328125,3.28369140625,0.01220703125,6.26220703125,-0.15869140625,0.3173828125,0.09765625,-0.0244140625,-0.06103515625,-0.01220703125,0.01220703125,0.18310546875,-0.13427734375,0.0732421875,-0.1220703125,0.79345703125,0.01220703125,-0.537109375,-0.146484375,-0.54931640625
0,0.1708984375,-0.390625,0.0244140625,-0.341796875,-0.1220703125,-0.42724609375,-0.1953125,-0.06103515625,-0.01220703125,-0.10986328125,-0.03662109375,-0.84228515625,-0.2197265625,1.07421875,-0.0732421875,-0.09765625,0.0244140625,-0.54931640625,-0.244140625,-0.13427734375,0.15869140625,0.89111328125,0.1220703125,-0.59814453125,-0.20751953125,0.67138671875,0.08544921875,1.08642578125,-0.28076171875,2.20947265625,-0.2197265625,1.28173828125,-0.1708984375,-0.30517578125,-0.10986328125,-0.830078125,-0.244140625,-0.42724609375,-0.01220703125,-0.81787109375,-0.08544921875,-0.15869140625,0.09765625,-0.67138671875,-0.20751953125,-0.45166015625,-0.15869140625,0.634765625,0.244140625,1.15966796875,-0.45166015625,0.42724609375,-0.2197265625,-0.0732421875,0.42724609375,0.72021484375,-0.0244140625,0.45166015625,-0.0732421875,0.2197265625,1.03759765625,0.47607421875,-0.74462890625,0.1220703125,-0.06103515625,0.45166015625,-0.25634765625,1.03759765625,-0.1953125,0.244140625,-0.18310546875,0.1953125,-0.32958984375,0.23193359375,-0.0732421875,0.84228515625,0.244140625,0.03662109375,0.30517578125,1.30615234375,-0.0244140625,-0.9765625,0.15869140625,-0.37841796875,-0.18310546875,-1.01318359375,-0.1220703125,-0.8056640625,0.2685546875,-1.11083984375,0.146484375,0.244140625,-0.28076171875,0.2685546875,0.0244140625,-0.48828125,-0.341796875,-0.81787109375,0.09765625,-0.78125,-0.03662109375,-0.69580078125,0.23193359375,-0.20751953125,0.03662109375,4.931640625,-0.13427734375,7.67822265625,-0.1220703125,3.564453125,0.0732421875,6.60400390625,-0.15869140625,0.3173828125,0.09765625,-0.03662109375,-0.06103515625,0,0,0.15869140625,-0.146484375,0.08544921875,-0.10986328125,0.79345703125,0.048828125,-0.48828125,-0.10986328125,-0.54931640625
0,0.18310546875,-0.390625,0.0244140625,-0.35400390625,-0.1708984375,-0.42724609375,-0.1953125,-0.06103515625,-0.01220703125,-0.13427734375,-0.0244140625,-0.8544921875,-0.2197265625,1.08642578125,-0.03662109375,-0.10986328125,0.06103515625,-0.5615234375,-0.29296875,-0.15869140625,0.09765625,0.89111328125,0.09765625,-0.59814453125,-0.146484375,0.1708984375,0.1220703125,0.32958984375,-0.13427734375,1.59912109375,-0.2685546875,0.76904296875,-0.09765625,-0.23193359375,-0.06103515625,-0.8056640625,-0.25634765625,-0.390625,-0.048828125,-0.81787109375,-0.15869140625,-0.13427734375,0.09765625,-0.67138671875,-0.2685546875,-0.45166015625,-0.1708984375,0.64697265625,0.2685546875,1.15966796875,-0.439453125,0.42724609375,-0.35400390625,-0.1220703125,0.390625,0.72021484375,-0.048828125,0.45166015625,-0.06103515625,0.2685546875,0.93994140625,0.537109375,-0.69580078125,0.1220703125,-0.06103515625,0.390625,-0.244140625,1.025390625,-0.13427734375,0.244140625,-0.2197265625,0.1953125,-0.29296875,0.23193359375,-0.0244140625,0.8544921875,0.25634765625,0.03662109375,0.29296875,1.2939453125,-0.08544921875,-0.9765625,0.20751953125,-0.390625,-0.13427734375,-0.98876953125,-0.15869140625,-0.81787109375,0.244140625,-0.30517578125,0.10986328125,0.634765625,-0.3173828125,0.7080078125,0.0244140625,0.01220703125,-0.32958984375,-0.8056640625,0.10986328125,-0.7568359375,-0.0244140625,-0.72021484375,0.25634765625,-0.1953125,-0.01220703125,5.029296875,-0.146484375,7.92236328125,-0.13427734375,3.64990234375,0.06103515625,6.70166015625,-0.146484375,0.32958984375,0.09765625,-0.0244140625,-0.06103515625,0.01220703125,0.0244140625,0.1708984375,-0.146484375,0.06103515625,-0.06103515625,0.8056640625,0.03662109375,-0.47607421875,-0.09765625,-0.537109375
0,0.1953125,-0.37841796875,0.0244140625,-0.390625,-0.15869140625,-0.4638671875,-0.20751953125,-0.09765625,-0.03662109375,-0.10986328125,0,-0.87890625,-0.244140625,1.0986328125,-0.06103515625,-0.15869140625,0.048828125,-0.54931640625,-0.30517578125,-0.13427734375,0.0244140625,0.89111328125,0.09765625,-0.5859375,-0.09765625,-0.244140625,0.146484375,-0.32958984375,0.03662109375,1.07421875,-0.3173828125,0.29296875,-0.03662109375,-0.1708984375,-0.03662109375,-0.79345703125,-0.2685546875,-0.37841796875,-0.0732421875,-0.830078125,-0.1953125,-0.146484375,0.1708984375,-0.67138671875,-0.3173828125,-0.439453125,-0.1953125,0.6591796875,0.23193359375,1.15966796875,-0.3662109375,0.42724609375,-0.439453125,-0.1708984375,0.30517578125,0.7080078125,0,0.48828125,0.0244140625,0.30517578125,0.98876953125,0.634765625,-0.6103515625,0.146484375,-0.048828125,0.28076171875,-0.2685546875,1.01318359375,-0.08544921875,0.2197265625,-0.28076171875,0.1708984375,-0.29296875,0.1708984375,0,0.9033203125,0.29296875,0.0244140625,0.25634765625,1.2939453125,-0.13427734375,-0.98876953125,0.2197265625,-0.37841796875,-0.13427734375,-0.98876953125,-0.13427734375,-0.8056640625,0.08544921875,0.732421875,0.09765625,1.1474609375,-0.341796875,1.2939453125,-0.01220703125,0.64697265625,-0.30517578125,-0.8056640625,0.09765625,-0.732421875,0.01220703125,-0.7080078125,0.244140625,-0.1953125,0.01220703125,4.89501953125,-0.01220703125,7.7880859375,-0.09765625,3.55224609375,0.06103515625,6.55517578125,-0.146484375,0.341796875,0.08544921875,-0.01220703125,-0.0732421875,0.0244140625,0.0244140625,0.1708984375,-0.146484375,0.01220703125,-0.0244140625,0.81787109375,0.01220703125,-0.47607421875,-0.0732421875,-0.54931640625
1,0.2197265625,-0.3662109375,0.06103515625,-0.390625,-0.18310546875,-0.45166015625,-0.20751953125,-0.1220703125,-0.01220703125,-0.08544921875,0,-0.87890625,-0.2685546875,1.0986328125,-0.0732421875,-0.1953125,-0.01220703125,-0.57373046875,-0.29296875,-0.13427734375,-0.09765625,0.87890625,0.09765625,-0.6103515625,-0.048828125,-0.59814453125,0.2197265625,-0.86669921875,0.09765625,0.59814453125,-0.3173828125,-0.09765625,0.0244140625,-0.1953125,-0.10986328125,-0.8056640625,-0.28076171875,-0.4150390625,-0.09765625,-0.79345703125,-0.18310546875,-0.1708984375,0.1953125,-0.7080078125,-0.29296875,-0.439453125,-0.23193359375,0.67138671875,0.25634765625,1.1474609375,-0.32958984375,0.42724609375,-0.52490234375,-0.1953125,0.2685546875,0.72021484375,-0.08544921875,0.5126953125,0.06103515625,0.341796875,0.93994140625,0.68359375,-0.5615234375,0.15869140625,-0.0244140625,0.20751953125,-0.25634765625,1.025390625,-0.03662109375,0.20751953125,-0.29296875,0.15869140625,-0.32958984375,0.1708984375,0.03662109375,0.87890625,0.32958984375,0,0.20751953125,1.30615234375,-0.13427734375,-0.9765625,0.18310546875,-0.390625,-0.048828125,-1.01318359375,-0.06103515625,-0.830078125,0.01220703125,1.8798828125,0.048828125,1.7333984375,-0.2685546875,1.953125,-0.09765625,1.37939453125,-0.25634765625,-0.81787109375,0.06103515625,-0.732421875,0.048828125,-0.72021484375,0.1953125,-0.1953125,0.01220703125,4.541015625,0.0244140625,7.31201171875,-0.048828125,3.2958984375,0,6.18896484375,-0.15869140625,0.341796875,0.08544921875,0,-0.06103515625,0.048828125,0.03662109375,0.1953125,-0.1220703125,-0.0244140625,0.01220703125,0.81787109375,0.03662109375,-0.45166015625,-0.09765625,-0.537109375
1,0.18310546875,-0.3662109375,0.01220703125,-0.390625,-0.15869140625,-0.439453125,-0.23193359375,-0.1220703125,-0.048828125,-0.048828125,-0.01220703125,-0.9033203125,-0.29296875,1.11083984375,-0.048828125,-0.1953125,-0.1220703125,-0.57373046875,-0.2685546875,-0.1220703125,-0.15869140625,0.86669921875,0.1220703125,-0.59814453125,-0.048828125,-0.87890625,0.18310546875,-1.2939453125,0.06103515625,0.23193359375,-0.3173828125,-0.45166015625,0.01220703125,-0.1953125,-0.20751953125,-0.830078125,-0.3173828125,-0.439453125,-0.1220703125,-0.7568359375,-0.09765625,-0.1953125,0.1953125,-0.68359375,-0.28076171875,-0.45166015625,-0.244140625,0.68359375,0.3173828125,1.13525390625,-0.29296875,0.45166015625,-0.6591796875,-0.1708984375,0.1708984375,0.74462890625,-0.13427734375,0.57373046875,0.0732421875,0.40283203125,0.96435546875,0.74462890625,-0.4638671875,0.18310546875,0.01220703125,0.146484375,-0.15869140625,0.98876953125,-0.01220703125,0.1953125,-0.25634765625,0.1708984375,-0.341796875,0.146484375,0.048828125,0.86669921875,0.32958984375,-0.01220703125,0.146484375,1.28173828125,-0.0732421875,-0.96435546875,0.15869140625,-0.40283203125,0.0244140625,-1.025390625,0,-0.79345703125,0.08544921875,3.1005859375,0.048828125,2.3193359375,-0.1220703125,2.63671875,-0.09765625,2.1484375,-0.23193359375,-0.830078125,-0.01220703125,-0.74462890625,0.06103515625,-0.72021484375,0.15869140625,-0.20751953125,-0.03662109375,4.04052734375,-0.0244140625,6.591796875,-0.048828125,2.9296875,-0.0244140625,5.70068359375,-0.15869140625,0.35400390625,0.06103515625,0.01220703125,-0.06103515625,0.048828125,0.0244140625,0.1953125,-0.10986328125,-0.06103515625,0.01220703125,0.830078125,0.0244140625,-0.4638671875,-0.08544921875,-0.537109375
1,0.1708984375,-0.35400390625,0.0244140625,-0.37841796875,-0.15869140625,-0.45166015625,-0.244140625,-0.1220703125,-0.01220703125,0,-0.01220703125,-0.9033203125,-0.2685546875,1.0986328125,-0.06103515625,-0.1953125,-0.20751953125,-0.57373046875,-0.25634765625,-0.13427734375,-0.146484375,0.84228515625,0.09765625,-0.5859375,-0.048828125,-1.08642578125,0.09765625,-1.64794921875,-0.048828125,-0.03662109375,-0.20751953125,-0.67138671875,-0.048828125,-0.18310546875,-0.2197265625,-0.84228515625,-0.341796875,-0.47607421875,-0.1220703125,-0.7568359375,-0.01220703125,-0.2197265625,0.18310546875,-0.68359375,-0.2197265625,-0.4638671875,-0.25634765625,0.6591796875,0.341796875,1.1474609375,-0.2685546875,0.439453125,-0.72021484375,-0.10986328125,0.09765625,0.72021484375,-0.1953125,0.634765625,0.10986328125,0.4638671875,0.8544921875,0.732421875,-0.4150390625,0.2197265625,0.048828125,0.13427734375,-0.048828125,1.0009765625,0,0.15869140625,-0.2197265625,0.1708984375,-0.341796875,0.15869140625,0.08544921875,0.86669921875,0.29296875,-0.01220703125,0.08544921875,1.28173828125,-0.0244140625,-0.9765625,0.1220703125,-0.42724609375,0.09765625,-1.03759765625,0.08544921875,-0.79345703125,0.13427734375,4.2236328125,0.048828125,2.89306640625,0.048828125,3.30810546875,-0.13427734375,2.9052734375,-0.23193359375,-0.8056640625,-0.10986328125,-0.7568359375,0.048828125,-0.72021484375,0.09765625,-0.1953125,-0.06103515625,3.5400390625,0.01220703125,5.7861328125,-0.03662109375,2.5146484375,-0.06103515625,5.1513671875,-0.146484375,0.37841796875,0.0244140625,0.01220703125,-0.06103515625,0.048828125,0.0244140625,0.20751953125,-0.08544921875,-0.0732421875,0.0244140625,0.84228515625,0.0244140625,-0.439453125,-0.09765625,-0.54931640625
1,0.1708984375,-0.341796875,0.06103515625,-0.35400390625,-0.13427734375,-0.42724609375,-0.20751953125,-0.08544921875,0,0,-0.06103515625,-0.89111328125,-0.28076171875,1.123046875,-0.03662109375,-0.1708984375,-0.23193359375,-0.57373046875,-0.2685546875,-0.1220703125,-0.15869140625,0.87890625,0.0732421875,-0.57373046875,-0.01220703125,-1.1962890625,0.10986328125,-1.84326171875,-0.18310546875,-0.20751953125,-0.08544921875,-0.8056640625,-0.10986328125,-0.18310546875,-0.2197265625,-0.8544921875,-0.35400390625,-0.50048828125,-0.0732421875,-0.74462890625,0.1220703125,-0.20751953125,0.15869140625,-0.67138671875,-0.09765625,-0.4638671875,-0.25634765625,0.64697265625,0.4150390625,1.11083984375,-0.244140625,0.45166015625,-0.74462890625,-0.06103515625,0.0244140625,0.7080078125,-0.29296875,0.68359375,0.15869140625,0.5126953125,0.86669921875,0.69580078125,-0.3173828125,0.25634765625,0.03662109375,0.18310546875,0.0244140625,1.0009765625,0,0.146484375,-0.13427734375,0.18310546875,-0.244140625,0.1953125,0.10986328125,0.84228515625,0.244140625,-0.01220703125,0.06103515625,1.28173828125,0.08544921875,-0.9521484375,0.048828125,-0.4150390625,0.18310546875,-1.03759765625,0.146484375,-0.79345703125,0.13427734375,5.224609375,0.06103515625,3.40576171875,0.23193359375,3.8818359375,-0.1708984375,3.5400390625,-0.2197265625,-0.8056640625,-0.18310546875,-0.74462890625,0.048828125,-0.732421875,0.08544921875,-0.20751953125,-0.0732421875,3.06396484375,-0.01220703125,4.98046875,-0.06103515625,2.16064453125,-0.0732421875,4.6630859375,-0.18310546875,0.390625,0.0244140625,0,-0.06103515625,0.048828125,-0.01220703125,0.244140625,-0.0732421875,-0.08544921875,0.01220703125,0.87890625,0.0244140625,-0.45166015625,-0.146484375,-0.54931640625
1,0.1708984375,-0.35400390625,0.0244140625,-0.341796875,-0.13427734375,-0.4150390625,-0.1953125,-0.06103515625,0.0244140625,0.01220703125,-0.048828125,-0.91552734375,-0.2685546875,1.11083984375,0,-0.15869140625,-0.20751953125,-0.5615234375,-0.28076171875,-0.10986328125,-0.08544921875,0.86669921875,0.048828125,-0.59814453125,-0.0244140625,-1.220703125,0.048828125,-1.9287109375,-0.28076171875,-0.244140625,0.01220703125,-0.830078125,-0.146484375,-0.18310546875,-0.23193359375,-0.86669921875,-0.35400390625,-0.537109375,-0.048828125,-0.72021484375,0.244140625,-0.244140625,0.10986328125,-0.67138671875,-0.01220703125,-0.45166015625,-0.244140625,0.64697265625,0.4638671875,1.123046875,-0.18310546875,0.439453125,-0.8056640625,0,-0.03662109375,0.7080078125,-0.3173828125,0.7080078125,0.15869140625,0.52490234375,0.76904296875,0.62255859375,-0.28076171875,0.25634765625,0.01220703125,0.2685546875,0.08544921875,0.98876953125,0,0.13427734375,-0.09765625,0.18310546875,-0.13427734375,0.2197265625,0.13427734375,0.830078125,0.18310546875,-0.0244140625,0.03662109375,1.28173828125,0.18310546875,-0.96435546875,0,-0.40283203125,0.25634765625,-1.025390625,0.10986328125,-0.79345703125,0.1220703125,5.99365234375,0.06103515625,3.79638671875,0.341796875,4.345703125,-0.18310546875,4.11376953125,-0.2197265625,-0.81787109375,-0.2685546875,-0.74462890625,0,-0.69580078125,0.08544921875,-0.18310546875,-0.048828125,2.69775390625,0.01220703125,4.33349609375,-0.09765625,1.86767578125,-0.08544921875,4.296875,-0.1953125,0.40283203125,-0.03662109375,-0.01220703125,-0.0732421875,0.048828125,0,0.244140625,-0.048828125,-0.0732421875,-0.01220703125,0.86669921875,0.01220703125,-0.47607421875,-0.146484375,-0.537109375
1,0.146484375,-0.3662109375,0.03662109375,-0.32958984375,-0.15869140625,-0.42724609375,-0.15869140625,-0.048828125,0.0244140625,0.01220703125,-0.06103515625,-0.9033203125,-0.2685546875,1.11083984375,-0.03662109375,-0.15869140625,-0.15869140625,-0.54931640625,-0.2685546875,-0.1220703125,-0.01220703125,0.87890625,-0.03662109375,-0.59814453125,-0.06103515625,-1.15966796875,0.01220703125,-1.89208984375,-0.390625,-0.1953125,0.01220703125,-0.74462890625,-0.18310546875,-0.1953125,-0.29296875,-0.87890625,-0.3173828125,-0.54931640625,-0.03662109375,-0.732421875,0.3173828125,-0.23193359375,0.13427734375,-0.67138671875,0.0732421875,-0.47607421875,-0.2685546875,0.634765625,0.390625,1.13525390625,-0.09765625,0.45166015625,-0.8056640625,0.048828125,-0.1220703125,0.68359375,-0.29296875,0.68359375,0.25634765625,0.54931640625,0.74462890625,0.50048828125,-0.1953125,0.244140625,0,0.4150390625,0.1708984375,1.01318359375,-0.01220703125,0.146484375,-0.03662109375,0.1953125,-0.01220703125,0.244140625,0.08544921875,0.81787109375,0.146484375,-0.048828125,0.01220703125,1.30615234375,0.20751953125,-0.98876953125,-0.08544921875,-0.390625,0.30517578125,-1.025390625,0.0732421875,-0.79345703125,0.146484375,6.55517578125,0.048828125,4.1015625,0.40283203125,4.736328125,-0.1708984375,4.5166015625,-0.1708984375,-0.84228515625,-0.341796875,-0.76904296875,-0.01220703125,-0.67138671875,0.08544921875,-0.2197265625,0,2.52685546875,0.1708984375,3.91845703125,-0.1220703125,1.72119140625,-0.06103515625,4.1015625,-0.23193359375,0.40283203125,-0.048828125,-0.0244140625,-0.0732421875,0.01220703125,0.01220703125,0.23193359375,-0.01220703125,-0.03662109375,-0.01220703125,0.8544921875,0,-0.48828125,-0.146484375,-0.537109375
1,0.146484375,-0.3662109375,0.03662109375,-0.3173828125,-0.20751953125,-0.4150390625,-0.1220703125,-0.03662109375,0.01220703125,-0.03662109375,-0.048828125,-0.9033203125,-0.244140625,1.11083984375,-0.01220703125,-0.10986328125,-0.1220703125,-0.54931640625,-0.25634765625,-0.10986328125,0.06103515625,0.87890625,-0.08544921875,-0.6103515625,-0.0732421875,-1.01318359375,-0.0244140625,-1.74560546875,-0.42724609375,-0.03662109375,-0.0732421875,-0.5859375,-0.1953125,-0.1953125,-0.28076171875,-0.87890625,-0.25634765625,-0.537109375,-0.048828125,-0.74462890625,0.29296875,-0.20751953125,0.1220703125,-0.6591796875,0.1220703125,-0.4638671875,-0.23193359375,0.62255859375,0.3173828125,1.171875,-0.08544921875,0.4638671875,-0.830078125,0.0732421875,-0.23193359375,0.68359375,-0.29296875,0.634765625,0.244140625,0.52490234375,0.81787109375,0.390625,-0.18310546875,0.1953125,0,0.54931640625,0.23193359375,1.01318359375,0.01220703125,0.15869140625,-0.03662109375,0.23193359375,0.10986328125,0.2685546875,0.03662109375,0.78125,0.09765625,-0.048828125,0.0244140625,1.30615234375,0.2197265625,-0.9765625,-0.1220703125,-0.40283203125,0.35400390625,-1.025390625,0,-0.79345703125,0.15869140625,6.87255859375,0.048828125,4.2724609375,0.40283203125,4.931640625,-0.13427734375,4.74853515625,-0.13427734375,-0.84228515625,-0.341796875,-0.7568359375,-0.01220703125,-0.68359375,0.06103515625,-0.20751953125,0.06103515625,2.5146484375,0.18310546875,3.79638671875,-0.10986328125,1.69677734375,-0.0732421875,4.06494140625,-0.20751953125,0.37841796875,-0.06103515625,-0.0244140625,-0.06103515625,-0.01220703125,0.01220703125,0.2197265625,-0.01220703125,-0.0244140625,-0.0244140625,0.84228515625,-0.0244140625,-0.52490234375,-0.146484375,-0.537109375
1,0.15869140625,-0.37841796875,0.03662109375,-0.30517578125,-0.20751953125,-0.4150390625,-0.10986328125,-0.0244140625,-0.048828125,-0.048828125,-0.03662109375,-0.86669921875,-0.2197265625,1.11083984375,-0.01220703125,-0.08544921875,-0.0732421875,-0.537109375,-0.244140625,-0.09765625,0.13427734375,0.89111328125,-0.08544921875,-0.6103515625,-0.08544921875,-0.84228515625,-0.06103515625,-1.47705078125,-0.40283203125,0.1953125,-0.18310546875,-0.341796875,-0.146484375,-0.23193359375,-0.25634765625,-0.87890625,-0.2197265625,-0.50048828125,-0.0244140625,-0.76904296875,0.25634765625,-0.1953125,0.09765625,-0.6591796875,0.13427734375,-0.4638671875,-0.1708984375,0.62255859375,0.244140625,1.171875,-0.06103515625,0.4638671875,-0.81787109375,0.09765625,-0.244140625,0.68359375,-0.20751953125,0.54931640625,0.25634765625,0.4638671875,0.8544921875,0.2685546875,-0.1220703125,0.15869140625,-0.01220703125,0.7080078125,0.28076171875,1.03759765625,0.048828125,0.15869140625,0,0.23193359375,0.18310546875,0.29296875,-0.0244140625,0.8056640625,0.06103515625,-0.03662109375,0.048828125,1.33056640625,0.1953125,-0.98876953125,-0.15869140625,-0.40283203125,0.35400390625,-1.025390625,-0.048828125,-0.8056640625,0.18310546875,6.9580078125,0.06103515625,4.296875,0.3662109375,5.0048828125,-0.0732421875,4.8095703125,-0.08544921875,-0.830078125,-0.35400390625,-0.78125,-0.03662109375,-0.68359375,0.06103515625,-0.23193359375,0.08544921875,2.64892578125,0.146484375,3.94287109375,-0.10986328125,1.806640625,-0.0732421875,4.16259765625,-0.18310546875,0.37841796875,-0.0732421875,-0.01220703125,-0.08544921875,-0.03662109375,0.01220703125,0.20751953125,-0.048828125,0.01220703125,-0.03662109375,0.81787109375,-0.01220703125,-0.52490234375,-0.15869140625,-0.537109375
1,0.15869140625,-0.37841796875,0,-0.3173828125,-0.23193359375,-0.40283203125,-0.08544921875,-0.03662109375,-0.0732421875,-0.0732421875,-0.01220703125,-0.86669921875,-0.1953125,1.0986328125,0,-0.09765625,-0.03662109375,-0.52490234375,-0.23193359375,-0.10986328125,0.2197265625,0.927734375,-0.0732421875,-0.6103515625,-0.08544921875,-0.6103515625,-0.1220703125,-1.18408203125,-0.32958984375,0.439453125,-0.29296875,-0.10986328125,-0.0732421875,-0.25634765625,-0.20751953125,-0.86669921875,-0.18310546875,-0.48828125,0.0244140625,-0.78125,0.1708984375,-0.20751953125,0.08544921875,-0.64697265625,0.08544921875,-0.4638671875,-0.09765625,0.6103515625,0.20751953125,1.1962890625,-0.13427734375,0.48828125,-0.76904296875,0.08544921875,-0.2685546875,0.68359375,-0.146484375,0.45166015625,0.28076171875,0.390625,0.7080078125,0.1953125,-0.06103515625,0.0732421875,0.0244140625,0.830078125,0.30517578125,1.025390625,0.048828125,0.1708984375,0,0.23193359375,0.1953125,0.2685546875,-0.08544921875,0.79345703125,0.048828125,-0.048828125,0.08544921875,1.30615234375,0.1220703125,-0.98876953125,-0.146484375,-0.390625,0.30517578125,-1.01318359375,-0.09765625,-0.81787109375,0.1953125,6.787109375,0.06103515625,4.1748046875,0.341796875,4.89501953125,0,4.67529296875,-0.03662109375,-0.830078125,-0.28076171875,-0.76904296875,-0.0244140625,-0.68359375,0.03662109375,-0.244140625,0.09765625,2.86865234375,0.10986328125,4.296875,-0.1220703125,1.98974609375,-0.08544921875,4.40673828125,-0.146484375,0.341796875,-0.08544921875,-0.01220703125,-0.0732421875,-0.03662109375,0.0244140625,0.18310546875,-0.06103515625,0.03662109375,-0.0244140625,0.8056640625,-0.0244140625,-0.537109375,-0.15869140625,-0.52490234375
1,0.18310546875,-0.40283203125,0,-0.3173828125,-0.25634765625,-0.40283203125,-0.048828125,-0.03662109375,-0.1220703125,-0.09765625,-0.01220703125,-0.8544921875,-0.18310546875,1.11083984375,0.01220703125,-0.08544921875,0.01220703125,-0.537109375,-0.20751953125,-0.1220703125,0.25634765625,0.91552734375,-0.01220703125,-0.634765625,-0.08544921875,-0.42724609375,-0.10986328125,-0.9033203125,-0.244140625,0.68359375,-0.4150390625,0.10986328125,-0.048828125,-0.25634765625,-0.15869140625,-0.87890625,-0.1708984375,-0.48828125,0.03662109375,-0.8056640625,0.03662109375,-0.15869140625,0.03662109375,-0.6591796875,0.01220703125,-0.47607421875,-0.03662109375,0.6103515625,0.20751953125,1.18408203125,-0.1708984375,0.48828125,-0.634765625,0.03662109375,-0.2685546875,0.72021484375,-0.03662109375,0.37841796875,0.20751953125,0.35400390625,0.67138671875,0.18310546875,-0.0244140625,0.03662109375,0.06103515625,0.9521484375,0.3173828125,1.03759765625,0.09765625,0.1708984375,-0.01220703125,0.2197265625,0.20751953125,0.25634765625,-0.1708984375,0.81787109375,0.048828125,-0.048828125,0.10986328125,1.2939453125,0.048828125,-1.01318359375,-0.15869140625,-0.390625,0.2197265625,-1.01318359375,-0.1220703125,-0.830078125,0.1708984375,6.3232421875,0.06103515625,3.91845703125,0.2685546875,4.6142578125,0.10986328125,4.35791015625,-0.06103515625,-0.830078125,-0.1708984375,-0.76904296875,0.0244140625,-0.69580078125,0.06103515625,-0.2197265625,0.0732421875,3.13720703125,0.06103515625,4.7119140625,-0.10986328125,2.18505859375,-0.10986328125,4.62646484375,-0.23193359375,0.32958984375,-0.0732421875,-0.0244140625,-0.06103515625,-0.03662109375,0.01220703125,0.18310546875,-0.0732421875,0.03662109375,-0.01220703125,0.7568359375,-0.0244140625,-0.537109375,-0.146484375,-0.54931640625
1,0.1953125,-0.390625,-0.01220703125,-0.3173828125,-0.29296875,-0.4150390625,-0.0244140625,-0.03662109375,-0.13427734375,-0.10986328125,0.01220703125,-0.84228515625,-0.15869140625,1.0986328125,0.01220703125,-0.09765625,0.08544921875,-0.537109375,-0.15869140625,-0.10986328125,0.29296875,0.9033203125,0.09765625,-0.62255859375,-0.1220703125,-0.28076171875,-0.06103515625,-0.67138671875,-0.146484375,0.89111328125,-0.42724609375,0.2685546875,-0.03662109375,-0.29296875,-0.08544921875,-0.8544921875,-0.1953125,-0.4638671875,0.01220703125,-0.8056640625,-0.048828125,-0.146484375,-0.06103515625,-0.67138671875,-0.0244140625,-0.47607421875,-0.06103515625,0.62255859375,0.13427734375,1.171875,-0.13427734375,0.5126953125,-0.64697265625,0,-0.2197265625,0.7080078125,0.048828125,0.35400390625,0.18310546875,0.3173828125,0.52490234375,0.29296875,0.01220703125,0.06103515625,0.1220703125,1.0009765625,0.2685546875,1.025390625,0.09765625,0.1708984375,-0.0244140625,0.20751953125,0.1953125,0.20751953125,-0.18310546875,0.84228515625,0.048828125,-0.048828125,0.09765625,1.2939453125,-0.0244140625,-1.025390625,-0.15869140625,-0.390625,0.09765625,-1.0009765625,-0.08544921875,-0.8544921875,0.15869140625,5.615234375,0.0732421875,3.47900390625,0.244140625,4.150390625,0.15869140625,3.82080078125,-0.1220703125,-0.830078125,-0.08544921875,-0.76904296875,0.03662109375,-0.7080078125,0.048828125,-0.2197265625,0.03662109375,3.33251953125,0.01220703125,5.1025390625,-0.10986328125,2.30712890625,-0.10986328125,4.79736328125,-0.25634765625,0.341796875,-0.08544921875,0,-0.0732421875,-0.03662109375,0.0244140625,0.15869140625,-0.0732421875,0,0.03662109375,0.7568359375,-0.03662109375,-0.52490234375,-0.15869140625,-0.54931640625
1,0.20751953125,-0.390625,0,-0.35400390625,-0.3173828125,-0.42724609375,-0.01220703125,-0.03662109375,-0.15869140625,-0.08544921875,0.01220703125,-0.8544921875,-0.1708984375,1.0986328125,0.0244140625,-0.1220703125,0.10986328125,-0.537109375,-0.10986328125,-0.1220703125,0.25634765625,0.9033203125,0.18310546875,-0.62255859375,-0.15869140625,-0.20751953125,-0.09765625,-0.52490234375,-0.0732421875,1.025390625,-0.45166015625,0.35400390625,0,-0.29296875,-0.048828125,-0.84228515625,-0.20751953125,-0.439453125,-0.01220703125,-0.81787109375,-0.10986328125,-0.13427734375,-0.13427734375,-0.64697265625,-0.10986328125,-0.45166015625,-0.0732421875,0.634765625,0.08544921875,1.15966796875,-0.146484375,0.50048828125,-0.59814453125,-0.0732421875,-0.20751953125,0.72021484375,0.08544921875,0.390625,0.23193359375,0.3173828125,0.29296875,0.54931640625,-0.0244140625,0.15869140625,0.1953125,1.03759765625,0.1708984375,1.025390625,0.1220703125,0.1708984375,-0.08544921875,0.1953125,0.1953125,0.1953125,-0.1953125,0.830078125,0.0732421875,-0.06103515625,0.06103515625,1.2939453125,-0.06103515625,-1.025390625,-0.1708984375,-0.3662109375,-0.048828125,-0.9765625,-0.06103515625,-0.84228515625,0.1220703125,4.67529296875,0.0732421875,2.9296875,0.20751953125,3.57666015625,0.15869140625,3.125,-0.18310546875,-0.8544921875,0.01220703125,-0.7568359375,0.048828125,-0.7080078125,0.048828125,-0.20751953125,0.0244140625,3.369140625,-0.03662109375,5.2734375,-0.09765625,2.34375,-0.1220703125,4.84619140625,-0.23193359375,0.341796875,-0.0732421875,0.0244140625,-0.0732421875,-0.03662109375,0.0244140625,0.15869140625,-0.08544921875,-0.0244140625,0.03662109375,0.7568359375,-0.0244140625,-0.50048828125,-0.1220703125,-0.5126953125
1,0.1953125,-0.37841796875,-0.01220703125,-0.35400390625,-0.30517578125,-0.439453125,0,-0.06103515625,-0.15869140625,-0.09765625,0,-0.86669921875,-0.15869140625,1.123046875,0.01220703125,-0.146484375,0.13427734375,-0.54931640625,-0.0244140625,-0.1220703125,0.23193359375,0.91552734375,0.29296875,-0.59814453125,-0.0732421875,-0.2197265625,0,-0.48828125,0.01220703125,1.06201171875,-0.341796875,0.37841796875,0.03662109375,-0.3173828125,0.01220703125,-0.84228515625,-0.2197265625,-0.390625,0,-0.8056640625,-0.10986328125,-0.13427734375,-0.2197265625,-0.6591796875,-0.13427734375,-0.45166015625,-0.10986328125,0.67138671875,0.01220703125,1.123046875,-0.13427734375,0.47607421875,-0.6103515625,-0.08544921875,-0.146484375,0.72021484375,0.06103515625,0.5615234375,0.2197265625,0.40283203125,0.244140625,0.91552734375,-0.06103515625,0.3173828125,0.25634765625,1.06201171875,0.10986328125,1.0009765625,0.13427734375,0.13427734375,-0.146484375,0.15869140625,0.1708984375,0.1708984375,-0.20751953125,0.830078125,0.1220703125,-0.06103515625,0.01220703125,1.28173828125,-0.10986328125,-1.01318359375,-0.13427734375,-0.390625,-0.15869140625,-1.0009765625,-0.08544921875,-0.84228515625,0.048828125,3.55224609375,0.1220703125,2.30712890625,0.1708984375,2.8564453125,0.10986328125,2.33154296875,-0.23193359375,-0.830078125,0.048828125,-0.72021484375,0.0732421875,-0.69580078125,0.0732421875,-0.1953125,-0.048828125,3.23486328125,-0.0732421875,5.126953125,-0.08544921875,2.2216796875,-0.1708984375,4.6875,-0.25634765625,0.32958984375,-0.06103515625,0.048828125,-0.0732421875,-0.03662109375,0.0244140625,0.146484375,-0.0732421875,-0.048828125,0.03662109375,0.74462890625,-0.0244140625,-0.48828125,-0.10986328125,-0.5126953125
1,0.1708984375,-0.37841796875,-0.01220703125,-0.37841796875,-0.3173828125,-0.4150390625,0.0244140625,-0.0732421875,-0.18310546875,-0.03662109375,0.01220703125,-0.87890625,-0.13427734375,1.0986328125,0,-0.15869140625,0.09765625,-0.5615234375,-0.01220703125,-0.1220703125,0.1708984375,0.87890625,0.3662109375,-0.5859375,-0.10986328125,-0.28076171875,-0.01220703125,-0.5615234375,-0.03662109375,1.025390625,-0.29296875,0.29296875,0.10986328125,-0.3173828125,0,-0.84228515625,-0.2685546875,-0.390625,-0.0732421875,-0.78125,-0.06103515625,-0.13427734375,-0.28076171875,-0.67138671875,-0.15869140625,-0.45166015625,-0.2197265625,0.67138671875,0,1.123046875,-0.1708984375,0.45166015625,-0.48828125,-0.09765625,-0.09765625,0.72021484375,0.048828125,0.84228515625,0.28076171875,0.5615234375,0.15869140625,1.4404296875,-0.146484375,0.62255859375,0.3173828125,1.06201171875,0,1.0009765625,0.1220703125,0.146484375,-0.20751953125,0.146484375,0.08544921875,0.1708984375,-0.20751953125,0.84228515625,0.1708984375,-0.048828125,-0.01220703125,1.26953125,-0.10986328125,-1.025390625,-0.09765625,-0.37841796875,-0.1953125,-1.0009765625,-0.09765625,-0.830078125,-0.03662109375,2.34375,0.13427734375,1.6357421875,0.1220703125,2.03857421875,0,1.42822265625,-0.20751953125,-0.81787109375,0.0244140625,-0.732421875,0.0732421875,-0.69580078125,0.0732421875,-0.1953125,-0.048828125,2.8564453125,0.048828125,4.62646484375,-0.03662109375,1.9287109375,-0.1220703125,4.33349609375,-0.23193359375,0.35400390625,-0.06103515625,0.048828125,-0.048828125,-0.048828125,0,0.1708984375,-0.03662109375,-0.08544921875,0.048828125,0.7568359375,0.01220703125,-0.50048828125,-0.10986328125,-0.48828125
0,0.15869140625,-0.3662109375,0.0244140625,-0.390625,-0.29296875,-0.4150390625,0.0732421875,-0.08544921875,-0.18310546875,0.01220703125,-0.0244140625,-0.91552734375,-0.1220703125,1.11083984375,0,-0.18310546875,0.01220703125,-0.54931640625,0.0244140625,-0.10986328125,0.09765625,0.86669921875,0.30517578125,-0.5859375,-0.09765625,-0.4150390625,-0.048828125,-0.72021484375,-0.08544921875,0.89111328125,-0.15869140625,0.18310546875,0.1953125,-0.32958984375,0.08544921875,-0.87890625,-0.2685546875,-0.42724609375,-0.1220703125,-0.76904296875,-0.03662109375,-0.15869140625,-0.3173828125,-0.67138671875,-0.1220703125,-0.45166015625,-0.30517578125,0.6591796875,0.0244140625,1.123046875,-0.25634765625,0.45166015625,-0.47607421875,-0.10986328125,-0.048828125,0.7080078125,-0.01220703125,1.23291015625,0.2197265625,0.76904296875,0.10986328125,2.06298828125,-0.2197265625,1.0009765625,0.35400390625,1.0498046875,-0.0732421875,1.01318359375,0.0732421875,0.13427734375,-0.2197265625,0.15869140625,0.0244140625,0.20751953125,-0.20751953125,0.84228515625,0.2197265625,-0.06103515625,-0.06103515625,1.2939453125,-0.08544921875,-1.0009765625,-0.0732421875,-0.3662109375,-0.244140625,-1.025390625,-0.1220703125,-0.81787109375,-0.1220703125,1.11083984375,0.15869140625,0.98876953125,0.09765625,1.25732421875,-0.06103515625,0.54931640625,-0.18310546875,-0.830078125,0.01220703125,-0.74462890625,0.06103515625,-0.7080078125,0.0732421875,-0.1953125,-0.0244140625,2.3193359375,0.1708984375,3.7353515625,-0.0244140625,1.4892578125,-0.1220703125,3.7841796875,-0.244140625,0.35400390625,-0.06103515625,0.0732421875,-0.0732421875,-0.0732421875,-0.01220703125,0.18310546875,-0.01220703125,-0.09765625,0.03662109375,0.7568359375,0.0244140625,-0.5126953125,-0.08544921875,-0.5126953125
0,0.15869140625,-0.3662109375,0.0244140625,-0.390625,-0.29296875,-0.439453125,0.09765625,-0.08544921875,-0.1953125,0.0244140625,-0.0244140625,-0.89111328125,-0.08544921875,1.11083984375,0,-0.18310546875,-0.048828125,-0.57373046875,0,-0.1220703125,0.0732421875,0.86669921875,0.244140625,-0.57373046875,0.01220703125,-0.5126953125,0.08544921875,-0.9033203125,-0.0732421875,0.78125,0.01220703125,0.0732421875,0.28076171875,-0.32958984375,0.06103515625,-0.87890625,-0.244140625,-0.439453125,-0.1953125,-0.76904296875,-0.03662109375,-0.18310546875,-0.3173828125,-0.6591796875,-0.08544921875,-0.439453125,-0.341796875,0.634765625,0.0244140625,1.123046875,-0.25634765625,0.439453125,-0.52490234375,-0.10986328125,0.06103515625,0.69580078125,-0.08544921875,1.69677734375,0.244140625,1.06201171875,-0.03662109375,2.77099609375,-0.2685546875,1.4404296875,0.341796875,1.025390625,-0.1220703125,1.0009765625,0.01220703125,0.146484375,-0.244140625,0.15869140625,-0.06103515625,0.2197265625,-0.20751953125,0.86669921875,0.2197265625,-0.06103515625,-0.10986328125,1.2939453125,-0.09765625,-1.025390625,-0.0244140625,-0.390625,-0.244140625,-1.01318359375,-0.1953125,-0.8056640625,-0.1953125,-0.06103515625,0.15869140625,0.40283203125,0.0244140625,0.537109375,-0.10986328125,-0.25634765625,-0.08544921875,-0.84228515625,-0.03662109375,-0.72021484375,0.048828125,-0.68359375,0.0732421875,-0.1953125,-0.01220703125,1.66015625,0.20751953125,2.60009765625,-0.03662109375,0.96435546875,-0.09765625,3.1005859375,-0.23193359375,0.35400390625,-0.06103515625,0.06103515625,-0.06103515625,-0.10986328125,-0.0244140625,0.2197265625,0.0244140625,-0.13427734375,0.0244140625,0.74462890625,0.0244140625,-0.5126953125,-0.08544921875,-0.50048828125
0,0.146484375,-0.35400390625,0,-0.390625,-0.28076171875,-0.42724609375,0.1220703125,-0.08544921875,-0.2197265625,0.048828125,-0.03662109375,-0.9033203125,-0.10986328125,1.0986328125,-0.01220703125,-0.15869140625,-0.048828125,-0.57373046875,-0.048828125,-0.1220703125,0.06103515625,0.86669921875,0.10986328125,-0.5859375,-0.0244140625,-0.5859375,0.03662109375,-1.08642578125,-0.0732421875,0.6591796875,0.06103515625,0,0.28076171875,-0.3173828125,0.0244140625,-0.9033203125,-0.20751953125,-0.4638671875,-0.23193359375,-0.7568359375,-0.03662109375,-0.18310546875,-0.2685546875,-0.67138671875,-0.01220703125,-0.42724609375,-0.40283203125,0.62255859375,0.09765625,1.1474609375,-0.30517578125,0.439453125,-0.42724609375,-0.08544921875,0.15869140625,0.68359375,-0.13427734375,2.20947265625,0.1953125,1.416015625,0.01220703125,3.515625,-0.42724609375,1.953125,0.30517578125,1.0009765625,-0.1708984375,1.025390625,-0.06103515625,0.15869140625,-0.2197265625,0.1708984375,-0.146484375,0.2685546875,-0.18310546875,0.89111328125,0.1953125,-0.0244140625,-0.1220703125,1.2939453125,-0.048828125,-1.01318359375,0.06103515625,-0.40283203125,-0.2197265625,-1.01318359375,-0.244140625,-0.79345703125,-0.1953125,-1.0498046875,0.10986328125,-0.06103515625,-0.0244140625,-0.09765625,-0.09765625,-0.927734375,-0.048828125,-0.84228515625,-0.03662109375,-0.732421875,0.01220703125,-0.69580078125,0.0244140625,-0.20751953125,0.03662109375,0.9521484375,0.23193359375,1.3427734375,-0.048828125,0.40283203125,-0.0732421875,2.3681640625,-0.2197265625,0.3662109375,-0.048828125,0.06103515625,-0.0732421875,-0.09765625,-0.01220703125,0.23193359375,0.03662109375,-0.09765625,0,0.74462890625,0.03662109375,-0.5126953125,-0.08544921875,-0.5126953125
0,0.1708984375,-0.37841796875,0,-0.35400390625,-0.29296875,-0.42724609375,0.13427734375,-0.06103515625,-0.20751953125,0.0244140625,-0.0244140625,-0.89111328125,-0.1220703125,1.08642578125,0.0244140625,-0.13427734375,-0.03662109375,-0.57373046875,-0.08544921875,-0.13427734375,0.03662109375,0.87890625,0,-0.59814453125,-0.048828125,-0.59814453125,-0.048828125,-1.18408203125,-0.03662109375,0.634765625,0.13427734375,0,0.28076171875,-0.30517578125,0.0244140625,-0.91552734375,-0.1220703125,-0.48828125,-0.25634765625,-0.74462890625,-0.08544921875,-0.20751953125,-0.2197265625,-0.67138671875,0.0244140625,-0.439453125,-0.4150390625,0.634765625,0.08544921875,1.15966796875,-0.3173828125,0.439453125,-0.42724609375,-0.06103515625,0.2685546875,0.67138671875,-0.1953125,2.7099609375,0.3662109375,1.74560546875,-0.03662109375,4.23583984375,-0.4150390625,2.4169921875,0.28076171875,0.9521484375,-0.244140625,1.025390625,-0.146484375,0.1953125,-0.20751953125,0.1953125,-0.23193359375,0.29296875,-0.15869140625,0.89111328125,0.1708984375,-0.01220703125,-0.08544921875,1.2939453125,0,-1.01318359375,0.08544921875,-0.37841796875,-0.18310546875,-0.98876953125,-0.2685546875,-0.78125,-0.1708984375,-1.7822265625,0.0732421875,-0.42724609375,-0.03662109375,-0.5615234375,-0.06103515625,-1.42822265625,-0.01220703125,-0.84228515625,-0.0244140625,-0.732421875,-0.0244140625,-0.68359375,-0.048828125,-0.20751953125,0.0244140625,0.3173828125,0.2197265625,0.1220703125,-0.1220703125,-0.1220703125,-0.09765625,1.708984375,-0.25634765625,0.3662109375,-0.048828125,0.048828125,-0.0732421875,-0.10986328125,-0.01220703125,0.2197265625,0.08544921875,-0.09765625,0,0.72021484375,0.03662109375,-0.5126953125,-0.08544921875,-0.52490234375
0,0.15869140625,-0.37841796875,-0.0244140625,-0.341796875,-0.35400390625,-0.42724609375,0.09765625,-0.03662109375,-0.18310546875,0.01220703125,-0.0244140625,-0.9033203125,-0.15869140625,1.07421875,0,-0.09765625,-0.03662109375,-0.54931640625,-0.10986328125,-0.1220703125,-0.01220703125,0.87890625,-0.06103515625,-0.5859375,0.01220703125,-0.52490234375,0.06103515625,-1.1962890625,0.048828125,0.69580078125,0.146484375,0.08544921875,0.244140625,-0.28076171875,-0.10986328125,-0.9033203125,-0.10986328125,-0.50048828125,-0.29296875,-0.76904296875,-0.08544921875,-0.20751953125,-0.15869140625,-0.68359375,0.048828125,-0.439453125,-0.4150390625,0.6103515625,0.10986328125,1.18408203125,-0.29296875,0.439453125,-0.45166015625,-0.03662109375,0.32958984375,0.67138671875,-0.2685546875,3.16162109375,0.4150390625,2.08740234375,-0.03662109375,4.89501953125,-0.5615234375,2.83203125,0.23193359375,0.87890625,-0.244140625,1.01318359375,-0.23193359375,0.20751953125,-0.15869140625,0.1953125,-0.3173828125,0.3173828125,-0.10986328125,0.9033203125,0.15869140625,0,-0.048828125,1.33056640625,0.03662109375,-1.0009765625,0.13427734375,-0.37841796875,-0.146484375,-1.0009765625,-0.25634765625,-0.78125,-0.1220703125,-2.2705078125,0.03662109375,-0.634765625,-0.0732421875,-0.84228515625,-0.0244140625,-1.77001953125,-0.0244140625,-0.830078125,-0.0244140625,-0.732421875,-0.01220703125,-0.6591796875,-0.09765625,-0.244140625,0.048828125,-0.15869140625,0.2685546875,-0.87890625,-0.08544921875,-0.5126953125,-0.06103515625,1.220703125,-0.28076171875,0.37841796875,-0.03662109375,0.03662109375,-0.06103515625,-0.09765625,0,0.2197265625,0.08544921875,-0.06103515625,0.01220703125,0.72021484375,0.0244140625,-0.52490234375,-0.09765625,-0.57373046875
0,0.146484375,-0.390625,-0.048828125,-0.341796875,-0.35400390625,-0.42724609375,0.10986328125,-0.0244140625,-0.1953125,-0.01220703125,-0.06103515625,-0.87890625,-0.1708984375,1.08642578125,0.01220703125,-0.08544921875,-0.0732421875,-0.57373046875,-0.146484375,-0.146484375,-0.03662109375,0.89111328125,-0.10986328125,-0.5859375,-0.06103515625,-0.37841796875,-0.0244140625,-1.0498046875,0.0732421875,0.86669921875,-0.01220703125,0.25634765625,0.20751953125,-0.2685546875,-0.10986328125,-0.9033203125,-0.048828125,-0.50048828125,-0.30517578125,-0.78125,-0.10986328125,-0.20751953125,-0.146484375,-0.68359375,0.0244140625,-0.439453125,-0.341796875,0.59814453125,0.1220703125,1.18408203125,-0.30517578125,0.439453125,-0.45166015625,0,0.3662109375,0.67138671875,-0.28076171875,3.4912109375,0.4150390625,2.33154296875,0.01220703125,5.419921875,-0.59814453125,3.16162109375,0.20751953125,0.8056640625,-0.29296875,1.03759765625,-0.29296875,0.244140625,-0.1220703125,0.2197265625,-0.4150390625,0.32958984375,-0.08544921875,0.87890625,0.146484375,0.01220703125,0.01220703125,1.30615234375,0.08544921875,-1.0009765625,0.10986328125,-0.37841796875,-0.09765625,-1.0009765625,-0.20751953125,-0.78125,-0.06103515625,-2.4658203125,0.01220703125,-0.72021484375,-0.06103515625,-0.9521484375,0,-1.89208984375,-0.10986328125,-0.84228515625,0.0244140625,-0.74462890625,-0.01220703125,-0.68359375,-0.1708984375,-0.244140625,0.048828125,-0.390625,0.244140625,-1.46484375,-0.08544921875,-0.72021484375,-0.09765625,0.9765625,-0.244140625,0.37841796875,-0.06103515625,0,-0.06103515625,-0.0732421875,0.01220703125,0.2197265625,0.0732421875,-0.048828125,0.048828125,0.74462890625,0.01220703125,-0.537109375,-0.08544921875,-0.57373046875
0,0.1708984375,-0.390625,-0.0732421875,-0.32958984375,-0.341796875,-0.4150390625,0.08544921875,-0.01220703125,-0.18310546875,-0.048828125,-0.0732421875,-0.87890625,-0.15869140625,1.08642578125,-0.01220703125,-0.06103515625,-0.08544921875,-0.52490234375,-0.1708984375,-0.13427734375,-0.10986328125,0.9033203125,-0.09765625,-0.5859375,-0.08544921875,-0.10986328125,-0.03662109375,-0.8056640625,0.06103515625,1.13525390625,-0.1708984375,0.5126953125,0.1953125,-0.28076171875,-0.146484375,-0.9033203125,-0.03662109375,-0.48828125,-0.30517578125,-0.79345703125,-0.0732421875,-0.1953125,-0.1708984375,-0.68359375,0.048828125,-0.45166015625,-0.23193359375,0.6103515625,0.15869140625,1.1962890625,-0.32958984375,0.45166015625,-0.390625,0.03662109375,0.35400390625,0.68359375,-0.29296875,3.69873046875,0.5615234375,2.52685546875,0.0244140625,5.82275390625,-0.64697265625,3.369140625,0.1953125,0.69580078125,-0.2685546875,1.0498046875,-0.341796875,0.244140625,-0.09765625,0.2197265625,-0.47607421875,0.30517578125,-0.09765625,0.87890625,0.1708984375,0.048828125,0.08544921875,1.30615234375,0.13427734375,-1.01318359375,0.10986328125,-0.390625,-0.06103515625,-0.98876953125,-0.10986328125,-0.79345703125,-0.0244140625,-2.45361328125,0,-0.69580078125,-0.01220703125,-0.91552734375,-0.01220703125,-1.904296875,-0.15869140625,-0.830078125,0.01220703125,-0.7568359375,-0.01220703125,-0.69580078125,-0.2197265625,-0.23193359375,0.01220703125,-0.341796875,0.15869140625,-1.55029296875,-0.08544921875,-0.69580078125,-0.13427734375,1.01318359375,-0.244140625,0.3662109375,-0.06103515625,0.01220703125,-0.06103515625,-0.0732421875,0.03662109375,0.20751953125,0.06103515625,-0.03662109375,0.03662109375,0.7568359375,0.01220703125,-0.52490234375,-0.0732421875,-0.59814453125
0,0.1708984375,-0.37841796875,-0.06103515625,-0.341796875,-0.30517578125,-0.42724609375,0.0732421875,-0.0244140625,-0.1953125,-0.0732421875,-0.048828125,-0.87890625,-0.1953125,1.08642578125,-0.01220703125,-0.0732421875,-0.1220703125,-0.54931640625,-0.20751953125,-0.146484375,-0.1220703125,0.9033203125,-0.03662109375,-0.6103515625,-0.10986328125,0.13427734375,-0.01220703125,-0.48828125,0.03662109375,1.45263671875,-0.30517578125,0.8056640625,0.15869140625,-0.28076171875,-0.1953125,-0.87890625,-0.06103515625,-0.50048828125,-0.2685546875,-0.8056640625,-0.0244140625,-0.18310546875,-0.244140625,-0.68359375,0.0244140625,-0.4638671875,-0.13427734375,0.59814453125,0.1708984375,1.1962890625,-0.244140625,0.47607421875,-0.4150390625,0.03662109375,0.32958984375,0.68359375,-0.29296875,3.77197265625,0.45166015625,2.587890625,0.01220703125,6.01806640625,-0.72021484375,3.4423828125,0.1953125,0.57373046875,-0.2685546875,1.0498046875,-0.35400390625,0.244140625,-0.03662109375,0.2197265625,-0.537109375,0.2685546875,-0.08544921875,0.9033203125,0.146484375,0.03662109375,0.15869140625,1.318359375,0.1953125,-0.98876953125,0.09765625,-0.40283203125,-0.06103515625,-0.98876953125,-0.048828125,-0.78125,-0.10986328125,-2.294921875,-0.03662109375,-0.6103515625,0.01220703125,-0.79345703125,-0.03662109375,-1.806640625,-0.1708984375,-0.830078125,0.03662109375,-0.7568359375,-0.0244140625,-0.7080078125,-0.2197265625,-0.244140625,0,-0.01220703125,0.1953125,-1.08642578125,-0.0732421875,-0.45166015625,-0.146484375,1.3671875,-0.244140625,0.37841796875,-0.0732421875,-0.0244140625,-0.0732421875,-0.06103515625,0.01220703125,0.20751953125,0.06103515625,-0.03662109375,0.06103515625,0.76904296875,-0.01220703125,-0.537109375,-0.08544921875,-0.6103515625
0,0.15869140625,-0.37841796875,-0.08544921875,-0.37841796875,-0.28076171875,-0.439453125,0.0732421875,-0.048828125,-0.1953125,-0.08544921875,-0.048828125,-0.86669921875,-0.20751953125,1.0986328125,-0.01220703125,-0.10986328125,-0.10986328125,-0.5615234375,-0.1708984375,-0.146484375,-0.09765625,0.9033203125,-0.0244140625,-0.59814453125,-0.2685546875,0.42724609375,-0.1708984375,-0.13427734375,-0.06103515625,1.79443359375,-0.390625,1.0986328125,0.1708984375,-0.28076171875,-0.10986328125,-0.8544921875,-0.09765625,-0.47607421875,-0.15869140625,-0.79345703125,0.0244140625,-0.18310546875,-0.341796875,-0.67138671875,0.01220703125,-0.47607421875,0.0244140625,0.6103515625,0.1953125,1.18408203125,-0.13427734375,0.47607421875,-0.341796875,0.03662109375,0.341796875,0.69580078125,-0.2197265625,3.72314453125,0.4150390625,2.587890625,0.0244140625,6.04248046875,-0.67138671875,3.3935546875,0.15869140625,0.439453125,-0.30517578125,1.0498046875,-0.32958984375,0.25634765625,-0.0244140625,0.1953125,-0.537109375,0.2197265625,-0.03662109375,0.9033203125,0.146484375,0.0244140625,0.20751953125,1.318359375,0.244140625,-0.98876953125,0.03662109375,-0.390625,-0.0244140625,-0.9765625,0.0244140625,-0.8056640625,-0.06103515625,-2.0751953125,0.03662109375,-0.47607421875,0.10986328125,-0.64697265625,-0.0244140625,-1.67236328125,-0.1708984375,-0.81787109375,0.0244140625,-0.74462890625,-0.01220703125,-0.72021484375,-0.244140625,-0.244140625,0,0.5615234375,0.25634765625,-0.15869140625,-0.09765625,0.0244140625,-0.13427734375,1.96533203125,-0.25634765625,0.390625,-0.0732421875,-0.01220703125,-0.0732421875,-0.048828125,0.01220703125,0.18310546875,0.0244140625,-0.06103515625,0.08544921875,0.79345703125,0,-0.50048828125,-0.0732421875,-0.59814453125
0,0.1220703125,-0.37841796875,-0.09765625,-0.390625,-0.28076171875,-0.4150390625,0.08544921875,-0.08544921875,-0.18310546875,-0.06103515625,-0.06103515625,-0.87890625,-0.2197265625,1.0986328125,0.01220703125,-0.146484375,-0.048828125,-0.54931640625,-0.13427734375,-0.15869140625,-0.06103515625,0.87890625,-0.01220703125,-0.59814453125,-0.3173828125,0.6591796875,-0.2197265625,0.15869140625,-0.15869140625,2.11181640625,-0.390625,1.3671875,0.1220703125,-0.30517578125,-0.1220703125,-0.830078125,-0.146484375,-0.47607421875,-0.03662109375,-0.79345703125,0.03662109375,-0.1708984375,-0.4150390625,-0.68359375,0.01220703125,-0.4638671875,0.06103515625,0.59814453125,0.146484375,1.15966796875,-0.01220703125,0.4638671875,-0.32958984375,0.048828125,0.3173828125,0.7080078125,-0.15869140625,3.52783203125,0.4638671875,2.50244140625,-0.048828125,5.8837890625,-0.634765625,3.21044921875,0.09765625,0.32958984375,-0.2685546875,1.0498046875,-0.28076171875,0.244140625,-0.09765625,0.1953125,-0.50048828125,0.1953125,-0.01220703125,0.9033203125,0.18310546875,0.01220703125,0.244140625,1.30615234375,0.25634765625,-0.98876953125,-0.01220703125,-0.40283203125,0.0244140625,-1.0009765625,0.06103515625,-0.81787109375,0,-1.84326171875,0.048828125,-0.40283203125,0.1708984375,-0.52490234375,-0.01220703125,-1.55029296875,-0.1220703125,-0.79345703125,0,-0.7568359375,0.01220703125,-0.72021484375,-0.2197265625,-0.25634765625,0.01220703125,1.33056640625,0.23193359375,1.20849609375,-0.10986328125,0.6591796875,-0.146484375,2.7587890625,-0.2685546875,0.37841796875,-0.0732421875,0,-0.048828125,-0.03662109375,0,0.1953125,0.0244140625,-0.048828125,0.08544921875,0.81787109375,-0.0244140625,-0.52490234375,-0.09765625,-0.59814453125
0,0.0732421875,-0.35400390625,-0.08544921875,-0.390625,-0.2685546875,-0.439453125,0.0732421875,-0.08544921875,-0.146484375,-0.048828125,-0.0732421875,-0.89111328125,-0.2197265625,1.11083984375,0.03662109375,-0.15869140625,0.01220703125,-0.537109375,-0.0732421875,-0.1220703125,-0.01220703125,0.89111328125,0.01220703125,-0.62255859375,-0.37841796875,0.8056640625,-0.23193359375,0.35400390625,-0.29296875,2.3193359375,-0.341796875,1.5380859375,0.09765625,-0.29296875,-0.09765625,-0.81787109375,-0.1953125,-0.45166015625,0.08544921875,-0.78125,0.03662109375,-0.1708984375,-0.537109375,-0.68359375,-0.01220703125,-0.45166015625,0.0732421875,0.634765625,0.06103515625,1.1474609375,0.08544921875,0.47607421875,-0.244140625,0.03662109375,0.3173828125,0.72021484375,-0.1220703125,3.30810546875,0.47607421875,2.33154296875,-0.10986328125,5.57861328125,-0.5615234375,2.9296875,0.06103515625,0.20751953125,-0.2685546875,1.025390625,-0.20751953125,0.23193359375,-0.15869140625,0.18310546875,-0.42724609375,0.18310546875,0.03662109375,0.87890625,0.1953125,0,0.20751953125,1.318359375,0.2685546875,-0.9765625,-0.08544921875,-0.4150390625,0.09765625,-0.9765625,0.048828125,-0.81787109375,0.0244140625,-1.708984375,0.0732421875,-0.35400390625,0.18310546875,-0.45166015625,0,-1.45263671875,-0.10986328125,-0.79345703125,0,-0.74462890625,0,-0.72021484375,-0.244140625,-0.23193359375,0.0244140625,2.20947265625,0.2197265625,2.83203125,-0.1220703125,1.37939453125,-0.13427734375,3.69873046875,-0.25634765625,0.390625,-0.0732421875,0,-0.06103515625,-0.01220703125,0,0.1708984375,0.0244140625,-0.06103515625,0.0732421875,0.84228515625,-0.01220703125,-0.50048828125,-0.08544921875,-0.5615234375
0,0.06103515625,-0.32958984375,-0.09765625,-0.37841796875,-0.244140625,-0.439453125,0.08544921875,-0.09765625,-0.13427734375,-0.01220703125,-0.09765625,-0.89111328125,-0.23193359375,1.0986328125,0.048828125,-0.146484375,0.03662109375,-0.537109375,-0.048828125,-0.13427734375,0.0244140625,0.9033203125,0.01220703125,-0.59814453125,-0.40283203125,0.87890625,-0.23193359375,0.42724609375,-0.390625,2.44140625,-0.244140625,1.59912109375,0.1708984375,-0.3173828125,-0.048828125,-0.79345703125,-0.244140625,-0.4638671875,0.15869140625,-0.76904296875,0.0244140625,-0.1708984375,-0.54931640625,-0.6591796875,-0.048828125,-0.4638671875,0.0244140625,0.6103515625,-0.01220703125,1.123046875,0.13427734375,0.4638671875,-0.29296875,0,0.341796875,0.72021484375,-0.10986328125,3.03955078125,0.48828125,2.13623046875,-0.1953125,5.1513671875,-0.54931640625,2.63671875,0.03662109375,0.13427734375,-0.28076171875,1.025390625,-0.13427734375,0.2197265625,-0.1953125,0.1708984375,-0.390625,0.18310546875,0.1220703125,0.9033203125,0.244140625,-0.0244140625,0.20751953125,1.30615234375,0.2197265625,-0.9765625,-0.10986328125,-0.390625,0.1708984375,-0.9765625,0.0244140625,-0.79345703125,-0.01220703125,-1.66015625,0.08544921875,-0.35400390625,0.1708984375,-0.439453125,-0.01220703125,-1.40380859375,-0.10986328125,-0.8056640625,-0.0244140625,-0.74462890625,-0.01220703125,-0.72021484375,-0.23193359375,-0.2197265625,0.10986328125,3.125,0.20751953125,4.541015625,-0.10986328125,2.11181640625,-0.0732421875,4.65087890625,-0.244140625,0.4150390625,-0.06103515625,0.01220703125,-0.0732421875,-0.01220703125,0.01220703125,0.20751953125,0.048828125,-0.09765625,0.048828125,0.84228515625,0,-0.48828125,-0.09765625,-0.5615234375
0,0.048828125,-0.341796875,-0.08544921875,-0.37841796875,-0.1953125,-0.45166015625,0.1220703125,-0.10986328125,-0.10986328125,0.0244140625,-0.09765625,-0.86669921875,-0.1953125,1.123046875,0.03662109375,-0.15869140625,0.08544921875,-0.54931640625,-0.01220703125,-0.13427734375,0.03662109375,0.89111328125,-0.01220703125,-0.59814453125,-0.4150390625,0.84228515625,-0.1708984375,0.37841796875,-0.439453125,2.42919921875,-0.13427734375,1.5625,0.244140625,-0.35400390625,-0.0244140625,-0.76904296875,-0.25634765625,-0.4638671875,0.2197265625,-0.78125,-0.0244140625,-0.15869140625,-0.5615234375,-0.6591796875,-0.09765625,-0.45166015625,0,0.62255859375,-0.0244140625,1.123046875,0.20751953125,0.45166015625,-0.40283203125,0,0.28076171875,0.72021484375,-0.13427734375,2.783203125,0.52490234375,1.94091796875,-0.23193359375,4.6875,-0.390625,2.35595703125,0.03662109375,0.08544921875,-0.23193359375,1.025390625,-0.10986328125,0.2197265625,-0.2197265625,0.15869140625,-0.35400390625,0.18310546875,0.146484375,0.87890625,0.2685546875,-0.048828125,0.18310546875,1.30615234375,0.18310546875,-0.96435546875,-0.1220703125,-0.40283203125,0.23193359375,-0.9765625,-0.03662109375,-0.79345703125,-0.048828125,-1.72119140625,0.06103515625,-0.390625,0.13427734375,-0.4638671875,-0.048828125,-1.4404296875,-0.1220703125,-0.84228515625,0,-0.72021484375,0,-0.74462890625,-0.2197265625,-0.20751953125,0.10986328125,3.9794921875,0.09765625,6.201171875,-0.13427734375,2.81982421875,-0.03662109375,5.56640625,-0.20751953125,0.40283203125,-0.09765625,0.0244140625,-0.0732421875,-0.01220703125,0.01220703125,0.1953125,0.09765625,-0.08544921875,0.0244140625,0.830078125,0.01220703125,-0.5126953125,-0.09765625,-0.537109375
1,0.03662109375,-0.35400390625,-0.08544921875,-0.3662109375,-0.18310546875,-0.439453125,0.146484375,-0.09765625,-0.10986328125,0.03662109375,-0.10986328125,-0.87890625,-0.18310546875,1.123046875,0.06103515625,-0.15869140625,0.06103515625,-0.5615234375,0.048828125,-0.10986328125,0.08544921875,0.87890625,-0.0244140625,-0.62255859375,-0.40283203125,0.7080078125,-0.13427734375,0.20751953125,-0.42724609375,2.294921875,-0.048828125,1.42822265625,0.30517578125,-0.341796875,0.1220703125,-0.74462890625,-0.244140625,-0.4638671875,0.23193359375,-0.7568359375,-0.09765625,-0.1953125,-0.54931640625,-0.64697265625,-0.1220703125,-0.45166015625,-0.048828125,0.62255859375,-0.01220703125,1.13525390625,0.2197265625,0.439453125,-0.4638671875,-0.06103515625,0.1953125,0.7080078125,-0.13427734375,2.57568359375,0.5615234375,1.74560546875,-0.1953125,4.23583984375,-0.244140625,2.11181640625,0.0244140625,0.09765625,-0.1220703125,1.025390625,-0.08544921875,0.18310546875,-0.20751953125,0.1708984375,-0.35400390625,0.20751953125,0.15869140625,0.89111328125,0.244140625,-0.06103515625,0.146484375,1.30615234375,0.13427734375,-0.9521484375,-0.13427734375,-0.390625,0.28076171875,-0.98876953125,-0.1220703125,-0.8056640625,-0.1220703125,-1.8310546875,0.01220703125,-0.4638671875,0.06103515625,-0.537109375,-0.03662109375,-1.513671875,-0.20751953125,-0.84228515625,0.01220703125,-0.74462890625,-0.0244140625,-0.72021484375,-0.15869140625,-0.20751953125,0.146484375,4.7119140625,0,7.62939453125,-0.18310546875,3.43017578125,0,6.34765625,-0.1708984375,0.4150390625,-0.08544921875,0.03662109375,-0.0732421875,-0.03662109375,0.03662109375,0.18310546875,0.0732421875,-0.09765625,0.0244140625,0.86669921875,0.01220703125,-0.50048828125,-0.09765625,-0.52490234375
1,0,-0.341796875,-0.1220703125,-0.37841796875,-0.18310546875,-0.439453125,0.146484375,-0.08544921875,-0.13427734375,0.048828125,-0.08544921875,-0.86669921875,-0.18310546875,1.123046875,0.0732421875,-0.1708984375,0.10986328125,-0.57373046875,0.03662109375,-0.1220703125,0.0732421875,0.89111328125,-0.08544921875,-0.62255859375,-0.37841796875,0.54931640625,-0.09765625,-0.06103515625,-0.3173828125,2.13623046875,0,1.2451171875,0.37841796875,-0.32958984375,0.2197265625,-0.69580078125,-0.2197265625,-0.4638671875,0.1953125,-0.7568359375,-0.18310546875,-0.20751953125,-0.45166015625,-0.634765625,-0.18310546875,-0.439453125,-0.08544921875,0.6103515625,0.0732421875,1.1474609375,0.244140625,0.45166015625,-0.50048828125,-0.048828125,0.1708984375,0.7080078125,-0.15869140625,2.42919921875,0.57373046875,1.6357421875,-0.25634765625,3.80859375,-0.10986328125,1.91650390625,0.048828125,0.10986328125,-0.0244140625,1.025390625,-0.09765625,0.18310546875,-0.1708984375,0.1953125,-0.341796875,0.23193359375,0.18310546875,0.927734375,0.2197265625,-0.0732421875,0.0732421875,1.30615234375,0.0732421875,-0.96435546875,-0.10986328125,-0.37841796875,0.2685546875,-0.98876953125,-0.1708984375,-0.79345703125,-0.09765625,-1.96533203125,-0.01220703125,-0.537109375,0.01220703125,-0.634765625,-0.0244140625,-1.5869140625,-0.20751953125,-0.86669921875,0.048828125,-0.74462890625,-0.0244140625,-0.7080078125,-0.09765625,-0.2197265625,0.20751953125,5.2978515625,-0.03662109375,8.75244140625,-0.2197265625,3.91845703125,0.03662109375,6.97021484375,-0.18310546875,0.40283203125,-0.08544921875,0.0244140625,-0.06103515625,-0.0244140625,0.03662109375,0.20751953125,0.0732421875,-0.10986328125,0.01220703125,0.86669921875,0.0244140625,-0.48828125,-0.08544921875,-0.54931640625
1,-0.0244140625,-0.341796875,-0.10986328125,-0.3662109375,-0.1953125,-0.42724609375,0.1953125,-0.0732421875,-0.146484375,0.03662109375,-0.08544921875,-0.86669921875,-0.18310546875,1.11083984375,0.048828125,-0.146484375,0.1220703125,-0.54931640625,0.03662109375,-0.1220703125,0.06103515625,0.87890625,-0.06103515625,-0.634765625,-0.3662109375,0.35400390625,-0.0732421875,-0.3173828125,-0.18310546875,1.94091796875,-0.048828125,1.025390625,0.4150390625,-0.30517578125,0.2685546875,-0.6591796875,-0.20751953125,-0.45166015625,0.15869140625,-0.74462890625,-0.25634765625,-0.2197265625,-0.37841796875,-0.64697265625,-0.23193359375,-0.45166015625,-0.10986328125,0.59814453125,0.09765625,1.1474609375,0.2197265625,0.45166015625,-0.50048828125,-0.03662109375,0.0732421875,0.7080078125,-0.2197265625,2.34375,0.67138671875,1.52587890625,-0.3173828125,3.47900390625,0,1.7822265625,0.06103515625,0.13427734375,0.06103515625,1.025390625,-0.1220703125,0.1708984375,-0.10986328125,0.18310546875,-0.244140625,0.25634765625,0.2197265625,0.9521484375,0.15869140625,-0.08544921875,0.0732421875,1.2939453125,0,-0.9765625,-0.0732421875,-0.390625,0.1708984375,-0.98876953125,-0.2197265625,-0.8056640625,-0.06103515625,-2.08740234375,-0.06103515625,-0.6103515625,-0.0244140625,-0.69580078125,0,-1.6357421875,-0.1953125,-0.86669921875,0.06103515625,-0.74462890625,-0.08544921875,-0.69580078125,-0.0244140625,-0.20751953125,0.20751953125,5.67626953125,0,9.4970703125,-0.28076171875,4.21142578125,0.0244140625,7.373046875,-0.146484375,0.40283203125,-0.08544921875,0.01220703125,-0.06103515625,-0.0244140625,0.048828125,0.20751953125,0.0732421875,-0.09765625,0.048828125,0.8544921875,0.0244140625,-0.48828125,-0.0732421875,-0.54931640625
1,0.01220703125,-0.3662109375,-0.10986328125,-0.35400390625,-0.2197265625,-0.42724609375,0.18310546875,-0.048828125,-0.1220703125,0.0244140625,-0.0732421875,-0.87890625,-0.1953125,1.0986328125,0.06103515625,-0.13427734375,0.15869140625,-0.537109375,0.0244140625,-0.13427734375,0.01220703125,0.86669921875,-0.0732421875,-0.62255859375,-0.30517578125,0.18310546875,-0.03662109375,-0.54931640625,-0.01220703125,1.74560546875,-0.06103515625,0.8544921875,0.42724609375,-0.30517578125,0.244140625,-0.64697265625,-0.18310546875,-0.439453125,0.09765625,-0.7568359375,-0.30517578125,-0.1953125,-0.3173828125,-0.64697265625,-0.3173828125,-0.4638671875,-0.13427734375,0.6103515625,0.13427734375,1.1474609375,0.23193359375,0.45166015625,-0.52490234375,-0.0732421875,0.06103515625,0.72021484375,-0.29296875,2.30712890625,0.62255859375,1.46484375,-0.341796875,3.25927734375,0.10986328125,1.6845703125,0.0732421875,0.18310546875,0.13427734375,1.025390625,-0.10986328125,0.1708984375,-0.03662109375,0.20751953125,-0.1220703125,0.2685546875,0.23193359375,0.9521484375,0.09765625,-0.0732421875,0.0244140625,1.28173828125,-0.048828125,-1.0009765625,-0.0244140625,-0.390625,0.0732421875,-0.98876953125,-0.20751953125,-0.830078125,-0.10986328125,-2.13623046875,-0.08544921875,-0.62255859375,-0.06103515625,-0.72021484375,0.01220703125,-1.66015625,-0.20751953125,-0.89111328125,0.048828125,-0.72021484375,-0.146484375,-0.7080078125,-0.01220703125,-0.244140625,0.20751953125,5.859375,0.06103515625,9.8388671875,-0.29296875,4.345703125,0.01220703125,7.568359375,-0.1220703125,0.390625,-0.06103515625,0,-0.0732421875,-0.0244140625,0.0732421875,0.20751953125,0.0732421875,-0.06103515625,0.08544921875,0.8544921875,0.03662109375,-0.50048828125,-0.048828125,-0.5615234375
1,0.01220703125,-0.390625,-0.1220703125,-0.35400390625,-0.2197265625,-0.42724609375,0.18310546875,-0.03662109375,-0.15869140625,-0.01220703125,-0.06103515625,-0.87890625,-0.1953125,1.11083984375,0.06103515625,-0.1220703125,0.1708984375,-0.54931640625,0.0244140625,-0.13427734375,-0.048828125,0.86669921875,-0.1220703125,-0.6103515625,-0.2197265625,0.0732421875,0.06103515625,-0.72021484375,0.146484375,1.59912109375,-0.08544921875,0.72021484375,0.439453125,-0.29296875,0.23193359375,-0.6103515625,-0.1708984375,-0.4638671875,0.03662109375,-0.76904296875,-0.3173828125,-0.23193359375,-0.28076171875,-0.64697265625,-0.32958984375,-0.439453125,-0.13427734375,0.6103515625,0.146484375,1.15966796875,0.2197265625,0.4638671875,-0.5126953125,-0.048828125,-0.03662109375,0.732421875,-0.390625,2.294921875,0.72021484375,1.45263671875,-0.40283203125,3.125,0.146484375,1.6845703125,0.048828125,0.20751953125,0.1708984375,1.025390625,-0.13427734375,0.1953125,-0.01220703125,0.20751953125,0,0.244140625,0.23193359375,0.93994140625,0.048828125,-0.06103515625,-0.01220703125,1.2939453125,-0.048828125,-1.0009765625,0.0244140625,-0.390625,-0.03662109375,-0.9765625,-0.15869140625,-0.81787109375,-0.06103515625,-2.11181640625,-0.03662109375,-0.59814453125,0,-0.69580078125,0.06103515625,-1.611328125,-0.13427734375,-0.86669921875,0.048828125,-0.7080078125,-0.1708984375,-0.72021484375,-0.03662109375,-0.244140625,0.146484375,5.84716796875,0.15869140625,9.82666015625,-0.29296875,4.30908203125,-0.01220703125,7.5439453125,-0.08544921875,0.3662109375,-0.0732421875,-0.01220703125,-0.06103515625,0,0.0732421875,0.20751953125,0.048828125,-0.06103515625,0.10986328125,0.84228515625,0.0244140625,-0.50048828125,-0.06103515625,-0.5615234375
1,0.01220703125,-0.390625,-0.09765625,-0.341796875,-0.1953125,-0.439453125,0.1953125,-0.0244140625,-0.18310546875,-0.03662109375,-0.06103515625,-0.86669921875,-0.1708984375,1.0986328125,0.03662109375,-0.09765625,0.13427734375,-0.52490234375,0.03662109375,-0.13427734375,-0.146484375,0.86669921875,-0.10986328125,-0.5859375,-0.146484375,0.01220703125,0.03662109375,-0.81787109375,0.1953125,1.55029296875,-0.06103515625,0.6591796875,0.4150390625,-0.25634765625,0.1953125,-0.6103515625,-0.18310546875,-0.47607421875,0.0244140625,-0.76904296875,-0.25634765625,-0.20751953125,-0.32958984375,-0.64697265625,-0.30517578125,-0.42724609375,-0.20751953125,0.59814453125,0.20751953125,1.1962890625,0.18310546875,0.47607421875,-0.6103515625,-0.09765625,-0.13427734375,0.74462890625,-0.390625,2.28271484375,0.74462890625,1.46484375,-0.50048828125,3.06396484375,0.18310546875,1.64794921875,-0.01220703125,0.23193359375,0.23193359375,1.03759765625,-0.10986328125,0.1953125,0.01220703125,0.1953125,0.13427734375,0.244140625,0.18310546875,0.927734375,0.01220703125,-0.048828125,0,1.30615234375,-0.0244140625,-1.01318359375,0.06103515625,-0.40283203125,-0.13427734375,-0.96435546875,-0.08544921875,-0.81787109375,-0.03662109375,-2.01416015625,0.01220703125,-0.50048828125,0.01220703125,-0.6103515625,0.0244140625,-1.5380859375,-0.1220703125,-0.8544921875,0,-0.72021484375,-0.23193359375,-0.732421875,-0.03662109375,-0.244140625,0.09765625,5.65185546875,0.18310546875,9.46044921875,-0.29296875,4.13818359375,-0.0244140625,7.33642578125,-0.06103515625,0.35400390625,-0.06103515625,-0.01220703125,-0.0732421875,0.01220703125,0.06103515625,0.18310546875,0.048828125,-0.0244140625,0.13427734375,0.84228515625,0.048828125,-0.48828125,-0.06103515625,-0.57373046875
1,0,-0.37841796875,-0.10986328125,-0.341796875,-0.1953125,-0.4150390625,0.15869140625,-0.03662109375,-0.1953125,-0.0732421875,-0.0732421875,-0.86669921875,-0.146484375,1.11083984375,0.0244140625,-0.10986328125,0.0732421875,-0.52490234375,0,-0.146484375,-0.18310546875,0.87890625,-0.13427734375,-0.59814453125,-0.0244140625,0.01220703125,0.10986328125,-0.76904296875,0.244140625,1.55029296875,0.01220703125,0.6591796875,0.341796875,-0.244140625,0.146484375,-0.59814453125,-0.20751953125,-0.47607421875,0.0244140625,-0.76904296875,-0.1708984375,-0.1953125,-0.341796875,-0.67138671875,-0.2685546875,-0.45166015625,-0.1953125,0.59814453125,0.244140625,1.171875,0.1708984375,0.4638671875,-0.5615234375,-0.10986328125,-0.1953125,0.72021484375,-0.4150390625,2.23388671875,0.68359375,1.45263671875,-0.5859375,2.99072265625,0.20751953125,1.6357421875,-0.01220703125,0.20751953125,0.2197265625,1.03759765625,-0.09765625,0.18310546875,0.06103515625,0.1953125,0.20751953125,0.2197265625,0.10986328125,0.927734375,-0.0732421875,-0.048828125,0,1.2939453125,0.0244140625,-1.03759765625,0.10986328125,-0.390625,-0.23193359375,-0.9765625,0,-0.81787109375,-0.15869140625,-1.8310546875,0.0244140625,-0.390625,0.01220703125,-0.50048828125,0,-1.40380859375,-0.13427734375,-0.87890625,-0.10986328125,-0.72021484375,-0.244140625,-0.74462890625,-0.08544921875,-0.25634765625,0.08544921875,5.28564453125,0.20751953125,8.82568359375,-0.2685546875,3.82080078125,-0.0244140625,6.94580078125,-0.09765625,0.32958984375,-0.03662109375,-0.01220703125,-0.0732421875,-0.01220703125,0.06103515625,0.1708984375,0.03662109375,-0.0244140625,0.15869140625,0.84228515625,0.0244140625,-0.48828125,-0.0732421875,-0.57373046875
1,0,-0.3662109375,-0.08544921875,-0.3173828125,-0.18310546875,-0.4150390625,0.146484375,-0.048828125,-0.1708984375,-0.09765625,-0.09765625,-0.89111328125,-0.10986328125,1.11083984375,0.01220703125,-0.09765625,0.048828125,-0.537109375,-0.0244140625,-0.146484375,-0.146484375,0.86669921875,-0.18310546875,-0.57373046875,-0.08544921875,0.03662109375,-0.048828125,-0.68359375,0.08544921875,1.5869140625,0.01220703125,0.69580078125,0.28076171875,-0.2197265625,0.0732421875,-0.634765625,-0.23193359375,-0.48828125,0.06103515625,-0.76904296875,-0.048828125,-0.1953125,-0.3662109375,-0.67138671875,-0.18310546875,-0.47607421875,-0.13427734375,0.6103515625,0.25634765625,1.18408203125,0.1953125,0.47607421875,-0.59814453125,-0.13427734375,-0.29296875,0.72021484375,-0.341796875,2.13623046875,0.59814453125,1.40380859375,-0.52490234375,2.89306640625,0.2685546875,1.5869140625,0.0244140625,0.1708984375,0.2197265625,1.025390625,-0.08544921875,0.1953125,0.0732421875,0.15869140625,0.244140625,0.20751953125,0.01220703125,0.91552734375,-0.1220703125,-0.03662109375,0,1.2939453125,0.08544921875,-1.03759765625,0.146484375,-0.390625,-0.29296875,-1.0009765625,0.03662109375,-0.8056640625,-0.09765625,-1.64794921875,0.146484375,-0.28076171875,0.13427734375,-0.3662109375,0,-1.28173828125,-0.146484375,-0.8544921875,-0.1708984375,-0.732421875,-0.25634765625,-0.74462890625,-0.1220703125,-0.25634765625,0.0732421875,4.82177734375,0.18310546875,7.958984375,-0.2197265625,3.40576171875,-0.048828125,6.43310546875,-0.1220703125,0.32958984375,-0.0244140625,0,-0.0732421875,-0.01220703125,0.048828125,0.1220703125,0.03662109375,0.03662109375,0.1220703125,0.84228515625,0.06103515625,-0.5126953125,-0.08544921875,-0.57373046875
1,-0.01220703125,-0.341796875,-0.06103515625,-0.341796875,-0.15869140625,-0.42724609375,0.15869140625,-0.06103515625,-0.20751953125,-0.10986328125,-0.0732421875,-0.87890625,-0.09765625,1.123046875,0.06103515625,-0.10986328125,0.03662109375,-0.5615234375,-0.03662109375,-0.146484375,-0.15869140625,0.86669921875,-0.23193359375,-0.57373046875,-0.0732421875,0.08544921875,-0.146484375,-0.5615234375,-0.06103515625,1.64794921875,0.08544921875,0.72021484375,0.1953125,-0.1953125,-0.01220703125,-0.67138671875,-0.244140625,-0.48828125,0.0732421875,-0.78125,0.06103515625,-0.20751953125,-0.390625,-0.68359375,-0.06103515625,-0.4638671875,-0.09765625,0.6103515625,0.18310546875,1.1962890625,0.2197265625,0.4638671875,-0.59814453125,-0.146484375,-0.3173828125,0.7080078125,-0.28076171875,1.96533203125,0.47607421875,1.318359375,-0.54931640625,2.69775390625,0.29296875,1.47705078125,0.0244140625,0.146484375,0.23193359375,1.03759765625,-0.03662109375,0.1953125,0.06103515625,0.18310546875,0.25634765625,0.18310546875,-0.08544921875,0.91552734375,-0.18310546875,-0.048828125,0.0244140625,1.2939453125,0.13427734375,-1.025390625,0.18310546875,-0.40283203125,-0.3173828125,-1.0009765625,0.048828125,-0.78125,-0.08544921875,-1.4892578125,0.2197265625,-0.1708984375,0.15869140625,-0.244140625,-0.048828125,-1.15966796875,-0.15869140625,-0.84228515625,-0.3173828125,-0.732421875,-0.244140625,-0.74462890625,-0.13427734375,-0.244140625,0.10986328125,4.21142578125,0.15869140625,6.93359375,-0.18310546875,2.9052734375,-0.0732421875,5.76171875,-0.10986328125,0.32958984375,-0.048828125,0,-0.0732421875,-0.0244140625,0.048828125,0.146484375,0.06103515625,0.0732421875,0.10986328125,0.81787109375,0.03662109375,-0.52490234375,-0.08544921875,-0.5615234375
1,-0.0244140625,-0.35400390625,-0.048828125,-0.341796875,-0.10986328125,-0.439453125,0.13427734375,-0.08544921875,-0.20751953125,-0.0732421875,-0.08544921875,-0.87890625,-0.09765625,1.123046875,0.06103515625,-0.146484375,0.0732421875,-0.5615234375,-0.0244140625,-0.13427734375,-0.1220703125,0.86669921875,-0.2685546875,-0.5859375,-0.01220703125,0.1220703125,-0.09765625,-0.45166015625,-0.13427734375,1.67236328125,0.1708984375,0.74462890625,0.15869140625,-0.146484375,-0.08544921875,-0.732421875,-0.28076171875,-0.48828125,0.09765625,-0.78125,0.1708984375,-0.1953125,-0.42724609375,-0.68359375,0.03662109375,-0.4638671875,-0.03662109375,0.62255859375,0.0244140625,1.20849609375,0.2685546875,0.45166015625,-0.634765625,-0.18310546875,-0.3173828125,0.732421875,-0.25634765625,1.74560546875,0.537109375,1.1962890625,-0.59814453125,2.4169921875,0.341796875,1.30615234375,0.08544921875,0.1220703125,0.18310546875,1.03759765625,0.03662109375,0.1953125,0.01220703125,0.1708984375,0.23193359375,0.146484375,-0.08544921875,0.91552734375,-0.1708984375,-0.048828125,0,1.2939453125,0.13427734375,-1.01318359375,0.1953125,-0.40283203125,-0.341796875,-1.025390625,-0.01220703125,-0.78125,-0.1953125,-1.37939453125,0.2197265625,-0.09765625,0.13427734375,-0.13427734375,-0.08544921875,-1.07421875,-0.13427734375,-0.8544921875,-0.341796875,-0.74462890625,-0.2197265625,-0.732421875,-0.18310546875,-0.23193359375,0.13427734375,3.515625,0.18310546875,5.79833984375,-0.09765625,2.34375,-0.0732421875,5.029296875,-0.09765625,0.32958984375,-0.06103515625,0.0244140625,-0.0732421875,-0.03662109375,0.0244140625,0.13427734375,0.08544921875,0.10986328125,0.09765625,0.81787109375,0.01220703125,-0.5126953125,-0.08544921875,-0.5615234375
1,-0.06103515625,-0.32958984375,-0.048828125,-0.35400390625,-0.10986328125,-0.42724609375,0.15869140625,-0.10986328125,-0.23193359375,-0.0732421875,-0.08544921875,-0.89111328125,-0.09765625,1.123046875,0.06103515625,-0.1708984375,0.09765625,-0.54931640625,0,-0.13427734375,-0.09765625,0.84228515625,-0.29296875,-0.59814453125,-0.10986328125,0.10986328125,-0.244140625,-0.3662109375,-0.341796875,1.6357421875,0.09765625,0.74462890625,0.08544921875,-0.0732421875,-0.13427734375,-0.79345703125,-0.2685546875,-0.48828125,0.146484375,-0.76904296875,0.20751953125,-0.18310546875,-0.42724609375,-0.6591796875,0.0732421875,-0.439453125,-0.03662109375,0.634765625,-0.03662109375,1.1962890625,0.29296875,0.45166015625,-0.62255859375,-0.1708984375,-0.30517578125,0.72021484375,-0.1708984375,1.4892578125,0.52490234375,1.025390625,-0.67138671875,2.001953125,0.37841796875,1.11083984375,0.1708984375,0.08544921875,0.1220703125,1.0009765625,0.048828125,0.18310546875,-0.048828125,0.1708984375,0.20751953125,0.18310546875,-0.13427734375,0.87890625,-0.146484375,-0.06103515625,-0.0244140625,1.2939453125,0.1220703125,-1.025390625,0.20751953125,-0.390625,-0.29296875,-1.0498046875,-0.09765625,-0.76904296875,-0.10986328125,-1.33056640625,0.2685546875,-0.03662109375,0.2197265625,-0.06103515625,0,-0.98876953125,-0.048828125,-0.830078125,-0.35400390625,-0.78125,-0.18310546875,-0.732421875,-0.244140625,-0.23193359375,0.15869140625,2.7587890625,0.146484375,4.62646484375,-0.0244140625,1.72119140625,-0.10986328125,4.23583984375,-0.08544921875,0.341796875,-0.06103515625,0.0244140625,-0.06103515625,-0.0244140625,0.0244140625,0.13427734375,0.10986328125,0.13427734375,0.08544921875,0.830078125,0.0244140625,-0.48828125,-0.09765625,-0.59814453125
1,-0.06103515625,-0.3662109375,-0.048828125,-0.35400390625,-0.08544921875,-0.45166015625,0.15869140625,-0.1220703125,-0.1953125,-0.03662109375,-0.09765625,-0.9033203125,-0.08544921875,1.11083984375,0.08544921875,-0.18310546875,0.10986328125,-0.5615234375,0.03662109375,-0.146484375,-0.08544921875,0.86669921875,-0.2685546875,-0.5859375,-0.0732421875,0.06103515625,-0.15869140625,-0.32958984375,-0.341796875,1.55029296875,0.1220703125,0.69580078125,0.06103515625,-0.0244140625,-0.18310546875,-0.86669921875,-0.2685546875,-0.50048828125,0.15869140625,-0.76904296875,0.1708984375,-0.20751953125,-0.47607421875,-0.64697265625,0.10986328125,-0.4150390625,-0.01220703125,0.62255859375,-0.08544921875,1.1962890625,0.29296875,0.45166015625,-0.5126953125,-0.15869140625,-0.28076171875,0.72021484375,-0.146484375,1.220703125,0.5126953125,0.830078125,-0.79345703125,1.5380859375,0.32958984375,0.9033203125,0.23193359375,0.08544921875,0.048828125,1.03759765625,0.06103515625,0.20751953125,-0.1220703125,0.15869140625,0.1708984375,0.20751953125,-0.146484375,0.9033203125,-0.10986328125,-0.0732421875,-0.03662109375,1.318359375,0.0732421875,-1.0009765625,0.1953125,-0.40283203125,-0.20751953125,-1.03759765625,-0.18310546875,-0.76904296875,-0.1708984375,-1.33056640625,0.20751953125,0,0.1708984375,-0.01220703125,0,-0.91552734375,-0.01220703125,-0.830078125,-0.32958984375,-0.8056640625,-0.146484375,-0.7080078125,-0.28076171875,-0.23193359375,0.1708984375,1.98974609375,0.146484375,3.3935546875,0.01220703125,1.123046875,-0.09765625,3.43017578125,-0.08544921875,0.35400390625,-0.048828125,0.0244140625,-0.0732421875,-0.03662109375,0.0244140625,0.15869140625,0.10986328125,0.20751953125,0.06103515625,0.81787109375,0,-0.47607421875,-0.10986328125,-0.57373046875
1,-0.048828125,-0.35400390625,-0.03662109375,-0.341796875,-0.09765625,-0.439453125,0.18310546875,-0.10986328125,-0.18310546875,-0.01220703125,-0.08544921875,-0.9033203125,-0.08544921875,1.0986328125,0.0732421875,-0.18310546875,0.1220703125,-0.54931640625,0.06103515625,-0.1220703125,-0.03662109375,0.86669921875,-0.244140625,-0.6103515625,-0.0732421875,0.01220703125,-0.18310546875,-0.390625,-0.30517578125,1.416015625,0.03662109375,0.59814453125,0.10986328125,0.03662109375,-0.18310546875,-0.91552734375,-0.23193359375,-0.48828125,0.1708984375,-0.76904296875,0.09765625,-0.18310546875,-0.5126953125,-0.6591796875,0.08544921875,-0.37841796875,0.0732421875,0.62255859375,-0.08544921875,1.18408203125,0.30517578125,0.439453125,-0.48828125,-0.146484375,-0.2685546875,0.69580078125,-0.13427734375,0.9765625,0.50048828125,0.64697265625,-0.81787109375,1.07421875,0.29296875,0.68359375,0.29296875,0.0732421875,-0.03662109375,1.01318359375,0.048828125,0.2197265625,-0.15869140625,0.1708984375,0.0732421875,0.20751953125,-0.10986328125,0.93994140625,-0.048828125,-0.08544921875,-0.048828125,1.318359375,0.01220703125,-0.9765625,0.15869140625,-0.390625,-0.146484375,-1.01318359375,-0.1953125,-0.76904296875,-0.15869140625,-1.3427734375,0.146484375,0.048828125,0.18310546875,0.01220703125,0.048828125,-0.8544921875,0.0244140625,-0.8056640625,-0.25634765625,-0.8056640625,-0.09765625,-0.68359375,-0.29296875,-0.2197265625,0.146484375,1.20849609375,0.13427734375,2.2216796875,0.03662109375,0.537109375,-0.10986328125,2.63671875,-0.06103515625,0.3662109375,-0.03662109375,0.01220703125,-0.06103515625,-0.0244140625,0.03662109375,0.15869140625,0.10986328125,0.28076171875,0.0732421875,0.830078125,0,-0.47607421875,-0.10986328125,-0.57373046875
1,-0.09765625,-0.35400390625,-0.0244140625,-0.35400390625,-0.0732421875,-0.45166015625,0.1953125,-0.09765625,-0.25634765625,0.03662109375,-0.08544921875,-0.89111328125,-0.08544921875,1.08642578125,0.048828125,-0.1708984375,0.10986328125,-0.5615234375,0.10986328125,-0.1220703125,0.01220703125,0.87890625,-0.18310546875,-0.62255859375,-0.08544921875,-0.09765625,-0.23193359375,-0.48828125,-0.1953125,1.28173828125,-0.08544921875,0.5126953125,0.10986328125,0.10986328125,-0.0732421875,-0.96435546875,-0.2197265625,-0.50048828125,0.1953125,-0.74462890625,-0.048828125,-0.20751953125,-0.5126953125,-0.64697265625,0.03662109375,-0.3662109375,0.146484375,0.62255859375,-0.09765625,1.18408203125,0.3173828125,0.439453125,-0.3662109375,-0.09765625,-0.25634765625,0.7080078125,-0.1220703125,0.78125,0.42724609375,0.50048828125,-0.84228515625,0.67138671875,0.2685546875,0.52490234375,0.30517578125,0.13427734375,-0.08544921875,1.01318359375,0,0.20751953125,-0.1953125,0.18310546875,-0.0244140625,0.244140625,-0.1220703125,0.9033203125,0.0244140625,-0.08544921875,-0.08544921875,1.30615234375,-0.0244140625,-0.9765625,0.09765625,-0.390625,-0.08544921875,-1.0009765625,-0.1953125,-0.7568359375,-0.048828125,-1.3427734375,0.13427734375,0.08544921875,0.2685546875,0.048828125,0.15869140625,-0.79345703125,-0.0244140625,-0.79345703125,-0.18310546875,-0.81787109375,-0.048828125,-0.634765625,-0.28076171875,-0.2197265625,0.13427734375,0.48828125,0.0732421875,1.11083984375,0,-0.03662109375,-0.10986328125,1.86767578125,-0.03662109375,0.37841796875,-0.0244140625,0.0244140625,-0.06103515625,-0.048828125,0.06103515625,0.18310546875,0.08544921875,0.35400390625,0.06103515625,0.81787109375,-0.0244140625,-0.45166015625,-0.10986328125,-0.57373046875
0,-0.06103515625,-0.37841796875,-0.0244140625,-0.341796875,-0.06103515625,-0.439453125,0.20751953125,-0.0732421875,-0.2197265625,0.048828125,-0.10986328125,-0.89111328125,-0.09765625,1.0986328125,0.03662109375,-0.146484375,0.13427734375,-0.5615234375,0.146484375,-0.1220703125,0.048828125,0.87890625,-0.146484375,-0.6103515625,-0.146484375,-0.15869140625,-0.29296875,-0.57373046875,-0.10986328125,1.1474609375,-0.1953125,0.42724609375,0.09765625,0.1708984375,-0.0244140625,-0.9765625,-0.23193359375,-0.50048828125,0.2197265625,-0.7568359375,-0.15869140625,-0.1953125,-0.59814453125,-0.64697265625,-0.01220703125,-0.35400390625,0.15869140625,0.6103515625,-0.10986328125,1.171875,0.35400390625,0.4638671875,-0.32958984375,-0.0732421875,-0.1953125,0.72021484375,-0.10986328125,0.7080078125,0.47607421875,0.42724609375,-0.86669921875,0.439453125,0.29296875,0.4638671875,0.28076171875,0.15869140625,-0.1220703125,1.01318359375,-0.0732421875,0.20751953125,-0.2197265625,0.18310546875,-0.09765625,0.25634765625,-0.146484375,0.927734375,0.048828125,-0.06103515625,-0.13427734375,1.30615234375,-0.048828125,-0.9765625,0.0244140625,-0.3662109375,-0.048828125,-0.9765625,-0.146484375,-0.7568359375,-0.08544921875,-1.33056640625,-0.03662109375,0.13427734375,0.2197265625,0.1220703125,0.13427734375,-0.68359375,-0.08544921875,-0.78125,-0.1220703125,-0.81787109375,-0.03662109375,-0.64697265625,-0.23193359375,-0.20751953125,0.10986328125,-0.1953125,0.01220703125,0.08544921875,-0.06103515625,-0.54931640625,-0.08544921875,1.15966796875,-0.06103515625,0.37841796875,0,0.01220703125,-0.06103515625,-0.048828125,0.048828125,0.20751953125,0.06103515625,0.42724609375,0.0732421875,0.830078125,-0.0244140625,-0.4638671875,-0.10986328125,-0.57373046875
0,-0.06103515625,-0.390625,-0.048828125,-0.341796875,-0.048828125,-0.42724609375,0.2197265625,-0.06103515625,-0.244140625,0.06103515625,-0.10986328125,-0.86669921875,-0.10986328125,1.08642578125,0.03662109375,-0.13427734375,0.18310546875,-0.54931640625,0.18310546875,-0.13427734375,0.0732421875,0.86669921875,-0.0732421875,-0.62255859375,-0.146484375,-0.1708984375,-0.341796875,-0.64697265625,0.06103515625,1.08642578125,-0.244140625,0.4150390625,0.06103515625,0.20751953125,-0.03662109375,-0.9765625,-0.20751953125,-0.50048828125,0.2197265625,-0.7568359375,-0.244140625,-0.20751953125,-0.6591796875,-0.6591796875,-0.048828125,-0.3662109375,0.1220703125,0.62255859375,-0.09765625,1.1474609375,0.40283203125,0.4638671875,-0.25634765625,-0.048828125,-0.146484375,0.74462890625,-0.15869140625,0.7080078125,0.48828125,0.42724609375,-0.86669921875,0.42724609375,0.25634765625,0.48828125,0.25634765625,0.20751953125,-0.146484375,0.98876953125,-0.1708984375,0.2197265625,-0.23193359375,0.1953125,-0.1708984375,0.28076171875,-0.09765625,0.87890625,0.09765625,-0.048828125,-0.10986328125,1.30615234375,-0.03662109375,-0.9521484375,-0.06103515625,-0.390625,-0.0244140625,-0.9765625,-0.08544921875,-0.78125,-0.0732421875,-1.25732421875,-0.1220703125,0.1953125,0.23193359375,0.244140625,0.0732421875,-0.5126953125,-0.15869140625,-0.7568359375,-0.048828125,-0.81787109375,-0.03662109375,-0.634765625,-0.15869140625,-0.1953125,0.0732421875,-0.76904296875,-0.01220703125,-0.84228515625,-0.1220703125,-0.98876953125,-0.0732421875,0.52490234375,-0.09765625,0.37841796875,0.01220703125,-0.01220703125,-0.06103515625,-0.048828125,0.0732421875,0.1953125,0.03662109375,0.48828125,0.09765625,0.81787109375,-0.03662109375,-0.4638671875,-0.09765625,-0.57373046875
0,-0.0732421875,-0.40283203125,-0.06103515625,-0.35400390625,-0.06103515625,-0.42724609375,0.2197265625,-0.048828125,-0.244140625,0.048828125,-0.10986328125,-0.86669921875,-0.10986328125,1.07421875,0.03662109375,-0.13427734375,0.23193359375,-0.57373046875,0.23193359375,-0.13427734375,0.0732421875,0.86669921875,0,-0.62255859375,-0.08544921875,-0.13427734375,-0.30517578125,-0.67138671875,0.13427734375,1.11083984375,-0.2685546875,0.4638671875,0.048828125,0.244140625,-0.0244140625,-0.96435546875,-0.244140625,-0.537109375,0.18310546875,-0.76904296875,-0.2685546875,-0.20751953125,-0.7568359375,-0.6591796875,-0.10986328125,-0.40283203125,0.06103515625,0.59814453125,-0.13427734375,1.13525390625,0.4150390625,0.48828125,-0.20751953125,-0.03662109375,-0.0732421875,0.732421875,-0.1953125,0.89111328125,0.5859375,0.50048828125,-0.81787109375,0.64697265625,0.13427734375,0.634765625,0.244140625,0.25634765625,-0.20751953125,1.01318359375,-0.2197265625,0.20751953125,-0.23193359375,0.1953125,-0.20751953125,0.28076171875,-0.09765625,0.8544921875,0.10986328125,-0.03662109375,-0.08544921875,1.30615234375,-0.0244140625,-0.9765625,-0.1220703125,-0.3662109375,0.03662109375,-0.96435546875,-0.0244140625,-0.7568359375,-0.0732421875,-1.1474609375,-0.1708984375,0.32958984375,0.28076171875,0.3662109375,0.0244140625,-0.35400390625,-0.1708984375,-0.76904296875,-0.01220703125,-0.8056640625,-0.048828125,-0.62255859375,-0.09765625,-0.20751953125,0.09765625,-1.23291015625,-0.0244140625,-1.62353515625,-0.15869140625,-1.33056640625,-0.06103515625,0.03662109375,-0.09765625,0.35400390625,0.0244140625,0,-0.06103515625,-0.06103515625,0.0732421875,0.20751953125,0.01220703125,0.5126953125,0.08544921875,0.8056640625,-0.0244140625,-0.4638671875,-0.09765625,-0.6103515625
0,-0.09765625,-0.390625,-0.08544921875,-0.3662109375,-0.03662109375,-0.42724609375,0.20751953125,-0.06103515625,-0.23193359375,0.06103515625,-0.1220703125,-0.84228515625,-0.10986328125,1.08642578125,0.0244140625,-0.10986328125,0.244140625,-0.5615234375,0.25634765625,-0.13427734375,0.06103515625,0.87890625,0.048828125,-0.6103515625,-0.048828125,-0.048828125,-0.20751953125,-0.59814453125,0.1708984375,1.23291015625,-0.2197265625,0.57373046875,0.03662109375,0.25634765625,-0.01220703125,-0.9033203125,-0.244140625,-0.5615234375,0.1953125,-0.8056640625,-0.2685546875,-0.2197265625,-0.830078125,-0.67138671875,-0.15869140625,-0.42724609375,-0.0244140625,0.59814453125,-0.06103515625,1.123046875,0.40283203125,0.47607421875,-0.13427734375,-0.0732421875,0.048828125,0.72021484375,-0.244140625,1.15966796875,0.5859375,0.69580078125,-0.87890625,1.1474609375,0.0732421875,0.89111328125,0.20751953125,0.30517578125,-0.244140625,1.0009765625,-0.29296875,0.1953125,-0.20751953125,0.18310546875,-0.244140625,0.2685546875,-0.08544921875,0.86669921875,0.08544921875,-0.0244140625,-0.06103515625,1.2939453125,-0.0244140625,-0.9765625,-0.15869140625,-0.35400390625,0.06103515625,-0.98876953125,-0.0244140625,-0.78125,-0.09765625,-1.01318359375,-0.18310546875,0.4150390625,0.244140625,0.50048828125,-0.06103515625,-0.18310546875,-0.1220703125,-0.7568359375,-0.01220703125,-0.78125,-0.08544921875,-0.6103515625,-0.048828125,-0.20751953125,0.08544921875,-1.57470703125,0.01220703125,-2.2216796875,-0.18310546875,-1.59912109375,-0.06103515625,-0.35400390625,-0.08544921875,0.3662109375,0.0244140625,0.0244140625,-0.06103515625,-0.0732421875,0.048828125,0.18310546875,0.01220703125,0.52490234375,0.06103515625,0.78125,-0.0244140625,-0.50048828125,-0.08544921875,-0.59814453125
0,-0.10986328125,-0.37841796875,-0.08544921875,-0.35400390625,-0.0244140625,-0.42724609375,0.18310546875,-0.0732421875,-0.2197265625,0.06103515625,-0.1220703125,-0.86669921875,-0.09765625,1.0986328125,0,-0.10986328125,0.244140625,-0.57373046875,0.2685546875,-0.15869140625,0.06103515625,0.87890625,0.01220703125,-0.6103515625,0,0.10986328125,-0.13427734375,-0.50048828125,0.146484375,1.40380859375,-0.13427734375,0.74462890625,0.09765625,0.25634765625,0.03662109375,-0.87890625,-0.25634765625,-0.57373046875,0.13427734375,-0.81787109375,-0.25634765625,-0.20751953125,-0.84228515625,-0.67138671875,-0.15869140625,-0.4638671875,-0.1220703125,0.59814453125,-0.06103515625,1.1474609375,0.3173828125,0.4638671875,-0.0732421875,-0.09765625,0.13427734375,0.74462890625,-0.29296875,1.55029296875,0.54931640625,0.98876953125,-0.9521484375,1.84326171875,0.0244140625,1.25732421875,0.20751953125,0.30517578125,-0.29296875,1.01318359375,-0.35400390625,0.2197265625,-0.15869140625,0.146484375,-0.2685546875,0.244140625,-0.048828125,0.84228515625,0.0732421875,0,0.0244140625,1.30615234375,-0.01220703125,-0.98876953125,-0.146484375,-0.390625,0.08544921875,-1.0009765625,-0.03662109375,-0.79345703125,-0.1708984375,-0.86669921875,-0.1708984375,0.52490234375,0.1953125,0.62255859375,-0.13427734375,-0.0244140625,-0.06103515625,-0.74462890625,0.0244140625,-0.7568359375,-0.09765625,-0.62255859375,-0.01220703125,-0.18310546875,0.09765625,-1.79443359375,0,-2.64892578125,-0.25634765625,-1.7822265625,-0.09765625,-0.6103515625,-0.10986328125,0.341796875,0.03662109375,0.0244140625,-0.06103515625,-0.048828125,0.06103515625,0.18310546875,0.03662109375,0.5126953125,0.0732421875,0.78125,0,-0.48828125,-0.048828125,-0.5859375
0,-0.13427734375,-0.3662109375,-0.06103515625,-0.3662109375,-0.0244140625,-0.42724609375,0.1708984375,-0.0732421875,-0.18310546875,0.08544921875,-0.146484375,-0.86669921875,-0.09765625,1.11083984375,0,-0.10986328125,0.20751953125,-0.5615234375,0.244140625,-0.13427734375,0,0.87890625,-0.01220703125,-0.5859375,0.08544921875,0.28076171875,-0.13427734375,-0.341796875,0.09765625,1.64794921875,0.01220703125,0.927734375,0.1708984375,0.2197265625,0.0244140625,-0.830078125,-0.244140625,-0.57373046875,0.10986328125,-0.8056640625,-0.244140625,-0.20751953125,-0.84228515625,-0.67138671875,-0.146484375,-0.48828125,-0.20751953125,0.59814453125,0.048828125,1.1474609375,0.29296875,0.4638671875,-0.0244140625,-0.146484375,0.25634765625,0.72021484375,-0.341796875,2.001953125,0.50048828125,1.35498046875,-0.89111328125,2.74658203125,0,1.708984375,0.15869140625,0.32958984375,-0.30517578125,1.025390625,-0.40283203125,0.23193359375,-0.10986328125,0.146484375,-0.30517578125,0.2197265625,-0.06103515625,0.830078125,0.048828125,0.01220703125,0.06103515625,1.2939453125,-0.03662109375,-1.0009765625,-0.1220703125,-0.3662109375,0.09765625,-1.025390625,-0.09765625,-0.8056640625,-0.25634765625,-0.76904296875,-0.1220703125,0.59814453125,0.09765625,0.72021484375,-0.1220703125,0.048828125,0.03662109375,-0.732421875,0.03662109375,-0.76904296875,-0.1220703125,-0.64697265625,-0.0244140625,-0.20751953125,0.06103515625,-1.89208984375,-0.0732421875,-2.880859375,-0.28076171875,-1.8310546875,-0.1220703125,-0.72021484375,-0.08544921875,0.35400390625,0.03662109375,0,-0.06103515625,-0.03662109375,0.06103515625,0.15869140625,0.0732421875,0.4638671875,0.06103515625,0.7568359375,0,-0.5126953125,-0.0244140625,-0.59814453125
0,-0.1220703125,-0.3662109375,-0.03662109375,-0.3662109375,0,-0.4150390625,0.18310546875,-0.0732421875,-0.1708984375,0.10986328125,-0.1708984375,-0.86669921875,-0.09765625,1.123046875,0,-0.1220703125,0.18310546875,-0.54931640625,0.1953125,-0.13427734375,-0.08544921875,0.8544921875,-0.10986328125,-0.5859375,0.15869140625,0.42724609375,-0.048828125,-0.2197265625,0.10986328125,1.85546875,0.1708984375,1.0498046875,0.1953125,0.20751953125,-0.01220703125,-0.76904296875,-0.2197265625,-0.5859375,0.0732421875,-0.81787109375,-0.244140625,-0.23193359375,-0.76904296875,-0.67138671875,-0.1220703125,-0.47607421875,-0.2685546875,0.59814453125,0.01220703125,1.15966796875,0.2685546875,0.45166015625,0,-0.20751953125,0.29296875,0.7080078125,-0.35400390625,2.5146484375,0.47607421875,1.74560546875,-0.8544921875,3.7353515625,-0.0244140625,2.20947265625,0.1220703125,0.30517578125,-0.29296875,1.0009765625,-0.37841796875,0.23193359375,-0.0732421875,0.1220703125,-0.32958984375,0.1953125,-0.048828125,0.81787109375,0.03662109375,0.01220703125,0.10986328125,1.28173828125,-0.048828125,-1.0009765625,-0.03662109375,-0.390625,0.08544921875,-1.01318359375,-0.146484375,-0.81787109375,-0.32958984375,-0.7080078125,-0.08544921875,0.6103515625,-0.01220703125,0.78125,-0.15869140625,0.0732421875,0.08544921875,-0.72021484375,0.03662109375,-0.7568359375,-0.1220703125,-0.67138671875,-0.048828125,-0.20751953125,0.1220703125,-1.89208984375,0.0244140625,-2.91748046875,-0.30517578125,-1.8310546875,-0.10986328125,-0.68359375,-0.048828125,0.35400390625,0.0244140625,0.0244140625,-0.06103515625,-0.01220703125,0.048828125,0.146484375,0.09765625,0.390625,0.048828125,0.732421875,0.01220703125,-0.5126953125,-0.0244140625,-0.59814453125
0,-0.146484375,-0.341796875,-0.01220703125,-0.3662109375,0.0244140625,-0.4150390625,0.20751953125,-0.0732421875,-0.1708984375,0.1220703125,-0.146484375,-0.86669921875,-0.0732421875,1.123046875,0.03662109375,-0.10986328125,0.13427734375,-0.52490234375,0.15869140625,-0.13427734375,-0.15869140625,0.86669921875,-0.2197265625,-0.5859375,0.15869140625,0.48828125,-0.03662109375,-0.146484375,0.10986328125,1.9775390625,0.28076171875,1.13525390625,0.1953125,0.18310546875,-0.03662109375,-0.8056640625,-0.1708984375,-0.5615234375,0.06103515625,-0.81787109375,-0.23193359375,-0.23193359375,-0.69580078125,-0.67138671875,-0.09765625,-0.47607421875,-0.25634765625,0.59814453125,0.06103515625,1.171875,0.28076171875,0.45166015625,0.048828125,-0.23193359375,0.2685546875,0.69580078125,-0.40283203125,3.01513671875,0.390625,2.16064453125,-0.84228515625,4.72412109375,-0.0732421875,2.69775390625,0.10986328125,0.30517578125,-0.3173828125,1.0009765625,-0.35400390625,0.2197265625,-0.06103515625,0.13427734375,-0.35400390625,0.20751953125,-0.03662109375,0.81787109375,0.048828125,0.03662109375,0.146484375,1.318359375,-0.08544921875,-1.0009765625,0.048828125,-0.390625,0.0244140625,-1.0009765625,-0.20751953125,-0.8056640625,-0.3662109375,-0.7568359375,-0.0732421875,0.5859375,-0.08544921875,0.732421875,-0.1220703125,0.01220703125,0.09765625,-0.732421875,0.048828125,-0.76904296875,-0.10986328125,-0.67138671875,-0.13427734375,-0.1953125,0.1953125,-1.7822265625,0.06103515625,-2.83203125,-0.30517578125,-1.74560546875,-0.1220703125,-0.57373046875,-0.0244140625,0.35400390625,0.03662109375,0.01220703125,-0.06103515625,0,0.06103515625,0.146484375,0.08544921875,0.32958984375,0.03662109375,0.732421875,0.0244140625,-0.52490234375,-0.03662109375,-0.59814453125
0,-0.18310546875,-0.341796875,-0.0244140625,-0.35400390625,0.0244140625,-0.4150390625,0.20751953125,-0.0732421875,-0.146484375,0.1708984375,-0.15869140625,-0.84228515625,-0.0732421875,1.123046875,0.03662109375,-0.13427734375,0.10986328125,-0.54931640625,0.1220703125,-0.13427734375,-0.2685546875,0.830078125,-0.28076171875,-0.57373046875,0.1220703125,0.48828125,-0.08544921875,-0.13427734375,0.08544921875,2.01416015625,0.3173828125,1.123046875,0.18310546875,0.15869140625,-0.06103515625,-0.8056640625,-0.1220703125,-0.54931640625,0.0244140625,-0.79345703125,-0.23193359375,-0.23193359375,-0.59814453125,-0.67138671875,-0.08544921875,-0.45166015625,-0.2197265625,0.634765625,0.0244140625,1.18408203125,0.32958984375,0.439453125,0.03662109375,-0.23193359375,0.30517578125,0.7080078125,-0.40283203125,3.466796875,0.439453125,2.5146484375,-0.81787109375,5.615234375,-0.13427734375,3.1494140625,0.03662109375,0.28076171875,-0.2685546875,0.9765625,-0.30517578125,0.20751953125,-0.1220703125,0.13427734375,-0.32958984375,0.20751953125,0.03662109375,0.79345703125,0.048828125,0.0244140625,0.146484375,1.28173828125,-0.10986328125,-1.0009765625,0.13427734375,-0.390625,-0.03662109375,-1.0009765625,-0.2197265625,-0.8056640625,-0.32958984375,-0.87890625,-0.0244140625,0.50048828125,-0.15869140625,0.634765625,-0.0732421875,-0.13427734375,0.0732421875,-0.7080078125,0.048828125,-0.78125,-0.1220703125,-0.68359375,-0.23193359375,-0.20751953125,0.20751953125,-1.62353515625,0.0732421875,-2.587890625,-0.25634765625,-1.59912109375,-0.18310546875,-0.40283203125,-0.03662109375,0.35400390625,0.01220703125,0.01220703125,-0.0732421875,0,0.0732421875,0.13427734375,0.09765625,0.23193359375,0.03662109375,0.74462890625,0.03662109375,-0.54931640625,-0.03662109375,-0.59814453125
0,-0.1953125,-0.35400390625,-0.01220703125,-0.35400390625,0.01220703125,-0.42724609375,0.1953125,-0.0732421875,-0.13427734375,0.18310546875,-0.13427734375,-0.87890625,-0.048828125,1.11083984375,0.0244140625,-0.146484375,0.06103515625,-0.57373046875,0.1220703125,-0.13427734375,-0.32958984375,0.8544921875,-0.25634765625,-0.5859375,0.1220703125,0.390625,0.0244140625,-0.1708984375,0.1220703125,1.91650390625,0.30517578125,1.03759765625,0.1220703125,0.09765625,-0.10986328125,-0.81787109375,-0.0732421875,-0.52490234375,0.06103515625,-0.79345703125,-0.244140625,-0.23193359375,-0.5126953125,-0.67138671875,-0.09765625,-0.439453125,-0.15869140625,0.634765625,0.0244140625,1.171875,0.3662109375,0.439453125,0.10986328125,-0.20751953125,0.3173828125,0.72021484375,-0.3662109375,3.857421875,0.35400390625,2.783203125,-0.79345703125,6.35986328125,-0.10986328125,3.55224609375,-0.01220703125,0.28076171875,-0.25634765625,1.0009765625,-0.2685546875,0.1953125,-0.15869140625,0.15869140625,-0.29296875,0.1953125,0.10986328125,0.81787109375,0.08544921875,0,0.09765625,1.2939453125,-0.09765625,-1.025390625,0.20751953125,-0.40283203125,-0.1220703125,-0.98876953125,-0.2197265625,-0.8056640625,-0.2685546875,-1.0498046875,0,0.390625,-0.146484375,0.52490234375,-0.0244140625,-0.29296875,0,-0.74462890625,0.06103515625,-0.79345703125,-0.09765625,-0.68359375,-0.341796875,-0.1953125,0.1953125,-1.4404296875,0.09765625,-2.28271484375,-0.2197265625,-1.45263671875,-0.23193359375,-0.18310546875,-0.0732421875,0.35400390625,0,0,-0.06103515625,0,0.08544921875,0.15869140625,0.1220703125,0.1708984375,0.06103515625,0.76904296875,0.03662109375,-0.537109375,-0.01220703125,-0.5859375
0,-0.1953125,-0.3662109375,-0.0244140625,-0.35400390625,0.0244140625,-0.4150390625,0.18310546875,-0.0732421875,-0.09765625,0.146484375,-0.1220703125,-0.86669921875,-0.0244140625,1.08642578125,0.0244140625,-0.1708984375,0,-0.59814453125,0.10986328125,-0.146484375,-0.3662109375,0.86669921875,-0.3173828125,-0.5859375,0.08544921875,0.25634765625,0.03662109375,-0.25634765625,0.13427734375,1.74560546875,0.146484375,0.89111328125,0.06103515625,0.06103515625,-0.146484375,-0.86669921875,-0.06103515625,-0.48828125,0.03662109375,-0.78125,-0.2197265625,-0.2197265625,-0.50048828125,-0.68359375,-0.1220703125,-0.42724609375,-0.08544921875,0.6591796875,0.03662109375,1.171875,0.439453125,0.4638671875,0.146484375,-0.13427734375,0.29296875,0.72021484375,-0.37841796875,4.1259765625,0.29296875,2.96630859375,-0.7568359375,6.8603515625,-0.1708984375,3.82080078125,-0.0244140625,0.28076171875,-0.25634765625,1.0009765625,-0.20751953125,0.1953125,-0.18310546875,0.15869140625,-0.2685546875,0.244140625,0.15869140625,0.78125,0.09765625,0.01220703125,0.06103515625,1.318359375,-0.048828125,-1.01318359375,0.2197265625,-0.40283203125,-0.25634765625,-0.98876953125,-0.1953125,-0.8056640625,-0.2685546875,-1.220703125,0.01220703125,0.28076171875,-0.13427734375,0.37841796875,-0.0244140625,-0.47607421875,-0.0244140625,-0.732421875,0.08544921875,-0.79345703125,-0.09765625,-0.67138671875,-0.439453125,-0.1953125,0.1708984375,-1.2451171875,0.10986328125,-1.953125,-0.146484375,-1.30615234375,-0.244140625,0.048828125,-0.06103515625,0.35400390625,0,-0.01220703125,-0.06103515625,-0.01220703125,0.10986328125,0.1708984375,0.09765625,0.1220703125,0.06103515625,0.8056640625,0.03662109375,-0.50048828125,0,-0.5859375
0,-0.1708984375,-0.390625,-0.0244140625,-0.3662109375,0.01220703125,-0.42724609375,0.15869140625,-0.09765625,-0.08544921875,0.146484375,-0.13427734375,-0.84228515625,0.01220703125,1.07421875,0,-0.1708984375,-0.06103515625,-0.6103515625,0.09765625,-0.15869140625,-0.4150390625,0.8544921875,-0.30517578125,-0.6103515625,0.048828125,0.1220703125,0.06103515625,-0.29296875,0.1708984375,1.55029296875,0.03662109375,0.78125,0.01220703125,0.0244140625,-0.1220703125,-0.9033203125,-0.0732421875,-0.50048828125,0.03662109375,-0.76904296875,-0.18310546875,-0.20751953125,-0.52490234375,-0.67138671875,-0.13427734375,-0.390625,0.03662109375,0.6591796875,0.0244140625,1.1474609375,0.48828125,0.47607421875,0.0244140625,-0.06103515625,0.2685546875,0.7080078125,-0.341796875,4.2724609375,0.25634765625,3.02734375,-0.732421875,7.1044921875,-0.146484375,3.94287109375,-0.048828125,0.30517578125,-0.2197265625,1.03759765625,-0.1708984375,0.1953125,-0.18310546875,0.1953125,-0.2685546875,0.25634765625,0.1708984375,0.830078125,0.1220703125,0.01220703125,0.03662109375,1.318359375,0.01220703125,-1.0009765625,0.23193359375,-0.40283203125,-0.37841796875,-0.96435546875,-0.1708984375,-0.78125,-0.15869140625,-1.3916015625,0.03662109375,0.18310546875,-0.06103515625,0.244140625,-0.01220703125,-0.6103515625,-0.048828125,-0.72021484375,0.10986328125,-0.79345703125,-0.1220703125,-0.67138671875,-0.48828125,-0.1953125,0.146484375,-1.07421875,0.08544921875,-1.67236328125,-0.13427734375,-1.18408203125,-0.2685546875,0.23193359375,-0.048828125,0.35400390625,0,0.01220703125,-0.0732421875,0.01220703125,0.10986328125,0.15869140625,0.10986328125,0.08544921875,0.08544921875,0.81787109375,0.01220703125,-0.48828125,-0.0244140625,-0.5859375
0,-0.1708984375,-0.390625,-0.03662109375,-0.3662109375,0.0244140625,-0.42724609375,0.1708984375,-0.08544921875,-0.1220703125,0.10986328125,-0.13427734375,-0.86669921875,0.03662109375,1.07421875,0.01220703125,-0.1708984375,-0.1220703125,-0.6103515625,0.08544921875,-0.146484375,-0.3662109375,0.86669921875,-0.28076171875,-0.59814453125,-0.03662109375,0.03662109375,0,-0.244140625,0.13427734375,1.42822265625,-0.13427734375,0.69580078125,-0.03662109375,0.0244140625,-0.0732421875,-0.9521484375,-0.03662109375,-0.48828125,0.10986328125,-0.7568359375,-0.1220703125,-0.2197265625,-0.5615234375,-0.68359375,-0.15869140625,-0.3662109375,0.1953125,0.634765625,-0.06103515625,1.13525390625,0.537109375,0.50048828125,0,0.01220703125,0.244140625,0.732421875,-0.3173828125,4.28466796875,0.20751953125,2.96630859375,-0.68359375,7.080078125,-0.13427734375,3.90625,-0.048828125,0.32958984375,-0.13427734375,1.03759765625,-0.1708984375,0.1953125,-0.15869140625,0.20751953125,-0.28076171875,0.25634765625,0.18310546875,0.830078125,0.08544921875,-0.0244140625,0,1.318359375,0.0732421875,-0.98876953125,0.18310546875,-0.390625,-0.4638671875,-0.9765625,-0.09765625,-0.8056640625,-0.10986328125,-1.513671875,0.01220703125,0.146484375,0.01220703125,0.15869140625,-0.06103515625,-0.732421875,-0.048828125,-0.72021484375,0.0732421875,-0.8056640625,-0.146484375,-0.6591796875,-0.5126953125,-0.18310546875,0.1708984375,-0.96435546875,0.146484375,-1.46484375,-0.13427734375,-1.08642578125,-0.2197265625,0.35400390625,-0.048828125,0.35400390625,0.01220703125,0,-0.08544921875,0,0.10986328125,0.1708984375,0.06103515625,0.08544921875,0.09765625,0.8056640625,0,-0.4638671875,-0.0244140625,-0.57373046875
1,-0.18310546875,-0.4150390625,-0.0244140625,-0.341796875,0.01220703125,-0.42724609375,0.1220703125,-0.08544921875,-0.10986328125,0.08544921875,-0.13427734375,-0.87890625,0.048828125,1.07421875,0.0244140625,-0.15869140625,-0.09765625,-0.59814453125,0.0732421875,-0.146484375,-0.32958984375,0.86669921875,-0.2685546875,-0.5859375,-0.0732421875,0.08544921875,-0.09765625,-0.0244140625,0.06103515625,1.42822265625,-0.20751953125,0.74462890625,-0.08544921875,-0.01220703125,-0.08544921875,-0.96435546875,-0.03662109375,-0.48828125,0.1708984375,-0.7568359375,-0.1220703125,-0.2197265625,-0.62255859375,-0.67138671875,-0.13427734375,-0.37841796875,0.25634765625,0.634765625,-0.0732421875,1.123046875,0.64697265625,0.48828125,0.06103515625,0.0732421875,0.15869140625,0.74462890625,-0.28076171875,4.11376953125,0.244140625,2.7587890625,-0.634765625,6.787109375,-0.03662109375,3.69873046875,-0.048828125,0.341796875,-0.048828125,1.03759765625,-0.146484375,0.23193359375,-0.09765625,0.2197265625,-0.2685546875,0.25634765625,0.20751953125,0.830078125,0.048828125,-0.0244140625,-0.03662109375,1.318359375,0.1220703125,-0.98876953125,0.13427734375,-0.3662109375,-0.537109375,-0.9521484375,-0.048828125,-0.78125,-0.13427734375,-1.57470703125,-0.06103515625,0.09765625,0.048828125,0.09765625,-0.08544921875,-0.78125,0,-0.72021484375,0.03662109375,-0.8056640625,-0.1708984375,-0.6591796875,-0.4638671875,-0.20751953125,0.13427734375,-0.87890625,0.1708984375,-1.35498046875,-0.15869140625,-1.06201171875,-0.1708984375,0.40283203125,-0.03662109375,0.3662109375,0.01220703125,0.01220703125,-0.06103515625,0.01220703125,0.10986328125,0.1953125,0.048828125,0.10986328125,0.10986328125,0.79345703125,-0.0244140625,-0.439453125,0,-0.57373046875
1,-0.244140625,-0.439453125,-0.01220703125,-0.341796875,0.03662109375,-0.45166015625,0.08544921875,-0.08544921875,-0.146484375,0,-0.10986328125,-0.86669921875,0.06103515625,1.07421875,0.0244140625,-0.146484375,-0.048828125,-0.59814453125,0.08544921875,-0.15869140625,-0.25634765625,0.87890625,-0.2685546875,-0.59814453125,-0.15869140625,0.28076171875,-0.244140625,0.42724609375,-0.06103515625,1.62353515625,-0.23193359375,0.98876953125,-0.1220703125,-0.03662109375,-0.08544921875,-0.96435546875,-0.06103515625,-0.47607421875,0.244140625,-0.76904296875,-0.1220703125,-0.23193359375,-0.7080078125,-0.6591796875,-0.08544921875,-0.37841796875,0.2685546875,0.62255859375,-0.10986328125,1.11083984375,0.69580078125,0.48828125,0.0244140625,0.09765625,0.13427734375,0.732421875,-0.28076171875,3.79638671875,0.3173828125,2.45361328125,-0.69580078125,6.2744140625,0.1220703125,3.38134765625,-0.048828125,0.35400390625,0.01220703125,1.025390625,-0.15869140625,0.23193359375,-0.08544921875,0.18310546875,-0.1708984375,0.23193359375,0.2197265625,0.84228515625,0,-0.03662109375,-0.03662109375,1.33056640625,0.1708984375,-0.98876953125,0.06103515625,-0.390625,-0.5126953125,-0.96435546875,-0.048828125,-0.79345703125,-0.01220703125,-1.55029296875,-0.03662109375,0.10986328125,0.18310546875,0.06103515625,-0.03662109375,-0.79345703125,-0.0244140625,-0.72021484375,0.01220703125,-0.79345703125,-0.2197265625,-0.6591796875,-0.40283203125,-0.20751953125,0.146484375,-0.89111328125,0.09765625,-1.33056640625,-0.15869140625,-1.0498046875,-0.08544921875,0.40283203125,-0.01220703125,0.3662109375,0.01220703125,0.0244140625,-0.06103515625,0,0.10986328125,0.18310546875,0.01220703125,0.1220703125,0.08544921875,0.79345703125,-0.0244140625,-0.439453125,0,-0.5615234375
1,-0.23193359375,-0.45166015625,-0.01220703125,-0.3173828125,0.0244140625,-0.439453125,0.10986328125,-0.08544921875,-0.146484375,-0.06103515625,-0.10986328125,-0.86669921875,0.0244140625,1.06201171875,0.0244140625,-0.1220703125,0.03662109375,-0.59814453125,0.09765625,-0.15869140625,-0.1708984375,0.87890625,-0.244140625,-0.5859375,-0.1953125,0.68359375,-0.29296875,1.123046875,-0.20751953125,2.06298828125,-0.1953125,1.42822265625,-0.09765625,-0.03662109375,-0.10986328125,-0.9521484375,-0.09765625,-0.47607421875,0.28076171875,-0.78125,-0.13427734375,-0.23193359375,-0.74462890625,-0.67138671875,-0.08544921875,-0.40283203125,0.2197265625,0.59814453125,-0.08544921875,1.13525390625,0.72021484375,0.47607421875,0.01220703125,0.1220703125,0.048828125,0.7080078125,-0.2685546875,3.3935546875,0.37841796875,2.099609375,-0.6103515625,5.56640625,0.2685546875,2.9052734375,-0.0244140625,0.341796875,0.09765625,1.025390625,-0.146484375,0.25634765625,-0.0244140625,0.18310546875,-0.03662109375,0.244140625,0.2197265625,0.84228515625,-0.06103515625,-0.01220703125,-0.01220703125,1.2939453125,0.1708984375,-0.9765625,0,-0.390625,-0.4150390625,-0.9765625,-0.0244140625,-0.78125,0.06103515625,-1.513671875,-0.09765625,0.10986328125,0.18310546875,0.08544921875,-0.08544921875,-0.78125,-0.01220703125,-0.7080078125,0.0244140625,-0.78125,-0.244140625,-0.64697265625,-0.32958984375,-0.18310546875,0.244140625,-0.91552734375,0.03662109375,-1.3916015625,-0.15869140625,-1.08642578125,0.0244140625,0.35400390625,-0.0244140625,0.37841796875,0.01220703125,0.01220703125,-0.0732421875,0.01220703125,0.10986328125,0.18310546875,-0.01220703125,0.1708984375,0.08544921875,0.830078125,-0.03662109375,-0.42724609375,-0.01220703125,-0.5615234375
1,-0.25634765625,-0.4638671875,0.01220703125,-0.3173828125,0.048828125,-0.439453125,0.09765625,-0.06103515625,-0.13427734375,-0.09765625,-0.1220703125,-0.86669921875,0.0244140625,1.06201171875,-0.01220703125,-0.10986328125,0.10986328125,-0.5859375,0.13427734375,-0.1708984375,-0.06103515625,0.9033203125,-0.244140625,-0.5615234375,-0.1708984375,1.220703125,-0.2685546875,2.01416015625,-0.28076171875,2.74658203125,-0.0732421875,2.0263671875,-0.048828125,-0.01220703125,0,-0.93994140625,-0.10986328125,-0.47607421875,0.30517578125,-0.79345703125,-0.1708984375,-0.20751953125,-0.7568359375,-0.6591796875,-0.1220703125,-0.40283203125,0.20751953125,0.6103515625,-0.048828125,1.15966796875,0.732421875,0.4638671875,0,0.0732421875,-0.06103515625,0.68359375,-0.29296875,2.880859375,0.42724609375,1.69677734375,-0.62255859375,4.7607421875,0.37841796875,2.3681640625,-0.048828125,0.3173828125,0.146484375,1.0009765625,-0.13427734375,0.23193359375,0.03662109375,0.1708984375,0.09765625,0.20751953125,0.23193359375,0.84228515625,-0.10986328125,-0.0244140625,-0.03662109375,1.30615234375,0.15869140625,-0.9765625,-0.06103515625,-0.390625,-0.28076171875,-0.98876953125,-0.048828125,-0.76904296875,-0.048828125,-1.416015625,-0.1220703125,0.1220703125,0.13427734375,0.10986328125,-0.0732421875,-0.74462890625,-0.048828125,-0.72021484375,0.03662109375,-0.76904296875,-0.23193359375,-0.68359375,-0.23193359375,-0.20751953125,0.2197265625,-0.9765625,-0.09765625,-1.52587890625,-0.20751953125,-1.1474609375,0.0244140625,0.2685546875,-0.03662109375,0.3662109375,0.0244140625,0.01220703125,-0.0732421875,0,0.10986328125,0.13427734375,0,0.1953125,0.048828125,0.79345703125,-0.03662109375,-0.439453125,-0.01220703125,-0.54931640625
1,-0.25634765625,-0.42724609375,0.048828125,-0.32958984375,0.08544921875,-0.439453125,0.10986328125,-0.0732421875,-0.18310546875,-0.13427734375,-0.1220703125,-0.89111328125,-0.03662109375,1.07421875,-0.01220703125,-0.1220703125,0.1708984375,-0.5615234375,0.18310546875,-0.146484375,-0.06103515625,0.9033203125,-0.2685546875,-0.57373046875,-0.18310546875,1.9287109375,-0.35400390625,3.13720703125,-0.3662109375,3.57666015625,0.01220703125,2.77099609375,0,0,0.10986328125,-0.9033203125,-0.10986328125,-0.48828125,0.28076171875,-0.8056640625,-0.1953125,-0.2197265625,-0.74462890625,-0.64697265625,-0.13427734375,-0.4150390625,0.10986328125,0.6103515625,0.01220703125,1.18408203125,0.74462890625,0.4638671875,-0.06103515625,0,-0.13427734375,0.67138671875,-0.341796875,2.33154296875,0.3662109375,1.26953125,-0.57373046875,3.89404296875,0.45166015625,1.81884765625,-0.09765625,0.25634765625,0.2197265625,0.98876953125,-0.1220703125,0.2197265625,0.06103515625,0.15869140625,0.20751953125,0.18310546875,0.1953125,0.8544921875,-0.15869140625,-0.01220703125,0,1.30615234375,0.09765625,-0.9765625,-0.09765625,-0.390625,-0.13427734375,-1.025390625,-0.08544921875,-0.78125,-0.03662109375,-1.318359375,-0.1220703125,0.15869140625,0.06103515625,0.10986328125,-0.06103515625,-0.74462890625,-0.10986328125,-0.7080078125,0.048828125,-0.7568359375,-0.244140625,-0.69580078125,-0.13427734375,-0.1953125,0.1953125,-1.07421875,-0.244140625,-1.708984375,-0.244140625,-1.20849609375,0.01220703125,0.20751953125,-0.03662109375,0.37841796875,0.01220703125,0,-0.06103515625,0,0.09765625,0.13427734375,0,0.20751953125,0.03662109375,0.79345703125,-0.03662109375,-0.45166015625,-0.03662109375,-0.54931640625
1,-0.244140625,-0.4150390625,0.048828125,-0.341796875,0.10986328125,-0.439453125,0.1220703125,-0.08544921875,-0.1953125,-0.146484375,-0.1220703125,-0.86669921875,-0.0732421875,1.07421875,-0.0244140625,-0.13427734375,0.1708984375,-0.5615234375,0.2197265625,-0.146484375,-0.0244140625,0.89111328125,-0.244140625,-0.537109375,-0.18310546875,2.67333984375,-0.1953125,4.3212890625,-0.341796875,4.52880859375,0.10986328125,3.57666015625,0.048828125,-0.01220703125,0.146484375,-0.89111328125,-0.146484375,-0.4638671875,0.18310546875,-0.84228515625,-0.25634765625,-0.1953125,-0.69580078125,-0.634765625,-0.1708984375,-0.4638671875,0.048828125,0.59814453125,0.06103515625,1.1962890625,0.76904296875,0.4638671875,0.03662109375,-0.0732421875,-0.20751953125,0.6591796875,-0.40283203125,1.79443359375,0.32958984375,0.927734375,-0.47607421875,3.06396484375,0.537109375,1.25732421875,-0.10986328125,0.23193359375,0.2685546875,0.98876953125,-0.0732421875,0.1953125,0.0732421875,0.146484375,0.30517578125,0.18310546875,0.09765625,0.84228515625,-0.20751953125,-0.03662109375,0.06103515625,1.2939453125,0.0244140625,-0.9765625,-0.10986328125,-0.390625,0.048828125,-1.03759765625,-0.146484375,-0.78125,-0.10986328125,-1.26953125,-0.1708984375,0.146484375,-0.0732421875,0.10986328125,-0.048828125,-0.72021484375,-0.06103515625,-0.7080078125,0.0244140625,-0.732421875,-0.244140625,-0.68359375,-0.0732421875,-0.1953125,0.29296875,-1.11083984375,-0.1220703125,-1.85546875,-0.20751953125,-1.23291015625,0.08544921875,0.13427734375,-0.048828125,0.390625,0.01220703125,0.01220703125,-0.09765625,0,0.09765625,0.1220703125,-0.01220703125,0.18310546875,0,0.79345703125,-0.0244140625,-0.48828125,-0.06103515625,-0.5126953125
1,-0.28076171875,-0.390625,0.06103515625,-0.390625,0.146484375,-0.439453125,0.13427734375,-0.09765625,-0.20751953125,-0.1220703125,-0.1220703125,-0.89111328125,-0.08544921875,1.08642578125,-0.03662109375,-0.15869140625,0.1708984375,-0.5615234375,0.23193359375,-0.146484375,-0.08544921875,0.87890625,-0.2197265625,-0.537109375,-0.15869140625,3.41796875,-0.10986328125,5.50537109375,-0.244140625,5.48095703125,0.146484375,4.39453125,0.06103515625,-0.0244140625,0.1708984375,-0.8544921875,-0.1220703125,-0.4638671875,0.09765625,-0.81787109375,-0.32958984375,-0.1953125,-0.59814453125,-0.6591796875,-0.1953125,-0.45166015625,0,0.59814453125,0.09765625,1.2451171875,0.76904296875,0.45166015625,0.08544921875,-0.13427734375,-0.28076171875,0.6591796875,-0.42724609375,1.2939453125,0.341796875,0.6103515625,-0.48828125,2.30712890625,0.57373046875,0.76904296875,-0.1220703125,0.1953125,0.25634765625,0.98876953125,-0.03662109375,0.18310546875,0.0732421875,0.15869140625,0.3173828125,0.18310546875,0,0.830078125,-0.244140625,-0.03662109375,0.08544921875,1.28173828125,-0.01220703125,-0.9765625,-0.13427734375,-0.4150390625,0.15869140625,-1.07421875,-0.18310546875,-0.78125,-0.20751953125,-1.18408203125,-0.20751953125,0.146484375,-0.15869140625,0.1220703125,-0.01220703125,-0.732421875,-0.048828125,-0.72021484375,-0.01220703125,-0.7568359375,-0.20751953125,-0.68359375,-0.048828125,-0.1953125,0.244140625,-1.123046875,-0.06103515625,-1.9287109375,-0.244140625,-1.23291015625,0,0.15869140625,-0.0244140625,0.37841796875,-0.01220703125,0.0244140625,-0.06103515625,0,0.09765625,0.146484375,-0.01220703125,0.15869140625,0.01220703125,0.79345703125,-0.03662109375,-0.50048828125,-0.048828125,-0.5126953125
1,-0.28076171875,-0.37841796875,0.06103515625,-0.390625,0.146484375,-0.42724609375,0.10986328125,-0.08544921875,-0.244140625,-0.08544921875,-0.1220703125,-0.91552734375,-0.09765625,1.123046875,-0.03662109375,-0.146484375,0.1708984375,-0.5615234375,0.244140625,-0.146484375,-0.146484375,0.86669921875,-0.18310546875,-0.537109375,-0.10986328125,4.08935546875,-0.03662109375,6.55517578125,-0.09765625,6.34765625,0.1708984375,5.1025390625,0.06103515625,-0.09765625,0.1708984375,-0.84228515625,-0.10986328125,-0.47607421875,0.01220703125,-0.8056640625,-0.35400390625,-0.20751953125,-0.52490234375,-0.6591796875,-0.25634765625,-0.4638671875,-0.03662109375,0.6103515625,0.0732421875,1.23291015625,0.7568359375,0.45166015625,0.0732421875,-0.1708984375,-0.2685546875,0.67138671875,-0.40283203125,0.86669921875,0.30517578125,0.37841796875,-0.50048828125,1.69677734375,0.634765625,0.3662109375,-0.08544921875,0.15869140625,0.29296875,0.9765625,0.0244140625,0.1708984375,0.06103515625,0.146484375,0.29296875,0.18310546875,-0.048828125,0.81787109375,-0.2197265625,-0.0244140625,0.08544921875,1.28173828125,-0.0732421875,-0.9765625,-0.13427734375,-0.40283203125,0.23193359375,-1.07421875,-0.1708984375,-0.78125,-0.341796875,-1.18408203125,-0.25634765625,0.146484375,-0.244140625,0.10986328125,-0.048828125,-0.72021484375,-0.048828125,-0.72021484375,-0.06103515625,-0.74462890625,-0.18310546875,-0.7080078125,-0.06103515625,-0.18310546875,0.18310546875,-1.06201171875,-0.03662109375,-1.9287109375,-0.23193359375,-1.1962890625,-0.0732421875,0.20751953125,0,0.37841796875,-0.01220703125,0.0244140625,-0.0732421875,-0.0244140625,0.09765625,0.146484375,-0.03662109375,0.09765625,-0.0244140625,0.8056640625,-0.048828125,-0.50048828125,-0.0244140625,-0.5126953125
1,-0.28076171875,-0.37841796875,0.048828125,-0.390625,0.1953125,-0.42724609375,0.1220703125,-0.10986328125,-0.1953125,-0.06103515625,-0.09765625,-0.9033203125,-0.09765625,1.0986328125,-0.048828125,-0.18310546875,0.1708984375,-0.57373046875,0.28076171875,-0.13427734375,-0.2197265625,0.86669921875,-0.15869140625,-0.5126953125,-0.0732421875,4.60205078125,-0.0244140625,7.40966796875,0.03662109375,7.03125,0.13427734375,5.67626953125,0.06103515625,-0.1708984375,0.15869140625,-0.830078125,-0.08544921875,-0.47607421875,-0.0732421875,-0.8056640625,-0.3662109375,-0.2197265625,-0.45166015625,-0.6591796875,-0.30517578125,-0.439453125,-0.048828125,0.6103515625,0.048828125,1.23291015625,0.69580078125,0.45166015625,0.13427734375,-0.18310546875,-0.35400390625,0.68359375,-0.32958984375,0.5126953125,0.3173828125,0.20751953125,-0.47607421875,1.23291015625,0.64697265625,0.06103515625,-0.01220703125,0.18310546875,0.29296875,1.0009765625,0.06103515625,0.15869140625,0.03662109375,0.15869140625,0.28076171875,0.2197265625,-0.08544921875,0.8056640625,-0.20751953125,-0.0244140625,0.06103515625,1.28173828125,-0.146484375,-0.96435546875,-0.13427734375,-0.40283203125,0.244140625,-1.06201171875,-0.13427734375,-0.76904296875,-0.28076171875,-1.171875,-0.18310546875,0.15869140625,-0.146484375,0.1220703125,-0.01220703125,-0.69580078125,-0.0244140625,-0.72021484375,-0.09765625,-0.76904296875,-0.15869140625,-0.69580078125,-0.08544921875,-0.18310546875,0.2197265625,-0.9521484375,0.09765625,-1.8310546875,-0.146484375,-1.07421875,-0.0732421875,0.3662109375,-0.01220703125,0.37841796875,-0.01220703125,0.0244140625,-0.0732421875,-0.0244140625,0.09765625,0.18310546875,-0.048828125,0.03662109375,-0.01220703125,0.8056640625,-0.03662109375,-0.537109375,0,-0.5126953125
1,-0.244140625,-0.390625,0.0244140625,-0.40283203125,0.18310546875,-0.4150390625,0.10986328125,-0.09765625,-0.1953125,-0.01220703125,-0.10986328125,-0.9033203125,-0.09765625,1.11083984375,-0.048828125,-0.15869140625,0.13427734375,-0.59814453125,0.30517578125,-0.146484375,-0.28076171875,0.8544921875,-0.15869140625,-0.52490234375,-0.0732421875,4.94384765625,-0.03662109375,8.02001953125,0.1708984375,7.45849609375,0.09765625,6.01806640625,0.06103515625,-0.20751953125,0.13427734375,-0.8544921875,-0.10986328125,-0.4638671875,-0.08544921875,-0.76904296875,-0.29296875,-0.20751953125,-0.42724609375,-0.67138671875,-0.30517578125,-0.439453125,-0.048828125,0.62255859375,0.048828125,1.220703125,0.64697265625,0.45166015625,0.13427734375,-0.13427734375,-0.341796875,0.7080078125,-0.23193359375,0.2685546875,0.23193359375,0.09765625,-0.537109375,0.91552734375,0.6103515625,-0.15869140625,0.03662109375,0.20751953125,0.23193359375,1.03759765625,0.09765625,0.15869140625,0,0.18310546875,0.244140625,0.23193359375,-0.10986328125,0.79345703125,-0.1708984375,-0.03662109375,0.0244140625,1.318359375,-0.10986328125,-0.9765625,-0.1220703125,-0.390625,0.244140625,-1.03759765625,-0.08544921875,-0.76904296875,-0.3173828125,-1.171875,-0.1708984375,0.18310546875,-0.09765625,0.1708984375,-0.06103515625,-0.62255859375,-0.06103515625,-0.74462890625,-0.146484375,-0.79345703125,-0.15869140625,-0.67138671875,-0.13427734375,-0.18310546875,0.09765625,-0.78125,0.10986328125,-1.62353515625,-0.1708984375,-0.927734375,-0.18310546875,0.57373046875,-0.0244140625,0.3662109375,0,0.0244140625,-0.0732421875,-0.03662109375,0.09765625,0.1708984375,-0.06103515625,-0.03662109375,0.0244140625,0.79345703125,-0.03662109375,-0.52490234375,0,-0.5126953125
1,-0.244140625,-0.37841796875,0.0244140625,-0.390625,0.20751953125,-0.4150390625,0.10986328125,-0.09765625,-0.23193359375,0.0244140625,-0.0732421875,-0.9033203125,-0.0732421875,1.08642578125,-0.0244140625,-0.1953125,0.0732421875,-0.59814453125,0.30517578125,-0.13427734375,-0.32958984375,0.8544921875,-0.146484375,-0.50048828125,0,5.09033203125,0.08544921875,8.3251953125,0.29296875,7.666015625,0.09765625,6.1767578125,0.01220703125,-0.30517578125,0.0732421875,-0.87890625,-0.09765625,-0.47607421875,-0.09765625,-0.78125,-0.2197265625,-0.23193359375,-0.37841796875,-0.67138671875,-0.30517578125,-0.42724609375,-0.048828125,0.62255859375,0.01220703125,1.20849609375,0.59814453125,0.45166015625,0.08544921875,-0.08544921875,-0.37841796875,0.732421875,-0.1708984375,0.09765625,0.048828125,0.06103515625,-0.48828125,0.7568359375,0.6103515625,-0.3173828125,0.1220703125,0.28076171875,0.15869140625,1.025390625,0.1220703125,0.1708984375,-0.06103515625,0.20751953125,0.23193359375,0.25634765625,-0.15869140625,0.76904296875,-0.10986328125,-0.0244140625,-0.03662109375,1.33056640625,-0.048828125,-0.96435546875,-0.10986328125,-0.390625,0.20751953125,-0.9765625,-0.0244140625,-0.76904296875,-0.25634765625,-1.15966796875,-0.13427734375,0.2197265625,-0.01220703125,0.2197265625,-0.13427734375,-0.537109375,-0.08544921875,-0.732421875,-0.18310546875,-0.8056640625,-0.1708984375,-0.67138671875,-0.1953125,-0.18310546875,0.08544921875,-0.537109375,0.13427734375,-1.35498046875,-0.1953125,-0.76904296875,-0.20751953125,0.81787109375,-0.03662109375,0.35400390625,0.03662109375,0.0244140625,-0.0732421875,-0.048828125,0.06103515625,0.20751953125,-0.06103515625,-0.09765625,0.0244140625,0.78125,-0.03662109375,-0.537109375,0.0244140625,-0.537109375
1,-0.20751953125,-0.37841796875,0.01220703125,-0.37841796875,0.2197265625,-0.4150390625,0.10986328125,-0.08544921875,-0.18310546875,0.048828125,-0.10986328125,-0.9033203125,-0.0244140625,1.08642578125,-0.03662109375,-0.1708984375,-0.01220703125,-0.6103515625,0.244140625,-0.13427734375,-0.3173828125,0.8544921875,-0.2197265625,-0.48828125,0.0732421875,5.078125,0.1220703125,8.349609375,0.30517578125,7.6416015625,0.09765625,6.11572265625,0,-0.3662109375,0.03662109375,-0.91552734375,-0.08544921875,-0.47607421875,-0.10986328125,-0.78125,-0.15869140625,-0.244140625,-0.35400390625,-0.67138671875,-0.2197265625,-0.42724609375,0.01220703125,0.62255859375,-0.06103515625,1.20849609375,0.52490234375,0.4638671875,0.23193359375,0.01220703125,-0.390625,0.7568359375,-0.08544921875,0.01220703125,-0.0732421875,0.048828125,-0.5126953125,0.74462890625,0.634765625,-0.40283203125,0.20751953125,0.341796875,0.08544921875,1.03759765625,0.10986328125,0.18310546875,-0.1220703125,0.2197265625,0.13427734375,0.28076171875,-0.20751953125,0.79345703125,-0.08544921875,-0.01220703125,-0.08544921875,1.3427734375,0.048828125,-0.9765625,-0.08544921875,-0.35400390625,0.1708984375,-0.96435546875,0.01220703125,-0.76904296875,-0.146484375,-1.123046875,-0.09765625,0.29296875,0.08544921875,0.29296875,-0.18310546875,-0.40283203125,-0.10986328125,-0.732421875,-0.2685546875,-0.8056640625,-0.20751953125,-0.67138671875,-0.1953125,-0.1953125,0.1708984375,-0.30517578125,0.244140625,-1.07421875,-0.15869140625,-0.62255859375,-0.15869140625,1.06201171875,-0.03662109375,0.341796875,0.03662109375,0.03662109375,-0.0732421875,-0.06103515625,0.06103515625,0.1953125,-0.0732421875,-0.13427734375,0.03662109375,0.79345703125,-0.03662109375,-0.54931640625,0.03662109375,-0.537109375
1,-0.2197265625,-0.390625,0.01220703125,-0.37841796875,0.20751953125,-0.42724609375,0.08544921875,-0.09765625,-0.1953125,0.08544921875,-0.09765625,-0.91552734375,0.01220703125,1.08642578125,0,-0.18310546875,-0.048828125,-0.62255859375,0.1708984375,-0.146484375,-0.29296875,0.8544921875,-0.3173828125,-0.50048828125,0.09765625,4.9072265625,0,8.154296875,0.2197265625,7.40966796875,0.08544921875,5.95703125,-0.048828125,-0.439453125,0.01220703125,-0.927734375,-0.0732421875,-0.5126953125,-0.08544921875,-0.78125,-0.03662109375,-0.244140625,-0.32958984375,-0.6591796875,-0.10986328125,-0.45166015625,0.06103515625,0.634765625,-0.1220703125,1.20849609375,0.47607421875,0.45166015625,0.29296875,0.0732421875,-0.40283203125,0.7568359375,-0.06103515625,-0.048828125,-0.146484375,0.048828125,-0.6103515625,0.8056640625,0.64697265625,-0.45166015625,0.2197265625,0.390625,0.0244140625,1.0498046875,0.09765625,0.2197265625,-0.13427734375,0.23193359375,0.0244140625,0.30517578125,-0.20751953125,0.8056640625,-0.048828125,0,-0.1220703125,1.35498046875,0.09765625,-0.9765625,-0.06103515625,-0.3662109375,0.048828125,-0.9033203125,0,-0.76904296875,-0.13427734375,-1.08642578125,-0.06103515625,0.35400390625,0.13427734375,0.390625,-0.244140625,-0.30517578125,-0.10986328125,-0.732421875,-0.29296875,-0.8056640625,-0.244140625,-0.6591796875,-0.2197265625,-0.23193359375,0.146484375,-0.0732421875,0.146484375,-0.79345703125,-0.23193359375,-0.439453125,-0.2197265625,1.30615234375,-0.09765625,0.35400390625,0.03662109375,0.01220703125,-0.0732421875,-0.03662109375,0.03662109375,0.20751953125,-0.08544921875,-0.146484375,0.03662109375,0.78125,-0.048828125,-0.52490234375,0.03662109375,-0.57373046875
1,-0.25634765625,-0.390625,0.03662109375,-0.3662109375,0.20751953125,-0.42724609375,0.048828125,-0.08544921875,-0.13427734375,0.08544921875,-0.1220703125,-0.89111328125,0.048828125,1.08642578125,0.01220703125,-0.1708984375,-0.048828125,-0.6103515625,0.09765625,-0.1220703125,-0.25634765625,0.8544921875,-0.3662109375,-0.50048828125,0.08544921875,4.6630859375,-0.13427734375,7.80029296875,0.0732421875,7.06787109375,0.1220703125,5.67626953125,-0.06103515625,-0.45166015625,-0.03662109375,-0.93994140625,-0.06103515625,-0.52490234375,-0.03662109375,-0.78125,0.0732421875,-0.2685546875,-0.28076171875,-0.67138671875,-0.0244140625,-0.4150390625,0.06103515625,0.62255859375,-0.1953125,1.220703125,0.40283203125,0.42724609375,0.29296875,0.146484375,-0.3662109375,0.79345703125,-0.03662109375,-0.048828125,-0.20751953125,0.048828125,-0.69580078125,0.927734375,0.64697265625,-0.47607421875,0.2197265625,0.40283203125,-0.01220703125,1.025390625,0.048828125,0.2197265625,-0.18310546875,0.20751953125,-0.0244140625,0.2685546875,-0.23193359375,0.830078125,-0.01220703125,0,-0.1953125,1.35498046875,0.10986328125,-1.01318359375,-0.01220703125,-0.35400390625,-0.08544921875,-0.91552734375,-0.06103515625,-0.78125,-0.09765625,-1.07421875,0.01220703125,0.40283203125,0.15869140625,0.439453125,-0.244140625,-0.244140625,-0.08544921875,-0.72021484375,-0.28076171875,-0.8056640625,-0.29296875,-0.67138671875,-0.18310546875,-0.2197265625,0.15869140625,0.146484375,0.13427734375,-0.57373046875,-0.2197265625,-0.30517578125,-0.1953125,1.50146484375,-0.09765625,0.37841796875,0.0732421875,0,-0.0732421875,-0.048828125,0.03662109375,0.1953125,-0.06103515625,-0.146484375,0,0.78125,-0.03662109375,-0.50048828125,0.01220703125,-0.57373046875
0,-0.244140625,-0.40283203125,0.03662109375,-0.37841796875,0.1953125,-0.4150390625,0.048828125,-0.08544921875,-0.0732421875,0.08544921875,-0.146484375,-0.87890625,0.08544921875,1.08642578125,0,-0.13427734375,-0.01220703125,-0.59814453125,0.0732421875,-0.1220703125,-0.15869140625,0.86669921875,-0.45166015625,-0.5126953125,0.0732421875,4.39453125,-0.25634765625,7.3486328125,-0.09765625,6.7138671875,0.15869140625,5.35888671875,-0.09765625,-0.45166015625,-0.13427734375,-0.93994140625,-0.0244140625,-0.537109375,-0.01220703125,-0.78125,0.1220703125,-0.244140625,-0.2197265625,-0.64697265625,0.06103515625,-0.4150390625,0.09765625,0.62255859375,-0.20751953125,1.220703125,0.341796875,0.4150390625,0.37841796875,0.1708984375,-0.37841796875,0.79345703125,-0.0244140625,-0.0244140625,-0.28076171875,0.06103515625,-0.79345703125,1.08642578125,0.54931640625,-0.50048828125,0.1953125,0.37841796875,-0.03662109375,1.03759765625,0,0.25634765625,-0.20751953125,0.20751953125,-0.0732421875,0.2685546875,-0.2197265625,0.84228515625,-0.01220703125,0.01220703125,-0.20751953125,1.318359375,0.13427734375,-1.025390625,0.03662109375,-0.3662109375,-0.20751953125,-0.91552734375,-0.13427734375,-0.79345703125,0,-1.06201171875,0.03662109375,0.390625,0.13427734375,0.4638671875,-0.20751953125,-0.1953125,-0.048828125,-0.72021484375,-0.2685546875,-0.79345703125,-0.341796875,-0.68359375,-0.146484375,-0.20751953125,0.2197265625,0.28076171875,0.1708984375,-0.4638671875,-0.2197265625,-0.1953125,-0.146484375,1.66015625,-0.09765625,0.3662109375,0.048828125,0,-0.0732421875,-0.01220703125,0.03662109375,0.1708984375,-0.06103515625,-0.0732421875,-0.03662109375,0.79345703125,-0.048828125,-0.50048828125,0,-0.57373046875
0,-0.25634765625,-0.390625,0.03662109375,-0.35400390625,0.20751953125,-0.4150390625,-0.01220703125,-0.0732421875,-0.048828125,0.048828125,-0.15869140625,-0.89111328125,0.09765625,1.0986328125,0.01220703125,-0.13427734375,0.048828125,-0.5859375,0.0732421875,-0.1220703125,-0.10986328125,0.86669921875,-0.47607421875,-0.54931640625,0.0732421875,4.1015625,-0.25634765625,6.84814453125,-0.23193359375,6.34765625,0.13427734375,5.04150390625,-0.1220703125,-0.439453125,-0.1220703125,-0.9521484375,0,-0.5615234375,0.01220703125,-0.79345703125,0.09765625,-0.244140625,-0.20751953125,-0.64697265625,0.10986328125,-0.4150390625,0.146484375,0.62255859375,-0.18310546875,1.23291015625,0.3173828125,0.4150390625,0.35400390625,0.1708984375,-0.30517578125,0.81787109375,-0.01220703125,-0.01220703125,-0.32958984375,0.03662109375,-0.69580078125,1.220703125,0.52490234375,-0.5126953125,0.20751953125,0.341796875,-0.146484375,1.01318359375,-0.08544921875,0.25634765625,-0.20751953125,0.1708984375,-0.13427734375,0.244140625,-0.1708984375,0.84228515625,-0.01220703125,0,-0.15869140625,1.30615234375,0.1220703125,-1.025390625,0.0732421875,-0.3662109375,-0.3173828125,-0.96435546875,-0.18310546875,-0.8056640625,0.03662109375,-1.06201171875,0.048828125,0.3173828125,0.0732421875,0.42724609375,-0.1220703125,-0.25634765625,0,-0.732421875,-0.1953125,-0.8056640625,-0.3662109375,-0.67138671875,-0.09765625,-0.1953125,0.23193359375,0.3662109375,0.146484375,-0.4150390625,-0.1953125,-0.13427734375,-0.1220703125,1.74560546875,-0.06103515625,0.3662109375,0.01220703125,-0.01220703125,-0.06103515625,-0.01220703125,0.0244140625,0.1708984375,-0.0732421875,0,-0.06103515625,0.79345703125,-0.06103515625,-0.50048828125,-0.01220703125,-0.5859375
0,-0.28076171875,-0.37841796875,0.0244140625,-0.341796875,0.244140625,-0.42724609375,-0.03662109375,-0.08544921875,-0.048828125,0.0244140625,-0.1708984375,-0.87890625,0.10986328125,1.0986328125,-0.01220703125,-0.1220703125,0.08544921875,-0.5859375,0.1220703125,-0.1220703125,-0.08544921875,0.86669921875,-0.40283203125,-0.57373046875,0.01220703125,3.86962890625,-0.2685546875,6.396484375,-0.32958984375,6.0302734375,0.0732421875,4.78515625,-0.10986328125,-0.3662109375,-0.06103515625,-0.91552734375,0.01220703125,-0.5615234375,0.01220703125,-0.78125,0.0244140625,-0.244140625,-0.18310546875,-0.64697265625,0.1220703125,-0.42724609375,0.23193359375,0.6103515625,-0.1953125,1.220703125,0.2685546875,0.42724609375,0.37841796875,0.10986328125,-0.244140625,0.8544921875,-0.0244140625,0.01220703125,-0.3662109375,0,-0.72021484375,1.30615234375,0.45166015625,-0.5126953125,0.15869140625,0.25634765625,-0.1953125,1.01318359375,-0.146484375,0.2685546875,-0.1953125,0.146484375,-0.1953125,0.23193359375,-0.146484375,0.87890625,0,0.0244140625,-0.13427734375,1.28173828125,0.09765625,-1.025390625,0.10986328125,-0.37841796875,-0.4150390625,-1.0009765625,-0.1953125,-0.830078125,0.08544921875,-1.123046875,0.048828125,0.23193359375,-0.01220703125,0.35400390625,-0.048828125,-0.37841796875,-0.0244140625,-0.72021484375,-0.10986328125,-0.79345703125,-0.35400390625,-0.68359375,-0.09765625,-0.1708984375,0.1953125,0.40283203125,0.08544921875,-0.4638671875,-0.15869140625,-0.1220703125,-0.1220703125,1.74560546875,-0.06103515625,0.3662109375,-0.01220703125,0,-0.06103515625,-0.01220703125,0.03662109375,0.1708984375,-0.06103515625,0.09765625,-0.0732421875,0.81787109375,-0.08544921875,-0.48828125,-0.0244140625,-0.5859375
0,-0.28076171875,-0.3662109375,0.01220703125,-0.32958984375,0.2685546875,-0.4150390625,-0.06103515625,-0.0732421875,-0.048828125,0.01220703125,-0.18310546875,-0.87890625,0.13427734375,1.0986328125,-0.03662109375,-0.1220703125,0.048828125,-0.57373046875,0.146484375,-0.13427734375,-0.048828125,0.86669921875,-0.35400390625,-0.634765625,0.01220703125,3.6865234375,-0.146484375,6.005859375,-0.2685546875,5.810546875,0.06103515625,4.57763671875,-0.1220703125,-0.28076171875,-0.0244140625,-0.89111328125,0.01220703125,-0.5615234375,0.0732421875,-0.8056640625,-0.08544921875,-0.23193359375,-0.2197265625,-0.6591796875,0.0732421875,-0.40283203125,0.32958984375,0.6591796875,-0.2197265625,1.20849609375,0.2685546875,0.42724609375,0.45166015625,0.03662109375,-0.20751953125,0.9033203125,-0.01220703125,0.03662109375,-0.390625,-0.048828125,-0.78125,1.35498046875,0.35400390625,-0.5126953125,0.1220703125,0.1953125,-0.20751953125,0.98876953125,-0.1953125,0.28076171875,-0.146484375,0.13427734375,-0.244140625,0.20751953125,-0.1220703125,0.84228515625,0.01220703125,0.03662109375,-0.048828125,1.2939453125,0.03662109375,-1.01318359375,0.1708984375,-0.37841796875,-0.48828125,-1.025390625,-0.18310546875,-0.8056640625,0.15869140625,-1.11083984375,0.0732421875,0.1220703125,-0.048828125,0.23193359375,0.08544921875,-0.50048828125,-0.08544921875,-0.732421875,-0.048828125,-0.79345703125,-0.32958984375,-0.68359375,-0.03662109375,-0.1953125,0.146484375,0.35400390625,-0.03662109375,-0.5859375,-0.15869140625,-0.15869140625,-0.13427734375,1.72119140625,-0.048828125,0.3662109375,0,0.01220703125,-0.06103515625,0.0244140625,0.0244140625,0.146484375,-0.06103515625,0.18310546875,-0.1220703125,0.830078125,-0.09765625,-0.50048828125,-0.0244140625,-0.57373046875
0,-0.2685546875,-0.37841796875,0.0244140625,-0.32958984375,0.28076171875,-0.439453125,-0.06103515625,-0.0732421875,-0.0732421875,0,-0.1708984375,-0.8544921875,0.13427734375,1.0986328125,-0.06103515625,-0.1220703125,0.0244140625,-0.5859375,0.2197265625,-0.146484375,-0.048828125,0.86669921875,-0.2197265625,-0.67138671875,-0.01220703125,3.52783203125,-0.1708984375,5.70068359375,-0.20751953125,5.6884765625,-0.0244140625,4.4189453125,-0.1220703125,-0.20751953125,0,-0.87890625,-0.01220703125,-0.54931640625,0.08544921875,-0.81787109375,-0.18310546875,-0.2197265625,-0.25634765625,-0.634765625,0.0244140625,-0.4150390625,0.32958984375,0.634765625,-0.244140625,1.18408203125,0.30517578125,0.45166015625,0.45166015625,-0.048828125,-0.048828125,0.927734375,-0.03662109375,0.03662109375,-0.4150390625,-0.10986328125,-0.76904296875,1.30615234375,0.30517578125,-0.48828125,0.10986328125,0.146484375,-0.23193359375,1.0009765625,-0.20751953125,0.244140625,-0.08544921875,0.1220703125,-0.3173828125,0.2197265625,-0.1220703125,0.81787109375,0.0244140625,0.0244140625,0.048828125,1.28173828125,-0.01220703125,-1.0009765625,0.20751953125,-0.37841796875,-0.5615234375,-1.06201171875,-0.10986328125,-0.8056640625,0.1953125,-1.06201171875,0.08544921875,0.03662109375,-0.09765625,0.15869140625,0.146484375,-0.62255859375,-0.1220703125,-0.74462890625,0.01220703125,-0.78125,-0.28076171875,-0.69580078125,0,-0.1708984375,0.09765625,0.23193359375,-0.10986328125,-0.732421875,-0.146484375,-0.2197265625,-0.13427734375,1.59912109375,-0.0732421875,0.37841796875,-0.01220703125,0,-0.0732421875,0.01220703125,0.01220703125,0.15869140625,-0.06103515625,0.29296875,-0.13427734375,0.8544921875,-0.10986328125,-0.537109375,-0.0244140625,-0.54931640625
0,-0.30517578125,-0.3662109375,0.01220703125,-0.341796875,0.2685546875,-0.4150390625,-0.06103515625,-0.0732421875,-0.0732421875,0.01220703125,-0.18310546875,-0.86669921875,0.15869140625,1.08642578125,-0.0732421875,-0.1220703125,0.01220703125,-0.59814453125,0.29296875,-0.13427734375,-0.048828125,0.87890625,-0.10986328125,-0.67138671875,-0.06103515625,3.43017578125,-0.20751953125,5.48095703125,-0.1220703125,5.56640625,-0.10986328125,4.30908203125,-0.1708984375,-0.10986328125,-0.01220703125,-0.86669921875,-0.0244140625,-0.5126953125,0.08544921875,-0.8056640625,-0.23193359375,-0.244140625,-0.30517578125,-0.6103515625,0,-0.4150390625,0.30517578125,0.64697265625,-0.1953125,1.13525390625,0.244140625,0.4638671875,0.64697265625,-0.10986328125,0.06103515625,0.96435546875,-0.08544921875,0.0244140625,-0.341796875,-0.15869140625,-0.732421875,1.171875,0.2197265625,-0.45166015625,0.0732421875,0.1220703125,-0.23193359375,0.98876953125,-0.2197265625,0.23193359375,-0.048828125,0.09765625,-0.35400390625,0.2197265625,-0.1220703125,0.81787109375,0.048828125,0.01220703125,0.09765625,1.2939453125,-0.06103515625,-0.98876953125,0.2197265625,-0.390625,-0.57373046875,-1.0498046875,-0.03662109375,-0.79345703125,0.1708984375,-0.927734375,0.0732421875,0.0244140625,-0.10986328125,0.13427734375,0.1220703125,-0.6591796875,-0.15869140625,-0.74462890625,0,-0.78125,-0.25634765625,-0.69580078125,0.01220703125,-0.1708984375,0.048828125,0.1220703125,-0.146484375,-0.87890625,-0.146484375,-0.3173828125,-0.1220703125,1.47705078125,-0.0732421875,0.3662109375,-0.0244140625,0.0244140625,-0.0732421875,0.01220703125,0,0.1708984375,-0.08544921875,0.4150390625,-0.1220703125,0.8544921875,-0.13427734375,-0.54931640625,-0.0244140625,-0.537109375
0,-0.29296875,-0.341796875,-0.01220703125,-0.3662109375,0.29296875,-0.42724609375,-0.08544921875,-0.0732421875,-0.03662109375,0.0732421875,-0.1953125,-0.87890625,0.146484375,1.11083984375,-0.1220703125,-0.13427734375,0.01220703125,-0.57373046875,0.30517578125,-0.1220703125,-0.0244140625,0.86669921875,0.01220703125,-0.69580078125,-0.08544921875,3.33251953125,-0.25634765625,5.2734375,-0.01220703125,5.45654296875,-0.1708984375,4.21142578125,-0.1953125,-0.0244140625,0.0244140625,-0.86669921875,-0.10986328125,-0.50048828125,0.03662109375,-0.79345703125,-0.28076171875,-0.23193359375,-0.341796875,-0.64697265625,-0.06103515625,-0.42724609375,0.25634765625,0.64697265625,-0.15869140625,1.0986328125,0.20751953125,0.4638671875,0.69580078125,-0.13427734375,0.18310546875,0.98876953125,-0.0732421875,0.03662109375,-0.3173828125,-0.15869140625,-0.732421875,1.0498046875,0.23193359375,-0.4150390625,0.03662109375,0.10986328125,-0.25634765625,0.98876953125,-0.1708984375,0.1953125,-0.048828125,0.13427734375,-0.3662109375,0.23193359375,-0.06103515625,0.76904296875,0.09765625,0,0.15869140625,1.28173828125,-0.08544921875,-0.98876953125,0.18310546875,-0.3662109375,-0.54931640625,-1.03759765625,0.0244140625,-0.76904296875,0.15869140625,-0.59814453125,0.09765625,0.146484375,-0.08544921875,0.23193359375,0.0732421875,-0.5615234375,-0.1220703125,-0.76904296875,0.01220703125,-0.76904296875,-0.23193359375,-0.68359375,0.0244140625,-0.1708984375,0.048828125,0,-0.1220703125,-1.0009765625,-0.08544921875,-0.40283203125,-0.13427734375,1.35498046875,-0.08544921875,0.341796875,-0.048828125,0.01220703125,-0.048828125,0.0244140625,0,0.18310546875,-0.1220703125,0.48828125,-0.13427734375,0.86669921875,-0.13427734375,-0.537109375,-0.01220703125,-0.52490234375
0,-0.29296875,-0.35400390625,-0.0244140625,-0.3662109375,0.2685546875,-0.42724609375,-0.048828125,-0.08544921875,-0.03662109375,0.13427734375,-0.1953125,-0.87890625,0.146484375,1.0986328125,-0.146484375,-0.15869140625,0.048828125,-0.59814453125,0.3662109375,-0.10986328125,0.01220703125,0.8544921875,0.10986328125,-0.7080078125,-0.03662109375,3.1982421875,-0.244140625,5.06591796875,0.06103515625,5.35888671875,-0.2197265625,4.0771484375,-0.18310546875,0.06103515625,0.09765625,-0.87890625,-0.15869140625,-0.48828125,-0.01220703125,-0.78125,-0.28076171875,-0.244140625,-0.390625,-0.64697265625,-0.08544921875,-0.42724609375,0.20751953125,0.64697265625,-0.08544921875,1.07421875,0.146484375,0.4638671875,0.74462890625,-0.13427734375,0.2685546875,0.9765625,-0.08544921875,0.03662109375,-0.30517578125,-0.146484375,-0.7080078125,0.8544921875,0.25634765625,-0.3662109375,0,0.1220703125,-0.25634765625,1.01318359375,-0.18310546875,0.18310546875,-0.10986328125,0.146484375,-0.32958984375,0.244140625,0,0.74462890625,0.13427734375,-0.01220703125,0.1953125,1.318359375,-0.13427734375,-0.9765625,0.1708984375,-0.3662109375,-0.45166015625,-1.03759765625,0.03662109375,-0.74462890625,0.01220703125,-0.09765625,0.10986328125,0.390625,-0.06103515625,0.48828125,-0.0244140625,-0.28076171875,-0.10986328125,-0.7568359375,0.0244140625,-0.78125,-0.2197265625,-0.68359375,0.0244140625,-0.1708984375,0.03662109375,-0.09765625,-0.0732421875,-1.06201171875,-0.0244140625,-0.47607421875,-0.15869140625,1.25732421875,-0.10986328125,0.3662109375,-0.03662109375,0.01220703125,-0.048828125,0.03662109375,-0.0244140625,0.20751953125,-0.13427734375,0.57373046875,-0.09765625,0.8544921875,-0.146484375,-0.5126953125,-0.01220703125,-0.5615234375
0,-0.2685546875,-0.3662109375,-0.03662109375,-0.390625,0.25634765625,-0.42724609375,-0.08544921875,-0.09765625,-0.01220703125,0.1953125,-0.1953125,-0.89111328125,0.13427734375,1.07421875,-0.15869140625,-0.18310546875,0.048828125,-0.5859375,0.37841796875,-0.09765625,0.06103515625,0.86669921875,0.13427734375,-0.67138671875,0,3.02734375,-0.23193359375,4.77294921875,0.09765625,5.16357421875,-0.1708984375,3.90625,-0.13427734375,0.10986328125,0.0732421875,-0.86669921875,-0.1953125,-0.48828125,-0.048828125,-0.78125,-0.28076171875,-0.244140625,-0.35400390625,-0.6591796875,-0.10986328125,-0.439453125,0.10986328125,0.6591796875,-0.06103515625,1.07421875,0.13427734375,0.47607421875,0.78125,-0.048828125,0.244140625,0.93994140625,-0.0732421875,0.06103515625,-0.37841796875,-0.09765625,-0.6591796875,0.64697265625,0.23193359375,-0.32958984375,-0.03662109375,0.15869140625,-0.23193359375,1.0498046875,-0.1220703125,0.20751953125,-0.146484375,0.18310546875,-0.25634765625,0.2685546875,0.03662109375,0.7568359375,0.15869140625,-0.01220703125,0.13427734375,1.318359375,-0.1220703125,-0.96435546875,0.10986328125,-0.341796875,-0.341796875,-1.0009765625,0,-0.74462890625,-0.1708984375,0.64697265625,0.09765625,0.8056640625,-0.06103515625,0.89111328125,-0.1220703125,0.23193359375,-0.0244140625,-0.78125,0.0244140625,-0.8056640625,-0.1953125,-0.67138671875,0.01220703125,-0.1708984375,0.01220703125,-0.1953125,-0.13427734375,-1.08642578125,-0.0244140625,-0.537109375,-0.18310546875,1.1474609375,-0.09765625,0.37841796875,-0.0244140625,0.01220703125,-0.0732421875,0.0244140625,-0.0244140625,0.23193359375,-0.15869140625,0.5859375,-0.0732421875,0.86669921875,-0.15869140625,-0.52490234375,-0.01220703125,-0.54931640625
0,-0.2197265625,-0.390625,-0.0244140625,-0.37841796875,0.25634765625,-0.42724609375,-0.0732421875,-0.0732421875,0.0244140625,0.25634765625,-0.18310546875,-0.89111328125,0.08544921875,1.08642578125,-0.15869140625,-0.18310546875,0.0244140625,-0.6103515625,0.3662109375,-0.08544921875,0.0732421875,0.89111328125,0.0732421875,-0.6591796875,0.048828125,2.8076171875,-0.20751953125,4.43115234375,0.09765625,4.8828125,-0.10986328125,3.6865234375,-0.06103515625,0.1708984375,0.06103515625,-0.87890625,-0.2197265625,-0.50048828125,-0.0732421875,-0.76904296875,-0.25634765625,-0.23193359375,-0.32958984375,-0.67138671875,-0.08544921875,-0.439453125,0.01220703125,0.64697265625,-0.048828125,1.08642578125,0.1953125,0.4638671875,0.732421875,0,0.1953125,0.89111328125,-0.048828125,0.09765625,-0.4150390625,-0.048828125,-0.4638671875,0.439453125,0.23193359375,-0.29296875,-0.06103515625,0.2197265625,-0.2197265625,1.0498046875,-0.0732421875,0.2197265625,-0.146484375,0.20751953125,-0.2197265625,0.28076171875,0.08544921875,0.732421875,0.146484375,-0.0244140625,0.09765625,1.3427734375,-0.1220703125,-0.9765625,0.08544921875,-0.341796875,-0.2197265625,-0.9765625,-0.03662109375,-0.732421875,-0.15869140625,1.57470703125,0.06103515625,1.33056640625,-0.048828125,1.45263671875,-0.146484375,0.91552734375,0.048828125,-0.76904296875,0.03662109375,-0.8056640625,-0.18310546875,-0.67138671875,-0.0244140625,-0.18310546875,0.08544921875,-0.23193359375,-0.06103515625,-1.07421875,0,-0.57373046875,-0.13427734375,1.0986328125,-0.08544921875,0.37841796875,-0.03662109375,0,-0.0732421875,0.03662109375,-0.0244140625,0.244140625,-0.146484375,0.62255859375,-0.09765625,0.8544921875,-0.146484375,-0.48828125,-0.0244140625,-0.5615234375
0,-0.23193359375,-0.390625,-0.01220703125,-0.37841796875,0.23193359375,-0.42724609375,-0.08544921875,-0.0732421875,0.01220703125,0.28076171875,-0.1708984375,-0.89111328125,0.0732421875,1.06201171875,-0.13427734375,-0.15869140625,0.01220703125,-0.5859375,0.3173828125,-0.08544921875,0.06103515625,0.86669921875,-0.01220703125,-0.6103515625,0.09765625,2.5146484375,-0.1708984375,3.96728515625,0.0732421875,4.5166015625,-0.01220703125,3.369140625,0,0.20751953125,-0.01220703125,-0.87890625,-0.23193359375,-0.48828125,-0.10986328125,-0.76904296875,-0.25634765625,-0.23193359375,-0.244140625,-0.67138671875,-0.09765625,-0.45166015625,0,0.6591796875,-0.0732421875,1.123046875,0.25634765625,0.439453125,0.830078125,0.09765625,0.1953125,0.81787109375,-0.0244140625,0.13427734375,-0.5126953125,0,-0.42724609375,0.244140625,0.2685546875,-0.244140625,-0.09765625,0.2685546875,-0.1953125,1.03759765625,-0.0244140625,0.244140625,-0.1708984375,0.1953125,-0.18310546875,0.29296875,0.09765625,0.78125,0.1708984375,-0.01220703125,0.048828125,1.3427734375,-0.13427734375,-0.96435546875,0.06103515625,-0.341796875,-0.08544921875,-0.9765625,-0.06103515625,-0.732421875,-0.2197265625,2.64892578125,0.01220703125,1.953125,-0.09765625,2.1728515625,-0.18310546875,1.7333984375,0.06103515625,-0.7568359375,0.06103515625,-0.79345703125,-0.15869140625,-0.6591796875,-0.0732421875,-0.20751953125,0.01220703125,-0.25634765625,-0.10986328125,-1.0009765625,-0.10986328125,-0.62255859375,-0.1708984375,1.0498046875,-0.06103515625,0.40283203125,-0.048828125,-0.0244140625,-0.06103515625,0.03662109375,-0.01220703125,0.2197265625,-0.13427734375,0.64697265625,-0.1220703125,0.8544921875,-0.13427734375,-0.45166015625,0,-0.5615234375
0,-0.25634765625,-0.40283203125,0,-0.3662109375,0.2197265625,-0.40283203125,-0.0732421875,-0.06103515625,0.048828125,0.29296875,-0.15869140625,-0.9033203125,0.06103515625,1.08642578125,-0.1220703125,-0.146484375,-0.01220703125,-0.59814453125,0.23193359375,-0.08544921875,0.01220703125,0.86669921875,-0.10986328125,-0.5859375,0.1953125,2.1728515625,-0.09765625,3.369140625,0.0732421875,4.06494140625,0.146484375,3.0029296875,0.01220703125,0.2685546875,-0.08544921875,-0.89111328125,-0.1953125,-0.50048828125,-0.146484375,-0.7568359375,-0.28076171875,-0.23193359375,-0.15869140625,-0.67138671875,-0.0732421875,-0.439453125,-0.03662109375,0.634765625,-0.08544921875,1.18408203125,0.28076171875,0.4150390625,0.86669921875,0.1708984375,0.2197265625,0.732421875,0.03662109375,0.15869140625,-0.50048828125,0.048828125,-0.30517578125,0.13427734375,0.3662109375,-0.2197265625,-0.08544921875,0.341796875,-0.10986328125,1.03759765625,0.01220703125,0.244140625,-0.1708984375,0.1953125,-0.18310546875,0.25634765625,0.13427734375,0.79345703125,0.1220703125,-0.01220703125,-0.0244140625,1.33056640625,-0.09765625,-0.9765625,0.01220703125,-0.35400390625,0,-0.9765625,-0.08544921875,-0.7568359375,-0.09765625,3.77197265625,-0.0244140625,2.62451171875,-0.06103515625,2.9296875,-0.1220703125,2.62451171875,0.0732421875,-0.7568359375,0.06103515625,-0.81787109375,-0.15869140625,-0.6591796875,-0.09765625,-0.2197265625,-0.01220703125,-0.30517578125,-0.15869140625,-0.96435546875,-0.146484375,-0.634765625,-0.1953125,1.03759765625,-0.06103515625,0.4150390625,-0.048828125,0,-0.048828125,0.0244140625,0.01220703125,0.2197265625,-0.1708984375,0.64697265625,-0.13427734375,0.830078125,-0.13427734375,-0.4638671875,-0.01220703125,-0.5615234375
0,-0.3173828125,-0.390625,0.048828125,-0.3662109375,0.244140625,-0.42724609375,-0.08544921875,-0.03662109375,0.08544921875,0.244140625,-0.146484375,-0.9033203125,0.03662109375,1.08642578125,-0.146484375,-0.13427734375,-0.01220703125,-0.6103515625,0.15869140625,-0.1220703125,-0.0732421875,0.86669921875,-0.20751953125,-0.5859375,0.20751953125,1.806640625,-0.0244140625,2.6611328125,0.0244140625,3.564453125,0.2197265625,2.60009765625,0.01220703125,0.30517578125,-0.244140625,-0.87890625,-0.1953125,-0.52490234375,-0.18310546875,-0.7568359375,-0.25634765625,-0.244140625,-0.06103515625,-0.67138671875,-0.06103515625,-0.4638671875,-0.01220703125,0.6103515625,-0.09765625,1.220703125,0.29296875,0.40283203125,0.81787109375,0.244140625,0.2685546875,0.67138671875,0.03662109375,0.1708984375,-0.47607421875,0.0732421875,-0.390625,0.08544921875,0.390625,-0.23193359375,-0.09765625,0.37841796875,-0.01220703125,1.025390625,0.01220703125,0.2685546875,-0.15869140625,0.20751953125,-0.18310546875,0.25634765625,0.1708984375,0.76904296875,0.09765625,-0.01220703125,-0.048828125,1.318359375,-0.06103515625,-1.0009765625,0,-0.37841796875,0.048828125,-0.9765625,-0.10986328125,-0.7568359375,-0.01220703125,4.9072265625,-0.09765625,3.2470703125,-0.048828125,3.662109375,-0.13427734375,3.466796875,0.0244140625,-0.7568359375,0.09765625,-0.8056640625,-0.15869140625,-0.64697265625,-0.10986328125,-0.1953125,0.0732421875,-0.3173828125,0.01220703125,-0.93994140625,-0.1220703125,-0.6591796875,-0.146484375,0.9765625,-0.0732421875,0.40283203125,-0.048828125,-0.01220703125,-0.06103515625,0.03662109375,0.01220703125,0.18310546875,-0.1220703125,0.62255859375,-0.13427734375,0.81787109375,-0.10986328125,-0.4638671875,0.03662109375,-0.5615234375
1,-0.30517578125,-0.37841796875,0.06103515625,-0.3662109375,0.23193359375,-0.42724609375,-0.08544921875,-0.06103515625,0.09765625,0.18310546875,-0.1220703125,-0.91552734375,0.03662109375,1.07421875,-0.10986328125,-0.13427734375,-0.03662109375,-0.6103515625,0.146484375,-0.1220703125,-0.146484375,0.86669921875,-0.23193359375,-0.54931640625,0.244140625,1.416015625,0.09765625,1.91650390625,0.06103515625,3.06396484375,0.3173828125,2.197265625,-0.0244140625,0.32958984375,-0.32958984375,-0.8544921875,-0.1708984375,-0.52490234375,-0.18310546875,-0.76904296875,-0.2197265625,-0.23193359375,0.09765625,-0.67138671875,-0.08544921875,-0.42724609375,0.06103515625,0.62255859375,-0.10986328125,1.23291015625,0.2685546875,0.40283203125,0.69580078125,0.28076171875,0.25634765625,0.6103515625,0.1220703125,0.18310546875,-0.5859375,0.0732421875,-0.3173828125,0.0732421875,0.439453125,-0.23193359375,-0.09765625,0.45166015625,0.09765625,1.025390625,0.01220703125,0.28076171875,-0.10986328125,0.1953125,-0.15869140625,0.244140625,0.20751953125,0.84228515625,0.048828125,0.01220703125,-0.09765625,1.30615234375,-0.0244140625,-0.98876953125,-0.0244140625,-0.390625,0.0732421875,-1.0009765625,-0.08544921875,-0.76904296875,0.06103515625,5.8837890625,-0.1220703125,3.77197265625,0,4.296875,-0.08544921875,4.1748046875,0,-0.74462890625,0.0732421875,-0.8056640625,-0.1708984375,-0.64697265625,-0.10986328125,-0.18310546875,0.01220703125,-0.37841796875,-0.01220703125,-0.96435546875,-0.18310546875,-0.69580078125,-0.25634765625,0.91552734375,-0.0732421875,0.390625,-0.06103515625,0,-0.0732421875,0,0,0.1708984375,-0.13427734375,0.59814453125,-0.146484375,0.8056640625,-0.08544921875,-0.48828125,0.0244140625,-0.5615234375
1,-0.3173828125,-0.390625,0.06103515625,-0.3662109375,0.25634765625,-0.439453125,-0.13427734375,-0.0732421875,0.08544921875,0.06103515625,-0.10986328125,-0.9033203125,0.03662109375,1.0986328125,-0.08544921875,-0.13427734375,-0.048828125,-0.62255859375,0.13427734375,-0.13427734375,-0.23193359375,0.84228515625,-0.2197265625,-0.5615234375,0.18310546875,1.03759765625,0.13427734375,1.15966796875,0.048828125,2.6123046875,0.25634765625,1.7822265625,-0.08544921875,0.35400390625,-0.341796875,-0.830078125,-0.15869140625,-0.537109375,-0.20751953125,-0.76904296875,-0.1708984375,-0.244140625,0.13427734375,-0.67138671875,-0.1220703125,-0.4150390625,0.13427734375,0.6103515625,-0.146484375,1.220703125,0.23193359375,0.4150390625,0.54931640625,0.30517578125,0.1708984375,0.5615234375,0.1953125,0.1953125,-0.54931640625,0.06103515625,-0.2197265625,0.146484375,0.47607421875,-0.23193359375,-0.0732421875,0.52490234375,0.2197265625,1.025390625,0,0.2685546875,-0.03662109375,0.18310546875,-0.06103515625,0.2197265625,0.23193359375,0.830078125,-0.01220703125,0.0244140625,-0.08544921875,1.2939453125,0.048828125,-0.9765625,-0.03662109375,-0.390625,0.048828125,-1.01318359375,-0.08544921875,-0.79345703125,0.09765625,6.60400390625,-0.146484375,4.1259765625,0.03662109375,4.77294921875,-0.06103515625,4.7119140625,-0.01220703125,-0.72021484375,0.08544921875,-0.81787109375,-0.18310546875,-0.6591796875,-0.10986328125,-0.1953125,0.06103515625,-0.439453125,0.048828125,-1.0009765625,-0.13427734375,-0.74462890625,-0.23193359375,0.87890625,-0.06103515625,0.3662109375,-0.0732421875,-0.01220703125,-0.08544921875,-0.03662109375,0.01220703125,0.15869140625,-0.13427734375,0.5615234375,-0.15869140625,0.79345703125,-0.08544921875,-0.48828125,0.0244140625,-0.537109375
1,-0.29296875,-0.3662109375,0.0732421875,-0.3662109375,0.2685546875,-0.4150390625,-0.1220703125,-0.0732421875,0.0732421875,0.01220703125,-0.1220703125,-0.9033203125,0.048828125,1.0986328125,-0.08544921875,-0.13427734375,-0.13427734375,-0.6103515625,0.1220703125,-0.13427734375,-0.32958984375,0.8544921875,-0.15869140625,-0.5859375,0.146484375,0.68359375,0.20751953125,0.48828125,0.03662109375,2.18505859375,0.13427734375,1.42822265625,-0.1708984375,0.37841796875,-0.3173828125,-0.79345703125,-0.13427734375,-0.537109375,-0.1953125,-0.76904296875,-0.09765625,-0.244140625,0.15869140625,-0.6591796875,-0.13427734375,-0.40283203125,0.244140625,0.6103515625,-0.146484375,1.1962890625,0.2197265625,0.42724609375,0.341796875,0.28076171875,0.10986328125,0.5615234375,0.08544921875,0.20751953125,-0.64697265625,0.03662109375,-0.23193359375,0.25634765625,0.5126953125,-0.23193359375,-0.1220703125,0.59814453125,0.2685546875,1.0009765625,-0.01220703125,0.2197265625,0.0244140625,0.18310546875,0.048828125,0.20751953125,0.29296875,0.8544921875,-0.048828125,0.01220703125,-0.08544921875,1.28173828125,0.09765625,-0.98876953125,-0.0244140625,-0.40283203125,0,-1.0498046875,-0.06103515625,-0.8056640625,0.0732421875,7.0556640625,-0.15869140625,4.28466796875,0,5.01708984375,-0.10986328125,4.9560546875,-0.03662109375,-0.72021484375,0.09765625,-0.76904296875,-0.18310546875,-0.6591796875,-0.13427734375,-0.1953125,0.03662109375,-0.48828125,0.06103515625,-1.123046875,-0.13427734375,-0.76904296875,-0.25634765625,0.81787109375,-0.0732421875,0.35400390625,-0.0732421875,0,-0.08544921875,-0.0244140625,-0.01220703125,0.15869140625,-0.1220703125,0.537109375,-0.146484375,0.7568359375,-0.08544921875,-0.52490234375,0.06103515625,-0.54931640625
1,-0.29296875,-0.35400390625,0.08544921875,-0.390625,0.2685546875,-0.40283203125,-0.10986328125,-0.048828125,0.048828125,-0.048828125,-0.1220703125,-0.9033203125,0.08544921875,1.08642578125,-0.0732421875,-0.15869140625,-0.1953125,-0.62255859375,0.15869140625,-0.13427734375,-0.390625,0.86669921875,-0.09765625,-0.59814453125,0.06103515625,0.45166015625,0.2197265625,-0.03662109375,0.048828125,1.9287109375,0,1.171875,-0.20751953125,0.35400390625,-0.32958984375,-0.76904296875,-0.15869140625,-0.50048828125,-0.13427734375,-0.76904296875,-0.03662109375,-0.244140625,0.146484375,-0.64697265625,-0.15869140625,-0.4150390625,0.35400390625,0.62255859375,-0.1708984375,1.15966796875,0.25634765625,0.45166015625,0.30517578125,0.20751953125,0.01220703125,0.57373046875,0.10986328125,0.2197265625,-0.5859375,0.0244140625,-0.13427734375,0.40283203125,0.62255859375,-0.20751953125,-0.146484375,0.67138671875,0.35400390625,1.0009765625,-0.01220703125,0.1953125,0.08544921875,0.15869140625,0.146484375,0.1953125,0.25634765625,0.8544921875,-0.08544921875,0,-0.0244140625,1.26953125,0.146484375,-0.9765625,-0.01220703125,-0.40283203125,-0.06103515625,-1.06201171875,-0.03662109375,-0.81787109375,0.1953125,7.177734375,-0.0732421875,4.2724609375,0.06103515625,5.029296875,-0.08544921875,4.9560546875,0,-0.74462890625,0.10986328125,-0.79345703125,-0.18310546875,-0.6591796875,-0.1220703125,-0.18310546875,0.0244140625,-0.537109375,0.0244140625,-1.20849609375,-0.146484375,-0.79345703125,-0.2197265625,0.7568359375,-0.0732421875,0.30517578125,-0.048828125,0.01220703125,-0.0732421875,-0.048828125,-0.0244140625,0.15869140625,-0.15869140625,0.48828125,-0.1220703125,0.732421875,-0.09765625,-0.5126953125,0.0732421875,-0.5615234375
1,-0.29296875,-0.35400390625,0.0732421875,-0.37841796875,0.25634765625,-0.40283203125,-0.09765625,-0.06103515625,0.048828125,-0.1220703125,-0.09765625,-0.87890625,0.10986328125,1.08642578125,-0.09765625,-0.146484375,-0.25634765625,-0.6103515625,0.146484375,-0.1220703125,-0.37841796875,0.8544921875,-0.06103515625,-0.62255859375,0,0.29296875,0.146484375,-0.3173828125,0.01220703125,1.7822265625,-0.1220703125,1.025390625,-0.25634765625,0.28076171875,-0.341796875,-0.7568359375,-0.15869140625,-0.47607421875,-0.0732421875,-0.7568359375,0.0244140625,-0.2197265625,0.10986328125,-0.64697265625,-0.18310546875,-0.42724609375,0.4150390625,0.6103515625,-0.1220703125,1.0986328125,0.25634765625,0.45166015625,0.20751953125,0.10986328125,-0.048828125,0.634765625,0,0.244140625,-0.54931640625,0.03662109375,-0.06103515625,0.52490234375,0.69580078125,-0.15869140625,-0.1708984375,0.732421875,0.42724609375,1.0009765625,0.0244140625,0.18310546875,0.10986328125,0.15869140625,0.244140625,0.1953125,0.18310546875,0.8056640625,-0.13427734375,0,0.03662109375,1.2451171875,0.146484375,-0.9765625,0.0244140625,-0.40283203125,-0.09765625,-1.06201171875,-0.048828125,-0.79345703125,0.244140625,6.982421875,-0.0244140625,4.11376953125,0.03662109375,4.87060546875,-0.0732421875,4.72412109375,0,-0.732421875,0.09765625,-0.78125,-0.15869140625,-0.67138671875,-0.08544921875,-0.1953125,0.03662109375,-0.5615234375,-0.048828125,-1.26953125,-0.146484375,-0.79345703125,-0.20751953125,0.78125,-0.06103515625,0.30517578125,-0.0244140625,0.0244140625,-0.0732421875,-0.0732421875,-0.048828125,0.18310546875,-0.18310546875,0.42724609375,-0.09765625,0.732421875,-0.10986328125,-0.537109375,0.06103515625,-0.5615234375
1,-0.29296875,-0.341796875,0.048828125,-0.37841796875,0.25634765625,-0.40283203125,-0.08544921875,-0.06103515625,0.0244140625,-0.13427734375,-0.0732421875,-0.86669921875,0.10986328125,1.0986328125,-0.09765625,-0.13427734375,-0.25634765625,-0.5859375,0.10986328125,-0.13427734375,-0.3173828125,0.86669921875,-0.06103515625,-0.6591796875,-0.0732421875,0.30517578125,0.0244140625,-0.341796875,-0.10986328125,1.8310546875,-0.244140625,1.03759765625,-0.28076171875,0.23193359375,-0.29296875,-0.72021484375,-0.1953125,-0.45166015625,0.0244140625,-0.74462890625,0.08544921875,-0.23193359375,0.08544921875,-0.6591796875,-0.1220703125,-0.439453125,0.439453125,0.62255859375,-0.048828125,1.07421875,0.25634765625,0.47607421875,0.10986328125,-0.0244140625,-0.09765625,0.68359375,-0.01220703125,0.30517578125,-0.52490234375,0.08544921875,0,0.67138671875,0.78125,-0.09765625,-0.18310546875,0.78125,0.42724609375,0.98876953125,0.06103515625,0.146484375,0.10986328125,0.15869140625,0.2685546875,0.2197265625,0.1220703125,0.8056640625,-0.18310546875,-0.0244140625,0.1220703125,1.2939453125,0.13427734375,-0.9765625,0.03662109375,-0.390625,-0.18310546875,-1.0498046875,-0.0732421875,-0.79345703125,0.13427734375,6.53076171875,0.0244140625,3.80859375,0.01220703125,4.57763671875,-0.0732421875,4.345703125,-0.0244140625,-0.732421875,0.08544921875,-0.76904296875,-0.146484375,-0.68359375,-0.08544921875,-0.1708984375,0.06103515625,-0.537109375,-0.20751953125,-1.28173828125,-0.1220703125,-0.7568359375,-0.20751953125,0.84228515625,-0.06103515625,0.3173828125,0.01220703125,0.0244140625,-0.0732421875,-0.048828125,-0.03662109375,0.20751953125,-0.20751953125,0.35400390625,-0.08544921875,0.74462890625,-0.13427734375,-0.52490234375,0.08544921875,-0.5615234375
1,-0.28076171875,-0.32958984375,0.048828125,-0.35400390625,0.244140625,-0.390625,-0.1220703125,-0.06103515625,0.0732421875,-0.13427734375,-0.06103515625,-0.86669921875,0.0732421875,1.11083984375,-0.0732421875,-0.1220703125,-0.18310546875,-0.59814453125,0.08544921875,-0.1220703125,-0.1953125,0.8544921875,-0.0732421875,-0.6591796875,-0.146484375,0.45166015625,-0.06103515625,-0.0732421875,-0.20751953125,2.05078125,-0.3173828125,1.20849609375,-0.30517578125,0.1220703125,-0.23193359375,-0.7080078125,-0.23193359375,-0.45166015625,0.048828125,-0.7568359375,0.0732421875,-0.244140625,0.03662109375,-0.6591796875,-0.08544921875,-0.45166015625,0.3662109375,0.634765625,-0.01220703125,1.0498046875,0.18310546875,0.48828125,-0.0244140625,-0.13427734375,-0.15869140625,0.74462890625,0.0244140625,0.3662109375,-0.4638671875,0.1708984375,0.0244140625,0.79345703125,0.89111328125,-0.0244140625,-0.13427734375,0.87890625,0.439453125,1.01318359375,0.1220703125,0.13427734375,0.1220703125,0.13427734375,0.25634765625,0.2197265625,0.06103515625,0.81787109375,-0.18310546875,-0.0244140625,0.146484375,1.2939453125,0.0732421875,-0.98876953125,0.08544921875,-0.37841796875,-0.20751953125,-1.0009765625,-0.0732421875,-0.8056640625,0.03662109375,5.92041015625,0.06103515625,3.45458984375,-0.01220703125,4.19921875,-0.08544921875,3.857421875,-0.01220703125,-0.732421875,0.1220703125,-0.76904296875,-0.146484375,-0.68359375,-0.03662109375,-0.15869140625,0.146484375,-0.45166015625,-0.2197265625,-1.20849609375,-0.06103515625,-0.67138671875,-0.15869140625,0.9521484375,-0.10986328125,0.3173828125,0.0244140625,0.03662109375,-0.0732421875,-0.0244140625,-0.06103515625,0.20751953125,-0.2197265625,0.30517578125,-0.09765625,0.72021484375,-0.1220703125,-0.5126953125,0.08544921875,-0.57373046875
1,-0.2685546875,-0.32958984375,0.0244140625,-0.37841796875,0.23193359375,-0.390625,-0.13427734375,-0.0732421875,0.08544921875,-0.06103515625,-0.06103515625,-0.86669921875,0.048828125,1.0986328125,-0.10986328125,-0.13427734375,-0.0732421875,-0.59814453125,0.09765625,-0.09765625,-0.048828125,0.8544921875,-0.1220703125,-0.6591796875,-0.10986328125,0.78125,-0.0732421875,0.5126953125,-0.28076171875,2.4169921875,-0.244140625,1.5380859375,-0.20751953125,0.0244140625,-0.18310546875,-0.732421875,-0.2685546875,-0.45166015625,0.09765625,-0.7568359375,0.048828125,-0.23193359375,0.06103515625,-0.67138671875,-0.048828125,-0.4638671875,0.3173828125,0.634765625,0.0244140625,1.06201171875,0.10986328125,0.4638671875,-0.09765625,-0.2197265625,-0.2197265625,0.76904296875,0.01220703125,0.4638671875,-0.50048828125,0.29296875,0.0244140625,0.87890625,0.9033203125,0.0732421875,-0.08544921875,0.89111328125,0.42724609375,1.03759765625,0.18310546875,0.146484375,0.09765625,0.146484375,0.25634765625,0.244140625,-0.01220703125,0.8056640625,-0.1708984375,-0.048828125,0.15869140625,1.318359375,0,-0.98876953125,0.10986328125,-0.35400390625,-0.2197265625,-1.0009765625,-0.146484375,-0.79345703125,-0.06103515625,5.21240234375,0.048828125,3.1005859375,-0.08544921875,3.7841796875,-0.048828125,3.38134765625,-0.08544921875,-0.74462890625,0.15869140625,-0.74462890625,-0.13427734375,-0.68359375,0.0244140625,-0.146484375,0.13427734375,-0.30517578125,-0.1953125,-1.06201171875,-0.06103515625,-0.5615234375,-0.146484375,1.0986328125,-0.1220703125,0.35400390625,0.0244140625,0.03662109375,-0.0732421875,0,-0.0732421875,0.23193359375,-0.23193359375,0.2197265625,-0.09765625,0.74462890625,-0.15869140625,-0.5126953125,0.0732421875,-0.57373046875
1,-0.29296875,-0.35400390625,0.01220703125,-0.3662109375,0.23193359375,-0.40283203125,-0.15869140625,-0.09765625,0.10986328125,-0.06103515625,-0.0732421875,-0.86669921875,0.01220703125,1.0986328125,-0.10986328125,-0.146484375,0,-0.5859375,0.1220703125,-0.08544921875,0.048828125,0.84228515625,-0.146484375,-0.64697265625,-0.146484375,1.20849609375,-0.08544921875,1.35498046875,-0.35400390625,2.978515625,-0.20751953125,2.0263671875,-0.1220703125,-0.0732421875,-0.18310546875,-0.7568359375,-0.30517578125,-0.47607421875,0.06103515625,-0.7568359375,0,-0.25634765625,0.10986328125,-0.68359375,-0.03662109375,-0.47607421875,0.2197265625,0.64697265625,0.06103515625,1.0986328125,0.09765625,0.45166015625,-0.13427734375,-0.3173828125,-0.30517578125,0.8056640625,0.01220703125,0.5615234375,-0.537109375,0.45166015625,0.048828125,0.93994140625,0.89111328125,0.18310546875,-0.03662109375,0.9033203125,0.3662109375,1.025390625,0.2197265625,0.15869140625,0.03662109375,0.13427734375,0.2197265625,0.23193359375,-0.03662109375,0.84228515625,-0.1708984375,-0.03662109375,0.1220703125,1.30615234375,-0.03662109375,-0.98876953125,0.13427734375,-0.35400390625,-0.2197265625,-0.9765625,-0.2197265625,-0.76904296875,-0.146484375,4.5654296875,0.01220703125,2.79541015625,-0.146484375,3.40576171875,-0.06103515625,2.978515625,-0.1220703125,-0.76904296875,0.15869140625,-0.7568359375,-0.1708984375,-0.67138671875,0.0732421875,-0.18310546875,0.146484375,-0.146484375,-0.23193359375,-0.87890625,-0.0732421875,-0.45166015625,-0.09765625,1.2939453125,-0.09765625,0.37841796875,0,0.048828125,-0.0732421875,0,-0.0732421875,0.25634765625,-0.23193359375,0.146484375,-0.09765625,0.732421875,-0.18310546875,-0.50048828125,0.0732421875,-0.5859375
1,-0.3173828125,-0.3662109375,0.0244140625,-0.3662109375,0.23193359375,-0.4150390625,-0.1708984375,-0.08544921875,0.13427734375,0.0244140625,-0.0732421875,-0.86669921875,-0.03662109375,1.11083984375,-0.13427734375,-0.15869140625,0.03662109375,-0.5859375,0.13427734375,-0.0732421875,0.08544921875,0.86669921875,-0.15869140625,-0.62255859375,-0.1220703125,1.77001953125,-0.01220703125,2.40478515625,-0.341796875,3.662109375,-0.09765625,2.63671875,-0.0244140625,-0.1708984375,-0.13427734375,-0.78125,-0.3173828125,-0.5126953125,0.01220703125,-0.78125,-0.03662109375,-0.2685546875,0.18310546875,-0.7080078125,-0.06103515625,-0.47607421875,0.15869140625,0.64697265625,0.01220703125,1.13525390625,0.08544921875,0.439453125,-0.08544921875,-0.30517578125,-0.40283203125,0.79345703125,0.13427734375,0.6591796875,-0.54931640625,0.6103515625,0.0732421875,0.96435546875,0.9521484375,0.28076171875,0.06103515625,0.91552734375,0.30517578125,1.03759765625,0.23193359375,0.1953125,-0.03662109375,0.146484375,0.20751953125,0.23193359375,-0.10986328125,0.830078125,-0.13427734375,-0.03662109375,0.0732421875,1.33056640625,-0.08544921875,-1.0009765625,0.146484375,-0.341796875,-0.20751953125,-0.96435546875,-0.2685546875,-0.76904296875,-0.1953125,4.01611328125,-0.0732421875,2.60009765625,-0.28076171875,3.1494140625,-0.0732421875,2.67333984375,-0.1220703125,-0.78125,0.1708984375,-0.76904296875,-0.20751953125,-0.6591796875,0.1220703125,-0.18310546875,0.08544921875,0.0244140625,-0.23193359375,-0.67138671875,-0.1220703125,-0.32958984375,-0.10986328125,1.46484375,-0.1220703125,0.37841796875,-0.0244140625,0.048828125,-0.06103515625,-0.01220703125,-0.0732421875,0.2685546875,-0.244140625,0.09765625,-0.13427734375,0.7568359375,-0.18310546875,-0.48828125,0.06103515625,-0.57373046875
1,-0.341796875,-0.3662109375,0.0244140625,-0.3662109375,0.1953125,-0.40283203125,-0.15869140625,-0.08544921875,0.1220703125,0.06103515625,-0.08544921875,-0.87890625,-0.06103515625,1.0986328125,-0.146484375,-0.13427734375,0.048828125,-0.59814453125,0.13427734375,-0.0732421875,0.0732421875,0.86669921875,-0.1708984375,-0.59814453125,-0.06103515625,2.44140625,0,3.60107421875,-0.28076171875,4.443359375,-0.01220703125,3.30810546875,0.048828125,-0.23193359375,-0.08544921875,-0.830078125,-0.30517578125,-0.52490234375,-0.10986328125,-0.79345703125,-0.08544921875,-0.28076171875,0.2685546875,-0.7080078125,-0.0732421875,-0.4638671875,0.1220703125,0.62255859375,-0.06103515625,1.20849609375,0.10986328125,0.4150390625,-0.048828125,-0.29296875,-0.42724609375,0.76904296875,0.1708984375,0.732421875,-0.5859375,0.7568359375,0.0244140625,0.9765625,0.9765625,0.3662109375,0.09765625,0.9033203125,0.244140625,1.025390625,0.244140625,0.2197265625,-0.08544921875,0.15869140625,0.146484375,0.244140625,-0.15869140625,0.830078125,-0.10986328125,-0.01220703125,0.0244140625,1.318359375,-0.13427734375,-1.01318359375,0.1220703125,-0.341796875,-0.244140625,-0.9765625,-0.30517578125,-0.78125,-0.08544921875,3.67431640625,-0.1220703125,2.490234375,-0.29296875,3.0029296875,0.01220703125,2.55126953125,-0.1220703125,-0.78125,0.10986328125,-0.78125,-0.2197265625,-0.634765625,0.146484375,-0.18310546875,0.08544921875,0.146484375,-0.10986328125,-0.52490234375,-0.146484375,-0.23193359375,-0.0732421875,1.5869140625,-0.10986328125,0.4150390625,-0.06103515625,0.048828125,-0.06103515625,0.01220703125,-0.08544921875,0.244140625,-0.23193359375,0.03662109375,-0.18310546875,0.76904296875,-0.1953125,-0.47607421875,0.0244140625,-0.5859375
1,-0.37841796875,-0.390625,0.0244140625,-0.35400390625,0.23193359375,-0.40283203125,-0.18310546875,-0.08544921875,0.146484375,0.10986328125,-0.06103515625,-0.87890625,-0.0732421875,1.11083984375,-0.146484375,-0.10986328125,0.048828125,-0.57373046875,0.146484375,-0.08544921875,0.0244140625,0.86669921875,-0.1220703125,-0.5859375,-0.08544921875,3.13720703125,0.01220703125,4.82177734375,-0.2197265625,5.23681640625,-0.03662109375,4.0771484375,0.09765625,-0.2685546875,-0.01220703125,-0.86669921875,-0.3173828125,-0.54931640625,-0.1708984375,-0.78125,-0.146484375,-0.2685546875,0.35400390625,-0.69580078125,-0.1220703125,-0.4638671875,0.10986328125,0.62255859375,-0.10986328125,1.23291015625,0.1220703125,0.4150390625,-0.0732421875,-0.25634765625,-0.439453125,0.74462890625,0.28076171875,0.76904296875,-0.5859375,0.8544921875,0,0.9765625,0.96435546875,0.42724609375,0.146484375,0.87890625,0.1953125,1.025390625,0.244140625,0.23193359375,-0.10986328125,0.1708984375,0.048828125,0.23193359375,-0.146484375,0.8544921875,-0.06103515625,0,-0.0244140625,1.33056640625,-0.10986328125,-1.01318359375,0.08544921875,-0.35400390625,-0.25634765625,-1.0009765625,-0.30517578125,-0.8056640625,-0.06103515625,3.515625,-0.1708984375,2.4658203125,-0.2685546875,2.96630859375,0.01220703125,2.5146484375,-0.08544921875,-0.76904296875,0.0732421875,-0.78125,-0.23193359375,-0.634765625,0.13427734375,-0.1953125,0.01220703125,0.20751953125,-0.09765625,-0.48828125,-0.13427734375,-0.20751953125,-0.146484375,1.62353515625,-0.10986328125,0.390625,-0.0732421875,0.03662109375,-0.0732421875,0.048828125,-0.0732421875,0.20751953125,-0.20751953125,0.0244140625,-0.2197265625,0.76904296875,-0.18310546875,-0.45166015625,0.01220703125,-0.537109375
1,-0.37841796875,-0.40283203125,0.0244140625,-0.35400390625,0.23193359375,-0.4150390625,-0.1953125,-0.0732421875,0.1953125,0.09765625,-0.048828125,-0.89111328125,-0.08544921875,1.0986328125,-0.15869140625,-0.1220703125,0.048828125,-0.57373046875,0.1708984375,-0.09765625,-0.06103515625,0.8544921875,-0.06103515625,-0.57373046875,-0.01220703125,3.8330078125,0.09765625,6.0302734375,-0.06103515625,6.0546875,0.0244140625,4.78515625,0.09765625,-0.30517578125,0.048828125,-0.9033203125,-0.341796875,-0.537109375,-0.20751953125,-0.76904296875,-0.15869140625,-0.25634765625,0.439453125,-0.68359375,-0.1953125,-0.42724609375,0.09765625,0.62255859375,-0.1953125,1.23291015625,0.09765625,0.42724609375,0.0244140625,-0.1708984375,-0.42724609375,0.7080078125,0.35400390625,0.79345703125,-0.57373046875,0.927734375,-0.03662109375,0.927734375,0.91552734375,0.42724609375,0.1708984375,0.84228515625,0.13427734375,1.0009765625,0.18310546875,0.25634765625,-0.13427734375,0.1708984375,-0.01220703125,0.23193359375,-0.18310546875,0.8544921875,-0.0244140625,0.0244140625,-0.08544921875,1.2939453125,-0.10986328125,-0.9765625,0.0732421875,-0.3662109375,-0.23193359375,-1.03759765625,-0.23193359375,-0.81787109375,-0.0244140625,3.57666015625,-0.1953125,2.5390625,-0.2197265625,3.0517578125,0,2.6123046875,-0.10986328125,-0.78125,-0.03662109375,-0.79345703125,-0.2685546875,-0.64697265625,0.15869140625,-0.20751953125,-0.048828125,0.1953125,-0.048828125,-0.52490234375,-0.1220703125,-0.244140625,-0.13427734375,1.5869140625,-0.08544921875,0.390625,-0.08544921875,0.03662109375,-0.0732421875,0.0732421875,-0.08544921875,0.1953125,-0.244140625,-0.03662109375,-0.20751953125,0.78125,-0.18310546875,-0.4638671875,0.0244140625,-0.537109375
1,-0.37841796875,-0.42724609375,0.01220703125,-0.32958984375,0.23193359375,-0.4150390625,-0.1953125,-0.08544921875,0.2197265625,0.0732421875,-0.01220703125,-0.9033203125,-0.08544921875,1.08642578125,-0.13427734375,-0.10986328125,0.01220703125,-0.59814453125,0.18310546875,-0.10986328125,-0.18310546875,0.87890625,-0.01220703125,-0.59814453125,0.0244140625,4.443359375,0.0732421875,7.14111328125,0.048828125,6.787109375,-0.03662109375,5.4443359375,0.06103515625,-0.29296875,0.0732421875,-0.91552734375,-0.35400390625,-0.537109375,-0.2685546875,-0.7568359375,-0.146484375,-0.244140625,0.47607421875,-0.68359375,-0.25634765625,-0.390625,0.10986328125,0.634765625,-0.23193359375,1.220703125,0.048828125,0.4150390625,0.01220703125,-0.10986328125,-0.35400390625,0.68359375,0.32958984375,0.7568359375,-0.62255859375,0.93994140625,-0.048828125,0.9033203125,0.87890625,0.4150390625,0.146484375,0.78125,0.08544921875,1.01318359375,0.10986328125,0.244140625,-0.18310546875,0.15869140625,-0.0732421875,0.23193359375,-0.1708984375,0.830078125,-0.01220703125,0.03662109375,-0.10986328125,1.2939453125,-0.03662109375,-0.96435546875,0.0244140625,-0.40283203125,-0.1708984375,-1.0498046875,-0.1220703125,-0.830078125,0.0244140625,3.7353515625,-0.18310546875,2.67333984375,-0.13427734375,3.1494140625,-0.01220703125,2.734375,-0.10986328125,-0.79345703125,-0.146484375,-0.8056640625,-0.2685546875,-0.64697265625,0.1220703125,-0.18310546875,-0.08544921875,0.06103515625,0.0244140625,-0.67138671875,-0.1220703125,-0.3662109375,-0.15869140625,1.42822265625,-0.08544921875,0.37841796875,-0.09765625,0.048828125,-0.06103515625,0.06103515625,-0.10986328125,0.15869140625,-0.23193359375,-0.08544921875,-0.18310546875,0.79345703125,-0.1953125,-0.47607421875,0.01220703125,-0.52490234375
0,-0.341796875,-0.4150390625,-0.01220703125,-0.35400390625,0.2197265625,-0.40283203125,-0.1953125,-0.0732421875,0.25634765625,0.0244140625,-0.0244140625,-0.87890625,-0.09765625,1.07421875,-0.15869140625,-0.1220703125,-0.03662109375,-0.57373046875,0.2197265625,-0.1220703125,-0.2685546875,0.87890625,0,-0.59814453125,0.03662109375,4.9560546875,0.10986328125,8.02001953125,0.1708984375,7.40966796875,-0.03662109375,5.99365234375,0,-0.32958984375,0.146484375,-0.91552734375,-0.3173828125,-0.537109375,-0.29296875,-0.74462890625,-0.0732421875,-0.25634765625,0.537109375,-0.7080078125,-0.25634765625,-0.390625,0.1708984375,0.6103515625,-0.28076171875,1.18408203125,-0.03662109375,0.439453125,0.10986328125,-0.06103515625,-0.341796875,0.64697265625,0.341796875,0.72021484375,-0.6591796875,0.87890625,-0.15869140625,0.86669921875,0.7568359375,0.3662109375,0.15869140625,0.732421875,0.0244140625,0.9765625,0.03662109375,0.2197265625,-0.1953125,0.15869140625,-0.146484375,0.2197265625,-0.15869140625,0.86669921875,0.0244140625,0.03662109375,-0.08544921875,1.28173828125,0.048828125,-0.9521484375,0,-0.42724609375,-0.09765625,-1.06201171875,0,-0.81787109375,0.06103515625,3.90625,-0.15869140625,2.7587890625,0,3.22265625,-0.06103515625,2.84423828125,-0.0732421875,-0.7568359375,-0.2197265625,-0.8056640625,-0.25634765625,-0.64697265625,0.10986328125,-0.20751953125,-0.09765625,-0.09765625,0.08544921875,-0.84228515625,-0.0732421875,-0.48828125,-0.1708984375,1.2451171875,-0.0732421875,0.37841796875,-0.10986328125,0.0244140625,-0.08544921875,0.08544921875,-0.1220703125,0.15869140625,-0.25634765625,-0.10986328125,-0.20751953125,0.830078125,-0.18310546875,-0.4638671875,0.01220703125,-0.48828125
0,-0.35400390625,-0.37841796875,-0.0244140625,-0.35400390625,0.18310546875,-0.4150390625,-0.20751953125,-0.0732421875,0.28076171875,-0.0244140625,-0.0244140625,-0.89111328125,-0.08544921875,1.07421875,-0.13427734375,-0.146484375,-0.1220703125,-0.5859375,0.1708984375,-0.13427734375,-0.28076171875,0.86669921875,0.0244140625,-0.6103515625,0.0732421875,5.2978515625,0.09765625,8.65478515625,0.23193359375,7.8369140625,-0.06103515625,6.34765625,-0.048828125,-0.341796875,0.13427734375,-0.93994140625,-0.32958984375,-0.52490234375,-0.25634765625,-0.732421875,0.03662109375,-0.25634765625,0.5126953125,-0.67138671875,-0.23193359375,-0.40283203125,0.2197265625,0.62255859375,-0.3173828125,1.13525390625,-0.08544921875,0.45166015625,0.1953125,-0.03662109375,-0.3173828125,0.634765625,0.341796875,0.6591796875,-0.69580078125,0.79345703125,-0.10986328125,0.830078125,0.72021484375,0.29296875,0.13427734375,0.68359375,-0.048828125,0.98876953125,0.01220703125,0.1953125,-0.15869140625,0.1708984375,-0.18310546875,0.244140625,-0.15869140625,0.84228515625,0.06103515625,0.01220703125,-0.0732421875,1.28173828125,0.1220703125,-0.93994140625,-0.0244140625,-0.439453125,0.01220703125,-1.06201171875,0.08544921875,-0.81787109375,0.08544921875,4.06494140625,-0.09765625,2.783203125,0.048828125,3.23486328125,-0.10986328125,2.89306640625,-0.0732421875,-0.74462890625,-0.2685546875,-0.79345703125,-0.2197265625,-0.6591796875,0.0732421875,-0.1953125,-0.0732421875,-0.30517578125,0.08544921875,-0.98876953125,-0.0732421875,-0.634765625,-0.18310546875,1.0498046875,-0.09765625,0.35400390625,-0.08544921875,0.03662109375,-0.06103515625,0.06103515625,-0.13427734375,0.146484375,-0.2685546875,-0.13427734375,-0.18310546875,0.81787109375,-0.15869140625,-0.48828125,0.01220703125,-0.48828125
0,-0.32958984375,-0.37841796875,-0.06103515625,-0.37841796875,0.146484375,-0.40283203125,-0.20751953125,-0.08544921875,0.2685546875,-0.06103515625,-0.0244140625,-0.9033203125,-0.06103515625,1.07421875,-0.10986328125,-0.1708984375,-0.1953125,-0.6103515625,0.13427734375,-0.13427734375,-0.25634765625,0.86669921875,0,-0.62255859375,0.09765625,5.48095703125,0.0732421875,8.9599609375,0.20751953125,8.056640625,-0.03662109375,6.53076171875,-0.0732421875,-0.341796875,0.06103515625,-0.927734375,-0.32958984375,-0.50048828125,-0.25634765625,-0.67138671875,0.18310546875,-0.25634765625,0.54931640625,-0.6591796875,-0.1708984375,-0.40283203125,0.244140625,0.62255859375,-0.35400390625,1.11083984375,-0.1220703125,0.45166015625,0.18310546875,-0.0244140625,-0.29296875,0.634765625,0.28076171875,0.6103515625,-0.732421875,0.68359375,-0.13427734375,0.78125,0.59814453125,0.23193359375,0.09765625,0.64697265625,-0.08544921875,0.98876953125,-0.03662109375,0.1708984375,-0.1220703125,0.1708984375,-0.244140625,0.244140625,-0.13427734375,0.830078125,0.08544921875,0,-0.01220703125,1.318359375,0.18310546875,-0.9521484375,-0.03662109375,-0.42724609375,0.08544921875,-1.0498046875,0.09765625,-0.79345703125,0.048828125,4.00390625,0,2.7099609375,0.1220703125,3.16162109375,-0.1220703125,2.783203125,-0.01220703125,-0.732421875,-0.32958984375,-0.79345703125,-0.15869140625,-0.67138671875,0.06103515625,-0.1953125,-0.01220703125,-0.4150390625,0.1220703125,-1.0498046875,-0.048828125,-0.7080078125,-0.13427734375,0.91552734375,-0.1220703125,0.341796875,-0.0732421875,0.048828125,-0.06103515625,0.03662109375,-0.13427734375,0.146484375,-0.2685546875,-0.15869140625,-0.15869140625,0.8056640625,-0.146484375,-0.5126953125,0.01220703125,-0.5126953125
0,-0.35400390625,-0.390625,-0.08544921875,-0.40283203125,0.1220703125,-0.40283203125,-0.23193359375,-0.09765625,0.2685546875,-0.09765625,-0.01220703125,-0.89111328125,-0.06103515625,1.08642578125,-0.1220703125,-0.18310546875,-0.244140625,-0.6103515625,0.048828125,-0.15869140625,-0.146484375,0.86669921875,-0.10986328125,-0.62255859375,0.1220703125,5.43212890625,0,8.94775390625,0.10986328125,8.06884765625,-0.01220703125,6.494140625,-0.09765625,-0.3662109375,-0.048828125,-0.9033203125,-0.29296875,-0.4638671875,-0.23193359375,-0.67138671875,0.29296875,-0.2197265625,0.59814453125,-0.68359375,-0.09765625,-0.3662109375,0.28076171875,0.62255859375,-0.32958984375,1.0986328125,-0.1708984375,0.439453125,0.28076171875,-0.0244140625,-0.244140625,0.6591796875,0.244140625,0.5615234375,-0.72021484375,0.537109375,-0.1220703125,0.74462890625,0.48828125,0.1708984375,0.08544921875,0.62255859375,-0.15869140625,1.01318359375,-0.0732421875,0.146484375,-0.09765625,0.1708984375,-0.28076171875,0.25634765625,-0.13427734375,0.84228515625,0.1220703125,-0.0244140625,0.06103515625,1.30615234375,0.1708984375,-0.9521484375,-0.03662109375,-0.4150390625,0.18310546875,-1.025390625,0.03662109375,-0.79345703125,0.15869140625,3.69873046875,0.0732421875,2.5390625,0.15869140625,2.9541015625,-0.10986328125,2.52685546875,0,-0.732421875,-0.29296875,-0.81787109375,-0.1220703125,-0.67138671875,-0.01220703125,-0.20751953125,0.06103515625,-0.4150390625,0.146484375,-0.9033203125,0,-0.69580078125,-0.146484375,0.93994140625,-0.09765625,0.341796875,-0.048828125,0.048828125,-0.0732421875,0.01220703125,-0.146484375,0.15869140625,-0.2685546875,-0.18310546875,-0.146484375,0.830078125,-0.146484375,-0.5126953125,0.0244140625,-0.50048828125
0,-0.341796875,-0.35400390625,-0.08544921875,-0.37841796875,0.06103515625,-0.390625,-0.23193359375,-0.08544921875,0.3173828125,-0.10986328125,-0.0244140625,-0.9033203125,-0.048828125,1.08642578125,-0.1220703125,-0.1708984375,-0.2197265625,-0.6103515625,-0.048828125,-0.146484375,-0.048828125,0.87890625,-0.18310546875,-0.64697265625,0.1220703125,5.2490234375,-0.08544921875,8.642578125,-0.0244140625,7.84912109375,-0.0244140625,6.298828125,-0.09765625,-0.37841796875,-0.146484375,-0.9033203125,-0.244140625,-0.439453125,-0.2197265625,-0.634765625,0.3662109375,-0.2197265625,0.6591796875,-0.68359375,0.0244140625,-0.35400390625,0.25634765625,0.64697265625,-0.3173828125,1.11083984375,-0.23193359375,0.4638671875,0.25634765625,-0.06103515625,-0.09765625,0.69580078125,0.23193359375,0.5615234375,-0.7080078125,0.42724609375,-0.10986328125,0.67138671875,0.4638671875,0.13427734375,0.08544921875,0.59814453125,-0.1708984375,1.01318359375,-0.03662109375,0.13427734375,-0.0732421875,0.1953125,-0.29296875,0.244140625,-0.10986328125,0.84228515625,0.15869140625,-0.048828125,0.09765625,1.318359375,0.13427734375,-0.93994140625,-0.0244140625,-0.4150390625,0.244140625,-0.9765625,-0.0244140625,-0.79345703125,0.09765625,3.1494140625,0.09765625,2.25830078125,0.18310546875,2.5634765625,-0.048828125,2.11181640625,0,-0.732421875,-0.30517578125,-0.8056640625,-0.0732421875,-0.67138671875,-0.0244140625,-0.18310546875,0.08544921875,-0.2197265625,0.03662109375,-0.50048828125,0,-0.5126953125,-0.15869140625,1.1474609375,-0.09765625,0.341796875,-0.06103515625,0.03662109375,-0.08544921875,0,-0.146484375,0.1953125,-0.25634765625,-0.15869140625,-0.146484375,0.8544921875,-0.13427734375,-0.537109375,0.048828125,-0.5126953125
0,-0.341796875,-0.35400390625,-0.0732421875,-0.3662109375,0.08544921875,-0.40283203125,-0.25634765625,-0.09765625,0.35400390625,-0.1220703125,-0.0244140625,-0.89111328125,-0.048828125,1.0986328125,-0.08544921875,-0.146484375,-0.15869140625,-0.6103515625,-0.0732421875,-0.15869140625,0.10986328125,0.86669921875,-0.28076171875,-0.6591796875,0.1220703125,4.8583984375,-0.1220703125,8.02001953125,-0.1953125,7.421875,-0.048828125,5.84716796875,-0.09765625,-0.37841796875,-0.1708984375,-0.87890625,-0.2197265625,-0.4150390625,-0.20751953125,-0.62255859375,0.4150390625,-0.23193359375,0.74462890625,-0.68359375,0.08544921875,-0.37841796875,0.244140625,0.64697265625,-0.28076171875,1.11083984375,-0.341796875,0.45166015625,0.2197265625,-0.08544921875,0.03662109375,0.72021484375,0.20751953125,0.6103515625,-0.67138671875,0.30517578125,-0.08544921875,0.59814453125,0.390625,0.09765625,0.0732421875,0.57373046875,-0.2197265625,1.03759765625,-0.03662109375,0.13427734375,-0.09765625,0.1953125,-0.32958984375,0.23193359375,-0.0732421875,0.8544921875,0.20751953125,-0.0732421875,0.13427734375,1.318359375,0.10986328125,-0.93994140625,-0.03662109375,-0.37841796875,0.2685546875,-0.927734375,-0.08544921875,-0.78125,0.1220703125,2.3681640625,0.048828125,1.85546875,0.146484375,2.0751953125,0.0244140625,1.57470703125,-0.01220703125,-0.732421875,-0.23193359375,-0.78125,-0.03662109375,-0.67138671875,-0.03662109375,-0.1708984375,0.08544921875,0.18310546875,-0.048828125,0.1953125,0.01220703125,-0.18310546875,-0.23193359375,1.57470703125,-0.08544921875,0.35400390625,-0.06103515625,0.0244140625,-0.0732421875,-0.01220703125,-0.15869140625,0.2197265625,-0.244140625,-0.1220703125,-0.1953125,0.8544921875,-0.10986328125,-0.537109375,0.03662109375,-0.537109375
0,-0.3173828125,-0.3662109375,-0.09765625,-0.3662109375,0.06103515625,-0.439453125,-0.28076171875,-0.06103515625,0.390625,-0.0732421875,-0.0244140625,-0.89111328125,-0.03662109375,1.07421875,-0.10986328125,-0.1220703125,-0.09765625,-0.59814453125,-0.1220703125,-0.146484375,0.1953125,0.84228515625,-0.32958984375,-0.6591796875,0.08544921875,4.345703125,-0.13427734375,7.18994140625,-0.30517578125,6.82373046875,-0.09765625,5.2734375,-0.06103515625,-0.439453125,-0.20751953125,-0.87890625,-0.1953125,-0.42724609375,-0.18310546875,-0.6103515625,0.35400390625,-0.2197265625,0.76904296875,-0.72021484375,0.1220703125,-0.390625,0.29296875,0.64697265625,-0.25634765625,1.13525390625,-0.4150390625,0.42724609375,0.2197265625,-0.0732421875,0.09765625,0.74462890625,0.15869140625,0.634765625,-0.732421875,0.23193359375,-0.146484375,0.52490234375,0.18310546875,0.09765625,0.0244140625,0.537109375,-0.25634765625,1.025390625,0.01220703125,0.13427734375,-0.13427734375,0.2197265625,-0.30517578125,0.2197265625,0.01220703125,0.87890625,0.25634765625,-0.0732421875,0.13427734375,1.33056640625,0.06103515625,-0.96435546875,-0.03662109375,-0.37841796875,0.23193359375,-0.91552734375,-0.13427734375,-0.8056640625,0.20751953125,1.37939453125,0.03662109375,1.3916015625,0.13427734375,1.55029296875,0.09765625,0.96435546875,-0.06103515625,-0.74462890625,-0.15869140625,-0.79345703125,0.01220703125,-0.67138671875,-0.06103515625,-0.1953125,0.0244140625,0.7568359375,-0.1220703125,1.18408203125,-0.01220703125,0.3173828125,-0.30517578125,2.20947265625,-0.08544921875,0.37841796875,-0.0732421875,0.03662109375,-0.06103515625,-0.01220703125,-0.146484375,0.244140625,-0.244140625,-0.09765625,-0.23193359375,0.86669921875,-0.10986328125,-0.54931640625,0.048828125,-0.54931640625
0,-0.32958984375,-0.3662109375,-0.08544921875,-0.37841796875,0.048828125,-0.42724609375,-0.29296875,-0.048828125,0.390625,-0.06103515625,-0.03662109375,-0.87890625,-0.01220703125,1.07421875,-0.1220703125,-0.1220703125,-0.08544921875,-0.6103515625,-0.06103515625,-0.146484375,0.244140625,0.8544921875,-0.244140625,-0.64697265625,0.048828125,3.72314453125,-0.10986328125,6.18896484375,-0.390625,6.103515625,-0.13427734375,4.638671875,0,-0.439453125,-0.1953125,-0.89111328125,-0.15869140625,-0.4150390625,-0.15869140625,-0.62255859375,0.244140625,-0.23193359375,0.78125,-0.72021484375,0.09765625,-0.40283203125,0.3173828125,0.64697265625,-0.25634765625,1.15966796875,-0.4638671875,0.4150390625,0.20751953125,-0.08544921875,0.146484375,0.7568359375,0.1220703125,0.6591796875,-0.64697265625,0.18310546875,-0.048828125,0.439453125,0.15869140625,0.08544921875,-0.048828125,0.50048828125,-0.2197265625,1.01318359375,0.06103515625,0.15869140625,-0.1708984375,0.23193359375,-0.2685546875,0.20751953125,0.03662109375,0.86669921875,0.29296875,-0.0732421875,0.1220703125,1.33056640625,0.01220703125,-0.9765625,-0.03662109375,-0.3662109375,0.1708984375,-0.927734375,-0.13427734375,-0.79345703125,0.25634765625,0.3662109375,0,0.93994140625,0.146484375,0.9765625,0.20751953125,0.32958984375,-0.09765625,-0.7568359375,-0.09765625,-0.78125,0.01220703125,-0.67138671875,-0.0244140625,-0.18310546875,0.03662109375,1.513671875,-0.09765625,2.392578125,-0.048828125,0.927734375,-0.244140625,3.02734375,-0.06103515625,0.390625,-0.0732421875,0.0244140625,-0.0732421875,0,-0.146484375,0.244140625,-0.23193359375,-0.06103515625,-0.244140625,0.8544921875,-0.09765625,-0.5126953125,0.0244140625,-0.5615234375
0,-0.30517578125,-0.37841796875,-0.0732421875,-0.37841796875,0.048828125,-0.439453125,-0.29296875,-0.0732421875,0.390625,-0.0244140625,-0.01220703125,-0.9033203125,0.03662109375,1.07421875,-0.13427734375,-0.1220703125,-0.10986328125,-0.59814453125,-0.03662109375,-0.1220703125,0.28076171875,0.84228515625,-0.1708984375,-0.634765625,-0.01220703125,3.076171875,-0.0732421875,5.09033203125,-0.35400390625,5.31005859375,-0.1708984375,3.91845703125,0.01220703125,-0.40283203125,-0.15869140625,-0.87890625,-0.146484375,-0.42724609375,-0.146484375,-0.62255859375,0.1220703125,-0.23193359375,0.72021484375,-0.732421875,0.06103515625,-0.390625,0.3662109375,0.64697265625,-0.25634765625,1.1962890625,-0.5126953125,0.4150390625,0.20751953125,-0.08544921875,0.18310546875,0.7568359375,0.09765625,0.7080078125,-0.6103515625,0.1708984375,-0.09765625,0.37841796875,0.13427734375,0.08544921875,-0.06103515625,0.4638671875,-0.23193359375,1.01318359375,0.10986328125,0.18310546875,-0.20751953125,0.23193359375,-0.23193359375,0.2197265625,0.08544921875,0.87890625,0.29296875,-0.0732421875,0.0732421875,1.3427734375,-0.01220703125,-0.9765625,-0.0244140625,-0.3662109375,0.06103515625,-0.98876953125,-0.10986328125,-0.8056640625,0.2685546875,-0.54931640625,-0.0732421875,0.537109375,0.1220703125,0.537109375,0.20751953125,-0.18310546875,-0.15869140625,-0.7568359375,0,-0.7568359375,-0.01220703125,-0.68359375,0.06103515625,-0.1953125,-0.01220703125,2.3681640625,-0.10986328125,3.7109375,-0.13427734375,1.5869140625,-0.25634765625,3.9306640625,-0.03662109375,0.390625,-0.09765625,-0.01220703125,-0.0732421875,0.03662109375,-0.13427734375,0.23193359375,-0.2197265625,-0.01220703125,-0.2685546875,0.84228515625,-0.08544921875,-0.50048828125,0.01220703125,-0.54931640625
0,-0.29296875,-0.4150390625,-0.09765625,-0.3662109375,0.048828125,-0.45166015625,-0.30517578125,-0.0732421875,0.32958984375,-0.01220703125,0,-0.89111328125,0.03662109375,1.08642578125,-0.18310546875,-0.13427734375,-0.1220703125,-0.59814453125,0.06103515625,-0.13427734375,0.25634765625,0.84228515625,0.01220703125,-0.62255859375,-0.048828125,2.40478515625,-0.06103515625,3.99169921875,-0.25634765625,4.50439453125,-0.20751953125,3.18603515625,-0.0244140625,-0.390625,-0.1220703125,-0.86669921875,-0.13427734375,-0.439453125,-0.15869140625,-0.64697265625,0.03662109375,-0.2197265625,0.7080078125,-0.72021484375,0,-0.4150390625,0.3662109375,0.64697265625,-0.23193359375,1.1962890625,-0.5126953125,0.42724609375,0.28076171875,-0.06103515625,0.18310546875,0.7568359375,0.0732421875,0.69580078125,-0.54931640625,0.1708984375,-0.08544921875,0.32958984375,0.1220703125,0.10986328125,-0.09765625,0.45166015625,-0.23193359375,1.01318359375,0.13427734375,0.1953125,-0.23193359375,0.23193359375,-0.23193359375,0.18310546875,0.13427734375,0.86669921875,0.3173828125,-0.03662109375,0.048828125,1.318359375,-0.06103515625,-1.0009765625,-0.03662109375,-0.37841796875,-0.06103515625,-1.01318359375,-0.06103515625,-0.81787109375,0.3173828125,-1.26953125,-0.08544921875,0.23193359375,0.1220703125,0.18310546875,0.2197265625,-0.54931640625,-0.18310546875,-0.76904296875,0.0244140625,-0.74462890625,-0.03662109375,-0.6591796875,0.146484375,-0.20751953125,0,3.23486328125,-0.0244140625,5.029296875,-0.1708984375,2.2705078125,-0.18310546875,4.82177734375,-0.0244140625,0.40283203125,-0.10986328125,-0.03662109375,-0.06103515625,0.048828125,-0.146484375,0.20751953125,-0.20751953125,0,-0.2685546875,0.84228515625,-0.09765625,-0.4638671875,0.01220703125,-0.54931640625
0,-0.25634765625,-0.4150390625,-0.0732421875,-0.3662109375,0.03662109375,-0.439453125,-0.3173828125,-0.06103515625,0.3173828125,0.0244140625,0.03662109375,-0.89111328125,0.048828125,1.0986328125,-0.20751953125,-0.13427734375,-0.15869140625,-0.59814453125,0.1220703125,-0.1220703125,0.20751953125,0.830078125,0.18310546875,-0.6103515625,-0.0732421875,1.74560546875,-0.048828125,2.9052734375,-0.18310546875,3.7109375,-0.29296875,2.490234375,-0.0732421875,-0.32958984375,-0.06103515625,-0.89111328125,-0.18310546875,-0.439453125,-0.18310546875,-0.68359375,-0.01220703125,-0.2197265625,0.64697265625,-0.7080078125,-0.06103515625,-0.42724609375,0.3173828125,0.64697265625,-0.244140625,1.18408203125,-0.48828125,0.45166015625,0.23193359375,-0.03662109375,0.18310546875,0.732421875,0.06103515625,0.6591796875,-0.4638671875,0.18310546875,-0.01220703125,0.341796875,0.1953125,0.08544921875,-0.09765625,0.390625,-0.18310546875,1.025390625,0.13427734375,0.20751953125,-0.20751953125,0.2197265625,-0.244140625,0.18310546875,0.1708984375,0.89111328125,0.29296875,-0.01220703125,0.0244140625,1.318359375,-0.09765625,-1.01318359375,-0.0244140625,-0.3662109375,-0.18310546875,-1.06201171875,-0.0244140625,-0.830078125,0.29296875,-1.67236328125,-0.08544921875,0.09765625,0.10986328125,0.0244140625,0.1708984375,-0.7568359375,-0.1708984375,-0.7568359375,0.06103515625,-0.76904296875,-0.0732421875,-0.6591796875,0.20751953125,-0.1953125,0.01220703125,3.9794921875,0.01220703125,6.25,-0.15869140625,2.86865234375,-0.18310546875,5.615234375,-0.03662109375,0.390625,-0.1220703125,-0.06103515625,-0.06103515625,0.0732421875,-0.146484375,0.18310546875,-0.23193359375,0.01220703125,-0.244140625,0.8544921875,-0.10986328125,-0.4638671875,0.01220703125,-0.537109375
0,-0.20751953125,-0.42724609375,-0.08544921875,-0.37841796875,0.01220703125,-0.4150390625,-0.30517578125,-0.06103515625,0.30517578125,0.0244140625,0.03662109375,-0.89111328125,0.048828125,1.08642578125,-0.20751953125,-0.13427734375,-0.146484375,-0.59814453125,0.1953125,-0.09765625,0.2197265625,0.8544921875,0.25634765625,-0.62255859375,-0.08544921875,1.15966796875,0,1.91650390625,-0.08544921875,2.96630859375,-0.32958984375,1.8310546875,-0.10986328125,-0.29296875,-0.03662109375,-0.89111328125,-0.20751953125,-0.45166015625,-0.1953125,-0.7080078125,0.0244140625,-0.18310546875,0.57373046875,-0.67138671875,-0.1220703125,-0.4150390625,0.244140625,0.6591796875,-0.23193359375,1.15966796875,-0.390625,0.4638671875,0.09765625,-0.048828125,0.23193359375,0.7080078125,0.0732421875,0.6103515625,-0.35400390625,0.25634765625,0.146484375,0.40283203125,0.1708984375,0.048828125,-0.09765625,0.341796875,-0.08544921875,1.025390625,0.13427734375,0.23193359375,-0.1708984375,0.1953125,-0.25634765625,0.18310546875,0.1953125,0.91552734375,0.244140625,-0.01220703125,-0.03662109375,1.30615234375,-0.10986328125,-1.03759765625,0,-0.37841796875,-0.2685546875,-1.08642578125,-0.03662109375,-0.830078125,0.15869140625,-1.6357421875,-0.08544921875,0.1220703125,0.048828125,0.06103515625,0.09765625,-0.69580078125,-0.13427734375,-0.7568359375,0.06103515625,-0.76904296875,-0.1220703125,-0.67138671875,0.2685546875,-0.1953125,0.01220703125,4.57763671875,-0.048828125,7.177734375,-0.1953125,3.3447265625,-0.1708984375,6.23779296875,-0.03662109375,0.37841796875,-0.09765625,-0.03662109375,-0.0732421875,0.06103515625,-0.15869140625,0.18310546875,-0.2685546875,0.01220703125,-0.20751953125,0.86669921875,-0.08544921875,-0.4638671875,0,-0.537109375
0,-0.20751953125,-0.42724609375,-0.09765625,-0.35400390625,0,-0.439453125,-0.29296875,-0.06103515625,0.32958984375,0.01220703125,0.0732421875,-0.89111328125,0.0244140625,1.08642578125,-0.244140625,-0.1220703125,-0.13427734375,-0.59814453125,0.25634765625,-0.08544921875,0.1953125,0.8544921875,0.341796875,-0.634765625,-0.08544921875,0.6103515625,0.01220703125,1.025390625,-0.01220703125,2.30712890625,-0.37841796875,1.2451171875,-0.09765625,-0.23193359375,0.03662109375,-0.9033203125,-0.25634765625,-0.4638671875,-0.25634765625,-0.74462890625,0.06103515625,-0.18310546875,0.67138671875,-0.6591796875,-0.15869140625,-0.40283203125,0.18310546875,0.64697265625,-0.25634765625,1.13525390625,-0.341796875,0.4638671875,0.1220703125,-0.06103515625,0.244140625,0.67138671875,0.09765625,0.537109375,-0.3662109375,0.341796875,0.13427734375,0.48828125,0.13427734375,0.048828125,-0.0732421875,0.29296875,-0.01220703125,1.01318359375,0.10986328125,0.23193359375,-0.13427734375,0.18310546875,-0.23193359375,0.1953125,0.23193359375,0.89111328125,0.18310546875,0.0244140625,-0.0732421875,1.28173828125,-0.13427734375,-1.025390625,0.03662109375,-0.37841796875,-0.32958984375,-1.08642578125,-0.06103515625,-0.8544921875,0.15869140625,-1.220703125,-0.03662109375,0.3173828125,0,0.29296875,0.048828125,-0.4150390625,-0.048828125,-0.78125,0.048828125,-0.7568359375,-0.13427734375,-0.6591796875,0.28076171875,-0.2197265625,0.0244140625,4.9072265625,-0.08544921875,7.7880859375,-0.15869140625,3.62548828125,-0.15869140625,6.60400390625,-0.03662109375,0.3662109375,-0.08544921875,-0.06103515625,-0.08544921875,0.03662109375,-0.15869140625,0.1708984375,-0.29296875,0.01220703125,-0.20751953125,0.86669921875,-0.1220703125,-0.45166015625,0,-0.52490234375
1,-0.1953125,-0.40283203125,-0.09765625,-0.341796875,-0.01220703125,-0.4150390625,-0.2685546875,-0.048828125,0.341796875,-0.0244140625,0.08544921875,-0.87890625,0.03662109375,1.06201171875,-0.2685546875,-0.10986328125,-0.13427734375,-0.59814453125,0.2685546875,-0.09765625,0.2197265625,0.87890625,0.341796875,-0.634765625,-0.0244140625,0.1220703125,0.048828125,0.244140625,0,1.69677734375,-0.32958984375,0.7080078125,-0.0732421875,-0.1953125,0.06103515625,-0.89111328125,-0.29296875,-0.45166015625,-0.30517578125,-0.78125,0.08544921875,-0.18310546875,0.54931640625,-0.64697265625,-0.146484375,-0.40283203125,0.08544921875,0.64697265625,-0.28076171875,1.123046875,-0.2685546875,0.4638671875,0.09765625,-0.048828125,0.25634765625,0.6591796875,0.03662109375,0.47607421875,-0.390625,0.439453125,0.06103515625,0.59814453125,0.13427734375,0.03662109375,-0.06103515625,0.244140625,0.06103515625,1.03759765625,0.09765625,0.2197265625,-0.08544921875,0.1708984375,-0.10986328125,0.2197265625,0.23193359375,0.87890625,0.09765625,0.03662109375,-0.10986328125,1.2939453125,-0.13427734375,-1.0498046875,0.08544921875,-0.37841796875,-0.3173828125,-1.0986328125,-0.10986328125,-0.8544921875,0.10986328125,-0.4638671875,0.03662109375,0.67138671875,-0.06103515625,0.68359375,0.0732421875,0.0244140625,-0.01220703125,-0.74462890625,0.09765625,-0.76904296875,-0.13427734375,-0.67138671875,0.25634765625,-0.1953125,0.01220703125,5.01708984375,-0.09765625,8.0078125,-0.15869140625,3.7109375,-0.146484375,6.7138671875,-0.0244140625,0.3662109375,-0.08544921875,-0.048828125,-0.0732421875,0.03662109375,-0.1708984375,0.1708984375,-0.30517578125,0,-0.1953125,0.86669921875,-0.1220703125,-0.4638671875,-0.01220703125,-0.537109375
1,-0.20751953125,-0.390625,-0.146484375,-0.341796875,0,-0.42724609375,-0.2685546875,-0.03662109375,0.341796875,-0.03662109375,0.08544921875,-0.86669921875,-0.01220703125,1.06201171875,-0.28076171875,-0.1220703125,-0.146484375,-0.5859375,0.23193359375,-0.09765625,0.244140625,0.87890625,0.2685546875,-0.62255859375,0.01220703125,-0.2685546875,0.06103515625,-0.40283203125,0.01220703125,1.171875,-0.25634765625,0.244140625,0.01220703125,-0.1708984375,0.0244140625,-0.9033203125,-0.3173828125,-0.42724609375,-0.32958984375,-0.8056640625,0.13427734375,-0.18310546875,0.57373046875,-0.634765625,-0.09765625,-0.40283203125,0.06103515625,0.67138671875,-0.30517578125,1.0986328125,-0.18310546875,0.4638671875,0.01220703125,-0.048828125,0.23193359375,0.6591796875,0.10986328125,0.45166015625,-0.35400390625,0.54931640625,0.1220703125,0.72021484375,0.146484375,0.0732421875,-0.048828125,0.20751953125,0.1220703125,1.0498046875,0.10986328125,0.1953125,-0.06103515625,0.15869140625,-0.0244140625,0.244140625,0.244140625,0.86669921875,0.0244140625,0.03662109375,-0.146484375,1.28173828125,-0.146484375,-1.07421875,0.1708984375,-0.390625,-0.30517578125,-1.0498046875,-0.15869140625,-0.84228515625,-0.03662109375,0.54931640625,0.06103515625,1.13525390625,-0.146484375,1.2451171875,0.09765625,0.67138671875,-0.01220703125,-0.7568359375,0.0732421875,-0.79345703125,-0.0732421875,-0.6591796875,0.2197265625,-0.18310546875,0.048828125,4.8828125,-0.0244140625,7.861328125,-0.10986328125,3.61328125,-0.09765625,6.5673828125,-0.03662109375,0.35400390625,-0.0732421875,-0.0244140625,-0.06103515625,0.01220703125,-0.18310546875,0.18310546875,-0.32958984375,-0.01220703125,-0.18310546875,0.87890625,-0.13427734375,-0.48828125,0,-0.52490234375
1,-0.18310546875,-0.37841796875,-0.13427734375,-0.341796875,0.0244140625,-0.4150390625,-0.23193359375,-0.06103515625,0.341796875,-0.048828125,0.0732421875,-0.86669921875,-0.048828125,1.07421875,-0.2685546875,-0.10986328125,-0.1708984375,-0.5859375,0.1708984375,-0.10986328125,0.25634765625,0.8544921875,0.146484375,-0.62255859375,0.0732421875,-0.64697265625,0.08544921875,-0.9765625,0.01220703125,0.69580078125,-0.146484375,-0.15869140625,0.13427734375,-0.18310546875,-0.01220703125,-0.9033203125,-0.3173828125,-0.439453125,-0.390625,-0.84228515625,0.1220703125,-0.1953125,0.59814453125,-0.634765625,-0.0732421875,-0.40283203125,0.0244140625,0.6591796875,-0.30517578125,1.0986328125,-0.13427734375,0.45166015625,0.0732421875,-0.06103515625,0.10986328125,0.6591796875,0.10986328125,0.4638671875,-0.28076171875,0.64697265625,0.13427734375,0.84228515625,0.20751953125,0.13427734375,-0.08544921875,0.18310546875,0.18310546875,1.0498046875,0.08544921875,0.18310546875,-0.03662109375,0.1708984375,0.09765625,0.25634765625,0.2197265625,0.87890625,-0.0244140625,0.0244140625,-0.1220703125,1.2939453125,-0.15869140625,-1.0498046875,0.244140625,-0.37841796875,-0.32958984375,-1.0009765625,-0.146484375,-0.81787109375,-0.146484375,1.7822265625,0.03662109375,1.708984375,-0.20751953125,1.904296875,0.08544921875,1.40380859375,-0.01220703125,-0.7568359375,0.0732421875,-0.78125,-0.048828125,-0.67138671875,0.146484375,-0.1708984375,0.0244140625,4.52880859375,-0.1220703125,7.36083984375,-0.06103515625,3.33251953125,-0.08544921875,6.1767578125,-0.03662109375,0.341796875,-0.048828125,-0.0244140625,-0.06103515625,-0.0244140625,-0.18310546875,0.18310546875,-0.30517578125,-0.03662109375,-0.18310546875,0.9033203125,-0.13427734375,-0.5126953125,-0.0244140625,-0.50048828125
1,-0.1953125,-0.35400390625,-0.13427734375,-0.3662109375,0,-0.4150390625,-0.20751953125,-0.0732421875,0.390625,-0.0732421875,0.06103515625,-0.86669921875,-0.10986328125,1.06201171875,-0.2685546875,-0.13427734375,-0.146484375,-0.5859375,0.09765625,-0.09765625,0.244140625,0.86669921875,0.0244140625,-0.634765625,0.08544921875,-0.9033203125,0.03662109375,-1.416015625,-0.0244140625,0.29296875,-0.0732421875,-0.47607421875,0.146484375,-0.20751953125,-0.09765625,-0.91552734375,-0.3173828125,-0.439453125,-0.341796875,-0.84228515625,0.0732421875,-0.20751953125,0.72021484375,-0.64697265625,-0.0732421875,-0.390625,0.01220703125,0.64697265625,-0.2685546875,1.0986328125,-0.13427734375,0.45166015625,-0.01220703125,-0.06103515625,0.03662109375,0.68359375,0.1220703125,0.50048828125,-0.25634765625,0.732421875,0.244140625,0.9521484375,0.3173828125,0.20751953125,-0.09765625,0.1953125,0.23193359375,1.0498046875,0.1220703125,0.15869140625,0,0.15869140625,0.18310546875,0.25634765625,0.1708984375,0.84228515625,-0.09765625,0.01220703125,-0.10986328125,1.2939453125,-0.1708984375,-1.0009765625,0.29296875,-0.390625,-0.32958984375,-0.98876953125,-0.1708984375,-0.79345703125,-0.06103515625,3.02734375,0.08544921875,2.294921875,-0.23193359375,2.587890625,0.146484375,2.1484375,-0.048828125,-0.76904296875,0.08544921875,-0.79345703125,0,-0.6591796875,0.06103515625,-0.1708984375,0,4.01611328125,-0.20751953125,6.640625,0,2.9541015625,-0.1220703125,5.6884765625,-0.0244140625,0.341796875,-0.048828125,0.01220703125,-0.06103515625,-0.06103515625,-0.18310546875,0.1953125,-0.25634765625,-0.03662109375,-0.1708984375,0.87890625,-0.146484375,-0.52490234375,-0.01220703125,-0.537109375
1,-0.18310546875,-0.341796875,-0.13427734375,-0.3662109375,-0.01220703125,-0.40283203125,-0.1953125,-0.08544921875,0.40283203125,-0.08544921875,0.08544921875,-0.87890625,-0.146484375,1.07421875,-0.25634765625,-0.146484375,-0.13427734375,-0.57373046875,0.03662109375,-0.09765625,0.20751953125,0.8544921875,-0.1220703125,-0.6103515625,0.09765625,-1.11083984375,-0.01220703125,-1.72119140625,-0.0244140625,0,0.03662109375,-0.7080078125,0.146484375,-0.23193359375,-0.1220703125,-0.9033203125,-0.28076171875,-0.47607421875,-0.32958984375,-0.8544921875,0.06103515625,-0.2197265625,0.79345703125,-0.64697265625,-0.06103515625,-0.4150390625,0.06103515625,0.64697265625,-0.23193359375,1.11083984375,-0.146484375,0.45166015625,-0.18310546875,-0.06103515625,-0.03662109375,0.7080078125,0.15869140625,0.6103515625,-0.15869140625,0.76904296875,0.18310546875,1.01318359375,0.35400390625,0.30517578125,-0.09765625,0.2197265625,0.244140625,1.03759765625,0.146484375,0.15869140625,0.01220703125,0.1953125,0.20751953125,0.244140625,0.10986328125,0.8056640625,-0.1220703125,0,-0.1220703125,1.2939453125,-0.1220703125,-1.025390625,0.30517578125,-0.390625,-0.32958984375,-0.9521484375,-0.15869140625,-0.79345703125,-0.0244140625,4.2236328125,0.0732421875,2.83203125,-0.20751953125,3.21044921875,0.1220703125,2.89306640625,-0.06103515625,-0.76904296875,0.06103515625,-0.79345703125,0.0244140625,-0.67138671875,-0.01220703125,-0.146484375,-0.01220703125,3.4912109375,-0.28076171875,5.810546875,0.03662109375,2.5634765625,-0.146484375,5.1513671875,-0.01220703125,0.35400390625,-0.06103515625,0.0244140625,-0.06103515625,-0.06103515625,-0.20751953125,0.2197265625,-0.25634765625,-0.0244140625,-0.18310546875,0.8544921875,-0.10986328125,-0.5126953125,-0.01220703125,-0.537109375
1,-0.20751953125,-0.3662109375,-0.15869140625,-0.3662109375,0,-0.4150390625,-0.20751953125,-0.09765625,0.40283203125,-0.06103515625,0.0732421875,-0.87890625,-0.18310546875,1.08642578125,-0.244140625,-0.15869140625,-0.146484375,-0.57373046875,-0.01220703125,-0.08544921875,0.13427734375,0.8544921875,-0.13427734375,-0.5859375,0.1220703125,-1.220703125,0.048828125,-1.91650390625,0,-0.20751953125,0.10986328125,-0.830078125,0.08544921875,-0.29296875,-0.09765625,-0.9033203125,-0.244140625,-0.4638671875,-0.3173828125,-0.84228515625,0.048828125,-0.244140625,0.78125,-0.64697265625,-0.08544921875,-0.42724609375,0.13427734375,0.634765625,-0.20751953125,1.13525390625,-0.15869140625,0.45166015625,-0.20751953125,-0.06103515625,-0.09765625,0.72021484375,0.09765625,0.68359375,-0.1220703125,0.7568359375,0.29296875,1.06201171875,0.4150390625,0.3662109375,-0.0732421875,0.28076171875,0.23193359375,1.03759765625,0.1708984375,0.15869140625,-0.01220703125,0.1953125,0.23193359375,0.25634765625,0.0732421875,0.830078125,-0.15869140625,-0.01220703125,-0.06103515625,1.2939453125,-0.06103515625,-1.0009765625,0.29296875,-0.37841796875,-0.341796875,-0.93994140625,-0.10986328125,-0.78125,-0.0244140625,5.28564453125,0.048828125,3.35693359375,-0.146484375,3.80859375,0.0732421875,3.55224609375,-0.08544921875,-0.76904296875,0.0244140625,-0.76904296875,0.06103515625,-0.64697265625,-0.03662109375,-0.146484375,-0.06103515625,3.0029296875,-0.30517578125,5.01708984375,0.06103515625,2.1484375,-0.1708984375,4.638671875,-0.01220703125,0.3662109375,-0.08544921875,0.03662109375,-0.06103515625,-0.06103515625,-0.1953125,0.2197265625,-0.244140625,-0.01220703125,-0.20751953125,0.84228515625,-0.0732421875,-0.50048828125,0,-0.52490234375
1,-0.1953125,-0.35400390625,-0.15869140625,-0.37841796875,0.01220703125,-0.42724609375,-0.1708984375,-0.08544921875,0.42724609375,-0.0244140625,0.08544921875,-0.89111328125,-0.20751953125,1.06201171875,-0.244140625,-0.1708984375,-0.18310546875,-0.57373046875,-0.0732421875,-0.1220703125,0.01220703125,0.87890625,-0.09765625,-0.5859375,0.08544921875,-1.2451171875,0.1220703125,-2.001953125,0.0244140625,-0.29296875,0.06103515625,-0.86669921875,0.01220703125,-0.32958984375,-0.09765625,-0.89111328125,-0.2197265625,-0.4638671875,-0.30517578125,-0.8056640625,0.048828125,-0.244140625,0.81787109375,-0.634765625,-0.1220703125,-0.42724609375,0.1953125,0.64697265625,-0.18310546875,1.1474609375,-0.18310546875,0.439453125,-0.341796875,-0.048828125,-0.15869140625,0.7080078125,0.0244140625,0.7568359375,-0.09765625,0.72021484375,0.29296875,1.0498046875,0.42724609375,0.42724609375,-0.03662109375,0.35400390625,0.28076171875,1.03759765625,0.2197265625,0.18310546875,-0.06103515625,0.2197265625,0.23193359375,0.244140625,0,0.84228515625,-0.18310546875,-0.01220703125,-0.03662109375,1.318359375,0.03662109375,-1.025390625,0.244140625,-0.341796875,-0.32958984375,-0.9521484375,-0.048828125,-0.79345703125,-0.01220703125,6.11572265625,0.01220703125,3.77197265625,-0.03662109375,4.2724609375,-0.01220703125,4.1015625,-0.08544921875,-0.78125,0.03662109375,-0.78125,0.0732421875,-0.634765625,-0.08544921875,-0.1708984375,-0.08544921875,2.62451171875,-0.32958984375,4.39453125,0.0244140625,1.86767578125,-0.15869140625,4.26025390625,0,0.37841796875,-0.0732421875,0.01220703125,-0.048828125,-0.048828125,-0.2197265625,0.2197265625,-0.23193359375,0,-0.20751953125,0.84228515625,-0.06103515625,-0.5126953125,-0.0244140625,-0.54931640625
1,-0.2197265625,-0.3662109375,-0.18310546875,-0.37841796875,0.0244140625,-0.439453125,-0.1708984375,-0.06103515625,0.42724609375,0,0.09765625,-0.89111328125,-0.23193359375,1.07421875,-0.244140625,-0.15869140625,-0.244140625,-0.5615234375,-0.048828125,-0.1220703125,-0.09765625,0.87890625,-0.048828125,-0.5615234375,0.0244140625,-1.171875,0.1708984375,-1.91650390625,-0.0244140625,-0.25634765625,-0.03662109375,-0.78125,-0.01220703125,-0.341796875,-0.03662109375,-0.89111328125,-0.20751953125,-0.4638671875,-0.2685546875,-0.78125,0.13427734375,-0.25634765625,0.7568359375,-0.6591796875,-0.146484375,-0.42724609375,0.2685546875,0.634765625,-0.13427734375,1.15966796875,-0.2197265625,0.45166015625,-0.3662109375,-0.0732421875,-0.28076171875,0.732421875,0.0244140625,0.78125,-0.09765625,0.6103515625,0.35400390625,1.025390625,0.45166015625,0.45166015625,-0.0244140625,0.439453125,0.2197265625,1.03759765625,0.244140625,0.23193359375,-0.10986328125,0.23193359375,0.18310546875,0.23193359375,0.01220703125,0.86669921875,-0.13427734375,-0.0244140625,-0.01220703125,1.318359375,0.13427734375,-1.06201171875,0.1953125,-0.3662109375,-0.2685546875,-0.9765625,0.0244140625,-0.8056640625,0,6.7138671875,-0.0244140625,4.06494140625,0.08544921875,4.638671875,-0.06103515625,4.541015625,-0.0732421875,-0.79345703125,0.048828125,-0.78125,0.048828125,-0.634765625,-0.09765625,-0.18310546875,-0.08544921875,2.42919921875,-0.25634765625,3.9794921875,-0.048828125,1.708984375,-0.1220703125,4.052734375,0.01220703125,0.37841796875,-0.09765625,0,-0.06103515625,-0.01220703125,-0.23193359375,0.1953125,-0.244140625,0,-0.18310546875,0.830078125,-0.0244140625,-0.47607421875,-0.048828125,-0.5615234375
1,-0.2197265625,-0.390625,-0.18310546875,-0.3662109375,0.0244140625,-0.439453125,-0.13427734375,-0.048828125,0.390625,0.0244140625,0.08544921875,-0.87890625,-0.25634765625,1.06201171875,-0.2685546875,-0.146484375,-0.32958984375,-0.5615234375,-0.0732421875,-0.09765625,-0.15869140625,0.86669921875,0.0732421875,-0.5615234375,-0.06103515625,-1.025390625,0.146484375,-1.7333984375,-0.06103515625,-0.09765625,-0.15869140625,-0.6103515625,-0.06103515625,-0.341796875,0,-0.89111328125,-0.1708984375,-0.48828125,-0.1953125,-0.7568359375,0.20751953125,-0.244140625,0.69580078125,-0.634765625,-0.146484375,-0.4150390625,0.341796875,0.6103515625,-0.10986328125,1.1474609375,-0.3173828125,0.42724609375,-0.390625,-0.08544921875,-0.37841796875,0.72021484375,-0.03662109375,0.74462890625,-0.13427734375,0.4638671875,0.390625,0.96435546875,0.48828125,0.390625,0.08544921875,0.52490234375,0.146484375,1.03759765625,0.244140625,0.23193359375,-0.15869140625,0.20751953125,0.1953125,0.1953125,-0.048828125,0.9033203125,-0.1220703125,-0.0244140625,-0.01220703125,1.2939453125,0.1953125,-1.06201171875,0.09765625,-0.3662109375,-0.1708984375,-1.0009765625,0.0732421875,-0.81787109375,0.06103515625,7.03125,-0.06103515625,4.2236328125,0.13427734375,4.9072265625,-0.06103515625,4.833984375,-0.09765625,-0.79345703125,0.10986328125,-0.79345703125,0.0244140625,-0.64697265625,-0.06103515625,-0.1953125,-0.048828125,2.40478515625,-0.341796875,3.86962890625,-0.09765625,1.6845703125,-0.09765625,4.04052734375,0.01220703125,0.35400390625,-0.0732421875,-0.03662109375,-0.0732421875,-0.01220703125,-0.25634765625,0.1708984375,-0.2197265625,0.03662109375,-0.1953125,0.8056640625,0,-0.48828125,-0.048828125,-0.54931640625
1,-0.20751953125,-0.390625,-0.20751953125,-0.35400390625,-0.01220703125,-0.45166015625,-0.13427734375,-0.048828125,0.3662109375,0.03662109375,0.10986328125,-0.86669921875,-0.2685546875,1.07421875,-0.25634765625,-0.146484375,-0.37841796875,-0.5615234375,-0.048828125,-0.1220703125,-0.18310546875,0.87890625,0.146484375,-0.5615234375,-0.15869140625,-0.84228515625,0.0732421875,-1.4892578125,-0.15869140625,0.10986328125,-0.2685546875,-0.4150390625,-0.0732421875,-0.341796875,0.0244140625,-0.89111328125,-0.146484375,-0.45166015625,-0.10986328125,-0.732421875,0.25634765625,-0.23193359375,0.6103515625,-0.62255859375,-0.10986328125,-0.4150390625,0.35400390625,0.62255859375,-0.0732421875,1.11083984375,-0.35400390625,0.4638671875,-0.42724609375,-0.09765625,-0.439453125,0.7080078125,-0.0244140625,0.62255859375,-0.08544921875,0.3173828125,0.47607421875,0.927734375,0.5126953125,0.30517578125,0.146484375,0.59814453125,0.09765625,1.025390625,0.25634765625,0.23193359375,-0.20751953125,0.1953125,0.15869140625,0.1953125,-0.06103515625,0.89111328125,-0.0732421875,-0.01220703125,-0.03662109375,1.2939453125,0.244140625,-1.03759765625,0.01220703125,-0.3662109375,-0.06103515625,-1.03759765625,0.08544921875,-0.81787109375,0.09765625,7.080078125,-0.10986328125,4.248046875,0.1953125,4.98046875,-0.048828125,4.89501953125,-0.10986328125,-0.81787109375,0.10986328125,-0.8056640625,0.01220703125,-0.64697265625,0.0244140625,-0.1953125,-0.0244140625,2.57568359375,-0.42724609375,4.00390625,-0.18310546875,1.79443359375,-0.048828125,4.16259765625,0.0244140625,0.341796875,-0.048828125,-0.048828125,-0.06103515625,-0.01220703125,-0.244140625,0.18310546875,-0.25634765625,0.03662109375,-0.15869140625,0.81787109375,0.01220703125,-0.4638671875,-0.06103515625,-0.537109375
1,-0.1708984375,-0.4150390625,-0.23193359375,-0.3662109375,-0.0244140625,-0.42724609375,-0.15869140625,-0.048828125,0.37841796875,0.03662109375,0.0732421875,-0.87890625,-0.2685546875,1.06201171875,-0.25634765625,-0.13427734375,-0.35400390625,-0.54931640625,-0.0732421875,-0.1220703125,-0.13427734375,0.86669921875,0.1220703125,-0.5615234375,-0.25634765625,-0.62255859375,0.0244140625,-1.1962890625,-0.2685546875,0.37841796875,-0.35400390625,-0.1708984375,-0.048828125,-0.30517578125,0.06103515625,-0.87890625,-0.146484375,-0.4638671875,-0.10986328125,-0.732421875,0.3173828125,-0.20751953125,0.52490234375,-0.59814453125,-0.048828125,-0.40283203125,0.3173828125,0.634765625,-0.09765625,1.13525390625,-0.390625,0.45166015625,-0.47607421875,-0.1220703125,-0.50048828125,0.68359375,0.01220703125,0.48828125,-0.0732421875,0.15869140625,0.59814453125,0.91552734375,0.47607421875,0.18310546875,0.1708984375,0.69580078125,0.03662109375,1.025390625,0.244140625,0.244140625,-0.2197265625,0.20751953125,0.06103515625,0.18310546875,-0.03662109375,0.91552734375,-0.0244140625,-0.01220703125,-0.048828125,1.2939453125,0.2685546875,-1.0009765625,-0.048828125,-0.3662109375,0.08544921875,-1.07421875,0.0732421875,-0.830078125,0.10986328125,6.84814453125,-0.146484375,4.13818359375,0.1953125,4.89501953125,-0.06103515625,4.7607421875,-0.13427734375,-0.81787109375,0.13427734375,-0.78125,-0.06103515625,-0.6591796875,0.13427734375,-0.20751953125,-0.01220703125,2.8076171875,-0.4638671875,4.345703125,-0.20751953125,1.9287109375,-0.01220703125,4.39453125,0.0244140625,0.32958984375,-0.03662109375,-0.06103515625,-0.06103515625,-0.01220703125,-0.25634765625,0.18310546875,-0.28076171875,0.03662109375,-0.15869140625,0.8056640625,-0.01220703125,-0.47607421875,-0.0244140625,-0.537109375
1,-0.13427734375,-0.40283203125,-0.25634765625,-0.37841796875,-0.048828125,-0.439453125,-0.13427734375,-0.09765625,0.37841796875,0.0244140625,0.06103515625,-0.86669921875,-0.25634765625,1.07421875,-0.25634765625,-0.1708984375,-0.28076171875,-0.5615234375,-0.08544921875,-0.1220703125,-0.0244140625,0.86669921875,0.1220703125,-0.57373046875,-0.30517578125,-0.439453125,0,-0.91552734375,-0.3662109375,0.64697265625,-0.37841796875,0.03662109375,0,-0.244140625,0.0244140625,-0.89111328125,-0.13427734375,-0.439453125,-0.09765625,-0.732421875,0.30517578125,-0.1953125,0.5126953125,-0.5615234375,-0.01220703125,-0.390625,0.2197265625,0.634765625,-0.1220703125,1.123046875,-0.45166015625,0.45166015625,-0.634765625,-0.15869140625,-0.5126953125,0.6591796875,0.048828125,0.35400390625,-0.0244140625,0.0244140625,0.6103515625,0.98876953125,0.4638671875,0.0732421875,0.1708984375,0.78125,-0.03662109375,1.0009765625,0.18310546875,0.23193359375,-0.23193359375,0.18310546875,-0.0244140625,0.18310546875,-0.048828125,0.91552734375,0.01220703125,0,-0.10986328125,1.26953125,0.244140625,-0.9765625,-0.10986328125,-0.37841796875,0.18310546875,-1.0986328125,0.048828125,-0.830078125,0.10986328125,6.33544921875,-0.1953125,3.8330078125,0.146484375,4.65087890625,-0.06103515625,4.39453125,-0.18310546875,-0.81787109375,0.15869140625,-0.78125,-0.09765625,-0.634765625,0.2197265625,-0.2197265625,0,3.08837890625,-0.4638671875,4.7607421875,-0.25634765625,2.1240234375,0,4.65087890625,0.0244140625,0.32958984375,-0.01220703125,-0.048828125,-0.06103515625,0,-0.25634765625,0.1708984375,-0.29296875,0.0244140625,-0.146484375,0.8056640625,-0.03662109375,-0.48828125,-0.01220703125,-0.537109375
1,-0.10986328125,-0.390625,-0.244140625,-0.390625,-0.03662109375,-0.42724609375,-0.13427734375,-0.0732421875,0.4150390625,-0.01220703125,0.048828125,-0.8544921875,-0.244140625,1.06201171875,-0.25634765625,-0.1708984375,-0.18310546875,-0.5615234375,-0.08544921875,-0.13427734375,0.08544921875,0.8544921875,0,-0.57373046875,-0.3662109375,-0.28076171875,0.06103515625,-0.69580078125,-0.45166015625,0.86669921875,-0.3173828125,0.1953125,0.1220703125,-0.23193359375,-0.0244140625,-0.89111328125,-0.15869140625,-0.42724609375,-0.08544921875,-0.7568359375,0.28076171875,-0.1708984375,0.54931640625,-0.52490234375,0.0244140625,-0.390625,0.146484375,0.6591796875,-0.15869140625,1.123046875,-0.45166015625,0.4638671875,-0.62255859375,-0.1953125,-0.5859375,0.64697265625,0.0732421875,0.28076171875,0,-0.01220703125,0.5859375,1.11083984375,0.4150390625,0.0244140625,0.146484375,0.86669921875,-0.08544921875,1.0009765625,0.13427734375,0.20751953125,-0.2685546875,0.1708984375,-0.08544921875,0.18310546875,-0.09765625,0.89111328125,0.01220703125,-0.01220703125,-0.13427734375,1.26953125,0.20751953125,-0.96435546875,-0.1220703125,-0.390625,0.28076171875,-1.0986328125,-0.0244140625,-0.830078125,0.03662109375,5.56640625,-0.2197265625,3.40576171875,0.03662109375,4.1748046875,-0.0244140625,3.84521484375,-0.1708984375,-0.81787109375,0.20751953125,-0.76904296875,-0.1220703125,-0.634765625,0.30517578125,-0.1953125,0,3.2958984375,-0.45166015625,5.126953125,-0.28076171875,2.24609375,0.01220703125,4.84619140625,0.0244140625,0.30517578125,0,-0.048828125,-0.06103515625,-0.01220703125,-0.29296875,0.1953125,-0.30517578125,0,-0.1708984375,0.79345703125,-0.03662109375,-0.5126953125,-0.01220703125,-0.52490234375
1,-0.08544921875,-0.37841796875,-0.244140625,-0.40283203125,-0.03662109375,-0.4150390625,-0.10986328125,-0.09765625,0.40283203125,-0.03662109375,0.0244140625,-0.86669921875,-0.20751953125,1.06201171875,-0.244140625,-0.15869140625,-0.09765625,-0.5615234375,-0.13427734375,-0.1708984375,0.18310546875,0.8544921875,-0.048828125,-0.5615234375,-0.40283203125,-0.2197265625,0.03662109375,-0.5859375,-0.50048828125,1.025390625,-0.28076171875,0.30517578125,0.1708984375,-0.1953125,0.01220703125,-0.89111328125,-0.146484375,-0.40283203125,-0.10986328125,-0.78125,0.25634765625,-0.15869140625,0.5615234375,-0.48828125,0.03662109375,-0.37841796875,0.06103515625,0.6591796875,-0.23193359375,1.0986328125,-0.47607421875,0.4638671875,-0.54931640625,-0.18310546875,-0.59814453125,0.6591796875,0.1220703125,0.28076171875,-0.048828125,0.03662109375,0.42724609375,1.30615234375,0.3662109375,0.06103515625,0.146484375,0.96435546875,-0.18310546875,1.0009765625,0.03662109375,0.20751953125,-0.30517578125,0.15869140625,-0.146484375,0.20751953125,-0.06103515625,0.89111328125,0.03662109375,0,-0.146484375,1.28173828125,0.13427734375,-0.9521484375,-0.09765625,-0.37841796875,0.341796875,-1.0498046875,-0.06103515625,-0.81787109375,0.01220703125,4.60205078125,-0.25634765625,2.8564453125,-0.048828125,3.57666015625,-0.01220703125,3.08837890625,-0.1953125,-0.8056640625,0.20751953125,-0.74462890625,-0.1220703125,-0.64697265625,0.29296875,-0.1953125,-0.01220703125,3.369140625,-0.390625,5.26123046875,-0.29296875,2.30712890625,0.01220703125,4.89501953125,0.01220703125,0.29296875,-0.01220703125,-0.01220703125,-0.06103515625,-0.0244140625,-0.29296875,0.20751953125,-0.3173828125,-0.048828125,-0.18310546875,0.78125,-0.03662109375,-0.5126953125,0.01220703125,-0.54931640625
0,-0.06103515625,-0.3662109375,-0.244140625,-0.40283203125,-0.048828125,-0.4150390625,-0.10986328125,-0.08544921875,0.40283203125,-0.06103515625,0.0244140625,-0.84228515625,-0.18310546875,1.0498046875,-0.23193359375,-0.146484375,-0.06103515625,-0.5615234375,-0.09765625,-0.18310546875,0.244140625,0.89111328125,-0.0732421875,-0.5859375,-0.35400390625,-0.1953125,0.09765625,-0.54931640625,-0.4638671875,1.06201171875,-0.18310546875,0.32958984375,0.2685546875,-0.20751953125,0.01220703125,-0.89111328125,-0.1708984375,-0.37841796875,-0.18310546875,-0.8056640625,0.1953125,-0.146484375,0.67138671875,-0.4638671875,0.0244140625,-0.37841796875,0.03662109375,0.67138671875,-0.244140625,1.123046875,-0.45166015625,0.439453125,-0.537109375,-0.1953125,-0.57373046875,0.6591796875,0.146484375,0.4150390625,0,0.18310546875,0.28076171875,1.6357421875,0.28076171875,0.20751953125,0.13427734375,1.03759765625,-0.23193359375,1.0009765625,0,0.15869140625,-0.2685546875,0.15869140625,-0.2197265625,0.2197265625,-0.06103515625,0.84228515625,0.048828125,0,-0.146484375,1.26953125,0.09765625,-0.9521484375,-0.08544921875,-0.3662109375,0.341796875,-1.06201171875,-0.09765625,-0.81787109375,-0.048828125,3.4423828125,-0.25634765625,2.24609375,-0.10986328125,2.84423828125,0.0244140625,2.24609375,-0.1708984375,-0.78125,0.1708984375,-0.74462890625,-0.09765625,-0.6103515625,0.25634765625,-0.1953125,-0.048828125,3.2470703125,-0.32958984375,5.06591796875,-0.32958984375,2.197265625,-0.03662109375,4.736328125,0.048828125,0.32958984375,0,0.0244140625,-0.048828125,-0.03662109375,-0.25634765625,0.2197265625,-0.30517578125,-0.048828125,-0.20751953125,0.79345703125,-0.03662109375,-0.537109375,0,-0.54931640625
0,-0.048828125,-0.37841796875,-0.2197265625,-0.37841796875,-0.0244140625,-0.390625,-0.0732421875,-0.06103515625,0.45166015625,-0.08544921875,0.01220703125,-0.84228515625,-0.1708984375,1.06201171875,-0.20751953125,-0.146484375,-0.048828125,-0.57373046875,-0.06103515625,-0.146484375,0.2685546875,0.89111328125,-0.1220703125,-0.5859375,-0.42724609375,-0.28076171875,0.06103515625,-0.6103515625,-0.47607421875,1.03759765625,-0.2197265625,0.25634765625,0.35400390625,-0.1953125,0.0244140625,-0.87890625,-0.18310546875,-0.3662109375,-0.25634765625,-0.81787109375,0.146484375,-0.146484375,0.732421875,-0.4638671875,-0.048828125,-0.390625,-0.0244140625,0.68359375,-0.2685546875,1.123046875,-0.42724609375,0.45166015625,-0.45166015625,-0.18310546875,-0.5615234375,0.67138671875,0.1953125,0.69580078125,-0.10986328125,0.42724609375,0.18310546875,2.0751953125,0.23193359375,0.50048828125,0.09765625,1.0986328125,-0.28076171875,1.0009765625,-0.06103515625,0.15869140625,-0.20751953125,0.146484375,-0.28076171875,0.23193359375,-0.01220703125,0.8056640625,0.03662109375,0.01220703125,-0.10986328125,1.25732421875,0.01220703125,-0.9521484375,-0.03662109375,-0.37841796875,0.29296875,-1.01318359375,-0.08544921875,-0.81787109375,-0.08544921875,2.23388671875,-0.244140625,1.57470703125,-0.15869140625,2.0263671875,0.0244140625,1.318359375,-0.13427734375,-0.78125,0.10986328125,-0.74462890625,-0.0732421875,-0.59814453125,0.20751953125,-0.15869140625,-0.0732421875,2.880859375,-0.10986328125,4.52880859375,-0.29296875,1.91650390625,-0.06103515625,4.3701171875,0.048828125,0.341796875,-0.01220703125,0.03662109375,-0.0732421875,-0.03662109375,-0.2685546875,0.25634765625,-0.2685546875,-0.0732421875,-0.23193359375,0.8056640625,0,-0.537109375,-0.0244140625,-0.5615234375
0,-0.048828125,-0.35400390625,-0.20751953125,-0.3662109375,-0.0244140625,-0.4150390625,-0.06103515625,-0.06103515625,0.439453125,-0.10986328125,0.03662109375,-0.8544921875,-0.146484375,1.07421875,-0.20751953125,-0.15869140625,-0.0244140625,-0.5615234375,-0.06103515625,-0.13427734375,0.20751953125,0.89111328125,-0.1220703125,-0.6103515625,-0.439453125,-0.40283203125,0.0244140625,-0.76904296875,-0.37841796875,0.93994140625,-0.1953125,0.13427734375,0.35400390625,-0.2197265625,0.03662109375,-0.89111328125,-0.1953125,-0.3662109375,-0.29296875,-0.84228515625,0.06103515625,-0.1708984375,0.81787109375,-0.47607421875,-0.09765625,-0.40283203125,0.01220703125,0.68359375,-0.2685546875,1.15966796875,-0.4150390625,0.45166015625,-0.47607421875,-0.1220703125,-0.48828125,0.7080078125,0.2197265625,1.11083984375,-0.0732421875,0.732421875,0.244140625,2.55126953125,0.2197265625,0.9033203125,0.1220703125,1.171875,-0.341796875,1.0009765625,-0.10986328125,0.15869140625,-0.146484375,0.15869140625,-0.32958984375,0.2685546875,-0.01220703125,0.8544921875,0.08544921875,-0.01220703125,-0.0732421875,1.28173828125,-0.048828125,-0.9765625,0,-0.3662109375,0.23193359375,-0.98876953125,-0.0732421875,-0.81787109375,-0.0732421875,1.025390625,-0.1953125,0.91552734375,-0.13427734375,1.220703125,0.0732421875,0.45166015625,-0.1708984375,-0.78125,0.0244140625,-0.74462890625,-0.06103515625,-0.59814453125,0.18310546875,-0.146484375,-0.10986328125,2.34375,0.03662109375,3.6376953125,-0.25634765625,1.4892578125,-0.08544921875,3.80859375,0.0732421875,0.35400390625,-0.0244140625,0.03662109375,-0.0732421875,-0.048828125,-0.2197265625,0.244140625,-0.28076171875,-0.0732421875,-0.2685546875,0.8056640625,0,-0.54931640625,-0.0244140625,-0.57373046875
0,-0.048828125,-0.341796875,-0.18310546875,-0.341796875,-0.03662109375,-0.40283203125,-0.08544921875,-0.0732421875,0.4150390625,-0.10986328125,0.048828125,-0.84228515625,-0.1220703125,1.07421875,-0.20751953125,-0.146484375,-0.03662109375,-0.537109375,-0.01220703125,-0.13427734375,0.08544921875,0.9033203125,-0.06103515625,-0.64697265625,-0.3173828125,-0.537109375,0.1708984375,-0.93994140625,-0.23193359375,0.78125,-0.146484375,0.01220703125,0.3173828125,-0.23193359375,0.06103515625,-0.89111328125,-0.23193359375,-0.37841796875,-0.30517578125,-0.84228515625,0.03662109375,-0.1953125,0.830078125,-0.48828125,-0.18310546875,-0.40283203125,0.0732421875,0.69580078125,-0.30517578125,1.171875,-0.37841796875,0.4638671875,-0.54931640625,-0.06103515625,-0.390625,0.732421875,0.1708984375,1.611328125,-0.0732421875,1.0986328125,0.0732421875,3.076171875,0.06103515625,1.37939453125,0.10986328125,1.171875,-0.32958984375,1.025390625,-0.10986328125,0.146484375,-0.10986328125,0.1953125,-0.390625,0.2685546875,0,0.81787109375,0.08544921875,-0.01220703125,-0.03662109375,1.2939453125,-0.03662109375,-1.01318359375,0.048828125,-0.37841796875,0.10986328125,-0.96435546875,-0.0244140625,-0.81787109375,-0.10986328125,-0.09765625,-0.13427734375,0.32958984375,-0.08544921875,0.47607421875,0.10986328125,-0.3662109375,-0.146484375,-0.7568359375,-0.0732421875,-0.7568359375,-0.06103515625,-0.57373046875,0.10986328125,-0.15869140625,-0.13427734375,1.6845703125,0.08544921875,2.5146484375,-0.1953125,0.9765625,-0.10986328125,3.11279296875,0.06103515625,0.35400390625,-0.048828125,0.048828125,-0.06103515625,-0.03662109375,-0.1953125,0.244140625,-0.244140625,-0.08544921875,-0.25634765625,0.81787109375,0.01220703125,-0.54931640625,-0.0732421875,-0.57373046875
0,-0.048828125,-0.3662109375,-0.18310546875,-0.341796875,-0.0244140625,-0.4150390625,-0.048828125,-0.06103515625,0.42724609375,-0.10986328125,0.0732421875,-0.86669921875,-0.09765625,1.08642578125,-0.2197265625,-0.146484375,-0.048828125,-0.5615234375,0,-0.1220703125,-0.048828125,0.9033203125,-0.0244140625,-0.6591796875,-0.35400390625,-0.62255859375,0.146484375,-1.0986328125,-0.146484375,0.64697265625,-0.1953125,-0.06103515625,0.20751953125,-0.25634765625,0.08544921875,-0.89111328125,-0.244140625,-0.390625,-0.3173828125,-0.84228515625,0.0732421875,-0.20751953125,0.830078125,-0.50048828125,-0.23193359375,-0.40283203125,0.06103515625,0.68359375,-0.29296875,1.171875,-0.3662109375,0.45166015625,-0.47607421875,0.01220703125,-0.341796875,0.74462890625,0.146484375,2.16064453125,-0.03662109375,1.4892578125,0.10986328125,3.62548828125,0,1.91650390625,0.09765625,1.171875,-0.35400390625,1.03759765625,-0.0732421875,0.1708984375,-0.13427734375,0.18310546875,-0.4150390625,0.244140625,0,0.84228515625,0.09765625,-0.0244140625,0.01220703125,1.2939453125,0,-1.0498046875,0.08544921875,-0.390625,-0.01220703125,-0.9765625,0.0244140625,-0.830078125,-0.146484375,-1.0498046875,-0.0732421875,-0.146484375,0,-0.15869140625,0.06103515625,-1.0009765625,-0.146484375,-0.7568359375,-0.1953125,-0.76904296875,-0.06103515625,-0.5859375,0.06103515625,-0.15869140625,-0.1220703125,0.96435546875,0.1708984375,1.26953125,-0.13427734375,0.439453125,-0.08544921875,2.392578125,0.09765625,0.390625,-0.06103515625,0.03662109375,-0.048828125,-0.0244140625,-0.20751953125,0.23193359375,-0.244140625,-0.06103515625,-0.2197265625,0.830078125,0.0244140625,-0.54931640625,-0.08544921875,-0.59814453125
0,-0.0244140625,-0.341796875,-0.1708984375,-0.35400390625,-0.01220703125,-0.42724609375,-0.0244140625,-0.0732421875,0.439453125,-0.06103515625,0.09765625,-0.89111328125,-0.08544921875,1.08642578125,-0.23193359375,-0.15869140625,-0.13427734375,-0.5615234375,-0.0244140625,-0.10986328125,-0.15869140625,0.9033203125,0.03662109375,-0.64697265625,-0.341796875,-0.64697265625,0.15869140625,-1.20849609375,-0.0244140625,0.59814453125,-0.15869140625,-0.09765625,0.10986328125,-0.29296875,0.03662109375,-0.86669921875,-0.28076171875,-0.439453125,-0.30517578125,-0.81787109375,0.146484375,-0.244140625,0.732421875,-0.537109375,-0.23193359375,-0.40283203125,0.09765625,0.67138671875,-0.29296875,1.15966796875,-0.3173828125,0.45166015625,-0.4638671875,0.06103515625,-0.20751953125,0.7568359375,0.09765625,2.685546875,-0.01220703125,1.86767578125,0.0244140625,4.1748046875,-0.09765625,2.42919921875,0.06103515625,1.07421875,-0.35400390625,1.03759765625,-0.0244140625,0.18310546875,-0.18310546875,0.1953125,-0.4150390625,0.25634765625,0.03662109375,0.86669921875,0.13427734375,-0.0244140625,0.03662109375,1.30615234375,0.0732421875,-1.08642578125,0.10986328125,-0.37841796875,-0.1220703125,-1.0009765625,0.01220703125,-0.84228515625,-0.10986328125,-1.7578125,-0.0244140625,-0.50048828125,0.1220703125,-0.6103515625,0.03662109375,-1.4892578125,-0.10986328125,-0.76904296875,-0.244140625,-0.78125,-0.03662109375,-0.59814453125,0.048828125,-0.18310546875,-0.1220703125,0.30517578125,0.1708984375,0.0732421875,-0.15869140625,-0.09765625,-0.09765625,1.72119140625,0.10986328125,0.37841796875,-0.048828125,0.0244140625,-0.06103515625,-0.03662109375,-0.18310546875,0.20751953125,-0.244140625,-0.01220703125,-0.20751953125,0.8544921875,0.048828125,-0.52490234375,-0.08544921875,-0.5859375
0,0,-0.35400390625,-0.1708984375,-0.3662109375,-0.01220703125,-0.42724609375,-0.048828125,-0.08544921875,0.42724609375,-0.048828125,0.10986328125,-0.9033203125,-0.09765625,1.0986328125,-0.25634765625,-0.1708984375,-0.2197265625,-0.537109375,-0.0732421875,-0.08544921875,-0.18310546875,0.9033203125,0.08544921875,-0.6591796875,-0.244140625,-0.5615234375,0.244140625,-1.18408203125,0.048828125,0.6103515625,-0.10986328125,-0.01220703125,0.048828125,-0.3173828125,-0.0244140625,-0.87890625,-0.25634765625,-0.42724609375,-0.28076171875,-0.79345703125,0.23193359375,-0.25634765625,0.74462890625,-0.59814453125,-0.20751953125,-0.40283203125,0.1220703125,0.67138671875,-0.30517578125,1.1474609375,-0.35400390625,0.4638671875,-0.341796875,0.06103515625,-0.13427734375,0.72021484375,0.0244140625,3.173828125,0,2.18505859375,-0.08544921875,4.6630859375,-0.1708984375,2.8564453125,-0.01220703125,0.9765625,-0.3173828125,1.025390625,0.03662109375,0.20751953125,-0.20751953125,0.20751953125,-0.3173828125,0.2197265625,0.03662109375,0.8544921875,0.1953125,-0.03662109375,0,1.30615234375,0.146484375,-1.06201171875,0.08544921875,-0.3662109375,-0.20751953125,-1.01318359375,0.01220703125,-0.8544921875,-0.0732421875,-2.25830078125,0,-0.7080078125,0.20751953125,-0.8544921875,0.01220703125,-1.79443359375,-0.08544921875,-0.76904296875,-0.2685546875,-0.76904296875,-0.03662109375,-0.634765625,0.01220703125,-0.1953125,-0.06103515625,-0.18310546875,0.13427734375,-0.87890625,-0.1220703125,-0.48828125,-0.048828125,1.23291015625,0.10986328125,0.37841796875,-0.0244140625,-0.01220703125,-0.06103515625,-0.0244140625,-0.1953125,0.1708984375,-0.25634765625,0.0244140625,-0.1708984375,0.86669921875,0.03662109375,-0.5126953125,-0.0732421875,-0.57373046875
0,0.0244140625,-0.3662109375,-0.1953125,-0.35400390625,-0.0244140625,-0.4150390625,-0.03662109375,-0.0732421875,0.390625,-0.01220703125,0.09765625,-0.9033203125,-0.09765625,1.08642578125,-0.2685546875,-0.15869140625,-0.2685546875,-0.54931640625,-0.13427734375,-0.08544921875,-0.146484375,0.89111328125,0.03662109375,-0.64697265625,-0.20751953125,-0.390625,0.10986328125,-1.07421875,0.0244140625,0.74462890625,-0.10986328125,0.146484375,0.01220703125,-0.32958984375,-0.1708984375,-0.89111328125,-0.20751953125,-0.45166015625,-0.244140625,-0.78125,0.341796875,-0.25634765625,0.68359375,-0.62255859375,-0.08544921875,-0.390625,0.1220703125,0.67138671875,-0.28076171875,1.1474609375,-0.390625,0.45166015625,-0.25634765625,0.06103515625,-0.08544921875,0.72021484375,0,3.55224609375,0.03662109375,2.40478515625,0.0244140625,5.1025390625,-0.23193359375,3.16162109375,-0.01220703125,0.830078125,-0.32958984375,1.0498046875,0.09765625,0.20751953125,-0.244140625,0.1953125,-0.25634765625,0.2197265625,0.08544921875,0.91552734375,0.20751953125,-0.0244140625,-0.0244140625,1.2939453125,0.18310546875,-1.06201171875,0.08544921875,-0.37841796875,-0.2685546875,-1.03759765625,-0.03662109375,-0.84228515625,0,-2.45361328125,0,-0.79345703125,0.25634765625,-0.9521484375,-0.03662109375,-1.9287109375,-0.06103515625,-0.7568359375,-0.2685546875,-0.79345703125,-0.048828125,-0.64697265625,0,-0.20751953125,-0.0244140625,-0.439453125,0.09765625,-1.416015625,-0.0732421875,-0.68359375,-0.03662109375,0.93994140625,0.10986328125,0.3662109375,0.01220703125,-0.0244140625,-0.06103515625,-0.0244140625,-0.2197265625,0.1708984375,-0.244140625,0.048828125,-0.15869140625,0.8544921875,0.048828125,-0.50048828125,-0.0732421875,-0.54931640625
0,0.06103515625,-0.37841796875,-0.1953125,-0.35400390625,-0.03662109375,-0.42724609375,-0.03662109375,-0.08544921875,0.3662109375,0.01220703125,0.09765625,-0.9033203125,-0.13427734375,1.07421875,-0.244140625,-0.146484375,-0.25634765625,-0.5615234375,-0.20751953125,-0.08544921875,-0.08544921875,0.87890625,-0.03662109375,-0.634765625,-0.15869140625,-0.15869140625,0.048828125,-0.830078125,-0.0244140625,0.9765625,-0.0732421875,0.3662109375,0.01220703125,-0.28076171875,-0.30517578125,-0.87890625,-0.1708984375,-0.439453125,-0.20751953125,-0.74462890625,0.45166015625,-0.244140625,0.62255859375,-0.6591796875,0,-0.37841796875,0.146484375,0.64697265625,-0.23193359375,1.15966796875,-0.45166015625,0.439453125,-0.23193359375,0.0244140625,-0.01220703125,0.68359375,-0.03662109375,3.79638671875,0.10986328125,2.5634765625,-0.01220703125,5.419921875,-0.1953125,3.3935546875,-0.03662109375,0.6591796875,-0.35400390625,1.0498046875,0.1220703125,0.20751953125,-0.2685546875,0.18310546875,-0.23193359375,0.18310546875,0.08544921875,0.9033203125,0.244140625,-0.01220703125,-0.048828125,1.2939453125,0.244140625,-1.025390625,0.08544921875,-0.37841796875,-0.29296875,-1.0498046875,-0.09765625,-0.84228515625,0.0732421875,-2.45361328125,-0.01220703125,-0.74462890625,0.2685546875,-0.91552734375,0.0244140625,-1.89208984375,-0.03662109375,-0.7568359375,-0.2685546875,-0.79345703125,-0.0244140625,-0.6591796875,0,-0.23193359375,-0.03662109375,-0.37841796875,-0.0244140625,-1.47705078125,-0.09765625,-0.68359375,-0.0732421875,1.0009765625,0.13427734375,0.35400390625,0.03662109375,-0.03662109375,-0.03662109375,-0.01220703125,-0.20751953125,0.1708984375,-0.25634765625,0.0732421875,-0.10986328125,0.86669921875,0.03662109375,-0.48828125,-0.048828125,-0.537109375
0,0.0732421875,-0.390625,-0.18310546875,-0.35400390625,-0.03662109375,-0.42724609375,-0.0244140625,-0.08544921875,0.3662109375,0.0244140625,0.06103515625,-0.89111328125,-0.146484375,1.07421875,-0.244140625,-0.146484375,-0.20751953125,-0.57373046875,-0.3173828125,-0.09765625,0.06103515625,0.87890625,-0.13427734375,-0.59814453125,-0.09765625,0.09765625,0.0244140625,-0.5615234375,-0.18310546875,1.28173828125,-0.0732421875,0.6591796875,0.03662109375,-0.29296875,-0.439453125,-0.91552734375,-0.13427734375,-0.40283203125,-0.20751953125,-0.72021484375,0.48828125,-0.20751953125,0.64697265625,-0.67138671875,0.09765625,-0.390625,0.09765625,0.67138671875,-0.20751953125,1.171875,-0.5126953125,0.439453125,-0.25634765625,-0.06103515625,0.0732421875,0.67138671875,-0.08544921875,3.89404296875,0.2197265625,2.64892578125,0,5.6396484375,-0.2197265625,3.45458984375,-0.048828125,0.47607421875,-0.3173828125,1.03759765625,0.13427734375,0.20751953125,-0.25634765625,0.146484375,-0.2197265625,0.18310546875,0.08544921875,0.87890625,0.23193359375,0,-0.09765625,1.2939453125,0.2197265625,-1.01318359375,0.06103515625,-0.37841796875,-0.29296875,-1.08642578125,-0.1220703125,-0.830078125,0.09765625,-2.294921875,-0.09765625,-0.64697265625,0.244140625,-0.8056640625,0.06103515625,-1.806640625,-0.0732421875,-0.74462890625,-0.2197265625,-0.78125,0.01220703125,-0.6591796875,0.048828125,-0.244140625,-0.08544921875,-0.06103515625,-0.0244140625,-0.98876953125,-0.06103515625,-0.439453125,-0.0732421875,1.30615234375,0.10986328125,0.341796875,0.048828125,-0.048828125,-0.0732421875,-0.01220703125,-0.1953125,0.146484375,-0.23193359375,0.08544921875,-0.1220703125,0.830078125,0.06103515625,-0.47607421875,-0.06103515625,-0.52490234375
0,0.048828125,-0.390625,-0.1708984375,-0.3662109375,-0.048828125,-0.40283203125,0,-0.0732421875,0.40283203125,0.0244140625,0.06103515625,-0.9033203125,-0.18310546875,1.07421875,-0.23193359375,-0.1220703125,-0.1220703125,-0.57373046875,-0.390625,-0.10986328125,0.18310546875,0.86669921875,-0.25634765625,-0.57373046875,-0.13427734375,0.3662109375,-0.08544921875,-0.2685546875,-0.30517578125,1.59912109375,-0.13427734375,0.9521484375,0.06103515625,-0.244140625,-0.50048828125,-0.89111328125,-0.08544921875,-0.390625,-0.13427734375,-0.732421875,0.439453125,-0.18310546875,0.67138671875,-0.68359375,0.1708984375,-0.3662109375,0.08544921875,0.67138671875,-0.1953125,1.171875,-0.57373046875,0.439453125,-0.28076171875,-0.09765625,0.146484375,0.6591796875,-0.10986328125,3.857421875,0.2685546875,2.63671875,0.01220703125,5.70068359375,-0.244140625,3.3935546875,-0.03662109375,0.32958984375,-0.244140625,1.03759765625,0.10986328125,0.2197265625,-0.20751953125,0.15869140625,-0.2685546875,0.20751953125,0.1220703125,0.9033203125,0.1708984375,-0.01220703125,-0.18310546875,1.28173828125,0.1953125,-0.9765625,0.0244140625,-0.35400390625,-0.2685546875,-1.08642578125,-0.10986328125,-0.81787109375,0.1708984375,-2.0751953125,-0.10986328125,-0.5126953125,0.23193359375,-0.62255859375,0.1708984375,-1.67236328125,-0.1220703125,-0.76904296875,-0.2197265625,-0.76904296875,0.03662109375,-0.67138671875,0.09765625,-0.244140625,-0.09765625,0.52490234375,-0.0732421875,-0.03662109375,-0.03662109375,0.0244140625,-0.03662109375,1.9287109375,0.10986328125,0.341796875,0.08544921875,-0.03662109375,-0.06103515625,0.0244140625,-0.20751953125,0.18310546875,-0.23193359375,0.048828125,-0.1220703125,0.86669921875,0.0732421875,-0.47607421875,-0.0732421875,-0.537109375
0,0.048828125,-0.37841796875,-0.13427734375,-0.3662109375,-0.048828125,-0.40283203125,-0.01220703125,-0.08544921875,0.4150390625,0.0244140625,0.03662109375,-0.89111328125,-0.20751953125,1.06201171875,-0.23193359375,-0.1220703125,-0.048828125,-0.5615234375,-0.40283203125,-0.09765625,0.29296875,0.87890625,-0.28076171875,-0.54931640625,-0.13427734375,0.6103515625,-0.09765625,0,-0.4150390625,1.89208984375,-0.15869140625,1.18408203125,0.08544921875,-0.23193359375,-0.5126953125,-0.89111328125,-0.0244140625,-0.3662109375,-0.09765625,-0.732421875,0.35400390625,-0.15869140625,0.62255859375,-0.69580078125,0.1708984375,-0.37841796875,0.09765625,0.68359375,-0.1708984375,1.171875,-0.5615234375,0.439453125,-0.25634765625,-0.15869140625,0.15869140625,0.67138671875,-0.1220703125,3.6865234375,0.30517578125,2.57568359375,0.03662109375,5.62744140625,-0.2197265625,3.21044921875,-0.03662109375,0.18310546875,-0.1953125,1.025390625,0.09765625,0.1953125,-0.1708984375,0.1220703125,-0.244140625,0.20751953125,0.146484375,0.86669921875,0.15869140625,0,-0.20751953125,1.28173828125,0.1708984375,-0.96435546875,0.01220703125,-0.3662109375,-0.23193359375,-1.06201171875,-0.0732421875,-0.81787109375,0.20751953125,-1.89208984375,-0.10986328125,-0.40283203125,0.20751953125,-0.52490234375,0.244140625,-1.5625,-0.18310546875,-0.76904296875,-0.1708984375,-0.76904296875,0.0732421875,-0.6591796875,0.1220703125,-0.23193359375,-0.13427734375,1.30615234375,-0.18310546875,1.2939453125,-0.0732421875,0.64697265625,-0.06103515625,2.72216796875,0.09765625,0.341796875,0.06103515625,-0.03662109375,-0.06103515625,0.01220703125,-0.1953125,0.20751953125,-0.20751953125,0.0244140625,-0.1220703125,0.8544921875,0.09765625,-0.4638671875,-0.06103515625,-0.537109375
0,0.048828125,-0.37841796875,-0.1220703125,-0.3662109375,-0.048828125,-0.390625,0,-0.08544921875,0.341796875,0,0.01220703125,-0.89111328125,-0.2197265625,1.06201171875,-0.20751953125,-0.13427734375,-0.03662109375,-0.5859375,-0.390625,-0.1220703125,0.341796875,0.87890625,-0.244140625,-0.54931640625,-0.13427734375,0.7568359375,-0.06103515625,0.20751953125,-0.45166015625,2.1484375,-0.1953125,1.3916015625,0.08544921875,-0.20751953125,-0.47607421875,-0.91552734375,-0.01220703125,-0.3662109375,-0.0732421875,-0.74462890625,0.20751953125,-0.146484375,0.62255859375,-0.68359375,0.1220703125,-0.390625,0.10986328125,0.67138671875,-0.15869140625,1.171875,-0.50048828125,0.439453125,-0.1708984375,-0.18310546875,0.15869140625,0.6591796875,-0.1220703125,3.4423828125,0.30517578125,2.42919921875,0.03662109375,5.45654296875,-0.2197265625,2.978515625,0.01220703125,0.0732421875,-0.08544921875,1.01318359375,0.06103515625,0.1953125,-0.10986328125,0.13427734375,-0.18310546875,0.2197265625,0.1708984375,0.8056640625,0.09765625,0,-0.2685546875,1.28173828125,0.10986328125,-0.93994140625,-0.03662109375,-0.390625,-0.1708984375,-1.03759765625,-0.0244140625,-0.81787109375,0.20751953125,-1.7333984375,-0.146484375,-0.3173828125,0.18310546875,-0.439453125,0.2685546875,-1.46484375,-0.23193359375,-0.78125,-0.15869140625,-0.74462890625,0.10986328125,-0.6591796875,0.15869140625,-0.2197265625,-0.146484375,2.197265625,-0.20751953125,2.8564453125,-0.0732421875,1.33056640625,-0.06103515625,3.6376953125,0.09765625,0.3662109375,0.048828125,-0.048828125,-0.06103515625,0.03662109375,-0.1953125,0.23193359375,-0.20751953125,0,-0.146484375,0.84228515625,0.10986328125,-0.47607421875,-0.0732421875,-0.52490234375
1,0.048828125,-0.37841796875,-0.13427734375,-0.37841796875,-0.03662109375,-0.390625,0,-0.0732421875,0.28076171875,-0.0244140625,0.03662109375,-0.89111328125,-0.244140625,1.07421875,-0.20751953125,-0.13427734375,-0.0732421875,-0.57373046875,-0.28076171875,-0.1220703125,0.32958984375,0.87890625,-0.1953125,-0.5615234375,-0.146484375,0.78125,-0.06103515625,0.25634765625,-0.37841796875,2.294921875,-0.2197265625,1.46484375,0.03662109375,-0.1953125,-0.341796875,-0.87890625,0.03662109375,-0.37841796875,-0.01220703125,-0.78125,0.08544921875,-0.15869140625,0.5859375,-0.68359375,0.048828125,-0.3662109375,0.1708984375,0.67138671875,-0.10986328125,1.15966796875,-0.42724609375,0.439453125,-0.13427734375,-0.18310546875,0.09765625,0.6591796875,-0.08544921875,3.1494140625,0.28076171875,2.2705078125,0.08544921875,5.17578125,-0.146484375,2.69775390625,-0.0244140625,0.0244140625,-0.03662109375,1.01318359375,0.0244140625,0.20751953125,-0.08544921875,0.1220703125,-0.09765625,0.2197265625,0.15869140625,0.79345703125,0.03662109375,0.01220703125,-0.32958984375,1.25732421875,0.0732421875,-0.93994140625,-0.06103515625,-0.3662109375,-0.1220703125,-1.025390625,0,-0.79345703125,0.18310546875,-1.69677734375,-0.15869140625,-0.32958984375,0.146484375,-0.45166015625,0.244140625,-1.45263671875,-0.1953125,-0.76904296875,-0.15869140625,-0.732421875,0.13427734375,-0.62255859375,0.18310546875,-0.2197265625,-0.048828125,3.125,-0.20751953125,4.52880859375,-0.048828125,2.11181640625,-0.0244140625,4.60205078125,0.08544921875,0.3662109375,0.048828125,-0.03662109375,-0.06103515625,0.06103515625,-0.1708984375,0.2197265625,-0.18310546875,-0.01220703125,-0.1708984375,0.8544921875,0.09765625,-0.4638671875,-0.10986328125,-0.537109375
1,0.0244140625,-0.3662109375,-0.146484375,-0.3662109375,-0.048828125,-0.390625,0,-0.08544921875,0.20751953125,-0.0732421875,0.0244140625,-0.87890625,-0.244140625,1.07421875,-0.1953125,-0.13427734375,-0.1220703125,-0.5615234375,-0.18310546875,-0.13427734375,0.28076171875,0.87890625,-0.06103515625,-0.57373046875,-0.15869140625,0.76904296875,-0.03662109375,0.20751953125,-0.30517578125,2.30712890625,-0.2685546875,1.45263671875,-0.03662109375,-0.20751953125,-0.23193359375,-0.87890625,0,-0.4150390625,-0.0244140625,-0.8056640625,-0.01220703125,-0.15869140625,0.47607421875,-0.64697265625,-0.0244140625,-0.390625,0.146484375,0.6591796875,-0.1220703125,1.13525390625,-0.45166015625,0.45166015625,-0.1708984375,-0.146484375,0.06103515625,0.69580078125,-0.048828125,2.86865234375,0.30517578125,2.08740234375,0.1220703125,4.82177734375,-0.09765625,2.45361328125,-0.048828125,0.0244140625,0.03662109375,1.025390625,0.0244140625,0.20751953125,0.01220703125,0.146484375,0,0.244140625,0.13427734375,0.76904296875,0,0.0244140625,-0.35400390625,1.28173828125,0.01220703125,-0.9521484375,-0.08544921875,-0.40283203125,-0.0244140625,-1.01318359375,0.048828125,-0.78125,0.09765625,-1.7333984375,-0.15869140625,-0.3662109375,0.1220703125,-0.5126953125,0.15869140625,-1.4892578125,-0.1708984375,-0.76904296875,-0.13427734375,-0.7568359375,0.18310546875,-0.62255859375,0.18310546875,-0.2197265625,-0.03662109375,3.99169921875,-0.20751953125,6.11572265625,-0.09765625,2.79541015625,-0.06103515625,5.52978515625,0.09765625,0.37841796875,0.06103515625,-0.0244140625,-0.06103515625,0.03662109375,-0.15869140625,0.23193359375,-0.1953125,-0.048828125,-0.1708984375,0.84228515625,0.09765625,-0.47607421875,-0.1220703125,-0.537109375
1,0.06103515625,-0.37841796875,-0.13427734375,-0.35400390625,-0.0732421875,-0.4150390625,-0.0244140625,-0.08544921875,0.1953125,-0.0732421875,0.01220703125,-0.89111328125,-0.23193359375,1.08642578125,-0.18310546875,-0.1220703125,-0.18310546875,-0.54931640625,-0.08544921875,-0.13427734375,0.18310546875,0.87890625,0.1220703125,-0.5859375,-0.15869140625,0.634765625,-0.0732421875,0.048828125,-0.20751953125,2.23388671875,-0.30517578125,1.3671875,-0.08544921875,-0.244140625,-0.1220703125,-0.87890625,0,-0.42724609375,-0.0244140625,-0.79345703125,-0.0244140625,-0.1708984375,0.390625,-0.64697265625,-0.09765625,-0.390625,0.1220703125,0.6591796875,-0.146484375,1.13525390625,-0.439453125,0.45166015625,-0.29296875,-0.08544921875,0.048828125,0.7080078125,-0.03662109375,2.6123046875,0.341796875,1.9287109375,0.25634765625,4.43115234375,-0.08544921875,2.2216796875,-0.06103515625,0.048828125,0.10986328125,1.025390625,0.03662109375,0.18310546875,0.01220703125,0.1708984375,0.09765625,0.25634765625,0.08544921875,0.76904296875,-0.08544921875,0,-0.3662109375,1.26953125,-0.0244140625,-0.9765625,-0.09765625,-0.40283203125,0.06103515625,-1.0009765625,0.048828125,-0.8056640625,-0.01220703125,-1.85546875,-0.13427734375,-0.42724609375,0.09765625,-0.5859375,0.06103515625,-1.55029296875,-0.08544921875,-0.7568359375,-0.13427734375,-0.74462890625,0.18310546875,-0.5859375,0.1708984375,-0.20751953125,0.0244140625,4.69970703125,-0.244140625,7.51953125,-0.08544921875,3.43017578125,-0.06103515625,6.31103515625,0.09765625,0.390625,0.06103515625,-0.0244140625,-0.0732421875,0.0244140625,-0.13427734375,0.23193359375,-0.23193359375,-0.048828125,-0.146484375,0.84228515625,0.08544921875,-0.47607421875,-0.10986328125,-0.54931640625
1,0.06103515625,-0.3662109375,-0.1220703125,-0.35400390625,-0.08544921875,-0.42724609375,-0.01220703125,-0.06103515625,0.18310546875,-0.09765625,0.01220703125,-0.9033203125,-0.20751953125,1.08642578125,-0.1953125,-0.146484375,-0.18310546875,-0.5615234375,0.01220703125,-0.13427734375,0.146484375,0.89111328125,0.2197265625,-0.5859375,-0.1220703125,0.48828125,-0.06103515625,-0.146484375,-0.09765625,2.099609375,-0.32958984375,1.1962890625,-0.1220703125,-0.25634765625,-0.06103515625,-0.86669921875,-0.0244140625,-0.4638671875,-0.048828125,-0.79345703125,0,-0.1953125,0.30517578125,-0.634765625,-0.13427734375,-0.390625,0.0732421875,0.64697265625,-0.146484375,1.123046875,-0.390625,0.45166015625,-0.4150390625,-0.03662109375,0.03662109375,0.69580078125,-0.06103515625,2.4169921875,0.3662109375,1.7822265625,0.1708984375,4.0771484375,-0.03662109375,2.03857421875,-0.0732421875,0.10986328125,0.146484375,1.01318359375,0.048828125,0.1953125,0,0.18310546875,0.1220703125,0.244140625,0.03662109375,0.79345703125,-0.146484375,-0.01220703125,-0.32958984375,1.2939453125,-0.0732421875,-1.0009765625,-0.0732421875,-0.40283203125,0.1220703125,-1.01318359375,0.03662109375,-0.78125,-0.09765625,-1.98974609375,-0.08544921875,-0.50048828125,0.048828125,-0.67138671875,0,-1.59912109375,-0.01220703125,-0.7568359375,-0.10986328125,-0.79345703125,0.18310546875,-0.57373046875,0.1220703125,-0.1953125,0.0244140625,5.26123046875,-0.2685546875,8.67919921875,-0.09765625,3.89404296875,-0.0732421875,6.93359375,0.06103515625,0.390625,0.06103515625,0,-0.06103515625,-0.01220703125,-0.1220703125,0.20751953125,-0.23193359375,-0.03662109375,-0.1220703125,0.86669921875,0.0732421875,-0.47607421875,-0.09765625,-0.54931640625
1,0.06103515625,-0.390625,-0.1220703125,-0.35400390625,-0.0732421875,-0.439453125,-0.01220703125,-0.06103515625,0.15869140625,-0.09765625,0.0244140625,-0.87890625,-0.1708984375,1.08642578125,-0.20751953125,-0.13427734375,-0.1953125,-0.57373046875,0.08544921875,-0.1220703125,0.08544921875,0.89111328125,0.3173828125,-0.6103515625,-0.06103515625,0.32958984375,-0.048828125,-0.4150390625,-0.048828125,1.9287109375,-0.3173828125,1.025390625,-0.09765625,-0.28076171875,0.0244140625,-0.87890625,-0.03662109375,-0.50048828125,-0.09765625,-0.78125,0.0244140625,-0.23193359375,0.30517578125,-0.64697265625,-0.13427734375,-0.3662109375,0,0.64697265625,-0.15869140625,1.123046875,-0.30517578125,0.45166015625,-0.5126953125,-0.01220703125,0.0732421875,0.72021484375,-0.0732421875,2.3193359375,0.4150390625,1.64794921875,0.15869140625,3.759765625,0.01220703125,1.9287109375,-0.048828125,0.1708984375,0.15869140625,1.025390625,0.08544921875,0.1953125,0,0.1953125,0.13427734375,0.23193359375,-0.0244140625,0.79345703125,-0.1953125,-0.01220703125,-0.29296875,1.2939453125,-0.13427734375,-1.01318359375,-0.03662109375,-0.40283203125,0.1953125,-1.025390625,0.01220703125,-0.8056640625,-0.2197265625,-2.11181640625,0,-0.5859375,-0.0244140625,-0.732421875,-0.03662109375,-1.62353515625,0.01220703125,-0.72021484375,-0.0732421875,-0.78125,0.146484375,-0.57373046875,0.08544921875,-0.18310546875,0.06103515625,5.6884765625,-0.2197265625,9.4970703125,-0.15869140625,4.26025390625,-0.06103515625,7.36083984375,0.06103515625,0.390625,0.06103515625,0,-0.048828125,-0.0244140625,-0.10986328125,0.1953125,-0.25634765625,-0.03662109375,-0.10986328125,0.84228515625,0.048828125,-0.48828125,-0.10986328125,-0.537109375
1,0.09765625,-0.3662109375,-0.10986328125,-0.32958984375,-0.1220703125,-0.45166015625,0.01220703125,-0.0732421875,0.09765625,-0.0732421875,0,-0.91552734375,-0.146484375,1.07421875,-0.20751953125,-0.13427734375,-0.1708984375,-0.57373046875,0.08544921875,-0.1220703125,0.0732421875,0.89111328125,0.341796875,-0.62255859375,0.03662109375,0.1708984375,0.0244140625,-0.6103515625,0,1.7333984375,-0.2685546875,0.8544921875,-0.06103515625,-0.29296875,-0.01220703125,-0.86669921875,-0.048828125,-0.50048828125,-0.10986328125,-0.74462890625,0.048828125,-0.244140625,0.28076171875,-0.6591796875,-0.13427734375,-0.3662109375,-0.0732421875,0.62255859375,-0.09765625,1.11083984375,-0.244140625,0.45166015625,-0.5615234375,0.01220703125,0.01220703125,0.69580078125,-0.06103515625,2.23388671875,0.40283203125,1.5625,0.1708984375,3.515625,0.09765625,1.86767578125,-0.01220703125,0.23193359375,0.1953125,1.01318359375,0.15869140625,0.20751953125,-0.03662109375,0.2197265625,0.13427734375,0.244140625,-0.08544921875,0.81787109375,-0.1953125,-0.048828125,-0.2685546875,1.2939453125,-0.15869140625,-1.025390625,0.01220703125,-0.4150390625,0.18310546875,-1.025390625,-0.03662109375,-0.81787109375,-0.28076171875,-2.18505859375,-0.048828125,-0.62255859375,-0.09765625,-0.74462890625,-0.01220703125,-1.62353515625,0.03662109375,-0.72021484375,-0.03662109375,-0.78125,0.09765625,-0.5859375,0,-0.1953125,0.09765625,5.859375,-0.20751953125,9.9609375,-0.20751953125,4.40673828125,-0.06103515625,7.568359375,0.03662109375,0.4150390625,0.0732421875,-0.01220703125,-0.06103515625,-0.048828125,-0.1220703125,0.18310546875,-0.2685546875,-0.048828125,-0.08544921875,0.87890625,0.03662109375,-0.4638671875,-0.09765625,-0.5615234375
1,0.09765625,-0.3662109375,-0.09765625,-0.35400390625,-0.13427734375,-0.45166015625,0.01220703125,-0.0732421875,0.06103515625,-0.06103515625,-0.01220703125,-0.91552734375,-0.1220703125,1.08642578125,-0.18310546875,-0.146484375,-0.18310546875,-0.5615234375,0.048828125,-0.10986328125,0.08544921875,0.89111328125,0.1953125,-0.62255859375,0.13427734375,0.08544921875,0.03662109375,-0.74462890625,0.0244140625,1.59912109375,-0.1953125,0.7568359375,0.048828125,-0.3173828125,-0.09765625,-0.87890625,-0.06103515625,-0.5126953125,-0.13427734375,-0.732421875,0.03662109375,-0.25634765625,0.30517578125,-0.67138671875,-0.10986328125,-0.341796875,-0.13427734375,0.634765625,-0.048828125,1.123046875,-0.1708984375,0.4150390625,-0.5859375,-0.01220703125,-0.048828125,0.68359375,-0.146484375,2.20947265625,0.390625,1.47705078125,0.13427734375,3.30810546875,0.20751953125,1.81884765625,0.048828125,0.2685546875,0.15869140625,1.03759765625,0.15869140625,0.2197265625,-0.08544921875,0.2197265625,0.1220703125,0.244140625,-0.1220703125,0.84228515625,-0.1708984375,-0.03662109375,-0.28076171875,1.28173828125,-0.1708984375,-1.03759765625,0.0732421875,-0.40283203125,0.146484375,-1.0498046875,-0.03662109375,-0.830078125,-0.23193359375,-2.1728515625,-0.06103515625,-0.59814453125,-0.08544921875,-0.69580078125,0.0732421875,-1.5625,-0.01220703125,-0.72021484375,0.0244140625,-0.79345703125,0.0732421875,-0.59814453125,-0.03662109375,-0.1953125,0.0732421875,5.8349609375,-0.2197265625,10.04638671875,-0.23193359375,4.39453125,-0.08544921875,7.5439453125,0.01220703125,0.40283203125,0.10986328125,-0.0244140625,-0.0732421875,-0.03662109375,-0.13427734375,0.18310546875,-0.2685546875,-0.03662109375,-0.0732421875,0.9033203125,0,-0.47607421875,-0.09765625,-0.537109375
1,0.09765625,-0.3662109375,-0.08544921875,-0.35400390625,-0.13427734375,-0.439453125,0.0244140625,-0.09765625,0.0732421875,-0.048828125,-0.0244140625,-0.91552734375,-0.09765625,1.08642578125,-0.15869140625,-0.15869140625,-0.1708984375,-0.57373046875,-0.048828125,-0.1220703125,0.10986328125,0.89111328125,0.10986328125,-0.62255859375,0.2197265625,0.0244140625,-0.06103515625,-0.79345703125,0.01220703125,1.5380859375,-0.08544921875,0.68359375,0.10986328125,-0.30517578125,-0.2197265625,-0.86669921875,-0.06103515625,-0.5126953125,-0.146484375,-0.68359375,0,-0.244140625,0.32958984375,-0.67138671875,-0.0732421875,-0.341796875,-0.18310546875,0.634765625,0.0244140625,1.13525390625,-0.146484375,0.4150390625,-0.634765625,-0.03662109375,-0.0732421875,0.68359375,-0.2197265625,2.197265625,0.37841796875,1.3916015625,0.10986328125,3.13720703125,0.244140625,1.806640625,0.13427734375,0.28076171875,0.08544921875,1.01318359375,0.15869140625,0.20751953125,-0.146484375,0.20751953125,0.1220703125,0.244140625,-0.10986328125,0.8544921875,-0.1220703125,-0.06103515625,-0.2685546875,1.26953125,-0.18310546875,-1.03759765625,0.09765625,-0.4150390625,0.048828125,-1.06201171875,-0.01220703125,-0.81787109375,-0.20751953125,-2.0751953125,-0.1220703125,-0.5615234375,-0.15869140625,-0.62255859375,0.06103515625,-1.50146484375,-0.06103515625,-0.7080078125,0.03662109375,-0.78125,0,-0.6103515625,-0.048828125,-0.1953125,0.03662109375,5.62744140625,-0.1953125,9.814453125,-0.23193359375,4.248046875,-0.10986328125,7.33642578125,0,0.4150390625,0.10986328125,-0.03662109375,-0.06103515625,-0.0244140625,-0.1220703125,0.18310546875,-0.2685546875,0,-0.08544921875,0.89111328125,0,-0.47607421875,-0.08544921875,-0.54931640625
1,0.10986328125,-0.37841796875,-0.08544921875,-0.40283203125,-0.15869140625,-0.439453125,-0.01220703125,-0.09765625,0.10986328125,-0.01220703125,-0.0244140625,-0.91552734375,-0.09765625,1.08642578125,-0.13427734375,-0.1708984375,-0.146484375,-0.5859375,-0.1220703125,-0.1220703125,0.09765625,0.87890625,-0.08544921875,-0.634765625,0.32958984375,0.03662109375,-0.03662109375,-0.74462890625,0.03662109375,1.513671875,0.06103515625,0.68359375,0.13427734375,-0.29296875,-0.23193359375,-0.86669921875,-0.048828125,-0.50048828125,-0.10986328125,-0.6591796875,-0.048828125,-0.244140625,0.37841796875,-0.68359375,-0.048828125,-0.32958984375,-0.1708984375,0.62255859375,0.08544921875,1.15966796875,-0.1220703125,0.4150390625,-0.634765625,-0.08544921875,-0.18310546875,0.6591796875,-0.29296875,2.1728515625,0.4150390625,1.3427734375,0.08544921875,2.978515625,0.29296875,1.77001953125,0.1953125,0.2685546875,0,1.025390625,0.1220703125,0.23193359375,-0.1953125,0.20751953125,0.09765625,0.23193359375,-0.1220703125,0.8544921875,-0.0732421875,-0.048828125,-0.25634765625,1.28173828125,-0.10986328125,-1.03759765625,0.13427734375,-0.40283203125,-0.08544921875,-1.06201171875,-0.0244140625,-0.830078125,-0.18310546875,-1.9287109375,-0.2197265625,-0.48828125,-0.18310546875,-0.48828125,0.0732421875,-1.40380859375,-0.06103515625,-0.72021484375,0.03662109375,-0.79345703125,-0.048828125,-0.6103515625,-0.048828125,-0.20751953125,-0.0244140625,5.2490234375,-0.1953125,9.27734375,-0.23193359375,3.9306640625,-0.13427734375,6.9580078125,-0.01220703125,0.37841796875,0.13427734375,-0.048828125,-0.06103515625,0,-0.10986328125,0.18310546875,-0.23193359375,0.01220703125,-0.08544921875,0.89111328125,0.01220703125,-0.45166015625,-0.08544921875,-0.5615234375
1,0.09765625,-0.3662109375,-0.09765625,-0.390625,-0.13427734375,-0.4150390625,0.01220703125,-0.09765625,0.10986328125,0.0244140625,-0.03662109375,-0.87890625,-0.10986328125,1.07421875,-0.146484375,-0.13427734375,-0.1220703125,-0.59814453125,-0.2197265625,-0.1220703125,0.0732421875,0.86669921875,-0.2197265625,-0.6103515625,0.28076171875,0.0732421875,-0.146484375,-0.6591796875,-0.06103515625,1.55029296875,0.06103515625,0.69580078125,0.08544921875,-0.28076171875,-0.3173828125,-0.81787109375,-0.03662109375,-0.47607421875,-0.09765625,-0.6103515625,-0.09765625,-0.23193359375,0.439453125,-0.69580078125,-0.0732421875,-0.35400390625,-0.146484375,0.64697265625,0.1220703125,1.171875,-0.15869140625,0.4150390625,-0.68359375,-0.146484375,-0.2685546875,0.6591796875,-0.32958984375,2.1240234375,0.45166015625,1.25732421875,0.1953125,2.8076171875,0.3173828125,1.69677734375,0.2197265625,0.23193359375,-0.03662109375,1.03759765625,0.048828125,0.23193359375,-0.23193359375,0.18310546875,0.0244140625,0.23193359375,-0.1220703125,0.86669921875,-0.01220703125,-0.0244140625,-0.244140625,1.28173828125,-0.03662109375,-1.025390625,0.15869140625,-0.390625,-0.23193359375,-1.06201171875,0.01220703125,-0.84228515625,-0.0244140625,-1.7822265625,-0.15869140625,-0.4150390625,-0.1220703125,-0.4150390625,0.13427734375,-1.33056640625,-0.09765625,-0.72021484375,0.01220703125,-0.830078125,-0.10986328125,-0.57373046875,-0.048828125,-0.1953125,-0.048828125,4.74853515625,-0.18310546875,8.48388671875,-0.1953125,3.52783203125,-0.13427734375,6.4453125,-0.01220703125,0.37841796875,0.13427734375,-0.048828125,-0.0732421875,0.0244140625,-0.10986328125,0.1708984375,-0.244140625,0.03662109375,-0.08544921875,0.91552734375,0.01220703125,-0.45166015625,-0.08544921875,-0.5615234375
1,0.10986328125,-0.390625,-0.08544921875,-0.3662109375,-0.13427734375,-0.4150390625,0.03662109375,-0.10986328125,0.08544921875,0.01220703125,-0.03662109375,-0.86669921875,-0.146484375,1.06201171875,-0.146484375,-0.146484375,-0.09765625,-0.5859375,-0.2685546875,-0.1220703125,0.01220703125,0.87890625,-0.23193359375,-0.5859375,0.2685546875,0.10986328125,-0.1708984375,-0.52490234375,-0.03662109375,1.57470703125,0.13427734375,0.74462890625,-0.0244140625,-0.23193359375,-0.29296875,-0.78125,-0.048828125,-0.4638671875,-0.048828125,-0.5615234375,-0.08544921875,-0.20751953125,0.42724609375,-0.68359375,-0.10986328125,-0.37841796875,-0.08544921875,0.634765625,0.1708984375,1.15966796875,-0.15869140625,0.439453125,-0.68359375,-0.1953125,-0.3173828125,0.67138671875,-0.3662109375,1.98974609375,0.42724609375,1.171875,0.28076171875,2.587890625,0.25634765625,1.57470703125,0.1953125,0.1708984375,-0.0732421875,1.025390625,-0.01220703125,0.23193359375,-0.25634765625,0.1708984375,-0.03662109375,0.20751953125,-0.10986328125,0.84228515625,0.03662109375,-0.03662109375,-0.25634765625,1.26953125,0.0244140625,-1.025390625,0.1708984375,-0.37841796875,-0.3662109375,-1.06201171875,0.0732421875,-0.84228515625,0.03662109375,-1.64794921875,-0.146484375,-0.32958984375,-0.09765625,-0.341796875,0.0732421875,-1.23291015625,-0.0732421875,-0.72021484375,0,-0.84228515625,-0.15869140625,-0.537109375,-0.03662109375,-0.23193359375,-0.0732421875,4.1259765625,-0.244140625,7.48291015625,-0.1708984375,3.01513671875,-0.0732421875,5.79833984375,0.01220703125,0.3662109375,0.1220703125,-0.0732421875,-0.0732421875,0.048828125,-0.1220703125,0.1953125,-0.1953125,0.0732421875,-0.08544921875,0.91552734375,0.048828125,-0.45166015625,-0.048828125,-0.537109375
1,0.10986328125,-0.37841796875,-0.0732421875,-0.3662109375,-0.1220703125,-0.40283203125,0.048828125,-0.0732421875,-0.01220703125,0,-0.0244140625,-0.89111328125,-0.1708984375,1.03759765625,-0.146484375,-0.13427734375,-0.1220703125,-0.5859375,-0.2685546875,-0.1220703125,-0.0732421875,0.89111328125,-0.1953125,-0.59814453125,0.30517578125,0.13427734375,-0.06103515625,-0.4150390625,0.01220703125,1.59912109375,0.08544921875,0.74462890625,-0.1708984375,-0.146484375,-0.2685546875,-0.68359375,-0.048828125,-0.4638671875,-0.048828125,-0.52490234375,-0.048828125,-0.20751953125,0.42724609375,-0.6591796875,-0.18310546875,-0.40283203125,0.0244140625,0.64697265625,0.1708984375,1.15966796875,-0.15869140625,0.47607421875,-0.6591796875,-0.25634765625,-0.37841796875,0.68359375,-0.32958984375,1.81884765625,0.390625,1.06201171875,0.29296875,2.294921875,0.18310546875,1.42822265625,0.1953125,0.13427734375,-0.13427734375,1.01318359375,-0.09765625,0.2197265625,-0.28076171875,0.15869140625,-0.09765625,0.2197265625,-0.10986328125,0.79345703125,0.06103515625,-0.01220703125,-0.28076171875,1.28173828125,0.08544921875,-1.01318359375,0.1953125,-0.35400390625,-0.47607421875,-1.03759765625,0.10986328125,-0.830078125,0.03662109375,-1.55029296875,-0.1708984375,-0.25634765625,-0.0732421875,-0.29296875,0.06103515625,-1.171875,-0.10986328125,-0.69580078125,0.01220703125,-0.830078125,-0.15869140625,-0.5126953125,-0.048828125,-0.2197265625,-0.09765625,3.43017578125,-0.32958984375,6.28662109375,-0.13427734375,2.45361328125,-0.0244140625,5.0537109375,0.03662109375,0.3662109375,0.09765625,-0.06103515625,-0.06103515625,0.0732421875,-0.09765625,0.1953125,-0.18310546875,0.13427734375,-0.08544921875,0.91552734375,0.06103515625,-0.42724609375,-0.06103515625,-0.54931640625
1,0.1220703125,-0.3662109375,-0.08544921875,-0.3662109375,-0.10986328125,-0.37841796875,0.048828125,-0.06103515625,-0.048828125,0.01220703125,-0.01220703125,-0.87890625,-0.20751953125,1.06201171875,-0.15869140625,-0.13427734375,-0.1953125,-0.59814453125,-0.2685546875,-0.13427734375,-0.1708984375,0.91552734375,-0.10986328125,-0.5859375,0.10986328125,0.10986328125,-0.15869140625,-0.341796875,-0.09765625,1.57470703125,-0.06103515625,0.72021484375,-0.29296875,-0.09765625,-0.23193359375,-0.6103515625,-0.0244140625,-0.42724609375,-0.0244140625,-0.5126953125,0.01220703125,-0.1953125,0.30517578125,-0.64697265625,-0.2197265625,-0.42724609375,0.1220703125,0.6591796875,0.1708984375,1.15966796875,-0.1708984375,0.48828125,-0.54931640625,-0.28076171875,-0.390625,0.69580078125,-0.2685546875,1.5869140625,0.32958984375,0.91552734375,0.35400390625,1.9287109375,0.1220703125,1.1962890625,0.18310546875,0.09765625,-0.1708984375,1.01318359375,-0.146484375,0.20751953125,-0.2685546875,0.15869140625,-0.15869140625,0.2197265625,-0.0732421875,0.830078125,0.08544921875,-0.01220703125,-0.23193359375,1.2939453125,0.10986328125,-1.01318359375,0.18310546875,-0.35400390625,-0.537109375,-1.0009765625,0.146484375,-0.8056640625,0.1708984375,-1.513671875,-0.10986328125,-0.20751953125,0.01220703125,-0.29296875,0.1220703125,-1.15966796875,-0.13427734375,-0.68359375,0.03662109375,-0.81787109375,-0.15869140625,-0.52490234375,-0.06103515625,-0.20751953125,-0.0732421875,2.69775390625,-0.4150390625,4.96826171875,-0.13427734375,1.84326171875,0.048828125,4.26025390625,0.0732421875,0.3662109375,0.10986328125,-0.0244140625,-0.06103515625,0.06103515625,-0.08544921875,0.20751953125,-0.146484375,0.1953125,-0.08544921875,0.927734375,0.0732421875,-0.439453125,-0.08544921875,-0.537109375
1,0.146484375,-0.37841796875,-0.08544921875,-0.35400390625,-0.13427734375,-0.37841796875,0.08544921875,-0.06103515625,-0.09765625,-0.01220703125,0,-0.89111328125,-0.23193359375,1.0498046875,-0.1708984375,-0.146484375,-0.28076171875,-0.5859375,-0.2197265625,-0.13427734375,-0.23193359375,0.9033203125,0.0244140625,-0.57373046875,0.06103515625,0.08544921875,-0.10986328125,-0.341796875,-0.0732421875,1.513671875,-0.10986328125,0.68359375,-0.37841796875,-0.01220703125,-0.2197265625,-0.48828125,-0.01220703125,-0.439453125,0.01220703125,-0.5126953125,0.0732421875,-0.20751953125,0.1953125,-0.6103515625,-0.23193359375,-0.4150390625,0.1953125,0.6591796875,0.15869140625,1.13525390625,-0.2197265625,0.50048828125,-0.57373046875,-0.30517578125,-0.37841796875,0.69580078125,-0.20751953125,1.318359375,0.2685546875,0.7568359375,0.341796875,1.513671875,0.03662109375,0.927734375,0.15869140625,0.09765625,-0.20751953125,1.03759765625,-0.244140625,0.1953125,-0.2197265625,0.15869140625,-0.23193359375,0.20751953125,-0.03662109375,0.8056640625,0.1220703125,-0.01220703125,-0.1953125,1.2939453125,0.13427734375,-1.01318359375,0.1708984375,-0.341796875,-0.54931640625,-1.01318359375,0.13427734375,-0.78125,0.13427734375,-1.4892578125,-0.146484375,-0.146484375,-0.03662109375,-0.29296875,0.0732421875,-1.13525390625,-0.146484375,-0.69580078125,0.0732421875,-0.76904296875,-0.146484375,-0.537109375,-0.048828125,-0.1953125,-0.0732421875,1.9287109375,-0.48828125,3.61328125,-0.10986328125,1.20849609375,0.0732421875,3.43017578125,0.06103515625,0.3662109375,0.10986328125,-0.0244140625,-0.06103515625,0.06103515625,-0.09765625,0.2197265625,-0.1708984375,0.25634765625,-0.06103515625,0.91552734375,0.06103515625,-0.45166015625,-0.09765625,-0.52490234375
0,0.18310546875,-0.3662109375,-0.0732421875,-0.341796875,-0.13427734375,-0.40283203125,0.08544921875,-0.06103515625,-0.0732421875,-0.03662109375,-0.01220703125,-0.9033203125,-0.2197265625,1.08642578125,-0.1708984375,-0.146484375,-0.3173828125,-0.57373046875,-0.1708984375,-0.13427734375,-0.25634765625,0.87890625,0.06103515625,-0.5615234375,-0.03662109375,0.01220703125,-0.1708984375,-0.40283203125,-0.146484375,1.40380859375,-0.20751953125,0.6103515625,-0.439453125,0.06103515625,-0.18310546875,-0.3662109375,0.0244140625,-0.439453125,0.048828125,-0.52490234375,0.13427734375,-0.1953125,-0.01220703125,-0.54931640625,-0.1708984375,-0.439453125,0.20751953125,0.67138671875,0.0732421875,1.13525390625,-0.25634765625,0.50048828125,-0.48828125,-0.25634765625,-0.37841796875,0.7080078125,-0.146484375,1.06201171875,0.23193359375,0.59814453125,0.3173828125,1.13525390625,0,0.67138671875,0.1220703125,0.10986328125,-0.23193359375,1.01318359375,-0.2685546875,0.1953125,-0.15869140625,0.15869140625,-0.28076171875,0.20751953125,-0.0244140625,0.78125,0.10986328125,-0.03662109375,-0.13427734375,1.318359375,0.09765625,-1.01318359375,0.15869140625,-0.32958984375,-0.4638671875,-1.0009765625,0.10986328125,-0.76904296875,0.13427734375,-1.4892578125,-0.13427734375,-0.1220703125,-0.06103515625,-0.2685546875,0.0732421875,-1.11083984375,-0.18310546875,-0.7080078125,0.0732421875,-0.7568359375,-0.10986328125,-0.5615234375,-0.01220703125,-0.18310546875,-0.08544921875,1.18408203125,-0.57373046875,2.25830078125,-0.08544921875,0.5615234375,0.10986328125,2.587890625,0.06103515625,0.40283203125,0.10986328125,0,-0.0732421875,0.048828125,-0.08544921875,0.244140625,-0.1708984375,0.3173828125,-0.06103515625,0.9033203125,0.06103515625,-0.439453125,-0.1220703125,-0.537109375
0,0.1953125,-0.3662109375,-0.09765625,-0.32958984375,-0.146484375,-0.4150390625,0.09765625,-0.08544921875,-0.048828125,-0.0732421875,-0.01220703125,-0.9033203125,-0.2197265625,1.0986328125,-0.1708984375,-0.1708984375,-0.30517578125,-0.57373046875,-0.146484375,-0.13427734375,-0.2197265625,0.87890625,0.06103515625,-0.59814453125,-0.1220703125,-0.0732421875,-0.23193359375,-0.48828125,-0.23193359375,1.28173828125,-0.244140625,0.537109375,-0.40283203125,0.13427734375,-0.18310546875,-0.23193359375,0.03662109375,-0.439453125,0.048828125,-0.5615234375,0.146484375,-0.1953125,-0.0732421875,-0.50048828125,-0.1220703125,-0.439453125,0.13427734375,0.69580078125,0.01220703125,1.13525390625,-0.28076171875,0.47607421875,-0.37841796875,-0.2197265625,-0.32958984375,0.732421875,-0.1220703125,0.8544921875,0.2197265625,0.47607421875,0.30517578125,0.76904296875,-0.0732421875,0.4638671875,0.10986328125,0.15869140625,-0.25634765625,1.03759765625,-0.30517578125,0.18310546875,-0.10986328125,0.1708984375,-0.3173828125,0.23193359375,0,0.79345703125,0.1220703125,-0.03662109375,-0.0732421875,1.318359375,0.08544921875,-1.01318359375,0.15869140625,-0.32958984375,-0.35400390625,-0.98876953125,0.0732421875,-0.78125,0.13427734375,-1.52587890625,-0.09765625,-0.048828125,-0.08544921875,-0.244140625,0.10986328125,-1.0498046875,-0.1953125,-0.732421875,0.048828125,-0.732421875,-0.09765625,-0.634765625,0.0244140625,-0.18310546875,-0.09765625,0.4638671875,-0.5615234375,0.96435546875,-0.08544921875,-0.01220703125,0.1220703125,1.81884765625,0.0732421875,0.390625,0.1220703125,0,-0.0732421875,0.0244140625,-0.09765625,0.244140625,-0.1953125,0.37841796875,-0.048828125,0.9033203125,0.06103515625,-0.45166015625,-0.10986328125,-0.537109375
0,0.23193359375,-0.3662109375,-0.08544921875,-0.341796875,-0.15869140625,-0.45166015625,0.09765625,-0.0732421875,-0.13427734375,-0.06103515625,0,-0.91552734375,-0.2197265625,1.11083984375,-0.15869140625,-0.1708984375,-0.2197265625,-0.5615234375,-0.10986328125,-0.13427734375,-0.13427734375,0.87890625,0.06103515625,-0.5859375,-0.2197265625,-0.10986328125,-0.3173828125,-0.5615234375,-0.35400390625,1.1962890625,-0.28076171875,0.47607421875,-0.28076171875,0.18310546875,-0.18310546875,-0.08544921875,0.06103515625,-0.439453125,0.048828125,-0.6103515625,0.1220703125,-0.20751953125,-0.1708984375,-0.439453125,-0.048828125,-0.4150390625,0.08544921875,0.7080078125,-0.0244140625,1.13525390625,-0.25634765625,0.4638671875,-0.439453125,-0.15869140625,-0.341796875,0.732421875,-0.13427734375,0.7080078125,0.13427734375,0.40283203125,0.2197265625,0.537109375,-0.10986328125,0.341796875,0.06103515625,0.23193359375,-0.244140625,1.01318359375,-0.28076171875,0.18310546875,-0.048828125,0.18310546875,-0.341796875,0.244140625,-0.0244140625,0.76904296875,0.08544921875,-0.06103515625,0,1.318359375,0.01220703125,-1.01318359375,0.13427734375,-0.35400390625,-0.23193359375,-0.98876953125,0.0244140625,-0.78125,-0.0244140625,-1.513671875,-0.1953125,0,-0.18310546875,-0.18310546875,0.03662109375,-0.9521484375,-0.1708984375,-0.732421875,0.06103515625,-0.7080078125,-0.08544921875,-0.69580078125,0.0244140625,-0.1953125,-0.10986328125,-0.18310546875,-0.52490234375,-0.18310546875,-0.10986328125,-0.5615234375,0.1220703125,1.08642578125,0.06103515625,0.37841796875,0.15869140625,0,-0.06103515625,0.0244140625,-0.09765625,0.23193359375,-0.2197265625,0.439453125,-0.03662109375,0.9033203125,0.06103515625,-0.45166015625,-0.146484375,-0.5615234375
0,0.2685546875,-0.3662109375,-0.06103515625,-0.341796875,-0.1708984375,-0.4638671875,0.10986328125,-0.06103515625,-0.1708984375,-0.06103515625,-0.01220703125,-0.9033203125,-0.20751953125,1.11083984375,-0.1708984375,-0.1708984375,-0.146484375,-0.54931640625,-0.10986328125,-0.13427734375,-0.03662109375,0.87890625,-0.01220703125,-0.59814453125,-0.25634765625,-0.10986328125,-0.3173828125,-0.6103515625,-0.3662109375,1.1474609375,-0.1953125,0.48828125,-0.146484375,0.244140625,-0.2197265625,0.01220703125,0.0732421875,-0.45166015625,0.01220703125,-0.67138671875,0.08544921875,-0.1953125,-0.23193359375,-0.37841796875,-0.0244140625,-0.390625,0,0.68359375,-0.0244140625,1.1474609375,-0.29296875,0.439453125,-0.2685546875,-0.146484375,-0.29296875,0.72021484375,-0.146484375,0.69580078125,0.08544921875,0.4150390625,0.146484375,0.50048828125,-0.09765625,0.32958984375,0.048828125,0.29296875,-0.25634765625,1.025390625,-0.244140625,0.20751953125,-0.0732421875,0.18310546875,-0.390625,0.28076171875,-0.0244140625,0.81787109375,0.09765625,-0.03662109375,0.0244140625,1.30615234375,-0.03662109375,-1.03759765625,0.10986328125,-0.3662109375,-0.10986328125,-1.01318359375,-0.01220703125,-0.78125,-0.0732421875,-1.47705078125,-0.25634765625,0.048828125,-0.23193359375,-0.048828125,0.0244140625,-0.79345703125,-0.146484375,-0.74462890625,0.03662109375,-0.69580078125,-0.09765625,-0.72021484375,0.0244140625,-0.20751953125,-0.08544921875,-0.7568359375,-0.42724609375,-1.1962890625,-0.15869140625,-1.03759765625,0.13427734375,0.4638671875,0.048828125,0.390625,0.1708984375,0,-0.06103515625,0.0244140625,-0.0732421875,0.2197265625,-0.2197265625,0.47607421875,-0.03662109375,0.89111328125,0.048828125,-0.439453125,-0.1220703125,-0.5615234375
0,0.29296875,-0.37841796875,-0.048828125,-0.341796875,-0.146484375,-0.47607421875,0.09765625,-0.06103515625,-0.23193359375,-0.048828125,-0.0244140625,-0.9033203125,-0.23193359375,1.11083984375,-0.1220703125,-0.146484375,-0.03662109375,-0.54931640625,-0.10986328125,-0.146484375,0.06103515625,0.87890625,-0.0732421875,-0.62255859375,-0.25634765625,-0.048828125,-0.244140625,-0.6103515625,-0.35400390625,1.220703125,-0.13427734375,0.5859375,-0.01220703125,0.244140625,-0.1953125,0.0732421875,0.0732421875,-0.439453125,-0.048828125,-0.7568359375,0,-0.2197265625,-0.20751953125,-0.37841796875,-0.01220703125,-0.40283203125,-0.048828125,0.6591796875,-0.0244140625,1.15966796875,-0.2685546875,0.42724609375,-0.2685546875,-0.1220703125,-0.29296875,0.69580078125,-0.18310546875,0.8056640625,0.10986328125,0.47607421875,0.10986328125,0.67138671875,-0.20751953125,0.45166015625,0.01220703125,0.35400390625,-0.2685546875,1.0498046875,-0.1953125,0.2197265625,-0.10986328125,0.1953125,-0.37841796875,0.28076171875,0,0.830078125,0.146484375,-0.048828125,0.01220703125,1.33056640625,-0.06103515625,-1.03759765625,0.06103515625,-0.35400390625,0.0244140625,-1.03759765625,-0.01220703125,-0.79345703125,-0.10986328125,-1.3916015625,-0.29296875,0.1220703125,-0.20751953125,0.10986328125,0,-0.634765625,-0.10986328125,-0.74462890625,0,-0.69580078125,-0.09765625,-0.74462890625,0.01220703125,-0.1953125,-0.0732421875,-1.220703125,-0.32958984375,-1.94091796875,-0.18310546875,-1.42822265625,0.10986328125,-0.03662109375,0.0244140625,0.37841796875,0.15869140625,0.01220703125,-0.0732421875,0.01220703125,-0.0732421875,0.18310546875,-0.18310546875,0.48828125,-0.03662109375,0.87890625,0.03662109375,-0.4638671875,-0.1220703125,-0.5615234375
0,0.30517578125,-0.390625,-0.06103515625,-0.32958984375,-0.1220703125,-0.48828125,0.09765625,-0.0732421875,-0.244140625,-0.03662109375,-0.03662109375,-0.87890625,-0.1953125,1.11083984375,-0.10986328125,-0.13427734375,-0.01220703125,-0.5615234375,-0.0732421875,-0.13427734375,0.09765625,0.86669921875,-0.1220703125,-0.62255859375,-0.2685546875,0.08544921875,-0.1220703125,-0.52490234375,-0.32958984375,1.35498046875,-0.10986328125,0.72021484375,0.08544921875,0.25634765625,-0.18310546875,0.1220703125,0.048828125,-0.4638671875,-0.10986328125,-0.81787109375,-0.08544921875,-0.23193359375,-0.09765625,-0.32958984375,-0.0732421875,-0.390625,-0.0732421875,0.64697265625,-0.03662109375,1.15966796875,-0.30517578125,0.40283203125,-0.244140625,-0.10986328125,-0.244140625,0.69580078125,-0.1953125,1.06201171875,0.09765625,0.67138671875,0.06103515625,1.0986328125,-0.23193359375,0.732421875,-0.0244140625,0.37841796875,-0.244140625,1.025390625,-0.1708984375,0.244140625,-0.13427734375,0.1953125,-0.3173828125,0.2685546875,0.06103515625,0.84228515625,0.18310546875,-0.06103515625,-0.03662109375,1.30615234375,-0.048828125,-1.03759765625,0.0244140625,-0.35400390625,0.09765625,-1.06201171875,0.03662109375,-0.8056640625,-0.08544921875,-1.26953125,-0.35400390625,0.20751953125,-0.18310546875,0.28076171875,0,-0.4638671875,-0.1220703125,-0.78125,-0.0732421875,-0.74462890625,-0.09765625,-0.72021484375,0,-0.20751953125,-0.09765625,-1.5625,-0.23193359375,-2.45361328125,-0.2197265625,-1.67236328125,0.08544921875,-0.390625,0.0244140625,0.40283203125,0.1708984375,0,-0.06103515625,0.01220703125,-0.06103515625,0.15869140625,-0.18310546875,0.50048828125,-0.048828125,0.86669921875,0.01220703125,-0.439453125,-0.10986328125,-0.57373046875
0,0.30517578125,-0.390625,-0.03662109375,-0.3662109375,-0.10986328125,-0.47607421875,0.09765625,-0.0732421875,-0.25634765625,-0.01220703125,-0.048828125,-0.87890625,-0.1953125,1.08642578125,-0.09765625,-0.13427734375,0.0244140625,-0.54931640625,-0.09765625,-0.13427734375,0.10986328125,0.84228515625,-0.1953125,-0.6103515625,-0.29296875,0.244140625,-0.048828125,-0.40283203125,-0.25634765625,1.5625,-0.06103515625,0.9033203125,0.10986328125,0.23193359375,-0.1220703125,0.0732421875,-0.01220703125,-0.4638671875,-0.13427734375,-0.86669921875,-0.1953125,-0.23193359375,-0.08544921875,-0.32958984375,-0.13427734375,-0.3662109375,-0.08544921875,0.64697265625,-0.03662109375,1.1474609375,-0.29296875,0.40283203125,-0.15869140625,-0.09765625,-0.15869140625,0.68359375,-0.244140625,1.416015625,0.18310546875,0.93994140625,0.10986328125,1.77001953125,-0.30517578125,1.11083984375,-0.03662109375,0.3662109375,-0.244140625,1.025390625,-0.09765625,0.244140625,-0.1708984375,0.1708984375,-0.28076171875,0.25634765625,0.08544921875,0.84228515625,0.1953125,-0.03662109375,-0.0732421875,1.28173828125,-0.0244140625,-1.01318359375,0,-0.37841796875,0.1953125,-1.07421875,0.1220703125,-0.81787109375,-0.06103515625,-1.1474609375,-0.3662109375,0.2685546875,-0.08544921875,0.4150390625,-0.048828125,-0.3173828125,-0.1220703125,-0.76904296875,-0.1220703125,-0.78125,-0.10986328125,-0.68359375,-0.01220703125,-0.20751953125,-0.10986328125,-1.81884765625,-0.20751953125,-2.77099609375,-0.28076171875,-1.84326171875,0.03662109375,-0.634765625,0.01220703125,0.37841796875,0.15869140625,0.01220703125,-0.0732421875,0.03662109375,-0.03662109375,0.15869140625,-0.1708984375,0.47607421875,-0.0732421875,0.86669921875,0.01220703125,-0.439453125,-0.09765625,-0.537109375
0,0.3173828125,-0.40283203125,-0.0244140625,-0.37841796875,-0.1220703125,-0.47607421875,0.09765625,-0.08544921875,-0.2685546875,0,-0.0732421875,-0.89111328125,-0.15869140625,1.07421875,-0.08544921875,-0.13427734375,0.03662109375,-0.5615234375,-0.06103515625,-0.146484375,0.03662109375,0.84228515625,-0.15869140625,-0.5859375,-0.28076171875,0.40283203125,-0.048828125,-0.2685546875,-0.18310546875,1.806640625,-0.06103515625,1.08642578125,0.0732421875,0.2197265625,-0.048828125,0,-0.03662109375,-0.45166015625,-0.18310546875,-0.9033203125,-0.2685546875,-0.2197265625,-0.01220703125,-0.341796875,-0.244140625,-0.390625,-0.048828125,0.634765625,-0.048828125,1.1474609375,-0.244140625,0.42724609375,-0.13427734375,-0.1220703125,-0.0244140625,0.68359375,-0.32958984375,1.89208984375,0.13427734375,1.2939453125,0.03662109375,2.60009765625,-0.390625,1.62353515625,-0.06103515625,0.30517578125,-0.244140625,1.01318359375,-0.06103515625,0.244140625,-0.20751953125,0.15869140625,-0.2685546875,0.2197265625,0.146484375,0.830078125,0.23193359375,-0.0244140625,-0.1220703125,1.26953125,0.03662109375,-0.98876953125,-0.048828125,-0.390625,0.2685546875,-1.07421875,0.1953125,-0.830078125,-0.0244140625,-1.025390625,-0.341796875,0.29296875,0,0.52490234375,-0.08544921875,-0.23193359375,-0.1220703125,-0.74462890625,-0.23193359375,-0.8056640625,-0.10986328125,-0.634765625,0,-0.1953125,-0.1708984375,-1.91650390625,-0.2197265625,-2.89306640625,-0.30517578125,-1.89208984375,-0.01220703125,-0.72021484375,-0.01220703125,0.37841796875,0.10986328125,-0.01220703125,-0.048828125,0.03662109375,0,0.15869140625,-0.1708984375,0.45166015625,-0.08544921875,0.89111328125,0.01220703125,-0.439453125,-0.0732421875,-0.5615234375
0,0.3173828125,-0.40283203125,-0.0244140625,-0.390625,-0.1220703125,-0.4638671875,0.1220703125,-0.08544921875,-0.30517578125,0,-0.08544921875,-0.86669921875,-0.13427734375,1.07421875,-0.09765625,-0.13427734375,0.03662109375,-0.5615234375,-0.03662109375,-0.13427734375,-0.09765625,0.8544921875,-0.1708984375,-0.5615234375,-0.244140625,0.537109375,0.0732421875,-0.146484375,-0.06103515625,1.98974609375,-0.01220703125,1.23291015625,-0.0244140625,0.1953125,-0.01220703125,-0.146484375,-0.06103515625,-0.42724609375,-0.1220703125,-0.9033203125,-0.30517578125,-0.20751953125,0.0244140625,-0.37841796875,-0.32958984375,-0.4150390625,-0.0244140625,0.634765625,-0.03662109375,1.13525390625,-0.244140625,0.4638671875,-0.08544921875,-0.13427734375,0.1220703125,0.68359375,-0.37841796875,2.4169921875,0.146484375,1.69677734375,-0.06103515625,3.564453125,-0.45166015625,2.16064453125,-0.09765625,0.28076171875,-0.18310546875,1.01318359375,-0.03662109375,0.2197265625,-0.20751953125,0.13427734375,-0.29296875,0.1953125,0.18310546875,0.81787109375,0.23193359375,0,-0.146484375,1.26953125,0.10986328125,-1.025390625,-0.06103515625,-0.40283203125,0.3173828125,-1.0986328125,0.25634765625,-0.84228515625,0.01220703125,-0.9765625,-0.30517578125,0.244140625,0.09765625,0.54931640625,-0.13427734375,-0.1953125,-0.09765625,-0.732421875,-0.29296875,-0.830078125,-0.10986328125,-0.59814453125,0,-0.1953125,-0.0732421875,-1.91650390625,-0.13427734375,-2.81982421875,-0.29296875,-1.85546875,0.01220703125,-0.68359375,-0.0244140625,0.3662109375,0.09765625,0,-0.048828125,0.06103515625,0.01220703125,0.15869140625,-0.146484375,0.3662109375,-0.08544921875,0.86669921875,0.01220703125,-0.439453125,-0.08544921875,-0.5615234375
0,0.3173828125,-0.390625,0,-0.390625,-0.1220703125,-0.439453125,0.13427734375,-0.09765625,-0.32958984375,-0.03662109375,-0.08544921875,-0.86669921875,-0.1220703125,1.07421875,-0.10986328125,-0.146484375,0.01220703125,-0.57373046875,-0.01220703125,-0.146484375,-0.20751953125,0.86669921875,-0.146484375,-0.5615234375,-0.20751953125,0.57373046875,0.146484375,-0.06103515625,0.0732421875,2.08740234375,-0.01220703125,1.26953125,-0.1953125,0.18310546875,0.08544921875,-0.3173828125,-0.0732421875,-0.42724609375,-0.10986328125,-0.89111328125,-0.244140625,-0.20751953125,-0.048828125,-0.45166015625,-0.4150390625,-0.4150390625,0,0.634765625,0,1.11083984375,-0.28076171875,0.47607421875,-0.0244140625,-0.1708984375,0.25634765625,0.68359375,-0.45166015625,2.9296875,0.2197265625,2.11181640625,-0.06103515625,4.55322265625,-0.5126953125,2.7099609375,-0.09765625,0.20751953125,-0.09765625,1.01318359375,-0.01220703125,0.1953125,-0.18310546875,0.1220703125,-0.28076171875,0.15869140625,0.2197265625,0.830078125,0.2197265625,0.01220703125,-0.1953125,1.2451171875,0.18310546875,-1.025390625,-0.06103515625,-0.390625,0.341796875,-1.07421875,0.25634765625,-0.81787109375,0.0732421875,-0.9521484375,-0.244140625,0.1953125,0.1708984375,0.54931640625,-0.18310546875,-0.23193359375,-0.03662109375,-0.732421875,-0.30517578125,-0.81787109375,-0.08544921875,-0.57373046875,-0.03662109375,-0.1953125,0.03662109375,-1.79443359375,-0.06103515625,-2.63671875,-0.2685546875,-1.7578125,0,-0.5615234375,-0.0244140625,0.37841796875,0.09765625,0.01220703125,-0.048828125,0.06103515625,0.01220703125,0.1708984375,-0.146484375,0.3173828125,-0.0732421875,0.8544921875,0.03662109375,-0.4150390625,-0.08544921875,-0.54931640625
0,0.35400390625,-0.40283203125,0,-0.37841796875,-0.10986328125,-0.42724609375,0.13427734375,-0.0732421875,-0.40283203125,-0.0244140625,-0.0732421875,-0.87890625,-0.08544921875,1.0498046875,-0.09765625,-0.15869140625,-0.048828125,-0.57373046875,-0.03662109375,-0.146484375,-0.30517578125,0.86669921875,-0.08544921875,-0.54931640625,-0.146484375,0.52490234375,0.1220703125,-0.08544921875,0.146484375,2.05078125,-0.01220703125,1.23291015625,-0.341796875,0.1708984375,0.0244140625,-0.5126953125,-0.08544921875,-0.4150390625,-0.1220703125,-0.8544921875,-0.1953125,-0.1953125,-0.13427734375,-0.5126953125,-0.42724609375,-0.40283203125,0.01220703125,0.62255859375,0.0244140625,1.13525390625,-0.29296875,0.48828125,0,-0.15869140625,0.30517578125,0.7080078125,-0.42724609375,3.41796875,0.244140625,2.47802734375,-0.03662109375,5.4443359375,-0.5126953125,3.23486328125,-0.0732421875,0.146484375,-0.01220703125,1.01318359375,-0.0244140625,0.18310546875,-0.146484375,0.10986328125,-0.28076171875,0.15869140625,0.2197265625,0.830078125,0.20751953125,0.0244140625,-0.2197265625,1.2451171875,0.23193359375,-1.025390625,-0.03662109375,-0.40283203125,0.3173828125,-1.0498046875,0.23193359375,-0.84228515625,0.09765625,-1.0009765625,-0.0732421875,0.08544921875,0.244140625,0.45166015625,-0.1953125,-0.3173828125,-0.01220703125,-0.72021484375,-0.29296875,-0.8056640625,-0.08544921875,-0.54931640625,-0.048828125,-0.1708984375,0.08544921875,-1.62353515625,-0.048828125,-2.38037109375,-0.2197265625,-1.611328125,-0.01220703125,-0.37841796875,-0.0244140625,0.35400390625,0.06103515625,0.01220703125,-0.06103515625,0.048828125,0,0.18310546875,-0.146484375,0.25634765625,-0.0732421875,0.86669921875,0.06103515625,-0.439453125,-0.0732421875,-0.54931640625
0,0.37841796875,-0.40283203125,0.0244140625,-0.37841796875,-0.1220703125,-0.40283203125,0.1220703125,-0.08544921875,-0.40283203125,-0.048828125,-0.0732421875,-0.89111328125,-0.03662109375,1.08642578125,-0.1220703125,-0.1708984375,-0.13427734375,-0.57373046875,-0.06103515625,-0.13427734375,-0.35400390625,0.89111328125,-0.0732421875,-0.54931640625,-0.08544921875,0.42724609375,0.1953125,-0.18310546875,0.2197265625,1.91650390625,0.06103515625,1.0986328125,-0.45166015625,0.15869140625,-0.0732421875,-0.67138671875,-0.03662109375,-0.42724609375,-0.08544921875,-0.81787109375,-0.08544921875,-0.18310546875,-0.13427734375,-0.5615234375,-0.35400390625,-0.40283203125,0.01220703125,0.6591796875,0.03662109375,1.123046875,-0.30517578125,0.50048828125,0.03662109375,-0.146484375,0.3173828125,0.72021484375,-0.47607421875,3.80859375,0.244140625,2.83203125,-0.0732421875,6.201171875,-0.537109375,3.62548828125,-0.048828125,0.13427734375,0.0732421875,1.025390625,-0.048828125,0.18310546875,-0.10986328125,0.1220703125,-0.18310546875,0.15869140625,0.1953125,0.79345703125,0.1708984375,0.0244140625,-0.20751953125,1.28173828125,0.20751953125,-1.0009765625,0.0244140625,-0.40283203125,0.244140625,-1.01318359375,0.146484375,-0.81787109375,0.10986328125,-1.123046875,0.09765625,-0.048828125,0.28076171875,0.3173828125,-0.15869140625,-0.4638671875,0.048828125,-0.72021484375,-0.28076171875,-0.76904296875,-0.08544921875,-0.5615234375,-0.1220703125,-0.18310546875,0.146484375,-1.42822265625,-0.0732421875,-2.1240234375,-0.1953125,-1.416015625,-0.0244140625,-0.18310546875,-0.048828125,0.35400390625,0.048828125,0.01220703125,-0.06103515625,0.048828125,0,0.1953125,-0.13427734375,0.18310546875,-0.03662109375,0.8544921875,0.06103515625,-0.45166015625,-0.06103515625,-0.57373046875
0,0.3662109375,-0.390625,0.01220703125,-0.35400390625,-0.146484375,-0.4150390625,0.10986328125,-0.06103515625,-0.40283203125,-0.03662109375,-0.0732421875,-0.89111328125,-0.03662109375,1.06201171875,-0.10986328125,-0.146484375,-0.1708984375,-0.5859375,-0.09765625,-0.13427734375,-0.35400390625,0.89111328125,-0.10986328125,-0.54931640625,-0.03662109375,0.244140625,0.1708984375,-0.25634765625,0.18310546875,1.72119140625,0.08544921875,0.89111328125,-0.439453125,0.13427734375,-0.2197265625,-0.830078125,0,-0.42724609375,-0.08544921875,-0.76904296875,-0.01220703125,-0.1708984375,-0.18310546875,-0.6103515625,-0.23193359375,-0.40283203125,-0.01220703125,0.6591796875,0.03662109375,1.13525390625,-0.30517578125,0.48828125,0.06103515625,-0.1220703125,0.29296875,0.7080078125,-0.439453125,4.1015625,0.244140625,3.076171875,-0.1220703125,6.73828125,-0.5126953125,3.8818359375,-0.06103515625,0.146484375,0.146484375,1.01318359375,-0.08544921875,0.1708984375,-0.048828125,0.1708984375,-0.06103515625,0.20751953125,0.1953125,0.81787109375,0.10986328125,0.01220703125,-0.20751953125,1.30615234375,0.15869140625,-1.01318359375,0.048828125,-0.390625,0.146484375,-1.0009765625,0.06103515625,-0.8056640625,0.0732421875,-1.25732421875,0.1220703125,-0.146484375,0.25634765625,0.1953125,-0.10986328125,-0.62255859375,0.03662109375,-0.7080078125,-0.20751953125,-0.72021484375,-0.048828125,-0.62255859375,-0.13427734375,-0.18310546875,0.10986328125,-1.23291015625,-0.09765625,-1.86767578125,-0.13427734375,-1.28173828125,-0.0732421875,0.01220703125,-0.08544921875,0.3662109375,0.03662109375,0,-0.0732421875,0.0244140625,0.01220703125,0.1708984375,-0.15869140625,0.10986328125,-0.01220703125,0.84228515625,0.048828125,-0.4638671875,-0.06103515625,-0.5859375
1,0.35400390625,-0.37841796875,0.01220703125,-0.341796875,-0.146484375,-0.40283203125,0.09765625,-0.03662109375,-0.390625,-0.048828125,-0.09765625,-0.89111328125,-0.0244140625,1.07421875,-0.10986328125,-0.13427734375,-0.15869140625,-0.54931640625,-0.18310546875,-0.1220703125,-0.28076171875,0.9033203125,-0.1708984375,-0.5615234375,0.01220703125,0.09765625,0.1220703125,-0.3173828125,0.09765625,1.50146484375,0.10986328125,0.72021484375,-0.42724609375,0.1220703125,-0.35400390625,-0.93994140625,0.048828125,-0.4638671875,-0.10986328125,-0.732421875,0.048828125,-0.1953125,-0.20751953125,-0.634765625,-0.09765625,-0.390625,-0.048828125,0.67138671875,0.03662109375,1.123046875,-0.28076171875,0.4638671875,0.13427734375,-0.0732421875,0.3662109375,0.72021484375,-0.4150390625,4.26025390625,0.244140625,3.22265625,-0.15869140625,6.99462890625,-0.50048828125,3.99169921875,-0.0732421875,0.18310546875,0.23193359375,1.025390625,-0.0732421875,0.1953125,-0.0244140625,0.20751953125,0.0244140625,0.23193359375,0.15869140625,0.79345703125,0.08544921875,0.01220703125,-0.20751953125,1.318359375,0.08544921875,-1.025390625,0.0732421875,-0.40283203125,0.03662109375,-0.98876953125,0,-0.81787109375,0.10986328125,-1.3916015625,0.1953125,-0.244140625,0.28076171875,0.048828125,-0.01220703125,-0.7568359375,-0.0244140625,-0.74462890625,-0.146484375,-0.76904296875,-0.0244140625,-0.62255859375,-0.10986328125,-0.18310546875,0.0732421875,-1.06201171875,-0.1708984375,-1.69677734375,-0.1220703125,-1.171875,-0.08544921875,0.1708984375,-0.09765625,0.37841796875,0.03662109375,0.01220703125,-0.06103515625,0.01220703125,0.01220703125,0.1708984375,-0.146484375,0.0732421875,0.03662109375,0.84228515625,0.048828125,-0.47607421875,-0.06103515625,-0.5859375
1,0.341796875,-0.37841796875,0.0244140625,-0.35400390625,-0.13427734375,-0.390625,0.09765625,-0.03662109375,-0.390625,-0.048828125,-0.1220703125,-0.9033203125,-0.06103515625,1.08642578125,-0.08544921875,-0.13427734375,-0.10986328125,-0.57373046875,-0.25634765625,-0.1220703125,-0.146484375,0.9033203125,-0.2685546875,-0.59814453125,0.0244140625,0.0244140625,0.0244140625,-0.29296875,-0.01220703125,1.3671875,0.146484375,0.6103515625,-0.37841796875,0.08544921875,-0.40283203125,-0.9765625,0.08544921875,-0.47607421875,-0.13427734375,-0.7080078125,0,-0.18310546875,-0.18310546875,-0.62255859375,0.0244140625,-0.390625,-0.10986328125,0.68359375,0.01220703125,1.1474609375,-0.1708984375,0.45166015625,0.13427734375,-0.01220703125,0.40283203125,0.69580078125,-0.4150390625,4.248046875,0.25634765625,3.2470703125,-0.09765625,6.93359375,-0.48828125,3.94287109375,-0.10986328125,0.23193359375,0.28076171875,1.03759765625,-0.06103515625,0.20751953125,-0.0244140625,0.2197265625,0.13427734375,0.25634765625,0.09765625,0.81787109375,0.0244140625,-0.01220703125,-0.15869140625,1.318359375,0.0244140625,-1.025390625,0.08544921875,-0.4150390625,-0.10986328125,-1.01318359375,-0.0244140625,-0.8056640625,0.048828125,-1.5380859375,0.18310546875,-0.30517578125,0.23193359375,-0.0244140625,0.0244140625,-0.86669921875,-0.06103515625,-0.74462890625,-0.10986328125,-0.732421875,-0.01220703125,-0.62255859375,-0.1220703125,-0.18310546875,0.08544921875,-0.9765625,-0.20751953125,-1.59912109375,-0.10986328125,-1.07421875,-0.06103515625,0.29296875,-0.10986328125,0.390625,0.0732421875,0,-0.048828125,0.01220703125,-0.0244140625,0.18310546875,-0.13427734375,0.06103515625,0.08544921875,0.8544921875,0.048828125,-0.47607421875,-0.06103515625,-0.5615234375
1,0.32958984375,-0.3662109375,0.03662109375,-0.341796875,-0.1220703125,-0.42724609375,0.0732421875,-0.06103515625,-0.4150390625,-0.048828125,-0.15869140625,-0.89111328125,-0.10986328125,1.11083984375,-0.1220703125,-0.15869140625,-0.03662109375,-0.5615234375,-0.32958984375,-0.1220703125,-0.0244140625,0.89111328125,-0.35400390625,-0.6103515625,0.06103515625,0.0732421875,-0.01220703125,-0.0732421875,-0.09765625,1.35498046875,0.13427734375,0.64697265625,-0.25634765625,0.09765625,-0.40283203125,-0.98876953125,0.146484375,-0.48828125,-0.15869140625,-0.7080078125,-0.06103515625,-0.20751953125,-0.1953125,-0.59814453125,0.10986328125,-0.32958984375,-0.13427734375,0.6591796875,-0.0244140625,1.1474609375,-0.08544921875,0.42724609375,0.15869140625,0.01220703125,0.4638671875,0.68359375,-0.3662109375,4.1015625,0.2685546875,3.11279296875,-0.03662109375,6.591796875,-0.439453125,3.74755859375,-0.13427734375,0.29296875,0.28076171875,1.03759765625,-0.0244140625,0.20751953125,-0.03662109375,0.23193359375,0.18310546875,0.2685546875,0.0244140625,0.830078125,-0.0244140625,-0.048828125,-0.13427734375,1.318359375,-0.048828125,-1.03759765625,0.0732421875,-0.390625,-0.2685546875,-1.01318359375,-0.01220703125,-0.79345703125,-0.0244140625,-1.5625,0.10986328125,-0.3173828125,0.1953125,-0.06103515625,0.09765625,-0.91552734375,-0.13427734375,-0.72021484375,-0.06103515625,-0.72021484375,-0.0244140625,-0.64697265625,-0.0732421875,-0.1708984375,0.0244140625,-0.9033203125,-0.20751953125,-1.5380859375,-0.09765625,-1.03759765625,-0.03662109375,0.35400390625,-0.146484375,0.40283203125,0.09765625,0,-0.06103515625,0.0244140625,-0.01220703125,0.1708984375,-0.1220703125,0.06103515625,0.09765625,0.8544921875,0.03662109375,-0.4638671875,-0.048828125,-0.5615234375
1,0.341796875,-0.35400390625,0.0732421875,-0.3662109375,-0.10986328125,-0.439453125,0.08544921875,-0.0732421875,-0.4150390625,-0.03662109375,-0.18310546875,-0.91552734375,-0.146484375,1.11083984375,-0.09765625,-0.1708984375,0.048828125,-0.54931640625,-0.32958984375,-0.09765625,0.08544921875,0.87890625,-0.3662109375,-0.6103515625,0.0244140625,0.28076171875,-0.09765625,0.3662109375,-0.146484375,1.5869140625,0.08544921875,0.86669921875,-0.18310546875,0.09765625,-0.4150390625,-0.93994140625,0.15869140625,-0.50048828125,-0.1220703125,-0.732421875,-0.15869140625,-0.2197265625,-0.146484375,-0.5615234375,0.09765625,-0.3173828125,-0.10986328125,0.67138671875,-0.03662109375,1.171875,-0.0244140625,0.4150390625,0.1220703125,0.048828125,0.48828125,0.68359375,-0.30517578125,3.8330078125,0.18310546875,2.8564453125,-0.03662109375,6.0302734375,-0.390625,3.41796875,-0.1220703125,0.29296875,0.25634765625,1.025390625,0,0.23193359375,-0.048828125,0.2197265625,0.2197265625,0.2685546875,-0.0732421875,0.84228515625,-0.0244140625,-0.048828125,-0.10986328125,1.318359375,-0.08544921875,-1.025390625,0.06103515625,-0.390625,-0.37841796875,-1.01318359375,0.0244140625,-0.79345703125,0.03662109375,-1.5869140625,0.10986328125,-0.28076171875,0.2197265625,-0.06103515625,0.1708984375,-0.93994140625,-0.09765625,-0.74462890625,-0.09765625,-0.7568359375,-0.03662109375,-0.68359375,-0.048828125,-0.15869140625,0.01220703125,-0.927734375,-0.25634765625,-1.5625,-0.1220703125,-1.06201171875,0,0.3662109375,-0.146484375,0.37841796875,0.09765625,-0.01220703125,-0.0732421875,-0.01220703125,-0.0244140625,0.15869140625,-0.10986328125,0.08544921875,0.09765625,0.830078125,0.0244140625,-0.48828125,-0.06103515625,-0.54931640625
1,0.32958984375,-0.35400390625,0.06103515625,-0.35400390625,-0.08544921875,-0.45166015625,0.0732421875,-0.0732421875,-0.390625,-0.0244140625,-0.20751953125,-0.89111328125,-0.1708984375,1.123046875,-0.0732421875,-0.15869140625,0.03662109375,-0.54931640625,-0.25634765625,-0.1220703125,0.15869140625,0.87890625,-0.35400390625,-0.6103515625,-0.03662109375,0.67138671875,-0.10986328125,1.0498046875,-0.18310546875,2.05078125,0,1.2939453125,-0.23193359375,0.0732421875,-0.341796875,-0.84228515625,0.1708984375,-0.5126953125,-0.08544921875,-0.7568359375,-0.30517578125,-0.23193359375,-0.1953125,-0.52490234375,0.0732421875,-0.3173828125,-0.06103515625,0.62255859375,0,1.18408203125,0,0.42724609375,0,0.06103515625,0.45166015625,0.69580078125,-0.2685546875,3.45458984375,0.146484375,2.50244140625,-0.06103515625,5.2490234375,-0.25634765625,2.99072265625,-0.06103515625,0.3173828125,0.28076171875,1.01318359375,0.06103515625,0.23193359375,-0.06103515625,0.20751953125,0.20751953125,0.2685546875,-0.1708984375,0.87890625,-0.0244140625,-0.06103515625,-0.10986328125,1.318359375,-0.08544921875,-1.03759765625,0.03662109375,-0.37841796875,-0.48828125,-1.025390625,0.08544921875,-0.8056640625,0.01220703125,-1.5625,0.01220703125,-0.23193359375,0.20751953125,-0.06103515625,0.10986328125,-0.96435546875,-0.08544921875,-0.7568359375,-0.1220703125,-0.79345703125,-0.0732421875,-0.67138671875,-0.03662109375,-0.18310546875,0.0732421875,-0.98876953125,-0.25634765625,-1.67236328125,-0.0732421875,-1.11083984375,0.048828125,0.3173828125,-0.18310546875,0.3662109375,0.0732421875,-0.01220703125,-0.06103515625,0.01220703125,0,0.1708984375,-0.08544921875,0.13427734375,0.08544921875,0.84228515625,0.01220703125,-0.50048828125,-0.06103515625,-0.5615234375
1,0.32958984375,-0.35400390625,0.08544921875,-0.3662109375,-0.048828125,-0.4638671875,0.0732421875,-0.08544921875,-0.40283203125,-0.0244140625,-0.2197265625,-0.89111328125,-0.20751953125,1.0986328125,-0.0732421875,-0.1708984375,0.0244140625,-0.5615234375,-0.146484375,-0.1220703125,0.15869140625,0.89111328125,-0.2685546875,-0.62255859375,-0.048828125,1.25732421875,-0.09765625,1.98974609375,-0.09765625,2.734375,-0.01220703125,1.9287109375,-0.3173828125,0.06103515625,-0.28076171875,-0.74462890625,0.146484375,-0.5126953125,-0.0732421875,-0.76904296875,-0.37841796875,-0.244140625,-0.30517578125,-0.50048828125,0.03662109375,-0.28076171875,-0.048828125,0.62255859375,0.0244140625,1.15966796875,0.0244140625,0.42724609375,-0.01220703125,0.03662109375,0.390625,0.68359375,-0.18310546875,2.99072265625,0.1220703125,2.08740234375,-0.03662109375,4.39453125,-0.2197265625,2.50244140625,0,0.29296875,0.23193359375,1.025390625,0.09765625,0.25634765625,-0.1220703125,0.1708984375,0.1708984375,0.244140625,-0.1953125,0.86669921875,-0.01220703125,-0.06103515625,-0.1220703125,1.30615234375,-0.0732421875,-1.03759765625,0,-0.390625,-0.5126953125,-1.025390625,0.1220703125,-0.81787109375,0.01220703125,-1.513671875,-0.048828125,-0.146484375,0.244140625,-0.03662109375,0.0732421875,-0.96435546875,-0.048828125,-0.74462890625,-0.13427734375,-0.830078125,-0.08544921875,-0.6103515625,0.0244140625,-0.18310546875,0.06103515625,-1.0986328125,-0.28076171875,-1.77001953125,-0.146484375,-1.18408203125,0,0.23193359375,-0.15869140625,0.3662109375,0.048828125,0,-0.0732421875,0,0.01220703125,0.1708984375,-0.06103515625,0.1708984375,0.09765625,0.84228515625,0,-0.5126953125,-0.0732421875,-0.5615234375
1,0.29296875,-0.3662109375,0.08544921875,-0.3662109375,-0.048828125,-0.45166015625,0.08544921875,-0.08544921875,-0.3662109375,-0.01220703125,-0.20751953125,-0.91552734375,-0.1953125,1.08642578125,-0.0732421875,-0.146484375,-0.0244140625,-0.5615234375,-0.03662109375,-0.1220703125,0.09765625,0.87890625,-0.146484375,-0.59814453125,-0.146484375,1.94091796875,-0.244140625,3.08837890625,-0.03662109375,3.6376953125,-0.08544921875,2.69775390625,-0.4150390625,0.03662109375,-0.15869140625,-0.68359375,0.09765625,-0.50048828125,-0.09765625,-0.81787109375,-0.390625,-0.244140625,-0.40283203125,-0.4638671875,-0.0732421875,-0.3173828125,-0.06103515625,0.6103515625,0.06103515625,1.1474609375,0.048828125,0.45166015625,-0.1220703125,0.0244140625,0.3173828125,0.69580078125,-0.1953125,2.47802734375,0.146484375,1.6357421875,0,3.4912109375,-0.18310546875,1.98974609375,0.08544921875,0.2685546875,0.1953125,1.01318359375,0.09765625,0.244140625,-0.146484375,0.15869140625,0.15869140625,0.23193359375,-0.23193359375,0.86669921875,0.01220703125,-0.03662109375,-0.1220703125,1.28173828125,-0.08544921875,-1.06201171875,-0.048828125,-0.40283203125,-0.48828125,-1.03759765625,0.09765625,-0.8056640625,-0.01220703125,-1.46484375,-0.048828125,-0.0732421875,0.23193359375,-0.0244140625,-0.03662109375,-0.93994140625,0.0244140625,-0.732421875,-0.1708984375,-0.8544921875,-0.09765625,-0.5615234375,0.0244140625,-0.1953125,0,-1.171875,-0.3662109375,-1.86767578125,-0.146484375,-1.220703125,0,0.1708984375,-0.18310546875,0.3662109375,0.0244140625,0,-0.06103515625,-0.01220703125,0.0244140625,0.15869140625,-0.0732421875,0.18310546875,0.06103515625,0.8544921875,0,-0.5126953125,-0.09765625,-0.537109375
1,0.30517578125,-0.3662109375,0.08544921875,-0.35400390625,-0.048828125,-0.4638671875,0.09765625,-0.0732421875,-0.37841796875,-0.0244140625,-0.20751953125,-0.9033203125,-0.1953125,1.08642578125,-0.08544921875,-0.146484375,-0.06103515625,-0.5859375,0.08544921875,-0.146484375,0,0.89111328125,0,-0.59814453125,-0.1953125,2.7099609375,-0.1708984375,4.28466796875,0.048828125,4.60205078125,-0.08544921875,3.55224609375,-0.4638671875,0.01220703125,-0.0244140625,-0.64697265625,0.06103515625,-0.50048828125,-0.10986328125,-0.84228515625,-0.40283203125,-0.23193359375,-0.50048828125,-0.47607421875,-0.15869140625,-0.35400390625,-0.0732421875,0.59814453125,0.09765625,1.123046875,0.08544921875,0.45166015625,-0.18310546875,0,0.20751953125,0.7080078125,-0.20751953125,1.98974609375,0.18310546875,1.18408203125,0.1220703125,2.64892578125,-0.13427734375,1.47705078125,0.10986328125,0.23193359375,0.146484375,1.01318359375,0.09765625,0.23193359375,-0.1708984375,0.13427734375,0.15869140625,0.20751953125,-0.25634765625,0.87890625,0.0244140625,-0.0244140625,-0.146484375,1.28173828125,-0.06103515625,-1.06201171875,-0.06103515625,-0.40283203125,-0.439453125,-1.06201171875,0.0732421875,-0.79345703125,-0.0732421875,-1.416015625,-0.0732421875,0,0.1708984375,-0.03662109375,-0.08544921875,-0.93994140625,0.0244140625,-0.7080078125,-0.18310546875,-0.8544921875,-0.10986328125,-0.5126953125,-0.01220703125,-0.18310546875,0.0732421875,-1.20849609375,-0.23193359375,-1.904296875,-0.0732421875,-1.25732421875,0.09765625,0.13427734375,-0.1953125,0.35400390625,0.03662109375,0.01220703125,-0.06103515625,-0.0244140625,0.06103515625,0.1953125,-0.08544921875,0.1708984375,0.06103515625,0.8544921875,0,-0.5126953125,-0.10986328125,-0.5615234375
1,0.3173828125,-0.390625,0.06103515625,-0.37841796875,-0.0244140625,-0.42724609375,0.0732421875,-0.0732421875,-0.40283203125,-0.01220703125,-0.18310546875,-0.9033203125,-0.1708984375,1.07421875,-0.06103515625,-0.146484375,-0.0732421875,-0.59814453125,0.20751953125,-0.13427734375,-0.08544921875,0.87890625,0.15869140625,-0.5859375,-0.146484375,3.43017578125,-0.1220703125,5.45654296875,0.1220703125,5.57861328125,-0.08544921875,4.38232421875,-0.4638671875,-0.06103515625,0.06103515625,-0.6591796875,0.06103515625,-0.5126953125,-0.10986328125,-0.86669921875,-0.3662109375,-0.23193359375,-0.62255859375,-0.5126953125,-0.1953125,-0.40283203125,-0.0732421875,0.5859375,0.1953125,1.11083984375,0.08544921875,0.48828125,-0.23193359375,-0.048828125,0.1708984375,0.72021484375,-0.25634765625,1.47705078125,0.23193359375,0.78125,0.1708984375,1.89208984375,-0.13427734375,0.9765625,0.1220703125,0.23193359375,0.09765625,1.025390625,0.06103515625,0.20751953125,-0.20751953125,0.1220703125,0.08544921875,0.18310546875,-0.28076171875,0.87890625,0.048828125,-0.01220703125,-0.13427734375,1.2939453125,-0.08544921875,-1.025390625,-0.048828125,-0.4150390625,-0.29296875,-1.025390625,0.03662109375,-0.81787109375,-0.1220703125,-1.3916015625,-0.0732421875,0.06103515625,0.0732421875,-0.01220703125,-0.08544921875,-0.93994140625,0.048828125,-0.67138671875,-0.1953125,-0.86669921875,-0.06103515625,-0.48828125,-0.048828125,-0.1953125,0.0732421875,-1.18408203125,-0.2197265625,-1.91650390625,-0.09765625,-1.2451171875,0.06103515625,0.146484375,-0.20751953125,0.3662109375,0.01220703125,0.01220703125,-0.048828125,-0.01220703125,0.06103515625,0.1953125,-0.09765625,0.15869140625,0.0732421875,0.830078125,0.0244140625,-0.5126953125,-0.10986328125,-0.54931640625
1,0.30517578125,-0.3662109375,0.06103515625,-0.390625,-0.03662109375,-0.42724609375,0.06103515625,-0.08544921875,-0.45166015625,-0.048828125,-0.1708984375,-0.91552734375,-0.146484375,1.07421875,-0.03662109375,-0.146484375,-0.06103515625,-0.5859375,0.2685546875,-0.1220703125,-0.15869140625,0.9033203125,0.2685546875,-0.57373046875,-0.06103515625,4.1015625,-0.10986328125,6.5185546875,0.15869140625,6.43310546875,-0.048828125,5.11474609375,-0.439453125,-0.09765625,0.048828125,-0.72021484375,0.03662109375,-0.48828125,-0.1708984375,-0.86669921875,-0.30517578125,-0.244140625,-0.7080078125,-0.54931640625,-0.23193359375,-0.390625,-0.09765625,0.5859375,0.2685546875,1.0986328125,0.1220703125,0.4638671875,-0.32958984375,-0.09765625,0.1220703125,0.72021484375,-0.3173828125,1.025390625,0.13427734375,0.439453125,0.1953125,1.25732421875,-0.1220703125,0.537109375,0.146484375,0.2197265625,0.0244140625,1.03759765625,0.01220703125,0.18310546875,-0.2197265625,0.1220703125,0,0.1708984375,-0.29296875,0.86669921875,0.0732421875,0,-0.1708984375,1.2939453125,-0.09765625,-1.025390625,-0.048828125,-0.42724609375,-0.1708984375,-1.03759765625,0.0244140625,-0.8056640625,-0.18310546875,-1.35498046875,-0.0732421875,0.10986328125,-0.01220703125,-0.01220703125,-0.0732421875,-0.91552734375,0.03662109375,-0.6591796875,-0.1953125,-0.84228515625,-0.048828125,-0.50048828125,-0.1220703125,-0.1953125,0.01220703125,-1.11083984375,-0.244140625,-1.8798828125,-0.08544921875,-1.15966796875,-0.01220703125,0.2197265625,-0.20751953125,0.35400390625,0.01220703125,0,-0.06103515625,0,0.0732421875,0.1953125,-0.1220703125,0.08544921875,0.0732421875,0.84228515625,0.01220703125,-0.50048828125,-0.10986328125,-0.57373046875
1,0.30517578125,-0.3662109375,0.0732421875,-0.390625,-0.03662109375,-0.40283203125,0.048828125,-0.09765625,-0.48828125,-0.06103515625,-0.1708984375,-0.91552734375,-0.13427734375,1.0986328125,0,-0.18310546875,-0.06103515625,-0.5859375,0.23193359375,-0.10986328125,-0.1708984375,0.9033203125,0.244140625,-0.5859375,0,4.6142578125,-0.15869140625,7.373046875,0.1953125,7.1044921875,-0.01220703125,5.65185546875,-0.341796875,-0.1220703125,-0.0732421875,-0.8056640625,0.0732421875,-0.48828125,-0.20751953125,-0.84228515625,-0.3173828125,-0.23193359375,-0.74462890625,-0.6103515625,-0.23193359375,-0.4150390625,-0.18310546875,0.59814453125,0.341796875,1.08642578125,0.1220703125,0.47607421875,-0.32958984375,-0.13427734375,0.048828125,0.72021484375,-0.3173828125,0.67138671875,0.146484375,0.15869140625,0.2685546875,0.76904296875,-0.2197265625,0.18310546875,0.146484375,0.1953125,-0.048828125,1.03759765625,-0.06103515625,0.1708984375,-0.244140625,0.13427734375,-0.048828125,0.1708984375,-0.29296875,0.86669921875,0.09765625,0.01220703125,-0.2197265625,1.2939453125,-0.10986328125,-0.98876953125,-0.01220703125,-0.4150390625,-0.03662109375,-1.01318359375,0.0244140625,-0.8056640625,-0.15869140625,-1.318359375,-0.03662109375,0.13427734375,-0.06103515625,0.01220703125,-0.01220703125,-0.8544921875,-0.01220703125,-0.64697265625,-0.1708984375,-0.830078125,-0.0244140625,-0.5126953125,-0.1953125,-0.18310546875,0.0732421875,-0.96435546875,-0.09765625,-1.7333984375,-0.01220703125,-1.06201171875,0,0.341796875,-0.2197265625,0.3662109375,0.03662109375,0,-0.048828125,-0.0244140625,0.0732421875,0.1953125,-0.15869140625,0.0244140625,0.06103515625,0.84228515625,0,-0.48828125,-0.09765625,-0.57373046875
1,0.2685546875,-0.3662109375,0.0732421875,-0.390625,-0.0244140625,-0.4150390625,0.0244140625,-0.08544921875,-0.42724609375,-0.048828125,-0.1708984375,-0.91552734375,-0.09765625,1.0986328125,-0.01220703125,-0.20751953125,-0.048828125,-0.5859375,0.15869140625,-0.10986328125,-0.15869140625,0.91552734375,0.18310546875,-0.5859375,0.0732421875,4.9560546875,-0.25634765625,7.9345703125,0.1708984375,7.5439453125,0.048828125,6.005859375,-0.244140625,-0.20751953125,-0.244140625,-0.9033203125,0.08544921875,-0.4638671875,-0.20751953125,-0.8056640625,-0.341796875,-0.20751953125,-0.72021484375,-0.68359375,-0.18310546875,-0.40283203125,-0.25634765625,0.6103515625,0.3662109375,1.11083984375,0.13427734375,0.45166015625,-0.3662109375,-0.18310546875,0,0.72021484375,-0.29296875,0.3662109375,0.09765625,-0.01220703125,0.2685546875,0.40283203125,-0.28076171875,-0.08544921875,0.15869140625,0.2197265625,-0.09765625,1.025390625,-0.15869140625,0.15869140625,-0.25634765625,0.146484375,-0.08544921875,0.20751953125,-0.25634765625,0.86669921875,0.09765625,0,-0.18310546875,1.2939453125,-0.09765625,-0.9765625,-0.0244140625,-0.4150390625,0.03662109375,-1.0009765625,0.0244140625,-0.79345703125,-0.1708984375,-1.30615234375,-0.03662109375,0.15869140625,-0.10986328125,0.048828125,0.03662109375,-0.78125,0.01220703125,-0.64697265625,-0.15869140625,-0.78125,-0.01220703125,-0.54931640625,-0.244140625,-0.1953125,-0.01220703125,-0.78125,-0.15869140625,-1.55029296875,-0.048828125,-0.9033203125,-0.09765625,0.537109375,-0.23193359375,0.37841796875,0.0244140625,-0.0244140625,-0.06103515625,-0.01220703125,0.06103515625,0.1953125,-0.146484375,-0.06103515625,0.0732421875,0.8544921875,0,-0.4638671875,-0.0732421875,-0.57373046875
1,0.25634765625,-0.3662109375,0.0732421875,-0.37841796875,-0.048828125,-0.40283203125,0.01220703125,-0.06103515625,-0.45166015625,-0.03662109375,-0.1708984375,-0.91552734375,-0.0732421875,1.0986328125,0.01220703125,-0.1953125,-0.0244140625,-0.5615234375,0.06103515625,-0.10986328125,-0.146484375,0.91552734375,0.048828125,-0.5859375,0.18310546875,5.1025390625,-0.20751953125,8.2275390625,0.1708984375,7.72705078125,0.1953125,6.16455078125,-0.1708984375,-0.244140625,-0.40283203125,-0.9765625,0.09765625,-0.4638671875,-0.1708984375,-0.78125,-0.390625,-0.20751953125,-0.68359375,-0.732421875,-0.15869140625,-0.390625,-0.3173828125,0.634765625,0.341796875,1.13525390625,0.146484375,0.439453125,-0.37841796875,-0.20751953125,-0.0732421875,0.732421875,-0.23193359375,0.15869140625,0.03662109375,-0.09765625,0.1953125,0.146484375,-0.30517578125,-0.29296875,0.1708984375,0.2197265625,-0.1708984375,1.01318359375,-0.2197265625,0.1708984375,-0.23193359375,0.18310546875,-0.146484375,0.2197265625,-0.2197265625,0.86669921875,0.1220703125,0,-0.146484375,1.318359375,-0.06103515625,-0.96435546875,0,-0.390625,0.10986328125,-1.0009765625,0.06103515625,-0.76904296875,-0.18310546875,-1.25732421875,-0.048828125,0.18310546875,-0.10986328125,0.10986328125,0.06103515625,-0.6591796875,-0.048828125,-0.64697265625,-0.15869140625,-0.78125,-0.03662109375,-0.59814453125,-0.3173828125,-0.1708984375,-0.048828125,-0.54931640625,-0.09765625,-1.3427734375,-0.048828125,-0.74462890625,-0.146484375,0.76904296875,-0.2197265625,0.35400390625,0.03662109375,-0.01220703125,-0.0732421875,-0.01220703125,0.048828125,0.1708984375,-0.13427734375,-0.1220703125,0.10986328125,0.81787109375,-0.01220703125,-0.4638671875,-0.048828125,-0.5615234375
1,0.23193359375,-0.3662109375,0.08544921875,-0.37841796875,-0.06103515625,-0.40283203125,0.03662109375,-0.06103515625,-0.4150390625,-0.048828125,-0.20751953125,-0.9033203125,-0.0732421875,1.08642578125,0,-0.1708984375,0.0244140625,-0.5615234375,-0.048828125,-0.1220703125,-0.15869140625,0.927734375,-0.10986328125,-0.5615234375,0.25634765625,5.078125,-0.20751953125,8.251953125,0.1708984375,7.666015625,0.2685546875,6.1279296875,-0.146484375,-0.30517578125,-0.40283203125,-1.025390625,0.0732421875,-0.47607421875,-0.146484375,-0.74462890625,-0.4150390625,-0.20751953125,-0.64697265625,-0.79345703125,-0.13427734375,-0.35400390625,-0.30517578125,0.62255859375,0.3173828125,1.15966796875,0.18310546875,0.42724609375,-0.37841796875,-0.23193359375,-0.03662109375,0.72021484375,-0.18310546875,0.03662109375,0.08544921875,-0.1220703125,0.23193359375,0,-0.40283203125,-0.4150390625,0.13427734375,0.25634765625,-0.20751953125,1.03759765625,-0.28076171875,0.18310546875,-0.18310546875,0.1953125,-0.20751953125,0.2197265625,-0.2197265625,0.9033203125,0.09765625,0.01220703125,-0.0732421875,1.318359375,0.01220703125,-0.9765625,-0.01220703125,-0.390625,0.1220703125,-1.01318359375,0.08544921875,-0.76904296875,-0.18310546875,-1.2451171875,-0.048828125,0.1953125,-0.09765625,0.18310546875,0.0732421875,-0.5859375,-0.048828125,-0.67138671875,-0.146484375,-0.7568359375,-0.048828125,-0.64697265625,-0.341796875,-0.1708984375,0.048828125,-0.32958984375,0.0244140625,-1.08642578125,-0.01220703125,-0.54931640625,-0.06103515625,0.98876953125,-0.1953125,0.37841796875,0.03662109375,0,-0.048828125,0,0.0732421875,0.18310546875,-0.10986328125,-0.13427734375,0.10986328125,0.84228515625,-0.03662109375,-0.4638671875,-0.0244140625,-0.54931640625
0,0.20751953125,-0.35400390625,0.09765625,-0.37841796875,-0.0732421875,-0.4150390625,0.06103515625,-0.03662109375,-0.4150390625,-0.06103515625,-0.1953125,-0.87890625,-0.048828125,1.0986328125,0,-0.1708984375,0.09765625,-0.5615234375,-0.1220703125,-0.10986328125,-0.18310546875,0.927734375,-0.23193359375,-0.5859375,0.30517578125,4.91943359375,-0.2685546875,8.04443359375,0.1708984375,7.470703125,0.3662109375,5.9326171875,-0.1953125,-0.3173828125,-0.3662109375,-1.03759765625,0.0732421875,-0.47607421875,-0.13427734375,-0.72021484375,-0.40283203125,-0.20751953125,-0.537109375,-0.8056640625,-0.1220703125,-0.3662109375,-0.2685546875,0.634765625,0.29296875,1.18408203125,0.15869140625,0.4150390625,-0.3662109375,-0.23193359375,-0.0732421875,0.72021484375,-0.09765625,-0.0244140625,0,-0.09765625,0.23193359375,-0.08544921875,-0.42724609375,-0.47607421875,0.08544921875,0.30517578125,-0.244140625,1.03759765625,-0.3173828125,0.20751953125,-0.15869140625,0.20751953125,-0.28076171875,0.244140625,-0.15869140625,0.9033203125,0.08544921875,-0.01220703125,0.048828125,1.30615234375,0.0732421875,-0.96435546875,-0.01220703125,-0.390625,0.08544921875,-0.98876953125,0.10986328125,-0.76904296875,-0.18310546875,-1.220703125,0.06103515625,0.1708984375,-0.048828125,0.2197265625,0.06103515625,-0.48828125,-0.03662109375,-0.67138671875,-0.10986328125,-0.7568359375,-0.08544921875,-0.69580078125,-0.3173828125,-0.1953125,0.01220703125,-0.10986328125,-0.0732421875,-0.8544921875,-0.08544921875,-0.40283203125,-0.0732421875,1.220703125,-0.20751953125,0.37841796875,0.0244140625,0,-0.06103515625,-0.01220703125,0.0732421875,0.18310546875,-0.10986328125,-0.146484375,0.08544921875,0.8544921875,-0.0244140625,-0.4638671875,0.01220703125,-0.5615234375
0,0.1953125,-0.3662109375,0.09765625,-0.341796875,-0.09765625,-0.4150390625,0.03662109375,-0.048828125,-0.42724609375,-0.03662109375,-0.20751953125,-0.89111328125,-0.06103515625,1.0986328125,0,-0.1708984375,0.1220703125,-0.5615234375,-0.15869140625,-0.10986328125,-0.2685546875,0.9033203125,-0.25634765625,-0.6103515625,0.25634765625,4.67529296875,-0.3173828125,7.666015625,0.1953125,7.1533203125,0.3173828125,5.6640625,-0.28076171875,-0.37841796875,-0.35400390625,-1.01318359375,0.08544921875,-0.47607421875,-0.09765625,-0.72021484375,-0.3662109375,-0.20751953125,-0.537109375,-0.830078125,-0.1220703125,-0.3662109375,-0.2197265625,0.62255859375,0.25634765625,1.18408203125,0.146484375,0.439453125,-0.29296875,-0.20751953125,-0.06103515625,0.732421875,-0.048828125,-0.06103515625,-0.0732421875,-0.048828125,0.15869140625,-0.09765625,-0.47607421875,-0.48828125,0.0732421875,0.3662109375,-0.244140625,1.01318359375,-0.341796875,0.2197265625,-0.10986328125,0.2197265625,-0.30517578125,0.244140625,-0.1708984375,0.91552734375,0.0732421875,0,0.13427734375,1.2939453125,0.10986328125,-0.96435546875,-0.0244140625,-0.341796875,0.048828125,-0.98876953125,0.13427734375,-0.7568359375,-0.1220703125,-1.1962890625,0.09765625,0.13427734375,-0.01220703125,0.244140625,0.048828125,-0.42724609375,-0.08544921875,-0.68359375,-0.06103515625,-0.78125,-0.13427734375,-0.67138671875,-0.30517578125,-0.18310546875,0.03662109375,0.10986328125,-0.08544921875,-0.67138671875,-0.1220703125,-0.25634765625,-0.01220703125,1.4404296875,-0.23193359375,0.37841796875,0.03662109375,-0.01220703125,-0.0732421875,-0.03662109375,0.09765625,0.18310546875,-0.0732421875,-0.1220703125,0.06103515625,0.86669921875,-0.03662109375,-0.47607421875,0,-0.5615234375
0,0.1953125,-0.3662109375,0.1220703125,-0.341796875,-0.08544921875,-0.4150390625,0.01220703125,-0.06103515625,-0.45166015625,-0.03662109375,-0.20751953125,-0.86669921875,-0.048828125,1.08642578125,0.01220703125,-0.15869140625,0.09765625,-0.537109375,-0.13427734375,-0.09765625,-0.341796875,0.89111328125,-0.2197265625,-0.62255859375,0.1708984375,4.39453125,-0.3173828125,7.2021484375,0.20751953125,6.79931640625,0.244140625,5.3466796875,-0.40283203125,-0.37841796875,-0.30517578125,-0.9521484375,0.08544921875,-0.48828125,-0.048828125,-0.732421875,-0.30517578125,-0.23193359375,-0.54931640625,-0.79345703125,-0.10986328125,-0.3662109375,-0.13427734375,0.634765625,0.20751953125,1.171875,0.1220703125,0.42724609375,-0.23193359375,-0.1708984375,-0.03662109375,0.72021484375,-0.03662109375,-0.0244140625,-0.15869140625,0,0.03662109375,-0.1220703125,-0.537109375,-0.48828125,0.03662109375,0.35400390625,-0.23193359375,1.025390625,-0.3173828125,0.244140625,-0.1220703125,0.1953125,-0.32958984375,0.25634765625,-0.146484375,0.91552734375,0.09765625,-0.01220703125,0.1953125,1.28173828125,0.1220703125,-0.9765625,-0.01220703125,-0.3662109375,0.03662109375,-0.98876953125,0.13427734375,-0.76904296875,-0.03662109375,-1.20849609375,0.06103515625,0.06103515625,0.0244140625,0.25634765625,0.01220703125,-0.439453125,-0.09765625,-0.72021484375,0.01220703125,-0.79345703125,-0.15869140625,-0.6591796875,-0.244140625,-0.18310546875,0.10986328125,0.20751953125,-0.15869140625,-0.52490234375,-0.1708984375,-0.146484375,0.048828125,1.5869140625,-0.25634765625,0.40283203125,0.0244140625,0.01220703125,-0.06103515625,-0.01220703125,0.0732421875,0.18310546875,-0.0244140625,-0.048828125,0.048828125,0.86669921875,0,-0.50048828125,0,-0.5615234375
0,0.146484375,-0.37841796875,0.1220703125,-0.3662109375,-0.06103515625,-0.4150390625,0,-0.0732421875,-0.48828125,-0.03662109375,-0.20751953125,-0.86669921875,-0.0732421875,1.0986328125,-0.01220703125,-0.13427734375,0.01220703125,-0.54931640625,-0.06103515625,-0.09765625,-0.4150390625,0.87890625,-0.10986328125,-0.6103515625,0.048828125,4.13818359375,-0.341796875,6.73828125,0.1708984375,6.48193359375,0.15869140625,5.0537109375,-0.52490234375,-0.35400390625,-0.20751953125,-0.84228515625,0.09765625,-0.48828125,-0.01220703125,-0.7568359375,-0.23193359375,-0.23193359375,-0.62255859375,-0.74462890625,-0.1220703125,-0.3662109375,-0.048828125,0.64697265625,0.18310546875,1.171875,0.10986328125,0.439453125,-0.15869140625,-0.15869140625,-0.0244140625,0.72021484375,0.01220703125,0.01220703125,-0.2197265625,0.048828125,-0.01220703125,-0.1220703125,-0.5126953125,-0.439453125,0,0.341796875,-0.2685546875,1.01318359375,-0.28076171875,0.244140625,-0.13427734375,0.18310546875,-0.32958984375,0.23193359375,-0.09765625,0.927734375,0.13427734375,0,0.23193359375,1.26953125,0.13427734375,-0.98876953125,0.01220703125,-0.3662109375,0,-0.98876953125,0.13427734375,-0.76904296875,-0.01220703125,-1.25732421875,0.0732421875,-0.048828125,0.0244140625,0.20751953125,0,-0.52490234375,-0.146484375,-0.72021484375,0.048828125,-0.84228515625,-0.20751953125,-0.634765625,-0.146484375,-0.1953125,0.10986328125,0.28076171875,-0.1953125,-0.439453125,-0.1953125,-0.0732421875,0.08544921875,1.6845703125,-0.2685546875,0.390625,0,0,-0.0732421875,-0.01220703125,0.10986328125,0.1953125,-0.01220703125,0.048828125,0.03662109375,0.86669921875,0.0244140625,-0.48828125,-0.03662109375,-0.57373046875
0,0.1220703125,-0.390625,0.146484375,-0.390625,-0.048828125,-0.4150390625,-0.0244140625,-0.09765625,-0.4638671875,-0.01220703125,-0.2197265625,-0.86669921875,-0.08544921875,1.0986328125,-0.03662109375,-0.15869140625,-0.06103515625,-0.57373046875,-0.03662109375,-0.1220703125,-0.48828125,0.86669921875,0,-0.6103515625,-0.146484375,3.89404296875,-0.40283203125,6.28662109375,0.048828125,6.21337890625,-0.01220703125,4.8095703125,-0.57373046875,-0.3173828125,-0.048828125,-0.76904296875,0.08544921875,-0.47607421875,0.0244140625,-0.76904296875,-0.18310546875,-0.2197265625,-0.74462890625,-0.69580078125,-0.146484375,-0.37841796875,-0.0244140625,0.62255859375,0.15869140625,1.15966796875,0.08544921875,0.439453125,0,-0.146484375,0.048828125,0.69580078125,0.048828125,0.048828125,-0.18310546875,0.06103515625,-0.03662109375,-0.09765625,-0.5859375,-0.40283203125,-0.048828125,0.30517578125,-0.2197265625,1.0009765625,-0.244140625,0.2685546875,-0.15869140625,0.1708984375,-0.29296875,0.2197265625,-0.048828125,0.927734375,0.15869140625,-0.01220703125,0.23193359375,1.25732421875,0.10986328125,-1.0009765625,0.01220703125,-0.3662109375,-0.01220703125,-0.9765625,0.1220703125,-0.78125,0.048828125,-1.3427734375,0.13427734375,-0.146484375,0.01220703125,0.0732421875,0,-0.67138671875,-0.20751953125,-0.7080078125,0.0732421875,-0.8544921875,-0.25634765625,-0.5859375,-0.06103515625,-0.18310546875,0.146484375,0.29296875,-0.20751953125,-0.439453125,-0.244140625,-0.048828125,0.09765625,1.69677734375,-0.2685546875,0.40283203125,0.01220703125,0,-0.06103515625,-0.0244140625,0.13427734375,0.1708984375,-0.01220703125,0.15869140625,0.048828125,0.84228515625,0.03662109375,-0.5126953125,-0.0244140625,-0.54931640625
0,0.1220703125,-0.390625,0.1220703125,-0.37841796875,-0.048828125,-0.4150390625,0,-0.10986328125,-0.47607421875,0.01220703125,-0.1953125,-0.87890625,-0.10986328125,1.0986328125,-0.048828125,-0.13427734375,-0.1220703125,-0.57373046875,0.048828125,-0.10986328125,-0.50048828125,0.86669921875,0.048828125,-0.62255859375,-0.23193359375,3.72314453125,-0.341796875,5.908203125,0.03662109375,5.99365234375,-0.03662109375,4.62646484375,-0.62255859375,-0.23193359375,0.0244140625,-0.7080078125,0.09765625,-0.4638671875,0.08544921875,-0.8056640625,-0.146484375,-0.244140625,-0.74462890625,-0.634765625,-0.08544921875,-0.37841796875,0,0.62255859375,0.146484375,1.13525390625,0.08544921875,0.4638671875,0.03662109375,-0.13427734375,0.13427734375,0.69580078125,0.048828125,0.09765625,-0.1953125,0.0732421875,-0.08544921875,-0.08544921875,-0.6103515625,-0.3662109375,-0.08544921875,0.2685546875,-0.2197265625,0.98876953125,-0.1953125,0.2685546875,-0.23193359375,0.15869140625,-0.2685546875,0.20751953125,0,0.927734375,0.146484375,-0.01220703125,0.244140625,1.28173828125,0.0732421875,-1.01318359375,0.0244140625,-0.390625,-0.03662109375,-0.9765625,0.0732421875,-0.78125,0.0244140625,-1.4404296875,0.10986328125,-0.244140625,-0.08544921875,-0.08544921875,-0.03662109375,-0.84228515625,-0.18310546875,-0.7080078125,0.09765625,-0.8544921875,-0.32958984375,-0.537109375,0.03662109375,-0.18310546875,0.13427734375,0.25634765625,-0.1953125,-0.5126953125,-0.23193359375,-0.1220703125,0.09765625,1.67236328125,-0.23193359375,0.37841796875,-0.03662109375,-0.0244140625,-0.0732421875,0,0.1220703125,0.1953125,0,0.28076171875,0.06103515625,0.8544921875,0.03662109375,-0.48828125,-0.048828125,-0.5615234375
0,0.13427734375,-0.390625,0.15869140625,-0.390625,-0.06103515625,-0.4150390625,0.01220703125,-0.10986328125,-0.4638671875,0.0244140625,-0.1953125,-0.89111328125,-0.13427734375,1.08642578125,-0.08544921875,-0.146484375,-0.10986328125,-0.57373046875,0.09765625,-0.10986328125,-0.5126953125,0.86669921875,0.09765625,-0.5859375,-0.32958984375,3.57666015625,-0.439453125,5.6396484375,-0.03662109375,5.84716796875,-0.09765625,4.4677734375,-0.537109375,-0.15869140625,0.048828125,-0.69580078125,0.08544921875,-0.42724609375,0.10986328125,-0.8056640625,-0.1220703125,-0.23193359375,-0.7568359375,-0.62255859375,-0.0244140625,-0.390625,0,0.62255859375,0.10986328125,1.11083984375,0.06103515625,0.45166015625,0.10986328125,-0.15869140625,0.1708984375,0.68359375,0.0244140625,0.0732421875,-0.1708984375,0.06103515625,-0.0732421875,-0.048828125,-0.68359375,-0.341796875,-0.13427734375,0.1953125,-0.2197265625,0.98876953125,-0.146484375,0.244140625,-0.244140625,0.13427734375,-0.25634765625,0.18310546875,0.06103515625,0.9033203125,0.1708984375,-0.01220703125,0.23193359375,1.26953125,0.0244140625,-1.01318359375,0.048828125,-0.37841796875,-0.0732421875,-0.9521484375,0,-0.8056640625,0.01220703125,-1.513671875,0.146484375,-0.30517578125,-0.1708984375,-0.1953125,0.01220703125,-1.01318359375,-0.18310546875,-0.69580078125,0.08544921875,-0.84228515625,-0.32958984375,-0.5126953125,0.06103515625,-0.18310546875,0.10986328125,0.18310546875,-0.13427734375,-0.634765625,-0.20751953125,-0.18310546875,0.06103515625,1.57470703125,-0.2197265625,0.3662109375,-0.03662109375,-0.0244140625,-0.06103515625,0.01220703125,0.1220703125,0.1953125,-0.03662109375,0.390625,0.08544921875,0.830078125,0.0732421875,-0.47607421875,-0.048828125,-0.57373046875
0,0.1220703125,-0.390625,0.1708984375,-0.37841796875,-0.048828125,-0.40283203125,-0.0244140625,-0.10986328125,-0.4150390625,0.03662109375,-0.1953125,-0.91552734375,-0.18310546875,1.0986328125,-0.08544921875,-0.146484375,-0.03662109375,-0.5859375,0.13427734375,-0.09765625,-0.439453125,0.86669921875,0.09765625,-0.59814453125,-0.4150390625,3.466796875,-0.50048828125,5.419921875,-0.09765625,5.70068359375,-0.09765625,4.35791015625,-0.35400390625,-0.0732421875,0.06103515625,-0.7080078125,0.09765625,-0.439453125,0.09765625,-0.81787109375,-0.146484375,-0.2197265625,-0.79345703125,-0.57373046875,0.01220703125,-0.42724609375,-0.0244140625,0.57373046875,0.1220703125,1.123046875,0.01220703125,0.47607421875,0.08544921875,-0.15869140625,0.28076171875,0.69580078125,-0.03662109375,0.10986328125,-0.20751953125,0.03662109375,-0.09765625,-0.03662109375,-0.68359375,-0.3173828125,-0.146484375,0.146484375,-0.1708984375,1.0009765625,-0.13427734375,0.20751953125,-0.244140625,0.146484375,-0.244140625,0.18310546875,0.0732421875,0.9033203125,0.146484375,-0.01220703125,0.20751953125,1.2939453125,-0.03662109375,-1.025390625,0.10986328125,-0.40283203125,-0.0732421875,-0.96435546875,-0.06103515625,-0.79345703125,-0.06103515625,-1.5869140625,0.1220703125,-0.29296875,-0.30517578125,-0.29296875,-0.01220703125,-1.11083984375,-0.146484375,-0.68359375,0.0244140625,-0.830078125,-0.30517578125,-0.50048828125,0.0244140625,-0.1953125,0.10986328125,0.0732421875,-0.06103515625,-0.76904296875,-0.15869140625,-0.30517578125,0.03662109375,1.47705078125,-0.2197265625,0.3662109375,-0.0244140625,-0.01220703125,-0.0732421875,0,0.09765625,0.1953125,-0.06103515625,0.48828125,0.1220703125,0.830078125,0.06103515625,-0.4638671875,-0.048828125,-0.57373046875
0,0.09765625,-0.390625,0.18310546875,-0.3662109375,-0.0244140625,-0.4150390625,-0.03662109375,-0.08544921875,-0.4150390625,0.06103515625,-0.1953125,-0.9033203125,-0.1953125,1.0986328125,-0.0732421875,-0.1220703125,0.048828125,-0.57373046875,0.146484375,-0.1220703125,-0.3173828125,0.9033203125,0,-0.5859375,-0.45166015625,3.35693359375,-0.52490234375,5.224609375,-0.10986328125,5.57861328125,-0.06103515625,4.23583984375,-0.1953125,0.0244140625,0.08544921875,-0.78125,0.08544921875,-0.42724609375,0.0244140625,-0.8056640625,-0.20751953125,-0.23193359375,-0.74462890625,-0.54931640625,0.01220703125,-0.4150390625,-0.06103515625,0.5859375,0.10986328125,1.123046875,-0.01220703125,0.45166015625,0.15869140625,-0.20751953125,0.37841796875,0.68359375,-0.048828125,0.10986328125,-0.1953125,0.01220703125,-0.1708984375,0.03662109375,-0.7080078125,-0.30517578125,-0.1220703125,0.10986328125,-0.09765625,1.01318359375,-0.1220703125,0.1953125,-0.1953125,0.15869140625,-0.2685546875,0.1708984375,0.13427734375,0.89111328125,0.09765625,0,0.1220703125,1.2939453125,-0.0732421875,-1.01318359375,0.146484375,-0.390625,-0.13427734375,-0.9521484375,-0.08544921875,-0.81787109375,-0.09765625,-1.5869140625,0.13427734375,-0.146484375,-0.35400390625,-0.29296875,0.06103515625,-1.11083984375,-0.1220703125,-0.69580078125,-0.03662109375,-0.8056640625,-0.30517578125,-0.52490234375,-0.01220703125,-0.18310546875,0.0732421875,-0.01220703125,0.06103515625,-0.927734375,-0.10986328125,-0.3662109375,-0.0244140625,1.3427734375,-0.1953125,0.37841796875,0,-0.03662109375,-0.06103515625,-0.0244140625,0.09765625,0.18310546875,-0.08544921875,0.5615234375,0.1220703125,0.830078125,0.03662109375,-0.47607421875,-0.0244140625,-0.5615234375
0,0.06103515625,-0.37841796875,0.20751953125,-0.35400390625,-0.03662109375,-0.4150390625,-0.03662109375,-0.0732421875,-0.40283203125,0.0732421875,-0.20751953125,-0.91552734375,-0.23193359375,1.08642578125,-0.048828125,-0.13427734375,0.13427734375,-0.57373046875,0.13427734375,-0.09765625,-0.1953125,0.87890625,-0.06103515625,-0.59814453125,-0.45166015625,3.23486328125,-0.52490234375,5.029296875,-0.08544921875,5.3955078125,0,4.0771484375,-0.03662109375,0.1220703125,0.09765625,-0.8544921875,0.048828125,-0.42724609375,-0.048828125,-0.79345703125,-0.28076171875,-0.2197265625,-0.6591796875,-0.54931640625,0,-0.40283203125,-0.1220703125,0.59814453125,0.146484375,1.1474609375,-0.01220703125,0.45166015625,0.1708984375,-0.2197265625,0.5126953125,0.68359375,-0.048828125,0.1220703125,-0.13427734375,-0.01220703125,-0.18310546875,0.08544921875,-0.72021484375,-0.30517578125,-0.08544921875,0.10986328125,-0.01220703125,1.01318359375,-0.13427734375,0.18310546875,-0.146484375,0.1708984375,-0.2685546875,0.18310546875,0.13427734375,0.86669921875,0.09765625,-0.01220703125,0.06103515625,1.318359375,-0.10986328125,-1.01318359375,0.1708984375,-0.390625,-0.146484375,-0.96435546875,-0.0244140625,-0.81787109375,-0.1220703125,-1.42822265625,0.08544921875,0.1953125,-0.35400390625,-0.1708984375,0.08544921875,-0.927734375,-0.13427734375,-0.6591796875,-0.15869140625,-0.76904296875,-0.2685546875,-0.537109375,-0.0732421875,-0.1708984375,0.01220703125,-0.08544921875,0.1953125,-1.03759765625,-0.03662109375,-0.48828125,-0.048828125,1.25732421875,-0.20751953125,0.37841796875,0.01220703125,-0.01220703125,-0.0732421875,-0.0244140625,0.09765625,0.1708984375,-0.08544921875,0.62255859375,0.13427734375,0.8056640625,0,-0.45166015625,-0.0244140625,-0.54931640625
0,0.0244140625,-0.37841796875,0.2197265625,-0.3662109375,-0.01220703125,-0.4150390625,-0.06103515625,-0.06103515625,-0.3662109375,0.0732421875,-0.2197265625,-0.91552734375,-0.2685546875,1.0986328125,-0.048828125,-0.15869140625,0.18310546875,-0.5859375,0.0732421875,-0.10986328125,-0.13427734375,0.89111328125,-0.13427734375,-0.6103515625,-0.4150390625,3.0517578125,-0.48828125,4.77294921875,0,5.17578125,0.03662109375,3.8818359375,0.08544921875,0.2197265625,0.13427734375,-0.93994140625,0,-0.45166015625,-0.09765625,-0.79345703125,-0.390625,-0.2197265625,-0.6103515625,-0.54931640625,-0.0244140625,-0.390625,-0.146484375,0.5859375,0.15869140625,1.15966796875,-0.0244140625,0.45166015625,0.146484375,-0.25634765625,0.6103515625,0.69580078125,-0.0732421875,0.1220703125,-0.10986328125,-0.01220703125,-0.1708984375,0.13427734375,-0.6591796875,-0.29296875,-0.0244140625,0.09765625,0.08544921875,1.01318359375,-0.09765625,0.1953125,-0.08544921875,0.18310546875,-0.18310546875,0.1953125,0.15869140625,0.8544921875,0.06103515625,-0.01220703125,0.0244140625,1.318359375,-0.08544921875,-1.01318359375,0.1953125,-0.390625,-0.146484375,-0.9765625,0.01220703125,-0.8056640625,-0.13427734375,-1.15966796875,0.10986328125,0.7080078125,-0.29296875,0.1220703125,0.10986328125,-0.5859375,-0.10986328125,-0.69580078125,-0.244140625,-0.72021484375,-0.20751953125,-0.5859375,-0.10986328125,-0.1953125,-0.0244140625,-0.146484375,0.18310546875,-1.1474609375,0,-0.537109375,-0.08544921875,1.15966796875,-0.23193359375,0.35400390625,0.03662109375,-0.03662109375,-0.0732421875,-0.01220703125,0.08544921875,0.146484375,-0.08544921875,0.62255859375,0.10986328125,0.79345703125,-0.0244140625,-0.4638671875,-0.01220703125,-0.54931640625
0,-0.0244140625,-0.35400390625,0.20751953125,-0.37841796875,-0.01220703125,-0.4150390625,-0.06103515625,-0.048828125,-0.3662109375,0.048828125,-0.20751953125,-0.89111328125,-0.2685546875,1.11083984375,-0.0244140625,-0.1708984375,0.23193359375,-0.5859375,0.048828125,-0.10986328125,-0.09765625,0.89111328125,-0.18310546875,-0.59814453125,-0.37841796875,2.81982421875,-0.45166015625,4.40673828125,0.06103515625,4.833984375,0.03662109375,3.60107421875,0.0732421875,0.2685546875,0.20751953125,-1.0009765625,-0.06103515625,-0.4638671875,-0.10986328125,-0.76904296875,-0.50048828125,-0.23193359375,-0.5615234375,-0.537109375,-0.10986328125,-0.3662109375,-0.146484375,0.57373046875,0.1220703125,1.18408203125,-0.09765625,0.45166015625,0.18310546875,-0.244140625,0.68359375,0.7080078125,-0.03662109375,0.15869140625,-0.09765625,-0.01220703125,-0.1953125,0.18310546875,-0.634765625,-0.25634765625,-0.048828125,0.15869140625,0.18310546875,0.98876953125,-0.09765625,0.2197265625,-0.03662109375,0.20751953125,-0.06103515625,0.20751953125,0.20751953125,0.89111328125,0.01220703125,-0.03662109375,-0.03662109375,1.318359375,-0.06103515625,-1.01318359375,0.1953125,-0.37841796875,-0.13427734375,-0.98876953125,0.09765625,-0.8056640625,-0.15869140625,-0.76904296875,0.06103515625,1.416015625,-0.18310546875,0.5859375,0.09765625,-0.06103515625,-0.1220703125,-0.69580078125,-0.32958984375,-0.7080078125,-0.1953125,-0.62255859375,-0.146484375,-0.1708984375,0.06103515625,-0.18310546875,0.2685546875,-1.171875,0.06103515625,-0.59814453125,-0.048828125,1.11083984375,-0.244140625,0.35400390625,0.0244140625,-0.0244140625,-0.0732421875,-0.06103515625,0.09765625,0.146484375,-0.06103515625,0.6103515625,0.08544921875,0.78125,-0.03662109375,-0.50048828125,0.0244140625,-0.5615234375
0,-0.048828125,-0.3662109375,0.20751953125,-0.3662109375,-0.01220703125,-0.439453125,-0.0732421875,-0.06103515625,-0.32958984375,0.048828125,-0.2197265625,-0.9033203125,-0.244140625,1.123046875,0,-0.1953125,0.25634765625,-0.57373046875,0.01220703125,-0.10986328125,-0.18310546875,0.87890625,-0.1708984375,-0.6103515625,-0.35400390625,2.50244140625,-0.37841796875,3.9306640625,0.13427734375,4.4677734375,0.0244140625,3.28369140625,0.01220703125,0.32958984375,0.3173828125,-1.025390625,-0.1220703125,-0.48828125,-0.146484375,-0.74462890625,-0.54931640625,-0.25634765625,-0.537109375,-0.5126953125,-0.23193359375,-0.35400390625,-0.08544921875,0.57373046875,0.1708984375,1.1962890625,-0.1220703125,0.439453125,0.1708984375,-0.23193359375,0.74462890625,0.732421875,-0.048828125,0.15869140625,-0.0732421875,-0.01220703125,-0.2197265625,0.20751953125,-0.5615234375,-0.2197265625,-0.08544921875,0.2197265625,0.25634765625,1.0009765625,-0.08544921875,0.2197265625,0,0.20751953125,0.03662109375,0.20751953125,0.1953125,0.87890625,-0.06103515625,-0.0244140625,-0.0244140625,1.318359375,0.01220703125,-1.025390625,0.18310546875,-0.341796875,-0.1220703125,-1.0009765625,0.146484375,-0.78125,-0.1708984375,-0.2685546875,0.15869140625,2.3193359375,-0.06103515625,1.15966796875,-0.01220703125,0.6103515625,-0.03662109375,-0.7080078125,-0.390625,-0.69580078125,-0.1708984375,-0.64697265625,-0.1708984375,-0.18310546875,0.06103515625,-0.23193359375,0.18310546875,-1.18408203125,0.01220703125,-0.62255859375,-0.10986328125,1.03759765625,-0.244140625,0.32958984375,0,0,-0.06103515625,-0.08544921875,0.09765625,0.146484375,-0.048828125,0.59814453125,0.06103515625,0.7568359375,-0.03662109375,-0.50048828125,0.0244140625,-0.57373046875
1,-0.0732421875,-0.37841796875,0.18310546875,-0.35400390625,-0.01220703125,-0.439453125,-0.10986328125,-0.06103515625,-0.30517578125,0.048828125,-0.20751953125,-0.9033203125,-0.20751953125,1.11083984375,0.01220703125,-0.18310546875,0.244140625,-0.5615234375,0.03662109375,-0.10986328125,-0.29296875,0.87890625,-0.15869140625,-0.5859375,-0.2685546875,2.13623046875,-0.244140625,3.30810546875,0.23193359375,4.01611328125,0.0732421875,2.9052734375,-0.10986328125,0.35400390625,0.37841796875,-1.03759765625,-0.146484375,-0.52490234375,-0.13427734375,-0.74462890625,-0.54931640625,-0.25634765625,-0.5859375,-0.50048828125,-0.28076171875,-0.35400390625,-0.08544921875,0.54931640625,0.15869140625,1.15966796875,-0.10986328125,0.45166015625,0.10986328125,-0.18310546875,0.8056640625,0.74462890625,-0.06103515625,0.18310546875,-0.0732421875,0.01220703125,-0.18310546875,0.1953125,-0.52490234375,-0.20751953125,-0.1220703125,0.3173828125,0.341796875,1.0009765625,-0.048828125,0.244140625,0.03662109375,0.2197265625,0.13427734375,0.244140625,0.1708984375,0.87890625,-0.1220703125,-0.0244140625,-0.01220703125,1.33056640625,0.0732421875,-1.01318359375,0.1708984375,-0.35400390625,-0.048828125,-1.01318359375,0.1708984375,-0.7568359375,-0.15869140625,0.29296875,0.30517578125,3.369140625,0.08544921875,1.79443359375,-0.03662109375,1.35498046875,-0.0244140625,-0.68359375,-0.3662109375,-0.7080078125,-0.15869140625,-0.67138671875,-0.20751953125,-0.1953125,0.06103515625,-0.2685546875,0.15869140625,-1.171875,0.01220703125,-0.64697265625,-0.10986328125,1.0009765625,-0.2197265625,0.341796875,-0.0244140625,0,-0.06103515625,-0.09765625,0.1220703125,0.15869140625,-0.048828125,0.5615234375,0.048828125,0.76904296875,-0.0244140625,-0.52490234375,0.03662109375,-0.57373046875
1,-0.08544921875,-0.3662109375,0.1708984375,-0.3662109375,-0.01220703125,-0.45166015625,-0.1220703125,-0.06103515625,-0.28076171875,0.0244140625,-0.1953125,-0.89111328125,-0.1708984375,1.11083984375,0.0244140625,-0.1708984375,0.20751953125,-0.57373046875,0.06103515625,-0.09765625,-0.390625,0.87890625,-0.09765625,-0.5859375,-0.2197265625,1.7578125,-0.1220703125,2.62451171875,0.28076171875,3.515625,0.0732421875,2.47802734375,-0.2685546875,0.390625,0.40283203125,-1.0009765625,-0.15869140625,-0.52490234375,-0.09765625,-0.76904296875,-0.48828125,-0.25634765625,-0.62255859375,-0.50048828125,-0.3173828125,-0.390625,-0.048828125,0.57373046875,0.18310546875,1.1474609375,-0.048828125,0.4638671875,0.08544921875,-0.146484375,0.86669921875,0.74462890625,-0.08544921875,0.18310546875,-0.08544921875,0.0244140625,-0.244140625,0.1953125,-0.59814453125,-0.1953125,-0.146484375,0.40283203125,0.35400390625,0.98876953125,-0.01220703125,0.244140625,0.0244140625,0.20751953125,0.2197265625,0.244140625,0.10986328125,0.86669921875,-0.146484375,-0.03662109375,0.03662109375,1.33056640625,0.13427734375,-1.0009765625,0.1220703125,-0.341796875,0.01220703125,-0.98876953125,0.146484375,-0.7568359375,-0.1220703125,0.91552734375,0.35400390625,4.5166015625,0.23193359375,2.50244140625,-0.0732421875,2.11181640625,0.01220703125,-0.68359375,-0.37841796875,-0.7568359375,-0.1708984375,-0.634765625,-0.20751953125,-0.1953125,0.20751953125,-0.3173828125,0.2685546875,-1.13525390625,0.048828125,-0.64697265625,-0.03662109375,0.9765625,-0.2197265625,0.35400390625,-0.03662109375,0.01220703125,-0.06103515625,-0.09765625,0.13427734375,0.15869140625,-0.01220703125,0.537109375,0.03662109375,0.7568359375,-0.01220703125,-0.52490234375,0.0244140625,-0.57373046875
1,-0.10986328125,-0.3662109375,0.146484375,-0.35400390625,0.01220703125,-0.4638671875,-0.13427734375,-0.06103515625,-0.2685546875,0,-0.20751953125,-0.87890625,-0.13427734375,1.123046875,0.03662109375,-0.15869140625,0.13427734375,-0.54931640625,0.08544921875,-0.10986328125,-0.45166015625,0.830078125,-0.0244140625,-0.5859375,-0.1220703125,1.35498046875,0.01220703125,1.86767578125,0.341796875,3.02734375,0.1220703125,2.06298828125,-0.3662109375,0.37841796875,0.35400390625,-0.96435546875,-0.15869140625,-0.5126953125,-0.10986328125,-0.76904296875,-0.4150390625,-0.23193359375,-0.64697265625,-0.50048828125,-0.29296875,-0.390625,-0.06103515625,0.59814453125,0.1953125,1.123046875,0.03662109375,0.45166015625,0.08544921875,-0.10986328125,0.8544921875,0.74462890625,-0.048828125,0.1953125,-0.09765625,0.03662109375,-0.1953125,0.1708984375,-0.54931640625,-0.18310546875,-0.13427734375,0.47607421875,0.32958984375,1.01318359375,0,0.2685546875,0.0244140625,0.20751953125,0.25634765625,0.25634765625,0.03662109375,0.9033203125,-0.15869140625,-0.03662109375,0.0732421875,1.2939453125,0.146484375,-0.98876953125,0.08544921875,-0.3662109375,0.09765625,-0.98876953125,0.0732421875,-0.74462890625,-0.09765625,1.47705078125,0.29296875,5.65185546875,0.3173828125,3.173828125,-0.09765625,2.84423828125,0.03662109375,-0.68359375,-0.3173828125,-0.76904296875,-0.1708984375,-0.6103515625,-0.2197265625,-0.18310546875,0.15869140625,-0.37841796875,0.20751953125,-1.11083984375,-0.0244140625,-0.6591796875,-0.13427734375,0.93994140625,-0.20751953125,0.341796875,-0.03662109375,0.0244140625,-0.0732421875,-0.08544921875,0.10986328125,0.18310546875,-0.0244140625,0.48828125,0.03662109375,0.7568359375,-0.0244140625,-0.5126953125,0.01220703125,-0.59814453125
1,-0.146484375,-0.37841796875,0.15869140625,-0.35400390625,0.0244140625,-0.47607421875,-0.15869140625,-0.06103515625,-0.23193359375,-0.01220703125,-0.18310546875,-0.87890625,-0.10986328125,1.0986328125,0.048828125,-0.146484375,0.048828125,-0.54931640625,0.0732421875,-0.10986328125,-0.48828125,0.8056640625,0.01220703125,-0.59814453125,-0.06103515625,0.98876953125,0.0244140625,1.0986328125,0.30517578125,2.587890625,0.15869140625,1.66015625,-0.37841796875,0.37841796875,0.30517578125,-0.9033203125,-0.10986328125,-0.48828125,-0.09765625,-0.76904296875,-0.3173828125,-0.23193359375,-0.69580078125,-0.50048828125,-0.2197265625,-0.37841796875,-0.10986328125,0.59814453125,0.15869140625,1.11083984375,0.09765625,0.45166015625,0.06103515625,-0.10986328125,0.86669921875,0.7080078125,0.048828125,0.20751953125,-0.10986328125,0.03662109375,-0.15869140625,0.146484375,-0.48828125,-0.13427734375,-0.0732421875,0.537109375,0.35400390625,1.0009765625,0.03662109375,0.25634765625,0,0.1708984375,0.25634765625,0.2197265625,-0.048828125,0.9033203125,-0.146484375,-0.0244140625,0.10986328125,1.2939453125,0.15869140625,-0.96435546875,0.0244140625,-0.35400390625,0.18310546875,-0.96435546875,0.01220703125,-0.7568359375,-0.01220703125,1.96533203125,0.23193359375,6.70166015625,0.40283203125,3.72314453125,-0.01220703125,3.43017578125,0.01220703125,-0.7080078125,-0.2197265625,-0.79345703125,-0.146484375,-0.59814453125,-0.15869140625,-0.18310546875,0.1708984375,-0.47607421875,0.2197265625,-1.13525390625,0,-0.68359375,-0.09765625,0.86669921875,-0.20751953125,0.35400390625,-0.048828125,0.048828125,-0.06103515625,-0.09765625,0.1220703125,0.20751953125,-0.0244140625,0.45166015625,0.06103515625,0.76904296875,-0.01220703125,-0.5126953125,0,-0.6103515625
1,-0.13427734375,-0.37841796875,0.13427734375,-0.35400390625,0.0244140625,-0.4638671875,-0.146484375,-0.0732421875,-0.23193359375,-0.01220703125,-0.1708984375,-0.87890625,-0.06103515625,1.0986328125,0.01220703125,-0.13427734375,0,-0.5615234375,0,-0.09765625,-0.4638671875,0.830078125,0.01220703125,-0.6103515625,-0.0244140625,0.634765625,-0.01220703125,0.439453125,0.23193359375,2.23388671875,0.20751953125,1.33056640625,-0.3173828125,0.3662109375,0.23193359375,-0.84228515625,-0.048828125,-0.45166015625,-0.10986328125,-0.7568359375,-0.1953125,-0.1953125,-0.67138671875,-0.50048828125,-0.09765625,-0.40283203125,-0.15869140625,0.5859375,0.10986328125,1.123046875,0.18310546875,0.45166015625,0.03662109375,-0.1220703125,0.8544921875,0.7080078125,0.0244140625,0.20751953125,-0.1708984375,0.0732421875,-0.244140625,0.13427734375,-0.47607421875,-0.10986328125,-0.03662109375,0.59814453125,0.341796875,0.98876953125,0.0732421875,0.23193359375,-0.06103515625,0.1708984375,0.2197265625,0.23193359375,-0.08544921875,0.9033203125,-0.10986328125,-0.03662109375,0.13427734375,1.2939453125,0.146484375,-0.96435546875,-0.048828125,-0.3662109375,0.2197265625,-0.9521484375,-0.048828125,-0.7568359375,0,2.3193359375,0.20751953125,7.58056640625,0.439453125,4.16259765625,0.03662109375,3.91845703125,-0.0244140625,-0.7080078125,-0.1708984375,-0.81787109375,-0.146484375,-0.54931640625,-0.09765625,-0.1708984375,0.146484375,-0.5615234375,0.2197265625,-1.1474609375,-0.03662109375,-0.72021484375,-0.1220703125,0.830078125,-0.1953125,0.341796875,-0.0732421875,0.03662109375,-0.06103515625,-0.0732421875,0.13427734375,0.20751953125,0,0.4150390625,0.09765625,0.7568359375,0,-0.50048828125,0.01220703125,-0.59814453125
1,-0.15869140625,-0.390625,0.10986328125,-0.37841796875,0.0244140625,-0.45166015625,-0.146484375,-0.08544921875,-0.2197265625,-0.06103515625,-0.1708984375,-0.9033203125,-0.06103515625,1.0986328125,-0.01220703125,-0.13427734375,-0.01220703125,-0.54931640625,-0.0732421875,-0.09765625,-0.37841796875,0.830078125,-0.0244140625,-0.6103515625,0,0.4150390625,-0.0732421875,-0.048828125,0.146484375,1.953125,0.23193359375,1.11083984375,-0.20751953125,0.32958984375,0.10986328125,-0.8056640625,0,-0.40283203125,-0.1220703125,-0.78125,-0.18310546875,-0.18310546875,-0.634765625,-0.537109375,0.01220703125,-0.4150390625,-0.20751953125,0.62255859375,0.06103515625,1.123046875,0.2685546875,0.45166015625,-0.048828125,-0.09765625,0.8056640625,0.68359375,0.09765625,0.244140625,-0.048828125,0.09765625,-0.1953125,0.13427734375,-0.341796875,-0.09765625,0.01220703125,0.6591796875,0.25634765625,1.0009765625,0.08544921875,0.20751953125,-0.10986328125,0.146484375,0.20751953125,0.20751953125,-0.15869140625,0.86669921875,-0.08544921875,0,0.146484375,1.28173828125,0.1220703125,-0.98876953125,-0.08544921875,-0.37841796875,0.23193359375,-0.98876953125,-0.06103515625,-0.78125,0.06103515625,2.5390625,0.2197265625,8.23974609375,0.50048828125,4.40673828125,0.13427734375,4.150390625,-0.0732421875,-0.68359375,-0.10986328125,-0.84228515625,-0.1708984375,-0.52490234375,-0.0244140625,-0.15869140625,0.13427734375,-0.59814453125,0.1708984375,-1.1474609375,-0.08544921875,-0.732421875,-0.1220703125,0.79345703125,-0.1953125,0.35400390625,-0.08544921875,0.0244140625,-0.048828125,-0.048828125,0.10986328125,0.2197265625,-0.0244140625,0.32958984375,0.10986328125,0.7568359375,-0.01220703125,-0.50048828125,0.01220703125,-0.6103515625
1,-0.15869140625,-0.37841796875,0.1220703125,-0.390625,0.03662109375,-0.45166015625,-0.1708984375,-0.09765625,-0.146484375,-0.06103515625,-0.146484375,-0.87890625,-0.048828125,1.11083984375,0,-0.13427734375,0.03662109375,-0.57373046875,-0.09765625,-0.10986328125,-0.244140625,0.8544921875,-0.09765625,-0.6103515625,0.03662109375,0.30517578125,-0.146484375,-0.32958984375,0.0244140625,1.84326171875,0.23193359375,1.01318359375,-0.0732421875,0.29296875,0.08544921875,-0.79345703125,0.01220703125,-0.40283203125,-0.1220703125,-0.79345703125,-0.15869140625,-0.18310546875,-0.59814453125,-0.5859375,0.1220703125,-0.40283203125,-0.20751953125,0.62255859375,0.048828125,1.123046875,0.32958984375,0.4638671875,-0.146484375,-0.10986328125,0.8056640625,0.68359375,0.048828125,0.28076171875,-0.01220703125,0.146484375,-0.15869140625,0.146484375,-0.2685546875,-0.03662109375,0.0732421875,0.72021484375,0.1953125,1.03759765625,0.0732421875,0.18310546875,-0.146484375,0.146484375,0.2197265625,0.20751953125,-0.23193359375,0.87890625,-0.06103515625,-0.01220703125,0.146484375,1.30615234375,0.09765625,-1.0009765625,-0.1220703125,-0.37841796875,0.20751953125,-0.98876953125,-0.06103515625,-0.76904296875,0.1220703125,2.57568359375,0.08544921875,8.5693359375,0.50048828125,4.4677734375,0.20751953125,4.2236328125,-0.1220703125,-0.68359375,-0.1220703125,-0.81787109375,-0.1708984375,-0.537109375,0.01220703125,-0.15869140625,0.1220703125,-0.6103515625,0.1220703125,-1.1962890625,-0.10986328125,-0.72021484375,-0.146484375,0.79345703125,-0.18310546875,0.341796875,-0.08544921875,0.0244140625,-0.06103515625,-0.03662109375,0.08544921875,0.2197265625,-0.0244140625,0.30517578125,0.15869140625,0.7568359375,-0.0244140625,-0.50048828125,0.01220703125,-0.6103515625
1,-0.18310546875,-0.37841796875,0.13427734375,-0.4150390625,0.06103515625,-0.439453125,-0.18310546875,-0.10986328125,-0.15869140625,-0.10986328125,-0.1708984375,-0.9033203125,-0.03662109375,1.08642578125,-0.03662109375,-0.15869140625,0.10986328125,-0.59814453125,-0.146484375,-0.10986328125,-0.09765625,0.86669921875,-0.18310546875,-0.634765625,0,0.32958984375,-0.23193359375,-0.3662109375,-0.0732421875,1.89208984375,0.146484375,1.0498046875,0.03662109375,0.20751953125,0.08544921875,-0.830078125,0.03662109375,-0.42724609375,-0.0732421875,-0.8056640625,-0.20751953125,-0.1708984375,-0.537109375,-0.6591796875,0.1708984375,-0.4150390625,-0.18310546875,0.59814453125,0.09765625,1.15966796875,0.3662109375,0.45166015625,-0.25634765625,-0.13427734375,0.76904296875,0.6591796875,0.01220703125,0.3662109375,0.0732421875,0.20751953125,-0.09765625,0.23193359375,-0.18310546875,0.01220703125,0.10986328125,0.79345703125,0.09765625,1.03759765625,0.048828125,0.15869140625,-0.1953125,0.1708984375,0.146484375,0.23193359375,-0.28076171875,0.87890625,0.01220703125,0,0.1220703125,1.30615234375,0.0244140625,-1.0009765625,-0.1220703125,-0.37841796875,0.1708984375,-1.01318359375,-0.03662109375,-0.78125,0.10986328125,2.45361328125,-0.0244140625,8.58154296875,0.48828125,4.3701171875,0.1953125,4.150390625,-0.10986328125,-0.68359375,-0.1220703125,-0.8056640625,-0.20751953125,-0.52490234375,0.03662109375,-0.15869140625,0.0732421875,-0.54931640625,0.06103515625,-1.18408203125,-0.08544921875,-0.68359375,-0.1953125,0.830078125,-0.15869140625,0.35400390625,-0.0732421875,0.01220703125,-0.06103515625,-0.048828125,0.08544921875,0.20751953125,-0.01220703125,0.28076171875,0.1220703125,0.76904296875,-0.03662109375,-0.5126953125,0,-0.59814453125
1,-0.18310546875,-0.3662109375,0.1220703125,-0.40283203125,0.0732421875,-0.42724609375,-0.1708984375,-0.08544921875,-0.10986328125,-0.10986328125,-0.146484375,-0.87890625,-0.048828125,1.0986328125,-0.048828125,-0.13427734375,0.15869140625,-0.6103515625,-0.13427734375,-0.09765625,0.03662109375,0.86669921875,-0.15869140625,-0.62255859375,-0.06103515625,0.50048828125,-0.1953125,-0.08544921875,-0.15869140625,2.0751953125,0.06103515625,1.2451171875,0.048828125,0.09765625,0.09765625,-0.8544921875,0.03662109375,-0.42724609375,-0.01220703125,-0.8056640625,-0.32958984375,-0.2197265625,-0.52490234375,-0.72021484375,0.15869140625,-0.390625,-0.13427734375,0.59814453125,0.13427734375,1.18408203125,0.42724609375,0.439453125,-0.2685546875,-0.15869140625,0.68359375,0.67138671875,0,0.4638671875,0.1220703125,0.2685546875,0,0.3662109375,0,0.10986328125,0.1220703125,0.86669921875,-0.0244140625,1.03759765625,0,0.15869140625,-0.2197265625,0.1708984375,0.0732421875,0.23193359375,-0.3173828125,0.84228515625,0.0732421875,-0.0244140625,0.08544921875,1.3427734375,0,-1.0009765625,-0.146484375,-0.37841796875,0.10986328125,-1.06201171875,-0.01220703125,-0.79345703125,0.08544921875,2.20947265625,-0.06103515625,8.23974609375,0.45166015625,4.13818359375,0.1708984375,3.8818359375,-0.09765625,-0.67138671875,-0.10986328125,-0.78125,-0.1953125,-0.54931640625,0.08544921875,-0.15869140625,0.13427734375,-0.42724609375,0.18310546875,-1.15966796875,-0.06103515625,-0.6103515625,-0.18310546875,0.96435546875,-0.146484375,0.35400390625,-0.08544921875,0.0244140625,-0.0732421875,-0.03662109375,0.06103515625,0.18310546875,-0.01220703125,0.23193359375,0.13427734375,0.74462890625,-0.048828125,-0.48828125,-0.0244140625,-0.5859375
1,-0.2197265625,-0.40283203125,0.1220703125,-0.37841796875,0.09765625,-0.42724609375,-0.15869140625,-0.06103515625,-0.09765625,-0.10986328125,-0.15869140625,-0.87890625,-0.0732421875,1.08642578125,-0.08544921875,-0.1220703125,0.1708984375,-0.62255859375,-0.10986328125,-0.1220703125,0.13427734375,0.87890625,-0.1708984375,-0.64697265625,-0.06103515625,0.84228515625,-0.15869140625,0.50048828125,-0.0732421875,2.44140625,0.01220703125,1.57470703125,0,0.01220703125,0.15869140625,-0.9033203125,-0.03662109375,-0.47607421875,0.0244140625,-0.81787109375,-0.390625,-0.23193359375,-0.54931640625,-0.7568359375,0.1220703125,-0.390625,-0.08544921875,0.5859375,0.20751953125,1.18408203125,0.4638671875,0.45166015625,-0.30517578125,-0.18310546875,0.59814453125,0.68359375,-0.03662109375,0.5859375,0.0732421875,0.341796875,-0.03662109375,0.537109375,0,0.23193359375,0.1220703125,0.927734375,-0.08544921875,1.03759765625,-0.0732421875,0.15869140625,-0.244140625,0.1708984375,0.01220703125,0.23193359375,-0.3173828125,0.87890625,0.09765625,-0.03662109375,0.01220703125,1.3427734375,-0.048828125,-1.01318359375,-0.13427734375,-0.3662109375,0.048828125,-1.06201171875,-0.0244140625,-0.79345703125,0,1.904296875,-0.0732421875,7.666015625,0.390625,3.82080078125,0.10986328125,3.55224609375,-0.0244140625,-0.69580078125,-0.10986328125,-0.74462890625,-0.20751953125,-0.5859375,0.0732421875,-0.15869140625,0.08544921875,-0.2685546875,0.2685546875,-1.0498046875,-0.048828125,-0.48828125,-0.2197265625,1.11083984375,-0.13427734375,0.35400390625,-0.08544921875,0.03662109375,-0.06103515625,-0.06103515625,0.01220703125,0.15869140625,0.03662109375,0.18310546875,0.09765625,0.69580078125,-0.03662109375,-0.47607421875,-0.0244140625,-0.5859375
1,-0.23193359375,-0.390625,0.09765625,-0.37841796875,0.13427734375,-0.439453125,-0.146484375,-0.08544921875,-0.0732421875,-0.10986328125,-0.13427734375,-0.89111328125,-0.10986328125,1.08642578125,-0.0732421875,-0.1220703125,0.15869140625,-0.6103515625,-0.03662109375,-0.1220703125,0.15869140625,0.87890625,-0.09765625,-0.62255859375,-0.1708984375,1.2939453125,-0.1953125,1.3427734375,-0.03662109375,2.96630859375,-0.09765625,2.03857421875,-0.08544921875,-0.0732421875,0.20751953125,-0.96435546875,-0.10986328125,-0.50048828125,0.048828125,-0.84228515625,-0.40283203125,-0.23193359375,-0.52490234375,-0.79345703125,0.0244140625,-0.3662109375,-0.06103515625,0.57373046875,0.25634765625,1.18408203125,0.4638671875,0.45166015625,-0.32958984375,-0.1708984375,0.50048828125,0.7080078125,-0.0732421875,0.7080078125,0.10986328125,0.4150390625,0.0244140625,0.7080078125,0.0244140625,0.30517578125,0.15869140625,0.9765625,-0.1708984375,1.01318359375,-0.09765625,0.1708984375,-0.2685546875,0.1953125,-0.048828125,0.244140625,-0.32958984375,0.8544921875,0.10986328125,-0.0244140625,0,1.3427734375,-0.0732421875,-1.0009765625,-0.1220703125,-0.35400390625,0,-1.07421875,-0.048828125,-0.78125,-0.13427734375,1.5625,-0.03662109375,6.92138671875,0.28076171875,3.45458984375,0.048828125,3.16162109375,0,-0.67138671875,-0.09765625,-0.74462890625,-0.1708984375,-0.6103515625,0.0244140625,-0.1708984375,0.1220703125,-0.08544921875,0.29296875,-0.93994140625,-0.0244140625,-0.3662109375,-0.18310546875,1.30615234375,-0.10986328125,0.341796875,-0.0732421875,0.03662109375,-0.0732421875,-0.048828125,0.01220703125,0.13427734375,0.06103515625,0.13427734375,0.0732421875,0.7080078125,-0.048828125,-0.48828125,-0.048828125,-0.5859375
1,-0.2685546875,-0.35400390625,0.09765625,-0.3662109375,0.13427734375,-0.439453125,-0.13427734375,-0.0732421875,-0.06103515625,-0.13427734375,-0.1220703125,-0.87890625,-0.13427734375,1.11083984375,-0.09765625,-0.1220703125,0.13427734375,-0.6103515625,0.08544921875,-0.10986328125,0.13427734375,0.89111328125,0.06103515625,-0.62255859375,-0.2197265625,1.8798828125,-0.1220703125,2.40478515625,0.048828125,3.60107421875,-0.13427734375,2.63671875,-0.1708984375,-0.15869140625,0.37841796875,-0.9765625,-0.20751953125,-0.5126953125,0.0732421875,-0.830078125,-0.390625,-0.25634765625,-0.6103515625,-0.8056640625,-0.09765625,-0.3662109375,-0.01220703125,0.5859375,0.32958984375,1.15966796875,0.4150390625,0.47607421875,-0.32958984375,-0.15869140625,0.40283203125,0.7080078125,-0.1220703125,0.830078125,0.146484375,0.47607421875,0.08544921875,0.91552734375,0.048828125,0.42724609375,0.1708984375,1.0009765625,-0.2197265625,1.025390625,-0.1953125,0.1953125,-0.244140625,0.2197265625,-0.1220703125,0.244140625,-0.3173828125,0.87890625,0.10986328125,-0.0244140625,0.03662109375,1.35498046875,-0.1220703125,-1.0009765625,-0.06103515625,-0.35400390625,-0.048828125,-1.06201171875,-0.09765625,-0.76904296875,-0.25634765625,1.25732421875,0.09765625,6.11572265625,0.1708984375,3.076171875,0.03662109375,2.74658203125,0,-0.68359375,-0.06103515625,-0.732421875,-0.146484375,-0.634765625,-0.03662109375,-0.18310546875,0.1220703125,0.0732421875,0.341796875,-0.830078125,-0.03662109375,-0.2685546875,-0.2197265625,1.47705078125,-0.09765625,0.32958984375,-0.0732421875,0.048828125,-0.0732421875,-0.06103515625,0.0244140625,0.15869140625,0.06103515625,0.08544921875,0.09765625,0.69580078125,-0.06103515625,-0.5126953125,-0.048828125,-0.57373046875
1,-0.25634765625,-0.35400390625,0.06103515625,-0.35400390625,0.1708984375,-0.45166015625,-0.146484375,-0.0732421875,-0.03662109375,-0.1220703125,-0.09765625,-0.86669921875,-0.15869140625,1.11083984375,-0.09765625,-0.13427734375,0.09765625,-0.6103515625,0.20751953125,-0.10986328125,0.03662109375,0.84228515625,0.1953125,-0.6103515625,-0.2197265625,2.5146484375,-0.10986328125,3.60107421875,0.1220703125,4.35791015625,-0.18310546875,3.30810546875,-0.244140625,-0.20751953125,0.47607421875,-0.98876953125,-0.23193359375,-0.5126953125,0.06103515625,-0.830078125,-0.341796875,-0.244140625,-0.6103515625,-0.79345703125,-0.18310546875,-0.3662109375,0.01220703125,0.57373046875,0.390625,1.1474609375,0.35400390625,0.48828125,-0.4150390625,-0.15869140625,0.3173828125,0.7080078125,-0.10986328125,0.9521484375,0.13427734375,0.50048828125,0.13427734375,1.03759765625,-0.0244140625,0.5126953125,0.10986328125,1.025390625,-0.25634765625,1.01318359375,-0.244140625,0.2197265625,-0.15869140625,0.23193359375,-0.20751953125,0.244140625,-0.25634765625,0.89111328125,0.06103515625,-0.048828125,0.06103515625,1.3427734375,-0.1708984375,-1.0009765625,0,-0.35400390625,-0.08544921875,-1.06201171875,-0.1953125,-0.78125,-0.32958984375,0.98876953125,0.08544921875,5.35888671875,0.0732421875,2.79541015625,0.03662109375,2.392578125,0,-0.67138671875,-0.06103515625,-0.74462890625,-0.13427734375,-0.634765625,-0.10986328125,-0.18310546875,0.1220703125,0.1953125,0.4150390625,-0.7568359375,-0.01220703125,-0.18310546875,-0.2197265625,1.59912109375,-0.1220703125,0.341796875,-0.0732421875,0.06103515625,-0.0732421875,-0.08544921875,0.0244140625,0.18310546875,0.048828125,0.03662109375,0.08544921875,0.69580078125,-0.03662109375,-0.52490234375,-0.06103515625,-0.6103515625
1,-0.25634765625,-0.3662109375,0,-0.35400390625,0.15869140625,-0.45166015625,-0.1220703125,-0.08544921875,-0.0244140625,-0.09765625,-0.06103515625,-0.89111328125,-0.20751953125,1.11083984375,-0.10986328125,-0.15869140625,0.08544921875,-0.59814453125,0.30517578125,-0.1220703125,-0.0244140625,0.86669921875,0.30517578125,-0.6103515625,-0.28076171875,3.1982421875,-0.09765625,4.8583984375,0.1220703125,5.126953125,-0.1953125,4.01611328125,-0.2197265625,-0.25634765625,0.47607421875,-0.9521484375,-0.2685546875,-0.50048828125,0.06103515625,-0.81787109375,-0.30517578125,-0.25634765625,-0.6591796875,-0.7568359375,-0.244140625,-0.37841796875,-0.0244140625,0.57373046875,0.390625,1.11083984375,0.32958984375,0.47607421875,-0.37841796875,-0.1953125,0.2197265625,0.72021484375,-0.09765625,1.01318359375,0.15869140625,0.5126953125,0.1953125,1.123046875,-0.0244140625,0.5615234375,0.08544921875,0.98876953125,-0.29296875,0.98876953125,-0.29296875,0.23193359375,-0.09765625,0.2197265625,-0.23193359375,0.25634765625,-0.23193359375,0.84228515625,0.0244140625,-0.03662109375,0.146484375,1.318359375,-0.1708984375,-1.01318359375,0.06103515625,-0.35400390625,-0.13427734375,-1.06201171875,-0.2197265625,-0.79345703125,-0.390625,0.79345703125,0.06103515625,4.72412109375,0.01220703125,2.57568359375,0.03662109375,2.099609375,-0.0732421875,-0.68359375,-0.0244140625,-0.78125,-0.15869140625,-0.64697265625,-0.1708984375,-0.18310546875,0.06103515625,0.244140625,0.4150390625,-0.69580078125,0,-0.15869140625,-0.2685546875,1.66015625,-0.1220703125,0.35400390625,-0.09765625,0.06103515625,-0.06103515625,-0.08544921875,0.0244140625,0.1953125,0.03662109375,-0.0244140625,0.08544921875,0.7080078125,-0.03662109375,-0.537109375,-0.0732421875,-0.59814453125
0,-0.244140625,-0.3662109375,-0.01220703125,-0.35400390625,0.1708984375,-0.4638671875,-0.13427734375,-0.09765625,-0.01220703125,-0.0732421875,-0.0732421875,-0.89111328125,-0.23193359375,1.123046875,-0.10986328125,-0.1953125,0.048828125,-0.59814453125,0.3662109375,-0.10986328125,-0.0732421875,0.84228515625,0.4150390625,-0.5859375,-0.18310546875,3.857421875,-0.01220703125,6.06689453125,0.18310546875,5.95703125,-0.1220703125,4.72412109375,-0.1708984375,-0.30517578125,0.40283203125,-0.93994140625,-0.28076171875,-0.5126953125,0,-0.79345703125,-0.2685546875,-0.244140625,-0.7080078125,-0.7080078125,-0.244140625,-0.40283203125,-0.09765625,0.5859375,0.390625,1.11083984375,0.25634765625,0.47607421875,-0.4150390625,-0.2197265625,0.18310546875,0.7080078125,-0.048828125,1.025390625,0.0732421875,0.50048828125,0.23193359375,1.15966796875,-0.08544921875,0.5615234375,0.08544921875,0.96435546875,-0.3173828125,0.9765625,-0.3173828125,0.244140625,-0.048828125,0.1953125,-0.25634765625,0.25634765625,-0.20751953125,0.87890625,-0.01220703125,-0.048828125,0.1953125,1.318359375,-0.1708984375,-1.0009765625,0.09765625,-0.37841796875,-0.18310546875,-1.03759765625,-0.25634765625,-0.78125,-0.390625,0.68359375,0.0244140625,4.28466796875,-0.03662109375,2.40478515625,0.0732421875,1.904296875,-0.0732421875,-0.67138671875,-0.0244140625,-0.79345703125,-0.1953125,-0.634765625,-0.20751953125,-0.18310546875,0.01220703125,0.1708984375,0.35400390625,-0.72021484375,-0.01220703125,-0.20751953125,-0.32958984375,1.611328125,-0.1220703125,0.3662109375,-0.08544921875,0.048828125,-0.08544921875,-0.10986328125,0.01220703125,0.1953125,0.01220703125,-0.048828125,0.08544921875,0.74462890625,-0.0244140625,-0.52490234375,-0.0732421875,-0.5859375
0,-0.244140625,-0.3662109375,-0.048828125,-0.3662109375,0.15869140625,-0.4638671875,-0.146484375,-0.10986328125,0.0244140625,-0.03662109375,-0.048828125,-0.89111328125,-0.25634765625,1.11083984375,-0.08544921875,-0.1708984375,0.0244140625,-0.59814453125,0.32958984375,-0.10986328125,-0.146484375,0.830078125,0.40283203125,-0.5859375,-0.1220703125,4.43115234375,-0.08544921875,7.177734375,0.18310546875,6.72607421875,-0.048828125,5.35888671875,-0.048828125,-0.3173828125,0.29296875,-0.89111328125,-0.23193359375,-0.47607421875,-0.03662109375,-0.78125,-0.25634765625,-0.244140625,-0.68359375,-0.68359375,-0.1953125,-0.390625,-0.18310546875,0.6103515625,0.32958984375,1.08642578125,0.23193359375,0.4638671875,-0.42724609375,-0.2197265625,0.15869140625,0.7080078125,0.0244140625,0.98876953125,0.0732421875,0.4638671875,0.1220703125,1.15966796875,-0.1708984375,0.54931640625,0.09765625,0.8544921875,-0.30517578125,0.9765625,-0.29296875,0.20751953125,-0.048828125,0.18310546875,-0.30517578125,0.20751953125,-0.1708984375,0.8544921875,0.01220703125,-0.0244140625,0.20751953125,1.26953125,-0.13427734375,-0.98876953125,0.10986328125,-0.37841796875,-0.23193359375,-1.01318359375,-0.2685546875,-0.81787109375,-0.341796875,0.634765625,-0.03662109375,4.04052734375,-0.08544921875,2.3193359375,0.06103515625,1.7578125,-0.09765625,-0.67138671875,-0.03662109375,-0.830078125,-0.244140625,-0.6103515625,-0.244140625,-0.20751953125,-0.01220703125,0.03662109375,0.45166015625,-0.830078125,-0.01220703125,-0.32958984375,-0.3662109375,1.47705078125,-0.10986328125,0.3662109375,-0.08544921875,0.06103515625,-0.0732421875,-0.08544921875,0.03662109375,0.2197265625,-0.01220703125,-0.0732421875,0.0732421875,0.76904296875,-0.03662109375,-0.52490234375,-0.06103515625,-0.5859375
0,-0.28076171875,-0.35400390625,-0.08544921875,-0.37841796875,0.146484375,-0.47607421875,-0.15869140625,-0.10986328125,0.01220703125,-0.0244140625,-0.0244140625,-0.87890625,-0.25634765625,1.0986328125,-0.06103515625,-0.15869140625,0.0244140625,-0.57373046875,0.244140625,-0.10986328125,-0.18310546875,0.830078125,0.35400390625,-0.5859375,-0.0244140625,4.94384765625,-0.15869140625,8.06884765625,0.15869140625,7.373046875,0.03662109375,5.908203125,0.0732421875,-0.30517578125,0.1708984375,-0.84228515625,-0.1953125,-0.439453125,-0.06103515625,-0.76904296875,-0.3173828125,-0.20751953125,-0.62255859375,-0.6591796875,-0.13427734375,-0.40283203125,-0.29296875,0.62255859375,0.23193359375,1.0986328125,0.20751953125,0.42724609375,-0.35400390625,-0.2197265625,0.146484375,0.68359375,0.0732421875,0.9033203125,0.03662109375,0.390625,0.09765625,1.06201171875,-0.20751953125,0.5126953125,0.048828125,0.76904296875,-0.30517578125,0.96435546875,-0.25634765625,0.1953125,-0.06103515625,0.15869140625,-0.29296875,0.1953125,-0.08544921875,0.830078125,0.0244140625,-0.0244140625,0.25634765625,1.26953125,-0.03662109375,-1.0009765625,0.08544921875,-0.390625,-0.28076171875,-0.98876953125,-0.23193359375,-0.81787109375,-0.2685546875,0.634765625,-0.0732421875,3.955078125,-0.048828125,2.24609375,0.048828125,1.6845703125,-0.09765625,-0.67138671875,-0.03662109375,-0.84228515625,-0.2685546875,-0.59814453125,-0.23193359375,-0.1953125,-0.0244140625,-0.15869140625,0.50048828125,-0.93994140625,-0.0244140625,-0.47607421875,-0.3173828125,1.28173828125,-0.10986328125,0.3662109375,-0.09765625,0.048828125,-0.0732421875,-0.0732421875,0.0244140625,0.20751953125,-0.03662109375,-0.0732421875,0.10986328125,0.78125,-0.0244140625,-0.537109375,-0.03662109375,-0.5859375
0,-0.28076171875,-0.35400390625,-0.10986328125,-0.37841796875,0.1220703125,-0.439453125,-0.18310546875,-0.0732421875,0.048828125,-0.01220703125,-0.048828125,-0.89111328125,-0.244140625,1.08642578125,-0.03662109375,-0.13427734375,0.0732421875,-0.5859375,0.10986328125,-0.10986328125,-0.1953125,0.830078125,0.23193359375,-0.57373046875,0.0732421875,5.2978515625,-0.1953125,8.70361328125,0.15869140625,7.87353515625,0.10986328125,6.2744140625,0.146484375,-0.30517578125,0.0732421875,-0.81787109375,-0.146484375,-0.37841796875,-0.0244140625,-0.76904296875,-0.341796875,-0.1953125,-0.57373046875,-0.634765625,-0.08544921875,-0.40283203125,-0.3173828125,0.64697265625,0.146484375,1.11083984375,0.1708984375,0.439453125,-0.32958984375,-0.20751953125,0.1220703125,0.67138671875,0.1220703125,0.830078125,0.0732421875,0.32958984375,0,0.91552734375,-0.2685546875,0.45166015625,0,0.6591796875,-0.2685546875,0.9521484375,-0.23193359375,0.15869140625,-0.13427734375,0.13427734375,-0.25634765625,0.18310546875,-0.0244140625,0.8056640625,0.06103515625,-0.0244140625,0.244140625,1.25732421875,0.0732421875,-1.0009765625,0.06103515625,-0.40283203125,-0.29296875,-0.98876953125,-0.18310546875,-0.81787109375,-0.1708984375,0.59814453125,-0.10986328125,3.94287109375,0,2.1728515625,0.01220703125,1.6357421875,-0.0732421875,-0.67138671875,-0.03662109375,-0.86669921875,-0.2685546875,-0.5859375,-0.23193359375,-0.18310546875,-0.01220703125,-0.35400390625,0.45166015625,-1.025390625,-0.08544921875,-0.6103515625,-0.25634765625,1.07421875,-0.1220703125,0.35400390625,-0.10986328125,0.03662109375,-0.0732421875,-0.0732421875,0,0.1953125,-0.03662109375,-0.09765625,0.10986328125,0.76904296875,-0.048828125,-0.5126953125,-0.03662109375,-0.57373046875
0,-0.29296875,-0.3662109375,-0.146484375,-0.37841796875,0.1220703125,-0.439453125,-0.1953125,-0.0732421875,0.10986328125,0,-0.048828125,-0.9033203125,-0.244140625,1.0986328125,-0.01220703125,-0.13427734375,0.13427734375,-0.57373046875,0,-0.09765625,-0.23193359375,0.84228515625,0.08544921875,-0.57373046875,0.13427734375,5.46875,-0.20751953125,9.033203125,0.18310546875,8.14208984375,0.15869140625,6.48193359375,0.1953125,-0.3173828125,0.01220703125,-0.81787109375,-0.1220703125,-0.3662109375,-0.0244140625,-0.76904296875,-0.30517578125,-0.1953125,-0.5126953125,-0.64697265625,-0.0732421875,-0.40283203125,-0.3173828125,0.64697265625,0.09765625,1.1474609375,0.1953125,0.439453125,-0.2685546875,-0.1953125,0.10986328125,0.6591796875,0.08544921875,0.732421875,0.08544921875,0.2685546875,0,0.76904296875,-0.28076171875,0.37841796875,0,0.6103515625,-0.2685546875,0.9521484375,-0.18310546875,0.146484375,-0.1953125,0.10986328125,-0.20751953125,0.1708984375,0.0244140625,0.79345703125,0.06103515625,-0.0244140625,0.244140625,1.2451171875,0.1708984375,-1.0009765625,0.01220703125,-0.42724609375,-0.28076171875,-0.9765625,-0.1220703125,-0.830078125,-0.10986328125,0.537109375,-0.06103515625,3.94287109375,0.048828125,2.0751953125,-0.0244140625,1.52587890625,-0.09765625,-0.67138671875,-0.0244140625,-0.830078125,-0.244140625,-0.5615234375,-0.23193359375,-0.18310546875,0.03662109375,-0.4638671875,0.45166015625,-1.025390625,-0.09765625,-0.7080078125,-0.18310546875,0.9521484375,-0.09765625,0.3662109375,-0.0732421875,0.048828125,-0.06103515625,-0.048828125,-0.01220703125,0.1953125,-0.03662109375,-0.10986328125,0.10986328125,0.732421875,-0.0732421875,-0.48828125,-0.0244140625,-0.5859375
0,-0.30517578125,-0.40283203125,-0.146484375,-0.3662109375,0.09765625,-0.42724609375,-0.18310546875,-0.0732421875,0.15869140625,-0.03662109375,-0.06103515625,-0.9033203125,-0.1953125,1.08642578125,0.03662109375,-0.146484375,0.18310546875,-0.57373046875,-0.10986328125,-0.10986328125,-0.2685546875,0.8544921875,0,-0.57373046875,0.146484375,5.4443359375,-0.20751953125,9.0087890625,0.1953125,8.16650390625,0.18310546875,6.4453125,0.18310546875,-0.30517578125,0.01220703125,-0.84228515625,-0.09765625,-0.341796875,-0.01220703125,-0.78125,-0.2685546875,-0.18310546875,-0.54931640625,-0.68359375,-0.06103515625,-0.390625,-0.29296875,0.634765625,0.03662109375,1.1474609375,0.1953125,0.45166015625,-0.1953125,-0.2197265625,0.08544921875,0.6591796875,0.01220703125,0.62255859375,0.048828125,0.1953125,-0.06103515625,0.59814453125,-0.3173828125,0.32958984375,-0.01220703125,0.5615234375,-0.2685546875,0.98876953125,-0.1708984375,0.13427734375,-0.23193359375,0.1220703125,-0.18310546875,0.15869140625,0.09765625,0.79345703125,0.0732421875,-0.03662109375,0.2197265625,1.28173828125,0.23193359375,-1.0009765625,-0.048828125,-0.4150390625,-0.1953125,-0.9765625,-0.048828125,-0.8056640625,-0.03662109375,0.42724609375,0.03662109375,3.80859375,0.13427734375,1.9287109375,0.01220703125,1.3916015625,-0.09765625,-0.68359375,0.01220703125,-0.81787109375,-0.244140625,-0.57373046875,-0.23193359375,-0.1708984375,0.10986328125,-0.439453125,0.341796875,-0.830078125,-0.09765625,-0.67138671875,-0.146484375,0.927734375,-0.0732421875,0.3662109375,-0.08544921875,0.0244140625,-0.06103515625,-0.03662109375,-0.01220703125,0.18310546875,0.01220703125,-0.09765625,0.09765625,0.72021484375,-0.08544921875,-0.50048828125,0,-0.59814453125
0,-0.30517578125,-0.37841796875,-0.1220703125,-0.3662109375,0.10986328125,-0.42724609375,-0.2197265625,-0.0732421875,0.1953125,-0.048828125,-0.0732421875,-0.9033203125,-0.15869140625,1.08642578125,0.048828125,-0.146484375,0.18310546875,-0.57373046875,-0.146484375,-0.10986328125,-0.30517578125,0.87890625,-0.03662109375,-0.57373046875,0.10986328125,5.26123046875,-0.1708984375,8.67919921875,0.18310546875,7.94677734375,0.13427734375,6.23779296875,0.09765625,-0.30517578125,0.146484375,-0.8544921875,-0.10986328125,-0.341796875,0.01220703125,-0.78125,-0.1953125,-0.1953125,-0.5615234375,-0.68359375,-0.06103515625,-0.390625,-0.1953125,0.64697265625,-0.01220703125,1.171875,0.2197265625,0.4638671875,-0.1708984375,-0.1953125,0.10986328125,0.67138671875,0.0244140625,0.5615234375,0.08544921875,0.1708984375,-0.244140625,0.45166015625,-0.37841796875,0.2685546875,-0.0244140625,0.5859375,-0.2197265625,1.0009765625,-0.146484375,0.146484375,-0.23193359375,0.09765625,-0.1953125,0.18310546875,0.1708984375,0.8056640625,0.0732421875,-0.0244140625,0.1708984375,1.26953125,0.2685546875,-1.01318359375,-0.08544921875,-0.4150390625,-0.1220703125,-0.98876953125,-0.0244140625,-0.81787109375,0.03662109375,0.2197265625,0.08544921875,3.50341796875,0.13427734375,1.69677734375,0.048828125,1.18408203125,-0.10986328125,-0.6591796875,0.03662109375,-0.79345703125,-0.2197265625,-0.59814453125,-0.20751953125,-0.15869140625,0.13427734375,-0.23193359375,0.15869140625,-0.4150390625,-0.10986328125,-0.50048828125,-0.1220703125,1.13525390625,-0.08544921875,0.35400390625,-0.10986328125,0.01220703125,-0.0732421875,-0.03662109375,-0.03662109375,0.1708984375,0.06103515625,-0.10986328125,0.0732421875,0.732421875,-0.06103515625,-0.48828125,0.0244140625,-0.5859375
0,-0.30517578125,-0.37841796875,-0.13427734375,-0.40283203125,0.15869140625,-0.40283203125,-0.20751953125,-0.06103515625,0.1953125,-0.06103515625,-0.06103515625,-0.89111328125,-0.13427734375,1.11083984375,0.0732421875,-0.15869140625,0.146484375,-0.5859375,-0.13427734375,-0.1220703125,-0.3662109375,0.9033203125,-0.0244140625,-0.57373046875,0.03662109375,4.87060546875,-0.13427734375,8.06884765625,0.1220703125,7.50732421875,0.048828125,5.84716796875,-0.0244140625,-0.341796875,0.244140625,-0.87890625,-0.10986328125,-0.40283203125,0.08544921875,-0.79345703125,-0.13427734375,-0.2197265625,-0.62255859375,-0.732421875,-0.08544921875,-0.4150390625,-0.10986328125,0.634765625,-0.0244140625,1.171875,0.30517578125,0.47607421875,-0.13427734375,-0.1953125,0.1220703125,0.6591796875,-0.03662109375,0.50048828125,0.08544921875,0.15869140625,-0.1953125,0.32958984375,-0.4150390625,0.2685546875,0,0.57373046875,-0.13427734375,1.01318359375,-0.1220703125,0.18310546875,-0.2197265625,0.1220703125,-0.2197265625,0.20751953125,0.18310546875,0.79345703125,0.048828125,-0.0244140625,0.09765625,1.28173828125,0.2685546875,-0.98876953125,-0.13427734375,-0.4150390625,0.0244140625,-1.0009765625,0.0244140625,-0.79345703125,0.0244140625,-0.06103515625,0.0732421875,2.978515625,0.13427734375,1.416015625,0.09765625,0.8544921875,-0.1708984375,-0.6591796875,0.10986328125,-0.76904296875,-0.20751953125,-0.634765625,-0.13427734375,-0.146484375,0.13427734375,0.18310546875,0.06103515625,0.23193359375,-0.146484375,-0.1708984375,-0.146484375,1.55029296875,-0.06103515625,0.341796875,-0.1220703125,0.01220703125,-0.06103515625,0,-0.01220703125,0.15869140625,0.08544921875,-0.09765625,0.06103515625,0.7568359375,-0.09765625,-0.48828125,0.0244140625,-0.57373046875
0,-0.35400390625,-0.3662109375,-0.146484375,-0.390625,0.1953125,-0.40283203125,-0.1708984375,-0.08544921875,0.23193359375,-0.08544921875,-0.048828125,-0.89111328125,-0.09765625,1.123046875,0.0732421875,-0.15869140625,0.06103515625,-0.5615234375,-0.08544921875,-0.10986328125,-0.4150390625,0.9033203125,0.06103515625,-0.5859375,-0.0732421875,4.3701171875,-0.146484375,7.21435546875,0.048828125,6.89697265625,-0.06103515625,5.2978515625,-0.13427734375,-0.37841796875,0.37841796875,-0.9033203125,-0.13427734375,-0.42724609375,0.146484375,-0.79345703125,-0.06103515625,-0.18310546875,-0.69580078125,-0.7568359375,-0.10986328125,-0.390625,-0.01220703125,0.634765625,-0.048828125,1.1474609375,0.30517578125,0.48828125,-0.08544921875,-0.18310546875,0.2197265625,0.69580078125,-0.1708984375,0.47607421875,0.09765625,0.1708984375,-0.30517578125,0.2197265625,-0.47607421875,0.20751953125,0,0.6103515625,-0.01220703125,1.03759765625,-0.10986328125,0.2197265625,-0.1708984375,0.146484375,-0.2197265625,0.20751953125,0.20751953125,0.830078125,0.03662109375,-0.0244140625,0.06103515625,1.2939453125,0.2197265625,-0.98876953125,-0.15869140625,-0.390625,0.18310546875,-1.01318359375,0.01220703125,-0.76904296875,-0.0244140625,-0.390625,0.10986328125,2.28271484375,0.1220703125,1.08642578125,0.146484375,0.5126953125,-0.1708984375,-0.69580078125,0.13427734375,-0.76904296875,-0.2197265625,-0.634765625,-0.08544921875,-0.1708984375,0.1220703125,0.79345703125,0.0244140625,1.1474609375,-0.1708984375,0.3173828125,-0.1953125,2.1728515625,-0.09765625,0.341796875,-0.10986328125,0.01220703125,-0.0732421875,0,-0.01220703125,0.15869140625,0.13427734375,-0.0732421875,0.03662109375,0.72021484375,-0.0732421875,-0.48828125,0.0244140625,-0.57373046875
0,-0.341796875,-0.3662109375,-0.146484375,-0.3662109375,0.23193359375,-0.40283203125,-0.146484375,-0.06103515625,0.25634765625,-0.06103515625,-0.06103515625,-0.89111328125,-0.08544921875,1.13525390625,0.048828125,-0.1220703125,-0.0244140625,-0.5615234375,-0.03662109375,-0.1220703125,-0.42724609375,0.9033203125,0.13427734375,-0.5615234375,-0.1953125,3.74755859375,-0.15869140625,6.21337890625,-0.06103515625,6.1279296875,-0.1708984375,4.62646484375,-0.25634765625,-0.40283203125,0.50048828125,-0.93994140625,-0.18310546875,-0.439453125,0.1953125,-0.81787109375,-0.0244140625,-0.2197265625,-0.74462890625,-0.76904296875,-0.09765625,-0.4150390625,0.0244140625,0.62255859375,-0.08544921875,1.123046875,0.3173828125,0.50048828125,0,-0.18310546875,0.30517578125,0.69580078125,-0.13427734375,0.4638671875,0.1708984375,0.2197265625,-0.2685546875,0.1708984375,-0.42724609375,0.1708984375,0,0.634765625,0.08544921875,1.025390625,-0.08544921875,0.25634765625,-0.1220703125,0.1708984375,-0.1708984375,0.20751953125,0.2197265625,0.830078125,-0.01220703125,-0.0244140625,0.03662109375,1.33056640625,0.146484375,-0.98876953125,-0.1708984375,-0.37841796875,0.29296875,-0.98876953125,-0.03662109375,-0.74462890625,-0.146484375,-0.7080078125,0.0732421875,1.5380859375,0.0244140625,0.7568359375,0.1220703125,0.146484375,-0.1708984375,-0.69580078125,0.1708984375,-0.76904296875,-0.244140625,-0.6103515625,-0.0732421875,-0.1708984375,0.18310546875,1.55029296875,0.15869140625,2.33154296875,-0.1953125,0.927734375,-0.15869140625,2.99072265625,-0.06103515625,0.35400390625,-0.146484375,0.048828125,-0.0732421875,0.01220703125,0,0.1708984375,0.1220703125,-0.03662109375,0.03662109375,0.732421875,-0.0732421875,-0.50048828125,0,-0.57373046875
0,-0.3173828125,-0.3662109375,-0.13427734375,-0.341796875,0.23193359375,-0.40283203125,-0.13427734375,-0.06103515625,0.29296875,-0.06103515625,-0.06103515625,-0.9033203125,-0.0732421875,1.1474609375,0.03662109375,-0.15869140625,-0.06103515625,-0.537109375,0.048828125,-0.10986328125,-0.4150390625,0.9033203125,0.1953125,-0.5859375,-0.30517578125,3.08837890625,-0.2197265625,5.09033203125,-0.13427734375,5.28564453125,-0.1953125,3.90625,-0.20751953125,-0.390625,0.57373046875,-0.93994140625,-0.18310546875,-0.47607421875,0.20751953125,-0.8056640625,0.01220703125,-0.23193359375,-0.74462890625,-0.76904296875,-0.06103515625,-0.37841796875,0.048828125,0.62255859375,-0.0732421875,1.0986328125,0.30517578125,0.47607421875,0.08544921875,-0.1708984375,0.390625,0.72021484375,-0.20751953125,0.45166015625,0.1708984375,0.25634765625,-0.1708984375,0.13427734375,-0.47607421875,0.146484375,0,0.62255859375,0.1953125,1.03759765625,-0.1220703125,0.2685546875,-0.06103515625,0.18310546875,-0.06103515625,0.2197265625,0.244140625,0.830078125,-0.08544921875,-0.01220703125,0.03662109375,1.318359375,0.06103515625,-0.96435546875,-0.1708984375,-0.37841796875,0.37841796875,-0.98876953125,-0.06103515625,-0.74462890625,-0.244140625,-0.93994140625,0.048828125,0.81787109375,-0.03662109375,0.47607421875,0.1708984375,-0.15869140625,-0.146484375,-0.67138671875,0.146484375,-0.76904296875,-0.25634765625,-0.6103515625,-0.0732421875,-0.1708984375,0.13427734375,2.40478515625,0.30517578125,3.62548828125,-0.23193359375,1.64794921875,-0.25634765625,3.89404296875,-0.048828125,0.341796875,-0.15869140625,0.048828125,-0.06103515625,0.01220703125,0.01220703125,0.18310546875,0.146484375,-0.03662109375,0.0244140625,0.7568359375,-0.06103515625,-0.5126953125,0,-0.5615234375
0,-0.30517578125,-0.341796875,-0.146484375,-0.3173828125,0.244140625,-0.4150390625,-0.13427734375,-0.06103515625,0.29296875,-0.01220703125,-0.06103515625,-0.9033203125,-0.03662109375,1.1474609375,0,-0.15869140625,-0.10986328125,-0.54931640625,0.10986328125,-0.1220703125,-0.390625,0.87890625,0.23193359375,-0.57373046875,-0.40283203125,2.40478515625,-0.2685546875,3.9794921875,-0.23193359375,4.43115234375,-0.18310546875,3.16162109375,-0.15869140625,-0.390625,0.59814453125,-0.93994140625,-0.20751953125,-0.47607421875,0.25634765625,-0.8056640625,-0.03662109375,-0.23193359375,-0.74462890625,-0.7568359375,-0.048828125,-0.37841796875,0.03662109375,0.6103515625,-0.0732421875,1.08642578125,0.30517578125,0.48828125,0.146484375,-0.18310546875,0.48828125,0.69580078125,-0.20751953125,0.47607421875,0.2197265625,0.29296875,-0.2197265625,0.13427734375,-0.47607421875,0.1220703125,-0.048828125,0.5859375,0.244140625,1.01318359375,-0.10986328125,0.28076171875,0.0244140625,0.20751953125,0.0244140625,0.23193359375,0.23193359375,0.830078125,-0.15869140625,-0.0244140625,0.03662109375,1.2939453125,-0.03662109375,-0.9521484375,-0.1220703125,-0.37841796875,0.439453125,-0.9765625,-0.10986328125,-0.7568359375,-0.3173828125,-1.0986328125,0,0.3173828125,-0.0732421875,0.32958984375,0.15869140625,-0.37841796875,-0.10986328125,-0.68359375,0.1220703125,-0.76904296875,-0.2685546875,-0.6103515625,-0.0732421875,-0.18310546875,0.1220703125,3.25927734375,0.52490234375,4.931640625,-0.20751953125,2.33154296875,-0.2685546875,4.79736328125,-0.0244140625,0.32958984375,-0.18310546875,0.048828125,-0.06103515625,0.0244140625,0,0.1708984375,0.09765625,-0.01220703125,0.048828125,0.78125,-0.03662109375,-0.52490234375,-0.0244140625,-0.54931640625
0,-0.35400390625,-0.341796875,-0.13427734375,-0.3173828125,0.28076171875,-0.42724609375,-0.15869140625,-0.0732421875,0.30517578125,0.048828125,-0.06103515625,-0.9033203125,-0.048828125,1.13525390625,-0.0244140625,-0.15869140625,-0.06103515625,-0.54931640625,0.15869140625,-0.1220703125,-0.3173828125,0.87890625,0.2197265625,-0.5859375,-0.45166015625,1.7578125,-0.29296875,2.91748046875,-0.25634765625,3.61328125,-0.13427734375,2.45361328125,-0.0244140625,-0.3662109375,0.57373046875,-0.927734375,-0.244140625,-0.48828125,0.1953125,-0.81787109375,-0.048828125,-0.244140625,-0.62255859375,-0.72021484375,-0.0244140625,-0.37841796875,0,0.6103515625,-0.0732421875,1.11083984375,0.2685546875,0.439453125,0.1708984375,-0.15869140625,0.5126953125,0.69580078125,-0.1953125,0.4638671875,0.2197265625,0.3173828125,-0.1953125,0.13427734375,-0.4150390625,0.08544921875,-0.048828125,0.52490234375,0.3173828125,1.01318359375,-0.09765625,0.28076171875,0.06103515625,0.1953125,0.1220703125,0.2197265625,0.1708984375,0.84228515625,-0.2197265625,-0.01220703125,0.03662109375,1.26953125,-0.10986328125,-0.93994140625,-0.10986328125,-0.37841796875,0.390625,-0.98876953125,-0.10986328125,-0.7568359375,-0.40283203125,-1.123046875,-0.146484375,0.09765625,-0.09765625,0.341796875,0.146484375,-0.40283203125,-0.146484375,-0.68359375,0.0244140625,-0.76904296875,-0.28076171875,-0.6103515625,-0.08544921875,-0.1953125,0.03662109375,3.9794921875,0.6591796875,6.11572265625,-0.23193359375,2.94189453125,-0.28076171875,5.615234375,-0.01220703125,0.32958984375,-0.1708984375,0.048828125,-0.06103515625,0.048828125,-0.01220703125,0.18310546875,0.06103515625,-0.01220703125,0.06103515625,0.76904296875,-0.0244140625,-0.52490234375,-0.0244140625,-0.54931640625
1,-0.341796875,-0.341796875,-0.15869140625,-0.32958984375,0.30517578125,-0.42724609375,-0.1708984375,-0.08544921875,0.30517578125,0.08544921875,-0.048828125,-0.91552734375,-0.0732421875,1.15966796875,-0.048828125,-0.15869140625,-0.03662109375,-0.5615234375,0.13427734375,-0.10986328125,-0.23193359375,0.8544921875,0.1708984375,-0.59814453125,-0.4638671875,1.13525390625,-0.3173828125,1.904296875,-0.244140625,2.8564453125,-0.0732421875,1.7822265625,0.10986328125,-0.35400390625,0.537109375,-0.9033203125,-0.25634765625,-0.48828125,0.10986328125,-0.8056640625,-0.10986328125,-0.244140625,-0.537109375,-0.69580078125,-0.0244140625,-0.37841796875,-0.048828125,0.6103515625,-0.048828125,1.13525390625,0.244140625,0.42724609375,0.2197265625,-0.146484375,0.5126953125,0.7080078125,-0.2197265625,0.48828125,0.25634765625,0.32958984375,-0.1220703125,0.146484375,-0.4638671875,0.03662109375,-0.0732421875,0.40283203125,0.3173828125,0.98876953125,-0.0244140625,0.2685546875,0.06103515625,0.1708984375,0.20751953125,0.20751953125,0.0732421875,0.81787109375,-0.2685546875,-0.01220703125,0.03662109375,1.26953125,-0.15869140625,-0.93994140625,-0.0732421875,-0.37841796875,0.32958984375,-0.9765625,-0.09765625,-0.78125,-0.40283203125,-0.98876953125,-0.09765625,0.29296875,-0.048828125,0.5126953125,0.13427734375,-0.25634765625,-0.10986328125,-0.69580078125,-0.048828125,-0.76904296875,-0.29296875,-0.6103515625,-0.0732421875,-0.1953125,-0.0244140625,4.6142578125,0.634765625,7.1044921875,-0.23193359375,3.40576171875,-0.3173828125,6.23779296875,0,0.3173828125,-0.18310546875,0.048828125,-0.08544921875,0.03662109375,-0.03662109375,0.1953125,0.048828125,0,0.048828125,0.76904296875,-0.0244140625,-0.537109375,-0.01220703125,-0.537109375
1,-0.439453125,-0.341796875,-0.1953125,-0.341796875,0.3173828125,-0.4150390625,-0.1708984375,-0.10986328125,0.32958984375,0.13427734375,-0.048828125,-0.9033203125,-0.0732421875,1.123046875,-0.03662109375,-0.1708984375,0.0244140625,-0.57373046875,0.146484375,-0.09765625,-0.13427734375,0.84228515625,0.1220703125,-0.62255859375,-0.4150390625,0.59814453125,-0.30517578125,1.025390625,-0.2197265625,2.1728515625,-0.048828125,1.15966796875,0.244140625,-0.3173828125,0.439453125,-0.89111328125,-0.29296875,-0.47607421875,0.06103515625,-0.81787109375,-0.18310546875,-0.23193359375,-0.42724609375,-0.67138671875,-0.048828125,-0.40283203125,-0.0732421875,0.6103515625,-0.0732421875,1.1474609375,0.25634765625,0.390625,0.25634765625,-0.146484375,0.537109375,0.67138671875,-0.13427734375,0.5126953125,0.244140625,0.341796875,-0.048828125,0.1953125,-0.4150390625,0.01220703125,-0.01220703125,0.3173828125,0.29296875,0.9765625,0.03662109375,0.244140625,0.09765625,0.1708984375,0.244140625,0.1953125,-0.01220703125,0.84228515625,-0.2685546875,-0.0244140625,0.03662109375,1.26953125,-0.146484375,-0.93994140625,-0.0732421875,-0.37841796875,0.244140625,-0.98876953125,-0.08544921875,-0.79345703125,-0.341796875,-0.69580078125,-0.06103515625,0.9033203125,0,0.84228515625,0.1220703125,0.13427734375,-0.1220703125,-0.69580078125,-0.10986328125,-0.79345703125,-0.341796875,-0.5859375,-0.06103515625,-0.1953125,-0.0244140625,4.9560546875,0.62255859375,7.77587890625,-0.244140625,3.67431640625,-0.28076171875,6.62841796875,0.0244140625,0.3173828125,-0.18310546875,0.06103515625,-0.06103515625,0.03662109375,-0.0732421875,0.1953125,-0.01220703125,0,0.0244140625,0.76904296875,-0.0244140625,-0.52490234375,-0.01220703125,-0.537109375
1,-0.42724609375,-0.341796875,-0.20751953125,-0.3662109375,0.32958984375,-0.42724609375,-0.15869140625,-0.1220703125,0.390625,0.15869140625,-0.0732421875,-0.9033203125,-0.09765625,1.0986328125,-0.03662109375,-0.1953125,0.0732421875,-0.5615234375,0.06103515625,-0.08544921875,-0.06103515625,0.81787109375,0.06103515625,-0.6103515625,-0.35400390625,0.08544921875,-0.28076171875,0.23193359375,-0.1708984375,1.5625,-0.0732421875,0.62255859375,0.32958984375,-0.28076171875,0.390625,-0.86669921875,-0.32958984375,-0.45166015625,-0.03662109375,-0.81787109375,-0.25634765625,-0.2197265625,-0.3173828125,-0.6591796875,-0.08544921875,-0.40283203125,-0.13427734375,0.6103515625,-0.0732421875,1.15966796875,0.28076171875,0.390625,0.2685546875,-0.146484375,0.50048828125,0.64697265625,-0.1220703125,0.54931640625,0.146484375,0.35400390625,0,0.2685546875,-0.390625,0.0244140625,0.0244140625,0.2197265625,0.32958984375,0.98876953125,0.10986328125,0.20751953125,0.0732421875,0.146484375,0.244140625,0.1953125,-0.0732421875,0.81787109375,-0.2685546875,-0.03662109375,0.06103515625,1.26953125,-0.10986328125,-0.9765625,-0.048828125,-0.40283203125,0.13427734375,-1.0009765625,-0.03662109375,-0.830078125,-0.3173828125,-0.20751953125,-0.0732421875,1.9287109375,0.0732421875,1.3671875,0.09765625,0.69580078125,-0.09765625,-0.69580078125,-0.18310546875,-0.8056640625,-0.3662109375,-0.5859375,-0.03662109375,-0.18310546875,-0.06103515625,5.04150390625,0.64697265625,8.04443359375,-0.2197265625,3.77197265625,-0.2685546875,6.72607421875,0,0.32958984375,-0.18310546875,0.03662109375,-0.0732421875,0.06103515625,-0.09765625,0.1708984375,-0.0244140625,0,0.01220703125,0.76904296875,-0.048828125,-0.537109375,0,-0.54931640625
1,-0.45166015625,-0.35400390625,-0.23193359375,-0.40283203125,0.32958984375,-0.40283203125,-0.1708984375,-0.1220703125,0.40283203125,0.18310546875,-0.0732421875,-0.89111328125,-0.13427734375,1.0986328125,-0.03662109375,-0.1953125,0.1220703125,-0.54931640625,0.01220703125,-0.09765625,-0.03662109375,0.84228515625,0.0244140625,-0.6103515625,-0.28076171875,-0.32958984375,-0.244140625,-0.42724609375,-0.06103515625,1.0498046875,-0.09765625,0.1708984375,0.30517578125,-0.23193359375,0.4150390625,-0.8544921875,-0.341796875,-0.4150390625,-0.03662109375,-0.81787109375,-0.30517578125,-0.20751953125,-0.23193359375,-0.634765625,-0.15869140625,-0.4150390625,-0.13427734375,0.62255859375,-0.08544921875,1.171875,0.341796875,0.390625,0.30517578125,-0.13427734375,0.48828125,0.6591796875,-0.03662109375,0.5859375,0.1953125,0.3662109375,0.15869140625,0.32958984375,-0.32958984375,0.06103515625,0.03662109375,0.13427734375,0.29296875,0.9765625,0.15869140625,0.18310546875,0.0244140625,0.15869140625,0.2197265625,0.1953125,-0.10986328125,0.8056640625,-0.244140625,-0.03662109375,0.048828125,1.28173828125,-0.03662109375,-0.9765625,-0.03662109375,-0.390625,0.01220703125,-1.0009765625,-0.01220703125,-0.8544921875,-0.2685546875,0.3662109375,0.0244140625,3.2958984375,0.146484375,2.0263671875,0.01220703125,1.42822265625,-0.03662109375,-0.68359375,-0.20751953125,-0.8056640625,-0.35400390625,-0.5615234375,-0.0244140625,-0.1953125,0.03662109375,4.9072265625,0.7080078125,7.92236328125,-0.15869140625,3.662109375,-0.23193359375,6.55517578125,-0.01220703125,0.32958984375,-0.18310546875,0.03662109375,-0.0732421875,0.08544921875,-0.1220703125,0.146484375,-0.03662109375,-0.01220703125,0.01220703125,0.7568359375,-0.0732421875,-0.47607421875,0,-0.537109375
1,-0.47607421875,-0.3662109375,-0.244140625,-0.40283203125,0.35400390625,-0.439453125,-0.13427734375,-0.09765625,0.4150390625,0.20751953125,-0.06103515625,-0.89111328125,-0.13427734375,1.08642578125,-0.01220703125,-0.1708984375,0.146484375,-0.57373046875,-0.03662109375,-0.09765625,-0.0732421875,0.830078125,0.0244140625,-0.6103515625,-0.1953125,-0.68359375,-0.18310546875,-1.0009765625,0,0.59814453125,-0.146484375,-0.20751953125,0.23193359375,-0.244140625,0.42724609375,-0.87890625,-0.37841796875,-0.390625,-0.01220703125,-0.8056640625,-0.29296875,-0.20751953125,-0.2197265625,-0.6591796875,-0.20751953125,-0.439453125,-0.1708984375,0.62255859375,-0.0732421875,1.18408203125,0.37841796875,0.4150390625,0.244140625,-0.10986328125,0.4638671875,0.67138671875,0.03662109375,0.6591796875,0.20751953125,0.40283203125,0.15869140625,0.4150390625,-0.28076171875,0.13427734375,0.10986328125,0.10986328125,0.1953125,1.0009765625,0.15869140625,0.15869140625,-0.0244140625,0.146484375,0.2197265625,0.1708984375,-0.146484375,0.8056640625,-0.20751953125,-0.0244140625,0.048828125,1.30615234375,0.03662109375,-0.98876953125,0,-0.4150390625,-0.1220703125,-1.03759765625,-0.0244140625,-0.84228515625,-0.1708984375,1.01318359375,0.1220703125,4.833984375,0.23193359375,2.74658203125,0.0244140625,2.23388671875,0,-0.6591796875,-0.20751953125,-0.81787109375,-0.3173828125,-0.5859375,-0.0244140625,-0.1953125,0.09765625,4.541015625,0.5859375,7.470703125,-0.06103515625,3.38134765625,-0.2197265625,6.201171875,-0.01220703125,0.341796875,-0.1708984375,0.03662109375,-0.08544921875,0.0732421875,-0.10986328125,0.146484375,-0.03662109375,0,0,0.78125,-0.1220703125,-0.48828125,0.03662109375,-0.52490234375
1,-0.48828125,-0.35400390625,-0.23193359375,-0.40283203125,0.35400390625,-0.4150390625,-0.15869140625,-0.1220703125,0.42724609375,0.20751953125,-0.048828125,-0.86669921875,-0.15869140625,1.07421875,0.01220703125,-0.13427734375,0.15869140625,-0.57373046875,-0.03662109375,-0.10986328125,-0.1708984375,0.8544921875,0,-0.59814453125,-0.15869140625,-0.93994140625,-0.15869140625,-1.4404296875,0.0244140625,0.2197265625,-0.1953125,-0.50048828125,0.09765625,-0.23193359375,0.50048828125,-0.91552734375,-0.3662109375,-0.37841796875,-0.03662109375,-0.8056640625,-0.20751953125,-0.23193359375,-0.1708984375,-0.6591796875,-0.23193359375,-0.4150390625,-0.1708984375,0.62255859375,-0.0732421875,1.18408203125,0.40283203125,0.4150390625,0.08544921875,-0.1220703125,0.439453125,0.69580078125,0.03662109375,0.74462890625,0.1708984375,0.390625,0.25634765625,0.50048828125,-0.2197265625,0.244140625,0.15869140625,0.10986328125,0.08544921875,1.025390625,0.1953125,0.15869140625,-0.06103515625,0.15869140625,0.1953125,0.1953125,-0.18310546875,0.8056640625,-0.15869140625,-0.03662109375,0.0244140625,1.2939453125,0.0732421875,-1.0009765625,0.06103515625,-0.40283203125,-0.20751953125,-1.0498046875,-0.09765625,-0.84228515625,-0.15869140625,1.64794921875,0.1220703125,6.3720703125,0.23193359375,3.47900390625,0.03662109375,3.06396484375,0.03662109375,-0.67138671875,-0.20751953125,-0.79345703125,-0.25634765625,-0.59814453125,-0.06103515625,-0.18310546875,0.09765625,4.0771484375,0.47607421875,6.7626953125,-0.048828125,2.978515625,-0.244140625,5.6640625,0.01220703125,0.3662109375,-0.1708984375,0,-0.0732421875,0.06103515625,-0.10986328125,0.13427734375,-0.01220703125,0,-0.03662109375,0.78125,-0.10986328125,-0.47607421875,0.048828125,-0.52490234375
1,-0.52490234375,-0.3662109375,-0.2685546875,-0.390625,0.341796875,-0.4150390625,-0.146484375,-0.09765625,0.40283203125,0.20751953125,-0.03662109375,-0.86669921875,-0.1708984375,1.07421875,0.03662109375,-0.1220703125,0.10986328125,-0.5615234375,-0.0244140625,-0.1220703125,-0.25634765625,0.86669921875,-0.0244140625,-0.6103515625,-0.09765625,-1.11083984375,-0.13427734375,-1.74560546875,0.09765625,-0.048828125,-0.146484375,-0.7080078125,-0.03662109375,-0.25634765625,0.4638671875,-0.91552734375,-0.3173828125,-0.390625,-0.01220703125,-0.78125,-0.13427734375,-0.23193359375,-0.1953125,-0.69580078125,-0.23193359375,-0.439453125,-0.1953125,0.62255859375,-0.146484375,1.171875,0.439453125,0.439453125,-0.03662109375,-0.10986328125,0.42724609375,0.69580078125,0.048828125,0.84228515625,0.146484375,0.4150390625,0.23193359375,0.5615234375,-0.13427734375,0.35400390625,0.20751953125,0.13427734375,0.01220703125,1.01318359375,0.1708984375,0.15869140625,-0.1220703125,0.15869140625,0.13427734375,0.18310546875,-0.1708984375,0.79345703125,-0.09765625,-0.03662109375,-0.01220703125,1.318359375,0.10986328125,-1.025390625,0.0732421875,-0.4150390625,-0.25634765625,-1.0498046875,-0.1708984375,-0.84228515625,-0.146484375,2.2216796875,0.244140625,7.75146484375,0.23193359375,4.11376953125,0.03662109375,3.80859375,0.0244140625,-0.64697265625,-0.13427734375,-0.79345703125,-0.20751953125,-0.6103515625,-0.08544921875,-0.18310546875,0.06103515625,3.515625,0.32958984375,5.8837890625,-0.0244140625,2.5390625,-0.29296875,5.1025390625,0.0244140625,0.37841796875,-0.146484375,0.0244140625,-0.0732421875,0.03662109375,-0.08544921875,0.146484375,-0.01220703125,0.0244140625,-0.0732421875,0.79345703125,-0.10986328125,-0.47607421875,0.06103515625,-0.52490234375
1,-0.52490234375,-0.37841796875,-0.30517578125,-0.3662109375,0.341796875,-0.42724609375,-0.18310546875,-0.08544921875,0.390625,0.18310546875,-0.0244140625,-0.86669921875,-0.18310546875,1.08642578125,0.0244140625,-0.13427734375,0.01220703125,-0.5615234375,-0.01220703125,-0.146484375,-0.29296875,0.86669921875,0.03662109375,-0.59814453125,0.01220703125,-1.20849609375,-0.03662109375,-1.953125,0.0732421875,-0.23193359375,-0.048828125,-0.8056640625,-0.1220703125,-0.28076171875,0.37841796875,-0.91552734375,-0.28076171875,-0.390625,0.01220703125,-0.79345703125,-0.03662109375,-0.20751953125,-0.23193359375,-0.7080078125,-0.15869140625,-0.42724609375,-0.1708984375,0.62255859375,-0.13427734375,1.15966796875,0.439453125,0.45166015625,-0.1708984375,-0.1220703125,0.37841796875,0.72021484375,0.0732421875,0.87890625,0.1708984375,0.42724609375,0.29296875,0.634765625,-0.0244140625,0.4638671875,0.244140625,0.20751953125,-0.09765625,1.0009765625,0.15869140625,0.1708984375,-0.18310546875,0.1708984375,0.0732421875,0.1953125,-0.18310546875,0.78125,-0.01220703125,-0.048828125,-0.048828125,1.30615234375,0.10986328125,-1.03759765625,0.09765625,-0.40283203125,-0.2685546875,-1.03759765625,-0.23193359375,-0.830078125,-0.048828125,2.67333984375,0.30517578125,8.82568359375,0.244140625,4.638671875,0.146484375,4.4189453125,-0.03662109375,-0.62255859375,-0.0732421875,-0.79345703125,-0.15869140625,-0.59814453125,-0.09765625,-0.20751953125,-0.01220703125,3.06396484375,0.2197265625,5.04150390625,-0.01220703125,2.1484375,-0.3173828125,4.58984375,0.0244140625,0.390625,-0.13427734375,0.01220703125,-0.0732421875,0.048828125,-0.06103515625,0.15869140625,-0.01220703125,0,-0.08544921875,0.79345703125,-0.09765625,-0.47607421875,0.06103515625,-0.5126953125
1,-0.54931640625,-0.3662109375,-0.3173828125,-0.35400390625,0.341796875,-0.45166015625,-0.146484375,-0.0732421875,0.439453125,0.1708984375,-0.01220703125,-0.87890625,-0.15869140625,1.123046875,0.0244140625,-0.10986328125,-0.0732421875,-0.537109375,-0.048828125,-0.146484375,-0.3173828125,0.87890625,0.06103515625,-0.6103515625,0.08544921875,-1.220703125,-0.01220703125,-2.01416015625,0.0244140625,-0.29296875,0.01220703125,-0.81787109375,-0.146484375,-0.3173828125,0.28076171875,-0.9521484375,-0.20751953125,-0.439453125,0.048828125,-0.79345703125,0.09765625,-0.23193359375,-0.23193359375,-0.7080078125,-0.048828125,-0.40283203125,-0.1708984375,0.6103515625,-0.13427734375,1.13525390625,0.45166015625,0.4638671875,-0.28076171875,-0.146484375,0.29296875,0.72021484375,0.01220703125,0.89111328125,0.1708984375,0.439453125,0.30517578125,0.67138671875,0.01220703125,0.48828125,0.244140625,0.29296875,-0.15869140625,1.025390625,0.10986328125,0.1708984375,-0.23193359375,0.1708984375,0.03662109375,0.1953125,-0.20751953125,0.8056640625,0.01220703125,-0.048828125,-0.09765625,1.30615234375,0.08544921875,-1.0498046875,0.10986328125,-0.3662109375,-0.30517578125,-1.025390625,-0.28076171875,-0.79345703125,-0.0244140625,2.9296875,0.20751953125,9.521484375,0.20751953125,4.96826171875,0.20751953125,4.79736328125,-0.09765625,-0.62255859375,0,-0.79345703125,-0.09765625,-0.6103515625,-0.09765625,-0.2197265625,-0.0244140625,2.67333984375,0.1220703125,4.3701171875,0,1.8310546875,-0.3173828125,4.19921875,0.0244140625,0.37841796875,-0.13427734375,0.01220703125,-0.0732421875,0.03662109375,-0.06103515625,0.18310546875,-0.01220703125,-0.01220703125,-0.09765625,0.79345703125,-0.09765625,-0.4638671875,0.0732421875,-0.50048828125
1,-0.54931640625,-0.32958984375,-0.3173828125,-0.341796875,0.32958984375,-0.42724609375,-0.13427734375,-0.08544921875,0.48828125,0.146484375,-0.01220703125,-0.86669921875,-0.1220703125,1.13525390625,0.0244140625,-0.1220703125,-0.1220703125,-0.57373046875,-0.09765625,-0.146484375,-0.29296875,0.87890625,0.08544921875,-0.62255859375,0.13427734375,-1.1474609375,-0.0244140625,-1.9775390625,-0.09765625,-0.28076171875,0.048828125,-0.7568359375,-0.09765625,-0.32958984375,0.18310546875,-0.927734375,-0.146484375,-0.47607421875,0.06103515625,-0.79345703125,0.1953125,-0.244140625,-0.18310546875,-0.7080078125,0.048828125,-0.37841796875,-0.1708984375,0.6103515625,-0.10986328125,1.11083984375,0.50048828125,0.4638671875,-0.35400390625,-0.15869140625,0.20751953125,0.72021484375,0,0.830078125,0.23193359375,0.42724609375,0.40283203125,0.68359375,0.10986328125,0.47607421875,0.25634765625,0.4150390625,-0.23193359375,1.025390625,0.048828125,0.18310546875,-0.2685546875,0.18310546875,-0.03662109375,0.20751953125,-0.18310546875,0.8056640625,0.03662109375,-0.048828125,-0.048828125,1.2939453125,0.048828125,-1.025390625,0.09765625,-0.35400390625,-0.28076171875,-0.98876953125,-0.2685546875,-0.79345703125,-0.06103515625,3.02734375,0.10986328125,9.7412109375,0.20751953125,5.11474609375,0.29296875,4.94384765625,-0.13427734375,-0.634765625,0.03662109375,-0.8056640625,-0.10986328125,-0.6103515625,-0.03662109375,-0.1953125,-0.048828125,2.47802734375,0.13427734375,3.89404296875,-0.0244140625,1.64794921875,-0.32958984375,3.99169921875,0.01220703125,0.37841796875,-0.13427734375,0.0244140625,-0.0732421875,0.0244140625,-0.0244140625,0.18310546875,-0.0244140625,-0.01220703125,-0.09765625,0.79345703125,-0.08544921875,-0.4638671875,0.048828125,-0.50048828125
1,-0.52490234375,-0.341796875,-0.32958984375,-0.32958984375,0.341796875,-0.4150390625,-0.10986328125,-0.0732421875,0.48828125,0.08544921875,-0.01220703125,-0.87890625,-0.09765625,1.13525390625,0.03662109375,-0.146484375,-0.1220703125,-0.57373046875,-0.146484375,-0.1708984375,-0.20751953125,0.86669921875,0.03662109375,-0.62255859375,0.146484375,-1.01318359375,-0.0732421875,-1.806640625,-0.20751953125,-0.13427734375,0.048828125,-0.6103515625,0.0244140625,-0.3662109375,0.1220703125,-0.927734375,-0.08544921875,-0.47607421875,0.10986328125,-0.78125,0.2197265625,-0.244140625,-0.1708984375,-0.68359375,0.13427734375,-0.37841796875,-0.15869140625,0.5859375,-0.0244140625,1.11083984375,0.5126953125,0.4638671875,-0.439453125,-0.1708984375,0.08544921875,0.7080078125,-0.08544921875,0.7568359375,0.244140625,0.40283203125,0.439453125,0.67138671875,0.13427734375,0.42724609375,0.25634765625,0.50048828125,-0.30517578125,1.01318359375,0,0.18310546875,-0.25634765625,0.1708984375,-0.10986328125,0.20751953125,-0.1708984375,0.79345703125,0.048828125,-0.03662109375,0.01220703125,1.30615234375,-0.0244140625,-1.01318359375,0.0732421875,-0.35400390625,-0.244140625,-0.9765625,-0.244140625,-0.76904296875,-0.06103515625,2.94189453125,0.01220703125,9.5458984375,0.2197265625,5.01708984375,0.32958984375,4.84619140625,-0.1220703125,-0.6591796875,0.01220703125,-0.79345703125,-0.10986328125,-0.59814453125,-0.0244140625,-0.18310546875,-0.048828125,2.42919921875,0.08544921875,3.72314453125,-0.03662109375,1.6357421875,-0.3173828125,4.00390625,0,0.40283203125,-0.13427734375,0.01220703125,-0.0732421875,0.01220703125,-0.03662109375,0.2197265625,-0.03662109375,-0.0244140625,-0.08544921875,0.79345703125,-0.10986328125,-0.4638671875,0.01220703125,-0.5126953125
1,-0.5126953125,-0.3173828125,-0.37841796875,-0.32958984375,0.341796875,-0.4150390625,-0.09765625,-0.0732421875,0.52490234375,0.0732421875,-0.01220703125,-0.87890625,-0.048828125,1.13525390625,0.03662109375,-0.146484375,-0.09765625,-0.57373046875,-0.1708984375,-0.146484375,-0.1220703125,0.84228515625,-0.048828125,-0.6103515625,0.15869140625,-0.830078125,-0.13427734375,-1.5380859375,-0.3173828125,0.08544921875,0.01220703125,-0.4150390625,0.146484375,-0.35400390625,0.0732421875,-0.927734375,-0.0244140625,-0.48828125,0.15869140625,-0.79345703125,0.20751953125,-0.244140625,-0.15869140625,-0.634765625,0.20751953125,-0.3662109375,-0.09765625,0.62255859375,0,1.123046875,0.48828125,0.45166015625,-0.48828125,-0.1708984375,-0.01220703125,0.69580078125,-0.15869140625,0.6591796875,0.25634765625,0.341796875,0.537109375,0.634765625,0.20751953125,0.30517578125,0.2197265625,0.6103515625,-0.32958984375,1.01318359375,-0.08544921875,0.18310546875,-0.18310546875,0.15869140625,-0.18310546875,0.2197265625,-0.15869140625,0.830078125,0.03662109375,-0.03662109375,0.048828125,1.28173828125,-0.0244140625,-1.025390625,0.03662109375,-0.32958984375,-0.1953125,-0.93994140625,-0.18310546875,-0.7568359375,-0.0732421875,2.7099609375,-0.09765625,8.984375,0.2685546875,4.74853515625,0.3173828125,4.5654296875,-0.08544921875,-0.6591796875,0.0244140625,-0.79345703125,-0.13427734375,-0.59814453125,-0.01220703125,-0.1708984375,-0.048828125,2.5390625,0.048828125,3.857421875,-0.09765625,1.72119140625,-0.35400390625,4.11376953125,-0.01220703125,0.37841796875,-0.10986328125,0.01220703125,-0.0732421875,0.03662109375,-0.01220703125,0.2197265625,-0.06103515625,-0.0244140625,-0.06103515625,0.79345703125,-0.10986328125,-0.4638671875,-0.01220703125,-0.50048828125
1,-0.52490234375,-0.341796875,-0.35400390625,-0.32958984375,0.35400390625,-0.40283203125,-0.09765625,-0.048828125,0.50048828125,0.01220703125,-0.0244140625,-0.87890625,-0.048828125,1.13525390625,0.06103515625,-0.146484375,-0.048828125,-0.57373046875,-0.18310546875,-0.1220703125,-0.0244140625,0.8544921875,-0.09765625,-0.62255859375,0.13427734375,-0.634765625,-0.10986328125,-1.2451171875,-0.35400390625,0.341796875,-0.0244140625,-0.1953125,0.23193359375,-0.341796875,0.03662109375,-0.91552734375,-0.0244140625,-0.4638671875,0.20751953125,-0.76904296875,0.09765625,-0.244140625,-0.1708984375,-0.57373046875,0.18310546875,-0.3662109375,0,0.62255859375,0.06103515625,1.13525390625,0.50048828125,0.439453125,-0.52490234375,-0.18310546875,-0.146484375,0.68359375,-0.18310546875,0.537109375,0.23193359375,0.3173828125,0.50048828125,0.59814453125,0.2197265625,0.20751953125,0.23193359375,0.72021484375,-0.37841796875,1.01318359375,-0.10986328125,0.18310546875,-0.10986328125,0.13427734375,-0.2685546875,0.2197265625,-0.15869140625,0.8056640625,0.03662109375,-0.01220703125,0.1220703125,1.28173828125,-0.03662109375,-0.98876953125,-0.0244140625,-0.35400390625,-0.1220703125,-0.9521484375,-0.09765625,-0.7568359375,-0.10986328125,2.34375,-0.1708984375,8.16650390625,0.29296875,4.3701171875,0.244140625,4.1015625,-0.0244140625,-0.6591796875,0.0244140625,-0.79345703125,-0.1220703125,-0.59814453125,0.06103515625,-0.146484375,-0.048828125,2.77099609375,0.03662109375,4.21142578125,-0.146484375,1.9287109375,-0.341796875,4.3701171875,0,0.390625,-0.10986328125,0.01220703125,-0.08544921875,0.06103515625,-0.03662109375,0.20751953125,-0.048828125,-0.0244140625,-0.048828125,0.79345703125,-0.1220703125,-0.4638671875,-0.0244140625,-0.5126953125
1,-0.537109375,-0.3173828125,-0.35400390625,-0.341796875,0.35400390625,-0.4150390625,-0.0732421875,-0.048828125,0.5126953125,-0.0244140625,-0.03662109375,-0.89111328125,-0.01220703125,1.123046875,0.048828125,-0.15869140625,-0.0244140625,-0.5859375,-0.146484375,-0.10986328125,0.06103515625,0.84228515625,-0.09765625,-0.62255859375,0.0732421875,-0.4638671875,-0.06103515625,-0.96435546875,-0.35400390625,0.59814453125,-0.10986328125,0.01220703125,0.20751953125,-0.341796875,0.10986328125,-0.9033203125,-0.0244140625,-0.439453125,0.25634765625,-0.7568359375,0.0244140625,-0.244140625,-0.20751953125,-0.54931640625,0.146484375,-0.37841796875,0.0732421875,0.634765625,0.10986328125,1.15966796875,0.4638671875,0.439453125,-0.5615234375,-0.1708984375,-0.25634765625,0.6591796875,-0.1708984375,0.439453125,0.20751953125,0.29296875,0.59814453125,0.64697265625,0.25634765625,0.08544921875,0.2197265625,0.81787109375,-0.390625,1.0009765625,-0.15869140625,0.1708984375,-0.0732421875,0.13427734375,-0.3173828125,0.23193359375,-0.1708984375,0.84228515625,0.03662109375,0.01220703125,0.15869140625,1.25732421875,-0.048828125,-0.98876953125,-0.09765625,-0.341796875,-0.03662109375,-0.9521484375,-0.0732421875,-0.76904296875,-0.15869140625,1.89208984375,-0.2685546875,7.2021484375,0.3173828125,3.8818359375,0.13427734375,3.57666015625,0.0244140625,-0.67138671875,0.0244140625,-0.79345703125,-0.1220703125,-0.57373046875,0.08544921875,-0.13427734375,-0.01220703125,3.0029296875,0.0732421875,4.6630859375,-0.1953125,2.1240234375,-0.32958984375,4.65087890625,0,0.37841796875,-0.10986328125,0.01220703125,-0.06103515625,0.06103515625,-0.03662109375,0.2197265625,-0.048828125,-0.0244140625,-0.06103515625,0.79345703125,-0.13427734375,-0.47607421875,-0.048828125,-0.5126953125
0,-0.48828125,-0.341796875,-0.32958984375,-0.3662109375,0.35400390625,-0.37841796875,-0.03662109375,-0.048828125,0.5615234375,-0.06103515625,-0.048828125,-0.89111328125,-0.01220703125,1.11083984375,0.048828125,-0.15869140625,-0.0244140625,-0.59814453125,-0.09765625,-0.08544921875,0.15869140625,0.84228515625,-0.09765625,-0.62255859375,0.0244140625,-0.30517578125,0.0244140625,-0.732421875,-0.2685546875,0.81787109375,-0.1953125,0.1708984375,0.13427734375,-0.29296875,0.18310546875,-0.86669921875,-0.0732421875,-0.42724609375,0.25634765625,-0.7568359375,-0.03662109375,-0.2197265625,-0.3173828125,-0.52490234375,0.08544921875,-0.3662109375,0.10986328125,0.634765625,0.10986328125,1.171875,0.4638671875,0.42724609375,-0.52490234375,-0.18310546875,-0.341796875,0.6591796875,-0.13427734375,0.40283203125,0.18310546875,0.25634765625,0.5859375,0.72021484375,0.29296875,0.048828125,0.2197265625,0.91552734375,-0.3662109375,1.01318359375,-0.15869140625,0.1708984375,-0.08544921875,0.1220703125,-0.35400390625,0.23193359375,-0.15869140625,0.8056640625,0.08544921875,0.01220703125,0.1953125,1.28173828125,-0.03662109375,-0.9765625,-0.146484375,-0.3662109375,0.06103515625,-0.98876953125,-0.06103515625,-0.76904296875,-0.1953125,1.416015625,-0.3173828125,6.201171875,0.32958984375,3.35693359375,0.03662109375,2.978515625,0.048828125,-0.7080078125,0.06103515625,-0.78125,-0.1220703125,-0.5615234375,0.08544921875,-0.1220703125,0.01220703125,3.1982421875,0.08544921875,5.04150390625,-0.244140625,2.28271484375,-0.32958984375,4.8583984375,0,0.3662109375,-0.10986328125,0.0244140625,-0.0732421875,0.048828125,-0.06103515625,0.1953125,-0.0244140625,-0.0244140625,-0.06103515625,0.8056640625,-0.1220703125,-0.47607421875,-0.06103515625,-0.50048828125
0,-0.5126953125,-0.35400390625,-0.3173828125,-0.37841796875,0.341796875,-0.37841796875,-0.0244140625,-0.06103515625,0.5615234375,-0.1220703125,-0.048828125,-0.87890625,0,1.0986328125,0.0244140625,-0.1708984375,0,-0.5859375,-0.03662109375,-0.0732421875,0.1953125,0.84228515625,-0.03662109375,-0.6103515625,-0.06103515625,-0.23193359375,0,-0.5859375,-0.1953125,0.9521484375,-0.29296875,0.25634765625,0.01220703125,-0.2685546875,0.29296875,-0.87890625,-0.1220703125,-0.390625,0.28076171875,-0.7568359375,-0.0732421875,-0.2197265625,-0.341796875,-0.5126953125,-0.03662109375,-0.390625,0.15869140625,0.634765625,0.08544921875,1.171875,0.45166015625,0.45166015625,-0.48828125,-0.1708984375,-0.40283203125,0.67138671875,-0.10986328125,0.4638671875,0.15869140625,0.30517578125,0.50048828125,0.91552734375,0.32958984375,0.09765625,0.1953125,0.98876953125,-0.3662109375,1.025390625,-0.13427734375,0.15869140625,-0.10986328125,0.13427734375,-0.3662109375,0.2197265625,-0.10986328125,0.79345703125,0.10986328125,0.01220703125,0.2197265625,1.26953125,-0.048828125,-0.9765625,-0.1953125,-0.3662109375,0.1708984375,-1.01318359375,-0.10986328125,-0.79345703125,-0.23193359375,0.93994140625,-0.3662109375,5.26123046875,0.244140625,2.83203125,0,2.392578125,0.0732421875,-0.72021484375,0.0732421875,-0.78125,-0.1220703125,-0.57373046875,0.08544921875,-0.13427734375,0.01220703125,3.23486328125,0.1220703125,5.224609375,-0.23193359375,2.3193359375,-0.3173828125,4.9072265625,-0.01220703125,0.35400390625,-0.09765625,0,-0.06103515625,0.048828125,-0.06103515625,0.18310546875,0,-0.01220703125,-0.08544921875,0.79345703125,-0.15869140625,-0.48828125,-0.0732421875,-0.5126953125
0,-0.537109375,-0.3662109375,-0.2685546875,-0.40283203125,0.35400390625,-0.390625,-0.01220703125,-0.0732421875,0.5859375,-0.13427734375,-0.0244140625,-0.91552734375,-0.0244140625,1.08642578125,0.0244140625,-0.15869140625,-0.0244140625,-0.5615234375,0.06103515625,-0.0732421875,0.1953125,0.87890625,0.06103515625,-0.6103515625,-0.048828125,-0.2197265625,0.0732421875,-0.52490234375,-0.03662109375,1.025390625,-0.3173828125,0.28076171875,-0.09765625,-0.2685546875,0.390625,-0.87890625,-0.15869140625,-0.40283203125,0.244140625,-0.7568359375,-0.01220703125,-0.23193359375,-0.4150390625,-0.52490234375,-0.08544921875,-0.390625,0.1220703125,0.64697265625,0.0732421875,1.171875,0.4150390625,0.45166015625,-0.4638671875,-0.1708984375,-0.42724609375,0.68359375,-0.09765625,0.634765625,0.13427734375,0.4150390625,0.50048828125,1.1962890625,0.30517578125,0.28076171875,0.13427734375,1.06201171875,-0.35400390625,1.01318359375,-0.10986328125,0.13427734375,-0.146484375,0.146484375,-0.30517578125,0.20751953125,-0.09765625,0.84228515625,0.1220703125,0.0244140625,0.23193359375,1.2939453125,-0.06103515625,-0.9765625,-0.20751953125,-0.37841796875,0.23193359375,-1.0498046875,-0.13427734375,-0.79345703125,-0.29296875,0.5126953125,-0.439453125,4.443359375,0.1708984375,2.3681640625,0,1.86767578125,0.08544921875,-0.72021484375,0.09765625,-0.78125,-0.1220703125,-0.5859375,0.0244140625,-0.13427734375,-0.01220703125,3.125,0.13427734375,5.1025390625,-0.2685546875,2.2216796875,-0.40283203125,4.7607421875,-0.01220703125,0.35400390625,-0.10986328125,0.01220703125,-0.06103515625,0,-0.0732421875,0.1953125,-0.01220703125,-0.0244140625,-0.13427734375,0.79345703125,-0.15869140625,-0.50048828125,-0.06103515625,-0.5126953125
0,-0.5126953125,-0.37841796875,-0.28076171875,-0.390625,0.35400390625,-0.390625,-0.0244140625,-0.08544921875,0.54931640625,-0.10986328125,-0.048828125,-0.89111328125,-0.048828125,1.0986328125,0.01220703125,-0.1708984375,-0.048828125,-0.5615234375,0.146484375,-0.0732421875,0.15869140625,0.9033203125,0.146484375,-0.6103515625,-0.10986328125,-0.2685546875,0,-0.634765625,-0.03662109375,0.9765625,-0.45166015625,0.23193359375,-0.18310546875,-0.244140625,0.45166015625,-0.9033203125,-0.20751953125,-0.37841796875,0.18310546875,-0.72021484375,0.03662109375,-0.2197265625,-0.390625,-0.52490234375,-0.10986328125,-0.4150390625,0.048828125,0.64697265625,0.0244140625,1.1474609375,0.35400390625,0.439453125,-0.40283203125,-0.146484375,-0.47607421875,0.69580078125,-0.0732421875,0.91552734375,0.08544921875,0.6103515625,0.439453125,1.611328125,0.3173828125,0.54931640625,0.1220703125,1.13525390625,-0.3173828125,1.025390625,-0.0732421875,0.1220703125,-0.18310546875,0.1708984375,-0.23193359375,0.1953125,-0.0244140625,0.84228515625,0.13427734375,0,0.18310546875,1.30615234375,-0.048828125,-0.9765625,-0.1708984375,-0.390625,0.25634765625,-1.0498046875,-0.13427734375,-0.79345703125,-0.3173828125,0.146484375,-0.45166015625,3.759765625,0.08544921875,1.953125,0.048828125,1.3916015625,0.0732421875,-0.7080078125,0.0732421875,-0.78125,-0.10986328125,-0.5859375,-0.01220703125,-0.15869140625,-0.0244140625,2.8076171875,0.30517578125,4.58984375,-0.20751953125,1.953125,-0.40283203125,4.38232421875,-0.01220703125,0.35400390625,-0.09765625,0.01220703125,-0.06103515625,-0.03662109375,-0.048828125,0.1708984375,0,0,-0.1708984375,0.81787109375,-0.1708984375,-0.5126953125,-0.0732421875,-0.50048828125
0,-0.5126953125,-0.390625,-0.28076171875,-0.4150390625,0.32958984375,-0.4150390625,-0.03662109375,-0.09765625,0.50048828125,-0.09765625,-0.0244140625,-0.89111328125,-0.06103515625,1.08642578125,-0.01220703125,-0.146484375,-0.048828125,-0.5615234375,0.2197265625,-0.0732421875,0.1220703125,0.87890625,0.2197265625,-0.6103515625,-0.13427734375,-0.37841796875,-0.0244140625,-0.79345703125,-0.03662109375,0.86669921875,-0.4150390625,0.10986328125,-0.146484375,-0.25634765625,0.390625,-0.9033203125,-0.1708984375,-0.390625,0.10986328125,-0.732421875,0.0732421875,-0.20751953125,-0.390625,-0.57373046875,-0.1220703125,-0.4150390625,-0.03662109375,0.64697265625,-0.0244140625,1.15966796875,0.29296875,0.4638671875,-0.35400390625,-0.1220703125,-0.45166015625,0.69580078125,-0.048828125,1.30615234375,0.03662109375,0.8544921875,0.37841796875,2.13623046875,0.29296875,0.96435546875,0.0732421875,1.15966796875,-0.32958984375,1.01318359375,-0.06103515625,0.13427734375,-0.1953125,0.18310546875,-0.20751953125,0.18310546875,0.048828125,0.8544921875,0.13427734375,-0.01220703125,0.15869140625,1.30615234375,-0.06103515625,-0.98876953125,-0.13427734375,-0.4150390625,0.23193359375,-1.0498046875,-0.146484375,-0.8056640625,-0.3173828125,-0.18310546875,-0.439453125,3.173828125,-0.01220703125,1.5869140625,0.09765625,0.9765625,0.08544921875,-0.72021484375,0.03662109375,-0.81787109375,-0.1220703125,-0.57373046875,-0.048828125,-0.1708984375,-0.048828125,2.2705078125,0.37841796875,3.6865234375,-0.18310546875,1.513671875,-0.45166015625,3.82080078125,-0.048828125,0.35400390625,-0.09765625,0.01220703125,-0.0732421875,-0.0732421875,0,0.1708984375,-0.0244140625,0.0244140625,-0.1708984375,0.79345703125,-0.146484375,-0.52490234375,-0.0732421875,-0.48828125
0,-0.5126953125,-0.40283203125,-0.28076171875,-0.40283203125,0.3173828125,-0.40283203125,-0.03662109375,-0.0732421875,0.48828125,-0.06103515625,-0.0244140625,-0.89111328125,-0.09765625,1.07421875,-0.0244140625,-0.15869140625,-0.0732421875,-0.5615234375,0.23193359375,-0.08544921875,0.08544921875,0.89111328125,0.23193359375,-0.6103515625,0.0244140625,-0.4638671875,0.10986328125,-0.9765625,0.01220703125,0.732421875,-0.2685546875,0.01220703125,-0.0732421875,-0.2197265625,0.3173828125,-0.91552734375,-0.146484375,-0.37841796875,0.06103515625,-0.69580078125,0.10986328125,-0.1953125,-0.3173828125,-0.6103515625,-0.10986328125,-0.4150390625,-0.146484375,0.64697265625,-0.08544921875,1.15966796875,0.30517578125,0.4638671875,-0.2197265625,-0.13427734375,-0.439453125,0.69580078125,-0.0732421875,1.79443359375,-0.01220703125,1.18408203125,0.25634765625,2.7587890625,0.1953125,1.42822265625,0.0732421875,1.15966796875,-0.244140625,1.01318359375,-0.048828125,0.13427734375,-0.20751953125,0.20751953125,-0.2197265625,0.1953125,0.08544921875,0.87890625,0.15869140625,-0.0244140625,0.09765625,1.30615234375,-0.06103515625,-1.0009765625,-0.06103515625,-0.390625,0.18310546875,-1.0498046875,-0.146484375,-0.81787109375,-0.341796875,-0.45166015625,-0.4150390625,2.67333984375,-0.09765625,1.2451171875,0.1220703125,0.59814453125,0.048828125,-0.7080078125,0.048828125,-0.81787109375,-0.13427734375,-0.5859375,-0.13427734375,-0.1953125,-0.08544921875,1.611328125,0.37841796875,2.5390625,-0.15869140625,0.98876953125,-0.47607421875,3.125,-0.048828125,0.35400390625,-0.10986328125,0.01220703125,-0.08544921875,-0.09765625,0,0.18310546875,-0.0244140625,-0.01220703125,-0.1708984375,0.78125,-0.13427734375,-0.54931640625,-0.0732421875,-0.50048828125
0,-0.50048828125,-0.40283203125,-0.29296875,-0.3662109375,0.3173828125,-0.40283203125,-0.03662109375,-0.0732421875,0.48828125,-0.0244140625,-0.01220703125,-0.89111328125,-0.10986328125,1.08642578125,-0.01220703125,-0.13427734375,-0.08544921875,-0.54931640625,0.2197265625,-0.1220703125,0.06103515625,0.89111328125,0.1708984375,-0.62255859375,0.0244140625,-0.54931640625,0.03662109375,-1.171875,-0.048828125,0.6103515625,-0.20751953125,-0.06103515625,0.048828125,-0.244140625,0.15869140625,-0.927734375,-0.10986328125,-0.390625,0.0244140625,-0.69580078125,0.09765625,-0.20751953125,-0.2197265625,-0.64697265625,-0.0732421875,-0.4150390625,-0.2197265625,0.64697265625,-0.1220703125,1.1474609375,0.25634765625,0.439453125,-0.18310546875,-0.1220703125,-0.45166015625,0.7080078125,-0.1220703125,2.3193359375,-0.048828125,1.55029296875,0.3662109375,3.38134765625,0.1953125,1.94091796875,0.09765625,1.0986328125,-0.146484375,1.01318359375,-0.03662109375,0.13427734375,-0.20751953125,0.1953125,-0.244140625,0.18310546875,0.1220703125,0.87890625,0.1220703125,-0.048828125,0.0244140625,1.318359375,-0.0244140625,-0.98876953125,0,-0.37841796875,0.08544921875,-1.01318359375,-0.10986328125,-0.81787109375,-0.32958984375,-0.69580078125,-0.37841796875,2.1728515625,-0.1220703125,0.89111328125,0.13427734375,0.2197265625,0.06103515625,-0.69580078125,0.08544921875,-0.8056640625,-0.13427734375,-0.57373046875,-0.146484375,-0.18310546875,-0.048828125,0.91552734375,0.37841796875,1.2451171875,-0.146484375,0.4150390625,-0.390625,2.3681640625,-0.06103515625,0.3662109375,-0.09765625,0.01220703125,-0.08544921875,-0.1220703125,0,0.18310546875,-0.06103515625,-0.01220703125,-0.1708984375,0.78125,-0.10986328125,-0.5615234375,-0.048828125,-0.52490234375
0,-0.5126953125,-0.390625,-0.30517578125,-0.341796875,0.29296875,-0.42724609375,-0.0244140625,-0.06103515625,0.48828125,0,-0.0244140625,-0.87890625,-0.1708984375,1.0986328125,-0.0244140625,-0.13427734375,-0.0732421875,-0.5615234375,0.13427734375,-0.13427734375,0.0244140625,0.89111328125,0.08544921875,-0.62255859375,0.10986328125,-0.5615234375,0,-1.26953125,0,0.5615234375,-0.08544921875,-0.0732421875,0.1708984375,-0.29296875,0.048828125,-0.93994140625,-0.048828125,-0.4150390625,0.01220703125,-0.7080078125,0.0732421875,-0.23193359375,-0.1708984375,-0.67138671875,-0.0244140625,-0.390625,-0.29296875,0.634765625,-0.13427734375,1.1474609375,0.1953125,0.439453125,-0.09765625,-0.13427734375,-0.4638671875,0.7080078125,-0.1708984375,2.81982421875,-0.048828125,1.89208984375,0.2197265625,4.04052734375,0.1708984375,2.44140625,0.10986328125,1.0009765625,-0.03662109375,1.0009765625,0,0.146484375,-0.18310546875,0.18310546875,-0.20751953125,0.18310546875,0.15869140625,0.86669921875,0.1220703125,-0.0732421875,-0.03662109375,1.30615234375,0,-1.0009765625,0,-0.37841796875,-0.03662109375,-0.98876953125,-0.06103515625,-0.79345703125,-0.3173828125,-0.96435546875,-0.32958984375,1.64794921875,-0.146484375,0.57373046875,0.10986328125,-0.15869140625,0.03662109375,-0.68359375,0.13427734375,-0.84228515625,-0.146484375,-0.57373046875,-0.1953125,-0.1708984375,-0.0732421875,0.2685546875,0.2685546875,0.01220703125,-0.1708984375,-0.1220703125,-0.341796875,1.6845703125,0,0.37841796875,-0.08544921875,0.01220703125,-0.0732421875,-0.1220703125,-0.01220703125,0.20751953125,-0.09765625,-0.0244140625,-0.1708984375,0.79345703125,-0.09765625,-0.5615234375,-0.03662109375,-0.54931640625
0,-0.48828125,-0.37841796875,-0.30517578125,-0.32958984375,0.29296875,-0.4150390625,-0.01220703125,-0.0244140625,0.48828125,0,-0.0244140625,-0.89111328125,-0.1708984375,1.0986328125,0.01220703125,-0.13427734375,-0.048828125,-0.57373046875,-0.0244140625,-0.146484375,0.01220703125,0.8544921875,-0.048828125,-0.6103515625,0.25634765625,-0.50048828125,0.048828125,-1.25732421875,0.048828125,0.59814453125,0,0,0.244140625,-0.30517578125,-0.0244140625,-0.93994140625,0,-0.42724609375,0.03662109375,-0.7080078125,0.0732421875,-0.244140625,-0.048828125,-0.7080078125,0,-0.37841796875,-0.30517578125,0.6103515625,-0.146484375,1.13525390625,0.13427734375,0.42724609375,-0.0732421875,-0.146484375,-0.4638671875,0.7080078125,-0.23193359375,3.2958984375,-0.0732421875,2.197265625,0.15869140625,4.6630859375,0.146484375,2.89306640625,0.1220703125,0.87890625,0.048828125,0.98876953125,0.01220703125,0.20751953125,-0.1220703125,0.15869140625,-0.13427734375,0.1708984375,0.20751953125,0.87890625,0.08544921875,-0.08544921875,-0.0732421875,1.28173828125,0.0244140625,-0.9765625,0.0244140625,-0.390625,-0.146484375,-0.96435546875,-0.048828125,-0.78125,-0.2685546875,-1.23291015625,-0.3173828125,1.07421875,-0.09765625,0.23193359375,0.09765625,-0.5615234375,-0.01220703125,-0.68359375,0.15869140625,-0.84228515625,-0.1708984375,-0.54931640625,-0.1953125,-0.1708984375,-0.03662109375,-0.20751953125,0.18310546875,-0.9521484375,-0.10986328125,-0.50048828125,-0.244140625,1.15966796875,-0.01220703125,0.37841796875,-0.08544921875,0,-0.0732421875,-0.10986328125,-0.01220703125,0.20751953125,-0.10986328125,-0.0244140625,-0.146484375,0.76904296875,-0.09765625,-0.54931640625,-0.0244140625,-0.54931640625
0,-0.47607421875,-0.37841796875,-0.29296875,-0.3173828125,0.25634765625,-0.439453125,-0.048828125,-0.048828125,0.48828125,0,-0.01220703125,-0.89111328125,-0.1953125,1.11083984375,0.0244140625,-0.1220703125,0.01220703125,-0.57373046875,-0.1220703125,-0.13427734375,-0.01220703125,0.86669921875,-0.18310546875,-0.59814453125,0.2685546875,-0.37841796875,-0.0244140625,-1.123046875,0.01220703125,0.7568359375,0.048828125,0.15869140625,0.28076171875,-0.3173828125,-0.048828125,-0.927734375,0.03662109375,-0.439453125,0.048828125,-0.732421875,0.08544921875,-0.25634765625,0.01220703125,-0.72021484375,-0.01220703125,-0.37841796875,-0.28076171875,0.634765625,-0.1708984375,1.1474609375,0.1220703125,0.4150390625,-0.0732421875,-0.146484375,-0.4150390625,0.7080078125,-0.28076171875,3.662109375,-0.0732421875,2.45361328125,0.18310546875,5.2001953125,0.06103515625,3.23486328125,0.1220703125,0.74462890625,0.13427734375,0.96435546875,-0.01220703125,0.23193359375,-0.0732421875,0.15869140625,-0.0244140625,0.18310546875,0.25634765625,0.86669921875,0.0244140625,-0.0732421875,-0.10986328125,1.28173828125,0.0244140625,-0.96435546875,0.03662109375,-0.37841796875,-0.244140625,-0.93994140625,-0.03662109375,-0.76904296875,-0.2197265625,-1.513671875,-0.29296875,0.47607421875,-0.048828125,-0.1220703125,0.09765625,-0.9765625,0,-0.69580078125,0.146484375,-0.84228515625,-0.2197265625,-0.54931640625,-0.1708984375,-0.1708984375,-0.01220703125,-0.439453125,0.048828125,-1.5380859375,-0.10986328125,-0.7080078125,-0.1708984375,0.91552734375,-0.0244140625,0.37841796875,-0.048828125,0,-0.06103515625,-0.09765625,-0.0244140625,0.244140625,-0.1220703125,-0.01220703125,-0.1220703125,0.78125,-0.09765625,-0.537109375,0.01220703125,-0.5859375
0,-0.45166015625,-0.3662109375,-0.2685546875,-0.3173828125,0.244140625,-0.439453125,-0.048828125,-0.03662109375,0.47607421875,0,-0.01220703125,-0.927734375,-0.20751953125,1.0986328125,0.0244140625,-0.1220703125,0.0244140625,-0.5615234375,-0.2197265625,-0.1220703125,-0.0244140625,0.84228515625,-0.2197265625,-0.6103515625,0.28076171875,-0.1708984375,0.01220703125,-0.87890625,0,1.0009765625,0.06103515625,0.37841796875,0.20751953125,-0.29296875,-0.06103515625,-0.9033203125,0.06103515625,-0.4150390625,0.08544921875,-0.74462890625,0.15869140625,-0.244140625,0.06103515625,-0.7080078125,-0.0244140625,-0.390625,-0.15869140625,0.62255859375,-0.23193359375,1.1474609375,0.09765625,0.390625,-0.08544921875,-0.1708984375,-0.32958984375,0.68359375,-0.30517578125,3.89404296875,-0.06103515625,2.62451171875,0.10986328125,5.5908203125,0,3.45458984375,0.0732421875,0.57373046875,0.20751953125,0.9765625,-0.03662109375,0.25634765625,0,0.13427734375,0.06103515625,0.1708984375,0.25634765625,0.87890625,-0.048828125,-0.08544921875,-0.13427734375,1.25732421875,0.03662109375,-0.9765625,0.01220703125,-0.37841796875,-0.28076171875,-0.9521484375,-0.048828125,-0.76904296875,-0.2197265625,-1.81884765625,-0.30517578125,-0.146484375,0.01220703125,-0.45166015625,0.0732421875,-1.416015625,-0.03662109375,-0.68359375,0.18310546875,-0.8056640625,-0.2197265625,-0.5615234375,-0.10986328125,-0.1708984375,-0.03662109375,-0.390625,-0.13427734375,-1.5869140625,-0.13427734375,-0.68359375,-0.1708984375,0.927734375,-0.0244140625,0.37841796875,-0.03662109375,-0.01220703125,-0.0732421875,-0.0732421875,-0.0732421875,0.23193359375,-0.09765625,-0.01220703125,-0.13427734375,0.7568359375,-0.09765625,-0.50048828125,0.01220703125,-0.5859375
0,-0.439453125,-0.37841796875,-0.244140625,-0.32958984375,0.23193359375,-0.45166015625,-0.03662109375,-0.048828125,0.47607421875,-0.03662109375,-0.0244140625,-0.89111328125,-0.1708984375,1.0986328125,0.048828125,-0.13427734375,0.0244140625,-0.5859375,-0.23193359375,-0.09765625,-0.06103515625,0.84228515625,-0.23193359375,-0.5859375,0.25634765625,0.0732421875,0.0732421875,-0.5615234375,-0.03662109375,1.318359375,-0.03662109375,0.64697265625,0.10986328125,-0.25634765625,0.01220703125,-0.89111328125,0.06103515625,-0.42724609375,0.15869140625,-0.78125,0.23193359375,-0.2197265625,0.06103515625,-0.67138671875,-0.048828125,-0.37841796875,-0.03662109375,0.634765625,-0.2197265625,1.1474609375,0.06103515625,0.4150390625,-0.03662109375,-0.18310546875,-0.244140625,0.69580078125,-0.35400390625,3.99169921875,-0.0244140625,2.69775390625,0.0244140625,5.810546875,0,3.52783203125,0.06103515625,0.40283203125,0.2685546875,0.9765625,0,0.244140625,0.03662109375,0.1220703125,0.18310546875,0.18310546875,0.2197265625,0.927734375,-0.08544921875,-0.0732421875,-0.10986328125,1.2451171875,0.06103515625,-0.9765625,-0.01220703125,-0.3662109375,-0.3173828125,-0.93994140625,-0.06103515625,-0.79345703125,-0.244140625,-2.06298828125,-0.37841796875,-0.72021484375,0.01220703125,-0.76904296875,0.0732421875,-1.79443359375,-0.048828125,-0.69580078125,0.1708984375,-0.81787109375,-0.23193359375,-0.57373046875,-0.048828125,-0.146484375,-0.01220703125,-0.06103515625,-0.13427734375,-1.0986328125,-0.1220703125,-0.42724609375,-0.1220703125,1.26953125,-0.03662109375,0.35400390625,-0.048828125,-0.0244140625,-0.0732421875,-0.06103515625,-0.08544921875,0.23193359375,-0.10986328125,-0.01220703125,-0.1708984375,0.74462890625,-0.10986328125,-0.50048828125,0.06103515625,-0.5859375
0,-0.439453125,-0.37841796875,-0.244140625,-0.35400390625,0.244140625,-0.42724609375,-0.01220703125,-0.048828125,0.47607421875,-0.0732421875,-0.01220703125,-0.91552734375,-0.15869140625,1.07421875,0.03662109375,-0.146484375,-0.03662109375,-0.5859375,-0.20751953125,-0.08544921875,-0.09765625,0.8544921875,-0.18310546875,-0.6103515625,0.09765625,0.32958984375,0.048828125,-0.244140625,-0.15869140625,1.66015625,-0.13427734375,0.93994140625,0,-0.25634765625,0.08544921875,-0.86669921875,0.048828125,-0.4150390625,0.20751953125,-0.8056640625,0.30517578125,-0.18310546875,-0.048828125,-0.6591796875,-0.08544921875,-0.37841796875,0.10986328125,0.634765625,-0.20751953125,1.123046875,0,0.42724609375,0.01220703125,-0.15869140625,-0.13427734375,0.67138671875,-0.40283203125,3.90625,-0.06103515625,2.685546875,-0.048828125,5.84716796875,0.01220703125,3.466796875,0.03662109375,0.25634765625,0.3173828125,0.9765625,0,0.244140625,0.048828125,0.10986328125,0.244140625,0.1953125,0.18310546875,0.9033203125,-0.10986328125,-0.048828125,-0.1220703125,1.220703125,0.03662109375,-0.9765625,-0.03662109375,-0.3662109375,-0.29296875,-0.9521484375,-0.09765625,-0.8056640625,-0.15869140625,-2.28271484375,-0.390625,-1.18408203125,0.0244140625,-1.025390625,0.06103515625,-2.099609375,-0.06103515625,-0.69580078125,0.1953125,-0.79345703125,-0.2197265625,-0.5859375,0.048828125,-0.1220703125,0.03662109375,0.52490234375,-0.13427734375,-0.10986328125,-0.13427734375,0.06103515625,-0.0732421875,1.8798828125,-0.03662109375,0.32958984375,-0.06103515625,-0.0244140625,-0.0732421875,-0.048828125,-0.10986328125,0.2197265625,-0.08544921875,0.01220703125,-0.2197265625,0.76904296875,-0.1220703125,-0.48828125,0.048828125,-0.57373046875
1,-0.42724609375,-0.390625,-0.244140625,-0.37841796875,0.244140625,-0.45166015625,-0.01220703125,-0.08544921875,0.48828125,-0.09765625,0,-0.9033203125,-0.146484375,1.07421875,0.048828125,-0.13427734375,-0.146484375,-0.59814453125,-0.15869140625,-0.09765625,-0.08544921875,0.84228515625,-0.1220703125,-0.59814453125,-0.03662109375,0.52490234375,0.048828125,0.048828125,-0.30517578125,1.9775390625,-0.20751953125,1.15966796875,-0.1220703125,-0.2197265625,0.18310546875,-0.8544921875,0.03662109375,-0.40283203125,0.2685546875,-0.81787109375,0.3662109375,-0.1953125,-0.13427734375,-0.634765625,-0.0732421875,-0.390625,0.20751953125,0.64697265625,-0.18310546875,1.123046875,-0.048828125,0.45166015625,0.03662109375,-0.146484375,-0.0732421875,0.68359375,-0.4150390625,3.72314453125,-0.03662109375,2.55126953125,-0.08544921875,5.712890625,0.06103515625,3.2958984375,-0.01220703125,0.146484375,0.30517578125,0.98876953125,0.0244140625,0.244140625,0.048828125,0.1220703125,0.2685546875,0.20751953125,0.1220703125,0.91552734375,-0.13427734375,-0.03662109375,-0.08544921875,1.20849609375,0.03662109375,-0.96435546875,-0.08544921875,-0.35400390625,-0.244140625,-0.9521484375,-0.146484375,-0.81787109375,-0.13427734375,-2.4169921875,-0.42724609375,-1.47705078125,-0.01220703125,-1.171875,0.03662109375,-2.294921875,-0.048828125,-0.69580078125,0.18310546875,-0.76904296875,-0.20751953125,-0.59814453125,0.09765625,-0.146484375,0.01220703125,1.318359375,-0.146484375,1.25732421875,-0.15869140625,0.69580078125,-0.0732421875,2.7099609375,-0.0244140625,0.32958984375,-0.048828125,-0.01220703125,-0.0732421875,-0.048828125,-0.09765625,0.1953125,-0.06103515625,0.0244140625,-0.23193359375,0.76904296875,-0.1220703125,-0.5126953125,0.06103515625,-0.5615234375
1,-0.4150390625,-0.40283203125,-0.244140625,-0.3662109375,0.23193359375,-0.4638671875,-0.01220703125,-0.0732421875,0.439453125,-0.10986328125,-0.01220703125,-0.9033203125,-0.1220703125,1.03759765625,0.06103515625,-0.1220703125,-0.2685546875,-0.59814453125,-0.08544921875,-0.09765625,-0.06103515625,0.84228515625,-0.10986328125,-0.59814453125,-0.146484375,0.68359375,0.0244140625,0.23193359375,-0.390625,2.20947265625,-0.28076171875,1.35498046875,-0.15869140625,-0.1953125,0.2197265625,-0.86669921875,0,-0.390625,0.3173828125,-0.830078125,0.4150390625,-0.18310546875,-0.18310546875,-0.6103515625,-0.048828125,-0.40283203125,0.244140625,0.6591796875,-0.1708984375,1.08642578125,-0.0732421875,0.45166015625,0.01220703125,-0.1220703125,-0.048828125,0.67138671875,-0.45166015625,3.466796875,0,2.38037109375,-0.048828125,5.43212890625,0.09765625,3.06396484375,0.0244140625,0.09765625,0.35400390625,1.0009765625,0.08544921875,0.2197265625,0.06103515625,0.13427734375,0.28076171875,0.20751953125,0.0244140625,0.91552734375,-0.1220703125,-0.03662109375,-0.06103515625,1.23291015625,0,-0.98876953125,-0.09765625,-0.37841796875,-0.1708984375,-1.0009765625,-0.18310546875,-0.830078125,-0.0732421875,-2.4658203125,-0.4638671875,-1.5625,-0.0732421875,-1.23291015625,0.0244140625,-2.35595703125,-0.01220703125,-0.69580078125,0.1220703125,-0.7568359375,-0.146484375,-0.62255859375,0.09765625,-0.146484375,-0.0244140625,2.20947265625,-0.03662109375,2.86865234375,-0.18310546875,1.42822265625,-0.1220703125,3.64990234375,-0.03662109375,0.32958984375,-0.08544921875,0.01220703125,-0.0732421875,-0.06103515625,-0.08544921875,0.20751953125,-0.048828125,0.01220703125,-0.25634765625,0.74462890625,-0.146484375,-0.5126953125,0.048828125,-0.5615234375
1,-0.390625,-0.4150390625,-0.25634765625,-0.390625,0.2197265625,-0.4638671875,0.01220703125,-0.08544921875,0.439453125,-0.10986328125,-0.0244140625,-0.89111328125,-0.0732421875,1.03759765625,0.0244140625,-0.13427734375,-0.32958984375,-0.5859375,0,-0.09765625,-0.03662109375,0.86669921875,-0.09765625,-0.62255859375,-0.244140625,0.74462890625,-0.01220703125,0.28076171875,-0.47607421875,2.35595703125,-0.28076171875,1.42822265625,-0.146484375,-0.18310546875,0.244140625,-0.86669921875,-0.03662109375,-0.37841796875,0.3662109375,-0.830078125,0.439453125,-0.1953125,-0.146484375,-0.5859375,-0.0244140625,-0.40283203125,0.23193359375,0.67138671875,-0.18310546875,1.0986328125,-0.08544921875,0.4638671875,0.01220703125,-0.10986328125,-0.048828125,0.67138671875,-0.42724609375,3.18603515625,0.03662109375,2.1728515625,0.0244140625,5.0537109375,0.13427734375,2.7587890625,0.048828125,0.048828125,0.3662109375,1.025390625,0.146484375,0.20751953125,0.03662109375,0.13427734375,0.23193359375,0.2197265625,-0.06103515625,0.87890625,-0.10986328125,-0.0244140625,-0.048828125,1.25732421875,-0.03662109375,-0.98876953125,-0.09765625,-0.35400390625,-0.0732421875,-1.01318359375,-0.1708984375,-0.830078125,-0.09765625,-2.44140625,-0.48828125,-1.45263671875,-0.146484375,-1.15966796875,0.03662109375,-2.2705078125,-0.03662109375,-0.69580078125,0.0244140625,-0.7568359375,-0.09765625,-0.62255859375,0.13427734375,-0.146484375,-0.03662109375,3.125,0.10986328125,4.52880859375,-0.1220703125,2.16064453125,-0.09765625,4.6142578125,-0.01220703125,0.341796875,-0.10986328125,0.0244140625,-0.0732421875,-0.06103515625,-0.09765625,0.1953125,-0.048828125,0.01220703125,-0.25634765625,0.7568359375,-0.1220703125,-0.54931640625,0.06103515625,-0.54931640625
1,-0.37841796875,-0.42724609375,-0.244140625,-0.37841796875,0.23193359375,-0.439453125,0.01220703125,-0.08544921875,0.4150390625,-0.1220703125,-0.01220703125,-0.89111328125,-0.01220703125,1.03759765625,0.01220703125,-0.13427734375,-0.35400390625,-0.5615234375,0.06103515625,-0.10986328125,0.01220703125,0.86669921875,-0.08544921875,-0.59814453125,-0.30517578125,0.74462890625,-0.06103515625,0.244140625,-0.52490234375,2.38037109375,-0.2685546875,1.416015625,-0.03662109375,-0.1953125,0.25634765625,-0.87890625,-0.09765625,-0.3662109375,0.341796875,-0.830078125,0.390625,-0.20751953125,-0.18310546875,-0.5615234375,0.0244140625,-0.40283203125,0.18310546875,0.64697265625,-0.18310546875,1.11083984375,-0.08544921875,0.45166015625,-0.01220703125,-0.10986328125,0,0.69580078125,-0.40283203125,2.86865234375,0.048828125,1.94091796875,0.03662109375,4.638671875,0.244140625,2.4658203125,0.1220703125,0.06103515625,0.30517578125,1.025390625,0.1708984375,0.1953125,0,0.1708984375,0.20751953125,0.23193359375,-0.06103515625,0.91552734375,-0.0732421875,-0.0244140625,-0.048828125,1.26953125,-0.06103515625,-1.01318359375,-0.09765625,-0.3662109375,-0.03662109375,-1.0498046875,-0.13427734375,-0.830078125,-0.08544921875,-2.294921875,-0.48828125,-1.1962890625,-0.15869140625,-1.025390625,0.048828125,-2.0751953125,-0.048828125,-0.732421875,-0.0732421875,-0.76904296875,-0.03662109375,-0.6103515625,0.09765625,-0.1708984375,-0.10986328125,4.00390625,0.15869140625,6.09130859375,-0.13427734375,2.880859375,-0.15869140625,5.5419921875,-0.01220703125,0.341796875,-0.10986328125,0.048828125,-0.0732421875,-0.1220703125,-0.10986328125,0.1953125,-0.0732421875,0,-0.2685546875,0.7568359375,-0.08544921875,-0.5615234375,0.03662109375,-0.54931640625
1,-0.390625,-0.4150390625,-0.23193359375,-0.37841796875,0.20751953125,-0.42724609375,0.03662109375,-0.08544921875,0.390625,-0.08544921875,0,-0.86669921875,0.0244140625,1.03759765625,-0.01220703125,-0.146484375,-0.32958984375,-0.5615234375,0.09765625,-0.146484375,0.0732421875,0.87890625,-0.13427734375,-0.59814453125,-0.32958984375,0.67138671875,-0.08544921875,0.0732421875,-0.52490234375,2.30712890625,-0.244140625,1.318359375,0.06103515625,-0.20751953125,0.2197265625,-0.89111328125,-0.13427734375,-0.3662109375,0.29296875,-0.8056640625,0.32958984375,-0.18310546875,-0.0732421875,-0.57373046875,0.01220703125,-0.4150390625,0.13427734375,0.6591796875,-0.1953125,1.123046875,-0.01220703125,0.439453125,0,-0.0732421875,0.0244140625,0.68359375,-0.3662109375,2.587890625,0.01220703125,1.74560546875,0.2197265625,4.21142578125,0.25634765625,2.197265625,0.1953125,0.1220703125,0.20751953125,1.03759765625,0.15869140625,0.1953125,-0.01220703125,0.18310546875,0.1953125,0.2197265625,-0.08544921875,0.89111328125,-0.0244140625,-0.0244140625,-0.0732421875,1.2939453125,-0.06103515625,-1.01318359375,-0.08544921875,-0.37841796875,0.08544921875,-1.0498046875,-0.09765625,-0.830078125,-0.09765625,-2.11181640625,-0.40283203125,-0.81787109375,-0.1708984375,-0.81787109375,0.048828125,-1.81884765625,-0.0244140625,-0.69580078125,-0.15869140625,-0.78125,0,-0.57373046875,0.09765625,-0.1708984375,-0.0732421875,4.72412109375,0.13427734375,7.4462890625,-0.13427734375,3.515625,-0.146484375,6.3232421875,-0.048828125,0.341796875,-0.1220703125,0.048828125,-0.0732421875,-0.13427734375,-0.10986328125,0.23193359375,-0.08544921875,-0.03662109375,-0.25634765625,0.732421875,-0.08544921875,-0.57373046875,0.0244140625,-0.5615234375
1,-0.37841796875,-0.40283203125,-0.23193359375,-0.390625,0.23193359375,-0.4150390625,0.03662109375,-0.09765625,0.37841796875,-0.048828125,0.01220703125,-0.8544921875,0.048828125,1.03759765625,-0.03662109375,-0.13427734375,-0.2685546875,-0.5615234375,0.09765625,-0.10986328125,0.1220703125,0.87890625,-0.1708984375,-0.59814453125,-0.30517578125,0.537109375,-0.08544921875,-0.18310546875,-0.47607421875,2.16064453125,-0.1953125,1.1474609375,0.20751953125,-0.23193359375,0.13427734375,-0.91552734375,-0.1953125,-0.3662109375,0.23193359375,-0.79345703125,0.1953125,-0.23193359375,-0.048828125,-0.57373046875,-0.048828125,-0.390625,0.0732421875,0.64697265625,-0.20751953125,1.11083984375,0.08544921875,0.439453125,0,-0.06103515625,0,0.68359375,-0.341796875,2.3681640625,-0.03662109375,1.611328125,0.29296875,3.86962890625,0.244140625,2.01416015625,0.23193359375,0.1708984375,0.146484375,1.03759765625,0.18310546875,0.18310546875,-0.08544921875,0.18310546875,0.1220703125,0.23193359375,-0.1220703125,0.9521484375,0.0244140625,-0.03662109375,-0.1220703125,1.28173828125,-0.048828125,-1.0009765625,-0.0732421875,-0.3662109375,0.1953125,-1.06201171875,-0.0244140625,-0.81787109375,-0.10986328125,-1.94091796875,-0.3173828125,-0.4150390625,-0.09765625,-0.59814453125,0.0244140625,-1.55029296875,-0.0244140625,-0.72021484375,-0.23193359375,-0.76904296875,0.0244140625,-0.57373046875,0.0732421875,-0.1708984375,-0.0732421875,5.31005859375,0.09765625,8.5205078125,-0.15869140625,4.01611328125,-0.13427734375,6.93359375,-0.09765625,0.3662109375,-0.1220703125,0.048828125,-0.048828125,-0.146484375,-0.146484375,0.23193359375,-0.15869140625,-0.0732421875,-0.23193359375,0.74462890625,-0.0732421875,-0.57373046875,0.01220703125,-0.5859375
1,-0.37841796875,-0.40283203125,-0.23193359375,-0.3662109375,0.1953125,-0.42724609375,0.0244140625,-0.08544921875,0.3662109375,0,0,-0.86669921875,0.03662109375,1.06201171875,-0.06103515625,-0.146484375,-0.2197265625,-0.54931640625,0.048828125,-0.13427734375,0.18310546875,0.86669921875,-0.2197265625,-0.59814453125,-0.28076171875,0.35400390625,-0.06103515625,-0.4150390625,-0.3662109375,1.953125,-0.15869140625,0.9765625,0.3173828125,-0.2685546875,0.048828125,-0.927734375,-0.25634765625,-0.3662109375,0.18310546875,-0.79345703125,0.10986328125,-0.2197265625,0.0244140625,-0.62255859375,-0.09765625,-0.40283203125,0.0244140625,0.6591796875,-0.2197265625,1.13525390625,0.08544921875,0.439453125,0.01220703125,-0.03662109375,-0.0244140625,0.69580078125,-0.3173828125,2.24609375,-0.03662109375,1.50146484375,0.32958984375,3.62548828125,0.29296875,1.89208984375,0.244140625,0.1953125,0.0732421875,1.01318359375,0.18310546875,0.20751953125,-0.1220703125,0.18310546875,0.03662109375,0.2197265625,-0.15869140625,0.927734375,0.08544921875,-0.0244140625,-0.146484375,1.2939453125,-0.01220703125,-1.01318359375,-0.09765625,-0.390625,0.23193359375,-1.0498046875,0.048828125,-0.79345703125,-0.1220703125,-1.74560546875,-0.15869140625,-0.09765625,0.01220703125,-0.40283203125,0.0244140625,-1.28173828125,0.01220703125,-0.7080078125,-0.25634765625,-0.76904296875,0.03662109375,-0.5859375,0.03662109375,-0.18310546875,-0.01220703125,5.70068359375,0.08544921875,9.2041015625,-0.1953125,4.30908203125,-0.1220703125,7.33642578125,-0.08544921875,0.390625,-0.1220703125,0.0244140625,-0.0732421875,-0.13427734375,-0.1708984375,0.23193359375,-0.1708984375,-0.08544921875,-0.20751953125,0.732421875,-0.0732421875,-0.5615234375,0.01220703125,-0.59814453125
1,-0.3662109375,-0.390625,-0.23193359375,-0.35400390625,0.18310546875,-0.4150390625,0.01220703125,-0.08544921875,0.3662109375,0,-0.0244140625,-0.86669921875,0.0244140625,1.07421875,-0.08544921875,-0.146484375,-0.13427734375,-0.54931640625,0,-0.13427734375,0.1708984375,0.87890625,-0.28076171875,-0.59814453125,-0.20751953125,0.2197265625,0.0244140625,-0.67138671875,-0.2685546875,1.7578125,-0.18310546875,0.81787109375,0.341796875,-0.3173828125,0.048828125,-0.927734375,-0.28076171875,-0.37841796875,0.1220703125,-0.78125,-0.01220703125,-0.2197265625,0.08544921875,-0.64697265625,-0.15869140625,-0.40283203125,0,0.64697265625,-0.2197265625,1.1474609375,0.1220703125,0.439453125,0,0,-0.0732421875,0.69580078125,-0.32958984375,2.1728515625,-0.08544921875,1.4404296875,0.42724609375,3.47900390625,0.40283203125,1.86767578125,0.244140625,0.2197265625,0.0244140625,1.025390625,0.15869140625,0.23193359375,-0.15869140625,0.1953125,-0.01220703125,0.2197265625,-0.15869140625,0.927734375,0.13427734375,-0.01220703125,-0.1953125,1.2939453125,0.0244140625,-0.98876953125,-0.08544921875,-0.37841796875,0.3173828125,-1.01318359375,0.09765625,-0.78125,-0.1953125,-1.62353515625,-0.10986328125,0.13427734375,0.10986328125,-0.244140625,-0.03662109375,-1.11083984375,0.0244140625,-0.7080078125,-0.25634765625,-0.7568359375,0.048828125,-0.59814453125,-0.01220703125,-0.18310546875,0.03662109375,5.859375,0.0732421875,9.58251953125,-0.18310546875,4.443359375,-0.13427734375,7.50732421875,-0.0732421875,0.37841796875,-0.10986328125,0.01220703125,-0.0732421875,-0.1220703125,-0.18310546875,0.23193359375,-0.1953125,-0.1220703125,-0.1953125,0.72021484375,-0.08544921875,-0.5615234375,0.0244140625,-0.5859375
1,-0.37841796875,-0.37841796875,-0.1953125,-0.341796875,0.15869140625,-0.4150390625,-0.01220703125,-0.09765625,0.341796875,0,0.01220703125,-0.86669921875,0.0244140625,1.07421875,-0.08544921875,-0.146484375,-0.048828125,-0.537109375,-0.09765625,-0.1220703125,0.13427734375,0.87890625,-0.30517578125,-0.57373046875,-0.1220703125,0.13427734375,0.1220703125,-0.81787109375,-0.1708984375,1.5869140625,-0.1953125,0.72021484375,0.29296875,-0.32958984375,0.0732421875,-0.927734375,-0.30517578125,-0.390625,0.1220703125,-0.78125,-0.0244140625,-0.2197265625,0.146484375,-0.7080078125,-0.2197265625,-0.4150390625,-0.03662109375,0.6591796875,-0.244140625,1.13525390625,0.09765625,0.42724609375,-0.1220703125,0.01220703125,-0.10986328125,0.69580078125,-0.28076171875,2.1728515625,-0.0732421875,1.416015625,0.40283203125,3.38134765625,0.48828125,1.86767578125,0.29296875,0.2197265625,-0.03662109375,0.98876953125,0.09765625,0.23193359375,-0.20751953125,0.18310546875,-0.09765625,0.20751953125,-0.146484375,0.91552734375,0.15869140625,-0.0244140625,-0.1708984375,1.28173828125,0.0732421875,-0.98876953125,-0.0732421875,-0.37841796875,0.3173828125,-0.98876953125,0.08544921875,-0.79345703125,-0.15869140625,-1.5625,-0.0244140625,0.18310546875,0.20751953125,-0.18310546875,-0.0244140625,-1.07421875,0.03662109375,-0.72021484375,-0.2197265625,-0.74462890625,0.0244140625,-0.59814453125,-0.048828125,-0.1708984375,0.08544921875,5.82275390625,0.0732421875,9.5703125,-0.244140625,4.40673828125,-0.13427734375,7.4951171875,-0.08544921875,0.37841796875,-0.10986328125,0,-0.08544921875,-0.1220703125,-0.18310546875,0.2197265625,-0.2197265625,-0.13427734375,-0.20751953125,0.732421875,-0.09765625,-0.537109375,0.01220703125,-0.59814453125
1,-0.37841796875,-0.3662109375,-0.2197265625,-0.32958984375,0.13427734375,-0.4150390625,-0.01220703125,-0.06103515625,0.30517578125,0.01220703125,-0.01220703125,-0.84228515625,0.0244140625,1.123046875,-0.09765625,-0.146484375,0,-0.54931640625,-0.13427734375,-0.10986328125,0.048828125,0.86669921875,-0.30517578125,-0.5859375,-0.01220703125,0.06103515625,0.13427734375,-0.86669921875,-0.08544921875,1.4892578125,-0.20751953125,0.6591796875,0.1708984375,-0.341796875,0.09765625,-0.91552734375,-0.3173828125,-0.4150390625,0.1708984375,-0.76904296875,0.048828125,-0.20751953125,0.18310546875,-0.732421875,-0.2685546875,-0.40283203125,-0.0244140625,0.6591796875,-0.23193359375,1.13525390625,0.09765625,0.4638671875,-0.20751953125,0,-0.13427734375,0.7080078125,-0.30517578125,2.20947265625,-0.06103515625,1.42822265625,0.4150390625,3.33251953125,0.5859375,1.904296875,0.28076171875,0.2197265625,-0.09765625,1.025390625,0.01220703125,0.23193359375,-0.2197265625,0.1953125,-0.15869140625,0.1953125,-0.09765625,0.927734375,0.13427734375,-0.01220703125,-0.10986328125,1.28173828125,0.10986328125,-0.96435546875,-0.0732421875,-0.3662109375,0.28076171875,-0.9765625,0.03662109375,-0.8056640625,-0.18310546875,-1.59912109375,0.01220703125,0.09765625,0.28076171875,-0.2197265625,-0.08544921875,-1.0986328125,0.06103515625,-0.732421875,-0.13427734375,-0.7568359375,0.01220703125,-0.62255859375,-0.01220703125,-0.15869140625,0.10986328125,5.62744140625,0.048828125,9.26513671875,-0.244140625,4.21142578125,-0.13427734375,7.275390625,-0.08544921875,0.3662109375,-0.10986328125,-0.03662109375,-0.06103515625,-0.08544921875,-0.1708984375,0.23193359375,-0.20751953125,-0.146484375,-0.1953125,0.72021484375,-0.10986328125,-0.537109375,0,-0.59814453125
1,-0.3662109375,-0.3662109375,-0.1953125,-0.3173828125,0.1220703125,-0.40283203125,-0.048828125,-0.03662109375,0.2685546875,0.01220703125,-0.0244140625,-0.86669921875,0.048828125,1.0986328125,-0.09765625,-0.13427734375,0.0244140625,-0.5615234375,-0.1708984375,-0.10986328125,-0.03662109375,0.86669921875,-0.30517578125,-0.5859375,0.10986328125,0.048828125,0.25634765625,-0.8056640625,0.03662109375,1.45263671875,-0.13427734375,0.6591796875,0.048828125,-0.29296875,0.0732421875,-0.9033203125,-0.32958984375,-0.4150390625,0.1953125,-0.74462890625,0.13427734375,-0.1953125,0.146484375,-0.732421875,-0.23193359375,-0.390625,-0.01220703125,0.6591796875,-0.20751953125,1.13525390625,0.09765625,0.45166015625,-0.32958984375,-0.0244140625,-0.2197265625,0.7080078125,-0.390625,2.20947265625,-0.0732421875,1.42822265625,0.3662109375,3.271484375,0.634765625,1.89208984375,0.2197265625,0.20751953125,-0.1220703125,1.01318359375,-0.048828125,0.244140625,-0.1708984375,0.18310546875,-0.23193359375,0.20751953125,-0.0732421875,0.927734375,0.1220703125,0,-0.08544921875,1.25732421875,0.13427734375,-0.9765625,-0.0732421875,-0.3662109375,0.23193359375,-0.9765625,-0.0244140625,-0.8056640625,-0.244140625,-1.6845703125,-0.0244140625,-0.1220703125,0.30517578125,-0.30517578125,-0.0732421875,-1.20849609375,0,-0.7568359375,-0.06103515625,-0.732421875,-0.01220703125,-0.634765625,0.03662109375,-0.15869140625,0.08544921875,5.23681640625,-0.03662109375,8.7158203125,-0.2685546875,3.89404296875,-0.146484375,6.9091796875,-0.048828125,0.35400390625,-0.08544921875,-0.03662109375,-0.08544921875,-0.0732421875,-0.18310546875,0.2197265625,-0.1953125,-0.09765625,-0.2197265625,0.732421875,-0.1220703125,-0.52490234375,0,-0.59814453125
1,-0.3662109375,-0.3662109375,-0.15869140625,-0.30517578125,0.1220703125,-0.40283203125,-0.048828125,-0.01220703125,0.28076171875,-0.0244140625,0,-0.8544921875,0.0732421875,1.11083984375,-0.08544921875,-0.1220703125,-0.0244140625,-0.57373046875,-0.146484375,-0.10986328125,-0.1220703125,0.8544921875,-0.3173828125,-0.5859375,0.048828125,0.08544921875,0.20751953125,-0.72021484375,-0.03662109375,1.45263671875,-0.1953125,0.69580078125,-0.0732421875,-0.244140625,0.06103515625,-0.89111328125,-0.29296875,-0.439453125,0.18310546875,-0.76904296875,0.20751953125,-0.18310546875,0.146484375,-0.732421875,-0.1953125,-0.40283203125,0.01220703125,0.6591796875,-0.15869140625,1.123046875,0.10986328125,0.47607421875,-0.42724609375,-0.0732421875,-0.29296875,0.7080078125,-0.45166015625,2.18505859375,-0.048828125,1.37939453125,0.5859375,3.1494140625,0.69580078125,1.8310546875,0.1708984375,0.15869140625,-0.1953125,1.025390625,-0.08544921875,0.25634765625,-0.13427734375,0.1953125,-0.28076171875,0.2197265625,-0.0732421875,0.91552734375,0.13427734375,0,0.01220703125,1.25732421875,0.13427734375,-0.9765625,-0.06103515625,-0.37841796875,0.1708984375,-0.98876953125,-0.0732421875,-0.830078125,-0.13427734375,-1.79443359375,0.0244140625,-0.4150390625,0.341796875,-0.4150390625,0.03662109375,-1.35498046875,-0.0244140625,-0.74462890625,0.0244140625,-0.74462890625,-0.0244140625,-0.634765625,0.08544921875,-0.146484375,0.048828125,4.72412109375,-0.146484375,7.92236328125,-0.28076171875,3.47900390625,-0.1220703125,6.38427734375,-0.0732421875,0.32958984375,-0.08544921875,-0.0244140625,-0.0732421875,-0.06103515625,-0.15869140625,0.2197265625,-0.1953125,-0.048828125,-0.25634765625,0.74462890625,-0.10986328125,-0.52490234375,-0.0244140625,-0.5615234375
1,-0.3173828125,-0.390625,-0.146484375,-0.35400390625,0.09765625,-0.40283203125,-0.03662109375,-0.06103515625,0.2197265625,-0.06103515625,0,-0.86669921875,0.13427734375,1.07421875,-0.0732421875,-0.18310546875,-0.10986328125,-0.57373046875,-0.1220703125,-0.10986328125,-0.146484375,0.8544921875,-0.25634765625,-0.5859375,0.09765625,0.10986328125,0.2197265625,-0.5859375,-0.06103515625,1.47705078125,-0.1220703125,0.72021484375,-0.1220703125,-0.18310546875,0.048828125,-0.91552734375,-0.244140625,-0.42724609375,0.18310546875,-0.78125,0.3662109375,-0.1953125,0.146484375,-0.69580078125,-0.08544921875,-0.390625,0.03662109375,0.6591796875,-0.06103515625,1.123046875,0.01220703125,0.47607421875,-0.42724609375,-0.13427734375,-0.37841796875,0.7080078125,-0.537109375,2.06298828125,-0.06103515625,1.28173828125,0.68359375,2.89306640625,0.78125,1.72119140625,0.1220703125,0.1220703125,-0.23193359375,1.03759765625,-0.146484375,0.23193359375,-0.1708984375,0.18310546875,-0.3173828125,0.2197265625,-0.048828125,0.91552734375,0.15869140625,0,0.08544921875,1.26953125,0.08544921875,-0.9765625,-0.06103515625,-0.37841796875,0.03662109375,-1.0009765625,-0.09765625,-0.81787109375,-0.048828125,-1.8798828125,0.01220703125,-0.634765625,0.30517578125,-0.50048828125,0.03662109375,-1.46484375,-0.09765625,-0.74462890625,0.0732421875,-0.7568359375,-0.06103515625,-0.62255859375,0.13427734375,-0.146484375,0.03662109375,4.1259765625,-0.2685546875,6.93359375,-0.28076171875,2.9541015625,-0.09765625,5.74951171875,-0.048828125,0.3662109375,-0.06103515625,-0.0244140625,-0.0732421875,-0.06103515625,-0.13427734375,0.20751953125,-0.18310546875,0,-0.2685546875,0.76904296875,-0.10986328125,-0.54931640625,-0.0244140625,-0.54931640625
1,-0.29296875,-0.390625,-0.13427734375,-0.40283203125,0.09765625,-0.4150390625,-0.03662109375,-0.0732421875,0.1953125,-0.0732421875,0.01220703125,-0.89111328125,0.20751953125,1.07421875,-0.03662109375,-0.18310546875,-0.20751953125,-0.59814453125,-0.1220703125,-0.10986328125,-0.13427734375,0.87890625,-0.2685546875,-0.5859375,0.15869140625,0.1220703125,0.29296875,-0.4638671875,-0.1220703125,1.50146484375,-0.01220703125,0.72021484375,-0.13427734375,-0.1220703125,-0.01220703125,-0.91552734375,-0.15869140625,-0.439453125,0.2197265625,-0.8056640625,0.4638671875,-0.18310546875,0.1708984375,-0.64697265625,0.03662109375,-0.390625,0.0732421875,0.6591796875,-0.0244140625,1.11083984375,-0.08544921875,0.4638671875,-0.439453125,-0.1953125,-0.47607421875,0.69580078125,-0.57373046875,1.8798828125,0,1.171875,0.5859375,2.52685546875,0.78125,1.513671875,0.10986328125,0.10986328125,-0.1953125,1.03759765625,-0.1220703125,0.20751953125,-0.13427734375,0.1708984375,-0.35400390625,0.20751953125,-0.06103515625,0.927734375,0.1708984375,0,0.10986328125,1.2451171875,0.03662109375,-0.98876953125,-0.048828125,-0.35400390625,-0.0732421875,-1.01318359375,-0.09765625,-0.830078125,-0.0732421875,-1.9287109375,-0.09765625,-0.81787109375,0.23193359375,-0.5859375,0.10986328125,-1.5380859375,-0.10986328125,-0.7568359375,0.0732421875,-0.7568359375,-0.0732421875,-0.59814453125,0.20751953125,-0.146484375,-0.01220703125,3.43017578125,-0.35400390625,5.859375,-0.244140625,2.40478515625,-0.03662109375,5.0537109375,-0.10986328125,0.32958984375,-0.06103515625,0,-0.08544921875,-0.06103515625,-0.09765625,0.1953125,-0.1953125,0.06103515625,-0.29296875,0.7568359375,-0.09765625,-0.537109375,-0.03662109375,-0.537109375
0,-0.244140625,-0.3662109375,-0.1220703125,-0.4150390625,0.06103515625,-0.40283203125,-0.03662109375,-0.09765625,0.2197265625,-0.08544921875,-0.0244140625,-0.9033203125,0.28076171875,1.0986328125,-0.03662109375,-0.20751953125,-0.2685546875,-0.59814453125,-0.1220703125,-0.13427734375,-0.09765625,0.86669921875,-0.2685546875,-0.5859375,0.0732421875,0.10986328125,0.13427734375,-0.3662109375,-0.3173828125,1.47705078125,-0.06103515625,0.69580078125,-0.048828125,-0.03662109375,-0.0732421875,-0.91552734375,-0.0732421875,-0.439453125,0.25634765625,-0.78125,0.50048828125,-0.2197265625,0.2685546875,-0.59814453125,0.13427734375,-0.390625,0.0732421875,0.68359375,0.03662109375,1.11083984375,-0.1220703125,0.4638671875,-0.57373046875,-0.244140625,-0.52490234375,0.69580078125,-0.57373046875,1.66015625,0.06103515625,0.98876953125,0.6591796875,2.05078125,0.8056640625,1.25732421875,0.08544921875,0.1220703125,-0.20751953125,1.0498046875,-0.09765625,0.20751953125,-0.13427734375,0.1708984375,-0.32958984375,0.23193359375,-0.0244140625,0.927734375,0.20751953125,-0.0244140625,0.1953125,1.28173828125,-0.0244140625,-0.98876953125,-0.06103515625,-0.3662109375,-0.2197265625,-1.03759765625,-0.03662109375,-0.84228515625,0.0244140625,-1.91650390625,-0.0732421875,-0.86669921875,0.25634765625,-0.5859375,0.244140625,-1.50146484375,-0.08544921875,-0.732421875,0.08544921875,-0.78125,-0.048828125,-0.5859375,0.20751953125,-0.15869140625,-0.01220703125,2.69775390625,-0.40283203125,4.6875,-0.2197265625,1.7822265625,-0.01220703125,4.26025390625,-0.10986328125,0.341796875,-0.0732421875,0,-0.08544921875,-0.03662109375,-0.048828125,0.1708984375,-0.1953125,0.1220703125,-0.29296875,0.74462890625,-0.10986328125,-0.537109375,-0.048828125,-0.54931640625
0,-0.2197265625,-0.390625,-0.10986328125,-0.390625,0.06103515625,-0.42724609375,-0.01220703125,-0.08544921875,0.15869140625,-0.08544921875,-0.0244140625,-0.89111328125,0.35400390625,1.08642578125,-0.01220703125,-0.1953125,-0.29296875,-0.59814453125,-0.13427734375,-0.1708984375,0,0.86669921875,-0.32958984375,-0.6103515625,0.10986328125,0.06103515625,0.146484375,-0.35400390625,-0.3662109375,1.3916015625,0.01220703125,0.634765625,0.0244140625,0.03662109375,-0.146484375,-0.9033203125,-0.06103515625,-0.40283203125,0.32958984375,-0.78125,0.50048828125,-0.20751953125,0.35400390625,-0.54931640625,0.20751953125,-0.37841796875,0.13427734375,0.6591796875,0.03662109375,1.13525390625,-0.1708984375,0.42724609375,-0.54931640625,-0.25634765625,-0.6103515625,0.69580078125,-0.57373046875,1.35498046875,0.06103515625,0.79345703125,0.68359375,1.55029296875,0.79345703125,0.98876953125,0.0244140625,0.18310546875,-0.23193359375,1.0498046875,-0.08544921875,0.18310546875,-0.18310546875,0.20751953125,-0.3173828125,0.23193359375,0.0244140625,0.91552734375,0.23193359375,-0.01220703125,0.1953125,1.26953125,-0.06103515625,-0.98876953125,-0.06103515625,-0.37841796875,-0.341796875,-1.0498046875,0,-0.84228515625,-0.01220703125,-1.8310546875,-0.13427734375,-0.78125,0.15869140625,-0.5126953125,0.20751953125,-1.40380859375,-0.0732421875,-0.7080078125,0.08544921875,-0.81787109375,-0.01220703125,-0.57373046875,0.20751953125,-0.15869140625,-0.0244140625,1.94091796875,-0.439453125,3.43017578125,-0.1708984375,1.1962890625,0,3.466796875,-0.08544921875,0.35400390625,-0.0732421875,0.0244140625,-0.0732421875,-0.048828125,-0.03662109375,0.18310546875,-0.2197265625,0.18310546875,-0.28076171875,0.78125,-0.048828125,-0.52490234375,-0.048828125,-0.537109375
0,-0.18310546875,-0.4150390625,-0.08544921875,-0.37841796875,0.0732421875,-0.439453125,-0.01220703125,-0.09765625,0.15869140625,-0.0732421875,-0.0244140625,-0.87890625,0.37841796875,1.08642578125,0.01220703125,-0.18310546875,-0.25634765625,-0.57373046875,-0.13427734375,-0.1708984375,0.06103515625,0.8544921875,-0.390625,-0.6103515625,0.06103515625,0.0244140625,0.09765625,-0.390625,-0.4638671875,1.2939453125,-0.03662109375,0.5859375,0.10986328125,0.08544921875,-0.1708984375,-0.927734375,-0.048828125,-0.390625,0.37841796875,-0.81787109375,0.40283203125,-0.20751953125,0.40283203125,-0.52490234375,0.2197265625,-0.37841796875,0.2197265625,0.67138671875,0.0244140625,1.1474609375,-0.20751953125,0.4150390625,-0.62255859375,-0.2685546875,-0.634765625,0.69580078125,-0.5126953125,1.07421875,0.03662109375,0.5859375,0.76904296875,1.03759765625,0.7568359375,0.69580078125,0.01220703125,0.2197265625,-0.18310546875,1.06201171875,-0.0244140625,0.1708984375,-0.23193359375,0.20751953125,-0.244140625,0.23193359375,0.1220703125,0.89111328125,0.2685546875,-0.0244140625,0.1708984375,1.30615234375,-0.08544921875,-1.01318359375,-0.048828125,-0.3662109375,-0.40283203125,-1.03759765625,0.06103515625,-0.830078125,-0.06103515625,-1.6845703125,-0.13427734375,-0.5615234375,0.10986328125,-0.341796875,0.20751953125,-1.220703125,-0.0244140625,-0.68359375,0.06103515625,-0.8056640625,0.048828125,-0.537109375,0.1708984375,-0.15869140625,0.01220703125,1.18408203125,-0.45166015625,2.1728515625,-0.1220703125,0.5859375,0,2.63671875,-0.10986328125,0.35400390625,-0.0732421875,0,-0.08544921875,-0.03662109375,-0.048828125,0.1708984375,-0.23193359375,0.244140625,-0.25634765625,0.79345703125,-0.0244140625,-0.52490234375,-0.048828125,-0.537109375
0,-0.13427734375,-0.390625,-0.0732421875,-0.3662109375,0.0732421875,-0.42724609375,-0.0244140625,-0.08544921875,0.1708984375,-0.048828125,-0.0244140625,-0.89111328125,0.37841796875,1.07421875,0.01220703125,-0.15869140625,-0.2197265625,-0.57373046875,-0.10986328125,-0.1708984375,0.13427734375,0.86669921875,-0.4150390625,-0.62255859375,0.01220703125,-0.0732421875,0.08544921875,-0.48828125,-0.48828125,1.20849609375,-0.06103515625,0.48828125,0.10986328125,0.15869140625,-0.15869140625,-0.91552734375,-0.08544921875,-0.390625,0.42724609375,-0.79345703125,0.28076171875,-0.2197265625,0.4150390625,-0.48828125,0.146484375,-0.3662109375,0.28076171875,0.67138671875,-0.0244140625,1.1474609375,-0.23193359375,0.40283203125,-0.537109375,-0.244140625,-0.634765625,0.7080078125,-0.4638671875,0.84228515625,0,0.439453125,0.732421875,0.634765625,0.69580078125,0.50048828125,0,0.3173828125,-0.20751953125,1.08642578125,0.0244140625,0.20751953125,-0.25634765625,0.244140625,-0.23193359375,0.244140625,0.15869140625,0.9033203125,0.2685546875,-0.048828125,0.1220703125,1.30615234375,-0.10986328125,-1.01318359375,-0.048828125,-0.3662109375,-0.42724609375,-1.03759765625,0.0732421875,-0.8056640625,-0.03662109375,-1.46484375,-0.048828125,-0.25634765625,0.08544921875,-0.15869140625,0.18310546875,-0.9521484375,-0.0244140625,-0.67138671875,0.09765625,-0.78125,0.08544921875,-0.5615234375,0.146484375,-0.1708984375,0.03662109375,0.47607421875,-0.4638671875,1.01318359375,-0.1220703125,0.03662109375,0.01220703125,1.86767578125,-0.1220703125,0.37841796875,-0.06103515625,0,-0.06103515625,-0.0244140625,-0.048828125,0.1953125,-0.244140625,0.29296875,-0.244140625,0.81787109375,-0.01220703125,-0.52490234375,-0.06103515625,-0.5615234375
0,-0.08544921875,-0.40283203125,-0.048828125,-0.341796875,0.048828125,-0.439453125,-0.0244140625,-0.0732421875,0.146484375,-0.03662109375,-0.0244140625,-0.89111328125,0.35400390625,1.0986328125,0,-0.146484375,-0.18310546875,-0.5615234375,-0.06103515625,-0.146484375,0.20751953125,0.86669921875,-0.40283203125,-0.6103515625,-0.0732421875,-0.08544921875,0.0244140625,-0.5615234375,-0.45166015625,1.13525390625,-0.1953125,0.439453125,0.03662109375,0.1953125,-0.146484375,-0.89111328125,-0.146484375,-0.3662109375,0.4150390625,-0.79345703125,0.20751953125,-0.2197265625,0.28076171875,-0.4638671875,0.08544921875,-0.3662109375,0.30517578125,0.6591796875,-0.08544921875,1.15966796875,-0.2685546875,0.4150390625,-0.52490234375,-0.18310546875,-0.67138671875,0.69580078125,-0.4150390625,0.7080078125,0.01220703125,0.3662109375,0.57373046875,0.4150390625,0.7080078125,0.390625,-0.0244140625,0.42724609375,-0.15869140625,1.08642578125,0.0244140625,0.23193359375,-0.28076171875,0.28076171875,-0.25634765625,0.244140625,0.20751953125,0.9033203125,0.28076171875,-0.03662109375,0.0732421875,1.3427734375,-0.13427734375,-1.0009765625,0,-0.35400390625,-0.37841796875,-1.0498046875,0.0732421875,-0.81787109375,-0.1953125,-1.2451171875,-0.08544921875,0.06103515625,-0.0244140625,0.0732421875,0.08544921875,-0.67138671875,-0.01220703125,-0.69580078125,0.09765625,-0.78125,0.146484375,-0.5615234375,0.10986328125,-0.1708984375,0.0732421875,-0.18310546875,-0.4638671875,-0.09765625,-0.08544921875,-0.47607421875,0.048828125,1.15966796875,-0.10986328125,0.37841796875,-0.0732421875,-0.0244140625,-0.06103515625,-0.03662109375,-0.0732421875,0.20751953125,-0.244140625,0.341796875,-0.2197265625,0.830078125,-0.03662109375,-0.5126953125,-0.03662109375,-0.57373046875
0,-0.06103515625,-0.40283203125,-0.01220703125,-0.32958984375,0.06103515625,-0.42724609375,-0.01220703125,-0.03662109375,0.13427734375,-0.03662109375,-0.048828125,-0.87890625,0.29296875,1.11083984375,-0.048828125,-0.10986328125,-0.1708984375,-0.5615234375,-0.048828125,-0.15869140625,0.244140625,0.86669921875,-0.390625,-0.6103515625,-0.13427734375,-0.08544921875,-0.01220703125,-0.634765625,-0.32958984375,1.13525390625,-0.244140625,0.4638671875,-0.03662109375,0.244140625,-0.08544921875,-0.87890625,-0.20751953125,-0.35400390625,0.40283203125,-0.78125,0.15869140625,-0.20751953125,0.2197265625,-0.48828125,-0.0244140625,-0.390625,0.3173828125,0.67138671875,-0.1708984375,1.15966796875,-0.3662109375,0.439453125,-0.4638671875,-0.10986328125,-0.62255859375,0.68359375,-0.4150390625,0.72021484375,0.03662109375,0.37841796875,0.48828125,0.37841796875,0.64697265625,0.40283203125,0,0.47607421875,-0.0732421875,1.08642578125,0.0732421875,0.25634765625,-0.23193359375,0.29296875,-0.25634765625,0.2685546875,0.2197265625,0.87890625,0.25634765625,-0.048828125,0,1.33056640625,-0.1708984375,-1.0009765625,0.0244140625,-0.35400390625,-0.32958984375,-1.025390625,0.03662109375,-0.8056640625,-0.244140625,-1.025390625,-0.0732421875,0.3173828125,-0.08544921875,0.28076171875,0.06103515625,-0.45166015625,-0.03662109375,-0.7080078125,0.08544921875,-0.7568359375,0.1708984375,-0.57373046875,0.048828125,-0.18310546875,0.048828125,-0.7568359375,-0.4638671875,-1.03759765625,-0.048828125,-0.927734375,0.048828125,0.52490234375,-0.10986328125,0.390625,-0.08544921875,-0.03662109375,-0.0732421875,-0.01220703125,-0.09765625,0.20751953125,-0.2685546875,0.40283203125,-0.23193359375,0.86669921875,-0.0244140625,-0.48828125,-0.06103515625,-0.57373046875
0,-0.048828125,-0.37841796875,0,-0.341796875,0.0244140625,-0.42724609375,0,-0.03662109375,0.1220703125,-0.01220703125,-0.06103515625,-0.8544921875,0.20751953125,1.0986328125,-0.10986328125,-0.08544921875,-0.15869140625,-0.537109375,0,-0.13427734375,0.28076171875,0.87890625,-0.28076171875,-0.59814453125,-0.1220703125,0,0.0244140625,-0.64697265625,-0.244140625,1.1962890625,-0.30517578125,0.54931640625,-0.13427734375,0.25634765625,0,-0.86669921875,-0.28076171875,-0.35400390625,0.341796875,-0.78125,0.15869140625,-0.18310546875,0.1953125,-0.52490234375,-0.1220703125,-0.390625,0.32958984375,0.68359375,-0.2197265625,1.13525390625,-0.341796875,0.4638671875,-0.37841796875,-0.048828125,-0.62255859375,0.7080078125,-0.37841796875,0.8544921875,-0.01220703125,0.4638671875,0.40283203125,0.67138671875,0.6103515625,0.5615234375,0.01220703125,0.5615234375,0.01220703125,1.0986328125,0.06103515625,0.28076171875,-0.2197265625,0.32958984375,-0.2685546875,0.25634765625,0.25634765625,0.89111328125,0.244140625,-0.03662109375,-0.048828125,1.318359375,-0.2197265625,-1.0009765625,0.0732421875,-0.37841796875,-0.2197265625,-1.0009765625,0.01220703125,-0.8056640625,-0.2685546875,-0.830078125,-0.10986328125,0.50048828125,-0.15869140625,0.45166015625,0.06103515625,-0.25634765625,-0.08544921875,-0.69580078125,0.0732421875,-0.7568359375,0.1708984375,-0.5859375,0,-0.1953125,0.01220703125,-1.220703125,-0.4150390625,-1.81884765625,-0.06103515625,-1.318359375,0,0.01220703125,-0.09765625,0.390625,-0.08544921875,-0.048828125,-0.0732421875,-0.03662109375,-0.1220703125,0.20751953125,-0.25634765625,0.42724609375,-0.244140625,0.89111328125,-0.03662109375,-0.48828125,-0.03662109375,-0.5615234375
0,-0.03662109375,-0.37841796875,0,-0.30517578125,0.01220703125,-0.40283203125,0,-0.0244140625,0.048828125,0.01220703125,-0.03662109375,-0.87890625,0.10986328125,1.11083984375,-0.13427734375,-0.08544921875,-0.146484375,-0.54931640625,0.06103515625,-0.1220703125,0.2685546875,0.86669921875,-0.18310546875,-0.59814453125,-0.10986328125,0.13427734375,0.09765625,-0.5859375,-0.1708984375,1.3671875,-0.35400390625,0.69580078125,-0.18310546875,0.28076171875,0.01220703125,-0.86669921875,-0.30517578125,-0.3662109375,0.29296875,-0.7568359375,0.1953125,-0.18310546875,0.13427734375,-0.57373046875,-0.15869140625,-0.37841796875,0.2685546875,0.6591796875,-0.28076171875,1.123046875,-0.341796875,0.48828125,-0.3662109375,0,-0.5615234375,0.7080078125,-0.341796875,1.15966796875,-0.01220703125,0.68359375,0.28076171875,1.23291015625,0.54931640625,0.86669921875,0.06103515625,0.64697265625,0.10986328125,1.08642578125,0.048828125,0.32958984375,-0.15869140625,0.32958984375,-0.20751953125,0.25634765625,0.25634765625,0.89111328125,0.1953125,-0.01220703125,-0.08544921875,1.30615234375,-0.1953125,-0.98876953125,0.10986328125,-0.3662109375,-0.1708984375,-1.0009765625,0.01220703125,-0.8056640625,-0.29296875,-0.76904296875,-0.15869140625,0.5859375,-0.18310546875,0.5615234375,0.06103515625,-0.13427734375,-0.08544921875,-0.7080078125,0.048828125,-0.74462890625,0.1708984375,-0.6103515625,-0.048828125,-0.1953125,-0.0244140625,-1.5625,-0.37841796875,-2.40478515625,-0.10986328125,-1.59912109375,0,-0.37841796875,-0.1220703125,0.37841796875,-0.10986328125,-0.03662109375,-0.0732421875,0,-0.13427734375,0.2197265625,-0.23193359375,0.45166015625,-0.2685546875,0.89111328125,-0.03662109375,-0.47607421875,-0.048828125,-0.57373046875
0,-0.01220703125,-0.37841796875,0.0244140625,-0.32958984375,-0.0244140625,-0.4150390625,0,-0.0244140625,0.0244140625,0,-0.06103515625,-0.87890625,0.03662109375,1.0986328125,-0.2197265625,-0.08544921875,-0.10986328125,-0.54931640625,0.13427734375,-0.10986328125,0.2197265625,0.87890625,-0.1220703125,-0.59814453125,-0.06103515625,0.28076171875,0.1220703125,-0.47607421875,-0.146484375,1.5869140625,-0.32958984375,0.89111328125,-0.18310546875,0.32958984375,-0.0244140625,-0.86669921875,-0.2685546875,-0.37841796875,0.2197265625,-0.78125,0.244140625,-0.15869140625,0.09765625,-0.62255859375,-0.1953125,-0.40283203125,0.146484375,0.634765625,-0.30517578125,1.08642578125,-0.341796875,0.52490234375,-0.29296875,0.0244140625,-0.5126953125,0.7080078125,-0.35400390625,1.5625,-0.048828125,1.01318359375,0.25634765625,2.0263671875,0.42724609375,1.2451171875,0.048828125,0.6591796875,0.1953125,1.11083984375,0.0244140625,0.32958984375,-0.09765625,0.341796875,-0.0732421875,0.244140625,0.2685546875,0.86669921875,0.1220703125,-0.0244140625,-0.09765625,1.30615234375,-0.1953125,-1.01318359375,0.09765625,-0.35400390625,-0.09765625,-0.9765625,0.0244140625,-0.79345703125,-0.25634765625,-0.7568359375,-0.1708984375,0.537109375,-0.1953125,0.59814453125,0.0732421875,-0.13427734375,-0.0732421875,-0.7080078125,0.01220703125,-0.72021484375,0.13427734375,-0.62255859375,-0.06103515625,-0.18310546875,-0.06103515625,-1.7822265625,-0.341796875,-2.7587890625,-0.15869140625,-1.7822265625,-0.0244140625,-0.62255859375,-0.10986328125,0.37841796875,-0.1220703125,-0.048828125,-0.0732421875,0.0244140625,-0.146484375,0.2197265625,-0.20751953125,0.4638671875,-0.30517578125,0.89111328125,-0.03662109375,-0.45166015625,-0.06103515625,-0.57373046875
0,-0.01220703125,-0.37841796875,0.03662109375,-0.32958984375,-0.01220703125,-0.40283203125,0.01220703125,-0.0244140625,-0.0244140625,-0.0244140625,-0.06103515625,-0.89111328125,-0.048828125,1.0986328125,-0.244140625,-0.06103515625,-0.09765625,-0.54931640625,0.1953125,-0.09765625,0.2197265625,0.87890625,-0.03662109375,-0.59814453125,0.01220703125,0.439453125,0.146484375,-0.3173828125,-0.1220703125,1.7822265625,-0.23193359375,1.08642578125,-0.13427734375,0.32958984375,-0.0732421875,-0.86669921875,-0.2197265625,-0.40283203125,0.146484375,-0.79345703125,0.23193359375,-0.15869140625,0.10986328125,-0.67138671875,-0.15869140625,-0.390625,0.0732421875,0.64697265625,-0.37841796875,1.0986328125,-0.32958984375,0.54931640625,-0.15869140625,0.0244140625,-0.47607421875,0.7080078125,-0.40283203125,2.0751953125,-0.1220703125,1.40380859375,0.23193359375,2.96630859375,0.341796875,1.708984375,-0.0244140625,0.64697265625,0.25634765625,1.123046875,0,0.35400390625,-0.048828125,0.341796875,0,0.2685546875,0.29296875,0.8544921875,0.06103515625,-0.0244140625,-0.1220703125,1.2939453125,-0.1220703125,-1.0009765625,0.06103515625,-0.3662109375,-0.048828125,-1.01318359375,0.06103515625,-0.81787109375,-0.20751953125,-0.830078125,-0.1953125,0.390625,-0.15869140625,0.52490234375,0.06103515625,-0.1953125,-0.10986328125,-0.72021484375,0,-0.74462890625,0.08544921875,-0.62255859375,-0.048828125,-0.1953125,-0.09765625,-1.89208984375,-0.4150390625,-2.91748046875,-0.23193359375,-1.89208984375,-0.03662109375,-0.732421875,-0.08544921875,0.3662109375,-0.146484375,-0.0244140625,-0.06103515625,0.01220703125,-0.13427734375,0.2197265625,-0.20751953125,0.42724609375,-0.3173828125,0.87890625,-0.01220703125,-0.42724609375,-0.0244140625,-0.5615234375
0,0.01220703125,-0.3662109375,0.06103515625,-0.32958984375,-0.0244140625,-0.40283203125,0,0,-0.0732421875,-0.048828125,-0.0244140625,-0.89111328125,-0.10986328125,1.07421875,-0.28076171875,-0.09765625,-0.10986328125,-0.5615234375,0.20751953125,-0.08544921875,0.1708984375,0.86669921875,-0.0732421875,-0.59814453125,0.10986328125,0.5615234375,0.20751953125,-0.1953125,-0.08544921875,1.94091796875,-0.09765625,1.220703125,-0.048828125,0.35400390625,-0.146484375,-0.87890625,-0.1953125,-0.40283203125,0.09765625,-0.79345703125,0.23193359375,-0.146484375,0.08544921875,-0.732421875,-0.1220703125,-0.40283203125,-0.048828125,0.64697265625,-0.40283203125,1.11083984375,-0.35400390625,0.5859375,-0.13427734375,0.0244140625,-0.390625,0.69580078125,-0.4638671875,2.62451171875,-0.1220703125,1.806640625,0.13427734375,3.96728515625,0.29296875,2.23388671875,-0.06103515625,0.62255859375,0.30517578125,1.13525390625,0,0.35400390625,0.01220703125,0.341796875,0.1220703125,0.25634765625,0.2197265625,0.86669921875,0.01220703125,-0.03662109375,-0.13427734375,1.30615234375,-0.0244140625,-0.98876953125,0.01220703125,-0.37841796875,0,-1.03759765625,0.1220703125,-0.830078125,-0.09765625,-0.9765625,-0.1953125,0.18310546875,-0.09765625,0.4150390625,0.03662109375,-0.341796875,-0.08544921875,-0.732421875,-0.01220703125,-0.76904296875,0.06103515625,-0.6103515625,-0.0244140625,-0.1953125,-0.06103515625,-1.904296875,-0.341796875,-2.91748046875,-0.2685546875,-1.8798828125,0.01220703125,-0.732421875,-0.08544921875,0.37841796875,-0.13427734375,-0.0244140625,-0.0732421875,0.03662109375,-0.13427734375,0.244140625,-0.2197265625,0.40283203125,-0.30517578125,0.89111328125,-0.01220703125,-0.439453125,-0.0244140625,-0.54931640625
0,0.0244140625,-0.3662109375,0.0732421875,-0.35400390625,-0.048828125,-0.4150390625,-0.01220703125,-0.048828125,-0.08544921875,-0.0732421875,-0.048828125,-0.89111328125,-0.13427734375,1.0986328125,-0.29296875,-0.09765625,-0.13427734375,-0.5615234375,0.18310546875,-0.08544921875,0.1708984375,0.86669921875,-0.10986328125,-0.59814453125,0.2197265625,0.59814453125,0.1953125,-0.10986328125,-0.08544921875,2.0263671875,0,1.26953125,0.06103515625,0.341796875,-0.244140625,-0.89111328125,-0.13427734375,-0.42724609375,0.048828125,-0.81787109375,0.1708984375,-0.1708984375,0.146484375,-0.78125,-0.0732421875,-0.40283203125,-0.10986328125,0.634765625,-0.390625,1.13525390625,-0.37841796875,0.5615234375,0,0.0244140625,-0.30517578125,0.69580078125,-0.52490234375,3.16162109375,-0.15869140625,2.20947265625,0.09765625,4.94384765625,0.18310546875,2.734375,-0.10986328125,0.537109375,0.3173828125,1.13525390625,0.0244140625,0.3173828125,0.01220703125,0.32958984375,0.20751953125,0.23193359375,0.15869140625,0.87890625,0.01220703125,-0.03662109375,-0.146484375,1.30615234375,0.0732421875,-1.0009765625,-0.06103515625,-0.390625,0.01220703125,-1.03759765625,0.18310546875,-0.8544921875,0,-1.123046875,-0.25634765625,-0.06103515625,-0.06103515625,0.28076171875,-0.03662109375,-0.50048828125,-0.10986328125,-0.72021484375,0.0244140625,-0.79345703125,-0.01220703125,-0.59814453125,0.03662109375,-0.18310546875,-0.0244140625,-1.81884765625,-0.3662109375,-2.734375,-0.30517578125,-1.806640625,0.08544921875,-0.6103515625,-0.08544921875,0.390625,-0.1220703125,-0.01220703125,-0.0732421875,0.03662109375,-0.13427734375,0.23193359375,-0.2197265625,0.3173828125,-0.29296875,0.84228515625,-0.01220703125,-0.45166015625,-0.048828125,-0.52490234375
0,0.03662109375,-0.3662109375,0.0732421875,-0.37841796875,-0.08544921875,-0.4150390625,-0.03662109375,-0.048828125,-0.09765625,-0.08544921875,-0.048828125,-0.91552734375,-0.18310546875,1.0986328125,-0.28076171875,-0.146484375,-0.10986328125,-0.57373046875,0.09765625,-0.09765625,0.1708984375,0.87890625,-0.1953125,-0.5859375,0.2685546875,0.5615234375,0.146484375,-0.1220703125,-0.08544921875,2.001953125,0.0732421875,1.23291015625,0.15869140625,0.30517578125,-0.3173828125,-0.91552734375,-0.13427734375,-0.45166015625,0.048828125,-0.830078125,0.15869140625,-0.18310546875,0.23193359375,-0.7568359375,-0.03662109375,-0.390625,-0.10986328125,0.6103515625,-0.40283203125,1.13525390625,-0.37841796875,0.57373046875,0.06103515625,0.03662109375,-0.1708984375,0.68359375,-0.5126953125,3.6376953125,-0.13427734375,2.587890625,0.1220703125,5.810546875,0.1220703125,3.1982421875,-0.13427734375,0.4638671875,0.341796875,1.123046875,0.03662109375,0.28076171875,0.01220703125,0.29296875,0.23193359375,0.2197265625,0.08544921875,0.87890625,-0.01220703125,-0.0244140625,-0.09765625,1.26953125,0.146484375,-0.98876953125,-0.09765625,-0.37841796875,0.03662109375,-1.0498046875,0.23193359375,-0.8544921875,0.13427734375,-1.26953125,-0.20751953125,-0.244140625,0.06103515625,0.13427734375,-0.06103515625,-0.64697265625,-0.0732421875,-0.74462890625,0.048828125,-0.8056640625,-0.048828125,-0.5859375,0.08544921875,-0.18310546875,0.0244140625,-1.64794921875,-0.42724609375,-2.50244140625,-0.3173828125,-1.66015625,0.13427734375,-0.42724609375,-0.09765625,0.37841796875,-0.09765625,0.01220703125,-0.08544921875,0,-0.15869140625,0.2197265625,-0.2685546875,0.25634765625,-0.28076171875,0.8544921875,-0.03662109375,-0.4638671875,-0.048828125,-0.52490234375
1,0.03662109375,-0.35400390625,0.0732421875,-0.3662109375,-0.09765625,-0.4150390625,-0.03662109375,-0.0732421875,-0.10986328125,-0.09765625,-0.03662109375,-0.9033203125,-0.1953125,1.07421875,-0.244140625,-0.15869140625,-0.09765625,-0.57373046875,0.01220703125,-0.10986328125,0.13427734375,0.89111328125,-0.29296875,-0.59814453125,0.29296875,0.439453125,0.1953125,-0.1953125,-0.03662109375,1.89208984375,0.146484375,1.0986328125,0.1708984375,0.2685546875,-0.37841796875,-0.927734375,-0.0732421875,-0.45166015625,0.06103515625,-0.830078125,0.1708984375,-0.18310546875,0.29296875,-0.78125,-0.0244140625,-0.40283203125,-0.0732421875,0.634765625,-0.390625,1.1474609375,-0.4638671875,0.537109375,0.1220703125,0.048828125,-0.08544921875,0.69580078125,-0.52490234375,4.04052734375,-0.1220703125,2.86865234375,0.1708984375,6.4697265625,0.0732421875,3.61328125,-0.1220703125,0.3662109375,0.3662109375,1.123046875,0.048828125,0.244140625,0,0.25634765625,0.2685546875,0.2197265625,0.0244140625,0.8544921875,-0.03662109375,-0.0244140625,-0.0732421875,1.2939453125,0.1708984375,-0.98876953125,-0.146484375,-0.37841796875,0.06103515625,-1.06201171875,0.25634765625,-0.84228515625,0.23193359375,-1.3916015625,-0.146484375,-0.37841796875,0.1220703125,0.0244140625,-0.06103515625,-0.76904296875,-0.09765625,-0.74462890625,0.1220703125,-0.81787109375,-0.0244140625,-0.57373046875,0.13427734375,-0.1708984375,0.0732421875,-1.46484375,-0.47607421875,-2.197265625,-0.3173828125,-1.50146484375,0.15869140625,-0.2197265625,-0.06103515625,0.37841796875,-0.0732421875,0,-0.0732421875,-0.03662109375,-0.15869140625,0.1953125,-0.28076171875,0.23193359375,-0.244140625,0.8544921875,-0.03662109375,-0.47607421875,-0.06103515625,-0.52490234375
1,0.03662109375,-0.3662109375,0.0732421875,-0.37841796875,-0.1220703125,-0.42724609375,-0.06103515625,-0.08544921875,-0.09765625,-0.06103515625,-0.03662109375,-0.89111328125,-0.20751953125,1.06201171875,-0.1708984375,-0.146484375,-0.0732421875,-0.57373046875,-0.06103515625,-0.1220703125,0.09765625,0.9033203125,-0.390625,-0.59814453125,0.29296875,0.29296875,0.20751953125,-0.28076171875,0,1.67236328125,0.1708984375,0.89111328125,0.146484375,0.1708984375,-0.341796875,-0.9521484375,-0.06103515625,-0.45166015625,0.10986328125,-0.830078125,0.146484375,-0.20751953125,0.35400390625,-0.7568359375,-0.06103515625,-0.4150390625,0.048828125,0.6103515625,-0.37841796875,1.171875,-0.52490234375,0.537109375,0.23193359375,0.10986328125,-0.08544921875,0.69580078125,-0.5126953125,4.296875,-0.15869140625,3.03955078125,0.1953125,6.87255859375,0.048828125,3.857421875,-0.048828125,0.2685546875,0.341796875,1.0986328125,0.146484375,0.2197265625,-0.03662109375,0.23193359375,0.23193359375,0.20751953125,-0.01220703125,0.84228515625,-0.06103515625,-0.0244140625,-0.048828125,1.2939453125,0.23193359375,-0.98876953125,-0.18310546875,-0.3662109375,0.08544921875,-1.06201171875,0.244140625,-0.84228515625,0.25634765625,-1.4892578125,-0.15869140625,-0.390625,0.09765625,-0.0244140625,-0.0732421875,-0.8544921875,-0.13427734375,-0.7568359375,0.15869140625,-0.830078125,-0.0244140625,-0.57373046875,0.1708984375,-0.1708984375,0.1220703125,-1.26953125,-0.52490234375,-1.91650390625,-0.30517578125,-1.33056640625,0.1953125,0,-0.048828125,0.37841796875,-0.048828125,0.01220703125,-0.0732421875,-0.06103515625,-0.146484375,0.2197265625,-0.30517578125,0.15869140625,-0.2685546875,0.830078125,-0.0244140625,-0.47607421875,-0.06103515625,-0.52490234375
1,0.048828125,-0.37841796875,0.09765625,-0.3662109375,-0.13427734375,-0.42724609375,-0.06103515625,-0.08544921875,-0.0732421875,-0.0732421875,-0.048828125,-0.89111328125,-0.18310546875,1.08642578125,-0.15869140625,-0.146484375,-0.048828125,-0.54931640625,-0.09765625,-0.1220703125,0.03662109375,0.89111328125,-0.4150390625,-0.6103515625,0.2685546875,0.146484375,0.23193359375,-0.35400390625,0,1.47705078125,0.15869140625,0.7080078125,0.10986328125,0.08544921875,-0.2197265625,-0.93994140625,-0.0732421875,-0.4638671875,0.15869140625,-0.84228515625,0.18310546875,-0.23193359375,0.32958984375,-0.74462890625,-0.0732421875,-0.40283203125,0.18310546875,0.62255859375,-0.3662109375,1.15966796875,-0.57373046875,0.5126953125,0.1953125,0.1953125,-0.01220703125,0.7080078125,-0.50048828125,4.4189453125,-0.15869140625,3.11279296875,0.25634765625,7.03125,0.0244140625,3.9794921875,0.09765625,0.2197265625,0.25634765625,1.08642578125,0.13427734375,0.1953125,-0.08544921875,0.20751953125,0.1953125,0.20751953125,-0.0244140625,0.8544921875,-0.03662109375,-0.0244140625,-0.06103515625,1.28173828125,0.2197265625,-0.96435546875,-0.1708984375,-0.37841796875,0.1220703125,-1.0498046875,0.2197265625,-0.81787109375,0.3173828125,-1.50146484375,-0.0732421875,-0.35400390625,0.13427734375,-0.03662109375,-0.0244140625,-0.86669921875,-0.13427734375,-0.7568359375,0.18310546875,-0.81787109375,-0.01220703125,-0.5615234375,0.20751953125,-0.1708984375,0.1708984375,-1.08642578125,-0.54931640625,-1.6845703125,-0.3173828125,-1.1962890625,0.18310546875,0.1953125,-0.048828125,0.37841796875,-0.048828125,0.01220703125,-0.0732421875,-0.09765625,-0.15869140625,0.2197265625,-0.35400390625,0.15869140625,-0.23193359375,0.81787109375,-0.03662109375,-0.50048828125,-0.048828125,-0.5126953125
1,0.048828125,-0.4150390625,0.10986328125,-0.35400390625,-0.146484375,-0.42724609375,-0.06103515625,-0.0732421875,-0.048828125,-0.06103515625,-0.0732421875,-0.89111328125,-0.1220703125,1.08642578125,-0.13427734375,-0.1220703125,-0.08544921875,-0.5615234375,-0.08544921875,-0.10986328125,-0.01220703125,0.89111328125,-0.439453125,-0.59814453125,0.1953125,0.06103515625,0.2197265625,-0.30517578125,-0.048828125,1.35498046875,0.09765625,0.59814453125,-0.01220703125,0.048828125,-0.1953125,-0.9521484375,-0.08544921875,-0.47607421875,0.23193359375,-0.830078125,0.244140625,-0.23193359375,0.2197265625,-0.72021484375,-0.10986328125,-0.390625,0.37841796875,0.64697265625,-0.32958984375,1.15966796875,-0.6103515625,0.50048828125,0.2685546875,0.25634765625,-0.0244140625,0.7080078125,-0.48828125,4.3701171875,-0.1953125,3.03955078125,0.29296875,6.89697265625,-0.08544921875,3.96728515625,0.10986328125,0.1953125,0.146484375,1.0498046875,0.15869140625,0.1708984375,-0.146484375,0.1953125,0.1953125,0.23193359375,-0.0732421875,0.81787109375,0.01220703125,-0.01220703125,-0.09765625,1.2939453125,0.15869140625,-0.96435546875,-0.146484375,-0.37841796875,0.1708984375,-1.03759765625,0.15869140625,-0.81787109375,0.23193359375,-1.50146484375,-0.1220703125,-0.2197265625,0.03662109375,0,-0.08544921875,-0.8544921875,-0.146484375,-0.74462890625,0.18310546875,-0.84228515625,-0.01220703125,-0.57373046875,0.1953125,-0.18310546875,0.20751953125,-0.9765625,-0.5126953125,-1.52587890625,-0.30517578125,-1.07421875,0.1953125,0.3173828125,-0.048828125,0.3662109375,-0.03662109375,0,-0.0732421875,-0.10986328125,-0.15869140625,0.20751953125,-0.3173828125,0.15869140625,-0.18310546875,0.79345703125,-0.048828125,-0.50048828125,-0.0732421875,-0.54931640625
1,0.048828125,-0.4150390625,0.146484375,-0.3173828125,-0.1953125,-0.42724609375,-0.06103515625,-0.06103515625,-0.06103515625,-0.06103515625,-0.0732421875,-0.87890625,-0.10986328125,1.0986328125,-0.09765625,-0.09765625,-0.146484375,-0.57373046875,-0.0732421875,-0.1220703125,-0.06103515625,0.927734375,-0.40283203125,-0.5859375,0.09765625,0.09765625,0.1953125,-0.09765625,-0.09765625,1.35498046875,0.048828125,0.634765625,-0.1708984375,-0.01220703125,-0.09765625,-0.927734375,-0.10986328125,-0.47607421875,0.30517578125,-0.81787109375,0.29296875,-0.23193359375,0.146484375,-0.69580078125,-0.1220703125,-0.390625,0.50048828125,0.6591796875,-0.3173828125,1.1474609375,-0.634765625,0.48828125,0.2197265625,0.3662109375,0.01220703125,0.7080078125,-0.42724609375,4.19921875,-0.18310546875,2.880859375,0.40283203125,6.50634765625,-0.01220703125,3.80859375,0.13427734375,0.18310546875,0.09765625,1.0498046875,0.1953125,0.1953125,-0.18310546875,0.1953125,0.1220703125,0.2685546875,-0.09765625,0.8056640625,0.0244140625,0,-0.1220703125,1.28173828125,0.0732421875,-0.9765625,-0.09765625,-0.3662109375,0.15869140625,-1.01318359375,0.09765625,-0.81787109375,0.09765625,-1.47705078125,-0.1708984375,-0.09765625,-0.06103515625,0.03662109375,-0.0732421875,-0.830078125,-0.1220703125,-0.7080078125,0.15869140625,-0.8056640625,-0.01220703125,-0.5615234375,0.1708984375,-0.1708984375,0.20751953125,-0.87890625,-0.439453125,-1.46484375,-0.28076171875,-1.03759765625,0.1708984375,0.40283203125,-0.01220703125,0.35400390625,-0.01220703125,0.01220703125,-0.08544921875,-0.10986328125,-0.13427734375,0.20751953125,-0.3173828125,0.18310546875,-0.20751953125,0.8056640625,-0.048828125,-0.5126953125,-0.0732421875,-0.537109375
1,0.048828125,-0.40283203125,0.146484375,-0.30517578125,-0.20751953125,-0.42724609375,-0.06103515625,-0.048828125,-0.0732421875,-0.0732421875,-0.03662109375,-0.89111328125,-0.08544921875,1.0986328125,-0.0732421875,-0.08544921875,-0.23193359375,-0.57373046875,-0.0244140625,-0.1220703125,-0.048828125,0.91552734375,-0.32958984375,-0.5859375,-0.09765625,0.30517578125,0.09765625,0.35400390625,-0.23193359375,1.5869140625,-0.048828125,0.87890625,-0.244140625,-0.048828125,-0.0732421875,-0.9033203125,-0.09765625,-0.47607421875,0.35400390625,-0.81787109375,0.3662109375,-0.23193359375,0.08544921875,-0.7080078125,-0.0732421875,-0.37841796875,0.52490234375,0.6591796875,-0.30517578125,1.123046875,-0.59814453125,0.47607421875,0.2685546875,0.4150390625,0.048828125,0.7080078125,-0.341796875,3.89404296875,-0.20751953125,2.6123046875,0.42724609375,5.908203125,-0.0244140625,3.47900390625,0.13427734375,0.20751953125,0.0244140625,1.01318359375,0.15869140625,0.2197265625,-0.2197265625,0.20751953125,0.048828125,0.2685546875,-0.09765625,0.81787109375,0.0732421875,0.01220703125,-0.15869140625,1.28173828125,-0.01220703125,-0.9765625,-0.0244140625,-0.3662109375,0.15869140625,-1.0009765625,0.048828125,-0.8056640625,0.09765625,-1.45263671875,-0.10986328125,0,-0.09765625,0.01220703125,-0.0244140625,-0.81787109375,-0.10986328125,-0.72021484375,0.0732421875,-0.78125,0,-0.5859375,0.146484375,-0.15869140625,0.13427734375,-0.89111328125,-0.3662109375,-1.50146484375,-0.25634765625,-1.03759765625,0.1220703125,0.390625,0,0.35400390625,0,0.0244140625,-0.0732421875,-0.1220703125,-0.13427734375,0.2197265625,-0.29296875,0.18310546875,-0.23193359375,0.78125,-0.06103515625,-0.5126953125,-0.03662109375,-0.5615234375
1,0.06103515625,-0.390625,0.1708984375,-0.30517578125,-0.244140625,-0.42724609375,-0.048828125,-0.048828125,-0.13427734375,-0.0732421875,-0.06103515625,-0.87890625,-0.09765625,1.123046875,-0.0732421875,-0.0732421875,-0.30517578125,-0.5615234375,0.048828125,-0.13427734375,-0.06103515625,0.927734375,-0.29296875,-0.57373046875,-0.20751953125,0.69580078125,0.048828125,1.025390625,-0.32958984375,2.05078125,-0.09765625,1.33056640625,-0.2685546875,-0.03662109375,-0.08544921875,-0.89111328125,-0.10986328125,-0.45166015625,0.3662109375,-0.79345703125,0.37841796875,-0.2197265625,0.0732421875,-0.68359375,-0.048828125,-0.390625,0.50048828125,0.64697265625,-0.3173828125,1.11083984375,-0.52490234375,0.47607421875,0.1953125,0.4150390625,0.048828125,0.72021484375,-0.2685546875,3.466796875,-0.25634765625,2.28271484375,0.42724609375,5.1513671875,0.03662109375,3.0517578125,0.10986328125,0.28076171875,-0.06103515625,1.01318359375,0.0732421875,0.2197265625,-0.28076171875,0.20751953125,-0.03662109375,0.29296875,-0.1220703125,0.78125,0.10986328125,0.0244140625,-0.1953125,1.28173828125,-0.10986328125,-0.98876953125,0.0244140625,-0.35400390625,0.09765625,-1.025390625,-0.01220703125,-0.8056640625,0,-1.416015625,-0.13427734375,0.048828125,-0.18310546875,0.0244140625,-0.06103515625,-0.8056640625,-0.146484375,-0.732421875,-0.01220703125,-0.78125,-0.01220703125,-0.59814453125,0.146484375,-0.1708984375,0.1220703125,-0.927734375,-0.28076171875,-1.55029296875,-0.18310546875,-1.0986328125,0.15869140625,0.32958984375,-0.0244140625,0.341796875,0.0244140625,0.01220703125,-0.0732421875,-0.08544921875,-0.10986328125,0.2197265625,-0.25634765625,0.2197265625,-0.28076171875,0.78125,-0.0732421875,-0.50048828125,-0.03662109375,-0.59814453125
1,0.06103515625,-0.40283203125,0.1708984375,-0.32958984375,-0.244140625,-0.42724609375,-0.048828125,-0.0732421875,-0.18310546875,-0.0732421875,-0.048828125,-0.9033203125,-0.09765625,1.123046875,-0.09765625,-0.09765625,-0.28076171875,-0.57373046875,0.08544921875,-0.1220703125,-0.0244140625,0.927734375,-0.25634765625,-0.57373046875,-0.2197265625,1.25732421875,-0.0244140625,1.94091796875,-0.37841796875,2.74658203125,-0.06103515625,1.953125,-0.1708984375,-0.0244140625,-0.06103515625,-0.87890625,-0.146484375,-0.4638671875,0.341796875,-0.79345703125,0.35400390625,-0.20751953125,0.13427734375,-0.68359375,-0.0244140625,-0.4150390625,0.45166015625,0.64697265625,-0.3173828125,1.123046875,-0.50048828125,0.4638671875,0.146484375,0.35400390625,0.09765625,0.7080078125,-0.15869140625,3.0029296875,-0.244140625,1.8798828125,0.341796875,4.296875,0.048828125,2.5634765625,0.1220703125,0.341796875,-0.09765625,1.03759765625,0.03662109375,0.244140625,-0.25634765625,0.23193359375,-0.1220703125,0.30517578125,-0.09765625,0.79345703125,0.08544921875,0.0244140625,-0.20751953125,1.2939453125,-0.1708984375,-1.01318359375,0.06103515625,-0.35400390625,0.01220703125,-1.0009765625,0,-0.79345703125,-0.0244140625,-1.42822265625,-0.10986328125,0.0244140625,-0.146484375,-0.01220703125,0.01220703125,-0.84228515625,-0.15869140625,-0.72021484375,-0.146484375,-0.76904296875,-0.0244140625,-0.62255859375,0.13427734375,-0.15869140625,0.10986328125,-1.0009765625,-0.25634765625,-1.708984375,-0.20751953125,-1.15966796875,0.13427734375,0.28076171875,-0.0244140625,0.35400390625,0.03662109375,0.01220703125,-0.0732421875,-0.0732421875,-0.08544921875,0.20751953125,-0.2197265625,0.244140625,-0.2685546875,0.79345703125,-0.03662109375,-0.48828125,-0.03662109375,-0.5859375
1,0.0732421875,-0.40283203125,0.18310546875,-0.341796875,-0.25634765625,-0.439453125,-0.03662109375,-0.06103515625,-0.23193359375,-0.08544921875,-0.08544921875,-0.91552734375,-0.03662109375,1.0986328125,-0.1708984375,-0.13427734375,-0.244140625,-0.5615234375,0.1220703125,-0.13427734375,0.0244140625,0.927734375,-0.2685546875,-0.5859375,-0.29296875,1.96533203125,-0.1708984375,3.03955078125,-0.45166015625,3.61328125,-0.1220703125,2.74658203125,-0.06103515625,0.03662109375,-0.09765625,-0.86669921875,-0.1708984375,-0.439453125,0.2685546875,-0.79345703125,0.29296875,-0.18310546875,0.13427734375,-0.68359375,-0.01220703125,-0.40283203125,0.390625,0.64697265625,-0.3173828125,1.123046875,-0.4638671875,0.45166015625,0.10986328125,0.25634765625,0.0732421875,0.69580078125,-0.13427734375,2.50244140625,-0.244140625,1.50146484375,0.439453125,3.43017578125,0.06103515625,2.01416015625,0.10986328125,0.3662109375,-0.1953125,1.0498046875,-0.0244140625,0.244140625,-0.23193359375,0.244140625,-0.20751953125,0.28076171875,-0.06103515625,0.81787109375,0.09765625,0.01220703125,-0.146484375,1.318359375,-0.1708984375,-1.025390625,0.06103515625,-0.35400390625,-0.06103515625,-1.01318359375,0,-0.81787109375,-0.048828125,-1.47705078125,-0.08544921875,-0.03662109375,-0.09765625,-0.0732421875,0.01220703125,-0.9033203125,-0.15869140625,-0.72021484375,-0.20751953125,-0.76904296875,-0.01220703125,-0.59814453125,0.13427734375,-0.1708984375,0,-1.07421875,-0.37841796875,-1.81884765625,-0.20751953125,-1.20849609375,0.09765625,0.20751953125,0,0.3662109375,0.0244140625,0.01220703125,-0.08544921875,-0.0732421875,-0.0732421875,0.1953125,-0.244140625,0.23193359375,-0.25634765625,0.79345703125,-0.03662109375,-0.47607421875,-0.03662109375,-0.54931640625
1,0.09765625,-0.390625,0.1708984375,-0.3662109375,-0.28076171875,-0.439453125,-0.048828125,-0.08544921875,-0.28076171875,-0.0732421875,-0.0732421875,-0.91552734375,0.01220703125,1.0986328125,-0.18310546875,-0.15869140625,-0.1953125,-0.5615234375,0.10986328125,-0.13427734375,0.06103515625,0.91552734375,-0.341796875,-0.57373046875,-0.28076171875,2.7099609375,-0.09765625,4.23583984375,-0.40283203125,4.57763671875,-0.08544921875,3.57666015625,0.08544921875,0.048828125,-0.1220703125,-0.86669921875,-0.1953125,-0.45166015625,0.13427734375,-0.78125,0.1953125,-0.1953125,0.2197265625,-0.72021484375,-0.01220703125,-0.4150390625,0.341796875,0.634765625,-0.29296875,1.15966796875,-0.4150390625,0.439453125,-0.01220703125,0.13427734375,0.0244140625,0.7080078125,-0.08544921875,2.01416015625,-0.20751953125,1.13525390625,0.4150390625,2.60009765625,0.2197265625,1.4892578125,0.06103515625,0.4150390625,-0.2197265625,1.07421875,-0.09765625,0.2685546875,-0.1953125,0.25634765625,-0.3173828125,0.2685546875,-0.0244140625,0.81787109375,0.08544921875,0.01220703125,-0.1220703125,1.30615234375,-0.09765625,-1.03759765625,0.03662109375,-0.35400390625,-0.10986328125,-1.01318359375,0.0244140625,-0.830078125,-0.0244140625,-1.513671875,-0.06103515625,-0.146484375,-0.01220703125,-0.15869140625,0.048828125,-0.9765625,-0.1220703125,-0.72021484375,-0.28076171875,-0.7568359375,0.01220703125,-0.6103515625,0.13427734375,-0.1708984375,0.13427734375,-1.0986328125,-0.28076171875,-1.91650390625,-0.146484375,-1.26953125,0.20751953125,0.13427734375,-0.0244140625,0.3662109375,0.0244140625,0.0244140625,-0.0732421875,-0.06103515625,-0.03662109375,0.20751953125,-0.244140625,0.23193359375,-0.23193359375,0.79345703125,-0.01220703125,-0.48828125,-0.0244140625,-0.52490234375
1,0.08544921875,-0.37841796875,0.1708984375,-0.37841796875,-0.29296875,-0.42724609375,-0.048828125,-0.08544921875,-0.30517578125,-0.08544921875,-0.08544921875,-0.91552734375,0.0732421875,1.0986328125,-0.2197265625,-0.15869140625,-0.1220703125,-0.57373046875,0.09765625,-0.146484375,0.09765625,0.9033203125,-0.37841796875,-0.57373046875,-0.2197265625,3.43017578125,-0.048828125,5.43212890625,-0.32958984375,5.52978515625,-0.0732421875,4.40673828125,0.20751953125,0.06103515625,-0.146484375,-0.87890625,-0.2197265625,-0.439453125,0.03662109375,-0.8056640625,0.08544921875,-0.1953125,0.29296875,-0.72021484375,-0.0732421875,-0.40283203125,0.29296875,0.5859375,-0.25634765625,1.15966796875,-0.40283203125,0.439453125,-0.09765625,0,-0.06103515625,0.69580078125,-0.09765625,1.5380859375,-0.15869140625,0.79345703125,0.35400390625,1.85546875,0.32958984375,1.0009765625,0.048828125,0.45166015625,-0.2685546875,1.08642578125,-0.13427734375,0.23193359375,-0.1220703125,0.28076171875,-0.390625,0.25634765625,0.01220703125,0.830078125,0.08544921875,-0.0244140625,-0.08544921875,1.30615234375,-0.01220703125,-1.06201171875,0.01220703125,-0.37841796875,-0.15869140625,-1.025390625,0.08544921875,-0.81787109375,0.03662109375,-1.55029296875,-0.048828125,-0.2197265625,0.146484375,-0.20751953125,0.01220703125,-1.03759765625,-0.08544921875,-0.732421875,-0.30517578125,-0.7568359375,0.0244140625,-0.59814453125,0.1220703125,-0.15869140625,0.13427734375,-1.11083984375,-0.2685546875,-1.96533203125,-0.1708984375,-1.26953125,0.15869140625,0.1220703125,-0.048828125,0.3662109375,0.03662109375,0.01220703125,-0.0732421875,-0.08544921875,-0.0244140625,0.20751953125,-0.2685546875,0.18310546875,-0.20751953125,0.79345703125,0,-0.47607421875,-0.01220703125,-0.54931640625
1,0.09765625,-0.390625,0.1708984375,-0.3662109375,-0.3173828125,-0.4150390625,-0.03662109375,-0.0732421875,-0.30517578125,-0.0732421875,-0.10986328125,-0.9033203125,0.08544921875,1.07421875,-0.28076171875,-0.15869140625,-0.06103515625,-0.5859375,0.048828125,-0.15869140625,0.1220703125,0.9033203125,-0.40283203125,-0.57373046875,-0.15869140625,4.08935546875,0,6.494140625,-0.1953125,6.38427734375,-0.048828125,5.11474609375,0.244140625,0.048828125,-0.1708984375,-0.87890625,-0.29296875,-0.4638671875,-0.0244140625,-0.8056640625,-0.048828125,-0.20751953125,0.35400390625,-0.74462890625,-0.1708984375,-0.40283203125,0.25634765625,0.59814453125,-0.25634765625,1.18408203125,-0.32958984375,0.4150390625,-0.0732421875,-0.10986328125,-0.15869140625,0.7080078125,-0.146484375,1.11083984375,-0.09765625,0.52490234375,0.341796875,1.220703125,0.47607421875,0.57373046875,0.01220703125,0.45166015625,-0.3173828125,1.11083984375,-0.18310546875,0.23193359375,-0.10986328125,0.28076171875,-0.40283203125,0.23193359375,0,0.84228515625,0.10986328125,-0.03662109375,0,1.2939453125,0.08544921875,-1.06201171875,0.01220703125,-0.37841796875,-0.18310546875,-1.025390625,0.1220703125,-0.81787109375,0.08544921875,-1.57470703125,-0.06103515625,-0.29296875,0.25634765625,-0.244140625,-0.03662109375,-1.03759765625,-0.06103515625,-0.74462890625,-0.3173828125,-0.76904296875,0.048828125,-0.59814453125,0.1220703125,-0.18310546875,0.08544921875,-1.07421875,-0.390625,-1.904296875,-0.13427734375,-1.23291015625,0.10986328125,0.1953125,-0.0732421875,0.37841796875,0.048828125,0,-0.08544921875,-0.08544921875,-0.06103515625,0.20751953125,-0.28076171875,0.10986328125,-0.1953125,0.78125,0.0244140625,-0.48828125,-0.03662109375,-0.54931640625
1,0.1220703125,-0.40283203125,0.1953125,-0.390625,-0.32958984375,-0.4150390625,-0.0732421875,-0.08544921875,-0.32958984375,-0.06103515625,-0.1220703125,-0.91552734375,0.09765625,1.06201171875,-0.2685546875,-0.18310546875,0.03662109375,-0.57373046875,-0.01220703125,-0.146484375,0.06103515625,0.87890625,-0.42724609375,-0.5859375,-0.1220703125,4.58984375,0,7.36083984375,-0.10986328125,7.04345703125,-0.09765625,5.6640625,0.1953125,-0.01220703125,-0.1708984375,-0.87890625,-0.341796875,-0.439453125,-0.048828125,-0.81787109375,-0.09765625,-0.2197265625,0.45166015625,-0.74462890625,-0.28076171875,-0.40283203125,0.2685546875,0.59814453125,-0.20751953125,1.20849609375,-0.28076171875,0.439453125,-0.13427734375,-0.20751953125,-0.20751953125,0.7080078125,-0.15869140625,0.7568359375,-0.03662109375,0.30517578125,0.3173828125,0.72021484375,0.52490234375,0.244140625,-0.01220703125,0.42724609375,-0.30517578125,1.0986328125,-0.1708984375,0.2197265625,-0.06103515625,0.28076171875,-0.42724609375,0.1953125,0.0244140625,0.830078125,0.09765625,-0.06103515625,0.03662109375,1.2939453125,0.146484375,-1.025390625,-0.0244140625,-0.390625,-0.1708984375,-1.01318359375,0.1220703125,-0.81787109375,0.1953125,-1.52587890625,0.0244140625,-0.29296875,0.341796875,-0.20751953125,-0.0244140625,-1.03759765625,-0.03662109375,-0.74462890625,-0.2685546875,-0.78125,0.08544921875,-0.59814453125,0.0732421875,-0.18310546875,0.1953125,-0.96435546875,-0.30517578125,-1.806640625,-0.06103515625,-1.123046875,0.1708984375,0.32958984375,-0.0732421875,0.37841796875,0.03662109375,0.01220703125,-0.0732421875,-0.10986328125,-0.0732421875,0.1953125,-0.29296875,0.01220703125,-0.18310546875,0.76904296875,0.0244140625,-0.50048828125,-0.03662109375,-0.5859375
1,0.10986328125,-0.40283203125,0.1953125,-0.40283203125,-0.37841796875,-0.42724609375,-0.0732421875,-0.08544921875,-0.3173828125,-0.06103515625,-0.1220703125,-0.89111328125,0.146484375,1.06201171875,-0.28076171875,-0.1708984375,0.10986328125,-0.57373046875,-0.0732421875,-0.13427734375,0.0244140625,0.9033203125,-0.37841796875,-0.59814453125,-0.09765625,4.89501953125,-0.0244140625,7.94677734375,-0.03662109375,7.43408203125,-0.13427734375,5.9814453125,0.10986328125,-0.1220703125,-0.15869140625,-0.89111328125,-0.37841796875,-0.42724609375,-0.048828125,-0.8056640625,-0.146484375,-0.1953125,0.439453125,-0.7568359375,-0.35400390625,-0.4150390625,0.28076171875,0.57373046875,-0.15869140625,1.20849609375,-0.28076171875,0.45166015625,-0.0732421875,-0.244140625,-0.29296875,0.72021484375,-0.20751953125,0.50048828125,0.0244140625,0.146484375,0.37841796875,0.37841796875,0.537109375,-0.0244140625,-0.06103515625,0.4150390625,-0.35400390625,1.0986328125,-0.18310546875,0.23193359375,-0.08544921875,0.28076171875,-0.4150390625,0.18310546875,0.048828125,0.87890625,0.1220703125,-0.048828125,0.09765625,1.2939453125,0.1953125,-1.03759765625,-0.06103515625,-0.37841796875,-0.146484375,-1.0009765625,0.1220703125,-0.79345703125,0.244140625,-1.45263671875,0.0732421875,-0.244140625,0.42724609375,-0.13427734375,-0.01220703125,-0.91552734375,-0.08544921875,-0.732421875,-0.1953125,-0.8056640625,0.13427734375,-0.59814453125,0.0244140625,-0.20751953125,0.146484375,-0.78125,-0.4150390625,-1.5869140625,-0.1220703125,-0.98876953125,0.06103515625,0.5126953125,-0.06103515625,0.35400390625,0.048828125,0.01220703125,-0.06103515625,-0.13427734375,-0.0732421875,0.1953125,-0.3173828125,-0.08544921875,-0.1953125,0.732421875,0.0244140625,-0.50048828125,-0.048828125,-0.5859375
0,0.1220703125,-0.390625,0.20751953125,-0.37841796875,-0.3662109375,-0.40283203125,-0.06103515625,-0.06103515625,-0.29296875,-0.048828125,-0.13427734375,-0.9033203125,0.1953125,1.07421875,-0.2685546875,-0.146484375,0.15869140625,-0.57373046875,-0.0732421875,-0.146484375,-0.0732421875,0.89111328125,-0.37841796875,-0.59814453125,-0.0244140625,5.06591796875,0.10986328125,8.26416015625,0.0732421875,7.60498046875,-0.1220703125,6.09130859375,-0.0244140625,-0.1953125,-0.18310546875,-0.9033203125,-0.3662109375,-0.40283203125,-0.09765625,-0.79345703125,-0.08544921875,-0.2197265625,0.4150390625,-0.74462890625,-0.390625,-0.42724609375,0.35400390625,0.5859375,-0.0732421875,1.20849609375,-0.25634765625,0.4638671875,-0.1220703125,-0.25634765625,-0.42724609375,0.7080078125,-0.2197265625,0.28076171875,0.0244140625,0.06103515625,0.3662109375,0.146484375,0.54931640625,-0.1953125,-0.09765625,0.3662109375,-0.30517578125,1.0986328125,-0.13427734375,0.25634765625,-0.10986328125,0.28076171875,-0.37841796875,0.20751953125,0.08544921875,0.84228515625,0.15869140625,-0.0732421875,0.13427734375,1.28173828125,0.23193359375,-1.025390625,-0.0732421875,-0.40283203125,-0.0732421875,-1.025390625,0.08544921875,-0.79345703125,0.2685546875,-1.3427734375,0.09765625,-0.13427734375,0.4150390625,-0.01220703125,0.06103515625,-0.78125,-0.146484375,-0.72021484375,-0.146484375,-0.78125,0.1708984375,-0.59814453125,0.03662109375,-0.1953125,0.13427734375,-0.57373046875,-0.4638671875,-1.3427734375,-0.10986328125,-0.79345703125,0.06103515625,0.74462890625,-0.048828125,0.35400390625,0.048828125,0.03662109375,-0.0732421875,-0.13427734375,-0.08544921875,0.18310546875,-0.32958984375,-0.146484375,-0.1953125,0.72021484375,0.01220703125,-0.537109375,-0.048828125,-0.59814453125
0,0.1220703125,-0.390625,0.2197265625,-0.3662109375,-0.37841796875,-0.40283203125,-0.0732421875,-0.06103515625,-0.25634765625,-0.03662109375,-0.1220703125,-0.87890625,0.244140625,1.08642578125,-0.25634765625,-0.146484375,0.13427734375,-0.5615234375,-0.08544921875,-0.1220703125,-0.1220703125,0.9033203125,-0.35400390625,-0.6103515625,0.03662109375,5.01708984375,0.23193359375,8.28857421875,0.09765625,7.568359375,-0.0732421875,6.04248046875,-0.13427734375,-0.30517578125,-0.20751953125,-0.9033203125,-0.341796875,-0.390625,-0.1220703125,-0.78125,0.03662109375,-0.1953125,0.341796875,-0.7080078125,-0.35400390625,-0.4150390625,0.341796875,0.59814453125,-0.01220703125,1.1962890625,-0.30517578125,0.50048828125,-0.15869140625,-0.1953125,-0.52490234375,0.72021484375,-0.244140625,0.15869140625,0.0244140625,-0.01220703125,0.390625,0.01220703125,0.45166015625,-0.28076171875,-0.146484375,0.341796875,-0.23193359375,1.08642578125,-0.08544921875,0.25634765625,-0.15869140625,0.28076171875,-0.29296875,0.1953125,0.10986328125,0.84228515625,0.15869140625,-0.048828125,0.10986328125,1.28173828125,0.20751953125,-1.01318359375,-0.09765625,-0.390625,0,-1.025390625,0.01220703125,-0.8056640625,0.2685546875,-1.220703125,0.1220703125,0.01220703125,0.37841796875,0.10986328125,0.15869140625,-0.59814453125,-0.18310546875,-0.7080078125,-0.08544921875,-0.78125,0.1953125,-0.59814453125,0.03662109375,-0.1953125,0.244140625,-0.32958984375,-0.35400390625,-1.07421875,-0.09765625,-0.6103515625,0.1220703125,0.98876953125,0.01220703125,0.35400390625,0.0244140625,0.01220703125,-0.06103515625,-0.1220703125,-0.09765625,0.1953125,-0.32958984375,-0.18310546875,-0.18310546875,0.72021484375,0.048828125,-0.5126953125,-0.048828125,-0.6103515625
0,0.13427734375,-0.390625,0.23193359375,-0.3662109375,-0.40283203125,-0.37841796875,-0.09765625,-0.06103515625,-0.2685546875,-0.0244140625,-0.08544921875,-0.9033203125,0.30517578125,1.0986328125,-0.23193359375,-0.1220703125,0.09765625,-0.57373046875,-0.06103515625,-0.10986328125,-0.15869140625,0.91552734375,-0.2685546875,-0.62255859375,0.06103515625,4.87060546875,0.1708984375,8.06884765625,0.08544921875,7.36083984375,-0.0244140625,5.82275390625,-0.2197265625,-0.390625,-0.23193359375,-0.89111328125,-0.29296875,-0.390625,-0.146484375,-0.76904296875,0.1953125,-0.1953125,0.341796875,-0.69580078125,-0.2685546875,-0.390625,0.3662109375,0.62255859375,0,1.1474609375,-0.35400390625,0.5126953125,-0.08544921875,-0.15869140625,-0.6103515625,0.72021484375,-0.2197265625,0.048828125,0.0244140625,-0.048828125,0.390625,-0.03662109375,0.40283203125,-0.35400390625,-0.08544921875,0.32958984375,-0.23193359375,1.08642578125,-0.06103515625,0.29296875,-0.2197265625,0.25634765625,-0.23193359375,0.23193359375,0.13427734375,0.8544921875,0.1708984375,-0.01220703125,0.08544921875,1.28173828125,0.13427734375,-1.0009765625,-0.10986328125,-0.37841796875,0.06103515625,-1.01318359375,-0.01220703125,-0.78125,0.2685546875,-1.0986328125,0.2197265625,0.13427734375,0.37841796875,0.20751953125,0.2197265625,-0.47607421875,-0.23193359375,-0.7080078125,-0.06103515625,-0.78125,0.20751953125,-0.59814453125,0.06103515625,-0.20751953125,0.15869140625,-0.0732421875,-0.48828125,-0.81787109375,-0.1708984375,-0.42724609375,0.048828125,1.25732421875,0.01220703125,0.35400390625,0.01220703125,0,-0.06103515625,-0.10986328125,-0.09765625,0.23193359375,-0.3173828125,-0.20751953125,-0.18310546875,0.72021484375,0.01220703125,-0.537109375,-0.06103515625,-0.64697265625
0,0.146484375,-0.390625,0.25634765625,-0.35400390625,-0.40283203125,-0.37841796875,-0.08544921875,-0.048828125,-0.23193359375,-0.01220703125,-0.048828125,-0.89111328125,0.32958984375,1.123046875,-0.1953125,-0.09765625,-0.0244140625,-0.57373046875,-0.048828125,-0.10986328125,-0.146484375,0.9033203125,-0.244140625,-0.6103515625,0.03662109375,4.638671875,0.09765625,7.67822265625,0.048828125,7.04345703125,0.048828125,5.55419921875,-0.25634765625,-0.4638671875,-0.30517578125,-0.89111328125,-0.1953125,-0.390625,-0.1220703125,-0.76904296875,0.32958984375,-0.1953125,0.30517578125,-0.69580078125,-0.10986328125,-0.390625,0.40283203125,0.634765625,-0.0244140625,1.11083984375,-0.4150390625,0.50048828125,-0.1220703125,-0.06103515625,-0.64697265625,0.7080078125,-0.15869140625,0,0.01220703125,-0.06103515625,0.390625,-0.048828125,0.37841796875,-0.3662109375,-0.1220703125,0.341796875,-0.18310546875,1.07421875,-0.048828125,0.3173828125,-0.2685546875,0.2685546875,-0.23193359375,0.244140625,0.146484375,0.81787109375,0.18310546875,0,0.06103515625,1.2939453125,0.048828125,-0.9765625,-0.13427734375,-0.341796875,0.09765625,-0.98876953125,0,-0.7568359375,0.23193359375,-1.03759765625,0.2197265625,0.20751953125,0.3173828125,0.2685546875,0.28076171875,-0.3662109375,-0.20751953125,-0.7080078125,-0.08544921875,-0.76904296875,0.1708984375,-0.5859375,0.06103515625,-0.1953125,0.15869140625,0.1220703125,-0.50048828125,-0.62255859375,-0.18310546875,-0.2685546875,0.048828125,1.4404296875,0.0244140625,0.3662109375,0.0244140625,0,-0.048828125,-0.09765625,-0.09765625,0.23193359375,-0.28076171875,-0.1708984375,-0.20751953125,0.74462890625,0.01220703125,-0.52490234375,-0.048828125,-0.64697265625
0,0.15869140625,-0.390625,0.23193359375,-0.341796875,-0.390625,-0.390625,-0.10986328125,-0.0244140625,-0.244140625,0,0,-0.87890625,0.35400390625,1.13525390625,-0.13427734375,-0.0732421875,-0.09765625,-0.5615234375,-0.08544921875,-0.10986328125,-0.1220703125,0.91552734375,-0.23193359375,-0.6103515625,-0.01220703125,4.39453125,0.01220703125,7.21435546875,-0.06103515625,6.72607421875,0.1220703125,5.224609375,-0.2197265625,-0.48828125,-0.3662109375,-0.87890625,-0.13427734375,-0.40283203125,-0.06103515625,-0.76904296875,0.4150390625,-0.18310546875,0.30517578125,-0.67138671875,0,-0.40283203125,0.3662109375,0.64697265625,-0.048828125,1.11083984375,-0.48828125,0.47607421875,-0.08544921875,0,-0.67138671875,0.7080078125,-0.09765625,-0.01220703125,-0.0244140625,-0.048828125,0.3173828125,-0.048828125,0.32958984375,-0.35400390625,-0.0732421875,0.3662109375,-0.0732421875,1.08642578125,-0.0244140625,0.32958984375,-0.23193359375,0.2685546875,-0.23193359375,0.2685546875,0.18310546875,0.830078125,0.146484375,0,0,1.318359375,-0.03662109375,-1.0009765625,-0.146484375,-0.35400390625,0.13427734375,-0.96435546875,0.03662109375,-0.76904296875,0.2197265625,-1.0498046875,0.18310546875,0.20751953125,0.29296875,0.25634765625,0.28076171875,-0.37841796875,-0.20751953125,-0.7080078125,-0.048828125,-0.76904296875,0.10986328125,-0.5859375,0.09765625,-0.20751953125,0.15869140625,0.28076171875,-0.439453125,-0.50048828125,-0.1708984375,-0.18310546875,0.06103515625,1.611328125,0,0.3662109375,0.03662109375,0,-0.0732421875,-0.08544921875,-0.08544921875,0.23193359375,-0.28076171875,-0.10986328125,-0.2197265625,0.79345703125,0.01220703125,-0.52490234375,-0.06103515625,-0.634765625
0,0.1708984375,-0.37841796875,0.23193359375,-0.3173828125,-0.4150390625,-0.40283203125,-0.09765625,-0.0244140625,-0.2197265625,-0.03662109375,0.03662109375,-0.87890625,0.35400390625,1.123046875,-0.13427734375,-0.0732421875,-0.13427734375,-0.5615234375,-0.08544921875,-0.09765625,-0.03662109375,0.91552734375,-0.244140625,-0.6103515625,-0.03662109375,4.13818359375,-0.0732421875,6.70166015625,-0.15869140625,6.3720703125,0.1708984375,4.94384765625,-0.13427734375,-0.45166015625,-0.4638671875,-0.9033203125,-0.0732421875,-0.4150390625,0,-0.76904296875,0.37841796875,-0.18310546875,0.37841796875,-0.6591796875,0.09765625,-0.37841796875,0.390625,0.634765625,-0.1220703125,1.0986328125,-0.48828125,0.45166015625,-0.03662109375,0.10986328125,-0.69580078125,0.7080078125,0,0,-0.0732421875,-0.0244140625,0.244140625,-0.01220703125,0.2685546875,-0.3173828125,-0.0732421875,0.390625,0.01220703125,1.06201171875,-0.03662109375,0.32958984375,-0.18310546875,0.2685546875,-0.2197265625,0.2685546875,0.20751953125,0.830078125,0.10986328125,0.0244140625,-0.048828125,1.30615234375,-0.08544921875,-0.96435546875,-0.15869140625,-0.35400390625,0.10986328125,-0.98876953125,0.0732421875,-0.76904296875,0.13427734375,-1.15966796875,0.23193359375,0.10986328125,0.28076171875,0.15869140625,0.2197265625,-0.47607421875,-0.15869140625,-0.72021484375,-0.01220703125,-0.76904296875,0.08544921875,-0.59814453125,0.146484375,-0.20751953125,0.1708984375,0.3662109375,-0.40283203125,-0.45166015625,-0.1708984375,-0.10986328125,0.048828125,1.6845703125,0,0.3662109375,0.0244140625,-0.01220703125,-0.0732421875,-0.03662109375,-0.08544921875,0.2197265625,-0.2685546875,0,-0.2197265625,0.8056640625,0.03662109375,-0.52490234375,-0.048828125,-0.6103515625
0,0.1953125,-0.37841796875,0.23193359375,-0.32958984375,-0.4150390625,-0.42724609375,-0.09765625,-0.01220703125,-0.20751953125,-0.01220703125,0.01220703125,-0.9033203125,0.35400390625,1.123046875,-0.15869140625,-0.0732421875,-0.146484375,-0.5615234375,-0.10986328125,-0.1220703125,0.048828125,0.91552734375,-0.30517578125,-0.62255859375,-0.09765625,3.94287109375,-0.1708984375,6.25,-0.29296875,6.103515625,0.13427734375,4.7119140625,-0.03662109375,-0.35400390625,-0.50048828125,-0.91552734375,-0.048828125,-0.4150390625,0.0732421875,-0.79345703125,0.30517578125,-0.1953125,0.341796875,-0.64697265625,0.15869140625,-0.390625,0.4638671875,0.62255859375,-0.1708984375,1.123046875,-0.5615234375,0.439453125,0,0.1708984375,-0.6591796875,0.69580078125,0.0732421875,0.0244140625,-0.0732421875,-0.01220703125,0.1708984375,0.01220703125,0.1708984375,-0.28076171875,0.0244140625,0.3662109375,0.0732421875,1.0498046875,-0.0244140625,0.341796875,-0.13427734375,0.25634765625,-0.1708984375,0.25634765625,0.20751953125,0.81787109375,0.06103515625,0.01220703125,-0.1220703125,1.2939453125,-0.1220703125,-1.0009765625,-0.15869140625,-0.3662109375,0.08544921875,-0.9765625,0.09765625,-0.79345703125,0.06103515625,-1.318359375,0.30517578125,-0.01220703125,0.244140625,0.01220703125,0.15869140625,-0.64697265625,-0.1220703125,-0.72021484375,0.01220703125,-0.76904296875,0.03662109375,-0.59814453125,0.1708984375,-0.18310546875,0.18310546875,0.4150390625,-0.32958984375,-0.50048828125,-0.20751953125,-0.1220703125,0.08544921875,1.708984375,0.01220703125,0.3662109375,0.06103515625,0.01220703125,-0.048828125,-0.0244140625,-0.06103515625,0.2197265625,-0.29296875,0.10986328125,-0.1708984375,0.81787109375,0.0244140625,-0.52490234375,-0.06103515625,-0.5859375
0,0.2197265625,-0.3662109375,0.20751953125,-0.32958984375,-0.439453125,-0.4150390625,-0.1220703125,-0.0244140625,-0.2197265625,-0.048828125,0.03662109375,-0.9033203125,0.341796875,1.11083984375,-0.1953125,-0.09765625,-0.09765625,-0.5615234375,-0.1220703125,-0.10986328125,0.1220703125,0.9033203125,-0.32958984375,-0.59814453125,-0.09765625,3.759765625,-0.09765625,5.87158203125,-0.2685546875,5.89599609375,0.13427734375,4.541015625,-0.0244140625,-0.244140625,-0.48828125,-0.91552734375,-0.08544921875,-0.439453125,0.10986328125,-0.8056640625,0.146484375,-0.18310546875,0.3662109375,-0.634765625,0.13427734375,-0.390625,0.50048828125,0.62255859375,-0.23193359375,1.13525390625,-0.5615234375,0.4150390625,0.09765625,0.2197265625,-0.634765625,0.68359375,0.1220703125,0.06103515625,-0.0732421875,0,0.06103515625,0.03662109375,0.06103515625,-0.23193359375,0.08544921875,0.3662109375,0.13427734375,1.06201171875,0,0.3173828125,-0.10986328125,0.2685546875,-0.03662109375,0.244140625,0.244140625,0.84228515625,-0.01220703125,0.0244140625,-0.15869140625,1.28173828125,-0.13427734375,-0.98876953125,-0.1708984375,-0.37841796875,0.0732421875,-0.98876953125,0.09765625,-0.8056640625,-0.0244140625,-1.47705078125,0.30517578125,-0.18310546875,0.20751953125,-0.13427734375,0.03662109375,-0.86669921875,-0.13427734375,-0.72021484375,0.048828125,-0.76904296875,0.03662109375,-0.59814453125,0.15869140625,-0.1953125,0.23193359375,0.341796875,-0.30517578125,-0.5859375,-0.23193359375,-0.1708984375,0.10986328125,1.67236328125,0.0244140625,0.390625,0.048828125,0.01220703125,-0.06103515625,-0.01220703125,-0.08544921875,0.23193359375,-0.29296875,0.23193359375,-0.13427734375,0.84228515625,0.048828125,-0.50048828125,-0.048828125,-0.5615234375
0,0.244140625,-0.3662109375,0.2197265625,-0.35400390625,-0.42724609375,-0.439453125,-0.1220703125,-0.03662109375,-0.244140625,-0.06103515625,0.03662109375,-0.91552734375,0.2685546875,1.0986328125,-0.20751953125,-0.1220703125,-0.06103515625,-0.5615234375,-0.1220703125,-0.1220703125,0.20751953125,0.91552734375,-0.341796875,-0.62255859375,-0.13427734375,3.62548828125,-0.15869140625,5.5419921875,-0.2685546875,5.7373046875,0.08544921875,4.40673828125,-0.06103515625,-0.1220703125,-0.439453125,-0.927734375,-0.13427734375,-0.4150390625,0.1220703125,-0.8056640625,0.0244140625,-0.18310546875,0.32958984375,-0.64697265625,0.048828125,-0.37841796875,0.537109375,0.59814453125,-0.29296875,1.171875,-0.59814453125,0.4150390625,0.146484375,0.20751953125,-0.5859375,0.69580078125,0.1220703125,0.09765625,-0.08544921875,0.01220703125,-0.08544921875,0.0732421875,0.048828125,-0.15869140625,0.10986328125,0.341796875,0.1708984375,1.0498046875,-0.0244140625,0.28076171875,-0.048828125,0.23193359375,0.03662109375,0.20751953125,0.2197265625,0.830078125,-0.0732421875,0.0244140625,-0.1953125,1.28173828125,-0.13427734375,-1.01318359375,-0.146484375,-0.40283203125,0.03662109375,-1.025390625,0.0732421875,-0.8056640625,-0.09765625,-1.62353515625,0.3662109375,-0.3173828125,0.15869140625,-0.3173828125,0.01220703125,-1.0498046875,-0.13427734375,-0.72021484375,0.03662109375,-0.7568359375,0.01220703125,-0.5859375,0.13427734375,-0.1953125,0.244140625,0.25634765625,-0.29296875,-0.732421875,-0.20751953125,-0.25634765625,0.10986328125,1.57470703125,0.048828125,0.37841796875,0.08544921875,0.0244140625,-0.06103515625,0,-0.10986328125,0.2197265625,-0.30517578125,0.341796875,-0.0732421875,0.81787109375,0.06103515625,-0.5126953125,-0.06103515625,-0.537109375
0,0.25634765625,-0.37841796875,0.18310546875,-0.3662109375,-0.4150390625,-0.439453125,-0.10986328125,-0.048828125,-0.25634765625,-0.09765625,0,-0.9033203125,0.146484375,1.07421875,-0.2197265625,-0.1708984375,-0.03662109375,-0.54931640625,-0.08544921875,-0.146484375,0.20751953125,0.9033203125,-0.3173828125,-0.6103515625,-0.1708984375,3.515625,-0.1953125,5.31005859375,-0.18310546875,5.615234375,-0.01220703125,4.33349609375,-0.1220703125,0.01220703125,-0.3662109375,-0.927734375,-0.2197265625,-0.4150390625,0.1220703125,-0.8056640625,-0.03662109375,-0.1708984375,0.28076171875,-0.6103515625,-0.06103515625,-0.390625,0.5615234375,0.6103515625,-0.30517578125,1.18408203125,-0.6103515625,0.42724609375,0.13427734375,0.20751953125,-0.54931640625,0.69580078125,0.10986328125,0.1708984375,-0.0732421875,0.01220703125,-0.15869140625,0.10986328125,0.0244140625,-0.10986328125,0.18310546875,0.390625,0.25634765625,1.06201171875,-0.0244140625,0.25634765625,-0.01220703125,0.23193359375,0.10986328125,0.1953125,0.18310546875,0.830078125,-0.1220703125,0.0244140625,-0.2197265625,1.2939453125,-0.15869140625,-1.01318359375,-0.08544921875,-0.390625,0.01220703125,-1.01318359375,0.03662109375,-0.8056640625,-0.10986328125,-1.708984375,0.3173828125,-0.3662109375,0.0244140625,-0.37841796875,0,-1.18408203125,-0.15869140625,-0.7080078125,0.06103515625,-0.78125,-0.0244140625,-0.5859375,0.10986328125,-0.1953125,0.20751953125,0.13427734375,-0.29296875,-0.89111328125,-0.1708984375,-0.341796875,0.09765625,1.45263671875,0.03662109375,0.37841796875,0.06103515625,0.01220703125,-0.06103515625,-0.01220703125,-0.146484375,0.1953125,-0.29296875,0.4638671875,-0.06103515625,0.8056640625,0.0732421875,-0.5126953125,-0.048828125,-0.5126953125
0,0.244140625,-0.37841796875,0.1953125,-0.3662109375,-0.4638671875,-0.47607421875,-0.10986328125,-0.0732421875,-0.29296875,-0.09765625,-0.048828125,-0.93994140625,-0.0244140625,1.06201171875,-0.244140625,-0.1708984375,-0.01220703125,-0.54931640625,-0.03662109375,-0.146484375,0.2197265625,0.91552734375,-0.25634765625,-0.5859375,-0.20751953125,3.3935546875,-0.20751953125,5.09033203125,-0.09765625,5.48095703125,-0.048828125,4.21142578125,-0.20751953125,0.146484375,-0.32958984375,-0.927734375,-0.28076171875,-0.40283203125,0.09765625,-0.830078125,-0.0732421875,-0.18310546875,0.1953125,-0.5859375,-0.18310546875,-0.37841796875,0.54931640625,0.59814453125,-0.35400390625,1.1962890625,-0.59814453125,0.439453125,0.18310546875,0.20751953125,-0.47607421875,0.72021484375,0.08544921875,0.1953125,-0.06103515625,0.0244140625,-0.1708984375,0.146484375,-0.0244140625,-0.03662109375,0.13427734375,0.4638671875,0.29296875,1.07421875,0,0.244140625,0.03662109375,0.23193359375,0.18310546875,0.20751953125,0.13427734375,0.81787109375,-0.18310546875,0.01220703125,-0.2197265625,1.30615234375,-0.1708984375,-1.01318359375,0,-0.40283203125,-0.06103515625,-1.025390625,0,-0.8056640625,-0.13427734375,-1.67236328125,0.32958984375,-0.244140625,-0.0732421875,-0.35400390625,0.01220703125,-1.171875,-0.20751953125,-0.7080078125,0.03662109375,-0.76904296875,0,-0.59814453125,0.08544921875,-0.1953125,0.1708984375,0.0244140625,-0.2685546875,-1.0498046875,-0.1220703125,-0.439453125,0.03662109375,1.318359375,0.0244140625,0.3662109375,0.09765625,0.048828125,-0.048828125,0,-0.15869140625,0.1953125,-0.30517578125,0.537109375,-0.06103515625,0.79345703125,0.09765625,-0.48828125,-0.048828125,-0.50048828125
0,0.244140625,-0.4150390625,0.15869140625,-0.35400390625,-0.47607421875,-0.4638671875,-0.09765625,-0.06103515625,-0.30517578125,-0.09765625,-0.0732421875,-0.91552734375,-0.18310546875,1.0498046875,-0.244140625,-0.15869140625,0.01220703125,-0.5615234375,0.01220703125,-0.15869140625,0.18310546875,0.9033203125,-0.146484375,-0.59814453125,-0.23193359375,3.25927734375,-0.1953125,4.8828125,0.0244140625,5.322265625,-0.08544921875,4.08935546875,-0.29296875,0.23193359375,-0.25634765625,-0.927734375,-0.30517578125,-0.37841796875,0.06103515625,-0.8056640625,-0.06103515625,-0.18310546875,0.1708984375,-0.57373046875,-0.25634765625,-0.37841796875,0.5126953125,0.62255859375,-0.3662109375,1.171875,-0.57373046875,0.45166015625,0.15869140625,0.18310546875,-0.390625,0.72021484375,0.09765625,0.25634765625,-0.03662109375,0.03662109375,-0.20751953125,0.18310546875,-0.10986328125,0.01220703125,0.10986328125,0.6591796875,0.3173828125,1.0986328125,0.048828125,0.23193359375,0.048828125,0.244140625,0.1953125,0.20751953125,0.048828125,0.81787109375,-0.20751953125,0,-0.18310546875,1.2939453125,-0.1953125,-1.01318359375,0.09765625,-0.4150390625,-0.1220703125,-1.0498046875,0.01220703125,-0.8056640625,-0.0732421875,-1.513671875,0.244140625,0.048828125,-0.1708984375,-0.18310546875,0.0732421875,-0.9765625,-0.18310546875,-0.7080078125,0.01220703125,-0.78125,0.01220703125,-0.5859375,0.0244140625,-0.1953125,0.10986328125,-0.08544921875,-0.2197265625,-1.1474609375,-0.03662109375,-0.5126953125,0.0244140625,1.1962890625,0.01220703125,0.3662109375,0.08544921875,0.048828125,-0.06103515625,0.01220703125,-0.1708984375,0.18310546875,-0.25634765625,0.5859375,-0.048828125,0.7568359375,0.10986328125,-0.5126953125,-0.06103515625,-0.47607421875
0,0.25634765625,-0.439453125,0.146484375,-0.341796875,-0.48828125,-0.45166015625,-0.0732421875,-0.048828125,-0.341796875,-0.0732421875,-0.0732421875,-0.91552734375,-0.341796875,1.03759765625,-0.28076171875,-0.1220703125,0.0244140625,-0.5615234375,0.10986328125,-0.15869140625,0.146484375,0.91552734375,-0.01220703125,-0.5859375,-0.20751953125,3.06396484375,-0.20751953125,4.6142578125,0.08544921875,5.078125,-0.08544921875,3.86962890625,-0.25634765625,0.28076171875,-0.20751953125,-0.927734375,-0.28076171875,-0.390625,-0.01220703125,-0.8056640625,-0.01220703125,-0.1953125,0.09765625,-0.54931640625,-0.29296875,-0.35400390625,0.4638671875,0.59814453125,-0.37841796875,1.1474609375,-0.54931640625,0.45166015625,0.1953125,0.15869140625,-0.25634765625,0.732421875,0.08544921875,0.25634765625,-0.048828125,0.048828125,-0.18310546875,0.2685546875,-0.20751953125,0.048828125,0.0732421875,0.927734375,0.341796875,1.11083984375,0.0732421875,0.244140625,0.0732421875,0.2685546875,0.18310546875,0.20751953125,-0.01220703125,0.81787109375,-0.20751953125,-0.01220703125,-0.13427734375,1.2939453125,-0.1953125,-1.03759765625,0.18310546875,-0.40283203125,-0.2197265625,-1.025390625,0,-0.79345703125,-0.06103515625,-1.18408203125,0.25634765625,0.57373046875,-0.25634765625,0.18310546875,0.146484375,-0.59814453125,-0.1953125,-0.68359375,-0.0244140625,-0.78125,-0.0244140625,-0.57373046875,-0.01220703125,-0.18310546875,0.048828125,-0.1708984375,-0.28076171875,-1.20849609375,0,-0.5615234375,0.01220703125,1.11083984375,0.01220703125,0.3662109375,0.1220703125,0.08544921875,-0.06103515625,0.01220703125,-0.15869140625,0.15869140625,-0.244140625,0.6103515625,-0.048828125,0.74462890625,0.09765625,-0.5126953125,-0.06103515625,-0.48828125
1,0.28076171875,-0.439453125,0.13427734375,-0.32958984375,-0.50048828125,-0.439453125,-0.10986328125,-0.03662109375,-0.390625,-0.06103515625,-0.08544921875,-0.9033203125,-0.47607421875,1.06201171875,-0.30517578125,-0.1220703125,0.01220703125,-0.57373046875,0.1953125,-0.15869140625,0.09765625,0.91552734375,0.0244140625,-0.57373046875,-0.15869140625,2.8076171875,-0.1708984375,4.2724609375,0.08544921875,4.79736328125,-0.06103515625,3.61328125,-0.20751953125,0.3173828125,-0.23193359375,-0.927734375,-0.29296875,-0.40283203125,-0.08544921875,-0.8056640625,0,-0.1953125,-0.0244140625,-0.54931640625,-0.30517578125,-0.390625,0.37841796875,0.5859375,-0.37841796875,1.13525390625,-0.45166015625,0.45166015625,0.20751953125,0.10986328125,-0.13427734375,0.7080078125,0.08544921875,0.28076171875,-0.03662109375,0.0732421875,-0.2197265625,0.32958984375,-0.30517578125,0.01220703125,0.03662109375,1.318359375,0.32958984375,1.15966796875,0.09765625,0.30517578125,0.0244140625,0.3173828125,0.1220703125,0.2197265625,-0.0732421875,0.79345703125,-0.244140625,0,-0.146484375,1.30615234375,-0.13427734375,-1.025390625,0.23193359375,-0.40283203125,-0.2685546875,-1.01318359375,0,-0.78125,-0.01220703125,-0.72021484375,0.1953125,1.3427734375,-0.244140625,0.7080078125,0.1708984375,-0.03662109375,-0.1708984375,-0.67138671875,-0.06103515625,-0.76904296875,-0.01220703125,-0.5859375,-0.0732421875,-0.1953125,0.1220703125,-0.2197265625,-0.2685546875,-1.23291015625,0.0244140625,-0.6103515625,0.09765625,1.03759765625,0.0244140625,0.35400390625,0.09765625,0.0732421875,-0.06103515625,0,-0.15869140625,0.18310546875,-0.20751953125,0.6103515625,-0.03662109375,0.7568359375,0.08544921875,-0.48828125,-0.0732421875,-0.50048828125
1,0.23193359375,-0.439453125,0.10986328125,-0.3173828125,-0.47607421875,-0.42724609375,-0.09765625,-0.048828125,-0.42724609375,-0.03662109375,-0.0732421875,-0.91552734375,-0.5859375,1.06201171875,-0.341796875,-0.10986328125,0.0244140625,-0.5859375,0.244140625,-0.1708984375,0.0732421875,0.9033203125,0.06103515625,-0.5859375,-0.09765625,2.490234375,-0.10986328125,3.82080078125,0.048828125,4.40673828125,-0.01220703125,3.271484375,-0.10986328125,0.32958984375,-0.3173828125,-0.93994140625,-0.25634765625,-0.42724609375,-0.146484375,-0.8056640625,0.01220703125,-0.2197265625,0.08544921875,-0.54931640625,-0.244140625,-0.37841796875,0.244140625,0.59814453125,-0.3662109375,1.11083984375,-0.4638671875,0.4638671875,0.30517578125,0.06103515625,0.01220703125,0.72021484375,0.09765625,0.25634765625,0,0.0732421875,-0.2685546875,0.3662109375,-0.37841796875,-0.01220703125,0.15869140625,1.904296875,0.2685546875,1.1962890625,0.10986328125,0.37841796875,-0.0732421875,0.40283203125,0.1220703125,0.25634765625,-0.09765625,0.8056640625,-0.1708984375,-0.01220703125,-0.146484375,1.318359375,-0.048828125,-1.025390625,0.25634765625,-0.40283203125,-0.35400390625,-1.025390625,0.048828125,-0.79345703125,-0.0244140625,-0.18310546875,0.25634765625,2.28271484375,-0.244140625,1.2939453125,0.15869140625,0.62255859375,-0.15869140625,-0.7080078125,-0.0732421875,-0.7568359375,-0.0244140625,-0.59814453125,-0.08544921875,-0.1953125,0.06103515625,-0.25634765625,-0.4150390625,-1.2451171875,-0.03662109375,-0.64697265625,0.06103515625,0.9765625,0.0244140625,0.37841796875,0.13427734375,0.048828125,-0.06103515625,0.01220703125,-0.146484375,0.18310546875,-0.20751953125,0.5859375,-0.03662109375,0.76904296875,0.0732421875,-0.5126953125,-0.0732421875,-0.52490234375
1,0.244140625,-0.4150390625,0.1220703125,-0.30517578125,-0.4638671875,-0.42724609375,-0.0732421875,-0.06103515625,-0.439453125,-0.01220703125,-0.03662109375,-0.91552734375,-0.67138671875,1.08642578125,-0.3173828125,-0.10986328125,0.01220703125,-0.5859375,0.2685546875,-0.146484375,0.0244140625,0.89111328125,0.01220703125,-0.5859375,0.01220703125,2.11181640625,-0.03662109375,3.22265625,0.048828125,3.96728515625,0.09765625,2.880859375,-0.0244140625,0.37841796875,-0.390625,-0.927734375,-0.20751953125,-0.45166015625,-0.1953125,-0.81787109375,-0.0244140625,-0.23193359375,0.06103515625,-0.5859375,-0.13427734375,-0.40283203125,0.1708984375,0.59814453125,-0.341796875,1.11083984375,-0.50048828125,0.4638671875,0.3173828125,0,0.048828125,0.732421875,0.09765625,0.244140625,0.01220703125,0.08544921875,-0.2685546875,0.4150390625,-0.35400390625,-0.06103515625,0.15869140625,2.6123046875,0.18310546875,1.2939453125,0.13427734375,0.48828125,-0.13427734375,0.5126953125,0.1220703125,0.25634765625,-0.13427734375,0.79345703125,-0.146484375,0,-0.15869140625,1.33056640625,-0.01220703125,-1.0498046875,0.2685546875,-0.390625,-0.42724609375,-1.025390625,0.0732421875,-0.78125,0.0244140625,0.45166015625,0.35400390625,3.3447265625,-0.15869140625,1.953125,0.146484375,1.37939453125,-0.13427734375,-0.68359375,-0.06103515625,-0.7568359375,-0.01220703125,-0.5859375,-0.10986328125,-0.18310546875,0.03662109375,-0.29296875,-0.5859375,-1.23291015625,-0.0732421875,-0.68359375,0.06103515625,0.9521484375,0.048828125,0.390625,0.1220703125,0.048828125,-0.048828125,0.01220703125,-0.1220703125,0.1953125,-0.20751953125,0.59814453125,-0.048828125,0.8056640625,0.048828125,-0.5126953125,-0.06103515625,-0.537109375
1,0.23193359375,-0.40283203125,0.10986328125,-0.32958984375,-0.439453125,-0.40283203125,-0.08544921875,-0.0732421875,-0.42724609375,0,0,-0.89111328125,-0.732421875,1.0986328125,-0.2685546875,-0.10986328125,-0.01220703125,-0.5859375,0.1953125,-0.146484375,-0.0244140625,0.89111328125,-0.0244140625,-0.5859375,0.06103515625,1.72119140625,0.03662109375,2.5390625,0.0244140625,3.47900390625,0.1953125,2.47802734375,0.048828125,0.3662109375,-0.47607421875,-0.927734375,-0.18310546875,-0.50048828125,-0.2197265625,-0.8056640625,-0.0732421875,-0.23193359375,0.08544921875,-0.6103515625,-0.06103515625,-0.390625,0.15869140625,0.6103515625,-0.341796875,1.13525390625,-0.50048828125,0.45166015625,0.30517578125,-0.08544921875,0.09765625,0.69580078125,0.06103515625,0.20751953125,-0.03662109375,0.09765625,-0.2685546875,0.4150390625,-0.341796875,-0.13427734375,0.146484375,3.466796875,0.10986328125,1.3916015625,0.09765625,0.62255859375,-0.1708984375,0.62255859375,0.06103515625,0.28076171875,-0.1708984375,0.8056640625,-0.10986328125,-0.01220703125,-0.1708984375,1.318359375,0.03662109375,-1.03759765625,0.244140625,-0.37841796875,-0.439453125,-1.01318359375,0.09765625,-0.78125,0.08544921875,1.025390625,0.40283203125,4.50439453125,-0.01220703125,2.6123046875,0.1220703125,2.13623046875,-0.1220703125,-0.72021484375,-0.0244140625,-0.76904296875,-0.048828125,-0.57373046875,-0.0732421875,-0.1708984375,0.13427734375,-0.32958984375,-0.47607421875,-1.20849609375,-0.03662109375,-0.69580078125,0.18310546875,0.927734375,0.048828125,0.390625,0.13427734375,0.03662109375,-0.06103515625,0.01220703125,-0.146484375,0.2197265625,-0.18310546875,0.5859375,-0.0732421875,0.8544921875,0.06103515625,-0.50048828125,-0.08544921875,-0.537109375
1,0.23193359375,-0.390625,0.09765625,-0.35400390625,-0.42724609375,-0.40283203125,-0.06103515625,-0.06103515625,-0.4150390625,0.01220703125,0.01220703125,-0.9033203125,-0.74462890625,1.13525390625,-0.23193359375,-0.146484375,0,-0.57373046875,0.13427734375,-0.13427734375,-0.08544921875,0.89111328125,-0.09765625,-0.59814453125,0.13427734375,1.318359375,0.0732421875,1.81884765625,0.09765625,3.0029296875,0.3173828125,2.03857421875,0.09765625,0.341796875,-0.50048828125,-0.93994140625,-0.1708984375,-0.50048828125,-0.2197265625,-0.81787109375,-0.08544921875,-0.23193359375,0.15869140625,-0.62255859375,-0.0244140625,-0.42724609375,0.1708984375,0.59814453125,-0.35400390625,1.1474609375,-0.52490234375,0.45166015625,0.42724609375,-0.13427734375,0.0732421875,0.68359375,0.13427734375,0.1953125,-0.01220703125,0.10986328125,-0.2685546875,0.42724609375,-0.29296875,-0.2197265625,0.28076171875,4.40673828125,0.03662109375,1.4892578125,0.0732421875,0.7568359375,-0.2197265625,0.76904296875,-0.01220703125,0.2685546875,-0.15869140625,0.830078125,-0.06103515625,-0.01220703125,-0.1953125,1.30615234375,0.0732421875,-1.025390625,0.1953125,-0.3662109375,-0.390625,-1.0009765625,0.09765625,-0.78125,0.1220703125,1.57470703125,0.32958984375,5.65185546875,0.08544921875,3.22265625,0.08544921875,2.83203125,-0.18310546875,-0.72021484375,0.03662109375,-0.74462890625,-0.0732421875,-0.5859375,-0.048828125,-0.1708984375,0.0732421875,-0.3662109375,-0.62255859375,-1.23291015625,-0.1220703125,-0.732421875,0.10986328125,0.87890625,0.0244140625,0.37841796875,0.13427734375,0.0244140625,-0.06103515625,0.0244140625,-0.1220703125,0.2197265625,-0.2197265625,0.5615234375,-0.048828125,0.87890625,0.03662109375,-0.48828125,-0.08544921875,-0.5615234375
1,0.2197265625,-0.35400390625,0.08544921875,-0.3662109375,-0.42724609375,-0.4150390625,-0.06103515625,-0.08544921875,-0.4150390625,-0.01220703125,0.0244140625,-0.89111328125,-0.72021484375,1.13525390625,-0.1953125,-0.146484375,0.03662109375,-0.5859375,0.06103515625,-0.1220703125,-0.146484375,0.89111328125,-0.18310546875,-0.59814453125,0.13427734375,0.9521484375,0.08544921875,1.11083984375,0.146484375,2.5634765625,0.341796875,1.66015625,0.10986328125,0.35400390625,-0.4638671875,-0.927734375,-0.18310546875,-0.5126953125,-0.15869140625,-0.81787109375,-0.10986328125,-0.2197265625,0.2197265625,-0.64697265625,-0.0244140625,-0.439453125,0.2685546875,0.6103515625,-0.341796875,1.15966796875,-0.45166015625,0.439453125,0.37841796875,-0.1953125,0.03662109375,0.69580078125,0.20751953125,0.1953125,-0.03662109375,0.08544921875,-0.2685546875,0.42724609375,-0.3173828125,-0.25634765625,0.3173828125,5.3955078125,-0.0244140625,1.59912109375,0,0.86669921875,-0.244140625,0.89111328125,-0.048828125,0.25634765625,-0.1708984375,0.81787109375,-0.03662109375,-0.01220703125,-0.20751953125,1.318359375,0.10986328125,-0.98876953125,0.146484375,-0.37841796875,-0.29296875,-1.025390625,0.10986328125,-0.79345703125,0.1220703125,2.0263671875,0.28076171875,6.689453125,0.146484375,3.7353515625,0.0732421875,3.41796875,-0.1953125,-0.7080078125,0.0732421875,-0.7568359375,-0.13427734375,-0.5859375,0,-0.146484375,0.146484375,-0.4638671875,-0.57373046875,-1.2451171875,-0.1220703125,-0.76904296875,0.18310546875,0.81787109375,0.03662109375,0.390625,0.146484375,0,-0.06103515625,0.0244140625,-0.10986328125,0.23193359375,-0.25634765625,0.50048828125,-0.01220703125,0.87890625,0.0244140625,-0.48828125,-0.08544921875,-0.5615234375
1,0.23193359375,-0.341796875,0.06103515625,-0.390625,-0.42724609375,-0.4150390625,-0.06103515625,-0.08544921875,-0.3662109375,-0.048828125,0.03662109375,-0.89111328125,-0.68359375,1.11083984375,-0.1708984375,-0.18310546875,0.06103515625,-0.5859375,-0.01220703125,-0.13427734375,-0.1953125,0.87890625,-0.23193359375,-0.6103515625,0.09765625,0.6591796875,0.09765625,0.45166015625,0.2197265625,2.1728515625,0.3173828125,1.35498046875,0.0732421875,0.3662109375,-0.37841796875,-0.91552734375,-0.18310546875,-0.50048828125,-0.09765625,-0.81787109375,-0.13427734375,-0.18310546875,0.244140625,-0.6591796875,-0.06103515625,-0.42724609375,0.4150390625,0.62255859375,-0.32958984375,1.1962890625,-0.4150390625,0.42724609375,0.32958984375,-0.20751953125,0.03662109375,0.69580078125,0.2197265625,0.2197265625,-0.09765625,0.10986328125,-0.23193359375,0.4150390625,-0.4150390625,-0.28076171875,0.28076171875,6.34765625,-0.03662109375,1.72119140625,-0.03662109375,0.9765625,-0.25634765625,1.01318359375,-0.146484375,0.25634765625,-0.146484375,0.8544921875,-0.01220703125,-0.01220703125,-0.23193359375,1.318359375,0.13427734375,-1.0009765625,0.08544921875,-0.3662109375,-0.15869140625,-1.025390625,0.09765625,-0.79345703125,0.048828125,2.34375,0.2685546875,7.5439453125,0.15869140625,4.11376953125,0.048828125,3.857421875,-0.18310546875,-0.72021484375,0.10986328125,-0.76904296875,-0.15869140625,-0.5859375,0.0732421875,-0.15869140625,0.1708984375,-0.52490234375,-0.50048828125,-1.318359375,-0.20751953125,-0.8056640625,0.15869140625,0.7568359375,0.048828125,0.390625,0.1708984375,-0.01220703125,-0.06103515625,0,-0.10986328125,0.2197265625,-0.29296875,0.4638671875,0,0.86669921875,0.0244140625,-0.48828125,-0.10986328125,-0.54931640625
1,0.1953125,-0.35400390625,0.048828125,-0.390625,-0.390625,-0.42724609375,-0.048828125,-0.08544921875,-0.35400390625,-0.06103515625,0.0244140625,-0.87890625,-0.67138671875,1.0986328125,-0.15869140625,-0.1708984375,0.0732421875,-0.54931640625,-0.03662109375,-0.1220703125,-0.23193359375,0.89111328125,-0.25634765625,-0.6103515625,0.06103515625,0.4638671875,0.13427734375,-0.03662109375,0.244140625,1.9287109375,0.244140625,1.123046875,-0.0244140625,0.341796875,-0.244140625,-0.9033203125,-0.15869140625,-0.45166015625,-0.03662109375,-0.8056640625,-0.1220703125,-0.15869140625,0.146484375,-0.6591796875,-0.10986328125,-0.439453125,0.537109375,0.634765625,-0.35400390625,1.171875,-0.37841796875,0.439453125,0.42724609375,-0.20751953125,-0.01220703125,0.7080078125,0.30517578125,0.2685546875,-0.0732421875,0.13427734375,-0.10986328125,0.42724609375,-0.4150390625,-0.244140625,0.29296875,7.21435546875,-0.13427734375,1.8310546875,-0.08544921875,1.06201171875,-0.244140625,1.08642578125,-0.18310546875,0.244140625,-0.13427734375,0.87890625,0,-0.01220703125,-0.1953125,1.2939453125,0.13427734375,-1.0009765625,0.03662109375,-0.3662109375,-0.0244140625,-1.0498046875,0.06103515625,-0.8056640625,0.0244140625,2.52685546875,0.25634765625,8.154296875,0.18310546875,4.30908203125,0.03662109375,4.1015625,-0.15869140625,-0.732421875,0.08544921875,-0.76904296875,-0.1220703125,-0.5859375,0.09765625,-0.1708984375,0.18310546875,-0.57373046875,-0.37841796875,-1.3427734375,-0.23193359375,-0.84228515625,0.1220703125,0.72021484375,0.048828125,0.40283203125,0.1708984375,-0.01220703125,-0.0732421875,0,-0.08544921875,0.25634765625,-0.29296875,0.4150390625,0.0244140625,0.86669921875,0.048828125,-0.47607421875,-0.10986328125,-0.5615234375
1,0.15869140625,-0.35400390625,0.03662109375,-0.390625,-0.35400390625,-0.439453125,-0.06103515625,-0.0732421875,-0.28076171875,-0.09765625,0.01220703125,-0.86669921875,-0.67138671875,1.07421875,-0.1220703125,-0.18310546875,0.03662109375,-0.54931640625,-0.03662109375,-0.08544921875,-0.28076171875,0.89111328125,-0.2197265625,-0.6103515625,-0.0244140625,0.35400390625,0.13427734375,-0.30517578125,0.244140625,1.81884765625,0.13427734375,0.98876953125,-0.146484375,0.30517578125,-0.146484375,-0.9033203125,-0.18310546875,-0.4150390625,0.06103515625,-0.76904296875,-0.09765625,-0.146484375,0.10986328125,-0.634765625,-0.146484375,-0.439453125,0.64697265625,0.634765625,-0.3173828125,1.171875,-0.32958984375,0.439453125,0.40283203125,-0.1708984375,-0.0732421875,0.732421875,0.30517578125,0.32958984375,-0.13427734375,0.146484375,-0.06103515625,0.4150390625,-0.3662109375,-0.15869140625,0.20751953125,7.92236328125,-0.18310546875,1.94091796875,-0.15869140625,1.123046875,-0.2197265625,1.171875,-0.2685546875,0.20751953125,-0.10986328125,0.87890625,-0.01220703125,-0.0244140625,-0.1708984375,1.2939453125,0.10986328125,-1.025390625,0,-0.35400390625,0.09765625,-1.025390625,0,-0.79345703125,0,2.5390625,0.0732421875,8.4716796875,0.1953125,4.3701171875,0.0244140625,4.1748046875,-0.10986328125,-0.732421875,0.06103515625,-0.78125,-0.10986328125,-0.5615234375,0.1220703125,-0.18310546875,0.18310546875,-0.6103515625,-0.2685546875,-1.35498046875,-0.23193359375,-0.830078125,0.09765625,0.69580078125,0.0732421875,0.40283203125,0.146484375,0.0244140625,-0.06103515625,-0.01220703125,-0.09765625,0.244140625,-0.28076171875,0.3662109375,0.01220703125,0.84228515625,0.048828125,-0.48828125,-0.10986328125,-0.54931640625
1,0.15869140625,-0.3662109375,0.03662109375,-0.390625,-0.341796875,-0.4638671875,-0.03662109375,-0.0732421875,-0.244140625,-0.10986328125,0,-0.87890625,-0.6591796875,1.07421875,-0.13427734375,-0.18310546875,-0.03662109375,-0.54931640625,0,-0.08544921875,-0.341796875,0.89111328125,-0.15869140625,-0.59814453125,-0.1708984375,0.37841796875,0.01220703125,-0.32958984375,0.1220703125,1.8310546875,0.01220703125,1.03759765625,-0.1953125,0.244140625,-0.0732421875,-0.91552734375,-0.2197265625,-0.37841796875,0.1708984375,-0.76904296875,-0.0244140625,-0.1220703125,-0.01220703125,-0.5859375,-0.146484375,-0.42724609375,0.67138671875,0.634765625,-0.341796875,1.171875,-0.3173828125,0.42724609375,0.32958984375,-0.146484375,-0.13427734375,0.74462890625,0.35400390625,0.40283203125,-0.18310546875,0.20751953125,-0.09765625,0.439453125,-0.32958984375,-0.0244140625,0.244140625,8.38623046875,-0.1953125,1.98974609375,-0.23193359375,1.171875,-0.18310546875,1.1962890625,-0.3173828125,0.18310546875,-0.09765625,0.93994140625,-0.01220703125,-0.048828125,-0.09765625,1.28173828125,0.08544921875,-1.025390625,-0.0732421875,-0.341796875,0.2197265625,-1.07421875,-0.0244140625,-0.79345703125,0,2.45361328125,-0.08544921875,8.49609375,0.15869140625,4.3212890625,0.0244140625,4.1015625,-0.1220703125,-0.74462890625,-0.0244140625,-0.8056640625,-0.09765625,-0.57373046875,0.10986328125,-0.1708984375,0.08544921875,-0.5859375,-0.2685546875,-1.318359375,-0.20751953125,-0.78125,0.0244140625,0.74462890625,0.06103515625,0.390625,0.13427734375,0.0244140625,-0.06103515625,-0.048828125,-0.09765625,0.23193359375,-0.30517578125,0.30517578125,0.0244140625,0.830078125,0.048828125,-0.50048828125,-0.10986328125,-0.5615234375
1,0.1220703125,-0.390625,0.0244140625,-0.390625,-0.32958984375,-0.45166015625,-0.0244140625,-0.09765625,-0.1953125,-0.08544921875,-0.0244140625,-0.89111328125,-0.634765625,1.08642578125,-0.1220703125,-0.1708984375,-0.09765625,-0.5615234375,0.06103515625,-0.08544921875,-0.35400390625,0.9033203125,-0.0732421875,-0.59814453125,-0.29296875,0.52490234375,0,-0.06103515625,0,2.03857421875,-0.03662109375,1.1962890625,-0.18310546875,0.15869140625,-0.03662109375,-0.91552734375,-0.1953125,-0.35400390625,0.1953125,-0.76904296875,0.01220703125,-0.1220703125,-0.1953125,-0.537109375,-0.10986328125,-0.40283203125,0.634765625,0.62255859375,-0.32958984375,1.13525390625,-0.32958984375,0.439453125,0.25634765625,-0.10986328125,-0.1708984375,0.74462890625,0.4150390625,0.52490234375,-0.08544921875,0.25634765625,-0.01220703125,0.50048828125,-0.10986328125,0.13427734375,0.23193359375,8.55712890625,-0.2197265625,1.98974609375,-0.25634765625,1.1962890625,-0.13427734375,1.20849609375,-0.341796875,0.1708984375,-0.10986328125,0.91552734375,-0.0244140625,-0.06103515625,0,1.28173828125,0.03662109375,-1.0009765625,-0.08544921875,-0.35400390625,0.25634765625,-1.08642578125,-0.0244140625,-0.78125,-0.03662109375,2.25830078125,-0.1953125,8.1787109375,0.1220703125,4.13818359375,0.01220703125,3.8818359375,-0.13427734375,-0.7080078125,-0.1220703125,-0.8056640625,-0.06103515625,-0.5859375,0.0732421875,-0.1708984375,0.10986328125,-0.50048828125,-0.08544921875,-1.2451171875,-0.13427734375,-0.69580078125,0.01220703125,0.830078125,0.08544921875,0.390625,0.1220703125,0.03662109375,-0.0732421875,-0.06103515625,-0.06103515625,0.2197265625,-0.28076171875,0.23193359375,0.03662109375,0.81787109375,0.048828125,-0.52490234375,-0.10986328125,-0.54931640625
1,0.09765625,-0.40283203125,0.048828125,-0.37841796875,-0.32958984375,-0.4638671875,-0.03662109375,-0.08544921875,-0.15869140625,-0.048828125,-0.0244140625,-0.87890625,-0.5615234375,1.07421875,-0.15869140625,-0.15869140625,-0.146484375,-0.57373046875,0.09765625,-0.08544921875,-0.341796875,0.89111328125,-0.08544921875,-0.59814453125,-0.32958984375,0.830078125,-0.048828125,0.48828125,-0.0732421875,2.392578125,0,1.4892578125,-0.09765625,0.06103515625,-0.048828125,-0.9033203125,-0.18310546875,-0.35400390625,0.18310546875,-0.78125,0.0244140625,-0.1220703125,-0.2197265625,-0.48828125,-0.08544921875,-0.390625,0.5615234375,0.6103515625,-0.30517578125,1.1474609375,-0.2685546875,0.45166015625,0.146484375,-0.048828125,-0.244140625,0.732421875,0.4150390625,0.634765625,-0.09765625,0.35400390625,-0.1220703125,0.537109375,-0.03662109375,0.30517578125,0.08544921875,8.50830078125,-0.1953125,1.9775390625,-0.25634765625,1.18408203125,-0.0732421875,1.18408203125,-0.3662109375,0.1708984375,-0.0732421875,0.89111328125,-0.0244140625,-0.06103515625,0.0732421875,1.28173828125,0.01220703125,-0.98876953125,-0.09765625,-0.35400390625,0.30517578125,-1.08642578125,0.01220703125,-0.78125,-0.01220703125,1.9775390625,-0.2197265625,7.6416015625,0.1220703125,3.857421875,0.01220703125,3.564453125,-0.1220703125,-0.732421875,-0.2197265625,-0.79345703125,-0.0244140625,-0.6103515625,0.01220703125,-0.1708984375,0.08544921875,-0.37841796875,0.0244140625,-1.11083984375,-0.13427734375,-0.5859375,-0.01220703125,0.98876953125,0.06103515625,0.37841796875,0.10986328125,0.0244140625,-0.0732421875,-0.0732421875,-0.048828125,0.2197265625,-0.25634765625,0.18310546875,0.0244140625,0.81787109375,0.06103515625,-0.52490234375,-0.10986328125,-0.537109375
1,0.08544921875,-0.4150390625,0.03662109375,-0.37841796875,-0.32958984375,-0.45166015625,-0.03662109375,-0.09765625,-0.1953125,-0.06103515625,-0.0244140625,-0.87890625,-0.54931640625,1.06201171875,-0.2197265625,-0.13427734375,-0.1708984375,-0.57373046875,0.146484375,-0.08544921875,-0.3173828125,0.9033203125,-0.048828125,-0.5859375,-0.4150390625,1.2451171875,-0.15869140625,1.28173828125,-0.1953125,2.9052734375,0.0244140625,1.94091796875,0.03662109375,-0.0732421875,-0.0732421875,-0.927734375,-0.146484375,-0.37841796875,0.08544921875,-0.79345703125,-0.01220703125,-0.146484375,-0.244140625,-0.40283203125,-0.048828125,-0.3662109375,0.4638671875,0.6103515625,-0.244140625,1.13525390625,-0.2685546875,0.4638671875,0.13427734375,0,-0.3662109375,0.732421875,0.341796875,0.76904296875,-0.03662109375,0.45166015625,-0.1220703125,0.59814453125,0,0.47607421875,0.0244140625,8.203125,-0.23193359375,1.9287109375,-0.2197265625,1.15966796875,-0.08544921875,1.123046875,-0.35400390625,0.1953125,-0.03662109375,0.87890625,-0.01220703125,-0.048828125,0.10986328125,1.28173828125,-0.01220703125,-0.98876953125,-0.09765625,-0.341796875,0.29296875,-1.08642578125,0.048828125,-0.76904296875,0.01220703125,1.6845703125,-0.18310546875,6.93359375,0.13427734375,3.55224609375,-0.03662109375,3.21044921875,-0.146484375,-0.732421875,-0.29296875,-0.8056640625,-0.01220703125,-0.5859375,-0.01220703125,-0.18310546875,0.10986328125,-0.18310546875,0.0244140625,-0.93994140625,-0.08544921875,-0.48828125,-0.0244140625,1.171875,0.0732421875,0.37841796875,0.09765625,0.03662109375,-0.0732421875,-0.08544921875,-0.048828125,0.2197265625,-0.23193359375,0.1220703125,0.0244140625,0.79345703125,0.0732421875,-0.52490234375,-0.09765625,-0.537109375
1,0.0732421875,-0.4150390625,0,-0.37841796875,-0.30517578125,-0.439453125,-0.03662109375,-0.08544921875,-0.18310546875,-0.01220703125,-0.03662109375,-0.89111328125,-0.47607421875,1.07421875,-0.3173828125,-0.1220703125,-0.1220703125,-0.5615234375,0.15869140625,-0.10986328125,-0.25634765625,0.9033203125,-0.09765625,-0.5859375,-0.42724609375,1.77001953125,-0.13427734375,2.25830078125,-0.28076171875,3.5400390625,0.048828125,2.490234375,0.18310546875,-0.1953125,-0.146484375,-0.93994140625,-0.15869140625,-0.42724609375,-0.03662109375,-0.78125,-0.0732421875,-0.18310546875,-0.1953125,-0.3662109375,-0.0244140625,-0.37841796875,0.3173828125,0.57373046875,-0.18310546875,1.123046875,-0.20751953125,0.439453125,0,0.0244140625,-0.390625,0.732421875,0.29296875,0.87890625,0.03662109375,0.50048828125,-0.146484375,0.59814453125,0.0244140625,0.59814453125,-0.0732421875,7.70263671875,-0.2197265625,1.86767578125,-0.1953125,1.13525390625,-0.13427734375,1.06201171875,-0.32958984375,0.1953125,-0.01220703125,0.830078125,-0.03662109375,-0.03662109375,0.13427734375,1.2939453125,0.0244140625,-0.9765625,-0.0732421875,-0.341796875,0.29296875,-1.07421875,0.06103515625,-0.76904296875,-0.0244140625,1.37939453125,-0.048828125,6.1767578125,0.20751953125,3.23486328125,-0.03662109375,2.81982421875,-0.10986328125,-0.732421875,-0.341796875,-0.79345703125,0,-0.59814453125,-0.048828125,-0.1708984375,0.13427734375,-0.0244140625,0.08544921875,-0.7568359375,-0.048828125,-0.3662109375,-0.048828125,1.33056640625,0.06103515625,0.3662109375,0.09765625,0.0244140625,-0.06103515625,-0.09765625,-0.03662109375,0.20751953125,-0.20751953125,0.06103515625,0.048828125,0.7568359375,0.08544921875,-0.537109375,-0.1220703125,-0.54931640625
0,0.08544921875,-0.40283203125,0,-0.341796875,-0.29296875,-0.4150390625,-0.0244140625,-0.048828125,-0.1708984375,0,-0.0244140625,-0.9033203125,-0.390625,1.08642578125,-0.37841796875,-0.09765625,-0.0732421875,-0.5615234375,0.18310546875,-0.10986328125,-0.23193359375,0.9033203125,-0.15869140625,-0.57373046875,-0.3173828125,2.33154296875,-0.15869140625,3.3935546875,-0.23193359375,4.26025390625,0.08544921875,3.125,0.341796875,-0.2685546875,-0.23193359375,-0.9521484375,-0.2197265625,-0.4638671875,-0.15869140625,-0.81787109375,-0.1708984375,-0.20751953125,-0.10986328125,-0.341796875,-0.03662109375,-0.390625,0.1953125,0.5615234375,-0.1220703125,1.1474609375,-0.244140625,0.42724609375,0.0244140625,0.0244140625,-0.54931640625,0.732421875,0.2197265625,0.9521484375,0.0732421875,0.5615234375,-0.1708984375,0.6103515625,0.048828125,0.69580078125,-0.13427734375,7.080078125,-0.15869140625,1.7822265625,-0.13427734375,1.0986328125,-0.1708984375,1.025390625,-0.29296875,0.23193359375,0.0244140625,0.8056640625,-0.01220703125,-0.03662109375,0.1220703125,1.30615234375,0.0244140625,-0.96435546875,-0.06103515625,-0.3662109375,0.244140625,-1.07421875,0.0732421875,-0.79345703125,0,1.11083984375,0,5.45654296875,0.28076171875,2.91748046875,-0.0244140625,2.50244140625,-0.06103515625,-0.72021484375,-0.30517578125,-0.78125,0,-0.5859375,-0.08544921875,-0.15869140625,0.18310546875,0.1220703125,0.15869140625,-0.5859375,0.03662109375,-0.28076171875,-0.048828125,1.47705078125,0.048828125,0.35400390625,0.10986328125,0.03662109375,-0.0732421875,-0.08544921875,-0.03662109375,0.2197265625,-0.1708984375,0.01220703125,0.0732421875,0.7568359375,0.09765625,-0.54931640625,-0.1220703125,-0.54931640625
0,0.09765625,-0.40283203125,-0.048828125,-0.32958984375,-0.25634765625,-0.4150390625,-0.01220703125,-0.0244140625,-0.13427734375,0,-0.0244140625,-0.89111328125,-0.28076171875,1.0986328125,-0.390625,-0.08544921875,0,-0.5615234375,0.146484375,-0.10986328125,-0.18310546875,0.91552734375,-0.18310546875,-0.57373046875,-0.3173828125,2.94189453125,-0.1953125,4.5654296875,-0.244140625,5.01708984375,0.06103515625,3.7841796875,0.40283203125,-0.32958984375,-0.23193359375,-0.9521484375,-0.28076171875,-0.5126953125,-0.23193359375,-0.830078125,-0.25634765625,-0.2197265625,-0.048828125,-0.341796875,-0.08544921875,-0.40283203125,0.09765625,0.57373046875,-0.06103515625,1.1474609375,-0.2197265625,0.439453125,-0.1220703125,0.0244140625,-0.6103515625,0.732421875,0.146484375,0.9765625,0.09765625,0.59814453125,-0.18310546875,0.6103515625,0.09765625,0.7080078125,-0.1708984375,6.43310546875,-0.1953125,1.708984375,-0.08544921875,1.0498046875,-0.20751953125,0.9765625,-0.25634765625,0.25634765625,0.06103515625,0.830078125,-0.0244140625,-0.03662109375,0.09765625,1.30615234375,0.0732421875,-0.96435546875,-0.0244140625,-0.3662109375,0.1953125,-1.0498046875,0.048828125,-0.76904296875,-0.01220703125,0.89111328125,0.08544921875,4.84619140625,0.32958984375,2.63671875,-0.06103515625,2.197265625,-0.048828125,-0.732421875,-0.2685546875,-0.78125,-0.0244140625,-0.5859375,-0.1220703125,-0.146484375,0.146484375,0.1953125,0.146484375,-0.50048828125,0.06103515625,-0.2685546875,-0.0732421875,1.52587890625,0.048828125,0.3662109375,0.09765625,0.0244140625,-0.06103515625,-0.06103515625,-0.03662109375,0.2197265625,-0.18310546875,-0.048828125,0.0732421875,0.74462890625,0.09765625,-0.54931640625,-0.10986328125,-0.537109375
0,0.048828125,-0.390625,-0.0732421875,-0.341796875,-0.23193359375,-0.42724609375,-0.0244140625,-0.048828125,-0.09765625,-0.01220703125,-0.0244140625,-0.89111328125,-0.15869140625,1.0986328125,-0.40283203125,-0.09765625,0.06103515625,-0.57373046875,0.0732421875,-0.10986328125,-0.20751953125,0.927734375,-0.1953125,-0.5859375,-0.18310546875,3.55224609375,-0.10986328125,5.72509765625,-0.1220703125,5.76171875,0.06103515625,4.43115234375,0.37841796875,-0.3662109375,-0.2685546875,-0.93994140625,-0.3173828125,-0.52490234375,-0.23193359375,-0.830078125,-0.35400390625,-0.25634765625,0.0732421875,-0.37841796875,-0.15869140625,-0.42724609375,0.06103515625,0.57373046875,0,1.15966796875,-0.28076171875,0.40283203125,-0.13427734375,0,-0.732421875,0.732421875,0.13427734375,0.96435546875,0.146484375,0.5859375,-0.2197265625,0.6103515625,0.1953125,0.67138671875,-0.13427734375,5.79833984375,-0.15869140625,1.64794921875,-0.048828125,0.9765625,-0.2197265625,0.927734375,-0.28076171875,0.2685546875,0.09765625,0.79345703125,0.01220703125,-0.03662109375,0.10986328125,1.33056640625,0.08544921875,-0.9765625,0,-0.35400390625,0.09765625,-1.01318359375,0,-0.78125,-0.03662109375,0.74462890625,0.146484375,4.40673828125,0.35400390625,2.42919921875,-0.03662109375,1.96533203125,-0.06103515625,-0.732421875,-0.1953125,-0.7568359375,-0.06103515625,-0.59814453125,-0.1220703125,-0.15869140625,0.13427734375,0.1708984375,0.048828125,-0.47607421875,0.0732421875,-0.29296875,-0.0732421875,1.50146484375,0.03662109375,0.35400390625,0.1220703125,0.01220703125,-0.06103515625,-0.048828125,-0.0244140625,0.2197265625,-0.1708984375,-0.03662109375,0.0732421875,0.76904296875,0.09765625,-0.537109375,-0.09765625,-0.57373046875
0,0.06103515625,-0.3662109375,-0.1220703125,-0.341796875,-0.23193359375,-0.4150390625,-0.0244140625,-0.0732421875,-0.03662109375,-0.01220703125,-0.06103515625,-0.89111328125,-0.06103515625,1.11083984375,-0.40283203125,-0.1220703125,0.146484375,-0.5859375,0,-0.10986328125,-0.23193359375,0.91552734375,-0.18310546875,-0.6103515625,-0.1708984375,4.1015625,-0.23193359375,6.787109375,-0.08544921875,6.4697265625,-0.06103515625,5.0537109375,0.341796875,-0.37841796875,-0.28076171875,-0.927734375,-0.35400390625,-0.5126953125,-0.25634765625,-0.830078125,-0.40283203125,-0.244140625,0.146484375,-0.439453125,-0.244140625,-0.42724609375,0.08544921875,0.5859375,0.03662109375,1.171875,-0.25634765625,0.42724609375,-0.18310546875,-0.01220703125,-0.76904296875,0.74462890625,0.1708984375,0.93994140625,0.10986328125,0.5615234375,-0.244140625,0.5859375,0.20751953125,0.5859375,-0.1220703125,5.322265625,-0.09765625,1.59912109375,-0.0244140625,0.927734375,-0.20751953125,0.89111328125,-0.2685546875,0.25634765625,0.13427734375,0.81787109375,-0.01220703125,-0.0244140625,0.06103515625,1.33056640625,0.08544921875,-1.0009765625,0.03662109375,-0.35400390625,-0.01220703125,-1.0009765625,-0.06103515625,-0.79345703125,-0.0244140625,0.634765625,0.18310546875,4.13818359375,0.341796875,2.25830078125,-0.03662109375,1.806640625,-0.13427734375,-0.74462890625,-0.146484375,-0.7568359375,-0.0732421875,-0.6103515625,-0.09765625,-0.13427734375,0.06103515625,0.06103515625,-0.01220703125,-0.54931640625,0.08544921875,-0.390625,-0.09765625,1.3671875,0.048828125,0.35400390625,0.1220703125,0.01220703125,-0.06103515625,-0.0244140625,-0.048828125,0.244140625,-0.1708984375,-0.0732421875,0.08544921875,0.7568359375,0.08544921875,-0.52490234375,-0.09765625,-0.5615234375
0,0.06103515625,-0.35400390625,-0.1220703125,-0.35400390625,-0.2197265625,-0.40283203125,-0.03662109375,-0.08544921875,-0.0244140625,-0.03662109375,-0.06103515625,-0.89111328125,0.06103515625,1.123046875,-0.3662109375,-0.146484375,0.2197265625,-0.5859375,-0.06103515625,-0.10986328125,-0.28076171875,0.9033203125,-0.15869140625,-0.6103515625,-0.0732421875,4.541015625,-0.23193359375,7.65380859375,0.048828125,7.06787109375,-0.03662109375,5.57861328125,0.20751953125,-0.3662109375,-0.25634765625,-0.91552734375,-0.390625,-0.5126953125,-0.2685546875,-0.830078125,-0.3662109375,-0.244140625,0.1220703125,-0.52490234375,-0.30517578125,-0.4150390625,0.146484375,0.62255859375,0.06103515625,1.171875,-0.18310546875,0.42724609375,-0.20751953125,-0.0244140625,-0.78125,0.76904296875,0.1953125,0.86669921875,0.10986328125,0.47607421875,-0.25634765625,0.57373046875,0.1220703125,0.47607421875,-0.10986328125,4.99267578125,-0.01220703125,1.57470703125,-0.0244140625,0.87890625,-0.1953125,0.86669921875,-0.25634765625,0.244140625,0.1220703125,0.8544921875,-0.06103515625,-0.01220703125,0.01220703125,1.30615234375,0.10986328125,-0.98876953125,0.0732421875,-0.341796875,-0.1220703125,-1.0009765625,-0.15869140625,-0.8056640625,-0.03662109375,0.54931640625,0.2197265625,4.00390625,0.29296875,2.13623046875,0.0244140625,1.6845703125,-0.15869140625,-0.74462890625,-0.09765625,-0.76904296875,-0.09765625,-0.5859375,-0.0732421875,-0.146484375,0.0732421875,-0.09765625,0.01220703125,-0.62255859375,0.0732421875,-0.52490234375,-0.06103515625,1.20849609375,0.048828125,0.3662109375,0.1220703125,0.01220703125,-0.06103515625,-0.0244140625,-0.06103515625,0.2197265625,-0.1953125,-0.09765625,0.1220703125,0.7568359375,0.0732421875,-0.5126953125,-0.09765625,-0.57373046875
0,0.048828125,-0.35400390625,-0.146484375,-0.37841796875,-0.18310546875,-0.40283203125,-0.03662109375,-0.08544921875,0.03662109375,-0.03662109375,-0.06103515625,-0.91552734375,0.15869140625,1.11083984375,-0.341796875,-0.1708984375,0.244140625,-0.59814453125,-0.06103515625,-0.09765625,-0.35400390625,0.927734375,-0.1220703125,-0.6103515625,0.03662109375,4.89501953125,-0.146484375,8.30078125,0.18310546875,7.48291015625,-0.0244140625,5.95703125,0.0732421875,-0.30517578125,-0.20751953125,-0.9033203125,-0.35400390625,-0.4638671875,-0.25634765625,-0.81787109375,-0.28076171875,-0.20751953125,0.09765625,-0.62255859375,-0.32958984375,-0.4150390625,0.18310546875,0.62255859375,0.0244140625,1.171875,-0.18310546875,0.45166015625,-0.15869140625,-0.06103515625,-0.7080078125,0.78125,0.25634765625,0.79345703125,0.09765625,0.40283203125,-0.244140625,0.5615234375,0.09765625,0.3662109375,-0.1220703125,4.84619140625,0.0732421875,1.5869140625,-0.0244140625,0.830078125,-0.15869140625,0.8544921875,-0.20751953125,0.23193359375,0.13427734375,0.84228515625,-0.06103515625,0,-0.01220703125,1.30615234375,0.09765625,-1.01318359375,0.06103515625,-0.35400390625,-0.23193359375,-1.01318359375,-0.23193359375,-0.8056640625,0.01220703125,0.50048828125,0.18310546875,3.94287109375,0.28076171875,2.0751953125,0.048828125,1.5625,-0.23193359375,-0.74462890625,-0.06103515625,-0.76904296875,-0.10986328125,-0.5615234375,-0.0244140625,-0.1708984375,0.0244140625,-0.2685546875,-0.06103515625,-0.72021484375,0.03662109375,-0.634765625,-0.0732421875,1.03759765625,0.048828125,0.3662109375,0.13427734375,0.0244140625,-0.06103515625,-0.0244140625,-0.0732421875,0.23193359375,-0.1708984375,-0.1220703125,0.1220703125,0.78125,0.09765625,-0.5126953125,-0.10986328125,-0.57373046875
0,0.03662109375,-0.35400390625,-0.146484375,-0.37841796875,-0.18310546875,-0.4150390625,-0.0244140625,-0.10986328125,0.06103515625,-0.0732421875,-0.03662109375,-0.91552734375,0.18310546875,1.11083984375,-0.28076171875,-0.18310546875,0.20751953125,-0.57373046875,-0.0732421875,-0.09765625,-0.40283203125,0.9033203125,-0.06103515625,-0.634765625,0.09765625,5.11474609375,-0.0732421875,8.6669921875,0.18310546875,7.72705078125,0.03662109375,6.16455078125,-0.01220703125,-0.28076171875,-0.15869140625,-0.9033203125,-0.29296875,-0.4150390625,-0.244140625,-0.8056640625,-0.15869140625,-0.20751953125,0,-0.68359375,-0.30517578125,-0.37841796875,0.1953125,0.6591796875,-0.03662109375,1.18408203125,-0.1953125,0.45166015625,-0.146484375,-0.048828125,-0.74462890625,0.79345703125,0.3173828125,0.69580078125,0.06103515625,0.341796875,-0.1708984375,0.537109375,0,0.25634765625,-0.09765625,4.79736328125,0.1708984375,1.5869140625,-0.03662109375,0.8056640625,-0.08544921875,0.81787109375,-0.08544921875,0.1953125,0.13427734375,0.87890625,-0.10986328125,0,-0.03662109375,1.2939453125,0.08544921875,-1.0009765625,0.0244140625,-0.35400390625,-0.3173828125,-1.025390625,-0.2685546875,-0.81787109375,0.0244140625,0.42724609375,0.1708984375,3.8818359375,0.25634765625,1.953125,0.0732421875,1.45263671875,-0.1953125,-0.7568359375,-0.1220703125,-0.76904296875,-0.13427734375,-0.57373046875,0.0244140625,-0.15869140625,0.03662109375,-0.3662109375,-0.048828125,-0.72021484375,0.06103515625,-0.69580078125,-0.0732421875,0.93994140625,0.048828125,0.37841796875,0.13427734375,0.01220703125,-0.06103515625,-0.0244140625,-0.048828125,0.2197265625,-0.15869140625,-0.10986328125,0.10986328125,0.76904296875,0.08544921875,-0.5126953125,-0.1220703125,-0.59814453125
0,0.03662109375,-0.3662109375,-0.146484375,-0.37841796875,-0.146484375,-0.45166015625,-0.01220703125,-0.10986328125,0.08544921875,-0.0732421875,-0.0244140625,-0.91552734375,0.1953125,1.08642578125,-0.244140625,-0.18310546875,0.10986328125,-0.57373046875,-0.03662109375,-0.09765625,-0.4150390625,0.91552734375,-0.0244140625,-0.6103515625,0.146484375,5.13916015625,-0.0732421875,8.7158203125,0.18310546875,7.77587890625,0.0732421875,6.201171875,-0.09765625,-0.28076171875,-0.20751953125,-0.9033203125,-0.1953125,-0.37841796875,-0.20751953125,-0.76904296875,-0.01220703125,-0.146484375,-0.0244140625,-0.78125,-0.2197265625,-0.3662109375,0.2197265625,0.634765625,-0.10986328125,1.18408203125,-0.1953125,0.4638671875,-0.06103515625,-0.10986328125,-0.74462890625,0.79345703125,0.35400390625,0.6103515625,0.01220703125,0.30517578125,-0.23193359375,0.54931640625,0.0244140625,0.18310546875,-0.13427734375,4.84619140625,0.2197265625,1.5869140625,-0.048828125,0.79345703125,-0.0244140625,0.79345703125,0.01220703125,0.1708984375,0.1220703125,0.89111328125,-0.146484375,-0.01220703125,-0.0732421875,1.26953125,0.0732421875,-1.025390625,-0.0244140625,-0.35400390625,-0.3662109375,-1.03759765625,-0.2685546875,-0.81787109375,0.09765625,0.28076171875,0.1708984375,3.69873046875,0.244140625,1.85546875,0.13427734375,1.30615234375,-0.15869140625,-0.732421875,-0.15869140625,-0.7568359375,-0.1220703125,-0.59814453125,0.06103515625,-0.15869140625,0.048828125,-0.3662109375,-0.01220703125,-0.57373046875,0.09765625,-0.68359375,-0.09765625,0.9521484375,0.048828125,0.37841796875,0.1220703125,0.0244140625,-0.0732421875,-0.048828125,-0.06103515625,0.20751953125,-0.15869140625,-0.09765625,0.09765625,0.74462890625,0.06103515625,-0.5126953125,-0.1220703125,-0.59814453125
0,0.01220703125,-0.390625,-0.1708984375,-0.3662109375,-0.10986328125,-0.439453125,0.01220703125,-0.09765625,0.1220703125,-0.08544921875,0.01220703125,-0.89111328125,0.20751953125,1.07421875,-0.244140625,-0.1708984375,0.01220703125,-0.5859375,-0.0244140625,-0.08544921875,-0.439453125,0.91552734375,0.0244140625,-0.59814453125,0.146484375,5.029296875,-0.048828125,8.50830078125,0.10986328125,7.62939453125,0.15869140625,6.0546875,-0.09765625,-0.29296875,-0.28076171875,-0.9033203125,-0.09765625,-0.390625,-0.18310546875,-0.76904296875,0.09765625,-0.13427734375,-0.06103515625,-0.830078125,-0.06103515625,-0.35400390625,0.1953125,0.64697265625,-0.15869140625,1.1962890625,-0.1953125,0.4638671875,-0.03662109375,-0.13427734375,-0.72021484375,0.8056640625,0.42724609375,0.57373046875,0.01220703125,0.25634765625,-0.3173828125,0.54931640625,0.06103515625,0.13427734375,-0.18310546875,4.8828125,0.2685546875,1.5869140625,-0.06103515625,0.78125,0.0244140625,0.76904296875,0.09765625,0.1953125,0.06103515625,0.9033203125,-0.18310546875,0,-0.0732421875,1.26953125,0.08544921875,-1.03759765625,-0.0732421875,-0.3662109375,-0.390625,-1.03759765625,-0.2197265625,-0.830078125,0.15869140625,0.13427734375,0.1220703125,3.369140625,0.23193359375,1.64794921875,0.15869140625,1.08642578125,-0.08544921875,-0.74462890625,-0.15869140625,-0.74462890625,-0.10986328125,-0.6103515625,0.09765625,-0.15869140625,0.06103515625,-0.18310546875,-0.13427734375,-0.23193359375,0.1220703125,-0.48828125,-0.146484375,1.15966796875,0.0244140625,0.37841796875,0.10986328125,0.03662109375,-0.0732421875,-0.048828125,-0.048828125,0.18310546875,-0.1708984375,-0.10986328125,0.0732421875,0.76904296875,0.048828125,-0.50048828125,-0.13427734375,-0.5859375
0,-0.0244140625,-0.40283203125,-0.1708984375,-0.3662109375,-0.0732421875,-0.45166015625,0.0244140625,-0.08544921875,0.13427734375,-0.0732421875,0.0244140625,-0.89111328125,0.244140625,1.06201171875,-0.1953125,-0.146484375,-0.048828125,-0.54931640625,-0.0244140625,-0.08544921875,-0.40283203125,0.9033203125,0.048828125,-0.5859375,0.13427734375,4.77294921875,-0.1220703125,7.99560546875,0.03662109375,7.31201171875,0.1953125,5.74951171875,-0.03662109375,-0.3173828125,-0.32958984375,-0.91552734375,-0.0244140625,-0.390625,-0.146484375,-0.7568359375,0.1220703125,-0.15869140625,-0.09765625,-0.86669921875,0.06103515625,-0.341796875,0.1953125,0.634765625,-0.1708984375,1.18408203125,-0.15869140625,0.439453125,0.03662109375,-0.1708984375,-0.72021484375,0.79345703125,0.439453125,0.54931640625,-0.01220703125,0.25634765625,-0.3662109375,0.57373046875,-0.048828125,0.146484375,-0.09765625,4.7607421875,0.30517578125,1.5380859375,-0.03662109375,0.7568359375,0.03662109375,0.72021484375,0.1708984375,0.1953125,0.01220703125,0.9033203125,-0.244140625,-0.01220703125,-0.06103515625,1.28173828125,0.08544921875,-1.0498046875,-0.09765625,-0.37841796875,-0.390625,-1.03759765625,-0.146484375,-0.81787109375,0.13427734375,-0.08544921875,0.08544921875,2.86865234375,0.23193359375,1.416015625,0.09765625,0.78125,0,-0.7568359375,-0.1708984375,-0.7568359375,-0.09765625,-0.62255859375,0.09765625,-0.15869140625,0.0732421875,0.20751953125,-0.1953125,0.3662109375,0.1220703125,-0.1708984375,-0.1708984375,1.57470703125,0.0244140625,0.37841796875,0.0732421875,0.01220703125,-0.06103515625,-0.06103515625,-0.048828125,0.1708984375,-0.15869140625,-0.08544921875,0.0732421875,0.732421875,0.03662109375,-0.5126953125,-0.13427734375,-0.5859375
0,-0.0244140625,-0.42724609375,-0.1953125,-0.3662109375,-0.048828125,-0.4638671875,0.0244140625,-0.0732421875,0.09765625,-0.0732421875,0.03662109375,-0.89111328125,0.2685546875,1.07421875,-0.2197265625,-0.18310546875,-0.0732421875,-0.5615234375,-0.0244140625,-0.08544921875,-0.3173828125,0.89111328125,0.01220703125,-0.5859375,0.146484375,4.3701171875,-0.18310546875,7.2509765625,-0.01220703125,6.82373046875,0.23193359375,5.31005859375,0.048828125,-0.32958984375,-0.3662109375,-0.9033203125,0.06103515625,-0.40283203125,-0.09765625,-0.79345703125,0.08544921875,-0.18310546875,-0.10986328125,-0.84228515625,0.15869140625,-0.35400390625,0.23193359375,0.62255859375,-0.1953125,1.15966796875,-0.15869140625,0.439453125,0.08544921875,-0.1953125,-0.67138671875,0.76904296875,0.390625,0.5615234375,-0.06103515625,0.244140625,-0.45166015625,0.5859375,-0.1708984375,0.1708984375,-0.09765625,4.45556640625,0.3173828125,1.4892578125,-0.01220703125,0.72021484375,0.0244140625,0.67138671875,0.18310546875,0.1953125,-0.048828125,0.89111328125,-0.2685546875,-0.01220703125,-0.06103515625,1.26953125,0.06103515625,-1.03759765625,-0.1220703125,-0.3662109375,-0.29296875,-1.03759765625,-0.09765625,-0.81787109375,0.09765625,-0.32958984375,0.09765625,2.2216796875,0.2197265625,1.123046875,0.0732421875,0.42724609375,0,-0.7568359375,-0.146484375,-0.74462890625,-0.06103515625,-0.6103515625,0.06103515625,-0.15869140625,0.06103515625,0.8056640625,-0.1953125,1.20849609375,0.08544921875,0.29296875,-0.2197265625,2.1728515625,0,0.37841796875,0.06103515625,0.0244140625,-0.0732421875,-0.0732421875,-0.01220703125,0.1953125,-0.1220703125,-0.0732421875,0.03662109375,0.732421875,0.0244140625,-0.52490234375,-0.13427734375,-0.57373046875
0,-0.03662109375,-0.42724609375,-0.2197265625,-0.3662109375,-0.03662109375,-0.439453125,0.048828125,-0.0732421875,0.0732421875,-0.0244140625,0.048828125,-0.89111328125,0.2197265625,1.07421875,-0.20751953125,-0.15869140625,-0.06103515625,-0.57373046875,-0.03662109375,-0.09765625,-0.23193359375,0.86669921875,-0.048828125,-0.5859375,0.1220703125,3.89404296875,-0.20751953125,6.33544921875,-0.09765625,6.25,0.1708984375,4.7607421875,0.146484375,-0.341796875,-0.35400390625,-0.93994140625,0.09765625,-0.4150390625,-0.048828125,-0.78125,-0.03662109375,-0.1708984375,-0.146484375,-0.81787109375,0.1708984375,-0.35400390625,0.244140625,0.6103515625,-0.20751953125,1.15966796875,-0.0732421875,0.439453125,0.09765625,-0.1953125,-0.57373046875,0.78125,0.4150390625,0.5859375,-0.03662109375,0.28076171875,-0.537109375,0.5615234375,-0.28076171875,0.244140625,0.01220703125,3.90625,0.29296875,1.40380859375,0.01220703125,0.64697265625,0.01220703125,0.6103515625,0.20751953125,0.2197265625,-0.10986328125,0.8544921875,-0.29296875,-0.01220703125,-0.06103515625,1.2939453125,0.06103515625,-1.025390625,-0.13427734375,-0.390625,-0.1953125,-1.06201171875,-0.048828125,-0.79345703125,-0.0244140625,-0.59814453125,0.09765625,1.4892578125,0.18310546875,0.81787109375,-0.03662109375,0.10986328125,0.01220703125,-0.74462890625,-0.146484375,-0.7568359375,-0.03662109375,-0.6103515625,0,-0.18310546875,0.13427734375,1.52587890625,-0.06103515625,2.2705078125,0.09765625,0.89111328125,-0.20751953125,2.96630859375,-0.0244140625,0.3662109375,0.06103515625,0.01220703125,-0.06103515625,-0.06103515625,-0.0244140625,0.20751953125,-0.13427734375,-0.06103515625,0.03662109375,0.72021484375,0.01220703125,-0.52490234375,-0.09765625,-0.5859375
0,-0.06103515625,-0.42724609375,-0.20751953125,-0.3662109375,-0.0244140625,-0.4638671875,0.048828125,-0.06103515625,0.03662109375,-0.01220703125,0.0244140625,-0.89111328125,0.15869140625,1.08642578125,-0.2197265625,-0.1708984375,-0.0244140625,-0.5859375,-0.048828125,-0.10986328125,-0.146484375,0.87890625,-0.10986328125,-0.57373046875,0.10986328125,3.3203125,-0.244140625,5.322265625,-0.146484375,5.55419921875,0.1220703125,4.1748046875,0.20751953125,-0.35400390625,-0.341796875,-0.927734375,0.048828125,-0.45166015625,0.01220703125,-0.79345703125,-0.15869140625,-0.1953125,-0.146484375,-0.7568359375,0.13427734375,-0.37841796875,0.25634765625,0.6103515625,-0.23193359375,1.1474609375,-0.10986328125,0.42724609375,0.15869140625,-0.18310546875,-0.54931640625,0.76904296875,0.35400390625,0.6103515625,-0.0732421875,0.32958984375,-0.62255859375,0.5615234375,-0.40283203125,0.2685546875,0.10986328125,3.173828125,0.25634765625,1.30615234375,0.0732421875,0.54931640625,-0.0244140625,0.48828125,0.15869140625,0.25634765625,-0.1708984375,0.86669921875,-0.3173828125,-0.0244140625,-0.09765625,1.2939453125,0.01220703125,-1.025390625,-0.13427734375,-0.390625,-0.0244140625,-1.03759765625,-0.06103515625,-0.79345703125,-0.1220703125,-0.8544921875,0.13427734375,0.81787109375,0.13427734375,0.52490234375,-0.0732421875,-0.2197265625,0,-0.74462890625,-0.10986328125,-0.7568359375,0,-0.5859375,-0.06103515625,-0.1708984375,0.08544921875,2.38037109375,0.048828125,3.466796875,0.06103515625,1.5625,-0.28076171875,3.84521484375,-0.03662109375,0.3662109375,0.0732421875,0.0244140625,-0.0732421875,-0.06103515625,-0.01220703125,0.20751953125,-0.1220703125,-0.0732421875,0.08544921875,0.732421875,0.01220703125,-0.537109375,-0.10986328125,-0.59814453125
1,-0.0732421875,-0.40283203125,-0.23193359375,-0.3662109375,0.0244140625,-0.42724609375,0.06103515625,-0.0732421875,-0.01220703125,0,0.048828125,-0.89111328125,0.10986328125,1.0986328125,-0.1953125,-0.15869140625,0.0244140625,-0.57373046875,-0.0244140625,-0.1220703125,-0.0732421875,0.87890625,-0.09765625,-0.57373046875,0.13427734375,2.7587890625,-0.28076171875,4.26025390625,-0.0732421875,4.833984375,0.06103515625,3.515625,0.1953125,-0.341796875,-0.29296875,-0.91552734375,0.01220703125,-0.45166015625,0.01220703125,-0.8056640625,-0.28076171875,-0.2197265625,-0.18310546875,-0.7080078125,0.06103515625,-0.3662109375,0.20751953125,0.5859375,-0.244140625,1.1474609375,-0.10986328125,0.4150390625,0.15869140625,-0.1953125,-0.4150390625,0.74462890625,0.28076171875,0.634765625,-0.08544921875,0.32958984375,-0.6591796875,0.52490234375,-0.37841796875,0.28076171875,0.20751953125,2.28271484375,0.1708984375,1.18408203125,0.10986328125,0.4638671875,-0.0732421875,0.37841796875,0.13427734375,0.2685546875,-0.2197265625,0.84228515625,-0.28076171875,-0.0244140625,-0.13427734375,1.30615234375,-0.03662109375,-1.025390625,-0.09765625,-0.37841796875,0.10986328125,-1.025390625,-0.10986328125,-0.79345703125,-0.20751953125,-1.025390625,0.146484375,0.29296875,0.0244140625,0.341796875,-0.0732421875,-0.45166015625,-0.048828125,-0.732421875,-0.0732421875,-0.74462890625,-0.0244140625,-0.59814453125,-0.09765625,-0.15869140625,0.09765625,3.21044921875,0.20751953125,4.72412109375,0.09765625,2.24609375,-0.30517578125,4.72412109375,-0.06103515625,0.3662109375,0.06103515625,0.0244140625,-0.06103515625,-0.03662109375,-0.01220703125,0.1953125,-0.10986328125,-0.06103515625,0.06103515625,0.72021484375,0.03662109375,-0.537109375,-0.09765625,-0.59814453125
1,-0.1220703125,-0.390625,-0.25634765625,-0.35400390625,0.03662109375,-0.40283203125,0.06103515625,-0.048828125,-0.08544921875,0.01220703125,0.0244140625,-0.9033203125,0.03662109375,1.0986328125,-0.1708984375,-0.13427734375,0.0732421875,-0.57373046875,-0.0244140625,-0.1220703125,-0.048828125,0.89111328125,-0.09765625,-0.5859375,0.1708984375,2.16064453125,-0.244140625,3.21044921875,0.0244140625,4.11376953125,-0.03662109375,2.86865234375,0.10986328125,-0.32958984375,-0.2197265625,-0.9033203125,-0.03662109375,-0.47607421875,0.03662109375,-0.81787109375,-0.3662109375,-0.2197265625,-0.244140625,-0.6591796875,-0.03662109375,-0.390625,0.1708984375,0.57373046875,-0.2197265625,1.13525390625,-0.1220703125,0.4150390625,0.2197265625,-0.18310546875,-0.29296875,0.72021484375,0.30517578125,0.64697265625,-0.0732421875,0.35400390625,-0.634765625,0.4638671875,-0.390625,0.29296875,0.29296875,1.3671875,0.08544921875,1.07421875,0.1220703125,0.35400390625,-0.1708984375,0.2685546875,0.1220703125,0.2685546875,-0.25634765625,0.84228515625,-0.244140625,-0.0244140625,-0.15869140625,1.318359375,-0.08544921875,-1.025390625,-0.0732421875,-0.37841796875,0.23193359375,-1.0009765625,-0.09765625,-0.78125,-0.3173828125,-1.0498046875,0.048828125,0.09765625,-0.0732421875,0.3173828125,-0.0732421875,-0.47607421875,-0.03662109375,-0.74462890625,-0.0732421875,-0.74462890625,-0.06103515625,-0.5859375,-0.15869140625,-0.13427734375,0.09765625,3.9794921875,0.30517578125,5.87158203125,0.146484375,2.83203125,-0.32958984375,5.517578125,-0.10986328125,0.3662109375,0.048828125,0.01220703125,-0.06103515625,-0.03662109375,0.01220703125,0.2197265625,-0.10986328125,-0.048828125,0.08544921875,0.732421875,0,-0.537109375,-0.09765625,-0.6103515625
1,-0.10986328125,-0.3662109375,-0.25634765625,-0.341796875,0.0244140625,-0.42724609375,0.06103515625,-0.03662109375,-0.146484375,0.01220703125,-0.03662109375,-0.87890625,-0.03662109375,1.123046875,-0.1220703125,-0.1220703125,0.08544921875,-0.57373046875,0.01220703125,-0.1220703125,-0.0244140625,0.89111328125,-0.0244140625,-0.59814453125,0.048828125,1.5625,-0.3662109375,2.20947265625,0.0244140625,3.41796875,-0.1708984375,2.25830078125,0.01220703125,-0.3173828125,-0.146484375,-0.9033203125,-0.08544921875,-0.4638671875,0,-0.8056640625,-0.35400390625,-0.23193359375,-0.20751953125,-0.62255859375,-0.146484375,-0.40283203125,0.146484375,0.5615234375,-0.2197265625,1.123046875,-0.10986328125,0.42724609375,0.25634765625,-0.18310546875,-0.20751953125,0.732421875,0.23193359375,0.634765625,-0.06103515625,0.35400390625,-0.7080078125,0.4150390625,-0.40283203125,0.29296875,0.390625,0.57373046875,0.01220703125,0.9765625,0.1220703125,0.244140625,-0.2197265625,0.18310546875,0.048828125,0.244140625,-0.2685546875,0.81787109375,-0.2197265625,0,-0.1953125,1.318359375,-0.1220703125,-1.0009765625,-0.048828125,-0.390625,0.28076171875,-0.9765625,-0.08544921875,-0.79345703125,-0.3662109375,-0.93994140625,0.08544921875,0.29296875,-0.15869140625,0.45166015625,0.01220703125,-0.3173828125,-0.048828125,-0.72021484375,-0.03662109375,-0.76904296875,-0.146484375,-0.5859375,-0.2197265625,-0.15869140625,0.0244140625,4.541015625,0.2197265625,6.8115234375,0.13427734375,3.30810546875,-0.35400390625,6.103515625,-0.146484375,0.3662109375,0.0732421875,0,-0.0732421875,-0.0244140625,0,0.2197265625,-0.1220703125,-0.048828125,0.10986328125,0.74462890625,0.0244140625,-0.537109375,-0.09765625,-0.634765625
1,-0.13427734375,-0.35400390625,-0.2685546875,-0.341796875,0.03662109375,-0.42724609375,0.0732421875,-0.03662109375,-0.1953125,0,-0.08544921875,-0.89111328125,-0.146484375,1.13525390625,-0.10986328125,-0.10986328125,0.09765625,-0.5615234375,0.08544921875,-0.146484375,-0.0244140625,0.87890625,0.06103515625,-0.62255859375,0.08544921875,1.03759765625,-0.341796875,1.28173828125,0.1220703125,2.74658203125,-0.20751953125,1.67236328125,-0.0732421875,-0.30517578125,-0.13427734375,-0.87890625,-0.09765625,-0.47607421875,-0.06103515625,-0.81787109375,-0.32958984375,-0.23193359375,-0.29296875,-0.62255859375,-0.1953125,-0.40283203125,0.03662109375,0.5615234375,-0.1953125,1.11083984375,-0.13427734375,0.439453125,0.25634765625,-0.1708984375,-0.1220703125,0.732421875,0.1953125,0.62255859375,-0.06103515625,0.35400390625,-0.732421875,0.35400390625,-0.4150390625,0.28076171875,0.40283203125,0.03662109375,-0.06103515625,0.93994140625,0.09765625,0.1708984375,-0.25634765625,0.13427734375,-0.03662109375,0.2197265625,-0.25634765625,0.830078125,-0.13427734375,0,-0.1953125,1.33056640625,-0.13427734375,-0.9765625,0.01220703125,-0.40283203125,0.2685546875,-1.0009765625,-0.0732421875,-0.8056640625,-0.341796875,-0.6591796875,0.1220703125,0.91552734375,-0.20751953125,0.79345703125,0.0732421875,0.0732421875,-0.06103515625,-0.7080078125,-0.048828125,-0.78125,-0.20751953125,-0.5859375,-0.20751953125,-0.15869140625,0.03662109375,4.9072265625,0.1953125,7.470703125,0.1220703125,3.5888671875,-0.30517578125,6.48193359375,-0.15869140625,0.35400390625,0.048828125,0,-0.0732421875,-0.01220703125,0.01220703125,0.2197265625,-0.09765625,-0.048828125,0.13427734375,0.78125,0.03662109375,-0.537109375,-0.10986328125,-0.6103515625
1,-0.146484375,-0.341796875,-0.25634765625,-0.3662109375,0.0244140625,-0.439453125,0.0732421875,-0.06103515625,-0.23193359375,-0.048828125,-0.0732421875,-0.91552734375,-0.25634765625,1.123046875,-0.0732421875,-0.13427734375,0.09765625,-0.5859375,0.1708984375,-0.13427734375,-0.048828125,0.87890625,0.10986328125,-0.62255859375,0.15869140625,0.52490234375,-0.2197265625,0.45166015625,0.15869140625,2.11181640625,-0.2197265625,1.123046875,-0.08544921875,-0.244140625,-0.10986328125,-0.89111328125,-0.09765625,-0.4638671875,-0.15869140625,-0.79345703125,-0.29296875,-0.2197265625,-0.3662109375,-0.62255859375,-0.23193359375,-0.390625,-0.06103515625,0.54931640625,-0.1708984375,1.0986328125,-0.15869140625,0.439453125,0.29296875,-0.13427734375,-0.048828125,0.732421875,0.13427734375,0.5859375,-0.08544921875,0.341796875,-0.72021484375,0.32958984375,-0.50048828125,0.2685546875,0.3173828125,-0.10986328125,-0.1220703125,0.93994140625,0.048828125,0.146484375,-0.2685546875,0.146484375,-0.10986328125,0.2197265625,-0.28076171875,0.830078125,-0.0732421875,0,-0.244140625,1.30615234375,-0.08544921875,-0.93994140625,0.0244140625,-0.37841796875,0.20751953125,-1.0009765625,-0.09765625,-0.79345703125,-0.3662109375,-0.23193359375,0.03662109375,1.96533203125,-0.2197265625,1.2939453125,0.0732421875,0.634765625,-0.048828125,-0.7080078125,-0.03662109375,-0.7568359375,-0.2685546875,-0.57373046875,-0.20751953125,-0.15869140625,-0.03662109375,4.99267578125,0.18310546875,7.763671875,0.048828125,3.7109375,-0.2685546875,6.60400390625,-0.18310546875,0.3662109375,0.048828125,0,-0.06103515625,-0.048828125,0.01220703125,0.1953125,-0.08544921875,-0.03662109375,0.146484375,0.79345703125,0.048828125,-0.54931640625,-0.1220703125,-0.59814453125
1,-0.15869140625,-0.341796875,-0.2685546875,-0.3662109375,0.048828125,-0.439453125,0.09765625,-0.06103515625,-0.244140625,-0.048828125,-0.10986328125,-0.9033203125,-0.40283203125,1.123046875,-0.048828125,-0.15869140625,0.09765625,-0.57373046875,0.244140625,-0.1220703125,-0.0732421875,0.89111328125,0.18310546875,-0.634765625,0.1220703125,0.08544921875,-0.2685546875,-0.2197265625,0.06103515625,1.5625,-0.2197265625,0.6591796875,-0.03662109375,-0.2197265625,-0.15869140625,-0.89111328125,-0.0732421875,-0.47607421875,-0.244140625,-0.78125,-0.2685546875,-0.2197265625,-0.37841796875,-0.6591796875,-0.20751953125,-0.390625,-0.13427734375,0.5615234375,-0.13427734375,1.0986328125,-0.1708984375,0.439453125,0.2685546875,-0.1220703125,-0.01220703125,0.74462890625,0.13427734375,0.6103515625,-0.0244140625,0.341796875,-0.634765625,0.341796875,-0.50048828125,0.2685546875,0.3662109375,0.146484375,-0.15869140625,1.0009765625,-0.01220703125,0.1708984375,-0.29296875,0.2197265625,-0.18310546875,0.18310546875,-0.28076171875,0.8056640625,-0.06103515625,0,-0.23193359375,1.30615234375,-0.0732421875,-0.93994140625,0.03662109375,-0.390625,0.08544921875,-1.0009765625,-0.048828125,-0.8056640625,-0.30517578125,0.35400390625,0.03662109375,3.30810546875,-0.18310546875,1.94091796875,0.0732421875,1.37939453125,-0.08544921875,-0.7080078125,0.0244140625,-0.74462890625,-0.28076171875,-0.57373046875,-0.18310546875,-0.146484375,0.01220703125,4.84619140625,0.1953125,7.72705078125,0.048828125,3.61328125,-0.18310546875,6.45751953125,-0.1953125,0.3662109375,0.03662109375,0.01220703125,-0.06103515625,-0.03662109375,-0.01220703125,0.1953125,-0.06103515625,-0.0244140625,0.10986328125,0.81787109375,0.03662109375,-0.537109375,-0.13427734375,-0.5859375
1,-0.1953125,-0.35400390625,-0.2685546875,-0.37841796875,0.048828125,-0.439453125,0.10986328125,-0.09765625,-0.244140625,-0.0732421875,-0.10986328125,-0.89111328125,-0.52490234375,1.11083984375,-0.0732421875,-0.1708984375,0.03662109375,-0.5859375,0.30517578125,-0.1220703125,-0.10986328125,0.9033203125,0.18310546875,-0.6103515625,0.1953125,-0.28076171875,-0.1953125,-0.76904296875,0.0732421875,1.123046875,-0.08544921875,0.28076171875,0.03662109375,-0.20751953125,-0.20751953125,-0.9033203125,-0.03662109375,-0.48828125,-0.28076171875,-0.78125,-0.23193359375,-0.2197265625,-0.37841796875,-0.69580078125,-0.18310546875,-0.3662109375,-0.244140625,0.57373046875,-0.1220703125,1.123046875,-0.146484375,0.4638671875,0.2685546875,-0.1220703125,-0.01220703125,0.74462890625,0.1708984375,0.62255859375,0.0244140625,0.37841796875,-0.59814453125,0.37841796875,-0.52490234375,0.28076171875,0.37841796875,0.8544921875,-0.20751953125,1.13525390625,-0.08544921875,0.28076171875,-0.29296875,0.29296875,-0.25634765625,0.15869140625,-0.244140625,0.8544921875,-0.03662109375,0,-0.18310546875,1.30615234375,-0.0244140625,-0.9521484375,0.048828125,-0.40283203125,-0.06103515625,-1.01318359375,-0.03662109375,-0.8056640625,-0.20751953125,0.9765625,0.03662109375,4.833984375,-0.08544921875,2.67333984375,0.048828125,2.197265625,-0.10986328125,-0.7080078125,0.06103515625,-0.7568359375,-0.3173828125,-0.59814453125,-0.1708984375,-0.146484375,0.048828125,4.4921875,0.048828125,7.2998046875,0.03662109375,3.3447265625,-0.1220703125,6.103515625,-0.2197265625,0.3662109375,0.03662109375,0.0244140625,-0.06103515625,-0.03662109375,0.03662109375,0.18310546875,-0.048828125,-0.01220703125,0.08544921875,0.830078125,0.0732421875,-0.537109375,-0.13427734375,-0.54931640625
1,-0.244140625,-0.35400390625,-0.2685546875,-0.3662109375,0.06103515625,-0.439453125,0.13427734375,-0.08544921875,-0.244140625,-0.08544921875,-0.06103515625,-0.9033203125,-0.59814453125,1.08642578125,-0.10986328125,-0.18310546875,0,-0.5859375,0.30517578125,-0.1220703125,-0.15869140625,0.87890625,0.15869140625,-0.6103515625,0.244140625,-0.537109375,-0.1708984375,-1.13525390625,0.03662109375,0.76904296875,0,0,0.09765625,-0.20751953125,-0.3173828125,-0.91552734375,-0.01220703125,-0.4638671875,-0.2685546875,-0.78125,-0.2197265625,-0.1953125,-0.28076171875,-0.72021484375,-0.146484375,-0.3662109375,-0.28076171875,0.57373046875,-0.10986328125,1.1474609375,-0.08544921875,0.4638671875,0.2685546875,-0.146484375,-0.01220703125,0.74462890625,0.1708984375,0.67138671875,-0.0244140625,0.40283203125,-0.439453125,0.4150390625,-0.47607421875,0.32958984375,0.30517578125,1.94091796875,-0.2197265625,1.30615234375,-0.146484375,0.42724609375,-0.2685546875,0.4638671875,-0.32958984375,0.1708984375,-0.2197265625,0.86669921875,0.01220703125,0,-0.13427734375,1.30615234375,0.048828125,-0.9765625,0.06103515625,-0.40283203125,-0.1708984375,-1.01318359375,-0.03662109375,-0.8056640625,-0.146484375,1.6357421875,-0.0732421875,6.35986328125,0.01220703125,3.40576171875,0.0244140625,3.03955078125,-0.146484375,-0.7080078125,0.09765625,-0.76904296875,-0.3173828125,-0.5859375,-0.15869140625,-0.15869140625,0.0244140625,4.01611328125,-0.15869140625,6.62841796875,0.06103515625,2.978515625,-0.10986328125,5.65185546875,-0.1953125,0.3662109375,0.03662109375,0.03662109375,-0.06103515625,0.01220703125,0.06103515625,0.1953125,-0.0244140625,-0.01220703125,0.08544921875,0.830078125,0.03662109375,-0.537109375,-0.146484375,-0.54931640625
1,-0.23193359375,-0.390625,-0.2685546875,-0.37841796875,0.08544921875,-0.4150390625,0.1220703125,-0.09765625,-0.244140625,-0.0732421875,-0.06103515625,-0.89111328125,-0.6591796875,1.08642578125,-0.13427734375,-0.18310546875,-0.0244140625,-0.5859375,0.2685546875,-0.10986328125,-0.1708984375,0.89111328125,0.10986328125,-0.6103515625,0.28076171875,-0.6591796875,-0.18310546875,-1.3671875,0.0732421875,0.537109375,0.15869140625,-0.13427734375,0.1708984375,-0.23193359375,-0.40283203125,-0.927734375,0,-0.45166015625,-0.23193359375,-0.79345703125,-0.2197265625,-0.20751953125,-0.18310546875,-0.74462890625,-0.08544921875,-0.3662109375,-0.29296875,0.5859375,-0.1220703125,1.171875,0.01220703125,0.45166015625,0.244140625,-0.146484375,-0.06103515625,0.7568359375,0.20751953125,0.72021484375,-0.03662109375,0.45166015625,-0.5126953125,0.48828125,-0.3173828125,0.37841796875,0.1953125,3.2470703125,-0.25634765625,1.47705078125,-0.23193359375,0.62255859375,-0.20751953125,0.6591796875,-0.40283203125,0.1708984375,-0.1953125,0.89111328125,0.01220703125,-0.048828125,-0.048828125,1.30615234375,0.06103515625,-0.9765625,0.0732421875,-0.40283203125,-0.244140625,-1.025390625,-0.06103515625,-0.79345703125,-0.10986328125,2.23388671875,-0.03662109375,7.75146484375,0,4.06494140625,0.01220703125,3.82080078125,-0.18310546875,-0.72021484375,0.1220703125,-0.76904296875,-0.32958984375,-0.5859375,-0.1220703125,-0.13427734375,0.03662109375,3.4912109375,-0.23193359375,5.810546875,0.0732421875,2.57568359375,-0.10986328125,5.126953125,-0.20751953125,0.3662109375,0.03662109375,0.06103515625,-0.0732421875,0,0.06103515625,0.1953125,-0.01220703125,-0.048828125,0.06103515625,0.830078125,0.01220703125,-0.50048828125,-0.146484375,-0.537109375
1,-0.23193359375,-0.390625,-0.25634765625,-0.35400390625,0.10986328125,-0.439453125,0.1220703125,-0.10986328125,-0.2685546875,-0.06103515625,0,-0.89111328125,-0.69580078125,1.07421875,-0.1708984375,-0.1953125,-0.01220703125,-0.5859375,0.2197265625,-0.10986328125,-0.2197265625,0.89111328125,0.048828125,-0.6103515625,0.341796875,-0.6591796875,-0.146484375,-1.416015625,0.15869140625,0.4638671875,0.244140625,-0.15869140625,0.18310546875,-0.244140625,-0.4150390625,-0.93994140625,0.01220703125,-0.42724609375,-0.1953125,-0.79345703125,-0.20751953125,-0.1953125,-0.15869140625,-0.74462890625,-0.048828125,-0.37841796875,-0.23193359375,0.57373046875,-0.13427734375,1.171875,0.10986328125,0.439453125,0.28076171875,-0.18310546875,-0.048828125,0.7568359375,0.244140625,0.78125,-0.048828125,0.47607421875,-0.4150390625,0.57373046875,-0.15869140625,0.439453125,0.25634765625,4.6630859375,-0.3173828125,1.67236328125,-0.28076171875,0.8544921875,-0.1708984375,0.8544921875,-0.42724609375,0.1953125,-0.18310546875,0.91552734375,0.03662109375,-0.03662109375,0.03662109375,1.30615234375,0.09765625,-0.98876953125,0.13427734375,-0.37841796875,-0.30517578125,-1.01318359375,-0.06103515625,-0.79345703125,-0.03662109375,2.72216796875,0.0244140625,8.82568359375,0.03662109375,4.58984375,0.048828125,4.40673828125,-0.15869140625,-0.732421875,0.1220703125,-0.76904296875,-0.3173828125,-0.6103515625,-0.1220703125,-0.146484375,0.06103515625,3.02734375,-0.28076171875,5.0048828125,0.0732421875,2.1728515625,-0.09765625,4.65087890625,-0.2197265625,0.3662109375,0.01220703125,0.0732421875,-0.06103515625,0.03662109375,0.06103515625,0.18310546875,-0.01220703125,-0.048828125,0.0732421875,0.830078125,0,-0.5126953125,-0.13427734375,-0.537109375
1,-0.1953125,-0.42724609375,-0.2685546875,-0.35400390625,0.10986328125,-0.45166015625,0.13427734375,-0.09765625,-0.244140625,-0.048828125,0.01220703125,-0.87890625,-0.72021484375,1.06201171875,-0.1708984375,-0.18310546875,0,-0.59814453125,0.13427734375,-0.09765625,-0.23193359375,0.87890625,0,-0.62255859375,0.30517578125,-0.54931640625,-0.15869140625,-1.3427734375,0.15869140625,0.5615234375,0.20751953125,-0.0244140625,0.1708984375,-0.28076171875,-0.32958984375,-0.96435546875,0.01220703125,-0.439453125,-0.13427734375,-0.81787109375,-0.1953125,-0.1953125,-0.13427734375,-0.74462890625,-0.0732421875,-0.4150390625,-0.13427734375,0.59814453125,-0.146484375,1.18408203125,0.18310546875,0.439453125,0.2197265625,-0.15869140625,-0.0732421875,0.76904296875,0.2197265625,0.81787109375,-0.01220703125,0.48828125,-0.37841796875,0.634765625,-0.06103515625,0.42724609375,0.20751953125,6.0546875,-0.28076171875,1.85546875,-0.28076171875,1.07421875,-0.10986328125,1.06201171875,-0.439453125,0.1953125,-0.1708984375,0.927734375,0.0732421875,-0.048828125,0.0732421875,1.30615234375,0.0732421875,-1.025390625,0.146484375,-0.3662109375,-0.30517578125,-1.0009765625,-0.08544921875,-0.79345703125,-0.0244140625,3.0029296875,-0.048828125,9.53369140625,0.0244140625,4.91943359375,0.06103515625,4.78515625,-0.1708984375,-0.732421875,0.09765625,-0.76904296875,-0.29296875,-0.59814453125,-0.146484375,-0.13427734375,0.01220703125,2.685546875,-0.244140625,4.30908203125,0.0732421875,1.85546875,-0.1220703125,4.26025390625,-0.2197265625,0.390625,0.048828125,0.06103515625,-0.06103515625,0.06103515625,0.08544921875,0.18310546875,-0.0244140625,-0.06103515625,0.0732421875,0.84228515625,0,-0.48828125,-0.10986328125,-0.57373046875
1,-0.20751953125,-0.439453125,-0.25634765625,-0.341796875,0.13427734375,-0.42724609375,0.10986328125,-0.0732421875,-0.2197265625,-0.048828125,0,-0.86669921875,-0.72021484375,1.0498046875,-0.1708984375,-0.1708984375,0.0244140625,-0.6103515625,0.08544921875,-0.10986328125,-0.23193359375,0.89111328125,0.01220703125,-0.6103515625,0.2197265625,-0.29296875,-0.1953125,-1.0986328125,0.23193359375,0.8056640625,0.1220703125,0.2197265625,0.1220703125,-0.28076171875,-0.25634765625,-0.9521484375,-0.0244140625,-0.4638671875,-0.03662109375,-0.84228515625,-0.15869140625,-0.20751953125,-0.09765625,-0.7568359375,-0.146484375,-0.390625,-0.0244140625,0.5859375,-0.146484375,1.171875,0.2197265625,0.42724609375,0.10986328125,-0.18310546875,-0.13427734375,0.76904296875,0.2197265625,0.81787109375,0.048828125,0.48828125,-0.390625,0.7080078125,0.06103515625,0.42724609375,0.09765625,7.26318359375,-0.29296875,2.01416015625,-0.2685546875,1.26953125,-0.09765625,1.23291015625,-0.390625,0.23193359375,-0.13427734375,0.96435546875,0.10986328125,-0.0244140625,0.08544921875,1.28173828125,0.03662109375,-1.01318359375,0.20751953125,-0.35400390625,-0.2685546875,-0.98876953125,-0.13427734375,-0.8056640625,-0.0732421875,3.125,-0.0732421875,9.75341796875,-0.08544921875,5.04150390625,0.03662109375,4.89501953125,-0.146484375,-0.732421875,0.06103515625,-0.76904296875,-0.244140625,-0.59814453125,-0.18310546875,-0.146484375,0.01220703125,2.47802734375,-0.0732421875,3.857421875,0.10986328125,1.6845703125,-0.1708984375,4.06494140625,-0.23193359375,0.390625,0.01220703125,0.048828125,-0.06103515625,0.0732421875,0.0732421875,0.18310546875,-0.03662109375,-0.08544921875,0.09765625,0.84228515625,0,-0.47607421875,-0.13427734375,-0.5615234375
1,-0.20751953125,-0.40283203125,-0.2685546875,-0.35400390625,0.13427734375,-0.4150390625,0.13427734375,-0.0732421875,-0.1220703125,-0.048828125,0,-0.87890625,-0.67138671875,1.08642578125,-0.1708984375,-0.15869140625,0.01220703125,-0.59814453125,0.01220703125,-0.10986328125,-0.29296875,0.87890625,0.01220703125,-0.6103515625,0.18310546875,0,-0.1708984375,-0.76904296875,0.2685546875,1.1474609375,-0.01220703125,0.5615234375,0,-0.30517578125,-0.146484375,-0.9521484375,-0.01220703125,-0.45166015625,0.08544921875,-0.8544921875,-0.1708984375,-0.23193359375,-0.146484375,-0.732421875,-0.1953125,-0.4150390625,0.08544921875,0.5615234375,-0.146484375,1.1474609375,0.29296875,0.45166015625,0.048828125,-0.1953125,-0.1708984375,0.78125,0.1708984375,0.79345703125,0.06103515625,0.4638671875,-0.3173828125,0.72021484375,0.13427734375,0.390625,0.08544921875,8.21533203125,-0.29296875,2.1240234375,-0.23193359375,1.416015625,-0.13427734375,1.3671875,-0.32958984375,0.2197265625,-0.06103515625,0.96435546875,0.15869140625,-0.0244140625,0.08544921875,1.2939453125,0,-1.025390625,0.25634765625,-0.35400390625,-0.2197265625,-0.98876953125,-0.20751953125,-0.79345703125,-0.1220703125,3.02734375,-0.09765625,9.5458984375,-0.18310546875,4.931640625,0.06103515625,4.7607421875,-0.146484375,-0.7080078125,-0.0244140625,-0.76904296875,-0.2197265625,-0.5859375,-0.1708984375,-0.13427734375,-0.048828125,2.47802734375,0.01220703125,3.69873046875,0.10986328125,1.66015625,-0.2197265625,4.0283203125,-0.244140625,0.40283203125,0.01220703125,0.0244140625,-0.06103515625,0.06103515625,0.0732421875,0.20751953125,-0.03662109375,-0.08544921875,0.1220703125,0.8544921875,0.01220703125,-0.50048828125,-0.13427734375,-0.57373046875
1,-0.20751953125,-0.390625,-0.25634765625,-0.341796875,0.1953125,-0.4150390625,0.13427734375,-0.06103515625,-0.08544921875,-0.0244140625,-0.01220703125,-0.86669921875,-0.64697265625,1.0986328125,-0.15869140625,-0.15869140625,-0.01220703125,-0.62255859375,0.0244140625,-0.09765625,-0.30517578125,0.86669921875,0.06103515625,-0.62255859375,0.08544921875,0.32958984375,-0.18310546875,-0.439453125,0.244140625,1.55029296875,-0.15869140625,0.91552734375,-0.09765625,-0.3173828125,-0.0732421875,-0.927734375,-0.03662109375,-0.45166015625,0.146484375,-0.830078125,-0.146484375,-0.28076171875,-0.2685546875,-0.7080078125,-0.20751953125,-0.439453125,0.13427734375,0.57373046875,-0.1220703125,1.1474609375,0.29296875,0.47607421875,-0.03662109375,-0.15869140625,-0.3173828125,0.7568359375,0.1220703125,0.7080078125,0.1220703125,0.37841796875,-0.20751953125,0.7080078125,0.23193359375,0.30517578125,-0.0244140625,8.8134765625,-0.2685546875,2.197265625,-0.18310546875,1.513671875,-0.146484375,1.4404296875,-0.244140625,0.2197265625,-0.048828125,0.93994140625,0.20751953125,-0.0244140625,0.03662109375,1.26953125,-0.06103515625,-1.03759765625,0.28076171875,-0.341796875,-0.18310546875,-1.0009765625,-0.25634765625,-0.76904296875,-0.1708984375,2.77099609375,-0.1220703125,8.984375,-0.28076171875,4.6630859375,0.03662109375,4.45556640625,-0.18310546875,-0.7080078125,-0.10986328125,-0.78125,-0.18310546875,-0.5859375,-0.1708984375,-0.146484375,-0.09765625,2.60009765625,0.0732421875,3.82080078125,0.09765625,1.7333984375,-0.28076171875,4.150390625,-0.25634765625,0.40283203125,-0.01220703125,-0.0244140625,-0.06103515625,0.048828125,0.048828125,0.1953125,-0.06103515625,-0.06103515625,0.13427734375,0.8544921875,0.0244140625,-0.48828125,-0.1220703125,-0.5615234375
0,-0.18310546875,-0.3662109375,-0.23193359375,-0.341796875,0.2197265625,-0.40283203125,0.146484375,-0.06103515625,0.01220703125,-0.01220703125,-0.08544921875,-0.89111328125,-0.57373046875,1.123046875,-0.1708984375,-0.146484375,-0.09765625,-0.6103515625,0.03662109375,-0.1220703125,-0.28076171875,0.87890625,0.09765625,-0.6103515625,-0.06103515625,0.64697265625,-0.18310546875,-0.09765625,0.1220703125,1.94091796875,-0.2685546875,1.2451171875,-0.1220703125,-0.32958984375,0,-0.91552734375,-0.0244140625,-0.45166015625,0.20751953125,-0.81787109375,-0.15869140625,-0.25634765625,-0.35400390625,-0.67138671875,-0.18310546875,-0.4150390625,0.13427734375,0.57373046875,-0.0732421875,1.11083984375,0.30517578125,0.4638671875,-0.15869140625,-0.18310546875,-0.42724609375,0.732421875,0.01220703125,0.6103515625,0.15869140625,0.29296875,-0.20751953125,0.68359375,0.29296875,0.20751953125,-0.08544921875,9.11865234375,-0.2685546875,2.20947265625,-0.15869140625,1.55029296875,-0.20751953125,1.50146484375,-0.20751953125,0.20751953125,0.06103515625,0.93994140625,0.2197265625,0,0.01220703125,1.2939453125,-0.0732421875,-1.025390625,0.2685546875,-0.35400390625,-0.15869140625,-1.0009765625,-0.2685546875,-0.76904296875,-0.2197265625,2.392578125,-0.146484375,8.14208984375,-0.35400390625,4.23583984375,0,3.955078125,-0.15869140625,-0.7080078125,-0.23193359375,-0.76904296875,-0.1708984375,-0.59814453125,-0.1708984375,-0.146484375,-0.08544921875,2.81982421875,0.13427734375,4.1748046875,0.09765625,1.91650390625,-0.30517578125,4.3701171875,-0.244140625,0.40283203125,-0.01220703125,-0.048828125,-0.06103515625,0.06103515625,0.01220703125,0.1708984375,-0.06103515625,-0.03662109375,0.146484375,0.87890625,0.0244140625,-0.48828125,-0.10986328125,-0.54931640625
0,-0.146484375,-0.35400390625,-0.23193359375,-0.35400390625,0.2685546875,-0.40283203125,0.13427734375,-0.0732421875,0.06103515625,-0.01220703125,-0.10986328125,-0.87890625,-0.5126953125,1.123046875,-0.13427734375,-0.146484375,-0.1220703125,-0.6103515625,0.08544921875,-0.13427734375,-0.2685546875,0.8544921875,0.1220703125,-0.59814453125,-0.15869140625,0.86669921875,-0.2197265625,0.146484375,-0.01220703125,2.25830078125,-0.32958984375,1.50146484375,-0.10986328125,-0.29296875,0.0244140625,-0.89111328125,0.01220703125,-0.4150390625,0.244140625,-0.79345703125,-0.1708984375,-0.2197265625,-0.45166015625,-0.68359375,-0.146484375,-0.4150390625,0.10986328125,0.59814453125,0.048828125,1.11083984375,0.37841796875,0.47607421875,-0.18310546875,-0.15869140625,-0.52490234375,0.72021484375,-0.048828125,0.5126953125,0.1953125,0.25634765625,-0.18310546875,0.64697265625,0.32958984375,0.1220703125,-0.13427734375,9.08203125,-0.2197265625,2.20947265625,-0.146484375,1.513671875,-0.23193359375,1.47705078125,-0.23193359375,0.20751953125,0.09765625,0.87890625,0.244140625,0.01220703125,-0.03662109375,1.28173828125,-0.08544921875,-1.01318359375,0.244140625,-0.35400390625,-0.13427734375,-1.01318359375,-0.2197265625,-0.76904296875,-0.23193359375,1.94091796875,-0.146484375,7.1533203125,-0.3173828125,3.74755859375,-0.03662109375,3.38134765625,-0.13427734375,-0.7080078125,-0.35400390625,-0.732421875,-0.1953125,-0.59814453125,-0.13427734375,-0.146484375,-0.0732421875,3.08837890625,0.18310546875,4.62646484375,0.048828125,2.11181640625,-0.3173828125,4.6142578125,-0.2197265625,0.35400390625,-0.0244140625,-0.03662109375,-0.06103515625,0.06103515625,0.0244140625,0.1708984375,-0.06103515625,-0.03662109375,0.13427734375,0.87890625,0.03662109375,-0.47607421875,-0.10986328125,-0.5615234375
0,-0.13427734375,-0.341796875,-0.2685546875,-0.35400390625,0.28076171875,-0.37841796875,0.10986328125,-0.0732421875,0.10986328125,-0.0244140625,-0.146484375,-0.9033203125,-0.4150390625,1.11083984375,-0.1220703125,-0.146484375,-0.13427734375,-0.6103515625,0.13427734375,-0.1220703125,-0.2197265625,0.86669921875,0.13427734375,-0.6103515625,-0.244140625,0.9521484375,-0.25634765625,0.29296875,-0.13427734375,2.4658203125,-0.3173828125,1.64794921875,-0.0244140625,-0.28076171875,-0.01220703125,-0.87890625,0.0244140625,-0.42724609375,0.23193359375,-0.79345703125,-0.18310546875,-0.20751953125,-0.4638671875,-0.67138671875,-0.09765625,-0.40283203125,-0.01220703125,0.59814453125,0.13427734375,1.123046875,0.29296875,0.45166015625,-0.18310546875,-0.1708984375,-0.6103515625,0.68359375,-0.1220703125,0.4638671875,0.2197265625,0.244140625,-0.15869140625,0.69580078125,0.32958984375,0.08544921875,-0.13427734375,8.8134765625,-0.15869140625,2.13623046875,-0.146484375,1.45263671875,-0.20751953125,1.416015625,-0.2685546875,0.1953125,0.146484375,0.86669921875,0.244140625,0.0244140625,-0.08544921875,1.28173828125,-0.06103515625,-1.0009765625,0.18310546875,-0.341796875,-0.048828125,-1.01318359375,-0.1220703125,-0.79345703125,-0.244140625,1.4404296875,-0.13427734375,6.15234375,-0.2197265625,3.23486328125,-0.1220703125,2.783203125,-0.06103515625,-0.72021484375,-0.37841796875,-0.74462890625,-0.1953125,-0.59814453125,-0.1220703125,-0.146484375,0,3.271484375,0.2197265625,4.99267578125,0,2.25830078125,-0.29296875,4.8095703125,-0.20751953125,0.35400390625,-0.03662109375,-0.0244140625,-0.06103515625,0.048828125,0.03662109375,0.1708984375,-0.06103515625,-0.0244140625,0.146484375,0.87890625,0.03662109375,-0.47607421875,-0.13427734375,-0.5615234375
0,-0.15869140625,-0.3662109375,-0.25634765625,-0.341796875,0.30517578125,-0.40283203125,0.09765625,-0.0732421875,0.09765625,-0.048828125,-0.1708984375,-0.89111328125,-0.29296875,1.11083984375,-0.08544921875,-0.1708984375,-0.13427734375,-0.62255859375,0.1708984375,-0.13427734375,-0.1708984375,0.86669921875,0.10986328125,-0.59814453125,-0.3173828125,0.927734375,-0.25634765625,0.29296875,-0.2685546875,2.52685546875,-0.2685546875,1.64794921875,0.0732421875,-0.244140625,-0.048828125,-0.89111328125,0.0244140625,-0.42724609375,0.10986328125,-0.78125,-0.244140625,-0.2197265625,-0.439453125,-0.67138671875,-0.048828125,-0.4150390625,-0.10986328125,0.5859375,0.2197265625,1.123046875,0.29296875,0.4638671875,-0.18310546875,-0.1708984375,-0.6591796875,0.68359375,-0.15869140625,0.50048828125,0.2685546875,0.30517578125,-0.28076171875,0.79345703125,0.3173828125,0.1220703125,-0.10986328125,8.2763671875,-0.0732421875,2.05078125,-0.09765625,1.318359375,-0.15869140625,1.318359375,-0.28076171875,0.18310546875,0.1953125,0.87890625,0.2197265625,0.0244140625,-0.146484375,1.2939453125,-0.01220703125,-0.98876953125,0.1220703125,-0.35400390625,0.0244140625,-1.01318359375,-0.06103515625,-0.78125,-0.244140625,0.98876953125,-0.1220703125,5.21240234375,-0.09765625,2.74658203125,-0.18310546875,2.2216796875,-0.0244140625,-0.68359375,-0.40283203125,-0.76904296875,-0.1953125,-0.6103515625,-0.08544921875,-0.1708984375,0.048828125,3.30810546875,0.28076171875,5.21240234375,-0.03662109375,2.30712890625,-0.28076171875,4.84619140625,-0.1953125,0.341796875,-0.06103515625,-0.0244140625,-0.0732421875,0.03662109375,0.048828125,0.1708984375,-0.0244140625,-0.03662109375,0.1220703125,0.87890625,0.01220703125,-0.50048828125,-0.10986328125,-0.57373046875
0,-0.18310546875,-0.3662109375,-0.2685546875,-0.3662109375,0.3173828125,-0.42724609375,0.08544921875,-0.09765625,0.146484375,-0.06103515625,-0.1708984375,-0.89111328125,-0.15869140625,1.0986328125,-0.06103515625,-0.1708984375,-0.10986328125,-0.5859375,0.20751953125,-0.146484375,-0.10986328125,0.86669921875,0.06103515625,-0.59814453125,-0.2685546875,0.78125,-0.20751953125,0.146484375,-0.30517578125,2.42919921875,-0.15869140625,1.4892578125,0.23193359375,-0.2685546875,-0.10986328125,-0.89111328125,0.01220703125,-0.42724609375,0.0244140625,-0.76904296875,-0.30517578125,-0.2197265625,-0.35400390625,-0.69580078125,-0.0732421875,-0.390625,-0.244140625,0.5859375,0.2685546875,1.171875,0.25634765625,0.45166015625,-0.28076171875,-0.18310546875,-0.72021484375,0.67138671875,-0.1953125,0.6591796875,0.2685546875,0.439453125,-0.244140625,1.025390625,0.32958984375,0.30517578125,-0.10986328125,7.60498046875,-0.01220703125,1.94091796875,-0.09765625,1.18408203125,-0.1220703125,1.18408203125,-0.20751953125,0.15869140625,0.1953125,0.8544921875,0.18310546875,0.0244140625,-0.15869140625,1.2939453125,0.06103515625,-0.96435546875,0.06103515625,-0.3662109375,0.08544921875,-1.01318359375,0.01220703125,-0.76904296875,-0.1953125,0.5615234375,-0.13427734375,4.39453125,0.048828125,2.294921875,-0.25634765625,1.7333984375,0.0244140625,-0.68359375,-0.35400390625,-0.76904296875,-0.1953125,-0.6103515625,-0.0732421875,-0.15869140625,0.06103515625,3.16162109375,0.2685546875,5.06591796875,-0.048828125,2.20947265625,-0.32958984375,4.6875,-0.23193359375,0.32958984375,-0.08544921875,-0.0244140625,-0.06103515625,0.0244140625,0.048828125,0.1708984375,-0.01220703125,-0.01220703125,0.09765625,0.8544921875,0.048828125,-0.50048828125,-0.09765625,-0.54931640625
0,-0.15869140625,-0.3662109375,-0.25634765625,-0.3662109375,0.341796875,-0.439453125,0.0732421875,-0.08544921875,0.13427734375,-0.06103515625,-0.15869140625,-0.9033203125,-0.01220703125,1.0986328125,-0.09765625,-0.1708984375,-0.048828125,-0.5615234375,0.2197265625,-0.146484375,-0.09765625,0.87890625,0.0244140625,-0.59814453125,-0.30517578125,0.5615234375,-0.15869140625,-0.0732421875,-0.3662109375,2.197265625,-0.1708984375,1.25732421875,0.3173828125,-0.2685546875,-0.13427734375,-0.9033203125,-0.048828125,-0.42724609375,-0.03662109375,-0.76904296875,-0.37841796875,-0.1953125,-0.29296875,-0.7080078125,-0.09765625,-0.40283203125,-0.341796875,0.6103515625,0.29296875,1.15966796875,0.1953125,0.439453125,-0.30517578125,-0.18310546875,-0.8056640625,0.64697265625,-0.20751953125,0.91552734375,0.244140625,0.6591796875,-0.29296875,1.3916015625,0.30517578125,0.5859375,-0.10986328125,6.79931640625,0.06103515625,1.79443359375,-0.09765625,1.025390625,-0.06103515625,1.01318359375,-0.10986328125,0.1708984375,0.244140625,0.927734375,0.1220703125,0.01220703125,-0.1953125,1.30615234375,0.1708984375,-0.96435546875,0.01220703125,-0.37841796875,0.18310546875,-1.01318359375,0.0244140625,-0.78125,-0.146484375,0.20751953125,-0.1708984375,3.72314453125,0.18310546875,1.91650390625,-0.3173828125,1.2939453125,0.048828125,-0.68359375,-0.25634765625,-0.76904296875,-0.1708984375,-0.6103515625,-0.08544921875,-0.1708984375,0.10986328125,2.79541015625,0.35400390625,4.57763671875,-0.01220703125,1.91650390625,-0.30517578125,4.33349609375,-0.23193359375,0.32958984375,-0.06103515625,-0.01220703125,-0.048828125,0.0244140625,0.0732421875,0.18310546875,0,-0.0244140625,0.09765625,0.8544921875,0.01220703125,-0.5126953125,-0.0732421875,-0.5615234375
0,-0.15869140625,-0.390625,-0.244140625,-0.37841796875,0.35400390625,-0.4638671875,0.06103515625,-0.10986328125,0.15869140625,-0.0732421875,-0.146484375,-0.91552734375,0.15869140625,1.0986328125,-0.09765625,-0.1708984375,0,-0.5859375,0.1953125,-0.13427734375,-0.0732421875,0.8544921875,-0.01220703125,-0.59814453125,-0.244140625,0.29296875,-0.0732421875,-0.390625,-0.3173828125,1.89208984375,-0.13427734375,0.9765625,0.341796875,-0.2685546875,-0.1953125,-0.91552734375,-0.10986328125,-0.4638671875,-0.01220703125,-0.78125,-0.439453125,-0.1953125,-0.18310546875,-0.7080078125,-0.1953125,-0.40283203125,-0.37841796875,0.6103515625,0.29296875,1.18408203125,0.18310546875,0.439453125,-0.3173828125,-0.1953125,-0.84228515625,0.68359375,-0.09765625,1.318359375,0.23193359375,0.96435546875,-0.32958984375,1.904296875,0.30517578125,0.9765625,-0.10986328125,5.9326171875,0.1220703125,1.64794921875,-0.10986328125,0.87890625,-0.01220703125,0.8544921875,-0.0244140625,0.1708984375,0.25634765625,0.9521484375,0.048828125,0.01220703125,-0.18310546875,1.33056640625,0.2197265625,-0.96435546875,-0.03662109375,-0.390625,0.23193359375,-1.01318359375,0.0244140625,-0.79345703125,-0.09765625,-0.09765625,-0.146484375,3.1494140625,0.29296875,1.5869140625,-0.29296875,0.927734375,0.01220703125,-0.69580078125,-0.146484375,-0.76904296875,-0.15869140625,-0.62255859375,-0.0732421875,-0.15869140625,0.09765625,2.24609375,0.40283203125,3.69873046875,0,1.50146484375,-0.32958984375,3.7841796875,-0.244140625,0.341796875,-0.048828125,0,-0.06103515625,0.01220703125,0.03662109375,0.1953125,-0.0244140625,-0.0244140625,0.08544921875,0.830078125,-0.01220703125,-0.5126953125,-0.06103515625,-0.5859375
0,-0.1708984375,-0.390625,-0.244140625,-0.37841796875,0.37841796875,-0.4638671875,0.048828125,-0.10986328125,0.15869140625,-0.048828125,-0.146484375,-0.9033203125,0.29296875,1.08642578125,-0.10986328125,-0.15869140625,0.048828125,-0.5859375,0.146484375,-0.10986328125,-0.10986328125,0.86669921875,-0.03662109375,-0.5859375,-0.13427734375,0.048828125,0,-0.6591796875,-0.20751953125,1.59912109375,-0.09765625,0.68359375,0.341796875,-0.28076171875,-0.18310546875,-0.91552734375,-0.1708984375,-0.439453125,0.01220703125,-0.78125,-0.50048828125,-0.18310546875,-0.09765625,-0.72021484375,-0.25634765625,-0.40283203125,-0.4150390625,0.6103515625,0.244140625,1.18408203125,0.1708984375,0.40283203125,-0.244140625,-0.20751953125,-0.8544921875,0.67138671875,-0.0732421875,1.806640625,0.2197265625,1.2939453125,-0.42724609375,2.5390625,0.29296875,1.4892578125,-0.1708984375,5.029296875,0.2197265625,1.50146484375,-0.09765625,0.7080078125,0.0244140625,0.7080078125,0.0732421875,0.18310546875,0.1953125,0.9765625,0.0244140625,0,-0.146484375,1.33056640625,0.244140625,-0.96435546875,-0.048828125,-0.390625,0.2685546875,-1.025390625,-0.0244140625,-0.78125,-0.048828125,-0.37841796875,-0.15869140625,2.685546875,0.341796875,1.26953125,-0.30517578125,0.5615234375,-0.03662109375,-0.69580078125,-0.09765625,-0.79345703125,-0.1953125,-0.634765625,-0.08544921875,-0.1708984375,0.08544921875,1.59912109375,0.35400390625,2.55126953125,0.01220703125,0.9521484375,-0.32958984375,3.08837890625,-0.244140625,0.341796875,-0.01220703125,-0.01220703125,-0.0732421875,-0.01220703125,0.048828125,0.1953125,0,-0.01220703125,0.09765625,0.8056640625,-0.03662109375,-0.5126953125,-0.09765625,-0.59814453125
0,-0.15869140625,-0.40283203125,-0.25634765625,-0.390625,0.37841796875,-0.45166015625,0.048828125,-0.10986328125,0.20751953125,0,-0.13427734375,-0.9033203125,0.390625,1.0986328125,-0.1220703125,-0.1708984375,0.146484375,-0.57373046875,0.0732421875,-0.10986328125,-0.15869140625,0.8544921875,0.01220703125,-0.59814453125,-0.048828125,-0.13427734375,0.048828125,-0.9033203125,-0.1220703125,1.318359375,-0.09765625,0.439453125,0.20751953125,-0.28076171875,-0.15869140625,-0.927734375,-0.1953125,-0.42724609375,0.048828125,-0.79345703125,-0.48828125,-0.18310546875,-0.03662109375,-0.72021484375,-0.30517578125,-0.40283203125,-0.35400390625,0.62255859375,0.1953125,1.18408203125,0.1708984375,0.42724609375,-0.1708984375,-0.1953125,-0.8056640625,0.69580078125,-0.01220703125,2.33154296875,0.23193359375,1.67236328125,-0.4150390625,3.25927734375,0.29296875,2.0263671875,-0.146484375,4.13818359375,0.23193359375,1.35498046875,-0.0732421875,0.57373046875,0.048828125,0.57373046875,0.15869140625,0.20751953125,0.146484375,1.0009765625,-0.01220703125,-0.0244140625,-0.10986328125,1.318359375,0.244140625,-0.9765625,-0.048828125,-0.42724609375,0.25634765625,-1.025390625,-0.08544921875,-0.78125,-0.0244140625,-0.634765625,-0.13427734375,2.18505859375,0.341796875,0.96435546875,-0.244140625,0.2197265625,-0.0732421875,-0.7080078125,-0.0244140625,-0.78125,-0.18310546875,-0.62255859375,-0.08544921875,-0.1708984375,0.09765625,0.87890625,0.3662109375,1.30615234375,0.0244140625,0.390625,-0.32958984375,2.38037109375,-0.2197265625,0.341796875,-0.03662109375,0,-0.06103515625,-0.03662109375,0.03662109375,0.1953125,0,-0.01220703125,0.1220703125,0.7568359375,-0.048828125,-0.52490234375,-0.09765625,-0.5859375
0,-0.146484375,-0.390625,-0.25634765625,-0.37841796875,0.40283203125,-0.4638671875,0.0244140625,-0.10986328125,0.244140625,0.03662109375,-0.13427734375,-0.91552734375,0.42724609375,1.0986328125,-0.13427734375,-0.18310546875,0.1953125,-0.57373046875,0.03662109375,-0.10986328125,-0.20751953125,0.8544921875,0.03662109375,-0.6103515625,-0.048828125,-0.25634765625,-0.0244140625,-1.03759765625,-0.0732421875,1.11083984375,-0.1953125,0.3173828125,0.13427734375,-0.30517578125,-0.09765625,-0.9033203125,-0.1708984375,-0.4150390625,0.08544921875,-0.79345703125,-0.45166015625,-0.1953125,0.0244140625,-0.72021484375,-0.3662109375,-0.4150390625,-0.3173828125,0.62255859375,0.10986328125,1.1474609375,0.18310546875,0.439453125,-0.08544921875,-0.1708984375,-0.76904296875,0.72021484375,0.0244140625,2.86865234375,0.29296875,2.01416015625,-0.5859375,4.01611328125,0.25634765625,2.55126953125,-0.146484375,3.2958984375,0.2197265625,1.20849609375,-0.0244140625,0.439453125,0.06103515625,0.42724609375,0.15869140625,0.20751953125,0.06103515625,0.98876953125,-0.03662109375,-0.03662109375,-0.09765625,1.33056640625,0.1708984375,-1.0009765625,-0.0244140625,-0.40283203125,0.23193359375,-1.01318359375,-0.1220703125,-0.76904296875,0,-0.91552734375,-0.1220703125,1.6845703125,0.29296875,0.6103515625,-0.1708984375,-0.13427734375,-0.08544921875,-0.7080078125,0,-0.79345703125,-0.20751953125,-0.6103515625,-0.08544921875,-0.1708984375,0.01220703125,0.25634765625,0.20751953125,0.08544921875,0.01220703125,-0.1220703125,-0.3662109375,1.72119140625,-0.20751953125,0.35400390625,-0.0244140625,0.0244140625,-0.0732421875,-0.048828125,0.01220703125,0.18310546875,-0.01220703125,0.01220703125,0.10986328125,0.74462890625,-0.0244140625,-0.52490234375,-0.08544921875,-0.59814453125
0,-0.15869140625,-0.37841796875,-0.28076171875,-0.37841796875,0.390625,-0.45166015625,0.01220703125,-0.08544921875,0.3173828125,0.0732421875,-0.15869140625,-0.9033203125,0.45166015625,1.0986328125,-0.09765625,-0.146484375,0.18310546875,-0.6103515625,0,-0.10986328125,-0.2685546875,0.8544921875,0.03662109375,-0.634765625,0.06103515625,-0.2685546875,0.09765625,-1.07421875,0.09765625,1.025390625,-0.146484375,0.25634765625,0.03662109375,-0.32958984375,-0.0732421875,-0.927734375,-0.15869140625,-0.439453125,0.1220703125,-0.79345703125,-0.32958984375,-0.1953125,0.0244140625,-0.72021484375,-0.390625,-0.42724609375,-0.29296875,0.6591796875,0.08544921875,1.13525390625,0.18310546875,0.47607421875,-0.06103515625,-0.1708984375,-0.69580078125,0.72021484375,-0.01220703125,3.33251953125,0.29296875,2.3193359375,-0.64697265625,4.736328125,0.18310546875,2.978515625,-0.09765625,2.4658203125,0.23193359375,1.08642578125,0.03662109375,0.30517578125,0.048828125,0.3173828125,0.1708984375,0.20751953125,-0.0244140625,0.96435546875,-0.03662109375,-0.0244140625,-0.048828125,1.30615234375,0.09765625,-1.0009765625,0.01220703125,-0.40283203125,0.15869140625,-1.0009765625,-0.146484375,-0.79345703125,0.01220703125,-1.220703125,-0.13427734375,1.0986328125,0.244140625,0.2685546875,-0.09765625,-0.54931640625,-0.03662109375,-0.7080078125,-0.01220703125,-0.79345703125,-0.1953125,-0.6103515625,-0.09765625,-0.13427734375,0,-0.18310546875,0.244140625,-0.84228515625,0.0732421875,-0.52490234375,-0.35400390625,1.23291015625,-0.2197265625,0.341796875,-0.048828125,0.0244140625,-0.048828125,-0.048828125,0,0.15869140625,-0.01220703125,0,0.13427734375,0.74462890625,-0.0244140625,-0.52490234375,-0.09765625,-0.5859375
0,-0.146484375,-0.3662109375,-0.2685546875,-0.341796875,0.4150390625,-0.42724609375,0.01220703125,-0.0732421875,0.3662109375,0.13427734375,-0.146484375,-0.9033203125,0.439453125,1.0986328125,-0.03662109375,-0.15869140625,0.10986328125,-0.5859375,0.01220703125,-0.10986328125,-0.29296875,0.830078125,0.09765625,-0.634765625,0.1220703125,-0.2197265625,0.1953125,-1.025390625,0.146484375,0.98876953125,-0.10986328125,0.25634765625,-0.048828125,-0.32958984375,-0.0732421875,-0.927734375,-0.09765625,-0.4638671875,0.20751953125,-0.79345703125,-0.1953125,-0.2197265625,-0.0244140625,-0.7080078125,-0.32958984375,-0.439453125,-0.25634765625,0.68359375,0.06103515625,1.11083984375,0.15869140625,0.4638671875,0,-0.15869140625,-0.59814453125,0.7080078125,-0.0244140625,3.67431640625,0.28076171875,2.55126953125,-0.64697265625,5.35888671875,0.08544921875,3.3447265625,-0.01220703125,1.7578125,0.2197265625,1.01318359375,0.09765625,0.25634765625,0.01220703125,0.244140625,0.10986328125,0.20751953125,-0.0732421875,0.96435546875,-0.03662109375,-0.048828125,-0.01220703125,1.28173828125,0.03662109375,-1.0009765625,0.0244140625,-0.42724609375,0.06103515625,-0.98876953125,-0.15869140625,-0.78125,0,-1.5625,-0.15869140625,0.50048828125,0.1708984375,-0.10986328125,-0.01220703125,-0.96435546875,-0.048828125,-0.732421875,0,-0.78125,-0.18310546875,-0.62255859375,-0.08544921875,-0.13427734375,0.01220703125,-0.390625,0.28076171875,-1.3671875,0.1220703125,-0.72021484375,-0.3662109375,0.96435546875,-0.23193359375,0.341796875,-0.048828125,0.01220703125,-0.06103515625,-0.048828125,-0.01220703125,0.1708984375,-0.01220703125,0,0.06103515625,0.74462890625,-0.0244140625,-0.537109375,-0.09765625,-0.5859375
0,-0.13427734375,-0.3662109375,-0.244140625,-0.341796875,0.42724609375,-0.4150390625,0.0244140625,-0.048828125,0.390625,0.1953125,-0.146484375,-0.87890625,0.3662109375,1.11083984375,0.0244140625,-0.146484375,-0.01220703125,-0.59814453125,0.0244140625,-0.13427734375,-0.2685546875,0.830078125,0.10986328125,-0.634765625,0.0732421875,-0.146484375,0.08544921875,-0.87890625,0.0732421875,1.03759765625,-0.10986328125,0.341796875,-0.06103515625,-0.341796875,-0.06103515625,-0.91552734375,0,-0.45166015625,0.23193359375,-0.79345703125,-0.08544921875,-0.23193359375,0.01220703125,-0.68359375,-0.2197265625,-0.439453125,-0.28076171875,0.6591796875,0.06103515625,1.123046875,0.2197265625,0.50048828125,0.01220703125,-0.15869140625,-0.48828125,0.7080078125,-0.0244140625,3.90625,0.29296875,2.67333984375,-0.62255859375,5.810546875,0.0244140625,3.515625,0.048828125,1.0986328125,0.18310546875,0.9521484375,0.1220703125,0.1953125,-0.048828125,0.15869140625,0.09765625,0.18310546875,-0.1220703125,0.89111328125,0.03662109375,-0.048828125,-0.03662109375,1.26953125,-0.03662109375,-1.0009765625,0.03662109375,-0.42724609375,-0.03662109375,-0.9765625,-0.13427734375,-0.79345703125,-0.048828125,-1.904296875,-0.15869140625,-0.146484375,0.13427734375,-0.4638671875,0.03662109375,-1.40380859375,0,-0.7568359375,-0.03662109375,-0.78125,-0.1953125,-0.62255859375,-0.08544921875,-0.1220703125,0,-0.341796875,0.1708984375,-1.40380859375,0.13427734375,-0.69580078125,-0.390625,0.98876953125,-0.244140625,0.3173828125,-0.06103515625,0.01220703125,-0.06103515625,-0.06103515625,0,0.15869140625,0.01220703125,-0.01220703125,0.048828125,0.74462890625,-0.03662109375,-0.5126953125,-0.09765625,-0.59814453125
1,-0.1708984375,-0.35400390625,-0.20751953125,-0.35400390625,0.4638671875,-0.40283203125,0.0244140625,-0.03662109375,0.3662109375,0.2197265625,-0.1220703125,-0.9033203125,0.2197265625,1.11083984375,0.048828125,-0.146484375,-0.08544921875,-0.5859375,0.01220703125,-0.146484375,-0.244140625,0.830078125,0.09765625,-0.62255859375,0.10986328125,-0.048828125,0.10986328125,-0.72021484375,0.048828125,1.123046875,0,0.439453125,-0.03662109375,-0.32958984375,-0.0732421875,-0.9033203125,0.09765625,-0.45166015625,0.28076171875,-0.79345703125,-0.03662109375,-0.2197265625,0,-0.67138671875,-0.10986328125,-0.47607421875,-0.30517578125,0.68359375,0.048828125,1.11083984375,0.28076171875,0.5126953125,0.09765625,-0.146484375,-0.3662109375,0.7080078125,-0.0732421875,3.9794921875,0.25634765625,2.7099609375,-0.59814453125,6.0791015625,-0.03662109375,3.57666015625,0.13427734375,0.59814453125,0.146484375,0.927734375,0.13427734375,0.15869140625,-0.1220703125,0.10986328125,0.10986328125,0.1953125,-0.146484375,0.8544921875,0.0732421875,-0.048828125,-0.06103515625,1.25732421875,-0.03662109375,-0.98876953125,0.03662109375,-0.4150390625,-0.1708984375,-0.9765625,-0.10986328125,-0.8056640625,-0.1708984375,-2.1728515625,-0.2197265625,-0.732421875,0.06103515625,-0.81787109375,0.0244140625,-1.7822265625,0.048828125,-0.7568359375,-0.048828125,-0.78125,-0.20751953125,-0.59814453125,-0.09765625,-0.09765625,0.03662109375,0.01220703125,0.244140625,-0.87890625,0.15869140625,-0.4150390625,-0.35400390625,1.318359375,-0.2197265625,0.30517578125,-0.06103515625,0.0244140625,-0.06103515625,-0.048828125,0,0.1708984375,0.0244140625,-0.01220703125,0.0244140625,0.74462890625,-0.048828125,-0.5126953125,-0.08544921875,-0.5859375
1,-0.18310546875,-0.35400390625,-0.1953125,-0.3662109375,0.47607421875,-0.37841796875,0.01220703125,-0.048828125,0.3173828125,0.23193359375,-0.09765625,-0.9033203125,0.08544921875,1.11083984375,0.08544921875,-0.146484375,-0.13427734375,-0.5615234375,0,-0.15869140625,-0.1708984375,0.84228515625,0.09765625,-0.6103515625,0.06103515625,0.048828125,0.0244140625,-0.5615234375,-0.048828125,1.18408203125,0.01220703125,0.5615234375,0.08544921875,-0.30517578125,-0.10986328125,-0.89111328125,0.15869140625,-0.439453125,0.35400390625,-0.79345703125,-0.0244140625,-0.20751953125,0.03662109375,-0.64697265625,0,-0.47607421875,-0.341796875,0.67138671875,0.03662109375,1.13525390625,0.32958984375,0.5126953125,0.18310546875,-0.1708984375,-0.23193359375,0.69580078125,-0.0732421875,3.91845703125,0.244140625,2.67333984375,-0.69580078125,6.06689453125,-0.09765625,3.47900390625,0.20751953125,0.23193359375,0.0732421875,0.927734375,0.13427734375,0.13427734375,-0.18310546875,0.09765625,0.048828125,0.18310546875,-0.15869140625,0.87890625,0.13427734375,-0.048828125,-0.09765625,1.26953125,-0.048828125,-0.9765625,0.03662109375,-0.4150390625,-0.23193359375,-0.9765625,-0.10986328125,-0.79345703125,-0.2197265625,-2.4169921875,-0.15869140625,-1.220703125,0.06103515625,-1.0986328125,0.0244140625,-2.08740234375,0.0244140625,-0.7568359375,-0.048828125,-0.76904296875,-0.18310546875,-0.5859375,-0.10986328125,-0.09765625,0.06103515625,0.62255859375,0.20751953125,0.13427734375,0.13427734375,0.048828125,-0.28076171875,1.91650390625,-0.244140625,0.30517578125,-0.09765625,0.01220703125,-0.0732421875,-0.03662109375,0.01220703125,0.1708984375,0.0244140625,-0.03662109375,0.01220703125,0.7568359375,-0.048828125,-0.52490234375,-0.09765625,-0.5859375
1,-0.13427734375,-0.35400390625,-0.18310546875,-0.40283203125,0.47607421875,-0.37841796875,0.0244140625,-0.048828125,0.30517578125,0.244140625,-0.09765625,-0.9033203125,0.01220703125,1.08642578125,0.0732421875,-0.1708984375,-0.15869140625,-0.54931640625,0,-0.15869140625,-0.08544921875,0.84228515625,0.048828125,-0.59814453125,0.06103515625,0.09765625,-0.08544921875,-0.439453125,-0.13427734375,1.28173828125,0.03662109375,0.6103515625,0.146484375,-0.28076171875,-0.15869140625,-0.86669921875,0.1953125,-0.42724609375,0.40283203125,-0.79345703125,-0.09765625,-0.23193359375,-0.0244140625,-0.64697265625,0.01220703125,-0.45166015625,-0.37841796875,0.67138671875,0.0244140625,1.15966796875,0.4150390625,0.537109375,0.28076171875,-0.1953125,-0.09765625,0.68359375,-0.1220703125,3.759765625,0.2197265625,2.52685546875,-0.732421875,5.89599609375,-0.1953125,3.28369140625,0.18310546875,-0.03662109375,-0.01220703125,0.927734375,0.06103515625,0.10986328125,-0.244140625,0.10986328125,-0.0244140625,0.15869140625,-0.18310546875,0.830078125,0.23193359375,-0.03662109375,-0.13427734375,1.25732421875,-0.0732421875,-0.9521484375,0.03662109375,-0.42724609375,-0.28076171875,-0.98876953125,-0.13427734375,-0.79345703125,-0.28076171875,-2.5390625,-0.13427734375,-1.5380859375,0.048828125,-1.220703125,-0.09765625,-2.28271484375,0.01220703125,-0.76904296875,-0.09765625,-0.7568359375,-0.15869140625,-0.5859375,-0.146484375,-0.09765625,0.048828125,1.3916015625,0.1220703125,1.4892578125,0.09765625,0.67138671875,-0.29296875,2.7099609375,-0.2685546875,0.3173828125,-0.10986328125,0,-0.0732421875,-0.01220703125,0,0.15869140625,0.03662109375,-0.06103515625,-0.01220703125,0.76904296875,-0.06103515625,-0.5126953125,-0.1220703125,-0.5859375
1,-0.18310546875,-0.35400390625,-0.15869140625,-0.390625,0.47607421875,-0.390625,0.01220703125,-0.0732421875,0.25634765625,0.23193359375,-0.09765625,-0.91552734375,-0.09765625,1.11083984375,0.09765625,-0.15869140625,-0.146484375,-0.57373046875,-0.01220703125,-0.15869140625,0,0.8544921875,-0.01220703125,-0.6103515625,-0.06103515625,0.13427734375,-0.2197265625,-0.390625,-0.23193359375,1.3427734375,-0.048828125,0.64697265625,0.1708984375,-0.244140625,-0.146484375,-0.89111328125,0.1708984375,-0.439453125,0.42724609375,-0.8056640625,-0.1953125,-0.2197265625,-0.06103515625,-0.62255859375,0.01220703125,-0.4150390625,-0.35400390625,0.64697265625,0.048828125,1.18408203125,0.390625,0.537109375,0.35400390625,-0.1953125,0,0.68359375,-0.1708984375,3.5400390625,0.1708984375,2.3681640625,-0.74462890625,5.52978515625,-0.2685546875,3.01513671875,0.23193359375,-0.15869140625,-0.08544921875,0.9765625,0.0244140625,0.13427734375,-0.2685546875,0.13427734375,-0.08544921875,0.18310546875,-0.1953125,0.86669921875,0.28076171875,-0.01220703125,-0.1953125,1.25732421875,-0.08544921875,-0.96435546875,0.0244140625,-0.390625,-0.29296875,-1.0009765625,-0.15869140625,-0.8056640625,-0.32958984375,-2.5634765625,-0.13427734375,-1.64794921875,0,-1.28173828125,-0.1220703125,-2.33154296875,-0.03662109375,-0.7568359375,-0.048828125,-0.7080078125,-0.15869140625,-0.59814453125,-0.15869140625,-0.10986328125,0,2.294921875,0.15869140625,3.1005859375,0.09765625,1.40380859375,-0.30517578125,3.64990234375,-0.25634765625,0.30517578125,-0.146484375,0.01220703125,-0.06103515625,-0.0244140625,0,0.15869140625,0.048828125,-0.0732421875,-0.03662109375,0.76904296875,-0.06103515625,-0.50048828125,-0.10986328125,-0.5859375
1,-0.1953125,-0.3662109375,-0.146484375,-0.390625,0.4638671875,-0.390625,0.0244140625,-0.08544921875,0.2197265625,0.2197265625,-0.09765625,-0.89111328125,-0.1708984375,1.08642578125,0.1220703125,-0.15869140625,-0.08544921875,-0.5859375,-0.01220703125,-0.146484375,0.09765625,0.8544921875,0,-0.62255859375,0.01220703125,0.10986328125,-0.1708984375,-0.37841796875,-0.18310546875,1.3671875,-0.06103515625,0.6591796875,0.1708984375,-0.23193359375,-0.18310546875,-0.89111328125,0.1220703125,-0.439453125,0.439453125,-0.8056640625,-0.29296875,-0.23193359375,-0.0732421875,-0.64697265625,-0.0244140625,-0.4150390625,-0.390625,0.62255859375,0.0732421875,1.1962890625,0.37841796875,0.537109375,0.42724609375,-0.1953125,0.0732421875,0.68359375,-0.1953125,3.271484375,0.15869140625,2.1728515625,-0.72021484375,5.078125,-0.29296875,2.7099609375,0.244140625,-0.18310546875,-0.1220703125,1.01318359375,-0.0244140625,0.1708984375,-0.28076171875,0.15869140625,-0.1708984375,0.1953125,-0.1953125,0.86669921875,0.29296875,0,-0.20751953125,1.28173828125,-0.1220703125,-0.96435546875,0.03662109375,-0.37841796875,-0.28076171875,-1.01318359375,-0.1953125,-0.79345703125,-0.32958984375,-2.44140625,-0.18310546875,-1.5380859375,-0.06103515625,-1.1962890625,-0.15869140625,-2.25830078125,-0.048828125,-0.74462890625,-0.08544921875,-0.7080078125,-0.10986328125,-0.6103515625,-0.20751953125,-0.13427734375,-0.01220703125,3.21044921875,0.2197265625,4.74853515625,0.1220703125,2.18505859375,-0.2685546875,4.58984375,-0.2685546875,0.3173828125,-0.146484375,0,-0.0732421875,-0.0244140625,0,0.1708984375,0.06103515625,-0.09765625,-0.03662109375,0.76904296875,-0.0732421875,-0.5126953125,-0.08544921875,-0.57373046875
1,-0.1953125,-0.390625,-0.09765625,-0.37841796875,0.4638671875,-0.4150390625,0.03662109375,-0.08544921875,0.1708984375,0.15869140625,-0.09765625,-0.87890625,-0.23193359375,1.07421875,0.146484375,-0.15869140625,-0.0732421875,-0.59814453125,0,-0.146484375,0.146484375,0.8544921875,0,-0.6103515625,-0.03662109375,0.09765625,-0.20751953125,-0.42724609375,-0.1953125,1.40380859375,-0.20751953125,0.64697265625,0.13427734375,-0.244140625,-0.13427734375,-0.9033203125,0.048828125,-0.439453125,0.42724609375,-0.79345703125,-0.390625,-0.23193359375,-0.0732421875,-0.64697265625,-0.146484375,-0.40283203125,-0.4150390625,0.5859375,0.08544921875,1.20849609375,0.32958984375,0.52490234375,0.42724609375,-0.1953125,0.13427734375,0.72021484375,-0.20751953125,2.978515625,0.09765625,1.9775390625,-0.64697265625,4.5654296875,-0.32958984375,2.47802734375,0.25634765625,-0.146484375,-0.1708984375,1.03759765625,-0.08544921875,0.1953125,-0.28076171875,0.1708984375,-0.244140625,0.1953125,-0.1708984375,0.86669921875,0.2685546875,0,-0.15869140625,1.26953125,-0.08544921875,-1.01318359375,0.048828125,-0.37841796875,-0.25634765625,-1.0009765625,-0.23193359375,-0.78125,-0.28076171875,-2.24609375,-0.244140625,-1.28173828125,-0.09765625,-1.025390625,-0.15869140625,-2.05078125,-0.01220703125,-0.76904296875,-0.1220703125,-0.732421875,-0.0732421875,-0.6103515625,-0.244140625,-0.15869140625,-0.06103515625,4.0283203125,0.30517578125,6.31103515625,0.10986328125,2.8564453125,-0.3173828125,5.48095703125,-0.2685546875,0.32958984375,-0.15869140625,0,-0.08544921875,-0.048828125,0,0.18310546875,0.048828125,-0.10986328125,-0.01220703125,0.78125,-0.08544921875,-0.50048828125,-0.0732421875,-0.57373046875
1,-0.20751953125,-0.390625,-0.09765625,-0.37841796875,0.45166015625,-0.45166015625,0.0244140625,-0.08544921875,0.146484375,0.10986328125,-0.10986328125,-0.87890625,-0.3173828125,1.06201171875,0.1708984375,-0.1708984375,-0.03662109375,-0.62255859375,0.01220703125,-0.13427734375,0.18310546875,0.87890625,0.06103515625,-0.62255859375,-0.0244140625,0.10986328125,-0.13427734375,-0.47607421875,-0.08544921875,1.4404296875,-0.28076171875,0.6591796875,0.0244140625,-0.23193359375,-0.08544921875,-0.91552734375,-0.0244140625,-0.439453125,0.3662109375,-0.79345703125,-0.4150390625,-0.2197265625,-0.10986328125,-0.67138671875,-0.23193359375,-0.40283203125,-0.45166015625,0.5859375,0.09765625,1.18408203125,0.35400390625,0.537109375,0.45166015625,-0.1708984375,0.1708984375,0.7080078125,-0.20751953125,2.7587890625,0.0244140625,1.8310546875,-0.537109375,4.1259765625,-0.30517578125,2.2705078125,0.244140625,-0.06103515625,-0.244140625,1.0498046875,-0.15869140625,0.23193359375,-0.23193359375,0.20751953125,-0.30517578125,0.244140625,-0.15869140625,0.91552734375,0.25634765625,0.01220703125,-0.1220703125,1.28173828125,-0.08544921875,-1.0009765625,0.0732421875,-0.40283203125,-0.23193359375,-1.01318359375,-0.1953125,-0.8056640625,-0.23193359375,-2.0263671875,-0.28076171875,-0.91552734375,-0.1708984375,-0.78125,-0.146484375,-1.81884765625,-0.0244140625,-0.7568359375,-0.1220703125,-0.7568359375,-0.0732421875,-0.5859375,-0.3173828125,-0.146484375,-0.048828125,4.7607421875,0.2685546875,7.62939453125,0.09765625,3.45458984375,-0.29296875,6.28662109375,-0.23193359375,0.35400390625,-0.15869140625,0.01220703125,-0.06103515625,-0.03662109375,-0.048828125,0.1953125,0.0244140625,-0.13427734375,0,0.79345703125,-0.0732421875,-0.50048828125,-0.06103515625,-0.54931640625
1,-0.18310546875,-0.390625,-0.08544921875,-0.3662109375,0.4150390625,-0.4638671875,0.03662109375,-0.09765625,0.09765625,0.0244140625,-0.13427734375,-0.86669921875,-0.40283203125,1.0498046875,0.20751953125,-0.1708984375,0.01220703125,-0.62255859375,0.01220703125,-0.15869140625,0.20751953125,0.89111328125,0.10986328125,-0.634765625,-0.06103515625,0.1220703125,-0.09765625,-0.537109375,-0.03662109375,1.4892578125,-0.3662109375,0.68359375,0.01220703125,-0.244140625,-0.03662109375,-0.91552734375,-0.048828125,-0.4638671875,0.32958984375,-0.8056640625,-0.37841796875,-0.244140625,-0.15869140625,-0.6591796875,-0.28076171875,-0.40283203125,-0.5126953125,0.5859375,0.09765625,1.1474609375,0.32958984375,0.537109375,0.47607421875,-0.146484375,0.18310546875,0.732421875,-0.15869140625,2.5634765625,-0.01220703125,1.6845703125,-0.52490234375,3.7353515625,-0.2685546875,2.13623046875,0.20751953125,0.048828125,-0.25634765625,1.06201171875,-0.1953125,0.23193359375,-0.1953125,0.23193359375,-0.3662109375,0.23193359375,-0.1220703125,0.91552734375,0.244140625,-0.01220703125,-0.048828125,1.30615234375,-0.03662109375,-1.0009765625,0.0732421875,-0.4150390625,-0.1953125,-0.98876953125,-0.1708984375,-0.81787109375,-0.1220703125,-1.806640625,-0.28076171875,-0.52490234375,-0.18310546875,-0.5615234375,-0.1220703125,-1.55029296875,-0.03662109375,-0.7568359375,-0.13427734375,-0.732421875,-0.06103515625,-0.59814453125,-0.341796875,-0.146484375,-0.0244140625,5.322265625,0.1708984375,8.67919921875,0.0732421875,3.9306640625,-0.25634765625,6.89697265625,-0.2197265625,0.37841796875,-0.15869140625,0.01220703125,-0.048828125,-0.03662109375,-0.0732421875,0.20751953125,0.01220703125,-0.10986328125,0.01220703125,0.79345703125,-0.0732421875,-0.52490234375,-0.0732421875,-0.5615234375
1,-0.20751953125,-0.37841796875,-0.0732421875,-0.3662109375,0.4150390625,-0.48828125,0.0244140625,-0.1220703125,0.10986328125,-0.0244140625,-0.146484375,-0.89111328125,-0.48828125,1.08642578125,0.20751953125,-0.20751953125,0.01220703125,-0.64697265625,0.09765625,-0.13427734375,0.2197265625,0.9033203125,0.1953125,-0.64697265625,-0.0732421875,0.146484375,-0.09765625,-0.5615234375,0.0244140625,1.57470703125,-0.42724609375,0.732421875,-0.03662109375,-0.29296875,0.0244140625,-0.96435546875,-0.048828125,-0.4638671875,0.244140625,-0.81787109375,-0.3662109375,-0.244140625,-0.1953125,-0.69580078125,-0.28076171875,-0.390625,-0.5615234375,0.57373046875,0.0732421875,1.11083984375,0.40283203125,0.537109375,0.47607421875,-0.1220703125,0.244140625,0.72021484375,-0.18310546875,2.45361328125,-0.0732421875,1.59912109375,-0.45166015625,3.466796875,-0.2685546875,2.05078125,0.20751953125,0.146484375,-0.32958984375,1.0498046875,-0.23193359375,0.25634765625,-0.146484375,0.244140625,-0.390625,0.25634765625,-0.10986328125,0.89111328125,0.2197265625,-0.03662109375,0.0732421875,1.30615234375,0.01220703125,-1.0009765625,0.048828125,-0.40283203125,-0.15869140625,-1.0009765625,-0.10986328125,-0.81787109375,-0.06103515625,-1.62353515625,-0.18310546875,-0.18310546875,-0.1953125,-0.37841796875,-0.08544921875,-1.2939453125,-0.03662109375,-0.7568359375,-0.10986328125,-0.732421875,-0.06103515625,-0.634765625,-0.35400390625,-0.146484375,-0.0244140625,5.70068359375,0.0244140625,9.36279296875,-0.01220703125,4.2236328125,-0.23193359375,7.31201171875,-0.1953125,0.390625,-0.146484375,0.01220703125,-0.0732421875,-0.0244140625,-0.0732421875,0.18310546875,0.0244140625,-0.09765625,0.0244140625,0.78125,-0.048828125,-0.5126953125,-0.06103515625,-0.5615234375
1,-0.2197265625,-0.3662109375,-0.03662109375,-0.341796875,0.390625,-0.4638671875,0.0244140625,-0.10986328125,0.10986328125,-0.048828125,-0.1708984375,-0.89111328125,-0.5859375,1.06201171875,0.244140625,-0.15869140625,0.0244140625,-0.634765625,0.15869140625,-0.13427734375,0.20751953125,0.89111328125,0.28076171875,-0.634765625,-0.01220703125,0.1953125,-0.06103515625,-0.5859375,0.0244140625,1.6357421875,-0.40283203125,0.78125,-0.03662109375,-0.3173828125,-0.01220703125,-0.9521484375,-0.01220703125,-0.47607421875,0.18310546875,-0.81787109375,-0.341796875,-0.244140625,-0.146484375,-0.7080078125,-0.2685546875,-0.4150390625,-0.6103515625,0.5859375,0.0732421875,1.11083984375,0.47607421875,0.52490234375,0.40283203125,-0.13427734375,0.244140625,0.732421875,-0.15869140625,2.38037109375,-0.09765625,1.5625,-0.439453125,3.3203125,-0.244140625,2.01416015625,0.18310546875,0.1953125,-0.341796875,1.03759765625,-0.20751953125,0.28076171875,-0.08544921875,0.23193359375,-0.390625,0.244140625,-0.09765625,0.89111328125,0.23193359375,-0.03662109375,0.09765625,1.30615234375,0.0732421875,-1.0009765625,0.01220703125,-0.42724609375,-0.13427734375,-1.0009765625,-0.06103515625,-0.84228515625,0.01220703125,-1.52587890625,-0.20751953125,0.06103515625,-0.20751953125,-0.244140625,-0.09765625,-1.1474609375,-0.03662109375,-0.7568359375,-0.0732421875,-0.7568359375,-0.0732421875,-0.6591796875,-0.35400390625,-0.146484375,-0.0244140625,5.859375,-0.0244140625,9.716796875,-0.0732421875,4.345703125,-0.2197265625,7.50732421875,-0.20751953125,0.40283203125,-0.13427734375,0.01220703125,-0.06103515625,-0.0244140625,-0.09765625,0.1708984375,0,-0.08544921875,0.01220703125,0.78125,-0.0244140625,-0.50048828125,-0.08544921875,-0.57373046875
1,-0.23193359375,-0.35400390625,-0.048828125,-0.341796875,0.341796875,-0.45166015625,0.03662109375,-0.10986328125,0.1220703125,-0.06103515625,-0.1953125,-0.9033203125,-0.634765625,1.11083984375,0.2197265625,-0.15869140625,-0.01220703125,-0.62255859375,0.23193359375,-0.146484375,0.23193359375,0.89111328125,0.30517578125,-0.634765625,0.0244140625,0.244140625,0.03662109375,-0.5859375,0.0244140625,1.6845703125,-0.29296875,0.830078125,0,-0.32958984375,-0.06103515625,-0.9521484375,0.03662109375,-0.4638671875,0.13427734375,-0.8056640625,-0.341796875,-0.25634765625,-0.2197265625,-0.7080078125,-0.244140625,-0.439453125,-0.68359375,0.5859375,0.06103515625,1.0986328125,0.48828125,0.50048828125,0.30517578125,-0.146484375,0.2197265625,0.7080078125,-0.1708984375,2.35595703125,-0.1220703125,1.5625,-0.341796875,3.25927734375,-0.1953125,2.001953125,0.1953125,0.23193359375,-0.35400390625,1.01318359375,-0.1708984375,0.25634765625,-0.08544921875,0.20751953125,-0.37841796875,0.23193359375,-0.08544921875,0.84228515625,0.25634765625,-0.03662109375,0.146484375,1.2939453125,0.1220703125,-1.025390625,0,-0.439453125,-0.09765625,-1.0009765625,0,-0.84228515625,0.0732421875,-1.50146484375,-0.18310546875,0.10986328125,-0.146484375,-0.2197265625,-0.0732421875,-1.07421875,-0.048828125,-0.76904296875,0.01220703125,-0.7568359375,-0.09765625,-0.6591796875,-0.32958984375,-0.13427734375,0,5.82275390625,-0.06103515625,9.716796875,-0.146484375,4.33349609375,-0.1953125,7.50732421875,-0.1953125,0.37841796875,-0.146484375,0.0244140625,-0.06103515625,-0.0244140625,-0.08544921875,0.1708984375,0.01220703125,-0.0732421875,0.0244140625,0.8056640625,-0.0244140625,-0.50048828125,-0.08544921875,-0.5615234375
1,-0.23193359375,-0.35400390625,0,-0.30517578125,0.32958984375,-0.42724609375,0.01220703125,-0.08544921875,0.1220703125,-0.0732421875,-0.1708984375,-0.89111328125,-0.68359375,1.08642578125,0.2197265625,-0.1708984375,-0.06103515625,-0.59814453125,0.244140625,-0.146484375,0.2197265625,0.87890625,0.30517578125,-0.62255859375,0.0732421875,0.28076171875,0.08544921875,-0.54931640625,0,1.69677734375,-0.20751953125,0.86669921875,0.048828125,-0.35400390625,-0.10986328125,-0.91552734375,0.08544921875,-0.4150390625,0.146484375,-0.8056640625,-0.3173828125,-0.244140625,-0.146484375,-0.69580078125,-0.1708984375,-0.45166015625,-0.7080078125,0.62255859375,0.048828125,1.11083984375,0.537109375,0.4638671875,0.1953125,-0.1708984375,0.20751953125,0.69580078125,-0.1708984375,2.3193359375,-0.1708984375,1.52587890625,-0.2685546875,3.22265625,-0.13427734375,2.001953125,0.13427734375,0.20751953125,-0.3662109375,0.98876953125,-0.146484375,0.2685546875,-0.1220703125,0.18310546875,-0.32958984375,0.20751953125,0,0.830078125,0.29296875,-0.03662109375,0.1953125,1.30615234375,0.146484375,-1.0009765625,-0.01220703125,-0.45166015625,-0.048828125,-1.0009765625,0.06103515625,-0.8056640625,0.08544921875,-1.5625,-0.1708984375,0.03662109375,-0.08544921875,-0.25634765625,-0.08544921875,-1.123046875,-0.1220703125,-0.76904296875,0.0732421875,-0.76904296875,-0.13427734375,-0.6591796875,-0.25634765625,-0.13427734375,0.01220703125,5.5908203125,-0.06103515625,9.38720703125,-0.1953125,4.13818359375,-0.1708984375,7.31201171875,-0.1708984375,0.390625,-0.13427734375,0.0244140625,-0.048828125,0.01220703125,-0.0732421875,0.1708984375,0.0244140625,-0.0732421875,-0.0244140625,0.81787109375,-0.01220703125,-0.50048828125,-0.08544921875,-0.57373046875
1,-0.2197265625,-0.35400390625,0,-0.30517578125,0.3173828125,-0.4150390625,0.01220703125,-0.0732421875,0.10986328125,-0.0732421875,-0.146484375,-0.89111328125,-0.7080078125,1.08642578125,0.20751953125,-0.146484375,-0.13427734375,-0.5859375,0.2685546875,-0.15869140625,0.1953125,0.87890625,0.25634765625,-0.6103515625,0.10986328125,0.29296875,0.15869140625,-0.50048828125,-0.0732421875,1.6845703125,-0.08544921875,0.86669921875,0.09765625,-0.32958984375,-0.15869140625,-0.91552734375,0.09765625,-0.4150390625,0.13427734375,-0.8056640625,-0.29296875,-0.25634765625,-0.09765625,-0.67138671875,-0.10986328125,-0.439453125,-0.7080078125,0.6103515625,0.01220703125,1.1474609375,0.54931640625,0.42724609375,0.0732421875,-0.1953125,0.18310546875,0.67138671875,-0.13427734375,2.28271484375,-0.18310546875,1.513671875,-0.23193359375,3.173828125,-0.048828125,1.953125,0.03662109375,0.18310546875,-0.32958984375,0.9765625,-0.08544921875,0.25634765625,-0.15869140625,0.15869140625,-0.28076171875,0.18310546875,0.0732421875,0.84228515625,0.30517578125,-0.03662109375,0.1953125,1.28173828125,0.15869140625,-0.9765625,-0.048828125,-0.439453125,0,-0.98876953125,0.0732421875,-0.81787109375,0.01220703125,-1.69677734375,-0.244140625,-0.146484375,-0.09765625,-0.3662109375,-0.08544921875,-1.23291015625,-0.1220703125,-0.76904296875,0.10986328125,-0.76904296875,-0.1953125,-0.67138671875,-0.18310546875,-0.13427734375,0.06103515625,5.23681640625,-0.08544921875,8.80126953125,-0.23193359375,3.82080078125,-0.146484375,6.93359375,-0.13427734375,0.390625,-0.13427734375,0.01220703125,-0.06103515625,0.03662109375,-0.08544921875,0.18310546875,0.048828125,-0.0732421875,-0.03662109375,0.84228515625,-0.03662109375,-0.47607421875,-0.09765625,-0.5615234375
1,-0.1953125,-0.37841796875,0.0244140625,-0.29296875,0.29296875,-0.390625,-0.01220703125,-0.06103515625,0.0732421875,-0.06103515625,-0.13427734375,-0.9033203125,-0.69580078125,1.0986328125,0.1708984375,-0.13427734375,-0.1708984375,-0.57373046875,0.20751953125,-0.15869140625,0.18310546875,0.84228515625,0.1953125,-0.62255859375,0.18310546875,0.29296875,0.2197265625,-0.4150390625,-0.03662109375,1.6357421875,0.048828125,0.8544921875,0.18310546875,-0.29296875,-0.146484375,-0.91552734375,0.1220703125,-0.390625,0.146484375,-0.78125,-0.25634765625,-0.2197265625,-0.09765625,-0.6591796875,-0.09765625,-0.439453125,-0.7080078125,0.64697265625,0,1.171875,0.6103515625,0.4150390625,-0.08544921875,-0.20751953125,0.13427734375,0.67138671875,-0.09765625,2.18505859375,-0.146484375,1.46484375,-0.1220703125,3.03955078125,0.10986328125,1.85546875,0,0.15869140625,-0.30517578125,0.96435546875,-0.0244140625,0.244140625,-0.1708984375,0.146484375,-0.244140625,0.18310546875,0.146484375,0.8544921875,0.32958984375,-0.0244140625,0.15869140625,1.26953125,0.1708984375,-0.9765625,-0.01220703125,-0.4150390625,0.08544921875,-0.98876953125,0.03662109375,-0.78125,0.03662109375,-1.81884765625,-0.15869140625,-0.40283203125,-0.03662109375,-0.48828125,-0.0732421875,-1.35498046875,-0.1220703125,-0.76904296875,0.10986328125,-0.78125,-0.23193359375,-0.64697265625,-0.1220703125,-0.13427734375,0.08544921875,4.72412109375,-0.048828125,8.0078125,-0.29296875,3.40576171875,-0.13427734375,6.4208984375,-0.146484375,0.3662109375,-0.1220703125,-0.01220703125,-0.0732421875,0.03662109375,-0.0732421875,0.15869140625,0.06103515625,-0.03662109375,-0.048828125,0.8544921875,-0.03662109375,-0.48828125,-0.09765625,-0.54931640625
0,-0.18310546875,-0.3662109375,0.03662109375,-0.30517578125,0.30517578125,-0.390625,-0.0244140625,-0.03662109375,0.0732421875,-0.06103515625,-0.13427734375,-0.89111328125,-0.634765625,1.08642578125,0.09765625,-0.13427734375,-0.18310546875,-0.54931640625,0.1220703125,-0.146484375,0.1220703125,0.8544921875,0.1220703125,-0.6103515625,0.1953125,0.2685546875,0.1953125,-0.2685546875,0.0244140625,1.57470703125,0.1220703125,0.8544921875,0.1953125,-0.2197265625,-0.08544921875,-0.89111328125,0.10986328125,-0.390625,0.2197265625,-0.78125,-0.23193359375,-0.23193359375,-0.01220703125,-0.64697265625,-0.09765625,-0.4150390625,-0.62255859375,0.67138671875,0,1.18408203125,0.67138671875,0.37841796875,-0.18310546875,-0.244140625,0.08544921875,0.6591796875,-0.18310546875,2.05078125,-0.13427734375,1.3671875,-0.09765625,2.79541015625,0.18310546875,1.69677734375,-0.0732421875,0.1220703125,-0.3173828125,0.9765625,-0.048828125,0.23193359375,-0.23193359375,0.13427734375,-0.244140625,0.1953125,0.20751953125,0.87890625,0.37841796875,-0.01220703125,0.08544921875,1.28173828125,0.1220703125,-0.98876953125,0.0244140625,-0.40283203125,0.15869140625,-0.98876953125,0.03662109375,-0.78125,-0.01220703125,-1.94091796875,-0.146484375,-0.62255859375,-0.06103515625,-0.62255859375,-0.10986328125,-1.4892578125,-0.1220703125,-0.76904296875,0.09765625,-0.78125,-0.28076171875,-0.62255859375,-0.0732421875,-0.1220703125,0.0732421875,4.1015625,0,7.0068359375,-0.32958984375,2.9296875,-0.13427734375,5.7861328125,-0.13427734375,0.3662109375,-0.09765625,0,-0.06103515625,0.0244140625,-0.0732421875,0.15869140625,0.06103515625,0.0244140625,-0.06103515625,0.8544921875,-0.0732421875,-0.50048828125,-0.10986328125,-0.52490234375
0,-0.18310546875,-0.37841796875,0.01220703125,-0.32958984375,0.30517578125,-0.390625,-0.0244140625,-0.048828125,0.08544921875,-0.0244140625,-0.1220703125,-0.9033203125,-0.48828125,1.06201171875,0.03662109375,-0.146484375,-0.1708984375,-0.537109375,0.048828125,-0.146484375,0.09765625,0.84228515625,0.1220703125,-0.62255859375,0.2197265625,0.30517578125,0.1953125,-0.048828125,0.10986328125,1.59912109375,0.1220703125,0.9033203125,0.20751953125,-0.146484375,0,-0.87890625,0.09765625,-0.37841796875,0.29296875,-0.78125,-0.15869140625,-0.2197265625,-0.0244140625,-0.634765625,-0.13427734375,-0.40283203125,-0.5126953125,0.68359375,0.06103515625,1.18408203125,0.68359375,0.40283203125,-0.244140625,-0.23193359375,0,0.6591796875,-0.23193359375,1.85546875,-0.08544921875,1.20849609375,0.03662109375,2.44140625,0.3173828125,1.50146484375,-0.048828125,0.1220703125,-0.2685546875,0.9765625,-0.01220703125,0.23193359375,-0.18310546875,0.1220703125,-0.23193359375,0.18310546875,0.244140625,0.89111328125,0.37841796875,0,0.01220703125,1.28173828125,0.08544921875,-0.93994140625,0.048828125,-0.40283203125,0.1953125,-0.96435546875,-0.03662109375,-0.78125,-0.146484375,-1.9775390625,-0.244140625,-0.8056640625,-0.1708984375,-0.6591796875,-0.1953125,-1.513671875,-0.09765625,-0.74462890625,0.06103515625,-0.76904296875,-0.28076171875,-0.59814453125,-0.03662109375,-0.1220703125,0.03662109375,3.4423828125,0.03662109375,5.87158203125,-0.30517578125,2.38037109375,-0.1220703125,5.04150390625,-0.10986328125,0.3662109375,-0.08544921875,0.0244140625,-0.0732421875,0.0244140625,-0.09765625,0.18310546875,0.048828125,0.08544921875,-0.048828125,0.86669921875,-0.0732421875,-0.5126953125,-0.0732421875,-0.54931640625
0,-0.1708984375,-0.390625,0.01220703125,-0.341796875,0.28076171875,-0.37841796875,-0.0244140625,-0.06103515625,0.0732421875,-0.0244140625,-0.146484375,-0.89111328125,-0.30517578125,1.08642578125,0,-0.146484375,-0.15869140625,-0.5615234375,-0.0244140625,-0.13427734375,0.0732421875,0.8544921875,0.08544921875,-0.62255859375,0.20751953125,0.390625,0.09765625,0.29296875,0.20751953125,1.6845703125,0.0244140625,0.98876953125,0.10986328125,-0.06103515625,0.15869140625,-0.86669921875,0.08544921875,-0.37841796875,0.37841796875,-0.78125,-0.1220703125,-0.1953125,-0.048828125,-0.634765625,-0.15869140625,-0.40283203125,-0.37841796875,0.67138671875,0.1220703125,1.20849609375,0.732421875,0.4150390625,-0.2685546875,-0.2197265625,-0.06103515625,0.67138671875,-0.30517578125,1.62353515625,-0.0244140625,1.0498046875,0.10986328125,1.98974609375,0.390625,1.25732421875,-0.01220703125,0.1220703125,-0.2197265625,1.01318359375,-0.01220703125,0.23193359375,-0.1220703125,0.1220703125,-0.20751953125,0.2197265625,0.28076171875,0.93994140625,0.3662109375,-0.01220703125,-0.03662109375,1.28173828125,0.01220703125,-0.96435546875,0.08544921875,-0.390625,0.15869140625,-0.9765625,-0.08544921875,-0.76904296875,-0.06103515625,-1.94091796875,-0.244140625,-0.84228515625,-0.1953125,-0.6103515625,-0.146484375,-1.4892578125,-0.09765625,-0.732421875,-0.03662109375,-0.74462890625,-0.28076171875,-0.5859375,0.01220703125,-0.13427734375,-0.01220703125,2.69775390625,0.1708984375,4.62646484375,-0.2685546875,1.79443359375,-0.15869140625,4.2724609375,-0.10986328125,0.35400390625,-0.09765625,0.0244140625,-0.06103515625,0.01220703125,-0.09765625,0.1708984375,0.048828125,0.1708984375,-0.048828125,0.8544921875,-0.08544921875,-0.537109375,-0.06103515625,-0.5126953125
0,-0.13427734375,-0.390625,0,-0.37841796875,0.2685546875,-0.40283203125,-0.03662109375,-0.09765625,0.08544921875,-0.0244140625,-0.15869140625,-0.87890625,-0.10986328125,1.06201171875,0.01220703125,-0.18310546875,-0.146484375,-0.54931640625,-0.0732421875,-0.13427734375,0,0.87890625,0.08544921875,-0.62255859375,0.15869140625,0.59814453125,0.06103515625,0.8056640625,0.20751953125,1.96533203125,-0.10986328125,1.220703125,-0.0244140625,0.0244140625,0.28076171875,-0.8544921875,0.0732421875,-0.40283203125,0.439453125,-0.79345703125,-0.0732421875,-0.1953125,-0.06103515625,-0.62255859375,-0.18310546875,-0.40283203125,-0.30517578125,0.64697265625,0.1953125,1.1962890625,0.72021484375,0.42724609375,-0.32958984375,-0.1953125,-0.13427734375,0.7080078125,-0.390625,1.3671875,-0.0244140625,0.8544921875,0.15869140625,1.45263671875,0.45166015625,0.9765625,-0.03662109375,0.146484375,-0.146484375,1.03759765625,-0.048828125,0.2685546875,-0.10986328125,0.15869140625,-0.15869140625,0.23193359375,0.28076171875,0.9765625,0.30517578125,0.0244140625,-0.0732421875,1.30615234375,-0.0732421875,-0.96435546875,0.10986328125,-0.390625,0.1220703125,-1.0009765625,-0.1708984375,-0.78125,-0.1220703125,-1.81884765625,-0.341796875,-0.74462890625,-0.32958984375,-0.47607421875,-0.20751953125,-1.35498046875,-0.1220703125,-0.732421875,-0.1220703125,-0.74462890625,-0.2685546875,-0.5859375,0,-0.1220703125,-0.01220703125,1.953125,0.2197265625,3.33251953125,-0.20751953125,1.20849609375,-0.18310546875,3.45458984375,-0.1220703125,0.3662109375,-0.08544921875,0.0244140625,-0.0732421875,0,-0.09765625,0.15869140625,0.01220703125,0.25634765625,-0.048828125,0.84228515625,-0.13427734375,-0.54931640625,-0.0244140625,-0.5126953125
0,-0.1220703125,-0.390625,0.0244140625,-0.390625,0.29296875,-0.42724609375,-0.06103515625,-0.10986328125,0.10986328125,-0.01220703125,-0.18310546875,-0.89111328125,0.048828125,1.07421875,0.06103515625,-0.1708984375,-0.146484375,-0.5859375,-0.09765625,-0.13427734375,-0.03662109375,0.89111328125,0.1220703125,-0.634765625,0.09765625,0.93994140625,0.0732421875,1.46484375,0.18310546875,2.40478515625,-0.25634765625,1.611328125,-0.08544921875,0.0732421875,0.3662109375,-0.87890625,0.0732421875,-0.4150390625,0.4638671875,-0.8056640625,-0.0732421875,-0.1953125,-0.1953125,-0.6591796875,-0.1953125,-0.4150390625,-0.30517578125,0.634765625,0.25634765625,1.15966796875,0.72021484375,0.4638671875,-0.341796875,-0.1953125,-0.18310546875,0.69580078125,-0.390625,1.11083984375,0.03662109375,0.64697265625,0.23193359375,0.9765625,0.45166015625,0.732421875,-0.01220703125,0.18310546875,-0.0244140625,1.0498046875,-0.048828125,0.28076171875,-0.0244140625,0.1708984375,-0.048828125,0.244140625,0.29296875,0.9765625,0.2197265625,0.0244140625,-0.0732421875,1.30615234375,-0.08544921875,-0.96435546875,0.13427734375,-0.3662109375,0.03662109375,-0.98876953125,-0.18310546875,-0.79345703125,-0.10986328125,-1.6357421875,-0.35400390625,-0.537109375,-0.37841796875,-0.28076171875,-0.1953125,-1.13525390625,-0.09765625,-0.72021484375,-0.2685546875,-0.74462890625,-0.244140625,-0.5859375,0,-0.146484375,-0.0244140625,1.1962890625,0.28076171875,2.05078125,-0.146484375,0.59814453125,-0.1708984375,2.63671875,-0.1220703125,0.3662109375,-0.09765625,0.0244140625,-0.0732421875,-0.01220703125,-0.10986328125,0.1953125,0,0.32958984375,-0.06103515625,0.79345703125,-0.10986328125,-0.54931640625,-0.03662109375,-0.48828125
0,-0.08544921875,-0.390625,0.048828125,-0.390625,0.30517578125,-0.4150390625,-0.06103515625,-0.09765625,0.09765625,0.01220703125,-0.2197265625,-0.86669921875,0.146484375,1.0986328125,0.09765625,-0.146484375,-0.1708984375,-0.5859375,-0.10986328125,-0.13427734375,-0.03662109375,0.87890625,0.10986328125,-0.62255859375,0.01220703125,1.4404296875,-0.0244140625,2.30712890625,0.09765625,3.0029296875,-0.35400390625,2.13623046875,-0.1708984375,0.13427734375,0.390625,-0.87890625,0.10986328125,-0.42724609375,0.47607421875,-0.81787109375,-0.0732421875,-0.23193359375,-0.2197265625,-0.67138671875,-0.1708984375,-0.4150390625,-0.35400390625,0.59814453125,0.3173828125,1.13525390625,0.7080078125,0.50048828125,-0.35400390625,-0.13427734375,-0.2197265625,0.72021484375,-0.40283203125,0.91552734375,0.048828125,0.50048828125,0.244140625,0.59814453125,0.4638671875,0.57373046875,-0.06103515625,0.2197265625,0.03662109375,1.07421875,-0.0732421875,0.32958984375,0.01220703125,0.2197265625,0.03662109375,0.2685546875,0.29296875,0.9765625,0.13427734375,0.01220703125,-0.1220703125,1.318359375,-0.09765625,-0.9521484375,0.146484375,-0.390625,-0.048828125,-1.0009765625,-0.1708984375,-0.8056640625,-0.01220703125,-1.3916015625,-0.2685546875,-0.25634765625,-0.341796875,-0.0244140625,-0.09765625,-0.86669921875,-0.08544921875,-0.72021484375,-0.3662109375,-0.732421875,-0.2197265625,-0.59814453125,0,-0.13427734375,-0.0244140625,0.50048828125,0.25634765625,0.8544921875,-0.08544921875,0.03662109375,-0.146484375,1.86767578125,-0.1220703125,0.37841796875,-0.10986328125,0.03662109375,-0.06103515625,-0.03662109375,-0.10986328125,0.1953125,-0.01220703125,0.4150390625,-0.0732421875,0.76904296875,-0.10986328125,-0.537109375,-0.0244140625,-0.5126953125
0,-0.09765625,-0.37841796875,0.048828125,-0.3662109375,0.3173828125,-0.439453125,-0.08544921875,-0.08544921875,0.146484375,0.01220703125,-0.2685546875,-0.8544921875,0.23193359375,1.0986328125,0.10986328125,-0.13427734375,-0.18310546875,-0.59814453125,-0.0732421875,-0.13427734375,-0.048828125,0.9033203125,0.10986328125,-0.62255859375,-0.1220703125,2.03857421875,-0.10986328125,3.2958984375,-0.09765625,3.7841796875,-0.42724609375,2.83203125,-0.1220703125,0.15869140625,0.390625,-0.89111328125,0.13427734375,-0.45166015625,0.390625,-0.81787109375,-0.09765625,-0.244140625,-0.244140625,-0.69580078125,-0.1220703125,-0.42724609375,-0.42724609375,0.5859375,0.341796875,1.0986328125,0.67138671875,0.52490234375,-0.35400390625,-0.1220703125,-0.244140625,0.72021484375,-0.390625,0.81787109375,0.06103515625,0.439453125,0.2685546875,0.4150390625,0.48828125,0.48828125,-0.13427734375,0.2685546875,0.1220703125,1.08642578125,-0.09765625,0.35400390625,0.06103515625,0.23193359375,0.13427734375,0.2685546875,0.28076171875,0.96435546875,0.10986328125,0,-0.13427734375,1.30615234375,-0.06103515625,-0.9521484375,0.15869140625,-0.4150390625,-0.1220703125,-0.9765625,-0.1220703125,-0.81787109375,-0.06103515625,-1.15966796875,-0.25634765625,0.06103515625,-0.32958984375,0.2197265625,-0.146484375,-0.6103515625,-0.03662109375,-0.72021484375,-0.40283203125,-0.74462890625,-0.146484375,-0.634765625,-0.06103515625,-0.13427734375,0,-0.15869140625,0.20751953125,-0.23193359375,-0.0732421875,-0.50048828125,-0.1220703125,1.1474609375,-0.1220703125,0.3662109375,-0.08544921875,0.03662109375,-0.06103515625,-0.0732421875,-0.13427734375,0.23193359375,-0.0244140625,0.47607421875,-0.10986328125,0.74462890625,-0.09765625,-0.5126953125,-0.03662109375,-0.50048828125
0,-0.10986328125,-0.37841796875,0.0732421875,-0.35400390625,0.29296875,-0.45166015625,-0.10986328125,-0.06103515625,0.1708984375,0,-0.29296875,-0.87890625,0.2685546875,1.08642578125,0.0732421875,-0.13427734375,-0.1708984375,-0.6103515625,-0.03662109375,-0.13427734375,0,0.87890625,0.1220703125,-0.62255859375,-0.18310546875,2.734375,-0.08544921875,4.38232421875,-0.25634765625,4.65087890625,-0.42724609375,3.564453125,-0.03662109375,0.23193359375,0.37841796875,-0.9033203125,0.15869140625,-0.439453125,0.244140625,-0.8056640625,-0.09765625,-0.2197265625,-0.2685546875,-0.72021484375,-0.09765625,-0.42724609375,-0.5126953125,0.59814453125,0.32958984375,1.08642578125,0.62255859375,0.5126953125,-0.35400390625,-0.146484375,-0.23193359375,0.732421875,-0.341796875,0.84228515625,0.048828125,0.4150390625,0.244140625,0.42724609375,0.47607421875,0.5126953125,-0.1220703125,0.32958984375,0.1708984375,1.11083984375,-0.03662109375,0.3662109375,0.13427734375,0.2685546875,0.20751953125,0.28076171875,0.20751953125,0.93994140625,0.03662109375,0,-0.13427734375,1.30615234375,-0.0244140625,-0.96435546875,0.15869140625,-0.42724609375,-0.20751953125,-0.98876953125,-0.06103515625,-0.830078125,-0.08544921875,-0.9521484375,-0.1708984375,0.3173828125,-0.2685546875,0.42724609375,-0.13427734375,-0.37841796875,-0.0244140625,-0.72021484375,-0.40283203125,-0.74462890625,-0.1220703125,-0.6591796875,-0.08544921875,-0.10986328125,-0.01220703125,-0.732421875,0.146484375,-1.171875,-0.048828125,-0.93994140625,-0.1220703125,0.537109375,-0.09765625,0.37841796875,-0.09765625,0.048828125,-0.08544921875,-0.048828125,-0.08544921875,0.1953125,0,0.5126953125,-0.10986328125,0.7568359375,-0.08544921875,-0.5126953125,-0.01220703125,-0.537109375
0,-0.1220703125,-0.3662109375,0.08544921875,-0.341796875,0.29296875,-0.42724609375,-0.13427734375,-0.03662109375,0.1953125,-0.01220703125,-0.28076171875,-0.87890625,0.244140625,1.08642578125,0.0732421875,-0.1220703125,-0.15869140625,-0.59814453125,0.0244140625,-0.13427734375,0.06103515625,0.89111328125,0.06103515625,-0.62255859375,-0.23193359375,3.45458984375,0,5.48095703125,-0.390625,5.5419921875,-0.341796875,4.33349609375,0.06103515625,0.244140625,0.341796875,-0.9033203125,0.18310546875,-0.439453125,0.13427734375,-0.79345703125,-0.13427734375,-0.2197265625,-0.1708984375,-0.72021484375,-0.0732421875,-0.4150390625,-0.5859375,0.6103515625,0.29296875,1.0986328125,0.537109375,0.48828125,-0.341796875,-0.146484375,-0.15869140625,0.72021484375,-0.341796875,0.9765625,0.01220703125,0.54931640625,0.23193359375,0.72021484375,0.45166015625,0.67138671875,-0.1220703125,0.37841796875,0.1708984375,1.123046875,-0.0244140625,0.37841796875,0.13427734375,0.2685546875,0.2197265625,0.28076171875,0.146484375,0.89111328125,0.01220703125,0,-0.10986328125,1.318359375,0.0244140625,-0.9765625,0.1708984375,-0.439453125,-0.23193359375,-0.98876953125,0,-0.84228515625,-0.0244140625,-0.81787109375,-0.09765625,0.48828125,-0.1708984375,0.5615234375,-0.15869140625,-0.20751953125,0.0244140625,-0.732421875,-0.3662109375,-0.74462890625,-0.0732421875,-0.6591796875,-0.13427734375,-0.13427734375,0,-1.1962890625,0.09765625,-1.8798828125,-0.03662109375,-1.3427734375,-0.1220703125,0.01220703125,-0.09765625,0.37841796875,-0.08544921875,0.048828125,-0.0732421875,-0.0732421875,-0.08544921875,0.2197265625,0,0.52490234375,-0.13427734375,0.732421875,-0.09765625,-0.50048828125,-0.01220703125,-0.537109375
0,-0.146484375,-0.3662109375,0.08544921875,-0.341796875,0.30517578125,-0.42724609375,-0.13427734375,-0.03662109375,0.20751953125,-0.0244140625,-0.25634765625,-0.87890625,0.244140625,1.0986328125,0.06103515625,-0.10986328125,-0.15869140625,-0.57373046875,0.06103515625,-0.13427734375,0.09765625,0.86669921875,0.048828125,-0.6103515625,-0.23193359375,4.11376953125,0,6.494140625,-0.42724609375,6.34765625,-0.244140625,5.029296875,0.18310546875,0.2685546875,0.29296875,-0.91552734375,0.15869140625,-0.4150390625,0.06103515625,-0.79345703125,-0.1953125,-0.244140625,-0.1220703125,-0.74462890625,-0.09765625,-0.40283203125,-0.6591796875,0.6103515625,0.23193359375,1.123046875,0.50048828125,0.45166015625,-0.30517578125,-0.1708984375,-0.10986328125,0.69580078125,-0.25634765625,1.23291015625,-0.0244140625,0.7568359375,0.146484375,1.25732421875,0.439453125,0.927734375,-0.08544921875,0.42724609375,0.1953125,1.11083984375,0,0.341796875,0.13427734375,0.28076171875,0.20751953125,0.25634765625,0.0732421875,0.830078125,-0.01220703125,-0.01220703125,-0.08544921875,1.2939453125,0.08544921875,-0.96435546875,0.15869140625,-0.439453125,-0.23193359375,-1.0009765625,0,-0.830078125,-0.03662109375,-0.79345703125,-0.0244140625,0.537109375,-0.09765625,0.64697265625,-0.1708984375,-0.13427734375,-0.01220703125,-0.74462890625,-0.2685546875,-0.74462890625,-0.048828125,-0.6591796875,-0.146484375,-0.1220703125,-0.0244140625,-1.5625,0.09765625,-2.40478515625,-0.06103515625,-1.64794921875,-0.146484375,-0.37841796875,-0.0732421875,0.3662109375,-0.09765625,0.048828125,-0.0732421875,-0.048828125,-0.0732421875,0.2197265625,0.01220703125,0.50048828125,-0.1220703125,0.74462890625,-0.08544921875,-0.5126953125,-0.01220703125,-0.57373046875
0,-0.13427734375,-0.35400390625,0.09765625,-0.341796875,0.29296875,-0.40283203125,-0.15869140625,-0.03662109375,0.20751953125,-0.0244140625,-0.20751953125,-0.87890625,0.18310546875,1.08642578125,0.06103515625,-0.10986328125,-0.146484375,-0.59814453125,0.08544921875,-0.15869140625,0.1220703125,0.8544921875,0.03662109375,-0.5859375,-0.25634765625,4.67529296875,0.0244140625,7.32421875,-0.47607421875,7.0068359375,-0.18310546875,5.57861328125,0.23193359375,0.2685546875,0.23193359375,-0.91552734375,0.09765625,-0.42724609375,0.048828125,-0.8056640625,-0.2685546875,-0.244140625,-0.01220703125,-0.74462890625,-0.146484375,-0.390625,-0.68359375,0.6103515625,0.15869140625,1.15966796875,0.4150390625,0.4150390625,-0.20751953125,-0.1708984375,-0.0732421875,0.7080078125,-0.18310546875,1.611328125,-0.06103515625,1.08642578125,0.0732421875,1.98974609375,0.37841796875,1.318359375,0,0.45166015625,0.25634765625,1.0986328125,0.08544921875,0.32958984375,0.1220703125,0.29296875,0.15869140625,0.23193359375,0.0244140625,0.78125,-0.0244140625,-0.0244140625,-0.06103515625,1.2939453125,0.10986328125,-0.98876953125,0.15869140625,-0.439453125,-0.2197265625,-1.0009765625,0.0244140625,-0.84228515625,0,-0.830078125,0.06103515625,0.47607421875,-0.0244140625,0.62255859375,-0.15869140625,-0.1220703125,-0.03662109375,-0.74462890625,-0.1953125,-0.7568359375,-0.06103515625,-0.64697265625,-0.13427734375,-0.13427734375,-0.0732421875,-1.806640625,-0.01220703125,-2.7099609375,-0.1220703125,-1.81884765625,-0.18310546875,-0.64697265625,-0.06103515625,0.3662109375,-0.0732421875,0.048828125,-0.06103515625,-0.06103515625,-0.048828125,0.20751953125,0.03662109375,0.4638671875,-0.1220703125,0.74462890625,-0.09765625,-0.47607421875,0.01220703125,-0.5615234375
0,-0.13427734375,-0.35400390625,0.1220703125,-0.35400390625,0.2685546875,-0.40283203125,-0.15869140625,-0.048828125,0.20751953125,-0.03662109375,-0.1708984375,-0.87890625,0.1220703125,1.07421875,0.03662109375,-0.15869140625,-0.13427734375,-0.57373046875,0.09765625,-0.1708984375,0.13427734375,0.87890625,0.0244140625,-0.59814453125,-0.25634765625,5.06591796875,0.08544921875,7.9345703125,-0.439453125,7.45849609375,-0.146484375,5.96923828125,0.25634765625,0.28076171875,0.18310546875,-0.927734375,0.03662109375,-0.4150390625,0.01220703125,-0.81787109375,-0.29296875,-0.244140625,0.08544921875,-0.74462890625,-0.20751953125,-0.37841796875,-0.69580078125,0.6103515625,0.08544921875,1.171875,0.45166015625,0.4150390625,-0.13427734375,-0.1953125,-0.0244140625,0.69580078125,-0.18310546875,2.08740234375,-0.1220703125,1.46484375,0.03662109375,2.89306640625,0.32958984375,1.79443359375,0.0244140625,0.45166015625,0.2685546875,1.0986328125,0.13427734375,0.3173828125,0.048828125,0.30517578125,0.1220703125,0.20751953125,-0.03662109375,0.7568359375,-0.01220703125,-0.0244140625,-0.03662109375,1.28173828125,0.13427734375,-0.9765625,0.146484375,-0.4150390625,-0.1708984375,-1.0009765625,-0.048828125,-0.830078125,0.0244140625,-0.927734375,0.0732421875,0.3173828125,0.048828125,0.537109375,-0.146484375,-0.2197265625,-0.0732421875,-0.7568359375,-0.13427734375,-0.76904296875,-0.048828125,-0.62255859375,-0.1220703125,-0.146484375,-0.13427734375,-1.904296875,-0.15869140625,-2.86865234375,-0.20751953125,-1.8798828125,-0.1953125,-0.74462890625,-0.048828125,0.3662109375,-0.0732421875,0.03662109375,-0.08544921875,-0.0732421875,-0.03662109375,0.20751953125,0.0244140625,0.40283203125,-0.146484375,0.7568359375,-0.10986328125,-0.50048828125,0,-0.57373046875
0,-0.15869140625,-0.35400390625,0.146484375,-0.3662109375,0.25634765625,-0.37841796875,-0.18310546875,-0.048828125,0.18310546875,-0.0244140625,-0.1220703125,-0.9033203125,0.08544921875,1.06201171875,-0.0244140625,-0.146484375,-0.08544921875,-0.5615234375,0.08544921875,-0.15869140625,0.09765625,0.86669921875,0.0244140625,-0.59814453125,-0.2197265625,5.2734375,0.1708984375,8.26416015625,-0.341796875,7.67822265625,-0.1708984375,6.15234375,0.1953125,0.2685546875,0.15869140625,-0.93994140625,0,-0.439453125,-0.0244140625,-0.81787109375,-0.29296875,-0.2197265625,0.03662109375,-0.7080078125,-0.2685546875,-0.3662109375,-0.64697265625,0.62255859375,0.0732421875,1.1962890625,0.4150390625,0.4150390625,-0.0732421875,-0.1953125,0.0244140625,0.68359375,-0.1220703125,2.62451171875,-0.09765625,1.85546875,-0.06103515625,3.84521484375,0.25634765625,2.33154296875,0.10986328125,0.439453125,0.20751953125,1.08642578125,0.146484375,0.29296875,-0.01220703125,0.29296875,0.146484375,0.1953125,-0.06103515625,0.78125,0.06103515625,-0.01220703125,-0.048828125,1.28173828125,0.13427734375,-1.01318359375,0.1220703125,-0.4150390625,-0.13427734375,-1.01318359375,-0.09765625,-0.84228515625,0.048828125,-1.08642578125,0.06103515625,0.06103515625,0.10986328125,0.390625,-0.10986328125,-0.37841796875,-0.10986328125,-0.74462890625,-0.0732421875,-0.7568359375,-0.0732421875,-0.6103515625,-0.0732421875,-0.13427734375,-0.1220703125,-1.904296875,-0.15869140625,-2.81982421875,-0.25634765625,-1.8798828125,-0.1708984375,-0.74462890625,-0.048828125,0.3662109375,-0.0732421875,0.03662109375,-0.0732421875,-0.0732421875,-0.0244140625,0.18310546875,0,0.3662109375,-0.13427734375,0.81787109375,-0.09765625,-0.50048828125,-0.01220703125,-0.57373046875
1,-0.18310546875,-0.35400390625,0.13427734375,-0.37841796875,0.2197265625,-0.390625,-0.1953125,-0.0732421875,0.20751953125,-0.03662109375,-0.08544921875,-0.9033203125,0.03662109375,1.06201171875,-0.048828125,-0.15869140625,-0.03662109375,-0.57373046875,0.06103515625,-0.1708984375,0.06103515625,0.8544921875,0.03662109375,-0.59814453125,-0.10986328125,5.2734375,0.25634765625,8.31298828125,-0.18310546875,7.6416015625,-0.146484375,6.14013671875,0.09765625,0.25634765625,0.146484375,-0.927734375,-0.03662109375,-0.439453125,0,-0.8056640625,-0.25634765625,-0.2197265625,0.0732421875,-0.7080078125,-0.30517578125,-0.3662109375,-0.59814453125,0.6103515625,0.0244140625,1.1962890625,0.341796875,0.42724609375,-0.048828125,-0.1953125,0.0732421875,0.69580078125,-0.1708984375,3.13720703125,-0.15869140625,2.24609375,-0.1220703125,4.7607421875,0.1953125,2.81982421875,0.15869140625,0.42724609375,0.146484375,1.06201171875,0.1708984375,0.28076171875,-0.06103515625,0.29296875,0.1220703125,0.1708984375,-0.09765625,0.8056640625,0.08544921875,0,-0.0732421875,1.28173828125,0.08544921875,-0.98876953125,0.06103515625,-0.37841796875,-0.06103515625,-1.0009765625,-0.13427734375,-0.81787109375,0.08544921875,-1.23291015625,0.03662109375,-0.1708984375,0.15869140625,0.244140625,-0.0244140625,-0.537109375,-0.08544921875,-0.732421875,-0.048828125,-0.76904296875,-0.08544921875,-0.5859375,-0.01220703125,-0.146484375,-0.09765625,-1.81884765625,-0.15869140625,-2.69775390625,-0.29296875,-1.806640625,-0.146484375,-0.62255859375,-0.0244140625,0.35400390625,-0.03662109375,0.03662109375,-0.0732421875,-0.048828125,0,0.18310546875,-0.01220703125,0.28076171875,-0.13427734375,0.8056640625,-0.09765625,-0.50048828125,-0.0244140625,-0.5615234375
1,-0.20751953125,-0.3662109375,0.10986328125,-0.37841796875,0.1953125,-0.37841796875,-0.1953125,-0.0732421875,0.25634765625,-0.01220703125,-0.09765625,-0.9033203125,0.01220703125,1.0498046875,-0.06103515625,-0.1708984375,-0.048828125,-0.5859375,0.0244140625,-0.15869140625,0,0.8544921875,0.048828125,-0.6103515625,-0.048828125,5.078125,0.18310546875,8.11767578125,-0.08544921875,7.43408203125,-0.1708984375,5.94482421875,0,0.23193359375,0.15869140625,-0.927734375,-0.01220703125,-0.439453125,0.01220703125,-0.79345703125,-0.18310546875,-0.2197265625,0.09765625,-0.68359375,-0.29296875,-0.35400390625,-0.5126953125,0.6103515625,0,1.171875,0.3173828125,0.439453125,-0.0732421875,-0.18310546875,0.1953125,0.69580078125,-0.23193359375,3.60107421875,-0.10986328125,2.587890625,-0.1220703125,5.60302734375,0.13427734375,3.30810546875,0.1953125,0.390625,0.0732421875,1.0986328125,0.15869140625,0.2685546875,-0.09765625,0.2685546875,0.048828125,0.18310546875,-0.09765625,0.8056640625,0.20751953125,0.0244140625,-0.10986328125,1.28173828125,0.03662109375,-0.98876953125,0.0244140625,-0.37841796875,-0.048828125,-1.01318359375,-0.146484375,-0.8056640625,0.15869140625,-1.35498046875,-0.01220703125,-0.3662109375,0.2197265625,0.09765625,0.0244140625,-0.67138671875,-0.0732421875,-0.7568359375,-0.01220703125,-0.76904296875,-0.09765625,-0.5859375,0.048828125,-0.13427734375,-0.08544921875,-1.6357421875,-0.146484375,-2.4658203125,-0.29296875,-1.67236328125,-0.1708984375,-0.47607421875,-0.0244140625,0.3662109375,-0.01220703125,0.03662109375,-0.06103515625,-0.048828125,-0.03662109375,0.1708984375,-0.0244140625,0.2197265625,-0.1220703125,0.8056640625,-0.10986328125,-0.52490234375,-0.0244140625,-0.57373046875
1,-0.1708984375,-0.37841796875,0.1220703125,-0.37841796875,0.18310546875,-0.390625,-0.1953125,-0.08544921875,0.29296875,-0.0244140625,-0.08544921875,-0.87890625,-0.048828125,1.06201171875,-0.048828125,-0.146484375,-0.06103515625,-0.5859375,-0.01220703125,-0.15869140625,-0.03662109375,0.87890625,0.0732421875,-0.62255859375,0.01220703125,4.79736328125,0.1708984375,7.72705078125,0,7.11669921875,-0.1708984375,5.62744140625,-0.06103515625,0.20751953125,0.20751953125,-0.927734375,0.03662109375,-0.4150390625,0.03662109375,-0.8056640625,-0.0732421875,-0.20751953125,0.1220703125,-0.68359375,-0.244140625,-0.3662109375,-0.48828125,0.62255859375,-0.01220703125,1.171875,0.32958984375,0.45166015625,-0.048828125,-0.15869140625,0.3173828125,0.69580078125,-0.2685546875,4.00390625,-0.1220703125,2.86865234375,-0.146484375,6.25,0.048828125,3.67431640625,0.25634765625,0.341796875,0,1.0986328125,0.1220703125,0.244140625,-0.1220703125,0.25634765625,-0.0244140625,0.1953125,-0.1220703125,0.8544921875,0.23193359375,0.01220703125,-0.1220703125,1.30615234375,0,-1.01318359375,-0.048828125,-0.341796875,-0.0244140625,-0.9765625,-0.09765625,-0.8056640625,0.2197265625,-1.416015625,-0.03662109375,-0.4638671875,0.23193359375,-0.01220703125,0.08544921875,-0.79345703125,-0.0244140625,-0.74462890625,0.0244140625,-0.76904296875,-0.06103515625,-0.57373046875,0.08544921875,-0.146484375,-0.048828125,-1.4404296875,-0.08544921875,-2.23388671875,-0.29296875,-1.4892578125,-0.15869140625,-0.244140625,0.0244140625,0.3662109375,-0.01220703125,0.01220703125,-0.0732421875,-0.01220703125,-0.048828125,0.1708984375,-0.0244140625,0.18310546875,-0.13427734375,0.8056640625,-0.08544921875,-0.5126953125,-0.0244140625,-0.54931640625
1,-0.18310546875,-0.37841796875,0.15869140625,-0.37841796875,0.1708984375,-0.4150390625,-0.1953125,-0.09765625,0.3173828125,-0.0244140625,-0.08544921875,-0.87890625,-0.13427734375,1.03759765625,0.0244140625,-0.15869140625,-0.13427734375,-0.59814453125,-0.01220703125,-0.15869140625,0,0.87890625,0.06103515625,-0.6103515625,0.06103515625,4.443359375,0.1708984375,7.18994140625,0.048828125,6.70166015625,-0.146484375,5.26123046875,-0.1220703125,0.146484375,0.2197265625,-0.927734375,0.09765625,-0.4150390625,0.0244140625,-0.8056640625,0.10986328125,-0.20751953125,0.13427734375,-0.68359375,-0.13427734375,-0.40283203125,-0.4638671875,0.62255859375,-0.01220703125,1.13525390625,0.341796875,0.47607421875,0.048828125,-0.15869140625,0.47607421875,0.69580078125,-0.30517578125,4.28466796875,-0.146484375,3.0517578125,-0.1953125,6.67724609375,-0.048828125,3.91845703125,0.244140625,0.28076171875,-0.01220703125,1.08642578125,0.0732421875,0.25634765625,-0.146484375,0.244140625,-0.09765625,0.20751953125,-0.10986328125,0.89111328125,0.2197265625,0.01220703125,-0.09765625,1.2939453125,-0.01220703125,-1.01318359375,-0.1220703125,-0.3662109375,-0.01220703125,-1.0009765625,-0.048828125,-0.78125,0.2197265625,-1.42822265625,-0.15869140625,-0.439453125,0.244140625,-0.048828125,0.06103515625,-0.8544921875,0.06103515625,-0.72021484375,0.0244140625,-0.76904296875,-0.0244140625,-0.57373046875,0.09765625,-0.15869140625,0,-1.2451171875,-0.01220703125,-2.001953125,-0.25634765625,-1.318359375,-0.1708984375,-0.0244140625,0.06103515625,0.35400390625,-0.01220703125,0.0244140625,-0.08544921875,-0.0244140625,-0.06103515625,0.1708984375,0,0.146484375,-0.13427734375,0.79345703125,-0.08544921875,-0.5126953125,-0.0244140625,-0.52490234375
1,-0.18310546875,-0.37841796875,0.1708984375,-0.390625,0.18310546875,-0.4150390625,-0.20751953125,-0.1220703125,0.341796875,-0.0244140625,-0.0732421875,-0.86669921875,-0.2685546875,1.06201171875,0.09765625,-0.146484375,-0.2197265625,-0.5859375,-0.0244140625,-0.146484375,0,0.86669921875,0.03662109375,-0.62255859375,0.048828125,4.0771484375,0.15869140625,6.60400390625,0,6.298828125,-0.09765625,4.9072265625,-0.08544921875,0.1220703125,0.244140625,-0.91552734375,0.18310546875,-0.4150390625,0.048828125,-0.79345703125,0.1953125,-0.1953125,0.09765625,-0.68359375,-0.048828125,-0.390625,-0.48828125,0.59814453125,-0.048828125,1.11083984375,0.32958984375,0.48828125,0.0732421875,-0.15869140625,0.5859375,0.7080078125,-0.37841796875,4.4189453125,-0.1220703125,3.11279296875,-0.1953125,6.8603515625,-0.08544921875,4.0283203125,0.32958984375,0.23193359375,-0.06103515625,1.07421875,0.01220703125,0.244140625,-0.15869140625,0.23193359375,-0.18310546875,0.23193359375,-0.09765625,0.87890625,0.244140625,0.01220703125,-0.03662109375,1.2939453125,-0.01220703125,-1.0009765625,-0.15869140625,-0.35400390625,0,-0.9765625,-0.01220703125,-0.78125,0.28076171875,-1.416015625,-0.1708984375,-0.35400390625,0.29296875,-0.03662109375,0.06103515625,-0.86669921875,0.0732421875,-0.732421875,0.06103515625,-0.7568359375,-0.01220703125,-0.62255859375,0.0732421875,-0.146484375,0.06103515625,-1.08642578125,0.048828125,-1.79443359375,-0.2685546875,-1.171875,-0.15869140625,0.1708984375,0.06103515625,0.35400390625,0.01220703125,0.03662109375,-0.0732421875,-0.03662109375,-0.0732421875,0.1708984375,0.0244140625,0.15869140625,-0.15869140625,0.78125,-0.09765625,-0.5126953125,-0.0244140625,-0.52490234375
1,-0.18310546875,-0.390625,0.18310546875,-0.37841796875,0.18310546875,-0.42724609375,-0.1708984375,-0.10986328125,0.341796875,-0.0244140625,-0.048828125,-0.89111328125,-0.35400390625,1.06201171875,0.18310546875,-0.15869140625,-0.2685546875,-0.6103515625,-0.0244140625,-0.13427734375,0.048828125,0.86669921875,0.0244140625,-0.62255859375,0.01220703125,3.7353515625,0.15869140625,6.103515625,-0.1220703125,5.95703125,-0.06103515625,4.60205078125,-0.0244140625,0.0732421875,0.2197265625,-0.9033203125,0.2685546875,-0.42724609375,0.0244140625,-0.78125,0.20751953125,-0.20751953125,0.146484375,-0.68359375,0.048828125,-0.390625,-0.48828125,0.62255859375,0,1.11083984375,0.30517578125,0.48828125,0.0732421875,-0.146484375,0.68359375,0.7080078125,-0.4150390625,4.38232421875,-0.13427734375,3.1005859375,-0.1708984375,6.787109375,-0.0244140625,3.96728515625,0.2685546875,0.18310546875,-0.1220703125,1.0986328125,-0.06103515625,0.25634765625,-0.13427734375,0.25634765625,-0.2685546875,0.244140625,-0.09765625,0.9033203125,0.2197265625,0,0,1.2939453125,-0.0244140625,-1.01318359375,-0.1708984375,-0.3662109375,0,-0.9765625,0,-0.78125,0.20751953125,-1.3671875,-0.2197265625,-0.25634765625,0.244140625,-0.03662109375,-0.048828125,-0.8544921875,0.0732421875,-0.732421875,0.0244140625,-0.7568359375,0.03662109375,-0.59814453125,0,-0.13427734375,0.09765625,-0.93994140625,0.146484375,-1.66015625,-0.23193359375,-1.07421875,-0.146484375,0.29296875,0.06103515625,0.3662109375,0.01220703125,0.03662109375,-0.06103515625,-0.01220703125,-0.08544921875,0.1953125,0.01220703125,0.146484375,-0.18310546875,0.79345703125,-0.06103515625,-0.50048828125,-0.01220703125,-0.5126953125
1,-0.1708984375,-0.37841796875,0.20751953125,-0.390625,0.18310546875,-0.42724609375,-0.1953125,-0.1220703125,0.37841796875,-0.01220703125,-0.03662109375,-0.86669921875,-0.42724609375,1.0986328125,0.244140625,-0.15869140625,-0.29296875,-0.59814453125,-0.03662109375,-0.13427734375,0.13427734375,0.86669921875,-0.03662109375,-0.62255859375,0.0244140625,3.50341796875,0.146484375,5.6640625,-0.2197265625,5.6884765625,0,4.39453125,0.08544921875,0.03662109375,0.18310546875,-0.9033203125,0.30517578125,-0.40283203125,0.0732421875,-0.79345703125,0.18310546875,-0.25634765625,0.06103515625,-0.69580078125,0.1220703125,-0.390625,-0.50048828125,0.6103515625,-0.01220703125,1.123046875,0.2197265625,0.47607421875,0.09765625,-0.15869140625,0.78125,0.72021484375,-0.45166015625,4.2236328125,-0.1220703125,2.91748046875,-0.146484375,6.4697265625,0.06103515625,3.77197265625,0.20751953125,0.1708984375,-0.15869140625,1.08642578125,-0.1220703125,0.2685546875,-0.0732421875,0.244140625,-0.3173828125,0.25634765625,-0.0732421875,0.87890625,0.1953125,-0.01220703125,0.03662109375,1.2939453125,-0.048828125,-0.98876953125,-0.146484375,-0.35400390625,0.01220703125,-0.98876953125,-0.048828125,-0.76904296875,0.048828125,-1.318359375,-0.23193359375,-0.10986328125,0.1708984375,0.01220703125,-0.1220703125,-0.8056640625,0.03662109375,-0.732421875,0.03662109375,-0.7568359375,0.0244140625,-0.62255859375,-0.08544921875,-0.146484375,0.06103515625,-0.89111328125,0.1953125,-1.57470703125,-0.2197265625,-1.06201171875,-0.146484375,0.3662109375,0.03662109375,0.3662109375,0,0.01220703125,-0.0732421875,-0.01220703125,-0.0732421875,0.20751953125,0.0244140625,0.1708984375,-0.1708984375,0.81787109375,-0.0732421875,-0.47607421875,-0.01220703125,-0.50048828125
1,-0.18310546875,-0.37841796875,0.23193359375,-0.37841796875,0.1708984375,-0.4150390625,-0.20751953125,-0.0732421875,0.341796875,0.01220703125,-0.01220703125,-0.87890625,-0.5126953125,1.0986328125,0.25634765625,-0.15869140625,-0.29296875,-0.5859375,-0.06103515625,-0.146484375,0.18310546875,0.8544921875,-0.10986328125,-0.6103515625,-0.0244140625,3.33251953125,0.06103515625,5.33447265625,-0.32958984375,5.517578125,0,4.2236328125,0.09765625,-0.01220703125,0.20751953125,-0.91552734375,0.30517578125,-0.4150390625,0.06103515625,-0.78125,0.09765625,-0.244140625,0.0732421875,-0.69580078125,0.13427734375,-0.40283203125,-0.50048828125,0.5859375,0.01220703125,1.1474609375,0.20751953125,0.47607421875,0.048828125,-0.1953125,0.8056640625,0.69580078125,-0.4638671875,3.9306640625,-0.146484375,2.6611328125,-0.10986328125,5.9326171875,0.10986328125,3.47900390625,0.18310546875,0.13427734375,-0.2197265625,1.08642578125,-0.15869140625,0.25634765625,-0.03662109375,0.23193359375,-0.341796875,0.25634765625,-0.08544921875,0.86669921875,0.1953125,-0.048828125,0.13427734375,1.30615234375,-0.0732421875,-0.98876953125,-0.0732421875,-0.3662109375,0.01220703125,-0.98876953125,-0.09765625,-0.76904296875,0.08544921875,-1.28173828125,-0.13427734375,0.01220703125,0.1220703125,0.06103515625,-0.09765625,-0.79345703125,-0.03662109375,-0.72021484375,0.03662109375,-0.76904296875,0.03662109375,-0.634765625,-0.13427734375,-0.13427734375,0,-0.89111328125,0.18310546875,-1.5869140625,-0.20751953125,-1.07421875,-0.15869140625,0.35400390625,0.048828125,0.37841796875,-0.0244140625,0.0244140625,-0.0732421875,-0.01220703125,-0.0732421875,0.20751953125,0.01220703125,0.1708984375,-0.18310546875,0.830078125,-0.08544921875,-0.4638671875,0,-0.48828125
1,-0.1953125,-0.40283203125,0.244140625,-0.3662109375,0.13427734375,-0.439453125,-0.20751953125,-0.06103515625,0.32958984375,-0.01220703125,0.01220703125,-0.89111328125,-0.62255859375,1.07421875,0.2685546875,-0.1708984375,-0.244140625,-0.57373046875,-0.0732421875,-0.146484375,0.244140625,0.87890625,-0.15869140625,-0.5859375,-0.0732421875,3.22265625,0.01220703125,5.11474609375,-0.390625,5.419921875,-0.03662109375,4.1259765625,0.09765625,-0.01220703125,0.244140625,-0.91552734375,0.2685546875,-0.42724609375,0.06103515625,-0.79345703125,0.01220703125,-0.23193359375,0.09765625,-0.72021484375,0.10986328125,-0.40283203125,-0.50048828125,0.5859375,0.0244140625,1.171875,0.2197265625,0.45166015625,0.08544921875,-0.18310546875,0.78125,0.7080078125,-0.439453125,3.52783203125,-0.1953125,2.34375,-0.03662109375,5.23681640625,0.13427734375,3.03955078125,0.10986328125,0.146484375,-0.25634765625,1.07421875,-0.1953125,0.25634765625,-0.01220703125,0.25634765625,-0.32958984375,0.244140625,-0.08544921875,0.8544921875,0.20751953125,-0.048828125,0.1708984375,1.2939453125,-0.15869140625,-0.9521484375,0.0244140625,-0.390625,0.01220703125,-1.01318359375,-0.146484375,-0.78125,-0.0244140625,-1.2939453125,-0.13427734375,0.048828125,-0.06103515625,0.08544921875,-0.13427734375,-0.78125,-0.048828125,-0.732421875,0,-0.76904296875,0.01220703125,-0.6103515625,-0.15869140625,-0.1220703125,0.0244140625,-0.91552734375,0.20751953125,-1.62353515625,-0.1220703125,-1.11083984375,-0.10986328125,0.30517578125,0.048828125,0.3662109375,-0.0244140625,0,-0.08544921875,-0.03662109375,-0.08544921875,0.20751953125,0,0.18310546875,-0.18310546875,0.8544921875,-0.08544921875,-0.4638671875,0,-0.50048828125
1,-0.1708984375,-0.37841796875,0.2197265625,-0.341796875,0.13427734375,-0.439453125,-0.20751953125,-0.048828125,0.28076171875,-0.03662109375,0.06103515625,-0.9033203125,-0.69580078125,1.08642578125,0.23193359375,-0.13427734375,-0.2197265625,-0.54931640625,-0.0732421875,-0.13427734375,0.30517578125,0.87890625,-0.146484375,-0.57373046875,-0.13427734375,3.1982421875,-0.03662109375,4.96826171875,-0.37841796875,5.35888671875,-0.10986328125,4.08935546875,0.09765625,-0.0244140625,0.244140625,-0.91552734375,0.1953125,-0.42724609375,0.0244140625,-0.8056640625,-0.0732421875,-0.244140625,0.09765625,-0.7080078125,0.03662109375,-0.390625,-0.5126953125,0.62255859375,0,1.171875,0.2685546875,0.439453125,0.0732421875,-0.18310546875,0.79345703125,0.7080078125,-0.37841796875,3.03955078125,-0.23193359375,1.98974609375,0.0244140625,4.443359375,0.1953125,2.5390625,0.09765625,0.1708984375,-0.2197265625,1.0498046875,-0.10986328125,0.244140625,0.048828125,0.244140625,-0.32958984375,0.23193359375,-0.0732421875,0.8056640625,0.18310546875,-0.048828125,0.2197265625,1.2939453125,-0.1953125,-0.96435546875,0.0732421875,-0.390625,-0.03662109375,-1.025390625,-0.1953125,-0.78125,-0.06103515625,-1.35498046875,-0.09765625,0.03662109375,-0.13427734375,0.03662109375,-0.0732421875,-0.84228515625,-0.048828125,-0.72021484375,-0.01220703125,-0.79345703125,-0.01220703125,-0.59814453125,-0.15869140625,-0.1220703125,-0.048828125,-0.9765625,0.1220703125,-1.72119140625,-0.1708984375,-1.1962890625,-0.146484375,0.2197265625,0.048828125,0.37841796875,-0.01220703125,0,-0.08544921875,-0.03662109375,-0.0732421875,0.20751953125,-0.01220703125,0.1953125,-0.18310546875,0.8544921875,-0.09765625,-0.4638671875,-0.01220703125,-0.50048828125
1,-0.15869140625,-0.390625,0.23193359375,-0.341796875,0.09765625,-0.439453125,-0.20751953125,-0.03662109375,0.23193359375,-0.06103515625,0.048828125,-0.89111328125,-0.72021484375,1.07421875,0.18310546875,-0.15869140625,-0.1708984375,-0.537109375,-0.048828125,-0.146484375,0.3173828125,0.86669921875,-0.13427734375,-0.57373046875,-0.1708984375,3.11279296875,-0.048828125,4.82177734375,-0.30517578125,5.28564453125,-0.1953125,4.01611328125,0.0244140625,-0.03662109375,0.29296875,-0.91552734375,0.1220703125,-0.439453125,-0.06103515625,-0.81787109375,-0.13427734375,-0.25634765625,0.09765625,-0.72021484375,-0.06103515625,-0.3662109375,-0.50048828125,0.62255859375,0.01220703125,1.20849609375,0.28076171875,0.42724609375,0.08544921875,-0.1953125,0.74462890625,0.68359375,-0.341796875,2.490234375,-0.28076171875,1.57470703125,0.146484375,3.564453125,0.20751953125,2.01416015625,0.03662109375,0.20751953125,-0.244140625,1.03759765625,-0.08544921875,0.25634765625,0.0244140625,0.23193359375,-0.28076171875,0.1953125,-0.048828125,0.78125,0.244140625,-0.03662109375,0.23193359375,1.26953125,-0.23193359375,-0.9765625,0.1708984375,-0.390625,-0.10986328125,-1.025390625,-0.1953125,-0.8056640625,-0.08544921875,-1.4404296875,-0.06103515625,-0.0244140625,-0.20751953125,-0.0244140625,-0.048828125,-0.89111328125,-0.048828125,-0.72021484375,-0.03662109375,-0.76904296875,-0.0732421875,-0.57373046875,-0.146484375,-0.1220703125,-0.1220703125,-1.03759765625,-0.03662109375,-1.806640625,-0.20751953125,-1.2451171875,-0.15869140625,0.15869140625,0.0732421875,0.3662109375,-0.0244140625,-0.0244140625,-0.08544921875,-0.048828125,-0.0732421875,0.1953125,-0.03662109375,0.15869140625,-0.18310546875,0.830078125,-0.09765625,-0.47607421875,0,-0.5126953125
1,-0.13427734375,-0.37841796875,0.2197265625,-0.3662109375,0.0732421875,-0.439453125,-0.20751953125,-0.03662109375,0.18310546875,-0.0732421875,0.0732421875,-0.89111328125,-0.732421875,1.08642578125,0.09765625,-0.15869140625,-0.1220703125,-0.5615234375,-0.03662109375,-0.15869140625,0.32958984375,0.86669921875,-0.0732421875,-0.57373046875,-0.20751953125,3.01513671875,-0.0732421875,4.62646484375,-0.1953125,5.16357421875,-0.29296875,3.90625,-0.03662109375,-0.0244140625,0.341796875,-0.91552734375,0.0244140625,-0.42724609375,-0.10986328125,-0.81787109375,-0.13427734375,-0.244140625,0.06103515625,-0.69580078125,-0.10986328125,-0.37841796875,-0.4638671875,0.6103515625,-0.0244140625,1.20849609375,0.341796875,0.42724609375,0.08544921875,-0.20751953125,0.74462890625,0.67138671875,-0.28076171875,1.9775390625,-0.30517578125,1.220703125,0.13427734375,2.72216796875,0.2197265625,1.513671875,-0.048828125,0.25634765625,-0.25634765625,1.025390625,-0.03662109375,0.2685546875,-0.03662109375,0.2197265625,-0.23193359375,0.1953125,-0.03662109375,0.79345703125,0.23193359375,-0.048828125,0.1708984375,1.26953125,-0.1953125,-0.93994140625,0.23193359375,-0.40283203125,-0.1708984375,-1.0498046875,-0.23193359375,-0.8056640625,-0.08544921875,-1.50146484375,-0.06103515625,-0.13427734375,-0.2685546875,-0.08544921875,-0.0244140625,-0.96435546875,-0.0244140625,-0.72021484375,-0.048828125,-0.79345703125,-0.13427734375,-0.57373046875,-0.13427734375,-0.146484375,-0.048828125,-1.0986328125,0.01220703125,-1.86767578125,-0.2197265625,-1.2939453125,-0.01220703125,0.09765625,0.06103515625,0.3662109375,-0.0244140625,-0.0244140625,-0.08544921875,-0.048828125,-0.10986328125,0.1953125,-0.0732421875,0.1220703125,-0.146484375,0.8056640625,-0.08544921875,-0.50048828125,-0.01220703125,-0.537109375
1,-0.13427734375,-0.37841796875,0.20751953125,-0.35400390625,0.06103515625,-0.439453125,-0.20751953125,-0.03662109375,0.13427734375,-0.08544921875,0.0732421875,-0.87890625,-0.68359375,1.0986328125,0.0244140625,-0.1708984375,-0.08544921875,-0.537109375,0,-0.13427734375,0.32958984375,0.86669921875,0,-0.59814453125,-0.23193359375,2.8564453125,-0.09765625,4.3212890625,-0.06103515625,4.931640625,-0.3662109375,3.6865234375,-0.09765625,-0.048828125,0.341796875,-0.91552734375,-0.0244140625,-0.439453125,-0.1708984375,-0.81787109375,-0.1220703125,-0.23193359375,0.01220703125,-0.68359375,-0.1708984375,-0.37841796875,-0.50048828125,0.634765625,-0.0732421875,1.18408203125,0.3173828125,0.45166015625,0.03662109375,-0.1708984375,0.7080078125,0.69580078125,-0.244140625,1.47705078125,-0.32958984375,0.89111328125,0.15869140625,1.94091796875,0.244140625,1.025390625,-0.0732421875,0.30517578125,-0.25634765625,1.03759765625,0.0244140625,0.244140625,-0.0732421875,0.20751953125,-0.18310546875,0.18310546875,0.01220703125,0.74462890625,0.28076171875,-0.03662109375,0.10986328125,1.25732421875,-0.146484375,-0.9521484375,0.2197265625,-0.390625,-0.29296875,-1.025390625,-0.1953125,-0.8056640625,-0.0732421875,-1.55029296875,-0.048828125,-0.1953125,-0.244140625,-0.15869140625,-0.03662109375,-1.01318359375,-0.0244140625,-0.7080078125,-0.048828125,-0.79345703125,-0.1708984375,-0.59814453125,-0.1220703125,-0.15869140625,-0.08544921875,-1.0986328125,-0.09765625,-1.91650390625,-0.29296875,-1.2939453125,-0.01220703125,0.08544921875,0.048828125,0.3662109375,-0.01220703125,-0.0244140625,-0.0732421875,-0.03662109375,-0.10986328125,0.20751953125,-0.08544921875,0.0732421875,-0.146484375,0.79345703125,-0.10986328125,-0.52490234375,-0.01220703125,-0.5615234375
0,-0.15869140625,-0.37841796875,0.18310546875,-0.37841796875,0.03662109375,-0.45166015625,-0.2197265625,-0.08544921875,0.146484375,-0.09765625,0.06103515625,-0.89111328125,-0.6591796875,1.08642578125,-0.01220703125,-0.1953125,-0.06103515625,-0.57373046875,0.06103515625,-0.13427734375,0.3173828125,0.86669921875,0.0732421875,-0.62255859375,-0.2197265625,2.587890625,-0.0244140625,3.8330078125,-0.01220703125,4.57763671875,-0.4150390625,3.38134765625,-0.15869140625,-0.0732421875,0.3662109375,-0.927734375,-0.01220703125,-0.4150390625,-0.23193359375,-0.830078125,-0.1220703125,-0.2197265625,-0.0244140625,-0.68359375,-0.1708984375,-0.37841796875,-0.48828125,0.64697265625,-0.08544921875,1.1962890625,0.29296875,0.439453125,-0.09765625,-0.1953125,0.634765625,0.7080078125,-0.20751953125,1.06201171875,-0.35400390625,0.59814453125,0.244140625,1.26953125,0.32958984375,0.62255859375,-0.09765625,0.3662109375,-0.29296875,1.03759765625,0.0732421875,0.25634765625,-0.09765625,0.1953125,-0.15869140625,0.20751953125,0.048828125,0.79345703125,0.32958984375,-0.03662109375,0.048828125,1.28173828125,-0.09765625,-0.96435546875,0.20751953125,-0.37841796875,-0.4150390625,-1.03759765625,-0.18310546875,-0.8056640625,-0.0732421875,-1.55029296875,-0.09765625,-0.25634765625,-0.20751953125,-0.18310546875,-0.03662109375,-1.025390625,-0.03662109375,-0.69580078125,-0.01220703125,-0.78125,-0.18310546875,-0.57373046875,-0.0732421875,-0.15869140625,-0.13427734375,-1.03759765625,-0.3173828125,-1.904296875,-0.3173828125,-1.23291015625,0.03662109375,0.18310546875,0.0244140625,0.35400390625,0,-0.0244140625,-0.0732421875,-0.048828125,-0.1220703125,0.18310546875,-0.10986328125,0.01220703125,-0.13427734375,0.76904296875,-0.10986328125,-0.52490234375,-0.0244140625,-0.5615234375
0,-0.146484375,-0.37841796875,0.15869140625,-0.390625,-0.0244140625,-0.45166015625,-0.2197265625,-0.09765625,0.1708984375,-0.0732421875,0.0244140625,-0.89111328125,-0.62255859375,1.07421875,-0.03662109375,-0.1953125,-0.0244140625,-0.5615234375,0.10986328125,-0.1220703125,0.32958984375,0.8544921875,0.13427734375,-0.62255859375,-0.18310546875,2.24609375,-0.01220703125,3.23486328125,-0.048828125,4.150390625,-0.390625,3.0029296875,-0.15869140625,-0.09765625,0.3173828125,-0.927734375,0,-0.40283203125,-0.29296875,-0.81787109375,-0.10986328125,-0.20751953125,0.0244140625,-0.6591796875,-0.146484375,-0.3662109375,-0.52490234375,0.6591796875,-0.09765625,1.171875,0.25634765625,0.45166015625,-0.2197265625,-0.1953125,0.5859375,0.68359375,-0.1953125,0.72021484375,-0.30517578125,0.3662109375,0.35400390625,0.68359375,0.4638671875,0.28076171875,-0.1220703125,0.40283203125,-0.25634765625,1.06201171875,0.0732421875,0.2685546875,-0.0732421875,0.1953125,-0.146484375,0.23193359375,0.0732421875,0.8056640625,0.30517578125,-0.0244140625,-0.01220703125,1.2939453125,0.01220703125,-0.9765625,0.15869140625,-0.390625,-0.537109375,-1.01318359375,-0.13427734375,-0.8056640625,0.048828125,-1.50146484375,-0.0732421875,-0.25634765625,-0.10986328125,-0.1708984375,-0.06103515625,-0.9521484375,-0.06103515625,-0.68359375,0,-0.76904296875,-0.1708984375,-0.59814453125,0,-0.1708984375,-0.0244140625,-0.93994140625,-0.35400390625,-1.806640625,-0.30517578125,-1.123046875,0.13427734375,0.30517578125,0.0244140625,0.3662109375,0,-0.0244140625,-0.08544921875,-0.03662109375,-0.1220703125,0.18310546875,-0.1220703125,-0.048828125,-0.146484375,0.78125,-0.10986328125,-0.52490234375,-0.0244140625,-0.5615234375
0,-0.15869140625,-0.390625,0.1708984375,-0.40283203125,-0.08544921875,-0.45166015625,-0.2197265625,-0.09765625,0.1953125,-0.0732421875,0,-0.89111328125,-0.59814453125,1.07421875,-0.0244140625,-0.18310546875,-0.0732421875,-0.59814453125,0.20751953125,-0.13427734375,0.341796875,0.86669921875,0.13427734375,-0.634765625,-0.10986328125,1.8310546875,0.15869140625,2.490234375,-0.048828125,3.61328125,-0.28076171875,2.55126953125,-0.18310546875,-0.146484375,0.28076171875,-0.927734375,0.03662109375,-0.37841796875,-0.30517578125,-0.79345703125,-0.15869140625,-0.1953125,0.10986328125,-0.64697265625,-0.09765625,-0.3662109375,-0.5615234375,0.634765625,-0.0732421875,1.15966796875,0.2197265625,0.4638671875,-0.2685546875,-0.20751953125,0.52490234375,0.69580078125,-0.244140625,0.4638671875,-0.2685546875,0.1953125,0.40283203125,0.28076171875,0.537109375,0.01220703125,-0.10986328125,0.42724609375,-0.1708984375,1.07421875,0.08544921875,0.28076171875,-0.06103515625,0.20751953125,-0.1220703125,0.23193359375,0.10986328125,0.79345703125,0.25634765625,0,-0.08544921875,1.2939453125,0.08544921875,-0.9765625,0.10986328125,-0.37841796875,-0.6103515625,-1.0009765625,-0.08544921875,-0.8056640625,0.15869140625,-1.40380859375,-0.10986328125,-0.1953125,-0.01220703125,-0.08544921875,-0.06103515625,-0.84228515625,-0.0732421875,-0.7080078125,0.03662109375,-0.76904296875,-0.1708984375,-0.59814453125,0.048828125,-0.15869140625,-0.048828125,-0.7568359375,-0.4638671875,-1.64794921875,-0.341796875,-0.96435546875,0.0732421875,0.5126953125,0.03662109375,0.3662109375,-0.0244140625,-0.01220703125,-0.0732421875,-0.0732421875,-0.09765625,0.1708984375,-0.1220703125,-0.09765625,-0.13427734375,0.7568359375,-0.10986328125,-0.52490234375,-0.0244140625,-0.57373046875
0,-0.146484375,-0.40283203125,0.146484375,-0.390625,-0.08544921875,-0.439453125,-0.244140625,-0.10986328125,0.20751953125,-0.06103515625,-0.0244140625,-0.87890625,-0.5126953125,1.07421875,-0.0244140625,-0.1708984375,-0.10986328125,-0.59814453125,0.2685546875,-0.13427734375,0.29296875,0.89111328125,0.09765625,-0.634765625,-0.0244140625,1.37939453125,0.23193359375,1.66015625,-0.09765625,3.06396484375,-0.13427734375,2.0751953125,-0.15869140625,-0.2197265625,0.18310546875,-0.927734375,0.09765625,-0.390625,-0.30517578125,-0.79345703125,-0.1220703125,-0.18310546875,0.13427734375,-0.64697265625,-0.03662109375,-0.390625,-0.537109375,0.64697265625,-0.048828125,1.15966796875,0.23193359375,0.4638671875,-0.439453125,-0.18310546875,0.42724609375,0.7080078125,-0.28076171875,0.28076171875,-0.20751953125,0.08544921875,0.42724609375,0,0.57373046875,-0.146484375,-0.13427734375,0.439453125,-0.048828125,1.11083984375,0.08544921875,0.29296875,0.0244140625,0.23193359375,-0.06103515625,0.244140625,0.13427734375,0.86669921875,0.1953125,0.01220703125,-0.10986328125,1.33056640625,0.15869140625,-0.9765625,0.03662109375,-0.3662109375,-0.5859375,-1.0009765625,-0.048828125,-0.8056640625,0.25634765625,-1.26953125,-0.13427734375,-0.0732421875,0.048828125,0.0244140625,-0.03662109375,-0.7080078125,-0.048828125,-0.69580078125,0.0244140625,-0.74462890625,-0.146484375,-0.62255859375,0.0732421875,-0.15869140625,-0.01220703125,-0.537109375,-0.4150390625,-1.4404296875,-0.35400390625,-0.79345703125,0.09765625,0.732421875,0.048828125,0.35400390625,-0.01220703125,0,-0.0732421875,-0.09765625,-0.0732421875,0.18310546875,-0.10986328125,-0.13427734375,-0.146484375,0.732421875,-0.09765625,-0.537109375,-0.048828125,-0.5859375
0,-0.146484375,-0.4150390625,0.1220703125,-0.37841796875,-0.09765625,-0.439453125,-0.25634765625,-0.08544921875,0.2197265625,-0.0244140625,-0.01220703125,-0.87890625,-0.37841796875,1.06201171875,-0.0244140625,-0.13427734375,-0.146484375,-0.59814453125,0.2685546875,-0.146484375,0.244140625,0.87890625,0.03662109375,-0.62255859375,0.0244140625,0.9521484375,0.3173828125,0.8544921875,-0.13427734375,2.52685546875,0.048828125,1.62353515625,-0.10986328125,-0.29296875,0.1220703125,-0.91552734375,0.1220703125,-0.4150390625,-0.29296875,-0.79345703125,-0.09765625,-0.1953125,0.146484375,-0.634765625,0.0244140625,-0.37841796875,-0.537109375,0.64697265625,-0.01220703125,1.1474609375,0.2197265625,0.45166015625,-0.50048828125,-0.18310546875,0.341796875,0.69580078125,-0.341796875,0.1708984375,-0.10986328125,0.01220703125,0.42724609375,-0.146484375,0.6103515625,-0.25634765625,-0.10986328125,0.4638671875,0.048828125,1.123046875,0.0732421875,0.3173828125,0.06103515625,0.2685546875,0.06103515625,0.25634765625,0.146484375,0.87890625,0.1220703125,0.01220703125,-0.13427734375,1.33056640625,0.2197265625,-0.9765625,-0.01220703125,-0.390625,-0.537109375,-0.98876953125,-0.01220703125,-0.84228515625,0.29296875,-1.13525390625,-0.146484375,0.03662109375,0.0732421875,0.146484375,-0.01220703125,-0.52490234375,-0.03662109375,-0.7080078125,0.048828125,-0.7568359375,-0.08544921875,-0.62255859375,0.0732421875,-0.146484375,0.10986328125,-0.3173828125,-0.20751953125,-1.18408203125,-0.32958984375,-0.59814453125,0.10986328125,0.9765625,0.06103515625,0.35400390625,-0.0244140625,0,-0.08544921875,-0.08544921875,-0.09765625,0.1953125,-0.08544921875,-0.13427734375,-0.1708984375,0.74462890625,-0.09765625,-0.5126953125,-0.03662109375,-0.5615234375
0,-0.15869140625,-0.40283203125,0.1220703125,-0.3662109375,-0.146484375,-0.439453125,-0.25634765625,-0.0732421875,0.25634765625,0,-0.01220703125,-0.86669921875,-0.25634765625,1.0498046875,-0.03662109375,-0.146484375,-0.18310546875,-0.59814453125,0.2197265625,-0.146484375,0.1708984375,0.87890625,-0.03662109375,-0.62255859375,0.06103515625,0.6103515625,0.32958984375,0.15869140625,-0.10986328125,2.06298828125,0.146484375,1.26953125,-0.08544921875,-0.3662109375,0.06103515625,-0.927734375,0.15869140625,-0.4150390625,-0.28076171875,-0.78125,-0.048828125,-0.1953125,0.1708984375,-0.62255859375,0.09765625,-0.37841796875,-0.48828125,0.634765625,0.06103515625,1.15966796875,0.09765625,0.45166015625,-0.59814453125,-0.18310546875,0.244140625,0.68359375,-0.40283203125,0.1220703125,-0.09765625,-0.01220703125,0.50048828125,-0.23193359375,0.64697265625,-0.32958984375,-0.0244140625,0.439453125,0.1220703125,1.123046875,0.048828125,0.341796875,0.08544921875,0.29296875,0.1708984375,0.25634765625,0.15869140625,0.89111328125,0.048828125,0,-0.1953125,1.30615234375,0.20751953125,-0.9765625,-0.048828125,-0.390625,-0.40283203125,-0.9765625,0.01220703125,-0.84228515625,0.28076171875,-1.03759765625,-0.048828125,0.13427734375,0.08544921875,0.25634765625,0.0244140625,-0.40283203125,-0.01220703125,-0.7080078125,0.01220703125,-0.7568359375,-0.048828125,-0.64697265625,0.08544921875,-0.146484375,0.048828125,-0.0732421875,-0.1953125,-0.96435546875,-0.35400390625,-0.42724609375,0.0244140625,1.23291015625,0.06103515625,0.341796875,-0.0244140625,0,-0.0732421875,-0.08544921875,-0.0732421875,0.1953125,-0.09765625,-0.13427734375,-0.15869140625,0.732421875,-0.10986328125,-0.5126953125,-0.03662109375,-0.57373046875
0,-0.13427734375,-0.390625,0.08544921875,-0.3662109375,-0.146484375,-0.42724609375,-0.25634765625,-0.0732421875,0.25634765625,0.0244140625,0.01220703125,-0.87890625,-0.1220703125,1.07421875,-0.03662109375,-0.13427734375,-0.15869140625,-0.57373046875,0.1708984375,-0.146484375,0.08544921875,0.8544921875,-0.10986328125,-0.6103515625,0.0732421875,0.37841796875,0.29296875,-0.341796875,-0.0732421875,1.79443359375,0.20751953125,1.0009765625,-0.03662109375,-0.37841796875,0.06103515625,-0.91552734375,0.15869140625,-0.42724609375,-0.20751953125,-0.78125,0.01220703125,-0.20751953125,0.1708984375,-0.59814453125,0.13427734375,-0.390625,-0.42724609375,0.634765625,0.1220703125,1.15966796875,0.01220703125,0.439453125,-0.69580078125,-0.18310546875,0.1708984375,0.7080078125,-0.4150390625,0.10986328125,0,-0.0244140625,0.52490234375,-0.23193359375,0.69580078125,-0.37841796875,-0.10986328125,0.439453125,0.18310546875,1.1474609375,0,0.3173828125,0.10986328125,0.32958984375,0.25634765625,0.25634765625,0.146484375,0.89111328125,0.01220703125,0.01220703125,-0.18310546875,1.318359375,0.1708984375,-1.01318359375,-0.048828125,-0.390625,-0.25634765625,-0.98876953125,-0.0244140625,-0.84228515625,0.2197265625,-1.0009765625,-0.06103515625,0.1708984375,-0.01220703125,0.30517578125,0.01220703125,-0.32958984375,-0.0244140625,-0.7080078125,-0.03662109375,-0.732421875,-0.0244140625,-0.634765625,0.0732421875,-0.13427734375,0,0.10986328125,-0.13427734375,-0.732421875,-0.35400390625,-0.29296875,-0.03662109375,1.4404296875,0.048828125,0.341796875,-0.01220703125,0.03662109375,-0.08544921875,-0.048828125,-0.048828125,0.2197265625,-0.10986328125,-0.08544921875,-0.13427734375,0.7568359375,-0.13427734375,-0.50048828125,-0.0244140625,-0.537109375
0,-0.10986328125,-0.390625,0.06103515625,-0.3662109375,-0.15869140625,-0.4150390625,-0.2685546875,-0.06103515625,0.2685546875,0.0244140625,0.048828125,-0.86669921875,0.03662109375,1.08642578125,-0.048828125,-0.13427734375,-0.146484375,-0.5615234375,0.08544921875,-0.146484375,0.048828125,0.84228515625,-0.146484375,-0.5859375,0.10986328125,0.28076171875,0.2197265625,-0.57373046875,0.03662109375,1.67236328125,0.1953125,0.927734375,-0.06103515625,-0.37841796875,0.146484375,-0.927734375,0.1708984375,-0.45166015625,-0.1708984375,-0.78125,0.08544921875,-0.2197265625,0.20751953125,-0.5859375,0.13427734375,-0.3662109375,-0.32958984375,0.64697265625,0.15869140625,1.15966796875,-0.048828125,0.42724609375,-0.72021484375,-0.1708984375,0.09765625,0.72021484375,-0.47607421875,0.1220703125,-0.06103515625,0.01220703125,0.52490234375,-0.20751953125,0.64697265625,-0.390625,-0.048828125,0.4150390625,0.25634765625,1.13525390625,0.03662109375,0.30517578125,0.13427734375,0.35400390625,0.32958984375,0.2685546875,0.09765625,0.87890625,-0.06103515625,-0.01220703125,-0.15869140625,1.30615234375,0.09765625,-1.03759765625,-0.03662109375,-0.40283203125,-0.10986328125,-1.0009765625,-0.0732421875,-0.87890625,0.20751953125,-1.0498046875,-0.0732421875,0.1220703125,-0.0732421875,0.29296875,0.0244140625,-0.37841796875,-0.03662109375,-0.7080078125,-0.10986328125,-0.732421875,0,-0.634765625,0.06103515625,-0.15869140625,-0.01220703125,0.2685546875,-0.048828125,-0.57373046875,-0.32958984375,-0.1953125,-0.03662109375,1.5625,0.048828125,0.341796875,0,0.0244140625,-0.0732421875,-0.03662109375,-0.0732421875,0.23193359375,-0.146484375,-0.01220703125,-0.1220703125,0.7568359375,-0.13427734375,-0.5126953125,-0.03662109375,-0.537109375
0,-0.1220703125,-0.3662109375,0.03662109375,-0.341796875,-0.15869140625,-0.40283203125,-0.2685546875,-0.06103515625,0.2685546875,0.0244140625,0.08544921875,-0.86669921875,0.1953125,1.07421875,-0.08544921875,-0.146484375,-0.15869140625,-0.57373046875,0.0244140625,-0.15869140625,-0.0244140625,0.84228515625,-0.18310546875,-0.59814453125,0.03662109375,0.341796875,0.1220703125,-0.52490234375,0.03662109375,1.7333984375,0.048828125,0.98876953125,-0.1220703125,-0.390625,0.244140625,-0.91552734375,0.15869140625,-0.45166015625,-0.0732421875,-0.76904296875,0.09765625,-0.20751953125,0.1708984375,-0.59814453125,0.13427734375,-0.390625,-0.28076171875,0.62255859375,0.146484375,1.15966796875,-0.048828125,0.42724609375,-0.81787109375,-0.15869140625,0.0244140625,0.7080078125,-0.439453125,0.13427734375,-0.06103515625,0.01220703125,0.5615234375,-0.15869140625,0.634765625,-0.37841796875,-0.1220703125,0.390625,0.28076171875,1.123046875,0.048828125,0.29296875,0.10986328125,0.341796875,0.35400390625,0.2685546875,0.048828125,0.8544921875,-0.08544921875,-0.0244140625,-0.1220703125,1.2939453125,0,-1.03759765625,-0.03662109375,-0.40283203125,0.01220703125,-1.01318359375,-0.10986328125,-0.8544921875,0.13427734375,-1.171875,-0.01220703125,0.03662109375,-0.15869140625,0.1953125,0.03662109375,-0.5126953125,-0.08544921875,-0.72021484375,-0.20751953125,-0.732421875,0.01220703125,-0.6103515625,0.06103515625,-0.146484375,-0.01220703125,0.341796875,0.09765625,-0.5126953125,-0.3173828125,-0.146484375,-0.048828125,1.66015625,0.048828125,0.341796875,0.01220703125,0.03662109375,-0.0732421875,-0.01220703125,-0.0732421875,0.23193359375,-0.146484375,0.048828125,-0.1220703125,0.78125,-0.146484375,-0.50048828125,-0.0244140625,-0.537109375
0,-0.0732421875,-0.35400390625,0.03662109375,-0.341796875,-0.15869140625,-0.390625,-0.25634765625,-0.06103515625,0.25634765625,0,0.09765625,-0.86669921875,0.3662109375,1.11083984375,-0.1220703125,-0.15869140625,-0.15869140625,-0.5615234375,-0.0732421875,-0.146484375,-0.08544921875,0.84228515625,-0.18310546875,-0.59814453125,-0.01220703125,0.57373046875,0.146484375,-0.15869140625,0.06103515625,2.01416015625,-0.08544921875,1.25732421875,-0.15869140625,-0.341796875,0.35400390625,-0.91552734375,0.1220703125,-0.4638671875,-0.06103515625,-0.78125,0.1220703125,-0.20751953125,0.15869140625,-0.59814453125,0.1220703125,-0.40283203125,-0.2685546875,0.634765625,0.146484375,1.1474609375,-0.0732421875,0.439453125,-0.84228515625,-0.13427734375,0.0244140625,0.7080078125,-0.35400390625,0.13427734375,-0.0732421875,0.01220703125,0.5615234375,-0.08544921875,0.6103515625,-0.3662109375,-0.0244140625,0.3662109375,0.3173828125,1.11083984375,0.0732421875,0.2685546875,0.08544921875,0.3173828125,0.35400390625,0.244140625,-0.06103515625,0.86669921875,-0.146484375,-0.048828125,-0.08544921875,1.2939453125,-0.06103515625,-1.025390625,0,-0.390625,0.08544921875,-1.025390625,-0.10986328125,-0.8544921875,0.08544921875,-1.3427734375,0.03662109375,-0.13427734375,-0.18310546875,0.03662109375,0.10986328125,-0.69580078125,-0.10986328125,-0.72021484375,-0.28076171875,-0.74462890625,0.0244140625,-0.6103515625,0.0732421875,-0.15869140625,0,0.35400390625,0.15869140625,-0.50048828125,-0.32958984375,-0.1220703125,-0.048828125,1.6845703125,0.0244140625,0.35400390625,0,0.03662109375,-0.0732421875,0,-0.06103515625,0.244140625,-0.146484375,0.1220703125,-0.10986328125,0.79345703125,-0.146484375,-0.48828125,0.01220703125,-0.537109375
0,-0.06103515625,-0.35400390625,0.0244140625,-0.341796875,-0.18310546875,-0.390625,-0.28076171875,-0.048828125,0.30517578125,-0.0244140625,0.09765625,-0.87890625,0.47607421875,1.07421875,-0.1953125,-0.13427734375,-0.18310546875,-0.5615234375,-0.1220703125,-0.146484375,-0.08544921875,0.81787109375,-0.1708984375,-0.5859375,-0.09765625,0.9521484375,0.01220703125,0.54931640625,0.03662109375,2.4658203125,-0.2197265625,1.64794921875,-0.2197265625,-0.2685546875,0.4638671875,-0.89111328125,0.08544921875,-0.45166015625,-0.048828125,-0.79345703125,0.10986328125,-0.20751953125,0.06103515625,-0.6103515625,0.10986328125,-0.40283203125,-0.244140625,0.62255859375,0.08544921875,1.1474609375,-0.08544921875,0.439453125,-0.79345703125,-0.13427734375,0.01220703125,0.732421875,-0.28076171875,0.15869140625,-0.08544921875,0.03662109375,0.50048828125,-0.0244140625,0.5615234375,-0.341796875,0.048828125,0.341796875,0.40283203125,1.08642578125,0.1220703125,0.23193359375,0.03662109375,0.28076171875,0.29296875,0.2197265625,-0.10986328125,0.830078125,-0.13427734375,-0.06103515625,-0.048828125,1.26953125,-0.10986328125,-1.025390625,0.01220703125,-0.37841796875,0.08544921875,-1.03759765625,-0.08544921875,-0.84228515625,0.0244140625,-1.55029296875,0.06103515625,-0.3173828125,-0.1953125,-0.1708984375,0.048828125,-0.91552734375,-0.0732421875,-0.732421875,-0.30517578125,-0.74462890625,0,-0.5859375,0.06103515625,-0.15869140625,0.01220703125,0.3173828125,0.2197265625,-0.57373046875,-0.32958984375,-0.1708984375,0.01220703125,1.62353515625,0.0244140625,0.35400390625,-0.01220703125,0.01220703125,-0.0732421875,0,-0.0732421875,0.244140625,-0.146484375,0.18310546875,-0.13427734375,0.8056640625,-0.1220703125,-0.50048828125,0.01220703125,-0.537109375
0,-0.0732421875,-0.35400390625,0.01220703125,-0.341796875,-0.15869140625,-0.40283203125,-0.29296875,-0.048828125,0.32958984375,-0.03662109375,0.0732421875,-0.87890625,0.5615234375,1.0986328125,-0.23193359375,-0.1708984375,-0.20751953125,-0.54931640625,-0.15869140625,-0.146484375,-0.048828125,0.830078125,-0.1953125,-0.59814453125,-0.2197265625,1.45263671875,-0.03662109375,1.46484375,-0.08544921875,3.06396484375,-0.29296875,2.20947265625,-0.244140625,-0.15869140625,0.5126953125,-0.9033203125,-0.01220703125,-0.42724609375,-0.09765625,-0.78125,0.08544921875,-0.20751953125,0.01220703125,-0.634765625,0.0732421875,-0.40283203125,-0.25634765625,0.634765625,0.01220703125,1.13525390625,-0.08544921875,0.439453125,-0.76904296875,-0.15869140625,0.0244140625,0.7080078125,-0.2197265625,0.146484375,-0.10986328125,0.03662109375,0.4638671875,0.01220703125,0.537109375,-0.341796875,0.10986328125,0.32958984375,0.37841796875,1.06201171875,0.13427734375,0.23193359375,-0.01220703125,0.244140625,0.25634765625,0.2197265625,-0.1220703125,0.84228515625,-0.13427734375,-0.0732421875,-0.06103515625,1.28173828125,-0.10986328125,-1.025390625,0.0244140625,-0.40283203125,0.1220703125,-1.0498046875,-0.06103515625,-0.8544921875,-0.01220703125,-1.708984375,0.1220703125,-0.42724609375,-0.10986328125,-0.30517578125,0.048828125,-1.123046875,-0.0732421875,-0.7080078125,-0.29296875,-0.732421875,-0.048828125,-0.5615234375,0.08544921875,-0.1708984375,0.0244140625,0.244140625,0.2197265625,-0.69580078125,-0.32958984375,-0.244140625,0.03662109375,1.5380859375,0,0.3662109375,-0.03662109375,0.01220703125,-0.048828125,0.0244140625,-0.0732421875,0.244140625,-0.13427734375,0.244140625,-0.1220703125,0.830078125,-0.1220703125,-0.48828125,0.0244140625,-0.54931640625
0,-0.06103515625,-0.341796875,0.03662109375,-0.3662109375,-0.15869140625,-0.40283203125,-0.29296875,-0.048828125,0.30517578125,-0.048828125,0.048828125,-0.87890625,0.5615234375,1.0986328125,-0.2197265625,-0.15869140625,-0.23193359375,-0.57373046875,-0.146484375,-0.146484375,-0.0244140625,0.830078125,-0.20751953125,-0.59814453125,-0.2685546875,2.01416015625,-0.0732421875,2.57568359375,-0.1953125,3.759765625,-0.2685546875,2.86865234375,-0.244140625,-0.0732421875,0.537109375,-0.9033203125,-0.03662109375,-0.390625,-0.18310546875,-0.79345703125,0.06103515625,-0.2197265625,0.09765625,-0.6591796875,0,-0.390625,-0.244140625,0.64697265625,-0.0732421875,1.1474609375,-0.15869140625,0.45166015625,-0.6591796875,-0.13427734375,0.0244140625,0.72021484375,-0.15869140625,0.15869140625,-0.15869140625,0.06103515625,0.390625,0.048828125,0.5126953125,-0.29296875,0.3173828125,0.37841796875,0.32958984375,1.03759765625,0.13427734375,0.20751953125,-0.0732421875,0.20751953125,0.25634765625,0.20751953125,-0.18310546875,0.84228515625,-0.08544921875,-0.0732421875,-0.0732421875,1.2939453125,-0.08544921875,-1.01318359375,0,-0.390625,0.06103515625,-1.03759765625,-0.0244140625,-0.81787109375,-0.03662109375,-1.7578125,0.146484375,-0.45166015625,-0.0244140625,-0.40283203125,0.01220703125,-1.23291015625,-0.03662109375,-0.72021484375,-0.28076171875,-0.7080078125,-0.06103515625,-0.54931640625,0.09765625,-0.1953125,0.03662109375,0.13427734375,0.13427734375,-0.87890625,-0.30517578125,-0.32958984375,0.0732421875,1.416015625,0.03662109375,0.390625,-0.03662109375,-0.0244140625,-0.0732421875,0.01220703125,-0.08544921875,0.23193359375,-0.1220703125,0.32958984375,-0.146484375,0.81787109375,-0.10986328125,-0.47607421875,0.01220703125,-0.54931640625
0,-0.08544921875,-0.341796875,0.03662109375,-0.3662109375,-0.15869140625,-0.40283203125,-0.30517578125,-0.06103515625,0.32958984375,-0.048828125,0.01220703125,-0.87890625,0.50048828125,1.0986328125,-0.1708984375,-0.15869140625,-0.18310546875,-0.5615234375,-0.13427734375,-0.15869140625,0.03662109375,0.86669921875,-0.2197265625,-0.5859375,-0.35400390625,2.6611328125,-0.2197265625,3.80859375,-0.3662109375,4.5654296875,-0.25634765625,3.55224609375,-0.2197265625,0.03662109375,0.537109375,-0.91552734375,-0.10986328125,-0.40283203125,-0.30517578125,-0.78125,0.0244140625,-0.1953125,0.146484375,-0.7080078125,-0.06103515625,-0.390625,-0.2685546875,0.634765625,-0.13427734375,1.171875,-0.1953125,0.45166015625,-0.634765625,-0.15869140625,0.0732421875,0.7080078125,-0.13427734375,0.1708984375,-0.1953125,0.0732421875,0.390625,0.09765625,0.439453125,-0.2685546875,0.341796875,0.45166015625,0.28076171875,1.03759765625,0.13427734375,0.2197265625,-0.10986328125,0.1708984375,0.1708984375,0.1953125,-0.2197265625,0.87890625,-0.048828125,-0.048828125,-0.10986328125,1.2939453125,-0.03662109375,-1.03759765625,0.0244140625,-0.3662109375,0.01220703125,-1.03759765625,0.0244140625,-0.8056640625,-0.01220703125,-1.69677734375,0.20751953125,-0.32958984375,0.09765625,-0.341796875,-0.06103515625,-1.20849609375,-0.0244140625,-0.72021484375,-0.1953125,-0.732421875,-0.048828125,-0.5615234375,0.09765625,-0.18310546875,0.03662109375,0.048828125,0.08544921875,-1.03759765625,-0.29296875,-0.40283203125,0.0732421875,1.2939453125,0.03662109375,0.390625,-0.06103515625,-0.01220703125,-0.0732421875,0,-0.08544921875,0.2197265625,-0.1220703125,0.42724609375,-0.15869140625,0.84228515625,-0.10986328125,-0.48828125,0.01220703125,-0.537109375
1,-0.10986328125,-0.3662109375,0.0244140625,-0.390625,-0.146484375,-0.4150390625,-0.3173828125,-0.06103515625,0.29296875,-0.048828125,-0.01220703125,-0.9033203125,0.40283203125,1.11083984375,-0.13427734375,-0.146484375,-0.15869140625,-0.5615234375,-0.06103515625,-0.146484375,0.06103515625,0.87890625,-0.2197265625,-0.59814453125,-0.37841796875,3.30810546875,-0.1220703125,5.01708984375,-0.439453125,5.38330078125,-0.13427734375,4.248046875,-0.146484375,0.146484375,0.5126953125,-0.9033203125,-0.1953125,-0.37841796875,-0.35400390625,-0.78125,0,-0.1708984375,0.20751953125,-0.72021484375,-0.146484375,-0.3662109375,-0.3173828125,0.64697265625,-0.20751953125,1.171875,-0.15869140625,0.45166015625,-0.5615234375,-0.18310546875,0.1220703125,0.7080078125,-0.08544921875,0.1953125,-0.23193359375,0.10986328125,0.40283203125,0.10986328125,0.341796875,-0.244140625,0.390625,0.62255859375,0.244140625,1.03759765625,0.10986328125,0.244140625,-0.13427734375,0.1708984375,0.06103515625,0.1708984375,-0.23193359375,0.9033203125,0.0244140625,-0.0244140625,-0.13427734375,1.2939453125,0.01220703125,-1.025390625,0.0244140625,-0.3662109375,-0.06103515625,-1.03759765625,0,-0.8056640625,0.03662109375,-1.4892578125,0.15869140625,0.0244140625,0.18310546875,-0.13427734375,-0.10986328125,-1.0009765625,-0.0732421875,-0.732421875,-0.1220703125,-0.72021484375,-0.03662109375,-0.5615234375,0.10986328125,-0.18310546875,0.03662109375,-0.06103515625,0.03662109375,-1.18408203125,-0.244140625,-0.48828125,0.06103515625,1.18408203125,0.048828125,0.4150390625,-0.06103515625,-0.03662109375,-0.06103515625,-0.01220703125,-0.06103515625,0.1953125,-0.1220703125,0.5126953125,-0.1708984375,0.830078125,-0.08544921875,-0.48828125,0.0244140625,-0.537109375
1,-0.09765625,-0.3662109375,0.03662109375,-0.390625,-0.146484375,-0.42724609375,-0.32958984375,-0.08544921875,0.25634765625,-0.03662109375,-0.0244140625,-0.87890625,0.25634765625,1.11083984375,-0.146484375,-0.1708984375,-0.146484375,-0.5615234375,-0.0244140625,-0.1708984375,0.08544921875,0.9033203125,-0.23193359375,-0.6103515625,-0.390625,3.96728515625,-0.1220703125,6.1767578125,-0.439453125,6.1767578125,-0.06103515625,4.931640625,-0.13427734375,0.20751953125,0.48828125,-0.89111328125,-0.25634765625,-0.37841796875,-0.4150390625,-0.76904296875,-0.048828125,-0.1708984375,0.28076171875,-0.72021484375,-0.1708984375,-0.37841796875,-0.30517578125,0.634765625,-0.244140625,1.20849609375,-0.20751953125,0.45166015625,-0.50048828125,-0.2197265625,0.1953125,0.69580078125,-0.08544921875,0.2197265625,-0.28076171875,0.1220703125,0.42724609375,0.13427734375,0.2197265625,-0.1953125,0.341796875,0.91552734375,0.20751953125,1.0498046875,0.08544921875,0.29296875,-0.13427734375,0.1953125,-0.03662109375,0.1953125,-0.25634765625,0.93994140625,0.03662109375,-0.0244140625,-0.13427734375,1.30615234375,0.03662109375,-1.0009765625,0.03662109375,-0.3662109375,-0.18310546875,-1.0009765625,-0.048828125,-0.8056640625,0.08544921875,-1.13525390625,0.15869140625,0.62255859375,0.18310546875,0.2197265625,-0.09765625,-0.5859375,-0.09765625,-0.72021484375,-0.048828125,-0.7080078125,-0.03662109375,-0.59814453125,0.09765625,-0.1708984375,0,-0.10986328125,-0.13427734375,-1.2939453125,-0.2197265625,-0.54931640625,0.0732421875,1.08642578125,0.0244140625,0.390625,-0.06103515625,-0.048828125,-0.08544921875,-0.06103515625,-0.048828125,0.15869140625,-0.146484375,0.59814453125,-0.1708984375,0.81787109375,-0.08544921875,-0.48828125,0.0244140625,-0.54931640625
1,-0.1220703125,-0.37841796875,0.048828125,-0.40283203125,-0.146484375,-0.42724609375,-0.32958984375,-0.0732421875,0.20751953125,-0.01220703125,-0.0244140625,-0.89111328125,0.13427734375,1.0986328125,-0.18310546875,-0.15869140625,-0.15869140625,-0.5615234375,0.0244140625,-0.1708984375,0.08544921875,0.91552734375,-0.18310546875,-0.6103515625,-0.4150390625,4.52880859375,-0.146484375,7.16552734375,-0.439453125,6.87255859375,0,5.52978515625,-0.10986328125,0.244140625,0.439453125,-0.9033203125,-0.2685546875,-0.42724609375,-0.4638671875,-0.76904296875,-0.09765625,-0.18310546875,0.28076171875,-0.732421875,-0.20751953125,-0.390625,-0.28076171875,0.64697265625,-0.2685546875,1.1962890625,-0.2197265625,0.439453125,-0.45166015625,-0.23193359375,0.2685546875,0.69580078125,-0.08544921875,0.244140625,-0.30517578125,0.1220703125,0.40283203125,0.1708984375,0.10986328125,-0.18310546875,0.25634765625,1.30615234375,0.146484375,1.0986328125,0.01220703125,0.35400390625,-0.15869140625,0.28076171875,-0.10986328125,0.20751953125,-0.25634765625,0.9521484375,0.0244140625,0.01220703125,-0.10986328125,1.30615234375,0.048828125,-0.98876953125,0.06103515625,-0.37841796875,-0.2685546875,-0.98876953125,-0.08544921875,-0.8056640625,0.13427734375,-0.67138671875,0.08544921875,1.37939453125,0.20751953125,0.7080078125,-0.06103515625,0.01220703125,-0.146484375,-0.732421875,0,-0.732421875,0.01220703125,-0.6103515625,0.1220703125,-0.15869140625,0.01220703125,-0.15869140625,-0.18310546875,-1.3427734375,-0.18310546875,-0.57373046875,0.1220703125,1.025390625,0.03662109375,0.37841796875,-0.08544921875,-0.03662109375,-0.0732421875,-0.06103515625,-0.048828125,0.146484375,-0.146484375,0.6591796875,-0.18310546875,0.8056640625,-0.048828125,-0.47607421875,0.01220703125,-0.537109375
1,-0.1220703125,-0.37841796875,0.06103515625,-0.390625,-0.146484375,-0.4150390625,-0.30517578125,-0.08544921875,0.09765625,0,0,-0.87890625,-0.0244140625,1.08642578125,-0.18310546875,-0.13427734375,-0.146484375,-0.537109375,0.09765625,-0.15869140625,0.048828125,0.91552734375,-0.15869140625,-0.59814453125,-0.4150390625,4.99267578125,-0.146484375,7.97119140625,-0.35400390625,7.4462890625,0,5.99365234375,-0.10986328125,0.25634765625,0.341796875,-0.91552734375,-0.30517578125,-0.42724609375,-0.47607421875,-0.76904296875,-0.0732421875,-0.1953125,0.28076171875,-0.7080078125,-0.23193359375,-0.40283203125,-0.29296875,0.62255859375,-0.25634765625,1.1962890625,-0.2685546875,0.439453125,-0.40283203125,-0.244140625,0.35400390625,0.68359375,-0.0732421875,0.2685546875,-0.3662109375,0.146484375,0.341796875,0.1708984375,0.048828125,-0.15869140625,0.341796875,1.86767578125,0.0732421875,1.15966796875,-0.03662109375,0.4150390625,-0.15869140625,0.35400390625,-0.1708984375,0.23193359375,-0.25634765625,0.9765625,0.01220703125,0.01220703125,-0.06103515625,1.30615234375,0.048828125,-0.98876953125,0.0732421875,-0.42724609375,-0.35400390625,-1.0009765625,-0.146484375,-0.81787109375,0.146484375,-0.1220703125,0.15869140625,2.33154296875,0.146484375,1.28173828125,-0.01220703125,0.67138671875,-0.18310546875,-0.74462890625,0.01220703125,-0.74462890625,0.0244140625,-0.62255859375,0.1220703125,-0.1708984375,-0.08544921875,-0.18310546875,-0.32958984375,-1.3427734375,-0.2197265625,-0.6103515625,0.048828125,0.96435546875,0.048828125,0.3662109375,-0.09765625,-0.0244140625,-0.0732421875,-0.08544921875,-0.06103515625,0.13427734375,-0.15869140625,0.68359375,-0.15869140625,0.76904296875,-0.06103515625,-0.50048828125,0.0244140625,-0.54931640625
1,-0.15869140625,-0.40283203125,0.0244140625,-0.37841796875,-0.1220703125,-0.42724609375,-0.29296875,-0.0732421875,0.03662109375,0,0.0244140625,-0.87890625,-0.146484375,1.06201171875,-0.1708984375,-0.1220703125,-0.10986328125,-0.537109375,0.08544921875,-0.18310546875,0.01220703125,0.9033203125,-0.09765625,-0.6103515625,-0.35400390625,5.33447265625,-0.13427734375,8.544921875,-0.2197265625,7.84912109375,-0.01220703125,6.31103515625,-0.1953125,0.28076171875,0.2685546875,-0.91552734375,-0.32958984375,-0.45166015625,-0.48828125,-0.76904296875,-0.06103515625,-0.20751953125,0.341796875,-0.64697265625,-0.1953125,-0.37841796875,-0.25634765625,0.62255859375,-0.29296875,1.18408203125,-0.30517578125,0.45166015625,-0.23193359375,-0.2197265625,0.42724609375,0.69580078125,-0.08544921875,0.2685546875,-0.390625,0.1220703125,0.30517578125,0.15869140625,0.0244140625,-0.13427734375,0.28076171875,2.55126953125,-0.01220703125,1.25732421875,-0.09765625,0.50048828125,-0.10986328125,0.47607421875,-0.244140625,0.23193359375,-0.244140625,0.96435546875,0.01220703125,0.01220703125,0,1.2939453125,0.01220703125,-1.0009765625,0.09765625,-0.4150390625,-0.439453125,-0.98876953125,-0.20751953125,-0.84228515625,0.20751953125,0.4638671875,0.244140625,3.3935546875,0.09765625,1.91650390625,0.10986328125,1.45263671875,-0.13427734375,-0.72021484375,0.03662109375,-0.7568359375,0.048828125,-0.634765625,0.08544921875,-0.15869140625,-0.1220703125,-0.20751953125,-0.45166015625,-1.33056640625,-0.23193359375,-0.634765625,0,0.927734375,0.03662109375,0.35400390625,-0.08544921875,0.01220703125,-0.08544921875,-0.08544921875,-0.03662109375,0.1708984375,-0.1708984375,0.69580078125,-0.13427734375,0.74462890625,-0.06103515625,-0.5126953125,0.06103515625,-0.5615234375
1,-0.15869140625,-0.40283203125,0.03662109375,-0.35400390625,-0.1220703125,-0.42724609375,-0.28076171875,-0.048828125,-0.03662109375,0,0.06103515625,-0.87890625,-0.244140625,1.07421875,-0.146484375,-0.1220703125,-0.06103515625,-0.537109375,0.0732421875,-0.1708984375,-0.0244140625,0.87890625,-0.0732421875,-0.5859375,-0.29296875,5.48095703125,-0.09765625,8.8134765625,-0.048828125,8.056640625,-0.03662109375,6.45751953125,-0.244140625,0.28076171875,0.18310546875,-0.91552734375,-0.30517578125,-0.4638671875,-0.48828125,-0.7568359375,0.0244140625,-0.2197265625,0.30517578125,-0.6103515625,-0.1220703125,-0.37841796875,-0.25634765625,0.62255859375,-0.30517578125,1.15966796875,-0.30517578125,0.439453125,-0.2197265625,-0.18310546875,0.537109375,0.72021484375,-0.146484375,0.29296875,-0.48828125,0.10986328125,0.29296875,0.146484375,-0.06103515625,-0.10986328125,0.244140625,3.35693359375,-0.08544921875,1.3671875,-0.1708984375,0.6103515625,-0.0732421875,0.59814453125,-0.30517578125,0.244140625,-0.1953125,0.93994140625,0.01220703125,-0.01220703125,0.06103515625,1.2939453125,-0.03662109375,-1.01318359375,0.1220703125,-0.4150390625,-0.50048828125,-1.0009765625,-0.18310546875,-0.830078125,0.2197265625,1.06201171875,0.23193359375,4.50439453125,0.0732421875,2.57568359375,0.2197265625,2.24609375,-0.09765625,-0.72021484375,0.0244140625,-0.76904296875,0.06103515625,-0.62255859375,0.10986328125,-0.15869140625,-0.0244140625,-0.244140625,-0.30517578125,-1.2939453125,-0.18310546875,-0.67138671875,0.03662109375,0.87890625,0.048828125,0.32958984375,-0.08544921875,0.0244140625,-0.0732421875,-0.08544921875,-0.048828125,0.18310546875,-0.20751953125,0.64697265625,-0.13427734375,0.732421875,-0.0732421875,-0.50048828125,0.048828125,-0.57373046875
1,-0.13427734375,-0.390625,0.01220703125,-0.35400390625,-0.10986328125,-0.42724609375,-0.25634765625,-0.06103515625,-0.0732421875,0,0.10986328125,-0.89111328125,-0.29296875,1.07421875,-0.1220703125,-0.146484375,-0.048828125,-0.52490234375,0.048828125,-0.1708984375,-0.0732421875,0.87890625,-0.08544921875,-0.5859375,-0.20751953125,5.46875,-0.06103515625,8.7646484375,0.0732421875,8.0322265625,-0.06103515625,6.396484375,-0.3173828125,0.30517578125,0.18310546875,-0.927734375,-0.25634765625,-0.4638671875,-0.48828125,-0.7568359375,0.09765625,-0.2197265625,0.2685546875,-0.54931640625,-0.0244140625,-0.37841796875,-0.23193359375,0.6103515625,-0.32958984375,1.1474609375,-0.341796875,0.45166015625,-0.2197265625,-0.18310546875,0.54931640625,0.7080078125,-0.1708984375,0.29296875,-0.439453125,0.0732421875,0.30517578125,0.146484375,-0.0244140625,-0.13427734375,0.29296875,4.33349609375,-0.13427734375,1.47705078125,-0.1953125,0.7080078125,-0.0244140625,0.69580078125,-0.32958984375,0.244140625,-0.1953125,0.87890625,0,-0.0244140625,0.18310546875,1.28173828125,-0.0732421875,-0.98876953125,0.15869140625,-0.4150390625,-0.537109375,-1.0009765625,-0.15869140625,-0.830078125,0.2197265625,1.5625,0.146484375,5.5908203125,0,3.1982421875,0.2685546875,2.94189453125,0,-0.72021484375,0,-0.7568359375,0.048828125,-0.62255859375,0.146484375,-0.15869140625,-0.06103515625,-0.3173828125,-0.32958984375,-1.28173828125,-0.244140625,-0.7080078125,-0.048828125,0.8544921875,0.048828125,0.3173828125,-0.09765625,0.03662109375,-0.06103515625,-0.06103515625,-0.048828125,0.1953125,-0.2197265625,0.5859375,-0.15869140625,0.72021484375,-0.08544921875,-0.5126953125,0.048828125,-0.5859375
1,-0.13427734375,-0.37841796875,-0.01220703125,-0.3662109375,-0.1220703125,-0.4150390625,-0.23193359375,-0.06103515625,-0.08544921875,-0.01220703125,0.10986328125,-0.89111328125,-0.32958984375,1.08642578125,-0.09765625,-0.1708984375,-0.0732421875,-0.52490234375,-0.0244140625,-0.15869140625,-0.06103515625,0.86669921875,-0.08544921875,-0.57373046875,-0.1220703125,5.23681640625,-0.0244140625,8.43505859375,0.146484375,7.8125,-0.03662109375,6.14013671875,-0.3173828125,0.30517578125,0.1708984375,-0.91552734375,-0.18310546875,-0.4638671875,-0.48828125,-0.76904296875,0.1953125,-0.20751953125,0.28076171875,-0.47607421875,0.0732421875,-0.390625,-0.2197265625,0.62255859375,-0.30517578125,1.13525390625,-0.42724609375,0.47607421875,-0.1953125,-0.1708984375,0.54931640625,0.72021484375,-0.18310546875,0.28076171875,-0.45166015625,0.06103515625,0.3662109375,0.1220703125,-0.048828125,-0.146484375,0.2685546875,5.28564453125,-0.15869140625,1.611328125,-0.1708984375,0.81787109375,0.01220703125,0.84228515625,-0.30517578125,0.25634765625,-0.1953125,0.84228515625,-0.01220703125,-0.03662109375,0.2685546875,1.2939453125,-0.09765625,-1.0009765625,0.13427734375,-0.42724609375,-0.5615234375,-1.025390625,-0.08544921875,-0.84228515625,0.23193359375,1.9775390625,0.09765625,6.5673828125,0.0244140625,3.69873046875,0.25634765625,3.515625,0.03662109375,-0.72021484375,0.01220703125,-0.7568359375,0.03662109375,-0.5859375,0.146484375,-0.1708984375,0,-0.3662109375,-0.2685546875,-1.2939453125,-0.23193359375,-0.7568359375,0.03662109375,0.78125,0.048828125,0.35400390625,-0.08544921875,0.03662109375,-0.0732421875,-0.06103515625,-0.0732421875,0.23193359375,-0.1953125,0.5126953125,-0.1708984375,0.732421875,-0.06103515625,-0.52490234375,0.03662109375,-0.59814453125
1,-0.146484375,-0.3662109375,-0.01220703125,-0.37841796875,-0.13427734375,-0.390625,-0.1953125,-0.06103515625,-0.06103515625,-0.0244140625,0.1220703125,-0.9033203125,-0.37841796875,1.11083984375,-0.10986328125,-0.1708984375,-0.1220703125,-0.537109375,-0.048828125,-0.15869140625,-0.03662109375,0.86669921875,-0.13427734375,-0.5859375,-0.03662109375,4.84619140625,-0.048828125,7.861328125,0.146484375,7.3486328125,-0.01220703125,5.6884765625,-0.30517578125,0.3173828125,0.18310546875,-0.91552734375,-0.10986328125,-0.439453125,-0.45166015625,-0.7568359375,0.25634765625,-0.20751953125,0.28076171875,-0.42724609375,0.1953125,-0.37841796875,-0.20751953125,0.64697265625,-0.3173828125,1.123046875,-0.48828125,0.4638671875,-0.2197265625,-0.1708984375,0.54931640625,0.7080078125,-0.20751953125,0.29296875,-0.4638671875,0.09765625,0.37841796875,0.08544921875,-0.146484375,-0.13427734375,0.1953125,6.2744140625,-0.146484375,1.72119140625,-0.13427734375,0.927734375,0.0244140625,0.927734375,-0.29296875,0.2685546875,-0.18310546875,0.78125,-0.0244140625,-0.0244140625,0.3173828125,1.2939453125,-0.09765625,-1.01318359375,0.1220703125,-0.4150390625,-0.54931640625,-1.0498046875,-0.03662109375,-0.84228515625,0.1220703125,2.294921875,0.10986328125,7.43408203125,0.01220703125,4.06494140625,0.1953125,3.91845703125,0.03662109375,-0.74462890625,0.0244140625,-0.74462890625,0.03662109375,-0.5859375,0.13427734375,-0.18310546875,0.01220703125,-0.45166015625,-0.1953125,-1.30615234375,-0.28076171875,-0.78125,0.01220703125,0.74462890625,0.08544921875,0.35400390625,-0.09765625,0.0244140625,-0.08544921875,-0.06103515625,-0.06103515625,0.23193359375,-0.1953125,0.45166015625,-0.18310546875,0.74462890625,-0.03662109375,-0.50048828125,0.048828125,-0.59814453125
1,-0.13427734375,-0.35400390625,-0.01220703125,-0.390625,-0.15869140625,-0.4150390625,-0.1708984375,-0.08544921875,-0.03662109375,-0.03662109375,0.10986328125,-0.87890625,-0.439453125,1.11083984375,-0.10986328125,-0.1953125,-0.15869140625,-0.54931640625,-0.09765625,-0.15869140625,-0.0244140625,0.86669921875,-0.18310546875,-0.57373046875,-0.01220703125,4.30908203125,-0.08544921875,7.01904296875,0.1220703125,6.73828125,0.0244140625,5.126953125,-0.28076171875,0.3173828125,0.1708984375,-0.9033203125,-0.06103515625,-0.4150390625,-0.42724609375,-0.78125,0.2685546875,-0.20751953125,0.28076171875,-0.390625,0.2685546875,-0.37841796875,-0.15869140625,0.634765625,-0.30517578125,1.11083984375,-0.537109375,0.45166015625,-0.23193359375,-0.1708984375,0.5126953125,0.68359375,-0.18310546875,0.3173828125,-0.42724609375,0.09765625,0.40283203125,0.06103515625,-0.1953125,-0.1220703125,0.1220703125,7.16552734375,-0.18310546875,1.8310546875,-0.08544921875,1.025390625,-0.0244140625,1.0498046875,-0.28076171875,0.2685546875,-0.10986328125,0.7568359375,-0.03662109375,-0.03662109375,0.35400390625,1.2939453125,-0.10986328125,-1.025390625,0.10986328125,-0.40283203125,-0.45166015625,-1.0498046875,0,-0.84228515625,0.0732421875,2.4658203125,0.1953125,7.9833984375,0.08544921875,4.28466796875,0.1220703125,4.16259765625,0.03662109375,-0.72021484375,0.03662109375,-0.74462890625,0.0244140625,-0.54931640625,0.13427734375,-0.1953125,-0.01220703125,-0.52490234375,-0.1220703125,-1.33056640625,-0.32958984375,-0.81787109375,0.0244140625,0.69580078125,0.08544921875,0.3662109375,-0.08544921875,0.0244140625,-0.08544921875,-0.03662109375,-0.08544921875,0.244140625,-0.18310546875,0.35400390625,-0.1953125,0.78125,-0.03662109375,-0.5126953125,0.06103515625,-0.59814453125
1,-0.15869140625,-0.32958984375,0,-0.390625,-0.1220703125,-0.40283203125,-0.15869140625,-0.0732421875,-0.03662109375,-0.048828125,0.08544921875,-0.9033203125,-0.50048828125,1.123046875,-0.08544921875,-0.1953125,-0.20751953125,-0.5615234375,-0.13427734375,-0.15869140625,0.01220703125,0.8544921875,-0.23193359375,-0.57373046875,0,3.67431640625,-0.1708984375,6.005859375,0,5.96923828125,0.0732421875,4.443359375,-0.244140625,0.2685546875,0.13427734375,-0.9033203125,-0.048828125,-0.4150390625,-0.37841796875,-0.78125,0.2197265625,-0.20751953125,0.23193359375,-0.37841796875,0.30517578125,-0.40283203125,-0.09765625,0.634765625,-0.341796875,1.1474609375,-0.5126953125,0.439453125,-0.18310546875,-0.15869140625,0.50048828125,0.69580078125,-0.1708984375,0.37841796875,-0.45166015625,0.1220703125,0.42724609375,0.08544921875,-0.28076171875,-0.0732421875,0,7.861328125,-0.1953125,1.91650390625,-0.03662109375,1.13525390625,-0.0732421875,1.0986328125,-0.1953125,0.23193359375,-0.09765625,0.79345703125,-0.0244140625,-0.06103515625,0.30517578125,1.28173828125,-0.08544921875,-1.025390625,0.09765625,-0.390625,-0.341796875,-1.07421875,-0.0244140625,-0.84228515625,-0.01220703125,2.490234375,0.10986328125,8.26416015625,0.13427734375,4.35791015625,-0.01220703125,4.19921875,0,-0.732421875,0.06103515625,-0.732421875,0.01220703125,-0.5615234375,0.1220703125,-0.20751953125,-0.0244140625,-0.57373046875,-0.08544921875,-1.35498046875,-0.341796875,-0.8056640625,0.01220703125,0.72021484375,0.06103515625,0.37841796875,-0.09765625,0.01220703125,-0.08544921875,-0.0244140625,-0.0732421875,0.2197265625,-0.18310546875,0.32958984375,-0.20751953125,0.81787109375,-0.03662109375,-0.50048828125,0.048828125,-0.5615234375
1,-0.13427734375,-0.35400390625,-0.0244140625,-0.37841796875,-0.1220703125,-0.4150390625,-0.10986328125,-0.0732421875,-0.01220703125,-0.048828125,0.09765625,-0.89111328125,-0.5615234375,1.11083984375,-0.0244140625,-0.1953125,-0.18310546875,-0.57373046875,-0.18310546875,-0.146484375,0.06103515625,0.86669921875,-0.28076171875,-0.59814453125,-0.0244140625,2.96630859375,-0.244140625,4.91943359375,-0.1220703125,5.1513671875,0.10986328125,3.72314453125,-0.244140625,0.2197265625,0.18310546875,-0.87890625,-0.03662109375,-0.390625,-0.28076171875,-0.78125,0.13427734375,-0.1953125,0.13427734375,-0.40283203125,0.25634765625,-0.390625,-0.03662109375,0.6591796875,-0.341796875,1.171875,-0.4150390625,0.439453125,-0.2197265625,-0.18310546875,0.48828125,0.67138671875,-0.15869140625,0.4638671875,-0.439453125,0.23193359375,0.48828125,0.146484375,-0.2197265625,0.01220703125,0.0732421875,8.349609375,-0.1953125,1.9775390625,0.01220703125,1.18408203125,-0.10986328125,1.15966796875,-0.15869140625,0.20751953125,-0.0244140625,0.8056640625,0.01220703125,-0.03662109375,0.244140625,1.30615234375,-0.1220703125,-1.0498046875,0.0732421875,-0.37841796875,-0.244140625,-1.06201171875,-0.048828125,-0.84228515625,-0.048828125,2.42919921875,-0.01220703125,8.23974609375,0.13427734375,4.296875,-0.08544921875,4.08935546875,-0.0244140625,-0.72021484375,0.06103515625,-0.732421875,-0.0244140625,-0.57373046875,0.1220703125,-0.1953125,-0.0732421875,-0.52490234375,-0.08544921875,-1.318359375,-0.35400390625,-0.7568359375,-0.03662109375,0.76904296875,0.048828125,0.390625,-0.1220703125,0.01220703125,-0.0732421875,0,-0.03662109375,0.20751953125,-0.18310546875,0.2685546875,-0.23193359375,0.830078125,-0.048828125,-0.50048828125,0.048828125,-0.537109375
1,-0.146484375,-0.341796875,-0.03662109375,-0.40283203125,-0.15869140625,-0.4150390625,-0.10986328125,-0.0732421875,-0.03662109375,-0.06103515625,0.0732421875,-0.9033203125,-0.634765625,1.11083984375,0.01220703125,-0.1708984375,-0.18310546875,-0.57373046875,-0.1953125,-0.15869140625,0.0732421875,0.87890625,-0.32958984375,-0.59814453125,-0.048828125,2.2705078125,-0.25634765625,3.7841796875,-0.23193359375,4.28466796875,0.09765625,2.978515625,-0.23193359375,0.13427734375,0.18310546875,-0.86669921875,-0.06103515625,-0.390625,-0.29296875,-0.79345703125,0.01220703125,-0.1953125,0.1708984375,-0.47607421875,0.18310546875,-0.390625,0.03662109375,0.64697265625,-0.35400390625,1.1962890625,-0.37841796875,0.439453125,-0.30517578125,-0.1953125,0.4638671875,0.67138671875,-0.0732421875,0.57373046875,-0.439453125,0.3173828125,0.57373046875,0.23193359375,-0.09765625,0.10986328125,0.0732421875,8.544921875,-0.1953125,1.9775390625,0.048828125,1.20849609375,-0.13427734375,1.1474609375,-0.15869140625,0.1953125,0,0.86669921875,0.048828125,-0.01220703125,0.1953125,1.28173828125,-0.13427734375,-1.03759765625,0.048828125,-0.390625,-0.1220703125,-1.06201171875,-0.048828125,-0.830078125,-0.10986328125,2.24609375,-0.10986328125,7.94677734375,0.10986328125,4.1015625,-0.09765625,3.84521484375,-0.0244140625,-0.72021484375,0.03662109375,-0.72021484375,-0.03662109375,-0.57373046875,0.08544921875,-0.18310546875,-0.03662109375,-0.439453125,-0.0244140625,-1.25732421875,-0.30517578125,-0.6591796875,-0.01220703125,0.86669921875,0.06103515625,0.37841796875,-0.1220703125,0.01220703125,-0.06103515625,0.0244140625,-0.01220703125,0.2197265625,-0.20751953125,0.23193359375,-0.23193359375,0.830078125,-0.06103515625,-0.48828125,0.048828125,-0.48828125
0,-0.13427734375,-0.37841796875,-0.06103515625,-0.390625,-0.18310546875,-0.42724609375,-0.06103515625,-0.0732421875,-0.0244140625,-0.048828125,0.0732421875,-0.9033203125,-0.62255859375,1.11083984375,-0.03662109375,-0.1708984375,-0.18310546875,-0.59814453125,-0.20751953125,-0.146484375,0.0732421875,0.86669921875,-0.32958984375,-0.59814453125,-0.09765625,1.5869140625,-0.29296875,2.64892578125,-0.29296875,3.41796875,0.08544921875,2.24609375,-0.2197265625,0.048828125,0.1953125,-0.87890625,-0.08544921875,-0.40283203125,-0.30517578125,-0.79345703125,-0.0244140625,-0.1953125,0.13427734375,-0.54931640625,0.146484375,-0.35400390625,0.048828125,0.634765625,-0.37841796875,1.1962890625,-0.30517578125,0.439453125,-0.341796875,-0.1953125,0.47607421875,0.68359375,-0.06103515625,0.72021484375,-0.48828125,0.4150390625,0.5859375,0.35400390625,-0.06103515625,0.244140625,-0.06103515625,8.45947265625,-0.146484375,1.953125,0.0732421875,1.20849609375,-0.10986328125,1.15966796875,-0.1708984375,0.1953125,0.048828125,0.93994140625,0,-0.0244140625,0.13427734375,1.2939453125,-0.10986328125,-1.01318359375,0.03662109375,-0.37841796875,-0.0732421875,-1.03759765625,-0.03662109375,-0.81787109375,-0.1220703125,2.001953125,-0.1953125,7.4462890625,0.0732421875,3.79638671875,-0.08544921875,3.52783203125,-0.03662109375,-0.72021484375,0.03662109375,-0.72021484375,-0.0732421875,-0.5859375,0.0732421875,-0.1708984375,-0.03662109375,-0.2685546875,0.0244140625,-1.123046875,-0.3173828125,-0.54931640625,-0.03662109375,1.0498046875,0.0732421875,0.37841796875,-0.1220703125,0.01220703125,-0.0732421875,0.03662109375,0.01220703125,0.2197265625,-0.1953125,0.1953125,-0.23193359375,0.8544921875,-0.03662109375,-0.4638671875,0.06103515625,-0.48828125
0,-0.146484375,-0.3662109375,-0.048828125,-0.390625,-0.18310546875,-0.42724609375,-0.0244140625,-0.08544921875,-0.01220703125,-0.0732421875,0.06103515625,-0.89111328125,-0.6103515625,1.08642578125,-0.1220703125,-0.146484375,-0.18310546875,-0.5859375,-0.15869140625,-0.15869140625,0.08544921875,0.87890625,-0.30517578125,-0.6103515625,-0.1953125,0.96435546875,-0.2685546875,1.611328125,-0.244140625,2.64892578125,0.01220703125,1.5869140625,-0.244140625,-0.048828125,0.1953125,-0.86669921875,-0.09765625,-0.42724609375,-0.341796875,-0.8056640625,-0.06103515625,-0.1953125,0.10986328125,-0.64697265625,0.09765625,-0.32958984375,0.0244140625,0.634765625,-0.40283203125,1.20849609375,-0.30517578125,0.439453125,-0.42724609375,-0.1708984375,0.390625,0.67138671875,-0.048828125,0.830078125,-0.4638671875,0.50048828125,0.64697265625,0.47607421875,0,0.40283203125,-0.10986328125,8.09326171875,-0.08544921875,1.9287109375,0.0732421875,1.171875,-0.08544921875,1.11083984375,-0.15869140625,0.1953125,0.06103515625,0.93994140625,-0.0244140625,-0.0244140625,0.03662109375,1.28173828125,-0.10986328125,-1.01318359375,0.03662109375,-0.40283203125,-0.03662109375,-1.0009765625,-0.048828125,-0.8056640625,-0.06103515625,1.7333984375,-0.244140625,6.79931640625,0.06103515625,3.47900390625,-0.03662109375,3.16162109375,0,-0.732421875,0.06103515625,-0.732421875,-0.10986328125,-0.5859375,0.03662109375,-0.146484375,0,-0.09765625,0.0244140625,-0.9765625,-0.30517578125,-0.42724609375,0,1.220703125,0.06103515625,0.390625,-0.1220703125,0.01220703125,-0.0732421875,0.0244140625,0.01220703125,0.23193359375,-0.1953125,0.146484375,-0.2197265625,0.84228515625,-0.03662109375,-0.45166015625,0.0244140625,-0.48828125
0,-0.13427734375,-0.3662109375,-0.06103515625,-0.390625,-0.1953125,-0.42724609375,-0.03662109375,-0.09765625,-0.03662109375,-0.048828125,0.10986328125,-0.9033203125,-0.537109375,1.11083984375,-0.244140625,-0.1708984375,-0.15869140625,-0.5859375,-0.10986328125,-0.15869140625,0.06103515625,0.86669921875,-0.23193359375,-0.6103515625,-0.25634765625,0.390625,-0.2685546875,0.67138671875,-0.15869140625,1.94091796875,-0.08544921875,1.0009765625,-0.23193359375,-0.15869140625,0.15869140625,-0.87890625,-0.1708984375,-0.47607421875,-0.37841796875,-0.8056640625,-0.03662109375,-0.2197265625,0.0244140625,-0.732421875,0.03662109375,-0.3662109375,0,0.62255859375,-0.390625,1.18408203125,-0.25634765625,0.45166015625,-0.47607421875,-0.146484375,0.29296875,0.69580078125,-0.03662109375,0.9521484375,-0.40283203125,0.5615234375,0.68359375,0.59814453125,0.08544921875,0.52490234375,-0.146484375,7.568359375,0,1.8798828125,0.03662109375,1.11083984375,-0.03662109375,1.0498046875,-0.10986328125,0.1953125,0.0732421875,0.98876953125,-0.048828125,-0.01220703125,-0.0244140625,1.26953125,-0.06103515625,-1.0009765625,0.03662109375,-0.390625,-0.03662109375,-1.0009765625,-0.01220703125,-0.8056640625,-0.048828125,1.4404296875,-0.1953125,6.09130859375,0.048828125,3.125,-0.01220703125,2.7587890625,-0.0244140625,-0.72021484375,0.08544921875,-0.74462890625,-0.10986328125,-0.59814453125,0,-0.15869140625,-0.01220703125,0.0732421875,-0.048828125,-0.84228515625,-0.3173828125,-0.30517578125,0.0244140625,1.40380859375,0.048828125,0.37841796875,-0.13427734375,0,-0.0732421875,0.048828125,0.03662109375,0.20751953125,-0.20751953125,0.09765625,-0.2197265625,0.84228515625,-0.0732421875,-0.45166015625,0.01220703125,-0.48828125
0,-0.13427734375,-0.37841796875,-0.10986328125,-0.37841796875,-0.1953125,-0.40283203125,-0.03662109375,-0.08544921875,-0.048828125,-0.03662109375,0.09765625,-0.89111328125,-0.45166015625,1.0986328125,-0.32958984375,-0.15869140625,-0.1220703125,-0.57373046875,-0.0244140625,-0.15869140625,0.06103515625,0.87890625,-0.15869140625,-0.6103515625,-0.341796875,-0.08544921875,-0.341796875,-0.146484375,-0.08544921875,1.318359375,-0.20751953125,0.50048828125,-0.2197265625,-0.25634765625,0.09765625,-0.9033203125,-0.1953125,-0.50048828125,-0.439453125,-0.81787109375,-0.03662109375,-0.25634765625,0.01220703125,-0.79345703125,0.0244140625,-0.35400390625,-0.048828125,0.5859375,-0.37841796875,1.171875,-0.244140625,0.4638671875,-0.52490234375,-0.09765625,0.20751953125,0.68359375,-0.048828125,1.0498046875,-0.30517578125,0.57373046875,0.74462890625,0.68359375,0.15869140625,0.6103515625,-0.146484375,6.92138671875,0.08544921875,1.806640625,0,1.0498046875,-0.01220703125,0.98876953125,-0.0244140625,0.2197265625,0.10986328125,0.9765625,-0.08544921875,-0.01220703125,-0.08544921875,1.2939453125,-0.0244140625,-1.01318359375,0.048828125,-0.40283203125,-0.08544921875,-1.0009765625,0.01220703125,-0.79345703125,0.03662109375,1.171875,-0.2197265625,5.3955078125,0.09765625,2.81982421875,0.01220703125,2.45361328125,-0.09765625,-0.7080078125,0.1220703125,-0.7568359375,-0.09765625,-0.6103515625,-0.03662109375,-0.13427734375,0.048828125,0.18310546875,-0.09765625,-0.732421875,-0.28076171875,-0.244140625,0.0732421875,1.52587890625,0.048828125,0.3662109375,-0.146484375,0,-0.0732421875,0.03662109375,0.048828125,0.244140625,-0.2197265625,0.06103515625,-0.1953125,0.81787109375,-0.048828125,-0.45166015625,0,-0.48828125
0,-0.15869140625,-0.37841796875,-0.13427734375,-0.3662109375,-0.244140625,-0.40283203125,-0.03662109375,-0.0732421875,-0.03662109375,-0.03662109375,0.09765625,-0.87890625,-0.3662109375,1.0986328125,-0.3662109375,-0.1708984375,-0.0732421875,-0.5859375,0.03662109375,-0.146484375,0.06103515625,0.87890625,-0.0732421875,-0.59814453125,-0.3662109375,-0.4638671875,-0.40283203125,-0.81787109375,0.03662109375,0.79345703125,-0.28076171875,0.0732421875,-0.23193359375,-0.3173828125,0.10986328125,-0.9033203125,-0.23193359375,-0.5126953125,-0.52490234375,-0.830078125,0,-0.2685546875,-0.01220703125,-0.830078125,0.01220703125,-0.37841796875,-0.13427734375,0.5859375,-0.35400390625,1.1474609375,-0.23193359375,0.4638671875,-0.57373046875,-0.06103515625,0.06103515625,0.72021484375,-0.0732421875,1.07421875,-0.23193359375,0.59814453125,0.78125,0.7568359375,0.25634765625,0.6591796875,-0.1220703125,6.23779296875,0.1220703125,1.7333984375,-0.0244140625,0.98876953125,0.01220703125,0.927734375,0.048828125,0.23193359375,0.1220703125,0.91552734375,-0.15869140625,0,-0.15869140625,1.30615234375,0.0244140625,-0.98876953125,0.06103515625,-0.4150390625,-0.146484375,-0.98876953125,0.048828125,-0.78125,0.08544921875,0.93994140625,-0.23193359375,4.82177734375,0.10986328125,2.5390625,-0.01220703125,2.1728515625,-0.1708984375,-0.7080078125,0.18310546875,-0.7568359375,-0.1220703125,-0.6103515625,-0.06103515625,-0.1220703125,0.0732421875,0.244140625,-0.25634765625,-0.64697265625,-0.28076171875,-0.23193359375,0.08544921875,1.57470703125,0.0244140625,0.3662109375,-0.146484375,0.01220703125,-0.08544921875,0.01220703125,0.048828125,0.2197265625,-0.1953125,0.0244140625,-0.18310546875,0.81787109375,-0.048828125,-0.45166015625,-0.01220703125,-0.50048828125
0,-0.146484375,-0.37841796875,-0.146484375,-0.3662109375,-0.25634765625,-0.42724609375,-0.048828125,-0.06103515625,0,-0.0244140625,0.08544921875,-0.89111328125,-0.244140625,1.08642578125,-0.40283203125,-0.15869140625,-0.01220703125,-0.5859375,0.09765625,-0.15869140625,0.0732421875,0.9033203125,-0.0244140625,-0.6103515625,-0.30517578125,-0.7568359375,-0.35400390625,-1.33056640625,0.10986328125,0.37841796875,-0.28076171875,-0.28076171875,-0.23193359375,-0.35400390625,0.0732421875,-0.91552734375,-0.25634765625,-0.537109375,-0.59814453125,-0.830078125,0.0244140625,-0.29296875,-0.01220703125,-0.84228515625,0.01220703125,-0.40283203125,-0.1953125,0.5859375,-0.3173828125,1.1474609375,-0.2685546875,0.47607421875,-0.59814453125,-0.03662109375,0.03662109375,0.732421875,-0.1220703125,1.06201171875,-0.15869140625,0.54931640625,0.84228515625,0.78125,0.244140625,0.6591796875,-0.09765625,5.65185546875,0.23193359375,1.6845703125,-0.048828125,0.91552734375,0.06103515625,0.89111328125,0.15869140625,0.25634765625,0.1220703125,0.89111328125,-0.18310546875,-0.01220703125,-0.15869140625,1.30615234375,0.03662109375,-0.98876953125,0.0732421875,-0.4150390625,-0.20751953125,-1.01318359375,0.06103515625,-0.8056640625,0.10986328125,0.7568359375,-0.18310546875,4.39453125,0.13427734375,2.35595703125,0,1.9775390625,-0.2197265625,-0.69580078125,0.20751953125,-0.78125,-0.15869140625,-0.59814453125,-0.0244140625,-0.146484375,0.09765625,0.20751953125,-0.341796875,-0.67138671875,-0.28076171875,-0.29296875,0.09765625,1.52587890625,-0.01220703125,0.35400390625,-0.146484375,0.01220703125,-0.06103515625,0.0244140625,0.06103515625,0.2197265625,-0.20751953125,-0.01220703125,-0.1708984375,0.81787109375,-0.048828125,-0.4638671875,-0.01220703125,-0.50048828125
0,-0.13427734375,-0.35400390625,-0.1708984375,-0.37841796875,-0.244140625,-0.40283203125,-0.03662109375,-0.048828125,0.0732421875,0,0.048828125,-0.9033203125,-0.1220703125,1.0986328125,-0.4150390625,-0.15869140625,0,-0.59814453125,0.13427734375,-0.15869140625,0.10986328125,0.89111328125,0.0244140625,-0.6103515625,-0.23193359375,-1.0009765625,-0.29296875,-1.69677734375,0.13427734375,0.03662109375,-0.1953125,-0.54931640625,-0.29296875,-0.40283203125,0.0244140625,-0.927734375,-0.244140625,-0.537109375,-0.6103515625,-0.81787109375,0.01220703125,-0.2685546875,0.10986328125,-0.81787109375,0.06103515625,-0.42724609375,-0.25634765625,0.59814453125,-0.23193359375,1.123046875,-0.30517578125,0.4638671875,-0.64697265625,-0.048828125,-0.01220703125,0.7080078125,-0.1708984375,0.9765625,-0.09765625,0.52490234375,0.9033203125,0.74462890625,0.244140625,0.62255859375,-0.1220703125,5.18798828125,0.30517578125,1.64794921875,-0.048828125,0.89111328125,0.06103515625,0.84228515625,0.25634765625,0.2685546875,0.0732421875,0.830078125,-0.244140625,-0.0244140625,-0.13427734375,1.30615234375,0.06103515625,-1.0009765625,0.08544921875,-0.4150390625,-0.25634765625,-1.03759765625,0.0732421875,-0.79345703125,0.1220703125,0.62255859375,-0.1220703125,4.11376953125,0.146484375,2.23388671875,0.03662109375,1.8310546875,-0.2197265625,-0.7080078125,0.244140625,-0.76904296875,-0.15869140625,-0.57373046875,0.0244140625,-0.13427734375,0.10986328125,0.0732421875,-0.3173828125,-0.7568359375,-0.29296875,-0.40283203125,0.10986328125,1.3916015625,-0.06103515625,0.35400390625,-0.15869140625,0.01220703125,-0.0732421875,-0.01220703125,0.08544921875,0.20751953125,-0.20751953125,-0.08544921875,-0.20751953125,0.81787109375,-0.048828125,-0.50048828125,-0.03662109375,-0.52490234375
0,-0.146484375,-0.3662109375,-0.18310546875,-0.3662109375,-0.25634765625,-0.40283203125,-0.06103515625,-0.048828125,0.10986328125,-0.0244140625,0,-0.9033203125,-0.0244140625,1.11083984375,-0.439453125,-0.146484375,0,-0.57373046875,0.1708984375,-0.15869140625,0.13427734375,0.9033203125,0.01220703125,-0.59814453125,-0.15869140625,-1.15966796875,-0.244140625,-1.94091796875,0.08544921875,-0.18310546875,-0.08544921875,-0.732421875,-0.32958984375,-0.390625,-0.03662109375,-0.927734375,-0.1953125,-0.5126953125,-0.634765625,-0.81787109375,-0.01220703125,-0.2685546875,0.1220703125,-0.8056640625,0.08544921875,-0.4150390625,-0.2685546875,0.59814453125,-0.18310546875,1.1474609375,-0.35400390625,0.4638671875,-0.6591796875,-0.048828125,-0.08544921875,0.7080078125,-0.18310546875,0.9033203125,0,0.4638671875,0.89111328125,0.67138671875,0.20751953125,0.50048828125,-0.1708984375,4.9072265625,0.35400390625,1.62353515625,-0.03662109375,0.8544921875,0.048828125,0.81787109375,0.29296875,0.244140625,0.01220703125,0.78125,-0.2685546875,-0.01220703125,-0.10986328125,1.30615234375,0.03662109375,-0.98876953125,0.10986328125,-0.40283203125,-0.29296875,-1.03759765625,0.06103515625,-0.79345703125,0.0732421875,0.52490234375,-0.08544921875,3.99169921875,0.146484375,2.16064453125,0.06103515625,1.7578125,-0.18310546875,-0.72021484375,0.23193359375,-0.78125,-0.1708984375,-0.5615234375,0.03662109375,-0.13427734375,0.10986328125,-0.10986328125,-0.23193359375,-0.87890625,-0.28076171875,-0.5615234375,0.1220703125,1.1962890625,-0.048828125,0.35400390625,-0.15869140625,0.01220703125,-0.06103515625,-0.03662109375,0.09765625,0.20751953125,-0.18310546875,-0.13427734375,-0.23193359375,0.8056640625,-0.0244140625,-0.5126953125,-0.01220703125,-0.52490234375
0,-0.146484375,-0.3662109375,-0.1708984375,-0.35400390625,-0.1953125,-0.4150390625,-0.06103515625,-0.048828125,0.1708984375,-0.0244140625,-0.03662109375,-0.89111328125,0.09765625,1.08642578125,-0.4150390625,-0.146484375,-0.0244140625,-0.5615234375,0.1953125,-0.1708984375,0.09765625,0.89111328125,-0.03662109375,-0.59814453125,-0.06103515625,-1.23291015625,-0.25634765625,-2.03857421875,0.0732421875,-0.29296875,0.06103515625,-0.830078125,-0.35400390625,-0.35400390625,-0.048828125,-0.93994140625,-0.18310546875,-0.50048828125,-0.6103515625,-0.81787109375,-0.03662109375,-0.25634765625,0.15869140625,-0.732421875,0.0732421875,-0.40283203125,-0.23193359375,0.6103515625,-0.08544921875,1.15966796875,-0.45166015625,0.47607421875,-0.69580078125,-0.08544921875,-0.1220703125,0.69580078125,-0.18310546875,0.81787109375,0.0732421875,0.4150390625,0.927734375,0.537109375,0.18310546875,0.4150390625,-0.1708984375,4.79736328125,0.390625,1.611328125,-0.0244140625,0.84228515625,0.0244140625,0.8056640625,0.29296875,0.2197265625,-0.0244140625,0.76904296875,-0.25634765625,-0.01220703125,-0.0732421875,1.2939453125,0.01220703125,-0.98876953125,0.1220703125,-0.40283203125,-0.30517578125,-1.03759765625,0.03662109375,-0.8056640625,0.0244140625,0.4638671875,-0.048828125,3.90625,0.08544921875,2.11181640625,0.10986328125,1.64794921875,-0.146484375,-0.732421875,0.1953125,-0.76904296875,-0.146484375,-0.57373046875,0.048828125,-0.146484375,0.08544921875,-0.2685546875,-0.18310546875,-0.98876953125,-0.29296875,-0.732421875,0.10986328125,1.01318359375,-0.06103515625,0.35400390625,-0.1708984375,0.0244140625,-0.0732421875,-0.06103515625,0.09765625,0.1953125,-0.1708984375,-0.1953125,-0.1953125,0.81787109375,-0.0244140625,-0.50048828125,-0.0244140625,-0.537109375
0,-0.15869140625,-0.35400390625,-0.15869140625,-0.3662109375,-0.20751953125,-0.4150390625,-0.048828125,-0.06103515625,0.15869140625,-0.0244140625,-0.0244140625,-0.927734375,0.18310546875,1.11083984375,-0.3662109375,-0.146484375,-0.048828125,-0.5615234375,0.15869140625,-0.1708984375,0.048828125,0.89111328125,-0.1220703125,-0.5615234375,0.01220703125,-1.18408203125,-0.244140625,-2.0263671875,0.06103515625,-0.28076171875,0.1708984375,-0.81787109375,-0.3662109375,-0.3173828125,-0.0732421875,-0.91552734375,-0.146484375,-0.4638671875,-0.59814453125,-0.8056640625,-0.03662109375,-0.23193359375,0.18310546875,-0.67138671875,0.048828125,-0.3662109375,-0.146484375,0.634765625,-0.06103515625,1.171875,-0.52490234375,0.47607421875,-0.72021484375,-0.146484375,-0.146484375,0.67138671875,-0.15869140625,0.72021484375,0.13427734375,0.35400390625,0.98876953125,0.439453125,0.1953125,0.30517578125,-0.1220703125,4.8095703125,0.4150390625,1.611328125,0,0.84228515625,0,0.79345703125,0.28076171875,0.23193359375,-0.09765625,0.7568359375,-0.25634765625,0.01220703125,-0.03662109375,1.30615234375,0,-0.9765625,0.146484375,-0.4150390625,-0.30517578125,-1.03759765625,-0.01220703125,-0.8056640625,-0.048828125,0.390625,0.0244140625,3.8330078125,0.03662109375,2.05078125,0.09765625,1.55029296875,-0.09765625,-0.732421875,0.10986328125,-0.76904296875,-0.146484375,-0.5615234375,0.08544921875,-0.146484375,0.048828125,-0.4150390625,-0.06103515625,-0.98876953125,-0.2685546875,-0.830078125,0.09765625,0.9033203125,-0.06103515625,0.35400390625,-0.1708984375,0.03662109375,-0.06103515625,-0.06103515625,0.0732421875,0.1953125,-0.18310546875,-0.20751953125,-0.18310546875,0.79345703125,-0.01220703125,-0.5126953125,0.01220703125,-0.52490234375
0,-0.1708984375,-0.3662109375,-0.146484375,-0.390625,-0.18310546875,-0.40283203125,-0.01220703125,-0.0732421875,0.1953125,-0.0244140625,-0.0244140625,-0.9033203125,0.20751953125,1.11083984375,-0.29296875,-0.13427734375,-0.03662109375,-0.57373046875,0.1220703125,-0.15869140625,-0.03662109375,0.89111328125,-0.18310546875,-0.59814453125,0.0732421875,-1.0986328125,-0.3173828125,-1.8798828125,0.06103515625,-0.18310546875,0.25634765625,-0.74462890625,-0.35400390625,-0.341796875,-0.0732421875,-0.927734375,-0.13427734375,-0.4638671875,-0.537109375,-0.79345703125,-0.0244140625,-0.23193359375,0.0732421875,-0.634765625,0.0244140625,-0.35400390625,-0.01220703125,0.62255859375,-0.06103515625,1.1962890625,-0.52490234375,0.47607421875,-0.69580078125,-0.1708984375,-0.146484375,0.6591796875,-0.1220703125,0.64697265625,0.146484375,0.32958984375,0.9033203125,0.32958984375,0.18310546875,0.20751953125,-0.08544921875,4.8828125,0.4150390625,1.62353515625,0.03662109375,0.830078125,-0.08544921875,0.78125,0.28076171875,0.2197265625,-0.1220703125,0.79345703125,-0.1953125,0.01220703125,-0.06103515625,1.2939453125,-0.06103515625,-0.98876953125,0.15869140625,-0.40283203125,-0.25634765625,-1.0009765625,-0.10986328125,-0.8056640625,-0.10986328125,0.29296875,0.10986328125,3.64990234375,-0.03662109375,1.9287109375,0.0732421875,1.3916015625,-0.1220703125,-0.732421875,-0.01220703125,-0.74462890625,-0.1220703125,-0.5615234375,0.09765625,-0.146484375,0.01220703125,-0.40283203125,0.03662109375,-0.84228515625,-0.20751953125,-0.830078125,0.048828125,0.9033203125,-0.03662109375,0.341796875,-0.1708984375,0.048828125,-0.0732421875,-0.08544921875,0.06103515625,0.1953125,-0.18310546875,-0.23193359375,-0.1708984375,0.78125,0.01220703125,-0.5126953125,-0.01220703125,-0.537109375
0,-0.1708984375,-0.341796875,-0.15869140625,-0.40283203125,-0.15869140625,-0.4150390625,0,-0.0732421875,0.2197265625,-0.03662109375,-0.01220703125,-0.89111328125,0.2685546875,1.123046875,-0.23193359375,-0.13427734375,-0.048828125,-0.5615234375,0.03662109375,-0.13427734375,-0.1220703125,0.87890625,-0.2197265625,-0.59814453125,0.09765625,-0.96435546875,-0.25634765625,-1.67236328125,0.10986328125,0.01220703125,0.2685546875,-0.54931640625,-0.37841796875,-0.3662109375,-0.06103515625,-0.9033203125,-0.146484375,-0.45166015625,-0.40283203125,-0.8056640625,0.048828125,-0.2197265625,0.06103515625,-0.6103515625,0.01220703125,-0.32958984375,0.10986328125,0.62255859375,-0.09765625,1.15966796875,-0.634765625,0.50048828125,-0.68359375,-0.2197265625,-0.146484375,0.67138671875,-0.01220703125,0.59814453125,0.18310546875,0.341796875,0.830078125,0.2685546875,0.23193359375,0.15869140625,0,4.9072265625,0.3173828125,1.59912109375,0.03662109375,0.79345703125,-0.15869140625,0.78125,0.244140625,0.20751953125,-0.146484375,0.84228515625,-0.1220703125,0,-0.06103515625,1.28173828125,-0.09765625,-0.98876953125,0.1708984375,-0.4150390625,-0.2685546875,-1.0009765625,-0.1953125,-0.79345703125,-0.10986328125,0.1708984375,0.09765625,3.3203125,-0.1220703125,1.74560546875,0.08544921875,1.15966796875,-0.1220703125,-0.7080078125,-0.13427734375,-0.74462890625,-0.0732421875,-0.57373046875,0.1220703125,-0.13427734375,0.01220703125,-0.1953125,-0.03662109375,-0.45166015625,-0.1953125,-0.64697265625,0.01220703125,1.11083984375,-0.048828125,0.35400390625,-0.15869140625,0.03662109375,-0.0732421875,-0.08544921875,0.06103515625,0.1953125,-0.1953125,-0.20751953125,-0.15869140625,0.78125,0,-0.50048828125,-0.0244140625,-0.5615234375
0,-0.15869140625,-0.3662109375,-0.1708984375,-0.390625,-0.146484375,-0.4150390625,0.0244140625,-0.048828125,0.1953125,-0.03662109375,0.03662109375,-0.87890625,0.4150390625,1.0986328125,-0.1953125,-0.10986328125,-0.0732421875,-0.54931640625,-0.06103515625,-0.1220703125,-0.18310546875,0.89111328125,-0.2197265625,-0.5859375,0.06103515625,-0.74462890625,-0.2197265625,-1.416015625,0.146484375,0.25634765625,0.20751953125,-0.341796875,-0.42724609375,-0.35400390625,-0.0244140625,-0.9033203125,-0.146484375,-0.439453125,-0.32958984375,-0.78125,0.09765625,-0.20751953125,-0.0244140625,-0.62255859375,0,-0.3173828125,0.1953125,0.634765625,-0.1708984375,1.171875,-0.64697265625,0.537109375,-0.64697265625,-0.20751953125,-0.13427734375,0.6591796875,0.0244140625,0.59814453125,0.1708984375,0.32958984375,0.7080078125,0.2197265625,0.18310546875,0.13427734375,0.15869140625,4.79736328125,0.2685546875,1.5869140625,0.01220703125,0.74462890625,-0.1953125,0.74462890625,0.1708984375,0.20751953125,-0.20751953125,0.8544921875,-0.0732421875,-0.01220703125,-0.08544921875,1.28173828125,-0.1220703125,-1.0009765625,0.13427734375,-0.40283203125,-0.244140625,-1.01318359375,-0.23193359375,-0.79345703125,-0.1220703125,-0.048828125,0.01220703125,2.81982421875,-0.1953125,1.4892578125,0.0244140625,0.8544921875,-0.13427734375,-0.7080078125,-0.2685546875,-0.732421875,-0.048828125,-0.5859375,0.13427734375,-0.146484375,0,0.1953125,-0.0732421875,0.18310546875,-0.1708984375,-0.3173828125,0,1.55029296875,-0.0732421875,0.35400390625,-0.13427734375,0.048828125,-0.0732421875,-0.06103515625,0.048828125,0.20751953125,-0.20751953125,-0.1708984375,-0.15869140625,0.74462890625,0.01220703125,-0.50048828125,-0.0244140625,-0.54931640625
0,-0.1708984375,-0.3662109375,-0.1708984375,-0.37841796875,-0.09765625,-0.439453125,0.03662109375,-0.048828125,0.15869140625,-0.03662109375,0.0732421875,-0.86669921875,0.5126953125,1.08642578125,-0.1708984375,-0.09765625,-0.09765625,-0.54931640625,-0.10986328125,-0.09765625,-0.25634765625,0.9033203125,-0.1953125,-0.5859375,0,-0.5615234375,-0.25634765625,-1.11083984375,0.1953125,0.52490234375,0.06103515625,-0.1220703125,-0.42724609375,-0.35400390625,-0.01220703125,-0.9033203125,-0.146484375,-0.439453125,-0.20751953125,-0.78125,0.1708984375,-0.1953125,-0.06103515625,-0.634765625,0.03662109375,-0.32958984375,0.244140625,0.6103515625,-0.25634765625,1.13525390625,-0.69580078125,0.5615234375,-0.6103515625,-0.2197265625,-0.13427734375,0.69580078125,0.03662109375,0.59814453125,0.10986328125,0.32958984375,0.52490234375,0.1953125,0.09765625,0.13427734375,0.20751953125,4.4921875,0.20751953125,1.52587890625,0,0.68359375,-0.244140625,0.7080078125,0.09765625,0.2197265625,-0.20751953125,0.89111328125,-0.0244140625,-0.01220703125,-0.08544921875,1.2939453125,-0.146484375,-0.98876953125,0.10986328125,-0.4150390625,-0.244140625,-1.01318359375,-0.20751953125,-0.79345703125,-0.09765625,-0.28076171875,0,2.1484375,-0.23193359375,1.171875,0.06103515625,0.50048828125,-0.10986328125,-0.7080078125,-0.3173828125,-0.7568359375,0,-0.59814453125,0.10986328125,-0.146484375,0,0.8056640625,-0.0732421875,1.0986328125,-0.1708984375,0.1953125,-0.03662109375,2.1484375,-0.09765625,0.32958984375,-0.1220703125,0.0244140625,-0.048828125,-0.03662109375,0.048828125,0.18310546875,-0.20751953125,-0.10986328125,-0.146484375,0.74462890625,0,-0.5126953125,-0.01220703125,-0.54931640625
1,-0.20751953125,-0.37841796875,-0.18310546875,-0.37841796875,-0.09765625,-0.42724609375,0.048828125,-0.048828125,0.08544921875,-0.03662109375,0.1220703125,-0.8544921875,0.5615234375,1.07421875,-0.1953125,-0.1220703125,-0.13427734375,-0.57373046875,-0.15869140625,-0.10986328125,-0.2685546875,0.9033203125,-0.18310546875,-0.6103515625,-0.0244140625,-0.3662109375,-0.244140625,-0.8544921875,0.20751953125,0.78125,-0.03662109375,0.10986328125,-0.37841796875,-0.390625,-0.01220703125,-0.91552734375,-0.146484375,-0.4638671875,-0.20751953125,-0.78125,0.1953125,-0.1953125,-0.15869140625,-0.68359375,0.1220703125,-0.32958984375,0.244140625,0.634765625,-0.29296875,1.13525390625,-0.7080078125,0.54931640625,-0.537109375,-0.20751953125,-0.13427734375,0.68359375,0.10986328125,0.64697265625,0.1953125,0.341796875,0.47607421875,0.2197265625,0.03662109375,0.15869140625,0.28076171875,3.9306640625,0.146484375,1.4404296875,-0.0732421875,0.6103515625,-0.2685546875,0.6103515625,0.01220703125,0.2197265625,-0.244140625,0.89111328125,0,-0.03662109375,-0.10986328125,1.28173828125,-0.09765625,-1.01318359375,0.08544921875,-0.40283203125,-0.20751953125,-1.0009765625,-0.15869140625,-0.79345703125,-0.0244140625,-0.5615234375,-0.0244140625,1.4404296875,-0.18310546875,0.8544921875,0.03662109375,0.13427734375,-0.06103515625,-0.68359375,-0.3173828125,-0.74462890625,0.03662109375,-0.59814453125,0.08544921875,-0.146484375,0.03662109375,1.57470703125,0.09765625,2.2216796875,-0.10986328125,0.81787109375,0,2.9541015625,-0.08544921875,0.30517578125,-0.08544921875,0.0244140625,-0.06103515625,-0.08544921875,0.03662109375,0.1953125,-0.2197265625,-0.048828125,-0.13427734375,0.732421875,0.01220703125,-0.537109375,-0.03662109375,-0.5615234375
1,-0.1953125,-0.37841796875,-0.1708984375,-0.3662109375,-0.048828125,-0.439453125,0.06103515625,-0.03662109375,0.03662109375,-0.03662109375,0.1220703125,-0.86669921875,0.57373046875,1.07421875,-0.23193359375,-0.1220703125,-0.18310546875,-0.57373046875,-0.18310546875,-0.09765625,-0.2685546875,0.927734375,-0.1708984375,-0.59814453125,-0.244140625,-0.23193359375,-0.37841796875,-0.67138671875,0.03662109375,0.9765625,-0.23193359375,0.28076171875,-0.341796875,-0.390625,0,-0.9033203125,-0.10986328125,-0.47607421875,-0.2197265625,-0.76904296875,0.18310546875,-0.20751953125,-0.244140625,-0.72021484375,0.1953125,-0.35400390625,0.244140625,0.634765625,-0.341796875,1.08642578125,-0.68359375,0.5859375,-0.439453125,-0.1708984375,-0.10986328125,0.69580078125,0.048828125,0.6591796875,0.20751953125,0.35400390625,0.40283203125,0.2685546875,-0.06103515625,0.1953125,0.32958984375,3.173828125,0.03662109375,1.33056640625,-0.146484375,0.5126953125,-0.29296875,0.5126953125,-0.0732421875,0.20751953125,-0.23193359375,0.86669921875,-0.03662109375,-0.03662109375,-0.09765625,1.30615234375,-0.048828125,-1.0498046875,0.0244140625,-0.42724609375,-0.146484375,-1.025390625,-0.048828125,-0.79345703125,-0.01220703125,-0.78125,0.0244140625,0.7568359375,-0.10986328125,0.5615234375,0.06103515625,-0.1953125,-0.03662109375,-0.68359375,-0.3173828125,-0.7568359375,0.06103515625,-0.6103515625,0.03662109375,-0.146484375,0.0244140625,2.44140625,0.15869140625,3.47900390625,-0.1220703125,1.5380859375,-0.0732421875,3.857421875,-0.09765625,0.32958984375,-0.08544921875,0.0244140625,-0.06103515625,-0.06103515625,0.0244140625,0.23193359375,-0.23193359375,0.06103515625,-0.146484375,0.74462890625,0,-0.537109375,-0.01220703125,-0.5615234375
1,-0.20751953125,-0.37841796875,-0.1708984375,-0.37841796875,-0.048828125,-0.45166015625,0.0732421875,-0.01220703125,0.01220703125,-0.0244140625,0.1220703125,-0.8544921875,0.52490234375,1.07421875,-0.244140625,-0.1220703125,-0.18310546875,-0.57373046875,-0.1708984375,-0.10986328125,-0.25634765625,0.91552734375,-0.20751953125,-0.59814453125,-0.3662109375,-0.146484375,-0.50048828125,-0.59814453125,-0.06103515625,1.0986328125,-0.244140625,0.37841796875,-0.29296875,-0.390625,0.048828125,-0.91552734375,-0.1220703125,-0.50048828125,-0.28076171875,-0.7568359375,0.15869140625,-0.2197265625,-0.244140625,-0.732421875,0.23193359375,-0.390625,0.15869140625,0.6103515625,-0.390625,1.0986328125,-0.64697265625,0.5615234375,-0.390625,-0.146484375,-0.0732421875,0.732421875,0.0732421875,0.68359375,0.1953125,0.35400390625,0.32958984375,0.3173828125,-0.13427734375,0.1953125,0.3662109375,2.25830078125,-0.0244140625,1.20849609375,-0.20751953125,0.390625,-0.29296875,0.390625,-0.18310546875,0.23193359375,-0.20751953125,0.89111328125,-0.03662109375,-0.03662109375,-0.03662109375,1.28173828125,0.048828125,-1.06201171875,0.01220703125,-0.4150390625,-0.08544921875,-1.03759765625,0.06103515625,-0.81787109375,0.01220703125,-0.9521484375,0.10986328125,0.25634765625,0.01220703125,0.37841796875,0.0732421875,-0.4150390625,-0.048828125,-0.67138671875,-0.244140625,-0.7568359375,0.06103515625,-0.59814453125,0,-0.146484375,0.06103515625,3.2958984375,0.244140625,4.72412109375,-0.10986328125,2.2705078125,-0.06103515625,4.72412109375,-0.08544921875,0.341796875,-0.09765625,0.01220703125,-0.06103515625,-0.048828125,0.01220703125,0.23193359375,-0.20751953125,0.08544921875,-0.146484375,0.78125,-0.01220703125,-0.48828125,0,-0.52490234375
1,-0.20751953125,-0.390625,-0.1708984375,-0.3662109375,-0.01220703125,-0.439453125,0.08544921875,-0.0244140625,-0.03662109375,-0.0244140625,0.0732421875,-0.84228515625,0.5126953125,1.0986328125,-0.2197265625,-0.146484375,-0.1708984375,-0.5859375,-0.1708984375,-0.1220703125,-0.18310546875,0.9033203125,-0.20751953125,-0.59814453125,-0.3662109375,-0.13427734375,-0.42724609375,-0.6103515625,-0.146484375,1.13525390625,-0.1953125,0.40283203125,-0.2685546875,-0.35400390625,0.048828125,-0.927734375,-0.13427734375,-0.50048828125,-0.3662109375,-0.732421875,0.09765625,-0.23193359375,-0.10986328125,-0.7568359375,0.25634765625,-0.390625,0.1220703125,0.6103515625,-0.45166015625,1.08642578125,-0.59814453125,0.52490234375,-0.3662109375,-0.13427734375,-0.01220703125,0.69580078125,0.0244140625,0.69580078125,0.2197265625,0.341796875,0.28076171875,0.35400390625,-0.23193359375,0.18310546875,0.37841796875,1.30615234375,-0.08544921875,1.07421875,-0.29296875,0.2685546875,-0.25634765625,0.28076171875,-0.25634765625,0.23193359375,-0.1953125,0.830078125,-0.08544921875,-0.01220703125,0.01220703125,1.28173828125,0.10986328125,-1.0498046875,-0.01220703125,-0.4150390625,0.01220703125,-1.03759765625,0.13427734375,-0.81787109375,0,-1.01318359375,0.06103515625,0.0244140625,0.08544921875,0.32958984375,-0.01220703125,-0.47607421875,-0.0732421875,-0.6591796875,-0.146484375,-0.78125,0.03662109375,-0.6103515625,-0.01220703125,-0.15869140625,0.08544921875,4.052734375,0.23193359375,5.8837890625,-0.1220703125,2.89306640625,-0.09765625,5.50537109375,-0.09765625,0.341796875,-0.0732421875,0,-0.06103515625,0,0,0.20751953125,-0.2197265625,0.08544921875,-0.146484375,0.8056640625,-0.0244140625,-0.4638671875,0.01220703125,-0.537109375
1,-0.20751953125,-0.40283203125,-0.1708984375,-0.3662109375,0.0244140625,-0.45166015625,0.06103515625,-0.03662109375,-0.08544921875,-0.0244140625,0.048828125,-0.87890625,0.45166015625,1.07421875,-0.1708984375,-0.1953125,-0.146484375,-0.57373046875,-0.1220703125,-0.09765625,-0.09765625,0.9033203125,-0.23193359375,-0.59814453125,-0.52490234375,-0.18310546875,-0.47607421875,-0.68359375,-0.32958984375,1.11083984375,-0.20751953125,0.37841796875,-0.23193359375,-0.32958984375,0.08544921875,-0.91552734375,-0.1708984375,-0.5126953125,-0.390625,-0.68359375,0,-0.244140625,-0.0732421875,-0.74462890625,0.20751953125,-0.4150390625,0.06103515625,0.6103515625,-0.48828125,1.0986328125,-0.537109375,0.50048828125,-0.341796875,-0.1220703125,0.08544921875,0.72021484375,-0.0244140625,0.68359375,0.1953125,0.341796875,0.2197265625,0.3662109375,-0.3173828125,0.1708984375,0.341796875,0.52490234375,-0.1220703125,0.96435546875,-0.3173828125,0.18310546875,-0.20751953125,0.18310546875,-0.32958984375,0.2197265625,-0.18310546875,0.8056640625,-0.08544921875,0,0.0732421875,1.28173828125,0.13427734375,-1.06201171875,-0.0244140625,-0.42724609375,0.1220703125,-1.06201171875,0.15869140625,-0.81787109375,-0.0244140625,-0.927734375,0.1953125,0.20751953125,0.15869140625,0.45166015625,-0.03662109375,-0.341796875,-0.146484375,-0.67138671875,-0.0732421875,-0.7568359375,0.01220703125,-0.6103515625,-0.01220703125,-0.146484375,0.08544921875,4.65087890625,0.0244140625,6.8359375,-0.18310546875,3.38134765625,-0.1220703125,6.11572265625,-0.08544921875,0.341796875,-0.0732421875,0,-0.06103515625,-0.048828125,0.0244140625,0.20751953125,-0.2197265625,0.048828125,-0.146484375,0.7568359375,0,-0.48828125,0,-0.57373046875
1,-0.2197265625,-0.40283203125,-0.1708984375,-0.3662109375,0.03662109375,-0.439453125,0.048828125,-0.048828125,-0.10986328125,-0.03662109375,0.01220703125,-0.9033203125,0.341796875,1.0986328125,-0.13427734375,-0.18310546875,-0.13427734375,-0.59814453125,-0.0732421875,-0.1220703125,-0.0732421875,0.9033203125,-0.25634765625,-0.62255859375,-0.57373046875,-0.25634765625,-0.48828125,-0.8056640625,-0.390625,1.03759765625,-0.10986328125,0.28076171875,-0.244140625,-0.29296875,0.10986328125,-0.9033203125,-0.23193359375,-0.48828125,-0.4638671875,-0.62255859375,-0.08544921875,-0.2197265625,0.0732421875,-0.74462890625,0.13427734375,-0.40283203125,0.01220703125,0.59814453125,-0.48828125,1.11083984375,-0.50048828125,0.45166015625,-0.244140625,-0.146484375,0.1953125,0.69580078125,-0.0732421875,0.6591796875,0.2197265625,0.35400390625,0.18310546875,0.35400390625,-0.37841796875,0.1708984375,0.29296875,-0.01220703125,-0.1708984375,0.91552734375,-0.35400390625,0.1220703125,-0.13427734375,0.10986328125,-0.3662109375,0.2197265625,-0.1708984375,0.76904296875,-0.10986328125,0,0.1953125,1.28173828125,0.10986328125,-1.03759765625,-0.0244140625,-0.42724609375,0.18310546875,-1.07421875,0.15869140625,-0.81787109375,0.03662109375,-0.68359375,0.244140625,0.81787109375,0.20751953125,0.78125,-0.048828125,0.01220703125,-0.1953125,-0.6591796875,0.0244140625,-0.7568359375,-0.03662109375,-0.5859375,0.0244140625,-0.1708984375,0.08544921875,5.01708984375,-0.0732421875,7.45849609375,-0.1953125,3.662109375,-0.10986328125,6.494140625,-0.0732421875,0.32958984375,-0.0732421875,0.01220703125,-0.0732421875,-0.09765625,0.048828125,0.20751953125,-0.1953125,0.048828125,-0.15869140625,0.74462890625,0.01220703125,-0.54931640625,-0.01220703125,-0.57373046875
1,-0.23193359375,-0.390625,-0.15869140625,-0.3662109375,0.03662109375,-0.42724609375,0.0244140625,-0.03662109375,-0.1708984375,-0.03662109375,0.01220703125,-0.91552734375,0.18310546875,1.08642578125,-0.08544921875,-0.15869140625,-0.09765625,-0.5859375,-0.048828125,-0.146484375,-0.09765625,0.91552734375,-0.244140625,-0.634765625,-0.52490234375,-0.3173828125,-0.32958984375,-0.93994140625,-0.40283203125,0.9521484375,0.0244140625,0.20751953125,-0.2685546875,-0.25634765625,0.09765625,-0.91552734375,-0.30517578125,-0.45166015625,-0.439453125,-0.5859375,-0.18310546875,-0.20751953125,0.15869140625,-0.732421875,0.01220703125,-0.42724609375,0.0244140625,0.59814453125,-0.4638671875,1.1474609375,-0.4638671875,0.439453125,-0.1220703125,-0.1708984375,0.25634765625,0.68359375,-0.13427734375,0.6591796875,0.2197265625,0.3662109375,0.146484375,0.3662109375,-0.47607421875,0.18310546875,0.1953125,-0.1708984375,-0.20751953125,0.9033203125,-0.32958984375,0.1220703125,-0.0732421875,0.09765625,-0.390625,0.1953125,-0.1708984375,0.7568359375,-0.10986328125,0.01220703125,0.28076171875,1.2939453125,0.08544921875,-1.0498046875,-0.01220703125,-0.4150390625,0.25634765625,-1.08642578125,0.10986328125,-0.81787109375,0.01220703125,-0.2685546875,0.20751953125,1.81884765625,0.23193359375,1.28173828125,-0.0244140625,0.5859375,-0.244140625,-0.67138671875,0.06103515625,-0.74462890625,-0.09765625,-0.5859375,0.08544921875,-0.146484375,0.048828125,5.09033203125,-0.10986328125,7.71484375,-0.23193359375,3.7353515625,-0.13427734375,6.60400390625,-0.06103515625,0.341796875,-0.09765625,0.03662109375,-0.0732421875,-0.08544921875,0.0732421875,0.23193359375,-0.2197265625,0.03662109375,-0.146484375,0.76904296875,0.048828125,-0.57373046875,0.01220703125,-0.5859375
1,-0.244140625,-0.4150390625,-0.18310546875,-0.3662109375,0.03662109375,-0.4150390625,0.0244140625,-0.048828125,-0.20751953125,-0.048828125,0,-0.9033203125,0,1.0986328125,-0.048828125,-0.15869140625,-0.06103515625,-0.57373046875,0.01220703125,-0.13427734375,-0.09765625,0.9033203125,-0.23193359375,-0.59814453125,-0.54931640625,-0.32958984375,-0.341796875,-1.01318359375,-0.341796875,0.9033203125,0.03662109375,0.1953125,-0.30517578125,-0.23193359375,0.0732421875,-0.89111328125,-0.35400390625,-0.42724609375,-0.390625,-0.537109375,-0.244140625,-0.1953125,0.2685546875,-0.68359375,-0.10986328125,-0.390625,0.0732421875,0.6103515625,-0.4638671875,1.15966796875,-0.47607421875,0.42724609375,-0.0244140625,-0.20751953125,0.29296875,0.68359375,-0.13427734375,0.6591796875,0.25634765625,0.40283203125,0.146484375,0.3662109375,-0.48828125,0.1953125,0.20751953125,0.13427734375,-0.2197265625,0.96435546875,-0.2685546875,0.1708984375,-0.06103515625,0.13427734375,-0.40283203125,0.18310546875,-0.13427734375,0.732421875,-0.10986328125,0.0244140625,0.29296875,1.2939453125,0.048828125,-1.01318359375,-0.01220703125,-0.4150390625,0.28076171875,-1.07421875,0.0244140625,-0.81787109375,0.01220703125,0.28076171875,0.2197265625,3.1494140625,0.20751953125,1.91650390625,-0.01220703125,1.2939453125,-0.2197265625,-0.68359375,0.08544921875,-0.7568359375,-0.1708984375,-0.59814453125,0.13427734375,-0.146484375,0.08544921875,4.931640625,-0.0244140625,7.60498046875,-0.20751953125,3.61328125,-0.09765625,6.45751953125,-0.08544921875,0.37841796875,-0.10986328125,0.03662109375,-0.06103515625,-0.0732421875,0.06103515625,0.23193359375,-0.2197265625,0.0244140625,-0.13427734375,0.78125,0.048828125,-0.537109375,0.0244140625,-0.6103515625
1,-0.25634765625,-0.4150390625,-0.1953125,-0.341796875,0.048828125,-0.4150390625,0.01220703125,-0.06103515625,-0.23193359375,-0.03662109375,0.03662109375,-0.89111328125,-0.1708984375,1.11083984375,0,-0.13427734375,-0.01220703125,-0.5615234375,0.01220703125,-0.13427734375,-0.1953125,0.87890625,-0.18310546875,-0.62255859375,-0.439453125,-0.2685546875,-0.2685546875,-1.01318359375,-0.1708984375,0.93994140625,0.048828125,0.23193359375,-0.3662109375,-0.1953125,0.048828125,-0.89111328125,-0.390625,-0.4150390625,-0.341796875,-0.50048828125,-0.244140625,-0.1953125,0.29296875,-0.67138671875,-0.2197265625,-0.390625,0.146484375,0.6103515625,-0.4638671875,1.18408203125,-0.50048828125,0.45166015625,0.0244140625,-0.244140625,0.29296875,0.6591796875,-0.146484375,0.69580078125,0.244140625,0.439453125,0.13427734375,0.35400390625,-0.5126953125,0.2685546875,0.1708984375,0.84228515625,-0.2685546875,1.08642578125,-0.25634765625,0.30517578125,-0.10986328125,0.23193359375,-0.35400390625,0.18310546875,-0.048828125,0.74462890625,-0.0732421875,0.01220703125,0.29296875,1.26953125,-0.01220703125,-1.0009765625,0,-0.390625,0.25634765625,-1.0498046875,-0.03662109375,-0.79345703125,0,0.91552734375,0.18310546875,4.65087890625,0.2197265625,2.685546875,0.08544921875,2.13623046875,-0.1708984375,-0.69580078125,0.1220703125,-0.732421875,-0.20751953125,-0.57373046875,0.1708984375,-0.13427734375,0.09765625,4.55322265625,-0.09765625,7.14111328125,-0.20751953125,3.30810546875,-0.09765625,6.0791015625,-0.08544921875,0.37841796875,-0.08544921875,0.0732421875,-0.0732421875,-0.048828125,0.0732421875,0.23193359375,-0.23193359375,-0.03662109375,-0.09765625,0.8056640625,0.048828125,-0.52490234375,0.0244140625,-0.62255859375
1,-0.2685546875,-0.42724609375,-0.1953125,-0.341796875,0.048828125,-0.42724609375,-0.0244140625,-0.0732421875,-0.30517578125,-0.06103515625,0.048828125,-0.89111328125,-0.29296875,1.0986328125,0,-0.1220703125,0.048828125,-0.5615234375,-0.03662109375,-0.13427734375,-0.244140625,0.9033203125,-0.146484375,-0.6103515625,-0.30517578125,-0.146484375,-0.1953125,-0.91552734375,-0.0244140625,1.06201171875,0,0.32958984375,-0.390625,-0.20751953125,0,-0.86669921875,-0.439453125,-0.42724609375,-0.25634765625,-0.50048828125,-0.15869140625,-0.18310546875,0.244140625,-0.6591796875,-0.28076171875,-0.35400390625,0.1953125,0.634765625,-0.42724609375,1.20849609375,-0.54931640625,0.4638671875,0.048828125,-0.23193359375,0.25634765625,0.68359375,-0.1708984375,0.78125,0.20751953125,0.5126953125,0.244140625,0.3662109375,-0.50048828125,0.341796875,0.09765625,1.91650390625,-0.25634765625,1.2451171875,-0.18310546875,0.47607421875,-0.13427734375,0.40283203125,-0.28076171875,0.18310546875,0,0.78125,-0.048828125,0.0244140625,0.2685546875,1.2939453125,-0.06103515625,-0.98876953125,-0.01220703125,-0.37841796875,0.1953125,-1.0498046875,-0.0732421875,-0.78125,0.01220703125,1.57470703125,0.0244140625,6.201171875,0.20751953125,3.3935546875,0.146484375,2.978515625,-0.13427734375,-0.69580078125,0.10986328125,-0.74462890625,-0.18310546875,-0.57373046875,0.20751953125,-0.1220703125,0.09765625,4.052734375,-0.2197265625,6.4697265625,-0.1953125,2.91748046875,-0.1220703125,5.615234375,-0.08544921875,0.3662109375,-0.0732421875,0.06103515625,-0.06103515625,-0.03662109375,0.048828125,0.23193359375,-0.23193359375,-0.06103515625,-0.08544921875,0.81787109375,0.048828125,-0.5126953125,0.0244140625,-0.62255859375
1,-0.244140625,-0.40283203125,-0.20751953125,-0.341796875,0.06103515625,-0.42724609375,-0.0244140625,-0.06103515625,-0.3173828125,-0.03662109375,0.06103515625,-0.86669921875,-0.390625,1.0986328125,-0.0244140625,-0.1220703125,0.1220703125,-0.537109375,-0.048828125,-0.13427734375,-0.29296875,0.89111328125,-0.13427734375,-0.6103515625,-0.2197265625,0.0244140625,-0.20751953125,-0.74462890625,0.1220703125,1.318359375,-0.048828125,0.537109375,-0.40283203125,-0.23193359375,-0.03662109375,-0.89111328125,-0.45166015625,-0.4638671875,-0.18310546875,-0.5126953125,-0.06103515625,-0.1953125,0.25634765625,-0.634765625,-0.28076171875,-0.37841796875,0.2197265625,0.64697265625,-0.40283203125,1.171875,-0.59814453125,0.50048828125,0.0732421875,-0.23193359375,0.25634765625,0.68359375,-0.1220703125,0.8544921875,0.1708984375,0.537109375,0.244140625,0.390625,-0.47607421875,0.45166015625,-0.0244140625,3.25927734375,-0.2685546875,1.45263671875,-0.09765625,0.69580078125,-0.2197265625,0.6103515625,-0.2197265625,0.18310546875,0.048828125,0.79345703125,0,0.0244140625,0.244140625,1.2939453125,-0.10986328125,-0.9765625,-0.03662109375,-0.3662109375,0.0732421875,-1.01318359375,-0.06103515625,-0.76904296875,-0.06103515625,2.1728515625,-0.01220703125,7.5927734375,0.18310546875,4.08935546875,0.18310546875,3.74755859375,-0.0732421875,-0.74462890625,0.09765625,-0.72021484375,-0.18310546875,-0.5615234375,0.1708984375,-0.10986328125,0.10986328125,3.52783203125,-0.29296875,5.6640625,-0.13427734375,2.490234375,-0.09765625,5.1025390625,-0.08544921875,0.3662109375,-0.08544921875,0.048828125,-0.0732421875,-0.01220703125,0.03662109375,0.23193359375,-0.244140625,-0.08544921875,-0.06103515625,0.830078125,0.048828125,-0.47607421875,0.048828125,-0.6103515625
1,-0.23193359375,-0.4150390625,-0.23193359375,-0.35400390625,0.06103515625,-0.4150390625,-0.01220703125,-0.08544921875,-0.35400390625,-0.048828125,0.09765625,-0.87890625,-0.48828125,1.08642578125,-0.0732421875,-0.13427734375,0.146484375,-0.537109375,-0.10986328125,-0.15869140625,-0.3662109375,0.87890625,-0.0732421875,-0.62255859375,-0.10986328125,0.2685546875,-0.15869140625,-0.50048828125,0.244140625,1.5625,-0.048828125,0.79345703125,-0.40283203125,-0.25634765625,-0.08544921875,-0.86669921875,-0.40283203125,-0.47607421875,-0.146484375,-0.52490234375,0.08544921875,-0.2197265625,0.2685546875,-0.634765625,-0.20751953125,-0.35400390625,0.2197265625,0.62255859375,-0.390625,1.15966796875,-0.5859375,0.54931640625,0.0732421875,-0.244140625,0.25634765625,0.68359375,-0.06103515625,0.91552734375,0.10986328125,0.54931640625,0.390625,0.40283203125,-0.52490234375,0.52490234375,0.03662109375,4.69970703125,-0.25634765625,1.66015625,-0.0732421875,0.927734375,-0.2685546875,0.84228515625,-0.18310546875,0.20751953125,0.1220703125,0.84228515625,0.048828125,0.01220703125,0.1953125,1.30615234375,-0.08544921875,-0.98876953125,-0.048828125,-0.37841796875,-0.048828125,-1.01318359375,-0.01220703125,-0.78125,-0.03662109375,2.63671875,0.01220703125,8.70361328125,0.20751953125,4.638671875,0.23193359375,4.35791015625,-0.03662109375,-0.732421875,0.10986328125,-0.7568359375,-0.10986328125,-0.54931640625,0.146484375,-0.10986328125,0.146484375,3.03955078125,-0.32958984375,4.87060546875,-0.08544921875,2.11181640625,-0.08544921875,4.6142578125,-0.08544921875,0.3662109375,-0.0732421875,0.03662109375,-0.06103515625,0.01220703125,0.03662109375,0.20751953125,-0.23193359375,-0.08544921875,-0.048828125,0.830078125,0.048828125,-0.45166015625,0.048828125,-0.5859375
1,-0.20751953125,-0.390625,-0.244140625,-0.341796875,0.048828125,-0.4150390625,0.01220703125,-0.06103515625,-0.35400390625,-0.0244140625,0.10986328125,-0.89111328125,-0.52490234375,1.08642578125,-0.146484375,-0.146484375,0.1220703125,-0.54931640625,-0.10986328125,-0.1708984375,-0.3662109375,0.89111328125,-0.13427734375,-0.6103515625,-0.01220703125,0.4638671875,-0.146484375,-0.25634765625,0.29296875,1.86767578125,-0.0244140625,1.06201171875,-0.341796875,-0.2685546875,-0.1708984375,-0.86669921875,-0.3173828125,-0.50048828125,-0.08544921875,-0.5859375,0.20751953125,-0.23193359375,0.3662109375,-0.6103515625,-0.08544921875,-0.32958984375,0.1953125,0.6103515625,-0.3662109375,1.123046875,-0.52490234375,0.5859375,0.09765625,-0.18310546875,0.23193359375,0.7080078125,0.01220703125,0.96435546875,0.048828125,0.54931640625,0.37841796875,0.45166015625,-0.57373046875,0.5615234375,-0.01220703125,6.09130859375,-0.2197265625,1.86767578125,-0.0244140625,1.13525390625,-0.244140625,1.06201171875,-0.146484375,0.20751953125,0.15869140625,0.86669921875,0.0244140625,-0.01220703125,0.1708984375,1.30615234375,-0.09765625,-1.01318359375,-0.048828125,-0.3662109375,-0.18310546875,-1.01318359375,0.03662109375,-0.78125,-0.08544921875,2.9541015625,-0.0732421875,9.3994140625,0.1953125,4.98046875,0.2197265625,4.74853515625,-0.048828125,-0.732421875,0.10986328125,-0.7568359375,-0.048828125,-0.57373046875,0.08544921875,-0.10986328125,0.1220703125,2.69775390625,-0.341796875,4.23583984375,-0.03662109375,1.79443359375,-0.0732421875,4.248046875,-0.08544921875,0.35400390625,-0.06103515625,0.01220703125,-0.0732421875,0.0244140625,0.048828125,0.1953125,-0.23193359375,-0.1220703125,-0.0244140625,0.8544921875,0.06103515625,-0.42724609375,0.06103515625,-0.57373046875
0,-0.18310546875,-0.390625,-0.244140625,-0.35400390625,0.03662109375,-0.40283203125,0.03662109375,-0.06103515625,-0.3173828125,0,0.10986328125,-0.89111328125,-0.52490234375,1.08642578125,-0.2197265625,-0.146484375,0.06103515625,-0.54931640625,-0.15869140625,-0.146484375,-0.3662109375,0.87890625,-0.18310546875,-0.62255859375,0.0732421875,0.64697265625,-0.146484375,-0.048828125,0.244140625,2.11181640625,0.0244140625,1.26953125,-0.30517578125,-0.30517578125,-0.18310546875,-0.87890625,-0.25634765625,-0.5126953125,0.01220703125,-0.634765625,0.25634765625,-0.2685546875,0.3173828125,-0.5859375,0.0732421875,-0.341796875,0.18310546875,0.62255859375,-0.35400390625,1.1474609375,-0.40283203125,0.62255859375,0.1220703125,-0.18310546875,0.15869140625,0.72021484375,0.09765625,0.9765625,0.0732421875,0.52490234375,0.390625,0.45166015625,-0.537109375,0.5615234375,-0.09765625,7.31201171875,-0.146484375,2.03857421875,-0.048828125,1.30615234375,-0.23193359375,1.23291015625,-0.13427734375,0.2197265625,0.18310546875,0.9033203125,0.01220703125,0,0.06103515625,1.2939453125,-0.08544921875,-0.98876953125,-0.01220703125,-0.3662109375,-0.244140625,-1.025390625,0.048828125,-0.78125,-0.13427734375,3.076171875,-0.09765625,9.63134765625,0.15869140625,5.11474609375,0.15869140625,4.931640625,-0.0732421875,-0.732421875,0.10986328125,-0.7568359375,0.01220703125,-0.59814453125,-0.0244140625,-0.10986328125,0.0732421875,2.50244140625,-0.1953125,3.80859375,0.048828125,1.64794921875,-0.08544921875,4.0771484375,-0.09765625,0.35400390625,-0.06103515625,0.01220703125,-0.06103515625,0.03662109375,0.03662109375,0.18310546875,-0.2197265625,-0.13427734375,-0.03662109375,0.81787109375,0.06103515625,-0.4150390625,0.03662109375,-0.537109375
0,-0.1708984375,-0.390625,-0.23193359375,-0.35400390625,0.048828125,-0.4150390625,0.0732421875,-0.048828125,-0.2685546875,-0.01220703125,0.0732421875,-0.89111328125,-0.52490234375,1.07421875,-0.25634765625,-0.18310546875,0.0244140625,-0.5615234375,-0.18310546875,-0.146484375,-0.341796875,0.87890625,-0.23193359375,-0.62255859375,0.0732421875,0.74462890625,-0.1953125,0.0732421875,0.146484375,2.294921875,0.0732421875,1.42822265625,-0.25634765625,-0.3173828125,-0.2197265625,-0.91552734375,-0.20751953125,-0.54931640625,0.048828125,-0.68359375,0.23193359375,-0.29296875,0.23193359375,-0.54931640625,0.1953125,-0.341796875,0.18310546875,0.6103515625,-0.341796875,1.123046875,-0.4638671875,0.59814453125,0.03662109375,-0.1708984375,0.146484375,0.72021484375,0.10986328125,0.91552734375,0.048828125,0.45166015625,0.50048828125,0.439453125,-0.5126953125,0.50048828125,-0.0244140625,8.251953125,-0.0732421875,2.1728515625,-0.0244140625,1.416015625,-0.18310546875,1.3916015625,-0.08544921875,0.23193359375,0.1708984375,0.91552734375,-0.0244140625,-0.01220703125,0.01220703125,1.2939453125,-0.08544921875,-1.0009765625,0.03662109375,-0.3662109375,-0.29296875,-1.025390625,0.03662109375,-0.79345703125,-0.2197265625,3.01513671875,-0.08544921875,9.47265625,0.10986328125,5.04150390625,0.08544921875,4.84619140625,-0.08544921875,-0.7080078125,0.08544921875,-0.7568359375,0.048828125,-0.6103515625,-0.09765625,-0.10986328125,0.048828125,2.5146484375,-0.18310546875,3.6865234375,0.08544921875,1.611328125,-0.09765625,4.052734375,-0.048828125,0.32958984375,-0.06103515625,-0.0244140625,-0.06103515625,0.0244140625,0.048828125,0.146484375,-0.20751953125,-0.146484375,-0.048828125,0.81787109375,0.048828125,-0.439453125,0.048828125,-0.50048828125
0,-0.15869140625,-0.3662109375,-0.244140625,-0.341796875,0.08544921875,-0.4150390625,0.0732421875,-0.048828125,-0.23193359375,0.01220703125,0.048828125,-0.89111328125,-0.50048828125,1.03759765625,-0.20751953125,-0.146484375,-0.0244140625,-0.57373046875,-0.1953125,-0.15869140625,-0.2685546875,0.9033203125,-0.29296875,-0.62255859375,0.0732421875,0.74462890625,-0.244140625,0.09765625,0.01220703125,2.3681640625,0.146484375,1.46484375,-0.28076171875,-0.29296875,-0.244140625,-0.9033203125,-0.1953125,-0.537109375,0.08544921875,-0.74462890625,0.15869140625,-0.28076171875,0.1953125,-0.47607421875,0.25634765625,-0.341796875,0.2197265625,0.59814453125,-0.3173828125,1.123046875,-0.439453125,0.5615234375,-0.03662109375,-0.13427734375,0.08544921875,0.72021484375,0.18310546875,0.8056640625,0.0732421875,0.3662109375,0.62255859375,0.390625,-0.4638671875,0.37841796875,-0.03662109375,8.8623046875,0,2.23388671875,-0.048828125,1.4892578125,-0.18310546875,1.47705078125,0.01220703125,0.23193359375,0.1953125,0.89111328125,-0.10986328125,-0.03662109375,0,1.30615234375,-0.09765625,-0.98876953125,0.10986328125,-0.390625,-0.30517578125,-1.0498046875,0.01220703125,-0.8056640625,-0.2685546875,2.74658203125,-0.06103515625,8.89892578125,0,4.74853515625,0.08544921875,4.55322265625,-0.06103515625,-0.7080078125,0.048828125,-0.7568359375,0.06103515625,-0.62255859375,-0.15869140625,-0.10986328125,-0.03662109375,2.64892578125,-0.2197265625,3.7841796875,0.10986328125,1.7333984375,-0.1220703125,4.150390625,-0.0732421875,0.3173828125,-0.048828125,-0.0244140625,-0.06103515625,0.01220703125,0.048828125,0.15869140625,-0.20751953125,-0.13427734375,-0.08544921875,0.79345703125,0.01220703125,-0.4638671875,0.03662109375,-0.5126953125
0,-0.146484375,-0.37841796875,-0.23193359375,-0.32958984375,0.08544921875,-0.42724609375,0.09765625,-0.03662109375,-0.1953125,0,-0.01220703125,-0.89111328125,-0.42724609375,1.07421875,-0.20751953125,-0.15869140625,-0.06103515625,-0.5859375,-0.18310546875,-0.146484375,-0.244140625,0.89111328125,-0.35400390625,-0.62255859375,0.03662109375,0.68359375,-0.29296875,0,-0.09765625,2.294921875,0.20751953125,1.40380859375,-0.29296875,-0.2685546875,-0.1953125,-0.89111328125,-0.18310546875,-0.52490234375,0.08544921875,-0.79345703125,0.0244140625,-0.244140625,0.1953125,-0.4150390625,0.2685546875,-0.35400390625,0.23193359375,0.5859375,-0.29296875,1.13525390625,-0.40283203125,0.52490234375,-0.1953125,-0.1220703125,0.0244140625,0.72021484375,0.23193359375,0.72021484375,0.08544921875,0.28076171875,0.62255859375,0.35400390625,-0.390625,0.244140625,-0.0732421875,9.130859375,0.06103515625,2.25830078125,-0.06103515625,1.4892578125,-0.15869140625,1.513671875,0.08544921875,0.20751953125,0.2197265625,0.830078125,-0.146484375,-0.03662109375,-0.06103515625,1.30615234375,-0.1220703125,-1.0009765625,0.1708984375,-0.390625,-0.2685546875,-1.0498046875,0,-0.78125,-0.30517578125,2.3681640625,-0.0732421875,8.09326171875,-0.08544921875,4.3212890625,0.10986328125,4.08935546875,-0.08544921875,-0.7080078125,0.01220703125,-0.76904296875,0.06103515625,-0.62255859375,-0.20751953125,-0.1220703125,-0.03662109375,2.89306640625,-0.2197265625,4.13818359375,0.09765625,1.9287109375,-0.146484375,4.3701171875,-0.08544921875,0.3173828125,-0.06103515625,-0.0244140625,-0.06103515625,0,0.048828125,0.15869140625,-0.1708984375,-0.146484375,-0.08544921875,0.79345703125,0.01220703125,-0.52490234375,0.03662109375,-0.5126953125
0,-0.1220703125,-0.390625,-0.2685546875,-0.35400390625,0.1220703125,-0.42724609375,0.09765625,-0.048828125,-0.1708984375,-0.03662109375,-0.0732421875,-0.89111328125,-0.32958984375,1.06201171875,-0.20751953125,-0.15869140625,-0.08544921875,-0.57373046875,-0.1708984375,-0.146484375,-0.23193359375,0.9033203125,-0.35400390625,-0.59814453125,-0.03662109375,0.5126953125,-0.29296875,-0.1953125,-0.2197265625,2.13623046875,0.18310546875,1.23291015625,-0.2685546875,-0.25634765625,-0.1953125,-0.89111328125,-0.1953125,-0.50048828125,0.08544921875,-0.830078125,-0.06103515625,-0.2197265625,0.1953125,-0.32958984375,0.23193359375,-0.37841796875,0.2197265625,0.62255859375,-0.244140625,1.15966796875,-0.3662109375,0.4638671875,-0.29296875,-0.13427734375,-0.03662109375,0.69580078125,0.23193359375,0.62255859375,0.146484375,0.25634765625,0.6103515625,0.37841796875,-0.2685546875,0.146484375,-0.13427734375,9.08203125,0.10986328125,2.2216796875,-0.03662109375,1.4404296875,-0.146484375,1.4892578125,0.1708984375,0.2197265625,0.2197265625,0.830078125,-0.1953125,-0.0244140625,-0.06103515625,1.28173828125,-0.1220703125,-1.0009765625,0.244140625,-0.4150390625,-0.2685546875,-1.03759765625,-0.0244140625,-0.78125,-0.28076171875,1.91650390625,-0.09765625,7.11669921875,-0.15869140625,3.82080078125,0.09765625,3.515625,-0.06103515625,-0.68359375,-0.01220703125,-0.74462890625,0.0244140625,-0.62255859375,-0.20751953125,-0.1220703125,-0.048828125,3.13720703125,-0.25634765625,4.55322265625,0.048828125,2.1484375,-0.1220703125,4.60205078125,-0.03662109375,0.32958984375,-0.06103515625,-0.0244140625,-0.06103515625,-0.01220703125,0.06103515625,0.1708984375,-0.15869140625,-0.146484375,-0.0732421875,0.78125,0.0244140625,-0.537109375,0.0244140625,-0.54931640625
0,-0.1220703125,-0.390625,-0.25634765625,-0.3662109375,0.10986328125,-0.42724609375,0.10986328125,-0.048828125,-0.15869140625,-0.048828125,-0.10986328125,-0.89111328125,-0.23193359375,1.07421875,-0.1953125,-0.13427734375,-0.09765625,-0.57373046875,-0.13427734375,-0.146484375,-0.1953125,0.9033203125,-0.29296875,-0.59814453125,-0.09765625,0.32958984375,-0.2685546875,-0.4150390625,-0.25634765625,1.9287109375,0.13427734375,1.025390625,-0.244140625,-0.23193359375,-0.18310546875,-0.89111328125,-0.2197265625,-0.4638671875,0.0732421875,-0.830078125,-0.15869140625,-0.20751953125,0.15869140625,-0.28076171875,0.1708984375,-0.37841796875,0.23193359375,0.6103515625,-0.20751953125,1.171875,-0.2685546875,0.4150390625,-0.35400390625,-0.146484375,-0.1220703125,0.69580078125,0.2197265625,0.59814453125,0.2197265625,0.25634765625,0.54931640625,0.42724609375,-0.18310546875,0.09765625,-0.13427734375,8.75244140625,0.1708984375,2.1484375,-0.0244140625,1.3671875,-0.13427734375,1.416015625,0.2685546875,0.20751953125,0.1708984375,0.79345703125,-0.2685546875,-0.03662109375,-0.06103515625,1.2939453125,-0.146484375,-1.01318359375,0.28076171875,-0.40283203125,-0.244140625,-1.0498046875,-0.03662109375,-0.79345703125,-0.25634765625,1.46484375,-0.0732421875,6.1279296875,-0.23193359375,3.271484375,0.13427734375,2.9052734375,-0.06103515625,-0.67138671875,0,-0.74462890625,-0.01220703125,-0.6103515625,-0.23193359375,-0.10986328125,-0.03662109375,3.3203125,-0.30517578125,4.91943359375,0,2.294921875,-0.06103515625,4.7607421875,0,0.35400390625,-0.048828125,-0.0244140625,-0.06103515625,-0.0244140625,0.03662109375,0.1953125,-0.15869140625,-0.13427734375,-0.06103515625,0.79345703125,0.01220703125,-0.5615234375,0.01220703125,-0.537109375
0,-0.09765625,-0.390625,-0.2685546875,-0.35400390625,0.10986328125,-0.439453125,0.10986328125,-0.06103515625,-0.1708984375,-0.06103515625,-0.15869140625,-0.89111328125,-0.1220703125,1.07421875,-0.2197265625,-0.10986328125,-0.1220703125,-0.5615234375,-0.06103515625,-0.13427734375,-0.20751953125,0.9033203125,-0.20751953125,-0.5859375,-0.146484375,0.1220703125,-0.20751953125,-0.6591796875,-0.1953125,1.6845703125,0.09765625,0.81787109375,-0.2197265625,-0.18310546875,-0.15869140625,-0.87890625,-0.2685546875,-0.42724609375,0.0732421875,-0.8056640625,-0.1953125,-0.18310546875,0.09765625,-0.25634765625,0.09765625,-0.390625,0.25634765625,0.62255859375,-0.1220703125,1.1962890625,-0.2685546875,0.390625,-0.390625,-0.146484375,-0.1708984375,0.7080078125,0.18310546875,0.62255859375,0.28076171875,0.32958984375,0.42724609375,0.62255859375,-0.13427734375,0.1708984375,-0.15869140625,8.21533203125,0.20751953125,2.03857421875,0,1.26953125,-0.146484375,1.2939453125,0.25634765625,0.2197265625,0.1220703125,0.78125,-0.29296875,-0.03662109375,-0.048828125,1.2939453125,-0.08544921875,-1.0009765625,0.29296875,-0.40283203125,-0.1953125,-1.06201171875,-0.0244140625,-0.79345703125,-0.2197265625,1.01318359375,-0.08544921875,5.21240234375,-0.25634765625,2.7587890625,0.1220703125,2.294921875,-0.10986328125,-0.68359375,0.0244140625,-0.72021484375,-0.0732421875,-0.6103515625,-0.18310546875,-0.10986328125,0.03662109375,3.369140625,-0.30517578125,5.06591796875,-0.048828125,2.34375,-0.01220703125,4.79736328125,0.01220703125,0.3662109375,-0.01220703125,-0.0244140625,-0.0732421875,-0.03662109375,0.03662109375,0.20751953125,-0.18310546875,-0.13427734375,-0.048828125,0.78125,0.03662109375,-0.5615234375,0.03662109375,-0.54931640625
0,-0.08544921875,-0.390625,-0.2685546875,-0.3662109375,0.1220703125,-0.42724609375,0.10986328125,-0.0732421875,-0.1708984375,-0.06103515625,-0.18310546875,-0.87890625,0.01220703125,1.07421875,-0.244140625,-0.0732421875,-0.10986328125,-0.54931640625,0.0244140625,-0.146484375,-0.244140625,0.9033203125,-0.1220703125,-0.5859375,-0.20751953125,-0.0244140625,-0.2685546875,-0.84228515625,-0.1220703125,1.47705078125,0.03662109375,0.62255859375,-0.146484375,-0.1708984375,-0.2197265625,-0.86669921875,-0.3173828125,-0.4150390625,0,-0.78125,-0.20751953125,-0.15869140625,0.0244140625,-0.25634765625,0.0244140625,-0.37841796875,0.25634765625,0.62255859375,-0.048828125,1.1962890625,-0.23193359375,0.3662109375,-0.40283203125,-0.146484375,-0.25634765625,0.69580078125,0.13427734375,0.7568359375,0.30517578125,0.45166015625,0.4638671875,0.89111328125,-0.09765625,0.341796875,-0.146484375,7.50732421875,0.2197265625,1.904296875,0.03662109375,1.11083984375,-0.15869140625,1.15966796875,0.244140625,0.20751953125,0.03662109375,0.79345703125,-0.29296875,-0.0244140625,-0.048828125,1.30615234375,-0.03662109375,-1.0009765625,0.2197265625,-0.4150390625,-0.15869140625,-1.06201171875,0.01220703125,-0.79345703125,-0.1708984375,0.59814453125,-0.10986328125,4.4189453125,-0.18310546875,2.34375,0.06103515625,1.7822265625,-0.15869140625,-0.69580078125,0.0732421875,-0.732421875,-0.09765625,-0.57373046875,-0.09765625,-0.10986328125,0.0732421875,3.23486328125,-0.40283203125,4.91943359375,-0.1220703125,2.2216796875,-0.0244140625,4.60205078125,-0.01220703125,0.37841796875,0,-0.01220703125,-0.06103515625,-0.01220703125,0.03662109375,0.20751953125,-0.1708984375,-0.09765625,-0.048828125,0.81787109375,0.03662109375,-0.537109375,0.0244140625,-0.57373046875
0,-0.08544921875,-0.40283203125,-0.25634765625,-0.390625,0.09765625,-0.439453125,0.09765625,-0.0732421875,-0.1708984375,-0.048828125,-0.2197265625,-0.8544921875,0.15869140625,1.08642578125,-0.29296875,-0.0244140625,-0.048828125,-0.57373046875,0.08544921875,-0.13427734375,-0.23193359375,0.9033203125,-0.048828125,-0.5859375,-0.1953125,-0.146484375,-0.2197265625,-0.96435546875,0.048828125,1.3427734375,-0.01220703125,0.50048828125,-0.10986328125,-0.18310546875,-0.2197265625,-0.86669921875,-0.37841796875,-0.390625,0.01220703125,-0.76904296875,-0.1708984375,-0.15869140625,-0.03662109375,-0.28076171875,-0.048828125,-0.37841796875,0.244140625,0.62255859375,0.01220703125,1.171875,-0.2197265625,0.35400390625,-0.4150390625,-0.146484375,-0.30517578125,0.68359375,0.09765625,1.01318359375,0.341796875,0.64697265625,0.439453125,1.3427734375,-0.09765625,0.634765625,-0.10986328125,6.70166015625,0.25634765625,1.77001953125,0.06103515625,0.9765625,-0.2197265625,1.01318359375,0.20751953125,0.1953125,0,0.74462890625,-0.25634765625,-0.0244140625,-0.06103515625,1.33056640625,0.03662109375,-1.0009765625,0.18310546875,-0.390625,-0.1220703125,-1.06201171875,0.06103515625,-0.79345703125,-0.1220703125,0.29296875,-0.146484375,3.74755859375,-0.10986328125,1.94091796875,-0.01220703125,1.3427734375,-0.20751953125,-0.7080078125,0.1220703125,-0.732421875,-0.146484375,-0.5859375,-0.048828125,-0.09765625,0.13427734375,2.8564453125,-0.2685546875,4.38232421875,-0.1220703125,1.94091796875,-0.01220703125,4.2236328125,-0.0244140625,0.3662109375,0.03662109375,0.01220703125,-0.06103515625,0.01220703125,0,0.2197265625,-0.1708984375,-0.0732421875,-0.0244140625,0.81787109375,0.06103515625,-0.5126953125,-0.0244140625,-0.5859375
0,-0.0732421875,-0.390625,-0.244140625,-0.37841796875,0.15869140625,-0.439453125,0.10986328125,-0.06103515625,-0.1953125,-0.03662109375,-0.244140625,-0.84228515625,0.30517578125,1.0986328125,-0.341796875,0.0244140625,0.01220703125,-0.5615234375,0.13427734375,-0.1220703125,-0.2197265625,0.9033203125,0.01220703125,-0.57373046875,-0.2685546875,-0.18310546875,-0.341796875,-0.96435546875,0.06103515625,1.2451171875,-0.1708984375,0.439453125,-0.08544921875,-0.2197265625,-0.244140625,-0.86669921875,-0.42724609375,-0.37841796875,-0.01220703125,-0.74462890625,-0.1220703125,-0.13427734375,-0.0732421875,-0.341796875,-0.06103515625,-0.37841796875,0.2197265625,0.634765625,0.09765625,1.123046875,-0.25634765625,0.37841796875,-0.439453125,-0.15869140625,-0.390625,0.68359375,0.08544921875,1.416015625,0.40283203125,0.9521484375,0.47607421875,1.94091796875,-0.06103515625,1.025390625,-0.06103515625,5.8349609375,0.25634765625,1.62353515625,0.1220703125,0.81787109375,-0.28076171875,0.84228515625,0.1708984375,0.20751953125,-0.03662109375,0.7568359375,-0.2197265625,-0.0244140625,-0.0732421875,1.318359375,0.10986328125,-1.0009765625,0.1220703125,-0.40283203125,-0.08544921875,-1.07421875,0.13427734375,-0.81787109375,-0.06103515625,-0.01220703125,-0.15869140625,3.21044921875,0,1.611328125,-0.0732421875,0.9521484375,-0.244140625,-0.69580078125,0.15869140625,-0.72021484375,-0.1953125,-0.59814453125,0.03662109375,-0.09765625,0.18310546875,2.294921875,-0.20751953125,3.515625,-0.1708984375,1.45263671875,-0.03662109375,3.662109375,-0.01220703125,0.3662109375,0.048828125,0,-0.06103515625,0.03662109375,0,0.20751953125,-0.18310546875,-0.048828125,-0.01220703125,0.84228515625,0.0732421875,-0.48828125,-0.0244140625,-0.5859375
0,-0.0732421875,-0.40283203125,-0.244140625,-0.37841796875,0.20751953125,-0.439453125,0.0732421875,-0.0732421875,-0.18310546875,-0.0244140625,-0.2685546875,-0.84228515625,0.45166015625,1.0986328125,-0.40283203125,0.09765625,0.08544921875,-0.54931640625,0.18310546875,-0.10986328125,-0.1953125,0.91552734375,0.048828125,-0.5859375,-0.15869140625,-0.15869140625,-0.35400390625,-0.9033203125,0.13427734375,1.220703125,-0.10986328125,0.45166015625,-0.08544921875,-0.244140625,-0.23193359375,-0.89111328125,-0.4150390625,-0.390625,-0.01220703125,-0.72021484375,-0.1220703125,-0.15869140625,-0.0244140625,-0.45166015625,-0.09765625,-0.3662109375,0.1708984375,0.62255859375,0.13427734375,1.11083984375,-0.2197265625,0.4150390625,-0.45166015625,-0.18310546875,-0.42724609375,0.68359375,0.10986328125,1.8798828125,0.4150390625,1.26953125,0.390625,2.64892578125,-0.10986328125,1.50146484375,0,4.9560546875,0.1953125,1.47705078125,0.10986328125,0.6591796875,-0.32958984375,0.67138671875,0.15869140625,0.20751953125,-0.06103515625,0.8056640625,-0.13427734375,-0.03662109375,-0.048828125,1.3427734375,0.15869140625,-1.01318359375,0.03662109375,-0.390625,-0.0244140625,-1.0498046875,0.1708984375,-0.8056640625,0.01220703125,-0.25634765625,-0.20751953125,2.734375,0.1220703125,1.30615234375,-0.08544921875,0.634765625,-0.23193359375,-0.69580078125,0.20751953125,-0.74462890625,-0.18310546875,-0.59814453125,0.08544921875,-0.10986328125,0.20751953125,1.6357421875,-0.18310546875,2.35595703125,-0.1708984375,0.9033203125,-0.048828125,2.99072265625,-0.01220703125,0.390625,0.06103515625,0.01220703125,-0.048828125,0.0732421875,0,0.1953125,-0.18310546875,-0.048828125,0,0.8544921875,0.0732421875,-0.439453125,-0.03662109375,-0.57373046875
0,-0.048828125,-0.3662109375,-0.23193359375,-0.35400390625,0.1708984375,-0.439453125,0.048828125,-0.06103515625,-0.1953125,-0.0244140625,-0.28076171875,-0.86669921875,0.5615234375,1.0986328125,-0.439453125,0.1220703125,0.1220703125,-0.57373046875,0.1953125,-0.09765625,-0.146484375,0.9033203125,0.06103515625,-0.5859375,-0.0244140625,-0.10986328125,-0.2197265625,-0.8056640625,0.146484375,1.25732421875,-0.03662109375,0.50048828125,-0.10986328125,-0.2685546875,-0.25634765625,-0.9033203125,-0.45166015625,-0.40283203125,0.0244140625,-0.72021484375,-0.08544921875,-0.18310546875,0.06103515625,-0.537109375,-0.09765625,-0.35400390625,0.13427734375,0.634765625,0.15869140625,1.0986328125,-0.20751953125,0.45166015625,-0.4150390625,-0.18310546875,-0.4150390625,0.68359375,0.18310546875,2.38037109375,0.42724609375,1.66015625,0.50048828125,3.41796875,-0.09765625,2.01416015625,0.08544921875,4.04052734375,0.13427734375,1.35498046875,0.1220703125,0.5126953125,-0.390625,0.5126953125,0.10986328125,0.20751953125,-0.06103515625,0.78125,-0.0732421875,-0.0244140625,-0.048828125,1.33056640625,0.2197265625,-1.01318359375,-0.01220703125,-0.390625,0.08544921875,-1.03759765625,0.2197265625,-0.81787109375,0.048828125,-0.48828125,-0.20751953125,2.25830078125,0.146484375,1.03759765625,-0.06103515625,0.29296875,-0.20751953125,-0.69580078125,0.2197265625,-0.72021484375,-0.15869140625,-0.59814453125,0.06103515625,-0.10986328125,0.23193359375,0.93994140625,-0.06103515625,1.08642578125,-0.15869140625,0.30517578125,-0.0732421875,2.2705078125,0,0.40283203125,0.0732421875,0,-0.048828125,0.0732421875,0.01220703125,0.18310546875,-0.1708984375,-0.03662109375,-0.01220703125,0.86669921875,0.08544921875,-0.4150390625,-0.0244140625,-0.54931640625
0,-0.08544921875,-0.3662109375,-0.23193359375,-0.35400390625,0.1953125,-0.439453125,0.03662109375,-0.048828125,-0.18310546875,-0.01220703125,-0.28076171875,-0.86669921875,0.69580078125,1.0986328125,-0.439453125,0.13427734375,0.10986328125,-0.57373046875,0.244140625,-0.08544921875,-0.13427734375,0.9033203125,0.0244140625,-0.59814453125,0.0244140625,-0.01220703125,-0.28076171875,-0.634765625,0.0244140625,1.318359375,-0.0244140625,0.5615234375,-0.10986328125,-0.3173828125,-0.28076171875,-0.91552734375,-0.45166015625,-0.439453125,0.01220703125,-0.732421875,-0.0732421875,-0.20751953125,0.06103515625,-0.64697265625,-0.048828125,-0.35400390625,0.13427734375,0.6103515625,0.146484375,1.0986328125,-0.244140625,0.48828125,-0.37841796875,-0.15869140625,-0.439453125,0.67138671875,0.2685546875,2.880859375,0.42724609375,2.001953125,0.3173828125,4.19921875,-0.1220703125,2.52685546875,0.09765625,3.1982421875,0.06103515625,1.220703125,0.08544921875,0.37841796875,-0.4150390625,0.390625,0.01220703125,0.23193359375,-0.06103515625,0.81787109375,0,0,-0.06103515625,1.30615234375,0.23193359375,-1.0009765625,-0.06103515625,-0.3662109375,0.2197265625,-1.01318359375,0.1953125,-0.79345703125,0.06103515625,-0.78125,-0.23193359375,1.74560546875,0.13427734375,0.72021484375,-0.0732421875,-0.0732421875,-0.15869140625,-0.7080078125,0.18310546875,-0.7568359375,-0.146484375,-0.6103515625,0.06103515625,-0.10986328125,0.18310546875,0.30517578125,0.01220703125,-0.10986328125,-0.13427734375,-0.2197265625,-0.13427734375,1.6357421875,0.0244140625,0.390625,0.0732421875,-0.01220703125,-0.06103515625,0.09765625,0.03662109375,0.1708984375,-0.146484375,-0.048828125,-0.01220703125,0.8544921875,0.08544921875,-0.4150390625,-0.048828125,-0.54931640625
1,-0.08544921875,-0.341796875,-0.20751953125,-0.3662109375,0.1953125,-0.42724609375,0,-0.048828125,-0.15869140625,-0.01220703125,-0.29296875,-0.87890625,0.76904296875,1.0986328125,-0.40283203125,0.10986328125,0.10986328125,-0.57373046875,0.2197265625,-0.0732421875,-0.146484375,0.89111328125,-0.06103515625,-0.6103515625,0.20751953125,0.048828125,-0.20751953125,-0.50048828125,0.06103515625,1.3427734375,0.15869140625,0.6103515625,-0.1220703125,-0.30517578125,-0.2685546875,-0.927734375,-0.40283203125,-0.4638671875,0.0244140625,-0.76904296875,-0.0244140625,-0.2197265625,0.146484375,-0.732421875,-0.06103515625,-0.35400390625,0.146484375,0.6103515625,0.09765625,1.0986328125,-0.244140625,0.50048828125,-0.30517578125,-0.146484375,-0.4150390625,0.68359375,0.32958984375,3.3203125,0.35400390625,2.30712890625,0.25634765625,4.9072265625,-0.15869140625,2.9541015625,0.146484375,2.4169921875,-0.01220703125,1.123046875,0.0244140625,0.25634765625,-0.42724609375,0.30517578125,-0.03662109375,0.23193359375,-0.03662109375,0.81787109375,0.048828125,0,-0.0732421875,1.30615234375,0.23193359375,-1.03759765625,-0.048828125,-0.3662109375,0.341796875,-0.98876953125,0.18310546875,-0.79345703125,0.01220703125,-1.08642578125,-0.2685546875,1.171875,0.09765625,0.35400390625,-0.06103515625,-0.48828125,-0.146484375,-0.67138671875,0.08544921875,-0.76904296875,-0.13427734375,-0.5859375,0.0244140625,-0.10986328125,0.1708984375,-0.15869140625,0.146484375,-1.0498046875,-0.0732421875,-0.62255859375,-0.18310546875,1.13525390625,0.06103515625,0.3662109375,0.048828125,-0.01220703125,-0.06103515625,0.0732421875,0.03662109375,0.15869140625,-0.146484375,-0.048828125,-0.01220703125,0.830078125,0.09765625,-0.42724609375,-0.048828125,-0.54931640625
1,-0.09765625,-0.341796875,-0.1953125,-0.37841796875,0.23193359375,-0.4150390625,-0.01220703125,-0.06103515625,-0.18310546875,-0.01220703125,-0.28076171875,-0.9033203125,0.76904296875,1.0986328125,-0.3173828125,0.09765625,0.08544921875,-0.57373046875,0.1708984375,-0.10986328125,-0.1953125,0.89111328125,-0.13427734375,-0.634765625,0.28076171875,0.08544921875,-0.1953125,-0.42724609375,0.06103515625,1.3671875,0.2197265625,0.62255859375,-0.146484375,-0.3173828125,-0.1953125,-0.93994140625,-0.37841796875,-0.50048828125,0.10986328125,-0.79345703125,0.0244140625,-0.244140625,0.13427734375,-0.78125,-0.0732421875,-0.3662109375,0.2197265625,0.6103515625,0.03662109375,1.123046875,-0.25634765625,0.52490234375,-0.18310546875,-0.1220703125,-0.439453125,0.68359375,0.390625,3.64990234375,0.37841796875,2.52685546875,0.1953125,5.45654296875,-0.18310546875,3.271484375,0.18310546875,1.69677734375,-0.0732421875,1.06201171875,-0.03662109375,0.1953125,-0.4638671875,0.23193359375,-0.1220703125,0.2685546875,-0.03662109375,0.79345703125,0.048828125,-0.01220703125,-0.06103515625,1.28173828125,0.1953125,-1.025390625,-0.01220703125,-0.390625,0.42724609375,-1.01318359375,0.1220703125,-0.78125,-0.048828125,-1.40380859375,-0.2685546875,0.537109375,0.01220703125,-0.0244140625,-0.06103515625,-0.93994140625,-0.15869140625,-0.68359375,-0.03662109375,-0.76904296875,-0.10986328125,-0.59814453125,0.0244140625,-0.1220703125,0.1708984375,-0.37841796875,0.20751953125,-1.59912109375,-0.0244140625,-0.81787109375,-0.2197265625,0.89111328125,0.06103515625,0.3662109375,0.06103515625,-0.0244140625,-0.06103515625,0.048828125,0.06103515625,0.1708984375,-0.146484375,-0.0732421875,-0.01220703125,0.830078125,0.10986328125,-0.42724609375,-0.06103515625,-0.537109375
1,-0.09765625,-0.32958984375,-0.18310546875,-0.32958984375,0.25634765625,-0.42724609375,-0.0244140625,-0.0732421875,-0.146484375,0,-0.25634765625,-0.927734375,0.76904296875,1.0986328125,-0.23193359375,0.0732421875,0.10986328125,-0.57373046875,0.10986328125,-0.09765625,-0.2685546875,0.9033203125,-0.20751953125,-0.6103515625,0.3173828125,0.09765625,-0.244140625,-0.390625,0.0732421875,1.35498046875,0.25634765625,0.62255859375,-0.20751953125,-0.30517578125,-0.10986328125,-0.93994140625,-0.35400390625,-0.52490234375,0.20751953125,-0.81787109375,0.0732421875,-0.25634765625,0.09765625,-0.81787109375,-0.08544921875,-0.37841796875,0.29296875,0.6103515625,-0.03662109375,1.171875,-0.244140625,0.52490234375,-0.146484375,-0.08544921875,-0.42724609375,0.69580078125,0.42724609375,3.84521484375,0.37841796875,2.685546875,0.146484375,5.859375,-0.23193359375,3.47900390625,0.20751953125,1.08642578125,-0.1708984375,0.98876953125,-0.09765625,0.1220703125,-0.4638671875,0.18310546875,-0.1953125,0.25634765625,-0.048828125,0.830078125,0.0732421875,0,0,1.30615234375,0.1220703125,-1.025390625,0.03662109375,-0.37841796875,0.4638671875,-1.025390625,0.03662109375,-0.78125,-0.10986328125,-1.7578125,-0.30517578125,-0.10986328125,-0.10986328125,-0.4150390625,-0.048828125,-1.40380859375,-0.15869140625,-0.68359375,-0.146484375,-0.76904296875,-0.13427734375,-0.6103515625,0.01220703125,-0.13427734375,0.13427734375,-0.32958984375,0.09765625,-1.66015625,-0.01220703125,-0.78125,-0.25634765625,0.9521484375,0.08544921875,0.35400390625,0.0732421875,-0.03662109375,-0.048828125,0.0244140625,0.06103515625,0.18310546875,-0.146484375,-0.08544921875,-0.01220703125,0.81787109375,0.08544921875,-0.45166015625,-0.06103515625,-0.537109375
1,-0.0732421875,-0.35400390625,-0.15869140625,-0.341796875,0.25634765625,-0.4150390625,-0.01220703125,-0.06103515625,-0.15869140625,-0.01220703125,-0.244140625,-0.91552734375,0.7080078125,1.08642578125,-0.13427734375,0.048828125,0.09765625,-0.57373046875,0.0732421875,-0.09765625,-0.35400390625,0.91552734375,-0.1953125,-0.62255859375,0.30517578125,0.08544921875,-0.28076171875,-0.4150390625,0.10986328125,1.3427734375,0.1708984375,0.5859375,-0.2685546875,-0.29296875,-0.048828125,-0.927734375,-0.37841796875,-0.50048828125,0.32958984375,-0.81787109375,0.10986328125,-0.244140625,0.09765625,-0.8056640625,-0.1220703125,-0.40283203125,0.32958984375,0.59814453125,-0.09765625,1.1962890625,-0.25634765625,0.5126953125,-0.10986328125,-0.0732421875,-0.390625,0.7080078125,0.42724609375,3.91845703125,0.3173828125,2.74658203125,0.10986328125,6.0302734375,-0.28076171875,3.52783203125,0.1953125,0.5859375,-0.25634765625,0.96435546875,-0.146484375,0.09765625,-0.45166015625,0.15869140625,-0.2685546875,0.2685546875,0,0.81787109375,0.0732421875,-0.0244140625,0.06103515625,1.2939453125,0.048828125,-1.025390625,0.0732421875,-0.37841796875,0.4638671875,-1.025390625,-0.0244140625,-0.76904296875,-0.1953125,-2.0751953125,-0.32958984375,-0.732421875,-0.1953125,-0.78125,-0.0244140625,-1.81884765625,-0.15869140625,-0.68359375,-0.244140625,-0.76904296875,-0.15869140625,-0.5859375,0,-0.13427734375,0.15869140625,0.01220703125,0.146484375,-1.15966796875,0.03662109375,-0.5126953125,-0.1953125,1.30615234375,0.1220703125,0.37841796875,0.0732421875,-0.0244140625,-0.0732421875,-0.01220703125,0.06103515625,0.20751953125,-0.15869140625,-0.08544921875,0,0.81787109375,0.0732421875,-0.50048828125,-0.0732421875,-0.57373046875
1,-0.048828125,-0.37841796875,-0.13427734375,-0.32958984375,0.23193359375,-0.42724609375,-0.01220703125,-0.048828125,-0.1708984375,0,-0.20751953125,-0.91552734375,0.67138671875,1.06201171875,-0.09765625,0,0.03662109375,-0.57373046875,0.01220703125,-0.10986328125,-0.42724609375,0.91552734375,-0.15869140625,-0.62255859375,0.29296875,0.08544921875,-0.244140625,-0.47607421875,0.1708984375,1.33056640625,0.0732421875,0.57373046875,-0.2685546875,-0.30517578125,-0.08544921875,-0.91552734375,-0.390625,-0.50048828125,0.37841796875,-0.81787109375,0.09765625,-0.23193359375,0.048828125,-0.76904296875,-0.15869140625,-0.42724609375,0.341796875,0.62255859375,-0.1220703125,1.1962890625,-0.25634765625,0.50048828125,-0.10986328125,-0.0732421875,-0.390625,0.7080078125,0.390625,3.8818359375,0.29296875,2.69775390625,-0.048828125,5.96923828125,-0.3173828125,3.4912109375,0.15869140625,0.2197265625,-0.28076171875,0.93994140625,-0.2197265625,0.0732421875,-0.40283203125,0.13427734375,-0.3662109375,0.23193359375,0.03662109375,0.79345703125,0.048828125,-0.03662109375,0.10986328125,1.26953125,0.01220703125,-1.0009765625,0.10986328125,-0.37841796875,0.40283203125,-1.06201171875,-0.03662109375,-0.76904296875,-0.20751953125,-2.34375,-0.28076171875,-1.25732421875,-0.20751953125,-1.06201171875,0.0244140625,-2.1728515625,-0.10986328125,-0.69580078125,-0.30517578125,-0.7568359375,-0.1708984375,-0.57373046875,0,-0.13427734375,0.146484375,0.59814453125,0.23193359375,-0.18310546875,0.0732421875,-0.0244140625,-0.146484375,1.91650390625,0.146484375,0.35400390625,0.08544921875,-0.01220703125,-0.06103515625,-0.03662109375,0.0732421875,0.2197265625,-0.15869140625,-0.08544921875,0,0.8056640625,0.0732421875,-0.52490234375,-0.09765625,-0.57373046875
1,-0.048828125,-0.37841796875,-0.1220703125,-0.32958984375,0.23193359375,-0.42724609375,0,-0.06103515625,-0.15869140625,-0.01220703125,-0.18310546875,-0.9033203125,0.59814453125,1.07421875,-0.048828125,-0.03662109375,0,-0.5615234375,-0.048828125,-0.1220703125,-0.5126953125,0.927734375,-0.1220703125,-0.62255859375,0.25634765625,0.10986328125,-0.1708984375,-0.50048828125,0.18310546875,1.318359375,-0.0732421875,0.59814453125,-0.25634765625,-0.29296875,-0.0732421875,-0.89111328125,-0.341796875,-0.48828125,0.40283203125,-0.8056640625,0.09765625,-0.2197265625,-0.01220703125,-0.74462890625,-0.1220703125,-0.42724609375,0.341796875,0.62255859375,-0.13427734375,1.1962890625,-0.23193359375,0.47607421875,-0.01220703125,-0.048828125,-0.3662109375,0.68359375,0.32958984375,3.7109375,0.25634765625,2.587890625,-0.15869140625,5.76171875,-0.42724609375,3.33251953125,0.08544921875,-0.048828125,-0.35400390625,0.927734375,-0.29296875,0.08544921875,-0.37841796875,0.1220703125,-0.40283203125,0.2197265625,0.0244140625,0.81787109375,0.0244140625,-0.0244140625,0.2197265625,1.26953125,-0.048828125,-0.98876953125,0.1220703125,-0.3662109375,0.32958984375,-1.03759765625,-0.0244140625,-0.7568359375,-0.2197265625,-2.50244140625,-0.1708984375,-1.5625,-0.1708984375,-1.25732421875,0.0732421875,-2.3681640625,-0.06103515625,-0.69580078125,-0.30517578125,-0.7568359375,-0.20751953125,-0.57373046875,0,-0.1220703125,0.146484375,1.37939453125,0.146484375,1.1962890625,0.10986328125,0.634765625,-0.13427734375,2.685546875,0.13427734375,0.35400390625,0.09765625,0,-0.06103515625,-0.0732421875,0.048828125,0.2197265625,-0.18310546875,-0.0732421875,0.03662109375,0.81787109375,0.0732421875,-0.54931640625,-0.09765625,-0.57373046875
1,-0.048828125,-0.37841796875,-0.10986328125,-0.32958984375,0.20751953125,-0.42724609375,0,-0.09765625,-0.1953125,-0.048828125,-0.15869140625,-0.8544921875,0.5126953125,1.06201171875,-0.0244140625,-0.09765625,-0.048828125,-0.57373046875,-0.06103515625,-0.13427734375,-0.5126953125,0.9033203125,-0.09765625,-0.62255859375,0.13427734375,0.146484375,-0.146484375,-0.5615234375,0.1220703125,1.37939453125,-0.18310546875,0.6591796875,-0.2197265625,-0.25634765625,-0.01220703125,-0.89111328125,-0.30517578125,-0.4638671875,0.42724609375,-0.8056640625,0.0732421875,-0.18310546875,-0.048828125,-0.68359375,-0.08544921875,-0.42724609375,0.32958984375,0.6103515625,-0.15869140625,1.18408203125,-0.1953125,0.45166015625,0.03662109375,-0.048828125,-0.3173828125,0.7080078125,0.244140625,3.4912109375,0.2197265625,2.4169921875,-0.23193359375,5.3955078125,-0.50048828125,3.125,0.08544921875,-0.1953125,-0.37841796875,0.93994140625,-0.28076171875,0.1220703125,-0.30517578125,0.10986328125,-0.4150390625,0.20751953125,0.0244140625,0.76904296875,-0.01220703125,-0.01220703125,0.23193359375,1.26953125,-0.0244140625,-0.98876953125,0.09765625,-0.3662109375,0.23193359375,-1.03759765625,0.01220703125,-0.7568359375,-0.244140625,-2.5390625,-0.0732421875,-1.67236328125,-0.10986328125,-1.33056640625,0.08544921875,-2.4169921875,-0.03662109375,-0.7080078125,-0.3173828125,-0.74462890625,-0.1953125,-0.5615234375,-0.01220703125,-0.10986328125,0.10986328125,2.25830078125,0.1220703125,2.79541015625,0.10986328125,1.3427734375,-0.09765625,3.62548828125,0.15869140625,0.35400390625,0.13427734375,0.01220703125,-0.048828125,-0.0732421875,0.01220703125,0.244140625,-0.1708984375,-0.08544921875,0.06103515625,0.79345703125,0.06103515625,-0.57373046875,-0.09765625,-0.5859375
1,-0.0244140625,-0.390625,-0.10986328125,-0.35400390625,0.2197265625,-0.40283203125,-0.01220703125,-0.09765625,-0.20751953125,-0.03662109375,-0.13427734375,-0.8544921875,0.42724609375,1.08642578125,-0.03662109375,-0.1220703125,-0.0732421875,-0.5615234375,-0.08544921875,-0.146484375,-0.4638671875,0.91552734375,-0.08544921875,-0.59814453125,-0.01220703125,0.20751953125,-0.1708984375,-0.52490234375,-0.01220703125,1.4892578125,-0.244140625,0.7568359375,-0.146484375,-0.2685546875,0.0244140625,-0.87890625,-0.2685546875,-0.45166015625,0.3662109375,-0.79345703125,0.06103515625,-0.1708984375,-0.09765625,-0.634765625,-0.0732421875,-0.4150390625,0.28076171875,0.634765625,-0.15869140625,1.13525390625,-0.146484375,0.439453125,0.10986328125,-0.0732421875,-0.29296875,0.69580078125,0.20751953125,3.21044921875,0.2197265625,2.2216796875,-0.341796875,4.94384765625,-0.6103515625,2.8564453125,0.0732421875,-0.244140625,-0.37841796875,0.96435546875,-0.2197265625,0.15869140625,-0.30517578125,0.1220703125,-0.4638671875,0.2197265625,0.048828125,0.79345703125,-0.01220703125,0.01220703125,0.23193359375,1.26953125,0.0244140625,-0.9765625,0.06103515625,-0.37841796875,0.15869140625,-1.03759765625,0.06103515625,-0.78125,-0.23193359375,-2.4658203125,-0.01220703125,-1.5625,-0.0244140625,-1.25732421875,0.06103515625,-2.34375,-0.03662109375,-0.72021484375,-0.28076171875,-0.732421875,-0.1708984375,-0.57373046875,-0.0244140625,-0.10986328125,0.1220703125,3.16162109375,0.09765625,4.443359375,0.13427734375,2.1240234375,-0.0732421875,4.57763671875,0.15869140625,0.35400390625,0.1220703125,0.03662109375,-0.048828125,-0.0732421875,0.01220703125,0.23193359375,-0.1708984375,-0.08544921875,0.0732421875,0.76904296875,0.0732421875,-0.5615234375,-0.09765625,-0.59814453125
1,-0.01220703125,-0.390625,-0.08544921875,-0.35400390625,0.20751953125,-0.40283203125,0,-0.08544921875,-0.18310546875,-0.048828125,-0.10986328125,-0.830078125,0.30517578125,1.08642578125,-0.048828125,-0.18310546875,-0.0732421875,-0.54931640625,-0.08544921875,-0.13427734375,-0.42724609375,0.87890625,-0.0732421875,-0.59814453125,-0.09765625,0.30517578125,-0.25634765625,-0.48828125,-0.09765625,1.611328125,-0.2685546875,0.87890625,-0.09765625,-0.2685546875,0.0732421875,-0.86669921875,-0.28076171875,-0.439453125,0.29296875,-0.76904296875,0.0244140625,-0.146484375,-0.18310546875,-0.62255859375,-0.048828125,-0.42724609375,0.2685546875,0.64697265625,-0.18310546875,1.13525390625,-0.10986328125,0.4150390625,0.18310546875,-0.13427734375,-0.244140625,0.72021484375,0.146484375,2.9541015625,0.1708984375,2.01416015625,-0.3173828125,4.45556640625,-0.732421875,2.60009765625,0.048828125,-0.23193359375,-0.390625,1.0009765625,-0.18310546875,0.20751953125,-0.30517578125,0.13427734375,-0.4150390625,0.2197265625,0.10986328125,0.830078125,0.0244140625,0,0.2197265625,1.28173828125,0.09765625,-0.9765625,0.03662109375,-0.4150390625,0.06103515625,-1.025390625,0.06103515625,-0.79345703125,-0.2197265625,-2.30712890625,0.0244140625,-1.30615234375,0.10986328125,-1.08642578125,0,-2.11181640625,-0.1220703125,-0.74462890625,-0.23193359375,-0.74462890625,-0.1953125,-0.57373046875,-0.0244140625,-0.08544921875,0.1220703125,3.99169921875,-0.048828125,6.0546875,0.13427734375,2.79541015625,-0.10986328125,5.46875,0.146484375,0.341796875,0.13427734375,0.0244140625,-0.06103515625,-0.048828125,-0.01220703125,0.2197265625,-0.1708984375,-0.08544921875,0.06103515625,0.76904296875,0.048828125,-0.537109375,-0.08544921875,-0.59814453125
1,0,-0.390625,-0.0732421875,-0.3662109375,0.2197265625,-0.40283203125,0.03662109375,-0.08544921875,-0.20751953125,-0.048828125,-0.06103515625,-0.8544921875,0.1953125,1.0986328125,-0.048828125,-0.18310546875,-0.0732421875,-0.54931640625,-0.06103515625,-0.10986328125,-0.30517578125,0.89111328125,-0.08544921875,-0.5859375,-0.146484375,0.390625,-0.18310546875,-0.439453125,-0.15869140625,1.74560546875,-0.1953125,1.025390625,-0.0732421875,-0.29296875,0,-0.87890625,-0.2685546875,-0.45166015625,0.23193359375,-0.7568359375,0.01220703125,-0.15869140625,-0.1708984375,-0.62255859375,-0.048828125,-0.40283203125,0.146484375,0.64697265625,-0.1708984375,1.123046875,-0.1220703125,0.4150390625,0.20751953125,-0.1708984375,-0.18310546875,0.7080078125,0.10986328125,2.734375,0.146484375,1.84326171875,-0.25634765625,4.0283203125,-0.74462890625,2.35595703125,-0.01220703125,-0.15869140625,-0.35400390625,1.025390625,-0.13427734375,0.23193359375,-0.3662109375,0.1708984375,-0.3662109375,0.23193359375,0.146484375,0.830078125,0.03662109375,-0.01220703125,0.18310546875,1.2939453125,0.146484375,-0.9765625,0,-0.390625,-0.0244140625,-1.01318359375,0.08544921875,-0.79345703125,-0.18310546875,-2.06298828125,0.06103515625,-0.91552734375,0.2197265625,-0.84228515625,-0.048828125,-1.8310546875,-0.15869140625,-0.74462890625,-0.1953125,-0.7568359375,-0.13427734375,-0.5615234375,-0.048828125,-0.10986328125,0.13427734375,4.69970703125,-0.20751953125,7.43408203125,0.08544921875,3.41796875,-0.09765625,6.23779296875,0.146484375,0.341796875,0.1708984375,0.0244140625,-0.06103515625,-0.03662109375,-0.01220703125,0.1953125,-0.15869140625,-0.08544921875,0.06103515625,0.76904296875,0.03662109375,-0.5126953125,-0.08544921875,-0.59814453125
1,0.0244140625,-0.390625,-0.06103515625,-0.3662109375,0.23193359375,-0.4150390625,0.03662109375,-0.0732421875,-0.18310546875,-0.0244140625,-0.06103515625,-0.86669921875,0.10986328125,1.0986328125,-0.048828125,-0.18310546875,-0.06103515625,-0.57373046875,0,-0.10986328125,-0.2197265625,0.89111328125,-0.1220703125,-0.59814453125,-0.23193359375,0.45166015625,-0.1708984375,-0.37841796875,-0.25634765625,1.806640625,-0.09765625,1.08642578125,-0.06103515625,-0.3173828125,0.01220703125,-0.89111328125,-0.28076171875,-0.42724609375,0.1953125,-0.76904296875,-0.03662109375,-0.146484375,-0.10986328125,-0.634765625,-0.0732421875,-0.4150390625,0.1953125,0.6591796875,-0.15869140625,1.11083984375,-0.09765625,0.42724609375,0.25634765625,-0.1953125,-0.146484375,0.7080078125,0.06103515625,2.587890625,0.13427734375,1.69677734375,-0.30517578125,3.6865234375,-0.8056640625,2.1728515625,-0.03662109375,-0.0732421875,-0.3173828125,1.03759765625,-0.048828125,0.2685546875,-0.390625,0.18310546875,-0.30517578125,0.2685546875,0.15869140625,0.87890625,0.06103515625,0.01220703125,0.15869140625,1.30615234375,0.1953125,-0.96435546875,-0.03662109375,-0.40283203125,-0.048828125,-1.01318359375,0.03662109375,-0.8056640625,-0.06103515625,-1.84326171875,0.06103515625,-0.50048828125,0.30517578125,-0.5859375,-0.048828125,-1.55029296875,-0.2197265625,-0.7568359375,-0.15869140625,-0.76904296875,-0.10986328125,-0.6103515625,-0.06103515625,-0.10986328125,0.13427734375,5.26123046875,-0.3173828125,8.50830078125,0.08544921875,3.86962890625,-0.1220703125,6.8603515625,0.15869140625,0.35400390625,0.1708984375,0.0244140625,-0.06103515625,-0.0244140625,-0.01220703125,0.2197265625,-0.13427734375,-0.10986328125,0.03662109375,0.76904296875,0.0244140625,-0.5126953125,-0.048828125,-0.59814453125
1,0.0244140625,-0.390625,-0.048828125,-0.35400390625,0.20751953125,-0.42724609375,0.03662109375,-0.06103515625,-0.18310546875,-0.01220703125,-0.0732421875,-0.86669921875,-0.0244140625,1.0986328125,-0.048828125,-0.146484375,-0.03662109375,-0.5615234375,0.03662109375,-0.09765625,-0.146484375,0.91552734375,-0.1708984375,-0.62255859375,-0.244140625,0.45166015625,-0.13427734375,-0.3662109375,-0.3173828125,1.8310546875,-0.06103515625,1.11083984375,-0.048828125,-0.341796875,-0.0732421875,-0.9033203125,-0.2685546875,-0.45166015625,0.146484375,-0.76904296875,-0.0732421875,-0.1708984375,0.0244140625,-0.6591796875,-0.08544921875,-0.40283203125,0.15869140625,0.634765625,-0.146484375,1.13525390625,-0.048828125,0.42724609375,0.2685546875,-0.244140625,-0.1220703125,0.69580078125,-0.01220703125,2.4658203125,0.1220703125,1.62353515625,-0.3173828125,3.4423828125,-0.8544921875,2.08740234375,-0.08544921875,0.0244140625,-0.29296875,1.03759765625,-0.0244140625,0.244140625,-0.4150390625,0.1953125,-0.28076171875,0.25634765625,0.23193359375,0.89111328125,0.09765625,0,0.1220703125,1.30615234375,0.2197265625,-0.98876953125,-0.0732421875,-0.40283203125,-0.0732421875,-0.98876953125,-0.0244140625,-0.81787109375,0.0244140625,-1.6357421875,0.10986328125,-0.146484375,0.35400390625,-0.35400390625,-0.0244140625,-1.26953125,-0.244140625,-0.74462890625,-0.1220703125,-0.7568359375,-0.06103515625,-0.634765625,-0.0732421875,-0.1220703125,0.146484375,5.615234375,-0.4150390625,9.2041015625,0.0732421875,4.13818359375,-0.1708984375,7.2265625,0.18310546875,0.35400390625,0.15869140625,0.01220703125,-0.0732421875,0,0,0.20751953125,-0.10986328125,-0.13427734375,0.048828125,0.78125,0.03662109375,-0.48828125,-0.06103515625,-0.57373046875
1,0,-0.390625,-0.048828125,-0.341796875,0.20751953125,-0.42724609375,0.03662109375,-0.048828125,-0.1708984375,-0.0244140625,-0.048828125,-0.89111328125,-0.146484375,1.08642578125,-0.03662109375,-0.1220703125,-0.01220703125,-0.62255859375,0.0732421875,-0.09765625,-0.1220703125,0.9033203125,-0.15869140625,-0.62255859375,-0.1953125,0.40283203125,-0.01220703125,-0.3662109375,-0.28076171875,1.7822265625,0.048828125,1.06201171875,-0.06103515625,-0.35400390625,-0.1708984375,-0.9033203125,-0.28076171875,-0.4638671875,0.10986328125,-0.78125,-0.08544921875,-0.18310546875,0.01220703125,-0.69580078125,-0.13427734375,-0.4150390625,0.146484375,0.62255859375,-0.15869140625,1.15966796875,-0.06103515625,0.439453125,0.244140625,-0.28076171875,-0.10986328125,0.69580078125,-0.01220703125,2.4169921875,0.1220703125,1.5625,-0.32958984375,3.2958984375,-0.84228515625,2.03857421875,-0.10986328125,0.09765625,-0.25634765625,1.03759765625,0.01220703125,0.2197265625,-0.3662109375,0.1953125,-0.2685546875,0.25634765625,0.2685546875,0.9033203125,0.09765625,0,0.03662109375,1.30615234375,0.2197265625,-1.0009765625,-0.10986328125,-0.4150390625,-0.048828125,-0.98876953125,-0.0732421875,-0.81787109375,0.08544921875,-1.513671875,0.0244140625,0.0732421875,0.341796875,-0.23193359375,0.0244140625,-1.07421875,-0.20751953125,-0.732421875,-0.0732421875,-0.78125,-0.03662109375,-0.64697265625,-0.048828125,-0.10986328125,0.146484375,5.77392578125,-0.37841796875,9.53369140625,0.06103515625,4.248046875,-0.1953125,7.421875,0.1953125,0.35400390625,0.15869140625,0,-0.06103515625,0,0,0.1953125,-0.09765625,-0.146484375,0.03662109375,0.78125,0.06103515625,-0.47607421875,-0.048828125,-0.5859375
1,0,-0.37841796875,-0.048828125,-0.341796875,0.20751953125,-0.45166015625,0.0244140625,-0.048828125,-0.15869140625,0,-0.0732421875,-0.9033203125,-0.29296875,1.07421875,0,-0.09765625,0.03662109375,-0.62255859375,0.09765625,-0.09765625,-0.18310546875,0.9033203125,-0.1708984375,-0.62255859375,-0.15869140625,0.32958984375,0.09765625,-0.37841796875,-0.20751953125,1.6845703125,0.03662109375,0.9521484375,-0.06103515625,-0.35400390625,-0.1953125,-0.89111328125,-0.23193359375,-0.4638671875,0.10986328125,-0.76904296875,-0.10986328125,-0.20751953125,0.01220703125,-0.7080078125,-0.13427734375,-0.40283203125,0.18310546875,0.62255859375,-0.13427734375,1.171875,0.01220703125,0.45166015625,0.29296875,-0.29296875,-0.13427734375,0.68359375,0.01220703125,2.392578125,0.10986328125,1.5380859375,-0.35400390625,3.25927734375,-0.86669921875,2.01416015625,0,0.15869140625,-0.1708984375,1.025390625,0.0244140625,0.1953125,-0.32958984375,0.1953125,-0.244140625,0.25634765625,0.28076171875,0.93994140625,0.06103515625,-0.03662109375,-0.03662109375,1.2939453125,0.1953125,-1.01318359375,-0.1220703125,-0.4150390625,0,-0.98876953125,-0.06103515625,-0.8056640625,0.1953125,-1.46484375,0,0.146484375,0.37841796875,-0.1708984375,0.13427734375,-1.025390625,-0.1953125,-0.732421875,-0.03662109375,-0.76904296875,-0.0244140625,-0.62255859375,-0.048828125,-0.1220703125,0.20751953125,5.74951171875,-0.3173828125,9.50927734375,0.03662109375,4.18701171875,-0.244140625,7.3974609375,0.1708984375,0.3662109375,0.18310546875,-0.0244140625,-0.06103515625,-0.01220703125,0.01220703125,0.1953125,-0.08544921875,-0.13427734375,0.0244140625,0.78125,0.08544921875,-0.48828125,-0.03662109375,-0.54931640625
0,0.048828125,-0.37841796875,-0.0244140625,-0.341796875,0.20751953125,-0.439453125,0.0244140625,-0.0244140625,-0.15869140625,-0.01220703125,-0.08544921875,-0.9033203125,-0.40283203125,1.08642578125,0.01220703125,-0.0732421875,0.09765625,-0.6103515625,0.0732421875,-0.09765625,-0.23193359375,0.9033203125,-0.1708984375,-0.634765625,-0.03662109375,0.23193359375,0.18310546875,-0.341796875,-0.06103515625,1.513671875,0,0.830078125,-0.06103515625,-0.35400390625,-0.25634765625,-0.86669921875,-0.18310546875,-0.45166015625,0.048828125,-0.78125,-0.06103515625,-0.20751953125,0.01220703125,-0.732421875,-0.13427734375,-0.4150390625,0.20751953125,0.6103515625,-0.1220703125,1.171875,0.048828125,0.47607421875,0.30517578125,-0.2685546875,-0.146484375,0.67138671875,0.0244140625,2.392578125,0.0732421875,1.5380859375,-0.3662109375,3.23486328125,-0.78125,2.001953125,0.01220703125,0.1708984375,-0.048828125,1.025390625,0.0244140625,0.15869140625,-0.2685546875,0.15869140625,-0.1953125,0.25634765625,0.30517578125,0.9521484375,0.048828125,-0.0244140625,-0.0732421875,1.2939453125,0.1708984375,-1.01318359375,-0.13427734375,-0.4150390625,0.06103515625,-0.9765625,-0.048828125,-0.8056640625,0.18310546875,-1.513671875,-0.06103515625,0.0244140625,0.341796875,-0.1953125,0.1953125,-1.08642578125,-0.1220703125,-0.732421875,-0.01220703125,-0.76904296875,0.01220703125,-0.64697265625,-0.03662109375,-0.1220703125,0.23193359375,5.52978515625,-0.2685546875,9.1552734375,0,4.0283203125,-0.25634765625,7.177734375,0.13427734375,0.3662109375,0.20751953125,-0.01220703125,-0.0732421875,-0.03662109375,-0.01220703125,0.18310546875,-0.08544921875,-0.13427734375,0.0244140625,0.78125,0.08544921875,-0.50048828125,-0.0244140625,-0.5615234375
0,0.06103515625,-0.390625,-0.048828125,-0.35400390625,0.2197265625,-0.439453125,0.048828125,-0.048828125,-0.146484375,-0.03662109375,-0.08544921875,-0.91552734375,-0.4638671875,1.07421875,0.048828125,-0.0732421875,0.18310546875,-0.62255859375,0.0244140625,-0.10986328125,-0.30517578125,0.91552734375,-0.1220703125,-0.62255859375,0.06103515625,0.1953125,0.20751953125,-0.25634765625,0.06103515625,1.416015625,-0.03662109375,0.732421875,-0.03662109375,-0.30517578125,-0.30517578125,-0.86669921875,-0.146484375,-0.4150390625,0.06103515625,-0.79345703125,-0.01220703125,-0.1953125,0.01220703125,-0.74462890625,-0.10986328125,-0.42724609375,0.18310546875,0.62255859375,-0.1220703125,1.18408203125,0.146484375,0.47607421875,0.2685546875,-0.23193359375,-0.15869140625,0.67138671875,0.06103515625,2.34375,0.03662109375,1.52587890625,-0.3662109375,3.1982421875,-0.732421875,2.001953125,0.01220703125,0.15869140625,0.03662109375,0.98876953125,0.03662109375,0.13427734375,-0.23193359375,0.146484375,-0.1220703125,0.23193359375,0.32958984375,0.9521484375,0.0244140625,-0.0244140625,-0.08544921875,1.28173828125,0.146484375,-1.025390625,-0.15869140625,-0.40283203125,0.146484375,-1.0009765625,-0.03662109375,-0.8056640625,0.10986328125,-1.611328125,-0.146484375,-0.20751953125,0.28076171875,-0.30517578125,0.2197265625,-1.220703125,-0.1220703125,-0.72021484375,0,-0.78125,0,-0.64697265625,-0.03662109375,-0.13427734375,0.2685546875,5.16357421875,-0.20751953125,8.5693359375,-0.048828125,3.7353515625,-0.23193359375,6.77490234375,0.146484375,0.390625,0.2197265625,-0.01220703125,-0.0732421875,-0.0732421875,-0.01220703125,0.1953125,-0.09765625,-0.09765625,0.03662109375,0.76904296875,0.09765625,-0.54931640625,-0.0244140625,-0.57373046875
0,0.0732421875,-0.37841796875,-0.03662109375,-0.37841796875,0.20751953125,-0.45166015625,0.08544921875,-0.0732421875,-0.146484375,-0.048828125,-0.08544921875,-0.927734375,-0.48828125,1.06201171875,0.06103515625,-0.10986328125,0.23193359375,-0.6103515625,-0.0244140625,-0.1220703125,-0.390625,0.91552734375,-0.08544921875,-0.59814453125,0.18310546875,0.23193359375,0.244140625,-0.0244140625,0.2197265625,1.42822265625,-0.048828125,0.7568359375,-0.0244140625,-0.28076171875,-0.3662109375,-0.86669921875,-0.1220703125,-0.40283203125,0.08544921875,-0.78125,0.0732421875,-0.1953125,0.06103515625,-0.7080078125,-0.0732421875,-0.439453125,0.244140625,0.62255859375,-0.13427734375,1.15966796875,0.1708984375,0.47607421875,0.20751953125,-0.18310546875,-0.20751953125,0.67138671875,0.08544921875,2.28271484375,0.09765625,1.47705078125,-0.25634765625,3.08837890625,-0.634765625,1.94091796875,0.0244140625,0.146484375,0.10986328125,0.98876953125,0.048828125,0.146484375,-0.18310546875,0.15869140625,-0.0244140625,0.2197265625,0.37841796875,0.93994140625,0,-0.0244140625,-0.13427734375,1.2939453125,0.1220703125,-1.01318359375,-0.1953125,-0.390625,0.18310546875,-1.0009765625,0.01220703125,-0.8056640625,0.1220703125,-1.74560546875,-0.08544921875,-0.50048828125,0.29296875,-0.45166015625,0.2685546875,-1.37939453125,-0.10986328125,-0.72021484375,0.0244140625,-0.78125,0.01220703125,-0.634765625,-0.0244140625,-0.1220703125,0.29296875,4.6630859375,-0.146484375,7.72705078125,-0.08544921875,3.35693359375,-0.20751953125,6.2744140625,0.13427734375,0.3662109375,0.2685546875,-0.01220703125,-0.06103515625,-0.09765625,-0.048828125,0.18310546875,-0.10986328125,-0.06103515625,0.06103515625,0.74462890625,0.09765625,-0.5859375,-0.01220703125,-0.54931640625
0,0.06103515625,-0.390625,-0.048828125,-0.37841796875,0.1708984375,-0.439453125,0.06103515625,-0.08544921875,-0.15869140625,-0.06103515625,-0.0732421875,-0.9033203125,-0.47607421875,1.06201171875,0.01220703125,-0.10986328125,0.25634765625,-0.5859375,-0.0732421875,-0.13427734375,-0.45166015625,0.91552734375,-0.048828125,-0.59814453125,0.244140625,0.40283203125,0.25634765625,0.40283203125,0.25634765625,1.62353515625,-0.09765625,0.96435546875,-0.01220703125,-0.244140625,-0.40283203125,-0.8544921875,-0.09765625,-0.37841796875,0.08544921875,-0.76904296875,0.1708984375,-0.20751953125,0.10986328125,-0.6591796875,-0.0244140625,-0.4638671875,0.20751953125,0.634765625,-0.1220703125,1.13525390625,0.23193359375,0.4638671875,0.1220703125,-0.13427734375,-0.23193359375,0.67138671875,0.08544921875,2.1240234375,0.10986328125,1.37939453125,-0.244140625,2.880859375,-0.4638671875,1.79443359375,-0.06103515625,0.146484375,0.15869140625,0.9765625,0,0.15869140625,-0.1953125,0.146484375,0.03662109375,0.2197265625,0.40283203125,0.927734375,-0.03662109375,-0.048828125,-0.10986328125,1.28173828125,0.06103515625,-1.025390625,-0.18310546875,-0.37841796875,0.244140625,-1.01318359375,0.0244140625,-0.81787109375,0.01220703125,-1.86767578125,-0.0732421875,-0.76904296875,0.244140625,-0.57373046875,0.1953125,-1.513671875,-0.09765625,-0.72021484375,0.048828125,-0.74462890625,-0.01220703125,-0.634765625,-0.048828125,-0.1220703125,0.244140625,4.06494140625,-0.08544921875,6.73828125,-0.08544921875,2.89306640625,-0.1708984375,5.6396484375,0.1220703125,0.341796875,0.29296875,0,-0.06103515625,-0.09765625,-0.06103515625,0.1708984375,-0.10986328125,0.01220703125,0.06103515625,0.732421875,0.09765625,-0.62255859375,0,-0.57373046875
0,0.0732421875,-0.37841796875,-0.03662109375,-0.390625,0.146484375,-0.45166015625,0.06103515625,-0.09765625,-0.146484375,-0.08544921875,-0.08544921875,-0.86669921875,-0.439453125,1.06201171875,-0.03662109375,-0.13427734375,0.23193359375,-0.59814453125,-0.146484375,-0.13427734375,-0.42724609375,0.89111328125,-0.0244140625,-0.5859375,0.29296875,0.74462890625,0.25634765625,1.0498046875,0.23193359375,2.0263671875,-0.0732421875,1.318359375,0.01220703125,-0.1708984375,-0.341796875,-0.8544921875,-0.08544921875,-0.37841796875,0.13427734375,-0.76904296875,0.20751953125,-0.1953125,0.15869140625,-0.59814453125,0.01220703125,-0.439453125,0.23193359375,0.64697265625,-0.08544921875,1.11083984375,0.28076171875,0.47607421875,0.048828125,-0.08544921875,-0.25634765625,0.67138671875,0.08544921875,1.9287109375,0.1708984375,1.23291015625,-0.18310546875,2.52685546875,-0.35400390625,1.5869140625,-0.0732421875,0.146484375,0.244140625,0.9765625,0.0244140625,0.15869140625,-0.146484375,0.13427734375,0.1220703125,0.1953125,0.35400390625,0.91552734375,-0.06103515625,-0.03662109375,-0.08544921875,1.28173828125,0.03662109375,-1.0009765625,-0.1953125,-0.37841796875,0.29296875,-1.025390625,0.03662109375,-0.8056640625,-0.20751953125,-1.953125,-0.13427734375,-0.93994140625,0.146484375,-0.64697265625,0.08544921875,-1.611328125,-0.10986328125,-0.732421875,0.048828125,-0.7080078125,-0.08544921875,-0.62255859375,-0.048828125,-0.13427734375,0.18310546875,3.40576171875,0.01220703125,5.65185546875,-0.08544921875,2.38037109375,-0.18310546875,4.94384765625,0.10986328125,0.35400390625,0.30517578125,0.01220703125,-0.06103515625,-0.06103515625,-0.06103515625,0.1708984375,-0.1220703125,0.06103515625,0.06103515625,0.7080078125,0.09765625,-0.6103515625,0.01220703125,-0.59814453125
0,0.0732421875,-0.40283203125,-0.048828125,-0.3662109375,0.13427734375,-0.439453125,0.06103515625,-0.09765625,-0.1220703125,-0.09765625,-0.1220703125,-0.87890625,-0.35400390625,1.07421875,-0.08544921875,-0.146484375,0.18310546875,-0.5859375,-0.1708984375,-0.146484375,-0.35400390625,0.86669921875,-0.06103515625,-0.59814453125,0.3662109375,1.23291015625,0.244140625,1.91650390625,0.15869140625,2.64892578125,0.0244140625,1.91650390625,-0.0244140625,-0.08544921875,-0.30517578125,-0.87890625,-0.06103515625,-0.390625,0.15869140625,-0.7568359375,0.2197265625,-0.18310546875,0.13427734375,-0.52490234375,0.048828125,-0.45166015625,0.2685546875,0.6591796875,-0.0244140625,1.0986328125,0.28076171875,0.47607421875,-0.03662109375,-0.08544921875,-0.32958984375,0.67138671875,0.0244140625,1.64794921875,0.2197265625,1.03759765625,-0.18310546875,2.05078125,-0.2685546875,1.318359375,-0.08544921875,0.13427734375,0.2685546875,1.0009765625,0.048828125,0.18310546875,-0.13427734375,0.15869140625,0.13427734375,0.20751953125,0.28076171875,0.91552734375,-0.08544921875,-0.03662109375,-0.09765625,1.2939453125,0.0244140625,-0.98876953125,-0.146484375,-0.3662109375,0.32958984375,-1.025390625,0,-0.79345703125,-0.244140625,-1.953125,-0.03662109375,-0.98876953125,0.13427734375,-0.6591796875,0.0732421875,-1.59912109375,-0.08544921875,-0.74462890625,0.048828125,-0.72021484375,-0.1220703125,-0.634765625,-0.048828125,-0.13427734375,0.10986328125,2.69775390625,-0.0244140625,4.4677734375,-0.0732421875,1.84326171875,-0.20751953125,4.1748046875,0.09765625,0.35400390625,0.30517578125,0.0244140625,-0.06103515625,-0.0732421875,-0.06103515625,0.1708984375,-0.1220703125,0.1220703125,0.048828125,0.7080078125,0.08544921875,-0.59814453125,0.01220703125,-0.59814453125
0,0.08544921875,-0.40283203125,-0.0244140625,-0.3662109375,0.13427734375,-0.439453125,0.0732421875,-0.08544921875,-0.09765625,-0.09765625,-0.1220703125,-0.8544921875,-0.23193359375,1.07421875,-0.13427734375,-0.15869140625,0.13427734375,-0.57373046875,-0.2197265625,-0.146484375,-0.29296875,0.8544921875,-0.09765625,-0.5859375,0.29296875,1.8798828125,0.06103515625,2.99072265625,-0.048828125,3.45458984375,0.0244140625,2.64892578125,-0.08544921875,-0.01220703125,-0.1953125,-0.87890625,-0.06103515625,-0.4150390625,0.2197265625,-0.7568359375,0.20751953125,-0.20751953125,0.1220703125,-0.45166015625,0.03662109375,-0.45166015625,0.2685546875,0.68359375,0.03662109375,1.0986328125,0.28076171875,0.45166015625,-0.09765625,-0.08544921875,-0.40283203125,0.69580078125,0,1.3671875,0.2685546875,0.830078125,-0.13427734375,1.5625,-0.1708984375,1.03759765625,-0.146484375,0.13427734375,0.25634765625,1.0009765625,0.0244140625,0.20751953125,-0.1708984375,0.18310546875,0.13427734375,0.20751953125,0.20751953125,0.91552734375,-0.08544921875,-0.0244140625,-0.09765625,1.28173828125,-0.0244140625,-0.98876953125,-0.10986328125,-0.390625,0.3173828125,-1.0498046875,-0.0244140625,-0.81787109375,-0.37841796875,-1.8798828125,-0.10986328125,-0.87890625,0,-0.5615234375,-0.01220703125,-1.47705078125,-0.0732421875,-0.732421875,0.03662109375,-0.7080078125,-0.1708984375,-0.6103515625,-0.0732421875,-0.13427734375,0.08544921875,1.94091796875,0,3.28369140625,-0.048828125,1.2451171875,-0.23193359375,3.38134765625,0.10986328125,0.32958984375,0.3173828125,0.03662109375,-0.0732421875,-0.0244140625,-0.03662109375,0.18310546875,-0.1220703125,0.1708984375,0.0244140625,0.72021484375,0.0732421875,-0.5859375,-0.0244140625,-0.5859375
0,0.09765625,-0.40283203125,-0.03662109375,-0.37841796875,0.18310546875,-0.439453125,0.08544921875,-0.08544921875,-0.08544921875,-0.10986328125,-0.1708984375,-0.84228515625,-0.10986328125,1.08642578125,-0.146484375,-0.18310546875,0.06103515625,-0.5615234375,-0.23193359375,-0.146484375,-0.15869140625,0.8544921875,-0.15869140625,-0.59814453125,0.23193359375,2.587890625,0.10986328125,4.13818359375,-0.1708984375,4.40673828125,0.13427734375,3.47900390625,-0.13427734375,0.0732421875,-0.1708984375,-0.89111328125,-0.08544921875,-0.4150390625,0.244140625,-0.7568359375,0.13427734375,-0.1953125,0.09765625,-0.37841796875,0,-0.4150390625,0.341796875,0.7080078125,0.1220703125,1.0986328125,0.2685546875,0.45166015625,-0.146484375,-0.09765625,-0.52490234375,0.68359375,-0.01220703125,1.11083984375,0.30517578125,0.6591796875,-0.08544921875,1.08642578125,-0.10986328125,0.7568359375,-0.08544921875,0.13427734375,0.25634765625,1.0009765625,0.10986328125,0.23193359375,-0.15869140625,0.1953125,0.10986328125,0.20751953125,0.1220703125,0.9033203125,-0.048828125,-0.0244140625,-0.09765625,1.28173828125,-0.03662109375,-0.96435546875,-0.048828125,-0.37841796875,0.2685546875,-1.03759765625,-0.048828125,-0.79345703125,-0.4150390625,-1.69677734375,-0.1220703125,-0.6103515625,-0.0732421875,-0.3662109375,-0.0244140625,-1.25732421875,-0.08544921875,-0.732421875,0.0244140625,-0.72021484375,-0.20751953125,-0.62255859375,-0.09765625,-0.1220703125,0.06103515625,1.20849609375,-0.0244140625,2.0751953125,-0.0244140625,0.634765625,-0.2197265625,2.587890625,0.1220703125,0.341796875,0.29296875,0.03662109375,-0.06103515625,-0.01220703125,-0.0244140625,0.18310546875,-0.09765625,0.25634765625,0.03662109375,0.732421875,0.048828125,-0.54931640625,-0.03662109375,-0.59814453125
0,0.10986328125,-0.390625,-0.01220703125,-0.390625,0.15869140625,-0.439453125,0.08544921875,-0.09765625,-0.0732421875,-0.09765625,-0.2197265625,-0.87890625,-0.01220703125,1.08642578125,-0.15869140625,-0.20751953125,0.01220703125,-0.57373046875,-0.20751953125,-0.13427734375,-0.0732421875,0.86669921875,-0.1953125,-0.59814453125,0.1708984375,3.30810546875,0.10986328125,5.2978515625,-0.29296875,5.35888671875,0.146484375,4.296875,-0.1708984375,0.13427734375,-0.15869140625,-0.9033203125,-0.1220703125,-0.40283203125,0.244140625,-0.7568359375,0.0732421875,-0.1953125,0.0732421875,-0.3662109375,-0.08544921875,-0.4150390625,0.35400390625,0.69580078125,0.1708984375,1.11083984375,0.244140625,0.4638671875,-0.2197265625,-0.146484375,-0.5859375,0.69580078125,-0.048828125,0.89111328125,0.341796875,0.48828125,-0.0732421875,0.69580078125,-0.048828125,0.5126953125,-0.0732421875,0.146484375,0.244140625,1.025390625,0.1220703125,0.23193359375,-0.2197265625,0.23193359375,0.08544921875,0.23193359375,0.0732421875,0.89111328125,0.01220703125,-0.01220703125,-0.13427734375,1.2939453125,-0.06103515625,-0.9521484375,0,-0.3662109375,0.1953125,-1.025390625,-0.0244140625,-0.8056640625,-0.32958984375,-1.46484375,-0.0732421875,-0.30517578125,-0.09765625,-0.146484375,0.01220703125,-0.9765625,-0.08544921875,-0.7568359375,0.03662109375,-0.732421875,-0.23193359375,-0.634765625,-0.13427734375,-0.1220703125,0.0244140625,0.5126953125,-0.10986328125,0.9033203125,-0.0244140625,0.0732421875,-0.1953125,1.85546875,0.10986328125,0.3662109375,0.29296875,0.01220703125,-0.06103515625,0.01220703125,0,0.1953125,-0.0732421875,0.32958984375,0,0.7568359375,0.048828125,-0.5126953125,-0.0244140625,-0.5859375
0,0.10986328125,-0.37841796875,0,-0.37841796875,0.15869140625,-0.42724609375,0.08544921875,-0.10986328125,-0.06103515625,-0.06103515625,-0.2685546875,-0.86669921875,0.048828125,1.0986328125,-0.15869140625,-0.1953125,-0.06103515625,-0.57373046875,-0.15869140625,-0.146484375,-0.01220703125,0.8544921875,-0.15869140625,-0.62255859375,0.13427734375,3.99169921875,0.146484375,6.38427734375,-0.35400390625,6.25,0.15869140625,5.0537109375,-0.1953125,0.18310546875,-0.13427734375,-0.89111328125,-0.1708984375,-0.45166015625,0.20751953125,-0.76904296875,0.06103515625,-0.20751953125,0.0244140625,-0.3662109375,-0.1708984375,-0.4150390625,0.390625,0.68359375,0.244140625,1.1474609375,0.29296875,0.45166015625,-0.3173828125,-0.18310546875,-0.6103515625,0.72021484375,-0.03662109375,0.78125,0.390625,0.4150390625,-0.146484375,0.45166015625,0.03662109375,0.40283203125,-0.048828125,0.18310546875,0.15869140625,1.06201171875,0.146484375,0.25634765625,-0.28076171875,0.23193359375,0.0732421875,0.23193359375,0.03662109375,0.89111328125,0.0732421875,-0.01220703125,-0.18310546875,1.26953125,-0.048828125,-0.96435546875,0.048828125,-0.390625,0.1220703125,-1.01318359375,-0.03662109375,-0.8056640625,-0.341796875,-1.220703125,-0.15869140625,0.06103515625,-0.20751953125,0.08544921875,0.0244140625,-0.6591796875,-0.13427734375,-0.74462890625,0.0244140625,-0.732421875,-0.23193359375,-0.634765625,-0.18310546875,-0.13427734375,0.03662109375,-0.13427734375,-0.20751953125,-0.1220703125,0,-0.48828125,-0.1708984375,1.1474609375,0.08544921875,0.37841796875,0.28076171875,-0.01220703125,-0.06103515625,0.03662109375,0,0.18310546875,-0.08544921875,0.37841796875,0.0244140625,0.78125,0.03662109375,-0.47607421875,-0.03662109375,-0.54931640625
0,0.10986328125,-0.390625,0,-0.390625,0.13427734375,-0.439453125,0.08544921875,-0.09765625,-0.06103515625,-0.01220703125,-0.3173828125,-0.8544921875,0.1708984375,1.08642578125,-0.1220703125,-0.20751953125,-0.10986328125,-0.57373046875,-0.08544921875,-0.146484375,0.0244140625,0.86669921875,-0.08544921875,-0.6103515625,0.048828125,4.52880859375,0.09765625,7.275390625,-0.35400390625,6.99462890625,0.09765625,5.615234375,-0.15869140625,0.2197265625,-0.20751953125,-0.9033203125,-0.15869140625,-0.439453125,0.1708984375,-0.76904296875,0.01220703125,-0.20751953125,-0.0732421875,-0.40283203125,-0.2197265625,-0.4150390625,0.4150390625,0.7080078125,0.32958984375,1.15966796875,0.25634765625,0.4638671875,-0.35400390625,-0.20751953125,-0.67138671875,0.7080078125,-0.08544921875,0.78125,0.341796875,0.439453125,-0.244140625,0.4638671875,0.0732421875,0.3662109375,0.0732421875,0.2197265625,0.06103515625,1.08642578125,0.15869140625,0.2685546875,-0.3173828125,0.2685546875,0.0244140625,0.23193359375,-0.03662109375,0.87890625,0.146484375,0,-0.1953125,1.28173828125,0,-0.96435546875,0.08544921875,-0.37841796875,0,-1.0009765625,-0.01220703125,-0.79345703125,-0.2685546875,-1.0009765625,-0.18310546875,0.341796875,-0.244140625,0.32958984375,0.06103515625,-0.390625,-0.18310546875,-0.74462890625,0.048828125,-0.74462890625,-0.25634765625,-0.634765625,-0.1953125,-0.146484375,0.048828125,-0.69580078125,-0.30517578125,-1.01318359375,0.0244140625,-0.96435546875,-0.15869140625,0.537109375,0.1220703125,0.35400390625,0.28076171875,0.01220703125,-0.06103515625,0.048828125,0.01220703125,0.1708984375,-0.06103515625,0.42724609375,0,0.81787109375,0.0244140625,-0.45166015625,-0.048828125,-0.54931640625
0,0.13427734375,-0.390625,0.0244140625,-0.390625,0.10986328125,-0.45166015625,0.10986328125,-0.10986328125,-0.06103515625,-0.0244140625,-0.32958984375,-0.89111328125,0.25634765625,1.08642578125,-0.10986328125,-0.1708984375,-0.13427734375,-0.57373046875,-0.0244140625,-0.13427734375,0.01220703125,0.87890625,-0.0244140625,-0.6103515625,0,4.931640625,0.0244140625,7.92236328125,-0.28076171875,7.4951171875,-0.0244140625,6.005859375,-0.08544921875,0.244140625,-0.30517578125,-0.89111328125,-0.146484375,-0.47607421875,0.06103515625,-0.79345703125,0.03662109375,-0.20751953125,-0.15869140625,-0.45166015625,-0.1953125,-0.40283203125,0.3662109375,0.68359375,0.390625,1.171875,0.2197265625,0.50048828125,-0.37841796875,-0.2197265625,-0.6591796875,0.72021484375,-0.0732421875,0.93994140625,0.341796875,0.57373046875,-0.2685546875,0.732421875,0.08544921875,0.537109375,0.06103515625,0.28076171875,-0.03662109375,1.08642578125,0.09765625,0.28076171875,-0.35400390625,0.29296875,-0.08544921875,0.25634765625,-0.048828125,0.89111328125,0.23193359375,0,-0.244140625,1.2939453125,0.0732421875,-0.9521484375,0.10986328125,-0.390625,-0.10986328125,-1.0009765625,-0.01220703125,-0.81787109375,-0.15869140625,-0.86669921875,-0.146484375,0.52490234375,-0.23193359375,0.5126953125,0.09765625,-0.1953125,-0.23193359375,-0.7568359375,0.0732421875,-0.74462890625,-0.2685546875,-0.634765625,-0.1708984375,-0.13427734375,0.06103515625,-1.15966796875,-0.390625,-1.806640625,0.01220703125,-1.3916015625,-0.1220703125,0,0.1220703125,0.341796875,0.28076171875,-0.01220703125,-0.06103515625,0.048828125,0,0.1953125,-0.06103515625,0.45166015625,0.0244140625,0.830078125,0.01220703125,-0.4638671875,-0.048828125,-0.537109375
0,0.13427734375,-0.390625,0.048828125,-0.35400390625,0.08544921875,-0.439453125,0.1220703125,-0.06103515625,-0.0244140625,0,-0.3662109375,-0.87890625,0.341796875,1.08642578125,-0.09765625,-0.15869140625,-0.08544921875,-0.5859375,0.03662109375,-0.146484375,0.0244140625,0.89111328125,0.06103515625,-0.62255859375,-0.01220703125,5.11474609375,0.09765625,8.26416015625,-0.13427734375,7.71484375,-0.08544921875,6.16455078125,-0.01220703125,0.23193359375,-0.30517578125,-0.89111328125,-0.08544921875,-0.47607421875,0,-0.79345703125,0.048828125,-0.1953125,-0.25634765625,-0.52490234375,-0.15869140625,-0.40283203125,0.28076171875,0.6591796875,0.40283203125,1.1962890625,0.244140625,0.50048828125,-0.3662109375,-0.20751953125,-0.6103515625,0.72021484375,-0.01220703125,1.25732421875,0.341796875,0.78125,-0.40283203125,1.30615234375,0.08544921875,0.84228515625,0.1220703125,0.341796875,-0.1220703125,1.0986328125,0.0244140625,0.25634765625,-0.390625,0.30517578125,-0.15869140625,0.25634765625,-0.10986328125,0.87890625,0.2685546875,0,-0.28076171875,1.28173828125,0.15869140625,-0.9765625,0.1220703125,-0.390625,-0.2197265625,-1.0009765625,0.0244140625,-0.79345703125,-0.08544921875,-0.8056640625,-0.1220703125,0.57373046875,-0.1953125,0.59814453125,0.09765625,-0.09765625,-0.2685546875,-0.74462890625,0.1220703125,-0.76904296875,-0.28076171875,-0.634765625,-0.1220703125,-0.13427734375,0.08544921875,-1.52587890625,-0.40283203125,-2.3681640625,-0.0244140625,-1.6845703125,-0.146484375,-0.390625,0.1220703125,0.341796875,0.28076171875,0,-0.06103515625,0.048828125,-0.0244140625,0.1953125,-0.08544921875,0.47607421875,0.048828125,0.8544921875,0,-0.47607421875,-0.048828125,-0.52490234375
1,0.13427734375,-0.40283203125,0.03662109375,-0.341796875,0.09765625,-0.45166015625,0.10986328125,-0.0732421875,-0.06103515625,-0.01220703125,-0.37841796875,-0.89111328125,0.40283203125,1.0498046875,-0.0732421875,-0.13427734375,-0.03662109375,-0.59814453125,0.08544921875,-0.13427734375,0,0.9033203125,0.1220703125,-0.62255859375,-0.0244140625,5.1025390625,0.1220703125,8.31298828125,0.0244140625,7.70263671875,-0.13427734375,6.11572265625,0.03662109375,0.23193359375,-0.37841796875,-0.9033203125,0.01220703125,-0.45166015625,-0.09765625,-0.8056640625,0.0244140625,-0.18310546875,-0.3173828125,-0.62255859375,-0.06103515625,-0.40283203125,0.2197265625,0.62255859375,0.390625,1.1962890625,0.2197265625,0.52490234375,-0.3173828125,-0.20751953125,-0.5859375,0.72021484375,0.048828125,1.67236328125,0.3173828125,1.11083984375,-0.47607421875,2.06298828125,0.13427734375,1.25732421875,0.1220703125,0.42724609375,-0.1953125,1.11083984375,-0.03662109375,0.2685546875,-0.439453125,0.32958984375,-0.244140625,0.244140625,-0.13427734375,0.84228515625,0.29296875,-0.01220703125,-0.28076171875,1.28173828125,0.20751953125,-0.98876953125,0.09765625,-0.390625,-0.30517578125,-0.98876953125,0.048828125,-0.79345703125,-0.03662109375,-0.81787109375,-0.0732421875,0.48828125,-0.1220703125,0.59814453125,0.10986328125,-0.13427734375,-0.244140625,-0.7568359375,0.1220703125,-0.74462890625,-0.2685546875,-0.634765625,-0.08544921875,-0.13427734375,0.048828125,-1.7822265625,-0.42724609375,-2.77099609375,-0.08544921875,-1.8798828125,-0.1708984375,-0.6591796875,0.08544921875,0.341796875,0.28076171875,0.01220703125,-0.048828125,0.06103515625,-0.08544921875,0.18310546875,-0.06103515625,0.47607421875,0.048828125,0.8544921875,0.0244140625,-0.48828125,-0.048828125,-0.5126953125
1,0.1220703125,-0.40283203125,0.03662109375,-0.3662109375,0.10986328125,-0.42724609375,0.09765625,-0.08544921875,-0.03662109375,-0.0244140625,-0.341796875,-0.86669921875,0.439453125,1.0498046875,-0.06103515625,-0.1220703125,0.06103515625,-0.57373046875,0.09765625,-0.1220703125,-0.0244140625,0.9033203125,0.1953125,-0.62255859375,0.03662109375,4.9560546875,0.0244140625,8.0810546875,0.09765625,7.48291015625,-0.18310546875,5.908203125,0.0732421875,0.20751953125,-0.439453125,-0.91552734375,0.09765625,-0.439453125,-0.146484375,-0.81787109375,-0.048828125,-0.1708984375,-0.30517578125,-0.7080078125,0.01220703125,-0.4150390625,0.10986328125,0.634765625,0.35400390625,1.15966796875,0.244140625,0.52490234375,-0.25634765625,-0.1708984375,-0.5615234375,0.72021484375,0.10986328125,2.18505859375,0.28076171875,1.46484375,-0.5126953125,2.978515625,0.20751953125,1.77001953125,0.13427734375,0.50048828125,-0.244140625,1.123046875,-0.09765625,0.30517578125,-0.42724609375,0.341796875,-0.3173828125,0.244140625,-0.1220703125,0.87890625,0.29296875,-0.01220703125,-0.2197265625,1.28173828125,0.244140625,-0.98876953125,0.09765625,-0.390625,-0.32958984375,-1.0009765625,0.08544921875,-0.79345703125,0.03662109375,-0.89111328125,-0.06103515625,0.2685546875,-0.09765625,0.52490234375,0.146484375,-0.20751953125,-0.244140625,-0.76904296875,0.10986328125,-0.732421875,-0.2685546875,-0.64697265625,-0.06103515625,-0.10986328125,-0.01220703125,-1.904296875,-0.4638671875,-2.96630859375,-0.13427734375,-1.9775390625,-0.1953125,-0.81787109375,0.06103515625,0.341796875,0.29296875,0.0244140625,-0.048828125,0.06103515625,-0.13427734375,0.20751953125,-0.10986328125,0.45166015625,0.048828125,0.84228515625,0.03662109375,-0.47607421875,-0.048828125,-0.5126953125
1,0.13427734375,-0.4150390625,0.03662109375,-0.3662109375,0.08544921875,-0.439453125,0.0732421875,-0.0732421875,0,-0.01220703125,-0.35400390625,-0.87890625,0.50048828125,1.06201171875,-0.048828125,-0.1220703125,0.1220703125,-0.5615234375,0.1220703125,-0.1220703125,0,0.9033203125,0.244140625,-0.6103515625,0.08544921875,4.72412109375,0.01220703125,7.70263671875,0.09765625,7.12890625,-0.1708984375,5.60302734375,0.0732421875,0.1953125,-0.45166015625,-0.9033203125,0.13427734375,-0.42724609375,-0.20751953125,-0.8056640625,-0.08544921875,-0.18310546875,-0.25634765625,-0.78125,0.06103515625,-0.4150390625,0.06103515625,0.634765625,0.28076171875,1.15966796875,0.25634765625,0.50048828125,-0.09765625,-0.13427734375,-0.54931640625,0.72021484375,0.1220703125,2.72216796875,0.23193359375,1.89208984375,-0.72021484375,3.955078125,0.28076171875,2.34375,0.15869140625,0.54931640625,-0.2685546875,1.11083984375,-0.15869140625,0.3173828125,-0.390625,0.341796875,-0.35400390625,0.244140625,-0.08544921875,0.8544921875,0.28076171875,-0.0244140625,-0.146484375,1.2939453125,0.2685546875,-0.98876953125,0.09765625,-0.390625,-0.3173828125,-1.01318359375,0.0732421875,-0.79345703125,0.048828125,-1.01318359375,-0.03662109375,0.01220703125,-0.06103515625,0.390625,0.13427734375,-0.3662109375,-0.20751953125,-0.76904296875,0.0732421875,-0.72021484375,-0.25634765625,-0.64697265625,-0.048828125,-0.10986328125,0.01220703125,-1.89208984375,-0.30517578125,-2.9541015625,-0.1220703125,-1.94091796875,-0.1953125,-0.8056640625,0.0244140625,0.341796875,0.30517578125,0.0244140625,-0.06103515625,0.048828125,-0.15869140625,0.1708984375,-0.09765625,0.390625,0.048828125,0.830078125,0.03662109375,-0.5126953125,-0.03662109375,-0.5126953125
1,0.13427734375,-0.390625,0.048828125,-0.37841796875,0.048828125,-0.42724609375,0.0732421875,-0.09765625,0.048828125,-0.0244140625,-0.30517578125,-0.87890625,0.52490234375,1.06201171875,-0.09765625,-0.10986328125,0.15869140625,-0.5615234375,0.13427734375,-0.10986328125,0.0244140625,0.89111328125,0.2197265625,-0.59814453125,0.13427734375,4.4189453125,-0.0244140625,7.16552734375,0.0732421875,6.72607421875,-0.09765625,5.23681640625,0.048828125,0.1708984375,-0.4150390625,-0.87890625,0.15869140625,-0.37841796875,-0.25634765625,-0.79345703125,-0.13427734375,-0.1953125,-0.1953125,-0.81787109375,0.08544921875,-0.42724609375,0.048828125,0.6591796875,0.2197265625,1.13525390625,0.244140625,0.47607421875,-0.048828125,-0.13427734375,-0.5126953125,0.7080078125,0.08544921875,3.25927734375,0.2197265625,2.30712890625,-0.84228515625,4.91943359375,0.2685546875,2.89306640625,0.1220703125,0.537109375,-0.29296875,1.11083984375,-0.20751953125,0.341796875,-0.32958984375,0.35400390625,-0.4150390625,0.25634765625,-0.0732421875,0.84228515625,0.244140625,-0.0244140625,-0.0244140625,1.26953125,0.244140625,-1.03759765625,0.0732421875,-0.390625,-0.244140625,-1.01318359375,0.0732421875,-0.79345703125,0.01220703125,-1.171875,-0.03662109375,-0.2685546875,-0.06103515625,0.25634765625,0.15869140625,-0.537109375,-0.18310546875,-0.7568359375,0.01220703125,-0.732421875,-0.23193359375,-0.6591796875,0,-0.1220703125,-0.01220703125,-1.806640625,-0.15869140625,-2.86865234375,-0.1220703125,-1.84326171875,-0.20751953125,-0.68359375,0.0244140625,0.35400390625,0.28076171875,0.03662109375,-0.06103515625,0.048828125,-0.18310546875,0.1708984375,-0.08544921875,0.35400390625,0.06103515625,0.830078125,0.03662109375,-0.50048828125,-0.06103515625,-0.50048828125
1,0.10986328125,-0.390625,0.048828125,-0.3662109375,0.048828125,-0.40283203125,0.06103515625,-0.10986328125,0.08544921875,-0.06103515625,-0.28076171875,-0.9033203125,0.54931640625,1.08642578125,-0.10986328125,-0.146484375,0.15869140625,-0.537109375,0.1220703125,-0.10986328125,0.03662109375,0.87890625,0.13427734375,-0.6103515625,0.23193359375,4.11376953125,0.01220703125,6.640625,0.0244140625,6.3232421875,0,4.9072265625,0.048828125,0.10986328125,-0.28076171875,-0.89111328125,0.146484375,-0.390625,-0.25634765625,-0.79345703125,-0.1220703125,-0.20751953125,-0.15869140625,-0.84228515625,0.0732421875,-0.439453125,0.0732421875,0.6591796875,0.1708984375,1.123046875,0.2685546875,0.47607421875,0.03662109375,-0.13427734375,-0.45166015625,0.72021484375,0.09765625,3.7353515625,0.18310546875,2.67333984375,-0.927734375,5.72509765625,0.20751953125,3.369140625,0.09765625,0.537109375,-0.29296875,1.0986328125,-0.244140625,0.35400390625,-0.2685546875,0.32958984375,-0.439453125,0.2197265625,-0.048828125,0.8544921875,0.2197265625,-0.03662109375,0.08544921875,1.25732421875,0.2197265625,-1.025390625,0.06103515625,-0.37841796875,-0.10986328125,-1.025390625,0.01220703125,-0.79345703125,0.03662109375,-1.2939453125,-0.048828125,-0.4638671875,-0.06103515625,0.1220703125,0.10986328125,-0.69580078125,-0.15869140625,-0.74462890625,-0.08544921875,-0.7080078125,-0.1708984375,-0.6591796875,0.048828125,-0.13427734375,0.0244140625,-1.64794921875,-0.03662109375,-2.62451171875,-0.10986328125,-1.6845703125,-0.23193359375,-0.50048828125,-0.01220703125,0.37841796875,0.2685546875,0.048828125,-0.06103515625,0.048828125,-0.1708984375,0.18310546875,-0.0732421875,0.29296875,0.0732421875,0.830078125,0.06103515625,-0.52490234375,-0.048828125,-0.50048828125
1,0.10986328125,-0.37841796875,0.08544921875,-0.37841796875,0.048828125,-0.4150390625,0.06103515625,-0.1220703125,0.10986328125,-0.06103515625,-0.244140625,-0.89111328125,0.5126953125,1.07421875,-0.1220703125,-0.13427734375,0.146484375,-0.537109375,0.08544921875,-0.1220703125,0.0244140625,0.87890625,0.01220703125,-0.59814453125,0.25634765625,3.86962890625,-0.01220703125,6.11572265625,-0.03662109375,5.96923828125,0.0732421875,4.638671875,0,0.08544921875,-0.1708984375,-0.9033203125,0.13427734375,-0.390625,-0.1708984375,-0.78125,-0.10986328125,-0.1953125,-0.1220703125,-0.81787109375,-0.01220703125,-0.439453125,0.10986328125,0.62255859375,0.146484375,1.15966796875,0.29296875,0.439453125,0.09765625,-0.146484375,-0.42724609375,0.7080078125,0.10986328125,4.13818359375,0.13427734375,2.94189453125,-1.0009765625,6.35986328125,0.09765625,3.7841796875,0.09765625,0.42724609375,-0.3173828125,1.08642578125,-0.25634765625,0.341796875,-0.1953125,0.32958984375,-0.48828125,0.2197265625,-0.0732421875,0.87890625,0.1953125,-0.01220703125,0.1708984375,1.26953125,0.1708984375,-1.025390625,0.03662109375,-0.390625,0.0244140625,-1.06201171875,-0.048828125,-0.830078125,0,-1.35498046875,-0.0244140625,-0.54931640625,-0.08544921875,0.03662109375,0.10986328125,-0.78125,-0.146484375,-0.7568359375,-0.18310546875,-0.68359375,-0.13427734375,-0.6591796875,0.048828125,-0.1220703125,0.0244140625,-1.45263671875,0.06103515625,-2.33154296875,-0.09765625,-1.513671875,-0.25634765625,-0.2685546875,-0.0244140625,0.40283203125,0.244140625,0.06103515625,-0.06103515625,0.03662109375,-0.146484375,0.1708984375,-0.03662109375,0.244140625,0.03662109375,0.81787109375,0.0732421875,-0.5126953125,-0.06103515625,-0.50048828125
1,0.09765625,-0.390625,0.08544921875,-0.37841796875,0.0732421875,-0.42724609375,0.048828125,-0.10986328125,0.146484375,-0.0732421875,-0.1953125,-0.89111328125,0.45166015625,1.08642578125,-0.09765625,-0.1708984375,0.1220703125,-0.54931640625,0.048828125,-0.09765625,0,0.8544921875,-0.06103515625,-0.5859375,0.32958984375,3.6376953125,0.08544921875,5.70068359375,0.0244140625,5.72509765625,0.1953125,4.43115234375,-0.0244140625,0.0244140625,-0.03662109375,-0.9033203125,0.1220703125,-0.40283203125,-0.06103515625,-0.76904296875,-0.06103515625,-0.20751953125,-0.10986328125,-0.78125,-0.09765625,-0.42724609375,0.244140625,0.6103515625,0.1220703125,1.1474609375,0.3173828125,0.42724609375,0.20751953125,-0.1708984375,-0.35400390625,0.7080078125,0.10986328125,4.38232421875,0.09765625,3.13720703125,-1.025390625,6.73828125,0,4.04052734375,0.0732421875,0.35400390625,-0.341796875,1.0986328125,-0.2197265625,0.35400390625,-0.18310546875,0.29296875,-0.48828125,0.2197265625,-0.06103515625,0.89111328125,0.18310546875,0,0.1953125,1.28173828125,0.10986328125,-1.025390625,0,-0.390625,0.13427734375,-1.0498046875,-0.10986328125,-0.8056640625,-0.048828125,-1.3916015625,-0.146484375,-0.57373046875,-0.146484375,0,0.06103515625,-0.8544921875,-0.09765625,-0.7568359375,-0.28076171875,-0.69580078125,-0.10986328125,-0.64697265625,0.0732421875,-0.13427734375,0.03662109375,-1.25732421875,0.1220703125,-2.05078125,-0.1220703125,-1.30615234375,-0.2685546875,-0.048828125,-0.0244140625,0.390625,0.2197265625,0.048828125,-0.06103515625,0.03662109375,-0.15869140625,0.15869140625,-0.048828125,0.1953125,0.0244140625,0.84228515625,0.06103515625,-0.48828125,-0.06103515625,-0.5126953125
1,0.08544921875,-0.390625,0.08544921875,-0.35400390625,0.08544921875,-0.42724609375,0.048828125,-0.10986328125,0.15869140625,-0.0732421875,-0.15869140625,-0.89111328125,0.341796875,1.11083984375,-0.03662109375,-0.15869140625,0.08544921875,-0.5615234375,-0.01220703125,-0.10986328125,-0.09765625,0.89111328125,-0.0732421875,-0.59814453125,0.35400390625,3.50341796875,0.048828125,5.38330078125,0.048828125,5.56640625,0.1953125,4.296875,-0.08544921875,-0.01220703125,-0.01220703125,-0.89111328125,0.1220703125,-0.4150390625,0.01220703125,-0.7568359375,0.0244140625,-0.2197265625,-0.15869140625,-0.732421875,-0.1953125,-0.40283203125,0.341796875,0.59814453125,0.09765625,1.15966796875,0.3173828125,0.40283203125,0.30517578125,-0.1708984375,-0.244140625,0.69580078125,0.10986328125,4.47998046875,0.06103515625,3.1982421875,-1.06201171875,6.884765625,-0.0732421875,4.150390625,0.09765625,0.20751953125,-0.341796875,1.06201171875,-0.20751953125,0.3173828125,-0.20751953125,0.25634765625,-0.45166015625,0.1953125,-0.0244140625,0.9033203125,0.2197265625,-0.0244140625,0.2197265625,1.25732421875,0.10986328125,-1.01318359375,-0.06103515625,-0.37841796875,0.244140625,-1.06201171875,-0.1708984375,-0.830078125,-0.01220703125,-1.3671875,-0.146484375,-0.4638671875,-0.08544921875,-0.01220703125,0.10986328125,-0.87890625,-0.03662109375,-0.74462890625,-0.32958984375,-0.7080078125,-0.0732421875,-0.6591796875,0.03662109375,-0.1220703125,0.08544921875,-1.08642578125,0.18310546875,-1.77001953125,-0.09765625,-1.18408203125,-0.25634765625,0.15869140625,-0.03662109375,0.37841796875,0.20751953125,0.0244140625,-0.0732421875,0.048828125,-0.1220703125,0.146484375,-0.048828125,0.18310546875,0.0244140625,0.81787109375,0.03662109375,-0.48828125,-0.09765625,-0.50048828125
1,0.10986328125,-0.4150390625,0.08544921875,-0.341796875,0.0732421875,-0.439453125,0.06103515625,-0.10986328125,0.146484375,-0.08544921875,-0.146484375,-0.9033203125,0.20751953125,1.06201171875,0.03662109375,-0.1708984375,0.048828125,-0.5859375,-0.048828125,-0.13427734375,-0.15869140625,0.87890625,-0.048828125,-0.5859375,0.29296875,3.38134765625,0.01220703125,5.16357421875,0.0732421875,5.46875,0.15869140625,4.2236328125,-0.08544921875,-0.03662109375,0.06103515625,-0.91552734375,0.10986328125,-0.439453125,0.03662109375,-0.7568359375,0.09765625,-0.2197265625,-0.1708984375,-0.69580078125,-0.2685546875,-0.4150390625,0.4150390625,0.5859375,0.06103515625,1.1474609375,0.341796875,0.42724609375,0.35400390625,-0.1708984375,-0.1220703125,0.68359375,0.03662109375,4.4189453125,0.03662109375,3.13720703125,-1.0498046875,6.7626953125,-0.13427734375,4.08935546875,0.01220703125,0.10986328125,-0.32958984375,1.0498046875,-0.1708984375,0.2685546875,-0.2197265625,0.23193359375,-0.40283203125,0.2197265625,0.0244140625,0.86669921875,0.244140625,-0.0244140625,0.1708984375,1.26953125,0.08544921875,-1.0009765625,-0.1220703125,-0.3662109375,0.3173828125,-1.0498046875,-0.15869140625,-0.8056640625,-0.03662109375,-1.318359375,-0.25634765625,-0.32958984375,-0.09765625,0.0244140625,0.03662109375,-0.830078125,0.0244140625,-0.72021484375,-0.35400390625,-0.732421875,-0.03662109375,-0.6591796875,-0.0244140625,-0.1220703125,0.09765625,-0.93994140625,0.23193359375,-1.611328125,-0.06103515625,-1.07421875,-0.25634765625,0.28076171875,-0.048828125,0.37841796875,0.1953125,0.0244140625,-0.0732421875,0.0244140625,-0.146484375,0.146484375,-0.03662109375,0.1708984375,0.0244140625,0.84228515625,0.0244140625,-0.47607421875,-0.10986328125,-0.48828125
1,0.10986328125,-0.390625,0.06103515625,-0.341796875,0.0732421875,-0.439453125,0.08544921875,-0.08544921875,0.1708984375,-0.0732421875,-0.1220703125,-0.89111328125,0.0732421875,1.07421875,0.06103515625,-0.1953125,-0.01220703125,-0.6103515625,-0.0732421875,-0.1220703125,-0.20751953125,0.87890625,0.01220703125,-0.62255859375,0.244140625,3.28369140625,0.01220703125,4.99267578125,0.08544921875,5.3955078125,0,4.150390625,-0.048828125,-0.03662109375,0.03662109375,-0.9033203125,0.08544921875,-0.4638671875,0.0732421875,-0.78125,0.15869140625,-0.23193359375,-0.1953125,-0.6591796875,-0.30517578125,-0.390625,0.42724609375,0.59814453125,0.048828125,1.15966796875,0.390625,0.42724609375,0.37841796875,-0.15869140625,-0.048828125,0.69580078125,0.03662109375,4.21142578125,0,2.96630859375,-1.06201171875,6.4208984375,-0.1220703125,3.8818359375,-0.0244140625,0.03662109375,-0.2685546875,1.0498046875,-0.0732421875,0.2197265625,-0.244140625,0.20751953125,-0.341796875,0.2197265625,0.0732421875,0.86669921875,0.2685546875,-0.01220703125,0.1220703125,1.26953125,0.10986328125,-0.9765625,-0.20751953125,-0.35400390625,0.37841796875,-1.025390625,-0.10986328125,-0.81787109375,-0.0732421875,-1.25732421875,-0.341796875,-0.1708984375,-0.06103515625,0.06103515625,0.01220703125,-0.78125,0.06103515625,-0.7080078125,-0.35400390625,-0.74462890625,-0.01220703125,-0.6591796875,-0.0732421875,-0.1220703125,0.09765625,-0.86669921875,0.244140625,-1.513671875,-0.01220703125,-1.01318359375,-0.2685546875,0.35400390625,-0.0732421875,0.341796875,0.18310546875,0,-0.0732421875,0.01220703125,-0.15869140625,0.1708984375,-0.06103515625,0.1708984375,0.048828125,0.8544921875,-0.01220703125,-0.48828125,-0.1220703125,-0.50048828125
1,0.13427734375,-0.40283203125,0.048828125,-0.35400390625,0.03662109375,-0.45166015625,0.08544921875,-0.09765625,0.18310546875,-0.0732421875,-0.10986328125,-0.9033203125,-0.0732421875,1.06201171875,0.10986328125,-0.1708984375,-0.08544921875,-0.6103515625,-0.10986328125,-0.146484375,-0.23193359375,0.89111328125,0.09765625,-0.62255859375,0.15869140625,3.173828125,-0.0244140625,4.87060546875,0.06103515625,5.28564453125,-0.146484375,4.06494140625,0,-0.048828125,0.048828125,-0.91552734375,0.06103515625,-0.48828125,0.0732421875,-0.78125,0.1953125,-0.25634765625,-0.2197265625,-0.62255859375,-0.3173828125,-0.37841796875,0.42724609375,0.59814453125,0.08544921875,1.1474609375,0.439453125,0.45166015625,0.45166015625,-0.13427734375,0,0.7080078125,0.03662109375,3.89404296875,-0.01220703125,2.69775390625,-1.06201171875,5.859375,-0.1220703125,3.55224609375,-0.048828125,-0.01220703125,-0.25634765625,1.03759765625,-0.06103515625,0.18310546875,-0.2685546875,0.1953125,-0.32958984375,0.20751953125,0.146484375,0.8544921875,0.2685546875,-0.0244140625,0.0732421875,1.26953125,0.15869140625,-0.9521484375,-0.244140625,-0.3662109375,0.439453125,-0.98876953125,-0.03662109375,-0.8056640625,0.03662109375,-1.20849609375,-0.2685546875,-0.048828125,0.09765625,0.08544921875,0.06103515625,-0.79345703125,0.06103515625,-0.7080078125,-0.29296875,-0.732421875,0,-0.64697265625,-0.13427734375,-0.1220703125,0.0732421875,-0.830078125,0.18310546875,-1.50146484375,0,-1.0498046875,-0.28076171875,0.341796875,-0.08544921875,0.341796875,0.1708984375,0,-0.0732421875,-0.01220703125,-0.15869140625,0.1708984375,-0.08544921875,0.1708984375,0.03662109375,0.830078125,-0.048828125,-0.48828125,-0.1220703125,-0.5126953125
1,0.1220703125,-0.390625,0.08544921875,-0.35400390625,0.0244140625,-0.439453125,0.09765625,-0.09765625,0.20751953125,-0.0732421875,-0.09765625,-0.91552734375,-0.23193359375,1.07421875,0.1220703125,-0.15869140625,-0.10986328125,-0.62255859375,-0.13427734375,-0.146484375,-0.1953125,0.87890625,0.15869140625,-0.634765625,0.0244140625,3.02734375,-0.0732421875,4.638671875,0,5.1025390625,-0.2685546875,3.91845703125,0.06103515625,-0.048828125,0.10986328125,-0.927734375,0.0732421875,-0.5126953125,0,-0.8056640625,0.1708984375,-0.25634765625,-0.2197265625,-0.634765625,-0.3173828125,-0.4150390625,0.3662109375,0.5859375,0.09765625,1.1474609375,0.40283203125,0.4638671875,0.47607421875,-0.08544921875,0.03662109375,0.72021484375,-0.01220703125,3.466796875,-0.048828125,2.35595703125,-1.01318359375,5.1513671875,-0.15869140625,3.13720703125,-0.15869140625,0.03662109375,-0.244140625,1.025390625,-0.09765625,0.146484375,-0.2685546875,0.15869140625,-0.30517578125,0.23193359375,0.15869140625,0.81787109375,0.25634765625,-0.03662109375,-0.0244140625,1.26953125,0.20751953125,-0.9521484375,-0.25634765625,-0.3662109375,0.45166015625,-0.96435546875,0.0244140625,-0.8056640625,0,-1.20849609375,-0.25634765625,0.03662109375,0.15869140625,0.048828125,-0.03662109375,-0.830078125,0.01220703125,-0.7080078125,-0.23193359375,-0.76904296875,0,-0.64697265625,-0.13427734375,-0.1220703125,0.13427734375,-0.87890625,0.13427734375,-1.5869140625,0.03662109375,-1.0986328125,-0.244140625,0.30517578125,-0.10986328125,0.341796875,0.18310546875,-0.01220703125,-0.06103515625,0,-0.1708984375,0.1708984375,-0.09765625,0.15869140625,0.0244140625,0.81787109375,-0.06103515625,-0.48828125,-0.146484375,-0.5126953125
1,0.1220703125,-0.37841796875,0.06103515625,-0.37841796875,0.048828125,-0.439453125,0.1220703125,-0.10986328125,0.2197265625,-0.048828125,-0.08544921875,-0.9033203125,-0.37841796875,1.06201171875,0.10986328125,-0.1708984375,-0.13427734375,-0.59814453125,-0.10986328125,-0.1220703125,-0.146484375,0.87890625,0.15869140625,-0.64697265625,-0.08544921875,2.83203125,-0.13427734375,4.3212890625,-0.10986328125,4.833984375,-0.3173828125,3.662109375,0.10986328125,-0.03662109375,0.10986328125,-0.927734375,0.08544921875,-0.50048828125,-0.09765625,-0.8056640625,0.13427734375,-0.2685546875,-0.1708984375,-0.64697265625,-0.2685546875,-0.40283203125,0.25634765625,0.59814453125,0.10986328125,1.123046875,0.30517578125,0.50048828125,0.48828125,0.01220703125,0.048828125,0.72021484375,-0.01220703125,2.978515625,-0.09765625,1.9775390625,-1.03759765625,4.3701171875,-0.1708984375,2.6123046875,-0.10986328125,0.09765625,-0.1220703125,1.01318359375,-0.0732421875,0.15869140625,-0.1953125,0.1708984375,-0.30517578125,0.244140625,0.18310546875,0.830078125,0.23193359375,-0.048828125,-0.10986328125,1.26953125,0.244140625,-0.96435546875,-0.25634765625,-0.3662109375,0.439453125,-0.98876953125,0.03662109375,-0.79345703125,0,-1.2451171875,-0.1708984375,0.01220703125,0.25634765625,0,-0.048828125,-0.87890625,-0.03662109375,-0.7080078125,-0.15869140625,-0.76904296875,-0.01220703125,-0.64697265625,-0.146484375,-0.1220703125,0.048828125,-0.93994140625,0,-1.708984375,-0.048828125,-1.1962890625,-0.28076171875,0.20751953125,-0.13427734375,0.3662109375,0.1953125,-0.01220703125,-0.0732421875,0,-0.1953125,0.1953125,-0.0732421875,0.146484375,0.03662109375,0.84228515625,-0.08544921875,-0.50048828125,-0.13427734375,-0.537109375
1,0.10986328125,-0.37841796875,0.048828125,-0.37841796875,0.0244140625,-0.439453125,0.146484375,-0.09765625,0.2197265625,-0.03662109375,-0.08544921875,-0.91552734375,-0.47607421875,1.07421875,0.10986328125,-0.15869140625,-0.13427734375,-0.59814453125,-0.09765625,-0.10986328125,-0.03662109375,0.87890625,0.1220703125,-0.64697265625,-0.2197265625,2.57568359375,-0.146484375,3.86962890625,-0.23193359375,4.4677734375,-0.30517578125,3.35693359375,0.10986328125,-0.0244140625,0.1220703125,-0.927734375,0.10986328125,-0.47607421875,-0.1953125,-0.81787109375,0.06103515625,-0.23193359375,-0.10986328125,-0.64697265625,-0.2197265625,-0.4150390625,0.1708984375,0.59814453125,0.146484375,1.11083984375,0.2685546875,0.47607421875,0.439453125,0.09765625,0.048828125,0.7080078125,-0.0244140625,2.45361328125,-0.15869140625,1.5625,-0.927734375,3.52783203125,-0.1708984375,2.0751953125,-0.08544921875,0.1953125,-0.01220703125,1.025390625,-0.06103515625,0.1708984375,-0.146484375,0.18310546875,-0.28076171875,0.2685546875,0.18310546875,0.81787109375,0.1953125,-0.06103515625,-0.1708984375,1.26953125,0.25634765625,-0.96435546875,-0.244140625,-0.3662109375,0.390625,-0.9521484375,0.03662109375,-0.78125,0,-1.3427734375,-0.0732421875,-0.0244140625,0.29296875,-0.0732421875,-0.048828125,-0.96435546875,-0.09765625,-0.69580078125,-0.13427734375,-0.74462890625,-0.048828125,-0.634765625,-0.1220703125,-0.1220703125,-0.0732421875,-1.025390625,-0.20751953125,-1.84326171875,-0.08544921875,-1.28173828125,-0.30517578125,0.1220703125,-0.146484375,0.35400390625,0.15869140625,-0.0244140625,-0.06103515625,-0.01220703125,-0.1953125,0.1953125,-0.08544921875,0.1220703125,0.0244140625,0.81787109375,-0.1220703125,-0.5126953125,-0.1220703125,-0.5615234375
0,0.1220703125,-0.37841796875,0.0732421875,-0.35400390625,0.03662109375,-0.45166015625,0.18310546875,-0.10986328125,0.23193359375,-0.03662109375,-0.09765625,-0.87890625,-0.5126953125,1.07421875,0.06103515625,-0.146484375,-0.09765625,-0.57373046875,-0.09765625,-0.09765625,0.09765625,0.89111328125,0.08544921875,-0.62255859375,-0.29296875,2.24609375,-0.10986328125,3.271484375,-0.341796875,4.00390625,-0.1953125,2.978515625,0.13427734375,-0.0244140625,0.06103515625,-0.927734375,0.1220703125,-0.42724609375,-0.244140625,-0.81787109375,-0.01220703125,-0.2197265625,-0.048828125,-0.68359375,-0.2197265625,-0.40283203125,0.08544921875,0.634765625,0.13427734375,1.11083984375,0.29296875,0.47607421875,0.390625,0.1953125,0.0244140625,0.69580078125,0,1.953125,-0.20751953125,1.1962890625,-0.89111328125,2.72216796875,-0.146484375,1.52587890625,-0.09765625,0.30517578125,0.0732421875,1.03759765625,-0.03662109375,0.1953125,-0.1220703125,0.20751953125,-0.1953125,0.244140625,0.1953125,0.8056640625,0.1220703125,-0.048828125,-0.1953125,1.30615234375,0.23193359375,-0.96435546875,-0.18310546875,-0.390625,0.3173828125,-0.96435546875,-0.0244140625,-0.76904296875,0.01220703125,-1.42822265625,-0.03662109375,-0.146484375,0.30517578125,-0.15869140625,-0.03662109375,-1.0498046875,-0.1708984375,-0.72021484375,-0.13427734375,-0.732421875,-0.08544921875,-0.634765625,-0.09765625,-0.10986328125,-0.01220703125,-1.11083984375,-0.18310546875,-1.9775390625,-0.08544921875,-1.318359375,-0.244140625,0.06103515625,-0.146484375,0.35400390625,0.1708984375,-0.01220703125,-0.06103515625,-0.048828125,-0.1953125,0.20751953125,-0.08544921875,0.0732421875,0.0244140625,0.8056640625,-0.10986328125,-0.54931640625,-0.10986328125,-0.5615234375
0,0.146484375,-0.390625,0.0732421875,-0.341796875,0.0244140625,-0.45166015625,0.20751953125,-0.0732421875,0.25634765625,-0.03662109375,-0.08544921875,-0.89111328125,-0.537109375,1.07421875,-0.01220703125,-0.1220703125,-0.0732421875,-0.54931640625,-0.0244140625,-0.1220703125,0.18310546875,0.9033203125,0.03662109375,-0.634765625,-0.32958984375,1.85546875,0,2.55126953125,-0.439453125,3.47900390625,-0.09765625,2.52685546875,0.09765625,-0.0244140625,0.03662109375,-0.91552734375,0.10986328125,-0.37841796875,-0.3173828125,-0.79345703125,-0.146484375,-0.23193359375,0.0244140625,-0.69580078125,-0.23193359375,-0.4150390625,0.0244140625,0.64697265625,0.1220703125,1.123046875,0.29296875,0.47607421875,0.390625,0.30517578125,-0.03662109375,0.7080078125,0.01220703125,1.46484375,-0.23193359375,0.86669921875,-0.91552734375,1.953125,-0.10986328125,1.03759765625,-0.08544921875,0.37841796875,0.1708984375,1.0498046875,-0.03662109375,0.23193359375,-0.03662109375,0.25634765625,-0.09765625,0.2685546875,0.2197265625,0.86669921875,0.08544921875,-0.048828125,-0.23193359375,1.30615234375,0.18310546875,-0.96435546875,-0.1708984375,-0.390625,0.20751953125,-0.98876953125,-0.1220703125,-0.78125,0.0244140625,-1.47705078125,-0.01220703125,-0.23193359375,0.25634765625,-0.1953125,0.03662109375,-1.08642578125,-0.13427734375,-0.74462890625,-0.09765625,-0.7080078125,-0.10986328125,-0.64697265625,-0.06103515625,-0.10986328125,-0.08544921875,-1.0986328125,-0.244140625,-2.03857421875,-0.146484375,-1.33056640625,-0.29296875,0.03662109375,-0.1708984375,0.37841796875,0.1220703125,-0.01220703125,-0.06103515625,-0.048828125,-0.18310546875,0.20751953125,-0.0732421875,0.048828125,0,0.8056640625,-0.08544921875,-0.537109375,-0.1220703125,-0.57373046875
0,0.10986328125,-0.390625,0.048828125,-0.32958984375,0.01220703125,-0.439453125,0.1953125,-0.06103515625,0.2685546875,-0.03662109375,-0.08544921875,-0.86669921875,-0.54931640625,1.07421875,-0.048828125,-0.10986328125,-0.0244140625,-0.52490234375,0.0244140625,-0.09765625,0.25634765625,0.89111328125,0,-0.62255859375,-0.30517578125,1.4404296875,0.146484375,1.7578125,-0.42724609375,2.978515625,0,2.06298828125,0.06103515625,-0.0732421875,0.03662109375,-0.927734375,0.09765625,-0.37841796875,-0.32958984375,-0.78125,-0.2197265625,-0.23193359375,0.0244140625,-0.72021484375,-0.2685546875,-0.40283203125,0.03662109375,0.64697265625,0.13427734375,1.1474609375,0.390625,0.439453125,0.3173828125,0.35400390625,-0.0244140625,0.69580078125,0.048828125,1.07421875,-0.244140625,0.5859375,-0.91552734375,1.2451171875,-0.0732421875,0.59814453125,-0.13427734375,0.4150390625,0.244140625,1.07421875,-0.03662109375,0.2685546875,0.0244140625,0.244140625,0.0244140625,0.23193359375,0.1953125,0.84228515625,0.0244140625,-0.048828125,-0.1953125,1.30615234375,0.146484375,-0.9765625,-0.1220703125,-0.390625,0.0732421875,-1.0009765625,-0.20751953125,-0.79345703125,-0.01220703125,-1.513671875,-0.048828125,-0.29296875,0.2197265625,-0.20751953125,0.1220703125,-1.06201171875,-0.10986328125,-0.74462890625,-0.10986328125,-0.69580078125,-0.10986328125,-0.64697265625,0,-0.1220703125,-0.1220703125,-1.06201171875,-0.3173828125,-2.001953125,-0.15869140625,-1.26953125,-0.32958984375,0.1220703125,-0.18310546875,0.3662109375,0.1220703125,0,-0.06103515625,-0.06103515625,-0.15869140625,0.1953125,-0.03662109375,0.01220703125,-0.01220703125,0.79345703125,-0.08544921875,-0.52490234375,-0.10986328125,-0.537109375
0,0.09765625,-0.40283203125,0.0732421875,-0.32958984375,-0.01220703125,-0.42724609375,0.1953125,-0.03662109375,0.25634765625,-0.048828125,-0.09765625,-0.8544921875,-0.5126953125,1.06201171875,-0.08544921875,-0.10986328125,0,-0.54931640625,0.08544921875,-0.08544921875,0.29296875,0.89111328125,0.01220703125,-0.6103515625,-0.30517578125,1.06201171875,0.20751953125,1.01318359375,-0.4150390625,2.4658203125,0.0244140625,1.64794921875,0.01220703125,-0.13427734375,0.03662109375,-0.9033203125,0.0732421875,-0.37841796875,-0.3662109375,-0.78125,-0.23193359375,-0.244140625,-0.0244140625,-0.72021484375,-0.3173828125,-0.390625,0.01220703125,0.64697265625,0.08544921875,1.15966796875,0.37841796875,0.42724609375,0.20751953125,0.42724609375,0,0.69580078125,0.08544921875,0.732421875,-0.30517578125,0.40283203125,-0.927734375,0.7080078125,0.0244140625,0.2197265625,-0.13427734375,0.42724609375,0.30517578125,1.06201171875,-0.01220703125,0.29296875,0.06103515625,0.244140625,0.1220703125,0.23193359375,0.15869140625,0.84228515625,-0.01220703125,-0.0244140625,-0.15869140625,1.30615234375,0.1220703125,-0.98876953125,-0.10986328125,-0.4150390625,-0.03662109375,-1.025390625,-0.25634765625,-0.8056640625,0.06103515625,-1.50146484375,0,-0.28076171875,0.2197265625,-0.1708984375,0.20751953125,-0.98876953125,-0.0732421875,-0.74462890625,-0.08544921875,-0.68359375,-0.10986328125,-0.6591796875,0.0244140625,-0.1220703125,-0.01220703125,-0.9521484375,-0.15869140625,-1.91650390625,-0.0732421875,-1.1474609375,-0.23193359375,0.25634765625,-0.20751953125,0.3662109375,0.10986328125,0.0244140625,-0.06103515625,-0.08544921875,-0.1220703125,0.15869140625,-0.01220703125,-0.06103515625,-0.03662109375,0.76904296875,-0.06103515625,-0.52490234375,-0.09765625,-0.5615234375
0,0.0732421875,-0.390625,0.06103515625,-0.341796875,-0.048828125,-0.439453125,0.2197265625,-0.06103515625,0.244140625,-0.048828125,-0.10986328125,-0.86669921875,-0.47607421875,1.07421875,-0.0732421875,-0.13427734375,0.0244140625,-0.5615234375,0.09765625,-0.08544921875,0.23193359375,0.87890625,0.0244140625,-0.59814453125,-0.2197265625,0.7080078125,0.29296875,0.3173828125,-0.30517578125,2.08740234375,-0.01220703125,1.28173828125,-0.0244140625,-0.23193359375,-0.03662109375,-0.91552734375,0.08544921875,-0.390625,-0.341796875,-0.78125,-0.1953125,-0.2685546875,-0.0732421875,-0.732421875,-0.35400390625,-0.37841796875,0.048828125,0.67138671875,0.09765625,1.1962890625,0.40283203125,0.42724609375,0.0732421875,0.42724609375,0,0.7080078125,0.13427734375,0.45166015625,-0.28076171875,0.244140625,-0.91552734375,0.28076171875,0.09765625,-0.048828125,-0.15869140625,0.40283203125,0.3173828125,1.07421875,-0.0244140625,0.28076171875,0.0732421875,0.244140625,0.1708984375,0.2197265625,0.048828125,0.87890625,-0.06103515625,-0.01220703125,-0.13427734375,1.28173828125,0.10986328125,-0.9765625,-0.1220703125,-0.40283203125,-0.1708984375,-1.03759765625,-0.2685546875,-0.79345703125,0.0732421875,-1.42822265625,-0.0732421875,-0.2197265625,0.18310546875,-0.06103515625,0.28076171875,-0.830078125,-0.01220703125,-0.74462890625,-0.0732421875,-0.69580078125,-0.06103515625,-0.64697265625,0.03662109375,-0.13427734375,-0.0732421875,-0.76904296875,-0.20751953125,-1.72119140625,-0.1220703125,-1.0009765625,-0.2685546875,0.4638671875,-0.18310546875,0.35400390625,0.048828125,0.01220703125,-0.06103515625,-0.06103515625,-0.10986328125,0.146484375,-0.01220703125,-0.09765625,-0.048828125,0.78125,-0.0732421875,-0.5126953125,-0.09765625,-0.54931640625
0,0.048828125,-0.390625,0.06103515625,-0.341796875,0,-0.40283203125,0.20751953125,-0.08544921875,0.25634765625,-0.048828125,-0.1220703125,-0.84228515625,-0.42724609375,1.07421875,-0.0732421875,-0.13427734375,0.08544921875,-0.5615234375,0.03662109375,-0.10986328125,0.146484375,0.87890625,0.03662109375,-0.59814453125,-0.1220703125,0.4638671875,0.3173828125,-0.20751953125,-0.18310546875,1.8310546875,-0.08544921875,1.025390625,0,-0.30517578125,-0.15869140625,-0.9033203125,0.10986328125,-0.42724609375,-0.29296875,-0.78125,-0.1220703125,-0.2685546875,-0.18310546875,-0.72021484375,-0.29296875,-0.390625,0.09765625,0.64697265625,0.09765625,1.1962890625,0.390625,0.42724609375,-0.03662109375,0.390625,-0.06103515625,0.69580078125,0.10986328125,0.29296875,-0.25634765625,0.1220703125,-0.927734375,-0.01220703125,0.29296875,-0.23193359375,-0.1708984375,0.35400390625,0.35400390625,1.08642578125,0.03662109375,0.28076171875,0.09765625,0.244140625,0.20751953125,0.1953125,-0.01220703125,0.8544921875,-0.03662109375,0.01220703125,-0.09765625,1.28173828125,0.1220703125,-0.96435546875,-0.15869140625,-0.4150390625,-0.2685546875,-1.0498046875,-0.244140625,-0.8056640625,0.08544921875,-1.2939453125,-0.13427734375,-0.10986328125,0.1953125,0.0732421875,0.29296875,-0.67138671875,0,-0.732421875,-0.08544921875,-0.7080078125,0,-0.67138671875,0.0244140625,-0.13427734375,-0.0244140625,-0.52490234375,-0.13427734375,-1.50146484375,-0.13427734375,-0.81787109375,-0.25634765625,0.7080078125,-0.20751953125,0.341796875,0.03662109375,0.0244140625,-0.0732421875,-0.0732421875,-0.08544921875,0.146484375,-0.0244140625,-0.146484375,-0.01220703125,0.732421875,-0.06103515625,-0.50048828125,-0.08544921875,-0.5615234375
0,0.0732421875,-0.37841796875,0.03662109375,-0.35400390625,-0.01220703125,-0.40283203125,0.2197265625,-0.0732421875,0.2685546875,-0.048828125,-0.1220703125,-0.86669921875,-0.3662109375,1.07421875,-0.0732421875,-0.146484375,0.13427734375,-0.5859375,0,-0.10986328125,0.06103515625,0.89111328125,0.0732421875,-0.59814453125,-0.01220703125,0.32958984375,0.3662109375,-0.48828125,0,1.74560546875,-0.10986328125,0.91552734375,0,-0.390625,-0.23193359375,-0.9033203125,0.15869140625,-0.45166015625,-0.25634765625,-0.78125,0,-0.244140625,-0.20751953125,-0.72021484375,-0.18310546875,-0.37841796875,0.09765625,0.634765625,0.146484375,1.1962890625,0.40283203125,0.439453125,-0.15869140625,0.3173828125,-0.10986328125,0.7080078125,0.0732421875,0.2197265625,-0.1708984375,0.0732421875,-0.93994140625,-0.1953125,0.45166015625,-0.30517578125,-0.1220703125,0.3173828125,0.37841796875,1.07421875,0.09765625,0.2685546875,0.0732421875,0.2197265625,0.20751953125,0.1953125,-0.08544921875,0.8544921875,0.01220703125,0.0244140625,-0.06103515625,1.26953125,0.13427734375,-0.9521484375,-0.18310546875,-0.4150390625,-0.37841796875,-1.03759765625,-0.1953125,-0.830078125,0.08544921875,-1.1474609375,-0.18310546875,0.0244140625,0.2197265625,0.23193359375,0.30517578125,-0.50048828125,0.01220703125,-0.74462890625,-0.06103515625,-0.69580078125,0.048828125,-0.67138671875,-0.01220703125,-0.13427734375,0.048828125,-0.28076171875,0.01220703125,-1.220703125,-0.08544921875,-0.62255859375,-0.20751953125,0.9765625,-0.20751953125,0.3662109375,0.01220703125,0.0244140625,-0.0732421875,-0.06103515625,-0.06103515625,0.15869140625,-0.0244140625,-0.1708984375,-0.01220703125,0.7080078125,-0.048828125,-0.50048828125,-0.0732421875,-0.5615234375
0,0.06103515625,-0.390625,0.0244140625,-0.35400390625,-0.048828125,-0.40283203125,0.2197265625,-0.06103515625,0.28076171875,-0.06103515625,-0.15869140625,-0.87890625,-0.29296875,1.07421875,-0.10986328125,-0.1708984375,0.18310546875,-0.59814453125,-0.048828125,-0.1220703125,-0.0244140625,0.87890625,0.0732421875,-0.6103515625,0.08544921875,0.35400390625,0.341796875,-0.48828125,0.09765625,1.806640625,-0.1708984375,0.96435546875,0.06103515625,-0.42724609375,-0.244140625,-0.9033203125,0.1953125,-0.4638671875,-0.2197265625,-0.79345703125,0.09765625,-0.244140625,-0.23193359375,-0.72021484375,-0.08544921875,-0.4150390625,0.10986328125,0.62255859375,0.15869140625,1.20849609375,0.4150390625,0.45166015625,-0.25634765625,0.20751953125,-0.146484375,0.69580078125,-0.01220703125,0.1708984375,-0.0732421875,0.03662109375,-0.93994140625,-0.25634765625,0.64697265625,-0.35400390625,-0.0244140625,0.28076171875,0.37841796875,1.0498046875,0.1220703125,0.244140625,0.0244140625,0.1953125,0.18310546875,0.20751953125,-0.10986328125,0.84228515625,0.0732421875,0.03662109375,-0.0732421875,1.28173828125,0.146484375,-0.96435546875,-0.1953125,-0.40283203125,-0.40283203125,-1.03759765625,-0.18310546875,-0.830078125,0.048828125,-1.025390625,-0.10986328125,0.13427734375,0.1953125,0.341796875,0.244140625,-0.35400390625,-0.01220703125,-0.732421875,-0.08544921875,-0.7080078125,0.0732421875,-0.67138671875,-0.03662109375,-0.13427734375,-0.09765625,-0.03662109375,-0.0244140625,-0.9521484375,-0.10986328125,-0.439453125,-0.2685546875,1.23291015625,-0.244140625,0.32958984375,0,0.03662109375,-0.0732421875,-0.03662109375,-0.0732421875,0.15869140625,-0.0244140625,-0.15869140625,-0.0244140625,0.72021484375,-0.048828125,-0.50048828125,-0.06103515625,-0.57373046875
0,0.03662109375,-0.390625,0.01220703125,-0.37841796875,-0.0732421875,-0.4150390625,0.23193359375,-0.0732421875,0.30517578125,-0.06103515625,-0.15869140625,-0.89111328125,-0.20751953125,1.07421875,-0.1220703125,-0.18310546875,0.18310546875,-0.5859375,-0.10986328125,-0.10986328125,-0.048828125,0.87890625,0.08544921875,-0.59814453125,0.1220703125,0.537109375,0.35400390625,-0.1708984375,0.10986328125,2.0751953125,-0.18310546875,1.1474609375,0.146484375,-0.45166015625,-0.2685546875,-0.91552734375,0.244140625,-0.47607421875,-0.1220703125,-0.8056640625,0.18310546875,-0.244140625,-0.244140625,-0.72021484375,0.01220703125,-0.40283203125,0.09765625,0.6103515625,0.2197265625,1.171875,0.47607421875,0.45166015625,-0.2685546875,0.0732421875,-0.23193359375,0.7080078125,-0.048828125,0.146484375,-0.0244140625,0.0244140625,-0.91552734375,-0.25634765625,0.79345703125,-0.390625,-0.0244140625,0.2685546875,0.29296875,1.06201171875,0.13427734375,0.244140625,-0.0244140625,0.23193359375,0.18310546875,0.23193359375,-0.1220703125,0.8056640625,0.146484375,0.01220703125,-0.09765625,1.26953125,0.15869140625,-0.9765625,-0.1953125,-0.390625,-0.40283203125,-1.0009765625,-0.1708984375,-0.830078125,0,-0.9521484375,-0.09765625,0.1708984375,0.15869140625,0.37841796875,0.13427734375,-0.3173828125,0.01220703125,-0.732421875,-0.08544921875,-0.72021484375,0.09765625,-0.6591796875,-0.0732421875,-0.13427734375,-0.10986328125,0.18310546875,0.03662109375,-0.74462890625,-0.09765625,-0.29296875,-0.25634765625,1.45263671875,-0.244140625,0.3173828125,-0.01220703125,0.0244140625,-0.0732421875,-0.048828125,-0.09765625,0.1708984375,-0.06103515625,-0.146484375,0,0.732421875,-0.048828125,-0.50048828125,-0.0732421875,-0.5859375
0,0.0244140625,-0.390625,0,-0.390625,-0.13427734375,-0.42724609375,0.2197265625,-0.0732421875,0.32958984375,-0.06103515625,-0.1708984375,-0.87890625,-0.18310546875,1.08642578125,-0.146484375,-0.1708984375,0.15869140625,-0.6103515625,-0.10986328125,-0.1220703125,-0.03662109375,0.87890625,0.0732421875,-0.6103515625,0.23193359375,0.87890625,0.35400390625,0.439453125,0.15869140625,2.4658203125,-0.1220703125,1.513671875,0.18310546875,-0.45166015625,-0.2197265625,-0.927734375,0.244140625,-0.4638671875,-0.08544921875,-0.79345703125,0.1953125,-0.244140625,-0.23193359375,-0.7080078125,0.08544921875,-0.439453125,0.09765625,0.6103515625,0.2685546875,1.13525390625,0.4638671875,0.47607421875,-0.3173828125,-0.06103515625,-0.2685546875,0.7080078125,-0.15869140625,0.15869140625,-0.03662109375,0.048828125,-0.96435546875,-0.2197265625,0.8056640625,-0.341796875,0.08544921875,0.28076171875,0.244140625,1.0498046875,0.146484375,0.2197265625,-0.06103515625,0.244140625,0.146484375,0.23193359375,-0.146484375,0.79345703125,0.20751953125,0,-0.10986328125,1.28173828125,0.13427734375,-0.98876953125,-0.1953125,-0.390625,-0.3662109375,-0.98876953125,-0.18310546875,-0.830078125,-0.0244140625,-0.96435546875,-0.13427734375,0.13427734375,0.1220703125,0.341796875,0.09765625,-0.37841796875,-0.01220703125,-0.74462890625,-0.09765625,-0.732421875,0.06103515625,-0.64697265625,-0.1220703125,-0.13427734375,-0.13427734375,0.32958984375,0.06103515625,-0.59814453125,-0.10986328125,-0.18310546875,-0.25634765625,1.5869140625,-0.25634765625,0.3173828125,-0.03662109375,0.0244140625,-0.0732421875,-0.01220703125,-0.10986328125,0.1708984375,-0.06103515625,-0.08544921875,-0.03662109375,0.74462890625,-0.048828125,-0.52490234375,-0.0732421875,-0.57373046875
0,0.01220703125,-0.3662109375,0.0244140625,-0.4150390625,-0.13427734375,-0.42724609375,0.20751953125,-0.0732421875,0.341796875,-0.06103515625,-0.18310546875,-0.9033203125,-0.10986328125,1.08642578125,-0.1953125,-0.18310546875,0.09765625,-0.59814453125,-0.1953125,-0.146484375,0.01220703125,0.87890625,0.048828125,-0.634765625,0.146484375,1.33056640625,0.29296875,1.2939453125,0,3.02734375,-0.08544921875,2.0263671875,0.18310546875,-0.4150390625,-0.13427734375,-0.927734375,0.244140625,-0.439453125,-0.0244140625,-0.81787109375,0.146484375,-0.2197265625,-0.23193359375,-0.68359375,0.10986328125,-0.439453125,0.10986328125,0.5859375,0.341796875,1.11083984375,0.40283203125,0.48828125,-0.3173828125,-0.20751953125,-0.32958984375,0.72021484375,-0.1708984375,0.1708984375,-0.01220703125,0.048828125,-0.927734375,-0.1708984375,0.830078125,-0.3173828125,0.048828125,0.29296875,0.13427734375,1.03759765625,0.1220703125,0.1953125,-0.09765625,0.244140625,0.0732421875,0.2685546875,-0.1708984375,0.79345703125,0.29296875,-0.03662109375,-0.18310546875,1.28173828125,0.09765625,-0.9765625,-0.15869140625,-0.390625,-0.25634765625,-0.9765625,-0.1708984375,-0.81787109375,-0.10986328125,-1.07421875,-0.0732421875,0.01220703125,0.03662109375,0.2197265625,0.0732421875,-0.52490234375,-0.01220703125,-0.72021484375,-0.08544921875,-0.732421875,0.0244140625,-0.64697265625,-0.146484375,-0.13427734375,-0.146484375,0.4150390625,0.09765625,-0.5126953125,-0.1220703125,-0.146484375,-0.25634765625,1.66015625,-0.28076171875,0.3173828125,-0.0732421875,0.0244140625,-0.0732421875,-0.0244140625,-0.09765625,0.1708984375,-0.048828125,0,-0.048828125,0.74462890625,-0.03662109375,-0.52490234375,-0.0732421875,-0.57373046875
0,0.01220703125,-0.390625,0.048828125,-0.4150390625,-0.13427734375,-0.42724609375,0.1953125,-0.08544921875,0.341796875,-0.048828125,-0.18310546875,-0.9033203125,-0.03662109375,1.08642578125,-0.23193359375,-0.1708984375,0.048828125,-0.5859375,-0.2197265625,-0.146484375,0.10986328125,0.89111328125,0,-0.634765625,0.09765625,1.91650390625,0.30517578125,2.35595703125,-0.15869140625,3.6865234375,-0.0244140625,2.64892578125,0.1220703125,-0.35400390625,-0.08544921875,-0.93994140625,0.20751953125,-0.42724609375,-0.0244140625,-0.84228515625,0.0732421875,-0.2197265625,-0.18310546875,-0.7080078125,0.08544921875,-0.45166015625,0.09765625,0.57373046875,0.439453125,1.0986328125,0.3173828125,0.47607421875,-0.32958984375,-0.341796875,-0.341796875,0.69580078125,-0.1953125,0.18310546875,0.01220703125,0.048828125,-0.9033203125,-0.08544921875,0.9033203125,-0.30517578125,0.13427734375,0.3173828125,0.0732421875,1.0498046875,0.048828125,0.1953125,-0.1220703125,0.25634765625,-0.01220703125,0.25634765625,-0.23193359375,0.78125,0.32958984375,-0.048828125,-0.244140625,1.28173828125,0.08544921875,-1.0009765625,-0.13427734375,-0.390625,-0.146484375,-0.96435546875,-0.15869140625,-0.81787109375,-0.13427734375,-1.23291015625,0.01220703125,-0.1708984375,-0.03662109375,0.03662109375,0.08544921875,-0.7568359375,0,-0.72021484375,-0.06103515625,-0.74462890625,-0.03662109375,-0.62255859375,-0.15869140625,-0.13427734375,-0.13427734375,0.439453125,0.0732421875,-0.537109375,-0.1708984375,-0.146484375,-0.18310546875,1.708984375,-0.28076171875,0.32958984375,-0.08544921875,0,-0.0732421875,-0.0244140625,-0.10986328125,0.18310546875,-0.048828125,0.08544921875,-0.0732421875,0.76904296875,-0.03662109375,-0.52490234375,-0.08544921875,-0.57373046875
0,0.01220703125,-0.390625,0.06103515625,-0.40283203125,-0.13427734375,-0.42724609375,0.20751953125,-0.08544921875,0.3173828125,-0.03662109375,-0.1953125,-0.9033203125,0.03662109375,1.0986328125,-0.2685546875,-0.1708984375,-0.0244140625,-0.5615234375,-0.20751953125,-0.13427734375,0.244140625,0.86669921875,-0.06103515625,-0.62255859375,0.048828125,2.5634765625,0.2197265625,3.5400390625,-0.32958984375,4.43115234375,0.048828125,3.30810546875,0.08544921875,-0.2685546875,0,-0.93994140625,0.1220703125,-0.42724609375,-0.03662109375,-0.830078125,-0.03662109375,-0.2197265625,-0.1953125,-0.7080078125,0.03662109375,-0.439453125,0.06103515625,0.57373046875,0.45166015625,1.0986328125,0.25634765625,0.4638671875,-0.37841796875,-0.390625,-0.32958984375,0.7080078125,-0.13427734375,0.1953125,0.01220703125,0.048828125,-0.81787109375,-0.03662109375,0.93994140625,-0.29296875,0.18310546875,0.32958984375,-0.01220703125,1.06201171875,0,0.20751953125,-0.1708984375,0.25634765625,-0.10986328125,0.28076171875,-0.244140625,0.7568359375,0.32958984375,-0.0732421875,-0.2685546875,1.2939453125,0.0244140625,-0.98876953125,-0.0732421875,-0.390625,-0.0732421875,-0.93994140625,-0.13427734375,-0.81787109375,-0.15869140625,-1.416015625,0.01220703125,-0.37841796875,-0.09765625,-0.15869140625,0.13427734375,-1.0009765625,-0.0244140625,-0.732421875,0,-0.74462890625,-0.048828125,-0.634765625,-0.18310546875,-0.1220703125,-0.146484375,0.37841796875,-0.0244140625,-0.634765625,-0.23193359375,-0.18310546875,-0.13427734375,1.6357421875,-0.29296875,0.35400390625,-0.1220703125,0.01220703125,-0.08544921875,-0.01220703125,-0.08544921875,0.18310546875,-0.048828125,0.18310546875,-0.08544921875,0.78125,-0.048828125,-0.5615234375,-0.1220703125,-0.57373046875
1,0,-0.37841796875,0.0732421875,-0.390625,-0.13427734375,-0.42724609375,0.1953125,-0.09765625,0.30517578125,-0.03662109375,-0.18310546875,-0.87890625,0.0732421875,1.0986328125,-0.29296875,-0.15869140625,-0.0732421875,-0.5615234375,-0.1708984375,-0.1220703125,0.30517578125,0.86669921875,-0.1220703125,-0.62255859375,-0.08544921875,3.23486328125,0.1953125,4.7607421875,-0.48828125,5.21240234375,0,4.04052734375,0.0244140625,-0.1708984375,0.08544921875,-0.9521484375,0.09765625,-0.4150390625,-0.08544921875,-0.81787109375,-0.09765625,-0.2197265625,-0.15869140625,-0.72021484375,-0.01220703125,-0.439453125,0.048828125,0.5615234375,0.45166015625,1.0986328125,0.244140625,0.47607421875,-0.32958984375,-0.4150390625,-0.3662109375,0.69580078125,-0.10986328125,0.20751953125,0.0244140625,0.08544921875,-0.8056640625,0.0244140625,1.0009765625,-0.25634765625,0.20751953125,0.341796875,-0.09765625,1.07421875,-0.0732421875,0.2197265625,-0.15869140625,0.244140625,-0.18310546875,0.2685546875,-0.29296875,0.7568359375,0.3173828125,-0.048828125,-0.23193359375,1.318359375,0.01220703125,-1.01318359375,-0.0732421875,-0.4150390625,0.0244140625,-0.98876953125,-0.10986328125,-0.81787109375,-0.1708984375,-1.5869140625,0.08544921875,-0.52490234375,-0.146484375,-0.3173828125,0.1708984375,-1.1962890625,-0.06103515625,-0.732421875,0.08544921875,-0.732421875,-0.13427734375,-0.62255859375,-0.15869140625,-0.13427734375,-0.10986328125,0.25634765625,-0.1220703125,-0.7568359375,-0.25634765625,-0.25634765625,-0.06103515625,1.5380859375,-0.29296875,0.35400390625,-0.15869140625,0.01220703125,-0.0732421875,-0.01220703125,-0.09765625,0.15869140625,-0.03662109375,0.28076171875,-0.06103515625,0.8056640625,-0.048828125,-0.54931640625,-0.13427734375,-0.5615234375
1,0,-0.390625,0.06103515625,-0.3662109375,-0.1220703125,-0.4150390625,0.1708984375,-0.08544921875,0.25634765625,-0.0244140625,-0.15869140625,-0.87890625,0.08544921875,1.07421875,-0.2685546875,-0.13427734375,-0.13427734375,-0.54931640625,-0.10986328125,-0.13427734375,0.3662109375,0.86669921875,-0.10986328125,-0.634765625,-0.1220703125,3.89404296875,0.20751953125,5.95703125,-0.4638671875,5.96923828125,0.048828125,4.7607421875,0.01220703125,-0.09765625,0.13427734375,-0.93994140625,0.0244140625,-0.42724609375,-0.146484375,-0.8056640625,-0.146484375,-0.23193359375,-0.18310546875,-0.732421875,-0.09765625,-0.42724609375,0.01220703125,0.5859375,0.4150390625,1.123046875,0.23193359375,0.45166015625,-0.30517578125,-0.390625,-0.40283203125,0.69580078125,-0.0244140625,0.2197265625,0,0.09765625,-0.7568359375,0.0244140625,1.025390625,-0.25634765625,0.28076171875,0.390625,-0.18310546875,1.06201171875,-0.13427734375,0.244140625,-0.10986328125,0.23193359375,-0.2685546875,0.28076171875,-0.25634765625,0.79345703125,0.30517578125,-0.06103515625,-0.20751953125,1.30615234375,0.01220703125,-1.0009765625,-0.06103515625,-0.40283203125,0.048828125,-0.96435546875,-0.0732421875,-0.8056640625,-0.15869140625,-1.6845703125,0.06103515625,-0.54931640625,-0.146484375,-0.40283203125,0.1953125,-1.30615234375,-0.09765625,-0.72021484375,0.146484375,-0.74462890625,-0.1953125,-0.62255859375,-0.10986328125,-0.13427734375,-0.10986328125,0.1708984375,-0.20751953125,-0.927734375,-0.28076171875,-0.35400390625,-0.0244140625,1.40380859375,-0.3173828125,0.35400390625,-0.15869140625,0.0244140625,-0.0732421875,0,-0.0732421875,0.15869140625,-0.0244140625,0.40283203125,-0.08544921875,0.78125,-0.09765625,-0.52490234375,-0.13427734375,-0.5615234375
1,0,-0.390625,0.048828125,-0.37841796875,-0.1708984375,-0.42724609375,0.18310546875,-0.06103515625,0.25634765625,-0.0244140625,-0.146484375,-0.87890625,0.08544921875,1.08642578125,-0.25634765625,-0.1220703125,-0.15869140625,-0.5615234375,0,-0.1220703125,0.390625,0.86669921875,-0.08544921875,-0.634765625,-0.1953125,4.47998046875,0.08544921875,7.03125,-0.40283203125,6.67724609375,-0.03662109375,5.38330078125,0.048828125,0,0.13427734375,-0.927734375,-0.01220703125,-0.42724609375,-0.2197265625,-0.8056640625,-0.15869140625,-0.23193359375,-0.20751953125,-0.74462890625,-0.1708984375,-0.439453125,0.01220703125,0.62255859375,0.32958984375,1.13525390625,0.20751953125,0.439453125,-0.23193359375,-0.32958984375,-0.37841796875,0.7080078125,-0.03662109375,0.2197265625,-0.01220703125,0.13427734375,-0.86669921875,0.06103515625,1.01318359375,-0.23193359375,0.2685546875,0.45166015625,-0.20751953125,1.06201171875,-0.2197265625,0.25634765625,-0.048828125,0.23193359375,-0.3662109375,0.244140625,-0.244140625,0.81787109375,0.28076171875,-0.048828125,-0.13427734375,1.30615234375,0.01220703125,-1.0009765625,-0.08544921875,-0.40283203125,0.09765625,-0.98876953125,-0.06103515625,-0.8056640625,-0.1220703125,-1.66015625,0.08544921875,-0.4150390625,-0.13427734375,-0.390625,0.1708984375,-1.25732421875,-0.13427734375,-0.74462890625,0.1953125,-0.732421875,-0.25634765625,-0.62255859375,-0.03662109375,-0.146484375,-0.0732421875,0.0244140625,-0.2197265625,-1.07421875,-0.30517578125,-0.439453125,0.0244140625,1.28173828125,-0.32958984375,0.35400390625,-0.18310546875,0.03662109375,-0.0732421875,0,-0.08544921875,0.15869140625,-0.0244140625,0.5126953125,-0.09765625,0.78125,-0.08544921875,-0.50048828125,-0.146484375,-0.537109375
1,-0.01220703125,-0.4150390625,0.08544921875,-0.35400390625,-0.15869140625,-0.42724609375,0.1953125,-0.03662109375,0.2685546875,-0.0244140625,-0.1220703125,-0.8544921875,0.1220703125,1.07421875,-0.20751953125,-0.1220703125,-0.15869140625,-0.5615234375,0.048828125,-0.1220703125,0.37841796875,0.86669921875,-0.0244140625,-0.62255859375,-0.2685546875,4.94384765625,0.0244140625,7.89794921875,-0.244140625,7.26318359375,-0.146484375,5.908203125,0.0732421875,0.09765625,0.10986328125,-0.927734375,-0.048828125,-0.45166015625,-0.244140625,-0.79345703125,-0.13427734375,-0.244140625,-0.25634765625,-0.72021484375,-0.23193359375,-0.40283203125,-0.0732421875,0.62255859375,0.28076171875,1.1474609375,0.1708984375,0.42724609375,-0.15869140625,-0.244140625,-0.390625,0.7080078125,0.01220703125,0.23193359375,0,0.146484375,-0.87890625,0.09765625,1.01318359375,-0.23193359375,0.30517578125,0.5615234375,-0.28076171875,1.07421875,-0.25634765625,0.29296875,0,0.23193359375,-0.40283203125,0.23193359375,-0.2685546875,0.84228515625,0.25634765625,-0.048828125,-0.048828125,1.2939453125,0.048828125,-0.98876953125,-0.10986328125,-0.40283203125,0.0732421875,-0.96435546875,-0.03662109375,-0.79345703125,-0.048828125,-1.50146484375,0.01220703125,-0.048828125,-0.06103515625,-0.1953125,0.146484375,-1.025390625,-0.146484375,-0.74462890625,0.244140625,-0.7568359375,-0.2685546875,-0.6103515625,0.0244140625,-0.15869140625,-0.01220703125,-0.0732421875,-0.15869140625,-1.1962890625,-0.29296875,-0.52490234375,0.06103515625,1.171875,-0.341796875,0.37841796875,-0.20751953125,0.048828125,-0.0732421875,0.048828125,-0.1220703125,0.146484375,-0.0244140625,0.5615234375,-0.09765625,0.78125,-0.13427734375,-0.48828125,-0.13427734375,-0.537109375
1,-0.01220703125,-0.4150390625,0.08544921875,-0.32958984375,-0.146484375,-0.4150390625,0.1953125,-0.048828125,0.28076171875,-0.048828125,-0.10986328125,-0.84228515625,0.08544921875,1.08642578125,-0.146484375,-0.10986328125,-0.10986328125,-0.57373046875,0.0732421875,-0.1220703125,0.37841796875,0.86669921875,0.09765625,-0.6103515625,-0.2685546875,5.28564453125,-0.048828125,8.50830078125,-0.08544921875,7.6904296875,-0.23193359375,6.26220703125,0.09765625,0.18310546875,0.03662109375,-0.9033203125,-0.08544921875,-0.42724609375,-0.25634765625,-0.76904296875,-0.1220703125,-0.2197265625,-0.29296875,-0.732421875,-0.244140625,-0.37841796875,-0.09765625,0.62255859375,0.23193359375,1.171875,0.18310546875,0.42724609375,-0.13427734375,-0.13427734375,-0.37841796875,0.72021484375,-0.048828125,0.23193359375,-0.048828125,0.146484375,-0.84228515625,0.13427734375,0.91552734375,-0.20751953125,0.23193359375,0.79345703125,-0.25634765625,1.11083984375,-0.2685546875,0.341796875,0.0732421875,0.25634765625,-0.42724609375,0.2197265625,-0.30517578125,0.86669921875,0.25634765625,-0.03662109375,0.01220703125,1.30615234375,0.06103515625,-1.0009765625,-0.10986328125,-0.4150390625,0.0244140625,-0.98876953125,-0.01220703125,-0.8056640625,-0.01220703125,-1.15966796875,0.01220703125,0.5126953125,0.01220703125,0.13427734375,0.13427734375,-0.6103515625,-0.13427734375,-0.732421875,0.244140625,-0.7568359375,-0.23193359375,-0.5859375,0.01220703125,-0.146484375,-0.06103515625,-0.146484375,-0.2197265625,-1.25732421875,-0.29296875,-0.54931640625,0.01220703125,1.07421875,-0.3662109375,0.37841796875,-0.2197265625,0.03662109375,-0.06103515625,0.0732421875,-0.15869140625,0.15869140625,-0.03662109375,0.62255859375,-0.08544921875,0.78125,-0.146484375,-0.47607421875,-0.13427734375,-0.537109375
1,0,-0.4150390625,0.06103515625,-0.341796875,-0.146484375,-0.42724609375,0.20751953125,-0.06103515625,0.29296875,-0.048828125,-0.09765625,-0.84228515625,0.06103515625,1.07421875,-0.08544921875,-0.146484375,-0.03662109375,-0.57373046875,0.09765625,-0.1220703125,0.341796875,0.86669921875,0.1708984375,-0.6103515625,-0.244140625,5.45654296875,-0.1220703125,8.8134765625,0.06103515625,7.94677734375,-0.3173828125,6.4453125,0.09765625,0.25634765625,-0.06103515625,-0.9033203125,-0.08544921875,-0.439453125,-0.28076171875,-0.78125,-0.10986328125,-0.2197265625,-0.29296875,-0.7080078125,-0.244140625,-0.35400390625,-0.13427734375,0.6591796875,0.1708984375,1.15966796875,0.15869140625,0.45166015625,-0.0732421875,-0.0244140625,-0.37841796875,0.74462890625,-0.048828125,0.2685546875,-0.048828125,0.15869140625,-0.87890625,0.1953125,0.8544921875,-0.18310546875,0.13427734375,1.13525390625,-0.2197265625,1.13525390625,-0.25634765625,0.3662109375,0.048828125,0.2685546875,-0.4150390625,0.20751953125,-0.30517578125,0.87890625,0.23193359375,-0.03662109375,0.0732421875,1.2939453125,0.09765625,-0.98876953125,-0.10986328125,-0.37841796875,0,-0.9765625,-0.01220703125,-0.79345703125,0.048828125,-0.69580078125,-0.08544921875,1.33056640625,0.0244140625,0.62255859375,0.10986328125,-0.03662109375,-0.10986328125,-0.69580078125,0.2197265625,-0.7568359375,-0.1953125,-0.6103515625,0,-0.146484375,0,-0.15869140625,-0.09765625,-1.28173828125,-0.244140625,-0.57373046875,0.0244140625,1.025390625,-0.35400390625,0.37841796875,-0.23193359375,0.048828125,-0.0732421875,0.06103515625,-0.18310546875,0.1953125,-0.048828125,0.62255859375,-0.0732421875,0.79345703125,-0.15869140625,-0.47607421875,-0.13427734375,-0.537109375
1,0,-0.390625,0.048828125,-0.37841796875,-0.146484375,-0.4150390625,0.18310546875,-0.06103515625,0.30517578125,-0.03662109375,-0.0732421875,-0.87890625,0,1.07421875,-0.0732421875,-0.15869140625,0.06103515625,-0.5859375,0.06103515625,-0.10986328125,0.30517578125,0.87890625,0.23193359375,-0.6103515625,-0.18310546875,5.419921875,-0.146484375,8.77685546875,0.1220703125,7.97119140625,-0.29296875,6.4453125,0.0732421875,0.32958984375,-0.1708984375,-0.89111328125,-0.1220703125,-0.439453125,-0.29296875,-0.79345703125,-0.1220703125,-0.20751953125,-0.29296875,-0.7080078125,-0.20751953125,-0.3662109375,-0.1953125,0.64697265625,0.09765625,1.13525390625,0.13427734375,0.47607421875,-0.08544921875,0.03662109375,-0.3662109375,0.732421875,-0.048828125,0.30517578125,-0.06103515625,0.15869140625,-0.93994140625,0.29296875,0.84228515625,-0.1708984375,0.1953125,1.62353515625,-0.1953125,1.1962890625,-0.23193359375,0.4150390625,0.0244140625,0.341796875,-0.390625,0.1953125,-0.2685546875,0.89111328125,0.25634765625,-0.0244140625,0.09765625,1.26953125,0.09765625,-1.01318359375,-0.10986328125,-0.37841796875,-0.06103515625,-0.98876953125,0,-0.79345703125,0.0244140625,-0.1220703125,-0.06103515625,2.30712890625,0.0244140625,1.220703125,0.10986328125,0.67138671875,-0.0732421875,-0.68359375,0.1220703125,-0.72021484375,-0.1220703125,-0.6591796875,0,-0.146484375,-0.09765625,-0.1708984375,-0.1220703125,-1.2451171875,-0.244140625,-0.59814453125,-0.0732421875,0.98876953125,-0.35400390625,0.390625,-0.2197265625,0.03662109375,-0.0732421875,0.03662109375,-0.1953125,0.1953125,-0.03662109375,0.6103515625,-0.06103515625,0.81787109375,-0.146484375,-0.48828125,-0.146484375,-0.52490234375
1,-0.01220703125,-0.390625,0.048828125,-0.37841796875,-0.15869140625,-0.42724609375,0.1953125,-0.0732421875,0.30517578125,-0.0244140625,-0.0732421875,-0.8544921875,-0.01220703125,1.0986328125,-0.0244140625,-0.1953125,0.1220703125,-0.5859375,0.08544921875,-0.1220703125,0.30517578125,0.87890625,0.2197265625,-0.59814453125,-0.0732421875,5.21240234375,-0.146484375,8.4716796875,0.09765625,7.7880859375,-0.23193359375,6.201171875,0.03662109375,0.3662109375,-0.1953125,-0.9033203125,-0.10986328125,-0.42724609375,-0.23193359375,-0.79345703125,-0.13427734375,-0.20751953125,-0.25634765625,-0.7080078125,-0.18310546875,-0.3662109375,-0.20751953125,0.634765625,0.048828125,1.13525390625,0.15869140625,0.47607421875,-0.06103515625,0.048828125,-0.3173828125,0.732421875,-0.13427734375,0.35400390625,-0.048828125,0.15869140625,-0.9521484375,0.40283203125,0.7568359375,-0.15869140625,0.06103515625,2.2705078125,-0.15869140625,1.25732421875,-0.15869140625,0.48828125,-0.01220703125,0.4150390625,-0.341796875,0.20751953125,-0.2197265625,0.87890625,0.2685546875,-0.03662109375,0.08544921875,1.26953125,0.06103515625,-1.0009765625,-0.08544921875,-0.37841796875,-0.09765625,-0.98876953125,-0.0244140625,-0.8056640625,0.03662109375,0.50048828125,0.01220703125,3.38134765625,0.0244140625,1.89208984375,0.1220703125,1.42822265625,-0.08544921875,-0.69580078125,-0.01220703125,-0.732421875,-0.0244140625,-0.68359375,-0.0244140625,-0.15869140625,-0.1953125,-0.2197265625,-0.09765625,-1.2451171875,-0.18310546875,-0.64697265625,-0.146484375,0.927734375,-0.35400390625,0.40283203125,-0.2197265625,0.0244140625,-0.06103515625,0.03662109375,-0.20751953125,0.2197265625,-0.03662109375,0.59814453125,-0.0732421875,0.830078125,-0.13427734375,-0.48828125,-0.15869140625,-0.5615234375
1,-0.048828125,-0.390625,0.0244140625,-0.37841796875,-0.18310546875,-0.4150390625,0.1953125,-0.0732421875,0.30517578125,-0.0244140625,-0.06103515625,-0.87890625,-0.0244140625,1.08642578125,-0.03662109375,-0.1708984375,0.146484375,-0.6103515625,0.08544921875,-0.13427734375,0.30517578125,0.86669921875,0.18310546875,-0.6103515625,0.0244140625,4.82177734375,-0.09765625,7.861328125,0.0732421875,7.38525390625,-0.146484375,5.7861328125,0,0.390625,-0.15869140625,-0.9033203125,-0.09765625,-0.45166015625,-0.1953125,-0.81787109375,-0.1220703125,-0.20751953125,-0.23193359375,-0.69580078125,-0.10986328125,-0.3662109375,-0.244140625,0.634765625,0.0244140625,1.13525390625,0.23193359375,0.45166015625,-0.01220703125,0.03662109375,-0.23193359375,0.69580078125,-0.2197265625,0.3662109375,-0.10986328125,0.146484375,-0.93994140625,0.50048828125,0.6591796875,-0.146484375,0,3.01513671875,-0.13427734375,1.35498046875,-0.0732421875,0.57373046875,-0.048828125,0.52490234375,-0.28076171875,0.18310546875,-0.15869140625,0.87890625,0.28076171875,-0.03662109375,0.0732421875,1.25732421875,0.0244140625,-1.025390625,-0.0244140625,-0.3662109375,-0.13427734375,-1.01318359375,-0.10986328125,-0.8056640625,0.048828125,1.0986328125,0,4.541015625,-0.048828125,2.5634765625,0.10986328125,2.20947265625,-0.08544921875,-0.68359375,-0.146484375,-0.76904296875,0.01220703125,-0.6103515625,-0.06103515625,-0.15869140625,-0.1220703125,-0.244140625,0.09765625,-1.220703125,-0.10986328125,-0.7080078125,-0.09765625,0.89111328125,-0.3662109375,0.40283203125,-0.2197265625,0,-0.06103515625,0.0244140625,-0.20751953125,0.2197265625,-0.0244140625,0.54931640625,-0.06103515625,0.830078125,-0.09765625,-0.47607421875,-0.146484375,-0.54931640625
1,-0.048828125,-0.390625,0.03662109375,-0.37841796875,-0.18310546875,-0.4150390625,0.18310546875,-0.0732421875,0.3173828125,-0.0244140625,-0.03662109375,-0.9033203125,-0.08544921875,1.07421875,-0.03662109375,-0.18310546875,0.13427734375,-0.59814453125,0.06103515625,-0.1220703125,0.30517578125,0.86669921875,0.0732421875,-0.59814453125,0.08544921875,4.296875,-0.06103515625,7.0068359375,0.0244140625,6.787109375,-0.03662109375,5.23681640625,0,0.390625,-0.1220703125,-0.927734375,-0.08544921875,-0.439453125,-0.15869140625,-0.8056640625,-0.13427734375,-0.2197265625,-0.25634765625,-0.69580078125,-0.048828125,-0.4150390625,-0.20751953125,0.62255859375,-0.01220703125,1.123046875,0.20751953125,0.439453125,0.0244140625,0.01220703125,-0.1220703125,0.68359375,-0.25634765625,0.37841796875,-0.10986328125,0.146484375,-0.927734375,0.64697265625,0.537109375,-0.146484375,0.06103515625,3.8818359375,-0.146484375,1.46484375,-0.03662109375,0.67138671875,-0.06103515625,0.67138671875,-0.244140625,0.20751953125,-0.10986328125,0.86669921875,0.32958984375,-0.03662109375,0.03662109375,1.2451171875,0,-1.0009765625,0,-0.37841796875,-0.1708984375,-0.98876953125,-0.146484375,-0.830078125,0.01220703125,1.611328125,-0.0732421875,5.6396484375,-0.1708984375,3.21044921875,0.10986328125,2.9052734375,-0.08544921875,-0.6591796875,-0.25634765625,-0.76904296875,0.048828125,-0.5615234375,-0.03662109375,-0.146484375,-0.20751953125,-0.3173828125,0.0732421875,-1.1962890625,-0.146484375,-0.732421875,-0.1708984375,0.84228515625,-0.3662109375,0.3662109375,-0.2197265625,0,-0.06103515625,0,-0.20751953125,0.20751953125,-0.0244140625,0.50048828125,-0.0732421875,0.8544921875,-0.09765625,-0.48828125,-0.13427734375,-0.57373046875
1,-0.08544921875,-0.390625,0.0244140625,-0.37841796875,-0.18310546875,-0.439453125,0.1708984375,-0.048828125,0.32958984375,-0.0244140625,-0.0244140625,-0.9033203125,-0.10986328125,1.08642578125,-0.048828125,-0.15869140625,0.08544921875,-0.57373046875,0.0244140625,-0.13427734375,0.29296875,0.84228515625,-0.0244140625,-0.59814453125,0.10986328125,3.7109375,-0.03662109375,6.01806640625,-0.048828125,6.06689453125,0.0732421875,4.57763671875,-0.01220703125,0.3662109375,-0.06103515625,-0.91552734375,-0.08544921875,-0.439453125,-0.10986328125,-0.830078125,-0.13427734375,-0.23193359375,-0.29296875,-0.69580078125,-0.03662109375,-0.4150390625,-0.1220703125,0.62255859375,-0.01220703125,1.123046875,0.1953125,0.439453125,0.08544921875,-0.03662109375,-0.048828125,0.69580078125,-0.2685546875,0.390625,-0.09765625,0.13427734375,-0.96435546875,0.7568359375,0.439453125,-0.13427734375,0.048828125,4.82177734375,-0.09765625,1.59912109375,-0.03662109375,0.78125,-0.048828125,0.81787109375,-0.23193359375,0.20751953125,-0.06103515625,0.830078125,0.29296875,-0.03662109375,-0.03662109375,1.25732421875,-0.06103515625,-0.98876953125,0.06103515625,-0.3662109375,-0.18310546875,-0.9765625,-0.20751953125,-0.81787109375,-0.01220703125,2.06298828125,-0.08544921875,6.640625,-0.244140625,3.7353515625,0.1220703125,3.466796875,-0.0244140625,-0.6591796875,-0.30517578125,-0.78125,0.09765625,-0.54931640625,-0.06103515625,-0.1708984375,-0.146484375,-0.390625,0.1708984375,-1.220703125,-0.09765625,-0.7568359375,-0.09765625,0.79345703125,-0.37841796875,0.3662109375,-0.23193359375,-0.01220703125,-0.0732421875,-0.01220703125,-0.1953125,0.20751953125,-0.0244140625,0.4638671875,-0.09765625,0.81787109375,-0.10986328125,-0.5126953125,-0.13427734375,-0.5615234375
1,-0.0732421875,-0.37841796875,0.0244140625,-0.35400390625,-0.13427734375,-0.42724609375,0.15869140625,-0.06103515625,0.3173828125,-0.03662109375,0.03662109375,-0.89111328125,-0.15869140625,1.08642578125,-0.0732421875,-0.13427734375,0.01220703125,-0.5615234375,0.01220703125,-0.146484375,0.23193359375,0.8544921875,-0.10986328125,-0.5859375,0.08544921875,3.06396484375,-0.01220703125,4.91943359375,-0.09765625,5.26123046875,0.146484375,3.86962890625,-0.0244140625,0.341796875,-0.0244140625,-0.9033203125,-0.08544921875,-0.439453125,-0.06103515625,-0.830078125,-0.1220703125,-0.2197265625,-0.37841796875,-0.68359375,-0.0244140625,-0.42724609375,-0.08544921875,0.59814453125,-0.0244140625,1.13525390625,0.146484375,0.42724609375,0.13427734375,-0.10986328125,0.01220703125,0.68359375,-0.32958984375,0.42724609375,-0.13427734375,0.1708984375,-0.86669921875,0.89111328125,0.37841796875,-0.1220703125,0.048828125,5.72509765625,0,1.72119140625,-0.01220703125,0.87890625,-0.01220703125,0.9521484375,-0.244140625,0.20751953125,-0.03662109375,0.81787109375,0.25634765625,-0.048828125,-0.10986328125,1.26953125,-0.0732421875,-0.98876953125,0.08544921875,-0.390625,-0.2197265625,-0.9765625,-0.244140625,-0.830078125,-0.08544921875,2.35595703125,-0.06103515625,7.4462890625,-0.32958984375,4.1259765625,0.1220703125,3.90625,0.0244140625,-0.68359375,-0.32958984375,-0.78125,0.06103515625,-0.5126953125,-0.03662109375,-0.1708984375,-0.13427734375,-0.4638671875,0.2197265625,-1.2939453125,-0.13427734375,-0.84228515625,-0.09765625,0.732421875,-0.37841796875,0.3662109375,-0.25634765625,-0.01220703125,-0.08544921875,-0.01220703125,-0.1708984375,0.18310546875,-0.03662109375,0.40283203125,-0.09765625,0.81787109375,-0.10986328125,-0.54931640625,-0.1220703125,-0.54931640625
1,-0.10986328125,-0.37841796875,0,-0.35400390625,-0.146484375,-0.45166015625,0.1708984375,-0.06103515625,0.28076171875,-0.0244140625,0.048828125,-0.87890625,-0.23193359375,1.08642578125,-0.0732421875,-0.1220703125,-0.06103515625,-0.57373046875,-0.01220703125,-0.1220703125,0.146484375,0.830078125,-0.13427734375,-0.59814453125,0.0732421875,2.40478515625,0,3.80859375,-0.06103515625,4.4189453125,0.15869140625,3.11279296875,0.01220703125,0.28076171875,0,-0.91552734375,-0.08544921875,-0.439453125,0.01220703125,-0.81787109375,-0.13427734375,-0.2197265625,-0.42724609375,-0.72021484375,0,-0.4150390625,-0.0244140625,0.6103515625,-0.01220703125,1.13525390625,0.08544921875,0.42724609375,0.146484375,-0.1708984375,0.01220703125,0.68359375,-0.30517578125,0.4638671875,-0.1220703125,0.1953125,-0.81787109375,0.98876953125,0.45166015625,-0.0732421875,0.06103515625,6.5673828125,0.08544921875,1.8310546875,-0.0244140625,1.01318359375,0,1.07421875,-0.1953125,0.20751953125,-0.0244140625,0.79345703125,0.2197265625,-0.048828125,-0.146484375,1.28173828125,-0.10986328125,-0.9765625,0.10986328125,-0.40283203125,-0.25634765625,-0.9765625,-0.2197265625,-0.830078125,-0.0732421875,2.50244140625,0.01220703125,8.02001953125,-0.32958984375,4.345703125,0.15869140625,4.1259765625,0.0732421875,-0.69580078125,-0.3173828125,-0.78125,0.03662109375,-0.52490234375,-0.048828125,-0.18310546875,-0.146484375,-0.537109375,0.20751953125,-1.3427734375,-0.15869140625,-0.86669921875,-0.08544921875,0.72021484375,-0.40283203125,0.3662109375,-0.244140625,-0.01220703125,-0.06103515625,-0.01220703125,-0.13427734375,0.1708984375,-0.03662109375,0.3662109375,-0.10986328125,0.8056640625,-0.09765625,-0.52490234375,-0.146484375,-0.5615234375
1,-0.1220703125,-0.35400390625,0.01220703125,-0.341796875,-0.1220703125,-0.45166015625,0.1708984375,-0.048828125,0.2685546875,-0.03662109375,0.0732421875,-0.87890625,-0.28076171875,1.0986328125,-0.09765625,-0.1220703125,-0.146484375,-0.5615234375,0,-0.1220703125,0.08544921875,0.8544921875,-0.10986328125,-0.6103515625,-0.03662109375,1.7822265625,0.01220703125,2.74658203125,-0.03662109375,3.57666015625,0.0732421875,2.40478515625,0.06103515625,0.20751953125,0.03662109375,-0.9033203125,-0.10986328125,-0.4150390625,0.06103515625,-0.8056640625,-0.13427734375,-0.23193359375,-0.4638671875,-0.732421875,0.03662109375,-0.4150390625,0,0.6103515625,0.01220703125,1.1474609375,0.10986328125,0.439453125,0.2197265625,-0.1708984375,0.0244140625,0.68359375,-0.35400390625,0.50048828125,-0.146484375,0.25634765625,-0.72021484375,1.07421875,0.42724609375,-0.0244140625,0,7.2265625,0.10986328125,1.9287109375,-0.06103515625,1.11083984375,0.06103515625,1.1962890625,-0.10986328125,0.20751953125,0.0244140625,0.76904296875,0.146484375,-0.03662109375,-0.146484375,1.28173828125,-0.06103515625,-0.9765625,0.09765625,-0.439453125,-0.23193359375,-0.96435546875,-0.1953125,-0.8056640625,-0.09765625,2.5146484375,-0.03662109375,8.31298828125,-0.28076171875,4.4189453125,0.146484375,4.18701171875,0.09765625,-0.72021484375,-0.244140625,-0.78125,0.0244140625,-0.537109375,-0.0244140625,-0.146484375,-0.146484375,-0.54931640625,0.1708984375,-1.3427734375,-0.20751953125,-0.8544921875,-0.048828125,0.732421875,-0.390625,0.37841796875,-0.244140625,0,-0.06103515625,0.01220703125,-0.08544921875,0.15869140625,-0.03662109375,0.30517578125,-0.10986328125,0.81787109375,-0.09765625,-0.5126953125,-0.146484375,-0.54931640625
0,-0.1220703125,-0.35400390625,-0.0244140625,-0.341796875,-0.1220703125,-0.439453125,0.15869140625,-0.06103515625,0.2685546875,-0.03662109375,0.08544921875,-0.8544921875,-0.3662109375,1.0986328125,-0.146484375,-0.10986328125,-0.20751953125,-0.5859375,-0.03662109375,-0.09765625,0.0244140625,0.84228515625,-0.03662109375,-0.634765625,-0.146484375,1.1474609375,-0.01220703125,1.7333984375,-0.0244140625,2.77099609375,-0.06103515625,1.74560546875,0.13427734375,0.1220703125,0.08544921875,-0.89111328125,-0.18310546875,-0.42724609375,0.03662109375,-0.79345703125,-0.13427734375,-0.20751953125,-0.50048828125,-0.74462890625,0.06103515625,-0.40283203125,-0.03662109375,0.62255859375,0.03662109375,1.18408203125,0.0732421875,0.439453125,0.23193359375,-0.20751953125,0,0.69580078125,-0.341796875,0.5859375,-0.1953125,0.30517578125,-0.6591796875,1.123046875,0.40283203125,0.0732421875,0.06103515625,7.6904296875,0.15869140625,2.01416015625,-0.0732421875,1.171875,0.1220703125,1.2451171875,-0.01220703125,0.23193359375,0.09765625,0.78125,0.09765625,-0.03662109375,-0.18310546875,1.30615234375,-0.0244140625,-0.98876953125,0.06103515625,-0.439453125,-0.20751953125,-0.96435546875,-0.09765625,-0.8056640625,-0.08544921875,2.42919921875,-0.08544921875,8.30078125,-0.18310546875,4.3212890625,0.1220703125,4.11376953125,0.08544921875,-0.732421875,-0.1953125,-0.7568359375,-0.03662109375,-0.5859375,0.03662109375,-0.13427734375,-0.1953125,-0.52490234375,0.048828125,-1.3427734375,-0.20751953125,-0.79345703125,-0.06103515625,0.76904296875,-0.4150390625,0.37841796875,-0.244140625,0,-0.0732421875,0.01220703125,-0.0732421875,0.15869140625,-0.06103515625,0.23193359375,-0.10986328125,0.81787109375,-0.10986328125,-0.5126953125,-0.146484375,-0.537109375
0,-0.13427734375,-0.3662109375,0.01220703125,-0.3662109375,-0.146484375,-0.439453125,0.146484375,-0.048828125,0.28076171875,-0.06103515625,0.08544921875,-0.8544921875,-0.42724609375,1.08642578125,-0.10986328125,-0.09765625,-0.25634765625,-0.57373046875,-0.03662109375,-0.09765625,0.01220703125,0.84228515625,0.048828125,-0.634765625,-0.2685546875,0.6103515625,-0.03662109375,0.89111328125,-0.048828125,2.06298828125,-0.1953125,1.1474609375,0.23193359375,0.03662109375,0.09765625,-0.89111328125,-0.20751953125,-0.439453125,0.0244140625,-0.78125,-0.146484375,-0.20751953125,-0.50048828125,-0.732421875,0.06103515625,-0.390625,-0.0244140625,0.62255859375,0.01220703125,1.171875,0.06103515625,0.4638671875,0.2685546875,-0.1953125,0,0.7080078125,-0.29296875,0.64697265625,-0.1953125,0.390625,-0.5859375,1.123046875,0.40283203125,0.1708984375,0,7.91015625,0.23193359375,2.03857421875,-0.0732421875,1.20849609375,0.1953125,1.25732421875,0.09765625,0.244140625,0.1220703125,0.7568359375,0.0244140625,-0.01220703125,-0.2197265625,1.30615234375,0.03662109375,-1.01318359375,0.0244140625,-0.45166015625,-0.146484375,-0.96435546875,-0.01220703125,-0.81787109375,-0.10986328125,2.23388671875,-0.10986328125,8.0322265625,-0.0732421875,4.1259765625,0.03662109375,3.8818359375,0.06103515625,-0.732421875,-0.1220703125,-0.74462890625,-0.048828125,-0.62255859375,0.08544921875,-0.146484375,-0.1220703125,-0.42724609375,0.06103515625,-1.28173828125,-0.20751953125,-0.7080078125,-0.0244140625,0.89111328125,-0.40283203125,0.37841796875,-0.23193359375,0,-0.06103515625,0.0244140625,-0.0732421875,0.13427734375,-0.08544921875,0.1708984375,-0.1220703125,0.81787109375,-0.1220703125,-0.47607421875,-0.1708984375,-0.537109375
0,-0.13427734375,-0.3662109375,0,-0.341796875,-0.13427734375,-0.439453125,0.15869140625,-0.0732421875,0.25634765625,-0.0732421875,0.09765625,-0.84228515625,-0.47607421875,1.08642578125,-0.09765625,-0.1220703125,-0.28076171875,-0.57373046875,-0.0732421875,-0.10986328125,0.03662109375,0.84228515625,0.08544921875,-0.634765625,-0.37841796875,0.1220703125,-0.1220703125,0.1220703125,-0.08544921875,1.42822265625,-0.29296875,0.62255859375,0.30517578125,-0.048828125,0.18310546875,-0.9033203125,-0.2685546875,-0.439453125,0.0244140625,-0.78125,-0.18310546875,-0.2197265625,-0.5126953125,-0.72021484375,0,-0.37841796875,-0.06103515625,0.6103515625,0.0244140625,1.171875,0.048828125,0.45166015625,0.29296875,-0.18310546875,0,0.72021484375,-0.29296875,0.74462890625,-0.29296875,0.45166015625,-0.537109375,1.11083984375,0.32958984375,0.3173828125,-0.13427734375,7.861328125,0.32958984375,2.03857421875,-0.08544921875,1.1962890625,0.244140625,1.23291015625,0.1953125,0.244140625,0.06103515625,0.78125,-0.03662109375,-0.0244140625,-0.1953125,1.33056640625,0.08544921875,-1.01318359375,-0.0244140625,-0.439453125,-0.09765625,-0.9765625,0.01220703125,-0.8056640625,-0.1220703125,1.9775390625,-0.10986328125,7.51953125,0.08544921875,3.82080078125,-0.0244140625,3.55224609375,0.03662109375,-0.72021484375,-0.0732421875,-0.7080078125,-0.06103515625,-0.69580078125,0.1220703125,-0.13427734375,-0.10986328125,-0.29296875,0.0732421875,-1.171875,-0.244140625,-0.57373046875,-0.03662109375,1.0498046875,-0.37841796875,0.37841796875,-0.23193359375,-0.01220703125,-0.0732421875,0.0244140625,-0.08544921875,0.146484375,-0.09765625,0.13427734375,-0.1220703125,0.830078125,-0.13427734375,-0.48828125,-0.18310546875,-0.52490234375
0,-0.146484375,-0.390625,-0.0244140625,-0.3662109375,-0.146484375,-0.4638671875,0.1220703125,-0.0732421875,0.2685546875,-0.08544921875,0.0732421875,-0.84228515625,-0.50048828125,1.07421875,-0.08544921875,-0.1220703125,-0.25634765625,-0.5859375,-0.10986328125,-0.09765625,0.048828125,0.84228515625,0.10986328125,-0.62255859375,-0.4638671875,-0.29296875,-0.2197265625,-0.57373046875,-0.15869140625,0.89111328125,-0.30517578125,0.146484375,0.341796875,-0.10986328125,0.2197265625,-0.9033203125,-0.341796875,-0.4638671875,0,-0.78125,-0.18310546875,-0.2197265625,-0.40283203125,-0.72021484375,-0.08544921875,-0.37841796875,-0.1220703125,0.6103515625,0.01220703125,1.171875,0.08544921875,0.4638671875,0.244140625,-0.1953125,0.01220703125,0.72021484375,-0.2685546875,0.8544921875,-0.35400390625,0.50048828125,-0.50048828125,1.07421875,0.341796875,0.42724609375,-0.2197265625,7.60498046875,0.341796875,1.98974609375,-0.03662109375,1.15966796875,0.25634765625,1.15966796875,0.2685546875,0.25634765625,-0.01220703125,0.8056640625,-0.1220703125,-0.01220703125,-0.2197265625,1.318359375,0.1220703125,-1.01318359375,-0.06103515625,-0.42724609375,-0.01220703125,-0.9765625,0.048828125,-0.81787109375,-0.08544921875,1.6845703125,-0.1220703125,6.87255859375,0.20751953125,3.466796875,-0.0732421875,3.18603515625,0.01220703125,-0.72021484375,-0.048828125,-0.72021484375,-0.09765625,-0.72021484375,0.146484375,-0.13427734375,-0.08544921875,-0.1220703125,0.01220703125,-1.025390625,-0.23193359375,-0.439453125,-0.06103515625,1.2451171875,-0.4150390625,0.390625,-0.23193359375,0,-0.08544921875,0.0244140625,-0.09765625,0.15869140625,-0.1220703125,0.10986328125,-0.146484375,0.81787109375,-0.146484375,-0.4638671875,-0.18310546875,-0.537109375
0,-0.13427734375,-0.37841796875,-0.03662109375,-0.35400390625,-0.10986328125,-0.4638671875,0.1220703125,-0.08544921875,0.25634765625,-0.1220703125,0.048828125,-0.84228515625,-0.5126953125,1.07421875,-0.09765625,-0.1220703125,-0.1953125,-0.59814453125,-0.1708984375,-0.10986328125,0.10986328125,0.8544921875,0.0732421875,-0.62255859375,-0.52490234375,-0.64697265625,-0.2685546875,-1.08642578125,-0.2685546875,0.4638671875,-0.29296875,-0.2197265625,0.3173828125,-0.1708984375,0.20751953125,-0.9033203125,-0.40283203125,-0.50048828125,-0.048828125,-0.8056640625,-0.244140625,-0.2197265625,-0.30517578125,-0.7080078125,-0.20751953125,-0.37841796875,-0.15869140625,0.6103515625,-0.0244140625,1.15966796875,0.09765625,0.4638671875,0.18310546875,-0.1708984375,0.03662109375,0.72021484375,-0.28076171875,0.96435546875,-0.3662109375,0.54931640625,-0.35400390625,0.98876953125,0.390625,0.54931640625,-0.25634765625,7.1533203125,0.3662109375,1.91650390625,-0.0244140625,1.0498046875,0.25634765625,1.06201171875,0.30517578125,0.2685546875,-0.0732421875,0.81787109375,-0.1220703125,-0.01220703125,-0.1708984375,1.318359375,0.13427734375,-1.025390625,-0.08544921875,-0.40283203125,0.048828125,-0.9765625,0.0244140625,-0.81787109375,-0.0244140625,1.40380859375,-0.06103515625,6.1279296875,0.30517578125,3.16162109375,-0.0732421875,2.8076171875,0.03662109375,-0.72021484375,-0.0244140625,-0.72021484375,-0.08544921875,-0.7568359375,0.1220703125,-0.10986328125,-0.1220703125,0.0244140625,0,-0.89111328125,-0.23193359375,-0.3173828125,-0.10986328125,1.416015625,-0.4150390625,0.390625,-0.23193359375,0,-0.08544921875,0.0244140625,-0.10986328125,0.18310546875,-0.13427734375,0.03662109375,-0.10986328125,0.8544921875,-0.146484375,-0.45166015625,-0.13427734375,-0.537109375
0,-0.13427734375,-0.40283203125,-0.048828125,-0.390625,-0.08544921875,-0.4638671875,0.08544921875,-0.08544921875,0.23193359375,-0.10986328125,0.01220703125,-0.86669921875,-0.5126953125,1.07421875,-0.1220703125,-0.13427734375,-0.09765625,-0.59814453125,-0.146484375,-0.1220703125,0.2197265625,0.86669921875,0,-0.62255859375,-0.5859375,-0.9033203125,-0.35400390625,-1.5380859375,-0.4150390625,0.1220703125,-0.25634765625,-0.52490234375,0.2685546875,-0.2197265625,0.20751953125,-0.89111328125,-0.47607421875,-0.50048828125,-0.0244140625,-0.830078125,-0.30517578125,-0.2197265625,-0.1953125,-0.7080078125,-0.29296875,-0.35400390625,-0.18310546875,0.5859375,-0.0244140625,1.1474609375,0.09765625,0.45166015625,0.03662109375,-0.15869140625,0.01220703125,0.732421875,-0.25634765625,1.03759765625,-0.341796875,0.57373046875,-0.3173828125,0.89111328125,0.45166015625,0.64697265625,-0.20751953125,6.5673828125,0.4150390625,1.84326171875,0.048828125,0.9765625,0.23193359375,0.9765625,0.29296875,0.244140625,-0.146484375,0.84228515625,-0.1220703125,-0.03662109375,-0.1708984375,1.30615234375,0.1220703125,-1.0498046875,-0.13427734375,-0.390625,0.08544921875,-0.98876953125,-0.01220703125,-0.830078125,0.0732421875,1.13525390625,-0.13427734375,5.419921875,0.3662109375,2.83203125,-0.01220703125,2.45361328125,0.048828125,-0.72021484375,-0.03662109375,-0.732421875,-0.08544921875,-0.74462890625,0.1220703125,-0.13427734375,-0.0732421875,0.1708984375,0.06103515625,-0.79345703125,-0.18310546875,-0.23193359375,-0.10986328125,1.52587890625,-0.40283203125,0.390625,-0.25634765625,-0.01220703125,-0.06103515625,0.01220703125,-0.10986328125,0.20751953125,-0.1220703125,-0.01220703125,-0.09765625,0.8544921875,-0.146484375,-0.4638671875,-0.1220703125,-0.537109375
0,-0.15869140625,-0.390625,-0.01220703125,-0.390625,-0.09765625,-0.4638671875,0.08544921875,-0.10986328125,0.1953125,-0.10986328125,0,-0.87890625,-0.4638671875,1.06201171875,-0.15869140625,-0.146484375,-0.01220703125,-0.5859375,-0.10986328125,-0.1220703125,0.28076171875,0.87890625,-0.0732421875,-0.62255859375,-0.57373046875,-1.0986328125,-0.390625,-1.84326171875,-0.45166015625,-0.146484375,-0.146484375,-0.74462890625,0.20751953125,-0.244140625,0.20751953125,-0.9033203125,-0.5126953125,-0.48828125,-0.048828125,-0.81787109375,-0.341796875,-0.2197265625,-0.09765625,-0.69580078125,-0.3662109375,-0.35400390625,-0.2197265625,0.6103515625,-0.048828125,1.1474609375,0.03662109375,0.45166015625,-0.08544921875,-0.1708984375,-0.01220703125,0.7080078125,-0.25634765625,1.07421875,-0.30517578125,0.6103515625,-0.18310546875,0.8056640625,0.537109375,0.68359375,-0.1953125,5.99365234375,0.37841796875,1.7333984375,0.08544921875,0.89111328125,0.15869140625,0.86669921875,0.2685546875,0.244140625,-0.1953125,0.830078125,-0.08544921875,-0.03662109375,-0.15869140625,1.2939453125,0.10986328125,-1.025390625,-0.1708984375,-0.3662109375,0.08544921875,-1.0009765625,-0.048828125,-0.81787109375,0.13427734375,0.91552734375,-0.1953125,4.8095703125,0.40283203125,2.57568359375,0.06103515625,2.1484375,0.08544921875,-0.69580078125,-0.0244140625,-0.74462890625,-0.0244140625,-0.69580078125,0.0732421875,-0.1220703125,-0.048828125,0.2197265625,0.03662109375,-0.74462890625,-0.1708984375,-0.2197265625,-0.13427734375,1.5625,-0.390625,0.37841796875,-0.25634765625,0,-0.08544921875,0,-0.1220703125,0.20751953125,-0.1220703125,-0.03662109375,-0.09765625,0.8544921875,-0.13427734375,-0.45166015625,-0.08544921875,-0.54931640625
0,-0.18310546875,-0.40283203125,0.0244140625,-0.40283203125,-0.1220703125,-0.45166015625,0.0732421875,-0.09765625,0.1953125,-0.08544921875,-0.01220703125,-0.9033203125,-0.4150390625,1.07421875,-0.20751953125,-0.1708984375,0.048828125,-0.57373046875,-0.048828125,-0.1220703125,0.3173828125,0.89111328125,-0.15869140625,-0.6103515625,-0.5126953125,-1.20849609375,-0.28076171875,-2.03857421875,-0.42724609375,-0.29296875,-0.048828125,-0.87890625,0.1220703125,-0.28076171875,0.15869140625,-0.91552734375,-0.537109375,-0.4638671875,-0.048828125,-0.8056640625,-0.35400390625,-0.20751953125,-0.06103515625,-0.69580078125,-0.40283203125,-0.37841796875,-0.20751953125,0.6103515625,-0.01220703125,1.1474609375,0.06103515625,0.439453125,-0.20751953125,-0.18310546875,-0.06103515625,0.72021484375,-0.28076171875,1.0986328125,-0.2685546875,0.5859375,-0.23193359375,0.72021484375,0.634765625,0.68359375,-0.03662109375,5.48095703125,0.3173828125,1.66015625,0.15869140625,0.81787109375,0.13427734375,0.78125,0.28076171875,0.23193359375,-0.2197265625,0.79345703125,-0.0244140625,-0.01220703125,-0.18310546875,1.30615234375,0.0732421875,-1.01318359375,-0.18310546875,-0.37841796875,0.08544921875,-1.01318359375,-0.0732421875,-0.81787109375,0.18310546875,0.74462890625,-0.2685546875,4.345703125,0.40283203125,2.38037109375,0.15869140625,1.9287109375,0.08544921875,-0.7080078125,-0.01220703125,-0.76904296875,-0.03662109375,-0.68359375,0.06103515625,-0.13427734375,-0.01220703125,0.18310546875,0.0244140625,-0.79345703125,-0.146484375,-0.29296875,-0.13427734375,1.513671875,-0.35400390625,0.3662109375,-0.244140625,0,-0.0732421875,-0.01220703125,-0.1220703125,0.20751953125,-0.10986328125,-0.06103515625,-0.08544921875,0.830078125,-0.146484375,-0.48828125,-0.06103515625,-0.54931640625
0,-0.18310546875,-0.40283203125,-0.01220703125,-0.4150390625,-0.1220703125,-0.439453125,0.03662109375,-0.10986328125,0.18310546875,-0.0732421875,0.01220703125,-0.91552734375,-0.341796875,1.07421875,-0.23193359375,-0.1708984375,0.06103515625,-0.54931640625,0.0244140625,-0.13427734375,0.29296875,0.87890625,-0.18310546875,-0.59814453125,-0.4150390625,-1.220703125,-0.1708984375,-2.11181640625,-0.32958984375,-0.32958984375,0,-0.89111328125,0.10986328125,-0.2685546875,0.03662109375,-0.9033203125,-0.52490234375,-0.45166015625,-0.0732421875,-0.8056640625,-0.35400390625,-0.18310546875,-0.06103515625,-0.6591796875,-0.4150390625,-0.390625,-0.23193359375,0.634765625,-0.0244140625,1.1474609375,0.048828125,0.42724609375,-0.3173828125,-0.23193359375,-0.06103515625,0.7080078125,-0.32958984375,1.08642578125,-0.244140625,0.52490234375,-0.244140625,0.64697265625,0.69580078125,0.634765625,-0.0244140625,5.1025390625,0.25634765625,1.5869140625,0.15869140625,0.7568359375,0.08544921875,0.732421875,0.2197265625,0.244140625,-0.25634765625,0.8056640625,0.048828125,-0.0244140625,-0.20751953125,1.26953125,0.01220703125,-1.01318359375,-0.20751953125,-0.390625,0.0244140625,-1.0009765625,-0.048828125,-0.84228515625,0.23193359375,0.634765625,-0.28076171875,4.0771484375,0.390625,2.24609375,0.244140625,1.74560546875,0.08544921875,-0.7080078125,0.01220703125,-0.76904296875,0.0244140625,-0.62255859375,0,-0.146484375,-0.01220703125,0.0732421875,0.10986328125,-0.9033203125,-0.1220703125,-0.390625,-0.09765625,1.3916015625,-0.341796875,0.37841796875,-0.244140625,0.0244140625,-0.06103515625,0.0244140625,-0.10986328125,0.23193359375,-0.10986328125,-0.0732421875,-0.1220703125,0.86669921875,-0.146484375,-0.48828125,-0.048828125,-0.54931640625
0,-0.20751953125,-0.390625,0,-0.390625,-0.13427734375,-0.439453125,0.03662109375,-0.09765625,0.18310546875,-0.06103515625,0.01220703125,-0.9033203125,-0.25634765625,1.08642578125,-0.244140625,-0.1708984375,0.09765625,-0.5615234375,0.03662109375,-0.1220703125,0.20751953125,0.86669921875,-0.20751953125,-0.59814453125,-0.3173828125,-1.171875,-0.10986328125,-2.03857421875,-0.20751953125,-0.244140625,-0.0244140625,-0.84228515625,0.146484375,-0.29296875,-0.08544921875,-0.927734375,-0.5126953125,-0.40283203125,-0.09765625,-0.81787109375,-0.32958984375,-0.1708984375,-0.06103515625,-0.67138671875,-0.37841796875,-0.40283203125,-0.244140625,0.634765625,0.03662109375,1.15966796875,0.03662109375,0.4150390625,-0.40283203125,-0.25634765625,-0.0732421875,0.69580078125,-0.3662109375,1.01318359375,-0.2197265625,0.48828125,-0.09765625,0.57373046875,0.7568359375,0.5615234375,0,4.9072265625,0.1708984375,1.55029296875,0.1220703125,0.74462890625,0.03662109375,0.732421875,0.146484375,0.23193359375,-0.2685546875,0.7568359375,0.09765625,-0.01220703125,-0.23193359375,1.26953125,-0.01220703125,-0.98876953125,-0.20751953125,-0.40283203125,-0.03662109375,-1.01318359375,-0.0732421875,-0.84228515625,0.1953125,0.5615234375,-0.29296875,3.94287109375,0.35400390625,2.18505859375,0.28076171875,1.611328125,0.1220703125,-0.72021484375,0.03662109375,-0.78125,0.048828125,-0.57373046875,-0.06103515625,-0.13427734375,-0.0244140625,-0.10986328125,0.1953125,-1.01318359375,-0.08544921875,-0.5126953125,-0.0732421875,1.15966796875,-0.341796875,0.3662109375,-0.2197265625,0.0244140625,-0.0732421875,0.0244140625,-0.08544921875,0.23193359375,-0.1220703125,-0.0732421875,-0.1220703125,0.86669921875,-0.10986328125,-0.50048828125,-0.03662109375,-0.537109375
0,-0.20751953125,-0.40283203125,-0.048828125,-0.390625,-0.06103515625,-0.439453125,0.01220703125,-0.08544921875,0.1220703125,-0.03662109375,0.03662109375,-0.89111328125,-0.18310546875,1.07421875,-0.25634765625,-0.15869140625,0.10986328125,-0.537109375,0.03662109375,-0.1220703125,0.09765625,0.89111328125,-0.15869140625,-0.6103515625,-0.23193359375,-1.03759765625,-0.06103515625,-1.85546875,-0.08544921875,-0.09765625,-0.08544921875,-0.69580078125,0.1708984375,-0.30517578125,-0.1953125,-0.91552734375,-0.42724609375,-0.3662109375,-0.09765625,-0.79345703125,-0.2685546875,-0.15869140625,-0.0244140625,-0.69580078125,-0.28076171875,-0.40283203125,-0.25634765625,0.64697265625,0.09765625,1.15966796875,-0.048828125,0.439453125,-0.47607421875,-0.2685546875,-0.1220703125,0.7080078125,-0.40283203125,0.9521484375,-0.1708984375,0.42724609375,-0.0244140625,0.54931640625,0.830078125,0.4638671875,0.0244140625,4.84619140625,0.10986328125,1.5380859375,0.0732421875,0.7568359375,0,0.7568359375,0.09765625,0.23193359375,-0.32958984375,0.732421875,0.13427734375,0,-0.25634765625,1.28173828125,-0.048828125,-1.01318359375,-0.1708984375,-0.40283203125,-0.08544921875,-1.0009765625,-0.048828125,-0.84228515625,0.13427734375,0.50048828125,-0.244140625,3.86962890625,0.3173828125,2.11181640625,0.28076171875,1.5380859375,0.13427734375,-0.7080078125,0.01220703125,-0.76904296875,0.03662109375,-0.54931640625,-0.0732421875,-0.1220703125,-0.09765625,-0.2685546875,0.23193359375,-1.0986328125,-0.08544921875,-0.67138671875,-0.08544921875,0.9765625,-0.32958984375,0.3662109375,-0.23193359375,0.03662109375,-0.0732421875,0.01220703125,-0.08544921875,0.2197265625,-0.10986328125,-0.08544921875,-0.1220703125,0.87890625,-0.09765625,-0.5126953125,-0.03662109375,-0.52490234375
0,-0.20751953125,-0.4150390625,-0.03662109375,-0.3662109375,-0.048828125,-0.439453125,0,-0.06103515625,0.09765625,-0.0244140625,0.0244140625,-0.89111328125,-0.15869140625,1.06201171875,-0.244140625,-0.15869140625,0.13427734375,-0.54931640625,0.0244140625,-0.1220703125,0.01220703125,0.87890625,-0.15869140625,-0.6103515625,-0.13427734375,-0.84228515625,0.0244140625,-1.59912109375,0.048828125,0.08544921875,-0.1220703125,-0.47607421875,0.23193359375,-0.3173828125,-0.2685546875,-0.927734375,-0.390625,-0.35400390625,-0.06103515625,-0.78125,-0.1953125,-0.146484375,0,-0.69580078125,-0.146484375,-0.439453125,-0.28076171875,0.634765625,0.1708984375,1.1474609375,-0.06103515625,0.439453125,-0.5615234375,-0.2685546875,-0.146484375,0.7080078125,-0.40283203125,0.86669921875,-0.13427734375,0.3662109375,0.0732421875,0.537109375,0.8544921875,0.3662109375,0.03662109375,4.91943359375,0.048828125,1.55029296875,0.01220703125,0.76904296875,-0.048828125,0.76904296875,0.03662109375,0.25634765625,-0.341796875,0.7568359375,0.15869140625,0.01220703125,-0.23193359375,1.25732421875,-0.08544921875,-1.0009765625,-0.15869140625,-0.40283203125,-0.15869140625,-0.9765625,-0.06103515625,-0.830078125,-0.01220703125,0.45166015625,-0.10986328125,3.79638671875,0.23193359375,2.03857421875,0.18310546875,1.42822265625,0.146484375,-0.74462890625,0,-0.76904296875,0.048828125,-0.5615234375,-0.08544921875,-0.146484375,-0.10986328125,-0.37841796875,0.30517578125,-1.08642578125,-0.06103515625,-0.7568359375,-0.03662109375,0.84228515625,-0.30517578125,0.390625,-0.20751953125,0.03662109375,-0.0732421875,0.0244140625,-0.10986328125,0.20751953125,-0.146484375,-0.10986328125,-0.10986328125,0.89111328125,-0.0732421875,-0.50048828125,-0.0244140625,-0.52490234375
0,-0.2197265625,-0.37841796875,-0.01220703125,-0.3662109375,-0.048828125,-0.42724609375,-0.01220703125,-0.06103515625,0.08544921875,-0.0244140625,0.0244140625,-0.86669921875,-0.10986328125,1.07421875,-0.2197265625,-0.146484375,0.10986328125,-0.54931640625,0.03662109375,-0.1220703125,-0.146484375,0.87890625,-0.13427734375,-0.6103515625,-0.0732421875,-0.634765625,0.0244140625,-1.3427734375,0.13427734375,0.341796875,-0.146484375,-0.23193359375,0.29296875,-0.32958984375,-0.30517578125,-0.927734375,-0.341796875,-0.3662109375,0,-0.78125,-0.1708984375,-0.1953125,0.01220703125,-0.7080078125,0.01220703125,-0.42724609375,-0.3173828125,0.62255859375,0.2197265625,1.1474609375,-0.08544921875,0.4638671875,-0.59814453125,-0.23193359375,-0.20751953125,0.732421875,-0.390625,0.8056640625,-0.13427734375,0.32958984375,0.0244140625,0.54931640625,0.9033203125,0.28076171875,0.048828125,4.99267578125,-0.01220703125,1.57470703125,-0.048828125,0.79345703125,-0.01220703125,0.8056640625,-0.03662109375,0.25634765625,-0.30517578125,0.7568359375,0.1220703125,0.03662109375,-0.18310546875,1.2939453125,-0.1220703125,-0.9765625,-0.09765625,-0.40283203125,-0.20751953125,-0.98876953125,-0.1220703125,-0.81787109375,-0.10986328125,0.35400390625,0.06103515625,3.64990234375,0.13427734375,1.904296875,0.1220703125,1.318359375,0.15869140625,-0.72021484375,-0.048828125,-0.74462890625,0,-0.5615234375,-0.1220703125,-0.13427734375,-0.146484375,-0.35400390625,0.28076171875,-0.9033203125,-0.048828125,-0.732421875,-0.048828125,0.87890625,-0.30517578125,0.37841796875,-0.18310546875,0.048828125,-0.08544921875,0.0244140625,-0.09765625,0.1953125,-0.13427734375,-0.10986328125,-0.1220703125,0.87890625,-0.10986328125,-0.52490234375,-0.01220703125,-0.52490234375
1,-0.2197265625,-0.390625,-0.0244140625,-0.3662109375,-0.06103515625,-0.42724609375,-0.06103515625,-0.03662109375,0.08544921875,-0.048828125,0,-0.86669921875,-0.048828125,1.07421875,-0.1953125,-0.15869140625,0.048828125,-0.537109375,0.01220703125,-0.1220703125,-0.2197265625,0.87890625,-0.09765625,-0.62255859375,0,-0.4638671875,0.06103515625,-1.0498046875,0.15869140625,0.57373046875,-0.1220703125,-0.0244140625,0.32958984375,-0.3662109375,-0.32958984375,-0.93994140625,-0.29296875,-0.37841796875,0.01220703125,-0.79345703125,-0.1953125,-0.20751953125,0.01220703125,-0.732421875,0.13427734375,-0.439453125,-0.30517578125,0.634765625,0.23193359375,1.123046875,-0.08544921875,0.47607421875,-0.67138671875,-0.2197265625,-0.244140625,0.732421875,-0.3173828125,0.74462890625,-0.08544921875,0.30517578125,-0.01220703125,0.54931640625,0.927734375,0.244140625,0.06103515625,4.98046875,-0.0732421875,1.5869140625,-0.1220703125,0.79345703125,-0.0244140625,0.8056640625,-0.10986328125,0.25634765625,-0.29296875,0.76904296875,0.1220703125,0.0244140625,-0.13427734375,1.28173828125,-0.18310546875,-1.0009765625,-0.03662109375,-0.4150390625,-0.28076171875,-0.98876953125,-0.1708984375,-0.8056640625,-0.1953125,0.18310546875,0.1220703125,3.3203125,0.048828125,1.69677734375,0.0732421875,1.123046875,0.1953125,-0.72021484375,-0.10986328125,-0.7568359375,-0.01220703125,-0.59814453125,-0.13427734375,-0.146484375,-0.15869140625,-0.15869140625,0.1220703125,-0.47607421875,-0.048828125,-0.57373046875,-0.01220703125,1.07421875,-0.3173828125,0.3662109375,-0.18310546875,0.03662109375,-0.0732421875,0.0244140625,-0.09765625,0.1953125,-0.146484375,-0.09765625,-0.0732421875,0.9033203125,-0.10986328125,-0.50048828125,-0.0244140625,-0.52490234375
1,-0.244140625,-0.37841796875,-0.03662109375,-0.341796875,-0.0732421875,-0.42724609375,-0.08544921875,-0.048828125,0.0732421875,-0.06103515625,0,-0.8544921875,-0.048828125,1.07421875,-0.15869140625,-0.15869140625,0,-0.57373046875,-0.0244140625,-0.1220703125,-0.18310546875,0.89111328125,-0.10986328125,-0.62255859375,0.01220703125,-0.30517578125,0.08544921875,-0.84228515625,0.10986328125,0.7568359375,-0.0732421875,0.13427734375,0.32958984375,-0.40283203125,-0.23193359375,-0.927734375,-0.2685546875,-0.4150390625,0.0732421875,-0.79345703125,-0.20751953125,-0.2197265625,-0.03662109375,-0.732421875,0.18310546875,-0.4150390625,-0.30517578125,0.62255859375,0.20751953125,1.123046875,-0.08544921875,0.47607421875,-0.6591796875,-0.1953125,-0.1953125,0.72021484375,-0.28076171875,0.7080078125,-0.09765625,0.29296875,-0.0244140625,0.5859375,0.89111328125,0.1953125,0.10986328125,4.833984375,-0.10986328125,1.5625,-0.18310546875,0.79345703125,0.0244140625,0.81787109375,-0.1708984375,0.2685546875,-0.25634765625,0.81787109375,0.0732421875,0.03662109375,-0.08544921875,1.318359375,-0.244140625,-0.98876953125,0.01220703125,-0.4150390625,-0.29296875,-1.01318359375,-0.2197265625,-0.79345703125,-0.29296875,-0.0244140625,0.13427734375,2.83203125,-0.048828125,1.4404296875,0.03662109375,0.84228515625,0.1953125,-0.7080078125,-0.15869140625,-0.74462890625,0.01220703125,-0.62255859375,-0.146484375,-0.10986328125,-0.146484375,0.25634765625,-0.01220703125,0.23193359375,-0.0732421875,-0.25634765625,0.0244140625,1.50146484375,-0.30517578125,0.3662109375,-0.15869140625,0.03662109375,-0.0732421875,-0.01220703125,-0.10986328125,0.18310546875,-0.18310546875,-0.09765625,-0.06103515625,0.8544921875,-0.08544921875,-0.47607421875,0,-0.52490234375
1,-0.244140625,-0.390625,-0.0244140625,-0.341796875,-0.08544921875,-0.439453125,-0.10986328125,-0.048828125,0.0732421875,-0.06103515625,-0.048828125,-0.8544921875,-0.01220703125,1.07421875,-0.15869140625,-0.15869140625,-0.03662109375,-0.5859375,-0.08544921875,-0.10986328125,-0.146484375,0.9033203125,-0.15869140625,-0.59814453125,-0.048828125,-0.23193359375,-0.03662109375,-0.69580078125,-0.0244140625,0.86669921875,0,0.20751953125,0.2685546875,-0.390625,-0.1708984375,-0.9033203125,-0.29296875,-0.47607421875,0.10986328125,-0.79345703125,-0.2685546875,-0.244140625,-0.0732421875,-0.72021484375,0.18310546875,-0.37841796875,-0.2197265625,0.62255859375,0.20751953125,1.123046875,-0.1220703125,0.45166015625,-0.59814453125,-0.1708984375,-0.1953125,0.72021484375,-0.25634765625,0.6591796875,-0.18310546875,0.28076171875,-0.08544921875,0.64697265625,0.9033203125,0.1953125,0.1220703125,4.443359375,-0.18310546875,1.50146484375,-0.20751953125,0.732421875,0.03662109375,0.76904296875,-0.1953125,0.28076171875,-0.2685546875,0.84228515625,0.048828125,0.01220703125,0.0244140625,1.318359375,-0.2685546875,-0.98876953125,0.08544921875,-0.40283203125,-0.3662109375,-0.98876953125,-0.23193359375,-0.78125,-0.28076171875,-0.29296875,0.13427734375,2.197265625,-0.0732421875,1.13525390625,0.03662109375,0.5126953125,0.18310546875,-0.7080078125,-0.13427734375,-0.74462890625,0.0244140625,-0.6591796875,-0.146484375,-0.10986328125,-0.18310546875,0.86669921875,-0.13427734375,1.220703125,-0.1220703125,0.23193359375,0.03662109375,2.1484375,-0.28076171875,0.3662109375,-0.15869140625,0.03662109375,-0.08544921875,-0.0244140625,-0.1220703125,0.1708984375,-0.1708984375,-0.0732421875,-0.0732421875,0.8544921875,-0.10986328125,-0.48828125,-0.01220703125,-0.50048828125
1,-0.20751953125,-0.35400390625,-0.048828125,-0.3662109375,-0.0732421875,-0.4150390625,-0.146484375,-0.0732421875,0.08544921875,-0.0732421875,-0.0732421875,-0.86669921875,-0.01220703125,1.06201171875,-0.13427734375,-0.18310546875,-0.09765625,-0.57373046875,-0.1220703125,-0.13427734375,-0.06103515625,0.87890625,-0.20751953125,-0.6103515625,-0.01220703125,-0.2197265625,-0.06103515625,-0.64697265625,-0.15869140625,0.927734375,0.10986328125,0.23193359375,0.20751953125,-0.4150390625,-0.1220703125,-0.9033203125,-0.341796875,-0.50048828125,0.06103515625,-0.8056640625,-0.341796875,-0.2685546875,-0.18310546875,-0.732421875,0.1220703125,-0.3662109375,-0.13427734375,0.5859375,0.15869140625,1.13525390625,-0.1953125,0.439453125,-0.5126953125,-0.15869140625,-0.146484375,0.7080078125,-0.18310546875,0.64697265625,-0.146484375,0.35400390625,-0.03662109375,0.74462890625,0.927734375,0.20751953125,0.13427734375,3.82080078125,-0.2197265625,1.4404296875,-0.20751953125,0.634765625,0.0732421875,0.67138671875,-0.2197265625,0.25634765625,-0.28076171875,0.9033203125,0.03662109375,0.01220703125,0.09765625,1.2939453125,-0.25634765625,-1.01318359375,0.1220703125,-0.40283203125,-0.40283203125,-1.0009765625,-0.20751953125,-0.76904296875,-0.2685546875,-0.5615234375,0.06103515625,1.46484375,-0.15869140625,0.78125,0.01220703125,0.1708984375,0.146484375,-0.69580078125,-0.06103515625,-0.7568359375,0.03662109375,-0.67138671875,-0.18310546875,-0.09765625,-0.06103515625,1.6357421875,-0.13427734375,2.38037109375,-0.10986328125,0.87890625,0.08544921875,2.96630859375,-0.23193359375,0.35400390625,-0.1708984375,0.01220703125,-0.06103515625,-0.06103515625,-0.09765625,0.1953125,-0.18310546875,-0.06103515625,-0.08544921875,0.84228515625,-0.10986328125,-0.50048828125,-0.01220703125,-0.50048828125
1,-0.2197265625,-0.390625,-0.01220703125,-0.3662109375,-0.03662109375,-0.42724609375,-0.146484375,-0.06103515625,0.06103515625,-0.0732421875,-0.09765625,-0.87890625,-0.01220703125,1.06201171875,-0.1220703125,-0.15869140625,-0.13427734375,-0.5615234375,-0.09765625,-0.13427734375,0.03662109375,0.87890625,-0.29296875,-0.6103515625,-0.13427734375,-0.28076171875,-0.1953125,-0.732421875,-0.3662109375,0.89111328125,0.0732421875,0.15869140625,0.1708984375,-0.4150390625,-0.08544921875,-0.9033203125,-0.35400390625,-0.50048828125,0.0244140625,-0.79345703125,-0.35400390625,-0.25634765625,-0.25634765625,-0.72021484375,0.03662109375,-0.341796875,-0.10986328125,0.5859375,0.08544921875,1.1474609375,-0.1953125,0.42724609375,-0.390625,-0.1220703125,-0.146484375,0.68359375,-0.1708984375,0.64697265625,-0.1708984375,0.3662109375,-0.06103515625,0.830078125,0.87890625,0.20751953125,0.146484375,2.99072265625,-0.2197265625,1.30615234375,-0.1953125,0.5126953125,0.0732421875,0.54931640625,-0.23193359375,0.25634765625,-0.2685546875,0.93994140625,0.0244140625,0,0.146484375,1.2939453125,-0.2197265625,-1.0009765625,0.1220703125,-0.390625,-0.45166015625,-1.025390625,-0.1953125,-0.76904296875,-0.1708984375,-0.81787109375,0.06103515625,0.79345703125,-0.15869140625,0.47607421875,0.0244140625,-0.146484375,0.09765625,-0.69580078125,0.03662109375,-0.7568359375,0.048828125,-0.6591796875,-0.1953125,-0.10986328125,-0.06103515625,2.45361328125,-0.20751953125,3.6376953125,-0.15869140625,1.55029296875,0.0732421875,3.86962890625,-0.244140625,0.3662109375,-0.18310546875,0.01220703125,-0.08544921875,-0.08544921875,-0.09765625,0.1953125,-0.15869140625,-0.0244140625,-0.1220703125,0.830078125,-0.10986328125,-0.5126953125,-0.03662109375,-0.48828125
1,-0.2197265625,-0.390625,0,-0.35400390625,-0.03662109375,-0.42724609375,-0.15869140625,-0.06103515625,0,-0.08544921875,-0.048828125,-0.89111328125,-0.01220703125,1.03759765625,-0.1220703125,-0.13427734375,-0.1708984375,-0.5615234375,-0.09765625,-0.15869140625,0.1220703125,0.89111328125,-0.341796875,-0.6103515625,-0.23193359375,-0.37841796875,-0.28076171875,-0.89111328125,-0.42724609375,0.79345703125,0.06103515625,0.0732421875,0.15869140625,-0.37841796875,-0.048828125,-0.89111328125,-0.3662109375,-0.5126953125,-0.01220703125,-0.76904296875,-0.37841796875,-0.23193359375,-0.30517578125,-0.69580078125,-0.048828125,-0.32958984375,-0.08544921875,0.5859375,-0.01220703125,1.15966796875,-0.1953125,0.4150390625,-0.29296875,-0.13427734375,-0.1708984375,0.67138671875,-0.1708984375,0.64697265625,-0.1953125,0.37841796875,0,0.9765625,0.84228515625,0.23193359375,0.146484375,2.06298828125,-0.20751953125,1.171875,-0.15869140625,0.3662109375,0.03662109375,0.4150390625,-0.23193359375,0.2197265625,-0.18310546875,0.9521484375,0.03662109375,-0.01220703125,0.1708984375,1.30615234375,-0.146484375,-1.01318359375,0.08544921875,-0.40283203125,-0.45166015625,-1.03759765625,-0.13427734375,-0.78125,-0.08544921875,-0.98876953125,0.01220703125,0.244140625,-0.10986328125,0.3173828125,-0.01220703125,-0.37841796875,0.01220703125,-0.69580078125,0.0732421875,-0.7568359375,0.048828125,-0.634765625,-0.18310546875,-0.10986328125,0.01220703125,3.33251953125,-0.13427734375,4.94384765625,-0.15869140625,2.24609375,0.08544921875,4.7607421875,-0.23193359375,0.341796875,-0.1708984375,0,-0.0732421875,-0.09765625,-0.0732421875,0.1953125,-0.146484375,0,-0.1220703125,0.76904296875,-0.09765625,-0.48828125,-0.048828125,-0.50048828125
1,-0.2197265625,-0.390625,0,-0.341796875,-0.06103515625,-0.439453125,-0.1708984375,-0.048828125,-0.03662109375,-0.0732421875,0,-0.89111328125,-0.048828125,1.06201171875,-0.1220703125,-0.1220703125,-0.18310546875,-0.5615234375,0,-0.1708984375,0.18310546875,0.89111328125,-0.3173828125,-0.5859375,-0.1953125,-0.5126953125,-0.18310546875,-1.07421875,-0.32958984375,0.68359375,0.048828125,-0.06103515625,0.15869140625,-0.35400390625,-0.03662109375,-0.9033203125,-0.32958984375,-0.48828125,-0.048828125,-0.78125,-0.32958984375,-0.20751953125,-0.4150390625,-0.68359375,-0.08544921875,-0.341796875,-0.0732421875,0.59814453125,-0.09765625,1.171875,-0.1953125,0.42724609375,-0.1708984375,-0.146484375,-0.146484375,0.67138671875,-0.18310546875,0.634765625,-0.20751953125,0.390625,0.01220703125,1.11083984375,0.7080078125,0.23193359375,0.08544921875,1.1474609375,-0.23193359375,1.0498046875,-0.08544921875,0.23193359375,0,0.28076171875,-0.1953125,0.20751953125,-0.1708984375,0.93994140625,0.0732421875,-0.03662109375,0.1708984375,1.28173828125,-0.0732421875,-0.98876953125,0.048828125,-0.40283203125,-0.45166015625,-1.0498046875,-0.048828125,-0.8056640625,0.01220703125,-1.06201171875,-0.08544921875,0,-0.08544921875,0.25634765625,-0.06103515625,-0.439453125,-0.0244140625,-0.68359375,0.1220703125,-0.7568359375,0.0244140625,-0.62255859375,-0.146484375,-0.1220703125,0.06103515625,4.08935546875,-0.08544921875,6.103515625,-0.18310546875,2.84423828125,0.0732421875,5.56640625,-0.23193359375,0.32958984375,-0.1708984375,-0.01220703125,-0.06103515625,-0.09765625,-0.06103515625,0.1953125,-0.1708984375,0,-0.146484375,0.7568359375,-0.10986328125,-0.50048828125,-0.0732421875,-0.50048828125
1,-0.20751953125,-0.40283203125,0,-0.341796875,-0.048828125,-0.42724609375,-0.1953125,-0.048828125,-0.0732421875,-0.06103515625,0.048828125,-0.89111328125,-0.08544921875,1.06201171875,-0.1220703125,-0.1220703125,-0.1708984375,-0.5615234375,0.03662109375,-0.1708984375,0.2197265625,0.87890625,-0.28076171875,-0.5859375,-0.32958984375,-0.5859375,-0.28076171875,-1.25732421875,-0.29296875,0.6103515625,-0.09765625,-0.1220703125,0.2197265625,-0.3173828125,-0.09765625,-0.87890625,-0.3173828125,-0.45166015625,-0.10986328125,-0.74462890625,-0.3173828125,-0.20751953125,-0.40283203125,-0.68359375,-0.13427734375,-0.37841796875,-0.146484375,0.59814453125,-0.15869140625,1.18408203125,-0.20751953125,0.4150390625,-0.08544921875,-0.1708984375,-0.1708984375,0.6591796875,-0.2197265625,0.6103515625,-0.29296875,0.390625,-0.10986328125,1.2939453125,0.57373046875,0.2197265625,0.1220703125,0.40283203125,-0.20751953125,0.9521484375,0,0.13427734375,-0.03662109375,0.1708984375,-0.15869140625,0.18310546875,-0.09765625,0.91552734375,0.09765625,-0.048828125,0.10986328125,1.2939453125,0.048828125,-1.0009765625,0.01220703125,-0.40283203125,-0.4150390625,-1.03759765625,0.0244140625,-0.81787109375,0.08544921875,-0.93994140625,-0.0244140625,0.15869140625,-0.03662109375,0.390625,-0.08544921875,-0.32958984375,-0.03662109375,-0.69580078125,0.1708984375,-0.7568359375,0.01220703125,-0.57373046875,-0.10986328125,-0.13427734375,0.08544921875,4.65087890625,-0.09765625,7.03125,-0.244140625,3.3203125,0.048828125,6.18896484375,-0.23193359375,0.35400390625,-0.1953125,0.01220703125,-0.0732421875,-0.09765625,-0.03662109375,0.1953125,-0.13427734375,-0.01220703125,-0.13427734375,0.72021484375,-0.1220703125,-0.50048828125,-0.048828125,-0.537109375
1,-0.20751953125,-0.40283203125,0,-0.341796875,-0.0732421875,-0.439453125,-0.20751953125,-0.06103515625,-0.08544921875,-0.048828125,0.09765625,-0.9033203125,-0.09765625,1.0498046875,-0.1220703125,-0.13427734375,-0.15869140625,-0.5615234375,0.08544921875,-0.15869140625,0.2197265625,0.89111328125,-0.1953125,-0.5859375,-0.341796875,-0.62255859375,-0.32958984375,-1.3427734375,-0.10986328125,0.57373046875,-0.1708984375,-0.146484375,0.25634765625,-0.3173828125,-0.1953125,-0.89111328125,-0.3173828125,-0.390625,-0.13427734375,-0.732421875,-0.341796875,-0.1708984375,-0.390625,-0.68359375,-0.146484375,-0.390625,-0.1708984375,0.59814453125,-0.1708984375,1.18408203125,-0.23193359375,0.42724609375,0,-0.15869140625,-0.146484375,0.68359375,-0.29296875,0.634765625,-0.341796875,0.390625,-0.048828125,1.47705078125,0.42724609375,0.2197265625,0.09765625,-0.0732421875,-0.1953125,0.89111328125,0.03662109375,0.0732421875,-0.09765625,0.09765625,-0.1708984375,0.1953125,-0.048828125,0.86669921875,0.146484375,-0.06103515625,0.0732421875,1.2939453125,0.08544921875,-1.01318359375,-0.048828125,-0.40283203125,-0.30517578125,-1.01318359375,0.08544921875,-0.84228515625,0.15869140625,-0.67138671875,0.01220703125,0.74462890625,0.0244140625,0.732421875,-0.03662109375,0.01220703125,-0.01220703125,-0.68359375,0.1708984375,-0.74462890625,-0.01220703125,-0.5615234375,-0.06103515625,-0.146484375,0.10986328125,5.01708984375,-0.01220703125,7.6416015625,-0.25634765625,3.60107421875,0.03662109375,6.54296875,-0.23193359375,0.32958984375,-0.18310546875,0.01220703125,-0.08544921875,-0.10986328125,-0.03662109375,0.20751953125,-0.146484375,-0.0244140625,-0.09765625,0.72021484375,-0.1220703125,-0.50048828125,-0.06103515625,-0.537109375
1,-0.2197265625,-0.40283203125,-0.01220703125,-0.37841796875,-0.048828125,-0.42724609375,-0.23193359375,-0.048828125,-0.08544921875,-0.0244140625,0.10986328125,-0.9033203125,-0.13427734375,1.06201171875,-0.08544921875,-0.13427734375,-0.09765625,-0.5615234375,0.10986328125,-0.15869140625,0.20751953125,0.89111328125,-0.08544921875,-0.5859375,-0.28076171875,-0.5859375,-0.25634765625,-1.3427734375,0.0732421875,0.62255859375,-0.23193359375,-0.06103515625,0.32958984375,-0.29296875,-0.3173828125,-0.89111328125,-0.29296875,-0.35400390625,-0.2197265625,-0.69580078125,-0.35400390625,-0.15869140625,-0.35400390625,-0.69580078125,-0.1708984375,-0.4150390625,-0.23193359375,0.6103515625,-0.23193359375,1.171875,-0.25634765625,0.439453125,0.06103515625,-0.1708984375,-0.0732421875,0.69580078125,-0.35400390625,0.64697265625,-0.439453125,0.40283203125,-0.03662109375,1.62353515625,0.2685546875,0.23193359375,0.0244140625,-0.15869140625,-0.1953125,0.9033203125,0.0244140625,0.09765625,-0.10986328125,0.08544921875,-0.1708984375,0.1953125,-0.03662109375,0.8544921875,0.1220703125,-0.0732421875,0.0244140625,1.318359375,0.1220703125,-1.0009765625,-0.0732421875,-0.42724609375,-0.18310546875,-1.01318359375,0.09765625,-0.86669921875,0.146484375,-0.244140625,0,1.74560546875,0.01220703125,1.25732421875,-0.01220703125,0.59814453125,-0.01220703125,-0.68359375,0.13427734375,-0.76904296875,-0.048828125,-0.537109375,-0.0244140625,-0.1220703125,0.03662109375,5.09033203125,0.1220703125,7.84912109375,-0.28076171875,3.7109375,-0.01220703125,6.62841796875,-0.23193359375,0.32958984375,-0.1708984375,0.01220703125,-0.048828125,-0.09765625,-0.03662109375,0.1953125,-0.1708984375,-0.01220703125,-0.09765625,0.7080078125,-0.10986328125,-0.52490234375,-0.048828125,-0.54931640625
1,-0.2197265625,-0.4150390625,-0.01220703125,-0.37841796875,-0.0244140625,-0.439453125,-0.23193359375,-0.0732421875,-0.10986328125,0,0.10986328125,-0.91552734375,-0.18310546875,1.07421875,-0.06103515625,-0.146484375,-0.0244140625,-0.5859375,0.1220703125,-0.13427734375,0.146484375,0.9033203125,-0.01220703125,-0.5859375,-0.2685546875,-0.42724609375,-0.35400390625,-1.20849609375,0.146484375,0.76904296875,-0.30517578125,0.10986328125,0.3173828125,-0.2685546875,-0.40283203125,-0.9033203125,-0.30517578125,-0.35400390625,-0.20751953125,-0.64697265625,-0.42724609375,-0.146484375,-0.2197265625,-0.69580078125,-0.13427734375,-0.439453125,-0.28076171875,0.62255859375,-0.28076171875,1.15966796875,-0.25634765625,0.439453125,0.10986328125,-0.1708984375,-0.03662109375,0.72021484375,-0.32958984375,0.68359375,-0.40283203125,0.40283203125,0.01220703125,1.72119140625,0.20751953125,0.28076171875,0.06103515625,0.15869140625,-0.146484375,0.96435546875,0.0244140625,0.18310546875,-0.08544921875,0.146484375,-0.1953125,0.20751953125,-0.0244140625,0.8544921875,0.09765625,-0.06103515625,-0.048828125,1.30615234375,0.1220703125,-1.01318359375,-0.06103515625,-0.40283203125,-0.08544921875,-1.0009765625,0.146484375,-0.8544921875,0.08544921875,0.341796875,0.08544921875,3.08837890625,0.01220703125,1.91650390625,0.0244140625,1.33056640625,-0.03662109375,-0.68359375,0.03662109375,-0.732421875,-0.0732421875,-0.5615234375,0.01220703125,-0.13427734375,0,4.931640625,0.30517578125,7.6904296875,-0.25634765625,3.5888671875,0,6.4697265625,-0.23193359375,0.32958984375,-0.1953125,0.0244140625,-0.0732421875,-0.06103515625,-0.03662109375,0.1953125,-0.1708984375,-0.01220703125,-0.0732421875,0.732421875,-0.10986328125,-0.5126953125,-0.048828125,-0.537109375
1,-0.244140625,-0.4150390625,-0.01220703125,-0.3662109375,-0.0244140625,-0.4150390625,-0.28076171875,-0.08544921875,-0.1220703125,0,0.1220703125,-0.9033203125,-0.244140625,1.07421875,-0.048828125,-0.1708984375,0.048828125,-0.5615234375,0.15869140625,-0.13427734375,0.0732421875,0.9033203125,0.03662109375,-0.5859375,-0.1708984375,-0.20751953125,-0.3173828125,-1.0009765625,0.1953125,1.0009765625,-0.20751953125,0.341796875,0.244140625,-0.29296875,-0.4150390625,-0.9033203125,-0.29296875,-0.390625,-0.18310546875,-0.62255859375,-0.5126953125,-0.15869140625,-0.13427734375,-0.69580078125,-0.146484375,-0.439453125,-0.30517578125,0.634765625,-0.30517578125,1.13525390625,-0.25634765625,0.4638671875,0.1708984375,-0.146484375,0.01220703125,0.732421875,-0.40283203125,0.7080078125,-0.4150390625,0.439453125,0.03662109375,1.74560546875,0.1220703125,0.341796875,0.09765625,0.86669921875,-0.0732421875,1.11083984375,0,0.32958984375,-0.06103515625,0.2685546875,-0.1708984375,0.2197265625,0,0.830078125,0.06103515625,-0.048828125,-0.048828125,1.2939453125,0.0732421875,-1.025390625,-0.06103515625,-0.42724609375,0.06103515625,-1.01318359375,0.146484375,-0.8544921875,0.048828125,1.0009765625,0.08544921875,4.62646484375,-0.01220703125,2.6611328125,0.048828125,2.1728515625,-0.0244140625,-0.67138671875,-0.08544921875,-0.72021484375,-0.10986328125,-0.57373046875,0.0732421875,-0.13427734375,0,4.58984375,0.3173828125,7.18994140625,-0.25634765625,3.30810546875,0,6.09130859375,-0.1953125,0.341796875,-0.18310546875,0.03662109375,-0.06103515625,-0.06103515625,-0.06103515625,0.1953125,-0.20751953125,-0.048828125,-0.048828125,0.732421875,-0.08544921875,-0.50048828125,-0.048828125,-0.54931640625
1,-0.23193359375,-0.42724609375,-0.03662109375,-0.3662109375,-0.0244140625,-0.42724609375,-0.29296875,-0.0732421875,-0.10986328125,-0.01220703125,0.1220703125,-0.89111328125,-0.30517578125,1.07421875,-0.048828125,-0.146484375,0.09765625,-0.5615234375,0.15869140625,-0.1220703125,0.0244140625,0.89111328125,0.01220703125,-0.57373046875,-0.048828125,0.06103515625,-0.2197265625,-0.68359375,0.18310546875,1.2939453125,-0.15869140625,0.62255859375,0.1708984375,-0.2685546875,-0.32958984375,-0.9033203125,-0.28076171875,-0.4150390625,-0.146484375,-0.59814453125,-0.54931640625,-0.18310546875,-0.06103515625,-0.7080078125,-0.146484375,-0.439453125,-0.35400390625,0.62255859375,-0.3173828125,1.123046875,-0.2685546875,0.4638671875,0.20751953125,-0.10986328125,0,0.72021484375,-0.4638671875,0.79345703125,-0.40283203125,0.50048828125,0.1220703125,1.6845703125,0.048828125,0.40283203125,0.08544921875,1.8798828125,-0.01220703125,1.26953125,0,0.50048828125,0.01220703125,0.42724609375,-0.1220703125,0.20751953125,0.048828125,0.84228515625,-0.01220703125,-0.01220703125,-0.06103515625,1.2939453125,-0.01220703125,-1.01318359375,-0.03662109375,-0.40283203125,0.1708984375,-1.01318359375,0.10986328125,-0.8544921875,-0.0244140625,1.64794921875,-0.048828125,6.16455078125,-0.06103515625,3.41796875,0.0244140625,3.02734375,-0.03662109375,-0.6591796875,-0.2197265625,-0.72021484375,-0.15869140625,-0.6103515625,0.13427734375,-0.13427734375,-0.0244140625,4.0771484375,0.2685546875,6.4697265625,-0.2197265625,2.9296875,0,5.57861328125,-0.18310546875,0.35400390625,-0.146484375,0.048828125,-0.0732421875,-0.0732421875,-0.0732421875,0.2197265625,-0.20751953125,-0.048828125,-0.03662109375,0.76904296875,-0.08544921875,-0.52490234375,-0.03662109375,-0.5615234375
1,-0.244140625,-0.40283203125,-0.0732421875,-0.37841796875,-0.06103515625,-0.439453125,-0.3173828125,-0.048828125,-0.09765625,-0.0244140625,0.13427734375,-0.8544921875,-0.3662109375,1.08642578125,-0.06103515625,-0.13427734375,0.08544921875,-0.5859375,0.146484375,-0.1220703125,-0.01220703125,0.9033203125,-0.06103515625,-0.5859375,-0.01220703125,0.3173828125,-0.30517578125,-0.35400390625,0.1220703125,1.59912109375,-0.048828125,0.927734375,0.09765625,-0.28076171875,-0.244140625,-0.9033203125,-0.2685546875,-0.439453125,-0.048828125,-0.57373046875,-0.5615234375,-0.1953125,0.0244140625,-0.72021484375,-0.1708984375,-0.42724609375,-0.29296875,0.634765625,-0.3173828125,1.13525390625,-0.28076171875,0.4638671875,0.2197265625,-0.09765625,-0.0244140625,0.72021484375,-0.45166015625,0.84228515625,-0.4150390625,0.537109375,0.1220703125,1.52587890625,0,0.45166015625,-0.0244140625,3.16162109375,0.03662109375,1.46484375,-0.0244140625,0.7080078125,0.01220703125,0.62255859375,-0.01220703125,0.2197265625,0.08544921875,0.87890625,-0.048828125,-0.01220703125,-0.08544921875,1.318359375,-0.10986328125,-1.01318359375,0.01220703125,-0.40283203125,0.2197265625,-1.03759765625,0.048828125,-0.830078125,-0.13427734375,2.25830078125,-0.0244140625,7.58056640625,-0.146484375,4.1015625,0,3.80859375,0,-0.6591796875,-0.3173828125,-0.72021484375,-0.15869140625,-0.634765625,0.146484375,-0.1220703125,0.01220703125,3.55224609375,0.2197265625,5.65185546875,-0.1708984375,2.5146484375,0.0732421875,5.029296875,-0.146484375,0.35400390625,-0.1220703125,0.048828125,-0.0732421875,-0.08544921875,-0.08544921875,0.20751953125,-0.20751953125,-0.0732421875,-0.048828125,0.7568359375,-0.09765625,-0.537109375,-0.03662109375,-0.5615234375
0,-0.25634765625,-0.40283203125,-0.048828125,-0.35400390625,-0.0732421875,-0.4638671875,-0.32958984375,-0.048828125,-0.06103515625,-0.03662109375,0.1220703125,-0.86669921875,-0.37841796875,1.07421875,-0.1220703125,-0.09765625,0.048828125,-0.59814453125,0.15869140625,-0.1220703125,-0.01220703125,0.91552734375,-0.13427734375,-0.5859375,0.0732421875,0.5615234375,-0.244140625,-0.0732421875,0.09765625,1.89208984375,0.10986328125,1.18408203125,0.03662109375,-0.2685546875,-0.146484375,-0.89111328125,-0.25634765625,-0.47607421875,0.06103515625,-0.5615234375,-0.54931640625,-0.20751953125,0,-0.7080078125,-0.18310546875,-0.4150390625,-0.1708984375,0.634765625,-0.32958984375,1.123046875,-0.37841796875,0.45166015625,0.1708984375,-0.06103515625,0.01220703125,0.7080078125,-0.45166015625,0.89111328125,-0.4150390625,0.5615234375,0.341796875,1.2939453125,-0.01220703125,0.50048828125,0.01220703125,4.47998046875,0.1220703125,1.6357421875,-0.0244140625,0.9033203125,0.048828125,0.81787109375,0.13427734375,0.244140625,0.06103515625,0.87890625,-0.1220703125,0,-0.0732421875,1.2939453125,-0.18310546875,-1.025390625,0.03662109375,-0.4150390625,0.2685546875,-1.0498046875,-0.0244140625,-0.830078125,-0.13427734375,2.734375,-0.048828125,8.70361328125,-0.10986328125,4.65087890625,0.0244140625,4.443359375,0.048828125,-0.6591796875,-0.32958984375,-0.732421875,-0.15869140625,-0.64697265625,0.146484375,-0.1220703125,0.01220703125,3.03955078125,0.20751953125,4.84619140625,-0.09765625,2.11181640625,0.10986328125,4.52880859375,-0.146484375,0.341796875,-0.13427734375,0.06103515625,-0.0732421875,-0.06103515625,-0.08544921875,0.23193359375,-0.2197265625,-0.08544921875,-0.048828125,0.78125,-0.08544921875,-0.50048828125,-0.03662109375,-0.57373046875
0,-0.25634765625,-0.390625,-0.0732421875,-0.341796875,-0.03662109375,-0.45166015625,-0.35400390625,-0.03662109375,-0.0732421875,-0.06103515625,0.1708984375,-0.8544921875,-0.390625,1.08642578125,-0.13427734375,-0.1220703125,-0.03662109375,-0.5859375,0.10986328125,-0.1220703125,-0.06103515625,0.91552734375,-0.23193359375,-0.6103515625,0.10986328125,0.7080078125,-0.20751953125,0.1220703125,0.08544921875,2.11181640625,0.1953125,1.33056640625,-0.048828125,-0.28076171875,-0.048828125,-0.89111328125,-0.244140625,-0.5126953125,0.146484375,-0.54931640625,-0.52490234375,-0.20751953125,-0.01220703125,-0.7080078125,-0.2197265625,-0.390625,-0.0732421875,0.634765625,-0.32958984375,1.123046875,-0.4150390625,0.45166015625,0.15869140625,-0.03662109375,0.048828125,0.7080078125,-0.50048828125,0.93994140625,-0.40283203125,0.57373046875,0.30517578125,1.03759765625,-0.08544921875,0.54931640625,-0.048828125,5.82275390625,0.18310546875,1.8310546875,-0.01220703125,1.11083984375,0.08544921875,1.025390625,0.28076171875,0.25634765625,-0.01220703125,0.91552734375,-0.1953125,0.01220703125,-0.048828125,1.2939453125,-0.244140625,-1.025390625,0.048828125,-0.40283203125,0.2197265625,-1.06201171875,0,-0.81787109375,-0.1708984375,3.02734375,-0.146484375,9.41162109375,-0.10986328125,5.0048828125,0,4.79736328125,0.10986328125,-0.67138671875,-0.30517578125,-0.74462890625,-0.146484375,-0.64697265625,0.1220703125,-0.10986328125,0,2.685546875,0.15869140625,4.21142578125,-0.0244140625,1.806640625,0.10986328125,4.150390625,-0.13427734375,0.35400390625,-0.15869140625,0.03662109375,-0.0732421875,-0.06103515625,-0.0732421875,0.2197265625,-0.1953125,-0.08544921875,-0.08544921875,0.79345703125,-0.0732421875,-0.50048828125,-0.0244140625,-0.54931640625
0,-0.2685546875,-0.390625,-0.06103515625,-0.3662109375,0.0244140625,-0.439453125,-0.3662109375,-0.0732421875,-0.0732421875,-0.0732421875,0.1708984375,-0.89111328125,-0.4150390625,1.07421875,-0.15869140625,-0.13427734375,-0.09765625,-0.57373046875,0.0732421875,-0.13427734375,-0.146484375,0.9033203125,-0.29296875,-0.59814453125,0.10986328125,0.76904296875,-0.18310546875,0.1953125,0.08544921875,2.20947265625,0.244140625,1.416015625,-0.048828125,-0.29296875,-0.01220703125,-0.89111328125,-0.30517578125,-0.52490234375,0.25634765625,-0.57373046875,-0.48828125,-0.2197265625,-0.01220703125,-0.69580078125,-0.25634765625,-0.37841796875,0.0244140625,0.6103515625,-0.3173828125,1.1474609375,-0.4150390625,0.439453125,0.1220703125,0,0.09765625,0.67138671875,-0.47607421875,0.89111328125,-0.37841796875,0.54931640625,0.390625,0.72021484375,-0.1220703125,0.5126953125,-0.146484375,7.0068359375,0.18310546875,1.98974609375,0,1.26953125,0.0732421875,1.20849609375,0.37841796875,0.244140625,-0.048828125,0.927734375,-0.25634765625,0,-0.0244140625,1.25732421875,-0.25634765625,-1.01318359375,0.048828125,-0.40283203125,0.146484375,-1.0498046875,0.01220703125,-0.79345703125,-0.1708984375,3.13720703125,-0.20751953125,9.68017578125,-0.09765625,5.11474609375,-0.01220703125,4.9072265625,0.13427734375,-0.7080078125,-0.25634765625,-0.74462890625,-0.08544921875,-0.6103515625,0.048828125,-0.08544921875,0,2.4658203125,0.1708984375,3.80859375,0.01220703125,1.66015625,0.1220703125,3.96728515625,-0.10986328125,0.341796875,-0.146484375,0.0244140625,-0.0732421875,-0.048828125,-0.048828125,0.1953125,-0.1953125,-0.08544921875,-0.10986328125,0.79345703125,-0.06103515625,-0.47607421875,-0.03662109375,-0.5615234375
0,-0.29296875,-0.390625,-0.0732421875,-0.37841796875,0.048828125,-0.439453125,-0.390625,-0.08544921875,-0.1220703125,-0.08544921875,0.1953125,-0.86669921875,-0.42724609375,1.07421875,-0.2197265625,-0.146484375,-0.1708984375,-0.5615234375,0.06103515625,-0.146484375,-0.20751953125,0.87890625,-0.30517578125,-0.6103515625,0.08544921875,0.76904296875,-0.146484375,0.1220703125,0.09765625,2.2216796875,0.20751953125,1.40380859375,0.01220703125,-0.3173828125,-0.01220703125,-0.87890625,-0.29296875,-0.52490234375,0.32958984375,-0.5859375,-0.439453125,-0.23193359375,-0.03662109375,-0.69580078125,-0.25634765625,-0.390625,0.10986328125,0.634765625,-0.29296875,1.1474609375,-0.341796875,0.439453125,0.08544921875,0.01220703125,0.1220703125,0.68359375,-0.4638671875,0.84228515625,-0.3662109375,0.48828125,0.52490234375,0.47607421875,-0.13427734375,0.45166015625,-0.10986328125,7.958984375,0.1953125,2.1240234375,0.03662109375,1.40380859375,0.06103515625,1.3671875,0.40283203125,0.25634765625,-0.13427734375,0.9033203125,-0.28076171875,0,0.01220703125,1.28173828125,-0.23193359375,-0.9765625,0.0244140625,-0.40283203125,0.0732421875,-1.025390625,0.01220703125,-0.79345703125,-0.18310546875,3.03955078125,-0.20751953125,9.50927734375,-0.03662109375,5.0048828125,-0.0244140625,4.79736328125,0.10986328125,-0.72021484375,-0.1953125,-0.76904296875,-0.06103515625,-0.59814453125,0,-0.08544921875,-0.01220703125,2.4658203125,0.048828125,3.69873046875,0.0732421875,1.6357421875,0.1220703125,3.96728515625,-0.0732421875,0.341796875,-0.13427734375,0.01220703125,-0.06103515625,-0.03662109375,-0.0244140625,0.1953125,-0.1953125,-0.09765625,-0.1220703125,0.78125,-0.03662109375,-0.47607421875,-0.03662109375,-0.5615234375
0,-0.30517578125,-0.390625,-0.03662109375,-0.37841796875,0.06103515625,-0.45166015625,-0.37841796875,-0.09765625,-0.15869140625,-0.10986328125,0.20751953125,-0.89111328125,-0.4150390625,1.07421875,-0.2685546875,-0.146484375,-0.244140625,-0.5615234375,0.06103515625,-0.1708984375,-0.2685546875,0.87890625,-0.28076171875,-0.59814453125,0.01220703125,0.6591796875,-0.13427734375,-0.03662109375,0.13427734375,2.1240234375,0.10986328125,1.26953125,0.10986328125,-0.3173828125,0.0244140625,-0.87890625,-0.25634765625,-0.48828125,0.341796875,-0.634765625,-0.40283203125,-0.2197265625,-0.08544921875,-0.69580078125,-0.2197265625,-0.390625,0.10986328125,0.6103515625,-0.2685546875,1.1474609375,-0.25634765625,0.439453125,0.0732421875,0.0244140625,0.15869140625,0.67138671875,-0.42724609375,0.7568359375,-0.32958984375,0.42724609375,0.5859375,0.341796875,-0.0732421875,0.3662109375,-0.1220703125,8.642578125,0.2197265625,2.18505859375,0.06103515625,1.47705078125,0.01220703125,1.4404296875,0.390625,0.23193359375,-0.1708984375,0.9033203125,-0.2685546875,0,0.01220703125,1.26953125,-0.1708984375,-1.0009765625,0.0244140625,-0.4150390625,-0.048828125,-1.01318359375,0.08544921875,-0.79345703125,-0.1220703125,2.7587890625,-0.1708984375,8.92333984375,0.01220703125,4.72412109375,-0.01220703125,4.45556640625,0.048828125,-0.72021484375,-0.15869140625,-0.76904296875,-0.03662109375,-0.5859375,-0.048828125,-0.08544921875,-0.03662109375,2.587890625,-0.10986328125,3.84521484375,0.0732421875,1.74560546875,0.09765625,4.11376953125,-0.0732421875,0.32958984375,-0.146484375,0.01220703125,-0.08544921875,-0.0244140625,0.0244140625,0.1953125,-0.23193359375,-0.08544921875,-0.13427734375,0.79345703125,-0.048828125,-0.47607421875,-0.06103515625,-0.54931640625
0,-0.3173828125,-0.390625,-0.048828125,-0.390625,0.06103515625,-0.439453125,-0.37841796875,-0.09765625,-0.1953125,-0.08544921875,0.244140625,-0.9033203125,-0.37841796875,1.06201171875,-0.3173828125,-0.18310546875,-0.29296875,-0.537109375,0.03662109375,-0.146484375,-0.3173828125,0.91552734375,-0.23193359375,-0.6103515625,-0.048828125,0.5126953125,-0.1708984375,-0.2685546875,0.13427734375,1.98974609375,-0.06103515625,1.123046875,0.23193359375,-0.32958984375,-0.0244140625,-0.87890625,-0.1953125,-0.48828125,0.30517578125,-0.67138671875,-0.3662109375,-0.20751953125,-0.10986328125,-0.68359375,-0.146484375,-0.37841796875,0.1220703125,0.6103515625,-0.32958984375,1.15966796875,-0.15869140625,0.439453125,0.03662109375,0.048828125,0.146484375,0.69580078125,-0.390625,0.634765625,-0.35400390625,0.35400390625,0.69580078125,0.30517578125,-0.0732421875,0.28076171875,-0.13427734375,8.984375,0.20751953125,2.197265625,0.1220703125,1.4892578125,-0.0244140625,1.47705078125,0.3662109375,0.244140625,-0.1708984375,0.87890625,-0.20751953125,0.01220703125,-0.01220703125,1.26953125,-0.08544921875,-0.98876953125,0.03662109375,-0.40283203125,-0.10986328125,-1.0009765625,0.1220703125,-0.78125,-0.13427734375,2.34375,-0.08544921875,8.0810546875,0.0732421875,4.28466796875,-0.0732421875,3.94287109375,0,-0.732421875,-0.1220703125,-0.7568359375,-0.0244140625,-0.5615234375,-0.08544921875,-0.0732421875,-0.048828125,2.83203125,-0.23193359375,4.16259765625,0.0732421875,1.94091796875,0.08544921875,4.35791015625,-0.06103515625,0.32958984375,-0.13427734375,0.01220703125,-0.06103515625,0,0.0244140625,0.1953125,-0.23193359375,-0.048828125,-0.146484375,0.8056640625,-0.048828125,-0.48828125,-0.08544921875,-0.54931640625
0,-0.30517578125,-0.40283203125,-0.06103515625,-0.3662109375,0.06103515625,-0.439453125,-0.37841796875,-0.09765625,-0.20751953125,-0.0732421875,0.244140625,-0.9033203125,-0.341796875,1.0986328125,-0.341796875,-0.146484375,-0.30517578125,-0.537109375,0.01220703125,-0.146484375,-0.32958984375,0.91552734375,-0.1708984375,-0.6103515625,-0.1708984375,0.341796875,-0.23193359375,-0.52490234375,0.09765625,1.79443359375,-0.20751953125,0.93994140625,0.341796875,-0.341796875,-0.048828125,-0.89111328125,-0.15869140625,-0.439453125,0.20751953125,-0.72021484375,-0.4150390625,-0.20751953125,-0.08544921875,-0.69580078125,-0.06103515625,-0.40283203125,0.0732421875,0.6103515625,-0.3662109375,1.13525390625,-0.18310546875,0.4638671875,-0.03662109375,0.0244140625,0.13427734375,0.7080078125,-0.35400390625,0.5859375,-0.30517578125,0.29296875,0.69580078125,0.42724609375,-0.0244140625,0.20751953125,-0.08544921875,9.02099609375,0.15869140625,2.18505859375,0.15869140625,1.45263671875,-0.0732421875,1.46484375,0.3662109375,0.23193359375,-0.1953125,0.8544921875,-0.13427734375,-0.0244140625,-0.03662109375,1.25732421875,-0.048828125,-1.025390625,0.03662109375,-0.40283203125,-0.18310546875,-0.98876953125,0.10986328125,-0.8056640625,-0.10986328125,1.85546875,0.01220703125,7.09228515625,0.10986328125,3.77197265625,-0.0732421875,3.3447265625,-0.0244140625,-0.74462890625,-0.09765625,-0.7568359375,-0.0244140625,-0.54931640625,-0.08544921875,-0.08544921875,-0.0732421875,3.125,-0.2685546875,4.60205078125,0.03662109375,2.13623046875,0.06103515625,4.62646484375,-0.0732421875,0.35400390625,-0.10986328125,0.01220703125,-0.06103515625,0,0.03662109375,0.1953125,-0.244140625,-0.03662109375,-0.146484375,0.8056640625,-0.06103515625,-0.47607421875,-0.08544921875,-0.52490234375
0,-0.28076171875,-0.40283203125,-0.08544921875,-0.35400390625,0.0732421875,-0.45166015625,-0.37841796875,-0.09765625,-0.2197265625,-0.06103515625,0.244140625,-0.91552734375,-0.3173828125,1.0986328125,-0.32958984375,-0.15869140625,-0.3173828125,-0.52490234375,-0.01220703125,-0.13427734375,-0.30517578125,0.91552734375,-0.146484375,-0.59814453125,-0.25634765625,0.18310546875,-0.25634765625,-0.732421875,0.0244140625,1.611328125,-0.30517578125,0.76904296875,0.40283203125,-0.3173828125,-0.0732421875,-0.91552734375,-0.18310546875,-0.45166015625,0.146484375,-0.8056640625,-0.4638671875,-0.1953125,-0.0732421875,-0.69580078125,-0.03662109375,-0.40283203125,0.03662109375,0.634765625,-0.35400390625,1.13525390625,-0.18310546875,0.48828125,-0.09765625,0,0.146484375,0.74462890625,-0.40283203125,0.54931640625,-0.2197265625,0.29296875,0.7080078125,0.69580078125,0.048828125,0.1953125,-0.0244140625,8.77685546875,0.08544921875,2.1240234375,0.1708984375,1.416015625,-0.13427734375,1.40380859375,0.3173828125,0.20751953125,-0.18310546875,0.81787109375,-0.10986328125,-0.01220703125,-0.0732421875,1.28173828125,-0.01220703125,-1.01318359375,0.09765625,-0.40283203125,-0.2685546875,-0.96435546875,0.09765625,-0.8056640625,-0.06103515625,1.40380859375,0.09765625,6.0791015625,0.1220703125,3.22265625,-0.048828125,2.74658203125,-0.01220703125,-0.74462890625,-0.06103515625,-0.7568359375,-0.0244140625,-0.54931640625,-0.08544921875,-0.08544921875,-0.048828125,3.3203125,-0.3173828125,4.96826171875,-0.0244140625,2.294921875,0.03662109375,4.8095703125,-0.08544921875,0.35400390625,-0.09765625,0.0244140625,-0.06103515625,0.0244140625,0.048828125,0.1953125,-0.244140625,-0.0244140625,-0.15869140625,0.8056640625,-0.06103515625,-0.4638671875,-0.1220703125,-0.52490234375
0,-0.28076171875,-0.40283203125,-0.08544921875,-0.3662109375,0.08544921875,-0.439453125,-0.40283203125,-0.08544921875,-0.1953125,-0.03662109375,0.2197265625,-0.9033203125,-0.3173828125,1.08642578125,-0.28076171875,-0.13427734375,-0.25634765625,-0.537109375,-0.048828125,-0.13427734375,-0.29296875,0.927734375,-0.13427734375,-0.5859375,-0.32958984375,0.0732421875,-0.2685546875,-0.89111328125,-0.06103515625,1.50146484375,-0.3173828125,0.6591796875,0.42724609375,-0.29296875,-0.1220703125,-0.9033203125,-0.15869140625,-0.4638671875,0.0732421875,-0.81787109375,-0.52490234375,-0.2197265625,-0.01220703125,-0.7080078125,-0.0244140625,-0.37841796875,-0.0244140625,0.6103515625,-0.341796875,1.123046875,-0.2197265625,0.47607421875,-0.15869140625,-0.03662109375,0.1220703125,0.732421875,-0.390625,0.6103515625,-0.15869140625,0.32958984375,0.7080078125,1.07421875,0.1220703125,0.244140625,0,8.2763671875,0.03662109375,2.01416015625,0.146484375,1.318359375,-0.1953125,1.28173828125,0.2197265625,0.20751953125,-0.18310546875,0.8056640625,-0.06103515625,-0.0244140625,-0.08544921875,1.30615234375,-0.01220703125,-1.03759765625,0.13427734375,-0.4150390625,-0.30517578125,-0.96435546875,0,-0.81787109375,-0.0244140625,0.927734375,0.15869140625,5.126953125,0.09765625,2.72216796875,-0.01220703125,2.197265625,-0.01220703125,-0.732421875,-0.048828125,-0.74462890625,-0.01220703125,-0.5615234375,-0.0732421875,-0.10986328125,-0.01220703125,3.35693359375,-0.30517578125,5.11474609375,-0.08544921875,2.3193359375,0,4.87060546875,-0.08544921875,0.35400390625,-0.0732421875,0.0244140625,-0.0732421875,0.0244140625,0.048828125,0.1953125,-0.2685546875,0,-0.15869140625,0.81787109375,-0.048828125,-0.4638671875,-0.10986328125,-0.52490234375
0,-0.28076171875,-0.42724609375,-0.048828125,-0.35400390625,0.10986328125,-0.4150390625,-0.390625,-0.08544921875,-0.244140625,-0.0244140625,0.23193359375,-0.9033203125,-0.28076171875,1.08642578125,-0.25634765625,-0.13427734375,-0.1708984375,-0.54931640625,-0.03662109375,-0.1220703125,-0.2197265625,0.927734375,-0.13427734375,-0.5859375,-0.3662109375,0.03662109375,-0.32958984375,-0.93994140625,-0.1220703125,1.40380859375,-0.25634765625,0.59814453125,0.390625,-0.28076171875,-0.1708984375,-0.91552734375,-0.1708984375,-0.439453125,0.03662109375,-0.84228515625,-0.59814453125,-0.2197265625,0.0732421875,-0.7080078125,-0.0732421875,-0.37841796875,-0.06103515625,0.634765625,-0.30517578125,1.13525390625,-0.13427734375,0.48828125,-0.15869140625,-0.10986328125,0.10986328125,0.72021484375,-0.45166015625,0.7568359375,-0.0732421875,0.47607421875,0.76904296875,1.5625,0.18310546875,0.4150390625,0.01220703125,7.5927734375,-0.01220703125,1.91650390625,0.0732421875,1.1962890625,-0.20751953125,1.18408203125,0.1220703125,0.20751953125,-0.18310546875,0.8056640625,-0.06103515625,-0.0244140625,-0.146484375,1.30615234375,-0.03662109375,-1.03759765625,0.15869140625,-0.42724609375,-0.341796875,-0.98876953125,-0.048828125,-0.8056640625,0.0244140625,0.5126953125,0.18310546875,4.33349609375,0.10986328125,2.25830078125,0.03662109375,1.6845703125,0.0244140625,-0.7080078125,-0.03662109375,-0.76904296875,-0.0244140625,-0.5859375,-0.03662109375,-0.1220703125,0.0244140625,3.22265625,-0.3173828125,4.94384765625,-0.1953125,2.20947265625,-0.048828125,4.69970703125,-0.0732421875,0.35400390625,-0.0732421875,0.03662109375,-0.0732421875,0.03662109375,0.048828125,0.2197265625,-0.244140625,0,-0.146484375,0.84228515625,-0.06103515625,-0.47607421875,-0.0732421875,-0.52490234375
0,-0.2685546875,-0.40283203125,-0.03662109375,-0.3662109375,0.13427734375,-0.4150390625,-0.40283203125,-0.0732421875,-0.244140625,-0.01220703125,0.1953125,-0.89111328125,-0.29296875,1.11083984375,-0.20751953125,-0.146484375,-0.09765625,-0.54931640625,0,-0.09765625,-0.15869140625,0.927734375,-0.1953125,-0.59814453125,-0.3173828125,0.03662109375,-0.2685546875,-0.89111328125,-0.18310546875,1.37939453125,-0.146484375,0.59814453125,0.30517578125,-0.2685546875,-0.20751953125,-0.89111328125,-0.2197265625,-0.45166015625,0.01220703125,-0.86669921875,-0.68359375,-0.2197265625,0.13427734375,-0.72021484375,-0.146484375,-0.390625,-0.0732421875,0.64697265625,-0.2685546875,1.15966796875,-0.1220703125,0.4638671875,-0.18310546875,-0.1953125,0.10986328125,0.72021484375,-0.50048828125,1.0498046875,-0.03662109375,0.7080078125,0.830078125,2.08740234375,0.15869140625,0.67138671875,0,6.75048828125,-0.06103515625,1.7822265625,0,1.0498046875,-0.2197265625,1.025390625,0.048828125,0.2197265625,-0.15869140625,0.84228515625,-0.06103515625,-0.01220703125,-0.13427734375,1.318359375,-0.0732421875,-1.03759765625,0.1708984375,-0.4150390625,-0.3662109375,-0.98876953125,-0.0732421875,-0.79345703125,0.03662109375,0.18310546875,0.13427734375,3.62548828125,0.08544921875,1.84326171875,0.06103515625,1.25732421875,0.0732421875,-0.7080078125,-0.01220703125,-0.76904296875,-0.0244140625,-0.59814453125,-0.0244140625,-0.1220703125,0.08544921875,2.86865234375,-0.10986328125,4.39453125,-0.1953125,1.91650390625,-0.01220703125,4.33349609375,-0.06103515625,0.37841796875,-0.06103515625,0.0244140625,-0.06103515625,0.03662109375,0.03662109375,0.20751953125,-0.2197265625,0,-0.13427734375,0.84228515625,-0.08544921875,-0.4638671875,-0.0244140625,-0.5126953125
0,-0.30517578125,-0.4150390625,-0.06103515625,-0.37841796875,0.1220703125,-0.42724609375,-0.439453125,-0.06103515625,-0.2197265625,-0.01220703125,0.146484375,-0.87890625,-0.244140625,1.0986328125,-0.1953125,-0.1708984375,-0.03662109375,-0.5615234375,0.048828125,-0.09765625,-0.1220703125,0.927734375,-0.25634765625,-0.59814453125,-0.4150390625,0.08544921875,-0.341796875,-0.79345703125,-0.29296875,1.416015625,-0.1220703125,0.59814453125,0.20751953125,-0.2685546875,-0.2685546875,-0.9033203125,-0.2197265625,-0.439453125,-0.0244140625,-0.84228515625,-0.72021484375,-0.2197265625,0.1953125,-0.72021484375,-0.1953125,-0.37841796875,-0.08544921875,0.634765625,-0.2197265625,1.15966796875,-0.146484375,0.45166015625,-0.23193359375,-0.25634765625,0.048828125,0.69580078125,-0.52490234375,1.42822265625,0.03662109375,1.01318359375,0.93994140625,2.64892578125,0.146484375,1.0498046875,0.048828125,5.82275390625,-0.10986328125,1.64794921875,-0.048828125,0.89111328125,-0.20751953125,0.8544921875,-0.0732421875,0.2197265625,-0.1220703125,0.8544921875,-0.0732421875,-0.01220703125,-0.08544921875,1.30615234375,-0.13427734375,-1.06201171875,0.15869140625,-0.40283203125,-0.32958984375,-1.0009765625,-0.0732421875,-0.79345703125,0.03662109375,-0.10986328125,0.10986328125,3.0517578125,0.09765625,1.50146484375,0.10986328125,0.89111328125,0.0732421875,-0.69580078125,0.01220703125,-0.76904296875,0,-0.62255859375,0.01220703125,-0.13427734375,0.146484375,2.3193359375,0.01220703125,3.47900390625,-0.2197265625,1.45263671875,-0.01220703125,3.759765625,-0.06103515625,0.37841796875,-0.0732421875,0.01220703125,-0.06103515625,0.03662109375,0.03662109375,0.2197265625,-0.2197265625,0,-0.1220703125,0.84228515625,-0.0732421875,-0.4638671875,0.01220703125,-0.52490234375
0,-0.30517578125,-0.4150390625,-0.06103515625,-0.37841796875,0.10986328125,-0.42724609375,-0.439453125,-0.08544921875,-0.2197265625,-0.03662109375,0.146484375,-0.87890625,-0.1953125,1.0986328125,-0.1708984375,-0.15869140625,-0.0244140625,-0.5859375,0.08544921875,-0.10986328125,-0.0732421875,0.927734375,-0.2685546875,-0.59814453125,-0.37841796875,0.10986328125,-0.30517578125,-0.67138671875,-0.244140625,1.416015625,-0.01220703125,0.62255859375,0.1220703125,-0.29296875,-0.28076171875,-0.8544921875,-0.2197265625,-0.439453125,-0.0244140625,-0.830078125,-0.68359375,-0.2197265625,0.20751953125,-0.732421875,-0.244140625,-0.390625,-0.08544921875,0.64697265625,-0.18310546875,1.1962890625,-0.25634765625,0.42724609375,-0.3173828125,-0.28076171875,-0.03662109375,0.69580078125,-0.5859375,1.904296875,0.0732421875,1.35498046875,0.86669921875,3.22265625,0.15869140625,1.4892578125,0.08544921875,4.87060546875,-0.1708984375,1.513671875,-0.1220703125,0.732421875,-0.1953125,0.732421875,-0.18310546875,0.23193359375,-0.10986328125,0.8544921875,-0.0732421875,0,-0.06103515625,1.30615234375,-0.1953125,-1.0498046875,0.13427734375,-0.390625,-0.2685546875,-1.025390625,-0.06103515625,-0.76904296875,0.048828125,-0.341796875,0.03662109375,2.55126953125,0.15869140625,1.20849609375,0.1220703125,0.5615234375,0.06103515625,-0.69580078125,0.01220703125,-0.8056640625,0.03662109375,-0.6103515625,-0.0244140625,-0.1220703125,0.1953125,1.66015625,0.1220703125,2.33154296875,-0.20751953125,0.9033203125,0,3.076171875,-0.06103515625,0.3662109375,-0.08544921875,0.01220703125,-0.06103515625,0.0244140625,0.03662109375,0.23193359375,-0.1708984375,-0.0244140625,-0.10986328125,0.830078125,-0.08544921875,-0.45166015625,0.03662109375,-0.52490234375
1,-0.32958984375,-0.4150390625,-0.0732421875,-0.390625,0.1220703125,-0.45166015625,-0.45166015625,-0.0732421875,-0.23193359375,-0.048828125,0.15869140625,-0.87890625,-0.15869140625,1.11083984375,-0.146484375,-0.15869140625,0,-0.5859375,0.1220703125,-0.10986328125,-0.09765625,0.927734375,-0.28076171875,-0.59814453125,-0.2685546875,0.146484375,-0.146484375,-0.5615234375,-0.13427734375,1.42822265625,0.0244140625,0.634765625,0.0732421875,-0.29296875,-0.3662109375,-0.8544921875,-0.1953125,-0.45166015625,0,-0.81787109375,-0.59814453125,-0.2197265625,0.20751953125,-0.732421875,-0.28076171875,-0.3662109375,0,0.64697265625,-0.09765625,1.20849609375,-0.30517578125,0.4150390625,-0.341796875,-0.3173828125,-0.1220703125,0.67138671875,-0.5615234375,2.40478515625,0.13427734375,1.7333984375,1.123046875,3.77197265625,0.13427734375,1.98974609375,0.06103515625,3.91845703125,-0.2197265625,1.37939453125,-0.1708984375,0.5859375,-0.15869140625,0.59814453125,-0.25634765625,0.2197265625,-0.0732421875,0.9033203125,-0.09765625,-0.0244140625,0.01220703125,1.28173828125,-0.1953125,-1.03759765625,0.06103515625,-0.37841796875,-0.2197265625,-1.025390625,-0.01220703125,-0.78125,0.01220703125,-0.62255859375,-0.03662109375,2.05078125,0.2197265625,0.89111328125,0.09765625,0.2197265625,0.048828125,-0.67138671875,0.0244140625,-0.8056640625,0.048828125,-0.5859375,-0.048828125,-0.146484375,0.18310546875,0.927734375,0.244140625,1.07421875,-0.1708984375,0.32958984375,-0.01220703125,2.34375,-0.0732421875,0.3662109375,-0.03662109375,0.01220703125,-0.0732421875,0,0.01220703125,0.23193359375,-0.13427734375,-0.0244140625,-0.10986328125,0.81787109375,-0.01220703125,-0.47607421875,0.0244140625,-0.537109375
1,-0.3173828125,-0.4150390625,-0.048828125,-0.37841796875,0.13427734375,-0.45166015625,-0.48828125,-0.06103515625,-0.2685546875,-0.06103515625,0.146484375,-0.87890625,-0.09765625,1.0986328125,-0.09765625,-0.13427734375,0.01220703125,-0.57373046875,0.10986328125,-0.10986328125,-0.146484375,0.9033203125,-0.25634765625,-0.6103515625,-0.28076171875,0.13427734375,-0.2197265625,-0.5126953125,-0.08544921875,1.40380859375,-0.048828125,0.59814453125,0.08544921875,-0.3173828125,-0.42724609375,-0.8544921875,-0.1708984375,-0.47607421875,0.06103515625,-0.78125,-0.45166015625,-0.2197265625,0.23193359375,-0.72021484375,-0.29296875,-0.390625,0.01220703125,0.6591796875,-0.048828125,1.20849609375,-0.35400390625,0.4150390625,-0.35400390625,-0.29296875,-0.1220703125,0.68359375,-0.537109375,2.91748046875,0.2197265625,2.08740234375,0.93994140625,4.3212890625,0.1220703125,2.47802734375,0.06103515625,3.0029296875,-0.2685546875,1.28173828125,-0.20751953125,0.45166015625,-0.10986328125,0.47607421875,-0.30517578125,0.2197265625,-0.0732421875,0.89111328125,-0.10986328125,-0.0244140625,0.10986328125,1.28173828125,-0.1708984375,-1.025390625,0.0244140625,-0.390625,-0.1708984375,-1.01318359375,0.03662109375,-0.79345703125,-0.03662109375,-0.89111328125,-0.0732421875,1.5380859375,0.2685546875,0.5615234375,0.048828125,-0.146484375,0.048828125,-0.68359375,0.03662109375,-0.8056640625,0.08544921875,-0.5859375,-0.048828125,-0.13427734375,0.13427734375,0.29296875,0.29296875,-0.13427734375,-0.146484375,-0.20751953125,-0.06103515625,1.67236328125,-0.06103515625,0.341796875,-0.03662109375,0.01220703125,-0.06103515625,-0.0244140625,0,0.20751953125,-0.13427734375,-0.03662109375,-0.1220703125,0.79345703125,0,-0.50048828125,0.048828125,-0.52490234375
1,-0.32958984375,-0.40283203125,-0.06103515625,-0.37841796875,0.146484375,-0.47607421875,-0.4638671875,-0.06103515625,-0.28076171875,-0.08544921875,0.13427734375,-0.89111328125,-0.08544921875,1.08642578125,-0.09765625,-0.13427734375,0.01220703125,-0.57373046875,0.0732421875,-0.13427734375,-0.2197265625,0.89111328125,-0.23193359375,-0.6103515625,-0.10986328125,0.09765625,-0.10986328125,-0.48828125,0.09765625,1.37939453125,-0.03662109375,0.54931640625,0.13427734375,-0.32958984375,-0.45166015625,-0.8544921875,-0.15869140625,-0.4638671875,0.13427734375,-0.7568359375,-0.3173828125,-0.2197265625,0.30517578125,-0.7080078125,-0.28076171875,-0.40283203125,0.0732421875,0.67138671875,-0.048828125,1.20849609375,-0.37841796875,0.439453125,-0.341796875,-0.25634765625,-0.1708984375,0.68359375,-0.47607421875,3.369140625,0.244140625,2.40478515625,0.927734375,4.78515625,0.048828125,2.91748046875,0.048828125,2.1728515625,-0.29296875,1.1474609375,-0.2197265625,0.35400390625,-0.0732421875,0.35400390625,-0.3173828125,0.23193359375,-0.09765625,0.91552734375,-0.09765625,-0.0244140625,0.1953125,1.2939453125,-0.1708984375,-1.01318359375,-0.03662109375,-0.390625,-0.08544921875,-1.025390625,0.06103515625,-0.8056640625,-0.09765625,-1.1962890625,-0.13427734375,0.93994140625,0.30517578125,0.2197265625,-0.0244140625,-0.537109375,0.06103515625,-0.68359375,0,-0.79345703125,0.0732421875,-0.54931640625,-0.09765625,-0.13427734375,0.1220703125,-0.18310546875,0.37841796875,-1.06201171875,-0.09765625,-0.6103515625,-0.0732421875,1.171875,-0.0732421875,0.32958984375,-0.048828125,0.01220703125,-0.0732421875,-0.03662109375,0.0244140625,0.1953125,-0.1220703125,-0.0244140625,-0.0732421875,0.78125,0.03662109375,-0.50048828125,0.03662109375,-0.54931640625
1,-0.32958984375,-0.4150390625,-0.048828125,-0.390625,0.15869140625,-0.47607421875,-0.4638671875,-0.0732421875,-0.29296875,-0.10986328125,0.10986328125,-0.87890625,-0.048828125,1.08642578125,-0.0732421875,-0.15869140625,0.03662109375,-0.57373046875,0.048828125,-0.13427734375,-0.32958984375,0.87890625,-0.244140625,-0.59814453125,0,0.03662109375,-0.08544921875,-0.54931640625,0.1953125,1.2939453125,-0.0732421875,0.47607421875,0.2197265625,-0.35400390625,-0.4638671875,-0.8544921875,-0.1953125,-0.4638671875,0.20751953125,-0.732421875,-0.1953125,-0.1953125,0.3662109375,-0.7080078125,-0.2197265625,-0.390625,0.09765625,0.67138671875,-0.0732421875,1.1962890625,-0.40283203125,0.45166015625,-0.2685546875,-0.2197265625,-0.23193359375,0.68359375,-0.42724609375,3.7109375,0.25634765625,2.63671875,1.0009765625,5.224609375,0.0244140625,3.2470703125,0.048828125,1.50146484375,-0.29296875,1.07421875,-0.1953125,0.25634765625,-0.08544921875,0.28076171875,-0.35400390625,0.23193359375,-0.06103515625,0.89111328125,-0.10986328125,-0.03662109375,0.23193359375,1.28173828125,-0.146484375,-1.01318359375,-0.048828125,-0.37841796875,-0.01220703125,-1.01318359375,0.06103515625,-0.81787109375,-0.1708984375,-1.513671875,-0.146484375,0.30517578125,0.29296875,-0.15869140625,-0.08544921875,-0.9765625,0.048828125,-0.69580078125,-0.06103515625,-0.76904296875,0,-0.5126953125,-0.10986328125,-0.1220703125,0.09765625,-0.4150390625,0.341796875,-1.62353515625,-0.03662109375,-0.8056640625,-0.09765625,0.91552734375,-0.06103515625,0.32958984375,-0.048828125,0.01220703125,-0.08544921875,-0.0244140625,0.03662109375,0.1953125,-0.1220703125,-0.0244140625,-0.048828125,0.76904296875,0.048828125,-0.52490234375,0.03662109375,-0.5615234375
1,-0.29296875,-0.390625,-0.048828125,-0.37841796875,0.1708984375,-0.48828125,-0.50048828125,-0.08544921875,-0.2685546875,-0.09765625,0.10986328125,-0.9033203125,-0.03662109375,1.08642578125,-0.0732421875,-0.146484375,0.0244140625,-0.5615234375,0.01220703125,-0.146484375,-0.37841796875,0.86669921875,-0.1953125,-0.62255859375,0.06103515625,-0.03662109375,-0.1220703125,-0.62255859375,0.23193359375,1.1962890625,-0.0732421875,0.40283203125,0.28076171875,-0.35400390625,-0.4638671875,-0.86669921875,-0.18310546875,-0.4638671875,0.29296875,-0.72021484375,-0.1220703125,-0.20751953125,0.42724609375,-0.69580078125,-0.10986328125,-0.390625,0.08544921875,0.6591796875,-0.18310546875,1.1962890625,-0.40283203125,0.48828125,-0.1953125,-0.1708984375,-0.28076171875,0.69580078125,-0.32958984375,3.9306640625,0.29296875,2.79541015625,0.96435546875,5.5419921875,0.048828125,3.45458984375,0.0244140625,0.9033203125,-0.30517578125,0.98876953125,-0.146484375,0.15869140625,-0.1220703125,0.1953125,-0.32958984375,0.23193359375,-0.0244140625,0.86669921875,-0.06103515625,-0.0244140625,0.25634765625,1.2939453125,-0.146484375,-1.025390625,-0.06103515625,-0.40283203125,0.06103515625,-1.01318359375,0.03662109375,-0.81787109375,-0.23193359375,-1.84326171875,-0.1953125,-0.32958984375,0.2197265625,-0.52490234375,-0.13427734375,-1.42822265625,0.03662109375,-0.72021484375,-0.10986328125,-0.74462890625,-0.0244140625,-0.52490234375,-0.13427734375,-0.1220703125,0.06103515625,-0.3662109375,0.2197265625,-1.64794921875,-0.048828125,-0.76904296875,-0.0732421875,0.93994140625,-0.0732421875,0.30517578125,-0.03662109375,0.01220703125,-0.08544921875,-0.03662109375,0.0244140625,0.18310546875,-0.1220703125,-0.03662109375,-0.06103515625,0.74462890625,0.01220703125,-0.52490234375,0.03662109375,-0.5615234375
1,-0.28076171875,-0.40283203125,-0.0732421875,-0.390625,0.13427734375,-0.48828125,-0.5126953125,-0.08544921875,-0.29296875,-0.0732421875,0.09765625,-0.9033203125,-0.048828125,1.0986328125,-0.03662109375,-0.1708984375,-0.03662109375,-0.537109375,-0.06103515625,-0.15869140625,-0.37841796875,0.86669921875,-0.2197265625,-0.6103515625,0.08544921875,-0.0732421875,-0.18310546875,-0.7080078125,0.18310546875,1.123046875,-0.0732421875,0.37841796875,0.30517578125,-0.341796875,-0.47607421875,-0.86669921875,-0.18310546875,-0.45166015625,0.3173828125,-0.732421875,-0.1220703125,-0.20751953125,0.4150390625,-0.69580078125,-0.0244140625,-0.37841796875,0.13427734375,0.6591796875,-0.244140625,1.18408203125,-0.4150390625,0.48828125,-0.10986328125,-0.146484375,-0.341796875,0.72021484375,-0.2685546875,4.01611328125,0.28076171875,2.81982421875,0.96435546875,5.79833984375,-0.048828125,3.55224609375,-0.048828125,0.47607421875,-0.29296875,0.96435546875,-0.0732421875,0.146484375,-0.1708984375,0.146484375,-0.28076171875,0.23193359375,0.01220703125,0.830078125,0,-0.03662109375,0.25634765625,1.26953125,-0.15869140625,-1.0498046875,-0.0244140625,-0.40283203125,0.08544921875,-0.98876953125,0,-0.830078125,-0.28076171875,-2.1484375,-0.25634765625,-0.89111328125,0.10986328125,-0.86669921875,-0.15869140625,-1.8310546875,0.0244140625,-0.732421875,-0.09765625,-0.7568359375,-0.08544921875,-0.537109375,-0.15869140625,-0.1220703125,0.048828125,-0.048828125,0.1953125,-1.15966796875,0,-0.47607421875,0,1.2939453125,-0.06103515625,0.3173828125,-0.03662109375,0.01220703125,-0.06103515625,-0.048828125,0.03662109375,0.1708984375,-0.15869140625,-0.01220703125,-0.0244140625,0.7568359375,0.048828125,-0.5126953125,0.06103515625,-0.57373046875
1,-0.244140625,-0.390625,-0.10986328125,-0.390625,0.1220703125,-0.45166015625,-0.50048828125,-0.08544921875,-0.2685546875,-0.06103515625,0.0732421875,-0.9033203125,-0.048828125,1.07421875,-0.0244140625,-0.18310546875,-0.0732421875,-0.537109375,-0.10986328125,-0.1708984375,-0.35400390625,0.86669921875,-0.244140625,-0.6103515625,0.13427734375,-0.06103515625,-0.2197265625,-0.74462890625,0.10986328125,1.11083984375,0.03662109375,0.4150390625,0.29296875,-0.341796875,-0.40283203125,-0.87890625,-0.13427734375,-0.439453125,0.35400390625,-0.7568359375,-0.13427734375,-0.1953125,0.439453125,-0.69580078125,0.048828125,-0.390625,0.146484375,0.6591796875,-0.29296875,1.171875,-0.40283203125,0.48828125,-0.0732421875,-0.10986328125,-0.37841796875,0.72021484375,-0.244140625,3.955078125,0.28076171875,2.783203125,0.69580078125,5.87158203125,-0.10986328125,3.4912109375,-0.08544921875,0.1220703125,-0.29296875,0.927734375,0.01220703125,0.146484375,-0.23193359375,0.08544921875,-0.23193359375,0.2197265625,0.0732421875,0.8056640625,0.06103515625,-0.0244140625,0.20751953125,1.26953125,-0.1953125,-1.0498046875,0.03662109375,-0.42724609375,0.0732421875,-0.9765625,0.01220703125,-0.81787109375,-0.29296875,-2.3681640625,-0.23193359375,-1.3427734375,0.06103515625,-1.13525390625,-0.09765625,-2.1728515625,-0.0244140625,-0.7080078125,-0.048828125,-0.732421875,-0.1220703125,-0.54931640625,-0.1953125,-0.10986328125,0.08544921875,0.537109375,0.09765625,-0.1708984375,0.01220703125,0.01220703125,0.0732421875,1.89208984375,-0.0732421875,0.3173828125,-0.03662109375,-0.01220703125,-0.06103515625,-0.048828125,0.0244140625,0.15869140625,-0.18310546875,-0.01220703125,-0.01220703125,0.76904296875,0.0244140625,-0.52490234375,0.0732421875,-0.5859375
1,-0.25634765625,-0.390625,-0.10986328125,-0.37841796875,0.1220703125,-0.439453125,-0.5126953125,-0.08544921875,-0.23193359375,-0.03662109375,0.03662109375,-0.89111328125,-0.06103515625,1.08642578125,-0.01220703125,-0.18310546875,-0.10986328125,-0.537109375,-0.13427734375,-0.146484375,-0.30517578125,0.87890625,-0.25634765625,-0.62255859375,0.10986328125,0.01220703125,-0.23193359375,-0.7080078125,-0.048828125,1.171875,0.09765625,0.5126953125,0.2197265625,-0.30517578125,-0.30517578125,-0.89111328125,-0.13427734375,-0.439453125,0.32958984375,-0.78125,-0.23193359375,-0.18310546875,0.42724609375,-0.7080078125,0.06103515625,-0.390625,0.2197265625,0.6591796875,-0.3662109375,1.171875,-0.37841796875,0.50048828125,-0.048828125,-0.13427734375,-0.30517578125,0.732421875,-0.23193359375,3.79638671875,0.30517578125,2.64892578125,0.69580078125,5.82275390625,-0.1708984375,3.3203125,-0.1220703125,-0.09765625,-0.32958984375,0.91552734375,0,0.13427734375,-0.3173828125,0.06103515625,-0.2197265625,0.2197265625,0.10986328125,0.78125,0.08544921875,-0.0244140625,0.1708984375,1.28173828125,-0.2197265625,-1.03759765625,0.10986328125,-0.4150390625,0.048828125,-0.98876953125,0.01220703125,-0.79345703125,-0.25634765625,-2.50244140625,-0.18310546875,-1.611328125,-0.03662109375,-1.28173828125,-0.048828125,-2.38037109375,-0.10986328125,-0.7568359375,0.0244140625,-0.72021484375,-0.18310546875,-0.5615234375,-0.1708984375,-0.10986328125,0.1220703125,1.3427734375,-0.08544921875,1.171875,0,0.6591796875,0.1220703125,2.7099609375,-0.048828125,0.3173828125,-0.01220703125,-0.01220703125,-0.0732421875,-0.048828125,0.0244140625,0.1708984375,-0.1708984375,-0.01220703125,-0.0244140625,0.78125,-0.0244140625,-0.50048828125,0.06103515625,-0.5859375
1,-0.244140625,-0.4150390625,-0.09765625,-0.35400390625,0.13427734375,-0.45166015625,-0.5126953125,-0.08544921875,-0.20751953125,-0.0244140625,0.01220703125,-0.89111328125,-0.08544921875,1.08642578125,0,-0.146484375,-0.10986328125,-0.5615234375,-0.13427734375,-0.1708984375,-0.244140625,0.89111328125,-0.29296875,-0.6103515625,0.0732421875,0.1220703125,-0.1708984375,-0.64697265625,-0.23193359375,1.318359375,0.146484375,0.68359375,0.18310546875,-0.2685546875,-0.2685546875,-0.87890625,-0.146484375,-0.4150390625,0.28076171875,-0.78125,-0.28076171875,-0.1953125,0.3662109375,-0.7080078125,0.06103515625,-0.37841796875,0.20751953125,0.64697265625,-0.390625,1.20849609375,-0.3173828125,0.48828125,-0.01220703125,-0.15869140625,-0.29296875,0.732421875,-0.2197265625,3.5888671875,0.30517578125,2.50244140625,0.6591796875,5.60302734375,-0.23193359375,3.11279296875,-0.1220703125,-0.23193359375,-0.28076171875,0.9033203125,0.048828125,0.1708984375,-0.3173828125,0.048828125,-0.23193359375,0.2197265625,0.146484375,0.79345703125,0.06103515625,0.01220703125,0.1220703125,1.28173828125,-0.1953125,-1.0498046875,0.15869140625,-0.4150390625,-0.01220703125,-0.9765625,0.01220703125,-0.8056640625,-0.2197265625,-2.52685546875,-0.13427734375,-1.67236328125,-0.048828125,-1.33056640625,-0.03662109375,-2.4169921875,-0.1708984375,-0.732421875,0.06103515625,-0.732421875,-0.244140625,-0.5859375,-0.1220703125,-0.10986328125,0.13427734375,2.23388671875,-0.1708984375,2.7587890625,-0.06103515625,1.416015625,0.09765625,3.64990234375,-0.0244140625,0.341796875,-0.01220703125,0.01220703125,-0.0732421875,-0.01220703125,0.0244140625,0.1953125,-0.1708984375,-0.01220703125,-0.0244140625,0.79345703125,-0.01220703125,-0.50048828125,0.03662109375,-0.5615234375
1,-0.25634765625,-0.4150390625,-0.0732421875,-0.37841796875,0.10986328125,-0.439453125,-0.5126953125,-0.0732421875,-0.15869140625,-0.0244140625,-0.01220703125,-0.8544921875,-0.1220703125,1.08642578125,0,-0.13427734375,-0.146484375,-0.5615234375,-0.0732421875,-0.1708984375,-0.20751953125,0.87890625,-0.341796875,-0.59814453125,0.01220703125,0.29296875,-0.13427734375,-0.52490234375,-0.341796875,1.50146484375,0.1220703125,0.86669921875,0.13427734375,-0.25634765625,-0.2197265625,-0.86669921875,-0.146484375,-0.42724609375,0.25634765625,-0.8056640625,-0.341796875,-0.20751953125,0.3662109375,-0.7080078125,0.03662109375,-0.37841796875,0.13427734375,0.634765625,-0.42724609375,1.2451171875,-0.244140625,0.47607421875,0.06103515625,-0.1953125,-0.244140625,0.72021484375,-0.30517578125,3.2958984375,0.341796875,2.30712890625,0.74462890625,5.26123046875,-0.30517578125,2.83203125,-0.09765625,-0.28076171875,-0.2197265625,0.91552734375,0.06103515625,0.1953125,-0.30517578125,0.048828125,-0.25634765625,0.23193359375,0.15869140625,0.76904296875,0.03662109375,0.03662109375,0.048828125,1.2939453125,-0.18310546875,-1.0498046875,0.1953125,-0.40283203125,-0.10986328125,-0.9765625,0.048828125,-0.79345703125,-0.1953125,-2.42919921875,-0.10986328125,-1.55029296875,-0.048828125,-1.23291015625,-0.0244140625,-2.3193359375,-0.20751953125,-0.732421875,0.09765625,-0.72021484375,-0.28076171875,-0.64697265625,-0.048828125,-0.09765625,0.1953125,3.16162109375,-0.23193359375,4.43115234375,-0.03662109375,2.16064453125,0.18310546875,4.60205078125,0,0.341796875,-0.01220703125,0.03662109375,-0.0732421875,0,0.06103515625,0.1953125,-0.1953125,-0.0244140625,-0.03662109375,0.8056640625,-0.0244140625,-0.47607421875,0.06103515625,-0.57373046875
1,-0.23193359375,-0.42724609375,-0.0732421875,-0.35400390625,0.1220703125,-0.439453125,-0.50048828125,-0.0732421875,-0.1220703125,-0.0244140625,-0.0244140625,-0.84228515625,-0.1708984375,1.08642578125,-0.01220703125,-0.1220703125,-0.13427734375,-0.5859375,-0.01220703125,-0.146484375,-0.1953125,0.89111328125,-0.29296875,-0.62255859375,-0.06103515625,0.439453125,-0.15869140625,-0.40283203125,-0.40283203125,1.708984375,0.08544921875,1.03759765625,0.13427734375,-0.2685546875,-0.20751953125,-0.89111328125,-0.146484375,-0.439453125,0.1953125,-0.81787109375,-0.32958984375,-0.20751953125,0.2685546875,-0.72021484375,0,-0.390625,0.146484375,0.634765625,-0.439453125,1.26953125,-0.2685546875,0.42724609375,0.18310546875,-0.2197265625,-0.1708984375,0.68359375,-0.341796875,3.02734375,0.35400390625,2.099609375,0.62255859375,4.79736328125,-0.45166015625,2.5634765625,-0.0732421875,-0.29296875,-0.1220703125,0.9521484375,0.03662109375,0.23193359375,-0.25634765625,0.08544921875,-0.244140625,0.244140625,0.1953125,0.78125,0,0.03662109375,0.01220703125,1.28173828125,-0.146484375,-1.03759765625,0.1953125,-0.37841796875,-0.18310546875,-1.0009765625,0.06103515625,-0.76904296875,-0.1708984375,-2.24609375,-0.048828125,-1.2451171875,-0.048828125,-1.0498046875,-0.08544921875,-2.099609375,-0.1953125,-0.74462890625,0.10986328125,-0.7568359375,-0.32958984375,-0.634765625,0.01220703125,-0.1220703125,0.1953125,3.99169921875,-0.29296875,5.99365234375,-0.0732421875,2.86865234375,0.146484375,5.4931640625,-0.0244140625,0.35400390625,-0.01220703125,0.0244140625,-0.0732421875,0.0244140625,0.08544921875,0.1953125,-0.1708984375,-0.048828125,-0.06103515625,0.8056640625,-0.0244140625,-0.48828125,0.048828125,-0.5859375
1,-0.20751953125,-0.40283203125,-0.0732421875,-0.3662109375,0.08544921875,-0.439453125,-0.50048828125,-0.048828125,-0.10986328125,-0.048828125,-0.01220703125,-0.830078125,-0.18310546875,1.07421875,-0.048828125,-0.13427734375,-0.15869140625,-0.59814453125,0.06103515625,-0.1220703125,-0.09765625,0.9033203125,-0.244140625,-0.59814453125,-0.08544921875,0.57373046875,-0.10986328125,-0.28076171875,-0.30517578125,1.86767578125,0.048828125,1.15966796875,0.10986328125,-0.28076171875,-0.18310546875,-0.89111328125,-0.13427734375,-0.42724609375,0.1708984375,-0.81787109375,-0.35400390625,-0.2197265625,0.1953125,-0.72021484375,-0.0244140625,-0.390625,0.09765625,0.62255859375,-0.45166015625,1.26953125,-0.2685546875,0.42724609375,0.29296875,-0.2685546875,-0.1220703125,0.67138671875,-0.37841796875,2.783203125,0.341796875,1.91650390625,0.67138671875,4.33349609375,-0.57373046875,2.35595703125,-0.048828125,-0.2197265625,-0.06103515625,0.96435546875,0.048828125,0.2685546875,-0.20751953125,0.10986328125,-0.1708984375,0.244140625,0.23193359375,0.81787109375,-0.0732421875,0.048828125,-0.03662109375,1.28173828125,-0.08544921875,-1.0498046875,0.1953125,-0.390625,-0.23193359375,-1.0009765625,0.08544921875,-0.78125,-0.146484375,-2.03857421875,-0.03662109375,-0.86669921875,0.01220703125,-0.84228515625,-0.10986328125,-1.806640625,-0.1708984375,-0.72021484375,0.09765625,-0.76904296875,-0.29296875,-0.59814453125,0.03662109375,-0.1220703125,0.23193359375,4.736328125,-0.30517578125,7.32421875,-0.048828125,3.47900390625,0.1220703125,6.2744140625,-0.01220703125,0.3662109375,-0.0244140625,0.048828125,-0.06103515625,0.01220703125,0.09765625,0.2197265625,-0.15869140625,-0.0732421875,-0.08544921875,0.8056640625,-0.0244140625,-0.47607421875,0.0244140625,-0.57373046875
1,-0.18310546875,-0.4150390625,-0.08544921875,-0.341796875,0.08544921875,-0.45166015625,-0.50048828125,-0.048828125,-0.09765625,-0.048828125,0.03662109375,-0.830078125,-0.20751953125,1.0986328125,-0.0732421875,-0.15869140625,-0.13427734375,-0.5859375,0.10986328125,-0.09765625,-0.08544921875,0.91552734375,-0.15869140625,-0.59814453125,-0.15869140625,0.6103515625,-0.09765625,-0.244140625,-0.1708984375,1.953125,-0.03662109375,1.20849609375,0.1220703125,-0.28076171875,-0.20751953125,-0.89111328125,-0.10986328125,-0.45166015625,0.146484375,-0.81787109375,-0.3173828125,-0.20751953125,0.10986328125,-0.72021484375,-0.06103515625,-0.390625,0.048828125,0.62255859375,-0.47607421875,1.26953125,-0.28076171875,0.42724609375,0.37841796875,-0.28076171875,-0.03662109375,0.69580078125,-0.40283203125,2.6123046875,0.35400390625,1.77001953125,0.68359375,3.89404296875,-0.6591796875,2.20947265625,-0.01220703125,-0.146484375,0,0.9765625,0.03662109375,0.28076171875,-0.18310546875,0.146484375,-0.09765625,0.25634765625,0.25634765625,0.830078125,-0.10986328125,0.03662109375,-0.0732421875,1.28173828125,-0.048828125,-1.0498046875,0.15869140625,-0.37841796875,-0.2685546875,-1.01318359375,0.06103515625,-0.76904296875,-0.06103515625,-1.8310546875,0,-0.47607421875,0.09765625,-0.57373046875,-0.1220703125,-1.50146484375,-0.15869140625,-0.72021484375,0.03662109375,-0.7568359375,-0.25634765625,-0.5859375,0.06103515625,-0.13427734375,0.2197265625,5.2978515625,-0.244140625,8.38623046875,-0.03662109375,3.9306640625,0.06103515625,6.87255859375,-0.03662109375,0.37841796875,-0.0244140625,0.03662109375,-0.0732421875,0,0.09765625,0.23193359375,-0.13427734375,-0.08544921875,-0.08544921875,0.830078125,-0.01220703125,-0.5126953125,0.03662109375,-0.54931640625
1,-0.1953125,-0.40283203125,-0.09765625,-0.35400390625,0.06103515625,-0.42724609375,-0.47607421875,-0.08544921875,-0.13427734375,-0.08544921875,0.0732421875,-0.86669921875,-0.23193359375,1.0986328125,-0.08544921875,-0.146484375,-0.08544921875,-0.5859375,0.1220703125,-0.09765625,-0.0732421875,0.91552734375,-0.048828125,-0.59814453125,-0.1708984375,0.5615234375,-0.15869140625,-0.25634765625,-0.01220703125,1.94091796875,-0.146484375,1.13525390625,0.1220703125,-0.29296875,-0.2685546875,-0.87890625,-0.09765625,-0.4638671875,0.1220703125,-0.8056640625,-0.30517578125,-0.2197265625,0.08544921875,-0.69580078125,-0.0732421875,-0.40283203125,0.09765625,0.6103515625,-0.45166015625,1.25732421875,-0.2685546875,0.4150390625,0.439453125,-0.28076171875,0.01220703125,0.69580078125,-0.439453125,2.52685546875,0.3662109375,1.6845703125,0.74462890625,3.5400390625,-0.7568359375,2.1240234375,-0.06103515625,-0.06103515625,0.0732421875,0.98876953125,0.06103515625,0.2685546875,-0.13427734375,0.1708984375,0,0.23193359375,0.244140625,0.86669921875,-0.15869140625,0.03662109375,-0.0732421875,1.2939453125,-0.01220703125,-1.03759765625,0.1220703125,-0.3662109375,-0.30517578125,-1.0009765625,0.0244140625,-0.79345703125,-0.0244140625,-1.64794921875,0.048828125,-0.15869140625,0.10986328125,-0.3662109375,-0.10986328125,-1.25732421875,-0.15869140625,-0.72021484375,-0.048828125,-0.7568359375,-0.20751953125,-0.57373046875,0.048828125,-0.13427734375,0.1708984375,5.67626953125,-0.13427734375,9.11865234375,-0.0244140625,4.2236328125,-0.0244140625,7.26318359375,-0.0244140625,0.37841796875,-0.01220703125,0.0244140625,-0.06103515625,0.0244140625,0.09765625,0.2197265625,-0.13427734375,-0.10986328125,-0.09765625,0.830078125,0,-0.5126953125,0.0244140625,-0.537109375
0,-0.15869140625,-0.390625,-0.1220703125,-0.3662109375,0.0732421875,-0.4638671875,-0.47607421875,-0.09765625,-0.13427734375,-0.08544921875,0.08544921875,-0.84228515625,-0.2685546875,1.0986328125,-0.09765625,-0.1708984375,-0.01220703125,-0.57373046875,0.1220703125,-0.10986328125,-0.0732421875,0.9033203125,0.0244140625,-0.5859375,-0.1220703125,0.4638671875,-0.09765625,-0.32958984375,0.146484375,1.81884765625,-0.244140625,0.9765625,0.10986328125,-0.3173828125,-0.3662109375,-0.89111328125,-0.1220703125,-0.50048828125,0.09765625,-0.79345703125,-0.35400390625,-0.20751953125,0.10986328125,-0.732421875,-0.09765625,-0.40283203125,-0.03662109375,0.62255859375,-0.4638671875,1.25732421875,-0.29296875,0.439453125,0.439453125,-0.244140625,0.0732421875,0.7080078125,-0.48828125,2.45361328125,0.35400390625,1.62353515625,0.76904296875,3.30810546875,-0.830078125,2.099609375,-0.0732421875,0.03662109375,0.146484375,0.98876953125,0.06103515625,0.244140625,-0.08544921875,0.20751953125,0.09765625,0.2197265625,0.1953125,0.86669921875,-0.23193359375,0.0244140625,-0.03662109375,1.30615234375,0.01220703125,-1.01318359375,0.08544921875,-0.37841796875,-0.3173828125,-1.0009765625,0.01220703125,-0.79345703125,-0.01220703125,-1.55029296875,0,0.03662109375,0.1220703125,-0.23193359375,-0.0732421875,-1.07421875,-0.1708984375,-0.69580078125,-0.146484375,-0.74462890625,-0.146484375,-0.5615234375,0.03662109375,-0.1220703125,0.13427734375,5.84716796875,-0.06103515625,9.47265625,0,4.3701171875,-0.10986328125,7.4462890625,-0.01220703125,0.3662109375,0.0244140625,0,-0.06103515625,0,0.09765625,0.23193359375,-0.146484375,-0.1220703125,-0.09765625,0.8056640625,0.03662109375,-0.48828125,0.048828125,-0.537109375
0,-0.13427734375,-0.37841796875,-0.13427734375,-0.37841796875,0.09765625,-0.45166015625,-0.439453125,-0.09765625,-0.10986328125,-0.09765625,0.10986328125,-0.87890625,-0.341796875,1.08642578125,-0.1220703125,-0.1708984375,0.08544921875,-0.57373046875,0.09765625,-0.09765625,-0.10986328125,0.91552734375,0.08544921875,-0.5859375,-0.048828125,0.2685546875,-0.0732421875,-0.439453125,0.1953125,1.64794921875,-0.3173828125,0.78125,0.08544921875,-0.341796875,-0.390625,-0.9033203125,-0.146484375,-0.52490234375,0.08544921875,-0.78125,-0.341796875,-0.2197265625,0.13427734375,-0.72021484375,-0.10986328125,-0.40283203125,-0.0244140625,0.634765625,-0.42724609375,1.220703125,-0.35400390625,0.45166015625,0.45166015625,-0.1953125,0.048828125,0.68359375,-0.47607421875,2.42919921875,0.32958984375,1.57470703125,0.89111328125,3.18603515625,-0.89111328125,2.099609375,0.01220703125,0.09765625,0.18310546875,1.0009765625,0.06103515625,0.20751953125,-0.09765625,0.1953125,0.15869140625,0.20751953125,0.13427734375,0.8544921875,-0.28076171875,0,-0.03662109375,1.30615234375,0.0244140625,-1.01318359375,0.048828125,-0.3662109375,-0.29296875,-0.96435546875,-0.01220703125,-0.81787109375,0.048828125,-1.50146484375,-0.03662109375,0.06103515625,0.13427734375,-0.1953125,-0.03662109375,-1.0498046875,-0.1708984375,-0.68359375,-0.25634765625,-0.74462890625,-0.08544921875,-0.52490234375,0.03662109375,-0.146484375,0.1220703125,5.79833984375,0.048828125,9.47265625,-0.0244140625,4.35791015625,-0.10986328125,7.43408203125,0.0244140625,0.341796875,0.03662109375,0.01220703125,-0.08544921875,0.0244140625,0.09765625,0.1953125,-0.13427734375,-0.1220703125,-0.0732421875,0.79345703125,0.048828125,-0.5126953125,0.048828125,-0.537109375
0,-0.10986328125,-0.390625,-0.10986328125,-0.3662109375,0.1220703125,-0.45166015625,-0.4638671875,-0.09765625,-0.09765625,-0.0732421875,0.10986328125,-0.86669921875,-0.35400390625,1.08642578125,-0.10986328125,-0.1708984375,0.18310546875,-0.54931640625,0.06103515625,-0.1220703125,-0.1220703125,0.9033203125,0.0732421875,-0.59814453125,0.0732421875,0.10986328125,-0.01220703125,-0.52490234375,0.23193359375,1.46484375,-0.244140625,0.62255859375,0.03662109375,-0.341796875,-0.3662109375,-0.9033203125,-0.146484375,-0.5126953125,0.10986328125,-0.78125,-0.3173828125,-0.23193359375,0.1220703125,-0.7080078125,-0.1708984375,-0.40283203125,0,0.62255859375,-0.45166015625,1.1962890625,-0.40283203125,0.45166015625,0.47607421875,-0.146484375,0.03662109375,0.69580078125,-0.439453125,2.4169921875,0.29296875,1.5380859375,0.81787109375,3.16162109375,-0.93994140625,2.0751953125,-0.0244140625,0.1708984375,0.1708984375,1.0009765625,0.10986328125,0.18310546875,-0.09765625,0.1953125,0.18310546875,0.18310546875,0.08544921875,0.84228515625,-0.29296875,0,0,1.2939453125,0.01220703125,-1.0009765625,0.01220703125,-0.390625,-0.25634765625,-0.9521484375,-0.03662109375,-0.8056640625,0.03662109375,-1.57470703125,-0.10986328125,-0.03662109375,0.06103515625,-0.25634765625,-0.0732421875,-1.08642578125,-0.146484375,-0.68359375,-0.37841796875,-0.72021484375,-0.048828125,-0.5615234375,0,-0.13427734375,0.13427734375,5.615234375,0.13427734375,9.16748046875,-0.03662109375,4.1748046875,-0.09765625,7.23876953125,0.01220703125,0.35400390625,0.03662109375,0.01220703125,-0.0732421875,0.048828125,0.08544921875,0.1708984375,-0.146484375,-0.10986328125,-0.03662109375,0.78125,0.03662109375,-0.5126953125,0.0732421875,-0.52490234375
0,-0.0732421875,-0.37841796875,-0.10986328125,-0.37841796875,0.13427734375,-0.45166015625,-0.439453125,-0.0732421875,-0.048828125,-0.06103515625,0.1220703125,-0.9033203125,-0.390625,1.07421875,-0.1220703125,-0.13427734375,0.23193359375,-0.54931640625,0.048828125,-0.10986328125,-0.1220703125,0.91552734375,0.01220703125,-0.59814453125,0.1708984375,0.01220703125,-0.0244140625,-0.4638671875,0.20751953125,1.3427734375,-0.20751953125,0.5126953125,-0.03662109375,-0.30517578125,-0.341796875,-0.91552734375,-0.13427734375,-0.5126953125,0.1708984375,-0.79345703125,-0.30517578125,-0.20751953125,0.10986328125,-0.7080078125,-0.18310546875,-0.42724609375,-0.01220703125,0.6591796875,-0.4638671875,1.18408203125,-0.40283203125,0.4638671875,0.439453125,-0.13427734375,0.06103515625,0.69580078125,-0.390625,2.34375,0.20751953125,1.52587890625,0.927734375,3.1494140625,-1.03759765625,2.0263671875,0,0.20751953125,0.23193359375,0.98876953125,0.1953125,0.146484375,-0.1220703125,0.18310546875,0.15869140625,0.15869140625,0.0732421875,0.8056640625,-0.2685546875,-0.0244140625,-0.01220703125,1.28173828125,-0.0244140625,-0.98876953125,0,-0.390625,-0.1708984375,-0.98876953125,-0.03662109375,-0.8056640625,-0.048828125,-1.67236328125,-0.244140625,-0.2685546875,-0.08544921875,-0.3662109375,-0.08544921875,-1.1962890625,-0.08544921875,-0.69580078125,-0.40283203125,-0.7080078125,-0.01220703125,-0.54931640625,-0.03662109375,-0.09765625,0.15869140625,5.23681640625,0.2197265625,8.59375,-0.03662109375,3.86962890625,-0.0732421875,6.84814453125,0.01220703125,0.35400390625,0.06103515625,0.01220703125,-0.0732421875,0.0732421875,0.0732421875,0.18310546875,-0.18310546875,-0.06103515625,0,0.8056640625,0.0244140625,-0.5126953125,0.048828125,-0.5126953125
0,-0.08544921875,-0.3662109375,-0.13427734375,-0.32958984375,0.1220703125,-0.42724609375,-0.439453125,-0.06103515625,-0.0244140625,-0.048828125,0.09765625,-0.87890625,-0.40283203125,1.0498046875,-0.10986328125,-0.1220703125,0.2197265625,-0.5615234375,0.01220703125,-0.13427734375,-0.13427734375,0.91552734375,-0.08544921875,-0.59814453125,0.3173828125,0.048828125,-0.01220703125,-0.2197265625,0.1708984375,1.37939453125,-0.01220703125,0.5615234375,-0.08544921875,-0.28076171875,-0.341796875,-0.9033203125,-0.10986328125,-0.48828125,0.2197265625,-0.76904296875,-0.2685546875,-0.1953125,0.1220703125,-0.72021484375,-0.18310546875,-0.40283203125,0.048828125,0.67138671875,-0.4638671875,1.18408203125,-0.439453125,0.45166015625,0.390625,-0.13427734375,0.048828125,0.69580078125,-0.32958984375,2.25830078125,0.1953125,1.46484375,1.0009765625,3.08837890625,-1.01318359375,1.91650390625,0.0244140625,0.244140625,0.244140625,1.0009765625,0.2685546875,0.1220703125,-0.18310546875,0.1953125,0.10986328125,0.15869140625,0.048828125,0.76904296875,-0.20751953125,-0.03662109375,-0.0244140625,1.28173828125,-0.048828125,-0.9765625,-0.01220703125,-0.390625,-0.09765625,-0.9765625,-0.03662109375,-0.8056640625,-0.01220703125,-1.7822265625,-0.1708984375,-0.54931640625,-0.0732421875,-0.5126953125,-0.01220703125,-1.37939453125,0,-0.72021484375,-0.4150390625,-0.72021484375,-0.0244140625,-0.537109375,-0.03662109375,-0.09765625,0.1708984375,4.74853515625,0.25634765625,7.77587890625,-0.03662109375,3.466796875,-0.048828125,6.33544921875,0.01220703125,0.35400390625,0.0732421875,0.0244140625,-0.0732421875,0.0732421875,0.0732421875,0.1708984375,-0.1708984375,-0.0244140625,0,0.79345703125,0.03662109375,-0.50048828125,0.06103515625,-0.47607421875
0,-0.10986328125,-0.35400390625,-0.15869140625,-0.35400390625,0.1220703125,-0.42724609375,-0.40283203125,-0.0732421875,0,-0.03662109375,0.06103515625,-0.91552734375,-0.42724609375,1.06201171875,-0.08544921875,-0.1220703125,0.15869140625,-0.5615234375,-0.0244140625,-0.1220703125,-0.1708984375,0.91552734375,-0.15869140625,-0.6103515625,0.3173828125,0.23193359375,-0.048828125,0.25634765625,0.08544921875,1.62353515625,0.08544921875,0.81787109375,-0.146484375,-0.23193359375,-0.244140625,-0.9033203125,-0.0732421875,-0.45166015625,0.25634765625,-0.76904296875,-0.23193359375,-0.1953125,0.09765625,-0.7080078125,-0.18310546875,-0.40283203125,0.13427734375,0.69580078125,-0.50048828125,1.220703125,-0.45166015625,0.47607421875,0.30517578125,-0.13427734375,0.08544921875,0.68359375,-0.2685546875,2.08740234375,0.146484375,1.37939453125,1.025390625,2.9541015625,-1.07421875,1.74560546875,0.03662109375,0.25634765625,0.13427734375,1.0009765625,0.25634765625,0.1220703125,-0.25634765625,0.1708984375,0.10986328125,0.1708984375,0.01220703125,0.732421875,-0.13427734375,-0.03662109375,-0.048828125,1.28173828125,-0.09765625,-0.9765625,-0.06103515625,-0.40283203125,-0.048828125,-0.96435546875,-0.01220703125,-0.81787109375,-0.06103515625,-1.86767578125,-0.1708984375,-0.79345703125,-0.08544921875,-0.634765625,-0.01220703125,-1.513671875,0.03662109375,-0.72021484375,-0.341796875,-0.74462890625,-0.03662109375,-0.54931640625,-0.0732421875,-0.09765625,0.18310546875,4.11376953125,0.23193359375,6.82373046875,-0.06103515625,2.96630859375,-0.03662109375,5.6884765625,0,0.37841796875,0.08544921875,0.03662109375,-0.08544921875,0.0732421875,0.048828125,0.1708984375,-0.15869140625,0.03662109375,-0.01220703125,0.81787109375,0,-0.48828125,0.048828125,-0.48828125
0,-0.08544921875,-0.37841796875,-0.15869140625,-0.35400390625,0.1220703125,-0.40283203125,-0.390625,-0.06103515625,0,-0.01220703125,0.03662109375,-0.89111328125,-0.4150390625,1.07421875,-0.0732421875,-0.13427734375,0.09765625,-0.5859375,-0.01220703125,-0.13427734375,-0.23193359375,0.9033203125,-0.2197265625,-0.6103515625,0.3173828125,0.64697265625,0,0.9765625,0.01220703125,2.11181640625,0.18310546875,1.2451171875,-0.18310546875,-0.20751953125,-0.2197265625,-0.91552734375,-0.0244140625,-0.4638671875,0.30517578125,-0.79345703125,-0.1953125,-0.23193359375,0.0732421875,-0.69580078125,-0.1953125,-0.40283203125,0.18310546875,0.7080078125,-0.4638671875,1.2451171875,-0.40283203125,0.45166015625,0.1708984375,-0.15869140625,0.1220703125,0.69580078125,-0.25634765625,1.86767578125,0.1708984375,1.2451171875,1.18408203125,2.685546875,-1.025390625,1.50146484375,0.09765625,0.25634765625,0.10986328125,0.98876953125,0.2685546875,0.1220703125,-0.30517578125,0.18310546875,0.09765625,0.18310546875,-0.01220703125,0.732421875,-0.08544921875,-0.03662109375,-0.09765625,1.28173828125,-0.10986328125,-0.98876953125,-0.06103515625,-0.40283203125,0.03662109375,-0.96435546875,0.0244140625,-0.8056640625,-0.15869140625,-1.91650390625,-0.20751953125,-0.93994140625,-0.08544921875,-0.69580078125,-0.03662109375,-1.5869140625,0.03662109375,-0.72021484375,-0.2197265625,-0.7568359375,-0.08544921875,-0.5615234375,-0.08544921875,-0.08544921875,0.20751953125,3.43017578125,0.18310546875,5.6884765625,-0.09765625,2.38037109375,-0.0244140625,4.98046875,0.01220703125,0.3662109375,0.08544921875,0.03662109375,-0.08544921875,0.048828125,0.048828125,0.18310546875,-0.13427734375,0.08544921875,-0.0244140625,0.84228515625,0,-0.47607421875,0.03662109375,-0.48828125
0,-0.08544921875,-0.390625,-0.15869140625,-0.3662109375,0.18310546875,-0.40283203125,-0.390625,-0.06103515625,0,0,0,-0.89111328125,-0.40283203125,1.07421875,-0.08544921875,-0.15869140625,0,-0.5859375,0.01220703125,-0.13427734375,-0.3173828125,0.927734375,-0.20751953125,-0.62255859375,0.37841796875,1.220703125,0.03662109375,1.9287109375,0.01220703125,2.79541015625,0.23193359375,1.904296875,-0.15869140625,-0.1220703125,-0.1953125,-0.91552734375,0.0244140625,-0.48828125,0.29296875,-0.79345703125,-0.1708984375,-0.244140625,0.10986328125,-0.7080078125,-0.15869140625,-0.37841796875,0.244140625,0.72021484375,-0.47607421875,1.28173828125,-0.32958984375,0.439453125,0.0244140625,-0.2197265625,0.13427734375,0.68359375,-0.20751953125,1.62353515625,0.20751953125,1.06201171875,1.18408203125,2.2705078125,-0.927734375,1.20849609375,0.15869140625,0.244140625,0.048828125,1.0009765625,0.23193359375,0.15869140625,-0.341796875,0.1708984375,0.0244140625,0.1953125,-0.03662109375,0.7080078125,-0.03662109375,-0.0244140625,-0.10986328125,1.318359375,-0.09765625,-1.0009765625,-0.0732421875,-0.390625,0.15869140625,-1.0009765625,0.09765625,-0.8056640625,-0.146484375,-1.89208984375,-0.06103515625,-0.927734375,0.048828125,-0.67138671875,0.0244140625,-1.57470703125,-0.0244140625,-0.68359375,-0.1220703125,-0.7568359375,-0.13427734375,-0.57373046875,-0.06103515625,-0.08544921875,0.20751953125,2.69775390625,0.06103515625,4.5166015625,-0.10986328125,1.79443359375,-0.048828125,4.18701171875,0.01220703125,0.37841796875,0.09765625,0.03662109375,-0.08544921875,0.03662109375,0.048828125,0.2197265625,-0.13427734375,0.15869140625,-0.03662109375,0.84228515625,0.0244140625,-0.48828125,0.03662109375,-0.48828125
0,-0.06103515625,-0.390625,-0.13427734375,-0.3662109375,0.18310546875,-0.40283203125,-0.3662109375,-0.0732421875,-0.01220703125,0,0.01220703125,-0.86669921875,-0.40283203125,1.07421875,-0.08544921875,-0.1708984375,-0.10986328125,-0.59814453125,0.0244140625,-0.1220703125,-0.40283203125,0.91552734375,-0.1953125,-0.6103515625,0.25634765625,1.9287109375,-0.08544921875,3.06396484375,-0.048828125,3.67431640625,0.1220703125,2.67333984375,-0.10986328125,-0.06103515625,-0.146484375,-0.91552734375,0.06103515625,-0.47607421875,0.2197265625,-0.830078125,-0.146484375,-0.244140625,0.09765625,-0.69580078125,-0.10986328125,-0.3662109375,0.244140625,0.7080078125,-0.4638671875,1.318359375,-0.28076171875,0.42724609375,-0.06103515625,-0.25634765625,0.1220703125,0.68359375,-0.1953125,1.37939453125,0.244140625,0.87890625,1.2451171875,1.7822265625,-0.87890625,0.927734375,0.15869140625,0.1953125,-0.03662109375,0.98876953125,0.15869140625,0.18310546875,-0.4150390625,0.1708984375,-0.01220703125,0.2197265625,-0.06103515625,0.732421875,0,-0.03662109375,-0.13427734375,1.2939453125,-0.06103515625,-1.03759765625,-0.08544921875,-0.390625,0.2685546875,-1.01318359375,0.13427734375,-0.8056640625,-0.23193359375,-1.7822265625,-0.0732421875,-0.84228515625,0.048828125,-0.5615234375,-0.06103515625,-1.45263671875,-0.09765625,-0.7080078125,-0.048828125,-0.7568359375,-0.1708984375,-0.5859375,-0.03662109375,-0.09765625,0.1708984375,1.9287109375,-0.048828125,3.2958984375,-0.13427734375,1.18408203125,-0.03662109375,3.38134765625,0.01220703125,0.37841796875,0.08544921875,0.03662109375,-0.0732421875,0.01220703125,0.06103515625,0.2197265625,-0.13427734375,0.244140625,-0.0244140625,0.86669921875,-0.01220703125,-0.48828125,0.01220703125,-0.5126953125
0,-0.06103515625,-0.40283203125,-0.13427734375,-0.3662109375,0.2197265625,-0.40283203125,-0.35400390625,-0.0732421875,-0.01220703125,0.01220703125,-0.03662109375,-0.8544921875,-0.37841796875,1.07421875,-0.08544921875,-0.15869140625,-0.1953125,-0.59814453125,0.06103515625,-0.10986328125,-0.45166015625,0.9033203125,-0.146484375,-0.6103515625,0.20751953125,2.69775390625,0,4.26025390625,-0.01220703125,4.60205078125,0.01220703125,3.50341796875,-0.0244140625,-0.0244140625,-0.15869140625,-0.91552734375,0.03662109375,-0.5126953125,0.1220703125,-0.830078125,-0.15869140625,-0.25634765625,0.1220703125,-0.72021484375,-0.03662109375,-0.37841796875,0.244140625,0.7080078125,-0.47607421875,1.30615234375,-0.2685546875,0.4150390625,-0.1708984375,-0.2685546875,0.09765625,0.68359375,-0.2197265625,1.123046875,0.341796875,0.7080078125,1.18408203125,1.26953125,-0.7080078125,0.67138671875,0.20751953125,0.146484375,-0.03662109375,1.0009765625,0.10986328125,0.1953125,-0.37841796875,0.18310546875,-0.0732421875,0.1953125,-0.0732421875,0.78125,-0.01220703125,-0.0244140625,-0.13427734375,1.30615234375,-0.01220703125,-1.03759765625,-0.09765625,-0.37841796875,0.32958984375,-1.03759765625,0.1220703125,-0.79345703125,-0.28076171875,-1.62353515625,-0.01220703125,-0.59814453125,0.146484375,-0.3662109375,-0.09765625,-1.23291015625,-0.15869140625,-0.69580078125,0.01220703125,-0.74462890625,-0.20751953125,-0.6103515625,-0.0244140625,-0.09765625,0.13427734375,1.15966796875,-0.1708984375,2.08740234375,-0.146484375,0.5615234375,-0.06103515625,2.57568359375,0,0.37841796875,0.0732421875,0.03662109375,-0.08544921875,-0.01220703125,0.0732421875,0.23193359375,-0.10986328125,0.30517578125,-0.048828125,0.81787109375,0,-0.48828125,0,-0.52490234375
0,-0.048828125,-0.42724609375,-0.146484375,-0.3662109375,0.1953125,-0.4150390625,-0.32958984375,-0.06103515625,-0.03662109375,0.01220703125,-0.01220703125,-0.830078125,-0.35400390625,1.08642578125,-0.08544921875,-0.15869140625,-0.2685546875,-0.59814453125,0.06103515625,-0.09765625,-0.47607421875,0.89111328125,-0.0732421875,-0.5859375,0.13427734375,3.45458984375,-0.0244140625,5.43212890625,-0.03662109375,5.5419921875,-0.1220703125,4.3212890625,0.06103515625,0.0244140625,-0.0732421875,-0.91552734375,0.06103515625,-0.54931640625,0.03662109375,-0.830078125,-0.1220703125,-0.29296875,0.146484375,-0.732421875,-0.0244140625,-0.390625,0.244140625,0.69580078125,-0.45166015625,1.28173828125,-0.2685546875,0.42724609375,-0.23193359375,-0.244140625,0.01220703125,0.69580078125,-0.2197265625,0.91552734375,0.35400390625,0.5615234375,1.0498046875,0.81787109375,-0.6103515625,0.5126953125,0.20751953125,0.1220703125,-0.10986328125,1.0009765625,0.048828125,0.2197265625,-0.439453125,0.18310546875,-0.15869140625,0.2197265625,-0.01220703125,0.78125,0,-0.0244140625,-0.08544921875,1.30615234375,0.0244140625,-1.03759765625,-0.09765625,-0.3662109375,0.35400390625,-1.0498046875,0.10986328125,-0.8056640625,-0.20751953125,-1.37939453125,0.09765625,-0.29296875,0.244140625,-0.13427734375,-0.08544921875,-0.96435546875,-0.18310546875,-0.68359375,0.03662109375,-0.76904296875,-0.20751953125,-0.59814453125,0,-0.10986328125,0.13427734375,0.45166015625,-0.25634765625,0.927734375,-0.09765625,-0.0244140625,-0.09765625,1.79443359375,-0.03662109375,0.37841796875,0.06103515625,0.03662109375,-0.06103515625,-0.0244140625,0.08544921875,0.244140625,-0.08544921875,0.3662109375,-0.048828125,0.8056640625,-0.01220703125,-0.50048828125,-0.03662109375,-0.537109375
0,-0.03662109375,-0.4150390625,-0.146484375,-0.3662109375,0.18310546875,-0.40283203125,-0.30517578125,-0.08544921875,-0.06103515625,-0.0244140625,-0.01220703125,-0.86669921875,-0.3173828125,1.07421875,-0.06103515625,-0.146484375,-0.29296875,-0.57373046875,0.0244140625,-0.09765625,-0.439453125,0.89111328125,-0.0244140625,-0.59814453125,0.08544921875,4.1015625,-0.13427734375,6.4697265625,-0.06103515625,6.3720703125,-0.25634765625,5.01708984375,0.06103515625,0.0732421875,-0.048828125,-0.9033203125,0,-0.5615234375,-0.01220703125,-0.8056640625,-0.08544921875,-0.28076171875,0.18310546875,-0.732421875,0,-0.40283203125,0.23193359375,0.67138671875,-0.40283203125,1.2451171875,-0.2685546875,0.439453125,-0.25634765625,-0.244140625,-0.06103515625,0.7080078125,-0.244140625,0.84228515625,0.4150390625,0.47607421875,1.0498046875,0.5615234375,-0.50048828125,0.439453125,0.2197265625,0.1220703125,-0.15869140625,1.01318359375,0,0.244140625,-0.439453125,0.1708984375,-0.244140625,0.2197265625,0.0244140625,0.8056640625,0.01220703125,-0.0244140625,-0.048828125,1.2939453125,0.06103515625,-1.08642578125,-0.0732421875,-0.341796875,0.3173828125,-1.03759765625,0.048828125,-0.79345703125,-0.25634765625,-1.15966796875,0.03662109375,0.01220703125,0.23193359375,0.10986328125,-0.15869140625,-0.67138671875,-0.1708984375,-0.7080078125,0.06103515625,-0.78125,-0.1953125,-0.6103515625,0.01220703125,-0.10986328125,0.146484375,-0.20751953125,-0.30517578125,-0.146484375,-0.0732421875,-0.5615234375,-0.15869140625,1.06201171875,-0.0244140625,0.3662109375,0.06103515625,0.0244140625,-0.0732421875,-0.06103515625,0.09765625,0.2197265625,-0.10986328125,0.37841796875,-0.03662109375,0.8056640625,0.01220703125,-0.50048828125,-0.06103515625,-0.5615234375
0,-0.0244140625,-0.42724609375,-0.15869140625,-0.390625,0.1953125,-0.42724609375,-0.29296875,-0.06103515625,-0.08544921875,-0.048828125,-0.0244140625,-0.84228515625,-0.28076171875,1.11083984375,-0.048828125,-0.15869140625,-0.28076171875,-0.59814453125,-0.03662109375,-0.10986328125,-0.40283203125,0.87890625,-0.01220703125,-0.59814453125,0.01220703125,4.62646484375,-0.2685546875,7.31201171875,-0.1220703125,7.01904296875,-0.341796875,5.5419921875,0.06103515625,0.09765625,0.01220703125,-0.87890625,-0.048828125,-0.5859375,-0.0244140625,-0.830078125,-0.09765625,-0.25634765625,0.25634765625,-0.732421875,-0.03662109375,-0.4150390625,0.1708984375,0.64697265625,-0.30517578125,1.1962890625,-0.2685546875,0.42724609375,-0.28076171875,-0.23193359375,-0.09765625,0.7080078125,-0.30517578125,0.8544921875,0.42724609375,0.47607421875,0.96435546875,0.54931640625,-0.42724609375,0.48828125,0.1953125,0.13427734375,-0.15869140625,1.03759765625,-0.03662109375,0.2685546875,-0.37841796875,0.1953125,-0.3173828125,0.244140625,0.06103515625,0.84228515625,-0.03662109375,-0.0244140625,0.01220703125,1.2939453125,0.0732421875,-1.07421875,-0.03662109375,-0.341796875,0.2685546875,-1.0498046875,-0.0244140625,-0.79345703125,-0.18310546875,-0.9521484375,0.03662109375,0.29296875,0.2197265625,0.32958984375,-0.13427734375,-0.4150390625,-0.15869140625,-0.69580078125,0.06103515625,-0.7568359375,-0.13427734375,-0.59814453125,-0.01220703125,-0.10986328125,0.1708984375,-0.79345703125,-0.32958984375,-1.11083984375,-0.03662109375,-1.025390625,-0.20751953125,0.439453125,-0.048828125,0.35400390625,0.06103515625,0,-0.0732421875,-0.048828125,0.09765625,0.20751953125,-0.10986328125,0.40283203125,0.01220703125,0.76904296875,0.01220703125,-0.48828125,-0.0732421875,-0.57373046875
1,-0.03662109375,-0.40283203125,-0.146484375,-0.390625,0.23193359375,-0.4150390625,-0.30517578125,-0.0732421875,-0.08544921875,-0.0732421875,-0.048828125,-0.8544921875,-0.25634765625,1.11083984375,0.01220703125,-0.15869140625,-0.18310546875,-0.59814453125,-0.06103515625,-0.1220703125,-0.29296875,0.86669921875,-0.0244140625,-0.6103515625,-0.048828125,4.931640625,-0.40283203125,7.861328125,-0.2197265625,7.4462890625,-0.37841796875,5.8837890625,-0.0244140625,0.1220703125,0.048828125,-0.86669921875,-0.09765625,-0.5615234375,-0.048828125,-0.8056640625,-0.08544921875,-0.23193359375,0.29296875,-0.74462890625,-0.06103515625,-0.4150390625,0.146484375,0.64697265625,-0.2685546875,1.18408203125,-0.23193359375,0.439453125,-0.28076171875,-0.18310546875,-0.1220703125,0.72021484375,-0.28076171875,1.025390625,0.4150390625,0.5859375,1.03759765625,0.79345703125,-0.4150390625,0.6591796875,0.146484375,0.1953125,-0.20751953125,1.0498046875,-0.10986328125,0.2685546875,-0.341796875,0.2197265625,-0.37841796875,0.2197265625,0.048828125,0.830078125,-0.03662109375,-0.01220703125,0.08544921875,1.25732421875,0.06103515625,-1.0498046875,-0.01220703125,-0.35400390625,0.15869140625,-1.03759765625,-0.06103515625,-0.81787109375,-0.09765625,-0.81787109375,0,0.47607421875,0.23193359375,0.50048828125,-0.06103515625,-0.2197265625,-0.146484375,-0.68359375,0.0732421875,-0.74462890625,-0.0732421875,-0.6103515625,0,-0.10986328125,0.1708984375,-1.26953125,-0.32958984375,-1.85546875,0,-1.3916015625,-0.2197265625,-0.08544921875,-0.03662109375,0.341796875,0.03662109375,-0.0244140625,-0.06103515625,-0.0244140625,0.10986328125,0.2197265625,-0.1220703125,0.4150390625,0,0.74462890625,0.0244140625,-0.50048828125,-0.08544921875,-0.5859375
1,-0.01220703125,-0.390625,-0.146484375,-0.390625,0.25634765625,-0.42724609375,-0.29296875,-0.0732421875,-0.08544921875,-0.0732421875,-0.08544921875,-0.8544921875,-0.2197265625,1.11083984375,0.03662109375,-0.18310546875,-0.08544921875,-0.57373046875,-0.08544921875,-0.1220703125,-0.1953125,0.87890625,-0.0732421875,-0.59814453125,-0.03662109375,5.09033203125,-0.28076171875,8.14208984375,-0.29296875,7.60498046875,-0.32958984375,6.005859375,-0.13427734375,0.13427734375,0.06103515625,-0.86669921875,-0.15869140625,-0.5615234375,-0.0732421875,-0.79345703125,-0.1708984375,-0.20751953125,0.32958984375,-0.732421875,-0.1220703125,-0.4150390625,0.23193359375,0.6103515625,-0.1953125,1.171875,-0.25634765625,0.4638671875,-0.2685546875,-0.1708984375,-0.15869140625,0.72021484375,-0.23193359375,1.30615234375,0.45166015625,0.8056640625,0.9521484375,1.318359375,-0.37841796875,0.96435546875,0.1220703125,0.244140625,-0.23193359375,1.06201171875,-0.15869140625,0.28076171875,-0.25634765625,0.23193359375,-0.42724609375,0.2197265625,0.0732421875,0.86669921875,-0.06103515625,-0.0244140625,0.1708984375,1.26953125,0.048828125,-1.025390625,0.03662109375,-0.32958984375,0.048828125,-1.025390625,-0.08544921875,-0.830078125,-0.06103515625,-0.7568359375,-0.03662109375,0.52490234375,0.23193359375,0.57373046875,-0.0244140625,-0.1220703125,-0.1708984375,-0.69580078125,0.0732421875,-0.732421875,-0.01220703125,-0.59814453125,-0.01220703125,-0.1220703125,0.18310546875,-1.6357421875,-0.341796875,-2.44140625,-0.01220703125,-1.67236328125,-0.1953125,-0.45166015625,-0.048828125,0.32958984375,0.0244140625,-0.0244140625,-0.08544921875,-0.03662109375,0.09765625,0.18310546875,-0.1220703125,0.390625,0.0244140625,0.74462890625,0.0244140625,-0.52490234375,-0.08544921875,-0.59814453125
1,0.01220703125,-0.390625,-0.13427734375,-0.390625,0.25634765625,-0.45166015625,-0.2685546875,-0.06103515625,-0.048828125,-0.08544921875,-0.146484375,-0.86669921875,-0.1953125,1.11083984375,0.08544921875,-0.1953125,0.01220703125,-0.5615234375,-0.09765625,-0.10986328125,-0.13427734375,0.87890625,-0.1220703125,-0.5859375,0,5.04150390625,-0.20751953125,8.154296875,-0.3173828125,7.58056640625,-0.25634765625,5.94482421875,-0.2197265625,0.13427734375,0.06103515625,-0.830078125,-0.146484375,-0.54931640625,-0.08544921875,-0.78125,-0.13427734375,-0.1953125,0.30517578125,-0.7080078125,-0.1953125,-0.42724609375,0.2197265625,0.6103515625,-0.146484375,1.18408203125,-0.2685546875,0.4638671875,-0.25634765625,-0.1708984375,-0.1708984375,0.69580078125,-0.20751953125,1.72119140625,0.45166015625,1.123046875,0.91552734375,2.08740234375,-0.390625,1.37939453125,0.09765625,0.29296875,-0.20751953125,1.06201171875,-0.13427734375,0.30517578125,-0.18310546875,0.25634765625,-0.45166015625,0.2197265625,0.1220703125,0.8544921875,-0.048828125,-0.01220703125,0.2197265625,1.26953125,-0.01220703125,-0.98876953125,0.048828125,-0.35400390625,-0.10986328125,-1.01318359375,-0.08544921875,-0.79345703125,-0.0244140625,-0.7568359375,-0.03662109375,0.439453125,0.1953125,0.5859375,0.0732421875,-0.10986328125,-0.18310546875,-0.69580078125,0.06103515625,-0.74462890625,0.03662109375,-0.5859375,-0.06103515625,-0.13427734375,0.13427734375,-1.8310546875,-0.3173828125,-2.83203125,-0.0244140625,-1.81884765625,-0.20751953125,-0.7080078125,-0.03662109375,0.3173828125,0.03662109375,-0.0244140625,-0.06103515625,-0.03662109375,0.0732421875,0.1708984375,-0.09765625,0.341796875,0.048828125,0.7568359375,0.0244140625,-0.52490234375,-0.06103515625,-0.6103515625
1,0,-0.390625,-0.1220703125,-0.40283203125,0.25634765625,-0.439453125,-0.2685546875,-0.08544921875,0,-0.0732421875,-0.1953125,-0.89111328125,-0.18310546875,1.11083984375,0.1220703125,-0.18310546875,0.08544921875,-0.537109375,-0.048828125,-0.1220703125,-0.08544921875,0.87890625,-0.10986328125,-0.6103515625,-0.01220703125,4.8828125,-0.20751953125,7.9345703125,-0.35400390625,7.373046875,-0.146484375,5.74951171875,-0.29296875,0.15869140625,0.01220703125,-0.8056640625,-0.10986328125,-0.5126953125,-0.10986328125,-0.78125,-0.10986328125,-0.1708984375,0.2685546875,-0.69580078125,-0.25634765625,-0.4150390625,0.23193359375,0.59814453125,-0.13427734375,1.220703125,-0.2685546875,0.47607421875,-0.25634765625,-0.15869140625,-0.20751953125,0.68359375,-0.13427734375,2.25830078125,0.40283203125,1.4892578125,0.9521484375,3.01513671875,-0.45166015625,1.8310546875,0.06103515625,0.3662109375,-0.20751953125,1.07421875,-0.0732421875,0.3173828125,-0.244140625,0.2685546875,-0.45166015625,0.2197265625,0.1953125,0.8056640625,-0.01220703125,0,0.25634765625,1.26953125,0,-0.96435546875,0.08544921875,-0.3662109375,-0.2197265625,-1.0009765625,-0.06103515625,-0.78125,0.01220703125,-0.830078125,-0.06103515625,0.25634765625,0.1953125,0.50048828125,0.09765625,-0.1953125,-0.20751953125,-0.69580078125,0.06103515625,-0.732421875,0.06103515625,-0.5859375,-0.0732421875,-0.13427734375,0.06103515625,-1.9287109375,-0.35400390625,-3.02734375,-0.0244140625,-1.8798828125,-0.20751953125,-0.8056640625,-0.03662109375,0.341796875,0.0244140625,-0.0244140625,-0.0732421875,-0.0244140625,0.048828125,0.18310546875,-0.0732421875,0.30517578125,0.0244140625,0.78125,0,-0.537109375,-0.03662109375,-0.6103515625
1,0.03662109375,-0.390625,-0.09765625,-0.390625,0.25634765625,-0.439453125,-0.244140625,-0.08544921875,0.0244140625,-0.0732421875,-0.2197265625,-0.89111328125,-0.146484375,1.123046875,0.18310546875,-0.18310546875,0.08544921875,-0.54931640625,-0.0244140625,-0.13427734375,-0.08544921875,0.9033203125,-0.1220703125,-0.62255859375,-0.0244140625,4.638671875,-0.20751953125,7.58056640625,-0.30517578125,7.0556640625,-0.09765625,5.46875,-0.341796875,0.15869140625,-0.06103515625,-0.78125,-0.06103515625,-0.48828125,-0.10986328125,-0.79345703125,-0.048828125,-0.15869140625,0.2197265625,-0.69580078125,-0.2197265625,-0.4150390625,0.2197265625,0.57373046875,-0.13427734375,1.25732421875,-0.3662109375,0.50048828125,-0.20751953125,-0.1953125,-0.244140625,0.69580078125,-0.0732421875,2.83203125,0.37841796875,1.91650390625,0.72021484375,3.99169921875,-0.439453125,2.35595703125,-0.01220703125,0.40283203125,-0.20751953125,1.06201171875,-0.03662109375,0.29296875,-0.29296875,0.29296875,-0.42724609375,0.23193359375,0.244140625,0.81787109375,0.03662109375,0,0.23193359375,1.26953125,0.01220703125,-0.927734375,0.09765625,-0.390625,-0.32958984375,-1.01318359375,0,-0.8056640625,-0.01220703125,-0.9521484375,-0.0244140625,0.048828125,0.15869140625,0.40283203125,0.13427734375,-0.341796875,-0.2197265625,-0.69580078125,0.0244140625,-0.72021484375,0.03662109375,-0.59814453125,-0.06103515625,-0.1220703125,0.0732421875,-1.9287109375,-0.1953125,-3.03955078125,-0.0244140625,-1.85546875,-0.2197265625,-0.78125,-0.048828125,0.32958984375,0.0244140625,-0.01220703125,-0.0732421875,-0.048828125,0.0244140625,0.1708984375,-0.048828125,0.28076171875,0.01220703125,0.79345703125,0,-0.52490234375,-0.01220703125,-0.5859375
1,0.048828125,-0.390625,-0.10986328125,-0.3662109375,0.23193359375,-0.45166015625,-0.23193359375,-0.08544921875,0.0244140625,-0.0732421875,-0.2197265625,-0.87890625,-0.1220703125,1.11083984375,0.1953125,-0.1708984375,0.08544921875,-0.54931640625,0.01220703125,-0.1220703125,-0.13427734375,0.9033203125,-0.09765625,-0.6103515625,-0.0244140625,4.38232421875,-0.15869140625,7.11669921875,-0.244140625,6.7138671875,-0.03662109375,5.17578125,-0.32958984375,0.13427734375,-0.08544921875,-0.74462890625,0.03662109375,-0.45166015625,-0.10986328125,-0.79345703125,0.03662109375,-0.1953125,0.146484375,-0.7080078125,-0.13427734375,-0.40283203125,0.20751953125,0.5859375,-0.1220703125,1.30615234375,-0.42724609375,0.54931640625,-0.13427734375,-0.1708984375,-0.23193359375,0.68359375,-0.01220703125,3.38134765625,0.341796875,2.3193359375,0.78125,4.9072265625,-0.4638671875,2.86865234375,-0.0244140625,0.390625,-0.20751953125,1.08642578125,0.0244140625,0.30517578125,-0.3173828125,0.29296875,-0.4150390625,0.2197265625,0.2685546875,0.8056640625,0.08544921875,0.01220703125,0.1953125,1.25732421875,0,-0.927734375,0.1220703125,-0.4150390625,-0.3662109375,-1.0009765625,0.0244140625,-0.78125,-0.08544921875,-1.11083984375,0.01220703125,-0.1953125,0.13427734375,0.28076171875,0.1220703125,-0.48828125,-0.1953125,-0.69580078125,0.01220703125,-0.72021484375,0,-0.5859375,-0.03662109375,-0.10986328125,0.08544921875,-1.8310546875,-0.09765625,-2.9052734375,-0.048828125,-1.7822265625,-0.20751953125,-0.64697265625,-0.03662109375,0.341796875,0.01220703125,0.01220703125,-0.0732421875,-0.0244140625,0,0.1708984375,-0.03662109375,0.2197265625,0.0244140625,0.830078125,0.0244140625,-0.537109375,0.01220703125,-0.57373046875
1,0.048828125,-0.390625,-0.09765625,-0.3662109375,0.244140625,-0.439453125,-0.20751953125,-0.08544921875,0.0244140625,-0.0732421875,-0.244140625,-0.89111328125,-0.08544921875,1.0986328125,0.1953125,-0.1953125,0.048828125,-0.5615234375,0.03662109375,-0.09765625,-0.1953125,0.89111328125,-0.06103515625,-0.5859375,-0.0244140625,4.1259765625,-0.09765625,6.65283203125,-0.13427734375,6.35986328125,-0.03662109375,4.9072265625,-0.28076171875,0.13427734375,-0.15869140625,-0.74462890625,0.10986328125,-0.42724609375,-0.10986328125,-0.81787109375,0.1220703125,-0.1708984375,0.13427734375,-0.7080078125,-0.03662109375,-0.40283203125,0.2197265625,0.5615234375,-0.18310546875,1.318359375,-0.40283203125,0.62255859375,-0.048828125,-0.1953125,-0.2197265625,0.69580078125,0.03662109375,3.857421875,0.35400390625,2.67333984375,0.62255859375,5.6884765625,-0.47607421875,3.3203125,-0.01220703125,0.35400390625,-0.23193359375,1.0498046875,0.048828125,0.30517578125,-0.3662109375,0.2685546875,-0.4150390625,0.25634765625,0.30517578125,0.78125,0.1220703125,0.0244140625,0.146484375,1.26953125,-0.01220703125,-0.93994140625,0.146484375,-0.4150390625,-0.35400390625,-1.025390625,0,-0.78125,-0.15869140625,-1.20849609375,0.06103515625,-0.37841796875,0.1220703125,0.15869140625,0.03662109375,-0.64697265625,-0.15869140625,-0.67138671875,-0.0244140625,-0.732421875,-0.048828125,-0.59814453125,-0.0244140625,-0.10986328125,0.048828125,-1.64794921875,-0.03662109375,-2.64892578125,-0.08544921875,-1.66015625,-0.2197265625,-0.45166015625,-0.06103515625,0.35400390625,0.01220703125,0.0244140625,-0.06103515625,-0.0244140625,-0.01220703125,0.20751953125,0,0.18310546875,0.0244140625,0.81787109375,0.03662109375,-0.537109375,0.01220703125,-0.5615234375
1,0.048828125,-0.390625,-0.10986328125,-0.3662109375,0.23193359375,-0.45166015625,-0.15869140625,-0.10986328125,0.03662109375,-0.048828125,-0.25634765625,-0.89111328125,-0.06103515625,1.0986328125,0.18310546875,-0.20751953125,0.03662109375,-0.5859375,0.048828125,-0.10986328125,-0.3173828125,0.87890625,-0.048828125,-0.6103515625,0,3.90625,-0.0244140625,6.21337890625,-0.0244140625,6.103515625,-0.0732421875,4.65087890625,-0.2197265625,0.10986328125,-0.20751953125,-0.74462890625,0.15869140625,-0.439453125,-0.0732421875,-0.78125,0.1953125,-0.1953125,0.146484375,-0.7080078125,0.08544921875,-0.40283203125,0.23193359375,0.5859375,-0.244140625,1.2939453125,-0.439453125,0.7080078125,0.0244140625,-0.23193359375,-0.20751953125,0.7080078125,0,4.248046875,0.341796875,2.9541015625,0.57373046875,6.28662109375,-0.4150390625,3.67431640625,-0.048828125,0.28076171875,-0.1953125,1.0498046875,0.0732421875,0.29296875,-0.341796875,0.2685546875,-0.42724609375,0.2197265625,0.29296875,0.8056640625,0.09765625,0.0244140625,0.09765625,1.26953125,-0.048828125,-0.93994140625,0.15869140625,-0.42724609375,-0.3173828125,-1.025390625,-0.0244140625,-0.79345703125,-0.25634765625,-1.2939453125,0.13427734375,-0.50048828125,0.09765625,0.06103515625,0,-0.78125,-0.13427734375,-0.68359375,-0.03662109375,-0.732421875,-0.1220703125,-0.59814453125,0,-0.13427734375,0.048828125,-1.46484375,-0.01220703125,-2.34375,-0.146484375,-1.50146484375,-0.18310546875,-0.23193359375,-0.06103515625,0.3662109375,0.0244140625,0.0244140625,-0.0732421875,0,-0.03662109375,0.23193359375,-0.01220703125,0.1708984375,0,0.84228515625,0.048828125,-0.537109375,0.0244140625,-0.5615234375
1,0.048828125,-0.40283203125,-0.10986328125,-0.37841796875,0.1953125,-0.439453125,-0.146484375,-0.1220703125,0.048828125,-0.048828125,-0.244140625,-0.87890625,-0.03662109375,1.08642578125,0.15869140625,-0.18310546875,-0.01220703125,-0.59814453125,0.048828125,-0.10986328125,-0.390625,0.89111328125,-0.0244140625,-0.59814453125,0.09765625,3.7353515625,0.0732421875,5.810546875,0.09765625,5.89599609375,-0.06103515625,4.4677734375,-0.15869140625,0.08544921875,-0.2197265625,-0.7568359375,0.15869140625,-0.45166015625,-0.0244140625,-0.8056640625,0.23193359375,-0.20751953125,0.18310546875,-0.7080078125,0.20751953125,-0.390625,0.1708984375,0.59814453125,-0.29296875,1.25732421875,-0.40283203125,0.84228515625,0.06103515625,-0.23193359375,-0.20751953125,0.69580078125,-0.01220703125,4.5166015625,0.37841796875,3.11279296875,0.45166015625,6.65283203125,-0.52490234375,3.91845703125,0,0.1953125,-0.13427734375,1.0498046875,0.08544921875,0.28076171875,-0.3173828125,0.23193359375,-0.42724609375,0.23193359375,0.29296875,0.78125,0.06103515625,0.0244140625,0.0244140625,1.2451171875,-0.09765625,-0.9521484375,0.15869140625,-0.439453125,-0.23193359375,-1.025390625,-0.08544921875,-0.76904296875,-0.3173828125,-1.3427734375,0.0732421875,-0.52490234375,0.0244140625,0,-0.06103515625,-0.8544921875,-0.1220703125,-0.67138671875,-0.06103515625,-0.732421875,-0.18310546875,-0.5859375,0.01220703125,-0.13427734375,0.048828125,-1.25732421875,-0.048828125,-2.06298828125,-0.20751953125,-1.3427734375,-0.146484375,-0.03662109375,-0.0732421875,0.37841796875,0.03662109375,0.0244140625,-0.0732421875,0.01220703125,-0.0244140625,0.20751953125,-0.01220703125,0.15869140625,-0.01220703125,0.8544921875,0.0732421875,-0.52490234375,0.01220703125,-0.57373046875
1,0.06103515625,-0.37841796875,-0.09765625,-0.390625,0.18310546875,-0.45166015625,-0.1220703125,-0.1220703125,0.08544921875,-0.06103515625,-0.244140625,-0.87890625,-0.048828125,1.11083984375,0.1220703125,-0.20751953125,-0.03662109375,-0.59814453125,0,-0.10986328125,-0.40283203125,0.89111328125,-0.048828125,-0.5859375,0.1708984375,3.5888671875,0.0244140625,5.50537109375,0.1220703125,5.74951171875,-0.06103515625,4.345703125,-0.146484375,0.03662109375,-0.146484375,-0.78125,0.146484375,-0.45166015625,0.01220703125,-0.81787109375,0.23193359375,-0.2197265625,0.15869140625,-0.7080078125,0.28076171875,-0.40283203125,0.15869140625,0.59814453125,-0.37841796875,1.220703125,-0.4150390625,0.96435546875,0.08544921875,-0.2197265625,-0.23193359375,0.69580078125,-0.01220703125,4.58984375,0.37841796875,3.173828125,0.28076171875,6.7626953125,-0.54931640625,4.00390625,0.08544921875,0.1220703125,-0.048828125,1.01318359375,0.08544921875,0.28076171875,-0.29296875,0.20751953125,-0.42724609375,0.25634765625,0.29296875,0.78125,0.0244140625,0.01220703125,-0.048828125,1.2939453125,-0.13427734375,-0.9765625,0.146484375,-0.40283203125,-0.1708984375,-1.0498046875,-0.10986328125,-0.8056640625,-0.28076171875,-1.3427734375,0.0732421875,-0.47607421875,0.0732421875,0.0244140625,-0.03662109375,-0.8544921875,-0.13427734375,-0.68359375,-0.048828125,-0.732421875,-0.23193359375,-0.5859375,0,-0.146484375,0.0244140625,-1.06201171875,-0.06103515625,-1.79443359375,-0.2197265625,-1.18408203125,-0.1220703125,0.15869140625,-0.048828125,0.40283203125,0.0244140625,0.03662109375,-0.06103515625,0.0244140625,-0.0244140625,0.20751953125,0,0.146484375,0,0.84228515625,0.0732421875,-0.52490234375,0,-0.57373046875
1,0.048828125,-0.37841796875,-0.09765625,-0.4150390625,0.15869140625,-0.439453125,-0.09765625,-0.10986328125,0.0732421875,-0.0244140625,-0.244140625,-0.8544921875,-0.03662109375,1.0986328125,0.1220703125,-0.1953125,-0.03662109375,-0.62255859375,-0.0732421875,-0.1220703125,-0.37841796875,0.86669921875,-0.09765625,-0.6103515625,0.2197265625,3.4423828125,-0.08544921875,5.2490234375,0.09765625,5.62744140625,-0.06103515625,4.21142578125,-0.18310546875,0,-0.01220703125,-0.81787109375,0.10986328125,-0.48828125,0,-0.81787109375,0.1953125,-0.25634765625,0.146484375,-0.7080078125,0.29296875,-0.390625,0.20751953125,0.62255859375,-0.40283203125,1.171875,-0.3662109375,1.123046875,0.08544921875,-0.20751953125,-0.20751953125,0.68359375,-0.048828125,4.5166015625,0.3662109375,3.08837890625,0.40283203125,6.6162109375,-0.62255859375,3.94287109375,0.0732421875,0.0732421875,0.0244140625,1.025390625,0.06103515625,0.2685546875,-0.23193359375,0.18310546875,-0.32958984375,0.244140625,0.341796875,0.81787109375,-0.01220703125,-0.01220703125,-0.09765625,1.28173828125,-0.146484375,-0.98876953125,0.146484375,-0.37841796875,-0.09765625,-1.07421875,-0.09765625,-0.79345703125,-0.32958984375,-1.35498046875,-0.048828125,-0.37841796875,0.01220703125,0.048828125,-0.048828125,-0.830078125,-0.1708984375,-0.69580078125,0,-0.74462890625,-0.2685546875,-0.5859375,0,-0.10986328125,0.13427734375,-0.93994140625,-0.10986328125,-1.59912109375,-0.20751953125,-1.0986328125,-0.0732421875,0.29296875,-0.0244140625,0.37841796875,0.048828125,0,-0.0732421875,0.0244140625,-0.01220703125,0.2197265625,-0.0244140625,0.1220703125,0.01220703125,0.8544921875,0.08544921875,-0.52490234375,0.01220703125,-0.5615234375
1,0.06103515625,-0.3662109375,-0.09765625,-0.37841796875,0.146484375,-0.439453125,-0.08544921875,-0.1220703125,0.08544921875,-0.01220703125,-0.244140625,-0.87890625,-0.01220703125,1.0986328125,0.09765625,-0.1953125,-0.06103515625,-0.634765625,-0.15869140625,-0.10986328125,-0.3173828125,0.87890625,-0.1220703125,-0.6103515625,0.2197265625,3.33251953125,-0.18310546875,5.0537109375,-0.01220703125,5.50537109375,-0.048828125,4.11376953125,-0.25634765625,-0.0244140625,0.0244140625,-0.86669921875,0.048828125,-0.50048828125,0,-0.81787109375,0.1220703125,-0.25634765625,0.1220703125,-0.72021484375,0.2685546875,-0.40283203125,0.29296875,0.59814453125,-0.439453125,1.15966796875,-0.30517578125,1.25732421875,0.08544921875,-0.23193359375,-0.13427734375,0.68359375,-0.06103515625,4.3212890625,0.3662109375,2.9296875,0.2197265625,6.298828125,-0.732421875,3.74755859375,0.09765625,0.03662109375,0.10986328125,1.0009765625,0.08544921875,0.2685546875,-0.18310546875,0.1708984375,-0.244140625,0.2197265625,0.35400390625,0.79345703125,-0.06103515625,-0.03662109375,-0.13427734375,1.2939453125,-0.1220703125,-1.025390625,0.146484375,-0.390625,-0.0244140625,-1.0986328125,-0.08544921875,-0.81787109375,-0.32958984375,-1.33056640625,-0.1708984375,-0.2685546875,-0.0244140625,0.0732421875,-0.06103515625,-0.8056640625,-0.2197265625,-0.69580078125,0.03662109375,-0.7568359375,-0.29296875,-0.5859375,-0.01220703125,-0.1220703125,0.18310546875,-0.86669921875,-0.13427734375,-1.4892578125,-0.2197265625,-1.06201171875,-0.10986328125,0.35400390625,-0.0244140625,0.35400390625,0.048828125,0,-0.08544921875,0.06103515625,-0.0244140625,0.1708984375,-0.048828125,0.1220703125,0.0244140625,0.86669921875,0.0732421875,-0.50048828125,0,-0.54931640625
1,0.06103515625,-0.35400390625,-0.10986328125,-0.37841796875,0.146484375,-0.4150390625,-0.08544921875,-0.08544921875,0.1220703125,-0.03662109375,-0.2685546875,-0.86669921875,-0.048828125,1.11083984375,0.08544921875,-0.15869140625,-0.06103515625,-0.62255859375,-0.2197265625,-0.1220703125,-0.20751953125,0.9033203125,-0.1953125,-0.62255859375,0.23193359375,3.1982421875,-0.23193359375,4.82177734375,-0.15869140625,5.35888671875,-0.01220703125,3.9794921875,-0.341796875,-0.06103515625,0.08544921875,-0.93994140625,0,-0.52490234375,-0.0244140625,-0.81787109375,0.08544921875,-0.2685546875,0.09765625,-0.732421875,0.1953125,-0.40283203125,0.35400390625,0.62255859375,-0.439453125,1.15966796875,-0.2685546875,1.33056640625,0.1220703125,-0.20751953125,-0.01220703125,0.6591796875,-0.08544921875,3.955078125,0.3662109375,2.6611328125,0.2197265625,5.79833984375,-0.732421875,3.43017578125,0.0244140625,0.03662109375,0.146484375,1.0009765625,0.0732421875,0.2685546875,-0.13427734375,0.1708984375,-0.13427734375,0.20751953125,0.341796875,0.8056640625,-0.08544921875,-0.048828125,-0.146484375,1.2939453125,-0.09765625,-1.025390625,0.08544921875,-0.37841796875,0.01220703125,-1.08642578125,-0.0244140625,-0.830078125,-0.1708984375,-1.318359375,-0.15869140625,-0.15869140625,0.10986328125,0.08544921875,-0.01220703125,-0.8056640625,-0.23193359375,-0.72021484375,0.1220703125,-0.7568359375,-0.29296875,-0.57373046875,0,-0.09765625,0.23193359375,-0.8544921875,-0.20751953125,-1.52587890625,-0.20751953125,-1.07421875,-0.1220703125,0.35400390625,0.0244140625,0.341796875,0.048828125,-0.01220703125,-0.0732421875,0.06103515625,-0.03662109375,0.18310546875,-0.0732421875,0.1220703125,0.03662109375,0.84228515625,0.03662109375,-0.50048828125,-0.0244140625,-0.57373046875
1,0.0732421875,-0.37841796875,-0.08544921875,-0.35400390625,0.15869140625,-0.4150390625,-0.08544921875,-0.0732421875,0.1708984375,-0.048828125,-0.29296875,-0.86669921875,-0.08544921875,1.0986328125,0.0732421875,-0.15869140625,-0.03662109375,-0.6103515625,-0.244140625,-0.1220703125,-0.13427734375,0.89111328125,-0.23193359375,-0.6103515625,0.1953125,3.0029296875,-0.25634765625,4.5654296875,-0.29296875,5.1025390625,-0.01220703125,3.79638671875,-0.3662109375,-0.06103515625,0.13427734375,-0.9765625,-0.03662109375,-0.5126953125,-0.048828125,-0.8056640625,0.08544921875,-0.25634765625,0.09765625,-0.732421875,0.10986328125,-0.4150390625,0.390625,0.62255859375,-0.439453125,1.171875,-0.2197265625,1.3671875,0.13427734375,-0.1953125,0.10986328125,0.6591796875,-0.1220703125,3.4912109375,0.3662109375,2.35595703125,0.23193359375,5.16357421875,-0.830078125,3.01513671875,-0.0244140625,0.048828125,0.1708984375,1.01318359375,0.0244140625,0.23193359375,-0.1220703125,0.1953125,-0.01220703125,0.18310546875,0.25634765625,0.81787109375,-0.146484375,-0.03662109375,-0.146484375,1.28173828125,-0.0244140625,-1.03759765625,0.03662109375,-0.390625,0.048828125,-1.07421875,0.06103515625,-0.830078125,-0.146484375,-1.35498046875,-0.23193359375,-0.13427734375,0.13427734375,0.0732421875,-0.09765625,-0.8544921875,-0.20751953125,-0.69580078125,0.1708984375,-0.76904296875,-0.244140625,-0.57373046875,-0.03662109375,-0.10986328125,0.32958984375,-0.89111328125,-0.2197265625,-1.5869140625,-0.1953125,-1.11083984375,-0.08544921875,0.2685546875,0.01220703125,0.341796875,0.03662109375,-0.03662109375,-0.08544921875,0.048828125,-0.03662109375,0.15869140625,-0.09765625,0.09765625,0.03662109375,0.830078125,0.0244140625,-0.48828125,0,-0.537109375
0,0.10986328125,-0.3662109375,-0.0732421875,-0.32958984375,0.146484375,-0.4150390625,-0.06103515625,-0.048828125,0.2197265625,-0.06103515625,-0.3173828125,-0.87890625,-0.13427734375,1.11083984375,0.01220703125,-0.15869140625,-0.03662109375,-0.6103515625,-0.23193359375,-0.1220703125,-0.10986328125,0.87890625,-0.25634765625,-0.6103515625,0.1220703125,2.77099609375,-0.23193359375,4.21142578125,-0.390625,4.82177734375,0,3.5400390625,-0.40283203125,-0.08544921875,0.1220703125,-1.0009765625,-0.0732421875,-0.48828125,-0.08544921875,-0.79345703125,0.1220703125,-0.25634765625,0.06103515625,-0.7080078125,0.0244140625,-0.4150390625,0.40283203125,0.634765625,-0.42724609375,1.23291015625,-0.18310546875,1.3671875,0.13427734375,-0.1953125,0.146484375,0.64697265625,-0.1220703125,2.99072265625,0.32958984375,1.9775390625,0.146484375,4.4677734375,-0.87890625,2.5634765625,-0.01220703125,0.09765625,0.244140625,1.01318359375,0.0732421875,0.23193359375,-0.08544921875,0.23193359375,0.03662109375,0.1953125,0.1953125,0.79345703125,-0.18310546875,-0.0244140625,-0.15869140625,1.28173828125,0.08544921875,-1.025390625,-0.01220703125,-0.40283203125,0.06103515625,-1.0498046875,0.09765625,-0.81787109375,-0.0732421875,-1.37939453125,-0.2685546875,-0.1220703125,0.2197265625,0.01220703125,-0.08544921875,-0.9033203125,-0.20751953125,-0.69580078125,0.1708984375,-0.74462890625,-0.23193359375,-0.5859375,-0.06103515625,-0.09765625,0.2685546875,-0.9521484375,-0.2685546875,-1.7333984375,-0.2197265625,-1.18408203125,-0.146484375,0.1708984375,0.01220703125,0.341796875,0.048828125,0,-0.0732421875,0.03662109375,-0.0244140625,0.146484375,-0.09765625,0.10986328125,0.0244140625,0.84228515625,0.0244140625,-0.5126953125,-0.01220703125,-0.54931640625
0,0.08544921875,-0.35400390625,-0.0732421875,-0.3662109375,0.146484375,-0.4150390625,-0.01220703125,-0.06103515625,0.23193359375,-0.06103515625,-0.32958984375,-0.87890625,-0.1708984375,1.11083984375,0,-0.18310546875,-0.03662109375,-0.59814453125,-0.1220703125,-0.10986328125,-0.06103515625,0.927734375,-0.18310546875,-0.6103515625,0.0244140625,2.490234375,-0.146484375,3.74755859375,-0.42724609375,4.43115234375,-0.048828125,3.2470703125,-0.35400390625,-0.08544921875,0.13427734375,-1.01318359375,-0.048828125,-0.4638671875,-0.13427734375,-0.8056640625,0.20751953125,-0.23193359375,0.0244140625,-0.7080078125,-0.06103515625,-0.42724609375,0.4150390625,0.6103515625,-0.42724609375,1.33056640625,-0.15869140625,1.28173828125,0.146484375,-0.20751953125,0.1953125,0.6591796875,-0.146484375,2.47802734375,0.32958984375,1.611328125,0.2197265625,3.72314453125,-0.927734375,2.0751953125,-0.0244140625,0.15869140625,0.23193359375,1.0009765625,0.10986328125,0.23193359375,-0.08544921875,0.244140625,0.048828125,0.1953125,0.13427734375,0.8056640625,-0.1953125,-0.0244140625,-0.15869140625,1.28173828125,0.15869140625,-1.01318359375,-0.0732421875,-0.390625,0.1220703125,-1.0498046875,0.15869140625,-0.84228515625,0,-1.4404296875,-0.2197265625,-0.1708984375,0.2685546875,-0.06103515625,-0.1220703125,-1.0009765625,-0.1953125,-0.69580078125,0.1708984375,-0.74462890625,-0.20751953125,-0.59814453125,-0.08544921875,-0.09765625,0.1953125,-1.025390625,-0.32958984375,-1.8798828125,-0.23193359375,-1.25732421875,-0.1953125,0.1220703125,0.03662109375,0.32958984375,0.048828125,-0.01220703125,-0.0732421875,0.048828125,-0.01220703125,0.146484375,-0.0732421875,0.09765625,-0.01220703125,0.830078125,0,-0.5126953125,-0.01220703125,-0.52490234375
0,0.09765625,-0.35400390625,-0.0732421875,-0.3662109375,0.10986328125,-0.42724609375,-0.01220703125,-0.06103515625,0.20751953125,-0.08544921875,-0.30517578125,-0.89111328125,-0.1953125,1.11083984375,-0.01220703125,-0.1953125,-0.048828125,-0.5859375,-0.06103515625,-0.09765625,-0.06103515625,0.91552734375,-0.10986328125,-0.59814453125,-0.03662109375,2.1484375,-0.0732421875,3.1494140625,-0.35400390625,3.9794921875,-0.08544921875,2.8564453125,-0.30517578125,-0.09765625,0.03662109375,-1.0009765625,-0.0732421875,-0.439453125,-0.23193359375,-0.79345703125,0.244140625,-0.1953125,0,-0.7080078125,-0.08544921875,-0.42724609375,0.341796875,0.634765625,-0.4150390625,1.416015625,-0.1953125,1.13525390625,0.1220703125,-0.20751953125,0.2197265625,0.67138671875,-0.18310546875,1.98974609375,0.30517578125,1.23291015625,0.09765625,2.96630859375,-0.9521484375,1.62353515625,0.01220703125,0.1953125,0.25634765625,1.025390625,0.1708984375,0.20751953125,-0.09765625,0.2685546875,0.06103515625,0.2197265625,0.08544921875,0.78125,-0.1953125,-0.01220703125,-0.146484375,1.25732421875,0.20751953125,-0.98876953125,-0.0732421875,-0.390625,0.1953125,-1.025390625,0.146484375,-0.830078125,0.048828125,-1.47705078125,-0.20751953125,-0.23193359375,0.28076171875,-0.15869140625,-0.13427734375,-1.08642578125,-0.2197265625,-0.7080078125,0.09765625,-0.74462890625,-0.2197265625,-0.6103515625,-0.0732421875,-0.09765625,0.25634765625,-1.07421875,-0.18310546875,-1.9775390625,-0.13427734375,-1.30615234375,-0.15869140625,0.06103515625,0.0244140625,0.341796875,0.06103515625,0,-0.06103515625,0,0,0.15869140625,-0.048828125,0.08544921875,-0.0244140625,0.81787109375,-0.01220703125,-0.5126953125,-0.01220703125,-0.537109375
0,0.08544921875,-0.3662109375,-0.09765625,-0.390625,0.08544921875,-0.439453125,0.0244140625,-0.0732421875,0.18310546875,-0.08544921875,-0.29296875,-0.9033203125,-0.2197265625,1.0986328125,-0.03662109375,-0.2197265625,-0.0732421875,-0.5859375,0.01220703125,-0.10986328125,-0.048828125,0.9033203125,0.01220703125,-0.62255859375,-0.10986328125,1.7578125,0,2.490234375,-0.25634765625,3.47900390625,-0.18310546875,2.45361328125,-0.25634765625,-0.09765625,-0.01220703125,-0.9765625,0,-0.42724609375,-0.29296875,-0.79345703125,0.244140625,-0.20751953125,-0.01220703125,-0.72021484375,-0.06103515625,-0.4150390625,0.30517578125,0.634765625,-0.42724609375,1.513671875,-0.2197265625,0.96435546875,0.1220703125,-0.23193359375,0.23193359375,0.67138671875,-0.18310546875,1.52587890625,0.32958984375,0.91552734375,0.048828125,2.24609375,-1.025390625,1.1962890625,0.03662109375,0.25634765625,0.28076171875,1.025390625,0.244140625,0.23193359375,-0.13427734375,0.2685546875,0.06103515625,0.20751953125,0.048828125,0.79345703125,-0.146484375,-0.01220703125,-0.15869140625,1.25732421875,0.23193359375,-0.98876953125,-0.048828125,-0.390625,0.2197265625,-1.0009765625,0.146484375,-0.8056640625,0.048828125,-1.513671875,-0.1953125,-0.30517578125,0.2197265625,-0.244140625,-0.08544921875,-1.13525390625,-0.25634765625,-0.69580078125,0,-0.76904296875,-0.18310546875,-0.6103515625,-0.0732421875,-0.09765625,0.1953125,-1.06201171875,-0.1220703125,-2.03857421875,-0.15869140625,-1.2939453125,-0.244140625,0.06103515625,0.0244140625,0.35400390625,0.048828125,0,-0.0732421875,0,0,0.1708984375,-0.0244140625,0.06103515625,-0.06103515625,0.8056640625,-0.01220703125,-0.50048828125,0,-0.54931640625
0,0.08544921875,-0.37841796875,-0.10986328125,-0.37841796875,0.06103515625,-0.439453125,0.03662109375,-0.0732421875,0.1708984375,-0.06103515625,-0.244140625,-0.89111328125,-0.23193359375,1.0986328125,-0.0244140625,-0.18310546875,-0.0732421875,-0.5859375,0.048828125,-0.10986328125,-0.048828125,0.89111328125,0.15869140625,-0.6103515625,-0.08544921875,1.3671875,0.08544921875,1.7333984375,-0.10986328125,3.0029296875,-0.2197265625,2.0263671875,-0.23193359375,-0.13427734375,-0.06103515625,-0.927734375,0.0244140625,-0.42724609375,-0.30517578125,-0.81787109375,0.2197265625,-0.1953125,0.0732421875,-0.72021484375,-0.01220703125,-0.40283203125,0.18310546875,0.634765625,-0.4150390625,1.5869140625,-0.2685546875,0.732421875,0.146484375,-0.23193359375,0.29296875,0.7080078125,-0.1953125,1.13525390625,0.29296875,0.634765625,0.10986328125,1.611328125,-1.11083984375,0.8544921875,0.09765625,0.29296875,0.20751953125,1.03759765625,0.2685546875,0.2197265625,-0.1708984375,0.2685546875,0.09765625,0.20751953125,0.03662109375,0.87890625,-0.08544921875,-0.01220703125,-0.1953125,1.25732421875,0.2197265625,-0.9765625,-0.0244140625,-0.40283203125,0.28076171875,-0.98876953125,0.10986328125,-0.79345703125,-0.0244140625,-1.4892578125,-0.20751953125,-0.341796875,0.15869140625,-0.28076171875,-0.0732421875,-1.15966796875,-0.23193359375,-0.69580078125,-0.09765625,-0.7568359375,-0.15869140625,-0.6103515625,0,-0.09765625,0.10986328125,-1.01318359375,-0.15869140625,-2.01416015625,-0.146484375,-1.26953125,-0.25634765625,0.1220703125,0.03662109375,0.35400390625,0.048828125,0.01220703125,-0.0732421875,-0.0244140625,-0.01220703125,0.1953125,-0.0244140625,0.0244140625,-0.0732421875,0.78125,0.01220703125,-0.52490234375,-0.01220703125,-0.5859375
0,0.06103515625,-0.37841796875,-0.1220703125,-0.390625,0.048828125,-0.439453125,0.0732421875,-0.08544921875,0.13427734375,-0.048828125,-0.20751953125,-0.91552734375,-0.244140625,1.08642578125,-0.03662109375,-0.1953125,-0.048828125,-0.5859375,0.08544921875,-0.10986328125,-0.0732421875,0.9033203125,0.244140625,-0.6103515625,-0.10986328125,1.01318359375,0.10986328125,1.0009765625,-0.048828125,2.52685546875,-0.30517578125,1.62353515625,-0.25634765625,-0.18310546875,-0.0732421875,-0.89111328125,0.0244140625,-0.439453125,-0.30517578125,-0.830078125,0.1953125,-0.1953125,0.06103515625,-0.7080078125,0.048828125,-0.390625,0.08544921875,0.62255859375,-0.4150390625,1.6357421875,-0.244140625,0.537109375,0.1220703125,-0.244140625,0.32958984375,0.69580078125,-0.20751953125,0.81787109375,0.244140625,0.4150390625,0.08544921875,1.0498046875,-1.13525390625,0.5859375,0.146484375,0.30517578125,0.15869140625,1.03759765625,0.25634765625,0.1953125,-0.25634765625,0.2685546875,0.08544921875,0.2197265625,0.0244140625,0.86669921875,-0.03662109375,-0.01220703125,-0.2197265625,1.25732421875,0.1708984375,-0.9765625,0.01220703125,-0.40283203125,0.30517578125,-1.0009765625,0.03662109375,-0.78125,-0.03662109375,-1.4404296875,-0.13427734375,-0.30517578125,0.09765625,-0.244140625,-0.08544921875,-1.0986328125,-0.2197265625,-0.7080078125,-0.2197265625,-0.7568359375,-0.10986328125,-0.6103515625,0.0244140625,-0.09765625,0.20751953125,-0.89111328125,0.03662109375,-1.904296875,-0.10986328125,-1.1474609375,-0.18310546875,0.2685546875,0,0.35400390625,0.06103515625,0.0244140625,-0.0732421875,-0.048828125,0.01220703125,0.20751953125,-0.0244140625,-0.048828125,-0.06103515625,0.76904296875,0.0244140625,-0.52490234375,-0.03662109375,-0.5859375
0,0.0732421875,-0.3662109375,-0.146484375,-0.40283203125,0.06103515625,-0.439453125,0.048828125,-0.08544921875,0.13427734375,-0.06103515625,-0.1953125,-0.9033203125,-0.25634765625,1.07421875,-0.048828125,-0.1708984375,0,-0.5859375,0.08544921875,-0.1220703125,-0.0244140625,0.89111328125,0.25634765625,-0.59814453125,-0.01220703125,0.7080078125,0.15869140625,0.32958984375,0.03662109375,2.13623046875,-0.2685546875,1.28173828125,-0.32958984375,-0.244140625,-0.048828125,-0.86669921875,0.01220703125,-0.47607421875,-0.30517578125,-0.81787109375,0.15869140625,-0.2197265625,0.08544921875,-0.7080078125,0.1220703125,-0.4150390625,0.048828125,0.6103515625,-0.390625,1.67236328125,-0.1708984375,0.3662109375,0.0732421875,-0.23193359375,0.37841796875,0.7080078125,-0.146484375,0.5615234375,0.20751953125,0.244140625,0.23193359375,0.62255859375,-1.171875,0.40283203125,0.15869140625,0.29296875,0.0732421875,1.0498046875,0.2197265625,0.18310546875,-0.29296875,0.244140625,0.0244140625,0.23193359375,0.01220703125,0.87890625,0.0244140625,-0.0244140625,-0.2197265625,1.25732421875,0.06103515625,-0.98876953125,0.0732421875,-0.390625,0.28076171875,-1.0009765625,-0.03662109375,-0.76904296875,-0.10986328125,-1.3427734375,-0.146484375,-0.20751953125,-0.0244140625,-0.15869140625,-0.1220703125,-0.9765625,-0.1708984375,-0.68359375,-0.3173828125,-0.76904296875,-0.08544921875,-0.59814453125,0.048828125,-0.09765625,0.13427734375,-0.7080078125,-0.0244140625,-1.72119140625,-0.146484375,-0.98876953125,-0.18310546875,0.47607421875,0.01220703125,0.35400390625,0.048828125,0,-0.08544921875,-0.048828125,0,0.23193359375,-0.0244140625,-0.09765625,-0.0244140625,0.7568359375,0.048828125,-0.50048828125,-0.048828125,-0.62255859375
0,0.06103515625,-0.37841796875,-0.13427734375,-0.390625,0.048828125,-0.45166015625,0.048828125,-0.10986328125,0.1220703125,-0.03662109375,-0.18310546875,-0.9033203125,-0.28076171875,1.07421875,-0.048828125,-0.15869140625,0.048828125,-0.5859375,0.06103515625,-0.13427734375,-0.0244140625,0.86669921875,0.2197265625,-0.59814453125,0.06103515625,0.4638671875,0.146484375,-0.18310546875,0.06103515625,1.86767578125,-0.25634765625,1.03759765625,-0.3662109375,-0.30517578125,0.0244140625,-0.84228515625,-0.03662109375,-0.48828125,-0.244140625,-0.81787109375,0.146484375,-0.23193359375,0.03662109375,-0.7080078125,0.1220703125,-0.390625,0.01220703125,0.6103515625,-0.4150390625,1.708984375,-0.15869140625,0.244140625,0.01220703125,-0.2197265625,0.40283203125,0.72021484375,-0.146484375,0.390625,0.15869140625,0.146484375,0.1708984375,0.32958984375,-1.1474609375,0.2685546875,0.23193359375,0.28076171875,0.03662109375,1.06201171875,0.20751953125,0.18310546875,-0.25634765625,0.20751953125,-0.0244140625,0.25634765625,0.01220703125,0.89111328125,0.03662109375,-0.0244140625,-0.25634765625,1.28173828125,-0.048828125,-1.01318359375,0.1220703125,-0.37841796875,0.2685546875,-1.025390625,-0.146484375,-0.78125,-0.15869140625,-1.220703125,-0.146484375,-0.10986328125,-0.1220703125,-0.048828125,-0.13427734375,-0.8056640625,-0.10986328125,-0.69580078125,-0.3662109375,-0.7568359375,-0.0732421875,-0.59814453125,0.0732421875,-0.10986328125,0.15869140625,-0.48828125,-0.01220703125,-1.4404296875,-0.09765625,-0.81787109375,-0.1708984375,0.732421875,0,0.3662109375,0.048828125,0,-0.0732421875,-0.048828125,-0.01220703125,0.244140625,-0.0244140625,-0.146484375,-0.0244140625,0.7568359375,0.06103515625,-0.5126953125,-0.06103515625,-0.64697265625
0,0.06103515625,-0.37841796875,-0.1220703125,-0.390625,0.03662109375,-0.42724609375,0.0732421875,-0.1220703125,0.1220703125,-0.0244140625,-0.1953125,-0.87890625,-0.29296875,1.07421875,-0.03662109375,-0.15869140625,0.09765625,-0.57373046875,0.01220703125,-0.10986328125,-0.0244140625,0.86669921875,0.13427734375,-0.62255859375,0.20751953125,0.35400390625,0.146484375,-0.47607421875,0.09765625,1.74560546875,-0.1708984375,0.9033203125,-0.45166015625,-0.341796875,0.15869140625,-0.84228515625,-0.06103515625,-0.48828125,-0.1953125,-0.81787109375,0.1708984375,-0.23193359375,-0.03662109375,-0.69580078125,0.09765625,-0.4150390625,0.048828125,0.6103515625,-0.45166015625,1.708984375,-0.10986328125,0.1708984375,-0.09765625,-0.244140625,0.3662109375,0.7080078125,-0.10986328125,0.2685546875,0.1708984375,0.048828125,0.10986328125,0.15869140625,-1.06201171875,0.146484375,0.23193359375,0.244140625,-0.0244140625,1.0498046875,0.15869140625,0.18310546875,-0.25634765625,0.23193359375,-0.13427734375,0.25634765625,0.048828125,0.87890625,0.048828125,-0.0732421875,-0.25634765625,1.2939453125,-0.08544921875,-1.025390625,0.10986328125,-0.37841796875,0.18310546875,-1.01318359375,-0.1708984375,-0.76904296875,-0.2197265625,-1.0986328125,-0.1708984375,0.01220703125,-0.18310546875,0.1220703125,-0.08544921875,-0.62255859375,-0.0732421875,-0.68359375,-0.3662109375,-0.76904296875,-0.048828125,-0.5859375,0.06103515625,-0.10986328125,0.23193359375,-0.29296875,0.10986328125,-1.15966796875,-0.03662109375,-0.6103515625,-0.13427734375,0.98876953125,0.0244140625,0.3662109375,0.06103515625,-0.01220703125,-0.0732421875,-0.06103515625,-0.01220703125,0.23193359375,-0.0244140625,-0.1708984375,0.01220703125,0.76904296875,0.048828125,-0.50048828125,-0.0732421875,-0.62255859375
0,0.048828125,-0.37841796875,-0.146484375,-0.390625,0.0244140625,-0.4150390625,0.06103515625,-0.1220703125,0.1220703125,0,-0.20751953125,-0.87890625,-0.29296875,1.06201171875,0.03662109375,-0.146484375,0.0732421875,-0.59814453125,-0.08544921875,-0.146484375,0.01220703125,0.86669921875,0.0244140625,-0.59814453125,0.244140625,0.3662109375,0.08544921875,-0.48828125,0.048828125,1.7822265625,-0.08544921875,0.927734375,-0.5126953125,-0.390625,0.3173828125,-0.84228515625,-0.03662109375,-0.52490234375,-0.10986328125,-0.8056640625,0.244140625,-0.244140625,-0.13427734375,-0.7080078125,0.048828125,-0.42724609375,0.10986328125,0.59814453125,-0.42724609375,1.708984375,-0.15869140625,0.1953125,-0.1708984375,-0.244140625,0.341796875,0.69580078125,-0.06103515625,0.1708984375,0.1953125,0.03662109375,0.1708984375,0.09765625,-0.96435546875,0.08544921875,0.3173828125,0.244140625,-0.09765625,1.0498046875,0.08544921875,0.1953125,-0.29296875,0.2197265625,-0.20751953125,0.244140625,0.0732421875,0.87890625,0.048828125,-0.0732421875,-0.2197265625,1.318359375,-0.09765625,-1.01318359375,0.10986328125,-0.37841796875,0.06103515625,-1.0498046875,-0.1708984375,-0.78125,-0.244140625,-1.025390625,-0.09765625,0.08544921875,-0.1708984375,0.23193359375,-0.08544921875,-0.48828125,-0.0732421875,-0.69580078125,-0.3173828125,-0.7568359375,-0.01220703125,-0.57373046875,0.0244140625,-0.10986328125,0.1220703125,-0.06103515625,-0.0244140625,-0.86669921875,-0.048828125,-0.40283203125,-0.20751953125,1.23291015625,0.06103515625,0.3662109375,0.048828125,0,-0.08544921875,-0.06103515625,0,0.20751953125,-0.03662109375,-0.1708984375,0.0244140625,0.76904296875,0.03662109375,-0.50048828125,-0.09765625,-0.634765625
0,0.048828125,-0.35400390625,-0.13427734375,-0.390625,0.03662109375,-0.40283203125,0.08544921875,-0.146484375,0.146484375,-0.01220703125,-0.23193359375,-0.86669921875,-0.29296875,1.06201171875,0.08544921875,-0.1708984375,0.06103515625,-0.59814453125,-0.13427734375,-0.13427734375,-0.01220703125,0.87890625,-0.03662109375,-0.6103515625,0.244140625,0.5126953125,0.1220703125,-0.2197265625,0,1.98974609375,-0.0244140625,1.11083984375,-0.5859375,-0.40283203125,0.40283203125,-0.86669921875,-0.03662109375,-0.537109375,-0.03662109375,-0.8056640625,0.29296875,-0.2685546875,-0.28076171875,-0.7080078125,0,-0.42724609375,0.23193359375,0.59814453125,-0.4150390625,1.708984375,-0.09765625,0.244140625,-0.244140625,-0.23193359375,0.29296875,0.67138671875,-0.048828125,0.13427734375,0.244140625,0.01220703125,0.09765625,0.146484375,-0.8056640625,0.03662109375,0.3173828125,0.244140625,-0.146484375,1.06201171875,-0.0244140625,0.2197265625,-0.29296875,0.2197265625,-0.28076171875,0.244140625,0.09765625,0.89111328125,0.09765625,-0.10986328125,-0.18310546875,1.33056640625,-0.0732421875,-1.01318359375,0.08544921875,-0.37841796875,-0.0244140625,-1.0498046875,-0.146484375,-0.79345703125,-0.25634765625,-0.98876953125,-0.08544921875,0.10986328125,-0.13427734375,0.3173828125,-0.09765625,-0.40283203125,-0.1220703125,-0.72021484375,-0.244140625,-0.72021484375,-0.0244140625,-0.57373046875,0.0244140625,-0.09765625,0.13427734375,0.1220703125,-0.08544921875,-0.64697265625,-0.06103515625,-0.244140625,-0.25634765625,1.45263671875,0.06103515625,0.3662109375,0.06103515625,-0.01220703125,-0.08544921875,-0.0244140625,-0.0244140625,0.18310546875,-0.06103515625,-0.1220703125,0.03662109375,0.79345703125,0.01220703125,-0.5126953125,-0.1220703125,-0.59814453125
0,0.01220703125,-0.3662109375,-0.09765625,-0.3662109375,0.0244140625,-0.4150390625,0.09765625,-0.13427734375,0.18310546875,-0.0244140625,-0.2685546875,-0.86669921875,-0.3173828125,1.08642578125,0.1220703125,-0.15869140625,-0.01220703125,-0.5859375,-0.18310546875,-0.146484375,-0.08544921875,0.87890625,-0.0732421875,-0.6103515625,0.29296875,0.84228515625,0.13427734375,0.390625,0,2.33154296875,0.0732421875,1.4404296875,-0.5615234375,-0.4150390625,0.439453125,-0.9033203125,-0.03662109375,-0.5126953125,0.0244140625,-0.79345703125,0.3662109375,-0.244140625,-0.341796875,-0.7080078125,-0.03662109375,-0.42724609375,0.2685546875,0.59814453125,-0.3173828125,1.708984375,-0.13427734375,0.35400390625,-0.32958984375,-0.23193359375,0.23193359375,0.68359375,-0.08544921875,0.09765625,0.25634765625,0.048828125,0.08544921875,0.23193359375,-0.7568359375,-0.0244140625,0.30517578125,0.244140625,-0.18310546875,1.03759765625,-0.08544921875,0.23193359375,-0.2197265625,0.2197265625,-0.341796875,0.25634765625,0.1220703125,0.89111328125,0.06103515625,-0.08544921875,-0.1220703125,1.30615234375,0.01220703125,-0.98876953125,0.03662109375,-0.390625,-0.09765625,-1.0498046875,-0.09765625,-0.79345703125,-0.23193359375,-1.01318359375,-0.13427734375,0.08544921875,0,0.28076171875,-0.09765625,-0.4150390625,-0.1953125,-0.69580078125,-0.15869140625,-0.69580078125,-0.0244140625,-0.57373046875,0.03662109375,-0.09765625,0.10986328125,0.28076171875,-0.10986328125,-0.48828125,-0.10986328125,-0.15869140625,-0.244140625,1.57470703125,0.06103515625,0.35400390625,0.06103515625,-0.0244140625,-0.0732421875,-0.01220703125,-0.0244140625,0.1708984375,-0.06103515625,-0.08544921875,0.0244140625,0.79345703125,0.01220703125,-0.50048828125,-0.1220703125,-0.59814453125
0,0.0244140625,-0.3662109375,-0.08544921875,-0.37841796875,0.03662109375,-0.42724609375,0.09765625,-0.1220703125,0.20751953125,-0.0244140625,-0.28076171875,-0.86669921875,-0.25634765625,1.11083984375,0.15869140625,-0.1708984375,-0.09765625,-0.59814453125,-0.1953125,-0.1220703125,-0.146484375,0.9033203125,-0.06103515625,-0.5859375,0.1708984375,1.26953125,0.1220703125,1.20849609375,-0.06103515625,2.9052734375,0.01220703125,1.953125,-0.48828125,-0.37841796875,0.48828125,-0.91552734375,-0.0244140625,-0.47607421875,0.0244140625,-0.78125,0.42724609375,-0.25634765625,-0.42724609375,-0.69580078125,-0.048828125,-0.4150390625,0.341796875,0.59814453125,-0.244140625,1.6845703125,-0.13427734375,0.45166015625,-0.3662109375,-0.23193359375,0.18310546875,0.64697265625,-0.08544921875,0.1220703125,0.3173828125,0.048828125,0.146484375,0.32958984375,-0.62255859375,-0.09765625,0.244140625,0.2197265625,-0.2685546875,1.0498046875,-0.15869140625,0.20751953125,-0.20751953125,0.23193359375,-0.3662109375,0.23193359375,0.06103515625,0.9033203125,0.0732421875,-0.0732421875,-0.0244140625,1.30615234375,0.06103515625,-0.98876953125,-0.01220703125,-0.40283203125,-0.13427734375,-1.03759765625,-0.048828125,-0.79345703125,-0.15869140625,-1.15966796875,-0.03662109375,-0.048828125,0.10986328125,0.20751953125,-0.1220703125,-0.5126953125,-0.244140625,-0.69580078125,-0.0732421875,-0.69580078125,-0.06103515625,-0.5615234375,0.048828125,-0.09765625,0.09765625,0.341796875,-0.15869140625,-0.4150390625,-0.1708984375,-0.10986328125,-0.30517578125,1.64794921875,0.0732421875,0.341796875,0.06103515625,-0.03662109375,-0.06103515625,0,-0.048828125,0.15869140625,-0.0244140625,-0.01220703125,0,0.81787109375,-0.0244140625,-0.50048828125,-0.15869140625,-0.57373046875
1,0.01220703125,-0.35400390625,-0.10986328125,-0.35400390625,0.06103515625,-0.4150390625,0.10986328125,-0.10986328125,0.1708984375,-0.048828125,-0.3173828125,-0.86669921875,-0.23193359375,1.11083984375,0.18310546875,-0.1708984375,-0.1708984375,-0.57373046875,-0.1708984375,-0.1220703125,-0.23193359375,0.87890625,-0.06103515625,-0.5859375,0.09765625,1.81884765625,0.1953125,2.30712890625,-0.048828125,3.5400390625,-0.0244140625,2.587890625,-0.439453125,-0.341796875,0.52490234375,-0.927734375,-0.06103515625,-0.439453125,-0.03662109375,-0.79345703125,0.50048828125,-0.23193359375,-0.439453125,-0.69580078125,-0.03662109375,-0.42724609375,0.341796875,0.5859375,-0.15869140625,1.66015625,-0.048828125,0.54931640625,-0.42724609375,-0.23193359375,0.09765625,0.67138671875,-0.09765625,0.146484375,0.3662109375,0.09765625,0.1708984375,0.40283203125,-0.5126953125,-0.1708984375,0.28076171875,0.2197265625,-0.28076171875,1.0498046875,-0.1953125,0.23193359375,-0.15869140625,0.23193359375,-0.3662109375,0.244140625,0.0732421875,0.91552734375,0.06103515625,-0.06103515625,0.048828125,1.2939453125,0.15869140625,-0.98876953125,-0.06103515625,-0.42724609375,-0.1220703125,-1.03759765625,-0.01220703125,-0.830078125,-0.10986328125,-1.30615234375,0.048828125,-0.1953125,0.2197265625,0.048828125,-0.146484375,-0.68359375,-0.25634765625,-0.69580078125,-0.0244140625,-0.69580078125,-0.10986328125,-0.5859375,0.048828125,-0.09765625,0.1220703125,0.35400390625,-0.18310546875,-0.42724609375,-0.1953125,-0.10986328125,-0.3173828125,1.64794921875,0.06103515625,0.32958984375,0.06103515625,0,-0.06103515625,0.01220703125,-0.06103515625,0.146484375,-0.01220703125,0.06103515625,-0.048828125,0.8056640625,-0.0244140625,-0.5126953125,-0.1708984375,-0.5615234375
1,0.01220703125,-0.341796875,-0.1220703125,-0.3662109375,0.0732421875,-0.42724609375,0.1220703125,-0.08544921875,0.15869140625,-0.06103515625,-0.32958984375,-0.87890625,-0.2197265625,1.123046875,0.18310546875,-0.18310546875,-0.244140625,-0.5615234375,-0.13427734375,-0.1220703125,-0.3173828125,0.89111328125,0.01220703125,-0.59814453125,0.048828125,2.4658203125,0.1220703125,3.4912109375,-0.0732421875,4.3212890625,-0.13427734375,3.2958984375,-0.29296875,-0.25634765625,0.5126953125,-0.9521484375,-0.06103515625,-0.4150390625,-0.09765625,-0.78125,0.52490234375,-0.20751953125,-0.48828125,-0.67138671875,0.01220703125,-0.40283203125,0.3173828125,0.6103515625,-0.09765625,1.611328125,-0.08544921875,0.634765625,-0.48828125,-0.244140625,-0.0244140625,0.6591796875,-0.1220703125,0.18310546875,0.4150390625,0.1220703125,0.146484375,0.47607421875,-0.48828125,-0.23193359375,0.29296875,0.18310546875,-0.29296875,1.0498046875,-0.18310546875,0.2197265625,-0.146484375,0.23193359375,-0.37841796875,0.2197265625,0.08544921875,0.91552734375,0.08544921875,-0.0244140625,0.08544921875,1.26953125,0.244140625,-0.9765625,-0.06103515625,-0.439453125,-0.08544921875,-1.025390625,0.01220703125,-0.8056640625,-0.048828125,-1.4892578125,0.10986328125,-0.40283203125,0.2685546875,-0.13427734375,-0.1708984375,-0.87890625,-0.25634765625,-0.68359375,0,-0.69580078125,-0.15869140625,-0.59814453125,0.06103515625,-0.10986328125,0.1220703125,0.29296875,-0.244140625,-0.52490234375,-0.244140625,-0.15869140625,-0.35400390625,1.57470703125,0.048828125,0.3173828125,0.06103515625,0.01220703125,-0.0732421875,0.03662109375,-0.06103515625,0.15869140625,0.01220703125,0.13427734375,-0.08544921875,0.81787109375,-0.0244140625,-0.52490234375,-0.18310546875,-0.54931640625
1,0.03662109375,-0.341796875,-0.09765625,-0.3662109375,0.048828125,-0.439453125,0.1220703125,-0.08544921875,0.146484375,-0.06103515625,-0.3173828125,-0.86669921875,-0.15869140625,1.13525390625,0.18310546875,-0.18310546875,-0.2685546875,-0.5615234375,-0.10986328125,-0.10986328125,-0.29296875,0.87890625,0.03662109375,-0.5859375,-0.08544921875,3.13720703125,0.048828125,4.7607421875,-0.15869140625,5.11474609375,-0.2685546875,4.04052734375,-0.18310546875,-0.1708984375,0.4638671875,-0.93994140625,-0.09765625,-0.40283203125,-0.18310546875,-0.79345703125,0.537109375,-0.1953125,-0.45166015625,-0.64697265625,0.048828125,-0.4150390625,0.29296875,0.6103515625,-0.01220703125,1.5625,-0.048828125,0.6591796875,-0.5126953125,-0.244140625,-0.10986328125,0.69580078125,-0.09765625,0.23193359375,0.4638671875,0.146484375,0.13427734375,0.45166015625,-0.390625,-0.30517578125,0.35400390625,0.1953125,-0.29296875,1.03759765625,-0.1708984375,0.2197265625,-0.13427734375,0.20751953125,-0.3662109375,0.23193359375,0.09765625,0.91552734375,0.1220703125,-0.0244140625,0.10986328125,1.25732421875,0.2685546875,-0.98876953125,-0.048828125,-0.45166015625,0,-1.03759765625,-0.01220703125,-0.8056640625,0.0244140625,-1.6357421875,0.18310546875,-0.5126953125,0.30517578125,-0.3173828125,-0.1220703125,-1.08642578125,-0.2685546875,-0.69580078125,0.048828125,-0.69580078125,-0.20751953125,-0.62255859375,0.10986328125,-0.09765625,0.15869140625,0.20751953125,-0.18310546875,-0.67138671875,-0.244140625,-0.28076171875,-0.390625,1.47705078125,0.03662109375,0.32958984375,0.06103515625,0.0244140625,-0.06103515625,0.048828125,-0.03662109375,0.1708984375,-0.01220703125,0.244140625,-0.09765625,0.81787109375,-0.03662109375,-0.52490234375,-0.20751953125,-0.537109375
1,0.03662109375,-0.341796875,-0.09765625,-0.35400390625,0.0732421875,-0.439453125,0.146484375,-0.09765625,0.1220703125,-0.0732421875,-0.3173828125,-0.86669921875,-0.146484375,1.11083984375,0.18310546875,-0.18310546875,-0.28076171875,-0.57373046875,-0.10986328125,-0.08544921875,-0.2685546875,0.89111328125,0.048828125,-0.6103515625,-0.08544921875,3.8330078125,-0.03662109375,5.9814453125,-0.18310546875,5.92041015625,-0.28076171875,4.77294921875,-0.10986328125,-0.0732421875,0.47607421875,-0.927734375,-0.146484375,-0.40283203125,-0.20751953125,-0.78125,0.537109375,-0.18310546875,-0.390625,-0.634765625,0.048828125,-0.42724609375,0.23193359375,0.6103515625,0.048828125,1.50146484375,-0.08544921875,0.62255859375,-0.50048828125,-0.20751953125,-0.1708984375,0.7080078125,-0.03662109375,0.25634765625,0.4638671875,0.15869140625,0.13427734375,0.40283203125,-0.341796875,-0.341796875,0.32958984375,0.2197265625,-0.25634765625,1.03759765625,-0.09765625,0.2197265625,-0.1708984375,0.18310546875,-0.30517578125,0.23193359375,0.13427734375,0.927734375,0.1708984375,0,0.09765625,1.2451171875,0.2685546875,-1.0009765625,-0.03662109375,-0.439453125,0.0732421875,-1.025390625,-0.048828125,-0.8056640625,0.048828125,-1.6845703125,0.1708984375,-0.537109375,0.2685546875,-0.42724609375,-0.048828125,-1.1962890625,-0.244140625,-0.69580078125,0.0732421875,-0.7080078125,-0.23193359375,-0.6103515625,0.13427734375,-0.10986328125,0.18310546875,0.09765625,-0.15869140625,-0.81787109375,-0.244140625,-0.390625,-0.3662109375,1.3427734375,0.048828125,0.35400390625,0.06103515625,0.0244140625,-0.0732421875,0.048828125,-0.0244140625,0.1953125,0,0.32958984375,-0.0732421875,0.81787109375,-0.01220703125,-0.52490234375,-0.1953125,-0.54931640625
1,0.0244140625,-0.341796875,-0.09765625,-0.3662109375,0.08544921875,-0.47607421875,0.15869140625,-0.0732421875,0.13427734375,-0.06103515625,-0.30517578125,-0.87890625,-0.08544921875,1.08642578125,0.18310546875,-0.18310546875,-0.20751953125,-0.57373046875,-0.13427734375,-0.09765625,-0.23193359375,0.86669921875,0.03662109375,-0.6103515625,-0.13427734375,4.4189453125,-0.18310546875,7.06787109375,-0.25634765625,6.6650390625,-0.32958984375,5.419921875,-0.10986328125,-0.01220703125,0.42724609375,-0.927734375,-0.1708984375,-0.4150390625,-0.2197265625,-0.8056640625,0.47607421875,-0.18310546875,-0.29296875,-0.634765625,0.0732421875,-0.40283203125,0.13427734375,0.6103515625,0.08544921875,1.4404296875,-0.08544921875,0.57373046875,-0.42724609375,-0.20751953125,-0.1953125,0.72021484375,0.0732421875,0.30517578125,0.439453125,0.1953125,0.1953125,0.3173828125,-0.244140625,-0.35400390625,0.23193359375,0.341796875,-0.244140625,1.03759765625,-0.06103515625,0.2197265625,-0.23193359375,0.1708984375,-0.244140625,0.23193359375,0.15869140625,0.9033203125,0.20751953125,0,0.0732421875,1.2451171875,0.20751953125,-1.0009765625,-0.0244140625,-0.439453125,0.1708984375,-1.01318359375,-0.048828125,-0.81787109375,0.08544921875,-1.64794921875,0.20751953125,-0.3662109375,0.25634765625,-0.390625,0.0244140625,-1.18408203125,-0.2197265625,-0.68359375,0.10986328125,-0.732421875,-0.2197265625,-0.62255859375,0.1708984375,-0.1220703125,0.20751953125,-0.01220703125,-0.1220703125,-0.98876953125,-0.2685546875,-0.48828125,-0.32958984375,1.23291015625,0.08544921875,0.3662109375,0.06103515625,0.03662109375,-0.06103515625,0.048828125,0.01220703125,0.1953125,-0.01220703125,0.4150390625,-0.01220703125,0.830078125,-0.01220703125,-0.52490234375,-0.20751953125,-0.54931640625
1,0.0244140625,-0.3662109375,-0.09765625,-0.390625,0.1220703125,-0.4638671875,0.15869140625,-0.09765625,0.15869140625,-0.048828125,-0.30517578125,-0.86669921875,-0.03662109375,1.0986328125,0.18310546875,-0.1953125,-0.09765625,-0.5615234375,-0.1953125,-0.10986328125,-0.1220703125,0.86669921875,-0.0244140625,-0.6103515625,-0.1708984375,4.931640625,-0.29296875,7.9833984375,-0.30517578125,7.28759765625,-0.32958984375,5.95703125,-0.20751953125,0.08544921875,0.3662109375,-0.9033203125,-0.20751953125,-0.4150390625,-0.2197265625,-0.78125,0.4150390625,-0.20751953125,-0.2197265625,-0.62255859375,0.0244140625,-0.4150390625,0.08544921875,0.59814453125,0.1220703125,1.40380859375,-0.01220703125,0.48828125,-0.35400390625,-0.20751953125,-0.23193359375,0.732421875,0.146484375,0.3173828125,0.4150390625,0.18310546875,0.1220703125,0.2197265625,-0.048828125,-0.341796875,0.23193359375,0.5126953125,-0.2197265625,1.07421875,-0.03662109375,0.244140625,-0.28076171875,0.15869140625,-0.25634765625,0.25634765625,0.1953125,0.91552734375,0.2197265625,0,0.03662109375,1.23291015625,0.13427734375,-1.025390625,-0.01220703125,-0.42724609375,0.23193359375,-1.01318359375,-0.06103515625,-0.81787109375,0.09765625,-1.46484375,0.09765625,-0.048828125,0.244140625,-0.23193359375,0.0732421875,-0.9765625,-0.20751953125,-0.68359375,0.09765625,-0.7568359375,-0.20751953125,-0.62255859375,0.1708984375,-0.1220703125,0.20751953125,-0.146484375,-0.01220703125,-1.11083984375,-0.25634765625,-0.57373046875,-0.28076171875,1.11083984375,0.10986328125,0.390625,0.03662109375,0.0244140625,-0.048828125,0.0244140625,0,0.20751953125,-0.06103515625,0.537109375,-0.0244140625,0.81787109375,0,-0.5126953125,-0.20751953125,-0.537109375
1,0.01220703125,-0.35400390625,-0.048828125,-0.37841796875,0.15869140625,-0.4638671875,0.15869140625,-0.10986328125,0.1708984375,-0.06103515625,-0.3173828125,-0.87890625,-0.0244140625,1.07421875,0.18310546875,-0.18310546875,0.03662109375,-0.57373046875,-0.20751953125,-0.1220703125,-0.048828125,0.87890625,-0.0732421875,-0.6103515625,-0.146484375,5.28564453125,-0.29296875,8.58154296875,-0.35400390625,7.75146484375,-0.30517578125,6.298828125,-0.32958984375,0.15869140625,0.3173828125,-0.89111328125,-0.25634765625,-0.4638671875,-0.244140625,-0.76904296875,0.4150390625,-0.23193359375,-0.146484375,-0.634765625,-0.048828125,-0.4150390625,0.0244140625,0.6103515625,0.09765625,1.3671875,-0.03662109375,0.37841796875,-0.1953125,-0.23193359375,-0.244140625,0.732421875,0.15869140625,0.35400390625,0.3662109375,0.18310546875,0.09765625,0.09765625,-0.048828125,-0.30517578125,0.06103515625,0.76904296875,-0.1708984375,1.07421875,-0.01220703125,0.2685546875,-0.23193359375,0.1708984375,-0.25634765625,0.23193359375,0.18310546875,0.91552734375,0.20751953125,0.0244140625,0.0244140625,1.28173828125,0.0732421875,-1.03759765625,-0.048828125,-0.4150390625,0.28076171875,-0.98876953125,-0.03662109375,-0.8056640625,0.09765625,-1.123046875,0.06103515625,0.52490234375,0.25634765625,0.10986328125,0.1220703125,-0.59814453125,-0.20751953125,-0.67138671875,0.09765625,-0.76904296875,-0.1953125,-0.6103515625,0.146484375,-0.13427734375,0.18310546875,-0.23193359375,-0.08544921875,-1.220703125,-0.23193359375,-0.62255859375,-0.28076171875,1.025390625,0.146484375,0.390625,0.06103515625,0.0244140625,-0.03662109375,0,0.0244140625,0.1953125,-0.0732421875,0.5859375,0,0.81787109375,0,-0.5126953125,-0.1708984375,-0.52490234375
1,0.01220703125,-0.35400390625,-0.03662109375,-0.40283203125,0.18310546875,-0.4638671875,0.18310546875,-0.1220703125,0.20751953125,-0.048828125,-0.35400390625,-0.87890625,-0.01220703125,1.06201171875,0.18310546875,-0.15869140625,0.1220703125,-0.57373046875,-0.1953125,-0.1220703125,0.048828125,0.87890625,-0.1220703125,-0.62255859375,-0.146484375,5.45654296875,-0.25634765625,8.87451171875,-0.37841796875,8.0078125,-0.2197265625,6.4697265625,-0.45166015625,0.20751953125,0.28076171875,-0.89111328125,-0.29296875,-0.48828125,-0.28076171875,-0.732421875,0.40283203125,-0.244140625,-0.13427734375,-0.6591796875,-0.09765625,-0.4150390625,-0.0244140625,0.5859375,0.0732421875,1.3671875,-0.03662109375,0.30517578125,-0.146484375,-0.2197265625,-0.2685546875,0.72021484375,0.20751953125,0.35400390625,0.37841796875,0.15869140625,0.01220703125,0.0244140625,0.01220703125,-0.2685546875,0.0244140625,1.171875,-0.08544921875,1.123046875,-0.03662109375,0.32958984375,-0.2197265625,0.244140625,-0.2685546875,0.244140625,0.18310546875,0.9033203125,0.1708984375,0.01220703125,-0.06103515625,1.26953125,0.048828125,-1.03759765625,-0.048828125,-0.390625,0.25634765625,-1.0009765625,-0.03662109375,-0.79345703125,0.06103515625,-0.64697265625,-0.03662109375,1.28173828125,0.23193359375,0.62255859375,0.09765625,-0.06103515625,-0.2197265625,-0.68359375,0.06103515625,-0.7568359375,-0.15869140625,-0.59814453125,0.1220703125,-0.13427734375,0.20751953125,-0.28076171875,0.06103515625,-1.25732421875,-0.09765625,-0.67138671875,-0.244140625,0.9765625,0.13427734375,0.37841796875,0.06103515625,0.01220703125,-0.048828125,-0.03662109375,0.0244140625,0.1953125,-0.0732421875,0.6591796875,0.01220703125,0.81787109375,-0.01220703125,-0.5126953125,-0.15869140625,-0.537109375
1,0.03662109375,-0.390625,-0.048828125,-0.37841796875,0.1708984375,-0.439453125,0.18310546875,-0.09765625,0.23193359375,-0.048828125,-0.37841796875,-0.87890625,0,1.06201171875,0.1953125,-0.13427734375,0.146484375,-0.57373046875,-0.13427734375,-0.13427734375,0.0732421875,0.89111328125,-0.1220703125,-0.6103515625,-0.146484375,5.419921875,-0.1708984375,8.837890625,-0.3662109375,8.0078125,-0.15869140625,6.40869140625,-0.52490234375,0.244140625,0.244140625,-0.9033203125,-0.3173828125,-0.5126953125,-0.28076171875,-0.7080078125,0.42724609375,-0.2685546875,-0.1220703125,-0.6591796875,-0.1708984375,-0.390625,-0.01220703125,0.59814453125,0.0244140625,1.3671875,-0.0244140625,0.25634765625,-0.048828125,-0.244140625,-0.2685546875,0.69580078125,0.2197265625,0.35400390625,0.3662109375,0.1708984375,-0.06103515625,0,0.048828125,-0.1953125,0.1220703125,1.72119140625,0.01220703125,1.18408203125,-0.03662109375,0.4150390625,-0.18310546875,0.3173828125,-0.2685546875,0.23193359375,0.18310546875,0.89111328125,0.146484375,0.01220703125,-0.048828125,1.30615234375,0.0732421875,-1.06201171875,-0.06103515625,-0.3662109375,0.20751953125,-1.01318359375,0,-0.830078125,-0.048828125,-0.10986328125,-0.01220703125,2.23388671875,0.1953125,1.23291015625,0.03662109375,0.6103515625,-0.18310546875,-0.68359375,0.01220703125,-0.7568359375,-0.1220703125,-0.59814453125,0.09765625,-0.1220703125,0.10986328125,-0.30517578125,-0.048828125,-1.28173828125,-0.08544921875,-0.67138671875,-0.32958984375,0.927734375,0.15869140625,0.37841796875,0.048828125,0,-0.06103515625,-0.048828125,0.01220703125,0.18310546875,-0.06103515625,0.67138671875,0,0.8056640625,-0.03662109375,-0.52490234375,-0.10986328125,-0.52490234375
1,0.0244140625,-0.37841796875,-0.03662109375,-0.35400390625,0.18310546875,-0.42724609375,0.1708984375,-0.08544921875,0.244140625,-0.048828125,-0.390625,-0.89111328125,0.0244140625,1.0498046875,0.18310546875,-0.1220703125,0.1708984375,-0.57373046875,-0.09765625,-0.13427734375,0.03662109375,0.89111328125,-0.08544921875,-0.6103515625,-0.15869140625,5.21240234375,-0.08544921875,8.49609375,-0.30517578125,7.7880859375,-0.13427734375,6.14013671875,-0.5615234375,0.25634765625,0.18310546875,-0.91552734375,-0.30517578125,-0.5126953125,-0.244140625,-0.64697265625,0.5126953125,-0.28076171875,-0.146484375,-0.67138671875,-0.18310546875,-0.3662109375,-0.03662109375,0.5859375,-0.01220703125,1.37939453125,0,0.2685546875,0.01220703125,-0.25634765625,-0.2685546875,0.69580078125,0.25634765625,0.35400390625,0.3173828125,0.18310546875,-0.20751953125,0.01220703125,0.0244140625,-0.146484375,0.06103515625,2.42919921875,0.10986328125,1.2451171875,-0.0244140625,0.50048828125,-0.1220703125,0.42724609375,-0.18310546875,0.23193359375,0.2197265625,0.9033203125,0.1220703125,-0.01220703125,-0.0732421875,1.30615234375,0.048828125,-1.0498046875,-0.08544921875,-0.37841796875,0.15869140625,-1.03759765625,0.01220703125,-0.81787109375,-0.1220703125,0.45166015625,0.0732421875,3.30810546875,0.1953125,1.9287109375,-0.03662109375,1.37939453125,-0.146484375,-0.68359375,-0.03662109375,-0.7568359375,-0.10986328125,-0.5859375,0.01220703125,-0.13427734375,-0.01220703125,-0.32958984375,-0.13427734375,-1.30615234375,-0.06103515625,-0.67138671875,-0.35400390625,0.9033203125,0.146484375,0.35400390625,0.06103515625,-0.01220703125,-0.0732421875,-0.06103515625,-0.01220703125,0.18310546875,-0.048828125,0.67138671875,0,0.78125,-0.048828125,-0.50048828125,-0.10986328125,-0.5615234375
1,0.01220703125,-0.390625,-0.06103515625,-0.3662109375,0.15869140625,-0.4150390625,0.1708984375,-0.0732421875,0.2685546875,-0.06103515625,-0.37841796875,-0.89111328125,0.03662109375,1.06201171875,0.1708984375,-0.1220703125,0.15869140625,-0.5615234375,-0.0732421875,-0.10986328125,-0.048828125,0.89111328125,-0.048828125,-0.62255859375,-0.146484375,4.833984375,0,7.84912109375,-0.244140625,7.3486328125,-0.10986328125,5.70068359375,-0.59814453125,0.2685546875,0.09765625,-0.91552734375,-0.29296875,-0.50048828125,-0.2197265625,-0.6103515625,0.634765625,-0.29296875,-0.18310546875,-0.67138671875,-0.18310546875,-0.37841796875,-0.01220703125,0.5615234375,-0.06103515625,1.3916015625,0.0244140625,0.30517578125,0.0732421875,-0.244140625,-0.25634765625,0.68359375,0.244140625,0.341796875,0.244140625,0.1708984375,-0.15869140625,0.10986328125,0,-0.0732421875,0.08544921875,3.25927734375,0.1708984375,1.33056640625,-0.048828125,0.57373046875,-0.06103515625,0.5615234375,-0.0732421875,0.23193359375,0.1953125,0.9033203125,0.06103515625,-0.0244140625,-0.1220703125,1.33056640625,0.048828125,-1.03759765625,-0.06103515625,-0.35400390625,0.06103515625,-1.03759765625,-0.03662109375,-0.84228515625,-0.18310546875,1.01318359375,0.08544921875,4.43115234375,0.1708984375,2.62451171875,-0.1220703125,2.1240234375,-0.13427734375,-0.67138671875,-0.0732421875,-0.7568359375,-0.0732421875,-0.59814453125,-0.048828125,-0.10986328125,0,-0.3662109375,-0.03662109375,-1.30615234375,-0.01220703125,-0.68359375,-0.29296875,0.89111328125,0.15869140625,0.35400390625,0.06103515625,0,-0.0732421875,-0.06103515625,-0.03662109375,0.15869140625,-0.048828125,0.634765625,-0.0244140625,0.76904296875,-0.0732421875,-0.50048828125,-0.08544921875,-0.5615234375
1,0.01220703125,-0.37841796875,-0.06103515625,-0.35400390625,0.1708984375,-0.439453125,0.1953125,-0.08544921875,0.29296875,-0.0732421875,-0.37841796875,-0.9033203125,0.03662109375,1.07421875,0.146484375,-0.10986328125,0.1220703125,-0.5615234375,-0.03662109375,-0.1220703125,-0.146484375,0.87890625,-0.01220703125,-0.6103515625,-0.10986328125,4.296875,0.0732421875,6.982421875,-0.13427734375,6.7138671875,-0.0732421875,5.13916015625,-0.5859375,0.25634765625,0.0244140625,-0.91552734375,-0.29296875,-0.47607421875,-0.13427734375,-0.54931640625,0.74462890625,-0.25634765625,-0.1708984375,-0.69580078125,-0.1220703125,-0.35400390625,0.01220703125,0.5615234375,-0.09765625,1.3671875,0.01220703125,0.3662109375,0.10986328125,-0.244140625,-0.15869140625,0.6591796875,0.2197265625,0.32958984375,0.2685546875,0.18310546875,-0.20751953125,0.1953125,-0.0244140625,-0.03662109375,0.1220703125,4.19921875,0.244140625,1.45263671875,-0.06103515625,0.67138671875,0.0244140625,0.69580078125,0.0244140625,0.20751953125,0.13427734375,0.9033203125,0,-0.03662109375,-0.10986328125,1.2939453125,0.01220703125,-1.01318359375,-0.03662109375,-0.341796875,-0.01220703125,-1.025390625,-0.06103515625,-0.830078125,-0.23193359375,1.52587890625,0,5.52978515625,0.09765625,3.25927734375,-0.15869140625,2.8076171875,-0.1220703125,-0.69580078125,-0.06103515625,-0.72021484375,-0.0732421875,-0.59814453125,-0.1220703125,-0.1220703125,-0.06103515625,-0.37841796875,-0.1708984375,-1.33056640625,-0.08544921875,-0.732421875,-0.29296875,0.84228515625,0.13427734375,0.341796875,0.06103515625,-0.01220703125,-0.0732421875,-0.06103515625,-0.06103515625,0.15869140625,-0.0244140625,0.5615234375,-0.0732421875,0.7568359375,-0.06103515625,-0.50048828125,-0.0732421875,-0.5615234375
1,0.0244140625,-0.37841796875,-0.048828125,-0.35400390625,0.1708984375,-0.42724609375,0.23193359375,-0.08544921875,0.29296875,-0.08544921875,-0.35400390625,-0.9033203125,0.03662109375,1.08642578125,0.09765625,-0.13427734375,0.0732421875,-0.5859375,-0.01220703125,-0.10986328125,-0.244140625,0.8544921875,0.0244140625,-0.59814453125,-0.08544921875,3.67431640625,0.13427734375,5.96923828125,-0.0244140625,5.94482421875,-0.09765625,4.4677734375,-0.5126953125,0.23193359375,-0.01220703125,-0.927734375,-0.30517578125,-0.45166015625,-0.06103515625,-0.5126953125,0.79345703125,-0.25634765625,-0.13427734375,-0.72021484375,-0.048828125,-0.37841796875,0.01220703125,0.57373046875,-0.09765625,1.3427734375,0.06103515625,0.45166015625,0.1708984375,-0.2197265625,-0.06103515625,0.67138671875,0.2197265625,0.32958984375,0.23193359375,0.1953125,-0.28076171875,0.30517578125,-0.06103515625,-0.048828125,0.146484375,5.2001953125,0.29296875,1.57470703125,-0.0732421875,0.78125,0.03662109375,0.84228515625,0.15869140625,0.20751953125,0.06103515625,0.927734375,-0.0732421875,-0.0244140625,-0.09765625,1.2939453125,-0.01220703125,-1.0009765625,0,-0.37841796875,-0.048828125,-1.0009765625,-0.10986328125,-0.830078125,-0.23193359375,1.953125,-0.01220703125,6.55517578125,-0.0244140625,3.77197265625,-0.10986328125,3.369140625,-0.10986328125,-0.72021484375,-0.048828125,-0.732421875,-0.0732421875,-0.6103515625,-0.1708984375,-0.1220703125,-0.0244140625,-0.42724609375,-0.23193359375,-1.37939453125,-0.0732421875,-0.7568359375,-0.18310546875,0.78125,0.15869140625,0.341796875,0.06103515625,0,-0.0732421875,-0.01220703125,-0.048828125,0.1708984375,0,0.45166015625,-0.09765625,0.78125,-0.06103515625,-0.50048828125,-0.03662109375,-0.5859375
1,0,-0.35400390625,-0.048828125,-0.35400390625,0.15869140625,-0.42724609375,0.25634765625,-0.08544921875,0.25634765625,-0.08544921875,-0.28076171875,-0.9033203125,0.048828125,1.08642578125,0.0244140625,-0.15869140625,0.01220703125,-0.5615234375,-0.0244140625,-0.10986328125,-0.28076171875,0.8544921875,0.03662109375,-0.5859375,-0.0244140625,2.99072265625,0.1708984375,4.8828125,0.01220703125,5.11474609375,-0.08544921875,3.74755859375,-0.54931640625,0.1953125,-0.0244140625,-0.927734375,-0.30517578125,-0.42724609375,-0.03662109375,-0.48828125,0.76904296875,-0.244140625,-0.15869140625,-0.74462890625,0.0244140625,-0.3662109375,0,0.5859375,-0.09765625,1.2939453125,0.09765625,0.52490234375,0.23193359375,-0.1953125,0.0244140625,0.67138671875,0.15869140625,0.35400390625,0.146484375,0.20751953125,-0.3173828125,0.37841796875,-0.09765625,-0.01220703125,0.146484375,6.201171875,0.3173828125,1.6845703125,-0.048828125,0.9033203125,0.06103515625,1.0009765625,0.2197265625,0.1953125,0,0.927734375,-0.15869140625,-0.03662109375,-0.09765625,1.318359375,-0.03662109375,-0.98876953125,0.0732421875,-0.390625,-0.13427734375,-0.98876953125,-0.10986328125,-0.830078125,-0.25634765625,2.24609375,0.0244140625,7.373046875,-0.13427734375,4.18701171875,-0.1220703125,3.759765625,-0.13427734375,-0.7080078125,0,-0.732421875,-0.09765625,-0.6103515625,-0.20751953125,-0.10986328125,0.01220703125,-0.48828125,-0.3173828125,-1.416015625,-0.13427734375,-0.76904296875,-0.1220703125,0.72021484375,0.13427734375,0.341796875,0.06103515625,-0.01220703125,-0.06103515625,0.01220703125,-0.06103515625,0.1708984375,0,0.37841796875,-0.10986328125,0.78125,-0.048828125,-0.48828125,-0.03662109375,-0.57373046875
0,0.0244140625,-0.35400390625,-0.03662109375,-0.3662109375,0.15869140625,-0.45166015625,0.2685546875,-0.08544921875,0.23193359375,-0.08544921875,-0.29296875,-0.91552734375,0.06103515625,1.11083984375,-0.03662109375,-0.15869140625,-0.06103515625,-0.5615234375,-0.0244140625,-0.10986328125,-0.244140625,0.86669921875,0.01220703125,-0.5859375,0.01220703125,2.3193359375,0.10986328125,3.77197265625,0.01220703125,4.28466796875,-0.08544921875,3.02734375,-0.5859375,0.15869140625,-0.0244140625,-0.93994140625,-0.32958984375,-0.390625,-0.01220703125,-0.4638671875,0.7080078125,-0.2197265625,-0.1953125,-0.732421875,0.10986328125,-0.3662109375,0.01220703125,0.5859375,-0.08544921875,1.2451171875,0.08544921875,0.5859375,0.29296875,-0.18310546875,0.09765625,0.69580078125,0.15869140625,0.40283203125,0.15869140625,0.2685546875,-0.29296875,0.4638671875,-0.10986328125,0,0.09765625,7.11669921875,0.32958984375,1.7822265625,0,1.01318359375,0.0732421875,1.11083984375,0.244140625,0.18310546875,-0.0732421875,0.9521484375,-0.146484375,-0.03662109375,-0.0732421875,1.2939453125,-0.03662109375,-0.9765625,0.1708984375,-0.4150390625,-0.1953125,-0.9765625,-0.10986328125,-0.8056640625,-0.20751953125,2.42919921875,0.09765625,7.99560546875,-0.2197265625,4.39453125,0,4.01611328125,-0.1708984375,-0.72021484375,0.0244140625,-0.72021484375,-0.146484375,-0.6103515625,-0.23193359375,-0.10986328125,0.048828125,-0.52490234375,-0.40283203125,-1.45263671875,-0.1708984375,-0.79345703125,-0.1220703125,0.6591796875,0.1220703125,0.341796875,0.0732421875,-0.01220703125,-0.0732421875,0.0244140625,-0.06103515625,0.146484375,-0.01220703125,0.29296875,-0.10986328125,0.79345703125,-0.0732421875,-0.50048828125,-0.048828125,-0.5859375
0,0.0244140625,-0.341796875,-0.0244140625,-0.35400390625,0.1220703125,-0.45166015625,0.28076171875,-0.08544921875,0.1953125,-0.08544921875,-0.23193359375,-0.89111328125,0.06103515625,1.0986328125,-0.06103515625,-0.15869140625,-0.0732421875,-0.57373046875,-0.06103515625,-0.1220703125,-0.1708984375,0.8544921875,-0.048828125,-0.59814453125,0.03662109375,1.67236328125,0.01220703125,2.7099609375,-0.0244140625,3.466796875,-0.08544921875,2.3193359375,-0.5615234375,0.08544921875,0,-0.9033203125,-0.341796875,-0.390625,-0.06103515625,-0.47607421875,0.59814453125,-0.1953125,-0.25634765625,-0.74462890625,0.1220703125,-0.3662109375,0.06103515625,0.6103515625,-0.08544921875,1.171875,0.0732421875,0.5859375,0.28076171875,-0.13427734375,0.13427734375,0.7080078125,0.10986328125,0.45166015625,0.10986328125,0.29296875,-0.244140625,0.50048828125,-0.13427734375,0.0244140625,0.08544921875,7.861328125,0.341796875,1.89208984375,0.06103515625,1.06201171875,0.03662109375,1.1962890625,0.244140625,0.2197265625,-0.1220703125,0.91552734375,-0.1220703125,-0.03662109375,-0.0732421875,1.28173828125,-0.0244140625,-0.9521484375,0.23193359375,-0.390625,-0.23193359375,-0.9521484375,-0.10986328125,-0.79345703125,-0.1708984375,2.4658203125,0.0244140625,8.28857421875,-0.28076171875,4.443359375,0.01220703125,4.06494140625,-0.20751953125,-0.69580078125,0.048828125,-0.72021484375,-0.1708984375,-0.62255859375,-0.15869140625,-0.09765625,0.06103515625,-0.537109375,-0.45166015625,-1.4404296875,-0.23193359375,-0.79345703125,-0.10986328125,0.68359375,0.146484375,0.3662109375,0.08544921875,0,-0.06103515625,0.03662109375,-0.06103515625,0.18310546875,-0.048828125,0.2197265625,-0.0732421875,0.8056640625,-0.03662109375,-0.5126953125,-0.06103515625,-0.5859375
0,0.01220703125,-0.341796875,-0.0244140625,-0.341796875,0.09765625,-0.439453125,0.3173828125,-0.0732421875,0.1708984375,-0.0732421875,-0.20751953125,-0.89111328125,0.03662109375,1.0986328125,-0.10986328125,-0.1708984375,-0.08544921875,-0.59814453125,-0.15869140625,-0.1220703125,-0.048828125,0.86669921875,-0.10986328125,-0.6103515625,0.0732421875,1.0986328125,-0.048828125,1.7333984375,-0.09765625,2.7099609375,-0.06103515625,1.66015625,-0.634765625,0.03662109375,0.048828125,-0.9033203125,-0.35400390625,-0.390625,-0.1220703125,-0.537109375,0.48828125,-0.20751953125,-0.341796875,-0.732421875,0.146484375,-0.37841796875,0.0732421875,0.59814453125,-0.048828125,1.123046875,0.0244140625,0.537109375,0.2685546875,-0.09765625,0.15869140625,0.72021484375,0.10986328125,0.54931640625,0.09765625,0.3662109375,-0.1220703125,0.5126953125,-0.20751953125,0.0732421875,0.15869140625,8.3984375,0.35400390625,1.94091796875,0.13427734375,1.123046875,0.03662109375,1.2451171875,0.1953125,0.2197265625,-0.13427734375,0.9033203125,-0.08544921875,-0.01220703125,-0.09765625,1.28173828125,0.0244140625,-0.9521484375,0.244140625,-0.42724609375,-0.28076171875,-0.93994140625,-0.06103515625,-0.79345703125,-0.10986328125,2.3681640625,-0.03662109375,8.28857421875,-0.28076171875,4.33349609375,0.0244140625,3.955078125,-0.2197265625,-0.7080078125,0.10986328125,-0.72021484375,-0.2197265625,-0.6103515625,-0.09765625,-0.09765625,0.0732421875,-0.5126953125,-0.4638671875,-1.3916015625,-0.3173828125,-0.7568359375,-0.08544921875,0.732421875,0.15869140625,0.390625,0.06103515625,0.01220703125,-0.06103515625,0.048828125,-0.0244140625,0.1708984375,-0.0732421875,0.1708984375,-0.048828125,0.830078125,-0.048828125,-0.50048828125,-0.09765625,-0.54931640625
0,0.01220703125,-0.35400390625,-0.03662109375,-0.3662109375,0.06103515625,-0.45166015625,0.341796875,-0.0732421875,0.1708984375,-0.06103515625,-0.20751953125,-0.87890625,0.0244140625,1.07421875,-0.1220703125,-0.1708984375,-0.08544921875,-0.5859375,-0.1953125,-0.10986328125,0.0732421875,0.84228515625,-0.18310546875,-0.59814453125,0.06103515625,0.52490234375,-0.10986328125,0.84228515625,-0.1953125,2.0263671875,-0.048828125,1.0986328125,-0.59814453125,-0.03662109375,0.08544921875,-0.89111328125,-0.341796875,-0.390625,-0.15869140625,-0.59814453125,0.4638671875,-0.20751953125,-0.40283203125,-0.74462890625,0.146484375,-0.3662109375,0.0244140625,0.59814453125,-0.048828125,1.08642578125,0.01220703125,0.48828125,0.2197265625,-0.08544921875,0.1708984375,0.72021484375,0.146484375,0.64697265625,0.08544921875,0.4150390625,-0.13427734375,0.50048828125,-0.146484375,0.146484375,0.23193359375,8.60595703125,0.28076171875,1.98974609375,0.146484375,1.1474609375,-0.01220703125,1.2451171875,0.20751953125,0.20751953125,-0.1708984375,0.9033203125,-0.01220703125,-0.01220703125,-0.10986328125,1.30615234375,0.06103515625,-0.98876953125,0.25634765625,-0.439453125,-0.2685546875,-0.96435546875,-0.03662109375,-0.8056640625,-0.048828125,2.18505859375,-0.048828125,8.0322265625,-0.23193359375,4.11376953125,-0.01220703125,3.72314453125,-0.1953125,-0.72021484375,0.13427734375,-0.732421875,-0.2197265625,-0.59814453125,-0.03662109375,-0.09765625,0.146484375,-0.4638671875,-0.3173828125,-1.30615234375,-0.32958984375,-0.67138671875,-0.06103515625,0.86669921875,0.15869140625,0.390625,0.06103515625,0.0244140625,-0.0732421875,0.048828125,-0.0244140625,0.1708984375,-0.13427734375,0.13427734375,-0.048828125,0.8544921875,-0.03662109375,-0.52490234375,-0.10986328125,-0.52490234375
0,-0.0244140625,-0.3662109375,-0.048828125,-0.35400390625,0.0732421875,-0.45166015625,0.341796875,-0.0732421875,0.1708984375,-0.048828125,-0.23193359375,-0.87890625,0.01220703125,1.06201171875,-0.13427734375,-0.1953125,-0.048828125,-0.6103515625,-0.2197265625,-0.13427734375,0.13427734375,0.86669921875,-0.2197265625,-0.5859375,0.01220703125,0.06103515625,-0.1220703125,0.06103515625,-0.25634765625,1.4404296875,-0.03662109375,0.5615234375,-0.59814453125,-0.10986328125,0.09765625,-0.89111328125,-0.35400390625,-0.4150390625,-0.25634765625,-0.69580078125,0.42724609375,-0.1953125,-0.439453125,-0.72021484375,0.09765625,-0.3662109375,-0.0244140625,0.57373046875,-0.0244140625,1.0986328125,-0.01220703125,0.42724609375,0.15869140625,-0.048828125,0.18310546875,0.72021484375,0.13427734375,0.7568359375,-0.01220703125,0.47607421875,-0.13427734375,0.4638671875,-0.146484375,0.25634765625,0.15869140625,8.544921875,0.18310546875,1.96533203125,0.146484375,1.1474609375,-0.08544921875,1.1962890625,0.1953125,0.1953125,-0.15869140625,0.8544921875,0.048828125,-0.0244140625,-0.146484375,1.2939453125,0.1220703125,-1.01318359375,0.25634765625,-0.439453125,-0.29296875,-0.9765625,0,-0.78125,0.0244140625,1.94091796875,-0.03662109375,7.4951171875,-0.13427734375,3.80859375,-0.048828125,3.40576171875,-0.15869140625,-0.732421875,0.146484375,-0.7568359375,-0.20751953125,-0.5859375,0.01220703125,-0.10986328125,0.09765625,-0.3173828125,-0.15869140625,-1.15966796875,-0.32958984375,-0.57373046875,-0.10986328125,1.025390625,0.1708984375,0.390625,0.06103515625,0.01220703125,-0.0732421875,0.0244140625,-0.03662109375,0.15869140625,-0.1708984375,0.10986328125,-0.06103515625,0.84228515625,-0.03662109375,-0.537109375,-0.13427734375,-0.5126953125
0,-0.01220703125,-0.3662109375,-0.03662109375,-0.40283203125,0.0732421875,-0.45166015625,0.32958984375,-0.09765625,0.20751953125,-0.048828125,-0.2197265625,-0.87890625,-0.01220703125,1.0498046875,-0.15869140625,-0.1953125,-0.01220703125,-0.59814453125,-0.1708984375,-0.1220703125,0.20751953125,0.87890625,-0.1953125,-0.6103515625,-0.06103515625,-0.3173828125,-0.09765625,-0.59814453125,-0.29296875,0.91552734375,-0.06103515625,0.10986328125,-0.57373046875,-0.15869140625,0.146484375,-0.9033203125,-0.32958984375,-0.42724609375,-0.341796875,-0.76904296875,0.4150390625,-0.2197265625,-0.48828125,-0.69580078125,0.06103515625,-0.341796875,-0.08544921875,0.5615234375,-0.0244140625,1.0986328125,-0.01220703125,0.37841796875,0.10986328125,-0.01220703125,0.20751953125,0.72021484375,0.146484375,0.87890625,-0.09765625,0.537109375,-0.0732421875,0.439453125,-0.1953125,0.37841796875,0.146484375,8.19091796875,0.08544921875,1.94091796875,0.1220703125,1.11083984375,-0.10986328125,1.13525390625,0.13427734375,0.18310546875,-0.1708984375,0.8056640625,0.13427734375,-0.03662109375,-0.18310546875,1.30615234375,0.15869140625,-1.01318359375,0.1708984375,-0.439453125,-0.23193359375,-0.98876953125,0.048828125,-0.78125,0.08544921875,1.6357421875,-0.03662109375,6.82373046875,0,3.466796875,-0.048828125,3.06396484375,-0.15869140625,-0.72021484375,0.09765625,-0.7568359375,-0.2197265625,-0.5615234375,0.06103515625,-0.1220703125,0.1220703125,-0.146484375,-0.06103515625,-0.98876953125,-0.30517578125,-0.439453125,-0.1708984375,1.220703125,0.1708984375,0.390625,0.048828125,0.0244140625,-0.0732421875,0.0244140625,-0.0244140625,0.18310546875,-0.13427734375,0.0732421875,-0.06103515625,0.830078125,-0.03662109375,-0.52490234375,-0.13427734375,-0.50048828125
0,-0.01220703125,-0.390625,-0.01220703125,-0.40283203125,0.06103515625,-0.4150390625,0.30517578125,-0.09765625,0.1953125,-0.03662109375,-0.2197265625,-0.8544921875,-0.03662109375,1.06201171875,-0.15869140625,-0.18310546875,-0.01220703125,-0.59814453125,-0.0732421875,-0.13427734375,0.23193359375,0.89111328125,-0.10986328125,-0.6103515625,-0.146484375,-0.6591796875,-0.09765625,-1.13525390625,-0.29296875,0.48828125,-0.08544921875,-0.25634765625,-0.537109375,-0.18310546875,0.146484375,-0.89111328125,-0.30517578125,-0.47607421875,-0.390625,-0.84228515625,0.390625,-0.2685546875,-0.5126953125,-0.69580078125,-0.01220703125,-0.341796875,-0.146484375,0.57373046875,-0.06103515625,1.171875,0.048828125,0.3173828125,0.0244140625,-0.0244140625,0.23193359375,0.72021484375,0.1708984375,0.96435546875,-0.1708984375,0.59814453125,-0.01220703125,0.42724609375,-0.18310546875,0.5126953125,0.146484375,7.65380859375,-0.01220703125,1.8798828125,0.09765625,1.06201171875,-0.1220703125,1.06201171875,0.09765625,0.1708984375,-0.15869140625,0.830078125,0.15869140625,-0.048828125,-0.1953125,1.2939453125,0.23193359375,-1.025390625,0.13427734375,-0.4150390625,-0.15869140625,-0.98876953125,0.0732421875,-0.8056640625,0.1220703125,1.3671875,0.03662109375,6.06689453125,0.0732421875,3.125,-0.048828125,2.69775390625,-0.1708984375,-0.7080078125,0.01220703125,-0.732421875,-0.1708984375,-0.57373046875,0.08544921875,-0.13427734375,0.0732421875,0,0.08544921875,-0.86669921875,-0.2685546875,-0.32958984375,-0.23193359375,1.40380859375,0.18310546875,0.37841796875,0.03662109375,0.0244140625,-0.0732421875,0.03662109375,-0.03662109375,0.18310546875,-0.13427734375,0.048828125,-0.0732421875,0.81787109375,-0.06103515625,-0.52490234375,-0.13427734375,-0.50048828125
0,-0.01220703125,-0.37841796875,-0.01220703125,-0.390625,0.01220703125,-0.40283203125,0.3173828125,-0.08544921875,0.2197265625,-0.03662109375,-0.20751953125,-0.8544921875,-0.0732421875,1.06201171875,-0.15869140625,-0.15869140625,-0.03662109375,-0.59814453125,0.048828125,-0.09765625,0.18310546875,0.9033203125,0.01220703125,-0.62255859375,-0.29296875,-0.91552734375,-0.13427734375,-1.5869140625,-0.28076171875,0.146484375,-0.1708984375,-0.5615234375,-0.42724609375,-0.1953125,0.1708984375,-0.9033203125,-0.29296875,-0.50048828125,-0.4150390625,-0.89111328125,0.3662109375,-0.2685546875,-0.52490234375,-0.68359375,-0.06103515625,-0.35400390625,-0.1708984375,0.5615234375,-0.0732421875,1.23291015625,0.10986328125,0.3173828125,-0.08544921875,-0.048828125,0.25634765625,0.7080078125,0.18310546875,1.06201171875,-0.18310546875,0.634765625,-0.01220703125,0.439453125,-0.10986328125,0.62255859375,0.146484375,7.01904296875,-0.06103515625,1.7822265625,0.048828125,1.0009765625,-0.1708984375,0.9765625,0.048828125,0.1953125,-0.1708984375,0.8056640625,0.18310546875,-0.0732421875,-0.1953125,1.318359375,0.28076171875,-1.025390625,0.08544921875,-0.40283203125,-0.06103515625,-1.0009765625,0.10986328125,-0.8056640625,0.15869140625,1.08642578125,-0.01220703125,5.35888671875,0.10986328125,2.79541015625,-0.06103515625,2.392578125,-0.1953125,-0.69580078125,-0.09765625,-0.74462890625,-0.146484375,-0.5859375,0.09765625,-0.146484375,0.06103515625,0.1220703125,0.25634765625,-0.78125,-0.1953125,-0.23193359375,-0.23193359375,1.5380859375,0.1953125,0.37841796875,0.03662109375,0.0244140625,-0.0732421875,0.03662109375,-0.048828125,0.1708984375,-0.1220703125,0.0244140625,-0.0732421875,0.81787109375,-0.06103515625,-0.52490234375,-0.10986328125,-0.5126953125
0,-0.03662109375,-0.390625,-0.03662109375,-0.390625,0.01220703125,-0.4150390625,0.29296875,-0.08544921875,0.20751953125,-0.03662109375,-0.18310546875,-0.86669921875,-0.0732421875,1.08642578125,-0.1708984375,-0.13427734375,-0.08544921875,-0.5859375,0.13427734375,-0.10986328125,0.13427734375,0.9033203125,0.15869140625,-0.6103515625,-0.32958984375,-1.0986328125,-0.146484375,-1.904296875,-0.18310546875,-0.13427734375,-0.1953125,-0.8056640625,-0.4150390625,-0.18310546875,0.18310546875,-0.9033203125,-0.28076171875,-0.5126953125,-0.3662109375,-0.93994140625,0.341796875,-0.28076171875,-0.52490234375,-0.68359375,-0.0732421875,-0.35400390625,-0.23193359375,0.54931640625,-0.09765625,1.30615234375,0.20751953125,0.341796875,-0.18310546875,-0.048828125,0.29296875,0.69580078125,0.18310546875,1.11083984375,-0.2197265625,0.64697265625,-0.048828125,0.47607421875,-0.0732421875,0.69580078125,0.15869140625,6.34765625,-0.146484375,1.69677734375,-0.0244140625,0.93994140625,-0.18310546875,0.91552734375,0,0.18310546875,-0.13427734375,0.830078125,0.23193359375,-0.0732421875,-0.13427734375,1.2939453125,0.29296875,-1.025390625,0.06103515625,-0.390625,0.09765625,-1.03759765625,0.09765625,-0.81787109375,0.15869140625,0.87890625,-0.09765625,4.736328125,0.10986328125,2.55126953125,-0.09765625,2.1240234375,-0.1708984375,-0.69580078125,-0.20751953125,-0.74462890625,-0.10986328125,-0.6103515625,0.146484375,-0.146484375,0.03662109375,0.18310546875,0.32958984375,-0.7568359375,-0.146484375,-0.23193359375,-0.25634765625,1.5625,0.1708984375,0.35400390625,0.03662109375,0,-0.06103515625,0.03662109375,-0.0732421875,0.15869140625,-0.09765625,-0.0244140625,-0.10986328125,0.8056640625,-0.06103515625,-0.50048828125,-0.10986328125,-0.52490234375
0,-0.048828125,-0.3662109375,-0.0244140625,-0.3662109375,0.01220703125,-0.42724609375,0.30517578125,-0.08544921875,0.20751953125,-0.048828125,-0.15869140625,-0.8544921875,-0.06103515625,1.08642578125,-0.1708984375,-0.13427734375,-0.09765625,-0.5615234375,0.2197265625,-0.08544921875,0.09765625,0.91552734375,0.2685546875,-0.59814453125,-0.3173828125,-1.220703125,-0.09765625,-2.099609375,-0.10986328125,-0.30517578125,-0.20751953125,-0.9033203125,-0.32958984375,-0.146484375,0.15869140625,-0.91552734375,-0.29296875,-0.5126953125,-0.341796875,-0.927734375,0.28076171875,-0.28076171875,-0.5126953125,-0.68359375,-0.10986328125,-0.341796875,-0.29296875,0.57373046875,-0.09765625,1.3916015625,0.25634765625,0.390625,-0.3173828125,-0.06103515625,0.3173828125,0.7080078125,0.18310546875,1.0986328125,-0.2197265625,0.64697265625,-0.048828125,0.52490234375,0.08544921875,0.732421875,0.23193359375,5.77392578125,-0.20751953125,1.6357421875,-0.08544921875,0.87890625,-0.2197265625,0.84228515625,-0.08544921875,0.1708984375,-0.1220703125,0.8544921875,0.25634765625,-0.0732421875,-0.09765625,1.28173828125,0.2685546875,-1.025390625,0,-0.390625,0.23193359375,-1.025390625,0.048828125,-0.830078125,0.146484375,0.72021484375,-0.18310546875,4.2724609375,0.0732421875,2.392578125,-0.1220703125,1.91650390625,-0.1708984375,-0.69580078125,-0.244140625,-0.7568359375,-0.08544921875,-0.6103515625,0.1220703125,-0.15869140625,0.03662109375,0.15869140625,0.30517578125,-0.830078125,-0.09765625,-0.29296875,-0.244140625,1.50146484375,0.1708984375,0.35400390625,0.0244140625,-0.0244140625,-0.06103515625,0.0244140625,-0.0732421875,0.18310546875,-0.09765625,-0.06103515625,-0.1220703125,0.81787109375,-0.03662109375,-0.50048828125,-0.13427734375,-0.5126953125
0,-0.06103515625,-0.37841796875,-0.03662109375,-0.3662109375,0.01220703125,-0.42724609375,0.28076171875,-0.0732421875,0.1953125,-0.06103515625,-0.13427734375,-0.8544921875,-0.048828125,1.08642578125,-0.146484375,-0.1220703125,-0.0732421875,-0.5615234375,0.2685546875,-0.09765625,0.06103515625,0.89111328125,0.3173828125,-0.5859375,-0.244140625,-1.220703125,-0.06103515625,-2.13623046875,-0.03662109375,-0.37841796875,-0.2197265625,-0.9033203125,-0.37841796875,-0.08544921875,0.23193359375,-0.927734375,-0.32958984375,-0.48828125,-0.30517578125,-0.9033203125,0.29296875,-0.28076171875,-0.439453125,-0.7080078125,-0.13427734375,-0.37841796875,-0.29296875,0.6103515625,-0.13427734375,1.45263671875,0.28076171875,0.4638671875,-0.4150390625,-0.08544921875,0.30517578125,0.69580078125,0.1708984375,1.08642578125,-0.1708984375,0.6103515625,-0.0732421875,0.57373046875,0.20751953125,0.72021484375,0.15869140625,5.37109375,-0.25634765625,1.5869140625,-0.15869140625,0.81787109375,-0.1953125,0.81787109375,-0.146484375,0.18310546875,-0.09765625,0.8544921875,0.18310546875,-0.08544921875,-0.0244140625,1.26953125,0.20751953125,-1.01318359375,-0.0244140625,-0.390625,0.341796875,-1.025390625,0.01220703125,-0.84228515625,0.146484375,0.634765625,-0.25634765625,4.00390625,0.01220703125,2.25830078125,-0.1220703125,1.77001953125,-0.13427734375,-0.68359375,-0.28076171875,-0.74462890625,-0.06103515625,-0.62255859375,0.10986328125,-0.13427734375,0.01220703125,0.048828125,0.40283203125,-0.96435546875,-0.03662109375,-0.40283203125,-0.2197265625,1.3671875,0.13427734375,0.35400390625,0.0244140625,-0.03662109375,-0.06103515625,0.03662109375,-0.0732421875,0.1953125,-0.06103515625,-0.09765625,-0.15869140625,0.830078125,0.01220703125,-0.50048828125,-0.1220703125,-0.537109375
0,-0.08544921875,-0.35400390625,-0.048828125,-0.35400390625,0.01220703125,-0.4150390625,0.28076171875,-0.0732421875,0.1708984375,-0.0732421875,-0.10986328125,-0.8544921875,-0.048828125,1.11083984375,-0.13427734375,-0.146484375,-0.03662109375,-0.54931640625,0.2685546875,-0.09765625,0.09765625,0.87890625,0.35400390625,-0.5859375,-0.1220703125,-1.15966796875,-0.01220703125,-2.0751953125,-0.01220703125,-0.32958984375,-0.1953125,-0.84228515625,-0.439453125,-0.048828125,0.25634765625,-0.927734375,-0.35400390625,-0.4638671875,-0.2197265625,-0.8544921875,0.3173828125,-0.28076171875,-0.35400390625,-0.7080078125,-0.15869140625,-0.37841796875,-0.32958984375,0.59814453125,-0.1220703125,1.50146484375,0.35400390625,0.537109375,-0.52490234375,-0.08544921875,0.2685546875,0.69580078125,0.09765625,1.01318359375,-0.1220703125,0.57373046875,-0.048828125,0.6103515625,0.35400390625,0.67138671875,0.10986328125,5.21240234375,-0.3173828125,1.55029296875,-0.20751953125,0.79345703125,-0.1708984375,0.830078125,-0.18310546875,0.1953125,-0.08544921875,0.89111328125,0.15869140625,-0.06103515625,0.08544921875,1.25732421875,0.15869140625,-1.025390625,-0.048828125,-0.37841796875,0.45166015625,-1.025390625,-0.03662109375,-0.84228515625,0.1220703125,0.59814453125,-0.3173828125,3.857421875,-0.03662109375,2.1728515625,-0.09765625,1.66015625,-0.08544921875,-0.6591796875,-0.28076171875,-0.72021484375,-0.09765625,-0.62255859375,0.08544921875,-0.13427734375,0.03662109375,-0.10986328125,0.4150390625,-1.0986328125,0.01220703125,-0.537109375,-0.18310546875,1.171875,0.146484375,0.3662109375,0.03662109375,-0.0244140625,-0.0732421875,-0.01220703125,-0.06103515625,0.18310546875,-0.06103515625,-0.13427734375,-0.1708984375,0.81787109375,0.01220703125,-0.48828125,-0.1220703125,-0.537109375
0,-0.0732421875,-0.3662109375,-0.048828125,-0.3662109375,-0.01220703125,-0.45166015625,0.244140625,-0.06103515625,0.146484375,-0.06103515625,-0.0732421875,-0.87890625,-0.06103515625,1.123046875,-0.09765625,-0.18310546875,-0.0244140625,-0.52490234375,0.2685546875,-0.10986328125,0.10986328125,0.8544921875,0.28076171875,-0.57373046875,-0.0244140625,-1.0498046875,0.01220703125,-1.91650390625,0.03662109375,-0.1953125,-0.146484375,-0.67138671875,-0.50048828125,-0.03662109375,0.29296875,-0.927734375,-0.35400390625,-0.439453125,-0.09765625,-0.79345703125,0.35400390625,-0.244140625,-0.3173828125,-0.7080078125,-0.2197265625,-0.40283203125,-0.30517578125,0.62255859375,-0.09765625,1.5869140625,0.35400390625,0.5615234375,-0.5859375,-0.1220703125,0.2197265625,0.7080078125,0.03662109375,0.93994140625,-0.0732421875,0.52490234375,-0.03662109375,0.64697265625,0.5615234375,0.5859375,0.0732421875,5.21240234375,-0.30517578125,1.5380859375,-0.25634765625,0.8056640625,-0.146484375,0.830078125,-0.20751953125,0.18310546875,-0.03662109375,0.9033203125,0.13427734375,-0.0244140625,0.18310546875,1.2451171875,0.09765625,-1.025390625,-0.048828125,-0.3662109375,0.4638671875,-1.01318359375,-0.03662109375,-0.84228515625,0.13427734375,0.52490234375,-0.341796875,3.80859375,-0.06103515625,2.099609375,-0.0732421875,1.59912109375,-0.0732421875,-0.68359375,-0.25634765625,-0.74462890625,-0.10986328125,-0.634765625,0.0732421875,-0.1220703125,0,-0.28076171875,0.35400390625,-1.220703125,0.01220703125,-0.67138671875,-0.1953125,0.9765625,0.18310546875,0.3662109375,0.0244140625,-0.03662109375,-0.06103515625,-0.03662109375,-0.03662109375,0.18310546875,-0.09765625,-0.15869140625,-0.13427734375,0.830078125,0.0244140625,-0.5126953125,-0.13427734375,-0.54931640625
1,-0.08544921875,-0.35400390625,-0.03662109375,-0.40283203125,0,-0.42724609375,0.2197265625,-0.08544921875,0.1220703125,-0.06103515625,-0.048828125,-0.9033203125,-0.0732421875,1.123046875,-0.09765625,-0.20751953125,-0.03662109375,-0.52490234375,0.2197265625,-0.1220703125,0.1220703125,0.8544921875,0.1708984375,-0.5615234375,0.08544921875,-0.8544921875,0.048828125,-1.66015625,0.0244140625,0.01220703125,-0.048828125,-0.47607421875,-0.57373046875,0,0.341796875,-0.9033203125,-0.32958984375,-0.439453125,-0.0244140625,-0.74462890625,0.40283203125,-0.25634765625,-0.3173828125,-0.7080078125,-0.20751953125,-0.40283203125,-0.2685546875,0.62255859375,-0.0244140625,1.66015625,0.3662109375,0.57373046875,-0.59814453125,-0.13427734375,0.10986328125,0.7080078125,-0.06103515625,0.87890625,-0.048828125,0.48828125,0.01220703125,0.67138671875,0.68359375,0.47607421875,0.048828125,5.322265625,-0.28076171875,1.55029296875,-0.244140625,0.8056640625,-0.1220703125,0.81787109375,-0.2197265625,0.2197265625,0,0.8544921875,0.13427734375,0,0.25634765625,1.2451171875,0.0732421875,-1.025390625,-0.0244140625,-0.390625,0.439453125,-1.025390625,-0.01220703125,-0.84228515625,0.08544921875,0.48828125,-0.23193359375,3.7353515625,-0.06103515625,2.03857421875,-0.1220703125,1.47705078125,-0.09765625,-0.69580078125,-0.23193359375,-0.7568359375,-0.15869140625,-0.62255859375,0.08544921875,-0.13427734375,-0.0244140625,-0.37841796875,0.29296875,-1.1962890625,0.0244140625,-0.74462890625,-0.1708984375,0.8544921875,0.1953125,0.35400390625,0.01220703125,-0.0244140625,-0.08544921875,-0.06103515625,-0.0244140625,0.18310546875,-0.1220703125,-0.1708984375,-0.10986328125,0.8056640625,0.048828125,-0.5126953125,-0.1220703125,-0.57373046875
1,-0.08544921875,-0.3662109375,-0.0244140625,-0.37841796875,-0.01220703125,-0.4150390625,0.1953125,-0.0732421875,0.09765625,-0.03662109375,-0.0732421875,-0.89111328125,-0.048828125,1.11083984375,-0.0732421875,-0.2197265625,-0.048828125,-0.54931640625,0.15869140625,-0.13427734375,0.13427734375,0.86669921875,0.03662109375,-0.5859375,0.1220703125,-0.64697265625,0.048828125,-1.35498046875,0.0244140625,0.28076171875,0,-0.244140625,-0.64697265625,-0.01220703125,0.341796875,-0.89111328125,-0.29296875,-0.42724609375,0.0244140625,-0.7080078125,0.439453125,-0.23193359375,-0.35400390625,-0.7080078125,-0.244140625,-0.4150390625,-0.244140625,0.634765625,0.0732421875,1.74560546875,0.3173828125,0.5615234375,-0.6591796875,-0.1708984375,0.0732421875,0.69580078125,-0.1220703125,0.78125,-0.048828125,0.45166015625,-0.01220703125,0.67138671875,0.74462890625,0.3662109375,0.03662109375,5.46875,-0.28076171875,1.5869140625,-0.2197265625,0.79345703125,-0.10986328125,0.830078125,-0.2197265625,0.244140625,0.0732421875,0.84228515625,0.18310546875,-0.01220703125,0.29296875,1.25732421875,0.06103515625,-1.025390625,-0.0244140625,-0.390625,0.4638671875,-1.01318359375,0,-0.830078125,0.06103515625,0.3662109375,-0.0732421875,3.60107421875,-0.0244140625,1.89208984375,-0.10986328125,1.318359375,-0.146484375,-0.7080078125,-0.1708984375,-0.74462890625,-0.1953125,-0.62255859375,0.08544921875,-0.1220703125,-0.06103515625,-0.35400390625,0.15869140625,-0.98876953125,-0.01220703125,-0.732421875,-0.10986328125,0.86669921875,0.244140625,0.35400390625,0.0244140625,-0.0244140625,-0.09765625,-0.0732421875,-0.06103515625,0.1708984375,-0.13427734375,-0.1708984375,-0.048828125,0.79345703125,0.06103515625,-0.50048828125,-0.1220703125,-0.5859375
1,-0.10986328125,-0.35400390625,-0.0244140625,-0.390625,-0.03662109375,-0.4150390625,0.18310546875,-0.0732421875,0.10986328125,-0.01220703125,-0.08544921875,-0.89111328125,-0.03662109375,1.08642578125,-0.0732421875,-0.2197265625,-0.048828125,-0.537109375,0.10986328125,-0.13427734375,0.06103515625,0.8544921875,-0.0244140625,-0.57373046875,0.15869140625,-0.42724609375,0.1220703125,-1.07421875,0.0244140625,0.537109375,0.06103515625,-0.048828125,-0.6103515625,-0.06103515625,0.3662109375,-0.9033203125,-0.25634765625,-0.42724609375,0.0732421875,-0.67138671875,0.4150390625,-0.244140625,-0.4150390625,-0.7080078125,-0.2197265625,-0.40283203125,-0.18310546875,0.634765625,0.1708984375,1.85546875,0.28076171875,0.48828125,-0.69580078125,-0.20751953125,-0.01220703125,0.69580078125,-0.08544921875,0.732421875,-0.01220703125,0.42724609375,0.01220703125,0.634765625,0.81787109375,0.29296875,-0.06103515625,5.517578125,-0.244140625,1.59912109375,-0.18310546875,0.78125,-0.13427734375,0.81787109375,-0.18310546875,0.29296875,0.09765625,0.79345703125,0.2197265625,0.01220703125,0.30517578125,1.28173828125,0.048828125,-1.01318359375,-0.0244140625,-0.390625,0.4150390625,-1.025390625,0.0244140625,-0.84228515625,0.048828125,0.20751953125,0.03662109375,3.2958984375,0.048828125,1.6845703125,-0.10986328125,1.06201171875,-0.18310546875,-0.68359375,-0.13427734375,-0.74462890625,-0.2197265625,-0.6103515625,0.08544921875,-0.09765625,-0.09765625,-0.15869140625,-0.06103515625,-0.52490234375,-0.06103515625,-0.54931640625,-0.06103515625,1.06201171875,0.30517578125,0.35400390625,0.03662109375,-0.01220703125,-0.0732421875,-0.08544921875,-0.06103515625,0.18310546875,-0.146484375,-0.1708984375,-0.03662109375,0.78125,0.048828125,-0.5126953125,-0.13427734375,-0.59814453125
1,-0.10986328125,-0.3662109375,-0.0244140625,-0.37841796875,-0.03662109375,-0.42724609375,0.18310546875,-0.08544921875,0.146484375,-0.01220703125,-0.13427734375,-0.87890625,-0.01220703125,1.07421875,-0.06103515625,-0.20751953125,-0.048828125,-0.54931640625,0.048828125,-0.10986328125,0,0.8544921875,-0.0732421875,-0.59814453125,0.1220703125,-0.2685546875,0.2197265625,-0.8544921875,0.03662109375,0.72021484375,0.06103515625,0.08544921875,-0.57373046875,-0.10986328125,0.35400390625,-0.9033203125,-0.23193359375,-0.45166015625,0.0732421875,-0.67138671875,0.439453125,-0.2197265625,-0.42724609375,-0.68359375,-0.146484375,-0.390625,-0.1953125,0.64697265625,0.2685546875,1.86767578125,0.28076171875,0.439453125,-0.7080078125,-0.1953125,-0.048828125,0.69580078125,-0.0732421875,0.72021484375,-0.06103515625,0.40283203125,-0.03662109375,0.62255859375,0.8544921875,0.23193359375,0,5.33447265625,-0.2197265625,1.5869140625,-0.1220703125,0.79345703125,-0.15869140625,0.79345703125,-0.13427734375,0.29296875,0.146484375,0.78125,0.2685546875,0.01220703125,0.2685546875,1.30615234375,0.06103515625,-1.01318359375,0,-0.40283203125,0.3662109375,-1.025390625,0.01220703125,-0.81787109375,-0.01220703125,-0.03662109375,0.13427734375,2.81982421875,0.1220703125,1.416015625,-0.13427734375,0.76904296875,-0.18310546875,-0.69580078125,-0.09765625,-0.74462890625,-0.20751953125,-0.62255859375,0.10986328125,-0.13427734375,-0.10986328125,0.244140625,-0.2197265625,0.20751953125,-0.09765625,-0.2197265625,-0.08544921875,1.513671875,0.29296875,0.3662109375,0.048828125,-0.01220703125,-0.0732421875,-0.0732421875,-0.08544921875,0.15869140625,-0.15869140625,-0.1220703125,-0.0732421875,0.79345703125,0.06103515625,-0.5126953125,-0.1220703125,-0.5859375
1,-0.09765625,-0.3662109375,0,-0.35400390625,-0.0244140625,-0.40283203125,0.1708984375,-0.0732421875,0.15869140625,-0.01220703125,-0.146484375,-0.87890625,0,1.06201171875,-0.08544921875,-0.1708984375,-0.09765625,-0.57373046875,0.06103515625,-0.10986328125,-0.048828125,0.8544921875,-0.06103515625,-0.6103515625,0.03662109375,-0.20751953125,0.2197265625,-0.72021484375,0.01220703125,0.86669921875,-0.01220703125,0.18310546875,-0.5126953125,-0.1708984375,0.341796875,-0.89111328125,-0.23193359375,-0.45166015625,0.01220703125,-0.67138671875,0.42724609375,-0.244140625,-0.4150390625,-0.67138671875,-0.08544921875,-0.390625,-0.28076171875,0.634765625,0.341796875,1.904296875,0.28076171875,0.390625,-0.7080078125,-0.2197265625,-0.08544921875,0.67138671875,-0.03662109375,0.732421875,-0.09765625,0.40283203125,-0.03662109375,0.634765625,0.86669921875,0.20751953125,0.01220703125,4.8828125,-0.2197265625,1.52587890625,-0.1220703125,0.732421875,-0.2197265625,0.7080078125,-0.1220703125,0.30517578125,0.1953125,0.79345703125,0.3173828125,0.01220703125,0.25634765625,1.318359375,0.08544921875,-1.025390625,0.01220703125,-0.390625,0.29296875,-1.01318359375,-0.0244140625,-0.8056640625,-0.03662109375,-0.30517578125,0.2197265625,2.1728515625,0.1953125,1.08642578125,-0.13427734375,0.439453125,-0.15869140625,-0.69580078125,-0.0732421875,-0.7568359375,-0.1953125,-0.62255859375,0.08544921875,-0.1220703125,-0.146484375,0.84228515625,-0.32958984375,1.1962890625,-0.10986328125,0.25634765625,-0.09765625,2.16064453125,0.244140625,0.35400390625,0.048828125,0,-0.08544921875,-0.03662109375,-0.09765625,0.15869140625,-0.146484375,-0.08544921875,-0.10986328125,0.7568359375,0.03662109375,-0.5126953125,-0.1220703125,-0.57373046875
1,-0.10986328125,-0.35400390625,0.01220703125,-0.341796875,-0.01220703125,-0.42724609375,0.15869140625,-0.0732421875,0.1708984375,-0.03662109375,-0.146484375,-0.87890625,0.01220703125,1.0498046875,-0.09765625,-0.1708984375,-0.13427734375,-0.5859375,0.06103515625,-0.09765625,-0.1708984375,0.8544921875,-0.0244140625,-0.59814453125,-0.01220703125,-0.1953125,0.28076171875,-0.69580078125,0.048828125,0.91552734375,-0.0244140625,0.1708984375,-0.45166015625,-0.25634765625,0.32958984375,-0.89111328125,-0.25634765625,-0.48828125,-0.06103515625,-0.69580078125,0.439453125,-0.244140625,-0.4150390625,-0.67138671875,-0.048828125,-0.35400390625,-0.30517578125,0.62255859375,0.4150390625,1.904296875,0.2685546875,0.35400390625,-0.68359375,-0.1953125,-0.13427734375,0.68359375,0.048828125,0.74462890625,-0.048828125,0.40283203125,-0.01220703125,0.64697265625,0.98876953125,0.2197265625,0,4.1259765625,-0.18310546875,1.45263671875,-0.1220703125,0.6591796875,-0.20751953125,0.5859375,-0.13427734375,0.29296875,0.2197265625,0.81787109375,0.29296875,0.01220703125,0.20751953125,1.33056640625,0.09765625,-1.01318359375,0.048828125,-0.37841796875,0.1708984375,-1.025390625,-0.09765625,-0.79345703125,0,-0.5859375,0.2685546875,1.47705078125,0.1953125,0.78125,-0.13427734375,0.08544921875,-0.10986328125,-0.69580078125,-0.06103515625,-0.7568359375,-0.146484375,-0.62255859375,0.08544921875,-0.1220703125,-0.0732421875,1.59912109375,-0.28076171875,2.38037109375,-0.0732421875,0.86669921875,-0.1220703125,2.96630859375,0.1953125,0.35400390625,0.03662109375,0,-0.0732421875,-0.01220703125,-0.10986328125,0.15869140625,-0.13427734375,-0.06103515625,-0.10986328125,0.76904296875,0.01220703125,-0.50048828125,-0.1220703125,-0.5615234375
1,-0.10986328125,-0.3662109375,0.0244140625,-0.341796875,-0.0244140625,-0.45166015625,0.1708984375,-0.09765625,0.13427734375,-0.0244140625,-0.13427734375,-0.86669921875,0.048828125,1.07421875,-0.1220703125,-0.13427734375,-0.1953125,-0.57373046875,0.09765625,-0.10986328125,-0.18310546875,0.87890625,0.03662109375,-0.59814453125,-0.23193359375,-0.244140625,0.15869140625,-0.76904296875,-0.06103515625,0.86669921875,-0.18310546875,0.1220703125,-0.37841796875,-0.37841796875,0.3173828125,-0.9033203125,-0.2685546875,-0.5126953125,-0.1220703125,-0.72021484375,0.439453125,-0.25634765625,-0.4150390625,-0.67138671875,-0.0732421875,-0.35400390625,-0.341796875,0.62255859375,0.390625,1.85546875,0.30517578125,0.341796875,-0.62255859375,-0.18310546875,-0.20751953125,0.68359375,0.0732421875,0.76904296875,-0.08544921875,0.390625,-0.048828125,0.64697265625,1.0498046875,0.244140625,0.06103515625,3.125,-0.1220703125,1.318359375,-0.1220703125,0.54931640625,-0.15869140625,0.439453125,-0.13427734375,0.2685546875,0.244140625,0.8544921875,0.2685546875,-0.01220703125,0.146484375,1.33056640625,0.13427734375,-1.0009765625,0.06103515625,-0.37841796875,0.09765625,-1.01318359375,-0.15869140625,-0.79345703125,0.06103515625,-0.84228515625,0.28076171875,0.8056640625,0.23193359375,0.50048828125,-0.0732421875,-0.2197265625,-0.06103515625,-0.69580078125,-0.048828125,-0.732421875,-0.09765625,-0.62255859375,0.06103515625,-0.1220703125,-0.048828125,2.4658203125,-0.20751953125,3.67431640625,-0.10986328125,1.55029296875,-0.15869140625,3.857421875,0.18310546875,0.37841796875,0.048828125,-0.01220703125,-0.0732421875,0.0244140625,-0.10986328125,0.13427734375,-0.10986328125,-0.06103515625,-0.13427734375,0.8056640625,-0.0244140625,-0.48828125,-0.10986328125,-0.537109375
1,-0.13427734375,-0.35400390625,0.048828125,-0.35400390625,-0.01220703125,-0.439453125,0.20751953125,-0.08544921875,0.10986328125,-0.048828125,-0.1220703125,-0.86669921875,0.08544921875,1.08642578125,-0.13427734375,-0.13427734375,-0.23193359375,-0.5859375,0.13427734375,-0.0732421875,-0.15869140625,0.87890625,0.06103515625,-0.6103515625,-0.341796875,-0.32958984375,0.01220703125,-0.927734375,-0.146484375,0.76904296875,-0.2197265625,0.03662109375,-0.29296875,-0.42724609375,0.30517578125,-0.91552734375,-0.2685546875,-0.537109375,-0.10986328125,-0.7080078125,0.42724609375,-0.2685546875,-0.42724609375,-0.6591796875,-0.09765625,-0.35400390625,-0.390625,0.59814453125,0.3662109375,1.74560546875,0.30517578125,0.3662109375,-0.5615234375,-0.18310546875,-0.2685546875,0.67138671875,0.1220703125,0.74462890625,-0.146484375,0.390625,-0.048828125,0.6591796875,1.01318359375,0.29296875,0.0732421875,1.98974609375,-0.01220703125,1.1962890625,-0.10986328125,0.40283203125,-0.10986328125,0.29296875,-0.13427734375,0.25634765625,0.2685546875,0.89111328125,0.23193359375,-0.03662109375,0.1220703125,1.33056640625,0.13427734375,-0.98876953125,0.06103515625,-0.3662109375,0,-1.03759765625,-0.23193359375,-0.79345703125,0.13427734375,-1.025390625,0.23193359375,0.2685546875,0.2197265625,0.32958984375,-0.01220703125,-0.390625,-0.0244140625,-0.67138671875,-0.0244140625,-0.7568359375,-0.03662109375,-0.634765625,0.03662109375,-0.13427734375,-0.01220703125,3.2958984375,-0.048828125,4.99267578125,-0.08544921875,2.23388671875,-0.10986328125,4.78515625,0.1708984375,0.35400390625,0.048828125,-0.06103515625,-0.08544921875,0.03662109375,-0.10986328125,0.146484375,-0.13427734375,-0.06103515625,-0.1220703125,0.8056640625,-0.03662109375,-0.4638671875,-0.10986328125,-0.54931640625
1,-0.1220703125,-0.3662109375,0.048828125,-0.35400390625,-0.01220703125,-0.439453125,0.18310546875,-0.08544921875,0.09765625,-0.06103515625,-0.09765625,-0.87890625,0.13427734375,1.0986328125,-0.1708984375,-0.146484375,-0.1953125,-0.5615234375,0.1220703125,-0.0732421875,-0.13427734375,0.86669921875,0.0732421875,-0.6103515625,-0.35400390625,-0.4150390625,0,-1.123046875,-0.13427734375,0.64697265625,-0.1708984375,-0.06103515625,-0.25634765625,-0.439453125,0.30517578125,-0.9033203125,-0.30517578125,-0.52490234375,-0.13427734375,-0.72021484375,0.37841796875,-0.2685546875,-0.439453125,-0.6591796875,-0.1708984375,-0.3662109375,-0.42724609375,0.59814453125,0.3173828125,1.6357421875,0.30517578125,0.40283203125,-0.50048828125,-0.146484375,-0.30517578125,0.69580078125,0.13427734375,0.74462890625,-0.15869140625,0.37841796875,-0.06103515625,0.68359375,1.01318359375,0.32958984375,0.10986328125,0.89111328125,0.0732421875,1.06201171875,-0.13427734375,0.2685546875,-0.0244140625,0.18310546875,-0.03662109375,0.20751953125,0.28076171875,0.927734375,0.18310546875,-0.03662109375,0.08544921875,1.30615234375,0.08544921875,-0.98876953125,0.048828125,-0.3662109375,-0.08544921875,-1.025390625,-0.2685546875,-0.8056640625,0.2197265625,-1.06201171875,0.06103515625,0.06103515625,0.2197265625,0.30517578125,0.01220703125,-0.439453125,0,-0.67138671875,0,-0.72021484375,0.06103515625,-0.64697265625,0,-0.146484375,0.048828125,4.06494140625,0.0732421875,6.14013671875,-0.09765625,2.8564453125,-0.09765625,5.56640625,0.146484375,0.341796875,0.0244140625,-0.0732421875,-0.0732421875,0.0244140625,-0.10986328125,0.13427734375,-0.146484375,-0.09765625,-0.13427734375,0.830078125,-0.048828125,-0.4638671875,-0.09765625,-0.52490234375
1,-0.1220703125,-0.3662109375,0.01220703125,-0.3662109375,-0.03662109375,-0.439453125,0.1953125,-0.08544921875,0.0732421875,-0.08544921875,-0.0732421875,-0.87890625,0.18310546875,1.11083984375,-0.1953125,-0.13427734375,-0.146484375,-0.54931640625,0.0732421875,-0.08544921875,-0.03662109375,0.86669921875,0.03662109375,-0.5859375,-0.439453125,-0.50048828125,-0.13427734375,-1.2939453125,-0.2685546875,0.52490234375,-0.20751953125,-0.146484375,-0.20751953125,-0.42724609375,0.23193359375,-0.91552734375,-0.3173828125,-0.52490234375,-0.146484375,-0.69580078125,0.32958984375,-0.25634765625,-0.390625,-0.67138671875,-0.25634765625,-0.3662109375,-0.4638671875,0.59814453125,0.2685546875,1.513671875,0.29296875,0.439453125,-0.37841796875,-0.10986328125,-0.30517578125,0.68359375,0.10986328125,0.732421875,-0.20751953125,0.37841796875,-0.13427734375,0.68359375,0.96435546875,0.390625,0.13427734375,0,0.1708984375,0.9521484375,-0.1708984375,0.18310546875,0.048828125,0.08544921875,0.08544921875,0.1708984375,0.2685546875,0.96435546875,0.13427734375,-0.03662109375,0.03662109375,1.28173828125,0.06103515625,-0.98876953125,0.03662109375,-0.37841796875,-0.146484375,-1.0009765625,-0.28076171875,-0.8056640625,0.3173828125,-0.9765625,0.03662109375,0.244140625,0.244140625,0.45166015625,0.0732421875,-0.2685546875,0,-0.67138671875,0,-0.72021484375,0.09765625,-0.64697265625,-0.03662109375,-0.146484375,0.048828125,4.62646484375,0.03662109375,7.0556640625,-0.10986328125,3.3203125,-0.10986328125,6.15234375,0.1220703125,0.35400390625,0,-0.06103515625,-0.08544921875,0.03662109375,-0.09765625,0.146484375,-0.15869140625,-0.09765625,-0.10986328125,0.84228515625,-0.048828125,-0.4638671875,-0.0732421875,-0.537109375
1,-0.1220703125,-0.35400390625,0.03662109375,-0.37841796875,-0.01220703125,-0.439453125,0.18310546875,-0.06103515625,0.0732421875,-0.08544921875,-0.06103515625,-0.89111328125,0.1953125,1.11083984375,-0.20751953125,-0.13427734375,-0.06103515625,-0.54931640625,0.03662109375,-0.08544921875,0.0732421875,0.8544921875,-0.0244140625,-0.5859375,-0.439453125,-0.52490234375,-0.23193359375,-1.3916015625,-0.29296875,0.5126953125,-0.15869140625,-0.13427734375,-0.244140625,-0.37841796875,0.15869140625,-0.9033203125,-0.341796875,-0.50048828125,-0.15869140625,-0.68359375,0.30517578125,-0.244140625,-0.35400390625,-0.68359375,-0.3173828125,-0.390625,-0.4638671875,0.6103515625,0.244140625,1.3671875,0.28076171875,0.4638671875,-0.35400390625,-0.09765625,-0.2685546875,0.69580078125,0.0732421875,0.68359375,-0.23193359375,0.35400390625,-0.1953125,0.64697265625,0.9033203125,0.40283203125,0.08544921875,-0.5126953125,0.244140625,0.9033203125,-0.18310546875,0.1220703125,0.1220703125,0.06103515625,0.20751953125,0.146484375,0.23193359375,0.9765625,0.0732421875,-0.03662109375,0.06103515625,1.26953125,0.048828125,-0.9765625,0.01220703125,-0.37841796875,-0.1953125,-0.98876953125,-0.25634765625,-0.8056640625,0.40283203125,-0.67138671875,-0.01220703125,0.830078125,0.28076171875,0.78125,0.13427734375,0.1220703125,0.0244140625,-0.6591796875,0,-0.732421875,0.1220703125,-0.634765625,-0.06103515625,-0.146484375,0.03662109375,4.99267578125,0.08544921875,7.62939453125,-0.1220703125,3.61328125,-0.1220703125,6.5185546875,0.1220703125,0.3662109375,-0.0244140625,-0.06103515625,-0.0732421875,0.01220703125,-0.08544921875,0.15869140625,-0.1708984375,-0.13427734375,-0.1220703125,0.830078125,-0.048828125,-0.4638671875,-0.10986328125,-0.52490234375
1,-0.146484375,-0.35400390625,0.048828125,-0.3662109375,-0.0244140625,-0.439453125,0.15869140625,-0.048828125,0.06103515625,-0.0732421875,-0.03662109375,-0.89111328125,0.1953125,1.11083984375,-0.2685546875,-0.146484375,0.048828125,-0.54931640625,0.0244140625,-0.08544921875,0.146484375,0.84228515625,-0.06103515625,-0.59814453125,-0.35400390625,-0.45166015625,-0.09765625,-1.35498046875,-0.30517578125,0.5859375,-0.0732421875,-0.048828125,-0.3173828125,-0.3173828125,0.10986328125,-0.9033203125,-0.30517578125,-0.4638671875,-0.15869140625,-0.67138671875,0.30517578125,-0.244140625,-0.35400390625,-0.69580078125,-0.37841796875,-0.37841796875,-0.52490234375,0.59814453125,0.20751953125,1.23291015625,0.3662109375,0.48828125,-0.28076171875,-0.10986328125,-0.23193359375,0.68359375,-0.01220703125,0.67138671875,-0.3173828125,0.37841796875,-0.2685546875,0.5859375,0.84228515625,0.42724609375,-0.03662109375,-0.57373046875,0.29296875,0.89111328125,-0.1953125,0.13427734375,0.10986328125,0.08544921875,0.29296875,0.13427734375,0.18310546875,0.93994140625,-0.01220703125,-0.01220703125,0.08544921875,1.25732421875,0.0732421875,-0.96435546875,-0.0244140625,-0.390625,-0.20751953125,-0.98876953125,-0.20751953125,-0.8056640625,0.390625,-0.20751953125,-0.08544921875,1.85546875,0.28076171875,1.30615234375,0.1220703125,0.69580078125,0.048828125,-0.6591796875,-0.01220703125,-0.69580078125,0.13427734375,-0.6103515625,-0.0732421875,-0.15869140625,0,5.0537109375,0.15869140625,7.8369140625,-0.1220703125,3.662109375,-0.146484375,6.60400390625,0.09765625,0.35400390625,-0.03662109375,-0.048828125,-0.0732421875,0,-0.08544921875,0.13427734375,-0.20751953125,-0.1220703125,-0.10986328125,0.81787109375,-0.03662109375,-0.47607421875,-0.08544921875,-0.5126953125
1,-0.13427734375,-0.37841796875,0.06103515625,-0.37841796875,-0.03662109375,-0.439453125,0.13427734375,-0.03662109375,0.08544921875,-0.0732421875,-0.01220703125,-0.86669921875,0.1953125,1.08642578125,-0.23193359375,-0.15869140625,0.09765625,-0.5615234375,0.03662109375,-0.08544921875,0.20751953125,0.84228515625,-0.1220703125,-0.5859375,-0.4150390625,-0.29296875,-0.13427734375,-1.1962890625,-0.341796875,0.7568359375,-0.08544921875,0.1220703125,-0.32958984375,-0.2197265625,0.0732421875,-0.927734375,-0.28076171875,-0.4638671875,-0.13427734375,-0.6591796875,0.30517578125,-0.244140625,-0.37841796875,-0.69580078125,-0.40283203125,-0.390625,-0.52490234375,0.59814453125,0.18310546875,1.15966796875,0.4150390625,0.48828125,-0.23193359375,-0.146484375,-0.13427734375,0.69580078125,-0.048828125,0.6591796875,-0.29296875,0.4150390625,-0.244140625,0.54931640625,0.87890625,0.45166015625,-0.01220703125,-0.1220703125,0.341796875,0.9765625,-0.15869140625,0.1953125,0.15869140625,0.1708984375,0.341796875,0.13427734375,0.1220703125,0.93994140625,-0.06103515625,-0.01220703125,0.08544921875,1.220703125,0.08544921875,-0.96435546875,-0.06103515625,-0.390625,-0.1708984375,-0.9765625,-0.13427734375,-0.830078125,0.35400390625,0.390625,-0.048828125,3.18603515625,0.23193359375,1.96533203125,0.0732421875,1.42822265625,0.048828125,-0.6591796875,-0.03662109375,-0.7080078125,0.048828125,-0.6103515625,-0.0732421875,-0.1708984375,-0.0244140625,4.87060546875,0.30517578125,7.666015625,-0.09765625,3.5888671875,-0.1220703125,6.45751953125,0.1220703125,0.3662109375,-0.048828125,-0.048828125,-0.08544921875,-0.01220703125,-0.06103515625,0.146484375,-0.244140625,-0.09765625,-0.06103515625,0.81787109375,-0.0244140625,-0.48828125,-0.09765625,-0.5126953125
0,-0.146484375,-0.35400390625,0.09765625,-0.390625,-0.0244140625,-0.439453125,0.13427734375,-0.0732421875,0.08544921875,-0.048828125,-0.0244140625,-0.89111328125,0.18310546875,1.08642578125,-0.25634765625,-0.1953125,0.10986328125,-0.5615234375,0.0732421875,-0.10986328125,0.18310546875,0.830078125,-0.1220703125,-0.57373046875,-0.37841796875,-0.06103515625,-0.03662109375,-0.96435546875,-0.244140625,1.03759765625,-0.03662109375,0.37841796875,-0.32958984375,-0.15869140625,0.0244140625,-0.89111328125,-0.20751953125,-0.439453125,-0.1220703125,-0.68359375,0.341796875,-0.244140625,-0.40283203125,-0.7080078125,-0.390625,-0.37841796875,-0.537109375,0.57373046875,0.13427734375,1.123046875,0.4150390625,0.48828125,-0.1708984375,-0.15869140625,-0.048828125,0.68359375,-0.1220703125,0.69580078125,-0.3173828125,0.47607421875,-0.244140625,0.48828125,0.7568359375,0.50048828125,0.0244140625,0.7568359375,0.341796875,1.08642578125,-0.10986328125,0.30517578125,0.15869140625,0.3173828125,0.32958984375,0.15869140625,0.06103515625,0.87890625,-0.0732421875,-0.01220703125,0.10986328125,1.220703125,0.08544921875,-0.9765625,-0.08544921875,-0.40283203125,-0.09765625,-0.9765625,-0.10986328125,-0.81787109375,0.29296875,1.03759765625,0,4.7119140625,0.244140625,2.7099609375,0.048828125,2.24609375,0.048828125,-0.6591796875,-0.06103515625,-0.72021484375,-0.01220703125,-0.59814453125,-0.03662109375,-0.13427734375,-0.048828125,4.5166015625,0.25634765625,7.16552734375,-0.1220703125,3.2958984375,-0.08544921875,6.06689453125,0.0732421875,0.3662109375,-0.06103515625,-0.01220703125,-0.0732421875,-0.01220703125,-0.0732421875,0.1708984375,-0.244140625,-0.0732421875,-0.048828125,0.830078125,0,-0.50048828125,-0.0732421875,-0.50048828125
0,-0.146484375,-0.3662109375,0.09765625,-0.390625,-0.048828125,-0.42724609375,0.13427734375,-0.06103515625,0.146484375,-0.048828125,-0.01220703125,-0.89111328125,0.1708984375,1.06201171875,-0.2685546875,-0.18310546875,0.1220703125,-0.54931640625,0.08544921875,-0.1220703125,0.10986328125,0.81787109375,-0.09765625,-0.5615234375,-0.30517578125,0.2197265625,0.09765625,-0.64697265625,-0.20751953125,1.37939453125,-0.03662109375,0.68359375,-0.25634765625,-0.06103515625,-0.01220703125,-0.9033203125,-0.146484375,-0.4150390625,-0.10986328125,-0.69580078125,0.4150390625,-0.23193359375,-0.40283203125,-0.72021484375,-0.3173828125,-0.390625,-0.57373046875,0.6103515625,0.15869140625,1.11083984375,0.42724609375,0.4638671875,-0.09765625,-0.20751953125,0.0244140625,0.68359375,-0.1708984375,0.732421875,-0.37841796875,0.537109375,-0.06103515625,0.4150390625,0.62255859375,0.52490234375,-0.01220703125,1.98974609375,0.4150390625,1.2451171875,-0.048828125,0.48828125,0.1708984375,0.47607421875,0.341796875,0.1708984375,-0.0244140625,0.8544921875,-0.03662109375,0,0.08544921875,1.23291015625,0.048828125,-1.0009765625,-0.08544921875,-0.37841796875,0.03662109375,-1.01318359375,-0.09765625,-0.8056640625,0.15869140625,1.69677734375,-0.10986328125,6.26220703125,0.1708984375,3.41796875,-0.03662109375,3.0517578125,0.03662109375,-0.6591796875,-0.06103515625,-0.732421875,-0.09765625,-0.5615234375,-0.01220703125,-0.13427734375,-0.06103515625,4.01611328125,0.15869140625,6.45751953125,-0.15869140625,2.9052734375,-0.0244140625,5.56640625,0.048828125,0.3662109375,-0.06103515625,-0.01220703125,-0.0732421875,-0.048828125,-0.08544921875,0.15869140625,-0.23193359375,-0.06103515625,-0.03662109375,0.81787109375,-0.01220703125,-0.5126953125,-0.0732421875,-0.5126953125
0,-0.146484375,-0.35400390625,0.048828125,-0.390625,-0.0732421875,-0.42724609375,0.1220703125,-0.0732421875,0.13427734375,-0.03662109375,-0.01220703125,-0.87890625,0.18310546875,1.0498046875,-0.244140625,-0.1953125,0.1220703125,-0.54931640625,0.13427734375,-0.13427734375,0.048828125,0.830078125,-0.09765625,-0.5859375,-0.3173828125,0.47607421875,0.09765625,-0.32958984375,-0.146484375,1.77001953125,-0.03662109375,0.9521484375,-0.1708984375,-0.048828125,-0.03662109375,-0.9033203125,-0.09765625,-0.439453125,-0.0244140625,-0.732421875,0.4638671875,-0.23193359375,-0.37841796875,-0.72021484375,-0.1953125,-0.390625,-0.57373046875,0.6103515625,0.146484375,1.13525390625,0.45166015625,0.439453125,-0.048828125,-0.20751953125,0.0732421875,0.67138671875,-0.20751953125,0.8056640625,-0.390625,0.5859375,-0.09765625,0.3662109375,0.5126953125,0.57373046875,-0.0732421875,3.4423828125,0.40283203125,1.46484375,0.0244140625,0.67138671875,0.10986328125,0.6591796875,0.3173828125,0.2197265625,-0.06103515625,0.8056640625,-0.01220703125,-0.01220703125,0.03662109375,1.25732421875,-0.01220703125,-1.01318359375,-0.06103515625,-0.390625,0.18310546875,-1.0009765625,-0.1220703125,-0.81787109375,0.0244140625,2.294921875,-0.048828125,7.6416015625,0.08544921875,4.06494140625,-0.08544921875,3.80859375,0.01220703125,-0.68359375,-0.0244140625,-0.732421875,-0.18310546875,-0.5859375,-0.01220703125,-0.1220703125,-0.09765625,3.4912109375,0.01220703125,5.65185546875,-0.18310546875,2.490234375,0.048828125,5.029296875,0.0244140625,0.37841796875,-0.06103515625,0.0244140625,-0.06103515625,-0.048828125,-0.10986328125,0.1708984375,-0.2197265625,-0.03662109375,-0.09765625,0.79345703125,0,-0.537109375,-0.0732421875,-0.52490234375
0,-0.15869140625,-0.35400390625,0.08544921875,-0.390625,-0.048828125,-0.439453125,0.13427734375,-0.06103515625,0.13427734375,-0.01220703125,0.0244140625,-0.9033203125,0.15869140625,1.06201171875,-0.25634765625,-0.1953125,0.0732421875,-0.54931640625,0.15869140625,-0.146484375,-0.0732421875,0.84228515625,-0.03662109375,-0.59814453125,-0.23193359375,0.69580078125,0.15869140625,-0.03662109375,-0.06103515625,2.099609375,0.03662109375,1.20849609375,-0.09765625,0,0,-0.9033203125,-0.08544921875,-0.439453125,0.0732421875,-0.76904296875,0.4638671875,-0.25634765625,-0.32958984375,-0.732421875,-0.08544921875,-0.37841796875,-0.59814453125,0.5859375,0.1953125,1.171875,0.48828125,0.40283203125,0.0244140625,-0.1953125,0.146484375,0.69580078125,-0.244140625,0.87890625,-0.42724609375,0.634765625,-0.06103515625,0.341796875,0.390625,0.57373046875,0.06103515625,4.931640625,0.32958984375,1.66015625,0.06103515625,0.87890625,0.03662109375,0.8544921875,0.341796875,0.244140625,-0.1220703125,0.8056640625,0.06103515625,-0.01220703125,-0.01220703125,1.28173828125,-0.06103515625,-1.0009765625,-0.0244140625,-0.40283203125,0.2685546875,-1.025390625,-0.10986328125,-0.8056640625,-0.0244140625,2.7587890625,0,8.740234375,0.03662109375,4.60205078125,-0.06103515625,4.39453125,-0.03662109375,-0.68359375,0.0244140625,-0.732421875,-0.20751953125,-0.5859375,-0.01220703125,-0.13427734375,-0.08544921875,3.0029296875,-0.15869140625,4.8583984375,-0.1708984375,2.099609375,0.0732421875,4.5166015625,0.01220703125,0.3662109375,-0.03662109375,0,-0.0732421875,-0.06103515625,-0.13427734375,0.1708984375,-0.1708984375,-0.0244140625,-0.15869140625,0.78125,0,-0.52490234375,-0.048828125,-0.52490234375
0,-0.146484375,-0.3662109375,0.06103515625,-0.37841796875,-0.0732421875,-0.439453125,0.10986328125,-0.08544921875,0.10986328125,-0.0244140625,0.03662109375,-0.89111328125,0.10986328125,1.06201171875,-0.28076171875,-0.1708984375,0,-0.57373046875,0.1953125,-0.1220703125,-0.13427734375,0.86669921875,0.01220703125,-0.5859375,-0.1708984375,0.8544921875,0.23193359375,0.13427734375,-0.01220703125,2.35595703125,0.048828125,1.37939453125,-0.08544921875,-0.01220703125,0.03662109375,-0.9033203125,-0.10986328125,-0.4638671875,0.146484375,-0.8056640625,0.4150390625,-0.2685546875,-0.244140625,-0.69580078125,0,-0.3662109375,-0.6103515625,0.5859375,0.23193359375,1.1962890625,0.4638671875,0.37841796875,0.08544921875,-0.1953125,0.146484375,0.69580078125,-0.2685546875,0.91552734375,-0.4638671875,0.6103515625,-0.08544921875,0.341796875,0.37841796875,0.5859375,0.0732421875,6.31103515625,0.28076171875,1.85546875,0.08544921875,1.07421875,-0.03662109375,1.025390625,0.32958984375,0.25634765625,-0.15869140625,0.79345703125,0.10986328125,-0.0244140625,-0.06103515625,1.30615234375,-0.08544921875,-1.01318359375,0.0244140625,-0.390625,0.341796875,-1.03759765625,-0.1220703125,-0.830078125,-0.0732421875,3.03955078125,-0.09765625,9.423828125,-0.03662109375,4.91943359375,-0.048828125,4.77294921875,-0.10986328125,-0.69580078125,0.09765625,-0.76904296875,-0.244140625,-0.5859375,-0.01220703125,-0.13427734375,-0.048828125,2.63671875,-0.29296875,4.2236328125,-0.1708984375,1.8310546875,0.10986328125,4.150390625,-0.01220703125,0.3662109375,-0.03662109375,0.01220703125,-0.0732421875,-0.048828125,-0.146484375,0.1708984375,-0.146484375,0,-0.1708984375,0.79345703125,-0.0244140625,-0.5126953125,-0.03662109375,-0.537109375
0,-0.146484375,-0.37841796875,0.06103515625,-0.37841796875,-0.0732421875,-0.45166015625,0.09765625,-0.08544921875,0.0732421875,-0.0244140625,0.08544921875,-0.9033203125,0.0732421875,1.0498046875,-0.3173828125,-0.146484375,-0.06103515625,-0.57373046875,0.20751953125,-0.1220703125,-0.09765625,0.84228515625,0,-0.5859375,-0.09765625,0.927734375,0.23193359375,0.2197265625,0.0244140625,2.45361328125,0.09765625,1.46484375,-0.08544921875,-0.03662109375,0.1708984375,-0.9033203125,-0.146484375,-0.48828125,0.1708984375,-0.84228515625,0.37841796875,-0.28076171875,-0.20751953125,-0.732421875,0.03662109375,-0.3662109375,-0.54931640625,0.5859375,0.25634765625,1.1962890625,0.42724609375,0.3662109375,0.09765625,-0.15869140625,0.18310546875,0.68359375,-0.3173828125,0.927734375,-0.40283203125,0.5859375,-0.048828125,0.341796875,0.25634765625,0.52490234375,0.06103515625,7.421875,0.18310546875,2.01416015625,0.06103515625,1.220703125,-0.06103515625,1.171875,0.25634765625,0.2685546875,-0.20751953125,0.81787109375,0.15869140625,-0.03662109375,-0.08544921875,1.30615234375,-0.10986328125,-1.025390625,0.0732421875,-0.390625,0.3173828125,-1.025390625,-0.10986328125,-0.81787109375,-0.09765625,3.13720703125,-0.146484375,9.63134765625,-0.09765625,5.0537109375,-0.01220703125,4.8828125,-0.1708984375,-0.67138671875,0.146484375,-0.74462890625,-0.28076171875,-0.62255859375,-0.01220703125,-0.1220703125,-0.048828125,2.45361328125,-0.29296875,3.79638671875,-0.13427734375,1.64794921875,0.13427734375,3.96728515625,-0.0244140625,0.3662109375,-0.01220703125,-0.01220703125,-0.08544921875,-0.06103515625,-0.146484375,0.15869140625,-0.15869140625,0.01220703125,-0.1708984375,0.78125,-0.03662109375,-0.5126953125,-0.01220703125,-0.52490234375
0,-0.1220703125,-0.37841796875,0.06103515625,-0.3662109375,-0.08544921875,-0.439453125,0.09765625,-0.0732421875,0.03662109375,-0.01220703125,0.10986328125,-0.89111328125,0.06103515625,1.07421875,-0.32958984375,-0.10986328125,-0.1220703125,-0.54931640625,0.146484375,-0.1220703125,-0.06103515625,0.86669921875,0.01220703125,-0.5859375,-0.0732421875,0.86669921875,0.146484375,0.13427734375,0.0244140625,2.45361328125,0.09765625,1.416015625,-0.13427734375,-0.1220703125,0.244140625,-0.9033203125,-0.1708984375,-0.50048828125,0.2197265625,-0.87890625,0.341796875,-0.29296875,-0.25634765625,-0.7080078125,0.01220703125,-0.3662109375,-0.5126953125,0.6103515625,0.25634765625,1.1962890625,0.37841796875,0.390625,0.1220703125,-0.1220703125,0.18310546875,0.72021484375,-0.3173828125,0.9033203125,-0.4638671875,0.5126953125,0.0244140625,0.35400390625,0.1708984375,0.45166015625,0.09765625,8.251953125,0.13427734375,2.1484375,0.0244140625,1.3427734375,-0.08544921875,1.28173828125,0.1953125,0.244140625,-0.2197265625,0.8544921875,0.1953125,-0.048828125,-0.146484375,1.318359375,-0.08544921875,-1.03759765625,0.08544921875,-0.3662109375,0.28076171875,-1.03759765625,-0.0732421875,-0.81787109375,-0.06103515625,3.0029296875,-0.18310546875,9.43603515625,-0.1220703125,4.94384765625,0.01220703125,4.7607421875,-0.18310546875,-0.6591796875,0.1953125,-0.732421875,-0.2685546875,-0.634765625,0.01220703125,-0.13427734375,0,2.47802734375,-0.3662109375,3.69873046875,-0.13427734375,1.62353515625,0.146484375,3.94287109375,-0.0244140625,0.35400390625,-0.01220703125,-0.0244140625,-0.0732421875,-0.0732421875,-0.1220703125,0.15869140625,-0.1220703125,0,-0.15869140625,0.78125,-0.048828125,-0.5126953125,0,-0.52490234375
0,-0.13427734375,-0.37841796875,0.048828125,-0.35400390625,-0.10986328125,-0.439453125,0.08544921875,-0.048828125,0.01220703125,-0.03662109375,0.1220703125,-0.87890625,0.048828125,1.06201171875,-0.37841796875,-0.09765625,-0.13427734375,-0.5615234375,0.0732421875,-0.09765625,0.0244140625,0.87890625,-0.0244140625,-0.5859375,-0.03662109375,0.74462890625,0.06103515625,-0.03662109375,-0.0244140625,2.34375,0.0732421875,1.318359375,-0.18310546875,-0.18310546875,0.32958984375,-0.9033203125,-0.2197265625,-0.5126953125,0.2685546875,-0.87890625,0.25634765625,-0.29296875,-0.28076171875,-0.72021484375,-0.0732421875,-0.35400390625,-0.4150390625,0.6103515625,0.2197265625,1.18408203125,0.32958984375,0.40283203125,0.08544921875,-0.10986328125,0.1953125,0.7080078125,-0.30517578125,0.830078125,-0.47607421875,0.439453125,0.15869140625,0.40283203125,0.20751953125,0.341796875,0.06103515625,8.72802734375,0.10986328125,2.2216796875,-0.0244140625,1.40380859375,-0.1220703125,1.3427734375,0.10986328125,0.20751953125,-0.23193359375,0.86669921875,0.244140625,-0.048828125,-0.15869140625,1.2939453125,-0.048828125,-1.0498046875,0.10986328125,-0.35400390625,0.18310546875,-1.025390625,-0.03662109375,-0.830078125,0,2.734375,-0.20751953125,8.87451171875,-0.08544921875,4.65087890625,0.0244140625,4.43115234375,-0.2197265625,-0.68359375,0.1953125,-0.732421875,-0.25634765625,-0.64697265625,-0.01220703125,-0.13427734375,-0.01220703125,2.62451171875,-0.40283203125,3.8330078125,-0.13427734375,1.708984375,0.1220703125,4.0771484375,-0.03662109375,0.3173828125,-0.01220703125,-0.0244140625,-0.0732421875,-0.0732421875,-0.1220703125,0.1708984375,-0.1708984375,-0.01220703125,-0.13427734375,0.76904296875,-0.0244140625,-0.50048828125,-0.01220703125,-0.537109375
0,-0.13427734375,-0.390625,0.03662109375,-0.35400390625,-0.146484375,-0.439453125,0.0732421875,-0.048828125,0.0244140625,-0.048828125,0.15869140625,-0.87890625,0.06103515625,1.07421875,-0.37841796875,-0.09765625,-0.0732421875,-0.54931640625,-0.0244140625,-0.09765625,0.18310546875,0.8544921875,-0.10986328125,-0.5859375,0.0244140625,0.5615234375,-0.01220703125,-0.28076171875,-0.09765625,2.11181640625,0.06103515625,1.1474609375,-0.23193359375,-0.244140625,0.40283203125,-0.9033203125,-0.244140625,-0.48828125,0.30517578125,-0.86669921875,0.20751953125,-0.2685546875,-0.3173828125,-0.7080078125,-0.146484375,-0.341796875,-0.390625,0.62255859375,0.20751953125,1.15966796875,0.390625,0.439453125,0.0732421875,-0.10986328125,0.1953125,0.7080078125,-0.28076171875,0.72021484375,-0.52490234375,0.35400390625,0.29296875,0.42724609375,0.1220703125,0.23193359375,0.03662109375,8.88671875,0.0244140625,2.23388671875,-0.08544921875,1.42822265625,-0.10986328125,1.37939453125,0.048828125,0.1953125,-0.20751953125,0.89111328125,0.244140625,-0.06103515625,-0.13427734375,1.28173828125,0,-1.03759765625,0.10986328125,-0.35400390625,0.0732421875,-1.025390625,-0.01220703125,-0.84228515625,0.09765625,2.33154296875,-0.2197265625,8.02001953125,-0.03662109375,4.2236328125,0.01220703125,3.94287109375,-0.1953125,-0.68359375,0.18310546875,-0.69580078125,-0.20751953125,-0.6591796875,-0.0244140625,-0.146484375,-0.0244140625,2.84423828125,-0.390625,4.19921875,-0.09765625,1.89208984375,0.08544921875,4.33349609375,-0.048828125,0.341796875,0,-0.0244140625,-0.0732421875,-0.06103515625,-0.09765625,0.1708984375,-0.1953125,-0.048828125,-0.1220703125,0.76904296875,0.0244140625,-0.5126953125,-0.03662109375,-0.54931640625
0,-0.1220703125,-0.37841796875,0.048828125,-0.341796875,-0.146484375,-0.42724609375,0.0732421875,-0.03662109375,0.01220703125,-0.03662109375,0.1708984375,-0.86669921875,0.048828125,1.08642578125,-0.390625,-0.10986328125,-0.01220703125,-0.52490234375,-0.0732421875,-0.09765625,0.2685546875,0.84228515625,-0.146484375,-0.57373046875,0.0244140625,0.37841796875,-0.048828125,-0.54931640625,-0.18310546875,1.85546875,0.01220703125,0.96435546875,-0.23193359375,-0.3173828125,0.390625,-0.9033203125,-0.25634765625,-0.47607421875,0.30517578125,-0.830078125,0.2685546875,-0.25634765625,-0.28076171875,-0.7080078125,-0.2197265625,-0.35400390625,-0.35400390625,0.62255859375,0.244140625,1.123046875,0.390625,0.439453125,-0.01220703125,-0.09765625,0.1708984375,0.7080078125,-0.244140625,0.62255859375,-0.52490234375,0.28076171875,0.341796875,0.50048828125,0.15869140625,0.1220703125,0.0244140625,8.7646484375,-0.0732421875,2.2216796875,-0.15869140625,1.42822265625,-0.13427734375,1.35498046875,-0.06103515625,0.1708984375,-0.1953125,0.927734375,0.2685546875,-0.048828125,-0.08544921875,1.26953125,0.03662109375,-1.03759765625,0.09765625,-0.37841796875,-0.0244140625,-1.0009765625,0.03662109375,-0.84228515625,0.18310546875,1.89208984375,-0.1953125,7.03125,0.0244140625,3.72314453125,0.01220703125,3.35693359375,-0.1953125,-0.67138671875,0.13427734375,-0.7080078125,-0.15869140625,-0.6591796875,0,-0.13427734375,-0.048828125,3.1005859375,-0.29296875,4.6142578125,-0.08544921875,2.099609375,0.0244140625,4.5654296875,-0.048828125,0.3173828125,0.01220703125,-0.03662109375,-0.0732421875,-0.048828125,-0.0732421875,0.1708984375,-0.2197265625,-0.0732421875,-0.09765625,0.76904296875,0.03662109375,-0.50048828125,-0.048828125,-0.5615234375
0,-0.09765625,-0.37841796875,0.048828125,-0.3662109375,-0.146484375,-0.42724609375,0.0244140625,-0.048828125,0,-0.048828125,0.20751953125,-0.89111328125,0.0244140625,1.07421875,-0.40283203125,-0.146484375,0.03662109375,-0.52490234375,-0.10986328125,-0.10986328125,0.341796875,0.8544921875,-0.146484375,-0.57373046875,-0.01220703125,0.18310546875,-0.0244140625,-0.76904296875,-0.23193359375,1.6357421875,-0.01220703125,0.78125,-0.25634765625,-0.37841796875,0.341796875,-0.9033203125,-0.244140625,-0.45166015625,0.3173828125,-0.79345703125,0.25634765625,-0.23193359375,-0.35400390625,-0.68359375,-0.28076171875,-0.35400390625,-0.35400390625,0.634765625,0.2197265625,1.0986328125,0.40283203125,0.47607421875,-0.146484375,-0.10986328125,0.1953125,0.69580078125,-0.25634765625,0.5615234375,-0.48828125,0.28076171875,0.28076171875,0.6103515625,0.13427734375,0.0732421875,-0.01220703125,8.41064453125,-0.13427734375,2.13623046875,-0.244140625,1.37939453125,-0.10986328125,1.2939453125,-0.146484375,0.15869140625,-0.20751953125,0.89111328125,0.25634765625,-0.048828125,-0.01220703125,1.2451171875,0.06103515625,-1.01318359375,0.09765625,-0.3662109375,-0.08544921875,-0.98876953125,0.06103515625,-0.84228515625,0.2685546875,1.37939453125,-0.146484375,6.01806640625,0.0732421875,3.22265625,0.03662109375,2.7587890625,-0.1708984375,-0.68359375,0.048828125,-0.67138671875,-0.1220703125,-0.64697265625,-0.0244140625,-0.1708984375,-0.08544921875,3.28369140625,-0.1953125,4.9560546875,-0.08544921875,2.24609375,0,4.7607421875,-0.06103515625,0.32958984375,0.01220703125,-0.0244140625,-0.0732421875,-0.06103515625,-0.06103515625,0.18310546875,-0.25634765625,-0.10986328125,-0.09765625,0.7568359375,0.048828125,-0.50048828125,-0.01220703125,-0.5615234375
0,-0.09765625,-0.3662109375,0.048828125,-0.3662109375,-0.1708984375,-0.4150390625,0.0244140625,-0.06103515625,0.01220703125,-0.06103515625,0.2197265625,-0.89111328125,-0.01220703125,1.0986328125,-0.390625,-0.15869140625,0.06103515625,-0.52490234375,-0.048828125,-0.1220703125,0.37841796875,0.86669921875,-0.13427734375,-0.57373046875,-0.0732421875,0.03662109375,0.0244140625,-0.927734375,-0.20751953125,1.4404296875,-0.01220703125,0.634765625,-0.15869140625,-0.390625,0.2685546875,-0.89111328125,-0.20751953125,-0.439453125,0.30517578125,-0.74462890625,0.25634765625,-0.2197265625,-0.40283203125,-0.68359375,-0.30517578125,-0.35400390625,-0.37841796875,0.634765625,0.20751953125,1.08642578125,0.45166015625,0.48828125,-0.2685546875,-0.1220703125,0.18310546875,0.68359375,-0.2685546875,0.5859375,-0.47607421875,0.32958984375,0.1953125,0.79345703125,0.1953125,0.13427734375,-0.0244140625,7.89794921875,-0.18310546875,2.0751953125,-0.28076171875,1.26953125,-0.09765625,1.23291015625,-0.15869140625,0.146484375,-0.2197265625,0.9033203125,0.20751953125,-0.03662109375,0.1220703125,1.2451171875,0.09765625,-1.0009765625,0.09765625,-0.37841796875,-0.18310546875,-0.98876953125,0.048828125,-0.84228515625,0.30517578125,0.93994140625,-0.1220703125,5.078125,0.048828125,2.734375,0.06103515625,2.2216796875,-0.146484375,-0.69580078125,-0.08544921875,-0.7080078125,-0.08544921875,-0.64697265625,0.01220703125,-0.15869140625,-0.13427734375,3.30810546875,-0.09765625,5.1025390625,-0.08544921875,2.28271484375,-0.0244140625,4.8095703125,-0.06103515625,0.32958984375,0.01220703125,-0.01220703125,-0.08544921875,-0.048828125,-0.048828125,0.18310546875,-0.2685546875,-0.1220703125,-0.06103515625,0.7568359375,0.048828125,-0.5126953125,-0.01220703125,-0.5615234375
0,-0.09765625,-0.35400390625,0.06103515625,-0.3662109375,-0.13427734375,-0.42724609375,0.01220703125,-0.06103515625,0.01220703125,-0.048828125,0.20751953125,-0.9033203125,-0.048828125,1.08642578125,-0.35400390625,-0.18310546875,0.0244140625,-0.537109375,0.048828125,-0.1220703125,0.341796875,0.86669921875,-0.03662109375,-0.5859375,-0.146484375,-0.0244140625,0.01220703125,-1.0009765625,-0.1708984375,1.318359375,-0.03662109375,0.54931640625,-0.0732421875,-0.37841796875,0.13427734375,-0.87890625,-0.15869140625,-0.40283203125,0.28076171875,-0.72021484375,0.1953125,-0.1953125,-0.439453125,-0.68359375,-0.30517578125,-0.35400390625,-0.42724609375,0.634765625,0.1708984375,1.0986328125,0.47607421875,0.47607421875,-0.40283203125,-0.15869140625,0.146484375,0.67138671875,-0.30517578125,0.732421875,-0.4150390625,0.50048828125,0.10986328125,1.0498046875,0.2685546875,0.30517578125,-0.03662109375,7.275390625,-0.2685546875,1.91650390625,-0.29296875,1.18408203125,-0.06103515625,1.123046875,-0.18310546875,0.1708984375,-0.244140625,0.8544921875,0.18310546875,-0.01220703125,0.20751953125,1.25732421875,0.09765625,-1.01318359375,0.1220703125,-0.40283203125,-0.2197265625,-1.0009765625,0.048828125,-0.8056640625,0.3173828125,0.537109375,-0.06103515625,4.28466796875,0.0244140625,2.294921875,0.08544921875,1.69677734375,-0.13427734375,-0.69580078125,-0.20751953125,-0.7080078125,-0.0732421875,-0.62255859375,0.08544921875,-0.146484375,-0.1708984375,3.173828125,-0.01220703125,4.931640625,-0.1220703125,2.1728515625,-0.048828125,4.638671875,-0.03662109375,0.35400390625,0,0.0244140625,-0.0732421875,-0.048828125,-0.0732421875,0.18310546875,-0.2685546875,-0.1220703125,-0.06103515625,0.732421875,0.01220703125,-0.5126953125,0,-0.57373046875
0,-0.10986328125,-0.341796875,0.06103515625,-0.37841796875,-0.15869140625,-0.4150390625,0.0244140625,-0.0732421875,0.03662109375,-0.03662109375,0.18310546875,-0.9033203125,-0.01220703125,1.07421875,-0.3662109375,-0.1953125,0,-0.5615234375,0.146484375,-0.15869140625,0.29296875,0.84228515625,0.09765625,-0.6103515625,-0.1220703125,-0.06103515625,0.08544921875,-0.98876953125,-0.0732421875,1.28173828125,-0.01220703125,0.52490234375,-0.01220703125,-0.37841796875,-0.06103515625,-0.89111328125,-0.09765625,-0.4150390625,0.28076171875,-0.7080078125,0.09765625,-0.18310546875,-0.47607421875,-0.69580078125,-0.2685546875,-0.37841796875,-0.5126953125,0.62255859375,0.13427734375,1.11083984375,0.50048828125,0.4638671875,-0.50048828125,-0.18310546875,0.08544921875,0.68359375,-0.390625,1.0009765625,-0.37841796875,0.7080078125,0.146484375,1.46484375,0.29296875,0.6103515625,-0.06103515625,6.57958984375,-0.2685546875,1.79443359375,-0.28076171875,1.03759765625,-0.048828125,1.0009765625,-0.18310546875,0.1953125,-0.25634765625,0.81787109375,0.1953125,-0.0244140625,0.244140625,1.25732421875,0.0732421875,-1.025390625,0.146484375,-0.40283203125,-0.20751953125,-1.0009765625,0,-0.79345703125,0.244140625,0.1953125,-0.0732421875,3.61328125,-0.03662109375,1.89208984375,0.08544921875,1.2451171875,-0.0732421875,-0.7080078125,-0.29296875,-0.72021484375,-0.048828125,-0.6103515625,0.13427734375,-0.13427734375,-0.13427734375,2.783203125,0.23193359375,4.40673828125,-0.1220703125,1.89208984375,0.01220703125,4.26025390625,-0.06103515625,0.37841796875,0,0.03662109375,-0.06103515625,-0.03662109375,-0.09765625,0.1953125,-0.25634765625,-0.1220703125,-0.048828125,0.78125,0.03662109375,-0.52490234375,0.01220703125,-0.54931640625
1,-0.13427734375,-0.3662109375,0.048828125,-0.37841796875,-0.1708984375,-0.439453125,-0.01220703125,-0.08544921875,0.03662109375,-0.03662109375,0.1708984375,-0.87890625,0,1.08642578125,-0.3173828125,-0.1953125,-0.048828125,-0.5615234375,0.25634765625,-0.1708984375,0.244140625,0.8544921875,0.1953125,-0.57373046875,-0.244140625,-0.0244140625,-0.048828125,-0.87890625,-0.0732421875,1.28173828125,-0.146484375,0.537109375,0.09765625,-0.341796875,-0.1953125,-0.86669921875,-0.0732421875,-0.390625,0.25634765625,-0.7080078125,0.048828125,-0.1708984375,-0.4638671875,-0.67138671875,-0.23193359375,-0.3662109375,-0.5859375,0.6103515625,0.15869140625,1.123046875,0.48828125,0.45166015625,-0.54931640625,-0.2197265625,0,0.69580078125,-0.390625,1.37939453125,-0.37841796875,1.0009765625,0.25634765625,2.01416015625,0.37841796875,1.03759765625,-0.0732421875,5.79833984375,-0.30517578125,1.6845703125,-0.2197265625,0.91552734375,-0.06103515625,0.84228515625,-0.18310546875,0.23193359375,-0.244140625,0.79345703125,0.244140625,0.01220703125,0.25634765625,1.2939453125,0.01220703125,-1.0009765625,0.18310546875,-0.40283203125,-0.18310546875,-1.0009765625,-0.0732421875,-0.79345703125,0.18310546875,-0.09765625,-0.0732421875,3.03955078125,-0.146484375,1.57470703125,0.0732421875,0.84228515625,0,-0.732421875,-0.29296875,-0.732421875,-0.0244140625,-0.59814453125,0.15869140625,-0.1220703125,-0.13427734375,2.23388671875,0.35400390625,3.50341796875,-0.13427734375,1.46484375,0.048828125,3.7109375,-0.09765625,0.3662109375,0,0.03662109375,-0.06103515625,-0.0244140625,-0.09765625,0.18310546875,-0.244140625,-0.10986328125,-0.0732421875,0.79345703125,0.01220703125,-0.537109375,0.0244140625,-0.52490234375
1,-0.13427734375,-0.35400390625,0.048828125,-0.37841796875,-0.1708984375,-0.45166015625,-0.048828125,-0.0732421875,0.0244140625,-0.03662109375,0.1953125,-0.9033203125,0.01220703125,1.07421875,-0.30517578125,-0.18310546875,-0.08544921875,-0.57373046875,0.32958984375,-0.15869140625,0.1953125,0.86669921875,0.30517578125,-0.5859375,-0.1708984375,0.0244140625,-0.06103515625,-0.7568359375,0,1.318359375,-0.146484375,0.57373046875,0.146484375,-0.3173828125,-0.29296875,-0.86669921875,-0.048828125,-0.40283203125,0.2685546875,-0.7568359375,-0.03662109375,-0.18310546875,-0.439453125,-0.67138671875,-0.15869140625,-0.3662109375,-0.64697265625,0.6103515625,0.1708984375,1.123046875,0.50048828125,0.45166015625,-0.5615234375,-0.20751953125,-0.09765625,0.7080078125,-0.45166015625,1.85546875,-0.35400390625,1.3427734375,0.13427734375,2.6611328125,0.4638671875,1.52587890625,-0.146484375,4.94384765625,-0.3173828125,1.5380859375,-0.15869140625,0.78125,-0.1220703125,0.7080078125,-0.146484375,0.25634765625,-0.23193359375,0.76904296875,0.29296875,0.0244140625,0.23193359375,1.30615234375,-0.06103515625,-1.0009765625,0.1953125,-0.40283203125,-0.1953125,-1.01318359375,-0.15869140625,-0.79345703125,0.13427734375,-0.35400390625,-0.09765625,2.55126953125,-0.244140625,1.2451171875,0.0732421875,0.50048828125,0.08544921875,-0.72021484375,-0.29296875,-0.732421875,-0.01220703125,-0.59814453125,0.146484375,-0.1220703125,-0.10986328125,1.55029296875,0.42724609375,2.35595703125,-0.1220703125,0.9033203125,0.06103515625,3.03955078125,-0.1708984375,0.37841796875,0,0.048828125,-0.06103515625,-0.0244140625,-0.09765625,0.20751953125,-0.2197265625,-0.08544921875,-0.09765625,0.8544921875,0.01220703125,-0.52490234375,0.0244140625,-0.52490234375
1,-0.10986328125,-0.3662109375,0.0244140625,-0.37841796875,-0.1953125,-0.42724609375,-0.0732421875,-0.0732421875,0.0244140625,-0.03662109375,0.1708984375,-0.89111328125,0,1.06201171875,-0.3173828125,-0.1708984375,-0.10986328125,-0.5859375,0.40283203125,-0.146484375,0.1708984375,0.8544921875,0.341796875,-0.5859375,-0.0244140625,0.0732421875,0.03662109375,-0.634765625,0.048828125,1.35498046875,-0.048828125,0.5859375,0.13427734375,-0.28076171875,-0.28076171875,-0.87890625,-0.048828125,-0.40283203125,0.30517578125,-0.79345703125,-0.048828125,-0.18310546875,-0.4150390625,-0.6591796875,-0.10986328125,-0.3662109375,-0.67138671875,0.59814453125,0.2197265625,1.13525390625,0.54931640625,0.45166015625,-0.59814453125,-0.2197265625,-0.1708984375,0.7080078125,-0.48828125,2.40478515625,-0.30517578125,1.72119140625,0.1953125,3.40576171875,0.54931640625,2.0751953125,-0.1708984375,4.0771484375,-0.30517578125,1.3916015625,-0.1220703125,0.62255859375,-0.2197265625,0.57373046875,-0.10986328125,0.244140625,-0.18310546875,0.76904296875,0.3173828125,0.01220703125,0.18310546875,1.318359375,-0.13427734375,-1.03759765625,0.1953125,-0.4150390625,-0.1708984375,-1.025390625,-0.20751953125,-0.8056640625,0.06103515625,-0.62255859375,-0.1220703125,2.06298828125,-0.29296875,0.927734375,0.08544921875,0.13427734375,0.146484375,-0.732421875,-0.244140625,-0.72021484375,0.01220703125,-0.6103515625,0.1220703125,-0.10986328125,-0.06103515625,0.87890625,0.48828125,1.07421875,-0.08544921875,0.35400390625,0.048828125,2.3193359375,-0.18310546875,0.37841796875,-0.03662109375,0.0244140625,-0.0732421875,0,-0.09765625,0.18310546875,-0.1953125,-0.0732421875,-0.09765625,0.86669921875,-0.01220703125,-0.5126953125,0.048828125,-0.5126953125
1,-0.1220703125,-0.37841796875,0.0244140625,-0.390625,-0.1708984375,-0.42724609375,-0.0732421875,-0.08544921875,0.01220703125,-0.0244140625,0.20751953125,-0.87890625,0.03662109375,1.07421875,-0.3173828125,-0.15869140625,-0.09765625,-0.5615234375,0.42724609375,-0.13427734375,0.1708984375,0.86669921875,0.30517578125,-0.5859375,-0.0244140625,0.09765625,-0.08544921875,-0.54931640625,-0.0244140625,1.3671875,-0.048828125,0.59814453125,0.10986328125,-0.25634765625,-0.244140625,-0.86669921875,-0.048828125,-0.40283203125,0.341796875,-0.8056640625,0,-0.15869140625,-0.37841796875,-0.634765625,-0.1220703125,-0.3662109375,-0.67138671875,0.5859375,0.3173828125,1.15966796875,0.50048828125,0.45166015625,-0.64697265625,-0.1953125,-0.2685546875,0.7080078125,-0.52490234375,2.91748046875,-0.28076171875,2.03857421875,0.01220703125,4.18701171875,0.6103515625,2.57568359375,-0.20751953125,3.18603515625,-0.28076171875,1.2451171875,-0.09765625,0.48828125,-0.2685546875,0.439453125,-0.146484375,0.2685546875,-0.1220703125,0.81787109375,0.3173828125,0.01220703125,0.146484375,1.33056640625,-0.146484375,-1.0498046875,0.13427734375,-0.390625,-0.15869140625,-1.025390625,-0.1953125,-0.8056640625,0.01220703125,-0.89111328125,-0.1708984375,1.5380859375,-0.2685546875,0.57373046875,0.0732421875,-0.23193359375,0.13427734375,-0.732421875,-0.18310546875,-0.74462890625,0.01220703125,-0.6103515625,0.06103515625,-0.10986328125,-0.0732421875,0.25634765625,0.390625,-0.10986328125,-0.1220703125,-0.18310546875,0,1.64794921875,-0.1953125,0.3662109375,-0.048828125,0.0244140625,-0.0732421875,0.0244140625,-0.0732421875,0.1708984375,-0.18310546875,-0.048828125,-0.09765625,0.86669921875,-0.01220703125,-0.48828125,0.0244140625,-0.5126953125
1,-0.09765625,-0.37841796875,0.0244140625,-0.37841796875,-0.13427734375,-0.439453125,-0.09765625,-0.08544921875,-0.01220703125,-0.0244140625,0.23193359375,-0.86669921875,0.03662109375,1.08642578125,-0.32958984375,-0.13427734375,-0.09765625,-0.5859375,0.390625,-0.10986328125,0.146484375,0.86669921875,0.23193359375,-0.5859375,0.15869140625,0.10986328125,0,-0.537109375,0.09765625,1.3427734375,0.09765625,0.537109375,0.03662109375,-0.2685546875,-0.1708984375,-0.87890625,-0.06103515625,-0.45166015625,0.37841796875,-0.84228515625,0.06103515625,-0.1708984375,-0.42724609375,-0.62255859375,-0.15869140625,-0.37841796875,-0.59814453125,0.5859375,0.390625,1.171875,0.48828125,0.45166015625,-0.6591796875,-0.1953125,-0.3173828125,0.72021484375,-0.54931640625,3.369140625,-0.29296875,2.35595703125,0.048828125,4.94384765625,0.64697265625,3.02734375,-0.23193359375,2.33154296875,-0.2685546875,1.15966796875,-0.0732421875,0.37841796875,-0.2685546875,0.3173828125,-0.1953125,0.244140625,-0.08544921875,0.84228515625,0.29296875,0,0.09765625,1.3427734375,-0.146484375,-1.03759765625,0.08544921875,-0.37841796875,-0.146484375,-1.01318359375,-0.1708984375,-0.81787109375,0,-1.1962890625,-0.18310546875,0.9765625,-0.18310546875,0.2197265625,0.048828125,-0.634765625,0.10986328125,-0.72021484375,-0.10986328125,-0.74462890625,-0.01220703125,-0.634765625,0.0244140625,-0.10986328125,-0.0732421875,-0.1953125,0.30517578125,-1.07421875,-0.09765625,-0.5615234375,0.01220703125,1.13525390625,-0.15869140625,0.35400390625,-0.06103515625,0,-0.06103515625,0.06103515625,-0.0732421875,0.1708984375,-0.18310546875,-0.03662109375,-0.08544921875,0.89111328125,-0.01220703125,-0.4638671875,0.048828125,-0.5126953125
1,-0.1220703125,-0.390625,0.03662109375,-0.37841796875,-0.146484375,-0.439453125,-0.10986328125,-0.06103515625,-0.03662109375,-0.01220703125,0.244140625,-0.8544921875,0.048828125,1.08642578125,-0.32958984375,-0.13427734375,-0.09765625,-0.5859375,0.30517578125,-0.08544921875,0.1708984375,0.86669921875,0.08544921875,-0.5859375,0.23193359375,0.0732421875,-0.0244140625,-0.5615234375,0.1220703125,1.26953125,0.18310546875,0.47607421875,-0.0244140625,-0.28076171875,-0.10986328125,-0.87890625,-0.08544921875,-0.47607421875,0.47607421875,-0.8544921875,0.10986328125,-0.1953125,-0.4638671875,-0.6103515625,-0.244140625,-0.37841796875,-0.48828125,0.62255859375,0.47607421875,1.18408203125,0.45166015625,0.45166015625,-0.634765625,-0.18310546875,-0.35400390625,0.7080078125,-0.5126953125,3.72314453125,-0.3173828125,2.587890625,0.048828125,5.55419921875,0.62255859375,3.38134765625,-0.1953125,1.52587890625,-0.1708984375,1.03759765625,-0.0732421875,0.244140625,-0.23193359375,0.23193359375,-0.23193359375,0.20751953125,-0.01220703125,0.87890625,0.244140625,-0.01220703125,0.03662109375,1.33056640625,-0.09765625,-1.01318359375,0.0244140625,-0.37841796875,-0.0732421875,-1.01318359375,-0.10986328125,-0.81787109375,-0.0244140625,-1.513671875,-0.1953125,0.35400390625,-0.08544921875,-0.146484375,0,-1.03759765625,0.06103515625,-0.72021484375,-0.0732421875,-0.74462890625,-0.0244140625,-0.64697265625,-0.01220703125,-0.1220703125,-0.0732421875,-0.4150390625,0.1708984375,-1.59912109375,-0.09765625,-0.74462890625,0.0244140625,0.89111328125,-0.20751953125,0.3662109375,-0.08544921875,-0.01220703125,-0.0732421875,0.08544921875,-0.0732421875,0.1708984375,-0.23193359375,-0.03662109375,-0.06103515625,0.9033203125,0.01220703125,-0.45166015625,0.048828125,-0.5126953125
1,-0.1220703125,-0.37841796875,0.0244140625,-0.37841796875,-0.15869140625,-0.42724609375,-0.13427734375,-0.048828125,-0.06103515625,-0.0244140625,0.25634765625,-0.8544921875,0.06103515625,1.11083984375,-0.30517578125,-0.10986328125,-0.048828125,-0.5615234375,0.1953125,-0.08544921875,0.146484375,0.86669921875,-0.0244140625,-0.59814453125,0.244140625,-0.01220703125,-0.048828125,-0.6591796875,0.13427734375,1.15966796875,0.23193359375,0.390625,0.0244140625,-0.28076171875,-0.0244140625,-0.89111328125,-0.09765625,-0.50048828125,0.537109375,-0.84228515625,0.146484375,-0.20751953125,-0.5126953125,-0.6103515625,-0.29296875,-0.37841796875,-0.42724609375,0.59814453125,0.5126953125,1.171875,0.45166015625,0.47607421875,-0.6103515625,-0.18310546875,-0.390625,0.68359375,-0.4150390625,3.9306640625,-0.3173828125,2.7587890625,0.048828125,6.0302734375,0.62255859375,3.564453125,-0.1708984375,0.830078125,-0.0732421875,0.9521484375,-0.06103515625,0.20751953125,-0.1708984375,0.1708984375,-0.20751953125,0.1953125,0.03662109375,0.927734375,0.20751953125,-0.0244140625,-0.01220703125,1.30615234375,-0.0244140625,-1.025390625,-0.03662109375,-0.390625,0,-1.01318359375,-0.0244140625,-0.84228515625,-0.01220703125,-1.84326171875,-0.2197265625,-0.29296875,0.08544921875,-0.5126953125,-0.06103515625,-1.4404296875,0.0244140625,-0.69580078125,-0.03662109375,-0.732421875,-0.048828125,-0.67138671875,-0.06103515625,-0.13427734375,-0.09765625,-0.341796875,-0.0244140625,-1.64794921875,-0.10986328125,-0.69580078125,-0.01220703125,0.91552734375,-0.20751953125,0.35400390625,-0.0732421875,-0.0244140625,-0.0732421875,0.09765625,-0.08544921875,0.1708984375,-0.23193359375,-0.048828125,-0.048828125,0.9033203125,0.01220703125,-0.45166015625,0.048828125,-0.5126953125
1,-0.09765625,-0.390625,-0.01220703125,-0.37841796875,-0.15869140625,-0.45166015625,-0.15869140625,-0.048828125,-0.048828125,-0.048828125,0.23193359375,-0.86669921875,0.06103515625,1.0986328125,-0.30517578125,-0.1220703125,-0.0244140625,-0.54931640625,0.1220703125,-0.09765625,0.08544921875,0.8544921875,-0.08544921875,-0.5859375,0.25634765625,-0.06103515625,-0.09765625,-0.7568359375,0.10986328125,1.06201171875,0.20751953125,0.35400390625,0.06103515625,-0.28076171875,0.0244140625,-0.9033203125,-0.1220703125,-0.50048828125,0.52490234375,-0.84228515625,0.13427734375,-0.2197265625,-0.52490234375,-0.59814453125,-0.3173828125,-0.390625,-0.35400390625,0.5859375,0.47607421875,1.15966796875,0.439453125,0.4638671875,-0.52490234375,-0.1953125,-0.42724609375,0.68359375,-0.37841796875,4.0283203125,-0.3662109375,2.84423828125,-0.01220703125,6.2744140625,0.634765625,3.61328125,-0.15869140625,0.29296875,0.01220703125,0.927734375,-0.0732421875,0.15869140625,-0.10986328125,0.1220703125,-0.09765625,0.15869140625,0.0732421875,0.93994140625,0.146484375,-0.03662109375,-0.048828125,1.2939453125,0.048828125,-1.03759765625,-0.09765625,-0.3662109375,0.048828125,-0.9765625,0.01220703125,-0.86669921875,-0.0244140625,-2.13623046875,-0.23193359375,-0.87890625,0.18310546875,-0.84228515625,-0.13427734375,-1.84326171875,0,-0.69580078125,-0.01220703125,-0.732421875,-0.06103515625,-0.6591796875,-0.08544921875,-0.1220703125,-0.06103515625,0.03662109375,-0.048828125,-1.15966796875,-0.06103515625,-0.439453125,-0.03662109375,1.25732421875,-0.20751953125,0.3662109375,-0.0732421875,-0.0244140625,-0.0732421875,0.09765625,-0.1220703125,0.18310546875,-0.25634765625,-0.048828125,-0.03662109375,0.9033203125,0.0244140625,-0.439453125,0.048828125,-0.5126953125
1,-0.09765625,-0.390625,-0.01220703125,-0.3662109375,-0.146484375,-0.42724609375,-0.20751953125,-0.03662109375,-0.0244140625,-0.03662109375,0.2197265625,-0.8544921875,0.06103515625,1.123046875,-0.30517578125,-0.146484375,-0.06103515625,-0.52490234375,0.09765625,-0.08544921875,0.03662109375,0.86669921875,-0.08544921875,-0.57373046875,0.20751953125,-0.08544921875,-0.08544921875,-0.81787109375,0.146484375,1.01318359375,0.1708984375,0.35400390625,0.15869140625,-0.30517578125,0.09765625,-0.91552734375,-0.15869140625,-0.4638671875,0.48828125,-0.8056640625,0.18310546875,-0.1953125,-0.48828125,-0.5859375,-0.32958984375,-0.3662109375,-0.30517578125,0.59814453125,0.47607421875,1.15966796875,0.390625,0.47607421875,-0.4638671875,-0.1708984375,-0.40283203125,0.67138671875,-0.341796875,3.955078125,-0.390625,2.8564453125,-0.1220703125,6.31103515625,0.67138671875,3.52783203125,-0.15869140625,-0.0732421875,0.08544921875,0.9033203125,-0.08544921875,0.10986328125,-0.03662109375,0.09765625,0.01220703125,0.15869140625,0.1220703125,0.9765625,0.0732421875,-0.01220703125,-0.09765625,1.26953125,0.10986328125,-1.025390625,-0.1220703125,-0.37841796875,0.1220703125,-1.0009765625,0.03662109375,-0.86669921875,0.048828125,-2.35595703125,-0.15869140625,-1.3427734375,0.3173828125,-1.11083984375,-0.10986328125,-2.1484375,-0.0244140625,-0.69580078125,0.0244140625,-0.72021484375,-0.06103515625,-0.64697265625,-0.09765625,-0.10986328125,-0.03662109375,0.634765625,-0.03662109375,-0.1708984375,-0.0244140625,0.03662109375,-0.048828125,1.85546875,-0.2197265625,0.37841796875,-0.06103515625,-0.0244140625,-0.0732421875,0.0732421875,-0.13427734375,0.1708984375,-0.28076171875,-0.0732421875,-0.01220703125,0.9033203125,0,-0.439453125,0.048828125,-0.48828125
1,-0.0732421875,-0.390625,-0.01220703125,-0.3662109375,-0.146484375,-0.439453125,-0.1708984375,-0.03662109375,-0.0244140625,-0.048828125,0.20751953125,-0.87890625,0.048828125,1.0986328125,-0.3173828125,-0.18310546875,-0.09765625,-0.52490234375,0.08544921875,-0.10986328125,-0.03662109375,0.8544921875,-0.03662109375,-0.57373046875,0.146484375,-0.048828125,-0.03662109375,-0.830078125,0.10986328125,1.0498046875,0.06103515625,0.40283203125,0.244140625,-0.3173828125,0.13427734375,-0.927734375,-0.1708984375,-0.45166015625,0.4150390625,-0.76904296875,0.2197265625,-0.20751953125,-0.42724609375,-0.57373046875,-0.28076171875,-0.37841796875,-0.28076171875,0.6103515625,0.439453125,1.171875,0.390625,0.48828125,-0.35400390625,-0.1708984375,-0.37841796875,0.67138671875,-0.30517578125,3.7841796875,-0.37841796875,2.783203125,-0.32958984375,6.11572265625,0.634765625,3.33251953125,-0.20751953125,-0.30517578125,0.1220703125,0.89111328125,-0.13427734375,0.09765625,-0.0244140625,0.0732421875,0.1220703125,0.15869140625,0.09765625,0.93994140625,-0.03662109375,-0.01220703125,-0.048828125,1.25732421875,0.146484375,-1.01318359375,-0.10986328125,-0.37841796875,0.10986328125,-1.0009765625,0.01220703125,-0.86669921875,0.13427734375,-2.490234375,-0.1220703125,-1.64794921875,0.40283203125,-1.2451171875,-0.09765625,-2.35595703125,-0.01220703125,-0.69580078125,0.01220703125,-0.72021484375,-0.0732421875,-0.634765625,-0.09765625,-0.10986328125,-0.06103515625,1.40380859375,-0.1220703125,1.1962890625,-0.0244140625,0.67138671875,-0.10986328125,2.67333984375,-0.244140625,0.37841796875,-0.048828125,-0.048828125,-0.0732421875,0.048828125,-0.1708984375,0.18310546875,-0.2685546875,-0.0732421875,-0.03662109375,0.87890625,-0.0244140625,-0.4638671875,0.0732421875,-0.5126953125
1,-0.09765625,-0.3662109375,0,-0.3662109375,-0.10986328125,-0.45166015625,-0.146484375,-0.048828125,-0.0244140625,-0.06103515625,0.18310546875,-0.86669921875,0.03662109375,1.0986328125,-0.30517578125,-0.20751953125,-0.146484375,-0.54931640625,0.09765625,-0.10986328125,-0.08544921875,0.84228515625,0.048828125,-0.57373046875,0.0244140625,0.03662109375,0.0244140625,-0.76904296875,0.06103515625,1.1474609375,-0.03662109375,0.5126953125,0.3173828125,-0.29296875,0.1708984375,-0.91552734375,-0.2197265625,-0.42724609375,0.35400390625,-0.74462890625,0.18310546875,-0.20751953125,-0.35400390625,-0.5615234375,-0.244140625,-0.37841796875,-0.30517578125,0.5859375,0.390625,1.18408203125,0.35400390625,0.47607421875,-0.25634765625,-0.1953125,-0.35400390625,0.6591796875,-0.3173828125,3.52783203125,-0.390625,2.6611328125,-0.40283203125,5.7373046875,0.59814453125,3.076171875,-0.23193359375,-0.3662109375,0.18310546875,0.91552734375,-0.13427734375,0.10986328125,0.048828125,0.0732421875,0.25634765625,0.18310546875,0.0732421875,0.89111328125,-0.1220703125,-0.01220703125,-0.01220703125,1.26953125,0.146484375,-1.03759765625,-0.08544921875,-0.390625,0.10986328125,-1.01318359375,-0.0244140625,-0.87890625,0.20751953125,-2.52685546875,-0.08544921875,-1.72119140625,0.37841796875,-1.30615234375,-0.06103515625,-2.4169921875,0,-0.68359375,0,-0.72021484375,-0.048828125,-0.59814453125,-0.10986328125,-0.1220703125,-0.048828125,2.294921875,-0.048828125,2.81982421875,-0.06103515625,1.40380859375,-0.08544921875,3.62548828125,-0.28076171875,0.3662109375,-0.048828125,-0.0244140625,-0.06103515625,0.0244140625,-0.1708984375,0.15869140625,-0.25634765625,-0.06103515625,-0.048828125,0.87890625,-0.0244140625,-0.4638671875,0.06103515625,-0.5126953125
1,-0.08544921875,-0.35400390625,0.01220703125,-0.3662109375,-0.1220703125,-0.45166015625,-0.13427734375,-0.06103515625,-0.03662109375,-0.048828125,0.15869140625,-0.89111328125,0.03662109375,1.0986328125,-0.3173828125,-0.23193359375,-0.2197265625,-0.54931640625,0.15869140625,-0.13427734375,-0.09765625,0.830078125,0.09765625,-0.59814453125,-0.1220703125,0.13427734375,-0.01220703125,-0.67138671875,-0.0244140625,1.318359375,-0.13427734375,0.6591796875,0.40283203125,-0.32958984375,0.18310546875,-0.91552734375,-0.25634765625,-0.439453125,0.32958984375,-0.74462890625,0.13427734375,-0.20751953125,-0.1953125,-0.54931640625,-0.244140625,-0.3662109375,-0.341796875,0.5859375,0.30517578125,1.220703125,0.32958984375,0.48828125,-0.244140625,-0.1708984375,-0.3662109375,0.68359375,-0.3173828125,3.271484375,-0.42724609375,2.47802734375,-0.47607421875,5.2490234375,0.47607421875,2.81982421875,-0.244140625,-0.341796875,0.244140625,0.9521484375,-0.10986328125,0.13427734375,0.08544921875,0.0732421875,0.28076171875,0.20751953125,0.0244140625,0.87890625,-0.18310546875,0,0.0244140625,1.28173828125,0.10986328125,-1.03759765625,-0.06103515625,-0.42724609375,0.08544921875,-1.03759765625,-0.09765625,-0.87890625,0.244140625,-2.42919921875,-0.048828125,-1.62353515625,0.35400390625,-1.220703125,0.01220703125,-2.33154296875,-0.01220703125,-0.68359375,-0.01220703125,-0.7080078125,0,-0.5859375,-0.09765625,-0.10986328125,0,3.21044921875,-0.0244140625,4.5166015625,-0.0732421875,2.1484375,0.01220703125,4.58984375,-0.30517578125,0.390625,-0.03662109375,-0.0244140625,-0.0732421875,-0.01220703125,-0.20751953125,0.15869140625,-0.20751953125,-0.06103515625,-0.0732421875,0.8544921875,-0.06103515625,-0.47607421875,0.06103515625,-0.50048828125
1,-0.08544921875,-0.37841796875,-0.01220703125,-0.390625,-0.1220703125,-0.45166015625,-0.146484375,-0.08544921875,-0.06103515625,-0.06103515625,0.18310546875,-0.89111328125,0.0244140625,1.0986328125,-0.30517578125,-0.2197265625,-0.2685546875,-0.54931640625,0.1708984375,-0.1220703125,-0.06103515625,0.830078125,0.1220703125,-0.5859375,-0.23193359375,0.25634765625,-0.1220703125,-0.52490234375,-0.08544921875,1.50146484375,-0.1708984375,0.81787109375,0.42724609375,-0.32958984375,0.146484375,-0.9033203125,-0.2685546875,-0.439453125,0.29296875,-0.7568359375,0.06103515625,-0.2197265625,-0.13427734375,-0.5615234375,-0.23193359375,-0.35400390625,-0.4150390625,0.57373046875,0.2685546875,1.2451171875,0.2685546875,0.48828125,-0.18310546875,-0.1708984375,-0.341796875,0.69580078125,-0.32958984375,2.978515625,-0.439453125,2.28271484375,-0.42724609375,4.69970703125,0.3173828125,2.5634765625,-0.244140625,-0.25634765625,0.2685546875,1.0009765625,-0.048828125,0.1708984375,0.10986328125,0.10986328125,0.28076171875,0.23193359375,-0.048828125,0.84228515625,-0.2197265625,0.01220703125,0.03662109375,1.2939453125,0.08544921875,-1.025390625,0,-0.40283203125,0.01220703125,-1.06201171875,-0.1220703125,-0.8544921875,0.23193359375,-2.28271484375,-0.048828125,-1.3427734375,0.3173828125,-1.06201171875,0.10986328125,-2.11181640625,0.01220703125,-0.7080078125,-0.0244140625,-0.732421875,0.0244140625,-0.5859375,-0.0732421875,-0.10986328125,0.0244140625,4.052734375,-0.048828125,6.09130859375,-0.08544921875,2.81982421875,0.03662109375,5.50537109375,-0.30517578125,0.390625,-0.03662109375,-0.01220703125,-0.06103515625,-0.03662109375,-0.2197265625,0.146484375,-0.18310546875,-0.048828125,-0.0732421875,0.830078125,-0.0244140625,-0.48828125,0.06103515625,-0.50048828125
0,-0.08544921875,-0.390625,-0.0244140625,-0.35400390625,-0.1220703125,-0.4638671875,-0.146484375,-0.0732421875,-0.048828125,-0.0244140625,0.18310546875,-0.89111328125,0.03662109375,1.07421875,-0.32958984375,-0.1708984375,-0.28076171875,-0.5615234375,0.1953125,-0.146484375,0,0.8544921875,0.10986328125,-0.6103515625,-0.2685546875,0.37841796875,-0.1220703125,-0.4150390625,-0.13427734375,1.66015625,-0.10986328125,0.93994140625,0.35400390625,-0.341796875,0.13427734375,-0.91552734375,-0.28076171875,-0.45166015625,0.244140625,-0.7568359375,-0.03662109375,-0.23193359375,-0.01220703125,-0.5859375,-0.244140625,-0.37841796875,-0.4638671875,0.57373046875,0.2197265625,1.25732421875,0.20751953125,0.47607421875,-0.13427734375,-0.146484375,-0.28076171875,0.72021484375,-0.32958984375,2.734375,-0.47607421875,2.08740234375,-0.3662109375,4.21142578125,0.244140625,2.35595703125,-0.1953125,-0.1220703125,0.30517578125,1.025390625,-0.01220703125,0.1953125,0.10986328125,0.1220703125,0.28076171875,0.244140625,-0.09765625,0.8056640625,-0.1953125,0,0.01220703125,1.318359375,0.01220703125,-1.0498046875,-0.01220703125,-0.4150390625,-0.03662109375,-1.03759765625,-0.13427734375,-0.84228515625,0.2197265625,-2.08740234375,-0.048828125,-0.9765625,0.28076171875,-0.830078125,0.1953125,-1.86767578125,0.0244140625,-0.69580078125,-0.048828125,-0.74462890625,0.06103515625,-0.537109375,-0.048828125,-0.09765625,0,4.77294921875,-0.0732421875,7.470703125,-0.0732421875,3.40576171875,0.0244140625,6.298828125,-0.30517578125,0.390625,-0.0244140625,0,-0.0732421875,-0.0244140625,-0.20751953125,0.146484375,-0.18310546875,-0.03662109375,-0.09765625,0.84228515625,-0.06103515625,-0.52490234375,0.0732421875,-0.48828125
0,-0.06103515625,-0.40283203125,-0.048828125,-0.3662109375,-0.10986328125,-0.4638671875,-0.1220703125,-0.09765625,-0.0244140625,-0.03662109375,0.1953125,-0.9033203125,0.0732421875,1.07421875,-0.32958984375,-0.15869140625,-0.244140625,-0.57373046875,0.1953125,-0.1220703125,0.09765625,0.86669921875,0.0732421875,-0.6103515625,-0.341796875,0.439453125,-0.13427734375,-0.3173828125,-0.1953125,1.79443359375,-0.10986328125,1.025390625,0.2685546875,-0.341796875,0.09765625,-0.9033203125,-0.2685546875,-0.4638671875,0.2197265625,-0.78125,-0.13427734375,-0.23193359375,0.09765625,-0.634765625,-0.2685546875,-0.37841796875,-0.50048828125,0.5615234375,0.18310546875,1.26953125,0.2197265625,0.45166015625,-0.0732421875,-0.13427734375,-0.2197265625,0.72021484375,-0.35400390625,2.55126953125,-0.4638671875,1.904296875,-0.439453125,3.7841796875,0.15869140625,2.2216796875,-0.15869140625,-0.01220703125,0.29296875,1.0498046875,0.03662109375,0.23193359375,0.0732421875,0.15869140625,0.2685546875,0.25634765625,-0.13427734375,0.84228515625,-0.1220703125,0,-0.03662109375,1.33056640625,-0.048828125,-1.025390625,0,-0.40283203125,-0.146484375,-1.03759765625,-0.146484375,-0.830078125,0.2197265625,-1.86767578125,0,-0.57373046875,0.25634765625,-0.59814453125,0.244140625,-1.5869140625,0.06103515625,-0.68359375,-0.10986328125,-0.732421875,0.08544921875,-0.54931640625,-0.01220703125,-0.1220703125,-0.048828125,5.322265625,-0.08544921875,8.58154296875,-0.06103515625,3.86962890625,-0.01220703125,6.93359375,-0.30517578125,0.390625,-0.01220703125,0,-0.06103515625,-0.03662109375,-0.1953125,0.15869140625,-0.1708984375,-0.048828125,-0.09765625,0.81787109375,-0.06103515625,-0.5126953125,0.08544921875,-0.50048828125
0,-0.08544921875,-0.40283203125,-0.048828125,-0.341796875,-0.08544921875,-0.45166015625,-0.09765625,-0.08544921875,-0.06103515625,-0.03662109375,0.2685546875,-0.87890625,0.0732421875,1.07421875,-0.3662109375,-0.1220703125,-0.18310546875,-0.5615234375,0.1953125,-0.1220703125,0.146484375,0.8544921875,0.048828125,-0.59814453125,-0.35400390625,0.439453125,-0.18310546875,-0.3173828125,-0.25634765625,1.8310546875,-0.08544921875,0.98876953125,0.1220703125,-0.3173828125,0.06103515625,-0.89111328125,-0.28076171875,-0.4638671875,0.18310546875,-0.8056640625,-0.2685546875,-0.23193359375,0.1220703125,-0.6591796875,-0.30517578125,-0.37841796875,-0.5615234375,0.54931640625,0.146484375,1.2939453125,0.18310546875,0.4638671875,-0.03662109375,-0.13427734375,-0.0732421875,0.7080078125,-0.37841796875,2.4658203125,-0.45166015625,1.77001953125,-0.5126953125,3.515625,0.10986328125,2.1240234375,-0.13427734375,0.03662109375,0.244140625,1.03759765625,0.03662109375,0.23193359375,0.0244140625,0.1708984375,0.29296875,0.244140625,-0.1708984375,0.84228515625,-0.08544921875,-0.0244140625,-0.048828125,1.33056640625,-0.06103515625,-1.03759765625,0.0244140625,-0.4150390625,-0.28076171875,-1.01318359375,-0.146484375,-0.81787109375,0.13427734375,-1.66015625,0.08544921875,-0.244140625,0.23193359375,-0.42724609375,0.2685546875,-1.35498046875,0.0732421875,-0.69580078125,-0.1220703125,-0.72021484375,0.08544921875,-0.57373046875,-0.03662109375,-0.1220703125,-0.0732421875,5.6884765625,-0.03662109375,9.27734375,-0.03662109375,4.16259765625,-0.03662109375,7.32421875,-0.3173828125,0.37841796875,-0.03662109375,0,-0.06103515625,-0.0244140625,-0.146484375,0.15869140625,-0.18310546875,-0.06103515625,-0.06103515625,0.830078125,-0.048828125,-0.52490234375,0.09765625,-0.50048828125
0,-0.09765625,-0.40283203125,-0.048828125,-0.32958984375,-0.0732421875,-0.45166015625,-0.10986328125,-0.0732421875,-0.0732421875,-0.0244140625,0.2685546875,-0.89111328125,0.06103515625,1.07421875,-0.3662109375,-0.10986328125,-0.1220703125,-0.57373046875,0.1953125,-0.1220703125,0.20751953125,0.87890625,-0.01220703125,-0.6103515625,-0.35400390625,0.390625,-0.0732421875,-0.341796875,-0.2197265625,1.7578125,-0.03662109375,0.9033203125,0.0244140625,-0.32958984375,0,-0.91552734375,-0.23193359375,-0.48828125,0.146484375,-0.830078125,-0.28076171875,-0.20751953125,0.13427734375,-0.69580078125,-0.341796875,-0.390625,-0.5859375,0.57373046875,0.09765625,1.318359375,0.1953125,0.42724609375,-0.01220703125,-0.1220703125,0.06103515625,0.7080078125,-0.45166015625,2.42919921875,-0.42724609375,1.6357421875,-0.57373046875,3.3447265625,0.0732421875,2.08740234375,-0.0732421875,0.06103515625,0.1953125,1.03759765625,0.06103515625,0.23193359375,-0.01220703125,0.1953125,0.244140625,0.23193359375,-0.1708984375,0.8544921875,-0.03662109375,0,-0.08544921875,1.318359375,-0.08544921875,-1.03759765625,0,-0.40283203125,-0.390625,-1.0009765625,-0.146484375,-0.830078125,0.048828125,-1.5380859375,0.06103515625,0.01220703125,0.18310546875,-0.29296875,0.23193359375,-1.18408203125,0.0732421875,-0.69580078125,-0.15869140625,-0.7080078125,0.1220703125,-0.6103515625,-0.03662109375,-0.1220703125,-0.1220703125,5.8349609375,-0.0244140625,9.60693359375,-0.03662109375,4.28466796875,-0.03662109375,7.53173828125,-0.30517578125,0.390625,-0.03662109375,0,-0.0732421875,-0.0244140625,-0.13427734375,0.1708984375,-0.1953125,-0.08544921875,-0.03662109375,0.830078125,-0.048828125,-0.5126953125,0.10986328125,-0.5126953125
0,-0.09765625,-0.4150390625,-0.0732421875,-0.341796875,-0.09765625,-0.45166015625,-0.09765625,-0.0732421875,-0.0732421875,-0.03662109375,0.25634765625,-0.86669921875,0.048828125,1.08642578125,-0.3662109375,-0.10986328125,-0.09765625,-0.54931640625,0.18310546875,-0.10986328125,0.2197265625,0.8544921875,-0.06103515625,-0.5859375,-0.37841796875,0.28076171875,0,-0.4150390625,-0.1708984375,1.6357421875,-0.0732421875,0.76904296875,-0.0244140625,-0.341796875,-0.048828125,-0.9033203125,-0.146484375,-0.50048828125,0.1953125,-0.84228515625,-0.30517578125,-0.23193359375,0.09765625,-0.74462890625,-0.3173828125,-0.37841796875,-0.54931640625,0.5615234375,0.10986328125,1.2939453125,0.18310546875,0.40283203125,0,-0.13427734375,0.1708984375,0.69580078125,-0.48828125,2.4169921875,-0.40283203125,1.5625,-0.62255859375,3.2958984375,-0.03662109375,2.06298828125,0.03662109375,0.06103515625,0.13427734375,1.025390625,0.01220703125,0.23193359375,-0.06103515625,0.18310546875,0.15869140625,0.2197265625,-0.1953125,0.9033203125,0.01220703125,-0.0244140625,-0.1220703125,1.318359375,-0.08544921875,-1.025390625,0.01220703125,-0.4150390625,-0.47607421875,-0.98876953125,-0.13427734375,-0.79345703125,0,-1.513671875,0.06103515625,0.06103515625,0.1953125,-0.23193359375,0.1953125,-1.123046875,0.0732421875,-0.69580078125,-0.146484375,-0.7080078125,0.08544921875,-0.62255859375,-0.06103515625,-0.1220703125,-0.13427734375,5.82275390625,-0.0244140625,9.58251953125,-0.03662109375,4.248046875,0.01220703125,7.4951171875,-0.3173828125,0.3662109375,-0.01220703125,0,-0.06103515625,-0.0244140625,-0.10986328125,0.1953125,-0.2197265625,-0.09765625,-0.01220703125,0.84228515625,-0.0244140625,-0.52490234375,0.10986328125,-0.52490234375
0,-0.08544921875,-0.40283203125,-0.08544921875,-0.3662109375,-0.10986328125,-0.439453125,-0.10986328125,-0.06103515625,-0.048828125,-0.048828125,0.2197265625,-0.87890625,0.048828125,1.08642578125,-0.35400390625,-0.1220703125,-0.0732421875,-0.54931640625,0.18310546875,-0.08544921875,0.1708984375,0.87890625,-0.08544921875,-0.57373046875,-0.341796875,0.1953125,0.09765625,-0.45166015625,-0.0732421875,1.4892578125,-0.0244140625,0.6591796875,-0.0244140625,-0.35400390625,-0.1220703125,-0.91552734375,-0.06103515625,-0.5126953125,0.23193359375,-0.830078125,-0.2197265625,-0.23193359375,0.01220703125,-0.76904296875,-0.29296875,-0.390625,-0.59814453125,0.59814453125,0.1220703125,1.2939453125,0.13427734375,0.40283203125,0.0244140625,-0.1708984375,0.2197265625,0.68359375,-0.48828125,2.42919921875,-0.341796875,1.513671875,-0.48828125,3.28369140625,-0.0732421875,2.03857421875,0.048828125,0.048828125,0.06103515625,1.0009765625,-0.0244140625,0.2197265625,-0.0732421875,0.1953125,0.08544921875,0.20751953125,-0.25634765625,0.93994140625,0.03662109375,-0.03662109375,-0.1708984375,1.28173828125,-0.09765625,-1.01318359375,-0.01220703125,-0.390625,-0.50048828125,-0.96435546875,-0.18310546875,-0.79345703125,-0.08544921875,-1.52587890625,0.01220703125,-0.03662109375,0.146484375,-0.28076171875,0.08544921875,-1.15966796875,0.0732421875,-0.69580078125,-0.1220703125,-0.69580078125,0.06103515625,-0.634765625,-0.08544921875,-0.13427734375,-0.10986328125,5.60302734375,-0.06103515625,9.24072265625,-0.0732421875,4.11376953125,0.06103515625,7.275390625,-0.30517578125,0.37841796875,-0.03662109375,0,-0.048828125,-0.048828125,-0.08544921875,0.20751953125,-0.244140625,-0.10986328125,0.01220703125,0.84228515625,0,-0.5126953125,0.10986328125,-0.54931640625
0,-0.09765625,-0.37841796875,-0.08544921875,-0.3662109375,-0.1220703125,-0.439453125,-0.10986328125,-0.048828125,-0.0244140625,-0.048828125,0.18310546875,-0.87890625,0.03662109375,1.0986328125,-0.32958984375,-0.15869140625,-0.048828125,-0.537109375,0.15869140625,-0.09765625,0.10986328125,0.87890625,-0.09765625,-0.57373046875,-0.29296875,0.13427734375,0.146484375,-0.390625,0,1.40380859375,-0.0732421875,0.5859375,0.01220703125,-0.341796875,-0.15869140625,-0.927734375,0.01220703125,-0.537109375,0.32958984375,-0.830078125,-0.15869140625,-0.244140625,0.0244140625,-0.78125,-0.23193359375,-0.37841796875,-0.537109375,0.57373046875,0.1220703125,1.2939453125,0.08544921875,0.37841796875,0,-0.18310546875,0.244140625,0.6591796875,-0.537109375,2.40478515625,-0.29296875,1.45263671875,-0.42724609375,3.28369140625,-0.20751953125,1.98974609375,0.06103515625,0,0.0244140625,0.9765625,-0.06103515625,0.1953125,-0.10986328125,0.18310546875,0,0.1953125,-0.2685546875,0.96435546875,0.08544921875,-0.03662109375,-0.1708984375,1.26953125,-0.1220703125,-1.01318359375,-0.01220703125,-0.40283203125,-0.52490234375,-0.927734375,-0.20751953125,-0.81787109375,-0.1708984375,-1.62353515625,-0.09765625,-0.23193359375,0.048828125,-0.3662109375,0.0244140625,-1.2451171875,0.08544921875,-0.68359375,-0.0732421875,-0.7080078125,0.01220703125,-0.634765625,-0.146484375,-0.13427734375,-0.08544921875,5.21240234375,-0.15869140625,8.6181640625,-0.10986328125,3.79638671875,0.09765625,6.87255859375,-0.32958984375,0.390625,-0.048828125,0,-0.06103515625,-0.03662109375,-0.08544921875,0.1953125,-0.244140625,-0.13427734375,0.01220703125,0.84228515625,0.01220703125,-0.47607421875,0.09765625,-0.54931640625
0,-0.08544921875,-0.3662109375,-0.10986328125,-0.37841796875,-0.1220703125,-0.4150390625,-0.10986328125,-0.048828125,-0.01220703125,-0.06103515625,0.1708984375,-0.9033203125,0.01220703125,1.08642578125,-0.32958984375,-0.18310546875,-0.0732421875,-0.537109375,0.15869140625,-0.10986328125,0,0.89111328125,-0.08544921875,-0.59814453125,-0.15869140625,0.1953125,0.20751953125,-0.1708984375,0.1220703125,1.4404296875,0,0.67138671875,0.10986328125,-0.3173828125,-0.18310546875,-0.93994140625,0.03662109375,-0.52490234375,0.37841796875,-0.81787109375,-0.13427734375,-0.244140625,0.03662109375,-0.76904296875,-0.10986328125,-0.3662109375,-0.52490234375,0.5859375,0.13427734375,1.25732421875,0.06103515625,0.40283203125,-0.0244140625,-0.1953125,0.25634765625,0.68359375,-0.48828125,2.35595703125,-0.29296875,1.42822265625,-0.3173828125,3.21044921875,-0.244140625,1.89208984375,0.08544921875,-0.0244140625,-0.048828125,0.96435546875,-0.09765625,0.18310546875,-0.10986328125,0.18310546875,-0.08544921875,0.18310546875,-0.30517578125,0.9521484375,0.09765625,-0.0244140625,-0.146484375,1.26953125,-0.1220703125,-1.01318359375,-0.0244140625,-0.390625,-0.54931640625,-0.9521484375,-0.1953125,-0.79345703125,-0.09765625,-1.7578125,-0.0732421875,-0.48828125,0.03662109375,-0.5126953125,0.03662109375,-1.37939453125,0,-0.68359375,0.0244140625,-0.7080078125,-0.03662109375,-0.62255859375,-0.15869140625,-0.1220703125,-0.06103515625,4.7119140625,-0.23193359375,7.77587890625,-0.13427734375,3.40576171875,0.1220703125,6.3232421875,-0.29296875,0.37841796875,-0.03662109375,-0.03662109375,-0.06103515625,-0.06103515625,-0.09765625,0.18310546875,-0.20751953125,-0.09765625,0.0244140625,0.830078125,0.0244140625,-0.4638671875,0.0732421875,-0.537109375
0,-0.08544921875,-0.35400390625,-0.10986328125,-0.40283203125,-0.1220703125,-0.439453125,-0.13427734375,-0.06103515625,0,-0.0732421875,0.15869140625,-0.91552734375,0,1.08642578125,-0.32958984375,-0.1953125,-0.08544921875,-0.537109375,0.1708984375,-0.10986328125,-0.09765625,0.89111328125,-0.03662109375,-0.57373046875,-0.08544921875,0.390625,0.1953125,0.28076171875,0.1708984375,1.67236328125,0,0.89111328125,0.1708984375,-0.29296875,-0.18310546875,-0.927734375,0.0732421875,-0.48828125,0.40283203125,-0.78125,-0.06103515625,-0.244140625,0.03662109375,-0.7568359375,-0.0244140625,-0.3662109375,-0.4638671875,0.6103515625,0.10986328125,1.220703125,0.0244140625,0.4150390625,-0.01220703125,-0.1953125,0.244140625,0.67138671875,-0.4638671875,2.197265625,-0.30517578125,1.3427734375,-0.1708984375,2.99072265625,-0.244140625,1.72119140625,0.06103515625,-0.048828125,-0.1708984375,0.9521484375,-0.18310546875,0.18310546875,-0.1953125,0.13427734375,-0.15869140625,0.18310546875,-0.30517578125,0.96435546875,0.09765625,-0.0244140625,-0.13427734375,1.25732421875,-0.13427734375,-1.0009765625,0,-0.37841796875,-0.57373046875,-0.96435546875,-0.15869140625,-0.79345703125,-0.06103515625,-1.84326171875,-0.13427734375,-0.732421875,-0.01220703125,-0.6103515625,0.0244140625,-1.513671875,-0.06103515625,-0.69580078125,0.1220703125,-0.7080078125,-0.08544921875,-0.6103515625,-0.1708984375,-0.09765625,-0.0244140625,4.1015625,-0.244140625,6.72607421875,-0.18310546875,2.9052734375,0.1220703125,5.65185546875,-0.29296875,0.37841796875,-0.0244140625,-0.01220703125,-0.06103515625,-0.0732421875,-0.1220703125,0.18310546875,-0.2197265625,-0.048828125,-0.01220703125,0.8544921875,0,-0.4638671875,0.09765625,-0.52490234375
0,-0.0732421875,-0.35400390625,-0.1220703125,-0.37841796875,-0.09765625,-0.45166015625,-0.15869140625,-0.06103515625,-0.0244140625,-0.06103515625,0.146484375,-0.91552734375,-0.01220703125,1.08642578125,-0.29296875,-0.1953125,-0.15869140625,-0.5615234375,0.1708984375,-0.13427734375,-0.1220703125,0.86669921875,0.0244140625,-0.5859375,-0.03662109375,0.76904296875,0.2197265625,0.96435546875,0.20751953125,2.11181640625,-0.01220703125,1.318359375,0.1953125,-0.2197265625,-0.18310546875,-0.91552734375,0.048828125,-0.45166015625,0.439453125,-0.76904296875,-0.09765625,-0.20751953125,0.0244140625,-0.732421875,0.0732421875,-0.3662109375,-0.35400390625,0.6103515625,0.09765625,1.1962890625,0.08544921875,0.42724609375,0.01220703125,-0.20751953125,0.2197265625,0.67138671875,-0.40283203125,2.001953125,-0.30517578125,1.220703125,-0.146484375,2.685546875,-0.2685546875,1.513671875,0.048828125,-0.048828125,-0.1708984375,0.9765625,-0.20751953125,0.1708984375,-0.1708984375,0.1220703125,-0.2197265625,0.1953125,-0.3173828125,0.93994140625,0.048828125,-0.0244140625,-0.048828125,1.26953125,-0.1220703125,-1.0009765625,-0.01220703125,-0.37841796875,-0.57373046875,-0.9765625,-0.09765625,-0.79345703125,-0.08544921875,-1.91650390625,-0.1708984375,-0.89111328125,-0.1220703125,-0.67138671875,0.03662109375,-1.5869140625,-0.1220703125,-0.69580078125,0.23193359375,-0.7080078125,-0.146484375,-0.59814453125,-0.13427734375,-0.10986328125,-0.01220703125,3.40576171875,-0.29296875,5.5908203125,-0.244140625,2.3681640625,0.13427734375,4.9072265625,-0.25634765625,0.35400390625,-0.048828125,-0.0244140625,-0.0732421875,-0.048828125,-0.1220703125,0.15869140625,-0.1708984375,0.01220703125,-0.03662109375,0.81787109375,0,-0.4638671875,0.06103515625,-0.54931640625
0,-0.09765625,-0.35400390625,-0.10986328125,-0.390625,-0.06103515625,-0.4638671875,-0.146484375,-0.048828125,-0.06103515625,-0.06103515625,0.146484375,-0.89111328125,-0.0732421875,1.06201171875,-0.29296875,-0.20751953125,-0.20751953125,-0.54931640625,0.13427734375,-0.13427734375,-0.1220703125,0.87890625,0.01220703125,-0.62255859375,0.10986328125,1.30615234375,0.146484375,1.85546875,0.2197265625,2.783203125,0.048828125,1.91650390625,0.1708984375,-0.146484375,-0.18310546875,-0.9033203125,0.0732421875,-0.42724609375,0.439453125,-0.7568359375,-0.2197265625,-0.20751953125,0.03662109375,-0.7080078125,0.146484375,-0.3662109375,-0.28076171875,0.634765625,0.06103515625,1.1474609375,0.13427734375,0.4638671875,0.01220703125,-0.1953125,0.2197265625,0.69580078125,-0.30517578125,1.74560546875,-0.29296875,1.08642578125,-0.10986328125,2.24609375,-0.2685546875,1.25732421875,0.048828125,-0.0244140625,-0.1953125,1.0009765625,-0.23193359375,0.146484375,-0.13427734375,0.10986328125,-0.244140625,0.20751953125,-0.30517578125,0.89111328125,0.01220703125,-0.0244140625,0.0244140625,1.25732421875,-0.08544921875,-0.98876953125,-0.0244140625,-0.3662109375,-0.52490234375,-0.98876953125,-0.06103515625,-0.79345703125,0.06103515625,-1.904296875,-0.10986328125,-0.9033203125,-0.08544921875,-0.64697265625,0.08544921875,-1.55029296875,-0.18310546875,-0.69580078125,0.28076171875,-0.7568359375,-0.1953125,-0.5859375,-0.08544921875,-0.10986328125,0.01220703125,2.67333984375,-0.25634765625,4.35791015625,-0.30517578125,1.77001953125,0.146484375,4.1015625,-0.25634765625,0.35400390625,-0.0732421875,-0.0244140625,-0.0732421875,-0.03662109375,-0.13427734375,0.13427734375,-0.15869140625,0.08544921875,-0.06103515625,0.78125,-0.0244140625,-0.4638671875,0.0732421875,-0.5615234375
0,-0.0732421875,-0.3662109375,-0.10986328125,-0.37841796875,-0.048828125,-0.4638671875,-0.1708984375,-0.06103515625,-0.0732421875,-0.048828125,0.13427734375,-0.9033203125,-0.0732421875,1.08642578125,-0.244140625,-0.20751953125,-0.2197265625,-0.5615234375,0.06103515625,-0.13427734375,-0.0732421875,0.87890625,-0.01220703125,-0.6103515625,0.1220703125,1.96533203125,-0.06103515625,2.94189453125,0.13427734375,3.61328125,0,2.63671875,0.13427734375,-0.048828125,-0.15869140625,-0.9033203125,0.06103515625,-0.42724609375,0.37841796875,-0.74462890625,-0.2685546875,-0.1953125,0.01220703125,-0.68359375,0.1220703125,-0.35400390625,-0.23193359375,0.634765625,0.048828125,1.13525390625,0.13427734375,0.47607421875,-0.0244140625,-0.18310546875,0.1953125,0.7080078125,-0.29296875,1.4892578125,-0.30517578125,0.91552734375,-0.0732421875,1.7578125,-0.28076171875,1.01318359375,0.01220703125,0.01220703125,-0.23193359375,1.01318359375,-0.2685546875,0.1708984375,-0.146484375,0.10986328125,-0.28076171875,0.2197265625,-0.30517578125,0.84228515625,0,-0.01220703125,0.09765625,1.30615234375,-0.06103515625,-1.0009765625,-0.048828125,-0.3662109375,-0.47607421875,-1.0009765625,-0.01220703125,-0.79345703125,0.03662109375,-1.77001953125,-0.10986328125,-0.8056640625,-0.1220703125,-0.52490234375,0.06103515625,-1.42822265625,-0.18310546875,-0.68359375,0.28076171875,-0.76904296875,-0.23193359375,-0.54931640625,-0.08544921875,-0.10986328125,0.0244140625,1.91650390625,-0.244140625,3.125,-0.3173828125,1.15966796875,0.15869140625,3.33251953125,-0.2685546875,0.32958984375,-0.06103515625,0,-0.06103515625,-0.048828125,-0.13427734375,0.146484375,-0.1220703125,0.15869140625,-0.08544921875,0.76904296875,-0.03662109375,-0.50048828125,0.06103515625,-0.5615234375
0,-0.08544921875,-0.37841796875,-0.1220703125,-0.390625,-0.03662109375,-0.45166015625,-0.1708984375,-0.08544921875,-0.10986328125,-0.03662109375,0.13427734375,-0.89111328125,-0.08544921875,1.0986328125,-0.244140625,-0.1953125,-0.1953125,-0.5859375,-0.03662109375,-0.15869140625,0.03662109375,0.87890625,-0.09765625,-0.6103515625,0.13427734375,2.69775390625,-0.06103515625,4.1259765625,0.0732421875,4.55322265625,0.01220703125,3.4423828125,0.08544921875,0.03662109375,-0.13427734375,-0.9033203125,0.06103515625,-0.439453125,0.35400390625,-0.7568359375,-0.30517578125,-0.18310546875,0,-0.6591796875,0.08544921875,-0.37841796875,-0.15869140625,0.62255859375,0.048828125,1.15966796875,0.18310546875,0.4638671875,-0.09765625,-0.18310546875,0.1708984375,0.7080078125,-0.2685546875,1.18408203125,-0.2685546875,0.7568359375,-0.048828125,1.25732421875,-0.18310546875,0.7568359375,0.0244140625,0.0732421875,-0.244140625,1.03759765625,-0.20751953125,0.1953125,-0.10986328125,0.13427734375,-0.30517578125,0.23193359375,-0.30517578125,0.8544921875,0.03662109375,-0.03662109375,0.10986328125,1.30615234375,0,-1.0009765625,-0.048828125,-0.35400390625,-0.42724609375,-1.0009765625,0.03662109375,-0.81787109375,0.06103515625,-1.59912109375,-0.09765625,-0.59814453125,-0.1220703125,-0.35400390625,0.048828125,-1.20849609375,-0.18310546875,-0.67138671875,0.25634765625,-0.7568359375,-0.23193359375,-0.54931640625,-0.06103515625,-0.08544921875,0.03662109375,1.15966796875,-0.18310546875,1.89208984375,-0.29296875,0.537109375,0.1220703125,2.52685546875,-0.23193359375,0.3173828125,-0.06103515625,-0.01220703125,-0.048828125,-0.0244140625,-0.1220703125,0.15869140625,-0.13427734375,0.244140625,-0.03662109375,0.7568359375,-0.03662109375,-0.5126953125,0.06103515625,-0.57373046875
0,-0.08544921875,-0.390625,-0.13427734375,-0.390625,-0.0244140625,-0.45166015625,-0.1708984375,-0.09765625,-0.1220703125,-0.048828125,0.13427734375,-0.87890625,-0.1220703125,1.11083984375,-0.23193359375,-0.1953125,-0.1708984375,-0.59814453125,-0.10986328125,-0.146484375,0.13427734375,0.87890625,-0.1953125,-0.62255859375,0.15869140625,3.40576171875,-0.03662109375,5.2734375,0,5.50537109375,-0.01220703125,4.2236328125,0.048828125,0.10986328125,-0.08544921875,-0.89111328125,0.06103515625,-0.439453125,0.23193359375,-0.76904296875,-0.30517578125,-0.18310546875,-0.0244140625,-0.64697265625,0.0732421875,-0.37841796875,-0.1953125,0.6103515625,0.01220703125,1.18408203125,0.1953125,0.4638671875,-0.1220703125,-0.18310546875,0.1220703125,0.7080078125,-0.244140625,0.98876953125,-0.244140625,0.5859375,-0.08544921875,0.81787109375,-0.13427734375,0.5859375,-0.0244140625,0.13427734375,-0.30517578125,1.07421875,-0.1953125,0.23193359375,-0.1708984375,0.1708984375,-0.3173828125,0.23193359375,-0.25634765625,0.830078125,0.0732421875,-0.0244140625,0.10986328125,1.30615234375,0.0244140625,-1.01318359375,-0.08544921875,-0.3662109375,-0.32958984375,-1.01318359375,0.06103515625,-0.81787109375,0.13427734375,-1.3671875,0.03662109375,-0.29296875,-0.01220703125,-0.13427734375,0.10986328125,-0.96435546875,-0.146484375,-0.67138671875,0.1708984375,-0.7568359375,-0.18310546875,-0.5615234375,-0.03662109375,-0.06103515625,0.01220703125,0.4638671875,-0.09765625,0.72021484375,-0.25634765625,-0.048828125,0.06103515625,1.77001953125,-0.23193359375,0.29296875,-0.08544921875,0,-0.048828125,-0.01220703125,-0.10986328125,0.18310546875,-0.13427734375,0.30517578125,-0.0244140625,0.74462890625,-0.03662109375,-0.52490234375,0.0732421875,-0.59814453125
1,-0.0732421875,-0.4150390625,-0.13427734375,-0.390625,-0.0244140625,-0.45166015625,-0.1953125,-0.1220703125,-0.1220703125,-0.0244140625,0.15869140625,-0.86669921875,-0.1220703125,1.0986328125,-0.2197265625,-0.15869140625,-0.09765625,-0.57373046875,-0.146484375,-0.13427734375,0.1953125,0.86669921875,-0.2197265625,-0.62255859375,0.1220703125,4.0771484375,-0.048828125,6.33544921875,-0.048828125,6.34765625,0,4.9560546875,0.01220703125,0.20751953125,-0.0732421875,-0.89111328125,0.0732421875,-0.47607421875,0.1220703125,-0.76904296875,-0.29296875,-0.18310546875,0,-0.64697265625,0.0244140625,-0.390625,-0.1708984375,0.6103515625,-0.01220703125,1.23291015625,0.23193359375,0.45166015625,-0.1953125,-0.18310546875,0.0244140625,0.72021484375,-0.29296875,0.86669921875,-0.146484375,0.48828125,-0.13427734375,0.537109375,0.0244140625,0.50048828125,-0.10986328125,0.20751953125,-0.3173828125,1.06201171875,-0.10986328125,0.2685546875,-0.23193359375,0.20751953125,-0.30517578125,0.25634765625,-0.20751953125,0.830078125,0.09765625,-0.03662109375,0.0732421875,1.318359375,0.048828125,-1.025390625,-0.09765625,-0.3662109375,-0.25634765625,-1.0009765625,0.09765625,-0.81787109375,0.0732421875,-1.123046875,-0.0244140625,0,-0.0244140625,0.10986328125,0.06103515625,-0.69580078125,-0.1220703125,-0.67138671875,0.048828125,-0.7568359375,-0.13427734375,-0.5859375,-0.01220703125,-0.0732421875,-0.0244140625,-0.1953125,-0.06103515625,-0.3173828125,-0.1953125,-0.57373046875,0.0244140625,1.06201171875,-0.23193359375,0.30517578125,-0.09765625,0.0244140625,-0.08544921875,-0.03662109375,-0.0732421875,0.20751953125,-0.18310546875,0.3662109375,-0.0244140625,0.76904296875,-0.0244140625,-0.537109375,0.0732421875,-0.5859375
1,-0.0732421875,-0.439453125,-0.13427734375,-0.37841796875,0.01220703125,-0.45166015625,-0.1953125,-0.10986328125,-0.13427734375,-0.048828125,0.146484375,-0.87890625,-0.10986328125,1.11083984375,-0.2197265625,-0.10986328125,-0.0732421875,-0.5615234375,-0.146484375,-0.1220703125,0.29296875,0.8544921875,-0.2197265625,-0.62255859375,0.0244140625,4.58984375,-0.10986328125,7.177734375,-0.0732421875,7.0556640625,-0.0244140625,5.50537109375,0.01220703125,0.28076171875,-0.1220703125,-0.87890625,0.06103515625,-0.48828125,0.0732421875,-0.8056640625,-0.29296875,-0.2197265625,0.06103515625,-0.6591796875,0.0244140625,-0.35400390625,-0.2197265625,0.6103515625,-0.048828125,1.28173828125,0.18310546875,0.45166015625,-0.25634765625,-0.18310546875,-0.01220703125,0.7080078125,-0.3662109375,0.89111328125,-0.1220703125,0.47607421875,-0.1708984375,0.48828125,0.1708984375,0.537109375,-0.15869140625,0.244140625,-0.32958984375,1.07421875,-0.01220703125,0.28076171875,-0.2197265625,0.2685546875,-0.2685546875,0.23193359375,-0.15869140625,0.830078125,0.13427734375,-0.03662109375,0.048828125,1.33056640625,0.048828125,-1.025390625,-0.08544921875,-0.37841796875,-0.23193359375,-0.9765625,0.09765625,-0.81787109375,0.048828125,-0.927734375,-0.0244140625,0.2685546875,-0.03662109375,0.3173828125,0.06103515625,-0.45166015625,-0.0732421875,-0.64697265625,-0.08544921875,-0.7568359375,-0.0732421875,-0.59814453125,0.0244140625,-0.08544921875,-0.048828125,-0.74462890625,0.01220703125,-1.20849609375,-0.15869140625,-1.03759765625,0.01220703125,0.4638671875,-0.23193359375,0.30517578125,-0.09765625,0.03662109375,-0.0732421875,-0.048828125,-0.0732421875,0.2197265625,-0.20751953125,0.390625,0,0.7568359375,-0.0244140625,-0.54931640625,0.08544921875,-0.62255859375
1,-0.0732421875,-0.439453125,-0.146484375,-0.3662109375,0.01220703125,-0.439453125,-0.146484375,-0.09765625,-0.10986328125,-0.06103515625,0.10986328125,-0.86669921875,-0.1220703125,1.0986328125,-0.23193359375,-0.10986328125,-0.0732421875,-0.537109375,-0.08544921875,-0.10986328125,0.32958984375,0.89111328125,-0.18310546875,-0.5859375,-0.08544921875,4.9560546875,-0.1708984375,7.7880859375,-0.03662109375,7.48291015625,-0.0732421875,5.8837890625,-0.048828125,0.341796875,-0.18310546875,-0.87890625,0.03662109375,-0.48828125,-0.01220703125,-0.830078125,-0.28076171875,-0.1953125,0.0732421875,-0.67138671875,0.0244140625,-0.3662109375,-0.28076171875,0.634765625,0.01220703125,1.2939453125,0.13427734375,0.4150390625,-0.2685546875,-0.18310546875,-0.06103515625,0.7080078125,-0.45166015625,1.0498046875,-0.08544921875,0.54931640625,-0.146484375,0.69580078125,0.244140625,0.72021484375,-0.1953125,0.25634765625,-0.37841796875,1.08642578125,0,0.2685546875,-0.28076171875,0.28076171875,-0.30517578125,0.2197265625,-0.0732421875,0.86669921875,0.1220703125,-0.03662109375,0.03662109375,1.318359375,0.048828125,-1.025390625,-0.048828125,-0.3662109375,-0.146484375,-0.9521484375,0.0732421875,-0.81787109375,0.03662109375,-0.79345703125,-0.0244140625,0.4638671875,-0.06103515625,0.45166015625,0.048828125,-0.2685546875,-0.0244140625,-0.6591796875,-0.244140625,-0.732421875,-0.01220703125,-0.62255859375,-0.0244140625,-0.09765625,-0.0244140625,-1.20849609375,0.0732421875,-1.9287109375,-0.09765625,-1.416015625,0.048828125,-0.06103515625,-0.244140625,0.32958984375,-0.0732421875,0,-0.06103515625,-0.048828125,-0.0732421875,0.2197265625,-0.23193359375,0.4150390625,-0.01220703125,0.7568359375,-0.01220703125,-0.52490234375,0.08544921875,-0.6103515625
1,-0.0732421875,-0.45166015625,-0.146484375,-0.3662109375,0.01220703125,-0.42724609375,-0.15869140625,-0.08544921875,-0.09765625,-0.06103515625,0.09765625,-0.89111328125,-0.1220703125,1.0986328125,-0.20751953125,-0.08544921875,-0.13427734375,-0.537109375,-0.01220703125,-0.08544921875,0.3173828125,0.86669921875,-0.0732421875,-0.57373046875,-0.18310546875,5.126953125,-0.09765625,8.10546875,0.01220703125,7.70263671875,-0.08544921875,6.04248046875,-0.048828125,0.341796875,-0.29296875,-0.89111328125,0.03662109375,-0.4638671875,-0.0244140625,-0.8056640625,-0.32958984375,-0.1953125,0.08544921875,-0.7080078125,0.01220703125,-0.341796875,-0.32958984375,0.64697265625,0.09765625,1.2939453125,0.10986328125,0.4150390625,-0.32958984375,-0.1953125,-0.09765625,0.7080078125,-0.52490234375,1.35498046875,0.01220703125,0.74462890625,-0.08544921875,1.18408203125,0.30517578125,1.01318359375,-0.23193359375,0.30517578125,-0.42724609375,1.06201171875,0.01220703125,0.25634765625,-0.28076171875,0.29296875,-0.3173828125,0.20751953125,-0.048828125,0.86669921875,0.08544921875,-0.03662109375,0.01220703125,1.2939453125,0,-1.025390625,0,-0.3662109375,-0.1220703125,-0.91552734375,0.03662109375,-0.8056640625,-0.01220703125,-0.72021484375,-0.06103515625,0.50048828125,-0.10986328125,0.50048828125,0,-0.18310546875,0.01220703125,-0.67138671875,-0.341796875,-0.7080078125,0.06103515625,-0.6591796875,-0.01220703125,-0.09765625,-0.06103515625,-1.57470703125,0.0732421875,-2.50244140625,-0.06103515625,-1.67236328125,0.08544921875,-0.439453125,-0.2685546875,0.32958984375,-0.08544921875,0.01220703125,-0.0732421875,-0.06103515625,-0.09765625,0.2197265625,-0.23193359375,0.40283203125,0.06103515625,0.76904296875,-0.0244140625,-0.5126953125,0.09765625,-0.59814453125
1,-0.08544921875,-0.42724609375,-0.15869140625,-0.3662109375,0.0244140625,-0.4150390625,-0.146484375,-0.06103515625,-0.10986328125,-0.0732421875,0.0732421875,-0.87890625,-0.13427734375,1.07421875,-0.18310546875,-0.1220703125,-0.1953125,-0.537109375,0.0732421875,-0.08544921875,0.3173828125,0.89111328125,0.01220703125,-0.57373046875,-0.20751953125,5.1513671875,-0.0244140625,8.16650390625,0.08544921875,7.6904296875,-0.0732421875,6.005859375,-0.0732421875,0.3662109375,-0.37841796875,-0.87890625,-0.01220703125,-0.4638671875,-0.06103515625,-0.8056640625,-0.3662109375,-0.18310546875,0.1220703125,-0.732421875,0,-0.35400390625,-0.37841796875,0.64697265625,0.1708984375,1.26953125,0.06103515625,0.40283203125,-0.3173828125,-0.2197265625,-0.20751953125,0.68359375,-0.54931640625,1.74560546875,0.03662109375,1.03759765625,-0.10986328125,1.9287109375,0.25634765625,1.416015625,-0.2197265625,0.30517578125,-0.37841796875,1.06201171875,0.03662109375,0.2685546875,-0.244140625,0.29296875,-0.32958984375,0.20751953125,-0.048828125,0.87890625,0.06103515625,-0.03662109375,-0.0244140625,1.2939453125,-0.03662109375,-1.025390625,0.03662109375,-0.37841796875,-0.13427734375,-0.93994140625,-0.03662109375,-0.81787109375,-0.03662109375,-0.732421875,-0.146484375,0.4150390625,-0.1953125,0.48828125,-0.03662109375,-0.1953125,0.08544921875,-0.68359375,-0.4150390625,-0.7080078125,0.08544921875,-0.6591796875,-0.03662109375,-0.08544921875,-0.08544921875,-1.7822265625,0.09765625,-2.8564453125,-0.0244140625,-1.84326171875,0.048828125,-0.68359375,-0.28076171875,0.341796875,-0.08544921875,0.01220703125,-0.0732421875,-0.0732421875,-0.10986328125,0.1953125,-0.2197265625,0.390625,0.03662109375,0.78125,-0.03662109375,-0.52490234375,0.10986328125,-0.57373046875
1,-0.08544921875,-0.40283203125,-0.18310546875,-0.3662109375,0,-0.4150390625,-0.13427734375,-0.06103515625,-0.0732421875,-0.06103515625,0.03662109375,-0.87890625,-0.09765625,1.08642578125,-0.15869140625,-0.10986328125,-0.20751953125,-0.537109375,0.15869140625,-0.08544921875,0.25634765625,0.89111328125,0.09765625,-0.54931640625,-0.18310546875,5.01708984375,-0.15869140625,7.97119140625,0.1220703125,7.48291015625,-0.09765625,5.84716796875,-0.0732421875,0.3173828125,-0.390625,-0.89111328125,-0.03662109375,-0.439453125,-0.0732421875,-0.78125,-0.40283203125,-0.20751953125,0.1708984375,-0.74462890625,0,-0.35400390625,-0.37841796875,0.634765625,0.23193359375,1.2451171875,0.08544921875,0.42724609375,-0.29296875,-0.2197265625,-0.25634765625,0.68359375,-0.54931640625,2.23388671875,0.06103515625,1.42822265625,-0.09765625,2.83203125,0.2685546875,1.91650390625,-0.2197265625,0.30517578125,-0.30517578125,1.06201171875,0.048828125,0.25634765625,-0.20751953125,0.29296875,-0.30517578125,0.1953125,-0.01220703125,0.87890625,0,-0.03662109375,-0.06103515625,1.2451171875,-0.10986328125,-1.025390625,0.06103515625,-0.3662109375,-0.15869140625,-0.93994140625,-0.08544921875,-0.79345703125,-0.03662109375,-0.8544921875,-0.18310546875,0.25634765625,-0.25634765625,0.40283203125,-0.03662109375,-0.2685546875,0.13427734375,-0.68359375,-0.40283203125,-0.732421875,0.1220703125,-0.62255859375,-0.09765625,-0.10986328125,-0.08544921875,-1.89208984375,0.048828125,-3.0029296875,0,-1.91650390625,0.03662109375,-0.79345703125,-0.29296875,0.35400390625,-0.0732421875,0.01220703125,-0.06103515625,-0.06103515625,-0.13427734375,0.20751953125,-0.20751953125,0.3173828125,0.0244140625,0.76904296875,-0.048828125,-0.5126953125,0.13427734375,-0.5615234375
1,-0.10986328125,-0.40283203125,-0.1953125,-0.35400390625,0.01220703125,-0.4150390625,-0.1220703125,-0.06103515625,-0.08544921875,-0.08544921875,0.048828125,-0.89111328125,-0.10986328125,1.06201171875,-0.13427734375,-0.13427734375,-0.244140625,-0.5615234375,0.20751953125,-0.09765625,0.1953125,0.87890625,0.1708984375,-0.54931640625,-0.13427734375,4.78515625,-0.25634765625,7.6416015625,0.13427734375,7.177734375,-0.0732421875,5.60302734375,-0.13427734375,0.28076171875,-0.37841796875,-0.91552734375,-0.06103515625,-0.42724609375,-0.08544921875,-0.78125,-0.37841796875,-0.20751953125,0.1708984375,-0.732421875,-0.01220703125,-0.3662109375,-0.341796875,0.634765625,0.30517578125,1.18408203125,-0.01220703125,0.42724609375,-0.35400390625,-0.2197265625,-0.2197265625,0.68359375,-0.50048828125,2.783203125,0.08544921875,1.85546875,-0.08544921875,3.8330078125,0.29296875,2.45361328125,-0.20751953125,0.341796875,-0.2197265625,1.08642578125,0.0732421875,0.244140625,-0.1220703125,0.29296875,-0.23193359375,0.1953125,0,0.86669921875,-0.048828125,-0.0244140625,-0.1220703125,1.25732421875,-0.146484375,-1.0009765625,0.08544921875,-0.3662109375,-0.23193359375,-0.9765625,-0.1220703125,-0.79345703125,-0.06103515625,-1.0009765625,-0.1953125,0,-0.341796875,0.29296875,0.0244140625,-0.390625,0.146484375,-0.7080078125,-0.341796875,-0.72021484375,0.146484375,-0.59814453125,-0.1220703125,-0.13427734375,-0.10986328125,-1.8798828125,0,-2.978515625,-0.01220703125,-1.904296875,0.01220703125,-0.78125,-0.28076171875,0.3662109375,-0.10986328125,0.0244140625,-0.048828125,-0.0732421875,-0.146484375,0.18310546875,-0.15869140625,0.28076171875,0,0.76904296875,-0.06103515625,-0.48828125,0.1220703125,-0.54931640625
1,-0.13427734375,-0.37841796875,-0.20751953125,-0.390625,0.01220703125,-0.42724609375,-0.08544921875,-0.0732421875,-0.08544921875,-0.0732421875,0.0244140625,-0.91552734375,-0.09765625,1.08642578125,-0.10986328125,-0.18310546875,-0.244140625,-0.5859375,0.23193359375,-0.1220703125,0.15869140625,0.87890625,0.18310546875,-0.5615234375,-0.0244140625,4.50439453125,-0.30517578125,7.177734375,0.15869140625,6.79931640625,-0.0244140625,5.2978515625,-0.20751953125,0.2197265625,-0.3662109375,-0.91552734375,-0.0732421875,-0.4150390625,-0.048828125,-0.74462890625,-0.341796875,-0.1953125,0.20751953125,-0.74462890625,-0.01220703125,-0.37841796875,-0.28076171875,0.62255859375,0.3173828125,1.1474609375,-0.01220703125,0.439453125,-0.32958984375,-0.1953125,-0.244140625,0.68359375,-0.4150390625,3.2958984375,0.03662109375,2.28271484375,-0.09765625,4.87060546875,0.25634765625,3.01513671875,-0.1708984375,0.35400390625,-0.1220703125,1.08642578125,0.048828125,0.2197265625,-0.08544921875,0.29296875,-0.146484375,0.1953125,0.03662109375,0.86669921875,-0.13427734375,-0.0244140625,-0.18310546875,1.25732421875,-0.146484375,-0.98876953125,0.10986328125,-0.37841796875,-0.35400390625,-1.0009765625,-0.10986328125,-0.78125,-0.048828125,-1.15966796875,-0.15869140625,-0.23193359375,-0.35400390625,0.15869140625,0.10986328125,-0.54931640625,0.1220703125,-0.69580078125,-0.25634765625,-0.732421875,0.08544921875,-0.5859375,-0.15869140625,-0.1220703125,-0.09765625,-1.806640625,-0.048828125,-2.84423828125,-0.06103515625,-1.806640625,0,-0.6591796875,-0.29296875,0.3662109375,-0.10986328125,0.048828125,-0.048828125,-0.048828125,-0.13427734375,0.18310546875,-0.15869140625,0.2197265625,-0.03662109375,0.76904296875,-0.0732421875,-0.50048828125,0.13427734375,-0.537109375
1,-0.146484375,-0.3662109375,-0.18310546875,-0.40283203125,0.0244140625,-0.439453125,-0.09765625,-0.08544921875,-0.08544921875,-0.0732421875,0.01220703125,-0.927734375,-0.10986328125,1.0986328125,-0.10986328125,-0.1953125,-0.23193359375,-0.5859375,0.1953125,-0.1220703125,0.146484375,0.89111328125,0.13427734375,-0.5615234375,0.10986328125,4.2236328125,-0.30517578125,6.70166015625,0.1708984375,6.4208984375,0.0244140625,4.98046875,-0.2685546875,0.15869140625,-0.32958984375,-0.91552734375,-0.0732421875,-0.40283203125,0.01220703125,-0.74462890625,-0.2685546875,-0.20751953125,0.1220703125,-0.732421875,-0.0244140625,-0.40283203125,-0.18310546875,0.62255859375,0.35400390625,1.123046875,0.01220703125,0.45166015625,-0.2685546875,-0.18310546875,-0.25634765625,0.68359375,-0.3173828125,3.7841796875,0.01220703125,2.69775390625,-0.244140625,5.77392578125,0.2685546875,3.47900390625,-0.23193359375,0.341796875,-0.01220703125,1.11083984375,0.01220703125,0.20751953125,-0.01220703125,0.2685546875,-0.03662109375,0.23193359375,0.0244140625,0.830078125,-0.1953125,-0.0244140625,-0.1708984375,1.26953125,-0.1220703125,-0.9521484375,0.13427734375,-0.37841796875,-0.37841796875,-1.03759765625,-0.08544921875,-0.78125,-0.06103515625,-1.30615234375,-0.08544921875,-0.439453125,-0.341796875,0.048828125,0.1220703125,-0.69580078125,0.0732421875,-0.68359375,-0.1708984375,-0.732421875,0.048828125,-0.5615234375,-0.1220703125,-0.10986328125,-0.09765625,-1.6357421875,-0.146484375,-2.6123046875,-0.1708984375,-1.66015625,0.03662109375,-0.48828125,-0.30517578125,0.37841796875,-0.1220703125,0.048828125,-0.06103515625,-0.0244140625,-0.13427734375,0.18310546875,-0.13427734375,0.1953125,-0.048828125,0.732421875,-0.0732421875,-0.50048828125,0.1220703125,-0.5126953125
1,-0.15869140625,-0.37841796875,-0.18310546875,-0.4150390625,0.048828125,-0.4638671875,-0.09765625,-0.08544921875,-0.1220703125,-0.0732421875,-0.0244140625,-0.91552734375,-0.10986328125,1.0986328125,-0.09765625,-0.1953125,-0.1708984375,-0.59814453125,0.13427734375,-0.13427734375,0.09765625,0.87890625,0.0244140625,-0.5859375,0.20751953125,3.9306640625,-0.341796875,6.25,0.146484375,6.0791015625,0.10986328125,4.72412109375,-0.3173828125,0.1220703125,-0.29296875,-0.9033203125,-0.048828125,-0.40283203125,0.03662109375,-0.74462890625,-0.28076171875,-0.1953125,0.01220703125,-0.72021484375,-0.06103515625,-0.4150390625,-0.09765625,0.6103515625,0.3173828125,1.123046875,0.01220703125,0.45166015625,-0.20751953125,-0.1708984375,-0.28076171875,0.67138671875,-0.2685546875,4.13818359375,0.0244140625,2.99072265625,-0.341796875,6.54296875,0.3173828125,3.857421875,-0.20751953125,0.3173828125,0.08544921875,1.0986328125,0,0.20751953125,0.0244140625,0.25634765625,0.048828125,0.2197265625,0,0.79345703125,-0.2685546875,-0.0244140625,-0.18310546875,1.26953125,-0.08544921875,-0.9521484375,0.13427734375,-0.3662109375,-0.4150390625,-1.0498046875,-0.03662109375,-0.78125,-0.09765625,-1.416015625,0.03662109375,-0.54931640625,-0.29296875,-0.0244140625,0.1953125,-0.8056640625,0.0244140625,-0.69580078125,-0.1220703125,-0.74462890625,-0.0244140625,-0.5615234375,-0.09765625,-0.09765625,-0.10986328125,-1.4404296875,-0.20751953125,-2.35595703125,-0.244140625,-1.50146484375,0.0244140625,-0.2685546875,-0.30517578125,0.3662109375,-0.10986328125,0.03662109375,-0.03662109375,0.01220703125,-0.10986328125,0.18310546875,-0.09765625,0.15869140625,-0.048828125,0.74462890625,-0.09765625,-0.50048828125,0.1220703125,-0.5126953125
1,-0.146484375,-0.37841796875,-0.15869140625,-0.37841796875,0.0732421875,-0.4638671875,-0.10986328125,-0.09765625,-0.13427734375,-0.048828125,-0.048828125,-0.9033203125,-0.09765625,1.0986328125,-0.10986328125,-0.1708984375,-0.13427734375,-0.634765625,0.01220703125,-0.13427734375,0.08544921875,0.9033203125,-0.10986328125,-0.62255859375,0.32958984375,3.72314453125,-0.23193359375,5.859375,0.1953125,5.84716796875,0.244140625,4.5166015625,-0.29296875,0.09765625,-0.28076171875,-0.89111328125,-0.01220703125,-0.42724609375,0.03662109375,-0.74462890625,-0.28076171875,-0.20751953125,-0.048828125,-0.68359375,-0.06103515625,-0.42724609375,-0.01220703125,0.5859375,0.28076171875,1.15966796875,0.01220703125,0.45166015625,-0.08544921875,-0.146484375,-0.29296875,0.68359375,-0.20751953125,4.39453125,-0.01220703125,3.23486328125,-0.3662109375,7.03125,0.32958984375,4.1259765625,-0.18310546875,0.28076171875,0.1708984375,1.08642578125,0.048828125,0.20751953125,0.06103515625,0.2197265625,0.1220703125,0.244140625,-0.03662109375,0.8056640625,-0.32958984375,-0.0244140625,-0.1708984375,1.28173828125,-0.048828125,-0.91552734375,0.13427734375,-0.37841796875,-0.42724609375,-1.0498046875,0.01220703125,-0.78125,-0.10986328125,-1.45263671875,0.06103515625,-0.59814453125,-0.2197265625,-0.0244140625,0.15869140625,-0.86669921875,0,-0.67138671875,-0.09765625,-0.7568359375,-0.0732421875,-0.54931640625,-0.06103515625,-0.09765625,-0.048828125,-1.25732421875,-0.23193359375,-2.06298828125,-0.30517578125,-1.35498046875,0,-0.0732421875,-0.30517578125,0.35400390625,-0.10986328125,0.048828125,-0.03662109375,0.0244140625,-0.08544921875,0.1953125,-0.09765625,0.146484375,-0.0244140625,0.74462890625,-0.0732421875,-0.48828125,0.1220703125,-0.52490234375
1,-0.13427734375,-0.390625,-0.15869140625,-0.3662109375,0.06103515625,-0.47607421875,-0.1220703125,-0.08544921875,-0.13427734375,-0.06103515625,-0.0732421875,-0.89111328125,-0.10986328125,1.0986328125,-0.08544921875,-0.15869140625,-0.08544921875,-0.62255859375,-0.08544921875,-0.146484375,0,0.89111328125,-0.1953125,-0.6103515625,0.37841796875,3.515625,-0.28076171875,5.57861328125,0.20751953125,5.65185546875,0.25634765625,4.35791015625,-0.23193359375,0.03662109375,-0.1953125,-0.9033203125,0.0244140625,-0.439453125,0,-0.78125,-0.3173828125,-0.20751953125,-0.09765625,-0.68359375,-0.0244140625,-0.4150390625,0.048828125,0.59814453125,0.20751953125,1.18408203125,-0.01220703125,0.439453125,-0.0244140625,-0.146484375,-0.25634765625,0.67138671875,-0.18310546875,4.52880859375,0.01220703125,3.3203125,-0.48828125,7.2265625,0.341796875,4.248046875,-0.09765625,0.18310546875,0.244140625,1.06201171875,0.06103515625,0.20751953125,0.048828125,0.20751953125,0.13427734375,0.25634765625,-0.10986328125,0.81787109375,-0.3173828125,-0.048828125,-0.18310546875,1.30615234375,0.01220703125,-0.91552734375,0.13427734375,-0.37841796875,-0.40283203125,-1.03759765625,0.0244140625,-0.78125,-0.06103515625,-1.45263671875,0.1708984375,-0.52490234375,-0.09765625,0,0.146484375,-0.9033203125,-0.03662109375,-0.67138671875,-0.06103515625,-0.7568359375,-0.1220703125,-0.537109375,-0.0244140625,-0.08544921875,0,-1.08642578125,-0.28076171875,-1.84326171875,-0.30517578125,-1.2451171875,-0.048828125,0.10986328125,-0.29296875,0.37841796875,-0.10986328125,0.0244140625,-0.0732421875,0.03662109375,-0.08544921875,0.1953125,-0.09765625,0.13427734375,-0.0244140625,0.78125,-0.08544921875,-0.5126953125,0.13427734375,-0.537109375
1,-0.146484375,-0.390625,-0.146484375,-0.3662109375,0.08544921875,-0.47607421875,-0.146484375,-0.10986328125,-0.13427734375,-0.048828125,-0.0732421875,-0.86669921875,-0.09765625,1.11083984375,-0.09765625,-0.146484375,-0.048828125,-0.62255859375,-0.146484375,-0.10986328125,-0.08544921875,0.91552734375,-0.23193359375,-0.634765625,0.3662109375,3.3935546875,-0.28076171875,5.2978515625,0.2197265625,5.517578125,0.23193359375,4.2236328125,-0.13427734375,0.03662109375,-0.1220703125,-0.9033203125,0.0732421875,-0.47607421875,-0.03662109375,-0.78125,-0.35400390625,-0.20751953125,-0.146484375,-0.68359375,0.03662109375,-0.4150390625,0.08544921875,0.59814453125,0.15869140625,1.2451171875,-0.048828125,0.439453125,0.03662109375,-0.146484375,-0.244140625,0.68359375,-0.15869140625,4.47998046875,0,3.28369140625,-0.5126953125,7.16552734375,0.244140625,4.1748046875,-0.06103515625,0.09765625,0.28076171875,1.03759765625,0.10986328125,0.2197265625,0.03662109375,0.1708984375,0.146484375,0.23193359375,-0.15869140625,0.8056640625,-0.29296875,-0.048828125,-0.1953125,1.30615234375,0.08544921875,-0.89111328125,0.1220703125,-0.390625,-0.42724609375,-1.01318359375,0.03662109375,-0.78125,-0.10986328125,-1.416015625,0.146484375,-0.40283203125,-0.0732421875,0.048828125,0.048828125,-0.87890625,-0.01220703125,-0.67138671875,-0.01220703125,-0.76904296875,-0.08544921875,-0.54931640625,0.01220703125,-0.09765625,0.048828125,-1.01318359375,-0.244140625,-1.69677734375,-0.28076171875,-1.15966796875,-0.08544921875,0.20751953125,-0.29296875,0.3662109375,-0.10986328125,0.01220703125,-0.06103515625,0.048828125,-0.0732421875,0.20751953125,-0.1220703125,0.146484375,-0.01220703125,0.8056640625,-0.0732421875,-0.5126953125,0.1220703125,-0.52490234375
0,-0.146484375,-0.390625,-0.15869140625,-0.3662109375,0.1220703125,-0.45166015625,-0.1220703125,-0.10986328125,-0.1220703125,-0.048828125,-0.1220703125,-0.87890625,-0.1220703125,1.11083984375,-0.09765625,-0.1220703125,-0.0244140625,-0.59814453125,-0.13427734375,-0.09765625,-0.10986328125,0.9033203125,-0.20751953125,-0.634765625,0.30517578125,3.28369140625,-0.28076171875,5.1025390625,0.1953125,5.3955078125,0.10986328125,4.1259765625,0,0.0244140625,-0.08544921875,-0.89111328125,0.08544921875,-0.48828125,-0.09765625,-0.79345703125,-0.3173828125,-0.1953125,-0.146484375,-0.68359375,0.09765625,-0.390625,0.13427734375,0.57373046875,0.10986328125,1.2451171875,0.0244140625,0.4150390625,0.146484375,-0.146484375,-0.18310546875,0.6591796875,-0.1708984375,4.3212890625,0,3.1005859375,-0.5859375,6.79931640625,0.15869140625,3.955078125,-0.048828125,0.01220703125,0.3173828125,1.025390625,0.1708984375,0.23193359375,0.0244140625,0.1953125,0.146484375,0.244140625,-0.2197265625,0.830078125,-0.23193359375,-0.06103515625,-0.20751953125,1.318359375,0.08544921875,-0.89111328125,0.10986328125,-0.390625,-0.390625,-1.0009765625,0.01220703125,-0.78125,-0.1220703125,-1.37939453125,0.10986328125,-0.2685546875,-0.01220703125,0.08544921875,0.01220703125,-0.8544921875,-0.0244140625,-0.68359375,0,-0.732421875,-0.0732421875,-0.57373046875,0.01220703125,-0.10986328125,0.08544921875,-0.9765625,-0.2197265625,-1.66015625,-0.15869140625,-1.15966796875,-0.13427734375,0.20751953125,-0.29296875,0.3662109375,-0.10986328125,-0.0244140625,-0.048828125,0.01220703125,-0.09765625,0.20751953125,-0.1220703125,0.146484375,0,0.81787109375,-0.06103515625,-0.5126953125,0.09765625,-0.537109375
0,-0.1220703125,-0.3662109375,-0.13427734375,-0.3662109375,0.146484375,-0.45166015625,-0.09765625,-0.09765625,-0.10986328125,-0.03662109375,-0.13427734375,-0.87890625,-0.13427734375,1.0986328125,-0.1220703125,-0.1220703125,-0.08544921875,-0.5859375,-0.1220703125,-0.09765625,-0.2197265625,0.89111328125,-0.146484375,-0.59814453125,0.18310546875,3.173828125,-0.29296875,4.8828125,0.146484375,5.28564453125,0.01220703125,4.00390625,0.048828125,0.01220703125,-0.03662109375,-0.9033203125,0.048828125,-0.48828125,-0.15869140625,-0.8056640625,-0.341796875,-0.1953125,-0.1220703125,-0.67138671875,0.13427734375,-0.390625,0.13427734375,0.5859375,0.09765625,1.25732421875,-0.03662109375,0.4150390625,0.1953125,-0.146484375,-0.06103515625,0.68359375,-0.20751953125,4.0283203125,0,2.83203125,-0.6591796875,6.1767578125,0.10986328125,3.57666015625,-0.01220703125,-0.048828125,0.2685546875,1.01318359375,0.15869140625,0.23193359375,-0.048828125,0.18310546875,0.20751953125,0.244140625,-0.244140625,0.78125,-0.1953125,-0.03662109375,-0.23193359375,1.318359375,0.09765625,-0.9033203125,0.08544921875,-0.3662109375,-0.341796875,-0.9765625,-0.01220703125,-0.76904296875,-0.01220703125,-1.318359375,0.15869140625,-0.13427734375,0.10986328125,0.09765625,0.08544921875,-0.830078125,-0.03662109375,-0.67138671875,0.048828125,-0.732421875,-0.0244140625,-0.5859375,0.01220703125,-0.10986328125,0.10986328125,-1.0009765625,-0.15869140625,-1.6845703125,-0.18310546875,-1.18408203125,-0.1220703125,0.1708984375,-0.28076171875,0.35400390625,-0.09765625,-0.0244140625,-0.06103515625,0.03662109375,-0.1220703125,0.1953125,-0.13427734375,0.18310546875,0,0.830078125,-0.048828125,-0.50048828125,0.06103515625,-0.54931640625
0,-0.13427734375,-0.390625,-0.1220703125,-0.390625,0.146484375,-0.42724609375,-0.08544921875,-0.09765625,-0.10986328125,-0.03662109375,-0.146484375,-0.86669921875,-0.146484375,1.11083984375,-0.0732421875,-0.1220703125,-0.18310546875,-0.57373046875,-0.0732421875,-0.09765625,-0.2197265625,0.89111328125,-0.0732421875,-0.5859375,0.048828125,3.01513671875,-0.32958984375,4.58984375,0.08544921875,5.11474609375,-0.08544921875,3.8330078125,0.13427734375,0.01220703125,-0.0244140625,-0.91552734375,-0.0244140625,-0.48828125,-0.15869140625,-0.81787109375,-0.32958984375,-0.18310546875,-0.06103515625,-0.69580078125,0.13427734375,-0.390625,0.13427734375,0.5859375,0.06103515625,1.2451171875,-0.0244140625,0.42724609375,0.29296875,-0.18310546875,0.0244140625,0.69580078125,-0.2685546875,3.61328125,0,2.45361328125,-0.6103515625,5.3955078125,0.0244140625,3.08837890625,0.0244140625,-0.09765625,0.1953125,0.98876953125,0.13427734375,0.2197265625,-0.146484375,0.18310546875,0.18310546875,0.2197265625,-0.28076171875,0.79345703125,-0.146484375,-0.0244140625,-0.25634765625,1.2939453125,0.08544921875,-0.91552734375,0.03662109375,-0.3662109375,-0.32958984375,-0.96435546875,0.01220703125,-0.79345703125,0,-1.318359375,0.06103515625,-0.06103515625,0.13427734375,0.0732421875,0.09765625,-0.84228515625,-0.048828125,-0.68359375,0.06103515625,-0.732421875,0.01220703125,-0.59814453125,-0.01220703125,-0.09765625,0.15869140625,-1.08642578125,-0.08544921875,-1.806640625,-0.1708984375,-1.25732421875,-0.08544921875,0.0732421875,-0.2685546875,0.341796875,-0.09765625,-0.01220703125,-0.0732421875,0.06103515625,-0.1220703125,0.18310546875,-0.09765625,0.18310546875,-0.01220703125,0.830078125,-0.03662109375,-0.50048828125,0,-0.537109375
0,-0.15869140625,-0.390625,-0.13427734375,-0.3662109375,0.15869140625,-0.40283203125,-0.08544921875,-0.0732421875,-0.08544921875,-0.048828125,-0.15869140625,-0.86669921875,-0.13427734375,1.11083984375,-0.0732421875,-0.13427734375,-0.2685546875,-0.537109375,0,-0.09765625,-0.23193359375,0.9033203125,-0.0244140625,-0.5615234375,-0.08544921875,2.83203125,-0.3662109375,4.248046875,-0.0244140625,4.833984375,-0.146484375,3.57666015625,0.10986328125,-0.01220703125,0.0244140625,-0.9033203125,-0.0732421875,-0.50048828125,-0.13427734375,-0.8056640625,-0.32958984375,-0.1953125,0.01220703125,-0.72021484375,0.0732421875,-0.390625,0.18310546875,0.5859375,0,1.18408203125,-0.0732421875,0.42724609375,0.40283203125,-0.1953125,0.15869140625,0.69580078125,-0.25634765625,3.11279296875,0.0244140625,2.05078125,-0.64697265625,4.52880859375,-0.0244140625,2.5146484375,0.08544921875,-0.09765625,0.13427734375,0.96435546875,0.15869140625,0.2197265625,-0.15869140625,0.1953125,0.10986328125,0.20751953125,-0.30517578125,0.830078125,-0.09765625,-0.01220703125,-0.2685546875,1.28173828125,0.06103515625,-0.9521484375,0,-0.37841796875,-0.3173828125,-0.96435546875,0.01220703125,-0.76904296875,0.03662109375,-1.3427734375,0,-0.06103515625,0.23193359375,0.03662109375,0.18310546875,-0.87890625,-0.06103515625,-0.68359375,0.048828125,-0.72021484375,0.01220703125,-0.62255859375,-0.048828125,-0.09765625,0.10986328125,-1.20849609375,-0.048828125,-1.94091796875,-0.13427734375,-1.3427734375,-0.1220703125,-0.048828125,-0.23193359375,0.35400390625,-0.10986328125,0,-0.06103515625,0.06103515625,-0.13427734375,0.1708984375,-0.08544921875,0.20751953125,-0.01220703125,0.81787109375,-0.03662109375,-0.47607421875,0.01220703125,-0.537109375
0,-0.13427734375,-0.40283203125,-0.1220703125,-0.35400390625,0.1708984375,-0.42724609375,-0.10986328125,-0.08544921875,-0.06103515625,-0.0244140625,-0.1708984375,-0.86669921875,-0.146484375,1.0986328125,-0.048828125,-0.146484375,-0.32958984375,-0.54931640625,0.0244140625,-0.10986328125,-0.244140625,0.9033203125,-0.01220703125,-0.5615234375,-0.18310546875,2.5634765625,-0.40283203125,3.7353515625,-0.1220703125,4.4921875,-0.18310546875,3.25927734375,0.06103515625,-0.0244140625,0.03662109375,-0.91552734375,-0.146484375,-0.4638671875,-0.1220703125,-0.8056640625,-0.42724609375,-0.2197265625,0.10986328125,-0.72021484375,-0.048828125,-0.37841796875,0.1708984375,0.59814453125,-0.06103515625,1.13525390625,-0.08544921875,0.47607421875,0.48828125,-0.1953125,0.2197265625,0.69580078125,-0.29296875,2.6123046875,0.08544921875,1.64794921875,-0.54931640625,3.61328125,-0.15869140625,1.9287109375,0.1220703125,-0.06103515625,0.048828125,0.98876953125,0.09765625,0.23193359375,-0.244140625,0.18310546875,0.03662109375,0.20751953125,-0.341796875,0.8056640625,-0.06103515625,-0.0244140625,-0.29296875,1.26953125,0.03662109375,-1.0009765625,-0.08544921875,-0.37841796875,-0.25634765625,-0.98876953125,0.048828125,-0.78125,0.08544921875,-1.37939453125,-0.0732421875,-0.10986328125,0.29296875,-0.048828125,0.23193359375,-0.927734375,-0.048828125,-0.67138671875,0.01220703125,-0.732421875,0.0244140625,-0.62255859375,-0.06103515625,-0.10986328125,0.01220703125,-1.33056640625,-0.0244140625,-2.1484375,-0.1220703125,-1.45263671875,-0.15869140625,-0.15869140625,-0.20751953125,0.3662109375,-0.1220703125,0.0244140625,-0.06103515625,0.0732421875,-0.1220703125,0.1708984375,-0.06103515625,0.18310546875,-0.0244140625,0.8056640625,-0.06103515625,-0.4638671875,-0.01220703125,-0.537109375
0,-0.15869140625,-0.37841796875,-0.10986328125,-0.3662109375,0.18310546875,-0.42724609375,-0.09765625,-0.08544921875,-0.0732421875,-0.06103515625,-0.15869140625,-0.87890625,-0.13427734375,1.08642578125,-0.06103515625,-0.13427734375,-0.341796875,-0.54931640625,0.06103515625,-0.09765625,-0.1708984375,0.91552734375,-0.03662109375,-0.5859375,-0.20751953125,2.23388671875,-0.37841796875,3.13720703125,-0.1953125,4.06494140625,-0.146484375,2.9052734375,-0.0244140625,-0.0732421875,0.048828125,-0.927734375,-0.18310546875,-0.439453125,-0.1220703125,-0.79345703125,-0.439453125,-0.20751953125,0.23193359375,-0.74462890625,-0.15869140625,-0.390625,0.20751953125,0.5859375,-0.13427734375,1.08642578125,-0.15869140625,0.48828125,0.54931640625,-0.1953125,0.2197265625,0.7080078125,-0.30517578125,2.0751953125,0.048828125,1.2451171875,-0.537109375,2.72216796875,-0.1953125,1.33056640625,0.10986328125,0,0,0.98876953125,0.01220703125,0.244140625,-0.30517578125,0.18310546875,-0.0732421875,0.20751953125,-0.3173828125,0.81787109375,-0.03662109375,-0.01220703125,-0.2685546875,1.25732421875,0.03662109375,-1.025390625,-0.15869140625,-0.3662109375,-0.25634765625,-1.01318359375,0.09765625,-0.78125,0.09765625,-1.4404296875,-0.146484375,-0.20751953125,0.3173828125,-0.13427734375,0.2197265625,-1.0009765625,-0.03662109375,-0.67138671875,-0.0244140625,-0.7568359375,0.0244140625,-0.6103515625,-0.08544921875,-0.10986328125,0,-1.4404296875,0.01220703125,-2.2705078125,-0.03662109375,-1.5380859375,-0.15869140625,-0.2685546875,-0.1708984375,0.341796875,-0.146484375,0.0244140625,-0.06103515625,0.08544921875,-0.09765625,0.1708984375,-0.03662109375,0.15869140625,-0.03662109375,0.8056640625,-0.06103515625,-0.4638671875,-0.0244140625,-0.537109375
0,-0.18310546875,-0.390625,-0.10986328125,-0.37841796875,0.18310546875,-0.439453125,-0.09765625,-0.0732421875,-0.08544921875,-0.0732421875,-0.146484375,-0.86669921875,-0.13427734375,1.07421875,-0.048828125,-0.15869140625,-0.32958984375,-0.5859375,0.0732421875,-0.10986328125,-0.09765625,0.89111328125,-0.08544921875,-0.57373046875,-0.25634765625,1.84326171875,-0.3173828125,2.4169921875,-0.20751953125,3.5888671875,-0.146484375,2.4658203125,-0.15869140625,-0.09765625,0.01220703125,-0.91552734375,-0.1708984375,-0.439453125,-0.1220703125,-0.79345703125,-0.42724609375,-0.20751953125,0.32958984375,-0.7568359375,-0.244140625,-0.40283203125,0.25634765625,0.6103515625,-0.1708984375,1.0498046875,-0.20751953125,0.52490234375,0.5615234375,-0.18310546875,0.29296875,0.7080078125,-0.25634765625,1.57470703125,0.08544921875,0.927734375,-0.57373046875,1.89208984375,-0.23193359375,0.79345703125,0.10986328125,0.09765625,-0.0732421875,1.0009765625,-0.048828125,0.244140625,-0.3173828125,0.1953125,-0.146484375,0.20751953125,-0.29296875,0.830078125,0,-0.0244140625,-0.2197265625,1.25732421875,0.048828125,-1.03759765625,-0.1953125,-0.3662109375,-0.20751953125,-1.01318359375,0.146484375,-0.76904296875,0.08544921875,-1.46484375,-0.1708984375,-0.30517578125,0.32958984375,-0.1953125,0.1953125,-1.06201171875,-0.0244140625,-0.64697265625,-0.048828125,-0.74462890625,-0.01220703125,-0.59814453125,-0.10986328125,-0.0732421875,-0.03662109375,-1.46484375,0,-2.3681640625,-0.0244140625,-1.5869140625,-0.15869140625,-0.32958984375,-0.146484375,0.32958984375,-0.15869140625,0.0244140625,-0.048828125,0.06103515625,-0.0732421875,0.15869140625,-0.0244140625,0.08544921875,-0.06103515625,0.8056640625,-0.08544921875,-0.47607421875,0,-0.5615234375
0,-0.18310546875,-0.390625,-0.1220703125,-0.390625,0.20751953125,-0.4638671875,-0.0732421875,-0.09765625,-0.10986328125,-0.09765625,-0.1220703125,-0.87890625,-0.13427734375,1.07421875,-0.03662109375,-0.18310546875,-0.25634765625,-0.6103515625,0.06103515625,-0.1220703125,-0.048828125,0.9033203125,-0.1708984375,-0.59814453125,-0.2197265625,1.416015625,-0.2197265625,1.66015625,-0.20751953125,3.1005859375,-0.09765625,2.01416015625,-0.3173828125,-0.13427734375,-0.048828125,-0.91552734375,-0.1708984375,-0.40283203125,-0.09765625,-0.79345703125,-0.4638671875,-0.1953125,0.4150390625,-0.7568359375,-0.3173828125,-0.390625,0.2685546875,0.59814453125,-0.1708984375,1.07421875,-0.3173828125,0.5615234375,0.54931640625,-0.18310546875,0.30517578125,0.72021484375,-0.244140625,1.1474609375,0.0732421875,0.64697265625,-0.52490234375,1.20849609375,-0.2685546875,0.37841796875,0.10986328125,0.18310546875,-0.146484375,1.01318359375,-0.15869140625,0.23193359375,-0.3173828125,0.1953125,-0.25634765625,0.2197265625,-0.2685546875,0.830078125,-0.0244140625,-0.0244140625,-0.15869140625,1.25732421875,0.03662109375,-1.0498046875,-0.2197265625,-0.3662109375,-0.18310546875,-1.03759765625,0.15869140625,-0.79345703125,-0.01220703125,-1.46484375,-0.20751953125,-0.3662109375,0.2685546875,-0.20751953125,0.15869140625,-1.06201171875,0.01220703125,-0.67138671875,-0.08544921875,-0.732421875,-0.048828125,-0.59814453125,-0.13427734375,-0.09765625,-0.0732421875,-1.47705078125,-0.06103515625,-2.392578125,-0.0732421875,-1.59912109375,-0.1220703125,-0.32958984375,-0.13427734375,0.35400390625,-0.15869140625,0.0244140625,-0.06103515625,0.06103515625,-0.0244140625,0.18310546875,-0.0244140625,0.03662109375,-0.06103515625,0.8056640625,-0.0732421875,-0.48828125,0.01220703125,-0.54931640625
0,-0.1953125,-0.37841796875,-0.1220703125,-0.390625,0.20751953125,-0.45166015625,-0.09765625,-0.10986328125,-0.1220703125,-0.0732421875,-0.1220703125,-0.87890625,-0.146484375,1.07421875,-0.0244140625,-0.18310546875,-0.1953125,-0.62255859375,0.03662109375,-0.1220703125,-0.01220703125,0.89111328125,-0.23193359375,-0.6103515625,-0.244140625,1.025390625,-0.146484375,0.9033203125,-0.1953125,2.587890625,-0.08544921875,1.5869140625,-0.35400390625,-0.20751953125,-0.09765625,-0.91552734375,-0.15869140625,-0.4150390625,-0.06103515625,-0.79345703125,-0.4638671875,-0.1953125,0.42724609375,-0.732421875,-0.341796875,-0.390625,0.30517578125,0.6103515625,-0.18310546875,1.11083984375,-0.37841796875,0.5859375,0.52490234375,-0.1953125,0.35400390625,0.7080078125,-0.20751953125,0.8056640625,0.09765625,0.439453125,-0.47607421875,0.68359375,-0.28076171875,0.0244140625,0.06103515625,0.2685546875,-0.1953125,1.0498046875,-0.2197265625,0.25634765625,-0.2685546875,0.2197265625,-0.341796875,0.244140625,-0.20751953125,0.8544921875,-0.03662109375,-0.01220703125,-0.06103515625,1.25732421875,0.01220703125,-1.06201171875,-0.1708984375,-0.37841796875,-0.1708984375,-1.06201171875,0.10986328125,-0.79345703125,-0.03662109375,-1.42822265625,-0.10986328125,-0.35400390625,0.2197265625,-0.1708984375,0.08544921875,-1.03759765625,0.0244140625,-0.67138671875,-0.10986328125,-0.74462890625,-0.09765625,-0.5859375,-0.18310546875,-0.09765625,-0.048828125,-1.416015625,-0.0732421875,-2.35595703125,-0.08544921875,-1.55029296875,-0.0244140625,-0.244140625,-0.146484375,0.35400390625,-0.146484375,0.01220703125,-0.0732421875,0.048828125,0.0244140625,0.1953125,-0.06103515625,-0.048828125,-0.03662109375,0.8056640625,-0.0732421875,-0.50048828125,0.03662109375,-0.54931640625
0,-0.20751953125,-0.37841796875,-0.1220703125,-0.390625,0.18310546875,-0.439453125,-0.10986328125,-0.10986328125,-0.1220703125,-0.06103515625,-0.15869140625,-0.89111328125,-0.1708984375,1.0986328125,-0.03662109375,-0.1708984375,-0.13427734375,-0.6103515625,0.0244140625,-0.146484375,-0.03662109375,0.87890625,-0.28076171875,-0.62255859375,-0.1953125,0.6591796875,-0.03662109375,0.244140625,-0.13427734375,2.1484375,-0.06103515625,1.220703125,-0.3662109375,-0.25634765625,-0.13427734375,-0.9033203125,-0.09765625,-0.40283203125,-0.06103515625,-0.78125,-0.40283203125,-0.1953125,0.47607421875,-0.72021484375,-0.3173828125,-0.390625,0.29296875,0.6103515625,-0.20751953125,1.20849609375,-0.40283203125,0.59814453125,0.52490234375,-0.18310546875,0.4150390625,0.7080078125,-0.18310546875,0.52490234375,0.09765625,0.29296875,-0.4150390625,0.29296875,-0.32958984375,-0.1953125,0.01220703125,0.3173828125,-0.25634765625,1.06201171875,-0.3173828125,0.28076171875,-0.244140625,0.2197265625,-0.40283203125,0.244140625,-0.18310546875,0.84228515625,-0.06103515625,-0.01220703125,0.06103515625,1.2451171875,-0.06103515625,-1.03759765625,-0.1220703125,-0.37841796875,-0.146484375,-1.06201171875,0.06103515625,-0.79345703125,-0.1708984375,-1.33056640625,-0.0732421875,-0.29296875,0.09765625,-0.09765625,0.03662109375,-0.927734375,0.01220703125,-0.6591796875,-0.10986328125,-0.7568359375,-0.1220703125,-0.5615234375,-0.2197265625,-0.09765625,-0.08544921875,-1.2939453125,-0.18310546875,-2.25830078125,-0.146484375,-1.45263671875,0.01220703125,-0.146484375,-0.10986328125,0.3662109375,-0.146484375,0.0244140625,-0.06103515625,0.0244140625,0.048828125,0.1953125,-0.08544921875,-0.09765625,-0.0244140625,0.830078125,-0.08544921875,-0.48828125,0.048828125,-0.537109375
0,-0.20751953125,-0.390625,-0.13427734375,-0.37841796875,0.18310546875,-0.42724609375,-0.08544921875,-0.10986328125,-0.13427734375,-0.048828125,-0.1708984375,-0.87890625,-0.1708984375,1.0986328125,-0.0244140625,-0.1708984375,-0.09765625,-0.59814453125,0.0244140625,-0.146484375,-0.10986328125,0.86669921875,-0.2685546875,-0.634765625,-0.15869140625,0.4150390625,0.048828125,-0.28076171875,-0.0732421875,1.85546875,-0.08544921875,0.93994140625,-0.30517578125,-0.29296875,-0.146484375,-0.9033203125,-0.0244140625,-0.42724609375,-0.03662109375,-0.78125,-0.29296875,-0.20751953125,0.50048828125,-0.67138671875,-0.244140625,-0.37841796875,0.28076171875,0.5859375,-0.2197265625,1.318359375,-0.3662109375,0.59814453125,0.48828125,-0.1953125,0.40283203125,0.69580078125,-0.1220703125,0.341796875,0.10986328125,0.20751953125,-0.2685546875,0.06103515625,-0.3662109375,-0.29296875,0.03662109375,0.3173828125,-0.244140625,1.06201171875,-0.2685546875,0.28076171875,-0.1708984375,0.244140625,-0.439453125,0.25634765625,-0.13427734375,0.84228515625,-0.0244140625,-0.01220703125,0.10986328125,1.2451171875,-0.146484375,-1.025390625,-0.06103515625,-0.3662109375,-0.13427734375,-1.0498046875,-0.01220703125,-0.8056640625,-0.25634765625,-1.1962890625,-0.03662109375,-0.1953125,-0.06103515625,0.03662109375,0.048828125,-0.8056640625,-0.01220703125,-0.6591796875,-0.08544921875,-0.76904296875,-0.15869140625,-0.5859375,-0.25634765625,-0.10986328125,-0.048828125,-1.18408203125,-0.30517578125,-2.099609375,-0.146484375,-1.35498046875,0.048828125,0,-0.10986328125,0.35400390625,-0.146484375,0.01220703125,-0.0732421875,-0.01220703125,0.048828125,0.1953125,-0.10986328125,-0.15869140625,-0.01220703125,0.81787109375,-0.06103515625,-0.5126953125,0.048828125,-0.5615234375
0,-0.1953125,-0.390625,-0.1220703125,-0.37841796875,0.15869140625,-0.4150390625,-0.0732421875,-0.09765625,-0.10986328125,-0.048828125,-0.1953125,-0.87890625,-0.18310546875,1.0986328125,-0.03662109375,-0.146484375,-0.0732421875,-0.59814453125,0.01220703125,-0.13427734375,-0.20751953125,0.86669921875,-0.2685546875,-0.64697265625,-0.06103515625,0.2685546875,0.1220703125,-0.5615234375,0.03662109375,1.708984375,-0.048828125,0.830078125,-0.244140625,-0.35400390625,-0.13427734375,-0.89111328125,0.01220703125,-0.45166015625,-0.01220703125,-0.78125,-0.23193359375,-0.1953125,0.537109375,-0.67138671875,-0.10986328125,-0.3662109375,0.29296875,0.5859375,-0.25634765625,1.42822265625,-0.29296875,0.59814453125,0.37841796875,-0.1708984375,0.4150390625,0.68359375,-0.048828125,0.23193359375,0.0732421875,0.13427734375,-0.25634765625,-0.0244140625,-0.390625,-0.32958984375,0,0.29296875,-0.25634765625,1.06201171875,-0.23193359375,0.2685546875,-0.13427734375,0.244140625,-0.4638671875,0.25634765625,-0.1220703125,0.86669921875,-0.01220703125,-0.03662109375,0.13427734375,1.25732421875,-0.20751953125,-0.9765625,0.0244140625,-0.3662109375,-0.1708984375,-1.03759765625,-0.048828125,-0.81787109375,-0.32958984375,-1.07421875,0.01220703125,-0.06103515625,-0.18310546875,0.15869140625,0.048828125,-0.634765625,-0.0732421875,-0.68359375,-0.0244140625,-0.732421875,-0.18310546875,-0.5615234375,-0.23193359375,-0.09765625,-0.01220703125,-1.03759765625,-0.3662109375,-1.953125,-0.146484375,-1.26953125,0.06103515625,0.1220703125,-0.1220703125,0.35400390625,-0.146484375,0,-0.0732421875,-0.01220703125,0.0732421875,0.1953125,-0.1220703125,-0.18310546875,-0.01220703125,0.81787109375,-0.048828125,-0.5126953125,0.048828125,-0.54931640625
0,-0.1953125,-0.390625,-0.146484375,-0.37841796875,0.13427734375,-0.439453125,-0.06103515625,-0.1220703125,-0.08544921875,-0.0244140625,-0.20751953125,-0.87890625,-0.18310546875,1.11083984375,-0.01220703125,-0.1220703125,-0.06103515625,-0.57373046875,0.03662109375,-0.1220703125,-0.3173828125,0.8544921875,-0.23193359375,-0.64697265625,0.01220703125,0.28076171875,0.09765625,-0.57373046875,0.06103515625,1.7333984375,-0.06103515625,0.84228515625,-0.23193359375,-0.37841796875,-0.10986328125,-0.9033203125,0.0244140625,-0.48828125,0.01220703125,-0.8056640625,-0.23193359375,-0.1953125,0.57373046875,-0.6591796875,0.0244140625,-0.35400390625,0.29296875,0.5859375,-0.2685546875,1.5380859375,-0.1953125,0.5859375,0.2685546875,-0.146484375,0.3662109375,0.68359375,0.03662109375,0.1708984375,0.048828125,0.08544921875,-0.2685546875,-0.048828125,-0.35400390625,-0.28076171875,0.0732421875,0.244140625,-0.25634765625,1.06201171875,-0.18310546875,0.29296875,-0.146484375,0.25634765625,-0.439453125,0.244140625,-0.0732421875,0.84228515625,0.03662109375,-0.06103515625,0.15869140625,1.25732421875,-0.244140625,-0.96435546875,0.10986328125,-0.390625,-0.23193359375,-1.01318359375,-0.06103515625,-0.81787109375,-0.3662109375,-0.96435546875,0.13427734375,0.03662109375,-0.28076171875,0.244140625,0.08544921875,-0.52490234375,-0.10986328125,-0.7080078125,0.06103515625,-0.732421875,-0.1953125,-0.5859375,-0.1953125,-0.1220703125,-0.01220703125,-0.93994140625,-0.4150390625,-1.8310546875,-0.1708984375,-1.171875,0.01220703125,0.2197265625,-0.10986328125,0.3173828125,-0.13427734375,0,-0.0732421875,-0.03662109375,0.06103515625,0.1953125,-0.1220703125,-0.18310546875,-0.0244140625,0.81787109375,-0.06103515625,-0.5126953125,0.03662109375,-0.5615234375
0,-0.1953125,-0.390625,-0.13427734375,-0.3662109375,0.146484375,-0.42724609375,-0.06103515625,-0.09765625,-0.08544921875,-0.03662109375,-0.2197265625,-0.89111328125,-0.18310546875,1.08642578125,0,-0.13427734375,-0.08544921875,-0.537109375,0.03662109375,-0.1220703125,-0.4150390625,0.8544921875,-0.1953125,-0.634765625,0.0732421875,0.47607421875,0.15869140625,-0.29296875,0.06103515625,1.953125,-0.048828125,1.0498046875,-0.20751953125,-0.4150390625,-0.06103515625,-0.927734375,0,-0.50048828125,0.0244140625,-0.79345703125,-0.3173828125,-0.2197265625,0.5859375,-0.6591796875,0.1220703125,-0.35400390625,0.3662109375,0.59814453125,-0.29296875,1.62353515625,-0.1953125,0.5615234375,0.1220703125,-0.15869140625,0.29296875,0.69580078125,0.13427734375,0.1708984375,0.03662109375,0.08544921875,-0.2197265625,0,-0.30517578125,-0.20751953125,0,0.1953125,-0.28076171875,1.0498046875,-0.09765625,0.28076171875,-0.20751953125,0.244140625,-0.40283203125,0.23193359375,-0.03662109375,0.84228515625,0.0732421875,-0.0244140625,0.146484375,1.25732421875,-0.23193359375,-0.9521484375,0.146484375,-0.35400390625,-0.30517578125,-1.0009765625,-0.0732421875,-0.79345703125,-0.3662109375,-0.91552734375,0.13427734375,0.09765625,-0.37841796875,0.28076171875,0.0732421875,-0.45166015625,-0.13427734375,-0.72021484375,0.10986328125,-0.74462890625,-0.18310546875,-0.57373046875,-0.20751953125,-0.13427734375,0,-0.86669921875,-0.439453125,-1.7578125,-0.1953125,-1.11083984375,0.01220703125,0.29296875,-0.10986328125,0.35400390625,-0.1220703125,0.01220703125,-0.0732421875,-0.01220703125,0.048828125,0.18310546875,-0.09765625,-0.1220703125,-0.01220703125,0.81787109375,-0.06103515625,-0.50048828125,0.0244140625,-0.52490234375
1,-0.18310546875,-0.390625,-0.146484375,-0.35400390625,0.18310546875,-0.4150390625,-0.0732421875,-0.09765625,-0.09765625,-0.03662109375,-0.2197265625,-0.9033203125,-0.2197265625,1.08642578125,0.03662109375,-0.1220703125,-0.13427734375,-0.5615234375,0.048828125,-0.10986328125,-0.439453125,0.87890625,-0.18310546875,-0.6103515625,0.15869140625,0.81787109375,0.10986328125,0.28076171875,0.09765625,2.35595703125,0.01220703125,1.40380859375,-0.2197265625,-0.42724609375,-0.03662109375,-0.91552734375,-0.03662109375,-0.5126953125,0,-0.8056640625,-0.4150390625,-0.2197265625,0.537109375,-0.68359375,0.15869140625,-0.32958984375,0.42724609375,0.5859375,-0.29296875,1.67236328125,-0.13427734375,0.537109375,0.0244140625,-0.18310546875,0.244140625,0.69580078125,0.15869140625,0.15869140625,0.0244140625,0.0732421875,-0.25634765625,0.06103515625,-0.29296875,-0.13427734375,0,0.13427734375,-0.2685546875,1.03759765625,-0.0244140625,0.25634765625,-0.244140625,0.2685546875,-0.390625,0.2197265625,0.03662109375,0.830078125,0.13427734375,-0.03662109375,0.09765625,1.25732421875,-0.18310546875,-0.93994140625,0.15869140625,-0.35400390625,-0.390625,-0.9765625,-0.048828125,-0.78125,-0.29296875,-0.96435546875,0.09765625,0.08544921875,-0.341796875,0.244140625,0.06103515625,-0.50048828125,-0.146484375,-0.7080078125,0.1220703125,-0.72021484375,-0.15869140625,-0.59814453125,-0.20751953125,-0.146484375,0.0244140625,-0.84228515625,-0.35400390625,-1.72119140625,-0.20751953125,-1.07421875,-0.0244140625,0.3173828125,-0.0732421875,0.341796875,-0.1220703125,0.01220703125,-0.06103515625,-0.01220703125,0.06103515625,0.1953125,-0.0732421875,-0.08544921875,-0.048828125,0.81787109375,-0.08544921875,-0.48828125,0.0244140625,-0.52490234375
1,-0.1708984375,-0.37841796875,-0.1220703125,-0.3662109375,0.1708984375,-0.439453125,-0.09765625,-0.08544921875,-0.10986328125,-0.048828125,-0.244140625,-0.9033203125,-0.2197265625,1.08642578125,0.0732421875,-0.13427734375,-0.18310546875,-0.54931640625,-0.01220703125,-0.10986328125,-0.439453125,0.86669921875,-0.18310546875,-0.59814453125,0.1708984375,1.26953125,0.0244140625,1.123046875,0,2.9296875,0,1.91650390625,-0.25634765625,-0.37841796875,0.048828125,-0.93994140625,-0.09765625,-0.52490234375,0,-0.81787109375,-0.45166015625,-0.23193359375,0.48828125,-0.69580078125,0.13427734375,-0.341796875,0.47607421875,0.57373046875,-0.30517578125,1.69677734375,-0.10986328125,0.50048828125,0,-0.15869140625,0.10986328125,0.732421875,0.18310546875,0.1953125,0.09765625,0.06103515625,-0.1708984375,0.10986328125,-0.13427734375,-0.08544921875,-0.06103515625,0.08544921875,-0.29296875,1.025390625,0.03662109375,0.2197265625,-0.28076171875,0.244140625,-0.3662109375,0.1953125,0.09765625,0.81787109375,0.13427734375,-0.03662109375,0.0732421875,1.26953125,-0.10986328125,-0.96435546875,0.1220703125,-0.35400390625,-0.47607421875,-0.9765625,-0.048828125,-0.76904296875,-0.2685546875,-1.07421875,0.146484375,-0.01220703125,-0.28076171875,0.10986328125,0.01220703125,-0.59814453125,-0.13427734375,-0.72021484375,0.10986328125,-0.72021484375,-0.1220703125,-0.5859375,-0.1953125,-0.13427734375,0.0732421875,-0.86669921875,-0.244140625,-1.7333984375,-0.1953125,-1.11083984375,-0.06103515625,0.28076171875,-0.08544921875,0.35400390625,-0.09765625,0.01220703125,-0.06103515625,-0.0244140625,0.06103515625,0.1953125,-0.0732421875,0,-0.08544921875,0.81787109375,-0.10986328125,-0.47607421875,0.01220703125,-0.52490234375
1,-0.146484375,-0.37841796875,-0.08544921875,-0.40283203125,0.18310546875,-0.439453125,-0.10986328125,-0.09765625,-0.1220703125,-0.06103515625,-0.25634765625,-0.91552734375,-0.2197265625,1.07421875,0.08544921875,-0.15869140625,-0.1953125,-0.54931640625,-0.06103515625,-0.1220703125,-0.35400390625,0.87890625,-0.2197265625,-0.59814453125,0.1953125,1.8798828125,0.01220703125,2.18505859375,-0.08544921875,3.6376953125,0.048828125,2.55126953125,-0.244140625,-0.32958984375,0.15869140625,-0.93994140625,-0.1220703125,-0.48828125,-0.03662109375,-0.81787109375,-0.45166015625,-0.23193359375,0.390625,-0.72021484375,0.08544921875,-0.341796875,0.54931640625,0.57373046875,-0.28076171875,1.6845703125,-0.06103515625,0.439453125,-0.01220703125,-0.15869140625,0.0244140625,0.74462890625,0.20751953125,0.18310546875,0.10986328125,0.06103515625,-0.048828125,0.146484375,-0.06103515625,-0.0732421875,0,0.0732421875,-0.28076171875,1.025390625,0.048828125,0.23193359375,-0.2685546875,0.23193359375,-0.37841796875,0.1953125,0.15869140625,0.8056640625,0.13427734375,-0.0244140625,0.01220703125,1.26953125,-0.01220703125,-0.9765625,0.10986328125,-0.35400390625,-0.537109375,-0.98876953125,-0.01220703125,-0.76904296875,-0.15869140625,-1.25732421875,0.1953125,-0.1708984375,-0.1953125,-0.06103515625,-0.01220703125,-0.78125,-0.1708984375,-0.72021484375,0.08544921875,-0.72021484375,-0.09765625,-0.5859375,-0.1708984375,-0.146484375,0.0732421875,-0.927734375,-0.08544921875,-1.79443359375,-0.18310546875,-1.171875,-0.10986328125,0.244140625,-0.0732421875,0.35400390625,-0.09765625,0.0244140625,-0.08544921875,-0.01220703125,0.06103515625,0.2197265625,-0.048828125,0.09765625,-0.048828125,0.81787109375,-0.146484375,-0.50048828125,0.0244140625,-0.5126953125
1,-0.1708984375,-0.390625,-0.0732421875,-0.37841796875,0.18310546875,-0.4150390625,-0.1220703125,-0.08544921875,-0.09765625,-0.048828125,-0.25634765625,-0.89111328125,-0.244140625,1.07421875,0.10986328125,-0.15869140625,-0.18310546875,-0.57373046875,-0.146484375,-0.09765625,-0.244140625,0.9033203125,-0.29296875,-0.5859375,0.25634765625,2.5390625,-0.0732421875,3.40576171875,-0.1708984375,4.4189453125,0.048828125,3.271484375,-0.25634765625,-0.2685546875,0.244140625,-0.927734375,-0.13427734375,-0.47607421875,-0.146484375,-0.8056640625,-0.4150390625,-0.23193359375,0.28076171875,-0.732421875,0.03662109375,-0.35400390625,0.59814453125,0.5859375,-0.29296875,1.64794921875,0.03662109375,0.37841796875,0,-0.15869140625,-0.06103515625,0.74462890625,0.20751953125,0.20751953125,0.1953125,0.08544921875,0.03662109375,0.15869140625,0.03662109375,-0.10986328125,0.0244140625,0.08544921875,-0.23193359375,1.03759765625,0.048828125,0.20751953125,-0.23193359375,0.20751953125,-0.3662109375,0.2197265625,0.18310546875,0.8056640625,0.1220703125,-0.0244140625,-0.048828125,1.26953125,0.08544921875,-0.96435546875,0.03662109375,-0.35400390625,-0.57373046875,-1.0009765625,0.06103515625,-0.78125,-0.06103515625,-1.4404296875,0.1708984375,-0.341796875,-0.10986328125,-0.244140625,-0.048828125,-0.9765625,-0.1708984375,-0.72021484375,-0.0244140625,-0.72021484375,-0.06103515625,-0.59814453125,-0.1220703125,-0.13427734375,0.0732421875,-1.025390625,0.06103515625,-1.86767578125,-0.1953125,-1.25732421875,-0.1708984375,0.1708984375,-0.0732421875,0.341796875,-0.06103515625,0.048828125,-0.0732421875,-0.01220703125,0.08544921875,0.2197265625,-0.01220703125,0.20751953125,-0.048828125,0.8056640625,-0.13427734375,-0.48828125,0,-0.5126953125
1,-0.15869140625,-0.390625,-0.0732421875,-0.37841796875,0.1953125,-0.42724609375,-0.10986328125,-0.08544921875,-0.10986328125,-0.06103515625,-0.25634765625,-0.87890625,-0.2197265625,1.07421875,0.10986328125,-0.146484375,-0.146484375,-0.5615234375,-0.1953125,-0.10986328125,-0.1953125,0.9033203125,-0.341796875,-0.59814453125,0.15869140625,3.23486328125,-0.146484375,4.65087890625,-0.2685546875,5.2490234375,-0.03662109375,4.01611328125,-0.25634765625,-0.15869140625,0.29296875,-0.91552734375,-0.1220703125,-0.45166015625,-0.2197265625,-0.8056640625,-0.341796875,-0.2197265625,0.18310546875,-0.74462890625,-0.048828125,-0.3662109375,0.634765625,0.59814453125,-0.23193359375,1.6357421875,0.03662109375,0.35400390625,-0.048828125,-0.146484375,-0.15869140625,0.74462890625,0.20751953125,0.23193359375,0.20751953125,0.10986328125,0.0732421875,0.146484375,0.13427734375,-0.1220703125,0.10986328125,0.1220703125,-0.15869140625,1.025390625,0.048828125,0.1953125,-0.1953125,0.1953125,-0.3662109375,0.20751953125,0.1953125,0.830078125,0.08544921875,0,-0.06103515625,1.28173828125,0.15869140625,-0.98876953125,0.01220703125,-0.35400390625,-0.537109375,-1.01318359375,0.09765625,-0.76904296875,0.01220703125,-1.611328125,0.1708984375,-0.48828125,-0.01220703125,-0.341796875,-0.0244140625,-1.1474609375,-0.18310546875,-0.72021484375,-0.13427734375,-0.72021484375,-0.06103515625,-0.59814453125,-0.06103515625,-0.13427734375,0.048828125,-1.0986328125,0.18310546875,-1.953125,-0.18310546875,-1.3427734375,-0.1708984375,0.09765625,-0.08544921875,0.35400390625,-0.06103515625,0.048828125,-0.0732421875,-0.048828125,0.0732421875,0.20751953125,0,0.30517578125,-0.03662109375,0.79345703125,-0.13427734375,-0.5126953125,0,-0.5126953125
1,-0.15869140625,-0.390625,-0.048828125,-0.37841796875,0.18310546875,-0.439453125,-0.1220703125,-0.08544921875,-0.10986328125,-0.06103515625,-0.244140625,-0.87890625,-0.2197265625,1.07421875,0.13427734375,-0.146484375,-0.06103515625,-0.57373046875,-0.2197265625,-0.10986328125,-0.06103515625,0.9033203125,-0.341796875,-0.5859375,0.146484375,3.90625,-0.13427734375,5.859375,-0.25634765625,6.06689453125,-0.048828125,4.72412109375,-0.25634765625,-0.06103515625,0.30517578125,-0.9033203125,-0.08544921875,-0.4150390625,-0.28076171875,-0.79345703125,-0.3173828125,-0.2197265625,0.08544921875,-0.72021484375,-0.08544921875,-0.37841796875,0.6591796875,0.62255859375,-0.18310546875,1.6357421875,-0.048828125,0.32958984375,-0.03662109375,-0.1708984375,-0.20751953125,0.72021484375,0.23193359375,0.244140625,0.2685546875,0.15869140625,0.0732421875,0.09765625,0.10986328125,-0.18310546875,0.20751953125,0.1953125,-0.10986328125,1.025390625,0.03662109375,0.20751953125,-0.13427734375,0.1953125,-0.32958984375,0.2197265625,0.2197265625,0.8056640625,0.0244140625,0.01220703125,-0.10986328125,1.28173828125,0.2197265625,-0.9765625,-0.0244140625,-0.3662109375,-0.48828125,-1.025390625,0.146484375,-0.78125,0.06103515625,-1.6845703125,0.13427734375,-0.5126953125,-0.01220703125,-0.439453125,0.01220703125,-1.25732421875,-0.18310546875,-0.69580078125,-0.23193359375,-0.74462890625,-0.06103515625,-0.5859375,-0.0244140625,-0.10986328125,0.0732421875,-1.1962890625,0.29296875,-2.0263671875,-0.2197265625,-1.40380859375,-0.146484375,0.0244140625,-0.08544921875,0.341796875,-0.0244140625,0.048828125,-0.048828125,-0.03662109375,0.06103515625,0.2197265625,-0.01220703125,0.4150390625,-0.03662109375,0.78125,-0.13427734375,-0.50048828125,0,-0.52490234375
1,-0.1220703125,-0.3662109375,-0.06103515625,-0.3662109375,0.1953125,-0.42724609375,-0.146484375,-0.08544921875,-0.09765625,-0.048828125,-0.25634765625,-0.87890625,-0.23193359375,1.08642578125,0.13427734375,-0.146484375,-0.06103515625,-0.57373046875,-0.1953125,-0.08544921875,0.01220703125,0.9033203125,-0.30517578125,-0.5859375,0.048828125,4.4921875,-0.1953125,6.9580078125,-0.25634765625,6.82373046875,-0.08544921875,5.35888671875,-0.30517578125,0.08544921875,0.25634765625,-0.89111328125,-0.048828125,-0.3662109375,-0.3173828125,-0.79345703125,-0.244140625,-0.1953125,0.06103515625,-0.72021484375,-0.06103515625,-0.40283203125,0.6103515625,0.6103515625,-0.10986328125,1.59912109375,-0.10986328125,0.30517578125,-0.0244140625,-0.20751953125,-0.30517578125,0.69580078125,0.244140625,0.2685546875,0.30517578125,0.1953125,0.09765625,0.06103515625,0.1953125,-0.20751953125,0.20751953125,0.32958984375,-0.0244140625,1.0498046875,-0.01220703125,0.20751953125,-0.08544921875,0.18310546875,-0.2197265625,0.25634765625,0.244140625,0.84228515625,-0.03662109375,0.01220703125,-0.146484375,1.318359375,0.23193359375,-0.98876953125,-0.048828125,-0.37841796875,-0.32958984375,-1.03759765625,0.1708984375,-0.79345703125,0.048828125,-1.66015625,0.146484375,-0.390625,-0.0244140625,-0.37841796875,0.06103515625,-1.20849609375,-0.146484375,-0.68359375,-0.30517578125,-0.74462890625,-0.0732421875,-0.57373046875,0.01220703125,-0.10986328125,0.0732421875,-1.25732421875,0.32958984375,-2.08740234375,-0.2197265625,-1.46484375,-0.1220703125,-0.01220703125,-0.08544921875,0.35400390625,-0.0244140625,0.03662109375,-0.0732421875,-0.0732421875,0.06103515625,0.20751953125,-0.0244140625,0.4638671875,-0.03662109375,0.74462890625,-0.13427734375,-0.52490234375,-0.01220703125,-0.5615234375
1,-0.10986328125,-0.3662109375,-0.048828125,-0.3662109375,0.146484375,-0.42724609375,-0.13427734375,-0.08544921875,-0.08544921875,-0.0244140625,-0.244140625,-0.89111328125,-0.23193359375,1.08642578125,0.13427734375,-0.146484375,-0.06103515625,-0.59814453125,-0.146484375,-0.08544921875,0.0244140625,0.91552734375,-0.244140625,-0.5859375,-0.0732421875,4.96826171875,-0.23193359375,7.8369140625,-0.244140625,7.421875,-0.146484375,5.8837890625,-0.2685546875,0.1953125,0.1953125,-0.86669921875,-0.03662109375,-0.3662109375,-0.37841796875,-0.79345703125,-0.32958984375,-0.1708984375,0.0732421875,-0.69580078125,-0.0244140625,-0.37841796875,0.57373046875,0.59814453125,0,1.57470703125,-0.146484375,0.30517578125,-0.048828125,-0.2197265625,-0.30517578125,0.7080078125,0.29296875,0.28076171875,0.32958984375,0.244140625,0.18310546875,0.048828125,0.30517578125,-0.23193359375,0.15869140625,0.52490234375,0.048828125,1.06201171875,-0.0244140625,0.2197265625,-0.01220703125,0.2197265625,-0.1220703125,0.2685546875,0.2197265625,0.84228515625,-0.1220703125,0.01220703125,-0.10986328125,1.318359375,0.20751953125,-0.9765625,-0.06103515625,-0.37841796875,-0.1708984375,-1.03759765625,0.13427734375,-0.78125,0.0244140625,-1.46484375,0.06103515625,-0.048828125,-0.0732421875,-0.146484375,0.10986328125,-1.0009765625,-0.09765625,-0.68359375,-0.341796875,-0.732421875,-0.08544921875,-0.54931640625,0.06103515625,-0.09765625,0.08544921875,-1.25732421875,0.37841796875,-2.099609375,-0.10986328125,-1.47705078125,-0.09765625,-0.01220703125,-0.08544921875,0.341796875,0.01220703125,0.03662109375,-0.06103515625,-0.09765625,0.0732421875,0.18310546875,-0.03662109375,0.537109375,-0.0244140625,0.74462890625,-0.1220703125,-0.54931640625,-0.0244140625,-0.54931640625
1,-0.10986328125,-0.37841796875,-0.06103515625,-0.341796875,0.1220703125,-0.4150390625,-0.10986328125,-0.09765625,-0.08544921875,-0.01220703125,-0.2685546875,-0.89111328125,-0.244140625,1.11083984375,0.15869140625,-0.146484375,-0.10986328125,-0.59814453125,-0.0244140625,-0.09765625,0.0244140625,0.89111328125,-0.15869140625,-0.6103515625,-0.15869140625,5.2978515625,-0.18310546875,8.45947265625,-0.1953125,7.87353515625,-0.15869140625,6.23779296875,-0.2685546875,0.3173828125,0.146484375,-0.86669921875,-0.0244140625,-0.3662109375,-0.40283203125,-0.78125,-0.4150390625,-0.1708984375,0.10986328125,-0.68359375,-0.01220703125,-0.3662109375,0.54931640625,0.5859375,0.03662109375,1.55029296875,-0.1708984375,0.341796875,-0.03662109375,-0.2197265625,-0.32958984375,0.67138671875,0.32958984375,0.3173828125,0.28076171875,0.2685546875,0.244140625,0.0244140625,0.3173828125,-0.20751953125,0.06103515625,0.8056640625,0.13427734375,1.08642578125,-0.03662109375,0.2685546875,0.0244140625,0.2685546875,0.01220703125,0.28076171875,0.15869140625,0.89111328125,-0.1708984375,0,-0.10986328125,1.2939453125,0.146484375,-0.9521484375,-0.048828125,-0.3662109375,-0.048828125,-1.0498046875,0.10986328125,-0.79345703125,-0.048828125,-1.13525390625,0.0244140625,0.52490234375,-0.1953125,0.20751953125,0.146484375,-0.59814453125,-0.0244140625,-0.69580078125,-0.341796875,-0.74462890625,-0.10986328125,-0.537109375,0.03662109375,-0.09765625,0.09765625,-1.2451171875,0.37841796875,-2.0751953125,-0.10986328125,-1.47705078125,-0.09765625,-0.01220703125,-0.08544921875,0.35400390625,0.03662109375,0.0244140625,-0.08544921875,-0.09765625,0.06103515625,0.18310546875,-0.0244140625,0.57373046875,-0.0244140625,0.74462890625,-0.1220703125,-0.537109375,-0.0244140625,-0.5615234375
1,-0.09765625,-0.3662109375,-0.0732421875,-0.32958984375,0.09765625,-0.42724609375,-0.10986328125,-0.09765625,-0.03662109375,-0.01220703125,-0.2685546875,-0.87890625,-0.25634765625,1.11083984375,0.1708984375,-0.15869140625,-0.146484375,-0.57373046875,0.0732421875,-0.08544921875,-0.01220703125,0.87890625,-0.08544921875,-0.6103515625,-0.2197265625,5.4443359375,-0.18310546875,8.7890625,-0.1220703125,8.09326171875,-0.18310546875,6.40869140625,-0.28076171875,0.390625,0.13427734375,-0.86669921875,-0.0244140625,-0.390625,-0.42724609375,-0.78125,-0.4150390625,-0.1708984375,0.2197265625,-0.68359375,0.03662109375,-0.3662109375,0.52490234375,0.5859375,0.06103515625,1.52587890625,-0.20751953125,0.390625,0.01220703125,-0.2197265625,-0.341796875,0.69580078125,0.390625,0.341796875,0.30517578125,0.29296875,0.244140625,0.048828125,0.4150390625,-0.1708984375,-0.01220703125,1.20849609375,0.20751953125,1.123046875,-0.01220703125,0.3173828125,0.03662109375,0.3173828125,0.06103515625,0.28076171875,0.06103515625,0.927734375,-0.23193359375,0.01220703125,-0.1220703125,1.30615234375,0.06103515625,-0.91552734375,-0.06103515625,-0.3662109375,0.0732421875,-1.01318359375,0.06103515625,-0.8056640625,-0.1220703125,-0.6591796875,-0.06103515625,1.26953125,-0.28076171875,0.72021484375,0.1708984375,-0.048828125,0,-0.68359375,-0.29296875,-0.74462890625,-0.13427734375,-0.5615234375,0.01220703125,-0.10986328125,0.08544921875,-1.220703125,0.30517578125,-2.05078125,-0.06103515625,-1.4404296875,-0.1220703125,0.0244140625,-0.08544921875,0.35400390625,0.03662109375,0.01220703125,-0.0732421875,-0.08544921875,0.0244140625,0.15869140625,-0.03662109375,0.5859375,-0.03662109375,0.72021484375,-0.09765625,-0.52490234375,-0.0244140625,-0.57373046875
1,-0.0732421875,-0.37841796875,-0.0732421875,-0.341796875,0.0732421875,-0.42724609375,-0.10986328125,-0.10986328125,-0.0244140625,-0.01220703125,-0.29296875,-0.89111328125,-0.23193359375,1.0986328125,0.1953125,-0.1708984375,-0.15869140625,-0.5615234375,0.18310546875,-0.08544921875,-0.08544921875,0.86669921875,-0.01220703125,-0.62255859375,-0.1708984375,5.3955078125,-0.15869140625,8.75244140625,-0.0732421875,8.06884765625,-0.20751953125,6.3720703125,-0.32958984375,0.439453125,0.13427734375,-0.87890625,-0.01220703125,-0.439453125,-0.4150390625,-0.76904296875,-0.42724609375,-0.18310546875,0.244140625,-0.68359375,0.03662109375,-0.3662109375,0.5126953125,0.59814453125,0.03662109375,1.513671875,-0.30517578125,0.439453125,0.06103515625,-0.1708984375,-0.341796875,0.72021484375,0.48828125,0.341796875,0.3173828125,0.28076171875,0.15869140625,0.06103515625,0.439453125,-0.09765625,0.0732421875,1.708984375,0.2685546875,1.18408203125,0,0.390625,0.0244140625,0.40283203125,0.08544921875,0.28076171875,-0.03662109375,0.89111328125,-0.20751953125,0.01220703125,-0.09765625,1.2939453125,0.0244140625,-0.93994140625,-0.06103515625,-0.37841796875,0.13427734375,-1.025390625,0.06103515625,-0.84228515625,-0.244140625,-0.1220703125,-0.06103515625,2.23388671875,-0.32958984375,1.2939453125,0.1708984375,0.6103515625,-0.0244140625,-0.69580078125,-0.244140625,-0.732421875,-0.13427734375,-0.54931640625,0.01220703125,-0.10986328125,0.03662109375,-1.171875,0.18310546875,-1.9775390625,-0.03662109375,-1.3916015625,-0.18310546875,0.0732421875,-0.08544921875,0.35400390625,0.03662109375,0.0244140625,-0.0732421875,-0.0732421875,0.01220703125,0.18310546875,-0.0244140625,0.5859375,-0.0244140625,0.732421875,-0.1220703125,-0.52490234375,-0.03662109375,-0.57373046875
1,-0.10986328125,-0.390625,-0.08544921875,-0.3662109375,0.0732421875,-0.42724609375,-0.09765625,-0.13427734375,0,-0.01220703125,-0.30517578125,-0.9033203125,-0.2197265625,1.0986328125,0.18310546875,-0.18310546875,-0.1708984375,-0.54931640625,0.20751953125,-0.10986328125,-0.08544921875,0.87890625,0,-0.62255859375,-0.09765625,5.2001953125,-0.1220703125,8.41064453125,-0.048828125,7.82470703125,-0.15869140625,6.15234375,-0.42724609375,0.4638671875,0.20751953125,-0.87890625,-0.08544921875,-0.47607421875,-0.32958984375,-0.78125,-0.37841796875,-0.20751953125,0.341796875,-0.69580078125,0.0244140625,-0.35400390625,0.52490234375,0.5859375,-0.01220703125,1.513671875,-0.32958984375,0.4638671875,0.13427734375,-0.15869140625,-0.30517578125,0.72021484375,0.52490234375,0.37841796875,0.32958984375,0.25634765625,0.0244140625,0.09765625,0.47607421875,-0.01220703125,0.03662109375,2.33154296875,0.341796875,1.26953125,0.0732421875,0.45166015625,0.03662109375,0.48828125,0.08544921875,0.244140625,-0.09765625,0.86669921875,-0.18310546875,0,-0.1220703125,1.28173828125,-0.0244140625,-0.96435546875,-0.06103515625,-0.40283203125,0.15869140625,-1.01318359375,0.06103515625,-0.830078125,-0.29296875,0.48828125,0.03662109375,3.2958984375,-0.3173828125,1.91650390625,0.20751953125,1.3671875,-0.03662109375,-0.69580078125,-0.18310546875,-0.7080078125,-0.146484375,-0.57373046875,-0.01220703125,-0.10986328125,0,-1.13525390625,0.0244140625,-1.94091796875,-0.048828125,-1.35498046875,-0.18310546875,0.09765625,-0.06103515625,0.32958984375,0.03662109375,0.01220703125,-0.0732421875,-0.06103515625,-0.01220703125,0.1708984375,-0.01220703125,0.5615234375,-0.0244140625,0.7080078125,-0.08544921875,-0.5126953125,-0.0244140625,-0.5859375
1,-0.10986328125,-0.4150390625,-0.0732421875,-0.341796875,0.06103515625,-0.42724609375,-0.09765625,-0.1220703125,0.01220703125,-0.03662109375,-0.30517578125,-0.91552734375,-0.23193359375,1.07421875,0.1708984375,-0.15869140625,-0.1708984375,-0.537109375,0.2197265625,-0.10986328125,-0.10986328125,0.86669921875,-0.01220703125,-0.59814453125,0,4.8095703125,-0.13427734375,7.7880859375,-0.03662109375,7.38525390625,-0.08544921875,5.74951171875,-0.48828125,0.439453125,0.2685546875,-0.91552734375,-0.0732421875,-0.52490234375,-0.2685546875,-0.79345703125,-0.35400390625,-0.23193359375,0.42724609375,-0.68359375,0.0244140625,-0.341796875,0.5615234375,0.54931640625,-0.048828125,1.45263671875,-0.390625,0.48828125,0.15869140625,-0.10986328125,-0.29296875,0.732421875,0.537109375,0.37841796875,0.28076171875,0.2197265625,-0.10986328125,0.13427734375,0.47607421875,0.048828125,0.06103515625,3.11279296875,0.390625,1.35498046875,0.08544921875,0.57373046875,-0.01220703125,0.6103515625,0.08544921875,0.25634765625,-0.13427734375,0.87890625,-0.1220703125,-0.0244140625,-0.1708984375,1.2939453125,-0.01220703125,-0.98876953125,-0.08544921875,-0.390625,0.1953125,-1.0009765625,0.08544921875,-0.84228515625,-0.341796875,1.0986328125,0.06103515625,4.45556640625,-0.23193359375,2.57568359375,0.20751953125,2.1240234375,-0.10986328125,-0.7080078125,-0.13427734375,-0.7080078125,-0.1708984375,-0.59814453125,-0.03662109375,-0.1220703125,0,-1.08642578125,-0.09765625,-1.94091796875,-0.048828125,-1.33056640625,-0.1708984375,0.10986328125,-0.0244140625,0.3173828125,0.0244140625,0.01220703125,-0.0732421875,-0.06103515625,0,0.15869140625,-0.0244140625,0.52490234375,-0.03662109375,0.72021484375,-0.09765625,-0.52490234375,-0.048828125,-0.5859375
0,-0.09765625,-0.390625,-0.06103515625,-0.341796875,0.0732421875,-0.4150390625,-0.09765625,-0.09765625,0.01220703125,-0.06103515625,-0.29296875,-0.91552734375,-0.25634765625,1.07421875,0.1708984375,-0.146484375,-0.15869140625,-0.54931640625,0.15869140625,-0.09765625,-0.1708984375,0.86669921875,-0.10986328125,-0.6103515625,0.1220703125,4.3212890625,-0.10986328125,6.9580078125,0,6.7626953125,0.01220703125,5.16357421875,-0.537109375,0.40283203125,0.30517578125,-0.91552734375,-0.10986328125,-0.52490234375,-0.15869140625,-0.81787109375,-0.3662109375,-0.25634765625,0.37841796875,-0.69580078125,-0.048828125,-0.32958984375,0.67138671875,0.54931640625,-0.0732421875,1.42822265625,-0.4150390625,0.48828125,0.1220703125,-0.08544921875,-0.23193359375,0.74462890625,0.52490234375,0.37841796875,0.28076171875,0.18310546875,-0.10986328125,0.13427734375,0.45166015625,0.09765625,0.20751953125,4.00390625,0.3662109375,1.4892578125,0.10986328125,0.69580078125,-0.08544921875,0.732421875,0.09765625,0.244140625,-0.146484375,0.830078125,-0.09765625,-0.01220703125,-0.1953125,1.28173828125,0.0244140625,-1.01318359375,-0.08544921875,-0.390625,0.2197265625,-0.9765625,0.10986328125,-0.81787109375,-0.37841796875,1.6357421875,0,5.56640625,-0.18310546875,3.173828125,0.146484375,2.81982421875,-0.146484375,-0.7080078125,-0.09765625,-0.68359375,-0.1708984375,-0.5859375,-0.06103515625,-0.13427734375,0,-1.07421875,-0.244140625,-1.91650390625,-0.03662109375,-1.30615234375,-0.2197265625,0.09765625,0,0.341796875,0,0.01220703125,-0.0732421875,-0.06103515625,0.01220703125,0.18310546875,-0.03662109375,0.4638671875,-0.0732421875,0.732421875,-0.08544921875,-0.5126953125,-0.06103515625,-0.5615234375
0,-0.09765625,-0.390625,-0.048828125,-0.3662109375,0.0732421875,-0.42724609375,-0.09765625,-0.09765625,0.03662109375,-0.06103515625,-0.30517578125,-0.89111328125,-0.2197265625,1.06201171875,0.13427734375,-0.146484375,-0.09765625,-0.537109375,0.03662109375,-0.10986328125,-0.18310546875,0.87890625,-0.23193359375,-0.59814453125,0.1953125,3.69873046875,-0.09765625,5.95703125,0.048828125,6.01806640625,0.10986328125,4.5166015625,-0.537109375,0.341796875,0.390625,-0.927734375,-0.1220703125,-0.5126953125,-0.048828125,-0.79345703125,-0.390625,-0.25634765625,0.341796875,-0.68359375,-0.09765625,-0.3662109375,0.8056640625,0.57373046875,-0.08544921875,1.416015625,-0.390625,0.50048828125,0.15869140625,-0.0732421875,-0.18310546875,0.732421875,0.45166015625,0.390625,0.32958984375,0.18310546875,-0.10986328125,0.146484375,0.390625,0.1220703125,0.3173828125,4.99267578125,0.3173828125,1.611328125,0.08544921875,0.81787109375,-0.13427734375,0.84228515625,0.0732421875,0.244140625,-0.13427734375,0.79345703125,-0.048828125,-0.0244140625,-0.23193359375,1.28173828125,0.06103515625,-1.01318359375,-0.08544921875,-0.390625,0.2197265625,-1.0009765625,0.13427734375,-0.8056640625,-0.35400390625,2.06298828125,0.01220703125,6.591796875,-0.06103515625,3.6865234375,0.09765625,3.3935546875,-0.1708984375,-0.7080078125,-0.0732421875,-0.69580078125,-0.1708984375,-0.57373046875,-0.08544921875,-0.10986328125,0.048828125,-1.123046875,-0.29296875,-1.96533203125,-0.0244140625,-1.30615234375,-0.244140625,0.08544921875,0.01220703125,0.341796875,0.01220703125,0.03662109375,-0.0732421875,-0.048828125,0.0244140625,0.1953125,-0.048828125,0.390625,-0.09765625,0.732421875,-0.08544921875,-0.5126953125,-0.08544921875,-0.57373046875
0,-0.09765625,-0.40283203125,0.01220703125,-0.3662109375,0.0732421875,-0.4150390625,-0.0732421875,-0.09765625,0.0244140625,-0.06103515625,-0.30517578125,-0.87890625,-0.2197265625,1.0498046875,0.15869140625,-0.146484375,-0.0244140625,-0.54931640625,-0.048828125,-0.10986328125,-0.25634765625,0.87890625,-0.32958984375,-0.5859375,0.2685546875,3.076171875,-0.09765625,4.8828125,0.09765625,5.2001953125,0.15869140625,3.79638671875,-0.50048828125,0.2685546875,0.537109375,-0.927734375,-0.15869140625,-0.4638671875,0.0244140625,-0.79345703125,-0.3662109375,-0.23193359375,0.341796875,-0.72021484375,-0.13427734375,-0.390625,0.8056640625,0.5859375,-0.1220703125,1.40380859375,-0.37841796875,0.439453125,0.146484375,-0.08544921875,-0.10986328125,0.7080078125,0.3662109375,0.390625,0.3173828125,0.1708984375,-0.146484375,0.146484375,0.20751953125,0.09765625,0.341796875,5.99365234375,0.244140625,1.7333984375,0.06103515625,0.9033203125,-0.146484375,0.93994140625,0,0.25634765625,-0.146484375,0.76904296875,-0.01220703125,-0.0244140625,-0.28076171875,1.2939453125,0.13427734375,-1.01318359375,-0.08544921875,-0.390625,0.20751953125,-1.025390625,0.10986328125,-0.8056640625,-0.341796875,2.38037109375,0.08544921875,7.40966796875,0,4.0771484375,0.01220703125,3.82080078125,-0.18310546875,-0.69580078125,-0.048828125,-0.7080078125,-0.10986328125,-0.5859375,-0.08544921875,-0.13427734375,0.09765625,-1.15966796875,-0.30517578125,-2.001953125,0,-1.28173828125,-0.30517578125,0.0732421875,0.01220703125,0.341796875,0,0.03662109375,-0.0732421875,-0.06103515625,0.01220703125,0.18310546875,-0.048828125,0.30517578125,-0.10986328125,0.74462890625,-0.0732421875,-0.52490234375,-0.09765625,-0.57373046875
0,-0.10986328125,-0.390625,0,-0.35400390625,0.0732421875,-0.42724609375,-0.0732421875,-0.10986328125,0.048828125,-0.0732421875,-0.29296875,-0.87890625,-0.23193359375,1.0498046875,0.1220703125,-0.146484375,0.06103515625,-0.5615234375,-0.15869140625,-0.10986328125,-0.3173828125,0.9033203125,-0.35400390625,-0.59814453125,0.29296875,2.4169921875,-0.06103515625,3.7841796875,0.10986328125,4.38232421875,0.1708984375,3.076171875,-0.42724609375,0.23193359375,0.5859375,-0.93994140625,-0.1953125,-0.4150390625,0.0732421875,-0.8056640625,-0.3662109375,-0.1953125,0.32958984375,-0.72021484375,-0.146484375,-0.40283203125,0.8544921875,0.59814453125,-0.18310546875,1.40380859375,-0.3173828125,0.4150390625,0.15869140625,-0.10986328125,-0.0244140625,0.72021484375,0.35400390625,0.40283203125,0.32958984375,0.18310546875,-0.13427734375,0.146484375,0.146484375,0.09765625,0.390625,6.94580078125,0.15869140625,1.8310546875,-0.0244140625,1.01318359375,-0.18310546875,1.0498046875,-0.0244140625,0.2685546875,-0.13427734375,0.7080078125,0.0244140625,0.01220703125,-0.3173828125,1.28173828125,0.15869140625,-0.98876953125,-0.03662109375,-0.37841796875,0.13427734375,-1.0498046875,0.08544921875,-0.79345703125,-0.2197265625,2.5634765625,0.146484375,7.99560546875,0.06103515625,4.28466796875,0.048828125,4.08935546875,-0.146484375,-0.69580078125,-0.0244140625,-0.7080078125,-0.08544921875,-0.57373046875,-0.08544921875,-0.09765625,0.1220703125,-1.18408203125,-0.28076171875,-2.0263671875,-0.01220703125,-1.2939453125,-0.30517578125,0.0244140625,0.0244140625,0.341796875,0.01220703125,0.03662109375,-0.0732421875,-0.06103515625,0.048828125,0.1708984375,-0.03662109375,0.2197265625,-0.1220703125,0.76904296875,-0.08544921875,-0.52490234375,-0.13427734375,-0.5615234375
0,-0.10986328125,-0.37841796875,0,-0.3662109375,0.0732421875,-0.4150390625,-0.03662109375,-0.09765625,0.03662109375,-0.09765625,-0.28076171875,-0.87890625,-0.23193359375,1.06201171875,0.09765625,-0.15869140625,0.0732421875,-0.54931640625,-0.2197265625,-0.1220703125,-0.341796875,0.89111328125,-0.32958984375,-0.6103515625,0.23193359375,1.7822265625,-0.03662109375,2.734375,0.1220703125,3.55224609375,0.08544921875,2.34375,-0.3173828125,0.1708984375,0.67138671875,-0.927734375,-0.18310546875,-0.3662109375,0.08544921875,-0.78125,-0.341796875,-0.18310546875,0.30517578125,-0.7080078125,-0.10986328125,-0.4150390625,0.927734375,0.62255859375,-0.2197265625,1.42822265625,-0.25634765625,0.390625,0.20751953125,-0.1220703125,0.09765625,0.69580078125,0.341796875,0.47607421875,0.29296875,0.25634765625,-0.20751953125,0.1953125,0.048828125,0.09765625,0.3662109375,7.72705078125,0.06103515625,1.9287109375,-0.09765625,1.0986328125,-0.23193359375,1.11083984375,-0.09765625,0.2685546875,-0.1220703125,0.72021484375,0.03662109375,0,-0.28076171875,1.2939453125,0.1708984375,-0.9521484375,-0.01220703125,-0.390625,0.06103515625,-1.03759765625,0.03662109375,-0.79345703125,-0.10986328125,2.57568359375,0.08544921875,8.28857421875,0.0732421875,4.3701171875,0.048828125,4.1259765625,-0.146484375,-0.69580078125,0.01220703125,-0.7080078125,-0.03662109375,-0.5615234375,-0.08544921875,-0.10986328125,0.13427734375,-1.220703125,-0.23193359375,-2.05078125,-0.09765625,-1.30615234375,-0.29296875,-0.01220703125,0.01220703125,0.341796875,0.01220703125,0.03662109375,-0.0732421875,-0.06103515625,0.06103515625,0.20751953125,-0.06103515625,0.10986328125,-0.1220703125,0.76904296875,-0.09765625,-0.537109375,-0.13427734375,-0.5859375
0,-0.08544921875,-0.37841796875,0.048828125,-0.3662109375,0.08544921875,-0.42724609375,-0.01220703125,-0.09765625,0.048828125,-0.06103515625,-0.2685546875,-0.87890625,-0.2197265625,1.08642578125,0.0732421875,-0.15869140625,0.06103515625,-0.5615234375,-0.2197265625,-0.09765625,-0.40283203125,0.927734375,-0.3173828125,-0.634765625,0.1220703125,1.18408203125,-0.0244140625,1.74560546875,0.08544921875,2.79541015625,-0.03662109375,1.69677734375,-0.244140625,0.10986328125,0.67138671875,-0.927734375,-0.18310546875,-0.341796875,0,-0.78125,-0.35400390625,-0.13427734375,0.30517578125,-0.7080078125,-0.10986328125,-0.4150390625,0.91552734375,0.62255859375,-0.2197265625,1.4404296875,-0.2685546875,0.37841796875,0.25634765625,-0.18310546875,0.15869140625,0.67138671875,0.32958984375,0.54931640625,0.30517578125,0.3173828125,-0.18310546875,0.25634765625,-0.03662109375,0.1220703125,0.42724609375,8.28857421875,-0.0244140625,1.96533203125,-0.15869140625,1.18408203125,-0.23193359375,1.1474609375,-0.146484375,0.2685546875,-0.10986328125,0.732421875,0.0732421875,0,-0.23193359375,1.30615234375,0.15869140625,-0.927734375,0.03662109375,-0.37841796875,-0.01220703125,-1.0498046875,0,-0.78125,-0.01220703125,2.490234375,0.0244140625,8.30078125,0.0244140625,4.345703125,0.10986328125,4.0283203125,-0.13427734375,-0.67138671875,0.01220703125,-0.7080078125,0,-0.57373046875,-0.0732421875,-0.10986328125,0.146484375,-1.220703125,-0.13427734375,-2.08740234375,-0.146484375,-1.2939453125,-0.25634765625,-0.0244140625,0.01220703125,0.32958984375,0.01220703125,0.03662109375,-0.08544921875,-0.03662109375,0.048828125,0.1708984375,-0.06103515625,0,-0.1220703125,0.74462890625,-0.09765625,-0.54931640625,-0.13427734375,-0.5859375
0,-0.06103515625,-0.37841796875,0.048828125,-0.37841796875,0.06103515625,-0.4150390625,-0.01220703125,-0.08544921875,0.048828125,-0.06103515625,-0.25634765625,-0.89111328125,-0.244140625,1.0986328125,0.06103515625,-0.1708984375,-0.01220703125,-0.57373046875,-0.1953125,-0.08544921875,-0.42724609375,0.91552734375,-0.25634765625,-0.64697265625,0.01220703125,0.62255859375,-0.03662109375,0.87890625,-0.01220703125,2.099609375,-0.146484375,1.08642578125,-0.13427734375,0.01220703125,0.69580078125,-0.9033203125,-0.1953125,-0.35400390625,0,-0.78125,-0.32958984375,-0.13427734375,0.30517578125,-0.7080078125,-0.08544921875,-0.42724609375,0.927734375,0.64697265625,-0.2685546875,1.416015625,-0.23193359375,0.3662109375,0.3173828125,-0.1953125,0.1708984375,0.69580078125,0.25634765625,0.6591796875,0.390625,0.4638671875,-0.146484375,0.35400390625,-0.048828125,0.15869140625,0.42724609375,8.59375,-0.1220703125,2.001953125,-0.2197265625,1.220703125,-0.25634765625,1.171875,-0.1953125,0.2685546875,-0.0732421875,0.74462890625,0.03662109375,0.0244140625,-0.15869140625,1.33056640625,0.146484375,-0.87890625,0.048828125,-0.4150390625,-0.13427734375,-1.0498046875,0.01220703125,-0.79345703125,0.0244140625,2.294921875,0,8.0078125,-0.03662109375,4.150390625,0.1953125,3.82080078125,-0.146484375,-0.68359375,0.03662109375,-0.72021484375,0.01220703125,-0.5615234375,-0.0732421875,-0.09765625,0.13427734375,-1.20849609375,-0.0244140625,-2.0751953125,-0.0732421875,-1.2939453125,-0.244140625,-0.0244140625,0.01220703125,0.3173828125,0.0244140625,0.03662109375,-0.08544921875,-0.048828125,0.06103515625,0.1708984375,-0.08544921875,-0.0732421875,-0.09765625,0.732421875,-0.1220703125,-0.54931640625,-0.146484375,-0.59814453125
0,-0.048828125,-0.3662109375,0.06103515625,-0.35400390625,0.0244140625,-0.4150390625,0,-0.08544921875,0.048828125,-0.048828125,-0.25634765625,-0.87890625,-0.23193359375,1.11083984375,0.06103515625,-0.1708984375,-0.146484375,-0.57373046875,-0.1220703125,-0.08544921875,-0.439453125,0.9033203125,-0.2197265625,-0.67138671875,-0.1220703125,0.13427734375,-0.08544921875,0.10986328125,-0.1220703125,1.46484375,-0.244140625,0.5615234375,-0.03662109375,-0.03662109375,0.7080078125,-0.89111328125,-0.20751953125,-0.35400390625,-0.03662109375,-0.78125,-0.29296875,-0.1220703125,0.30517578125,-0.69580078125,-0.09765625,-0.42724609375,0.89111328125,0.6591796875,-0.29296875,1.40380859375,-0.23193359375,0.390625,0.341796875,-0.23193359375,0.1708984375,0.7080078125,0.20751953125,0.78125,0.390625,0.537109375,-0.08544921875,0.47607421875,-0.09765625,0.23193359375,0.2685546875,8.55712890625,-0.15869140625,1.9775390625,-0.28076171875,1.23291015625,-0.2197265625,1.15966796875,-0.25634765625,0.28076171875,-0.0244140625,0.79345703125,0.03662109375,0.01220703125,-0.06103515625,1.30615234375,0.09765625,-0.830078125,0.06103515625,-0.42724609375,-0.1708984375,-1.07421875,0.03662109375,-0.79345703125,0.06103515625,2.0263671875,-0.03662109375,7.4951171875,-0.048828125,3.86962890625,0.2685546875,3.47900390625,-0.1220703125,-0.68359375,0.01220703125,-0.72021484375,0.01220703125,-0.54931640625,-0.08544921875,-0.09765625,0.09765625,-1.1474609375,0.09765625,-2.0263671875,-0.01220703125,-1.25732421875,-0.25634765625,0,0.01220703125,0.32958984375,0,0,-0.06103515625,-0.0244140625,0.0244140625,0.15869140625,-0.0732421875,-0.13427734375,-0.08544921875,0.74462890625,-0.10986328125,-0.537109375,-0.13427734375,-0.59814453125
0,-0.03662109375,-0.37841796875,0.08544921875,-0.341796875,0.0244140625,-0.4150390625,-0.01220703125,-0.08544921875,0.0732421875,-0.0244140625,-0.244140625,-0.9033203125,-0.23193359375,1.11083984375,0.03662109375,-0.15869140625,-0.25634765625,-0.59814453125,-0.06103515625,-0.0732421875,-0.45166015625,0.89111328125,-0.1708984375,-0.6591796875,-0.244140625,-0.3173828125,-0.146484375,-0.5615234375,-0.25634765625,0.9033203125,-0.2197265625,0.09765625,-0.01220703125,-0.0732421875,0.634765625,-0.9033203125,-0.20751953125,-0.40283203125,-0.08544921875,-0.79345703125,-0.3173828125,-0.1220703125,0.3662109375,-0.7080078125,-0.13427734375,-0.42724609375,0.8056640625,0.6591796875,-0.30517578125,1.3671875,-0.25634765625,0.40283203125,0.30517578125,-0.20751953125,0.146484375,0.72021484375,0.146484375,0.9033203125,0.37841796875,0.62255859375,0.048828125,0.59814453125,-0.08544921875,0.32958984375,0.1953125,8.203125,-0.23193359375,1.94091796875,-0.32958984375,1.1962890625,-0.20751953125,1.0986328125,-0.29296875,0.2685546875,-0.03662109375,0.8056640625,0.01220703125,0,0.03662109375,1.2939453125,0.0732421875,-0.81787109375,0.0732421875,-0.42724609375,-0.2197265625,-1.06201171875,0.06103515625,-0.8056640625,0.06103515625,1.7333984375,-0.048828125,6.8359375,-0.048828125,3.52783203125,0.3662109375,3.125,-0.0732421875,-0.68359375,-0.03662109375,-0.72021484375,-0.01220703125,-0.54931640625,-0.06103515625,-0.09765625,0.08544921875,-1.11083984375,0.18310546875,-1.98974609375,0.0732421875,-1.220703125,-0.30517578125,0.03662109375,-0.01220703125,0.3173828125,-0.01220703125,-0.01220703125,-0.06103515625,-0.01220703125,0,0.15869140625,-0.0732421875,-0.15869140625,-0.0732421875,0.72021484375,-0.0732421875,-0.52490234375,-0.1708984375,-0.6103515625
0,-0.048828125,-0.37841796875,0.0732421875,-0.32958984375,0,-0.40283203125,-0.03662109375,-0.08544921875,0.08544921875,-0.01220703125,-0.244140625,-0.86669921875,-0.23193359375,1.123046875,0.03662109375,-0.1708984375,-0.29296875,-0.59814453125,-0.01220703125,-0.09765625,-0.35400390625,0.9033203125,-0.20751953125,-0.6591796875,-0.341796875,-0.68359375,-0.18310546875,-1.123046875,-0.32958984375,0.45166015625,-0.18310546875,-0.28076171875,-0.048828125,-0.09765625,0.57373046875,-0.9033203125,-0.20751953125,-0.4638671875,-0.1220703125,-0.76904296875,-0.3662109375,-0.1708984375,0.3662109375,-0.68359375,-0.1708984375,-0.4150390625,0.79345703125,0.64697265625,-0.3173828125,1.2939453125,-0.28076171875,0.42724609375,0.3662109375,-0.2197265625,0.1220703125,0.732421875,0.146484375,1.01318359375,0.37841796875,0.6591796875,0.06103515625,0.74462890625,-0.18310546875,0.45166015625,0.13427734375,7.62939453125,-0.244140625,1.8798828125,-0.3173828125,1.1474609375,-0.1708984375,1.03759765625,-0.341796875,0.244140625,-0.03662109375,0.79345703125,0.03662109375,-0.0244140625,0.08544921875,1.30615234375,0.048828125,-0.732421875,0.06103515625,-0.42724609375,-0.244140625,-1.06201171875,0.09765625,-0.8056640625,0.01220703125,1.4404296875,0.06103515625,6.103515625,-0.03662109375,3.18603515625,0.3662109375,2.7587890625,-0.03662109375,-0.68359375,-0.06103515625,-0.7080078125,-0.06103515625,-0.5615234375,-0.0732421875,-0.1220703125,0.03662109375,-1.0498046875,0.20751953125,-1.91650390625,0.01220703125,-1.1962890625,-0.32958984375,0.09765625,0.01220703125,0.30517578125,-0.01220703125,0,-0.0732421875,-0.01220703125,-0.0244140625,0.15869140625,-0.048828125,-0.15869140625,-0.06103515625,0.74462890625,-0.0732421875,-0.52490234375,-0.18310546875,-0.6103515625
0,-0.06103515625,-0.3662109375,0.09765625,-0.32958984375,0,-0.4150390625,-0.08544921875,-0.08544921875,0.09765625,-0.01220703125,-0.2197265625,-0.87890625,-0.2197265625,1.11083984375,0.03662109375,-0.146484375,-0.29296875,-0.5615234375,0.0244140625,-0.09765625,-0.23193359375,0.9033203125,-0.23193359375,-0.634765625,-0.439453125,-0.93994140625,-0.29296875,-1.55029296875,-0.439453125,0.048828125,-0.18310546875,-0.6103515625,-0.1220703125,-0.1220703125,0.54931640625,-0.89111328125,-0.146484375,-0.50048828125,-0.15869140625,-0.79345703125,-0.40283203125,-0.1708984375,0.3173828125,-0.68359375,-0.20751953125,-0.4150390625,0.76904296875,0.64697265625,-0.3173828125,1.23291015625,-0.35400390625,0.4638671875,0.37841796875,-0.18310546875,0.08544921875,0.74462890625,0.2197265625,1.08642578125,0.341796875,0.69580078125,0.06103515625,0.86669921875,-0.244140625,0.5615234375,0.09765625,6.884765625,-0.28076171875,1.7822265625,-0.30517578125,1.07421875,-0.13427734375,0.96435546875,-0.390625,0.23193359375,-0.0244140625,0.830078125,0.0732421875,-0.0244140625,0.15869140625,1.2939453125,0.01220703125,-0.7080078125,0.048828125,-0.42724609375,-0.2197265625,-1.07421875,0.1220703125,-0.8056640625,-0.01220703125,1.1474609375,0.01220703125,5.3955078125,0,2.86865234375,0.3173828125,2.4169921875,-0.0244140625,-0.69580078125,-0.10986328125,-0.7080078125,-0.0732421875,-0.59814453125,-0.08544921875,-0.10986328125,0.03662109375,-1.01318359375,0.2197265625,-1.8798828125,0.03662109375,-1.18408203125,-0.30517578125,0.13427734375,0.01220703125,0.32958984375,-0.01220703125,-0.01220703125,-0.0732421875,-0.01220703125,0,0.15869140625,-0.03662109375,-0.15869140625,-0.06103515625,0.7568359375,-0.06103515625,-0.52490234375,-0.20751953125,-0.62255859375
0,-0.08544921875,-0.37841796875,0.13427734375,-0.3662109375,0,-0.439453125,-0.08544921875,-0.09765625,0.09765625,-0.01220703125,-0.20751953125,-0.89111328125,-0.20751953125,1.0986328125,0.01220703125,-0.15869140625,-0.23193359375,-0.5615234375,0.01220703125,-0.08544921875,-0.146484375,0.9033203125,-0.2685546875,-0.62255859375,-0.439453125,-1.15966796875,-0.3173828125,-1.89208984375,-0.42724609375,-0.23193359375,-0.09765625,-0.79345703125,-0.20751953125,-0.146484375,0.48828125,-0.91552734375,-0.10986328125,-0.5126953125,-0.18310546875,-0.79345703125,-0.48828125,-0.1708984375,0.390625,-0.69580078125,-0.25634765625,-0.4150390625,0.72021484375,0.62255859375,-0.30517578125,1.171875,-0.3662109375,0.50048828125,0.390625,-0.18310546875,0.03662109375,0.74462890625,0.23193359375,1.11083984375,0.28076171875,0.67138671875,0.09765625,0.9521484375,-0.25634765625,0.634765625,0.03662109375,6.103515625,-0.2685546875,1.72119140625,-0.25634765625,0.9765625,-0.15869140625,0.9033203125,-0.40283203125,0.2197265625,0.06103515625,0.830078125,0.13427734375,-0.03662109375,0.13427734375,1.26953125,0,-0.6591796875,0.01220703125,-0.4150390625,-0.146484375,-1.0498046875,0.09765625,-0.8056640625,-0.1220703125,0.927734375,0,4.78515625,0.048828125,2.587890625,0.20751953125,2.16064453125,-0.03662109375,-0.69580078125,-0.10986328125,-0.7080078125,-0.146484375,-0.57373046875,-0.1220703125,-0.1220703125,0.048828125,-0.9765625,0.15869140625,-1.86767578125,0.01220703125,-1.1474609375,-0.25634765625,0.15869140625,0,0.341796875,-0.0244140625,-0.01220703125,-0.08544921875,-0.01220703125,0,0.1708984375,-0.0244140625,-0.13427734375,-0.03662109375,0.7568359375,-0.0732421875,-0.54931640625,-0.20751953125,-0.59814453125
0,-0.09765625,-0.390625,0.10986328125,-0.3662109375,-0.0244140625,-0.439453125,-0.1220703125,-0.09765625,0.08544921875,-0.0244140625,-0.15869140625,-0.87890625,-0.20751953125,1.0986328125,0.0244140625,-0.15869140625,-0.146484375,-0.54931640625,-0.0244140625,-0.10986328125,-0.0732421875,0.91552734375,-0.28076171875,-0.62255859375,-0.4150390625,-1.23291015625,-0.2685546875,-2.11181640625,-0.37841796875,-0.390625,-0.0732421875,-0.9033203125,-0.25634765625,-0.1708984375,0.4150390625,-0.9033203125,-0.08544921875,-0.47607421875,-0.20751953125,-0.79345703125,-0.4150390625,-0.20751953125,0.3662109375,-0.68359375,-0.25634765625,-0.390625,0.7080078125,0.62255859375,-0.32958984375,1.123046875,-0.390625,0.50048828125,0.35400390625,-0.18310546875,0.0244140625,0.74462890625,0.30517578125,1.11083984375,0.3173828125,0.64697265625,0.1220703125,1.0009765625,-0.23193359375,0.67138671875,0.06103515625,5.37109375,-0.244140625,1.66015625,-0.1953125,0.86669921875,-0.15869140625,0.84228515625,-0.3662109375,0.1953125,0.10986328125,0.81787109375,0.146484375,-0.03662109375,0.1220703125,1.25732421875,0,-0.6591796875,0,-0.4150390625,-0.03662109375,-1.06201171875,0.048828125,-0.81787109375,-0.1953125,0.74462890625,-0.06103515625,4.33349609375,0.0732421875,2.38037109375,0.09765625,1.9287109375,-0.048828125,-0.68359375,-0.10986328125,-0.7080078125,-0.18310546875,-0.6103515625,-0.15869140625,-0.1220703125,0.03662109375,-0.9765625,0.08544921875,-1.85546875,-0.03662109375,-1.1474609375,-0.20751953125,0.1708984375,-0.0244140625,0.341796875,0,0,-0.08544921875,0,-0.01220703125,0.15869140625,-0.03662109375,-0.13427734375,-0.048828125,0.78125,-0.08544921875,-0.537109375,-0.18310546875,-0.5859375
1,-0.09765625,-0.37841796875,0.08544921875,-0.37841796875,-0.03662109375,-0.439453125,-0.146484375,-0.09765625,0.0732421875,-0.0244140625,-0.13427734375,-0.86669921875,-0.23193359375,1.08642578125,0.03662109375,-0.15869140625,-0.06103515625,-0.57373046875,-0.08544921875,-0.1220703125,-0.03662109375,0.9033203125,-0.30517578125,-0.5859375,-0.3662109375,-1.220703125,-0.1953125,-2.18505859375,-0.30517578125,-0.45166015625,-0.06103515625,-0.91552734375,-0.30517578125,-0.18310546875,0.37841796875,-0.89111328125,-0.06103515625,-0.48828125,-0.2197265625,-0.8056640625,-0.341796875,-0.2197265625,0.35400390625,-0.69580078125,-0.244140625,-0.37841796875,0.67138671875,0.62255859375,-0.32958984375,1.11083984375,-0.3662109375,0.50048828125,0.18310546875,-0.1953125,-0.03662109375,0.72021484375,0.28076171875,1.06201171875,0.2685546875,0.57373046875,0.1953125,0.9521484375,-0.146484375,0.67138671875,-0.0244140625,4.82177734375,-0.2197265625,1.62353515625,-0.1220703125,0.81787109375,-0.18310546875,0.79345703125,-0.35400390625,0.18310546875,0.20751953125,0.87890625,0.18310546875,-0.048828125,0.0732421875,1.25732421875,-0.0244140625,-0.634765625,-0.03662109375,-0.390625,0.06103515625,-1.0498046875,0.01220703125,-0.81787109375,-0.23193359375,0.634765625,-0.1220703125,4.052734375,0.08544921875,2.23388671875,0.0244140625,1.806640625,-0.08544921875,-0.69580078125,-0.08544921875,-0.7080078125,-0.2197265625,-0.62255859375,-0.1953125,-0.09765625,0.0732421875,-0.98876953125,-0.0244140625,-1.8798828125,0.048828125,-1.123046875,-0.1708984375,0.18310546875,-0.0244140625,0.35400390625,0.0244140625,-0.01220703125,-0.0732421875,-0.01220703125,0.01220703125,0.146484375,-0.03662109375,-0.146484375,-0.03662109375,0.78125,-0.09765625,-0.537109375,-0.146484375,-0.57373046875
1,-0.1220703125,-0.37841796875,0.08544921875,-0.390625,-0.06103515625,-0.439453125,-0.146484375,-0.09765625,0.0732421875,-0.048828125,-0.1220703125,-0.8544921875,-0.28076171875,1.07421875,0.03662109375,-0.15869140625,0.048828125,-0.57373046875,-0.13427734375,-0.1220703125,-0.0732421875,0.89111328125,-0.29296875,-0.5859375,-0.30517578125,-1.1474609375,-0.13427734375,-2.1240234375,-0.2197265625,-0.37841796875,-0.09765625,-0.830078125,-0.28076171875,-0.244140625,0.37841796875,-0.89111328125,-0.048828125,-0.45166015625,-0.18310546875,-0.79345703125,-0.15869140625,-0.23193359375,0.35400390625,-0.72021484375,-0.18310546875,-0.3662109375,0.67138671875,0.5859375,-0.32958984375,1.123046875,-0.37841796875,0.47607421875,0.06103515625,-0.1953125,-0.1220703125,0.72021484375,0.28076171875,1.0009765625,0.30517578125,0.52490234375,0.2197265625,0.89111328125,-0.048828125,0.6103515625,-0.0244140625,4.50439453125,-0.20751953125,1.611328125,-0.0732421875,0.74462890625,-0.2197265625,0.78125,-0.37841796875,0.18310546875,0.28076171875,0.87890625,0.18310546875,-0.03662109375,0.06103515625,1.25732421875,-0.048828125,-0.64697265625,-0.048828125,-0.37841796875,0.1220703125,-1.0498046875,-0.03662109375,-0.8056640625,-0.2685546875,0.5615234375,-0.18310546875,3.89404296875,0.048828125,2.1240234375,-0.01220703125,1.708984375,-0.1708984375,-0.7080078125,-0.0244140625,-0.69580078125,-0.28076171875,-0.5859375,-0.23193359375,-0.10986328125,0.09765625,-1.0009765625,-0.15869140625,-1.8798828125,0.0732421875,-1.07421875,-0.15869140625,0.1708984375,-0.01220703125,0.35400390625,0.06103515625,0.01220703125,-0.08544921875,0.01220703125,0,0.146484375,-0.0244140625,-0.1708984375,-0.0244140625,0.76904296875,-0.10986328125,-0.537109375,-0.10986328125,-0.54931640625
1,-0.1220703125,-0.37841796875,0.0732421875,-0.390625,-0.09765625,-0.45166015625,-0.13427734375,-0.08544921875,0.09765625,-0.06103515625,-0.13427734375,-0.87890625,-0.3173828125,1.06201171875,0.03662109375,-0.15869140625,0.146484375,-0.5859375,-0.1708984375,-0.1220703125,-0.146484375,0.9033203125,-0.244140625,-0.59814453125,-0.244140625,-1.0009765625,-0.048828125,-1.953125,-0.1220703125,-0.20751953125,-0.10986328125,-0.68359375,-0.244140625,-0.32958984375,0.40283203125,-0.89111328125,-0.048828125,-0.4150390625,-0.1220703125,-0.76904296875,-0.06103515625,-0.244140625,0.341796875,-0.732421875,-0.09765625,-0.3662109375,0.74462890625,0.5859375,-0.32958984375,1.1962890625,-0.30517578125,0.439453125,-0.0244140625,-0.20751953125,-0.18310546875,0.7080078125,0.2685546875,0.9033203125,0.37841796875,0.439453125,0.2197265625,0.78125,0,0.5126953125,-0.0732421875,4.40673828125,-0.18310546875,1.611328125,-0.03662109375,0.69580078125,-0.1708984375,0.7568359375,-0.390625,0.18310546875,0.30517578125,0.87890625,0.1708984375,-0.0244140625,0,1.28173828125,-0.06103515625,-0.64697265625,-0.06103515625,-0.37841796875,0.20751953125,-1.06201171875,-0.01220703125,-0.8056640625,-0.244140625,0.50048828125,-0.25634765625,3.79638671875,0.0244140625,2.05078125,-0.01220703125,1.6357421875,-0.23193359375,-0.7080078125,0.03662109375,-0.72021484375,-0.32958984375,-0.57373046875,-0.20751953125,-0.10986328125,0.1220703125,-1.0009765625,-0.28076171875,-1.8798828125,0.10986328125,-0.93994140625,-0.146484375,0.15869140625,-0.048828125,0.341796875,0.09765625,0.0244140625,-0.0732421875,-0.01220703125,0,0.15869140625,-0.048828125,-0.2197265625,-0.0244140625,0.7568359375,-0.10986328125,-0.537109375,-0.06103515625,-0.5615234375
1,-0.1220703125,-0.37841796875,0.06103515625,-0.3662109375,-0.1220703125,-0.45166015625,-0.0732421875,-0.0732421875,0.09765625,-0.06103515625,-0.13427734375,-0.87890625,-0.3173828125,1.0498046875,0.048828125,-0.15869140625,0.23193359375,-0.5859375,-0.18310546875,-0.13427734375,-0.1953125,0.89111328125,-0.23193359375,-0.6103515625,-0.15869140625,-0.8056640625,0.03662109375,-1.72119140625,-0.06103515625,0.03662109375,-0.08544921875,-0.4638671875,-0.2197265625,-0.390625,0.42724609375,-0.9033203125,-0.0732421875,-0.3662109375,-0.01220703125,-0.78125,-0.01220703125,-0.244140625,0.3662109375,-0.7080078125,-0.03662109375,-0.3662109375,0.7568359375,0.57373046875,-0.32958984375,1.2451171875,-0.3173828125,0.4150390625,-0.146484375,-0.1953125,-0.29296875,0.69580078125,0.23193359375,0.81787109375,0.3662109375,0.40283203125,0.341796875,0.6591796875,0.048828125,0.4150390625,-0.0732421875,4.47998046875,-0.09765625,1.611328125,-0.0244140625,0.72021484375,-0.13427734375,0.7568359375,-0.390625,0.1953125,0.3173828125,0.91552734375,0.13427734375,-0.0244140625,-0.03662109375,1.28173828125,-0.0732421875,-0.6591796875,-0.03662109375,-0.3662109375,0.20751953125,-1.06201171875,0.0244140625,-0.79345703125,-0.20751953125,0.45166015625,-0.244140625,3.7109375,-0.0244140625,1.9775390625,0.01220703125,1.52587890625,-0.28076171875,-0.68359375,0.10986328125,-0.732421875,-0.3662109375,-0.57373046875,-0.13427734375,-0.1220703125,0.15869140625,-0.9765625,-0.341796875,-1.85546875,0.0732421875,-0.72021484375,-0.13427734375,0.18310546875,-0.048828125,0.341796875,0.10986328125,0.01220703125,-0.08544921875,-0.01220703125,-0.01220703125,0.15869140625,-0.06103515625,-0.25634765625,-0.01220703125,0.78125,-0.13427734375,-0.537109375,-0.06103515625,-0.57373046875
1,-0.10986328125,-0.3662109375,0.048828125,-0.390625,-0.13427734375,-0.42724609375,-0.03662109375,-0.08544921875,0.13427734375,-0.0732421875,-0.13427734375,-0.87890625,-0.30517578125,1.0498046875,0.03662109375,-0.15869140625,0.23193359375,-0.59814453125,-0.15869140625,-0.13427734375,-0.30517578125,0.87890625,-0.20751953125,-0.59814453125,-0.0732421875,-0.5859375,0.08544921875,-1.416015625,-0.01220703125,0.28076171875,-0.0244140625,-0.25634765625,-0.1220703125,-0.42724609375,0.4150390625,-0.89111328125,-0.146484375,-0.35400390625,0.0732421875,-0.7568359375,-0.0244140625,-0.23193359375,0.390625,-0.72021484375,0,-0.35400390625,0.830078125,0.5859375,-0.29296875,1.3427734375,-0.32958984375,0.42724609375,-0.20751953125,-0.2197265625,-0.341796875,0.69580078125,0.1953125,0.7568359375,0.4150390625,0.390625,0.32958984375,0.52490234375,0.08544921875,0.29296875,-0.0732421875,4.6630859375,0.0244140625,1.6357421875,-0.0244140625,0.7568359375,-0.06103515625,0.76904296875,-0.37841796875,0.2197265625,0.341796875,0.9033203125,0.06103515625,-0.01220703125,-0.048828125,1.30615234375,-0.03662109375,-0.67138671875,-0.03662109375,-0.35400390625,0.20751953125,-1.06201171875,0.06103515625,-0.8056640625,-0.15869140625,0.32958984375,-0.1708984375,3.55224609375,-0.01220703125,1.86767578125,0.048828125,1.3671875,-0.2685546875,-0.67138671875,0.146484375,-0.732421875,-0.3662109375,-0.5615234375,-0.09765625,-0.10986328125,0.1953125,-0.9033203125,-0.3662109375,-1.77001953125,0.0244140625,-0.4150390625,-0.1220703125,0.244140625,-0.0732421875,0.35400390625,0.146484375,0.01220703125,-0.06103515625,0,-0.01220703125,0.1708984375,-0.0732421875,-0.30517578125,0.01220703125,0.7568359375,-0.13427734375,-0.50048828125,-0.09765625,-0.57373046875
1,-0.09765625,-0.37841796875,0.048828125,-0.37841796875,-0.15869140625,-0.42724609375,0,-0.09765625,0.1708984375,-0.06103515625,-0.146484375,-0.89111328125,-0.3173828125,1.06201171875,0.03662109375,-0.146484375,0.1708984375,-0.59814453125,-0.146484375,-0.13427734375,-0.29296875,0.87890625,-0.18310546875,-0.6103515625,-0.01220703125,-0.42724609375,0.146484375,-1.123046875,-0.03662109375,0.54931640625,0.03662109375,-0.048828125,-0.1708984375,-0.45166015625,0.40283203125,-0.87890625,-0.2197265625,-0.341796875,0.10986328125,-0.7568359375,-0.09765625,-0.20751953125,0.4150390625,-0.72021484375,0,-0.3662109375,0.89111328125,0.5859375,-0.244140625,1.4404296875,-0.30517578125,0.40283203125,-0.20751953125,-0.2197265625,-0.37841796875,0.69580078125,0.1708984375,0.732421875,0.48828125,0.40283203125,0.45166015625,0.45166015625,0.15869140625,0.2197265625,-0.048828125,4.78515625,0.09765625,1.611328125,-0.048828125,0.74462890625,0,0.7568359375,-0.30517578125,0.2197265625,0.3173828125,0.927734375,0.01220703125,-0.0244140625,-0.048828125,1.30615234375,0,-0.69580078125,-0.01220703125,-0.37841796875,0.1708984375,-1.03759765625,0.09765625,-0.81787109375,-0.06103515625,0.1953125,-0.13427734375,3.1982421875,-0.0244140625,1.69677734375,0.048828125,1.15966796875,-0.25634765625,-0.67138671875,0.13427734375,-0.732421875,-0.35400390625,-0.5615234375,-0.048828125,-0.10986328125,0.1953125,-0.78125,-0.30517578125,-1.66015625,-0.08544921875,-0.01220703125,-0.13427734375,0.3662109375,-0.08544921875,0.341796875,0.15869140625,-0.01220703125,-0.06103515625,-0.01220703125,0,0.15869140625,-0.06103515625,-0.30517578125,0,0.76904296875,-0.1220703125,-0.5126953125,-0.13427734375,-0.59814453125
1,-0.09765625,-0.3662109375,0.06103515625,-0.390625,-0.1708984375,-0.439453125,0.06103515625,-0.09765625,0.18310546875,-0.06103515625,-0.1708984375,-0.89111328125,-0.32958984375,1.06201171875,0.03662109375,-0.18310546875,0.08544921875,-0.5859375,-0.13427734375,-0.1220703125,-0.30517578125,0.89111328125,-0.1708984375,-0.6103515625,0.03662109375,-0.30517578125,0.1953125,-0.89111328125,-0.09765625,0.76904296875,0.08544921875,0.1220703125,-0.10986328125,-0.47607421875,0.47607421875,-0.86669921875,-0.25634765625,-0.3662109375,0.1220703125,-0.74462890625,-0.20751953125,-0.20751953125,0.37841796875,-0.69580078125,-0.03662109375,-0.37841796875,0.98876953125,0.5859375,-0.1708984375,1.5380859375,-0.2685546875,0.42724609375,-0.244140625,-0.20751953125,-0.45166015625,0.7080078125,0.09765625,0.69580078125,0.48828125,0.390625,0.4638671875,0.4150390625,0.23193359375,0.146484375,0.08544921875,4.736328125,0.1953125,1.5869140625,-0.0732421875,0.74462890625,0.03662109375,0.7080078125,-0.18310546875,0.23193359375,0.341796875,0.91552734375,-0.03662109375,-0.048828125,-0.0732421875,1.30615234375,0.06103515625,-0.72021484375,0.01220703125,-0.37841796875,0.13427734375,-1.025390625,0.09765625,-0.81787109375,-0.048828125,-0.0244140625,-0.09765625,2.7099609375,-0.0244140625,1.47705078125,0.03662109375,0.84228515625,-0.2685546875,-0.68359375,0.048828125,-0.732421875,-0.35400390625,-0.54931640625,-0.0244140625,-0.09765625,0.1708984375,-0.59814453125,-0.23193359375,-1.47705078125,0.0244140625,0.5126953125,-0.146484375,0.54931640625,-0.06103515625,0.341796875,0.13427734375,0.01220703125,-0.06103515625,-0.01220703125,0,0.18310546875,-0.0732421875,-0.29296875,-0.0244140625,0.7568359375,-0.09765625,-0.50048828125,-0.1708984375,-0.5859375
1,-0.09765625,-0.3662109375,0.048828125,-0.390625,-0.1953125,-0.4150390625,0.06103515625,-0.09765625,0.1953125,-0.048828125,-0.15869140625,-0.89111328125,-0.30517578125,1.06201171875,0.048828125,-0.18310546875,0.01220703125,-0.59814453125,-0.146484375,-0.09765625,-0.30517578125,0.87890625,-0.18310546875,-0.62255859375,0.0244140625,-0.23193359375,0.08544921875,-0.732421875,-0.1953125,0.89111328125,0.10986328125,0.2197265625,-0.1220703125,-0.4638671875,0.48828125,-0.84228515625,-0.29296875,-0.4150390625,0.09765625,-0.72021484375,-0.244140625,-0.1953125,0.32958984375,-0.68359375,-0.06103515625,-0.3662109375,1.03759765625,0.57373046875,-0.06103515625,1.6357421875,-0.244140625,0.42724609375,-0.2685546875,-0.20751953125,-0.5126953125,0.72021484375,0.048828125,0.72021484375,0.47607421875,0.42724609375,0.47607421875,0.3662109375,0.3173828125,0.146484375,0.09765625,4.43115234375,0.2685546875,1.50146484375,-0.09765625,0.732421875,0.08544921875,0.67138671875,-0.06103515625,0.2197265625,0.3662109375,0.9033203125,-0.10986328125,-0.0244140625,-0.03662109375,1.2939453125,0.09765625,-0.74462890625,0.01220703125,-0.4150390625,0.10986328125,-1.0009765625,0.08544921875,-0.830078125,-0.01220703125,-0.2685546875,-0.01220703125,2.06298828125,0.01220703125,1.171875,0.048828125,0.48828125,-0.25634765625,-0.69580078125,-0.0732421875,-0.74462890625,-0.28076171875,-0.54931640625,0.03662109375,-0.10986328125,0.18310546875,-0.37841796875,-0.1220703125,-1.25732421875,0.03662109375,1.08642578125,-0.1953125,0.76904296875,-0.0732421875,0.341796875,0.10986328125,-0.01220703125,-0.08544921875,0.01220703125,0.01220703125,0.18310546875,-0.048828125,-0.2685546875,-0.0732421875,0.76904296875,-0.09765625,-0.5126953125,-0.18310546875,-0.62255859375
1,-0.1220703125,-0.390625,0.10986328125,-0.390625,-0.1953125,-0.42724609375,0.048828125,-0.08544921875,0.18310546875,-0.048828125,-0.15869140625,-0.9033203125,-0.29296875,1.06201171875,0.048828125,-0.1708984375,-0.01220703125,-0.59814453125,-0.18310546875,-0.08544921875,-0.20751953125,0.9033203125,-0.1953125,-0.634765625,0.10986328125,-0.2197265625,0.08544921875,-0.69580078125,-0.2685546875,0.927734375,0.146484375,0.20751953125,-0.15869140625,-0.40283203125,0.48828125,-0.830078125,-0.3173828125,-0.42724609375,0.03662109375,-0.7080078125,-0.23193359375,-0.1708984375,0.2685546875,-0.6591796875,-0.09765625,-0.3662109375,1.08642578125,0.57373046875,0.03662109375,1.7333984375,-0.2197265625,0.45166015625,-0.28076171875,-0.1953125,-0.5615234375,0.7080078125,0.10986328125,0.7568359375,0.4638671875,0.439453125,0.54931640625,0.4150390625,0.390625,0.15869140625,0.13427734375,3.8818359375,0.30517578125,1.42822265625,-0.0732421875,0.6591796875,0.09765625,0.57373046875,0.0732421875,0.244140625,0.29296875,0.93994140625,-0.15869140625,-0.0244140625,-0.0244140625,1.2939453125,0.1220703125,-0.76904296875,0.0244140625,-0.40283203125,0.09765625,-1.0009765625,0.09765625,-0.830078125,0,-0.57373046875,0.0244140625,1.3427734375,0,0.830078125,0.06103515625,0.09765625,-0.244140625,-0.68359375,-0.20751953125,-0.7568359375,-0.23193359375,-0.5615234375,0.0732421875,-0.10986328125,0.146484375,-0.1708984375,-0.048828125,-1.03759765625,0.01220703125,1.64794921875,-0.23193359375,1.025390625,-0.08544921875,0.32958984375,0.09765625,-0.0244140625,-0.0732421875,0,0.0244140625,0.18310546875,-0.048828125,-0.2197265625,-0.10986328125,0.7568359375,-0.0732421875,-0.50048828125,-0.20751953125,-0.59814453125
1,-0.1220703125,-0.390625,0.13427734375,-0.3662109375,-0.18310546875,-0.45166015625,0.048828125,-0.09765625,0.1953125,-0.03662109375,-0.15869140625,-0.9033203125,-0.2685546875,1.06201171875,0.03662109375,-0.15869140625,-0.01220703125,-0.57373046875,-0.2197265625,-0.06103515625,-0.15869140625,0.87890625,-0.244140625,-0.62255859375,-0.01220703125,-0.28076171875,-0.06103515625,-0.76904296875,-0.42724609375,0.89111328125,0.048828125,0.15869140625,-0.048828125,-0.30517578125,0.5126953125,-0.830078125,-0.29296875,-0.40283203125,-0.03662109375,-0.7080078125,-0.244140625,-0.15869140625,0.15869140625,-0.67138671875,-0.09765625,-0.390625,1.06201171875,0.6103515625,0.18310546875,1.7822265625,-0.28076171875,0.47607421875,-0.23193359375,-0.2197265625,-0.5859375,0.732421875,0.146484375,0.76904296875,0.42724609375,0.45166015625,0.54931640625,0.439453125,0.4150390625,0.1708984375,0.1953125,3.0517578125,0.35400390625,1.2939453125,-0.06103515625,0.537109375,0.10986328125,0.45166015625,0.09765625,0.2197265625,0.23193359375,0.927734375,-0.18310546875,-0.03662109375,-0.0244140625,1.28173828125,0.146484375,-0.8056640625,0.06103515625,-0.40283203125,0.0732421875,-1.0009765625,0.03662109375,-0.81787109375,-0.01220703125,-0.830078125,0.0732421875,0.6591796875,0,0.537109375,0.1220703125,-0.23193359375,-0.2197265625,-0.68359375,-0.341796875,-0.732421875,-0.1708984375,-0.5615234375,0.10986328125,-0.08544921875,0.1708984375,0.06103515625,0.0244140625,-0.84228515625,0.1220703125,2.20947265625,-0.23193359375,1.2939453125,-0.06103515625,0.32958984375,0.08544921875,-0.01220703125,-0.0732421875,-0.01220703125,0.01220703125,0.1708984375,-0.03662109375,-0.15869140625,-0.1220703125,0.78125,-0.06103515625,-0.50048828125,-0.20751953125,-0.5859375
1,-0.1220703125,-0.40283203125,0.1708984375,-0.341796875,-0.20751953125,-0.42724609375,0,-0.09765625,0.1708984375,-0.048828125,-0.1220703125,-0.9033203125,-0.244140625,1.0498046875,0.01220703125,-0.15869140625,-0.01220703125,-0.5615234375,-0.244140625,-0.0732421875,-0.09765625,0.89111328125,-0.244140625,-0.5859375,-0.0732421875,-0.3662109375,-0.1220703125,-0.927734375,-0.45166015625,0.78125,0.03662109375,0.06103515625,-0.048828125,-0.2197265625,0.439453125,-0.830078125,-0.2685546875,-0.40283203125,-0.08544921875,-0.68359375,-0.244140625,-0.146484375,0.146484375,-0.6591796875,-0.10986328125,-0.3662109375,1.01318359375,0.634765625,0.29296875,1.81884765625,-0.28076171875,0.47607421875,-0.1708984375,-0.23193359375,-0.6103515625,0.7080078125,0.2197265625,0.76904296875,0.3662109375,0.439453125,0.52490234375,0.45166015625,0.40283203125,0.23193359375,0.1953125,2.0751953125,0.390625,1.15966796875,-0.03662109375,0.4150390625,0.08544921875,0.32958984375,0.10986328125,0.1953125,0.13427734375,0.9033203125,-0.18310546875,-0.03662109375,-0.0244140625,1.25732421875,0.146484375,-0.84228515625,0.0732421875,-0.4150390625,0.09765625,-1.01318359375,0.01220703125,-0.830078125,-0.03662109375,-1.025390625,0.08544921875,0.146484375,-0.01220703125,0.3173828125,0.1708984375,-0.4638671875,-0.15869140625,-0.69580078125,-0.4638671875,-0.732421875,-0.1220703125,-0.5859375,0.08544921875,-0.08544921875,0.1708984375,0.23193359375,0.09765625,-0.67138671875,0.13427734375,2.67333984375,-0.2197265625,1.513671875,-0.06103515625,0.32958984375,0.08544921875,-0.01220703125,-0.0732421875,0,0,0.1708984375,-0.0244140625,-0.10986328125,-0.13427734375,0.76904296875,-0.0732421875,-0.50048828125,-0.20751953125,-0.5859375
1,-0.10986328125,-0.37841796875,0.18310546875,-0.35400390625,-0.1953125,-0.42724609375,0,-0.08544921875,0.20751953125,-0.048828125,-0.08544921875,-0.89111328125,-0.2197265625,1.0498046875,-0.03662109375,-0.1708984375,0.01220703125,-0.54931640625,-0.2197265625,-0.0732421875,-0.01220703125,0.87890625,-0.1953125,-0.57373046875,-0.06103515625,-0.4638671875,-0.03662109375,-1.123046875,-0.4150390625,0.64697265625,0.048828125,-0.048828125,-0.10986328125,-0.13427734375,0.40283203125,-0.79345703125,-0.30517578125,-0.35400390625,-0.1220703125,-0.64697265625,-0.28076171875,-0.146484375,0.08544921875,-0.6591796875,-0.10986328125,-0.35400390625,0.927734375,0.634765625,0.3173828125,1.86767578125,-0.29296875,0.48828125,-0.01220703125,-0.244140625,-0.57373046875,0.7080078125,0.28076171875,0.78125,0.3662109375,0.42724609375,0.54931640625,0.47607421875,0.42724609375,0.2685546875,0.23193359375,1.07421875,0.4150390625,1.01318359375,0.0244140625,0.25634765625,0.0732421875,0.1708984375,0.146484375,0.1708984375,0.06103515625,0.86669921875,-0.1220703125,-0.03662109375,-0.03662109375,1.2451171875,0.1220703125,-0.8544921875,0.0732421875,-0.40283203125,0.08544921875,-1.01318359375,-0.03662109375,-0.81787109375,-0.0732421875,-1.08642578125,-0.01220703125,-0.048828125,-0.08544921875,0.23193359375,0.10986328125,-0.52490234375,-0.1220703125,-0.732421875,-0.47607421875,-0.72021484375,-0.08544921875,-0.59814453125,0.06103515625,-0.09765625,0.1953125,0.390625,0.1953125,-0.537109375,0.1220703125,2.99072265625,-0.2197265625,1.6845703125,-0.06103515625,0.35400390625,0.06103515625,0.01220703125,-0.0732421875,0,0,0.1708984375,-0.03662109375,-0.08544921875,-0.10986328125,0.78125,-0.0732421875,-0.50048828125,-0.1953125,-0.5615234375
1,-0.08544921875,-0.390625,0.1953125,-0.35400390625,-0.2197265625,-0.42724609375,-0.01220703125,-0.09765625,0.20751953125,-0.03662109375,-0.08544921875,-0.87890625,-0.1953125,1.06201171875,-0.048828125,-0.146484375,0,-0.57373046875,-0.2197265625,-0.09765625,-0.0244140625,0.86669921875,-0.13427734375,-0.5859375,-0.20751953125,-0.537109375,-0.10986328125,-1.28173828125,-0.390625,0.52490234375,-0.0732421875,-0.13427734375,-0.03662109375,-0.06103515625,0.35400390625,-0.78125,-0.244140625,-0.30517578125,-0.0732421875,-0.59814453125,-0.29296875,-0.1708984375,0.048828125,-0.67138671875,-0.08544921875,-0.3662109375,0.84228515625,0.634765625,0.341796875,1.89208984375,-0.29296875,0.4638671875,0.08544921875,-0.23193359375,-0.537109375,0.7080078125,0.29296875,0.76904296875,0.32958984375,0.4150390625,0.54931640625,0.45166015625,0.50048828125,0.28076171875,0.2685546875,0.23193359375,0.47607421875,0.9033203125,0.0732421875,0.146484375,0.03662109375,0.08544921875,0.13427734375,0.15869140625,0.01220703125,0.89111328125,-0.09765625,-0.01220703125,-0.0732421875,1.23291015625,0.08544921875,-0.8544921875,0.0732421875,-0.40283203125,0.09765625,-1.025390625,-0.10986328125,-0.81787109375,-0.08544921875,-0.9521484375,-0.03662109375,0.146484375,-0.146484375,0.3662109375,0.10986328125,-0.37841796875,-0.03662109375,-0.72021484375,-0.50048828125,-0.72021484375,-0.06103515625,-0.6103515625,0,-0.09765625,0.1953125,0.45166015625,0.244140625,-0.47607421875,0.13427734375,3.1982421875,-0.244140625,1.77001953125,-0.10986328125,0.32958984375,0.06103515625,0,-0.08544921875,0,-0.0244140625,0.146484375,-0.03662109375,-0.08544921875,-0.10986328125,0.79345703125,-0.0732421875,-0.47607421875,-0.1953125,-0.54931640625
1,-0.0732421875,-0.390625,0.18310546875,-0.3662109375,-0.23193359375,-0.42724609375,-0.01220703125,-0.09765625,0.2197265625,-0.048828125,-0.06103515625,-0.89111328125,-0.20751953125,1.06201171875,-0.06103515625,-0.13427734375,-0.0244140625,-0.5615234375,-0.1708984375,-0.09765625,-0.0244140625,0.87890625,-0.048828125,-0.59814453125,-0.29296875,-0.5126953125,-0.15869140625,-1.3916015625,-0.28076171875,0.48828125,-0.08544921875,-0.1220703125,-0.09765625,-0.01220703125,0.244140625,-0.74462890625,-0.2685546875,-0.25634765625,-0.13427734375,-0.537109375,-0.32958984375,-0.1708984375,0.0244140625,-0.67138671875,-0.08544921875,-0.3662109375,0.76904296875,0.6103515625,0.29296875,1.85546875,-0.29296875,0.439453125,0.18310546875,-0.23193359375,-0.52490234375,0.7080078125,0.28076171875,0.74462890625,0.30517578125,0.390625,0.54931640625,0.45166015625,0.50048828125,0.29296875,0.29296875,-0.30517578125,0.4150390625,0.87890625,0.1220703125,0.08544921875,-0.03662109375,0.03662109375,0.1708984375,0.15869140625,-0.03662109375,0.89111328125,-0.03662109375,-0.0244140625,-0.13427734375,1.26953125,0.03662109375,-0.8544921875,0.048828125,-0.390625,0.06103515625,-1.0498046875,-0.18310546875,-0.81787109375,-0.0732421875,-0.67138671875,-0.08544921875,0.78125,-0.2197265625,0.67138671875,0.08544921875,0.0244140625,-0.01220703125,-0.7080078125,-0.45166015625,-0.74462890625,-0.03662109375,-0.59814453125,-0.06103515625,-0.09765625,0.1708984375,0.4638671875,0.2197265625,-0.47607421875,0.0732421875,3.22265625,-0.28076171875,1.806640625,-0.08544921875,0.35400390625,0.0732421875,0.01220703125,-0.06103515625,0,-0.0244140625,0.146484375,-0.048828125,-0.0732421875,-0.1220703125,0.78125,-0.048828125,-0.45166015625,-0.1953125,-0.537109375
0,-0.06103515625,-0.40283203125,0.18310546875,-0.3662109375,-0.28076171875,-0.40283203125,0,-0.0732421875,0.2685546875,-0.048828125,-0.0732421875,-0.89111328125,-0.20751953125,1.08642578125,-0.08544921875,-0.146484375,-0.03662109375,-0.537109375,-0.10986328125,-0.09765625,0.01220703125,0.89111328125,0.06103515625,-0.5859375,-0.28076171875,-0.439453125,-0.048828125,-1.3916015625,-0.146484375,0.537109375,-0.13427734375,-0.048828125,-0.10986328125,0.03662109375,0.244140625,-0.68359375,-0.29296875,-0.2197265625,-0.1220703125,-0.47607421875,-0.32958984375,-0.18310546875,0.03662109375,-0.69580078125,-0.10986328125,-0.3662109375,0.69580078125,0.62255859375,0.2197265625,1.74560546875,-0.30517578125,0.439453125,0.2685546875,-0.1953125,-0.47607421875,0.69580078125,0.20751953125,0.7080078125,0.2685546875,0.40283203125,0.4638671875,0.390625,0.3662109375,0.29296875,0.341796875,-0.42724609375,0.341796875,0.87890625,0.1220703125,0.06103515625,-0.10986328125,0.06103515625,0.13427734375,0.15869140625,-0.09765625,0.89111328125,-0.01220703125,0,-0.146484375,1.26953125,0,-0.84228515625,0.01220703125,-0.40283203125,0.0244140625,-1.06201171875,-0.2197265625,-0.81787109375,-0.048828125,-0.2197265625,-0.18310546875,1.81884765625,-0.2685546875,1.1962890625,0.06103515625,0.62255859375,-0.06103515625,-0.7080078125,-0.35400390625,-0.732421875,-0.06103515625,-0.59814453125,-0.08544921875,-0.08544921875,0.15869140625,0.390625,0.15869140625,-0.537109375,0.13427734375,3.1005859375,-0.30517578125,1.7333984375,-0.09765625,0.341796875,0.06103515625,0.01220703125,-0.0732421875,0.01220703125,-0.03662109375,0.15869140625,-0.06103515625,-0.09765625,-0.1220703125,0.79345703125,-0.01220703125,-0.4638671875,-0.2197265625,-0.537109375
0,-0.048828125,-0.37841796875,0.1708984375,-0.40283203125,-0.32958984375,-0.390625,0.01220703125,-0.09765625,0.28076171875,-0.048828125,-0.0732421875,-0.91552734375,-0.18310546875,1.07421875,-0.10986328125,-0.146484375,-0.0244140625,-0.54931640625,-0.0244140625,-0.1220703125,-0.0244140625,0.89111328125,0.13427734375,-0.5859375,-0.29296875,-0.30517578125,-0.10986328125,-1.25732421875,-0.10986328125,0.7080078125,-0.1953125,0.09765625,-0.09765625,0.06103515625,0.244140625,-0.67138671875,-0.2685546875,-0.18310546875,-0.03662109375,-0.4150390625,-0.28076171875,-0.2197265625,0,-0.7080078125,-0.10986328125,-0.32958984375,0.67138671875,0.6103515625,0.15869140625,1.67236328125,-0.29296875,0.439453125,0.3173828125,-0.1708984375,-0.45166015625,0.7080078125,0.244140625,0.7080078125,0.30517578125,0.45166015625,0.390625,0.390625,0.40283203125,0.32958984375,0.42724609375,-0.09765625,0.28076171875,0.9765625,0.0732421875,0.13427734375,-0.15869140625,0.146484375,0.08544921875,0.1708984375,-0.13427734375,0.9033203125,0.06103515625,0,-0.1953125,1.28173828125,0,-0.830078125,-0.0244140625,-0.37841796875,-0.01220703125,-1.06201171875,-0.20751953125,-0.830078125,0,0.37841796875,-0.2197265625,3.173828125,-0.2685546875,1.89208984375,0.06103515625,1.37939453125,-0.10986328125,-0.7080078125,-0.2685546875,-0.72021484375,-0.1220703125,-0.5859375,-0.10986328125,-0.08544921875,0.15869140625,0.30517578125,0.048828125,-0.6103515625,0.06103515625,2.880859375,-0.28076171875,1.6357421875,-0.0732421875,0.3662109375,0.06103515625,0.0244140625,-0.0732421875,0.0244140625,-0.048828125,0.146484375,-0.0732421875,-0.146484375,-0.09765625,0.79345703125,0.01220703125,-0.45166015625,-0.20751953125,-0.54931640625
0,-0.03662109375,-0.40283203125,0.15869140625,-0.40283203125,-0.32958984375,-0.40283203125,0.01220703125,-0.09765625,0.30517578125,-0.0732421875,-0.0732421875,-0.9033203125,-0.1953125,1.07421875,-0.10986328125,-0.15869140625,-0.01220703125,-0.54931640625,0.0732421875,-0.10986328125,0,0.89111328125,0.18310546875,-0.59814453125,-0.15869140625,-0.10986328125,-0.048828125,-1.025390625,-0.048828125,0.9521484375,-0.13427734375,0.32958984375,-0.20751953125,0.10986328125,0.20751953125,-0.6103515625,-0.29296875,-0.13427734375,-0.01220703125,-0.3662109375,-0.244140625,-0.25634765625,-0.01220703125,-0.69580078125,-0.1708984375,-0.3173828125,0.64697265625,0.6103515625,0.06103515625,1.5625,-0.35400390625,0.45166015625,0.35400390625,-0.146484375,-0.4638671875,0.68359375,0.2197265625,0.732421875,0.25634765625,0.50048828125,0.35400390625,0.37841796875,0.20751953125,0.37841796875,0.45166015625,0.68359375,0.2197265625,1.08642578125,0.03662109375,0.2685546875,-0.20751953125,0.28076171875,0.0244140625,0.1953125,-0.18310546875,0.9033203125,0.10986328125,0,-0.20751953125,1.30615234375,0.01220703125,-0.830078125,-0.06103515625,-0.37841796875,0,-1.07421875,-0.13427734375,-0.8056640625,0.06103515625,1.0498046875,-0.20751953125,4.6875,-0.1953125,2.64892578125,0.08544921875,2.2705078125,-0.18310546875,-0.69580078125,-0.15869140625,-0.72021484375,-0.18310546875,-0.5859375,-0.08544921875,-0.08544921875,0.13427734375,0.18310546875,-0.0732421875,-0.72021484375,-0.0732421875,2.60009765625,-0.2685546875,1.50146484375,-0.0732421875,0.3662109375,0.03662109375,0.0244140625,-0.06103515625,0.03662109375,-0.06103515625,0.18310546875,-0.0732421875,-0.146484375,-0.10986328125,0.81787109375,0.0244140625,-0.4150390625,-0.20751953125,-0.54931640625
0,-0.03662109375,-0.40283203125,0.18310546875,-0.37841796875,-0.341796875,-0.42724609375,0,-0.09765625,0.28076171875,-0.0732421875,-0.06103515625,-0.91552734375,-0.18310546875,1.07421875,-0.10986328125,-0.146484375,0.01220703125,-0.5615234375,0.13427734375,-0.1220703125,0.0244140625,0.87890625,0.13427734375,-0.6103515625,-0.03662109375,0.1220703125,0,-0.72021484375,-0.0244140625,1.26953125,-0.0732421875,0.5859375,-0.28076171875,0.1220703125,0.20751953125,-0.57373046875,-0.28076171875,-0.10986328125,0.048828125,-0.29296875,-0.18310546875,-0.23193359375,-0.048828125,-0.7080078125,-0.2197265625,-0.3173828125,0.68359375,0.5859375,0.0244140625,1.4404296875,-0.35400390625,0.439453125,0.390625,-0.08544921875,-0.37841796875,0.68359375,0.15869140625,0.7568359375,0.244140625,0.54931640625,0.390625,0.40283203125,0.1708984375,0.42724609375,0.42724609375,1.85546875,0.15869140625,1.26953125,0.01220703125,0.4638671875,-0.2197265625,0.48828125,-0.048828125,0.20751953125,-0.2197265625,0.9033203125,0.13427734375,-0.01220703125,-0.15869140625,1.318359375,0.06103515625,-0.84228515625,-0.08544921875,-0.37841796875,0.048828125,-1.0498046875,-0.03662109375,-0.8056640625,0.0732421875,1.74560546875,-0.2685546875,6.23779296875,-0.15869140625,3.43017578125,0.09765625,3.08837890625,-0.2197265625,-0.68359375,-0.10986328125,-0.732421875,-0.244140625,-0.57373046875,-0.048828125,-0.08544921875,0.146484375,0.08544921875,-0.15869140625,-0.81787109375,-0.15869140625,2.294921875,-0.25634765625,1.33056640625,-0.09765625,0.37841796875,0.03662109375,0.01220703125,-0.06103515625,0.048828125,-0.06103515625,0.18310546875,-0.0732421875,-0.1953125,-0.09765625,0.81787109375,0.048828125,-0.439453125,-0.18310546875,-0.5615234375
0,-0.0244140625,-0.4150390625,0.15869140625,-0.35400390625,-0.341796875,-0.439453125,0,-0.08544921875,0.28076171875,-0.08544921875,-0.06103515625,-0.89111328125,-0.18310546875,1.07421875,-0.10986328125,-0.146484375,0.048828125,-0.5615234375,0.1220703125,-0.1220703125,-0.03662109375,0.87890625,0.048828125,-0.6103515625,0.048828125,0.3662109375,-0.06103515625,-0.40283203125,-0.01220703125,1.611328125,-0.01220703125,0.86669921875,-0.341796875,0.146484375,0.2197265625,-0.537109375,-0.25634765625,-0.08544921875,0.1708984375,-0.2685546875,-0.18310546875,-0.25634765625,-0.146484375,-0.69580078125,-0.2685546875,-0.3173828125,0.72021484375,0.6103515625,-0.0732421875,1.30615234375,-0.341796875,0.4638671875,0.439453125,-0.06103515625,-0.30517578125,0.69580078125,0.0732421875,0.830078125,0.2197265625,0.57373046875,0.30517578125,0.45166015625,0.048828125,0.4638671875,0.32958984375,3.25927734375,0.0732421875,1.45263671875,-0.06103515625,0.68359375,-0.2685546875,0.69580078125,-0.13427734375,0.23193359375,-0.20751953125,0.91552734375,0.15869140625,-0.0244140625,-0.1220703125,1.33056640625,0.10986328125,-0.8544921875,-0.10986328125,-0.390625,0.10986328125,-1.025390625,0.03662109375,-0.79345703125,0.0244140625,2.3681640625,-0.146484375,7.65380859375,-0.06103515625,4.08935546875,0.08544921875,3.857421875,-0.1953125,-0.67138671875,-0.03662109375,-0.74462890625,-0.28076171875,-0.5615234375,-0.01220703125,-0.0732421875,0.18310546875,-0.01220703125,-0.20751953125,-0.9033203125,-0.18310546875,2.05078125,-0.2685546875,1.220703125,-0.06103515625,0.3662109375,0,0.01220703125,-0.06103515625,0.048828125,-0.06103515625,0.18310546875,-0.08544921875,-0.18310546875,-0.10986328125,0.830078125,0.06103515625,-0.45166015625,-0.18310546875,-0.57373046875
0,-0.06103515625,-0.40283203125,0.1708984375,-0.3662109375,-0.341796875,-0.439453125,0,-0.09765625,0.25634765625,-0.0732421875,-0.0244140625,-0.89111328125,-0.18310546875,1.08642578125,-0.10986328125,-0.146484375,0.048828125,-0.5859375,0.09765625,-0.10986328125,-0.03662109375,0.87890625,-0.03662109375,-0.62255859375,0.1708984375,0.5615234375,-0.048828125,-0.1220703125,0,1.904296875,0.10986328125,1.0986328125,-0.30517578125,0.1708984375,0.2197265625,-0.50048828125,-0.244140625,-0.06103515625,0.2685546875,-0.23193359375,-0.15869140625,-0.244140625,-0.1708984375,-0.69580078125,-0.30517578125,-0.341796875,0.76904296875,0.634765625,-0.1220703125,1.20849609375,-0.3173828125,0.5126953125,0.47607421875,-0.0732421875,-0.23193359375,0.7080078125,-0.0244140625,0.9033203125,0.1953125,0.634765625,0.32958984375,0.5126953125,-0.01220703125,0.52490234375,0.4150390625,4.736328125,-0.048828125,1.66015625,-0.13427734375,0.91552734375,-0.28076171875,0.89111328125,-0.18310546875,0.244140625,-0.1708984375,0.91552734375,0.1708984375,-0.06103515625,-0.06103515625,1.33056640625,0.15869140625,-0.87890625,-0.09765625,-0.42724609375,0.2197265625,-1.01318359375,0.08544921875,-0.81787109375,0.03662109375,2.81982421875,-0.0244140625,8.72802734375,0.0732421875,4.638671875,0.08544921875,4.443359375,-0.1953125,-0.6591796875,0.01220703125,-0.732421875,-0.2685546875,-0.5615234375,0.0244140625,-0.09765625,0.1708984375,-0.09765625,-0.25634765625,-0.96435546875,-0.15869140625,1.8310546875,-0.3173828125,1.1474609375,-0.06103515625,0.390625,0.01220703125,0,-0.0732421875,0.03662109375,-0.06103515625,0.1953125,-0.09765625,-0.1953125,-0.1220703125,0.8056640625,0.048828125,-0.42724609375,-0.1708984375,-0.5859375
0,-0.048828125,-0.37841796875,0.18310546875,-0.3662109375,-0.32958984375,-0.439453125,-0.01220703125,-0.09765625,0.2685546875,-0.0732421875,-0.01220703125,-0.9033203125,-0.18310546875,1.08642578125,-0.13427734375,-0.15869140625,0.08544921875,-0.57373046875,0,-0.09765625,-0.09765625,0.87890625,-0.10986328125,-0.62255859375,0.20751953125,0.7080078125,-0.048828125,0.06103515625,0.03662109375,2.13623046875,0.15869140625,1.26953125,-0.23193359375,0.2197265625,0.20751953125,-0.48828125,-0.20751953125,-0.06103515625,0.28076171875,-0.2197265625,-0.1708984375,-0.20751953125,-0.244140625,-0.7080078125,-0.2685546875,-0.32958984375,0.74462890625,0.634765625,-0.1953125,1.171875,-0.30517578125,0.537109375,0.47607421875,-0.09765625,-0.1708984375,0.732421875,-0.0732421875,0.93994140625,0.1953125,0.67138671875,0.29296875,0.5859375,-0.0732421875,0.54931640625,0.35400390625,6.11572265625,-0.08544921875,1.84326171875,-0.18310546875,1.123046875,-0.20751953125,1.08642578125,-0.25634765625,0.23193359375,-0.1220703125,0.93994140625,0.146484375,-0.048828125,0.01220703125,1.30615234375,0.1708984375,-0.91552734375,-0.10986328125,-0.4150390625,0.35400390625,-1.01318359375,0.09765625,-0.79345703125,0.048828125,3.11279296875,-0.0244140625,9.3994140625,0.13427734375,4.931640625,0.048828125,4.79736328125,-0.1708984375,-0.6591796875,0.03662109375,-0.732421875,-0.23193359375,-0.54931640625,0.03662109375,-0.08544921875,0.1953125,-0.10986328125,-0.3173828125,-1.0009765625,-0.0732421875,1.69677734375,-0.3173828125,1.08642578125,-0.0732421875,0.390625,0.01220703125,-0.01220703125,-0.0732421875,0.0244140625,-0.08544921875,0.18310546875,-0.10986328125,-0.1708984375,-0.13427734375,0.81787109375,0.03662109375,-0.45166015625,-0.146484375,-0.5615234375
0,-0.048828125,-0.37841796875,0.20751953125,-0.3662109375,-0.30517578125,-0.439453125,-0.01220703125,-0.09765625,0.2685546875,-0.06103515625,0,-0.89111328125,-0.20751953125,1.08642578125,-0.13427734375,-0.1708984375,0.13427734375,-0.5859375,-0.0732421875,-0.08544921875,-0.18310546875,0.86669921875,-0.1708984375,-0.62255859375,0.2197265625,0.7568359375,-0.03662109375,0.146484375,0.0732421875,2.28271484375,0.18310546875,1.33056640625,-0.13427734375,0.20751953125,0.20751953125,-0.5126953125,-0.1708984375,-0.09765625,0.2685546875,-0.25634765625,-0.23193359375,-0.20751953125,-0.25634765625,-0.7080078125,-0.20751953125,-0.341796875,0.7080078125,0.64697265625,-0.25634765625,1.15966796875,-0.28076171875,0.537109375,0.47607421875,-0.146484375,-0.1708984375,0.72021484375,-0.09765625,0.927734375,0.18310546875,0.634765625,0.23193359375,0.634765625,-0.15869140625,0.48828125,0.2685546875,7.2998046875,-0.1708984375,1.98974609375,-0.244140625,1.2939453125,-0.1708984375,1.2451171875,-0.28076171875,0.2197265625,-0.09765625,0.91552734375,0.15869140625,-0.0732421875,0.09765625,1.2939453125,0.1708984375,-0.9521484375,-0.0732421875,-0.42724609375,0.47607421875,-1.0009765625,0.06103515625,-0.8056640625,0.0244140625,3.1982421875,-0.03662109375,9.58251953125,0.1708984375,5.029296875,0.03662109375,4.9072265625,-0.13427734375,-0.6591796875,0.0732421875,-0.732421875,-0.18310546875,-0.54931640625,0.048828125,-0.08544921875,0.25634765625,-0.10986328125,-0.3173828125,-1.0009765625,-0.01220703125,1.67236328125,-0.29296875,1.0986328125,-0.06103515625,0.3662109375,0.01220703125,-0.03662109375,-0.06103515625,0.0244140625,-0.08544921875,0.1708984375,-0.1220703125,-0.15869140625,-0.10986328125,0.84228515625,0.03662109375,-0.439453125,-0.18310546875,-0.54931640625
0,-0.09765625,-0.3662109375,0.2197265625,-0.390625,-0.25634765625,-0.45166015625,0.01220703125,-0.10986328125,0.244140625,-0.03662109375,0.0244140625,-0.9033203125,-0.2197265625,1.08642578125,-0.15869140625,-0.15869140625,0.18310546875,-0.5859375,-0.10986328125,-0.08544921875,-0.2197265625,0.8544921875,-0.1953125,-0.6103515625,0.15869140625,0.732421875,0.0244140625,0.0732421875,0.0732421875,2.28271484375,0.13427734375,1.33056640625,-0.0244140625,0.2197265625,0.244140625,-0.52490234375,-0.1953125,-0.08544921875,0.18310546875,-0.29296875,-0.244140625,-0.18310546875,-0.244140625,-0.72021484375,-0.13427734375,-0.3662109375,0.64697265625,0.6591796875,-0.28076171875,1.18408203125,-0.341796875,0.537109375,0.4150390625,-0.2197265625,-0.1708984375,0.72021484375,-0.10986328125,0.9033203125,0.1220703125,0.59814453125,0.3173828125,0.6103515625,-0.29296875,0.390625,0.28076171875,8.203125,-0.244140625,2.099609375,-0.2197265625,1.40380859375,-0.10986328125,1.3427734375,-0.3173828125,0.1953125,-0.06103515625,0.9033203125,0.18310546875,-0.0732421875,0.15869140625,1.25732421875,0.13427734375,-1.01318359375,-0.048828125,-0.42724609375,0.537109375,-0.96435546875,-0.01220703125,-0.81787109375,0.048828125,3.0517578125,-0.048828125,9.33837890625,0.2197265625,4.91943359375,0.048828125,4.74853515625,-0.146484375,-0.64697265625,0.0732421875,-0.72021484375,-0.10986328125,-0.5615234375,0.06103515625,-0.09765625,0.25634765625,-0.09765625,-0.32958984375,-0.9765625,0,1.72119140625,-0.25634765625,1.123046875,-0.06103515625,0.35400390625,0.0244140625,-0.048828125,-0.0732421875,0.01220703125,-0.08544921875,0.15869140625,-0.10986328125,-0.13427734375,-0.09765625,0.8544921875,0.01220703125,-0.45166015625,-0.15869140625,-0.54931640625
0,-0.09765625,-0.3662109375,0.20751953125,-0.37841796875,-0.244140625,-0.42724609375,0.01220703125,-0.10986328125,0.25634765625,-0.03662109375,0.03662109375,-0.89111328125,-0.23193359375,1.0986328125,-0.18310546875,-0.1708984375,0.1708984375,-0.5859375,-0.146484375,-0.08544921875,-0.244140625,0.8544921875,-0.1708984375,-0.59814453125,0.08544921875,0.64697265625,0.0244140625,-0.06103515625,0.048828125,2.18505859375,0.01220703125,1.2451171875,0.03662109375,0.1708984375,0.3173828125,-0.57373046875,-0.18310546875,-0.09765625,0.10986328125,-0.3173828125,-0.29296875,-0.146484375,-0.1953125,-0.7080078125,-0.09765625,-0.4150390625,0.62255859375,0.67138671875,-0.3173828125,1.220703125,-0.341796875,0.48828125,0.37841796875,-0.2685546875,-0.146484375,0.7080078125,-0.146484375,0.830078125,0.0732421875,0.537109375,0.4150390625,0.57373046875,-0.3662109375,0.30517578125,0.1953125,8.7646484375,-0.244140625,2.16064453125,-0.1953125,1.4404296875,-0.09765625,1.42822265625,-0.3662109375,0.1953125,-0.048828125,0.91552734375,0.1953125,-0.0732421875,0.23193359375,1.26953125,0.10986328125,-1.03759765625,-0.048828125,-0.4150390625,0.54931640625,-0.98876953125,-0.048828125,-0.8056640625,0.0732421875,2.7587890625,-0.08544921875,8.740234375,0.244140625,4.58984375,0.09765625,4.40673828125,-0.15869140625,-0.634765625,0.0732421875,-0.732421875,-0.03662109375,-0.5859375,0.01220703125,-0.10986328125,0.2197265625,-0.08544921875,-0.30517578125,-0.9521484375,0.01220703125,1.77001953125,-0.23193359375,1.171875,-0.10986328125,0.35400390625,0.048828125,-0.03662109375,-0.048828125,0.01220703125,-0.10986328125,0.15869140625,-0.146484375,-0.1220703125,-0.09765625,0.84228515625,-0.03662109375,-0.45166015625,-0.1708984375,-0.537109375
0,-0.08544921875,-0.3662109375,0.1708984375,-0.390625,-0.25634765625,-0.42724609375,0.03662109375,-0.08544921875,0.244140625,-0.048828125,0.06103515625,-0.87890625,-0.23193359375,1.08642578125,-0.18310546875,-0.1708984375,0.08544921875,-0.54931640625,-0.146484375,-0.0732421875,-0.3173828125,0.8544921875,-0.10986328125,-0.5859375,-0.048828125,0.50048828125,0.0244140625,-0.30517578125,0,2.03857421875,-0.09765625,1.08642578125,0.1708984375,0.13427734375,0.341796875,-0.62255859375,-0.2197265625,-0.1220703125,0.0732421875,-0.37841796875,-0.2685546875,-0.13427734375,-0.09765625,-0.7080078125,-0.06103515625,-0.390625,0.52490234375,0.6591796875,-0.35400390625,1.2451171875,-0.37841796875,0.47607421875,0.341796875,-0.3173828125,-0.146484375,0.7080078125,-0.13427734375,0.732421875,0.0732421875,0.4638671875,0.5126953125,0.537109375,-0.45166015625,0.1953125,0.13427734375,9.02099609375,-0.28076171875,2.18505859375,-0.13427734375,1.4404296875,-0.1220703125,1.4404296875,-0.35400390625,0.1953125,0.03662109375,0.87890625,0.25634765625,-0.0732421875,0.2685546875,1.28173828125,0.06103515625,-1.03759765625,-0.01220703125,-0.390625,0.5126953125,-0.98876953125,-0.08544921875,-0.8056640625,0.08544921875,2.34375,-0.10986328125,7.8857421875,0.25634765625,4.13818359375,0.1220703125,3.8818359375,-0.15869140625,-0.64697265625,0.03662109375,-0.72021484375,0.01220703125,-0.6103515625,-0.01220703125,-0.10986328125,0.13427734375,-0.06103515625,-0.244140625,-0.93994140625,0.0732421875,1.81884765625,-0.2685546875,1.1962890625,-0.15869140625,0.35400390625,0.0732421875,-0.06103515625,-0.06103515625,0,-0.1220703125,0.15869140625,-0.15869140625,-0.13427734375,-0.08544921875,0.86669921875,-0.06103515625,-0.4638671875,-0.20751953125,-0.537109375
0,-0.0732421875,-0.390625,0.15869140625,-0.390625,-0.28076171875,-0.4150390625,0.048828125,-0.09765625,0.244140625,-0.06103515625,0.0732421875,-0.89111328125,-0.244140625,1.08642578125,-0.18310546875,-0.15869140625,-0.0244140625,-0.537109375,-0.10986328125,-0.0732421875,-0.30517578125,0.84228515625,-0.03662109375,-0.59814453125,-0.15869140625,0.35400390625,-0.01220703125,-0.54931640625,-0.08544921875,1.84326171875,-0.146484375,0.91552734375,0.244140625,0.048828125,0.390625,-0.67138671875,-0.29296875,-0.146484375,0.08544921875,-0.439453125,-0.25634765625,-0.13427734375,-0.08544921875,-0.732421875,-0.10986328125,-0.40283203125,0.5126953125,0.64697265625,-0.390625,1.28173828125,-0.35400390625,0.45166015625,0.32958984375,-0.28076171875,-0.146484375,0.72021484375,-0.13427734375,0.64697265625,0.06103515625,0.42724609375,0.634765625,0.52490234375,-0.4150390625,0.09765625,0.048828125,8.935546875,-0.2685546875,2.18505859375,-0.06103515625,1.3916015625,-0.18310546875,1.42822265625,-0.32958984375,0.18310546875,0.09765625,0.86669921875,0.2685546875,-0.0244140625,0.25634765625,1.2939453125,0.0244140625,-1.0498046875,-0.01220703125,-0.37841796875,0.390625,-1.0009765625,-0.0732421875,-0.81787109375,0.10986328125,1.85546875,-0.18310546875,6.8603515625,0.2685546875,3.61328125,0.20751953125,3.30810546875,-0.146484375,-0.6591796875,0,-0.72021484375,0.048828125,-0.6103515625,-0.048828125,-0.10986328125,0.048828125,-0.08544921875,-0.15869140625,-0.93994140625,0.09765625,1.806640625,-0.29296875,1.1962890625,-0.1708984375,0.35400390625,0.09765625,-0.048828125,-0.06103515625,0,-0.1220703125,0.13427734375,-0.146484375,-0.10986328125,-0.048828125,0.87890625,-0.06103515625,-0.47607421875,-0.2197265625,-0.537109375
0,-0.06103515625,-0.3662109375,0.146484375,-0.37841796875,-0.28076171875,-0.4150390625,0.06103515625,-0.06103515625,0.25634765625,-0.06103515625,0.0732421875,-0.8544921875,-0.244140625,1.07421875,-0.18310546875,-0.13427734375,-0.13427734375,-0.537109375,-0.0732421875,-0.08544921875,-0.28076171875,0.84228515625,0,-0.59814453125,-0.30517578125,0.244140625,-0.03662109375,-0.78125,-0.2197265625,1.66015625,-0.20751953125,0.7568359375,0.18310546875,-0.01220703125,0.40283203125,-0.7080078125,-0.3173828125,-0.1708984375,0.048828125,-0.4638671875,-0.28076171875,-0.15869140625,-0.01220703125,-0.732421875,-0.18310546875,-0.4150390625,0.4638671875,0.64697265625,-0.4638671875,1.28173828125,-0.3173828125,0.4150390625,0.2685546875,-0.2685546875,-0.146484375,0.72021484375,-0.09765625,0.6103515625,0.0244140625,0.390625,0.68359375,0.5615234375,-0.50048828125,0.0732421875,-0.03662109375,8.60595703125,-0.28076171875,2.1484375,-0.01220703125,1.30615234375,-0.244140625,1.35498046875,-0.28076171875,0.18310546875,0.18310546875,0.8544921875,0.29296875,-0.0244140625,0.23193359375,1.28173828125,-0.01220703125,-1.03759765625,-0.0244140625,-0.35400390625,0.28076171875,-1.025390625,-0.0244140625,-0.830078125,0.10986328125,1.3671875,-0.1953125,5.87158203125,0.2685546875,3.06396484375,0.25634765625,2.685546875,-0.10986328125,-0.64697265625,-0.03662109375,-0.732421875,0.048828125,-0.6103515625,-0.06103515625,-0.10986328125,0,-0.146484375,-0.13427734375,-1.0009765625,0.1220703125,1.708984375,-0.35400390625,1.1474609375,-0.1953125,0.341796875,0.09765625,-0.06103515625,-0.0732421875,-0.0244140625,-0.13427734375,0.146484375,-0.1708984375,-0.146484375,-0.03662109375,0.87890625,-0.08544921875,-0.48828125,-0.2197265625,-0.537109375
1,-0.08544921875,-0.390625,0.15869140625,-0.3662109375,-0.29296875,-0.42724609375,0.06103515625,-0.06103515625,0.23193359375,-0.0732421875,0.06103515625,-0.8544921875,-0.23193359375,1.08642578125,-0.20751953125,-0.1220703125,-0.20751953125,-0.5126953125,-0.048828125,-0.08544921875,-0.2197265625,0.84228515625,0.0244140625,-0.5859375,-0.37841796875,0.13427734375,-0.048828125,-0.927734375,-0.32958984375,1.50146484375,-0.1708984375,0.64697265625,0.18310546875,-0.08544921875,0.42724609375,-0.72021484375,-0.341796875,-0.20751953125,0.0732421875,-0.47607421875,-0.2685546875,-0.1708984375,0.03662109375,-0.72021484375,-0.28076171875,-0.390625,0.439453125,0.64697265625,-0.52490234375,1.25732421875,-0.1953125,0.42724609375,0.20751953125,-0.25634765625,-0.13427734375,0.7080078125,-0.048828125,0.68359375,-0.0244140625,0.45166015625,0.62255859375,0.69580078125,-0.48828125,0.15869140625,-0.048828125,8.10546875,-0.244140625,2.06298828125,0.01220703125,1.1962890625,-0.2685546875,1.28173828125,-0.2685546875,0.1953125,0.20751953125,0.81787109375,0.28076171875,-0.01220703125,0.1953125,1.2939453125,0.01220703125,-0.98876953125,-0.048828125,-0.35400390625,0.1220703125,-1.03759765625,0,-0.8544921875,0.1220703125,0.9033203125,-0.20751953125,4.931640625,0.244140625,2.55126953125,0.244140625,2.1240234375,-0.0732421875,-0.67138671875,-0.0732421875,-0.72021484375,0,-0.62255859375,-0.048828125,-0.10986328125,-0.03662109375,-0.23193359375,-0.10986328125,-1.07421875,0.18310546875,1.52587890625,-0.30517578125,1.06201171875,-0.15869140625,0.341796875,0.08544921875,-0.03662109375,-0.06103515625,-0.06103515625,-0.1220703125,0.15869140625,-0.146484375,-0.146484375,-0.048828125,0.87890625,-0.06103515625,-0.50048828125,-0.20751953125,-0.537109375
1,-0.1220703125,-0.3662109375,0.13427734375,-0.37841796875,-0.30517578125,-0.42724609375,-0.01220703125,-0.0732421875,0.2197265625,-0.08544921875,0.0732421875,-0.87890625,-0.244140625,1.08642578125,-0.1708984375,-0.146484375,-0.18310546875,-0.537109375,0,-0.08544921875,-0.10986328125,0.87890625,0.01220703125,-0.5859375,-0.42724609375,0.08544921875,-0.13427734375,-0.9765625,-0.40283203125,1.416015625,-0.1220703125,0.57373046875,0.048828125,-0.15869140625,0.341796875,-0.72021484375,-0.35400390625,-0.20751953125,0.01220703125,-0.48828125,-0.30517578125,-0.18310546875,0.0244140625,-0.72021484375,-0.37841796875,-0.390625,0.45166015625,0.59814453125,-0.54931640625,1.20849609375,-0.10986328125,0.4150390625,0.08544921875,-0.2197265625,-0.15869140625,0.68359375,-0.048828125,0.84228515625,-0.13427734375,0.57373046875,0.64697265625,0.9521484375,-0.50048828125,0.37841796875,-0.09765625,7.470703125,-0.18310546875,1.96533203125,0.0244140625,1.07421875,-0.2685546875,1.171875,-0.28076171875,0.2197265625,0.2197265625,0.84228515625,0.25634765625,-0.01220703125,0.146484375,1.318359375,0.01220703125,-0.9521484375,-0.01220703125,-0.341796875,-0.01220703125,-1.06201171875,0.01220703125,-0.84228515625,0.08544921875,0.50048828125,-0.23193359375,4.13818359375,0.244140625,2.13623046875,0.20751953125,1.62353515625,-0.0732421875,-0.64697265625,-0.09765625,-0.72021484375,-0.0732421875,-0.59814453125,-0.048828125,-0.09765625,-0.0244140625,-0.341796875,-0.13427734375,-1.171875,0.15869140625,1.18408203125,-0.23193359375,0.9521484375,-0.1220703125,0.35400390625,0.06103515625,-0.0244140625,-0.06103515625,-0.06103515625,-0.13427734375,0.1708984375,-0.13427734375,-0.1953125,-0.06103515625,0.86669921875,-0.0732421875,-0.5126953125,-0.20751953125,-0.54931640625
1,-0.1220703125,-0.37841796875,0.15869140625,-0.35400390625,-0.30517578125,-0.4150390625,-0.01220703125,-0.06103515625,0.2197265625,-0.0732421875,0.08544921875,-0.89111328125,-0.2197265625,1.0986328125,-0.1953125,-0.146484375,-0.13427734375,-0.537109375,0.01220703125,-0.0732421875,-0.01220703125,0.86669921875,-0.0244140625,-0.6103515625,-0.3662109375,0.048828125,-0.08544921875,-0.93994140625,-0.390625,1.3671875,-0.048828125,0.537109375,-0.01220703125,-0.20751953125,0.25634765625,-0.7080078125,-0.341796875,-0.23193359375,0.0244140625,-0.47607421875,-0.29296875,-0.2197265625,0,-0.72021484375,-0.45166015625,-0.35400390625,0.4150390625,0.59814453125,-0.5859375,1.15966796875,-0.06103515625,0.45166015625,-0.0244140625,-0.1953125,-0.244140625,0.69580078125,-0.06103515625,1.13525390625,-0.1708984375,0.78125,0.67138671875,1.35498046875,-0.4638671875,0.68359375,-0.08544921875,6.689453125,-0.10986328125,1.81884765625,0.01220703125,0.9521484375,-0.20751953125,1.0498046875,-0.2685546875,0.244140625,0.2197265625,0.84228515625,0.2197265625,0,0.08544921875,1.33056640625,0.01220703125,-0.89111328125,0.0244140625,-0.35400390625,-0.09765625,-1.0498046875,-0.0244140625,-0.84228515625,0.01220703125,0.1953125,-0.1953125,3.50341796875,0.18310546875,1.77001953125,0.15869140625,1.220703125,-0.1220703125,-0.6591796875,-0.0732421875,-0.74462890625,-0.13427734375,-0.57373046875,-0.0732421875,-0.09765625,-0.01220703125,-0.50048828125,-0.18310546875,-1.318359375,0.0732421875,0.79345703125,-0.15869140625,0.76904296875,-0.1220703125,0.35400390625,0.03662109375,-0.01220703125,-0.0732421875,-0.08544921875,-0.15869140625,0.1708984375,-0.10986328125,-0.2197265625,-0.08544921875,0.79345703125,-0.06103515625,-0.5126953125,-0.20751953125,-0.5615234375
1,-0.1220703125,-0.37841796875,0.15869140625,-0.3662109375,-0.25634765625,-0.42724609375,-0.01220703125,-0.08544921875,0.1953125,-0.06103515625,0.08544921875,-0.9033203125,-0.2197265625,1.0986328125,-0.18310546875,-0.1708984375,-0.0244140625,-0.5615234375,0.0244140625,-0.09765625,0.03662109375,0.89111328125,-0.0732421875,-0.6103515625,-0.4150390625,0.06103515625,-0.23193359375,-0.8544921875,-0.45166015625,1.3671875,-0.0732421875,0.5615234375,-0.03662109375,-0.244140625,0.1953125,-0.72021484375,-0.25634765625,-0.23193359375,0.0732421875,-0.45166015625,-0.23193359375,-0.2197265625,-0.06103515625,-0.69580078125,-0.4638671875,-0.35400390625,0.40283203125,0.59814453125,-0.57373046875,1.0986328125,-0.03662109375,0.4638671875,-0.09765625,-0.1708984375,-0.32958984375,0.69580078125,-0.08544921875,1.52587890625,-0.146484375,1.025390625,0.76904296875,1.89208984375,-0.341796875,1.123046875,-0.08544921875,5.859375,0.01220703125,1.6845703125,0.01220703125,0.8056640625,-0.1708984375,0.91552734375,-0.32958984375,0.25634765625,0.23193359375,0.84228515625,0.15869140625,-0.01220703125,0.03662109375,1.33056640625,0,-0.830078125,0.06103515625,-0.3662109375,-0.13427734375,-1.0498046875,-0.0732421875,-0.830078125,-0.0732421875,-0.08544921875,-0.1708984375,2.978515625,0.1220703125,1.45263671875,0.08544921875,0.830078125,-0.146484375,-0.69580078125,-0.0244140625,-0.72021484375,-0.20751953125,-0.5859375,-0.048828125,-0.09765625,0.01220703125,-0.6591796875,-0.23193359375,-1.47705078125,0,0.3173828125,-0.13427734375,0.6103515625,-0.09765625,0.341796875,0.0244140625,-0.01220703125,-0.0732421875,-0.09765625,-0.13427734375,0.146484375,-0.09765625,-0.23193359375,-0.0732421875,0.79345703125,-0.06103515625,-0.5126953125,-0.23193359375,-0.57373046875
1,-0.146484375,-0.37841796875,0.18310546875,-0.3662109375,-0.23193359375,-0.42724609375,-0.048828125,-0.0732421875,0.20751953125,-0.0732421875,0.09765625,-0.9033203125,-0.1953125,1.0986328125,-0.1708984375,-0.18310546875,0.0732421875,-0.5615234375,0,-0.08544921875,0.08544921875,0.87890625,-0.10986328125,-0.62255859375,-0.341796875,0.09765625,-0.2197265625,-0.732421875,-0.341796875,1.3916015625,-0.03662109375,0.57373046875,-0.10986328125,-0.25634765625,0.09765625,-0.69580078125,-0.15869140625,-0.2685546875,0.0732421875,-0.439453125,-0.1220703125,-0.25634765625,-0.10986328125,-0.72021484375,-0.390625,-0.35400390625,0.390625,0.6103515625,-0.57373046875,1.0498046875,0.03662109375,0.48828125,-0.18310546875,-0.15869140625,-0.439453125,0.68359375,-0.1708984375,2.001953125,-0.13427734375,1.37939453125,0.74462890625,2.57568359375,-0.244140625,1.62353515625,-0.048828125,4.96826171875,0.09765625,1.5380859375,-0.01220703125,0.68359375,-0.10986328125,0.74462890625,-0.28076171875,0.25634765625,0.23193359375,0.86669921875,0.10986328125,-0.0244140625,-0.0244140625,1.33056640625,-0.03662109375,-0.7568359375,0.13427734375,-0.3662109375,-0.13427734375,-1.01318359375,-0.13427734375,-0.81787109375,-0.1220703125,-0.32958984375,-0.15869140625,2.5146484375,0.01220703125,1.171875,0.08544921875,0.50048828125,-0.18310546875,-0.69580078125,0.0244140625,-0.72021484375,-0.2685546875,-0.5615234375,-0.03662109375,-0.08544921875,0.08544921875,-0.81787109375,-0.3173828125,-1.611328125,0,-0.18310546875,-0.10986328125,0.439453125,-0.1220703125,0.341796875,0.01220703125,0,-0.0732421875,-0.08544921875,-0.10986328125,0.1708984375,-0.08544921875,-0.20751953125,-0.08544921875,0.76904296875,-0.03662109375,-0.47607421875,-0.23193359375,-0.5615234375
1,-0.18310546875,-0.37841796875,0.15869140625,-0.35400390625,-0.244140625,-0.439453125,-0.06103515625,-0.09765625,0.18310546875,-0.048828125,0.09765625,-0.91552734375,-0.1953125,1.11083984375,-0.18310546875,-0.1708984375,0.18310546875,-0.5615234375,-0.048828125,-0.06103515625,0.03662109375,0.86669921875,-0.09765625,-0.6103515625,-0.23193359375,0.09765625,-0.08544921875,-0.6103515625,-0.20751953125,1.40380859375,-0.03662109375,0.59814453125,-0.048828125,-0.2685546875,0.0732421875,-0.7080078125,-0.048828125,-0.28076171875,0.13427734375,-0.42724609375,-0.0244140625,-0.244140625,-0.146484375,-0.72021484375,-0.30517578125,-0.37841796875,0.3173828125,0.59814453125,-0.5615234375,1.03759765625,0.06103515625,0.5126953125,-0.20751953125,-0.1220703125,-0.50048828125,0.68359375,-0.1953125,2.50244140625,-0.08544921875,1.708984375,0.87890625,3.30810546875,-0.1220703125,2.16064453125,-0.03662109375,4.052734375,0.146484375,1.3671875,-0.03662109375,0.537109375,-0.048828125,0.57373046875,-0.20751953125,0.23193359375,0.2685546875,0.86669921875,0.03662109375,-0.048828125,0,1.318359375,-0.06103515625,-0.68359375,0.18310546875,-0.390625,-0.1220703125,-1.01318359375,-0.15869140625,-0.79345703125,-0.146484375,-0.5859375,-0.146484375,2.08740234375,-0.10986328125,0.9033203125,0.0732421875,0.1708984375,-0.2197265625,-0.7080078125,0.09765625,-0.74462890625,-0.29296875,-0.5615234375,0,-0.10986328125,0.10986328125,-0.93994140625,-0.341796875,-1.74560546875,0.01220703125,-0.62255859375,-0.10986328125,0.29296875,-0.1220703125,0.341796875,0.01220703125,0.01220703125,-0.0732421875,-0.09765625,-0.09765625,0.146484375,-0.08544921875,-0.1953125,-0.09765625,0.7568359375,-0.03662109375,-0.47607421875,-0.244140625,-0.5615234375
1,-0.20751953125,-0.390625,0.146484375,-0.35400390625,-0.18310546875,-0.439453125,-0.06103515625,-0.09765625,0.15869140625,-0.0244140625,0.08544921875,-0.927734375,-0.20751953125,1.08642578125,-0.1708984375,-0.1708984375,0.28076171875,-0.57373046875,-0.08544921875,-0.0732421875,-0.048828125,0.89111328125,-0.06103515625,-0.6103515625,-0.244140625,0.10986328125,-0.146484375,-0.54931640625,-0.15869140625,1.3671875,-0.1220703125,0.5859375,0.03662109375,-0.1953125,-0.048828125,-0.68359375,0.01220703125,-0.2685546875,0.20751953125,-0.42724609375,0.08544921875,-0.23193359375,-0.146484375,-0.69580078125,-0.1708984375,-0.390625,0.2685546875,0.62255859375,-0.5126953125,1.03759765625,0.08544921875,0.54931640625,-0.244140625,-0.15869140625,-0.5859375,0.7080078125,-0.30517578125,2.99072265625,-0.10986328125,2.03857421875,0.79345703125,4.06494140625,-0.08544921875,2.7099609375,-0.048828125,3.125,0.244140625,1.220703125,-0.06103515625,0.4150390625,0,0.45166015625,-0.1220703125,0.20751953125,0.244140625,0.8544921875,-0.048828125,-0.0732421875,0.0244140625,1.318359375,-0.10986328125,-0.6591796875,0.23193359375,-0.390625,-0.13427734375,-1.0009765625,-0.1953125,-0.81787109375,-0.13427734375,-0.830078125,-0.146484375,1.55029296875,-0.1708984375,0.5859375,0.1220703125,-0.1953125,-0.2197265625,-0.72021484375,0.1708984375,-0.7568359375,-0.3173828125,-0.5859375,0.06103515625,-0.13427734375,0.18310546875,-1.0498046875,-0.341796875,-1.84326171875,-0.0244140625,-0.9521484375,-0.1220703125,0.18310546875,-0.10986328125,0.3173828125,0,-0.01220703125,-0.06103515625,-0.09765625,-0.09765625,0.146484375,-0.10986328125,-0.15869140625,-0.10986328125,0.74462890625,-0.01220703125,-0.48828125,-0.23193359375,-0.54931640625
1,-0.20751953125,-0.390625,0.13427734375,-0.341796875,-0.15869140625,-0.45166015625,-0.06103515625,-0.09765625,0.20751953125,-0.0244140625,0.08544921875,-0.9033203125,-0.20751953125,1.08642578125,-0.18310546875,-0.146484375,0.35400390625,-0.54931640625,-0.13427734375,-0.0732421875,-0.0732421875,0.89111328125,-0.048828125,-0.59814453125,-0.09765625,0.048828125,0.0244140625,-0.52490234375,0,1.3427734375,-0.048828125,0.54931640625,0.06103515625,-0.1220703125,-0.146484375,-0.69580078125,0.048828125,-0.28076171875,0.20751953125,-0.45166015625,0.18310546875,-0.1953125,-0.15869140625,-0.69580078125,-0.0244140625,-0.40283203125,0.18310546875,0.634765625,-0.45166015625,1.07421875,0.08544921875,0.5859375,-0.28076171875,-0.15869140625,-0.634765625,0.7080078125,-0.32958984375,3.41796875,-0.15869140625,2.35595703125,0.79345703125,4.7607421875,-0.06103515625,3.1494140625,-0.03662109375,2.25830078125,0.28076171875,1.0986328125,-0.048828125,0.28076171875,0.03662109375,0.30517578125,-0.01220703125,0.2197265625,0.1708984375,0.87890625,-0.09765625,-0.08544921875,0.0244140625,1.28173828125,-0.10986328125,-0.6103515625,0.23193359375,-0.40283203125,-0.1220703125,-0.98876953125,-0.2197265625,-0.81787109375,-0.10986328125,-1.1474609375,-0.15869140625,0.98876953125,-0.20751953125,0.2197265625,0.13427734375,-0.59814453125,-0.2197265625,-0.72021484375,0.20751953125,-0.72021484375,-0.3173828125,-0.59814453125,0.0732421875,-0.13427734375,0.23193359375,-1.07421875,-0.35400390625,-1.904296875,-0.0244140625,-1.1474609375,-0.13427734375,0.146484375,-0.1220703125,0.30517578125,0,-0.01220703125,-0.08544921875,-0.0732421875,-0.09765625,0.13427734375,-0.09765625,-0.146484375,-0.10986328125,0.74462890625,0,-0.47607421875,-0.20751953125,-0.54931640625
1,-0.1953125,-0.390625,0.13427734375,-0.3662109375,-0.1708984375,-0.439453125,-0.0244140625,-0.09765625,0.1708984375,-0.0244140625,0.09765625,-0.9033203125,-0.20751953125,1.06201171875,-0.18310546875,-0.15869140625,0.35400390625,-0.537109375,-0.09765625,-0.0732421875,-0.18310546875,0.89111328125,-0.03662109375,-0.5859375,-0.03662109375,0.01220703125,0.08544921875,-0.57373046875,0.03662109375,1.23291015625,0,0.47607421875,0.03662109375,-0.0732421875,-0.20751953125,-0.68359375,0.06103515625,-0.25634765625,0.2685546875,-0.4638671875,0.10986328125,-0.1953125,-0.1708984375,-0.7080078125,0.13427734375,-0.40283203125,0.09765625,0.64697265625,-0.37841796875,1.123046875,0.048828125,0.5859375,-0.32958984375,-0.20751953125,-0.69580078125,0.7080078125,-0.3662109375,3.7353515625,-0.09765625,2.60009765625,0.8544921875,5.3466796875,-0.048828125,3.515625,-0.01220703125,1.50146484375,0.35400390625,0.98876953125,-0.03662109375,0.18310546875,0.048828125,0.15869140625,0.048828125,0.18310546875,0.10986328125,0.8544921875,-0.146484375,-0.0732421875,0.0732421875,1.28173828125,-0.08544921875,-0.57373046875,0.1953125,-0.37841796875,-0.13427734375,-0.9765625,-0.2197265625,-0.8056640625,-0.06103515625,-1.46484375,-0.1708984375,0.37841796875,-0.1708984375,-0.13427734375,0.08544921875,-1.01318359375,-0.18310546875,-0.72021484375,0.2197265625,-0.7568359375,-0.28076171875,-0.62255859375,0.06103515625,-0.10986328125,0.244140625,-1.0498046875,-0.3173828125,-1.91650390625,-0.09765625,-1.13525390625,-0.1708984375,0.1708984375,-0.10986328125,0.30517578125,0.01220703125,-0.0244140625,-0.0732421875,-0.08544921875,-0.08544921875,0.13427734375,-0.1220703125,-0.10986328125,-0.1220703125,0.732421875,0,-0.5126953125,-0.18310546875,-0.54931640625
1,-0.18310546875,-0.390625,0.09765625,-0.35400390625,-0.15869140625,-0.45166015625,0.01220703125,-0.09765625,0.18310546875,-0.06103515625,0.048828125,-0.9033203125,-0.1953125,1.08642578125,-0.1708984375,-0.1708984375,0.29296875,-0.537109375,-0.08544921875,-0.08544921875,-0.244140625,0.89111328125,0.01220703125,-0.59814453125,0.01220703125,-0.048828125,0.09765625,-0.67138671875,0.0732421875,1.13525390625,0.0244140625,0.40283203125,-0.0244140625,0.01220703125,-0.244140625,-0.68359375,0.01220703125,-0.244140625,0.30517578125,-0.47607421875,0.06103515625,-0.1953125,-0.1953125,-0.69580078125,0.2197265625,-0.4150390625,0.09765625,0.67138671875,-0.3173828125,1.171875,0.0732421875,0.57373046875,-0.40283203125,-0.1953125,-0.74462890625,0.72021484375,-0.35400390625,3.94287109375,-0.09765625,2.7587890625,0.830078125,5.7861328125,-0.0732421875,3.7109375,-0.0732421875,0.86669921875,0.37841796875,0.93994140625,0.0244140625,0.1220703125,0.0244140625,0.08544921875,0.06103515625,0.1708984375,0.06103515625,0.84228515625,-0.15869140625,-0.0732421875,0.09765625,1.2939453125,-0.01220703125,-0.537109375,0.1220703125,-0.390625,-0.13427734375,-0.98876953125,-0.1708984375,-0.8056640625,-0.0244140625,-1.806640625,-0.2197265625,-0.2685546875,-0.08544921875,-0.5126953125,0.03662109375,-1.4404296875,-0.18310546875,-0.72021484375,0.18310546875,-0.7568359375,-0.2685546875,-0.62255859375,0.06103515625,-0.1220703125,0.25634765625,-0.96435546875,-0.25634765625,-1.8798828125,-0.01220703125,-0.93994140625,-0.2197265625,0.2685546875,-0.08544921875,0.3173828125,0.01220703125,-0.01220703125,-0.0732421875,-0.06103515625,-0.10986328125,0.146484375,-0.1220703125,-0.08544921875,-0.1220703125,0.7568359375,0,-0.52490234375,-0.18310546875,-0.5615234375
1,-0.13427734375,-0.37841796875,0.06103515625,-0.37841796875,-0.18310546875,-0.45166015625,0.03662109375,-0.08544921875,0.18310546875,-0.048828125,0.048828125,-0.87890625,-0.20751953125,1.07421875,-0.18310546875,-0.146484375,0.20751953125,-0.54931640625,-0.06103515625,-0.09765625,-0.23193359375,0.86669921875,-0.0244140625,-0.5859375,-0.01220703125,-0.0732421875,0.03662109375,-0.7080078125,0,1.07421875,0.0244140625,0.37841796875,0,0.08544921875,-0.23193359375,-0.634765625,-0.0244140625,-0.23193359375,0.3173828125,-0.48828125,0,-0.18310546875,-0.2197265625,-0.7080078125,0.2197265625,-0.42724609375,0.0732421875,0.64697265625,-0.20751953125,1.220703125,0.06103515625,0.57373046875,-0.40283203125,-0.1953125,-0.67138671875,0.7080078125,-0.32958984375,4.00390625,-0.09765625,2.8076171875,0.830078125,5.99365234375,-0.048828125,3.77197265625,-0.048828125,0.35400390625,0.4150390625,0.9033203125,0.08544921875,0.06103515625,0.0244140625,0.03662109375,0.0732421875,0.1708984375,0.01220703125,0.830078125,-0.1220703125,-0.06103515625,0.09765625,1.28173828125,0.06103515625,-0.537109375,0.06103515625,-0.40283203125,-0.146484375,-1.0009765625,-0.1220703125,-0.81787109375,-0.0244140625,-2.1240234375,-0.30517578125,-0.84228515625,-0.0244140625,-0.86669921875,-0.048828125,-1.84326171875,-0.20751953125,-0.68359375,0.08544921875,-0.7568359375,-0.244140625,-0.634765625,0.048828125,-0.1220703125,0.23193359375,-0.830078125,-0.18310546875,-1.72119140625,0.08544921875,-0.52490234375,-0.25634765625,0.42724609375,-0.03662109375,0.30517578125,0,-0.0244140625,-0.0732421875,-0.08544921875,-0.09765625,0.15869140625,-0.1220703125,-0.08544921875,-0.1220703125,0.76904296875,0.01220703125,-0.537109375,-0.146484375,-0.57373046875
1,-0.1220703125,-0.3662109375,0.06103515625,-0.390625,-0.15869140625,-0.439453125,0.06103515625,-0.08544921875,0.18310546875,-0.06103515625,0.03662109375,-0.87890625,-0.1953125,1.0986328125,-0.18310546875,-0.146484375,0.1220703125,-0.537109375,-0.048828125,-0.08544921875,-0.20751953125,0.87890625,-0.03662109375,-0.5859375,0.03662109375,-0.048828125,0.01220703125,-0.76904296875,-0.03662109375,1.0986328125,0.10986328125,0.37841796875,0,0.1708984375,-0.2685546875,-0.6103515625,-0.09765625,-0.20751953125,0.29296875,-0.47607421875,-0.03662109375,-0.1953125,-0.29296875,-0.7080078125,0.146484375,-0.40283203125,0.048828125,0.634765625,-0.146484375,1.23291015625,0.03662109375,0.5615234375,-0.390625,-0.1708984375,-0.69580078125,0.72021484375,-0.25634765625,3.94287109375,-0.10986328125,2.79541015625,0.69580078125,6.005859375,-0.03662109375,3.7109375,-0.03662109375,0,0.439453125,0.9033203125,0.13427734375,0.06103515625,-0.06103515625,0.03662109375,0.0732421875,0.18310546875,-0.0244140625,0.8056640625,-0.06103515625,-0.0244140625,0.09765625,1.2939453125,0.13427734375,-0.537109375,-0.01220703125,-0.37841796875,-0.08544921875,-1.0009765625,-0.048828125,-0.8056640625,0.09765625,-2.35595703125,-0.30517578125,-1.35498046875,0.1220703125,-1.123046875,-0.09765625,-2.1484375,-0.1953125,-0.68359375,-0.01220703125,-0.7568359375,-0.1953125,-0.64697265625,0.048828125,-0.1220703125,0.1953125,-0.62255859375,-0.048828125,-1.55029296875,0.13427734375,0.03662109375,-0.28076171875,0.634765625,-0.01220703125,0.3173828125,-0.0244140625,-0.03662109375,-0.0732421875,-0.08544921875,-0.09765625,0.1708984375,-0.1220703125,-0.0732421875,-0.1220703125,0.7568359375,0.01220703125,-0.5615234375,-0.15869140625,-0.5859375
1,-0.1220703125,-0.3662109375,0.06103515625,-0.37841796875,-0.13427734375,-0.45166015625,0.0732421875,-0.0732421875,0.18310546875,-0.0732421875,0.03662109375,-0.87890625,-0.1708984375,1.07421875,-0.1953125,-0.146484375,0.03662109375,-0.537109375,-0.10986328125,-0.10986328125,-0.1220703125,0.86669921875,-0.0732421875,-0.5859375,0.0244140625,0,-0.01220703125,-0.732421875,-0.15869140625,1.171875,0.1220703125,0.4638671875,0.01220703125,0.20751953125,-0.30517578125,-0.5859375,-0.1708984375,-0.20751953125,0.23193359375,-0.42724609375,0.01220703125,-0.23193359375,-0.390625,-0.72021484375,0.06103515625,-0.40283203125,0.03662109375,0.634765625,-0.08544921875,1.2451171875,0.048828125,0.537109375,-0.32958984375,-0.18310546875,-0.732421875,0.69580078125,-0.1953125,3.7841796875,-0.15869140625,2.6611328125,0.52490234375,5.79833984375,-0.01220703125,3.4912109375,-0.0244140625,-0.2197265625,0.341796875,0.9033203125,0.146484375,0.048828125,-0.13427734375,0.03662109375,0.08544921875,0.18310546875,-0.08544921875,0.830078125,-0.01220703125,-0.0244140625,0.0732421875,1.28173828125,0.2197265625,-0.5615234375,-0.10986328125,-0.37841796875,-0.03662109375,-0.98876953125,0.0244140625,-0.81787109375,0.1708984375,-2.47802734375,-0.3173828125,-1.6357421875,0.23193359375,-1.28173828125,-0.1220703125,-2.33154296875,-0.1953125,-0.67138671875,-0.13427734375,-0.7568359375,-0.1708984375,-0.64697265625,0.06103515625,-0.1220703125,0.18310546875,-0.390625,0.0244140625,-1.33056640625,0.08544921875,0.7080078125,-0.2685546875,0.86669921875,0.0244140625,0.30517578125,-0.06103515625,-0.03662109375,-0.06103515625,-0.06103515625,-0.08544921875,0.15869140625,-0.10986328125,-0.10986328125,-0.1220703125,0.74462890625,0.0244140625,-0.5615234375,-0.18310546875,-0.5859375
1,-0.146484375,-0.37841796875,0.0732421875,-0.3662109375,-0.18310546875,-0.45166015625,0.048828125,-0.0732421875,0.1708984375,-0.08544921875,0.01220703125,-0.8544921875,-0.15869140625,1.08642578125,-0.244140625,-0.13427734375,-0.0244140625,-0.54931640625,-0.13427734375,-0.10986328125,-0.0244140625,0.86669921875,-0.13427734375,-0.59814453125,0.01220703125,0.10986328125,0.01220703125,-0.6591796875,-0.2685546875,1.318359375,0.13427734375,0.5859375,0.18310546875,0.25634765625,-0.341796875,-0.54931640625,-0.20751953125,-0.20751953125,0.18310546875,-0.40283203125,0.01220703125,-0.2685546875,-0.4638671875,-0.72021484375,-0.03662109375,-0.40283203125,0.01220703125,0.5859375,-0.08544921875,1.23291015625,0.06103515625,0.50048828125,-0.29296875,-0.15869140625,-0.69580078125,0.67138671875,-0.13427734375,3.564453125,-0.13427734375,2.50244140625,0.4150390625,5.46875,0.048828125,3.1982421875,0.06103515625,-0.32958984375,0.2685546875,0.9521484375,0.146484375,0.06103515625,-0.18310546875,0.0732421875,0.09765625,0.1953125,-0.1220703125,0.830078125,0.0244140625,-0.0244140625,0.06103515625,1.30615234375,0.28076171875,-0.62255859375,-0.146484375,-0.3662109375,0.0244140625,-1.01318359375,0.03662109375,-0.81787109375,0.244140625,-2.50244140625,-0.35400390625,-1.74560546875,0.25634765625,-1.33056640625,-0.1220703125,-2.3681640625,-0.13427734375,-0.67138671875,-0.25634765625,-0.7568359375,-0.15869140625,-0.62255859375,0.08544921875,-0.13427734375,0.13427734375,-0.10986328125,0.03662109375,-1.0498046875,0.1220703125,1.42822265625,-0.25634765625,1.0986328125,0.03662109375,0.29296875,-0.06103515625,-0.03662109375,-0.06103515625,-0.03662109375,-0.09765625,0.15869140625,-0.10986328125,-0.13427734375,-0.13427734375,0.7568359375,0.06103515625,-0.537109375,-0.20751953125,-0.634765625
0,-0.146484375,-0.3662109375,0.09765625,-0.3662109375,-0.13427734375,-0.45166015625,0.048828125,-0.0732421875,0.15869140625,-0.09765625,-0.01220703125,-0.86669921875,-0.146484375,1.08642578125,-0.25634765625,-0.09765625,-0.0244140625,-0.5615234375,-0.1708984375,-0.1220703125,0.0244140625,0.86669921875,-0.1708984375,-0.5859375,-0.0732421875,0.244140625,0,-0.54931640625,-0.32958984375,1.52587890625,0.09765625,0.76904296875,0.18310546875,0.2685546875,-0.3662109375,-0.5126953125,-0.2197265625,-0.1708984375,0.1220703125,-0.390625,0.01220703125,-0.2685546875,-0.48828125,-0.69580078125,-0.06103515625,-0.3662109375,-0.03662109375,0.5859375,-0.03662109375,1.2451171875,0.048828125,0.47607421875,-0.2197265625,-0.1953125,-0.64697265625,0.68359375,-0.09765625,3.2958984375,-0.15869140625,2.3193359375,0.35400390625,5.01708984375,0.0244140625,2.89306640625,0.10986328125,-0.341796875,0.1708984375,0.96435546875,0.146484375,0.09765625,-0.20751953125,0.1220703125,0.03662109375,0.20751953125,-0.146484375,0.81787109375,0.09765625,-0.01220703125,0,1.30615234375,0.2685546875,-0.68359375,-0.146484375,-0.37841796875,0.13427734375,-1.025390625,0.03662109375,-0.81787109375,0.2685546875,-2.40478515625,-0.40283203125,-1.62353515625,0.244140625,-1.25732421875,-0.1220703125,-2.2705078125,-0.06103515625,-0.6591796875,-0.32958984375,-0.74462890625,-0.15869140625,-0.62255859375,0.09765625,-0.1220703125,0.1220703125,0.1220703125,0.0732421875,-0.8056640625,0.1220703125,2.18505859375,-0.20751953125,1.3427734375,0.048828125,0.3173828125,-0.09765625,-0.03662109375,-0.0732421875,-0.03662109375,-0.09765625,0.1708984375,-0.09765625,-0.18310546875,-0.0732421875,0.74462890625,0.0732421875,-0.537109375,-0.20751953125,-0.64697265625
0,-0.1220703125,-0.37841796875,0.13427734375,-0.37841796875,-0.10986328125,-0.439453125,0.0244140625,-0.08544921875,0.1220703125,-0.09765625,0,-0.86669921875,-0.10986328125,1.08642578125,-0.25634765625,-0.1220703125,-0.0244140625,-0.5615234375,-0.15869140625,-0.13427734375,0.09765625,0.86669921875,-0.146484375,-0.5859375,-0.146484375,0.3662109375,-0.06103515625,-0.37841796875,-0.37841796875,1.7333984375,0.01220703125,0.93994140625,0.15869140625,0.244140625,-0.42724609375,-0.48828125,-0.28076171875,-0.15869140625,0.06103515625,-0.37841796875,0.0244140625,-0.29296875,-0.537109375,-0.7080078125,-0.09765625,-0.3662109375,-0.10986328125,0.59814453125,-0.09765625,1.2451171875,0.06103515625,0.439453125,-0.18310546875,-0.15869140625,-0.52490234375,0.68359375,-0.13427734375,3.02734375,-0.18310546875,2.13623046875,0.30517578125,4.541015625,-0.0732421875,2.587890625,0.1220703125,-0.30517578125,0.08544921875,0.98876953125,0.10986328125,0.13427734375,-0.2197265625,0.146484375,0,0.25634765625,-0.18310546875,0.81787109375,0.15869140625,-0.01220703125,-0.03662109375,1.2939453125,0.2685546875,-0.74462890625,-0.13427734375,-0.3662109375,0.2197265625,-1.0009765625,-0.01220703125,-0.830078125,0.28076171875,-2.24609375,-0.4150390625,-1.3427734375,0.15869140625,-1.07421875,-0.1220703125,-2.0751953125,-0.01220703125,-0.67138671875,-0.3662109375,-0.7568359375,-0.18310546875,-0.59814453125,0.10986328125,-0.15869140625,0.10986328125,0.32958984375,0.03662109375,-0.6103515625,0.048828125,2.81982421875,-0.15869140625,1.55029296875,0.0732421875,0.3173828125,-0.09765625,-0.0244140625,-0.06103515625,-0.0244140625,-0.1220703125,0.15869140625,-0.08544921875,-0.1953125,-0.0732421875,0.74462890625,0.0732421875,-0.48828125,-0.18310546875,-0.64697265625
0,-0.146484375,-0.3662109375,0.1220703125,-0.35400390625,-0.048828125,-0.42724609375,0.01220703125,-0.08544921875,0.06103515625,-0.06103515625,0.03662109375,-0.87890625,-0.1220703125,1.0986328125,-0.29296875,-0.146484375,0.0244140625,-0.57373046875,-0.146484375,-0.13427734375,0.13427734375,0.8544921875,-0.09765625,-0.5859375,-0.18310546875,0.47607421875,-0.01220703125,-0.28076171875,-0.30517578125,1.904296875,-0.01220703125,1.0498046875,0.20751953125,0.1708984375,-0.42724609375,-0.5126953125,-0.29296875,-0.18310546875,0.0244140625,-0.37841796875,0,-0.28076171875,-0.52490234375,-0.67138671875,-0.09765625,-0.390625,-0.20751953125,0.5859375,-0.08544921875,1.25732421875,0.09765625,0.40283203125,-0.09765625,-0.18310546875,-0.4638671875,0.68359375,-0.15869140625,2.8076171875,-0.1953125,1.96533203125,0.3662109375,4.0771484375,-0.13427734375,2.34375,0.10986328125,-0.244140625,0.0244140625,1.01318359375,0.0732421875,0.1953125,-0.29296875,0.18310546875,-0.03662109375,0.25634765625,-0.1708984375,0.830078125,0.1708984375,-0.03662109375,-0.01220703125,1.318359375,0.18310546875,-0.81787109375,-0.0732421875,-0.3662109375,0.30517578125,-1.0009765625,-0.09765625,-0.830078125,0.25634765625,-2.01416015625,-0.45166015625,-0.96435546875,0.03662109375,-0.81787109375,-0.09765625,-1.8310546875,0.0244140625,-0.6591796875,-0.3662109375,-0.7568359375,-0.18310546875,-0.57373046875,0.08544921875,-0.146484375,0.08544921875,0.5126953125,0.01220703125,-0.42724609375,0.1220703125,3.3447265625,-0.1220703125,1.74560546875,0.06103515625,0.341796875,-0.08544921875,-0.0244140625,-0.0732421875,-0.03662109375,-0.1220703125,0.146484375,-0.09765625,-0.23193359375,-0.06103515625,0.74462890625,0.09765625,-0.4638671875,-0.1953125,-0.634765625
0,-0.1708984375,-0.35400390625,0.09765625,-0.3662109375,-0.0244140625,-0.42724609375,-0.01220703125,-0.10986328125,0.03662109375,-0.048828125,0.03662109375,-0.91552734375,-0.09765625,1.11083984375,-0.28076171875,-0.146484375,0.0244140625,-0.57373046875,-0.10986328125,-0.13427734375,0.09765625,0.84228515625,0,-0.59814453125,-0.25634765625,0.5126953125,-0.01220703125,-0.23193359375,-0.244140625,1.9775390625,-0.0732421875,1.11083984375,0.25634765625,0.06103515625,-0.4638671875,-0.54931640625,-0.28076171875,-0.20751953125,0,-0.4150390625,-0.06103515625,-0.23193359375,-0.42724609375,-0.67138671875,-0.06103515625,-0.4150390625,-0.341796875,0.5859375,-0.15869140625,1.26953125,0.146484375,0.37841796875,-0.03662109375,-0.1953125,-0.40283203125,0.68359375,-0.1953125,2.63671875,-0.244140625,1.8310546875,0.3173828125,3.69873046875,-0.244140625,2.1484375,0.1220703125,-0.13427734375,-0.06103515625,1.03759765625,0.03662109375,0.2197265625,-0.29296875,0.20751953125,-0.1220703125,0.2685546875,-0.15869140625,0.830078125,0.1953125,-0.03662109375,0.0244140625,1.33056640625,0.0732421875,-0.89111328125,0,-0.37841796875,0.35400390625,-0.9765625,-0.15869140625,-0.830078125,0.2197265625,-1.79443359375,-0.40283203125,-0.57373046875,-0.048828125,-0.59814453125,-0.0732421875,-1.55029296875,0.03662109375,-0.6591796875,-0.341796875,-0.7568359375,-0.15869140625,-0.57373046875,0.06103515625,-0.146484375,0.048828125,0.67138671875,-0.03662109375,-0.30517578125,0.06103515625,3.69873046875,-0.09765625,1.8798828125,0.0732421875,0.32958984375,-0.048828125,-0.048828125,-0.0732421875,-0.0244140625,-0.146484375,0.13427734375,-0.0732421875,-0.23193359375,-0.0732421875,0.76904296875,0.0732421875,-0.4638671875,-0.1708984375,-0.6103515625
0,-0.1708984375,-0.341796875,0.0732421875,-0.3662109375,-0.048828125,-0.4150390625,-0.0244140625,-0.09765625,0.0244140625,-0.01220703125,0.03662109375,-0.927734375,-0.0732421875,1.0986328125,-0.3173828125,-0.15869140625,0.03662109375,-0.57373046875,-0.0244140625,-0.1220703125,0.10986328125,0.86669921875,0.1220703125,-0.6103515625,-0.28076171875,0.47607421875,-0.03662109375,-0.25634765625,-0.1708984375,1.953125,-0.1220703125,1.08642578125,0.35400390625,0,-0.52490234375,-0.59814453125,-0.28076171875,-0.244140625,-0.0244140625,-0.45166015625,-0.09765625,-0.23193359375,-0.4150390625,-0.67138671875,-0.048828125,-0.4150390625,-0.45166015625,0.5859375,-0.1953125,1.2939453125,0.146484375,0.37841796875,0.0244140625,-0.20751953125,-0.25634765625,0.68359375,-0.29296875,2.55126953125,-0.15869140625,1.7333984375,0.29296875,3.4423828125,-0.28076171875,2.06298828125,0.13427734375,-0.0732421875,-0.18310546875,1.01318359375,-0.03662109375,0.1953125,-0.2685546875,0.23193359375,-0.20751953125,0.2685546875,-0.1220703125,0.84228515625,0.18310546875,-0.048828125,0.09765625,1.318359375,0.01220703125,-0.9765625,0.06103515625,-0.37841796875,0.32958984375,-0.98876953125,-0.20751953125,-0.84228515625,0.18310546875,-1.611328125,-0.30517578125,-0.23193359375,-0.1220703125,-0.37841796875,-0.0244140625,-1.30615234375,0,-0.68359375,-0.29296875,-0.72021484375,-0.146484375,-0.57373046875,0.06103515625,-0.13427734375,0.03662109375,0.732421875,-0.15869140625,-0.244140625,0,3.8818359375,-0.0732421875,1.94091796875,0.048828125,0.341796875,-0.03662109375,-0.03662109375,-0.0732421875,-0.0244140625,-0.146484375,0.10986328125,-0.09765625,-0.2685546875,-0.0244140625,0.78125,0.08544921875,-0.45166015625,-0.13427734375,-0.5859375
0,-0.15869140625,-0.35400390625,0.08544921875,-0.3662109375,-0.048828125,-0.4150390625,-0.03662109375,-0.10986328125,0.03662109375,0,0.03662109375,-0.9521484375,-0.06103515625,1.0986328125,-0.30517578125,-0.146484375,0.03662109375,-0.5615234375,0.0732421875,-0.10986328125,0.10986328125,0.84228515625,0.23193359375,-0.5859375,-0.25634765625,0.3662109375,0.048828125,-0.32958984375,-0.08544921875,1.806640625,-0.1220703125,0.96435546875,0.390625,-0.0244140625,-0.47607421875,-0.6591796875,-0.2685546875,-0.28076171875,-0.08544921875,-0.54931640625,-0.146484375,-0.18310546875,-0.4150390625,-0.68359375,0.01220703125,-0.40283203125,-0.52490234375,0.5859375,-0.244140625,1.26953125,0.146484375,0.37841796875,0.13427734375,-0.20751953125,-0.18310546875,0.68359375,-0.35400390625,2.47802734375,-0.1953125,1.6845703125,0.3173828125,3.2958984375,-0.37841796875,2.05078125,0.146484375,-0.0244140625,-0.23193359375,1.01318359375,-0.09765625,0.1953125,-0.2197265625,0.23193359375,-0.29296875,0.2685546875,-0.1220703125,0.830078125,0.146484375,-0.06103515625,0.1953125,1.318359375,-0.06103515625,-1.025390625,0.10986328125,-0.390625,0.2685546875,-0.96435546875,-0.2197265625,-0.8544921875,0.10986328125,-1.47705078125,-0.29296875,-0.01220703125,-0.15869140625,-0.25634765625,0.01220703125,-1.15966796875,-0.048828125,-0.68359375,-0.23193359375,-0.72021484375,-0.1220703125,-0.59814453125,0.03662109375,-0.146484375,0,0.72021484375,-0.25634765625,-0.28076171875,-0.03662109375,3.84521484375,-0.0732421875,1.94091796875,0.06103515625,0.341796875,-0.03662109375,-0.048828125,-0.0732421875,-0.03662109375,-0.18310546875,0.10986328125,-0.10986328125,-0.244140625,0,0.76904296875,0.06103515625,-0.47607421875,-0.09765625,-0.57373046875
0,-0.146484375,-0.3662109375,0.06103515625,-0.3662109375,0,-0.4150390625,-0.03662109375,-0.10986328125,0.03662109375,0.01220703125,0.048828125,-0.93994140625,-0.03662109375,1.07421875,-0.30517578125,-0.13427734375,0.0732421875,-0.57373046875,0.15869140625,-0.08544921875,0.10986328125,0.81787109375,0.32958984375,-0.59814453125,-0.23193359375,0.2197265625,0.0732421875,-0.42724609375,-0.0732421875,1.611328125,-0.10986328125,0.78125,0.32958984375,-0.01220703125,-0.50048828125,-0.72021484375,-0.244140625,-0.3173828125,-0.0244140625,-0.5859375,-0.0732421875,-0.18310546875,-0.341796875,-0.68359375,0.01220703125,-0.4150390625,-0.5859375,0.59814453125,-0.30517578125,1.28173828125,0.1220703125,0.4150390625,0.20751953125,-0.20751953125,-0.10986328125,0.67138671875,-0.439453125,2.44140625,-0.20751953125,1.67236328125,0.37841796875,3.22265625,-0.50048828125,2.06298828125,0.20751953125,0.01220703125,-0.30517578125,0.98876953125,-0.10986328125,0.1708984375,-0.1953125,0.20751953125,-0.30517578125,0.244140625,-0.146484375,0.8544921875,0.146484375,-0.048828125,0.29296875,1.30615234375,-0.08544921875,-1.03759765625,0.1220703125,-0.40283203125,0.1953125,-0.96435546875,-0.2197265625,-0.830078125,0.08544921875,-1.45263671875,-0.1953125,0.0244140625,-0.1220703125,-0.2197265625,0.06103515625,-1.123046875,-0.09765625,-0.7080078125,-0.20751953125,-0.7080078125,-0.10986328125,-0.6103515625,0.0732421875,-0.13427734375,0.0244140625,0.634765625,-0.341796875,-0.35400390625,-0.0732421875,3.67431640625,-0.0732421875,1.85546875,0.06103515625,0.32958984375,-0.0244140625,-0.0244140625,-0.0732421875,-0.048828125,-0.1953125,0.10986328125,-0.146484375,-0.20751953125,-0.01220703125,0.76904296875,0.0244140625,-0.48828125,-0.08544921875,-0.54931640625
0,-0.13427734375,-0.37841796875,0.03662109375,-0.3662109375,0,-0.439453125,-0.0244140625,-0.08544921875,0.03662109375,0.01220703125,0.0244140625,-0.927734375,-0.0732421875,1.06201171875,-0.28076171875,-0.08544921875,0.0732421875,-0.5615234375,0.2197265625,-0.09765625,0.1220703125,0.84228515625,0.35400390625,-0.59814453125,-0.08544921875,0.09765625,0.1220703125,-0.50048828125,-0.03662109375,1.4404296875,-0.0244140625,0.64697265625,0.29296875,0.146484375,-0.439453125,-0.72021484375,-0.20751953125,-0.32958984375,0.08544921875,-0.634765625,-0.048828125,-0.18310546875,-0.35400390625,-0.69580078125,0.01220703125,-0.37841796875,-0.634765625,0.6103515625,-0.3662109375,1.2451171875,0.13427734375,0.4150390625,0.28076171875,-0.18310546875,-0.06103515625,0.69580078125,-0.52490234375,2.42919921875,-0.23193359375,1.62353515625,0.35400390625,3.22265625,-0.64697265625,2.0751953125,0.15869140625,0.048828125,-0.35400390625,0.9765625,-0.10986328125,0.10986328125,-0.1708984375,0.18310546875,-0.32958984375,0.23193359375,-0.1708984375,0.830078125,0.15869140625,-0.06103515625,0.341796875,1.30615234375,-0.0732421875,-1.03759765625,0.10986328125,-0.390625,0.1220703125,-0.98876953125,-0.18310546875,-0.84228515625,0.03662109375,-1.52587890625,-0.1708984375,-0.06103515625,-0.0732421875,-0.2685546875,0.0244140625,-1.171875,-0.1220703125,-0.72021484375,-0.13427734375,-0.7080078125,-0.10986328125,-0.634765625,0.048828125,-0.13427734375,0.048828125,0.5126953125,-0.40283203125,-0.48828125,-0.09765625,3.33251953125,-0.09765625,1.7578125,0.06103515625,0.3173828125,-0.0244140625,0,-0.06103515625,-0.03662109375,-0.1953125,0.10986328125,-0.13427734375,-0.1953125,-0.01220703125,0.76904296875,0.01220703125,-0.50048828125,-0.06103515625,-0.54931640625
0,-0.10986328125,-0.37841796875,0,-0.3662109375,0.03662109375,-0.4150390625,-0.01220703125,-0.06103515625,0.0244140625,0.01220703125,0.0244140625,-0.89111328125,-0.08544921875,1.06201171875,-0.244140625,-0.048828125,0.09765625,-0.5859375,0.244140625,-0.10986328125,0.146484375,0.8544921875,0.29296875,-0.59814453125,0.03662109375,0.01220703125,0.09765625,-0.45166015625,-0.01220703125,1.30615234375,0.048828125,0.5615234375,0.20751953125,0.40283203125,-0.3662109375,-0.69580078125,-0.15869140625,-0.25634765625,0.1220703125,-0.5859375,0.048828125,-0.1953125,-0.32958984375,-0.7080078125,0,-0.3662109375,-0.5859375,0.59814453125,-0.439453125,1.20849609375,0.15869140625,0.45166015625,0.28076171875,-0.13427734375,-0.048828125,0.72021484375,-0.5859375,2.392578125,-0.3173828125,1.59912109375,0.37841796875,3.1982421875,-0.69580078125,2.06298828125,0.1220703125,0.048828125,-0.35400390625,0.9765625,-0.048828125,0.08544921875,-0.18310546875,0.146484375,-0.35400390625,0.20751953125,-0.15869140625,0.81787109375,0.2197265625,-0.048828125,0.390625,1.2939453125,-0.01220703125,-1.01318359375,0.08544921875,-0.4150390625,0.03662109375,-1.0009765625,-0.13427734375,-0.8544921875,-0.048828125,-1.6357421875,-0.18310546875,-0.2685546875,0.0244140625,-0.390625,-0.01220703125,-1.28173828125,-0.1220703125,-0.74462890625,-0.06103515625,-0.72021484375,-0.06103515625,-0.64697265625,0.06103515625,-0.13427734375,0.06103515625,0.3173828125,-0.40283203125,-0.6591796875,-0.09765625,2.8564453125,-0.15869140625,1.5869140625,0.08544921875,0.341796875,-0.03662109375,-0.01220703125,-0.0732421875,-0.06103515625,-0.18310546875,0.1220703125,-0.13427734375,-0.18310546875,0,0.78125,0,-0.5126953125,-0.06103515625,-0.54931640625
0,-0.10986328125,-0.390625,-0.0244140625,-0.341796875,0.06103515625,-0.4150390625,-0.0244140625,-0.06103515625,-0.01220703125,-0.01220703125,0,-0.89111328125,-0.0732421875,1.07421875,-0.23193359375,-0.03662109375,0.09765625,-0.5615234375,0.244140625,-0.08544921875,0.10986328125,0.8544921875,0.18310546875,-0.59814453125,0.20751953125,0.0732421875,0.048828125,-0.25634765625,0.0244140625,1.30615234375,0.13427734375,0.634765625,0.08544921875,0.830078125,-0.3173828125,-0.5859375,-0.1220703125,-0.15869140625,0.18310546875,-0.47607421875,0.13427734375,-0.2197265625,-0.32958984375,-0.69580078125,0.01220703125,-0.35400390625,-0.54931640625,0.59814453125,-0.48828125,1.20849609375,0.10986328125,0.4638671875,0.28076171875,-0.08544921875,-0.0244140625,0.68359375,-0.62255859375,2.3193359375,-0.2685546875,1.5380859375,0.390625,3.1005859375,-0.68359375,1.9775390625,0.06103515625,0.048828125,-0.3662109375,0.9521484375,-0.0244140625,0.06103515625,-0.20751953125,0.13427734375,-0.35400390625,0.20751953125,-0.13427734375,0.81787109375,0.244140625,-0.048828125,0.390625,1.30615234375,0.01220703125,-1.01318359375,0.0732421875,-0.40283203125,-0.048828125,-1.0009765625,-0.09765625,-0.8544921875,0.048828125,-1.7578125,-0.0732421875,-0.52490234375,0.23193359375,-0.537109375,-0.0244140625,-1.4404296875,-0.09765625,-0.74462890625,0.0244140625,-0.7080078125,-0.048828125,-0.634765625,0.0732421875,-0.13427734375,0.1220703125,0.1220703125,-0.35400390625,-0.84228515625,-0.09765625,2.35595703125,-0.1708984375,1.3916015625,0.09765625,0.3173828125,-0.048828125,-0.01220703125,-0.0732421875,-0.048828125,-0.18310546875,0.13427734375,-0.15869140625,-0.13427734375,-0.01220703125,0.78125,0.01220703125,-0.5126953125,-0.0244140625,-0.5615234375
0,-0.13427734375,-0.390625,-0.0244140625,-0.35400390625,0.09765625,-0.42724609375,-0.0244140625,-0.06103515625,-0.0244140625,-0.0244140625,0.0244140625,-0.86669921875,-0.0732421875,1.08642578125,-0.25634765625,-0.03662109375,0.1220703125,-0.5615234375,0.18310546875,-0.10986328125,0.146484375,0.8544921875,0.09765625,-0.59814453125,0.25634765625,0.29296875,-0.01220703125,0.2197265625,0.06103515625,1.5380859375,0.15869140625,0.8544921875,0.15869140625,1.4404296875,-0.23193359375,-0.4150390625,-0.0732421875,0.01220703125,0.23193359375,-0.2685546875,0.18310546875,-0.25634765625,-0.48828125,-0.68359375,0,-0.341796875,-0.48828125,0.5859375,-0.5126953125,1.18408203125,0.01220703125,0.47607421875,0.25634765625,-0.048828125,0.0244140625,0.69580078125,-0.6591796875,2.18505859375,-0.2685546875,1.42822265625,0.47607421875,2.9052734375,-0.72021484375,1.84326171875,-0.0244140625,0.0732421875,-0.390625,0.98876953125,0.01220703125,0.06103515625,-0.29296875,0.1220703125,-0.35400390625,0.1708984375,-0.06103515625,0.830078125,0.2685546875,-0.0244140625,0.35400390625,1.2939453125,0.08544921875,-0.9765625,0.048828125,-0.390625,-0.09765625,-1.0009765625,-0.08544921875,-0.8544921875,0.08544921875,-1.8798828125,-0.06103515625,-0.7568359375,0.29296875,-0.634765625,-0.10986328125,-1.5380859375,-0.09765625,-0.74462890625,0.0732421875,-0.732421875,-0.0244140625,-0.64697265625,0.08544921875,-0.13427734375,0.146484375,-0.10986328125,-0.29296875,-1.0009765625,-0.13427734375,1.84326171875,-0.1708984375,1.171875,0.13427734375,0.3173828125,-0.0732421875,0,-0.048828125,-0.0244140625,-0.1708984375,0.13427734375,-0.146484375,-0.09765625,-0.0244140625,0.76904296875,0.03662109375,-0.5126953125,-0.03662109375,-0.5859375
0,-0.146484375,-0.390625,0,-0.3662109375,0.146484375,-0.45166015625,-0.03662109375,-0.06103515625,-0.0244140625,-0.048828125,0.01220703125,-0.8544921875,-0.10986328125,1.0986328125,-0.244140625,-0.048828125,0.15869140625,-0.54931640625,0.1220703125,-0.1220703125,0.08544921875,0.8544921875,0.01220703125,-0.59814453125,0.28076171875,0.69580078125,0,0.93994140625,0.1220703125,2.01416015625,0.1708984375,1.318359375,0.1220703125,2.2216796875,-0.18310546875,-0.1708984375,-0.0244140625,0.23193359375,0.23193359375,0.03662109375,0.18310546875,-0.2685546875,-0.537109375,-0.68359375,0,-0.341796875,-0.45166015625,0.5859375,-0.5615234375,1.15966796875,-0.03662109375,0.48828125,0.2197265625,-0.01220703125,0.0244140625,0.69580078125,-0.634765625,1.9775390625,-0.2685546875,1.26953125,0.537109375,2.57568359375,-0.76904296875,1.59912109375,-0.048828125,0.0732421875,-0.341796875,1.0009765625,0.09765625,0.0732421875,-0.30517578125,0.10986328125,-0.30517578125,0.15869140625,-0.01220703125,0.84228515625,0.29296875,-0.0244140625,0.3173828125,1.30615234375,0.1220703125,-0.96435546875,0.03662109375,-0.3662109375,-0.146484375,-1.0009765625,-0.10986328125,-0.830078125,0.08544921875,-1.89208984375,-0.13427734375,-0.9033203125,0.3173828125,-0.68359375,-0.146484375,-1.62353515625,-0.09765625,-0.72021484375,0.13427734375,-0.74462890625,0,-0.634765625,0.1220703125,-0.1220703125,0.1953125,-0.3173828125,-0.2197265625,-1.18408203125,-0.15869140625,1.318359375,-0.15869140625,0.9765625,0.1220703125,0.32958984375,-0.08544921875,0,-0.06103515625,-0.0244140625,-0.18310546875,0.146484375,-0.18310546875,-0.048828125,-0.0244140625,0.78125,0.048828125,-0.52490234375,-0.06103515625,-0.59814453125
0,-0.146484375,-0.40283203125,-0.01220703125,-0.3662109375,0.23193359375,-0.439453125,-0.048828125,-0.08544921875,-0.03662109375,-0.048828125,0.01220703125,-0.84228515625,-0.146484375,1.0986328125,-0.23193359375,-0.0732421875,0.15869140625,-0.57373046875,0.048828125,-0.13427734375,0.03662109375,0.86669921875,-0.0244140625,-0.5859375,0.32958984375,1.25732421875,-0.01220703125,1.86767578125,0.2197265625,2.734375,0.1708984375,1.953125,0.20751953125,3.13720703125,-0.1708984375,0.10986328125,-0.0244140625,0.47607421875,0.18310546875,0.390625,0.2197265625,-0.28076171875,-0.5615234375,-0.6591796875,0.03662109375,-0.341796875,-0.48828125,0.5615234375,-0.59814453125,1.15966796875,-0.0732421875,0.47607421875,0.1953125,0,0.01220703125,0.6591796875,-0.5859375,1.72119140625,-0.25634765625,1.0986328125,0.5615234375,2.1484375,-0.7568359375,1.318359375,-0.08544921875,0.08544921875,-0.32958984375,1.0009765625,0.1220703125,0.10986328125,-0.341796875,0.13427734375,-0.28076171875,0.1708984375,0.03662109375,0.84228515625,0.29296875,-0.0244140625,0.25634765625,1.2939453125,0.15869140625,-0.93994140625,0.01220703125,-0.390625,-0.13427734375,-1.0009765625,-0.15869140625,-0.830078125,0.28076171875,-1.85546875,-0.08544921875,-0.93994140625,0.4150390625,-0.68359375,-0.0732421875,-1.57470703125,-0.0732421875,-0.72021484375,0.15869140625,-0.74462890625,0.01220703125,-0.634765625,0.146484375,-0.1220703125,0.18310546875,-0.48828125,-0.146484375,-1.35498046875,-0.1953125,0.830078125,-0.146484375,0.78125,0.10986328125,0.32958984375,-0.09765625,-0.0244140625,-0.0732421875,0,-0.15869140625,0.146484375,-0.18310546875,0.01220703125,-0.03662109375,0.8056640625,0.048828125,-0.47607421875,-0.0244140625,-0.59814453125
1,-0.13427734375,-0.390625,-0.01220703125,-0.3662109375,0.30517578125,-0.45166015625,-0.06103515625,-0.08544921875,-0.048828125,-0.0732421875,0.0244140625,-0.86669921875,-0.146484375,1.08642578125,-0.2197265625,-0.08544921875,0.15869140625,-0.57373046875,-0.0244140625,-0.13427734375,-0.01220703125,0.8544921875,-0.0244140625,-0.5859375,0.2197265625,1.94091796875,-0.13427734375,2.978515625,0.20751953125,3.61328125,0.048828125,2.685546875,0.3662109375,4.13818359375,-0.1953125,0.42724609375,0,0.74462890625,0.08544921875,0.78125,0.2197265625,-0.29296875,-0.50048828125,-0.634765625,0.048828125,-0.341796875,-0.5126953125,0.5859375,-0.634765625,1.1962890625,-0.048828125,0.45166015625,0.13427734375,0.01220703125,0,0.67138671875,-0.57373046875,1.45263671875,-0.30517578125,0.927734375,0.48828125,1.64794921875,-0.74462890625,1.0009765625,-0.146484375,0.09765625,-0.30517578125,1.01318359375,0.08544921875,0.15869140625,-0.35400390625,0.146484375,-0.30517578125,0.20751953125,0.09765625,0.8544921875,0.2685546875,-0.01220703125,0.18310546875,1.318359375,0.10986328125,-0.93994140625,-0.01220703125,-0.37841796875,-0.146484375,-1.0009765625,-0.15869140625,-0.830078125,0.28076171875,-1.74560546875,-0.1708984375,-0.830078125,0.390625,-0.57373046875,-0.0732421875,-1.46484375,-0.06103515625,-0.68359375,0.1708984375,-0.74462890625,-0.01220703125,-0.62255859375,0.18310546875,-0.13427734375,0.1220703125,-0.67138671875,-0.10986328125,-1.50146484375,-0.1953125,0.37841796875,-0.1220703125,0.6103515625,0.09765625,0.341796875,-0.08544921875,-0.01220703125,-0.06103515625,0,-0.1220703125,0.13427734375,-0.1953125,0.09765625,-0.03662109375,0.8056640625,0.0244140625,-0.4638671875,-0.03662109375,-0.57373046875
1,-0.1708984375,-0.390625,-0.03662109375,-0.35400390625,0.35400390625,-0.47607421875,-0.08544921875,-0.0732421875,-0.10986328125,-0.0732421875,0.01220703125,-0.86669921875,-0.15869140625,1.11083984375,-0.18310546875,-0.10986328125,0.13427734375,-0.5859375,-0.03662109375,-0.146484375,-0.09765625,0.86669921875,0,-0.5859375,0.1220703125,2.69775390625,-0.03662109375,4.19921875,0.2197265625,4.58984375,-0.03662109375,3.52783203125,0.42724609375,5.18798828125,-0.2197265625,0.76904296875,-0.03662109375,1.03759765625,0.06103515625,1.15966796875,0.25634765625,-0.28076171875,-0.48828125,-0.6103515625,0.09765625,-0.37841796875,-0.537109375,0.6103515625,-0.634765625,1.18408203125,0.0244140625,0.42724609375,0.01220703125,-0.0244140625,0.048828125,0.6591796875,-0.5126953125,1.1962890625,-0.2685546875,0.74462890625,0.5126953125,1.15966796875,-0.732421875,0.72021484375,-0.146484375,0.1220703125,-0.18310546875,1.03759765625,0.10986328125,0.1953125,-0.30517578125,0.18310546875,-0.30517578125,0.1953125,0.13427734375,0.8544921875,0.244140625,-0.0244140625,0.10986328125,1.30615234375,0.048828125,-0.93994140625,-0.0244140625,-0.390625,-0.13427734375,-0.98876953125,-0.1708984375,-0.830078125,0.341796875,-1.5625,-0.1953125,-0.59814453125,0.3662109375,-0.3662109375,-0.01220703125,-1.2451171875,-0.01220703125,-0.67138671875,0.13427734375,-0.7568359375,-0.03662109375,-0.6103515625,0.1953125,-0.1220703125,0.08544921875,-0.81787109375,-0.06103515625,-1.62353515625,-0.18310546875,-0.0244140625,-0.10986328125,0.4150390625,0.10986328125,0.35400390625,-0.08544921875,-0.0244140625,-0.0732421875,0.01220703125,-0.10986328125,0.146484375,-0.1953125,0.1708984375,-0.06103515625,0.8056640625,0,-0.42724609375,-0.03662109375,-0.54931640625
1,-0.15869140625,-0.37841796875,-0.03662109375,-0.341796875,0.40283203125,-0.45166015625,-0.06103515625,-0.0732421875,-0.1220703125,-0.0732421875,0.0244140625,-0.9033203125,-0.15869140625,1.0986328125,-0.18310546875,-0.13427734375,0.0732421875,-0.5859375,-0.0244140625,-0.13427734375,-0.15869140625,0.830078125,0.03662109375,-0.59814453125,0.0244140625,3.41796875,-0.03662109375,5.38330078125,0.1220703125,5.52978515625,-0.1220703125,4.33349609375,0.390625,6.18896484375,-0.23193359375,1.07421875,-0.03662109375,1.2939453125,0,1.52587890625,0.2685546875,-0.2685546875,-0.4638671875,-0.5859375,0.1220703125,-0.390625,-0.62255859375,0.6103515625,-0.67138671875,1.23291015625,0.09765625,0.4150390625,-0.08544921875,-0.0732421875,0.0244140625,0.64697265625,-0.54931640625,1.0009765625,-0.244140625,0.62255859375,0.5126953125,0.732421875,-0.634765625,0.52490234375,-0.15869140625,0.1220703125,-0.1220703125,1.0498046875,0.06103515625,0.23193359375,-0.29296875,0.20751953125,-0.30517578125,0.2197265625,0.1708984375,0.86669921875,0.18310546875,-0.01220703125,0.10986328125,1.318359375,0.0244140625,-0.9765625,-0.06103515625,-0.37841796875,-0.048828125,-1.025390625,-0.18310546875,-0.830078125,0.42724609375,-1.3427734375,-0.13427734375,-0.29296875,0.40283203125,-0.1220703125,0.1220703125,-0.9521484375,0,-0.67138671875,0.09765625,-0.7568359375,-0.06103515625,-0.59814453125,0.1953125,-0.1220703125,0.03662109375,-0.9521484375,-0.03662109375,-1.72119140625,-0.15869140625,-0.40283203125,-0.10986328125,0.2685546875,0.09765625,0.341796875,-0.048828125,-0.0244140625,-0.08544921875,0.0244140625,-0.13427734375,0.13427734375,-0.1953125,0.2685546875,-0.09765625,0.8056640625,-0.01220703125,-0.42724609375,-0.0244140625,-0.52490234375
1,-0.146484375,-0.40283203125,-0.06103515625,-0.341796875,0.4150390625,-0.45166015625,-0.0244140625,-0.08544921875,-0.146484375,-0.08544921875,0.01220703125,-0.9033203125,-0.1708984375,1.08642578125,-0.20751953125,-0.1708984375,-0.03662109375,-0.5859375,0.0244140625,-0.13427734375,-0.146484375,0.8544921875,0.09765625,-0.5859375,-0.08544921875,4.0771484375,-0.06103515625,6.4453125,0.03662109375,6.3720703125,-0.15869140625,5.0537109375,0.390625,7.12890625,-0.28076171875,1.30615234375,-0.06103515625,1.513671875,-0.06103515625,1.81884765625,0.244140625,-0.2685546875,-0.45166015625,-0.5859375,0.10986328125,-0.40283203125,-0.6103515625,0.6103515625,-0.7080078125,1.2451171875,0.1708984375,0.40283203125,-0.23193359375,-0.09765625,-0.0244140625,0.67138671875,-0.50048828125,0.89111328125,-0.20751953125,0.57373046875,0.50048828125,0.52490234375,-0.52490234375,0.42724609375,-0.146484375,0.1220703125,-0.048828125,1.03759765625,0.0244140625,0.25634765625,-0.2197265625,0.25634765625,-0.23193359375,0.23193359375,0.18310546875,0.87890625,0.1220703125,-0.0244140625,0.0732421875,1.318359375,0,-0.9765625,-0.0732421875,-0.4150390625,-0.0244140625,-1.01318359375,-0.146484375,-0.830078125,0.32958984375,-1.11083984375,-0.18310546875,0.0244140625,0.3173828125,0.146484375,0.10986328125,-0.68359375,0.0244140625,-0.67138671875,0.03662109375,-0.7568359375,-0.09765625,-0.59814453125,0.1708984375,-0.10986328125,-0.0244140625,-1.07421875,-0.048828125,-1.84326171875,-0.13427734375,-0.72021484375,-0.08544921875,0.13427734375,0.08544921875,0.35400390625,-0.06103515625,-0.01220703125,-0.0732421875,0.0244140625,-0.10986328125,0.13427734375,-0.2197265625,0.3173828125,-0.08544921875,0.79345703125,-0.0244140625,-0.42724609375,-0.01220703125,-0.52490234375
1,-0.146484375,-0.390625,-0.08544921875,-0.3662109375,0.439453125,-0.45166015625,-0.0244140625,-0.09765625,-0.146484375,-0.0732421875,0,-0.927734375,-0.15869140625,1.08642578125,-0.18310546875,-0.18310546875,-0.13427734375,-0.57373046875,0.06103515625,-0.10986328125,-0.15869140625,0.84228515625,0.09765625,-0.5859375,-0.1953125,4.6142578125,-0.15869140625,7.2998046875,-0.09765625,7.04345703125,-0.18310546875,5.5908203125,0.341796875,7.8857421875,-0.3662109375,1.513671875,-0.09765625,1.69677734375,-0.10986328125,2.0263671875,0.1708984375,-0.2197265625,-0.3662109375,-0.5859375,0.0732421875,-0.4150390625,-0.72021484375,0.62255859375,-0.732421875,1.28173828125,0.23193359375,0.40283203125,-0.32958984375,-0.13427734375,-0.048828125,0.67138671875,-0.50048828125,0.91552734375,-0.1708984375,0.6103515625,0.439453125,0.537109375,-0.439453125,0.48828125,-0.08544921875,0.146484375,0.0244140625,1.07421875,0,0.2685546875,-0.10986328125,0.25634765625,-0.146484375,0.23193359375,0.244140625,0.86669921875,0.06103515625,-0.03662109375,0.06103515625,1.30615234375,-0.048828125,-0.96435546875,-0.0732421875,-0.40283203125,-0.01220703125,-1.01318359375,-0.10986328125,-0.84228515625,0.23193359375,-0.927734375,-0.146484375,0.2685546875,0.2685546875,0.3662109375,0.08544921875,-0.439453125,0.06103515625,-0.64697265625,-0.0244140625,-0.76904296875,-0.09765625,-0.59814453125,0.13427734375,-0.10986328125,-0.0244140625,-1.15966796875,-0.09765625,-1.9287109375,-0.146484375,-0.98876953125,-0.0244140625,0.03662109375,0.0732421875,0.35400390625,-0.06103515625,-0.01220703125,-0.06103515625,0.01220703125,-0.08544921875,0.13427734375,-0.20751953125,0.37841796875,-0.0732421875,0.78125,-0.0244140625,-0.439453125,0.0244140625,-0.50048828125
1,-0.10986328125,-0.40283203125,-0.10986328125,-0.37841796875,0.45166015625,-0.45166015625,-0.01220703125,-0.08544921875,-0.15869140625,-0.06103515625,0.01220703125,-0.927734375,-0.146484375,1.08642578125,-0.1953125,-0.18310546875,-0.18310546875,-0.5615234375,0.10986328125,-0.10986328125,-0.09765625,0.830078125,0.1220703125,-0.5859375,-0.28076171875,4.9560546875,-0.244140625,7.87353515625,-0.23193359375,7.470703125,-0.18310546875,5.96923828125,0.35400390625,8.38623046875,-0.4638671875,1.62353515625,-0.1220703125,1.81884765625,-0.18310546875,2.13623046875,0.1708984375,-0.2197265625,-0.341796875,-0.59814453125,0.0244140625,-0.40283203125,-0.79345703125,0.62255859375,-0.732421875,1.30615234375,0.25634765625,0.42724609375,-0.40283203125,-0.20751953125,-0.08544921875,0.69580078125,-0.54931640625,1.07421875,-0.13427734375,0.74462890625,0.47607421875,0.8056640625,-0.3173828125,0.68359375,-0.1220703125,0.1708984375,0.0732421875,1.0498046875,-0.03662109375,0.244140625,-0.08544921875,0.25634765625,-0.06103515625,0.23193359375,0.2197265625,0.81787109375,-0.0244140625,-0.0244140625,0.08544921875,1.30615234375,-0.03662109375,-0.96435546875,-0.08544921875,-0.42724609375,0.0244140625,-1.0009765625,-0.08544921875,-0.84228515625,0.146484375,-0.8056640625,-0.13427734375,0.42724609375,0.244140625,0.5126953125,0.0244140625,-0.25634765625,0.0244140625,-0.6591796875,-0.0244140625,-0.74462890625,-0.1220703125,-0.6103515625,0.0732421875,-0.08544921875,-0.03662109375,-1.2451171875,-0.18310546875,-2.01416015625,-0.1708984375,-1.2451171875,0.03662109375,-0.08544921875,0.0732421875,0.341796875,-0.0732421875,0.0244140625,-0.06103515625,0,-0.0732421875,0.146484375,-0.20751953125,0.4150390625,-0.06103515625,0.78125,-0.03662109375,-0.45166015625,0.01220703125,-0.50048828125
1,-0.1220703125,-0.37841796875,-0.10986328125,-0.37841796875,0.50048828125,-0.4638671875,-0.048828125,-0.08544921875,-0.15869140625,-0.0244140625,-0.0244140625,-0.927734375,-0.1220703125,1.08642578125,-0.15869140625,-0.20751953125,-0.18310546875,-0.5615234375,0.15869140625,-0.09765625,-0.03662109375,0.830078125,0.0732421875,-0.59814453125,-0.28076171875,5.1025390625,-0.18310546875,8.14208984375,-0.244140625,7.666015625,-0.1220703125,6.11572265625,0.3173828125,8.59375,-0.537109375,1.62353515625,-0.08544921875,1.8310546875,-0.1953125,2.16064453125,0.146484375,-0.20751953125,-0.28076171875,-0.62255859375,0,-0.37841796875,-0.87890625,0.6103515625,-0.72021484375,1.30615234375,0.23193359375,0.45166015625,-0.439453125,-0.20751953125,-0.09765625,0.72021484375,-0.57373046875,1.35498046875,-0.0244140625,0.98876953125,0.4150390625,1.30615234375,-0.2685546875,1.0009765625,-0.13427734375,0.1953125,0.13427734375,1.06201171875,-0.06103515625,0.25634765625,-0.06103515625,0.25634765625,0.0732421875,0.23193359375,0.15869140625,0.79345703125,-0.1220703125,-0.0244140625,0.048828125,1.28173828125,-0.08544921875,-0.98876953125,-0.09765625,-0.4150390625,0.06103515625,-0.98876953125,-0.10986328125,-0.830078125,0,-0.732421875,-0.13427734375,0.47607421875,0.18310546875,0.5859375,-0.10986328125,-0.18310546875,-0.01220703125,-0.6591796875,0,-0.732421875,-0.146484375,-0.62255859375,-0.0244140625,-0.09765625,-0.048828125,-1.30615234375,-0.30517578125,-2.08740234375,-0.15869140625,-1.4404296875,0.06103515625,-0.146484375,0.13427734375,0.35400390625,-0.08544921875,0.0244140625,-0.06103515625,-0.01220703125,-0.06103515625,0.146484375,-0.1953125,0.4150390625,-0.0732421875,0.8056640625,-0.01220703125,-0.47607421875,-0.0244140625,-0.50048828125
1,-0.13427734375,-0.390625,-0.09765625,-0.37841796875,0.54931640625,-0.4638671875,-0.06103515625,-0.08544921875,-0.1708984375,-0.03662109375,-0.03662109375,-0.927734375,-0.09765625,1.0986328125,-0.146484375,-0.18310546875,-0.10986328125,-0.54931640625,0.1708984375,-0.08544921875,0,0.830078125,0.03662109375,-0.59814453125,-0.244140625,5.078125,-0.15869140625,8.154296875,-0.244140625,7.62939453125,-0.08544921875,6.06689453125,0.20751953125,8.53271484375,-0.62255859375,1.5625,-0.0732421875,1.806640625,-0.1953125,2.08740234375,0.20751953125,-0.20751953125,-0.244140625,-0.6591796875,0,-0.3662109375,-0.9521484375,0.6103515625,-0.6103515625,1.28173828125,0.28076171875,0.47607421875,-0.45166015625,-0.2197265625,-0.10986328125,0.732421875,-0.634765625,1.77001953125,-0.03662109375,1.26953125,0.45166015625,2.0751953125,-0.1953125,1.416015625,-0.15869140625,0.23193359375,0.23193359375,1.0498046875,-0.0244140625,0.244140625,-0.03662109375,0.23193359375,0.1220703125,0.2197265625,0.10986328125,0.78125,-0.13427734375,-0.01220703125,0.048828125,1.28173828125,-0.09765625,-0.9765625,-0.0732421875,-0.4150390625,0.0732421875,-0.98876953125,-0.1708984375,-0.830078125,-0.0732421875,-0.7568359375,-0.15869140625,0.37841796875,0.1220703125,0.54931640625,-0.1708984375,-0.18310546875,-0.13427734375,-0.64697265625,0.0732421875,-0.732421875,-0.1708984375,-0.634765625,-0.08544921875,-0.10986328125,-0.01220703125,-1.35498046875,-0.439453125,-2.1484375,-0.1708984375,-1.62353515625,0.10986328125,-0.1708984375,0.15869140625,0.3173828125,-0.08544921875,0.01220703125,-0.0732421875,-0.0244140625,-0.03662109375,0.1708984375,-0.1953125,0.390625,-0.0732421875,0.79345703125,0.0244140625,-0.50048828125,-0.08544921875,-0.5126953125
1,-0.13427734375,-0.390625,-0.1220703125,-0.390625,0.5615234375,-0.4638671875,-0.0732421875,-0.08544921875,-0.2197265625,-0.048828125,-0.06103515625,-0.91552734375,-0.0732421875,1.0986328125,-0.15869140625,-0.15869140625,-0.01220703125,-0.5615234375,0.15869140625,-0.0732421875,0.048828125,0.84228515625,0.0244140625,-0.6103515625,-0.18310546875,4.931640625,-0.244140625,7.92236328125,-0.1708984375,7.421875,-0.0732421875,5.87158203125,0.1708984375,8.251953125,-0.634765625,1.42822265625,-0.0244140625,1.708984375,-0.1953125,1.9775390625,0.29296875,-0.2197265625,-0.2197265625,-0.69580078125,0.01220703125,-0.35400390625,-0.9521484375,0.5859375,-0.50048828125,1.26953125,0.28076171875,0.47607421875,-0.50048828125,-0.25634765625,-0.10986328125,0.74462890625,-0.68359375,2.2705078125,0.03662109375,1.6357421875,0.5126953125,2.96630859375,-0.18310546875,1.91650390625,-0.1953125,0.28076171875,0.244140625,1.06201171875,0.01220703125,0.2197265625,-0.06103515625,0.25634765625,0.146484375,0.20751953125,0.048828125,0.7568359375,-0.13427734375,0,0.048828125,1.28173828125,-0.146484375,-0.96435546875,-0.0244140625,-0.40283203125,0.0732421875,-0.98876953125,-0.1953125,-0.8056640625,-0.18310546875,-0.8544921875,-0.18310546875,0.20751953125,0.048828125,0.439453125,-0.2197265625,-0.30517578125,-0.2197265625,-0.6591796875,0.13427734375,-0.732421875,-0.18310546875,-0.634765625,-0.1220703125,-0.10986328125,-0.03662109375,-1.3916015625,-0.537109375,-2.197265625,-0.1708984375,-1.69677734375,0.1220703125,-0.2197265625,0.1708984375,0.3173828125,-0.0732421875,-0.01220703125,-0.0732421875,-0.03662109375,-0.01220703125,0.1708984375,-0.1708984375,0.3173828125,-0.0732421875,0.79345703125,0.048828125,-0.5126953125,-0.1220703125,-0.5615234375
1,-0.15869140625,-0.37841796875,-0.10986328125,-0.37841796875,0.57373046875,-0.48828125,-0.1220703125,-0.06103515625,-0.244140625,-0.0732421875,-0.06103515625,-0.89111328125,-0.06103515625,1.0986328125,-0.1708984375,-0.10986328125,0.08544921875,-0.54931640625,0.10986328125,-0.08544921875,0.01220703125,0.830078125,-0.0244140625,-0.62255859375,-0.13427734375,4.69970703125,-0.30517578125,7.51953125,-0.048828125,7.1044921875,-0.09765625,5.5908203125,0.13427734375,7.71484375,-0.5859375,1.2451171875,-0.0244140625,1.59912109375,-0.20751953125,1.79443359375,0.37841796875,-0.25634765625,-0.23193359375,-0.72021484375,0.03662109375,-0.3173828125,-0.9521484375,0.59814453125,-0.4150390625,1.23291015625,0.2685546875,0.47607421875,-0.52490234375,-0.25634765625,-0.1220703125,0.72021484375,-0.7080078125,2.77099609375,0.06103515625,2.001953125,0.42724609375,3.9306640625,-0.15869140625,2.4169921875,-0.1708984375,0.30517578125,0.28076171875,1.06201171875,0.0732421875,0.1953125,-0.0732421875,0.23193359375,0.15869140625,0.20751953125,-0.01220703125,0.78125,-0.09765625,0.01220703125,0.01220703125,1.26953125,-0.15869140625,-0.96435546875,0.01220703125,-0.40283203125,0.0244140625,-0.98876953125,-0.2197265625,-0.830078125,-0.1953125,-0.9521484375,-0.20751953125,-0.048828125,-0.048828125,0.32958984375,-0.244140625,-0.439453125,-0.244140625,-0.68359375,0.20751953125,-0.72021484375,-0.1708984375,-0.64697265625,-0.13427734375,-0.10986328125,0.01220703125,-1.40380859375,-0.52490234375,-2.197265625,-0.1953125,-1.7578125,0.1220703125,-0.20751953125,0.18310546875,0.3173828125,-0.0732421875,-0.0244140625,-0.06103515625,-0.048828125,0.01220703125,0.1708984375,-0.1708984375,0.2685546875,-0.03662109375,0.8056640625,0.08544921875,-0.5126953125,-0.1708984375,-0.54931640625
1,-0.18310546875,-0.40283203125,-0.09765625,-0.37841796875,0.64697265625,-0.4638671875,-0.1708984375,-0.0732421875,-0.244140625,-0.08544921875,-0.06103515625,-0.87890625,-0.03662109375,1.11083984375,-0.18310546875,-0.09765625,0.15869140625,-0.5615234375,0.06103515625,-0.10986328125,-0.048828125,0.81787109375,-0.048828125,-0.62255859375,-0.06103515625,4.40673828125,-0.28076171875,7.03125,0.0732421875,6.7138671875,-0.1953125,5.26123046875,0.1708984375,7.04345703125,-0.537109375,1.07421875,0.01220703125,1.46484375,-0.15869140625,1.6357421875,0.52490234375,-0.25634765625,-0.20751953125,-0.74462890625,0.0732421875,-0.32958984375,-1.0009765625,0.6103515625,-0.2685546875,1.2451171875,0.20751953125,0.45166015625,-0.4638671875,-0.23193359375,-0.0732421875,0.732421875,-0.732421875,3.2958984375,0.08544921875,2.35595703125,0.45166015625,4.8583984375,-0.1220703125,2.91748046875,-0.15869140625,0.35400390625,0.29296875,1.08642578125,0.09765625,0.1953125,-0.09765625,0.244140625,0.146484375,0.2197265625,-0.048828125,0.7568359375,-0.06103515625,0,-0.01220703125,1.2939453125,-0.15869140625,-0.9521484375,0.08544921875,-0.37841796875,-0.06103515625,-1.0009765625,-0.1953125,-0.830078125,-0.15869140625,-1.11083984375,-0.23193359375,-0.2685546875,-0.13427734375,0.15869140625,-0.1953125,-0.59814453125,-0.25634765625,-0.69580078125,0.2685546875,-0.74462890625,-0.1708984375,-0.634765625,-0.1220703125,-0.08544921875,0.048828125,-1.37939453125,-0.50048828125,-2.197265625,-0.2197265625,-1.72119140625,0.1220703125,-0.20751953125,0.1708984375,0.3173828125,-0.06103515625,0,-0.0732421875,-0.08544921875,0,0.146484375,-0.1708984375,0.1953125,-0.0732421875,0.81787109375,0.10986328125,-0.50048828125,-0.18310546875,-0.5615234375
1,-0.1953125,-0.390625,-0.09765625,-0.390625,0.68359375,-0.4638671875,-0.18310546875,-0.0732421875,-0.25634765625,-0.0732421875,-0.0732421875,-0.8544921875,-0.0244140625,1.11083984375,-0.15869140625,-0.08544921875,0.25634765625,-0.57373046875,0.0244140625,-0.09765625,-0.09765625,0.8056640625,-0.01220703125,-0.62255859375,0.01220703125,4.1259765625,-0.23193359375,6.54296875,0.1953125,6.35986328125,-0.2197265625,4.96826171875,0.18310546875,6.31103515625,-0.52490234375,0.87890625,-0.01220703125,1.3427734375,-0.10986328125,1.46484375,0.5126953125,-0.2685546875,-0.13427734375,-0.7568359375,0.08544921875,-0.32958984375,-1.0009765625,0.6103515625,-0.15869140625,1.25732421875,0.08544921875,0.439453125,-0.48828125,-0.23193359375,-0.08544921875,0.7080078125,-0.68359375,3.77197265625,0.146484375,2.69775390625,0.42724609375,5.6884765625,-0.048828125,3.35693359375,-0.13427734375,0.3662109375,0.2685546875,1.08642578125,0.1220703125,0.2197265625,-0.146484375,0.244140625,0.1708984375,0.20751953125,-0.09765625,0.76904296875,-0.03662109375,-0.01220703125,-0.0732421875,1.2939453125,-0.13427734375,-0.96435546875,0.13427734375,-0.390625,-0.15869140625,-0.98876953125,-0.18310546875,-0.81787109375,-0.06103515625,-1.23291015625,-0.20751953125,-0.45166015625,-0.18310546875,0.048828125,-0.18310546875,-0.74462890625,-0.23193359375,-0.69580078125,0.2685546875,-0.7568359375,-0.13427734375,-0.62255859375,-0.10986328125,-0.09765625,0.03662109375,-1.3427734375,-0.42724609375,-2.13623046875,-0.25634765625,-1.66015625,0.09765625,-0.1708984375,0.15869140625,0.341796875,-0.06103515625,-0.01220703125,-0.08544921875,-0.06103515625,0.0244140625,0.15869140625,-0.18310546875,0.13427734375,-0.06103515625,0.8056640625,0.09765625,-0.47607421875,-0.1708984375,-0.5859375
1,-0.18310546875,-0.37841796875,-0.09765625,-0.40283203125,0.7080078125,-0.42724609375,-0.1953125,-0.0732421875,-0.25634765625,-0.0732421875,-0.08544921875,-0.87890625,-0.0244140625,1.123046875,-0.1708984375,-0.10986328125,0.28076171875,-0.5859375,0.01220703125,-0.09765625,-0.1953125,0.84228515625,-0.01220703125,-0.6103515625,0.08544921875,3.89404296875,-0.1953125,6.09130859375,0.2685546875,6.0546875,-0.244140625,4.67529296875,0.23193359375,5.6396484375,-0.48828125,0.69580078125,0,1.220703125,-0.01220703125,1.28173828125,0.5126953125,-0.25634765625,-0.10986328125,-0.76904296875,0.13427734375,-0.341796875,-0.98876953125,0.59814453125,-0.0732421875,1.26953125,0.03662109375,0.42724609375,-0.390625,-0.20751953125,-0.06103515625,0.67138671875,-0.62255859375,4.18701171875,0.146484375,2.94189453125,0.3662109375,6.3232421875,0,3.662109375,-0.06103515625,0.32958984375,0.1953125,1.0986328125,0.13427734375,0.244140625,-0.1953125,0.244140625,0.146484375,0.2197265625,-0.1220703125,0.830078125,0,-0.01220703125,-0.10986328125,1.2939453125,-0.0732421875,-0.98876953125,0.18310546875,-0.3662109375,-0.244140625,-1.0009765625,-0.15869140625,-0.830078125,0.03662109375,-1.2939453125,-0.1220703125,-0.54931640625,-0.20751953125,-0.048828125,-0.13427734375,-0.8544921875,-0.20751953125,-0.7080078125,0.2685546875,-0.7568359375,-0.10986328125,-0.59814453125,-0.03662109375,-0.10986328125,0.0244140625,-1.2939453125,-0.32958984375,-2.11181640625,-0.28076171875,-1.5380859375,0.06103515625,-0.1220703125,0.09765625,0.341796875,-0.048828125,-0.01220703125,-0.0732421875,-0.06103515625,0.0244140625,0.146484375,-0.20751953125,0.09765625,-0.06103515625,0.79345703125,0.0732421875,-0.47607421875,-0.10986328125,-0.5615234375
1,-0.1708984375,-0.3662109375,-0.1220703125,-0.40283203125,0.72021484375,-0.42724609375,-0.1953125,-0.09765625,-0.29296875,-0.0732421875,-0.09765625,-0.87890625,-0.0244140625,1.0986328125,-0.10986328125,-0.1220703125,0.25634765625,-0.57373046875,0.01220703125,-0.13427734375,-0.2685546875,0.81787109375,0.03662109375,-0.59814453125,0.1953125,3.72314453125,-0.048828125,5.72509765625,0.35400390625,5.79833984375,-0.18310546875,4.4677734375,0.146484375,5.078125,-0.390625,0.5859375,-0.0244140625,1.123046875,0.01220703125,1.15966796875,0.47607421875,-0.28076171875,-0.0732421875,-0.74462890625,0.15869140625,-0.35400390625,-0.96435546875,0.634765625,-0.0244140625,1.2939453125,0.01220703125,0.4150390625,-0.28076171875,-0.20751953125,0,0.68359375,-0.5615234375,4.443359375,0.15869140625,3.11279296875,0.29296875,6.75048828125,-0.01220703125,3.8818359375,-0.048828125,0.2685546875,0.18310546875,1.07421875,0.146484375,0.2685546875,-0.20751953125,0.244140625,0.09765625,0.23193359375,-0.13427734375,0.84228515625,0.0732421875,0,-0.18310546875,1.2939453125,0.01220703125,-0.98876953125,0.20751953125,-0.3662109375,-0.390625,-0.98876953125,-0.10986328125,-0.81787109375,0.08544921875,-1.33056640625,-0.15869140625,-0.5615234375,-0.1708984375,-0.0732421875,-0.146484375,-0.89111328125,-0.18310546875,-0.7080078125,0.15869140625,-0.74462890625,-0.08544921875,-0.59814453125,0.01220703125,-0.10986328125,0,-1.220703125,-0.2197265625,-2.0751953125,-0.28076171875,-1.416015625,0.03662109375,-0.06103515625,0.09765625,0.32958984375,-0.03662109375,-0.0244140625,-0.06103515625,-0.08544921875,0.01220703125,0.13427734375,-0.2197265625,0.0732421875,-0.0244140625,0.78125,0.06103515625,-0.4638671875,-0.0732421875,-0.5615234375
0,-0.1220703125,-0.37841796875,-0.1220703125,-0.4150390625,0.69580078125,-0.42724609375,-0.1708984375,-0.10986328125,-0.3173828125,-0.08544921875,-0.13427734375,-0.9033203125,-0.0244140625,1.11083984375,-0.1220703125,-0.146484375,0.1708984375,-0.57373046875,-0.01220703125,-0.1220703125,-0.2685546875,0.81787109375,0.048828125,-0.5859375,0.244140625,3.57666015625,-0.09765625,5.4443359375,0.30517578125,5.615234375,-0.08544921875,4.28466796875,0.0732421875,4.6875,-0.3662109375,0.50048828125,-0.01220703125,1.03759765625,0.0244140625,1.06201171875,0.40283203125,-0.25634765625,-0.08544921875,-0.74462890625,0.1953125,-0.3662109375,-0.9033203125,0.634765625,0,1.2939453125,0,0.439453125,-0.20751953125,-0.18310546875,-0.01220703125,0.67138671875,-0.52490234375,4.57763671875,0.10986328125,3.18603515625,0.1953125,6.9091796875,-0.01220703125,4.00390625,0.0732421875,0.1953125,0.1220703125,1.08642578125,0.09765625,0.28076171875,-0.25634765625,0.244140625,0.06103515625,0.23193359375,-0.15869140625,0.9033203125,0.09765625,-0.03662109375,-0.2197265625,1.30615234375,0.0244140625,-0.98876953125,0.20751953125,-0.37841796875,-0.4638671875,-0.98876953125,-0.048828125,-0.81787109375,0.1953125,-1.318359375,-0.0732421875,-0.47607421875,-0.08544921875,-0.048828125,-0.13427734375,-0.91552734375,-0.15869140625,-0.69580078125,0.048828125,-0.732421875,-0.03662109375,-0.6103515625,0.048828125,-0.09765625,-0.0244140625,-1.18408203125,-0.08544921875,-2.01416015625,-0.28076171875,-1.2939453125,0.01220703125,-0.0244140625,0.09765625,0.341796875,-0.01220703125,-0.01220703125,-0.08544921875,-0.06103515625,0,0.13427734375,-0.20751953125,0.048828125,-0.01220703125,0.76904296875,0.03662109375,-0.4638671875,-0.03662109375,-0.54931640625
0,-0.08544921875,-0.3662109375,-0.15869140625,-0.390625,0.7080078125,-0.4150390625,-0.1708984375,-0.10986328125,-0.3173828125,-0.048828125,-0.10986328125,-0.91552734375,-0.048828125,1.0986328125,-0.10986328125,-0.146484375,0.03662109375,-0.5859375,0.01220703125,-0.1220703125,-0.30517578125,0.8056640625,0.048828125,-0.57373046875,0.244140625,3.43017578125,-0.15869140625,5.224609375,0.23193359375,5.46875,-0.0244140625,4.1748046875,0.01220703125,4.43115234375,-0.35400390625,0.45166015625,-0.0244140625,0.9765625,0,1.01318359375,0.35400390625,-0.23193359375,-0.1953125,-0.74462890625,0.1708984375,-0.37841796875,-0.9033203125,0.62255859375,0.0244140625,1.30615234375,0.03662109375,0.439453125,-0.146484375,-0.15869140625,0.0244140625,0.69580078125,-0.4638671875,4.5654296875,0.09765625,3.13720703125,0.0732421875,6.79931640625,0,3.94287109375,0.048828125,0.0732421875,0.048828125,1.0498046875,0,0.28076171875,-0.28076171875,0.1953125,0,0.2197265625,-0.1708984375,0.89111328125,0.13427734375,-0.0244140625,-0.20751953125,1.2939453125,0.08544921875,-0.98876953125,0.18310546875,-0.390625,-0.5126953125,-0.98876953125,0,-0.81787109375,0.1953125,-1.28173828125,-0.048828125,-0.341796875,-0.0732421875,-0.0244140625,-0.18310546875,-0.87890625,-0.15869140625,-0.68359375,-0.09765625,-0.72021484375,-0.01220703125,-0.6103515625,0.09765625,-0.0732421875,0,-1.1474609375,0.03662109375,-1.98974609375,-0.25634765625,-1.23291015625,0.0244140625,-0.01220703125,0.09765625,0.32958984375,-0.01220703125,0,-0.06103515625,-0.0732421875,0.01220703125,0.1220703125,-0.20751953125,0.06103515625,-0.0244140625,0.7568359375,0.06103515625,-0.47607421875,-0.0244140625,-0.54931640625
0,-0.09765625,-0.35400390625,-0.20751953125,-0.390625,0.68359375,-0.42724609375,-0.15869140625,-0.09765625,-0.341796875,-0.03662109375,-0.10986328125,-0.91552734375,-0.0244140625,1.123046875,-0.1220703125,-0.15869140625,-0.0732421875,-0.57373046875,0.0244140625,-0.1220703125,-0.23193359375,0.830078125,0.0244140625,-0.57373046875,0.20751953125,3.33251953125,-0.20751953125,5.01708984375,0.10986328125,5.3466796875,-0.01220703125,4.08935546875,0.0244140625,4.3701171875,-0.37841796875,0.439453125,-0.0244140625,0.93994140625,-0.08544921875,0.9521484375,0.341796875,-0.2197265625,-0.25634765625,-0.7080078125,0.1953125,-0.390625,-0.89111328125,0.634765625,-0.01220703125,1.2939453125,0,0.45166015625,-0.146484375,-0.146484375,0.13427734375,0.7080078125,-0.45166015625,4.3701171875,0.08544921875,2.96630859375,0.0244140625,6.45751953125,0.0244140625,3.7841796875,0.08544921875,0.01220703125,-0.0244140625,1.03759765625,-0.03662109375,0.23193359375,-0.2685546875,0.20751953125,-0.06103515625,0.2197265625,-0.146484375,0.87890625,0.15869140625,-0.0244140625,-0.1708984375,1.30615234375,0.146484375,-1.0009765625,0.20751953125,-0.390625,-0.5126953125,-0.98876953125,0.048828125,-0.8056640625,0.146484375,-1.23291015625,-0.0732421875,-0.20751953125,-0.048828125,0.0244140625,-0.146484375,-0.830078125,-0.10986328125,-0.67138671875,-0.20751953125,-0.732421875,0.048828125,-0.6103515625,0.13427734375,-0.08544921875,0,-1.1474609375,0.1220703125,-1.953125,-0.146484375,-1.20849609375,0.01220703125,0,0.08544921875,0.341796875,-0.01220703125,0.0244140625,-0.06103515625,-0.06103515625,0,0.146484375,-0.2197265625,0.0244140625,-0.03662109375,0.732421875,0.08544921875,-0.48828125,-0.0244140625,-0.57373046875
0,-0.08544921875,-0.390625,-0.1953125,-0.37841796875,0.68359375,-0.439453125,-0.146484375,-0.08544921875,-0.32958984375,-0.0244140625,-0.1220703125,-0.91552734375,-0.03662109375,1.0986328125,-0.1220703125,-0.146484375,-0.146484375,-0.54931640625,0.03662109375,-0.1220703125,-0.15869140625,0.830078125,-0.0244140625,-0.5859375,0.1953125,3.18603515625,-0.2685546875,4.833984375,-0.01220703125,5.18798828125,-0.01220703125,3.955078125,0.03662109375,4.3701171875,-0.40283203125,0.42724609375,0,0.87890625,-0.23193359375,0.9033203125,0.341796875,-0.20751953125,-0.35400390625,-0.68359375,0.18310546875,-0.37841796875,-0.830078125,0.62255859375,-0.09765625,1.25732421875,0.03662109375,0.4638671875,-0.18310546875,-0.15869140625,0.18310546875,0.7080078125,-0.439453125,4.052734375,0.10986328125,2.7099609375,-0.048828125,5.8837890625,0.01220703125,3.47900390625,0.10986328125,-0.06103515625,-0.13427734375,1.03759765625,-0.1220703125,0.23193359375,-0.23193359375,0.15869140625,-0.1220703125,0.2197265625,-0.146484375,0.91552734375,0.13427734375,-0.01220703125,-0.10986328125,1.2939453125,0.13427734375,-0.9765625,0.18310546875,-0.40283203125,-0.4638671875,-0.98876953125,0.0732421875,-0.8056640625,0.20751953125,-1.220703125,0.0244140625,-0.08544921875,0.01220703125,0.048828125,-0.1220703125,-0.81787109375,-0.01220703125,-0.6591796875,-0.29296875,-0.72021484375,0.08544921875,-0.62255859375,0.1220703125,-0.08544921875,0,-1.15966796875,0.1953125,-1.953125,-0.146484375,-1.220703125,0.03662109375,0,0.0732421875,0.341796875,-0.048828125,0,-0.0732421875,-0.06103515625,0.0244140625,0.1708984375,-0.23193359375,0.06103515625,-0.048828125,0.74462890625,0.10986328125,-0.48828125,-0.01220703125,-0.5859375
0,-0.048828125,-0.37841796875,-0.18310546875,-0.37841796875,0.64697265625,-0.439453125,-0.1220703125,-0.08544921875,-0.35400390625,-0.01220703125,-0.13427734375,-0.89111328125,-0.01220703125,1.0986328125,-0.08544921875,-0.13427734375,-0.1708984375,-0.54931640625,0.03662109375,-0.10986328125,-0.08544921875,0.81787109375,-0.09765625,-0.5859375,0.1220703125,3.01513671875,-0.28076171875,4.5654296875,-0.08544921875,4.96826171875,-0.048828125,3.759765625,0.08544921875,4.33349609375,-0.48828125,0.4150390625,0.0244140625,0.8544921875,-0.3662109375,0.830078125,0.3173828125,-0.20751953125,-0.4150390625,-0.68359375,0.1708984375,-0.390625,-0.93994140625,0.6103515625,-0.146484375,1.20849609375,0.048828125,0.47607421875,-0.13427734375,-0.146484375,0.28076171875,0.7080078125,-0.4150390625,3.62548828125,0.10986328125,2.38037109375,-0.09765625,5.16357421875,-0.03662109375,3.1005859375,0.06103515625,-0.0732421875,-0.1953125,1.0009765625,-0.2197265625,0.1953125,-0.244140625,0.13427734375,-0.18310546875,0.2197265625,-0.1220703125,0.89111328125,0.1220703125,-0.01220703125,-0.048828125,1.26953125,0.10986328125,-0.9521484375,0.15869140625,-0.40283203125,-0.3662109375,-1.0009765625,0.06103515625,-0.81787109375,0.10986328125,-1.23291015625,-0.06103515625,-0.03662109375,0,0.03662109375,-0.18310546875,-0.8056640625,0.06103515625,-0.67138671875,-0.28076171875,-0.72021484375,0.09765625,-0.64697265625,0.09765625,-0.0732421875,0.0244140625,-1.1962890625,0.244140625,-2.001953125,-0.1220703125,-1.26953125,0.06103515625,-0.0244140625,0.048828125,0.3173828125,-0.08544921875,0,-0.08544921875,-0.08544921875,0,0.1708984375,-0.23193359375,0.048828125,-0.06103515625,0.7568359375,0.09765625,-0.5126953125,-0.0244140625,-0.57373046875
0,-0.03662109375,-0.390625,-0.1953125,-0.37841796875,0.68359375,-0.439453125,-0.13427734375,-0.08544921875,-0.3662109375,-0.0244140625,-0.146484375,-0.9033203125,-0.0244140625,1.0986328125,-0.08544921875,-0.15869140625,-0.1708984375,-0.537109375,-0.01220703125,-0.10986328125,0.01220703125,0.84228515625,-0.0732421875,-0.5859375,0.048828125,2.783203125,-0.3173828125,4.2236328125,-0.146484375,4.67529296875,-0.1220703125,3.52783203125,0.28076171875,4.21142578125,-0.52490234375,0.3662109375,0.03662109375,0.78125,-0.37841796875,0.74462890625,0.30517578125,-0.2197265625,-0.42724609375,-0.67138671875,0.1708984375,-0.35400390625,-1.025390625,0.634765625,-0.18310546875,1.171875,0.09765625,0.45166015625,-0.15869140625,-0.13427734375,0.40283203125,0.72021484375,-0.48828125,3.13720703125,0.08544921875,2.001953125,-0.1953125,4.35791015625,-0.146484375,2.63671875,0.06103515625,-0.048828125,-0.244140625,1.0009765625,-0.1953125,0.18310546875,-0.1708984375,0.10986328125,-0.18310546875,0.20751953125,-0.10986328125,0.87890625,0.1220703125,0,0.0244140625,1.28173828125,0.08544921875,-0.927734375,0.13427734375,-0.42724609375,-0.2685546875,-0.98876953125,0.01220703125,-0.8056640625,0.0732421875,-1.2939453125,-0.09765625,-0.03662109375,0.01220703125,-0.01220703125,-0.1708984375,-0.86669921875,0.10986328125,-0.67138671875,-0.2685546875,-0.732421875,0.09765625,-0.6591796875,0.06103515625,-0.06103515625,-0.01220703125,-1.220703125,0.23193359375,-2.03857421875,-0.1220703125,-1.33056640625,0.048828125,-0.03662109375,0.048828125,0.3173828125,-0.08544921875,-0.01220703125,-0.0732421875,-0.10986328125,0.01220703125,0.18310546875,-0.20751953125,0.048828125,-0.0732421875,0.76904296875,0.0732421875,-0.52490234375,0,-0.5859375
0,-0.06103515625,-0.390625,-0.1953125,-0.37841796875,0.67138671875,-0.42724609375,-0.13427734375,-0.0732421875,-0.3662109375,-0.0244140625,-0.1220703125,-0.87890625,0,1.08642578125,-0.08544921875,-0.146484375,-0.10986328125,-0.5615234375,-0.0244140625,-0.1220703125,0.08544921875,0.8544921875,-0.09765625,-0.59814453125,-0.0244140625,2.47802734375,-0.28076171875,3.72314453125,-0.13427734375,4.33349609375,-0.18310546875,3.21044921875,0.2685546875,3.8818359375,-0.5615234375,0.29296875,0.0244140625,0.64697265625,-0.42724609375,0.5859375,0.23193359375,-0.23193359375,-0.45166015625,-0.67138671875,0.18310546875,-0.341796875,-1.06201171875,0.634765625,-0.23193359375,1.123046875,0.13427734375,0.4638671875,-0.15869140625,-0.1220703125,0.48828125,0.72021484375,-0.48828125,2.587890625,0.06103515625,1.62353515625,-0.18310546875,3.50341796875,-0.1708984375,2.11181640625,0.048828125,-0.01220703125,-0.29296875,1.0009765625,-0.1953125,0.18310546875,-0.146484375,0.09765625,-0.20751953125,0.20751953125,-0.10986328125,0.9033203125,0.15869140625,0.01220703125,0.06103515625,1.30615234375,0.0244140625,-0.91552734375,0.09765625,-0.40283203125,-0.15869140625,-0.98876953125,-0.048828125,-0.79345703125,0.06103515625,-1.35498046875,-0.146484375,-0.08544921875,0,-0.0732421875,-0.18310546875,-0.927734375,0.0732421875,-0.69580078125,-0.1953125,-0.732421875,0.0732421875,-0.6591796875,0.01220703125,-0.0732421875,-0.048828125,-1.28173828125,0.15869140625,-2.06298828125,-0.10986328125,-1.4404296875,0.01220703125,-0.0732421875,0.01220703125,0.29296875,-0.0732421875,-0.0244140625,-0.06103515625,-0.09765625,0,0.15869140625,-0.20751953125,0.03662109375,-0.0732421875,0.76904296875,0.048828125,-0.5126953125,0.03662109375,-0.59814453125
0,-0.048828125,-0.37841796875,-0.20751953125,-0.37841796875,0.67138671875,-0.4150390625,-0.1708984375,-0.0732421875,-0.3662109375,-0.0244140625,-0.10986328125,-0.86669921875,0,1.08642578125,-0.08544921875,-0.146484375,-0.06103515625,-0.54931640625,-0.0244140625,-0.09765625,0.10986328125,0.8544921875,-0.0244140625,-0.6103515625,-0.08544921875,2.1484375,-0.23193359375,3.125,-0.03662109375,3.89404296875,-0.25634765625,2.83203125,0.32958984375,3.38134765625,-0.6103515625,0.15869140625,-0.03662109375,0.47607421875,-0.45166015625,0.37841796875,0.15869140625,-0.25634765625,-0.40283203125,-0.7080078125,0.18310546875,-0.35400390625,-1.0986328125,0.62255859375,-0.23193359375,1.11083984375,0.15869140625,0.439453125,-0.15869140625,-0.0732421875,0.634765625,0.7080078125,-0.537109375,2.08740234375,0.01220703125,1.2451171875,-0.13427734375,2.67333984375,-0.23193359375,1.62353515625,0.0244140625,0.08544921875,-0.32958984375,0.98876953125,-0.1708984375,0.18310546875,-0.146484375,0.10986328125,-0.23193359375,0.2197265625,-0.0732421875,0.87890625,0.18310546875,0,0.09765625,1.2939453125,0,-0.89111328125,0.048828125,-0.40283203125,-0.06103515625,-0.98876953125,-0.08544921875,-0.79345703125,0.01220703125,-1.42822265625,-0.1953125,-0.18310546875,-0.03662109375,-0.1220703125,-0.1708984375,-1.0009765625,0.03662109375,-0.69580078125,-0.146484375,-0.74462890625,0.03662109375,-0.64697265625,-0.0244140625,-0.0732421875,-0.03662109375,-1.2939453125,0.048828125,-2.08740234375,-0.09765625,-1.52587890625,0.048828125,-0.09765625,-0.0244140625,0.29296875,-0.08544921875,-0.0244140625,-0.06103515625,-0.09765625,0.01220703125,0.15869140625,-0.20751953125,-0.01220703125,-0.0732421875,0.76904296875,0,-0.5126953125,0.048828125,-0.5859375
0,-0.06103515625,-0.40283203125,-0.20751953125,-0.37841796875,0.6591796875,-0.4150390625,-0.15869140625,-0.0732421875,-0.3662109375,-0.03662109375,-0.09765625,-0.86669921875,0.01220703125,1.11083984375,-0.06103515625,-0.15869140625,-0.0244140625,-0.5615234375,0.01220703125,-0.1220703125,0.1220703125,0.87890625,0.06103515625,-0.62255859375,-0.18310546875,1.7578125,-0.13427734375,2.42919921875,0.08544921875,3.4423828125,-0.30517578125,2.4169921875,0.3662109375,2.67333984375,-0.52490234375,-0.048828125,-0.03662109375,0.28076171875,-0.4638671875,0.15869140625,0.09765625,-0.2685546875,-0.45166015625,-0.7080078125,0.13427734375,-0.341796875,-1.1474609375,0.62255859375,-0.25634765625,1.13525390625,0.18310546875,0.42724609375,-0.1708984375,-0.048828125,0.7080078125,0.7080078125,-0.6103515625,1.611328125,0,0.87890625,-0.15869140625,1.91650390625,-0.28076171875,1.13525390625,-0.01220703125,0.15869140625,-0.32958984375,1.025390625,-0.10986328125,0.20751953125,-0.18310546875,0.13427734375,-0.2197265625,0.23193359375,0.01220703125,0.87890625,0.2197265625,-0.01220703125,0.09765625,1.30615234375,-0.0244140625,-0.91552734375,0.01220703125,-0.40283203125,-0.01220703125,-0.9765625,-0.10986328125,-0.79345703125,0.0244140625,-1.47705078125,-0.23193359375,-0.28076171875,0,-0.18310546875,-0.1708984375,-1.0498046875,-0.0244140625,-0.7080078125,-0.0732421875,-0.74462890625,0,-0.634765625,-0.03662109375,-0.0732421875,-0.06103515625,-1.30615234375,-0.08544921875,-2.099609375,-0.13427734375,-1.55029296875,0.06103515625,-0.09765625,-0.048828125,0.28076171875,-0.06103515625,-0.0244140625,-0.0732421875,-0.08544921875,0,0.15869140625,-0.2197265625,-0.06103515625,-0.0732421875,0.78125,-0.01220703125,-0.52490234375,0.08544921875,-0.5859375
0,-0.048828125,-0.390625,-0.20751953125,-0.35400390625,0.634765625,-0.40283203125,-0.1953125,-0.08544921875,-0.32958984375,-0.048828125,-0.08544921875,-0.86669921875,0.01220703125,1.08642578125,-0.01220703125,-0.1708984375,0.01220703125,-0.5859375,0.0732421875,-0.1220703125,0.13427734375,0.86669921875,0.18310546875,-0.6103515625,-0.146484375,1.3427734375,0,1.6845703125,0.20751953125,2.99072265625,-0.32958984375,1.98974609375,0.3173828125,1.84326171875,-0.48828125,-0.2685546875,-0.0732421875,0.0732421875,-0.40283203125,-0.06103515625,0.08544921875,-0.28076171875,-0.4638671875,-0.7568359375,0.10986328125,-0.341796875,-1.1962890625,0.6103515625,-0.29296875,1.15966796875,0.146484375,0.40283203125,-0.1708984375,-0.01220703125,0.78125,0.7080078125,-0.6103515625,1.1962890625,0.0244140625,0.62255859375,-0.15869140625,1.30615234375,-0.25634765625,0.69580078125,-0.08544921875,0.2685546875,-0.341796875,1.025390625,-0.048828125,0.2197265625,-0.244140625,0.15869140625,-0.18310546875,0.23193359375,0.06103515625,0.87890625,0.244140625,-0.0244140625,0.09765625,1.318359375,-0.0244140625,-0.927734375,-0.03662109375,-0.40283203125,0.048828125,-0.98876953125,-0.0732421875,-0.78125,-0.0244140625,-1.50146484375,-0.28076171875,-0.341796875,0.01220703125,-0.1953125,-0.1708984375,-1.0498046875,-0.08544921875,-0.69580078125,-0.03662109375,-0.7568359375,-0.048828125,-0.6103515625,-0.03662109375,-0.08544921875,-0.08544921875,-1.28173828125,-0.25634765625,-2.08740234375,-0.1953125,-1.55029296875,0.03662109375,-0.09765625,-0.03662109375,0.29296875,-0.048828125,0,-0.06103515625,-0.048828125,0.01220703125,0.15869140625,-0.2197265625,-0.13427734375,-0.0732421875,0.78125,-0.01220703125,-0.50048828125,0.10986328125,-0.5859375
0,-0.048828125,-0.4150390625,-0.2197265625,-0.35400390625,0.634765625,-0.40283203125,-0.146484375,-0.06103515625,-0.32958984375,-0.03662109375,-0.08544921875,-0.89111328125,0,1.08642578125,-0.03662109375,-0.15869140625,0.048828125,-0.57373046875,0.15869140625,-0.13427734375,0.10986328125,0.87890625,0.2685546875,-0.6103515625,-0.1220703125,0.98876953125,0.01220703125,0.927734375,0.2197265625,2.5390625,-0.390625,1.5625,0.30517578125,1.01318359375,-0.390625,-0.47607421875,-0.09765625,-0.09765625,-0.341796875,-0.29296875,0.09765625,-0.30517578125,-0.32958984375,-0.7568359375,0.048828125,-0.37841796875,-1.1474609375,0.634765625,-0.29296875,1.23291015625,0.1220703125,0.390625,-0.1953125,0.0244140625,0.76904296875,0.69580078125,-0.67138671875,0.8544921875,0.01220703125,0.4150390625,-0.09765625,0.81787109375,-0.2685546875,0.3173828125,-0.13427734375,0.29296875,-0.30517578125,1.0498046875,0,0.244140625,-0.28076171875,0.18310546875,-0.15869140625,0.2197265625,0.13427734375,0.87890625,0.25634765625,-0.03662109375,0.06103515625,1.2939453125,0.0244140625,-0.93994140625,-0.08544921875,-0.37841796875,0.09765625,-0.98876953125,-0.0244140625,-0.78125,0.01220703125,-1.4404296875,-0.2197265625,-0.341796875,0.10986328125,-0.13427734375,-0.15869140625,-1.0009765625,-0.09765625,-0.72021484375,-0.0244140625,-0.72021484375,-0.08544921875,-0.59814453125,0,-0.09765625,-0.03662109375,-1.23291015625,-0.29296875,-2.06298828125,-0.1953125,-1.513671875,0.06103515625,-0.06103515625,-0.06103515625,0.30517578125,-0.03662109375,-0.0244140625,-0.0732421875,-0.01220703125,0.01220703125,0.146484375,-0.23193359375,-0.18310546875,-0.06103515625,0.78125,-0.0244140625,-0.50048828125,0.10986328125,-0.57373046875
0,-0.03662109375,-0.390625,-0.23193359375,-0.32958984375,0.634765625,-0.390625,-0.15869140625,-0.06103515625,-0.3173828125,-0.048828125,-0.09765625,-0.87890625,0,1.07421875,-0.03662109375,-0.15869140625,0.08544921875,-0.5615234375,0.25634765625,-0.13427734375,0.0732421875,0.8544921875,0.32958984375,-0.5859375,-0.0244140625,0.68359375,0.1220703125,0.2685546875,0.23193359375,2.16064453125,-0.3173828125,1.20849609375,0.29296875,0.30517578125,-0.29296875,-0.634765625,-0.1220703125,-0.1953125,-0.23193359375,-0.45166015625,0.1708984375,-0.29296875,-0.341796875,-0.732421875,0,-0.390625,-1.15966796875,0.64697265625,-0.32958984375,1.28173828125,0.08544921875,0.40283203125,-0.1953125,0.08544921875,0.76904296875,0.7080078125,-0.6591796875,0.59814453125,0.03662109375,0.244140625,-0.08544921875,0.4638671875,-0.2685546875,0.06103515625,-0.18310546875,0.30517578125,-0.3173828125,1.06201171875,0,0.244140625,-0.35400390625,0.23193359375,-0.1708984375,0.23193359375,0.18310546875,0.89111328125,0.244140625,-0.06103515625,0,1.30615234375,0.048828125,-0.9765625,-0.09765625,-0.37841796875,0.13427734375,-1.0009765625,0.0244140625,-0.78125,0.048828125,-1.35498046875,-0.1953125,-0.30517578125,0.1708984375,-0.048828125,-0.15869140625,-0.86669921875,-0.10986328125,-0.732421875,0.03662109375,-0.69580078125,-0.09765625,-0.57373046875,0.0244140625,-0.10986328125,-0.06103515625,-1.171875,-0.37841796875,-2.01416015625,-0.1953125,-1.42822265625,0.03662109375,-0.0244140625,-0.0732421875,0.3173828125,-0.0244140625,0,-0.08544921875,0,0.0244140625,0.15869140625,-0.25634765625,-0.2197265625,-0.08544921875,0.78125,-0.03662109375,-0.48828125,0.1220703125,-0.57373046875
0,-0.0244140625,-0.40283203125,-0.2685546875,-0.35400390625,0.59814453125,-0.37841796875,-0.146484375,-0.06103515625,-0.3173828125,-0.0244140625,-0.09765625,-0.89111328125,0,1.0986328125,-0.0244140625,-0.18310546875,0.09765625,-0.5615234375,0.341796875,-0.13427734375,0.06103515625,0.86669921875,0.28076171875,-0.5859375,0.0732421875,0.4638671875,0.13427734375,-0.23193359375,0.2197265625,1.904296875,-0.20751953125,0.9765625,0.23193359375,-0.10986328125,-0.244140625,-0.7568359375,-0.09765625,-0.23193359375,-0.1220703125,-0.52490234375,0.2685546875,-0.25634765625,-0.35400390625,-0.72021484375,-0.048828125,-0.40283203125,-1.0498046875,0.72021484375,-0.35400390625,1.35498046875,0.048828125,0.42724609375,-0.1708984375,0.13427734375,0.79345703125,0.7080078125,-0.59814453125,0.40283203125,0.0244140625,0.146484375,0.01220703125,0.244140625,-0.3173828125,-0.13427734375,-0.2197265625,0.29296875,-0.29296875,1.06201171875,0.0244140625,0.244140625,-0.30517578125,0.23193359375,-0.1953125,0.2197265625,0.2197265625,0.89111328125,0.23193359375,-0.0732421875,-0.0732421875,1.2939453125,0.08544921875,-0.9765625,-0.09765625,-0.390625,0.15869140625,-0.98876953125,0.0732421875,-0.79345703125,0.01220703125,-1.220703125,-0.09765625,-0.1953125,0.2685546875,0.09765625,-0.1953125,-0.67138671875,-0.08544921875,-0.72021484375,0.048828125,-0.69580078125,-0.08544921875,-0.57373046875,0.0732421875,-0.08544921875,-0.0244140625,-1.0986328125,-0.40283203125,-1.94091796875,-0.1708984375,-1.3427734375,0.03662109375,0.048828125,-0.08544921875,0.32958984375,-0.01220703125,-0.0244140625,-0.0732421875,0.03662109375,0.048828125,0.1708984375,-0.244140625,-0.244140625,-0.08544921875,0.79345703125,-0.048828125,-0.48828125,0.09765625,-0.5615234375
1,-0.0244140625,-0.37841796875,-0.29296875,-0.3662109375,0.6103515625,-0.3662109375,-0.146484375,-0.0732421875,-0.35400390625,-0.0244140625,-0.10986328125,-0.9033203125,-0.01220703125,1.0986328125,0.0244140625,-0.1708984375,0.08544921875,-0.54931640625,0.35400390625,-0.146484375,0.0244140625,0.8544921875,0.2197265625,-0.54931640625,0.1953125,0.37841796875,0.1220703125,-0.48828125,0.1953125,1.79443359375,-0.08544921875,0.84228515625,0.18310546875,-0.1708984375,-0.1708984375,-0.74462890625,-0.08544921875,-0.20751953125,-0.01220703125,-0.5126953125,0.341796875,-0.2197265625,-0.40283203125,-0.69580078125,-0.0732421875,-0.4150390625,-0.9765625,0.79345703125,-0.390625,1.40380859375,0.06103515625,0.42724609375,-0.18310546875,0.13427734375,0.78125,0.7080078125,-0.5615234375,0.30517578125,-0.0244140625,0.09765625,0,0.146484375,-0.32958984375,-0.244140625,-0.2197265625,0.25634765625,-0.25634765625,1.03759765625,0,0.23193359375,-0.23193359375,0.23193359375,-0.1953125,0.20751953125,0.25634765625,0.927734375,0.1953125,-0.06103515625,-0.1220703125,1.28173828125,0.1220703125,-0.98876953125,-0.0732421875,-0.4150390625,0.146484375,-1.01318359375,0.0244140625,-0.8056640625,0.01220703125,-1.08642578125,-0.03662109375,-0.06103515625,0.35400390625,0.2197265625,-0.23193359375,-0.5126953125,-0.06103515625,-0.72021484375,0.0732421875,-0.69580078125,-0.048828125,-0.5615234375,0.0732421875,-0.08544921875,0.0244140625,-1.01318359375,-0.341796875,-1.904296875,-0.13427734375,-1.2451171875,0.06103515625,0.09765625,-0.08544921875,0.35400390625,0,-0.01220703125,-0.0732421875,0.048828125,0.048828125,0.1708984375,-0.23193359375,-0.2685546875,-0.0732421875,0.81787109375,-0.01220703125,-0.47607421875,0.0732421875,-0.5615234375
1,0,-0.390625,-0.28076171875,-0.3662109375,0.59814453125,-0.37841796875,-0.1708984375,-0.08544921875,-0.32958984375,-0.01220703125,-0.09765625,-0.87890625,-0.01220703125,1.0986328125,0.01220703125,-0.15869140625,0.06103515625,-0.52490234375,0.341796875,-0.13427734375,0,0.86669921875,0.1220703125,-0.5615234375,0.2685546875,0.4150390625,0.06103515625,-0.48828125,0.1953125,1.8310546875,0.01220703125,0.89111328125,0.2685546875,0.146484375,-0.09765625,-0.64697265625,-0.048828125,-0.0732421875,-0.01220703125,-0.37841796875,0.3662109375,-0.18310546875,-0.48828125,-0.68359375,-0.09765625,-0.40283203125,-0.9521484375,0.87890625,-0.4150390625,1.50146484375,0.09765625,0.45166015625,-0.23193359375,0.09765625,0.79345703125,0.72021484375,-0.48828125,0.25634765625,-0.0732421875,0.08544921875,0,0.10986328125,-0.30517578125,-0.3173828125,-0.08544921875,0.1953125,-0.1953125,1.0498046875,-0.0244140625,0.2197265625,-0.20751953125,0.244140625,-0.2197265625,0.2197265625,0.2685546875,0.93994140625,0.10986328125,-0.0732421875,-0.13427734375,1.26953125,0.08544921875,-0.9765625,-0.01220703125,-0.40283203125,0.1220703125,-1.01318359375,-0.01220703125,-0.79345703125,0.0244140625,-1.0009765625,0.146484375,0.03662109375,0.35400390625,0.341796875,-0.1953125,-0.40283203125,-0.06103515625,-0.7080078125,0.08544921875,-0.6591796875,0.0244140625,-0.57373046875,0.06103515625,-0.08544921875,-0.01220703125,-0.9765625,-0.35400390625,-1.85546875,-0.13427734375,-1.171875,0.03662109375,0.146484375,-0.0732421875,0.3662109375,0,0.01220703125,-0.0732421875,0.06103515625,0.06103515625,0.1708984375,-0.2197265625,-0.244140625,-0.048828125,0.830078125,0,-0.45166015625,0.08544921875,-0.5615234375
1,0.01220703125,-0.390625,-0.30517578125,-0.390625,0.5859375,-0.40283203125,-0.1708984375,-0.09765625,-0.3173828125,0,-0.10986328125,-0.87890625,-0.048828125,1.08642578125,-0.0244140625,-0.146484375,0.0244140625,-0.52490234375,0.2685546875,-0.146484375,-0.0732421875,0.87890625,-0.01220703125,-0.54931640625,0.30517578125,0.59814453125,0.08544921875,-0.18310546875,0.20751953125,2.05078125,0.06103515625,1.08642578125,0.3173828125,0.84228515625,-0.0244140625,-0.439453125,0.01220703125,0.08544921875,0,-0.146484375,0.35400390625,-0.1708984375,-0.48828125,-0.6591796875,-0.048828125,-0.37841796875,-0.91552734375,0.93994140625,-0.42724609375,1.5625,0.13427734375,0.4638671875,-0.30517578125,0.06103515625,0.78125,0.72021484375,-0.42724609375,0.1953125,-0.08544921875,0.0732421875,-0.0732421875,0.1220703125,-0.25634765625,-0.32958984375,-0.0732421875,0.146484375,-0.1708984375,1.0498046875,-0.06103515625,0.20751953125,-0.1220703125,0.25634765625,-0.13427734375,0.20751953125,0.30517578125,0.98876953125,0.08544921875,-0.08544921875,-0.1708984375,1.26953125,0.0732421875,-0.9521484375,0.01220703125,-0.4150390625,0.0732421875,-1.0009765625,-0.09765625,-0.81787109375,-0.01220703125,-0.93994140625,0.23193359375,0.08544921875,0.35400390625,0.35400390625,-0.20751953125,-0.341796875,-0.03662109375,-0.69580078125,0.0732421875,-0.68359375,0.09765625,-0.5859375,0.048828125,-0.06103515625,0,-0.9521484375,-0.244140625,-1.84326171875,-0.13427734375,-1.123046875,0.048828125,0.18310546875,-0.08544921875,0.3662109375,-0.01220703125,-0.0244140625,-0.0732421875,0.03662109375,0.0732421875,0.18310546875,-0.20751953125,-0.20751953125,-0.06103515625,0.830078125,-0.01220703125,-0.439453125,0.09765625,-0.5615234375
1,0.0244140625,-0.390625,-0.30517578125,-0.390625,0.59814453125,-0.390625,-0.15869140625,-0.08544921875,-0.3173828125,0,-0.1220703125,-0.9033203125,-0.048828125,1.0986328125,0.01220703125,-0.1220703125,0.0244140625,-0.537109375,0.23193359375,-0.13427734375,-0.13427734375,0.86669921875,-0.08544921875,-0.5615234375,0.3662109375,0.9033203125,0.09765625,0.40283203125,0.28076171875,2.392578125,0.08544921875,1.4404296875,0.25634765625,1.904296875,0.06103515625,-0.13427734375,0.048828125,0.35400390625,-0.03662109375,0.1708984375,0.35400390625,-0.146484375,-0.439453125,-0.64697265625,0,-0.3662109375,-0.87890625,1.025390625,-0.4638671875,1.62353515625,0.18310546875,0.47607421875,-0.40283203125,-0.0244140625,0.72021484375,0.732421875,-0.40283203125,0.18310546875,-0.08544921875,0.09765625,-0.13427734375,0.10986328125,-0.1953125,-0.3173828125,-0.01220703125,0.1220703125,-0.08544921875,1.03759765625,-0.1220703125,0.1953125,-0.03662109375,0.244140625,-0.03662109375,0.20751953125,0.3662109375,0.98876953125,0,-0.08544921875,-0.18310546875,1.25732421875,0.0244140625,-0.96435546875,0.048828125,-0.42724609375,0.01220703125,-1.025390625,-0.1708984375,-0.81787109375,0.03662109375,-0.9765625,0.2197265625,0.0732421875,0.341796875,0.32958984375,-0.146484375,-0.390625,-0.0244140625,-0.69580078125,0.048828125,-0.69580078125,0.15869140625,-0.59814453125,0.01220703125,-0.06103515625,-0.0244140625,-0.91552734375,-0.15869140625,-1.806640625,-0.15869140625,-1.1474609375,0.0244140625,0.20751953125,-0.08544921875,0.35400390625,-0.0244140625,-0.0244140625,-0.06103515625,0.0244140625,0.06103515625,0.18310546875,-0.1953125,-0.13427734375,-0.06103515625,0.830078125,0,-0.45166015625,0.09765625,-0.5615234375
1,0.03662109375,-0.40283203125,-0.28076171875,-0.40283203125,0.57373046875,-0.4150390625,-0.15869140625,-0.0732421875,-0.341796875,0.01220703125,-0.1220703125,-0.87890625,-0.03662109375,1.0986328125,0.01220703125,-0.10986328125,0.01220703125,-0.54931640625,0.18310546875,-0.13427734375,-0.146484375,0.86669921875,-0.08544921875,-0.5615234375,0.29296875,1.3427734375,0.048828125,1.23291015625,0.25634765625,2.9296875,-0.0244140625,1.96533203125,0.40283203125,3.1494140625,0.08544921875,0.20751953125,0.0732421875,0.634765625,-0.1220703125,0.5615234375,0.341796875,-0.146484375,-0.37841796875,-0.62255859375,0.01220703125,-0.3662109375,-1.0009765625,1.11083984375,-0.50048828125,1.6845703125,0.1953125,0.439453125,-0.48828125,-0.08544921875,0.67138671875,0.72021484375,-0.30517578125,0.1708984375,-0.03662109375,0.13427734375,-0.2685546875,0.1220703125,-0.0732421875,-0.3173828125,-0.10986328125,0.1220703125,0,1.03759765625,-0.15869140625,0.1953125,0.0244140625,0.23193359375,0.0732421875,0.2197265625,0.341796875,0.98876953125,-0.0732421875,-0.048828125,-0.1708984375,1.25732421875,0,-0.9521484375,0.048828125,-0.439453125,-0.0732421875,-1.025390625,-0.23193359375,-0.8056640625,0.01220703125,-1.08642578125,0.30517578125,-0.048828125,0.30517578125,0.1953125,-0.10986328125,-0.54931640625,0.0244140625,-0.68359375,0.03662109375,-0.7080078125,0.20751953125,-0.6103515625,-0.01220703125,-0.048828125,-0.03662109375,-0.93994140625,-0.048828125,-1.79443359375,-0.13427734375,-1.15966796875,0,0.2197265625,-0.10986328125,0.3662109375,-0.01220703125,-0.01220703125,-0.0732421875,0.03662109375,0.0732421875,0.18310546875,-0.1953125,-0.0244140625,-0.03662109375,0.8544921875,0,-0.42724609375,0.09765625,-0.52490234375
1,0.048828125,-0.4150390625,-0.28076171875,-0.40283203125,0.5859375,-0.42724609375,-0.15869140625,-0.06103515625,-0.341796875,-0.0244140625,-0.13427734375,-0.87890625,-0.048828125,1.07421875,-0.01220703125,-0.0732421875,-0.0244140625,-0.54931640625,0.13427734375,-0.15869140625,-0.20751953125,0.8544921875,-0.10986328125,-0.59814453125,0.2197265625,1.904296875,0.1220703125,2.33154296875,0.29296875,3.57666015625,-0.1220703125,2.57568359375,0.439453125,4.47998046875,0.0732421875,0.5615234375,0.08544921875,0.9521484375,-0.2197265625,0.96435546875,0.30517578125,-0.18310546875,-0.25634765625,-0.6103515625,0.03662109375,-0.3662109375,-0.9521484375,1.171875,-0.5126953125,1.708984375,0.244140625,0.42724609375,-0.57373046875,-0.1953125,0.59814453125,0.69580078125,-0.30517578125,0.1708984375,0.0244140625,0.13427734375,-0.1220703125,0.09765625,-0.0244140625,-0.3173828125,-0.09765625,0.146484375,0.10986328125,1.03759765625,-0.13427734375,0.1708984375,0.06103515625,0.244140625,0.18310546875,0.23193359375,0.2685546875,0.98876953125,-0.1220703125,-0.01220703125,-0.20751953125,1.26953125,-0.01220703125,-0.9521484375,0.048828125,-0.42724609375,-0.18310546875,-1.025390625,-0.28076171875,-0.830078125,0.06103515625,-1.26953125,0.30517578125,-0.1953125,0.29296875,0.01220703125,-0.03662109375,-0.78125,0.048828125,-0.68359375,-0.01220703125,-0.7080078125,0.20751953125,-0.634765625,-0.048828125,-0.06103515625,-0.06103515625,-0.96435546875,0.06103515625,-1.8310546875,-0.08544921875,-1.220703125,0,0.20751953125,-0.13427734375,0.35400390625,0,-0.0244140625,-0.06103515625,0.01220703125,0.09765625,0.1708984375,-0.18310546875,0.03662109375,-0.03662109375,0.8544921875,0,-0.42724609375,0.08544921875,-0.54931640625
1,0.06103515625,-0.4150390625,-0.2685546875,-0.40283203125,0.5859375,-0.45166015625,-0.146484375,-0.0732421875,-0.32958984375,-0.048828125,-0.13427734375,-0.8544921875,-0.03662109375,1.08642578125,0.01220703125,-0.08544921875,-0.0732421875,-0.5615234375,0.09765625,-0.146484375,-0.2197265625,0.87890625,-0.048828125,-0.59814453125,0.1220703125,2.52685546875,0.03662109375,3.515625,0.23193359375,4.345703125,-0.23193359375,3.271484375,0.30517578125,5.74951171875,0.06103515625,0.9033203125,0.0732421875,1.2451171875,-0.30517578125,1.35498046875,0.2685546875,-0.2197265625,-0.20751953125,-0.6103515625,0.06103515625,-0.341796875,-1.025390625,1.18408203125,-0.439453125,1.74560546875,0.28076171875,0.42724609375,-0.634765625,-0.2685546875,0.50048828125,0.69580078125,-0.30517578125,0.1953125,0.10986328125,0.1708984375,-0.20751953125,0.08544921875,0.1220703125,-0.2685546875,-0.10986328125,0.18310546875,0.1708984375,1.03759765625,-0.10986328125,0.15869140625,0.06103515625,0.2197265625,0.25634765625,0.23193359375,0.20751953125,0.9521484375,-0.1220703125,-0.0244140625,-0.18310546875,1.28173828125,-0.03662109375,-0.93994140625,0.01220703125,-0.4150390625,-0.244140625,-1.025390625,-0.2685546875,-0.84228515625,0.08544921875,-1.45263671875,0.2685546875,-0.37841796875,0.29296875,-0.1953125,-0.0244140625,-1.0009765625,0.08544921875,-0.69580078125,-0.0244140625,-0.732421875,0.13427734375,-0.634765625,-0.09765625,-0.0732421875,-0.10986328125,-0.98876953125,0.1220703125,-1.86767578125,-0.10986328125,-1.30615234375,0,0.1953125,-0.1708984375,0.341796875,0.03662109375,-0.03662109375,-0.0732421875,0.01220703125,0.09765625,0.1953125,-0.1953125,0.10986328125,-0.0244140625,0.84228515625,0.01220703125,-0.45166015625,0.09765625,-0.537109375
1,0.0732421875,-0.40283203125,-0.25634765625,-0.40283203125,0.57373046875,-0.45166015625,-0.13427734375,-0.08544921875,-0.30517578125,-0.048828125,-0.146484375,-0.87890625,-0.03662109375,1.06201171875,0.06103515625,-0.09765625,-0.13427734375,-0.5615234375,0.10986328125,-0.146484375,-0.2197265625,0.87890625,-0.01220703125,-0.59814453125,-0.048828125,3.18603515625,0,4.7607421875,0.13427734375,5.1513671875,-0.37841796875,3.9794921875,0.30517578125,6.84814453125,0.048828125,1.1962890625,0.048828125,1.4892578125,-0.390625,1.72119140625,0.1953125,-0.25634765625,-0.1953125,-0.59814453125,0.03662109375,-0.35400390625,-1.06201171875,1.18408203125,-0.341796875,1.74560546875,0.3173828125,0.390625,-0.67138671875,-0.341796875,0.40283203125,0.68359375,-0.30517578125,0.244140625,0.18310546875,0.1708984375,-0.23193359375,0.048828125,0.18310546875,-0.23193359375,-0.0244140625,0.20751953125,0.1708984375,1.03759765625,-0.06103515625,0.1708984375,0.048828125,0.20751953125,0.25634765625,0.23193359375,0.13427734375,0.91552734375,-0.10986328125,-0.0244140625,-0.1708984375,1.2939453125,0,-0.9765625,-0.0244140625,-0.4150390625,-0.32958984375,-1.025390625,-0.25634765625,-0.81787109375,0.08544921875,-1.59912109375,0.28076171875,-0.52490234375,0.3173828125,-0.35400390625,-0.0244140625,-1.23291015625,0.08544921875,-0.69580078125,-0.0244140625,-0.732421875,0.0732421875,-0.64697265625,-0.146484375,-0.0732421875,-0.1220703125,-1.03759765625,0.15869140625,-1.904296875,-0.1708984375,-1.3427734375,0.048828125,0.15869140625,-0.20751953125,0.341796875,0.048828125,-0.048828125,-0.08544921875,0,0.09765625,0.18310546875,-0.1953125,0.18310546875,-0.03662109375,0.830078125,0.048828125,-0.45166015625,0.0732421875,-0.537109375
1,0.08544921875,-0.40283203125,-0.28076171875,-0.40283203125,0.537109375,-0.42724609375,-0.13427734375,-0.08544921875,-0.30517578125,-0.03662109375,-0.13427734375,-0.86669921875,-0.03662109375,1.08642578125,0.03662109375,-0.1220703125,-0.1953125,-0.5615234375,0.146484375,-0.146484375,-0.20751953125,0.89111328125,-0.01220703125,-0.62255859375,-0.10986328125,3.86962890625,-0.03662109375,5.99365234375,0.01220703125,5.94482421875,-0.35400390625,4.6875,0.13427734375,7.6904296875,0.03662109375,1.3916015625,0.01220703125,1.6845703125,-0.4638671875,2.001953125,0.146484375,-0.30517578125,-0.13427734375,-0.59814453125,0.01220703125,-0.341796875,-1.0498046875,1.13525390625,-0.244140625,1.7333984375,0.3173828125,0.390625,-0.7080078125,-0.35400390625,0.35400390625,0.68359375,-0.3662109375,0.29296875,0.25634765625,0.18310546875,-0.23193359375,0.03662109375,0.25634765625,-0.2197265625,0.1708984375,0.28076171875,0.23193359375,1.03759765625,0,0.18310546875,0.0244140625,0.1953125,0.28076171875,0.23193359375,0.06103515625,0.927734375,-0.08544921875,-0.0244140625,-0.18310546875,1.30615234375,0.03662109375,-0.9765625,-0.03662109375,-0.4150390625,-0.4150390625,-1.0009765625,-0.23193359375,-0.830078125,0.08544921875,-1.67236328125,0.2197265625,-0.537109375,0.30517578125,-0.439453125,-0.0732421875,-1.3427734375,0.0732421875,-0.7080078125,-0.0244140625,-0.732421875,-0.0244140625,-0.634765625,-0.18310546875,-0.08544921875,-0.146484375,-1.06201171875,0.13427734375,-1.953125,-0.2197265625,-1.40380859375,0.10986328125,0.1220703125,-0.1953125,0.3662109375,0.0732421875,-0.06103515625,-0.06103515625,-0.01220703125,0.08544921875,0.1708984375,-0.20751953125,0.244140625,-0.03662109375,0.830078125,0.048828125,-0.45166015625,0.06103515625,-0.537109375
1,0.09765625,-0.390625,-0.28076171875,-0.390625,0.50048828125,-0.40283203125,-0.1220703125,-0.09765625,-0.2685546875,-0.048828125,-0.10986328125,-0.86669921875,0,1.08642578125,0.08544921875,-0.1220703125,-0.25634765625,-0.5859375,0.15869140625,-0.1220703125,-0.1708984375,0.89111328125,-0.01220703125,-0.62255859375,-0.20751953125,4.45556640625,-0.1953125,7.080078125,-0.15869140625,6.67724609375,-0.3173828125,5.322265625,0,8.1787109375,-0.01220703125,1.52587890625,0.0244140625,1.81884765625,-0.48828125,2.18505859375,0.146484375,-0.29296875,-0.08544921875,-0.5859375,-0.0244140625,-0.3662109375,-1.06201171875,1.07421875,-0.10986328125,1.708984375,0.30517578125,0.37841796875,-0.79345703125,-0.341796875,0.30517578125,0.69580078125,-0.40283203125,0.341796875,0.30517578125,0.18310546875,-0.30517578125,0.03662109375,0.37841796875,-0.18310546875,0.10986328125,0.3662109375,0.2685546875,1.025390625,0.0244140625,0.18310546875,-0.048828125,0.20751953125,0.3173828125,0.2197265625,0.03662109375,0.9033203125,-0.06103515625,-0.03662109375,-0.1953125,1.30615234375,0.06103515625,-1.0009765625,-0.09765625,-0.40283203125,-0.4638671875,-0.98876953125,-0.1953125,-0.81787109375,0.0244140625,-1.64794921875,0.2197265625,-0.37841796875,0.29296875,-0.40283203125,-0.1220703125,-1.30615234375,0.03662109375,-0.7080078125,0,-0.732421875,-0.10986328125,-0.62255859375,-0.1953125,-0.08544921875,-0.1220703125,-1.07421875,0.08544921875,-1.953125,-0.25634765625,-1.45263671875,0.15869140625,0.10986328125,-0.20751953125,0.35400390625,0.048828125,-0.048828125,-0.08544921875,-0.0244140625,0.08544921875,0.1708984375,-0.1953125,0.29296875,-0.048828125,0.81787109375,0.048828125,-0.45166015625,0.03662109375,-0.54931640625
1,0.09765625,-0.37841796875,-0.28076171875,-0.3662109375,0.47607421875,-0.40283203125,-0.10986328125,-0.10986328125,-0.244140625,-0.06103515625,-0.10986328125,-0.89111328125,0,1.0986328125,0.08544921875,-0.08544921875,-0.23193359375,-0.57373046875,0.1953125,-0.1220703125,-0.10986328125,0.89111328125,0,-0.59814453125,-0.23193359375,4.9560546875,-0.25634765625,7.958984375,-0.28076171875,7.28759765625,-0.2685546875,5.810546875,-0.0244140625,8.349609375,-0.03662109375,1.55029296875,0.01220703125,1.904296875,-0.50048828125,2.25830078125,0.1220703125,-0.30517578125,-0.1220703125,-0.5859375,-0.06103515625,-0.37841796875,-1.06201171875,0.98876953125,-0.01220703125,1.64794921875,0.2685546875,0.40283203125,-0.830078125,-0.28076171875,0.244140625,0.69580078125,-0.3662109375,0.37841796875,0.32958984375,0.20751953125,-0.32958984375,0.09765625,0.45166015625,-0.146484375,0.10986328125,0.50048828125,0.23193359375,1.025390625,0.03662109375,0.20751953125,-0.10986328125,0.20751953125,0.341796875,0.2197265625,-0.03662109375,0.87890625,-0.03662109375,-0.048828125,-0.2197265625,1.2939453125,0.08544921875,-1.0009765625,-0.10986328125,-0.40283203125,-0.47607421875,-0.98876953125,-0.1953125,-0.8056640625,-0.048828125,-1.45263671875,0.0732421875,-0.06103515625,0.23193359375,-0.1953125,-0.2197265625,-1.06201171875,-0.0244140625,-0.7080078125,0.08544921875,-0.732421875,-0.1708984375,-0.64697265625,-0.18310546875,-0.08544921875,-0.08544921875,-1.08642578125,0,-1.96533203125,-0.20751953125,-1.45263671875,0.20751953125,0.09765625,-0.23193359375,0.3662109375,0.0244140625,-0.048828125,-0.0732421875,-0.03662109375,0.08544921875,0.1708984375,-0.1953125,0.341796875,-0.03662109375,0.81787109375,0.06103515625,-0.45166015625,0.048828125,-0.54931640625
1,0.09765625,-0.390625,-0.28076171875,-0.3662109375,0.4638671875,-0.390625,-0.10986328125,-0.10986328125,-0.25634765625,-0.06103515625,-0.10986328125,-0.89111328125,0,1.0986328125,0.09765625,-0.08544921875,-0.2197265625,-0.57373046875,0.23193359375,-0.1220703125,-0.09765625,0.87890625,-0.03662109375,-0.5859375,-0.23193359375,5.322265625,-0.30517578125,8.58154296875,-0.390625,7.72705078125,-0.20751953125,6.16455078125,-0.048828125,8.21533203125,-0.09765625,1.46484375,-0.01220703125,1.8798828125,-0.537109375,2.24609375,0.1708984375,-0.29296875,-0.13427734375,-0.62255859375,-0.048828125,-0.390625,-1.0498046875,0.87890625,0.15869140625,1.59912109375,0.25634765625,0.42724609375,-0.84228515625,-0.1708984375,0.20751953125,0.732421875,-0.3662109375,0.4150390625,0.28076171875,0.20751953125,-0.3662109375,0.1708984375,0.52490234375,-0.10986328125,0.08544921875,0.732421875,0.18310546875,1.03759765625,0.06103515625,0.23193359375,-0.15869140625,0.2197265625,0.3173828125,0.20751953125,-0.048828125,0.91552734375,0.01220703125,-0.06103515625,-0.2685546875,1.28173828125,0.06103515625,-1.01318359375,-0.09765625,-0.40283203125,-0.4150390625,-0.98876953125,-0.1953125,-0.79345703125,-0.1220703125,-1.0986328125,0.048828125,0.50048828125,0.1953125,0.18310546875,-0.2197265625,-0.62255859375,-0.10986328125,-0.7080078125,0.18310546875,-0.7080078125,-0.2197265625,-0.634765625,-0.1708984375,-0.09765625,-0.048828125,-1.08642578125,-0.09765625,-1.9775390625,-0.28076171875,-1.45263671875,0.25634765625,0.08544921875,-0.2197265625,0.3662109375,0.01220703125,-0.03662109375,-0.0732421875,-0.06103515625,0.0732421875,0.15869140625,-0.1953125,0.37841796875,-0.048828125,0.84228515625,0.03662109375,-0.4638671875,0.03662109375,-0.537109375
1,0.08544921875,-0.390625,-0.30517578125,-0.35400390625,0.439453125,-0.40283203125,-0.10986328125,-0.09765625,-0.20751953125,-0.048828125,-0.13427734375,-0.87890625,0.01220703125,1.0986328125,0.09765625,-0.048828125,-0.146484375,-0.57373046875,0.25634765625,-0.10986328125,-0.048828125,0.87890625,-0.06103515625,-0.57373046875,-0.2197265625,5.50537109375,-0.30517578125,8.85009765625,-0.390625,7.958984375,-0.15869140625,6.33544921875,-0.048828125,7.84912109375,-0.15869140625,1.35498046875,0.048828125,1.81884765625,-0.50048828125,2.1240234375,0.28076171875,-0.25634765625,-0.20751953125,-0.62255859375,-0.0244140625,-0.40283203125,-1.0498046875,0.78125,0.3173828125,1.52587890625,0.1953125,0.42724609375,-0.79345703125,-0.1220703125,0.1953125,0.7080078125,-0.29296875,0.4150390625,0.28076171875,0.1953125,-0.244140625,0.29296875,0.5126953125,-0.10986328125,0.01220703125,1.0986328125,0.09765625,1.06201171875,0.01220703125,0.2685546875,-0.15869140625,0.29296875,0.25634765625,0.2197265625,-0.09765625,0.927734375,0.08544921875,-0.06103515625,-0.32958984375,1.28173828125,-0.01220703125,-0.96435546875,-0.08544921875,-0.40283203125,-0.32958984375,-0.9765625,-0.1953125,-0.78125,-0.18310546875,-0.62255859375,-0.0732421875,1.2939453125,0.1220703125,0.69580078125,-0.244140625,-0.01220703125,-0.1708984375,-0.72021484375,0.244140625,-0.68359375,-0.244140625,-0.62255859375,-0.13427734375,-0.09765625,0.01220703125,-1.08642578125,-0.1220703125,-1.94091796875,-0.28076171875,-1.42822265625,0.2685546875,0.08544921875,-0.244140625,0.35400390625,0.01220703125,-0.03662109375,-0.0732421875,-0.06103515625,0.048828125,0.1708984375,-0.1953125,0.4150390625,-0.06103515625,0.8544921875,0,-0.47607421875,0.048828125,-0.54931640625
0,0.0732421875,-0.390625,-0.30517578125,-0.341796875,0.40283203125,-0.4150390625,-0.08544921875,-0.08544921875,-0.20751953125,-0.048828125,-0.13427734375,-0.89111328125,0.0244140625,1.08642578125,0.09765625,-0.01220703125,-0.09765625,-0.5615234375,0.2197265625,-0.1220703125,-0.03662109375,0.89111328125,-0.10986328125,-0.5615234375,-0.1953125,5.4931640625,-0.28076171875,8.80126953125,-0.3173828125,7.958984375,-0.15869140625,6.3232421875,0,7.28759765625,-0.20751953125,1.171875,0.0732421875,1.708984375,-0.5126953125,1.94091796875,0.390625,-0.20751953125,-0.28076171875,-0.6591796875,0.03662109375,-0.40283203125,-0.98876953125,0.69580078125,0.42724609375,1.45263671875,0.18310546875,0.439453125,-0.74462890625,-0.06103515625,0.1708984375,0.7080078125,-0.20751953125,0.390625,0.244140625,0.1953125,-0.37841796875,0.45166015625,0.50048828125,-0.1220703125,0.1220703125,1.62353515625,0.0244140625,1.123046875,-0.03662109375,0.3173828125,-0.2197265625,0.35400390625,0.18310546875,0.1953125,-0.1220703125,0.93994140625,0.09765625,-0.06103515625,-0.32958984375,1.25732421875,-0.048828125,-0.93994140625,-0.048828125,-0.40283203125,-0.25634765625,-0.9765625,-0.1953125,-0.76904296875,-0.244140625,-0.0732421875,-0.06103515625,2.2216796875,0.03662109375,1.318359375,-0.2197265625,0.6591796875,-0.18310546875,-0.7080078125,0.3173828125,-0.6591796875,-0.25634765625,-0.634765625,-0.09765625,-0.09765625,0.01220703125,-1.07421875,-0.1953125,-1.9287109375,-0.29296875,-1.40380859375,0.244140625,0.08544921875,-0.23193359375,0.3662109375,0,-0.0244140625,-0.06103515625,-0.048828125,0.03662109375,0.15869140625,-0.18310546875,0.4150390625,-0.08544921875,0.830078125,0,-0.47607421875,0.048828125,-0.54931640625
0,0.0732421875,-0.37841796875,-0.28076171875,-0.35400390625,0.390625,-0.42724609375,-0.08544921875,-0.0732421875,-0.13427734375,-0.0244140625,-0.10986328125,-0.86669921875,0.0244140625,1.08642578125,0.08544921875,0.0244140625,-0.01220703125,-0.54931640625,0.1708984375,-0.1220703125,-0.1220703125,0.87890625,-0.13427734375,-0.5859375,-0.10986328125,5.28564453125,-0.2197265625,8.43505859375,-0.20751953125,7.71484375,-0.1953125,6.0791015625,0.09765625,6.62841796875,-0.2197265625,0.9765625,0.10986328125,1.52587890625,-0.47607421875,1.74560546875,0.45166015625,-0.1708984375,-0.28076171875,-0.68359375,0.146484375,-0.42724609375,-0.9765625,0.62255859375,0.5126953125,1.40380859375,0.146484375,0.439453125,-0.68359375,-0.048828125,0.20751953125,0.72021484375,-0.146484375,0.37841796875,0.2197265625,0.20751953125,-0.32958984375,0.59814453125,0.5615234375,-0.13427734375,0.1220703125,2.35595703125,-0.0244140625,1.1962890625,-0.10986328125,0.37841796875,-0.2197265625,0.439453125,0.1220703125,0.20751953125,-0.146484375,0.927734375,0.10986328125,-0.06103515625,-0.28076171875,1.28173828125,-0.0732421875,-0.927734375,-0.0244140625,-0.40283203125,-0.1708984375,-0.98876953125,-0.1708984375,-0.78125,-0.244140625,0.50048828125,0.03662109375,3.2958984375,-0.01220703125,1.96533203125,-0.1220703125,1.40380859375,-0.20751953125,-0.7080078125,0.3173828125,-0.68359375,-0.1953125,-0.634765625,-0.08544921875,-0.09765625,-0.0244140625,-1.06201171875,-0.20751953125,-1.91650390625,-0.29296875,-1.35498046875,0.20751953125,0.08544921875,-0.25634765625,0.341796875,-0.01220703125,0,-0.0732421875,-0.03662109375,0.03662109375,0.15869140625,-0.18310546875,0.42724609375,-0.048828125,0.84228515625,0,-0.50048828125,0.03662109375,-0.537109375
0,0.0732421875,-0.390625,-0.2685546875,-0.3662109375,0.35400390625,-0.439453125,-0.08544921875,-0.08544921875,-0.10986328125,-0.0244140625,-0.10986328125,-0.87890625,0.0244140625,1.0986328125,0.08544921875,0.03662109375,0.0732421875,-0.5615234375,0.10986328125,-0.1220703125,-0.1708984375,0.87890625,-0.13427734375,-0.5859375,-0.06103515625,4.89501953125,-0.13427734375,7.80029296875,-0.06103515625,7.26318359375,-0.20751953125,5.70068359375,0.146484375,5.94482421875,-0.20751953125,0.74462890625,0.09765625,1.30615234375,-0.40283203125,1.47705078125,0.47607421875,-0.13427734375,-0.25634765625,-0.72021484375,0.244140625,-0.4150390625,-1.0009765625,0.5859375,0.54931640625,1.416015625,0.10986328125,0.42724609375,-0.6103515625,-0.0732421875,0.244140625,0.72021484375,-0.13427734375,0.32958984375,0.1708984375,0.2197265625,-0.45166015625,0.7568359375,0.5859375,-0.146484375,0.10986328125,3.23486328125,-0.09765625,1.30615234375,-0.1708984375,0.48828125,-0.2197265625,0.54931640625,0.048828125,0.2197265625,-0.146484375,0.93994140625,0.10986328125,-0.06103515625,-0.2685546875,1.2939453125,-0.06103515625,-0.91552734375,-0.03662109375,-0.390625,-0.146484375,-0.98876953125,-0.13427734375,-0.76904296875,-0.2197265625,1.11083984375,0.08544921875,4.40673828125,-0.0244140625,2.62451171875,-0.0732421875,2.16064453125,-0.1953125,-0.69580078125,0.28076171875,-0.67138671875,-0.146484375,-0.64697265625,-0.08544921875,-0.10986328125,-0.01220703125,-1.06201171875,-0.13427734375,-1.89208984375,-0.244140625,-1.3427734375,0.1953125,0.09765625,-0.2685546875,0.341796875,-0.01220703125,-0.0244140625,-0.06103515625,-0.01220703125,0.0244140625,0.15869140625,-0.18310546875,0.40283203125,-0.048828125,0.84228515625,0.01220703125,-0.50048828125,0.01220703125,-0.5615234375
0,0.03662109375,-0.37841796875,-0.2685546875,-0.3662109375,0.3173828125,-0.45166015625,-0.08544921875,-0.08544921875,-0.09765625,0.01220703125,-0.10986328125,-0.89111328125,0,1.08642578125,0.1220703125,0.06103515625,0.13427734375,-0.57373046875,0.048828125,-0.13427734375,-0.244140625,0.87890625,-0.10986328125,-0.5615234375,0.048828125,4.3701171875,-0.048828125,6.94580078125,0.0732421875,6.65283203125,-0.20751953125,5.1513671875,0.13427734375,5.28564453125,-0.13427734375,0.52490234375,0.10986328125,1.11083984375,-0.341796875,1.1962890625,0.37841796875,-0.15869140625,-0.1708984375,-0.732421875,0.341796875,-0.390625,-0.9521484375,0.57373046875,0.54931640625,1.42822265625,0.048828125,0.439453125,-0.5126953125,-0.10986328125,0.244140625,0.7080078125,-0.08544921875,0.28076171875,0.146484375,0.20751953125,-0.439453125,0.89111328125,0.5615234375,-0.18310546875,0.244140625,4.296875,-0.15869140625,1.42822265625,-0.244140625,0.59814453125,-0.18310546875,0.64697265625,-0.01220703125,0.23193359375,-0.10986328125,0.9033203125,0.13427734375,-0.03662109375,-0.2197265625,1.28173828125,-0.06103515625,-0.9033203125,-0.03662109375,-0.390625,-0.13427734375,-0.98876953125,-0.06103515625,-0.76904296875,-0.18310546875,1.62353515625,0.01220703125,5.4931640625,-0.048828125,3.23486328125,-0.0732421875,2.8076171875,-0.1953125,-0.7080078125,0.23193359375,-0.68359375,-0.0732421875,-0.6591796875,-0.09765625,-0.10986328125,-0.06103515625,-1.06201171875,-0.09765625,-1.89208984375,-0.20751953125,-1.33056640625,0.13427734375,0.08544921875,-0.29296875,0.3173828125,0,-0.0244140625,-0.06103515625,-0.0244140625,0.01220703125,0.1708984375,-0.20751953125,0.37841796875,-0.0244140625,0.81787109375,-0.01220703125,-0.50048828125,0.0244140625,-0.537109375
0,0.01220703125,-0.37841796875,-0.25634765625,-0.37841796875,0.29296875,-0.439453125,-0.08544921875,-0.0732421875,-0.0732421875,0,-0.09765625,-0.86669921875,-0.01220703125,1.08642578125,0.1220703125,0.0732421875,0.13427734375,-0.57373046875,0.0244140625,-0.13427734375,-0.30517578125,0.89111328125,-0.08544921875,-0.6103515625,0.10986328125,3.74755859375,0.0244140625,5.94482421875,0.1220703125,5.89599609375,-0.18310546875,4.50439453125,0.1220703125,4.6630859375,-0.0732421875,0.341796875,0.09765625,0.8544921875,-0.30517578125,0.93994140625,0.29296875,-0.1708984375,-0.048828125,-0.7568359375,0.3662109375,-0.37841796875,-0.9033203125,0.57373046875,0.537109375,1.4404296875,0.0244140625,0.42724609375,-0.42724609375,-0.10986328125,0.25634765625,0.72021484375,-0.08544921875,0.2685546875,0.15869140625,0.1953125,-0.48828125,0.96435546875,0.50048828125,-0.18310546875,0.2197265625,5.43212890625,-0.1708984375,1.55029296875,-0.29296875,0.7080078125,-0.13427734375,0.7568359375,-0.048828125,0.244140625,-0.08544921875,0.9033203125,0.09765625,-0.01220703125,-0.146484375,1.28173828125,-0.03662109375,-0.86669921875,-0.03662109375,-0.42724609375,-0.13427734375,-1.0009765625,0,-0.79345703125,-0.146484375,2.01416015625,0,6.494140625,0.03662109375,3.7353515625,-0.08544921875,3.35693359375,-0.15869140625,-0.72021484375,0.1220703125,-0.68359375,0.0244140625,-0.6591796875,-0.06103515625,-0.09765625,-0.08544921875,-1.06201171875,0.01220703125,-1.904296875,-0.146484375,-1.3427734375,0.13427734375,0.08544921875,-0.30517578125,0.3173828125,0.0244140625,-0.01220703125,-0.08544921875,0,0.01220703125,0.1708984375,-0.2197265625,0.3173828125,-0.01220703125,0.8056640625,-0.01220703125,-0.5126953125,0,-0.537109375
0,-0.01220703125,-0.40283203125,-0.2197265625,-0.37841796875,0.244140625,-0.439453125,-0.08544921875,-0.08544921875,-0.03662109375,0,-0.10986328125,-0.89111328125,-0.03662109375,1.08642578125,0.13427734375,0.09765625,0.06103515625,-0.57373046875,0.03662109375,-0.146484375,-0.3173828125,0.9033203125,-0.0732421875,-0.6103515625,0.15869140625,3.0517578125,0.06103515625,4.8583984375,0.146484375,5.09033203125,-0.1220703125,3.77197265625,0.0732421875,4.052734375,-0.01220703125,0.1708984375,0.09765625,0.634765625,-0.28076171875,0.7080078125,0.18310546875,-0.20751953125,-0.03662109375,-0.78125,0.3662109375,-0.3662109375,-0.78125,0.5859375,0.52490234375,1.46484375,0.06103515625,0.42724609375,-0.3662109375,-0.13427734375,0.2685546875,0.69580078125,-0.09765625,0.25634765625,0.08544921875,0.20751953125,-0.59814453125,1.025390625,0.4150390625,-0.18310546875,0.1953125,6.57958984375,-0.1953125,1.6845703125,-0.3173828125,0.81787109375,-0.08544921875,0.87890625,-0.06103515625,0.23193359375,-0.10986328125,0.8544921875,0.09765625,-0.01220703125,-0.10986328125,1.28173828125,0.01220703125,-0.91552734375,-0.03662109375,-0.40283203125,-0.146484375,-1.0009765625,0.048828125,-0.79345703125,-0.1220703125,2.30712890625,0.03662109375,7.31201171875,0.048828125,4.08935546875,-0.146484375,3.7109375,-0.10986328125,-0.72021484375,0.01220703125,-0.7080078125,0.06103515625,-0.6591796875,-0.048828125,-0.09765625,-0.10986328125,-1.08642578125,0.10986328125,-1.9287109375,-0.09765625,-1.318359375,0.10986328125,0.06103515625,-0.3173828125,0.30517578125,0.03662109375,-0.0244140625,-0.048828125,0.01220703125,0,0.15869140625,-0.23193359375,0.28076171875,-0.048828125,0.78125,-0.0244140625,-0.5126953125,0.0244140625,-0.5615234375
0,0.01220703125,-0.390625,-0.2197265625,-0.40283203125,0.1953125,-0.45166015625,-0.0732421875,-0.0732421875,-0.01220703125,-0.0244140625,-0.08544921875,-0.87890625,-0.06103515625,1.08642578125,0.146484375,0.1220703125,-0.06103515625,-0.57373046875,0.01220703125,-0.13427734375,-0.29296875,0.9033203125,-0.06103515625,-0.62255859375,0.1708984375,2.3681640625,0.06103515625,3.74755859375,0.0732421875,4.23583984375,-0.08544921875,3.06396484375,0.0244140625,3.50341796875,0.09765625,0.03662109375,0.0732421875,0.45166015625,-0.29296875,0.45166015625,0.13427734375,-0.28076171875,-0.01220703125,-0.76904296875,0.30517578125,-0.3662109375,-0.74462890625,0.6103515625,0.52490234375,1.46484375,0.08544921875,0.42724609375,-0.25634765625,-0.1220703125,0.29296875,0.72021484375,-0.08544921875,0.29296875,0.08544921875,0.20751953125,-0.57373046875,1.0498046875,0.35400390625,-0.13427734375,0.1953125,7.666015625,-0.244140625,1.7333984375,-0.30517578125,0.927734375,-0.06103515625,0.96435546875,-0.08544921875,0.244140625,-0.09765625,0.89111328125,0.13427734375,-0.01220703125,-0.048828125,1.28173828125,0.048828125,-0.93994140625,-0.03662109375,-0.40283203125,-0.1708984375,-1.025390625,0.09765625,-0.8056640625,-0.048828125,2.45361328125,0.146484375,7.8857421875,0.146484375,4.296875,-0.146484375,3.90625,-0.06103515625,-0.72021484375,-0.10986328125,-0.7080078125,0.0732421875,-0.62255859375,-0.01220703125,-0.09765625,-0.10986328125,-1.0986328125,0.1708984375,-1.9287109375,-0.10986328125,-1.318359375,0.1220703125,0.06103515625,-0.3173828125,0.3173828125,0.06103515625,-0.03662109375,-0.0732421875,-0.01220703125,0.03662109375,0.146484375,-0.23193359375,0.2197265625,-0.03662109375,0.76904296875,-0.048828125,-0.48828125,0.03662109375,-0.537109375
0,0,-0.390625,-0.244140625,-0.390625,0.13427734375,-0.45166015625,-0.0732421875,-0.06103515625,0.0244140625,-0.048828125,-0.08544921875,-0.87890625,-0.09765625,1.08642578125,0.13427734375,0.1220703125,-0.15869140625,-0.59814453125,0.03662109375,-0.13427734375,-0.28076171875,0.9033203125,-0.08544921875,-0.62255859375,0.146484375,1.708984375,0.03662109375,2.67333984375,-0.03662109375,3.4423828125,-0.048828125,2.35595703125,-0.048828125,3.0029296875,0.13427734375,-0.10986328125,0.08544921875,0.29296875,-0.3173828125,0.25634765625,0.09765625,-0.30517578125,-0.0732421875,-0.7568359375,0.23193359375,-0.341796875,-0.74462890625,0.62255859375,0.5126953125,1.46484375,0.09765625,0.4150390625,-0.1953125,-0.08544921875,0.35400390625,0.732421875,-0.09765625,0.32958984375,0.1220703125,0.2197265625,-0.5615234375,1.03759765625,0.244140625,-0.0732421875,0.10986328125,8.55712890625,-0.244140625,1.84326171875,-0.2685546875,1.025390625,-0.08544921875,1.025390625,-0.09765625,0.244140625,-0.08544921875,0.8544921875,0.146484375,-0.0244140625,0.01220703125,1.30615234375,0.0732421875,-0.98876953125,-0.01220703125,-0.42724609375,-0.1953125,-0.98876953125,0.15869140625,-0.8056640625,-0.0244140625,2.47802734375,0.048828125,8.19091796875,0.15869140625,4.35791015625,-0.15869140625,3.96728515625,0.03662109375,-0.72021484375,-0.1953125,-0.7080078125,0.09765625,-0.62255859375,0,-0.10986328125,-0.1220703125,-1.08642578125,0.23193359375,-1.94091796875,-0.13427734375,-1.30615234375,0.1220703125,0.048828125,-0.3173828125,0.30517578125,0.08544921875,-0.0244140625,-0.0732421875,-0.01220703125,0.03662109375,0.15869140625,-0.2197265625,0.1708984375,-0.048828125,0.7568359375,-0.0732421875,-0.48828125,0.048828125,-0.54931640625
0,0,-0.390625,-0.244140625,-0.37841796875,0.08544921875,-0.439453125,-0.048828125,-0.0732421875,0.048828125,-0.06103515625,-0.08544921875,-0.87890625,-0.08544921875,1.08642578125,0.146484375,0.10986328125,-0.25634765625,-0.57373046875,0.01220703125,-0.13427734375,-0.20751953125,0.89111328125,-0.09765625,-0.6103515625,0.13427734375,1.0986328125,0,1.708984375,-0.1708984375,2.685546875,-0.0244140625,1.6845703125,-0.08544921875,2.44140625,0.15869140625,-0.23193359375,0.08544921875,0.15869140625,-0.341796875,0.06103515625,0.1220703125,-0.30517578125,-0.10986328125,-0.74462890625,0.1708984375,-0.35400390625,-0.68359375,0.634765625,0.47607421875,1.416015625,0.0244140625,0.439453125,-0.10986328125,-0.03662109375,0.4150390625,0.732421875,-0.1220703125,0.4150390625,0.08544921875,0.25634765625,-0.57373046875,0.96435546875,0.15869140625,0.0244140625,0.1708984375,9.1796875,-0.244140625,1.86767578125,-0.20751953125,1.07421875,-0.10986328125,1.07421875,-0.09765625,0.23193359375,-0.03662109375,0.84228515625,0.1708984375,-0.0244140625,0,1.28173828125,0.08544921875,-1.01318359375,0.0244140625,-0.390625,-0.23193359375,-0.98876953125,0.20751953125,-0.8056640625,-0.0244140625,2.38037109375,-0.01220703125,8.19091796875,0.1220703125,4.26025390625,-0.13427734375,3.84521484375,0.09765625,-0.732421875,-0.2685546875,-0.69580078125,0.08544921875,-0.6103515625,0,-0.09765625,-0.10986328125,-1.08642578125,0.28076171875,-1.94091796875,-0.1708984375,-1.30615234375,0.13427734375,0.06103515625,-0.3173828125,0.30517578125,0.08544921875,-0.0244140625,-0.0732421875,-0.048828125,0.03662109375,0.15869140625,-0.20751953125,0.1220703125,-0.0244140625,0.76904296875,-0.09765625,-0.52490234375,0.10986328125,-0.54931640625
0,0.01220703125,-0.40283203125,-0.23193359375,-0.3662109375,0.0244140625,-0.4150390625,-0.03662109375,-0.0732421875,0.06103515625,-0.06103515625,-0.08544921875,-0.89111328125,-0.06103515625,1.0986328125,0.13427734375,0.08544921875,-0.3173828125,-0.5615234375,0.01220703125,-0.10986328125,-0.15869140625,0.87890625,-0.146484375,-0.6103515625,0.13427734375,0.537109375,-0.06103515625,0.81787109375,-0.30517578125,1.9775390625,0,1.07421875,-0.06103515625,1.89208984375,0.1708984375,-0.37841796875,0.0732421875,0.01220703125,-0.3662109375,-0.13427734375,0.18310546875,-0.32958984375,-0.146484375,-0.7080078125,0.09765625,-0.3662109375,-0.5859375,0.634765625,0.4638671875,1.3916015625,0.0732421875,0.42724609375,-0.06103515625,0.01220703125,0.4638671875,0.74462890625,-0.1220703125,0.52490234375,0.1220703125,0.29296875,-0.57373046875,0.89111328125,0.146484375,0.13427734375,0.09765625,9.46044921875,-0.244140625,1.8798828125,-0.13427734375,1.11083984375,-0.13427734375,1.07421875,-0.0732421875,0.2197265625,0.0244140625,0.87890625,0.2197265625,-0.06103515625,-0.0244140625,1.26953125,0.06103515625,-1.0498046875,0.06103515625,-0.40283203125,-0.20751953125,-0.98876953125,0.244140625,-0.79345703125,-0.048828125,2.20947265625,-0.0732421875,7.91015625,0.06103515625,4.06494140625,-0.1220703125,3.6376953125,0.1953125,-0.7080078125,-0.29296875,-0.7080078125,0.06103515625,-0.6103515625,0,-0.10986328125,-0.13427734375,-1.08642578125,0.30517578125,-1.94091796875,-0.13427734375,-1.28173828125,0.1220703125,0.09765625,-0.29296875,0.3173828125,0.0732421875,-0.0244140625,-0.06103515625,-0.08544921875,0.01220703125,0.1708984375,-0.244140625,0.08544921875,-0.0732421875,0.74462890625,-0.13427734375,-0.5126953125,0.08544921875,-0.537109375
0,0.01220703125,-0.4150390625,-0.2197265625,-0.3662109375,-0.0244140625,-0.4150390625,-0.0244140625,-0.0732421875,0.09765625,-0.048828125,-0.0732421875,-0.89111328125,-0.0732421875,1.0986328125,0.146484375,0.01220703125,-0.3173828125,-0.57373046875,0.01220703125,-0.13427734375,-0.09765625,0.8544921875,-0.146484375,-0.59814453125,0.0732421875,0.0732421875,-0.06103515625,0.048828125,-0.37841796875,1.3916015625,-0.01220703125,0.52490234375,-0.06103515625,1.318359375,0.18310546875,-0.5126953125,0.08544921875,-0.1220703125,-0.390625,-0.32958984375,0.1953125,-0.28076171875,-0.1708984375,-0.7080078125,0.06103515625,-0.40283203125,-0.5859375,0.634765625,0.4150390625,1.30615234375,0.0732421875,0.42724609375,0,0.06103515625,0.48828125,0.732421875,-0.13427734375,0.62255859375,0.13427734375,0.32958984375,-0.634765625,0.76904296875,0.146484375,0.25634765625,-0.03662109375,9.36279296875,-0.2197265625,1.86767578125,-0.08544921875,1.11083984375,-0.18310546875,1.03759765625,-0.048828125,0.23193359375,0.06103515625,0.84228515625,0.2685546875,-0.0732421875,-0.048828125,1.28173828125,0.01220703125,-1.03759765625,0.1220703125,-0.390625,-0.25634765625,-1.01318359375,0.25634765625,-0.79345703125,-0.0732421875,1.96533203125,-0.08544921875,7.421875,-0.06103515625,3.7841796875,-0.1220703125,3.3203125,0.1953125,-0.732421875,-0.23193359375,-0.7080078125,0.06103515625,-0.59814453125,-0.0244140625,-0.1220703125,-0.13427734375,-1.06201171875,0.28076171875,-1.904296875,-0.09765625,-1.2451171875,0.10986328125,0.146484375,-0.30517578125,0.32958984375,0.06103515625,0,-0.06103515625,-0.09765625,0.0244140625,0.1708984375,-0.25634765625,0.03662109375,-0.08544921875,0.72021484375,-0.1220703125,-0.537109375,0.13427734375,-0.54931640625
0,0.048828125,-0.390625,-0.20751953125,-0.390625,-0.06103515625,-0.390625,-0.01220703125,-0.09765625,0.10986328125,-0.048828125,-0.0732421875,-0.89111328125,-0.06103515625,1.0986328125,0.10986328125,-0.0244140625,-0.30517578125,-0.5615234375,0.01220703125,-0.10986328125,-0.01220703125,0.86669921875,-0.13427734375,-0.5859375,0.0244140625,-0.341796875,-0.08544921875,-0.6103515625,-0.37841796875,0.87890625,-0.0732421875,0.048828125,-0.06103515625,0.74462890625,0.146484375,-0.6591796875,0.0732421875,-0.25634765625,-0.37841796875,-0.5126953125,0.1953125,-0.28076171875,-0.18310546875,-0.67138671875,0.03662109375,-0.40283203125,-0.634765625,0.62255859375,0.40283203125,1.2451171875,0.1220703125,0.4150390625,0.03662109375,0.0732421875,0.52490234375,0.732421875,-0.15869140625,0.68359375,0.13427734375,0.390625,-0.62255859375,0.6591796875,0.1220703125,0.341796875,-0.10986328125,8.9111328125,-0.28076171875,1.81884765625,-0.0732421875,1.0986328125,-0.20751953125,1.0009765625,-0.09765625,0.2197265625,0.1220703125,0.86669921875,0.244140625,-0.0732421875,-0.09765625,1.26953125,-0.03662109375,-1.025390625,0.1708984375,-0.40283203125,-0.25634765625,-1.01318359375,0.2197265625,-0.79345703125,-0.09765625,1.69677734375,-0.08544921875,6.73828125,-0.18310546875,3.4423828125,-0.0732421875,2.978515625,0.1708984375,-0.732421875,-0.15869140625,-0.69580078125,0.0244140625,-0.59814453125,-0.01220703125,-0.10986328125,-0.10986328125,-1.03759765625,0.20751953125,-1.89208984375,-0.03662109375,-1.220703125,0.10986328125,0.18310546875,-0.29296875,0.3173828125,0.03662109375,-0.01220703125,-0.0732421875,-0.09765625,0.01220703125,0.18310546875,-0.18310546875,0.01220703125,-0.0732421875,0.732421875,-0.08544921875,-0.537109375,0.18310546875,-0.57373046875
0,0.06103515625,-0.3662109375,-0.23193359375,-0.3662109375,-0.10986328125,-0.390625,0,-0.08544921875,0.13427734375,-0.0244140625,-0.0732421875,-0.86669921875,-0.0732421875,1.123046875,0.10986328125,-0.0732421875,-0.25634765625,-0.5615234375,0.03662109375,-0.10986328125,0.06103515625,0.8544921875,-0.1220703125,-0.5615234375,-0.03662109375,-0.68359375,-0.1220703125,-1.1474609375,-0.30517578125,0.4150390625,-0.15869140625,-0.3173828125,-0.09765625,0.146484375,0.08544921875,-0.8056640625,0.048828125,-0.3662109375,-0.37841796875,-0.68359375,0.1220703125,-0.23193359375,-0.20751953125,-0.68359375,0.06103515625,-0.40283203125,-0.64697265625,0.59814453125,0.4150390625,1.15966796875,0.1220703125,0.4150390625,0.0244140625,0.06103515625,0.48828125,0.72021484375,-0.146484375,0.74462890625,0.1220703125,0.439453125,-0.634765625,0.54931640625,0.0732421875,0.42724609375,-0.15869140625,8.1787109375,-0.30517578125,1.7822265625,-0.06103515625,1.06201171875,-0.1953125,0.9521484375,-0.146484375,0.20751953125,0.13427734375,0.86669921875,0.23193359375,-0.06103515625,-0.1708984375,1.26953125,-0.09765625,-1.0009765625,0.1953125,-0.40283203125,-0.25634765625,-1.025390625,0.1708984375,-0.76904296875,-0.13427734375,1.4404296875,0.0244140625,6.01806640625,-0.29296875,3.11279296875,-0.03662109375,2.62451171875,0.1220703125,-0.732421875,-0.08544921875,-0.67138671875,0,-0.6103515625,0,-0.1220703125,-0.1220703125,-0.98876953125,0.09765625,-1.85546875,-0.15869140625,-1.18408203125,0.08544921875,0.1953125,-0.30517578125,0.341796875,0.048828125,0.0244140625,-0.08544921875,-0.09765625,0,0.18310546875,-0.13427734375,-0.03662109375,-0.06103515625,0.732421875,-0.048828125,-0.537109375,0.1708984375,-0.57373046875
0,0.048828125,-0.3662109375,-0.2197265625,-0.341796875,-0.1708984375,-0.390625,-0.01220703125,-0.0732421875,0.13427734375,0.01220703125,-0.048828125,-0.8544921875,-0.048828125,1.0986328125,0.1220703125,-0.10986328125,-0.2197265625,-0.5615234375,0.03662109375,-0.09765625,0.09765625,0.8544921875,-0.048828125,-0.57373046875,-0.146484375,-0.91552734375,-0.1708984375,-1.59912109375,-0.2685546875,0.0732421875,-0.2685546875,-0.634765625,-0.1220703125,-0.37841796875,0.13427734375,-0.927734375,0.06103515625,-0.47607421875,-0.35400390625,-0.8544921875,0.048828125,-0.20751953125,-0.23193359375,-0.67138671875,0.08544921875,-0.4150390625,-0.732421875,0.57373046875,0.4150390625,1.123046875,0.0244140625,0.42724609375,-0.0244140625,0.03662109375,0.50048828125,0.72021484375,-0.18310546875,0.78125,0.13427734375,0.47607421875,-0.6103515625,0.45166015625,0.09765625,0.439453125,-0.1708984375,7.275390625,-0.244140625,1.72119140625,-0.048828125,0.98876953125,-0.13427734375,0.89111328125,-0.20751953125,0.20751953125,0.15869140625,0.86669921875,0.1708984375,-0.03662109375,-0.20751953125,1.28173828125,-0.1220703125,-0.9521484375,0.20751953125,-0.40283203125,-0.30517578125,-1.0009765625,0.15869140625,-0.76904296875,-0.146484375,1.20849609375,0.01220703125,5.33447265625,-0.3173828125,2.783203125,0.01220703125,2.30712890625,0.03662109375,-0.732421875,-0.01220703125,-0.634765625,-0.048828125,-0.6103515625,-0.03662109375,-0.10986328125,-0.09765625,-0.9765625,0.0244140625,-1.84326171875,-0.18310546875,-1.15966796875,0.048828125,0.23193359375,-0.29296875,0.341796875,0.06103515625,0.0244140625,-0.0732421875,-0.09765625,0,0.20751953125,-0.1220703125,-0.0732421875,-0.048828125,0.72021484375,-0.0244140625,-0.52490234375,0.146484375,-0.59814453125
1,0.03662109375,-0.37841796875,-0.244140625,-0.341796875,-0.20751953125,-0.40283203125,-0.01220703125,-0.06103515625,0.1708984375,0.01220703125,-0.03662109375,-0.86669921875,-0.03662109375,1.0986328125,0.1220703125,-0.15869140625,-0.13427734375,-0.54931640625,0.06103515625,-0.09765625,0.13427734375,0.86669921875,0,-0.59814453125,-0.15869140625,-1.11083984375,-0.1708984375,-1.9287109375,-0.10986328125,-0.18310546875,-0.30517578125,-0.84228515625,-0.146484375,-0.830078125,0.1220703125,-1.03759765625,0.0732421875,-0.5615234375,-0.29296875,-0.98876953125,0.03662109375,-0.15869140625,-0.1708984375,-0.68359375,0.1220703125,-0.4150390625,-0.78125,0.6103515625,0.4150390625,1.11083984375,-0.03662109375,0.439453125,-0.048828125,-0.03662109375,0.5126953125,0.7080078125,-0.1708984375,0.7568359375,0.1220703125,0.48828125,-0.62255859375,0.3662109375,0.146484375,0.439453125,-0.13427734375,6.31103515625,-0.23193359375,1.67236328125,-0.0732421875,0.91552734375,-0.10986328125,0.87890625,-0.23193359375,0.20751953125,0.1708984375,0.87890625,0.13427734375,-0.01220703125,-0.15869140625,1.26953125,-0.1220703125,-0.89111328125,0.1708984375,-0.42724609375,-0.30517578125,-1.01318359375,0.1708984375,-0.76904296875,-0.20751953125,1.025390625,0.0244140625,4.72412109375,-0.3173828125,2.5390625,0.01220703125,2.03857421875,0,-0.74462890625,0.01220703125,-0.634765625,-0.06103515625,-0.634765625,-0.06103515625,-0.10986328125,-0.06103515625,-0.9765625,-0.0732421875,-1.81884765625,-0.1708984375,-1.15966796875,0.01220703125,0.244140625,-0.3173828125,0.35400390625,0.06103515625,0.0244140625,-0.08544921875,-0.0732421875,0,0.1953125,-0.13427734375,-0.13427734375,-0.048828125,0.732421875,0,-0.5126953125,0.146484375,-0.59814453125
1,0.0244140625,-0.390625,-0.2197265625,-0.35400390625,-0.25634765625,-0.390625,-0.0244140625,-0.048828125,0.1953125,0,-0.03662109375,-0.8544921875,-0.03662109375,1.07421875,0.1220703125,-0.18310546875,-0.08544921875,-0.5859375,0.10986328125,-0.09765625,0.1220703125,0.87890625,0.06103515625,-0.6103515625,-0.10986328125,-1.20849609375,-0.1220703125,-2.11181640625,-0.03662109375,-0.35400390625,-0.3662109375,-0.927734375,-0.146484375,-1.13525390625,0.1220703125,-1.11083984375,0.08544921875,-0.59814453125,-0.244140625,-1.07421875,0.01220703125,-0.13427734375,-0.13427734375,-0.69580078125,0.1708984375,-0.390625,-0.72021484375,0.6591796875,0.37841796875,1.0986328125,-0.10986328125,0.439453125,-0.10986328125,-0.10986328125,0.48828125,0.68359375,-0.146484375,0.7568359375,0.09765625,0.4638671875,-0.5859375,0.30517578125,0.1708984375,0.37841796875,-0.0244140625,5.3955078125,-0.146484375,1.64794921875,-0.08544921875,0.86669921875,-0.03662109375,0.830078125,-0.1953125,0.20751953125,0.18310546875,0.87890625,0.06103515625,0.01220703125,-0.20751953125,1.26953125,-0.06103515625,-0.830078125,0.10986328125,-0.40283203125,-0.2685546875,-1.0009765625,0.18310546875,-0.8056640625,-0.23193359375,0.87890625,0.06103515625,4.30908203125,-0.244140625,2.35595703125,0.01220703125,1.84326171875,-0.03662109375,-0.732421875,0.0732421875,-0.634765625,-0.048828125,-0.62255859375,-0.0732421875,-0.10986328125,-0.048828125,-0.98876953125,-0.09765625,-1.81884765625,-0.1953125,-1.171875,-0.048828125,0.23193359375,-0.3173828125,0.341796875,0.0732421875,0.0244140625,-0.0732421875,-0.08544921875,-0.01220703125,0.2197265625,-0.1220703125,-0.18310546875,-0.01220703125,0.74462890625,-0.0244140625,-0.50048828125,0.146484375,-0.57373046875
1,0.01220703125,-0.390625,-0.18310546875,-0.32958984375,-0.30517578125,-0.40283203125,-0.0244140625,-0.06103515625,0.20751953125,0,-0.01220703125,-0.84228515625,-0.0244140625,1.06201171875,0.1220703125,-0.20751953125,-0.048828125,-0.5615234375,0.18310546875,-0.08544921875,0.08544921875,0.86669921875,0.1220703125,-0.62255859375,-0.06103515625,-1.1962890625,-0.048828125,-2.16064453125,0.01220703125,-0.37841796875,-0.30517578125,-0.9521484375,-0.18310546875,-1.26953125,0.13427734375,-1.1474609375,0.0732421875,-0.62255859375,-0.146484375,-1.0986328125,-0.0244140625,-0.146484375,-0.09765625,-0.69580078125,0.1708984375,-0.37841796875,-0.74462890625,0.7080078125,0.35400390625,1.0986328125,-0.0732421875,0.439453125,-0.18310546875,-0.1953125,0.50048828125,0.69580078125,-0.1220703125,0.72021484375,0.0732421875,0.45166015625,-0.5615234375,0.2685546875,0.20751953125,0.30517578125,-0.0244140625,4.6875,-0.0732421875,1.64794921875,-0.08544921875,0.830078125,0.0244140625,0.830078125,-0.1220703125,0.2197265625,0.1953125,0.8544921875,-0.01220703125,0.01220703125,-0.20751953125,1.2939453125,-0.01220703125,-0.78125,0.048828125,-0.390625,-0.244140625,-0.98876953125,0.23193359375,-0.79345703125,-0.25634765625,0.76904296875,0.09765625,4.04052734375,-0.10986328125,2.2216796875,-0.01220703125,1.708984375,-0.048828125,-0.732421875,0.10986328125,-0.6591796875,-0.01220703125,-0.62255859375,-0.08544921875,-0.10986328125,0.01220703125,-1.0009765625,-0.09765625,-1.79443359375,-0.08544921875,-1.1474609375,-0.09765625,0.20751953125,-0.32958984375,0.32958984375,0.048828125,0.01220703125,-0.08544921875,-0.0732421875,-0.0244140625,0.18310546875,-0.1220703125,-0.20751953125,-0.0244140625,0.74462890625,-0.0244140625,-0.50048828125,0.13427734375,-0.57373046875
1,0,-0.390625,-0.1953125,-0.37841796875,-0.341796875,-0.4150390625,-0.0244140625,-0.06103515625,0.25634765625,-0.01220703125,-0.03662109375,-0.8544921875,-0.0244140625,1.08642578125,0.10986328125,-0.2197265625,-0.048828125,-0.5859375,0.25634765625,-0.10986328125,0.1220703125,0.89111328125,0.15869140625,-0.62255859375,0,-1.123046875,0.01220703125,-2.1240234375,0,-0.3173828125,-0.20751953125,-0.86669921875,-0.1953125,-1.2939453125,0.1220703125,-1.123046875,0.06103515625,-0.62255859375,-0.09765625,-1.08642578125,0.01220703125,-0.15869140625,-0.10986328125,-0.7080078125,0.15869140625,-0.390625,-0.68359375,0.79345703125,0.37841796875,1.13525390625,0.01220703125,0.47607421875,-0.29296875,-0.2685546875,0.47607421875,0.68359375,-0.048828125,0.68359375,0.0244140625,0.40283203125,-0.5615234375,0.25634765625,0.25634765625,0.2197265625,-0.08544921875,4.23583984375,-0.0244140625,1.6357421875,-0.1220703125,0.830078125,0.0732421875,0.830078125,-0.01220703125,0.2197265625,0.15869140625,0.89111328125,-0.08544921875,0.01220703125,-0.20751953125,1.28173828125,0.03662109375,-0.732421875,-0.01220703125,-0.42724609375,-0.15869140625,-0.9765625,0.29296875,-0.78125,-0.30517578125,0.67138671875,0.10986328125,3.8818359375,0.03662109375,2.11181640625,-0.08544921875,1.6357421875,-0.0244140625,-0.732421875,0.13427734375,-0.67138671875,-0.01220703125,-0.62255859375,-0.09765625,-0.08544921875,0.01220703125,-1.0009765625,-0.1220703125,-1.79443359375,-0.01220703125,-1.0986328125,-0.1220703125,0.18310546875,-0.3173828125,0.32958984375,0.03662109375,0.01220703125,-0.0732421875,-0.08544921875,-0.048828125,0.18310546875,-0.0732421875,-0.2197265625,-0.0244140625,0.76904296875,-0.06103515625,-0.48828125,0.10986328125,-0.52490234375
1,0.0244140625,-0.40283203125,-0.15869140625,-0.37841796875,-0.3662109375,-0.42724609375,-0.03662109375,-0.08544921875,0.28076171875,-0.048828125,-0.03662109375,-0.8544921875,-0.03662109375,1.06201171875,0.0732421875,-0.1953125,-0.10986328125,-0.5859375,0.30517578125,-0.09765625,0.0732421875,0.89111328125,0.10986328125,-0.634765625,0.0732421875,-0.9765625,0.03662109375,-1.953125,-0.01220703125,-0.18310546875,-0.08544921875,-0.68359375,-0.146484375,-1.13525390625,0.1708984375,-1.07421875,0.08544921875,-0.59814453125,-0.048828125,-1.06201171875,-0.01220703125,-0.18310546875,-0.18310546875,-0.732421875,0.10986328125,-0.37841796875,-0.59814453125,0.87890625,0.32958984375,1.1962890625,0.03662109375,0.48828125,-0.40283203125,-0.341796875,0.4150390625,0.69580078125,0,0.634765625,-0.01220703125,0.35400390625,-0.52490234375,0.32958984375,0.30517578125,0.13427734375,-0.10986328125,4.06494140625,0.0732421875,1.64794921875,-0.13427734375,0.8544921875,0.13427734375,0.8544921875,0.0732421875,0.2197265625,0.0732421875,0.8544921875,-0.146484375,0,-0.18310546875,1.2939453125,0.09765625,-0.69580078125,-0.0732421875,-0.4150390625,-0.10986328125,-0.98876953125,0.32958984375,-0.78125,-0.2685546875,0.6103515625,0.09765625,3.7841796875,0.2197265625,2.03857421875,-0.13427734375,1.57470703125,-0.08544921875,-0.7080078125,0.13427734375,-0.67138671875,0.0244140625,-0.634765625,-0.1220703125,-0.0732421875,0.03662109375,-0.98876953125,-0.0732421875,-1.7822265625,0.03662109375,-0.96435546875,-0.13427734375,0.1953125,-0.32958984375,0.30517578125,0.01220703125,0,-0.0732421875,-0.06103515625,-0.048828125,0.15869140625,-0.0244140625,-0.244140625,-0.06103515625,0.76904296875,-0.08544921875,-0.47607421875,0.09765625,-0.50048828125
1,0,-0.390625,-0.15869140625,-0.390625,-0.42724609375,-0.4150390625,-0.03662109375,-0.10986328125,0.3173828125,-0.0732421875,-0.03662109375,-0.87890625,0,1.06201171875,0.0732421875,-0.18310546875,-0.20751953125,-0.5859375,0.32958984375,-0.09765625,0.01220703125,0.9033203125,0.048828125,-0.62255859375,0.1220703125,-0.8056640625,0.06103515625,-1.69677734375,-0.0244140625,0.048828125,0.048828125,-0.47607421875,-0.03662109375,-0.84228515625,0.23193359375,-0.96435546875,0.08544921875,-0.5126953125,-0.0732421875,-0.93994140625,0,-0.1953125,-0.29296875,-0.74462890625,0.0732421875,-0.3662109375,-0.54931640625,0.93994140625,0.30517578125,1.28173828125,0.0732421875,0.5126953125,-0.5126953125,-0.35400390625,0.35400390625,0.7080078125,0.048828125,0.62255859375,-0.0244140625,0.32958984375,-0.54931640625,0.390625,0.439453125,0.06103515625,-0.10986328125,4.1015625,0.1220703125,1.64794921875,-0.1220703125,0.87890625,0.146484375,0.84228515625,0.10986328125,0.2197265625,0,0.84228515625,-0.18310546875,-0.01220703125,-0.15869140625,1.28173828125,0.08544921875,-0.67138671875,-0.08544921875,-0.42724609375,-0.06103515625,-0.98876953125,0.341796875,-0.76904296875,-0.23193359375,0.48828125,0.18310546875,3.6865234375,0.32958984375,1.953125,-0.1953125,1.47705078125,-0.09765625,-0.72021484375,0.08544921875,-0.68359375,0.06103515625,-0.62255859375,-0.13427734375,-0.06103515625,0.03662109375,-0.9521484375,-0.0244140625,-1.72119140625,0.048828125,-0.732421875,-0.1220703125,0.2197265625,-0.29296875,0.3173828125,0,0,-0.0732421875,-0.06103515625,-0.03662109375,0.15869140625,-0.08544921875,-0.2197265625,-0.06103515625,0.8056640625,-0.08544921875,-0.45166015625,0.0732421875,-0.47607421875
1,0,-0.40283203125,-0.1708984375,-0.40283203125,-0.45166015625,-0.439453125,-0.03662109375,-0.10986328125,0.32958984375,-0.08544921875,-0.0244140625,-0.89111328125,0,1.06201171875,0.08544921875,-0.15869140625,-0.2685546875,-0.57373046875,0.30517578125,-0.10986328125,-0.03662109375,0.89111328125,-0.03662109375,-0.6103515625,0.15869140625,-0.6103515625,0.0732421875,-1.40380859375,-0.03662109375,0.30517578125,0.146484375,-0.23193359375,0.1220703125,-0.48828125,0.29296875,-0.87890625,0.08544921875,-0.40283203125,-0.01220703125,-0.81787109375,0.0244140625,-0.1953125,-0.37841796875,-0.74462890625,0.03662109375,-0.35400390625,-0.45166015625,1.0009765625,0.29296875,1.37939453125,0.09765625,0.52490234375,-0.54931640625,-0.3662109375,0.2685546875,0.7080078125,0.0732421875,0.634765625,0.01220703125,0.30517578125,-0.537109375,0.47607421875,0.5615234375,0.0244140625,-0.1220703125,4.30908203125,0.15869140625,1.6357421875,-0.06103515625,0.87890625,0.1220703125,0.8544921875,0.09765625,0.2197265625,-0.06103515625,0.84228515625,-0.15869140625,-0.01220703125,-0.1220703125,1.30615234375,0.09765625,-0.67138671875,-0.1220703125,-0.4150390625,-0.01220703125,-1.0009765625,0.341796875,-0.76904296875,-0.15869140625,0.37841796875,0.23193359375,3.515625,0.45166015625,1.81884765625,-0.1708984375,1.35498046875,-0.10986328125,-0.7080078125,0.06103515625,-0.69580078125,0.08544921875,-0.62255859375,-0.18310546875,-0.08544921875,0.01220703125,-0.8544921875,0.0244140625,-1.611328125,0.0244140625,-0.42724609375,-0.08544921875,0.3173828125,-0.29296875,0.29296875,-0.03662109375,0.01220703125,-0.0732421875,-0.048828125,-0.03662109375,0.1708984375,-0.03662109375,-0.1953125,-0.01220703125,0.8056640625,-0.048828125,-0.439453125,0.0732421875,-0.4638671875
1,0,-0.4150390625,-0.15869140625,-0.40283203125,-0.47607421875,-0.4150390625,-0.0244140625,-0.08544921875,0.35400390625,-0.09765625,-0.01220703125,-0.89111328125,-0.01220703125,1.06201171875,0.06103515625,-0.1220703125,-0.29296875,-0.57373046875,0.2685546875,-0.1220703125,-0.1220703125,0.89111328125,-0.09765625,-0.5859375,0.13427734375,-0.4150390625,0.10986328125,-1.11083984375,0,0.54931640625,0.18310546875,-0.0244140625,0.1708984375,-0.15869140625,0.35400390625,-0.79345703125,0.048828125,-0.29296875,-0.0732421875,-0.7080078125,0.048828125,-0.1953125,-0.3662109375,-0.7080078125,0.0244140625,-0.35400390625,-0.35400390625,1.0009765625,0.35400390625,1.46484375,0.06103515625,0.52490234375,-0.59814453125,-0.30517578125,0.1953125,0.72021484375,0,0.634765625,0.0732421875,0.3173828125,-0.54931640625,0.54931640625,0.5615234375,0.0244140625,-0.09765625,4.541015625,0.23193359375,1.59912109375,0,0.86669921875,0.0732421875,0.78125,0.1220703125,0.23193359375,-0.1220703125,0.81787109375,-0.13427734375,-0.03662109375,-0.146484375,1.28173828125,0.0732421875,-0.6591796875,-0.18310546875,-0.4150390625,0.01220703125,-1.01318359375,0.341796875,-0.74462890625,-0.06103515625,0.1953125,0.1953125,3.16162109375,0.5126953125,1.64794921875,-0.1220703125,1.13525390625,-0.09765625,-0.69580078125,0.01220703125,-0.68359375,0.0732421875,-0.59814453125,-0.1708984375,-0.08544921875,-0.03662109375,-0.7080078125,0.09765625,-1.47705078125,-0.03662109375,0,-0.08544921875,0.439453125,-0.29296875,0.30517578125,-0.03662109375,0.01220703125,-0.08544921875,-0.048828125,-0.048828125,0.1708984375,-0.09765625,-0.13427734375,-0.06103515625,0.8056640625,-0.0732421875,-0.4150390625,0.01220703125,-0.45166015625
1,0.01220703125,-0.390625,-0.146484375,-0.40283203125,-0.47607421875,-0.42724609375,-0.03662109375,-0.10986328125,0.35400390625,-0.08544921875,-0.01220703125,-0.91552734375,0.0244140625,1.08642578125,0.06103515625,-0.10986328125,-0.3173828125,-0.57373046875,0.1953125,-0.1220703125,-0.146484375,0.87890625,-0.09765625,-0.57373046875,0.1220703125,-0.30517578125,0.18310546875,-0.86669921875,0.0244140625,0.732421875,0.18310546875,0.13427734375,0.25634765625,0.0732421875,0.42724609375,-0.74462890625,0.06103515625,-0.25634765625,-0.048828125,-0.634765625,0.09765625,-0.1953125,-0.341796875,-0.72021484375,0.01220703125,-0.37841796875,-0.28076171875,1.01318359375,0.40283203125,1.57470703125,0.10986328125,0.52490234375,-0.634765625,-0.244140625,0.09765625,0.72021484375,-0.01220703125,0.64697265625,0.1708984375,0.341796875,-0.537109375,0.59814453125,0.67138671875,0.03662109375,0,4.60205078125,0.2685546875,1.5380859375,0.03662109375,0.830078125,0,0.732421875,0.146484375,0.23193359375,-0.15869140625,0.830078125,-0.0732421875,-0.06103515625,-0.1953125,1.28173828125,0.0244140625,-0.6591796875,-0.1708984375,-0.40283203125,0.0244140625,-1.01318359375,0.35400390625,-0.7568359375,0.01220703125,-0.048828125,0.146484375,2.6611328125,0.5126953125,1.3916015625,-0.048828125,0.8544921875,-0.03662109375,-0.69580078125,-0.048828125,-0.67138671875,0.08544921875,-0.59814453125,-0.15869140625,-0.0732421875,-0.09765625,-0.5126953125,0.1220703125,-1.30615234375,0.048828125,0.5126953125,-0.08544921875,0.634765625,-0.32958984375,0.3173828125,-0.048828125,0.0244140625,-0.06103515625,-0.048828125,-0.06103515625,0.18310546875,-0.15869140625,-0.08544921875,-0.08544921875,0.84228515625,-0.03662109375,-0.390625,0,-0.4150390625
1,0.0244140625,-0.37841796875,-0.15869140625,-0.40283203125,-0.48828125,-0.42724609375,-0.03662109375,-0.10986328125,0.3662109375,-0.09765625,0.01220703125,-0.91552734375,0.01220703125,1.08642578125,0.0732421875,-0.08544921875,-0.341796875,-0.5859375,0.146484375,-0.10986328125,-0.146484375,0.87890625,-0.09765625,-0.57373046875,0.06103515625,-0.25634765625,0.10986328125,-0.72021484375,0.0244140625,0.87890625,0.0732421875,0.20751953125,0.1953125,0.23193359375,0.390625,-0.7080078125,-0.0244140625,-0.244140625,-0.09765625,-0.57373046875,0.09765625,-0.18310546875,-0.25634765625,-0.7080078125,0,-0.3662109375,-0.1708984375,0.9521484375,0.48828125,1.67236328125,0.15869140625,0.50048828125,-0.634765625,-0.18310546875,0.048828125,0.732421875,-0.0732421875,0.68359375,0.2197265625,0.37841796875,-0.50048828125,0.6103515625,0.68359375,0.08544921875,0.09765625,4.45556640625,0.244140625,1.45263671875,0.03662109375,0.74462890625,-0.0732421875,0.64697265625,0.1953125,0.20751953125,-0.20751953125,0.84228515625,-0.03662109375,-0.0732421875,-0.25634765625,1.26953125,0,-0.6591796875,-0.18310546875,-0.40283203125,0,-1.01318359375,0.35400390625,-0.7568359375,0.06103515625,-0.30517578125,0.18310546875,2.001953125,0.5126953125,1.08642578125,0.06103515625,0.50048828125,0,-0.69580078125,-0.09765625,-0.67138671875,0.03662109375,-0.6103515625,-0.13427734375,-0.09765625,-0.15869140625,-0.3173828125,0.1708984375,-1.11083984375,0.01220703125,1.07421875,-0.09765625,0.87890625,-0.3173828125,0.32958984375,-0.048828125,0.01220703125,-0.06103515625,-0.01220703125,-0.048828125,0.1953125,-0.048828125,-0.0244140625,-0.0244140625,0.87890625,0.03662109375,-0.3662109375,-0.01220703125,-0.37841796875
1,0.0244140625,-0.390625,-0.10986328125,-0.40283203125,-0.48828125,-0.439453125,-0.03662109375,-0.08544921875,0.37841796875,-0.08544921875,0.0244140625,-0.89111328125,-0.01220703125,1.0986328125,0.0732421875,-0.09765625,-0.390625,-0.5859375,0.08544921875,-0.1220703125,-0.146484375,0.86669921875,-0.06103515625,-0.57373046875,0.0244140625,-0.244140625,0.146484375,-0.69580078125,0.0244140625,0.9033203125,-0.03662109375,0.1953125,0.146484375,0.20751953125,0.29296875,-0.69580078125,-0.08544921875,-0.2685546875,-0.15869140625,-0.5859375,0.09765625,-0.1953125,-0.18310546875,-0.69580078125,-0.048828125,-0.40283203125,-0.15869140625,0.87890625,0.59814453125,1.7578125,0.15869140625,0.48828125,-0.67138671875,-0.1220703125,-0.01220703125,0.7080078125,-0.13427734375,0.68359375,0.25634765625,0.439453125,-0.52490234375,0.6103515625,0.69580078125,0.15869140625,0.1708984375,4.01611328125,0.20751953125,1.35498046875,0.048828125,0.62255859375,-0.1220703125,0.48828125,0.15869140625,0.2197265625,-0.25634765625,0.830078125,0,-0.10986328125,-0.32958984375,1.26953125,-0.01220703125,-0.6591796875,-0.1708984375,-0.390625,-0.0244140625,-1.01318359375,0.3662109375,-0.79345703125,0.06103515625,-0.57373046875,0.15869140625,1.2939453125,0.42724609375,0.76904296875,0.09765625,0.13427734375,0.0732421875,-0.7080078125,-0.146484375,-0.68359375,0.0244140625,-0.6103515625,-0.13427734375,-0.10986328125,-0.1953125,-0.0732421875,0.15869140625,-0.91552734375,-0.048828125,1.66015625,-0.048828125,1.123046875,-0.29296875,0.341796875,-0.03662109375,0.01220703125,-0.0732421875,-0.03662109375,-0.06103515625,0.18310546875,-0.1220703125,0.06103515625,-0.08544921875,0.91552734375,0,-0.30517578125,-0.06103515625,-0.341796875
1,0.0244140625,-0.390625,-0.10986328125,-0.390625,-0.5126953125,-0.439453125,-0.03662109375,-0.10986328125,0.341796875,-0.0732421875,0.0244140625,-0.89111328125,-0.01220703125,1.08642578125,0.06103515625,-0.10986328125,-0.4150390625,-0.5859375,0.0732421875,-0.1220703125,-0.10986328125,0.87890625,-0.048828125,-0.57373046875,-0.1708984375,-0.32958984375,0.01220703125,-0.79345703125,-0.08544921875,0.8544921875,-0.2197265625,0.13427734375,0.09765625,0.0732421875,0.29296875,-0.74462890625,-0.08544921875,-0.30517578125,-0.1220703125,-0.6103515625,0.048828125,-0.1708984375,-0.1220703125,-0.68359375,-0.09765625,-0.42724609375,-0.1953125,0.8056640625,0.72021484375,1.85546875,0.13427734375,0.45166015625,-0.67138671875,-0.10986328125,-0.0732421875,0.69580078125,-0.10986328125,0.7080078125,0.29296875,0.4638671875,-0.52490234375,0.537109375,0.76904296875,0.20751953125,0.244140625,3.28369140625,0.15869140625,1.2451171875,0,0.48828125,-0.15869140625,0.3662109375,0.10986328125,0.2197265625,-0.28076171875,0.830078125,0.048828125,-0.09765625,-0.40283203125,1.26953125,-0.0244140625,-0.67138671875,-0.13427734375,-0.37841796875,-0.08544921875,-1.025390625,0.3662109375,-0.78125,0.048828125,-0.830078125,0.2197265625,0.6103515625,0.3662109375,0.48828125,0.13427734375,-0.18310546875,0.0732421875,-0.72021484375,-0.13427734375,-0.68359375,0,-0.62255859375,-0.146484375,-0.08544921875,-0.20751953125,0.13427734375,0.10986328125,-0.732421875,0,2.2216796875,-0.0244140625,1.3427734375,-0.30517578125,0.341796875,-0.0244140625,0.01220703125,-0.048828125,-0.048828125,-0.048828125,0.1953125,-0.15869140625,0.1708984375,-0.09765625,0.96435546875,0.0244140625,-0.2685546875,-0.048828125,-0.25634765625
1,0.0244140625,-0.37841796875,-0.09765625,-0.4150390625,-0.50048828125,-0.45166015625,-0.01220703125,-0.13427734375,0.37841796875,-0.048828125,0.03662109375,-0.87890625,-0.0244140625,1.08642578125,0.08544921875,-0.146484375,-0.439453125,-0.5615234375,0.06103515625,-0.13427734375,-0.0732421875,0.87890625,-0.03662109375,-0.57373046875,-0.30517578125,-0.4150390625,-0.10986328125,-0.96435546875,-0.1953125,0.74462890625,-0.2685546875,0.03662109375,-0.0244140625,-0.146484375,0.244140625,-0.8056640625,-0.13427734375,-0.37841796875,-0.146484375,-0.67138671875,0.01220703125,-0.1953125,0.03662109375,-0.69580078125,-0.13427734375,-0.40283203125,-0.18310546875,0.7080078125,0.86669921875,1.89208984375,0.09765625,0.42724609375,-0.732421875,-0.0732421875,-0.0732421875,0.69580078125,-0.1220703125,0.69580078125,0.37841796875,0.47607421875,-0.52490234375,0.42724609375,0.8056640625,0.23193359375,0.29296875,2.33154296875,0.10986328125,1.0986328125,-0.0244140625,0.341796875,-0.2197265625,0.2197265625,0.0732421875,0.20751953125,-0.3173828125,0.81787109375,0.0732421875,-0.0732421875,-0.390625,1.25732421875,-0.048828125,-0.68359375,-0.10986328125,-0.37841796875,-0.1708984375,-1.01318359375,0.30517578125,-0.79345703125,-0.03662109375,-0.9765625,0.244140625,0.10986328125,0.32958984375,0.29296875,0.13427734375,-0.439453125,0.048828125,-0.72021484375,-0.13427734375,-0.69580078125,-0.03662109375,-0.6103515625,-0.18310546875,-0.09765625,-0.1953125,0.3173828125,0.06103515625,-0.57373046875,-0.01220703125,2.6611328125,0.0244140625,1.55029296875,-0.3173828125,0.341796875,-0.01220703125,0.01220703125,-0.06103515625,-0.048828125,-0.0244140625,0.1953125,-0.10986328125,0.23193359375,-0.0244140625,1.03759765625,0.0244140625,-0.18310546875,-0.0244140625,-0.15869140625
0,0,-0.390625,-0.08544921875,-0.40283203125,-0.52490234375,-0.439453125,0,-0.1220703125,0.40283203125,-0.0244140625,0.03662109375,-0.87890625,-0.03662109375,1.0986328125,0.0732421875,-0.18310546875,-0.439453125,-0.57373046875,0.0732421875,-0.1220703125,-0.048828125,0.89111328125,-0.06103515625,-0.5859375,-0.30517578125,-0.5126953125,-0.06103515625,-1.15966796875,-0.2685546875,0.6103515625,-0.23193359375,-0.08544921875,-0.146484375,-0.35400390625,0.18310546875,-0.87890625,-0.146484375,-0.42724609375,-0.1220703125,-0.72021484375,-0.06103515625,-0.1953125,0.13427734375,-0.69580078125,-0.18310546875,-0.390625,-0.15869140625,0.6103515625,1.01318359375,1.9287109375,0.0244140625,0.42724609375,-0.76904296875,-0.08544921875,-0.13427734375,0.72021484375,-0.08544921875,0.634765625,0.40283203125,0.45166015625,-0.54931640625,0.32958984375,0.84228515625,0.244140625,0.29296875,1.35498046875,0.048828125,1.0009765625,-0.09765625,0.1953125,-0.25634765625,0.13427734375,0,0.2197265625,-0.32958984375,0.830078125,0.09765625,-0.048828125,-0.341796875,1.26953125,-0.048828125,-0.7080078125,-0.06103515625,-0.390625,-0.2197265625,-1.025390625,0.244140625,-0.79345703125,-0.1953125,-1.0498046875,0.18310546875,-0.06103515625,0.1953125,0.25634765625,0.0244140625,-0.5126953125,0.01220703125,-0.72021484375,-0.09765625,-0.69580078125,-0.06103515625,-0.62255859375,-0.244140625,-0.09765625,-0.1220703125,0.439453125,-0.0244140625,-0.48828125,-0.06103515625,3.01513671875,0.08544921875,1.708984375,-0.3173828125,0.35400390625,0.0244140625,-0.01220703125,-0.06103515625,-0.048828125,-0.048828125,0.1953125,-0.1708984375,0.32958984375,-0.048828125,1.123046875,-0.01220703125,-0.09765625,-0.01220703125,-0.0244140625
0,0.01220703125,-0.390625,-0.048828125,-0.37841796875,-0.5615234375,-0.4150390625,0.048828125,-0.08544921875,0.439453125,-0.01220703125,0.06103515625,-0.89111328125,-0.03662109375,1.0986328125,0.09765625,-0.1953125,-0.4150390625,-0.59814453125,0.0732421875,-0.1220703125,-0.01220703125,0.87890625,-0.048828125,-0.6103515625,-0.439453125,-0.57373046875,-0.18310546875,-1.33056640625,-0.48828125,0.5126953125,-0.244140625,-0.146484375,-0.15869140625,-0.52490234375,0.09765625,-0.9033203125,-0.1220703125,-0.4638671875,-0.08544921875,-0.74462890625,-0.1220703125,-0.1953125,0.18310546875,-0.69580078125,-0.23193359375,-0.35400390625,-0.15869140625,0.5615234375,1.08642578125,1.9287109375,-0.0244140625,0.42724609375,-0.68359375,-0.1220703125,-0.18310546875,0.7080078125,-0.0244140625,0.5859375,0.40283203125,0.40283203125,-0.59814453125,0.23193359375,0.8056640625,0.244140625,0.341796875,0.4638671875,-0.0244140625,0.93994140625,-0.1708984375,0.08544921875,-0.25634765625,0.048828125,-0.09765625,0.2197265625,-0.30517578125,0.8056640625,0.10986328125,-0.01220703125,-0.341796875,1.26953125,-0.08544921875,-0.732421875,-0.01220703125,-0.4150390625,-0.28076171875,-1.0009765625,0.1708984375,-0.8056640625,-0.32958984375,-0.9033203125,0.23193359375,0.1220703125,0.10986328125,0.40283203125,-0.048828125,-0.37841796875,-0.0732421875,-0.72021484375,-0.03662109375,-0.7080078125,-0.08544921875,-0.62255859375,-0.28076171875,-0.08544921875,-0.06103515625,0.5126953125,-0.09765625,-0.45166015625,-0.09765625,3.173828125,0.048828125,1.806640625,-0.28076171875,0.32958984375,0.0244140625,-0.0244140625,-0.08544921875,-0.048828125,-0.03662109375,0.1953125,-0.13427734375,0.439453125,0,1.220703125,0,0.0244140625,-0.01220703125,0.1220703125
0,0,-0.4150390625,-0.03662109375,-0.35400390625,-0.52490234375,-0.4150390625,0.048828125,-0.08544921875,0.439453125,-0.01220703125,0.06103515625,-0.87890625,-0.03662109375,1.08642578125,0.09765625,-0.1953125,-0.390625,-0.5859375,0.1220703125,-0.10986328125,0.03662109375,0.87890625,-0.0732421875,-0.634765625,-0.47607421875,-0.5859375,-0.2197265625,-1.45263671875,-0.57373046875,0.4638671875,-0.146484375,-0.146484375,-0.1708984375,-0.62255859375,0,-0.91552734375,-0.1220703125,-0.45166015625,-0.1220703125,-0.76904296875,-0.1220703125,-0.23193359375,0.25634765625,-0.7080078125,-0.23193359375,-0.35400390625,-0.146484375,0.50048828125,1.15966796875,1.89208984375,-0.03662109375,0.42724609375,-0.62255859375,-0.18310546875,-0.18310546875,0.72021484375,0.03662109375,0.537109375,0.35400390625,0.32958984375,-0.64697265625,0.146484375,0.79345703125,0.20751953125,0.35400390625,-0.15869140625,-0.08544921875,0.91552734375,-0.20751953125,0.06103515625,-0.244140625,0.03662109375,-0.18310546875,0.2197265625,-0.2685546875,0.8056640625,0.09765625,0.01220703125,-0.29296875,1.28173828125,-0.09765625,-0.76904296875,0.0244140625,-0.390625,-0.32958984375,-0.98876953125,0.09765625,-0.79345703125,-0.40283203125,-0.59814453125,0.2197265625,0.76904296875,0.01220703125,0.72021484375,-0.06103515625,-0.01220703125,-0.13427734375,-0.72021484375,0.0732421875,-0.7080078125,-0.10986328125,-0.634765625,-0.25634765625,-0.09765625,0,0.52490234375,-0.13427734375,-0.439453125,-0.15869140625,3.21044921875,0.0244140625,1.79443359375,-0.28076171875,0.32958984375,0.03662109375,-0.0244140625,-0.06103515625,-0.06103515625,-0.048828125,0.18310546875,-0.09765625,0.537109375,0.048828125,1.318359375,-0.048828125,0.1220703125,0.01220703125,0.30517578125
0,0,-0.390625,-0.0244140625,-0.35400390625,-0.54931640625,-0.4150390625,0.06103515625,-0.09765625,0.439453125,-0.03662109375,0.06103515625,-0.87890625,-0.03662109375,1.0986328125,0.0732421875,-0.1953125,-0.341796875,-0.5859375,0.13427734375,-0.08544921875,0.0244140625,0.9033203125,-0.09765625,-0.62255859375,-0.42724609375,-0.50048828125,-0.1220703125,-1.4404296875,-0.59814453125,0.537109375,-0.048828125,-0.0732421875,-0.13427734375,-0.62255859375,-0.03662109375,-0.89111328125,-0.06103515625,-0.4150390625,-0.08544921875,-0.72021484375,-0.10986328125,-0.244140625,0.28076171875,-0.69580078125,-0.23193359375,-0.3173828125,-0.15869140625,0.48828125,1.1474609375,1.806640625,-0.0244140625,0.42724609375,-0.5615234375,-0.20751953125,-0.2197265625,0.72021484375,0.0732421875,0.50048828125,0.3173828125,0.29296875,-0.732421875,0.13427734375,0.7568359375,0.18310546875,0.2685546875,-0.390625,-0.13427734375,0.927734375,-0.29296875,0.06103515625,-0.1953125,0.08544921875,-0.23193359375,0.244140625,-0.244140625,0.79345703125,0.048828125,0.03662109375,-0.20751953125,1.30615234375,-0.146484375,-0.8056640625,0.0732421875,-0.390625,-0.37841796875,-0.98876953125,0.048828125,-0.79345703125,-0.50048828125,-0.13427734375,0.146484375,1.81884765625,-0.048828125,1.2451171875,-0.09765625,0.54931640625,-0.1708984375,-0.69580078125,0.15869140625,-0.72021484375,-0.13427734375,-0.6103515625,-0.1953125,-0.08544921875,0.048828125,0.4638671875,-0.1220703125,-0.48828125,-0.146484375,3.08837890625,0,1.74560546875,-0.244140625,0.32958984375,0.0244140625,-0.03662109375,-0.06103515625,-0.048828125,-0.0244140625,0.18310546875,-0.13427734375,0.67138671875,-0.0244140625,1.416015625,-0.048828125,0.23193359375,0,0.47607421875
0,-0.0244140625,-0.37841796875,-0.03662109375,-0.35400390625,-0.57373046875,-0.4150390625,0.0732421875,-0.08544921875,0.47607421875,-0.06103515625,0.048828125,-0.89111328125,-0.03662109375,1.11083984375,0.03662109375,-0.1953125,-0.29296875,-0.57373046875,0.13427734375,-0.09765625,0.01220703125,0.87890625,-0.08544921875,-0.62255859375,-0.48828125,-0.35400390625,-0.13427734375,-1.2939453125,-0.5615234375,0.69580078125,-0.0244140625,0.1220703125,-0.03662109375,-0.5126953125,-0.06103515625,-0.81787109375,-0.01220703125,-0.37841796875,-0.01220703125,-0.634765625,-0.0732421875,-0.2685546875,0.30517578125,-0.7080078125,-0.1708984375,-0.341796875,-0.18310546875,0.5126953125,1.0986328125,1.708984375,-0.0244140625,0.4150390625,-0.48828125,-0.2685546875,-0.23193359375,0.72021484375,0.1220703125,0.4638671875,0.30517578125,0.25634765625,-0.8056640625,0.15869140625,0.72021484375,0.13427734375,0.341796875,-0.15869140625,-0.1953125,0.98876953125,-0.32958984375,0.146484375,-0.146484375,0.20751953125,-0.244140625,0.23193359375,-0.23193359375,0.7568359375,0.03662109375,0.048828125,-0.10986328125,1.30615234375,-0.15869140625,-0.84228515625,0.09765625,-0.37841796875,-0.4150390625,-0.98876953125,0.0244140625,-0.78125,-0.50048828125,0.45166015625,0.10986328125,3.16162109375,-0.10986328125,1.904296875,-0.10986328125,1.2939453125,-0.20751953125,-0.69580078125,0.23193359375,-0.72021484375,-0.146484375,-0.59814453125,-0.15869140625,-0.0732421875,0.06103515625,0.35400390625,-0.10986328125,-0.5859375,-0.18310546875,2.8564453125,-0.06103515625,1.62353515625,-0.244140625,0.341796875,0.01220703125,-0.03662109375,-0.06103515625,-0.03662109375,-0.03662109375,0.18310546875,-0.09765625,0.76904296875,-0.01220703125,1.50146484375,-0.06103515625,0.341796875,-0.01220703125,0.62255859375
0,-0.03662109375,-0.37841796875,-0.06103515625,-0.3662109375,-0.6103515625,-0.439453125,0.08544921875,-0.09765625,0.5126953125,-0.06103515625,0.048828125,-0.9033203125,-0.048828125,1.11083984375,0.01220703125,-0.1708984375,-0.244140625,-0.5859375,0.09765625,-0.09765625,-0.048828125,0.89111328125,-0.10986328125,-0.5859375,-0.439453125,-0.146484375,-0.06103515625,-1.06201171875,-0.42724609375,0.93994140625,0.048828125,0.35400390625,0,-0.29296875,-0.08544921875,-0.74462890625,-0.0244140625,-0.32958984375,0.0244140625,-0.52490234375,-0.01220703125,-0.29296875,0.32958984375,-0.72021484375,-0.08544921875,-0.32958984375,-0.1220703125,0.52490234375,1.0498046875,1.6357421875,-0.09765625,0.4150390625,-0.50048828125,-0.2685546875,-0.244140625,0.7080078125,0.13427734375,0.4638671875,0.32958984375,0.244140625,-0.830078125,0.23193359375,0.68359375,0.10986328125,0.341796875,0.54931640625,-0.23193359375,1.0986328125,-0.29296875,0.28076171875,-0.1220703125,0.35400390625,-0.29296875,0.23193359375,-0.23193359375,0.76904296875,0.03662109375,0.0244140625,-0.01220703125,1.2939453125,-0.1220703125,-0.84228515625,0.0732421875,-0.3662109375,-0.47607421875,-1.0009765625,0.01220703125,-0.79345703125,-0.40283203125,1.11083984375,0.048828125,4.6875,-0.1220703125,2.6123046875,-0.06103515625,2.13623046875,-0.1953125,-0.6591796875,0.23193359375,-0.72021484375,-0.1708984375,-0.5859375,-0.1220703125,-0.0732421875,0.06103515625,0.244140625,-0.0244140625,-0.67138671875,-0.29296875,2.587890625,-0.09765625,1.4892578125,-0.2197265625,0.341796875,-0.01220703125,-0.01220703125,-0.06103515625,-0.03662109375,-0.048828125,0.18310546875,-0.048828125,0.8544921875,-0.01220703125,1.57470703125,-0.048828125,0.4150390625,-0.0244140625,0.76904296875
0,-0.048828125,-0.35400390625,-0.06103515625,-0.37841796875,-0.6591796875,-0.42724609375,0.10986328125,-0.09765625,0.52490234375,-0.09765625,0.0732421875,-0.93994140625,-0.048828125,1.123046875,0,-0.1708984375,-0.1708984375,-0.5859375,0.048828125,-0.09765625,-0.13427734375,0.89111328125,-0.10986328125,-0.59814453125,-0.3662109375,0.10986328125,0.048828125,-0.732421875,-0.32958984375,1.26953125,0,0.62255859375,0.01220703125,-0.048828125,-0.08544921875,-0.6591796875,-0.01220703125,-0.25634765625,0.10986328125,-0.42724609375,0,-0.30517578125,0.32958984375,-0.72021484375,0.01220703125,-0.341796875,-0.09765625,0.54931640625,0.98876953125,1.513671875,-0.146484375,0.390625,-0.4150390625,-0.29296875,-0.244140625,0.7080078125,0.1220703125,0.50048828125,0.32958984375,0.244140625,-0.84228515625,0.3173828125,0.78125,0.09765625,0.2685546875,1.64794921875,-0.23193359375,1.28173828125,-0.2197265625,0.45166015625,-0.09765625,0.5126953125,-0.32958984375,0.23193359375,-0.18310546875,0.76904296875,0.0732421875,0,0.048828125,1.2939453125,-0.08544921875,-0.86669921875,0.048828125,-0.3662109375,-0.5126953125,-1.025390625,0.048828125,-0.78125,-0.29296875,1.77001953125,-0.1220703125,6.25,-0.1220703125,3.369140625,-0.06103515625,3.0029296875,-0.1953125,-0.67138671875,0.18310546875,-0.7080078125,-0.1953125,-0.5859375,-0.08544921875,-0.08544921875,0.0732421875,0.1220703125,0.0244140625,-0.79345703125,-0.35400390625,2.294921875,-0.146484375,1.35498046875,-0.23193359375,0.32958984375,-0.01220703125,-0.01220703125,-0.06103515625,-0.0244140625,-0.0732421875,0.1708984375,-0.03662109375,0.91552734375,-0.0244140625,1.611328125,-0.03662109375,0.48828125,-0.03662109375,0.8544921875
0,-0.06103515625,-0.341796875,-0.048828125,-0.390625,-0.67138671875,-0.42724609375,0.1220703125,-0.13427734375,0.5859375,-0.09765625,0.0732421875,-0.93994140625,-0.03662109375,1.1474609375,-0.01220703125,-0.1708984375,-0.13427734375,-0.5615234375,-0.03662109375,-0.09765625,-0.1953125,0.89111328125,-0.08544921875,-0.5859375,-0.35400390625,0.341796875,0.06103515625,-0.4150390625,-0.1953125,1.611328125,-0.03662109375,0.9033203125,0.01220703125,0.1708984375,-0.048828125,-0.57373046875,-0.01220703125,-0.146484375,0.18310546875,-0.32958984375,-0.0244140625,-0.29296875,0.30517578125,-0.7080078125,0.09765625,-0.37841796875,-0.03662109375,0.6103515625,0.91552734375,1.3916015625,-0.15869140625,0.390625,-0.3662109375,-0.244140625,-0.1708984375,0.69580078125,0.08544921875,0.54931640625,0.390625,0.28076171875,-0.8544921875,0.4150390625,0.64697265625,0.1220703125,0.1220703125,3.0029296875,-0.25634765625,1.46484375,-0.18310546875,0.634765625,-0.10986328125,0.69580078125,-0.32958984375,0.23193359375,-0.08544921875,0.74462890625,0.08544921875,-0.03662109375,0.06103515625,1.2939453125,-0.01220703125,-0.87890625,-0.0244140625,-0.35400390625,-0.5126953125,-1.025390625,0.13427734375,-0.7568359375,-0.20751953125,2.35595703125,-0.09765625,7.6416015625,-0.0732421875,4.052734375,-0.06103515625,3.7841796875,-0.20751953125,-0.6591796875,0.08544921875,-0.7080078125,-0.15869140625,-0.5859375,-0.03662109375,-0.08544921875,0.06103515625,0.0244140625,0.1220703125,-0.8544921875,-0.3662109375,2.03857421875,-0.1708984375,1.2451171875,-0.23193359375,0.3173828125,0,-0.0244140625,-0.06103515625,-0.0244140625,-0.06103515625,0.15869140625,-0.0244140625,0.927734375,-0.01220703125,1.6357421875,-0.03662109375,0.48828125,-0.0244140625,0.89111328125
0,-0.0732421875,-0.35400390625,-0.03662109375,-0.37841796875,-0.69580078125,-0.439453125,0.146484375,-0.1220703125,0.62255859375,-0.09765625,0.06103515625,-0.93994140625,-0.0732421875,1.11083984375,-0.01220703125,-0.15869140625,-0.09765625,-0.5615234375,-0.06103515625,-0.08544921875,-0.23193359375,0.86669921875,-0.10986328125,-0.57373046875,-0.29296875,0.5615234375,0.13427734375,-0.1220703125,-0.0732421875,1.89208984375,-0.03662109375,1.1474609375,-0.01220703125,0.3662109375,-0.01220703125,-0.52490234375,-0.03662109375,-0.06103515625,0.244140625,-0.2197265625,-0.06103515625,-0.2685546875,0.32958984375,-0.7080078125,0.15869140625,-0.40283203125,0.048828125,0.64697265625,0.84228515625,1.2939453125,-0.1220703125,0.390625,-0.2685546875,-0.23193359375,-0.10986328125,0.68359375,0.01220703125,0.62255859375,0.40283203125,0.32958984375,-0.86669921875,0.50048828125,0.5126953125,0.18310546875,0.15869140625,4.4921875,-0.244140625,1.6357421875,-0.09765625,0.830078125,-0.1708984375,0.86669921875,-0.341796875,0.20751953125,-0.048828125,0.8056640625,0.1220703125,-0.048828125,0.03662109375,1.2939453125,0.0732421875,-0.86669921875,-0.06103515625,-0.341796875,-0.48828125,-1.01318359375,0.18310546875,-0.76904296875,-0.09765625,2.81982421875,-0.08544921875,8.70361328125,-0.0244140625,4.60205078125,-0.06103515625,4.4189453125,-0.18310546875,-0.67138671875,0,-0.732421875,-0.146484375,-0.6103515625,0.03662109375,-0.09765625,0.01220703125,-0.03662109375,0.2197265625,-0.91552734375,-0.32958984375,1.81884765625,-0.20751953125,1.18408203125,-0.2197265625,0.32958984375,0,0,-0.048828125,0.01220703125,-0.09765625,0.18310546875,-0.01220703125,0.927734375,-0.01220703125,1.62353515625,-0.03662109375,0.4638671875,-0.0244140625,0.89111328125
0,-0.08544921875,-0.37841796875,-0.01220703125,-0.37841796875,-0.72021484375,-0.439453125,0.146484375,-0.1220703125,0.64697265625,-0.1220703125,0.048828125,-0.91552734375,-0.1220703125,1.0986328125,-0.06103515625,-0.15869140625,-0.1220703125,-0.54931640625,-0.10986328125,-0.10986328125,-0.244140625,0.84228515625,-0.10986328125,-0.57373046875,-0.2197265625,0.68359375,0.2197265625,0.06103515625,-0.01220703125,2.11181640625,-0.01220703125,1.318359375,-0.048828125,0.45166015625,-0.0732421875,-0.50048828125,-0.06103515625,-0.0244140625,0.2197265625,-0.18310546875,-0.15869140625,-0.23193359375,0.28076171875,-0.72021484375,0.146484375,-0.40283203125,0.1708984375,0.68359375,0.732421875,1.20849609375,-0.0244140625,0.390625,-0.18310546875,-0.1953125,-0.048828125,0.67138671875,0,0.7080078125,0.48828125,0.390625,-0.96435546875,0.50048828125,0.47607421875,0.20751953125,0.08544921875,5.89599609375,-0.2685546875,1.8310546875,-0.048828125,1.025390625,-0.20751953125,1.025390625,-0.35400390625,0.20751953125,0.0244140625,0.8056640625,0.1953125,-0.08544921875,0,1.28173828125,0.1220703125,-0.8544921875,-0.1220703125,-0.35400390625,-0.40283203125,-1.0498046875,0.244140625,-0.76904296875,-0.03662109375,3.08837890625,-0.1220703125,9.38720703125,0.0244140625,4.94384765625,-0.0244140625,4.8095703125,-0.146484375,-0.68359375,-0.13427734375,-0.72021484375,-0.1220703125,-0.59814453125,0.08544921875,-0.09765625,0.0244140625,-0.06103515625,0.25634765625,-0.93994140625,-0.244140625,1.74560546875,-0.2197265625,1.13525390625,-0.2197265625,0.32958984375,0.0244140625,0,-0.0732421875,0.03662109375,-0.10986328125,0.18310546875,-0.0244140625,0.86669921875,0.01220703125,1.5625,-0.08544921875,0.4150390625,-0.0244140625,0.81787109375
0,-0.10986328125,-0.390625,-0.01220703125,-0.37841796875,-0.72021484375,-0.4638671875,0.146484375,-0.10986328125,0.634765625,-0.1220703125,0.0244140625,-0.9033203125,-0.146484375,1.07421875,-0.06103515625,-0.13427734375,-0.18310546875,-0.54931640625,-0.146484375,-0.1220703125,-0.20751953125,0.84228515625,-0.1220703125,-0.59814453125,-0.18310546875,0.7568359375,0.23193359375,0.13427734375,-0.01220703125,2.2216796875,0.0244140625,1.3671875,-0.0732421875,0.40283203125,-0.0732421875,-0.50048828125,-0.08544921875,-0.01220703125,0.29296875,-0.1708984375,-0.18310546875,-0.20751953125,0.2197265625,-0.7080078125,0.1220703125,-0.390625,0.20751953125,0.68359375,0.64697265625,1.1474609375,0.03662109375,0.3662109375,-0.06103515625,-0.18310546875,0.01220703125,0.67138671875,-0.0244140625,0.732421875,0.439453125,0.42724609375,-0.93994140625,0.48828125,0.30517578125,0.244140625,-0.01220703125,7.1533203125,-0.30517578125,2.01416015625,-0.0244140625,1.171875,-0.244140625,1.15966796875,-0.40283203125,0.20751953125,0.08544921875,0.81787109375,0.15869140625,-0.0732421875,-0.03662109375,1.25732421875,0.15869140625,-0.84228515625,-0.146484375,-0.341796875,-0.29296875,-1.03759765625,0.28076171875,-0.76904296875,0.01220703125,3.16162109375,-0.146484375,9.60693359375,0.03662109375,5.0537109375,-0.03662109375,4.931640625,-0.0732421875,-0.69580078125,-0.2197265625,-0.72021484375,-0.08544921875,-0.6103515625,0.10986328125,-0.08544921875,0.01220703125,-0.048828125,0.30517578125,-0.93994140625,-0.146484375,1.72119140625,-0.2197265625,1.171875,-0.18310546875,0.32958984375,0.01220703125,0,-0.06103515625,0.01220703125,-0.1220703125,0.18310546875,-0.01220703125,0.7568359375,0,1.4892578125,-0.09765625,0.30517578125,-0.01220703125,0.7080078125
0,-0.13427734375,-0.390625,0.01220703125,-0.35400390625,-0.74462890625,-0.439453125,0.13427734375,-0.08544921875,0.634765625,-0.0732421875,0,-0.89111328125,-0.15869140625,1.06201171875,-0.08544921875,-0.10986328125,-0.2685546875,-0.5615234375,-0.146484375,-0.13427734375,-0.18310546875,0.84228515625,-0.146484375,-0.59814453125,-0.1953125,0.7080078125,0.2197265625,0.048828125,-0.10986328125,2.197265625,0.0732421875,1.3427734375,-0.08544921875,0.29296875,-0.048828125,-0.5615234375,-0.06103515625,-0.03662109375,0.18310546875,-0.20751953125,-0.1953125,-0.1953125,0.15869140625,-0.7080078125,0.1220703125,-0.4150390625,0.28076171875,0.69580078125,0.5859375,1.08642578125,0.06103515625,0.390625,0,-0.1220703125,0.0244140625,0.68359375,-0.06103515625,0.74462890625,0.47607421875,0.45166015625,-0.93994140625,0.45166015625,0.35400390625,0.244140625,-0.0244140625,8.09326171875,-0.3173828125,2.13623046875,-0.01220703125,1.2939453125,-0.23193359375,1.25732421875,-0.4150390625,0.1953125,0.10986328125,0.86669921875,0.1220703125,-0.06103515625,-0.09765625,1.2451171875,0.1708984375,-0.84228515625,-0.13427734375,-0.35400390625,-0.18310546875,-1.03759765625,0.3173828125,-0.79345703125,0,3.01513671875,-0.1220703125,9.375,0.0244140625,4.98046875,0,4.8095703125,-0.03662109375,-0.68359375,-0.28076171875,-0.72021484375,-0.0732421875,-0.6103515625,0.10986328125,-0.09765625,0.01220703125,-0.0244140625,0.30517578125,-0.93994140625,-0.13427734375,1.7333984375,-0.2197265625,1.20849609375,-0.18310546875,0.35400390625,0.01220703125,0.0244140625,-0.0732421875,0,-0.10986328125,0.1953125,0,0.64697265625,0.01220703125,1.416015625,-0.10986328125,0.20751953125,-0.0244140625,0.5859375
0,-0.15869140625,-0.390625,0.0244140625,-0.3662109375,-0.74462890625,-0.439453125,0.146484375,-0.09765625,0.6591796875,-0.08544921875,-0.03662109375,-0.86669921875,-0.1708984375,1.06201171875,-0.1220703125,-0.1220703125,-0.341796875,-0.57373046875,-0.15869140625,-0.1220703125,-0.1220703125,0.8544921875,-0.1708984375,-0.59814453125,-0.2197265625,0.62255859375,0.146484375,-0.1220703125,-0.23193359375,2.099609375,0.13427734375,1.23291015625,-0.08544921875,0.08544921875,-0.06103515625,-0.62255859375,-0.048828125,-0.0732421875,0.146484375,-0.23193359375,-0.1708984375,-0.1708984375,0.0732421875,-0.7080078125,0.09765625,-0.390625,0.35400390625,0.72021484375,0.52490234375,1.08642578125,0.06103515625,0.439453125,0.08544921875,-0.10986328125,0.06103515625,0.67138671875,-0.10986328125,0.7080078125,0.4150390625,0.45166015625,-0.91552734375,0.390625,0.37841796875,0.28076171875,-0.08544921875,8.70361328125,-0.23193359375,2.23388671875,-0.0244140625,1.3671875,-0.1953125,1.3427734375,-0.439453125,0.1953125,0.13427734375,0.8544921875,0.08544921875,-0.03662109375,-0.09765625,1.2451171875,0.15869140625,-0.86669921875,-0.10986328125,-0.40283203125,-0.03662109375,-1.03759765625,0.3173828125,-0.79345703125,-0.048828125,2.734375,-0.15869140625,8.7890625,-0.01220703125,4.6875,0.048828125,4.4677734375,0.01220703125,-0.69580078125,-0.30517578125,-0.732421875,-0.06103515625,-0.6103515625,0.06103515625,-0.08544921875,-0.01220703125,0.01220703125,0.29296875,-0.89111328125,-0.08544921875,1.806640625,-0.2197265625,1.26953125,-0.1708984375,0.3662109375,0.01220703125,0.01220703125,-0.0732421875,0.0244140625,-0.1220703125,0.20751953125,0.048828125,0.52490234375,0.0244140625,1.35498046875,-0.08544921875,0.13427734375,-0.0244140625,0.4638671875
0,-0.146484375,-0.390625,0.0244140625,-0.35400390625,-0.74462890625,-0.42724609375,0.15869140625,-0.0732421875,0.64697265625,-0.06103515625,-0.048828125,-0.8544921875,-0.15869140625,1.0498046875,-0.1220703125,-0.146484375,-0.3662109375,-0.6103515625,-0.1708984375,-0.13427734375,-0.01220703125,0.8544921875,-0.2197265625,-0.6103515625,-0.23193359375,0.48828125,0.08544921875,-0.35400390625,-0.37841796875,1.91650390625,0.15869140625,1.07421875,-0.03662109375,-0.13427734375,-0.13427734375,-0.7080078125,-0.03662109375,-0.146484375,0.06103515625,-0.28076171875,-0.146484375,-0.1708984375,0.08544921875,-0.72021484375,0.08544921875,-0.390625,0.341796875,0.68359375,0.48828125,1.07421875,0.06103515625,0.45166015625,0.13427734375,-0.10986328125,0.0732421875,0.69580078125,-0.09765625,0.64697265625,0.4150390625,0.40283203125,-0.89111328125,0.30517578125,0.4150390625,0.341796875,-0.09765625,8.97216796875,-0.15869140625,2.2705078125,-0.0244140625,1.42822265625,-0.13427734375,1.3427734375,-0.439453125,0.20751953125,0.146484375,0.86669921875,0.03662109375,-0.01220703125,-0.09765625,1.25732421875,0.1220703125,-0.8544921875,-0.09765625,-0.4150390625,0.09765625,-1.03759765625,0.25634765625,-0.79345703125,-0.146484375,2.294921875,-0.18310546875,7.92236328125,-0.08544921875,4.248046875,0.0244140625,3.955078125,0.03662109375,-0.69580078125,-0.25634765625,-0.72021484375,-0.01220703125,-0.59814453125,-0.0244140625,-0.0732421875,-0.03662109375,0.048828125,0.20751953125,-0.86669921875,-0.0732421875,1.85546875,-0.23193359375,1.30615234375,-0.1220703125,0.3662109375,0,0,-0.06103515625,0.01220703125,-0.13427734375,0.18310546875,0.01220703125,0.42724609375,-0.0244140625,1.26953125,-0.048828125,0.0732421875,-0.03662109375,0.37841796875
1,-0.15869140625,-0.390625,0.01220703125,-0.35400390625,-0.74462890625,-0.4150390625,0.146484375,-0.0732421875,0.62255859375,-0.048828125,-0.06103515625,-0.8544921875,-0.13427734375,1.06201171875,-0.13427734375,-0.1708984375,-0.3662109375,-0.62255859375,-0.146484375,-0.13427734375,0.0732421875,0.89111328125,-0.2685546875,-0.634765625,-0.25634765625,0.32958984375,0.06103515625,-0.6103515625,-0.4638671875,1.7333984375,0.1708984375,0.9033203125,0.048828125,-0.32958984375,-0.244140625,-0.74462890625,-0.0244140625,-0.18310546875,-0.0244140625,-0.3173828125,-0.1708984375,-0.1708984375,0.10986328125,-0.7080078125,0.0732421875,-0.3662109375,0.35400390625,0.6591796875,0.439453125,1.11083984375,0.048828125,0.47607421875,0.13427734375,-0.09765625,0.08544921875,0.69580078125,-0.09765625,0.5615234375,0.40283203125,0.37841796875,-0.89111328125,0.20751953125,0.390625,0.390625,-0.0732421875,8.89892578125,-0.06103515625,2.2705078125,-0.03662109375,1.4404296875,-0.09765625,1.33056640625,-0.37841796875,0.20751953125,0.1953125,0.86669921875,-0.01220703125,0.0244140625,-0.13427734375,1.25732421875,0.048828125,-0.91552734375,-0.048828125,-0.390625,0.1953125,-1.03759765625,0.1953125,-0.8056640625,-0.20751953125,1.81884765625,-0.23193359375,6.9091796875,-0.146484375,3.72314453125,0.03662109375,3.3447265625,-0.01220703125,-0.68359375,-0.2197265625,-0.74462890625,0.01220703125,-0.59814453125,-0.06103515625,-0.08544921875,-0.0732421875,0.048828125,0.08544921875,-0.87890625,-0.048828125,1.81884765625,-0.244140625,1.318359375,-0.10986328125,0.3662109375,-0.03662109375,0,-0.0732421875,0.048828125,-0.1220703125,0.1708984375,0.048828125,0.341796875,0.0244140625,1.25732421875,-0.03662109375,-0.01220703125,-0.0244140625,0.30517578125
1,-0.146484375,-0.3662109375,0.0244140625,-0.3662109375,-0.76904296875,-0.439453125,0.146484375,-0.0732421875,0.6103515625,-0.03662109375,-0.06103515625,-0.8544921875,-0.1220703125,1.06201171875,-0.13427734375,-0.18310546875,-0.35400390625,-0.62255859375,-0.146484375,-0.10986328125,0.1708984375,0.87890625,-0.25634765625,-0.62255859375,-0.3173828125,0.1953125,0.0732421875,-0.830078125,-0.537109375,1.5380859375,0.08544921875,0.76904296875,0.03662109375,-0.45166015625,-0.32958984375,-0.78125,-0.01220703125,-0.2197265625,0,-0.341796875,-0.2197265625,-0.1953125,0.146484375,-0.7080078125,0.09765625,-0.35400390625,0.29296875,0.64697265625,0.35400390625,1.123046875,0.10986328125,0.48828125,0.146484375,-0.10986328125,0.048828125,0.69580078125,-0.01220703125,0.5126953125,0.32958984375,0.32958984375,-0.86669921875,0.146484375,0.37841796875,0.57373046875,-0.0732421875,8.55712890625,0.0244140625,2.2216796875,-0.048828125,1.40380859375,-0.0244140625,1.28173828125,-0.29296875,0.2197265625,0.2197265625,0.8544921875,-0.08544921875,0.01220703125,-0.10986328125,1.28173828125,-0.0244140625,-0.96435546875,-0.01220703125,-0.4150390625,0.25634765625,-1.025390625,0.08544921875,-0.81787109375,-0.2685546875,1.3427734375,-0.25634765625,5.8837890625,-0.23193359375,3.173828125,0,2.72216796875,-0.06103515625,-0.67138671875,-0.18310546875,-0.732421875,0.01220703125,-0.59814453125,-0.09765625,-0.0732421875,-0.10986328125,0,-0.01220703125,-0.927734375,-0.0732421875,1.72119140625,-0.244140625,1.26953125,-0.0732421875,0.341796875,-0.06103515625,0.0244140625,-0.0732421875,0.03662109375,-0.13427734375,0.15869140625,-0.01220703125,0.25634765625,-0.0732421875,1.23291015625,-0.09765625,0,-0.09765625,0.244140625
1,-0.1220703125,-0.37841796875,0,-0.3662109375,-0.79345703125,-0.439453125,0.15869140625,-0.06103515625,0.5859375,-0.048828125,-0.048828125,-0.86669921875,-0.09765625,1.06201171875,-0.15869140625,-0.1708984375,-0.30517578125,-0.6103515625,-0.13427734375,-0.10986328125,0.23193359375,0.9033203125,-0.20751953125,-0.62255859375,-0.341796875,0.10986328125,0.09765625,-0.9765625,-0.48828125,1.416015625,0.0244140625,0.6591796875,0,-0.5126953125,-0.341796875,-0.78125,-0.01220703125,-0.23193359375,-0.03662109375,-0.28076171875,-0.30517578125,-0.20751953125,0.1953125,-0.68359375,0.09765625,-0.341796875,0.25634765625,0.62255859375,0.30517578125,1.15966796875,0.1220703125,0.5126953125,0.1220703125,-0.13427734375,-0.01220703125,0.732421875,0.0732421875,0.50048828125,0.29296875,0.3173828125,-0.89111328125,0.13427734375,0.35400390625,0.87890625,-0.10986328125,8.02001953125,0.0732421875,2.1240234375,-0.048828125,1.318359375,0.03662109375,1.20849609375,-0.20751953125,0.23193359375,0.15869140625,0.86669921875,-0.1953125,0.01220703125,-0.06103515625,1.28173828125,-0.08544921875,-0.98876953125,0,-0.40283203125,0.23193359375,-1.01318359375,0,-0.81787109375,-0.29296875,0.9033203125,-0.28076171875,4.9072265625,-0.23193359375,2.63671875,0.01220703125,2.1240234375,-0.1220703125,-0.68359375,-0.13427734375,-0.74462890625,0,-0.6103515625,-0.0732421875,-0.0732421875,-0.10986328125,-0.0732421875,-0.13427734375,-1.0009765625,0.0244140625,1.513671875,-0.2685546875,1.1962890625,-0.048828125,0.341796875,-0.0732421875,0,-0.06103515625,0.06103515625,-0.1220703125,0.1708984375,-0.0244140625,0.244140625,-0.08544921875,1.26953125,-0.0732421875,0,-0.0732421875,0.2197265625
1,-0.09765625,-0.37841796875,0,-0.35400390625,-0.81787109375,-0.439453125,0.1708984375,-0.0732421875,0.5859375,-0.06103515625,-0.0244140625,-0.87890625,-0.08544921875,1.08642578125,-0.1953125,-0.18310546875,-0.28076171875,-0.5859375,-0.13427734375,-0.09765625,0.244140625,0.91552734375,-0.15869140625,-0.59814453125,-0.390625,0.06103515625,0.0244140625,-1.025390625,-0.40283203125,1.35498046875,-0.0244140625,0.6103515625,-0.09765625,-0.439453125,-0.3173828125,-0.7568359375,-0.0732421875,-0.2197265625,-0.08544921875,-0.2685546875,-0.3662109375,-0.23193359375,0.1953125,-0.69580078125,0.0732421875,-0.35400390625,0.244140625,0.62255859375,0.2685546875,1.1962890625,0.18310546875,0.5126953125,0.0732421875,-0.15869140625,-0.0244140625,0.732421875,0.146484375,0.54931640625,0.25634765625,0.341796875,-0.830078125,0.146484375,0.37841796875,1.30615234375,-0.1220703125,7.31201171875,0.146484375,2.001953125,-0.03662109375,1.220703125,0.06103515625,1.123046875,-0.1220703125,0.25634765625,0.0732421875,0.830078125,-0.25634765625,0.0244140625,-0.048828125,1.2939453125,-0.09765625,-1.0498046875,0,-0.40283203125,0.1708984375,-1.01318359375,-0.0244140625,-0.830078125,-0.30517578125,0.5126953125,-0.29296875,4.11376953125,-0.20751953125,2.16064453125,0.01220703125,1.59912109375,-0.1708984375,-0.68359375,-0.10986328125,-0.732421875,-0.03662109375,-0.57373046875,-0.08544921875,-0.048828125,-0.06103515625,-0.20751953125,-0.2197265625,-1.0986328125,0.01220703125,1.1962890625,-0.25634765625,1.08642578125,-0.0244140625,0.32958984375,-0.09765625,0,-0.06103515625,0.06103515625,-0.1220703125,0.15869140625,0.06103515625,0.244140625,-0.03662109375,1.28173828125,-0.06103515625,0.01220703125,-0.03662109375,0.1953125
1,-0.09765625,-0.37841796875,0,-0.3662109375,-0.81787109375,-0.42724609375,0.1708984375,-0.06103515625,0.5859375,-0.06103515625,0,-0.87890625,-0.048828125,1.07421875,-0.23193359375,-0.15869140625,-0.2197265625,-0.5615234375,-0.13427734375,-0.09765625,0.30517578125,0.927734375,-0.06103515625,-0.57373046875,-0.3173828125,0.0732421875,0.03662109375,-0.96435546875,-0.25634765625,1.33056640625,-0.048828125,0.59814453125,-0.244140625,-0.32958984375,-0.29296875,-0.72021484375,-0.10986328125,-0.20751953125,-0.03662109375,-0.244140625,-0.4150390625,-0.244140625,0.28076171875,-0.68359375,0.048828125,-0.35400390625,0.2197265625,0.634765625,0.23193359375,1.1962890625,0.146484375,0.5126953125,0.01220703125,-0.1708984375,-0.048828125,0.732421875,0.18310546875,0.68359375,0.23193359375,0.40283203125,-0.79345703125,0.244140625,0.244140625,1.8798828125,-0.15869140625,6.5185546875,0.1953125,1.8310546875,0,1.08642578125,0.0732421875,0.98876953125,-0.08544921875,0.25634765625,0.0244140625,0.830078125,-0.30517578125,0.01220703125,0,1.2939453125,-0.08544921875,-1.07421875,0.01220703125,-0.390625,0.1220703125,-1.025390625,-0.06103515625,-0.81787109375,-0.3173828125,0.1953125,-0.2685546875,3.43017578125,-0.18310546875,1.77001953125,0.01220703125,1.13525390625,-0.18310546875,-0.67138671875,-0.0732421875,-0.74462890625,-0.0732421875,-0.5615234375,-0.048828125,-0.048828125,-0.01220703125,-0.37841796875,-0.25634765625,-1.25732421875,-0.01220703125,0.78125,-0.28076171875,0.89111328125,0,0.32958984375,-0.10986328125,-0.01220703125,-0.048828125,0.048828125,-0.1220703125,0.146484375,-0.03662109375,0.25634765625,-0.09765625,1.318359375,-0.10986328125,0.01220703125,-0.1220703125,0.18310546875
1,-0.09765625,-0.37841796875,0,-0.35400390625,-0.81787109375,-0.439453125,0.1708984375,-0.08544921875,0.6103515625,-0.06103515625,0.03662109375,-0.89111328125,-0.03662109375,1.08642578125,-0.244140625,-0.13427734375,-0.15869140625,-0.537109375,-0.1220703125,-0.08544921875,0.35400390625,0.91552734375,0.0244140625,-0.5615234375,-0.390625,0.09765625,-0.1220703125,-0.86669921875,-0.20751953125,1.35498046875,-0.1708984375,0.62255859375,-0.30517578125,-0.18310546875,-0.1953125,-0.67138671875,-0.10986328125,-0.18310546875,0.03662109375,-0.244140625,-0.4638671875,-0.25634765625,0.32958984375,-0.68359375,0.01220703125,-0.35400390625,0.28076171875,0.62255859375,0.25634765625,1.1962890625,0.09765625,0.50048828125,-0.10986328125,-0.15869140625,-0.10986328125,0.732421875,0.15869140625,0.8544921875,0.23193359375,0.48828125,-0.732421875,0.3662109375,0.30517578125,2.60009765625,-0.13427734375,5.6396484375,0.2197265625,1.64794921875,0.06103515625,0.93994140625,0.0732421875,0.86669921875,-0.06103515625,0.25634765625,-0.06103515625,0.8544921875,-0.30517578125,-0.01220703125,0.03662109375,1.28173828125,-0.06103515625,-1.07421875,0.01220703125,-0.390625,0.01220703125,-1.025390625,-0.10986328125,-0.81787109375,-0.30517578125,-0.08544921875,-0.244140625,2.880859375,-0.10986328125,1.4404296875,0.0244140625,0.79345703125,-0.1953125,-0.6591796875,-0.03662109375,-0.74462890625,-0.0732421875,-0.5615234375,-0.048828125,-0.0732421875,0.048828125,-0.5615234375,-0.2685546875,-1.42822265625,-0.048828125,0.3173828125,-0.32958984375,0.7080078125,0,0.341796875,-0.10986328125,-0.03662109375,-0.06103515625,0.0732421875,-0.1220703125,0.146484375,0,0.3173828125,-0.03662109375,1.33056640625,-0.03662109375,0.01220703125,-0.06103515625,0.18310546875
1,-0.08544921875,-0.35400390625,-0.01220703125,-0.3662109375,-0.79345703125,-0.439453125,0.1953125,-0.09765625,0.6103515625,-0.0732421875,0.048828125,-0.91552734375,-0.01220703125,1.08642578125,-0.244140625,-0.10986328125,-0.10986328125,-0.54931640625,-0.06103515625,-0.08544921875,0.35400390625,0.9033203125,0.0732421875,-0.5615234375,-0.32958984375,0.10986328125,-0.146484375,-0.74462890625,-0.1220703125,1.3916015625,-0.1220703125,0.62255859375,-0.42724609375,-0.06103515625,-0.15869140625,-0.6103515625,-0.18310546875,-0.15869140625,0.0732421875,-0.244140625,-0.40283203125,-0.244140625,0.341796875,-0.7080078125,-0.01220703125,-0.3662109375,0.35400390625,0.64697265625,0.23193359375,1.171875,0.18310546875,0.537109375,-0.23193359375,-0.146484375,-0.1708984375,0.72021484375,0.1708984375,1.0986328125,0.1953125,0.634765625,-0.78125,0.57373046875,0.3662109375,3.3935546875,-0.06103515625,4.74853515625,0.25634765625,1.47705078125,0.146484375,0.76904296875,0.03662109375,0.7080078125,-0.048828125,0.244140625,-0.09765625,0.84228515625,-0.25634765625,-0.01220703125,0.01220703125,1.26953125,0.01220703125,-1.06201171875,0.03662109375,-0.37841796875,-0.06103515625,-1.03759765625,-0.15869140625,-0.8056640625,-0.28076171875,-0.32958984375,-0.1953125,2.392578125,-0.08544921875,1.1474609375,0.0244140625,0.4638671875,-0.18310546875,-0.6591796875,0.01220703125,-0.7568359375,-0.06103515625,-0.57373046875,0.01220703125,-0.0732421875,0.06103515625,-0.7568359375,-0.23193359375,-1.5869140625,-0.01220703125,-0.1708984375,-0.341796875,0.5126953125,0.0244140625,0.35400390625,-0.10986328125,-0.0244140625,-0.048828125,0.0732421875,-0.13427734375,0.15869140625,-0.03662109375,0.3662109375,-0.01220703125,1.33056640625,-0.048828125,0.01220703125,-0.08544921875,0.146484375
1,-0.0732421875,-0.341796875,0.01220703125,-0.3662109375,-0.76904296875,-0.42724609375,0.18310546875,-0.10986328125,0.5859375,-0.03662109375,0.06103515625,-0.9033203125,-0.01220703125,1.08642578125,-0.244140625,-0.10986328125,-0.09765625,-0.537109375,0,-0.0732421875,0.3662109375,0.87890625,0.0732421875,-0.5615234375,-0.18310546875,0.09765625,-0.03662109375,-0.62255859375,-0.10986328125,1.416015625,-0.01220703125,0.634765625,-0.48828125,0.03662109375,-0.146484375,-0.59814453125,-0.18310546875,-0.146484375,0.15869140625,-0.29296875,-0.4150390625,-0.23193359375,0.3173828125,-0.69580078125,-0.0732421875,-0.37841796875,0.47607421875,0.6591796875,0.1953125,1.1474609375,0.1220703125,0.537109375,-0.341796875,-0.13427734375,-0.244140625,0.7080078125,0.1953125,1.37939453125,0.23193359375,0.81787109375,-0.68359375,0.78125,0.62255859375,4.26025390625,-0.08544921875,3.857421875,0.244140625,1.30615234375,0.1953125,0.5859375,-0.03662109375,0.54931640625,-0.03662109375,0.244140625,-0.1708984375,0.8544921875,-0.1953125,-0.01220703125,-0.0244140625,1.25732421875,0.06103515625,-1.025390625,0.048828125,-0.390625,-0.08544921875,-1.03759765625,-0.244140625,-0.81787109375,-0.29296875,-0.57373046875,-0.09765625,1.91650390625,-0.03662109375,0.87890625,0.01220703125,0.146484375,-0.1953125,-0.634765625,0.048828125,-0.732421875,-0.048828125,-0.57373046875,0.0244140625,-0.0732421875,0.08544921875,-0.93994140625,-0.20751953125,-1.74560546875,0,-0.62255859375,-0.3662109375,0.32958984375,0.048828125,0.3662109375,-0.08544921875,-0.01220703125,-0.0732421875,0.06103515625,-0.1220703125,0.146484375,-0.06103515625,0.4150390625,-0.01220703125,1.28173828125,-0.03662109375,-0.01220703125,-0.13427734375,0.1220703125
1,-0.08544921875,-0.35400390625,0,-0.3662109375,-0.732421875,-0.4150390625,0.1708984375,-0.08544921875,0.5859375,-0.06103515625,0.08544921875,-0.91552734375,-0.01220703125,1.0986328125,-0.23193359375,-0.10986328125,-0.13427734375,-0.52490234375,0.03662109375,-0.08544921875,0.32958984375,0.87890625,0.03662109375,-0.5615234375,-0.1708984375,0.10986328125,-0.13427734375,-0.54931640625,-0.1708984375,1.40380859375,0,0.6103515625,-0.4638671875,0.09765625,-0.146484375,-0.62255859375,-0.18310546875,-0.15869140625,0.244140625,-0.37841796875,-0.35400390625,-0.2197265625,0.23193359375,-0.7080078125,-0.1220703125,-0.3662109375,0.57373046875,0.6591796875,0.13427734375,1.0986328125,0.08544921875,0.5859375,-0.390625,-0.09765625,-0.3173828125,0.7080078125,0.1953125,1.6357421875,0.3173828125,0.98876953125,-0.64697265625,0.98876953125,0.62255859375,5.06591796875,-0.01220703125,2.978515625,0.18310546875,1.15966796875,0.23193359375,0.45166015625,-0.08544921875,0.42724609375,-0.01220703125,0.23193359375,-0.20751953125,0.87890625,-0.146484375,-0.0244140625,-0.048828125,1.28173828125,0.048828125,-1.0009765625,0.09765625,-0.37841796875,-0.10986328125,-1.03759765625,-0.28076171875,-0.81787109375,-0.23193359375,-0.8544921875,-0.0244140625,1.42822265625,0.03662109375,0.57373046875,0.03662109375,-0.20751953125,-0.1708984375,-0.64697265625,0.06103515625,-0.732421875,0,-0.5859375,0.06103515625,-0.09765625,0.10986328125,-1.03759765625,-0.10986328125,-1.86767578125,-0.03662109375,-0.96435546875,-0.40283203125,0.2197265625,0.0732421875,0.3662109375,-0.08544921875,-0.01220703125,-0.06103515625,0.06103515625,-0.13427734375,0.1708984375,-0.06103515625,0.439453125,-0.0244140625,1.2451171875,-0.048828125,-0.01220703125,-0.18310546875,0.09765625
1,-0.08544921875,-0.3662109375,0.01220703125,-0.3662109375,-0.69580078125,-0.40283203125,0.18310546875,-0.06103515625,0.5859375,-0.048828125,0.06103515625,-0.91552734375,0,1.08642578125,-0.244140625,-0.06103515625,-0.1708984375,-0.54931640625,0.0732421875,-0.08544921875,0.28076171875,0.84228515625,-0.048828125,-0.5615234375,0,0.048828125,-0.048828125,-0.52490234375,-0.146484375,1.3427734375,0.20751953125,0.54931640625,-0.40283203125,0.048828125,-0.1220703125,-0.634765625,-0.18310546875,-0.20751953125,0.20751953125,-0.47607421875,-0.32958984375,-0.1953125,0.09765625,-0.69580078125,-0.13427734375,-0.37841796875,0.634765625,0.6591796875,0.13427734375,1.08642578125,0.1220703125,0.59814453125,-0.3662109375,-0.09765625,-0.439453125,0.69580078125,0.15869140625,1.86767578125,0.3173828125,1.15966796875,-0.5859375,1.220703125,0.76904296875,5.79833984375,0,2.1484375,0.09765625,1.03759765625,0.2197265625,0.341796875,-0.146484375,0.29296875,-0.01220703125,0.20751953125,-0.20751953125,0.86669921875,-0.1220703125,-0.0244140625,-0.09765625,1.26953125,0.0244140625,-0.93994140625,0.10986328125,-0.3662109375,-0.10986328125,-1.025390625,-0.3662109375,-0.8056640625,-0.20751953125,-1.15966796875,0.01220703125,0.87890625,0.03662109375,0.25634765625,0.06103515625,-0.59814453125,-0.13427734375,-0.6591796875,0.06103515625,-0.732421875,0.0244140625,-0.5859375,0.048828125,-0.10986328125,0.10986328125,-1.0986328125,-0.0244140625,-1.8798828125,-0.0244140625,-1.123046875,-0.390625,0.146484375,0.08544921875,0.37841796875,-0.09765625,0,-0.06103515625,0.048828125,-0.1220703125,0.1708984375,-0.08544921875,0.50048828125,-0.03662109375,1.26953125,-0.01220703125,-0.01220703125,-0.15869140625,0.10986328125
1,-0.09765625,-0.3662109375,0,-0.37841796875,-0.64697265625,-0.4150390625,0.1953125,-0.08544921875,0.57373046875,-0.048828125,0.048828125,-0.91552734375,0,1.07421875,-0.2685546875,-0.0732421875,-0.23193359375,-0.59814453125,0.08544921875,-0.1220703125,0.20751953125,0.8544921875,-0.13427734375,-0.5859375,0.06103515625,0,-0.048828125,-0.57373046875,-0.146484375,1.25732421875,0.3173828125,0.48828125,-0.30517578125,-0.01220703125,-0.06103515625,-0.67138671875,-0.18310546875,-0.244140625,0.18310546875,-0.57373046875,-0.341796875,-0.15869140625,0.03662109375,-0.7080078125,-0.13427734375,-0.37841796875,0.72021484375,0.64697265625,0.1953125,1.0498046875,0.08544921875,0.62255859375,-0.390625,-0.0732421875,-0.5126953125,0.68359375,0.10986328125,2.0751953125,0.4150390625,1.2939453125,-0.5126953125,1.42822265625,0.84228515625,6.40869140625,0.0244140625,1.40380859375,0.048828125,0.96435546875,0.1708984375,0.25634765625,-0.1953125,0.20751953125,-0.0732421875,0.18310546875,-0.23193359375,0.9033203125,-0.0732421875,-0.048828125,-0.146484375,1.25732421875,0.01220703125,-0.86669921875,0.10986328125,-0.390625,-0.10986328125,-1.025390625,-0.45166015625,-0.81787109375,-0.13427734375,-1.47705078125,0.03662109375,0.2685546875,0.09765625,-0.10986328125,0.1220703125,-1.01318359375,-0.1220703125,-0.6591796875,0.0244140625,-0.72021484375,0.03662109375,-0.59814453125,0.0244140625,-0.1220703125,0.1220703125,-1.06201171875,0.03662109375,-1.89208984375,-0.08544921875,-1.123046875,-0.42724609375,0.18310546875,0.09765625,0.390625,-0.10986328125,0.03662109375,-0.06103515625,0.048828125,-0.146484375,0.1953125,-0.0244140625,0.52490234375,0,1.26953125,0.01220703125,0.01220703125,-0.146484375,0.146484375
1,-0.09765625,-0.3662109375,0,-0.37841796875,-0.634765625,-0.4150390625,0.1953125,-0.06103515625,0.57373046875,-0.048828125,0.048828125,-0.9033203125,0.01220703125,1.08642578125,-0.29296875,-0.09765625,-0.2685546875,-0.57373046875,0.048828125,-0.1220703125,0.10986328125,0.86669921875,-0.18310546875,-0.59814453125,0.09765625,-0.03662109375,-0.08544921875,-0.67138671875,-0.09765625,1.171875,0.37841796875,0.42724609375,-0.1708984375,-0.10986328125,0,-0.69580078125,-0.15869140625,-0.28076171875,0.13427734375,-0.62255859375,-0.29296875,-0.15869140625,0.048828125,-0.7080078125,-0.0732421875,-0.40283203125,0.76904296875,0.64697265625,0.30517578125,1.0498046875,0.10986328125,0.64697265625,-0.37841796875,-0.09765625,-0.5859375,0.69580078125,0.10986328125,2.18505859375,0.40283203125,1.416015625,-0.42724609375,1.59912109375,0.76904296875,6.87255859375,0.09765625,0.7568359375,0.0244140625,0.927734375,0.1708984375,0.1708984375,-0.2197265625,0.146484375,-0.10986328125,0.1708984375,-0.23193359375,0.89111328125,-0.06103515625,-0.048828125,-0.10986328125,1.2939453125,-0.0244140625,-0.79345703125,0.09765625,-0.40283203125,-0.09765625,-1.0498046875,-0.50048828125,-0.8056640625,-0.09765625,-1.806640625,0,-0.35400390625,0.10986328125,-0.4638671875,0.13427734375,-1.46484375,-0.06103515625,-0.67138671875,-0.06103515625,-0.732421875,0.0244140625,-0.59814453125,0.01220703125,-0.1220703125,0.10986328125,-0.96435546875,0.09765625,-1.79443359375,0,-0.927734375,-0.439453125,0.28076171875,0.09765625,0.37841796875,-0.08544921875,0.03662109375,-0.06103515625,0.03662109375,-0.15869140625,0.20751953125,0.048828125,0.537109375,-0.01220703125,1.35498046875,-0.01220703125,0.08544921875,-0.1708984375,0.2197265625
1,-0.09765625,-0.40283203125,0,-0.37841796875,-0.5859375,-0.40283203125,0.18310546875,-0.06103515625,0.537109375,-0.03662109375,0.03662109375,-0.87890625,-0.01220703125,1.07421875,-0.28076171875,-0.08544921875,-0.30517578125,-0.59814453125,0.0244140625,-0.1220703125,0.048828125,0.87890625,-0.2197265625,-0.6103515625,0.08544921875,-0.03662109375,-0.1220703125,-0.732421875,-0.048828125,1.13525390625,0.37841796875,0.40283203125,-0.06103515625,-0.1953125,0.03662109375,-0.7080078125,-0.10986328125,-0.3173828125,0.0732421875,-0.634765625,-0.28076171875,-0.1708984375,0.0732421875,-0.7080078125,-0.0244140625,-0.390625,0.830078125,0.634765625,0.40283203125,1.0986328125,0.06103515625,0.6591796875,-0.3662109375,-0.13427734375,-0.64697265625,0.7080078125,0.09765625,2.23388671875,0.40283203125,1.4892578125,-0.4638671875,1.74560546875,0.78125,7.18994140625,0.0732421875,0.23193359375,-0.08544921875,0.927734375,0.09765625,0.1220703125,-0.29296875,0.09765625,-0.18310546875,0.1708984375,-0.20751953125,0.9033203125,-0.048828125,-0.03662109375,-0.0732421875,1.26953125,-0.0732421875,-0.72021484375,0.06103515625,-0.4150390625,-0.06103515625,-1.0498046875,-0.57373046875,-0.78125,-0.10986328125,-2.1240234375,-0.0732421875,-0.91552734375,0.1220703125,-0.830078125,0.15869140625,-1.84326171875,-0.03662109375,-0.67138671875,-0.10986328125,-0.72021484375,0,-0.6103515625,-0.01220703125,-0.10986328125,0.06103515625,-0.79345703125,0.1220703125,-1.6357421875,0.08544921875,-0.54931640625,-0.4638671875,0.42724609375,0.1220703125,0.37841796875,-0.09765625,0.03662109375,-0.048828125,0.048828125,-0.146484375,0.1953125,0.13427734375,0.5859375,0.03662109375,1.42822265625,-0.01220703125,0.146484375,-0.1220703125,0.32958984375
0,-0.09765625,-0.390625,0.01220703125,-0.37841796875,-0.52490234375,-0.42724609375,0.15869140625,-0.06103515625,0.52490234375,-0.0732421875,0,-0.87890625,-0.0244140625,1.06201171875,-0.29296875,-0.10986328125,-0.32958984375,-0.5859375,-0.01220703125,-0.13427734375,0,0.87890625,-0.2197265625,-0.6103515625,0.0732421875,0.0244140625,-0.1220703125,-0.7568359375,0.048828125,1.15966796875,0.32958984375,0.439453125,0.01220703125,-0.23193359375,0.0244140625,-0.72021484375,-0.09765625,-0.3173828125,0.03662109375,-0.59814453125,-0.341796875,-0.1953125,0.18310546875,-0.72021484375,0.0244140625,-0.37841796875,0.74462890625,0.62255859375,0.48828125,1.15966796875,0,0.67138671875,-0.30517578125,-0.1708984375,-0.64697265625,0.7080078125,0.10986328125,2.2216796875,0.390625,1.513671875,-0.37841796875,1.806640625,0.81787109375,7.33642578125,0.1220703125,-0.10986328125,-0.13427734375,0.9521484375,0.01220703125,0.146484375,-0.32958984375,0.08544921875,-0.2197265625,0.1708984375,-0.1708984375,0.9521484375,-0.01220703125,-0.0244140625,-0.03662109375,1.2939453125,-0.09765625,-0.6591796875,-0.01220703125,-0.4150390625,-0.01220703125,-1.06201171875,-0.59814453125,-0.8056640625,-0.03662109375,-2.3681640625,-0.048828125,-1.37939453125,0.20751953125,-1.11083984375,0.2197265625,-2.1484375,-0.03662109375,-0.67138671875,-0.146484375,-0.732421875,-0.06103515625,-0.59814453125,-0.0732421875,-0.10986328125,0.01220703125,-0.5615234375,0.146484375,-1.42822265625,0.0732421875,-0.0244140625,-0.42724609375,0.64697265625,0.10986328125,0.3662109375,-0.09765625,0.03662109375,-0.0732421875,0.03662109375,-0.15869140625,0.20751953125,0.15869140625,0.64697265625,0.0244140625,1.4892578125,-0.0732421875,0.2197265625,-0.09765625,0.439453125
0,-0.10986328125,-0.390625,0,-0.37841796875,-0.4638671875,-0.45166015625,0.15869140625,-0.0732421875,0.48828125,-0.0732421875,-0.03662109375,-0.9033203125,-0.0244140625,1.06201171875,-0.30517578125,-0.1220703125,-0.341796875,-0.59814453125,-0.08544921875,-0.13427734375,-0.0732421875,0.9033203125,-0.20751953125,-0.6103515625,0.01220703125,0.1220703125,-0.0732421875,-0.7568359375,0.06103515625,1.25732421875,0.1953125,0.54931640625,0.01220703125,-0.2197265625,0,-0.69580078125,-0.10986328125,-0.28076171875,-0.03662109375,-0.54931640625,-0.35400390625,-0.2197265625,0.18310546875,-0.7080078125,0.08544921875,-0.37841796875,0.732421875,0.6103515625,0.52490234375,1.220703125,-0.03662109375,0.68359375,-0.23193359375,-0.23193359375,-0.69580078125,0.7080078125,0.18310546875,2.197265625,0.40283203125,1.52587890625,-0.439453125,1.85546875,0.72021484375,7.33642578125,0.1708984375,-0.32958984375,-0.1953125,0.98876953125,-0.01220703125,0.1708984375,-0.30517578125,0.10986328125,-0.2685546875,0.18310546875,-0.15869140625,0.927734375,0,-0.01220703125,0.03662109375,1.2939453125,-0.08544921875,-0.634765625,-0.0732421875,-0.4150390625,0.048828125,-1.06201171875,-0.62255859375,-0.8056640625,-0.01220703125,-2.52685546875,-0.048828125,-1.67236328125,0.244140625,-1.28173828125,0.18310546875,-2.33154296875,-0.0244140625,-0.6591796875,-0.146484375,-0.732421875,-0.10986328125,-0.5859375,-0.10986328125,-0.09765625,0,-0.29296875,0.09765625,-1.18408203125,-0.0244140625,0.67138671875,-0.35400390625,0.89111328125,0.09765625,0.35400390625,-0.10986328125,0.03662109375,-0.0732421875,0.01220703125,-0.15869140625,0.2197265625,0.10986328125,0.68359375,0.03662109375,1.55029296875,-0.08544921875,0.2685546875,-0.0732421875,0.54931640625
0,-0.08544921875,-0.37841796875,0.03662109375,-0.37841796875,-0.40283203125,-0.439453125,0.13427734375,-0.10986328125,0.42724609375,-0.09765625,-0.06103515625,-0.89111328125,-0.06103515625,1.07421875,-0.3173828125,-0.15869140625,-0.30517578125,-0.5859375,-0.13427734375,-0.13427734375,-0.08544921875,0.91552734375,-0.15869140625,-0.6103515625,-0.0732421875,0.2685546875,-0.0244140625,-0.67138671875,0.06103515625,1.42822265625,0.06103515625,0.72021484375,0.1220703125,-0.20751953125,0,-0.6591796875,-0.10986328125,-0.244140625,-0.048828125,-0.4150390625,-0.390625,-0.244140625,0.244140625,-0.7080078125,0.03662109375,-0.37841796875,0.732421875,0.634765625,0.52490234375,1.2939453125,-0.10986328125,0.68359375,-0.15869140625,-0.25634765625,-0.72021484375,0.72021484375,0.2685546875,2.16064453125,0.341796875,1.4892578125,-0.50048828125,1.8310546875,0.7568359375,7.2265625,0.10986328125,-0.42724609375,-0.244140625,1.025390625,-0.13427734375,0.2197265625,-0.30517578125,0.1220703125,-0.30517578125,0.1953125,-0.1708984375,0.927734375,-0.03662109375,-0.0244140625,0.1220703125,1.26953125,-0.048828125,-0.5859375,-0.1220703125,-0.40283203125,0.08544921875,-1.07421875,-0.64697265625,-0.78125,-0.01220703125,-2.5390625,-0.06103515625,-1.7578125,0.25634765625,-1.33056640625,0.1708984375,-2.3681640625,-0.09765625,-0.6591796875,-0.1220703125,-0.7080078125,-0.1708984375,-0.57373046875,-0.13427734375,-0.09765625,-0.0244140625,-0.01220703125,-0.03662109375,-0.93994140625,-0.01220703125,1.416015625,-0.29296875,1.171875,0.06103515625,0.32958984375,-0.08544921875,0.03662109375,-0.0732421875,0.01220703125,-0.15869140625,0.18310546875,0.10986328125,0.69580078125,0,1.57470703125,-0.10986328125,0.2685546875,-0.08544921875,0.634765625
0,-0.10986328125,-0.37841796875,0.0244140625,-0.390625,-0.35400390625,-0.45166015625,0.10986328125,-0.1220703125,0.40283203125,-0.09765625,-0.0732421875,-0.89111328125,-0.06103515625,1.07421875,-0.32958984375,-0.18310546875,-0.30517578125,-0.54931640625,-0.1953125,-0.146484375,-0.08544921875,0.91552734375,-0.15869140625,-0.6103515625,-0.18310546875,0.439453125,-0.09765625,-0.5126953125,-0.03662109375,1.6357421875,-0.06103515625,0.91552734375,0.03662109375,-0.13427734375,0.03662109375,-0.634765625,-0.10986328125,-0.20751953125,-0.06103515625,-0.30517578125,-0.4638671875,-0.25634765625,0.3173828125,-0.72021484375,-0.06103515625,-0.37841796875,0.64697265625,0.634765625,0.537109375,1.33056640625,-0.10986328125,0.72021484375,-0.06103515625,-0.28076171875,-0.72021484375,0.72021484375,0.32958984375,2.1240234375,0.29296875,1.45263671875,-0.52490234375,1.77001953125,0.634765625,7.04345703125,0.10986328125,-0.3662109375,-0.2685546875,1.07421875,-0.146484375,0.25634765625,-0.2685546875,0.1708984375,-0.29296875,0.2197265625,-0.1953125,0.93994140625,-0.03662109375,-0.01220703125,0.1953125,1.28173828125,-0.01220703125,-0.537109375,-0.18310546875,-0.4150390625,0.15869140625,-1.06201171875,-0.68359375,-0.78125,-0.08544921875,-2.44140625,-0.08544921875,-1.62353515625,0.2685546875,-1.26953125,0.09765625,-2.28271484375,-0.146484375,-0.67138671875,-0.08544921875,-0.7080078125,-0.244140625,-0.59814453125,-0.146484375,-0.0732421875,0.03662109375,0.25634765625,-0.13427734375,-0.68359375,-0.03662109375,2.1240234375,-0.1708984375,1.416015625,0.06103515625,0.32958984375,-0.0732421875,0.03662109375,-0.0732421875,-0.01220703125,-0.2197265625,0.1708984375,0.06103515625,0.7080078125,0.01220703125,1.5380859375,-0.1220703125,0.244140625,-0.09765625,0.6103515625
0,-0.13427734375,-0.37841796875,0,-0.390625,-0.29296875,-0.4638671875,0.09765625,-0.13427734375,0.32958984375,-0.08544921875,-0.08544921875,-0.89111328125,-0.0732421875,1.07421875,-0.341796875,-0.1708984375,-0.2685546875,-0.537109375,-0.18310546875,-0.1220703125,-0.06103515625,0.9033203125,-0.1708984375,-0.59814453125,-0.25634765625,0.5859375,-0.18310546875,-0.40283203125,-0.13427734375,1.84326171875,-0.1220703125,1.08642578125,-0.09765625,-0.048828125,0.03662109375,-0.59814453125,-0.09765625,-0.1953125,-0.06103515625,-0.2197265625,-0.47607421875,-0.28076171875,0.341796875,-0.7080078125,-0.146484375,-0.3662109375,0.7568359375,0.6591796875,0.537109375,1.35498046875,-0.1708984375,0.732421875,0.03662109375,-0.2685546875,-0.74462890625,0.7080078125,0.341796875,2.0263671875,0.28076171875,1.37939453125,-0.62255859375,1.67236328125,0.537109375,6.7626953125,0.10986328125,-0.244140625,-0.28076171875,1.11083984375,-0.13427734375,0.29296875,-0.2197265625,0.18310546875,-0.3173828125,0.20751953125,-0.18310546875,0.9033203125,-0.01220703125,-0.01220703125,0.23193359375,1.2939453125,0.01220703125,-0.5126953125,-0.20751953125,-0.40283203125,0.20751953125,-1.0498046875,-0.72021484375,-0.79345703125,-0.13427734375,-2.25830078125,-0.1220703125,-1.35498046875,0.20751953125,-1.0986328125,-0.01220703125,-2.08740234375,-0.2197265625,-0.7080078125,-0.03662109375,-0.72021484375,-0.30517578125,-0.59814453125,-0.13427734375,-0.0732421875,0.09765625,0.4638671875,-0.2685546875,-0.47607421875,-0.15869140625,2.783203125,-0.13427734375,1.64794921875,0.0732421875,0.32958984375,-0.06103515625,0.0244140625,-0.0732421875,0,-0.18310546875,0.15869140625,0.15869140625,0.72021484375,0.01220703125,1.45263671875,-0.08544921875,0.18310546875,-0.1220703125,0.5615234375
0,-0.18310546875,-0.390625,0.01220703125,-0.37841796875,-0.2197265625,-0.4638671875,0.1220703125,-0.1220703125,0.30517578125,-0.09765625,-0.10986328125,-0.89111328125,-0.048828125,1.06201171875,-0.35400390625,-0.18310546875,-0.244140625,-0.537109375,-0.18310546875,-0.1220703125,0,0.86669921875,-0.18310546875,-0.5859375,-0.30517578125,0.69580078125,-0.18310546875,-0.28076171875,-0.2197265625,1.9775390625,-0.06103515625,1.18408203125,-0.1220703125,0.0244140625,0.0244140625,-0.6103515625,-0.09765625,-0.1953125,-0.0244140625,-0.1953125,-0.50048828125,-0.29296875,0.40283203125,-0.72021484375,-0.2685546875,-0.390625,0.7080078125,0.67138671875,0.5126953125,1.3427734375,-0.23193359375,0.7568359375,0.1220703125,-0.23193359375,-0.68359375,0.69580078125,0.30517578125,1.9775390625,0.28076171875,1.28173828125,-0.67138671875,1.513671875,0.42724609375,6.4208984375,0.08544921875,-0.0732421875,-0.25634765625,1.11083984375,-0.1220703125,0.3173828125,-0.244140625,0.20751953125,-0.30517578125,0.2197265625,-0.13427734375,0.91552734375,0.03662109375,0,0.2685546875,1.28173828125,-0.01220703125,-0.52490234375,-0.15869140625,-0.390625,0.2685546875,-1.03759765625,-0.76904296875,-0.81787109375,-0.1708984375,-2.0263671875,-0.1708984375,-0.9765625,0.13427734375,-0.86669921875,-0.06103515625,-1.81884765625,-0.28076171875,-0.7080078125,0.01220703125,-0.732421875,-0.3662109375,-0.54931640625,-0.1220703125,-0.08544921875,0.13427734375,0.62255859375,-0.341796875,-0.30517578125,-0.10986328125,3.30810546875,-0.06103515625,1.8310546875,0.06103515625,0.32958984375,-0.048828125,0.0244140625,-0.06103515625,-0.01220703125,-0.1953125,0.15869140625,0.29296875,0.72021484375,0.01220703125,1.3671875,-0.03662109375,0.09765625,-0.10986328125,0.45166015625
0,-0.15869140625,-0.3662109375,0.03662109375,-0.3662109375,-0.146484375,-0.439453125,0.09765625,-0.09765625,0.244140625,-0.0732421875,-0.10986328125,-0.89111328125,-0.048828125,1.0498046875,-0.3662109375,-0.146484375,-0.1953125,-0.537109375,-0.1220703125,-0.13427734375,0.03662109375,0.87890625,-0.18310546875,-0.54931640625,-0.3662109375,0.7080078125,-0.1708984375,-0.244140625,-0.341796875,2.05078125,-0.03662109375,1.23291015625,-0.146484375,0.06103515625,0.01220703125,-0.62255859375,-0.09765625,-0.2197265625,-0.048828125,-0.1708984375,-0.45166015625,-0.29296875,0.42724609375,-0.72021484375,-0.32958984375,-0.40283203125,0.76904296875,0.69580078125,0.4150390625,1.33056640625,-0.2685546875,0.7568359375,0.13427734375,-0.15869140625,-0.64697265625,0.69580078125,0.28076171875,1.91650390625,0.2685546875,1.13525390625,-0.79345703125,1.3427734375,0.390625,6.103515625,0.06103515625,0.1220703125,-0.25634765625,1.123046875,-0.08544921875,0.341796875,-0.25634765625,0.244140625,-0.29296875,0.23193359375,-0.08544921875,0.89111328125,0.0732421875,-0.0244140625,0.2685546875,1.26953125,-0.03662109375,-0.537109375,-0.09765625,-0.40283203125,0.28076171875,-1.03759765625,-0.8056640625,-0.8056640625,-0.23193359375,-1.81884765625,-0.146484375,-0.57373046875,0.0244140625,-0.6103515625,-0.08544921875,-1.5625,-0.29296875,-0.7080078125,0.09765625,-0.72021484375,-0.37841796875,-0.54931640625,-0.0732421875,-0.0732421875,0.146484375,0.72021484375,-0.37841796875,-0.1953125,-0.1708984375,3.7109375,-0.048828125,1.9775390625,0.08544921875,0.32958984375,-0.01220703125,0.01220703125,-0.06103515625,-0.01220703125,-0.20751953125,0.15869140625,0.25634765625,0.7568359375,-0.01220703125,1.28173828125,-0.08544921875,0.03662109375,-0.15869140625,0.341796875
0,-0.1953125,-0.37841796875,0.0732421875,-0.35400390625,-0.146484375,-0.439453125,0.09765625,-0.09765625,0.1708984375,-0.09765625,-0.1220703125,-0.89111328125,-0.01220703125,1.06201171875,-0.3662109375,-0.15869140625,-0.15869140625,-0.5126953125,-0.08544921875,-0.10986328125,0.01220703125,0.8544921875,-0.2197265625,-0.5615234375,-0.390625,0.634765625,-0.20751953125,-0.244140625,-0.45166015625,2.001953125,0.01220703125,1.13525390625,-0.048828125,0.06103515625,-0.0244140625,-0.68359375,-0.0732421875,-0.29296875,0.01220703125,-0.25634765625,-0.341796875,-0.28076171875,0.45166015625,-0.732421875,-0.3662109375,-0.390625,0.84228515625,0.7080078125,0.30517578125,1.26953125,-0.2685546875,0.74462890625,0.15869140625,-0.1220703125,-0.634765625,0.68359375,0.28076171875,1.84326171875,0.20751953125,1.025390625,-0.9033203125,1.1474609375,0.30517578125,5.712890625,-0.01220703125,0.29296875,-0.23193359375,1.123046875,-0.01220703125,0.32958984375,-0.25634765625,0.25634765625,-0.29296875,0.20751953125,0,0.9033203125,0.09765625,-0.03662109375,0.23193359375,1.25732421875,-0.08544921875,-0.57373046875,0,-0.40283203125,0.30517578125,-1.01318359375,-0.78125,-0.81787109375,-0.23193359375,-1.62353515625,-0.09765625,-0.25634765625,-0.08544921875,-0.37841796875,-0.0732421875,-1.28173828125,-0.30517578125,-0.7080078125,0.09765625,-0.69580078125,-0.32958984375,-0.57373046875,-0.06103515625,-0.09765625,0.1953125,0.7568359375,-0.40283203125,-0.1708984375,-0.1953125,3.8818359375,-0.0732421875,2.03857421875,0.09765625,0.35400390625,-0.0244140625,0,-0.0732421875,-0.0244140625,-0.2197265625,0.18310546875,0.28076171875,0.89111328125,-0.01220703125,1.26953125,-0.09765625,0.0244140625,-0.1220703125,0.28076171875
0,-0.20751953125,-0.35400390625,0.0732421875,-0.3662109375,-0.10986328125,-0.4150390625,0.0732421875,-0.08544921875,0.1220703125,-0.0732421875,-0.10986328125,-0.87890625,0,1.07421875,-0.35400390625,-0.15869140625,-0.146484375,-0.537109375,-0.03662109375,-0.13427734375,-0.0244140625,0.87890625,-0.2197265625,-0.5615234375,-0.37841796875,0.4638671875,-0.0732421875,-0.35400390625,-0.439453125,1.79443359375,0.08544921875,0.9765625,0.03662109375,0.0244140625,-0.1220703125,-0.7568359375,-0.10986328125,-0.35400390625,0.048828125,-0.341796875,-0.28076171875,-0.2685546875,0.47607421875,-0.732421875,-0.37841796875,-0.390625,0.84228515625,0.72021484375,0.1953125,1.2451171875,-0.20751953125,0.7080078125,0.20751953125,-0.0732421875,-0.5859375,0.68359375,0.2685546875,1.7822265625,0.1708984375,0.927734375,-0.86669921875,0.9765625,0.30517578125,5.35888671875,-0.03662109375,0.390625,-0.23193359375,1.123046875,0.01220703125,0.3173828125,-0.30517578125,0.28076171875,-0.28076171875,0.20751953125,0.06103515625,0.927734375,0.10986328125,-0.06103515625,0.2197265625,1.26953125,-0.10986328125,-0.62255859375,0.0732421875,-0.42724609375,0.2685546875,-1.0009765625,-0.74462890625,-0.81787109375,-0.25634765625,-1.5380859375,-0.13427734375,-0.048828125,-0.15869140625,-0.23193359375,-0.048828125,-1.123046875,-0.2685546875,-0.72021484375,0.048828125,-0.7080078125,-0.28076171875,-0.5859375,-0.03662109375,-0.09765625,0.1953125,0.72021484375,-0.35400390625,-0.1953125,-0.20751953125,3.8818359375,-0.1220703125,2.01416015625,0.09765625,0.37841796875,-0.03662109375,-0.01220703125,-0.06103515625,-0.01220703125,-0.1953125,0.1953125,0.25634765625,1.1962890625,-0.03662109375,1.33056640625,-0.13427734375,0.09765625,-0.146484375,0.32958984375
0,-0.23193359375,-0.3662109375,0.0732421875,-0.35400390625,-0.08544921875,-0.4150390625,0.048828125,-0.0732421875,0.09765625,-0.0732421875,-0.10986328125,-0.87890625,0.01220703125,1.0498046875,-0.4150390625,-0.15869140625,-0.10986328125,-0.537109375,-0.0244140625,-0.13427734375,-0.09765625,0.89111328125,-0.23193359375,-0.5615234375,-0.390625,0.28076171875,0,-0.4638671875,-0.40283203125,1.5869140625,0.09765625,0.78125,0.03662109375,0.01220703125,-0.1708984375,-0.79345703125,-0.1220703125,-0.40283203125,0.0732421875,-0.45166015625,-0.244140625,-0.25634765625,0.4638671875,-0.7080078125,-0.341796875,-0.37841796875,0.87890625,0.732421875,0.08544921875,1.1962890625,-0.1953125,0.64697265625,0.25634765625,-0.06103515625,-0.5615234375,0.68359375,0.20751953125,1.67236328125,0.15869140625,0.81787109375,-0.9033203125,0.78125,0.1708984375,5.029296875,-0.06103515625,0.42724609375,-0.23193359375,1.11083984375,0.0244140625,0.30517578125,-0.32958984375,0.29296875,-0.30517578125,0.1953125,0.08544921875,0.9521484375,0.08544921875,-0.0732421875,0.1708984375,1.28173828125,-0.13427734375,-0.68359375,0.13427734375,-0.4150390625,0.2197265625,-0.98876953125,-0.68359375,-0.830078125,-0.20751953125,-1.47705078125,-0.1220703125,-0.0244140625,-0.2197265625,-0.1953125,0.01220703125,-1.0498046875,-0.28076171875,-0.7080078125,0.0244140625,-0.69580078125,-0.2197265625,-0.5859375,-0.01220703125,-0.10986328125,0.20751953125,0.634765625,-0.30517578125,-0.28076171875,-0.20751953125,3.67431640625,-0.15869140625,1.9287109375,0.0732421875,0.37841796875,-0.06103515625,-0.01220703125,-0.06103515625,0,-0.15869140625,0.20751953125,0.244140625,1.66015625,-0.048828125,1.4892578125,-0.1953125,0.30517578125,-0.13427734375,0.48828125
0,-0.23193359375,-0.37841796875,0.048828125,-0.37841796875,-0.048828125,-0.42724609375,0.06103515625,-0.0732421875,0.08544921875,-0.0732421875,-0.09765625,-0.89111328125,0.01220703125,1.07421875,-0.42724609375,-0.1708984375,-0.10986328125,-0.537109375,-0.0244140625,-0.13427734375,-0.15869140625,0.87890625,-0.2197265625,-0.54931640625,-0.3173828125,0.09765625,0.0732421875,-0.54931640625,-0.2685546875,1.33056640625,0.10986328125,0.57373046875,0.10986328125,0.09765625,-0.1708984375,-0.79345703125,-0.10986328125,-0.40283203125,0.1220703125,-0.52490234375,-0.1953125,-0.244140625,0.52490234375,-0.7080078125,-0.2685546875,-0.35400390625,0.81787109375,0.7080078125,0,1.1962890625,-0.146484375,0.57373046875,0.3173828125,-0.08544921875,-0.5126953125,0.69580078125,0.15869140625,1.62353515625,0.13427734375,0.76904296875,-0.830078125,0.64697265625,0.08544921875,4.77294921875,-0.08544921875,0.40283203125,-0.23193359375,1.08642578125,0.048828125,0.2685546875,-0.29296875,0.2685546875,-0.341796875,0.20751953125,0.1708984375,0.9765625,0.06103515625,-0.08544921875,0.13427734375,1.28173828125,-0.13427734375,-0.74462890625,0.1708984375,-0.4150390625,0.10986328125,-1.01318359375,-0.67138671875,-0.830078125,-0.1953125,-1.52587890625,-0.146484375,-0.13427734375,-0.244140625,-0.23193359375,0.01220703125,-1.11083984375,-0.28076171875,-0.7080078125,-0.08544921875,-0.69580078125,-0.13427734375,-0.59814453125,0.01220703125,-0.146484375,0.2197265625,0.48828125,-0.2197265625,-0.4150390625,-0.1953125,3.35693359375,-0.20751953125,1.79443359375,0.0732421875,0.37841796875,-0.09765625,-0.06103515625,-0.0732421875,-0.01220703125,-0.146484375,0.18310546875,0.29296875,2.35595703125,-0.08544921875,1.7822265625,-0.15869140625,0.5859375,-0.13427734375,0.87890625
0,-0.23193359375,-0.3662109375,0.0732421875,-0.37841796875,-0.0244140625,-0.4150390625,0.06103515625,-0.0732421875,0.10986328125,-0.06103515625,-0.0732421875,-0.9033203125,0.01220703125,1.07421875,-0.45166015625,-0.1708984375,-0.06103515625,-0.57373046875,-0.01220703125,-0.146484375,-0.23193359375,0.9033203125,-0.20751953125,-0.54931640625,-0.2685546875,0.01220703125,0.13427734375,-0.52490234375,-0.13427734375,1.15966796875,0.06103515625,0.4638671875,0.0732421875,0.2685546875,-0.18310546875,-0.74462890625,-0.146484375,-0.3662109375,0.18310546875,-0.52490234375,-0.28076171875,-0.23193359375,0.62255859375,-0.72021484375,-0.1708984375,-0.341796875,0.87890625,0.72021484375,-0.03662109375,1.1962890625,-0.146484375,0.4638671875,0.37841796875,-0.13427734375,-0.45166015625,0.69580078125,0.1220703125,1.52587890625,0.15869140625,0.72021484375,-0.78125,0.5615234375,0.048828125,4.5654296875,-0.08544921875,0.35400390625,-0.146484375,1.07421875,0.0732421875,0.244140625,-0.2685546875,0.2685546875,-0.3662109375,0.2197265625,0.20751953125,1.0009765625,0.0244140625,-0.0732421875,0.10986328125,1.318359375,-0.10986328125,-0.81787109375,0.18310546875,-0.40283203125,0.048828125,-1.0009765625,-0.634765625,-0.84228515625,-0.2685546875,-1.6357421875,-0.2197265625,-0.3662109375,-0.244140625,-0.32958984375,-0.0244140625,-1.2451171875,-0.2685546875,-0.7080078125,-0.1708984375,-0.7080078125,-0.0732421875,-0.6103515625,0.03662109375,-0.13427734375,0.1953125,0.30517578125,-0.09765625,-0.5615234375,-0.146484375,2.9052734375,-0.25634765625,1.611328125,0.1220703125,0.37841796875,-0.10986328125,-0.048828125,-0.0732421875,-0.03662109375,-0.1708984375,0.18310546875,0.1708984375,3.23486328125,-0.09765625,2.18505859375,-0.18310546875,0.98876953125,-0.146484375,1.40380859375
0,-0.2197265625,-0.37841796875,0.0732421875,-0.37841796875,0,-0.42724609375,0.03662109375,-0.0732421875,0.08544921875,-0.06103515625,-0.0732421875,-0.89111328125,-0.03662109375,1.0498046875,-0.48828125,-0.1953125,-0.01220703125,-0.57373046875,-0.048828125,-0.146484375,-0.29296875,0.9033203125,-0.18310546875,-0.5615234375,-0.15869140625,0.06103515625,0.18310546875,-0.30517578125,0.0244140625,1.15966796875,0.08544921875,0.5126953125,-0.03662109375,0.62255859375,-0.244140625,-0.64697265625,-0.18310546875,-0.28076171875,0.20751953125,-0.42724609375,-0.3662109375,-0.244140625,0.634765625,-0.7080078125,-0.0732421875,-0.30517578125,0.91552734375,0.72021484375,-0.10986328125,1.18408203125,-0.146484375,0.390625,0.42724609375,-0.146484375,-0.40283203125,0.7080078125,0.06103515625,1.4404296875,0.10986328125,0.74462890625,-0.81787109375,0.5126953125,0.01220703125,4.43115234375,-0.06103515625,0.23193359375,-0.0732421875,1.0498046875,0.06103515625,0.20751953125,-0.2197265625,0.2685546875,-0.390625,0.18310546875,0.25634765625,0.98876953125,-0.01220703125,-0.06103515625,0.10986328125,1.318359375,-0.0732421875,-0.89111328125,0.146484375,-0.37841796875,-0.03662109375,-1.025390625,-0.634765625,-0.830078125,-0.13427734375,-1.7578125,-0.10986328125,-0.62255859375,-0.1220703125,-0.4638671875,0.01220703125,-1.40380859375,-0.23193359375,-0.7080078125,-0.25634765625,-0.72021484375,0,-0.6103515625,0.0732421875,-0.13427734375,0.1953125,0.10986328125,0.0244140625,-0.74462890625,-0.146484375,2.38037109375,-0.29296875,1.37939453125,0.13427734375,0.35400390625,-0.13427734375,-0.03662109375,-0.06103515625,-0.0244140625,-0.15869140625,0.18310546875,0.09765625,4.26025390625,-0.13427734375,2.6611328125,-0.1708984375,1.45263671875,-0.18310546875,2.0751953125
1,-0.2197265625,-0.40283203125,0.06103515625,-0.37841796875,0.03662109375,-0.42724609375,0.03662109375,-0.0732421875,0.06103515625,-0.048828125,-0.09765625,-0.9033203125,-0.0732421875,1.06201171875,-0.45166015625,-0.1708984375,0.01220703125,-0.5615234375,-0.09765625,-0.1708984375,-0.3173828125,0.91552734375,-0.15869140625,-0.54931640625,-0.1220703125,0.29296875,0.1708984375,0.15869140625,0.09765625,1.416015625,0.03662109375,0.78125,-0.01220703125,1.13525390625,-0.29296875,-0.47607421875,-0.20751953125,-0.09765625,0.1953125,-0.23193359375,-0.4638671875,-0.25634765625,0.634765625,-0.72021484375,-0.0244140625,-0.30517578125,0.9033203125,0.72021484375,-0.146484375,1.20849609375,-0.0732421875,0.3173828125,0.439453125,-0.23193359375,-0.341796875,0.7080078125,0.06103515625,1.3916015625,0.08544921875,0.76904296875,-0.72021484375,0.5126953125,-0.0244140625,4.30908203125,0.01220703125,0.08544921875,-0.01220703125,1.025390625,0.0244140625,0.1708984375,-0.15869140625,0.23193359375,-0.30517578125,0.18310546875,0.30517578125,0.9765625,-0.048828125,-0.06103515625,0.0732421875,1.318359375,-0.048828125,-0.9521484375,0.10986328125,-0.37841796875,-0.06103515625,-1.025390625,-0.5859375,-0.81787109375,-0.08544921875,-1.86767578125,-0.1220703125,-0.87890625,-0.10986328125,-0.59814453125,-0.0244140625,-1.55029296875,-0.146484375,-0.69580078125,-0.30517578125,-0.732421875,0.0244140625,-0.5859375,0.06103515625,-0.146484375,0.1953125,-0.09765625,0.15869140625,-0.93994140625,-0.146484375,1.8310546875,-0.32958984375,1.18408203125,0.15869140625,0.341796875,-0.18310546875,-0.0244140625,-0.048828125,-0.01220703125,-0.15869140625,0.1708984375,0.13427734375,5.43212890625,-0.15869140625,3.1494140625,-0.1708984375,1.94091796875,-0.20751953125,2.79541015625
1,-0.244140625,-0.390625,0.048828125,-0.3662109375,0.06103515625,-0.45166015625,0.0244140625,-0.09765625,0,-0.0732421875,-0.08544921875,-0.9033203125,-0.09765625,1.06201171875,-0.45166015625,-0.1953125,0,-0.57373046875,-0.15869140625,-0.15869140625,-0.3173828125,0.91552734375,-0.18310546875,-0.5615234375,-0.09765625,0.69580078125,0.1953125,0.87890625,0.09765625,1.904296875,0.048828125,1.25732421875,-0.0732421875,1.8798828125,-0.29296875,-0.2197265625,-0.20751953125,0.13427734375,0.15869140625,0.03662109375,-0.5615234375,-0.25634765625,0.54931640625,-0.7080078125,-0.0244140625,-0.32958984375,0.98876953125,0.74462890625,-0.20751953125,1.20849609375,-0.06103515625,0.2685546875,0.47607421875,-0.244140625,-0.3173828125,0.69580078125,0.03662109375,1.35498046875,0.03662109375,0.830078125,-0.72021484375,0.5859375,-0.0244140625,4.150390625,0.06103515625,-0.048828125,0.048828125,1.01318359375,0.01220703125,0.1708984375,-0.10986328125,0.1953125,-0.23193359375,0.15869140625,0.30517578125,0.98876953125,-0.1220703125,-0.06103515625,0.08544921875,1.30615234375,0.01220703125,-1.01318359375,0.09765625,-0.3662109375,-0.06103515625,-1.03759765625,-0.54931640625,-0.81787109375,-0.08544921875,-1.91650390625,-0.18310546875,-1.03759765625,-0.08544921875,-0.7080078125,-0.06103515625,-1.6357421875,-0.0732421875,-0.68359375,-0.32958984375,-0.72021484375,0.0244140625,-0.59814453125,0.0732421875,-0.1220703125,0.18310546875,-0.28076171875,0.25634765625,-1.123046875,-0.13427734375,1.28173828125,-0.341796875,0.9521484375,0.13427734375,0.32958984375,-0.1708984375,-0.03662109375,-0.06103515625,-0.01220703125,-0.146484375,0.15869140625,0.2197265625,6.60400390625,-0.15869140625,3.64990234375,-0.13427734375,2.4169921875,-0.2197265625,3.564453125
1,-0.23193359375,-0.37841796875,0.03662109375,-0.40283203125,0.08544921875,-0.439453125,0.0244140625,-0.1220703125,-0.03662109375,-0.0732421875,-0.08544921875,-0.9033203125,-0.146484375,1.07421875,-0.48828125,-0.2197265625,-0.048828125,-0.5615234375,-0.1953125,-0.146484375,-0.28076171875,0.9033203125,-0.20751953125,-0.5859375,-0.01220703125,1.26953125,0.15869140625,1.84326171875,0.10986328125,2.63671875,0.1220703125,1.904296875,-0.08544921875,2.77099609375,-0.2685546875,0.08544921875,-0.2197265625,0.4150390625,0.09765625,0.40283203125,-0.5615234375,-0.28076171875,0.47607421875,-0.69580078125,-0.048828125,-0.32958984375,1.123046875,0.7568359375,-0.28076171875,1.23291015625,-0.09765625,0.29296875,0.50048828125,-0.28076171875,-0.2685546875,0.69580078125,0.048828125,1.318359375,0,0.87890625,-0.5859375,0.6591796875,0.13427734375,3.90625,-0.0244140625,-0.15869140625,0.1220703125,1.0009765625,0.01220703125,0.15869140625,-0.048828125,0.1708984375,-0.146484375,0.15869140625,0.2685546875,0.98876953125,-0.20751953125,-0.06103515625,0.09765625,1.28173828125,0.06103515625,-1.0498046875,0.0732421875,-0.37841796875,-0.08544921875,-1.06201171875,-0.47607421875,-0.830078125,0.06103515625,-1.86767578125,-0.13427734375,-1.03759765625,-0.01220703125,-0.7080078125,0.0244140625,-1.6357421875,-0.0244140625,-0.69580078125,-0.32958984375,-0.74462890625,0,-0.5859375,0.10986328125,-0.13427734375,0.20751953125,-0.4638671875,0.30517578125,-1.26953125,-0.146484375,0.79345703125,-0.32958984375,0.74462890625,0.15869140625,0.32958984375,-0.18310546875,-0.0244140625,-0.0732421875,0,-0.15869140625,0.1708984375,0.23193359375,7.75146484375,-0.146484375,4.06494140625,-0.08544921875,2.84423828125,-0.244140625,4.2236328125
1,-0.244140625,-0.35400390625,0.03662109375,-0.42724609375,0.10986328125,-0.439453125,0.03662109375,-0.1220703125,-0.03662109375,-0.0732421875,-0.09765625,-0.9033203125,-0.1708984375,1.0986328125,-0.48828125,-0.1953125,-0.08544921875,-0.5615234375,-0.2197265625,-0.1220703125,-0.23193359375,0.91552734375,-0.2197265625,-0.5859375,-0.06103515625,1.96533203125,-0.0244140625,2.9541015625,-0.048828125,3.515625,0.10986328125,2.69775390625,0.0244140625,3.79638671875,-0.244140625,0.390625,-0.23193359375,0.732421875,0,0.78125,-0.57373046875,-0.28076171875,0.390625,-0.69580078125,-0.10986328125,-0.35400390625,1.0498046875,0.78125,-0.341796875,1.2451171875,-0.1220703125,0.32958984375,0.52490234375,-0.2685546875,-0.2685546875,0.7080078125,0.10986328125,1.28173828125,-0.048828125,0.87890625,-0.40283203125,0.7080078125,0.08544921875,3.55224609375,-0.048828125,-0.23193359375,0.2197265625,0.98876953125,0.0244140625,0.15869140625,-0.01220703125,0.146484375,-0.03662109375,0.15869140625,0.2197265625,0.96435546875,-0.25634765625,-0.048828125,0.09765625,1.25732421875,0.0732421875,-1.07421875,0.0732421875,-0.3662109375,-0.048828125,-1.07421875,-0.439453125,-0.81787109375,0.03662109375,-1.7333984375,-0.244140625,-0.91552734375,-0.0732421875,-0.62255859375,-0.01220703125,-1.50146484375,0.01220703125,-0.67138671875,-0.25634765625,-0.72021484375,-0.0244140625,-0.57373046875,0.09765625,-0.09765625,0.2197265625,-0.634765625,0.2685546875,-1.42822265625,-0.1220703125,0.341796875,-0.29296875,0.5859375,0.146484375,0.32958984375,-0.1708984375,-0.01220703125,-0.0732421875,0.0244140625,-0.146484375,0.146484375,0.10986328125,8.740234375,-0.15869140625,4.39453125,-0.09765625,3.173828125,-0.28076171875,4.78515625
1,-0.25634765625,-0.3662109375,0.06103515625,-0.40283203125,0.1220703125,-0.4638671875,0.0244140625,-0.1220703125,-0.0732421875,-0.06103515625,-0.09765625,-0.9033203125,-0.1953125,1.0986328125,-0.52490234375,-0.23193359375,-0.1220703125,-0.537109375,-0.23193359375,-0.10986328125,-0.13427734375,0.89111328125,-0.28076171875,-0.59814453125,-0.048828125,2.72216796875,0.01220703125,4.13818359375,-0.1708984375,4.5166015625,0.146484375,3.5400390625,0.09765625,4.87060546875,-0.25634765625,0.69580078125,-0.20751953125,1.03759765625,0.01220703125,1.20849609375,-0.54931640625,-0.2685546875,0.32958984375,-0.68359375,-0.13427734375,-0.3662109375,1.20849609375,0.84228515625,-0.35400390625,1.220703125,-0.18310546875,0.390625,0.48828125,-0.25634765625,-0.2685546875,0.7080078125,0.09765625,1.20849609375,-0.10986328125,0.84228515625,-0.28076171875,0.74462890625,0.08544921875,3.06396484375,-0.10986328125,-0.25634765625,0.23193359375,0.9765625,0.0244140625,0.18310546875,-0.048828125,0.146484375,-0.0244140625,0.13427734375,0.18310546875,0.93994140625,-0.30517578125,-0.0244140625,0.13427734375,1.25732421875,0.048828125,-1.0986328125,0.048828125,-0.341796875,-0.0244140625,-1.07421875,-0.47607421875,-0.81787109375,0.06103515625,-1.55029296875,-0.29296875,-0.67138671875,-0.10986328125,-0.4150390625,-0.0244140625,-1.26953125,-0.0244140625,-0.6591796875,-0.1953125,-0.69580078125,-0.08544921875,-0.5859375,0.13427734375,-0.10986328125,0.20751953125,-0.78125,0.18310546875,-1.5869140625,-0.1220703125,-0.0732421875,-0.2685546875,0.40283203125,0.1708984375,0.3173828125,-0.1708984375,-0.0244140625,-0.0732421875,0.0244140625,-0.146484375,0.146484375,0.1220703125,9.5458984375,-0.09765625,4.62646484375,-0.048828125,3.3935546875,-0.244140625,5.18798828125
1,-0.244140625,-0.341796875,0.048828125,-0.40283203125,0.146484375,-0.439453125,0.01220703125,-0.10986328125,-0.10986328125,-0.03662109375,-0.1220703125,-0.86669921875,-0.18310546875,1.0986328125,-0.48828125,-0.1953125,-0.09765625,-0.54931640625,-0.20751953125,-0.09765625,-0.06103515625,0.89111328125,-0.3173828125,-0.59814453125,-0.0732421875,3.4423828125,0.03662109375,5.322265625,-0.29296875,5.46875,0.146484375,4.345703125,0.0732421875,5.8837890625,-0.23193359375,0.96435546875,-0.146484375,1.30615234375,-0.03662109375,1.57470703125,-0.47607421875,-0.2685546875,0.2685546875,-0.69580078125,-0.146484375,-0.3662109375,1.171875,0.91552734375,-0.390625,1.171875,-0.146484375,0.4638671875,0.45166015625,-0.25634765625,-0.244140625,0.69580078125,0.13427734375,1.123046875,-0.146484375,0.7568359375,-0.244140625,0.74462890625,0.13427734375,2.40478515625,-0.1220703125,-0.23193359375,0.2685546875,0.98876953125,0.06103515625,0.20751953125,-0.048828125,0.1220703125,0.048828125,0.15869140625,0.10986328125,0.927734375,-0.25634765625,-0.06103515625,0.13427734375,1.25732421875,-0.01220703125,-1.08642578125,0.048828125,-0.341796875,0.01220703125,-1.06201171875,-0.537109375,-0.81787109375,0.13427734375,-1.30615234375,-0.25634765625,-0.35400390625,-0.13427734375,-0.18310546875,0.048828125,-1.0009765625,-0.03662109375,-0.69580078125,-0.146484375,-0.69580078125,-0.13427734375,-0.5859375,0.13427734375,-0.1220703125,0.1953125,-0.927734375,0.06103515625,-1.69677734375,-0.10986328125,-0.439453125,-0.2685546875,0.28076171875,0.1708984375,0.30517578125,-0.15869140625,-0.03662109375,-0.048828125,0.01220703125,-0.1220703125,0.15869140625,0.1220703125,10.09521484375,-0.09765625,4.74853515625,-0.03662109375,3.515625,-0.244140625,5.43212890625
1,-0.2685546875,-0.35400390625,0.0732421875,-0.4150390625,0.1953125,-0.42724609375,0.01220703125,-0.09765625,-0.1708984375,-0.03662109375,-0.1220703125,-0.9033203125,-0.2197265625,1.0986328125,-0.47607421875,-0.20751953125,-0.09765625,-0.537109375,-0.20751953125,-0.09765625,0.03662109375,0.89111328125,-0.28076171875,-0.59814453125,-0.08544921875,4.08935546875,0.06103515625,6.3720703125,-0.341796875,6.3232421875,0.1220703125,5.04150390625,0.1220703125,6.787109375,-0.25634765625,1.18408203125,-0.10986328125,1.513671875,-0.1220703125,1.86767578125,-0.439453125,-0.244140625,0.2197265625,-0.67138671875,-0.15869140625,-0.37841796875,1.15966796875,0.98876953125,-0.4638671875,1.171875,-0.0732421875,0.54931640625,0.35400390625,-0.20751953125,-0.1953125,0.68359375,0.1708984375,1.0009765625,-0.20751953125,0.64697265625,-0.15869140625,0.7080078125,0.20751953125,1.7333984375,-0.06103515625,-0.146484375,0.3173828125,0.98876953125,0.1708984375,0.2197265625,-0.06103515625,0.13427734375,0.0732421875,0.1953125,0.03662109375,0.93994140625,-0.23193359375,-0.06103515625,0.1220703125,1.25732421875,-0.0732421875,-1.07421875,0.048828125,-0.3662109375,0.08544921875,-1.0498046875,-0.537109375,-0.8056640625,0.048828125,-1.0986328125,-0.3173828125,-0.03662109375,-0.23193359375,0.08544921875,0.0732421875,-0.68359375,-0.09765625,-0.7080078125,-0.09765625,-0.69580078125,-0.18310546875,-0.57373046875,0.15869140625,-0.09765625,0.1953125,-1.03759765625,-0.0732421875,-1.81884765625,-0.1220703125,-0.74462890625,-0.30517578125,0.15869140625,0.1953125,0.341796875,-0.1708984375,-0.0244140625,-0.0732421875,-0.01220703125,-0.10986328125,0.15869140625,0.1708984375,10.3759765625,-0.0732421875,4.736328125,-0.08544921875,3.52783203125,-0.23193359375,5.4931640625
1,-0.25634765625,-0.341796875,0.08544921875,-0.42724609375,0.23193359375,-0.42724609375,-0.01220703125,-0.09765625,-0.23193359375,-0.01220703125,-0.10986328125,-0.87890625,-0.1953125,1.0986328125,-0.45166015625,-0.1953125,-0.048828125,-0.5615234375,-0.15869140625,-0.08544921875,0.0732421875,0.89111328125,-0.244140625,-0.59814453125,-0.15869140625,4.57763671875,0.01220703125,7.18994140625,-0.35400390625,6.9580078125,0.0244140625,5.55419921875,0.08544921875,7.43408203125,-0.28076171875,1.33056640625,-0.1220703125,1.67236328125,-0.15869140625,2.099609375,-0.439453125,-0.23193359375,0.20751953125,-0.68359375,-0.146484375,-0.37841796875,1.0498046875,1.08642578125,-0.54931640625,1.171875,-0.08544921875,0.57373046875,0.2685546875,-0.18310546875,-0.1953125,0.68359375,0.1953125,0.81787109375,-0.2685546875,0.5126953125,-0.10986328125,0.62255859375,0.29296875,1.01318359375,-0.08544921875,-0.048828125,0.28076171875,1.0009765625,0.20751953125,0.23193359375,-0.13427734375,0.15869140625,0.08544921875,0.1953125,0.01220703125,0.9033203125,-0.1708984375,-0.06103515625,0.0732421875,1.2451171875,-0.1220703125,-1.07421875,0.03662109375,-0.3662109375,0.09765625,-1.03759765625,-0.5615234375,-0.78125,0.01220703125,-0.89111328125,-0.3173828125,0.244140625,-0.244140625,0.32958984375,0.13427734375,-0.40283203125,-0.13427734375,-0.72021484375,-0.09765625,-0.7080078125,-0.1708984375,-0.57373046875,0.13427734375,-0.10986328125,0.23193359375,-1.13525390625,-0.23193359375,-1.91650390625,-0.10986328125,-1.01318359375,-0.3173828125,0.06103515625,0.1953125,0.341796875,-0.1708984375,-0.0244140625,-0.048828125,-0.0244140625,-0.09765625,0.1708984375,0.15869140625,10.4248046875,-0.03662109375,4.6630859375,-0.0732421875,3.43017578125,-0.18310546875,5.43212890625
1,-0.28076171875,-0.341796875,0.08544921875,-0.37841796875,0.244140625,-0.390625,-0.0244140625,-0.048828125,-0.29296875,0.01220703125,-0.1220703125,-0.87890625,-0.1953125,1.08642578125,-0.439453125,-0.1708984375,-0.0244140625,-0.5615234375,-0.10986328125,-0.0732421875,0.09765625,0.89111328125,-0.1953125,-0.5859375,-0.23193359375,4.89501953125,-0.08544921875,7.77587890625,-0.29296875,7.36083984375,-0.08544921875,5.89599609375,0.09765625,7.87353515625,-0.2197265625,1.37939453125,-0.15869140625,1.74560546875,-0.15869140625,2.20947265625,-0.4638671875,-0.2197265625,0.18310546875,-0.69580078125,-0.13427734375,-0.3662109375,0.9033203125,1.18408203125,-0.634765625,1.13525390625,-0.0732421875,0.5859375,0.1953125,-0.1708984375,-0.23193359375,0.64697265625,0.20751953125,0.67138671875,-0.30517578125,0.3662109375,-0.06103515625,0.48828125,0.40283203125,0.439453125,-0.01220703125,0.03662109375,0.23193359375,1.01318359375,0.244140625,0.23193359375,-0.15869140625,0.1708984375,0.15869140625,0.2197265625,-0.01220703125,0.91552734375,-0.15869140625,-0.0244140625,0.01220703125,1.25732421875,-0.13427734375,-1.025390625,0.01220703125,-0.3662109375,0.15869140625,-1.03759765625,-0.52490234375,-0.79345703125,-0.01220703125,-0.76904296875,-0.2685546875,0.42724609375,-0.23193359375,0.52490234375,0.1708984375,-0.1953125,-0.15869140625,-0.69580078125,-0.06103515625,-0.69580078125,-0.1953125,-0.5859375,0.13427734375,-0.1220703125,0.25634765625,-1.1962890625,-0.35400390625,-1.98974609375,-0.08544921875,-1.25732421875,-0.341796875,-0.03662109375,0.1953125,0.3662109375,-0.146484375,-0.0244140625,-0.0732421875,-0.06103515625,-0.08544921875,0.18310546875,0.03662109375,10.19287109375,-0.0732421875,4.55322265625,-0.08544921875,3.30810546875,-0.1708984375,5.26123046875
1,-0.25634765625,-0.35400390625,0.08544921875,-0.3662109375,0.29296875,-0.390625,-0.06103515625,-0.0244140625,-0.341796875,0.01220703125,-0.09765625,-0.87890625,-0.1708984375,1.08642578125,-0.42724609375,-0.15869140625,0.01220703125,-0.5615234375,-0.0732421875,-0.10986328125,0.09765625,0.9033203125,-0.13427734375,-0.57373046875,-0.244140625,5.029296875,0,8.056640625,-0.146484375,7.5439453125,-0.15869140625,6.01806640625,0.08544921875,8.02001953125,-0.1708984375,1.35498046875,-0.1708984375,1.77001953125,-0.10986328125,2.23388671875,-0.439453125,-0.23193359375,0.18310546875,-0.68359375,-0.10986328125,-0.341796875,0.91552734375,1.33056640625,-0.68359375,1.13525390625,-0.146484375,0.54931640625,0.1220703125,-0.15869140625,-0.30517578125,0.6591796875,0.146484375,0.5615234375,-0.2685546875,0.25634765625,0.048828125,0.390625,0.537109375,0.09765625,0.0244140625,0.10986328125,0.20751953125,1.025390625,0.244140625,0.244140625,-0.18310546875,0.1953125,0.13427734375,0.2197265625,-0.03662109375,0.9033203125,-0.10986328125,0,-0.06103515625,1.26953125,-0.08544921875,-1.025390625,-0.0244140625,-0.37841796875,0.23193359375,-1.03759765625,-0.4638671875,-0.8056640625,-0.0732421875,-0.732421875,-0.2197265625,0.4638671875,-0.15869140625,0.62255859375,0.1708984375,-0.1220703125,-0.1953125,-0.72021484375,0,-0.7080078125,-0.146484375,-0.59814453125,0.09765625,-0.10986328125,0.29296875,-1.25732421875,-0.4150390625,-2.0751953125,-0.048828125,-1.45263671875,-0.37841796875,-0.09765625,0.1953125,0.341796875,-0.146484375,-0.03662109375,-0.06103515625,-0.09765625,-0.0732421875,0.18310546875,-0.01220703125,9.765625,-0.0732421875,4.39453125,-0.0732421875,3.13720703125,-0.15869140625,5.01708984375
1,-0.244140625,-0.341796875,0.08544921875,-0.37841796875,0.35400390625,-0.37841796875,-0.0732421875,-0.0244140625,-0.390625,0.01220703125,-0.10986328125,-0.89111328125,-0.146484375,1.0986328125,-0.439453125,-0.146484375,0.048828125,-0.5859375,-0.048828125,-0.1220703125,0.1220703125,0.89111328125,-0.048828125,-0.5859375,-0.1953125,4.99267578125,0.03662109375,8.056640625,-0.0244140625,7.48291015625,-0.2197265625,5.95703125,-0.13427734375,7.89794921875,-0.10986328125,1.30615234375,-0.18310546875,1.69677734375,-0.09765625,2.1484375,-0.42724609375,-0.25634765625,0.30517578125,-0.69580078125,-0.10986328125,-0.35400390625,0.81787109375,1.46484375,-0.64697265625,1.1474609375,-0.1708984375,0.537109375,0.03662109375,-0.15869140625,-0.3662109375,0.6591796875,0.1220703125,0.5126953125,-0.18310546875,0.23193359375,0.06103515625,0.3173828125,0.59814453125,0.048828125,0.048828125,0.15869140625,0.1708984375,1.025390625,0.23193359375,0.244140625,-0.2197265625,0.1953125,0.09765625,0.2197265625,-0.08544921875,0.89111328125,-0.06103515625,-0.01220703125,-0.10986328125,1.28173828125,-0.048828125,-1.0009765625,-0.048828125,-0.37841796875,0.32958984375,-1.03759765625,-0.4150390625,-0.79345703125,-0.13427734375,-0.74462890625,-0.1708984375,0.390625,-0.048828125,0.6103515625,0.13427734375,-0.13427734375,-0.1708984375,-0.7080078125,0,-0.69580078125,-0.1220703125,-0.6103515625,0.048828125,-0.09765625,0.3173828125,-1.30615234375,-0.48828125,-2.11181640625,-0.01220703125,-1.611328125,-0.40283203125,-0.146484375,0.1708984375,0.3662109375,-0.15869140625,-0.03662109375,-0.06103515625,-0.09765625,-0.06103515625,0.18310546875,-0.048828125,9.19189453125,-0.1220703125,4.248046875,-0.06103515625,2.96630859375,-0.146484375,4.72412109375
1,-0.23193359375,-0.35400390625,0.0732421875,-0.390625,0.37841796875,-0.390625,-0.09765625,-0.0244140625,-0.4150390625,0.01220703125,-0.10986328125,-0.9033203125,-0.13427734375,1.0986328125,-0.4150390625,-0.15869140625,0.08544921875,-0.57373046875,0.0244140625,-0.1220703125,0.13427734375,0.89111328125,0.01220703125,-0.5859375,-0.1708984375,4.8828125,-0.08544921875,7.861328125,0.09765625,7.26318359375,-0.29296875,5.76171875,-0.32958984375,7.568359375,-0.08544921875,1.18408203125,-0.1708984375,1.611328125,-0.03662109375,1.98974609375,-0.4150390625,-0.23193359375,0.30517578125,-0.69580078125,-0.13427734375,-0.341796875,0.69580078125,1.59912109375,-0.634765625,1.15966796875,-0.20751953125,0.4638671875,-0.048828125,-0.1953125,-0.40283203125,0.67138671875,0.06103515625,0.5615234375,-0.20751953125,0.29296875,0.10986328125,0.29296875,0.54931640625,0.4150390625,0.048828125,0.1953125,0.09765625,1.0498046875,0.20751953125,0.25634765625,-0.29296875,0.20751953125,0.06103515625,0.2197265625,-0.09765625,0.89111328125,0.01220703125,0.01220703125,-0.1220703125,1.30615234375,-0.03662109375,-1.0009765625,-0.048828125,-0.37841796875,0.42724609375,-1.0498046875,-0.37841796875,-0.8056640625,-0.15869140625,-0.8544921875,-0.1220703125,0.1953125,0.03662109375,0.52490234375,0.048828125,-0.20751953125,-0.1953125,-0.72021484375,0.01220703125,-0.7080078125,-0.08544921875,-0.59814453125,0,-0.10986328125,0.28076171875,-1.30615234375,-0.48828125,-2.16064453125,0,-1.708984375,-0.4150390625,-0.146484375,0.146484375,0.35400390625,-0.15869140625,-0.03662109375,-0.08544921875,-0.0732421875,-0.048828125,0.15869140625,-0.06103515625,8.49609375,-0.10986328125,4.0771484375,-0.03662109375,2.79541015625,-0.1220703125,4.4189453125
1,-0.20751953125,-0.3662109375,0.08544921875,-0.37841796875,0.4150390625,-0.40283203125,-0.1220703125,-0.0244140625,-0.47607421875,-0.01220703125,-0.1220703125,-0.91552734375,-0.1220703125,1.08642578125,-0.40283203125,-0.1708984375,0.1220703125,-0.5859375,0.0732421875,-0.1708984375,0.146484375,0.89111328125,0.0244140625,-0.59814453125,-0.09765625,4.638671875,-0.15869140625,7.470703125,0.1220703125,6.93359375,-0.25634765625,5.48095703125,-0.40283203125,7.11669921875,-0.06103515625,1.06201171875,-0.15869140625,1.4892578125,-0.01220703125,1.806640625,-0.42724609375,-0.25634765625,0.29296875,-0.7080078125,-0.18310546875,-0.35400390625,0.74462890625,1.74560546875,-0.6103515625,1.1962890625,-0.23193359375,0.42724609375,-0.146484375,-0.2197265625,-0.4150390625,0.68359375,-0.01220703125,0.67138671875,-0.18310546875,0.40283203125,0.146484375,0.32958984375,0.6103515625,1.1474609375,0.08544921875,0.244140625,0.03662109375,1.0498046875,0.13427734375,0.244140625,-0.3173828125,0.23193359375,-0.0244140625,0.2197265625,-0.08544921875,0.89111328125,0.03662109375,0.0244140625,-0.06103515625,1.30615234375,-0.01220703125,-0.9765625,-0.06103515625,-0.390625,0.45166015625,-1.06201171875,-0.390625,-0.81787109375,-0.18310546875,-0.9765625,-0.06103515625,-0.06103515625,0.13427734375,0.37841796875,0,-0.3662109375,-0.1953125,-0.7080078125,-0.01220703125,-0.72021484375,-0.0244140625,-0.62255859375,-0.048828125,-0.09765625,0.25634765625,-1.2939453125,-0.40283203125,-2.13623046875,0.0244140625,-1.7333984375,-0.42724609375,-0.15869140625,0.1708984375,0.35400390625,-0.13427734375,-0.03662109375,-0.0732421875,-0.048828125,-0.06103515625,0.15869140625,-0.01220703125,7.8125,-0.1220703125,3.89404296875,-0.0244140625,2.63671875,-0.10986328125,4.16259765625
1,-0.20751953125,-0.37841796875,0.048828125,-0.3662109375,0.45166015625,-0.4150390625,-0.13427734375,-0.06103515625,-0.50048828125,-0.0244140625,-0.10986328125,-0.9033203125,-0.09765625,1.07421875,-0.3662109375,-0.1708984375,0.1708984375,-0.59814453125,0.1220703125,-0.1708984375,0.146484375,0.89111328125,0,-0.59814453125,-0.01220703125,4.38232421875,-0.18310546875,7.0556640625,0.10986328125,6.591796875,-0.15869140625,5.2001953125,-0.40283203125,6.5673828125,-0.09765625,0.927734375,-0.15869140625,1.37939453125,0.01220703125,1.611328125,-0.40283203125,-0.25634765625,0.244140625,-0.72021484375,-0.23193359375,-0.341796875,0.93994140625,1.8798828125,-0.52490234375,1.220703125,-0.244140625,0.37841796875,-0.1708984375,-0.25634765625,-0.42724609375,0.7080078125,-0.0244140625,0.89111328125,-0.1953125,0.5859375,0.10986328125,0.40283203125,0.59814453125,2.20947265625,0.1220703125,0.25634765625,-0.01220703125,1.06201171875,0.10986328125,0.23193359375,-0.30517578125,0.23193359375,-0.03662109375,0.20751953125,-0.08544921875,0.9033203125,0.0732421875,0.01220703125,-0.01220703125,1.30615234375,-0.01220703125,-0.98876953125,-0.0244140625,-0.4150390625,0.47607421875,-1.07421875,-0.40283203125,-0.81787109375,-0.13427734375,-1.11083984375,-0.06103515625,-0.30517578125,0.15869140625,0.1953125,-0.048828125,-0.537109375,-0.15869140625,-0.69580078125,-0.01220703125,-0.72021484375,0.01220703125,-0.6103515625,-0.06103515625,-0.09765625,0.244140625,-1.26953125,-0.341796875,-2.11181640625,0.01220703125,-1.72119140625,-0.4150390625,-0.15869140625,0.13427734375,0.341796875,-0.10986328125,-0.03662109375,-0.06103515625,-0.06103515625,-0.0732421875,0.13427734375,-0.048828125,7.11669921875,-0.09765625,3.74755859375,-0.01220703125,2.50244140625,-0.10986328125,3.89404296875
0,-0.15869140625,-0.390625,0.048828125,-0.35400390625,0.45166015625,-0.4638671875,-0.1220703125,-0.03662109375,-0.5615234375,-0.0244140625,-0.08544921875,-0.91552734375,-0.08544921875,1.11083984375,-0.341796875,-0.1708984375,0.10986328125,-0.5859375,0.15869140625,-0.15869140625,0.13427734375,0.89111328125,-0.06103515625,-0.57373046875,0.09765625,4.1259765625,-0.2197265625,6.591796875,0.08544921875,6.25,-0.03662109375,4.931640625,-0.341796875,6.005859375,-0.03662109375,0.8056640625,-0.15869140625,1.28173828125,0.0244140625,1.416015625,-0.4150390625,-0.244140625,0.13427734375,-0.72021484375,-0.25634765625,-0.3662109375,0.79345703125,1.9775390625,-0.45166015625,1.220703125,-0.2685546875,0.390625,-0.23193359375,-0.29296875,-0.45166015625,0.7080078125,-0.0244140625,1.1962890625,-0.1708984375,0.8056640625,0.1708984375,0.537109375,0.50048828125,3.5400390625,0.15869140625,0.2685546875,-0.09765625,1.08642578125,0.0244140625,0.23193359375,-0.32958984375,0.1953125,-0.10986328125,0.1708984375,-0.06103515625,0.87890625,0.08544921875,-0.01220703125,0.048828125,1.2939453125,-0.01220703125,-1.01318359375,-0.01220703125,-0.40283203125,0.439453125,-1.0498046875,-0.439453125,-0.830078125,-0.03662109375,-1.2451171875,-0.0244140625,-0.5126953125,0.15869140625,0.06103515625,-0.048828125,-0.7080078125,-0.1220703125,-0.69580078125,-0.048828125,-0.732421875,0.01220703125,-0.62255859375,-0.06103515625,-0.09765625,0.1953125,-1.2451171875,-0.23193359375,-2.11181640625,0,-1.67236328125,-0.40283203125,-0.1220703125,0.146484375,0.341796875,-0.09765625,-0.048828125,-0.0732421875,-0.048828125,-0.06103515625,0.13427734375,-0.10986328125,6.5185546875,-0.08544921875,3.60107421875,-0.0244140625,2.33154296875,-0.1220703125,3.64990234375
0,-0.146484375,-0.4150390625,0.06103515625,-0.35400390625,0.4638671875,-0.4638671875,-0.13427734375,-0.03662109375,-0.5615234375,-0.048828125,-0.0732421875,-0.91552734375,-0.08544921875,1.08642578125,-0.35400390625,-0.13427734375,0.09765625,-0.57373046875,0.146484375,-0.15869140625,0.0732421875,0.87890625,-0.15869140625,-0.5859375,0.18310546875,3.91845703125,-0.244140625,6.16455078125,0.01220703125,5.9814453125,0.06103515625,4.69970703125,-0.20751953125,5.50537109375,0.048828125,0.7080078125,-0.1708984375,1.15966796875,0.01220703125,1.25732421875,-0.35400390625,-0.25634765625,0.08544921875,-0.72021484375,-0.3173828125,-0.3662109375,0.927734375,2.0263671875,-0.341796875,1.2451171875,-0.30517578125,0.390625,-0.2197265625,-0.25634765625,-0.42724609375,0.7080078125,0.06103515625,1.55029296875,-0.13427734375,1.07421875,0.2197265625,0.74462890625,0.47607421875,4.98046875,0.20751953125,0.25634765625,-0.13427734375,1.0986328125,-0.03662109375,0.23193359375,-0.2685546875,0.2197265625,-0.1220703125,0.1953125,-0.0732421875,0.86669921875,0.048828125,-0.0244140625,0.146484375,1.30615234375,0,-1.01318359375,0,-0.390625,0.341796875,-1.06201171875,-0.439453125,-0.84228515625,0.08544921875,-1.3427734375,0.03662109375,-0.62255859375,0.15869140625,-0.048828125,0.01220703125,-0.830078125,-0.0244140625,-0.68359375,-0.1220703125,-0.732421875,-0.0244140625,-0.634765625,0,-0.09765625,0.15869140625,-1.18408203125,-0.1220703125,-2.05078125,-0.03662109375,-1.5625,-0.3662109375,-0.0732421875,0.10986328125,0.35400390625,-0.08544921875,-0.06103515625,-0.06103515625,-0.03662109375,-0.06103515625,0.13427734375,-0.146484375,6.04248046875,-0.10986328125,3.466796875,-0.0732421875,2.197265625,-0.1220703125,3.43017578125
0,-0.146484375,-0.40283203125,0.0732421875,-0.37841796875,0.50048828125,-0.47607421875,-0.15869140625,-0.048828125,-0.5859375,-0.048828125,-0.10986328125,-0.9033203125,-0.06103515625,1.07421875,-0.3662109375,-0.1220703125,0.0732421875,-0.54931640625,0.1220703125,-0.1220703125,0.0244140625,0.89111328125,-0.244140625,-0.5859375,0.28076171875,3.72314453125,-0.146484375,5.79833984375,0.06103515625,5.76171875,0.2197265625,4.541015625,-0.20751953125,5.11474609375,0.09765625,0.62255859375,-0.18310546875,1.06201171875,0,1.1474609375,-0.32958984375,-0.244140625,0.06103515625,-0.7080078125,-0.32958984375,-0.35400390625,0.86669921875,2.03857421875,-0.23193359375,1.2451171875,-0.37841796875,0.4150390625,-0.15869140625,-0.23193359375,-0.4638671875,0.68359375,0.08544921875,1.89208984375,-0.09765625,1.30615234375,0.2685546875,0.91552734375,0.35400390625,6.38427734375,0.244140625,0.2685546875,-0.1953125,1.0986328125,-0.0732421875,0.25634765625,-0.25634765625,0.20751953125,-0.1220703125,0.18310546875,-0.06103515625,0.87890625,0.06103515625,-0.03662109375,0.2197265625,1.2939453125,-0.03662109375,-1.025390625,0.03662109375,-0.40283203125,0.20751953125,-1.03759765625,-0.390625,-0.84228515625,0.1220703125,-1.35498046875,-0.0244140625,-0.62255859375,0.1220703125,-0.10986328125,0.0244140625,-0.89111328125,0.01220703125,-0.69580078125,-0.15869140625,-0.72021484375,-0.06103515625,-0.634765625,0.0244140625,-0.09765625,0.1220703125,-1.171875,-0.0732421875,-2.001953125,-0.09765625,-1.45263671875,-0.341796875,-0.03662109375,0.0732421875,0.32958984375,-0.06103515625,-0.06103515625,-0.06103515625,-0.03662109375,-0.06103515625,0.13427734375,-0.15869140625,5.70068359375,-0.1220703125,3.3203125,-0.10986328125,2.03857421875,-0.10986328125,3.2470703125
0,-0.146484375,-0.4150390625,0.06103515625,-0.35400390625,0.57373046875,-0.4638671875,-0.15869140625,-0.048828125,-0.57373046875,-0.0732421875,-0.09765625,-0.9033203125,-0.0732421875,1.06201171875,-0.3662109375,-0.09765625,0.03662109375,-0.537109375,0.048828125,-0.1220703125,-0.08544921875,0.9033203125,-0.28076171875,-0.59814453125,0.29296875,3.5888671875,-0.2197265625,5.517578125,0.08544921875,5.6396484375,0.25634765625,4.39453125,-0.18310546875,4.833984375,0.0732421875,0.54931640625,-0.20751953125,0.96435546875,-0.06103515625,1.06201171875,-0.2685546875,-0.25634765625,0.03662109375,-0.7080078125,-0.341796875,-0.35400390625,0.79345703125,2.001953125,-0.146484375,1.220703125,-0.37841796875,0.42724609375,-0.0732421875,-0.18310546875,-0.439453125,0.69580078125,0.1220703125,2.2216796875,-0.08544921875,1.52587890625,0.25634765625,1.06201171875,0.35400390625,7.6416015625,0.18310546875,0.23193359375,-0.2197265625,1.06201171875,-0.0732421875,0.23193359375,-0.244140625,0.20751953125,-0.1708984375,0.1708984375,-0.09765625,0.87890625,0.1220703125,-0.06103515625,0.29296875,1.26953125,-0.06103515625,-1.025390625,0.048828125,-0.4150390625,0.0732421875,-1.0498046875,-0.3662109375,-0.84228515625,0.25634765625,-1.3427734375,-0.0244140625,-0.5615234375,0.1220703125,-0.10986328125,0.146484375,-0.91552734375,0.06103515625,-0.69580078125,-0.1953125,-0.74462890625,-0.09765625,-0.57373046875,0.06103515625,-0.10986328125,0.09765625,-1.18408203125,-0.0244140625,-1.953125,-0.13427734375,-1.35498046875,-0.29296875,0,0.048828125,0.35400390625,-0.08544921875,-0.08544921875,-0.08544921875,-0.06103515625,-0.0732421875,0.15869140625,-0.146484375,5.45654296875,-0.1220703125,3.1982421875,-0.146484375,1.904296875,-0.08544921875,3.0517578125
0,-0.146484375,-0.390625,0.06103515625,-0.3662109375,0.59814453125,-0.47607421875,-0.1953125,-0.0732421875,-0.57373046875,-0.03662109375,-0.146484375,-0.9033203125,-0.08544921875,1.0498046875,-0.341796875,-0.09765625,0.048828125,-0.54931640625,0.01220703125,-0.1220703125,-0.15869140625,0.927734375,-0.28076171875,-0.6103515625,0.29296875,3.466796875,-0.2685546875,5.28564453125,0.146484375,5.4931640625,0.23193359375,4.2724609375,-0.20751953125,4.638671875,0.0732421875,0.48828125,-0.23193359375,0.91552734375,-0.048828125,0.98876953125,-0.25634765625,-0.25634765625,0.1220703125,-0.68359375,-0.35400390625,-0.35400390625,0.93994140625,1.94091796875,-0.08544921875,1.18408203125,-0.37841796875,0.439453125,0.03662109375,-0.15869140625,-0.4150390625,0.67138671875,0.15869140625,2.490234375,-0.03662109375,1.69677734375,0.18310546875,1.220703125,0.3173828125,8.642578125,0.23193359375,0.1953125,-0.244140625,1.06201171875,-0.0732421875,0.244140625,-0.28076171875,0.18310546875,-0.146484375,0.15869140625,-0.0244140625,0.87890625,0.18310546875,-0.0732421875,0.32958984375,1.25732421875,-0.08544921875,-1.03759765625,0.06103515625,-0.390625,-0.0244140625,-1.025390625,-0.28076171875,-0.8544921875,0.244140625,-1.318359375,-0.06103515625,-0.42724609375,0.0732421875,-0.06103515625,0.18310546875,-0.87890625,0.08544921875,-0.67138671875,-0.23193359375,-0.74462890625,-0.146484375,-0.54931640625,0.08544921875,-0.10986328125,0.13427734375,-1.13525390625,0,-1.9287109375,-0.1708984375,-1.25732421875,-0.1953125,0.048828125,0.048828125,0.32958984375,-0.06103515625,-0.048828125,-0.06103515625,-0.0732421875,-0.08544921875,0.15869140625,-0.1220703125,5.2734375,-0.146484375,3.0517578125,-0.1953125,1.77001953125,-0.06103515625,2.89306640625
0,-0.15869140625,-0.390625,0.06103515625,-0.37841796875,0.62255859375,-0.439453125,-0.1953125,-0.09765625,-0.54931640625,-0.0244140625,-0.1708984375,-0.9033203125,-0.1220703125,1.0498046875,-0.3173828125,-0.09765625,0.06103515625,-0.5615234375,-0.06103515625,-0.10986328125,-0.20751953125,0.89111328125,-0.244140625,-0.59814453125,0.23193359375,3.3203125,-0.29296875,5.09033203125,0.1953125,5.37109375,0.1220703125,4.150390625,-0.23193359375,4.50439453125,0.03662109375,0.439453125,-0.244140625,0.87890625,-0.0732421875,0.9521484375,-0.244140625,-0.244140625,0.146484375,-0.69580078125,-0.341796875,-0.341796875,0.9765625,1.84326171875,-0.1220703125,1.171875,-0.35400390625,0.4638671875,0.146484375,-0.15869140625,-0.4150390625,0.6591796875,0.18310546875,2.685546875,-0.08544921875,1.79443359375,0.13427734375,1.318359375,0.35400390625,9.31396484375,0.18310546875,0.13427734375,-0.2685546875,1.025390625,-0.048828125,0.2685546875,-0.30517578125,0.1708984375,-0.13427734375,0.1708984375,-0.01220703125,0.9033203125,0.2197265625,-0.0732421875,0.341796875,1.2451171875,-0.06103515625,-1.025390625,0.0732421875,-0.4150390625,-0.10986328125,-1.03759765625,-0.2197265625,-0.8544921875,0.1708984375,-1.318359375,-0.03662109375,-0.30517578125,-0.01220703125,-0.0244140625,0.18310546875,-0.8544921875,0.03662109375,-0.68359375,-0.20751953125,-0.732421875,-0.18310546875,-0.5615234375,0.06103515625,-0.09765625,0.146484375,-1.13525390625,-0.0732421875,-1.91650390625,-0.146484375,-1.1962890625,-0.146484375,0.06103515625,0.03662109375,0.35400390625,-0.08544921875,-0.06103515625,-0.0732421875,-0.08544921875,-0.0732421875,0.1708984375,-0.1220703125,5.06591796875,-0.15869140625,2.9052734375,-0.1953125,1.611328125,-0.0732421875,2.67333984375
0,-0.146484375,-0.390625,0.048828125,-0.390625,0.64697265625,-0.4150390625,-0.20751953125,-0.0732421875,-0.59814453125,-0.01220703125,-0.2197265625,-0.91552734375,-0.1220703125,1.0498046875,-0.28076171875,-0.09765625,0.0732421875,-0.5859375,-0.10986328125,-0.09765625,-0.29296875,0.9033203125,-0.20751953125,-0.59814453125,0.1708984375,3.1982421875,-0.341796875,4.833984375,0.23193359375,5.224609375,-0.048828125,3.99169921875,-0.29296875,4.33349609375,-0.01220703125,0.390625,-0.2685546875,0.8056640625,-0.08544921875,0.89111328125,-0.30517578125,-0.25634765625,0.03662109375,-0.69580078125,-0.341796875,-0.3662109375,0.89111328125,1.77001953125,-0.146484375,1.1474609375,-0.28076171875,0.4638671875,0.25634765625,-0.1708984375,-0.40283203125,0.67138671875,0.1953125,2.81982421875,-0.0732421875,1.81884765625,0.13427734375,1.3671875,0.2197265625,9.65576171875,0.2197265625,0.10986328125,-0.28076171875,0.98876953125,-0.01220703125,0.244140625,-0.341796875,0.1708984375,-0.10986328125,0.18310546875,0.0732421875,0.86669921875,0.2685546875,-0.08544921875,0.30517578125,1.2451171875,-0.03662109375,-1.025390625,0.08544921875,-0.40283203125,-0.18310546875,-1.025390625,-0.146484375,-0.830078125,0.20751953125,-1.30615234375,0.06103515625,-0.1953125,0.01220703125,0.0244140625,0.244140625,-0.830078125,0,-0.69580078125,-0.1220703125,-0.72021484375,-0.20751953125,-0.5859375,0.048828125,-0.10986328125,0.1953125,-1.123046875,-0.13427734375,-1.94091796875,-0.23193359375,-1.20849609375,-0.09765625,0.0732421875,0,0.35400390625,-0.08544921875,-0.0244140625,-0.08544921875,-0.08544921875,-0.048828125,0.1953125,-0.1220703125,4.79736328125,-0.1953125,2.72216796875,-0.18310546875,1.45263671875,-0.08544921875,2.44140625
0,-0.15869140625,-0.37841796875,0.06103515625,-0.37841796875,0.67138671875,-0.390625,-0.2197265625,-0.08544921875,-0.62255859375,0,-0.244140625,-0.9033203125,-0.15869140625,1.06201171875,-0.2685546875,-0.0732421875,0.08544921875,-0.5859375,-0.146484375,-0.09765625,-0.29296875,0.89111328125,-0.1708984375,-0.5859375,0.08544921875,3.0029296875,-0.40283203125,4.55322265625,0.1953125,4.96826171875,-0.1953125,3.7841796875,-0.32958984375,4.18701171875,-0.1220703125,0.32958984375,-0.28076171875,0.732421875,-0.08544921875,0.84228515625,-0.3662109375,-0.25634765625,0.0732421875,-0.69580078125,-0.35400390625,-0.37841796875,0.86669921875,1.708984375,-0.20751953125,1.13525390625,-0.28076171875,0.4638671875,0.32958984375,-0.15869140625,-0.37841796875,0.6591796875,0.18310546875,2.83203125,-0.10986328125,1.79443359375,0.0732421875,1.416015625,0.08544921875,9.619140625,0.23193359375,0.0732421875,-0.25634765625,0.98876953125,0.03662109375,0.23193359375,-0.3662109375,0.1708984375,-0.09765625,0.20751953125,0.1220703125,0.89111328125,0.28076171875,-0.0732421875,0.25634765625,1.25732421875,-0.03662109375,-1.025390625,0.09765625,-0.390625,-0.20751953125,-1.025390625,-0.13427734375,-0.84228515625,0.06103515625,-1.318359375,0.048828125,-0.1220703125,-0.06103515625,0.01220703125,0.13427734375,-0.87890625,-0.09765625,-0.69580078125,-0.048828125,-0.69580078125,-0.2197265625,-0.5859375,0.01220703125,-0.10986328125,0.28076171875,-1.1474609375,-0.20751953125,-1.9287109375,-0.23193359375,-1.25732421875,-0.048828125,0.048828125,0,0.341796875,-0.0732421875,-0.01220703125,-0.06103515625,-0.06103515625,-0.03662109375,0.1708984375,-0.01220703125,4.39453125,-0.20751953125,2.5146484375,-0.1708984375,1.30615234375,-0.10986328125,2.16064453125
0,-0.15869140625,-0.390625,0.03662109375,-0.390625,0.7080078125,-0.35400390625,-0.20751953125,-0.06103515625,-0.634765625,0.01220703125,-0.244140625,-0.89111328125,-0.18310546875,1.06201171875,-0.28076171875,-0.0732421875,0.08544921875,-0.59814453125,-0.146484375,-0.146484375,-0.2685546875,0.89111328125,-0.1708984375,-0.6103515625,-0.01220703125,2.77099609375,-0.4638671875,4.150390625,0.1220703125,4.67529296875,-0.28076171875,3.52783203125,-0.1953125,3.857421875,-0.13427734375,0.20751953125,-0.2197265625,0.64697265625,-0.08544921875,0.732421875,-0.35400390625,-0.25634765625,0.08544921875,-0.69580078125,-0.3662109375,-0.37841796875,0.81787109375,1.64794921875,-0.30517578125,1.13525390625,-0.25634765625,0.45166015625,0.390625,-0.1953125,-0.32958984375,0.67138671875,0.15869140625,2.74658203125,-0.0732421875,1.7333984375,0.15869140625,1.3916015625,-0.03662109375,9.27734375,0.23193359375,0.10986328125,-0.244140625,0.9765625,0.0244140625,0.2197265625,-0.390625,0.146484375,-0.1220703125,0.2197265625,0.1708984375,0.86669921875,0.25634765625,-0.03662109375,0.18310546875,1.26953125,-0.048828125,-1.01318359375,0.10986328125,-0.40283203125,-0.18310546875,-1.01318359375,-0.146484375,-0.81787109375,0.01220703125,-1.33056640625,0.06103515625,-0.09765625,-0.06103515625,-0.01220703125,0.1220703125,-0.927734375,-0.15869140625,-0.7080078125,0.03662109375,-0.68359375,-0.25634765625,-0.6103515625,0,-0.09765625,0.29296875,-1.15966796875,-0.30517578125,-1.953125,-0.25634765625,-1.3427734375,-0.048828125,0.0244140625,0.03662109375,0.35400390625,-0.048828125,-0.03662109375,-0.06103515625,-0.0732421875,-0.03662109375,0.15869140625,0.08544921875,3.8330078125,-0.244140625,2.294921875,-0.09765625,1.07421875,-0.09765625,1.81884765625
0,-0.1708984375,-0.40283203125,0.048828125,-0.3662109375,0.74462890625,-0.341796875,-0.23193359375,-0.048828125,-0.634765625,-0.01220703125,-0.25634765625,-0.87890625,-0.18310546875,1.06201171875,-0.23193359375,-0.048828125,0.09765625,-0.62255859375,-0.15869140625,-0.146484375,-0.2197265625,0.86669921875,-0.18310546875,-0.5859375,-0.1220703125,2.4658203125,-0.50048828125,3.64990234375,0,4.28466796875,-0.3173828125,3.18603515625,-0.244140625,3.43017578125,-0.146484375,0.08544921875,-0.1708984375,0.52490234375,-0.1220703125,0.59814453125,-0.28076171875,-0.244140625,0.1708984375,-0.68359375,-0.390625,-0.37841796875,0.78125,1.64794921875,-0.4150390625,1.13525390625,-0.244140625,0.45166015625,0.439453125,-0.1953125,-0.1953125,0.69580078125,0.1220703125,2.60009765625,-0.1220703125,1.62353515625,0.146484375,1.33056640625,-0.09765625,8.67919921875,0.25634765625,0.23193359375,-0.18310546875,0.98876953125,0.03662109375,0.1953125,-0.3662109375,0.1708984375,-0.13427734375,0.244140625,0.2197265625,0.8544921875,0.244140625,-0.03662109375,0.1220703125,1.2939453125,-0.0732421875,-1.01318359375,0.10986328125,-0.390625,-0.13427734375,-1.01318359375,-0.146484375,-0.8056640625,-0.0732421875,-1.37939453125,0.03662109375,-0.146484375,-0.09765625,-0.0732421875,0.08544921875,-0.9765625,-0.1708984375,-0.7080078125,0.09765625,-0.67138671875,-0.2685546875,-0.634765625,-0.0244140625,-0.10986328125,0.3173828125,-1.171875,-0.3173828125,-2.001953125,-0.2685546875,-1.42822265625,-0.06103515625,-0.01220703125,0.03662109375,0.32958984375,-0.048828125,-0.01220703125,-0.0732421875,-0.048828125,-0.03662109375,0.13427734375,0.1220703125,3.125,-0.28076171875,2.03857421875,-0.09765625,0.8544921875,-0.10986328125,1.46484375
0,-0.1708984375,-0.4150390625,0.03662109375,-0.35400390625,0.7568359375,-0.29296875,-0.23193359375,-0.03662109375,-0.6103515625,0,-0.23193359375,-0.89111328125,-0.1708984375,1.07421875,-0.2197265625,-0.03662109375,0.10986328125,-0.62255859375,-0.10986328125,-0.146484375,-0.146484375,0.89111328125,-0.2197265625,-0.59814453125,-0.146484375,2.13623046875,-0.48828125,3.06396484375,-0.09765625,3.84521484375,-0.25634765625,2.8076171875,-0.20751953125,2.83203125,-0.13427734375,-0.06103515625,-0.08544921875,0.40283203125,-0.1708984375,0.42724609375,-0.28076171875,-0.244140625,0.18310546875,-0.67138671875,-0.37841796875,-0.390625,0.7080078125,1.6845703125,-0.5126953125,1.15966796875,-0.244140625,0.40283203125,0.439453125,-0.20751953125,-0.09765625,0.7080078125,0.0732421875,2.40478515625,-0.13427734375,1.45263671875,0.146484375,1.2451171875,-0.2197265625,7.8857421875,0.244140625,0.45166015625,-0.08544921875,1.0009765625,0.0244140625,0.20751953125,-0.29296875,0.18310546875,-0.13427734375,0.244140625,0.25634765625,0.87890625,0.2197265625,-0.01220703125,0.0732421875,1.30615234375,-0.146484375,-0.98876953125,0.09765625,-0.390625,-0.03662109375,-1.01318359375,-0.18310546875,-0.8056640625,-0.10986328125,-1.4404296875,-0.0244140625,-0.20751953125,-0.1220703125,-0.15869140625,0.048828125,-1.06201171875,-0.1953125,-0.68359375,0.146484375,-0.7080078125,-0.2685546875,-0.6591796875,-0.06103515625,-0.10986328125,0.3662109375,-1.20849609375,-0.29296875,-2.0263671875,-0.20751953125,-1.52587890625,-0.0732421875,-0.0244140625,0.01220703125,0.341796875,-0.0244140625,0,-0.06103515625,-0.0244140625,-0.048828125,0.13427734375,0.146484375,2.30712890625,-0.25634765625,1.7822265625,-0.09765625,0.6591796875,-0.09765625,1.08642578125
0,-0.1953125,-0.4150390625,0.048828125,-0.3662109375,0.78125,-0.25634765625,-0.23193359375,-0.048828125,-0.62255859375,0.01220703125,-0.2197265625,-0.89111328125,-0.146484375,1.08642578125,-0.20751953125,-0.03662109375,0.13427734375,-0.59814453125,-0.06103515625,-0.1708984375,-0.10986328125,0.89111328125,-0.244140625,-0.5859375,-0.20751953125,1.74560546875,-0.390625,2.34375,-0.20751953125,3.35693359375,-0.20751953125,2.38037109375,-0.0732421875,2.16064453125,-0.10986328125,-0.23193359375,0.0244140625,0.28076171875,-0.18310546875,0.2197265625,-0.20751953125,-0.2197265625,0.1220703125,-0.634765625,-0.341796875,-0.37841796875,0.68359375,1.7333984375,-0.634765625,1.15966796875,-0.18310546875,0.4150390625,0.4638671875,-0.1953125,0.0244140625,0.72021484375,0.0244140625,2.1484375,-0.2197265625,1.26953125,0.1708984375,1.15966796875,-0.3173828125,6.93359375,0.13427734375,0.81787109375,0.01220703125,1.0498046875,0,0.244140625,-0.23193359375,0.20751953125,-0.10986328125,0.244140625,0.25634765625,0.86669921875,0.1708984375,-0.01220703125,0.06103515625,1.33056640625,-0.1708984375,-0.9765625,0.10986328125,-0.37841796875,-0.048828125,-1.03759765625,-0.1220703125,-0.79345703125,-0.1220703125,-1.47705078125,-0.06103515625,-0.2685546875,-0.1220703125,-0.2197265625,0.03662109375,-1.11083984375,-0.18310546875,-0.69580078125,0.146484375,-0.68359375,-0.2685546875,-0.64697265625,-0.08544921875,-0.10986328125,0.341796875,-1.1962890625,-0.29296875,-2.0263671875,-0.20751953125,-1.5625,-0.1220703125,-0.03662109375,0,0.32958984375,-0.01220703125,0.01220703125,-0.08544921875,-0.0244140625,-0.09765625,0.13427734375,0.1708984375,1.5380859375,-0.244140625,1.5380859375,-0.0732421875,0.42724609375,-0.09765625,0.76904296875
0,-0.20751953125,-0.4150390625,0.06103515625,-0.37841796875,0.74462890625,-0.2197265625,-0.2197265625,-0.0732421875,-0.634765625,0.0244140625,-0.2197265625,-0.9033203125,-0.13427734375,1.07421875,-0.15869140625,-0.01220703125,0.146484375,-0.5615234375,-0.0244140625,-0.15869140625,-0.08544921875,0.86669921875,-0.244140625,-0.5615234375,-0.2197265625,1.3671875,-0.28076171875,1.59912109375,-0.25634765625,2.86865234375,-0.1220703125,1.96533203125,-0.01220703125,1.42822265625,-0.0732421875,-0.40283203125,0.06103515625,0.146484375,-0.10986328125,-0.0244140625,-0.15869140625,-0.1953125,0.146484375,-0.634765625,-0.29296875,-0.37841796875,0.59814453125,1.7578125,-0.68359375,1.171875,-0.1953125,0.4150390625,0.47607421875,-0.15869140625,0.08544921875,0.72021484375,-0.048828125,1.89208984375,-0.23193359375,1.08642578125,0.2197265625,1.0498046875,-0.390625,5.9326171875,0.1708984375,1.318359375,0.08544921875,1.123046875,-0.06103515625,0.2685546875,-0.15869140625,0.25634765625,-0.01220703125,0.2197265625,0.32958984375,0.86669921875,0.09765625,-0.03662109375,0.01220703125,1.30615234375,-0.1708984375,-0.9765625,0.10986328125,-0.3662109375,-0.0244140625,-1.03759765625,-0.08544921875,-0.81787109375,-0.10986328125,-1.47705078125,-0.1953125,-0.3173828125,-0.13427734375,-0.23193359375,0.0244140625,-1.0986328125,-0.20751953125,-0.68359375,0.09765625,-0.69580078125,-0.244140625,-0.634765625,-0.048828125,-0.09765625,0.3173828125,-1.1962890625,-0.25634765625,-2.001953125,-0.2197265625,-1.57470703125,-0.15869140625,-0.03662109375,0,0.32958984375,0.03662109375,0,-0.06103515625,0.01220703125,-0.10986328125,0.13427734375,0.10986328125,0.84228515625,-0.20751953125,1.3671875,-0.08544921875,0.23193359375,-0.10986328125,0.47607421875
1,-0.23193359375,-0.4150390625,0.048828125,-0.37841796875,0.7568359375,-0.1953125,-0.1953125,-0.0732421875,-0.6591796875,0.03662109375,-0.15869140625,-0.89111328125,-0.13427734375,1.07421875,-0.15869140625,-0.0244140625,0.13427734375,-0.52490234375,0.01220703125,-0.13427734375,-0.09765625,0.86669921875,-0.23193359375,-0.57373046875,-0.2197265625,0.98876953125,-0.1953125,0.86669921875,-0.25634765625,2.42919921875,-0.13427734375,1.5869140625,0.0732421875,0.74462890625,0.06103515625,-0.54931640625,0.06103515625,-0.0244140625,-0.10986328125,-0.2197265625,-0.0732421875,-0.18310546875,0.146484375,-0.62255859375,-0.20751953125,-0.3662109375,0.439453125,1.7578125,-0.76904296875,1.220703125,-0.244140625,0.42724609375,0.47607421875,-0.13427734375,0.10986328125,0.732421875,-0.09765625,1.6357421875,-0.2685546875,0.91552734375,0.30517578125,0.93994140625,-0.45166015625,4.89501953125,0.20751953125,1.904296875,0.146484375,1.1962890625,-0.0732421875,0.35400390625,-0.048828125,0.341796875,0.0732421875,0.1953125,0.32958984375,0.87890625,0,-0.01220703125,0,1.28173828125,-0.15869140625,-0.9765625,0.06103515625,-0.37841796875,-0.01220703125,-1.0498046875,0.01220703125,-0.81787109375,0.048828125,-1.42822265625,-0.1953125,-0.30517578125,-0.048828125,-0.1953125,0.048828125,-1.025390625,-0.1953125,-0.68359375,0,-0.74462890625,-0.2197265625,-0.59814453125,-0.01220703125,-0.09765625,0.28076171875,-1.1962890625,-0.1708984375,-1.98974609375,-0.18310546875,-1.5380859375,-0.146484375,-0.01220703125,0.01220703125,0.341796875,0.03662109375,0,-0.06103515625,0,-0.10986328125,0.13427734375,0.08544921875,0.390625,-0.1708984375,1.28173828125,-0.06103515625,0.10986328125,-0.08544921875,0.30517578125
1,-0.25634765625,-0.4150390625,0.06103515625,-0.3662109375,0.7568359375,-0.1708984375,-0.23193359375,-0.06103515625,-0.68359375,0.06103515625,-0.1708984375,-0.9033203125,-0.13427734375,1.06201171875,-0.15869140625,-0.01220703125,0.146484375,-0.52490234375,-0.01220703125,-0.10986328125,-0.18310546875,0.87890625,-0.20751953125,-0.57373046875,-0.15869140625,0.6591796875,-0.10986328125,0.23193359375,-0.13427734375,2.05078125,-0.1220703125,1.2451171875,0.0732421875,0.23193359375,0.1953125,-0.67138671875,0.048828125,-0.146484375,-0.048828125,-0.3662109375,-0.08544921875,-0.20751953125,0.15869140625,-0.59814453125,-0.18310546875,-0.40283203125,0.37841796875,1.69677734375,-0.830078125,1.28173828125,-0.28076171875,0.4638671875,0.48828125,-0.10986328125,0.10986328125,0.72021484375,-0.1220703125,1.35498046875,-0.29296875,0.732421875,0.42724609375,0.8056640625,-0.4638671875,3.91845703125,0.06103515625,2.63671875,0.244140625,1.28173828125,-0.09765625,0.45166015625,0.03662109375,0.439453125,0.1953125,0.18310546875,0.29296875,0.86669921875,-0.09765625,-0.03662109375,0,1.26953125,-0.10986328125,-0.98876953125,0.03662109375,-0.390625,-0.06103515625,-1.07421875,0.08544921875,-0.830078125,0.09765625,-1.318359375,-0.2685546875,-0.23193359375,0.0244140625,-0.09765625,0.048828125,-0.9033203125,-0.1708984375,-0.64697265625,-0.146484375,-0.76904296875,-0.1953125,-0.537109375,0.06103515625,-0.08544921875,0.2197265625,-1.15966796875,-0.13427734375,-1.96533203125,-0.18310546875,-1.46484375,-0.1708984375,0.06103515625,0,0.341796875,0.048828125,-0.01220703125,-0.0732421875,-0.01220703125,-0.08544921875,0.146484375,0.0244140625,0.2685546875,-0.2197265625,1.28173828125,-0.08544921875,0.09765625,-0.10986328125,0.29296875
1,-0.25634765625,-0.40283203125,0.03662109375,-0.3662109375,0.7568359375,-0.1708984375,-0.25634765625,-0.0732421875,-0.67138671875,0.08544921875,-0.15869140625,-0.9033203125,-0.1220703125,1.08642578125,-0.15869140625,-0.03662109375,0.13427734375,-0.52490234375,-0.01220703125,-0.08544921875,-0.2197265625,0.86669921875,-0.146484375,-0.5859375,-0.08544921875,0.42724609375,-0.03662109375,-0.244140625,-0.03662109375,1.81884765625,-0.1708984375,0.98876953125,0,-0.06103515625,0.3173828125,-0.732421875,0.0244140625,-0.244140625,-0.048828125,-0.45166015625,-0.09765625,-0.23193359375,0.15869140625,-0.6103515625,-0.1220703125,-0.390625,0.42724609375,1.5625,-0.830078125,1.318359375,-0.3662109375,0.5126953125,0.439453125,-0.10986328125,0.10986328125,0.7080078125,-0.13427734375,1.11083984375,-0.30517578125,0.5859375,0.48828125,0.64697265625,-0.48828125,3.0029296875,0.06103515625,3.47900390625,0.30517578125,1.3916015625,-0.10986328125,0.57373046875,0.0732421875,0.54931640625,0.29296875,0.18310546875,0.244140625,0.8544921875,-0.15869140625,-0.0244140625,0,1.2451171875,-0.06103515625,-0.9765625,0.03662109375,-0.390625,-0.048828125,-1.06201171875,0.1708984375,-0.84228515625,0.146484375,-1.20849609375,-0.28076171875,-0.1220703125,0.1220703125,0.03662109375,-0.01220703125,-0.7080078125,-0.13427734375,-0.62255859375,-0.25634765625,-0.7568359375,-0.1708984375,-0.52490234375,0.13427734375,-0.06103515625,0.20751953125,-1.08642578125,-0.0732421875,-1.904296875,-0.15869140625,-1.3427734375,-0.15869140625,0.13427734375,0.01220703125,0.32958984375,0.0244140625,0.01220703125,-0.06103515625,0,-0.06103515625,0.146484375,0.09765625,0.5126953125,-0.1953125,1.4404296875,-0.06103515625,0.1953125,-0.08544921875,0.47607421875
1,-0.25634765625,-0.40283203125,0.03662109375,-0.3662109375,0.79345703125,-0.18310546875,-0.244140625,-0.06103515625,-0.62255859375,0.09765625,-0.15869140625,-0.89111328125,-0.10986328125,1.06201171875,-0.1708984375,-0.06103515625,0.1953125,-0.54931640625,-0.048828125,-0.09765625,-0.30517578125,0.8544921875,-0.10986328125,-0.5859375,0.0244140625,0.30517578125,0.01220703125,-0.50048828125,0.13427734375,1.69677734375,-0.146484375,0.8544921875,-0.146484375,-0.048828125,0.390625,-0.7080078125,-0.0732421875,-0.28076171875,0,-0.439453125,-0.09765625,-0.23193359375,0.2197265625,-0.62255859375,-0.1220703125,-0.37841796875,0.42724609375,1.37939453125,-0.830078125,1.3916015625,-0.390625,0.537109375,0.3662109375,-0.09765625,0.09765625,0.68359375,-0.146484375,0.91552734375,-0.3173828125,0.45166015625,0.52490234375,0.50048828125,-0.48828125,2.2216796875,0.08544921875,4.38232421875,0.341796875,1.50146484375,-0.09765625,0.69580078125,0.09765625,0.69580078125,0.32958984375,0.18310546875,0.146484375,0.830078125,-0.18310546875,-0.048828125,0.048828125,1.2451171875,-0.0244140625,-0.9765625,-0.01220703125,-0.390625,-0.0244140625,-1.0498046875,0.23193359375,-0.830078125,0.23193359375,-1.08642578125,-0.28076171875,0,0.1708984375,0.1708984375,-0.01220703125,-0.537109375,-0.03662109375,-0.62255859375,-0.37841796875,-0.732421875,-0.1220703125,-0.5615234375,0.1708984375,-0.06103515625,0.20751953125,-1.0009765625,0.03662109375,-1.81884765625,-0.10986328125,-1.23291015625,-0.1220703125,0.18310546875,0.01220703125,0.35400390625,0.0244140625,0,-0.0732421875,0,-0.06103515625,0.15869140625,0.0244140625,1.15966796875,-0.1953125,1.6845703125,-0.06103515625,0.45166015625,-0.06103515625,0.81787109375
1,-0.25634765625,-0.40283203125,0.03662109375,-0.35400390625,0.76904296875,-0.2197265625,-0.2197265625,-0.06103515625,-0.634765625,0.13427734375,-0.15869140625,-0.87890625,-0.15869140625,1.07421875,-0.146484375,-0.10986328125,0.244140625,-0.537109375,-0.09765625,-0.0732421875,-0.3662109375,0.86669921875,-0.1220703125,-0.59814453125,0.10986328125,0.341796875,-0.03662109375,-0.5126953125,0.2197265625,1.7333984375,-0.18310546875,0.89111328125,-0.1953125,0.30517578125,0.439453125,-0.59814453125,-0.15869140625,-0.23193359375,0.03662109375,-0.3173828125,-0.10986328125,-0.25634765625,0.23193359375,-0.62255859375,-0.146484375,-0.390625,0.30517578125,1.15966796875,-0.8056640625,1.46484375,-0.4150390625,0.5859375,0.30517578125,-0.09765625,0.09765625,0.67138671875,-0.08544921875,0.732421875,-0.35400390625,0.341796875,0.537109375,0.35400390625,-0.439453125,1.57470703125,0.10986328125,5.2490234375,0.3662109375,1.611328125,-0.0244140625,0.8056640625,0.08544921875,0.830078125,0.341796875,0.1953125,0.0732421875,0.81787109375,-0.1708984375,-0.03662109375,0.048828125,1.25732421875,0.048828125,-1.01318359375,0,-0.4150390625,0.048828125,-1.03759765625,0.25634765625,-0.8544921875,0.25634765625,-0.98876953125,-0.15869140625,0.08544921875,0.2197265625,0.28076171875,0.01220703125,-0.4150390625,0.06103515625,-0.634765625,-0.4150390625,-0.74462890625,-0.08544921875,-0.5859375,0.1953125,-0.06103515625,0.15869140625,-0.9521484375,0.10986328125,-1.77001953125,-0.10986328125,-1.1474609375,-0.09765625,0.23193359375,0.01220703125,0.35400390625,0,0.01220703125,-0.0732421875,-0.048828125,-0.048828125,0.15869140625,0.03662109375,2.16064453125,-0.18310546875,2.099609375,-0.048828125,0.81787109375,-0.0732421875,1.3671875
1,-0.25634765625,-0.390625,0.0244140625,-0.3662109375,0.72021484375,-0.25634765625,-0.1953125,-0.0732421875,-0.62255859375,0.15869140625,-0.146484375,-0.89111328125,-0.18310546875,1.07421875,-0.1220703125,-0.146484375,0.25634765625,-0.537109375,-0.146484375,-0.0732421875,-0.35400390625,0.87890625,-0.13427734375,-0.6103515625,0.1708984375,0.5126953125,-0.0244140625,-0.2197265625,0.29296875,1.953125,-0.1953125,1.07421875,-0.23193359375,1.01318359375,0.48828125,-0.40283203125,-0.1953125,-0.048828125,0.0732421875,-0.08544921875,-0.1220703125,-0.25634765625,0.15869140625,-0.64697265625,-0.15869140625,-0.3662109375,0.50048828125,0.91552734375,-0.7568359375,1.55029296875,-0.40283203125,0.6591796875,0.2685546875,-0.10986328125,0.08544921875,0.67138671875,-0.06103515625,0.6103515625,-0.4150390625,0.2685546875,0.62255859375,0.2197265625,-0.3662109375,1.07421875,0.03662109375,6.0546875,0.4150390625,1.7333984375,0.03662109375,0.93994140625,0.0732421875,0.9521484375,0.341796875,0.2197265625,0.06103515625,0.79345703125,-0.13427734375,-0.01220703125,0.0244140625,1.2451171875,0.08544921875,-1.025390625,0.03662109375,-0.42724609375,0.146484375,-1.025390625,0.28076171875,-0.84228515625,0.2685546875,-0.93994140625,-0.10986328125,0.09765625,0.1708984375,0.341796875,0.0244140625,-0.35400390625,0.1220703125,-0.6591796875,-0.439453125,-0.76904296875,-0.048828125,-0.52490234375,0.1708984375,-0.0732421875,0.15869140625,-0.927734375,0.13427734375,-1.74560546875,-0.08544921875,-1.08642578125,-0.0732421875,0.29296875,0.0244140625,0.37841796875,-0.01220703125,0,-0.06103515625,-0.048828125,-0.048828125,0.1708984375,0.0244140625,3.45458984375,-0.1220703125,2.57568359375,-0.01220703125,1.30615234375,-0.03662109375,2.0751953125
1,-0.244140625,-0.390625,0.0244140625,-0.37841796875,0.69580078125,-0.3173828125,-0.1708984375,-0.09765625,-0.634765625,0.1953125,-0.146484375,-0.91552734375,-0.20751953125,1.08642578125,-0.15869140625,-0.20751953125,0.23193359375,-0.5615234375,-0.1708984375,-0.0732421875,-0.30517578125,0.9033203125,-0.146484375,-0.59814453125,0.2685546875,0.830078125,-0.048828125,0.32958984375,0.28076171875,2.34375,-0.1220703125,1.40380859375,-0.30517578125,2.001953125,0.45166015625,-0.13427734375,-0.23193359375,0.18310546875,0.048828125,0.244140625,-0.10986328125,-0.2685546875,0.06103515625,-0.6591796875,-0.23193359375,-0.37841796875,0.5615234375,0.67138671875,-0.74462890625,1.62353515625,-0.341796875,0.69580078125,0.1953125,-0.146484375,0.08544921875,0.6591796875,-0.048828125,0.50048828125,-0.47607421875,0.244140625,0.68359375,0.15869140625,-0.35400390625,0.732421875,0.06103515625,6.73828125,0.40283203125,1.806640625,0.08544921875,0.98876953125,0.06103515625,1.06201171875,0.35400390625,0.23193359375,0,0.8056640625,-0.09765625,-0.0244140625,-0.01220703125,1.26953125,0.048828125,-1.025390625,0.06103515625,-0.439453125,0.18310546875,-1.025390625,0.29296875,-0.84228515625,0.28076171875,-0.9765625,-0.10986328125,0.048828125,0.1220703125,0.341796875,0.06103515625,-0.37841796875,0.146484375,-0.62255859375,-0.40283203125,-0.76904296875,0,-0.5126953125,0.1220703125,-0.0732421875,0.10986328125,-0.89111328125,0.15869140625,-1.708984375,-0.09765625,-1.03759765625,-0.0732421875,0.32958984375,0.01220703125,0.3662109375,-0.01220703125,0.01220703125,-0.0732421875,-0.048828125,-0.03662109375,0.1708984375,0,4.91943359375,-0.1708984375,3.13720703125,-0.03662109375,1.86767578125,-0.0732421875,2.880859375
1,-0.244140625,-0.3662109375,-0.01220703125,-0.37841796875,0.64697265625,-0.390625,-0.2197265625,-0.09765625,-0.64697265625,0.244140625,-0.13427734375,-0.9033203125,-0.28076171875,1.08642578125,-0.10986328125,-0.2197265625,0.20751953125,-0.5615234375,-0.18310546875,-0.08544921875,-0.25634765625,0.89111328125,-0.1953125,-0.59814453125,0.2685546875,1.2939453125,-0.1220703125,1.171875,0.18310546875,2.880859375,-0.146484375,1.91650390625,-0.1708984375,3.16162109375,0.3662109375,0.18310546875,-0.25634765625,0.52490234375,-0.048828125,0.634765625,-0.146484375,-0.28076171875,-0.0244140625,-0.69580078125,-0.3173828125,-0.3662109375,0.48828125,0.537109375,-0.72021484375,1.67236328125,-0.30517578125,0.732421875,0.08544921875,-0.1953125,0.048828125,0.67138671875,-0.01220703125,0.439453125,-0.4638671875,0.23193359375,0.74462890625,0.09765625,-0.341796875,0.48828125,0.10986328125,7.23876953125,0.35400390625,1.89208984375,0.13427734375,1.06201171875,-0.0244140625,1.1474609375,0.3662109375,0.244140625,-0.0244140625,0.8056640625,-0.0732421875,0,-0.0732421875,1.2939453125,0.03662109375,-1.01318359375,0.09765625,-0.42724609375,0.2197265625,-1.025390625,0.2197265625,-0.830078125,0.2197265625,-1.11083984375,-0.0244140625,-0.06103515625,0.03662109375,0.2197265625,0.048828125,-0.5126953125,0.10986328125,-0.634765625,-0.32958984375,-0.7568359375,0,-0.54931640625,0.08544921875,-0.1220703125,0.10986328125,-0.87890625,0.09765625,-1.6845703125,-0.09765625,-1.06201171875,-0.10986328125,0.32958984375,0.01220703125,0.3662109375,-0.01220703125,0.0244140625,-0.0732421875,-0.03662109375,-0.03662109375,0.18310546875,0.0732421875,6.4453125,-0.13427734375,3.72314453125,-0.01220703125,2.45361328125,-0.048828125,3.72314453125
1,-0.1953125,-0.37841796875,-0.0244140625,-0.37841796875,0.62255859375,-0.45166015625,-0.1953125,-0.08544921875,-0.634765625,0.25634765625,-0.10986328125,-0.9033203125,-0.3173828125,1.07421875,-0.1220703125,-0.23193359375,0.15869140625,-0.5859375,-0.1708984375,-0.13427734375,-0.1708984375,0.91552734375,-0.2197265625,-0.5859375,0.29296875,1.84326171875,-0.10986328125,2.197265625,0.06103515625,3.5400390625,-0.1220703125,2.50244140625,-0.0244140625,4.40673828125,0.28076171875,0.54931640625,-0.23193359375,0.86669921875,-0.08544921875,1.03759765625,-0.0732421875,-0.244140625,-0.03662109375,-0.7080078125,-0.35400390625,-0.37841796875,0.57373046875,0.52490234375,-0.7080078125,1.708984375,-0.244140625,0.76904296875,-0.048828125,-0.23193359375,0.03662109375,0.7080078125,0.0244140625,0.40283203125,-0.47607421875,0.2197265625,0.8056640625,0.10986328125,-0.244140625,0.32958984375,0.2197265625,7.53173828125,0.3173828125,1.9287109375,0.1220703125,1.13525390625,-0.0732421875,1.1962890625,0.3173828125,0.244140625,-0.048828125,0.830078125,0,0,-0.146484375,1.30615234375,-0.048828125,-1.01318359375,0.15869140625,-0.42724609375,0.244140625,-1.03759765625,0.1708984375,-0.84228515625,0.23193359375,-1.28173828125,0.01220703125,-0.2685546875,-0.06103515625,0.048828125,0.1220703125,-0.74462890625,0.08544921875,-0.6591796875,-0.2685546875,-0.74462890625,-0.01220703125,-0.57373046875,0.03662109375,-0.1220703125,0.08544921875,-0.9033203125,0.03662109375,-1.69677734375,-0.13427734375,-1.15966796875,-0.0732421875,0.30517578125,0.0244140625,0.341796875,-0.01220703125,0.01220703125,-0.0732421875,-0.0732421875,-0.048828125,0.1708984375,0.01220703125,7.84912109375,-0.048828125,4.248046875,-0.01220703125,2.96630859375,-0.03662109375,4.52880859375
1,-0.1953125,-0.390625,-0.0244140625,-0.3662109375,0.59814453125,-0.50048828125,-0.1708984375,-0.09765625,-0.5859375,0.2197265625,-0.1220703125,-0.9033203125,-0.35400390625,1.08642578125,-0.09765625,-0.2197265625,0.15869140625,-0.57373046875,-0.15869140625,-0.146484375,-0.09765625,0.89111328125,-0.2685546875,-0.59814453125,0.30517578125,2.50244140625,-0.18310546875,3.369140625,-0.0732421875,4.3212890625,-0.09765625,3.23486328125,-0.08544921875,5.60302734375,0.18310546875,0.89111328125,-0.20751953125,1.23291015625,-0.146484375,1.47705078125,-0.06103515625,-0.244140625,-0.0244140625,-0.72021484375,-0.45166015625,-0.390625,0.390625,0.57373046875,-0.72021484375,1.72119140625,-0.20751953125,0.76904296875,-0.15869140625,-0.23193359375,-0.0244140625,0.72021484375,0.06103515625,0.37841796875,-0.4150390625,0.23193359375,0.84228515625,0.13427734375,-0.1708984375,0.23193359375,0.18310546875,7.60498046875,0.25634765625,1.94091796875,0.1220703125,1.13525390625,-0.09765625,1.1962890625,0.28076171875,0.23193359375,-0.0732421875,0.8544921875,0.06103515625,0,-0.20751953125,1.318359375,-0.15869140625,-1.01318359375,0.1708984375,-0.42724609375,0.23193359375,-1.025390625,0.06103515625,-0.830078125,0.146484375,-1.45263671875,0.01220703125,-0.45166015625,-0.15869140625,-0.1708984375,0.10986328125,-0.9765625,0.03662109375,-0.67138671875,-0.2197265625,-0.732421875,-0.0244140625,-0.6103515625,-0.01220703125,-0.1220703125,0.09765625,-0.9521484375,-0.06103515625,-1.7333984375,-0.20751953125,-1.220703125,-0.08544921875,0.25634765625,0.01220703125,0.341796875,0.01220703125,0.01220703125,-0.0732421875,-0.048828125,-0.06103515625,0.15869140625,-0.09765625,9.04541015625,-0.06103515625,4.69970703125,-0.0244140625,3.45458984375,-0.03662109375,5.21240234375
1,-0.1953125,-0.37841796875,-0.0244140625,-0.35400390625,0.5859375,-0.537109375,-0.1953125,-0.06103515625,-0.5859375,0.18310546875,-0.15869140625,-0.9033203125,-0.341796875,1.08642578125,-0.0732421875,-0.18310546875,0.1220703125,-0.5615234375,-0.10986328125,-0.15869140625,-0.03662109375,0.86669921875,-0.28076171875,-0.57373046875,0.1953125,3.18603515625,-0.2197265625,4.6142578125,-0.1953125,5.1513671875,-0.146484375,3.9794921875,0.0244140625,6.689453125,0.0244140625,1.20849609375,-0.1708984375,1.55029296875,-0.1953125,1.8310546875,-0.048828125,-0.2197265625,-0.048828125,-0.7080078125,-0.4150390625,-0.37841796875,0.45166015625,0.732421875,-0.6591796875,1.72119140625,-0.20751953125,0.76904296875,-0.25634765625,-0.244140625,-0.0732421875,0.732421875,0.0244140625,0.35400390625,-0.4638671875,0.244140625,0.91552734375,0.20751953125,-0.1220703125,0.15869140625,0.1220703125,7.4462890625,0.1953125,1.9287109375,0.08544921875,1.11083984375,-0.13427734375,1.18408203125,0.23193359375,0.20751953125,-0.1220703125,0.8544921875,0.09765625,0,-0.23193359375,1.318359375,-0.18310546875,-1.0009765625,0.18310546875,-0.40283203125,0.1708984375,-1.0009765625,-0.01220703125,-0.81787109375,0.13427734375,-1.59912109375,0.0244140625,-0.5859375,-0.20751953125,-0.35400390625,0.15869140625,-1.220703125,0,-0.67138671875,-0.1708984375,-0.72021484375,-0.08544921875,-0.6103515625,-0.03662109375,-0.10986328125,0.15869140625,-0.9765625,-0.146484375,-1.77001953125,-0.244140625,-1.318359375,-0.09765625,0.20751953125,0,0.32958984375,0.03662109375,-0.01220703125,-0.08544921875,-0.06103515625,-0.048828125,0.15869140625,-0.18310546875,9.9609375,-0.0244140625,5.0048828125,-0.048828125,3.759765625,-0.0244140625,5.70068359375
1,-0.1953125,-0.40283203125,-0.01220703125,-0.341796875,0.62255859375,-0.54931640625,-0.1708984375,-0.06103515625,-0.5615234375,0.146484375,-0.1708984375,-0.87890625,-0.3173828125,1.07421875,-0.0244140625,-0.13427734375,0.146484375,-0.54931640625,-0.08544921875,-0.1708984375,0.048828125,0.86669921875,-0.23193359375,-0.57373046875,0.1708984375,3.857421875,-0.1953125,5.810546875,-0.20751953125,5.94482421875,-0.08544921875,4.7119140625,-0.01220703125,7.5439453125,-0.048828125,1.42822265625,-0.10986328125,1.79443359375,-0.244140625,2.0751953125,-0.0732421875,-0.20751953125,0.01220703125,-0.69580078125,-0.40283203125,-0.3662109375,0.4150390625,0.91552734375,-0.59814453125,1.69677734375,-0.1708984375,0.72021484375,-0.30517578125,-0.23193359375,-0.15869140625,0.74462890625,-0.01220703125,0.32958984375,-0.390625,0.244140625,0.927734375,0.2197265625,-0.08544921875,0,0.1220703125,7.11669921875,0.13427734375,1.89208984375,0.03662109375,1.0986328125,-0.15869140625,1.11083984375,0.146484375,0.1708984375,-0.10986328125,0.86669921875,0.13427734375,0.01220703125,-0.1953125,1.318359375,-0.2197265625,-1.0009765625,0.1708984375,-0.40283203125,0.0732421875,-1.01318359375,-0.0244140625,-0.830078125,0.09765625,-1.67236328125,0,-0.6103515625,-0.20751953125,-0.4638671875,0.13427734375,-1.318359375,-0.03662109375,-0.6591796875,-0.09765625,-0.7080078125,-0.13427734375,-0.64697265625,-0.06103515625,-0.13427734375,0.18310546875,-0.98876953125,-0.20751953125,-1.806640625,-0.2685546875,-1.37939453125,-0.09765625,0.15869140625,-0.0244140625,0.30517578125,0.048828125,-0.01220703125,-0.0732421875,-0.06103515625,-0.03662109375,0.146484375,-0.20751953125,10.48583984375,0,5.18798828125,-0.06103515625,3.94287109375,-0.048828125,5.9814453125
1,-0.18310546875,-0.40283203125,-0.01220703125,-0.341796875,0.6103515625,-0.54931640625,-0.18310546875,-0.03662109375,-0.54931640625,0.0732421875,-0.20751953125,-0.89111328125,-0.30517578125,1.08642578125,-0.0244140625,-0.08544921875,0.13427734375,-0.54931640625,-0.048828125,-0.15869140625,0.08544921875,0.8544921875,-0.18310546875,-0.5859375,0.09765625,4.47998046875,-0.25634765625,6.89697265625,-0.1708984375,6.7138671875,-0.1708984375,5.37109375,-0.10986328125,8.10546875,-0.06103515625,1.5869140625,-0.10986328125,1.953125,-0.23193359375,2.28271484375,-0.1220703125,-0.2197265625,-0.01220703125,-0.69580078125,-0.37841796875,-0.341796875,0.29296875,1.1962890625,-0.5859375,1.64794921875,-0.1220703125,0.6591796875,-0.28076171875,-0.244140625,-0.2197265625,0.732421875,-0.09765625,0.3173828125,-0.390625,0.23193359375,0.98876953125,0.28076171875,-0.0732421875,-0.09765625,0.146484375,6.65283203125,0.0732421875,1.8310546875,-0.03662109375,1.03759765625,-0.1953125,1.03759765625,0.09765625,0.15869140625,-0.10986328125,0.9033203125,0.146484375,0.01220703125,-0.15869140625,1.30615234375,-0.15869140625,-0.98876953125,0.1220703125,-0.390625,0.0244140625,-1.01318359375,-0.048828125,-0.84228515625,0.08544921875,-1.611328125,0.03662109375,-0.47607421875,-0.146484375,-0.45166015625,0.13427734375,-1.2939453125,-0.08544921875,-0.68359375,-0.0244140625,-0.69580078125,-0.15869140625,-0.67138671875,-0.03662109375,-0.09765625,0.18310546875,-1.0498046875,-0.23193359375,-1.84326171875,-0.244140625,-1.46484375,-0.10986328125,0.13427734375,-0.048828125,0.30517578125,0.0732421875,-0.0244140625,-0.0732421875,-0.03662109375,-0.0244140625,0.13427734375,-0.23193359375,10.64453125,0.01220703125,5.18798828125,-0.06103515625,3.96728515625,-0.0244140625,6.0302734375
1,-0.1953125,-0.40283203125,-0.01220703125,-0.32958984375,0.54931640625,-0.52490234375,-0.18310546875,-0.048828125,-0.52490234375,0,-0.20751953125,-0.87890625,-0.29296875,1.08642578125,0,-0.0732421875,0.15869140625,-0.52490234375,-0.01220703125,-0.13427734375,0.08544921875,0.84228515625,-0.0732421875,-0.5615234375,0.0244140625,4.94384765625,-0.29296875,7.80029296875,-0.08544921875,7.373046875,-0.29296875,5.89599609375,-0.1953125,8.3251953125,0.048828125,1.64794921875,-0.13427734375,2.001953125,-0.1953125,2.35595703125,-0.1220703125,-0.1953125,-0.01220703125,-0.67138671875,-0.32958984375,-0.341796875,0.15869140625,1.416015625,-0.52490234375,1.611328125,-0.146484375,0.59814453125,-0.2685546875,-0.20751953125,-0.25634765625,0.7080078125,-0.1220703125,0.29296875,-0.35400390625,0.244140625,1.0009765625,0.30517578125,-0.06103515625,-0.23193359375,0.1708984375,6.16455078125,0.01220703125,1.7822265625,-0.09765625,1.0009765625,-0.15869140625,0.9765625,0.01220703125,0.15869140625,-0.09765625,0.89111328125,0.146484375,0.01220703125,-0.10986328125,1.318359375,-0.06103515625,-0.98876953125,0.08544921875,-0.390625,-0.048828125,-1.01318359375,0.0244140625,-0.84228515625,0.09765625,-1.42822265625,-0.0244140625,-0.10986328125,-0.06103515625,-0.28076171875,0.146484375,-1.08642578125,-0.08544921875,-0.69580078125,0.0244140625,-0.68359375,-0.1708984375,-0.6591796875,-0.0244140625,-0.0732421875,0.2197265625,-1.07421875,-0.2197265625,-1.85546875,-0.18310546875,-1.47705078125,-0.09765625,0.09765625,-0.06103515625,0.3173828125,0.0732421875,0,-0.08544921875,-0.0244140625,0,0.13427734375,-0.244140625,10.4248046875,0,5.029296875,-0.09765625,3.8330078125,0,5.87158203125
0,-0.18310546875,-0.40283203125,0,-0.35400390625,0.5615234375,-0.48828125,-0.1953125,-0.0732421875,-0.439453125,-0.08544921875,-0.23193359375,-0.89111328125,-0.28076171875,1.07421875,0.01220703125,-0.06103515625,0.15869140625,-0.50048828125,0.03662109375,-0.10986328125,0.1220703125,0.81787109375,0.03662109375,-0.54931640625,-0.01220703125,5.31005859375,-0.30517578125,8.4228515625,0.0244140625,7.80029296875,-0.37841796875,6.2744140625,-0.28076171875,8.2763671875,0.10986328125,1.57470703125,-0.146484375,1.953125,-0.13427734375,2.33154296875,-0.10986328125,-0.1953125,-0.0732421875,-0.64697265625,-0.341796875,-0.341796875,-0.01220703125,1.611328125,-0.47607421875,1.5625,-0.2197265625,0.5126953125,-0.2685546875,-0.18310546875,-0.28076171875,0.69580078125,-0.146484375,0.28076171875,-0.341796875,0.20751953125,1.01318359375,0.2685546875,0.01220703125,-0.3662109375,0.244140625,5.70068359375,-0.0244140625,1.72119140625,-0.18310546875,0.93994140625,-0.10986328125,0.87890625,-0.03662109375,0.146484375,-0.0732421875,0.86669921875,0.1220703125,0.01220703125,-0.03662109375,1.2939453125,0.01220703125,-0.98876953125,0.0244140625,-0.390625,-0.06103515625,-1.0009765625,0.1220703125,-0.830078125,0.1220703125,-1.08642578125,0,0.48828125,0.0732421875,0.09765625,0.13427734375,-0.634765625,-0.10986328125,-0.72021484375,0.06103515625,-0.69580078125,-0.15869140625,-0.64697265625,0,-0.048828125,0.1953125,-1.08642578125,-0.20751953125,-1.86767578125,-0.2197265625,-1.47705078125,-0.06103515625,0.06103515625,-0.06103515625,0.3173828125,0.09765625,-0.01220703125,-0.08544921875,-0.03662109375,0.01220703125,0.13427734375,-0.2197265625,9.89990234375,-0.06103515625,4.72412109375,-0.0732421875,3.564453125,0,5.50537109375
0,-0.18310546875,-0.390625,0,-0.35400390625,0.54931640625,-0.4638671875,-0.1708984375,-0.08544921875,-0.4638671875,-0.1220703125,-0.23193359375,-0.87890625,-0.23193359375,1.08642578125,0.0244140625,-0.0732421875,0.18310546875,-0.50048828125,0.0732421875,-0.09765625,0.10986328125,0.81787109375,0.1220703125,-0.54931640625,-0.01220703125,5.46875,-0.30517578125,8.75244140625,0.13427734375,8.056640625,-0.47607421875,6.4453125,-0.3662109375,7.9833984375,0.2197265625,1.42822265625,-0.15869140625,1.86767578125,-0.06103515625,2.18505859375,-0.06103515625,-0.1953125,-0.03662109375,-0.634765625,-0.35400390625,-0.341796875,-0.1708984375,1.77001953125,-0.35400390625,1.5380859375,-0.2685546875,0.45166015625,-0.30517578125,-0.15869140625,-0.30517578125,0.67138671875,-0.15869140625,0.29296875,-0.30517578125,0.1953125,1.01318359375,0.23193359375,-0.01220703125,-0.439453125,0.20751953125,5.322265625,-0.08544921875,1.66015625,-0.23193359375,0.9033203125,-0.06103515625,0.830078125,-0.048828125,0.1708984375,-0.1220703125,0.8544921875,0.10986328125,-0.01220703125,0.03662109375,1.28173828125,0.08544921875,-0.96435546875,-0.048828125,-0.40283203125,-0.08544921875,-1.0009765625,0.18310546875,-0.81787109375,0.10986328125,-0.6103515625,-0.03662109375,1.28173828125,0.1953125,0.62255859375,0.0732421875,-0.08544921875,-0.13427734375,-0.732421875,0.06103515625,-0.7080078125,-0.1220703125,-0.634765625,0.03662109375,-0.06103515625,0.244140625,-1.08642578125,-0.15869140625,-1.8798828125,-0.2197265625,-1.4404296875,-0.03662109375,0.06103515625,-0.0244140625,0.3173828125,0.09765625,-0.0244140625,-0.08544921875,-0.048828125,0.03662109375,0.146484375,-0.244140625,9.14306640625,-0.03662109375,4.35791015625,-0.10986328125,3.16162109375,0.048828125,4.96826171875
0,-0.1708984375,-0.3662109375,-0.01220703125,-0.35400390625,0.57373046875,-0.40283203125,-0.15869140625,-0.08544921875,-0.4150390625,-0.146484375,-0.20751953125,-0.9033203125,-0.20751953125,1.0986328125,0.06103515625,-0.08544921875,0.20751953125,-0.5126953125,0.1220703125,-0.0732421875,0.13427734375,0.84228515625,0.1708984375,-0.54931640625,0.048828125,5.46875,-0.3173828125,8.740234375,0.1953125,8.06884765625,-0.5126953125,6.40869140625,-0.390625,7.421875,0.25634765625,1.23291015625,-0.15869140625,1.69677734375,0.0244140625,1.98974609375,0.0244140625,-0.1708984375,-0.1220703125,-0.62255859375,-0.3662109375,-0.341796875,-0.06103515625,1.84326171875,-0.29296875,1.4892578125,-0.341796875,0.37841796875,-0.341796875,-0.15869140625,-0.28076171875,0.67138671875,-0.13427734375,0.30517578125,-0.28076171875,0.18310546875,0.98876953125,0.15869140625,-0.06103515625,-0.4638671875,0.1953125,5.0537109375,-0.1220703125,1.6357421875,-0.20751953125,0.830078125,-0.0244140625,0.79345703125,-0.048828125,0.1953125,-0.1220703125,0.81787109375,0.15869140625,0,0.1220703125,1.26953125,0.146484375,-0.98876953125,-0.06103515625,-0.40283203125,-0.0732421875,-1.01318359375,0.23193359375,-0.81787109375,0.1220703125,-0.06103515625,0.048828125,2.25830078125,0.244140625,1.25732421875,0.03662109375,0.6591796875,-0.09765625,-0.732421875,0.06103515625,-0.7080078125,-0.08544921875,-0.62255859375,0.0244140625,-0.048828125,0.18310546875,-1.08642578125,-0.1220703125,-1.85546875,-0.18310546875,-1.40380859375,-0.03662109375,0.0732421875,-0.01220703125,0.3173828125,0.10986328125,-0.03662109375,-0.0732421875,-0.03662109375,0.0244140625,0.13427734375,-0.25634765625,8.23974609375,-0.06103515625,3.9306640625,-0.0732421875,2.72216796875,0.048828125,4.345703125
0,-0.146484375,-0.3662109375,-0.01220703125,-0.35400390625,0.54931640625,-0.40283203125,-0.15869140625,-0.08544921875,-0.390625,-0.146484375,-0.1953125,-0.9033203125,-0.18310546875,1.11083984375,0.08544921875,-0.08544921875,0.244140625,-0.52490234375,0.146484375,-0.08544921875,0.15869140625,0.8544921875,0.18310546875,-0.5859375,0.146484375,5.26123046875,-0.30517578125,8.41064453125,0.20751953125,7.8369140625,-0.42724609375,6.16455078125,-0.4150390625,6.72607421875,0.32958984375,0.98876953125,-0.146484375,1.50146484375,0.10986328125,1.7333984375,0.09765625,-0.15869140625,-0.2197265625,-0.6103515625,-0.42724609375,-0.3662109375,0.01220703125,1.8798828125,-0.18310546875,1.47705078125,-0.40283203125,0.341796875,-0.30517578125,-0.10986328125,-0.28076171875,0.68359375,-0.08544921875,0.341796875,-0.25634765625,0.18310546875,0.93994140625,0.09765625,-0.0732421875,-0.390625,0.18310546875,4.94384765625,-0.1220703125,1.5869140625,-0.1953125,0.78125,-0.048828125,0.78125,-0.06103515625,0.2197265625,-0.0732421875,0.76904296875,0.23193359375,0,0.20751953125,1.28173828125,0.15869140625,-0.9765625,-0.09765625,-0.40283203125,0.03662109375,-0.98876953125,0.2685546875,-0.79345703125,0.1708984375,0.52490234375,0.1953125,3.35693359375,0.32958984375,1.953125,0.048828125,1.46484375,-0.09765625,-0.72021484375,0.048828125,-0.69580078125,-0.048828125,-0.634765625,0.0244140625,-0.03662109375,0.10986328125,-1.07421875,-0.0732421875,-1.86767578125,-0.1953125,-1.35498046875,-0.0244140625,0.08544921875,-0.0244140625,0.32958984375,0.10986328125,-0.0244140625,-0.08544921875,-0.03662109375,0.0244140625,0.15869140625,-0.25634765625,7.2265625,-0.048828125,3.466796875,-0.0732421875,2.2705078125,0.06103515625,3.69873046875
0,-0.146484375,-0.35400390625,-0.03662109375,-0.37841796875,0.5615234375,-0.37841796875,-0.15869140625,-0.048828125,-0.37841796875,-0.1220703125,-0.146484375,-0.89111328125,-0.15869140625,1.0986328125,0.08544921875,-0.10986328125,0.23193359375,-0.537109375,0.1953125,-0.08544921875,0.18310546875,0.87890625,0.1220703125,-0.5859375,0.25634765625,4.8583984375,-0.3173828125,7.8125,0.20751953125,7.3974609375,-0.3173828125,5.712890625,-0.35400390625,5.99365234375,0.37841796875,0.7568359375,-0.10986328125,1.28173828125,0.13427734375,1.46484375,0.146484375,-0.15869140625,-0.341796875,-0.634765625,-0.42724609375,-0.35400390625,0.0732421875,1.91650390625,-0.10986328125,1.45263671875,-0.45166015625,0.32958984375,-0.23193359375,-0.10986328125,-0.2685546875,0.67138671875,-0.03662109375,0.341796875,-0.341796875,0.15869140625,0.8544921875,0.06103515625,-0.09765625,-0.3173828125,0.146484375,4.9072265625,-0.13427734375,1.57470703125,-0.15869140625,0.76904296875,-0.0732421875,0.76904296875,-0.03662109375,0.23193359375,-0.048828125,0.78125,0.2685546875,0.0244140625,0.1953125,1.28173828125,0.1708984375,-0.98876953125,-0.10986328125,-0.390625,0.08544921875,-0.9765625,0.244140625,-0.78125,0.2197265625,1.11083984375,0.2197265625,4.4921875,0.341796875,2.64892578125,0.09765625,2.2216796875,-0.0244140625,-0.732421875,-0.01220703125,-0.7080078125,0.01220703125,-0.6103515625,0.048828125,-0.048828125,0.06103515625,-1.0498046875,0.0244140625,-1.85546875,-0.146484375,-1.3427734375,0.01220703125,0.09765625,-0.01220703125,0.32958984375,0.09765625,-0.01220703125,-0.0732421875,-0.048828125,0.01220703125,0.18310546875,-0.25634765625,6.18896484375,-0.03662109375,3.06396484375,-0.0244140625,1.86767578125,0.06103515625,3.0517578125
0,-0.13427734375,-0.390625,-0.048828125,-0.35400390625,0.48828125,-0.40283203125,-0.146484375,-0.06103515625,-0.35400390625,-0.08544921875,-0.146484375,-0.9033203125,-0.13427734375,1.0986328125,0.06103515625,-0.13427734375,0.20751953125,-0.5615234375,0.20751953125,-0.09765625,0.1708984375,0.87890625,0.0244140625,-0.6103515625,0.3173828125,4.345703125,-0.30517578125,6.9580078125,0.146484375,6.77490234375,-0.1953125,5.126953125,-0.29296875,5.23681640625,0.4150390625,0.5126953125,-0.146484375,1.06201171875,0.13427734375,1.1474609375,0.18310546875,-0.13427734375,-0.4638671875,-0.64697265625,-0.47607421875,-0.390625,0.0244140625,1.953125,-0.09765625,1.4404296875,-0.439453125,0.341796875,-0.1953125,-0.1220703125,-0.2685546875,0.68359375,-0.01220703125,0.37841796875,-0.29296875,0.1953125,0.81787109375,0.03662109375,-0.09765625,-0.13427734375,0.1220703125,4.931640625,-0.15869140625,1.5625,-0.09765625,0.732421875,-0.1220703125,0.76904296875,0.01220703125,0.2685546875,0,0.76904296875,0.29296875,0.01220703125,0.1708984375,1.28173828125,0.1220703125,-0.98876953125,-0.1220703125,-0.4150390625,0.146484375,-1.0009765625,0.28076171875,-0.79345703125,0.25634765625,1.611328125,0.146484375,5.5908203125,0.3173828125,3.271484375,0.10986328125,2.9052734375,0.048828125,-0.732421875,-0.03662109375,-0.7080078125,0.06103515625,-0.59814453125,0.03662109375,-0.09765625,-0.03662109375,-1.025390625,0.01220703125,-1.8310546875,-0.1220703125,-1.2939453125,-0.01220703125,0.10986328125,-0.0244140625,0.30517578125,0.146484375,-0.01220703125,-0.0732421875,-0.06103515625,0,0.15869140625,-0.2685546875,5.2001953125,-0.0244140625,2.6611328125,-0.01220703125,1.45263671875,0.048828125,2.4658203125
0,-0.13427734375,-0.37841796875,-0.048828125,-0.3662109375,0.47607421875,-0.390625,-0.1708984375,-0.06103515625,-0.3173828125,-0.06103515625,-0.1220703125,-0.89111328125,-0.146484375,1.0986328125,0.0732421875,-0.13427734375,0.18310546875,-0.537109375,0.1953125,-0.13427734375,0.1220703125,0.87890625,-0.0732421875,-0.59814453125,0.37841796875,3.759765625,-0.32958984375,5.95703125,0.10986328125,6.01806640625,-0.0732421875,4.45556640625,-0.18310546875,4.5166015625,0.45166015625,0.3173828125,-0.13427734375,0.87890625,0.0732421875,0.89111328125,0.18310546875,-0.146484375,-0.42724609375,-0.67138671875,-0.47607421875,-0.390625,-0.0244140625,2.0263671875,-0.10986328125,1.4404296875,-0.48828125,0.390625,-0.1708984375,-0.13427734375,-0.28076171875,0.7080078125,0.01220703125,0.40283203125,-0.25634765625,0.2197265625,0.8056640625,0.08544921875,-0.15869140625,0.0244140625,0.1220703125,4.9072265625,-0.15869140625,1.52587890625,-0.06103515625,0.69580078125,-0.18310546875,0.7568359375,0,0.25634765625,0.048828125,0.79345703125,0.32958984375,0.01220703125,0.1220703125,1.30615234375,0.048828125,-1.0009765625,-0.09765625,-0.42724609375,0.18310546875,-0.98876953125,0.29296875,-0.78125,0.28076171875,2.03857421875,0.06103515625,6.57958984375,0.32958984375,3.7841796875,0.1708984375,3.466796875,0.0732421875,-0.72021484375,-0.08544921875,-0.72021484375,0.06103515625,-0.59814453125,0.01220703125,-0.10986328125,-0.048828125,-1.01318359375,0.048828125,-1.85546875,-0.09765625,-1.28173828125,0.048828125,0.1220703125,-0.048828125,0.32958984375,0.146484375,0,-0.06103515625,-0.0732421875,-0.0244140625,0.146484375,-0.23193359375,4.2236328125,-0.03662109375,2.28271484375,0.0244140625,1.08642578125,0.048828125,1.9287109375
0,-0.146484375,-0.390625,-0.06103515625,-0.37841796875,0.50048828125,-0.42724609375,-0.146484375,-0.0732421875,-0.28076171875,0,-0.1220703125,-0.9033203125,-0.146484375,1.07421875,0.06103515625,-0.146484375,0.146484375,-0.5615234375,0.1708984375,-0.1220703125,0.048828125,0.89111328125,-0.15869140625,-0.6103515625,0.4150390625,3.08837890625,-0.30517578125,4.87060546875,0.08544921875,5.17578125,0,3.74755859375,-0.13427734375,3.86962890625,0.47607421875,0.15869140625,-0.15869140625,0.732421875,0,0.64697265625,0.1953125,-0.13427734375,-0.37841796875,-0.68359375,-0.45166015625,-0.390625,-0.0244140625,2.11181640625,-0.15869140625,1.45263671875,-0.48828125,0.45166015625,-0.1708984375,-0.18310546875,-0.25634765625,0.72021484375,-0.048828125,0.4150390625,-0.25634765625,0.25634765625,0.7080078125,0.1708984375,-0.2685546875,0.18310546875,0.18310546875,4.7607421875,-0.146484375,1.513671875,-0.03662109375,0.68359375,-0.20751953125,0.72021484375,-0.03662109375,0.25634765625,0.048828125,0.830078125,0.30517578125,0.01220703125,0.08544921875,1.318359375,-0.0244140625,-0.98876953125,-0.13427734375,-0.4150390625,0.1708984375,-0.98876953125,0.30517578125,-0.76904296875,0.2685546875,2.33154296875,0.08544921875,7.3974609375,0.32958984375,4.13818359375,0.2197265625,3.86962890625,0.09765625,-0.69580078125,-0.13427734375,-0.72021484375,0.0732421875,-0.5859375,-0.01220703125,-0.13427734375,-0.06103515625,-1.03759765625,0.03662109375,-1.84326171875,-0.09765625,-1.26953125,0.08544921875,0.13427734375,-0.09765625,0.3173828125,0.146484375,0,-0.0732421875,-0.09765625,-0.03662109375,0.15869140625,-0.23193359375,3.3203125,-0.048828125,1.96533203125,0.06103515625,0.76904296875,0,1.4404296875
0,-0.13427734375,-0.3662109375,-0.048828125,-0.3662109375,0.5126953125,-0.45166015625,-0.146484375,-0.08544921875,-0.23193359375,0.048828125,-0.10986328125,-0.9033203125,-0.18310546875,1.07421875,0.048828125,-0.13427734375,0.146484375,-0.57373046875,0.10986328125,-0.146484375,-0.03662109375,0.87890625,-0.1708984375,-0.6103515625,0.4150390625,2.4169921875,-0.28076171875,3.77197265625,0.13427734375,4.345703125,0.01220703125,3.01513671875,-0.146484375,3.2958984375,0.47607421875,0.03662109375,-0.18310546875,0.59814453125,-0.048828125,0.4150390625,0.15869140625,-0.146484375,-0.25634765625,-0.72021484375,-0.42724609375,-0.4150390625,-0.13427734375,2.25830078125,-0.1953125,1.46484375,-0.45166015625,0.48828125,-0.18310546875,-0.20751953125,-0.1953125,0.732421875,-0.0244140625,0.4638671875,-0.2685546875,0.3173828125,0.6591796875,0.25634765625,-0.32958984375,0.30517578125,0.20751953125,4.43115234375,-0.1220703125,1.47705078125,-0.048828125,0.634765625,-0.18310546875,0.69580078125,-0.06103515625,0.23193359375,0.09765625,0.8544921875,0.2685546875,0,0.03662109375,1.318359375,-0.08544921875,-1.0009765625,-0.09765625,-0.390625,0.1953125,-1.0009765625,0.37841796875,-0.78125,0.28076171875,2.50244140625,0.13427734375,7.94677734375,0.341796875,4.345703125,0.244140625,4.08935546875,0.09765625,-0.67138671875,-0.1220703125,-0.69580078125,0.06103515625,-0.6103515625,-0.0732421875,-0.1220703125,-0.06103515625,-1.025390625,-0.048828125,-1.84326171875,-0.146484375,-1.26953125,0.13427734375,0.146484375,-0.13427734375,0.29296875,0.15869140625,0.03662109375,-0.0732421875,-0.1220703125,-0.048828125,0.13427734375,-0.23193359375,2.47802734375,-0.06103515625,1.62353515625,0.06103515625,0.47607421875,0.03662109375,0.98876953125
0,-0.13427734375,-0.37841796875,-0.048828125,-0.390625,0.537109375,-0.47607421875,-0.146484375,-0.08544921875,-0.23193359375,0.06103515625,-0.13427734375,-0.9033203125,-0.18310546875,1.07421875,0.048828125,-0.1220703125,0.1220703125,-0.59814453125,0.06103515625,-0.13427734375,-0.1220703125,0.86669921875,-0.146484375,-0.59814453125,0.35400390625,1.7578125,-0.30517578125,2.72216796875,0.15869140625,3.515625,-0.03662109375,2.294921875,-0.20751953125,2.7587890625,0.4150390625,-0.0732421875,-0.20751953125,0.4638671875,-0.01220703125,0.1953125,0.08544921875,-0.13427734375,-0.15869140625,-0.74462890625,-0.4150390625,-0.4150390625,-0.13427734375,2.392578125,-0.18310546875,1.50146484375,-0.390625,0.52490234375,-0.18310546875,-0.23193359375,-0.1708984375,0.72021484375,-0.048828125,0.47607421875,-0.25634765625,0.341796875,0.6591796875,0.35400390625,-0.4150390625,0.3173828125,0.341796875,3.90625,-0.0732421875,1.416015625,-0.08544921875,0.57373046875,-0.1220703125,0.6103515625,-0.08544921875,0.23193359375,0.10986328125,0.91552734375,0.23193359375,-0.01220703125,0.03662109375,1.318359375,-0.08544921875,-1.0009765625,-0.09765625,-0.37841796875,0.10986328125,-0.98876953125,0.390625,-0.78125,0.28076171875,2.5146484375,0.0244140625,8.21533203125,0.32958984375,4.3701171875,0.244140625,4.11376953125,0.048828125,-0.68359375,-0.08544921875,-0.69580078125,0,-0.6103515625,-0.1220703125,-0.1220703125,-0.03662109375,-1.01318359375,-0.1220703125,-1.84326171875,-0.20751953125,-1.28173828125,0.1708984375,0.15869140625,-0.1220703125,0.29296875,0.13427734375,0.0244140625,-0.08544921875,-0.09765625,-0.048828125,0.146484375,-0.2197265625,1.6357421875,-0.06103515625,1.33056640625,0.048828125,0.1953125,0.06103515625,0.52490234375
0,-0.13427734375,-0.390625,-0.03662109375,-0.390625,0.50048828125,-0.47607421875,-0.1220703125,-0.08544921875,-0.18310546875,0.09765625,-0.146484375,-0.927734375,-0.18310546875,1.07421875,0.0732421875,-0.1220703125,0.13427734375,-0.6103515625,0.03662109375,-0.13427734375,-0.1953125,0.86669921875,-0.09765625,-0.5859375,0.2685546875,1.1474609375,-0.3173828125,1.7578125,0.18310546875,2.7587890625,-0.18310546875,1.64794921875,-0.244140625,2.294921875,0.37841796875,-0.146484375,-0.2197265625,0.3173828125,-0.0244140625,0,0.048828125,-0.15869140625,-0.10986328125,-0.74462890625,-0.4150390625,-0.40283203125,-0.146484375,2.50244140625,-0.15869140625,1.47705078125,-0.341796875,0.537109375,-0.1708984375,-0.23193359375,-0.09765625,0.732421875,-0.1708984375,0.52490234375,-0.28076171875,0.37841796875,0.64697265625,0.42724609375,-0.5126953125,0.29296875,0.4638671875,3.18603515625,0.01220703125,1.30615234375,-0.09765625,0.5126953125,-0.0732421875,0.5126953125,-0.06103515625,0.2197265625,0.146484375,0.91552734375,0.15869140625,-0.03662109375,0.01220703125,1.30615234375,-0.06103515625,-0.98876953125,-0.0732421875,-0.37841796875,0.048828125,-1.0009765625,0.4150390625,-0.79345703125,0.1953125,2.40478515625,-0.0732421875,8.19091796875,0.28076171875,4.2724609375,0.18310546875,4.00390625,0,-0.67138671875,-0.01220703125,-0.69580078125,-0.048828125,-0.634765625,-0.15869140625,-0.10986328125,-0.0244140625,-1.0009765625,-0.1953125,-1.81884765625,-0.28076171875,-1.2451171875,0.2197265625,0.1953125,-0.10986328125,0.29296875,0.1708984375,0.0244140625,-0.08544921875,-0.08544921875,-0.03662109375,0.146484375,-0.20751953125,0.87890625,-0.06103515625,1.06201171875,0.03662109375,-0.08544921875,0.06103515625,0.08544921875
0,-0.15869140625,-0.40283203125,-0.06103515625,-0.3662109375,0.50048828125,-0.4638671875,-0.0732421875,-0.0732421875,-0.13427734375,0.09765625,-0.13427734375,-0.91552734375,-0.1953125,1.07421875,0.048828125,-0.09765625,0.1220703125,-0.59814453125,-0.01220703125,-0.10986328125,-0.25634765625,0.8544921875,-0.03662109375,-0.5859375,0.1708984375,0.62255859375,-0.35400390625,0.87890625,0.13427734375,2.06298828125,-0.341796875,1.07421875,-0.3173828125,1.7822265625,0.341796875,-0.28076171875,-0.28076171875,0.18310546875,-0.048828125,-0.18310546875,-0.048828125,-0.18310546875,0.048828125,-0.732421875,-0.48828125,-0.4150390625,-0.23193359375,2.55126953125,-0.18310546875,1.4892578125,-0.30517578125,0.52490234375,-0.1220703125,-0.244140625,-0.048828125,0.732421875,-0.244140625,0.57373046875,-0.25634765625,0.42724609375,0.634765625,0.4638671875,-0.62255859375,0.23193359375,0.5615234375,2.294921875,0.06103515625,1.1962890625,-0.15869140625,0.42724609375,-0.01220703125,0.37841796875,-0.0244140625,0.18310546875,0.1953125,0.9033203125,0.10986328125,-0.048828125,-0.0244140625,1.30615234375,-0.048828125,-0.9765625,-0.03662109375,-0.37841796875,-0.01220703125,-1.01318359375,0.42724609375,-0.79345703125,0.0732421875,2.20947265625,-0.146484375,7.89794921875,0.20751953125,4.04052734375,0.0732421875,3.72314453125,-0.09765625,-0.67138671875,0.048828125,-0.7080078125,-0.13427734375,-0.634765625,-0.146484375,-0.10986328125,-0.03662109375,-0.98876953125,-0.244140625,-1.79443359375,-0.2685546875,-1.220703125,0.244140625,0.20751953125,-0.10986328125,0.29296875,0.146484375,0,-0.06103515625,-0.08544921875,-0.01220703125,0.15869140625,-0.2685546875,0.1953125,-0.08544921875,0.81787109375,-0.01220703125,-0.35400390625,0.0244140625,-0.32958984375
0,-0.1220703125,-0.40283203125,-0.0732421875,-0.35400390625,0.4150390625,-0.42724609375,-0.06103515625,-0.0732421875,-0.10986328125,0.0732421875,-0.146484375,-0.9033203125,-0.23193359375,1.03759765625,0.0732421875,-0.0732421875,0.10986328125,-0.6103515625,-0.03662109375,-0.09765625,-0.2685546875,0.8544921875,0.01220703125,-0.5859375,0.048828125,0.1220703125,-0.35400390625,0.09765625,0.048828125,1.45263671875,-0.45166015625,0.537109375,-0.32958984375,1.25732421875,0.3173828125,-0.40283203125,-0.29296875,0.01220703125,-0.0244140625,-0.390625,-0.1220703125,-0.1953125,0.06103515625,-0.74462890625,-0.57373046875,-0.42724609375,-0.1220703125,2.50244140625,-0.23193359375,1.42822265625,-0.20751953125,0.48828125,-0.08544921875,-0.20751953125,0.03662109375,0.7080078125,-0.28076171875,0.6103515625,-0.25634765625,0.42724609375,0.6103515625,0.50048828125,-0.6591796875,0.13427734375,0.62255859375,1.3671875,0.13427734375,1.0986328125,-0.1953125,0.341796875,0.0732421875,0.2685546875,0.06103515625,0.1708984375,0.18310546875,0.91552734375,0,-0.01220703125,-0.048828125,1.2939453125,-0.048828125,-0.98876953125,0,-0.3662109375,-0.09765625,-1.0009765625,0.390625,-0.79345703125,0.0244140625,1.94091796875,-0.1708984375,7.373046875,0.10986328125,3.7353515625,0.06103515625,3.38134765625,-0.1220703125,-0.67138671875,0.13427734375,-0.69580078125,-0.18310546875,-0.64697265625,-0.10986328125,-0.08544921875,-0.01220703125,-0.9521484375,-0.25634765625,-1.7578125,-0.23193359375,-1.1962890625,0.23193359375,0.23193359375,-0.1220703125,0.30517578125,0.146484375,-0.0244140625,-0.0732421875,-0.0732421875,0,0.146484375,-0.2685546875,-0.37841796875,-0.1220703125,0.6103515625,0,-0.59814453125,0.03662109375,-0.68359375
1,-0.13427734375,-0.4150390625,-0.06103515625,-0.3662109375,0.4150390625,-0.4150390625,-0.048828125,-0.08544921875,-0.0732421875,0.03662109375,-0.13427734375,-0.9033203125,-0.25634765625,1.0498046875,0.09765625,-0.08544921875,0.10986328125,-0.6103515625,-0.048828125,-0.08544921875,-0.25634765625,0.86669921875,0.01220703125,-0.57373046875,-0.048828125,-0.2685546875,-0.40283203125,-0.54931640625,-0.048828125,0.91552734375,-0.47607421875,0.08544921875,-0.390625,0.67138671875,0.28076171875,-0.5615234375,-0.341796875,-0.18310546875,-0.03662109375,-0.5615234375,-0.09765625,-0.23193359375,0.03662109375,-0.72021484375,-0.64697265625,-0.42724609375,-0.13427734375,2.294921875,-0.28076171875,1.35498046875,-0.18310546875,0.45166015625,-0.03662109375,-0.1953125,0.0732421875,0.72021484375,-0.390625,0.64697265625,-0.28076171875,0.439453125,0.62255859375,0.50048828125,-0.732421875,0.03662109375,0.59814453125,0.54931640625,0.18310546875,1.0009765625,-0.2197265625,0.25634765625,0.146484375,0.1708984375,0.15869140625,0.18310546875,0.1220703125,0.8544921875,-0.048828125,-0.01220703125,-0.08544921875,1.25732421875,-0.08544921875,-0.9765625,0.0732421875,-0.37841796875,-0.1953125,-1.0009765625,0.37841796875,-0.79345703125,-0.03662109375,1.67236328125,-0.18310546875,6.70166015625,0,3.3935546875,0.06103515625,3.02734375,-0.146484375,-0.68359375,0.18310546875,-0.7080078125,-0.2197265625,-0.634765625,-0.08544921875,-0.06103515625,0.03662109375,-0.927734375,-0.2685546875,-1.7578125,-0.18310546875,-1.171875,0.20751953125,0.28076171875,-0.09765625,0.341796875,0.15869140625,-0.03662109375,-0.08544921875,-0.048828125,0.03662109375,0.15869140625,-0.244140625,-0.830078125,-0.06103515625,0.45166015625,0.0244140625,-0.79345703125,0.0244140625,-1.025390625
1,-0.13427734375,-0.37841796875,-0.06103515625,-0.3662109375,0.390625,-0.35400390625,-0.06103515625,-0.09765625,-0.06103515625,0.03662109375,-0.10986328125,-0.9033203125,-0.28076171875,1.06201171875,0.146484375,-0.10986328125,0.09765625,-0.5859375,-0.01220703125,-0.0732421875,-0.1708984375,0.86669921875,0.01220703125,-0.57373046875,-0.13427734375,-0.62255859375,-0.40283203125,-1.123046875,-0.18310546875,0.47607421875,-0.47607421875,-0.30517578125,-0.40283203125,0.10986328125,0.20751953125,-0.72021484375,-0.3662109375,-0.35400390625,-0.0244140625,-0.69580078125,-0.048828125,-0.25634765625,0.048828125,-0.69580078125,-0.732421875,-0.37841796875,-0.28076171875,2.05078125,-0.29296875,1.23291015625,-0.15869140625,0.40283203125,-0.06103515625,-0.1708984375,0.1220703125,0.7080078125,-0.390625,0.7080078125,-0.3173828125,0.42724609375,0.67138671875,0.47607421875,-0.79345703125,0,0.57373046875,-0.048828125,0.2197265625,0.927734375,-0.20751953125,0.1953125,0.18310546875,0.08544921875,0.2685546875,0.1953125,0.03662109375,0.86669921875,-0.10986328125,0,-0.09765625,1.25732421875,-0.08544921875,-0.9521484375,0.15869140625,-0.37841796875,-0.29296875,-1.0009765625,0.341796875,-0.81787109375,-0.0244140625,1.37939453125,-0.10986328125,5.96923828125,-0.08544921875,3.076171875,0.10986328125,2.64892578125,-0.146484375,-0.69580078125,0.20751953125,-0.732421875,-0.2197265625,-0.6103515625,-0.048828125,-0.06103515625,0.048828125,-0.89111328125,-0.20751953125,-1.72119140625,-0.25634765625,-1.13525390625,0.146484375,0.3173828125,-0.09765625,0.341796875,0.1220703125,-0.03662109375,-0.08544921875,-0.048828125,0,0.1708984375,-0.2197265625,-1.13525390625,-0.03662109375,0.32958984375,0.048828125,-0.9033203125,0.03662109375,-1.2451171875
1,-0.13427734375,-0.390625,-0.06103515625,-0.35400390625,0.35400390625,-0.25634765625,-0.0244140625,-0.0732421875,-0.03662109375,0.0244140625,-0.09765625,-0.91552734375,-0.28076171875,1.08642578125,0.1953125,-0.15869140625,0.1220703125,-0.5859375,0.0244140625,-0.06103515625,-0.1220703125,0.84228515625,-0.0244140625,-0.59814453125,-0.244140625,-0.89111328125,-0.42724609375,-1.57470703125,-0.35400390625,0.1220703125,-0.4638671875,-0.59814453125,-0.341796875,-0.439453125,0.20751953125,-0.9033203125,-0.29296875,-0.5126953125,0.06103515625,-0.81787109375,0.1220703125,-0.2685546875,-0.01220703125,-0.67138671875,-0.76904296875,-0.3662109375,-0.1953125,1.7333984375,-0.25634765625,1.1474609375,-0.1220703125,0.37841796875,-0.048828125,-0.15869140625,0.1708984375,0.68359375,-0.45166015625,0.78125,-0.30517578125,0.439453125,0.69580078125,0.4638671875,-0.830078125,0,0.48828125,-0.35400390625,0.28076171875,0.927734375,-0.15869140625,0.18310546875,0.1953125,0.0732421875,0.30517578125,0.1953125,-0.0244140625,0.830078125,-0.13427734375,0.01220703125,-0.06103515625,1.220703125,-0.10986328125,-0.9033203125,0.244140625,-0.40283203125,-0.40283203125,-0.98876953125,0.3662109375,-0.830078125,-0.01220703125,1.13525390625,-0.1708984375,5.2734375,-0.15869140625,2.8076171875,0.1708984375,2.3193359375,-0.15869140625,-0.7080078125,0.18310546875,-0.72021484375,-0.2197265625,-0.59814453125,-0.03662109375,-0.06103515625,0.08544921875,-0.87890625,-0.15869140625,-1.69677734375,-0.23193359375,-1.1474609375,0.10986328125,0.32958984375,-0.10986328125,0.35400390625,0.13427734375,-0.048828125,-0.08544921875,-0.0244140625,-0.01220703125,0.18310546875,-0.25634765625,-1.28173828125,-0.0244140625,0.32958984375,0.09765625,-0.96435546875,0.0244140625,-1.318359375
1,-0.1220703125,-0.390625,-0.03662109375,-0.37841796875,0.29296875,-0.2197265625,-0.0244140625,-0.048828125,-0.03662109375,0.0244140625,-0.10986328125,-0.91552734375,-0.244140625,1.07421875,0.2197265625,-0.1708984375,0.08544921875,-0.59814453125,0.08544921875,-0.08544921875,-0.06103515625,0.87890625,-0.048828125,-0.6103515625,-0.244140625,-1.07421875,-0.42724609375,-1.904296875,-0.35400390625,-0.146484375,-0.3662109375,-0.81787109375,-0.29296875,-0.93994140625,0.1953125,-1.06201171875,-0.28076171875,-0.634765625,0.09765625,-0.927734375,0.20751953125,-0.25634765625,-0.01220703125,-0.67138671875,-0.78125,-0.40283203125,-0.2685546875,1.416015625,-0.244140625,1.06201171875,-0.13427734375,0.3662109375,-0.08544921875,-0.146484375,0.1953125,0.69580078125,-0.4638671875,0.8056640625,-0.3173828125,0.4150390625,0.59814453125,0.45166015625,-0.87890625,0.03662109375,0.45166015625,-0.244140625,0.28076171875,0.93994140625,-0.10986328125,0.1708984375,0.20751953125,0.09765625,0.35400390625,0.20751953125,-0.0732421875,0.8056640625,-0.10986328125,0.01220703125,-0.048828125,1.23291015625,-0.0732421875,-0.87890625,0.2685546875,-0.42724609375,-0.47607421875,-0.98876953125,0.35400390625,-0.81787109375,0.01220703125,0.93994140625,-0.2197265625,4.6630859375,-0.25634765625,2.57568359375,0.20751953125,2.03857421875,-0.1708984375,-0.7080078125,0.09765625,-0.72021484375,-0.15869140625,-0.57373046875,-0.01220703125,-0.0732421875,0.048828125,-0.86669921875,-0.08544921875,-1.708984375,-0.1953125,-1.1474609375,0.06103515625,0.32958984375,-0.1220703125,0.35400390625,0.1220703125,-0.03662109375,-0.09765625,-0.03662109375,-0.01220703125,0.1708984375,-0.2685546875,-1.220703125,-0.01220703125,0.341796875,0.09765625,-0.927734375,-0.01220703125,-1.318359375
1,-0.146484375,-0.390625,-0.03662109375,-0.37841796875,0.2685546875,-0.15869140625,-0.048828125,-0.06103515625,0.01220703125,0.048828125,-0.10986328125,-0.91552734375,-0.244140625,1.07421875,0.244140625,-0.1953125,0.09765625,-0.5859375,0.1220703125,-0.09765625,-0.0244140625,0.8544921875,-0.06103515625,-0.6103515625,-0.23193359375,-1.18408203125,-0.28076171875,-2.13623046875,-0.35400390625,-0.341796875,-0.28076171875,-0.91552734375,-0.23193359375,-1.2939453125,0.1708984375,-1.20849609375,-0.2197265625,-0.74462890625,0.09765625,-0.9765625,0.32958984375,-0.25634765625,-0.01220703125,-0.68359375,-0.732421875,-0.37841796875,-0.146484375,1.123046875,-0.244140625,0.98876953125,-0.1708984375,0.3662109375,-0.048828125,-0.146484375,0.23193359375,0.7080078125,-0.45166015625,0.830078125,-0.29296875,0.390625,0.86669921875,0.439453125,-0.87890625,0.10986328125,0.48828125,0.23193359375,0.341796875,1.025390625,-0.03662109375,0.244140625,0.1953125,0.1708984375,0.35400390625,0.20751953125,-0.13427734375,0.78125,-0.10986328125,0,-0.08544921875,1.2451171875,-0.03662109375,-0.86669921875,0.30517578125,-0.439453125,-0.537109375,-0.9765625,0.32958984375,-0.81787109375,0.0244140625,0.78125,-0.23193359375,4.23583984375,-0.20751953125,2.392578125,0.244140625,1.84326171875,-0.1708984375,-0.68359375,0.0244140625,-0.7080078125,-0.10986328125,-0.57373046875,-0.01220703125,-0.0732421875,-0.01220703125,-0.87890625,-0.01220703125,-1.7333984375,-0.18310546875,-1.13525390625,0.03662109375,0.30517578125,-0.1220703125,0.32958984375,0.1220703125,-0.03662109375,-0.09765625,-0.03662109375,-0.03662109375,0.1953125,-0.2685546875,-1.025390625,0,0.42724609375,0.09765625,-0.81787109375,-0.03662109375,-1.18408203125
1,-0.146484375,-0.40283203125,-0.0244140625,-0.37841796875,0.1953125,-0.09765625,-0.048828125,-0.06103515625,0.03662109375,0.06103515625,-0.0732421875,-0.91552734375,-0.23193359375,1.07421875,0.23193359375,-0.20751953125,0.09765625,-0.5859375,0.146484375,-0.10986328125,-0.03662109375,0.89111328125,-0.0732421875,-0.62255859375,-0.1953125,-1.20849609375,-0.1708984375,-2.197265625,-0.2685546875,-0.37841796875,-0.25634765625,-0.93994140625,-0.2197265625,-1.4892578125,0.15869140625,-1.25732421875,-0.20751953125,-0.78125,0.08544921875,-0.98876953125,0.341796875,-0.2685546875,-0.01220703125,-0.68359375,-0.634765625,-0.390625,-0.1953125,0.927734375,-0.2685546875,0.96435546875,-0.20751953125,0.37841796875,-0.06103515625,-0.1708984375,0.1953125,0.7080078125,-0.439453125,0.81787109375,-0.3173828125,0.40283203125,0.8544921875,0.45166015625,-0.9033203125,0.1708984375,0.48828125,1.0986328125,0.32958984375,1.15966796875,0,0.35400390625,0.15869140625,0.29296875,0.35400390625,0.2197265625,-0.18310546875,0.76904296875,-0.0732421875,0.03662109375,-0.1220703125,1.2451171875,0,-0.830078125,0.29296875,-0.4150390625,-0.5859375,-0.96435546875,0.341796875,-0.81787109375,0.0732421875,0.69580078125,-0.23193359375,3.96728515625,-0.15869140625,2.25830078125,0.1953125,1.69677734375,-0.146484375,-0.69580078125,-0.08544921875,-0.72021484375,-0.048828125,-0.57373046875,0.0244140625,-0.0732421875,0.01220703125,-0.89111328125,0.06103515625,-1.79443359375,-0.048828125,-1.123046875,0.01220703125,0.28076171875,-0.10986328125,0.32958984375,0.13427734375,-0.03662109375,-0.09765625,-0.048828125,-0.03662109375,0.18310546875,-0.29296875,-0.7568359375,0.01220703125,0.57373046875,0.10986328125,-0.64697265625,-0.0244140625,-0.927734375
1,-0.15869140625,-0.37841796875,0.01220703125,-0.37841796875,0.15869140625,-0.10986328125,-0.06103515625,-0.06103515625,0.06103515625,0.06103515625,-0.06103515625,-0.9033203125,-0.2197265625,1.07421875,0.2197265625,-0.1708984375,0.1220703125,-0.5859375,0.13427734375,-0.1220703125,-0.09765625,0.86669921875,-0.0732421875,-0.62255859375,-0.13427734375,-1.1474609375,-0.06103515625,-2.13623046875,-0.15869140625,-0.35400390625,-0.29296875,-0.8544921875,-0.25634765625,-1.513671875,0.15869140625,-1.25732421875,-0.1953125,-0.7568359375,0.13427734375,-0.93994140625,0.3173828125,-0.244140625,-0.048828125,-0.69580078125,-0.5126953125,-0.341796875,-0.341796875,0.87890625,-0.30517578125,0.98876953125,-0.244140625,0.4150390625,-0.10986328125,-0.18310546875,0.18310546875,0.72021484375,-0.390625,0.81787109375,-0.35400390625,0.4150390625,0.927734375,0.45166015625,-0.86669921875,0.244140625,0.40283203125,2.25830078125,0.25634765625,1.318359375,0.03662109375,0.5126953125,0.1220703125,0.4638671875,0.35400390625,0.2197265625,-0.20751953125,0.79345703125,-0.06103515625,0.03662109375,-0.2197265625,1.26953125,0.06103515625,-0.79345703125,0.23193359375,-0.40283203125,-0.59814453125,-0.9765625,0.3173828125,-0.830078125,0.10986328125,0.634765625,-0.2197265625,3.82080078125,-0.0732421875,2.18505859375,0.146484375,1.611328125,-0.048828125,-0.7080078125,-0.1953125,-0.7080078125,-0.01220703125,-0.5615234375,0.01220703125,-0.0732421875,-0.0244140625,-0.91552734375,0.1220703125,-1.79443359375,0.01220703125,-1.06201171875,0,0.244140625,-0.08544921875,0.32958984375,0.1220703125,-0.01220703125,-0.0732421875,-0.03662109375,-0.048828125,0.1953125,-0.2685546875,-0.3662109375,0.0244140625,0.7568359375,0.06103515625,-0.48828125,-0.0244140625,-0.6591796875
1,-0.18310546875,-0.390625,0.01220703125,-0.3662109375,0.1220703125,-0.08544921875,-0.048828125,-0.03662109375,0.08544921875,0.0732421875,-0.08544921875,-0.9033203125,-0.23193359375,1.08642578125,0.2197265625,-0.146484375,0.1708984375,-0.5859375,0.09765625,-0.1220703125,-0.1708984375,0.86669921875,-0.06103515625,-0.6103515625,-0.048828125,-1.01318359375,0.01220703125,-1.9775390625,-0.03662109375,-0.2197265625,-0.28076171875,-0.7080078125,-0.2685546875,-1.33056640625,0.15869140625,-1.18408203125,-0.2197265625,-0.69580078125,0.0732421875,-0.87890625,0.2685546875,-0.20751953125,-0.06103515625,-0.69580078125,-0.37841796875,-0.3662109375,-0.4150390625,0.9521484375,-0.29296875,1.08642578125,-0.25634765625,0.439453125,-0.15869140625,-0.1953125,0.13427734375,0.732421875,-0.390625,0.8056640625,-0.390625,0.42724609375,0.9765625,0.4150390625,-0.7568359375,0.30517578125,0.4150390625,3.61328125,0.1953125,1.4892578125,0.03662109375,0.7080078125,0.06103515625,0.69580078125,0.25634765625,0.23193359375,-0.2197265625,0.8544921875,-0.0244140625,0.0244140625,-0.25634765625,1.2939453125,0.0732421875,-0.78125,0.146484375,-0.40283203125,-0.5615234375,-0.98876953125,0.35400390625,-0.81787109375,0.146484375,0.59814453125,-0.2197265625,3.77197265625,0.0732421875,2.099609375,0.09765625,1.55029296875,-0.01220703125,-0.67138671875,-0.2685546875,-0.732421875,0.03662109375,-0.5859375,0.01220703125,-0.08544921875,-0.03662109375,-0.93994140625,0.18310546875,-1.8310546875,0.13427734375,-0.93994140625,0.01220703125,0.23193359375,-0.0732421875,0.30517578125,0.10986328125,-0.01220703125,-0.08544921875,-0.0244140625,-0.01220703125,0.18310546875,-0.20751953125,-0.0244140625,0.0244140625,0.9033203125,0.048828125,-0.30517578125,0.01220703125,-0.390625
1,-0.146484375,-0.40283203125,0.01220703125,-0.35400390625,0.09765625,-0.08544921875,-0.0244140625,-0.03662109375,0.13427734375,0.048828125,-0.08544921875,-0.89111328125,-0.2197265625,1.08642578125,0.23193359375,-0.13427734375,0.23193359375,-0.5859375,0.0244140625,-0.1220703125,-0.2197265625,0.86669921875,-0.03662109375,-0.59814453125,0.048828125,-0.8544921875,0.048828125,-1.7333984375,0.09765625,-0.01220703125,-0.25634765625,-0.48828125,-0.341796875,-1.03759765625,0.1708984375,-1.07421875,-0.20751953125,-0.59814453125,0.0732421875,-0.78125,0.1708984375,-0.20751953125,-0.09765625,-0.72021484375,-0.28076171875,-0.37841796875,-0.4150390625,1.0986328125,-0.244140625,1.220703125,-0.23193359375,0.48828125,-0.25634765625,-0.20751953125,0.09765625,0.72021484375,-0.28076171875,0.7568359375,-0.45166015625,0.42724609375,0.9033203125,0.40283203125,-0.69580078125,0.3173828125,0.45166015625,4.94384765625,0.1220703125,1.69677734375,0.0244140625,0.9033203125,0.03662109375,0.89111328125,0.20751953125,0.20751953125,-0.244140625,0.86669921875,-0.0244140625,0,-0.28076171875,1.2939453125,0.146484375,-0.72021484375,0.08544921875,-0.390625,-0.4638671875,-0.98876953125,0.3662109375,-0.81787109375,0.15869140625,0.52490234375,-0.15869140625,3.7109375,0.15869140625,2.01416015625,0.03662109375,1.45263671875,0.048828125,-0.68359375,-0.30517578125,-0.72021484375,0.0244140625,-0.59814453125,-0.01220703125,-0.10986328125,-0.0244140625,-0.9033203125,0.23193359375,-1.79443359375,0.15869140625,-0.732421875,0.048828125,0.244140625,-0.09765625,0.30517578125,0.09765625,0,-0.09765625,-0.0244140625,0.0244140625,0.1708984375,-0.25634765625,0.28076171875,0.03662109375,1.0498046875,0.0244140625,-0.18310546875,0.03662109375,-0.146484375
1,-0.146484375,-0.4150390625,0,-0.3662109375,0.048828125,-0.146484375,-0.0244140625,-0.08544921875,0.13427734375,0.03662109375,-0.08544921875,-0.89111328125,-0.1953125,1.06201171875,0.20751953125,-0.1220703125,0.2685546875,-0.57373046875,0,-0.10986328125,-0.23193359375,0.87890625,-0.0244140625,-0.5859375,0.146484375,-0.6591796875,0.06103515625,-1.416015625,0.15869140625,0.244140625,-0.244140625,-0.2685546875,-0.2685546875,-0.67138671875,0.15869140625,-0.9521484375,-0.23193359375,-0.48828125,0.0244140625,-0.69580078125,0.10986328125,-0.20751953125,-0.1220703125,-0.732421875,-0.20751953125,-0.390625,-0.40283203125,1.30615234375,-0.244140625,1.35498046875,-0.23193359375,0.5126953125,-0.40283203125,-0.1953125,0.0244140625,0.7080078125,-0.244140625,0.7080078125,-0.37841796875,0.45166015625,0.86669921875,0.35400390625,-0.537109375,0.29296875,0.37841796875,6.23779296875,0.09765625,1.8798828125,-0.0244140625,1.11083984375,0,1.08642578125,0.146484375,0.18310546875,-0.25634765625,0.9033203125,0,-0.01220703125,-0.25634765625,1.2939453125,0.18310546875,-0.67138671875,0.0244140625,-0.37841796875,-0.390625,-1.01318359375,0.35400390625,-0.8056640625,0.2197265625,0.42724609375,-0.0732421875,3.52783203125,0.2197265625,1.85546875,0.048828125,1.33056640625,0.10986328125,-0.67138671875,-0.30517578125,-0.7080078125,0.048828125,-0.62255859375,-0.01220703125,-0.09765625,-0.0732421875,-0.830078125,0.1953125,-1.72119140625,0.13427734375,-0.40283203125,0.08544921875,0.3173828125,-0.08544921875,0.30517578125,0.0732421875,0,-0.08544921875,0,0.048828125,0.1708984375,-0.2197265625,0.439453125,0.09765625,1.123046875,0.06103515625,-0.10986328125,0.09765625,-0.03662109375
1,-0.13427734375,-0.390625,-0.01220703125,-0.3662109375,0.01220703125,-0.1953125,-0.01220703125,-0.08544921875,0.1708984375,0,-0.0732421875,-0.89111328125,-0.2197265625,1.07421875,0.15869140625,-0.146484375,0.2685546875,-0.5859375,-0.048828125,-0.09765625,-0.18310546875,0.87890625,-0.0244140625,-0.59814453125,0.2197265625,-0.4638671875,0.08544921875,-1.13525390625,0.15869140625,0.50048828125,-0.2197265625,-0.0732421875,-0.29296875,-0.29296875,0.146484375,-0.84228515625,-0.23193359375,-0.40283203125,-0.048828125,-0.634765625,0.08544921875,-0.2197265625,-0.20751953125,-0.72021484375,-0.18310546875,-0.37841796875,-0.40283203125,1.4892578125,-0.2197265625,1.47705078125,-0.1708984375,0.52490234375,-0.47607421875,-0.1220703125,-0.048828125,0.732421875,-0.23193359375,0.67138671875,-0.341796875,0.45166015625,0.8056640625,0.3173828125,-0.48828125,0.244140625,0.42724609375,7.36083984375,0.048828125,2.01416015625,-0.048828125,1.25732421875,-0.048828125,1.2451171875,0.06103515625,0.18310546875,-0.25634765625,0.9765625,0.06103515625,-0.03662109375,-0.2197265625,1.30615234375,0.23193359375,-0.68359375,-0.0244140625,-0.35400390625,-0.2685546875,-1.0009765625,0.35400390625,-0.8056640625,0.244140625,0.25634765625,-0.09765625,3.22265625,0.20751953125,1.64794921875,0.0244140625,1.13525390625,0.06103515625,-0.67138671875,-0.2685546875,-0.72021484375,0.0244140625,-0.64697265625,-0.03662109375,-0.0732421875,-0.13427734375,-0.7080078125,0.1220703125,-1.62353515625,0.03662109375,0.01220703125,0.1220703125,0.45166015625,-0.048828125,0.30517578125,0.0732421875,0,-0.0732421875,-0.0244140625,0.048828125,0.146484375,-0.28076171875,0.47607421875,0.048828125,1.13525390625,0,-0.09765625,0.03662109375,-0.0244140625
1,-0.09765625,-0.40283203125,-0.0244140625,-0.390625,-0.0732421875,-0.25634765625,0.0244140625,-0.10986328125,0.18310546875,-0.0244140625,-0.048828125,-0.89111328125,-0.2197265625,1.07421875,0.13427734375,-0.1220703125,0.23193359375,-0.57373046875,-0.08544921875,-0.0732421875,-0.18310546875,0.89111328125,-0.0244140625,-0.59814453125,0.25634765625,-0.32958984375,0.1220703125,-0.87890625,0.09765625,0.72021484375,-0.1953125,0.09765625,-0.244140625,0,0.15869140625,-0.72021484375,-0.1953125,-0.341796875,-0.1220703125,-0.57373046875,0.09765625,-0.244140625,-0.30517578125,-0.74462890625,-0.2197265625,-0.40283203125,-0.40283203125,1.62353515625,-0.2197265625,1.611328125,-0.15869140625,0.50048828125,-0.5615234375,-0.06103515625,-0.1220703125,0.7080078125,-0.23193359375,0.6591796875,-0.29296875,0.4150390625,0.87890625,0.2685546875,-0.3662109375,0.15869140625,0.40283203125,8.21533203125,0.01220703125,2.1484375,-0.08544921875,1.3916015625,-0.06103515625,1.35498046875,-0.01220703125,0.1708984375,-0.244140625,0.93994140625,0.0732421875,-0.0244140625,-0.20751953125,1.28173828125,0.2197265625,-0.64697265625,-0.06103515625,-0.37841796875,-0.1220703125,-0.98876953125,0.3173828125,-0.79345703125,0.2197265625,0.01220703125,-0.13427734375,2.72216796875,0.146484375,1.3916015625,0.0244140625,0.8544921875,0.03662109375,-0.68359375,-0.20751953125,-0.732421875,-0.03662109375,-0.634765625,-0.03662109375,-0.0732421875,-0.146484375,-0.52490234375,0,-1.4404296875,0.03662109375,0.537109375,0.146484375,0.64697265625,-0.03662109375,0.29296875,0.048828125,0.01220703125,-0.08544921875,0,0.06103515625,0.1708984375,-0.32958984375,0.37841796875,0.03662109375,1.11083984375,0,-0.146484375,0.03662109375,-0.0732421875
1,-0.09765625,-0.40283203125,-0.03662109375,-0.3662109375,-0.10986328125,-0.32958984375,0.03662109375,-0.0732421875,0.23193359375,-0.06103515625,-0.03662109375,-0.87890625,-0.244140625,1.07421875,0.1220703125,-0.10986328125,0.18310546875,-0.5615234375,-0.09765625,-0.06103515625,-0.09765625,0.9033203125,-0.06103515625,-0.59814453125,0.244140625,-0.244140625,0.0244140625,-0.74462890625,-0.048828125,0.86669921875,-0.15869140625,0.1708984375,-0.18310546875,0.1708984375,0.13427734375,-0.68359375,-0.2197265625,-0.32958984375,-0.18310546875,-0.57373046875,0.1220703125,-0.25634765625,-0.35400390625,-0.732421875,-0.25634765625,-0.4150390625,-0.52490234375,1.62353515625,-0.2197265625,1.708984375,-0.13427734375,0.50048828125,-0.6103515625,0,-0.23193359375,0.7080078125,-0.29296875,0.634765625,-0.244140625,0.40283203125,0.84228515625,0.25634765625,-0.23193359375,0.10986328125,0.3662109375,8.7646484375,-0.06103515625,2.197265625,-0.146484375,1.47705078125,-0.0244140625,1.416015625,-0.08544921875,0.18310546875,-0.2685546875,0.91552734375,0.06103515625,-0.0244140625,-0.1708984375,1.28173828125,0.1708984375,-0.6591796875,-0.08544921875,-0.3662109375,-0.0732421875,-0.9765625,0.28076171875,-0.78125,0.2197265625,-0.2685546875,-0.146484375,2.06298828125,0.0732421875,1.08642578125,0.03662109375,0.50048828125,-0.0244140625,-0.67138671875,-0.15869140625,-0.74462890625,-0.06103515625,-0.634765625,-0.0244140625,-0.0732421875,-0.18310546875,-0.29296875,-0.10986328125,-1.20849609375,-0.048828125,1.11083984375,0.18310546875,0.9033203125,-0.03662109375,0.32958984375,0.06103515625,-0.0244140625,-0.0732421875,0.01220703125,0.03662109375,0.1220703125,-0.244140625,0.20751953125,0.10986328125,1.0498046875,0.0732421875,-0.244140625,0.048828125,-0.23193359375
1,-0.0732421875,-0.40283203125,-0.03662109375,-0.35400390625,-0.146484375,-0.390625,0.06103515625,-0.08544921875,0.244140625,-0.0732421875,-0.06103515625,-0.9033203125,-0.25634765625,1.07421875,0.13427734375,-0.13427734375,0.1220703125,-0.54931640625,-0.08544921875,-0.03662109375,0,0.91552734375,-0.09765625,-0.5859375,0.28076171875,-0.20751953125,0.048828125,-0.69580078125,-0.13427734375,0.9033203125,-0.09765625,0.18310546875,-0.13427734375,0.1953125,0.0732421875,-0.68359375,-0.244140625,-0.32958984375,-0.20751953125,-0.59814453125,0.146484375,-0.25634765625,-0.4150390625,-0.72021484375,-0.341796875,-0.4150390625,-0.54931640625,1.55029296875,-0.18310546875,1.77001953125,-0.13427734375,0.45166015625,-0.6591796875,0.08544921875,-0.2685546875,0.72021484375,-0.35400390625,0.64697265625,-0.15869140625,0.390625,0.830078125,0.2685546875,-0.23193359375,0.048828125,0.30517578125,8.94775390625,-0.08544921875,2.20947265625,-0.18310546875,1.50146484375,-0.01220703125,1.42822265625,-0.146484375,0.18310546875,-0.30517578125,0.89111328125,0.048828125,-0.03662109375,-0.08544921875,1.26953125,0.1220703125,-0.634765625,-0.10986328125,-0.40283203125,-0.01220703125,-0.96435546875,0.25634765625,-0.78125,0.1708984375,-0.54931640625,-0.18310546875,1.35498046875,-0.01220703125,0.8056640625,0.03662109375,0.15869140625,-0.06103515625,-0.6591796875,-0.146484375,-0.732421875,-0.0732421875,-0.6103515625,-0.01220703125,-0.0732421875,-0.146484375,-0.048828125,-0.28076171875,-0.9765625,-0.10986328125,1.708984375,0.1708984375,1.1474609375,-0.03662109375,0.32958984375,0.0732421875,-0.0244140625,-0.09765625,0.03662109375,0.048828125,0.1220703125,-0.2685546875,-0.048828125,0.0732421875,0.9521484375,0.048828125,-0.341796875,0,-0.40283203125
0,-0.03662109375,-0.42724609375,-0.01220703125,-0.3662109375,-0.2197265625,-0.47607421875,0.08544921875,-0.08544921875,0.28076171875,-0.08544921875,-0.08544921875,-0.89111328125,-0.25634765625,1.07421875,0.13427734375,-0.13427734375,0.10986328125,-0.57373046875,-0.048828125,-0.048828125,0.08544921875,0.927734375,-0.1220703125,-0.59814453125,0.1220703125,-0.2685546875,-0.08544921875,-0.76904296875,-0.341796875,0.86669921875,-0.1220703125,0.10986328125,-0.0732421875,0.048828125,0.06103515625,-0.72021484375,-0.23193359375,-0.341796875,-0.1708984375,-0.64697265625,0.1708984375,-0.25634765625,-0.42724609375,-0.69580078125,-0.4150390625,-0.439453125,-0.537109375,1.3671875,-0.10986328125,1.806640625,-0.10986328125,0.45166015625,-0.74462890625,0.1708984375,-0.30517578125,0.72021484375,-0.32958984375,0.67138671875,-0.06103515625,0.37841796875,0.8056640625,0.3173828125,-0.1953125,0.03662109375,0.28076171875,8.837890625,-0.10986328125,2.18505859375,-0.1953125,1.46484375,0.0244140625,1.3916015625,-0.1953125,0.1953125,-0.32958984375,0.87890625,0.06103515625,-0.0244140625,-0.01220703125,1.2451171875,0.0732421875,-0.6591796875,-0.08544921875,-0.390625,-0.048828125,-0.98876953125,0.2197265625,-0.79345703125,0.13427734375,-0.8056640625,-0.13427734375,0.67138671875,-0.03662109375,0.537109375,0.09765625,-0.18310546875,-0.08544921875,-0.6591796875,-0.09765625,-0.732421875,-0.08544921875,-0.59814453125,-0.03662109375,-0.09765625,-0.09765625,0.18310546875,-0.37841796875,-0.732421875,-0.0244140625,2.25830078125,0.15869140625,1.416015625,-0.06103515625,0.3173828125,0.09765625,-0.0244140625,-0.0732421875,0.048828125,0.0244140625,0.146484375,-0.30517578125,-0.23193359375,0.06103515625,0.89111328125,0.0732421875,-0.40283203125,0.01220703125,-0.50048828125
0,-0.0244140625,-0.390625,-0.03662109375,-0.35400390625,-0.2197265625,-0.48828125,0.10986328125,-0.08544921875,0.3173828125,-0.0732421875,-0.08544921875,-0.89111328125,-0.244140625,1.08642578125,0.10986328125,-0.146484375,0.06103515625,-0.5615234375,0.0244140625,-0.06103515625,0.1708984375,0.927734375,-0.10986328125,-0.62255859375,0.06103515625,-0.3662109375,-0.1220703125,-0.93994140625,-0.40283203125,0.79345703125,-0.10986328125,0.01220703125,-0.1220703125,-0.146484375,0.0732421875,-0.8056640625,-0.2685546875,-0.42724609375,-0.20751953125,-0.68359375,0.1220703125,-0.25634765625,-0.4150390625,-0.68359375,-0.439453125,-0.4638671875,-0.6103515625,1.1474609375,0.03662109375,1.806640625,-0.09765625,0.42724609375,-0.7568359375,0.23193359375,-0.37841796875,0.7080078125,-0.4150390625,0.67138671875,-0.0244140625,0.341796875,0.7568359375,0.42724609375,-0.25634765625,0.0244140625,0.2685546875,8.45947265625,-0.146484375,2.11181640625,-0.1708984375,1.35498046875,0.0244140625,1.2939453125,-0.2197265625,0.20751953125,-0.32958984375,0.8544921875,0.09765625,-0.01220703125,0.048828125,1.25732421875,0.06103515625,-0.68359375,-0.08544921875,-0.40283203125,0,-0.96435546875,0.244140625,-0.79345703125,0.13427734375,-0.98876953125,-0.08544921875,0.1708984375,-0.048828125,0.3662109375,0.1220703125,-0.4150390625,-0.1220703125,-0.6591796875,-0.06103515625,-0.732421875,-0.06103515625,-0.59814453125,-0.06103515625,-0.0732421875,-0.08544921875,0.40283203125,-0.4150390625,-0.537109375,0,2.69775390625,0.1220703125,1.6357421875,-0.08544921875,0.3173828125,0.1220703125,-0.03662109375,-0.0732421875,0.03662109375,0,0.146484375,-0.244140625,-0.341796875,0.10986328125,0.87890625,0.08544921875,-0.40283203125,0.06103515625,-0.537109375
0,0,-0.390625,-0.03662109375,-0.37841796875,-0.2685546875,-0.52490234375,0.09765625,-0.0732421875,0.30517578125,-0.048828125,-0.10986328125,-0.89111328125,-0.2197265625,1.07421875,0.09765625,-0.18310546875,-0.01220703125,-0.54931640625,0.08544921875,-0.08544921875,0.20751953125,0.89111328125,-0.048828125,-0.62255859375,0.03662109375,-0.439453125,-0.0244140625,-1.11083984375,-0.341796875,0.6591796875,-0.0732421875,-0.09765625,-0.13427734375,-0.4150390625,0.10986328125,-0.89111328125,-0.25634765625,-0.47607421875,-0.1708984375,-0.7080078125,0.146484375,-0.23193359375,-0.4150390625,-0.69580078125,-0.48828125,-0.47607421875,-0.6103515625,0.91552734375,0.1708984375,1.806640625,-0.048828125,0.4150390625,-0.7568359375,0.23193359375,-0.37841796875,0.72021484375,-0.35400390625,0.6591796875,-0.0244140625,0.341796875,0.76904296875,0.537109375,-0.2685546875,0.03662109375,0.23193359375,7.861328125,-0.15869140625,2.01416015625,-0.1220703125,1.220703125,-0.01220703125,1.18408203125,-0.25634765625,0.20751953125,-0.28076171875,0.86669921875,0.1708984375,-0.0244140625,0.09765625,1.25732421875,0.0732421875,-0.74462890625,-0.06103515625,-0.4150390625,0,-0.96435546875,0.23193359375,-0.8056640625,0.0244140625,-1.025390625,-0.1220703125,-0.0244140625,-0.06103515625,0.341796875,0.10986328125,-0.439453125,-0.1220703125,-0.67138671875,-0.03662109375,-0.7080078125,-0.0244140625,-0.6103515625,-0.048828125,-0.08544921875,-0.01220703125,0.52490234375,-0.390625,-0.390625,-0.03662109375,3.03955078125,0.10986328125,1.7822265625,-0.1220703125,0.3173828125,0.13427734375,-0.0244140625,-0.06103515625,0.06103515625,-0.01220703125,0.146484375,-0.29296875,-0.3173828125,0.048828125,0.927734375,0.06103515625,-0.30517578125,0.03662109375,-0.4638671875
0,0,-0.3662109375,-0.03662109375,-0.37841796875,-0.35400390625,-0.537109375,0.10986328125,-0.08544921875,0.29296875,-0.01220703125,-0.10986328125,-0.9033203125,-0.20751953125,1.08642578125,0.09765625,-0.1708984375,-0.01220703125,-0.5615234375,0.146484375,-0.1220703125,0.25634765625,0.87890625,0.01220703125,-0.62255859375,-0.1220703125,-0.52490234375,-0.09765625,-1.2939453125,-0.32958984375,0.537109375,-0.20751953125,-0.18310546875,-0.13427734375,-0.6103515625,0.2197265625,-0.93994140625,-0.25634765625,-0.50048828125,-0.1220703125,-0.7080078125,0.13427734375,-0.20751953125,-0.40283203125,-0.67138671875,-0.47607421875,-0.45166015625,-0.67138671875,0.72021484375,0.25634765625,1.7822265625,-0.08544921875,0.4150390625,-0.7080078125,0.18310546875,-0.40283203125,0.7080078125,-0.3173828125,0.62255859375,0,0.29296875,0.74462890625,0.7080078125,-0.2685546875,0.0732421875,0.1708984375,7.080078125,-0.20751953125,1.8798828125,-0.08544921875,1.08642578125,-0.03662109375,1.0498046875,-0.23193359375,0.1953125,-0.25634765625,0.87890625,0.1953125,-0.03662109375,0.03662109375,1.25732421875,0.10986328125,-0.78125,-0.03662109375,-0.42724609375,-0.06103515625,-0.9765625,0.2685546875,-0.8056640625,-0.048828125,-0.927734375,0.0244140625,0.13427734375,0.01220703125,0.48828125,0.09765625,-0.29296875,-0.13427734375,-0.67138671875,0,-0.69580078125,0.0244140625,-0.57373046875,-0.09765625,-0.09765625,-0.0244140625,0.62255859375,-0.390625,-0.3173828125,-0.0244140625,3.1982421875,0.08544921875,1.86767578125,-0.15869140625,0.341796875,0.1708984375,-0.0244140625,-0.0732421875,0.03662109375,-0.0244140625,0.15869140625,-0.28076171875,-0.1708984375,0.048828125,1.03759765625,0.048828125,-0.18310546875,0.0732421875,-0.2685546875
0,0.0244140625,-0.37841796875,-0.048828125,-0.37841796875,-0.40283203125,-0.50048828125,0.10986328125,-0.0732421875,0.35400390625,0,-0.10986328125,-0.91552734375,-0.20751953125,1.06201171875,0.09765625,-0.1953125,0,-0.57373046875,0.1708984375,-0.13427734375,0.2685546875,0.86669921875,0.09765625,-0.59814453125,-0.1708984375,-0.537109375,-0.15869140625,-1.37939453125,-0.2197265625,0.50048828125,-0.23193359375,-0.1953125,-0.1953125,-0.732421875,0.244140625,-0.96435546875,-0.244140625,-0.4638671875,-0.10986328125,-0.69580078125,0.146484375,-0.1953125,-0.37841796875,-0.68359375,-0.52490234375,-0.42724609375,-0.634765625,0.634765625,0.37841796875,1.7578125,-0.10986328125,0.4150390625,-0.634765625,0.10986328125,-0.42724609375,0.72021484375,-0.244140625,0.5859375,-0.03662109375,0.29296875,0.72021484375,0.81787109375,-0.30517578125,0.13427734375,0.08544921875,6.1767578125,-0.23193359375,1.74560546875,-0.03662109375,0.89111328125,-0.0732421875,0.91552734375,-0.20751953125,0.20751953125,-0.20751953125,0.86669921875,0.23193359375,-0.03662109375,-0.048828125,1.26953125,0.1220703125,-0.84228515625,-0.01220703125,-0.42724609375,-0.06103515625,-0.9765625,0.244140625,-0.79345703125,-0.09765625,-0.634765625,0.13427734375,0.7568359375,0.09765625,0.81787109375,0.048828125,0.048828125,-0.13427734375,-0.67138671875,0.01220703125,-0.69580078125,0.13427734375,-0.59814453125,-0.08544921875,-0.10986328125,-0.01220703125,0.59814453125,-0.29296875,-0.3173828125,-0.09765625,3.22265625,0.048828125,1.8798828125,-0.18310546875,0.32958984375,0.1708984375,-0.03662109375,-0.08544921875,0,-0.0244140625,0.1708984375,-0.23193359375,0.10986328125,0.09765625,1.20849609375,0.03662109375,-0.01220703125,0.09765625,0.0244140625
0,0.048828125,-0.37841796875,-0.03662109375,-0.390625,-0.42724609375,-0.5126953125,0.10986328125,-0.08544921875,0.4150390625,0.0244140625,-0.08544921875,-0.927734375,-0.18310546875,1.07421875,0.146484375,-0.18310546875,0.01220703125,-0.5859375,0.1708984375,-0.146484375,0.2685546875,0.84228515625,0.20751953125,-0.6103515625,-0.09765625,-0.47607421875,-0.0732421875,-1.37939453125,-0.0732421875,0.5615234375,-0.30517578125,-0.09765625,-0.2197265625,-0.7080078125,0.2685546875,-0.91552734375,-0.20751953125,-0.37841796875,-0.06103515625,-0.634765625,0.18310546875,-0.146484375,-0.32958984375,-0.68359375,-0.48828125,-0.40283203125,-0.6591796875,0.59814453125,0.439453125,1.7333984375,-0.1220703125,0.4150390625,-0.52490234375,-0.01220703125,-0.4150390625,0.7080078125,-0.15869140625,0.57373046875,-0.03662109375,0.30517578125,0.6591796875,0.91552734375,-0.28076171875,0.146484375,0.01220703125,5.224609375,-0.2685546875,1.5869140625,-0.01220703125,0.732421875,-0.13427734375,0.7568359375,-0.244140625,0.20751953125,-0.1708984375,0.89111328125,0.2685546875,-0.048828125,-0.06103515625,1.2939453125,0.1220703125,-0.86669921875,0.01220703125,-0.42724609375,-0.13427734375,-0.9765625,0.2197265625,-0.81787109375,-0.13427734375,-0.15869140625,0.18310546875,1.77001953125,0.146484375,1.318359375,-0.01220703125,0.6103515625,-0.13427734375,-0.62255859375,0.03662109375,-0.67138671875,0.146484375,-0.59814453125,-0.09765625,-0.09765625,-0.01220703125,0.54931640625,-0.20751953125,-0.37841796875,-0.0244140625,3.1005859375,0.06103515625,1.806640625,-0.1953125,0.32958984375,0.1953125,-0.03662109375,-0.09765625,-0.0244140625,-0.01220703125,0.18310546875,-0.2685546875,0.50048828125,0.03662109375,1.416015625,0,0.20751953125,0.0732421875,0.341796875
0,0.048828125,-0.390625,-0.03662109375,-0.40283203125,-0.439453125,-0.4638671875,0.10986328125,-0.08544921875,0.439453125,0.048828125,-0.0732421875,-0.91552734375,-0.146484375,1.06201171875,0.15869140625,-0.1708984375,0.06103515625,-0.5615234375,0.1708984375,-0.13427734375,0.25634765625,0.8544921875,0.25634765625,-0.6103515625,-0.08544921875,-0.35400390625,-0.146484375,-1.2451171875,-0.0244140625,0.732421875,-0.390625,0.10986328125,-0.20751953125,-0.6103515625,0.3173828125,-0.830078125,-0.1708984375,-0.3173828125,0.0244140625,-0.54931640625,0.2197265625,-0.13427734375,-0.341796875,-0.69580078125,-0.5126953125,-0.390625,-0.6591796875,0.69580078125,0.45166015625,1.6845703125,-0.0732421875,0.42724609375,-0.40283203125,-0.1220703125,-0.4150390625,0.69580078125,-0.146484375,0.54931640625,-0.09765625,0.3173828125,0.5126953125,0.96435546875,-0.25634765625,0.18310546875,-0.06103515625,4.2724609375,-0.30517578125,1.4404296875,-0.0244140625,0.59814453125,-0.13427734375,0.59814453125,-0.30517578125,0.2197265625,-0.10986328125,0.9033203125,0.2685546875,-0.06103515625,-0.13427734375,1.30615234375,0.10986328125,-0.89111328125,0.01220703125,-0.4150390625,-0.20751953125,-0.96435546875,0.18310546875,-0.8056640625,-0.1220703125,0.42724609375,0.244140625,3.13720703125,0.1953125,1.904296875,-0.0244140625,1.3427734375,-0.09765625,-0.62255859375,0.03662109375,-0.68359375,0.1708984375,-0.6103515625,-0.0732421875,-0.09765625,-0.0732421875,0.439453125,-0.09765625,-0.47607421875,-0.0244140625,2.8564453125,0.03662109375,1.6845703125,-0.1953125,0.32958984375,0.1708984375,-0.03662109375,-0.08544921875,-0.048828125,-0.03662109375,0.18310546875,-0.28076171875,0.830078125,0.048828125,1.59912109375,0.0244140625,0.4150390625,0.09765625,0.68359375
0,0.0732421875,-0.4150390625,-0.048828125,-0.390625,-0.439453125,-0.4150390625,0.13427734375,-0.0732421875,0.4638671875,0.03662109375,-0.048828125,-0.91552734375,-0.13427734375,1.06201171875,0.13427734375,-0.146484375,0.10986328125,-0.54931640625,0.18310546875,-0.1220703125,0.28076171875,0.8544921875,0.2685546875,-0.59814453125,0.048828125,-0.1220703125,-0.13427734375,-0.98876953125,0.048828125,0.98876953125,-0.32958984375,0.35400390625,-0.23193359375,-0.37841796875,0.32958984375,-0.72021484375,-0.1708984375,-0.244140625,0.0244140625,-0.4638671875,0.20751953125,-0.1708984375,-0.37841796875,-0.7080078125,-0.48828125,-0.37841796875,-0.54931640625,0.8056640625,0.4638671875,1.611328125,-0.1220703125,0.439453125,-0.341796875,-0.23193359375,-0.37841796875,0.68359375,-0.06103515625,0.537109375,-0.13427734375,0.341796875,0.37841796875,0.93994140625,-0.23193359375,0.1708984375,-0.146484375,3.369140625,-0.28076171875,1.28173828125,-0.048828125,0.47607421875,-0.10986328125,0.47607421875,-0.32958984375,0.23193359375,-0.048828125,0.927734375,0.23193359375,-0.08544921875,-0.15869140625,1.318359375,0.146484375,-0.89111328125,0.01220703125,-0.4150390625,-0.29296875,-0.98876953125,0.13427734375,-0.8056640625,-0.01220703125,1.11083984375,0.244140625,4.65087890625,0.28076171875,2.62451171875,0.01220703125,2.1484375,-0.03662109375,-0.59814453125,0.0244140625,-0.67138671875,0.1220703125,-0.62255859375,-0.06103515625,-0.09765625,-0.10986328125,0.28076171875,0.0244140625,-0.57373046875,-0.13427734375,2.5634765625,0.0244140625,1.52587890625,-0.1953125,0.341796875,0.18310546875,-0.03662109375,-0.0732421875,-0.08544921875,-0.03662109375,0.1708984375,-0.28076171875,1.1474609375,0.0244140625,1.74560546875,0.03662109375,0.537109375,0.08544921875,0.93994140625
0,0.0732421875,-0.4150390625,-0.048828125,-0.390625,-0.439453125,-0.40283203125,0.1220703125,-0.0732421875,0.48828125,0.0244140625,-0.06103515625,-0.9033203125,-0.09765625,1.07421875,0.1220703125,-0.13427734375,0.13427734375,-0.54931640625,0.18310546875,-0.1220703125,0.25634765625,0.8544921875,0.23193359375,-0.5859375,0.1708984375,0.13427734375,-0.10986328125,-0.68359375,0.048828125,1.33056640625,-0.25634765625,0.6591796875,-0.15869140625,-0.10986328125,0.3662109375,-0.59814453125,-0.10986328125,-0.18310546875,0,-0.3662109375,0.2197265625,-0.1953125,-0.45166015625,-0.72021484375,-0.4638671875,-0.35400390625,-0.537109375,0.927734375,0.4150390625,1.5625,-0.18310546875,0.439453125,-0.2685546875,-0.32958984375,-0.3173828125,0.69580078125,-0.03662109375,0.54931640625,-0.15869140625,0.35400390625,0.3173828125,0.8544921875,-0.13427734375,0.1953125,-0.18310546875,2.490234375,-0.1708984375,1.1474609375,-0.06103515625,0.3662109375,-0.09765625,0.35400390625,-0.35400390625,0.23193359375,-0.0244140625,0.91552734375,0.1953125,-0.09765625,-0.146484375,1.30615234375,0.18310546875,-0.91552734375,-0.01220703125,-0.40283203125,-0.40283203125,-0.98876953125,0.10986328125,-0.8056640625,0.06103515625,1.79443359375,0.10986328125,6.18896484375,0.28076171875,3.33251953125,0.06103515625,2.978515625,0.0244140625,-0.6103515625,-0.0244140625,-0.68359375,0.08544921875,-0.634765625,0,-0.08544921875,-0.20751953125,0.15869140625,0.10986328125,-0.68359375,-0.1953125,2.294921875,0.03662109375,1.40380859375,-0.1708984375,0.341796875,0.146484375,-0.01220703125,-0.08544921875,-0.09765625,-0.03662109375,0.1708984375,-0.25634765625,1.318359375,0.0244140625,1.806640625,0.06103515625,0.59814453125,0.08544921875,1.11083984375
0,0.08544921875,-0.42724609375,-0.048828125,-0.390625,-0.439453125,-0.390625,0.146484375,-0.09765625,0.4638671875,-0.01220703125,-0.06103515625,-0.89111328125,-0.09765625,1.07421875,0.06103515625,-0.1220703125,0.13427734375,-0.57373046875,0.1953125,-0.09765625,0.23193359375,0.8544921875,0.13427734375,-0.59814453125,0.20751953125,0.37841796875,-0.1708984375,-0.3662109375,0.01220703125,1.67236328125,-0.146484375,0.96435546875,-0.08544921875,0.146484375,0.37841796875,-0.47607421875,-0.0732421875,-0.10986328125,-0.03662109375,-0.29296875,0.15869140625,-0.2197265625,-0.50048828125,-0.7080078125,-0.45166015625,-0.341796875,-0.52490234375,1.06201171875,0.35400390625,1.42822265625,-0.1953125,0.439453125,-0.2197265625,-0.3662109375,-0.30517578125,0.69580078125,-0.03662109375,0.6103515625,-0.1953125,0.37841796875,0.29296875,0.732421875,-0.244140625,0.18310546875,-0.23193359375,1.72119140625,-0.1220703125,1.0498046875,-0.0732421875,0.2685546875,-0.03662109375,0.2685546875,-0.32958984375,0.2197265625,0.01220703125,0.89111328125,0.15869140625,-0.10986328125,-0.1953125,1.30615234375,0.1708984375,-0.89111328125,-0.01220703125,-0.390625,-0.4638671875,-1.0009765625,0.1220703125,-0.81787109375,0.10986328125,2.40478515625,0.09765625,7.5927734375,0.23193359375,3.99169921875,0.0732421875,3.72314453125,0.06103515625,-0.59814453125,0,-0.69580078125,0.03662109375,-0.64697265625,0.03662109375,-0.08544921875,-0.25634765625,0.01220703125,0.1953125,-0.78125,-0.25634765625,2.03857421875,0.0732421875,1.2939453125,-0.20751953125,0.35400390625,0.1220703125,-0.01220703125,-0.08544921875,-0.09765625,-0.08544921875,0.18310546875,-0.25634765625,1.3427734375,0.03662109375,1.7822265625,0.0732421875,0.57373046875,0.0732421875,1.123046875
0,0.0732421875,-0.4150390625,-0.048828125,-0.4150390625,-0.439453125,-0.390625,0.15869140625,-0.08544921875,0.45166015625,-0.048828125,-0.03662109375,-0.9033203125,-0.08544921875,1.07421875,0.0732421875,-0.13427734375,0.10986328125,-0.57373046875,0.18310546875,-0.08544921875,0.18310546875,0.89111328125,0.0732421875,-0.6103515625,0.29296875,0.59814453125,-0.146484375,-0.08544921875,0,2.001953125,-0.0244140625,1.20849609375,0.01220703125,0.37841796875,0.42724609375,-0.4150390625,-0.03662109375,-0.048828125,-0.1708984375,-0.244140625,0.15869140625,-0.244140625,-0.48828125,-0.732421875,-0.439453125,-0.341796875,-0.537109375,1.0986328125,0.29296875,1.30615234375,-0.244140625,0.45166015625,-0.15869140625,-0.390625,-0.28076171875,0.7080078125,-0.048828125,0.64697265625,-0.1953125,0.37841796875,0.20751953125,0.5859375,-0.42724609375,0.18310546875,-0.2685546875,1.06201171875,-0.08544921875,0.98876953125,-0.13427734375,0.244140625,0.01220703125,0.1953125,-0.2197265625,0.20751953125,0.03662109375,0.8544921875,0.06103515625,-0.08544921875,-0.2197265625,1.28173828125,0.146484375,-0.87890625,-0.01220703125,-0.390625,-0.57373046875,-1.01318359375,0.13427734375,-0.81787109375,0.244140625,2.83203125,0.03662109375,8.65478515625,0.25634765625,4.5166015625,0.15869140625,4.3212890625,0.09765625,-0.62255859375,-0.0244140625,-0.72021484375,-0.06103515625,-0.634765625,0.06103515625,-0.08544921875,-0.25634765625,-0.03662109375,0.2197265625,-0.84228515625,-0.30517578125,1.85546875,0.1220703125,1.220703125,-0.23193359375,0.3662109375,0.10986328125,-0.0244140625,-0.09765625,-0.08544921875,-0.09765625,0.1708984375,-0.2685546875,1.220703125,0.0244140625,1.69677734375,0.08544921875,0.48828125,0.0732421875,1.025390625
0,0.0732421875,-0.4150390625,-0.03662109375,-0.4150390625,-0.4150390625,-0.40283203125,0.15869140625,-0.10986328125,0.47607421875,-0.0732421875,-0.01220703125,-0.89111328125,-0.09765625,1.08642578125,0.08544921875,-0.146484375,0.06103515625,-0.5859375,0.146484375,-0.08544921875,0.08544921875,0.9033203125,-0.01220703125,-0.59814453125,0.32958984375,0.76904296875,-0.1220703125,0.10986328125,0.01220703125,2.23388671875,0.06103515625,1.37939453125,0.10986328125,0.439453125,0.390625,-0.40283203125,-0.01220703125,-0.03662109375,-0.244140625,-0.20751953125,0.146484375,-0.244140625,-0.47607421875,-0.7080078125,-0.390625,-0.37841796875,-0.52490234375,1.07421875,0.23193359375,1.220703125,-0.2197265625,0.4638671875,-0.0732421875,-0.3662109375,-0.23193359375,0.7080078125,-0.06103515625,0.69580078125,-0.20751953125,0.37841796875,0.30517578125,0.439453125,-0.4150390625,0.20751953125,-0.3173828125,0.537109375,0.01220703125,0.93994140625,-0.13427734375,0.20751953125,0.08544921875,0.146484375,-0.09765625,0.23193359375,0.03662109375,0.8544921875,-0.0244140625,-0.0732421875,-0.1953125,1.25732421875,0.13427734375,-0.84228515625,-0.06103515625,-0.40283203125,-0.59814453125,-1.03759765625,0.1953125,-0.84228515625,0.30517578125,3.076171875,-0.0732421875,9.31396484375,0.2685546875,4.82177734375,0.2197265625,4.67529296875,0.08544921875,-0.64697265625,0,-0.72021484375,-0.1220703125,-0.62255859375,0.06103515625,-0.0732421875,-0.2685546875,-0.08544921875,0.08544921875,-0.86669921875,-0.29296875,1.7578125,0.15869140625,1.1962890625,-0.244140625,0.3662109375,0.08544921875,-0.0244140625,-0.08544921875,-0.0732421875,-0.08544921875,0.15869140625,-0.244140625,0.96435546875,0.048828125,1.57470703125,0.09765625,0.341796875,0.06103515625,0.81787109375
0,0.06103515625,-0.390625,-0.0244140625,-0.40283203125,-0.37841796875,-0.4150390625,0.18310546875,-0.10986328125,0.47607421875,-0.0732421875,-0.01220703125,-0.91552734375,-0.1220703125,1.07421875,0.03662109375,-0.15869140625,0.03662109375,-0.59814453125,0.1220703125,-0.08544921875,-0.048828125,0.9033203125,-0.048828125,-0.6103515625,0.35400390625,0.830078125,-0.10986328125,0.1708984375,0.03662109375,2.35595703125,0.0732421875,1.4404296875,0.1220703125,0.42724609375,0.35400390625,-0.439453125,-0.048828125,-0.03662109375,-0.244140625,-0.18310546875,0.18310546875,-0.2685546875,-0.47607421875,-0.7080078125,-0.37841796875,-0.3662109375,-0.45166015625,0.9521484375,0.1708984375,1.13525390625,-0.18310546875,0.439453125,-0.0732421875,-0.3173828125,-0.1708984375,0.72021484375,-0.0732421875,0.732421875,-0.244140625,0.390625,0.28076171875,0.3173828125,-0.54931640625,0.18310546875,-0.3662109375,0.146484375,0.0732421875,0.93994140625,-0.146484375,0.1953125,0.13427734375,0.1220703125,0.01220703125,0.25634765625,-0.03662109375,0.8056640625,-0.15869140625,-0.03662109375,-0.1953125,1.26953125,0.09765625,-0.81787109375,-0.09765625,-0.42724609375,-0.5859375,-1.0498046875,0.20751953125,-0.81787109375,0.30517578125,3.13720703125,-0.1220703125,9.5458984375,0.25634765625,4.94384765625,0.2197265625,4.79736328125,0.048828125,-0.6591796875,0.06103515625,-0.732421875,-0.1708984375,-0.6103515625,0.03662109375,-0.0732421875,-0.2197265625,-0.06103515625,0,-0.86669921875,-0.2685546875,1.7578125,0.2197265625,1.20849609375,-0.244140625,0.35400390625,0.06103515625,-0.0244140625,-0.08544921875,-0.0732421875,-0.1220703125,0.18310546875,-0.23193359375,0.68359375,0.03662109375,1.42822265625,0.09765625,0.1220703125,0.048828125,0.57373046875
1,0.048828125,-0.390625,-0.01220703125,-0.390625,-0.37841796875,-0.439453125,0.1708984375,-0.09765625,0.5126953125,-0.06103515625,0.01220703125,-0.9033203125,-0.13427734375,1.0986328125,0.03662109375,-0.1708984375,0,-0.59814453125,0.1220703125,-0.09765625,-0.1220703125,0.87890625,-0.0732421875,-0.634765625,0.2685546875,0.81787109375,-0.09765625,0.09765625,0.0732421875,2.35595703125,-0.01220703125,1.40380859375,0.08544921875,0.2685546875,0.25634765625,-0.52490234375,-0.06103515625,-0.0732421875,-0.2197265625,-0.23193359375,0.18310546875,-0.25634765625,-0.45166015625,-0.68359375,-0.32958984375,-0.40283203125,-0.537109375,0.8056640625,0.08544921875,1.06201171875,-0.1220703125,0.40283203125,-0.03662109375,-0.28076171875,-0.09765625,0.732421875,-0.0732421875,0.74462890625,-0.25634765625,0.3662109375,0.2685546875,0.244140625,-0.5615234375,0.1953125,-0.40283203125,-0.146484375,0.1708984375,0.91552734375,-0.10986328125,0.15869140625,0.1708984375,0.13427734375,0.1220703125,0.244140625,-0.048828125,0.76904296875,-0.23193359375,-0.0244140625,-0.146484375,1.25732421875,0.1220703125,-0.830078125,-0.10986328125,-0.4150390625,-0.5615234375,-1.025390625,0.23193359375,-0.81787109375,0.2685546875,3.02734375,-0.1220703125,9.31396484375,0.28076171875,4.87060546875,0.2197265625,4.67529296875,-0.0244140625,-0.67138671875,0.09765625,-0.7080078125,-0.20751953125,-0.5859375,-0.0244140625,-0.08544921875,-0.18310546875,-0.0244140625,-0.09765625,-0.830078125,-0.2685546875,1.79443359375,0.244140625,1.220703125,-0.25634765625,0.35400390625,0.06103515625,-0.0244140625,-0.0732421875,-0.048828125,-0.1220703125,0.1708984375,-0.18310546875,0.40283203125,0.048828125,1.30615234375,0.08544921875,-0.0244140625,0.048828125,0.32958984375
1,0.0244140625,-0.390625,-0.0244140625,-0.37841796875,-0.35400390625,-0.4638671875,0.15869140625,-0.0732421875,0.4638671875,-0.01220703125,0.0244140625,-0.9033203125,-0.13427734375,1.07421875,0.0244140625,-0.1708984375,-0.03662109375,-0.59814453125,0.1220703125,-0.1220703125,-0.2197265625,0.87890625,-0.03662109375,-0.62255859375,0.18310546875,0.72021484375,-0.10986328125,-0.09765625,0.08544921875,2.23388671875,-0.13427734375,1.2939453125,0.01220703125,0.03662109375,0.1220703125,-0.634765625,-0.08544921875,-0.10986328125,-0.244140625,-0.23193359375,0.146484375,-0.2197265625,-0.42724609375,-0.7080078125,-0.30517578125,-0.37841796875,-0.54931640625,0.64697265625,0.048828125,1.06201171875,-0.0732421875,0.390625,0.0244140625,-0.2197265625,-0.0732421875,0.7080078125,-0.1220703125,0.72021484375,-0.23193359375,0.35400390625,0.1953125,0.244140625,-0.634765625,0.2197265625,-0.45166015625,-0.30517578125,0.23193359375,0.927734375,-0.0732421875,0.13427734375,0.1708984375,0.1220703125,0.13427734375,0.23193359375,-0.09765625,0.7568359375,-0.2685546875,-0.01220703125,-0.10986328125,1.2939453125,0.13427734375,-0.8544921875,-0.1220703125,-0.42724609375,-0.439453125,-1.025390625,0.1953125,-0.8056640625,0.1708984375,2.72216796875,-0.1220703125,8.75244140625,0.23193359375,4.55322265625,0.15869140625,4.35791015625,-0.1220703125,-0.68359375,0.1708984375,-0.72021484375,-0.244140625,-0.5859375,-0.06103515625,-0.06103515625,-0.18310546875,0.048828125,-0.23193359375,-0.79345703125,-0.23193359375,1.85546875,0.25634765625,1.28173828125,-0.25634765625,0.3662109375,0.048828125,-0.01220703125,-0.0732421875,-0.0244140625,-0.1220703125,0.1953125,-0.1220703125,0.1708984375,0.048828125,1.23291015625,0.06103515625,-0.13427734375,0.03662109375,0.146484375
1,0.03662109375,-0.390625,0,-0.37841796875,-0.35400390625,-0.47607421875,0.1708984375,-0.08544921875,0.45166015625,0.048828125,0.03662109375,-0.9033203125,-0.146484375,1.08642578125,-0.03662109375,-0.15869140625,-0.06103515625,-0.59814453125,0.10986328125,-0.1220703125,-0.28076171875,0.87890625,0.03662109375,-0.6103515625,0.048828125,0.54931640625,-0.1220703125,-0.3662109375,0.048828125,2.03857421875,-0.244140625,1.123046875,-0.048828125,-0.2197265625,0.0732421875,-0.732421875,-0.10986328125,-0.1708984375,-0.30517578125,-0.23193359375,0.048828125,-0.20751953125,-0.4150390625,-0.7080078125,-0.29296875,-0.390625,-0.6103515625,0.50048828125,0.048828125,1.07421875,-0.0244140625,0.3662109375,0.0244140625,-0.15869140625,-0.048828125,0.69580078125,-0.1220703125,0.64697265625,-0.2197265625,0.32958984375,0.23193359375,0.2685546875,-0.5615234375,0.2685546875,-0.5126953125,-0.40283203125,0.29296875,0.91552734375,-0.01220703125,0.10986328125,0.18310546875,0.13427734375,0.146484375,0.244140625,-0.1220703125,0.7568359375,-0.2197265625,-0.01220703125,-0.09765625,1.2939453125,0.10986328125,-0.87890625,-0.10986328125,-0.40283203125,-0.30517578125,-0.98876953125,0.15869140625,-0.79345703125,0.01220703125,2.3193359375,-0.09765625,7.87353515625,0.15869140625,4.13818359375,0.09765625,3.857421875,-0.1708984375,-0.68359375,0.2197265625,-0.69580078125,-0.23193359375,-0.57373046875,-0.06103515625,-0.06103515625,-0.15869140625,0.08544921875,-0.3173828125,-0.78125,-0.2197265625,1.904296875,0.25634765625,1.2939453125,-0.2197265625,0.3662109375,0.01220703125,0,-0.0732421875,0,-0.10986328125,0.1953125,-0.18310546875,0.03662109375,0.03662109375,1.18408203125,0.06103515625,-0.18310546875,0.03662109375,0.03662109375
1,0.0244140625,-0.390625,-0.0244140625,-0.390625,-0.3662109375,-0.4638671875,0.1953125,-0.0732421875,0.48828125,0.10986328125,0.03662109375,-0.89111328125,-0.146484375,1.07421875,-0.0244140625,-0.1708984375,-0.09765625,-0.59814453125,0.10986328125,-0.146484375,-0.30517578125,0.87890625,0.06103515625,-0.6103515625,-0.06103515625,0.3662109375,-0.15869140625,-0.634765625,-0.0244140625,1.79443359375,-0.3173828125,0.9033203125,0.03662109375,-0.439453125,-0.03662109375,-0.81787109375,-0.08544921875,-0.2197265625,-0.29296875,-0.25634765625,0.03662109375,-0.1708984375,-0.37841796875,-0.69580078125,-0.35400390625,-0.40283203125,-0.67138671875,0.42724609375,0.03662109375,1.11083984375,0.0244140625,0.37841796875,0.0732421875,-0.13427734375,-0.0732421875,0.68359375,-0.146484375,0.5859375,-0.20751953125,0.32958984375,0.1953125,0.35400390625,-0.52490234375,0.390625,-0.50048828125,-0.4150390625,0.341796875,0.9521484375,0.0732421875,0.1220703125,0.13427734375,0.1220703125,0.146484375,0.23193359375,-0.15869140625,0.79345703125,-0.1708984375,0.01220703125,-0.1220703125,1.30615234375,0.0732421875,-0.93994140625,-0.08544921875,-0.40283203125,-0.1953125,-0.98876953125,0.0732421875,-0.78125,-0.09765625,1.84326171875,-0.13427734375,6.92138671875,0.08544921875,3.60107421875,0.048828125,3.2958984375,-0.2197265625,-0.69580078125,0.25634765625,-0.68359375,-0.20751953125,-0.59814453125,-0.10986328125,-0.06103515625,-0.146484375,0.08544921875,-0.341796875,-0.79345703125,-0.1708984375,1.89208984375,0.20751953125,1.30615234375,-0.18310546875,0.341796875,-0.03662109375,0.01220703125,-0.0732421875,0.01220703125,-0.08544921875,0.20751953125,-0.13427734375,-0.01220703125,0.09765625,1.220703125,0.0732421875,-0.1708984375,0.048828125,0.01220703125
1,0.03662109375,-0.40283203125,-0.0244140625,-0.3662109375,-0.42724609375,-0.4638671875,0.20751953125,-0.0732421875,0.50048828125,0.20751953125,0.0244140625,-0.91552734375,-0.15869140625,1.07421875,-0.048828125,-0.1708984375,-0.1220703125,-0.5859375,0.09765625,-0.146484375,-0.28076171875,0.87890625,0.09765625,-0.59814453125,-0.1708984375,0.20751953125,-0.146484375,-0.87890625,-0.146484375,1.5869140625,-0.35400390625,0.76904296875,0.01220703125,-0.5859375,-0.15869140625,-0.8544921875,-0.0732421875,-0.25634765625,-0.29296875,-0.23193359375,0.03662109375,-0.146484375,-0.341796875,-0.69580078125,-0.390625,-0.390625,-0.72021484375,0.40283203125,0.08544921875,1.13525390625,0.03662109375,0.35400390625,0.06103515625,-0.10986328125,-0.048828125,0.67138671875,-0.1220703125,0.537109375,-0.2197265625,0.32958984375,0.1708984375,0.4638671875,-0.439453125,0.6103515625,-0.50048828125,-0.3662109375,0.341796875,0.9521484375,0.1220703125,0.146484375,0.0732421875,0.10986328125,0.1220703125,0.23193359375,-0.2197265625,0.830078125,-0.1220703125,0,-0.15869140625,1.30615234375,0,-0.98876953125,-0.01220703125,-0.37841796875,-0.0732421875,-0.98876953125,0.0244140625,-0.74462890625,-0.1953125,1.3916015625,-0.15869140625,5.908203125,-0.0244140625,3.076171875,-0.0244140625,2.72216796875,-0.20751953125,-0.69580078125,0.2685546875,-0.68359375,-0.1953125,-0.59814453125,-0.13427734375,-0.08544921875,-0.13427734375,0.048828125,-0.35400390625,-0.830078125,-0.15869140625,1.7822265625,0.1220703125,1.2451171875,-0.15869140625,0.35400390625,-0.06103515625,0.03662109375,-0.0732421875,0.03662109375,-0.06103515625,0.20751953125,-0.23193359375,0.06103515625,0.03662109375,1.25732421875,0.048828125,-0.08544921875,-0.048828125,0.03662109375
1,0.06103515625,-0.40283203125,-0.03662109375,-0.3662109375,-0.4150390625,-0.439453125,0.1953125,-0.09765625,0.537109375,0.29296875,0.0244140625,-0.91552734375,-0.1708984375,1.07421875,-0.03662109375,-0.15869140625,-0.13427734375,-0.5615234375,0.08544921875,-0.1220703125,-0.2197265625,0.87890625,0.08544921875,-0.59814453125,-0.244140625,0.08544921875,-0.13427734375,-1.01318359375,-0.25634765625,1.416015625,-0.35400390625,0.634765625,0.0244140625,-0.6103515625,-0.20751953125,-0.830078125,-0.03662109375,-0.25634765625,-0.20751953125,-0.23193359375,0.0732421875,-0.15869140625,-0.30517578125,-0.7080078125,-0.40283203125,-0.37841796875,-0.830078125,0.439453125,0.03662109375,1.220703125,0.03662109375,0.40283203125,0.06103515625,-0.1220703125,-0.01220703125,0.68359375,-0.06103515625,0.537109375,-0.23193359375,0.37841796875,0.2197265625,0.57373046875,-0.4150390625,0.96435546875,-0.439453125,-0.3173828125,0.2685546875,0.9765625,0.146484375,0.146484375,0.01220703125,0.1220703125,0.1220703125,0.20751953125,-0.2685546875,0.84228515625,-0.0732421875,0,-0.1953125,1.318359375,-0.03662109375,-1.01318359375,0.048828125,-0.390625,-0.048828125,-0.98876953125,-0.01220703125,-0.74462890625,-0.244140625,0.96435546875,-0.1953125,4.96826171875,-0.10986328125,2.5634765625,-0.03662109375,2.1484375,-0.23193359375,-0.68359375,0.23193359375,-0.68359375,-0.146484375,-0.59814453125,-0.146484375,-0.08544921875,-0.10986328125,-0.048828125,-0.2685546875,-0.93994140625,-0.0244140625,1.55029296875,0.06103515625,1.171875,-0.1708984375,0.3662109375,-0.06103515625,0.01220703125,-0.08544921875,0.03662109375,-0.0244140625,0.18310546875,-0.29296875,0.1708984375,0.0244140625,1.30615234375,0.0732421875,0,-0.0244140625,0.1220703125
1,0.03662109375,-0.390625,-0.0244140625,-0.390625,-0.4150390625,-0.42724609375,0.1953125,-0.1220703125,0.57373046875,0.390625,0,-0.91552734375,-0.146484375,1.06201171875,-0.03662109375,-0.1708984375,-0.13427734375,-0.57373046875,0.09765625,-0.10986328125,-0.146484375,0.86669921875,0.06103515625,-0.59814453125,-0.28076171875,0.03662109375,-0.15869140625,-1.07421875,-0.35400390625,1.30615234375,-0.2685546875,0.54931640625,0.08544921875,-0.5615234375,-0.29296875,-0.79345703125,-0.03662109375,-0.28076171875,-0.244140625,-0.2197265625,0.1708984375,-0.1708984375,-0.244140625,-0.72021484375,-0.4150390625,-0.3662109375,-0.81787109375,0.54931640625,0.0244140625,1.220703125,0.03662109375,0.40283203125,0.09765625,-0.146484375,0.01220703125,0.69580078125,-0.01220703125,0.5859375,-0.28076171875,0.42724609375,0.25634765625,0.69580078125,-0.4638671875,1.416015625,-0.47607421875,-0.2685546875,0.1953125,0.98876953125,0.1220703125,0.13427734375,-0.048828125,0.10986328125,0.048828125,0.2197265625,-0.2685546875,0.8544921875,0,-0.01220703125,-0.20751953125,1.33056640625,-0.03662109375,-1.03759765625,0.1220703125,-0.37841796875,-0.048828125,-0.98876953125,0,-0.74462890625,-0.2685546875,0.5859375,-0.25634765625,4.150390625,-0.15869140625,2.1240234375,-0.06103515625,1.67236328125,-0.23193359375,-0.67138671875,0.146484375,-0.69580078125,-0.06103515625,-0.6103515625,-0.1220703125,-0.08544921875,-0.10986328125,-0.20751953125,-0.1708984375,-1.0498046875,0.048828125,1.2451171875,-0.01220703125,1.01318359375,-0.1708984375,0.35400390625,-0.0732421875,0,-0.0732421875,0.048828125,-0.0244140625,0.1708984375,-0.20751953125,0.32958984375,0.09765625,1.3671875,0.08544921875,0.0732421875,0,0.20751953125
1,0.06103515625,-0.390625,-0.03662109375,-0.390625,-0.4150390625,-0.42724609375,0.18310546875,-0.10986328125,0.54931640625,0.45166015625,-0.01220703125,-0.927734375,-0.13427734375,1.0498046875,-0.048828125,-0.146484375,-0.10986328125,-0.54931640625,0.09765625,-0.09765625,-0.0732421875,0.87890625,0.048828125,-0.5859375,-0.25634765625,0.048828125,-0.08544921875,-1.01318359375,-0.390625,1.318359375,-0.18310546875,0.537109375,0.10986328125,-0.439453125,-0.341796875,-0.7568359375,-0.06103515625,-0.28076171875,-0.2197265625,-0.23193359375,0.25634765625,-0.18310546875,-0.23193359375,-0.732421875,-0.390625,-0.35400390625,-0.84228515625,0.67138671875,0.06103515625,1.220703125,0.01220703125,0.45166015625,0.03662109375,-0.1708984375,0.03662109375,0.69580078125,0.0244140625,0.69580078125,-0.28076171875,0.5126953125,0.30517578125,0.732421875,-0.59814453125,2.001953125,-0.5615234375,-0.1708984375,0.146484375,0.98876953125,0.10986328125,0.15869140625,-0.10986328125,0.1220703125,-0.01220703125,0.20751953125,-0.28076171875,0.84228515625,0.048828125,-0.03662109375,-0.23193359375,1.2939453125,0,-1.06201171875,0.146484375,-0.37841796875,-0.048828125,-1.01318359375,0.01220703125,-0.7568359375,-0.2685546875,0.244140625,-0.30517578125,3.466796875,-0.18310546875,1.7333984375,-0.0244140625,1.2451171875,-0.2197265625,-0.6591796875,0.06103515625,-0.72021484375,-0.0244140625,-0.62255859375,-0.0732421875,-0.09765625,-0.1220703125,-0.37841796875,-0.048828125,-1.1962890625,0.0244140625,0.79345703125,-0.0244140625,0.8544921875,-0.15869140625,0.341796875,-0.048828125,0,-0.0732421875,0.03662109375,-0.01220703125,0.15869140625,-0.29296875,0.4638671875,0.048828125,1.37939453125,0.06103515625,0.1220703125,-0.03662109375,0.244140625
1,0.06103515625,-0.37841796875,-0.0244140625,-0.390625,-0.45166015625,-0.4150390625,0.15869140625,-0.10986328125,0.57373046875,0.4638671875,-0.03662109375,-0.91552734375,-0.10986328125,1.06201171875,-0.09765625,-0.13427734375,-0.10986328125,-0.537109375,0.1220703125,-0.08544921875,-0.0244140625,0.87890625,0.03662109375,-0.57373046875,-0.341796875,0.08544921875,-0.1708984375,-0.89111328125,-0.47607421875,1.35498046875,-0.20751953125,0.57373046875,0.146484375,-0.2685546875,-0.244140625,-0.67138671875,-0.03662109375,-0.29296875,-0.15869140625,-0.244140625,0.32958984375,-0.1708984375,-0.1708984375,-0.74462890625,-0.37841796875,-0.341796875,-0.89111328125,0.76904296875,0.0732421875,1.1962890625,0,0.47607421875,0.0244140625,-0.1953125,0.048828125,0.7080078125,0.0732421875,0.89111328125,-0.32958984375,0.62255859375,0.341796875,0.76904296875,-0.54931640625,2.67333984375,-0.62255859375,-0.10986328125,0.08544921875,1.0009765625,0.06103515625,0.1708984375,-0.18310546875,0.1220703125,-0.06103515625,0.2197265625,-0.29296875,0.81787109375,0.09765625,-0.048828125,-0.18310546875,1.28173828125,0.048828125,-1.0498046875,0.146484375,-0.37841796875,-0.1220703125,-1.01318359375,0.0244140625,-0.78125,-0.20751953125,-0.048828125,-0.30517578125,2.89306640625,-0.1953125,1.40380859375,0,0.9033203125,-0.18310546875,-0.68359375,-0.048828125,-0.72021484375,0,-0.62255859375,-0.03662109375,-0.08544921875,-0.09765625,-0.537109375,0.048828125,-1.3671875,-0.01220703125,0.3173828125,-0.03662109375,0.6591796875,-0.15869140625,0.35400390625,-0.03662109375,-0.01220703125,-0.0732421875,0.048828125,-0.03662109375,0.15869140625,-0.244140625,0.54931640625,0.10986328125,1.3427734375,0.10986328125,0.1220703125,0.0244140625,0.244140625
1,0.048828125,-0.3662109375,-0.0244140625,-0.35400390625,-0.50048828125,-0.390625,0.146484375,-0.08544921875,0.5615234375,0.45166015625,-0.048828125,-0.89111328125,-0.10986328125,1.08642578125,-0.10986328125,-0.1220703125,-0.09765625,-0.5615234375,0.13427734375,-0.0732421875,-0.0244140625,0.86669921875,0.01220703125,-0.5859375,-0.3173828125,0.1220703125,-0.10986328125,-0.7568359375,-0.35400390625,1.40380859375,-0.13427734375,0.59814453125,0.1220703125,-0.08544921875,-0.23193359375,-0.634765625,-0.0732421875,-0.30517578125,-0.15869140625,-0.3173828125,0.30517578125,-0.20751953125,-0.13427734375,-0.732421875,-0.3173828125,-0.32958984375,-0.87890625,0.86669921875,0.08544921875,1.13525390625,0.06103515625,0.47607421875,-0.06103515625,-0.2197265625,0.048828125,0.72021484375,0.10986328125,1.123046875,-0.32958984375,0.74462890625,0.35400390625,0.8056640625,-0.62255859375,3.45458984375,-0.732421875,-0.0244140625,-0.01220703125,1.01318359375,-0.01220703125,0.1708984375,-0.28076171875,0.15869140625,-0.13427734375,0.23193359375,-0.29296875,0.830078125,0.13427734375,-0.048828125,-0.15869140625,1.2939453125,0.1220703125,-1.01318359375,0.18310546875,-0.390625,-0.20751953125,-1.025390625,0.048828125,-0.8056640625,-0.10986328125,-0.3173828125,-0.30517578125,2.42919921875,-0.1708984375,1.123046875,0.01220703125,0.537109375,-0.09765625,-0.69580078125,-0.15869140625,-0.732421875,0.03662109375,-0.62255859375,0.0244140625,-0.0732421875,-0.09765625,-0.732421875,0.13427734375,-1.513671875,0.01220703125,-0.18310546875,-0.0732421875,0.47607421875,-0.15869140625,0.3662109375,-0.03662109375,-0.01220703125,-0.0732421875,0.01220703125,-0.048828125,0.1708984375,-0.30517578125,0.5615234375,0.09765625,1.2939453125,0.08544921875,0.0732421875,-0.01220703125,0.18310546875
1,0.048828125,-0.35400390625,-0.0244140625,-0.341796875,-0.50048828125,-0.40283203125,0.13427734375,-0.0732421875,0.57373046875,0.390625,-0.0244140625,-0.89111328125,-0.09765625,1.08642578125,-0.048828125,-0.10986328125,-0.08544921875,-0.57373046875,0.09765625,-0.08544921875,-0.048828125,0.89111328125,0.0244140625,-0.57373046875,-0.2197265625,0.15869140625,0.048828125,-0.6103515625,-0.23193359375,1.42822265625,-0.146484375,0.6103515625,0.09765625,0.0244140625,-0.1708984375,-0.634765625,-0.08544921875,-0.341796875,-0.048828125,-0.40283203125,0.25634765625,-0.244140625,-0.08544921875,-0.7568359375,-0.23193359375,-0.35400390625,-0.87890625,0.87890625,0.08544921875,1.07421875,0.10986328125,0.4638671875,-0.15869140625,-0.2197265625,-0.048828125,0.7080078125,0.1953125,1.3916015625,-0.32958984375,0.87890625,0.4150390625,0.830078125,-0.37841796875,4.2236328125,-0.74462890625,0.0244140625,-0.048828125,1.0009765625,-0.0732421875,0.15869140625,-0.25634765625,0.1708984375,-0.20751953125,0.23193359375,-0.30517578125,0.78125,0.15869140625,-0.048828125,-0.10986328125,1.26953125,0.15869140625,-0.98876953125,0.1953125,-0.4150390625,-0.3173828125,-1.025390625,0.10986328125,-0.81787109375,-0.03662109375,-0.5859375,-0.244140625,1.9287109375,-0.1220703125,0.8544921875,0.01220703125,0.1953125,0.01220703125,-0.67138671875,-0.1953125,-0.74462890625,0.0732421875,-0.6103515625,0.0732421875,-0.0732421875,-0.10986328125,-0.86669921875,0.2685546875,-1.66015625,0.03662109375,-0.62255859375,-0.09765625,0.32958984375,-0.15869140625,0.341796875,-0.01220703125,-0.03662109375,-0.06103515625,-0.0244140625,-0.06103515625,0.15869140625,-0.29296875,0.50048828125,0.08544921875,1.20849609375,0.09765625,0,-0.03662109375,0.09765625
1,0.0244140625,-0.35400390625,0,-0.35400390625,-0.5615234375,-0.439453125,0.10986328125,-0.08544921875,0.5859375,0.29296875,0.01220703125,-0.9033203125,-0.08544921875,1.06201171875,-0.01220703125,-0.146484375,-0.048828125,-0.57373046875,0.03662109375,-0.08544921875,-0.08544921875,0.89111328125,0.03662109375,-0.57373046875,-0.244140625,0.18310546875,0.0244140625,-0.537109375,-0.1953125,1.42822265625,-0.244140625,0.59814453125,0.10986328125,0.06103515625,-0.1220703125,-0.6591796875,-0.146484375,-0.37841796875,0,-0.5126953125,0.1708984375,-0.28076171875,-0.048828125,-0.74462890625,-0.18310546875,-0.35400390625,-0.76904296875,0.86669921875,0.01220703125,1.03759765625,0.1220703125,0.439453125,-0.2197265625,-0.244140625,-0.1220703125,0.7080078125,0.244140625,1.66015625,-0.244140625,1.025390625,0.45166015625,0.86669921875,-0.32958984375,4.99267578125,-0.8056640625,0.06103515625,-0.09765625,1.025390625,-0.146484375,0.18310546875,-0.25634765625,0.20751953125,-0.2685546875,0.2197265625,-0.30517578125,0.7568359375,0.10986328125,-0.048828125,-0.0244140625,1.26953125,0.1953125,-0.9521484375,0.1953125,-0.40283203125,-0.3662109375,-1.03759765625,0.10986328125,-0.84228515625,0.048828125,-0.87890625,-0.20751953125,1.4404296875,-0.09765625,0.57373046875,0.048828125,-0.146484375,0.10986328125,-0.67138671875,-0.244140625,-0.732421875,0.08544921875,-0.62255859375,0.1220703125,-0.0732421875,-0.10986328125,-0.9765625,0.32958984375,-1.7578125,0.0244140625,-0.96435546875,-0.1220703125,0.2197265625,-0.18310546875,0.32958984375,0.01220703125,-0.03662109375,-0.0732421875,-0.0244140625,-0.048828125,0.15869140625,-0.3173828125,0.4150390625,0.0732421875,1.171875,0.08544921875,-0.08544921875,-0.03662109375,0.01220703125
1,0.06103515625,-0.35400390625,0,-0.35400390625,-0.57373046875,-0.42724609375,0.10986328125,-0.08544921875,0.5859375,0.1708984375,0.01220703125,-0.9033203125,-0.0732421875,1.07421875,-0.06103515625,-0.15869140625,-0.0244140625,-0.5859375,-0.01220703125,-0.09765625,-0.15869140625,0.9033203125,0.048828125,-0.59814453125,-0.09765625,0.10986328125,0.146484375,-0.52490234375,-0.01220703125,1.37939453125,-0.18310546875,0.5615234375,0.0244140625,0.06103515625,-0.10986328125,-0.7080078125,-0.20751953125,-0.42724609375,0.0244140625,-0.62255859375,0.1220703125,-0.30517578125,-0.06103515625,-0.72021484375,-0.1220703125,-0.3662109375,-0.67138671875,0.79345703125,0,1.01318359375,0.1708984375,0.4150390625,-0.30517578125,-0.23193359375,-0.18310546875,0.7080078125,0.18310546875,1.8798828125,-0.1708984375,1.171875,0.439453125,0.98876953125,-0.15869140625,5.70068359375,-0.86669921875,0.0732421875,-0.1220703125,0.98876953125,-0.23193359375,0.1953125,-0.25634765625,0.2197265625,-0.30517578125,0.18310546875,-0.29296875,0.74462890625,0.08544921875,-0.048828125,0.09765625,1.25732421875,0.23193359375,-0.87890625,0.20751953125,-0.4150390625,-0.4150390625,-1.0498046875,0.13427734375,-0.84228515625,0.10986328125,-1.18408203125,-0.10986328125,0.8544921875,-0.06103515625,0.25634765625,0.06103515625,-0.54931640625,0.18310546875,-0.68359375,-0.25634765625,-0.7080078125,0.09765625,-0.6103515625,0.09765625,-0.0732421875,-0.13427734375,-1.025390625,0.341796875,-1.806640625,0.03662109375,-1.171875,-0.13427734375,0.1953125,-0.1708984375,0.3173828125,0.0244140625,-0.06103515625,-0.0732421875,-0.03662109375,-0.0244140625,0.1708984375,-0.32958984375,0.32958984375,0.048828125,1.1474609375,0.0732421875,-0.146484375,-0.01220703125,-0.048828125
1,0.048828125,-0.3662109375,0,-0.390625,-0.5615234375,-0.45166015625,0.1220703125,-0.0732421875,0.5859375,0.048828125,0.0244140625,-0.9033203125,-0.048828125,1.07421875,-0.13427734375,-0.20751953125,0,-0.5615234375,-0.06103515625,-0.13427734375,-0.1708984375,0.87890625,0.08544921875,-0.6103515625,-0.03662109375,0.048828125,0.1953125,-0.5859375,0.048828125,1.26953125,-0.146484375,0.47607421875,0.01220703125,0.0244140625,-0.09765625,-0.78125,-0.244140625,-0.45166015625,0.03662109375,-0.69580078125,0.146484375,-0.3173828125,-0.09765625,-0.72021484375,-0.0732421875,-0.37841796875,-0.57373046875,0.69580078125,0.01220703125,1.01318359375,0.1220703125,0.40283203125,-0.35400390625,-0.2197265625,-0.244140625,0.7080078125,0.146484375,2.05078125,-0.08544921875,1.28173828125,0.48828125,1.07421875,0,6.33544921875,-0.86669921875,0.0732421875,-0.1220703125,0.98876953125,-0.20751953125,0.1953125,-0.1953125,0.2197265625,-0.35400390625,0.1708984375,-0.28076171875,0.732421875,0.08544921875,-0.048828125,0.1708984375,1.26953125,0.25634765625,-0.8056640625,0.1953125,-0.42724609375,-0.37841796875,-1.0498046875,0.15869140625,-0.8544921875,0.1220703125,-1.52587890625,-0.048828125,0.25634765625,-0.08544921875,-0.08544921875,0.09765625,-0.9765625,0.20751953125,-0.68359375,-0.20751953125,-0.7080078125,0.09765625,-0.6103515625,0.08544921875,-0.0732421875,-0.146484375,-0.98876953125,0.28076171875,-1.81884765625,-0.03662109375,-1.18408203125,-0.146484375,0.1953125,-0.20751953125,0.30517578125,0.0244140625,-0.048828125,-0.06103515625,-0.06103515625,-0.01220703125,0.15869140625,-0.2685546875,0.28076171875,0.0732421875,1.13525390625,0.06103515625,-0.146484375,-0.01220703125,-0.0732421875
0,0.0732421875,-0.3662109375,-0.01220703125,-0.390625,-0.5615234375,-0.4150390625,0.1220703125,-0.048828125,0.57373046875,-0.03662109375,-0.01220703125,-0.89111328125,-0.048828125,1.07421875,-0.20751953125,-0.1953125,-0.01220703125,-0.5615234375,-0.08544921875,-0.15869140625,-0.18310546875,0.89111328125,0.0732421875,-0.6103515625,0,-0.048828125,0.1708984375,-0.68359375,0.0732421875,1.1474609375,-0.09765625,0.4150390625,-0.01220703125,-0.048828125,-0.10986328125,-0.8056640625,-0.2685546875,-0.439453125,0.01220703125,-0.72021484375,0.1708984375,-0.30517578125,-0.2197265625,-0.69580078125,-0.06103515625,-0.40283203125,-0.537109375,0.62255859375,0.03662109375,1.03759765625,0.13427734375,0.3662109375,-0.37841796875,-0.23193359375,-0.29296875,0.68359375,0.0732421875,2.197265625,-0.048828125,1.3671875,0.45166015625,1.25732421875,-0.048828125,6.8359375,-0.84228515625,0.048828125,-0.1220703125,1.01318359375,-0.1708984375,0.20751953125,-0.1953125,0.1953125,-0.3662109375,0.15869140625,-0.244140625,0.7568359375,0.13427734375,-0.048828125,0.23193359375,1.25732421875,0.244140625,-0.76904296875,0.1953125,-0.4150390625,-0.30517578125,-1.03759765625,0.09765625,-0.8544921875,0.08544921875,-1.84326171875,-0.048828125,-0.390625,-0.18310546875,-0.4638671875,0.06103515625,-1.416015625,0.18310546875,-0.69580078125,-0.15869140625,-0.72021484375,0.0732421875,-0.59814453125,0.09765625,-0.0732421875,-0.13427734375,-0.9033203125,0.2197265625,-1.7333984375,0.01220703125,-0.96435546875,-0.13427734375,0.3173828125,-0.23193359375,0.30517578125,0.01220703125,-0.03662109375,-0.06103515625,-0.06103515625,0.01220703125,0.1708984375,-0.1708984375,0.28076171875,0,1.1962890625,0.0244140625,-0.09765625,-0.048828125,0.01220703125
0,0.08544921875,-0.37841796875,-0.01220703125,-0.390625,-0.54931640625,-0.42724609375,0.146484375,-0.06103515625,0.5615234375,-0.1220703125,0,-0.9033203125,-0.0732421875,1.0498046875,-0.20751953125,-0.20751953125,-0.048828125,-0.57373046875,-0.10986328125,-0.1708984375,-0.1708984375,0.89111328125,0.0732421875,-0.6103515625,-0.03662109375,-0.10986328125,0.09765625,-0.76904296875,-0.01220703125,1.0498046875,-0.0732421875,0.341796875,0.0732421875,-0.09765625,-0.18310546875,-0.8544921875,-0.1953125,-0.42724609375,0.0244140625,-0.69580078125,0.1953125,-0.2685546875,-0.390625,-0.69580078125,-0.03662109375,-0.42724609375,-0.4638671875,0.5615234375,0.10986328125,1.0986328125,0.10986328125,0.35400390625,-0.4150390625,-0.2197265625,-0.35400390625,0.69580078125,-0.03662109375,2.28271484375,-0.06103515625,1.42822265625,0.390625,1.42822265625,0.10986328125,7.177734375,-0.84228515625,0.03662109375,-0.09765625,1.01318359375,-0.10986328125,0.1953125,-0.20751953125,0.20751953125,-0.3662109375,0.146484375,-0.18310546875,0.78125,0.20751953125,-0.0244140625,0.2685546875,1.28173828125,0.20751953125,-0.732421875,0.20751953125,-0.4150390625,-0.28076171875,-1.025390625,0.0244140625,-0.84228515625,0,-2.1240234375,-0.10986328125,-0.9521484375,-0.3173828125,-0.8056640625,0.06103515625,-1.8310546875,0.13427734375,-0.68359375,-0.1220703125,-0.69580078125,0.01220703125,-0.59814453125,0.06103515625,-0.0732421875,-0.1708984375,-0.76904296875,0.13427734375,-1.59912109375,0.048828125,-0.57373046875,-0.13427734375,0.47607421875,-0.2197265625,0.29296875,0,-0.01220703125,-0.0732421875,-0.06103515625,0.01220703125,0.18310546875,-0.048828125,0.35400390625,0.0244140625,1.2939453125,0.0244140625,0.01220703125,-0.0244140625,0.1220703125
0,0.0732421875,-0.37841796875,-0.0244140625,-0.3662109375,-0.57373046875,-0.439453125,0.1220703125,-0.0732421875,0.5859375,-0.1953125,0.0244140625,-0.91552734375,-0.06103515625,1.0498046875,-0.18310546875,-0.1953125,-0.09765625,-0.57373046875,-0.1220703125,-0.18310546875,-0.10986328125,0.89111328125,0.048828125,-0.59814453125,-0.01220703125,-0.1220703125,0.08544921875,-0.830078125,-0.06103515625,1.025390625,0.03662109375,0.341796875,0.10986328125,-0.09765625,-0.28076171875,-0.8056640625,-0.13427734375,-0.37841796875,-0.01220703125,-0.6103515625,0.23193359375,-0.25634765625,-0.439453125,-0.68359375,-0.03662109375,-0.40283203125,-0.37841796875,0.54931640625,0.1953125,1.18408203125,0.0732421875,0.3662109375,-0.4638671875,-0.20751953125,-0.42724609375,0.69580078125,-0.0732421875,2.30712890625,0,1.47705078125,0.45166015625,1.611328125,0.2197265625,7.373046875,-0.830078125,0.01220703125,-0.09765625,1.0498046875,0,0.20751953125,-0.23193359375,0.1953125,-0.341796875,0.146484375,-0.15869140625,0.78125,0.25634765625,-0.01220703125,0.23193359375,1.2939453125,0.146484375,-0.68359375,0.18310546875,-0.40283203125,-0.23193359375,-1.0009765625,-0.03662109375,-0.830078125,0,-2.33154296875,-0.08544921875,-1.416015625,-0.390625,-1.11083984375,0.09765625,-2.16064453125,0.03662109375,-0.68359375,-0.08544921875,-0.69580078125,-0.03662109375,-0.5859375,0.01220703125,-0.08544921875,-0.10986328125,-0.5615234375,0.01220703125,-1.416015625,0.06103515625,-0.01220703125,-0.146484375,0.69580078125,-0.1953125,0.3173828125,-0.03662109375,-0.01220703125,-0.0732421875,-0.03662109375,0.03662109375,0.18310546875,-0.0244140625,0.45166015625,0.01220703125,1.3916015625,0.0244140625,0.13427734375,-0.06103515625,0.25634765625
0,0.08544921875,-0.390625,-0.0244140625,-0.37841796875,-0.57373046875,-0.42724609375,0.13427734375,-0.08544921875,0.54931640625,-0.1953125,0.03662109375,-0.9033203125,-0.0732421875,1.0498046875,-0.1708984375,-0.1708984375,-0.146484375,-0.57373046875,-0.13427734375,-0.1708984375,-0.03662109375,0.89111328125,0.01220703125,-0.5859375,-0.048828125,-0.06103515625,0.0732421875,-0.86669921875,-0.2197265625,1.07421875,0.048828125,0.40283203125,0.15869140625,-0.01220703125,-0.40283203125,-0.78125,-0.08544921875,-0.32958984375,-0.03662109375,-0.50048828125,0.18310546875,-0.244140625,-0.54931640625,-0.67138671875,0,-0.42724609375,-0.3662109375,0.54931640625,0.2685546875,1.220703125,0.08544921875,0.4150390625,-0.48828125,-0.20751953125,-0.45166015625,0.69580078125,-0.0732421875,2.294921875,0.06103515625,1.47705078125,0.341796875,1.74560546875,0.1708984375,7.40966796875,-0.830078125,0.01220703125,-0.10986328125,1.06201171875,0.06103515625,0.2197265625,-0.29296875,0.1953125,-0.3173828125,0.15869140625,-0.09765625,0.81787109375,0.28076171875,-0.01220703125,0.1708984375,1.28173828125,0.09765625,-0.64697265625,0.1708984375,-0.390625,-0.20751953125,-0.98876953125,-0.1220703125,-0.8056640625,0,-2.45361328125,-0.08544921875,-1.708984375,-0.40283203125,-1.2939453125,0.0732421875,-2.35595703125,-0.01220703125,-0.68359375,-0.03662109375,-0.7080078125,-0.06103515625,-0.5859375,-0.0244140625,-0.08544921875,-0.08544921875,-0.32958984375,-0.1220703125,-1.18408203125,-0.01220703125,0.69580078125,-0.1708984375,0.93994140625,-0.1953125,0.3173828125,-0.048828125,0.01220703125,-0.0732421875,-0.03662109375,0.01220703125,0.1953125,-0.06103515625,0.5615234375,0.01220703125,1.47705078125,0.03662109375,0.23193359375,-0.048828125,0.40283203125
0,0.08544921875,-0.37841796875,-0.0244140625,-0.3662109375,-0.54931640625,-0.42724609375,0.1220703125,-0.0732421875,0.5126953125,-0.1708984375,0.0732421875,-0.9033203125,-0.08544921875,1.06201171875,-0.18310546875,-0.146484375,-0.2197265625,-0.57373046875,-0.0732421875,-0.146484375,0.03662109375,0.89111328125,-0.0244140625,-0.5859375,-0.09765625,0.03662109375,0.146484375,-0.79345703125,-0.32958984375,1.20849609375,0.06103515625,0.52490234375,0.35400390625,0.09765625,-0.439453125,-0.7080078125,-0.03662109375,-0.28076171875,-0.0244140625,-0.37841796875,0.1708984375,-0.244140625,-0.537109375,-0.68359375,0.03662109375,-0.40283203125,-0.45166015625,0.59814453125,0.32958984375,1.28173828125,0.10986328125,0.439453125,-0.4638671875,-0.1953125,-0.4150390625,0.7080078125,-0.09765625,2.24609375,0.08544921875,1.45263671875,0.3173828125,1.85546875,0.244140625,7.31201171875,-0.8056640625,0.03662109375,-0.10986328125,1.06201171875,0.0732421875,0.244140625,-0.341796875,0.1953125,-0.3173828125,0.18310546875,-0.03662109375,0.81787109375,0.28076171875,0,0.10986328125,1.2939453125,0.06103515625,-0.62255859375,0.10986328125,-0.35400390625,-0.15869140625,-0.9765625,-0.0732421875,-0.79345703125,-0.03662109375,-2.45361328125,-0.09765625,-1.7578125,-0.341796875,-1.3916015625,0.08544921875,-2.42919921875,-0.0732421875,-0.69580078125,0.0244140625,-0.69580078125,-0.09765625,-0.59814453125,-0.048828125,-0.08544921875,-0.10986328125,-0.0732421875,-0.23193359375,-0.927734375,0.048828125,1.46484375,-0.2197265625,1.220703125,-0.23193359375,0.341796875,-0.06103515625,0.01220703125,-0.0732421875,-0.03662109375,-0.03662109375,0.1708984375,-0.06103515625,0.6591796875,-0.048828125,1.513671875,0.01220703125,0.30517578125,-0.06103515625,0.5126953125
0,0.08544921875,-0.390625,-0.03662109375,-0.3662109375,-0.54931640625,-0.4150390625,0.10986328125,-0.08544921875,0.48828125,-0.13427734375,0.0732421875,-0.91552734375,-0.08544921875,1.06201171875,-0.2197265625,-0.10986328125,-0.25634765625,-0.5615234375,-0.048828125,-0.09765625,0.09765625,0.89111328125,-0.0244140625,-0.57373046875,-0.1953125,0.18310546875,0.15869140625,-0.68359375,-0.4150390625,1.37939453125,0.048828125,0.68359375,0.32958984375,0.20751953125,-0.4638671875,-0.64697265625,-0.048828125,-0.244140625,-0.03662109375,-0.28076171875,0.09765625,-0.23193359375,-0.5615234375,-0.69580078125,0.09765625,-0.4150390625,-0.5126953125,0.64697265625,0.40283203125,1.28173828125,0.08544921875,0.45166015625,-0.4638671875,-0.1953125,-0.37841796875,0.72021484375,-0.0732421875,2.18505859375,0.146484375,1.37939453125,0.2685546875,1.86767578125,0.15869140625,7.11669921875,-0.79345703125,0.048828125,-0.10986328125,1.0986328125,0.09765625,0.2685546875,-0.35400390625,0.2197265625,-0.3662109375,0.18310546875,0.048828125,0.79345703125,0.23193359375,-0.01220703125,0.0244140625,1.28173828125,0.08544921875,-0.6103515625,0.048828125,-0.3662109375,-0.1220703125,-0.9765625,-0.03662109375,-0.76904296875,-0.06103515625,-2.3681640625,-0.08544921875,-1.6357421875,-0.2685546875,-1.35498046875,0.03662109375,-2.35595703125,-0.09765625,-0.68359375,0.03662109375,-0.69580078125,-0.10986328125,-0.6103515625,-0.048828125,-0.08544921875,-0.06103515625,0.18310546875,-0.23193359375,-0.68359375,0.08544921875,2.2216796875,-0.2197265625,1.47705078125,-0.2685546875,0.3662109375,-0.08544921875,-0.0244140625,-0.06103515625,-0.0244140625,-0.048828125,0.1953125,-0.03662109375,0.72021484375,-0.06103515625,1.52587890625,0.01220703125,0.30517578125,-0.0732421875,0.5126953125
0,0.0732421875,-0.37841796875,-0.03662109375,-0.3662109375,-0.52490234375,-0.40283203125,0.0732421875,-0.08544921875,0.45166015625,-0.08544921875,0.08544921875,-0.87890625,-0.0732421875,1.07421875,-0.244140625,-0.1220703125,-0.30517578125,-0.54931640625,-0.0244140625,-0.06103515625,0.1708984375,0.89111328125,0.01220703125,-0.57373046875,-0.2685546875,0.341796875,0.10986328125,-0.537109375,-0.4150390625,1.5869140625,0.0244140625,0.8544921875,0.244140625,0.3173828125,-0.5126953125,-0.59814453125,-0.0732421875,-0.244140625,-0.01220703125,-0.2197265625,0.03662109375,-0.25634765625,-0.57373046875,-0.72021484375,0.13427734375,-0.37841796875,-0.634765625,0.68359375,0.439453125,1.26953125,0.06103515625,0.45166015625,-0.4150390625,-0.1953125,-0.30517578125,0.72021484375,-0.08544921875,2.099609375,0.1708984375,1.33056640625,0.15869140625,1.806640625,0.08544921875,6.8115234375,-0.81787109375,0.09765625,-0.0732421875,1.123046875,0.08544921875,0.28076171875,-0.3173828125,0.23193359375,-0.4150390625,0.20751953125,0.1220703125,0.8056640625,0.1953125,-0.01220703125,-0.03662109375,1.28173828125,0.13427734375,-0.6103515625,-0.01220703125,-0.37841796875,-0.0244140625,-1.0009765625,0,-0.78125,-0.09765625,-2.20947265625,-0.09765625,-1.3427734375,-0.15869140625,-1.18408203125,-0.0244140625,-2.1484375,-0.13427734375,-0.68359375,0.048828125,-0.72021484375,-0.09765625,-0.6103515625,-0.048828125,-0.08544921875,-0.06103515625,0.42724609375,-0.2685546875,-0.4638671875,-0.0244140625,2.86865234375,-0.2197265625,1.72119140625,-0.28076171875,0.35400390625,-0.08544921875,-0.03662109375,-0.0732421875,-0.0244140625,-0.0732421875,0.1953125,0.03662109375,0.74462890625,-0.08544921875,1.45263671875,0.0244140625,0.25634765625,-0.09765625,0.4638671875
0,0.06103515625,-0.390625,-0.0244140625,-0.37841796875,-0.537109375,-0.40283203125,0.03662109375,-0.08544921875,0.4638671875,-0.048828125,0.09765625,-0.89111328125,-0.0732421875,1.06201171875,-0.244140625,-0.1220703125,-0.32958984375,-0.54931640625,0.03662109375,-0.06103515625,0.20751953125,0.89111328125,0.0732421875,-0.5859375,-0.29296875,0.47607421875,0.1708984375,-0.42724609375,-0.30517578125,1.7578125,0.0244140625,0.9765625,0.244140625,0.35400390625,-0.439453125,-0.5859375,-0.09765625,-0.25634765625,0.048828125,-0.23193359375,-0.09765625,-0.244140625,-0.537109375,-0.69580078125,0.1708984375,-0.37841796875,-0.72021484375,0.72021484375,0.4150390625,1.25732421875,0.06103515625,0.45166015625,-0.32958984375,-0.244140625,-0.25634765625,0.732421875,-0.08544921875,2.03857421875,0.2197265625,1.23291015625,0.048828125,1.67236328125,0.06103515625,6.43310546875,-0.830078125,0.15869140625,-0.03662109375,1.11083984375,0.08544921875,0.29296875,-0.30517578125,0.25634765625,-0.45166015625,0.20751953125,0.15869140625,0.76904296875,0.146484375,-0.0244140625,-0.048828125,1.28173828125,0.20751953125,-0.62255859375,-0.06103515625,-0.37841796875,0.0732421875,-1.01318359375,0.06103515625,-0.79345703125,-0.10986328125,-1.98974609375,-0.08544921875,-0.9521484375,-0.01220703125,-0.93994140625,-0.09765625,-1.89208984375,-0.1708984375,-0.67138671875,0.048828125,-0.732421875,-0.08544921875,-0.6103515625,-0.03662109375,-0.0732421875,-0.0244140625,0.59814453125,-0.244140625,-0.28076171875,0.0244140625,3.3935546875,-0.1953125,1.91650390625,-0.2685546875,0.35400390625,-0.09765625,-0.03662109375,-0.06103515625,-0.0244140625,-0.10986328125,0.15869140625,0.048828125,0.74462890625,-0.06103515625,1.3427734375,0.03662109375,0.146484375,-0.09765625,0.3662109375
0,0.06103515625,-0.37841796875,-0.03662109375,-0.37841796875,-0.537109375,-0.4150390625,0,-0.09765625,0.439453125,0.01220703125,0.146484375,-0.87890625,-0.048828125,1.07421875,-0.18310546875,-0.09765625,-0.30517578125,-0.537109375,0.048828125,-0.03662109375,0.23193359375,0.9033203125,0.13427734375,-0.57373046875,-0.3662109375,0.537109375,0.146484375,-0.35400390625,-0.20751953125,1.85546875,-0.0244140625,1.0498046875,0.146484375,0.35400390625,-0.4150390625,-0.5859375,-0.1220703125,-0.29296875,0.09765625,-0.32958984375,-0.08544921875,-0.2685546875,-0.52490234375,-0.69580078125,0.1953125,-0.3662109375,-0.732421875,0.72021484375,0.37841796875,1.20849609375,0.08544921875,0.439453125,-0.2197265625,-0.23193359375,-0.20751953125,0.72021484375,-0.0732421875,1.953125,0.244140625,1.15966796875,-0.1220703125,1.4892578125,0,6.04248046875,-0.8056640625,0.1708984375,-0.048828125,1.11083984375,0.0732421875,0.28076171875,-0.25634765625,0.2685546875,-0.4150390625,0.20751953125,0.1708984375,0.7080078125,0.0732421875,-0.03662109375,-0.09765625,1.28173828125,0.2685546875,-0.6103515625,-0.10986328125,-0.42724609375,0.1708984375,-1.03759765625,0.06103515625,-0.8056640625,-0.09765625,-1.7822265625,-0.048828125,-0.5615234375,0.13427734375,-0.6591796875,-0.15869140625,-1.57470703125,-0.15869140625,-0.68359375,0.03662109375,-0.732421875,-0.048828125,-0.5859375,-0.0244140625,-0.08544921875,0,0.74462890625,-0.18310546875,-0.146484375,0,3.759765625,-0.20751953125,2.03857421875,-0.25634765625,0.32958984375,-0.10986328125,-0.06103515625,-0.06103515625,-0.048828125,-0.10986328125,0.15869140625,0.08544921875,0.76904296875,-0.0732421875,1.220703125,0.01220703125,0.03662109375,-0.13427734375,0.23193359375
0,0.06103515625,-0.390625,-0.06103515625,-0.37841796875,-0.537109375,-0.42724609375,-0.0244140625,-0.08544921875,0.45166015625,0.03662109375,0.18310546875,-0.87890625,-0.03662109375,1.07421875,-0.15869140625,-0.10986328125,-0.28076171875,-0.54931640625,0.048828125,-0.048828125,0.25634765625,0.89111328125,0.1953125,-0.5859375,-0.341796875,0.52490234375,0.0732421875,-0.341796875,-0.08544921875,1.85546875,-0.1220703125,1.025390625,0.1708984375,0.28076171875,-0.3662109375,-0.634765625,-0.18310546875,-0.35400390625,0.146484375,-0.45166015625,-0.08544921875,-0.28076171875,-0.52490234375,-0.72021484375,0.1708984375,-0.35400390625,-0.76904296875,0.69580078125,0.28076171875,1.1962890625,0.13427734375,0.40283203125,-0.10986328125,-0.25634765625,-0.15869140625,0.69580078125,-0.08544921875,1.89208984375,0.29296875,1.0986328125,-0.13427734375,1.28173828125,-0.048828125,5.6640625,-0.79345703125,0.1953125,-0.048828125,1.11083984375,0.01220703125,0.29296875,-0.20751953125,0.29296875,-0.32958984375,0.1953125,0.23193359375,0.74462890625,-0.0244140625,-0.048828125,-0.13427734375,1.28173828125,0.30517578125,-0.64697265625,-0.146484375,-0.439453125,0.244140625,-1.03759765625,0.1220703125,-0.81787109375,-0.08544921875,-1.611328125,0.03662109375,-0.23193359375,0.23193359375,-0.40283203125,-0.20751953125,-1.30615234375,-0.146484375,-0.67138671875,0.0244140625,-0.74462890625,-0.0244140625,-0.6103515625,-0.01220703125,-0.08544921875,-0.0732421875,0.79345703125,-0.13427734375,-0.09765625,-0.01220703125,3.90625,-0.25634765625,2.0751953125,-0.2197265625,0.3173828125,-0.13427734375,-0.03662109375,-0.06103515625,-0.048828125,-0.10986328125,0.1708984375,0.09765625,0.87890625,-0.10986328125,1.15966796875,0.01220703125,-0.0244140625,-0.13427734375,0.15869140625
0,0.06103515625,-0.37841796875,-0.06103515625,-0.3662109375,-0.48828125,-0.42724609375,-0.0244140625,-0.06103515625,0.45166015625,0.06103515625,0.1953125,-0.87890625,-0.01220703125,1.07421875,-0.1220703125,-0.1220703125,-0.23193359375,-0.5859375,0.0244140625,-0.06103515625,0.2197265625,0.89111328125,0.28076171875,-0.59814453125,-0.28076171875,0.439453125,0.1708984375,-0.4150390625,0.03662109375,1.7333984375,-0.146484375,0.927734375,0.1708984375,0.20751953125,-0.3173828125,-0.69580078125,-0.2197265625,-0.40283203125,0.244140625,-0.59814453125,-0.048828125,-0.25634765625,-0.5859375,-0.72021484375,0.10986328125,-0.3662109375,-0.6591796875,0.6591796875,0.146484375,1.1962890625,0.146484375,0.37841796875,-0.01220703125,-0.2685546875,-0.1220703125,0.69580078125,-0.09765625,1.81884765625,0.3173828125,1.0498046875,-0.244140625,1.0986328125,0.0244140625,5.28564453125,-0.79345703125,0.1708984375,-0.03662109375,1.07421875,-0.048828125,0.25634765625,-0.15869140625,0.2685546875,-0.25634765625,0.1953125,0.2197265625,0.732421875,-0.13427734375,-0.03662109375,-0.08544921875,1.26953125,0.29296875,-0.68359375,-0.1220703125,-0.45166015625,0.29296875,-1.025390625,0.09765625,-0.81787109375,-0.048828125,-1.513671875,0.03662109375,-0.0244140625,0.28076171875,-0.2197265625,-0.2197265625,-1.1474609375,-0.08544921875,-0.67138671875,-0.048828125,-0.74462890625,0.01220703125,-0.59814453125,0.01220703125,-0.09765625,-0.10986328125,0.79345703125,-0.01220703125,-0.0732421875,0.01220703125,3.86962890625,-0.29296875,2.06298828125,-0.20751953125,0.30517578125,-0.146484375,-0.048828125,-0.08544921875,-0.06103515625,-0.08544921875,0.15869140625,0.146484375,1.123046875,-0.09765625,1.20849609375,0.0244140625,0,-0.048828125,0.1953125
0,0.06103515625,-0.3662109375,-0.09765625,-0.3662109375,-0.4638671875,-0.45166015625,-0.048828125,-0.048828125,0.42724609375,0.03662109375,0.20751953125,-0.86669921875,0.01220703125,1.07421875,-0.1220703125,-0.1220703125,-0.1708984375,-0.54931640625,0,-0.0732421875,0.20751953125,0.87890625,0.2685546875,-0.59814453125,-0.1708984375,0.29296875,0.18310546875,-0.4638671875,0.048828125,1.57470703125,-0.13427734375,0.76904296875,0.20751953125,0.15869140625,-0.30517578125,-0.76904296875,-0.2685546875,-0.439453125,0.29296875,-0.69580078125,0.048828125,-0.20751953125,-0.62255859375,-0.69580078125,0.048828125,-0.37841796875,-0.537109375,0.59814453125,0.0244140625,1.18408203125,0.1953125,0.341796875,0.048828125,-0.25634765625,-0.03662109375,0.67138671875,-0.09765625,1.7333984375,0.3662109375,1.025390625,-0.29296875,0.96435546875,-0.0732421875,5.0048828125,-0.81787109375,0.10986328125,-0.01220703125,1.03759765625,-0.0732421875,0.2197265625,-0.1220703125,0.25634765625,-0.13427734375,0.1708984375,0.1953125,0.76904296875,-0.23193359375,-0.03662109375,-0.048828125,1.26953125,0.2685546875,-0.74462890625,-0.09765625,-0.439453125,0.30517578125,-1.03759765625,0.06103515625,-0.8056640625,0.03662109375,-1.4892578125,0.048828125,0.01220703125,0.341796875,-0.13427734375,-0.08544921875,-1.07421875,-0.01220703125,-0.67138671875,-0.09765625,-0.72021484375,0.0244140625,-0.62255859375,0.03662109375,-0.0732421875,-0.15869140625,0.72021484375,0.0244140625,-0.15869140625,-0.01220703125,3.64990234375,-0.32958984375,1.9775390625,-0.15869140625,0.29296875,-0.1708984375,-0.0244140625,-0.0732421875,-0.06103515625,-0.06103515625,0.146484375,0.09765625,1.5625,-0.09765625,1.318359375,-0.01220703125,0.13427734375,-0.048828125,0.390625
0,0.0732421875,-0.37841796875,-0.09765625,-0.35400390625,-0.4638671875,-0.4638671875,-0.048828125,-0.06103515625,0.4150390625,0.01220703125,0.20751953125,-0.8544921875,0.0244140625,1.08642578125,-0.1708984375,-0.146484375,-0.13427734375,-0.54931640625,0.01220703125,-0.08544921875,0.1708984375,0.86669921875,0.2197265625,-0.6103515625,-0.0244140625,0.15869140625,0.2197265625,-0.52490234375,0.09765625,1.3916015625,-0.0244140625,0.64697265625,0.32958984375,0.1708984375,-0.244140625,-0.79345703125,-0.28076171875,-0.42724609375,0.341796875,-0.7568359375,0.08544921875,-0.1708984375,-0.68359375,-0.7080078125,0,-0.4150390625,-0.42724609375,0.5615234375,-0.0244140625,1.1962890625,0.23193359375,0.3662109375,0.146484375,-0.23193359375,0.09765625,0.67138671875,-0.23193359375,1.64794921875,0.390625,1.025390625,-0.35400390625,0.86669921875,-0.146484375,4.78515625,-0.732421875,0.048828125,0.03662109375,1.0009765625,-0.06103515625,0.18310546875,-0.10986328125,0.2197265625,-0.06103515625,0.15869140625,0.146484375,0.79345703125,-0.25634765625,-0.06103515625,0.0244140625,1.26953125,0.23193359375,-0.8056640625,-0.06103515625,-0.439453125,0.3173828125,-1.025390625,0.0244140625,-0.79345703125,0.0732421875,-1.55029296875,0.03662109375,-0.1220703125,0.3173828125,-0.1708984375,-0.01220703125,-1.0986328125,0.048828125,-0.67138671875,-0.146484375,-0.72021484375,0.0244140625,-0.62255859375,0.03662109375,-0.09765625,-0.20751953125,0.57373046875,0.09765625,-0.29296875,-0.01220703125,3.271484375,-0.3173828125,1.8310546875,-0.13427734375,0.29296875,-0.18310546875,0,-0.06103515625,-0.0244140625,-0.048828125,0.1708984375,0.1220703125,2.20947265625,-0.08544921875,1.62353515625,0,0.40283203125,-0.01220703125,0.78125
1,0.048828125,-0.37841796875,-0.09765625,-0.35400390625,-0.4150390625,-0.439453125,-0.048828125,-0.06103515625,0.390625,-0.0244140625,0.1953125,-0.89111328125,0.048828125,1.07421875,-0.13427734375,-0.1708984375,-0.1220703125,-0.57373046875,0.0244140625,-0.1220703125,0.10986328125,0.87890625,0.146484375,-0.6103515625,0.048828125,0.0732421875,0.1953125,-0.45166015625,0.06103515625,1.28173828125,0.0732421875,0.54931640625,0.40283203125,0.341796875,-0.20751953125,-0.79345703125,-0.2685546875,-0.37841796875,0.30517578125,-0.72021484375,0.146484375,-0.15869140625,-0.72021484375,-0.68359375,-0.06103515625,-0.4150390625,-0.29296875,0.52490234375,-0.13427734375,1.23291015625,0.23193359375,0.3662109375,0.1953125,-0.2197265625,0.2197265625,0.67138671875,-0.28076171875,1.5625,0.40283203125,0.98876953125,-0.4150390625,0.84228515625,-0.23193359375,4.638671875,-0.74462890625,-0.0244140625,0.08544921875,0.98876953125,-0.03662109375,0.1708984375,-0.10986328125,0.18310546875,-0.01220703125,0.1708984375,0.09765625,0.81787109375,-0.244140625,-0.048828125,0.08544921875,1.28173828125,0.15869140625,-0.87890625,0.01220703125,-0.42724609375,0.2685546875,-1.01318359375,-0.03662109375,-0.79345703125,0.0244140625,-1.64794921875,-0.03662109375,-0.341796875,0.2197265625,-0.30517578125,0,-1.20849609375,0.09765625,-0.67138671875,-0.15869140625,-0.69580078125,0.01220703125,-0.62255859375,0.01220703125,-0.09765625,-0.18310546875,0.40283203125,0.1708984375,-0.4638671875,-0.048828125,2.783203125,-0.25634765625,1.64794921875,-0.1220703125,0.30517578125,-0.1953125,0,-0.0732421875,-0.0244140625,-0.03662109375,0.18310546875,0,3.0517578125,-0.048828125,2.01416015625,0,0.81787109375,0,1.30615234375
1,0.0244140625,-0.37841796875,-0.10986328125,-0.35400390625,-0.42724609375,-0.42724609375,-0.048828125,-0.06103515625,0.341796875,-0.0732421875,0.1953125,-0.87890625,0.048828125,1.08642578125,-0.146484375,-0.1953125,-0.13427734375,-0.5615234375,0.01220703125,-0.146484375,0.048828125,0.87890625,0.03662109375,-0.6103515625,0.15869140625,0.13427734375,0.18310546875,-0.2197265625,0.06103515625,1.30615234375,0.2685546875,0.62255859375,0.45166015625,0.72021484375,-0.23193359375,-0.72021484375,-0.2685546875,-0.2685546875,0.244140625,-0.5615234375,0.1953125,-0.09765625,-0.68359375,-0.68359375,-0.08544921875,-0.42724609375,-0.2685546875,0.5126953125,-0.15869140625,1.23291015625,0.25634765625,0.390625,0.29296875,-0.2197265625,0.341796875,0.68359375,-0.3173828125,1.47705078125,0.4638671875,0.96435546875,-0.37841796875,0.86669921875,-0.28076171875,4.5166015625,-0.732421875,-0.08544921875,0.1708984375,0.9765625,0.06103515625,0.13427734375,-0.10986328125,0.15869140625,0.0244140625,0.1708984375,0.03662109375,0.81787109375,-0.18310546875,-0.03662109375,0.08544921875,1.26953125,0.08544921875,-0.91552734375,0.0244140625,-0.4150390625,0.1953125,-0.96435546875,-0.06103515625,-0.78125,0.09765625,-1.77001953125,0.06103515625,-0.62255859375,0.25634765625,-0.4638671875,0.18310546875,-1.3916015625,0.06103515625,-0.69580078125,-0.1220703125,-0.68359375,0,-0.6103515625,-0.0244140625,-0.09765625,-0.1953125,0.20751953125,0.13427734375,-0.68359375,-0.1220703125,2.2705078125,-0.20751953125,1.42822265625,-0.13427734375,0.30517578125,-0.1953125,-0.01220703125,-0.06103515625,0.01220703125,-0.06103515625,0.1953125,-0.1220703125,4.04052734375,-0.06103515625,2.50244140625,0.01220703125,1.26953125,0,1.953125
1,0.01220703125,-0.37841796875,-0.08544921875,-0.37841796875,-0.390625,-0.4150390625,-0.0732421875,-0.0732421875,0.341796875,-0.1220703125,0.18310546875,-0.89111328125,0.0244140625,1.08642578125,-0.146484375,-0.1953125,-0.15869140625,-0.54931640625,0,-0.1708984375,-0.03662109375,0.89111328125,-0.0244140625,-0.59814453125,0.15869140625,0.341796875,0.13427734375,0.244140625,0.01220703125,1.52587890625,0.3662109375,0.8544921875,0.5615234375,1.30615234375,-0.244140625,-0.57373046875,-0.2197265625,-0.08544921875,0.1708984375,-0.30517578125,0.1953125,-0.0732421875,-0.634765625,-0.68359375,-0.06103515625,-0.40283203125,-0.1953125,0.54931640625,-0.15869140625,1.220703125,0.2685546875,0.42724609375,0.341796875,-0.18310546875,0.390625,0.68359375,-0.341796875,1.42822265625,0.5126953125,0.91552734375,-0.341796875,0.927734375,-0.341796875,4.39453125,-0.64697265625,-0.146484375,0.2197265625,0.9765625,0.146484375,0.146484375,-0.13427734375,0.146484375,0.03662109375,0.1708984375,0,0.830078125,-0.10986328125,-0.03662109375,0.048828125,1.28173828125,0.09765625,-0.96435546875,0.0244140625,-0.390625,0.13427734375,-0.96435546875,-0.06103515625,-0.79345703125,0.08544921875,-1.86767578125,0.06103515625,-0.8544921875,0.1953125,-0.6591796875,0.1708984375,-1.55029296875,0.01220703125,-0.67138671875,-0.048828125,-0.69580078125,-0.048828125,-0.6103515625,-0.0732421875,-0.10986328125,-0.15869140625,-0.01220703125,0.06103515625,-0.89111328125,-0.146484375,1.7333984375,-0.18310546875,1.220703125,-0.146484375,0.35400390625,-0.2197265625,0,-0.0732421875,0.01220703125,-0.06103515625,0.20751953125,-0.09765625,5.11474609375,-0.09765625,2.99072265625,0.0244140625,1.77001953125,-0.01220703125,2.69775390625
1,0.01220703125,-0.40283203125,-0.06103515625,-0.3662109375,-0.35400390625,-0.4150390625,-0.0732421875,-0.08544921875,0.30517578125,-0.13427734375,0.1708984375,-0.9033203125,0.01220703125,1.08642578125,-0.146484375,-0.1953125,-0.2197265625,-0.54931640625,0.01220703125,-0.1708984375,-0.146484375,0.89111328125,-0.06103515625,-0.5859375,0.10986328125,0.732421875,0.1953125,0.93994140625,0.0244140625,2.001953125,0.37841796875,1.28173828125,0.47607421875,2.11181640625,-0.2685546875,-0.32958984375,-0.1708984375,0.1708984375,0.13427734375,0.048828125,0.18310546875,-0.048828125,-0.48828125,-0.69580078125,-0.01220703125,-0.390625,-0.13427734375,0.6103515625,-0.2197265625,1.220703125,0.28076171875,0.45166015625,0.3662109375,-0.15869140625,0.42724609375,0.7080078125,-0.35400390625,1.3671875,0.57373046875,0.89111328125,-0.30517578125,0.98876953125,-0.3662109375,4.23583984375,-0.59814453125,-0.15869140625,0.1953125,0.98876953125,0.20751953125,0.1708984375,-0.20751953125,0.1220703125,0.0732421875,0.1953125,-0.03662109375,0.8544921875,-0.0732421875,-0.0244140625,0.03662109375,1.28173828125,0.0732421875,-0.9765625,0.03662109375,-0.37841796875,0.0244140625,-0.93994140625,-0.08544921875,-0.78125,0.01220703125,-1.904296875,0.01220703125,-1.025390625,0.146484375,-0.74462890625,0.1708984375,-1.62353515625,-0.048828125,-0.69580078125,0.048828125,-0.69580078125,-0.09765625,-0.5859375,-0.08544921875,-0.10986328125,-0.10986328125,-0.244140625,0,-1.06201171875,-0.20751953125,1.220703125,-0.13427734375,1.01318359375,-0.13427734375,0.37841796875,-0.1953125,-0.01220703125,-0.0732421875,0.0244140625,-0.0732421875,0.23193359375,-0.06103515625,6.201171875,-0.10986328125,3.50341796875,0.0244140625,2.25830078125,0,3.40576171875
1,0,-0.40283203125,-0.048828125,-0.35400390625,-0.29296875,-0.4150390625,-0.10986328125,-0.08544921875,0.2685546875,-0.1220703125,0.1708984375,-0.9033203125,0,1.07421875,-0.2197265625,-0.1708984375,-0.2685546875,-0.537109375,0,-0.15869140625,-0.23193359375,0.9033203125,-0.03662109375,-0.5859375,0.0732421875,1.2939453125,0.20751953125,1.904296875,0.09765625,2.7099609375,0.341796875,1.91650390625,0.50048828125,3.0517578125,-0.2685546875,-0.08544921875,-0.13427734375,0.439453125,0.08544921875,0.45166015625,0.18310546875,-0.048828125,-0.35400390625,-0.72021484375,0.08544921875,-0.390625,-0.1220703125,0.62255859375,-0.29296875,1.1962890625,0.28076171875,0.4638671875,0.390625,-0.146484375,0.4638671875,0.72021484375,-0.390625,1.28173828125,0.6103515625,0.830078125,-0.341796875,0.9765625,-0.18310546875,3.94287109375,-0.4638671875,-0.15869140625,0.1953125,0.9765625,0.29296875,0.1708984375,-0.23193359375,0.13427734375,0.09765625,0.20751953125,-0.08544921875,0.86669921875,-0.03662109375,-0.0244140625,0,1.30615234375,0.10986328125,-0.98876953125,0.01220703125,-0.3662109375,-0.09765625,-0.98876953125,-0.1220703125,-0.76904296875,0.0244140625,-1.8798828125,0.1220703125,-1.07421875,0.1708984375,-0.78125,0.18310546875,-1.6357421875,-0.146484375,-0.68359375,0.15869140625,-0.7080078125,-0.1953125,-0.5615234375,-0.0732421875,-0.09765625,-0.048828125,-0.4150390625,-0.06103515625,-1.2451171875,-0.244140625,0.76904296875,-0.10986328125,0.830078125,-0.13427734375,0.40283203125,-0.1708984375,0,-0.06103515625,0.0244140625,-0.09765625,0.2197265625,0,7.2021484375,-0.09765625,3.955078125,0.048828125,2.685546875,0.0244140625,4.0283203125
1,0,-0.40283203125,-0.01220703125,-0.35400390625,-0.2197265625,-0.4150390625,-0.13427734375,-0.08544921875,0.23193359375,-0.09765625,0.15869140625,-0.91552734375,0,1.07421875,-0.29296875,-0.146484375,-0.30517578125,-0.52490234375,0.0244140625,-0.13427734375,-0.3173828125,0.9033203125,-0.0244140625,-0.5615234375,-0.08544921875,1.98974609375,0.0732421875,3.01513671875,0.08544921875,3.564453125,0.1953125,2.6611328125,0.52490234375,4.06494140625,-0.29296875,0.23193359375,-0.146484375,0.76904296875,0.03662109375,0.8544921875,0.0732421875,-0.0732421875,-0.30517578125,-0.7080078125,0.13427734375,-0.37841796875,-0.13427734375,0.67138671875,-0.25634765625,1.1474609375,0.2197265625,0.48828125,0.341796875,-0.10986328125,0.4638671875,0.732421875,-0.390625,1.220703125,0.62255859375,0.78125,-0.244140625,0.9521484375,-0.2197265625,3.515625,-0.3662109375,-0.08544921875,0.15869140625,1.01318359375,0.3173828125,0.18310546875,-0.2685546875,0.18310546875,0.03662109375,0.20751953125,-0.09765625,0.87890625,-0.0244140625,-0.01220703125,-0.01220703125,1.2939453125,0.10986328125,-0.98876953125,0,-0.390625,-0.1220703125,-0.98876953125,-0.20751953125,-0.78125,-0.1220703125,-1.7822265625,0.06103515625,-0.98876953125,0.09765625,-0.68359375,0.048828125,-1.55029296875,-0.1953125,-0.68359375,0.244140625,-0.72021484375,-0.25634765625,-0.5615234375,-0.0732421875,-0.1220703125,0,-0.57373046875,-0.08544921875,-1.42822265625,-0.2685546875,0.35400390625,-0.0732421875,0.6591796875,-0.15869140625,0.42724609375,-0.15869140625,-0.01220703125,-0.0732421875,0.048828125,-0.10986328125,0.23193359375,-0.0732421875,8.0322265625,-0.0732421875,4.23583984375,0.03662109375,2.978515625,0.0244140625,4.5166015625
1,-0.01220703125,-0.390625,0,-0.35400390625,-0.18310546875,-0.42724609375,-0.146484375,-0.09765625,0.1953125,-0.0732421875,0.15869140625,-0.9033203125,0.01220703125,1.06201171875,-0.32958984375,-0.13427734375,-0.390625,-0.52490234375,0.0244140625,-0.10986328125,-0.3662109375,0.9033203125,0.0244140625,-0.54931640625,-0.1708984375,2.783203125,0.146484375,4.1748046875,0.08544921875,4.55322265625,0.0732421875,3.50341796875,0.537109375,5.1025390625,-0.341796875,0.52490234375,-0.13427734375,1.06201171875,-0.03662109375,1.220703125,-0.03662109375,-0.08544921875,-0.23193359375,-0.732421875,0.13427734375,-0.390625,-0.15869140625,0.7080078125,-0.25634765625,1.1474609375,0.15869140625,0.45166015625,0.3173828125,-0.08544921875,0.4638671875,0.74462890625,-0.390625,1.13525390625,0.634765625,0.67138671875,-0.1953125,0.81787109375,-0.1220703125,2.9541015625,-0.341796875,-0.01220703125,0.08544921875,1.01318359375,0.3173828125,0.2197265625,-0.32958984375,0.18310546875,-0.01220703125,0.23193359375,-0.13427734375,0.86669921875,0,-0.01220703125,-0.03662109375,1.318359375,0.09765625,-1.0009765625,-0.01220703125,-0.37841796875,-0.146484375,-1.01318359375,-0.25634765625,-0.8056640625,-0.1953125,-1.62353515625,0.06103515625,-0.76904296875,0.03662109375,-0.47607421875,0.03662109375,-1.37939453125,-0.23193359375,-0.69580078125,0.32958984375,-0.72021484375,-0.32958984375,-0.54931640625,-0.06103515625,-0.1220703125,0.048828125,-0.732421875,-0.1220703125,-1.52587890625,-0.3173828125,-0.0244140625,-0.0732421875,0.50048828125,-0.1708984375,0.42724609375,-0.18310546875,-0.0244140625,-0.06103515625,0.03662109375,-0.10986328125,0.1953125,-0.0244140625,8.65478515625,-0.06103515625,4.4189453125,0.048828125,3.125,0.03662109375,4.833984375
1,-0.01220703125,-0.37841796875,0,-0.35400390625,-0.1708984375,-0.439453125,-0.146484375,-0.08544921875,0.18310546875,-0.048828125,0.13427734375,-0.9033203125,0.01220703125,1.0498046875,-0.3173828125,-0.13427734375,-0.4150390625,-0.52490234375,-0.0244140625,-0.09765625,-0.3173828125,0.89111328125,0.06103515625,-0.5615234375,-0.28076171875,3.515625,0.13427734375,5.37109375,0.01220703125,5.517578125,-0.0244140625,4.28466796875,0.45166015625,6.0791015625,-0.35400390625,0.78125,-0.08544921875,1.33056640625,-0.048828125,1.5380859375,-0.146484375,-0.146484375,-0.23193359375,-0.732421875,0.0732421875,-0.3662109375,-0.146484375,0.732421875,-0.1708984375,1.123046875,0.1220703125,0.439453125,0.3173828125,-0.06103515625,0.42724609375,0.732421875,-0.35400390625,1.025390625,0.59814453125,0.54931640625,-0.23193359375,0.62255859375,-0.01220703125,2.30712890625,-0.25634765625,0.048828125,-0.01220703125,1.0498046875,0.30517578125,0.23193359375,-0.3662109375,0.23193359375,-0.06103515625,0.25634765625,-0.146484375,0.830078125,0,-0.01220703125,0.0244140625,1.318359375,0.10986328125,-1.01318359375,-0.01220703125,-0.390625,-0.146484375,-1.03759765625,-0.30517578125,-0.830078125,-0.15869140625,-1.40380859375,0.0732421875,-0.48828125,0.06103515625,-0.244140625,0,-1.123046875,-0.23193359375,-0.68359375,0.35400390625,-0.732421875,-0.341796875,-0.537109375,-0.048828125,-0.10986328125,0.06103515625,-0.86669921875,-0.10986328125,-1.66015625,-0.2685546875,-0.341796875,-0.1220703125,0.35400390625,-0.18310546875,0.4150390625,-0.15869140625,-0.048828125,-0.06103515625,0.048828125,-0.08544921875,0.18310546875,-0.03662109375,9.08203125,-0.048828125,4.4921875,0.0244140625,3.18603515625,0,4.9560546875
1,0,-0.37841796875,-0.0244140625,-0.3662109375,-0.18310546875,-0.439453125,-0.146484375,-0.09765625,0.146484375,-0.03662109375,0.1220703125,-0.9033203125,-0.01220703125,1.0498046875,-0.30517578125,-0.1220703125,-0.42724609375,-0.5126953125,-0.0244140625,-0.08544921875,-0.29296875,0.86669921875,0.06103515625,-0.57373046875,-0.30517578125,4.1748046875,0.09765625,6.40869140625,-0.048828125,6.35986328125,-0.03662109375,5.029296875,0.40283203125,6.84814453125,-0.439453125,1.01318359375,-0.0732421875,1.5380859375,-0.048828125,1.7822265625,-0.13427734375,-0.1953125,-0.244140625,-0.732421875,0.06103515625,-0.37841796875,-0.20751953125,0.68359375,-0.18310546875,1.123046875,0.15869140625,0.40283203125,0.25634765625,-0.03662109375,0.3662109375,0.69580078125,-0.28076171875,0.927734375,0.57373046875,0.47607421875,-0.20751953125,0.439453125,0.0732421875,1.59912109375,-0.23193359375,0.1220703125,-0.10986328125,1.06201171875,0.244140625,0.2197265625,-0.4150390625,0.25634765625,-0.09765625,0.244140625,-0.146484375,0.830078125,-0.01220703125,-0.0244140625,0.06103515625,1.30615234375,0.09765625,-1.01318359375,-0.0244140625,-0.42724609375,-0.1953125,-1.06201171875,-0.3173828125,-0.84228515625,-0.244140625,-1.1962890625,-0.03662109375,-0.1953125,-0.06103515625,0.03662109375,-0.08544921875,-0.84228515625,-0.25634765625,-0.69580078125,0.29296875,-0.72021484375,-0.32958984375,-0.57373046875,-0.0244140625,-0.1220703125,0.08544921875,-0.9765625,-0.0732421875,-1.7333984375,-0.23193359375,-0.67138671875,-0.15869140625,0.23193359375,-0.1953125,0.390625,-0.1953125,-0.06103515625,-0.0732421875,0.09765625,-0.08544921875,0.1708984375,0,9.26513671875,-0.048828125,4.4677734375,-0.0244140625,3.173828125,-0.03662109375,4.94384765625
1,-0.01220703125,-0.37841796875,-0.03662109375,-0.40283203125,-0.1708984375,-0.45166015625,-0.1708984375,-0.10986328125,0.10986328125,-0.03662109375,0.09765625,-0.91552734375,-0.01220703125,1.03759765625,-0.2685546875,-0.15869140625,-0.40283203125,-0.52490234375,-0.0732421875,-0.08544921875,-0.2197265625,0.89111328125,0.048828125,-0.5615234375,-0.40283203125,4.6630859375,0,7.23876953125,-0.20751953125,7.01904296875,-0.06103515625,5.56640625,0.37841796875,7.421875,-0.47607421875,1.171875,-0.0732421875,1.67236328125,-0.03662109375,1.91650390625,-0.09765625,-0.244140625,-0.25634765625,-0.72021484375,0,-0.35400390625,-0.15869140625,0.6591796875,-0.18310546875,1.1474609375,0.23193359375,0.37841796875,0.1708984375,0,0.37841796875,0.68359375,-0.244140625,0.81787109375,0.57373046875,0.37841796875,-0.23193359375,0.23193359375,0.1708984375,0.927734375,-0.2197265625,0.15869140625,-0.2197265625,1.0498046875,0.1220703125,0.2197265625,-0.40283203125,0.244140625,-0.146484375,0.23193359375,-0.1708984375,0.78125,0,-0.03662109375,0.13427734375,1.28173828125,0.0732421875,-1.0498046875,0.03662109375,-0.439453125,-0.20751953125,-1.07421875,-0.28076171875,-0.8544921875,-0.23193359375,-0.98876953125,-0.08544921875,0.0732421875,-0.10986328125,0.25634765625,-0.0732421875,-0.57373046875,-0.25634765625,-0.69580078125,0.23193359375,-0.7080078125,-0.2685546875,-0.57373046875,0.01220703125,-0.10986328125,0.1220703125,-1.06201171875,-0.0732421875,-1.84326171875,-0.1708984375,-0.9521484375,-0.20751953125,0.13427734375,-0.1953125,0.3662109375,-0.18310546875,-0.06103515625,-0.06103515625,0.08544921875,-0.06103515625,0.146484375,0.01220703125,9.21630859375,-0.03662109375,4.35791015625,-0.03662109375,3.06396484375,0,4.8095703125
1,-0.01220703125,-0.3662109375,-0.03662109375,-0.37841796875,-0.15869140625,-0.439453125,-0.15869140625,-0.09765625,0.10986328125,-0.0244140625,0.09765625,-0.9033203125,-0.01220703125,1.06201171875,-0.29296875,-0.146484375,-0.3662109375,-0.537109375,-0.09765625,-0.08544921875,-0.1220703125,0.89111328125,0.0244140625,-0.57373046875,-0.45166015625,5.0048828125,-0.08544921875,7.8125,-0.341796875,7.470703125,-0.0244140625,5.92041015625,0.48828125,7.7392578125,-0.537109375,1.26953125,-0.0244140625,1.7333984375,-0.01220703125,1.9775390625,-0.048828125,-0.28076171875,-0.30517578125,-0.7080078125,-0.03662109375,-0.390625,-0.1220703125,0.59814453125,-0.23193359375,1.15966796875,0.28076171875,0.390625,0.06103515625,0,0.3662109375,0.69580078125,-0.1953125,0.7080078125,0.5615234375,0.35400390625,-0.20751953125,0.09765625,0.25634765625,0.4150390625,-0.244140625,0.15869140625,-0.32958984375,1.0498046875,-0.0244140625,0.2197265625,-0.40283203125,0.23193359375,-0.20751953125,0.20751953125,-0.13427734375,0.78125,-0.03662109375,-0.03662109375,0.1953125,1.28173828125,0.0732421875,-1.06201171875,0.048828125,-0.42724609375,-0.1953125,-1.06201171875,-0.23193359375,-0.86669921875,-0.2197265625,-0.89111328125,-0.08544921875,0.244140625,-0.13427734375,0.42724609375,-0.0732421875,-0.390625,-0.244140625,-0.7080078125,0.09765625,-0.69580078125,-0.23193359375,-0.59814453125,0.048828125,-0.10986328125,0.0732421875,-1.123046875,-0.0244140625,-1.91650390625,-0.0732421875,-1.220703125,-0.2685546875,0.03662109375,-0.18310546875,0.32958984375,-0.1953125,-0.06103515625,-0.06103515625,0.0732421875,-0.048828125,0.146484375,-0.08544921875,9.02099609375,-0.0244140625,4.26025390625,-0.08544921875,2.9296875,-0.0244140625,4.58984375
1,0.01220703125,-0.37841796875,-0.0732421875,-0.37841796875,-0.18310546875,-0.439453125,-0.1708984375,-0.09765625,0.1220703125,-0.03662109375,0.09765625,-0.9033203125,0.01220703125,1.06201171875,-0.32958984375,-0.13427734375,-0.30517578125,-0.54931640625,-0.09765625,-0.09765625,-0.06103515625,0.89111328125,-0.0244140625,-0.5859375,-0.4150390625,5.1513671875,-0.01220703125,8.10546875,-0.37841796875,7.6416015625,0.03662109375,6.0546875,0.5615234375,7.8125,-0.59814453125,1.28173828125,0,1.74560546875,0.03662109375,1.953125,0.08544921875,-0.29296875,-0.341796875,-0.69580078125,-0.03662109375,-0.390625,-0.146484375,0.57373046875,-0.2197265625,1.171875,0.390625,0.390625,-0.03662109375,0.0244140625,0.341796875,0.67138671875,-0.1953125,0.64697265625,0.57373046875,0.35400390625,-0.1708984375,-0.0244140625,0.3662109375,0.146484375,-0.30517578125,0.18310546875,-0.3662109375,1.03759765625,-0.08544921875,0.20751953125,-0.40283203125,0.23193359375,-0.25634765625,0.1953125,-0.10986328125,0.8056640625,-0.0244140625,-0.03662109375,0.29296875,1.2939453125,0.08544921875,-1.0498046875,0.03662109375,-0.439453125,-0.18310546875,-1.0498046875,-0.15869140625,-0.86669921875,-0.1953125,-0.830078125,-0.09765625,0.2685546875,-0.10986328125,0.48828125,-0.0244140625,-0.28076171875,-0.23193359375,-0.7080078125,-0.048828125,-0.68359375,-0.1708984375,-0.5859375,0.08544921875,-0.10986328125,0.09765625,-1.1962890625,0.048828125,-1.96533203125,-0.03662109375,-1.47705078125,-0.30517578125,-0.048828125,-0.1953125,0.3173828125,-0.1953125,-0.048828125,-0.048828125,0.048828125,-0.01220703125,0.146484375,-0.13427734375,8.75244140625,-0.06103515625,4.13818359375,-0.0732421875,2.8076171875,-0.03662109375,4.4189453125
1,0.01220703125,-0.37841796875,-0.08544921875,-0.341796875,-0.15869140625,-0.4150390625,-0.1953125,-0.0732421875,0.0732421875,-0.0244140625,0.08544921875,-0.9033203125,-0.01220703125,1.0498046875,-0.341796875,-0.1220703125,-0.2685546875,-0.5615234375,-0.0732421875,-0.09765625,0.01220703125,0.89111328125,-0.048828125,-0.59814453125,-0.40283203125,5.1025390625,0.03662109375,8.10546875,-0.390625,7.60498046875,0.09765625,6.005859375,0.47607421875,7.65380859375,-0.62255859375,1.23291015625,0.01220703125,1.66015625,0.08544921875,1.86767578125,0.1708984375,-0.29296875,-0.37841796875,-0.68359375,-0.03662109375,-0.390625,-0.08544921875,0.537109375,-0.25634765625,1.18408203125,0.40283203125,0.40283203125,-0.13427734375,0.0244140625,0.28076171875,0.68359375,-0.1953125,0.64697265625,0.5859375,0.3662109375,-0.146484375,-0.01220703125,0.4638671875,0.18310546875,-0.341796875,0.1708984375,-0.42724609375,1.01318359375,-0.15869140625,0.2197265625,-0.390625,0.244140625,-0.29296875,0.20751953125,-0.08544921875,0.76904296875,-0.01220703125,-0.0244140625,0.35400390625,1.28173828125,0.13427734375,-1.025390625,0.0244140625,-0.439453125,-0.10986328125,-1.0498046875,-0.18310546875,-0.84228515625,-0.1953125,-0.84228515625,-0.08544921875,0.23193359375,-0.08544921875,0.48828125,-0.048828125,-0.244140625,-0.1708984375,-0.69580078125,-0.15869140625,-0.6591796875,-0.10986328125,-0.57373046875,0.0732421875,-0.08544921875,0.0732421875,-1.25732421875,0.1220703125,-2.01416015625,-0.0244140625,-1.62353515625,-0.341796875,-0.10986328125,-0.1953125,0.30517578125,-0.18310546875,-0.01220703125,-0.06103515625,0.0244140625,-0.0244140625,0.15869140625,-0.146484375,8.41064453125,-0.08544921875,4.06494140625,-0.0732421875,2.734375,-0.08544921875,4.2724609375
0,0.01220703125,-0.390625,-0.09765625,-0.341796875,-0.1220703125,-0.40283203125,-0.20751953125,-0.0732421875,0.048828125,-0.048828125,0.0732421875,-0.9033203125,0.0244140625,1.06201171875,-0.30517578125,-0.09765625,-0.25634765625,-0.5615234375,-0.08544921875,-0.10986328125,0,0.9033203125,-0.09765625,-0.59814453125,-0.35400390625,4.9560546875,-0.03662109375,7.91015625,-0.341796875,7.373046875,0.10986328125,5.82275390625,0.4638671875,7.31201171875,-0.67138671875,1.1474609375,0.01220703125,1.5625,0.146484375,1.77001953125,0.244140625,-0.30517578125,-0.35400390625,-0.69580078125,0,-0.40283203125,-0.048828125,0.537109375,-0.2197265625,1.18408203125,0.40283203125,0.42724609375,-0.18310546875,-0.03662109375,0.20751953125,0.67138671875,-0.23193359375,0.68359375,0.5859375,0.4150390625,-0.06103515625,0.06103515625,0.48828125,0.5859375,-0.28076171875,0.146484375,-0.439453125,1.03759765625,-0.15869140625,0.23193359375,-0.42724609375,0.2197265625,-0.30517578125,0.20751953125,-0.048828125,0.8056640625,0.048828125,-0.01220703125,0.390625,1.28173828125,0.13427734375,-1.025390625,0.01220703125,-0.40283203125,-0.03662109375,-1.01318359375,-0.146484375,-0.81787109375,-0.18310546875,-0.927734375,-0.048828125,0.06103515625,-0.048828125,0.37841796875,-0.06103515625,-0.3173828125,-0.09765625,-0.68359375,-0.244140625,-0.67138671875,-0.0244140625,-0.57373046875,0.08544921875,-0.09765625,0.048828125,-1.28173828125,0.1953125,-2.05078125,-0.01220703125,-1.7333984375,-0.37841796875,-0.146484375,-0.1953125,0.341796875,-0.1708984375,0.01220703125,-0.048828125,0.01220703125,-0.048828125,0.18310546875,-0.146484375,8.0322265625,-0.09765625,4.0283203125,-0.0732421875,2.685546875,-0.13427734375,4.13818359375
0,0.0244140625,-0.37841796875,-0.09765625,-0.32958984375,-0.1220703125,-0.4150390625,-0.244140625,-0.06103515625,0.048828125,-0.09765625,0.08544921875,-0.89111328125,0.0244140625,1.07421875,-0.28076171875,-0.13427734375,-0.2197265625,-0.5859375,-0.10986328125,-0.1220703125,-0.03662109375,0.91552734375,-0.1220703125,-0.5859375,-0.3173828125,4.69970703125,-0.06103515625,7.53173828125,-0.28076171875,7.04345703125,0.08544921875,5.52978515625,0.40283203125,6.8603515625,-0.732421875,1.0498046875,0.01220703125,1.45263671875,0.18310546875,1.66015625,0.20751953125,-0.2685546875,-0.30517578125,-0.67138671875,0.09765625,-0.390625,0.03662109375,0.57373046875,-0.18310546875,1.18408203125,0.4150390625,0.439453125,-0.1953125,-0.06103515625,0.13427734375,0.69580078125,-0.2197265625,0.8056640625,0.6103515625,0.54931640625,0.048828125,0.244140625,0.6103515625,1.33056640625,-0.29296875,0.09765625,-0.4638671875,1.025390625,-0.13427734375,0.23193359375,-0.4638671875,0.2197265625,-0.30517578125,0.1953125,-0.0244140625,0.8056640625,0.146484375,0,0.390625,1.28173828125,0.146484375,-0.98876953125,-0.01220703125,-0.390625,0.0732421875,-1.01318359375,-0.146484375,-0.78125,-0.13427734375,-1.01318359375,-0.03662109375,-0.146484375,0,0.244140625,-0.06103515625,-0.439453125,-0.03662109375,-0.6591796875,-0.2685546875,-0.634765625,0.01220703125,-0.5859375,0.06103515625,-0.09765625,0.06103515625,-1.318359375,0.28076171875,-2.06298828125,0.03662109375,-1.7578125,-0.37841796875,-0.146484375,-0.23193359375,0.3662109375,-0.1708984375,0.0244140625,-0.06103515625,0,-0.06103515625,0.20751953125,-0.1220703125,7.6171875,-0.15869140625,3.955078125,-0.08544921875,2.64892578125,-0.18310546875,4.01611328125
0,-0.01220703125,-0.390625,-0.09765625,-0.341796875,-0.06103515625,-0.4150390625,-0.25634765625,-0.06103515625,0.03662109375,-0.1220703125,0.09765625,-0.9033203125,0.048828125,1.08642578125,-0.23193359375,-0.13427734375,-0.20751953125,-0.5859375,-0.08544921875,-0.13427734375,-0.08544921875,0.9033203125,-0.09765625,-0.5615234375,-0.2685546875,4.4189453125,-0.03662109375,7.0556640625,-0.15869140625,6.65283203125,0.08544921875,5.21240234375,0.35400390625,6.40869140625,-0.78125,0.89111328125,0.0244140625,1.318359375,0.1953125,1.55029296875,0.1953125,-0.244140625,-0.28076171875,-0.67138671875,0.18310546875,-0.390625,0.08544921875,0.6103515625,-0.1708984375,1.171875,0.4150390625,0.45166015625,-0.1953125,-0.13427734375,0.09765625,0.69580078125,-0.244140625,1.01318359375,0.57373046875,0.732421875,0.0244140625,0.48828125,0.6103515625,2.35595703125,-0.30517578125,0.0732421875,-0.45166015625,1.0498046875,-0.09765625,0.244140625,-0.50048828125,0.23193359375,-0.32958984375,0.2197265625,0.0244140625,0.78125,0.20751953125,0.01220703125,0.341796875,1.2939453125,0.1708984375,-0.96435546875,0,-0.390625,0.2197265625,-1.0009765625,-0.09765625,-0.79345703125,-0.09765625,-1.1474609375,-0.048828125,-0.341796875,0.0244140625,0.08544921875,-0.0732421875,-0.5859375,0.03662109375,-0.6591796875,-0.25634765625,-0.6591796875,0.06103515625,-0.57373046875,0.03662109375,-0.08544921875,0,-1.318359375,0.29296875,-2.0751953125,0.048828125,-1.7333984375,-0.390625,-0.15869140625,-0.2197265625,0.390625,-0.146484375,0.01220703125,-0.06103515625,-0.01220703125,-0.08544921875,0.2197265625,-0.09765625,7.23876953125,-0.13427734375,3.857421875,-0.0732421875,2.587890625,-0.2197265625,3.91845703125
0,-0.01220703125,-0.37841796875,-0.09765625,-0.32958984375,-0.0732421875,-0.4150390625,-0.25634765625,-0.0732421875,0.0244140625,-0.1220703125,0.1220703125,-0.86669921875,0.03662109375,1.0986328125,-0.23193359375,-0.146484375,-0.1708984375,-0.59814453125,-0.10986328125,-0.13427734375,-0.1953125,0.927734375,-0.0732421875,-0.57373046875,-0.1708984375,4.16259765625,0.03662109375,6.57958984375,-0.06103515625,6.28662109375,0.0732421875,4.9072265625,0.3662109375,5.94482421875,-0.79345703125,0.7568359375,0.048828125,1.23291015625,0.18310546875,1.4404296875,0.0732421875,-0.20751953125,-0.18310546875,-0.68359375,0.2685546875,-0.37841796875,0.1708984375,0.69580078125,-0.1953125,1.171875,0.4638671875,0.4638671875,-0.20751953125,-0.1953125,0.06103515625,0.69580078125,-0.28076171875,1.28173828125,0.48828125,0.91552734375,0.08544921875,0.76904296875,0.54931640625,3.564453125,-0.35400390625,0.048828125,-0.45166015625,1.03759765625,-0.0244140625,0.25634765625,-0.537109375,0.2197265625,-0.30517578125,0.23193359375,0.10986328125,0.830078125,0.244140625,0.01220703125,0.29296875,1.30615234375,0.1708984375,-0.9521484375,-0.0244140625,-0.40283203125,0.2685546875,-1.0009765625,-0.01220703125,-0.78125,-0.06103515625,-1.25732421875,0.01220703125,-0.50048828125,0.0244140625,-0.0244140625,-0.09765625,-0.732421875,0.0244140625,-0.67138671875,-0.23193359375,-0.69580078125,0.0732421875,-0.5859375,0.0244140625,-0.08544921875,-0.06103515625,-1.28173828125,0.28076171875,-2.05078125,0.03662109375,-1.66015625,-0.37841796875,-0.10986328125,-0.1953125,0.40283203125,-0.146484375,0,-0.048828125,0,-0.09765625,0.23193359375,-0.146484375,6.8603515625,-0.13427734375,3.74755859375,-0.10986328125,2.52685546875,-0.23193359375,3.80859375
0,-0.01220703125,-0.3662109375,-0.10986328125,-0.341796875,-0.09765625,-0.42724609375,-0.2685546875,-0.0732421875,0,-0.08544921875,0.146484375,-0.87890625,0.048828125,1.11083984375,-0.29296875,-0.15869140625,-0.13427734375,-0.5859375,-0.09765625,-0.1220703125,-0.25634765625,0.91552734375,-0.06103515625,-0.5615234375,-0.15869140625,3.90625,0.03662109375,6.1279296875,0.01220703125,5.9814453125,0.0244140625,4.638671875,0.4150390625,5.4931640625,-0.74462890625,0.634765625,0.048828125,1.123046875,0.15869140625,1.35498046875,0.03662109375,-0.20751953125,-0.13427734375,-0.7080078125,0.341796875,-0.37841796875,0.244140625,0.74462890625,-0.15869140625,1.15966796875,0.439453125,0.45166015625,-0.244140625,-0.2685546875,0,0.68359375,-0.28076171875,1.5625,0.5126953125,1.123046875,0.08544921875,1.01318359375,0.5615234375,4.9072265625,-0.25634765625,0.03662109375,-0.37841796875,1.0498046875,0.048828125,0.2685546875,-0.54931640625,0.23193359375,-0.3173828125,0.23193359375,0.2197265625,0.81787109375,0.2197265625,0.01220703125,0.23193359375,1.28173828125,0.146484375,-0.9521484375,0.01220703125,-0.390625,0.35400390625,-1.0009765625,-0.08544921875,-0.79345703125,-0.0732421875,-1.33056640625,0.048828125,-0.57373046875,0.01220703125,-0.08544921875,-0.08544921875,-0.79345703125,0.03662109375,-0.634765625,-0.20751953125,-0.7080078125,0.0244140625,-0.54931640625,0.048828125,-0.0732421875,-0.06103515625,-1.23291015625,0.18310546875,-2.0263671875,-0.06103515625,-1.55029296875,-0.32958984375,-0.06103515625,-0.1708984375,0.40283203125,-0.146484375,-0.01220703125,-0.06103515625,-0.01220703125,-0.10986328125,0.1953125,-0.15869140625,6.494140625,-0.1220703125,3.61328125,-0.10986328125,2.40478515625,-0.23193359375,3.662109375
0,-0.03662109375,-0.40283203125,-0.1220703125,-0.37841796875,-0.03662109375,-0.40283203125,-0.244140625,-0.08544921875,-0.0732421875,-0.048828125,0.10986328125,-0.91552734375,0.06103515625,1.08642578125,-0.28076171875,-0.1708984375,-0.146484375,-0.5859375,-0.1220703125,-0.10986328125,-0.30517578125,0.9033203125,-0.08544921875,-0.5615234375,-0.08544921875,3.7109375,0.13427734375,5.76171875,0.1220703125,5.7373046875,0.10986328125,4.45556640625,0.390625,5.13916015625,-0.7080078125,0.50048828125,0.06103515625,1.01318359375,0.09765625,1.25732421875,0.0732421875,-0.20751953125,-0.15869140625,-0.732421875,0.32958984375,-0.390625,0.23193359375,0.7568359375,-0.13427734375,1.171875,0.390625,0.42724609375,-0.23193359375,-0.29296875,-0.0244140625,0.69580078125,-0.2685546875,1.904296875,0.52490234375,1.35498046875,0.048828125,1.2939453125,0.537109375,6.23779296875,-0.2197265625,0.0732421875,-0.3662109375,1.025390625,0.09765625,0.23193359375,-0.5126953125,0.20751953125,-0.37841796875,0.2197265625,0.2685546875,0.81787109375,0.18310546875,0.01220703125,0.15869140625,1.318359375,0.13427734375,-0.927734375,0.048828125,-0.40283203125,0.3662109375,-1.025390625,-0.03662109375,-0.79345703125,-0.09765625,-1.3427734375,-0.01220703125,-0.537109375,-0.0732421875,-0.1220703125,-0.146484375,-0.86669921875,0.01220703125,-0.62255859375,-0.15869140625,-0.72021484375,-0.048828125,-0.54931640625,0.048828125,-0.08544921875,-0.09765625,-1.18408203125,0.10986328125,-1.98974609375,-0.146484375,-1.416015625,-0.28076171875,-0.01220703125,-0.1220703125,0.390625,-0.146484375,-0.0244140625,-0.048828125,-0.01220703125,-0.09765625,0.1953125,-0.1708984375,6.1279296875,-0.146484375,3.40576171875,-0.10986328125,2.24609375,-0.2197265625,3.4912109375
0,-0.0244140625,-0.390625,-0.13427734375,-0.35400390625,-0.03662109375,-0.40283203125,-0.23193359375,-0.0732421875,-0.08544921875,-0.03662109375,0.10986328125,-0.89111328125,0.048828125,1.07421875,-0.29296875,-0.15869140625,-0.15869140625,-0.5615234375,-0.15869140625,-0.08544921875,-0.29296875,0.91552734375,-0.10986328125,-0.5615234375,-0.06103515625,3.564453125,0.09765625,5.46875,0.10986328125,5.57861328125,0.15869140625,4.28466796875,0.42724609375,4.89501953125,-0.72021484375,0.4150390625,0.08544921875,0.96435546875,0.0244140625,1.15966796875,0.06103515625,-0.1953125,-0.1953125,-0.72021484375,0.29296875,-0.390625,0.439453125,0.74462890625,-0.03662109375,1.1962890625,0.3173828125,0.4150390625,-0.2197265625,-0.341796875,-0.0244140625,0.68359375,-0.244140625,2.2216796875,0.5126953125,1.55029296875,0.06103515625,1.47705078125,0.59814453125,7.43408203125,-0.06103515625,0.09765625,-0.29296875,1.0009765625,0.10986328125,0.20751953125,-0.439453125,0.20751953125,-0.42724609375,0.244140625,0.30517578125,0.81787109375,0.15869140625,0,0.09765625,1.2939453125,0.048828125,-0.927734375,0.1220703125,-0.40283203125,0.32958984375,-1.06201171875,-0.09765625,-0.79345703125,-0.03662109375,-1.33056640625,-0.0244140625,-0.4638671875,-0.1220703125,-0.08544921875,-0.09765625,-0.8544921875,-0.03662109375,-0.64697265625,-0.1220703125,-0.732421875,-0.1220703125,-0.57373046875,0.0732421875,-0.08544921875,-0.06103515625,-1.13525390625,0.01220703125,-1.953125,-0.1953125,-1.2939453125,-0.28076171875,0.0244140625,-0.08544921875,0.37841796875,-0.15869140625,-0.03662109375,-0.048828125,-0.0244140625,-0.03662109375,0.13427734375,-0.13427734375,5.79833984375,-0.13427734375,3.1982421875,-0.1220703125,2.05078125,-0.20751953125,3.28369140625
0,-0.0244140625,-0.40283203125,-0.15869140625,-0.3662109375,0.0244140625,-0.37841796875,-0.244140625,-0.08544921875,-0.10986328125,-0.01220703125,0.1220703125,-0.89111328125,0.01220703125,1.06201171875,-0.25634765625,-0.13427734375,-0.1953125,-0.57373046875,-0.1708984375,-0.09765625,-0.23193359375,0.9033203125,-0.13427734375,-0.5615234375,-0.03662109375,3.45458984375,0.03662109375,5.224609375,0.03662109375,5.46875,0.18310546875,4.16259765625,0.390625,4.69970703125,-0.69580078125,0.35400390625,0.09765625,0.927734375,-0.048828125,1.07421875,0.09765625,-0.20751953125,-0.2197265625,-0.732421875,0.20751953125,-0.40283203125,0.40283203125,0.732421875,0.048828125,1.171875,0.244140625,0.40283203125,-0.18310546875,-0.30517578125,-0.048828125,0.67138671875,-0.146484375,2.50244140625,0.47607421875,1.708984375,-0.01220703125,1.62353515625,0.5859375,8.3984375,0.146484375,0.15869140625,-0.18310546875,1.01318359375,0.10986328125,0.1708984375,-0.32958984375,0.1953125,-0.4638671875,0.23193359375,0.30517578125,0.81787109375,0.1220703125,0,0.06103515625,1.30615234375,-0.01220703125,-0.9521484375,0.15869140625,-0.390625,0.30517578125,-1.03759765625,-0.20751953125,-0.81787109375,-0.10986328125,-1.2939453125,-0.09765625,-0.35400390625,-0.29296875,-0.01220703125,-0.15869140625,-0.84228515625,-0.08544921875,-0.6591796875,-0.08544921875,-0.72021484375,-0.1708984375,-0.5615234375,0.08544921875,-0.10986328125,0,-1.11083984375,-0.09765625,-1.91650390625,-0.20751953125,-1.220703125,-0.2685546875,0.06103515625,-0.06103515625,0.32958984375,-0.146484375,-0.048828125,-0.06103515625,-0.0244140625,-0.0244140625,0.146484375,-0.146484375,5.43212890625,-0.146484375,2.9541015625,-0.1220703125,1.84326171875,-0.20751953125,3.01513671875
0,-0.0244140625,-0.390625,-0.15869140625,-0.35400390625,0.01220703125,-0.37841796875,-0.244140625,-0.06103515625,-0.10986328125,0.01220703125,0.13427734375,-0.9033203125,-0.01220703125,1.06201171875,-0.20751953125,-0.146484375,-0.20751953125,-0.537109375,-0.23193359375,-0.09765625,-0.1220703125,0.89111328125,-0.1708984375,-0.57373046875,-0.03662109375,3.33251953125,-0.03662109375,5.029296875,-0.08544921875,5.37109375,0.25634765625,4.0771484375,0.390625,4.55322265625,-0.68359375,0.3173828125,0.13427734375,0.89111328125,-0.06103515625,0.9765625,0.13427734375,-0.20751953125,-0.23193359375,-0.72021484375,0.15869140625,-0.4150390625,0.42724609375,0.68359375,0.06103515625,1.171875,0.20751953125,0.3662109375,-0.1220703125,-0.2685546875,-0.0244140625,0.68359375,-0.0732421875,2.72216796875,0.40283203125,1.84326171875,-0.048828125,1.72119140625,0.67138671875,9.1064453125,0.2685546875,0.244140625,-0.13427734375,1.0009765625,0.06103515625,0.15869140625,-0.244140625,0.20751953125,-0.390625,0.20751953125,0.2685546875,0.79345703125,0.03662109375,-0.0244140625,-0.01220703125,1.2939453125,-0.03662109375,-0.9521484375,0.20751953125,-0.40283203125,0.18310546875,-1.03759765625,-0.146484375,-0.830078125,-0.15869140625,-1.26953125,-0.18310546875,-0.23193359375,-0.3662109375,0.0244140625,-0.09765625,-0.79345703125,-0.13427734375,-0.64697265625,-0.03662109375,-0.72021484375,-0.1953125,-0.54931640625,0.09765625,-0.1220703125,0.03662109375,-1.07421875,-0.146484375,-1.8798828125,-0.09765625,-1.18408203125,-0.3173828125,0.06103515625,0.01220703125,0.30517578125,-0.15869140625,-0.03662109375,-0.03662109375,-0.048828125,0,0.1220703125,-0.13427734375,5.04150390625,-0.13427734375,2.72216796875,-0.10986328125,1.5869140625,-0.1953125,2.734375
0,0,-0.40283203125,-0.1953125,-0.341796875,0,-0.341796875,-0.2197265625,-0.0732421875,-0.1220703125,0.03662109375,0.13427734375,-0.9033203125,-0.048828125,1.06201171875,-0.1953125,-0.146484375,-0.23193359375,-0.537109375,-0.2197265625,-0.09765625,-0.048828125,0.89111328125,-0.23193359375,-0.57373046875,-0.048828125,3.1982421875,-0.048828125,4.8095703125,-0.1953125,5.224609375,0.25634765625,3.955078125,0.35400390625,4.38232421875,-0.62255859375,0.28076171875,0.10986328125,0.86669921875,-0.0732421875,0.87890625,0.08544921875,-0.20751953125,-0.1708984375,-0.72021484375,0.146484375,-0.4150390625,0.390625,0.62255859375,0.0732421875,1.171875,0.18310546875,0.35400390625,-0.09765625,-0.2197265625,-0.01220703125,0.69580078125,-0.0244140625,2.83203125,0.4150390625,1.904296875,-0.1220703125,1.79443359375,0.5859375,9.4970703125,0.4150390625,0.40283203125,-0.08544921875,1.01318359375,0.0244140625,0.1708984375,-0.13427734375,0.1953125,-0.30517578125,0.20751953125,0.3173828125,0.830078125,-0.03662109375,-0.03662109375,-0.03662109375,1.28173828125,-0.048828125,-0.9765625,0.20751953125,-0.42724609375,0.06103515625,-1.06201171875,-0.1708984375,-0.830078125,-0.09765625,-1.26953125,-0.0732421875,-0.18310546875,-0.35400390625,0.03662109375,-0.01220703125,-0.79345703125,-0.18310546875,-0.6591796875,0.0244140625,-0.69580078125,-0.1953125,-0.54931640625,0.0732421875,-0.10986328125,0.09765625,-1.07421875,-0.1708984375,-1.86767578125,-0.0732421875,-1.18408203125,-0.32958984375,0.048828125,0.048828125,0.28076171875,-0.15869140625,-0.03662109375,-0.06103515625,-0.08544921875,0,0.10986328125,-0.1220703125,4.60205078125,-0.13427734375,2.50244140625,-0.10986328125,1.3427734375,-0.1708984375,2.42919921875
0,0.01220703125,-0.390625,-0.18310546875,-0.37841796875,0.0732421875,-0.32958984375,-0.2685546875,-0.0732421875,-0.13427734375,0.03662109375,0.09765625,-0.9033203125,-0.08544921875,1.0498046875,-0.20751953125,-0.146484375,-0.244140625,-0.54931640625,-0.2197265625,-0.09765625,0.048828125,0.87890625,-0.25634765625,-0.5859375,-0.13427734375,3.02734375,-0.048828125,4.541015625,-0.25634765625,5.01708984375,0.25634765625,3.77197265625,0.2685546875,4.1748046875,-0.54931640625,0.23193359375,0.0732421875,0.79345703125,-0.0732421875,0.74462890625,0.048828125,-0.20751953125,-0.18310546875,-0.7080078125,0.1220703125,-0.4150390625,0.4150390625,0.54931640625,-0.0244140625,1.1474609375,0.146484375,0.3662109375,-0.08544921875,-0.15869140625,0.01220703125,0.69580078125,-0.01220703125,2.880859375,0.42724609375,1.89208984375,-0.2197265625,1.81884765625,0.5126953125,9.53369140625,0.341796875,0.67138671875,0.01220703125,1.03759765625,-0.0244140625,0.18310546875,-0.048828125,0.18310546875,-0.23193359375,0.18310546875,0.3173828125,0.84228515625,-0.13427734375,-0.048828125,-0.03662109375,1.2939453125,-0.01220703125,-1.0009765625,0.2197265625,-0.42724609375,-0.01220703125,-1.03759765625,-0.09765625,-0.84228515625,-0.1708984375,-1.30615234375,-0.06103515625,-0.18310546875,-0.37841796875,0.0244140625,-0.0244140625,-0.81787109375,-0.20751953125,-0.64697265625,0.08544921875,-0.72021484375,-0.15869140625,-0.54931640625,0.03662109375,-0.13427734375,0.15869140625,-1.11083984375,-0.1708984375,-1.904296875,-0.048828125,-1.26953125,-0.3173828125,0.048828125,0.048828125,0.28076171875,-0.15869140625,-0.01220703125,-0.06103515625,-0.08544921875,0,0.146484375,0.01220703125,4.08935546875,-0.1953125,2.30712890625,-0.08544921875,1.123046875,-0.20751953125,2.099609375
0,-0.0244140625,-0.40283203125,-0.18310546875,-0.37841796875,0.0732421875,-0.30517578125,-0.28076171875,-0.06103515625,-0.20751953125,0.03662109375,0.10986328125,-0.91552734375,-0.0732421875,1.06201171875,-0.244140625,-0.1708984375,-0.25634765625,-0.537109375,-0.18310546875,-0.08544921875,0.13427734375,0.87890625,-0.244140625,-0.57373046875,-0.18310546875,2.79541015625,-0.0732421875,4.16259765625,-0.25634765625,4.74853515625,0.23193359375,3.52783203125,0.341796875,3.82080078125,-0.4638671875,0.146484375,0.048828125,0.7080078125,-0.0732421875,0.6103515625,-0.0244140625,-0.1953125,-0.1953125,-0.69580078125,0.10986328125,-0.390625,0.390625,0.5126953125,-0.08544921875,1.123046875,0.13427734375,0.37841796875,-0.0732421875,-0.1220703125,0.09765625,0.72021484375,-0.01220703125,2.81982421875,0.390625,1.8310546875,-0.28076171875,1.7822265625,0.40283203125,9.3017578125,0.23193359375,1.06201171875,0.06103515625,1.06201171875,-0.0732421875,0.244140625,-0.0244140625,0.244140625,-0.13427734375,0.1953125,0.2685546875,0.86669921875,-0.1953125,-0.06103515625,-0.048828125,1.26953125,0.0244140625,-1.01318359375,0.1953125,-0.40283203125,-0.048828125,-1.03759765625,-0.03662109375,-0.8544921875,-0.2197265625,-1.35498046875,0.03662109375,-0.1953125,-0.30517578125,-0.03662109375,0.0732421875,-0.91552734375,-0.25634765625,-0.64697265625,0.13427734375,-0.69580078125,-0.08544921875,-0.5615234375,0.0244140625,-0.13427734375,0.1708984375,-1.171875,-0.18310546875,-1.9287109375,-0.03662109375,-1.33056640625,-0.3662109375,0.01220703125,0.048828125,0.2685546875,-0.146484375,0.01220703125,-0.048828125,-0.09765625,-0.048828125,0.15869140625,0.13427734375,3.50341796875,-0.15869140625,2.1240234375,-0.03662109375,0.91552734375,-0.13427734375,1.7822265625
0,-0.03662109375,-0.3662109375,-0.1708984375,-0.37841796875,0.18310546875,-0.2685546875,-0.29296875,-0.048828125,-0.2197265625,0.06103515625,0.08544921875,-0.9033203125,-0.0732421875,1.07421875,-0.1953125,-0.15869140625,-0.2685546875,-0.5615234375,-0.13427734375,-0.1220703125,0.1708984375,0.87890625,-0.1953125,-0.5859375,-0.244140625,2.5146484375,-0.03662109375,3.69873046875,-0.2197265625,4.3701171875,0.15869140625,3.23486328125,0.2197265625,3.369140625,-0.35400390625,0.048828125,0.0244140625,0.5859375,-0.08544921875,0.45166015625,-0.08544921875,-0.18310546875,-0.18310546875,-0.7080078125,0.1220703125,-0.40283203125,0.4150390625,0.48828125,-0.244140625,1.0986328125,0.1220703125,0.40283203125,-0.08544921875,-0.09765625,0.1708984375,0.732421875,-0.0244140625,2.685546875,0.3662109375,1.7333984375,-0.4150390625,1.77001953125,0.30517578125,8.72802734375,0.3173828125,1.57470703125,0.10986328125,1.0986328125,-0.0732421875,0.341796875,-0.0244140625,0.3173828125,-0.0732421875,0.18310546875,0.2197265625,0.89111328125,-0.23193359375,-0.03662109375,-0.06103515625,1.26953125,0.0732421875,-1.025390625,0.18310546875,-0.390625,-0.03662109375,-1.03759765625,-0.1220703125,-0.8544921875,-0.25634765625,-1.416015625,0.10986328125,-0.30517578125,-0.23193359375,-0.146484375,0.01220703125,-1.025390625,-0.25634765625,-0.6591796875,0.13427734375,-0.69580078125,-0.0732421875,-0.57373046875,-0.03662109375,-0.1220703125,0.1708984375,-1.18408203125,-0.13427734375,-1.953125,-0.0244140625,-1.45263671875,-0.4150390625,-0.01220703125,0.048828125,0.29296875,-0.1708984375,0.01220703125,-0.048828125,-0.08544921875,-0.0732421875,0.1708984375,0.1708984375,2.86865234375,-0.1708984375,1.953125,-0.01220703125,0.7080078125,-0.13427734375,1.4404296875
0,-0.0732421875,-0.37841796875,-0.15869140625,-0.3662109375,0.20751953125,-0.23193359375,-0.32958984375,-0.06103515625,-0.23193359375,0.09765625,0.08544921875,-0.91552734375,-0.048828125,1.07421875,-0.1708984375,-0.15869140625,-0.2685546875,-0.5615234375,-0.09765625,-0.1220703125,0.1953125,0.87890625,-0.146484375,-0.57373046875,-0.30517578125,2.1728515625,-0.0244140625,3.11279296875,-0.10986328125,3.955078125,0.08544921875,2.84423828125,0.1220703125,2.783203125,-0.2685546875,-0.0732421875,-0.01220703125,0.4638671875,-0.048828125,0.2685546875,-0.03662109375,-0.1708984375,-0.2197265625,-0.68359375,0.1220703125,-0.390625,0.40283203125,0.5126953125,-0.29296875,1.123046875,0.18310546875,0.439453125,-0.0244140625,-0.09765625,0.2197265625,0.732421875,0,2.4658203125,0.341796875,1.5625,-0.37841796875,1.708984375,0.23193359375,7.94677734375,0.1953125,2.23388671875,0.10986328125,1.220703125,-0.03662109375,0.439453125,-0.0244140625,0.40283203125,-0.03662109375,0.18310546875,0.13427734375,0.87890625,-0.20751953125,-0.03662109375,-0.06103515625,1.26953125,0.1220703125,-1.025390625,0.13427734375,-0.40283203125,0.03662109375,-1.01318359375,-0.09765625,-0.830078125,-0.30517578125,-1.4892578125,0.10986328125,-0.390625,-0.10986328125,-0.2197265625,-0.06103515625,-1.1474609375,-0.23193359375,-0.64697265625,0.1220703125,-0.68359375,-0.0244140625,-0.5615234375,-0.08544921875,-0.10986328125,0.1708984375,-1.23291015625,-0.06103515625,-1.96533203125,0.0244140625,-1.4892578125,-0.4150390625,-0.0244140625,0.0732421875,0.30517578125,-0.15869140625,0.0244140625,-0.0732421875,-0.0732421875,-0.09765625,0.1953125,0.18310546875,2.197265625,-0.15869140625,1.79443359375,0,0.52490234375,-0.10986328125,1.13525390625
1,-0.08544921875,-0.390625,-0.18310546875,-0.35400390625,0.23193359375,-0.2197265625,-0.35400390625,-0.048828125,-0.244140625,0.09765625,0.09765625,-0.89111328125,-0.048828125,1.08642578125,-0.13427734375,-0.13427734375,-0.25634765625,-0.57373046875,-0.08544921875,-0.13427734375,0.244140625,0.89111328125,-0.0732421875,-0.5859375,-0.29296875,1.79443359375,0.03662109375,2.392578125,0,3.4423828125,0.048828125,2.42919921875,0.09765625,2.11181640625,-0.1953125,-0.23193359375,-0.01220703125,0.29296875,0.03662109375,0.08544921875,-0.0244140625,-0.15869140625,-0.25634765625,-0.68359375,0.146484375,-0.390625,0.3662109375,0.537109375,-0.3662109375,1.13525390625,0.23193359375,0.45166015625,0,-0.1220703125,0.32958984375,0.72021484375,-0.03662109375,2.197265625,0.3173828125,1.37939453125,-0.40283203125,1.611328125,0.13427734375,6.97021484375,0.1708984375,3.06396484375,0.10986328125,1.33056640625,0,0.5615234375,-0.03662109375,0.5126953125,-0.01220703125,0.1953125,0.048828125,0.9033203125,-0.1708984375,-0.0244140625,-0.06103515625,1.28173828125,0.10986328125,-1.0009765625,0.08544921875,-0.37841796875,0.048828125,-0.98876953125,-0.0732421875,-0.830078125,-0.25634765625,-1.5380859375,0.1220703125,-0.4638671875,0,-0.32958984375,-0.10986328125,-1.2451171875,-0.1953125,-0.6591796875,0.0732421875,-0.69580078125,-0.03662109375,-0.5859375,-0.0732421875,-0.10986328125,0.09765625,-1.2451171875,0.01220703125,-1.9775390625,0.03662109375,-1.55029296875,-0.47607421875,-0.03662109375,0.09765625,0.32958984375,-0.15869140625,0.03662109375,-0.06103515625,-0.03662109375,-0.09765625,0.23193359375,0.2197265625,1.52587890625,-0.09765625,1.64794921875,0.01220703125,0.37841796875,-0.0732421875,0.8544921875
1,-0.0732421875,-0.390625,-0.18310546875,-0.341796875,0.25634765625,-0.2197265625,-0.3662109375,-0.048828125,-0.244140625,0.09765625,0.0732421875,-0.9033203125,-0.048828125,1.0986328125,-0.1220703125,-0.1220703125,-0.23193359375,-0.57373046875,-0.0732421875,-0.1220703125,0.2197265625,0.89111328125,0,-0.57373046875,-0.244140625,1.40380859375,0.13427734375,1.66015625,0.146484375,2.9541015625,0,1.98974609375,0.0732421875,1.40380859375,-0.23193359375,-0.40283203125,-0.01220703125,0.1220703125,0.06103515625,-0.1220703125,0.01220703125,-0.146484375,-0.29296875,-0.68359375,0.13427734375,-0.390625,0.244140625,0.634765625,-0.4150390625,1.1962890625,0.30517578125,0.439453125,0.01220703125,-0.146484375,0.42724609375,0.72021484375,-0.03662109375,1.9287109375,0.32958984375,1.18408203125,-0.439453125,1.4404296875,0.048828125,5.92041015625,0.2197265625,3.9794921875,0.13427734375,1.45263671875,0.06103515625,0.7080078125,-0.10986328125,0.64697265625,0.01220703125,0.20751953125,0.01220703125,0.9033203125,-0.13427734375,-0.0244140625,-0.08544921875,1.25732421875,0.13427734375,-1.01318359375,0.06103515625,-0.390625,0.10986328125,-0.98876953125,-0.1220703125,-0.81787109375,-0.25634765625,-1.55029296875,0.08544921875,-0.52490234375,0.09765625,-0.3662109375,-0.18310546875,-1.2939453125,-0.10986328125,-0.64697265625,-0.01220703125,-0.7080078125,-0.048828125,-0.5859375,-0.0732421875,-0.10986328125,0.048828125,-1.23291015625,0.0244140625,-1.9775390625,0.03662109375,-1.55029296875,-0.48828125,-0.0244140625,0.09765625,0.35400390625,-0.146484375,0.0244140625,-0.06103515625,0.01220703125,-0.0732421875,0.2197265625,0.1708984375,0.98876953125,-0.09765625,1.513671875,-0.048828125,0.28076171875,-0.0732421875,0.62255859375
1,-0.08544921875,-0.390625,-0.1708984375,-0.35400390625,0.244140625,-0.25634765625,-0.390625,-0.0732421875,-0.2685546875,0.1220703125,0.048828125,-0.87890625,-0.03662109375,1.0986328125,-0.13427734375,-0.1220703125,-0.13427734375,-0.5859375,-0.06103515625,-0.1220703125,0.20751953125,0.89111328125,0.048828125,-0.5615234375,-0.18310546875,1.025390625,0.13427734375,0.927734375,0.1953125,2.47802734375,-0.0244140625,1.59912109375,0.15869140625,0.7080078125,-0.1953125,-0.54931640625,-0.01220703125,-0.048828125,0.06103515625,-0.29296875,0.0244140625,-0.15869140625,-0.3173828125,-0.67138671875,0.146484375,-0.37841796875,0.42724609375,0.7080078125,-0.537109375,1.23291015625,0.3662109375,0.42724609375,0.09765625,-0.18310546875,0.52490234375,0.69580078125,-0.06103515625,1.6357421875,0.3173828125,1.0009765625,-0.47607421875,1.2451171875,-0.01220703125,4.8095703125,0.2197265625,4.98046875,0.0732421875,1.5869140625,0.10986328125,0.84228515625,-0.1708984375,0.78125,0.0244140625,0.244140625,-0.0244140625,0.8544921875,-0.1220703125,-0.01220703125,-0.1220703125,1.26953125,0.1220703125,-0.98876953125,-0.0244140625,-0.3662109375,0.09765625,-1.01318359375,-0.18310546875,-0.8056640625,-0.13427734375,-1.52587890625,0.08544921875,-0.48828125,0.2197265625,-0.341796875,-0.18310546875,-1.26953125,-0.048828125,-0.64697265625,-0.08544921875,-0.7080078125,-0.09765625,-0.59814453125,-0.048828125,-0.08544921875,0,-1.171875,0.0732421875,-1.953125,0.01220703125,-1.4892578125,-0.42724609375,0.01220703125,0.1220703125,0.37841796875,-0.15869140625,0.01220703125,-0.0732421875,0.03662109375,-0.0732421875,0.20751953125,0.13427734375,0.59814453125,-0.0732421875,1.45263671875,-0.03662109375,0.20751953125,-0.03662109375,0.50048828125
1,-0.048828125,-0.37841796875,-0.20751953125,-0.341796875,0.30517578125,-0.2685546875,-0.390625,-0.0732421875,-0.2685546875,0.13427734375,0.0244140625,-0.86669921875,-0.01220703125,1.11083984375,-0.15869140625,-0.13427734375,-0.10986328125,-0.57373046875,-0.0244140625,-0.10986328125,0.18310546875,0.89111328125,0.0244140625,-0.5615234375,-0.0732421875,0.69580078125,0.15869140625,0.2685546875,0.23193359375,2.08740234375,0.0732421875,1.23291015625,0.23193359375,0.18310546875,-0.18310546875,-0.69580078125,0,-0.1708984375,0.048828125,-0.42724609375,-0.01220703125,-0.15869140625,-0.3662109375,-0.67138671875,0.18310546875,-0.40283203125,0.48828125,0.76904296875,-0.62255859375,1.2939453125,0.3662109375,0.40283203125,0.1220703125,-0.23193359375,0.52490234375,0.69580078125,-0.15869140625,1.37939453125,0.30517578125,0.81787109375,-0.4638671875,1.03759765625,-0.03662109375,3.759765625,0.244140625,5.9814453125,0.06103515625,1.708984375,0.15869140625,0.9521484375,-0.23193359375,0.9033203125,0,0.244140625,-0.0244140625,0.8544921875,-0.0732421875,0,-0.15869140625,1.26953125,0.09765625,-1.0009765625,-0.048828125,-0.3662109375,0.1708984375,-1.025390625,-0.20751953125,-0.81787109375,-0.09765625,-1.4404296875,0,-0.4150390625,0.32958984375,-0.244140625,-0.146484375,-1.13525390625,0.01220703125,-0.6591796875,-0.15869140625,-0.72021484375,-0.146484375,-0.57373046875,-0.03662109375,-0.08544921875,-0.03662109375,-1.0986328125,0.06103515625,-1.904296875,-0.06103515625,-1.416015625,-0.3662109375,0.08544921875,0.13427734375,0.390625,-0.1708984375,0,-0.048828125,0.048828125,-0.01220703125,0.20751953125,0.09765625,0.45166015625,-0.10986328125,1.4404296875,-0.0732421875,0.23193359375,-0.048828125,0.4638671875
1,-0.06103515625,-0.40283203125,-0.20751953125,-0.37841796875,0.3662109375,-0.29296875,-0.35400390625,-0.08544921875,-0.28076171875,0.13427734375,0.01220703125,-0.89111328125,-0.01220703125,1.08642578125,-0.13427734375,-0.13427734375,-0.0732421875,-0.5615234375,0,-0.09765625,0.13427734375,0.89111328125,-0.03662109375,-0.57373046875,0.01220703125,0.4638671875,0.1220703125,-0.23193359375,0.1708984375,1.8310546875,0.15869140625,1.0009765625,0.3173828125,-0.10986328125,-0.13427734375,-0.7568359375,0.01220703125,-0.244140625,-0.01220703125,-0.48828125,-0.0244140625,-0.1953125,-0.439453125,-0.68359375,0.146484375,-0.4150390625,0.54931640625,0.8056640625,-0.7080078125,1.3916015625,0.390625,0.40283203125,0.1220703125,-0.244140625,0.57373046875,0.67138671875,-0.18310546875,1.1474609375,0.2685546875,0.6591796875,-0.45166015625,0.78125,0,2.8076171875,0.29296875,6.89697265625,0,1.81884765625,0.13427734375,1.0498046875,-0.29296875,1.03759765625,-0.06103515625,0.244140625,-0.048828125,0.81787109375,-0.03662109375,-0.01220703125,-0.18310546875,1.2939453125,0.048828125,-1.0009765625,-0.10986328125,-0.35400390625,0.1708984375,-1.025390625,-0.146484375,-0.79345703125,-0.048828125,-1.33056640625,-0.048828125,-0.30517578125,0.4150390625,-0.1220703125,-0.08544921875,-0.96435546875,0.0244140625,-0.6591796875,-0.18310546875,-0.7080078125,-0.1708984375,-0.57373046875,-0.03662109375,-0.08544921875,-0.03662109375,-1.0009765625,-0.0244140625,-1.8310546875,-0.10986328125,-1.30615234375,-0.25634765625,0.146484375,0.13427734375,0.40283203125,-0.1708984375,-0.0244140625,-0.06103515625,0.048828125,0.01220703125,0.18310546875,0.13427734375,0.6591796875,-0.09765625,1.513671875,-0.08544921875,0.30517578125,-0.03662109375,0.6103515625
1,-0.06103515625,-0.390625,-0.244140625,-0.37841796875,0.4150390625,-0.35400390625,-0.341796875,-0.10986328125,-0.29296875,0.09765625,-0.01220703125,-0.87890625,0,1.08642578125,-0.10986328125,-0.13427734375,-0.1220703125,-0.54931640625,-0.0244140625,-0.1220703125,0.09765625,0.9033203125,-0.09765625,-0.5859375,0.13427734375,0.341796875,0.09765625,-0.5126953125,0.1708984375,1.72119140625,0.30517578125,0.87890625,0.37841796875,-0.06103515625,-0.15869140625,-0.74462890625,0.0244140625,-0.2197265625,-0.10986328125,-0.47607421875,0.01220703125,-0.20751953125,-0.439453125,-0.67138671875,0.146484375,-0.4150390625,0.64697265625,0.8544921875,-0.64697265625,1.47705078125,0.4150390625,0.37841796875,0.15869140625,-0.25634765625,0.5615234375,0.68359375,-0.1953125,0.927734375,0.23193359375,0.537109375,-0.47607421875,0.5615234375,0,2.01416015625,0.3173828125,7.6904296875,-0.0732421875,1.9287109375,0.10986328125,1.0986328125,-0.30517578125,1.123046875,-0.09765625,0.244140625,-0.10986328125,0.8056640625,0.01220703125,0,-0.20751953125,1.2939453125,0.0244140625,-1.0009765625,-0.15869140625,-0.390625,0.18310546875,-1.03759765625,-0.0732421875,-0.79345703125,0.0244140625,-1.18408203125,-0.08544921875,-0.1708984375,0.47607421875,0.03662109375,-0.0244140625,-0.76904296875,0,-0.67138671875,-0.1708984375,-0.69580078125,-0.20751953125,-0.5859375,-0.06103515625,-0.09765625,0,-0.9033203125,-0.08544921875,-1.7822265625,-0.13427734375,-1.20849609375,-0.1953125,0.2197265625,0.1220703125,0.37841796875,-0.18310546875,-0.0244140625,-0.0732421875,0.03662109375,0,0.15869140625,0.06103515625,1.1962890625,-0.06103515625,1.72119140625,-0.08544921875,0.47607421875,-0.01220703125,0.927734375
1,-0.048828125,-0.40283203125,-0.23193359375,-0.390625,0.439453125,-0.37841796875,-0.3173828125,-0.10986328125,-0.3173828125,0.0732421875,-0.0244140625,-0.89111328125,-0.01220703125,1.06201171875,-0.03662109375,-0.13427734375,-0.13427734375,-0.5615234375,-0.0244140625,-0.1220703125,0.0244140625,0.89111328125,-0.1708984375,-0.57373046875,0.13427734375,0.35400390625,0.03662109375,-0.52490234375,0.13427734375,1.79443359375,0.390625,0.927734375,0.40283203125,0.2685546875,-0.18310546875,-0.6591796875,0.01220703125,-0.13427734375,-0.1220703125,-0.35400390625,-0.03662109375,-0.1953125,-0.4150390625,-0.68359375,0.13427734375,-0.4150390625,0.6591796875,0.84228515625,-0.59814453125,1.5380859375,0.4150390625,0.37841796875,0.13427734375,-0.244140625,0.57373046875,0.68359375,-0.2197265625,0.78125,0.1708984375,0.42724609375,-0.439453125,0.35400390625,-0.0244140625,1.40380859375,0.4638671875,8.19091796875,-0.0732421875,1.98974609375,0.06103515625,1.1474609375,-0.30517578125,1.171875,-0.10986328125,0.25634765625,-0.10986328125,0.79345703125,0.06103515625,0,-0.1708984375,1.2939453125,0.0244140625,-0.98876953125,-0.1953125,-0.37841796875,0.2197265625,-1.06201171875,-0.08544921875,-0.8056640625,0.048828125,-1.08642578125,-0.01220703125,-0.06103515625,0.45166015625,0.146484375,0.0244140625,-0.59814453125,-0.03662109375,-0.68359375,-0.13427734375,-0.7080078125,-0.2197265625,-0.5859375,-0.0732421875,-0.10986328125,0.03662109375,-0.8544921875,-0.20751953125,-1.7333984375,-0.1708984375,-1.123046875,-0.15869140625,0.2685546875,0.1220703125,0.35400390625,-0.15869140625,-0.03662109375,-0.048828125,0.01220703125,0,0.13427734375,0.03662109375,2.08740234375,-0.10986328125,2.06298828125,-0.1220703125,0.79345703125,-0.06103515625,1.42822265625
1,-0.06103515625,-0.390625,-0.20751953125,-0.37841796875,0.4150390625,-0.4150390625,-0.32958984375,-0.09765625,-0.30517578125,0.0244140625,-0.048828125,-0.87890625,-0.0244140625,1.08642578125,-0.01220703125,-0.15869140625,-0.1708984375,-0.5615234375,-0.0244140625,-0.1220703125,-0.09765625,0.91552734375,-0.18310546875,-0.57373046875,0.15869140625,0.5126953125,0.08544921875,-0.23193359375,0.1220703125,2.03857421875,0.40283203125,1.13525390625,0.390625,0.9521484375,-0.15869140625,-0.4638671875,-0.0244140625,0.03662109375,-0.09765625,-0.146484375,0,-0.1953125,-0.32958984375,-0.68359375,0.1220703125,-0.4150390625,0.69580078125,0.81787109375,-0.59814453125,1.59912109375,0.37841796875,0.390625,0.1220703125,-0.20751953125,0.54931640625,0.67138671875,-0.18310546875,0.6591796875,0.13427734375,0.35400390625,-0.37841796875,0.2197265625,-0.0244140625,0.96435546875,0.537109375,8.447265625,-0.09765625,2.001953125,0.03662109375,1.1474609375,-0.28076171875,1.1962890625,-0.146484375,0.244140625,-0.09765625,0.8056640625,0.08544921875,-0.0244140625,-0.13427734375,1.318359375,0.048828125,-1.01318359375,-0.2197265625,-0.40283203125,0.20751953125,-1.06201171875,-0.0732421875,-0.81787109375,0.0244140625,-1.03759765625,0.01220703125,0,0.390625,0.23193359375,0.03662109375,-0.47607421875,-0.10986328125,-0.68359375,-0.0732421875,-0.69580078125,-0.25634765625,-0.57373046875,-0.08544921875,-0.09765625,0.0732421875,-0.8056640625,-0.28076171875,-1.6845703125,-0.18310546875,-1.08642578125,-0.146484375,0.3173828125,0.09765625,0.341796875,-0.13427734375,-0.03662109375,-0.0732421875,0,-0.0244140625,0.1220703125,0.03662109375,3.28369140625,-0.0732421875,2.490234375,-0.10986328125,1.1962890625,-0.03662109375,2.06298828125
1,-0.06103515625,-0.4150390625,-0.20751953125,-0.35400390625,0.439453125,-0.42724609375,-0.2685546875,-0.0732421875,-0.3173828125,-0.03662109375,-0.048828125,-0.89111328125,-0.0244140625,1.06201171875,-0.048828125,-0.146484375,-0.2197265625,-0.5615234375,-0.03662109375,-0.13427734375,-0.1708984375,0.8544921875,-0.1953125,-0.57373046875,0.15869140625,0.81787109375,0.1220703125,0.37841796875,0.1953125,2.44140625,0.40283203125,1.46484375,0.244140625,1.904296875,-0.18310546875,-0.2197265625,-0.08544921875,0.28076171875,-0.09765625,0.15869140625,0.03662109375,-0.20751953125,-0.23193359375,-0.68359375,0.09765625,-0.3662109375,0.74462890625,0.79345703125,-0.62255859375,1.64794921875,0.3173828125,0.40283203125,0.10986328125,-0.18310546875,0.50048828125,0.7080078125,-0.1708984375,0.5615234375,0.06103515625,0.30517578125,-0.29296875,0.15869140625,-0.0732421875,0.69580078125,0.50048828125,8.3984375,-0.10986328125,1.98974609375,-0.01220703125,1.13525390625,-0.2685546875,1.15966796875,-0.1953125,0.23193359375,-0.06103515625,0.79345703125,0.08544921875,-0.01220703125,-0.0732421875,1.30615234375,0.01220703125,-1.01318359375,-0.20751953125,-0.4150390625,0.23193359375,-1.0498046875,-0.08544921875,-0.79345703125,-0.01220703125,-1.025390625,0.01220703125,0,0.341796875,0.23193359375,-0.0244140625,-0.45166015625,-0.18310546875,-0.68359375,0.01220703125,-0.69580078125,-0.25634765625,-0.57373046875,-0.10986328125,-0.09765625,0.1220703125,-0.76904296875,-0.30517578125,-1.6357421875,-0.1953125,-1.08642578125,-0.13427734375,0.341796875,0.10986328125,0.341796875,-0.1220703125,-0.03662109375,-0.0732421875,-0.0244140625,-0.01220703125,0.13427734375,0.01220703125,4.6875,-0.10986328125,2.99072265625,-0.146484375,1.708984375,-0.09765625,2.79541015625
1,-0.08544921875,-0.40283203125,-0.1953125,-0.35400390625,0.47607421875,-0.4150390625,-0.3173828125,-0.06103515625,-0.29296875,-0.08544921875,-0.0732421875,-0.89111328125,-0.01220703125,1.07421875,-0.06103515625,-0.13427734375,-0.244140625,-0.54931640625,-0.01220703125,-0.15869140625,-0.244140625,0.86669921875,-0.15869140625,-0.57373046875,0.03662109375,1.26953125,0.0732421875,1.23291015625,0.18310546875,3.01513671875,0.25634765625,1.9775390625,0.23193359375,3.0517578125,-0.244140625,0.09765625,-0.13427734375,0.57373046875,-0.09765625,0.48828125,0,-0.1953125,-0.10986328125,-0.67138671875,0.048828125,-0.35400390625,0.68359375,0.732421875,-0.64697265625,1.6845703125,0.25634765625,0.42724609375,0.08544921875,-0.15869140625,0.45166015625,0.72021484375,-0.13427734375,0.48828125,-0.01220703125,0.2685546875,-0.1953125,0.146484375,-0.01220703125,0.52490234375,0.4638671875,8.02001953125,-0.1220703125,1.9287109375,-0.0732421875,1.08642578125,-0.23193359375,1.11083984375,-0.25634765625,0.23193359375,-0.03662109375,0.8056640625,0.08544921875,-0.01220703125,0.03662109375,1.318359375,-0.01220703125,-1.01318359375,-0.1708984375,-0.390625,0.244140625,-1.03759765625,-0.146484375,-0.81787109375,-0.146484375,-1.11083984375,0.13427734375,-0.10986328125,0.1953125,0.15869140625,-0.0732421875,-0.5126953125,-0.1953125,-0.67138671875,0.08544921875,-0.68359375,-0.244140625,-0.59814453125,-0.15869140625,-0.10986328125,0.15869140625,-0.78125,-0.3173828125,-1.6357421875,-0.20751953125,-1.123046875,-0.1708984375,0.32958984375,0.08544921875,0.3173828125,-0.10986328125,-0.03662109375,-0.06103515625,-0.01220703125,-0.0244140625,0.146484375,0.048828125,6.18896484375,-0.10986328125,3.52783203125,-0.1220703125,2.2705078125,-0.10986328125,3.5888671875
1,-0.0732421875,-0.4150390625,-0.1953125,-0.3662109375,0.52490234375,-0.40283203125,-0.30517578125,-0.048828125,-0.341796875,-0.10986328125,-0.08544921875,-0.9033203125,-0.01220703125,1.07421875,-0.10986328125,-0.1220703125,-0.29296875,-0.57373046875,0,-0.146484375,-0.3173828125,0.8544921875,-0.10986328125,-0.57373046875,-0.06103515625,1.84326171875,0.146484375,2.294921875,0.1708984375,3.67431640625,0.146484375,2.57568359375,0.29296875,4.28466796875,-0.2197265625,0.45166015625,-0.146484375,0.89111328125,-0.13427734375,0.87890625,-0.048828125,-0.15869140625,0,-0.67138671875,-0.0244140625,-0.32958984375,0.830078125,0.72021484375,-0.634765625,1.7333984375,0.244140625,0.42724609375,0,-0.13427734375,0.390625,0.69580078125,-0.06103515625,0.42724609375,-0.09765625,0.2685546875,-0.15869140625,0.20751953125,0.0732421875,0.40283203125,0.390625,7.4462890625,-0.13427734375,1.86767578125,-0.09765625,1.0009765625,-0.1953125,1.0498046875,-0.29296875,0.23193359375,0,0.830078125,0.09765625,-0.0244140625,0.10986328125,1.30615234375,-0.0732421875,-1.0009765625,-0.09765625,-0.40283203125,0.244140625,-1.025390625,-0.1953125,-0.81787109375,-0.20751953125,-1.2451171875,0.2197265625,-0.2685546875,0.08544921875,0.01220703125,-0.09765625,-0.6591796875,-0.20751953125,-0.68359375,0.13427734375,-0.7080078125,-0.2197265625,-0.59814453125,-0.1953125,-0.10986328125,0.18310546875,-0.81787109375,-0.28076171875,-1.66015625,-0.1953125,-1.171875,-0.2197265625,0.30517578125,0.0732421875,0.30517578125,-0.08544921875,-0.0244140625,-0.06103515625,-0.01220703125,-0.048828125,0.15869140625,0.01220703125,7.6171875,-0.0732421875,4.08935546875,-0.10986328125,2.81982421875,-0.1220703125,4.40673828125
1,-0.0732421875,-0.40283203125,-0.18310546875,-0.341796875,0.57373046875,-0.40283203125,-0.35400390625,-0.06103515625,-0.37841796875,-0.1220703125,-0.09765625,-0.89111328125,-0.01220703125,1.07421875,-0.09765625,-0.10986328125,-0.29296875,-0.54931640625,0.01220703125,-0.15869140625,-0.28076171875,0.86669921875,-0.03662109375,-0.5615234375,-0.13427734375,2.50244140625,0.01220703125,3.50341796875,0.13427734375,4.45556640625,0,3.2470703125,0.13427734375,5.4931640625,-0.2685546875,0.8056640625,-0.15869140625,1.1962890625,-0.15869140625,1.2939453125,-0.01220703125,-0.1708984375,0.048828125,-0.67138671875,-0.10986328125,-0.341796875,0.76904296875,0.69580078125,-0.634765625,1.74560546875,0.2197265625,0.42724609375,-0.0732421875,-0.13427734375,0.28076171875,0.68359375,-0.06103515625,0.390625,-0.146484375,0.28076171875,-0.1708984375,0.28076171875,0.13427734375,0.29296875,0.40283203125,6.7138671875,-0.20751953125,1.79443359375,-0.10986328125,0.927734375,-0.1708984375,0.96435546875,-0.3173828125,0.20751953125,-0.03662109375,0.84228515625,0.1220703125,-0.01220703125,0.10986328125,1.28173828125,-0.146484375,-0.9765625,-0.01220703125,-0.40283203125,0.2197265625,-1.01318359375,-0.30517578125,-0.8056640625,-0.3173828125,-1.3916015625,0.2197265625,-0.42724609375,-0.0732421875,-0.15869140625,-0.15869140625,-0.8544921875,-0.20751953125,-0.68359375,0.146484375,-0.72021484375,-0.1953125,-0.6103515625,-0.20751953125,-0.09765625,0.20751953125,-0.86669921875,-0.1953125,-1.708984375,-0.1953125,-1.26953125,-0.25634765625,0.29296875,0.08544921875,0.3173828125,-0.06103515625,-0.0244140625,-0.0732421875,-0.03662109375,-0.0732421875,0.1708984375,-0.13427734375,8.89892578125,-0.15869140625,4.55322265625,-0.1708984375,3.3203125,-0.1708984375,5.126953125
1,-0.0732421875,-0.390625,-0.18310546875,-0.35400390625,0.5615234375,-0.390625,-0.341796875,-0.0732421875,-0.341796875,-0.13427734375,-0.10986328125,-0.9033203125,-0.048828125,1.07421875,-0.0732421875,-0.1220703125,-0.28076171875,-0.57373046875,-0.01220703125,-0.15869140625,-0.28076171875,0.89111328125,-0.0244140625,-0.54931640625,-0.2685546875,3.173828125,-0.048828125,4.77294921875,0.03662109375,5.26123046875,-0.08544921875,3.99169921875,0.1953125,6.53076171875,-0.32958984375,1.123046875,-0.15869140625,1.47705078125,-0.13427734375,1.6357421875,-0.01220703125,-0.146484375,0.13427734375,-0.6591796875,-0.15869140625,-0.341796875,0.87890625,0.7080078125,-0.62255859375,1.7333984375,0.30517578125,0.4150390625,-0.20751953125,-0.15869140625,0.15869140625,0.67138671875,0,0.3662109375,-0.18310546875,0.2685546875,-0.20751953125,0.390625,0.28076171875,0.18310546875,0.42724609375,5.96923828125,-0.2685546875,1.708984375,-0.09765625,0.830078125,-0.18310546875,0.91552734375,-0.3173828125,0.20751953125,-0.01220703125,0.8544921875,0.15869140625,-0.0244140625,0.13427734375,1.318359375,-0.18310546875,-0.98876953125,0.0732421875,-0.4150390625,0.15869140625,-0.98876953125,-0.32958984375,-0.8056640625,-0.3173828125,-1.5380859375,0.23193359375,-0.5615234375,-0.15869140625,-0.30517578125,-0.10986328125,-1.0498046875,-0.244140625,-0.69580078125,0.10986328125,-0.7080078125,-0.146484375,-0.59814453125,-0.1953125,-0.08544921875,0.20751953125,-0.93994140625,-0.1220703125,-1.7578125,-0.15869140625,-1.3427734375,-0.28076171875,0.244140625,0.09765625,0.32958984375,-0.08544921875,-0.0244140625,-0.06103515625,-0.01220703125,-0.06103515625,0.18310546875,-0.1708984375,9.87548828125,-0.13427734375,4.931640625,-0.146484375,3.7109375,-0.146484375,5.65185546875
0,-0.06103515625,-0.390625,-0.18310546875,-0.35400390625,0.5615234375,-0.35400390625,-0.30517578125,-0.0732421875,-0.29296875,-0.13427734375,-0.09765625,-0.89111328125,-0.048828125,1.08642578125,-0.08544921875,-0.13427734375,-0.244140625,-0.5615234375,-0.0732421875,-0.15869140625,-0.2197265625,0.89111328125,-0.06103515625,-0.5615234375,-0.30517578125,3.857421875,-0.06103515625,6.005859375,-0.048828125,6.06689453125,-0.06103515625,4.69970703125,0.13427734375,7.40966796875,-0.3173828125,1.3671875,-0.10986328125,1.708984375,-0.1220703125,1.9287109375,0.01220703125,-0.15869140625,0.1953125,-0.68359375,-0.2197265625,-0.35400390625,0.79345703125,0.72021484375,-0.68359375,1.7822265625,0.32958984375,0.439453125,-0.30517578125,-0.20751953125,0.03662109375,0.68359375,0,0.32958984375,-0.1708984375,0.28076171875,-0.1220703125,0.439453125,0.35400390625,0,0.47607421875,5.28564453125,-0.29296875,1.64794921875,-0.0732421875,0.79345703125,-0.1953125,0.8544921875,-0.30517578125,0.20751953125,0.0244140625,0.84228515625,0.1953125,0,0.13427734375,1.30615234375,-0.20751953125,-0.98876953125,0.13427734375,-0.390625,0.048828125,-1.0009765625,-0.3173828125,-0.79345703125,-0.3662109375,-1.611328125,0.1708984375,-0.5615234375,-0.23193359375,-0.390625,-0.1220703125,-1.1474609375,-0.244140625,-0.7080078125,0.03662109375,-0.732421875,-0.146484375,-0.5859375,-0.13427734375,-0.09765625,0.1953125,-0.98876953125,-0.0244140625,-1.79443359375,-0.146484375,-1.416015625,-0.3173828125,0.2197265625,0.146484375,0.32958984375,-0.0732421875,-0.06103515625,-0.0732421875,-0.01220703125,-0.048828125,0.1953125,-0.146484375,10.51025390625,-0.10986328125,5.18798828125,-0.15869140625,3.94287109375,-0.15869140625,6.005859375
0,-0.06103515625,-0.37841796875,-0.18310546875,-0.35400390625,0.50048828125,-0.35400390625,-0.29296875,-0.0732421875,-0.3173828125,-0.10986328125,-0.09765625,-0.87890625,-0.06103515625,1.07421875,-0.06103515625,-0.13427734375,-0.18310546875,-0.57373046875,-0.08544921875,-0.15869140625,-0.1220703125,0.89111328125,-0.08544921875,-0.57373046875,-0.3662109375,4.443359375,-0.146484375,7.11669921875,-0.1708984375,6.77490234375,-0.06103515625,5.33447265625,0.09765625,7.97119140625,-0.3662109375,1.5380859375,-0.0732421875,1.8310546875,-0.18310546875,2.13623046875,0.08544921875,-0.146484375,0.2685546875,-0.67138671875,-0.25634765625,-0.37841796875,0.6591796875,0.7568359375,-0.634765625,1.74560546875,0.32958984375,0.42724609375,-0.40283203125,-0.244140625,-0.08544921875,0.64697265625,-0.10986328125,0.30517578125,-0.1708984375,0.25634765625,-0.10986328125,0.45166015625,0.4638671875,-0.1953125,0.390625,4.79736328125,-0.32958984375,1.59912109375,-0.03662109375,0.732421875,-0.2685546875,0.81787109375,-0.30517578125,0.1953125,0.0732421875,0.8544921875,0.2197265625,0.01220703125,0.0732421875,1.2939453125,-0.18310546875,-0.96435546875,0.15869140625,-0.37841796875,-0.06103515625,-1.01318359375,-0.341796875,-0.79345703125,-0.341796875,-1.5869140625,0.1708984375,-0.4150390625,-0.2685546875,-0.3662109375,-0.0732421875,-1.13525390625,-0.23193359375,-0.69580078125,-0.06103515625,-0.72021484375,-0.1220703125,-0.5615234375,-0.048828125,-0.0732421875,0.20751953125,-1.03759765625,0.06103515625,-1.86767578125,-0.10986328125,-1.4404296875,-0.3173828125,0.18310546875,0.18310546875,0.32958984375,-0.048828125,-0.06103515625,-0.0732421875,-0.0244140625,-0.0244140625,0.1708984375,-0.1220703125,10.77880859375,-0.10986328125,5.2490234375,-0.13427734375,4.01611328125,-0.1708984375,6.1279296875
0,-0.0244140625,-0.37841796875,-0.1953125,-0.37841796875,0.47607421875,-0.35400390625,-0.2685546875,-0.08544921875,-0.30517578125,-0.06103515625,-0.1220703125,-0.91552734375,-0.06103515625,1.07421875,-0.08544921875,-0.146484375,-0.1220703125,-0.57373046875,-0.0732421875,-0.146484375,-0.06103515625,0.9033203125,-0.1220703125,-0.5615234375,-0.3662109375,4.91943359375,-0.18310546875,8.0078125,-0.244140625,7.38525390625,-0.01220703125,5.84716796875,0.0732421875,8.26416015625,-0.3173828125,1.59912109375,-0.06103515625,1.89208984375,-0.1708984375,2.24609375,0.09765625,-0.1220703125,0.30517578125,-0.6591796875,-0.2197265625,-0.37841796875,0.6103515625,0.84228515625,-0.64697265625,1.708984375,0.3173828125,0.4150390625,-0.50048828125,-0.2685546875,-0.1220703125,0.6591796875,-0.1708984375,0.3173828125,-0.0732421875,0.244140625,-0.1708984375,0.439453125,0.54931640625,-0.390625,0.30517578125,4.5166015625,-0.32958984375,1.59912109375,-0.0244140625,0.732421875,-0.32958984375,0.8056640625,-0.2685546875,0.1953125,0.1953125,0.8544921875,0.244140625,0.01220703125,0.03662109375,1.28173828125,-0.146484375,-0.98876953125,0.1220703125,-0.37841796875,-0.1953125,-1.025390625,-0.32958984375,-0.79345703125,-0.28076171875,-1.3916015625,0.0244140625,-0.09765625,-0.20751953125,-0.2197265625,-0.0732421875,-0.927734375,-0.20751953125,-0.69580078125,-0.1708984375,-0.7080078125,-0.10986328125,-0.54931640625,0.01220703125,-0.08544921875,0.1953125,-1.06201171875,0.15869140625,-1.904296875,-0.08544921875,-1.4404296875,-0.29296875,0.146484375,0.23193359375,0.341796875,-0.06103515625,-0.08544921875,-0.0732421875,-0.01220703125,0.01220703125,0.1708984375,-0.10986328125,10.60791015625,-0.09765625,5.126953125,-0.146484375,3.89404296875,-0.146484375,5.99365234375
0,-0.0244140625,-0.4150390625,-0.20751953125,-0.390625,0.4638671875,-0.37841796875,-0.2685546875,-0.08544921875,-0.37841796875,-0.03662109375,-0.1220703125,-0.89111328125,-0.10986328125,1.0498046875,-0.08544921875,-0.13427734375,-0.0732421875,-0.5615234375,-0.048828125,-0.13427734375,-0.03662109375,0.89111328125,-0.1708984375,-0.57373046875,-0.40283203125,5.26123046875,-0.18310546875,8.642578125,-0.2685546875,7.8125,0,6.2255859375,0.03662109375,8.2275390625,-0.25634765625,1.5625,-0.0244140625,1.86767578125,-0.146484375,2.20947265625,0.13427734375,-0.146484375,0.3662109375,-0.68359375,-0.15869140625,-0.390625,0.64697265625,0.91552734375,-0.634765625,1.66015625,0.25634765625,0.40283203125,-0.50048828125,-0.2685546875,-0.18310546875,0.64697265625,-0.28076171875,0.30517578125,-0.048828125,0.23193359375,-0.18310546875,0.35400390625,0.6591796875,-0.537109375,0.244140625,4.43115234375,-0.35400390625,1.5625,-0.06103515625,0.732421875,-0.390625,0.8056640625,-0.30517578125,0.1953125,0.2685546875,0.84228515625,0.23193359375,0,-0.0244140625,1.28173828125,-0.0732421875,-1.0009765625,0.08544921875,-0.3662109375,-0.30517578125,-1.03759765625,-0.30517578125,-0.81787109375,-0.25634765625,-1.0986328125,0,0.439453125,-0.13427734375,0.10986328125,-0.08544921875,-0.5615234375,-0.10986328125,-0.68359375,-0.244140625,-0.72021484375,-0.1220703125,-0.57373046875,0.08544921875,-0.08544921875,0.1708984375,-1.08642578125,0.23193359375,-1.904296875,-0.13427734375,-1.42822265625,-0.28076171875,0.15869140625,0.244140625,0.35400390625,-0.048828125,-0.09765625,-0.0732421875,-0.01220703125,0.048828125,0.18310546875,-0.09765625,10.09521484375,-0.09765625,4.8828125,-0.1220703125,3.61328125,-0.15869140625,5.65185546875
0,-0.048828125,-0.390625,-0.2197265625,-0.40283203125,0.45166015625,-0.37841796875,-0.20751953125,-0.0732421875,-0.341796875,0,-0.13427734375,-0.89111328125,-0.08544921875,1.06201171875,-0.0244140625,-0.1220703125,-0.06103515625,-0.537109375,-0.03662109375,-0.1220703125,-0.03662109375,0.87890625,-0.18310546875,-0.5859375,-0.37841796875,5.43212890625,-0.1708984375,8.92333984375,-0.23193359375,8.04443359375,0.0244140625,6.3720703125,0,7.9345703125,-0.20751953125,1.42822265625,-0.03662109375,1.7578125,-0.10986328125,2.11181640625,0.146484375,-0.18310546875,0.390625,-0.67138671875,-0.06103515625,-0.40283203125,0.6103515625,0.98876953125,-0.537109375,1.57470703125,0.2197265625,0.4150390625,-0.537109375,-0.23193359375,-0.2197265625,0.64697265625,-0.32958984375,0.32958984375,0.0244140625,0.2197265625,-0.25634765625,0.29296875,0.732421875,-0.6591796875,0.1953125,4.50439453125,-0.32958984375,1.5869140625,-0.0732421875,0.74462890625,-0.37841796875,0.8056640625,-0.390625,0.20751953125,0.29296875,0.81787109375,0.20751953125,-0.01220703125,-0.09765625,1.2939453125,-0.0244140625,-1.025390625,0.048828125,-0.37841796875,-0.37841796875,-1.06201171875,-0.2685546875,-0.81787109375,-0.1708984375,-0.64697265625,-0.09765625,1.23291015625,-0.0244140625,0.5859375,-0.13427734375,-0.06103515625,-0.048828125,-0.7080078125,-0.2685546875,-0.732421875,-0.13427734375,-0.5615234375,0.1220703125,-0.10986328125,0.1708984375,-1.07421875,0.3173828125,-1.91650390625,-0.09765625,-1.40380859375,-0.25634765625,0.13427734375,0.244140625,0.341796875,-0.06103515625,-0.08544921875,-0.0732421875,-0.01220703125,0.08544921875,0.146484375,-0.08544921875,9.27734375,-0.09765625,4.47998046875,-0.09765625,3.18603515625,-0.15869140625,5.126953125
0,-0.06103515625,-0.40283203125,-0.25634765625,-0.40283203125,0.45166015625,-0.37841796875,-0.18310546875,-0.08544921875,-0.32958984375,0,-0.146484375,-0.9033203125,-0.09765625,1.06201171875,0.048828125,-0.146484375,-0.06103515625,-0.54931640625,-0.0244140625,-0.09765625,-0.08544921875,0.89111328125,-0.1953125,-0.59814453125,-0.30517578125,5.419921875,-0.13427734375,8.87451171875,-0.13427734375,8.056640625,-0.0244140625,6.33544921875,-0.08544921875,7.421875,-0.13427734375,1.23291015625,-0.03662109375,1.611328125,-0.09765625,1.91650390625,0.10986328125,-0.1953125,0.390625,-0.67138671875,-0.01220703125,-0.390625,0.6591796875,1.0986328125,-0.439453125,1.50146484375,0.1953125,0.4150390625,-0.5859375,-0.2197265625,-0.244140625,0.68359375,-0.390625,0.35400390625,0.06103515625,0.18310546875,-0.244140625,0.1953125,0.67138671875,-0.69580078125,0.1953125,4.62646484375,-0.25634765625,1.5625,-0.10986328125,0.7568359375,-0.3173828125,0.8056640625,-0.42724609375,0.18310546875,0.32958984375,0.84228515625,0.20751953125,-0.01220703125,-0.13427734375,1.26953125,0.06103515625,-1.025390625,-0.01220703125,-0.37841796875,-0.37841796875,-1.07421875,-0.2197265625,-0.84228515625,-0.08544921875,-0.13427734375,-0.09765625,2.1484375,0.0244140625,1.18408203125,-0.18310546875,0.6103515625,0.03662109375,-0.7080078125,-0.28076171875,-0.72021484375,-0.1220703125,-0.5615234375,0.1220703125,-0.09765625,0.09765625,-1.06201171875,0.2685546875,-1.89208984375,-0.09765625,-1.37939453125,-0.244140625,0.1708984375,0.2685546875,0.341796875,-0.048828125,-0.06103515625,-0.0732421875,-0.03662109375,0.0732421875,0.13427734375,-0.048828125,8.26416015625,-0.0732421875,4.04052734375,-0.0732421875,2.72216796875,-0.13427734375,4.50439453125
0,-0.048828125,-0.40283203125,-0.23193359375,-0.40283203125,0.45166015625,-0.390625,-0.20751953125,-0.06103515625,-0.341796875,0.01220703125,-0.1708984375,-0.91552734375,-0.0732421875,1.07421875,0.08544921875,-0.1708984375,-0.03662109375,-0.5615234375,-0.03662109375,-0.09765625,-0.146484375,0.87890625,-0.1953125,-0.57373046875,-0.244140625,5.21240234375,-0.09765625,8.50830078125,-0.01220703125,7.8369140625,-0.048828125,6.09130859375,-0.146484375,6.7626953125,-0.0244140625,1.01318359375,-0.0732421875,1.416015625,-0.10986328125,1.66015625,0.06103515625,-0.2197265625,0.4150390625,-0.69580078125,0.06103515625,-0.390625,0.59814453125,1.220703125,-0.32958984375,1.4404296875,0.1708984375,0.4150390625,-0.5859375,-0.15869140625,-0.2685546875,0.69580078125,-0.390625,0.37841796875,0.09765625,0.1953125,-0.244140625,0.15869140625,0.68359375,-0.62255859375,0.23193359375,4.69970703125,-0.1708984375,1.57470703125,-0.15869140625,0.74462890625,-0.1953125,0.76904296875,-0.45166015625,0.18310546875,0.341796875,0.81787109375,0.18310546875,-0.0244140625,-0.1953125,1.2939453125,0.1220703125,-1.025390625,-0.048828125,-0.390625,-0.3662109375,-1.06201171875,-0.1708984375,-0.84228515625,0,0.45166015625,-0.0244140625,3.23486328125,0.06103515625,1.806640625,-0.15869140625,1.318359375,0.03662109375,-0.69580078125,-0.25634765625,-0.7080078125,-0.10986328125,-0.57373046875,0.1220703125,-0.1220703125,0.0244140625,-1.0498046875,0.20751953125,-1.86767578125,-0.08544921875,-1.3427734375,-0.244140625,0.15869140625,0.2685546875,0.341796875,-0.048828125,-0.06103515625,-0.0732421875,-0.0244140625,0.0732421875,0.13427734375,-0.01220703125,7.177734375,-0.1220703125,3.55224609375,-0.09765625,2.24609375,-0.18310546875,3.84521484375
0,-0.0732421875,-0.42724609375,-0.23193359375,-0.4150390625,0.45166015625,-0.35400390625,-0.2197265625,-0.048828125,-0.30517578125,-0.01220703125,-0.1708984375,-0.9033203125,-0.048828125,1.06201171875,0.08544921875,-0.18310546875,-0.01220703125,-0.5615234375,-0.048828125,-0.09765625,-0.2197265625,0.87890625,-0.18310546875,-0.59814453125,-0.15869140625,4.84619140625,-0.048828125,7.8369140625,0.09765625,7.3974609375,-0.06103515625,5.6884765625,-0.18310546875,5.9814453125,0.06103515625,0.7568359375,-0.09765625,1.220703125,-0.09765625,1.40380859375,-0.01220703125,-0.23193359375,0.35400390625,-0.68359375,0.10986328125,-0.37841796875,0.57373046875,1.35498046875,-0.2197265625,1.416015625,0.146484375,0.42724609375,-0.5859375,-0.13427734375,-0.25634765625,0.7080078125,-0.45166015625,0.4150390625,0.08544921875,0.1953125,-0.244140625,0.1708984375,0.6103515625,-0.48828125,0.390625,4.638671875,-0.03662109375,1.52587890625,-0.1708984375,0.69580078125,-0.10986328125,0.72021484375,-0.4150390625,0.1953125,0.3662109375,0.8056640625,0.1220703125,0,-0.23193359375,1.30615234375,0.15869140625,-1.025390625,-0.0732421875,-0.40283203125,-0.28076171875,-1.0498046875,-0.08544921875,-0.8544921875,0.048828125,1.025390625,-0.01220703125,4.33349609375,0.06103515625,2.490234375,-0.09765625,2.06298828125,0.0244140625,-0.72021484375,-0.20751953125,-0.7080078125,-0.10986328125,-0.5859375,0.1220703125,-0.1220703125,0.0244140625,-1.025390625,0.10986328125,-1.85546875,-0.048828125,-1.2939453125,-0.1953125,0.1708984375,0.25634765625,0.32958984375,-0.03662109375,-0.048828125,-0.08544921875,-0.03662109375,0.0732421875,0.13427734375,0,6.06689453125,-0.10986328125,3.1005859375,-0.0732421875,1.7822265625,-0.1708984375,3.16162109375
0,-0.08544921875,-0.4150390625,-0.23193359375,-0.390625,0.45166015625,-0.3173828125,-0.2197265625,-0.03662109375,-0.30517578125,-0.03662109375,-0.1708984375,-0.9033203125,-0.048828125,1.06201171875,0.0732421875,-0.15869140625,0.01220703125,-0.57373046875,-0.048828125,-0.09765625,-0.29296875,0.89111328125,-0.1708984375,-0.5859375,-0.08544921875,4.33349609375,-0.01220703125,6.97021484375,0.1953125,6.787109375,-0.03662109375,5.13916015625,-0.20751953125,5.21240234375,0.10986328125,0.48828125,-0.08544921875,0.98876953125,-0.10986328125,1.123046875,-0.0244140625,-0.25634765625,0.2685546875,-0.7080078125,0.15869140625,-0.37841796875,0.64697265625,1.4892578125,-0.18310546875,1.37939453125,0.09765625,0.439453125,-0.52490234375,-0.146484375,-0.2685546875,0.72021484375,-0.4150390625,0.439453125,0.1220703125,0.23193359375,-0.1953125,0.2197265625,0.537109375,-0.2685546875,0.48828125,4.30908203125,0.08544921875,1.4892578125,-0.18310546875,0.59814453125,0,0.62255859375,-0.32958984375,0.20751953125,0.390625,0.84228515625,0.048828125,0,-0.25634765625,1.2939453125,0.146484375,-1.01318359375,-0.06103515625,-0.390625,-0.1220703125,-1.025390625,-0.06103515625,-0.8544921875,0.0244140625,1.57470703125,-0.08544921875,5.46875,-0.0244140625,3.08837890625,-0.09765625,2.74658203125,-0.01220703125,-0.732421875,-0.15869140625,-0.69580078125,-0.1220703125,-0.59814453125,0.06103515625,-0.13427734375,-0.0244140625,-1.01318359375,-0.08544921875,-1.8310546875,-0.0732421875,-1.28173828125,-0.23193359375,0.146484375,0.25634765625,0.341796875,-0.0244140625,-0.06103515625,-0.0732421875,-0.09765625,0.03662109375,0.1708984375,-0.03662109375,5.04150390625,-0.08544921875,2.6611328125,-0.06103515625,1.3427734375,-0.15869140625,2.52685546875
0,-0.09765625,-0.4150390625,-0.2197265625,-0.37841796875,0.439453125,-0.30517578125,-0.1953125,0,-0.341796875,-0.048828125,-0.18310546875,-0.91552734375,-0.0244140625,1.07421875,0.03662109375,-0.15869140625,0.0244140625,-0.57373046875,-0.048828125,-0.10986328125,-0.30517578125,0.87890625,-0.15869140625,-0.59814453125,-0.048828125,3.72314453125,0,5.9326171875,0.244140625,6.06689453125,0,4.47998046875,-0.1953125,4.47998046875,0.1220703125,0.29296875,-0.10986328125,0.81787109375,-0.1953125,0.830078125,-0.0244140625,-0.28076171875,0.15869140625,-0.7080078125,0.15869140625,-0.37841796875,0.732421875,1.64794921875,-0.18310546875,1.37939453125,0.08544921875,0.45166015625,-0.40283203125,-0.13427734375,-0.2685546875,0.72021484375,-0.35400390625,0.42724609375,0.1220703125,0.25634765625,-0.23193359375,0.29296875,0.57373046875,-0.09765625,0.57373046875,3.74755859375,0.1953125,1.40380859375,-0.18310546875,0.5126953125,0.09765625,0.5126953125,-0.244140625,0.23193359375,0.37841796875,0.8056640625,-0.03662109375,0,-0.25634765625,1.30615234375,0.09765625,-1.01318359375,-0.048828125,-0.4150390625,-0.03662109375,-1.0498046875,-0.09765625,-0.84228515625,0,2.0263671875,-0.1220703125,6.494140625,-0.0732421875,3.60107421875,-0.03662109375,3.3447265625,-0.09765625,-0.72021484375,-0.13427734375,-0.69580078125,-0.10986328125,-0.5859375,0.01220703125,-0.10986328125,0,-1.03759765625,-0.1953125,-1.81884765625,-0.06103515625,-1.28173828125,-0.2197265625,0.146484375,0.28076171875,0.3173828125,-0.01220703125,-0.0244140625,-0.0732421875,-0.09765625,0.0732421875,0.1953125,-0.03662109375,4.1259765625,-0.0732421875,2.30712890625,-0.06103515625,0.98876953125,-0.15869140625,1.9775390625
0,-0.09765625,-0.40283203125,-0.20751953125,-0.341796875,0.4638671875,-0.2685546875,-0.18310546875,0.01220703125,-0.3662109375,-0.0732421875,-0.20751953125,-0.9033203125,0.01220703125,1.0986328125,0.03662109375,-0.1220703125,0,-0.57373046875,-0.0732421875,-0.09765625,-0.28076171875,0.87890625,-0.18310546875,-0.59814453125,0.01220703125,3.0517578125,-0.01220703125,4.8095703125,0.23193359375,5.26123046875,0.06103515625,3.7841796875,-0.13427734375,3.79638671875,0.08544921875,0.09765625,-0.10986328125,0.64697265625,-0.25634765625,0.59814453125,0.06103515625,-0.2685546875,-0.0244140625,-0.7080078125,0.13427734375,-0.37841796875,0.8056640625,1.8310546875,-0.1953125,1.416015625,0.08544921875,0.42724609375,-0.35400390625,-0.146484375,-0.25634765625,0.72021484375,-0.3662109375,0.4638671875,0.06103515625,0.28076171875,-0.37841796875,0.390625,0.54931640625,0.06103515625,0.6591796875,2.9541015625,0.25634765625,1.30615234375,-0.1220703125,0.390625,0.18310546875,0.3662109375,-0.13427734375,0.23193359375,0.28076171875,0.81787109375,-0.09765625,0,-0.2197265625,1.318359375,0.03662109375,-1.0009765625,-0.03662109375,-0.40283203125,0.09765625,-1.0009765625,-0.13427734375,-0.830078125,-0.09765625,2.3681640625,-0.08544921875,7.373046875,-0.15869140625,3.99169921875,-0.03662109375,3.7841796875,-0.13427734375,-0.7080078125,-0.1220703125,-0.69580078125,-0.1220703125,-0.57373046875,-0.048828125,-0.1220703125,0.0244140625,-1.025390625,-0.35400390625,-1.7822265625,-0.0244140625,-1.28173828125,-0.20751953125,0.15869140625,0.29296875,0.3173828125,-0.0244140625,-0.01220703125,-0.06103515625,-0.09765625,0.08544921875,0.1953125,-0.146484375,3.3203125,-0.1220703125,2.03857421875,-0.09765625,0.732421875,-0.1953125,1.50146484375
0,-0.10986328125,-0.37841796875,-0.2197265625,-0.341796875,0.42724609375,-0.23193359375,-0.146484375,0.0244140625,-0.35400390625,-0.08544921875,-0.1953125,-0.91552734375,-0.01220703125,1.0986328125,0.048828125,-0.146484375,-0.0244140625,-0.5615234375,-0.10986328125,-0.1220703125,-0.2685546875,0.89111328125,-0.20751953125,-0.59814453125,0.0244140625,2.40478515625,-0.08544921875,3.69873046875,0.13427734375,4.43115234375,0.06103515625,3.06396484375,-0.1220703125,3.22265625,0.048828125,-0.06103515625,-0.09765625,0.48828125,-0.30517578125,0.390625,0.1708984375,-0.25634765625,-0.06103515625,-0.72021484375,0.13427734375,-0.3662109375,0.91552734375,1.96533203125,-0.2197265625,1.47705078125,0.09765625,0.4150390625,-0.23193359375,-0.1708984375,-0.23193359375,0.69580078125,-0.341796875,0.47607421875,0.06103515625,0.341796875,-0.4150390625,0.5126953125,0.537109375,0.15869140625,0.7568359375,2.01416015625,0.341796875,1.171875,-0.08544921875,0.2685546875,0.25634765625,0.25634765625,-0.048828125,0.20751953125,0.2197265625,0.84228515625,-0.1220703125,-0.01220703125,-0.1953125,1.33056640625,-0.06103515625,-1.01318359375,0,-0.40283203125,0.18310546875,-1.01318359375,-0.2197265625,-0.830078125,-0.1708984375,2.5390625,-0.01220703125,7.97119140625,-0.2197265625,4.23583984375,-0.0244140625,4.052734375,-0.1708984375,-0.732421875,-0.0732421875,-0.69580078125,-0.09765625,-0.57373046875,-0.08544921875,-0.1220703125,0.06103515625,-1.03759765625,-0.439453125,-1.7822265625,-0.0244140625,-1.28173828125,-0.20751953125,0.15869140625,0.28076171875,0.3173828125,-0.03662109375,-0.0244140625,-0.0732421875,-0.06103515625,0.0732421875,0.1953125,-0.146484375,2.60009765625,-0.0732421875,1.81884765625,-0.08544921875,0.537109375,-0.08544921875,1.123046875
0,-0.10986328125,-0.390625,-0.20751953125,-0.35400390625,0.4150390625,-0.20751953125,-0.15869140625,0,-0.37841796875,-0.08544921875,-0.2197265625,-0.9033203125,-0.0244140625,1.11083984375,0.06103515625,-0.146484375,-0.03662109375,-0.57373046875,-0.15869140625,-0.13427734375,-0.146484375,0.89111328125,-0.244140625,-0.57373046875,0.06103515625,1.74560546875,-0.13427734375,2.62451171875,0.0244140625,3.61328125,0.09765625,2.35595703125,-0.10986328125,2.67333984375,-0.048828125,-0.1708984375,-0.048828125,0.3662109375,-0.30517578125,0.1953125,0.20751953125,-0.23193359375,-0.09765625,-0.72021484375,0.1708984375,-0.37841796875,0.830078125,2.099609375,-0.29296875,1.513671875,0.09765625,0.40283203125,-0.20751953125,-0.18310546875,-0.1708984375,0.69580078125,-0.341796875,0.5126953125,0.06103515625,0.37841796875,-0.4638671875,0.5859375,0.5126953125,0.20751953125,0.8056640625,1.06201171875,0.3662109375,1.06201171875,-0.03662109375,0.18310546875,0.3173828125,0.146484375,-0.01220703125,0.2197265625,0.10986328125,0.81787109375,-0.13427734375,-0.0244140625,-0.146484375,1.30615234375,-0.10986328125,-1.025390625,0,-0.37841796875,0.20751953125,-1.025390625,-0.15869140625,-0.830078125,-0.18310546875,2.60009765625,-0.09765625,8.30078125,-0.1953125,4.30908203125,-0.03662109375,4.150390625,-0.1708984375,-0.7080078125,-0.03662109375,-0.69580078125,-0.06103515625,-0.57373046875,-0.15869140625,-0.1220703125,0.10986328125,-1.0498046875,-0.47607421875,-1.7822265625,-0.01220703125,-1.28173828125,-0.244140625,0.15869140625,0.2685546875,0.30517578125,-0.048828125,-0.0244140625,-0.08544921875,-0.048828125,0.08544921875,0.18310546875,-0.1220703125,1.904296875,-0.048828125,1.59912109375,-0.10986328125,0.35400390625,-0.06103515625,0.732421875
0,-0.08544921875,-0.37841796875,-0.1953125,-0.3662109375,0.35400390625,-0.2197265625,-0.10986328125,-0.0244140625,-0.3173828125,-0.0732421875,-0.23193359375,-0.91552734375,-0.048828125,1.13525390625,0.048828125,-0.146484375,-0.06103515625,-0.5859375,-0.1708984375,-0.13427734375,-0.0732421875,0.89111328125,-0.28076171875,-0.5859375,0.048828125,1.13525390625,-0.1708984375,1.64794921875,-0.10986328125,2.84423828125,0.13427734375,1.708984375,-0.15869140625,2.1728515625,-0.13427734375,-0.30517578125,-0.0244140625,0.2197265625,-0.2685546875,0.01220703125,0.1708984375,-0.244140625,-0.0732421875,-0.7080078125,0.18310546875,-0.37841796875,0.69580078125,2.16064453125,-0.40283203125,1.5380859375,0.0732421875,0.4150390625,-0.23193359375,-0.1953125,-0.1220703125,0.68359375,-0.3662109375,0.5615234375,0.08544921875,0.390625,-0.47607421875,0.64697265625,0.35400390625,0.1953125,0.8544921875,0.25634765625,0.37841796875,0.96435546875,0.0244140625,0.09765625,0.341796875,0.06103515625,0.03662109375,0.20751953125,0.03662109375,0.81787109375,-0.13427734375,-0.0244140625,-0.146484375,1.318359375,-0.1220703125,-1.025390625,-0.01220703125,-0.37841796875,0.244140625,-1.03759765625,-0.1220703125,-0.81787109375,-0.244140625,2.52685546875,-0.146484375,8.31298828125,-0.1708984375,4.248046875,-0.06103515625,4.0771484375,-0.15869140625,-0.7080078125,0.0244140625,-0.72021484375,-0.048828125,-0.57373046875,-0.15869140625,-0.10986328125,0.13427734375,-1.01318359375,-0.48828125,-1.7822265625,-0.048828125,-1.26953125,-0.23193359375,0.1708984375,0.25634765625,0.3173828125,-0.0732421875,-0.03662109375,-0.0732421875,-0.048828125,0.0732421875,0.15869140625,-0.20751953125,1.26953125,-0.10986328125,1.3916015625,-0.146484375,0.1953125,-0.0732421875,0.390625
1,-0.08544921875,-0.3662109375,-0.1953125,-0.40283203125,0.30517578125,-0.2685546875,-0.1220703125,-0.06103515625,-0.29296875,-0.0732421875,-0.244140625,-0.9033203125,-0.06103515625,1.11083984375,0.0244140625,-0.1708984375,-0.06103515625,-0.5615234375,-0.15869140625,-0.13427734375,0.0244140625,0.89111328125,-0.30517578125,-0.59814453125,0,0.57373046875,-0.18310546875,0.78125,-0.2197265625,2.11181640625,0.10986328125,1.0986328125,-0.18310546875,1.6845703125,-0.13427734375,-0.40283203125,-0.03662109375,0.06103515625,-0.29296875,-0.146484375,0.146484375,-0.23193359375,0.048828125,-0.68359375,0.2197265625,-0.4150390625,0.7080078125,2.1484375,-0.47607421875,1.50146484375,0.06103515625,0.4150390625,-0.20751953125,-0.1953125,-0.08544921875,0.68359375,-0.4150390625,0.64697265625,0.09765625,0.4150390625,-0.5126953125,0.67138671875,0.29296875,0.10986328125,0.84228515625,-0.244140625,0.40283203125,0.91552734375,0.0732421875,0.09765625,0.29296875,0.03662109375,0.06103515625,0.20751953125,0,0.81787109375,-0.0732421875,-0.0244140625,-0.18310546875,1.28173828125,-0.10986328125,-1.0498046875,-0.03662109375,-0.37841796875,0.23193359375,-1.0498046875,-0.1220703125,-0.8056640625,-0.2685546875,2.33154296875,-0.1708984375,8.0322265625,-0.09765625,4.06494140625,-0.08544921875,3.857421875,-0.1953125,-0.72021484375,0.03662109375,-0.72021484375,-0.01220703125,-0.5859375,-0.1708984375,-0.09765625,0.146484375,-1.0009765625,-0.40283203125,-1.77001953125,-0.01220703125,-1.2451171875,-0.2197265625,0.1953125,0.244140625,0.29296875,-0.048828125,-0.0244140625,-0.0732421875,-0.048828125,0.08544921875,0.1708984375,-0.15869140625,0.6591796875,-0.048828125,1.18408203125,-0.10986328125,0.048828125,-0.0244140625,0.0732421875
1,-0.0732421875,-0.37841796875,-0.18310546875,-0.4150390625,0.29296875,-0.3173828125,-0.0732421875,-0.08544921875,-0.29296875,-0.0244140625,-0.28076171875,-0.91552734375,-0.09765625,1.11083984375,-0.0244140625,-0.1708984375,-0.08544921875,-0.54931640625,-0.146484375,-0.13427734375,0.146484375,0.86669921875,-0.25634765625,-0.59814453125,-0.0244140625,0.08544921875,-0.1953125,0.0244140625,-0.2685546875,1.45263671875,0.08544921875,0.5615234375,-0.2197265625,1.13525390625,-0.06103515625,-0.54931640625,-0.0244140625,-0.09765625,-0.3173828125,-0.341796875,0.048828125,-0.23193359375,0.09765625,-0.69580078125,0.2197265625,-0.4150390625,0.57373046875,2.099609375,-0.5615234375,1.45263671875,0.06103515625,0.4150390625,-0.1708984375,-0.15869140625,0.01220703125,0.69580078125,-0.5126953125,0.72021484375,0.13427734375,0.40283203125,-0.54931640625,0.67138671875,0.1953125,0.0244140625,0.74462890625,-0.37841796875,0.3173828125,0.91552734375,0.0732421875,0.09765625,0.2197265625,0.06103515625,0.0732421875,0.1953125,-0.06103515625,0.78125,-0.03662109375,-0.01220703125,-0.244140625,1.28173828125,-0.08544921875,-1.025390625,-0.0732421875,-0.37841796875,0.18310546875,-1.06201171875,-0.0732421875,-0.8056640625,-0.30517578125,2.0751953125,-0.146484375,7.4951171875,-0.01220703125,3.77197265625,-0.09765625,3.52783203125,-0.18310546875,-0.72021484375,0.0244140625,-0.732421875,0,-0.57373046875,-0.146484375,-0.08544921875,0.15869140625,-0.98876953125,-0.35400390625,-1.74560546875,0,-1.1962890625,-0.1953125,0.244140625,0.18310546875,0.30517578125,-0.048828125,-0.03662109375,-0.0732421875,-0.0244140625,0.06103515625,0.13427734375,-0.15869140625,0.13427734375,-0.08544921875,1.0009765625,-0.13427734375,-0.1220703125,-0.0732421875,-0.1708984375
1,-0.06103515625,-0.40283203125,-0.146484375,-0.4150390625,0.30517578125,-0.37841796875,-0.0732421875,-0.10986328125,-0.30517578125,-0.0244140625,-0.29296875,-0.91552734375,-0.146484375,1.0986328125,-0.03662109375,-0.1708984375,-0.08544921875,-0.537109375,-0.09765625,-0.1220703125,0.18310546875,0.86669921875,-0.20751953125,-0.59814453125,-0.09765625,-0.341796875,-0.23193359375,-0.634765625,-0.23193359375,0.89111328125,0.0244140625,0.09765625,-0.341796875,0.6103515625,0.01220703125,-0.69580078125,-0.048828125,-0.244140625,-0.28076171875,-0.537109375,-0.01220703125,-0.20751953125,0.20751953125,-0.69580078125,0.244140625,-0.40283203125,0.537109375,1.953125,-0.5859375,1.3671875,0.0732421875,0.4150390625,-0.13427734375,-0.146484375,0.10986328125,0.7080078125,-0.5859375,0.79345703125,0.09765625,0.390625,-0.6103515625,0.64697265625,0.09765625,-0.03662109375,0.81787109375,-0.048828125,0.2197265625,0.9765625,0.0732421875,0.15869140625,0.10986328125,0.146484375,0.08544921875,0.20751953125,-0.08544921875,0.8056640625,0.048828125,-0.03662109375,-0.30517578125,1.28173828125,-0.06103515625,-1.0009765625,-0.06103515625,-0.37841796875,0.13427734375,-1.07421875,-0.10986328125,-0.81787109375,-0.341796875,1.7578125,-0.09765625,6.79931640625,0.048828125,3.45458984375,-0.146484375,3.1494140625,-0.15869140625,-0.7080078125,0.0244140625,-0.7568359375,0.03662109375,-0.5859375,-0.10986328125,-0.09765625,0.15869140625,-0.927734375,-0.23193359375,-1.72119140625,0.01220703125,-1.18408203125,-0.20751953125,0.29296875,0.15869140625,0.3173828125,-0.06103515625,-0.048828125,-0.0732421875,-0.03662109375,0,0.13427734375,-0.15869140625,-0.32958984375,-0.0732421875,0.87890625,-0.1220703125,-0.2685546875,-0.048828125,-0.390625
1,-0.06103515625,-0.40283203125,-0.13427734375,-0.42724609375,0.341796875,-0.4638671875,-0.0732421875,-0.146484375,-0.29296875,-0.01220703125,-0.32958984375,-0.91552734375,-0.13427734375,1.07421875,0,-0.1708984375,-0.06103515625,-0.52490234375,-0.0732421875,-0.1220703125,0.2197265625,0.84228515625,-0.1220703125,-0.59814453125,-0.1708984375,-0.67138671875,-0.23193359375,-1.171875,-0.1708984375,0.390625,-0.0732421875,-0.30517578125,-0.4638671875,0.08544921875,0.1220703125,-0.830078125,-0.06103515625,-0.40283203125,-0.25634765625,-0.7080078125,-0.03662109375,-0.20751953125,0.28076171875,-0.68359375,0.244140625,-0.4150390625,0.52490234375,1.7333984375,-0.59814453125,1.2451171875,0.10986328125,0.42724609375,-0.09765625,-0.13427734375,0.1953125,0.7080078125,-0.62255859375,0.830078125,0.0732421875,0.390625,-0.5615234375,0.62255859375,-0.01220703125,-0.06103515625,0.84228515625,0.7080078125,0.1220703125,1.08642578125,0.0244140625,0.25634765625,0.048828125,0.29296875,0.048828125,0.18310546875,-0.146484375,0.8056640625,0.0732421875,-0.048828125,-0.341796875,1.26953125,-0.048828125,-0.98876953125,-0.06103515625,-0.37841796875,0.0732421875,-1.07421875,-0.10986328125,-0.8056640625,-0.28076171875,1.47705078125,0.03662109375,6.01806640625,0.10986328125,3.1005859375,-0.13427734375,2.77099609375,-0.10986328125,-0.7080078125,-0.01220703125,-0.732421875,0.03662109375,-0.59814453125,-0.06103515625,-0.09765625,0.1220703125,-0.927734375,-0.09765625,-1.708984375,-0.08544921875,-1.13525390625,-0.23193359375,0.3173828125,0.1220703125,0.32958984375,-0.048828125,-0.03662109375,-0.09765625,-0.06103515625,0,0.13427734375,-0.08544921875,-0.6103515625,-0.03662109375,0.78125,-0.048828125,-0.341796875,-0.0244140625,-0.50048828125
1,-0.08544921875,-0.40283203125,-0.1220703125,-0.390625,0.37841796875,-0.537109375,-0.0732421875,-0.13427734375,-0.25634765625,-0.01220703125,-0.32958984375,-0.89111328125,-0.15869140625,1.07421875,0.0244140625,-0.13427734375,-0.06103515625,-0.52490234375,-0.03662109375,-0.1220703125,0.2685546875,0.8544921875,-0.0732421875,-0.6103515625,-0.15869140625,-0.93994140625,-0.28076171875,-1.611328125,-0.0732421875,0.0244140625,-0.15869140625,-0.62255859375,-0.48828125,-0.45166015625,0.2197265625,-0.96435546875,-0.048828125,-0.52490234375,-0.13427734375,-0.9033203125,-0.0244140625,-0.20751953125,0.3173828125,-0.69580078125,0.18310546875,-0.4150390625,0.54931640625,1.50146484375,-0.5859375,1.1474609375,0.15869140625,0.4150390625,-0.10986328125,-0.146484375,0.2197265625,0.732421875,-0.67138671875,0.9033203125,0.048828125,0.390625,-0.537109375,0.6103515625,-0.09765625,-0.048828125,0.76904296875,1.79443359375,0.03662109375,1.2451171875,-0.0732421875,0.439453125,0,0.47607421875,0.0244140625,0.1953125,-0.18310546875,0.8056640625,0.09765625,-0.06103515625,-0.3662109375,1.28173828125,-0.01220703125,-0.9521484375,-0.0244140625,-0.3662109375,0,-1.0498046875,-0.1953125,-0.81787109375,-0.18310546875,1.18408203125,0.03662109375,5.2978515625,0.1220703125,2.79541015625,-0.146484375,2.40478515625,-0.01220703125,-0.68359375,-0.08544921875,-0.732421875,-0.01220703125,-0.59814453125,-0.048828125,-0.10986328125,0.09765625,-0.91552734375,-0.01220703125,-1.67236328125,-0.0732421875,-1.123046875,-0.23193359375,0.35400390625,0.1220703125,0.32958984375,-0.03662109375,-0.03662109375,-0.0732421875,-0.0732421875,-0.03662109375,0.10986328125,-0.13427734375,-0.7080078125,-0.09765625,0.830078125,-0.08544921875,-0.37841796875,-0.06103515625,-0.48828125
1,-0.09765625,-0.40283203125,-0.0732421875,-0.37841796875,0.341796875,-0.57373046875,-0.0732421875,-0.10986328125,-0.2197265625,-0.0244140625,-0.35400390625,-0.9033203125,-0.146484375,1.08642578125,0.03662109375,-0.146484375,-0.0244140625,-0.537109375,-0.01220703125,-0.10986328125,0.2685546875,0.830078125,-0.0244140625,-0.62255859375,-0.13427734375,-1.11083984375,-0.28076171875,-1.94091796875,0,-0.28076171875,-0.25634765625,-0.830078125,-0.5126953125,-0.93994140625,0.30517578125,-1.0986328125,-0.048828125,-0.62255859375,-0.048828125,-1.03759765625,-0.01220703125,-0.1953125,0.30517578125,-0.7080078125,0.1220703125,-0.42724609375,0.52490234375,1.25732421875,-0.59814453125,1.06201171875,0.18310546875,0.439453125,-0.09765625,-0.146484375,0.2197265625,0.732421875,-0.7080078125,0.9521484375,0.0244140625,0.37841796875,-0.48828125,0.59814453125,-0.13427734375,0,0.6591796875,3.1005859375,-0.06103515625,1.42822265625,-0.15869140625,0.62255859375,-0.06103515625,0.6591796875,0.01220703125,0.2197265625,-0.1708984375,0.84228515625,0.13427734375,-0.06103515625,-0.32958984375,1.26953125,-0.01220703125,-0.9033203125,0,-0.390625,-0.06103515625,-1.0498046875,-0.28076171875,-0.830078125,-0.09765625,0.9521484375,0.01220703125,4.67529296875,0.10986328125,2.5390625,-0.08544921875,2.08740234375,0.03662109375,-0.69580078125,-0.1220703125,-0.7080078125,-0.0244140625,-0.59814453125,-0.01220703125,-0.08544921875,0.06103515625,-0.9033203125,0.048828125,-1.69677734375,-0.08544921875,-1.13525390625,-0.25634765625,0.35400390625,0.10986328125,0.3173828125,-0.01220703125,-0.0244140625,-0.08544921875,-0.0732421875,-0.06103515625,0.1220703125,-0.1220703125,-0.6103515625,-0.10986328125,0.9033203125,-0.0732421875,-0.32958984375,-0.06103515625,-0.35400390625
1,-0.1220703125,-0.439453125,-0.06103515625,-0.390625,0.341796875,-0.57373046875,-0.09765625,-0.1220703125,-0.1708984375,-0.03662109375,-0.341796875,-0.89111328125,-0.146484375,1.0498046875,0,-0.1220703125,0.01220703125,-0.537109375,0.01220703125,-0.1220703125,0.29296875,0.84228515625,0.01220703125,-0.6103515625,-0.0732421875,-1.220703125,-0.25634765625,-2.13623046875,0.048828125,-0.439453125,-0.244140625,-0.9521484375,-0.47607421875,-1.2939453125,0.390625,-1.18408203125,-0.0732421875,-0.68359375,0.01220703125,-1.123046875,-0.0244140625,-0.1953125,0.28076171875,-0.72021484375,0.06103515625,-0.42724609375,0.52490234375,1.01318359375,-0.57373046875,1.01318359375,0.15869140625,0.4150390625,-0.08544921875,-0.18310546875,0.1953125,0.732421875,-0.72021484375,0.96435546875,0.0244140625,0.40283203125,-0.4638671875,0.5859375,-0.18310546875,0.08544921875,0.72021484375,4.5166015625,-0.09765625,1.64794921875,-0.23193359375,0.830078125,-0.1220703125,0.86669921875,-0.03662109375,0.1953125,-0.1708984375,0.830078125,0.1220703125,-0.06103515625,-0.28076171875,1.28173828125,-0.03662109375,-0.8544921875,0.01220703125,-0.390625,-0.1708984375,-1.0498046875,-0.29296875,-0.830078125,-0.03662109375,0.76904296875,0.03662109375,4.18701171875,0.1220703125,2.34375,-0.0244140625,1.86767578125,0.10986328125,-0.69580078125,-0.15869140625,-0.69580078125,-0.048828125,-0.6103515625,-0.03662109375,-0.09765625,0.01220703125,-0.927734375,0.09765625,-1.708984375,-0.13427734375,-1.13525390625,-0.20751953125,0.35400390625,0.1220703125,0.32958984375,0.01220703125,-0.01220703125,-0.08544921875,-0.0732421875,-0.06103515625,0.146484375,-0.09765625,-0.341796875,-0.08544921875,1.07421875,-0.0732421875,-0.18310546875,-0.0244140625,-0.10986328125
1,-0.1220703125,-0.439453125,-0.048828125,-0.37841796875,0.341796875,-0.5615234375,-0.0732421875,-0.09765625,-0.146484375,-0.048828125,-0.341796875,-0.89111328125,-0.1220703125,1.07421875,0,-0.13427734375,0.048828125,-0.54931640625,0.0244140625,-0.1220703125,0.29296875,0.830078125,0,-0.62255859375,0.0244140625,-1.20849609375,-0.23193359375,-2.2216796875,0.048828125,-0.48828125,-0.18310546875,-0.9521484375,-0.45166015625,-1.50146484375,0.4638671875,-1.1962890625,-0.10986328125,-0.72021484375,0,-1.171875,-0.0244140625,-0.18310546875,0.2197265625,-0.72021484375,-0.01220703125,-0.439453125,0.537109375,0.79345703125,-0.537109375,1.025390625,0.10986328125,0.42724609375,-0.1220703125,-0.1953125,0.15869140625,0.7080078125,-0.72021484375,0.93994140625,-0.048828125,0.4150390625,-0.5126953125,0.59814453125,-0.25634765625,0.15869140625,0.62255859375,5.8837890625,-0.1708984375,1.8310546875,-0.28076171875,1.025390625,-0.10986328125,1.03759765625,-0.08544921875,0.1953125,-0.1708984375,0.8544921875,0.1220703125,-0.06103515625,-0.2197265625,1.2939453125,-0.08544921875,-0.81787109375,0.06103515625,-0.37841796875,-0.244140625,-1.06201171875,-0.29296875,-0.830078125,0,0.64697265625,0.03662109375,3.86962890625,0.08544921875,2.2216796875,0.0244140625,1.708984375,0.09765625,-0.68359375,-0.1708984375,-0.7080078125,-0.048828125,-0.59814453125,-0.06103515625,-0.08544921875,0,-0.93994140625,0.08544921875,-1.7333984375,-0.09765625,-1.123046875,-0.13427734375,0.3173828125,0.09765625,0.32958984375,0,0,-0.08544921875,-0.0732421875,-0.06103515625,0.146484375,-0.09765625,0.06103515625,-0.09765625,1.30615234375,-0.08544921875,0.0244140625,-0.0244140625,0.20751953125
1,-0.10986328125,-0.4150390625,-0.03662109375,-0.341796875,0.390625,-0.50048828125,-0.03662109375,-0.0732421875,-0.1220703125,-0.08544921875,-0.32958984375,-0.9033203125,-0.10986328125,1.08642578125,-0.0244140625,-0.13427734375,0.0732421875,-0.54931640625,0.06103515625,-0.13427734375,0.23193359375,0.830078125,-0.08544921875,-0.59814453125,0.1220703125,-1.13525390625,-0.23193359375,-2.1484375,0.0244140625,-0.4150390625,-0.0732421875,-0.87890625,-0.3662109375,-1.513671875,0.50048828125,-1.1962890625,-0.1220703125,-0.7080078125,-0.01220703125,-1.1474609375,0,-0.20751953125,0.1708984375,-0.732421875,-0.0732421875,-0.439453125,0.634765625,0.6591796875,-0.537109375,1.11083984375,0.08544921875,0.4150390625,-0.10986328125,-0.2197265625,0.15869140625,0.68359375,-0.64697265625,0.93994140625,-0.08544921875,0.42724609375,-0.537109375,0.5859375,-0.25634765625,0.23193359375,0.5615234375,7.0556640625,-0.25634765625,2.001953125,-0.341796875,1.18408203125,-0.10986328125,1.18408203125,-0.13427734375,0.20751953125,-0.15869140625,0.8544921875,0.08544921875,-0.048828125,-0.146484375,1.28173828125,-0.13427734375,-0.78125,0.06103515625,-0.390625,-0.3173828125,-1.0498046875,-0.3173828125,-0.84228515625,0.048828125,0.5859375,0.06103515625,3.72314453125,0.13427734375,2.11181640625,0.09765625,1.59912109375,0.0732421875,-0.68359375,-0.15869140625,-0.69580078125,-0.09765625,-0.5859375,-0.10986328125,-0.09765625,-0.01220703125,-0.93994140625,0.01220703125,-1.7578125,-0.1220703125,-1.0498046875,-0.10986328125,0.28076171875,0.09765625,0.3173828125,-0.01220703125,0,-0.08544921875,-0.06103515625,-0.03662109375,0.146484375,-0.09765625,0.5126953125,-0.0732421875,1.513671875,-0.0732421875,0.23193359375,0,0.52490234375
1,-0.10986328125,-0.40283203125,-0.0732421875,-0.341796875,0.40283203125,-0.4638671875,0,-0.06103515625,-0.10986328125,-0.08544921875,-0.35400390625,-0.9033203125,-0.09765625,1.07421875,0,-0.146484375,0.08544921875,-0.54931640625,0.0732421875,-0.1220703125,0.1708984375,0.84228515625,-0.146484375,-0.57373046875,0.1953125,-0.9765625,-0.23193359375,-1.98974609375,0.01220703125,-0.23193359375,0.048828125,-0.7080078125,-0.2685546875,-1.35498046875,0.50048828125,-1.123046875,-0.1220703125,-0.67138671875,-0.048828125,-1.08642578125,0.06103515625,-0.2197265625,0.09765625,-0.72021484375,-0.09765625,-0.42724609375,0.7080078125,0.6103515625,-0.47607421875,1.20849609375,0.08544921875,0.439453125,-0.10986328125,-0.244140625,0.1220703125,0.67138671875,-0.59814453125,0.9033203125,-0.1708984375,0.439453125,-0.4638671875,0.5859375,-0.20751953125,0.2685546875,0.59814453125,7.958984375,-0.2685546875,2.13623046875,-0.35400390625,1.318359375,-0.06103515625,1.28173828125,-0.13427734375,0.2197265625,-0.1708984375,0.84228515625,0.06103515625,-0.03662109375,-0.06103515625,1.28173828125,-0.146484375,-0.732421875,0.03662109375,-0.4150390625,-0.3173828125,-1.025390625,-0.30517578125,-0.84228515625,0.048828125,0.52490234375,0.0732421875,3.69873046875,0.1708984375,2.03857421875,0.1220703125,1.5380859375,0,-0.68359375,-0.10986328125,-0.7080078125,-0.146484375,-0.5859375,-0.18310546875,-0.09765625,0.01220703125,-0.927734375,-0.06103515625,-1.77001953125,-0.10986328125,-0.927734375,-0.03662109375,0.28076171875,0.10986328125,0.29296875,0,0.01220703125,-0.0732421875,-0.03662109375,-0.03662109375,0.146484375,-0.08544921875,0.91552734375,-0.0732421875,1.69677734375,-0.0732421875,0.4150390625,0,0.81787109375
1,-0.08544921875,-0.390625,-0.08544921875,-0.341796875,0.35400390625,-0.4150390625,0.03662109375,-0.048828125,-0.1220703125,-0.08544921875,-0.35400390625,-0.91552734375,-0.10986328125,1.08642578125,0.048828125,-0.146484375,0.048828125,-0.5615234375,0.08544921875,-0.13427734375,0.09765625,0.84228515625,-0.20751953125,-0.5615234375,0.2197265625,-0.79345703125,-0.2197265625,-1.7333984375,0,0,0.18310546875,-0.50048828125,-0.20751953125,-1.06201171875,0.42724609375,-1.03759765625,-0.13427734375,-0.6103515625,-0.09765625,-0.9765625,0.10986328125,-0.23193359375,0.048828125,-0.732421875,-0.08544921875,-0.390625,0.78125,0.6103515625,-0.439453125,1.3427734375,0.10986328125,0.439453125,-0.1953125,-0.25634765625,0.08544921875,0.67138671875,-0.54931640625,0.89111328125,-0.2197265625,0.439453125,-0.47607421875,0.54931640625,-0.1220703125,0.244140625,0.5859375,8.544921875,-0.3173828125,2.20947265625,-0.3173828125,1.416015625,0,1.35498046875,-0.15869140625,0.20751953125,-0.18310546875,0.84228515625,0.0732421875,-0.06103515625,0.01220703125,1.2939453125,-0.146484375,-0.7080078125,0.01220703125,-0.40283203125,-0.341796875,-1.03759765625,-0.28076171875,-0.84228515625,0.01220703125,0.4638671875,0.146484375,3.6376953125,0.15869140625,1.96533203125,0.0732421875,1.42822265625,-0.09765625,-0.67138671875,-0.0732421875,-0.7080078125,-0.18310546875,-0.57373046875,-0.23193359375,-0.08544921875,0.03662109375,-0.87890625,-0.1708984375,-1.7333984375,-0.13427734375,-0.732421875,-0.0244140625,0.3173828125,0.08544921875,0.29296875,0.0244140625,0.01220703125,-0.08544921875,0,-0.0244140625,0.146484375,-0.1220703125,1.20849609375,-0.06103515625,1.7822265625,-0.0732421875,0.54931640625,0,1.0009765625
1,-0.09765625,-0.390625,-0.10986328125,-0.30517578125,0.3662109375,-0.35400390625,0.0732421875,-0.048828125,-0.08544921875,-0.06103515625,-0.3662109375,-0.91552734375,-0.1708984375,1.07421875,0.048828125,-0.13427734375,0.0244140625,-0.5615234375,0.08544921875,-0.13427734375,-0.0244140625,0.84228515625,-0.244140625,-0.54931640625,0.244140625,-0.6103515625,-0.20751953125,-1.4404296875,0.0244140625,0.28076171875,0.23193359375,-0.28076171875,-0.10986328125,-0.7080078125,0.35400390625,-0.91552734375,-0.13427734375,-0.52490234375,-0.1220703125,-0.86669921875,0.10986328125,-0.244140625,0.10986328125,-0.69580078125,-0.048828125,-0.390625,0.78125,0.67138671875,-0.439453125,1.47705078125,0.13427734375,0.439453125,-0.244140625,-0.28076171875,0.08544921875,0.6591796875,-0.4638671875,0.86669921875,-0.25634765625,0.45166015625,-0.390625,0.5126953125,-0.01220703125,0.1953125,0.634765625,8.8134765625,-0.3173828125,2.24609375,-0.25634765625,1.47705078125,0,1.3916015625,-0.15869140625,0.20751953125,-0.15869140625,0.830078125,0.1220703125,-0.06103515625,0.08544921875,1.2939453125,-0.15869140625,-0.69580078125,-0.01220703125,-0.4150390625,-0.3173828125,-1.01318359375,-0.2685546875,-0.830078125,-0.01220703125,0.3662109375,0.244140625,3.45458984375,0.2197265625,1.8310546875,0.048828125,1.28173828125,-0.15869140625,-0.67138671875,0.01220703125,-0.732421875,-0.244140625,-0.57373046875,-0.244140625,-0.0732421875,0.08544921875,-0.79345703125,-0.25634765625,-1.64794921875,-0.1708984375,-0.40283203125,0.0244140625,0.37841796875,0.048828125,0.29296875,0.03662109375,0,-0.08544921875,0,-0.01220703125,0.146484375,-0.1220703125,1.318359375,-0.06103515625,1.806640625,-0.08544921875,0.5615234375,-0.01220703125,1.07421875
1,-0.09765625,-0.390625,-0.10986328125,-0.341796875,0.3173828125,-0.341796875,0.1220703125,-0.06103515625,-0.0732421875,-0.06103515625,-0.390625,-0.9033203125,-0.1953125,1.08642578125,0.048828125,-0.15869140625,-0.0244140625,-0.5615234375,0.09765625,-0.146484375,-0.09765625,0.87890625,-0.25634765625,-0.54931640625,0.23193359375,-0.47607421875,-0.18310546875,-1.15966796875,0.10986328125,0.537109375,0.23193359375,-0.09765625,-0.1708984375,-0.32958984375,0.25634765625,-0.830078125,-0.15869140625,-0.45166015625,-0.18310546875,-0.72021484375,0.0732421875,-0.244140625,0.18310546875,-0.69580078125,0.01220703125,-0.37841796875,0.69580078125,0.74462890625,-0.45166015625,1.59912109375,0.1220703125,0.439453125,-0.35400390625,-0.29296875,0.0244140625,0.68359375,-0.45166015625,0.84228515625,-0.28076171875,0.42724609375,-0.390625,0.4638671875,0.01220703125,0.13427734375,0.6103515625,8.77685546875,-0.29296875,2.2216796875,-0.1953125,1.45263671875,-0.0244140625,1.3671875,-0.13427734375,0.1953125,-0.13427734375,0.8056640625,0.1708984375,-0.048828125,0.08544921875,1.28173828125,-0.13427734375,-0.69580078125,-0.06103515625,-0.390625,-0.28076171875,-1.025390625,-0.29296875,-0.8544921875,-0.08544921875,0.18310546875,0.2197265625,3.16162109375,0.23193359375,1.6357421875,-0.03662109375,1.07421875,-0.18310546875,-0.6591796875,0.06103515625,-0.74462890625,-0.29296875,-0.5859375,-0.25634765625,-0.08544921875,0.1220703125,-0.62255859375,-0.3173828125,-1.513671875,-0.25634765625,0.0244140625,0.03662109375,0.50048828125,0.048828125,0.30517578125,0.048828125,-0.01220703125,-0.08544921875,0.01220703125,0,0.1708984375,-0.09765625,1.25732421875,-0.03662109375,1.7333984375,-0.048828125,0.537109375,-0.01220703125,0.9765625
0,-0.10986328125,-0.40283203125,-0.06103515625,-0.3662109375,0.3173828125,-0.341796875,0.13427734375,-0.08544921875,-0.048828125,-0.0244140625,-0.4150390625,-0.91552734375,-0.1953125,1.0986328125,0.048828125,-0.15869140625,-0.048828125,-0.54931640625,0.08544921875,-0.1220703125,-0.20751953125,0.86669921875,-0.2197265625,-0.537109375,0.20751953125,-0.3662109375,-0.18310546875,-0.93994140625,0.2197265625,0.69580078125,0.1708984375,0.048828125,-0.2197265625,-0.0244140625,0.18310546875,-0.7568359375,-0.146484375,-0.37841796875,-0.146484375,-0.634765625,0.01220703125,-0.25634765625,0.29296875,-0.69580078125,0.03662109375,-0.37841796875,0.62255859375,0.8544921875,-0.45166015625,1.67236328125,0.1220703125,0.42724609375,-0.45166015625,-0.25634765625,-0.0732421875,0.68359375,-0.390625,0.84228515625,-0.2685546875,0.4150390625,-0.390625,0.4150390625,0.13427734375,0.03662109375,0.57373046875,8.4716796875,-0.29296875,2.13623046875,-0.1220703125,1.416015625,-0.06103515625,1.30615234375,-0.13427734375,0.20751953125,-0.08544921875,0.81787109375,0.18310546875,-0.048828125,0.0244140625,1.2939453125,-0.146484375,-0.7080078125,-0.08544921875,-0.390625,-0.244140625,-1.01318359375,-0.32958984375,-0.830078125,-0.15869140625,-0.0244140625,0.20751953125,2.64892578125,0.244140625,1.3671875,-0.10986328125,0.8056640625,-0.1953125,-0.64697265625,0.0732421875,-0.7568359375,-0.30517578125,-0.59814453125,-0.244140625,-0.08544921875,0.13427734375,-0.42724609375,-0.35400390625,-1.3427734375,-0.1708984375,0.54931640625,0.06103515625,0.7080078125,0.03662109375,0.29296875,0.06103515625,-0.03662109375,-0.08544921875,0.048828125,-0.01220703125,0.13427734375,-0.06103515625,1.01318359375,-0.08544921875,1.59912109375,-0.048828125,0.390625,-0.048828125,0.78125
0,-0.09765625,-0.390625,-0.06103515625,-0.390625,0.29296875,-0.37841796875,0.146484375,-0.08544921875,-0.06103515625,0,-0.42724609375,-0.89111328125,-0.18310546875,1.07421875,0.03662109375,-0.15869140625,-0.0732421875,-0.54931640625,0.09765625,-0.10986328125,-0.30517578125,0.87890625,-0.1708984375,-0.537109375,0.1220703125,-0.32958984375,-0.20751953125,-0.84228515625,0.1953125,0.78125,0.01220703125,0.09765625,-0.25634765625,0.13427734375,0.146484375,-0.7080078125,-0.1708984375,-0.3662109375,-0.20751953125,-0.59814453125,-0.10986328125,-0.244140625,0.341796875,-0.68359375,0.01220703125,-0.37841796875,0.439453125,0.93994140625,-0.48828125,1.72119140625,0.08544921875,0.45166015625,-0.45166015625,-0.23193359375,-0.1953125,0.72021484375,-0.42724609375,0.8544921875,-0.28076171875,0.37841796875,-0.3662109375,0.341796875,0.18310546875,-0.03662109375,0.54931640625,7.94677734375,-0.30517578125,2.0263671875,-0.048828125,1.30615234375,-0.10986328125,1.23291015625,-0.1220703125,0.2197265625,0,0.8056640625,0.2197265625,-0.0244140625,-0.0244140625,1.26953125,-0.1708984375,-0.7080078125,-0.08544921875,-0.390625,-0.18310546875,-1.0009765625,-0.35400390625,-0.84228515625,-0.1708984375,-0.30517578125,0.13427734375,2.001953125,0.20751953125,1.06201171875,-0.15869140625,0.439453125,-0.18310546875,-0.6591796875,0.06103515625,-0.7568359375,-0.30517578125,-0.59814453125,-0.244140625,-0.08544921875,0.13427734375,-0.23193359375,-0.3173828125,-1.13525390625,-0.1708984375,1.11083984375,0.09765625,0.9033203125,0.01220703125,0.3173828125,0.06103515625,-0.03662109375,-0.08544921875,0.03662109375,-0.01220703125,0.146484375,-0.06103515625,0.6591796875,-0.08544921875,1.416015625,-0.01220703125,0.1953125,-0.06103515625,0.537109375
0,-0.1220703125,-0.390625,-0.03662109375,-0.4150390625,0.29296875,-0.4150390625,0.1708984375,-0.10986328125,-0.0732421875,0.06103515625,-0.42724609375,-0.9033203125,-0.1953125,1.0986328125,0.03662109375,-0.146484375,-0.08544921875,-0.57373046875,0.06103515625,-0.09765625,-0.3173828125,0.86669921875,-0.10986328125,-0.57373046875,0.06103515625,-0.37841796875,-0.20751953125,-0.81787109375,0.146484375,0.76904296875,-0.13427734375,0.06103515625,-0.32958984375,0.15869140625,0.10986328125,-0.732421875,-0.1708984375,-0.3662109375,-0.244140625,-0.5859375,-0.15869140625,-0.244140625,0.37841796875,-0.68359375,-0.0244140625,-0.390625,0.47607421875,1.0009765625,-0.48828125,1.7578125,0.0732421875,0.42724609375,-0.48828125,-0.2197265625,-0.3173828125,0.7080078125,-0.4638671875,0.84228515625,-0.20751953125,0.37841796875,-0.29296875,0.3173828125,0.25634765625,-0.10986328125,0.50048828125,7.23876953125,-0.28076171875,1.89208984375,-0.03662109375,1.1962890625,-0.146484375,1.11083984375,-0.13427734375,0.23193359375,0.06103515625,0.79345703125,0.20751953125,-0.01220703125,-0.0732421875,1.28173828125,-0.15869140625,-0.732421875,-0.0732421875,-0.40283203125,-0.146484375,-1.025390625,-0.341796875,-0.81787109375,-0.1953125,-0.59814453125,0.048828125,1.25732421875,0.13427734375,0.732421875,-0.2197265625,0.0732421875,-0.20751953125,-0.67138671875,-0.01220703125,-0.7568359375,-0.25634765625,-0.62255859375,-0.18310546875,-0.09765625,0.1708984375,0.0244140625,-0.2685546875,-0.927734375,-0.1953125,1.67236328125,0.0732421875,1.13525390625,-0.01220703125,0.30517578125,0.06103515625,-0.048828125,-0.08544921875,0.0244140625,-0.03662109375,0.146484375,-0.0732421875,0.2685546875,-0.048828125,1.25732421875,0.0244140625,0,-0.01220703125,0.25634765625
0,-0.13427734375,-0.40283203125,-0.01220703125,-0.4150390625,0.32958984375,-0.45166015625,0.1708984375,-0.13427734375,-0.06103515625,0.09765625,-0.4150390625,-0.89111328125,-0.18310546875,1.08642578125,0.0244140625,-0.146484375,-0.08544921875,-0.54931640625,0.0244140625,-0.10986328125,-0.30517578125,0.86669921875,-0.10986328125,-0.5859375,-0.06103515625,-0.45166015625,-0.30517578125,-0.927734375,0.03662109375,0.6591796875,-0.2685546875,-0.06103515625,-0.341796875,0.06103515625,0.13427734375,-0.76904296875,-0.1220703125,-0.37841796875,-0.2197265625,-0.6103515625,-0.13427734375,-0.23193359375,0.4150390625,-0.67138671875,-0.06103515625,-0.390625,0.45166015625,1.0498046875,-0.47607421875,1.74560546875,0.06103515625,0.4150390625,-0.5126953125,-0.20751953125,-0.40283203125,0.7080078125,-0.42724609375,0.830078125,-0.18310546875,0.341796875,-0.2197265625,0.29296875,0.32958984375,-0.13427734375,0.48828125,6.43310546875,-0.28076171875,1.74560546875,-0.0244140625,1.025390625,-0.1220703125,0.96435546875,-0.18310546875,0.23193359375,0.1220703125,0.8056640625,0.15869140625,0.0244140625,-0.13427734375,1.2939453125,-0.18310546875,-0.7568359375,-0.048828125,-0.390625,-0.146484375,-1.0009765625,-0.29296875,-0.8056640625,-0.13427734375,-0.8544921875,0,0.5859375,0.1220703125,0.42724609375,-0.1953125,-0.28076171875,-0.18310546875,-0.68359375,-0.10986328125,-0.74462890625,-0.1953125,-0.62255859375,-0.13427734375,-0.09765625,0.146484375,0.244140625,-0.1708984375,-0.68359375,-0.0244140625,2.2216796875,0.08544921875,1.40380859375,-0.01220703125,0.32958984375,0.0732421875,-0.048828125,-0.0732421875,0,-0.01220703125,0.13427734375,-0.09765625,-0.048828125,-0.06103515625,1.11083984375,0.01220703125,-0.1953125,-0.06103515625,0.01220703125
0,-0.15869140625,-0.40283203125,0.01220703125,-0.439453125,0.28076171875,-0.4638671875,0.15869140625,-0.1220703125,-0.0732421875,0.1220703125,-0.42724609375,-0.9033203125,-0.2197265625,1.07421875,0.03662109375,-0.146484375,-0.03662109375,-0.5615234375,-0.03662109375,-0.10986328125,-0.25634765625,0.8544921875,-0.10986328125,-0.59814453125,-0.13427734375,-0.57373046875,-0.3662109375,-1.123046875,-0.09765625,0.47607421875,-0.3173828125,-0.23193359375,-0.3662109375,-0.1708984375,0.146484375,-0.84228515625,-0.146484375,-0.439453125,-0.20751953125,-0.67138671875,-0.1220703125,-0.20751953125,0.47607421875,-0.67138671875,-0.1220703125,-0.4150390625,0.35400390625,1.025390625,-0.47607421875,1.7578125,0.06103515625,0.4150390625,-0.5126953125,-0.2197265625,-0.45166015625,0.72021484375,-0.5126953125,0.78125,-0.1220703125,0.32958984375,-0.1220703125,0.30517578125,0.341796875,-0.1220703125,0.439453125,5.5419921875,-0.25634765625,1.57470703125,-0.09765625,0.8544921875,-0.0732421875,0.81787109375,-0.2197265625,0.2197265625,0.146484375,0.8056640625,0.10986328125,0.01220703125,-0.146484375,1.2939453125,-0.15869140625,-0.78125,-0.01220703125,-0.4150390625,-0.15869140625,-1.0009765625,-0.29296875,-0.830078125,-0.08544921875,-1.0009765625,-0.06103515625,0.06103515625,0.048828125,0.25634765625,-0.1708984375,-0.50048828125,-0.1708984375,-0.68359375,-0.1953125,-0.72021484375,-0.10986328125,-0.6103515625,-0.08544921875,-0.09765625,0.15869140625,0.4150390625,-0.0732421875,-0.50048828125,0.0244140625,2.6611328125,0.0732421875,1.5869140625,-0.0244140625,0.35400390625,0.048828125,-0.0244140625,-0.0732421875,-0.01220703125,0.01220703125,0.146484375,-0.20751953125,-0.29296875,-0.1220703125,1.025390625,-0.0244140625,-0.341796875,-0.10986328125,-0.13427734375
0,-0.1220703125,-0.40283203125,0.03662109375,-0.40283203125,0.23193359375,-0.48828125,0.1708984375,-0.09765625,-0.048828125,0.13427734375,-0.40283203125,-0.9033203125,-0.23193359375,1.06201171875,0.01220703125,-0.10986328125,-0.01220703125,-0.5859375,-0.06103515625,-0.09765625,-0.146484375,0.86669921875,-0.15869140625,-0.6103515625,-0.1220703125,-0.732421875,-0.341796875,-1.3671875,-0.2197265625,0.29296875,-0.29296875,-0.4150390625,-0.40283203125,-0.42724609375,0.08544921875,-0.9033203125,-0.20751953125,-0.47607421875,-0.1708984375,-0.732421875,-0.048828125,-0.2197265625,0.50048828125,-0.67138671875,-0.15869140625,-0.40283203125,0.341796875,0.98876953125,-0.48828125,1.74560546875,-0.01220703125,0.4150390625,-0.537109375,-0.2197265625,-0.54931640625,0.72021484375,-0.52490234375,0.72021484375,-0.10986328125,0.35400390625,-0.1220703125,0.32958984375,0.37841796875,-0.0732421875,0.42724609375,4.638671875,-0.146484375,1.40380859375,-0.13427734375,0.67138671875,-0.03662109375,0.67138671875,-0.2197265625,0.23193359375,0.146484375,0.8056640625,0.03662109375,0.0244140625,-0.1953125,1.28173828125,-0.13427734375,-0.79345703125,0.01220703125,-0.4150390625,-0.18310546875,-1.01318359375,-0.244140625,-0.81787109375,-0.06103515625,-1.07421875,-0.15869140625,-0.13427734375,-0.01220703125,0.20751953125,-0.146484375,-0.5615234375,-0.13427734375,-0.68359375,-0.29296875,-0.7080078125,-0.048828125,-0.62255859375,-0.048828125,-0.09765625,0.1708984375,0.537109375,0.03662109375,-0.35400390625,0.01220703125,3.01513671875,0.08544921875,1.7578125,-0.03662109375,0.3662109375,0.03662109375,0,-0.0732421875,0,0.01220703125,0.13427734375,-0.15869140625,-0.3662109375,-0.03662109375,0.9765625,-0.01220703125,-0.390625,-0.03662109375,-0.2197265625
0,-0.09765625,-0.40283203125,0.0732421875,-0.35400390625,0.1953125,-0.50048828125,0.15869140625,-0.0732421875,-0.048828125,0.13427734375,-0.40283203125,-0.87890625,-0.1953125,1.07421875,-0.0244140625,-0.09765625,0.048828125,-0.5615234375,-0.0732421875,-0.10986328125,-0.09765625,0.86669921875,-0.20751953125,-0.6103515625,-0.18310546875,-0.81787109375,-0.341796875,-1.5869140625,-0.390625,0.1220703125,-0.25634765625,-0.537109375,-0.30517578125,-0.68359375,0.146484375,-0.91552734375,-0.1953125,-0.5126953125,-0.048828125,-0.76904296875,0.0732421875,-0.20751953125,0.5126953125,-0.68359375,-0.18310546875,-0.42724609375,0.35400390625,0.91552734375,-0.37841796875,1.7333984375,-0.048828125,0.390625,-0.57373046875,-0.23193359375,-0.64697265625,0.7080078125,-0.5126953125,0.6591796875,-0.1220703125,0.35400390625,-0.08544921875,0.3662109375,0.3662109375,-0.01220703125,0.42724609375,3.759765625,-0.10986328125,1.25732421875,-0.18310546875,0.50048828125,0.0244140625,0.5126953125,-0.1953125,0.23193359375,0.1708984375,0.79345703125,-0.01220703125,0.0244140625,-0.20751953125,1.30615234375,-0.10986328125,-0.81787109375,0.03662109375,-0.4150390625,-0.2197265625,-1.0009765625,-0.1708984375,-0.81787109375,-0.0244140625,-0.93994140625,-0.13427734375,0.06103515625,0.0244140625,0.341796875,-0.10986328125,-0.390625,-0.048828125,-0.7080078125,-0.341796875,-0.7080078125,0.0244140625,-0.59814453125,-0.03662109375,-0.09765625,0.13427734375,0.6103515625,0.1953125,-0.30517578125,0.03662109375,3.18603515625,0.048828125,1.84326171875,-0.048828125,0.3662109375,0.03662109375,0,-0.0732421875,0.01220703125,0.03662109375,0.1220703125,-0.1708984375,-0.30517578125,-0.048828125,1.025390625,-0.03662109375,-0.3662109375,-0.03662109375,-0.2197265625
0,-0.08544921875,-0.4150390625,0.048828125,-0.35400390625,0.10986328125,-0.47607421875,0.18310546875,-0.048828125,-0.048828125,0.1220703125,-0.390625,-0.86669921875,-0.20751953125,1.08642578125,-0.0244140625,-0.1220703125,0.0732421875,-0.57373046875,-0.048828125,-0.13427734375,-0.048828125,0.87890625,-0.2197265625,-0.6103515625,-0.23193359375,-0.89111328125,-0.29296875,-1.7333984375,-0.47607421875,0.0244140625,-0.20751953125,-0.5859375,-0.35400390625,-0.84228515625,0.15869140625,-0.927734375,-0.29296875,-0.5126953125,-0.0244140625,-0.78125,0.15869140625,-0.23193359375,0.5615234375,-0.68359375,-0.23193359375,-0.42724609375,0.2197265625,0.84228515625,-0.3173828125,1.72119140625,-0.08544921875,0.40283203125,-0.59814453125,-0.23193359375,-0.67138671875,0.69580078125,-0.47607421875,0.59814453125,-0.10986328125,0.3662109375,-0.06103515625,0.4150390625,0.37841796875,0.048828125,0.42724609375,2.9296875,-0.048828125,1.1474609375,-0.244140625,0.3662109375,0.0732421875,0.390625,-0.09765625,0.23193359375,0.1953125,0.79345703125,-0.10986328125,0.01220703125,-0.2685546875,1.28173828125,-0.048828125,-0.81787109375,0.06103515625,-0.40283203125,-0.25634765625,-1.025390625,-0.1708984375,-0.81787109375,-0.0244140625,-0.64697265625,-0.0732421875,0.68359375,0.048828125,0.67138671875,-0.10986328125,0,0.01220703125,-0.69580078125,-0.40283203125,-0.7080078125,0.0732421875,-0.59814453125,-0.01220703125,-0.0732421875,0.09765625,0.62255859375,0.30517578125,-0.32958984375,-0.01220703125,3.18603515625,0.0244140625,1.84326171875,-0.06103515625,0.37841796875,0.01220703125,0.01220703125,-0.0732421875,0.01220703125,0.0244140625,0.1220703125,-0.23193359375,-0.1220703125,-0.08544921875,1.08642578125,-0.06103515625,-0.28076171875,-0.03662109375,-0.10986328125
0,-0.0732421875,-0.40283203125,0.03662109375,-0.35400390625,0.0732421875,-0.439453125,0.1953125,-0.03662109375,-0.0244140625,0.09765625,-0.390625,-0.89111328125,-0.1953125,1.08642578125,-0.0244140625,-0.1220703125,0.1220703125,-0.57373046875,0,-0.13427734375,-0.03662109375,0.86669921875,-0.23193359375,-0.5859375,-0.244140625,-0.86669921875,-0.18310546875,-1.7822265625,-0.48828125,-0.01220703125,-0.1708984375,-0.57373046875,-0.37841796875,-0.86669921875,0.1953125,-0.89111328125,-0.3662109375,-0.50048828125,0.03662109375,-0.74462890625,0.25634765625,-0.2197265625,0.64697265625,-0.67138671875,-0.244140625,-0.4150390625,0.18310546875,0.76904296875,-0.1953125,1.6845703125,-0.10986328125,0.40283203125,-0.62255859375,-0.244140625,-0.67138671875,0.69580078125,-0.3662109375,0.54931640625,-0.146484375,0.40283203125,-0.13427734375,0.45166015625,0.4150390625,0.10986328125,0.40283203125,2.1240234375,0.01220703125,1.06201171875,-0.29296875,0.244140625,0.10986328125,0.29296875,-0.01220703125,0.2197265625,0.18310546875,0.76904296875,-0.146484375,0,-0.2685546875,1.30615234375,-0.06103515625,-0.830078125,0.06103515625,-0.40283203125,-0.244140625,-1.03759765625,-0.15869140625,-0.8056640625,0,-0.15869140625,-0.08544921875,1.74560546875,0.06103515625,1.20849609375,-0.08544921875,0.5615234375,0.09765625,-0.7080078125,-0.390625,-0.68359375,0.1220703125,-0.5859375,-0.06103515625,-0.08544921875,0.0732421875,0.5615234375,0.40283203125,-0.3662109375,0.03662109375,3.08837890625,0.0244140625,1.806640625,-0.08544921875,0.3662109375,0.01220703125,0.0244140625,-0.0732421875,0.0244140625,0.048828125,0.1220703125,-0.2197265625,0.08544921875,-0.0244140625,1.171875,-0.0244140625,-0.1708984375,-0.0244140625,0
0,-0.048828125,-0.4150390625,0.03662109375,-0.35400390625,0.06103515625,-0.42724609375,0.2197265625,-0.048828125,-0.03662109375,0.048828125,-0.40283203125,-0.87890625,-0.1953125,1.0986328125,0.01220703125,-0.13427734375,0.08544921875,-0.5859375,0.03662109375,-0.13427734375,-0.08544921875,0.86669921875,-0.244140625,-0.59814453125,-0.2685546875,-0.830078125,-0.1220703125,-1.74560546875,-0.42724609375,0.0732421875,-0.146484375,-0.48828125,-0.3662109375,-0.76904296875,0.2685546875,-0.830078125,-0.4150390625,-0.45166015625,0.1708984375,-0.67138671875,0.25634765625,-0.25634765625,0.7080078125,-0.6591796875,-0.25634765625,-0.40283203125,0.2197265625,0.72021484375,-0.1708984375,1.6357421875,-0.1708984375,0.4150390625,-0.57373046875,-0.2197265625,-0.67138671875,0.68359375,-0.30517578125,0.52490234375,-0.18310546875,0.439453125,-0.13427734375,0.47607421875,0.40283203125,0.146484375,0.3662109375,1.42822265625,0.06103515625,0.98876953125,-0.30517578125,0.1953125,0.18310546875,0.23193359375,0.09765625,0.2197265625,0.15869140625,0.7568359375,-0.1953125,0,-0.2685546875,1.2939453125,-0.048828125,-0.8544921875,0.0732421875,-0.40283203125,-0.2197265625,-1.025390625,-0.15869140625,-0.830078125,0,0.45166015625,0,3.13720703125,0.03662109375,1.8798828125,-0.10986328125,1.3427734375,0.13427734375,-0.68359375,-0.3662109375,-0.68359375,0.146484375,-0.57373046875,-0.08544921875,-0.0732421875,0.048828125,0.4638671875,0.4150390625,-0.439453125,-0.01220703125,2.880859375,0,1.72119140625,-0.13427734375,0.3662109375,0.01220703125,0.0244140625,-0.06103515625,0.0244140625,0.03662109375,0.1220703125,-0.20751953125,0.3173828125,-0.0732421875,1.23291015625,-0.03662109375,-0.048828125,-0.048828125,0.10986328125
0,-0.048828125,-0.40283203125,0.048828125,-0.3662109375,-0.0244140625,-0.40283203125,0.23193359375,-0.03662109375,-0.01220703125,0.03662109375,-0.40283203125,-0.9033203125,-0.1953125,1.0986328125,0.0244140625,-0.146484375,0.0732421875,-0.5859375,0.03662109375,-0.146484375,-0.13427734375,0.8544921875,-0.20751953125,-0.57373046875,-0.25634765625,-0.7080078125,-0.01220703125,-1.611328125,-0.3173828125,0.23193359375,-0.15869140625,-0.341796875,-0.439453125,-0.54931640625,0.2685546875,-0.72021484375,-0.48828125,-0.341796875,0.1708984375,-0.54931640625,0.15869140625,-0.2685546875,0.7568359375,-0.67138671875,-0.23193359375,-0.40283203125,0.29296875,0.7080078125,-0.13427734375,1.57470703125,-0.15869140625,0.439453125,-0.50048828125,-0.1953125,-0.64697265625,0.69580078125,-0.1953125,0.54931640625,-0.1708984375,0.45166015625,-0.1953125,0.50048828125,0.50048828125,0.18310546875,0.35400390625,0.8544921875,0.146484375,0.9521484375,-0.2685546875,0.15869140625,0.18310546875,0.1708984375,0.1708984375,0.23193359375,0.13427734375,0.7568359375,-0.20751953125,0,-0.2197265625,1.2939453125,-0.03662109375,-0.830078125,0.09765625,-0.390625,-0.20751953125,-1.03759765625,-0.1953125,-0.830078125,0.048828125,1.13525390625,0.01220703125,4.6875,0.048828125,2.63671875,-0.06103515625,2.20947265625,0.0732421875,-0.6591796875,-0.30517578125,-0.69580078125,0.0732421875,-0.5859375,-0.09765625,-0.0732421875,0.0244140625,0.341796875,0.35400390625,-0.54931640625,-0.1708984375,2.587890625,0.01220703125,1.611328125,-0.146484375,0.35400390625,0.01220703125,0.0244140625,-0.08544921875,0.01220703125,-0.01220703125,0.13427734375,-0.2197265625,0.48828125,-0.08544921875,1.2939453125,-0.03662109375,0.048828125,-0.048828125,0.18310546875
0,-0.06103515625,-0.40283203125,0.06103515625,-0.35400390625,-0.03662109375,-0.390625,0.244140625,-0.03662109375,0,0.01220703125,-0.40283203125,-0.9033203125,-0.18310546875,1.11083984375,0.03662109375,-0.15869140625,0.08544921875,-0.5859375,0.06103515625,-0.13427734375,-0.1953125,0.84228515625,-0.146484375,-0.54931640625,-0.1953125,-0.5859375,0.06103515625,-1.40380859375,-0.1953125,0.439453125,-0.13427734375,-0.1708984375,-0.40283203125,-0.244140625,0.28076171875,-0.634765625,-0.5126953125,-0.25634765625,0.2197265625,-0.4150390625,0.09765625,-0.2685546875,0.8056640625,-0.67138671875,-0.146484375,-0.3662109375,0.3662109375,0.72021484375,-0.06103515625,1.50146484375,-0.1708984375,0.439453125,-0.439453125,-0.1953125,-0.59814453125,0.69580078125,-0.1708984375,0.5859375,-0.20751953125,0.48828125,-0.2197265625,0.5126953125,0.64697265625,0.20751953125,0.35400390625,0.390625,0.2197265625,0.927734375,-0.18310546875,0.10986328125,0.1953125,0.13427734375,0.20751953125,0.20751953125,0.08544921875,0.72021484375,-0.1708984375,-0.0244140625,-0.146484375,1.30615234375,-0.0244140625,-0.8544921875,0.09765625,-0.40283203125,-0.20751953125,-1.01318359375,-0.15869140625,-0.81787109375,0.06103515625,1.81884765625,-0.09765625,6.23779296875,0.01220703125,3.40576171875,-0.08544921875,3.08837890625,0.0244140625,-0.6591796875,-0.23193359375,-0.68359375,0,-0.59814453125,-0.08544921875,-0.0732421875,-0.01220703125,0.18310546875,0.25634765625,-0.6591796875,-0.30517578125,2.30712890625,0.048828125,1.47705078125,-0.18310546875,0.341796875,0,0.01220703125,-0.0732421875,-0.01220703125,-0.0244140625,0.1220703125,-0.30517578125,0.59814453125,-0.1708984375,1.33056640625,-0.0732421875,0.09765625,-0.10986328125,0.244140625
0,-0.0732421875,-0.40283203125,0.08544921875,-0.3662109375,-0.0732421875,-0.40283203125,0.244140625,-0.048828125,0.048828125,-0.01220703125,-0.4150390625,-0.927734375,-0.18310546875,1.0986328125,0.03662109375,-0.1708984375,0.08544921875,-0.5859375,0.0732421875,-0.15869140625,-0.244140625,0.84228515625,-0.1220703125,-0.5615234375,-0.146484375,-0.47607421875,0.06103515625,-1.171875,-0.048828125,0.64697265625,-0.10986328125,-0.01220703125,-0.42724609375,0.0732421875,0.3173828125,-0.537109375,-0.537109375,-0.15869140625,0.20751953125,-0.29296875,-0.03662109375,-0.2197265625,0.732421875,-0.64697265625,-0.09765625,-0.37841796875,0.28076171875,0.7568359375,-0.06103515625,1.42822265625,-0.20751953125,0.45166015625,-0.37841796875,-0.18310546875,-0.54931640625,0.7080078125,-0.13427734375,0.6591796875,-0.20751953125,0.5126953125,-0.28076171875,0.50048828125,0.5615234375,0.1953125,0.341796875,0.03662109375,0.25634765625,0.927734375,-0.08544921875,0.10986328125,0.1953125,0.09765625,0.23193359375,0.2197265625,0.0244140625,0.74462890625,-0.1220703125,-0.03662109375,-0.15869140625,1.28173828125,-0.03662109375,-0.84228515625,0.09765625,-0.40283203125,-0.25634765625,-1.01318359375,-0.2197265625,-0.84228515625,0.048828125,2.42919921875,-0.08544921875,7.6171875,-0.0732421875,4.0771484375,-0.09765625,3.90625,-0.048828125,-0.67138671875,-0.15869140625,-0.7080078125,-0.08544921875,-0.59814453125,-0.08544921875,-0.06103515625,-0.0244140625,0.09765625,0.1220703125,-0.732421875,-0.390625,2.06298828125,0.0732421875,1.35498046875,-0.20751953125,0.341796875,0.03662109375,0.01220703125,-0.0732421875,-0.01220703125,-0.06103515625,0.15869140625,-0.2197265625,0.62255859375,-0.10986328125,1.33056640625,-0.01220703125,0.1220703125,-0.0244140625,0.25634765625
1,-0.08544921875,-0.4150390625,0.10986328125,-0.3662109375,-0.10986328125,-0.42724609375,0.244140625,-0.06103515625,0.0244140625,-0.048828125,-0.390625,-0.9033203125,-0.15869140625,1.0986328125,0.03662109375,-0.1708984375,0.09765625,-0.57373046875,0.048828125,-0.146484375,-0.25634765625,0.830078125,-0.09765625,-0.57373046875,-0.08544921875,-0.390625,0.0244140625,-1.01318359375,0.0732421875,0.79345703125,-0.0732421875,0.08544921875,-0.40283203125,0.28076171875,0.3662109375,-0.50048828125,-0.50048828125,-0.06103515625,0.146484375,-0.23193359375,-0.08544921875,-0.20751953125,0.72021484375,-0.634765625,-0.09765625,-0.37841796875,0.20751953125,0.81787109375,-0.10986328125,1.3427734375,-0.15869140625,0.45166015625,-0.32958984375,-0.18310546875,-0.48828125,0.72021484375,-0.146484375,0.7568359375,-0.2197265625,0.537109375,-0.45166015625,0.48828125,0.48828125,0.18310546875,0.341796875,-0.18310546875,0.30517578125,0.93994140625,0,0.10986328125,0.13427734375,0.09765625,0.244140625,0.18310546875,0.01220703125,0.76904296875,-0.048828125,-0.0244140625,-0.15869140625,1.28173828125,-0.06103515625,-0.84228515625,0.0732421875,-0.390625,-0.28076171875,-1.0009765625,-0.23193359375,-0.81787109375,0.1220703125,2.880859375,-0.09765625,8.7158203125,-0.0732421875,4.62646484375,-0.03662109375,4.5166015625,-0.10986328125,-0.64697265625,-0.1220703125,-0.7080078125,-0.146484375,-0.5859375,-0.09765625,-0.0732421875,0.03662109375,0.01220703125,-0.01220703125,-0.79345703125,-0.42724609375,1.86767578125,0.0732421875,1.28173828125,-0.244140625,0.341796875,0.0244140625,0,-0.06103515625,0.01220703125,-0.09765625,0.1708984375,-0.2197265625,0.5859375,-0.1220703125,1.3427734375,-0.0732421875,0.09765625,-0.06103515625,0.23193359375
1,-0.1220703125,-0.390625,0.1220703125,-0.3662109375,-0.0732421875,-0.439453125,0.1953125,-0.0732421875,-0.01220703125,-0.06103515625,-0.40283203125,-0.89111328125,-0.146484375,1.0986328125,0.0732421875,-0.1708984375,0.09765625,-0.54931640625,-0.01220703125,-0.15869140625,-0.23193359375,0.84228515625,-0.13427734375,-0.5615234375,-0.01220703125,-0.32958984375,-0.0244140625,-0.89111328125,0.09765625,0.86669921875,-0.0244140625,0.1220703125,-0.4150390625,0.40283203125,0.3173828125,-0.48828125,-0.47607421875,-0.03662109375,0.0732421875,-0.18310546875,-0.1220703125,-0.1953125,0.64697265625,-0.62255859375,-0.06103515625,-0.37841796875,0.2197265625,0.86669921875,-0.1708984375,1.2939453125,-0.13427734375,0.439453125,-0.2685546875,-0.1708984375,-0.45166015625,0.72021484375,-0.1220703125,0.8056640625,-0.20751953125,0.54931640625,-0.48828125,0.439453125,0.4638671875,0.1708984375,0.3662109375,-0.3173828125,0.3173828125,0.9521484375,0.08544921875,0.1220703125,0.10986328125,0.10986328125,0.28076171875,0.1953125,-0.06103515625,0.74462890625,0,-0.01220703125,-0.1708984375,1.2939453125,-0.09765625,-0.8544921875,0.048828125,-0.40283203125,-0.28076171875,-0.9765625,-0.2685546875,-0.8056640625,0.146484375,3.1494140625,-0.20751953125,9.38720703125,-0.15869140625,4.96826171875,-0.06103515625,4.9072265625,-0.13427734375,-0.64697265625,-0.048828125,-0.72021484375,-0.18310546875,-0.6103515625,-0.08544921875,-0.08544921875,0.06103515625,-0.0244140625,-0.1220703125,-0.79345703125,-0.3662109375,1.74560546875,0.048828125,1.23291015625,-0.244140625,0.32958984375,0.01220703125,0,-0.08544921875,0,-0.10986328125,0.13427734375,-0.03662109375,0.48828125,-0.09765625,1.30615234375,-0.03662109375,0.08544921875,-0.0244140625,0.2197265625
1,-0.13427734375,-0.390625,0.1220703125,-0.37841796875,-0.0732421875,-0.4638671875,0.18310546875,-0.10986328125,-0.01220703125,-0.06103515625,-0.40283203125,-0.91552734375,-0.10986328125,1.08642578125,0.048828125,-0.1708984375,0.0732421875,-0.54931640625,-0.08544921875,-0.146484375,-0.18310546875,0.81787109375,-0.1220703125,-0.59814453125,0.0244140625,-0.32958984375,-0.0732421875,-0.87890625,0.08544921875,0.89111328125,-0.01220703125,0.1220703125,-0.37841796875,0.390625,0.29296875,-0.52490234375,-0.42724609375,-0.0244140625,0.01220703125,-0.1953125,-0.1220703125,-0.18310546875,0.50048828125,-0.6103515625,-0.06103515625,-0.390625,0.1953125,0.91552734375,-0.244140625,1.2451171875,-0.0244140625,0.439453125,-0.1708984375,-0.1708984375,-0.3662109375,0.7080078125,-0.09765625,0.84228515625,-0.2197265625,0.54931640625,-0.48828125,0.4150390625,0.30517578125,0.146484375,0.439453125,-0.3662109375,0.244140625,0.9521484375,0.146484375,0.13427734375,0.0732421875,0.1220703125,0.30517578125,0.1953125,-0.10986328125,0.7568359375,0.0244140625,-0.01220703125,-0.1708984375,1.28173828125,-0.10986328125,-0.84228515625,0.03662109375,-0.390625,-0.32958984375,-0.9521484375,-0.29296875,-0.81787109375,0.18310546875,3.1982421875,-0.244140625,9.60693359375,-0.23193359375,5.0537109375,-0.048828125,5.01708984375,-0.15869140625,-0.64697265625,-0.0244140625,-0.72021484375,-0.1708984375,-0.6103515625,-0.0732421875,-0.08544921875,0.10986328125,-0.048828125,-0.18310546875,-0.78125,-0.28076171875,1.72119140625,0.048828125,1.220703125,-0.2197265625,0.3173828125,0.048828125,0,-0.08544921875,-0.01220703125,-0.08544921875,0.146484375,-0.09765625,0.37841796875,-0.1220703125,1.2939453125,-0.06103515625,0.03662109375,-0.01220703125,0.20751953125
1,-0.146484375,-0.390625,0.10986328125,-0.390625,-0.06103515625,-0.4638671875,0.15869140625,-0.09765625,0.01220703125,-0.08544921875,-0.439453125,-0.91552734375,-0.09765625,1.0986328125,0.048828125,-0.18310546875,0.08544921875,-0.54931640625,-0.13427734375,-0.146484375,-0.09765625,0.8544921875,-0.13427734375,-0.59814453125,0.048828125,-0.390625,-0.10986328125,-0.9521484375,0,0.79345703125,0.01220703125,0.048828125,-0.3173828125,0.23193359375,0.28076171875,-0.5859375,-0.35400390625,-0.0732421875,0,-0.2685546875,-0.09765625,-0.18310546875,0.4150390625,-0.59814453125,-0.048828125,-0.390625,0.2197265625,0.91552734375,-0.30517578125,1.220703125,0.03662109375,0.4150390625,-0.09765625,-0.15869140625,-0.244140625,0.68359375,-0.13427734375,0.81787109375,-0.2197265625,0.54931640625,-0.48828125,0.3662109375,0.32958984375,0.146484375,0.5126953125,-0.3662109375,0.2197265625,0.96435546875,0.13427734375,0.13427734375,0.048828125,0.1220703125,0.2685546875,0.1953125,-0.1220703125,0.7568359375,0.03662109375,-0.01220703125,-0.20751953125,1.30615234375,-0.1220703125,-0.89111328125,-0.048828125,-0.4150390625,-0.35400390625,-0.9521484375,-0.23193359375,-0.81787109375,0.1953125,3.06396484375,-0.244140625,9.33837890625,-0.23193359375,4.94384765625,-0.03662109375,4.833984375,-0.146484375,-0.64697265625,0.0244140625,-0.7080078125,-0.13427734375,-0.6103515625,-0.0732421875,-0.08544921875,0.13427734375,-0.0244140625,-0.2197265625,-0.78125,-0.244140625,1.72119140625,0.0732421875,1.23291015625,-0.1953125,0.3173828125,0.048828125,-0.01220703125,-0.08544921875,-0.0244140625,-0.09765625,0.13427734375,-0.0732421875,0.3173828125,-0.0732421875,1.28173828125,-0.048828125,0,0.03662109375,0.20751953125
1,-0.1708984375,-0.40283203125,0.09765625,-0.390625,-0.10986328125,-0.48828125,0.1708984375,-0.1220703125,0.03662109375,-0.06103515625,-0.4150390625,-0.9033203125,-0.1220703125,1.08642578125,0.0244140625,-0.1953125,0.0732421875,-0.54931640625,-0.146484375,-0.13427734375,-0.01220703125,0.87890625,-0.146484375,-0.62255859375,0.06103515625,-0.47607421875,-0.1220703125,-1.123046875,-0.146484375,0.64697265625,-0.01220703125,-0.0732421875,-0.3662109375,0.01220703125,0.2685546875,-0.68359375,-0.3173828125,-0.10986328125,0.0244140625,-0.37841796875,-0.146484375,-0.1708984375,0.3173828125,-0.59814453125,0.01220703125,-0.390625,0.2197265625,0.91552734375,-0.32958984375,1.23291015625,0.06103515625,0.4150390625,-0.01220703125,-0.1708984375,-0.146484375,0.6591796875,-0.1708984375,0.79345703125,-0.2197265625,0.50048828125,-0.52490234375,0.341796875,0.20751953125,0.15869140625,0.52490234375,-0.3173828125,0.18310546875,0.96435546875,0.10986328125,0.146484375,0.01220703125,0.1220703125,0.244140625,0.1953125,-0.18310546875,0.74462890625,0.03662109375,0.01220703125,-0.1953125,1.2939453125,-0.08544921875,-0.9033203125,-0.08544921875,-0.390625,-0.32958984375,-0.9521484375,-0.2197265625,-0.8056640625,0.1708984375,2.7587890625,-0.1953125,8.70361328125,-0.15869140625,4.62646484375,-0.03662109375,4.47998046875,-0.1708984375,-0.634765625,0.048828125,-0.68359375,-0.0732421875,-0.59814453125,-0.08544921875,-0.08544921875,0.13427734375,0,-0.23193359375,-0.732421875,-0.2197265625,1.77001953125,0.0732421875,1.23291015625,-0.1953125,0.35400390625,0.06103515625,0.01220703125,-0.0732421875,-0.01220703125,-0.09765625,0.13427734375,-0.15869140625,0.30517578125,-0.06103515625,1.318359375,-0.08544921875,-0.048828125,0.048828125,0.23193359375
1,-0.146484375,-0.390625,0.09765625,-0.390625,-0.146484375,-0.4638671875,0.18310546875,-0.13427734375,0.06103515625,-0.06103515625,-0.390625,-0.93994140625,-0.13427734375,1.08642578125,0,-0.1953125,0.08544921875,-0.537109375,-0.146484375,-0.15869140625,0.03662109375,0.8544921875,-0.15869140625,-0.62255859375,0.0244140625,-0.57373046875,-0.10986328125,-1.30615234375,-0.28076171875,0.47607421875,-0.01220703125,-0.18310546875,-0.3173828125,-0.244140625,0.2685546875,-0.7568359375,-0.29296875,-0.1708984375,0.03662109375,-0.48828125,-0.1953125,-0.1708984375,0.2685546875,-0.59814453125,0.048828125,-0.42724609375,0.048828125,0.9033203125,-0.37841796875,1.2451171875,0.048828125,0.4150390625,0.08544921875,-0.18310546875,-0.0732421875,0.6591796875,-0.20751953125,0.69580078125,-0.23193359375,0.47607421875,-0.5126953125,0.32958984375,0.25634765625,0.1953125,0.52490234375,-0.2685546875,0.1220703125,0.9765625,0.06103515625,0.1220703125,-0.03662109375,0.1220703125,0.1953125,0.20751953125,-0.1953125,0.76904296875,0.048828125,0,-0.15869140625,1.30615234375,-0.048828125,-0.927734375,-0.13427734375,-0.42724609375,-0.30517578125,-0.9521484375,-0.146484375,-0.81787109375,0.146484375,2.33154296875,-0.13427734375,7.82470703125,-0.08544921875,4.1748046875,-0.01220703125,3.94287109375,-0.1953125,-0.62255859375,0.048828125,-0.68359375,-0.01220703125,-0.6103515625,-0.1220703125,-0.08544921875,0.1220703125,0.03662109375,-0.2197265625,-0.72021484375,-0.146484375,1.79443359375,0.0732421875,1.2451171875,-0.23193359375,0.341796875,0.08544921875,0,-0.0732421875,-0.01220703125,-0.09765625,0.1708984375,-0.09765625,0.3173828125,-0.03662109375,1.2939453125,-0.10986328125,-0.03662109375,0.048828125,0.25634765625
1,-0.146484375,-0.40283203125,0.09765625,-0.37841796875,-0.2197265625,-0.45166015625,0.1953125,-0.1220703125,0.08544921875,-0.03662109375,-0.37841796875,-0.93994140625,-0.13427734375,1.08642578125,-0.01220703125,-0.1708984375,0.08544921875,-0.57373046875,-0.08544921875,-0.146484375,0.1220703125,0.89111328125,-0.13427734375,-0.64697265625,-0.01220703125,-0.68359375,-0.08544921875,-1.45263671875,-0.35400390625,0.3173828125,-0.0244140625,-0.29296875,-0.25634765625,-0.4638671875,0.244140625,-0.81787109375,-0.29296875,-0.244140625,0.03662109375,-0.5859375,-0.20751953125,-0.1708984375,0.20751953125,-0.6103515625,0.0732421875,-0.42724609375,-0.0732421875,0.86669921875,-0.35400390625,1.25732421875,-0.01220703125,0.37841796875,0.13427734375,-0.1953125,-0.048828125,0.67138671875,-0.28076171875,0.6103515625,-0.29296875,0.42724609375,-0.5126953125,0.32958984375,0.18310546875,0.35400390625,0.48828125,-0.1708984375,0.048828125,0.9765625,-0.03662109375,0.1220703125,-0.08544921875,0.10986328125,0.15869140625,0.2197265625,-0.1953125,0.74462890625,0.0732421875,0,-0.146484375,1.2939453125,-0.01220703125,-0.9765625,-0.1708984375,-0.45166015625,-0.1708984375,-0.96435546875,-0.09765625,-0.8544921875,0.08544921875,1.86767578125,-0.048828125,6.8115234375,0,3.662109375,-0.06103515625,3.33251953125,-0.1953125,-0.6103515625,0.06103515625,-0.67138671875,0.06103515625,-0.59814453125,-0.146484375,-0.08544921875,0.08544921875,0.03662109375,-0.1708984375,-0.732421875,-0.09765625,1.79443359375,0.06103515625,1.220703125,-0.2685546875,0.35400390625,0.09765625,0.01220703125,-0.06103515625,0,-0.1220703125,0.146484375,-0.10986328125,0.40283203125,-0.0244140625,1.30615234375,-0.08544921875,-0.03662109375,0.0732421875,0.25634765625
1,-0.146484375,-0.390625,0.10986328125,-0.37841796875,-0.1953125,-0.439453125,0.2197265625,-0.08544921875,0.10986328125,0,-0.3662109375,-0.927734375,-0.15869140625,1.0986328125,-0.048828125,-0.1708984375,0.03662109375,-0.57373046875,-0.03662109375,-0.13427734375,0.13427734375,0.89111328125,-0.0732421875,-0.634765625,-0.06103515625,-0.732421875,-0.09765625,-1.5625,-0.3173828125,0.1953125,-0.08544921875,-0.3662109375,-0.3173828125,-0.634765625,0.23193359375,-0.830078125,-0.28076171875,-0.2685546875,0.06103515625,-0.64697265625,-0.20751953125,-0.2197265625,0.1708984375,-0.6103515625,0.08544921875,-0.439453125,-0.10986328125,0.79345703125,-0.37841796875,1.23291015625,0.03662109375,0.4150390625,0.146484375,-0.1953125,-0.0244140625,0.67138671875,-0.2685546875,0.537109375,-0.35400390625,0.40283203125,-0.52490234375,0.3662109375,0.146484375,0.5615234375,0.47607421875,-0.08544921875,-0.0244140625,0.9521484375,-0.1220703125,0.10986328125,-0.1220703125,0.1220703125,0.09765625,0.20751953125,-0.20751953125,0.732421875,0.06103515625,-0.01220703125,-0.09765625,1.2939453125,0.01220703125,-1.01318359375,-0.1708984375,-0.45166015625,-0.0732421875,-0.9765625,-0.10986328125,-0.84228515625,0.03662109375,1.37939453125,0.0244140625,5.79833984375,0.1220703125,3.125,-0.09765625,2.685546875,-0.18310546875,-0.6103515625,0.0244140625,-0.7080078125,0.10986328125,-0.59814453125,-0.146484375,-0.0732421875,0.01220703125,-0.01220703125,-0.06103515625,-0.78125,-0.06103515625,1.6845703125,0.0244140625,1.1962890625,-0.28076171875,0.3662109375,0.09765625,0.01220703125,-0.0732421875,-0.01220703125,-0.13427734375,0.18310546875,-0.03662109375,0.52490234375,-0.0244140625,1.2939453125,-0.06103515625,-0.0244140625,0.06103515625,0.28076171875
1,-0.146484375,-0.40283203125,0.08544921875,-0.37841796875,-0.20751953125,-0.4150390625,0.1953125,-0.048828125,0.08544921875,0.03662109375,-0.35400390625,-0.91552734375,-0.1708984375,1.08642578125,0,-0.15869140625,0.01220703125,-0.5859375,0.048828125,-0.1220703125,0.13427734375,0.89111328125,0.01220703125,-0.62255859375,-0.146484375,-0.72021484375,-0.1220703125,-1.611328125,-0.23193359375,0.1220703125,-0.146484375,-0.37841796875,-0.30517578125,-0.68359375,0.244140625,-0.81787109375,-0.2685546875,-0.29296875,0.146484375,-0.6591796875,-0.15869140625,-0.2197265625,0.1220703125,-0.62255859375,0.08544921875,-0.42724609375,-0.20751953125,0.732421875,-0.390625,1.23291015625,0.03662109375,0.4150390625,0.15869140625,-0.20751953125,-0.0244140625,0.68359375,-0.29296875,0.54931640625,-0.3662109375,0.42724609375,-0.4150390625,0.4150390625,0.146484375,0.9033203125,0.50048828125,-0.01220703125,-0.10986328125,0.9521484375,-0.20751953125,0.08544921875,-0.13427734375,0.1220703125,0.06103515625,0.23193359375,-0.18310546875,0.7568359375,0.03662109375,-0.01220703125,0,1.2939453125,-0.0244140625,-1.025390625,-0.1953125,-0.439453125,0.03662109375,-1.0009765625,-0.09765625,-0.830078125,0.01220703125,0.927734375,0.06103515625,4.8828125,0.1953125,2.60009765625,-0.06103515625,2.08740234375,-0.09765625,-0.62255859375,-0.0732421875,-0.69580078125,0.10986328125,-0.59814453125,-0.1708984375,-0.08544921875,-0.03662109375,-0.08544921875,0.0244140625,-0.87890625,0.06103515625,1.47705078125,0.0244140625,1.123046875,-0.30517578125,0.3662109375,0.1220703125,0.0244140625,-0.0732421875,-0.0244140625,-0.1708984375,0.20751953125,0.01220703125,0.68359375,-0.03662109375,1.33056640625,-0.0244140625,0,0.08544921875,0.29296875
1,-0.15869140625,-0.4150390625,0.10986328125,-0.3662109375,-0.18310546875,-0.4150390625,0.20751953125,-0.0732421875,0.0732421875,0.048828125,-0.35400390625,-0.9033203125,-0.18310546875,1.0986328125,-0.01220703125,-0.15869140625,0,-0.5859375,0.10986328125,-0.13427734375,0.1708984375,0.89111328125,0.0732421875,-0.6103515625,-0.1953125,-0.7080078125,-0.10986328125,-1.5869140625,-0.18310546875,0.13427734375,-0.18310546875,-0.35400390625,-0.30517578125,-0.6103515625,0.1708984375,-0.78125,-0.2685546875,-0.29296875,0.18310546875,-0.64697265625,-0.15869140625,-0.25634765625,0.08544921875,-0.64697265625,0.06103515625,-0.4150390625,-0.18310546875,0.68359375,-0.42724609375,1.20849609375,-0.0244140625,0.439453125,0.1708984375,-0.1953125,-0.048828125,0.7080078125,-0.2685546875,0.6103515625,-0.341796875,0.439453125,-0.32958984375,0.50048828125,0.048828125,1.3427734375,0.42724609375,0.048828125,-0.146484375,0.96435546875,-0.25634765625,0.10986328125,-0.1708984375,0.13427734375,0.048828125,0.20751953125,-0.1953125,0.74462890625,0.03662109375,-0.01220703125,0.09765625,1.30615234375,-0.03662109375,-1.0498046875,-0.13427734375,-0.4150390625,0.10986328125,-0.98876953125,-0.1708984375,-0.81787109375,0.03662109375,0.57373046875,0.0732421875,4.11376953125,0.23193359375,2.1484375,-0.09765625,1.5625,-0.0244140625,-0.634765625,-0.13427734375,-0.7080078125,0.09765625,-0.5859375,-0.15869140625,-0.0732421875,-0.08544921875,-0.1953125,0.09765625,-0.98876953125,0.08544921875,1.171875,0.03662109375,0.98876953125,-0.341796875,0.3662109375,0.09765625,0.03662109375,-0.06103515625,-0.01220703125,-0.1708984375,0.1953125,0.048828125,0.9033203125,-0.03662109375,1.33056640625,0,0.0732421875,0.09765625,0.29296875
1,-0.15869140625,-0.390625,0.13427734375,-0.3662109375,-0.1953125,-0.4150390625,0.20751953125,-0.08544921875,0.09765625,0.0732421875,-0.32958984375,-0.9033203125,-0.2197265625,1.0986328125,-0.01220703125,-0.18310546875,-0.0244140625,-0.6103515625,0.13427734375,-0.13427734375,0.20751953125,0.87890625,0.146484375,-0.5859375,-0.1708984375,-0.6591796875,-0.1220703125,-1.4892578125,-0.06103515625,0.20751953125,-0.244140625,-0.2685546875,-0.29296875,-0.45166015625,0.10986328125,-0.74462890625,-0.2685546875,-0.28076171875,0.23193359375,-0.59814453125,-0.15869140625,-0.244140625,0.048828125,-0.6591796875,0.08544921875,-0.40283203125,-0.244140625,0.62255859375,-0.40283203125,1.15966796875,-0.09765625,0.439453125,0.15869140625,-0.1953125,-0.0732421875,0.72021484375,-0.2197265625,0.72021484375,-0.32958984375,0.537109375,-0.2197265625,0.59814453125,-0.18310546875,1.89208984375,0.35400390625,0.09765625,-0.1953125,0.96435546875,-0.244140625,0.1220703125,-0.18310546875,0.13427734375,0,0.1953125,-0.1953125,0.78125,0.0732421875,-0.0244140625,0.1708984375,1.2939453125,-0.048828125,-1.0498046875,-0.1220703125,-0.40283203125,0.1220703125,-1.0009765625,-0.1708984375,-0.81787109375,0.08544921875,0.28076171875,0.048828125,3.47900390625,0.2685546875,1.7578125,-0.048828125,1.123046875,0.0244140625,-0.6103515625,-0.1708984375,-0.69580078125,0.06103515625,-0.59814453125,-0.1708984375,-0.0732421875,-0.09765625,-0.341796875,0.1708984375,-1.1474609375,-0.01220703125,0.76904296875,0.10986328125,0.830078125,-0.37841796875,0.3662109375,0.09765625,0.03662109375,-0.08544921875,-0.01220703125,-0.1708984375,0.20751953125,0.048828125,1.18408203125,-0.03662109375,1.40380859375,0.03662109375,0.15869140625,0.048828125,0.3662109375
1,-0.18310546875,-0.390625,0.146484375,-0.37841796875,-0.18310546875,-0.4150390625,0.15869140625,-0.08544921875,0.13427734375,0.0732421875,-0.30517578125,-0.89111328125,-0.23193359375,1.0986328125,-0.03662109375,-0.18310546875,0.048828125,-0.59814453125,0.10986328125,-0.13427734375,0.2197265625,0.87890625,0.1708984375,-0.5859375,-0.13427734375,-0.6103515625,-0.18310546875,-1.35498046875,-0.01220703125,0.29296875,-0.30517578125,-0.20751953125,-0.15869140625,-0.2685546875,0.15869140625,-0.69580078125,-0.2197265625,-0.244140625,0.2685546875,-0.54931640625,-0.18310546875,-0.2685546875,0.048828125,-0.68359375,0.1220703125,-0.390625,-0.2197265625,0.5859375,-0.32958984375,1.11083984375,-0.20751953125,0.45166015625,0.1220703125,-0.18310546875,-0.10986328125,0.732421875,-0.1953125,0.91552734375,-0.3662109375,0.64697265625,-0.146484375,0.68359375,-0.1708984375,2.57568359375,0.29296875,0.09765625,-0.20751953125,0.9765625,-0.2197265625,0.146484375,-0.2197265625,0.15869140625,-0.0244140625,0.1953125,-0.18310546875,0.79345703125,0.146484375,-0.03662109375,0.20751953125,1.318359375,-0.0732421875,-1.025390625,-0.1220703125,-0.390625,0.09765625,-0.98876953125,-0.1708984375,-0.8056640625,0.15869140625,0,0,2.9541015625,0.28076171875,1.40380859375,0,0.76904296875,0.048828125,-0.59814453125,-0.18310546875,-0.732421875,-0.01220703125,-0.6103515625,-0.18310546875,-0.06103515625,-0.146484375,-0.50048828125,0.1708984375,-1.318359375,-0.1220703125,0.30517578125,0.1708984375,0.64697265625,-0.35400390625,0.35400390625,0.1220703125,0.0244140625,-0.0732421875,-0.03662109375,-0.1708984375,0.18310546875,0.08544921875,1.52587890625,-0.03662109375,1.47705078125,0.048828125,0.30517578125,0.06103515625,0.5126953125
1,-0.18310546875,-0.40283203125,0.1953125,-0.37841796875,-0.1953125,-0.40283203125,0.146484375,-0.09765625,0.1220703125,0.09765625,-0.244140625,-0.86669921875,-0.244140625,1.08642578125,-0.048828125,-0.1953125,0.09765625,-0.59814453125,0.06103515625,-0.15869140625,0.244140625,0.87890625,0.15869140625,-0.59814453125,-0.0244140625,-0.52490234375,-0.23193359375,-1.23291015625,0.0244140625,0.40283203125,-0.28076171875,-0.146484375,-0.09765625,-0.08544921875,0.1220703125,-0.6591796875,-0.1953125,-0.1953125,0.1953125,-0.50048828125,-0.1953125,-0.25634765625,0.0244140625,-0.7080078125,0.09765625,-0.37841796875,-0.20751953125,0.5615234375,-0.32958984375,1.06201171875,-0.23193359375,0.439453125,0.06103515625,-0.1953125,-0.15869140625,0.732421875,-0.10986328125,1.15966796875,-0.390625,0.79345703125,-0.1708984375,0.79345703125,-0.23193359375,3.2958984375,0.1953125,0.06103515625,-0.244140625,0.96435546875,-0.1708984375,0.146484375,-0.30517578125,0.1708984375,0.01220703125,0.1708984375,-0.13427734375,0.76904296875,0.1953125,-0.0244140625,0.1953125,1.30615234375,-0.1220703125,-1.0009765625,-0.09765625,-0.37841796875,0.01220703125,-1.0009765625,-0.10986328125,-0.79345703125,0.23193359375,-0.2197265625,-0.048828125,2.490234375,0.32958984375,1.11083984375,0.06103515625,0.42724609375,0.0244140625,-0.59814453125,-0.1708984375,-0.732421875,-0.08544921875,-0.62255859375,-0.20751953125,-0.06103515625,-0.15869140625,-0.67138671875,0.1220703125,-1.47705078125,-0.18310546875,-0.1708984375,0.2197265625,0.50048828125,-0.32958984375,0.35400390625,0.10986328125,0.0244140625,-0.0732421875,-0.048828125,-0.15869140625,0.1708984375,0.06103515625,2.01416015625,-0.048828125,1.6357421875,0.0244140625,0.4638671875,0.0244140625,0.76904296875
1,-0.20751953125,-0.390625,0.20751953125,-0.390625,-0.1708984375,-0.42724609375,0.13427734375,-0.08544921875,0.1220703125,0.0732421875,-0.23193359375,-0.89111328125,-0.244140625,1.06201171875,-0.03662109375,-0.1708984375,0.146484375,-0.5859375,0,-0.15869140625,0.2197265625,0.87890625,0.0732421875,-0.59814453125,0.09765625,-0.48828125,-0.25634765625,-1.1474609375,0.03662109375,0.50048828125,-0.18310546875,-0.08544921875,-0.03662109375,0.0244140625,0.20751953125,-0.634765625,-0.18310546875,-0.18310546875,0.146484375,-0.50048828125,-0.244140625,-0.244140625,0.0244140625,-0.732421875,0.08544921875,-0.37841796875,-0.25634765625,0.54931640625,-0.3173828125,1.025390625,-0.20751953125,0.42724609375,-0.0244140625,-0.20751953125,-0.20751953125,0.732421875,-0.0732421875,1.42822265625,-0.390625,0.93994140625,-0.18310546875,0.91552734375,-0.0732421875,4.06494140625,0.146484375,0.03662109375,-0.2197265625,0.98876953125,-0.03662109375,0.15869140625,-0.3173828125,0.1708984375,0.0244140625,0.15869140625,-0.09765625,0.81787109375,0.23193359375,-0.0244140625,0.146484375,1.30615234375,-0.13427734375,-0.9765625,-0.10986328125,-0.40283203125,-0.0732421875,-0.9765625,-0.06103515625,-0.78125,0.30517578125,-0.47607421875,-0.06103515625,2.05078125,0.341796875,0.84228515625,0.10986328125,0.1220703125,-0.0244140625,-0.59814453125,-0.13427734375,-0.72021484375,-0.13427734375,-0.62255859375,-0.20751953125,-0.0732421875,-0.08544921875,-0.8056640625,0.08544921875,-1.62353515625,-0.2197265625,-0.62255859375,0.2685546875,0.3662109375,-0.3173828125,0.341796875,0.1220703125,0,-0.06103515625,-0.06103515625,-0.1220703125,0.146484375,0.06103515625,2.67333984375,-0.0244140625,1.86767578125,0.03662109375,0.7080078125,0.048828125,1.123046875
0,-0.20751953125,-0.390625,0.20751953125,-0.390625,-0.1708984375,-0.45166015625,0.15869140625,-0.08544921875,0.1220703125,0.048828125,-0.2197265625,-0.86669921875,-0.244140625,1.07421875,-0.048828125,-0.13427734375,0.1953125,-0.59814453125,-0.048828125,-0.15869140625,0.20751953125,0.87890625,-0.0244140625,-0.59814453125,0.1708984375,-0.47607421875,-0.29296875,-1.08642578125,0,0.5615234375,-0.09765625,-0.0732421875,0.03662109375,0.0732421875,0.28076171875,-0.6591796875,-0.1953125,-0.1708984375,0.0244140625,-0.48828125,-0.2685546875,-0.23193359375,0.01220703125,-0.7568359375,0.08544921875,-0.3662109375,-0.29296875,0.5859375,-0.35400390625,1.01318359375,-0.1708984375,0.42724609375,-0.08544921875,-0.23193359375,-0.30517578125,0.7080078125,0,1.6845703125,-0.3662109375,1.06201171875,-0.1220703125,1.01318359375,-0.048828125,4.8095703125,0.13427734375,-0.01220703125,-0.2197265625,0.96435546875,0.03662109375,0.18310546875,-0.3662109375,0.15869140625,0.048828125,0.15869140625,-0.03662109375,0.79345703125,0.25634765625,-0.0244140625,0.08544921875,1.28173828125,-0.10986328125,-0.927734375,-0.08544921875,-0.4150390625,-0.1953125,-1.0009765625,0.01220703125,-0.78125,0.3662109375,-0.7568359375,-0.03662109375,1.5380859375,0.3173828125,0.537109375,0.1220703125,-0.23193359375,-0.0732421875,-0.62255859375,-0.048828125,-0.732421875,-0.20751953125,-0.6103515625,-0.2197265625,-0.06103515625,-0.06103515625,-0.91552734375,0.03662109375,-1.7578125,-0.2685546875,-0.96435546875,0.2685546875,0.244140625,-0.30517578125,0.341796875,0.08544921875,0,-0.0732421875,-0.06103515625,-0.10986328125,0.13427734375,-0.08544921875,3.515625,-0.03662109375,2.197265625,0.0244140625,1.025390625,0.048828125,1.59912109375
0,-0.18310546875,-0.40283203125,0.1953125,-0.3662109375,-0.2197265625,-0.47607421875,0.2197265625,-0.09765625,0.13427734375,0.0244140625,-0.1953125,-0.87890625,-0.25634765625,1.06201171875,-0.048828125,-0.146484375,0.20751953125,-0.5859375,-0.0732421875,-0.146484375,0.15869140625,0.86669921875,-0.08544921875,-0.59814453125,0.25634765625,-0.48828125,-0.25634765625,-1.08642578125,0.03662109375,0.5859375,0.048828125,-0.10986328125,0.03662109375,0.048828125,0.29296875,-0.69580078125,-0.20751953125,-0.1953125,-0.0244140625,-0.5126953125,-0.30517578125,-0.23193359375,0.06103515625,-0.7568359375,0.0244140625,-0.37841796875,-0.3173828125,0.59814453125,-0.35400390625,1.01318359375,-0.08544921875,0.40283203125,-0.1708984375,-0.23193359375,-0.40283203125,0.7080078125,0.0732421875,1.91650390625,-0.28076171875,1.1962890625,-0.048828125,1.11083984375,0.08544921875,5.5419921875,0.13427734375,-0.08544921875,-0.244140625,0.9765625,0.06103515625,0.1708984375,-0.390625,0.1708984375,0.0244140625,0.15869140625,0.03662109375,0.79345703125,0.23193359375,-0.01220703125,0.03662109375,1.28173828125,-0.08544921875,-0.86669921875,-0.048828125,-0.42724609375,-0.28076171875,-1.0009765625,0.08544921875,-0.78125,0.390625,-1.0986328125,-0.01220703125,0.9521484375,0.28076171875,0.20751953125,0.146484375,-0.62255859375,-0.1708984375,-0.62255859375,0.01220703125,-0.7080078125,-0.23193359375,-0.62255859375,-0.20751953125,-0.0732421875,0,-0.96435546875,0.0244140625,-1.81884765625,-0.25634765625,-1.11083984375,0.2685546875,0.1953125,-0.29296875,0.35400390625,0.10986328125,0.01220703125,-0.06103515625,-0.0732421875,-0.0732421875,0.13427734375,-0.1708984375,4.43115234375,-0.09765625,2.587890625,-0.01220703125,1.40380859375,0,2.2216796875
0,-0.18310546875,-0.390625,0.1708984375,-0.37841796875,-0.244140625,-0.47607421875,0.2197265625,-0.0732421875,0.10986328125,0,-0.1708984375,-0.89111328125,-0.25634765625,1.07421875,-0.06103515625,-0.13427734375,0.1708984375,-0.57373046875,-0.0732421875,-0.146484375,0.03662109375,0.87890625,-0.1220703125,-0.6103515625,0.2685546875,-0.537109375,-0.2197265625,-1.1474609375,0.0244140625,0.54931640625,0.13427734375,-0.18310546875,-0.0244140625,-0.048828125,0.3173828125,-0.732421875,-0.25634765625,-0.20751953125,-0.03662109375,-0.5615234375,-0.32958984375,-0.1708984375,0.146484375,-0.732421875,-0.01220703125,-0.40283203125,-0.25634765625,0.6591796875,-0.3173828125,1.06201171875,-0.0732421875,0.40283203125,-0.28076171875,-0.23193359375,-0.47607421875,0.67138671875,0.048828125,2.11181640625,-0.2197265625,1.33056640625,-0.0244140625,1.20849609375,0.20751953125,6.1767578125,0.08544921875,-0.10986328125,-0.1708984375,0.98876953125,0.10986328125,0.15869140625,-0.29296875,0.15869140625,-0.0244140625,0.18310546875,0.0732421875,0.78125,0.20751953125,-0.0244140625,-0.01220703125,1.2451171875,-0.0732421875,-0.81787109375,-0.0244140625,-0.40283203125,-0.3662109375,-1.025390625,0.048828125,-0.79345703125,0.37841796875,-1.45263671875,0.048828125,0.28076171875,0.1953125,-0.146484375,0.13427734375,-1.0498046875,-0.1953125,-0.62255859375,0.10986328125,-0.69580078125,-0.2197265625,-0.6103515625,-0.2197265625,-0.08544921875,0.06103515625,-0.9765625,-0.0244140625,-1.806640625,-0.29296875,-1.123046875,0.244140625,0.244140625,-0.29296875,0.32958984375,0.08544921875,0.01220703125,-0.0732421875,-0.08544921875,-0.06103515625,0.13427734375,-0.06103515625,5.4443359375,-0.08544921875,3.02734375,0.01220703125,1.84326171875,0.03662109375,2.89306640625
0,-0.146484375,-0.40283203125,0.146484375,-0.3662109375,-0.2685546875,-0.48828125,0.2197265625,-0.0732421875,0.146484375,-0.0244140625,-0.1708984375,-0.89111328125,-0.25634765625,1.06201171875,-0.03662109375,-0.10986328125,0.13427734375,-0.57373046875,-0.0732421875,-0.13427734375,-0.06103515625,0.86669921875,-0.13427734375,-0.634765625,0.23193359375,-0.5859375,-0.1953125,-1.23291015625,0.03662109375,0.52490234375,0.146484375,-0.2685546875,-0.1220703125,-0.18310546875,0.28076171875,-0.7568359375,-0.35400390625,-0.23193359375,-0.048828125,-0.6103515625,-0.37841796875,-0.1708984375,0.23193359375,-0.74462890625,-0.048828125,-0.42724609375,-0.23193359375,0.69580078125,-0.2685546875,1.0986328125,-0.06103515625,0.37841796875,-0.3662109375,-0.2197265625,-0.57373046875,0.67138671875,-0.03662109375,2.24609375,-0.15869140625,1.3916015625,0,1.28173828125,0.2685546875,6.6650390625,0.03662109375,-0.10986328125,-0.1220703125,0.98876953125,0.1220703125,0.146484375,-0.23193359375,0.1708984375,-0.0732421875,0.1953125,0.1220703125,0.76904296875,0.13427734375,-0.01220703125,-0.048828125,1.25732421875,-0.06103515625,-0.7568359375,0.01220703125,-0.42724609375,-0.4150390625,-1.025390625,0.0244140625,-0.830078125,0.30517578125,-1.8310546875,0.0732421875,-0.35400390625,0.13427734375,-0.50048828125,0.0732421875,-1.4404296875,-0.1953125,-0.634765625,0.15869140625,-0.68359375,-0.20751953125,-0.6103515625,-0.23193359375,-0.08544921875,0.09765625,-0.86669921875,-0.048828125,-1.7333984375,-0.20751953125,-0.9033203125,0.25634765625,0.35400390625,-0.30517578125,0.341796875,0.10986328125,0.0244140625,-0.08544921875,-0.09765625,-0.0732421875,0.146484375,-0.048828125,6.494140625,-0.08544921875,3.47900390625,0,2.2705078125,0,3.55224609375
0,-0.146484375,-0.37841796875,0.13427734375,-0.3662109375,-0.341796875,-0.47607421875,0.20751953125,-0.08544921875,0.1220703125,-0.048828125,-0.1708984375,-0.9033203125,-0.244140625,1.06201171875,-0.06103515625,-0.1220703125,0.06103515625,-0.5859375,-0.06103515625,-0.146484375,-0.1708984375,0.86669921875,-0.0732421875,-0.634765625,0.15869140625,-0.62255859375,-0.1953125,-1.318359375,0.03662109375,0.4638671875,0.0732421875,-0.3173828125,-0.15869140625,-0.30517578125,0.23193359375,-0.76904296875,-0.3173828125,-0.244140625,0,-0.62255859375,-0.48828125,-0.1708984375,0.25634765625,-0.7080078125,-0.09765625,-0.45166015625,-0.20751953125,0.72021484375,-0.2197265625,1.15966796875,-0.06103515625,0.4150390625,-0.37841796875,-0.1953125,-0.634765625,0.68359375,-0.0732421875,2.30712890625,-0.08544921875,1.4404296875,0,1.35498046875,0.42724609375,7.0556640625,0.08544921875,-0.0732421875,0,1.0009765625,0.1220703125,0.146484375,-0.18310546875,0.18310546875,-0.13427734375,0.2197265625,0.146484375,0.76904296875,0.048828125,-0.0244140625,-0.048828125,1.26953125,-0.08544921875,-0.72021484375,0.048828125,-0.40283203125,-0.4150390625,-1.03759765625,0,-0.81787109375,0.23193359375,-2.1240234375,0.03662109375,-0.9765625,0.0244140625,-0.84228515625,0.08544921875,-1.84326171875,-0.1953125,-0.64697265625,0.1708984375,-0.6591796875,-0.1708984375,-0.6103515625,-0.244140625,-0.08544921875,0.146484375,-0.7080078125,-0.03662109375,-1.5869140625,-0.13427734375,-0.5126953125,0.2197265625,0.50048828125,-0.32958984375,0.35400390625,0.09765625,0.03662109375,-0.08544921875,-0.10986328125,-0.0732421875,0.1708984375,-0.03662109375,7.51953125,-0.08544921875,3.8818359375,0.03662109375,2.67333984375,0.01220703125,4.19921875
0,-0.13427734375,-0.40283203125,0.146484375,-0.37841796875,-0.37841796875,-0.4638671875,0.20751953125,-0.08544921875,0.1220703125,-0.0732421875,-0.18310546875,-0.89111328125,-0.2685546875,1.06201171875,-0.06103515625,-0.146484375,-0.03662109375,-0.5859375,0.01220703125,-0.13427734375,-0.2685546875,0.8544921875,-0.03662109375,-0.634765625,0.08544921875,-0.634765625,-0.18310546875,-1.3671875,0.03662109375,0.439453125,-0.01220703125,-0.341796875,-0.1953125,-0.37841796875,0.25634765625,-0.76904296875,-0.341796875,-0.25634765625,0.01220703125,-0.62255859375,-0.54931640625,-0.1708984375,0.3173828125,-0.69580078125,-0.146484375,-0.47607421875,-0.1708984375,0.732421875,-0.18310546875,1.20849609375,0,0.42724609375,-0.45166015625,-0.20751953125,-0.68359375,0.68359375,-0.146484375,2.33154296875,-0.048828125,1.45263671875,0.03662109375,1.42822265625,0.5615234375,7.31201171875,0.15869140625,-0.0244140625,0.10986328125,1.0009765625,0.13427734375,0.1708984375,-0.08544921875,0.18310546875,-0.08544921875,0.23193359375,0.15869140625,0.76904296875,-0.01220703125,-0.03662109375,-0.0732421875,1.26953125,-0.10986328125,-0.6591796875,0.1220703125,-0.40283203125,-0.4150390625,-1.03759765625,-0.08544921875,-0.81787109375,0.23193359375,-2.3681640625,0.0732421875,-1.46484375,-0.06103515625,-1.08642578125,0.08544921875,-2.13623046875,-0.1953125,-0.64697265625,0.13427734375,-0.67138671875,-0.1220703125,-0.5859375,-0.20751953125,-0.08544921875,0.18310546875,-0.48828125,0.01220703125,-1.3916015625,-0.09765625,0.06103515625,0.20751953125,0.72021484375,-0.32958984375,0.3662109375,0.09765625,0.03662109375,-0.0732421875,-0.10986328125,-0.10986328125,0.15869140625,-0.06103515625,8.38623046875,-0.10986328125,4.26025390625,0.0244140625,3.01513671875,-0.01220703125,4.74853515625
0,-0.1708984375,-0.40283203125,0.15869140625,-0.37841796875,-0.439453125,-0.45166015625,0.18310546875,-0.08544921875,0.146484375,-0.06103515625,-0.18310546875,-0.9033203125,-0.28076171875,1.08642578125,-0.06103515625,-0.146484375,-0.1220703125,-0.57373046875,0.048828125,-0.13427734375,-0.3173828125,0.84228515625,0.048828125,-0.6103515625,-0.0244140625,-0.62255859375,-0.20751953125,-1.3916015625,0.0732421875,0.4150390625,-0.146484375,-0.30517578125,-0.2197265625,-0.40283203125,0.15869140625,-0.72021484375,-0.32958984375,-0.25634765625,-0.01220703125,-0.59814453125,-0.52490234375,-0.18310546875,0.37841796875,-0.67138671875,-0.20751953125,-0.48828125,-0.23193359375,0.74462890625,-0.15869140625,1.2451171875,0.048828125,0.45166015625,-0.47607421875,-0.1953125,-0.7080078125,0.69580078125,-0.1220703125,2.28271484375,-0.01220703125,1.4404296875,0.09765625,1.45263671875,0.54931640625,7.38525390625,0.146484375,0.048828125,0.10986328125,1.025390625,0.09765625,0.20751953125,-0.0244140625,0.1953125,-0.0244140625,0.2197265625,0.20751953125,0.7568359375,-0.10986328125,-0.03662109375,-0.06103515625,1.26953125,-0.13427734375,-0.62255859375,0.18310546875,-0.40283203125,-0.40283203125,-1.03759765625,-0.08544921875,-0.830078125,0.23193359375,-2.50244140625,0.08544921875,-1.77001953125,-0.10986328125,-1.2451171875,0.0732421875,-2.33154296875,-0.18310546875,-0.67138671875,0.048828125,-0.68359375,-0.10986328125,-0.62255859375,-0.15869140625,-0.08544921875,0.18310546875,-0.23193359375,0.0732421875,-1.1474609375,-0.1220703125,0.732421875,0.1708984375,0.96435546875,-0.3173828125,0.35400390625,0.0732421875,0.03662109375,-0.0732421875,-0.09765625,-0.13427734375,0.18310546875,-0.15869140625,9.0576171875,-0.1220703125,4.52880859375,0,3.2958984375,-0.048828125,5.11474609375
0,-0.18310546875,-0.40283203125,0.15869140625,-0.390625,-0.390625,-0.4150390625,0.15869140625,-0.08544921875,0.10986328125,-0.06103515625,-0.15869140625,-0.9033203125,-0.25634765625,1.07421875,-0.048828125,-0.18310546875,-0.18310546875,-0.5859375,0.08544921875,-0.1220703125,-0.3173828125,0.86669921875,0.0732421875,-0.6103515625,-0.10986328125,-0.5859375,-0.29296875,-1.3671875,0.01220703125,0.45166015625,-0.244140625,-0.244140625,-0.10986328125,-0.341796875,0.10986328125,-0.68359375,-0.30517578125,-0.2197265625,0.06103515625,-0.54931640625,-0.52490234375,-0.1953125,0.3662109375,-0.67138671875,-0.28076171875,-0.47607421875,-0.2685546875,0.7080078125,-0.10986328125,1.25732421875,0.048828125,0.47607421875,-0.45166015625,-0.18310546875,-0.732421875,0.68359375,-0.1708984375,2.2216796875,-0.01220703125,1.416015625,0.15869140625,1.47705078125,0.59814453125,7.32421875,0.09765625,0.1220703125,0.18310546875,1.0498046875,0.048828125,0.244140625,0.03662109375,0.23193359375,0.03662109375,0.25634765625,0.1953125,0.79345703125,-0.18310546875,-0.03662109375,-0.01220703125,1.28173828125,-0.146484375,-0.5859375,0.20751953125,-0.4150390625,-0.390625,-1.0498046875,-0.0732421875,-0.8544921875,0.28076171875,-2.52685546875,0.048828125,-1.84326171875,-0.13427734375,-1.28173828125,0.09765625,-2.38037109375,-0.146484375,-0.67138671875,-0.03662109375,-0.67138671875,-0.06103515625,-0.6103515625,-0.10986328125,-0.0732421875,0.18310546875,0.03662109375,0.10986328125,-0.87890625,-0.03662109375,1.47705078125,0.15869140625,1.220703125,-0.3173828125,0.341796875,0.08544921875,0.048828125,-0.0732421875,-0.10986328125,-0.13427734375,0.1953125,-0.0732421875,9.48486328125,-0.13427734375,4.6630859375,0.06103515625,3.4423828125,-0.01220703125,5.35888671875
0,-0.20751953125,-0.3662109375,0.1708984375,-0.390625,-0.4150390625,-0.40283203125,0.146484375,-0.0732421875,0.10986328125,-0.03662109375,-0.13427734375,-0.87890625,-0.244140625,1.08642578125,-0.09765625,-0.1708984375,-0.1708984375,-0.59814453125,0.048828125,-0.13427734375,-0.2685546875,0.86669921875,0.03662109375,-0.5859375,-0.15869140625,-0.537109375,-0.341796875,-1.30615234375,-0.09765625,0.5126953125,-0.30517578125,-0.18310546875,-0.08544921875,-0.244140625,0.048828125,-0.64697265625,-0.244140625,-0.1953125,0.13427734375,-0.50048828125,-0.52490234375,-0.2197265625,0.3662109375,-0.6591796875,-0.29296875,-0.45166015625,-0.3173828125,0.69580078125,-0.06103515625,1.23291015625,-0.01220703125,0.47607421875,-0.42724609375,-0.20751953125,-0.7568359375,0.68359375,-0.2197265625,2.16064453125,0.01220703125,1.40380859375,0.23193359375,1.42822265625,0.50048828125,7.11669921875,0.0732421875,0.18310546875,0.2197265625,1.0498046875,0.048828125,0.28076171875,0.0732421875,0.244140625,0.146484375,0.2197265625,0.13427734375,0.81787109375,-0.25634765625,-0.03662109375,0.06103515625,1.2939453125,-0.146484375,-0.5615234375,0.18310546875,-0.40283203125,-0.40283203125,-1.025390625,-0.0732421875,-0.84228515625,0.2685546875,-2.44140625,-0.01220703125,-1.72119140625,-0.13427734375,-1.2451171875,0.09765625,-2.28271484375,-0.10986328125,-0.69580078125,-0.18310546875,-0.67138671875,-0.03662109375,-0.634765625,-0.03662109375,-0.08544921875,0.18310546875,0.3173828125,0.20751953125,-0.6103515625,0.01220703125,2.20947265625,0.1708984375,1.46484375,-0.32958984375,0.32958984375,0.06103515625,0.0244140625,-0.06103515625,-0.08544921875,-0.146484375,0.18310546875,-0.0244140625,9.63134765625,-0.09765625,4.69970703125,0.06103515625,3.4912109375,0.03662109375,5.419921875
0,-0.2197265625,-0.390625,0.20751953125,-0.37841796875,-0.4150390625,-0.40283203125,0.13427734375,-0.08544921875,0.146484375,-0.048828125,-0.10986328125,-0.89111328125,-0.23193359375,1.08642578125,-0.13427734375,-0.18310546875,-0.146484375,-0.5859375,0,-0.13427734375,-0.18310546875,0.86669921875,0,-0.5859375,-0.1953125,-0.50048828125,-0.35400390625,-1.20849609375,-0.10986328125,0.5615234375,-0.341796875,-0.10986328125,-0.09765625,-0.13427734375,-0.08544921875,-0.62255859375,-0.1708984375,-0.1953125,0.18310546875,-0.45166015625,-0.42724609375,-0.2197265625,0.3662109375,-0.68359375,-0.2685546875,-0.45166015625,-0.28076171875,0.634765625,0.048828125,1.20849609375,-0.08544921875,0.4638671875,-0.37841796875,-0.2197265625,-0.74462890625,0.67138671875,-0.1708984375,2.08740234375,0.06103515625,1.35498046875,0.3173828125,1.37939453125,0.35400390625,6.82373046875,0.06103515625,0.23193359375,0.244140625,1.07421875,0.06103515625,0.29296875,0.048828125,0.244140625,0.18310546875,0.20751953125,0.13427734375,0.84228515625,-0.2685546875,-0.048828125,0.10986328125,1.28173828125,-0.1220703125,-0.5615234375,0.1220703125,-0.40283203125,-0.439453125,-1.0009765625,0.01220703125,-0.8056640625,0.29296875,-2.23388671875,-0.10986328125,-1.40380859375,-0.048828125,-1.06201171875,0.048828125,-2.0751953125,-0.03662109375,-0.7080078125,-0.30517578125,-0.69580078125,-0.03662109375,-0.6103515625,-0.01220703125,-0.0732421875,0.146484375,0.54931640625,0.28076171875,-0.37841796875,-0.048828125,2.83203125,0.13427734375,1.67236328125,-0.29296875,0.32958984375,0.06103515625,0.0244140625,-0.0732421875,-0.06103515625,-0.15869140625,0.15869140625,-0.13427734375,9.5458984375,-0.10986328125,4.60205078125,0.0244140625,3.41796875,0.0732421875,5.33447265625
0,-0.2197265625,-0.390625,0.23193359375,-0.40283203125,-0.42724609375,-0.37841796875,0.13427734375,-0.08544921875,0.13427734375,-0.06103515625,-0.08544921875,-0.86669921875,-0.244140625,1.08642578125,-0.13427734375,-0.1708984375,-0.09765625,-0.5859375,-0.06103515625,-0.13427734375,-0.09765625,0.8544921875,-0.0732421875,-0.5859375,-0.1708984375,-0.439453125,-0.32958984375,-1.1474609375,-0.244140625,0.6103515625,-0.29296875,-0.048828125,-0.0244140625,-0.0244140625,-0.10986328125,-0.6103515625,-0.048828125,-0.18310546875,0.18310546875,-0.40283203125,-0.32958984375,-0.23193359375,0.341796875,-0.69580078125,-0.18310546875,-0.40283203125,-0.29296875,0.5859375,0.1220703125,1.20849609375,-0.1953125,0.45166015625,-0.3173828125,-0.244140625,-0.7080078125,0.68359375,-0.09765625,2.01416015625,0.01220703125,1.318359375,0.35400390625,1.33056640625,0.3173828125,6.4697265625,-0.01220703125,0.244140625,0.30517578125,1.08642578125,0.08544921875,0.32958984375,0.03662109375,0.25634765625,0.20751953125,0.1708984375,0.0732421875,0.86669921875,-0.30517578125,-0.03662109375,0.146484375,1.26953125,-0.0732421875,-0.5615234375,0.06103515625,-0.37841796875,-0.439453125,-1.0009765625,0.06103515625,-0.81787109375,0.341796875,-2.0263671875,-0.1708984375,-1.01318359375,0.06103515625,-0.84228515625,-0.0244140625,-1.81884765625,0.01220703125,-0.69580078125,-0.35400390625,-0.7080078125,-0.01220703125,-0.6103515625,0.03662109375,-0.0732421875,0.1220703125,0.7080078125,0.341796875,-0.20751953125,0.01220703125,3.38134765625,0.13427734375,1.85546875,-0.2685546875,0.341796875,0.03662109375,0,-0.06103515625,-0.048828125,-0.146484375,0.15869140625,-0.23193359375,9.21630859375,-0.06103515625,4.43115234375,0,3.2958984375,0.08544921875,5.11474609375
0,-0.20751953125,-0.37841796875,0.23193359375,-0.390625,-0.439453125,-0.3662109375,0.09765625,-0.09765625,0.146484375,-0.048828125,-0.06103515625,-0.87890625,-0.23193359375,1.08642578125,-0.15869140625,-0.15869140625,-0.0244140625,-0.57373046875,-0.09765625,-0.13427734375,-0.0732421875,0.8544921875,-0.1220703125,-0.5859375,-0.1953125,-0.42724609375,-0.28076171875,-1.0986328125,-0.28076171875,0.6591796875,-0.28076171875,-0.01220703125,0,0.03662109375,-0.146484375,-0.6591796875,-0.01220703125,-0.1953125,0.18310546875,-0.439453125,-0.23193359375,-0.23193359375,0.3662109375,-0.7080078125,-0.1220703125,-0.390625,-0.341796875,0.5615234375,0.13427734375,1.18408203125,-0.23193359375,0.42724609375,-0.244140625,-0.2685546875,-0.64697265625,0.67138671875,0.01220703125,1.953125,-0.06103515625,1.2451171875,0.25634765625,1.23291015625,0.35400390625,6.06689453125,-0.0732421875,0.20751953125,0.28076171875,1.06201171875,0.1220703125,0.3173828125,0,0.244140625,0.2197265625,0.15869140625,0.01220703125,0.87890625,-0.23193359375,-0.03662109375,0.146484375,1.28173828125,-0.0244140625,-0.57373046875,-0.03662109375,-0.40283203125,-0.390625,-0.98876953125,0.10986328125,-0.79345703125,0.4150390625,-1.7822265625,-0.1708984375,-0.6103515625,0.1953125,-0.59814453125,-0.06103515625,-1.5380859375,0.06103515625,-0.69580078125,-0.390625,-0.72021484375,-0.03662109375,-0.57373046875,0.0732421875,-0.0732421875,0.06103515625,0.81787109375,0.341796875,-0.0732421875,-0.048828125,3.7353515625,0.15869140625,1.9775390625,-0.2197265625,0.3173828125,0.01220703125,0.01220703125,-0.06103515625,-0.048828125,-0.146484375,0.13427734375,-0.2685546875,8.72802734375,-0.0244140625,4.21142578125,-0.0244140625,3.076171875,0.06103515625,4.833984375
0,-0.1953125,-0.40283203125,0.23193359375,-0.37841796875,-0.4150390625,-0.3662109375,0.08544921875,-0.10986328125,0.15869140625,-0.06103515625,-0.048828125,-0.9033203125,-0.244140625,1.08642578125,-0.18310546875,-0.13427734375,0.048828125,-0.5615234375,-0.08544921875,-0.1220703125,-0.0244140625,0.86669921875,-0.1220703125,-0.59814453125,-0.1953125,-0.45166015625,-0.23193359375,-1.08642578125,-0.341796875,0.67138671875,-0.23193359375,-0.01220703125,0.06103515625,0.048828125,-0.1220703125,-0.72021484375,0,-0.20751953125,0.20751953125,-0.47607421875,-0.23193359375,-0.20751953125,0.390625,-0.7080078125,-0.03662109375,-0.390625,-0.390625,0.537109375,0.13427734375,1.18408203125,-0.2197265625,0.4150390625,-0.146484375,-0.25634765625,-0.57373046875,0.68359375,0.08544921875,1.904296875,-0.0732421875,1.171875,0.2685546875,1.13525390625,0.341796875,5.67626953125,-0.09765625,0.13427734375,0.244140625,1.0498046875,0.146484375,0.28076171875,-0.10986328125,0.1953125,0.25634765625,0.15869140625,-0.048828125,0.89111328125,-0.18310546875,-0.0244140625,0.09765625,1.25732421875,0.048828125,-0.6103515625,-0.09765625,-0.4150390625,-0.29296875,-1.0009765625,0.20751953125,-0.79345703125,0.47607421875,-1.5869140625,-0.146484375,-0.28076171875,0.29296875,-0.4150390625,-0.08544921875,-1.30615234375,0.10986328125,-0.68359375,-0.4150390625,-0.68359375,-0.03662109375,-0.5859375,0.0732421875,-0.0732421875,-0.01220703125,0.87890625,0.3173828125,0.01220703125,-0.09765625,3.89404296875,0.10986328125,2.03857421875,-0.18310546875,0.341796875,0.01220703125,0,-0.06103515625,-0.0244140625,-0.146484375,0.15869140625,-0.2685546875,8.154296875,-0.01220703125,3.96728515625,-0.0244140625,2.81982421875,0.048828125,4.47998046875
1,-0.18310546875,-0.37841796875,0.23193359375,-0.37841796875,-0.45166015625,-0.3662109375,0.09765625,-0.09765625,0.13427734375,-0.06103515625,-0.03662109375,-0.9033203125,-0.23193359375,1.08642578125,-0.18310546875,-0.15869140625,0.10986328125,-0.5615234375,-0.06103515625,-0.1220703125,-0.06103515625,0.87890625,-0.09765625,-0.59814453125,-0.1708984375,-0.47607421875,-0.15869140625,-1.123046875,-0.25634765625,0.69580078125,-0.146484375,-0.06103515625,0.03662109375,0.01220703125,-0.10986328125,-0.79345703125,-0.0244140625,-0.25634765625,0.25634765625,-0.54931640625,-0.25634765625,-0.20751953125,0.37841796875,-0.74462890625,0.06103515625,-0.40283203125,-0.4638671875,0.52490234375,0.09765625,1.1962890625,-0.20751953125,0.40283203125,-0.06103515625,-0.25634765625,-0.5126953125,0.67138671875,0.146484375,1.84326171875,-0.0732421875,1.0986328125,0.29296875,1.03759765625,0.4638671875,5.31005859375,-0.06103515625,0.048828125,0.2685546875,1.06201171875,0.13427734375,0.25634765625,-0.15869140625,0.2197265625,0.29296875,0.15869140625,-0.08544921875,0.91552734375,-0.13427734375,-0.01220703125,0.0732421875,1.25732421875,0.08544921875,-0.67138671875,-0.146484375,-0.40283203125,-0.18310546875,-0.98876953125,0.244140625,-0.81787109375,0.5126953125,-1.4892578125,-0.1953125,-0.0732421875,0.30517578125,-0.29296875,-0.08544921875,-1.15966796875,0.08544921875,-0.68359375,-0.40283203125,-0.68359375,-0.048828125,-0.6103515625,0.0732421875,-0.08544921875,-0.03662109375,0.830078125,0.25634765625,-0.0244140625,-0.18310546875,3.86962890625,0.13427734375,2.0263671875,-0.1708984375,0.341796875,0.0244140625,0,-0.06103515625,-0.0244140625,-0.15869140625,0.13427734375,-0.29296875,7.568359375,-0.0244140625,3.7353515625,-0.0244140625,2.57568359375,0.0244140625,4.1259765625
1,-0.1953125,-0.37841796875,0.18310546875,-0.37841796875,-0.45166015625,-0.37841796875,0.0732421875,-0.10986328125,0.13427734375,-0.06103515625,-0.0244140625,-0.91552734375,-0.20751953125,1.07421875,-0.1708984375,-0.15869140625,0.10986328125,-0.57373046875,-0.01220703125,-0.1220703125,-0.1220703125,0.89111328125,-0.048828125,-0.59814453125,-0.15869140625,-0.52490234375,-0.0732421875,-1.1962890625,-0.13427734375,0.732421875,-0.0732421875,-0.146484375,0.0244140625,0.01220703125,-0.1220703125,-0.8544921875,-0.0732421875,-0.30517578125,0.29296875,-0.64697265625,-0.32958984375,-0.2197265625,0.390625,-0.74462890625,0.08544921875,-0.40283203125,-0.50048828125,0.5126953125,0.03662109375,1.15966796875,-0.18310546875,0.40283203125,-0.01220703125,-0.2685546875,-0.40283203125,0.67138671875,0.20751953125,1.7822265625,-0.06103515625,1.025390625,0.3662109375,0.9521484375,0.37841796875,5.0048828125,-0.01220703125,-0.0244140625,0.20751953125,1.0498046875,0.13427734375,0.20751953125,-0.20751953125,0.1953125,0.29296875,0.18310546875,-0.09765625,0.927734375,-0.08544921875,-0.0244140625,0.06103515625,1.23291015625,0.1220703125,-0.732421875,-0.15869140625,-0.4150390625,-0.03662109375,-1.0009765625,0.30517578125,-0.81787109375,0.59814453125,-1.46484375,-0.1953125,-0.03662109375,0.30517578125,-0.28076171875,-0.03662109375,-1.0986328125,0.03662109375,-0.69580078125,-0.3662109375,-0.69580078125,-0.08544921875,-0.6103515625,0.06103515625,-0.0732421875,-0.09765625,0.72021484375,0.15869140625,-0.09765625,-0.23193359375,3.64990234375,0.13427734375,1.953125,-0.1953125,0.32958984375,0.0244140625,0.01220703125,-0.06103515625,-0.01220703125,-0.18310546875,0.146484375,-0.18310546875,7.0068359375,-0.01220703125,3.5400390625,-0.01220703125,2.35595703125,0.048828125,3.80859375
1,-0.18310546875,-0.37841796875,0.18310546875,-0.37841796875,-0.42724609375,-0.390625,0.0732421875,-0.09765625,0.146484375,-0.048828125,0,-0.927734375,-0.1953125,1.08642578125,-0.15869140625,-0.13427734375,0.0732421875,-0.57373046875,0.048828125,-0.1220703125,-0.20751953125,0.87890625,0.03662109375,-0.6103515625,-0.10986328125,-0.54931640625,0.0244140625,-1.26953125,-0.0244140625,0.76904296875,-0.0244140625,-0.20751953125,0.0244140625,0.048828125,-0.03662109375,-0.91552734375,-0.10986328125,-0.341796875,0.35400390625,-0.68359375,-0.439453125,-0.20751953125,0.35400390625,-0.74462890625,0.09765625,-0.4150390625,-0.50048828125,0.52490234375,0,1.18408203125,-0.244140625,0.4150390625,0,-0.20751953125,-0.30517578125,0.67138671875,0.2197265625,1.708984375,-0.03662109375,0.93994140625,0.3662109375,0.89111328125,0.29296875,4.79736328125,0.1220703125,-0.10986328125,0.1953125,1.03759765625,0.08544921875,0.1708984375,-0.28076171875,0.15869140625,0.20751953125,0.18310546875,-0.146484375,0.87890625,-0.03662109375,0,0.03662109375,1.2451171875,0.1220703125,-0.78125,-0.1708984375,-0.40283203125,0.0732421875,-1.01318359375,0.29296875,-0.81787109375,0.59814453125,-1.52587890625,-0.23193359375,-0.146484375,0.18310546875,-0.32958984375,-0.06103515625,-1.1474609375,-0.01220703125,-0.68359375,-0.30517578125,-0.7080078125,-0.08544921875,-0.59814453125,0,-0.08544921875,-0.10986328125,0.57373046875,0.0244140625,-0.244140625,-0.25634765625,3.30810546875,0.1220703125,1.84326171875,-0.1953125,0.341796875,0.048828125,0.01220703125,-0.048828125,-0.0244140625,-0.1953125,0.15869140625,-0.20751953125,6.54296875,-0.01220703125,3.35693359375,0.0244140625,2.16064453125,0.03662109375,3.5400390625
1,-0.18310546875,-0.3662109375,0.18310546875,-0.3662109375,-0.45166015625,-0.37841796875,0.08544921875,-0.06103515625,0.18310546875,-0.048828125,0.03662109375,-0.927734375,-0.18310546875,1.08642578125,-0.1708984375,-0.1220703125,0,-0.57373046875,0.09765625,-0.1220703125,-0.30517578125,0.89111328125,0.10986328125,-0.62255859375,-0.048828125,-0.5615234375,0.08544921875,-1.318359375,0.09765625,0.93994140625,0.01220703125,-0.23193359375,0.01220703125,0.2197265625,0.03662109375,-0.9033203125,-0.18310546875,-0.32958984375,0.32958984375,-0.67138671875,-0.52490234375,-0.23193359375,0.3173828125,-0.72021484375,0.06103515625,-0.42724609375,-0.4638671875,0.537109375,0.01220703125,1.1962890625,-0.23193359375,0.45166015625,0.048828125,-0.1708984375,-0.1953125,0.7080078125,0.18310546875,1.69677734375,-0.01220703125,0.9033203125,0.30517578125,0.86669921875,0.18310546875,4.6630859375,0.10986328125,-0.146484375,0.15869140625,1.025390625,0.0732421875,0.1220703125,-0.3173828125,0.15869140625,0.146484375,0.23193359375,-0.1708984375,0.87890625,-0.01220703125,0,0.048828125,1.26953125,0.06103515625,-0.8544921875,-0.13427734375,-0.40283203125,0.1708984375,-1.025390625,0.28076171875,-0.81787109375,0.52490234375,-1.6357421875,-0.30517578125,-0.3662109375,0.03662109375,-0.42724609375,-0.048828125,-1.26953125,-0.10986328125,-0.69580078125,-0.2197265625,-0.67138671875,-0.09765625,-0.59814453125,-0.03662109375,-0.09765625,-0.03662109375,0.4150390625,-0.09765625,-0.4150390625,-0.28076171875,2.83203125,0.13427734375,1.67236328125,-0.20751953125,0.35400390625,0.03662109375,0,-0.06103515625,-0.01220703125,-0.23193359375,0.1708984375,-0.244140625,6.14013671875,-0.01220703125,3.271484375,0.01220703125,2.001953125,0,3.2958984375
1,-0.1953125,-0.390625,0.18310546875,-0.341796875,-0.42724609375,-0.37841796875,0.08544921875,-0.0732421875,0.1953125,-0.06103515625,0.0732421875,-0.91552734375,-0.1708984375,1.07421875,-0.1953125,-0.13427734375,-0.03662109375,-0.57373046875,0.146484375,-0.10986328125,-0.32958984375,0.9033203125,0.10986328125,-0.6103515625,0.01220703125,-0.54931640625,0.08544921875,-1.3427734375,0.1220703125,1.220703125,0.048828125,-0.20751953125,-0.0244140625,0.54931640625,0.09765625,-0.79345703125,-0.2197265625,-0.2685546875,0.23193359375,-0.5615234375,-0.52490234375,-0.2197265625,0.3173828125,-0.69580078125,-0.01220703125,-0.439453125,-0.37841796875,0.57373046875,-0.01220703125,1.220703125,-0.20751953125,0.4638671875,0.08544921875,-0.1708984375,-0.048828125,0.7080078125,0.1708984375,1.62353515625,-0.03662109375,0.87890625,0.2685546875,0.8544921875,0.08544921875,4.5654296875,0.10986328125,-0.1708984375,0.146484375,1.01318359375,0.0244140625,0.09765625,-0.32958984375,0.15869140625,0.08544921875,0.2197265625,-0.18310546875,0.86669921875,0.01220703125,-0.01220703125,0.09765625,1.26953125,0,-0.9033203125,-0.0732421875,-0.40283203125,0.244140625,-1.025390625,0.25634765625,-0.81787109375,0.57373046875,-1.7578125,-0.1953125,-0.64697265625,-0.08544921875,-0.57373046875,-0.0244140625,-1.40380859375,-0.10986328125,-0.67138671875,-0.15869140625,-0.68359375,-0.09765625,-0.634765625,-0.10986328125,-0.08544921875,0.01220703125,0.2197265625,-0.15869140625,-0.59814453125,-0.28076171875,2.3193359375,0.09765625,1.4892578125,-0.18310546875,0.341796875,0.048828125,0.01220703125,-0.06103515625,0,-0.244140625,0.1953125,-0.2197265625,5.859375,-0.0244140625,3.1982421875,0.03662109375,1.91650390625,-0.048828125,3.11279296875
1,-0.244140625,-0.40283203125,0.20751953125,-0.341796875,-0.4150390625,-0.390625,0.0244140625,-0.06103515625,0.20751953125,-0.06103515625,0.10986328125,-0.91552734375,-0.18310546875,1.08642578125,-0.18310546875,-0.146484375,-0.1220703125,-0.57373046875,0.15869140625,-0.10986328125,-0.3173828125,0.89111328125,0.08544921875,-0.6103515625,0.06103515625,-0.4638671875,0.06103515625,-1.28173828125,0.18310546875,1.66015625,0.0732421875,-0.13427734375,0.048828125,1.03759765625,0.13427734375,-0.59814453125,-0.2197265625,-0.146484375,0.1953125,-0.3662109375,-0.48828125,-0.244140625,0.23193359375,-0.68359375,-0.08544921875,-0.439453125,-0.3662109375,0.57373046875,-0.06103515625,1.23291015625,-0.10986328125,0.4638671875,0.1220703125,-0.146484375,0.1220703125,0.72021484375,0.2197265625,1.57470703125,-0.0244140625,0.84228515625,0.23193359375,0.8544921875,-0.03662109375,4.45556640625,0.10986328125,-0.15869140625,0.09765625,1.025390625,-0.0244140625,0.10986328125,-0.3173828125,0.1708984375,0.0244140625,0.23193359375,-0.18310546875,0.86669921875,0.01220703125,-0.0244140625,0.10986328125,1.26953125,-0.08544921875,-0.96435546875,0.01220703125,-0.390625,0.25634765625,-1.0498046875,0.15869140625,-0.81787109375,0.5126953125,-1.8798828125,-0.20751953125,-0.87890625,-0.23193359375,-0.6591796875,-0.048828125,-1.52587890625,-0.15869140625,-0.6591796875,-0.048828125,-0.6591796875,-0.08544921875,-0.6591796875,-0.13427734375,-0.09765625,0.0732421875,0.0244140625,-0.1953125,-0.81787109375,-0.29296875,1.77001953125,0.06103515625,1.2939453125,-0.13427734375,0.341796875,0.048828125,0.01220703125,-0.06103515625,-0.01220703125,-0.244140625,0.1953125,-0.23193359375,5.62744140625,-0.048828125,3.125,0.01220703125,1.89208984375,-0.0732421875,2.978515625
1,-0.2685546875,-0.3662109375,0.18310546875,-0.35400390625,-0.390625,-0.4150390625,0.0244140625,-0.048828125,0.20751953125,-0.06103515625,0.146484375,-0.91552734375,-0.18310546875,1.07421875,-0.15869140625,-0.13427734375,-0.13427734375,-0.54931640625,0.146484375,-0.1220703125,-0.2685546875,0.89111328125,0.03662109375,-0.6103515625,0.08544921875,-0.35400390625,-0.0244140625,-1.1474609375,0.09765625,2.23388671875,0.0732421875,0.0244140625,-0.01220703125,1.7822265625,0.13427734375,-0.341796875,-0.23193359375,0.03662109375,0.18310546875,-0.06103515625,-0.40283203125,-0.25634765625,0.1220703125,-0.67138671875,-0.13427734375,-0.42724609375,-0.3173828125,0.6103515625,-0.09765625,1.23291015625,-0.06103515625,0.47607421875,0.20751953125,-0.1708984375,0.2685546875,0.7080078125,0.2197265625,1.50146484375,-0.0244140625,0.830078125,0.30517578125,0.8544921875,-0.10986328125,4.296875,0.06103515625,-0.13427734375,0.0244140625,1.025390625,-0.09765625,0.146484375,-0.30517578125,0.1708984375,-0.0244140625,0.23193359375,-0.18310546875,0.8544921875,0,-0.048828125,0.1953125,1.28173828125,-0.1220703125,-0.96435546875,0.048828125,-0.37841796875,0.1953125,-1.025390625,0.13427734375,-0.81787109375,0.42724609375,-1.9287109375,-0.20751953125,-1.0498046875,-0.29296875,-0.72021484375,-0.0244140625,-1.611328125,-0.15869140625,-0.6591796875,0.048828125,-0.6591796875,-0.09765625,-0.6591796875,-0.146484375,-0.08544921875,0.1220703125,-0.1708984375,-0.1953125,-1.025390625,-0.30517578125,1.23291015625,0.10986328125,1.07421875,-0.0732421875,0.3662109375,0.048828125,-0.01220703125,-0.0732421875,0.0244140625,-0.23193359375,0.1708984375,-0.244140625,5.46875,-0.06103515625,3.0517578125,0.03662109375,1.85546875,-0.08544921875,2.81982421875
1,-0.25634765625,-0.3662109375,0.1953125,-0.35400390625,-0.341796875,-0.42724609375,-0.0244140625,-0.048828125,0.20751953125,-0.03662109375,0.1708984375,-0.91552734375,-0.1708984375,1.08642578125,-0.15869140625,-0.1708984375,-0.09765625,-0.5615234375,0.09765625,-0.13427734375,-0.146484375,0.87890625,-0.0244140625,-0.59814453125,0.10986328125,-0.1708984375,-0.08544921875,-0.9521484375,0,2.9052734375,0.06103515625,0.23193359375,0.03662109375,2.7099609375,0.1708984375,-0.01220703125,-0.244140625,0.3173828125,0.15869140625,0.29296875,-0.341796875,-0.244140625,0.10986328125,-0.64697265625,-0.2197265625,-0.4150390625,-0.37841796875,0.62255859375,-0.08544921875,1.23291015625,-0.048828125,0.4638671875,0.244140625,-0.1708984375,0.32958984375,0.68359375,0.1953125,1.42822265625,-0.01220703125,0.830078125,0.3173828125,0.86669921875,0.0244140625,4.00390625,0.0732421875,-0.0732421875,0.0244140625,1.025390625,-0.10986328125,0.1953125,-0.23193359375,0.1953125,-0.06103515625,0.1953125,-0.146484375,0.86669921875,-0.0244140625,-0.048828125,0.29296875,1.28173828125,-0.13427734375,-1.01318359375,0.0732421875,-0.40283203125,0.13427734375,-1.025390625,0.1220703125,-0.8056640625,0.439453125,-1.89208984375,-0.0732421875,-1.06201171875,-0.23193359375,-0.67138671875,0.03662109375,-1.5869140625,-0.18310546875,-0.6591796875,0.1220703125,-0.68359375,-0.0732421875,-0.634765625,-0.146484375,-0.0732421875,0.1220703125,-0.35400390625,-0.18310546875,-1.20849609375,-0.32958984375,0.74462890625,0.09765625,0.86669921875,-0.03662109375,0.3662109375,0.06103515625,0,-0.0732421875,0.048828125,-0.1953125,0.1708984375,-0.244140625,5.2490234375,-0.048828125,3.01513671875,0,1.79443359375,-0.0732421875,2.7099609375
1,-0.2685546875,-0.390625,0.15869140625,-0.3662109375,-0.29296875,-0.42724609375,-0.048828125,-0.048828125,0.244140625,-0.048828125,0.1953125,-0.927734375,-0.20751953125,1.06201171875,-0.146484375,-0.1708984375,-0.10986328125,-0.57373046875,0.0244140625,-0.1220703125,-0.03662109375,0.89111328125,-0.09765625,-0.6103515625,0.13427734375,0.01220703125,-0.13427734375,-0.69580078125,-0.03662109375,3.6865234375,0.048828125,0.47607421875,0.03662109375,3.69873046875,0.146484375,0.30517578125,-0.244140625,0.6103515625,0.18310546875,0.72021484375,-0.341796875,-0.25634765625,0.0732421875,-0.6591796875,-0.23193359375,-0.40283203125,-0.47607421875,0.634765625,-0.048828125,1.20849609375,-0.0732421875,0.45166015625,0.3173828125,-0.20751953125,0.390625,0.67138671875,0.15869140625,1.318359375,0.048828125,0.8056640625,0.35400390625,0.81787109375,-0.048828125,3.60107421875,0.0732421875,-0.0244140625,-0.0244140625,1.025390625,-0.13427734375,0.2197265625,-0.244140625,0.18310546875,-0.0732421875,0.1708984375,-0.1708984375,0.89111328125,-0.03662109375,-0.048828125,0.390625,1.2939453125,-0.09765625,-1.025390625,0.06103515625,-0.390625,0.01220703125,-0.98876953125,0.09765625,-0.8056640625,0.3173828125,-1.7822265625,-0.09765625,-0.927734375,-0.1708984375,-0.57373046875,0.0244140625,-1.47705078125,-0.1953125,-0.634765625,0.1708984375,-0.68359375,-0.06103515625,-0.64697265625,-0.10986328125,-0.0732421875,0.146484375,-0.5126953125,-0.1220703125,-1.37939453125,-0.3173828125,0.3173828125,0.13427734375,0.67138671875,-0.01220703125,0.37841796875,0.06103515625,-0.0244140625,-0.0732421875,0.048828125,-0.15869140625,0.1708984375,-0.23193359375,4.9560546875,-0.03662109375,2.9296875,0,1.7333984375,-0.08544921875,2.55126953125
1,-0.2685546875,-0.37841796875,0.146484375,-0.37841796875,-0.25634765625,-0.439453125,-0.0732421875,-0.048828125,0.20751953125,-0.03662109375,0.1953125,-0.91552734375,-0.1953125,1.06201171875,-0.146484375,-0.1708984375,-0.08544921875,-0.5615234375,-0.01220703125,-0.13427734375,0.01220703125,0.89111328125,-0.146484375,-0.6103515625,0.10986328125,0.1953125,-0.1220703125,-0.45166015625,-0.0732421875,4.443359375,-0.01220703125,0.7080078125,0.09765625,4.7607421875,0.146484375,0.64697265625,-0.2197265625,0.91552734375,0.13427734375,1.123046875,-0.42724609375,-0.25634765625,0.048828125,-0.64697265625,-0.18310546875,-0.390625,-0.50048828125,0.62255859375,0.08544921875,1.1962890625,-0.08544921875,0.4150390625,0.341796875,-0.2197265625,0.42724609375,0.67138671875,0.09765625,1.1962890625,0.01220703125,0.76904296875,0.3173828125,0.8056640625,-0.06103515625,3.03955078125,-0.01220703125,0.03662109375,-0.0732421875,1.025390625,-0.10986328125,0.2197265625,-0.244140625,0.18310546875,-0.09765625,0.146484375,-0.15869140625,0.89111328125,-0.03662109375,-0.03662109375,0.42724609375,1.28173828125,-0.03662109375,-1.0498046875,0.03662109375,-0.37841796875,-0.03662109375,-0.98876953125,0.13427734375,-0.79345703125,0.25634765625,-1.59912109375,-0.0732421875,-0.72021484375,-0.06103515625,-0.37841796875,0.08544921875,-1.26953125,-0.18310546875,-0.62255859375,0.20751953125,-0.7080078125,-0.0732421875,-0.62255859375,-0.0732421875,-0.09765625,0.10986328125,-0.68359375,-0.048828125,-1.5625,-0.28076171875,-0.08544921875,0.146484375,0.50048828125,0.048828125,0.3662109375,0.0732421875,-0.03662109375,-0.0732421875,0.0244140625,-0.1220703125,0.13427734375,-0.18310546875,4.541015625,-0.08544921875,2.783203125,-0.0244140625,1.59912109375,-0.09765625,2.34375
1,-0.25634765625,-0.40283203125,0.13427734375,-0.390625,-0.2685546875,-0.45166015625,-0.06103515625,-0.048828125,0.244140625,-0.03662109375,0.23193359375,-0.91552734375,-0.23193359375,1.06201171875,-0.13427734375,-0.15869140625,-0.048828125,-0.57373046875,-0.0244140625,-0.146484375,0.048828125,0.9033203125,-0.13427734375,-0.59814453125,0.048828125,0.390625,-0.10986328125,-0.244140625,-0.1220703125,5.18798828125,-0.03662109375,0.927734375,0.01220703125,5.7373046875,0.244140625,0.9521484375,-0.1708984375,1.20849609375,0.13427734375,1.50146484375,-0.47607421875,-0.244140625,0.09765625,-0.62255859375,-0.15869140625,-0.390625,-0.537109375,0.59814453125,0.146484375,1.18408203125,-0.13427734375,0.40283203125,0.29296875,-0.23193359375,0.45166015625,0.64697265625,0.146484375,1.08642578125,-0.03662109375,0.68359375,0.25634765625,0.7568359375,-0.01220703125,2.3681640625,-0.0244140625,0.06103515625,-0.09765625,1.01318359375,-0.09765625,0.2197265625,-0.23193359375,0.18310546875,-0.13427734375,0.146484375,-0.146484375,0.9033203125,0,-0.06103515625,0.439453125,1.28173828125,0.048828125,-1.06201171875,0,-0.37841796875,-0.048828125,-0.9765625,0.146484375,-0.830078125,0.2685546875,-1.37939453125,0.03662109375,-0.42724609375,0.1220703125,-0.15869140625,0.0244140625,-1.01318359375,-0.13427734375,-0.634765625,0.15869140625,-0.72021484375,-0.06103515625,-0.59814453125,-0.0244140625,-0.09765625,0.03662109375,-0.830078125,0.01220703125,-1.6845703125,-0.244140625,-0.4150390625,0.10986328125,0.35400390625,0.048828125,0.3662109375,0.0732421875,-0.03662109375,-0.06103515625,0.01220703125,-0.09765625,0.13427734375,-0.0732421875,3.9794921875,-0.06103515625,2.60009765625,-0.01220703125,1.3671875,-0.08544921875,2.08740234375
1,-0.244140625,-0.390625,0.09765625,-0.37841796875,-0.2197265625,-0.4638671875,-0.06103515625,-0.048828125,0.23193359375,-0.06103515625,0.244140625,-0.89111328125,-0.23193359375,1.0498046875,-0.1220703125,-0.146484375,-0.06103515625,-0.5615234375,0.0244140625,-0.13427734375,0.0244140625,0.89111328125,-0.06103515625,-0.6103515625,-0.01220703125,0.52490234375,-0.06103515625,-0.06103515625,-0.25634765625,5.77392578125,-0.08544921875,1.0986328125,-0.0244140625,6.60400390625,0.28076171875,1.1962890625,-0.15869140625,1.4404296875,0.15869140625,1.7822265625,-0.52490234375,-0.244140625,0.0732421875,-0.62255859375,-0.10986328125,-0.35400390625,-0.57373046875,0.57373046875,0.10986328125,1.171875,-0.146484375,0.40283203125,0.30517578125,-0.23193359375,0.45166015625,0.64697265625,0.1953125,0.96435546875,-0.10986328125,0.6103515625,0.28076171875,0.72021484375,0.01220703125,1.6357421875,-0.03662109375,0.10986328125,-0.10986328125,1.025390625,-0.03662109375,0.2197265625,-0.29296875,0.15869140625,-0.09765625,0.146484375,-0.0732421875,0.87890625,0.048828125,-0.03662109375,0.4150390625,1.25732421875,0.13427734375,-1.0498046875,-0.0244140625,-0.40283203125,-0.1220703125,-0.98876953125,0.15869140625,-0.81787109375,0.25634765625,-1.15966796875,-0.0244140625,-0.13427734375,0.2197265625,0.06103515625,-0.0244140625,-0.732421875,-0.06103515625,-0.634765625,0.08544921875,-0.732421875,-0.0732421875,-0.5859375,0.0244140625,-0.08544921875,0.01220703125,-0.96435546875,0.06103515625,-1.806640625,-0.2197265625,-0.732421875,0.09765625,0.23193359375,0.048828125,0.37841796875,0.09765625,-0.03662109375,-0.0732421875,0.01220703125,-0.10986328125,0.1220703125,-0.03662109375,3.3447265625,-0.0732421875,2.40478515625,0,1.11083984375,-0.08544921875,1.7822265625
1,-0.2197265625,-0.390625,0.08544921875,-0.390625,-0.18310546875,-0.48828125,-0.06103515625,-0.03662109375,0.244140625,-0.048828125,0.244140625,-0.87890625,-0.244140625,1.0498046875,-0.10986328125,-0.1220703125,-0.0732421875,-0.57373046875,0.10986328125,-0.146484375,-0.0244140625,0.89111328125,0,-0.6103515625,-0.1220703125,0.634765625,-0.03662109375,0.048828125,-0.30517578125,6.1767578125,-0.13427734375,1.20849609375,-0.048828125,7.2265625,0.28076171875,1.37939453125,-0.146484375,1.611328125,0.20751953125,2.001953125,-0.537109375,-0.244140625,0.09765625,-0.62255859375,-0.08544921875,-0.390625,-0.62255859375,0.537109375,0.10986328125,1.171875,-0.2197265625,0.390625,0.3173828125,-0.244140625,0.40283203125,0.6591796875,0.2197265625,0.81787109375,-0.1708984375,0.5126953125,0.35400390625,0.67138671875,0,0.9521484375,-0.09765625,0.13427734375,-0.1220703125,1.025390625,0.01220703125,0.1953125,-0.35400390625,0.15869140625,-0.0732421875,0.15869140625,-0.01220703125,0.87890625,0.08544921875,-0.03662109375,0.35400390625,1.26953125,0.1953125,-1.06201171875,-0.0732421875,-0.40283203125,-0.146484375,-1.0009765625,0.1708984375,-0.830078125,0.28076171875,-0.98876953125,-0.03662109375,0.10986328125,0.2685546875,0.2685546875,-0.0244140625,-0.5126953125,0.01220703125,-0.64697265625,-0.03662109375,-0.7080078125,-0.1220703125,-0.5859375,0.048828125,-0.09765625,-0.03662109375,-1.07421875,0.08544921875,-1.8798828125,-0.23193359375,-1.01318359375,0.06103515625,0.09765625,0.03662109375,0.35400390625,0.08544921875,-0.0244140625,-0.08544921875,0.01220703125,-0.13427734375,0.13427734375,0.0244140625,2.6123046875,-0.048828125,2.13623046875,0.03662109375,0.81787109375,-0.08544921875,1.42822265625
1,-0.2197265625,-0.3662109375,0.0732421875,-0.390625,-0.1708984375,-0.48828125,-0.03662109375,-0.0244140625,0.28076171875,-0.06103515625,0.25634765625,-0.87890625,-0.244140625,1.0498046875,-0.13427734375,-0.13427734375,-0.09765625,-0.57373046875,0.20751953125,-0.13427734375,-0.06103515625,0.9033203125,0.0732421875,-0.59814453125,-0.1953125,0.68359375,-0.01220703125,0.08544921875,-0.3173828125,6.3720703125,-0.1708984375,1.2451171875,-0.0244140625,7.6416015625,0.23193359375,1.45263671875,-0.146484375,1.69677734375,0.3173828125,2.099609375,-0.5126953125,-0.25634765625,0.06103515625,-0.5859375,-0.0244140625,-0.390625,-0.72021484375,0.54931640625,0.1220703125,1.1474609375,-0.23193359375,0.37841796875,0.30517578125,-0.2197265625,0.40283203125,0.6591796875,0.29296875,0.7080078125,-0.18310546875,0.40283203125,0.439453125,0.634765625,0.06103515625,0.42724609375,-0.1708984375,0.146484375,-0.1220703125,1.01318359375,0,0.1708984375,-0.42724609375,0.15869140625,-0.06103515625,0.18310546875,0.03662109375,0.86669921875,0.10986328125,-0.01220703125,0.3173828125,1.26953125,0.23193359375,-1.0498046875,-0.06103515625,-0.4150390625,-0.146484375,-0.98876953125,0.146484375,-0.8544921875,0.341796875,-0.86669921875,-0.048828125,0.23193359375,0.29296875,0.40283203125,0.0244140625,-0.341796875,0.048828125,-0.67138671875,-0.1220703125,-0.7080078125,-0.1220703125,-0.5859375,0.08544921875,-0.09765625,-0.08544921875,-1.15966796875,0.09765625,-1.953125,-0.23193359375,-1.2451171875,0.08544921875,0.03662109375,0.048828125,0.35400390625,0.09765625,-0.0244140625,-0.06103515625,-0.01220703125,-0.146484375,0.13427734375,0,1.8310546875,-0.0732421875,1.86767578125,0.03662109375,0.5126953125,-0.06103515625,1.07421875
0,-0.20751953125,-0.3662109375,0.06103515625,-0.390625,-0.10986328125,-0.45166015625,-0.03662109375,-0.03662109375,0.3173828125,-0.048828125,0.25634765625,-0.89111328125,-0.23193359375,1.03759765625,-0.1220703125,-0.1220703125,-0.1708984375,-0.5859375,0.32958984375,-0.13427734375,-0.08544921875,0.9033203125,0.1708984375,-0.59814453125,-0.2197265625,0.6591796875,0.01220703125,0.0732421875,-0.20751953125,6.34765625,-0.2197265625,1.20849609375,-0.03662109375,7.7880859375,0.1953125,1.45263671875,-0.13427734375,1.72119140625,0.35400390625,2.099609375,-0.5126953125,-0.244140625,-0.03662109375,-0.5859375,-0.01220703125,-0.40283203125,-0.7568359375,0.537109375,0.15869140625,1.13525390625,-0.25634765625,0.4150390625,0.28076171875,-0.20751953125,0.390625,0.67138671875,0.35400390625,0.634765625,-0.23193359375,0.32958984375,0.45166015625,0.62255859375,0.0732421875,0.13427734375,-0.2197265625,0.146484375,-0.08544921875,1.025390625,0.048828125,0.1708984375,-0.42724609375,0.1708984375,-0.1220703125,0.20751953125,0.08544921875,0.81787109375,0.08544921875,-0.0244140625,0.244140625,1.26953125,0.1953125,-1.06201171875,-0.08544921875,-0.40283203125,-0.09765625,-1.025390625,0.1708984375,-0.8544921875,0.3662109375,-0.8056640625,-0.0732421875,0.25634765625,0.3173828125,0.4638671875,0.1220703125,-0.25634765625,0.06103515625,-0.67138671875,-0.1708984375,-0.68359375,-0.13427734375,-0.5859375,0.06103515625,-0.09765625,-0.10986328125,-1.220703125,0.048828125,-2.01416015625,-0.20751953125,-1.4404296875,0.1220703125,-0.01220703125,0.048828125,0.341796875,0.08544921875,-0.01220703125,-0.06103515625,-0.0244140625,-0.13427734375,0.1708984375,0.048828125,1.13525390625,-0.0732421875,1.59912109375,0.06103515625,0.2197265625,-0.048828125,0.69580078125
0,-0.20751953125,-0.35400390625,0.0732421875,-0.3662109375,-0.048828125,-0.439453125,-0.03662109375,-0.0244140625,0.32958984375,-0.06103515625,0.29296875,-0.9033203125,-0.2197265625,1.06201171875,-0.13427734375,-0.13427734375,-0.20751953125,-0.57373046875,0.4150390625,-0.1220703125,-0.146484375,0.89111328125,0.2685546875,-0.62255859375,-0.1708984375,0.59814453125,0.048828125,-0.0244140625,-0.15869140625,6.1279296875,-0.244140625,1.0986328125,-0.09765625,7.6904296875,0.1953125,1.3916015625,-0.1220703125,1.67236328125,0.3662109375,2.01416015625,-0.5126953125,-0.25634765625,-0.09765625,-0.5859375,-0.0244140625,-0.42724609375,-0.6591796875,0.5126953125,0.146484375,1.1474609375,-0.2685546875,0.4150390625,0.1708984375,-0.2197265625,0.29296875,0.7080078125,0.3662109375,0.62255859375,-0.2197265625,0.30517578125,0.48828125,0.634765625,0.06103515625,0.146484375,-0.30517578125,0.1708984375,-0.06103515625,1.025390625,0.0732421875,0.18310546875,-0.439453125,0.1708984375,-0.2197265625,0.25634765625,0.1220703125,0.84228515625,0.0732421875,-0.0244140625,0.1708984375,1.2939453125,0.15869140625,-1.06201171875,-0.10986328125,-0.4150390625,-0.03662109375,-1.025390625,0.15869140625,-0.8544921875,0.40283203125,-0.830078125,-0.10986328125,0.15869140625,0.341796875,0.439453125,0.20751953125,-0.25634765625,0.06103515625,-0.67138671875,-0.1708984375,-0.68359375,-0.15869140625,-0.5859375,-0.01220703125,-0.09765625,-0.15869140625,-1.26953125,-0.06103515625,-2.01416015625,-0.244140625,-1.59912109375,0.1220703125,-0.048828125,0.0732421875,0.341796875,0.08544921875,0,-0.0732421875,-0.0244140625,-0.09765625,0.18310546875,0.06103515625,0.6103515625,-0.06103515625,1.37939453125,0.0732421875,0.048828125,-0.0244140625,0.4150390625
0,-0.2197265625,-0.3662109375,0.0732421875,-0.3662109375,-0.03662109375,-0.439453125,-0.06103515625,-0.048828125,0.35400390625,-0.03662109375,0.32958984375,-0.91552734375,-0.20751953125,1.06201171875,-0.1220703125,-0.146484375,-0.2197265625,-0.5859375,0.47607421875,-0.10986328125,-0.1220703125,0.91552734375,0.30517578125,-0.59814453125,-0.08544921875,0.48828125,0.048828125,-0.1708984375,-0.2197265625,5.72509765625,-0.20751953125,0.98876953125,-0.06103515625,7.38525390625,0.18310546875,1.25732421875,-0.10986328125,1.57470703125,0.35400390625,1.86767578125,-0.52490234375,-0.244140625,-0.244140625,-0.5859375,-0.08544921875,-0.439453125,-0.5859375,0.5615234375,0.1220703125,1.15966796875,-0.2197265625,0.45166015625,0.06103515625,-0.20751953125,0.1953125,0.72021484375,0.390625,0.67138671875,-0.20751953125,0.3662109375,0.47607421875,0.67138671875,0.048828125,0.52490234375,-0.244140625,0.20751953125,-0.0244140625,1.0498046875,0.06103515625,0.1953125,-0.40283203125,0.2197265625,-0.25634765625,0.28076171875,0.1708984375,0.84228515625,0.048828125,-0.03662109375,0.146484375,1.30615234375,0.09765625,-1.07421875,-0.1220703125,-0.40283203125,-0.03662109375,-1.0498046875,0.1953125,-0.8544921875,0.40283203125,-0.91552734375,-0.1220703125,0,0.40283203125,0.37841796875,0.29296875,-0.3662109375,-0.01220703125,-0.68359375,-0.146484375,-0.68359375,-0.1708984375,-0.62255859375,-0.0732421875,-0.09765625,-0.15869140625,-1.25732421875,-0.15869140625,-2.03857421875,-0.2685546875,-1.69677734375,0.15869140625,-0.048828125,0.09765625,0.35400390625,0.08544921875,-0.0244140625,-0.06103515625,-0.01220703125,-0.09765625,0.20751953125,-0.06103515625,0.35400390625,-0.048828125,1.2939453125,0.06103515625,-0.06103515625,-0.03662109375,0.25634765625
0,-0.244140625,-0.341796875,0.0732421875,-0.3662109375,-0.0244140625,-0.4150390625,-0.08544921875,-0.03662109375,0.341796875,-0.0244140625,0.35400390625,-0.9033203125,-0.2197265625,1.07421875,-0.13427734375,-0.15869140625,-0.1953125,-0.5859375,0.48828125,-0.1220703125,-0.10986328125,0.9033203125,0.244140625,-0.59814453125,0.01220703125,0.390625,0.048828125,-0.32958984375,-0.20751953125,5.224609375,-0.146484375,0.87890625,0,6.97021484375,0.146484375,1.11083984375,-0.08544921875,1.47705078125,0.30517578125,1.72119140625,-0.47607421875,-0.23193359375,-0.341796875,-0.57373046875,-0.08544921875,-0.42724609375,-0.5126953125,0.57373046875,0.0732421875,1.171875,-0.244140625,0.47607421875,0,-0.1953125,0.10986328125,0.72021484375,0.37841796875,0.81787109375,-0.1708984375,0.47607421875,0.5126953125,0.7568359375,0.18310546875,1.25732421875,-0.25634765625,0.1953125,0.0244140625,1.06201171875,0.048828125,0.1953125,-0.341796875,0.23193359375,-0.29296875,0.2685546875,0.15869140625,0.84228515625,0.0244140625,-0.03662109375,0.10986328125,1.318359375,0.06103515625,-1.07421875,-0.15869140625,-0.40283203125,0.0244140625,-1.03759765625,0.25634765625,-0.84228515625,0.390625,-1.01318359375,-0.10986328125,-0.20751953125,0.4150390625,0.244140625,0.341796875,-0.50048828125,-0.09765625,-0.67138671875,-0.08544921875,-0.67138671875,-0.18310546875,-0.634765625,-0.13427734375,-0.09765625,-0.1220703125,-1.25732421875,-0.20751953125,-2.001953125,-0.28076171875,-1.7578125,0.18310546875,-0.048828125,0.15869140625,0.35400390625,0.06103515625,-0.0244140625,-0.06103515625,-0.0244140625,-0.08544921875,0.2197265625,0,0.42724609375,-0.03662109375,1.30615234375,0.048828125,-0.01220703125,-0.0244140625,0.25634765625
0,-0.244140625,-0.341796875,0.0732421875,-0.3662109375,0.0244140625,-0.4150390625,-0.10986328125,-0.06103515625,0.341796875,-0.03662109375,0.35400390625,-0.91552734375,-0.1953125,1.07421875,-0.146484375,-0.1953125,-0.1708984375,-0.5859375,0.45166015625,-0.13427734375,-0.09765625,0.91552734375,0.10986328125,-0.59814453125,0.10986328125,0.29296875,0,-0.45166015625,-0.20751953125,4.736328125,-0.06103515625,0.732421875,0.048828125,6.45751953125,0.1708984375,0.9521484375,-0.09765625,1.3671875,0.3173828125,1.55029296875,-0.390625,-0.20751953125,-0.439453125,-0.5859375,-0.08544921875,-0.4150390625,-0.4150390625,0.62255859375,0.08544921875,1.18408203125,-0.2197265625,0.4638671875,-0.03662109375,-0.20751953125,0.01220703125,0.7080078125,0.40283203125,1.025390625,-0.13427734375,0.67138671875,0.54931640625,0.84228515625,0.28076171875,2.294921875,-0.20751953125,0.20751953125,0.08544921875,1.06201171875,0.06103515625,0.1953125,-0.244140625,0.25634765625,-0.25634765625,0.25634765625,0.1953125,0.87890625,-0.048828125,-0.048828125,0.03662109375,1.30615234375,0.048828125,-1.0498046875,-0.15869140625,-0.390625,0.09765625,-1.01318359375,0.29296875,-0.830078125,0.3662109375,-1.11083984375,-0.09765625,-0.4150390625,0.390625,0.13427734375,0.3173828125,-0.634765625,-0.15869140625,-0.6591796875,0.01220703125,-0.69580078125,-0.20751953125,-0.6591796875,-0.1708984375,-0.0732421875,-0.10986328125,-1.23291015625,-0.25634765625,-1.98974609375,-0.30517578125,-1.72119140625,0.1708984375,-0.03662109375,0.2197265625,0.341796875,0.048828125,-0.0244140625,-0.0732421875,-0.0244140625,-0.03662109375,0.244140625,0.01220703125,0.87890625,-0.01220703125,1.45263671875,0.048828125,0.1708984375,-0.01220703125,0.47607421875
0,-0.25634765625,-0.35400390625,0.0732421875,-0.32958984375,0.06103515625,-0.390625,-0.13427734375,-0.06103515625,0.3173828125,-0.01220703125,0.3662109375,-0.91552734375,-0.1708984375,1.08642578125,-0.146484375,-0.1708984375,-0.146484375,-0.57373046875,0.390625,-0.146484375,-0.03662109375,0.927734375,0,-0.5859375,0.20751953125,0.1708984375,-0.048828125,-0.57373046875,-0.146484375,4.2724609375,0.0244140625,0.6591796875,0.09765625,5.9326171875,0.146484375,0.78125,-0.1220703125,1.26953125,0.30517578125,1.40380859375,-0.3173828125,-0.18310546875,-0.48828125,-0.59814453125,-0.0732421875,-0.390625,-0.45166015625,0.62255859375,0.10986328125,1.20849609375,-0.2685546875,0.45166015625,-0.01220703125,-0.20751953125,-0.048828125,0.69580078125,0.341796875,1.28173828125,-0.08544921875,0.87890625,0.6103515625,0.93994140625,0.3173828125,3.55224609375,-0.2197265625,0.18310546875,0.1220703125,1.07421875,0.03662109375,0.20751953125,-0.20751953125,0.25634765625,-0.15869140625,0.25634765625,0.23193359375,0.86669921875,-0.08544921875,-0.048828125,0.03662109375,1.30615234375,0.0244140625,-1.03759765625,-0.146484375,-0.390625,0.18310546875,-0.98876953125,0.32958984375,-0.8056640625,0.28076171875,-1.1962890625,-0.01220703125,-0.57373046875,0.37841796875,0.048828125,0.28076171875,-0.78125,-0.18310546875,-0.6591796875,0.10986328125,-0.69580078125,-0.23193359375,-0.6591796875,-0.1708984375,-0.08544921875,-0.06103515625,-1.18408203125,-0.29296875,-1.953125,-0.32958984375,-1.6845703125,0.1953125,0,0.244140625,0.341796875,0.03662109375,-0.03662109375,-0.048828125,-0.01220703125,-0.01220703125,0.20751953125,-0.06103515625,1.66015625,0,1.7578125,0.03662109375,0.5126953125,-0.03662109375,0.87890625
0,-0.244140625,-0.3662109375,0.03662109375,-0.341796875,0.13427734375,-0.390625,-0.13427734375,-0.0732421875,0.341796875,-0.0244140625,0.35400390625,-0.9033203125,-0.146484375,1.07421875,-0.146484375,-0.15869140625,-0.09765625,-0.5615234375,0.30517578125,-0.13427734375,-0.0732421875,0.9033203125,-0.09765625,-0.57373046875,0.25634765625,0.10986328125,-0.06103515625,-0.62255859375,0.0244140625,3.90625,0.08544921875,0.5615234375,0.1708984375,5.46875,0.1220703125,0.634765625,-0.13427734375,1.18408203125,0.30517578125,1.26953125,-0.3173828125,-0.1708984375,-0.45166015625,-0.62255859375,-0.0732421875,-0.37841796875,-0.439453125,0.64697265625,0.18310546875,1.220703125,-0.2197265625,0.439453125,-0.048828125,-0.20751953125,-0.1220703125,0.69580078125,0.2685546875,1.611328125,-0.01220703125,1.13525390625,0.6591796875,1.0498046875,0.3662109375,4.94384765625,-0.13427734375,0.1708984375,0.20751953125,1.06201171875,0.06103515625,0.23193359375,-0.13427734375,0.2685546875,-0.0732421875,0.20751953125,0.1953125,0.87890625,-0.1708984375,-0.06103515625,0.048828125,1.318359375,0.01220703125,-1.025390625,-0.15869140625,-0.37841796875,0.2197265625,-0.93994140625,0.29296875,-0.8056640625,0.18310546875,-1.25732421875,0.0732421875,-0.62255859375,0.30517578125,-0.01220703125,0.1953125,-0.86669921875,-0.1953125,-0.6591796875,0.15869140625,-0.7080078125,-0.23193359375,-0.64697265625,-0.18310546875,-0.06103515625,-0.048828125,-1.1474609375,-0.29296875,-1.9287109375,-0.35400390625,-1.5869140625,0.20751953125,0.0244140625,0.28076171875,0.35400390625,0.03662109375,-0.06103515625,-0.06103515625,0,0,0.20751953125,0,2.7099609375,0.0244140625,2.197265625,0.03662109375,0.98876953125,-0.01220703125,1.50146484375
0,-0.23193359375,-0.35400390625,0.03662109375,-0.341796875,0.08544921875,-0.390625,-0.146484375,-0.09765625,0.30517578125,-0.06103515625,0.3662109375,-0.89111328125,-0.09765625,1.08642578125,-0.146484375,-0.1708984375,-0.08544921875,-0.54931640625,0.23193359375,-0.13427734375,-0.1220703125,0.9033203125,-0.09765625,-0.5859375,0.2685546875,0.06103515625,-0.09765625,-0.64697265625,0.1220703125,3.7109375,0.09765625,0.52490234375,0.1220703125,5.09033203125,0.06103515625,0.52490234375,-0.1708984375,1.0986328125,0.244140625,1.171875,-0.3173828125,-0.13427734375,-0.42724609375,-0.64697265625,-0.0732421875,-0.3662109375,-0.47607421875,0.62255859375,0.25634765625,1.2451171875,-0.2197265625,0.4150390625,-0.1220703125,-0.20751953125,-0.1708984375,0.67138671875,0.20751953125,1.9287109375,0.0244140625,1.37939453125,0.6591796875,1.15966796875,0.341796875,6.28662109375,-0.08544921875,0.13427734375,0.2685546875,1.03759765625,0.06103515625,0.23193359375,-0.048828125,0.244140625,0,0.1953125,0.146484375,0.89111328125,-0.2197265625,-0.048828125,0.06103515625,1.30615234375,0,-1.01318359375,-0.09765625,-0.3662109375,0.2685546875,-0.96435546875,0.25634765625,-0.8056640625,0.06103515625,-1.2939453125,0,-0.57373046875,0.1953125,-0.0244140625,0.10986328125,-0.86669921875,-0.1953125,-0.634765625,0.1953125,-0.7080078125,-0.20751953125,-0.62255859375,-0.10986328125,-0.048828125,0.0244140625,-1.11083984375,-0.25634765625,-1.89208984375,-0.341796875,-1.46484375,0.1708984375,0.06103515625,0.3173828125,0.35400390625,0.03662109375,-0.03662109375,-0.048828125,0.01220703125,0.01220703125,0.1953125,-0.09765625,3.99169921875,0.048828125,2.72216796875,0.01220703125,1.57470703125,-0.0244140625,2.25830078125
0,-0.23193359375,-0.3662109375,-0.01220703125,-0.3662109375,0.10986328125,-0.37841796875,-0.1708984375,-0.1220703125,0.3173828125,-0.06103515625,0.3662109375,-0.9033203125,-0.09765625,1.08642578125,-0.1708984375,-0.1708984375,-0.10986328125,-0.54931640625,0.1708984375,-0.13427734375,-0.146484375,0.89111328125,-0.10986328125,-0.6103515625,0.23193359375,0.0244140625,-0.08544921875,-0.64697265625,0.18310546875,3.64990234375,0.0732421875,0.54931640625,0.08544921875,4.8095703125,0.048828125,0.42724609375,-0.20751953125,1.025390625,0.2197265625,1.11083984375,-0.390625,-0.10986328125,-0.35400390625,-0.72021484375,-0.0732421875,-0.35400390625,-0.47607421875,0.59814453125,0.3173828125,1.25732421875,-0.18310546875,0.40283203125,-0.1953125,-0.1953125,-0.1953125,0.64697265625,0.1953125,2.25830078125,0.01220703125,1.611328125,0.5615234375,1.28173828125,0.40283203125,7.53173828125,0,0.10986328125,0.3173828125,1.025390625,0.10986328125,0.23193359375,-0.03662109375,0.2197265625,0.048828125,0.15869140625,0.08544921875,0.84228515625,-0.2197265625,-0.03662109375,0.08544921875,1.2939453125,-0.03662109375,-1.0009765625,-0.06103515625,-0.37841796875,0.244140625,-0.96435546875,0.20751953125,-0.79345703125,0.03662109375,-1.28173828125,0,-0.48828125,0.13427734375,-0.01220703125,0.10986328125,-0.8544921875,-0.20751953125,-0.64697265625,0.1953125,-0.69580078125,-0.18310546875,-0.634765625,-0.048828125,-0.048828125,0.0732421875,-1.06201171875,-0.1953125,-1.84326171875,-0.341796875,-1.3427734375,0.146484375,0.0732421875,0.341796875,0.35400390625,0.06103515625,-0.03662109375,-0.06103515625,-0.01220703125,0.01220703125,0.15869140625,0,5.3955078125,0.048828125,3.271484375,0.03662109375,2.13623046875,0.03662109375,3.08837890625
0,-0.1953125,-0.390625,-0.0244140625,-0.390625,0.048828125,-0.40283203125,-0.1953125,-0.10986328125,0.28076171875,-0.06103515625,0.341796875,-0.9033203125,-0.0732421875,1.07421875,-0.1708984375,-0.15869140625,-0.1220703125,-0.537109375,0.146484375,-0.146484375,-0.2197265625,0.87890625,-0.08544921875,-0.59814453125,0.15869140625,0.03662109375,-0.09765625,-0.6103515625,0.2197265625,3.74755859375,0,0.5615234375,0.06103515625,4.60205078125,0.10986328125,0.37841796875,-0.20751953125,0.9765625,0.1708984375,1.03759765625,-0.48828125,-0.09765625,-0.23193359375,-0.7568359375,-0.1220703125,-0.3662109375,-0.48828125,0.57373046875,0.390625,1.23291015625,-0.18310546875,0.40283203125,-0.23193359375,-0.18310546875,-0.1953125,0.67138671875,0.244140625,2.5390625,-0.01220703125,1.79443359375,0.52490234375,1.4404296875,0.390625,8.544921875,0.06103515625,0.08544921875,0.35400390625,0.98876953125,0.146484375,0.2197265625,0.01220703125,0.1953125,0.08544921875,0.15869140625,-0.01220703125,0.830078125,-0.18310546875,-0.048828125,0.10986328125,1.28173828125,-0.06103515625,-1.01318359375,0.01220703125,-0.390625,0.20751953125,-0.98876953125,0.1953125,-0.8056640625,-0.08544921875,-1.26953125,-0.10986328125,-0.37841796875,-0.03662109375,0.0244140625,0.0244140625,-0.81787109375,-0.1953125,-0.64697265625,0.1220703125,-0.68359375,-0.13427734375,-0.62255859375,0.048828125,-0.048828125,0.08544921875,-1.0498046875,-0.10986328125,-1.81884765625,-0.30517578125,-1.25732421875,0.10986328125,0.08544921875,0.3662109375,0.341796875,0.08544921875,-0.0244140625,-0.048828125,-0.03662109375,-0.0244140625,0.13427734375,-0.01220703125,6.82373046875,0.06103515625,3.82080078125,0.048828125,2.69775390625,0.0244140625,3.94287109375
0,-0.18310546875,-0.4150390625,-0.06103515625,-0.390625,0.09765625,-0.390625,-0.1708984375,-0.13427734375,0.29296875,-0.08544921875,0.35400390625,-0.9033203125,-0.0732421875,1.06201171875,-0.1708984375,-0.146484375,-0.1953125,-0.537109375,0.13427734375,-0.1220703125,-0.25634765625,0.86669921875,-0.06103515625,-0.6103515625,0.06103515625,0.06103515625,-0.146484375,-0.5615234375,0.2197265625,3.9306640625,-0.09765625,0.6103515625,0.0244140625,4.443359375,0.15869140625,0.3173828125,-0.1953125,0.91552734375,0.1708984375,0.9765625,-0.54931640625,-0.09765625,-0.1953125,-0.8056640625,-0.1708984375,-0.390625,-0.52490234375,0.54931640625,0.47607421875,1.1962890625,-0.15869140625,0.390625,-0.20751953125,-0.1708984375,-0.1953125,0.69580078125,0.28076171875,2.74658203125,-0.048828125,1.8798828125,0.45166015625,1.55029296875,0.40283203125,9.24072265625,0.03662109375,0.1220703125,0.37841796875,0.9765625,0.20751953125,0.20751953125,0.01220703125,0.146484375,0.1220703125,0.1708984375,-0.048828125,0.8056640625,-0.08544921875,-0.048828125,0.08544921875,1.25732421875,-0.08544921875,-0.9765625,0.1220703125,-0.390625,0.10986328125,-0.98876953125,0.23193359375,-0.81787109375,-0.146484375,-1.25732421875,-0.20751953125,-0.25634765625,-0.13427734375,0.06103515625,0.06103515625,-0.78125,-0.1708984375,-0.64697265625,0.03662109375,-0.67138671875,-0.09765625,-0.59814453125,0.13427734375,-0.06103515625,0.09765625,-1.06201171875,0,-1.8310546875,-0.18310546875,-1.1962890625,0.0732421875,0.08544921875,0.30517578125,0.341796875,0.0732421875,-0.01220703125,-0.0732421875,-0.048828125,-0.06103515625,0.146484375,-0.10986328125,8.154296875,0.06103515625,4.3212890625,0.06103515625,3.173828125,-0.01220703125,4.736328125
0,-0.1708984375,-0.4150390625,-0.06103515625,-0.37841796875,0.0732421875,-0.390625,-0.15869140625,-0.1220703125,0.2685546875,-0.08544921875,0.341796875,-0.89111328125,-0.06103515625,1.0498046875,-0.15869140625,-0.13427734375,-0.244140625,-0.5615234375,0.15869140625,-0.146484375,-0.28076171875,0.87890625,-0.0244140625,-0.59814453125,-0.048828125,0.09765625,-0.2197265625,-0.52490234375,0.146484375,4.13818359375,-0.20751953125,0.634765625,0.048828125,4.28466796875,0.244140625,0.29296875,-0.20751953125,0.830078125,0.18310546875,0.9033203125,-0.57373046875,-0.1220703125,-0.0732421875,-0.8056640625,-0.23193359375,-0.4150390625,-0.6103515625,0.537109375,0.5126953125,1.171875,-0.20751953125,0.42724609375,-0.18310546875,-0.1708984375,-0.1953125,0.69580078125,0.29296875,2.89306640625,-0.0732421875,1.9287109375,0.4150390625,1.67236328125,0.35400390625,9.6435546875,0.0732421875,0.25634765625,0.390625,0.96435546875,0.244140625,0.20751953125,-0.03662109375,0.15869140625,0.146484375,0.1708984375,-0.10986328125,0.8056640625,-0.06103515625,-0.0244140625,0.06103515625,1.25732421875,-0.06103515625,-0.9765625,0.1708984375,-0.40283203125,0.01220703125,-1.01318359375,0.2685546875,-0.81787109375,-0.08544921875,-1.28173828125,-0.146484375,-0.1708984375,-0.20751953125,0.0732421875,0.10986328125,-0.76904296875,-0.1220703125,-0.64697265625,-0.0732421875,-0.67138671875,-0.0732421875,-0.5859375,0.23193359375,-0.06103515625,0.10986328125,-1.0986328125,0.09765625,-1.84326171875,-0.1708984375,-1.171875,0.03662109375,0.09765625,0.30517578125,0.35400390625,0.0732421875,-0.01220703125,-0.0732421875,-0.06103515625,-0.09765625,0.15869140625,-0.1708984375,9.228515625,0.0244140625,4.7119140625,0.06103515625,3.564453125,-0.01220703125,5.3955078125
0,-0.15869140625,-0.439453125,-0.0732421875,-0.40283203125,0.09765625,-0.390625,-0.15869140625,-0.09765625,0.2685546875,-0.09765625,0.35400390625,-0.91552734375,-0.06103515625,1.025390625,-0.15869140625,-0.13427734375,-0.28076171875,-0.57373046875,0.18310546875,-0.13427734375,-0.28076171875,0.87890625,-0.0244140625,-0.59814453125,-0.146484375,0.13427734375,-0.2685546875,-0.52490234375,0.08544921875,4.26025390625,-0.25634765625,0.6591796875,0.06103515625,4.0771484375,0.2197265625,0.25634765625,-0.23193359375,0.732421875,0.18310546875,0.78125,-0.57373046875,-0.146484375,0.03662109375,-0.8056640625,-0.29296875,-0.42724609375,-0.62255859375,0.54931640625,0.537109375,1.1474609375,-0.23193359375,0.45166015625,-0.09765625,-0.1708984375,-0.146484375,0.7080078125,0.28076171875,2.91748046875,-0.10986328125,1.89208984375,0.35400390625,1.7822265625,0.341796875,9.65576171875,0.01220703125,0.52490234375,0.37841796875,1.0009765625,0.23193359375,0.20751953125,-0.06103515625,0.18310546875,0.1953125,0.1953125,-0.15869140625,0.79345703125,-0.0244140625,0,0.06103515625,1.26953125,-0.03662109375,-0.96435546875,0.2197265625,-0.42724609375,-0.10986328125,-1.03759765625,0.30517578125,-0.81787109375,-0.15869140625,-1.33056640625,-0.18310546875,-0.146484375,-0.29296875,0.048828125,0.10986328125,-0.81787109375,-0.06103515625,-0.6591796875,-0.15869140625,-0.67138671875,-0.01220703125,-0.57373046875,0.25634765625,-0.0732421875,0.08544921875,-1.0986328125,0.20751953125,-1.86767578125,-0.13427734375,-1.23291015625,0,0.08544921875,0.30517578125,0.35400390625,0.0732421875,-0.01220703125,-0.06103515625,-0.0732421875,-0.09765625,0.1708984375,-0.2197265625,10.0341796875,0.0244140625,4.9560546875,0.03662109375,3.79638671875,-0.01220703125,5.82275390625
1,-0.13427734375,-0.439453125,-0.0732421875,-0.390625,0.09765625,-0.4150390625,-0.18310546875,-0.0732421875,0.25634765625,-0.09765625,0.3662109375,-0.9033203125,-0.048828125,1.025390625,-0.15869140625,-0.13427734375,-0.30517578125,-0.5859375,0.1708984375,-0.1220703125,-0.25634765625,0.87890625,-0.06103515625,-0.5859375,-0.20751953125,0.1220703125,-0.28076171875,-0.57373046875,-0.01220703125,4.28466796875,-0.25634765625,0.62255859375,0.20751953125,3.759765625,0.244140625,0.1708984375,-0.2197265625,0.634765625,0.18310546875,0.64697265625,-0.47607421875,-0.1708984375,0.048828125,-0.79345703125,-0.341796875,-0.42724609375,-0.6591796875,0.537109375,0.57373046875,1.123046875,-0.28076171875,0.45166015625,-0.048828125,-0.18310546875,-0.08544921875,0.7080078125,0.29296875,2.86865234375,-0.08544921875,1.8310546875,0.244140625,1.84326171875,0.2685546875,9.3505859375,-0.0244140625,0.93994140625,0.2685546875,1.03759765625,0.1953125,0.244140625,-0.146484375,0.20751953125,0.1708984375,0.244140625,-0.18310546875,0.7568359375,0,-0.01220703125,0.01220703125,1.26953125,0.0244140625,-0.9521484375,0.23193359375,-0.439453125,-0.2197265625,-1.07421875,0.3173828125,-0.830078125,-0.1220703125,-1.37939453125,-0.1708984375,-0.1708984375,-0.25634765625,-0.01220703125,0.1708984375,-0.87890625,0.01220703125,-0.6591796875,-0.23193359375,-0.6591796875,0.01220703125,-0.5615234375,0.2685546875,-0.08544921875,0.0732421875,-1.123046875,0.28076171875,-1.8798828125,-0.0732421875,-1.30615234375,-0.06103515625,0.06103515625,0.35400390625,0.341796875,0.048828125,-0.01220703125,-0.048828125,-0.06103515625,-0.09765625,0.1708984375,-0.23193359375,10.498046875,0.03662109375,5.029296875,0.03662109375,3.8818359375,-0.03662109375,6.01806640625
1,-0.1708984375,-0.439453125,-0.09765625,-0.37841796875,0.10986328125,-0.4150390625,-0.20751953125,-0.06103515625,0.2685546875,-0.08544921875,0.35400390625,-0.9033203125,-0.06103515625,1.03759765625,-0.15869140625,-0.13427734375,-0.28076171875,-0.57373046875,0.1953125,-0.13427734375,-0.18310546875,0.9033203125,-0.10986328125,-0.5859375,-0.23193359375,0.0732421875,-0.28076171875,-0.634765625,-0.10986328125,4.1015625,-0.244140625,0.5615234375,0.13427734375,3.2958984375,0.28076171875,0.08544921875,-0.18310546875,0.5126953125,0.1708984375,0.45166015625,-0.37841796875,-0.20751953125,0.0732421875,-0.7568359375,-0.4150390625,-0.439453125,-0.634765625,0.5615234375,0.59814453125,1.0986328125,-0.32958984375,0.45166015625,0.0244140625,-0.2197265625,0,0.68359375,0.29296875,2.74658203125,-0.146484375,1.6845703125,0.15869140625,1.81884765625,0.244140625,8.7646484375,0.03662109375,1.513671875,0.1953125,1.11083984375,0.13427734375,0.3173828125,-0.2197265625,0.30517578125,0.09765625,0.25634765625,-0.1708984375,0.72021484375,0.03662109375,-0.01220703125,0,1.28173828125,0.06103515625,-0.9765625,0.244140625,-0.439453125,-0.30517578125,-1.06201171875,0.341796875,-0.830078125,-0.15869140625,-1.4404296875,-0.146484375,-0.25634765625,-0.23193359375,-0.08544921875,0.13427734375,-0.96435546875,0.08544921875,-0.69580078125,-0.25634765625,-0.6591796875,0,-0.54931640625,0.25634765625,-0.08544921875,0.03662109375,-1.13525390625,0.244140625,-1.91650390625,-0.048828125,-1.37939453125,-0.10986328125,0.06103515625,0.3662109375,0.341796875,0.06103515625,0.01220703125,-0.048828125,-0.0732421875,-0.08544921875,0.18310546875,-0.244140625,10.58349609375,0.01220703125,4.9560546875,0.01220703125,3.79638671875,-0.01220703125,5.9814453125
1,-0.18310546875,-0.439453125,-0.09765625,-0.390625,0.15869140625,-0.40283203125,-0.1953125,-0.06103515625,0.28076171875,-0.08544921875,0.341796875,-0.89111328125,-0.08544921875,1.03759765625,-0.13427734375,-0.15869140625,-0.23193359375,-0.59814453125,0.1708984375,-0.13427734375,-0.13427734375,0.87890625,-0.1708984375,-0.59814453125,-0.2685546875,0,-0.23193359375,-0.732421875,-0.08544921875,3.7353515625,-0.20751953125,0.439453125,0.1220703125,2.69775390625,0.29296875,-0.06103515625,-0.1953125,0.3662109375,0.15869140625,0.25634765625,-0.244140625,-0.23193359375,0.13427734375,-0.72021484375,-0.4150390625,-0.4150390625,-0.5859375,0.59814453125,0.54931640625,1.123046875,-0.3173828125,0.4638671875,0.0732421875,-0.1953125,0.0732421875,0.7080078125,0.3173828125,2.52685546875,-0.18310546875,1.50146484375,0.08544921875,1.74560546875,0.146484375,7.92236328125,-0.048828125,2.24609375,0.10986328125,1.20849609375,0.06103515625,0.40283203125,-0.23193359375,0.42724609375,0.06103515625,0.2685546875,-0.2197265625,0.78125,0.0244140625,-0.01220703125,0.0244140625,1.2939453125,0.08544921875,-0.9521484375,0.23193359375,-0.4150390625,-0.35400390625,-1.0498046875,0.3662109375,-0.84228515625,-0.1953125,-1.4892578125,-0.15869140625,-0.341796875,-0.146484375,-0.18310546875,0.10986328125,-1.0498046875,0.09765625,-0.67138671875,-0.244140625,-0.6591796875,-0.01220703125,-0.57373046875,0.20751953125,-0.09765625,0,-1.1474609375,0.244140625,-1.91650390625,-0.0244140625,-1.47705078125,-0.146484375,0.048828125,0.40283203125,0.341796875,0.03662109375,0.01220703125,-0.048828125,-0.0732421875,-0.048828125,0.1953125,-0.244140625,10.2783203125,-0.01220703125,4.72412109375,0,3.57666015625,-0.01220703125,5.6884765625
1,-0.1953125,-0.40283203125,-0.09765625,-0.390625,0.23193359375,-0.40283203125,-0.1953125,-0.048828125,0.2685546875,-0.06103515625,0.35400390625,-0.9033203125,-0.0732421875,1.03759765625,-0.1708984375,-0.1708984375,-0.15869140625,-0.5859375,0.1220703125,-0.13427734375,-0.06103515625,0.89111328125,-0.1953125,-0.5615234375,-0.28076171875,-0.10986328125,-0.20751953125,-0.8544921875,-0.10986328125,3.173828125,-0.18310546875,0.3173828125,0.13427734375,1.98974609375,0.28076171875,-0.2197265625,-0.18310546875,0.20751953125,0.23193359375,0.048828125,-0.146484375,-0.244140625,0.1220703125,-0.67138671875,-0.35400390625,-0.4150390625,-0.67138671875,0.6103515625,0.439453125,1.15966796875,-0.25634765625,0.47607421875,0.15869140625,-0.1953125,0.10986328125,0.69580078125,0.35400390625,2.28271484375,-0.20751953125,1.318359375,0.03662109375,1.611328125,0.03662109375,6.94580078125,-0.048828125,3.13720703125,0,1.3427734375,-0.0244140625,0.5126953125,-0.30517578125,0.57373046875,0,0.2685546875,-0.244140625,0.7568359375,0.048828125,-0.03662109375,0.0732421875,1.318359375,0.146484375,-0.98876953125,0.2197265625,-0.40283203125,-0.28076171875,-1.025390625,0.390625,-0.8056640625,-0.2197265625,-1.513671875,-0.15869140625,-0.42724609375,-0.09765625,-0.23193359375,0.08544921875,-1.0986328125,0.06103515625,-0.69580078125,-0.23193359375,-0.67138671875,-0.06103515625,-0.59814453125,0.18310546875,-0.09765625,-0.08544921875,-1.1474609375,0.13427734375,-1.9287109375,-0.06103515625,-1.513671875,-0.1708984375,0.06103515625,0.4150390625,0.3662109375,0.01220703125,0.01220703125,-0.0732421875,-0.03662109375,-0.048828125,0.20751953125,-0.244140625,9.66796875,-0.03662109375,4.40673828125,-0.01220703125,3.271484375,-0.03662109375,5.2490234375
1,-0.1953125,-0.390625,-0.10986328125,-0.37841796875,0.23193359375,-0.40283203125,-0.18310546875,-0.06103515625,0.28076171875,-0.048828125,0.37841796875,-0.87890625,-0.0732421875,1.0498046875,-0.146484375,-0.18310546875,-0.10986328125,-0.5859375,0.1220703125,-0.146484375,-0.06103515625,0.91552734375,-0.244140625,-0.5615234375,-0.23193359375,-0.244140625,-0.15869140625,-1.0009765625,-0.01220703125,2.45361328125,-0.13427734375,0.146484375,0.08544921875,1.28173828125,0.1708984375,-0.4150390625,-0.23193359375,0.048828125,0.25634765625,-0.1708984375,-0.10986328125,-0.244140625,0.146484375,-0.6591796875,-0.1953125,-0.3662109375,-0.634765625,0.634765625,0.35400390625,1.220703125,-0.25634765625,0.45166015625,0.28076171875,-0.2197265625,0.20751953125,0.67138671875,0.341796875,2.01416015625,-0.2197265625,1.123046875,0,1.3916015625,-0.03662109375,5.87158203125,0.01220703125,4.1015625,-0.048828125,1.45263671875,-0.13427734375,0.68359375,-0.341796875,0.74462890625,-0.06103515625,0.25634765625,-0.2197265625,0.79345703125,0.0244140625,-0.01220703125,0.1220703125,1.3427734375,0.1953125,-0.98876953125,0.2197265625,-0.37841796875,-0.1953125,-1.01318359375,0.40283203125,-0.8056640625,-0.28076171875,-1.47705078125,-0.15869140625,-0.45166015625,-0.08544921875,-0.244140625,0.0732421875,-1.0986328125,0.0244140625,-0.68359375,-0.20751953125,-0.69580078125,-0.146484375,-0.59814453125,0.146484375,-0.09765625,-0.146484375,-1.1474609375,0,-1.904296875,-0.10986328125,-1.5380859375,-0.15869140625,0.06103515625,0.390625,0.3662109375,0.03662109375,0.0244140625,-0.0732421875,-0.0244140625,-0.06103515625,0.20751953125,-0.244140625,8.7646484375,-0.0244140625,4.0283203125,0,2.89306640625,-0.06103515625,4.65087890625
1,-0.1708984375,-0.37841796875,-0.13427734375,-0.3662109375,0.2685546875,-0.4150390625,-0.15869140625,-0.0732421875,0.2685546875,-0.048828125,0.390625,-0.9033203125,-0.048828125,1.06201171875,-0.1220703125,-0.15869140625,-0.09765625,-0.5615234375,0.1220703125,-0.146484375,-0.10986328125,0.89111328125,-0.244140625,-0.5615234375,-0.20751953125,-0.40283203125,-0.09765625,-1.13525390625,0.048828125,1.708984375,-0.13427734375,0,0.06103515625,0.5859375,0.03662109375,-0.5859375,-0.25634765625,-0.09765625,0.28076171875,-0.35400390625,-0.1220703125,-0.244140625,0.1220703125,-0.6591796875,-0.06103515625,-0.341796875,-0.62255859375,0.64697265625,0.244140625,1.26953125,-0.2685546875,0.45166015625,0.3662109375,-0.2197265625,0.30517578125,0.67138671875,0.30517578125,1.72119140625,-0.18310546875,0.93994140625,-0.03662109375,1.15966796875,-0.146484375,4.77294921875,0.03662109375,5.13916015625,-0.1220703125,1.59912109375,-0.244140625,0.8056640625,-0.35400390625,0.9033203125,-0.146484375,0.25634765625,-0.2197265625,0.8056640625,0.0244140625,-0.01220703125,0.2197265625,1.318359375,0.20751953125,-1.0009765625,0.1708984375,-0.37841796875,-0.09765625,-0.98876953125,0.37841796875,-0.81787109375,-0.30517578125,-1.416015625,-0.13427734375,-0.42724609375,-0.0732421875,-0.1953125,0.08544921875,-1.01318359375,-0.06103515625,-0.69580078125,-0.1708984375,-0.72021484375,-0.20751953125,-0.59814453125,0.1220703125,-0.06103515625,-0.15869140625,-1.0986328125,-0.1220703125,-1.86767578125,-0.13427734375,-1.513671875,-0.10986328125,0.09765625,0.35400390625,0.35400390625,0.0244140625,0.01220703125,-0.06103515625,-0.01220703125,-0.06103515625,0.20751953125,-0.2197265625,7.71484375,-0.048828125,3.60107421875,-0.01220703125,2.490234375,-0.08544921875,3.9794921875
1,-0.1708984375,-0.3662109375,-0.18310546875,-0.35400390625,0.2685546875,-0.42724609375,-0.15869140625,-0.0732421875,0.30517578125,-0.06103515625,0.37841796875,-0.9033203125,-0.0732421875,1.07421875,-0.13427734375,-0.15869140625,-0.048828125,-0.54931640625,0.1220703125,-0.13427734375,-0.13427734375,0.86669921875,-0.2197265625,-0.57373046875,-0.146484375,-0.537109375,-0.03662109375,-1.25732421875,0.1708984375,1.01318359375,-0.146484375,-0.1220703125,0.08544921875,0.03662109375,-0.10986328125,-0.72021484375,-0.244140625,-0.20751953125,0.23193359375,-0.48828125,-0.1953125,-0.244140625,0.06103515625,-0.6591796875,0.01220703125,-0.341796875,-0.5615234375,0.6591796875,0.20751953125,1.33056640625,-0.244140625,0.439453125,0.47607421875,-0.25634765625,0.390625,0.6591796875,0.28076171875,1.4404296875,-0.1953125,0.7568359375,-0.06103515625,0.9033203125,-0.25634765625,3.7353515625,-0.03662109375,6.103515625,-0.1708984375,1.72119140625,-0.25634765625,0.9521484375,-0.35400390625,1.0498046875,-0.20751953125,0.23193359375,-0.1953125,0.8056640625,0.01220703125,-0.01220703125,0.3173828125,1.318359375,0.1708984375,-1.03759765625,0.146484375,-0.37841796875,0.01220703125,-0.96435546875,0.3173828125,-0.8056640625,-0.32958984375,-1.2939453125,-0.1953125,-0.341796875,-0.09765625,-0.09765625,0.03662109375,-0.86669921875,-0.10986328125,-0.68359375,-0.15869140625,-0.732421875,-0.25634765625,-0.59814453125,0.0732421875,-0.06103515625,-0.1220703125,-1.03759765625,-0.29296875,-1.8310546875,-0.18310546875,-1.45263671875,-0.09765625,0.13427734375,0.32958984375,0.35400390625,0.0244140625,0.01220703125,-0.06103515625,-0.01220703125,-0.048828125,0.20751953125,-0.23193359375,6.57958984375,-0.048828125,3.16162109375,-0.01220703125,2.03857421875,-0.10986328125,3.2958984375
1,-0.18310546875,-0.35400390625,-0.20751953125,-0.341796875,0.244140625,-0.42724609375,-0.18310546875,-0.0732421875,0.30517578125,-0.048828125,0.390625,-0.89111328125,-0.06103515625,1.0986328125,-0.1220703125,-0.15869140625,-0.03662109375,-0.5615234375,0.10986328125,-0.146484375,-0.20751953125,0.89111328125,-0.146484375,-0.5859375,-0.0244140625,-0.634765625,0.01220703125,-1.33056640625,0.30517578125,0.5126953125,-0.10986328125,-0.1953125,0.06103515625,-0.23193359375,-0.25634765625,-0.81787109375,-0.244140625,-0.25634765625,0.146484375,-0.5126953125,-0.23193359375,-0.244140625,0.03662109375,-0.67138671875,0.03662109375,-0.3173828125,-0.54931640625,0.64697265625,0.1953125,1.3916015625,-0.1953125,0.40283203125,0.5126953125,-0.23193359375,0.4638671875,0.68359375,0.25634765625,1.18408203125,-0.1708984375,0.6103515625,-0.08544921875,0.68359375,-0.3173828125,2.81982421875,-0.06103515625,6.99462890625,-0.18310546875,1.84326171875,-0.3173828125,1.07421875,-0.32958984375,1.15966796875,-0.25634765625,0.20751953125,-0.23193359375,0.81787109375,0.0244140625,0.01220703125,0.37841796875,1.2939453125,0.13427734375,-1.0498046875,0.08544921875,-0.341796875,0.10986328125,-0.9765625,0.23193359375,-0.79345703125,-0.3662109375,-1.1474609375,-0.2197265625,-0.20751953125,-0.13427734375,0.0732421875,0.03662109375,-0.72021484375,-0.1220703125,-0.67138671875,-0.1220703125,-0.72021484375,-0.25634765625,-0.5859375,0.0244140625,-0.06103515625,-0.06103515625,-1.01318359375,-0.390625,-1.77001953125,-0.1708984375,-1.33056640625,-0.1708984375,0.1708984375,0.3173828125,0.341796875,0.01220703125,0.03662109375,-0.0732421875,0.01220703125,-0.0732421875,0.18310546875,-0.244140625,5.43212890625,-0.048828125,2.77099609375,0.01220703125,1.6357421875,-0.13427734375,2.6611328125
1,-0.1708984375,-0.3662109375,-0.23193359375,-0.35400390625,0.2685546875,-0.4150390625,-0.1953125,-0.08544921875,0.32958984375,-0.048828125,0.37841796875,-0.87890625,-0.0732421875,1.0986328125,-0.09765625,-0.146484375,-0.048828125,-0.5615234375,0.1220703125,-0.146484375,-0.23193359375,0.89111328125,-0.10986328125,-0.5859375,0.03662109375,-0.68359375,0.0244140625,-1.3427734375,0.32958984375,0.25634765625,-0.10986328125,-0.2197265625,0.10986328125,-0.2197265625,-0.37841796875,-0.79345703125,-0.1953125,-0.20751953125,0.03662109375,-0.48828125,-0.244140625,-0.23193359375,-0.06103515625,-0.69580078125,0.06103515625,-0.341796875,-0.54931640625,0.64697265625,0.15869140625,1.42822265625,-0.15869140625,0.4150390625,0.54931640625,-0.2197265625,0.5126953125,0.69580078125,0.28076171875,0.9765625,-0.1708984375,0.50048828125,-0.1220703125,0.50048828125,-0.37841796875,2.06298828125,-0.146484375,7.71484375,-0.20751953125,1.91650390625,-0.3173828125,1.15966796875,-0.29296875,1.220703125,-0.29296875,0.18310546875,-0.23193359375,0.8544921875,0.06103515625,0.0244140625,0.4150390625,1.28173828125,0.08544921875,-1.0498046875,0.06103515625,-0.35400390625,0.20751953125,-0.98876953125,0.18310546875,-0.81787109375,-0.390625,-1.025390625,-0.29296875,-0.08544921875,-0.15869140625,0.1953125,0.0244140625,-0.52490234375,-0.13427734375,-0.67138671875,-0.0732421875,-0.732421875,-0.23193359375,-0.59814453125,0,-0.06103515625,0.0244140625,-0.93994140625,-0.4638671875,-1.7333984375,-0.146484375,-1.2451171875,-0.13427734375,0.2197265625,0.30517578125,0.35400390625,0.0244140625,0.03662109375,-0.0732421875,0.01220703125,-0.0732421875,0.20751953125,-0.23193359375,4.345703125,-0.0732421875,2.4169921875,0.03662109375,1.2451171875,-0.13427734375,2.05078125
1,-0.1708984375,-0.37841796875,-0.2197265625,-0.37841796875,0.28076171875,-0.42724609375,-0.2197265625,-0.09765625,0.30517578125,-0.06103515625,0.37841796875,-0.9033203125,-0.0732421875,1.08642578125,-0.13427734375,-0.15869140625,-0.09765625,-0.5615234375,0.10986328125,-0.146484375,-0.20751953125,0.87890625,-0.09765625,-0.5859375,0.1220703125,-0.67138671875,0.01220703125,-1.318359375,0.45166015625,0.341796875,-0.01220703125,-0.18310546875,0.1953125,0.15869140625,-0.47607421875,-0.68359375,-0.146484375,-0.09765625,-0.048828125,-0.341796875,-0.244140625,-0.20751953125,-0.15869140625,-0.69580078125,0.09765625,-0.35400390625,-0.5126953125,0.62255859375,0.06103515625,1.46484375,-0.13427734375,0.4150390625,0.57373046875,-0.20751953125,0.5126953125,0.7080078125,0.30517578125,0.8056640625,-0.15869140625,0.40283203125,-0.146484375,0.341796875,-0.42724609375,1.46484375,-0.09765625,8.16650390625,-0.1953125,1.953125,-0.29296875,1.220703125,-0.2685546875,1.23291015625,-0.29296875,0.18310546875,-0.1953125,0.84228515625,0.13427734375,0.01220703125,0.42724609375,1.28173828125,0.06103515625,-1.06201171875,0.01220703125,-0.35400390625,0.244140625,-0.98876953125,0.15869140625,-0.81787109375,-0.4150390625,-0.93994140625,-0.23193359375,0.01220703125,-0.146484375,0.30517578125,0.0732421875,-0.4150390625,-0.1220703125,-0.6591796875,-0.0244140625,-0.72021484375,-0.20751953125,-0.5859375,-0.0244140625,-0.06103515625,0.0732421875,-0.9033203125,-0.5126953125,-1.6845703125,-0.13427734375,-1.15966796875,-0.13427734375,0.28076171875,0.32958984375,0.3662109375,0.0244140625,0.01220703125,-0.048828125,0.01220703125,-0.09765625,0.18310546875,-0.23193359375,3.38134765625,-0.09765625,2.099609375,0.048828125,0.9033203125,-0.1708984375,1.513671875
1,-0.15869140625,-0.37841796875,-0.2197265625,-0.390625,0.2685546875,-0.4150390625,-0.1953125,-0.10986328125,0.3173828125,-0.0732421875,0.37841796875,-0.89111328125,-0.08544921875,1.07421875,-0.13427734375,-0.15869140625,-0.1708984375,-0.5615234375,0.1220703125,-0.15869140625,-0.18310546875,0.89111328125,-0.08544921875,-0.5859375,0.18310546875,-0.5859375,-0.048828125,-1.20849609375,0.47607421875,0.76904296875,0.06103515625,-0.06103515625,0.25634765625,0.830078125,-0.50048828125,-0.47607421875,-0.08544921875,0.0732421875,-0.10986328125,-0.09765625,-0.2685546875,-0.20751953125,-0.20751953125,-0.72021484375,0.13427734375,-0.390625,-0.48828125,0.6103515625,0.06103515625,1.4892578125,-0.15869140625,0.4150390625,0.5615234375,-0.20751953125,0.52490234375,0.72021484375,0.2685546875,0.64697265625,-0.18310546875,0.32958984375,-0.03662109375,0.28076171875,-0.50048828125,1.0009765625,-0.10986328125,8.36181640625,-0.18310546875,1.9287109375,-0.244140625,1.23291015625,-0.25634765625,1.220703125,-0.28076171875,0.18310546875,-0.15869140625,0.8544921875,0.18310546875,0.01220703125,0.390625,1.26953125,0.03662109375,-1.0498046875,-0.0244140625,-0.37841796875,0.2685546875,-1.0009765625,0.20751953125,-0.830078125,-0.439453125,-0.9033203125,-0.18310546875,0.048828125,-0.13427734375,0.341796875,0.0732421875,-0.35400390625,-0.10986328125,-0.634765625,0.01220703125,-0.68359375,-0.146484375,-0.59814453125,-0.03662109375,-0.06103515625,0.08544921875,-0.84228515625,-0.47607421875,-1.64794921875,-0.13427734375,-1.11083984375,-0.146484375,0.30517578125,0.341796875,0.341796875,0.0244140625,0.01220703125,-0.048828125,0.048828125,-0.0732421875,0.1708984375,-0.2685546875,2.52685546875,-0.1708984375,1.81884765625,0.01220703125,0.5859375,-0.20751953125,1.06201171875
1,-0.15869140625,-0.40283203125,-0.20751953125,-0.40283203125,0.28076171875,-0.40283203125,-0.20751953125,-0.1220703125,0.30517578125,-0.0732421875,0.35400390625,-0.89111328125,-0.08544921875,1.06201171875,-0.13427734375,-0.146484375,-0.20751953125,-0.54931640625,0.0732421875,-0.13427734375,-0.10986328125,0.9033203125,-0.1220703125,-0.59814453125,0.18310546875,-0.390625,-0.146484375,-1.08642578125,0.32958984375,1.4892578125,0.0732421875,0.1220703125,0.1708984375,1.81884765625,-0.52490234375,-0.18310546875,-0.06103515625,0.32958984375,-0.15869140625,0.20751953125,-0.28076171875,-0.1953125,-0.2685546875,-0.74462890625,0.10986328125,-0.40283203125,-0.52490234375,0.5859375,0.09765625,1.52587890625,-0.2197265625,0.4150390625,0.5126953125,-0.20751953125,0.48828125,0.732421875,0.244140625,0.52490234375,-0.1953125,0.30517578125,0.0244140625,0.2685546875,-0.57373046875,0.69580078125,-0.2197265625,8.26416015625,-0.13427734375,1.91650390625,-0.15869140625,1.18408203125,-0.25634765625,1.171875,-0.25634765625,0.18310546875,-0.09765625,0.8056640625,0.2197265625,0,0.30517578125,1.28173828125,0.06103515625,-1.07421875,-0.06103515625,-0.37841796875,0.30517578125,-1.01318359375,0.25634765625,-0.830078125,-0.439453125,-0.93994140625,-0.2197265625,0.01220703125,-0.0732421875,0.29296875,0.06103515625,-0.4150390625,-0.1220703125,-0.62255859375,0.048828125,-0.67138671875,-0.048828125,-0.5615234375,-0.03662109375,-0.0732421875,0.10986328125,-0.8544921875,-0.42724609375,-1.59912109375,-0.09765625,-1.0986328125,-0.1708984375,0.341796875,0.3662109375,0.341796875,0.01220703125,0,-0.0732421875,0.03662109375,-0.048828125,0.1708984375,-0.2685546875,1.7822265625,-0.1708984375,1.57470703125,0.03662109375,0.2685546875,-0.1953125,0.634765625
1,-0.18310546875,-0.4150390625,-0.23193359375,-0.40283203125,0.25634765625,-0.42724609375,-0.244140625,-0.1220703125,0.30517578125,-0.06103515625,0.3662109375,-0.9033203125,-0.0732421875,1.06201171875,-0.15869140625,-0.146484375,-0.2197265625,-0.59814453125,0.048828125,-0.15869140625,0.01220703125,0.91552734375,-0.1708984375,-0.5859375,0.1953125,-0.1953125,-0.1953125,-0.87890625,0.25634765625,2.4169921875,0.13427734375,0.35400390625,0.23193359375,2.99072265625,-0.48828125,0.1708984375,-0.03662109375,0.62255859375,-0.20751953125,0.57373046875,-0.3173828125,-0.20751953125,-0.29296875,-0.732421875,0.08544921875,-0.390625,-0.5615234375,0.59814453125,0.1708984375,1.57470703125,-0.2685546875,0.42724609375,0.48828125,-0.1953125,0.4638671875,0.732421875,0.244140625,0.45166015625,-0.1708984375,0.25634765625,0.06103515625,0.2685546875,-0.5859375,0.50048828125,-0.341796875,7.92236328125,-0.10986328125,1.85546875,-0.10986328125,1.123046875,-0.2685546875,1.07421875,-0.2197265625,0.1953125,-0.03662109375,0.81787109375,0.244140625,0,0.23193359375,1.26953125,0.10986328125,-1.0498046875,-0.09765625,-0.4150390625,0.29296875,-1.03759765625,0.30517578125,-0.84228515625,-0.4638671875,-1.08642578125,-0.048828125,-0.1220703125,0.01220703125,0.15869140625,0.10986328125,-0.57373046875,-0.1220703125,-0.634765625,0.06103515625,-0.64697265625,0.0244140625,-0.5859375,-0.03662109375,-0.09765625,0.10986328125,-0.830078125,-0.3173828125,-1.59912109375,-0.0732421875,-1.11083984375,-0.1953125,0.37841796875,0.35400390625,0.35400390625,0.01220703125,0.01220703125,-0.06103515625,0.048828125,-0.0244140625,0.1708984375,-0.20751953125,1.123046875,-0.1220703125,1.2939453125,0.03662109375,-0.01220703125,-0.1708984375,0.244140625
1,-0.15869140625,-0.40283203125,-0.244140625,-0.390625,0.28076171875,-0.439453125,-0.2685546875,-0.09765625,0.2685546875,-0.06103515625,0.341796875,-0.91552734375,-0.08544921875,1.03759765625,-0.15869140625,-0.15869140625,-0.2197265625,-0.57373046875,0,-0.1708984375,0.09765625,0.91552734375,-0.2197265625,-0.5859375,0.15869140625,0.0244140625,-0.2685546875,-0.6591796875,0.1708984375,3.50341796875,0.146484375,0.6103515625,0.29296875,4.26025390625,-0.35400390625,0.5615234375,-0.0244140625,0.91552734375,-0.23193359375,0.9765625,-0.3662109375,-0.1953125,-0.29296875,-0.74462890625,0.08544921875,-0.4150390625,-0.6103515625,0.57373046875,0.25634765625,1.611328125,-0.28076171875,0.439453125,0.37841796875,-0.20751953125,0.45166015625,0.74462890625,0.2685546875,0.40283203125,-0.1708984375,0.25634765625,0.10986328125,0.30517578125,-0.64697265625,0.32958984375,-0.4150390625,7.33642578125,-0.13427734375,1.81884765625,-0.08544921875,1.0498046875,-0.2685546875,0.96435546875,-0.30517578125,0.1953125,0.01220703125,0.8056640625,0.18310546875,-0.01220703125,0.15869140625,1.26953125,0.1220703125,-1.0498046875,-0.09765625,-0.40283203125,0.32958984375,-1.03759765625,0.3173828125,-0.8544921875,-0.5126953125,-1.30615234375,0.08544921875,-0.29296875,0.10986328125,-0.048828125,0.0732421875,-0.81787109375,-0.0732421875,-0.64697265625,0.048828125,-0.6591796875,0.08544921875,-0.57373046875,-0.01220703125,-0.09765625,0.0732421875,-0.84228515625,-0.1953125,-1.57470703125,-0.0244140625,-1.171875,-0.23193359375,0.3662109375,0.37841796875,0.35400390625,-0.01220703125,0.01220703125,-0.0732421875,0.03662109375,0.03662109375,0.18310546875,-0.1953125,0.50048828125,-0.09765625,1.025390625,0.03662109375,-0.25634765625,-0.146484375,-0.146484375
0,-0.146484375,-0.390625,-0.23193359375,-0.390625,0.2685546875,-0.4150390625,-0.2685546875,-0.09765625,0.28076171875,-0.06103515625,0.30517578125,-0.9033203125,-0.09765625,1.025390625,-0.146484375,-0.15869140625,-0.20751953125,-0.5859375,-0.048828125,-0.1708984375,0.18310546875,0.9033203125,-0.244140625,-0.5859375,0.0732421875,0.29296875,-0.28076171875,-0.42724609375,0.1708984375,4.57763671875,0.146484375,0.8544921875,0.146484375,5.46875,-0.244140625,0.87890625,-0.0732421875,1.23291015625,-0.25634765625,1.3427734375,-0.40283203125,-0.2197265625,-0.341796875,-0.72021484375,0.0732421875,-0.40283203125,-0.6103515625,0.6103515625,0.28076171875,1.66015625,-0.25634765625,0.42724609375,0.25634765625,-0.2197265625,0.4150390625,0.732421875,0.29296875,0.390625,-0.20751953125,0.2685546875,0.01220703125,0.341796875,-0.6591796875,0.2197265625,-0.45166015625,6.640625,-0.15869140625,1.74560546875,-0.06103515625,0.98876953125,-0.2197265625,0.9033203125,-0.32958984375,0.2197265625,0.03662109375,0.78125,0.146484375,0,0.08544921875,1.2939453125,0.146484375,-1.025390625,-0.06103515625,-0.42724609375,0.35400390625,-1.0498046875,0.28076171875,-0.830078125,-0.54931640625,-1.47705078125,0.146484375,-0.47607421875,0.1953125,-0.2685546875,0.0244140625,-1.03759765625,-0.0244140625,-0.6591796875,0.01220703125,-0.6591796875,0.09765625,-0.5859375,0.01220703125,-0.10986328125,0.06103515625,-0.86669921875,-0.09765625,-1.62353515625,-0.0244140625,-1.25732421875,-0.29296875,0.341796875,0.390625,0.35400390625,-0.01220703125,0.0244140625,-0.08544921875,0.03662109375,0.08544921875,0.1708984375,-0.18310546875,-0.01220703125,-0.0244140625,0.78125,0.048828125,-0.537109375,-0.10986328125,-0.50048828125
0,-0.10986328125,-0.390625,-0.25634765625,-0.37841796875,0.30517578125,-0.40283203125,-0.244140625,-0.08544921875,0.244140625,-0.06103515625,0.29296875,-0.9033203125,-0.09765625,1.0498046875,-0.15869140625,-0.146484375,-0.23193359375,-0.5859375,-0.06103515625,-0.1708984375,0.2197265625,0.91552734375,-0.23193359375,-0.59814453125,-0.0244140625,0.52490234375,-0.25634765625,-0.244140625,0.048828125,5.57861328125,0.10986328125,1.07421875,0.18310546875,6.54296875,-0.10986328125,1.18408203125,-0.1220703125,1.4892578125,-0.15869140625,1.6845703125,-0.40283203125,-0.20751953125,-0.3662109375,-0.7080078125,0.0732421875,-0.390625,-0.5859375,0.6103515625,0.244140625,1.6845703125,-0.1953125,0.4150390625,0.10986328125,-0.23193359375,0.3662109375,0.72021484375,0.29296875,0.341796875,-0.28076171875,0.28076171875,0.048828125,0.341796875,-0.62255859375,0.09765625,-0.439453125,5.9326171875,-0.13427734375,1.6845703125,-0.06103515625,0.91552734375,-0.146484375,0.81787109375,-0.3662109375,0.244140625,0.06103515625,0.79345703125,0.1220703125,-0.01220703125,0.03662109375,1.30615234375,0.13427734375,-1.0009765625,-0.048828125,-0.40283203125,0.35400390625,-1.0498046875,0.20751953125,-0.81787109375,-0.57373046875,-1.62353515625,0.244140625,-0.6103515625,0.28076171875,-0.439453125,0.0244140625,-1.23291015625,0.06103515625,-0.6591796875,-0.048828125,-0.67138671875,0.06103515625,-0.57373046875,0.03662109375,-0.1220703125,0.01220703125,-0.9033203125,0,-1.6357421875,-0.08544921875,-1.3427734375,-0.29296875,0.30517578125,0.35400390625,0.341796875,-0.0244140625,0.01220703125,-0.06103515625,0.0244140625,0.08544921875,0.15869140625,-0.18310546875,-0.50048828125,-0.0244140625,0.52490234375,0.0244140625,-0.72021484375,-0.0732421875,-0.830078125
0,-0.08544921875,-0.37841796875,-0.244140625,-0.3662109375,0.3173828125,-0.40283203125,-0.23193359375,-0.0732421875,0.20751953125,-0.03662109375,0.28076171875,-0.87890625,-0.10986328125,1.06201171875,-0.146484375,-0.15869140625,-0.23193359375,-0.59814453125,-0.0244140625,-0.15869140625,0.20751953125,0.9033203125,-0.18310546875,-0.57373046875,-0.1220703125,0.7080078125,-0.25634765625,-0.0732421875,0.0244140625,6.3720703125,0.0732421875,1.2451171875,0.0732421875,7.421875,-0.06103515625,1.40380859375,-0.15869140625,1.72119140625,-0.0732421875,1.953125,-0.341796875,-0.20751953125,-0.35400390625,-0.67138671875,0.03662109375,-0.40283203125,-0.634765625,0.64697265625,0.244140625,1.708984375,-0.10986328125,0.4150390625,0.03662109375,-0.244140625,0.2685546875,0.7080078125,0.28076171875,0.35400390625,-0.2685546875,0.30517578125,0.0244140625,0.3662109375,-0.48828125,-0.048828125,-0.3173828125,5.2978515625,-0.06103515625,1.62353515625,-0.0732421875,0.86669921875,-0.0732421875,0.76904296875,-0.37841796875,0.23193359375,0.06103515625,0.8056640625,0.0732421875,-0.03662109375,0.01220703125,1.318359375,0.1220703125,-0.9765625,0.03662109375,-0.390625,0.30517578125,-1.01318359375,0.08544921875,-0.8056640625,-0.57373046875,-1.708984375,0.2685546875,-0.62255859375,0.25634765625,-0.52490234375,0,-1.33056640625,0.09765625,-0.67138671875,-0.0732421875,-0.67138671875,0.01220703125,-0.5859375,0.06103515625,-0.1220703125,-0.0244140625,-0.93994140625,0.048828125,-1.66015625,-0.15869140625,-1.3916015625,-0.244140625,0.2685546875,0.341796875,0.341796875,-0.0244140625,0.01220703125,-0.08544921875,0.0244140625,0.06103515625,0.146484375,-0.1708984375,-0.91552734375,0.01220703125,0.341796875,0.0244140625,-0.86669921875,-0.048828125,-1.07421875
0,-0.08544921875,-0.35400390625,-0.2685546875,-0.35400390625,0.28076171875,-0.42724609375,-0.2197265625,-0.08544921875,0.1953125,-0.0732421875,0.25634765625,-0.91552734375,-0.09765625,1.06201171875,-0.146484375,-0.15869140625,-0.2197265625,-0.57373046875,0.01220703125,-0.18310546875,0.1953125,0.87890625,-0.10986328125,-0.57373046875,-0.1953125,0.830078125,-0.25634765625,0.06103515625,0.03662109375,6.92138671875,0.03662109375,1.35498046875,-0.0244140625,7.99560546875,-0.048828125,1.52587890625,-0.1708984375,1.904296875,-0.01220703125,2.1240234375,-0.2685546875,-0.20751953125,-0.390625,-0.67138671875,-0.0244140625,-0.40283203125,-0.5615234375,0.6591796875,0.244140625,1.6845703125,-0.10986328125,0.40283203125,-0.0244140625,-0.2197265625,0.13427734375,0.7080078125,0.25634765625,0.35400390625,-0.25634765625,0.32958984375,0,0.32958984375,-0.341796875,-0.20751953125,-0.32958984375,4.8095703125,-0.0244140625,1.57470703125,-0.08544921875,0.8056640625,-0.03662109375,0.732421875,-0.3173828125,0.2197265625,0.13427734375,0.79345703125,0.01220703125,-0.03662109375,-0.048828125,1.2939453125,0.10986328125,-0.9765625,0.06103515625,-0.390625,0.25634765625,-1.01318359375,0.01220703125,-0.78125,-0.5859375,-1.6357421875,0.29296875,-0.47607421875,0.23193359375,-0.4638671875,0.0732421875,-1.26953125,0.1220703125,-0.67138671875,-0.0732421875,-0.69580078125,-0.0732421875,-0.5859375,0.09765625,-0.10986328125,-0.048828125,-0.96435546875,0.08544921875,-1.708984375,-0.244140625,-1.4404296875,-0.18310546875,0.20751953125,0.30517578125,0.341796875,-0.0244140625,0.01220703125,-0.06103515625,0.0244140625,0.048828125,0.13427734375,-0.18310546875,-1.18408203125,0.048828125,0.2685546875,0.0244140625,-0.96435546875,-0.048828125,-1.2451171875
0,-0.0732421875,-0.341796875,-0.29296875,-0.37841796875,0.28076171875,-0.4150390625,-0.18310546875,-0.08544921875,0.18310546875,-0.06103515625,0.244140625,-0.87890625,-0.08544921875,1.08642578125,-0.146484375,-0.15869140625,-0.2197265625,-0.5615234375,0.0732421875,-0.1708984375,0.1708984375,0.86669921875,-0.03662109375,-0.54931640625,-0.23193359375,0.89111328125,-0.25634765625,0.146484375,0.08544921875,7.18994140625,-0.03662109375,1.40380859375,-0.0244140625,8.23974609375,-0.01220703125,1.5625,-0.15869140625,1.9775390625,0.03662109375,2.197265625,-0.1953125,-0.23193359375,-0.37841796875,-0.6591796875,-0.06103515625,-0.40283203125,-0.57373046875,0.6591796875,0.25634765625,1.62353515625,-0.06103515625,0.42724609375,-0.06103515625,-0.1953125,0.03662109375,0.7080078125,0.1708984375,0.35400390625,-0.20751953125,0.341796875,0.0732421875,0.28076171875,-0.20751953125,-0.3662109375,-0.29296875,4.50439453125,0,1.5625,-0.1220703125,0.76904296875,0.0244140625,0.7568359375,-0.29296875,0.20751953125,0.13427734375,0.78125,-0.048828125,-0.048828125,-0.06103515625,1.33056640625,0.06103515625,-0.96435546875,0.0732421875,-0.37841796875,0.1953125,-1.01318359375,-0.048828125,-0.79345703125,-0.54931640625,-1.42822265625,0.18310546875,-0.10986328125,0.1953125,-0.2197265625,0.09765625,-0.9765625,0.08544921875,-0.6591796875,-0.06103515625,-0.69580078125,-0.1708984375,-0.6103515625,0.09765625,-0.10986328125,-0.08544921875,-0.9521484375,0.06103515625,-1.7333984375,-0.244140625,-1.46484375,-0.10986328125,0.18310546875,0.28076171875,0.3662109375,-0.0244140625,0,-0.0732421875,0.0244140625,0.03662109375,0.15869140625,-0.15869140625,-1.30615234375,0.09765625,0.244140625,0.01220703125,-0.9765625,-0.06103515625,-1.2939453125
0,-0.0732421875,-0.35400390625,-0.29296875,-0.3662109375,0.30517578125,-0.439453125,-0.1708984375,-0.08544921875,0.18310546875,-0.06103515625,0.20751953125,-0.89111328125,-0.0732421875,1.0986328125,-0.13427734375,-0.146484375,-0.2197265625,-0.54931640625,0.13427734375,-0.1708984375,0.10986328125,0.87890625,0.03662109375,-0.57373046875,-0.20751953125,0.87890625,-0.23193359375,0.1220703125,0.1220703125,7.177734375,-0.09765625,1.37939453125,-0.03662109375,8.154296875,-0.0244140625,1.4892578125,-0.146484375,1.953125,0.01220703125,2.18505859375,-0.1708984375,-0.23193359375,-0.439453125,-0.68359375,-0.048828125,-0.40283203125,-0.52490234375,0.64697265625,0.244140625,1.5625,-0.08544921875,0.4150390625,-0.1220703125,-0.18310546875,-0.03662109375,0.7080078125,0.048828125,0.35400390625,-0.1708984375,0.341796875,0.06103515625,0.25634765625,-0.06103515625,-0.50048828125,-0.37841796875,4.39453125,0.048828125,1.57470703125,-0.13427734375,0.74462890625,0.08544921875,0.78125,-0.2197265625,0.18310546875,0.1220703125,0.8056640625,-0.09765625,-0.03662109375,-0.0244140625,1.28173828125,0.01220703125,-0.9521484375,0.09765625,-0.37841796875,0.09765625,-1.01318359375,-0.06103515625,-0.79345703125,-0.52490234375,-1.06201171875,0.146484375,0.47607421875,0.20751953125,0.18310546875,0.1708984375,-0.537109375,0.01220703125,-0.67138671875,-0.0244140625,-0.68359375,-0.25634765625,-0.59814453125,0.0732421875,-0.09765625,-0.0732421875,-0.9765625,-0.03662109375,-1.7333984375,-0.32958984375,-1.4404296875,-0.08544921875,0.15869140625,0.2685546875,0.341796875,-0.03662109375,0.01220703125,-0.06103515625,0.0244140625,0.0244140625,0.1708984375,-0.09765625,-1.28173828125,0.08544921875,0.30517578125,0,-0.91552734375,-0.0732421875,-1.220703125
0,-0.08544921875,-0.37841796875,-0.30517578125,-0.3662109375,0.30517578125,-0.439453125,-0.15869140625,-0.08544921875,0.18310546875,-0.0732421875,0.1953125,-0.87890625,-0.048828125,1.08642578125,-0.13427734375,-0.1220703125,-0.1953125,-0.5615234375,0.20751953125,-0.15869140625,0.09765625,0.87890625,0.09765625,-0.5615234375,-0.15869140625,0.830078125,-0.20751953125,0.0732421875,0.1220703125,6.9091796875,-0.08544921875,1.28173828125,-0.0244140625,7.82470703125,-0.0244140625,1.318359375,-0.13427734375,1.85546875,0.06103515625,2.05078125,-0.10986328125,-0.23193359375,-0.50048828125,-0.7080078125,-0.0732421875,-0.40283203125,-0.439453125,0.62255859375,0.2685546875,1.4892578125,-0.08544921875,0.45166015625,-0.15869140625,-0.15869140625,-0.0732421875,0.732421875,-0.03662109375,0.3662109375,-0.15869140625,0.341796875,-0.01220703125,0.20751953125,0,-0.5859375,-0.42724609375,4.443359375,0.08544921875,1.5625,-0.146484375,0.732421875,0.1220703125,0.81787109375,-0.146484375,0.146484375,0.0732421875,0.79345703125,-0.15869140625,-0.03662109375,-0.01220703125,1.2939453125,-0.01220703125,-0.9521484375,0.0732421875,-0.35400390625,-0.01220703125,-1.01318359375,-0.03662109375,-0.78125,-0.48828125,-0.6103515625,0,1.26953125,0.1953125,0.732421875,0.20751953125,0.0732421875,-0.08544921875,-0.68359375,0.01220703125,-0.69580078125,-0.35400390625,-0.5859375,0.08544921875,-0.0732421875,-0.03662109375,-0.96435546875,-0.10986328125,-1.7578125,-0.341796875,-1.4404296875,-0.06103515625,0.15869140625,0.25634765625,0.341796875,-0.048828125,-0.01220703125,-0.06103515625,0.0244140625,0.01220703125,0.1708984375,-0.13427734375,-1.0986328125,0.06103515625,0.45166015625,-0.0244140625,-0.78125,-0.06103515625,-1.06201171875
0,-0.08544921875,-0.390625,-0.30517578125,-0.3662109375,0.3173828125,-0.45166015625,-0.1220703125,-0.06103515625,0.1708984375,-0.0732421875,0.1708984375,-0.87890625,-0.0244140625,1.08642578125,-0.15869140625,-0.10986328125,-0.1708984375,-0.5615234375,0.244140625,-0.146484375,0.08544921875,0.89111328125,0.10986328125,-0.5859375,-0.0732421875,0.69580078125,-0.18310546875,-0.0244140625,0.08544921875,6.4453125,-0.03662109375,1.171875,0,7.275390625,-0.048828125,1.123046875,-0.0732421875,1.6845703125,0.0244140625,1.84326171875,-0.0732421875,-0.20751953125,-0.5615234375,-0.732421875,-0.03662109375,-0.40283203125,-0.42724609375,0.5859375,0.28076171875,1.4404296875,-0.06103515625,0.439453125,-0.23193359375,-0.1708984375,-0.09765625,0.74462890625,-0.0732421875,0.390625,-0.15869140625,0.3173828125,0.048828125,0.1953125,0,-0.5859375,-0.439453125,4.55322265625,0.1220703125,1.55029296875,-0.10986328125,0.74462890625,0.13427734375,0.81787109375,-0.146484375,0.146484375,0.0244140625,0.78125,-0.15869140625,-0.0244140625,0.01220703125,1.25732421875,0,-0.96435546875,0.0244140625,-0.3662109375,-0.10986328125,-1.0009765625,-0.048828125,-0.79345703125,-0.54931640625,-0.0244140625,0,2.23388671875,0.1953125,1.33056640625,0.1953125,0.76904296875,-0.146484375,-0.67138671875,0.1220703125,-0.6591796875,-0.4150390625,-0.59814453125,0.0732421875,-0.08544921875,-0.0732421875,-0.96435546875,-0.1953125,-1.77001953125,-0.341796875,-1.3916015625,-0.06103515625,0.15869140625,0.20751953125,0.341796875,-0.0732421875,-0.01220703125,-0.0732421875,-0.0244140625,0,0.18310546875,-0.10986328125,-0.732421875,0.09765625,0.67138671875,0.01220703125,-0.62255859375,-0.03662109375,-0.81787109375
0,-0.09765625,-0.390625,-0.29296875,-0.3662109375,0.30517578125,-0.439453125,-0.13427734375,-0.09765625,0.13427734375,-0.06103515625,0.13427734375,-0.87890625,-0.01220703125,1.08642578125,-0.146484375,-0.10986328125,-0.13427734375,-0.54931640625,0.244140625,-0.15869140625,0.048828125,0.91552734375,0.0244140625,-0.57373046875,0,0.54931640625,-0.1708984375,-0.1708984375,0.03662109375,5.810546875,0.08544921875,1.0009765625,-0.01220703125,6.5673828125,-0.09765625,0.9033203125,-0.06103515625,1.50146484375,-0.08544921875,1.611328125,-0.06103515625,-0.2197265625,-0.54931640625,-0.732421875,-0.0244140625,-0.40283203125,-0.32958984375,0.5615234375,0.341796875,1.3916015625,-0.048828125,0.45166015625,-0.25634765625,-0.13427734375,-0.13427734375,0.7080078125,-0.09765625,0.4150390625,-0.08544921875,0.3173828125,0,0.1953125,0.01220703125,-0.537109375,-0.439453125,4.6142578125,0.10986328125,1.52587890625,-0.048828125,0.732421875,0.13427734375,0.8056640625,-0.13427734375,0.15869140625,-0.0732421875,0.8056640625,-0.10986328125,-0.0244140625,0,1.2451171875,0.06103515625,-1.0009765625,0.03662109375,-0.3662109375,-0.1708984375,-1.01318359375,-0.048828125,-0.8056640625,-0.48828125,0.537109375,0.08544921875,3.3447265625,0.23193359375,2.01416015625,0.18310546875,1.55029296875,-0.1708984375,-0.67138671875,0.2197265625,-0.6591796875,-0.439453125,-0.59814453125,0.06103515625,-0.06103515625,-0.03662109375,-0.96435546875,-0.3173828125,-1.79443359375,-0.32958984375,-1.3671875,-0.0732421875,0.1708984375,0.1708984375,0.3173828125,-0.08544921875,-0.01220703125,-0.048828125,0,0.03662109375,0.20751953125,-0.18310546875,-0.32958984375,0.0244140625,0.87890625,-0.0732421875,-0.42724609375,-0.10986328125,-0.5126953125
0,-0.09765625,-0.4150390625,-0.30517578125,-0.37841796875,0.3173828125,-0.42724609375,-0.1220703125,-0.08544921875,0.1220703125,-0.0732421875,0.10986328125,-0.86669921875,0,1.06201171875,-0.1708984375,-0.10986328125,-0.13427734375,-0.54931640625,0.25634765625,-0.1708984375,0.048828125,0.93994140625,-0.06103515625,-0.59814453125,0.048828125,0.390625,-0.13427734375,-0.3173828125,0.01220703125,5.09033203125,0.20751953125,0.8544921875,-0.048828125,5.859375,-0.146484375,0.64697265625,-0.06103515625,1.28173828125,-0.1220703125,1.3671875,-0.0732421875,-0.1953125,-0.5126953125,-0.732421875,0.01220703125,-0.40283203125,-0.29296875,0.537109375,0.439453125,1.3671875,-0.08544921875,0.42724609375,-0.29296875,-0.1708984375,-0.18310546875,0.74462890625,-0.15869140625,0.45166015625,-0.15869140625,0.32958984375,0.08544921875,0.20751953125,0,-0.4150390625,-0.29296875,4.50439453125,0.15869140625,1.4892578125,0.0244140625,0.72021484375,0.146484375,0.76904296875,-0.1220703125,0.146484375,-0.1220703125,0.830078125,-0.048828125,-0.01220703125,-0.048828125,1.2451171875,0.10986328125,-1.01318359375,0.01220703125,-0.35400390625,-0.23193359375,-1.025390625,0,-0.8056640625,-0.52490234375,1.123046875,0.09765625,4.45556640625,0.244140625,2.69775390625,0.15869140625,2.30712890625,-0.18310546875,-0.68359375,0.2685546875,-0.64697265625,-0.40283203125,-0.6103515625,0.048828125,-0.0732421875,0.01220703125,-0.927734375,-0.3173828125,-1.7822265625,-0.25634765625,-1.35498046875,-0.09765625,0.18310546875,0.13427734375,0.3173828125,-0.13427734375,-0.01220703125,-0.06103515625,-0.0244140625,0.0732421875,0.1953125,-0.2197265625,0.06103515625,0.0244140625,1.07421875,-0.0732421875,-0.25634765625,-0.10986328125,-0.25634765625
0,-0.10986328125,-0.390625,-0.3173828125,-0.37841796875,0.341796875,-0.42724609375,-0.0732421875,-0.09765625,0.1220703125,-0.0732421875,0.09765625,-0.9033203125,0.0244140625,1.06201171875,-0.15869140625,-0.1220703125,-0.09765625,-0.537109375,0.23193359375,-0.18310546875,0,0.93994140625,-0.146484375,-0.6103515625,0.08544921875,0.20751953125,-0.10986328125,-0.5126953125,0.03662109375,4.3212890625,0.30517578125,0.6591796875,-0.10986328125,5.09033203125,-0.244140625,0.439453125,-0.06103515625,1.06201171875,-0.146484375,1.08642578125,-0.13427734375,-0.1953125,-0.4638671875,-0.7568359375,0.0732421875,-0.4150390625,-0.28076171875,0.52490234375,0.537109375,1.3671875,-0.1220703125,0.45166015625,-0.28076171875,-0.18310546875,-0.18310546875,0.72021484375,-0.1953125,0.45166015625,-0.13427734375,0.35400390625,0.10986328125,0.25634765625,0,-0.2685546875,-0.2685546875,4.18701171875,0.15869140625,1.42822265625,0.08544921875,0.6591796875,0.13427734375,0.69580078125,-0.08544921875,0.18310546875,-0.15869140625,0.8056640625,0.01220703125,-0.03662109375,-0.1220703125,1.2451171875,0.1220703125,-1.0009765625,0.03662109375,-0.3662109375,-0.20751953125,-1.025390625,0,-0.8056640625,-0.5859375,1.62353515625,0.03662109375,5.5419921875,0.18310546875,3.2958984375,0.06103515625,2.96630859375,-0.1953125,-0.69580078125,0.28076171875,-0.62255859375,-0.35400390625,-0.6103515625,0.01220703125,-0.08544921875,0.01220703125,-0.9521484375,-0.390625,-1.77001953125,-0.18310546875,-1.33056640625,-0.15869140625,0.20751953125,0.146484375,0.3173828125,-0.15869140625,0,-0.06103515625,-0.0244140625,0.0732421875,0.1953125,-0.146484375,0.390625,0.048828125,1.171875,-0.06103515625,-0.13427734375,-0.03662109375,-0.03662109375
0,-0.1220703125,-0.40283203125,-0.32958984375,-0.390625,0.341796875,-0.439453125,-0.15869140625,-0.09765625,0.13427734375,-0.06103515625,0.1220703125,-0.9033203125,0.0732421875,1.06201171875,-0.1708984375,-0.13427734375,-0.10986328125,-0.5615234375,0.20751953125,-0.1708984375,-0.048828125,0.93994140625,-0.18310546875,-0.5859375,0.0732421875,0.0244140625,-0.09765625,-0.7080078125,0.0732421875,3.55224609375,0.3662109375,0.45166015625,-0.20751953125,4.38232421875,-0.32958984375,0.244140625,-0.09765625,0.830078125,-0.1953125,0.830078125,-0.1708984375,-0.20751953125,-0.40283203125,-0.7080078125,0.15869140625,-0.4150390625,-0.29296875,0.52490234375,0.59814453125,1.416015625,-0.1708984375,0.4150390625,-0.2685546875,-0.1953125,-0.2197265625,0.69580078125,-0.09765625,0.48828125,-0.1220703125,0.3662109375,0.09765625,0.3173828125,0.01220703125,-0.09765625,-0.146484375,3.61328125,0.09765625,1.318359375,0.10986328125,0.59814453125,0.06103515625,0.57373046875,-0.048828125,0.1953125,-0.20751953125,0.84228515625,0.0244140625,-0.03662109375,-0.15869140625,1.2451171875,0.10986328125,-1.01318359375,0.06103515625,-0.37841796875,-0.15869140625,-1.025390625,0.01220703125,-0.81787109375,-0.634765625,2.05078125,-0.03662109375,6.53076171875,0.13427734375,3.80859375,0.0244140625,3.50341796875,-0.23193359375,-0.68359375,0.25634765625,-0.634765625,-0.29296875,-0.6103515625,0.0244140625,-0.0732421875,0.06103515625,-0.9521484375,-0.3173828125,-1.7822265625,-0.09765625,-1.2939453125,-0.1708984375,0.23193359375,0.1220703125,0.32958984375,-0.18310546875,0,-0.0732421875,-0.0732421875,0.0732421875,0.2197265625,-0.2197265625,0.6103515625,-0.01220703125,1.20849609375,-0.08544921875,-0.06103515625,-0.1220703125,0.0732421875
0,-0.09765625,-0.40283203125,-0.3173828125,-0.4150390625,0.30517578125,-0.45166015625,-0.146484375,-0.08544921875,0.09765625,-0.0732421875,0.08544921875,-0.927734375,0.09765625,1.0498046875,-0.1708984375,-0.15869140625,-0.1220703125,-0.57373046875,0.1953125,-0.18310546875,-0.1220703125,0.96435546875,-0.1953125,-0.5859375,0.03662109375,-0.13427734375,-0.03662109375,-0.86669921875,0.13427734375,2.84423828125,0.3173828125,0.29296875,-0.23193359375,3.74755859375,-0.35400390625,0.08544921875,-0.1220703125,0.64697265625,-0.2197265625,0.6103515625,-0.1953125,-0.1953125,-0.390625,-0.68359375,0.146484375,-0.42724609375,-0.30517578125,0.54931640625,0.67138671875,1.45263671875,-0.1708984375,0.439453125,-0.2197265625,-0.2197265625,-0.25634765625,0.69580078125,-0.06103515625,0.5126953125,-0.1953125,0.390625,-0.01220703125,0.3662109375,-0.03662109375,0.048828125,-0.0732421875,2.81982421875,-0.01220703125,1.220703125,0.10986328125,0.50048828125,0.0244140625,0.439453125,-0.048828125,0.2197265625,-0.2197265625,0.8056640625,0.08544921875,-0.01220703125,-0.2197265625,1.2451171875,0.08544921875,-1.01318359375,0.0732421875,-0.37841796875,-0.08544921875,-1.025390625,0,-0.830078125,-0.69580078125,2.35595703125,-0.0244140625,7.33642578125,0.01220703125,4.13818359375,0,3.86962890625,-0.2197265625,-0.7080078125,0.1708984375,-0.634765625,-0.2197265625,-0.6103515625,0.0244140625,-0.09765625,0.06103515625,-0.96435546875,-0.28076171875,-1.79443359375,0,-1.2939453125,-0.20751953125,0.2685546875,0.0732421875,0.341796875,-0.20751953125,0.01220703125,-0.06103515625,-0.06103515625,0.06103515625,0.2197265625,-0.2685546875,0.68359375,-0.0244140625,1.18408203125,-0.08544921875,-0.0732421875,-0.10986328125,0.08544921875
1,-0.10986328125,-0.390625,-0.32958984375,-0.4150390625,0.29296875,-0.4638671875,-0.146484375,-0.08544921875,0.06103515625,-0.08544921875,0.048828125,-0.927734375,0.10986328125,1.07421875,-0.13427734375,-0.1708984375,-0.15869140625,-0.57373046875,0.1953125,-0.20751953125,-0.18310546875,0.927734375,-0.1708984375,-0.5859375,-0.01220703125,-0.3173828125,-0.0244140625,-1.03759765625,0.1953125,2.197265625,0.244140625,0.13427734375,-0.244140625,3.173828125,-0.37841796875,-0.06103515625,-0.15869140625,0.47607421875,-0.23193359375,0.40283203125,-0.2197265625,-0.2197265625,-0.35400390625,-0.64697265625,0.10986328125,-0.42724609375,-0.3173828125,0.5615234375,0.67138671875,1.513671875,-0.2197265625,0.4150390625,-0.20751953125,-0.25634765625,-0.29296875,0.68359375,0,0.5126953125,-0.23193359375,0.42724609375,-0.146484375,0.3662109375,-0.06103515625,0.15869140625,0.01220703125,1.89208984375,-0.06103515625,1.0986328125,0.0732421875,0.37841796875,0,0.30517578125,-0.0732421875,0.2197265625,-0.25634765625,0.8056640625,0.1220703125,-0.03662109375,-0.244140625,1.25732421875,0.0244140625,-1.01318359375,0.10986328125,-0.390625,-0.048828125,-1.025390625,-0.048828125,-0.84228515625,-0.6591796875,2.5146484375,0.01220703125,7.89794921875,-0.0732421875,4.33349609375,0.01220703125,4.0771484375,-0.23193359375,-0.7080078125,0.09765625,-0.64697265625,-0.1220703125,-0.59814453125,0.048828125,-0.09765625,0.0732421875,-0.98876953125,-0.2197265625,-1.77001953125,0.0244140625,-1.28173828125,-0.244140625,0.2685546875,0,0.35400390625,-0.2197265625,0.01220703125,-0.06103515625,-0.06103515625,0.03662109375,0.1953125,-0.18310546875,0.59814453125,0,1.13525390625,-0.06103515625,-0.10986328125,-0.1220703125,0.03662109375
1,-0.09765625,-0.37841796875,-0.341796875,-0.40283203125,0.28076171875,-0.4638671875,-0.146484375,-0.0732421875,0,-0.0732421875,0.03662109375,-0.93994140625,0.10986328125,1.07421875,-0.15869140625,-0.18310546875,-0.244140625,-0.57373046875,0.15869140625,-0.1953125,-0.23193359375,0.9033203125,-0.13427734375,-0.57373046875,-0.09765625,-0.439453125,-0.06103515625,-1.15966796875,0.2197265625,1.6357421875,0.10986328125,0.01220703125,-0.2197265625,2.6611328125,-0.37841796875,-0.18310546875,-0.18310546875,0.30517578125,-0.244140625,0.23193359375,-0.20751953125,-0.2197265625,-0.28076171875,-0.634765625,0,-0.4150390625,-0.30517578125,0.57373046875,0.64697265625,1.5380859375,-0.2197265625,0.40283203125,-0.1708984375,-0.244140625,-0.25634765625,0.68359375,0.03662109375,0.54931640625,-0.25634765625,0.439453125,-0.244140625,0.35400390625,-0.06103515625,0.20751953125,0.0732421875,0.9521484375,-0.10986328125,0.98876953125,0.01220703125,0.25634765625,-0.01220703125,0.18310546875,-0.09765625,0.20751953125,-0.29296875,0.830078125,0.13427734375,-0.048828125,-0.244140625,1.26953125,0.0244140625,-1.025390625,0.15869140625,-0.390625,-0.01220703125,-1.01318359375,-0.03662109375,-0.830078125,-0.67138671875,2.55126953125,-0.09765625,8.1787109375,-0.13427734375,4.3701171875,0.048828125,4.150390625,-0.1953125,-0.7080078125,0,-0.68359375,-0.08544921875,-0.6103515625,0.1220703125,-0.1220703125,0.03662109375,-1.0009765625,-0.10986328125,-1.7822265625,0.01220703125,-1.28173828125,-0.23193359375,0.29296875,-0.048828125,0.341796875,-0.244140625,0.0244140625,-0.06103515625,-0.09765625,-0.01220703125,0.18310546875,-0.23193359375,0.439453125,-0.03662109375,1.06201171875,-0.06103515625,-0.18310546875,-0.146484375,-0.048828125
1,-0.048828125,-0.37841796875,-0.35400390625,-0.37841796875,0.25634765625,-0.47607421875,-0.08544921875,-0.06103515625,0,-0.06103515625,0.01220703125,-0.91552734375,0.10986328125,1.06201171875,-0.18310546875,-0.15869140625,-0.30517578125,-0.5615234375,0.146484375,-0.2197265625,-0.2197265625,0.87890625,-0.0732421875,-0.54931640625,-0.1953125,-0.537109375,-0.10986328125,-1.26953125,0.23193359375,1.171875,0,-0.09765625,-0.18310546875,2.20947265625,-0.42724609375,-0.3173828125,-0.1953125,0.1708984375,-0.18310546875,0.03662109375,-0.1708984375,-0.23193359375,-0.28076171875,-0.6103515625,-0.048828125,-0.390625,-0.30517578125,0.5859375,0.64697265625,1.513671875,-0.244140625,0.37841796875,-0.146484375,-0.2197265625,-0.20751953125,0.7080078125,0.0244140625,0.57373046875,-0.28076171875,0.4638671875,-0.32958984375,0.3662109375,-0.13427734375,0.20751953125,0.10986328125,0.18310546875,-0.10986328125,0.9033203125,-0.06103515625,0.15869140625,-0.0244140625,0.0732421875,-0.15869140625,0.20751953125,-0.2685546875,0.81787109375,0.15869140625,-0.048828125,-0.244140625,1.26953125,0.0244140625,-1.025390625,0.15869140625,-0.390625,0,-1.025390625,-0.048828125,-0.84228515625,-0.64697265625,2.490234375,-0.1708984375,8.1787109375,-0.1953125,4.296875,0.08544921875,4.04052734375,-0.10986328125,-0.732421875,-0.06103515625,-0.69580078125,-0.0244140625,-0.59814453125,0.1708984375,-0.13427734375,0.01220703125,-0.98876953125,-0.01220703125,-1.7578125,0.01220703125,-1.25732421875,-0.23193359375,0.29296875,-0.13427734375,0.32958984375,-0.2197265625,0.01220703125,-0.0732421875,-0.09765625,-0.048828125,0.18310546875,-0.20751953125,0.2685546875,-0.06103515625,1.01318359375,0.01220703125,-0.20751953125,-0.146484375,-0.10986328125
1,-0.0244140625,-0.3662109375,-0.341796875,-0.3662109375,0.23193359375,-0.4638671875,-0.1220703125,-0.06103515625,0,-0.0732421875,-0.0244140625,-0.9033203125,0.10986328125,1.06201171875,-0.1708984375,-0.15869140625,-0.32958984375,-0.5615234375,0.1220703125,-0.20751953125,-0.1708984375,0.86669921875,-0.0732421875,-0.54931640625,-0.23193359375,-0.6103515625,-0.20751953125,-1.30615234375,0.1953125,0.81787109375,-0.0732421875,-0.18310546875,-0.146484375,1.72119140625,-0.439453125,-0.45166015625,-0.15869140625,0.048828125,-0.15869140625,-0.15869140625,-0.1220703125,-0.244140625,-0.23193359375,-0.6103515625,-0.09765625,-0.3662109375,-0.25634765625,0.6103515625,0.537109375,1.46484375,-0.1953125,0.42724609375,-0.1220703125,-0.20751953125,-0.146484375,0.72021484375,0,0.5859375,-0.244140625,0.48828125,-0.3173828125,0.37841796875,-0.15869140625,0.1708984375,0.08544921875,-0.32958984375,-0.1708984375,0.87890625,-0.1708984375,0.08544921875,-0.048828125,0.03662109375,-0.20751953125,0.1953125,-0.2685546875,0.81787109375,0.146484375,-0.03662109375,-0.20751953125,1.25732421875,0.01220703125,-1.025390625,0.146484375,-0.4150390625,-0.0244140625,-1.0009765625,-0.0244140625,-0.84228515625,-0.62255859375,2.30712890625,-0.2197265625,7.89794921875,-0.1953125,4.0771484375,0.08544921875,3.82080078125,-0.03662109375,-0.72021484375,-0.15869140625,-0.7080078125,0,-0.59814453125,0.2197265625,-0.1220703125,0.0244140625,-0.9765625,0.09765625,-1.7333984375,0.06103515625,-1.2451171875,-0.244140625,0.3173828125,-0.15869140625,0.341796875,-0.2197265625,0,-0.0732421875,-0.08544921875,-0.08544921875,0.1708984375,-0.1708984375,0.1220703125,-0.048828125,1.025390625,0,-0.1953125,-0.15869140625,-0.146484375
1,-0.01220703125,-0.3662109375,-0.3173828125,-0.3662109375,0.2197265625,-0.47607421875,-0.10986328125,-0.03662109375,0.0244140625,-0.09765625,-0.048828125,-0.89111328125,0.08544921875,1.07421875,-0.1708984375,-0.15869140625,-0.3173828125,-0.5615234375,0.06103515625,-0.2197265625,-0.09765625,0.86669921875,-0.1220703125,-0.5615234375,-0.2685546875,-0.6591796875,-0.29296875,-1.37939453125,0.13427734375,0.537109375,-0.09765625,-0.25634765625,-0.06103515625,1.171875,-0.4150390625,-0.57373046875,-0.1220703125,-0.09765625,-0.18310546875,-0.3662109375,0,-0.23193359375,-0.20751953125,-0.62255859375,-0.09765625,-0.390625,-0.2685546875,0.6103515625,0.5615234375,1.3916015625,-0.20751953125,0.42724609375,-0.10986328125,-0.18310546875,-0.08544921875,0.72021484375,0.01220703125,0.634765625,-0.2197265625,0.48828125,-0.341796875,0.390625,-0.25634765625,0.09765625,0.06103515625,-0.40283203125,-0.28076171875,0.87890625,-0.2685546875,0.08544921875,-0.048828125,0.03662109375,-0.28076171875,0.1953125,-0.244140625,0.84228515625,0.1220703125,-0.03662109375,-0.1220703125,1.28173828125,0.048828125,-1.01318359375,0.146484375,-0.390625,-0.03662109375,-1.0009765625,-0.01220703125,-0.830078125,-0.5615234375,2.06298828125,-0.244140625,7.3974609375,-0.15869140625,3.79638671875,0.06103515625,3.515625,0.0244140625,-0.72021484375,-0.23193359375,-0.7080078125,0,-0.5859375,0.244140625,-0.13427734375,-0.01220703125,-0.9521484375,0.146484375,-1.72119140625,0.0732421875,-1.220703125,-0.28076171875,0.32958984375,-0.1708984375,0.32958984375,-0.244140625,0,-0.06103515625,-0.06103515625,-0.0732421875,0.15869140625,-0.2197265625,0.048828125,-0.09765625,1.0986328125,0.01220703125,-0.1220703125,-0.18310546875,-0.0732421875
1,-0.01220703125,-0.3662109375,-0.32958984375,-0.35400390625,0.20751953125,-0.47607421875,-0.13427734375,-0.06103515625,0,-0.08544921875,-0.10986328125,-0.89111328125,0.08544921875,1.08642578125,-0.15869140625,-0.146484375,-0.244140625,-0.57373046875,0.0244140625,-0.1708984375,0.01220703125,0.8544921875,-0.18310546875,-0.5615234375,-0.25634765625,-0.67138671875,-0.32958984375,-1.40380859375,0.0732421875,0.30517578125,-0.09765625,-0.30517578125,-0.10986328125,0.634765625,-0.341796875,-0.72021484375,-0.10986328125,-0.23193359375,-0.15869140625,-0.54931640625,0.09765625,-0.244140625,-0.18310546875,-0.64697265625,-0.03662109375,-0.37841796875,-0.29296875,0.59814453125,0.52490234375,1.30615234375,-0.146484375,0.45166015625,-0.048828125,-0.13427734375,0,0.732421875,-0.0732421875,0.7080078125,-0.2197265625,0.48828125,-0.37841796875,0.42724609375,-0.390625,0.0732421875,0,-0.048828125,-0.32958984375,0.9521484375,-0.37841796875,0.13427734375,-0.03662109375,0.10986328125,-0.30517578125,0.2197265625,-0.20751953125,0.830078125,0.09765625,0,-0.01220703125,1.26953125,0.08544921875,-1.01318359375,0.1220703125,-0.4150390625,-0.06103515625,-1.0009765625,-0.01220703125,-0.81787109375,-0.47607421875,1.7578125,-0.29296875,6.73828125,-0.10986328125,3.4423828125,-0.03662109375,3.1494140625,0.048828125,-0.732421875,-0.2685546875,-0.68359375,0,-0.57373046875,0.244140625,-0.1220703125,-0.03662109375,-0.9033203125,0.18310546875,-1.69677734375,0.0732421875,-1.20849609375,-0.29296875,0.32958984375,-0.18310546875,0.32958984375,-0.23193359375,-0.01220703125,-0.0732421875,-0.0244140625,-0.08544921875,0.1708984375,-0.1708984375,0.048828125,-0.13427734375,1.23291015625,0.0244140625,0,-0.15869140625,0.08544921875
1,0,-0.37841796875,-0.3173828125,-0.37841796875,0.20751953125,-0.4638671875,-0.10986328125,-0.03662109375,-0.01220703125,-0.09765625,-0.10986328125,-0.86669921875,0.048828125,1.07421875,-0.09765625,-0.15869140625,-0.146484375,-0.5615234375,-0.01220703125,-0.1708984375,0.06103515625,0.87890625,-0.25634765625,-0.5615234375,-0.2197265625,-0.68359375,-0.35400390625,-1.40380859375,0.01220703125,0.15869140625,-0.0732421875,-0.341796875,-0.1220703125,0.03662109375,-0.28076171875,-0.87890625,-0.13427734375,-0.390625,-0.13427734375,-0.76904296875,0.2197265625,-0.23193359375,-0.13427734375,-0.68359375,-0.0244140625,-0.390625,-0.3173828125,0.5859375,0.47607421875,1.220703125,-0.15869140625,0.45166015625,-0.01220703125,-0.13427734375,0.01220703125,0.7568359375,-0.09765625,0.76904296875,-0.15869140625,0.48828125,-0.47607421875,0.4638671875,-0.439453125,0.0244140625,0.0244140625,0.72021484375,-0.390625,1.0986328125,-0.45166015625,0.25634765625,-0.048828125,0.25634765625,-0.341796875,0.2197265625,-0.23193359375,0.8544921875,0.10986328125,0,0.06103515625,1.26953125,0.10986328125,-0.98876953125,0.1220703125,-0.40283203125,-0.08544921875,-1.01318359375,0.03662109375,-0.81787109375,-0.42724609375,1.4892578125,-0.1953125,6.01806640625,-0.0244140625,3.08837890625,-0.048828125,2.783203125,0.048828125,-0.7080078125,-0.25634765625,-0.67138671875,-0.03662109375,-0.5859375,0.23193359375,-0.13427734375,-0.08544921875,-0.8544921875,0.15869140625,-1.6845703125,-0.08544921875,-1.18408203125,-0.29296875,0.341796875,-0.20751953125,0.3173828125,-0.2197265625,-0.0244140625,-0.06103515625,0,-0.08544921875,0.146484375,-0.13427734375,0.18310546875,-0.10986328125,1.3916015625,0.01220703125,0.13427734375,-0.1220703125,0.2685546875
1,0.0244140625,-0.37841796875,-0.2685546875,-0.390625,0.20751953125,-0.45166015625,-0.10986328125,-0.01220703125,-0.06103515625,-0.08544921875,-0.09765625,-0.86669921875,0.03662109375,1.07421875,-0.146484375,-0.146484375,-0.0244140625,-0.57373046875,-0.048828125,-0.15869140625,0.09765625,0.87890625,-0.3173828125,-0.6103515625,-0.23193359375,-0.68359375,-0.3662109375,-1.3916015625,-0.048828125,0.06103515625,-0.0732421875,-0.341796875,-0.146484375,-0.5126953125,-0.20751953125,-1.025390625,-0.1220703125,-0.54931640625,-0.09765625,-0.96435546875,0.29296875,-0.23193359375,-0.08544921875,-0.7080078125,0,-0.35400390625,-0.32958984375,0.59814453125,0.42724609375,1.123046875,-0.06103515625,0.45166015625,0.048828125,-0.15869140625,0.10986328125,0.7568359375,-0.13427734375,0.81787109375,-0.1708984375,0.50048828125,-0.52490234375,0.52490234375,-0.54931640625,0.048828125,-0.08544921875,1.86767578125,-0.40283203125,1.25732421875,-0.42724609375,0.42724609375,0,0.42724609375,-0.35400390625,0.25634765625,-0.23193359375,0.84228515625,0.13427734375,-0.01220703125,0.10986328125,1.28173828125,0.13427734375,-0.96435546875,0.13427734375,-0.37841796875,-0.08544921875,-1.01318359375,0.03662109375,-0.81787109375,-0.37841796875,1.18408203125,-0.244140625,5.3466796875,0,2.79541015625,-0.08544921875,2.42919921875,0.03662109375,-0.7080078125,-0.20751953125,-0.64697265625,-0.08544921875,-0.59814453125,0.2197265625,-0.09765625,-0.146484375,-0.81787109375,0.10986328125,-1.66015625,-0.146484375,-1.15966796875,-0.28076171875,0.341796875,-0.25634765625,0.32958984375,-0.18310546875,-0.01220703125,-0.0732421875,0,-0.0732421875,0.15869140625,-0.146484375,0.3662109375,-0.0732421875,1.52587890625,0,0.30517578125,-0.10986328125,0.50048828125
1,0.03662109375,-0.37841796875,-0.25634765625,-0.390625,0.2197265625,-0.439453125,-0.0732421875,-0.01220703125,-0.09765625,-0.0732421875,-0.13427734375,-0.86669921875,0.048828125,1.06201171875,-0.13427734375,-0.13427734375,0.06103515625,-0.57373046875,-0.09765625,-0.15869140625,0.08544921875,0.9033203125,-0.35400390625,-0.59814453125,-0.23193359375,-0.67138671875,-0.3173828125,-1.40380859375,-0.048828125,0.0244140625,-0.048828125,-0.37841796875,-0.1953125,-1.0009765625,-0.146484375,-1.13525390625,-0.15869140625,-0.67138671875,-0.048828125,-1.0986328125,0.2685546875,-0.25634765625,-0.0244140625,-0.732421875,0.06103515625,-0.35400390625,-0.30517578125,0.5615234375,0.37841796875,1.0498046875,-0.09765625,0.45166015625,0.1220703125,-0.1708984375,0.15869140625,0.74462890625,-0.18310546875,0.86669921875,-0.1220703125,0.50048828125,-0.48828125,0.59814453125,-0.57373046875,0.0732421875,-0.1953125,3.1982421875,-0.45166015625,1.42822265625,-0.4150390625,0.62255859375,-0.03662109375,0.62255859375,-0.341796875,0.244140625,-0.2197265625,0.81787109375,0.1953125,-0.01220703125,0.1708984375,1.28173828125,0.1708984375,-0.9033203125,0.15869140625,-0.40283203125,-0.10986328125,-1.025390625,0.03662109375,-0.8056640625,-0.3662109375,0.96435546875,-0.244140625,4.736328125,-0.03662109375,2.52685546875,-0.06103515625,2.1484375,0,-0.7080078125,-0.146484375,-0.634765625,-0.146484375,-0.62255859375,0.1708984375,-0.1220703125,-0.15869140625,-0.8056640625,-0.01220703125,-1.66015625,-0.20751953125,-1.1474609375,-0.30517578125,0.341796875,-0.2685546875,0.3173828125,-0.1953125,-0.0244140625,-0.08544921875,0,-0.03662109375,0.18310546875,-0.13427734375,0.57373046875,-0.03662109375,1.67236328125,-0.01220703125,0.4150390625,-0.08544921875,0.7080078125
1,0.0244140625,-0.390625,-0.23193359375,-0.3662109375,0.20751953125,-0.42724609375,-0.09765625,0.01220703125,-0.09765625,-0.08544921875,-0.13427734375,-0.86669921875,0.01220703125,1.0498046875,-0.13427734375,-0.13427734375,0.10986328125,-0.5859375,-0.10986328125,-0.13427734375,0.03662109375,0.9033203125,-0.3662109375,-0.62255859375,-0.1953125,-0.67138671875,-0.23193359375,-1.3671875,-0.0244140625,0.01220703125,-0.048828125,-0.3662109375,-0.23193359375,-1.37939453125,-0.13427734375,-1.20849609375,-0.15869140625,-0.76904296875,-0.01220703125,-1.1962890625,0.18310546875,-0.244140625,0.048828125,-0.74462890625,0.08544921875,-0.3662109375,-0.20751953125,0.54931640625,0.35400390625,1.06201171875,-0.10986328125,0.439453125,0.1953125,-0.1953125,0.244140625,0.732421875,-0.2197265625,0.89111328125,-0.10986328125,0.48828125,-0.40283203125,0.67138671875,-0.59814453125,0.146484375,-0.10986328125,4.638671875,-0.45166015625,1.64794921875,-0.3662109375,0.830078125,-0.13427734375,0.8544921875,-0.30517578125,0.2685546875,-0.1708984375,0.84228515625,0.2197265625,0,0.09765625,1.28173828125,0.146484375,-0.830078125,0.18310546875,-0.390625,-0.10986328125,-1.025390625,0.0244140625,-0.78125,-0.3173828125,0.78125,-0.23193359375,4.296875,-0.09765625,2.294921875,-0.048828125,1.904296875,-0.048828125,-0.72021484375,-0.09765625,-0.64697265625,-0.1708984375,-0.62255859375,0.13427734375,-0.10986328125,-0.10986328125,-0.84228515625,-0.13427734375,-1.69677734375,-0.25634765625,-1.1474609375,-0.35400390625,0.30517578125,-0.30517578125,0.32958984375,-0.1708984375,-0.03662109375,-0.0732421875,0.03662109375,-0.0244140625,0.1953125,-0.15869140625,0.7568359375,-0.0244140625,1.74560546875,-0.0244140625,0.47607421875,-0.08544921875,0.81787109375
1,0.01220703125,-0.42724609375,-0.23193359375,-0.37841796875,0.20751953125,-0.42724609375,-0.0732421875,0.03662109375,-0.13427734375,-0.0732421875,-0.1220703125,-0.86669921875,0.01220703125,1.0498046875,-0.10986328125,-0.146484375,0.10986328125,-0.57373046875,-0.08544921875,-0.146484375,-0.03662109375,0.927734375,-0.35400390625,-0.6103515625,-0.146484375,-0.64697265625,-0.1220703125,-1.35498046875,0,0.048828125,-0.0732421875,-0.35400390625,-0.28076171875,-1.5869140625,-0.10986328125,-1.20849609375,-0.20751953125,-0.81787109375,0.01220703125,-1.20849609375,0.09765625,-0.2685546875,0.0732421875,-0.732421875,0.1220703125,-0.40283203125,-0.146484375,0.5615234375,0.30517578125,1.06201171875,-0.13427734375,0.42724609375,0.28076171875,-0.23193359375,0.28076171875,0.72021484375,-0.2197265625,0.89111328125,-0.09765625,0.48828125,-0.3173828125,0.7080078125,-0.59814453125,0.20751953125,-0.28076171875,5.96923828125,-0.42724609375,1.84326171875,-0.244140625,1.025390625,-0.15869140625,1.025390625,-0.28076171875,0.2685546875,-0.09765625,0.84228515625,0.2685546875,-0.01220703125,0.048828125,1.28173828125,0.10986328125,-0.7568359375,0.23193359375,-0.3662109375,-0.0732421875,-1.025390625,-0.06103515625,-0.78125,-0.32958984375,0.64697265625,-0.2685546875,4.00390625,-0.23193359375,2.1240234375,-0.01220703125,1.7333984375,-0.08544921875,-0.69580078125,-0.03662109375,-0.6591796875,-0.1953125,-0.59814453125,0.08544921875,-0.09765625,-0.0244140625,-0.84228515625,-0.23193359375,-1.74560546875,-0.146484375,-1.11083984375,-0.4150390625,0.3173828125,-0.35400390625,0.341796875,-0.146484375,-0.03662109375,-0.0732421875,0.03662109375,-0.03662109375,0.1953125,-0.1708984375,0.89111328125,-0.01220703125,1.7333984375,-0.03662109375,0.45166015625,-0.0732421875,0.84228515625
1,0.01220703125,-0.40283203125,-0.23193359375,-0.3662109375,0.18310546875,-0.42724609375,-0.06103515625,0.0732421875,-0.1708984375,-0.0732421875,-0.146484375,-0.87890625,0.03662109375,1.06201171875,-0.1220703125,-0.15869140625,0.1220703125,-0.54931640625,-0.06103515625,-0.146484375,-0.146484375,0.91552734375,-0.30517578125,-0.6103515625,-0.08544921875,-0.62255859375,-0.048828125,-1.3427734375,0.0732421875,0.10986328125,-0.08544921875,-0.3173828125,-0.2685546875,-1.5869140625,-0.13427734375,-1.15966796875,-0.23193359375,-0.8056640625,0,-1.15966796875,0.0732421875,-0.25634765625,0.048828125,-0.732421875,0.09765625,-0.40283203125,-0.03662109375,0.57373046875,0.32958984375,1.123046875,-0.146484375,0.40283203125,0.30517578125,-0.23193359375,0.29296875,0.72021484375,-0.2197265625,0.8544921875,-0.10986328125,0.50048828125,-0.32958984375,0.69580078125,-0.634765625,0.244140625,-0.37841796875,7.14111328125,-0.42724609375,2.001953125,-0.2197265625,1.220703125,-0.1953125,1.1962890625,-0.30517578125,0.25634765625,-0.01220703125,0.830078125,0.25634765625,-0.0244140625,0.0244140625,1.28173828125,0.0244140625,-0.69580078125,0.25634765625,-0.3662109375,-0.0732421875,-1.0498046875,-0.13427734375,-0.8056640625,-0.3173828125,0.537109375,-0.28076171875,3.8330078125,-0.35400390625,2.03857421875,0.048828125,1.62353515625,-0.146484375,-0.7080078125,0.01220703125,-0.7080078125,-0.1708984375,-0.59814453125,0.03662109375,-0.1220703125,0.01220703125,-0.87890625,-0.30517578125,-1.7578125,-0.048828125,-1.0498046875,-0.439453125,0.30517578125,-0.390625,0.341796875,-0.10986328125,-0.0244140625,-0.0732421875,0.01220703125,-0.0244140625,0.2197265625,-0.146484375,0.87890625,-0.01220703125,1.6357421875,-0.01220703125,0.37841796875,-0.0732421875,0.76904296875
1,0.0244140625,-0.4150390625,-0.2685546875,-0.37841796875,0.18310546875,-0.45166015625,-0.06103515625,0.0732421875,-0.1708984375,-0.0732421875,-0.146484375,-0.89111328125,-0.01220703125,1.07421875,-0.13427734375,-0.15869140625,0.0732421875,-0.5615234375,-0.01220703125,-0.146484375,-0.20751953125,0.91552734375,-0.25634765625,-0.6103515625,-0.03662109375,-0.634765625,0.0244140625,-1.35498046875,0.09765625,0.1708984375,-0.0732421875,-0.30517578125,-0.23193359375,-1.42822265625,-0.1708984375,-1.0986328125,-0.23193359375,-0.7568359375,-0.03662109375,-1.07421875,0.0732421875,-0.2685546875,-0.048828125,-0.72021484375,0.0732421875,-0.40283203125,0.0244140625,0.57373046875,0.2685546875,1.171875,-0.146484375,0.4150390625,0.32958984375,-0.20751953125,0.28076171875,0.72021484375,-0.15869140625,0.8056640625,-0.10986328125,0.50048828125,-0.28076171875,0.7080078125,-0.62255859375,0.25634765625,-0.390625,8.0322265625,-0.40283203125,2.099609375,-0.1708984375,1.3671875,-0.18310546875,1.318359375,-0.3662109375,0.23193359375,0.03662109375,0.830078125,0.20751953125,-0.01220703125,-0.03662109375,1.30615234375,-0.03662109375,-0.67138671875,0.244140625,-0.341796875,-0.06103515625,-1.03759765625,-0.23193359375,-0.78125,-0.30517578125,0.47607421875,-0.28076171875,3.759765625,-0.45166015625,1.9287109375,0.0732421875,1.52587890625,-0.15869140625,-0.7080078125,0.03662109375,-0.732421875,-0.1708984375,-0.57373046875,0.01220703125,-0.1220703125,0.06103515625,-0.87890625,-0.30517578125,-1.7333984375,0.048828125,-0.89111328125,-0.42724609375,0.3173828125,-0.439453125,0.3662109375,-0.10986328125,-0.01220703125,-0.06103515625,-0.0244140625,-0.048828125,0.20751953125,-0.09765625,0.76904296875,0,1.50146484375,-0.048828125,0.23193359375,-0.10986328125,0.59814453125
0,0.03662109375,-0.42724609375,-0.2197265625,-0.35400390625,0.1708984375,-0.45166015625,-0.048828125,0.08544921875,-0.1953125,-0.0732421875,-0.15869140625,-0.9033203125,0.0244140625,1.08642578125,-0.15869140625,-0.18310546875,0,-0.5615234375,0.03662109375,-0.146484375,-0.20751953125,0.927734375,-0.244140625,-0.5859375,0.01220703125,-0.62255859375,0.06103515625,-1.33056640625,0.1220703125,0.2685546875,-0.0244140625,-0.29296875,-0.18310546875,-1.11083984375,-0.244140625,-1.0009765625,-0.23193359375,-0.67138671875,-0.0244140625,-0.9521484375,0.1220703125,-0.2685546875,-0.10986328125,-0.7080078125,0.03662109375,-0.42724609375,0.1220703125,0.5859375,0.23193359375,1.28173828125,-0.18310546875,0.42724609375,0.32958984375,-0.2197265625,0.244140625,0.72021484375,-0.1220703125,0.7568359375,-0.146484375,0.48828125,-0.2197265625,0.67138671875,-0.68359375,0.23193359375,-0.4638671875,8.5693359375,-0.35400390625,2.197265625,-0.1708984375,1.4404296875,-0.1220703125,1.40380859375,-0.390625,0.23193359375,0.10986328125,0.8056640625,0.1953125,-0.0244140625,-0.0732421875,1.30615234375,-0.08544921875,-0.6591796875,0.244140625,-0.341796875,-0.09765625,-1.0498046875,-0.30517578125,-0.79345703125,-0.341796875,0.4150390625,-0.13427734375,3.662109375,-0.5126953125,1.84326171875,0.10986328125,1.40380859375,-0.18310546875,-0.69580078125,0.1220703125,-0.732421875,-0.13427734375,-0.57373046875,-0.03662109375,-0.13427734375,0.0732421875,-0.87890625,-0.3173828125,-1.6845703125,0.0732421875,-0.6591796875,-0.439453125,0.3662109375,-0.50048828125,0.3662109375,-0.09765625,-0.01220703125,-0.06103515625,-0.03662109375,-0.06103515625,0.18310546875,-0.048828125,0.57373046875,0.01220703125,1.35498046875,-0.06103515625,0.09765625,-0.09765625,0.40283203125
0,0.0244140625,-0.390625,-0.23193359375,-0.37841796875,0.15869140625,-0.4638671875,0,0.08544921875,-0.15869140625,-0.06103515625,-0.1953125,-0.89111328125,0.01220703125,1.0986328125,-0.146484375,-0.15869140625,-0.0732421875,-0.54931640625,0.03662109375,-0.15869140625,-0.2197265625,0.91552734375,-0.244140625,-0.5859375,0.0732421875,-0.59814453125,0.06103515625,-1.33056640625,0.09765625,0.341796875,0.01220703125,-0.2685546875,-0.0732421875,-0.732421875,-0.30517578125,-0.91552734375,-0.23193359375,-0.57373046875,-0.03662109375,-0.81787109375,0.15869140625,-0.2685546875,-0.1953125,-0.69580078125,0.0244140625,-0.40283203125,0.20751953125,0.59814453125,0.25634765625,1.3427734375,-0.23193359375,0.42724609375,0.2685546875,-0.20751953125,0.2197265625,0.732421875,-0.09765625,0.7080078125,-0.1953125,0.48828125,-0.23193359375,0.6103515625,-0.7080078125,0.1708984375,-0.40283203125,8.837890625,-0.244140625,2.20947265625,-0.146484375,1.47705078125,-0.048828125,1.42822265625,-0.439453125,0.20751953125,0.15869140625,0.79345703125,0.1708984375,-0.01220703125,-0.15869140625,1.28173828125,-0.08544921875,-0.64697265625,0.20751953125,-0.35400390625,-0.1220703125,-1.03759765625,-0.3173828125,-0.830078125,-0.390625,0.30517578125,0.03662109375,3.45458984375,-0.42724609375,1.7333984375,0.1708984375,1.25732421875,-0.20751953125,-0.68359375,0.13427734375,-0.732421875,-0.0732421875,-0.57373046875,-0.048828125,-0.13427734375,0.10986328125,-0.79345703125,-0.2685546875,-1.611328125,0.08544921875,-0.3173828125,-0.390625,0.45166015625,-0.50048828125,0.3662109375,-0.06103515625,-0.0244140625,-0.0732421875,-0.03662109375,-0.03662109375,0.15869140625,-0.0732421875,0.3662109375,-0.01220703125,1.1962890625,-0.048828125,-0.048828125,-0.09765625,0.18310546875
0,0,-0.40283203125,-0.2197265625,-0.37841796875,0.1708984375,-0.47607421875,-0.0244140625,0.06103515625,-0.2197265625,-0.08544921875,-0.1953125,-0.89111328125,0,1.0986328125,-0.146484375,-0.1708984375,-0.1220703125,-0.57373046875,0.01220703125,-0.15869140625,-0.1708984375,0.91552734375,-0.25634765625,-0.5859375,0.08544921875,-0.62255859375,0.01220703125,-1.3427734375,0.06103515625,0.4150390625,0.0244140625,-0.25634765625,-0.09765625,-0.37841796875,-0.4150390625,-0.8544921875,-0.20751953125,-0.48828125,-0.06103515625,-0.7080078125,0.1708984375,-0.2685546875,-0.29296875,-0.69580078125,0.06103515625,-0.40283203125,0.25634765625,0.59814453125,0.25634765625,1.4404296875,-0.2197265625,0.45166015625,0.23193359375,-0.1953125,0.23193359375,0.72021484375,-0.06103515625,0.67138671875,-0.18310546875,0.45166015625,-0.146484375,0.54931640625,-0.68359375,0.08544921875,-0.439453125,8.8134765625,-0.1220703125,2.197265625,-0.15869140625,1.46484375,0.0244140625,1.42822265625,-0.4150390625,0.1953125,0.20751953125,0.830078125,0.09765625,-0.0244140625,-0.2197265625,1.2939453125,0,-0.67138671875,0.1708984375,-0.3662109375,-0.13427734375,-1.03759765625,-0.28076171875,-0.830078125,-0.4150390625,0.146484375,0.10986328125,3.125,-0.3173828125,1.57470703125,0.18310546875,1.0498046875,-0.20751953125,-0.68359375,0.13427734375,-0.72021484375,-0.0244140625,-0.57373046875,-0.0244140625,-0.13427734375,0.0732421875,-0.6591796875,-0.244140625,-1.46484375,0.03662109375,0.09765625,-0.40283203125,0.6103515625,-0.5126953125,0.341796875,-0.06103515625,-0.01220703125,-0.0732421875,-0.048828125,-0.0244140625,0.13427734375,-0.048828125,0.146484375,0.06103515625,1.11083984375,-0.048828125,-0.1708984375,-0.048828125,0.0244140625
0,-0.01220703125,-0.390625,-0.2197265625,-0.37841796875,0.15869140625,-0.48828125,-0.0732421875,0.06103515625,-0.23193359375,-0.06103515625,-0.23193359375,-0.89111328125,0.0244140625,1.0986328125,-0.15869140625,-0.13427734375,-0.146484375,-0.54931640625,-0.0732421875,-0.1708984375,-0.06103515625,0.89111328125,-0.29296875,-0.5615234375,0.09765625,-0.6103515625,-0.048828125,-1.35498046875,0.0244140625,0.4638671875,0.01220703125,-0.2685546875,-0.0732421875,-0.0732421875,-0.42724609375,-0.8056640625,-0.15869140625,-0.42724609375,-0.0732421875,-0.634765625,0.23193359375,-0.25634765625,-0.32958984375,-0.67138671875,0.1220703125,-0.390625,0.2685546875,0.6103515625,0.2685546875,1.4892578125,-0.18310546875,0.4638671875,0.13427734375,-0.15869140625,0.1708984375,0.732421875,-0.03662109375,0.67138671875,-0.1220703125,0.47607421875,-0.13427734375,0.47607421875,-0.68359375,0,-0.3662109375,8.5205078125,-0.06103515625,2.13623046875,-0.1708984375,1.3916015625,0.08544921875,1.3671875,-0.3173828125,0.2197265625,0.28076171875,0.8544921875,0.0244140625,0,-0.2685546875,1.28173828125,0.048828125,-0.69580078125,0.08544921875,-0.37841796875,-0.13427734375,-1.025390625,-0.2685546875,-0.84228515625,-0.45166015625,-0.048828125,0.1708984375,2.6123046875,-0.1708984375,1.35498046875,0.15869140625,0.76904296875,-0.15869140625,-0.68359375,0.09765625,-0.7080078125,0,-0.57373046875,0.048828125,-0.10986328125,0.01220703125,-0.48828125,-0.1953125,-1.2939453125,0.13427734375,0.59814453125,-0.390625,0.78125,-0.52490234375,0.35400390625,-0.06103515625,-0.01220703125,-0.06103515625,-0.048828125,-0.01220703125,0.1220703125,-0.1220703125,-0.03662109375,-0.0244140625,1.0498046875,-0.1220703125,-0.2197265625,-0.1220703125,-0.08544921875
0,-0.01220703125,-0.40283203125,-0.18310546875,-0.35400390625,0.1220703125,-0.47607421875,-0.06103515625,0.03662109375,-0.25634765625,-0.048828125,-0.2197265625,-0.9033203125,0,1.0986328125,-0.1708984375,-0.10986328125,-0.146484375,-0.54931640625,-0.09765625,-0.18310546875,0.048828125,0.89111328125,-0.3173828125,-0.5615234375,0.10986328125,-0.62255859375,-0.08544921875,-1.35498046875,-0.1220703125,0.47607421875,0,-0.25634765625,-0.08544921875,0.06103515625,-0.4638671875,-0.8056640625,-0.1708984375,-0.390625,-0.09765625,-0.62255859375,0.1953125,-0.25634765625,-0.37841796875,-0.68359375,0.23193359375,-0.40283203125,0.25634765625,0.6103515625,0.2197265625,1.5380859375,-0.03662109375,0.4638671875,0,-0.1708984375,0.10986328125,0.732421875,-0.03662109375,0.68359375,-0.13427734375,0.4638671875,-0.13427734375,0.42724609375,-0.64697265625,-0.06103515625,-0.3662109375,8.0078125,0.01220703125,2.0751953125,-0.1708984375,1.2939453125,0.15869140625,1.26953125,-0.20751953125,0.2197265625,0.28076171875,0.89111328125,-0.03662109375,0.01220703125,-0.28076171875,1.2939453125,0.09765625,-0.72021484375,0.03662109375,-0.390625,-0.08544921875,-1.025390625,-0.244140625,-0.8544921875,-0.40283203125,-0.30517578125,0.1953125,1.9775390625,0.03662109375,1.07421875,0.08544921875,0.4638671875,-0.10986328125,-0.67138671875,0,-0.69580078125,0.0244140625,-0.57373046875,0.09765625,-0.1220703125,-0.01220703125,-0.28076171875,-0.146484375,-1.06201171875,0.1220703125,1.15966796875,-0.390625,0.9765625,-0.54931640625,0.341796875,-0.048828125,-0.0244140625,-0.0732421875,-0.0244140625,0,0.13427734375,-0.15869140625,-0.13427734375,-0.01220703125,1.03759765625,-0.10986328125,-0.244140625,-0.06103515625,-0.1220703125
0,0,-0.390625,-0.13427734375,-0.3662109375,0.10986328125,-0.45166015625,-0.09765625,0.01220703125,-0.28076171875,-0.048828125,-0.244140625,-0.86669921875,0.01220703125,1.0986328125,-0.1953125,-0.0732421875,-0.09765625,-0.54931640625,-0.15869140625,-0.15869140625,0.146484375,0.89111328125,-0.32958984375,-0.5859375,0.1220703125,-0.62255859375,-0.08544921875,-1.35498046875,-0.20751953125,0.4638671875,0.01220703125,-0.2685546875,-0.13427734375,0.06103515625,-0.47607421875,-0.8056640625,-0.1708984375,-0.390625,-0.10986328125,-0.634765625,0.1708984375,-0.23193359375,-0.390625,-0.68359375,0.30517578125,-0.4150390625,0.13427734375,0.57373046875,0.20751953125,1.57470703125,-0.01220703125,0.45166015625,-0.10986328125,-0.1953125,0.01220703125,0.76904296875,-0.08544921875,0.72021484375,-0.146484375,0.4638671875,-0.1220703125,0.40283203125,-0.54931640625,-0.1220703125,-0.40283203125,7.373046875,0.048828125,1.96533203125,-0.15869140625,1.171875,0.20751953125,1.1474609375,-0.048828125,0.244140625,0.25634765625,0.9033203125,-0.09765625,0,-0.25634765625,1.28173828125,0.146484375,-0.74462890625,-0.03662109375,-0.40283203125,-0.03662109375,-1.0009765625,-0.25634765625,-0.8544921875,-0.3173828125,-0.59814453125,0.1708984375,1.25732421875,0.2197265625,0.79345703125,-0.0244140625,0.09765625,-0.0244140625,-0.68359375,-0.09765625,-0.6591796875,0.01220703125,-0.59814453125,0.10986328125,-0.08544921875,-0.0244140625,-0.01220703125,-0.08544921875,-0.8544921875,0.08544921875,1.72119140625,-0.37841796875,1.1962890625,-0.5615234375,0.3173828125,-0.08544921875,-0.048828125,-0.06103515625,-0.01220703125,0.03662109375,0.1220703125,-0.09765625,-0.146484375,0.0244140625,1.06201171875,-0.08544921875,-0.1953125,-0.03662109375,-0.09765625
0,-0.01220703125,-0.37841796875,-0.146484375,-0.3662109375,0.1220703125,-0.45166015625,-0.0732421875,-0.01220703125,-0.30517578125,-0.048828125,-0.25634765625,-0.87890625,0.03662109375,1.08642578125,-0.1708984375,-0.0732421875,-0.03662109375,-0.54931640625,-0.1708984375,-0.1708984375,0.1953125,0.89111328125,-0.30517578125,-0.6103515625,0.03662109375,-0.62255859375,-0.10986328125,-1.35498046875,-0.3173828125,0.42724609375,-0.0244140625,-0.2685546875,-0.09765625,-0.0732421875,-0.439453125,-0.87890625,-0.15869140625,-0.45166015625,-0.03662109375,-0.69580078125,0.18310546875,-0.244140625,-0.37841796875,-0.69580078125,0.37841796875,-0.40283203125,0.048828125,0.5615234375,0.2197265625,1.6357421875,0.048828125,0.42724609375,-0.2197265625,-0.20751953125,-0.13427734375,0.74462890625,-0.08544921875,0.74462890625,-0.06103515625,0.45166015625,-0.13427734375,0.390625,-0.42724609375,-0.1220703125,-0.3662109375,6.57958984375,0.0732421875,1.84326171875,-0.13427734375,1.01318359375,0.244140625,1.01318359375,0.048828125,0.23193359375,0.20751953125,0.9033203125,-0.146484375,0,-0.25634765625,1.26953125,0.15869140625,-0.7568359375,-0.03662109375,-0.390625,0.01220703125,-1.01318359375,-0.28076171875,-0.8544921875,-0.25634765625,-0.8544921875,0.1708984375,0.59814453125,0.37841796875,0.537109375,-0.03662109375,-0.2197265625,0.0244140625,-0.67138671875,-0.15869140625,-0.67138671875,-0.0244140625,-0.6103515625,0.10986328125,-0.0732421875,-0.0732421875,0.20751953125,-0.0732421875,-0.64697265625,0.1220703125,2.2705078125,-0.29296875,1.4404296875,-0.5859375,0.32958984375,-0.0732421875,-0.048828125,-0.0732421875,0,0.0732421875,0.146484375,-0.18310546875,-0.0732421875,-0.06103515625,1.13525390625,-0.1220703125,-0.146484375,-0.06103515625,-0.03662109375
0,0.0244140625,-0.3662109375,-0.1220703125,-0.37841796875,0.10986328125,-0.42724609375,-0.0732421875,-0.048828125,-0.3173828125,-0.0244140625,-0.29296875,-0.89111328125,0.0244140625,1.07421875,-0.18310546875,-0.06103515625,-0.0244140625,-0.54931640625,-0.15869140625,-0.15869140625,0.1953125,0.9033203125,-0.244140625,-0.6103515625,-0.01220703125,-0.62255859375,-0.13427734375,-1.3427734375,-0.30517578125,0.37841796875,-0.048828125,-0.29296875,-0.10986328125,-0.32958984375,-0.47607421875,-0.96435546875,-0.2197265625,-0.48828125,-0.0244140625,-0.79345703125,0.10986328125,-0.25634765625,-0.4150390625,-0.67138671875,0.40283203125,-0.42724609375,-0.01220703125,0.537109375,0.1953125,1.6845703125,0.0244140625,0.439453125,-0.3173828125,-0.23193359375,-0.146484375,0.732421875,-0.2197265625,0.74462890625,-0.048828125,0.45166015625,-0.13427734375,0.4150390625,-0.30517578125,-0.0732421875,-0.390625,5.6884765625,0.09765625,1.72119140625,-0.08544921875,0.86669921875,0.23193359375,0.8544921875,0.1220703125,0.2685546875,0.1220703125,0.927734375,-0.146484375,0,-0.23193359375,1.30615234375,0.1708984375,-0.7568359375,-0.0732421875,-0.40283203125,0.048828125,-1.0009765625,-0.32958984375,-0.8544921875,-0.146484375,-1.0009765625,0.13427734375,0.146484375,0.48828125,0.3662109375,-0.08544921875,-0.42724609375,0.06103515625,-0.69580078125,-0.18310546875,-0.6591796875,-0.048828125,-0.59814453125,0.09765625,-0.09765625,-0.09765625,0.390625,-0.03662109375,-0.47607421875,0.0732421875,2.685546875,-0.23193359375,1.6357421875,-0.62255859375,0.3173828125,-0.08544921875,-0.048828125,-0.0732421875,0,0.09765625,0.146484375,-0.13427734375,0.08544921875,-0.01220703125,1.18408203125,-0.08544921875,-0.09765625,0,0.06103515625
0,0.0244140625,-0.37841796875,-0.1220703125,-0.3662109375,0.10986328125,-0.42724609375,-0.09765625,-0.08544921875,-0.3173828125,0,-0.29296875,-0.89111328125,0,1.06201171875,-0.1953125,-0.06103515625,-0.0244140625,-0.54931640625,-0.15869140625,-0.15869140625,0.18310546875,0.89111328125,-0.1708984375,-0.62255859375,-0.06103515625,-0.62255859375,-0.09765625,-1.3427734375,-0.2197265625,0.3173828125,-0.0732421875,-0.29296875,-0.1220703125,-0.59814453125,-0.50048828125,-1.0009765625,-0.23193359375,-0.537109375,0.03662109375,-0.830078125,0.1220703125,-0.244140625,-0.40283203125,-0.67138671875,0.390625,-0.439453125,-0.03662109375,0.537109375,0.2197265625,1.72119140625,0.048828125,0.4150390625,-0.390625,-0.23193359375,-0.23193359375,0.7080078125,-0.30517578125,0.78125,0.01220703125,0.439453125,-0.06103515625,0.439453125,-0.20751953125,-0.03662109375,-0.37841796875,4.7607421875,0.08544921875,1.5625,-0.0244140625,0.732421875,0.23193359375,0.69580078125,0.18310546875,0.28076171875,0.01220703125,0.927734375,-0.09765625,-0.0244140625,-0.25634765625,1.28173828125,0.15869140625,-0.79345703125,-0.06103515625,-0.40283203125,0.048828125,-1.0009765625,-0.341796875,-0.84228515625,-0.08544921875,-1.03759765625,0.048828125,-0.03662109375,0.5126953125,0.32958984375,-0.0732421875,-0.50048828125,0.0732421875,-0.69580078125,-0.18310546875,-0.6591796875,-0.06103515625,-0.5859375,0.06103515625,-0.08544921875,-0.09765625,0.537109375,-0.048828125,-0.341796875,-0.01220703125,3.02734375,-0.1708984375,1.7822265625,-0.634765625,0.3173828125,-0.0732421875,-0.06103515625,-0.06103515625,-0.0244140625,0.08544921875,0.1708984375,-0.1708984375,0.2197265625,-0.03662109375,1.23291015625,-0.08544921875,-0.0244140625,0,0.13427734375
0,0.03662109375,-0.390625,-0.146484375,-0.37841796875,0.09765625,-0.42724609375,-0.0732421875,-0.08544921875,-0.32958984375,0.0244140625,-0.30517578125,-0.89111328125,-0.03662109375,1.06201171875,-0.18310546875,-0.048828125,-0.048828125,-0.5615234375,-0.10986328125,-0.15869140625,0.18310546875,0.9033203125,-0.0732421875,-0.6103515625,-0.09765625,-0.62255859375,-0.146484375,-1.33056640625,-0.1708984375,0.25634765625,-0.146484375,-0.29296875,-0.06103515625,-0.81787109375,-0.42724609375,-1.025390625,-0.1953125,-0.5615234375,0.08544921875,-0.84228515625,0.09765625,-0.2197265625,-0.37841796875,-0.67138671875,0.3173828125,-0.4638671875,0.01220703125,0.537109375,0.244140625,1.74560546875,0.08544921875,0.40283203125,-0.45166015625,-0.23193359375,-0.23193359375,0.69580078125,-0.37841796875,0.7568359375,0.0732421875,0.439453125,0.03662109375,0.5126953125,-0.10986328125,0.0244140625,-0.37841796875,3.77197265625,0.10986328125,1.416015625,0.03662109375,0.57373046875,0.18310546875,0.5615234375,0.20751953125,0.25634765625,-0.048828125,0.9033203125,-0.03662109375,-0.0244140625,-0.29296875,1.28173828125,0.09765625,-0.81787109375,-0.06103515625,-0.390625,0.048828125,-1.025390625,-0.3173828125,-0.84228515625,-0.0244140625,-0.93994140625,0.03662109375,0.15869140625,0.47607421875,0.4638671875,-0.048828125,-0.341796875,0,-0.7080078125,-0.1708984375,-0.69580078125,-0.1220703125,-0.59814453125,0,-0.09765625,-0.06103515625,0.634765625,-0.08544921875,-0.25634765625,-0.08544921875,3.18603515625,-0.18310546875,1.85546875,-0.6591796875,0.3173828125,-0.0732421875,-0.0732421875,-0.0732421875,-0.0244140625,0.08544921875,0.18310546875,-0.18310546875,0.35400390625,-0.03662109375,1.2451171875,-0.08544921875,-0.0244140625,-0.01220703125,0.146484375
0,0.03662109375,-0.37841796875,-0.10986328125,-0.37841796875,0.09765625,-0.4150390625,-0.0732421875,-0.08544921875,-0.341796875,0.03662109375,-0.341796875,-0.9033203125,-0.03662109375,1.06201171875,-0.1708984375,-0.0732421875,-0.06103515625,-0.537109375,-0.048828125,-0.15869140625,0.146484375,0.9033203125,-0.01220703125,-0.59814453125,-0.08544921875,-0.62255859375,-0.146484375,-1.318359375,-0.09765625,0.23193359375,-0.1708984375,-0.29296875,-0.08544921875,-0.91552734375,-0.42724609375,-0.98876953125,-0.23193359375,-0.5615234375,0.08544921875,-0.830078125,0.10986328125,-0.20751953125,-0.37841796875,-0.67138671875,0.244140625,-0.45166015625,0.048828125,0.537109375,0.341796875,1.7578125,0.0732421875,0.4150390625,-0.47607421875,-0.20751953125,-0.244140625,0.68359375,-0.40283203125,0.7080078125,0.0244140625,0.42724609375,-0.03662109375,0.6103515625,-0.06103515625,0.08544921875,-0.3662109375,2.8564453125,0.08544921875,1.25732421875,0.09765625,0.45166015625,0.13427734375,0.4150390625,0.244140625,0.25634765625,-0.09765625,0.86669921875,0.01220703125,-0.03662109375,-0.341796875,1.25732421875,0.03662109375,-0.830078125,-0.0732421875,-0.390625,0.0732421875,-1.025390625,-0.30517578125,-0.84228515625,0.03662109375,-0.6591796875,0.0244140625,0.78125,0.45166015625,0.78125,0,0.01220703125,-0.0732421875,-0.68359375,-0.10986328125,-0.69580078125,-0.15869140625,-0.59814453125,-0.048828125,-0.09765625,-0.08544921875,0.62255859375,-0.146484375,-0.244140625,-0.15869140625,3.23486328125,-0.244140625,1.89208984375,-0.67138671875,0.32958984375,-0.06103515625,-0.0732421875,-0.0732421875,-0.0732421875,0.06103515625,0.20751953125,-0.1953125,0.42724609375,-0.06103515625,1.25732421875,-0.0732421875,-0.03662109375,-0.01220703125,0.15869140625
0,0.06103515625,-0.40283203125,-0.09765625,-0.3662109375,0.09765625,-0.4150390625,-0.06103515625,-0.06103515625,-0.30517578125,0.048828125,-0.3662109375,-0.87890625,-0.048828125,1.06201171875,-0.1708984375,-0.048828125,-0.06103515625,-0.5615234375,0.048828125,-0.18310546875,0.13427734375,0.9033203125,0.06103515625,-0.59814453125,-0.0244140625,-0.62255859375,-0.146484375,-1.30615234375,-0.01220703125,0.244140625,-0.18310546875,-0.2685546875,-0.048828125,-0.91552734375,-0.35400390625,-0.91552734375,-0.2685546875,-0.5126953125,0.08544921875,-0.76904296875,0.13427734375,-0.2197265625,-0.45166015625,-0.67138671875,0.13427734375,-0.45166015625,0.1220703125,0.5615234375,0.4150390625,1.74560546875,0.06103515625,0.42724609375,-0.4638671875,-0.23193359375,-0.244140625,0.68359375,-0.3662109375,0.67138671875,0.06103515625,0.4150390625,-0.06103515625,0.72021484375,-0.048828125,0.13427734375,-0.32958984375,1.9775390625,-0.0244140625,1.123046875,0.1220703125,0.32958984375,0.048828125,0.30517578125,0.25634765625,0.23193359375,-0.1220703125,0.84228515625,0.048828125,-0.0244140625,-0.390625,1.25732421875,-0.0244140625,-0.830078125,-0.06103515625,-0.40283203125,0.08544921875,-1.025390625,-0.244140625,-0.81787109375,0.03662109375,-0.20751953125,-0.01220703125,1.84326171875,0.35400390625,1.28173828125,0.03662109375,0.59814453125,-0.146484375,-0.69580078125,-0.0244140625,-0.732421875,-0.18310546875,-0.5859375,-0.0732421875,-0.09765625,-0.0732421875,0.5615234375,-0.1708984375,-0.2685546875,-0.13427734375,3.125,-0.23193359375,1.84326171875,-0.69580078125,0.3173828125,-0.08544921875,-0.03662109375,-0.0732421875,-0.08544921875,0.01220703125,0.1953125,-0.1953125,0.48828125,-0.09765625,1.23291015625,-0.048828125,-0.06103515625,0.0244140625,0.1220703125
0,0.048828125,-0.439453125,-0.1220703125,-0.37841796875,0.0732421875,-0.439453125,-0.03662109375,-0.048828125,-0.30517578125,0.03662109375,-0.3662109375,-0.89111328125,-0.06103515625,1.0498046875,-0.1220703125,-0.048828125,-0.048828125,-0.54931640625,0.08544921875,-0.18310546875,0.09765625,0.89111328125,0.03662109375,-0.5859375,0.0732421875,-0.5859375,-0.18310546875,-1.2939453125,-0.0244140625,0.3173828125,-0.15869140625,-0.20751953125,0.03662109375,-0.76904296875,-0.25634765625,-0.830078125,-0.25634765625,-0.4638671875,0.06103515625,-0.64697265625,0.23193359375,-0.2197265625,-0.537109375,-0.68359375,0.048828125,-0.439453125,0.1953125,0.59814453125,0.47607421875,1.69677734375,0.03662109375,0.439453125,-0.4150390625,-0.18310546875,-0.2197265625,0.6591796875,-0.35400390625,0.62255859375,0.048828125,0.40283203125,0.03662109375,0.81787109375,-0.0732421875,0.18310546875,-0.2685546875,1.20849609375,-0.08544921875,1.025390625,0.1220703125,0.23193359375,-0.0244140625,0.18310546875,0.244140625,0.20751953125,-0.13427734375,0.830078125,0.10986328125,-0.0244140625,-0.4638671875,1.25732421875,-0.03662109375,-0.8544921875,-0.01220703125,-0.40283203125,0.06103515625,-1.025390625,-0.23193359375,-0.81787109375,0.03662109375,0.40283203125,0.06103515625,3.21044921875,0.28076171875,1.9287109375,0.01220703125,1.3427734375,-0.20751953125,-0.68359375,0.0732421875,-0.72021484375,-0.1953125,-0.5859375,-0.10986328125,-0.09765625,-0.01220703125,0.45166015625,-0.18310546875,-0.3662109375,-0.20751953125,2.880859375,-0.244140625,1.74560546875,-0.7080078125,0.3173828125,-0.0732421875,-0.03662109375,-0.08544921875,-0.09765625,-0.01220703125,0.1953125,-0.1708984375,0.48828125,-0.0732421875,1.171875,-0.03662109375,-0.048828125,0.03662109375,0.10986328125
0,0.06103515625,-0.439453125,-0.10986328125,-0.390625,0.03662109375,-0.45166015625,-0.01220703125,-0.0244140625,-0.29296875,0.01220703125,-0.40283203125,-0.89111328125,-0.06103515625,1.0986328125,-0.1220703125,-0.06103515625,-0.0244140625,-0.54931640625,0.08544921875,-0.18310546875,0.06103515625,0.87890625,-0.0244140625,-0.57373046875,0.1708984375,-0.5615234375,-0.1708984375,-1.26953125,-0.0244140625,0.4150390625,-0.09765625,-0.15869140625,-0.01220703125,-0.52490234375,-0.25634765625,-0.732421875,-0.30517578125,-0.341796875,0.0244140625,-0.50048828125,0.29296875,-0.23193359375,-0.59814453125,-0.67138671875,-0.0244140625,-0.42724609375,0.2685546875,0.59814453125,0.537109375,1.59912109375,-0.01220703125,0.439453125,-0.341796875,-0.15869140625,-0.2197265625,0.67138671875,-0.30517578125,0.59814453125,0.048828125,0.390625,0.048828125,0.87890625,-0.0244140625,0.1953125,-0.2197265625,0.57373046875,-0.10986328125,0.9521484375,0.10986328125,0.146484375,-0.048828125,0.10986328125,0.18310546875,0.20751953125,-0.20751953125,0.79345703125,0.15869140625,-0.0244140625,-0.50048828125,1.25732421875,-0.03662109375,-0.8544921875,0.0244140625,-0.40283203125,0.0244140625,-1.025390625,-0.25634765625,-0.81787109375,0,1.0498046875,0.18310546875,4.7607421875,0.244140625,2.6611328125,0.03662109375,2.18505859375,-0.25634765625,-0.69580078125,0.1708984375,-0.72021484375,-0.2197265625,-0.57373046875,-0.13427734375,-0.09765625,0.03662109375,0.3173828125,-0.1708984375,-0.48828125,-0.3173828125,2.63671875,-0.244140625,1.62353515625,-0.69580078125,0.3173828125,-0.06103515625,-0.0244140625,-0.06103515625,-0.09765625,-0.0244140625,0.1708984375,-0.08544921875,0.45166015625,-0.1220703125,1.1474609375,-0.06103515625,-0.06103515625,0.01220703125,0.0732421875
1,0.0244140625,-0.439453125,-0.10986328125,-0.37841796875,0.0244140625,-0.45166015625,-0.0244140625,-0.0244140625,-0.28076171875,0.01220703125,-0.40283203125,-0.87890625,-0.0732421875,1.0986328125,-0.10986328125,-0.0732421875,0.01220703125,-0.54931640625,0.06103515625,-0.1708984375,0.0244140625,0.86669921875,-0.10986328125,-0.5615234375,0.23193359375,-0.52490234375,-0.146484375,-1.23291015625,-0.03662109375,0.52490234375,-0.01220703125,-0.13427734375,-0.09765625,-0.20751953125,-0.18310546875,-0.59814453125,-0.3173828125,-0.1953125,-0.03662109375,-0.35400390625,0.32958984375,-0.2197265625,-0.5615234375,-0.67138671875,-0.08544921875,-0.4150390625,0.341796875,0.5859375,0.5859375,1.50146484375,-0.10986328125,0.45166015625,-0.244140625,-0.146484375,-0.15869140625,0.6591796875,-0.244140625,0.59814453125,0.048828125,0.4150390625,0.01220703125,0.93994140625,0.1708984375,0.18310546875,-0.1220703125,0.1220703125,-0.1220703125,0.91552734375,0.048828125,0.08544921875,-0.08544921875,0.06103515625,0.08544921875,0.1953125,-0.23193359375,0.79345703125,0.1708984375,-0.01220703125,-0.50048828125,1.2451171875,-0.048828125,-0.84228515625,0.06103515625,-0.37841796875,-0.01220703125,-1.0009765625,-0.30517578125,-0.830078125,-0.13427734375,1.7333984375,0.13427734375,6.298828125,0.1220703125,3.3935546875,-0.0244140625,3.0517578125,-0.25634765625,-0.69580078125,0.244140625,-0.72021484375,-0.23193359375,-0.57373046875,-0.13427734375,-0.09765625,0.1220703125,0.1953125,-0.15869140625,-0.59814453125,-0.37841796875,2.3193359375,-0.25634765625,1.47705078125,-0.68359375,0.30517578125,-0.0732421875,-0.03662109375,-0.06103515625,-0.10986328125,-0.048828125,0.15869140625,-0.0244140625,0.390625,-0.09765625,1.1474609375,-0.0244140625,-0.048828125,0.0244140625,0.09765625
1,0,-0.4150390625,-0.10986328125,-0.3662109375,0.01220703125,-0.42724609375,-0.0244140625,-0.03662109375,-0.30517578125,0.01220703125,-0.42724609375,-0.9033203125,-0.08544921875,1.0986328125,-0.09765625,-0.09765625,0.01220703125,-0.5615234375,-0.01220703125,-0.15869140625,-0.01220703125,0.86669921875,-0.1953125,-0.57373046875,0.25634765625,-0.50048828125,-0.15869140625,-1.220703125,-0.0244140625,0.634765625,0.0732421875,-0.0732421875,-0.15869140625,0.0732421875,-0.1708984375,-0.5126953125,-0.32958984375,-0.08544921875,-0.0732421875,-0.2197265625,0.341796875,-0.244140625,-0.3662109375,-0.67138671875,-0.146484375,-0.40283203125,0.35400390625,0.6103515625,0.57373046875,1.37939453125,-0.1220703125,0.439453125,-0.1220703125,-0.146484375,-0.09765625,0.67138671875,-0.15869140625,0.634765625,0.0732421875,0.439453125,-0.0244140625,0.96435546875,0.10986328125,0.1708984375,-0.13427734375,-0.1953125,-0.15869140625,0.89111328125,0,0.0732421875,-0.08544921875,0.06103515625,0.01220703125,0.20751953125,-0.244140625,0.8056640625,0.15869140625,0,-0.48828125,1.26953125,-0.06103515625,-0.81787109375,0.13427734375,-0.37841796875,-0.06103515625,-1.01318359375,-0.390625,-0.81787109375,-0.2197265625,2.33154296875,0.244140625,7.666015625,0.0732421875,4.04052734375,-0.08544921875,3.8330078125,-0.28076171875,-0.68359375,0.244140625,-0.72021484375,-0.244140625,-0.5859375,-0.09765625,-0.0732421875,0.1708984375,0.09765625,-0.10986328125,-0.7080078125,-0.3662109375,2.06298828125,-0.2685546875,1.35498046875,-0.6591796875,0.30517578125,-0.03662109375,-0.01220703125,-0.0732421875,-0.09765625,-0.0244140625,0.146484375,0,0.35400390625,-0.1220703125,1.18408203125,-0.048828125,0,0.01220703125,0.146484375
1,-0.01220703125,-0.390625,-0.08544921875,-0.35400390625,0,-0.439453125,-0.048828125,-0.0244140625,-0.30517578125,0,-0.42724609375,-0.89111328125,-0.0732421875,1.11083984375,-0.1220703125,-0.09765625,0.06103515625,-0.5615234375,-0.0732421875,-0.15869140625,-0.06103515625,0.86669921875,-0.25634765625,-0.57373046875,0.25634765625,-0.4638671875,-0.10986328125,-1.1962890625,-0.03662109375,0.72021484375,0.13427734375,-0.03662109375,-0.244140625,0.2685546875,-0.1708984375,-0.45166015625,-0.32958984375,-0.01220703125,-0.1220703125,-0.146484375,0.35400390625,-0.244140625,-0.3173828125,-0.64697265625,-0.10986328125,-0.4150390625,0.341796875,0.6103515625,0.54931640625,1.25732421875,-0.146484375,0.439453125,-0.0244140625,-0.1708984375,-0.03662109375,0.6591796875,-0.0732421875,0.67138671875,0.06103515625,0.439453125,-0.09765625,0.91552734375,0,0.13427734375,-0.10986328125,-0.35400390625,-0.25634765625,0.9033203125,-0.0732421875,0.08544921875,-0.10986328125,0.06103515625,-0.048828125,0.1953125,-0.244140625,0.81787109375,0.1708984375,0,-0.42724609375,1.26953125,-0.10986328125,-0.830078125,0.15869140625,-0.37841796875,-0.1220703125,-1.01318359375,-0.42724609375,-0.830078125,-0.1953125,2.8076171875,0.2197265625,8.7646484375,0.0244140625,4.58984375,-0.06103515625,4.43115234375,-0.25634765625,-0.68359375,0.20751953125,-0.7080078125,-0.20751953125,-0.57373046875,0.01220703125,-0.08544921875,0.13427734375,0.0244140625,-0.048828125,-0.76904296875,-0.29296875,1.86767578125,-0.25634765625,1.2939453125,-0.634765625,0.30517578125,-0.03662109375,0.01220703125,-0.0732421875,-0.048828125,-0.0244140625,0.13427734375,-0.06103515625,0.32958984375,-0.13427734375,1.1962890625,-0.03662109375,0.03662109375,0.0244140625,0.20751953125
1,0.01220703125,-0.390625,-0.10986328125,-0.35400390625,-0.01220703125,-0.42724609375,-0.0244140625,-0.06103515625,-0.2685546875,0,-0.439453125,-0.9033203125,-0.08544921875,1.0986328125,-0.1220703125,-0.09765625,0.0732421875,-0.5859375,-0.09765625,-0.1708984375,-0.10986328125,0.86669921875,-0.29296875,-0.5615234375,0.244140625,-0.439453125,-0.06103515625,-1.1962890625,-0.0244140625,0.78125,0.15869140625,-0.0244140625,-0.23193359375,0.35400390625,-0.15869140625,-0.439453125,-0.3173828125,0.01220703125,-0.146484375,-0.10986328125,0.29296875,-0.244140625,-0.23193359375,-0.68359375,-0.06103515625,-0.4150390625,0.3662109375,0.59814453125,0.45166015625,1.171875,-0.1708984375,0.4150390625,0.03662109375,-0.1953125,0.0732421875,0.68359375,-0.0244140625,0.732421875,0.13427734375,0.4638671875,-0.01220703125,0.8544921875,-0.03662109375,0.1220703125,-0.0732421875,-0.4150390625,-0.30517578125,0.927734375,-0.1220703125,0.09765625,-0.09765625,0.06103515625,-0.1220703125,0.20751953125,-0.23193359375,0.8544921875,0.146484375,-0.01220703125,-0.3173828125,1.2939453125,-0.1220703125,-0.81787109375,0.1953125,-0.3662109375,-0.18310546875,-1.03759765625,-0.48828125,-0.84228515625,-0.1953125,3.11279296875,0.0732421875,9.3994140625,-0.03662109375,4.9072265625,-0.06103515625,4.82177734375,-0.244140625,-0.67138671875,0.1220703125,-0.7080078125,-0.18310546875,-0.5859375,0.08544921875,-0.06103515625,0.1708984375,-0.01220703125,0,-0.81787109375,-0.18310546875,1.74560546875,-0.25634765625,1.2451171875,-0.59814453125,0.3173828125,-0.048828125,-0.01220703125,-0.06103515625,-0.03662109375,-0.048828125,0.13427734375,-0.03662109375,0.29296875,-0.13427734375,1.220703125,-0.06103515625,0.08544921875,0.0244140625,0.2685546875
1,-0.0244140625,-0.3662109375,-0.10986328125,-0.32958984375,-0.06103515625,-0.45166015625,-0.048828125,-0.06103515625,-0.29296875,-0.01220703125,-0.4150390625,-0.89111328125,-0.06103515625,1.08642578125,-0.1220703125,-0.1220703125,0.06103515625,-0.59814453125,-0.10986328125,-0.1708984375,-0.18310546875,0.87890625,-0.2685546875,-0.5615234375,0.18310546875,-0.40283203125,-0.01220703125,-1.1474609375,-0.03662109375,0.76904296875,0.09765625,-0.01220703125,-0.25634765625,0.3173828125,-0.15869140625,-0.48828125,-0.28076171875,0.0244140625,-0.1953125,-0.146484375,0.2197265625,-0.2197265625,-0.146484375,-0.67138671875,-0.048828125,-0.390625,0.341796875,0.5859375,0.3173828125,1.0986328125,-0.13427734375,0.390625,0.10986328125,-0.1953125,0.08544921875,0.69580078125,0.03662109375,0.8056640625,0.13427734375,0.4638671875,-0.13427734375,0.74462890625,-0.18310546875,0.10986328125,-0.048828125,-0.390625,-0.341796875,0.9521484375,-0.146484375,0.13427734375,-0.08544921875,0.09765625,-0.13427734375,0.244140625,-0.2197265625,0.8544921875,0.10986328125,0.01220703125,-0.2197265625,1.30615234375,-0.146484375,-0.81787109375,0.23193359375,-0.37841796875,-0.25634765625,-1.03759765625,-0.47607421875,-0.830078125,-0.18310546875,3.1982421875,-0.01220703125,9.619140625,-0.048828125,5.04150390625,-0.048828125,4.9560546875,-0.2197265625,-0.68359375,0.01220703125,-0.67138671875,-0.1220703125,-0.59814453125,0.15869140625,-0.0732421875,0.1708984375,0.01220703125,0.09765625,-0.81787109375,-0.08544921875,1.708984375,-0.2685546875,1.220703125,-0.6591796875,0.3173828125,-0.03662109375,0,-0.0732421875,-0.048828125,-0.06103515625,0.13427734375,-0.0732421875,0.3173828125,-0.146484375,1.26953125,-0.09765625,0.09765625,0.03662109375,0.30517578125
1,-0.01220703125,-0.3662109375,-0.09765625,-0.341796875,-0.06103515625,-0.439453125,-0.03662109375,-0.048828125,-0.32958984375,-0.01220703125,-0.42724609375,-0.87890625,-0.03662109375,1.08642578125,-0.13427734375,-0.146484375,0,-0.5859375,-0.09765625,-0.1220703125,-0.244140625,0.91552734375,-0.20751953125,-0.5859375,0.0732421875,-0.4150390625,0,-1.15966796875,-0.08544921875,0.732421875,-0.01220703125,-0.03662109375,-0.1953125,0.18310546875,-0.18310546875,-0.57373046875,-0.25634765625,-0.048828125,-0.244140625,-0.23193359375,0.13427734375,-0.1953125,-0.03662109375,-0.68359375,-0.048828125,-0.37841796875,0.32958984375,0.59814453125,0.25634765625,1.0498046875,-0.1708984375,0.37841796875,0.1708984375,-0.23193359375,0.146484375,0.69580078125,0.01220703125,0.830078125,0.13427734375,0.4638671875,-0.1953125,0.634765625,-0.18310546875,0.13427734375,-0.0244140625,-0.341796875,-0.35400390625,0.96435546875,-0.1708984375,0.1708984375,-0.0732421875,0.1220703125,-0.15869140625,0.244140625,-0.244140625,0.87890625,0.10986328125,-0.01220703125,-0.1220703125,1.30615234375,-0.13427734375,-0.84228515625,0.23193359375,-0.35400390625,-0.341796875,-1.03759765625,-0.48828125,-0.81787109375,-0.146484375,3.08837890625,-0.0732421875,9.3505859375,-0.0732421875,4.931640625,0,4.82177734375,-0.13427734375,-0.69580078125,-0.0732421875,-0.68359375,-0.08544921875,-0.5859375,0.23193359375,-0.06103515625,0.18310546875,0.03662109375,0.146484375,-0.79345703125,-0.048828125,1.7333984375,-0.2685546875,1.23291015625,-0.6591796875,0.32958984375,-0.0244140625,-0.01220703125,-0.0732421875,-0.06103515625,-0.0732421875,0.1708984375,0.0244140625,0.390625,-0.1220703125,1.25732421875,-0.0732421875,0.06103515625,0.03662109375,0.3173828125
1,0,-0.37841796875,-0.08544921875,-0.3662109375,-0.048828125,-0.42724609375,-0.048828125,-0.06103515625,-0.3173828125,-0.01220703125,-0.4150390625,-0.89111328125,-0.03662109375,1.06201171875,-0.146484375,-0.13427734375,-0.06103515625,-0.59814453125,-0.06103515625,-0.1220703125,-0.2685546875,0.93994140625,-0.10986328125,-0.5859375,-0.048828125,-0.42724609375,0,-1.18408203125,-0.1708984375,0.634765625,-0.13427734375,-0.08544921875,-0.146484375,-0.0244140625,-0.18310546875,-0.6591796875,-0.1953125,-0.1220703125,-0.28076171875,-0.341796875,0.0732421875,-0.1953125,0.0732421875,-0.7080078125,-0.048828125,-0.3662109375,0.30517578125,0.5859375,0.18310546875,1.03759765625,-0.1708984375,0.390625,0.20751953125,-0.244140625,0.244140625,0.7080078125,-0.06103515625,0.81787109375,0.1708984375,0.42724609375,-0.244140625,0.57373046875,-0.244140625,0.15869140625,0,-0.28076171875,-0.37841796875,0.98876953125,-0.15869140625,0.1708984375,-0.0732421875,0.146484375,-0.146484375,0.244140625,-0.18310546875,0.86669921875,0.146484375,-0.01220703125,-0.0732421875,1.30615234375,-0.09765625,-0.8544921875,0.2197265625,-0.35400390625,-0.4150390625,-1.0498046875,-0.439453125,-0.81787109375,-0.048828125,2.81982421875,-0.1220703125,8.7158203125,-0.0732421875,4.638671875,0.06103515625,4.45556640625,-0.0732421875,-0.7080078125,-0.15869140625,-0.7080078125,-0.03662109375,-0.59814453125,0.244140625,-0.048828125,0.1708984375,0.0732421875,0.20751953125,-0.78125,0,1.7822265625,-0.28076171875,1.26953125,-0.62255859375,0.32958984375,-0.0244140625,-0.01220703125,-0.0732421875,-0.0732421875,-0.09765625,0.1708984375,0.18310546875,0.5126953125,-0.10986328125,1.2451171875,-0.06103515625,0.03662109375,0.048828125,0.28076171875
1,0.01220703125,-0.390625,-0.048828125,-0.35400390625,-0.0732421875,-0.45166015625,-0.0732421875,-0.0732421875,-0.32958984375,-0.03662109375,-0.42724609375,-0.9033203125,-0.048828125,1.06201171875,-0.146484375,-0.15869140625,-0.146484375,-0.57373046875,-0.03662109375,-0.10986328125,-0.244140625,0.93994140625,-0.048828125,-0.5859375,-0.146484375,-0.4638671875,-0.03662109375,-1.1962890625,-0.2685546875,0.537109375,-0.20751953125,-0.09765625,-0.08544921875,-0.30517578125,-0.15869140625,-0.74462890625,-0.1220703125,-0.2197265625,-0.23193359375,-0.47607421875,0.048828125,-0.1953125,0.08544921875,-0.69580078125,-0.06103515625,-0.37841796875,0.30517578125,0.6103515625,0.146484375,1.0498046875,-0.1708984375,0.37841796875,0.20751953125,-0.2197265625,0.28076171875,0.68359375,-0.0732421875,0.76904296875,0.146484375,0.40283203125,-0.25634765625,0.52490234375,-0.244140625,0.244140625,-0.03662109375,-0.244140625,-0.37841796875,1.0009765625,-0.1220703125,0.20751953125,-0.08544921875,0.146484375,-0.08544921875,0.244140625,-0.10986328125,0.86669921875,0.20751953125,-0.03662109375,-0.0732421875,1.28173828125,-0.06103515625,-0.9033203125,0.15869140625,-0.32958984375,-0.48828125,-1.0498046875,-0.40283203125,-0.81787109375,0.048828125,2.4169921875,-0.13427734375,7.82470703125,-0.0244140625,4.19921875,0.0732421875,3.955078125,-0.01220703125,-0.7080078125,-0.20751953125,-0.7080078125,0,-0.5859375,0.23193359375,-0.06103515625,0.1220703125,0.10986328125,0.2197265625,-0.76904296875,0.03662109375,1.81884765625,-0.32958984375,1.30615234375,-0.634765625,0.3173828125,-0.01220703125,-0.0244140625,-0.08544921875,-0.0732421875,-0.1220703125,0.1708984375,0.09765625,0.634765625,-0.10986328125,1.23291015625,-0.06103515625,0.0244140625,0,0.244140625
1,0.0244140625,-0.4150390625,-0.048828125,-0.3662109375,-0.1220703125,-0.45166015625,-0.06103515625,-0.08544921875,-0.30517578125,-0.048828125,-0.439453125,-0.9033203125,-0.06103515625,1.03759765625,-0.146484375,-0.1708984375,-0.1953125,-0.57373046875,0.0244140625,-0.1220703125,-0.20751953125,0.9521484375,-0.03662109375,-0.5859375,-0.2197265625,-0.50048828125,-0.0732421875,-1.220703125,-0.37841796875,0.439453125,-0.2197265625,-0.15869140625,0.0244140625,-0.54931640625,-0.09765625,-0.830078125,-0.03662109375,-0.3173828125,-0.20751953125,-0.5859375,0.06103515625,-0.2197265625,0.0732421875,-0.72021484375,-0.01220703125,-0.3662109375,0.2685546875,0.59814453125,0.048828125,1.0986328125,-0.146484375,0.4150390625,0.20751953125,-0.20751953125,0.3662109375,0.69580078125,-0.1220703125,0.72021484375,0.1708984375,0.37841796875,-0.2197265625,0.54931640625,-0.2685546875,0.439453125,-0.13427734375,-0.20751953125,-0.341796875,0.98876953125,-0.0732421875,0.20751953125,-0.146484375,0.146484375,-0.10986328125,0.2197265625,-0.03662109375,0.87890625,0.2685546875,-0.03662109375,-0.08544921875,1.28173828125,0.03662109375,-0.93994140625,0.10986328125,-0.32958984375,-0.4638671875,-1.03759765625,-0.32958984375,-0.79345703125,0.09765625,1.9287109375,-0.146484375,6.787109375,-0.01220703125,3.67431640625,0.048828125,3.3203125,0,-0.732421875,-0.2197265625,-0.7080078125,0.048828125,-0.59814453125,0.18310546875,-0.06103515625,0.06103515625,0.13427734375,0.1953125,-0.76904296875,0.048828125,1.8310546875,-0.3662109375,1.30615234375,-0.5859375,0.32958984375,-0.0244140625,-0.0244140625,-0.0732421875,-0.10986328125,-0.1708984375,0.1708984375,0.10986328125,0.9033203125,-0.09765625,1.23291015625,-0.06103515625,0,0.0244140625,0.1953125
1,0.048828125,-0.4150390625,-0.01220703125,-0.40283203125,-0.10986328125,-0.45166015625,-0.048828125,-0.06103515625,-0.2685546875,-0.048828125,-0.439453125,-0.91552734375,-0.06103515625,1.03759765625,-0.146484375,-0.1708984375,-0.20751953125,-0.57373046875,0.048828125,-0.1220703125,-0.09765625,0.927734375,-0.03662109375,-0.59814453125,-0.2685546875,-0.537109375,-0.10986328125,-1.2939453125,-0.42724609375,0.32958984375,-0.2197265625,-0.18310546875,-0.03662109375,-0.68359375,-0.0244140625,-0.87890625,-0.01220703125,-0.390625,-0.23193359375,-0.6591796875,0.1708984375,-0.2197265625,0.08544921875,-0.72021484375,0.0244140625,-0.3662109375,0.29296875,0.6103515625,0.0244140625,1.13525390625,-0.1220703125,0.42724609375,0.25634765625,-0.18310546875,0.37841796875,0.68359375,-0.18310546875,0.64697265625,0.20751953125,0.35400390625,-0.2685546875,0.67138671875,-0.3173828125,0.68359375,-0.1953125,-0.20751953125,-0.35400390625,0.96435546875,-0.0244140625,0.20751953125,-0.18310546875,0.13427734375,-0.0732421875,0.20751953125,0.10986328125,0.86669921875,0.30517578125,-0.0244140625,-0.13427734375,1.2939453125,0.06103515625,-1.025390625,0.048828125,-0.35400390625,-0.40283203125,-1.025390625,-0.30517578125,-0.81787109375,0.15869140625,1.42822265625,-0.146484375,5.7861328125,0.048828125,3.1005859375,0.0244140625,2.67333984375,-0.0244140625,-0.732421875,-0.23193359375,-0.72021484375,0.048828125,-0.5859375,0.146484375,-0.0732421875,-0.01220703125,0.08544921875,0.1220703125,-0.81787109375,0.01220703125,1.7333984375,-0.32958984375,1.26953125,-0.5859375,0.341796875,-0.048828125,-0.01220703125,-0.0732421875,-0.10986328125,-0.18310546875,0.1708984375,0.10986328125,1.2451171875,-0.09765625,1.26953125,-0.048828125,0.03662109375,0,0.25634765625
1,0.0732421875,-0.45166015625,0,-0.40283203125,-0.10986328125,-0.4638671875,-0.048828125,-0.06103515625,-0.244140625,-0.03662109375,-0.45166015625,-0.91552734375,-0.06103515625,1.07421875,-0.146484375,-0.1708984375,-0.18310546875,-0.5859375,0.08544921875,-0.13427734375,-0.03662109375,0.89111328125,-0.10986328125,-0.59814453125,-0.23193359375,-0.57373046875,-0.1220703125,-1.2939453125,-0.45166015625,0.28076171875,-0.18310546875,-0.2197265625,-0.06103515625,-0.7568359375,0.03662109375,-0.9033203125,0.03662109375,-0.439453125,-0.1953125,-0.68359375,0.28076171875,-0.244140625,0.03662109375,-0.72021484375,0.03662109375,-0.390625,0.29296875,0.62255859375,0.01220703125,1.171875,-0.0732421875,0.439453125,0.244140625,-0.18310546875,0.341796875,0.68359375,-0.1953125,0.62255859375,0.2197265625,0.3662109375,-0.3173828125,0.87890625,-0.32958984375,1.01318359375,-0.13427734375,-0.2197265625,-0.37841796875,0.96435546875,0,0.146484375,-0.25634765625,0.09765625,-0.08544921875,0.18310546875,0.20751953125,0.8544921875,0.32958984375,-0.048828125,-0.1708984375,1.25732421875,0.06103515625,-1.07421875,0.0244140625,-0.3662109375,-0.2685546875,-1.03759765625,-0.28076171875,-0.830078125,0.1953125,0.9765625,-0.146484375,4.84619140625,0.0732421875,2.62451171875,0.01220703125,2.0751953125,-0.06103515625,-0.74462890625,-0.1953125,-0.732421875,0.01220703125,-0.57373046875,0.0732421875,-0.06103515625,-0.10986328125,-0.01220703125,0.0244140625,-0.9033203125,0.048828125,1.5380859375,-0.32958984375,1.18408203125,-0.5859375,0.341796875,-0.03662109375,-0.01220703125,-0.0732421875,-0.10986328125,-0.1708984375,0.1708984375,0.10986328125,1.7333984375,-0.1220703125,1.416015625,-0.06103515625,0.1953125,0.01220703125,0.390625
1,0.0732421875,-0.45166015625,0.03662109375,-0.390625,-0.15869140625,-0.45166015625,-0.06103515625,-0.048828125,-0.244140625,-0.03662109375,-0.4638671875,-0.91552734375,-0.03662109375,1.06201171875,-0.13427734375,-0.146484375,-0.1220703125,-0.57373046875,0.06103515625,-0.146484375,0.03662109375,0.87890625,-0.10986328125,-0.59814453125,-0.1953125,-0.62255859375,-0.09765625,-1.33056640625,-0.50048828125,0.23193359375,-0.15869140625,-0.23193359375,-0.1708984375,-0.732421875,0.01220703125,-0.86669921875,0.01220703125,-0.45166015625,-0.1953125,-0.69580078125,0.32958984375,-0.244140625,0.06103515625,-0.7080078125,0.09765625,-0.40283203125,0.29296875,0.634765625,-0.0244140625,1.20849609375,-0.048828125,0.45166015625,0.1953125,-0.18310546875,0.29296875,0.68359375,-0.28076171875,0.64697265625,0.2197265625,0.4150390625,-0.341796875,1.1474609375,-0.390625,1.47705078125,-0.1953125,-0.23193359375,-0.390625,0.96435546875,0.01220703125,0.18310546875,-0.28076171875,0.09765625,-0.146484375,0.18310546875,0.29296875,0.86669921875,0.29296875,-0.048828125,-0.20751953125,1.2451171875,0.0732421875,-1.11083984375,-0.01220703125,-0.3662109375,-0.09765625,-1.025390625,-0.2197265625,-0.81787109375,0.1953125,0.5615234375,-0.08544921875,4.0283203125,0.0732421875,2.1484375,0,1.55029296875,-0.1220703125,-0.732421875,-0.146484375,-0.72021484375,-0.03662109375,-0.5615234375,-0.01220703125,-0.08544921875,-0.146484375,-0.146484375,-0.06103515625,-1.03759765625,-0.01220703125,1.20849609375,-0.3173828125,1.07421875,-0.5615234375,0.341796875,-0.01220703125,-0.0244140625,-0.0732421875,-0.09765625,-0.1953125,0.1708984375,0.13427734375,2.3681640625,-0.1220703125,1.67236328125,-0.0732421875,0.42724609375,0.048828125,0.69580078125
1,0.0732421875,-0.45166015625,0.08544921875,-0.3662109375,-0.13427734375,-0.4638671875,-0.06103515625,-0.048828125,-0.244140625,-0.048828125,-0.45166015625,-0.89111328125,-0.01220703125,1.08642578125,-0.13427734375,-0.1220703125,-0.0244140625,-0.5615234375,0.01220703125,-0.146484375,0.09765625,0.86669921875,-0.15869140625,-0.5859375,-0.15869140625,-0.634765625,-0.048828125,-1.33056640625,-0.439453125,0.244140625,-0.18310546875,-0.244140625,-0.3173828125,-0.62255859375,-0.01220703125,-0.830078125,0,-0.42724609375,-0.1953125,-0.6591796875,0.341796875,-0.244140625,0.09765625,-0.72021484375,0.1220703125,-0.42724609375,0.3173828125,0.634765625,0,1.26953125,-0.03662109375,0.45166015625,0.146484375,-0.1953125,0.29296875,0.67138671875,-0.35400390625,0.74462890625,0.20751953125,0.5126953125,-0.2685546875,1.45263671875,-0.537109375,2.05078125,-0.20751953125,-0.20751953125,-0.30517578125,0.93994140625,0.01220703125,0.15869140625,-0.25634765625,0.08544921875,-0.15869140625,0.1708984375,0.32958984375,0.84228515625,0.28076171875,-0.03662109375,-0.29296875,1.25732421875,0.0732421875,-1.123046875,-0.01220703125,-0.40283203125,0.03662109375,-1.0498046875,-0.20751953125,-0.84228515625,0.10986328125,0.2197265625,-0.0732421875,3.369140625,0.0244140625,1.77001953125,-0.0244140625,1.11083984375,-0.13427734375,-0.72021484375,-0.146484375,-0.72021484375,-0.0732421875,-0.5615234375,-0.06103515625,-0.0732421875,-0.08544921875,-0.3173828125,-0.18310546875,-1.18408203125,-0.1220703125,0.79345703125,-0.2685546875,0.91552734375,-0.5615234375,0.3662109375,-0.0244140625,-0.0244140625,-0.0732421875,-0.09765625,-0.15869140625,0.18310546875,-0.0244140625,3.18603515625,-0.1220703125,2.0263671875,-0.09765625,0.7568359375,0.048828125,1.15966796875
0,0.06103515625,-0.4150390625,0.10986328125,-0.341796875,-0.1708984375,-0.47607421875,-0.0732421875,-0.0244140625,-0.23193359375,-0.048828125,-0.439453125,-0.89111328125,-0.0244140625,1.07421875,-0.146484375,-0.10986328125,0.048828125,-0.57373046875,-0.0732421875,-0.15869140625,0.048828125,0.84228515625,-0.1708984375,-0.5859375,-0.1708984375,-0.64697265625,-0.01220703125,-1.30615234375,-0.390625,0.2685546875,-0.244140625,-0.23193359375,-0.30517578125,-0.4638671875,0.01220703125,-0.76904296875,0.01220703125,-0.390625,-0.146484375,-0.62255859375,0.3173828125,-0.2685546875,0.048828125,-0.7080078125,0.1220703125,-0.439453125,0.3173828125,0.62255859375,0.0244140625,1.26953125,-0.08544921875,0.4638671875,0.15869140625,-0.1708984375,0.29296875,0.69580078125,-0.341796875,0.91552734375,0.1708984375,0.62255859375,-0.2197265625,1.77001953125,-0.439453125,2.72216796875,-0.244140625,-0.1953125,-0.23193359375,0.9521484375,0,0.1708984375,-0.1953125,0.08544921875,-0.18310546875,0.1708984375,0.3662109375,0.8544921875,0.244140625,-0.03662109375,-0.30517578125,1.26953125,0.048828125,-1.11083984375,0,-0.390625,0.18310546875,-1.01318359375,-0.2197265625,-0.86669921875,0.048828125,-0.09765625,-0.1220703125,2.86865234375,-0.048828125,1.4404296875,-0.048828125,0.74462890625,-0.1708984375,-0.72021484375,-0.03662109375,-0.72021484375,-0.1220703125,-0.54931640625,-0.1220703125,-0.03662109375,-0.03662109375,-0.48828125,-0.28076171875,-1.3427734375,-0.1708984375,0.3173828125,-0.28076171875,0.732421875,-0.54931640625,0.390625,-0.0244140625,-0.0244140625,-0.06103515625,-0.08544921875,-0.10986328125,0.18310546875,-0.09765625,4.18701171875,-0.146484375,2.47802734375,-0.09765625,1.20849609375,0.08544921875,1.77001953125
0,0.048828125,-0.40283203125,0.13427734375,-0.32958984375,-0.146484375,-0.4638671875,-0.06103515625,-0.0244140625,-0.2197265625,-0.048828125,-0.42724609375,-0.86669921875,-0.048828125,1.08642578125,-0.1708984375,-0.10986328125,0.13427734375,-0.57373046875,-0.1220703125,-0.15869140625,0.03662109375,0.830078125,-0.15869140625,-0.5859375,-0.08544921875,-0.62255859375,0.0244140625,-1.30615234375,-0.28076171875,0.32958984375,-0.28076171875,-0.20751953125,-0.35400390625,-0.30517578125,-0.06103515625,-0.732421875,-0.01220703125,-0.341796875,-0.23193359375,-0.54931640625,0.30517578125,-0.25634765625,0.09765625,-0.7080078125,0.1220703125,-0.4638671875,0.42724609375,0.59814453125,0.0244140625,1.28173828125,-0.13427734375,0.439453125,0.15869140625,-0.1708984375,0.30517578125,0.69580078125,-0.341796875,1.13525390625,0.13427734375,0.78125,-0.18310546875,2.06298828125,-0.5126953125,3.466796875,-0.25634765625,-0.146484375,-0.18310546875,0.93994140625,-0.0244140625,0.1708984375,-0.18310546875,0.09765625,-0.1953125,0.18310546875,0.390625,0.86669921875,0.15869140625,-0.03662109375,-0.35400390625,1.26953125,-0.01220703125,-1.07421875,0,-0.42724609375,0.25634765625,-1.025390625,-0.25634765625,-0.89111328125,0.01220703125,-0.341796875,-0.15869140625,2.38037109375,-0.13427734375,1.13525390625,-0.10986328125,0.42724609375,-0.20751953125,-0.72021484375,0.01220703125,-0.72021484375,-0.146484375,-0.54931640625,-0.09765625,-0.048828125,0.048828125,-0.68359375,-0.32958984375,-1.513671875,-0.13427734375,-0.18310546875,-0.2685546875,0.5615234375,-0.52490234375,0.42724609375,-0.01220703125,-0.0244140625,-0.08544921875,-0.06103515625,-0.06103515625,0.1708984375,-0.09765625,5.2490234375,-0.18310546875,3.0029296875,-0.1220703125,1.7333984375,0.08544921875,2.50244140625
0,0.03662109375,-0.37841796875,0.1220703125,-0.341796875,-0.1708984375,-0.439453125,-0.03662109375,-0.06103515625,-0.23193359375,-0.048828125,-0.3662109375,-0.87890625,-0.048828125,1.07421875,-0.15869140625,-0.10986328125,0.1953125,-0.59814453125,-0.15869140625,-0.1708984375,-0.0244140625,0.84228515625,-0.1708984375,-0.59814453125,0.01220703125,-0.59814453125,0.06103515625,-1.28173828125,-0.146484375,0.390625,-0.3173828125,-0.18310546875,-0.30517578125,-0.1953125,-0.08544921875,-0.72021484375,0.0244140625,-0.29296875,-0.2685546875,-0.537109375,0.29296875,-0.25634765625,0.048828125,-0.68359375,0.1220703125,-0.45166015625,0.45166015625,0.59814453125,0.01220703125,1.28173828125,-0.1220703125,0.42724609375,0.146484375,-0.18310546875,0.30517578125,0.69580078125,-0.30517578125,1.42822265625,0.1220703125,0.93994140625,-0.18310546875,2.28271484375,-0.40283203125,4.248046875,-0.18310546875,-0.10986328125,-0.1220703125,0.9521484375,-0.03662109375,0.1708984375,-0.09765625,0.1220703125,-0.09765625,0.20751953125,0.439453125,0.87890625,0.048828125,-0.01220703125,-0.341796875,1.2939453125,-0.09765625,-1.03759765625,0.0244140625,-0.439453125,0.29296875,-1.01318359375,-0.35400390625,-0.86669921875,0.0244140625,-0.5859375,-0.20751953125,1.94091796875,-0.2197265625,0.8544921875,-0.146484375,0.1220703125,-0.20751953125,-0.69580078125,0.08544921875,-0.7080078125,-0.13427734375,-0.5615234375,-0.0732421875,-0.0244140625,0.10986328125,-0.81787109375,-0.32958984375,-1.66015625,-0.10986328125,-0.634765625,-0.25634765625,0.4150390625,-0.5126953125,0.45166015625,-0.01220703125,-0.03662109375,-0.08544921875,-0.0244140625,-0.06103515625,0.15869140625,-0.0244140625,6.35986328125,-0.146484375,3.52783203125,-0.09765625,2.23388671875,0.10986328125,3.22265625
0,0.0244140625,-0.35400390625,0.10986328125,-0.341796875,-0.15869140625,-0.439453125,0.01220703125,-0.06103515625,-0.23193359375,-0.06103515625,-0.341796875,-0.86669921875,-0.0732421875,1.0986328125,-0.146484375,-0.1220703125,0.23193359375,-0.59814453125,-0.1953125,-0.1708984375,-0.10986328125,0.84228515625,-0.13427734375,-0.6103515625,0.09765625,-0.57373046875,0.0732421875,-1.25732421875,-0.06103515625,0.45166015625,-0.3173828125,-0.1708984375,-0.25634765625,-0.146484375,-0.15869140625,-0.7080078125,0.048828125,-0.2685546875,-0.244140625,-0.537109375,0.341796875,-0.20751953125,0.03662109375,-0.69580078125,0.1220703125,-0.439453125,0.47607421875,0.59814453125,0.01220703125,1.25732421875,-0.06103515625,0.4150390625,0.10986328125,-0.2197265625,0.2685546875,0.7080078125,-0.25634765625,1.69677734375,0.13427734375,1.0986328125,-0.13427734375,2.40478515625,-0.439453125,5.0048828125,-0.15869140625,-0.06103515625,-0.0244140625,0.9765625,-0.0244140625,0.1953125,-0.03662109375,0.15869140625,-0.01220703125,0.23193359375,0.4150390625,0.87890625,-0.03662109375,-0.0244140625,-0.3173828125,1.2939453125,-0.146484375,-0.9765625,0.0244140625,-0.45166015625,0.244140625,-0.98876953125,-0.390625,-0.86669921875,0.048828125,-0.8544921875,-0.244140625,1.46484375,-0.25634765625,0.54931640625,-0.13427734375,-0.2197265625,-0.20751953125,-0.69580078125,0.1220703125,-0.7080078125,-0.0732421875,-0.54931640625,-0.10986328125,-0.0244140625,0.10986328125,-0.927734375,-0.29296875,-1.72119140625,-0.09765625,-0.96435546875,-0.244140625,0.3173828125,-0.50048828125,0.47607421875,-0.01220703125,-0.03662109375,-0.08544921875,0,-0.0732421875,0.1708984375,0.0244140625,7.43408203125,-0.146484375,3.9794921875,-0.06103515625,2.7099609375,0.1220703125,3.94287109375
0,0,-0.35400390625,0.10986328125,-0.35400390625,-0.20751953125,-0.4150390625,0.048828125,-0.08544921875,-0.25634765625,-0.048828125,-0.37841796875,-0.87890625,-0.03662109375,1.08642578125,-0.146484375,-0.1708984375,0.23193359375,-0.6103515625,-0.2197265625,-0.1708984375,-0.146484375,0.84228515625,-0.13427734375,-0.6103515625,0.18310546875,-0.5126953125,0.09765625,-1.23291015625,0.01220703125,0.50048828125,-0.244140625,-0.13427734375,-0.2197265625,-0.15869140625,-0.1953125,-0.732421875,0.08544921875,-0.29296875,-0.35400390625,-0.5615234375,0.32958984375,-0.2197265625,0.1220703125,-0.7080078125,0.09765625,-0.439453125,0.50048828125,0.57373046875,-0.01220703125,1.25732421875,-0.0732421875,0.4150390625,0.06103515625,-0.2197265625,0.18310546875,0.69580078125,-0.28076171875,1.9775390625,0.0732421875,1.2451171875,-0.1953125,2.42919921875,-0.3662109375,5.712890625,-0.1953125,-0.03662109375,0.048828125,0.96435546875,-0.048828125,0.20751953125,-0.01220703125,0.1708984375,0.09765625,0.244140625,0.3662109375,0.8544921875,-0.13427734375,0,-0.29296875,1.30615234375,-0.1953125,-0.9033203125,0.03662109375,-0.439453125,0.18310546875,-1.0009765625,-0.35400390625,-0.84228515625,0.06103515625,-1.1474609375,-0.20751953125,0.91552734375,-0.28076171875,0.1953125,-0.09765625,-0.5859375,-0.20751953125,-0.69580078125,0.18310546875,-0.67138671875,-0.0244140625,-0.5615234375,-0.08544921875,-0.03662109375,0.13427734375,-0.93994140625,-0.1708984375,-1.74560546875,-0.03662109375,-1.13525390625,-0.2197265625,0.25634765625,-0.47607421875,0.50048828125,0.01220703125,-0.03662109375,-0.06103515625,0.01220703125,-0.06103515625,0.15869140625,-0.08544921875,8.43505859375,-0.1708984375,4.345703125,-0.0732421875,3.08837890625,0.048828125,4.52880859375
0,-0.0244140625,-0.3662109375,0.0732421875,-0.37841796875,-0.1953125,-0.40283203125,0.03662109375,-0.10986328125,-0.25634765625,-0.06103515625,-0.32958984375,-0.9033203125,-0.03662109375,1.07421875,-0.10986328125,-0.1708984375,0.1953125,-0.6103515625,-0.244140625,-0.18310546875,-0.146484375,0.86669921875,-0.13427734375,-0.62255859375,0.2197265625,-0.52490234375,0.08544921875,-1.220703125,0.0244140625,0.5126953125,-0.1953125,-0.15869140625,-0.2197265625,-0.20751953125,-0.2197265625,-0.74462890625,0.09765625,-0.29296875,-0.439453125,-0.5859375,0.30517578125,-0.1953125,0.0244140625,-0.69580078125,0.08544921875,-0.390625,0.50048828125,0.57373046875,-0.0244140625,1.2451171875,-0.0244140625,0.4150390625,0.01220703125,-0.23193359375,0.06103515625,0.69580078125,-0.25634765625,2.18505859375,0.06103515625,1.3427734375,-0.15869140625,2.38037109375,-0.20751953125,6.34765625,-0.146484375,-0.03662109375,0.1708984375,0.98876953125,-0.01220703125,0.23193359375,0.08544921875,0.18310546875,0.1708984375,0.244140625,0.3173828125,0.84228515625,-0.1953125,-0.01220703125,-0.2685546875,1.2939453125,-0.15869140625,-0.8056640625,0.06103515625,-0.42724609375,0.1220703125,-1.0009765625,-0.35400390625,-0.830078125,0.08544921875,-1.45263671875,-0.1708984375,0.30517578125,-0.244140625,-0.15869140625,-0.06103515625,-1.0009765625,-0.1708984375,-0.69580078125,0.20751953125,-0.67138671875,0.03662109375,-0.5859375,-0.10986328125,-0.0244140625,0.146484375,-0.9033203125,-0.0732421875,-1.72119140625,-0.09765625,-1.123046875,-0.20751953125,0.25634765625,-0.4638671875,0.5126953125,0.01220703125,-0.0244140625,-0.09765625,0.01220703125,-0.06103515625,0.10986328125,-0.0732421875,9.228515625,-0.1220703125,4.60205078125,0,3.33251953125,0.0732421875,4.98046875
0,-0.03662109375,-0.390625,0.0244140625,-0.3662109375,-0.18310546875,-0.40283203125,0.06103515625,-0.10986328125,-0.20751953125,-0.06103515625,-0.32958984375,-0.89111328125,-0.06103515625,1.07421875,-0.13427734375,-0.1708984375,0.1220703125,-0.59814453125,-0.25634765625,-0.15869140625,-0.15869140625,0.8544921875,-0.15869140625,-0.6103515625,0.2197265625,-0.50048828125,0.03662109375,-1.20849609375,-0.048828125,0.54931640625,-0.1708984375,-0.146484375,-0.2197265625,-0.30517578125,-0.18310546875,-0.76904296875,0.10986328125,-0.341796875,-0.45166015625,-0.6103515625,0.3173828125,-0.2197265625,0.048828125,-0.68359375,0.0732421875,-0.3662109375,0.47607421875,0.5859375,-0.08544921875,1.220703125,-0.03662109375,0.42724609375,0,-0.244140625,-0.01220703125,0.68359375,-0.28076171875,2.33154296875,0.09765625,1.416015625,0,2.20947265625,-0.09765625,6.84814453125,-0.15869140625,-0.03662109375,0.2197265625,0.98876953125,0.0244140625,0.20751953125,0.08544921875,0.1708984375,0.18310546875,0.23193359375,0.25634765625,0.86669921875,-0.20751953125,-0.01220703125,-0.23193359375,1.28173828125,-0.09765625,-0.732421875,0.048828125,-0.4150390625,0.03662109375,-1.01318359375,-0.2685546875,-0.81787109375,0.08544921875,-1.7822265625,-0.09765625,-0.32958984375,-0.1953125,-0.5126953125,0.01220703125,-1.42822265625,-0.146484375,-0.7080078125,0.18310546875,-0.6591796875,0.0732421875,-0.5859375,-0.1220703125,-0.03662109375,0.09765625,-0.81787109375,0.0244140625,-1.611328125,0.048828125,-0.9033203125,-0.244140625,0.3662109375,-0.439453125,0.52490234375,0.0244140625,-0.048828125,-0.0732421875,0.0244140625,-0.06103515625,0.10986328125,-0.0732421875,9.8388671875,-0.18310546875,4.7119140625,-0.01220703125,3.4912109375,0.0244140625,5.21240234375
0,-0.06103515625,-0.40283203125,0.03662109375,-0.37841796875,-0.20751953125,-0.40283203125,0.03662109375,-0.09765625,-0.15869140625,-0.048828125,-0.32958984375,-0.89111328125,-0.06103515625,1.0498046875,-0.13427734375,-0.18310546875,0.08544921875,-0.59814453125,-0.25634765625,-0.15869140625,-0.08544921875,0.87890625,-0.15869140625,-0.59814453125,0.1708984375,-0.48828125,-0.01220703125,-1.1962890625,-0.18310546875,0.537109375,-0.146484375,-0.1220703125,-0.23193359375,-0.390625,-0.048828125,-0.76904296875,0.13427734375,-0.341796875,-0.4638671875,-0.634765625,0.25634765625,-0.2197265625,0.09765625,-0.69580078125,0.0732421875,-0.35400390625,0.45166015625,0.59814453125,-0.1953125,1.220703125,0.0244140625,0.45166015625,-0.03662109375,-0.23193359375,-0.10986328125,0.69580078125,-0.32958984375,2.40478515625,0.10986328125,1.47705078125,0.0732421875,2.001953125,0.0732421875,7.18994140625,-0.15869140625,-0.048828125,0.30517578125,1.0009765625,0.09765625,0.1953125,0.08544921875,0.18310546875,0.20751953125,0.20751953125,0.23193359375,0.84228515625,-0.20751953125,-0.01220703125,-0.2197265625,1.25732421875,-0.048828125,-0.69580078125,0.06103515625,-0.40283203125,-0.01220703125,-1.01318359375,-0.23193359375,-0.81787109375,0.06103515625,-2.06298828125,-0.01220703125,-0.91552734375,-0.1220703125,-0.87890625,0.03662109375,-1.806640625,-0.0732421875,-0.7080078125,0.08544921875,-0.6591796875,0.09765625,-0.6103515625,-0.10986328125,-0.048828125,0.09765625,-0.634765625,0.06103515625,-1.46484375,0.146484375,-0.50048828125,-0.2685546875,0.5126953125,-0.4150390625,0.50048828125,0.01220703125,-0.01220703125,-0.0732421875,0.0244140625,-0.06103515625,0.10986328125,0,10.14404296875,-0.1708984375,4.69970703125,-0.0244140625,3.47900390625,0.01220703125,5.2978515625
0,-0.06103515625,-0.439453125,0.0244140625,-0.37841796875,-0.2197265625,-0.4150390625,0.048828125,-0.08544921875,-0.13427734375,-0.06103515625,-0.3173828125,-0.9033203125,-0.08544921875,1.0498046875,-0.09765625,-0.1708984375,0.0244140625,-0.5859375,-0.29296875,-0.13427734375,-0.0244140625,0.87890625,-0.1953125,-0.59814453125,0.15869140625,-0.48828125,0,-1.15966796875,-0.3173828125,0.537109375,-0.09765625,-0.13427734375,-0.29296875,-0.439453125,0.10986328125,-0.76904296875,0.13427734375,-0.3662109375,-0.45166015625,-0.5859375,0.23193359375,-0.23193359375,0.10986328125,-0.68359375,0.08544921875,-0.341796875,0.40283203125,0.5859375,-0.10986328125,1.220703125,0.01220703125,0.47607421875,-0.06103515625,-0.20751953125,-0.18310546875,0.69580078125,-0.3173828125,2.4169921875,0.146484375,1.45263671875,0.09765625,1.7822265625,0.2685546875,7.40966796875,-0.1220703125,-0.048828125,0.37841796875,1.0009765625,0.18310546875,0.1708984375,0.09765625,0.1953125,0.18310546875,0.20751953125,0.18310546875,0.79345703125,-0.13427734375,-0.0244140625,-0.23193359375,1.25732421875,-0.0244140625,-0.64697265625,0.08544921875,-0.40283203125,-0.048828125,-1.01318359375,-0.244140625,-0.81787109375,0.09765625,-2.28271484375,0.06103515625,-1.3916015625,-0.03662109375,-1.13525390625,0.06103515625,-2.1240234375,0,-0.69580078125,0.0244140625,-0.68359375,0.08544921875,-0.59814453125,-0.09765625,-0.0732421875,0.06103515625,-0.45166015625,0.10986328125,-1.2451171875,0.15869140625,0.0732421875,-0.29296875,0.732421875,-0.37841796875,0.50048828125,0.048828125,0,-0.0732421875,0.01220703125,-0.048828125,0.10986328125,-0.03662109375,10.205078125,-0.146484375,4.60205078125,-0.0244140625,3.38134765625,0.048828125,5.23681640625
0,-0.0732421875,-0.45166015625,0.03662109375,-0.390625,-0.15869140625,-0.439453125,0.0732421875,-0.0732421875,-0.09765625,-0.06103515625,-0.30517578125,-0.87890625,-0.048828125,1.07421875,-0.09765625,-0.1708984375,-0.0244140625,-0.57373046875,-0.28076171875,-0.13427734375,0.0244140625,0.87890625,-0.20751953125,-0.5859375,0.0732421875,-0.50048828125,0.01220703125,-1.15966796875,-0.35400390625,0.52490234375,-0.10986328125,-0.1220703125,-0.3662109375,-0.42724609375,0.20751953125,-0.74462890625,0.10986328125,-0.35400390625,-0.42724609375,-0.5615234375,0.20751953125,-0.244140625,0.13427734375,-0.7080078125,0.0732421875,-0.35400390625,0.37841796875,0.6103515625,-0.09765625,1.23291015625,0.048828125,0.48828125,-0.08544921875,-0.18310546875,-0.20751953125,0.69580078125,-0.32958984375,2.3681640625,0.1953125,1.4404296875,0.20751953125,1.55029296875,0.23193359375,7.45849609375,-0.09765625,-0.0244140625,0.341796875,1.025390625,0.18310546875,0.15869140625,0.01220703125,0.20751953125,0.1953125,0.18310546875,0.146484375,0.81787109375,-0.13427734375,-0.048828125,-0.25634765625,1.2451171875,0,-0.62255859375,0.1220703125,-0.390625,-0.06103515625,-1.0009765625,-0.244140625,-0.79345703125,0.1220703125,-2.392578125,0.10986328125,-1.69677734375,0.08544921875,-1.2939453125,0.09765625,-2.34375,0.06103515625,-0.72021484375,-0.03662109375,-0.68359375,0.048828125,-0.59814453125,-0.09765625,-0.0732421875,0.0244140625,-0.18310546875,0.146484375,-1.01318359375,0.048828125,0.7568359375,-0.20751953125,0.98876953125,-0.3662109375,0.4638671875,0.048828125,0.01220703125,-0.06103515625,0,-0.01220703125,0.13427734375,-0.10986328125,10.02197265625,-0.18310546875,4.443359375,-0.048828125,3.22265625,0.06103515625,5.01708984375
0,-0.08544921875,-0.45166015625,0.06103515625,-0.390625,-0.20751953125,-0.4638671875,0.08544921875,-0.08544921875,-0.06103515625,-0.048828125,-0.30517578125,-0.89111328125,-0.06103515625,1.08642578125,-0.0732421875,-0.1708984375,-0.03662109375,-0.5615234375,-0.25634765625,-0.13427734375,0.09765625,0.86669921875,-0.1708984375,-0.6103515625,-0.0244140625,-0.50048828125,0.0732421875,-1.15966796875,-0.4150390625,0.54931640625,-0.10986328125,-0.08544921875,-0.29296875,-0.390625,0.30517578125,-0.72021484375,0.0732421875,-0.30517578125,-0.341796875,-0.50048828125,0.20751953125,-0.25634765625,0.09765625,-0.68359375,0.08544921875,-0.40283203125,0.35400390625,0.5859375,-0.15869140625,1.2451171875,0.03662109375,0.50048828125,-0.1708984375,-0.1708984375,-0.341796875,0.68359375,-0.3662109375,2.30712890625,0.1953125,1.3916015625,0.244140625,1.3671875,0.30517578125,7.36083984375,-0.01220703125,0.0244140625,0.2685546875,1.0498046875,0.20751953125,0.15869140625,-0.048828125,0.1953125,0.20751953125,0.1708984375,0.13427734375,0.78125,-0.0732421875,-0.06103515625,-0.28076171875,1.25732421875,0,-0.59814453125,0.13427734375,-0.40283203125,-0.03662109375,-1.01318359375,-0.30517578125,-0.8056640625,0.1708984375,-2.42919921875,0.1220703125,-1.77001953125,0.1708984375,-1.35498046875,0.09765625,-2.40478515625,0.08544921875,-0.7080078125,-0.13427734375,-0.69580078125,0,-0.59814453125,-0.1220703125,-0.06103515625,-0.03662109375,0.06103515625,0.10986328125,-0.79345703125,0.0244140625,1.50146484375,-0.146484375,1.25732421875,-0.3173828125,0.439453125,0.06103515625,0,-0.08544921875,0.01220703125,0,0.146484375,-0.15869140625,9.58251953125,-0.15869140625,4.248046875,-0.06103515625,3.02734375,0.06103515625,4.74853515625
0,-0.08544921875,-0.45166015625,0.06103515625,-0.390625,-0.1953125,-0.439453125,0.08544921875,-0.06103515625,-0.06103515625,-0.048828125,-0.30517578125,-0.89111328125,-0.0732421875,1.07421875,-0.06103515625,-0.18310546875,-0.03662109375,-0.5615234375,-0.23193359375,-0.13427734375,0.1220703125,0.86669921875,-0.10986328125,-0.6103515625,-0.1220703125,-0.48828125,0.10986328125,-1.171875,-0.4638671875,0.54931640625,-0.15869140625,-0.0732421875,-0.341796875,-0.29296875,0.37841796875,-0.67138671875,0.048828125,-0.244140625,-0.23193359375,-0.45166015625,0.146484375,-0.25634765625,0.01220703125,-0.69580078125,0.08544921875,-0.42724609375,0.3662109375,0.5859375,-0.09765625,1.25732421875,0.01220703125,0.48828125,-0.23193359375,-0.1953125,-0.37841796875,0.68359375,-0.40283203125,2.20947265625,0.244140625,1.318359375,0.25634765625,1.26953125,0.35400390625,7.1533203125,0.06103515625,0.10986328125,0.20751953125,1.07421875,0.20751953125,0.146484375,-0.13427734375,0.20751953125,0.1953125,0.1953125,0.1220703125,0.7568359375,0,-0.0732421875,-0.3173828125,1.26953125,-0.01220703125,-0.59814453125,0.146484375,-0.390625,-0.048828125,-1.025390625,-0.3662109375,-0.79345703125,0.2197265625,-2.34375,0.13427734375,-1.66015625,0.2197265625,-1.26953125,0.10986328125,-2.30712890625,0.0732421875,-0.68359375,-0.15869140625,-0.67138671875,-0.0732421875,-0.6103515625,-0.1953125,-0.0732421875,-0.06103515625,0.3173828125,0.048828125,-0.5615234375,-0.048828125,2.25830078125,-0.0732421875,1.50146484375,-0.28076171875,0.40283203125,0.0732421875,-0.01220703125,-0.06103515625,0,0,0.146484375,-0.18310546875,8.984375,-0.146484375,4.04052734375,-0.06103515625,2.81982421875,0.06103515625,4.43115234375
0,-0.08544921875,-0.45166015625,0.10986328125,-0.390625,-0.20751953125,-0.439453125,0.06103515625,-0.06103515625,-0.0732421875,-0.0244140625,-0.29296875,-0.87890625,-0.048828125,1.0986328125,-0.08544921875,-0.15869140625,-0.048828125,-0.57373046875,-0.15869140625,-0.13427734375,0.1708984375,0.8544921875,0,-0.62255859375,-0.20751953125,-0.50048828125,0.13427734375,-1.171875,-0.35400390625,0.5859375,-0.2197265625,-0.03662109375,-0.42724609375,-0.1953125,0.42724609375,-0.64697265625,0.01220703125,-0.2197265625,-0.15869140625,-0.40283203125,0.13427734375,-0.25634765625,-0.0244140625,-0.7080078125,0.03662109375,-0.4638671875,0.341796875,0.5859375,-0.01220703125,1.28173828125,-0.06103515625,0.47607421875,-0.29296875,-0.20751953125,-0.40283203125,0.6591796875,-0.35400390625,2.1484375,0.25634765625,1.26953125,0.28076171875,1.1962890625,0.35400390625,6.84814453125,0.09765625,0.20751953125,0.15869140625,1.0986328125,0.1953125,0.18310546875,-0.15869140625,0.244140625,0.15869140625,0.1953125,0.0732421875,0.78125,0.03662109375,-0.06103515625,-0.3662109375,1.2939453125,-0.048828125,-0.57373046875,0.13427734375,-0.390625,-0.048828125,-1.06201171875,-0.341796875,-0.830078125,0.2685546875,-2.20947265625,0.08544921875,-1.3916015625,0.29296875,-1.08642578125,0.1220703125,-2.099609375,0.03662109375,-0.69580078125,-0.15869140625,-0.72021484375,-0.13427734375,-0.59814453125,-0.23193359375,-0.08544921875,-0.0732421875,0.50048828125,-0.048828125,-0.3662109375,-0.18310546875,2.89306640625,-0.048828125,1.72119140625,-0.2685546875,0.35400390625,0.0732421875,0,-0.06103515625,0.01220703125,0,0.15869140625,-0.20751953125,8.31298828125,-0.146484375,3.8818359375,-0.048828125,2.62451171875,0.08544921875,4.16259765625
0,-0.048828125,-0.42724609375,0.10986328125,-0.3662109375,-0.18310546875,-0.42724609375,0.048828125,-0.0732421875,-0.0244140625,-0.0244140625,-0.25634765625,-0.89111328125,-0.048828125,1.0986328125,-0.08544921875,-0.1220703125,-0.0732421875,-0.59814453125,-0.1220703125,-0.1220703125,0.1953125,0.8544921875,0.0732421875,-0.5859375,-0.25634765625,-0.48828125,0.1708984375,-1.15966796875,-0.30517578125,0.57373046875,-0.30517578125,-0.048828125,-0.390625,-0.10986328125,0.48828125,-0.64697265625,0.048828125,-0.20751953125,-0.08544921875,-0.40283203125,0.13427734375,-0.2685546875,-0.15869140625,-0.69580078125,-0.01220703125,-0.4638671875,0.37841796875,0.57373046875,0.09765625,1.30615234375,-0.09765625,0.45166015625,-0.32958984375,-0.20751953125,-0.42724609375,0.67138671875,-0.2685546875,2.0751953125,0.2685546875,1.1962890625,0.28076171875,1.20849609375,0.40283203125,6.4697265625,0.10986328125,0.30517578125,0.1220703125,1.0986328125,0.15869140625,0.23193359375,-0.23193359375,0.28076171875,0.1220703125,0.2197265625,0.06103515625,0.78125,0.06103515625,-0.06103515625,-0.341796875,1.30615234375,-0.09765625,-0.5859375,0.08544921875,-0.390625,-0.06103515625,-1.07421875,-0.3173828125,-0.830078125,0.32958984375,-1.98974609375,0.0244140625,-1.0009765625,0.390625,-0.86669921875,0.10986328125,-1.84326171875,-0.048828125,-0.68359375,-0.13427734375,-0.732421875,-0.1953125,-0.5615234375,-0.25634765625,-0.08544921875,-0.03662109375,0.67138671875,-0.1220703125,-0.1953125,-0.18310546875,3.40576171875,-0.01220703125,1.91650390625,-0.244140625,0.32958984375,0.0732421875,-0.01220703125,-0.0732421875,0.01220703125,-0.01220703125,0.13427734375,-0.13427734375,7.568359375,-0.1220703125,3.72314453125,-0.048828125,2.4658203125,0.0244140625,3.89404296875
1,-0.0244140625,-0.4150390625,0.10986328125,-0.32958984375,-0.146484375,-0.4150390625,0.0244140625,-0.048828125,-0.048828125,-0.0244140625,-0.244140625,-0.87890625,-0.048828125,1.08642578125,-0.10986328125,-0.09765625,-0.08544921875,-0.6103515625,-0.08544921875,-0.13427734375,0.1953125,0.830078125,0.15869140625,-0.6103515625,-0.2685546875,-0.47607421875,0.13427734375,-1.18408203125,-0.18310546875,0.5859375,-0.35400390625,-0.03662109375,-0.2685546875,-0.06103515625,0.439453125,-0.68359375,0.048828125,-0.23193359375,-0.0732421875,-0.42724609375,0.1708984375,-0.25634765625,-0.244140625,-0.69580078125,-0.0244140625,-0.47607421875,0.45166015625,0.5615234375,0.1708984375,1.30615234375,-0.1220703125,0.4150390625,-0.3173828125,-0.1953125,-0.40283203125,0.68359375,-0.1953125,2.01416015625,0.2685546875,1.15966796875,0.23193359375,1.25732421875,0.42724609375,6.06689453125,0.1220703125,0.341796875,0.03662109375,1.08642578125,0.09765625,0.25634765625,-0.2685546875,0.29296875,0.048828125,0.23193359375,0.048828125,0.79345703125,0.08544921875,-0.048828125,-0.30517578125,1.30615234375,-0.10986328125,-0.59814453125,0.01220703125,-0.390625,-0.0732421875,-1.07421875,-0.2685546875,-0.81787109375,0.390625,-1.81884765625,-0.06103515625,-0.634765625,0.50048828125,-0.64697265625,0.13427734375,-1.5625,-0.146484375,-0.67138671875,-0.0732421875,-0.7080078125,-0.25634765625,-0.54931640625,-0.25634765625,-0.0732421875,-0.0244140625,0.8056640625,-0.244140625,-0.08544921875,-0.25634765625,3.759765625,0.01220703125,2.03857421875,-0.20751953125,0.3173828125,0.06103515625,0,-0.0732421875,0,-0.03662109375,0.146484375,-0.1220703125,6.884765625,-0.09765625,3.5888671875,-0.01220703125,2.33154296875,0.03662109375,3.72314453125
1,-0.01220703125,-0.40283203125,0.1220703125,-0.341796875,-0.1953125,-0.4150390625,0.048828125,-0.06103515625,-0.01220703125,-0.06103515625,-0.23193359375,-0.86669921875,-0.03662109375,1.08642578125,-0.09765625,-0.08544921875,-0.0732421875,-0.57373046875,-0.048828125,-0.1220703125,0.18310546875,0.830078125,0.23193359375,-0.62255859375,-0.1953125,-0.50048828125,0.10986328125,-1.220703125,-0.08544921875,0.59814453125,-0.42724609375,-0.06103515625,-0.03662109375,-0.08544921875,0.4638671875,-0.732421875,0.0732421875,-0.29296875,-0.03662109375,-0.48828125,0.1953125,-0.25634765625,-0.3173828125,-0.68359375,-0.06103515625,-0.439453125,0.48828125,0.5615234375,0.18310546875,1.2939453125,-0.15869140625,0.390625,-0.29296875,-0.2197265625,-0.390625,0.68359375,-0.0732421875,1.953125,0.29296875,1.0986328125,0.1953125,1.33056640625,0.45166015625,5.67626953125,0.146484375,0.3173828125,-0.0244140625,1.06201171875,0.048828125,0.25634765625,-0.3173828125,0.30517578125,-0.0244140625,0.244140625,0.048828125,0.830078125,0.048828125,-0.03662109375,-0.23193359375,1.318359375,-0.1220703125,-0.62255859375,-0.06103515625,-0.390625,-0.0244140625,-1.07421875,-0.20751953125,-0.830078125,0.37841796875,-1.64794921875,-0.13427734375,-0.3173828125,0.634765625,-0.45166015625,0.09765625,-1.35498046875,-0.1708984375,-0.64697265625,-0.01220703125,-0.69580078125,-0.244140625,-0.57373046875,-0.2685546875,-0.08544921875,0.01220703125,0.8544921875,-0.30517578125,-0.0244140625,-0.30517578125,3.90625,0.03662109375,2.0751953125,-0.2197265625,0.29296875,0.06103515625,-0.01220703125,-0.08544921875,0.01220703125,-0.06103515625,0.146484375,-0.1708984375,6.2744140625,-0.09765625,3.4912109375,0.01220703125,2.2216796875,0.0244140625,3.515625
1,0,-0.3662109375,0.09765625,-0.35400390625,-0.23193359375,-0.42724609375,0.048828125,-0.08544921875,-0.01220703125,-0.0732421875,-0.23193359375,-0.89111328125,-0.03662109375,1.06201171875,-0.0732421875,-0.08544921875,0.01220703125,-0.6103515625,-0.0244140625,-0.13427734375,0.15869140625,0.84228515625,0.23193359375,-0.62255859375,-0.0732421875,-0.50048828125,0.08544921875,-1.20849609375,-0.048828125,0.62255859375,-0.37841796875,-0.09765625,0.08544921875,-0.09765625,0.42724609375,-0.79345703125,0.09765625,-0.35400390625,-0.1220703125,-0.5859375,0.2197265625,-0.23193359375,-0.3662109375,-0.68359375,-0.048828125,-0.390625,0.52490234375,0.5615234375,0.18310546875,1.28173828125,-0.18310546875,0.37841796875,-0.244140625,-0.2197265625,-0.3662109375,0.7080078125,-0.0244140625,1.91650390625,0.32958984375,1.06201171875,0.0732421875,1.42822265625,0.5615234375,5.3466796875,0.1953125,0.244140625,-0.0732421875,1.0498046875,-0.01220703125,0.25634765625,-0.3173828125,0.28076171875,-0.09765625,0.25634765625,0.03662109375,0.81787109375,0,-0.0244140625,-0.1220703125,1.2939453125,-0.08544921875,-0.6591796875,-0.13427734375,-0.3662109375,-0.01220703125,-1.06201171875,-0.1708984375,-0.8056640625,0.390625,-1.55029296875,-0.1708984375,-0.13427734375,0.59814453125,-0.35400390625,0.03662109375,-1.2451171875,-0.20751953125,-0.69580078125,0,-0.67138671875,-0.20751953125,-0.57373046875,-0.2685546875,-0.0732421875,0.03662109375,0.81787109375,-0.341796875,-0.03662109375,-0.32958984375,3.8818359375,0.0244140625,2.03857421875,-0.1708984375,0.2685546875,0.048828125,0,-0.0732421875,0.0244140625,-0.0732421875,0.13427734375,-0.18310546875,5.82275390625,-0.08544921875,3.369140625,0.01220703125,2.11181640625,0.0244140625,3.35693359375
1,0.01220703125,-0.3662109375,0.0732421875,-0.341796875,-0.20751953125,-0.42724609375,0.03662109375,-0.09765625,0.0244140625,-0.0732421875,-0.2197265625,-0.89111328125,-0.0244140625,1.08642578125,-0.06103515625,-0.0732421875,0.03662109375,-0.6103515625,-0.01220703125,-0.146484375,0.08544921875,0.830078125,0.18310546875,-0.6103515625,0.0732421875,-0.5126953125,0.08544921875,-1.23291015625,0.048828125,0.68359375,-0.30517578125,-0.1220703125,0.06103515625,-0.09765625,0.390625,-0.830078125,0.08544921875,-0.40283203125,-0.20751953125,-0.67138671875,0.2197265625,-0.2197265625,-0.37841796875,-0.68359375,-0.048828125,-0.40283203125,0.52490234375,0.5615234375,0.13427734375,1.26953125,-0.20751953125,0.37841796875,-0.15869140625,-0.2197265625,-0.29296875,0.72021484375,0.01220703125,1.85546875,0.35400390625,1.025390625,-0.01220703125,1.47705078125,0.5126953125,5.04150390625,0.244140625,0.146484375,-0.0732421875,1.03759765625,-0.03662109375,0.23193359375,-0.29296875,0.25634765625,-0.10986328125,0.25634765625,0.0244140625,0.830078125,-0.01220703125,0.01220703125,-0.048828125,1.2939453125,-0.0732421875,-0.7080078125,-0.1953125,-0.37841796875,0.03662109375,-1.0498046875,-0.09765625,-0.81787109375,0.341796875,-1.5625,-0.146484375,-0.09765625,0.54931640625,-0.341796875,0.01220703125,-1.20849609375,-0.20751953125,-0.69580078125,0.048828125,-0.68359375,-0.15869140625,-0.5859375,-0.28076171875,-0.0732421875,0.09765625,0.74462890625,-0.3173828125,-0.0732421875,-0.3173828125,3.64990234375,0.0244140625,1.953125,-0.15869140625,0.28076171875,0.048828125,-0.0244140625,-0.0732421875,0.0244140625,-0.09765625,0.146484375,-0.20751953125,5.46875,-0.09765625,3.28369140625,0.0244140625,2.01416015625,0.0244140625,3.1982421875
1,0.0244140625,-0.37841796875,0.08544921875,-0.35400390625,-0.2685546875,-0.439453125,0.048828125,-0.08544921875,0.0244140625,-0.0732421875,-0.2197265625,-0.9033203125,-0.048828125,1.0498046875,-0.048828125,-0.08544921875,0.06103515625,-0.57373046875,-0.03662109375,-0.146484375,0.0244140625,0.84228515625,0.0732421875,-0.59814453125,0.1953125,-0.5126953125,0.06103515625,-1.220703125,0.03662109375,0.84228515625,-0.20751953125,-0.146484375,0.06103515625,-0.0244140625,0.37841796875,-0.87890625,0.08544921875,-0.439453125,-0.23193359375,-0.72021484375,0.146484375,-0.2197265625,-0.32958984375,-0.67138671875,-0.06103515625,-0.3662109375,0.50048828125,0.57373046875,0.10986328125,1.28173828125,-0.2197265625,0.37841796875,-0.09765625,-0.2197265625,-0.23193359375,0.72021484375,0.03662109375,1.7822265625,0.35400390625,0.9765625,-0.06103515625,1.513671875,0.47607421875,4.833984375,0.341796875,0.0244140625,-0.10986328125,1.01318359375,-0.0244140625,0.2197265625,-0.29296875,0.2197265625,-0.13427734375,0.244140625,0.01220703125,0.8056640625,-0.0244140625,0,0,1.25732421875,-0.0732421875,-0.76904296875,-0.23193359375,-0.3662109375,0.0732421875,-1.025390625,-0.13427734375,-0.8056640625,0.28076171875,-1.62353515625,-0.1708984375,-0.23193359375,0.4638671875,-0.4150390625,-0.0732421875,-1.318359375,-0.23193359375,-0.68359375,0.03662109375,-0.64697265625,-0.10986328125,-0.59814453125,-0.2685546875,-0.08544921875,0.1708984375,0.59814453125,-0.28076171875,-0.20751953125,-0.2685546875,3.28369140625,0,1.806640625,-0.08544921875,0.3173828125,0.048828125,-0.01220703125,-0.0732421875,0.0244140625,-0.10986328125,0.1220703125,-0.1953125,5.224609375,-0.10986328125,3.1494140625,0.01220703125,1.8798828125,0.03662109375,3.03955078125
1,0.0244140625,-0.37841796875,0.09765625,-0.390625,-0.2197265625,-0.439453125,0.0732421875,-0.09765625,0.03662109375,-0.06103515625,-0.20751953125,-0.9033203125,-0.0732421875,1.07421875,-0.048828125,-0.08544921875,0.06103515625,-0.5615234375,-0.10986328125,-0.13427734375,-0.06103515625,0.84228515625,0.01220703125,-0.6103515625,0.28076171875,-0.47607421875,0.03662109375,-1.1962890625,0.08544921875,1.0498046875,-0.06103515625,-0.146484375,-0.0244140625,0.146484375,0.35400390625,-0.81787109375,0.048828125,-0.40283203125,-0.2197265625,-0.68359375,0.09765625,-0.23193359375,-0.29296875,-0.68359375,-0.06103515625,-0.37841796875,0.4638671875,0.5859375,0.09765625,1.2939453125,-0.20751953125,0.40283203125,0,-0.1953125,-0.1708984375,0.74462890625,0.03662109375,1.7333984375,0.32958984375,0.98876953125,-0.03662109375,1.513671875,0.45166015625,4.6875,0.30517578125,-0.0732421875,-0.146484375,0.98876953125,0,0.1708984375,-0.28076171875,0.20751953125,-0.1220703125,0.244140625,0.03662109375,0.78125,0.0244140625,-0.01220703125,0.0732421875,1.26953125,-0.0732421875,-0.84228515625,-0.23193359375,-0.37841796875,0.09765625,-1.025390625,-0.15869140625,-0.78125,0.23193359375,-1.7578125,-0.2197265625,-0.4638671875,0.32958984375,-0.537109375,-0.10986328125,-1.46484375,-0.244140625,-0.7080078125,0,-0.64697265625,-0.03662109375,-0.6103515625,-0.23193359375,-0.09765625,0.18310546875,0.4150390625,-0.1953125,-0.35400390625,-0.20751953125,2.81982421875,0,1.6357421875,-0.06103515625,0.341796875,0.0244140625,-0.0244140625,-0.0732421875,0.0244140625,-0.1220703125,0.146484375,-0.2197265625,5.04150390625,-0.13427734375,3.0029296875,0.01220703125,1.7578125,0.03662109375,2.84423828125
1,0.01220703125,-0.40283203125,0.09765625,-0.42724609375,-0.244140625,-0.45166015625,0.06103515625,-0.10986328125,0.048828125,-0.06103515625,-0.1708984375,-0.91552734375,-0.10986328125,1.0986328125,-0.048828125,-0.0732421875,0.06103515625,-0.54931640625,-0.13427734375,-0.13427734375,-0.15869140625,0.84228515625,-0.06103515625,-0.5859375,0.32958984375,-0.439453125,0.03662109375,-1.13525390625,0.03662109375,1.3671875,0.06103515625,-0.0732421875,-0.146484375,0.5126953125,0.37841796875,-0.72021484375,0.01220703125,-0.32958984375,-0.244140625,-0.5859375,0.08544921875,-0.2685546875,-0.1953125,-0.68359375,-0.1220703125,-0.37841796875,0.45166015625,0.57373046875,-0.0244140625,1.30615234375,-0.2197265625,0.42724609375,0.10986328125,-0.1953125,-0.048828125,0.732421875,0.0244140625,1.66015625,0.3173828125,0.9521484375,0,1.46484375,0.3173828125,4.57763671875,0.25634765625,-0.15869140625,-0.146484375,0.98876953125,0.0732421875,0.1220703125,-0.28076171875,0.18310546875,-0.1220703125,0.20751953125,0.09765625,0.7568359375,0.0732421875,0,0.09765625,1.26953125,-0.10986328125,-0.89111328125,-0.1953125,-0.390625,0.10986328125,-1.01318359375,-0.1953125,-0.78125,0.28076171875,-1.89208984375,-0.23193359375,-0.732421875,0.20751953125,-0.69580078125,-0.09765625,-1.64794921875,-0.23193359375,-0.7080078125,-0.06103515625,-0.64697265625,0.048828125,-0.59814453125,-0.1953125,-0.09765625,0.244140625,0.2197265625,-0.08544921875,-0.54931640625,-0.13427734375,2.30712890625,0.01220703125,1.4404296875,-0.048828125,0.35400390625,0.0244140625,-0.01220703125,-0.0732421875,-0.01220703125,-0.1220703125,0.13427734375,-0.20751953125,4.8583984375,-0.1220703125,2.81982421875,0,1.611328125,0.06103515625,2.587890625
1,0,-0.40283203125,0.09765625,-0.42724609375,-0.244140625,-0.47607421875,0.09765625,-0.08544921875,0.10986328125,-0.01220703125,-0.15869140625,-0.91552734375,-0.10986328125,1.08642578125,-0.048828125,-0.0732421875,0.0732421875,-0.5615234375,-0.18310546875,-0.13427734375,-0.23193359375,0.84228515625,-0.09765625,-0.59814453125,0.32958984375,-0.3662109375,0.0244140625,-1.03759765625,0.09765625,1.806640625,0.10986328125,0,-0.146484375,1.08642578125,0.439453125,-0.52490234375,-0.03662109375,-0.1708984375,-0.23193359375,-0.37841796875,0.03662109375,-0.2685546875,-0.0732421875,-0.68359375,-0.18310546875,-0.37841796875,0.439453125,0.6103515625,-0.146484375,1.3427734375,-0.18310546875,0.42724609375,0.20751953125,-0.1953125,0.03662109375,0.69580078125,0.01220703125,1.62353515625,0.30517578125,0.93994140625,0.03662109375,1.3916015625,0.15869140625,4.45556640625,0.23193359375,-0.18310546875,-0.15869140625,0.98876953125,0.146484375,0.10986328125,-0.3173828125,0.1708984375,-0.10986328125,0.20751953125,0.146484375,0.732421875,0.10986328125,-0.03662109375,0.1220703125,1.25732421875,-0.13427734375,-0.96435546875,-0.10986328125,-0.40283203125,0.08544921875,-1.01318359375,-0.1953125,-0.7568359375,0.25634765625,-2.0263671875,-0.28076171875,-0.98876953125,0.0732421875,-0.84228515625,-0.09765625,-1.8310546875,-0.2197265625,-0.7080078125,-0.1220703125,-0.67138671875,0.08544921875,-0.5859375,-0.13427734375,-0.09765625,0.2685546875,-0.0244140625,0.048828125,-0.74462890625,-0.08544921875,1.77001953125,-0.03662109375,1.220703125,-0.048828125,0.3662109375,0.0244140625,-0.01220703125,-0.06103515625,-0.0244140625,-0.10986328125,0.146484375,-0.2197265625,4.5654296875,-0.146484375,2.62451171875,-0.03662109375,1.416015625,0.048828125,2.33154296875
1,-0.01220703125,-0.4150390625,0.0732421875,-0.40283203125,-0.244140625,-0.4638671875,0.09765625,-0.0732421875,0.09765625,0.01220703125,-0.146484375,-0.91552734375,-0.10986328125,1.08642578125,-0.06103515625,-0.048828125,0.03662109375,-0.54931640625,-0.18310546875,-0.1220703125,-0.3173828125,0.8544921875,-0.09765625,-0.59814453125,0.2685546875,-0.2685546875,0.048828125,-0.927734375,0.0732421875,2.392578125,0.048828125,0.146484375,-0.23193359375,1.85546875,0.47607421875,-0.29296875,-0.06103515625,0.08544921875,-0.2685546875,-0.0732421875,-0.0244140625,-0.28076171875,0.03662109375,-0.69580078125,-0.28076171875,-0.37841796875,0.47607421875,0.57373046875,-0.23193359375,1.37939453125,-0.13427734375,0.45166015625,0.29296875,-0.1953125,0.08544921875,0.69580078125,-0.048828125,1.55029296875,0.28076171875,0.91552734375,-0.03662109375,1.28173828125,0.0244140625,4.26025390625,0.1953125,-0.1953125,-0.1953125,0.9765625,0.1708984375,0.09765625,-0.4150390625,0.1708984375,-0.10986328125,0.2197265625,0.2197265625,0.7080078125,0.1220703125,-0.03662109375,0.09765625,1.25732421875,-0.1953125,-1.01318359375,-0.03662109375,-0.390625,0.06103515625,-1.01318359375,-0.20751953125,-0.76904296875,0.18310546875,-2.11181640625,-0.30517578125,-1.171875,-0.06103515625,-0.927734375,-0.06103515625,-1.91650390625,-0.1220703125,-0.68359375,-0.15869140625,-0.68359375,0.10986328125,-0.5859375,-0.08544921875,-0.09765625,0.23193359375,-0.20751953125,0.1708984375,-0.93994140625,-0.0732421875,1.23291015625,-0.048828125,1.03759765625,-0.03662109375,0.37841796875,0.0244140625,-0.01220703125,-0.06103515625,-0.048828125,-0.08544921875,0.1220703125,-0.09765625,4.16259765625,-0.18310546875,2.4169921875,-0.048828125,1.20849609375,0.048828125,2.01416015625
1,-0.0244140625,-0.4150390625,0.048828125,-0.4150390625,-0.25634765625,-0.4638671875,0.09765625,-0.0732421875,0.10986328125,0.03662109375,-0.08544921875,-0.9033203125,-0.1220703125,1.0986328125,-0.06103515625,-0.06103515625,-0.0244140625,-0.537109375,-0.146484375,-0.13427734375,-0.35400390625,0.8544921875,-0.048828125,-0.59814453125,0.1708984375,-0.146484375,0.048828125,-0.78125,0.0732421875,3.06396484375,-0.06103515625,0.32958984375,-0.20751953125,2.81982421875,0.439453125,-0.0244140625,-0.09765625,0.390625,-0.2197265625,0.29296875,-0.048828125,-0.28076171875,0.15869140625,-0.7080078125,-0.3662109375,-0.40283203125,0.4638671875,0.57373046875,-0.30517578125,1.42822265625,-0.048828125,0.45166015625,0.28076171875,-0.1953125,0.1708984375,0.6591796875,-0.1220703125,1.47705078125,0.29296875,0.87890625,-0.048828125,1.20849609375,0.09765625,3.9794921875,0.18310546875,-0.15869140625,-0.1953125,0.98876953125,0.244140625,0.10986328125,-0.4150390625,0.18310546875,-0.13427734375,0.20751953125,0.2685546875,0.7080078125,0.146484375,-0.06103515625,0.06103515625,1.28173828125,-0.18310546875,-1.03759765625,0.0244140625,-0.40283203125,-0.01220703125,-1.025390625,-0.2197265625,-0.79345703125,0.1953125,-2.11181640625,-0.2197265625,-1.23291015625,-0.08544921875,-0.927734375,0.0244140625,-1.94091796875,-0.03662109375,-0.68359375,-0.1953125,-0.72021484375,0.09765625,-0.5859375,-0.048828125,-0.09765625,0.2197265625,-0.37841796875,0.28076171875,-1.15966796875,-0.06103515625,0.76904296875,-0.03662109375,0.86669921875,0,0.35400390625,0.03662109375,-0.01220703125,-0.06103515625,-0.0732421875,-0.0732421875,0.13427734375,0,3.5888671875,-0.15869140625,2.18505859375,-0.0244140625,0.98876953125,0.0732421875,1.64794921875
1,-0.0244140625,-0.42724609375,0.0732421875,-0.390625,-0.23193359375,-0.4638671875,0.08544921875,-0.06103515625,0.1220703125,0.048828125,-0.0732421875,-0.87890625,-0.08544921875,1.11083984375,-0.06103515625,-0.08544921875,-0.09765625,-0.5615234375,-0.1220703125,-0.13427734375,-0.3662109375,0.84228515625,0.01220703125,-0.6103515625,0,0.01220703125,0.01220703125,-0.5859375,0.09765625,3.79638671875,-0.1953125,0.54931640625,-0.0732421875,3.90625,0.45166015625,0.3173828125,-0.146484375,0.69580078125,-0.18310546875,0.72021484375,-0.03662109375,-0.28076171875,0.25634765625,-0.7080078125,-0.4150390625,-0.42724609375,0.45166015625,0.5615234375,-0.32958984375,1.45263671875,-0.0244140625,0.42724609375,0.29296875,-0.1953125,0.15869140625,0.68359375,-0.18310546875,1.40380859375,0.30517578125,0.830078125,0,1.13525390625,0.01220703125,3.5400390625,0.15869140625,-0.0732421875,-0.1953125,1.01318359375,0.25634765625,0.15869140625,-0.45166015625,0.18310546875,-0.1953125,0.20751953125,0.32958984375,0.732421875,0.13427734375,-0.0732421875,0.0244140625,1.28173828125,-0.1708984375,-1.0498046875,0.0732421875,-0.40283203125,-0.10986328125,-1.03759765625,-0.2197265625,-0.8056640625,0.146484375,-2.01416015625,-0.1953125,-1.1474609375,-0.08544921875,-0.84228515625,0.048828125,-1.84326171875,0.0244140625,-0.69580078125,-0.20751953125,-0.7080078125,0.06103515625,-0.5859375,-0.01220703125,-0.10986328125,0.1708984375,-0.52490234375,0.341796875,-1.37939453125,-0.0732421875,0.3173828125,-0.0244140625,0.69580078125,0,0.35400390625,0.048828125,-0.0244140625,-0.0732421875,-0.08544921875,-0.048828125,0.1220703125,-0.01220703125,2.84423828125,-0.1708984375,1.94091796875,-0.048828125,0.732421875,0.06103515625,1.28173828125
1,-0.0244140625,-0.40283203125,0.08544921875,-0.390625,-0.15869140625,-0.45166015625,0.0732421875,-0.08544921875,0.13427734375,0.08544921875,-0.03662109375,-0.87890625,-0.0732421875,1.11083984375,-0.08544921875,-0.10986328125,-0.1708984375,-0.57373046875,-0.09765625,-0.1220703125,-0.341796875,0.8544921875,0.0732421875,-0.6103515625,-0.1220703125,0.1953125,0,-0.390625,0.0732421875,4.52880859375,-0.30517578125,0.74462890625,0.01220703125,5.04150390625,0.45166015625,0.62255859375,-0.146484375,1.01318359375,-0.18310546875,1.123046875,0.048828125,-0.2685546875,0.29296875,-0.7080078125,-0.50048828125,-0.4150390625,0.4638671875,0.5615234375,-0.4150390625,1.4892578125,0.01220703125,0.42724609375,0.3173828125,-0.20751953125,0.1708984375,0.6591796875,-0.244140625,1.30615234375,0.23193359375,0.78125,0,1.0986328125,0.0732421875,2.9541015625,0.1220703125,0.0244140625,-0.13427734375,1.0009765625,0.244140625,0.18310546875,-0.45166015625,0.2197265625,-0.25634765625,0.2197265625,0.3662109375,0.74462890625,0.13427734375,-0.06103515625,-0.01220703125,1.2939453125,-0.13427734375,-1.06201171875,0.08544921875,-0.390625,-0.1953125,-1.03759765625,-0.23193359375,-0.8056640625,0.146484375,-1.8798828125,-0.1708984375,-0.9521484375,-0.06103515625,-0.69580078125,0.048828125,-1.66015625,0.0732421875,-0.67138671875,-0.20751953125,-0.69580078125,0.0244140625,-0.5615234375,0.01220703125,-0.0732421875,0.10986328125,-0.6591796875,0.3662109375,-1.52587890625,-0.08544921875,-0.048828125,-0.048828125,0.537109375,0.01220703125,0.32958984375,0.03662109375,-0.0244140625,-0.06103515625,-0.0732421875,-0.048828125,0.146484375,0,2.001953125,-0.1708984375,1.72119140625,-0.048828125,0.50048828125,0.048828125,0.91552734375
1,-0.01220703125,-0.37841796875,0.0732421875,-0.3662109375,-0.1708984375,-0.439453125,0.08544921875,-0.0732421875,0.146484375,0.1220703125,-0.03662109375,-0.86669921875,-0.09765625,1.0986328125,-0.0732421875,-0.13427734375,-0.2197265625,-0.57373046875,-0.06103515625,-0.1220703125,-0.2685546875,0.8544921875,0.08544921875,-0.6103515625,-0.1953125,0.35400390625,-0.03662109375,-0.23193359375,-0.01220703125,5.21240234375,-0.35400390625,0.93994140625,0,6.103515625,0.45166015625,0.87890625,-0.146484375,1.30615234375,-0.10986328125,1.4892578125,0.1708984375,-0.25634765625,0.341796875,-0.68359375,-0.48828125,-0.42724609375,0.42724609375,0.5615234375,-0.42724609375,1.52587890625,0.03662109375,0.4150390625,0.30517578125,-0.1953125,0.15869140625,0.6591796875,-0.25634765625,1.18408203125,0.18310546875,0.6591796875,0.048828125,1.07421875,0.0732421875,2.25830078125,0.15869140625,0.0732421875,-0.03662109375,1.0009765625,0.20751953125,0.23193359375,-0.4150390625,0.2197265625,-0.28076171875,0.23193359375,0.40283203125,0.7568359375,0.06103515625,-0.048828125,0,1.2939453125,-0.10986328125,-1.0498046875,0.0732421875,-0.390625,-0.25634765625,-1.025390625,-0.1953125,-0.81787109375,0.18310546875,-1.72119140625,-0.15869140625,-0.7080078125,0.048828125,-0.537109375,0.03662109375,-1.4404296875,0.09765625,-0.68359375,-0.1708984375,-0.7080078125,-0.03662109375,-0.57373046875,0,-0.0732421875,0.03662109375,-0.79345703125,0.32958984375,-1.66015625,-0.10986328125,-0.390625,-0.03662109375,0.390625,0.0244140625,0.341796875,0.01220703125,0,-0.06103515625,-0.08544921875,-0.06103515625,0.1220703125,0.0244140625,1.18408203125,-0.18310546875,1.50146484375,-0.03662109375,0.28076171875,0.048828125,0.5859375
0,-0.0244140625,-0.3662109375,0.0732421875,-0.35400390625,-0.10986328125,-0.42724609375,0.1220703125,-0.0732421875,0.1708984375,0.13427734375,-0.0244140625,-0.86669921875,-0.08544921875,1.0986328125,-0.10986328125,-0.1708984375,-0.20751953125,-0.5859375,-0.06103515625,-0.13427734375,-0.15869140625,0.86669921875,0.08544921875,-0.62255859375,-0.25634765625,0.5126953125,-0.06103515625,-0.048828125,-0.1953125,5.7861328125,-0.35400390625,1.11083984375,0.0244140625,7.0556640625,0.45166015625,1.123046875,-0.1708984375,1.55029296875,-0.0732421875,1.7822265625,0.28076171875,-0.244140625,0.3662109375,-0.68359375,-0.45166015625,-0.4150390625,0.42724609375,0.537109375,-0.40283203125,1.5380859375,0.0244140625,0.42724609375,0.28076171875,-0.1953125,0.15869140625,0.67138671875,-0.29296875,1.03759765625,0.1708984375,0.57373046875,0.09765625,1.025390625,0.0244140625,1.52587890625,0.1708984375,0.13427734375,0,1.01318359375,0.15869140625,0.244140625,-0.40283203125,0.23193359375,-0.28076171875,0.23193359375,0.439453125,0.76904296875,0,-0.03662109375,-0.01220703125,1.30615234375,-0.08544921875,-1.025390625,0.03662109375,-0.390625,-0.2685546875,-1.025390625,-0.1708984375,-0.8056640625,0.20751953125,-1.57470703125,-0.20751953125,-0.439453125,0.10986328125,-0.3173828125,0.03662109375,-1.23291015625,0.06103515625,-0.67138671875,-0.10986328125,-0.69580078125,-0.1220703125,-0.57373046875,0.0244140625,-0.06103515625,-0.03662109375,-0.89111328125,0.23193359375,-1.74560546875,-0.15869140625,-0.732421875,-0.0244140625,0.28076171875,0.06103515625,0.32958984375,0.01220703125,0,-0.0732421875,-0.06103515625,-0.06103515625,0.146484375,0.01220703125,0.5126953125,-0.1708984375,1.3427734375,-0.0244140625,0.09765625,0.0244140625,0.341796875
0,0.01220703125,-0.3662109375,0.09765625,-0.35400390625,-0.13427734375,-0.42724609375,0.1220703125,-0.0732421875,0.20751953125,0.146484375,-0.01220703125,-0.87890625,-0.08544921875,1.0986328125,-0.0732421875,-0.1953125,-0.1708984375,-0.59814453125,-0.03662109375,-0.13427734375,-0.0732421875,0.86669921875,0.048828125,-0.62255859375,-0.30517578125,0.62255859375,-0.0732421875,0.03662109375,-0.30517578125,6.201171875,-0.3173828125,1.2451171875,0.0244140625,7.763671875,0.4150390625,1.26953125,-0.18310546875,1.7333984375,-0.0244140625,1.98974609375,0.3662109375,-0.2197265625,0.4150390625,-0.68359375,-0.3662109375,-0.37841796875,0.40283203125,0.54931640625,-0.42724609375,1.57470703125,0.0244140625,0.4150390625,0.1953125,-0.1708984375,0.1220703125,0.68359375,-0.3173828125,0.927734375,0.1220703125,0.4638671875,0.06103515625,1.0009765625,-0.048828125,0.84228515625,0.15869140625,0.146484375,0.08544921875,1.0009765625,0.09765625,0.25634765625,-0.341796875,0.20751953125,-0.20751953125,0.23193359375,0.50048828125,0.8056640625,-0.0732421875,-0.01220703125,0,1.28173828125,-0.03662109375,-1.0009765625,0.01220703125,-0.4150390625,-0.25634765625,-1.025390625,-0.146484375,-0.8056640625,0.25634765625,-1.4404296875,-0.23193359375,-0.23193359375,0.146484375,-0.1953125,0.048828125,-1.03759765625,0.0244140625,-0.67138671875,-0.09765625,-0.67138671875,-0.15869140625,-0.57373046875,-0.03662109375,-0.06103515625,-0.048828125,-0.96435546875,0.10986328125,-1.81884765625,-0.20751953125,-1.0009765625,-0.0244140625,0.18310546875,0.06103515625,0.32958984375,0.0244140625,-0.01220703125,-0.0732421875,-0.0732421875,-0.048828125,0.146484375,-0.03662109375,0.08544921875,-0.13427734375,1.26953125,-0.0244140625,0.01220703125,0.03662109375,0.2197265625
0,0.01220703125,-0.3662109375,0.10986328125,-0.32958984375,-0.146484375,-0.42724609375,0.10986328125,-0.06103515625,0.23193359375,0.15869140625,-0.0244140625,-0.9033203125,-0.0732421875,1.08642578125,-0.08544921875,-0.20751953125,-0.1220703125,-0.6103515625,0,-0.146484375,0.01220703125,0.8544921875,0,-0.634765625,-0.3173828125,0.67138671875,-0.08544921875,0.09765625,-0.40283203125,6.4208984375,-0.29296875,1.318359375,0.09765625,8.2275390625,0.35400390625,1.35498046875,-0.20751953125,1.8310546875,0.01220703125,2.099609375,0.341796875,-0.1953125,0.48828125,-0.68359375,-0.23193359375,-0.37841796875,0.30517578125,0.54931640625,-0.32958984375,1.59912109375,-0.0244140625,0.4150390625,0.09765625,-0.1708984375,0.0732421875,0.69580078125,-0.341796875,0.79345703125,0.03662109375,0.37841796875,0.09765625,0.96435546875,-0.09765625,0.30517578125,0.0732421875,0.09765625,0.1708984375,1.0009765625,0.06103515625,0.244140625,-0.32958984375,0.1953125,-0.13427734375,0.2197265625,0.47607421875,0.830078125,-0.15869140625,0.01220703125,0.048828125,1.28173828125,0.0244140625,-0.98876953125,-0.01220703125,-0.4150390625,-0.23193359375,-1.01318359375,-0.048828125,-0.81787109375,0.3173828125,-1.37939453125,-0.23193359375,-0.1220703125,0.1708984375,-0.10986328125,0.0244140625,-0.927734375,0,-0.67138671875,-0.09765625,-0.6591796875,-0.1708984375,-0.59814453125,-0.06103515625,-0.048828125,-0.01220703125,-1.06201171875,-0.06103515625,-1.8798828125,-0.2197265625,-1.25732421875,-0.0244140625,0.10986328125,0.0732421875,0.3173828125,0.03662109375,-0.0244140625,-0.06103515625,-0.08544921875,-0.0732421875,0.15869140625,-0.06103515625,0,-0.1708984375,1.26953125,-0.06103515625,0.0244140625,0,0.244140625
0,0,-0.390625,0.146484375,-0.341796875,-0.1220703125,-0.42724609375,0.08544921875,-0.048828125,0.244140625,0.13427734375,0,-0.9033203125,-0.09765625,1.07421875,-0.0732421875,-0.1953125,-0.048828125,-0.59814453125,-0.01220703125,-0.15869140625,0.048828125,0.86669921875,-0.01220703125,-0.634765625,-0.341796875,0.67138671875,-0.0244140625,0.08544921875,-0.42724609375,6.40869140625,-0.2685546875,1.30615234375,0.01220703125,8.3984375,0.30517578125,1.33056640625,-0.2197265625,1.81884765625,0.048828125,2.0751953125,0.29296875,-0.2197265625,0.42724609375,-0.68359375,-0.10986328125,-0.3662109375,0.25634765625,0.5859375,-0.3662109375,1.64794921875,-0.06103515625,0.42724609375,0,-0.18310546875,0.01220703125,0.72021484375,-0.32958984375,0.68359375,-0.048828125,0.341796875,0.09765625,0.87890625,-0.08544921875,0.01220703125,0.048828125,0.03662109375,0.2685546875,1.025390625,0.06103515625,0.244140625,-0.244140625,0.18310546875,-0.01220703125,0.20751953125,0.42724609375,0.81787109375,-0.2197265625,0.01220703125,0.03662109375,1.25732421875,0.03662109375,-0.9521484375,-0.03662109375,-0.40283203125,-0.1953125,-1.0009765625,-0.01220703125,-0.8056640625,0.341796875,-1.35498046875,-0.2685546875,-0.13427734375,0.1220703125,-0.10986328125,0.03662109375,-0.91552734375,-0.01220703125,-0.69580078125,-0.048828125,-0.64697265625,-0.1953125,-0.59814453125,-0.146484375,-0.048828125,0.03662109375,-1.13525390625,-0.23193359375,-1.904296875,-0.18310546875,-1.45263671875,-0.048828125,0.03662109375,0.10986328125,0.341796875,0.0244140625,0,-0.06103515625,-0.09765625,-0.048828125,0.146484375,0.01220703125,0.3173828125,-0.1708984375,1.40380859375,-0.048828125,0.1220703125,0,0.439453125
0,0.01220703125,-0.4150390625,0.146484375,-0.35400390625,-0.03662109375,-0.439453125,0.08544921875,-0.048828125,0.28076171875,0.10986328125,-0.01220703125,-0.91552734375,-0.13427734375,1.0498046875,-0.0732421875,-0.18310546875,0.01220703125,-0.5859375,-0.01220703125,-0.15869140625,0.048828125,0.8544921875,-0.08544921875,-0.62255859375,-0.2685546875,0.6591796875,0.048828125,0.0244140625,-0.42724609375,6.18896484375,-0.244140625,1.23291015625,-0.1220703125,8.30078125,0.244140625,1.28173828125,-0.23193359375,1.77001953125,0.08544921875,1.9775390625,0.1953125,-0.2197265625,0.37841796875,-0.67138671875,-0.03662109375,-0.35400390625,0.2685546875,0.57373046875,-0.32958984375,1.67236328125,-0.03662109375,0.4150390625,-0.09765625,-0.15869140625,-0.03662109375,0.69580078125,-0.28076171875,0.64697265625,-0.10986328125,0.32958984375,0.1220703125,0.79345703125,-0.048828125,0.048828125,0.03662109375,-0.01220703125,0.32958984375,1.01318359375,0.048828125,0.1953125,-0.23193359375,0.18310546875,0.06103515625,0.18310546875,0.35400390625,0.81787109375,-0.2685546875,0,0.03662109375,1.25732421875,0.03662109375,-0.9521484375,-0.08544921875,-0.4150390625,-0.1220703125,-1.0009765625,-0.01220703125,-0.8056640625,0.35400390625,-1.4404296875,-0.28076171875,-0.23193359375,0.03662109375,-0.18310546875,0.01220703125,-0.9765625,-0.0732421875,-0.67138671875,0.048828125,-0.64697265625,-0.1708984375,-0.5859375,-0.1953125,-0.06103515625,0.09765625,-1.1962890625,-0.341796875,-1.94091796875,-0.1220703125,-1.611328125,-0.06103515625,-0.0244140625,0.1220703125,0.3662109375,0.0244140625,0,-0.0732421875,-0.0732421875,-0.0244140625,0.1708984375,-0.06103515625,1.03759765625,-0.15869140625,1.67236328125,-0.048828125,0.390625,0.01220703125,0.8056640625
0,-0.01220703125,-0.40283203125,0.146484375,-0.35400390625,-0.03662109375,-0.42724609375,0.0732421875,-0.06103515625,0.28076171875,0.06103515625,-0.03662109375,-0.91552734375,-0.15869140625,1.07421875,-0.0732421875,-0.15869140625,0.048828125,-0.57373046875,-0.01220703125,-0.18310546875,0.0244140625,0.84228515625,-0.09765625,-0.62255859375,-0.23193359375,0.54931640625,0.09765625,-0.09765625,-0.4638671875,5.810546875,-0.2685546875,1.11083984375,-0.13427734375,7.9345703125,0.18310546875,1.171875,-0.244140625,1.64794921875,0.08544921875,1.84326171875,0.08544921875,-0.23193359375,0.32958984375,-0.69580078125,-0.0244140625,-0.341796875,0.28076171875,0.5859375,-0.29296875,1.72119140625,0.0244140625,0.4150390625,-0.18310546875,-0.1953125,-0.08544921875,0.7080078125,-0.2685546875,0.68359375,-0.13427734375,0.40283203125,0.13427734375,0.732421875,-0.048828125,0.45166015625,0.146484375,-0.0244140625,0.37841796875,1.03759765625,0.08544921875,0.18310546875,-0.20751953125,0.1953125,0.08544921875,0.1953125,0.25634765625,0.8056640625,-0.244140625,0,0.06103515625,1.25732421875,-0.01220703125,-0.96435546875,-0.09765625,-0.390625,-0.048828125,-1.01318359375,-0.0244140625,-0.8056640625,0.3662109375,-1.52587890625,-0.3173828125,-0.439453125,-0.048828125,-0.3173828125,0.01220703125,-1.11083984375,-0.13427734375,-0.67138671875,0.1220703125,-0.64697265625,-0.10986328125,-0.6103515625,-0.244140625,-0.0732421875,0.13427734375,-1.23291015625,-0.439453125,-1.9287109375,-0.0732421875,-1.708984375,-0.03662109375,-0.06103515625,0.1220703125,0.37841796875,0.0244140625,0,-0.06103515625,-0.0732421875,0.01220703125,0.1708984375,-0.0244140625,2.099609375,-0.15869140625,1.98974609375,-0.08544921875,0.7568359375,0,1.33056640625
0,-0.0244140625,-0.439453125,0.146484375,-0.390625,-0.0244140625,-0.42724609375,0.0732421875,-0.048828125,0.2685546875,0.0244140625,-0.01220703125,-0.91552734375,-0.18310546875,1.06201171875,-0.09765625,-0.15869140625,0.0732421875,-0.5615234375,-0.01220703125,-0.1708984375,-0.0732421875,0.84228515625,-0.08544921875,-0.62255859375,-0.146484375,0.42724609375,0.15869140625,-0.20751953125,-0.4150390625,5.31005859375,-0.28076171875,0.9521484375,-0.18310546875,7.3974609375,0.15869140625,1.03759765625,-0.1953125,1.513671875,0.03662109375,1.66015625,0.06103515625,-0.244140625,0.25634765625,-0.69580078125,-0.01220703125,-0.3662109375,0.32958984375,0.6103515625,-0.32958984375,1.74560546875,0.08544921875,0.390625,-0.2685546875,-0.1953125,-0.1708984375,0.69580078125,-0.23193359375,0.8056640625,-0.09765625,0.5126953125,0.13427734375,0.69580078125,0.06103515625,1.20849609375,0.146484375,-0.06103515625,0.4150390625,1.0498046875,0.10986328125,0.20751953125,-0.18310546875,0.2197265625,0.1220703125,0.1953125,0.1708984375,0.76904296875,-0.20751953125,-0.0244140625,0.048828125,1.25732421875,-0.06103515625,-0.9765625,-0.10986328125,-0.40283203125,0.01220703125,-1.01318359375,-0.048828125,-0.78125,0.32958984375,-1.6357421875,-0.3173828125,-0.62255859375,-0.146484375,-0.45166015625,0,-1.25732421875,-0.15869140625,-0.68359375,0.18310546875,-0.68359375,-0.03662109375,-0.6103515625,-0.28076171875,-0.09765625,0.15869140625,-1.25732421875,-0.42724609375,-1.94091796875,-0.01220703125,-1.708984375,-0.0244140625,-0.06103515625,0.1220703125,0.37841796875,0.0244140625,-0.01220703125,-0.0732421875,-0.0732421875,0.03662109375,0.146484375,-0.0244140625,3.43017578125,-0.06103515625,2.4658203125,-0.048828125,1.1962890625,0.01220703125,1.9775390625
0,-0.03662109375,-0.4150390625,0.146484375,-0.390625,-0.03662109375,-0.4150390625,0.06103515625,-0.06103515625,0.2685546875,0,0.03662109375,-0.9033203125,-0.18310546875,1.07421875,-0.09765625,-0.13427734375,0.0732421875,-0.54931640625,0.0244140625,-0.18310546875,-0.146484375,0.830078125,-0.06103515625,-0.6103515625,-0.08544921875,0.30517578125,0.2197265625,-0.35400390625,-0.341796875,4.77294921875,-0.25634765625,0.8056640625,-0.13427734375,6.73828125,0.10986328125,0.89111328125,-0.1708984375,1.3916015625,0,1.4892578125,0.0732421875,-0.23193359375,0.1220703125,-0.68359375,-0.048828125,-0.37841796875,0.35400390625,0.634765625,-0.341796875,1.7333984375,0.1220703125,0.4150390625,-0.32958984375,-0.1953125,-0.2197265625,0.7080078125,-0.25634765625,0.98876953125,-0.10986328125,0.72021484375,0.06103515625,0.7080078125,0.09765625,2.28271484375,0.1953125,-0.03662109375,0.47607421875,1.06201171875,0.1953125,0.20751953125,-0.2197265625,0.2197265625,0.146484375,0.18310546875,0.13427734375,0.7568359375,-0.18310546875,-0.03662109375,0.048828125,1.26953125,-0.10986328125,-1.0009765625,-0.146484375,-0.390625,0.0732421875,-1.025390625,-0.048828125,-0.78125,0.2685546875,-1.7333984375,-0.28076171875,-0.81787109375,-0.18310546875,-0.6103515625,0.01220703125,-1.40380859375,-0.18310546875,-0.6591796875,0.1708984375,-0.68359375,0.03662109375,-0.6103515625,-0.32958984375,-0.09765625,0.1708984375,-1.220703125,-0.3662109375,-1.96533203125,0.01220703125,-1.708984375,-0.03662109375,-0.06103515625,0.09765625,0.37841796875,0.0244140625,-0.01220703125,-0.08544921875,-0.08544921875,0.06103515625,0.15869140625,-0.048828125,4.94384765625,-0.08544921875,2.96630859375,-0.0732421875,1.708984375,-0.06103515625,2.734375
0,-0.048828125,-0.4150390625,0.1220703125,-0.390625,0,-0.45166015625,0.0732421875,-0.0732421875,0.2685546875,-0.03662109375,0.06103515625,-0.91552734375,-0.1953125,1.08642578125,-0.0732421875,-0.13427734375,0.0732421875,-0.5615234375,0.03662109375,-0.1708984375,-0.244140625,0.830078125,-0.06103515625,-0.6103515625,0,0.18310546875,0.2685546875,-0.45166015625,-0.25634765625,4.296875,-0.25634765625,0.67138671875,-0.06103515625,6.0302734375,0.03662109375,0.74462890625,-0.13427734375,1.2451171875,-0.0244140625,1.318359375,0.13427734375,-0.23193359375,-0.01220703125,-0.67138671875,-0.0732421875,-0.4150390625,0.3662109375,0.634765625,-0.3662109375,1.708984375,0.146484375,0.4150390625,-0.42724609375,-0.20751953125,-0.29296875,0.69580078125,-0.29296875,1.30615234375,-0.06103515625,0.9521484375,0.048828125,0.8056640625,0.146484375,3.564453125,0.1953125,0,0.4638671875,1.06201171875,0.23193359375,0.20751953125,-0.23193359375,0.244140625,0.18310546875,0.1953125,0.03662109375,0.76904296875,-0.15869140625,-0.048828125,0,1.26953125,-0.09765625,-1.025390625,-0.15869140625,-0.390625,0.13427734375,-1.0009765625,0,-0.78125,0.20751953125,-1.806640625,-0.23193359375,-0.93994140625,-0.1220703125,-0.732421875,0.0244140625,-1.52587890625,-0.1953125,-0.67138671875,0.15869140625,-0.72021484375,0.09765625,-0.5859375,-0.32958984375,-0.09765625,0.1220703125,-1.20849609375,-0.244140625,-1.91650390625,0.01220703125,-1.611328125,-0.03662109375,-0.048828125,0.1220703125,0.37841796875,0.03662109375,0,-0.08544921875,-0.0732421875,0.06103515625,0.1708984375,0.01220703125,6.4453125,-0.08544921875,3.515625,-0.0732421875,2.25830078125,-0.0732421875,3.50341796875
0,-0.048828125,-0.40283203125,0.09765625,-0.390625,-0.01220703125,-0.45166015625,0.0732421875,-0.0732421875,0.23193359375,-0.06103515625,0.06103515625,-0.89111328125,-0.20751953125,1.0986328125,-0.0244140625,-0.13427734375,0.0244140625,-0.537109375,0.0244140625,-0.15869140625,-0.25634765625,0.830078125,-0.06103515625,-0.59814453125,0.03662109375,0.10986328125,0.2197265625,-0.54931640625,-0.13427734375,3.90625,-0.244140625,0.57373046875,0,5.3955078125,0.048828125,0.64697265625,-0.06103515625,1.11083984375,-0.0244140625,1.23291015625,0.1708984375,-0.244140625,-0.13427734375,-0.67138671875,-0.1220703125,-0.4150390625,0.40283203125,0.634765625,-0.37841796875,1.66015625,0.13427734375,0.4150390625,-0.5126953125,-0.2197265625,-0.35400390625,0.67138671875,-0.341796875,1.62353515625,0,1.220703125,0.03662109375,0.9765625,0.2685546875,4.9560546875,0.3173828125,0.048828125,0.4150390625,1.0498046875,0.244140625,0.244140625,-0.2685546875,0.25634765625,0.18310546875,0.1953125,0.0244140625,0.7568359375,-0.13427734375,-0.06103515625,-0.048828125,1.2939453125,-0.0732421875,-1.03759765625,-0.1953125,-0.4150390625,0.18310546875,-1.025390625,-0.01220703125,-0.81787109375,0.146484375,-1.8310546875,-0.1708984375,-0.98876953125,0,-0.8056640625,0.0244140625,-1.5869140625,-0.13427734375,-0.6591796875,0.09765625,-0.7080078125,0.1220703125,-0.5859375,-0.30517578125,-0.08544921875,0.08544921875,-1.1474609375,-0.1220703125,-1.89208984375,0,-1.50146484375,-0.0244140625,0,0.13427734375,0.3662109375,0.03662109375,-0.01220703125,-0.08544921875,-0.048828125,0.048828125,0.15869140625,-0.03662109375,7.82470703125,-0.01220703125,4.0283203125,-0.03662109375,2.8076171875,-0.08544921875,4.26025390625
0,-0.06103515625,-0.390625,0.0732421875,-0.3662109375,-0.0244140625,-0.4638671875,0.06103515625,-0.0732421875,0.2685546875,-0.09765625,0.0732421875,-0.89111328125,-0.23193359375,1.0986328125,-0.03662109375,-0.13427734375,-0.0244140625,-0.54931640625,-0.01220703125,-0.146484375,-0.2685546875,0.8544921875,-0.06103515625,-0.59814453125,0.0732421875,0.048828125,0.1708984375,-0.6103515625,-0.15869140625,3.6865234375,-0.18310546875,0.52490234375,0,4.8583984375,0.0732421875,0.54931640625,-0.0244140625,1.0009765625,0,1.13525390625,0.23193359375,-0.244140625,-0.20751953125,-0.6591796875,-0.1220703125,-0.42724609375,0.32958984375,0.62255859375,-0.35400390625,1.55029296875,0.10986328125,0.4150390625,-0.62255859375,-0.18310546875,-0.40283203125,0.68359375,-0.37841796875,1.9775390625,0.06103515625,1.47705078125,0.08544921875,1.20849609375,0.390625,6.33544921875,0.439453125,0.0732421875,0.390625,1.03759765625,0.244140625,0.23193359375,-0.29296875,0.244140625,0.1220703125,0.18310546875,-0.01220703125,0.78125,-0.08544921875,-0.0732421875,-0.08544921875,1.28173828125,-0.048828125,-1.0498046875,-0.1953125,-0.42724609375,0.23193359375,-1.025390625,0.048828125,-0.81787109375,0.09765625,-1.8310546875,-0.1220703125,-0.9521484375,0.06103515625,-0.8056640625,0.01220703125,-1.5869140625,-0.048828125,-0.6591796875,0.0244140625,-0.7080078125,0.1220703125,-0.59814453125,-0.244140625,-0.08544921875,0.0732421875,-1.0986328125,0.01220703125,-1.8798828125,0.01220703125,-1.3671875,-0.01220703125,0.048828125,0.13427734375,0.341796875,0.0244140625,-0.0244140625,-0.0732421875,-0.0732421875,0.03662109375,0.15869140625,-0.146484375,8.984375,-0.01220703125,4.4921875,0,3.25927734375,-0.10986328125,4.931640625
0,-0.03662109375,-0.37841796875,0.03662109375,-0.35400390625,0.01220703125,-0.439453125,0.0732421875,-0.09765625,0.28076171875,-0.1220703125,0.08544921875,-0.89111328125,-0.244140625,1.123046875,-0.01220703125,-0.13427734375,-0.06103515625,-0.54931640625,-0.06103515625,-0.13427734375,-0.2197265625,0.84228515625,-0.09765625,-0.5859375,0.09765625,0.0244140625,0.09765625,-0.6591796875,-0.23193359375,3.6376953125,-0.15869140625,0.5126953125,-0.048828125,4.4677734375,0.1220703125,0.47607421875,-0.01220703125,0.9033203125,-0.03662109375,1.08642578125,0.29296875,-0.28076171875,-0.244140625,-0.67138671875,-0.1220703125,-0.42724609375,0.25634765625,0.6103515625,-0.390625,1.46484375,0.10986328125,0.42724609375,-0.68359375,-0.1953125,-0.439453125,0.68359375,-0.4150390625,2.33154296875,0.06103515625,1.69677734375,0.1220703125,1.50146484375,0.52490234375,7.5927734375,0.5859375,0.10986328125,0.35400390625,1.01318359375,0.1708984375,0.2197265625,-0.3173828125,0.2197265625,0.08544921875,0.1708984375,-0.0732421875,0.81787109375,-0.06103515625,-0.048828125,-0.09765625,1.28173828125,0,-1.03759765625,-0.2197265625,-0.42724609375,0.244140625,-1.01318359375,0.048828125,-0.830078125,0.1220703125,-1.77001953125,-0.10986328125,-0.830078125,0.18310546875,-0.74462890625,-0.048828125,-1.5380859375,0.048828125,-0.6591796875,-0.06103515625,-0.72021484375,0.10986328125,-0.59814453125,-0.1708984375,-0.0732421875,0.048828125,-1.0498046875,0.1220703125,-1.86767578125,0,-1.28173828125,0,0.10986328125,0.10986328125,0.341796875,-0.01220703125,-0.0244140625,-0.0732421875,-0.09765625,0.03662109375,0.15869140625,-0.20751953125,9.86328125,-0.0244140625,4.8583984375,0.01220703125,3.5888671875,-0.15869140625,5.4443359375
0,-0.06103515625,-0.37841796875,0.01220703125,-0.341796875,-0.01220703125,-0.439453125,0.08544921875,-0.09765625,0.28076171875,-0.09765625,0.06103515625,-0.87890625,-0.25634765625,1.123046875,-0.01220703125,-0.15869140625,-0.0732421875,-0.57373046875,-0.146484375,-0.13427734375,-0.1220703125,0.84228515625,-0.13427734375,-0.62255859375,0.09765625,0.048828125,0,-0.634765625,-0.30517578125,3.7353515625,-0.146484375,0.537109375,-0.0732421875,4.23583984375,0.146484375,0.42724609375,-0.01220703125,0.81787109375,-0.03662109375,1.03759765625,0.30517578125,-0.2685546875,-0.25634765625,-0.67138671875,-0.13427734375,-0.40283203125,0.15869140625,0.57373046875,-0.30517578125,1.33056640625,0.0732421875,0.45166015625,-0.69580078125,-0.18310546875,-0.42724609375,0.7080078125,-0.37841796875,2.62451171875,0.06103515625,1.86767578125,0.08544921875,1.77001953125,0.5615234375,8.59375,0.68359375,0.15869140625,0.29296875,1.01318359375,0.146484375,0.18310546875,-0.30517578125,0.20751953125,0,0.18310546875,-0.06103515625,0.81787109375,-0.048828125,-0.01220703125,0,1.26953125,0.01220703125,-1.025390625,-0.20751953125,-0.439453125,0.23193359375,-1.025390625,0.0244140625,-0.84228515625,0.10986328125,-1.6845703125,-0.10986328125,-0.7080078125,0.244140625,-0.6591796875,-0.10986328125,-1.46484375,0.1220703125,-0.64697265625,-0.13427734375,-0.7080078125,0.08544921875,-0.59814453125,-0.10986328125,-0.06103515625,0.0732421875,-1.025390625,0.18310546875,-1.85546875,-0.01220703125,-1.18408203125,0.03662109375,0.13427734375,0.1220703125,0.341796875,-0.0244140625,-0.01220703125,-0.0732421875,-0.08544921875,0.048828125,0.15869140625,-0.244140625,10.3759765625,-0.03662109375,5.04150390625,0.01220703125,3.82080078125,-0.18310546875,5.76171875
1,-0.06103515625,-0.3662109375,-0.0244140625,-0.341796875,-0.0244140625,-0.42724609375,0.10986328125,-0.09765625,0.341796875,-0.09765625,0.06103515625,-0.86669921875,-0.28076171875,1.08642578125,-0.01220703125,-0.1708984375,-0.03662109375,-0.57373046875,-0.1953125,-0.10986328125,-0.03662109375,0.8544921875,-0.18310546875,-0.634765625,0.06103515625,0.09765625,-0.03662109375,-0.5859375,-0.40283203125,3.94287109375,-0.146484375,0.6103515625,-0.09765625,4.11376953125,0.18310546875,0.390625,-0.01220703125,0.7568359375,-0.03662109375,0.9765625,0.29296875,-0.28076171875,-0.25634765625,-0.6591796875,-0.10986328125,-0.390625,0.10986328125,0.5615234375,-0.25634765625,1.25732421875,0.01220703125,0.439453125,-0.72021484375,-0.20751953125,-0.37841796875,0.7080078125,-0.30517578125,2.83203125,0.10986328125,1.96533203125,0.08544921875,1.98974609375,0.69580078125,9.26513671875,0.634765625,0.23193359375,0.244140625,1.0009765625,0.08544921875,0.18310546875,-0.341796875,0.18310546875,-0.09765625,0.1953125,-0.06103515625,0.84228515625,-0.048828125,-0.0244140625,0.09765625,1.26953125,0.03662109375,-1.01318359375,-0.15869140625,-0.439453125,0.20751953125,-1.025390625,0.03662109375,-0.84228515625,0.146484375,-1.62353515625,-0.146484375,-0.5615234375,0.29296875,-0.54931640625,-0.13427734375,-1.40380859375,0.146484375,-0.67138671875,-0.15869140625,-0.7080078125,0.01220703125,-0.6103515625,-0.08544921875,-0.06103515625,0.0244140625,-1.01318359375,0.2197265625,-1.8310546875,0,-1.15966796875,0.06103515625,0.15869140625,0.146484375,0.341796875,-0.06103515625,-0.03662109375,-0.048828125,-0.0732421875,0.048828125,0.15869140625,-0.244140625,10.4736328125,-0.06103515625,5.11474609375,0.01220703125,3.86962890625,-0.1708984375,5.8837890625
1,-0.06103515625,-0.37841796875,-0.0732421875,-0.35400390625,0.01220703125,-0.42724609375,0.0732421875,-0.10986328125,0.341796875,-0.06103515625,0.0732421875,-0.89111328125,-0.2685546875,1.07421875,0.0244140625,-0.1953125,0,-0.57373046875,-0.25634765625,-0.13427734375,0.0732421875,0.84228515625,-0.1953125,-0.64697265625,0,0.15869140625,-0.09765625,-0.537109375,-0.42724609375,4.18701171875,-0.13427734375,0.67138671875,-0.1220703125,4.04052734375,0.244140625,0.341796875,-0.01220703125,0.7080078125,0.01220703125,0.9033203125,0.244140625,-0.2685546875,-0.1953125,-0.68359375,-0.08544921875,-0.35400390625,0.0732421875,0.54931640625,-0.28076171875,1.18408203125,0,0.4638671875,-0.74462890625,-0.20751953125,-0.40283203125,0.69580078125,-0.2685546875,2.94189453125,0.09765625,2.001953125,0.048828125,2.08740234375,0.59814453125,9.60693359375,0.67138671875,0.40283203125,0.1708984375,0.9765625,0.0244140625,0.15869140625,-0.341796875,0.15869140625,-0.20751953125,0.1953125,-0.06103515625,0.81787109375,-0.06103515625,-0.0244140625,0.18310546875,1.26953125,0.048828125,-0.9765625,-0.13427734375,-0.439453125,0.10986328125,-1.0009765625,0.0244140625,-0.830078125,0.244140625,-1.5869140625,-0.13427734375,-0.47607421875,0.35400390625,-0.47607421875,-0.1220703125,-1.3671875,0.1708984375,-0.68359375,-0.18310546875,-0.69580078125,-0.048828125,-0.62255859375,-0.09765625,-0.06103515625,0.01220703125,-1.0009765625,0.20751953125,-1.81884765625,-0.09765625,-1.1962890625,0.0732421875,0.146484375,0.13427734375,0.32958984375,-0.0732421875,-0.0244140625,-0.06103515625,-0.06103515625,0.03662109375,0.15869140625,-0.25634765625,10.2294921875,-0.06103515625,4.99267578125,0.0244140625,3.77197265625,-0.1708984375,5.74951171875
1,-0.048828125,-0.37841796875,-0.08544921875,-0.341796875,-0.01220703125,-0.4150390625,0.0732421875,-0.10986328125,0.341796875,-0.03662109375,0.08544921875,-0.87890625,-0.25634765625,1.0498046875,0.0244140625,-0.20751953125,-0.01220703125,-0.59814453125,-0.25634765625,-0.13427734375,0.146484375,0.8544921875,-0.1708984375,-0.64697265625,-0.09765625,0.2197265625,-0.13427734375,-0.50048828125,-0.40283203125,4.33349609375,-0.18310546875,0.732421875,-0.13427734375,3.94287109375,0.32958984375,0.25634765625,-0.0244140625,0.64697265625,-0.01220703125,0.78125,0.146484375,-0.28076171875,-0.15869140625,-0.67138671875,-0.0732421875,-0.35400390625,0.01220703125,0.537109375,-0.1708984375,1.13525390625,-0.06103515625,0.45166015625,-0.74462890625,-0.23193359375,-0.42724609375,0.69580078125,-0.1953125,2.94189453125,0.0732421875,1.96533203125,0.06103515625,2.1240234375,0.59814453125,9.5947265625,0.5615234375,0.67138671875,0.10986328125,1.03759765625,-0.03662109375,0.15869140625,-0.32958984375,0.1708984375,-0.25634765625,0.2197265625,-0.0732421875,0.8056640625,-0.09765625,-0.01220703125,0.2685546875,1.28173828125,0.048828125,-0.96435546875,-0.09765625,-0.45166015625,0.01220703125,-0.98876953125,0.06103515625,-0.81787109375,0.244140625,-1.57470703125,-0.1953125,-0.4150390625,0.29296875,-0.45166015625,-0.0732421875,-1.35498046875,0.1220703125,-0.6591796875,-0.1953125,-0.69580078125,-0.09765625,-0.62255859375,-0.10986328125,-0.048828125,0.06103515625,-1.025390625,0.1708984375,-1.81884765625,-0.13427734375,-1.25732421875,0.146484375,0.10986328125,0.13427734375,0.32958984375,-0.0732421875,-0.048828125,-0.0732421875,-0.0732421875,0.03662109375,0.15869140625,-0.244140625,9.66796875,-0.09765625,4.736328125,0.01220703125,3.515625,-0.146484375,5.3955078125
1,-0.03662109375,-0.4150390625,-0.06103515625,-0.341796875,0.048828125,-0.42724609375,0.0732421875,-0.1220703125,0.37841796875,0.01220703125,0.0732421875,-0.89111328125,-0.23193359375,1.03759765625,0.048828125,-0.1953125,0,-0.59814453125,-0.23193359375,-0.15869140625,0.15869140625,0.8544921875,-0.1220703125,-0.6591796875,-0.1220703125,0.20751953125,-0.13427734375,-0.48828125,-0.3662109375,4.3701171875,-0.20751953125,0.74462890625,-0.0244140625,3.7353515625,0.42724609375,0.15869140625,-0.0244140625,0.54931640625,0.03662109375,0.62255859375,0.09765625,-0.29296875,-0.146484375,-0.68359375,-0.09765625,-0.32958984375,0.01220703125,0.5615234375,-0.1953125,1.13525390625,-0.08544921875,0.42724609375,-0.732421875,-0.25634765625,-0.45166015625,0.69580078125,-0.0732421875,2.84423828125,0.01220703125,1.86767578125,0.0732421875,1.98974609375,0.68359375,9.2529296875,0.48828125,1.03759765625,0.0244140625,1.0986328125,-0.10986328125,0.1953125,-0.35400390625,0.2197265625,-0.28076171875,0.2197265625,-0.09765625,0.8056640625,-0.09765625,-0.01220703125,0.35400390625,1.26953125,0.0244140625,-0.9521484375,-0.048828125,-0.439453125,-0.1220703125,-0.9765625,0.0732421875,-0.8056640625,0.341796875,-1.59912109375,-0.18310546875,-0.439453125,0.2685546875,-0.42724609375,0.01220703125,-1.3671875,0.03662109375,-0.64697265625,-0.146484375,-0.67138671875,-0.15869140625,-0.62255859375,-0.146484375,-0.0732421875,0.0244140625,-1.0498046875,0.08544921875,-1.8310546875,-0.1708984375,-1.3427734375,0.10986328125,0.08544921875,0.1220703125,0.3173828125,-0.09765625,-0.048828125,-0.048828125,-0.048828125,0.0244140625,0.15869140625,-0.244140625,8.88671875,-0.10986328125,4.345703125,0.01220703125,3.16162109375,-0.1220703125,4.89501953125
1,-0.0244140625,-0.42724609375,-0.048828125,-0.35400390625,0.06103515625,-0.439453125,0.06103515625,-0.10986328125,0.37841796875,0.01220703125,0.03662109375,-0.89111328125,-0.20751953125,1.025390625,0.048828125,-0.1708984375,0.0244140625,-0.5859375,-0.18310546875,-0.146484375,0.2197265625,0.8544921875,-0.048828125,-0.64697265625,-0.20751953125,0.18310546875,-0.10986328125,-0.54931640625,-0.2685546875,4.19921875,-0.25634765625,0.69580078125,-0.08544921875,3.38134765625,0.52490234375,0.03662109375,-0.0244140625,0.439453125,0.08544921875,0.439453125,0.03662109375,-0.28076171875,-0.1708984375,-0.68359375,-0.1220703125,-0.3662109375,0.0244140625,0.537109375,-0.25634765625,1.1474609375,-0.09765625,0.4150390625,-0.6591796875,-0.2685546875,-0.47607421875,0.68359375,0.0244140625,2.685546875,-0.03662109375,1.7333984375,0.0244140625,1.74560546875,0.69580078125,8.65478515625,0.59814453125,1.611328125,-0.06103515625,1.15966796875,-0.10986328125,0.25634765625,-0.32958984375,0.30517578125,-0.30517578125,0.244140625,-0.13427734375,0.7568359375,-0.048828125,-0.03662109375,0.439453125,1.2939453125,0,-0.96435546875,-0.0244140625,-0.42724609375,-0.244140625,-0.96435546875,0.08544921875,-0.78125,0.37841796875,-1.6357421875,-0.15869140625,-0.50048828125,0.244140625,-0.45166015625,0.09765625,-1.3916015625,0,-0.64697265625,-0.06103515625,-0.6591796875,-0.23193359375,-0.634765625,-0.1953125,-0.0732421875,0.0244140625,-1.07421875,0.01220703125,-1.84326171875,-0.18310546875,-1.45263671875,0.08544921875,0.048828125,0.10986328125,0.3173828125,-0.1220703125,-0.0244140625,-0.06103515625,-0.01220703125,-0.03662109375,0.15869140625,-0.25634765625,7.92236328125,-0.09765625,3.90625,0.0244140625,2.69775390625,-0.1220703125,4.2724609375
1,-0.01220703125,-0.439453125,-0.01220703125,-0.3662109375,0.1220703125,-0.47607421875,0.0732421875,-0.08544921875,0.35400390625,0.01220703125,0.0732421875,-0.9033203125,-0.1953125,1.025390625,0.048828125,-0.146484375,0,-0.57373046875,-0.10986328125,-0.15869140625,0.18310546875,0.87890625,0.03662109375,-0.634765625,-0.20751953125,0.08544921875,-0.0732421875,-0.62255859375,-0.10986328125,3.79638671875,-0.30517578125,0.5859375,0.01220703125,2.84423828125,0.6591796875,-0.13427734375,-0.03662109375,0.30517578125,0.09765625,0.1953125,0.048828125,-0.244140625,-0.18310546875,-0.69580078125,-0.18310546875,-0.3662109375,0.06103515625,0.54931640625,-0.23193359375,1.220703125,-0.08544921875,0.40283203125,-0.59814453125,-0.30517578125,-0.42724609375,0.67138671875,0.09765625,2.45361328125,-0.0244140625,1.5625,-0.03662109375,1.46484375,0.69580078125,7.82470703125,0.5126953125,2.294921875,-0.09765625,1.25732421875,-0.09765625,0.35400390625,-0.3173828125,0.40283203125,-0.32958984375,0.244140625,-0.1220703125,0.7568359375,0,-0.048828125,0.50048828125,1.2939453125,0,-1.0009765625,0,-0.42724609375,-0.29296875,-0.98876953125,0.1220703125,-0.79345703125,0.37841796875,-1.72119140625,-0.13427734375,-0.59814453125,0.20751953125,-0.50048828125,0.15869140625,-1.4404296875,-0.08544921875,-0.6591796875,0.048828125,-0.6591796875,-0.23193359375,-0.64697265625,-0.2197265625,-0.08544921875,0.08544921875,-1.08642578125,-0.03662109375,-1.85546875,-0.15869140625,-1.55029296875,0.10986328125,0.01220703125,0.10986328125,0.341796875,-0.1220703125,-0.01220703125,-0.0732421875,0,-0.06103515625,0.18310546875,-0.25634765625,6.89697265625,-0.09765625,3.43017578125,0.03662109375,2.20947265625,-0.10986328125,3.61328125
1,0.01220703125,-0.439453125,0,-0.37841796875,0.1220703125,-0.4638671875,0.0732421875,-0.0732421875,0.35400390625,0.01220703125,0.08544921875,-0.89111328125,-0.15869140625,1.025390625,0.03662109375,-0.146484375,-0.01220703125,-0.57373046875,0.0244140625,-0.15869140625,0.20751953125,0.8544921875,0.09765625,-0.6103515625,-0.2197265625,-0.048828125,-0.06103515625,-0.76904296875,-0.01220703125,3.21044921875,-0.35400390625,0.42724609375,0.10986328125,2.1728515625,0.74462890625,-0.3173828125,-0.01220703125,0.1708984375,0.0732421875,-0.048828125,0.03662109375,-0.23193359375,-0.23193359375,-0.69580078125,-0.25634765625,-0.390625,0.1220703125,0.57373046875,-0.2685546875,1.26953125,-0.0732421875,0.40283203125,-0.5615234375,-0.29296875,-0.40283203125,0.67138671875,0.10986328125,2.20947265625,-0.03662109375,1.3671875,-0.08544921875,1.13525390625,0.59814453125,6.8603515625,0.4638671875,3.11279296875,-0.13427734375,1.3671875,-0.0732421875,0.47607421875,-0.3662109375,0.537109375,-0.32958984375,0.2685546875,-0.10986328125,0.76904296875,0.0732421875,-0.0244140625,0.5126953125,1.30615234375,0.0244140625,-1.01318359375,0.01220703125,-0.4150390625,-0.32958984375,-0.9765625,0.1220703125,-0.78125,0.32958984375,-1.7578125,-0.09765625,-0.6591796875,0.15869140625,-0.537109375,0.1708984375,-1.46484375,-0.1220703125,-0.6591796875,0.10986328125,-0.6591796875,-0.2685546875,-0.6103515625,-0.244140625,-0.08544921875,0.1220703125,-1.11083984375,-0.1220703125,-1.86767578125,-0.15869140625,-1.5625,0.048828125,0.01220703125,0.146484375,0.35400390625,-0.15869140625,-0.0244140625,-0.06103515625,0.0244140625,-0.0732421875,0.146484375,-0.244140625,5.89599609375,-0.09765625,2.9541015625,0.048828125,1.74560546875,-0.09765625,2.94189453125
1,0.0244140625,-0.4150390625,-0.01220703125,-0.40283203125,0.15869140625,-0.45166015625,0.06103515625,-0.08544921875,0.32958984375,0,0.10986328125,-0.89111328125,-0.146484375,1.03759765625,0.0244140625,-0.13427734375,-0.01220703125,-0.57373046875,0.1220703125,-0.1708984375,0.1953125,0.84228515625,0.10986328125,-0.5859375,-0.18310546875,-0.20751953125,0.01220703125,-0.927734375,0.09765625,2.4658203125,-0.3662109375,0.25634765625,0.09765625,1.40380859375,0.74462890625,-0.50048828125,-0.06103515625,0.01220703125,-0.01220703125,-0.244140625,0.048828125,-0.244140625,-0.25634765625,-0.72021484375,-0.30517578125,-0.4150390625,0.15869140625,0.57373046875,-0.30517578125,1.30615234375,-0.01220703125,0.390625,-0.537109375,-0.2685546875,-0.3173828125,0.67138671875,0.10986328125,1.9287109375,-0.03662109375,1.18408203125,-0.15869140625,0.84228515625,0.537109375,5.810546875,0.5126953125,4.052734375,-0.1708984375,1.50146484375,-0.0244140625,0.64697265625,-0.4150390625,0.69580078125,-0.29296875,0.2685546875,-0.10986328125,0.76904296875,0.13427734375,-0.0244140625,0.4638671875,1.30615234375,0.048828125,-1.025390625,0.03662109375,-0.42724609375,-0.3173828125,-1.0009765625,0.146484375,-0.78125,0.20751953125,-1.7822265625,-0.06103515625,-0.7080078125,0.09765625,-0.5615234375,0.146484375,-1.46484375,-0.13427734375,-0.64697265625,0.10986328125,-0.67138671875,-0.28076171875,-0.62255859375,-0.23193359375,-0.09765625,0.15869140625,-1.07421875,-0.146484375,-1.86767578125,-0.13427734375,-1.5625,0.03662109375,0.0244140625,0.13427734375,0.341796875,-0.15869140625,0,-0.06103515625,0.01220703125,-0.09765625,0.13427734375,-0.2685546875,4.9072265625,-0.0732421875,2.5390625,0.06103515625,1.2939453125,-0.09765625,2.30712890625
1,0.03662109375,-0.40283203125,0,-0.390625,0.1708984375,-0.439453125,0.01220703125,-0.06103515625,0.32958984375,-0.03662109375,0.09765625,-0.87890625,-0.146484375,1.06201171875,0.03662109375,-0.15869140625,-0.01220703125,-0.5615234375,0.18310546875,-0.15869140625,0.146484375,0.84228515625,0.09765625,-0.57373046875,-0.13427734375,-0.390625,0.048828125,-1.0986328125,0.0732421875,1.69677734375,-0.3173828125,0.0732421875,0.10986328125,0.67138671875,0.7568359375,-0.6591796875,-0.0732421875,-0.1708984375,-0.06103515625,-0.45166015625,0.048828125,-0.244140625,-0.23193359375,-0.732421875,-0.3173828125,-0.4150390625,0.15869140625,0.59814453125,-0.341796875,1.35498046875,-0.03662109375,0.40283203125,-0.5126953125,-0.244140625,-0.20751953125,0.67138671875,0.09765625,1.67236328125,-0.03662109375,0.96435546875,-0.1708984375,0.6103515625,0.4638671875,4.7607421875,0.45166015625,5.029296875,-0.1953125,1.62353515625,0.0244140625,0.79345703125,-0.48828125,0.84228515625,-0.2685546875,0.244140625,0.01220703125,0.78125,0.1708984375,-0.01220703125,0.40283203125,1.30615234375,0.08544921875,-1.0498046875,0.01220703125,-0.42724609375,-0.2685546875,-1.025390625,0.10986328125,-0.79345703125,0.09765625,-1.77001953125,-0.0244140625,-0.732421875,0.048828125,-0.54931640625,0.0732421875,-1.416015625,-0.18310546875,-0.64697265625,0.048828125,-0.7080078125,-0.23193359375,-0.6103515625,-0.244140625,-0.09765625,0.23193359375,-1.06201171875,-0.1220703125,-1.8310546875,-0.08544921875,-1.47705078125,0.06103515625,0.06103515625,0.1953125,0.341796875,-0.1708984375,0,-0.0732421875,0,-0.1220703125,0.146484375,-0.25634765625,3.99169921875,-0.0732421875,2.16064453125,0.0732421875,0.9033203125,-0.08544921875,1.7333984375
1,0.048828125,-0.390625,-0.01220703125,-0.37841796875,0.15869140625,-0.439453125,0,-0.06103515625,0.3173828125,-0.06103515625,0.0732421875,-0.86669921875,-0.09765625,1.07421875,0.048828125,-0.15869140625,-0.0244140625,-0.5615234375,0.2197265625,-0.15869140625,0.09765625,0.84228515625,0.01220703125,-0.5859375,-0.08544921875,-0.537109375,0.08544921875,-1.25732421875,0.10986328125,1.0009765625,-0.20751953125,-0.0732421875,0.048828125,0.048828125,0.732421875,-0.79345703125,-0.09765625,-0.30517578125,-0.0732421875,-0.54931640625,0.03662109375,-0.244140625,-0.28076171875,-0.72021484375,-0.30517578125,-0.42724609375,0.1708984375,0.57373046875,-0.42724609375,1.37939453125,0.03662109375,0.42724609375,-0.50048828125,-0.20751953125,-0.08544921875,0.69580078125,-0.01220703125,1.416015625,0.01220703125,0.79345703125,-0.20751953125,0.48828125,0.37841796875,3.77197265625,0.390625,5.9814453125,-0.23193359375,1.69677734375,0.09765625,0.93994140625,-0.50048828125,0.98876953125,-0.32958984375,0.244140625,0.048828125,0.81787109375,0.20751953125,-0.01220703125,0.32958984375,1.30615234375,0.09765625,-1.0498046875,0.0244140625,-0.4150390625,-0.244140625,-1.03759765625,0.0244140625,-0.78125,-0.0244140625,-1.708984375,-0.03662109375,-0.68359375,-0.01220703125,-0.5126953125,0.01220703125,-1.318359375,-0.1953125,-0.6591796875,0,-0.72021484375,-0.1708984375,-0.6103515625,-0.18310546875,-0.09765625,0.20751953125,-1.0009765625,-0.1220703125,-1.806640625,-0.06103515625,-1.3916015625,0.06103515625,0.1220703125,0.1953125,0.35400390625,-0.2197265625,0.01220703125,-0.06103515625,-0.01220703125,-0.13427734375,0.146484375,-0.25634765625,3.11279296875,-0.03662109375,1.85546875,0.0732421875,0.54931640625,-0.08544921875,1.220703125
1,0.0732421875,-0.3662109375,-0.03662109375,-0.3662109375,0.13427734375,-0.42724609375,-0.0244140625,-0.0732421875,0.341796875,-0.10986328125,0.0732421875,-0.87890625,-0.13427734375,1.08642578125,0.03662109375,-0.1708984375,-0.03662109375,-0.5615234375,0.20751953125,-0.13427734375,0.0244140625,0.8544921875,-0.0732421875,-0.57373046875,-0.01220703125,-0.6591796875,0.09765625,-1.33056640625,0.08544921875,0.50048828125,-0.048828125,-0.20751953125,-0.03662109375,-0.3173828125,0.69580078125,-0.84228515625,-0.09765625,-0.3662109375,-0.08544921875,-0.57373046875,0.0244140625,-0.25634765625,-0.1953125,-0.74462890625,-0.29296875,-0.4150390625,0.15869140625,0.5859375,-0.48828125,1.37939453125,0.03662109375,0.42724609375,-0.40283203125,-0.1953125,0.03662109375,0.69580078125,-0.09765625,1.18408203125,0.03662109375,0.62255859375,-0.18310546875,0.45166015625,0.341796875,2.8564453125,0.40283203125,6.84814453125,-0.2197265625,1.806640625,0.09765625,1.0498046875,-0.47607421875,1.07421875,-0.3662109375,0.23193359375,0.09765625,0.84228515625,0.20751953125,-0.0244140625,0.244140625,1.2939453125,0.048828125,-1.06201171875,0,-0.4150390625,-0.1708984375,-1.025390625,0,-0.78125,-0.09765625,-1.64794921875,-0.10986328125,-0.5859375,0.0244140625,-0.45166015625,0,-1.2451171875,-0.1953125,-0.6591796875,-0.10986328125,-0.7080078125,-0.13427734375,-0.6103515625,-0.1220703125,-0.06103515625,0.2197265625,-0.9521484375,-0.0732421875,-1.77001953125,-0.01220703125,-1.28173828125,0.08544921875,0.1953125,0.18310546875,0.341796875,-0.20751953125,0.01220703125,-0.0732421875,-0.01220703125,-0.146484375,0.1220703125,-0.23193359375,2.30712890625,-0.06103515625,1.57470703125,0.06103515625,0.25634765625,-0.0732421875,0.7568359375
1,0.048828125,-0.35400390625,-0.01220703125,-0.3662109375,0.1708984375,-0.40283203125,-0.0244140625,-0.0732421875,0.3173828125,-0.1220703125,0.06103515625,-0.87890625,-0.13427734375,1.07421875,0.01220703125,-0.18310546875,-0.048828125,-0.5859375,0.15869140625,-0.1220703125,-0.08544921875,0.84228515625,-0.1220703125,-0.59814453125,0.03662109375,-0.67138671875,0.06103515625,-1.3916015625,0.0244140625,0.28076171875,0.0732421875,-0.244140625,-0.09765625,-0.3173828125,0.6103515625,-0.79345703125,-0.09765625,-0.37841796875,-0.1220703125,-0.50048828125,0,-0.2685546875,-0.23193359375,-0.732421875,-0.29296875,-0.42724609375,0.0732421875,0.5615234375,-0.45166015625,1.37939453125,0.03662109375,0.4638671875,-0.30517578125,-0.20751953125,0.1220703125,0.69580078125,-0.1220703125,0.98876953125,0.048828125,0.48828125,-0.2197265625,0.47607421875,0.244140625,2.099609375,0.341796875,7.5439453125,-0.1953125,1.86767578125,0.0732421875,1.1474609375,-0.4150390625,1.1474609375,-0.42724609375,0.20751953125,0.13427734375,0.86669921875,0.1708984375,-0.03662109375,0.2197265625,1.26953125,0.048828125,-1.0009765625,-0.0244140625,-0.4150390625,-0.146484375,-1.01318359375,-0.03662109375,-0.78125,-0.1220703125,-1.5625,-0.1953125,-0.50048828125,0.01220703125,-0.390625,-0.06103515625,-1.1474609375,-0.1708984375,-0.6591796875,-0.20751953125,-0.72021484375,-0.06103515625,-0.6103515625,-0.048828125,-0.06103515625,0.244140625,-0.9033203125,0.0244140625,-1.708984375,0.06103515625,-1.15966796875,0.09765625,0.2685546875,0.20751953125,0.341796875,-0.23193359375,-0.01220703125,-0.0732421875,-0.01220703125,-0.1220703125,0.1220703125,-0.23193359375,1.5380859375,-0.048828125,1.33056640625,0.03662109375,-0.01220703125,-0.06103515625,0.35400390625
1,0.048828125,-0.37841796875,-0.0244140625,-0.35400390625,0.146484375,-0.390625,-0.048828125,-0.08544921875,0.3173828125,-0.1220703125,0.0732421875,-0.89111328125,-0.15869140625,1.08642578125,0.0244140625,-0.18310546875,-0.0244140625,-0.59814453125,0.10986328125,-0.13427734375,-0.146484375,0.87890625,-0.1708984375,-0.6103515625,0.0732421875,-0.64697265625,0.08544921875,-1.33056640625,0.09765625,0.35400390625,0.15869140625,-0.1953125,-0.08544921875,0.01220703125,0.52490234375,-0.69580078125,-0.10986328125,-0.30517578125,-0.1708984375,-0.32958984375,-0.0244140625,-0.29296875,-0.10986328125,-0.732421875,-0.29296875,-0.40283203125,0.0244140625,0.5615234375,-0.4638671875,1.40380859375,0.048828125,0.45166015625,-0.2197265625,-0.23193359375,0.146484375,0.72021484375,-0.18310546875,0.8056640625,0.048828125,0.40283203125,-0.18310546875,0.537109375,0.1708984375,1.47705078125,0.439453125,7.99560546875,-0.1220703125,1.904296875,0.048828125,1.18408203125,-0.35400390625,1.171875,-0.439453125,0.1953125,0.15869140625,0.84228515625,0.1220703125,-0.03662109375,0.1953125,1.26953125,0.03662109375,-1.0009765625,-0.048828125,-0.4150390625,-0.1708984375,-1.0009765625,0,-0.79345703125,-0.10986328125,-1.4892578125,-0.2685546875,-0.4150390625,0.06103515625,-0.32958984375,-0.06103515625,-1.08642578125,-0.06103515625,-0.6591796875,-0.29296875,-0.69580078125,-0.01220703125,-0.62255859375,0.03662109375,-0.048828125,0.20751953125,-0.84228515625,0.1220703125,-1.67236328125,0.09765625,-1.07421875,0.0732421875,0.32958984375,0.18310546875,0.32958984375,-0.2197265625,-0.01220703125,-0.06103515625,0.01220703125,-0.09765625,0.146484375,-0.2197265625,0.79345703125,-0.0244140625,1.11083984375,0.03662109375,-0.244140625,-0.048828125,-0.048828125
1,0.0244140625,-0.35400390625,-0.048828125,-0.35400390625,0.146484375,-0.37841796875,-0.06103515625,-0.09765625,0.29296875,-0.1220703125,0.06103515625,-0.9033203125,-0.18310546875,1.0498046875,0.03662109375,-0.18310546875,-0.0244140625,-0.57373046875,0.048828125,-0.13427734375,-0.20751953125,0.89111328125,-0.1708984375,-0.59814453125,0.09765625,-0.537109375,0.048828125,-1.1962890625,0.15869140625,0.79345703125,0.15869140625,-0.048828125,-0.0732421875,0.7568359375,0.4638671875,-0.47607421875,-0.06103515625,-0.1220703125,-0.20751953125,-0.0732421875,-0.0732421875,-0.30517578125,-0.03662109375,-0.732421875,-0.3173828125,-0.3662109375,-0.048828125,0.57373046875,-0.5126953125,1.4404296875,0.048828125,0.47607421875,-0.1220703125,-0.25634765625,0.15869140625,0.69580078125,-0.1953125,0.68359375,0.048828125,0.35400390625,-0.1953125,0.62255859375,0.0732421875,1.01318359375,0.4638671875,8.203125,-0.06103515625,1.904296875,0.03662109375,1.1962890625,-0.25634765625,1.123046875,-0.42724609375,0.18310546875,0.2197265625,0.87890625,0.0244140625,-0.0244140625,0.146484375,1.23291015625,0.048828125,-0.98876953125,-0.08544921875,-0.4150390625,-0.1953125,-0.98876953125,0.048828125,-0.78125,-0.0732421875,-1.4404296875,-0.341796875,-0.37841796875,0.06103515625,-0.30517578125,-0.0732421875,-1.06201171875,0.03662109375,-0.6591796875,-0.3662109375,-0.68359375,0.0244140625,-0.62255859375,0.06103515625,-0.06103515625,0.23193359375,-0.8056640625,0.23193359375,-1.6357421875,0.08544921875,-1.025390625,0.06103515625,0.390625,0.18310546875,0.30517578125,-0.2197265625,0,-0.0732421875,0.0244140625,-0.08544921875,0.13427734375,-0.2685546875,0.13427734375,-0.0732421875,0.8544921875,-0.0244140625,-0.4638671875,-0.09765625,-0.4150390625
0,0.0244140625,-0.3662109375,-0.0244140625,-0.35400390625,0.10986328125,-0.37841796875,-0.06103515625,-0.10986328125,0.2685546875,-0.09765625,0.048828125,-0.91552734375,-0.20751953125,1.06201171875,0.0244140625,-0.2197265625,-0.0244140625,-0.5859375,-0.01220703125,-0.146484375,-0.25634765625,0.89111328125,-0.15869140625,-0.6103515625,0.06103515625,-0.35400390625,0.01220703125,-1.03759765625,0.09765625,1.5380859375,0.0732421875,0.1220703125,-0.13427734375,1.77001953125,0.37841796875,-0.1953125,-0.06103515625,0.146484375,-0.244140625,0.2685546875,-0.09765625,-0.29296875,0.0244140625,-0.74462890625,-0.30517578125,-0.37841796875,-0.08544921875,0.54931640625,-0.537109375,1.4892578125,0.0732421875,0.45166015625,-0.1220703125,-0.2685546875,0.1708984375,0.68359375,-0.29296875,0.5615234375,0.03662109375,0.341796875,-0.13427734375,0.68359375,-0.03662109375,0.6591796875,0.37841796875,8.0810546875,0.01220703125,1.904296875,0.0244140625,1.171875,-0.1708984375,1.08642578125,-0.3662109375,0.1708984375,0.28076171875,0.89111328125,-0.048828125,-0.03662109375,0.10986328125,1.23291015625,0.09765625,-0.98876953125,-0.1220703125,-0.37841796875,-0.23193359375,-0.98876953125,0.10986328125,-0.78125,-0.0244140625,-1.45263671875,-0.4150390625,-0.40283203125,0.06103515625,-0.32958984375,-0.10986328125,-1.13525390625,0.1220703125,-0.68359375,-0.4150390625,-0.67138671875,0.048828125,-0.634765625,0.0732421875,-0.06103515625,0.18310546875,-0.7568359375,0.3173828125,-1.611328125,0.06103515625,-1.06201171875,0.06103515625,0.4150390625,0.1953125,0.3173828125,-0.20751953125,-0.01220703125,-0.06103515625,0.0244140625,-0.0732421875,0.13427734375,-0.2685546875,-0.4638671875,-0.08544921875,0.634765625,-0.01220703125,-0.6591796875,-0.0732421875,-0.78125
0,0.01220703125,-0.3662109375,-0.048828125,-0.35400390625,0.13427734375,-0.3662109375,-0.048828125,-0.1220703125,0.244140625,-0.0732421875,0.0732421875,-0.927734375,-0.2197265625,1.03759765625,0.01220703125,-0.1953125,-0.0244140625,-0.57373046875,-0.048828125,-0.13427734375,-0.28076171875,0.9033203125,-0.09765625,-0.62255859375,0,-0.1220703125,-0.048828125,-0.79345703125,0.15869140625,2.5146484375,-0.03662109375,0.37841796875,0.01220703125,3.0029296875,0.30517578125,0.13427734375,0.01220703125,0.48828125,-0.29296875,0.6591796875,-0.15869140625,-0.28076171875,0.10986328125,-0.74462890625,-0.30517578125,-0.341796875,-0.18310546875,0.54931640625,-0.50048828125,1.5625,0.0732421875,0.439453125,-0.146484375,-0.30517578125,0.13427734375,0.68359375,-0.3173828125,0.50048828125,-0.01220703125,0.32958984375,-0.0244140625,0.7080078125,-0.0732421875,0.45166015625,0.29296875,7.7392578125,0.08544921875,1.86767578125,-0.01220703125,1.123046875,-0.09765625,1.03759765625,-0.28076171875,0.15869140625,0.25634765625,0.86669921875,-0.146484375,-0.03662109375,0.146484375,1.23291015625,0.146484375,-0.96435546875,-0.15869140625,-0.390625,-0.30517578125,-0.98876953125,0.18310546875,-0.78125,0.048828125,-1.52587890625,-0.42724609375,-0.45166015625,0.23193359375,-0.37841796875,-0.09765625,-1.20849609375,0.1708984375,-0.68359375,-0.439453125,-0.68359375,0.06103515625,-0.634765625,0.03662109375,-0.06103515625,0.13427734375,-0.76904296875,0.390625,-1.5869140625,0.03662109375,-1.08642578125,0.03662109375,0.4150390625,0.2197265625,0.30517578125,-0.1953125,-0.01220703125,-0.0732421875,0,-0.06103515625,0.146484375,-0.25634765625,-0.9521484375,-0.03662109375,0.45166015625,0.01220703125,-0.86669921875,-0.0732421875,-1.06201171875
0,0.03662109375,-0.390625,-0.048828125,-0.390625,0.146484375,-0.3662109375,-0.048828125,-0.1220703125,0.20751953125,-0.048828125,0.10986328125,-0.93994140625,-0.23193359375,1.03759765625,0.01220703125,-0.1953125,-0.08544921875,-0.537109375,-0.048828125,-0.13427734375,-0.2685546875,0.87890625,-0.048828125,-0.62255859375,-0.08544921875,0.13427734375,-0.10986328125,-0.52490234375,0.13427734375,3.55224609375,-0.146484375,0.6103515625,0.13427734375,4.3212890625,0.244140625,0.47607421875,0.06103515625,0.8544921875,-0.2685546875,1.06201171875,-0.146484375,-0.2685546875,0.15869140625,-0.7080078125,-0.28076171875,-0.341796875,-0.25634765625,0.537109375,-0.52490234375,1.62353515625,0.01220703125,0.42724609375,-0.1220703125,-0.29296875,0.13427734375,0.67138671875,-0.28076171875,0.45166015625,-0.03662109375,0.32958984375,0.03662109375,0.6591796875,-0.1220703125,0.29296875,0.244140625,7.18994140625,0.18310546875,1.81884765625,-0.06103515625,1.06201171875,-0.03662109375,0.96435546875,-0.146484375,0.18310546875,0.1953125,0.86669921875,-0.1953125,-0.03662109375,0.15869140625,1.23291015625,0.1708984375,-0.98876953125,-0.1708984375,-0.390625,-0.30517578125,-0.9765625,0.23193359375,-0.79345703125,0.08544921875,-1.59912109375,-0.40283203125,-0.54931640625,0.29296875,-0.42724609375,-0.146484375,-1.35498046875,0.13427734375,-0.67138671875,-0.40283203125,-0.68359375,0.06103515625,-0.62255859375,0,-0.08544921875,0.03662109375,-0.78125,0.4150390625,-1.5869140625,-0.01220703125,-1.171875,0.048828125,0.40283203125,0.1953125,0.3173828125,-0.1708984375,-0.01220703125,-0.06103515625,-0.01220703125,-0.06103515625,0.15869140625,-0.244140625,-1.318359375,-0.03662109375,0.29296875,0.0244140625,-0.98876953125,-0.09765625,-1.2939453125
0,0.01220703125,-0.40283203125,-0.048828125,-0.40283203125,0.1708984375,-0.37841796875,-0.03662109375,-0.1220703125,0.20751953125,-0.03662109375,0.1220703125,-0.91552734375,-0.2685546875,1.025390625,-0.01220703125,-0.18310546875,-0.09765625,-0.537109375,-0.03662109375,-0.1220703125,-0.244140625,0.87890625,-0.048828125,-0.59814453125,-0.1220703125,0.40283203125,-0.1708984375,-0.29296875,0.08544921875,4.638671875,-0.18310546875,0.86669921875,0.09765625,5.5908203125,0.20751953125,0.81787109375,0.08544921875,1.20849609375,-0.25634765625,1.46484375,-0.048828125,-0.244140625,0.18310546875,-0.72021484375,-0.244140625,-0.32958984375,-0.29296875,0.537109375,-0.4638671875,1.6845703125,0.0244140625,0.4150390625,-0.146484375,-0.29296875,0.08544921875,0.6591796875,-0.25634765625,0.42724609375,-0.0732421875,0.341796875,0.10986328125,0.5859375,-0.06103515625,0.15869140625,0.20751953125,6.5185546875,0.2197265625,1.7578125,-0.0732421875,1.0009765625,0.01220703125,0.9033203125,-0.08544921875,0.1953125,0.146484375,0.87890625,-0.23193359375,-0.03662109375,0.15869140625,1.25732421875,0.18310546875,-0.98876953125,-0.18310546875,-0.390625,-0.28076171875,-0.9765625,0.2685546875,-0.8056640625,0.1953125,-1.67236328125,-0.3662109375,-0.6591796875,0.3662109375,-0.439453125,-0.1220703125,-1.47705078125,0.13427734375,-0.64697265625,-0.341796875,-0.7080078125,0.0244140625,-0.62255859375,-0.03662109375,-0.08544921875,-0.0244140625,-0.79345703125,0.35400390625,-1.59912109375,-0.06103515625,-1.2451171875,0.048828125,0.341796875,0.15869140625,0.32958984375,-0.146484375,-0.0244140625,-0.0732421875,-0.048828125,-0.0732421875,0.1708984375,-0.25634765625,-1.50146484375,-0.01220703125,0.20751953125,0.03662109375,-1.06201171875,-0.10986328125,-1.416015625
0,0.0244140625,-0.4150390625,-0.0732421875,-0.4150390625,0.1708984375,-0.37841796875,-0.048828125,-0.1220703125,0.20751953125,-0.0244140625,0.13427734375,-0.93994140625,-0.29296875,1.03759765625,-0.01220703125,-0.1708984375,-0.09765625,-0.537109375,-0.06103515625,-0.146484375,-0.1708984375,0.86669921875,-0.03662109375,-0.59814453125,-0.1953125,0.6103515625,-0.18310546875,-0.0732421875,-0.10986328125,5.615234375,-0.18310546875,1.11083984375,0.146484375,6.67724609375,0.2197265625,1.13525390625,0.0732421875,1.5380859375,-0.2197265625,1.77001953125,0.048828125,-0.2197265625,0.23193359375,-0.69580078125,-0.2197265625,-0.341796875,-0.3173828125,0.54931640625,-0.45166015625,1.74560546875,-0.01220703125,0.4150390625,-0.23193359375,-0.28076171875,0.0732421875,0.67138671875,-0.20751953125,0.40283203125,-0.0732421875,0.35400390625,0.0732421875,0.48828125,-0.06103515625,0.06103515625,0.13427734375,5.82275390625,0.25634765625,1.69677734375,-0.0732421875,0.9521484375,0.0244140625,0.86669921875,-0.03662109375,0.1953125,0.03662109375,0.87890625,-0.20751953125,-0.0244140625,0.1953125,1.26953125,0.15869140625,-1.0009765625,-0.15869140625,-0.40283203125,-0.20751953125,-0.96435546875,0.30517578125,-0.8056640625,0.20751953125,-1.74560546875,-0.30517578125,-0.72021484375,0.341796875,-0.40283203125,-0.08544921875,-1.5380859375,0.0732421875,-0.6591796875,-0.2685546875,-0.7080078125,-0.048828125,-0.634765625,-0.0732421875,-0.09765625,-0.06103515625,-0.830078125,0.29296875,-1.64794921875,-0.15869140625,-1.33056640625,0.0244140625,0.30517578125,0.146484375,0.3173828125,-0.15869140625,-0.01220703125,-0.0732421875,-0.06103515625,-0.08544921875,0.18310546875,-0.2685546875,-1.46484375,-0.01220703125,0.1953125,0.048828125,-1.07421875,-0.146484375,-1.42822265625
0,0.03662109375,-0.439453125,-0.06103515625,-0.37841796875,0.15869140625,-0.37841796875,-0.06103515625,-0.09765625,0.18310546875,-0.0244140625,0.13427734375,-0.9033203125,-0.3173828125,1.0498046875,0,-0.146484375,-0.09765625,-0.54931640625,0,-0.1220703125,-0.10986328125,0.86669921875,-0.06103515625,-0.57373046875,-0.2685546875,0.78125,-0.1708984375,0.09765625,-0.2685546875,6.38427734375,-0.1220703125,1.2939453125,0.08544921875,7.51953125,0.1953125,1.37939453125,0.0732421875,1.7822265625,-0.20751953125,2.0263671875,0.1220703125,-0.1953125,0.29296875,-0.7080078125,-0.1708984375,-0.35400390625,-0.37841796875,0.5615234375,-0.42724609375,1.77001953125,-0.01220703125,0.40283203125,-0.3173828125,-0.244140625,0.048828125,0.68359375,-0.1953125,0.4150390625,-0.08544921875,0.341796875,0.0732421875,0.40283203125,-0.0732421875,-0.06103515625,0.1708984375,5.23681640625,0.3173828125,1.64794921875,-0.048828125,0.91552734375,0.0732421875,0.8056640625,0,0.23193359375,-0.0244140625,0.87890625,-0.13427734375,-0.01220703125,0.1708984375,1.28173828125,0.15869140625,-1.01318359375,-0.10986328125,-0.40283203125,-0.146484375,-0.9765625,0.30517578125,-0.81787109375,0.244140625,-1.72119140625,-0.2197265625,-0.72021484375,0.25634765625,-0.244140625,-0.03662109375,-1.55029296875,0.06103515625,-0.6591796875,-0.2197265625,-0.72021484375,-0.13427734375,-0.634765625,-0.09765625,-0.1220703125,-0.01220703125,-0.87890625,0.18310546875,-1.6845703125,-0.2197265625,-1.416015625,0.03662109375,0.25634765625,0.15869140625,0.341796875,-0.146484375,-0.01220703125,-0.06103515625,-0.09765625,-0.08544921875,0.1953125,-0.2685546875,-1.26953125,0.01220703125,0.28076171875,0.048828125,-1.01318359375,-0.18310546875,-1.318359375
0,0.03662109375,-0.42724609375,-0.048828125,-0.3662109375,0.146484375,-0.390625,-0.048828125,-0.08544921875,0.18310546875,-0.0244140625,0.10986328125,-0.9033203125,-0.3173828125,1.06201171875,0.03662109375,-0.13427734375,-0.08544921875,-0.54931640625,0.048828125,-0.10986328125,-0.08544921875,0.8544921875,-0.06103515625,-0.5615234375,-0.35400390625,0.87890625,-0.1708984375,0.2197265625,-0.3662109375,6.884765625,-0.08544921875,1.416015625,-0.03662109375,8.0322265625,0.15869140625,1.50146484375,0.01220703125,1.94091796875,-0.1220703125,2.1728515625,0.15869140625,-0.1708984375,0.35400390625,-0.68359375,-0.1220703125,-0.37841796875,-0.341796875,0.54931640625,-0.4150390625,1.708984375,0.03662109375,0.4150390625,-0.48828125,-0.20751953125,0.0244140625,0.69580078125,-0.2197265625,0.42724609375,-0.06103515625,0.32958984375,0.10986328125,0.32958984375,-0.0732421875,-0.18310546875,0.08544921875,4.77294921875,0.35400390625,1.62353515625,0,0.86669921875,0.0244140625,0.79345703125,0,0.2197265625,-0.06103515625,0.86669921875,-0.0732421875,0,0.1220703125,1.2939453125,0.13427734375,-1.025390625,-0.0732421875,-0.390625,-0.06103515625,-1.025390625,0.30517578125,-0.8056640625,0.146484375,-1.62353515625,-0.18310546875,-0.634765625,0.08544921875,0.08544921875,-0.01220703125,-1.416015625,0.0244140625,-0.6591796875,-0.1708984375,-0.7080078125,-0.1953125,-0.6103515625,-0.1220703125,-0.09765625,0.01220703125,-0.93994140625,0.0732421875,-1.72119140625,-0.23193359375,-1.4404296875,0.0244140625,0.2197265625,0.1953125,0.341796875,-0.1708984375,-0.01220703125,-0.06103515625,-0.09765625,-0.0732421875,0.1953125,-0.2685546875,-0.96435546875,0.01220703125,0.390625,0.03662109375,-0.87890625,-0.2197265625,-1.0986328125
0,0.01220703125,-0.4150390625,-0.06103515625,-0.37841796875,0.15869140625,-0.37841796875,-0.048828125,-0.0732421875,0.15869140625,-0.048828125,0.09765625,-0.9033203125,-0.30517578125,1.06201171875,0.0732421875,-0.10986328125,-0.03662109375,-0.5615234375,0.0732421875,-0.10986328125,-0.06103515625,0.86669921875,-0.08544921875,-0.5615234375,-0.390625,0.9033203125,-0.13427734375,0.28076171875,-0.4150390625,7.1533203125,-0.06103515625,1.47705078125,-0.08544921875,8.203125,0.13427734375,1.5625,-0.03662109375,1.98974609375,-0.048828125,2.23388671875,0.13427734375,-0.1708984375,0.341796875,-0.68359375,-0.08544921875,-0.37841796875,-0.35400390625,0.54931640625,-0.4150390625,1.66015625,0.048828125,0.439453125,-0.59814453125,-0.18310546875,-0.03662109375,0.7080078125,-0.08544921875,0.4150390625,-0.0244140625,0.28076171875,0.09765625,0.3173828125,0.01220703125,-0.32958984375,0.09765625,4.50439453125,0.3173828125,1.5869140625,0.0244140625,0.84228515625,-0.0244140625,0.76904296875,0.01220703125,0.23193359375,-0.08544921875,0.87890625,-0.01220703125,0,0.08544921875,1.2939453125,0.08544921875,-1.01318359375,-0.03662109375,-0.40283203125,-0.01220703125,-1.025390625,0.2685546875,-0.830078125,0.09765625,-1.46484375,-0.1708984375,-0.4638671875,0,0.537109375,-0.01220703125,-1.1962890625,-0.0244140625,-0.64697265625,-0.09765625,-0.74462890625,-0.244140625,-0.62255859375,-0.13427734375,-0.09765625,0.08544921875,-0.9521484375,0.048828125,-1.74560546875,-0.1953125,-1.4404296875,0.0244140625,0.18310546875,0.1708984375,0.341796875,-0.18310546875,0,-0.0732421875,-0.09765625,-0.0732421875,0.1708984375,-0.23193359375,-0.5615234375,0,0.5615234375,0.06103515625,-0.7080078125,-0.23193359375,-0.8544921875
0,0.0244140625,-0.390625,-0.048828125,-0.37841796875,0.15869140625,-0.37841796875,-0.048828125,-0.0732421875,0.1708984375,-0.048828125,0.06103515625,-0.86669921875,-0.32958984375,1.07421875,0.06103515625,-0.15869140625,0.03662109375,-0.59814453125,0.09765625,-0.13427734375,-0.06103515625,0.86669921875,-0.09765625,-0.57373046875,-0.42724609375,0.9033203125,-0.08544921875,0.244140625,-0.42724609375,7.12890625,-0.048828125,1.4404296875,-0.09765625,8.06884765625,0.1220703125,1.513671875,-0.06103515625,1.953125,0.01220703125,2.1240234375,0.1220703125,-0.20751953125,0.35400390625,-0.69580078125,-0.06103515625,-0.37841796875,-0.32958984375,0.537109375,-0.47607421875,1.5380859375,0.09765625,0.45166015625,-0.6591796875,-0.15869140625,-0.08544921875,0.732421875,-0.18310546875,0.42724609375,0.0244140625,0.29296875,0.10986328125,0.35400390625,0.146484375,-0.439453125,0.13427734375,4.4189453125,0.244140625,1.5625,0.01220703125,0.81787109375,-0.03662109375,0.78125,-0.0244140625,0.244140625,-0.10986328125,0.89111328125,0.06103515625,0.01220703125,0.0244140625,1.2939453125,0,-1.0009765625,0,-0.4150390625,-0.0244140625,-1.03759765625,0.2197265625,-0.81787109375,0.048828125,-1.2451171875,-0.15869140625,-0.2197265625,-0.146484375,1.1474609375,-0.01220703125,-0.89111328125,-0.09765625,-0.64697265625,-0.01220703125,-0.732421875,-0.23193359375,-0.6103515625,-0.13427734375,-0.09765625,0.146484375,-0.9765625,-0.048828125,-1.77001953125,-0.23193359375,-1.4404296875,0.048828125,0.1953125,0.1953125,0.341796875,-0.1953125,-0.01220703125,-0.0732421875,-0.0732421875,-0.06103515625,0.1708984375,-0.15869140625,-0.1708984375,0.0244140625,0.732421875,0.048828125,-0.5126953125,-0.23193359375,-0.57373046875
0,0.01220703125,-0.37841796875,-0.048828125,-0.37841796875,0.15869140625,-0.390625,-0.0732421875,-0.0732421875,0.15869140625,-0.0732421875,0.03662109375,-0.9033203125,-0.32958984375,1.07421875,0.048828125,-0.1708984375,0.08544921875,-0.5859375,0.10986328125,-0.13427734375,-0.10986328125,0.89111328125,-0.09765625,-0.5615234375,-0.390625,0.830078125,-0.03662109375,0.13427734375,-0.37841796875,6.87255859375,-0.09765625,1.37939453125,-0.1220703125,7.65380859375,0.146484375,1.3671875,-0.06103515625,1.806640625,0.01220703125,1.9775390625,0.09765625,-0.2197265625,0.35400390625,-0.68359375,-0.06103515625,-0.37841796875,-0.2685546875,0.54931640625,-0.52490234375,1.42822265625,0.10986328125,0.45166015625,-0.7568359375,-0.15869140625,-0.1708984375,0.732421875,-0.1708984375,0.4150390625,0.08544921875,0.2685546875,0.15869140625,0.4150390625,0.30517578125,-0.537109375,0.15869140625,4.47998046875,0.1953125,1.55029296875,-0.0244140625,0.81787109375,-0.0732421875,0.76904296875,-0.048828125,0.2685546875,-0.146484375,0.87890625,0.09765625,0,-0.048828125,1.26953125,-0.03662109375,-0.98876953125,0.048828125,-0.40283203125,-0.048828125,-1.025390625,0.10986328125,-0.8056640625,0.0244140625,-0.93994140625,-0.15869140625,0.06103515625,-0.30517578125,1.85546875,0,-0.537109375,-0.1708984375,-0.62255859375,0.0732421875,-0.732421875,-0.20751953125,-0.62255859375,-0.13427734375,-0.09765625,0.18310546875,-1.0009765625,-0.03662109375,-1.7822265625,-0.1708984375,-1.40380859375,0.0732421875,0.18310546875,0.1953125,0.341796875,-0.20751953125,-0.01220703125,-0.08544921875,-0.06103515625,-0.048828125,0.15869140625,-0.2197265625,0.1220703125,-0.0244140625,0.87890625,0.0244140625,-0.3662109375,-0.23193359375,-0.32958984375
0,0,-0.390625,-0.06103515625,-0.3662109375,0.15869140625,-0.390625,-0.08544921875,-0.09765625,0.15869140625,-0.08544921875,0.048828125,-0.89111328125,-0.32958984375,1.0986328125,0.0244140625,-0.20751953125,0.13427734375,-0.57373046875,0.09765625,-0.15869140625,-0.146484375,0.89111328125,-0.0732421875,-0.59814453125,-0.32958984375,0.72021484375,0.03662109375,0.0244140625,-0.3173828125,6.396484375,-0.10986328125,1.25732421875,-0.0732421875,7.0556640625,0.048828125,1.18408203125,-0.048828125,1.62353515625,0.01220703125,1.77001953125,0.08544921875,-0.23193359375,0.3173828125,-0.68359375,-0.048828125,-0.37841796875,-0.23193359375,0.537109375,-0.48828125,1.33056640625,0.1220703125,0.45166015625,-0.79345703125,-0.146484375,-0.23193359375,0.7080078125,-0.23193359375,0.40283203125,0.146484375,0.23193359375,0.10986328125,0.48828125,0.30517578125,-0.57373046875,0.18310546875,4.57763671875,0.13427734375,1.55029296875,-0.06103515625,0.8056640625,-0.10986328125,0.74462890625,-0.08544921875,0.28076171875,-0.2197265625,0.89111328125,0.146484375,-0.0244140625,-0.048828125,1.25732421875,-0.09765625,-0.9765625,0.03662109375,-0.40283203125,-0.10986328125,-1.03759765625,0.06103515625,-0.81787109375,0.0244140625,-0.62255859375,-0.18310546875,0.3662109375,-0.244140625,2.67333984375,-0.0244140625,-0.146484375,-0.23193359375,-0.64697265625,0.10986328125,-0.72021484375,-0.146484375,-0.62255859375,-0.10986328125,-0.09765625,0.20751953125,-0.9765625,-0.0732421875,-1.77001953125,-0.1220703125,-1.3671875,0.03662109375,0.20751953125,0.1708984375,0.32958984375,-0.20751953125,-0.01220703125,-0.06103515625,-0.03662109375,-0.03662109375,0.15869140625,-0.15869140625,0.30517578125,0.0244140625,1.0009765625,0.03662109375,-0.244140625,-0.20751953125,-0.20751953125
0,-0.01220703125,-0.390625,-0.048828125,-0.37841796875,0.13427734375,-0.37841796875,-0.09765625,-0.09765625,0.1220703125,-0.10986328125,0.0732421875,-0.9033203125,-0.3173828125,1.07421875,0,-0.1953125,0.18310546875,-0.57373046875,0.08544921875,-0.146484375,-0.20751953125,0.91552734375,-0.09765625,-0.6103515625,-0.23193359375,0.54931640625,0.0732421875,-0.15869140625,-0.2197265625,5.7861328125,-0.0732421875,1.0986328125,0.01220703125,6.35986328125,-0.01220703125,0.9521484375,-0.01220703125,1.40380859375,-0.03662109375,1.513671875,0.08544921875,-0.23193359375,0.29296875,-0.69580078125,-0.0732421875,-0.390625,-0.08544921875,0.537109375,-0.45166015625,1.28173828125,0.1953125,0.439453125,-0.8056640625,-0.1708984375,-0.28076171875,0.72021484375,-0.2197265625,0.37841796875,0.18310546875,0.23193359375,0.08544921875,0.54931640625,0.3662109375,-0.5615234375,0.18310546875,4.62646484375,0.0732421875,1.5380859375,-0.1220703125,0.7568359375,-0.13427734375,0.72021484375,-0.1220703125,0.28076171875,-0.244140625,0.86669921875,0.146484375,-0.048828125,0,1.2451171875,-0.08544921875,-0.96435546875,0,-0.4150390625,-0.1708984375,-1.025390625,0.08544921875,-0.8056640625,0.01220703125,-0.29296875,-0.1708984375,0.634765625,-0.15869140625,3.466796875,-0.03662109375,0.25634765625,-0.2197265625,-0.64697265625,0.1220703125,-0.7080078125,-0.06103515625,-0.634765625,-0.0732421875,-0.0732421875,0.1708984375,-0.96435546875,-0.06103515625,-1.77001953125,-0.06103515625,-1.3427734375,0.0244140625,0.2197265625,0.15869140625,0.32958984375,-0.20751953125,-0.01220703125,-0.0732421875,0.01220703125,-0.01220703125,0.15869140625,-0.23193359375,0.35400390625,-0.0244140625,1.025390625,-0.01220703125,-0.2197265625,-0.25634765625,-0.15869140625
0,-0.03662109375,-0.390625,-0.08544921875,-0.3662109375,0.1220703125,-0.40283203125,-0.10986328125,-0.10986328125,0.09765625,-0.1220703125,0.10986328125,-0.91552734375,-0.3173828125,1.06201171875,0.01220703125,-0.1953125,0.18310546875,-0.57373046875,0.0732421875,-0.146484375,-0.23193359375,0.9033203125,-0.08544921875,-0.62255859375,-0.18310546875,0.37841796875,0.0732421875,-0.30517578125,-0.146484375,5.078125,-0.03662109375,0.89111328125,0.048828125,5.615234375,-0.09765625,0.7080078125,0.01220703125,1.1474609375,-0.0732421875,1.20849609375,0.0732421875,-0.25634765625,0.244140625,-0.68359375,-0.08544921875,-0.390625,-0.09765625,0.52490234375,-0.42724609375,1.26953125,0.2197265625,0.42724609375,-0.78125,-0.1953125,-0.30517578125,0.7080078125,-0.2685546875,0.40283203125,0.20751953125,0.25634765625,-0.0244140625,0.5859375,0.3173828125,-0.47607421875,0.30517578125,4.52880859375,-0.01220703125,1.50146484375,-0.15869140625,0.72021484375,-0.146484375,0.67138671875,-0.18310546875,0.3173828125,-0.25634765625,0.87890625,0.13427734375,-0.06103515625,0.048828125,1.2451171875,-0.01220703125,-0.96435546875,-0.0244140625,-0.40283203125,-0.244140625,-0.98876953125,0.08544921875,-0.8056640625,0.048828125,-0.06103515625,-0.13427734375,0.86669921875,-0.09765625,4.18701171875,0,0.59814453125,-0.1953125,-0.64697265625,0.10986328125,-0.7080078125,-0.0244140625,-0.6591796875,-0.06103515625,-0.09765625,0.1708984375,-0.96435546875,0.0244140625,-1.7578125,0.0244140625,-1.30615234375,0.03662109375,0.2197265625,0.13427734375,0.32958984375,-0.244140625,0,-0.08544921875,0.0244140625,-0.0244140625,0.1708984375,-0.2685546875,0.244140625,-0.03662109375,1.01318359375,0.01220703125,-0.25634765625,-0.23193359375,-0.1953125
1,-0.03662109375,-0.390625,-0.10986328125,-0.35400390625,0.10986328125,-0.4150390625,-0.1220703125,-0.10986328125,0.0732421875,-0.10986328125,0.10986328125,-0.91552734375,-0.35400390625,1.0498046875,0.0244140625,-0.1708984375,0.18310546875,-0.57373046875,0.06103515625,-0.146484375,-0.2197265625,0.89111328125,-0.08544921875,-0.62255859375,-0.13427734375,0.1708984375,0.0732421875,-0.5126953125,-0.08544921875,4.296875,0.01220703125,0.69580078125,0.08544921875,4.91943359375,-0.08544921875,0.47607421875,0.06103515625,0.9033203125,-0.10986328125,0.9521484375,0.0732421875,-0.2685546875,0.20751953125,-0.69580078125,-0.0732421875,-0.37841796875,-0.13427734375,0.54931640625,-0.37841796875,1.2939453125,0.23193359375,0.42724609375,-0.8056640625,-0.2197265625,-0.2685546875,0.7080078125,-0.20751953125,0.4150390625,0.244140625,0.29296875,0,0.54931640625,0.390625,-0.32958984375,0.40283203125,4.1748046875,-0.08544921875,1.45263671875,-0.23193359375,0.634765625,-0.13427734375,0.57373046875,-0.2685546875,0.3173828125,-0.25634765625,0.86669921875,0.08544921875,-0.06103515625,0.09765625,1.2451171875,0.0732421875,-0.9521484375,-0.08544921875,-0.40283203125,-0.28076171875,-0.9765625,0.1953125,-0.79345703125,0.01220703125,0.1220703125,-0.10986328125,1.025390625,0,4.833984375,0.0244140625,0.8056640625,-0.08544921875,-0.64697265625,0,-0.68359375,0.0244140625,-0.67138671875,-0.0244140625,-0.0732421875,0.10986328125,-0.96435546875,0.06103515625,-1.72119140625,0.0732421875,-1.28173828125,-0.0244140625,0.2197265625,0.13427734375,0.32958984375,-0.23193359375,0,-0.0732421875,0.0244140625,-0.0244140625,0.15869140625,-0.1953125,0.03662109375,0.03662109375,0.927734375,0.03662109375,-0.35400390625,-0.18310546875,-0.32958984375
1,-0.048828125,-0.390625,-0.146484375,-0.37841796875,0.09765625,-0.42724609375,-0.15869140625,-0.08544921875,0.03662109375,-0.10986328125,0.1220703125,-0.89111328125,-0.341796875,1.03759765625,0.0244140625,-0.146484375,0.1220703125,-0.5615234375,0.048828125,-0.146484375,-0.2197265625,0.89111328125,-0.10986328125,-0.6103515625,-0.10986328125,0,0.03662109375,-0.69580078125,-0.08544921875,3.5888671875,0.048828125,0.47607421875,0.03662109375,4.28466796875,-0.06103515625,0.2685546875,0.1220703125,0.7080078125,-0.15869140625,0.7080078125,0.06103515625,-0.2685546875,0.1708984375,-0.72021484375,-0.048828125,-0.35400390625,-0.1708984375,0.5615234375,-0.32958984375,1.3427734375,0.20751953125,0.4150390625,-0.8056640625,-0.2197265625,-0.29296875,0.68359375,-0.20751953125,0.47607421875,0.2685546875,0.341796875,0,0.48828125,0.45166015625,-0.1708984375,0.4638671875,3.5888671875,-0.13427734375,1.3916015625,-0.3173828125,0.537109375,-0.09765625,0.48828125,-0.25634765625,0.35400390625,-0.244140625,0.87890625,0.03662109375,-0.08544921875,0.1953125,1.25732421875,0.18310546875,-0.9521484375,-0.10986328125,-0.390625,-0.25634765625,-0.9765625,0.244140625,-0.79345703125,0.03662109375,0.20751953125,-0.08544921875,1.07421875,0.03662109375,5.2734375,-0.01220703125,0.9521484375,-0.01220703125,-0.6591796875,-0.0732421875,-0.69580078125,0.03662109375,-0.67138671875,0,-0.0732421875,0.048828125,-0.9521484375,0.146484375,-1.708984375,0.08544921875,-1.2939453125,0,0.23193359375,0.1220703125,0.341796875,-0.23193359375,0.01220703125,-0.0732421875,0,-0.0244140625,0.18310546875,-0.25634765625,-0.20751953125,-0.01220703125,0.8544921875,0.01220703125,-0.45166015625,-0.2685546875,-0.47607421875
1,-0.048828125,-0.390625,-0.18310546875,-0.37841796875,0.09765625,-0.42724609375,-0.1708984375,-0.09765625,0.03662109375,-0.09765625,0.09765625,-0.91552734375,-0.341796875,1.03759765625,0,-0.13427734375,0.09765625,-0.57373046875,0.0244140625,-0.13427734375,-0.1953125,0.89111328125,-0.10986328125,-0.59814453125,-0.0732421875,-0.18310546875,-0.01220703125,-0.8544921875,-0.15869140625,2.84423828125,0.0732421875,0.29296875,0.01220703125,3.69873046875,-0.01220703125,0.0732421875,0.13427734375,0.537109375,-0.1708984375,0.52490234375,-0.0244140625,-0.2685546875,0.10986328125,-0.7080078125,0.01220703125,-0.35400390625,-0.244140625,0.5859375,-0.30517578125,1.416015625,0.146484375,0.42724609375,-0.79345703125,-0.2197265625,-0.30517578125,0.69580078125,-0.1220703125,0.537109375,0.2197265625,0.390625,-0.0732421875,0.4150390625,0.52490234375,0.0244140625,0.5126953125,2.783203125,-0.18310546875,1.28173828125,-0.3662109375,0.45166015625,-0.06103515625,0.3662109375,-0.25634765625,0.390625,-0.2685546875,0.9033203125,0.048828125,-0.08544921875,0.2685546875,1.25732421875,0.23193359375,-0.96435546875,-0.13427734375,-0.40283203125,-0.1953125,-0.96435546875,0.20751953125,-0.78125,0.06103515625,0.18310546875,-0.0244140625,1.06201171875,0.244140625,5.46875,-0.0244140625,0.9765625,0.03662109375,-0.68359375,-0.146484375,-0.732421875,0.0244140625,-0.634765625,-0.0244140625,-0.08544921875,0,-0.927734375,0.1708984375,-1.69677734375,0.08544921875,-1.2939453125,-0.01220703125,0.2197265625,0.13427734375,0.35400390625,-0.2197265625,0,-0.06103515625,0.01220703125,-0.048828125,0.1953125,-0.2685546875,-0.40283203125,0,0.8056640625,0.0244140625,-0.537109375,-0.2685546875,-0.59814453125
1,-0.03662109375,-0.4150390625,-0.1708984375,-0.37841796875,0.08544921875,-0.439453125,-0.1953125,-0.08544921875,-0.01220703125,-0.08544921875,0.10986328125,-0.87890625,-0.341796875,1.03759765625,-0.01220703125,-0.146484375,0.0732421875,-0.5615234375,0,-0.1220703125,-0.13427734375,0.87890625,-0.1708984375,-0.59814453125,-0.048828125,-0.32958984375,-0.06103515625,-0.98876953125,-0.29296875,2.197265625,0.09765625,0.10986328125,-0.048828125,3.18603515625,0.03662109375,-0.0732421875,0.13427734375,0.4150390625,-0.18310546875,0.35400390625,-0.0732421875,-0.25634765625,0.048828125,-0.72021484375,0.06103515625,-0.37841796875,-0.341796875,0.59814453125,-0.1708984375,1.47705078125,0.1220703125,0.4150390625,-0.78125,-0.23193359375,-0.244140625,0.69580078125,-0.09765625,0.59814453125,0.1953125,0.40283203125,-0.10986328125,0.32958984375,0.59814453125,0.15869140625,0.52490234375,1.81884765625,-0.20751953125,1.171875,-0.37841796875,0.35400390625,-0.01220703125,0.28076171875,-0.25634765625,0.4150390625,-0.29296875,0.89111328125,0.06103515625,-0.0732421875,0.32958984375,1.26953125,0.23193359375,-0.9765625,-0.13427734375,-0.390625,-0.13427734375,-0.9765625,0.244140625,-0.79345703125,0.08544921875,0.09765625,0.0244140625,0.98876953125,0.35400390625,5.48095703125,-0.0244140625,0.9033203125,0.08544921875,-0.7080078125,-0.18310546875,-0.72021484375,0.03662109375,-0.57373046875,-0.0244140625,-0.08544921875,-0.01220703125,-0.91552734375,0.18310546875,-1.69677734375,0.01220703125,-1.2939453125,0.06103515625,0.244140625,0.15869140625,0.35400390625,-0.23193359375,-0.01220703125,-0.0732421875,0,-0.048828125,0.18310546875,-0.20751953125,-0.537109375,0.048828125,0.8056640625,0.06103515625,-0.537109375,-0.29296875,-0.634765625
1,-0.048828125,-0.40283203125,-0.18310546875,-0.40283203125,0.0732421875,-0.439453125,-0.2197265625,-0.08544921875,-0.0244140625,-0.03662109375,0.1220703125,-0.89111328125,-0.3662109375,1.06201171875,-0.01220703125,-0.1220703125,0.0732421875,-0.537109375,-0.03662109375,-0.10986328125,-0.13427734375,0.87890625,-0.1953125,-0.57373046875,-0.06103515625,-0.45166015625,-0.06103515625,-1.11083984375,-0.35400390625,1.64794921875,0.1220703125,-0.03662109375,-0.09765625,2.69775390625,0.048828125,-0.20751953125,0.146484375,0.30517578125,-0.23193359375,0.1953125,-0.09765625,-0.2197265625,0.0244140625,-0.7080078125,0.06103515625,-0.3662109375,-0.45166015625,0.62255859375,-0.146484375,1.4892578125,0.08544921875,0.42724609375,-0.732421875,-0.18310546875,-0.244140625,0.7080078125,-0.03662109375,0.6591796875,0.23193359375,0.439453125,-0.23193359375,0.25634765625,0.7080078125,0.23193359375,0.48828125,0.87890625,-0.23193359375,1.03759765625,-0.341796875,0.244140625,-0.03662109375,0.15869140625,-0.25634765625,0.42724609375,-0.25634765625,0.89111328125,0.10986328125,-0.048828125,0.40283203125,1.28173828125,0.244140625,-1.025390625,-0.1220703125,-0.4150390625,-0.08544921875,-0.9765625,0.20751953125,-0.81787109375,0.15869140625,-0.03662109375,0.0244140625,0.86669921875,0.30517578125,5.2978515625,-0.03662109375,0.76904296875,0.08544921875,-0.68359375,-0.20751953125,-0.72021484375,-0.0244140625,-0.5859375,-0.06103515625,-0.09765625,-0.048828125,-0.87890625,0.1220703125,-1.69677734375,-0.08544921875,-1.2939453125,0.08544921875,0.23193359375,0.1953125,0.35400390625,-0.2197265625,-0.0244140625,-0.06103515625,0.01220703125,-0.048828125,0.18310546875,-0.25634765625,-0.48828125,0,0.84228515625,0.0244140625,-0.47607421875,-0.29296875,-0.5859375
1,-0.03662109375,-0.40283203125,-0.1708984375,-0.390625,0.08544921875,-0.439453125,-0.23193359375,-0.08544921875,-0.03662109375,-0.0244140625,0.10986328125,-0.9033203125,-0.35400390625,1.08642578125,0,-0.146484375,0.06103515625,-0.52490234375,-0.06103515625,-0.1220703125,-0.06103515625,0.86669921875,-0.1953125,-0.5615234375,-0.09765625,-0.54931640625,-0.08544921875,-1.20849609375,-0.45166015625,1.171875,0.146484375,-0.15869140625,-0.13427734375,2.20947265625,0.048828125,-0.341796875,0.1220703125,0.20751953125,-0.2197265625,0.0244140625,-0.1220703125,-0.20751953125,-0.03662109375,-0.72021484375,0.0732421875,-0.390625,-0.59814453125,0.6591796875,-0.146484375,1.47705078125,0.06103515625,0.439453125,-0.72021484375,-0.1708984375,-0.146484375,0.69580078125,0.01220703125,0.732421875,0.146484375,0.47607421875,-0.3173828125,0.244140625,0.732421875,0.2685546875,0.47607421875,0.08544921875,-0.25634765625,0.927734375,-0.29296875,0.1953125,-0.0244140625,0.10986328125,-0.25634765625,0.4150390625,-0.2197265625,0.91552734375,0.1708984375,-0.01220703125,0.40283203125,1.2939453125,0.244140625,-1.03759765625,-0.1220703125,-0.390625,-0.048828125,-1.0009765625,0.146484375,-0.81787109375,0.1953125,-0.1708984375,0.0244140625,0.74462890625,0.244140625,4.96826171875,0.03662109375,0.5859375,0.06103515625,-0.69580078125,-0.1953125,-0.7080078125,-0.0732421875,-0.57373046875,-0.08544921875,-0.1220703125,-0.03662109375,-0.84228515625,0.08544921875,-1.6845703125,-0.1953125,-1.26953125,0.09765625,0.25634765625,0.18310546875,0.35400390625,-0.20751953125,-0.03662109375,-0.06103515625,0,-0.048828125,0.1708984375,-0.20751953125,-0.29296875,0.0244140625,0.96435546875,0.048828125,-0.3662109375,-0.2685546875,-0.40283203125
1,-0.0244140625,-0.40283203125,-0.1953125,-0.390625,0.06103515625,-0.439453125,-0.244140625,-0.0732421875,-0.03662109375,0,0.08544921875,-0.9033203125,-0.35400390625,1.0986328125,0.01220703125,-0.13427734375,0.06103515625,-0.52490234375,-0.0244140625,-0.1220703125,-0.01220703125,0.89111328125,-0.15869140625,-0.5615234375,-0.15869140625,-0.59814453125,-0.09765625,-1.25732421875,-0.45166015625,0.78125,0.1220703125,-0.244140625,-0.1708984375,1.6845703125,0.06103515625,-0.45166015625,0.0732421875,0.0732421875,-0.1708984375,-0.146484375,-0.1220703125,-0.2197265625,-0.0732421875,-0.72021484375,0.06103515625,-0.390625,-0.72021484375,0.67138671875,-0.1708984375,1.42822265625,0.0244140625,0.45166015625,-0.74462890625,-0.15869140625,-0.0732421875,0.69580078125,0.048828125,0.84228515625,0.146484375,0.48828125,-0.3173828125,0.2685546875,0.7080078125,0.25634765625,0.4150390625,-0.390625,-0.2685546875,0.87890625,-0.23193359375,0.1708984375,-0.08544921875,0.06103515625,-0.244140625,0.390625,-0.15869140625,0.87890625,0.2197265625,0.01220703125,0.35400390625,1.2939453125,0.20751953125,-1.03759765625,-0.1220703125,-0.42724609375,0,-1.01318359375,0.146484375,-0.81787109375,0.1953125,-0.341796875,0.03662109375,0.634765625,0.23193359375,4.55322265625,0.048828125,0.4150390625,0.0244140625,-0.69580078125,-0.1708984375,-0.69580078125,-0.146484375,-0.5615234375,-0.09765625,-0.10986328125,-0.048828125,-0.81787109375,0.048828125,-1.6845703125,-0.1953125,-1.25732421875,0.1220703125,0.29296875,0.1708984375,0.341796875,-0.20751953125,-0.03662109375,-0.06103515625,0.03662109375,-0.06103515625,0.18310546875,-0.1708984375,0.0244140625,0.048828125,1.1474609375,0.03662109375,-0.18310546875,-0.23193359375,-0.15869140625
1,-0.0244140625,-0.4150390625,-0.20751953125,-0.37841796875,0.06103515625,-0.439453125,-0.23193359375,-0.06103515625,-0.0244140625,-0.03662109375,0.09765625,-0.87890625,-0.3173828125,1.0986328125,0.0244140625,-0.13427734375,0.0244140625,-0.52490234375,0.0244140625,-0.146484375,0.01220703125,0.89111328125,-0.09765625,-0.5615234375,-0.20751953125,-0.634765625,-0.09765625,-1.30615234375,-0.40283203125,0.5126953125,0.08544921875,-0.29296875,-0.13427734375,1.08642578125,0.048828125,-0.57373046875,0.048828125,-0.06103515625,-0.1220703125,-0.341796875,-0.13427734375,-0.1953125,-0.13427734375,-0.7080078125,0.0244140625,-0.390625,-0.74462890625,0.69580078125,-0.29296875,1.35498046875,0.048828125,0.45166015625,-0.6591796875,-0.15869140625,0,0.69580078125,0.0244140625,0.9033203125,0.146484375,0.50048828125,-0.37841796875,0.35400390625,0.7080078125,0.20751953125,0.30517578125,-0.48828125,-0.3173828125,0.86669921875,-0.146484375,0.18310546875,-0.13427734375,0.09765625,-0.2197265625,0.3662109375,-0.048828125,0.87890625,0.25634765625,0.048828125,0.29296875,1.30615234375,0.13427734375,-1.07421875,-0.10986328125,-0.40283203125,0.0244140625,-1.01318359375,0.146484375,-0.830078125,0.2197265625,-0.4638671875,0,0.5126953125,0.20751953125,4.1015625,0.048828125,0.2197265625,-0.01220703125,-0.7080078125,-0.10986328125,-0.67138671875,-0.23193359375,-0.57373046875,-0.09765625,-0.09765625,-0.048828125,-0.78125,-0.0244140625,-1.67236328125,-0.23193359375,-1.23291015625,0.1220703125,0.32958984375,0.15869140625,0.341796875,-0.20751953125,-0.048828125,-0.0732421875,0.03662109375,-0.048828125,0.15869140625,-0.20751953125,0.35400390625,0,1.3427734375,-0.01220703125,0.06103515625,-0.2197265625,0.146484375
1,0,-0.4150390625,-0.20751953125,-0.3662109375,0.09765625,-0.42724609375,-0.20751953125,-0.0732421875,-0.0244140625,-0.048828125,0.09765625,-0.89111328125,-0.3173828125,1.0986328125,0.0244140625,-0.15869140625,0.06103515625,-0.54931640625,0.0732421875,-0.15869140625,0.03662109375,0.9033203125,-0.01220703125,-0.57373046875,-0.244140625,-0.64697265625,-0.10986328125,-1.3427734375,-0.30517578125,0.29296875,0.03662109375,-0.3173828125,-0.09765625,0.45166015625,0.0244140625,-0.732421875,0.0244140625,-0.23193359375,-0.0732421875,-0.537109375,-0.1220703125,-0.23193359375,-0.2685546875,-0.7080078125,-0.01220703125,-0.37841796875,-0.74462890625,0.74462890625,-0.42724609375,1.26953125,0.048828125,0.439453125,-0.54931640625,-0.10986328125,0.06103515625,0.69580078125,0.01220703125,1.01318359375,0.13427734375,0.5126953125,-0.341796875,0.45166015625,0.6591796875,0.146484375,0.29296875,-0.13427734375,-0.341796875,0.91552734375,-0.1220703125,0.20751953125,-0.146484375,0.18310546875,-0.28076171875,0.341796875,0.06103515625,0.8544921875,0.2685546875,0.048828125,0.2197265625,1.26953125,0.0732421875,-1.03759765625,-0.09765625,-0.4150390625,0.03662109375,-1.01318359375,0.18310546875,-0.84228515625,0.18310546875,-0.54931640625,0,0.439453125,0.244140625,3.7109375,0.09765625,0.0732421875,-0.06103515625,-0.732421875,-0.06103515625,-0.6591796875,-0.25634765625,-0.59814453125,-0.09765625,-0.10986328125,-0.0244140625,-0.7568359375,-0.0244140625,-1.6357421875,-0.244140625,-1.20849609375,0.1220703125,0.37841796875,0.146484375,0.37841796875,-0.1708984375,-0.0732421875,-0.06103515625,-0.01220703125,-0.03662109375,0.1708984375,-0.1953125,0.72021484375,0.01220703125,1.5380859375,-0.03662109375,0.23193359375,-0.18310546875,0.45166015625
1,-0.0244140625,-0.390625,-0.20751953125,-0.3662109375,0.09765625,-0.439453125,-0.20751953125,-0.08544921875,-0.06103515625,-0.06103515625,0.08544921875,-0.89111328125,-0.341796875,1.11083984375,0,-0.1708984375,0.048828125,-0.54931640625,0.09765625,-0.18310546875,0.0732421875,0.91552734375,0.08544921875,-0.5615234375,-0.2197265625,-0.62255859375,-0.13427734375,-1.3427734375,-0.15869140625,0.15869140625,-0.048828125,-0.3173828125,-0.048828125,-0.15869140625,0.01220703125,-0.86669921875,0.01220703125,-0.4150390625,-0.09765625,-0.74462890625,-0.0732421875,-0.2197265625,-0.35400390625,-0.68359375,-0.03662109375,-0.390625,-0.74462890625,0.78125,-0.52490234375,1.1962890625,0.06103515625,0.42724609375,-0.42724609375,-0.146484375,0.09765625,0.68359375,-0.0244140625,1.11083984375,0.146484375,0.54931640625,-0.3662109375,0.5615234375,0.5615234375,0.10986328125,0.2685546875,0.64697265625,-0.35400390625,1.025390625,-0.08544921875,0.3173828125,-0.1708984375,0.30517578125,-0.341796875,0.32958984375,0.08544921875,0.81787109375,0.25634765625,0.048828125,0.1708984375,1.28173828125,0.0732421875,-1.025390625,-0.08544921875,-0.390625,0.0244140625,-1.01318359375,0.23193359375,-0.830078125,0.1708984375,-0.59814453125,0.01220703125,0.4150390625,0.25634765625,3.3935546875,0.06103515625,-0.01220703125,-0.06103515625,-0.72021484375,0.0244140625,-0.64697265625,-0.25634765625,-0.62255859375,-0.10986328125,-0.10986328125,0.0244140625,-0.76904296875,-0.0732421875,-1.6357421875,-0.341796875,-1.1962890625,0.08544921875,0.4150390625,0.1220703125,0.3662109375,-0.1708984375,-0.06103515625,-0.0732421875,-0.03662109375,-0.048828125,0.1708984375,-0.18310546875,1.0009765625,0.03662109375,1.6845703125,-0.0732421875,0.37841796875,-0.1708984375,0.69580078125
1,-0.01220703125,-0.37841796875,-0.18310546875,-0.3662109375,0.1220703125,-0.4150390625,-0.1953125,-0.0732421875,-0.048828125,-0.08544921875,0.1220703125,-0.89111328125,-0.30517578125,1.0986328125,-0.048828125,-0.1708984375,0.048828125,-0.5615234375,0.13427734375,-0.1708984375,0.08544921875,0.91552734375,0.13427734375,-0.57373046875,-0.18310546875,-0.62255859375,-0.146484375,-1.35498046875,-0.01220703125,0.09765625,-0.15869140625,-0.32958984375,0.06103515625,-0.78125,0.0244140625,-1.01318359375,0.01220703125,-0.6103515625,-0.1220703125,-0.9521484375,0,-0.25634765625,-0.439453125,-0.68359375,-0.08544921875,-0.390625,-0.72021484375,0.81787109375,-0.5126953125,1.1474609375,0.09765625,0.4150390625,-0.30517578125,-0.1708984375,0.08544921875,0.69580078125,-0.048828125,1.15966796875,0.146484375,0.5615234375,-0.390625,0.67138671875,0.439453125,0.09765625,0.1953125,1.77001953125,-0.30517578125,1.20849609375,-0.08544921875,0.439453125,-0.1220703125,0.45166015625,-0.390625,0.3173828125,0.13427734375,0.81787109375,0.23193359375,0.048828125,0.146484375,1.25732421875,0.048828125,-0.96435546875,-0.06103515625,-0.390625,-0.048828125,-0.98876953125,0.244140625,-0.830078125,0.1220703125,-0.5615234375,0.06103515625,0.390625,0.18310546875,3.21044921875,0.01220703125,-0.03662109375,-0.0732421875,-0.68359375,0.048828125,-0.64697265625,-0.25634765625,-0.64697265625,-0.10986328125,-0.10986328125,0.08544921875,-0.78125,-0.08544921875,-1.64794921875,-0.32958984375,-1.18408203125,0.06103515625,0.439453125,0.10986328125,0.3662109375,-0.15869140625,-0.06103515625,-0.0732421875,-0.0244140625,-0.048828125,0.1708984375,-0.1708984375,1.15966796875,0.03662109375,1.7822265625,-0.06103515625,0.47607421875,-0.146484375,0.8544921875
1,-0.01220703125,-0.3662109375,-0.15869140625,-0.37841796875,0.09765625,-0.42724609375,-0.2197265625,-0.0732421875,-0.10986328125,-0.09765625,0.146484375,-0.89111328125,-0.3173828125,1.07421875,-0.06103515625,-0.20751953125,0.08544921875,-0.5615234375,0.15869140625,-0.18310546875,0.15869140625,0.927734375,0.146484375,-0.5859375,-0.1220703125,-0.5859375,-0.15869140625,-1.35498046875,0.06103515625,0.06103515625,-0.23193359375,-0.29296875,0.1220703125,-1.220703125,-0.0244140625,-1.123046875,0,-0.78125,-0.18310546875,-1.123046875,0.01220703125,-0.28076171875,-0.45166015625,-0.68359375,-0.10986328125,-0.37841796875,-0.69580078125,0.830078125,-0.50048828125,1.13525390625,0.1220703125,0.4150390625,-0.1953125,-0.1953125,0.15869140625,0.69580078125,-0.03662109375,1.20849609375,0.10986328125,0.5615234375,-0.390625,0.72021484375,0.341796875,0.1220703125,0.1220703125,3.1005859375,-0.28076171875,1.416015625,-0.08544921875,0.62255859375,-0.08544921875,0.6591796875,-0.4150390625,0.30517578125,0.13427734375,0.79345703125,0.15869140625,0.0244140625,0.09765625,1.25732421875,0.048828125,-0.91552734375,-0.06103515625,-0.390625,-0.10986328125,-1.0009765625,0.244140625,-0.830078125,0.01220703125,-0.5615234375,0.06103515625,0.40283203125,0.09765625,3.173828125,-0.03662109375,-0.048828125,-0.10986328125,-0.69580078125,0.0244140625,-0.64697265625,-0.20751953125,-0.6591796875,-0.09765625,-0.09765625,0.146484375,-0.79345703125,-0.09765625,-1.64794921875,-0.28076171875,-1.18408203125,0.01220703125,0.45166015625,0.13427734375,0.3662109375,-0.146484375,-0.03662109375,-0.06103515625,-0.03662109375,-0.08544921875,0.18310546875,-0.18310546875,1.171875,0.03662109375,1.7822265625,-0.0732421875,0.5126953125,-0.1220703125,0.9033203125
1,-0.01220703125,-0.37841796875,-0.1708984375,-0.37841796875,0.08544921875,-0.40283203125,-0.2197265625,-0.10986328125,-0.13427734375,-0.08544921875,0.146484375,-0.9033203125,-0.29296875,1.07421875,-0.06103515625,-0.20751953125,0.13427734375,-0.5615234375,0.18310546875,-0.18310546875,0.1708984375,0.927734375,0.10986328125,-0.5859375,-0.01220703125,-0.5859375,-0.18310546875,-1.2939453125,0.1708984375,0.0732421875,-0.18310546875,-0.28076171875,0.1220703125,-1.5869140625,-0.09765625,-1.20849609375,-0.0244140625,-0.9033203125,-0.244140625,-1.220703125,-0.048828125,-0.29296875,-0.3662109375,-0.69580078125,-0.0732421875,-0.40283203125,-0.732421875,0.89111328125,-0.57373046875,1.1474609375,0.13427734375,0.37841796875,-0.15869140625,-0.1953125,0.18310546875,0.68359375,-0.10986328125,1.220703125,0.15869140625,0.5615234375,-0.40283203125,0.7568359375,0.2197265625,0.1708984375,0.23193359375,4.55322265625,-0.20751953125,1.62353515625,-0.09765625,0.79345703125,-0.01220703125,0.87890625,-0.390625,0.30517578125,0.1953125,0.78125,0.10986328125,-0.0244140625,0.048828125,1.25732421875,0.0732421875,-0.8544921875,0,-0.40283203125,-0.146484375,-0.98876953125,0.18310546875,-0.81787109375,-0.08544921875,-0.52490234375,0.0732421875,0.40283203125,-0.01220703125,3.1982421875,-0.0732421875,-0.03662109375,-0.1220703125,-0.7080078125,-0.0244140625,-0.634765625,-0.15869140625,-0.634765625,-0.048828125,-0.08544921875,0.1708984375,-0.81787109375,-0.0732421875,-1.6357421875,-0.244140625,-1.15966796875,0,0.42724609375,0.1220703125,0.3662109375,-0.10986328125,-0.0244140625,-0.06103515625,-0.048828125,-0.08544921875,0.1708984375,-0.1708984375,1.025390625,0.06103515625,1.72119140625,-0.048828125,0.4638671875,-0.10986328125,0.84228515625
1,-0.03662109375,-0.40283203125,-0.15869140625,-0.390625,0.0732421875,-0.42724609375,-0.244140625,-0.08544921875,-0.13427734375,-0.0732421875,0.10986328125,-0.89111328125,-0.28076171875,1.08642578125,-0.08544921875,-0.20751953125,0.13427734375,-0.5859375,0.1953125,-0.1708984375,0.1708984375,0.927734375,-0.01220703125,-0.5859375,0.0732421875,-0.5615234375,-0.2197265625,-1.318359375,0.2197265625,0.10986328125,-0.10986328125,-0.25634765625,0.08544921875,-1.74560546875,-0.18310546875,-1.23291015625,-0.09765625,-0.9521484375,-0.2685546875,-1.28173828125,-0.0732421875,-0.28076171875,-0.30517578125,-0.68359375,-0.048828125,-0.37841796875,-0.72021484375,0.91552734375,-0.59814453125,1.171875,0.10986328125,0.390625,-0.08544921875,-0.2197265625,0.20751953125,0.68359375,-0.15869140625,1.171875,0.15869140625,0.52490234375,-0.341796875,0.7080078125,0.1220703125,0.2197265625,0.1708984375,5.94482421875,-0.13427734375,1.84326171875,-0.10986328125,0.9765625,0.08544921875,1.07421875,-0.341796875,0.3173828125,0.18310546875,0.8056640625,0.01220703125,-0.0244140625,0.0244140625,1.28173828125,0.06103515625,-0.78125,0.0732421875,-0.40283203125,-0.1953125,-0.98876953125,0.15869140625,-0.8056640625,-0.13427734375,-0.5126953125,0.0732421875,0.390625,-0.15869140625,3.25927734375,-0.048828125,-0.03662109375,-0.13427734375,-0.72021484375,-0.10986328125,-0.6591796875,-0.09765625,-0.634765625,0.01220703125,-0.09765625,0.2197265625,-0.84228515625,-0.01220703125,-1.64794921875,-0.0732421875,-1.11083984375,-0.03662109375,0.40283203125,0.08544921875,0.35400390625,-0.10986328125,0,-0.08544921875,-0.048828125,-0.1220703125,0.1953125,-0.1708984375,0.7568359375,0.048828125,1.55029296875,-0.048828125,0.32958984375,-0.1220703125,0.64697265625
0,-0.01220703125,-0.390625,-0.146484375,-0.390625,0.0732421875,-0.42724609375,-0.25634765625,-0.08544921875,-0.10986328125,-0.048828125,0.06103515625,-0.9033203125,-0.28076171875,1.07421875,-0.09765625,-0.18310546875,0.1708984375,-0.5859375,0.1953125,-0.146484375,0.1708984375,0.91552734375,-0.10986328125,-0.59814453125,0.13427734375,-0.57373046875,-0.2197265625,-1.318359375,0.244140625,0.18310546875,0,-0.25634765625,0.0244140625,-1.6845703125,-0.20751953125,-1.220703125,-0.13427734375,-0.91552734375,-0.244140625,-1.2451171875,-0.1220703125,-0.2685546875,-0.15869140625,-0.68359375,-0.0244140625,-0.37841796875,-0.78125,0.9033203125,-0.67138671875,1.20849609375,0.10986328125,0.4150390625,-0.048828125,-0.2197265625,0.2197265625,0.68359375,-0.15869140625,1.123046875,0.13427734375,0.537109375,-0.30517578125,0.634765625,0.048828125,0.28076171875,0.0732421875,7.11669921875,-0.03662109375,1.98974609375,-0.18310546875,1.15966796875,0.146484375,1.20849609375,-0.1953125,0.341796875,0.146484375,0.8056640625,-0.06103515625,-0.048828125,0,1.2939453125,0.03662109375,-0.76904296875,0.146484375,-0.390625,-0.23193359375,-1.0009765625,0.13427734375,-0.8056640625,-0.1953125,-0.537109375,0.06103515625,0.37841796875,-0.2685546875,3.2958984375,-0.03662109375,-0.0244140625,-0.146484375,-0.72021484375,-0.18310546875,-0.6591796875,-0.06103515625,-0.6103515625,0.08544921875,-0.09765625,0.2197265625,-0.87890625,0.0244140625,-1.6357421875,0.03662109375,-1.03759765625,-0.048828125,0.390625,0.06103515625,0.341796875,-0.09765625,0,-0.0732421875,-0.06103515625,-0.1220703125,0.1953125,-0.1708984375,0.439453125,0.08544921875,1.3671875,-0.03662109375,0.13427734375,-0.10986328125,0.42724609375
0,-0.03662109375,-0.390625,-0.1220703125,-0.37841796875,0.09765625,-0.439453125,-0.28076171875,-0.0732421875,-0.1220703125,-0.0244140625,0.08544921875,-0.91552734375,-0.28076171875,1.07421875,-0.0732421875,-0.1708984375,0.13427734375,-0.57373046875,0.15869140625,-0.146484375,0.08544921875,0.927734375,-0.2197265625,-0.59814453125,0.18310546875,-0.5615234375,-0.2197265625,-1.2939453125,0.25634765625,0.25634765625,0.1220703125,-0.25634765625,-0.03662109375,-1.4892578125,-0.2197265625,-1.171875,-0.15869140625,-0.84228515625,-0.244140625,-1.171875,-0.1953125,-0.25634765625,0.01220703125,-0.69580078125,-0.0244140625,-0.37841796875,-0.8056640625,0.9033203125,-0.6103515625,1.25732421875,0.06103515625,0.42724609375,-0.0244140625,-0.18310546875,0.1953125,0.68359375,-0.1953125,1.025390625,0.1220703125,0.50048828125,-0.28076171875,0.5615234375,-0.01220703125,0.30517578125,0.06103515625,8.04443359375,0.0732421875,2.1484375,-0.18310546875,1.30615234375,0.23193359375,1.33056640625,-0.09765625,0.32958984375,0.06103515625,0.830078125,-0.13427734375,-0.03662109375,-0.01220703125,1.28173828125,0,-0.732421875,0.23193359375,-0.4150390625,-0.28076171875,-1.0009765625,0.09765625,-0.79345703125,-0.2197265625,-0.59814453125,0.048828125,0.32958984375,-0.341796875,3.23486328125,0.01220703125,-0.06103515625,-0.09765625,-0.72021484375,-0.23193359375,-0.67138671875,-0.0244140625,-0.5859375,0.13427734375,-0.10986328125,0.1953125,-0.86669921875,0.1220703125,-1.6357421875,0.146484375,-0.9033203125,-0.0732421875,0.35400390625,0.08544921875,0.35400390625,-0.06103515625,-0.01220703125,-0.06103515625,-0.048828125,-0.13427734375,0.18310546875,-0.13427734375,0.13427734375,0.08544921875,1.18408203125,-0.048828125,-0.0244140625,-0.1220703125,0.1953125
0,-0.03662109375,-0.40283203125,-0.10986328125,-0.37841796875,0.1220703125,-0.4638671875,-0.30517578125,-0.06103515625,-0.10986328125,-0.0244140625,0.0244140625,-0.91552734375,-0.30517578125,1.08642578125,-0.0732421875,-0.15869140625,0.13427734375,-0.54931640625,0.1220703125,-0.1220703125,0,0.91552734375,-0.25634765625,-0.5859375,0.1708984375,-0.5859375,-0.1953125,-1.28173828125,0.23193359375,0.32958984375,0.1953125,-0.25634765625,0,-1.13525390625,-0.20751953125,-1.07421875,-0.1708984375,-0.7080078125,-0.2197265625,-1.0498046875,-0.29296875,-0.23193359375,0.13427734375,-0.69580078125,-0.048828125,-0.37841796875,-0.7568359375,0.8544921875,-0.48828125,1.33056640625,0.0244140625,0.42724609375,0.0732421875,-0.18310546875,0.146484375,0.69580078125,-0.18310546875,0.93994140625,0.10986328125,0.45166015625,-0.25634765625,0.4638671875,-0.03662109375,0.28076171875,-0.0732421875,8.6181640625,0.15869140625,2.197265625,-0.15869140625,1.40380859375,0.29296875,1.416015625,-0.0244140625,0.30517578125,-0.0244140625,0.86669921875,-0.1708984375,-0.03662109375,-0.03662109375,1.2939453125,-0.048828125,-0.7080078125,0.29296875,-0.40283203125,-0.341796875,-0.98876953125,0.10986328125,-0.8056640625,-0.23193359375,-0.72021484375,0.048828125,0.244140625,-0.37841796875,3.01513671875,0.0732421875,-0.1708984375,-0.03662109375,-0.7080078125,-0.2685546875,-0.68359375,0.01220703125,-0.5615234375,0.1708984375,-0.10986328125,0.2197265625,-0.830078125,0.18310546875,-1.59912109375,0.1708984375,-0.68359375,-0.0732421875,0.4150390625,0.1220703125,0.341796875,-0.06103515625,0,-0.0732421875,-0.06103515625,-0.1220703125,0.1708984375,-0.0732421875,-0.08544921875,0.06103515625,1.08642578125,-0.048828125,-0.18310546875,-0.13427734375,0.0244140625
0,-0.03662109375,-0.390625,-0.08544921875,-0.4150390625,0.15869140625,-0.4638671875,-0.32958984375,-0.0732421875,-0.146484375,-0.0244140625,0.0244140625,-0.91552734375,-0.3173828125,1.08642578125,-0.048828125,-0.15869140625,0.10986328125,-0.52490234375,0.08544921875,-0.1220703125,-0.09765625,0.9033203125,-0.25634765625,-0.59814453125,0.146484375,-0.5859375,-0.18310546875,-1.2939453125,0.25634765625,0.390625,0.2197265625,-0.25634765625,0.08544921875,-0.74462890625,-0.23193359375,-0.98876953125,-0.18310546875,-0.5615234375,-0.23193359375,-0.89111328125,-0.390625,-0.20751953125,0.2197265625,-0.7080078125,-0.08544921875,-0.390625,-0.74462890625,0.8056640625,-0.37841796875,1.3916015625,0.0244140625,0.4638671875,0.048828125,-0.15869140625,0.13427734375,0.7080078125,-0.146484375,0.84228515625,0.08544921875,0.439453125,-0.2197265625,0.40283203125,-0.03662109375,0.2197265625,-0.13427734375,8.85009765625,0.1953125,2.20947265625,-0.1220703125,1.45263671875,0.30517578125,1.46484375,0.0244140625,0.29296875,-0.10986328125,0.86669921875,-0.13427734375,-0.03662109375,-0.03662109375,1.26953125,-0.03662109375,-0.69580078125,0.30517578125,-0.4150390625,-0.40283203125,-1.01318359375,0.1220703125,-0.8056640625,-0.244140625,-0.9033203125,0.06103515625,0.1220703125,-0.32958984375,2.62451171875,0.08544921875,-0.3173828125,0,-0.732421875,-0.29296875,-0.68359375,0.01220703125,-0.54931640625,0.18310546875,-0.10986328125,0.1708984375,-0.732421875,0.23193359375,-1.52587890625,0.13427734375,-0.35400390625,-0.06103515625,0.50048828125,0.1220703125,0.3173828125,-0.048828125,0,-0.06103515625,-0.0732421875,-0.09765625,0.15869140625,-0.1220703125,-0.1953125,0.048828125,0.98876953125,-0.0732421875,-0.2685546875,-0.1220703125,-0.0732421875
0,-0.08544921875,-0.4150390625,-0.08544921875,-0.40283203125,0.13427734375,-0.4638671875,-0.32958984375,-0.08544921875,-0.15869140625,-0.048828125,0.0244140625,-0.91552734375,-0.3173828125,1.08642578125,-0.048828125,-0.1708984375,0.06103515625,-0.52490234375,0.10986328125,-0.13427734375,-0.1708984375,0.87890625,-0.23193359375,-0.5859375,0.0732421875,-0.59814453125,-0.15869140625,-1.2939453125,0.28076171875,0.4150390625,0.1708984375,-0.25634765625,0.08544921875,-0.390625,-0.25634765625,-0.86669921875,-0.1708984375,-0.4150390625,-0.2197265625,-0.74462890625,-0.390625,-0.2197265625,0.2685546875,-0.7080078125,-0.15869140625,-0.3662109375,-0.7080078125,0.69580078125,-0.32958984375,1.45263671875,0,0.47607421875,0.048828125,-0.15869140625,0.09765625,0.72021484375,-0.146484375,0.732421875,0.0244140625,0.42724609375,-0.15869140625,0.37841796875,-0.13427734375,0.146484375,-0.1220703125,8.75244140625,0.25634765625,2.18505859375,-0.048828125,1.46484375,0.3173828125,1.4404296875,0.048828125,0.30517578125,-0.1708984375,0.86669921875,-0.0732421875,-0.01220703125,-0.08544921875,1.28173828125,0,-0.7080078125,0.28076171875,-0.40283203125,-0.439453125,-1.03759765625,0.09765625,-0.81787109375,-0.1953125,-1.11083984375,0.06103515625,-0.0244140625,-0.2197265625,2.0751953125,0.09765625,-0.5126953125,0.048828125,-0.732421875,-0.3173828125,-0.67138671875,-0.01220703125,-0.54931640625,0.20751953125,-0.09765625,0.08544921875,-0.5859375,0.2197265625,-1.416015625,0.01220703125,0.0732421875,-0.09765625,0.62255859375,0.08544921875,0.32958984375,-0.0244140625,0,-0.0732421875,-0.06103515625,-0.06103515625,0.146484375,-0.0732421875,-0.18310546875,0.09765625,0.9765625,-0.048828125,-0.29296875,-0.10986328125,-0.10986328125
0,-0.08544921875,-0.40283203125,-0.10986328125,-0.40283203125,0.1220703125,-0.4638671875,-0.32958984375,-0.09765625,-0.15869140625,-0.03662109375,0,-0.89111328125,-0.29296875,1.08642578125,-0.03662109375,-0.18310546875,0,-0.52490234375,0.13427734375,-0.146484375,-0.244140625,0.9033203125,-0.15869140625,-0.5859375,-0.06103515625,-0.5859375,-0.1953125,-1.30615234375,0.3173828125,0.439453125,0.06103515625,-0.244140625,0.13427734375,-0.1220703125,-0.28076171875,-0.79345703125,-0.146484375,-0.32958984375,-0.146484375,-0.67138671875,-0.35400390625,-0.23193359375,0.29296875,-0.7080078125,-0.20751953125,-0.3662109375,-0.68359375,0.6103515625,-0.30517578125,1.50146484375,-0.0244140625,0.48828125,0,-0.1953125,0.03662109375,0.72021484375,-0.08544921875,0.64697265625,0.01220703125,0.42724609375,-0.1708984375,0.40283203125,-0.146484375,0.03662109375,-0.10986328125,8.41064453125,0.23193359375,2.11181640625,0.0244140625,1.42822265625,0.29296875,1.35498046875,0.0732421875,0.25634765625,-0.2197265625,0.87890625,-0.0244140625,0,-0.15869140625,1.28173828125,0.03662109375,-0.68359375,0.2197265625,-0.4150390625,-0.4638671875,-1.0498046875,0.09765625,-0.84228515625,-0.1708984375,-1.30615234375,0.06103515625,-0.1953125,-0.13427734375,1.3916015625,0.048828125,-0.74462890625,0.048828125,-0.69580078125,-0.341796875,-0.69580078125,-0.06103515625,-0.5615234375,0.20751953125,-0.08544921875,0.01220703125,-0.42724609375,0.1953125,-1.25732421875,0.03662109375,0.5615234375,-0.0732421875,0.81787109375,0.06103515625,0.32958984375,-0.01220703125,-0.0244140625,-0.06103515625,-0.0732421875,-0.03662109375,0.146484375,-0.18310546875,-0.08544921875,0.0244140625,1.0498046875,-0.09765625,-0.244140625,-0.1708984375,-0.0732421875
0,-0.09765625,-0.390625,-0.1220703125,-0.390625,0.1220703125,-0.4638671875,-0.3173828125,-0.09765625,-0.15869140625,-0.06103515625,0.01220703125,-0.9033203125,-0.3173828125,1.07421875,-0.01220703125,-0.1953125,-0.0732421875,-0.537109375,0.146484375,-0.15869140625,-0.2685546875,0.9033203125,-0.09765625,-0.5859375,-0.1708984375,-0.5859375,-0.244140625,-1.2939453125,0.2197265625,0.45166015625,-0.048828125,-0.244140625,0.13427734375,0,-0.3173828125,-0.7568359375,-0.09765625,-0.30517578125,-0.09765625,-0.6103515625,-0.28076171875,-0.244140625,0.3173828125,-0.72021484375,-0.20751953125,-0.37841796875,-0.6591796875,0.52490234375,-0.3173828125,1.57470703125,0.0244140625,0.47607421875,-0.048828125,-0.1708984375,0,0.69580078125,-0.06103515625,0.6103515625,0,0.45166015625,-0.15869140625,0.439453125,-0.25634765625,-0.048828125,-0.0732421875,7.84912109375,0.1708984375,1.98974609375,0.0244140625,1.33056640625,0.23193359375,1.23291015625,0.1220703125,0.25634765625,-0.2197265625,0.8544921875,0.0244140625,0.01220703125,-0.2197265625,1.28173828125,0.048828125,-0.69580078125,0.15869140625,-0.439453125,-0.40283203125,-1.0498046875,0.1220703125,-0.84228515625,-0.06103515625,-1.52587890625,0.048828125,-0.341796875,0.03662109375,0.7080078125,0,-0.96435546875,0.048828125,-0.68359375,-0.3173828125,-0.68359375,-0.13427734375,-0.5859375,0.1953125,-0.0732421875,-0.10986328125,-0.20751953125,0.146484375,-1.0498046875,-0.0732421875,1.13525390625,-0.06103515625,1.03759765625,0.09765625,0.3173828125,0.0244140625,-0.0244140625,-0.06103515625,-0.06103515625,-0.01220703125,0.146484375,-0.2197265625,0.0732421875,0.0244140625,1.123046875,-0.06103515625,-0.1953125,-0.15869140625,0.01220703125
0,-0.09765625,-0.390625,-0.1220703125,-0.37841796875,0.08544921875,-0.45166015625,-0.29296875,-0.0732421875,-0.15869140625,-0.048828125,0.01220703125,-0.9033203125,-0.32958984375,1.08642578125,-0.03662109375,-0.18310546875,-0.146484375,-0.5615234375,0.146484375,-0.1708984375,-0.28076171875,0.927734375,-0.08544921875,-0.57373046875,-0.23193359375,-0.5859375,-0.29296875,-1.318359375,0.09765625,0.42724609375,-0.09765625,-0.23193359375,0.09765625,-0.03662109375,-0.3662109375,-0.7568359375,-0.0732421875,-0.30517578125,-0.0732421875,-0.6103515625,-0.1708984375,-0.2685546875,0.28076171875,-0.72021484375,-0.20751953125,-0.37841796875,-0.62255859375,0.45166015625,-0.30517578125,1.66015625,0.0244140625,0.4638671875,-0.0732421875,-0.20751953125,-0.08544921875,0.732421875,-0.0732421875,0.5859375,-0.01220703125,0.45166015625,-0.10986328125,0.5126953125,-0.1708984375,-0.10986328125,-0.03662109375,7.12890625,0.10986328125,1.8798828125,0.048828125,1.1962890625,0.1708984375,1.08642578125,0.1220703125,0.25634765625,-0.23193359375,0.84228515625,0.09765625,0,-0.28076171875,1.2451171875,0.06103515625,-0.7080078125,0.09765625,-0.4150390625,-0.30517578125,-1.0498046875,0.146484375,-0.830078125,-0.01220703125,-1.6845703125,0.01220703125,-0.4638671875,0.15869140625,0.048828125,-0.0732421875,-1.18408203125,0.0244140625,-0.68359375,-0.3173828125,-0.67138671875,-0.1953125,-0.6103515625,0.18310546875,-0.06103515625,-0.1708984375,0.03662109375,0.048828125,-0.830078125,-0.15869140625,1.7333984375,-0.08544921875,1.26953125,0.0732421875,0.32958984375,0.03662109375,-0.01220703125,-0.06103515625,-0.08544921875,-0.0244140625,0.146484375,-0.18310546875,0.244140625,0.06103515625,1.220703125,-0.0244140625,-0.146484375,-0.146484375,0.09765625
0,-0.10986328125,-0.40283203125,-0.08544921875,-0.37841796875,0.08544921875,-0.42724609375,-0.28076171875,-0.0732421875,-0.20751953125,-0.048828125,0.03662109375,-0.9033203125,-0.32958984375,1.07421875,-0.0732421875,-0.18310546875,-0.18310546875,-0.5615234375,0.1220703125,-0.1708984375,-0.23193359375,0.91552734375,-0.08544921875,-0.57373046875,-0.3173828125,-0.6103515625,-0.32958984375,-1.318359375,-0.03662109375,0.390625,-0.18310546875,-0.23193359375,0.10986328125,-0.18310546875,-0.390625,-0.79345703125,0,-0.3662109375,0,-0.6591796875,-0.06103515625,-0.28076171875,0.2685546875,-0.732421875,-0.13427734375,-0.3662109375,-0.62255859375,0.42724609375,-0.25634765625,1.7333984375,0.0732421875,0.4638671875,-0.0732421875,-0.1953125,-0.15869140625,0.7080078125,0.01220703125,0.59814453125,0.048828125,0.47607421875,-0.146484375,0.5859375,-0.08544921875,-0.146484375,-0.01220703125,6.28662109375,0.0732421875,1.7333984375,0,1.025390625,0.13427734375,0.927734375,0.10986328125,0.25634765625,-0.30517578125,0.8056640625,0.1220703125,0,-0.341796875,1.2451171875,0.1220703125,-0.7080078125,0.0244140625,-0.42724609375,-0.23193359375,-1.0498046875,0.20751953125,-0.81787109375,0.0244140625,-1.7333984375,-0.01220703125,-0.54931640625,0.244140625,-0.42724609375,-0.146484375,-1.33056640625,0,-0.68359375,-0.3173828125,-0.64697265625,-0.1953125,-0.634765625,0.146484375,-0.0244140625,-0.146484375,0.2685546875,-0.08544921875,-0.6103515625,-0.13427734375,2.25830078125,-0.08544921875,1.50146484375,0.0732421875,0.3173828125,0.048828125,0,-0.06103515625,-0.0732421875,-0.0244140625,0.15869140625,-0.25634765625,0.3662109375,0,1.2451171875,-0.06103515625,-0.048828125,-0.18310546875,0.1708984375
0,-0.10986328125,-0.390625,-0.1220703125,-0.341796875,0.0732421875,-0.4150390625,-0.28076171875,-0.0732421875,-0.23193359375,-0.06103515625,0.03662109375,-0.89111328125,-0.3173828125,1.0498046875,-0.06103515625,-0.1708984375,-0.18310546875,-0.5859375,0.10986328125,-0.18310546875,-0.13427734375,0.927734375,-0.10986328125,-0.57373046875,-0.32958984375,-0.59814453125,-0.341796875,-1.318359375,-0.1708984375,0.341796875,-0.15869140625,-0.1953125,0.10986328125,-0.40283203125,-0.42724609375,-0.84228515625,0.03662109375,-0.45166015625,-0.01220703125,-0.732421875,0.0244140625,-0.29296875,0.28076171875,-0.72021484375,-0.01220703125,-0.35400390625,-0.64697265625,0.439453125,-0.23193359375,1.8310546875,0.06103515625,0.439453125,-0.10986328125,-0.18310546875,-0.1953125,0.7080078125,-0.03662109375,0.6103515625,0.0244140625,0.50048828125,-0.13427734375,0.62255859375,0.01220703125,-0.10986328125,0.0244140625,5.40771484375,0.0244140625,1.59912109375,-0.048828125,0.830078125,0.10986328125,0.74462890625,0.10986328125,0.2685546875,-0.32958984375,0.76904296875,0.146484375,-0.01220703125,-0.29296875,1.2451171875,0.15869140625,-0.732421875,-0.03662109375,-0.40283203125,-0.10986328125,-1.0498046875,0.25634765625,-0.8056640625,0.06103515625,-1.74560546875,-0.0244140625,-0.57373046875,0.18310546875,-0.68359375,-0.15869140625,-1.37939453125,-0.01220703125,-0.69580078125,-0.2685546875,-0.6591796875,-0.20751953125,-0.64697265625,0.10986328125,-0.048828125,-0.10986328125,0.42724609375,-0.23193359375,-0.42724609375,-0.1220703125,2.7099609375,-0.146484375,1.6845703125,0.048828125,0.32958984375,0.08544921875,0.0244140625,-0.06103515625,-0.06103515625,-0.0244140625,0.1708984375,-0.2197265625,0.390625,0.048828125,1.220703125,0,-0.06103515625,-0.13427734375,0.15869140625
0,-0.146484375,-0.37841796875,-0.10986328125,-0.3662109375,0.0732421875,-0.390625,-0.2685546875,-0.06103515625,-0.23193359375,-0.06103515625,0.048828125,-0.91552734375,-0.28076171875,1.0498046875,-0.03662109375,-0.146484375,-0.10986328125,-0.5859375,0.08544921875,-0.1708984375,-0.08544921875,0.927734375,-0.146484375,-0.5859375,-0.29296875,-0.57373046875,-0.32958984375,-1.30615234375,-0.23193359375,0.29296875,-0.13427734375,-0.2197265625,0.048828125,-0.67138671875,-0.52490234375,-0.87890625,0.048828125,-0.52490234375,-0.03662109375,-0.79345703125,0.03662109375,-0.29296875,0.2685546875,-0.7080078125,0.1220703125,-0.341796875,-0.72021484375,0.4638671875,-0.25634765625,1.91650390625,0.06103515625,0.42724609375,-0.13427734375,-0.18310546875,-0.244140625,0.72021484375,-0.0244140625,0.634765625,0.09765625,0.50048828125,-0.1220703125,0.64697265625,0.1708984375,-0.06103515625,0.01220703125,4.52880859375,-0.0244140625,1.4892578125,-0.146484375,0.6591796875,0.0732421875,0.59814453125,0.06103515625,0.3173828125,-0.3173828125,0.79345703125,0.146484375,-0.048828125,-0.244140625,1.25732421875,0.1708984375,-0.732421875,-0.06103515625,-0.4150390625,0.0244140625,-1.01318359375,0.29296875,-0.8056640625,0.0244140625,-1.69677734375,-0.08544921875,-0.5615234375,0.15869140625,-0.634765625,-0.1708984375,-1.33056640625,-0.03662109375,-0.7080078125,-0.1953125,-0.67138671875,-0.18310546875,-0.6591796875,0.0732421875,-0.0732421875,0,0.5615234375,-0.30517578125,-0.28076171875,-0.15869140625,3.02734375,-0.1220703125,1.84326171875,0.08544921875,0.341796875,0.09765625,0.0244140625,-0.0732421875,-0.06103515625,-0.0244140625,0.1953125,-0.23193359375,0.35400390625,0.0244140625,1.18408203125,0.0244140625,-0.0732421875,-0.15869140625,0.10986328125
0,-0.15869140625,-0.3662109375,-0.13427734375,-0.341796875,0.0244140625,-0.390625,-0.2685546875,-0.06103515625,-0.25634765625,-0.06103515625,0.03662109375,-0.89111328125,-0.2685546875,1.0498046875,-0.0244140625,-0.1708984375,-0.03662109375,-0.57373046875,0.06103515625,-0.1708984375,-0.0244140625,0.927734375,-0.13427734375,-0.5859375,-0.30517578125,-0.5859375,-0.341796875,-1.318359375,-0.30517578125,0.2685546875,-0.146484375,-0.1953125,0.03662109375,-0.86669921875,-0.5859375,-0.91552734375,0.0732421875,-0.6103515625,0.03662109375,-0.84228515625,-0.0244140625,-0.28076171875,0.25634765625,-0.69580078125,0.25634765625,-0.32958984375,-0.7568359375,0.5126953125,-0.23193359375,1.9775390625,0.06103515625,0.40283203125,-0.20751953125,-0.146484375,-0.25634765625,0.72021484375,-0.09765625,0.67138671875,0.146484375,0.48828125,-0.10986328125,0.67138671875,0.18310546875,-0.01220703125,0.03662109375,3.62548828125,-0.09765625,1.37939453125,-0.2197265625,0.48828125,0.06103515625,0.45166015625,-0.01220703125,0.32958984375,-0.32958984375,0.76904296875,0.146484375,-0.048828125,-0.2197265625,1.28173828125,0.15869140625,-0.76904296875,-0.08544921875,-0.390625,0.146484375,-0.98876953125,0.25634765625,-0.79345703125,0.08544921875,-1.5380859375,-0.10986328125,-0.48828125,0.09765625,-0.28076171875,-0.1953125,-1.1962890625,-0.08544921875,-0.72021484375,-0.1220703125,-0.67138671875,-0.146484375,-0.67138671875,0.0244140625,-0.048828125,0.0732421875,0.634765625,-0.37841796875,-0.1953125,-0.15869140625,3.21044921875,-0.1708984375,1.904296875,0.09765625,0.35400390625,0.0732421875,0.0244140625,-0.0732421875,-0.048828125,-0.03662109375,0.1953125,-0.2197265625,0.2685546875,0.03662109375,1.11083984375,0.0244140625,-0.09765625,-0.15869140625,0
0,-0.15869140625,-0.37841796875,-0.13427734375,-0.3662109375,0.01220703125,-0.42724609375,-0.244140625,-0.048828125,-0.244140625,-0.0732421875,0.0244140625,-0.9033203125,-0.244140625,1.07421875,-0.0244140625,-0.1708984375,0.01220703125,-0.5615234375,0.03662109375,-0.15869140625,-0.03662109375,0.91552734375,-0.146484375,-0.57373046875,-0.23193359375,-0.5615234375,-0.32958984375,-1.318359375,-0.28076171875,0.244140625,-0.1708984375,-0.1953125,0.0244140625,-0.96435546875,-0.6103515625,-0.93994140625,0.06103515625,-0.634765625,0.03662109375,-0.84228515625,-0.10986328125,-0.28076171875,0.23193359375,-0.7080078125,0.3173828125,-0.32958984375,-0.76904296875,0.57373046875,-0.29296875,2.001953125,0.03662109375,0.42724609375,-0.23193359375,-0.146484375,-0.29296875,0.72021484375,-0.1220703125,0.68359375,0.146484375,0.4638671875,-0.10986328125,0.64697265625,0.244140625,0.06103515625,0.048828125,2.77099609375,-0.15869140625,1.2451171875,-0.30517578125,0.341796875,0.0732421875,0.35400390625,-0.0732421875,0.37841796875,-0.30517578125,0.74462890625,0.13427734375,-0.048828125,-0.1708984375,1.28173828125,0.09765625,-0.8056640625,-0.06103515625,-0.40283203125,0.244140625,-0.98876953125,0.25634765625,-0.81787109375,0.09765625,-1.30615234375,-0.146484375,-0.341796875,-0.06103515625,0.37841796875,-0.1708984375,-0.9521484375,-0.15869140625,-0.732421875,-0.0244140625,-0.6591796875,-0.0732421875,-0.6591796875,-0.03662109375,-0.06103515625,0.08544921875,0.634765625,-0.37841796875,-0.20751953125,-0.1953125,3.22265625,-0.18310546875,1.904296875,0.10986328125,0.3662109375,0.1220703125,0.01220703125,-0.048828125,-0.03662109375,-0.0244140625,0.20751953125,-0.2685546875,0.13427734375,0.0244140625,1.01318359375,-0.01220703125,-0.15869140625,-0.146484375,-0.09765625
1,-0.1953125,-0.390625,-0.1220703125,-0.390625,0.0244140625,-0.45166015625,-0.23193359375,-0.0732421875,-0.23193359375,-0.048828125,0.0244140625,-0.9033203125,-0.25634765625,1.07421875,0.01220703125,-0.1708984375,0.06103515625,-0.54931640625,0.0244140625,-0.146484375,-0.09765625,0.91552734375,-0.13427734375,-0.59814453125,-0.1708984375,-0.537109375,-0.2685546875,-1.2939453125,-0.146484375,0.29296875,-0.18310546875,-0.18310546875,0.01220703125,-0.927734375,-0.634765625,-0.927734375,0.0732421875,-0.59814453125,0,-0.8056640625,-0.1953125,-0.28076171875,0.18310546875,-0.7080078125,0.32958984375,-0.3173828125,-0.732421875,0.62255859375,-0.2685546875,2.0263671875,0.03662109375,0.4150390625,-0.2197265625,-0.10986328125,-0.3173828125,0.7080078125,-0.09765625,0.7080078125,0.15869140625,0.45166015625,-0.1220703125,0.64697265625,0.244140625,0.13427734375,0.03662109375,1.98974609375,-0.1708984375,1.1474609375,-0.37841796875,0.23193359375,0.06103515625,0.244140625,-0.09765625,0.390625,-0.28076171875,0.79345703125,0.10986328125,-0.06103515625,-0.09765625,1.2939453125,0.0244140625,-0.8544921875,-0.03662109375,-0.390625,0.28076171875,-0.98876953125,0.20751953125,-0.79345703125,0.0732421875,-1.07421875,-0.146484375,-0.13427734375,-0.29296875,1.2451171875,-0.15869140625,-0.634765625,-0.20751953125,-0.732421875,0.03662109375,-0.67138671875,-0.01220703125,-0.634765625,-0.06103515625,-0.08544921875,0.13427734375,0.5859375,-0.30517578125,-0.244140625,-0.146484375,3.1005859375,-0.18310546875,1.84326171875,0.09765625,0.35400390625,0.1220703125,0,-0.06103515625,-0.03662109375,-0.0244140625,0.1953125,-0.244140625,0.0244140625,0.03662109375,0.98876953125,0.0244140625,-0.1953125,-0.10986328125,-0.15869140625
1,-0.2197265625,-0.390625,-0.10986328125,-0.390625,0.0244140625,-0.4638671875,-0.23193359375,-0.08544921875,-0.23193359375,-0.048828125,-0.01220703125,-0.927734375,-0.23193359375,1.11083984375,0,-0.1708984375,0.13427734375,-0.54931640625,0.01220703125,-0.13427734375,-0.146484375,0.89111328125,-0.09765625,-0.5859375,-0.10986328125,-0.537109375,-0.20751953125,-1.26953125,-0.06103515625,0.32958984375,-0.1953125,-0.1708984375,0.0732421875,-0.78125,-0.6103515625,-0.87890625,0.1220703125,-0.52490234375,-0.0732421875,-0.74462890625,-0.25634765625,-0.25634765625,0.13427734375,-0.69580078125,0.32958984375,-0.32958984375,-0.67138671875,0.6591796875,-0.244140625,1.98974609375,0.0244140625,0.4150390625,-0.30517578125,-0.10986328125,-0.341796875,0.72021484375,-0.15869140625,0.72021484375,0.1708984375,0.439453125,-0.09765625,0.634765625,0.23193359375,0.18310546875,-0.01220703125,1.2939453125,-0.23193359375,1.0498046875,-0.4150390625,0.15869140625,0.0732421875,0.1708984375,-0.146484375,0.390625,-0.28076171875,0.79345703125,0.10986328125,-0.03662109375,0,1.30615234375,-0.048828125,-0.9033203125,0,-0.4150390625,0.30517578125,-0.98876953125,0.1953125,-0.81787109375,0.048828125,-0.76904296875,-0.10986328125,0.10986328125,-0.390625,2.25830078125,-0.1220703125,-0.244140625,-0.25634765625,-0.732421875,0.1220703125,-0.69580078125,0.03662109375,-0.62255859375,-0.048828125,-0.08544921875,0.13427734375,0.50048828125,-0.2197265625,-0.32958984375,-0.1220703125,2.8564453125,-0.1953125,1.7333984375,0.1220703125,0.35400390625,0.13427734375,0,-0.048828125,-0.03662109375,0.01220703125,0.20751953125,-0.1953125,-0.0244140625,0.0732421875,0.9765625,-0.01220703125,-0.20751953125,-0.06103515625,-0.15869140625
1,-0.23193359375,-0.37841796875,-0.1220703125,-0.390625,0.0244140625,-0.47607421875,-0.20751953125,-0.08544921875,-0.2197265625,-0.03662109375,-0.01220703125,-0.91552734375,-0.2197265625,1.0986328125,-0.0244140625,-0.15869140625,0.1708984375,-0.5126953125,0.01220703125,-0.13427734375,-0.2197265625,0.87890625,-0.06103515625,-0.5615234375,0.03662109375,-0.52490234375,-0.1708984375,-1.2451171875,0.06103515625,0.390625,-0.146484375,-0.146484375,0.0732421875,-0.52490234375,-0.64697265625,-0.78125,0.13427734375,-0.4150390625,-0.20751953125,-0.5859375,-0.28076171875,-0.244140625,0.08544921875,-0.69580078125,0.25634765625,-0.341796875,-0.64697265625,0.64697265625,-0.18310546875,1.9287109375,0.01220703125,0.4150390625,-0.28076171875,-0.10986328125,-0.35400390625,0.7080078125,-0.06103515625,0.72021484375,0.1953125,0.42724609375,-0.146484375,0.634765625,0.32958984375,0.1953125,-0.0244140625,0.7080078125,-0.2685546875,0.9521484375,-0.390625,0.13427734375,0.08544921875,0.10986328125,-0.15869140625,0.35400390625,-0.25634765625,0.81787109375,0.146484375,-0.01220703125,0.06103515625,1.2939453125,-0.048828125,-0.89111328125,0.0244140625,-0.439453125,0.28076171875,-0.98876953125,0.18310546875,-0.830078125,-0.06103515625,-0.48828125,-0.03662109375,0.42724609375,-0.28076171875,3.30810546875,-0.0732421875,0.13427734375,-0.1953125,-0.74462890625,0.146484375,-0.67138671875,0.06103515625,-0.5859375,0.0244140625,-0.09765625,0.1220703125,0.3662109375,-0.10986328125,-0.48828125,-0.20751953125,2.5634765625,-0.1953125,1.5869140625,0.10986328125,0.3662109375,0.146484375,-0.01220703125,-0.06103515625,-0.048828125,0,0.1953125,-0.10986328125,0,0.03662109375,1.0498046875,-0.048828125,-0.1708984375,-0.09765625,-0.08544921875
1,-0.23193359375,-0.390625,-0.13427734375,-0.40283203125,0.03662109375,-0.50048828125,-0.20751953125,-0.06103515625,-0.1708984375,-0.048828125,-0.01220703125,-0.91552734375,-0.2197265625,1.07421875,-0.048828125,-0.15869140625,0.18310546875,-0.5126953125,0.048828125,-0.13427734375,-0.28076171875,0.86669921875,-0.03662109375,-0.59814453125,0.08544921875,-0.5126953125,-0.146484375,-1.220703125,0.18310546875,0.48828125,-0.0732421875,-0.13427734375,0.08544921875,-0.23193359375,-0.62255859375,-0.68359375,0.146484375,-0.32958984375,-0.28076171875,-0.48828125,-0.28076171875,-0.244140625,0.048828125,-0.68359375,0.1953125,-0.341796875,-0.59814453125,0.634765625,-0.10986328125,1.79443359375,0.0244140625,0.40283203125,-0.28076171875,-0.1220703125,-0.3173828125,0.68359375,0.048828125,0.72021484375,0.18310546875,0.45166015625,-0.15869140625,0.6591796875,0.45166015625,0.18310546875,-0.048828125,0.25634765625,-0.28076171875,0.91552734375,-0.35400390625,0.10986328125,0.09765625,0.08544921875,-0.15869140625,0.3173828125,-0.2197265625,0.830078125,0.20751953125,-0.01220703125,0.09765625,1.28173828125,-0.0244140625,-0.927734375,0.048828125,-0.439453125,0.25634765625,-1.01318359375,0.1953125,-0.84228515625,-0.10986328125,-0.1953125,0.0732421875,0.7080078125,-0.30517578125,4.28466796875,0,0.47607421875,-0.1220703125,-0.72021484375,0.10986328125,-0.68359375,0.048828125,-0.5859375,0.09765625,-0.09765625,0.08544921875,0.244140625,-0.01220703125,-0.6103515625,-0.244140625,2.28271484375,-0.1953125,1.45263671875,0.1220703125,0.37841796875,0.146484375,-0.01220703125,-0.06103515625,-0.048828125,0,0.1708984375,-0.0244140625,0.10986328125,0.06103515625,1.18408203125,-0.06103515625,-0.08544921875,-0.06103515625,0.048828125
1,-0.23193359375,-0.390625,-0.13427734375,-0.390625,0.06103515625,-0.48828125,-0.1953125,-0.08544921875,-0.1708984375,-0.03662109375,-0.01220703125,-0.9033203125,-0.18310546875,1.08642578125,-0.06103515625,-0.1220703125,0.15869140625,-0.52490234375,0.08544921875,-0.15869140625,-0.244140625,0.87890625,-0.01220703125,-0.57373046875,0.09765625,-0.5126953125,-0.1708984375,-1.20849609375,0.28076171875,0.57373046875,-0.03662109375,-0.09765625,0.06103515625,0.0244140625,-0.5615234375,-0.5859375,0.146484375,-0.20751953125,-0.3173828125,-0.341796875,-0.2197265625,-0.244140625,-0.01220703125,-0.67138671875,0.10986328125,-0.37841796875,-0.5615234375,0.59814453125,-0.0244140625,1.66015625,-0.06103515625,0.42724609375,-0.244140625,-0.18310546875,-0.30517578125,0.68359375,0.08544921875,0.74462890625,0.2197265625,0.47607421875,-0.1953125,0.68359375,0.45166015625,0.15869140625,-0.06103515625,-0.09765625,-0.30517578125,0.87890625,-0.29296875,0.10986328125,0.048828125,0.08544921875,-0.146484375,0.29296875,-0.18310546875,0.8056640625,0.2685546875,0.01220703125,0.0732421875,1.25732421875,-0.01220703125,-0.91552734375,0.06103515625,-0.439453125,0.23193359375,-1.025390625,0.18310546875,-0.86669921875,-0.18310546875,0.06103515625,0.15869140625,0.9521484375,-0.25634765625,5.1025390625,0.03662109375,0.8056640625,-0.03662109375,-0.7080078125,0.048828125,-0.68359375,0.01220703125,-0.5615234375,0.18310546875,-0.09765625,0.03662109375,0.146484375,0.048828125,-0.732421875,-0.2685546875,2.0263671875,-0.1953125,1.35498046875,0.146484375,0.35400390625,0.15869140625,-0.0244140625,-0.0732421875,-0.0732421875,0,0.15869140625,-0.01220703125,0.2685546875,0.0732421875,1.2939453125,-0.09765625,0,-0.0244140625,0.2197265625
1,-0.2685546875,-0.390625,-0.09765625,-0.37841796875,0.01220703125,-0.45166015625,-0.1708984375,-0.0732421875,-0.18310546875,-0.048828125,-0.01220703125,-0.89111328125,-0.15869140625,1.08642578125,-0.09765625,-0.146484375,0.0732421875,-0.537109375,0.1220703125,-0.15869140625,-0.23193359375,0.87890625,-0.03662109375,-0.5859375,0.08544921875,-0.48828125,-0.18310546875,-1.171875,0.32958984375,0.64697265625,0.03662109375,-0.048828125,-0.01220703125,0.1953125,-0.48828125,-0.52490234375,0.10986328125,-0.146484375,-0.341796875,-0.28076171875,-0.18310546875,-0.244140625,-0.03662109375,-0.68359375,0.01220703125,-0.390625,-0.57373046875,0.54931640625,-0.03662109375,1.52587890625,-0.0732421875,0.4150390625,-0.20751953125,-0.1953125,-0.23193359375,0.7080078125,0.146484375,0.7568359375,0.18310546875,0.52490234375,-0.2685546875,0.69580078125,0.42724609375,0.1220703125,-0.13427734375,-0.3173828125,-0.32958984375,0.8544921875,-0.2197265625,0.1220703125,0,0.08544921875,-0.1220703125,0.2685546875,-0.10986328125,0.84228515625,0.32958984375,0.0244140625,-0.0244140625,1.25732421875,0.0244140625,-0.91552734375,0.06103515625,-0.439453125,0.1953125,-1.0498046875,0.1220703125,-0.86669921875,-0.25634765625,0.23193359375,0.23193359375,1.18408203125,-0.1708984375,5.712890625,0.048828125,1.0498046875,0.048828125,-0.69580078125,-0.0244140625,-0.68359375,-0.03662109375,-0.59814453125,0.23193359375,-0.09765625,0,0.0732421875,0.08544921875,-0.81787109375,-0.30517578125,1.81884765625,-0.13427734375,1.28173828125,0.1220703125,0.35400390625,0.15869140625,-0.03662109375,-0.06103515625,-0.06103515625,0.01220703125,0.13427734375,-0.08544921875,0.4150390625,0.09765625,1.3916015625,-0.13427734375,0.0732421875,-0.0244140625,0.3662109375
1,-0.29296875,-0.4150390625,-0.1708984375,-0.37841796875,0.03662109375,-0.45166015625,-0.20751953125,-0.06103515625,-0.1708984375,-0.06103515625,-0.0244140625,-0.86669921875,-0.146484375,1.06201171875,-0.10986328125,-0.146484375,0.03662109375,-0.5615234375,0.1220703125,-0.1708984375,-0.1953125,0.87890625,-0.048828125,-0.59814453125,0.06103515625,-0.47607421875,-0.2197265625,-1.15966796875,0.30517578125,0.69580078125,0.10986328125,-0.0244140625,-0.1220703125,0.244140625,-0.45166015625,-0.5126953125,0.09765625,-0.10986328125,-0.32958984375,-0.23193359375,-0.20751953125,-0.244140625,-0.06103515625,-0.69580078125,-0.03662109375,-0.4150390625,-0.5615234375,0.50048828125,-0.048828125,1.40380859375,-0.10986328125,0.40283203125,-0.15869140625,-0.2197265625,-0.146484375,0.69580078125,0.13427734375,0.74462890625,0.23193359375,0.5859375,-0.28076171875,0.69580078125,0.4638671875,0.09765625,-0.146484375,-0.42724609375,-0.3173828125,0.86669921875,-0.146484375,0.13427734375,-0.03662109375,0.08544921875,-0.146484375,0.2685546875,-0.03662109375,0.8056640625,0.3662109375,0.048828125,-0.0732421875,1.25732421875,0.03662109375,-0.89111328125,0.06103515625,-0.439453125,0.15869140625,-1.03759765625,0.048828125,-0.8544921875,-0.28076171875,0.341796875,0.2685546875,1.318359375,-0.0244140625,6.0791015625,0.06103515625,1.1962890625,0.13427734375,-0.69580078125,-0.048828125,-0.68359375,-0.0732421875,-0.59814453125,0.25634765625,-0.0732421875,-0.048828125,0.03662109375,0.048828125,-0.8544921875,-0.341796875,1.6845703125,-0.10986328125,1.23291015625,0.13427734375,0.35400390625,0.1953125,-0.0244140625,-0.0732421875,-0.06103515625,0,0.146484375,-0.06103515625,0.52490234375,0.0732421875,1.45263671875,-0.1708984375,0.13427734375,-0.03662109375,0.4638671875
1,-0.3173828125,-0.37841796875,-0.15869140625,-0.35400390625,0.03662109375,-0.439453125,-0.1953125,-0.0732421875,-0.18310546875,-0.06103515625,-0.01220703125,-0.87890625,-0.13427734375,1.07421875,-0.1220703125,-0.15869140625,-0.03662109375,-0.57373046875,0.09765625,-0.1953125,-0.10986328125,0.89111328125,-0.048828125,-0.5859375,0.048828125,-0.4638671875,-0.2197265625,-1.13525390625,0.20751953125,0.7080078125,0.146484375,-0.01220703125,-0.1708984375,0.1953125,-0.37841796875,-0.537109375,0.06103515625,-0.13427734375,-0.32958984375,-0.244140625,-0.20751953125,-0.244140625,-0.048828125,-0.68359375,-0.048828125,-0.40283203125,-0.5859375,0.48828125,-0.0732421875,1.30615234375,-0.1220703125,0.40283203125,-0.09765625,-0.23193359375,-0.0732421875,0.69580078125,0.1220703125,0.7568359375,0.20751953125,0.62255859375,-0.32958984375,0.67138671875,0.35400390625,0.09765625,-0.20751953125,-0.45166015625,-0.3173828125,0.9033203125,-0.09765625,0.146484375,-0.03662109375,0.09765625,-0.18310546875,0.28076171875,0,0.78125,0.3662109375,0.0244140625,-0.13427734375,1.25732421875,0.03662109375,-0.9033203125,0.08544921875,-0.4150390625,0.08544921875,-1.03759765625,-0.01220703125,-0.86669921875,-0.29296875,0.40283203125,0.244140625,1.3671875,0.06103515625,6.1767578125,0.08544921875,1.20849609375,0.1220703125,-0.6591796875,-0.0732421875,-0.67138671875,-0.1220703125,-0.6103515625,0.2197265625,-0.0732421875,-0.0732421875,0.01220703125,0,-0.84228515625,-0.35400390625,1.67236328125,-0.06103515625,1.220703125,0.13427734375,0.32958984375,0.20751953125,-0.0244140625,-0.0732421875,-0.048828125,0.01220703125,0.13427734375,-0.09765625,0.5859375,0.048828125,1.46484375,-0.20751953125,0.13427734375,-0.048828125,0.45166015625
1,-0.3173828125,-0.390625,-0.1708984375,-0.37841796875,0.03662109375,-0.4150390625,-0.23193359375,-0.08544921875,-0.20751953125,-0.0732421875,-0.03662109375,-0.87890625,-0.146484375,1.06201171875,-0.15869140625,-0.18310546875,-0.06103515625,-0.5859375,0.0732421875,-0.18310546875,-0.06103515625,0.89111328125,-0.09765625,-0.5859375,-0.01220703125,-0.42724609375,-0.2197265625,-1.15966796875,0.09765625,0.69580078125,0.15869140625,0,-0.20751953125,0.03662109375,-0.29296875,-0.6103515625,0.03662109375,-0.1953125,-0.30517578125,-0.30517578125,-0.23193359375,-0.2685546875,-0.06103515625,-0.69580078125,0,-0.40283203125,-0.6591796875,0.47607421875,-0.09765625,1.23291015625,-0.1220703125,0.390625,-0.03662109375,-0.2197265625,0.01220703125,0.69580078125,0.1220703125,0.74462890625,0.20751953125,0.62255859375,-0.3662109375,0.62255859375,0.40283203125,0.08544921875,-0.244140625,-0.40283203125,-0.30517578125,0.93994140625,-0.08544921875,0.15869140625,0,0.10986328125,-0.2685546875,0.341796875,0.03662109375,0.76904296875,0.32958984375,0.03662109375,-0.1953125,1.25732421875,0.0732421875,-0.89111328125,0.06103515625,-0.40283203125,0,-1.01318359375,-0.08544921875,-0.84228515625,-0.244140625,0.37841796875,0.20751953125,1.35498046875,0.13427734375,6.04248046875,0.10986328125,1.1474609375,0.10986328125,-0.69580078125,-0.0732421875,-0.67138671875,-0.1708984375,-0.634765625,0.1953125,-0.08544921875,-0.048828125,0.048828125,-0.06103515625,-0.84228515625,-0.40283203125,1.67236328125,-0.048828125,1.2451171875,0.09765625,0.3173828125,0.244140625,-0.0244140625,-0.08544921875,-0.03662109375,-0.01220703125,0.15869140625,-0.01220703125,0.54931640625,0.048828125,1.37939453125,-0.1953125,0.08544921875,-0.03662109375,0.3662109375
1,-0.32958984375,-0.40283203125,-0.146484375,-0.341796875,0.048828125,-0.4150390625,-0.244140625,-0.08544921875,-0.20751953125,-0.06103515625,-0.0244140625,-0.87890625,-0.1220703125,1.06201171875,-0.146484375,-0.18310546875,-0.06103515625,-0.59814453125,0.048828125,-0.20751953125,0.0244140625,0.89111328125,-0.1220703125,-0.5615234375,-0.09765625,-0.42724609375,-0.18310546875,-1.13525390625,0,0.64697265625,0.13427734375,-0.01220703125,-0.20751953125,-0.18310546875,-0.25634765625,-0.7080078125,0.01220703125,-0.28076171875,-0.29296875,-0.40283203125,-0.20751953125,-0.2685546875,-0.01220703125,-0.7080078125,0.03662109375,-0.40283203125,-0.7080078125,0.48828125,-0.0732421875,1.171875,-0.09765625,0.42724609375,0.0244140625,-0.20751953125,0.13427734375,0.7080078125,0.10986328125,0.7080078125,0.20751953125,0.64697265625,-0.3662109375,0.5615234375,0.439453125,0.1220703125,-0.23193359375,-0.35400390625,-0.244140625,0.9521484375,-0.10986328125,0.15869140625,0.03662109375,0.10986328125,-0.3173828125,0.4150390625,0.0732421875,0.76904296875,0.3173828125,0.03662109375,-0.2197265625,1.28173828125,0.0732421875,-0.927734375,0.06103515625,-0.4150390625,-0.06103515625,-1.01318359375,-0.09765625,-0.84228515625,-0.18310546875,0.25634765625,0.15869140625,1.23291015625,0.18310546875,5.67626953125,0.146484375,0.96435546875,0.0244140625,-0.69580078125,-0.03662109375,-0.67138671875,-0.18310546875,-0.634765625,0.13427734375,-0.0732421875,-0.08544921875,0.06103515625,-0.1708984375,-0.78125,-0.47607421875,1.69677734375,-0.048828125,1.25732421875,0.1220703125,0.32958984375,0.25634765625,-0.01220703125,-0.08544921875,-0.03662109375,-0.01220703125,0.1708984375,0.13427734375,0.47607421875,0.06103515625,1.30615234375,-0.1708984375,-0.01220703125,-0.06103515625,0.23193359375
1,-0.3173828125,-0.4150390625,-0.1708984375,-0.341796875,0.0732421875,-0.40283203125,-0.244140625,-0.08544921875,-0.20751953125,-0.0732421875,-0.03662109375,-0.9033203125,-0.10986328125,1.06201171875,-0.146484375,-0.15869140625,-0.048828125,-0.6103515625,0.0244140625,-0.1953125,0.09765625,0.86669921875,-0.10986328125,-0.57373046875,-0.146484375,-0.4150390625,-0.18310546875,-1.1962890625,-0.06103515625,0.5615234375,0.1220703125,-0.0244140625,-0.146484375,-0.439453125,-0.244140625,-0.8056640625,0,-0.35400390625,-0.2197265625,-0.50048828125,-0.25634765625,-0.25634765625,0.01220703125,-0.69580078125,0.06103515625,-0.40283203125,-0.7568359375,0.5126953125,-0.13427734375,1.171875,-0.08544921875,0.42724609375,0.06103515625,-0.1953125,0.244140625,0.7080078125,0.06103515625,0.67138671875,0.28076171875,0.59814453125,-0.30517578125,0.47607421875,0.45166015625,0.20751953125,-0.23193359375,-0.28076171875,-0.13427734375,0.98876953125,-0.09765625,0.10986328125,0.0732421875,0.09765625,-0.3173828125,0.50048828125,0.09765625,0.76904296875,0.23193359375,-0.03662109375,-0.30517578125,1.2939453125,0.0732421875,-0.91552734375,0.048828125,-0.4150390625,-0.10986328125,-1.0009765625,-0.10986328125,-0.830078125,-0.0732421875,0.0732421875,0.08544921875,1.06201171875,0.2197265625,5.126953125,0.18310546875,0.732421875,-0.0732421875,-0.7080078125,0.03662109375,-0.67138671875,-0.244140625,-0.634765625,0.06103515625,-0.0732421875,-0.10986328125,0.10986328125,-0.2685546875,-0.76904296875,-0.4638671875,1.7333984375,-0.048828125,1.23291015625,0.08544921875,0.3173828125,0.244140625,-0.01220703125,-0.08544921875,-0.01220703125,-0.01220703125,0.1708984375,0.10986328125,0.45166015625,0.03662109375,1.220703125,-0.1953125,-0.08544921875,-0.048828125,0.08544921875
1,-0.30517578125,-0.40283203125,-0.1708984375,-0.35400390625,0.048828125,-0.4150390625,-0.1953125,-0.0732421875,-0.1953125,-0.06103515625,-0.03662109375,-0.9033203125,-0.08544921875,1.07421875,-0.146484375,-0.146484375,-0.03662109375,-0.59814453125,0.03662109375,-0.18310546875,0.13427734375,0.89111328125,-0.06103515625,-0.5859375,-0.20751953125,-0.45166015625,-0.15869140625,-1.1962890625,-0.0732421875,0.48828125,0.0732421875,-0.06103515625,-0.0244140625,-0.59814453125,-0.244140625,-0.86669921875,-0.0244140625,-0.4150390625,-0.146484375,-0.5859375,-0.3173828125,-0.23193359375,0.0244140625,-0.69580078125,0.08544921875,-0.390625,-0.81787109375,0.54931640625,-0.1953125,1.18408203125,-0.08544921875,0.45166015625,0.10986328125,-0.18310546875,0.341796875,0.69580078125,0.0244140625,0.634765625,0.29296875,0.5615234375,-0.29296875,0.390625,0.37841796875,0.35400390625,-0.1953125,-0.20751953125,-0.0732421875,1.0009765625,-0.08544921875,0.1220703125,0.13427734375,0.10986328125,-0.28076171875,0.6103515625,0.1708984375,0.79345703125,0.15869140625,-0.048828125,-0.341796875,1.30615234375,0.048828125,-0.98876953125,0,-0.4150390625,-0.146484375,-0.98876953125,-0.0732421875,-0.830078125,0.048828125,-0.1708984375,0.03662109375,0.79345703125,0.23193359375,4.47998046875,0.2197265625,0.40283203125,-0.15869140625,-0.7080078125,0.10986328125,-0.6591796875,-0.244140625,-0.6103515625,0.0244140625,-0.08544921875,-0.09765625,0.10986328125,-0.3662109375,-0.78125,-0.45166015625,1.69677734375,-0.0732421875,1.20849609375,0.0732421875,0.3173828125,0.25634765625,-0.01220703125,-0.0732421875,-0.0244140625,-0.01220703125,0.15869140625,0.10986328125,0.52490234375,0.03662109375,1.171875,-0.15869140625,-0.146484375,-0.01220703125,-0.0244140625
1,-0.32958984375,-0.390625,-0.1708984375,-0.3662109375,0.08544921875,-0.42724609375,-0.18310546875,-0.03662109375,-0.15869140625,-0.06103515625,-0.03662109375,-0.9033203125,-0.0732421875,1.07421875,-0.146484375,-0.15869140625,-0.0244140625,-0.5859375,0.06103515625,-0.1953125,0.146484375,0.86669921875,0,-0.5859375,-0.23193359375,-0.4638671875,-0.15869140625,-1.23291015625,-0.03662109375,0.4150390625,0.01220703125,-0.08544921875,-0.06103515625,-0.69580078125,-0.23193359375,-0.927734375,-0.06103515625,-0.4150390625,-0.0732421875,-0.64697265625,-0.3662109375,-0.20751953125,-0.01220703125,-0.68359375,0.06103515625,-0.37841796875,-0.7568359375,0.59814453125,-0.28076171875,1.23291015625,-0.10986328125,0.45166015625,0.2685546875,-0.146484375,0.45166015625,0.7080078125,-0.06103515625,0.6103515625,0.341796875,0.52490234375,-0.30517578125,0.32958984375,0.341796875,0.59814453125,-0.1953125,-0.18310546875,-0.01220703125,1.01318359375,-0.09765625,0.10986328125,0.1953125,0.1220703125,-0.18310546875,0.6591796875,0.146484375,0.8056640625,0.0732421875,-0.06103515625,-0.35400390625,1.2939453125,0.0244140625,-1.0009765625,-0.0244140625,-0.439453125,-0.10986328125,-0.98876953125,-0.01220703125,-0.81787109375,0.09765625,-0.4638671875,0.01220703125,0.52490234375,0.23193359375,3.7109375,0.2197265625,0.0732421875,-0.1953125,-0.72021484375,0.13427734375,-0.7080078125,-0.244140625,-0.59814453125,-0.048828125,-0.09765625,-0.1220703125,0.0732421875,-0.4150390625,-0.81787109375,-0.45166015625,1.59912109375,-0.09765625,1.18408203125,0.08544921875,0.32958984375,0.2685546875,-0.01220703125,-0.08544921875,-0.0244140625,-0.03662109375,0.1708984375,0.09765625,0.79345703125,0.01220703125,1.20849609375,-0.15869140625,-0.1220703125,0,0.01220703125
0,-0.30517578125,-0.40283203125,-0.1953125,-0.37841796875,0.0732421875,-0.439453125,-0.1953125,-0.048828125,-0.13427734375,-0.03662109375,-0.06103515625,-0.91552734375,-0.0244140625,1.08642578125,-0.13427734375,-0.146484375,-0.0244140625,-0.5615234375,0.10986328125,-0.15869140625,0.146484375,0.87890625,0.09765625,-0.5859375,-0.1953125,-0.48828125,-0.15869140625,-1.23291015625,0.03662109375,0.3662109375,-0.06103515625,-0.13427734375,0.03662109375,-0.69580078125,-0.20751953125,-0.93994140625,-0.048828125,-0.4150390625,-0.048828125,-0.6591796875,-0.4150390625,-0.18310546875,-0.0732421875,-0.68359375,0.03662109375,-0.3662109375,-0.68359375,0.6591796875,-0.30517578125,1.2451171875,-0.08544921875,0.45166015625,0.390625,-0.1220703125,0.45166015625,0.69580078125,-0.09765625,0.6103515625,0.3173828125,0.50048828125,-0.25634765625,0.3173828125,0.18310546875,0.927734375,-0.20751953125,-0.146484375,0.048828125,1.01318359375,-0.146484375,0.09765625,0.2685546875,0.1220703125,-0.0732421875,0.76904296875,0.10986328125,0.81787109375,-0.01220703125,-0.0732421875,-0.341796875,1.30615234375,0.0244140625,-1.03759765625,-0.06103515625,-0.42724609375,-0.06103515625,-1.0009765625,0.01220703125,-0.84228515625,0.09765625,-0.79345703125,0.0244140625,0.244140625,0.23193359375,2.89306640625,0.20751953125,-0.28076171875,-0.23193359375,-0.74462890625,0.13427734375,-0.7080078125,-0.2197265625,-0.59814453125,-0.09765625,-0.09765625,-0.08544921875,0,-0.42724609375,-0.87890625,-0.32958984375,1.40380859375,-0.146484375,1.06201171875,0.06103515625,0.341796875,0.28076171875,-0.0244140625,-0.0732421875,-0.048828125,-0.03662109375,0.1708984375,0.09765625,1.26953125,0,1.35498046875,-0.15869140625,0.0244140625,0.0244140625,0.2197265625
0,-0.28076171875,-0.40283203125,-0.15869140625,-0.37841796875,0.08544921875,-0.439453125,-0.15869140625,-0.06103515625,-0.09765625,-0.0244140625,-0.0732421875,-0.93994140625,-0.01220703125,1.07421875,-0.13427734375,-0.146484375,-0.0244140625,-0.57373046875,0.15869140625,-0.13427734375,0.10986328125,0.86669921875,0.1708984375,-0.6103515625,-0.13427734375,-0.537109375,-0.146484375,-1.25732421875,0.03662109375,0.3173828125,-0.13427734375,-0.146484375,0.06103515625,-0.59814453125,-0.25634765625,-0.927734375,-0.03662109375,-0.3662109375,-0.13427734375,-0.64697265625,-0.4150390625,-0.15869140625,-0.18310546875,-0.69580078125,-0.0244140625,-0.37841796875,-0.59814453125,0.68359375,-0.3173828125,1.25732421875,-0.09765625,0.439453125,0.50048828125,-0.1220703125,0.4638671875,0.6591796875,-0.1708984375,0.67138671875,0.32958984375,0.537109375,-0.146484375,0.3662109375,0.1220703125,1.35498046875,-0.2685546875,-0.09765625,0.06103515625,1.0009765625,-0.13427734375,0.1220703125,0.30517578125,0.13427734375,0.0244140625,0.830078125,0.0732421875,0.830078125,-0.0732421875,-0.08544921875,-0.3173828125,1.2939453125,0,-1.06201171875,-0.08544921875,-0.439453125,0.01220703125,-1.01318359375,0.0244140625,-0.830078125,0,-1.08642578125,0.08544921875,-0.01220703125,0.1953125,2.099609375,0.18310546875,-0.6103515625,-0.244140625,-0.72021484375,0.146484375,-0.7080078125,-0.1708984375,-0.57373046875,-0.08544921875,-0.08544921875,-0.03662109375,-0.10986328125,-0.390625,-1.0009765625,-0.2197265625,1.07421875,-0.13427734375,0.96435546875,0.0244140625,0.3662109375,0.3173828125,-0.01220703125,-0.0732421875,-0.048828125,-0.01220703125,0.18310546875,0.1220703125,2.001953125,0,1.62353515625,-0.1220703125,0.30517578125,0.0732421875,0.59814453125
0,-0.30517578125,-0.4150390625,-0.146484375,-0.37841796875,0.08544921875,-0.439453125,-0.146484375,-0.0732421875,-0.08544921875,0,-0.06103515625,-0.9033203125,0,1.0986328125,-0.1220703125,-0.15869140625,0.01220703125,-0.57373046875,0.23193359375,-0.13427734375,0.0732421875,0.87890625,0.244140625,-0.59814453125,-0.01220703125,-0.5615234375,-0.09765625,-1.25732421875,0.08544921875,0.30517578125,-0.13427734375,-0.1708984375,0.03662109375,-0.47607421875,-0.29296875,-0.87890625,-0.03662109375,-0.3173828125,-0.1953125,-0.6103515625,-0.4150390625,-0.146484375,-0.23193359375,-0.69580078125,-0.08544921875,-0.390625,-0.5615234375,0.69580078125,-0.32958984375,1.23291015625,-0.09765625,0.439453125,0.5859375,-0.1220703125,0.47607421875,0.68359375,-0.18310546875,0.79345703125,0.341796875,0.5859375,-0.06103515625,0.439453125,-0.08544921875,1.91650390625,-0.30517578125,-0.09765625,0.15869140625,0.98876953125,-0.0732421875,0.13427734375,0.3173828125,0.1220703125,0.06103515625,0.89111328125,0,0.8544921875,-0.08544921875,-0.06103515625,-0.30517578125,1.30615234375,0.0244140625,-1.07421875,-0.09765625,-0.42724609375,0.08544921875,-1.01318359375,0.03662109375,-0.8544921875,-0.1220703125,-1.35498046875,0.10986328125,-0.28076171875,0.10986328125,1.35498046875,0.13427734375,-0.9033203125,-0.2685546875,-0.732421875,0.09765625,-0.72021484375,-0.09765625,-0.57373046875,-0.03662109375,-0.08544921875,-0.03662109375,-0.2685546875,-0.341796875,-1.1474609375,-0.18310546875,0.68359375,-0.13427734375,0.81787109375,-0.0244140625,0.3662109375,0.32958984375,0,-0.0732421875,-0.0732421875,-0.01220703125,0.1708984375,0,2.96630859375,0,2.001953125,-0.13427734375,0.68359375,0.08544921875,1.18408203125
0,-0.3173828125,-0.40283203125,-0.146484375,-0.40283203125,0.09765625,-0.439453125,-0.1220703125,-0.06103515625,-0.08544921875,-0.01220703125,-0.06103515625,-0.91552734375,0.0244140625,1.0986328125,-0.146484375,-0.15869140625,0.01220703125,-0.57373046875,0.29296875,-0.13427734375,0.0732421875,0.89111328125,0.25634765625,-0.59814453125,0.08544921875,-0.57373046875,-0.13427734375,-1.25732421875,0.048828125,0.341796875,-0.13427734375,-0.1708984375,0.048828125,-0.32958984375,-0.32958984375,-0.79345703125,-0.03662109375,-0.2685546875,-0.13427734375,-0.54931640625,-0.390625,-0.146484375,-0.2685546875,-0.69580078125,-0.08544921875,-0.390625,-0.59814453125,0.7080078125,-0.30517578125,1.20849609375,-0.13427734375,0.42724609375,0.634765625,-0.15869140625,0.50048828125,0.67138671875,-0.23193359375,0.9521484375,0.341796875,0.68359375,0.03662109375,0.6103515625,-0.10986328125,2.60009765625,-0.3173828125,-0.08544921875,0.18310546875,0.9765625,0,0.13427734375,0.29296875,0.1220703125,0.08544921875,0.9033203125,-0.06103515625,0.830078125,-0.08544921875,-0.0244140625,-0.28076171875,1.2939453125,0,-1.03759765625,-0.08544921875,-0.40283203125,0.1708984375,-1.03759765625,0,-0.830078125,-0.20751953125,-1.59912109375,0.13427734375,-0.4638671875,0,0.69580078125,0.10986328125,-1.1474609375,-0.28076171875,-0.732421875,0.01220703125,-0.732421875,-0.06103515625,-0.57373046875,0.06103515625,-0.08544921875,0.0244140625,-0.4150390625,-0.25634765625,-1.2939453125,-0.18310546875,0.244140625,-0.1220703125,0.68359375,-0.03662109375,0.390625,0.32958984375,0,-0.0732421875,-0.0732421875,-0.01220703125,0.1953125,-0.08544921875,4.150390625,-0.03662109375,2.45361328125,-0.1220703125,1.171875,0.08544921875,1.86767578125
0,-0.3173828125,-0.4150390625,-0.146484375,-0.390625,0.09765625,-0.45166015625,-0.1220703125,-0.0732421875,-0.0732421875,-0.0244140625,-0.06103515625,-0.89111328125,0.03662109375,1.0986328125,-0.15869140625,-0.15869140625,0,-0.57373046875,0.32958984375,-0.1220703125,0,0.91552734375,0.20751953125,-0.5859375,0.1953125,-0.57373046875,-0.1220703125,-1.25732421875,0.06103515625,0.390625,-0.048828125,-0.15869140625,-0.0244140625,-0.1953125,-0.42724609375,-0.7568359375,-0.06103515625,-0.2197265625,-0.1220703125,-0.52490234375,-0.40283203125,-0.1708984375,-0.25634765625,-0.7080078125,-0.09765625,-0.390625,-0.57373046875,0.69580078125,-0.25634765625,1.15966796875,-0.23193359375,0.4150390625,0.68359375,-0.18310546875,0.47607421875,0.67138671875,-0.23193359375,1.15966796875,0.32958984375,0.8056640625,0.08544921875,0.78125,-0.28076171875,3.33251953125,-0.341796875,-0.09765625,0.2197265625,0.927734375,0.06103515625,0.146484375,0.244140625,0.09765625,0.09765625,0.927734375,-0.0732421875,0.81787109375,-0.0244140625,-0.01220703125,-0.30517578125,1.28173828125,-0.03662109375,-1.025390625,-0.0732421875,-0.4150390625,0.244140625,-1.03759765625,-0.03662109375,-0.84228515625,-0.30517578125,-1.806640625,0.10986328125,-0.6103515625,-0.10986328125,0.146484375,0.0732421875,-1.3427734375,-0.25634765625,-0.7080078125,-0.0732421875,-0.72021484375,0.0244140625,-0.57373046875,0.1953125,-0.08544921875,0,-0.59814453125,-0.18310546875,-1.45263671875,-0.18310546875,-0.1953125,-0.10986328125,0.54931640625,-0.01220703125,0.37841796875,0.30517578125,0.0244140625,-0.06103515625,-0.048828125,-0.0244140625,0.1953125,-0.048828125,5.40771484375,-0.06103515625,2.99072265625,-0.10986328125,1.7333984375,0.048828125,2.63671875
0,-0.3173828125,-0.4150390625,-0.1220703125,-0.37841796875,0.09765625,-0.45166015625,-0.10986328125,-0.06103515625,-0.06103515625,-0.048828125,-0.06103515625,-0.86669921875,0.08544921875,1.08642578125,-0.18310546875,-0.15869140625,0,-0.57373046875,0.341796875,-0.1220703125,-0.048828125,0.927734375,0.13427734375,-0.5859375,0.28076171875,-0.57373046875,-0.09765625,-1.23291015625,0.09765625,0.439453125,0.08544921875,-0.146484375,-0.0244140625,-0.1220703125,-0.50048828125,-0.72021484375,-0.08544921875,-0.23193359375,-0.08544921875,-0.52490234375,-0.40283203125,-0.1953125,-0.1953125,-0.72021484375,-0.09765625,-0.390625,-0.50048828125,0.68359375,-0.20751953125,1.0986328125,-0.29296875,0.4150390625,0.68359375,-0.1953125,0.45166015625,0.69580078125,-0.1953125,1.37939453125,0.3173828125,0.9521484375,0.15869140625,0.9765625,-0.29296875,4.1259765625,-0.30517578125,-0.09765625,0.25634765625,0.927734375,0.13427734375,0.146484375,0.2197265625,0.08544921875,0.09765625,0.927734375,-0.1220703125,0.84228515625,0.0244140625,0,-0.4150390625,1.25732421875,-0.09765625,-0.98876953125,-0.03662109375,-0.390625,0.2685546875,-1.0498046875,-0.048828125,-0.81787109375,-0.341796875,-1.9287109375,0.03662109375,-0.72021484375,-0.18310546875,-0.29296875,0.048828125,-1.513671875,-0.18310546875,-0.69580078125,-0.13427734375,-0.732421875,0.06103515625,-0.54931640625,0.29296875,-0.09765625,-0.0244140625,-0.732421875,-0.0732421875,-1.5869140625,-0.09765625,-0.59814453125,-0.13427734375,0.439453125,-0.048828125,0.4150390625,0.30517578125,0.0244140625,-0.06103515625,-0.0732421875,-0.06103515625,0.20751953125,0.06103515625,6.640625,-0.048828125,3.47900390625,-0.06103515625,2.24609375,0.08544921875,3.43017578125
0,-0.30517578125,-0.42724609375,-0.09765625,-0.35400390625,0.06103515625,-0.42724609375,-0.09765625,-0.06103515625,-0.08544921875,-0.048828125,-0.06103515625,-0.87890625,0.09765625,1.08642578125,-0.1708984375,-0.15869140625,0.01220703125,-0.57373046875,0.32958984375,-0.1220703125,-0.13427734375,0.91552734375,0.08544921875,-0.57373046875,0.30517578125,-0.54931640625,-0.09765625,-1.20849609375,0.08544921875,0.47607421875,0.1708984375,-0.10986328125,-0.048828125,-0.1220703125,-0.57373046875,-0.72021484375,-0.10986328125,-0.244140625,-0.08544921875,-0.537109375,-0.40283203125,-0.244140625,-0.18310546875,-0.7080078125,-0.10986328125,-0.390625,-0.52490234375,0.69580078125,-0.1708984375,1.03759765625,-0.32958984375,0.42724609375,0.57373046875,-0.23193359375,0.40283203125,0.69580078125,-0.1953125,1.62353515625,0.28076171875,1.0986328125,0.20751953125,1.171875,-0.48828125,4.9072265625,-0.25634765625,-0.09765625,0.244140625,0.927734375,0.146484375,0.146484375,0.1708984375,0.09765625,0.10986328125,0.91552734375,-0.146484375,0.8056640625,0.06103515625,0.01220703125,-0.439453125,1.25732421875,-0.146484375,-0.93994140625,0.0244140625,-0.40283203125,0.23193359375,-1.0498046875,-0.0732421875,-0.830078125,-0.390625,-2.001953125,-0.01220703125,-0.7568359375,-0.25634765625,-0.6103515625,0.03662109375,-1.62353515625,-0.09765625,-0.67138671875,-0.18310546875,-0.74462890625,0.08544921875,-0.52490234375,0.35400390625,-0.0732421875,0,-0.81787109375,0.0732421875,-1.67236328125,-0.09765625,-0.89111328125,-0.146484375,0.390625,-0.048828125,0.42724609375,0.29296875,0.01220703125,-0.06103515625,-0.09765625,-0.08544921875,0.1953125,0.1220703125,7.80029296875,-0.0244140625,3.91845703125,-0.048828125,2.685546875,0.1220703125,4.08935546875
0,-0.30517578125,-0.390625,-0.06103515625,-0.35400390625,0.08544921875,-0.42724609375,-0.13427734375,-0.0732421875,-0.09765625,-0.06103515625,-0.0732421875,-0.86669921875,0.10986328125,1.08642578125,-0.13427734375,-0.18310546875,0.01220703125,-0.57373046875,0.2685546875,-0.13427734375,-0.23193359375,0.9033203125,0.0244140625,-0.5859375,0.32958984375,-0.5126953125,-0.06103515625,-1.20849609375,0.1708984375,0.5126953125,0.30517578125,-0.09765625,-0.0244140625,-0.146484375,-0.62255859375,-0.7080078125,-0.1220703125,-0.29296875,-0.10986328125,-0.57373046875,-0.47607421875,-0.244140625,-0.08544921875,-0.7080078125,-0.09765625,-0.40283203125,-0.5126953125,0.732421875,-0.09765625,0.98876953125,-0.29296875,0.4150390625,0.537109375,-0.2197265625,0.37841796875,0.69580078125,-0.18310546875,1.86767578125,0.20751953125,1.2451171875,0.1953125,1.2939453125,-0.47607421875,5.67626953125,-0.244140625,-0.08544921875,0.15869140625,0.93994140625,0.13427734375,0.146484375,0.0732421875,0.09765625,0.0732421875,0.91552734375,-0.18310546875,0.8056640625,0.09765625,0.01220703125,-0.47607421875,1.26953125,-0.146484375,-0.89111328125,0.048828125,-0.37841796875,0.13427734375,-1.0498046875,0,-0.830078125,-0.4150390625,-2.001953125,-0.0732421875,-0.79345703125,-0.28076171875,-0.830078125,0.0244140625,-1.69677734375,0.0244140625,-0.634765625,-0.1708984375,-0.72021484375,0.09765625,-0.54931640625,0.390625,-0.09765625,0,-0.86669921875,0.146484375,-1.67236328125,-0.0732421875,-1.03759765625,-0.1708984375,0.35400390625,-0.08544921875,0.42724609375,0.28076171875,0,-0.06103515625,-0.08544921875,-0.0732421875,0.20751953125,0.0244140625,8.77685546875,-0.03662109375,4.26025390625,-0.048828125,3.03955078125,0.08544921875,4.638671875
0,-0.30517578125,-0.390625,-0.048828125,-0.37841796875,0.09765625,-0.4150390625,-0.146484375,-0.08544921875,-0.09765625,-0.09765625,-0.09765625,-0.87890625,0.10986328125,1.07421875,-0.146484375,-0.1953125,0.0244140625,-0.57373046875,0.20751953125,-0.146484375,-0.28076171875,0.91552734375,0.03662109375,-0.5615234375,0.30517578125,-0.47607421875,-0.08544921875,-1.1962890625,0.25634765625,0.52490234375,0.29296875,-0.10986328125,0.06103515625,-0.23193359375,-0.67138671875,-0.74462890625,-0.09765625,-0.30517578125,-0.13427734375,-0.634765625,-0.4638671875,-0.2685546875,-0.0244140625,-0.732421875,-0.146484375,-0.390625,-0.54931640625,0.7568359375,-0.03662109375,0.98876953125,-0.23193359375,0.439453125,0.45166015625,-0.1953125,0.32958984375,0.72021484375,-0.146484375,2.06298828125,0.2197265625,1.318359375,0.18310546875,1.40380859375,-0.4638671875,6.31103515625,-0.1708984375,-0.10986328125,0.15869140625,0.96435546875,0.1220703125,0.15869140625,0.08544921875,0.1220703125,0.03662109375,0.89111328125,-0.244140625,0.830078125,0.13427734375,-0.0244140625,-0.5126953125,1.26953125,-0.13427734375,-0.8544921875,0.048828125,-0.37841796875,0.0244140625,-1.03759765625,0.01220703125,-0.81787109375,-0.390625,-1.98974609375,-0.1220703125,-0.76904296875,-0.2685546875,-0.9521484375,0.06103515625,-1.77001953125,0.09765625,-0.634765625,-0.1708984375,-0.69580078125,0.1220703125,-0.57373046875,0.390625,-0.06103515625,-0.01220703125,-0.86669921875,0.20751953125,-1.66015625,-0.146484375,-1.025390625,-0.18310546875,0.40283203125,-0.048828125,0.439453125,0.28076171875,-0.01220703125,-0.06103515625,-0.06103515625,-0.06103515625,0.20751953125,0.03662109375,9.521484375,-0.0244140625,4.4921875,-0.0244140625,3.271484375,0.13427734375,5.01708984375
0,-0.341796875,-0.390625,-0.06103515625,-0.3662109375,0.1220703125,-0.439453125,-0.15869140625,-0.08544921875,-0.09765625,-0.09765625,-0.1220703125,-0.87890625,0.10986328125,1.08642578125,-0.15869140625,-0.20751953125,0,-0.57373046875,0.1708984375,-0.146484375,-0.341796875,0.9033203125,0.03662109375,-0.59814453125,0.2197265625,-0.4638671875,-0.1220703125,-1.18408203125,0.341796875,0.5126953125,0.1953125,-0.08544921875,0.09765625,-0.32958984375,-0.7080078125,-0.7568359375,-0.1220703125,-0.35400390625,-0.1708984375,-0.67138671875,-0.4638671875,-0.2685546875,0.0244140625,-0.72021484375,-0.15869140625,-0.37841796875,-0.50048828125,0.79345703125,0.03662109375,1.0009765625,-0.1953125,0.45166015625,0.37841796875,-0.1953125,0.25634765625,0.72021484375,-0.13427734375,2.20947265625,0.23193359375,1.40380859375,0.244140625,1.45263671875,-0.5126953125,6.82373046875,-0.13427734375,-0.10986328125,0.06103515625,0.9765625,0.048828125,0.1708984375,0,0.13427734375,-0.01220703125,0.86669921875,-0.2685546875,0.8056640625,0.13427734375,-0.01220703125,-0.45166015625,1.26953125,-0.09765625,-0.8056640625,0.08544921875,-0.390625,-0.09765625,-1.025390625,0.0244140625,-0.84228515625,-0.3662109375,-1.94091796875,-0.15869140625,-0.76904296875,-0.25634765625,-0.98876953125,0.0244140625,-1.806640625,0.10986328125,-0.64697265625,-0.15869140625,-0.67138671875,0.09765625,-0.6103515625,0.390625,-0.08544921875,-0.0732421875,-0.78125,0.18310546875,-1.57470703125,-0.146484375,-0.84228515625,-0.1953125,0.4638671875,-0.06103515625,0.45166015625,0.28076171875,0,-0.06103515625,-0.03662109375,-0.048828125,0.2197265625,0.03662109375,9.9853515625,-0.06103515625,4.6142578125,-0.06103515625,3.3935546875,0.10986328125,5.18798828125
0,-0.341796875,-0.390625,-0.03662109375,-0.37841796875,0.146484375,-0.45166015625,-0.10986328125,-0.0732421875,-0.0732421875,-0.09765625,-0.10986328125,-0.89111328125,0.13427734375,1.08642578125,-0.1708984375,-0.1953125,-0.0244140625,-0.54931640625,0.13427734375,-0.15869140625,-0.390625,0.9033203125,0.03662109375,-0.5859375,0.1220703125,-0.4638671875,-0.1708984375,-1.15966796875,0.390625,0.52490234375,0.048828125,-0.09765625,0.18310546875,-0.4150390625,-0.72021484375,-0.76904296875,-0.0732421875,-0.3662109375,-0.10986328125,-0.69580078125,-0.42724609375,-0.2685546875,0.09765625,-0.732421875,-0.1708984375,-0.390625,-0.48828125,0.86669921875,0.03662109375,1.01318359375,-0.09765625,0.4638671875,0.30517578125,-0.15869140625,0.1953125,0.7080078125,-0.1220703125,2.294921875,0.244140625,1.4404296875,0.2685546875,1.46484375,-0.40283203125,7.177734375,-0.08544921875,-0.0732421875,0.0244140625,1.01318359375,0.0244140625,0.18310546875,-0.0244140625,0.15869140625,-0.06103515625,0.84228515625,-0.29296875,0.84228515625,0.10986328125,-0.06103515625,-0.42724609375,1.26953125,-0.03662109375,-0.76904296875,0.10986328125,-0.3662109375,-0.15869140625,-1.03759765625,0.048828125,-0.81787109375,-0.3173828125,-1.8798828125,-0.15869140625,-0.78125,-0.23193359375,-0.96435546875,0.0244140625,-1.81884765625,0.10986328125,-0.6591796875,-0.09765625,-0.7080078125,0.03662109375,-0.5859375,0.3662109375,-0.10986328125,-0.1708984375,-0.6591796875,0.0732421875,-1.46484375,-0.15869140625,-0.4638671875,-0.244140625,0.62255859375,-0.10986328125,0.439453125,0.28076171875,-0.0244140625,-0.06103515625,-0.0244140625,-0.0244140625,0.20751953125,0.09765625,10.11962890625,-0.048828125,4.58984375,-0.08544921875,3.3935546875,0.1220703125,5.224609375
0,-0.35400390625,-0.37841796875,-0.06103515625,-0.390625,0.13427734375,-0.45166015625,-0.08544921875,-0.09765625,-0.06103515625,-0.08544921875,-0.13427734375,-0.91552734375,0.146484375,1.07421875,-0.18310546875,-0.18310546875,-0.048828125,-0.5615234375,0.10986328125,-0.15869140625,-0.3662109375,0.89111328125,0.03662109375,-0.5859375,0.048828125,-0.4638671875,-0.2685546875,-1.171875,0.390625,0.52490234375,-0.09765625,-0.10986328125,0.1953125,-0.42724609375,-0.69580078125,-0.7568359375,-0.08544921875,-0.390625,-0.0732421875,-0.67138671875,-0.4150390625,-0.25634765625,0.18310546875,-0.7080078125,-0.1953125,-0.37841796875,-0.390625,0.93994140625,0.03662109375,1.08642578125,-0.048828125,0.47607421875,0.2197265625,-0.146484375,0.0732421875,0.68359375,-0.1708984375,2.3193359375,0.29296875,1.46484375,0.32958984375,1.416015625,-0.28076171875,7.36083984375,-0.01220703125,-0.06103515625,-0.01220703125,1.01318359375,-0.048828125,0.18310546875,-0.048828125,0.15869140625,-0.09765625,0.76904296875,-0.29296875,0.830078125,0.08544921875,-0.0732421875,-0.3662109375,1.26953125,-0.048828125,-0.72021484375,0.13427734375,-0.37841796875,-0.20751953125,-1.025390625,0.0244140625,-0.830078125,-0.23193359375,-1.84326171875,-0.13427734375,-0.74462890625,-0.146484375,-0.927734375,0.03662109375,-1.806640625,0.0732421875,-0.64697265625,-0.08544921875,-0.732421875,-0.0244140625,-0.537109375,0.29296875,-0.1220703125,-0.244140625,-0.50048828125,-0.01220703125,-1.28173828125,-0.20751953125,0.048828125,-0.28076171875,0.81787109375,-0.13427734375,0.47607421875,0.2685546875,-0.048828125,-0.08544921875,0,-0.0244140625,0.18310546875,0.048828125,10.009765625,0,4.4921875,-0.09765625,3.2958984375,0.146484375,5.126953125
0,-0.35400390625,-0.40283203125,-0.0244140625,-0.37841796875,0.1220703125,-0.45166015625,-0.06103515625,-0.0732421875,-0.048828125,-0.06103515625,-0.13427734375,-0.91552734375,0.15869140625,1.07421875,-0.15869140625,-0.15869140625,-0.08544921875,-0.5859375,0.08544921875,-0.146484375,-0.32958984375,0.9033203125,0.01220703125,-0.5859375,-0.0244140625,-0.45166015625,-0.341796875,-1.15966796875,0.3662109375,0.52490234375,-0.146484375,-0.1220703125,0.1708984375,-0.390625,-0.634765625,-0.732421875,-0.10986328125,-0.3662109375,-0.06103515625,-0.634765625,-0.3662109375,-0.25634765625,0.2197265625,-0.72021484375,-0.18310546875,-0.3662109375,-0.4150390625,0.9765625,-0.06103515625,1.15966796875,0.01220703125,0.45166015625,0.23193359375,-0.15869140625,-0.048828125,0.69580078125,-0.20751953125,2.3193359375,0.3173828125,1.46484375,0.37841796875,1.3916015625,-0.28076171875,7.38525390625,0,-0.03662109375,-0.10986328125,1.03759765625,-0.1220703125,0.20751953125,-0.08544921875,0.1953125,-0.146484375,0.732421875,-0.29296875,0.81787109375,0.048828125,-0.08544921875,-0.25634765625,1.26953125,-0.01220703125,-0.6591796875,0.1953125,-0.37841796875,-0.20751953125,-1.0498046875,0.06103515625,-0.81787109375,-0.15869140625,-1.85546875,-0.146484375,-0.74462890625,-0.09765625,-0.86669921875,0.048828125,-1.79443359375,0.03662109375,-0.634765625,-0.0732421875,-0.732421875,-0.10986328125,-0.52490234375,0.2197265625,-0.09765625,-0.2197265625,-0.28076171875,-0.18310546875,-1.06201171875,-0.3173828125,0.7080078125,-0.29296875,1.025390625,-0.146484375,0.48828125,0.2685546875,-0.06103515625,-0.08544921875,0,-0.01220703125,0.1708984375,-0.048828125,9.68017578125,-0.0244140625,4.35791015625,-0.09765625,3.1494140625,0.13427734375,4.9560546875
0,-0.341796875,-0.40283203125,0,-0.390625,0.146484375,-0.4638671875,-0.0732421875,-0.048828125,-0.03662109375,-0.048828125,-0.1220703125,-0.91552734375,0.1708984375,1.07421875,-0.15869140625,-0.15869140625,-0.0732421875,-0.5859375,0.08544921875,-0.15869140625,-0.30517578125,0.9033203125,-0.0244140625,-0.5859375,-0.08544921875,-0.439453125,-0.390625,-1.13525390625,0.244140625,0.537109375,-0.18310546875,-0.10986328125,0.2685546875,-0.32958984375,-0.59814453125,-0.69580078125,-0.1220703125,-0.3173828125,-0.08544921875,-0.5615234375,-0.29296875,-0.244140625,0.2685546875,-0.72021484375,-0.18310546875,-0.32958984375,-0.390625,1.01318359375,-0.0244140625,1.220703125,0.09765625,0.439453125,0.18310546875,-0.146484375,-0.15869140625,0.69580078125,-0.2685546875,2.28271484375,0.3173828125,1.46484375,0.439453125,1.33056640625,-0.2685546875,7.275390625,0.0244140625,0.0244140625,-0.18310546875,1.03759765625,-0.18310546875,0.23193359375,-0.10986328125,0.23193359375,-0.13427734375,0.67138671875,-0.3173828125,0.87890625,0.01220703125,-0.08544921875,-0.13427734375,1.25732421875,0,-0.6103515625,0.20751953125,-0.40283203125,-0.18310546875,-1.03759765625,0.06103515625,-0.830078125,-0.15869140625,-1.8310546875,-0.1220703125,-0.732421875,-0.0732421875,-0.79345703125,0.09765625,-1.77001953125,-0.03662109375,-0.634765625,-0.06103515625,-0.72021484375,-0.146484375,-0.50048828125,0.146484375,-0.09765625,-0.23193359375,-0.048828125,-0.32958984375,-0.81787109375,-0.30517578125,1.42822265625,-0.3662109375,1.28173828125,-0.1708984375,0.47607421875,0.28076171875,-0.06103515625,-0.0732421875,0.01220703125,-0.01220703125,0.146484375,-0.10986328125,9.21630859375,-0.0244140625,4.1748046875,-0.146484375,2.978515625,0.13427734375,4.7119140625
1,-0.3662109375,-0.40283203125,-0.06103515625,-0.390625,0.146484375,-0.47607421875,-0.06103515625,-0.0732421875,-0.048828125,-0.03662109375,-0.13427734375,-0.927734375,0.15869140625,1.07421875,-0.1220703125,-0.13427734375,-0.06103515625,-0.5859375,0.048828125,-0.13427734375,-0.1953125,0.91552734375,-0.0732421875,-0.59814453125,-0.10986328125,-0.439453125,-0.3662109375,-1.13525390625,0.09765625,0.57373046875,-0.1708984375,-0.0732421875,0.18310546875,-0.244140625,-0.5615234375,-0.6103515625,-0.13427734375,-0.2685546875,-0.048828125,-0.48828125,-0.244140625,-0.2197265625,0.2685546875,-0.732421875,-0.15869140625,-0.341796875,-0.37841796875,0.98876953125,0,1.26953125,0.09765625,0.4150390625,0.1708984375,-0.18310546875,-0.23193359375,0.68359375,-0.30517578125,2.23388671875,0.30517578125,1.46484375,0.52490234375,1.2939453125,-0.28076171875,7.0556640625,-0.0244140625,0.06103515625,-0.23193359375,1.03759765625,-0.20751953125,0.2685546875,-0.15869140625,0.244140625,-0.146484375,0.64697265625,-0.35400390625,0.8544921875,0.03662109375,-0.08544921875,-0.01220703125,1.25732421875,0,-0.59814453125,0.2197265625,-0.40283203125,-0.1220703125,-1.03759765625,0.06103515625,-0.81787109375,-0.1708984375,-1.84326171875,-0.10986328125,-0.72021484375,-0.10986328125,-0.732421875,0.146484375,-1.74560546875,-0.0732421875,-0.64697265625,-0.01220703125,-0.7080078125,-0.18310546875,-0.52490234375,0.08544921875,-0.09765625,-0.13427734375,0.20751953125,-0.42724609375,-0.59814453125,-0.25634765625,2.13623046875,-0.341796875,1.52587890625,-0.1708984375,0.47607421875,0.28076171875,-0.048828125,-0.0732421875,0,-0.01220703125,0.13427734375,-0.146484375,8.63037109375,-0.048828125,4.0283203125,-0.146484375,2.79541015625,0.13427734375,4.4921875
1,-0.35400390625,-0.40283203125,-0.06103515625,-0.390625,0.15869140625,-0.45166015625,-0.0244140625,-0.06103515625,-0.08544921875,-0.03662109375,-0.09765625,-0.927734375,0.146484375,1.08642578125,-0.146484375,-0.13427734375,-0.03662109375,-0.5859375,0.06103515625,-0.146484375,-0.18310546875,0.93994140625,-0.09765625,-0.59814453125,-0.146484375,-0.4638671875,-0.35400390625,-1.13525390625,0,0.5615234375,-0.10986328125,-0.048828125,0.09765625,-0.15869140625,-0.5615234375,-0.5615234375,-0.1708984375,-0.244140625,0.01220703125,-0.42724609375,-0.23193359375,-0.23193359375,0.2685546875,-0.7080078125,-0.10986328125,-0.341796875,-0.29296875,0.9521484375,0.01220703125,1.33056640625,0.10986328125,0.4150390625,0.15869140625,-0.18310546875,-0.29296875,0.67138671875,-0.244140625,2.1728515625,0.30517578125,1.416015625,0.54931640625,1.2451171875,-0.29296875,6.72607421875,-0.03662109375,0.10986328125,-0.28076171875,1.03759765625,-0.20751953125,0.29296875,-0.15869140625,0.244140625,-0.1220703125,0.6103515625,-0.35400390625,0.86669921875,0.06103515625,-0.06103515625,0.0732421875,1.25732421875,0,-0.5859375,0.23193359375,-0.40283203125,-0.048828125,-1.025390625,0,-0.81787109375,-0.1708984375,-1.86767578125,-0.1220703125,-0.732421875,-0.20751953125,-0.68359375,0.1220703125,-1.6845703125,-0.10986328125,-0.6591796875,0.048828125,-0.7080078125,-0.15869140625,-0.537109375,0.03662109375,-0.09765625,-0.08544921875,0.4638671875,-0.50048828125,-0.4150390625,-0.28076171875,2.79541015625,-0.32958984375,1.72119140625,-0.1953125,0.47607421875,0.28076171875,-0.048828125,-0.0732421875,-0.01220703125,0.01220703125,0.13427734375,-0.15869140625,8.0078125,-0.03662109375,3.86962890625,-0.1220703125,2.6123046875,0.15869140625,4.2236328125
1,-0.3662109375,-0.4150390625,-0.0732421875,-0.390625,0.13427734375,-0.439453125,0.01220703125,-0.08544921875,-0.06103515625,-0.048828125,-0.08544921875,-0.91552734375,0.13427734375,1.08642578125,-0.18310546875,-0.1220703125,0,-0.6103515625,0.09765625,-0.146484375,-0.15869140625,0.91552734375,-0.13427734375,-0.62255859375,-0.15869140625,-0.48828125,-0.25634765625,-1.1474609375,-0.10986328125,0.5859375,-0.06103515625,-0.03662109375,0.03662109375,-0.146484375,-0.537109375,-0.537109375,-0.20751953125,-0.244140625,0.08544921875,-0.40283203125,-0.23193359375,-0.23193359375,0.28076171875,-0.72021484375,-0.0732421875,-0.35400390625,-0.2685546875,0.86669921875,0.13427734375,1.3427734375,0.0732421875,0.4150390625,0.146484375,-0.18310546875,-0.30517578125,0.68359375,-0.23193359375,2.11181640625,0.3173828125,1.416015625,0.54931640625,1.23291015625,-0.25634765625,6.34765625,-0.0732421875,0.09765625,-0.28076171875,1.025390625,-0.13427734375,0.30517578125,-0.18310546875,0.2197265625,-0.08544921875,0.5859375,-0.30517578125,0.87890625,0.10986328125,-0.0244140625,0.10986328125,1.2451171875,-0.048828125,-0.5615234375,0.2197265625,-0.4150390625,0.0244140625,-1.0498046875,-0.08544921875,-0.81787109375,-0.1708984375,-1.89208984375,-0.13427734375,-0.732421875,-0.3173828125,-0.62255859375,0.1220703125,-1.6357421875,-0.18310546875,-0.68359375,0.08544921875,-0.68359375,-0.1220703125,-0.5615234375,0.0244140625,-0.0732421875,-0.06103515625,0.6591796875,-0.537109375,-0.244140625,-0.20751953125,3.33251953125,-0.3173828125,1.904296875,-0.20751953125,0.4638671875,0.2685546875,-0.03662109375,-0.08544921875,0,0.01220703125,0.13427734375,-0.10986328125,7.38525390625,-0.0732421875,3.7353515625,-0.13427734375,2.45361328125,0.146484375,3.99169921875
1,-0.3662109375,-0.390625,-0.03662109375,-0.37841796875,0.10986328125,-0.45166015625,0.03662109375,-0.08544921875,-0.01220703125,-0.048828125,-0.048828125,-0.9033203125,0.13427734375,1.08642578125,-0.1953125,-0.146484375,0.03662109375,-0.62255859375,0.10986328125,-0.13427734375,-0.15869140625,0.91552734375,-0.1220703125,-0.6103515625,-0.15869140625,-0.50048828125,-0.1953125,-1.15966796875,-0.15869140625,0.59814453125,-0.03662109375,-0.0244140625,0.03662109375,-0.13427734375,-0.537109375,-0.5126953125,-0.244140625,-0.2685546875,0.09765625,-0.439453125,-0.25634765625,-0.244140625,0.2197265625,-0.7080078125,-0.03662109375,-0.35400390625,-0.20751953125,0.7568359375,0.18310546875,1.3427734375,0,0.40283203125,0.2197265625,-0.23193359375,-0.32958984375,0.68359375,-0.1953125,2.0751953125,0.29296875,1.3916015625,0.6103515625,1.220703125,-0.18310546875,5.95703125,-0.146484375,0.10986328125,-0.29296875,1.025390625,-0.08544921875,0.30517578125,-0.20751953125,0.2685546875,-0.06103515625,0.59814453125,-0.25634765625,0.86669921875,0.1708984375,-0.01220703125,0.08544921875,1.23291015625,-0.0732421875,-0.57373046875,0.20751953125,-0.4150390625,0.10986328125,-1.0498046875,-0.18310546875,-0.830078125,-0.1953125,-1.9287109375,-0.1708984375,-0.732421875,-0.35400390625,-0.62255859375,0.09765625,-1.611328125,-0.23193359375,-0.69580078125,0.10986328125,-0.68359375,-0.06103515625,-0.59814453125,0.0244140625,-0.06103515625,-0.0244140625,0.830078125,-0.5615234375,-0.1220703125,-0.2197265625,3.7353515625,-0.28076171875,2.0263671875,-0.1953125,0.4638671875,0.28076171875,-0.03662109375,-0.08544921875,-0.01220703125,0,0.13427734375,-0.1220703125,6.8115234375,-0.0732421875,3.60107421875,-0.10986328125,2.3193359375,0.1708984375,3.77197265625
1,-0.37841796875,-0.390625,-0.0244140625,-0.37841796875,0.08544921875,-0.42724609375,0.06103515625,-0.08544921875,0,-0.048828125,-0.0732421875,-0.89111328125,0.15869140625,1.08642578125,-0.1953125,-0.15869140625,0.048828125,-0.59814453125,0.10986328125,-0.1220703125,-0.2197265625,0.91552734375,-0.09765625,-0.6103515625,-0.146484375,-0.50048828125,-0.13427734375,-1.1962890625,-0.15869140625,0.6103515625,-0.0244140625,-0.01220703125,0.10986328125,-0.20751953125,-0.54931640625,-0.50048828125,-0.25634765625,-0.3173828125,0.0732421875,-0.47607421875,-0.3173828125,-0.25634765625,0.146484375,-0.72021484375,-0.06103515625,-0.37841796875,-0.13427734375,0.64697265625,0.18310546875,1.30615234375,-0.0244140625,0.42724609375,0.23193359375,-0.2197265625,-0.35400390625,0.68359375,-0.146484375,2.001953125,0.29296875,1.30615234375,0.634765625,1.1962890625,-0.244140625,5.56640625,-0.1953125,0.10986328125,-0.30517578125,1.01318359375,-0.01220703125,0.30517578125,-0.2685546875,0.25634765625,-0.03662109375,0.59814453125,-0.1953125,0.86669921875,0.2197265625,0,0.01220703125,1.25732421875,-0.10986328125,-0.57373046875,0.15869140625,-0.42724609375,0.13427734375,-1.03759765625,-0.244140625,-0.830078125,-0.23193359375,-1.9287109375,-0.18310546875,-0.69580078125,-0.2685546875,-0.6103515625,0.0732421875,-1.5869140625,-0.25634765625,-0.732421875,0.1220703125,-0.64697265625,0.01220703125,-0.634765625,0.03662109375,-0.06103515625,-0.03662109375,0.91552734375,-0.5126953125,-0.06103515625,-0.18310546875,3.94287109375,-0.2685546875,2.099609375,-0.2197265625,0.439453125,0.244140625,-0.0244140625,-0.06103515625,-0.048828125,0.01220703125,0.13427734375,-0.146484375,6.3232421875,-0.1220703125,3.466796875,-0.09765625,2.1728515625,0.18310546875,3.57666015625
1,-0.390625,-0.37841796875,-0.03662109375,-0.3662109375,0.06103515625,-0.4150390625,0.048828125,-0.08544921875,0.06103515625,-0.048828125,-0.06103515625,-0.87890625,0.15869140625,1.07421875,-0.1953125,-0.1708984375,0.0732421875,-0.59814453125,0.09765625,-0.1220703125,-0.23193359375,0.9033203125,-0.048828125,-0.59814453125,-0.10986328125,-0.47607421875,-0.03662109375,-1.171875,-0.0732421875,0.64697265625,-0.0732421875,0,0.1220703125,-0.2685546875,-0.57373046875,-0.52490234375,-0.20751953125,-0.35400390625,0.0244140625,-0.57373046875,-0.3662109375,-0.244140625,0.0244140625,-0.7080078125,-0.0732421875,-0.40283203125,-0.0732421875,0.54931640625,0.20751953125,1.2939453125,-0.08544921875,0.439453125,0.3173828125,-0.2197265625,-0.3173828125,0.68359375,-0.0732421875,1.94091796875,0.23193359375,1.220703125,0.64697265625,1.15966796875,-0.0244140625,5.26123046875,-0.28076171875,0.0732421875,-0.3173828125,1.025390625,0.03662109375,0.28076171875,-0.3173828125,0.244140625,-0.0732421875,0.59814453125,-0.08544921875,0.87890625,0.2197265625,0,0.01220703125,1.26953125,-0.10986328125,-0.62255859375,0.08544921875,-0.439453125,0.15869140625,-1.06201171875,-0.244140625,-0.84228515625,-0.25634765625,-1.94091796875,-0.2197265625,-0.7080078125,-0.2197265625,-0.6103515625,0.048828125,-1.5625,-0.23193359375,-0.72021484375,0.09765625,-0.634765625,0.0732421875,-0.67138671875,0.01220703125,-0.06103515625,-0.06103515625,0.91552734375,-0.42724609375,-0.048828125,-0.15869140625,3.9306640625,-0.28076171875,2.099609375,-0.244140625,0.37841796875,0.23193359375,-0.0244140625,-0.06103515625,-0.06103515625,0,0.146484375,-0.20751953125,5.8837890625,-0.146484375,3.33251953125,-0.10986328125,2.03857421875,0.15869140625,3.35693359375
1,-0.40283203125,-0.37841796875,-0.03662109375,-0.35400390625,0.03662109375,-0.42724609375,0.0732421875,-0.08544921875,0.0732421875,-0.06103515625,-0.06103515625,-0.87890625,0.1220703125,1.06201171875,-0.1708984375,-0.15869140625,0.08544921875,-0.59814453125,0.0732421875,-0.1220703125,-0.28076171875,0.91552734375,-0.01220703125,-0.6103515625,-0.03662109375,-0.47607421875,0.03662109375,-1.1962890625,0.048828125,0.68359375,-0.06103515625,-0.0244140625,0.1708984375,-0.28076171875,-0.5859375,-0.537109375,-0.1708984375,-0.4150390625,-0.08544921875,-0.67138671875,-0.32958984375,-0.23193359375,-0.10986328125,-0.72021484375,-0.06103515625,-0.42724609375,-0.03662109375,0.48828125,0.20751953125,1.318359375,-0.10986328125,0.439453125,0.3662109375,-0.1953125,-0.35400390625,0.7080078125,-0.01220703125,1.8798828125,0.20751953125,1.1474609375,0.59814453125,1.13525390625,-0.048828125,4.98046875,-0.2685546875,0,-0.30517578125,1.01318359375,0.0732421875,0.25634765625,-0.341796875,0.23193359375,-0.146484375,0.6103515625,-0.01220703125,0.84228515625,0.20751953125,0.01220703125,-0.048828125,1.28173828125,-0.048828125,-0.7080078125,-0.0244140625,-0.4150390625,0.18310546875,-1.03759765625,-0.2197265625,-0.81787109375,-0.25634765625,-1.91650390625,-0.1953125,-0.7080078125,-0.13427734375,-0.634765625,0.03662109375,-1.55029296875,-0.1708984375,-0.7568359375,0.06103515625,-0.6591796875,0.13427734375,-0.68359375,0.048828125,-0.048828125,-0.08544921875,0.8544921875,-0.32958984375,-0.13427734375,-0.13427734375,3.7841796875,-0.28076171875,2.05078125,-0.25634765625,0.3662109375,0.1953125,-0.01220703125,-0.0732421875,-0.0732421875,0.01220703125,0.146484375,-0.1953125,5.5419921875,-0.15869140625,3.16162109375,-0.13427734375,1.8798828125,0.146484375,3.1494140625
1,-0.4150390625,-0.3662109375,-0.03662109375,-0.32958984375,0.048828125,-0.42724609375,0.08544921875,-0.08544921875,0.10986328125,-0.06103515625,-0.09765625,-0.89111328125,0.13427734375,1.07421875,-0.146484375,-0.15869140625,0.09765625,-0.5859375,0.0732421875,-0.1220703125,-0.28076171875,0.9033203125,-0.01220703125,-0.6103515625,0.048828125,-0.4638671875,0.0244140625,-1.171875,0.146484375,0.81787109375,-0.01220703125,-0.0244140625,0.1953125,-0.244140625,-0.5859375,-0.537109375,-0.10986328125,-0.4638671875,-0.146484375,-0.72021484375,-0.28076171875,-0.2197265625,-0.18310546875,-0.72021484375,-0.08544921875,-0.42724609375,0.0732421875,0.45166015625,0.20751953125,1.30615234375,-0.13427734375,0.45166015625,0.390625,-0.1708984375,-0.32958984375,0.7080078125,0.01220703125,1.81884765625,0.15869140625,1.08642578125,0.52490234375,1.06201171875,-0.03662109375,4.77294921875,-0.20751953125,-0.048828125,-0.30517578125,1.0009765625,0.08544921875,0.2197265625,-0.341796875,0.2197265625,-0.20751953125,0.5615234375,0.0244140625,0.8544921875,0.146484375,0.01220703125,-0.0732421875,1.28173828125,0.0244140625,-0.76904296875,-0.10986328125,-0.40283203125,0.18310546875,-1.03759765625,-0.1220703125,-0.830078125,-0.2197265625,-1.8798828125,-0.20751953125,-0.7080078125,-0.0244140625,-0.6591796875,0.0244140625,-1.5869140625,-0.10986328125,-0.74462890625,0.0244140625,-0.634765625,0.146484375,-0.67138671875,0.06103515625,-0.048828125,-0.1220703125,0.74462890625,-0.2197265625,-0.23193359375,-0.1220703125,3.45458984375,-0.29296875,1.94091796875,-0.29296875,0.32958984375,0.20751953125,0,-0.0732421875,-0.048828125,0,0.15869140625,-0.2197265625,5.2734375,-0.1708984375,3.01513671875,-0.146484375,1.74560546875,0.146484375,2.9296875
1,-0.4150390625,-0.390625,-0.0244140625,-0.35400390625,0.048828125,-0.439453125,0.09765625,-0.0732421875,0.13427734375,-0.09765625,-0.1220703125,-0.87890625,0.13427734375,1.03759765625,-0.15869140625,-0.146484375,0.06103515625,-0.5615234375,0.03662109375,-0.1220703125,-0.2685546875,0.87890625,-0.048828125,-0.6103515625,0.10986328125,-0.439453125,-0.01220703125,-1.13525390625,0.2685546875,1.025390625,-0.0244140625,-0.0244140625,0.15869140625,-0.0244140625,-0.59814453125,-0.5126953125,-0.048828125,-0.4150390625,-0.15869140625,-0.68359375,-0.2685546875,-0.20751953125,-0.244140625,-0.7080078125,-0.06103515625,-0.42724609375,0.0732421875,0.4638671875,0.2197265625,1.318359375,-0.1953125,0.4638671875,0.4150390625,-0.13427734375,-0.28076171875,0.7080078125,0.01220703125,1.7578125,0.15869140625,1.0009765625,0.48828125,1.01318359375,-0.0732421875,4.638671875,-0.2685546875,-0.10986328125,-0.2197265625,1.0009765625,0.09765625,0.1953125,-0.3173828125,0.1953125,-0.30517578125,0.5126953125,0.03662109375,0.830078125,0.10986328125,-0.0244140625,-0.08544921875,1.25732421875,0.0732421875,-0.84228515625,-0.15869140625,-0.390625,0.2197265625,-1.025390625,-0.1220703125,-0.8056640625,-0.2685546875,-1.8310546875,-0.20751953125,-0.72021484375,0.06103515625,-0.68359375,-0.03662109375,-1.59912109375,-0.01220703125,-0.74462890625,0,-0.6591796875,0.15869140625,-0.62255859375,0.0732421875,-0.06103515625,-0.10986328125,0.5859375,-0.146484375,-0.37841796875,-0.13427734375,2.978515625,-0.25634765625,1.74560546875,-0.28076171875,0.3173828125,0.23193359375,0.0244140625,-0.0732421875,-0.06103515625,-0.0244140625,0.18310546875,-0.20751953125,5.01708984375,-0.146484375,2.81982421875,-0.13427734375,1.611328125,0.15869140625,2.69775390625
1,-0.40283203125,-0.3662109375,-0.01220703125,-0.3662109375,0.03662109375,-0.45166015625,0.13427734375,-0.08544921875,0.15869140625,-0.10986328125,-0.10986328125,-0.87890625,0.13427734375,1.06201171875,-0.18310546875,-0.1708984375,0,-0.57373046875,0.01220703125,-0.13427734375,-0.244140625,0.87890625,-0.08544921875,-0.5859375,0.18310546875,-0.37841796875,-0.0732421875,-1.08642578125,0.25634765625,1.3427734375,0.03662109375,0.0244140625,0.048828125,0.341796875,-0.5859375,-0.42724609375,-0.06103515625,-0.341796875,-0.18310546875,-0.54931640625,-0.25634765625,-0.1708984375,-0.244140625,-0.7080078125,-0.048828125,-0.4150390625,0,0.5126953125,0.10986328125,1.3671875,-0.20751953125,0.45166015625,0.5126953125,-0.146484375,-0.20751953125,0.7080078125,0.0244140625,1.708984375,0.1220703125,0.96435546875,0.4638671875,0.91552734375,-0.13427734375,4.541015625,-0.244140625,-0.146484375,-0.09765625,0.98876953125,0.1220703125,0.1953125,-0.23193359375,0.1953125,-0.28076171875,0.439453125,0.0732421875,0.8544921875,0.03662109375,-0.0244140625,-0.13427734375,1.26953125,0.09765625,-0.91552734375,-0.1708984375,-0.37841796875,0.23193359375,-1.03759765625,-0.13427734375,-0.8056640625,-0.23193359375,-1.81884765625,-0.146484375,-0.72021484375,0.2197265625,-0.72021484375,-0.048828125,-1.6357421875,0.03662109375,-0.72021484375,-0.0244140625,-0.68359375,0.13427734375,-0.5859375,0.09765625,-0.048828125,-0.13427734375,0.3662109375,-0.10986328125,-0.5615234375,-0.18310546875,2.44140625,-0.244140625,1.55029296875,-0.29296875,0.2685546875,0.1953125,0,-0.06103515625,-0.03662109375,-0.06103515625,0.18310546875,-0.23193359375,4.736328125,-0.146484375,2.63671875,-0.15869140625,1.47705078125,0.146484375,2.47802734375
1,-0.40283203125,-0.390625,-0.01220703125,-0.37841796875,0.0244140625,-0.4638671875,0.13427734375,-0.10986328125,0.18310546875,-0.09765625,-0.1220703125,-0.9033203125,0.146484375,1.06201171875,-0.15869140625,-0.1708984375,-0.048828125,-0.57373046875,-0.0244140625,-0.13427734375,-0.1953125,0.86669921875,-0.1220703125,-0.5859375,0.244140625,-0.3173828125,-0.146484375,-0.9765625,0.25634765625,1.77001953125,0.08544921875,0.09765625,0.01220703125,0.9521484375,-0.45166015625,-0.28076171875,-0.06103515625,-0.1708984375,-0.18310546875,-0.341796875,-0.29296875,-0.15869140625,-0.2685546875,-0.68359375,-0.01220703125,-0.390625,-0.0732421875,0.5615234375,0.048828125,1.3916015625,-0.20751953125,0.45166015625,0.48828125,-0.1708984375,-0.09765625,0.67138671875,0.01220703125,1.6357421875,0.10986328125,0.91552734375,0.4150390625,0.87890625,-0.2197265625,4.43115234375,-0.244140625,-0.18310546875,-0.03662109375,0.9765625,0.09765625,0.1953125,-0.1708984375,0.1953125,-0.20751953125,0.35400390625,0.13427734375,0.86669921875,-0.09765625,-0.03662109375,-0.1708984375,1.26953125,0.0732421875,-1.0009765625,-0.146484375,-0.390625,0.2685546875,-1.0498046875,-0.18310546875,-0.81787109375,-0.23193359375,-1.77001953125,-0.15869140625,-0.74462890625,0.29296875,-0.732421875,-0.08544921875,-1.64794921875,0.06103515625,-0.7080078125,-0.03662109375,-0.7080078125,0.06103515625,-0.5615234375,0.0732421875,-0.06103515625,-0.1708984375,0.146484375,-0.09765625,-0.7568359375,-0.28076171875,1.89208984375,-0.20751953125,1.35498046875,-0.29296875,0.28076171875,0.20751953125,0,-0.06103515625,-0.048828125,-0.06103515625,0.18310546875,-0.2197265625,4.39453125,-0.1220703125,2.44140625,-0.1708984375,1.30615234375,0.10986328125,2.2216796875
1,-0.390625,-0.4150390625,-0.03662109375,-0.4150390625,0.0244140625,-0.50048828125,0.13427734375,-0.09765625,0.1708984375,-0.09765625,-0.10986328125,-0.9033203125,0.1708984375,1.06201171875,-0.1708984375,-0.18310546875,-0.09765625,-0.5615234375,-0.0732421875,-0.13427734375,-0.1220703125,0.8544921875,-0.1708984375,-0.59814453125,0.28076171875,-0.2197265625,-0.1708984375,-0.8544921875,0.13427734375,2.35595703125,0.09765625,0.2197265625,-0.146484375,1.7333984375,-0.40283203125,-0.08544921875,-0.08544921875,0.048828125,-0.1708984375,-0.0244140625,-0.341796875,-0.15869140625,-0.29296875,-0.68359375,0,-0.37841796875,-0.08544921875,0.62255859375,-0.048828125,1.42822265625,-0.20751953125,0.4150390625,0.52490234375,-0.1708984375,0.01220703125,0.6591796875,-0.08544921875,1.5869140625,0.1220703125,0.89111328125,0.4150390625,0.8544921875,-0.3173828125,4.248046875,-0.2685546875,-0.18310546875,0.0244140625,0.9765625,0.0244140625,0.1953125,-0.1220703125,0.1708984375,-0.13427734375,0.244140625,0.10986328125,0.86669921875,-0.18310546875,-0.048828125,-0.15869140625,1.26953125,0.048828125,-1.03759765625,-0.1220703125,-0.3662109375,0.25634765625,-1.0498046875,-0.23193359375,-0.81787109375,-0.2685546875,-1.77001953125,-0.13427734375,-0.732421875,0.30517578125,-0.732421875,-0.048828125,-1.6357421875,0.048828125,-0.7080078125,-0.01220703125,-0.72021484375,0,-0.52490234375,0.06103515625,-0.06103515625,-0.1708984375,-0.06103515625,-0.1220703125,-0.927734375,-0.32958984375,1.3427734375,-0.20751953125,1.1474609375,-0.28076171875,0.29296875,0.2197265625,0,-0.06103515625,-0.048828125,-0.08544921875,0.18310546875,-0.08544921875,3.9306640625,-0.15869140625,2.2705078125,-0.15869140625,1.13525390625,0.1220703125,1.953125
1,-0.37841796875,-0.4150390625,-0.0244140625,-0.4150390625,0.03662109375,-0.48828125,0.13427734375,-0.08544921875,0.15869140625,-0.0732421875,-0.13427734375,-0.91552734375,0.15869140625,1.08642578125,-0.13427734375,-0.18310546875,-0.1220703125,-0.57373046875,-0.08544921875,-0.146484375,-0.0732421875,0.86669921875,-0.1953125,-0.62255859375,0.244140625,-0.08544921875,-0.18310546875,-0.68359375,0.048828125,3.03955078125,0.13427734375,0.40283203125,-0.146484375,2.67333984375,-0.30517578125,0.15869140625,-0.15869140625,0.3662109375,-0.1708984375,0.341796875,-0.37841796875,-0.15869140625,-0.28076171875,-0.67138671875,-0.01220703125,-0.3662109375,-0.08544921875,0.68359375,-0.048828125,1.40380859375,-0.15869140625,0.40283203125,0.52490234375,-0.1953125,0.1220703125,0.68359375,-0.15869140625,1.55029296875,0.1220703125,0.87890625,0.37841796875,0.84228515625,-0.23193359375,3.96728515625,-0.30517578125,-0.13427734375,0.13427734375,0.9765625,0.0244140625,0.20751953125,-0.03662109375,0.1708984375,-0.01220703125,0.18310546875,0.048828125,0.8544921875,-0.244140625,-0.03662109375,-0.15869140625,1.28173828125,-0.0244140625,-1.06201171875,-0.08544921875,-0.3662109375,0.20751953125,-1.06201171875,-0.2685546875,-0.81787109375,-0.2197265625,-1.72119140625,-0.10986328125,-0.732421875,0.32958984375,-0.7080078125,0.0732421875,-1.611328125,-0.01220703125,-0.69580078125,0.048828125,-0.72021484375,-0.08544921875,-0.537109375,0.03662109375,-0.0732421875,-0.2197265625,-0.23193359375,-0.13427734375,-1.08642578125,-0.40283203125,0.830078125,-0.18310546875,0.9521484375,-0.2685546875,0.28076171875,0.20751953125,0.01220703125,-0.0732421875,-0.0732421875,-0.08544921875,0.1953125,0.0244140625,3.38134765625,-0.13427734375,2.06298828125,-0.13427734375,0.927734375,0.1220703125,1.64794921875
0,-0.35400390625,-0.4150390625,0.01220703125,-0.4150390625,0.03662109375,-0.50048828125,0.13427734375,-0.09765625,0.1708984375,-0.048828125,-0.1220703125,-0.927734375,0.15869140625,1.0986328125,-0.146484375,-0.18310546875,-0.13427734375,-0.57373046875,-0.08544921875,-0.146484375,-0.03662109375,0.87890625,-0.1953125,-0.6103515625,0.1708984375,0.03662109375,-0.1953125,-0.50048828125,0.03662109375,3.7841796875,0.09765625,0.6103515625,-0.146484375,3.7109375,-0.1953125,0.40283203125,-0.23193359375,0.68359375,-0.09765625,0.7568359375,-0.37841796875,-0.15869140625,-0.244140625,-0.6591796875,-0.03662109375,-0.35400390625,-0.1220703125,0.69580078125,-0.09765625,1.3671875,-0.146484375,0.37841796875,0.45166015625,-0.20751953125,0.20751953125,0.68359375,-0.18310546875,1.45263671875,0.146484375,0.81787109375,0.390625,0.830078125,-0.3173828125,3.5400390625,-0.35400390625,-0.1220703125,0.20751953125,0.98876953125,0.0244140625,0.1953125,-0.01220703125,0.15869140625,0.048828125,0.09765625,0.01220703125,0.86669921875,-0.28076171875,-0.048828125,-0.146484375,1.25732421875,-0.06103515625,-1.07421875,-0.03662109375,-0.35400390625,0.18310546875,-1.0498046875,-0.28076171875,-0.81787109375,-0.23193359375,-1.72119140625,-0.10986328125,-0.7080078125,0.29296875,-0.67138671875,0.146484375,-1.5869140625,-0.08544921875,-0.68359375,0.1220703125,-0.72021484375,-0.1953125,-0.52490234375,0.03662109375,-0.06103515625,-0.23193359375,-0.42724609375,-0.15869140625,-1.1962890625,-0.45166015625,0.3662109375,-0.1953125,0.7568359375,-0.28076171875,0.28076171875,0.20751953125,0.01220703125,-0.06103515625,-0.09765625,-0.09765625,0.15869140625,0.03662109375,2.69775390625,-0.15869140625,1.85546875,-0.146484375,0.69580078125,0.08544921875,1.318359375
0,-0.341796875,-0.4150390625,0.06103515625,-0.40283203125,0.06103515625,-0.47607421875,0.1708984375,-0.08544921875,0.15869140625,-0.03662109375,-0.10986328125,-0.927734375,0.146484375,1.0986328125,-0.146484375,-0.146484375,-0.1708984375,-0.6103515625,-0.06103515625,-0.1708984375,0.01220703125,0.86669921875,-0.13427734375,-0.62255859375,0.10986328125,0.1953125,-0.15869140625,-0.3173828125,0.0732421875,4.5166015625,0.09765625,0.8056640625,-0.0732421875,4.7607421875,-0.15869140625,0.67138671875,-0.25634765625,1.01318359375,0.0244140625,1.15966796875,-0.4150390625,-0.146484375,-0.25634765625,-0.67138671875,-0.09765625,-0.341796875,-0.03662109375,0.7080078125,-0.08544921875,1.30615234375,-0.0732421875,0.37841796875,0.50048828125,-0.20751953125,0.2685546875,0.67138671875,-0.25634765625,1.3427734375,0.09765625,0.76904296875,0.37841796875,0.830078125,-0.341796875,2.978515625,-0.4150390625,-0.0732421875,0.28076171875,0.98876953125,0.06103515625,0.20751953125,-0.0244140625,0.15869140625,0.0732421875,0.09765625,-0.048828125,0.91552734375,-0.28076171875,-0.0244140625,-0.1220703125,1.26953125,-0.13427734375,-1.06201171875,0,-0.3662109375,0.09765625,-1.03759765625,-0.29296875,-0.81787109375,-0.20751953125,-1.6845703125,-0.09765625,-0.68359375,0.2685546875,-0.6103515625,0.2197265625,-1.50146484375,-0.1708984375,-0.67138671875,0.1953125,-0.7080078125,-0.2685546875,-0.5615234375,0,-0.03662109375,-0.23193359375,-0.57373046875,-0.1953125,-1.33056640625,-0.48828125,-0.048828125,-0.1953125,0.6103515625,-0.29296875,0.30517578125,0.20751953125,0.03662109375,-0.08544921875,-0.08544921875,-0.06103515625,0.1708984375,0.09765625,1.96533203125,-0.1220703125,1.67236328125,-0.10986328125,0.47607421875,0.0732421875,0.9765625
0,-0.341796875,-0.4150390625,0.0732421875,-0.37841796875,0.09765625,-0.45166015625,0.146484375,-0.08544921875,0.18310546875,-0.01220703125,-0.09765625,-0.9033203125,0.1708984375,1.08642578125,-0.15869140625,-0.15869140625,-0.18310546875,-0.6103515625,0.03662109375,-0.146484375,0.03662109375,0.9033203125,-0.048828125,-0.62255859375,0.01220703125,0.37841796875,-0.13427734375,-0.15869140625,0.1220703125,5.17578125,0.08544921875,1.0009765625,-0.08544921875,5.74951171875,-0.048828125,0.86669921875,-0.3173828125,1.28173828125,0.10986328125,1.50146484375,-0.37841796875,-0.15869140625,-0.2685546875,-0.68359375,-0.18310546875,-0.341796875,0,0.6591796875,-0.0732421875,1.220703125,-0.06103515625,0.390625,0.47607421875,-0.1953125,0.32958984375,0.69580078125,-0.3173828125,1.23291015625,0.1220703125,0.72021484375,0.40283203125,0.8056640625,-0.28076171875,2.30712890625,-0.4150390625,-0.01220703125,0.32958984375,0.98876953125,0.09765625,0.1953125,-0.0244140625,0.15869140625,0.1220703125,0.13427734375,-0.09765625,0.927734375,-0.244140625,-0.048828125,-0.10986328125,1.25732421875,-0.1953125,-1.025390625,0.0244140625,-0.37841796875,0.03662109375,-1.025390625,-0.28076171875,-0.830078125,-0.13427734375,-1.6845703125,-0.06103515625,-0.6591796875,0.29296875,-0.52490234375,0.2685546875,-1.3916015625,-0.23193359375,-0.68359375,0.25634765625,-0.68359375,-0.29296875,-0.5859375,-0.0244140625,-0.048828125,-0.2197265625,-0.72021484375,-0.244140625,-1.4404296875,-0.47607421875,-0.390625,-0.1953125,0.4638671875,-0.30517578125,0.32958984375,0.18310546875,0.0244140625,-0.0732421875,-0.06103515625,-0.06103515625,0.1708984375,0.09765625,1.2451171875,-0.10986328125,1.47705078125,-0.06103515625,0.25634765625,0.06103515625,0.67138671875
0,-0.32958984375,-0.4150390625,0.08544921875,-0.37841796875,0.06103515625,-0.42724609375,0.13427734375,-0.06103515625,0.1953125,-0.0244140625,-0.10986328125,-0.91552734375,0.1708984375,1.08642578125,-0.15869140625,-0.13427734375,-0.20751953125,-0.62255859375,0.08544921875,-0.13427734375,0.0244140625,0.89111328125,0.048828125,-0.6103515625,-0.08544921875,0.52490234375,-0.08544921875,-0.0244140625,0.08544921875,5.76171875,0.0732421875,1.1474609375,-0.048828125,6.60400390625,-0.03662109375,1.03759765625,-0.3662109375,1.52587890625,0.146484375,1.77001953125,-0.32958984375,-0.1708984375,-0.341796875,-0.68359375,-0.28076171875,-0.35400390625,0.048828125,0.6103515625,-0.0732421875,1.123046875,-0.03662109375,0.4150390625,0.42724609375,-0.1953125,0.3662109375,0.7080078125,-0.35400390625,1.0986328125,0.08544921875,0.5859375,0.48828125,0.7568359375,-0.35400390625,1.5625,-0.37841796875,0.06103515625,0.341796875,0.98876953125,0.1708984375,0.1708984375,-0.03662109375,0.1708984375,0.10986328125,0.1953125,-0.146484375,0.927734375,-0.1953125,-0.01220703125,-0.1708984375,1.28173828125,-0.1953125,-1.025390625,0.048828125,-0.37841796875,0,-1.01318359375,-0.3173828125,-0.81787109375,-0.18310546875,-1.64794921875,-0.048828125,-0.5859375,0.25634765625,-0.45166015625,0.23193359375,-1.2939453125,-0.2685546875,-0.69580078125,0.28076171875,-0.67138671875,-0.30517578125,-0.634765625,-0.03662109375,-0.06103515625,-0.146484375,-0.830078125,-0.30517578125,-1.52587890625,-0.42724609375,-0.68359375,-0.20751953125,0.341796875,-0.25634765625,0.35400390625,0.1953125,0.01220703125,-0.0732421875,-0.06103515625,-0.06103515625,0.18310546875,0.08544921875,0.6103515625,-0.1220703125,1.3671875,-0.0732421875,0.0732421875,0.06103515625,0.390625
0,-0.30517578125,-0.40283203125,0.0732421875,-0.3662109375,0.10986328125,-0.40283203125,0.13427734375,-0.06103515625,0.1953125,-0.0244140625,-0.1220703125,-0.9033203125,0.18310546875,1.07421875,-0.15869140625,-0.15869140625,-0.244140625,-0.6103515625,0.1708984375,-0.1220703125,0.08544921875,0.9033203125,0.1220703125,-0.634765625,-0.1220703125,0.6591796875,-0.048828125,0.048828125,0.13427734375,6.14013671875,0.03662109375,1.26953125,0.01220703125,7.21435546875,0.01220703125,1.15966796875,-0.40283203125,1.6845703125,0.10986328125,1.94091796875,-0.29296875,-0.1953125,-0.390625,-0.7080078125,-0.40283203125,-0.35400390625,0.2197265625,0.5615234375,-0.06103515625,1.06201171875,-0.01220703125,0.4150390625,0.390625,-0.1708984375,0.42724609375,0.72021484375,-0.40283203125,0.93994140625,0.0244140625,0.50048828125,0.52490234375,0.7080078125,-0.48828125,0.9033203125,-0.37841796875,0.09765625,0.341796875,1.025390625,0.1953125,0.1708984375,-0.10986328125,0.18310546875,0.13427734375,0.3173828125,-0.15869140625,0.927734375,-0.13427734375,-0.03662109375,-0.244140625,1.28173828125,-0.1708984375,-1.03759765625,0.03662109375,-0.40283203125,-0.09765625,-1.0009765625,-0.32958984375,-0.8056640625,-0.2197265625,-1.5869140625,-0.0244140625,-0.54931640625,0.30517578125,-0.37841796875,0.18310546875,-1.2451171875,-0.30517578125,-0.7080078125,0.25634765625,-0.6591796875,-0.25634765625,-0.64697265625,-0.03662109375,-0.06103515625,-0.06103515625,-0.91552734375,-0.32958984375,-1.59912109375,-0.341796875,-0.9765625,-0.23193359375,0.23193359375,-0.244140625,0.3662109375,0.15869140625,0.01220703125,-0.06103515625,-0.0244140625,-0.0244140625,0.15869140625,0.03662109375,0.20751953125,-0.08544921875,1.28173828125,-0.0244140625,-0.0244140625,0.09765625,0.1953125
0,-0.30517578125,-0.37841796875,0.10986328125,-0.3662109375,0.0732421875,-0.40283203125,0.146484375,-0.08544921875,0.1953125,-0.03662109375,-0.146484375,-0.91552734375,0.18310546875,1.08642578125,-0.15869140625,-0.15869140625,-0.25634765625,-0.62255859375,0.2197265625,-0.13427734375,0.08544921875,0.89111328125,0.20751953125,-0.62255859375,-0.10986328125,0.732421875,-0.03662109375,0.08544921875,0.18310546875,6.34765625,-0.03662109375,1.30615234375,0.10986328125,7.5927734375,0.03662109375,1.23291015625,-0.390625,1.79443359375,0.08544921875,2.0263671875,-0.20751953125,-0.20751953125,-0.439453125,-0.72021484375,-0.4638671875,-0.390625,0.29296875,0.52490234375,-0.06103515625,1.01318359375,-0.06103515625,0.439453125,0.3662109375,-0.15869140625,0.37841796875,0.7080078125,-0.42724609375,0.8056640625,-0.03662109375,0.390625,0.64697265625,0.634765625,-0.5859375,0.37841796875,-0.390625,0.146484375,0.25634765625,1.025390625,0.1708984375,0.1708984375,-0.1953125,0.20751953125,0.15869140625,0.439453125,-0.1953125,0.91552734375,-0.0732421875,0,-0.29296875,1.2939453125,-0.1220703125,-1.01318359375,0.0244140625,-0.40283203125,-0.1708984375,-1.0009765625,-0.3662109375,-0.78125,-0.2685546875,-1.55029296875,-0.048828125,-0.50048828125,0.28076171875,-0.341796875,0.09765625,-1.18408203125,-0.32958984375,-0.72021484375,0.1953125,-0.6591796875,-0.1708984375,-0.67138671875,-0.0244140625,-0.0732421875,-0.048828125,-1.025390625,-0.30517578125,-1.67236328125,-0.25634765625,-1.20849609375,-0.2197265625,0.15869140625,-0.244140625,0.3662109375,0.13427734375,0.01220703125,-0.06103515625,-0.0244140625,-0.0244140625,0.1708984375,0,0.0732421875,-0.09765625,1.25732421875,-0.03662109375,-0.0244140625,0.048828125,0.146484375
0,-0.29296875,-0.37841796875,0.08544921875,-0.3662109375,0.1220703125,-0.4150390625,0.15869140625,-0.0732421875,0.20751953125,-0.048828125,-0.146484375,-0.9033203125,0.1708984375,1.08642578125,-0.13427734375,-0.146484375,-0.244140625,-0.6103515625,0.25634765625,-0.1220703125,0.10986328125,0.89111328125,0.2197265625,-0.6103515625,-0.0732421875,0.7568359375,-0.01220703125,0.06103515625,0.23193359375,6.3232421875,-0.1220703125,1.30615234375,0.1220703125,7.7392578125,0.0244140625,1.23291015625,-0.37841796875,1.81884765625,0.03662109375,1.98974609375,-0.1708984375,-0.18310546875,-0.42724609375,-0.72021484375,-0.47607421875,-0.40283203125,0.35400390625,0.47607421875,-0.03662109375,1.025390625,-0.08544921875,0.45166015625,0.29296875,-0.15869140625,0.341796875,0.7080078125,-0.40283203125,0.7080078125,-0.10986328125,0.341796875,0.732421875,0.5615234375,-0.62255859375,0.10986328125,-0.28076171875,0.13427734375,0.2197265625,1.025390625,0.1708984375,0.1953125,-0.25634765625,0.2197265625,0.13427734375,0.6103515625,-0.23193359375,0.91552734375,-0.01220703125,-0.048828125,-0.35400390625,1.28173828125,-0.06103515625,-1.025390625,0.0244140625,-0.40283203125,-0.25634765625,-1.0009765625,-0.40283203125,-0.79345703125,-0.30517578125,-1.513671875,-0.03662109375,-0.48828125,0.244140625,-0.3173828125,0.06103515625,-1.15966796875,-0.32958984375,-0.7080078125,0.10986328125,-0.64697265625,-0.09765625,-0.67138671875,0.01220703125,-0.08544921875,0.01220703125,-1.08642578125,-0.25634765625,-1.7578125,-0.10986328125,-1.416015625,-0.2197265625,0.08544921875,-0.28076171875,0.3662109375,0.146484375,-0.01220703125,-0.0732421875,0,-0.01220703125,0.1708984375,0.048828125,0.3173828125,-0.08544921875,1.3427734375,-0.0244140625,0.08544921875,0.09765625,0.28076171875
0,-0.28076171875,-0.37841796875,0.10986328125,-0.35400390625,0.10986328125,-0.42724609375,0.1708984375,-0.08544921875,0.23193359375,-0.08544921875,-0.146484375,-0.9033203125,0.15869140625,1.07421875,-0.13427734375,-0.15869140625,-0.23193359375,-0.6103515625,0.28076171875,-0.10986328125,0.10986328125,0.87890625,0.2197265625,-0.6103515625,0.048828125,0.732421875,-0.01220703125,0,0.2197265625,6.1279296875,-0.13427734375,1.2451171875,0,7.6416015625,-0.0244140625,1.171875,-0.3662109375,1.77001953125,-0.03662109375,1.904296875,-0.146484375,-0.1708984375,-0.32958984375,-0.72021484375,-0.47607421875,-0.40283203125,0.341796875,0.48828125,0.06103515625,1.0986328125,-0.13427734375,0.439453125,0.244140625,-0.15869140625,0.29296875,0.69580078125,-0.37841796875,0.69580078125,-0.18310546875,0.29296875,0.7568359375,0.5126953125,-0.6591796875,0.15869140625,-0.244140625,0.13427734375,0.1220703125,1.0498046875,0.1708984375,0.20751953125,-0.28076171875,0.2197265625,0.1220703125,0.732421875,-0.29296875,0.927734375,0.03662109375,-0.03662109375,-0.341796875,1.2939453125,-0.03662109375,-1.03759765625,0.01220703125,-0.4150390625,-0.29296875,-1.025390625,-0.390625,-0.78125,-0.29296875,-1.4892578125,-0.08544921875,-0.45166015625,0.146484375,-0.32958984375,0.0244140625,-1.1474609375,-0.30517578125,-0.72021484375,0.03662109375,-0.64697265625,-0.0244140625,-0.67138671875,0.048828125,-0.09765625,0,-1.15966796875,-0.20751953125,-1.84326171875,-0.048828125,-1.57470703125,-0.244140625,0.01220703125,-0.30517578125,0.35400390625,0.13427734375,0,-0.06103515625,0.01220703125,-0.0244140625,0.1708984375,-0.03662109375,0.927734375,-0.0732421875,1.5869140625,-0.048828125,0.35400390625,0.10986328125,0.6103515625
0,-0.25634765625,-0.37841796875,0.09765625,-0.3662109375,0.1220703125,-0.45166015625,0.1708984375,-0.0732421875,0.244140625,-0.08544921875,-0.146484375,-0.9033203125,0.15869140625,1.07421875,-0.15869140625,-0.15869140625,-0.1953125,-0.5859375,0.2685546875,-0.1220703125,0.06103515625,0.87890625,0.15869140625,-0.6103515625,0.13427734375,0.67138671875,-0.0244140625,-0.09765625,0.09765625,5.74951171875,-0.10986328125,1.123046875,-0.15869140625,7.3486328125,-0.09765625,1.08642578125,-0.35400390625,1.69677734375,-0.08544921875,1.7822265625,-0.1953125,-0.1220703125,-0.25634765625,-0.732421875,-0.40283203125,-0.42724609375,0.341796875,0.50048828125,0.10986328125,1.18408203125,-0.1708984375,0.45166015625,0.1220703125,-0.146484375,0.2685546875,0.68359375,-0.341796875,0.74462890625,-0.23193359375,0.35400390625,0.84228515625,0.48828125,-0.78125,0.5859375,-0.10986328125,0.1220703125,0.0732421875,1.03759765625,0.1220703125,0.20751953125,-0.32958984375,0.244140625,0.09765625,0.84228515625,-0.29296875,0.87890625,0.048828125,-0.06103515625,-0.30517578125,1.30615234375,-0.0244140625,-1.0498046875,-0.01220703125,-0.40283203125,-0.30517578125,-1.025390625,-0.35400390625,-0.8056640625,-0.30517578125,-1.47705078125,-0.146484375,-0.439453125,0.03662109375,-0.35400390625,-0.03662109375,-1.171875,-0.244140625,-0.7080078125,-0.03662109375,-0.6591796875,0.048828125,-0.6591796875,0.08544921875,-0.10986328125,0,-1.1962890625,-0.13427734375,-1.9287109375,0.048828125,-1.67236328125,-0.25634765625,0,-0.3173828125,0.35400390625,0.1220703125,0,-0.06103515625,0.0244140625,-0.048828125,0.18310546875,-0.0244140625,1.904296875,-0.10986328125,1.94091796875,-0.03662109375,0.74462890625,0.10986328125,1.1474609375
0,-0.244140625,-0.390625,0.1220703125,-0.37841796875,0.10986328125,-0.4638671875,0.1708984375,-0.0732421875,0.2685546875,-0.0732421875,-0.1220703125,-0.89111328125,0.1708984375,1.08642578125,-0.18310546875,-0.15869140625,-0.18310546875,-0.57373046875,0.2197265625,-0.1220703125,0.048828125,0.87890625,0.08544921875,-0.62255859375,0.2197265625,0.54931640625,-0.0244140625,-0.244140625,0,5.26123046875,0.01220703125,1.0009765625,-0.20751953125,6.92138671875,-0.1220703125,0.9765625,-0.341796875,1.59912109375,-0.08544921875,1.62353515625,-0.23193359375,-0.06103515625,-0.1708984375,-0.732421875,-0.341796875,-0.42724609375,0.30517578125,0.5615234375,0.1708984375,1.26953125,-0.20751953125,0.42724609375,-0.01220703125,-0.18310546875,0.23193359375,0.6591796875,-0.30517578125,0.87890625,-0.25634765625,0.4638671875,0.830078125,0.52490234375,-0.7568359375,1.35498046875,-0.08544921875,0.10986328125,-0.03662109375,1.06201171875,0.08544921875,0.23193359375,-0.3662109375,0.25634765625,0.03662109375,0.91552734375,-0.30517578125,0.86669921875,-0.01220703125,-0.06103515625,-0.244140625,1.2939453125,-0.06103515625,-1.07421875,-0.01220703125,-0.40283203125,-0.341796875,-1.03759765625,-0.341796875,-0.79345703125,-0.2685546875,-1.47705078125,-0.18310546875,-0.50048828125,-0.03662109375,-0.4150390625,-0.0244140625,-1.220703125,-0.1708984375,-0.69580078125,-0.1220703125,-0.6591796875,0.146484375,-0.59814453125,0.09765625,-0.1220703125,0.01220703125,-1.1962890625,-0.03662109375,-1.953125,0.06103515625,-1.74560546875,-0.25634765625,-0.06103515625,-0.32958984375,0.341796875,0.08544921875,0,-0.0732421875,0,-0.06103515625,0.18310546875,-0.01220703125,3.16162109375,-0.08544921875,2.392578125,0,1.1962890625,0.15869140625,1.85546875
0,-0.23193359375,-0.390625,0.1220703125,-0.37841796875,0.10986328125,-0.48828125,0.18310546875,-0.06103515625,0.29296875,-0.08544921875,-0.1220703125,-0.9033203125,0.1708984375,1.07421875,-0.20751953125,-0.1708984375,-0.1708984375,-0.54931640625,0.1953125,-0.1220703125,-0.0244140625,0.86669921875,0.0244140625,-0.634765625,0.2685546875,0.4150390625,-0.048828125,-0.37841796875,-0.06103515625,4.74853515625,0.10986328125,0.84228515625,-0.25634765625,6.396484375,-0.1220703125,0.86669921875,-0.341796875,1.47705078125,-0.15869140625,1.45263671875,-0.30517578125,-0.01220703125,-0.048828125,-0.7568359375,-0.28076171875,-0.42724609375,0.23193359375,0.57373046875,0.146484375,1.3427734375,-0.1708984375,0.4150390625,-0.048828125,-0.18310546875,0.15869140625,0.6591796875,-0.25634765625,1.11083984375,-0.25634765625,0.62255859375,0.8544921875,0.634765625,-0.67138671875,2.44140625,-0.03662109375,0.08544921875,-0.09765625,1.03759765625,0.03662109375,0.2197265625,-0.32958984375,0.2685546875,-0.03662109375,0.98876953125,-0.29296875,0.86669921875,-0.0244140625,-0.0732421875,-0.1953125,1.28173828125,-0.06103515625,-1.07421875,0,-0.390625,-0.35400390625,-1.06201171875,-0.341796875,-0.79345703125,-0.2685546875,-1.513671875,-0.25634765625,-0.54931640625,-0.09765625,-0.48828125,-0.03662109375,-1.26953125,-0.06103515625,-0.69580078125,-0.1708984375,-0.64697265625,0.15869140625,-0.57373046875,0.09765625,-0.09765625,-0.03662109375,-1.18408203125,0.0732421875,-1.9775390625,0.048828125,-1.7333984375,-0.25634765625,-0.0244140625,-0.341796875,0.3173828125,0.048828125,0.01220703125,-0.0732421875,-0.03662109375,-0.0732421875,0.1953125,-0.0244140625,4.65087890625,-0.146484375,2.94189453125,-0.0244140625,1.7333984375,0.1220703125,2.63671875
0,-0.2197265625,-0.390625,0.1708984375,-0.390625,0.09765625,-0.47607421875,0.18310546875,-0.09765625,0.3173828125,-0.0732421875,-0.13427734375,-0.91552734375,0.15869140625,1.06201171875,-0.2197265625,-0.18310546875,-0.15869140625,-0.5615234375,0.146484375,-0.13427734375,-0.13427734375,0.87890625,0,-0.64697265625,0.28076171875,0.29296875,-0.0244140625,-0.50048828125,-0.13427734375,4.28466796875,0.244140625,0.732421875,-0.20751953125,5.859375,-0.15869140625,0.74462890625,-0.3173828125,1.33056640625,-0.244140625,1.33056640625,-0.4150390625,0.01220703125,0,-0.732421875,-0.28076171875,-0.40283203125,0.1708984375,0.6103515625,0.13427734375,1.3916015625,-0.10986328125,0.4150390625,-0.1953125,-0.1953125,0.10986328125,0.67138671875,-0.2685546875,1.40380859375,-0.244140625,0.86669921875,0.8544921875,0.79345703125,-0.67138671875,3.7109375,-0.01220703125,0.06103515625,-0.1708984375,1.0498046875,-0.048828125,0.23193359375,-0.32958984375,0.2685546875,-0.09765625,1.0498046875,-0.30517578125,0.8544921875,-0.06103515625,-0.0732421875,-0.08544921875,1.28173828125,-0.03662109375,-1.07421875,-0.048828125,-0.40283203125,-0.341796875,-1.07421875,-0.3173828125,-0.79345703125,-0.28076171875,-1.55029296875,-0.29296875,-0.5615234375,-0.08544921875,-0.537109375,-0.01220703125,-1.33056640625,0.01220703125,-0.67138671875,-0.20751953125,-0.6591796875,0.15869140625,-0.54931640625,0.0732421875,-0.09765625,-0.06103515625,-1.1474609375,0.13427734375,-1.98974609375,-0.01220703125,-1.67236328125,-0.28076171875,-0.01220703125,-0.341796875,0.32958984375,0.03662109375,0,-0.08544921875,-0.048828125,-0.0732421875,0.1708984375,0.06103515625,6.18896484375,-0.146484375,3.4912109375,-0.01220703125,2.30712890625,0.13427734375,3.47900390625
0,-0.2197265625,-0.4150390625,0.15869140625,-0.4150390625,0.1220703125,-0.47607421875,0.18310546875,-0.09765625,0.2685546875,-0.06103515625,-0.1220703125,-0.91552734375,0.13427734375,1.08642578125,-0.2197265625,-0.18310546875,-0.1953125,-0.5615234375,0.1220703125,-0.1220703125,-0.2197265625,0.8544921875,0,-0.634765625,0.2685546875,0.15869140625,-0.0244140625,-0.5859375,-0.0732421875,3.9306640625,0.25634765625,0.634765625,-0.13427734375,5.38330078125,-0.1220703125,0.6591796875,-0.28076171875,1.220703125,-0.28076171875,1.20849609375,-0.42724609375,0.03662109375,0,-0.72021484375,-0.30517578125,-0.390625,0.15869140625,0.634765625,0.13427734375,1.3916015625,0.01220703125,0.390625,-0.29296875,-0.20751953125,0.01220703125,0.68359375,-0.28076171875,1.708984375,-0.18310546875,1.123046875,0.89111328125,1.0009765625,-0.59814453125,5.078125,0.06103515625,0.06103515625,-0.18310546875,1.025390625,-0.08544921875,0.2197265625,-0.30517578125,0.23193359375,-0.13427734375,1.08642578125,-0.30517578125,0.86669921875,-0.09765625,-0.06103515625,0.03662109375,1.28173828125,-0.0244140625,-1.03759765625,-0.0732421875,-0.390625,-0.3173828125,-1.07421875,-0.30517578125,-0.79345703125,-0.244140625,-1.59912109375,-0.32958984375,-0.6103515625,-0.01220703125,-0.59814453125,0.01220703125,-1.37939453125,0.03662109375,-0.64697265625,-0.18310546875,-0.64697265625,0.146484375,-0.537109375,0.08544921875,-0.09765625,-0.10986328125,-1.11083984375,0.146484375,-1.9775390625,-0.08544921875,-1.55029296875,-0.2685546875,0.01220703125,-0.32958984375,0.30517578125,0.01220703125,-0.0244140625,-0.06103515625,-0.08544921875,-0.09765625,0.1708984375,0.01220703125,7.6171875,-0.1220703125,4.0283203125,-0.01220703125,2.83203125,0.18310546875,4.28466796875
1,-0.2197265625,-0.42724609375,0.1953125,-0.40283203125,0.13427734375,-0.48828125,0.18310546875,-0.10986328125,0.28076171875,-0.048828125,-0.13427734375,-0.9033203125,0.13427734375,1.06201171875,-0.20751953125,-0.18310546875,-0.2197265625,-0.57373046875,0.146484375,-0.13427734375,-0.341796875,0.8544921875,0.0244140625,-0.634765625,0.20751953125,0.09765625,-0.01220703125,-0.634765625,-0.0732421875,3.69873046875,0.20751953125,0.57373046875,-0.15869140625,5.0048828125,-0.08544921875,0.5615234375,-0.244140625,1.08642578125,-0.2685546875,1.13525390625,-0.40283203125,0.03662109375,0.03662109375,-0.732421875,-0.30517578125,-0.37841796875,0.18310546875,0.64697265625,0.0732421875,1.3427734375,0,0.40283203125,-0.3662109375,-0.23193359375,-0.09765625,0.7080078125,-0.29296875,2.05078125,-0.1220703125,1.37939453125,0.91552734375,1.2451171875,-0.6103515625,6.40869140625,0.08544921875,0.06103515625,-0.2197265625,1.01318359375,-0.1220703125,0.2197265625,-0.32958984375,0.2197265625,-0.1708984375,1.11083984375,-0.29296875,0.89111328125,-0.09765625,-0.048828125,0.13427734375,1.28173828125,0.01220703125,-1.01318359375,-0.09765625,-0.37841796875,-0.28076171875,-1.07421875,-0.28076171875,-0.8056640625,-0.23193359375,-1.6357421875,-0.32958984375,-0.634765625,-0.01220703125,-0.64697265625,0.01220703125,-1.40380859375,0.03662109375,-0.6591796875,-0.13427734375,-0.64697265625,0.06103515625,-0.5615234375,0.0732421875,-0.06103515625,-0.20751953125,-1.0498046875,0.1220703125,-1.953125,-0.15869140625,-1.4404296875,-0.25634765625,0.0732421875,-0.32958984375,0.30517578125,-0.0244140625,0,-0.0732421875,-0.09765625,-0.09765625,0.15869140625,-0.10986328125,8.8623046875,-0.13427734375,4.47998046875,-0.03662109375,3.25927734375,0.1708984375,4.98046875
1,-0.23193359375,-0.42724609375,0.1953125,-0.4150390625,0.15869140625,-0.45166015625,0.15869140625,-0.10986328125,0.244140625,-0.0244140625,-0.13427734375,-0.89111328125,0.10986328125,1.08642578125,-0.2197265625,-0.18310546875,-0.28076171875,-0.59814453125,0.15869140625,-0.13427734375,-0.42724609375,0.84228515625,0.0732421875,-0.64697265625,0.10986328125,0.0732421875,-0.03662109375,-0.634765625,-0.1220703125,3.64990234375,0.15869140625,0.5859375,-0.13427734375,4.7119140625,-0.06103515625,0.47607421875,-0.18310546875,0.98876953125,-0.244140625,1.08642578125,-0.35400390625,0,0,-0.7080078125,-0.3173828125,-0.3662109375,0.23193359375,0.634765625,0.10986328125,1.28173828125,0.03662109375,0.4150390625,-0.4150390625,-0.244140625,-0.15869140625,0.72021484375,-0.35400390625,2.34375,-0.1220703125,1.5869140625,0.9521484375,1.47705078125,-0.5615234375,7.6171875,0.18310546875,0.0732421875,-0.25634765625,1.01318359375,-0.10986328125,0.1953125,-0.32958984375,0.18310546875,-0.1708984375,1.123046875,-0.2685546875,0.91552734375,-0.0732421875,-0.03662109375,0.2197265625,1.26953125,0,-1.0009765625,-0.1220703125,-0.37841796875,-0.18310546875,-1.06201171875,-0.25634765625,-0.8056640625,-0.18310546875,-1.6845703125,-0.29296875,-0.6591796875,0.1220703125,-0.67138671875,0.0244140625,-1.416015625,0.048828125,-0.68359375,-0.10986328125,-0.634765625,0,-0.57373046875,0.06103515625,-0.048828125,-0.244140625,-1.01318359375,0.048828125,-1.904296875,-0.244140625,-1.30615234375,-0.2685546875,0.09765625,-0.3173828125,0.3173828125,-0.06103515625,0.01220703125,-0.06103515625,-0.08544921875,-0.1220703125,0.1708984375,-0.15869140625,9.7900390625,-0.15869140625,4.833984375,-0.0732421875,3.60107421875,0.15869140625,5.45654296875
1,-0.23193359375,-0.439453125,0.1953125,-0.390625,0.1708984375,-0.439453125,0.146484375,-0.09765625,0.25634765625,0,-0.13427734375,-0.9033203125,0.10986328125,1.06201171875,-0.20751953125,-0.1708984375,-0.341796875,-0.5859375,0.1708984375,-0.1220703125,-0.4150390625,0.86669921875,0.13427734375,-0.62255859375,-0.0244140625,0.10986328125,-0.08544921875,-0.59814453125,-0.18310546875,3.74755859375,0.01220703125,0.59814453125,-0.146484375,4.4921875,0,0.40283203125,-0.146484375,0.89111328125,-0.20751953125,1.025390625,-0.23193359375,-0.08544921875,0.01220703125,-0.72021484375,-0.35400390625,-0.3662109375,0.28076171875,0.6103515625,0.146484375,1.220703125,0.08544921875,0.439453125,-0.45166015625,-0.244140625,-0.244140625,0.732421875,-0.32958984375,2.62451171875,-0.048828125,1.7822265625,0.927734375,1.67236328125,-0.52490234375,8.55712890625,0.23193359375,0.10986328125,-0.28076171875,0.96435546875,-0.048828125,0.18310546875,-0.341796875,0.1708984375,-0.15869140625,1.11083984375,-0.1953125,0.9521484375,-0.048828125,-0.0244140625,0.25634765625,1.28173828125,-0.01220703125,-0.96435546875,-0.1220703125,-0.390625,-0.0732421875,-1.06201171875,-0.1953125,-0.81787109375,-0.15869140625,-1.708984375,-0.30517578125,-0.64697265625,0.146484375,-0.67138671875,0,-1.42822265625,0.01220703125,-0.7080078125,-0.09765625,-0.6591796875,-0.0732421875,-0.59814453125,0.0244140625,-0.048828125,-0.244140625,-0.9765625,-0.048828125,-1.84326171875,-0.25634765625,-1.1962890625,-0.2685546875,0.13427734375,-0.35400390625,0.32958984375,-0.048828125,0.01220703125,-0.06103515625,-0.08544921875,-0.08544921875,0.15869140625,-0.1953125,10.33935546875,-0.18310546875,5.01708984375,-0.0732421875,3.77197265625,0.15869140625,5.77392578125
1,-0.2197265625,-0.439453125,0.1953125,-0.390625,0.1708984375,-0.42724609375,0.15869140625,-0.0732421875,0.2685546875,-0.0244140625,-0.13427734375,-0.9033203125,0.1220703125,1.0498046875,-0.23193359375,-0.1708984375,-0.42724609375,-0.59814453125,0.20751953125,-0.10986328125,-0.37841796875,0.8544921875,0.13427734375,-0.634765625,-0.13427734375,0.146484375,-0.15869140625,-0.52490234375,-0.2685546875,3.94287109375,-0.048828125,0.64697265625,-0.18310546875,4.33349609375,0.01220703125,0.35400390625,-0.13427734375,0.79345703125,-0.1953125,0.96435546875,-0.08544921875,-0.15869140625,0,-0.7080078125,-0.35400390625,-0.3662109375,0.2685546875,0.537109375,0.15869140625,1.15966796875,0.1953125,0.42724609375,-0.48828125,-0.244140625,-0.29296875,0.72021484375,-0.30517578125,2.8076171875,-0.0244140625,1.8798828125,0.93994140625,1.8310546875,-0.439453125,9.228515625,0.1708984375,0.20751953125,-0.29296875,0.96435546875,0,0.18310546875,-0.40283203125,0.15869140625,-0.1708984375,1.0986328125,-0.146484375,0.93994140625,-0.01220703125,0.01220703125,0.23193359375,1.26953125,0.03662109375,-0.9521484375,-0.1220703125,-0.390625,0.0244140625,-1.03759765625,-0.1708984375,-0.81787109375,-0.1708984375,-1.708984375,-0.29296875,-0.64697265625,0.146484375,-0.64697265625,0.01220703125,-1.416015625,-0.06103515625,-0.69580078125,-0.0244140625,-0.68359375,-0.1220703125,-0.6591796875,-0.03662109375,-0.048828125,-0.1953125,-0.96435546875,-0.1708984375,-1.79443359375,-0.2197265625,-1.15966796875,-0.3173828125,0.15869140625,-0.3662109375,0.32958984375,-0.09765625,0.01220703125,-0.0732421875,-0.03662109375,-0.09765625,0.1708984375,-0.20751953125,10.44921875,-0.20751953125,5.04150390625,-0.0732421875,3.80859375,0.10986328125,5.810546875
1,-0.2197265625,-0.4150390625,0.2197265625,-0.35400390625,0.146484375,-0.4150390625,0.15869140625,-0.0732421875,0.2685546875,-0.0244140625,-0.15869140625,-0.89111328125,0.09765625,1.07421875,-0.23193359375,-0.146484375,-0.48828125,-0.6103515625,0.20751953125,-0.10986328125,-0.30517578125,0.86669921875,0.146484375,-0.62255859375,-0.23193359375,0.20751953125,-0.1953125,-0.45166015625,-0.32958984375,4.16259765625,-0.10986328125,0.72021484375,-0.2197265625,4.19921875,0.0244140625,0.29296875,-0.1220703125,0.74462890625,-0.15869140625,0.87890625,0.01220703125,-0.23193359375,-0.0244140625,-0.7080078125,-0.32958984375,-0.3662109375,0.25634765625,0.537109375,0.23193359375,1.08642578125,0.20751953125,0.45166015625,-0.57373046875,-0.23193359375,-0.30517578125,0.732421875,-0.2685546875,2.91748046875,0.0244140625,1.9287109375,0.927734375,1.904296875,-0.48828125,9.521484375,0.1220703125,0.40283203125,-0.341796875,0.9765625,0.048828125,0.20751953125,-0.47607421875,0.146484375,-0.146484375,1.06201171875,-0.06103515625,0.9521484375,0.03662109375,0.01220703125,0.1708984375,1.26953125,0.01220703125,-0.96435546875,-0.0732421875,-0.390625,0.0732421875,-1.03759765625,-0.13427734375,-0.830078125,-0.13427734375,-1.6845703125,-0.25634765625,-0.6103515625,0.1953125,-0.57373046875,0.03662109375,-1.40380859375,-0.09765625,-0.7080078125,-0.01220703125,-0.67138671875,-0.10986328125,-0.67138671875,-0.08544921875,-0.03662109375,-0.10986328125,-0.9765625,-0.244140625,-1.7822265625,-0.25634765625,-1.15966796875,-0.30517578125,0.1708984375,-0.3662109375,0.35400390625,-0.08544921875,0,-0.0732421875,-0.01220703125,-0.09765625,0.1708984375,-0.244140625,10.205078125,-0.1953125,4.8828125,-0.0732421875,3.6865234375,0.08544921875,5.65185546875
1,-0.1953125,-0.40283203125,0.2197265625,-0.35400390625,0.13427734375,-0.4150390625,0.18310546875,-0.06103515625,0.25634765625,-0.048828125,-0.18310546875,-0.89111328125,0.048828125,1.08642578125,-0.2197265625,-0.146484375,-0.47607421875,-0.5859375,0.18310546875,-0.10986328125,-0.1708984375,0.86669921875,0.06103515625,-0.62255859375,-0.29296875,0.244140625,-0.2197265625,-0.37841796875,-0.35400390625,4.3212890625,-0.15869140625,0.7568359375,-0.29296875,3.9794921875,0,0.23193359375,-0.146484375,0.6591796875,-0.1220703125,0.78125,0.10986328125,-0.30517578125,-0.0244140625,-0.7080078125,-0.23193359375,-0.40283203125,0.341796875,0.52490234375,0.25634765625,1.08642578125,0.15869140625,0.439453125,-0.59814453125,-0.20751953125,-0.35400390625,0.7080078125,-0.15869140625,2.94189453125,0.0244140625,1.91650390625,1.0009765625,1.89208984375,-0.47607421875,9.521484375,-0.01220703125,0.7080078125,-0.35400390625,1.0498046875,0.08544921875,0.244140625,-0.50048828125,0.1953125,-0.18310546875,1.025390625,0.048828125,0.93994140625,0.0732421875,0.01220703125,0.15869140625,1.26953125,0,-0.9765625,-0.01220703125,-0.390625,0.08544921875,-1.0498046875,-0.146484375,-0.84228515625,-0.146484375,-1.67236328125,-0.29296875,-0.59814453125,0.10986328125,-0.537109375,-0.01220703125,-1.416015625,-0.15869140625,-0.72021484375,0.06103515625,-0.68359375,-0.13427734375,-0.68359375,-0.15869140625,-0.048828125,-0.0244140625,-1.01318359375,-0.244140625,-1.7822265625,-0.2197265625,-1.20849609375,-0.30517578125,0.146484375,-0.3662109375,0.35400390625,-0.13427734375,0.01220703125,-0.08544921875,0.03662109375,-0.09765625,0.1708984375,-0.2685546875,9.6435546875,-0.20751953125,4.6142578125,-0.048828125,3.4423828125,0.0732421875,5.31005859375
1,-0.18310546875,-0.40283203125,0.2197265625,-0.37841796875,0.1220703125,-0.42724609375,0.20751953125,-0.06103515625,0.25634765625,-0.06103515625,-0.18310546875,-0.89111328125,0.048828125,1.06201171875,-0.18310546875,-0.1708984375,-0.4638671875,-0.59814453125,0.15869140625,-0.1220703125,-0.0732421875,0.87890625,0.0244140625,-0.62255859375,-0.30517578125,0.2685546875,-0.244140625,-0.35400390625,-0.37841796875,4.3701171875,-0.13427734375,0.74462890625,-0.13427734375,3.67431640625,-0.03662109375,0.13427734375,-0.13427734375,0.57373046875,-0.0732421875,0.64697265625,0.13427734375,-0.3662109375,0.0244140625,-0.7080078125,-0.1220703125,-0.40283203125,0.30517578125,0.50048828125,0.341796875,1.08642578125,0.13427734375,0.439453125,-0.6103515625,-0.1953125,-0.4150390625,0.68359375,-0.13427734375,2.91748046875,0.0244140625,1.8310546875,1.025390625,1.806640625,-0.47607421875,9.2041015625,-0.08544921875,1.0986328125,-0.390625,1.07421875,0.06103515625,0.29296875,-0.54931640625,0.25634765625,-0.2197265625,0.9521484375,0.08544921875,0.9033203125,0.06103515625,0.01220703125,0.1220703125,1.26953125,-0.0244140625,-1.01318359375,0.0244140625,-0.390625,0.09765625,-1.0498046875,-0.1708984375,-0.8544921875,-0.10986328125,-1.66015625,-0.28076171875,-0.5859375,0.01220703125,-0.50048828125,0.01220703125,-1.416015625,-0.244140625,-0.7080078125,0.13427734375,-0.68359375,-0.0732421875,-0.6591796875,-0.23193359375,-0.06103515625,0.0244140625,-1.03759765625,-0.25634765625,-1.7822265625,-0.18310546875,-1.2939453125,-0.2685546875,0.10986328125,-0.35400390625,0.3662109375,-0.13427734375,0,-0.06103515625,0.048828125,-0.09765625,0.1708984375,-0.28076171875,8.8134765625,-0.2197265625,4.26025390625,-0.048828125,3.08837890625,0.08544921875,4.79736328125
1,-0.1708984375,-0.390625,0.1953125,-0.37841796875,0.08544921875,-0.42724609375,0.2197265625,-0.0732421875,0.2685546875,-0.0732421875,-0.15869140625,-0.9033203125,-0.01220703125,1.08642578125,-0.2197265625,-0.18310546875,-0.390625,-0.57373046875,0.08544921875,-0.09765625,-0.0244140625,0.87890625,0,-0.62255859375,-0.35400390625,0.23193359375,-0.23193359375,-0.40283203125,-0.42724609375,4.19921875,-0.1220703125,0.69580078125,-0.20751953125,3.23486328125,-0.048828125,0.03662109375,-0.13427734375,0.47607421875,0,0.47607421875,0.09765625,-0.35400390625,0.1220703125,-0.7080078125,-0.03662109375,-0.390625,0.35400390625,0.537109375,0.4150390625,1.15966796875,0.06103515625,0.439453125,-0.5859375,-0.1708984375,-0.4150390625,0.68359375,-0.08544921875,2.783203125,-0.01220703125,1.708984375,0.96435546875,1.64794921875,-0.40283203125,8.60595703125,-0.01220703125,1.6357421875,-0.32958984375,1.1474609375,0.08544921875,0.3662109375,-0.54931640625,0.341796875,-0.244140625,0.86669921875,0.1953125,0.89111328125,0.0244140625,-0.01220703125,0.10986328125,1.25732421875,-0.06103515625,-1.0498046875,0.08544921875,-0.390625,0.06103515625,-1.0498046875,-0.23193359375,-0.8544921875,-0.08544921875,-1.62353515625,-0.25634765625,-0.5859375,-0.13427734375,-0.48828125,-0.01220703125,-1.42822265625,-0.3173828125,-0.7080078125,0.1953125,-0.68359375,0,-0.634765625,-0.2685546875,-0.048828125,0.048828125,-1.06201171875,-0.244140625,-1.79443359375,-0.15869140625,-1.3671875,-0.2685546875,0.10986328125,-0.341796875,0.35400390625,-0.13427734375,-0.01220703125,-0.08544921875,0.048828125,-0.10986328125,0.1708984375,-0.29296875,7.8369140625,-0.2197265625,3.82080078125,-0.03662109375,2.6611328125,0.0732421875,4.21142578125
1,-0.146484375,-0.390625,0.1708984375,-0.37841796875,0.09765625,-0.42724609375,0.20751953125,-0.08544921875,0.28076171875,-0.08544921875,-0.13427734375,-0.89111328125,-0.03662109375,1.0986328125,-0.2197265625,-0.18310546875,-0.29296875,-0.5859375,0.03662109375,-0.10986328125,0.0244140625,0.89111328125,-0.0244140625,-0.62255859375,-0.32958984375,0.13427734375,-0.244140625,-0.50048828125,-0.32958984375,3.79638671875,-0.09765625,0.5859375,-0.146484375,2.64892578125,-0.09765625,-0.1220703125,-0.146484375,0.3662109375,0,0.244140625,0,-0.35400390625,0.1220703125,-0.72021484375,0.048828125,-0.37841796875,0.4150390625,0.5859375,0.42724609375,1.2451171875,0.06103515625,0.4150390625,-0.5615234375,-0.15869140625,-0.42724609375,0.67138671875,-0.048828125,2.60009765625,-0.01220703125,1.513671875,0.84228515625,1.47705078125,-0.390625,7.80029296875,-0.10986328125,2.28271484375,-0.28076171875,1.25732421875,0.06103515625,0.4638671875,-0.48828125,0.4638671875,-0.244140625,0.76904296875,0.23193359375,0.9033203125,0.01220703125,-0.0244140625,0.10986328125,1.26953125,-0.09765625,-1.0498046875,0.1220703125,-0.3662109375,0.01220703125,-1.06201171875,-0.30517578125,-0.830078125,-0.0732421875,-1.611328125,-0.23193359375,-0.5859375,-0.244140625,-0.47607421875,-0.01220703125,-1.416015625,-0.3662109375,-0.69580078125,0.23193359375,-0.67138671875,0.048828125,-0.59814453125,-0.3173828125,-0.08544921875,0.06103515625,-1.08642578125,-0.1708984375,-1.8310546875,-0.0244140625,-1.45263671875,-0.28076171875,0.08544921875,-0.32958984375,0.3662109375,-0.13427734375,-0.01220703125,-0.06103515625,0.03662109375,-0.09765625,0.146484375,-0.28076171875,6.82373046875,-0.2197265625,3.40576171875,-0.03662109375,2.20947265625,0.09765625,3.60107421875
1,-0.13427734375,-0.390625,0.1953125,-0.37841796875,0.08544921875,-0.45166015625,0.18310546875,-0.08544921875,0.28076171875,-0.08544921875,-0.146484375,-0.9033203125,-0.048828125,1.08642578125,-0.20751953125,-0.1708984375,-0.23193359375,-0.5859375,-0.0244140625,-0.10986328125,0.03662109375,0.87890625,-0.03662109375,-0.62255859375,-0.29296875,0,-0.1708984375,-0.64697265625,-0.28076171875,3.22265625,-0.1220703125,0.42724609375,-0.0732421875,1.953125,-0.0732421875,-0.29296875,-0.1220703125,0.20751953125,-0.01220703125,0.03662109375,-0.0732421875,-0.30517578125,0.1708984375,-0.72021484375,0.03662109375,-0.390625,0.390625,0.62255859375,0.439453125,1.33056640625,0.03662109375,0.40283203125,-0.48828125,-0.18310546875,-0.341796875,0.67138671875,0,2.35595703125,-0.06103515625,1.33056640625,0.830078125,1.25732421875,-0.4150390625,6.84814453125,-0.10986328125,3.076171875,-0.2197265625,1.37939453125,0.0244140625,0.54931640625,-0.439453125,0.57373046875,-0.2197265625,0.68359375,0.28076171875,0.86669921875,-0.0732421875,-0.01220703125,0.08544921875,1.25732421875,-0.13427734375,-1.07421875,0.15869140625,-0.37841796875,-0.048828125,-1.07421875,-0.32958984375,-0.84228515625,-0.0732421875,-1.59912109375,-0.18310546875,-0.5859375,-0.29296875,-0.4638671875,0.0244140625,-1.416015625,-0.3662109375,-0.68359375,0.2197265625,-0.69580078125,0.0732421875,-0.5615234375,-0.29296875,-0.0732421875,0.03662109375,-1.08642578125,-0.1220703125,-1.84326171875,0.048828125,-1.52587890625,-0.2685546875,0.06103515625,-0.3173828125,0.32958984375,-0.15869140625,0,-0.06103515625,0.01220703125,-0.08544921875,0.15869140625,-0.29296875,5.7861328125,-0.1953125,2.978515625,-0.01220703125,1.7333984375,0.1220703125,3.0029296875
1,-0.10986328125,-0.390625,0.18310546875,-0.390625,0.06103515625,-0.45166015625,0.1708984375,-0.09765625,0.2685546875,-0.08544921875,-0.146484375,-0.91552734375,-0.09765625,1.08642578125,-0.1953125,-0.18310546875,-0.15869140625,-0.57373046875,-0.1220703125,-0.13427734375,0,0.89111328125,-0.0244140625,-0.62255859375,-0.23193359375,-0.1708984375,-0.13427734375,-0.84228515625,-0.1708984375,2.47802734375,-0.13427734375,0.244140625,-0.048828125,1.220703125,-0.0732421875,-0.47607421875,-0.09765625,0.03662109375,-0.06103515625,-0.1953125,-0.08544921875,-0.244140625,0.15869140625,-0.7080078125,0.01220703125,-0.390625,0.45166015625,0.6591796875,0.37841796875,1.3916015625,-0.06103515625,0.4150390625,-0.45166015625,-0.1953125,-0.29296875,0.6591796875,0.01220703125,2.08740234375,-0.10986328125,1.13525390625,0.86669921875,1.0498046875,-0.390625,5.810546875,-0.03662109375,4.00390625,-0.1220703125,1.4892578125,0.01220703125,0.7080078125,-0.3662109375,0.74462890625,-0.146484375,0.6103515625,0.35400390625,0.87890625,-0.146484375,-0.03662109375,0.03662109375,1.25732421875,-0.09765625,-1.0498046875,0.146484375,-0.3662109375,-0.13427734375,-1.07421875,-0.37841796875,-0.84228515625,-0.08544921875,-1.5869140625,-0.10986328125,-0.57373046875,-0.3173828125,-0.4638671875,0.06103515625,-1.42822265625,-0.30517578125,-0.64697265625,0.146484375,-0.69580078125,0.08544921875,-0.5615234375,-0.23193359375,-0.08544921875,0,-1.08642578125,-0.0732421875,-1.8310546875,0.09765625,-1.5380859375,-0.28076171875,0.08544921875,-0.29296875,0.341796875,-0.18310546875,0,-0.0732421875,-0.01220703125,-0.09765625,0.15869140625,-0.28076171875,4.78515625,-0.244140625,2.5634765625,0,1.30615234375,0.1220703125,2.4169921875
1,-0.1220703125,-0.390625,0.1708984375,-0.37841796875,0.0244140625,-0.47607421875,0.15869140625,-0.0732421875,0.2685546875,-0.06103515625,-0.1708984375,-0.89111328125,-0.09765625,1.07421875,-0.1708984375,-0.1708984375,-0.13427734375,-0.5859375,-0.15869140625,-0.1220703125,-0.048828125,0.89111328125,-0.01220703125,-0.634765625,-0.13427734375,-0.3662109375,-0.03662109375,-1.03759765625,-0.146484375,1.6845703125,-0.13427734375,0.0732421875,-0.0244140625,0.52490234375,-0.0732421875,-0.64697265625,-0.08544921875,-0.09765625,-0.08544921875,-0.390625,-0.08544921875,-0.1953125,0.1220703125,-0.7080078125,-0.08544921875,-0.40283203125,0.54931640625,0.69580078125,0.35400390625,1.46484375,-0.06103515625,0.42724609375,-0.40283203125,-0.20751953125,-0.29296875,0.68359375,0,1.806640625,-0.13427734375,0.9521484375,0.9033203125,0.84228515625,-0.3662109375,4.7119140625,0,4.98046875,-0.01220703125,1.611328125,-0.03662109375,0.830078125,-0.30517578125,0.86669921875,-0.048828125,0.54931640625,0.341796875,0.8544921875,-0.244140625,-0.048828125,0.03662109375,1.26953125,-0.048828125,-1.0498046875,0.13427734375,-0.37841796875,-0.1708984375,-1.08642578125,-0.390625,-0.81787109375,-0.0732421875,-1.5625,-0.03662109375,-0.5859375,-0.244140625,-0.42724609375,0.10986328125,-1.3916015625,-0.1953125,-0.64697265625,0.0732421875,-0.69580078125,0.08544921875,-0.537109375,-0.18310546875,-0.0732421875,-0.0244140625,-1.0498046875,0.0244140625,-1.84326171875,0.13427734375,-1.50146484375,-0.25634765625,0.08544921875,-0.29296875,0.32958984375,-0.1953125,0.01220703125,-0.06103515625,-0.03662109375,-0.0732421875,0.13427734375,-0.25634765625,3.86962890625,-0.2197265625,2.197265625,0.01220703125,0.91552734375,0.1220703125,1.85546875
1,-0.1220703125,-0.40283203125,0.1708984375,-0.37841796875,0.048828125,-0.47607421875,0.13427734375,-0.0732421875,0.28076171875,-0.048828125,-0.1708984375,-0.91552734375,-0.1220703125,1.06201171875,-0.18310546875,-0.1708984375,-0.1220703125,-0.57373046875,-0.1708984375,-0.13427734375,-0.10986328125,0.8544921875,-0.0244140625,-0.62255859375,-0.06103515625,-0.50048828125,-0.01220703125,-1.18408203125,-0.03662109375,0.98876953125,-0.10986328125,-0.08544921875,-0.06103515625,-0.01220703125,-0.01220703125,-0.76904296875,-0.0732421875,-0.244140625,-0.09765625,-0.537109375,-0.0244140625,-0.1708984375,0.10986328125,-0.7080078125,-0.15869140625,-0.390625,0.67138671875,0.7080078125,0.244140625,1.50146484375,-0.1220703125,0.439453125,-0.3662109375,-0.1953125,-0.20751953125,0.69580078125,-0.08544921875,1.5380859375,-0.13427734375,0.78125,0.93994140625,0.69580078125,-0.390625,3.6865234375,-0.09765625,5.9326171875,0.08544921875,1.74560546875,-0.03662109375,0.9521484375,-0.244140625,0.98876953125,0.06103515625,0.4638671875,0.30517578125,0.8544921875,-0.3173828125,-0.048828125,0.03662109375,1.2451171875,0.01220703125,-1.03759765625,0.10986328125,-0.390625,-0.20751953125,-1.06201171875,-0.37841796875,-0.81787109375,-0.13427734375,-1.5380859375,0.01220703125,-0.54931640625,-0.13427734375,-0.42724609375,0.09765625,-1.33056640625,-0.10986328125,-0.64697265625,0,-0.69580078125,0.06103515625,-0.54931640625,-0.146484375,-0.0732421875,-0.0244140625,-1.01318359375,0.08544921875,-1.8310546875,0.0732421875,-1.416015625,-0.20751953125,0.146484375,-0.29296875,0.32958984375,-0.23193359375,0.0244140625,-0.08544921875,-0.0732421875,-0.08544921875,0.146484375,-0.25634765625,3.02734375,-0.20751953125,1.8798828125,0.048828125,0.54931640625,0.08544921875,1.318359375
1,-0.13427734375,-0.4150390625,0.15869140625,-0.390625,0.03662109375,-0.47607421875,0.13427734375,-0.08544921875,0.2685546875,-0.03662109375,-0.13427734375,-0.91552734375,-0.10986328125,1.07421875,-0.20751953125,-0.1708984375,-0.1708984375,-0.57373046875,-0.13427734375,-0.1220703125,-0.146484375,0.86669921875,-0.06103515625,-0.6103515625,0.01220703125,-0.62255859375,0.01220703125,-1.2939453125,-0.01220703125,0.48828125,-0.06103515625,-0.18310546875,-0.146484375,-0.341796875,0.0732421875,-0.830078125,-0.06103515625,-0.32958984375,-0.0244140625,-0.57373046875,-0.01220703125,-0.146484375,0.03662109375,-0.7080078125,-0.2197265625,-0.4150390625,0.7568359375,0.69580078125,0.244140625,1.55029296875,-0.10986328125,0.45166015625,-0.30517578125,-0.244140625,-0.15869140625,0.72021484375,-0.15869140625,1.28173828125,-0.10986328125,0.62255859375,0.93994140625,0.5615234375,-0.439453125,2.7587890625,-0.09765625,6.84814453125,0.1708984375,1.84326171875,-0.03662109375,1.07421875,-0.20751953125,1.07421875,0.1220703125,0.4150390625,0.28076171875,0.89111328125,-0.35400390625,-0.03662109375,0.0732421875,1.25732421875,0.08544921875,-0.98876953125,0.048828125,-0.40283203125,-0.18310546875,-1.0498046875,-0.37841796875,-0.81787109375,-0.13427734375,-1.55029296875,0.0732421875,-0.52490234375,0.0732421875,-0.40283203125,0.06103515625,-1.2939453125,0,-0.62255859375,-0.06103515625,-0.67138671875,0.03662109375,-0.54931640625,-0.13427734375,-0.06103515625,-0.048828125,-0.9521484375,0.10986328125,-1.7822265625,0.03662109375,-1.30615234375,-0.13427734375,0.1953125,-0.2685546875,0.3173828125,-0.23193359375,0.0244140625,-0.06103515625,-0.0732421875,-0.08544921875,0.146484375,-0.2685546875,2.2216796875,-0.1953125,1.57470703125,0.048828125,0.25634765625,0.0732421875,0.79345703125
0,-0.1220703125,-0.42724609375,0.1708984375,-0.37841796875,0.0244140625,-0.439453125,0.15869140625,-0.09765625,0.28076171875,-0.01220703125,-0.146484375,-0.9033203125,-0.08544921875,1.07421875,-0.2197265625,-0.18310546875,-0.244140625,-0.57373046875,-0.13427734375,-0.10986328125,-0.146484375,0.86669921875,-0.09765625,-0.6103515625,0.048828125,-0.634765625,0,-1.318359375,-0.0732421875,0.23193359375,0.0244140625,-0.20751953125,-0.2685546875,-0.341796875,0.10986328125,-0.830078125,-0.08544921875,-0.32958984375,-0.048828125,-0.537109375,0,-0.146484375,0,-0.7080078125,-0.2685546875,-0.42724609375,0.74462890625,0.69580078125,0.20751953125,1.5869140625,-0.1220703125,0.47607421875,-0.2685546875,-0.25634765625,-0.09765625,0.72021484375,-0.2197265625,1.07421875,-0.13427734375,0.5126953125,0.91552734375,0.48828125,-0.52490234375,1.96533203125,-0.13427734375,7.55615234375,0.20751953125,1.91650390625,0,1.1474609375,-0.1953125,1.123046875,0.1708984375,0.3662109375,0.1953125,0.89111328125,-0.37841796875,-0.0244140625,0.10986328125,1.25732421875,0.08544921875,-0.98876953125,0.01220703125,-0.40283203125,-0.1708984375,-1.025390625,-0.341796875,-0.81787109375,-0.1220703125,-1.5380859375,0.0732421875,-0.47607421875,0.2685546875,-0.37841796875,0,-1.220703125,0.0244140625,-0.6591796875,-0.08544921875,-0.67138671875,0,-0.59814453125,-0.1220703125,-0.048828125,-0.06103515625,-0.86669921875,0.09765625,-1.74560546875,0,-1.18408203125,-0.08544921875,0.2685546875,-0.244140625,0.30517578125,-0.23193359375,0.0244140625,-0.06103515625,-0.08544921875,-0.0732421875,0.15869140625,-0.25634765625,1.46484375,-0.15869140625,1.30615234375,0.06103515625,-0.06103515625,0.048828125,0.32958984375
0,-0.09765625,-0.4150390625,0.18310546875,-0.37841796875,0.03662109375,-0.45166015625,0.15869140625,-0.09765625,0.30517578125,-0.03662109375,-0.15869140625,-0.9033203125,-0.0732421875,1.06201171875,-0.244140625,-0.1953125,-0.30517578125,-0.59814453125,-0.13427734375,-0.10986328125,-0.1220703125,0.84228515625,-0.1220703125,-0.62255859375,0.048828125,-0.59814453125,-0.03662109375,-1.26953125,-0.03662109375,0.3173828125,0.06103515625,-0.15869140625,-0.35400390625,0.01220703125,0.1708984375,-0.7080078125,-0.09765625,-0.23193359375,-0.08544921875,-0.40283203125,-0.01220703125,-0.15869140625,-0.0732421875,-0.68359375,-0.29296875,-0.42724609375,0.76904296875,0.6591796875,0.1953125,1.62353515625,-0.10986328125,0.47607421875,-0.25634765625,-0.2197265625,0,0.732421875,-0.2685546875,0.87890625,-0.15869140625,0.42724609375,0.86669921875,0.45166015625,-0.57373046875,1.33056640625,-0.09765625,8.06884765625,0.244140625,1.96533203125,0.0732421875,1.20849609375,-0.18310546875,1.1474609375,0.2197265625,0.3173828125,0.146484375,0.9033203125,-0.30517578125,-0.0244140625,0.1220703125,1.25732421875,0.0732421875,-0.96435546875,-0.0244140625,-0.390625,-0.15869140625,-1.0498046875,-0.37841796875,-0.79345703125,-0.0732421875,-1.5625,0.0732421875,-0.47607421875,0.42724609375,-0.40283203125,-0.048828125,-1.18408203125,0.0244140625,-0.6591796875,-0.09765625,-0.68359375,-0.048828125,-0.62255859375,-0.146484375,-0.03662109375,-0.06103515625,-0.79345703125,0.03662109375,-1.69677734375,-0.048828125,-1.0986328125,-0.03662109375,0.35400390625,-0.2197265625,0.32958984375,-0.25634765625,0.01220703125,-0.0732421875,-0.0732421875,-0.08544921875,0.1708984375,-0.244140625,0.74462890625,-0.13427734375,1.025390625,0.06103515625,-0.3173828125,0.03662109375,-0.146484375
0,-0.08544921875,-0.439453125,0.18310546875,-0.390625,-0.0244140625,-0.45166015625,0.146484375,-0.09765625,0.29296875,-0.048828125,-0.13427734375,-0.9033203125,-0.0732421875,1.06201171875,-0.23193359375,-0.15869140625,-0.341796875,-0.59814453125,-0.146484375,-0.08544921875,-0.03662109375,0.8544921875,-0.146484375,-0.59814453125,0.03662109375,-0.45166015625,-0.03662109375,-1.15966796875,-0.08544921875,0.76904296875,0.06103515625,-0.048828125,-0.40283203125,0.74462890625,0.1953125,-0.48828125,-0.1220703125,-0.06103515625,-0.06103515625,-0.15869140625,-0.03662109375,-0.1953125,-0.146484375,-0.68359375,-0.29296875,-0.439453125,0.7568359375,0.64697265625,0.1953125,1.64794921875,-0.06103515625,0.47607421875,-0.2197265625,-0.20751953125,0.0244140625,0.72021484375,-0.29296875,0.7568359375,-0.15869140625,0.37841796875,0.81787109375,0.42724609375,-0.634765625,0.87890625,-0.03662109375,8.30078125,0.28076171875,1.953125,0.1708984375,1.23291015625,-0.1953125,1.1474609375,0.23193359375,0.25634765625,0.09765625,0.9521484375,-0.2685546875,0,0.0732421875,1.25732421875,0.10986328125,-0.9765625,-0.10986328125,-0.390625,-0.13427734375,-1.03759765625,-0.3662109375,-0.78125,0.01220703125,-1.57470703125,0.03662109375,-0.48828125,0.52490234375,-0.390625,-0.048828125,-1.1474609375,0.0244140625,-0.67138671875,-0.0732421875,-0.67138671875,-0.09765625,-0.634765625,-0.18310546875,-0.03662109375,-0.0732421875,-0.732421875,-0.048828125,-1.611328125,-0.09765625,-1.03759765625,-0.03662109375,0.40283203125,-0.244140625,0.341796875,-0.244140625,0.01220703125,-0.0732421875,-0.048828125,-0.09765625,0.1708984375,-0.28076171875,0.0732421875,-0.1953125,0.76904296875,0.0244140625,-0.52490234375,-0.06103515625,-0.59814453125
0,-0.0732421875,-0.439453125,0.1953125,-0.3662109375,-0.048828125,-0.439453125,0.13427734375,-0.08544921875,0.2685546875,-0.06103515625,-0.15869140625,-0.89111328125,-0.0732421875,1.0498046875,-0.2197265625,-0.1708984375,-0.37841796875,-0.59814453125,-0.15869140625,-0.0732421875,0.01220703125,0.8544921875,-0.15869140625,-0.59814453125,-0.01220703125,-0.28076171875,-0.048828125,-0.96435546875,-0.20751953125,1.50146484375,0.06103515625,0.13427734375,-0.48828125,1.7333984375,0.2197265625,-0.1953125,-0.146484375,0.20751953125,-0.0244140625,0.1708984375,-0.03662109375,-0.23193359375,-0.1953125,-0.69580078125,-0.25634765625,-0.42724609375,0.7568359375,0.634765625,0.1953125,1.72119140625,-0.08544921875,0.47607421875,-0.20751953125,-0.20751953125,0.09765625,0.7080078125,-0.341796875,0.64697265625,-0.15869140625,0.341796875,0.8544921875,0.4150390625,-0.68359375,0.57373046875,-0.1220703125,8.26416015625,0.25634765625,1.9287109375,0.1953125,1.23291015625,-0.244140625,1.123046875,0.25634765625,0.23193359375,0.0732421875,0.927734375,-0.23193359375,0.01220703125,0.01220703125,1.26953125,0.08544921875,-0.9765625,-0.1708984375,-0.390625,-0.13427734375,-1.025390625,-0.32958984375,-0.79345703125,0.0732421875,-1.62353515625,-0.0244140625,-0.50048828125,0.5615234375,-0.4150390625,-0.048828125,-1.15966796875,-0.03662109375,-0.68359375,-0.0244140625,-0.68359375,-0.15869140625,-0.62255859375,-0.2197265625,-0.048828125,-0.06103515625,-0.72021484375,-0.09765625,-1.59912109375,-0.15869140625,-1.0009765625,-0.03662109375,0.45166015625,-0.244140625,0.32958984375,-0.25634765625,0.01220703125,-0.08544921875,-0.03662109375,-0.146484375,0.1708984375,-0.30517578125,-0.54931640625,-0.20751953125,0.52490234375,0.03662109375,-0.74462890625,-0.0732421875,-0.9765625
0,-0.06103515625,-0.42724609375,0.20751953125,-0.3662109375,-0.0244140625,-0.439453125,0.1220703125,-0.0732421875,0.2197265625,-0.08544921875,-0.15869140625,-0.87890625,-0.06103515625,1.0498046875,-0.20751953125,-0.146484375,-0.40283203125,-0.5859375,-0.146484375,-0.08544921875,0.08544921875,0.830078125,-0.146484375,-0.59814453125,-0.08544921875,-0.03662109375,-0.03662109375,-0.732421875,-0.23193359375,2.47802734375,0.01220703125,0.341796875,-0.3662109375,2.89306640625,0.1708984375,0.13427734375,-0.20751953125,0.5126953125,0.048828125,0.5615234375,-0.048828125,-0.2685546875,-0.23193359375,-0.7080078125,-0.2197265625,-0.45166015625,0.7080078125,0.634765625,0.1953125,1.7578125,-0.09765625,0.4638671875,-0.1953125,-0.18310546875,0.13427734375,0.69580078125,-0.390625,0.57373046875,-0.18310546875,0.3173828125,0.89111328125,0.40283203125,-0.7080078125,0.37841796875,-0.09765625,7.9345703125,0.1953125,1.85546875,0.20751953125,1.18408203125,-0.29296875,1.06201171875,0.244140625,0.1953125,0.03662109375,0.93994140625,-0.1708984375,0.01220703125,0.01220703125,1.28173828125,0.06103515625,-0.98876953125,-0.2197265625,-0.37841796875,-0.1708984375,-1.06201171875,-0.28076171875,-0.8056640625,0.13427734375,-1.6845703125,-0.09765625,-0.52490234375,0.7080078125,-0.45166015625,0.01220703125,-1.20849609375,-0.0732421875,-0.67138671875,0.0244140625,-0.6591796875,-0.1953125,-0.634765625,-0.2685546875,-0.06103515625,-0.048828125,-0.7080078125,-0.146484375,-1.57470703125,-0.18310546875,-1.03759765625,-0.048828125,0.45166015625,-0.20751953125,0.3173828125,-0.2197265625,0.01220703125,-0.06103515625,-0.01220703125,-0.15869140625,0.1708984375,-0.25634765625,-1.03759765625,-0.15869140625,0.35400390625,0.048828125,-0.9033203125,-0.06103515625,-1.2939453125
0,-0.048828125,-0.4150390625,0.20751953125,-0.341796875,-0.06103515625,-0.45166015625,0.1220703125,-0.08544921875,0.1953125,-0.09765625,-0.146484375,-0.87890625,-0.048828125,1.0498046875,-0.20751953125,-0.15869140625,-0.37841796875,-0.59814453125,-0.1708984375,-0.09765625,0.146484375,0.830078125,-0.1220703125,-0.59814453125,-0.15869140625,0.20751953125,-0.06103515625,-0.50048828125,-0.244140625,3.55224609375,-0.01220703125,0.62255859375,-0.2197265625,4.1748046875,0.1708984375,0.5126953125,-0.1953125,0.86669921875,0.1220703125,0.96435546875,-0.09765625,-0.28076171875,-0.244140625,-0.69580078125,-0.1708984375,-0.4150390625,0.59814453125,0.6591796875,0.2685546875,1.806640625,-0.01220703125,0.439453125,-0.1953125,-0.146484375,0.1220703125,0.69580078125,-0.4150390625,0.52490234375,-0.18310546875,0.3173828125,0.9033203125,0.390625,-0.732421875,0.2685546875,-0.09765625,7.38525390625,0.15869140625,1.806640625,0.15869140625,1.0986328125,-0.3173828125,0.9765625,0.1953125,0.15869140625,0.01220703125,0.9033203125,-0.10986328125,0.01220703125,-0.01220703125,1.26953125,0.048828125,-1.01318359375,-0.25634765625,-0.37841796875,-0.1708984375,-1.0498046875,-0.1953125,-0.81787109375,0.2197265625,-1.74560546875,-0.1220703125,-0.57373046875,0.732421875,-0.47607421875,0.03662109375,-1.26953125,-0.13427734375,-0.67138671875,0.0732421875,-0.64697265625,-0.20751953125,-0.634765625,-0.341796875,-0.048828125,-0.03662109375,-0.7080078125,-0.13427734375,-1.5625,-0.23193359375,-1.08642578125,-0.06103515625,0.4638671875,-0.1708984375,0.3173828125,-0.23193359375,0.01220703125,-0.08544921875,0.0244140625,-0.13427734375,0.15869140625,-0.2197265625,-1.3916015625,-0.15869140625,0.20751953125,0.048828125,-1.0009765625,-0.06103515625,-1.46484375
0,-0.03662109375,-0.40283203125,0.20751953125,-0.35400390625,-0.03662109375,-0.45166015625,0.08544921875,-0.06103515625,0.18310546875,-0.09765625,-0.15869140625,-0.87890625,-0.0732421875,1.07421875,-0.2197265625,-0.15869140625,-0.37841796875,-0.57373046875,-0.146484375,-0.08544921875,0.18310546875,0.84228515625,-0.03662109375,-0.6103515625,-0.1953125,0.45166015625,-0.06103515625,-0.244140625,-0.09765625,4.62646484375,-0.03662109375,0.8544921875,-0.20751953125,5.4443359375,0.15869140625,0.86669921875,-0.1953125,1.23291015625,0.15869140625,1.35498046875,-0.10986328125,-0.25634765625,-0.30517578125,-0.69580078125,-0.13427734375,-0.390625,0.57373046875,0.67138671875,0.28076171875,1.81884765625,-0.048828125,0.4150390625,-0.2685546875,-0.13427734375,0.09765625,0.68359375,-0.390625,0.50048828125,-0.2197265625,0.32958984375,0.8056640625,0.37841796875,-0.76904296875,0.2197265625,-0.09765625,6.67724609375,0.0732421875,1.74560546875,0.146484375,1.01318359375,-0.35400390625,0.93994140625,0.1708984375,0.13427734375,-0.0244140625,0.86669921875,-0.048828125,0.01220703125,-0.01220703125,1.26953125,0,-1.025390625,-0.25634765625,-0.35400390625,-0.1220703125,-1.06201171875,-0.13427734375,-0.81787109375,0.28076171875,-1.7578125,-0.1220703125,-0.6103515625,0.76904296875,-0.439453125,0.0732421875,-1.35498046875,-0.146484375,-0.69580078125,0.10986328125,-0.64697265625,-0.20751953125,-0.62255859375,-0.390625,-0.048828125,0.048828125,-0.7568359375,-0.09765625,-1.5869140625,-0.2197265625,-1.18408203125,-0.09765625,0.4150390625,-0.13427734375,0.32958984375,-0.244140625,0,-0.0732421875,0.048828125,-0.146484375,0.15869140625,-0.2197265625,-1.5625,-0.1708984375,0.1708984375,0.03662109375,-1.0498046875,-0.08544921875,-1.5380859375
0,-0.06103515625,-0.37841796875,0.20751953125,-0.37841796875,-0.01220703125,-0.439453125,0.0244140625,-0.08544921875,0.1708984375,-0.1220703125,-0.10986328125,-0.91552734375,-0.08544921875,1.06201171875,-0.2197265625,-0.1708984375,-0.341796875,-0.54931640625,-0.146484375,-0.09765625,0.20751953125,0.86669921875,0.0244140625,-0.62255859375,-0.25634765625,0.6591796875,-0.048828125,-0.0244140625,-0.18310546875,5.5908203125,-0.08544921875,1.0986328125,-0.0732421875,6.53076171875,0.20751953125,1.15966796875,-0.1708984375,1.52587890625,0.18310546875,1.69677734375,-0.1708984375,-0.244140625,-0.35400390625,-0.7080078125,-0.13427734375,-0.40283203125,0.5859375,0.67138671875,0.32958984375,1.79443359375,0.03662109375,0.42724609375,-0.2685546875,-0.1220703125,0.08544921875,0.69580078125,-0.37841796875,0.48828125,-0.244140625,0.341796875,0.7568359375,0.40283203125,-0.76904296875,0.146484375,-0.048828125,5.94482421875,-0.01220703125,1.66015625,0.0732421875,0.93994140625,-0.40283203125,0.89111328125,0.09765625,0.13427734375,-0.048828125,0.86669921875,-0.01220703125,-0.0244140625,0.06103515625,1.2939453125,0.01220703125,-1.025390625,-0.2685546875,-0.35400390625,-0.13427734375,-1.06201171875,-0.1220703125,-0.81787109375,0.28076171875,-1.74560546875,-0.08544921875,-0.634765625,0.74462890625,-0.35400390625,0.08544921875,-1.40380859375,-0.1953125,-0.69580078125,0.10986328125,-0.67138671875,-0.15869140625,-0.5615234375,-0.390625,-0.048828125,0.13427734375,-0.830078125,-0.0732421875,-1.62353515625,-0.23193359375,-1.2939453125,-0.10986328125,0.37841796875,-0.10986328125,0.30517578125,-0.244140625,0,-0.08544921875,0.06103515625,-0.1220703125,0.146484375,-0.23193359375,-1.5625,-0.20751953125,0.20751953125,0.06103515625,-1.025390625,-0.09765625,-1.4404296875
0,-0.01220703125,-0.390625,0.20751953125,-0.3662109375,0,-0.4638671875,0.01220703125,-0.08544921875,0.15869140625,-0.1220703125,-0.1220703125,-0.91552734375,-0.09765625,1.07421875,-0.1953125,-0.18310546875,-0.29296875,-0.5615234375,-0.10986328125,-0.10986328125,0.25634765625,0.86669921875,0.08544921875,-0.634765625,-0.25634765625,0.830078125,-0.08544921875,0.13427734375,-0.2197265625,6.3720703125,-0.1220703125,1.28173828125,-0.048828125,7.373046875,0.20751953125,1.37939453125,-0.1220703125,1.7578125,0.15869140625,1.9775390625,-0.15869140625,-0.20751953125,-0.42724609375,-0.72021484375,-0.1708984375,-0.4150390625,0.64697265625,0.67138671875,0.341796875,1.7578125,-0.01220703125,0.4150390625,-0.341796875,-0.146484375,0.08544921875,0.68359375,-0.28076171875,0.4638671875,-0.2685546875,0.32958984375,0.72021484375,0.40283203125,-0.84228515625,0.08544921875,0.01220703125,5.26123046875,-0.08544921875,1.59912109375,0.0244140625,0.87890625,-0.40283203125,0.84228515625,0.03662109375,0.15869140625,-0.03662109375,0.81787109375,-0.0244140625,-0.03662109375,0.08544921875,1.28173828125,-0.01220703125,-1.01318359375,-0.2197265625,-0.35400390625,-0.0732421875,-1.08642578125,-0.146484375,-0.830078125,0.2685546875,-1.708984375,-0.03662109375,-0.59814453125,0.64697265625,-0.146484375,0.06103515625,-1.40380859375,-0.2685546875,-0.68359375,0.06103515625,-0.67138671875,-0.13427734375,-0.537109375,-0.341796875,-0.06103515625,0.1953125,-0.86669921875,-0.03662109375,-1.67236328125,-0.1953125,-1.37939453125,-0.146484375,0.30517578125,-0.09765625,0.32958984375,-0.25634765625,0,-0.0732421875,0.06103515625,-0.09765625,0.13427734375,-0.2197265625,-1.3671875,-0.20751953125,0.341796875,0.0732421875,-0.927734375,-0.10986328125,-1.28173828125
0,-0.0244140625,-0.37841796875,0.20751953125,-0.390625,0.01220703125,-0.45166015625,-0.01220703125,-0.08544921875,0.146484375,-0.09765625,-0.1220703125,-0.93994140625,-0.15869140625,1.0986328125,-0.1953125,-0.2197265625,-0.28076171875,-0.5615234375,-0.0732421875,-0.10986328125,0.2685546875,0.86669921875,0.146484375,-0.64697265625,-0.2197265625,0.91552734375,-0.08544921875,0.244140625,-0.20751953125,6.84814453125,-0.18310546875,1.40380859375,-0.09765625,7.92236328125,0.2197265625,1.50146484375,-0.146484375,1.9287109375,0.09765625,2.1484375,-0.146484375,-0.1708984375,-0.4638671875,-0.72021484375,-0.244140625,-0.4150390625,0.68359375,0.69580078125,0.3662109375,1.66015625,0.048828125,0.42724609375,-0.40283203125,-0.146484375,0.0732421875,0.7080078125,-0.2685546875,0.45166015625,-0.2685546875,0.30517578125,0.8056640625,0.439453125,-0.8544921875,-0.03662109375,0.0244140625,4.74853515625,-0.15869140625,1.57470703125,-0.06103515625,0.84228515625,-0.4150390625,0.8056640625,-0.0244140625,0.1708984375,-0.048828125,0.81787109375,-0.01220703125,-0.0244140625,0.1220703125,1.2939453125,-0.01220703125,-1.03759765625,-0.1708984375,-0.341796875,-0.0732421875,-1.07421875,-0.1953125,-0.81787109375,0.1708984375,-1.59912109375,-0.01220703125,-0.537109375,0.42724609375,0.18310546875,-0.0244140625,-1.30615234375,-0.30517578125,-0.6591796875,-0.0244140625,-0.6591796875,-0.1220703125,-0.54931640625,-0.2685546875,-0.048828125,0.2685546875,-0.89111328125,0.048828125,-1.69677734375,-0.1220703125,-1.4404296875,-0.13427734375,0.25634765625,-0.048828125,0.32958984375,-0.244140625,0,-0.0732421875,0.048828125,-0.06103515625,0.1220703125,-0.23193359375,-1.03759765625,-0.20751953125,0.50048828125,0.048828125,-0.76904296875,-0.10986328125,-1.025390625
0,0,-0.390625,0.2197265625,-0.390625,-0.01220703125,-0.4638671875,0,-0.09765625,0.1220703125,-0.0732421875,-0.15869140625,-0.93994140625,-0.1708984375,1.08642578125,-0.1953125,-0.20751953125,-0.28076171875,-0.54931640625,-0.01220703125,-0.10986328125,0.2685546875,0.87890625,0.20751953125,-0.634765625,-0.13427734375,0.9765625,-0.0732421875,0.2685546875,-0.20751953125,7.09228515625,-0.244140625,1.45263671875,-0.1708984375,8.11767578125,0.25634765625,1.513671875,-0.146484375,1.94091796875,0.06103515625,2.197265625,-0.09765625,-0.1708984375,-0.4150390625,-0.69580078125,-0.30517578125,-0.47607421875,0.72021484375,0.6591796875,0.35400390625,1.59912109375,0.0732421875,0.4150390625,-0.45166015625,-0.1708984375,0,0.69580078125,-0.244140625,0.42724609375,-0.23193359375,0.29296875,0.927734375,0.45166015625,-0.74462890625,-0.18310546875,0.06103515625,4.4189453125,-0.20751953125,1.5625,-0.13427734375,0.81787109375,-0.390625,0.8056640625,-0.06103515625,0.2197265625,-0.03662109375,0.81787109375,-0.048828125,-0.03662109375,0.20751953125,1.28173828125,-0.03662109375,-1.03759765625,-0.1220703125,-0.35400390625,-0.06103515625,-1.08642578125,-0.25634765625,-0.830078125,0.0732421875,-1.4404296875,0.01220703125,-0.390625,0.341796875,0.64697265625,-0.0244140625,-1.13525390625,-0.3173828125,-0.6591796875,-0.048828125,-0.64697265625,-0.09765625,-0.5615234375,-0.1953125,-0.03662109375,0.29296875,-0.91552734375,0.15869140625,-1.72119140625,0,-1.4404296875,-0.10986328125,0.1953125,0,0.32958984375,-0.2685546875,-0.01220703125,-0.08544921875,0.03662109375,-0.08544921875,0.146484375,-0.1953125,-0.6591796875,-0.18310546875,0.72021484375,0.048828125,-0.62255859375,-0.09765625,-0.74462890625
0,0.01220703125,-0.390625,0.20751953125,-0.390625,0.01220703125,-0.45166015625,-0.01220703125,-0.08544921875,0.13427734375,-0.048828125,-0.15869140625,-0.93994140625,-0.18310546875,1.06201171875,-0.20751953125,-0.20751953125,-0.25634765625,-0.54931640625,0.03662109375,-0.13427734375,0.2685546875,0.87890625,0.18310546875,-0.64697265625,-0.0244140625,0.96435546875,-0.0732421875,0.23193359375,-0.2197265625,7.06787109375,-0.20751953125,1.4404296875,-0.244140625,7.9833984375,0.28076171875,1.4404296875,-0.1708984375,1.904296875,0.0732421875,2.16064453125,-0.048828125,-0.18310546875,-0.35400390625,-0.68359375,-0.32958984375,-0.50048828125,0.732421875,0.6591796875,0.30517578125,1.4892578125,0.09765625,0.40283203125,-0.537109375,-0.15869140625,-0.1220703125,0.7080078125,-0.25634765625,0.40283203125,-0.1953125,0.29296875,0.86669921875,0.48828125,-0.5859375,-0.32958984375,0.01220703125,4.33349609375,-0.23193359375,1.5625,-0.1953125,0.8056640625,-0.40283203125,0.79345703125,-0.06103515625,0.244140625,-0.0732421875,0.81787109375,-0.048828125,-0.048828125,0.29296875,1.26953125,-0.0732421875,-1.025390625,-0.03662109375,-0.37841796875,-0.048828125,-1.0498046875,-0.29296875,-0.830078125,0.01220703125,-1.20849609375,0.06103515625,-0.1953125,0.1708984375,1.20849609375,-0.048828125,-0.89111328125,-0.244140625,-0.68359375,-0.09765625,-0.64697265625,-0.08544921875,-0.57373046875,-0.09765625,-0.03662109375,0.28076171875,-0.93994140625,0.25634765625,-1.74560546875,0.0244140625,-1.46484375,-0.10986328125,0.15869140625,0,0.3662109375,-0.244140625,0,-0.0732421875,0,-0.08544921875,0.146484375,-0.146484375,-0.23193359375,-0.18310546875,0.9033203125,0.048828125,-0.47607421875,-0.08544921875,-0.48828125
0,0.0244140625,-0.4150390625,0.1708984375,-0.37841796875,0.01220703125,-0.45166015625,-0.03662109375,-0.06103515625,0.1220703125,-0.03662109375,-0.1220703125,-0.927734375,-0.1953125,1.06201171875,-0.2197265625,-0.18310546875,-0.244140625,-0.54931640625,0.0732421875,-0.1220703125,0.23193359375,0.87890625,0.13427734375,-0.634765625,0.0732421875,0.89111328125,-0.08544921875,0.146484375,-0.25634765625,6.8359375,-0.13427734375,1.3671875,-0.341796875,7.62939453125,0.341796875,1.28173828125,-0.1953125,1.7578125,0.08544921875,2.0263671875,-0.01220703125,-0.18310546875,-0.29296875,-0.68359375,-0.3662109375,-0.50048828125,0.81787109375,0.634765625,0.2685546875,1.416015625,0.13427734375,0.390625,-0.5615234375,-0.1708984375,-0.20751953125,0.7080078125,-0.29296875,0.37841796875,-0.1220703125,0.30517578125,0.830078125,0.537109375,-0.5615234375,-0.42724609375,0.0244140625,4.345703125,-0.25634765625,1.57470703125,-0.1708984375,0.81787109375,-0.390625,0.79345703125,-0.06103515625,0.25634765625,-0.09765625,0.830078125,-0.03662109375,-0.03662109375,0.3662109375,1.25732421875,-0.1220703125,-1.01318359375,0.048828125,-0.37841796875,-0.13427734375,-1.025390625,-0.3662109375,-0.81787109375,-0.0732421875,-0.93994140625,0.03662109375,0.03662109375,-0.0244140625,1.89208984375,-0.0732421875,-0.5615234375,-0.1708984375,-0.7080078125,-0.13427734375,-0.64697265625,-0.06103515625,-0.59814453125,-0.0244140625,-0.03662109375,0.32958984375,-0.93994140625,0.37841796875,-1.74560546875,0.08544921875,-1.4404296875,-0.08544921875,0.13427734375,0.01220703125,0.341796875,-0.25634765625,-0.0244140625,-0.0732421875,-0.0244140625,-0.09765625,0.146484375,-0.20751953125,0.09765625,-0.18310546875,1.025390625,0.06103515625,-0.3173828125,-0.08544921875,-0.28076171875
1,0.06103515625,-0.40283203125,0.146484375,-0.3662109375,-0.01220703125,-0.4638671875,-0.06103515625,-0.0732421875,0.10986328125,-0.03662109375,-0.10986328125,-0.91552734375,-0.20751953125,1.03759765625,-0.23193359375,-0.1953125,-0.2197265625,-0.57373046875,0.08544921875,-0.10986328125,0.2197265625,0.89111328125,0.06103515625,-0.634765625,0.1220703125,0.8056640625,-0.0732421875,0.0244140625,-0.28076171875,6.43310546875,0.01220703125,1.2451171875,-0.37841796875,7.04345703125,0.35400390625,1.0986328125,-0.1953125,1.57470703125,0.08544921875,1.8310546875,0.01220703125,-0.20751953125,-0.2197265625,-0.67138671875,-0.3662109375,-0.48828125,0.86669921875,0.64697265625,0.23193359375,1.35498046875,0.0732421875,0.390625,-0.57373046875,-0.18310546875,-0.2685546875,0.732421875,-0.244140625,0.37841796875,-0.08544921875,0.30517578125,0.830078125,0.5615234375,-0.45166015625,-0.47607421875,0.03662109375,4.4677734375,-0.2685546875,1.5625,-0.13427734375,0.81787109375,-0.35400390625,0.76904296875,-0.0732421875,0.28076171875,-0.08544921875,0.84228515625,-0.01220703125,-0.0244140625,0.45166015625,1.2451171875,-0.15869140625,-1.025390625,0.10986328125,-0.3662109375,-0.23193359375,-1.01318359375,-0.341796875,-0.830078125,-0.09765625,-0.6591796875,0.048828125,0.2685546875,-0.01220703125,2.6611328125,-0.06103515625,-0.2197265625,-0.09765625,-0.7080078125,-0.18310546875,-0.6591796875,-0.048828125,-0.62255859375,0.03662109375,-0.03662109375,0.2685546875,-0.93994140625,0.390625,-1.7578125,0.08544921875,-1.37939453125,-0.1220703125,0.146484375,0.0244140625,0.32958984375,-0.28076171875,-0.0244140625,-0.06103515625,-0.0244140625,-0.09765625,0.1220703125,-0.18310546875,0.29296875,-0.13427734375,1.0986328125,0.09765625,-0.2685546875,-0.0244140625,-0.1953125
1,0.08544921875,-0.40283203125,0.13427734375,-0.37841796875,0.01220703125,-0.439453125,-0.06103515625,-0.06103515625,0.10986328125,-0.0732421875,-0.08544921875,-0.9033203125,-0.2197265625,1.03759765625,-0.18310546875,-0.1708984375,-0.2197265625,-0.59814453125,0.06103515625,-0.1220703125,0.13427734375,0.89111328125,-0.01220703125,-0.62255859375,0.13427734375,0.634765625,-0.06103515625,-0.13427734375,-0.29296875,5.908203125,0.08544921875,1.08642578125,-0.40283203125,6.396484375,0.3662109375,0.86669921875,-0.23193359375,1.37939453125,0.09765625,1.5869140625,0,-0.2197265625,-0.10986328125,-0.68359375,-0.3662109375,-0.45166015625,0.87890625,0.62255859375,0.244140625,1.33056640625,0.048828125,0.37841796875,-0.59814453125,-0.20751953125,-0.30517578125,0.7080078125,-0.2685546875,0.37841796875,-0.0244140625,0.30517578125,0.84228515625,0.5859375,-0.42724609375,-0.45166015625,0.048828125,4.55322265625,-0.23193359375,1.52587890625,-0.0732421875,0.830078125,-0.390625,0.74462890625,-0.048828125,0.28076171875,-0.048828125,0.8544921875,0.06103515625,0,0.439453125,1.25732421875,-0.146484375,-1.0498046875,0.10986328125,-0.3662109375,-0.29296875,-1.025390625,-0.35400390625,-0.830078125,-0.10986328125,-0.40283203125,0,0.54931640625,-0.0732421875,3.4423828125,-0.0732421875,0.1220703125,-0.0244140625,-0.72021484375,-0.1953125,-0.64697265625,-0.0244140625,-0.6103515625,0.048828125,-0.048828125,0.2197265625,-0.91552734375,0.390625,-1.74560546875,0.1220703125,-1.3427734375,-0.13427734375,0.1708984375,0.0732421875,0.341796875,-0.2685546875,-0.01220703125,-0.0732421875,0,-0.10986328125,0.13427734375,-0.2685546875,0.32958984375,-0.20751953125,1.08642578125,0.06103515625,-0.244140625,-0.10986328125,-0.1953125
1,0.0732421875,-0.4150390625,0.1220703125,-0.37841796875,-0.01220703125,-0.439453125,-0.0732421875,-0.0732421875,0.08544921875,-0.0732421875,-0.10986328125,-0.91552734375,-0.23193359375,1.03759765625,-0.15869140625,-0.15869140625,-0.23193359375,-0.59814453125,0.0244140625,-0.1220703125,0.048828125,0.86669921875,-0.06103515625,-0.6103515625,0.1220703125,0.47607421875,-0.06103515625,-0.28076171875,-0.29296875,5.28564453125,0.15869140625,0.89111328125,-0.37841796875,5.6640625,0.35400390625,0.67138671875,-0.244140625,1.18408203125,0.1220703125,1.35498046875,0.01220703125,-0.20751953125,0.01220703125,-0.68359375,-0.3662109375,-0.439453125,0.9521484375,0.64697265625,0.23193359375,1.3427734375,0.048828125,0.3662109375,-0.634765625,-0.2197265625,-0.3662109375,0.7080078125,-0.341796875,0.4150390625,-0.0244140625,0.3173828125,0.89111328125,0.57373046875,-0.390625,-0.390625,0.13427734375,4.47998046875,-0.2197265625,1.50146484375,0,0.7568359375,-0.390625,0.69580078125,-0.048828125,0.3173828125,-0.0244140625,0.86669921875,0.10986328125,0.01220703125,0.3662109375,1.2451171875,-0.10986328125,-1.03759765625,0.06103515625,-0.390625,-0.40283203125,-1.025390625,-0.341796875,-0.84228515625,-0.0732421875,-0.15869140625,-0.048828125,0.7568359375,-0.03662109375,4.18701171875,-0.03662109375,0.439453125,0.01220703125,-0.72021484375,-0.1953125,-0.64697265625,-0.0244140625,-0.62255859375,0.06103515625,-0.0732421875,0.18310546875,-0.87890625,0.37841796875,-1.72119140625,0.15869140625,-1.2939453125,-0.09765625,0.20751953125,0.08544921875,0.35400390625,-0.244140625,-0.0244140625,-0.0732421875,-0.01220703125,-0.10986328125,0.13427734375,-0.28076171875,0.2197265625,-0.244140625,0.98876953125,0.08544921875,-0.29296875,-0.09765625,-0.29296875
1,0.09765625,-0.40283203125,0.13427734375,-0.37841796875,0.01220703125,-0.45166015625,-0.0732421875,-0.0732421875,0.08544921875,-0.0732421875,-0.13427734375,-0.91552734375,-0.2685546875,1.03759765625,-0.10986328125,-0.1708984375,-0.23193359375,-0.62255859375,-0.03662109375,-0.13427734375,-0.0244140625,0.86669921875,-0.0732421875,-0.5859375,0.06103515625,0.30517578125,-0.06103515625,-0.4638671875,-0.244140625,4.67529296875,0.18310546875,0.69580078125,-0.30517578125,4.96826171875,0.29296875,0.4638671875,-0.23193359375,1.01318359375,0.1708984375,1.08642578125,0,-0.23193359375,0.1220703125,-0.7080078125,-0.40283203125,-0.40283203125,0.87890625,0.69580078125,0.2197265625,1.35498046875,0,0.35400390625,-0.6591796875,-0.20751953125,-0.40283203125,0.7080078125,-0.3173828125,0.45166015625,-0.01220703125,0.32958984375,0.89111328125,0.54931640625,-0.2197265625,-0.244140625,0.1220703125,4.18701171875,-0.1708984375,1.42822265625,0.06103515625,0.68359375,-0.439453125,0.62255859375,-0.06103515625,0.29296875,0.0732421875,0.86669921875,0.146484375,0.03662109375,0.30517578125,1.26953125,-0.06103515625,-1.03759765625,0.0244140625,-0.37841796875,-0.47607421875,-1.03759765625,-0.3173828125,-0.84228515625,0,0.0244140625,-0.0732421875,0.927734375,0,4.78515625,-0.10986328125,0.67138671875,0.06103515625,-0.69580078125,-0.1708984375,-0.67138671875,-0.03662109375,-0.634765625,0.048828125,-0.0732421875,0.0244140625,-0.86669921875,0.28076171875,-1.7333984375,0.09765625,-1.26953125,-0.09765625,0.2197265625,0.13427734375,0.341796875,-0.25634765625,-0.01220703125,-0.08544921875,-0.01220703125,-0.10986328125,0.13427734375,-0.1953125,-0.01220703125,-0.146484375,0.86669921875,0.09765625,-0.37841796875,-0.08544921875,-0.439453125
1,0.09765625,-0.390625,0.13427734375,-0.3662109375,-0.01220703125,-0.439453125,-0.06103515625,-0.0732421875,0.0732421875,-0.09765625,-0.13427734375,-0.9033203125,-0.2685546875,1.03759765625,-0.09765625,-0.18310546875,-0.25634765625,-0.59814453125,-0.048828125,-0.13427734375,-0.1220703125,0.8544921875,-0.03662109375,-0.5859375,-0.01220703125,0.1220703125,-0.06103515625,-0.62255859375,-0.23193359375,4.04052734375,0.09765625,0.48828125,-0.20751953125,4.30908203125,0.23193359375,0.25634765625,-0.20751953125,0.84228515625,0.2197265625,0.84228515625,-0.0244140625,-0.2197265625,0.1708984375,-0.72021484375,-0.40283203125,-0.35400390625,0.86669921875,0.74462890625,0.30517578125,1.3916015625,0.03662109375,0.390625,-0.64697265625,-0.1953125,-0.48828125,0.69580078125,-0.29296875,0.5126953125,-0.01220703125,0.32958984375,0.89111328125,0.52490234375,-0.15869140625,-0.08544921875,0.1708984375,3.6376953125,-0.18310546875,1.318359375,0.10986328125,0.57373046875,-0.45166015625,0.5126953125,-0.10986328125,0.29296875,0.146484375,0.87890625,0.1708984375,0.0244140625,0.2685546875,1.26953125,0.01220703125,-1.03759765625,-0.0244140625,-0.390625,-0.52490234375,-1.03759765625,-0.25634765625,-0.830078125,0.08544921875,0.13427734375,-0.1220703125,1.06201171875,0.0732421875,5.21240234375,-0.146484375,0.81787109375,0.09765625,-0.68359375,-0.18310546875,-0.68359375,-0.0732421875,-0.6103515625,-0.01220703125,-0.08544921875,-0.01220703125,-0.86669921875,0.23193359375,-1.72119140625,0.06103515625,-1.2451171875,-0.09765625,0.244140625,0.1708984375,0.341796875,-0.29296875,-0.0244140625,-0.06103515625,0,-0.13427734375,0.146484375,-0.25634765625,-0.28076171875,-0.2197265625,0.7568359375,0.06103515625,-0.42724609375,-0.13427734375,-0.5859375
1,0.10986328125,-0.40283203125,0.1220703125,-0.35400390625,0,-0.45166015625,-0.08544921875,-0.08544921875,0.08544921875,-0.08544921875,-0.13427734375,-0.9033203125,-0.28076171875,1.0498046875,-0.10986328125,-0.15869140625,-0.29296875,-0.59814453125,-0.08544921875,-0.1220703125,-0.20751953125,0.84228515625,0.01220703125,-0.59814453125,-0.13427734375,-0.06103515625,-0.0732421875,-0.79345703125,-0.2197265625,3.466796875,0.048828125,0.30517578125,-0.146484375,3.7109375,0.20751953125,0.09765625,-0.1708984375,0.69580078125,0.23193359375,0.6103515625,-0.048828125,-0.1953125,0.23193359375,-0.7080078125,-0.390625,-0.3173828125,0.96435546875,0.81787109375,0.40283203125,1.416015625,0.01220703125,0.40283203125,-0.634765625,-0.1708984375,-0.50048828125,0.7080078125,-0.29296875,0.54931640625,-0.0732421875,0.32958984375,0.84228515625,0.50048828125,-0.2197265625,0.06103515625,0.25634765625,2.8564453125,-0.18310546875,1.18408203125,0.1220703125,0.439453125,-0.40283203125,0.40283203125,-0.18310546875,0.28076171875,0.15869140625,0.81787109375,0.1220703125,0.01220703125,0.23193359375,1.30615234375,0.0732421875,-1.0498046875,-0.06103515625,-0.3662109375,-0.48828125,-1.0498046875,-0.13427734375,-0.81787109375,0.1953125,0.18310546875,-0.1220703125,1.11083984375,0.2685546875,5.4443359375,-0.13427734375,0.87890625,0.06103515625,-0.67138671875,-0.1708984375,-0.72021484375,-0.10986328125,-0.59814453125,-0.0732421875,-0.10986328125,-0.0244140625,-0.87890625,0.10986328125,-1.708984375,0.048828125,-1.2451171875,-0.09765625,0.2685546875,0.2197265625,0.341796875,-0.28076171875,-0.01220703125,-0.06103515625,-0.0244140625,-0.13427734375,0.13427734375,-0.2685546875,-0.52490234375,-0.2197265625,0.67138671875,0.06103515625,-0.5126953125,-0.1220703125,-0.7080078125
1,0.1220703125,-0.37841796875,0.09765625,-0.3662109375,0.01220703125,-0.439453125,-0.09765625,-0.0732421875,0.0732421875,-0.08544921875,-0.13427734375,-0.9033203125,-0.30517578125,1.07421875,-0.1220703125,-0.15869140625,-0.3173828125,-0.5615234375,-0.10986328125,-0.10986328125,-0.2197265625,0.84228515625,0.048828125,-0.59814453125,-0.244140625,-0.20751953125,-0.1220703125,-0.91552734375,-0.2197265625,2.94189453125,-0.06103515625,0.15869140625,-0.1708984375,3.173828125,0.2197265625,-0.048828125,-0.146484375,0.537109375,0.25634765625,0.4150390625,0.01220703125,-0.1953125,0.30517578125,-0.72021484375,-0.37841796875,-0.3173828125,0.96435546875,0.86669921875,0.48828125,1.42822265625,0.06103515625,0.439453125,-0.5615234375,-0.146484375,-0.5859375,0.69580078125,-0.20751953125,0.6103515625,-0.06103515625,0.32958984375,0.79345703125,0.4638671875,-0.10986328125,0.1708984375,0.2685546875,1.9775390625,-0.10986328125,1.07421875,0.09765625,0.30517578125,-0.390625,0.2685546875,-0.23193359375,0.2685546875,0.2197265625,0.8056640625,0.09765625,0.01220703125,0.1953125,1.28173828125,0.146484375,-1.03759765625,-0.08544921875,-0.341796875,-0.42724609375,-1.06201171875,-0.048828125,-0.8056640625,0.3173828125,0.13427734375,-0.09765625,1.07421875,0.32958984375,5.45654296875,-0.13427734375,0.8056640625,0.01220703125,-0.634765625,-0.13427734375,-0.7080078125,-0.146484375,-0.5859375,-0.15869140625,-0.09765625,-0.01220703125,-0.87890625,0,-1.69677734375,0.0244140625,-1.2451171875,-0.15869140625,0.2685546875,0.25634765625,0.3173828125,-0.2685546875,-0.01220703125,-0.06103515625,-0.0244140625,-0.1220703125,0.13427734375,-0.2197265625,-0.634765625,-0.13427734375,0.6591796875,0.06103515625,-0.52490234375,-0.10986328125,-0.732421875
1,0.10986328125,-0.37841796875,0.09765625,-0.35400390625,0.03662109375,-0.45166015625,-0.10986328125,-0.06103515625,0.03662109375,-0.0732421875,-0.1220703125,-0.9033203125,-0.30517578125,1.08642578125,-0.08544921875,-0.15869140625,-0.341796875,-0.5615234375,-0.13427734375,-0.09765625,-0.18310546875,0.84228515625,0.048828125,-0.59814453125,-0.341796875,-0.3173828125,-0.1953125,-1.03759765625,-0.30517578125,2.45361328125,-0.15869140625,0.0244140625,-0.20751953125,2.63671875,0.25634765625,-0.18310546875,-0.1220703125,0.40283203125,0.29296875,0.2197265625,0.03662109375,-0.15869140625,0.2685546875,-0.74462890625,-0.32958984375,-0.341796875,0.93994140625,0.927734375,0.5859375,1.4404296875,0.06103515625,0.45166015625,-0.5126953125,-0.1220703125,-0.59814453125,0.72021484375,-0.1220703125,0.64697265625,-0.0732421875,0.35400390625,0.68359375,0.439453125,-0.08544921875,0.20751953125,0.29296875,1.025390625,-0.03662109375,0.9521484375,0.09765625,0.1953125,-0.32958984375,0.1953125,-0.23193359375,0.28076171875,0.244140625,0.79345703125,0.0244140625,0,0.18310546875,1.28173828125,0.18310546875,-1.03759765625,-0.10986328125,-0.341796875,-0.30517578125,-1.0498046875,0.06103515625,-0.8056640625,0.37841796875,0.03662109375,-0.08544921875,0.9765625,0.244140625,5.2490234375,-0.08544921875,0.68359375,-0.048828125,-0.634765625,-0.08544921875,-0.732421875,-0.13427734375,-0.57373046875,-0.244140625,-0.09765625,0.048828125,-0.89111328125,-0.1220703125,-1.708984375,0,-1.25732421875,-0.1708984375,0.25634765625,0.28076171875,0.3173828125,-0.28076171875,-0.01220703125,-0.08544921875,0,-0.1220703125,0.146484375,-0.28076171875,-0.59814453125,-0.1708984375,0.732421875,0.048828125,-0.47607421875,-0.15869140625,-0.634765625
1,0.10986328125,-0.3662109375,0.0732421875,-0.35400390625,0.0244140625,-0.439453125,-0.1220703125,-0.0732421875,0.0244140625,-0.048828125,-0.13427734375,-0.91552734375,-0.30517578125,1.07421875,-0.06103515625,-0.18310546875,-0.35400390625,-0.54931640625,-0.146484375,-0.1220703125,-0.09765625,0.830078125,0.03662109375,-0.6103515625,-0.40283203125,-0.4150390625,-0.244140625,-1.13525390625,-0.40283203125,1.9775390625,-0.1708984375,-0.08544921875,-0.28076171875,2.11181640625,0.2685546875,-0.3173828125,-0.09765625,0.244140625,0.30517578125,0.048828125,0.1220703125,-0.18310546875,0.28076171875,-0.732421875,-0.3173828125,-0.3662109375,0.91552734375,0.9521484375,0.5615234375,1.416015625,0.08544921875,0.439453125,-0.48828125,-0.10986328125,-0.59814453125,0.68359375,-0.03662109375,0.6591796875,-0.10986328125,0.3662109375,0.57373046875,0.42724609375,0,0.1708984375,0.3173828125,0.244140625,0.048828125,0.87890625,0.048828125,0.08544921875,-0.25634765625,0.1220703125,-0.20751953125,0.29296875,0.28076171875,0.74462890625,-0.03662109375,-0.01220703125,0.09765625,1.2939453125,0.2197265625,-1.025390625,-0.09765625,-0.341796875,-0.15869140625,-1.0498046875,0.06103515625,-0.78125,0.3662109375,-0.10986328125,-0.0732421875,0.86669921875,0.09765625,4.9072265625,-0.06103515625,0.52490234375,-0.10986328125,-0.634765625,-0.01220703125,-0.7080078125,-0.1220703125,-0.5615234375,-0.28076171875,-0.0732421875,0.10986328125,-0.9033203125,-0.2197265625,-1.67236328125,-0.048828125,-1.23291015625,-0.13427734375,0.25634765625,0.3173828125,0.30517578125,-0.25634765625,-0.01220703125,-0.0732421875,-0.0244140625,-0.10986328125,0.13427734375,-0.25634765625,-0.40283203125,-0.146484375,0.89111328125,0.0732421875,-0.3662109375,-0.15869140625,-0.4150390625
1,0.1220703125,-0.3662109375,0.048828125,-0.3662109375,0.01220703125,-0.42724609375,-0.10986328125,-0.0732421875,0.01220703125,-0.03662109375,-0.146484375,-0.91552734375,-0.3173828125,1.07421875,-0.0732421875,-0.18310546875,-0.32958984375,-0.54931640625,-0.1220703125,-0.1220703125,-0.01220703125,0.830078125,-0.03662109375,-0.6103515625,-0.4638671875,-0.50048828125,-0.23193359375,-1.220703125,-0.5126953125,1.5380859375,-0.1953125,-0.15869140625,-0.32958984375,1.5380859375,0.28076171875,-0.4638671875,-0.09765625,0.0732421875,0.3662109375,-0.1708984375,0.13427734375,-0.1708984375,0.25634765625,-0.72021484375,-0.244140625,-0.4150390625,0.93994140625,1.01318359375,0.52490234375,1.33056640625,0.15869140625,0.45166015625,-0.42724609375,-0.10986328125,-0.6103515625,0.7080078125,0.03662109375,0.68359375,-0.10986328125,0.42724609375,0.50048828125,0.4150390625,0.08544921875,0.10986328125,0.32958984375,-0.29296875,0.1220703125,0.84228515625,-0.01220703125,0.03662109375,-0.20751953125,0.08544921875,-0.1220703125,0.32958984375,0.32958984375,0.78125,-0.13427734375,-0.03662109375,0.06103515625,1.2939453125,0.18310546875,-1.0009765625,-0.09765625,-0.35400390625,-0.01220703125,-1.0498046875,0.048828125,-0.76904296875,0.341796875,-0.2685546875,-0.0732421875,0.732421875,-0.03662109375,4.47998046875,-0.03662109375,0.341796875,-0.1708984375,-0.634765625,0.048828125,-0.69580078125,-0.08544921875,-0.5615234375,-0.32958984375,-0.08544921875,0.1953125,-0.87890625,-0.23193359375,-1.64794921875,0,-1.20849609375,-0.10986328125,0.25634765625,0.341796875,0.29296875,-0.23193359375,0,-0.06103515625,0.01220703125,-0.10986328125,0.13427734375,-0.2197265625,-0.09765625,-0.10986328125,1.0986328125,0.06103515625,-0.15869140625,-0.2197265625,-0.13427734375
1,0.10986328125,-0.3662109375,0.048828125,-0.3662109375,-0.0244140625,-0.439453125,-0.1220703125,-0.08544921875,-0.01220703125,-0.0244140625,-0.15869140625,-0.93994140625,-0.32958984375,1.08642578125,-0.08544921875,-0.20751953125,-0.29296875,-0.54931640625,-0.10986328125,-0.13427734375,0.06103515625,0.84228515625,-0.09765625,-0.6103515625,-0.4638671875,-0.5615234375,-0.20751953125,-1.25732421875,-0.5615234375,1.123046875,-0.146484375,-0.2197265625,-0.35400390625,0.96435546875,0.2685546875,-0.59814453125,-0.10986328125,-0.09765625,0.37841796875,-0.3662109375,0.13427734375,-0.18310546875,0.2197265625,-0.69580078125,-0.13427734375,-0.4150390625,0.9033203125,1.01318359375,0.48828125,1.318359375,0.15869140625,0.45166015625,-0.42724609375,-0.146484375,-0.52490234375,0.7080078125,0.048828125,0.69580078125,-0.0732421875,0.4638671875,0.4150390625,0.47607421875,0.03662109375,0.01220703125,0.244140625,-0.439453125,0.1953125,0.89111328125,-0.0732421875,0.06103515625,-0.13427734375,0.10986328125,-0.0244140625,0.3662109375,0.3173828125,0.76904296875,-0.23193359375,-0.048828125,0.09765625,1.318359375,0.15869140625,-1.01318359375,-0.09765625,-0.3662109375,0.1220703125,-1.025390625,0.048828125,-0.7568359375,0.29296875,-0.40283203125,-0.03662109375,0.6103515625,-0.15869140625,4.0283203125,-0.03662109375,0.18310546875,-0.23193359375,-0.64697265625,0.0732421875,-0.69580078125,-0.08544921875,-0.57373046875,-0.32958984375,-0.0732421875,0.20751953125,-0.86669921875,-0.18310546875,-1.611328125,0.048828125,-1.18408203125,-0.08544921875,0.2685546875,0.35400390625,0.28076171875,-0.2197265625,-0.01220703125,-0.0732421875,-0.03662109375,-0.09765625,0.13427734375,-0.2685546875,0.244140625,-0.13427734375,1.28173828125,0.0732421875,0,-0.23193359375,0.15869140625
1,0.13427734375,-0.390625,0.03662109375,-0.37841796875,-0.03662109375,-0.45166015625,-0.146484375,-0.09765625,-0.0244140625,-0.0244140625,-0.1708984375,-0.93994140625,-0.341796875,1.07421875,-0.08544921875,-0.20751953125,-0.23193359375,-0.54931640625,-0.048828125,-0.146484375,0.10986328125,0.8544921875,-0.1220703125,-0.6103515625,-0.47607421875,-0.6103515625,-0.15869140625,-1.318359375,-0.6103515625,0.732421875,-0.09765625,-0.244140625,-0.4150390625,0.35400390625,0.28076171875,-0.76904296875,-0.1220703125,-0.28076171875,0.40283203125,-0.57373046875,0.1220703125,-0.20751953125,0.20751953125,-0.69580078125,-0.048828125,-0.45166015625,0.87890625,0.9765625,0.439453125,1.23291015625,0.1220703125,0.42724609375,-0.390625,-0.18310546875,-0.48828125,0.69580078125,0.048828125,0.7080078125,-0.06103515625,0.48828125,0.29296875,0.5126953125,0,-0.06103515625,0.2197265625,-0.146484375,0.2685546875,0.9521484375,-0.10986328125,0.10986328125,-0.10986328125,0.1708984375,0.0732421875,0.37841796875,0.29296875,0.76904296875,-0.3173828125,-0.048828125,0.09765625,1.318359375,0.10986328125,-0.98876953125,-0.03662109375,-0.390625,0.2197265625,-1.01318359375,-0.01220703125,-0.78125,0.23193359375,-0.52490234375,-0.048828125,0.5126953125,-0.20751953125,3.61328125,-0.08544921875,0.06103515625,-0.244140625,-0.6591796875,0.13427734375,-0.67138671875,-0.048828125,-0.6103515625,-0.30517578125,-0.06103515625,0.23193359375,-0.81787109375,-0.08544921875,-1.5869140625,0.08544921875,-1.1474609375,-0.09765625,0.29296875,0.3662109375,0.29296875,-0.20751953125,0.01220703125,-0.0732421875,-0.03662109375,-0.09765625,0.15869140625,-0.2685546875,0.62255859375,-0.10986328125,1.46484375,0.09765625,0.146484375,-0.2685546875,0.439453125
1,0.13427734375,-0.390625,0,-0.3662109375,-0.048828125,-0.45166015625,-0.15869140625,-0.09765625,-0.03662109375,-0.0244140625,-0.146484375,-0.927734375,-0.35400390625,1.06201171875,-0.10986328125,-0.18310546875,-0.13427734375,-0.57373046875,-0.01220703125,-0.13427734375,0.1220703125,0.84228515625,-0.13427734375,-0.6103515625,-0.48828125,-0.6103515625,-0.08544921875,-1.30615234375,-0.6103515625,0.40283203125,-0.06103515625,-0.2685546875,-0.42724609375,-0.20751953125,0.25634765625,-0.927734375,-0.146484375,-0.4638671875,0.3662109375,-0.78125,0.0732421875,-0.2197265625,0.0732421875,-0.67138671875,0,-0.45166015625,0.86669921875,0.93994140625,0.32958984375,1.1962890625,0.10986328125,0.40283203125,-0.3662109375,-0.20751953125,-0.42724609375,0.7080078125,0.048828125,0.7568359375,-0.0732421875,0.5126953125,0.18310546875,0.54931640625,0.03662109375,-0.10986328125,0.1708984375,0.5859375,0.29296875,1.07421875,-0.1220703125,0.244140625,-0.048828125,0.28076171875,0.1220703125,0.390625,0.25634765625,0.8056640625,-0.32958984375,-0.048828125,0.09765625,1.2939453125,0.03662109375,-0.96435546875,-0.0244140625,-0.390625,0.2197265625,-1.01318359375,-0.01220703125,-0.76904296875,0.2197265625,-0.6103515625,-0.01220703125,0.439453125,-0.146484375,3.33251953125,-0.09765625,0,-0.18310546875,-0.68359375,0.10986328125,-0.64697265625,-0.01220703125,-0.634765625,-0.244140625,-0.0732421875,0.2197265625,-0.8056640625,0.01220703125,-1.5869140625,0.0244140625,-1.1474609375,-0.0732421875,0.341796875,0.390625,0.3173828125,-0.1708984375,0.0244140625,-0.06103515625,-0.01220703125,-0.09765625,0.15869140625,-0.25634765625,0.91552734375,-0.1220703125,1.611328125,0.08544921875,0.30517578125,-0.2685546875,0.64697265625
1,0.15869140625,-0.40283203125,0,-0.3662109375,-0.08544921875,-0.45166015625,-0.15869140625,-0.09765625,-0.06103515625,-0.03662109375,-0.13427734375,-0.9033203125,-0.40283203125,1.0498046875,-0.1220703125,-0.1708984375,-0.08544921875,-0.59814453125,-0.01220703125,-0.13427734375,0.08544921875,0.87890625,-0.1220703125,-0.6103515625,-0.48828125,-0.5859375,-0.03662109375,-1.318359375,-0.54931640625,0.13427734375,-0.048828125,-0.2685546875,-0.3662109375,-0.76904296875,0.2197265625,-1.0498046875,-0.10986328125,-0.62255859375,0.341796875,-0.96435546875,0.08544921875,-0.25634765625,-0.01220703125,-0.6591796875,0.03662109375,-0.4150390625,0.830078125,0.87890625,0.23193359375,1.1474609375,0.08544921875,0.40283203125,-0.3173828125,-0.23193359375,-0.29296875,0.68359375,0.03662109375,0.78125,-0.0732421875,0.5126953125,0.08544921875,0.57373046875,0.01220703125,-0.10986328125,0.0244140625,1.66015625,0.30517578125,1.2451171875,-0.08544921875,0.4150390625,-0.0244140625,0.42724609375,0.15869140625,0.40283203125,0.18310546875,0.78125,-0.29296875,-0.048828125,0.13427734375,1.2939453125,0.0244140625,-0.927734375,0.01220703125,-0.390625,0.244140625,-1.0009765625,0,-0.78125,0.18310546875,-0.62255859375,0.01220703125,0.40283203125,-0.1708984375,3.1982421875,-0.13427734375,-0.0244140625,-0.09765625,-0.69580078125,0.0732421875,-0.634765625,0,-0.64697265625,-0.1708984375,-0.08544921875,0.2197265625,-0.78125,0.09765625,-1.5625,0.09765625,-1.13525390625,-0.08544921875,0.341796875,0.4150390625,0.32958984375,-0.15869140625,0.0244140625,-0.08544921875,0.01220703125,-0.1220703125,0.1953125,-0.244140625,1.07421875,-0.10986328125,1.67236328125,0.1220703125,0.4150390625,-0.244140625,0.78125
0,0.1708984375,-0.4150390625,-0.01220703125,-0.3662109375,-0.09765625,-0.4638671875,-0.1708984375,-0.09765625,-0.06103515625,-0.03662109375,-0.1220703125,-0.89111328125,-0.42724609375,1.06201171875,-0.10986328125,-0.146484375,-0.01220703125,-0.59814453125,-0.0244140625,-0.13427734375,0.03662109375,0.86669921875,-0.08544921875,-0.59814453125,-0.48828125,-0.5859375,0.06103515625,-1.30615234375,-0.439453125,-0.0732421875,-0.0732421875,-0.2685546875,-0.28076171875,-1.1962890625,0.2197265625,-1.171875,-0.10986328125,-0.74462890625,0.28076171875,-1.11083984375,0.1220703125,-0.28076171875,-0.1220703125,-0.634765625,0.03662109375,-0.40283203125,0.87890625,0.81787109375,0.1708984375,1.0986328125,0.1220703125,0.40283203125,-0.244140625,-0.244140625,-0.2197265625,0.69580078125,-0.01220703125,0.84228515625,-0.09765625,0.5126953125,0.08544921875,0.5859375,0.0244140625,-0.03662109375,-0.0244140625,3.0029296875,0.341796875,1.4404296875,-0.0244140625,0.6103515625,-0.0244140625,0.6103515625,0.15869140625,0.37841796875,0.13427734375,0.79345703125,-0.20751953125,-0.03662109375,0.0732421875,1.26953125,0.03662109375,-0.9033203125,0,-0.390625,0.2197265625,-1.0009765625,0,-0.79345703125,0.13427734375,-0.62255859375,0.048828125,0.37841796875,-0.09765625,3.173828125,-0.13427734375,-0.01220703125,-0.01220703125,-0.7080078125,0.0244140625,-0.67138671875,0,-0.64697265625,-0.10986328125,-0.0732421875,0.2197265625,-0.79345703125,0.15869140625,-1.57470703125,0.13427734375,-1.123046875,-0.09765625,0.32958984375,0.4150390625,0.3662109375,-0.10986328125,0.01220703125,-0.0732421875,0.048828125,-0.09765625,0.20751953125,-0.2197265625,1.06201171875,-0.09765625,1.66015625,0.10986328125,0.42724609375,-0.244140625,0.7568359375
0,0.1708984375,-0.4150390625,0.0244140625,-0.3662109375,-0.13427734375,-0.4638671875,-0.18310546875,-0.08544921875,-0.08544921875,-0.06103515625,-0.1220703125,-0.9033203125,-0.4638671875,1.03759765625,-0.06103515625,-0.146484375,0.01220703125,-0.6103515625,-0.06103515625,-0.146484375,-0.06103515625,0.86669921875,-0.03662109375,-0.6103515625,-0.390625,-0.57373046875,0.1220703125,-1.2939453125,-0.29296875,-0.1953125,-0.0732421875,-0.2685546875,-0.25634765625,-1.513671875,0.20751953125,-1.220703125,-0.09765625,-0.79345703125,0.2197265625,-1.220703125,0.1708984375,-0.25634765625,-0.1708984375,-0.62255859375,0.0244140625,-0.37841796875,0.8544921875,0.78125,0.10986328125,1.08642578125,0.09765625,0.40283203125,-0.146484375,-0.25634765625,-0.08544921875,0.69580078125,-0.06103515625,0.89111328125,-0.06103515625,0.52490234375,0.09765625,0.6103515625,-0.0732421875,0.06103515625,0.0244140625,4.43115234375,0.37841796875,1.62353515625,0.01220703125,0.79345703125,-0.03662109375,0.78125,0.15869140625,0.3662109375,0.09765625,0.830078125,-0.13427734375,-0.01220703125,-0.048828125,1.28173828125,0.0732421875,-0.89111328125,0,-0.40283203125,0.15869140625,-1.0009765625,0.03662109375,-0.8056640625,0.1220703125,-0.6103515625,0.0732421875,0.37841796875,0,3.23486328125,-0.146484375,0.0244140625,0.0732421875,-0.68359375,-0.0244140625,-0.67138671875,-0.01220703125,-0.634765625,-0.09765625,-0.09765625,0.2197265625,-0.79345703125,0.1953125,-1.59912109375,0.08544921875,-1.13525390625,-0.06103515625,0.341796875,0.439453125,0.35400390625,-0.13427734375,0.01220703125,-0.08544921875,0.06103515625,-0.08544921875,0.20751953125,-0.23193359375,0.9033203125,-0.09765625,1.5625,0.1220703125,0.37841796875,-0.23193359375,0.6591796875
0,0.1708984375,-0.4150390625,0.01220703125,-0.3662109375,-0.09765625,-0.47607421875,-0.1708984375,-0.10986328125,-0.09765625,-0.06103515625,-0.13427734375,-0.89111328125,-0.50048828125,1.025390625,-0.06103515625,-0.15869140625,0.048828125,-0.59814453125,-0.0732421875,-0.13427734375,-0.1220703125,0.86669921875,0,-0.5859375,-0.29296875,-0.54931640625,0.1708984375,-1.28173828125,-0.15869140625,-0.23193359375,-0.06103515625,-0.244140625,-0.2197265625,-1.69677734375,0.2685546875,-1.2451171875,-0.0732421875,-0.830078125,0.18310546875,-1.26953125,0.1708984375,-0.25634765625,-0.1708984375,-0.6103515625,-0.0244140625,-0.37841796875,0.81787109375,0.72021484375,-0.01220703125,1.11083984375,0.08544921875,0.40283203125,-0.0732421875,-0.28076171875,-0.0244140625,0.69580078125,-0.15869140625,0.91552734375,0,0.50048828125,0.06103515625,0.59814453125,-0.0244140625,0.18310546875,-0.01220703125,5.810546875,0.35400390625,1.806640625,0.06103515625,1.0009765625,-0.048828125,0.98876953125,0.20751953125,0.35400390625,0.0732421875,0.830078125,-0.0732421875,0,-0.10986328125,1.28173828125,0.09765625,-0.8544921875,0,-0.390625,0.09765625,-1.0009765625,0,-0.8056640625,0.09765625,-0.57373046875,0.09765625,0.390625,0.0732421875,3.3203125,-0.1708984375,0.03662109375,0.13427734375,-0.68359375,-0.0732421875,-0.68359375,-0.03662109375,-0.64697265625,-0.08544921875,-0.08544921875,0.2197265625,-0.81787109375,0.2197265625,-1.64794921875,0.13427734375,-1.123046875,0,0.341796875,0.42724609375,0.37841796875,-0.1220703125,-0.01220703125,-0.0732421875,0.06103515625,-0.06103515625,0.1953125,-0.2197265625,0.67138671875,-0.13427734375,1.42822265625,0.10986328125,0.244140625,-0.2197265625,0.47607421875
0,0.15869140625,-0.40283203125,0.01220703125,-0.37841796875,-0.10986328125,-0.4638671875,-0.1953125,-0.10986328125,-0.1220703125,-0.0732421875,-0.13427734375,-0.91552734375,-0.48828125,1.06201171875,-0.0732421875,-0.18310546875,0.048828125,-0.57373046875,-0.10986328125,-0.13427734375,-0.1220703125,0.86669921875,-0.0244140625,-0.59814453125,-0.2197265625,-0.5126953125,0.13427734375,-1.23291015625,-0.06103515625,-0.1708984375,-0.03662109375,-0.244140625,-0.20751953125,-1.64794921875,0.341796875,-1.23291015625,-0.08544921875,-0.79345703125,0.1708984375,-1.23291015625,0.1708984375,-0.244140625,-0.1708984375,-0.634765625,-0.06103515625,-0.3662109375,0.76904296875,0.6591796875,-0.0732421875,1.13525390625,0.09765625,0.439453125,0.01220703125,-0.25634765625,-0.048828125,0.69580078125,-0.2197265625,0.93994140625,0.01220703125,0.47607421875,-0.01220703125,0.57373046875,-0.1708984375,0.30517578125,-0.03662109375,7.01904296875,0.25634765625,1.9775390625,0.06103515625,1.18408203125,-0.09765625,1.13525390625,0.18310546875,0.3173828125,0.0244140625,0.86669921875,-0.01220703125,-0.0244140625,-0.146484375,1.26953125,0.08544921875,-0.81787109375,0.01220703125,-0.390625,-0.01220703125,-1.025390625,0,-0.8056640625,0.10986328125,-0.59814453125,0.13427734375,0.37841796875,0.1953125,3.40576171875,-0.15869140625,0.03662109375,0.1708984375,-0.6591796875,-0.09765625,-0.69580078125,-0.10986328125,-0.62255859375,-0.10986328125,-0.08544921875,0.18310546875,-0.8056640625,0.20751953125,-1.66015625,0.08544921875,-1.0498046875,0.048828125,0.32958984375,0.42724609375,0.390625,-0.09765625,-0.0244140625,-0.0732421875,0.0732421875,-0.048828125,0.1953125,-0.2197265625,0.37841796875,-0.10986328125,1.30615234375,0.10986328125,0.13427734375,-0.18310546875,0.28076171875
0,0.1708984375,-0.390625,-0.0244140625,-0.390625,-0.09765625,-0.45166015625,-0.20751953125,-0.1220703125,-0.13427734375,-0.0732421875,-0.10986328125,-0.927734375,-0.48828125,1.0498046875,-0.08544921875,-0.20751953125,0.03662109375,-0.57373046875,-0.146484375,-0.146484375,-0.09765625,0.84228515625,-0.0732421875,-0.57373046875,-0.13427734375,-0.48828125,0.06103515625,-1.23291015625,0,-0.03662109375,0.0244140625,-0.23193359375,-0.23193359375,-1.42822265625,0.37841796875,-1.1962890625,-0.09765625,-0.74462890625,0.146484375,-1.171875,0.15869140625,-0.244140625,-0.1220703125,-0.62255859375,-0.048828125,-0.3662109375,0.634765625,0.62255859375,-0.06103515625,1.20849609375,0.0244140625,0.42724609375,0.0732421875,-0.244140625,-0.03662109375,0.7080078125,-0.29296875,0.927734375,0.03662109375,0.439453125,-0.06103515625,0.5615234375,-0.18310546875,0.341796875,0.0244140625,7.97119140625,0.20751953125,2.11181640625,0.06103515625,1.33056640625,-0.08544921875,1.26953125,0.146484375,0.2685546875,-0.01220703125,0.8544921875,0.048828125,-0.01220703125,-0.15869140625,1.26953125,0.08544921875,-0.76904296875,0.06103515625,-0.390625,-0.09765625,-1.0498046875,-0.01220703125,-0.830078125,0.13427734375,-0.6103515625,0.15869140625,0.32958984375,0.2197265625,3.3447265625,-0.13427734375,-0.048828125,0.1708984375,-0.6591796875,-0.0732421875,-0.7080078125,-0.15869140625,-0.64697265625,-0.13427734375,-0.09765625,0.1708984375,-0.830078125,0.1708984375,-1.66015625,0.0732421875,-0.91552734375,0.10986328125,0.341796875,0.390625,0.390625,-0.08544921875,-0.0244140625,-0.0732421875,0.048828125,-0.06103515625,0.15869140625,-0.1708984375,0.10986328125,-0.1220703125,1.171875,0.10986328125,0,-0.1953125,0.10986328125
0,0.18310546875,-0.3662109375,-0.048828125,-0.40283203125,-0.10986328125,-0.439453125,-0.1953125,-0.1220703125,-0.1220703125,-0.06103515625,-0.10986328125,-0.93994140625,-0.4638671875,1.06201171875,-0.09765625,-0.1953125,0.01220703125,-0.54931640625,-0.2197265625,-0.13427734375,0,0.84228515625,-0.13427734375,-0.57373046875,-0.08544921875,-0.48828125,-0.03662109375,-1.23291015625,0.0244140625,0.1220703125,0.01220703125,-0.2197265625,-0.2685546875,-1.1474609375,0.4638671875,-1.08642578125,-0.1220703125,-0.64697265625,0.146484375,-1.06201171875,0.08544921875,-0.2197265625,-0.06103515625,-0.634765625,-0.048828125,-0.3662109375,0.6103515625,0.5859375,-0.0244140625,1.26953125,-0.01220703125,0.45166015625,0.10986328125,-0.244140625,0,0.69580078125,-0.32958984375,0.91552734375,0.048828125,0.4150390625,-0.03662109375,0.50048828125,-0.1708984375,0.37841796875,0.03662109375,8.60595703125,0.146484375,2.1728515625,0.048828125,1.416015625,-0.08544921875,1.33056640625,0.1220703125,0.23193359375,-0.048828125,0.8544921875,0.06103515625,-0.01220703125,-0.146484375,1.26953125,0.0732421875,-0.7080078125,0.06103515625,-0.40283203125,-0.1953125,-1.06201171875,-0.01220703125,-0.81787109375,0.2197265625,-0.68359375,0.18310546875,0.23193359375,0.25634765625,3.11279296875,-0.048828125,-0.18310546875,0.09765625,-0.64697265625,-0.0244140625,-0.72021484375,-0.244140625,-0.62255859375,-0.1953125,-0.0732421875,0.10986328125,-0.79345703125,0.048828125,-1.6357421875,0.0244140625,-0.68359375,0.08544921875,0.37841796875,0.3662109375,0.3662109375,-0.08544921875,-0.01220703125,-0.0732421875,0.03662109375,-0.06103515625,0.146484375,-0.1220703125,-0.09765625,-0.1220703125,1.0986328125,0.13427734375,-0.09765625,-0.1953125,0
0,0.1708984375,-0.37841796875,-0.0732421875,-0.37841796875,-0.08544921875,-0.42724609375,-0.2197265625,-0.10986328125,-0.1220703125,-0.048828125,-0.0732421875,-0.93994140625,-0.4150390625,1.07421875,-0.09765625,-0.1953125,0.01220703125,-0.5615234375,-0.341796875,-0.13427734375,0.13427734375,0.81787109375,-0.1953125,-0.57373046875,-0.01220703125,-0.48828125,-0.1220703125,-1.220703125,-0.01220703125,0.341796875,0.048828125,-0.1953125,-0.2685546875,-0.76904296875,0.52490234375,-1.01318359375,-0.1953125,-0.5126953125,0.15869140625,-0.93994140625,0.048828125,-0.2197265625,-0.048828125,-0.64697265625,-0.03662109375,-0.40283203125,0.59814453125,0.5859375,0.0244140625,1.35498046875,-0.048828125,0.45166015625,0.1220703125,-0.2197265625,0.08544921875,0.69580078125,-0.32958984375,0.86669921875,0.06103515625,0.390625,-0.01220703125,0.48828125,-0.1953125,0.30517578125,0.0732421875,8.88671875,0.09765625,2.2216796875,0,1.45263671875,-0.0732421875,1.37939453125,0.08544921875,0.23193359375,-0.09765625,0.86669921875,0.09765625,-0.03662109375,-0.10986328125,1.26953125,0.048828125,-0.6591796875,0.09765625,-0.37841796875,-0.25634765625,-1.07421875,0.0244140625,-0.830078125,0.244140625,-0.830078125,0.18310546875,0.1220703125,0.3173828125,2.6611328125,0.01220703125,-0.3662109375,0.06103515625,-0.634765625,0,-0.74462890625,-0.3173828125,-0.62255859375,-0.2197265625,-0.08544921875,0.1220703125,-0.69580078125,0.01220703125,-1.55029296875,-0.03662109375,-0.341796875,0.1220703125,0.47607421875,0.35400390625,0.3662109375,-0.08544921875,-0.0244140625,-0.06103515625,0.048828125,-0.08544921875,0.1220703125,-0.146484375,-0.15869140625,-0.1220703125,1.07421875,0.146484375,-0.1708984375,-0.18310546875,-0.06103515625
0,0.18310546875,-0.3662109375,-0.08544921875,-0.37841796875,-0.08544921875,-0.439453125,-0.2197265625,-0.10986328125,-0.1220703125,-0.048828125,-0.08544921875,-0.93994140625,-0.37841796875,1.06201171875,-0.06103515625,-0.1708984375,0.0244140625,-0.52490234375,-0.42724609375,-0.13427734375,0.1953125,0.81787109375,-0.25634765625,-0.57373046875,-0.01220703125,-0.48828125,-0.146484375,-1.220703125,-0.0732421875,0.52490234375,0.048828125,-0.20751953125,-0.3173828125,-0.42724609375,0.57373046875,-0.927734375,-0.244140625,-0.42724609375,0.23193359375,-0.830078125,-0.01220703125,-0.23193359375,0,-0.67138671875,-0.06103515625,-0.40283203125,0.6103515625,0.5859375,0.06103515625,1.47705078125,-0.06103515625,0.439453125,0.146484375,-0.2197265625,0.1708984375,0.68359375,-0.30517578125,0.84228515625,0.08544921875,0.40283203125,-0.0244140625,0.45166015625,-0.29296875,0.2197265625,0.08544921875,8.85009765625,0.01220703125,2.197265625,-0.06103515625,1.4404296875,-0.08544921875,1.37939453125,0.048828125,0.28076171875,-0.09765625,0.84228515625,0.09765625,-0.03662109375,-0.09765625,1.28173828125,0.01220703125,-0.64697265625,0.10986328125,-0.3662109375,-0.30517578125,-1.0498046875,0.0244140625,-0.830078125,0.30517578125,-0.98876953125,0.20751953125,-0.0244140625,0.3173828125,2.05078125,0.08544921875,-0.6103515625,0.01220703125,-0.64697265625,0.0244140625,-0.7080078125,-0.35400390625,-0.62255859375,-0.244140625,-0.06103515625,0.1220703125,-0.57373046875,-0.1220703125,-1.42822265625,-0.13427734375,0.10986328125,0.10986328125,0.6103515625,0.341796875,0.341796875,-0.06103515625,-0.01220703125,-0.06103515625,0.0244140625,-0.06103515625,0.13427734375,-0.09765625,-0.1220703125,-0.06103515625,1.07421875,0.146484375,-0.20751953125,-0.1708984375,-0.0244140625
0,0.1953125,-0.3662109375,-0.1220703125,-0.35400390625,-0.048828125,-0.45166015625,-0.20751953125,-0.08544921875,-0.1220703125,-0.03662109375,-0.06103515625,-0.9521484375,-0.3662109375,1.07421875,-0.08544921875,-0.15869140625,0.01220703125,-0.54931640625,-0.4638671875,-0.13427734375,0.28076171875,0.84228515625,-0.28076171875,-0.57373046875,-0.048828125,-0.50048828125,-0.1708984375,-1.2451171875,-0.08544921875,0.64697265625,0.03662109375,-0.1953125,-0.29296875,-0.146484375,0.68359375,-0.86669921875,-0.2685546875,-0.35400390625,0.341796875,-0.72021484375,-0.06103515625,-0.20751953125,-0.01220703125,-0.69580078125,-0.0732421875,-0.40283203125,0.634765625,0.5859375,0.09765625,1.55029296875,-0.048828125,0.439453125,0.13427734375,-0.1953125,0.1953125,0.68359375,-0.244140625,0.8056640625,0.06103515625,0.42724609375,-0.0244140625,0.45166015625,-0.25634765625,0.08544921875,0.146484375,8.5205078125,-0.0244140625,2.1484375,-0.146484375,1.40380859375,-0.048828125,1.3671875,0,0.29296875,-0.08544921875,0.830078125,0.09765625,-0.048828125,-0.06103515625,1.28173828125,-0.03662109375,-0.634765625,0.09765625,-0.35400390625,-0.3173828125,-1.0498046875,0.08544921875,-0.81787109375,0.3662109375,-1.18408203125,0.1708984375,-0.1953125,0.35400390625,1.3427734375,0.146484375,-0.8544921875,-0.03662109375,-0.67138671875,0.0244140625,-0.69580078125,-0.390625,-0.62255859375,-0.2685546875,-0.048828125,0.1708984375,-0.40283203125,-0.18310546875,-1.26953125,-0.0732421875,0.62255859375,0.08544921875,0.79345703125,0.341796875,0.32958984375,-0.048828125,-0.01220703125,-0.0732421875,0.0244140625,-0.06103515625,0.13427734375,-0.18310546875,-0.01220703125,-0.1220703125,1.123046875,0.06103515625,-0.1708984375,-0.25634765625,0.01220703125
0,0.1953125,-0.37841796875,-0.146484375,-0.341796875,-0.06103515625,-0.439453125,-0.20751953125,-0.08544921875,-0.13427734375,-0.048828125,-0.06103515625,-0.93994140625,-0.32958984375,1.06201171875,-0.048828125,-0.1708984375,0.06103515625,-0.5615234375,-0.4638671875,-0.15869140625,0.3173828125,0.84228515625,-0.2685546875,-0.59814453125,-0.13427734375,-0.5126953125,-0.15869140625,-1.2451171875,-0.18310546875,0.69580078125,0.03662109375,-0.20751953125,-0.244140625,-0.01220703125,0.69580078125,-0.830078125,-0.341796875,-0.3173828125,0.390625,-0.68359375,-0.048828125,-0.20751953125,-0.0244140625,-0.69580078125,-0.10986328125,-0.37841796875,0.5615234375,0.6103515625,0.146484375,1.66015625,-0.0732421875,0.40283203125,0.0732421875,-0.1708984375,0.23193359375,0.6591796875,-0.23193359375,0.78125,0.0244140625,0.439453125,-0.13427734375,0.439453125,-0.2685546875,-0.03662109375,0.1708984375,7.99560546875,-0.048828125,2.05078125,-0.2197265625,1.2939453125,-0.0244140625,1.25732421875,-0.03662109375,0.32958984375,-0.06103515625,0.8544921875,0.0732421875,-0.048828125,0.06103515625,1.26953125,-0.03662109375,-0.62255859375,0.06103515625,-0.3662109375,-0.28076171875,-1.025390625,0.1220703125,-0.81787109375,0.390625,-1.3671875,0.146484375,-0.35400390625,0.42724609375,0.5859375,0.18310546875,-1.11083984375,-0.0732421875,-0.68359375,0.01220703125,-0.69580078125,-0.37841796875,-0.62255859375,-0.3173828125,-0.0732421875,0.2197265625,-0.20751953125,-0.20751953125,-1.03759765625,-0.09765625,1.1962890625,0.10986328125,1.0009765625,0.32958984375,0.3173828125,-0.048828125,0,-0.0732421875,0.0244140625,-0.048828125,0.15869140625,-0.1708984375,0.15869140625,-0.10986328125,1.18408203125,0.0732421875,-0.1220703125,-0.20751953125,0.09765625
0,0.1953125,-0.390625,-0.1220703125,-0.37841796875,-0.0732421875,-0.42724609375,-0.23193359375,-0.10986328125,-0.13427734375,-0.048828125,-0.06103515625,-0.93994140625,-0.30517578125,1.025390625,-0.03662109375,-0.15869140625,0.0732421875,-0.5859375,-0.42724609375,-0.146484375,0.30517578125,0.89111328125,-0.18310546875,-0.5859375,-0.1953125,-0.52490234375,-0.13427734375,-1.25732421875,-0.20751953125,0.67138671875,0.048828125,-0.1708984375,-0.20751953125,-0.0244140625,0.7080078125,-0.830078125,-0.390625,-0.30517578125,0.42724609375,-0.6591796875,-0.01220703125,-0.18310546875,-0.10986328125,-0.72021484375,-0.13427734375,-0.390625,0.67138671875,0.64697265625,0.2685546875,1.72119140625,-0.08544921875,0.390625,0,-0.18310546875,0.1953125,0.6591796875,-0.1708984375,0.732421875,0.01220703125,0.47607421875,-0.146484375,0.4638671875,-0.2685546875,-0.13427734375,0.18310546875,7.23876953125,-0.09765625,1.9287109375,-0.25634765625,1.1474609375,-0.0244140625,1.123046875,-0.048828125,0.3662109375,-0.048828125,0.8056640625,0.10986328125,-0.0244140625,0.1708984375,1.26953125,-0.048828125,-0.634765625,0.03662109375,-0.35400390625,-0.23193359375,-1.01318359375,0.13427734375,-0.81787109375,0.390625,-1.513671875,0.15869140625,-0.5126953125,0.439453125,-0.03662109375,0.13427734375,-1.28173828125,-0.146484375,-0.68359375,-0.03662109375,-0.67138671875,-0.29296875,-0.62255859375,-0.29296875,-0.06103515625,0.2197265625,0.0244140625,-0.244140625,-0.830078125,-0.08544921875,1.7822265625,0.08544921875,1.2451171875,0.29296875,0.32958984375,-0.03662109375,0.01220703125,-0.06103515625,0.03662109375,-0.06103515625,0.1953125,-0.09765625,0.28076171875,-0.0732421875,1.23291015625,0.0732421875,-0.0732421875,-0.1708984375,0.146484375
0,0.18310546875,-0.390625,-0.09765625,-0.3662109375,-0.08544921875,-0.42724609375,-0.244140625,-0.10986328125,-0.146484375,-0.03662109375,-0.048828125,-0.927734375,-0.30517578125,1.06201171875,-0.03662109375,-0.15869140625,0.0732421875,-0.57373046875,-0.35400390625,-0.1708984375,0.30517578125,0.87890625,-0.1220703125,-0.5615234375,-0.341796875,-0.52490234375,-0.1220703125,-1.26953125,-0.2197265625,0.57373046875,0.0244140625,-0.1708984375,-0.13427734375,-0.15869140625,0.76904296875,-0.84228515625,-0.40283203125,-0.341796875,0.50048828125,-0.69580078125,0.01220703125,-0.20751953125,-0.244140625,-0.732421875,-0.1953125,-0.40283203125,0.732421875,0.68359375,0.3173828125,1.7822265625,-0.048828125,0.37841796875,-0.09765625,-0.1708984375,0.10986328125,0.69580078125,-0.08544921875,0.732421875,0.0244140625,0.50048828125,-0.2197265625,0.48828125,-0.13427734375,-0.15869140625,0.1708984375,6.38427734375,-0.0732421875,1.7822265625,-0.25634765625,1.0009765625,-0.01220703125,0.9521484375,-0.048828125,0.35400390625,-0.09765625,0.84228515625,0.13427734375,-0.03662109375,0.23193359375,1.28173828125,-0.0244140625,-0.68359375,0.0244140625,-0.37841796875,-0.1708984375,-1.01318359375,0.1708984375,-0.8056640625,0.341796875,-1.611328125,0.15869140625,-0.5859375,0.5126953125,-0.537109375,0.10986328125,-1.37939453125,-0.1953125,-0.7080078125,-0.09765625,-0.67138671875,-0.2197265625,-0.64697265625,-0.2685546875,-0.08544921875,0.25634765625,0.2685546875,-0.18310546875,-0.634765625,0.0732421875,2.33154296875,0.09765625,1.4892578125,0.28076171875,0.32958984375,-0.03662109375,0.03662109375,-0.06103515625,0.03662109375,-0.048828125,0.1953125,-0.1708984375,0.35400390625,-0.15869140625,1.25732421875,0.0244140625,-0.03662109375,-0.25634765625,0.1708984375
0,0.1953125,-0.40283203125,-0.1220703125,-0.35400390625,-0.08544921875,-0.439453125,-0.2685546875,-0.09765625,-0.146484375,-0.03662109375,-0.06103515625,-0.91552734375,-0.32958984375,1.03759765625,-0.01220703125,-0.15869140625,0.0732421875,-0.5859375,-0.244140625,-0.1708984375,0.29296875,0.9033203125,-0.03662109375,-0.5615234375,-0.42724609375,-0.52490234375,-0.0732421875,-1.2451171875,-0.1953125,0.4638671875,0.01220703125,-0.1708984375,-0.1220703125,-0.40283203125,0.69580078125,-0.89111328125,-0.42724609375,-0.37841796875,0.47607421875,-0.76904296875,0.08544921875,-0.18310546875,-0.341796875,-0.732421875,-0.20751953125,-0.37841796875,0.84228515625,0.72021484375,0.28076171875,1.81884765625,-0.03662109375,0.390625,-0.1953125,-0.146484375,0.01220703125,0.69580078125,-0.09765625,0.732421875,0.06103515625,0.5126953125,-0.30517578125,0.48828125,-0.03662109375,-0.1708984375,0.1708984375,5.4443359375,-0.09765625,1.611328125,-0.23193359375,0.84228515625,-0.03662109375,0.8056640625,-0.06103515625,0.35400390625,-0.048828125,0.8544921875,0.20751953125,-0.03662109375,0.28076171875,1.28173828125,0.01220703125,-0.732421875,-0.0244140625,-0.37841796875,-0.10986328125,-1.0009765625,0.10986328125,-0.79345703125,0.2685546875,-1.64794921875,0.1220703125,-0.62255859375,0.40283203125,-0.732421875,0.0244140625,-1.40380859375,-0.2197265625,-0.69580078125,-0.15869140625,-0.64697265625,-0.13427734375,-0.634765625,-0.20751953125,-0.0732421875,0.30517578125,0.45166015625,-0.146484375,-0.45166015625,0.13427734375,2.7587890625,0.06103515625,1.6845703125,0.28076171875,0.341796875,-0.01220703125,0.0244140625,-0.06103515625,0.0244140625,-0.0244140625,0.1953125,-0.10986328125,0.341796875,-0.09765625,1.23291015625,0.0732421875,-0.0244140625,-0.2197265625,0.1220703125
1,0.1708984375,-0.40283203125,-0.1220703125,-0.341796875,-0.03662109375,-0.42724609375,-0.2685546875,-0.1220703125,-0.15869140625,-0.0244140625,-0.06103515625,-0.89111328125,-0.341796875,1.0498046875,0,-0.15869140625,0.03662109375,-0.5615234375,-0.18310546875,-0.15869140625,0.30517578125,0.91552734375,0.048828125,-0.5615234375,-0.45166015625,-0.50048828125,-0.03662109375,-1.23291015625,-0.13427734375,0.32958984375,-0.03662109375,-0.1708984375,-0.13427734375,-0.64697265625,0.62255859375,-0.93994140625,-0.45166015625,-0.45166015625,0.42724609375,-0.830078125,0.09765625,-0.18310546875,-0.439453125,-0.732421875,-0.23193359375,-0.37841796875,0.9033203125,0.7568359375,0.20751953125,1.85546875,0.06103515625,0.4150390625,-0.25634765625,-0.18310546875,-0.0732421875,0.69580078125,-0.13427734375,0.74462890625,0.13427734375,0.48828125,-0.29296875,0.5126953125,0.09765625,-0.10986328125,0.146484375,4.4921875,-0.08544921875,1.45263671875,-0.1708984375,0.68359375,-0.0732421875,0.64697265625,-0.06103515625,0.3662109375,0,0.8544921875,0.30517578125,-0.03662109375,0.244140625,1.26953125,0.048828125,-0.7568359375,-0.0732421875,-0.37841796875,-0.0244140625,-1.0009765625,0.0732421875,-0.78125,0.2197265625,-1.611328125,0.0732421875,-0.57373046875,0.390625,-0.67138671875,-0.01220703125,-1.30615234375,-0.2197265625,-0.732421875,-0.20751953125,-0.6591796875,-0.048828125,-0.62255859375,-0.1220703125,-0.0732421875,0.35400390625,0.59814453125,-0.048828125,-0.3173828125,0.1220703125,3.06396484375,0.09765625,1.84326171875,0.28076171875,0.37841796875,-0.0244140625,-0.01220703125,-0.06103515625,0.01220703125,-0.0244140625,0.18310546875,-0.09765625,0.25634765625,-0.08544921875,1.171875,0.0732421875,-0.03662109375,-0.20751953125,0.048828125
1,0.146484375,-0.4150390625,-0.15869140625,-0.35400390625,-0.0244140625,-0.45166015625,-0.2685546875,-0.10986328125,-0.1953125,-0.048828125,-0.08544921875,-0.9033203125,-0.35400390625,1.03759765625,0.0244140625,-0.1708984375,0.03662109375,-0.57373046875,-0.09765625,-0.146484375,0.29296875,0.91552734375,0.13427734375,-0.5615234375,-0.439453125,-0.48828125,-0.06103515625,-1.1962890625,-0.1220703125,0.23193359375,-0.08544921875,-0.15869140625,-0.06103515625,-0.84228515625,0.57373046875,-0.96435546875,-0.37841796875,-0.45166015625,0.42724609375,-0.86669921875,0.0732421875,-0.1708984375,-0.42724609375,-0.72021484375,-0.20751953125,-0.390625,0.78125,0.78125,0.10986328125,1.81884765625,0.09765625,0.42724609375,-0.3173828125,-0.18310546875,-0.1220703125,0.69580078125,-0.1708984375,0.732421875,0.23193359375,0.47607421875,-0.20751953125,0.50048828125,0.1708984375,-0.03662109375,0.13427734375,3.564453125,-0.048828125,1.318359375,-0.09765625,0.5126953125,-0.13427734375,0.5126953125,-0.06103515625,0.3662109375,0.0244140625,0.89111328125,0.3662109375,-0.03662109375,0.15869140625,1.26953125,0.06103515625,-0.79345703125,-0.09765625,-0.37841796875,0.03662109375,-1.0009765625,0.0732421875,-0.78125,0.20751953125,-1.50146484375,0,-0.4638671875,0.3173828125,-0.2685546875,-0.03662109375,-1.11083984375,-0.15869140625,-0.7080078125,-0.25634765625,-0.6591796875,0.03662109375,-0.62255859375,-0.06103515625,-0.06103515625,0.3662109375,0.6591796875,0.0732421875,-0.23193359375,0.146484375,3.22265625,0.0732421875,1.94091796875,0.28076171875,0.3662109375,-0.0244140625,0,-0.0732421875,-0.01220703125,-0.03662109375,0.15869140625,-0.10986328125,0.146484375,-0.0732421875,1.11083984375,0.06103515625,-0.0732421875,-0.2197265625,-0.08544921875
1,0.15869140625,-0.40283203125,-0.1708984375,-0.35400390625,-0.0244140625,-0.45166015625,-0.2685546875,-0.10986328125,-0.18310546875,-0.048828125,-0.08544921875,-0.9033203125,-0.37841796875,1.06201171875,0.01220703125,-0.15869140625,0.06103515625,-0.5615234375,-0.0732421875,-0.146484375,0.32958984375,0.9033203125,0.1220703125,-0.57373046875,-0.35400390625,-0.47607421875,-0.08544921875,-1.171875,-0.0732421875,0.1953125,-0.048828125,-0.15869140625,-0.10986328125,-0.9521484375,0.4638671875,-0.93994140625,-0.3662109375,-0.45166015625,0.37841796875,-0.87890625,0.0732421875,-0.15869140625,-0.390625,-0.72021484375,-0.1708984375,-0.3662109375,0.7568359375,0.79345703125,0.01220703125,1.74560546875,0.1708984375,0.4638671875,-0.35400390625,-0.18310546875,-0.20751953125,0.72021484375,-0.2197265625,0.732421875,0.25634765625,0.47607421875,-0.18310546875,0.5126953125,0.1220703125,0.0732421875,0.08544921875,2.7099609375,-0.06103515625,1.1962890625,-0.03662109375,0.390625,-0.15869140625,0.37841796875,-0.06103515625,0.3173828125,0.09765625,0.89111328125,0.40283203125,-0.0244140625,0.1220703125,1.2939453125,0.0732421875,-0.830078125,-0.08544921875,-0.390625,0.048828125,-0.98876953125,0.03662109375,-0.76904296875,0.146484375,-1.30615234375,-0.06103515625,-0.28076171875,0.1953125,0.4150390625,-0.06103515625,-0.8544921875,-0.08544921875,-0.69580078125,-0.29296875,-0.67138671875,0.09765625,-0.59814453125,0.01220703125,-0.0732421875,0.390625,0.6591796875,0.20751953125,-0.20751953125,0.13427734375,3.22265625,0.06103515625,1.94091796875,0.28076171875,0.3662109375,-0.0244140625,-0.01220703125,-0.0732421875,0.01220703125,-0.0244140625,0.15869140625,-0.10986328125,0.01220703125,-0.0732421875,1.0498046875,0.0244140625,-0.13427734375,-0.2685546875,-0.18310546875
1,0.1708984375,-0.390625,-0.146484375,-0.35400390625,-0.01220703125,-0.45166015625,-0.28076171875,-0.10986328125,-0.18310546875,-0.08544921875,-0.09765625,-0.91552734375,-0.3662109375,1.0498046875,0.01220703125,-0.15869140625,0.0732421875,-0.57373046875,-0.048828125,-0.146484375,0.32958984375,0.9033203125,0.08544921875,-0.5859375,-0.23193359375,-0.4638671875,-0.10986328125,-1.15966796875,-0.0732421875,0.1708984375,-0.0244140625,-0.15869140625,-0.09765625,-0.93994140625,0.40283203125,-0.927734375,-0.35400390625,-0.42724609375,0.32958984375,-0.81787109375,0.06103515625,-0.146484375,-0.32958984375,-0.7080078125,-0.1220703125,-0.390625,0.74462890625,0.79345703125,0.0244140625,1.6845703125,0.1953125,0.4638671875,-0.37841796875,-0.15869140625,-0.32958984375,0.72021484375,-0.28076171875,0.7080078125,0.28076171875,0.439453125,-0.15869140625,0.50048828125,0.20751953125,0.146484375,0.0732421875,1.953125,-0.0732421875,1.07421875,-0.01220703125,0.25634765625,-0.20751953125,0.2685546875,-0.09765625,0.32958984375,0.10986328125,0.91552734375,0.4150390625,-0.03662109375,0.06103515625,1.26953125,0.03662109375,-0.830078125,-0.048828125,-0.40283203125,0.01220703125,-1.0009765625,0.09765625,-0.79345703125,0.146484375,-1.0498046875,-0.10986328125,-0.0244140625,0.01220703125,1.2939453125,-0.0732421875,-0.52490234375,0,-0.68359375,-0.2685546875,-0.68359375,0.13427734375,-0.5859375,0.06103515625,-0.0732421875,0.3662109375,0.59814453125,0.35400390625,-0.244140625,0.18310546875,3.08837890625,0.08544921875,1.89208984375,0.25634765625,0.3662109375,-0.03662109375,-0.0244140625,-0.06103515625,0.01220703125,-0.048828125,0.13427734375,-0.13427734375,-0.08544921875,-0.0732421875,1.01318359375,0.048828125,-0.1708984375,-0.2197265625,-0.2197265625
1,0.18310546875,-0.390625,-0.18310546875,-0.3662109375,-0.0244140625,-0.439453125,-0.28076171875,-0.1220703125,-0.1708984375,-0.09765625,-0.08544921875,-0.91552734375,-0.3662109375,1.06201171875,0,-0.1708984375,0.10986328125,-0.5615234375,-0.03662109375,-0.1220703125,0.32958984375,0.89111328125,0,-0.5859375,-0.10986328125,-0.47607421875,-0.13427734375,-1.13525390625,-0.0732421875,0.244140625,0.0732421875,-0.13427734375,-0.048828125,-0.79345703125,0.390625,-0.8544921875,-0.29296875,-0.35400390625,0.30517578125,-0.74462890625,0.06103515625,-0.15869140625,-0.23193359375,-0.69580078125,-0.06103515625,-0.37841796875,0.5859375,0.7568359375,0.0244140625,1.611328125,0.23193359375,0.45166015625,-0.341796875,-0.18310546875,-0.45166015625,0.7080078125,-0.2685546875,0.69580078125,0.244140625,0.439453125,-0.2685546875,0.50048828125,0.244140625,0.20751953125,0.0732421875,1.28173828125,-0.06103515625,0.98876953125,0.0244140625,0.1708984375,-0.1708984375,0.20751953125,-0.1708984375,0.32958984375,0.13427734375,0.927734375,0.37841796875,-0.06103515625,0,1.28173828125,0.0244140625,-0.8544921875,-0.01220703125,-0.4150390625,-0.03662109375,-1.025390625,0.146484375,-0.79345703125,0.08544921875,-0.76904296875,-0.1708984375,0.25634765625,-0.1220703125,2.294921875,-0.0732421875,-0.18310546875,0.0732421875,-0.6591796875,-0.244140625,-0.68359375,0.09765625,-0.5859375,0.0732421875,-0.048828125,0.3173828125,0.50048828125,0.4150390625,-0.341796875,0.10986328125,2.880859375,0.08544921875,1.79443359375,0.25634765625,0.35400390625,-0.03662109375,-0.0244140625,-0.0732421875,0,-0.06103515625,0.13427734375,-0.08544921875,-0.10986328125,0.01220703125,1.025390625,0.03662109375,-0.1708984375,-0.23193359375,-0.2197265625
1,0.20751953125,-0.390625,-0.20751953125,-0.3662109375,0.01220703125,-0.439453125,-0.28076171875,-0.10986328125,-0.1953125,-0.09765625,-0.048828125,-0.91552734375,-0.3662109375,1.0498046875,0.01220703125,-0.1953125,0.1220703125,-0.57373046875,-0.09765625,-0.10986328125,0.29296875,0.86669921875,-0.0732421875,-0.62255859375,0,-0.47607421875,-0.13427734375,-1.0986328125,-0.048828125,0.3662109375,0.1708984375,-0.09765625,-0.0732421875,-0.57373046875,0.3662109375,-0.74462890625,-0.3173828125,-0.29296875,0.20751953125,-0.62255859375,0.01220703125,-0.18310546875,-0.15869140625,-0.68359375,-0.01220703125,-0.40283203125,0.52490234375,0.74462890625,0.03662109375,1.5380859375,0.25634765625,0.42724609375,-0.3173828125,-0.20751953125,-0.47607421875,0.72021484375,-0.2197265625,0.7080078125,0.2685546875,0.45166015625,-0.3662109375,0.5126953125,0.390625,0.244140625,0.09765625,0.72021484375,-0.01220703125,0.93994140625,0.03662109375,0.1220703125,-0.09765625,0.146484375,-0.23193359375,0.35400390625,0.18310546875,0.927734375,0.35400390625,-0.06103515625,0,1.30615234375,0.01220703125,-0.8544921875,0.048828125,-0.390625,-0.08544921875,-1.01318359375,0.15869140625,-0.81787109375,0.09765625,-0.4638671875,-0.15869140625,0.52490234375,0.03662109375,3.30810546875,-0.03662109375,0.146484375,0.13427734375,-0.64697265625,-0.20751953125,-0.69580078125,0.048828125,-0.5859375,0.1220703125,-0.06103515625,0.244140625,0.35400390625,0.4150390625,-0.45166015625,-0.03662109375,2.60009765625,0.1220703125,1.64794921875,0.20751953125,0.32958984375,-0.03662109375,-0.01220703125,-0.0732421875,-0.0244140625,-0.0732421875,0.13427734375,-0.0244140625,-0.03662109375,0.01220703125,1.11083984375,0.0244140625,-0.13427734375,-0.2685546875,-0.146484375
1,0.20751953125,-0.37841796875,-0.23193359375,-0.3662109375,0.0244140625,-0.439453125,-0.2685546875,-0.10986328125,-0.18310546875,-0.09765625,-0.048828125,-0.91552734375,-0.341796875,1.06201171875,0.0244140625,-0.2197265625,0.13427734375,-0.5859375,-0.1708984375,-0.10986328125,0.1953125,0.86669921875,-0.13427734375,-0.6103515625,0.0732421875,-0.4638671875,-0.13427734375,-1.123046875,-0.03662109375,0.47607421875,0.23193359375,-0.048828125,-0.0244140625,-0.28076171875,0.390625,-0.64697265625,-0.28076171875,-0.20751953125,0.20751953125,-0.47607421875,-0.03662109375,-0.1708984375,-0.048828125,-0.69580078125,-0.01220703125,-0.40283203125,0.341796875,0.7080078125,0.09765625,1.4404296875,0.244140625,0.4150390625,-0.3173828125,-0.2197265625,-0.52490234375,0.69580078125,-0.18310546875,0.72021484375,0.2685546875,0.4638671875,-0.40283203125,0.54931640625,0.67138671875,0.23193359375,0.10986328125,0.28076171875,0.0732421875,0.89111328125,0.0244140625,0.1220703125,-0.01220703125,0.10986328125,-0.2685546875,0.341796875,0.18310546875,0.9033203125,0.28076171875,-0.048828125,-0.0732421875,1.28173828125,0.01220703125,-0.8544921875,0.08544921875,-0.40283203125,-0.146484375,-1.025390625,0.20751953125,-0.81787109375,0.08544921875,-0.1708984375,-0.146484375,0.79345703125,-0.03662109375,4.26025390625,0.01220703125,0.48828125,0.20751953125,-0.6591796875,-0.18310546875,-0.68359375,-0.048828125,-0.59814453125,0.146484375,-0.0732421875,0.13427734375,0.25634765625,0.3662109375,-0.5615234375,-0.1708984375,2.3193359375,0.10986328125,1.52587890625,0.15869140625,0.32958984375,-0.01220703125,-0.0244140625,-0.06103515625,0,-0.08544921875,0.146484375,0.048828125,0.09765625,0.03662109375,1.18408203125,0.06103515625,-0.06103515625,-0.244140625,0.01220703125
1,0.1953125,-0.40283203125,-0.25634765625,-0.40283203125,0.0244140625,-0.45166015625,-0.244140625,-0.09765625,-0.1708984375,-0.10986328125,-0.0244140625,-0.89111328125,-0.35400390625,1.07421875,0.06103515625,-0.20751953125,0.146484375,-0.59814453125,-0.23193359375,-0.10986328125,0.10986328125,0.86669921875,-0.146484375,-0.62255859375,0.0732421875,-0.45166015625,-0.13427734375,-1.11083984375,0.03662109375,0.634765625,0.29296875,-0.01220703125,0.048828125,0,0.439453125,-0.5615234375,-0.23193359375,-0.1220703125,0.2197265625,-0.35400390625,-0.0244140625,-0.1708984375,-0.01220703125,-0.69580078125,-0.0732421875,-0.390625,0.3173828125,0.67138671875,0.1220703125,1.3671875,0.244140625,0.40283203125,-0.25634765625,-0.23193359375,-0.52490234375,0.68359375,-0.08544921875,0.732421875,0.2197265625,0.50048828125,-0.4638671875,0.537109375,0.634765625,0.2197265625,0.18310546875,-0.048828125,0.1220703125,0.89111328125,0,0.1220703125,0.048828125,0.09765625,-0.25634765625,0.3662109375,0.18310546875,0.91552734375,0.244140625,-0.06103515625,-0.13427734375,1.28173828125,0.01220703125,-0.84228515625,0.09765625,-0.390625,-0.146484375,-1.01318359375,0.15869140625,-0.8056640625,0.08544921875,0.09765625,-0.146484375,1.0009765625,-0.08544921875,5.09033203125,-0.01220703125,0.7568359375,0.20751953125,-0.67138671875,-0.18310546875,-0.69580078125,-0.1708984375,-0.62255859375,0.15869140625,-0.08544921875,0.06103515625,0.13427734375,0.2685546875,-0.6591796875,-0.2685546875,2.08740234375,0.09765625,1.42822265625,0.13427734375,0.32958984375,-0.01220703125,-0.01220703125,-0.06103515625,-0.0244140625,-0.08544921875,0.15869140625,0.0732421875,0.244140625,0.0244140625,1.318359375,0.06103515625,0.0244140625,-0.244140625,0.1708984375
1,0.1708984375,-0.390625,-0.25634765625,-0.390625,0.01220703125,-0.439453125,-0.23193359375,-0.10986328125,-0.1708984375,-0.10986328125,-0.0244140625,-0.87890625,-0.32958984375,1.03759765625,0.0732421875,-0.20751953125,0.13427734375,-0.59814453125,-0.30517578125,-0.10986328125,0,0.86669921875,-0.146484375,-0.6103515625,0.048828125,-0.42724609375,-0.13427734375,-1.0986328125,0.1220703125,0.74462890625,0.2685546875,0.0244140625,0.146484375,0.1708984375,0.50048828125,-0.5126953125,-0.20751953125,-0.06103515625,0.23193359375,-0.29296875,0,-0.18310546875,0.048828125,-0.7080078125,-0.15869140625,-0.42724609375,0.341796875,0.64697265625,0.1953125,1.28173828125,0.2685546875,0.390625,-0.20751953125,-0.2197265625,-0.5126953125,0.68359375,-0.048828125,0.78125,0.146484375,0.52490234375,-0.50048828125,0.59814453125,0.67138671875,0.20751953125,0.1708984375,-0.2685546875,0.15869140625,0.89111328125,-0.0732421875,0.09765625,0.09765625,0.08544921875,-0.1953125,0.3662109375,0.23193359375,0.9033203125,0.146484375,-0.0732421875,-0.1708984375,1.28173828125,0,-0.84228515625,0.10986328125,-0.37841796875,-0.1220703125,-1.0498046875,0.1953125,-0.81787109375,0.09765625,0.25634765625,-0.10986328125,1.18408203125,-0.06103515625,5.67626953125,0.01220703125,0.9765625,0.20751953125,-0.67138671875,-0.1708984375,-0.67138671875,-0.244140625,-0.64697265625,0.15869140625,-0.08544921875,0.048828125,0.048828125,0.13427734375,-0.732421875,-0.32958984375,1.91650390625,0.0732421875,1.35498046875,0.09765625,0.3173828125,-0.0244140625,0,-0.0732421875,-0.0244140625,-0.08544921875,0.1708984375,0.0244140625,0.390625,0.01220703125,1.40380859375,0.06103515625,0.09765625,-0.25634765625,0.32958984375
1,0.146484375,-0.40283203125,-0.25634765625,-0.37841796875,0.0244140625,-0.45166015625,-0.23193359375,-0.08544921875,-0.146484375,-0.09765625,0,-0.87890625,-0.30517578125,1.03759765625,0.08544921875,-0.20751953125,0.09765625,-0.5859375,-0.30517578125,-0.13427734375,-0.09765625,0.8544921875,-0.1220703125,-0.59814453125,-0.01220703125,-0.40283203125,-0.1220703125,-1.0986328125,0.15869140625,0.81787109375,0.1953125,0.06103515625,0.18310546875,0.25634765625,0.57373046875,-0.48828125,-0.18310546875,-0.06103515625,0.1953125,-0.25634765625,0.0732421875,-0.15869140625,0.03662109375,-0.7080078125,-0.20751953125,-0.40283203125,0.3173828125,0.62255859375,0.3173828125,1.220703125,0.146484375,0.37841796875,-0.06103515625,-0.20751953125,-0.5615234375,0.68359375,0,0.81787109375,0.10986328125,0.5615234375,-0.57373046875,0.6103515625,0.79345703125,0.1953125,0.13427734375,-0.40283203125,0.244140625,0.9033203125,-0.06103515625,0.1220703125,0.15869140625,0.06103515625,-0.09765625,0.3662109375,0.1953125,0.927734375,0.0732421875,-0.03662109375,-0.146484375,1.26953125,0,-0.8544921875,0.15869140625,-0.390625,-0.0732421875,-1.03759765625,0.1953125,-0.84228515625,0.09765625,0.40283203125,-0.09765625,1.26953125,-0.0732421875,6.0546875,-0.0244140625,1.11083984375,0.1708984375,-0.68359375,-0.10986328125,-0.64697265625,-0.341796875,-0.6591796875,0.09765625,-0.08544921875,0.048828125,0.0244140625,0,-0.78125,-0.29296875,1.81884765625,0.0244140625,1.30615234375,0.0732421875,0.30517578125,0,-0.01220703125,-0.0732421875,-0.03662109375,-0.0732421875,0.18310546875,0.048828125,0.52490234375,-0.03662109375,1.4404296875,0.06103515625,0.15869140625,-0.25634765625,0.4150390625
1,0.13427734375,-0.4150390625,-0.28076171875,-0.390625,0.01220703125,-0.439453125,-0.20751953125,-0.08544921875,-0.1220703125,-0.08544921875,0.01220703125,-0.87890625,-0.28076171875,1.0498046875,0.0732421875,-0.18310546875,0.048828125,-0.57373046875,-0.28076171875,-0.13427734375,-0.146484375,0.86669921875,-0.08544921875,-0.57373046875,-0.1220703125,-0.3662109375,-0.15869140625,-1.08642578125,0.18310546875,0.830078125,0.08544921875,0.06103515625,0.18310546875,0.1953125,0.64697265625,-0.50048828125,-0.18310546875,-0.0732421875,0.2197265625,-0.244140625,0.20751953125,-0.1708984375,0.06103515625,-0.72021484375,-0.29296875,-0.390625,0.341796875,0.59814453125,0.32958984375,1.1962890625,0.1220703125,0.390625,-0.0244140625,-0.18310546875,-0.5615234375,0.68359375,0.0244140625,0.830078125,0.08544921875,0.5615234375,-0.7568359375,0.62255859375,0.72021484375,0.15869140625,0.146484375,-0.48828125,0.28076171875,0.91552734375,-0.048828125,0.13427734375,0.20751953125,0.08544921875,-0.0244140625,0.32958984375,0.1708984375,0.91552734375,0.03662109375,-0.03662109375,-0.10986328125,1.28173828125,-0.01220703125,-0.87890625,0.15869140625,-0.3662109375,-0.03662109375,-1.0498046875,0.1953125,-0.830078125,0.08544921875,0.42724609375,-0.06103515625,1.30615234375,-0.048828125,6.18896484375,-0.0244140625,1.13525390625,0.09765625,-0.72021484375,-0.06103515625,-0.6591796875,-0.32958984375,-0.64697265625,0.0244140625,-0.06103515625,0.10986328125,0.03662109375,-0.1220703125,-0.79345703125,-0.23193359375,1.7822265625,0,1.28173828125,0.06103515625,0.32958984375,0,-0.01220703125,-0.0732421875,-0.03662109375,-0.06103515625,0.18310546875,0.01220703125,0.57373046875,-0.0732421875,1.4404296875,0.048828125,0.1708984375,-0.2685546875,0.4150390625
1,0.1220703125,-0.40283203125,-0.32958984375,-0.40283203125,0.048828125,-0.42724609375,-0.20751953125,-0.08544921875,-0.09765625,-0.0732421875,0.03662109375,-0.87890625,-0.244140625,1.03759765625,0.0732421875,-0.18310546875,-0.0244140625,-0.5615234375,-0.23193359375,-0.15869140625,-0.18310546875,0.87890625,-0.06103515625,-0.5615234375,-0.2197265625,-0.3662109375,-0.244140625,-1.11083984375,0.15869140625,0.78125,-0.01220703125,0.06103515625,0.146484375,0.048828125,0.68359375,-0.5859375,-0.2197265625,-0.10986328125,0.25634765625,-0.3173828125,0.32958984375,-0.1953125,0.06103515625,-0.74462890625,-0.30517578125,-0.3662109375,0.25634765625,0.5859375,0.3662109375,1.171875,0.06103515625,0.390625,-0.0244140625,-0.13427734375,-0.5126953125,0.68359375,0.048828125,0.8544921875,0.06103515625,0.54931640625,-0.76904296875,0.5859375,0.830078125,0.1953125,0.1220703125,-0.5126953125,0.32958984375,0.91552734375,-0.01220703125,0.13427734375,0.23193359375,0.0732421875,0.03662109375,0.30517578125,0.10986328125,0.927734375,-0.01220703125,-0.03662109375,-0.09765625,1.26953125,0.0244140625,-0.9033203125,0.20751953125,-0.390625,0.0244140625,-1.03759765625,0.2197265625,-0.84228515625,0.03662109375,0.3662109375,-0.048828125,1.26953125,-0.0732421875,6.09130859375,-0.0244140625,1.11083984375,0.048828125,-0.7080078125,0,-0.6591796875,-0.30517578125,-0.6591796875,-0.048828125,-0.0732421875,0.18310546875,0.06103515625,-0.23193359375,-0.78125,-0.1953125,1.79443359375,-0.0244140625,1.318359375,0.06103515625,0.32958984375,0,0,-0.06103515625,-0.06103515625,-0.03662109375,0.1953125,0.1220703125,0.54931640625,-0.0732421875,1.37939453125,0.06103515625,0.10986328125,-0.25634765625,0.32958984375
1,0.1220703125,-0.37841796875,-0.32958984375,-0.390625,0.048828125,-0.439453125,-0.15869140625,-0.0732421875,-0.09765625,-0.06103515625,0.0732421875,-0.87890625,-0.2197265625,1.0498046875,0.08544921875,-0.18310546875,-0.048828125,-0.5615234375,-0.20751953125,-0.146484375,-0.146484375,0.86669921875,-0.06103515625,-0.54931640625,-0.3173828125,-0.37841796875,-0.28076171875,-1.08642578125,0.08544921875,0.7080078125,-0.0244140625,0.0244140625,0.06103515625,-0.15869140625,0.74462890625,-0.6591796875,-0.25634765625,-0.18310546875,0.29296875,-0.37841796875,0.42724609375,-0.1708984375,0.1220703125,-0.732421875,-0.29296875,-0.35400390625,0.28076171875,0.634765625,0.3173828125,1.1962890625,0.048828125,0.4150390625,0.048828125,-0.08544921875,-0.4638671875,0.69580078125,0.01220703125,0.81787109375,0.03662109375,0.5126953125,-0.84228515625,0.54931640625,0.732421875,0.244140625,0.08544921875,-0.50048828125,0.30517578125,0.93994140625,0.01220703125,0.13427734375,0.20751953125,0.0732421875,0.048828125,0.25634765625,0.06103515625,0.91552734375,0.01220703125,-0.01220703125,-0.06103515625,1.25732421875,0.048828125,-0.91552734375,0.1953125,-0.37841796875,0.048828125,-1.06201171875,0.18310546875,-0.830078125,0.06103515625,0.244140625,-0.08544921875,1.13525390625,-0.1708984375,5.79833984375,-0.03662109375,0.9765625,-0.06103515625,-0.7080078125,0.06103515625,-0.68359375,-0.244140625,-0.6103515625,-0.13427734375,-0.0732421875,0.1953125,0.09765625,-0.341796875,-0.7568359375,-0.146484375,1.84326171875,-0.048828125,1.35498046875,0,0.341796875,0.01220703125,0,-0.06103515625,-0.06103515625,-0.01220703125,0.18310546875,0.3173828125,0.50048828125,-0.01220703125,1.2451171875,0.0732421875,0.048828125,-0.2197265625,0.1953125
0,0.09765625,-0.37841796875,-0.3173828125,-0.390625,0.0732421875,-0.439453125,-0.146484375,-0.08544921875,-0.09765625,-0.048828125,0.0732421875,-0.87890625,-0.18310546875,1.07421875,0.0732421875,-0.18310546875,-0.048828125,-0.54931640625,-0.2197265625,-0.15869140625,-0.0732421875,0.87890625,-0.08544921875,-0.537109375,-0.42724609375,-0.390625,-0.30517578125,-1.0986328125,0,0.57373046875,0.0244140625,0.01220703125,0,-0.3662109375,0.7568359375,-0.74462890625,-0.3173828125,-0.244140625,0.3173828125,-0.47607421875,0.45166015625,-0.1953125,0.15869140625,-0.74462890625,-0.244140625,-0.341796875,0.3662109375,0.67138671875,0.20751953125,1.23291015625,0.0732421875,0.4150390625,0.0732421875,-0.048828125,-0.35400390625,0.69580078125,0,0.7568359375,0.0732421875,0.47607421875,-0.830078125,0.50048828125,0.6591796875,0.341796875,0.0732421875,-0.4150390625,0.3173828125,0.9521484375,0.08544921875,0.13427734375,0.20751953125,0.0732421875,0.048828125,0.23193359375,0.03662109375,0.9033203125,0.048828125,-0.01220703125,-0.1220703125,1.26953125,0.0244140625,-0.96435546875,0.18310546875,-0.390625,0.048828125,-1.03759765625,0.15869140625,-0.84228515625,0.13427734375,0.048828125,-0.1220703125,0.9521484375,-0.28076171875,5.322265625,0,0.74462890625,-0.146484375,-0.67138671875,0.08544921875,-0.69580078125,-0.13427734375,-0.5859375,-0.15869140625,-0.06103515625,0.23193359375,0.13427734375,-0.37841796875,-0.76904296875,-0.09765625,1.85546875,-0.0244140625,1.37939453125,-0.048828125,0.341796875,0.0244140625,-0.0244140625,-0.06103515625,-0.03662109375,-0.01220703125,0.1708984375,0.2197265625,0.439453125,-0.01220703125,1.123046875,0.03662109375,-0.03662109375,-0.244140625,0.0244140625
0,0.13427734375,-0.37841796875,-0.30517578125,-0.37841796875,0.048828125,-0.42724609375,-0.1220703125,-0.09765625,-0.08544921875,-0.03662109375,0.0732421875,-0.89111328125,-0.15869140625,1.07421875,0.0732421875,-0.15869140625,0,-0.54931640625,-0.2197265625,-0.146484375,0.01220703125,0.86669921875,-0.10986328125,-0.54931640625,-0.45166015625,-0.4150390625,-0.29296875,-1.123046875,-0.048828125,0.45166015625,0.048828125,-0.0244140625,0.0732421875,-0.5859375,0.74462890625,-0.81787109375,-0.3173828125,-0.32958984375,0.341796875,-0.537109375,0.40283203125,-0.18310546875,0.1708984375,-0.7568359375,-0.146484375,-0.37841796875,0.341796875,0.732421875,0.18310546875,1.2939453125,0.01220703125,0.439453125,0.09765625,-0.048828125,-0.2197265625,0.68359375,-0.0244140625,0.72021484375,0.10986328125,0.439453125,-0.78125,0.439453125,0.59814453125,0.47607421875,0.06103515625,-0.341796875,0.32958984375,0.96435546875,0.13427734375,0.1220703125,0.13427734375,0.0732421875,0.0732421875,0.20751953125,0,0.9033203125,0.09765625,0,-0.18310546875,1.26953125,0.01220703125,-1.01318359375,0.18310546875,-0.40283203125,0.0244140625,-1.025390625,0.13427734375,-0.84228515625,0.15869140625,-0.20751953125,-0.15869140625,0.72021484375,-0.40283203125,4.72412109375,-0.0244140625,0.45166015625,-0.18310546875,-0.68359375,0.08544921875,-0.72021484375,-0.0732421875,-0.5859375,-0.18310546875,-0.0732421875,0.2197265625,0.13427734375,-0.390625,-0.76904296875,-0.048828125,1.8310546875,-0.03662109375,1.37939453125,-0.08544921875,0.341796875,0.06103515625,-0.01220703125,-0.06103515625,-0.03662109375,0,0.146484375,0.2197265625,0.48828125,0.01220703125,1.03759765625,0.0732421875,-0.09765625,-0.23193359375,-0.09765625
0,0.146484375,-0.37841796875,-0.2685546875,-0.3662109375,0.0244140625,-0.42724609375,-0.1220703125,-0.09765625,-0.10986328125,-0.03662109375,0.09765625,-0.89111328125,-0.13427734375,1.08642578125,0.06103515625,-0.146484375,0.0732421875,-0.54931640625,-0.23193359375,-0.146484375,0.06103515625,0.89111328125,-0.15869140625,-0.57373046875,-0.5126953125,-0.45166015625,-0.30517578125,-1.13525390625,-0.06103515625,0.341796875,0.0732421875,-0.0732421875,0.03662109375,-0.69580078125,0.72021484375,-0.8544921875,-0.3662109375,-0.390625,0.35400390625,-0.5859375,0.341796875,-0.20751953125,0.1953125,-0.7568359375,-0.0732421875,-0.3662109375,0.341796875,0.78125,0.09765625,1.3671875,-0.03662109375,0.45166015625,0.08544921875,-0.0732421875,-0.13427734375,0.69580078125,-0.06103515625,0.6591796875,0.13427734375,0.439453125,-0.830078125,0.37841796875,0.52490234375,0.69580078125,0.0732421875,-0.244140625,0.23193359375,0.96435546875,0.146484375,0.1220703125,0.09765625,0.08544921875,0.09765625,0.23193359375,-0.048828125,0.87890625,0.09765625,0.01220703125,-0.20751953125,1.28173828125,0.0244140625,-1.06201171875,0.15869140625,-0.4150390625,-0.01220703125,-1.025390625,0.146484375,-0.84228515625,0.15869140625,-0.4638671875,-0.15869140625,0.48828125,-0.42724609375,4.04052734375,-0.0244140625,0.09765625,-0.1953125,-0.68359375,0.0732421875,-0.732421875,0,-0.57373046875,-0.18310546875,-0.048828125,0.1708984375,0.08544921875,-0.3173828125,-0.78125,-0.0244140625,1.69677734375,-0.048828125,1.33056640625,-0.146484375,0.3173828125,0.08544921875,-0.0244140625,-0.0732421875,-0.048828125,-0.01220703125,0.146484375,0.1708984375,0.7080078125,0.01220703125,1.07421875,0.048828125,-0.06103515625,-0.25634765625,-0.0732421875
0,0.15869140625,-0.37841796875,-0.29296875,-0.32958984375,0.01220703125,-0.42724609375,-0.09765625,-0.08544921875,-0.10986328125,-0.048828125,0.1220703125,-0.91552734375,-0.13427734375,1.07421875,0.03662109375,-0.146484375,0.18310546875,-0.54931640625,-0.23193359375,-0.15869140625,0.09765625,0.89111328125,-0.18310546875,-0.57373046875,-0.52490234375,-0.48828125,-0.2685546875,-1.1474609375,-0.0244140625,0.28076171875,0.06103515625,-0.09765625,0.06103515625,-0.7080078125,0.69580078125,-0.86669921875,-0.341796875,-0.439453125,0.35400390625,-0.6103515625,0.25634765625,-0.2197265625,0.2197265625,-0.74462890625,-0.01220703125,-0.37841796875,0.30517578125,0.84228515625,0.0244140625,1.42822265625,-0.03662109375,0.439453125,0.08544921875,-0.0732421875,-0.0244140625,0.68359375,-0.0732421875,0.67138671875,0.1220703125,0.45166015625,-0.81787109375,0.341796875,0.48828125,1.0009765625,0.1220703125,-0.13427734375,0.2197265625,0.96435546875,0.15869140625,0.15869140625,0.0244140625,0.09765625,0.06103515625,0.25634765625,-0.0732421875,0.89111328125,0.13427734375,-0.01220703125,-0.244140625,1.2939453125,0.0244140625,-1.08642578125,0.1220703125,-0.390625,-0.03662109375,-1.01318359375,0.20751953125,-0.830078125,0.1220703125,-0.78125,-0.15869140625,0.244140625,-0.4150390625,3.33251953125,-0.01220703125,-0.25634765625,-0.146484375,-0.64697265625,0.03662109375,-0.74462890625,0.0244140625,-0.5859375,-0.146484375,-0.03662109375,0.146484375,0.01220703125,-0.20751953125,-0.8544921875,0.1220703125,1.4892578125,-0.0244140625,1.2451171875,-0.1953125,0.3173828125,0.0732421875,-0.03662109375,-0.0732421875,-0.06103515625,-0.03662109375,0.13427734375,0.146484375,1.15966796875,-0.0244140625,1.20849609375,0.06103515625,0.06103515625,-0.2685546875,0.13427734375
0,0.20751953125,-0.390625,-0.28076171875,-0.341796875,-0.01220703125,-0.42724609375,-0.09765625,-0.0732421875,-0.15869140625,-0.06103515625,0.13427734375,-0.91552734375,-0.146484375,1.06201171875,0.03662109375,-0.13427734375,0.25634765625,-0.5615234375,-0.23193359375,-0.15869140625,0.08544921875,0.8544921875,-0.2197265625,-0.57373046875,-0.47607421875,-0.5126953125,-0.18310546875,-1.171875,-0.048828125,0.244140625,0.0244140625,-0.13427734375,0.06103515625,-0.634765625,0.537109375,-0.86669921875,-0.3662109375,-0.439453125,0.23193359375,-0.5859375,0.20751953125,-0.2197265625,0.146484375,-0.732421875,0,-0.37841796875,0.2685546875,0.9033203125,-0.01220703125,1.47705078125,-0.048828125,0.439453125,0.13427734375,-0.10986328125,-0.01220703125,0.69580078125,-0.09765625,0.72021484375,0.13427734375,0.52490234375,-0.76904296875,0.3662109375,0.47607421875,1.42822265625,0.15869140625,-0.0732421875,0.10986328125,0.9765625,0.1220703125,0.146484375,0.01220703125,0.10986328125,0.0244140625,0.32958984375,-0.10986328125,0.89111328125,0.146484375,-0.01220703125,-0.25634765625,1.30615234375,0.0732421875,-1.08642578125,0.0732421875,-0.40283203125,-0.03662109375,-0.98876953125,0.25634765625,-0.8056640625,0.09765625,-1.07421875,-0.13427734375,-0.0244140625,-0.390625,2.6123046875,0,-0.6103515625,-0.08544921875,-0.64697265625,-0.01220703125,-0.7568359375,0.03662109375,-0.59814453125,-0.10986328125,-0.0244140625,0.1220703125,-0.10986328125,-0.10986328125,-0.9521484375,0.10986328125,1.15966796875,-0.01220703125,1.123046875,-0.244140625,0.3173828125,0.08544921875,-0.048828125,-0.06103515625,-0.048828125,-0.06103515625,0.13427734375,0.1708984375,1.89208984375,0,1.4892578125,0.10986328125,0.3173828125,-0.2685546875,0.52490234375
0,0.18310546875,-0.37841796875,-0.29296875,-0.32958984375,0,-0.4150390625,-0.08544921875,-0.08544921875,-0.15869140625,-0.0732421875,0.1220703125,-0.9033203125,-0.146484375,1.07421875,0.03662109375,-0.146484375,0.32958984375,-0.5615234375,-0.23193359375,-0.146484375,0.048828125,0.86669921875,-0.1953125,-0.62255859375,-0.439453125,-0.52490234375,-0.09765625,-1.1962890625,0,0.2685546875,0,-0.13427734375,0.06103515625,-0.5126953125,0.45166015625,-0.81787109375,-0.341796875,-0.40283203125,0.15869140625,-0.57373046875,0.15869140625,-0.244140625,0.06103515625,-0.72021484375,0,-0.3662109375,0.28076171875,0.9521484375,-0.10986328125,1.46484375,-0.01220703125,0.4150390625,0.09765625,-0.13427734375,0.0732421875,0.68359375,-0.146484375,0.81787109375,0.15869140625,0.634765625,-0.81787109375,0.42724609375,0.3173828125,1.94091796875,0.18310546875,0,0.048828125,0.96435546875,0.09765625,0.15869140625,0.0244140625,0.1220703125,-0.0244140625,0.439453125,-0.1220703125,0.89111328125,0.15869140625,-0.01220703125,-0.23193359375,1.30615234375,0.1220703125,-1.06201171875,0.03662109375,-0.37841796875,0,-1.0009765625,0.28076171875,-0.79345703125,0.09765625,-1.33056640625,-0.0732421875,-0.23193359375,-0.30517578125,1.953125,0.0244140625,-0.93994140625,0.0244140625,-0.634765625,-0.09765625,-0.72021484375,0.0244140625,-0.59814453125,-0.06103515625,-0.048828125,0.1220703125,-0.25634765625,0,-1.0986328125,0.048828125,0.74462890625,0.09765625,0.9765625,-0.2685546875,0.30517578125,0.09765625,-0.03662109375,-0.0732421875,-0.0244140625,-0.0732421875,0.15869140625,0.0244140625,2.8564453125,0.01220703125,1.9287109375,0.1220703125,0.69580078125,-0.2685546875,1.11083984375
0,0.20751953125,-0.3662109375,-0.25634765625,-0.341796875,-0.0244140625,-0.439453125,-0.08544921875,-0.08544921875,-0.18310546875,-0.08544921875,0.13427734375,-0.9033203125,-0.18310546875,1.07421875,0.0244140625,-0.18310546875,0.390625,-0.5859375,-0.23193359375,-0.146484375,-0.01220703125,0.8544921875,-0.1220703125,-0.59814453125,-0.40283203125,-0.52490234375,-0.048828125,-1.1962890625,0.01220703125,0.341796875,-0.06103515625,-0.13427734375,0.10986328125,-0.37841796875,0.40283203125,-0.7568359375,-0.25634765625,-0.35400390625,0.13427734375,-0.537109375,0.15869140625,-0.25634765625,0,-0.69580078125,-0.03662109375,-0.37841796875,0.244140625,0.927734375,-0.15869140625,1.4404296875,-0.06103515625,0.4150390625,0.06103515625,-0.1953125,0.15869140625,0.69580078125,-0.146484375,1.0009765625,0.1953125,0.732421875,-0.7568359375,0.54931640625,0.37841796875,2.57568359375,0.20751953125,0.01220703125,-0.0244140625,0.96435546875,0.048828125,0.1953125,-0.01220703125,0.146484375,-0.09765625,0.54931640625,-0.1220703125,0.9033203125,0.146484375,-0.01220703125,-0.2197265625,1.30615234375,0.146484375,-1.03759765625,-0.01220703125,-0.37841796875,0.0732421875,-0.98876953125,0.29296875,-0.79345703125,0.03662109375,-1.52587890625,-0.048828125,-0.40283203125,-0.1953125,1.35498046875,0.01220703125,-1.1962890625,0.1220703125,-0.634765625,-0.146484375,-0.72021484375,0,-0.634765625,0,-0.048828125,0.09765625,-0.40283203125,0.03662109375,-1.23291015625,-0.03662109375,0.28076171875,0.15869140625,0.79345703125,-0.28076171875,0.30517578125,0.09765625,-0.01220703125,-0.06103515625,-0.01220703125,-0.06103515625,0.146484375,-0.06103515625,4.01611328125,0,2.42919921875,0.0732421875,1.1474609375,-0.28076171875,1.8310546875
0,0.20751953125,-0.37841796875,-0.244140625,-0.37841796875,0,-0.439453125,-0.08544921875,-0.10986328125,-0.1708984375,-0.09765625,0.13427734375,-0.9033203125,-0.18310546875,1.07421875,0.048828125,-0.18310546875,0.40283203125,-0.5859375,-0.2197265625,-0.146484375,-0.06103515625,0.86669921875,-0.09765625,-0.62255859375,-0.3173828125,-0.54931640625,0.06103515625,-1.1962890625,0.048828125,0.4150390625,0.0244140625,-0.09765625,0.08544921875,-0.2197265625,0.341796875,-0.7080078125,-0.2197265625,-0.29296875,0.0732421875,-0.50048828125,0.1708984375,-0.244140625,-0.0732421875,-0.67138671875,-0.048828125,-0.37841796875,0.18310546875,0.91552734375,-0.1953125,1.37939453125,-0.048828125,0.40283203125,0.06103515625,-0.20751953125,0.18310546875,0.69580078125,-0.1708984375,1.20849609375,0.18310546875,0.9033203125,-0.7568359375,0.72021484375,0.30517578125,3.2958984375,0.2197265625,0.0244140625,-0.1220703125,0.9521484375,-0.0732421875,0.1953125,-0.0732421875,0.1708984375,-0.13427734375,0.67138671875,-0.09765625,0.9033203125,0.1220703125,-0.01220703125,-0.20751953125,1.28173828125,0.15869140625,-1.0009765625,-0.0244140625,-0.35400390625,0.18310546875,-1.0009765625,0.244140625,-0.79345703125,-0.0244140625,-1.69677734375,-0.0244140625,-0.57373046875,-0.06103515625,0.830078125,0,-1.416015625,0.13427734375,-0.64697265625,-0.18310546875,-0.7080078125,-0.06103515625,-0.64697265625,0.03662109375,-0.06103515625,0.048828125,-0.5859375,0.03662109375,-1.3916015625,-0.08544921875,-0.20751953125,0.1953125,0.62255859375,-0.30517578125,0.29296875,0.09765625,0,-0.08544921875,-0.01220703125,-0.048828125,0.18310546875,-0.0244140625,5.2978515625,0,2.9541015625,0.06103515625,1.66015625,-0.28076171875,2.6123046875
0,0.20751953125,-0.37841796875,-0.244140625,-0.40283203125,0,-0.439453125,-0.08544921875,-0.1220703125,-0.18310546875,-0.08544921875,0.1708984375,-0.91552734375,-0.1953125,1.07421875,0.0732421875,-0.2197265625,0.35400390625,-0.5859375,-0.18310546875,-0.13427734375,-0.0732421875,0.89111328125,-0.06103515625,-0.6103515625,-0.20751953125,-0.48828125,0.10986328125,-1.18408203125,0.1220703125,0.47607421875,0.06103515625,-0.0732421875,0.0732421875,-0.15869140625,0.37841796875,-0.69580078125,-0.1708984375,-0.29296875,0.06103515625,-0.4638671875,0.1953125,-0.23193359375,-0.1708984375,-0.6591796875,-0.08544921875,-0.40283203125,0.15869140625,0.87890625,-0.20751953125,1.318359375,-0.048828125,0.40283203125,0.08544921875,-0.23193359375,0.244140625,0.69580078125,-0.18310546875,1.47705078125,0.15869140625,1.0498046875,-0.69580078125,0.9033203125,0.3662109375,4.052734375,0.28076171875,-0.01220703125,-0.13427734375,0.9521484375,-0.10986328125,0.1953125,-0.01220703125,0.18310546875,-0.1953125,0.78125,-0.09765625,0.86669921875,0.10986328125,-0.0244140625,-0.1220703125,1.26953125,0.1220703125,-0.9521484375,-0.01220703125,-0.35400390625,0.2685546875,-1.01318359375,0.1953125,-0.8056640625,-0.08544921875,-1.81884765625,0,-0.64697265625,0.048828125,0.37841796875,-0.0244140625,-1.57470703125,0.146484375,-0.67138671875,-0.15869140625,-0.69580078125,-0.13427734375,-0.64697265625,0.0732421875,-0.06103515625,0.03662109375,-0.7568359375,0.03662109375,-1.5380859375,-0.146484375,-0.6103515625,0.20751953125,0.48828125,-0.32958984375,0.3173828125,0.08544921875,0,-0.0732421875,0,0,0.1953125,0.06103515625,6.57958984375,0.03662109375,3.4423828125,0.048828125,2.18505859375,-0.244140625,3.35693359375
0,0.2197265625,-0.35400390625,-0.25634765625,-0.4150390625,0,-0.45166015625,-0.09765625,-0.1220703125,-0.13427734375,-0.06103515625,0.1708984375,-0.89111328125,-0.18310546875,1.06201171875,0.09765625,-0.2197265625,0.30517578125,-0.5859375,-0.18310546875,-0.13427734375,-0.08544921875,0.89111328125,-0.08544921875,-0.6103515625,-0.1708984375,-0.47607421875,0.0732421875,-1.15966796875,0.10986328125,0.52490234375,0.10986328125,-0.08544921875,0.048828125,-0.13427734375,0.3662109375,-0.68359375,-0.15869140625,-0.2685546875,0.0244140625,-0.5126953125,0.244140625,-0.20751953125,-0.244140625,-0.64697265625,-0.10986328125,-0.40283203125,0.048828125,0.81787109375,-0.1953125,1.25732421875,-0.09765625,0.4150390625,0.09765625,-0.25634765625,0.244140625,0.69580078125,-0.13427734375,1.72119140625,0.1708984375,1.20849609375,-0.62255859375,1.0986328125,0.32958984375,4.8095703125,0.2685546875,-0.0732421875,-0.13427734375,0.96435546875,-0.15869140625,0.2197265625,-0.01220703125,0.1708984375,-0.20751953125,0.87890625,-0.0732421875,0.89111328125,0.0732421875,-0.03662109375,0.0244140625,1.25732421875,0.09765625,-0.9033203125,-0.01220703125,-0.35400390625,0.3173828125,-1.01318359375,0.146484375,-0.8056640625,-0.08544921875,-1.85546875,0,-0.69580078125,0.08544921875,0,-0.06103515625,-1.67236328125,0.1220703125,-0.67138671875,-0.10986328125,-0.68359375,-0.23193359375,-0.64697265625,0.03662109375,-0.0732421875,-0.01220703125,-0.8544921875,0.01220703125,-1.6357421875,-0.20751953125,-0.927734375,0.1708984375,0.35400390625,-0.341796875,0.30517578125,0.09765625,0,-0.06103515625,0,0.01220703125,0.18310546875,0.10986328125,7.80029296875,0.03662109375,3.8818359375,0.03662109375,2.62451171875,-0.20751953125,4.04052734375
0,0.18310546875,-0.390625,-0.28076171875,-0.40283203125,0.0244140625,-0.4150390625,-0.09765625,-0.09765625,-0.13427734375,-0.03662109375,0.18310546875,-0.89111328125,-0.15869140625,1.06201171875,0.09765625,-0.1953125,0.20751953125,-0.59814453125,-0.13427734375,-0.13427734375,-0.09765625,0.87890625,-0.09765625,-0.6103515625,-0.10986328125,-0.439453125,0.0732421875,-1.15966796875,0.13427734375,0.5615234375,0.18310546875,-0.0732421875,0,-0.20751953125,0.35400390625,-0.7080078125,-0.1708984375,-0.28076171875,0.03662109375,-0.57373046875,0.20751953125,-0.2197265625,-0.2685546875,-0.6591796875,-0.09765625,-0.40283203125,-0.01220703125,0.72021484375,-0.18310546875,1.18408203125,-0.10986328125,0.42724609375,0.0244140625,-0.25634765625,0.2197265625,0.7080078125,-0.10986328125,1.94091796875,0.1220703125,1.33056640625,-0.6591796875,1.25732421875,0.40283203125,5.52978515625,0.25634765625,-0.15869140625,-0.1708984375,0.9765625,-0.23193359375,0.20751953125,-0.0732421875,0.18310546875,-0.20751953125,0.93994140625,-0.09765625,0.86669921875,0.06103515625,-0.0244140625,0.13427734375,1.2451171875,0.03662109375,-0.86669921875,-0.01220703125,-0.3662109375,0.30517578125,-1.0009765625,0.09765625,-0.81787109375,-0.0732421875,-1.89208984375,-0.03662109375,-0.732421875,0.13427734375,-0.30517578125,-0.06103515625,-1.69677734375,0.048828125,-0.68359375,-0.048828125,-0.6591796875,-0.3173828125,-0.64697265625,0.048828125,-0.06103515625,0,-0.9033203125,-0.01220703125,-1.6845703125,-0.23193359375,-1.0986328125,0.1708984375,0.3173828125,-0.3662109375,0.32958984375,0.08544921875,0.01220703125,-0.06103515625,0.03662109375,0.0244140625,0.20751953125,0.01220703125,8.8134765625,0.06103515625,4.19921875,0,2.99072265625,-0.20751953125,4.55322265625
0,0.13427734375,-0.390625,-0.244140625,-0.40283203125,0.0244140625,-0.439453125,-0.10986328125,-0.09765625,-0.09765625,-0.06103515625,0.1953125,-0.9033203125,-0.1220703125,1.06201171875,0.08544921875,-0.15869140625,0.1220703125,-0.57373046875,-0.146484375,-0.146484375,-0.03662109375,0.89111328125,-0.10986328125,-0.59814453125,-0.0732421875,-0.42724609375,0.03662109375,-1.11083984375,0.08544921875,0.5859375,0.1708984375,-0.048828125,-0.06103515625,-0.30517578125,0.3173828125,-0.72021484375,-0.20751953125,-0.30517578125,0.09765625,-0.62255859375,0.244140625,-0.20751953125,-0.28076171875,-0.67138671875,-0.09765625,-0.37841796875,-0.13427734375,0.64697265625,-0.15869140625,1.13525390625,-0.13427734375,0.439453125,-0.03662109375,-0.2685546875,0.244140625,0.69580078125,-0.06103515625,2.13623046875,0.0732421875,1.45263671875,-0.57373046875,1.416015625,0.48828125,6.18896484375,0.29296875,-0.1953125,-0.1708984375,1.01318359375,-0.15869140625,0.2197265625,-0.0244140625,0.1953125,-0.2197265625,0.9765625,-0.10986328125,0.84228515625,0.0732421875,-0.0244140625,0.20751953125,1.2451171875,-0.01220703125,-0.81787109375,0.01220703125,-0.3662109375,0.25634765625,-0.98876953125,0.10986328125,-0.81787109375,-0.048828125,-1.8798828125,-0.06103515625,-0.72021484375,0.18310546875,-0.57373046875,-0.048828125,-1.72119140625,0.01220703125,-0.68359375,0,-0.6591796875,-0.341796875,-0.62255859375,0.01220703125,-0.09765625,0.03662109375,-0.9033203125,-0.08544921875,-1.67236328125,-0.32958984375,-1.0986328125,0.1220703125,0.3173828125,-0.37841796875,0.32958984375,0.048828125,0.01220703125,-0.06103515625,0.03662109375,0.048828125,0.1708984375,0,9.5947265625,0.09765625,4.3701171875,0,3.1982421875,-0.15869140625,4.8828125
0,0.13427734375,-0.4150390625,-0.2685546875,-0.390625,0.06103515625,-0.42724609375,-0.0732421875,-0.0732421875,-0.10986328125,-0.03662109375,0.20751953125,-0.87890625,-0.048828125,1.07421875,0.08544921875,-0.146484375,0.0732421875,-0.5615234375,-0.1708984375,-0.15869140625,0,0.87890625,-0.146484375,-0.57373046875,-0.0732421875,-0.4150390625,0,-1.0986328125,-0.01220703125,0.5859375,0.1953125,-0.048828125,-0.146484375,-0.4150390625,0.244140625,-0.74462890625,-0.23193359375,-0.341796875,0.10986328125,-0.68359375,0.244140625,-0.20751953125,-0.28076171875,-0.67138671875,-0.0732421875,-0.37841796875,-0.23193359375,0.5859375,-0.1220703125,1.123046875,-0.1220703125,0.45166015625,-0.13427734375,-0.23193359375,0.2197265625,0.69580078125,-0.048828125,2.25830078125,0.0732421875,1.513671875,-0.52490234375,1.50146484375,0.4150390625,6.67724609375,0.28076171875,-0.23193359375,-0.18310546875,1.025390625,-0.146484375,0.244140625,-0.06103515625,0.2197265625,-0.20751953125,1.025390625,-0.10986328125,0.86669921875,0.1220703125,-0.03662109375,0.23193359375,1.2451171875,-0.06103515625,-0.79345703125,0.0244140625,-0.390625,0.15869140625,-0.96435546875,0.146484375,-0.81787109375,0.01220703125,-1.89208984375,-0.13427734375,-0.72021484375,0.18310546875,-0.79345703125,0,-1.69677734375,-0.0244140625,-0.68359375,0.06103515625,-0.6591796875,-0.341796875,-0.6103515625,-0.048828125,-0.09765625,0.0732421875,-0.78125,-0.15869140625,-1.59912109375,-0.29296875,-0.89111328125,0.06103515625,0.390625,-0.4150390625,0.3173828125,0.06103515625,0,-0.06103515625,0.01220703125,0.048828125,0.15869140625,0.01220703125,10.107421875,0.08544921875,4.45556640625,-0.03662109375,3.2958984375,-0.1953125,5.029296875
0,0.09765625,-0.40283203125,-0.32958984375,-0.35400390625,0.048828125,-0.42724609375,-0.06103515625,-0.048828125,-0.0732421875,-0.0244140625,0.20751953125,-0.9033203125,-0.048828125,1.06201171875,0.09765625,-0.1220703125,0.06103515625,-0.5615234375,-0.23193359375,-0.146484375,0.06103515625,0.86669921875,-0.1708984375,-0.5859375,-0.13427734375,-0.40283203125,0,-1.07421875,-0.0732421875,0.5615234375,0.15869140625,-0.048828125,-0.08544921875,-0.48828125,0.29296875,-0.7568359375,-0.244140625,-0.35400390625,0.146484375,-0.69580078125,0.23193359375,-0.20751953125,-0.25634765625,-0.69580078125,-0.0244140625,-0.37841796875,-0.28076171875,0.537109375,-0.0732421875,1.1474609375,-0.048828125,0.439453125,-0.1708984375,-0.25634765625,0.20751953125,0.68359375,-0.06103515625,2.3193359375,0.06103515625,1.5380859375,-0.50048828125,1.5625,0.57373046875,7.06787109375,0.2685546875,-0.1953125,-0.20751953125,1.0986328125,-0.08544921875,0.25634765625,-0.10986328125,0.244140625,-0.146484375,1.0498046875,-0.048828125,0.8544921875,0.20751953125,-0.0244140625,0.244140625,1.26953125,-0.08544921875,-0.74462890625,0.048828125,-0.37841796875,0.09765625,-0.98876953125,0.20751953125,-0.830078125,0.0244140625,-1.8798828125,-0.1708984375,-0.7080078125,0.13427734375,-0.96435546875,0.03662109375,-1.6845703125,-0.048828125,-0.69580078125,0.08544921875,-0.6591796875,-0.32958984375,-0.5859375,-0.0732421875,-0.09765625,0.1220703125,-0.634765625,-0.20751953125,-1.45263671875,-0.2197265625,-0.50048828125,0.048828125,0.5615234375,-0.439453125,0.32958984375,0.0732421875,0,-0.06103515625,0,0.048828125,0.15869140625,0.048828125,10.33935546875,0.08544921875,4.40673828125,-0.06103515625,3.28369140625,-0.2197265625,5.029296875
1,0.0732421875,-0.37841796875,-0.3662109375,-0.35400390625,0.0732421875,-0.439453125,-0.06103515625,-0.0732421875,-0.048828125,-0.01220703125,0.2197265625,-0.89111328125,0,1.08642578125,0.08544921875,-0.13427734375,0.09765625,-0.537109375,-0.29296875,-0.13427734375,0.13427734375,0.86669921875,-0.1708984375,-0.57373046875,-0.15869140625,-0.390625,0.01220703125,-1.06201171875,-0.0732421875,0.5615234375,0.15869140625,-0.03662109375,-0.01220703125,-0.5126953125,0.29296875,-0.74462890625,-0.2685546875,-0.3662109375,0.1708984375,-0.7080078125,0.25634765625,-0.2197265625,-0.28076171875,-0.732421875,-0.01220703125,-0.37841796875,-0.37841796875,0.5126953125,-0.10986328125,1.18408203125,0,0.42724609375,-0.244140625,-0.23193359375,0.18310546875,0.68359375,-0.0732421875,2.34375,0.06103515625,1.55029296875,-0.47607421875,1.5625,0.7080078125,7.28759765625,0.244140625,-0.13427734375,-0.18310546875,1.13525390625,0.0244140625,0.28076171875,-0.09765625,0.28076171875,-0.1220703125,1.03759765625,0,0.84228515625,0.2685546875,-0.03662109375,0.2197265625,1.28173828125,-0.09765625,-0.7080078125,0.06103515625,-0.37841796875,0.0244140625,-0.98876953125,0.3173828125,-0.830078125,0.01220703125,-1.85546875,-0.13427734375,-0.72021484375,0.13427734375,-1.0986328125,0.06103515625,-1.67236328125,-0.09765625,-0.68359375,0.048828125,-0.69580078125,-0.28076171875,-0.57373046875,-0.08544921875,-0.09765625,0.146484375,-0.4150390625,-0.20751953125,-1.25732421875,-0.18310546875,0.06103515625,0.048828125,0.76904296875,-0.439453125,0.32958984375,0.08544921875,-0.01220703125,-0.0732421875,0,0.0244140625,0.146484375,0.03662109375,10.3271484375,0.1220703125,4.28466796875,-0.048828125,3.1982421875,-0.20751953125,4.89501953125
1,0.048828125,-0.37841796875,-0.3662109375,-0.35400390625,0.10986328125,-0.4150390625,-0.06103515625,-0.0732421875,-0.048828125,-0.01220703125,0.18310546875,-0.9033203125,0.03662109375,1.07421875,0.0732421875,-0.1708984375,0.09765625,-0.54931640625,-0.3173828125,-0.146484375,0.1708984375,0.8544921875,-0.1708984375,-0.57373046875,-0.23193359375,-0.390625,-0.048828125,-1.0498046875,0.06103515625,0.54931640625,0.13427734375,-0.0244140625,0.048828125,-0.48828125,0.3173828125,-0.69580078125,-0.30517578125,-0.341796875,0.1953125,-0.67138671875,0.23193359375,-0.2197265625,-0.29296875,-0.732421875,-0.01220703125,-0.390625,-0.3173828125,0.52490234375,-0.10986328125,1.2451171875,0.06103515625,0.4150390625,-0.28076171875,-0.23193359375,0.10986328125,0.68359375,-0.0732421875,2.34375,0.06103515625,1.513671875,-0.45166015625,1.52587890625,0.7568359375,7.373046875,0.15869140625,-0.0244140625,-0.23193359375,1.18408203125,0.03662109375,0.30517578125,-0.15869140625,0.32958984375,-0.13427734375,1.025390625,0.06103515625,0.830078125,0.3173828125,-0.03662109375,0.1953125,1.30615234375,-0.06103515625,-0.67138671875,0.09765625,-0.40283203125,-0.06103515625,-0.98876953125,0.32958984375,-0.81787109375,-0.01220703125,-1.86767578125,-0.08544921875,-0.72021484375,0.09765625,-1.13525390625,0.08544921875,-1.67236328125,-0.1708984375,-0.68359375,0,-0.68359375,-0.23193359375,-0.57373046875,-0.048828125,-0.09765625,0.18310546875,-0.15869140625,-0.23193359375,-1.025390625,-0.20751953125,0.7568359375,0.01220703125,1.025390625,-0.50048828125,0.30517578125,0.06103515625,0,-0.048828125,-0.0244140625,0.0244140625,0.146484375,-0.06103515625,10.0341796875,0.1220703125,4.16259765625,-0.0732421875,3.03955078125,-0.1953125,4.7119140625
1,0.0244140625,-0.3662109375,-0.35400390625,-0.35400390625,0.08544921875,-0.42724609375,-0.0732421875,-0.08544921875,-0.01220703125,-0.01220703125,0.2197265625,-0.927734375,0.06103515625,1.08642578125,0.09765625,-0.1708984375,0.146484375,-0.52490234375,-0.3173828125,-0.1708984375,0.18310546875,0.81787109375,-0.1220703125,-0.59814453125,-0.25634765625,-0.4150390625,-0.0732421875,-1.03759765625,0.13427734375,0.5859375,0.048828125,-0.01220703125,0.20751953125,-0.37841796875,0.3662109375,-0.64697265625,-0.3173828125,-0.29296875,0.18310546875,-0.57373046875,0.23193359375,-0.2197265625,-0.3173828125,-0.7568359375,-0.048828125,-0.37841796875,-0.30517578125,0.57373046875,-0.146484375,1.2939453125,0.08544921875,0.42724609375,-0.3173828125,-0.20751953125,0.0244140625,0.67138671875,-0.1220703125,2.2705078125,0.0244140625,1.47705078125,-0.4638671875,1.46484375,0.9033203125,7.31201171875,0.1953125,0.13427734375,-0.2685546875,1.2451171875,0.048828125,0.3662109375,-0.20751953125,0.3662109375,-0.20751953125,1.0009765625,0.10986328125,0.830078125,0.3173828125,-0.048828125,0.146484375,1.318359375,-0.03662109375,-0.6591796875,0.146484375,-0.390625,-0.10986328125,-1.0009765625,0.3173828125,-0.830078125,-0.13427734375,-1.8798828125,-0.06103515625,-0.72021484375,0.0244140625,-1.123046875,0.06103515625,-1.67236328125,-0.20751953125,-0.68359375,-0.0732421875,-0.69580078125,-0.1953125,-0.59814453125,0,-0.08544921875,0.2197265625,0.1220703125,-0.1953125,-0.76904296875,-0.06103515625,1.52587890625,0,1.28173828125,-0.5126953125,0.30517578125,0.0732421875,-0.03662109375,-0.06103515625,-0.048828125,0.0244140625,0.146484375,-0.09765625,9.55810546875,0.1220703125,4.0283203125,-0.08544921875,2.8564453125,-0.1708984375,4.47998046875
1,0.03662109375,-0.37841796875,-0.341796875,-0.3662109375,0.09765625,-0.42724609375,-0.06103515625,-0.08544921875,-0.01220703125,-0.0244140625,0.18310546875,-0.91552734375,0.10986328125,1.08642578125,0.0732421875,-0.18310546875,0.20751953125,-0.52490234375,-0.28076171875,-0.1708984375,0.23193359375,0.830078125,-0.08544921875,-0.59814453125,-0.2685546875,-0.390625,-0.10986328125,-1.03759765625,0.15869140625,0.6103515625,-0.0244140625,-0.01220703125,0.1708984375,-0.2685546875,0.4150390625,-0.5859375,-0.29296875,-0.244140625,0.1220703125,-0.5126953125,0.2197265625,-0.1953125,-0.35400390625,-0.7568359375,-0.09765625,-0.37841796875,-0.3173828125,0.634765625,-0.146484375,1.33056640625,0.08544921875,0.40283203125,-0.3662109375,-0.20751953125,-0.0732421875,0.68359375,-0.2197265625,2.23388671875,0.03662109375,1.4404296875,-0.4150390625,1.416015625,0.87890625,7.11669921875,0.1708984375,0.244140625,-0.23193359375,1.25732421875,0.048828125,0.4150390625,-0.18310546875,0.40283203125,-0.2685546875,0.93994140625,0.1708984375,0.8544921875,0.30517578125,-0.048828125,0.09765625,1.2939453125,0,-0.6103515625,0.18310546875,-0.40283203125,-0.18310546875,-1.0009765625,0.25634765625,-0.81787109375,-0.1953125,-1.8798828125,-0.01220703125,-0.74462890625,-0.06103515625,-1.03759765625,0.0732421875,-1.67236328125,-0.1953125,-0.69580078125,-0.15869140625,-0.68359375,-0.13427734375,-0.62255859375,0.0732421875,-0.0732421875,0.23193359375,0.37841796875,-0.15869140625,-0.5126953125,0,2.25830078125,0.0244140625,1.5380859375,-0.48828125,0.30517578125,0.0732421875,-0.0244140625,-0.048828125,-0.0732421875,0.0244140625,0.1953125,-0.09765625,8.9111328125,0.10986328125,3.86962890625,-0.0732421875,2.685546875,-0.18310546875,4.248046875
1,0,-0.37841796875,-0.32958984375,-0.37841796875,0.1220703125,-0.439453125,-0.048828125,-0.08544921875,0,-0.03662109375,0.1708984375,-0.9033203125,0.09765625,1.06201171875,0.09765625,-0.18310546875,0.25634765625,-0.52490234375,-0.244140625,-0.1708984375,0.244140625,0.830078125,-0.0244140625,-0.59814453125,-0.25634765625,-0.40283203125,-0.10986328125,-1.0498046875,0.29296875,0.64697265625,-0.13427734375,0,0.0732421875,-0.15869140625,0.4150390625,-0.5615234375,-0.3173828125,-0.1953125,0.01220703125,-0.439453125,0.2197265625,-0.20751953125,-0.37841796875,-0.7568359375,-0.18310546875,-0.37841796875,-0.25634765625,0.69580078125,-0.15869140625,1.33056640625,0.13427734375,0.40283203125,-0.40283203125,-0.1953125,-0.13427734375,0.68359375,-0.29296875,2.16064453125,0.06103515625,1.3671875,-0.45166015625,1.30615234375,0.86669921875,6.8115234375,0.13427734375,0.390625,-0.1953125,1.26953125,0.03662109375,0.45166015625,-0.13427734375,0.439453125,-0.32958984375,0.9033203125,0.20751953125,0.8544921875,0.28076171875,-0.048828125,0.09765625,1.318359375,-0.01220703125,-0.57373046875,0.20751953125,-0.40283203125,-0.18310546875,-1.025390625,0.2197265625,-0.830078125,-0.23193359375,-1.89208984375,0,-0.732421875,-0.18310546875,-0.91552734375,0.0732421875,-1.66015625,-0.1708984375,-0.72021484375,-0.20751953125,-0.69580078125,-0.09765625,-0.634765625,0.1708984375,-0.0732421875,0.20751953125,0.5859375,-0.06103515625,-0.3173828125,-0.01220703125,2.9052734375,0.01220703125,1.77001953125,-0.50048828125,0.30517578125,0.048828125,-0.048828125,-0.06103515625,-0.0732421875,0,0.1708984375,-0.1220703125,8.203125,0.1220703125,3.77197265625,-0.08544921875,2.52685546875,-0.146484375,4.052734375
1,-0.0244140625,-0.37841796875,-0.3173828125,-0.390625,0.13427734375,-0.439453125,-0.0732421875,-0.10986328125,0,-0.06103515625,0.146484375,-0.91552734375,0.08544921875,1.07421875,0.09765625,-0.1953125,0.29296875,-0.54931640625,-0.18310546875,-0.15869140625,0.2685546875,0.830078125,0.03662109375,-0.59814453125,-0.15869140625,-0.37841796875,-0.1220703125,-1.07421875,0.29296875,0.67138671875,-0.23193359375,0.01220703125,0.01220703125,-0.09765625,0.4150390625,-0.5615234375,-0.341796875,-0.1953125,-0.0244140625,-0.4150390625,0.25634765625,-0.2197265625,-0.341796875,-0.74462890625,-0.23193359375,-0.390625,-0.18310546875,0.7568359375,-0.18310546875,1.30615234375,0.15869140625,0.40283203125,-0.47607421875,-0.18310546875,-0.20751953125,0.69580078125,-0.29296875,2.099609375,0.09765625,1.2939453125,-0.42724609375,1.23291015625,0.84228515625,6.4453125,0.10986328125,0.4638671875,-0.1220703125,1.26953125,0.01220703125,0.4638671875,-0.08544921875,0.45166015625,-0.3173828125,0.830078125,0.23193359375,0.8544921875,0.20751953125,-0.048828125,0.03662109375,1.318359375,-0.01220703125,-0.5615234375,0.25634765625,-0.40283203125,-0.18310546875,-1.0009765625,0.1220703125,-0.84228515625,-0.2685546875,-1.89208984375,-0.0244140625,-0.732421875,-0.341796875,-0.78125,0.08544921875,-1.67236328125,-0.08544921875,-0.7080078125,-0.2685546875,-0.69580078125,-0.048828125,-0.64697265625,0.244140625,-0.08544921875,0.20751953125,0.74462890625,0.03662109375,-0.13427734375,0.01220703125,3.4423828125,0.048828125,1.96533203125,-0.48828125,0.30517578125,0.048828125,-0.048828125,-0.06103515625,-0.10986328125,0,0.18310546875,-0.08544921875,7.4462890625,0.09765625,3.62548828125,-0.09765625,2.38037109375,-0.1708984375,3.857421875
1,-0.048828125,-0.390625,-0.25634765625,-0.37841796875,0.15869140625,-0.439453125,-0.048828125,-0.08544921875,0.01220703125,-0.06103515625,0.146484375,-0.89111328125,0.03662109375,1.06201171875,0.08544921875,-0.1953125,0.341796875,-0.57373046875,-0.1220703125,-0.15869140625,0.30517578125,0.84228515625,0.01220703125,-0.6103515625,-0.0732421875,-0.390625,-0.13427734375,-1.0986328125,0.3173828125,0.68359375,-0.2685546875,0.01220703125,-0.0244140625,-0.10986328125,0.3662109375,-0.59814453125,-0.3662109375,-0.20751953125,-0.06103515625,-0.439453125,0.3173828125,-0.23193359375,-0.29296875,-0.732421875,-0.29296875,-0.390625,-0.146484375,0.76904296875,-0.18310546875,1.28173828125,0.1953125,0.40283203125,-0.52490234375,-0.15869140625,-0.244140625,0.7080078125,-0.30517578125,2.03857421875,0.10986328125,1.2451171875,-0.341796875,1.1474609375,0.79345703125,6.04248046875,0.1220703125,0.4638671875,-0.0732421875,1.20849609375,-0.0244140625,0.45166015625,0,0.42724609375,-0.25634765625,0.76904296875,0.2685546875,0.9033203125,0.1220703125,-0.06103515625,-0.0732421875,1.2939453125,-0.06103515625,-0.57373046875,0.30517578125,-0.4150390625,-0.1708984375,-1.025390625,0.09765625,-0.86669921875,-0.25634765625,-1.86767578125,-0.06103515625,-0.7080078125,-0.40283203125,-0.634765625,0.06103515625,-1.64794921875,0,-0.68359375,-0.29296875,-0.67138671875,0,-0.634765625,0.29296875,-0.09765625,0.15869140625,0.87890625,0.09765625,-0.03662109375,-0.03662109375,3.79638671875,0.048828125,2.08740234375,-0.48828125,0.30517578125,0.048828125,-0.0244140625,-0.0732421875,-0.0732421875,0,0.20751953125,-0.09765625,6.72607421875,0.1220703125,3.52783203125,-0.09765625,2.2705078125,-0.146484375,3.6865234375
1,-0.048828125,-0.4150390625,-0.23193359375,-0.40283203125,0.146484375,-0.45166015625,-0.03662109375,-0.08544921875,0.01220703125,-0.09765625,0.10986328125,-0.89111328125,0.0244140625,1.07421875,0.048828125,-0.20751953125,0.37841796875,-0.5615234375,-0.06103515625,-0.15869140625,0.2685546875,0.86669921875,-0.03662109375,-0.59814453125,0.0244140625,-0.37841796875,-0.13427734375,-1.0986328125,0.3173828125,0.69580078125,-0.28076171875,0.01220703125,-0.06103515625,-0.18310546875,0.35400390625,-0.64697265625,-0.40283203125,-0.25634765625,-0.08544921875,-0.48828125,0.29296875,-0.244140625,-0.23193359375,-0.7568359375,-0.32958984375,-0.390625,-0.10986328125,0.78125,-0.146484375,1.220703125,0.1953125,0.4150390625,-0.4638671875,-0.146484375,-0.25634765625,0.7080078125,-0.28076171875,1.9775390625,0.1220703125,1.15966796875,-0.3173828125,1.08642578125,0.7568359375,5.615234375,0.10986328125,0.439453125,-0.01220703125,1.171875,-0.048828125,0.45166015625,0.048828125,0.390625,-0.2197265625,0.7080078125,0.2685546875,0.8544921875,0.0244140625,-0.048828125,-0.08544921875,1.26953125,-0.09765625,-0.5859375,0.29296875,-0.4150390625,-0.20751953125,-1.025390625,0.08544921875,-0.84228515625,-0.30517578125,-1.86767578125,-0.1220703125,-0.7080078125,-0.35400390625,-0.5126953125,0.03662109375,-1.611328125,0.0732421875,-0.69580078125,-0.30517578125,-0.67138671875,0.0244140625,-0.67138671875,0.32958984375,-0.10986328125,0.10986328125,0.91552734375,0.13427734375,0.01220703125,-0.0732421875,3.94287109375,0.03662109375,2.1484375,-0.5126953125,0.29296875,0.06103515625,-0.01220703125,-0.06103515625,-0.0732421875,0,0.1953125,-0.15869140625,6.0791015625,0.13427734375,3.43017578125,-0.08544921875,2.1728515625,-0.13427734375,3.4912109375
1,-0.03662109375,-0.439453125,-0.2197265625,-0.4150390625,0.13427734375,-0.4638671875,-0.0244140625,-0.10986328125,0.0244140625,-0.0732421875,0.09765625,-0.91552734375,0.0244140625,1.06201171875,0.01220703125,-0.1953125,0.3662109375,-0.59814453125,0,-0.15869140625,0.23193359375,0.86669921875,-0.13427734375,-0.5859375,0.09765625,-0.3662109375,-0.1220703125,-1.123046875,0.30517578125,0.69580078125,-0.1708984375,-0.01220703125,-0.10986328125,-0.25634765625,0.35400390625,-0.72021484375,-0.42724609375,-0.3173828125,-0.09765625,-0.5859375,0.30517578125,-0.25634765625,-0.18310546875,-0.72021484375,-0.341796875,-0.4150390625,-0.1708984375,0.78125,-0.10986328125,1.18408203125,0.15869140625,0.439453125,-0.50048828125,-0.1708984375,-0.29296875,0.69580078125,-0.244140625,1.904296875,0.1220703125,1.08642578125,-0.341796875,1.03759765625,0.86669921875,5.26123046875,0.08544921875,0.35400390625,0.0244140625,1.11083984375,-0.08544921875,0.4150390625,0.13427734375,0.32958984375,-0.13427734375,0.6591796875,0.2197265625,0.81787109375,-0.048828125,-0.03662109375,-0.0732421875,1.25732421875,-0.0732421875,-0.64697265625,0.23193359375,-0.40283203125,-0.25634765625,-1.03759765625,0.08544921875,-0.84228515625,-0.32958984375,-1.8310546875,-0.15869140625,-0.6591796875,-0.32958984375,-0.45166015625,0,-1.59912109375,0.13427734375,-0.732421875,-0.32958984375,-0.6591796875,0.0244140625,-0.67138671875,0.32958984375,-0.09765625,0.048828125,0.89111328125,0.15869140625,-0.0244140625,-0.1220703125,3.89404296875,0.03662109375,2.11181640625,-0.52490234375,0.30517578125,0.048828125,-0.0244140625,-0.06103515625,-0.048828125,-0.0244140625,0.20751953125,-0.18310546875,5.5419921875,0.13427734375,3.2958984375,-0.06103515625,2.06298828125,-0.13427734375,3.2958984375
1,-0.03662109375,-0.4150390625,-0.25634765625,-0.42724609375,0.13427734375,-0.439453125,-0.01220703125,-0.09765625,0.0244140625,-0.03662109375,0.10986328125,-0.89111328125,0,1.07421875,0,-0.15869140625,0.3173828125,-0.5859375,0.048828125,-0.15869140625,0.1708984375,0.89111328125,-0.1708984375,-0.59814453125,0.146484375,-0.40283203125,-0.0732421875,-1.123046875,0.30517578125,0.732421875,-0.0244140625,-0.0244140625,-0.13427734375,-0.2685546875,0.32958984375,-0.79345703125,-0.439453125,-0.341796875,-0.08544921875,-0.64697265625,0.28076171875,-0.244140625,-0.1220703125,-0.72021484375,-0.390625,-0.40283203125,-0.2197265625,0.7568359375,-0.06103515625,1.15966796875,0.15869140625,0.45166015625,-0.50048828125,-0.15869140625,-0.23193359375,0.7080078125,-0.1708984375,1.85546875,0.146484375,1.025390625,-0.4150390625,0.98876953125,0.830078125,4.9560546875,0.0732421875,0.244140625,0.0732421875,1.025390625,-0.048828125,0.3662109375,0.1953125,0.2685546875,-0.06103515625,0.634765625,0.1708984375,0.830078125,-0.10986328125,-0.01220703125,-0.06103515625,1.220703125,-0.0732421875,-0.7080078125,0.15869140625,-0.40283203125,-0.30517578125,-1.01318359375,0.048828125,-0.8544921875,-0.2685546875,-1.79443359375,-0.20751953125,-0.64697265625,-0.23193359375,-0.439453125,0,-1.57470703125,0.146484375,-0.74462890625,-0.3173828125,-0.64697265625,-0.0244140625,-0.6591796875,0.3173828125,-0.10986328125,-0.06103515625,0.79345703125,0.13427734375,-0.1220703125,-0.1953125,3.64990234375,0.0244140625,2.01416015625,-0.5615234375,0.30517578125,0.03662109375,-0.0244140625,-0.06103515625,-0.03662109375,-0.06103515625,0.1953125,-0.1953125,5.16357421875,0.1220703125,3.1494140625,-0.0244140625,1.9287109375,-0.09765625,3.1005859375
1,-0.03662109375,-0.4150390625,-0.244140625,-0.40283203125,0.1220703125,-0.439453125,0.01220703125,-0.08544921875,0.03662109375,-0.03662109375,0.10986328125,-0.91552734375,-0.0244140625,1.07421875,-0.0244140625,-0.15869140625,0.28076171875,-0.57373046875,0.01220703125,-0.1708984375,0.048828125,0.89111328125,-0.1953125,-0.5859375,0.15869140625,-0.390625,-0.01220703125,-1.11083984375,0.2685546875,0.830078125,0.06103515625,-0.03662109375,-0.1220703125,-0.2197265625,0.2685546875,-0.830078125,-0.390625,-0.35400390625,-0.0732421875,-0.7080078125,0.23193359375,-0.244140625,-0.08544921875,-0.72021484375,-0.4150390625,-0.390625,-0.244140625,0.7080078125,-0.03662109375,1.15966796875,0.15869140625,0.42724609375,-0.45166015625,-0.15869140625,-0.1953125,0.69580078125,-0.13427734375,1.79443359375,0.1220703125,1.025390625,-0.4150390625,0.9765625,0.84228515625,4.72412109375,0.03662109375,0.13427734375,0.15869140625,0.98876953125,0,0.3173828125,0.20751953125,0.25634765625,-0.06103515625,0.62255859375,0.13427734375,0.78125,-0.146484375,0.01220703125,-0.0732421875,1.23291015625,-0.0244140625,-0.78125,0.08544921875,-0.390625,-0.341796875,-1.01318359375,0.08544921875,-0.830078125,-0.25634765625,-1.7822265625,-0.28076171875,-0.62255859375,-0.13427734375,-0.4638671875,-0.10986328125,-1.5625,0.15869140625,-0.74462890625,-0.3173828125,-0.6591796875,-0.06103515625,-0.64697265625,0.2685546875,-0.09765625,-0.1220703125,0.6591796875,0.10986328125,-0.23193359375,-0.28076171875,3.28369140625,-0.03662109375,1.89208984375,-0.5859375,0.341796875,0.06103515625,-0.01220703125,-0.06103515625,-0.01220703125,-0.048828125,0.1953125,-0.2197265625,4.94384765625,0.146484375,3.0029296875,-0.0244140625,1.79443359375,-0.08544921875,2.880859375
1,-0.0244140625,-0.40283203125,-0.244140625,-0.40283203125,0.146484375,-0.4638671875,0.01220703125,-0.0732421875,0.01220703125,-0.03662109375,0.10986328125,-0.89111328125,-0.048828125,1.08642578125,-0.01220703125,-0.1220703125,0.25634765625,-0.5859375,0.01220703125,-0.18310546875,-0.01220703125,0.87890625,-0.20751953125,-0.5859375,0.13427734375,-0.3662109375,0.03662109375,-1.07421875,0.3173828125,1.025390625,0.1708984375,-0.0244140625,-0.08544921875,-0.01220703125,0.18310546875,-0.81787109375,-0.35400390625,-0.341796875,-0.06103515625,-0.67138671875,0.1708984375,-0.2197265625,-0.09765625,-0.732421875,-0.439453125,-0.40283203125,-0.28076171875,0.67138671875,0,1.15966796875,0.20751953125,0.42724609375,-0.45166015625,-0.15869140625,-0.1220703125,0.7080078125,-0.10986328125,1.7578125,0.10986328125,0.96435546875,-0.439453125,0.9765625,0.8544921875,4.57763671875,0,0.0732421875,0.1220703125,0.9765625,0.048828125,0.28076171875,0.1953125,0.20751953125,-0.03662109375,0.62255859375,0.08544921875,0.7568359375,-0.09765625,0,-0.10986328125,1.23291015625,0.01220703125,-0.89111328125,0,-0.4150390625,-0.29296875,-1.01318359375,0.146484375,-0.81787109375,-0.20751953125,-1.7578125,-0.341796875,-0.59814453125,-0.03662109375,-0.5615234375,-0.13427734375,-1.5625,0.13427734375,-0.74462890625,-0.3173828125,-0.6591796875,-0.09765625,-0.634765625,0.18310546875,-0.09765625,-0.146484375,0.48828125,-0.01220703125,-0.42724609375,-0.341796875,2.8076171875,-0.06103515625,1.69677734375,-0.59814453125,0.32958984375,0.048828125,-0.01220703125,-0.0732421875,-0.01220703125,-0.06103515625,0.18310546875,-0.2197265625,4.77294921875,0.15869140625,2.86865234375,-0.03662109375,1.64794921875,-0.06103515625,2.67333984375
1,-0.01220703125,-0.390625,-0.2197265625,-0.390625,0.1220703125,-0.4638671875,0.048828125,-0.06103515625,0,-0.01220703125,0.09765625,-0.89111328125,-0.03662109375,1.11083984375,0,-0.1220703125,0.20751953125,-0.57373046875,-0.03662109375,-0.1953125,-0.10986328125,0.89111328125,-0.2197265625,-0.5859375,0.0732421875,-0.32958984375,0.0732421875,-1.025390625,0.29296875,1.3427734375,0.146484375,0.0244140625,-0.10986328125,0.3662109375,0.10986328125,-0.732421875,-0.29296875,-0.244140625,-0.09765625,-0.59814453125,0.18310546875,-0.1953125,-0.0732421875,-0.72021484375,-0.40283203125,-0.40283203125,-0.35400390625,0.64697265625,-0.048828125,1.18408203125,0.1708984375,0.42724609375,-0.3173828125,-0.15869140625,-0.0244140625,0.69580078125,-0.09765625,1.708984375,0.09765625,0.96435546875,-0.42724609375,1.0009765625,0.830078125,4.4677734375,0,0.048828125,0.20751953125,0.96435546875,0.146484375,0.2685546875,0.2197265625,0.2197265625,-0.06103515625,0.62255859375,0.0244140625,0.76904296875,-0.01220703125,-0.01220703125,-0.1953125,1.25732421875,0.048828125,-0.93994140625,-0.0244140625,-0.390625,-0.18310546875,-1.0009765625,0.1708984375,-0.8056640625,-0.09765625,-1.7578125,-0.341796875,-0.62255859375,0.10986328125,-0.64697265625,-0.13427734375,-1.52587890625,0.08544921875,-0.72021484375,-0.2685546875,-0.68359375,-0.10986328125,-0.5859375,0.1220703125,-0.09765625,-0.1708984375,0.29296875,-0.10986328125,-0.62255859375,-0.3662109375,2.2705078125,-0.09765625,1.50146484375,-0.62255859375,0.32958984375,0.06103515625,0.01220703125,-0.048828125,0.0244140625,-0.08544921875,0.18310546875,-0.23193359375,4.62646484375,0.1220703125,2.685546875,-0.03662109375,1.4892578125,-0.06103515625,2.44140625
0,-0.01220703125,-0.390625,-0.23193359375,-0.3662109375,0.09765625,-0.45166015625,0.0244140625,-0.06103515625,0.03662109375,-0.0244140625,0.08544921875,-0.89111328125,-0.048828125,1.08642578125,0.01220703125,-0.1220703125,0.09765625,-0.5615234375,-0.06103515625,-0.1953125,-0.18310546875,0.87890625,-0.1953125,-0.5859375,-0.0244140625,-0.2685546875,0.06103515625,-0.93994140625,0.341796875,1.77001953125,0.08544921875,0.10986328125,-0.0244140625,0.93994140625,0.0244140625,-0.5615234375,-0.2197265625,-0.0732421875,-0.08544921875,-0.37841796875,0.1953125,-0.18310546875,-0.06103515625,-0.7080078125,-0.37841796875,-0.4150390625,-0.40283203125,0.6591796875,-0.09765625,1.18408203125,0.10986328125,0.4150390625,-0.25634765625,-0.15869140625,0.03662109375,0.7080078125,-0.08544921875,1.67236328125,0.10986328125,0.9765625,-0.42724609375,1.025390625,0.78125,4.35791015625,-0.03662109375,0.03662109375,0.1708984375,0.9521484375,0.1708984375,0.28076171875,0.1220703125,0.20751953125,-0.03662109375,0.6591796875,-0.0244140625,0.74462890625,0.03662109375,-0.01220703125,-0.2685546875,1.28173828125,0.0732421875,-1.0009765625,-0.048828125,-0.37841796875,-0.0732421875,-0.9521484375,0.244140625,-0.79345703125,-0.09765625,-1.7578125,-0.341796875,-0.6103515625,0.08544921875,-0.76904296875,-0.1220703125,-1.5380859375,0.0244140625,-0.7080078125,-0.18310546875,-0.69580078125,-0.13427734375,-0.57373046875,0.06103515625,-0.08544921875,-0.09765625,0.09765625,-0.1708984375,-0.8056640625,-0.390625,1.7333984375,-0.10986328125,1.2939453125,-0.6103515625,0.3173828125,0.06103515625,-0.01220703125,-0.048828125,0.01220703125,-0.0732421875,0.18310546875,-0.2197265625,4.40673828125,0.09765625,2.490234375,-0.048828125,1.2939453125,-0.03662109375,2.1728515625
0,-0.0244140625,-0.3662109375,-0.18310546875,-0.3662109375,0.09765625,-0.45166015625,0.0244140625,-0.0732421875,0.048828125,-0.0244140625,0.10986328125,-0.89111328125,-0.0244140625,1.07421875,0.06103515625,-0.146484375,0.0244140625,-0.57373046875,-0.06103515625,-0.18310546875,-0.2197265625,0.87890625,-0.15869140625,-0.59814453125,-0.08544921875,-0.18310546875,0,-0.81787109375,0.2685546875,2.35595703125,-0.01220703125,0.244140625,-0.15869140625,1.708984375,0.01220703125,-0.3173828125,-0.146484375,0.146484375,-0.0244140625,-0.08544921875,0.32958984375,-0.146484375,-0.03662109375,-0.7080078125,-0.341796875,-0.42724609375,-0.5126953125,0.67138671875,-0.20751953125,1.20849609375,0.09765625,0.40283203125,-0.1953125,-0.1220703125,0.1220703125,0.69580078125,-0.08544921875,1.64794921875,0.10986328125,0.96435546875,-0.45166015625,1.01318359375,0.74462890625,4.21142578125,-0.0244140625,0.0732421875,0.0732421875,0.9765625,0.13427734375,0.29296875,0.048828125,0.244140625,-0.01220703125,0.67138671875,-0.0732421875,0.76904296875,0.10986328125,-0.03662109375,-0.3173828125,1.318359375,0.08544921875,-1.025390625,-0.0244140625,-0.40283203125,0.06103515625,-0.96435546875,0.28076171875,-0.8056640625,-0.15869140625,-1.7578125,-0.3173828125,-0.59814453125,0.03662109375,-0.830078125,-0.048828125,-1.55029296875,-0.0732421875,-0.7080078125,-0.08544921875,-0.7080078125,-0.13427734375,-0.5615234375,0.01220703125,-0.08544921875,-0.048828125,-0.1220703125,-0.23193359375,-0.96435546875,-0.40283203125,1.220703125,-0.13427734375,1.08642578125,-0.57373046875,0.32958984375,0.0732421875,-0.01220703125,-0.06103515625,0,-0.0732421875,0.1708984375,-0.10986328125,4.11376953125,0.09765625,2.294921875,-0.06103515625,1.07421875,0,1.8798828125
0,-0.048828125,-0.3662109375,-0.1953125,-0.35400390625,0.08544921875,-0.439453125,0.048828125,-0.08544921875,0.06103515625,-0.048828125,0.09765625,-0.89111328125,0.0244140625,1.07421875,0.06103515625,-0.1708984375,-0.06103515625,-0.5615234375,-0.0732421875,-0.18310546875,-0.244140625,0.87890625,-0.13427734375,-0.57373046875,-0.13427734375,-0.0244140625,-0.08544921875,-0.67138671875,0.1953125,3.06396484375,-0.15869140625,0.439453125,-0.18310546875,2.67333984375,-0.0732421875,-0.0244140625,-0.08544921875,0.4150390625,-0.01220703125,0.28076171875,0.37841796875,-0.15869140625,-0.0244140625,-0.69580078125,-0.23193359375,-0.42724609375,-0.57373046875,0.7080078125,-0.244140625,1.220703125,0.09765625,0.42724609375,-0.08544921875,-0.0732421875,0.23193359375,0.7080078125,-0.18310546875,1.5869140625,0.10986328125,0.9521484375,-0.4150390625,1.01318359375,0.86669921875,3.955078125,0.0732421875,0.1220703125,0.03662109375,1.03759765625,0.18310546875,0.3173828125,0.048828125,0.25634765625,-0.048828125,0.64697265625,-0.08544921875,0.79345703125,0.18310546875,-0.048828125,-0.35400390625,1.30615234375,0.08544921875,-1.025390625,0.0244140625,-0.390625,0.1953125,-0.96435546875,0.2685546875,-0.8056640625,-0.08544921875,-1.7578125,-0.2685546875,-0.59814453125,-0.01220703125,-0.86669921875,-0.0244140625,-1.5380859375,-0.1708984375,-0.67138671875,0.048828125,-0.732421875,-0.15869140625,-0.5859375,-0.01220703125,-0.0732421875,0.01220703125,-0.29296875,-0.244140625,-1.15966796875,-0.390625,0.72021484375,-0.09765625,0.91552734375,-0.57373046875,0.32958984375,0.03662109375,-0.01220703125,-0.048828125,0,-0.03662109375,0.15869140625,0.01220703125,3.61328125,0.09765625,2.11181640625,-0.0244140625,0.9033203125,0.0244140625,1.5869140625
0,-0.06103515625,-0.35400390625,-0.18310546875,-0.3662109375,0.10986328125,-0.42724609375,0.048828125,-0.08544921875,0.0732421875,-0.06103515625,0.09765625,-0.91552734375,0.048828125,1.08642578125,0.03662109375,-0.20751953125,-0.08544921875,-0.5615234375,-0.10986328125,-0.18310546875,-0.1953125,0.87890625,-0.146484375,-0.5615234375,-0.1708984375,0.13427734375,-0.1708984375,-0.5126953125,0.1953125,3.82080078125,-0.1953125,0.634765625,-0.244140625,3.72314453125,-0.1220703125,0.32958984375,-0.0732421875,0.7568359375,0.01220703125,0.69580078125,0.40283203125,-0.1220703125,0,-0.69580078125,-0.18310546875,-0.42724609375,-0.634765625,0.76904296875,-0.35400390625,1.20849609375,0.1220703125,0.390625,-0.01220703125,-0.048828125,0.3662109375,0.72021484375,-0.244140625,1.50146484375,0.10986328125,0.927734375,-0.37841796875,0.98876953125,0.74462890625,3.5400390625,0.048828125,0.13427734375,-0.01220703125,1.0498046875,0.13427734375,0.341796875,-0.0244140625,0.25634765625,-0.06103515625,0.5859375,-0.15869140625,0.8056640625,0.2197265625,-0.06103515625,-0.37841796875,1.33056640625,0.03662109375,-1.03759765625,0.08544921875,-0.390625,0.28076171875,-0.9765625,0.25634765625,-0.8056640625,-0.1220703125,-1.74560546875,-0.244140625,-0.5859375,-0.18310546875,-0.830078125,-0.01220703125,-1.50146484375,-0.25634765625,-0.6591796875,0.10986328125,-0.7080078125,-0.146484375,-0.57373046875,0,-0.0732421875,0.06103515625,-0.48828125,-0.25634765625,-1.30615234375,-0.35400390625,0.2685546875,-0.08544921875,0.72021484375,-0.537109375,0.3173828125,0.0244140625,-0.01220703125,-0.06103515625,0.01220703125,0,0.146484375,0.03662109375,2.9541015625,0.08544921875,1.89208984375,-0.06103515625,0.69580078125,0.06103515625,1.2939453125
0,-0.08544921875,-0.37841796875,-0.1708984375,-0.37841796875,0.10986328125,-0.439453125,0.03662109375,-0.10986328125,0.08544921875,-0.0732421875,0.0732421875,-0.9033203125,0.08544921875,1.06201171875,0.048828125,-0.2197265625,-0.03662109375,-0.5859375,-0.09765625,-0.1708984375,-0.10986328125,0.89111328125,-0.18310546875,-0.57373046875,-0.15869140625,0.30517578125,-0.2197265625,-0.32958984375,0.1953125,4.60205078125,-0.23193359375,0.84228515625,-0.2685546875,4.8095703125,-0.1708984375,0.6591796875,-0.08544921875,1.06201171875,0.048828125,1.0986328125,0.35400390625,-0.13427734375,0.0732421875,-0.69580078125,-0.146484375,-0.4150390625,-0.6103515625,0.830078125,-0.3662109375,1.20849609375,0.08544921875,0.439453125,0.0244140625,0,0.4638671875,0.72021484375,-0.3173828125,1.3916015625,0.13427734375,0.830078125,-0.341796875,0.91552734375,0.69580078125,2.99072265625,0.09765625,0.15869140625,-0.06103515625,1.06201171875,0.048828125,0.35400390625,-0.0732421875,0.2685546875,-0.10986328125,0.52490234375,-0.1708984375,0.8544921875,0.1953125,-0.03662109375,-0.35400390625,1.2939453125,-0.048828125,-1.025390625,0.15869140625,-0.4150390625,0.35400390625,-0.9765625,0.15869140625,-0.81787109375,-0.13427734375,-1.708984375,-0.20751953125,-0.54931640625,-0.341796875,-0.732421875,0,-1.4404296875,-0.30517578125,-0.6591796875,0.146484375,-0.7080078125,-0.10986328125,-0.5859375,0.01220703125,-0.09765625,0.048828125,-0.6103515625,-0.20751953125,-1.46484375,-0.30517578125,-0.09765625,-0.06103515625,0.5859375,-0.52490234375,0.341796875,0.01220703125,-0.0244140625,-0.0732421875,0.03662109375,0.0244140625,0.146484375,0.03662109375,2.16064453125,0.08544921875,1.69677734375,-0.0732421875,0.4638671875,0.0732421875,0.96435546875
0,-0.09765625,-0.390625,-0.18310546875,-0.390625,0.09765625,-0.45166015625,0.06103515625,-0.1220703125,0.09765625,-0.08544921875,0.06103515625,-0.89111328125,0.10986328125,1.06201171875,0.03662109375,-0.2197265625,-0.0244140625,-0.5615234375,-0.10986328125,-0.15869140625,0,0.89111328125,-0.23193359375,-0.5615234375,-0.10986328125,0.50048828125,-0.244140625,-0.15869140625,0.18310546875,5.2978515625,-0.1708984375,1.025390625,-0.32958984375,5.79833984375,-0.1708984375,0.93994140625,-0.10986328125,1.3671875,0.09765625,1.46484375,0.35400390625,-0.1708984375,0.10986328125,-0.72021484375,-0.08544921875,-0.40283203125,-0.64697265625,0.86669921875,-0.40283203125,1.18408203125,0.048828125,0.42724609375,0.0732421875,-0.01220703125,0.52490234375,0.69580078125,-0.3662109375,1.2451171875,0.1953125,0.72021484375,-0.32958984375,0.79345703125,0.634765625,2.33154296875,0.1220703125,0.13427734375,-0.09765625,1.07421875,-0.0244140625,0.35400390625,-0.08544921875,0.2685546875,-0.15869140625,0.4150390625,-0.18310546875,0.89111328125,0.18310546875,-0.048828125,-0.28076171875,1.26953125,-0.10986328125,-0.98876953125,0.244140625,-0.42724609375,0.341796875,-0.98876953125,0.0244140625,-0.830078125,-0.1220703125,-1.67236328125,-0.146484375,-0.54931640625,-0.439453125,-0.6103515625,-0.01220703125,-1.3916015625,-0.341796875,-0.6591796875,0.1220703125,-0.69580078125,-0.08544921875,-0.6103515625,0.0732421875,-0.09765625,0.0244140625,-0.76904296875,-0.15869140625,-1.5625,-0.244140625,-0.42724609375,-0.03662109375,0.439453125,-0.4638671875,0.32958984375,0.03662109375,-0.0244140625,-0.0732421875,0.03662109375,0.0244140625,0.15869140625,0.03662109375,1.33056640625,0.09765625,1.46484375,-0.08544921875,0.28076171875,0.09765625,0.6591796875
0,-0.08544921875,-0.40283203125,-0.15869140625,-0.40283203125,0.09765625,-0.45166015625,0.06103515625,-0.10986328125,0.10986328125,-0.08544921875,0.0244140625,-0.9033203125,0.13427734375,1.0498046875,0.03662109375,-0.1953125,0.06103515625,-0.57373046875,-0.09765625,-0.15869140625,0.01220703125,0.9033203125,-0.23193359375,-0.54931640625,-0.10986328125,0.64697265625,-0.20751953125,0,0.0732421875,5.8837890625,-0.13427734375,1.18408203125,-0.35400390625,6.6162109375,-0.146484375,1.171875,-0.1708984375,1.57470703125,0.1220703125,1.74560546875,0.30517578125,-0.1708984375,0.10986328125,-0.72021484375,-0.0732421875,-0.40283203125,-0.5859375,0.87890625,-0.47607421875,1.15966796875,0.06103515625,0.439453125,0.08544921875,0.01220703125,0.57373046875,0.69580078125,-0.40283203125,1.08642578125,0.20751953125,0.6103515625,-0.28076171875,0.68359375,0.52490234375,1.57470703125,0.13427734375,0.08544921875,-0.20751953125,1.11083984375,-0.10986328125,0.3173828125,-0.1220703125,0.244140625,-0.20751953125,0.3173828125,-0.18310546875,0.86669921875,0.18310546875,-0.0244140625,-0.244140625,1.2451171875,-0.18310546875,-0.9765625,0.25634765625,-0.42724609375,0.3173828125,-1.025390625,-0.0244140625,-0.81787109375,-0.20751953125,-1.62353515625,-0.1220703125,-0.52490234375,-0.52490234375,-0.47607421875,0.01220703125,-1.318359375,-0.29296875,-0.68359375,0.08544921875,-0.68359375,-0.03662109375,-0.62255859375,0.13427734375,-0.09765625,0,-0.89111328125,-0.13427734375,-1.67236328125,-0.146484375,-0.7568359375,-0.0244140625,0.30517578125,-0.4638671875,0.3173828125,0.01220703125,-0.03662109375,-0.06103515625,0.0244140625,0.048828125,0.15869140625,0.01220703125,0.62255859375,0.10986328125,1.30615234375,-0.13427734375,0.1220703125,0.0732421875,0.4150390625
0,-0.0732421875,-0.42724609375,-0.13427734375,-0.40283203125,0.0732421875,-0.45166015625,0.09765625,-0.09765625,0.1220703125,-0.06103515625,0,-0.87890625,0.15869140625,1.03759765625,0.0244140625,-0.1708984375,0.13427734375,-0.5859375,-0.0732421875,-0.13427734375,0.0244140625,0.927734375,-0.25634765625,-0.5615234375,-0.09765625,0.7568359375,-0.18310546875,0.08544921875,0.08544921875,6.2744140625,-0.146484375,1.2939453125,-0.35400390625,7.2509765625,-0.1708984375,1.30615234375,-0.20751953125,1.72119140625,0.10986328125,1.94091796875,0.25634765625,-0.1708984375,0.08544921875,-0.72021484375,-0.09765625,-0.4150390625,-0.59814453125,0.87890625,-0.48828125,1.171875,0.01220703125,0.42724609375,0.08544921875,0,0.6103515625,0.69580078125,-0.42724609375,0.89111328125,0.18310546875,0.47607421875,-0.2197265625,0.537109375,0.45166015625,0.86669921875,0.1953125,0.0244140625,-0.25634765625,1.123046875,-0.20751953125,0.29296875,-0.146484375,0.2197265625,-0.2685546875,0.23193359375,-0.1708984375,0.86669921875,0.13427734375,-0.0244140625,-0.0732421875,1.23291015625,-0.13427734375,-0.98876953125,0.2685546875,-0.4150390625,0.244140625,-1.01318359375,-0.0244140625,-0.830078125,-0.2685546875,-1.5625,-0.0732421875,-0.47607421875,-0.47607421875,-0.341796875,0,-1.26953125,-0.20751953125,-0.67138671875,0.0244140625,-0.67138671875,-0.01220703125,-0.634765625,0.15869140625,-0.10986328125,-0.01220703125,-0.98876953125,-0.10986328125,-1.7578125,-0.1220703125,-0.98876953125,-0.03662109375,0.1953125,-0.47607421875,0.341796875,0.01220703125,-0.01220703125,-0.06103515625,0.01220703125,0.0244140625,0.18310546875,-0.03662109375,0.09765625,0.13427734375,1.220703125,-0.1220703125,0,0.09765625,0.244140625
0,-0.0732421875,-0.42724609375,-0.146484375,-0.390625,0.08544921875,-0.439453125,0.09765625,-0.09765625,0.10986328125,-0.0732421875,-0.03662109375,-0.89111328125,0.146484375,1.03759765625,0.0244140625,-0.15869140625,0.18310546875,-0.57373046875,-0.048828125,-0.13427734375,-0.01220703125,0.93994140625,-0.23193359375,-0.57373046875,-0.06103515625,0.84228515625,-0.15869140625,0.146484375,0.10986328125,6.4697265625,-0.0732421875,1.3427734375,-0.3173828125,7.6416015625,-0.1953125,1.37939453125,-0.23193359375,1.7822265625,0.09765625,2.03857421875,0.20751953125,-0.1953125,0.048828125,-0.732421875,-0.1708984375,-0.439453125,-0.4638671875,0.8544921875,-0.5615234375,1.171875,0.01220703125,0.42724609375,0.048828125,-0.048828125,0.6103515625,0.6591796875,-0.439453125,0.7568359375,0.20751953125,0.40283203125,-0.2197265625,0.4150390625,0.47607421875,0.3173828125,0.13427734375,0,-0.29296875,1.123046875,-0.28076171875,0.2685546875,-0.18310546875,0.20751953125,-0.30517578125,0.15869140625,-0.1953125,0.84228515625,0.048828125,0,0.03662109375,1.220703125,-0.0732421875,-0.98876953125,0.23193359375,-0.4150390625,0.1220703125,-1.01318359375,-0.03662109375,-0.84228515625,-0.25634765625,-1.52587890625,-0.03662109375,-0.45166015625,-0.4150390625,-0.28076171875,-0.01220703125,-1.220703125,-0.08544921875,-0.69580078125,-0.03662109375,-0.6591796875,0,-0.62255859375,0.18310546875,-0.09765625,-0.0244140625,-1.06201171875,-0.09765625,-1.84326171875,-0.10986328125,-1.25732421875,0.01220703125,0.10986328125,-0.50048828125,0.3173828125,0.0244140625,-0.0244140625,-0.0732421875,0.01220703125,0.01220703125,0.1708984375,-0.06103515625,-0.1220703125,0.08544921875,1.23291015625,-0.1708984375,-0.01220703125,0.048828125,0.20751953125
0,-0.09765625,-0.439453125,-0.15869140625,-0.390625,0.06103515625,-0.45166015625,0.08544921875,-0.08544921875,0.08544921875,-0.06103515625,-0.048828125,-0.86669921875,0.15869140625,1.025390625,0.01220703125,-0.13427734375,0.20751953125,-0.57373046875,0,-0.13427734375,-0.10986328125,0.927734375,-0.20751953125,-0.57373046875,-0.06103515625,0.830078125,-0.06103515625,0.13427734375,0.146484375,6.45751953125,-0.09765625,1.3427734375,-0.29296875,7.763671875,-0.20751953125,1.3671875,-0.23193359375,1.7578125,0.06103515625,2.03857421875,0.20751953125,-0.1953125,0.01220703125,-0.74462890625,-0.2197265625,-0.45166015625,-0.4638671875,0.79345703125,-0.50048828125,1.20849609375,-0.048828125,0.42724609375,-0.01220703125,-0.08544921875,0.64697265625,0.6591796875,-0.37841796875,0.634765625,0.20751953125,0.32958984375,-0.20751953125,0.32958984375,0.4638671875,0,0.13427734375,-0.01220703125,-0.2685546875,1.1474609375,-0.29296875,0.25634765625,-0.18310546875,0.2197265625,-0.29296875,0.146484375,-0.18310546875,0.8056640625,0.0244140625,0.01220703125,0.13427734375,1.220703125,-0.01220703125,-0.98876953125,0.18310546875,-0.40283203125,0.01220703125,-1.025390625,-0.048828125,-0.830078125,-0.3173828125,-1.50146484375,-0.0244140625,-0.42724609375,-0.2685546875,-0.23193359375,-0.0244140625,-1.15966796875,-0.01220703125,-0.69580078125,-0.09765625,-0.67138671875,-0.01220703125,-0.6103515625,0.15869140625,-0.09765625,-0.06103515625,-1.123046875,-0.08544921875,-1.86767578125,-0.1220703125,-1.45263671875,0.01220703125,0.03662109375,-0.45166015625,0.3173828125,0.01220703125,-0.01220703125,-0.06103515625,-0.01220703125,-0.01220703125,0.15869140625,-0.0244140625,0.0732421875,0.10986328125,1.33056640625,-0.146484375,0.08544921875,0.0732421875,0.32958984375
0,-0.09765625,-0.42724609375,-0.10986328125,-0.390625,0.048828125,-0.45166015625,0.08544921875,-0.08544921875,0.0732421875,-0.03662109375,-0.0732421875,-0.86669921875,0.13427734375,1.03759765625,0.01220703125,-0.13427734375,0.2197265625,-0.5859375,0.0244140625,-0.1220703125,-0.13427734375,0.91552734375,-0.1220703125,-0.5859375,0,0.78125,0.01220703125,0.0732421875,0.1708984375,6.2255859375,-0.09765625,1.26953125,-0.35400390625,7.65380859375,-0.244140625,1.28173828125,-0.2197265625,1.69677734375,0.01220703125,1.9775390625,0.244140625,-0.1953125,-0.048828125,-0.74462890625,-0.29296875,-0.439453125,-0.45166015625,0.732421875,-0.390625,1.2451171875,-0.09765625,0.42724609375,-0.0732421875,-0.1220703125,0.62255859375,0.6591796875,-0.3173828125,0.62255859375,0.13427734375,0.32958984375,-0.1708984375,0.32958984375,0.439453125,0.048828125,0.1220703125,0.048828125,-0.1708984375,1.171875,-0.28076171875,0.25634765625,-0.18310546875,0.25634765625,-0.29296875,0.1708984375,-0.20751953125,0.8056640625,0.0244140625,0.0244140625,0.1953125,1.23291015625,0.08544921875,-1.0498046875,0.13427734375,-0.4150390625,-0.08544921875,-1.025390625,-0.09765625,-0.830078125,-0.25634765625,-1.47705078125,-0.0244140625,-0.4150390625,-0.13427734375,-0.25634765625,-0.06103515625,-1.1474609375,0,-0.7080078125,-0.146484375,-0.6591796875,-0.0244140625,-0.5859375,0.10986328125,-0.08544921875,-0.13427734375,-1.13525390625,-0.09765625,-1.904296875,-0.1708984375,-1.57470703125,0.01220703125,-0.03662109375,-0.4638671875,0.30517578125,-0.01220703125,0,-0.06103515625,-0.03662109375,-0.048828125,0.146484375,-0.09765625,0.68359375,0.13427734375,1.5625,-0.146484375,0.30517578125,0.0732421875,0.6591796875
0,-0.09765625,-0.4150390625,-0.0732421875,-0.390625,0.0244140625,-0.45166015625,0.048828125,-0.09765625,0.06103515625,-0.0244140625,-0.09765625,-0.86669921875,0.1220703125,1.06201171875,0,-0.146484375,0.2197265625,-0.57373046875,0.048828125,-0.1220703125,-0.2197265625,0.91552734375,-0.0732421875,-0.5859375,0.0244140625,0.68359375,0.08544921875,-0.01220703125,0.15869140625,5.79833984375,-0.0732421875,1.13525390625,-0.4150390625,7.33642578125,-0.244140625,1.1474609375,-0.1953125,1.5625,-0.0244140625,1.85546875,0.244140625,-0.23193359375,-0.06103515625,-0.732421875,-0.32958984375,-0.45166015625,-0.439453125,0.6591796875,-0.37841796875,1.30615234375,-0.1220703125,0.4150390625,-0.09765625,-0.15869140625,0.64697265625,0.67138671875,-0.29296875,0.69580078125,0.08544921875,0.4150390625,-0.15869140625,0.35400390625,0.35400390625,0.439453125,0.048828125,0.13427734375,-0.13427734375,1.20849609375,-0.244140625,0.29296875,-0.23193359375,0.30517578125,-0.28076171875,0.244140625,-0.15869140625,0.79345703125,0.08544921875,0.01220703125,0.20751953125,1.2451171875,0.10986328125,-1.07421875,0.09765625,-0.37841796875,-0.15869140625,-1.01318359375,-0.13427734375,-0.830078125,-0.244140625,-1.4892578125,-0.048828125,-0.42724609375,0,-0.341796875,-0.06103515625,-1.1474609375,0,-0.7080078125,-0.1220703125,-0.64697265625,-0.048828125,-0.57373046875,0.0732421875,-0.08544921875,-0.2197265625,-1.171875,-0.146484375,-1.9287109375,-0.2197265625,-1.69677734375,0,-0.08544921875,-0.37841796875,0.29296875,-0.01220703125,0.01220703125,-0.06103515625,-0.06103515625,-0.10986328125,0.15869140625,-0.08544921875,1.7333984375,0.06103515625,1.89208984375,-0.15869140625,0.6591796875,0.01220703125,1.1474609375
0,-0.10986328125,-0.390625,-0.0732421875,-0.3662109375,0.01220703125,-0.439453125,0.048828125,-0.0732421875,0.08544921875,-0.048828125,-0.10986328125,-0.86669921875,0.08544921875,1.0986328125,0.01220703125,-0.15869140625,0.1953125,-0.57373046875,0.06103515625,-0.10986328125,-0.23193359375,0.89111328125,-0.03662109375,-0.54931640625,0.06103515625,0.5615234375,0.1220703125,-0.146484375,0.13427734375,5.31005859375,-0.09765625,1.01318359375,-0.42724609375,6.87255859375,-0.1953125,1.01318359375,-0.1708984375,1.4404296875,-0.048828125,1.67236328125,0.25634765625,-0.25634765625,-0.03662109375,-0.74462890625,-0.35400390625,-0.45166015625,-0.4150390625,0.59814453125,-0.341796875,1.3671875,-0.1220703125,0.4150390625,-0.1953125,-0.18310546875,0.6591796875,0.68359375,-0.244140625,0.84228515625,0.0732421875,0.54931640625,-0.146484375,0.50048828125,0.45166015625,1.18408203125,0,0.23193359375,-0.09765625,1.2451171875,-0.15869140625,0.3173828125,-0.25634765625,0.35400390625,-0.2685546875,0.35400390625,-0.1220703125,0.732421875,0.1220703125,0.01220703125,0.1708984375,1.28173828125,0.13427734375,-1.08642578125,0.06103515625,-0.37841796875,-0.18310546875,-1.01318359375,-0.13427734375,-0.81787109375,-0.2197265625,-1.513671875,-0.06103515625,-0.4638671875,0.08544921875,-0.45166015625,-0.06103515625,-1.171875,-0.03662109375,-0.68359375,-0.08544921875,-0.6591796875,-0.0732421875,-0.54931640625,0.0244140625,-0.08544921875,-0.2685546875,-1.171875,-0.1953125,-1.9287109375,-0.2685546875,-1.72119140625,-0.0244140625,-0.06103515625,-0.35400390625,0.3173828125,0,0.01220703125,-0.0732421875,-0.06103515625,-0.10986328125,0.146484375,-0.10986328125,3.076171875,0.10986328125,2.3681640625,-0.146484375,1.13525390625,0.0244140625,1.81884765625
0,-0.13427734375,-0.390625,-0.06103515625,-0.35400390625,0.01220703125,-0.439453125,0.01220703125,-0.06103515625,0.10986328125,-0.03662109375,-0.1220703125,-0.87890625,0.06103515625,1.07421875,0,-0.15869140625,0.1220703125,-0.5859375,0.048828125,-0.13427734375,-0.23193359375,0.9033203125,-0.06103515625,-0.59814453125,0.09765625,0.4150390625,0.1220703125,-0.28076171875,0.13427734375,4.77294921875,-0.048828125,0.8544921875,-0.439453125,6.33544921875,-0.09765625,0.8544921875,-0.146484375,1.28173828125,-0.06103515625,1.50146484375,0.23193359375,-0.25634765625,-0.01220703125,-0.732421875,-0.3173828125,-0.439453125,-0.439453125,0.52490234375,-0.35400390625,1.4404296875,-0.08544921875,0.4150390625,-0.2197265625,-0.1953125,0.57373046875,0.68359375,-0.1708984375,1.0986328125,0.06103515625,0.732421875,-0.08544921875,0.6591796875,0.4638671875,2.28271484375,0,0.341796875,-0.09765625,1.28173828125,-0.1220703125,0.35400390625,-0.3173828125,0.4150390625,-0.23193359375,0.47607421875,-0.048828125,0.74462890625,0.1708984375,0,0.1220703125,1.30615234375,0.13427734375,-1.08642578125,0.03662109375,-0.3662109375,-0.20751953125,-1.0009765625,-0.1708984375,-0.8056640625,-0.15869140625,-1.55029296875,-0.0732421875,-0.47607421875,0.09765625,-0.59814453125,0,-1.2451171875,-0.0732421875,-0.69580078125,-0.01220703125,-0.67138671875,-0.146484375,-0.537109375,-0.0244140625,-0.0732421875,-0.29296875,-1.123046875,-0.2197265625,-1.904296875,-0.32958984375,-1.69677734375,-0.03662109375,-0.048828125,-0.3173828125,0.3173828125,-0.03662109375,0,-0.06103515625,-0.06103515625,-0.09765625,0.146484375,-0.1220703125,4.57763671875,0.06103515625,2.9296875,-0.1708984375,1.6845703125,-0.0244140625,2.587890625
1,-0.146484375,-0.390625,-0.06103515625,-0.35400390625,0.01220703125,-0.42724609375,-0.03662109375,-0.048828125,0.1220703125,-0.0732421875,-0.146484375,-0.9033203125,0.06103515625,1.0986328125,-0.01220703125,-0.15869140625,0.0244140625,-0.57373046875,0.048828125,-0.13427734375,-0.2197265625,0.87890625,-0.0732421875,-0.5859375,0.1220703125,0.28076171875,0.0732421875,-0.390625,0.08544921875,4.2724609375,-0.048828125,0.7080078125,-0.47607421875,5.79833984375,-0.08544921875,0.72021484375,-0.146484375,1.13525390625,-0.0732421875,1.33056640625,0.13427734375,-0.25634765625,0.0732421875,-0.7080078125,-0.2685546875,-0.42724609375,-0.48828125,0.48828125,-0.341796875,1.50146484375,-0.0244140625,0.42724609375,-0.25634765625,-0.20751953125,0.45166015625,0.69580078125,-0.1220703125,1.42822265625,0.0732421875,0.9521484375,-0.03662109375,0.91552734375,0.4638671875,3.57666015625,-0.0732421875,0.439453125,-0.146484375,1.25732421875,-0.08544921875,0.390625,-0.37841796875,0.439453125,-0.25634765625,0.62255859375,0.048828125,0.76904296875,0.15869140625,-0.01220703125,0.09765625,1.318359375,0.08544921875,-1.0986328125,0,-0.3662109375,-0.20751953125,-1.01318359375,-0.146484375,-0.8056640625,-0.09765625,-1.59912109375,-0.08544921875,-0.5126953125,0.20751953125,-0.69580078125,0.08544921875,-1.28173828125,-0.1220703125,-0.68359375,0.0244140625,-0.69580078125,-0.1708984375,-0.54931640625,-0.06103515625,-0.06103515625,-0.2685546875,-1.08642578125,-0.244140625,-1.86767578125,-0.390625,-1.611328125,-0.0732421875,0.01220703125,-0.3173828125,0.32958984375,-0.03662109375,-0.01220703125,-0.048828125,-0.0732421875,-0.08544921875,0.15869140625,-0.10986328125,6.15234375,0.0732421875,3.47900390625,-0.1708984375,2.28271484375,0.0244140625,3.4423828125
1,-0.1708984375,-0.3662109375,-0.048828125,-0.35400390625,0,-0.42724609375,-0.0732421875,-0.048828125,0.146484375,-0.0732421875,-0.18310546875,-0.89111328125,0.06103515625,1.07421875,-0.0244140625,-0.15869140625,-0.048828125,-0.59814453125,0.0244140625,-0.13427734375,-0.13427734375,0.89111328125,-0.1220703125,-0.57373046875,0.1708984375,0.18310546875,0.048828125,-0.48828125,0.06103515625,3.8818359375,-0.06103515625,0.62255859375,-0.4638671875,5.322265625,-0.09765625,0.6103515625,-0.1220703125,1.025390625,-0.06103515625,1.171875,0.048828125,-0.25634765625,0.06103515625,-0.7080078125,-0.20751953125,-0.4150390625,-0.67138671875,0.4638671875,-0.2685546875,1.55029296875,0.048828125,0.42724609375,-0.28076171875,-0.20751953125,0.3173828125,0.69580078125,-0.10986328125,1.77001953125,0.08544921875,1.20849609375,0.06103515625,1.171875,0.45166015625,4.98046875,-0.048828125,0.4638671875,-0.1708984375,1.28173828125,-0.03662109375,0.40283203125,-0.390625,0.4638671875,-0.32958984375,0.7568359375,0.08544921875,0.78125,0.1220703125,-0.0244140625,0.048828125,1.318359375,0.048828125,-1.0498046875,-0.03662109375,-0.341796875,-0.1953125,-0.98876953125,-0.10986328125,-0.78125,-0.0732421875,-1.611328125,-0.10986328125,-0.5126953125,0.30517578125,-0.78125,0.1708984375,-1.33056640625,-0.1220703125,-0.67138671875,0.08544921875,-0.68359375,-0.20751953125,-0.57373046875,-0.09765625,-0.08544921875,-0.23193359375,-1.0498046875,-0.29296875,-1.84326171875,-0.45166015625,-1.50146484375,-0.08544921875,0.048828125,-0.29296875,0.3173828125,-0.048828125,-0.01220703125,-0.0732421875,-0.10986328125,-0.06103515625,0.15869140625,-0.1708984375,7.65380859375,0.09765625,4.04052734375,-0.13427734375,2.81982421875,0.0732421875,4.26025390625
1,-0.146484375,-0.3662109375,-0.06103515625,-0.3662109375,-0.0244140625,-0.42724609375,-0.0732421875,-0.0732421875,0.1708984375,-0.08544921875,-0.20751953125,-0.9033203125,0.08544921875,1.08642578125,-0.03662109375,-0.15869140625,-0.09765625,-0.59814453125,0.03662109375,-0.10986328125,-0.06103515625,0.86669921875,-0.146484375,-0.57373046875,0.1953125,0.10986328125,0.048828125,-0.537109375,-0.10986328125,3.6865234375,-0.048828125,0.57373046875,-0.52490234375,4.89501953125,-0.09765625,0.537109375,-0.10986328125,0.96435546875,-0.048828125,1.06201171875,0.01220703125,-0.25634765625,0.048828125,-0.69580078125,-0.15869140625,-0.42724609375,-0.7080078125,0.48828125,-0.25634765625,1.611328125,0.0732421875,0.42724609375,-0.30517578125,-0.18310546875,0.23193359375,0.69580078125,-0.1708984375,2.1240234375,0.10986328125,1.45263671875,0.03662109375,1.42822265625,0.4638671875,6.34765625,-0.0732421875,0.439453125,-0.09765625,1.30615234375,-0.06103515625,0.40283203125,-0.37841796875,0.439453125,-0.40283203125,0.9033203125,0.13427734375,0.8056640625,0.08544921875,-0.048828125,0.03662109375,1.3427734375,0.01220703125,-1.0498046875,-0.06103515625,-0.341796875,-0.13427734375,-1.01318359375,-0.09765625,-0.8056640625,-0.01220703125,-1.6357421875,-0.10986328125,-0.537109375,0.29296875,-0.8056640625,0.2197265625,-1.3427734375,-0.15869140625,-0.68359375,0.09765625,-0.7080078125,-0.23193359375,-0.57373046875,-0.0732421875,-0.0732421875,-0.1708984375,-1.0009765625,-0.29296875,-1.77001953125,-0.47607421875,-1.37939453125,-0.08544921875,0.1220703125,-0.30517578125,0.32958984375,-0.06103515625,-0.01220703125,-0.06103515625,-0.09765625,-0.08544921875,0.15869140625,-0.29296875,8.87451171875,0.08544921875,4.52880859375,-0.1708984375,3.33251953125,0.06103515625,4.96826171875
1,-0.20751953125,-0.390625,-0.09765625,-0.37841796875,-0.048828125,-0.439453125,-0.0732421875,-0.0732421875,0.15869140625,-0.09765625,-0.244140625,-0.91552734375,0.06103515625,1.0986328125,-0.03662109375,-0.18310546875,-0.10986328125,-0.59814453125,0.01220703125,-0.1220703125,-0.01220703125,0.87890625,-0.18310546875,-0.5859375,0.1708984375,0.10986328125,0.0732421875,-0.54931640625,-0.28076171875,3.62548828125,-0.048828125,0.5859375,-0.5126953125,4.6142578125,-0.13427734375,0.48828125,-0.09765625,0.91552734375,-0.0244140625,0.9765625,-0.0244140625,-0.25634765625,0.06103515625,-0.7080078125,-0.146484375,-0.4150390625,-0.8056640625,0.52490234375,-0.25634765625,1.6357421875,0.146484375,0.42724609375,-0.30517578125,-0.1708984375,0.15869140625,0.7080078125,-0.1953125,2.45361328125,0.13427734375,1.66015625,0.03662109375,1.64794921875,0.5615234375,7.55615234375,-0.08544921875,0.40283203125,0.0732421875,1.3671875,-0.06103515625,0.4150390625,-0.3173828125,0.390625,-0.439453125,0.98876953125,0.15869140625,0.830078125,0.01220703125,-0.048828125,0.03662109375,1.318359375,-0.03662109375,-0.9765625,-0.0732421875,-0.35400390625,-0.0244140625,-1.025390625,-0.048828125,-0.79345703125,0,-1.64794921875,-0.0732421875,-0.52490234375,0.32958984375,-0.76904296875,0.25634765625,-1.35498046875,-0.23193359375,-0.68359375,0.048828125,-0.69580078125,-0.18310546875,-0.59814453125,-0.048828125,-0.0732421875,-0.13427734375,-0.98876953125,-0.29296875,-1.77001953125,-0.439453125,-1.2451171875,-0.08544921875,0.18310546875,-0.29296875,0.341796875,-0.048828125,-0.0244140625,-0.06103515625,-0.0732421875,-0.06103515625,0.18310546875,-0.35400390625,9.7900390625,0.0732421875,4.8828125,-0.18310546875,3.69873046875,0.0732421875,5.4931640625
1,-0.2197265625,-0.37841796875,-0.09765625,-0.37841796875,-0.03662109375,-0.42724609375,-0.06103515625,-0.08544921875,0.18310546875,-0.08544921875,-0.23193359375,-0.927734375,0.0732421875,1.06201171875,-0.048828125,-0.18310546875,-0.10986328125,-0.59814453125,0.01220703125,-0.1220703125,0.03662109375,0.89111328125,-0.2197265625,-0.5859375,0.13427734375,0.1220703125,0.09765625,-0.537109375,-0.3662109375,3.7353515625,-0.0732421875,0.59814453125,-0.48828125,4.40673828125,-0.13427734375,0.439453125,-0.10986328125,0.9033203125,-0.01220703125,0.87890625,-0.01220703125,-0.2197265625,0.01220703125,-0.69580078125,-0.146484375,-0.42724609375,-0.81787109375,0.5615234375,-0.29296875,1.67236328125,0.15869140625,0.4150390625,-0.341796875,-0.18310546875,0.0732421875,0.69580078125,-0.2197265625,2.72216796875,0.18310546875,1.8310546875,0.1220703125,1.79443359375,0.5615234375,8.5205078125,-0.08544921875,0.30517578125,0.10986328125,1.50146484375,-0.09765625,0.40283203125,-0.25634765625,0.37841796875,-0.40283203125,1.06201171875,0.18310546875,0.830078125,-0.06103515625,-0.048828125,0.01220703125,1.26953125,-0.08544921875,-0.93994140625,-0.06103515625,-0.3662109375,0.0732421875,-1.01318359375,-0.0244140625,-0.79345703125,-0.0244140625,-1.66015625,-0.0732421875,-0.5126953125,0.29296875,-0.69580078125,0.20751953125,-1.3671875,-0.28076171875,-0.69580078125,0,-0.69580078125,-0.13427734375,-0.6103515625,0,-0.06103515625,-0.0732421875,-0.96435546875,-0.23193359375,-1.74560546875,-0.390625,-1.18408203125,-0.09765625,0.2197265625,-0.2685546875,0.341796875,-0.06103515625,-0.01220703125,-0.048828125,-0.048828125,-0.06103515625,0.1708984375,-0.37841796875,10.2783203125,0.0244140625,5.078125,-0.1953125,3.8818359375,0.048828125,5.8349609375
1,-0.2197265625,-0.390625,-0.08544921875,-0.390625,-0.03662109375,-0.439453125,-0.0732421875,-0.09765625,0.1953125,-0.08544921875,-0.23193359375,-0.91552734375,0.09765625,1.08642578125,-0.09765625,-0.1708984375,-0.13427734375,-0.5859375,0.06103515625,-0.10986328125,0.03662109375,0.89111328125,-0.1953125,-0.6103515625,0.0732421875,0.18310546875,0.0732421875,-0.48828125,-0.439453125,3.955078125,-0.06103515625,0.67138671875,-0.48828125,4.23583984375,-0.10986328125,0.4150390625,-0.1220703125,0.89111328125,0.06103515625,0.830078125,0.01220703125,-0.2197265625,-0.0732421875,-0.7080078125,-0.15869140625,-0.42724609375,-0.69580078125,0.6103515625,-0.244140625,1.708984375,0.15869140625,0.40283203125,-0.3173828125,-0.1708984375,0.01220703125,0.68359375,-0.20751953125,2.89306640625,0.1708984375,1.94091796875,0.146484375,1.904296875,0.62255859375,9.1796875,-0.0244140625,0.2685546875,0.20751953125,1.69677734375,-0.10986328125,0.4150390625,-0.20751953125,0.37841796875,-0.341796875,1.08642578125,0.244140625,0.84228515625,-0.10986328125,-0.048828125,0.01220703125,1.28173828125,-0.0732421875,-0.9033203125,-0.0732421875,-0.390625,0.1220703125,-1.01318359375,-0.0732421875,-0.8056640625,-0.1220703125,-1.6357421875,-0.0244140625,-0.50048828125,0.244140625,-0.64697265625,0.146484375,-1.3427734375,-0.3173828125,-0.7080078125,-0.0732421875,-0.69580078125,-0.0732421875,-0.6103515625,0.08544921875,-0.0732421875,0,-0.9521484375,-0.1708984375,-1.72119140625,-0.23193359375,-1.13525390625,-0.08544921875,0.2197265625,-0.244140625,0.35400390625,-0.03662109375,-0.01220703125,-0.0732421875,-0.03662109375,-0.0732421875,0.1708984375,-0.37841796875,10.3759765625,0.0244140625,5.126953125,-0.1953125,3.91845703125,0.0732421875,5.89599609375
1,-0.2197265625,-0.40283203125,-0.10986328125,-0.37841796875,-0.048828125,-0.4638671875,-0.0732421875,-0.09765625,0.1953125,-0.08544921875,-0.20751953125,-0.91552734375,0.10986328125,1.07421875,-0.09765625,-0.15869140625,-0.1708984375,-0.57373046875,0.1220703125,-0.13427734375,-0.01220703125,0.9033203125,-0.1220703125,-0.59814453125,0.01220703125,0.2197265625,0.09765625,-0.45166015625,-0.439453125,4.18701171875,-0.13427734375,0.74462890625,-0.47607421875,4.0771484375,-0.18310546875,0.37841796875,-0.1220703125,0.84228515625,0.01220703125,0.74462890625,0,-0.20751953125,-0.1708984375,-0.7080078125,-0.20751953125,-0.439453125,-0.7080078125,0.6591796875,-0.244140625,1.708984375,0.1953125,0.390625,-0.30517578125,-0.20751953125,-0.06103515625,0.67138671875,-0.20751953125,2.99072265625,0.146484375,1.98974609375,0.1953125,1.953125,0.537109375,9.521484375,-0.048828125,0.28076171875,0.28076171875,2.01416015625,-0.146484375,0.45166015625,-0.146484375,0.40283203125,-0.25634765625,1.0986328125,0.244140625,0.830078125,-0.18310546875,-0.03662109375,0.0244140625,1.26953125,-0.0732421875,-0.89111328125,-0.06103515625,-0.390625,0.1708984375,-1.025390625,-0.1220703125,-0.81787109375,-0.15869140625,-1.6357421875,0.03662109375,-0.4638671875,0.244140625,-0.5615234375,0.0732421875,-1.33056640625,-0.3173828125,-0.72021484375,-0.13427734375,-0.69580078125,0.0244140625,-0.59814453125,0.1220703125,-0.0732421875,0.048828125,-0.96435546875,-0.0732421875,-1.72119140625,-0.18310546875,-1.15966796875,-0.10986328125,0.23193359375,-0.244140625,0.3662109375,-0.03662109375,-0.01220703125,-0.048828125,0,-0.0732421875,0.18310546875,-0.35400390625,10.107421875,0,4.96826171875,-0.1953125,3.7841796875,0.06103515625,5.74951171875
1,-0.1953125,-0.4150390625,-0.10986328125,-0.37841796875,-0.03662109375,-0.47607421875,-0.0732421875,-0.09765625,0.20751953125,-0.048828125,-0.2197265625,-0.89111328125,0.0732421875,1.07421875,-0.0732421875,-0.146484375,-0.18310546875,-0.5859375,0.23193359375,-0.1220703125,-0.01220703125,0.89111328125,-0.06103515625,-0.59814453125,-0.03662109375,0.28076171875,0.09765625,-0.42724609375,-0.37841796875,4.35791015625,-0.18310546875,0.76904296875,-0.45166015625,3.84521484375,-0.23193359375,0.29296875,-0.09765625,0.74462890625,-0.048828125,0.6591796875,0.03662109375,-0.244140625,-0.2685546875,-0.7080078125,-0.244140625,-0.47607421875,-0.5615234375,0.67138671875,-0.1953125,1.708984375,0.146484375,0.40283203125,-0.30517578125,-0.2197265625,-0.10986328125,0.6591796875,-0.20751953125,3.02734375,0.13427734375,1.953125,0.146484375,1.9287109375,0.47607421875,9.50927734375,-0.10986328125,0.390625,0.35400390625,2.45361328125,-0.15869140625,0.537109375,-0.1220703125,0.48828125,-0.146484375,1.07421875,0.20751953125,0.8056640625,-0.28076171875,-0.03662109375,0.048828125,1.25732421875,-0.06103515625,-0.91552734375,-0.048828125,-0.40283203125,0.146484375,-1.01318359375,-0.15869140625,-0.8056640625,-0.25634765625,-1.62353515625,0,-0.439453125,0.1220703125,-0.5126953125,-0.01220703125,-1.318359375,-0.25634765625,-0.732421875,-0.1953125,-0.68359375,0.09765625,-0.59814453125,0.146484375,-0.08544921875,0.09765625,-0.98876953125,0.03662109375,-1.74560546875,-0.10986328125,-1.23291015625,-0.146484375,0.18310546875,-0.2197265625,0.390625,-0.0244140625,0.01220703125,-0.0732421875,0.0244140625,-0.0732421875,0.18310546875,-0.35400390625,9.521484375,-0.01220703125,4.6630859375,-0.1953125,3.4912109375,0.08544921875,5.38330078125
1,-0.18310546875,-0.42724609375,-0.10986328125,-0.3662109375,-0.0244140625,-0.4638671875,-0.09765625,-0.09765625,0.18310546875,-0.048828125,-0.20751953125,-0.89111328125,0.10986328125,1.07421875,-0.08544921875,-0.13427734375,-0.2197265625,-0.5615234375,0.3173828125,-0.13427734375,-0.03662109375,0.89111328125,0.01220703125,-0.62255859375,-0.01220703125,0.30517578125,0.13427734375,-0.4150390625,-0.32958984375,4.38232421875,-0.244140625,0.76904296875,-0.30517578125,3.5400390625,-0.3662109375,0.1953125,-0.0732421875,0.6103515625,-0.09765625,0.54931640625,0.0732421875,-0.25634765625,-0.35400390625,-0.72021484375,-0.28076171875,-0.48828125,-0.5126953125,0.6591796875,-0.09765625,1.6845703125,0.09765625,0.390625,-0.29296875,-0.2197265625,-0.2197265625,0.67138671875,-0.15869140625,2.94189453125,0.1708984375,1.85546875,0.1708984375,1.86767578125,0.48828125,9.1796875,-0.1220703125,0.634765625,0.439453125,2.99072265625,-0.146484375,0.68359375,-0.0732421875,0.64697265625,-0.08544921875,1.06201171875,0.18310546875,0.830078125,-0.32958984375,-0.01220703125,0.06103515625,1.2451171875,-0.09765625,-0.93994140625,0,-0.4150390625,0.10986328125,-0.98876953125,-0.1708984375,-0.81787109375,-0.2685546875,-1.59912109375,0,-0.45166015625,0,-0.47607421875,-0.0244140625,-1.318359375,-0.1953125,-0.732421875,-0.23193359375,-0.69580078125,0.13427734375,-0.5859375,0.15869140625,-0.08544921875,0.08544921875,-1.01318359375,0.1220703125,-1.7578125,-0.06103515625,-1.318359375,-0.20751953125,0.13427734375,-0.2197265625,0.4150390625,-0.03662109375,0.01220703125,-0.06103515625,0.0244140625,-0.08544921875,0.1953125,-0.35400390625,8.69140625,-0.01220703125,4.296875,-0.1953125,3.08837890625,0.10986328125,4.8583984375
1,-0.23193359375,-0.4150390625,-0.08544921875,-0.37841796875,0,-0.45166015625,-0.09765625,-0.0732421875,0.15869140625,-0.048828125,-0.2197265625,-0.89111328125,0.09765625,1.06201171875,-0.09765625,-0.13427734375,-0.18310546875,-0.5859375,0.37841796875,-0.13427734375,-0.0244140625,0.89111328125,0.08544921875,-0.59814453125,0.03662109375,0.25634765625,0.146484375,-0.4638671875,-0.23193359375,4.2236328125,-0.35400390625,0.72021484375,-0.32958984375,3.125,-0.4638671875,0.06103515625,-0.0732421875,0.47607421875,-0.13427734375,0.4150390625,0.09765625,-0.244140625,-0.37841796875,-0.72021484375,-0.28076171875,-0.48828125,-0.48828125,0.67138671875,-0.0244140625,1.64794921875,0.048828125,0.40283203125,-0.25634765625,-0.2197265625,-0.29296875,0.67138671875,-0.06103515625,2.81982421875,0.1220703125,1.69677734375,0.146484375,1.7578125,0.390625,8.60595703125,-0.244140625,0.93994140625,0.3662109375,3.62548828125,-0.08544921875,0.89111328125,-0.06103515625,0.87890625,-0.06103515625,1.06201171875,0.10986328125,0.8056640625,-0.341796875,-0.01220703125,0.09765625,1.25732421875,-0.1220703125,-0.9765625,0.08544921875,-0.42724609375,0.03662109375,-1.0009765625,-0.1708984375,-0.79345703125,-0.28076171875,-1.611328125,-0.03662109375,-0.4638671875,-0.1220703125,-0.4638671875,-0.03662109375,-1.33056640625,-0.15869140625,-0.732421875,-0.23193359375,-0.68359375,0.15869140625,-0.57373046875,0.15869140625,-0.08544921875,0.01220703125,-1.03759765625,0.15869140625,-1.79443359375,-0.03662109375,-1.416015625,-0.23193359375,0.1220703125,-0.15869140625,0.45166015625,-0.03662109375,0.0244140625,-0.06103515625,0.0244140625,-0.03662109375,0.18310546875,-0.32958984375,7.70263671875,-0.0244140625,3.86962890625,-0.20751953125,2.63671875,0.1220703125,4.23583984375
1,-0.2197265625,-0.42724609375,-0.048828125,-0.3662109375,0.01220703125,-0.439453125,-0.09765625,-0.0732421875,0.13427734375,-0.03662109375,-0.2197265625,-0.89111328125,0.09765625,1.07421875,-0.10986328125,-0.146484375,-0.15869140625,-0.57373046875,0.4150390625,-0.146484375,0.0244140625,0.9033203125,0.09765625,-0.5859375,0.15869140625,0.1708984375,0.1220703125,-0.5615234375,-0.048828125,3.80859375,-0.35400390625,0.634765625,-0.25634765625,2.5634765625,-0.54931640625,-0.09765625,-0.08544921875,0.30517578125,-0.1708984375,0.23193359375,0.13427734375,-0.25634765625,-0.341796875,-0.72021484375,-0.25634765625,-0.45166015625,-0.45166015625,0.64697265625,0.03662109375,1.6357421875,-0.01220703125,0.40283203125,-0.20751953125,-0.1953125,-0.341796875,0.68359375,-0.01220703125,2.6123046875,0.0732421875,1.5625,0.10986328125,1.64794921875,0.30517578125,7.80029296875,-0.244140625,1.318359375,0.32958984375,4.296875,-0.03662109375,1.11083984375,-0.0732421875,1.123046875,-0.06103515625,1.01318359375,0.048828125,0.81787109375,-0.2685546875,-0.0244140625,0.048828125,1.2451171875,-0.15869140625,-1.01318359375,0.146484375,-0.3662109375,-0.0732421875,-1.025390625,-0.20751953125,-0.79345703125,-0.2685546875,-1.62353515625,-0.048828125,-0.48828125,-0.244140625,-0.47607421875,-0.0244140625,-1.35498046875,-0.1220703125,-0.72021484375,-0.244140625,-0.67138671875,0.15869140625,-0.57373046875,0.15869140625,-0.08544921875,-0.03662109375,-1.07421875,0.25634765625,-1.806640625,0.01220703125,-1.50146484375,-0.244140625,0.08544921875,-0.09765625,0.4638671875,0,0.01220703125,-0.06103515625,0.03662109375,-0.048828125,0.18310546875,-0.341796875,6.689453125,-0.0244140625,3.3935546875,-0.20751953125,2.18505859375,0.13427734375,3.5888671875
1,-0.20751953125,-0.390625,0.01220703125,-0.35400390625,0.01220703125,-0.42724609375,-0.1220703125,-0.0732421875,0.1220703125,-0.03662109375,-0.2197265625,-0.9033203125,0.0732421875,1.08642578125,-0.09765625,-0.146484375,-0.146484375,-0.5859375,0.40283203125,-0.146484375,0.0244140625,0.87890625,0.06103515625,-0.59814453125,0.28076171875,0.01220703125,0.0732421875,-0.69580078125,0.048828125,3.22265625,-0.341796875,0.50048828125,-0.18310546875,1.904296875,-0.5859375,-0.28076171875,-0.0732421875,0.13427734375,-0.1708984375,0.06103515625,0.09765625,-0.244140625,-0.23193359375,-0.72021484375,-0.23193359375,-0.439453125,-0.47607421875,0.62255859375,0.0732421875,1.57470703125,-0.08544921875,0.4150390625,-0.15869140625,-0.1953125,-0.341796875,0.7080078125,0.0732421875,2.3681640625,0.048828125,1.3671875,0.0244140625,1.47705078125,0.25634765625,6.8603515625,-0.2685546875,1.7333984375,0.40283203125,4.931640625,0.01220703125,1.35498046875,-0.09765625,1.3916015625,-0.048828125,0.96435546875,-0.0244140625,0.81787109375,-0.20751953125,-0.048828125,-0.0244140625,1.26953125,-0.146484375,-1.03759765625,0.1953125,-0.40283203125,-0.23193359375,-1.025390625,-0.1953125,-0.8056640625,-0.2685546875,-1.6357421875,-0.06103515625,-0.50048828125,-0.341796875,-0.48828125,0.01220703125,-1.37939453125,-0.09765625,-0.72021484375,-0.23193359375,-0.67138671875,0.10986328125,-0.54931640625,0.15869140625,-0.0732421875,-0.1220703125,-1.06201171875,0.18310546875,-1.806640625,-0.01220703125,-1.52587890625,-0.20751953125,0.0732421875,-0.09765625,0.4638671875,-0.0244140625,0.01220703125,-0.06103515625,0.01220703125,-0.0244140625,0.1953125,-0.32958984375,5.712890625,-0.03662109375,2.9296875,-0.20751953125,1.69677734375,0.146484375,2.9541015625
1,-0.2197265625,-0.40283203125,0.0244140625,-0.3662109375,0.01220703125,-0.42724609375,-0.10986328125,-0.08544921875,0.1220703125,-0.06103515625,-0.23193359375,-0.9033203125,0.0244140625,1.08642578125,-0.10986328125,-0.15869140625,-0.1220703125,-0.57373046875,0.390625,-0.13427734375,0.0244140625,0.87890625,0,-0.5859375,0.390625,-0.146484375,0.0244140625,-0.86669921875,0.146484375,2.490234375,-0.30517578125,0.3173828125,-0.146484375,1.1962890625,-0.6103515625,-0.439453125,-0.0732421875,-0.048828125,-0.18310546875,-0.1220703125,0.048828125,-0.244140625,-0.13427734375,-0.732421875,-0.20751953125,-0.439453125,-0.47607421875,0.59814453125,0.03662109375,1.57470703125,-0.146484375,0.42724609375,-0.1708984375,-0.1953125,-0.28076171875,0.7080078125,0.09765625,2.099609375,0.048828125,1.18408203125,0.0244140625,1.3427734375,0.1708984375,5.82275390625,-0.18310546875,2.11181640625,0.45166015625,5.50537109375,0.0732421875,1.5869140625,-0.15869140625,1.611328125,0,0.91552734375,-0.08544921875,0.78125,-0.146484375,-0.048828125,-0.0732421875,1.26953125,-0.13427734375,-1.0498046875,0.20751953125,-0.390625,-0.341796875,-1.025390625,-0.2197265625,-0.81787109375,-0.28076171875,-1.64794921875,-0.048828125,-0.52490234375,-0.37841796875,-0.5126953125,0.06103515625,-1.3916015625,-0.0732421875,-0.72021484375,-0.2197265625,-0.67138671875,0.03662109375,-0.5615234375,0.15869140625,-0.0732421875,-0.23193359375,-1.03759765625,0.10986328125,-1.806640625,-0.08544921875,-1.52587890625,-0.244140625,0.10986328125,-0.10986328125,0.4638671875,-0.01220703125,-0.01220703125,-0.06103515625,0.01220703125,-0.03662109375,0.18310546875,-0.341796875,4.74853515625,-0.0244140625,2.5390625,-0.20751953125,1.28173828125,0.15869140625,2.35595703125
0,-0.2197265625,-0.37841796875,0.048828125,-0.35400390625,0.01220703125,-0.4150390625,-0.09765625,-0.0732421875,0.146484375,-0.048828125,-0.2685546875,-0.9033203125,-0.01220703125,1.0986328125,-0.1708984375,-0.1708984375,-0.10986328125,-0.5859375,0.32958984375,-0.146484375,0.01220703125,0.87890625,-0.06103515625,-0.57373046875,0.45166015625,-0.30517578125,-0.01220703125,-1.025390625,0.15869140625,1.708984375,-0.2197265625,0.13427734375,-0.15869140625,0.54931640625,-0.5859375,-0.5859375,-0.0732421875,-0.18310546875,-0.1953125,-0.30517578125,-0.08544921875,-0.2197265625,-0.03662109375,-0.7080078125,-0.20751953125,-0.4150390625,-0.50048828125,0.5859375,0.01220703125,1.5869140625,-0.15869140625,0.439453125,-0.1220703125,-0.1953125,-0.20751953125,0.72021484375,0.08544921875,1.79443359375,0.06103515625,1.0009765625,-0.01220703125,1.1962890625,0.0732421875,4.77294921875,-0.15869140625,2.42919921875,0.439453125,5.9814453125,0.09765625,1.7578125,-0.1953125,1.806640625,0,0.86669921875,-0.1220703125,0.79345703125,-0.1220703125,-0.06103515625,-0.1220703125,1.25732421875,-0.10986328125,-1.0498046875,0.23193359375,-0.37841796875,-0.47607421875,-1.0498046875,-0.20751953125,-0.81787109375,-0.2685546875,-1.6357421875,-0.03662109375,-0.5126953125,-0.341796875,-0.52490234375,0.0732421875,-1.40380859375,-0.048828125,-0.69580078125,-0.23193359375,-0.68359375,-0.03662109375,-0.5615234375,0.13427734375,-0.06103515625,-0.28076171875,-1.025390625,0.01220703125,-1.77001953125,-0.1220703125,-1.4892578125,-0.23193359375,0.146484375,-0.08544921875,0.42724609375,-0.01220703125,-0.0244140625,-0.0732421875,-0.0244140625,-0.03662109375,0.18310546875,-0.35400390625,3.857421875,-0.0244140625,2.18505859375,-0.1953125,0.927734375,0.1708984375,1.806640625
0,-0.1708984375,-0.37841796875,0.03662109375,-0.3662109375,-0.0244140625,-0.42724609375,-0.0732421875,-0.06103515625,0.15869140625,-0.048828125,-0.28076171875,-0.927734375,-0.048828125,1.0986328125,-0.18310546875,-0.146484375,-0.09765625,-0.57373046875,0.2685546875,-0.146484375,-0.048828125,0.87890625,-0.13427734375,-0.59814453125,0.52490234375,-0.45166015625,-0.03662109375,-1.1474609375,0.1708984375,0.98876953125,-0.13427734375,-0.0244140625,-0.1220703125,0.01220703125,-0.62255859375,-0.68359375,-0.03662109375,-0.2685546875,-0.1953125,-0.45166015625,-0.2197265625,-0.1953125,0.09765625,-0.7080078125,-0.244140625,-0.390625,-0.5615234375,0.5859375,-0.048828125,1.5869140625,-0.15869140625,0.439453125,-0.0732421875,-0.18310546875,-0.10986328125,0.69580078125,0.0732421875,1.52587890625,0.08544921875,0.84228515625,-0.0244140625,1.025390625,0,3.759765625,-0.09765625,2.64892578125,0.2685546875,6.28662109375,0.10986328125,1.89208984375,-0.244140625,1.9287109375,-0.01220703125,0.81787109375,-0.146484375,0.79345703125,-0.08544921875,-0.06103515625,-0.18310546875,1.26953125,-0.0732421875,-1.0498046875,0.23193359375,-0.3662109375,-0.47607421875,-1.06201171875,-0.1953125,-0.81787109375,-0.23193359375,-1.59912109375,-0.03662109375,-0.50048828125,-0.244140625,-0.50048828125,0.048828125,-1.37939453125,-0.048828125,-0.69580078125,-0.2197265625,-0.67138671875,-0.10986328125,-0.57373046875,0.0732421875,-0.048828125,-0.32958984375,-0.96435546875,-0.146484375,-1.7333984375,-0.2197265625,-1.3916015625,-0.28076171875,0.1953125,-0.0732421875,0.4150390625,-0.0244140625,-0.0244140625,-0.06103515625,-0.03662109375,-0.03662109375,0.1708984375,-0.341796875,3.01513671875,0,1.86767578125,-0.1953125,0.6103515625,0.1953125,1.30615234375
0,-0.15869140625,-0.3662109375,0.0244140625,-0.35400390625,-0.0244140625,-0.45166015625,-0.09765625,-0.0732421875,0.146484375,-0.06103515625,-0.28076171875,-0.91552734375,-0.09765625,1.07421875,-0.18310546875,-0.15869140625,-0.06103515625,-0.57373046875,0.1953125,-0.146484375,-0.0732421875,0.86669921875,-0.15869140625,-0.5859375,0.52490234375,-0.57373046875,-0.03662109375,-1.25732421875,0.18310546875,0.50048828125,-0.048828125,-0.1220703125,-0.06103515625,-0.2685546875,-0.6103515625,-0.732421875,0,-0.30517578125,-0.1708984375,-0.5126953125,-0.29296875,-0.18310546875,0.1708984375,-0.7080078125,-0.32958984375,-0.37841796875,-0.5859375,0.6103515625,-0.0732421875,1.611328125,-0.1708984375,0.42724609375,-0.03662109375,-0.1953125,0.048828125,0.7080078125,0.0244140625,1.26953125,0.09765625,0.7080078125,-0.08544921875,0.8544921875,-0.09765625,2.81982421875,-0.03662109375,2.734375,0.1708984375,6.45751953125,0.09765625,1.9775390625,-0.25634765625,1.9775390625,-0.048828125,0.7568359375,-0.15869140625,0.8056640625,-0.048828125,-0.048828125,-0.18310546875,1.26953125,-0.06103515625,-1.025390625,0.2197265625,-0.3662109375,-0.4638671875,-1.03759765625,-0.18310546875,-0.81787109375,-0.1708984375,-1.55029296875,-0.01220703125,-0.48828125,-0.0732421875,-0.47607421875,0.0732421875,-1.33056640625,-0.08544921875,-0.69580078125,-0.23193359375,-0.68359375,-0.146484375,-0.5859375,0.048828125,-0.03662109375,-0.29296875,-0.91552734375,-0.2685546875,-1.67236328125,-0.244140625,-1.318359375,-0.28076171875,0.2685546875,-0.03662109375,0.3662109375,0.01220703125,-0.03662109375,-0.0732421875,-0.048828125,-0.048828125,0.1708984375,-0.341796875,2.197265625,-0.03662109375,1.5380859375,-0.18310546875,0.3173828125,0.20751953125,0.81787109375
0,-0.13427734375,-0.3662109375,0.01220703125,-0.35400390625,-0.048828125,-0.45166015625,-0.09765625,-0.048828125,0.1220703125,-0.0732421875,-0.2685546875,-0.9033203125,-0.13427734375,1.0986328125,-0.1953125,-0.13427734375,-0.0732421875,-0.5615234375,0.15869140625,-0.146484375,-0.1220703125,0.8544921875,-0.1708984375,-0.5859375,0.48828125,-0.6103515625,-0.0244140625,-1.26953125,0.15869140625,0.244140625,-0.06103515625,-0.18310546875,-0.08544921875,-0.29296875,-0.57373046875,-0.68359375,0.01220703125,-0.2685546875,-0.13427734375,-0.47607421875,-0.35400390625,-0.20751953125,0.2197265625,-0.72021484375,-0.37841796875,-0.37841796875,-0.5615234375,0.6103515625,-0.15869140625,1.62353515625,-0.13427734375,0.4150390625,0.01220703125,-0.1953125,0.20751953125,0.69580078125,-0.01220703125,1.025390625,0.10986328125,0.54931640625,-0.15869140625,0.69580078125,-0.13427734375,2.03857421875,-0.06103515625,2.72216796875,0.1220703125,6.4697265625,0.0244140625,1.98974609375,-0.30517578125,1.953125,-0.13427734375,0.68359375,-0.18310546875,0.8056640625,-0.06103515625,-0.03662109375,-0.1708984375,1.26953125,-0.03662109375,-1.025390625,0.2197265625,-0.37841796875,-0.37841796875,-1.0498046875,-0.1708984375,-0.830078125,-0.146484375,-1.50146484375,-0.0244140625,-0.439453125,0.048828125,-0.4638671875,0.03662109375,-1.2939453125,-0.13427734375,-0.68359375,-0.1708984375,-0.69580078125,-0.146484375,-0.59814453125,0.01220703125,-0.048828125,-0.23193359375,-0.86669921875,-0.37841796875,-1.62353515625,-0.23193359375,-1.20849609375,-0.23193359375,0.3662109375,0,0.341796875,0.01220703125,-0.048828125,-0.0732421875,-0.06103515625,-0.048828125,0.18310546875,-0.3662109375,1.40380859375,-0.03662109375,1.26953125,-0.18310546875,0.0732421875,0.23193359375,0.35400390625
0,-0.15869140625,-0.3662109375,0.0244140625,-0.3662109375,-0.06103515625,-0.45166015625,-0.10986328125,-0.06103515625,0.1220703125,-0.06103515625,-0.25634765625,-0.91552734375,-0.15869140625,1.08642578125,-0.1953125,-0.15869140625,-0.1220703125,-0.5859375,0.15869140625,-0.146484375,-0.2197265625,0.86669921875,-0.1708984375,-0.6103515625,0.4150390625,-0.57373046875,-0.0244140625,-1.18408203125,0.20751953125,0.35400390625,-0.13427734375,-0.1220703125,-0.08544921875,0.03662109375,-0.439453125,-0.57373046875,0.048828125,-0.146484375,-0.09765625,-0.37841796875,-0.20751953125,-0.1708984375,0.23193359375,-0.72021484375,-0.45166015625,-0.37841796875,-0.54931640625,0.6103515625,-0.23193359375,1.64794921875,-0.09765625,0.40283203125,0.048828125,-0.18310546875,0.32958984375,0.68359375,-0.06103515625,0.830078125,0.08544921875,0.45166015625,-0.1708984375,0.5615234375,-0.18310546875,1.40380859375,-0.01220703125,2.64892578125,0.10986328125,6.3720703125,-0.0244140625,1.96533203125,-0.30517578125,1.91650390625,-0.1953125,0.6103515625,-0.146484375,0.79345703125,-0.048828125,0,-0.146484375,1.26953125,0,-1.0009765625,0.15869140625,-0.390625,-0.29296875,-1.0498046875,-0.13427734375,-0.830078125,-0.10986328125,-1.46484375,-0.01220703125,-0.439453125,0.1708984375,-0.4150390625,0.048828125,-1.23291015625,-0.20751953125,-0.67138671875,-0.13427734375,-0.69580078125,-0.09765625,-0.62255859375,-0.06103515625,-0.06103515625,-0.18310546875,-0.81787109375,-0.48828125,-1.5869140625,-0.20751953125,-1.1474609375,-0.20751953125,0.40283203125,-0.01220703125,0.32958984375,0,-0.03662109375,-0.0732421875,-0.06103515625,-0.0732421875,0.1708984375,-0.35400390625,0.634765625,-0.03662109375,0.98876953125,-0.15869140625,-0.20751953125,0.2197265625,-0.09765625
0,-0.15869140625,-0.37841796875,0.048828125,-0.3662109375,-0.06103515625,-0.4638671875,-0.10986328125,-0.08544921875,0.10986328125,-0.03662109375,-0.25634765625,-0.91552734375,-0.1953125,1.07421875,-0.1708984375,-0.15869140625,-0.20751953125,-0.5859375,0.1953125,-0.146484375,-0.25634765625,0.8544921875,-0.146484375,-0.59814453125,0.28076171875,-0.47607421875,-0.06103515625,-1.07421875,0.1708984375,0.79345703125,-0.1953125,0,-0.1708984375,0.7080078125,-0.35400390625,-0.3662109375,0.09765625,0.0244140625,-0.01220703125,-0.1708984375,-0.0732421875,-0.20751953125,0.2685546875,-0.72021484375,-0.47607421875,-0.40283203125,-0.48828125,0.62255859375,-0.29296875,1.611328125,-0.048828125,0.40283203125,0.15869140625,-0.1953125,0.4150390625,0.68359375,-0.09765625,0.67138671875,0.08544921875,0.390625,-0.1708984375,0.439453125,-0.13427734375,0.91552734375,0.048828125,2.47802734375,-0.0244140625,6.1767578125,-0.06103515625,1.8798828125,-0.3173828125,1.806640625,-0.2685546875,0.537109375,-0.13427734375,0.79345703125,-0.06103515625,0.0244140625,-0.1220703125,1.25732421875,0.06103515625,-0.98876953125,0.10986328125,-0.390625,-0.1708984375,-1.0498046875,-0.146484375,-0.830078125,-0.10986328125,-1.45263671875,-0.03662109375,-0.4150390625,0.1708984375,-0.390625,0.048828125,-1.20849609375,-0.29296875,-0.67138671875,-0.0244140625,-0.7080078125,-0.01220703125,-0.64697265625,-0.09765625,-0.048828125,-0.13427734375,-0.76904296875,-0.50048828125,-1.55029296875,-0.18310546875,-1.08642578125,-0.25634765625,0.4150390625,0.048828125,0.29296875,-0.01220703125,-0.0244140625,-0.06103515625,-0.06103515625,-0.08544921875,0.146484375,-0.4150390625,-0.08544921875,-0.1220703125,0.7568359375,-0.1953125,-0.439453125,0.1953125,-0.5615234375
0,-0.15869140625,-0.390625,0.048828125,-0.3662109375,-0.08544921875,-0.45166015625,-0.13427734375,-0.0732421875,0.13427734375,-0.03662109375,-0.244140625,-0.89111328125,-0.20751953125,1.07421875,-0.15869140625,-0.15869140625,-0.30517578125,-0.59814453125,0.2197265625,-0.13427734375,-0.30517578125,0.87890625,-0.10986328125,-0.6103515625,0.15869140625,-0.29296875,-0.09765625,-0.89111328125,-0.01220703125,1.55029296875,-0.30517578125,0.2197265625,-0.3662109375,1.67236328125,-0.37841796875,-0.1220703125,0.06103515625,0.29296875,0.048828125,0.1220703125,0.01220703125,-0.20751953125,0.25634765625,-0.72021484375,-0.45166015625,-0.4150390625,-0.50048828125,0.62255859375,-0.341796875,1.55029296875,-0.0244140625,0.390625,0.23193359375,-0.18310546875,0.439453125,0.67138671875,-0.18310546875,0.5615234375,0.048828125,0.3662109375,-0.1708984375,0.32958984375,-0.15869140625,0.5859375,0.06103515625,2.3193359375,-0.08544921875,5.95703125,-0.1220703125,1.7578125,-0.341796875,1.708984375,-0.32958984375,0.4638671875,-0.146484375,0.84228515625,-0.08544921875,0.048828125,0,1.26953125,0.06103515625,-0.98876953125,0.06103515625,-0.40283203125,-0.08544921875,-1.0498046875,-0.1708984375,-0.81787109375,-0.10986328125,-1.4404296875,-0.06103515625,-0.40283203125,0.08544921875,-0.3662109375,0.0244140625,-1.1962890625,-0.3662109375,-0.6591796875,0.01220703125,-0.68359375,0.0732421875,-0.634765625,-0.15869140625,-0.048828125,-0.0732421875,-0.74462890625,-0.4638671875,-1.5380859375,-0.15869140625,-1.11083984375,-0.25634765625,0.42724609375,0.03662109375,0.2685546875,-0.0244140625,0,-0.0732421875,-0.03662109375,-0.09765625,0.146484375,-0.42724609375,-0.68359375,-0.146484375,0.52490234375,-0.15869140625,-0.67138671875,0.2197265625,-0.9521484375
0,-0.1953125,-0.390625,0.048828125,-0.37841796875,-0.0732421875,-0.439453125,-0.146484375,-0.09765625,0.09765625,-0.0244140625,-0.25634765625,-0.89111328125,-0.23193359375,1.0986328125,-0.13427734375,-0.15869140625,-0.4150390625,-0.6103515625,0.25634765625,-0.13427734375,-0.30517578125,0.89111328125,-0.10986328125,-0.62255859375,0.06103515625,-0.06103515625,-0.1220703125,-0.67138671875,-0.10986328125,2.5146484375,-0.35400390625,0.4638671875,-0.341796875,2.81982421875,-0.4150390625,0.18310546875,0.08544921875,0.57373046875,0.1220703125,0.47607421875,0.09765625,-0.2197265625,0.2685546875,-0.732421875,-0.390625,-0.439453125,-0.45166015625,0.62255859375,-0.37841796875,1.5380859375,-0.048828125,0.390625,0.2685546875,-0.146484375,0.47607421875,0.68359375,-0.20751953125,0.48828125,0,0.35400390625,-0.1220703125,0.28076171875,-0.1953125,0.37841796875,0,2.197265625,-0.10986328125,5.712890625,-0.1953125,1.64794921875,-0.35400390625,1.59912109375,-0.3173828125,0.4150390625,-0.15869140625,0.87890625,-0.13427734375,0.0244140625,0.13427734375,1.28173828125,0.08544921875,-0.9765625,0.03662109375,-0.40283203125,0,-1.0498046875,-0.1953125,-0.84228515625,-0.0732421875,-1.46484375,-0.09765625,-0.45166015625,0.1220703125,-0.40283203125,0.0244140625,-1.220703125,-0.4150390625,-0.68359375,0.0732421875,-0.7080078125,0.13427734375,-0.634765625,-0.18310546875,-0.0732421875,-0.08544921875,-0.732421875,-0.35400390625,-1.5380859375,-0.13427734375,-1.13525390625,-0.29296875,0.42724609375,0.08544921875,0.2685546875,-0.0244140625,-0.01220703125,-0.09765625,-0.0244140625,-0.1220703125,0.15869140625,-0.390625,-1.171875,-0.1220703125,0.32958984375,-0.1220703125,-0.87890625,0.25634765625,-1.28173828125
0,-0.23193359375,-0.40283203125,0.06103515625,-0.3662109375,-0.10986328125,-0.45166015625,-0.15869140625,-0.09765625,0.08544921875,-0.0244140625,-0.2685546875,-0.89111328125,-0.20751953125,1.07421875,-0.13427734375,-0.15869140625,-0.439453125,-0.6103515625,0.3173828125,-0.1220703125,-0.23193359375,0.87890625,-0.13427734375,-0.634765625,-0.03662109375,0.18310546875,-0.10986328125,-0.4150390625,-0.23193359375,3.564453125,-0.37841796875,0.7568359375,-0.29296875,4.06494140625,-0.537109375,0.48828125,0.06103515625,0.89111328125,0.1708984375,0.8544921875,0.09765625,-0.2197265625,0.28076171875,-0.74462890625,-0.30517578125,-0.4638671875,-0.5126953125,0.6103515625,-0.390625,1.46484375,-0.0732421875,0.40283203125,0.28076171875,-0.10986328125,0.45166015625,0.68359375,-0.28076171875,0.47607421875,0.01220703125,0.35400390625,-0.08544921875,0.25634765625,-0.244140625,0.244140625,-0.03662109375,2.099609375,-0.1708984375,5.46875,-0.23193359375,1.52587890625,-0.37841796875,1.513671875,-0.32958984375,0.32958984375,-0.1953125,0.86669921875,-0.146484375,0.0244140625,0.20751953125,1.28173828125,0.0732421875,-1.0009765625,-0.0244140625,-0.4150390625,0.09765625,-1.0498046875,-0.20751953125,-0.81787109375,-0.048828125,-1.47705078125,-0.13427734375,-0.45166015625,0.0732421875,-0.439453125,0,-1.25732421875,-0.390625,-0.67138671875,0.0732421875,-0.68359375,0.1953125,-0.6103515625,-0.1953125,-0.048828125,-0.10986328125,-0.732421875,-0.244140625,-1.57470703125,-0.10986328125,-1.18408203125,-0.28076171875,0.40283203125,0.09765625,0.25634765625,-0.048828125,0.01220703125,-0.08544921875,-0.0244140625,-0.10986328125,0.146484375,-0.35400390625,-1.47705078125,-0.1220703125,0.20751953125,-0.13427734375,-1.025390625,0.244140625,-1.4892578125
0,-0.244140625,-0.439453125,0.06103515625,-0.3662109375,-0.10986328125,-0.439453125,-0.1708984375,-0.09765625,0.08544921875,-0.03662109375,-0.25634765625,-0.87890625,-0.18310546875,1.07421875,-0.13427734375,-0.13427734375,-0.45166015625,-0.6103515625,0.32958984375,-0.1220703125,-0.15869140625,0.86669921875,-0.1708984375,-0.62255859375,-0.048828125,0.42724609375,-0.0732421875,-0.146484375,-0.29296875,4.6630859375,-0.35400390625,1.03759765625,-0.37841796875,5.28564453125,-0.59814453125,0.78125,0.0244140625,1.20849609375,0.18310546875,1.2451171875,0.03662109375,-0.244140625,0.2685546875,-0.732421875,-0.18310546875,-0.4638671875,-0.5126953125,0.59814453125,-0.35400390625,1.45263671875,-0.08544921875,0.42724609375,0.35400390625,-0.08544921875,0.45166015625,0.72021484375,-0.2685546875,0.47607421875,-0.01220703125,0.341796875,-0.06103515625,0.28076171875,-0.35400390625,0.15869140625,-0.1220703125,2.03857421875,-0.2197265625,5.26123046875,-0.2197265625,1.45263671875,-0.390625,1.46484375,-0.25634765625,0.2685546875,-0.20751953125,0.87890625,-0.1220703125,0,0.2685546875,1.318359375,0.048828125,-1.01318359375,-0.01220703125,-0.390625,0.1220703125,-1.0498046875,-0.1953125,-0.8056640625,-0.01220703125,-1.52587890625,-0.15869140625,-0.48828125,0.10986328125,-0.42724609375,0.01220703125,-1.2939453125,-0.32958984375,-0.67138671875,0.06103515625,-0.67138671875,0.20751953125,-0.5859375,-0.18310546875,-0.0732421875,-0.10986328125,-0.74462890625,-0.15869140625,-1.611328125,-0.0732421875,-1.26953125,-0.30517578125,0.35400390625,0.146484375,0.28076171875,-0.03662109375,-0.01220703125,-0.0732421875,-0.03662109375,-0.08544921875,0.15869140625,-0.35400390625,-1.611328125,-0.15869140625,0.146484375,-0.13427734375,-1.13525390625,0.244140625,-1.57470703125
0,-0.244140625,-0.4150390625,0.048828125,-0.35400390625,-0.09765625,-0.439453125,-0.1708984375,-0.08544921875,0.10986328125,-0.03662109375,-0.28076171875,-0.87890625,-0.1708984375,1.07421875,-0.146484375,-0.146484375,-0.40283203125,-0.59814453125,0.32958984375,-0.13427734375,-0.13427734375,0.87890625,-0.20751953125,-0.6103515625,-0.0732421875,0.634765625,-0.03662109375,0.048828125,-0.439453125,5.62744140625,-0.2685546875,1.26953125,-0.2685546875,6.38427734375,-0.6103515625,1.0498046875,0.01220703125,1.47705078125,0.20751953125,1.59912109375,-0.048828125,-0.25634765625,0.25634765625,-0.74462890625,-0.048828125,-0.45166015625,-0.50048828125,0.59814453125,-0.32958984375,1.416015625,-0.13427734375,0.42724609375,0.3662109375,-0.0732421875,0.4638671875,0.732421875,-0.23193359375,0.47607421875,-0.06103515625,0.35400390625,0,0.341796875,-0.3662109375,0.0732421875,-0.10986328125,2.01416015625,-0.1708984375,5.0537109375,-0.20751953125,1.40380859375,-0.439453125,1.40380859375,-0.1953125,0.20751953125,-0.146484375,0.91552734375,-0.0244140625,-0.0244140625,0.28076171875,1.2939453125,0.0732421875,-1.01318359375,-0.048828125,-0.40283203125,0.15869140625,-1.025390625,-0.20751953125,-0.81787109375,-0.03662109375,-1.55029296875,-0.1220703125,-0.52490234375,0.10986328125,-0.35400390625,0.01220703125,-1.33056640625,-0.20751953125,-0.67138671875,0.06103515625,-0.67138671875,0.18310546875,-0.57373046875,-0.1220703125,-0.06103515625,-0.09765625,-0.76904296875,-0.048828125,-1.64794921875,-0.06103515625,-1.3427734375,-0.25634765625,0.341796875,0.1220703125,0.30517578125,-0.048828125,0,-0.0732421875,-0.03662109375,-0.0732421875,0.15869140625,-0.35400390625,-1.5625,-0.15869140625,0.1708984375,-0.146484375,-1.1474609375,0.23193359375,-1.513671875
0,-0.2197265625,-0.40283203125,0.09765625,-0.3662109375,-0.09765625,-0.42724609375,-0.1708984375,-0.08544921875,0.146484375,-0.048828125,-0.30517578125,-0.87890625,-0.15869140625,1.07421875,-0.1708984375,-0.13427734375,-0.3662109375,-0.6103515625,0.28076171875,-0.15869140625,-0.09765625,0.8544921875,-0.25634765625,-0.62255859375,-0.08544921875,0.81787109375,-0.03662109375,0.23193359375,-0.5126953125,6.40869140625,-0.244140625,1.4404296875,-0.25634765625,7.275390625,-0.6591796875,1.23291015625,0.048828125,1.6845703125,0.146484375,1.89208984375,-0.09765625,-0.23193359375,0.20751953125,-0.74462890625,0.03662109375,-0.4638671875,-0.4638671875,0.5859375,-0.341796875,1.45263671875,-0.18310546875,0.439453125,0.32958984375,-0.06103515625,0.4638671875,0.732421875,-0.1708984375,0.5126953125,-0.10986328125,0.3173828125,0.0244140625,0.42724609375,-0.390625,-0.0244140625,-0.15869140625,1.953125,-0.20751953125,4.9072265625,-0.13427734375,1.3427734375,-0.47607421875,1.3427734375,-0.1708984375,0.1220703125,-0.13427734375,0.91552734375,0.0244140625,-0.048828125,0.25634765625,1.28173828125,0.10986328125,-1.025390625,-0.0732421875,-0.37841796875,0.1708984375,-1.03759765625,-0.20751953125,-0.8056640625,-0.048828125,-1.55029296875,-0.08544921875,-0.48828125,0.10986328125,-0.1708984375,0.0244140625,-1.318359375,-0.10986328125,-0.68359375,0.01220703125,-0.6591796875,0.146484375,-0.5615234375,-0.06103515625,-0.06103515625,-0.0732421875,-0.79345703125,0.0244140625,-1.67236328125,-0.1220703125,-1.40380859375,-0.244140625,0.29296875,0.10986328125,0.3173828125,-0.03662109375,0,-0.06103515625,-0.0244140625,-0.0732421875,0.146484375,-0.35400390625,-1.318359375,-0.18310546875,0.29296875,-0.146484375,-1.0498046875,0.20751953125,-1.33056640625
0,-0.1953125,-0.390625,0.048828125,-0.35400390625,-0.10986328125,-0.45166015625,-0.146484375,-0.06103515625,0.1220703125,-0.048828125,-0.30517578125,-0.89111328125,-0.15869140625,1.07421875,-0.1708984375,-0.146484375,-0.29296875,-0.57373046875,0.2197265625,-0.1708984375,-0.10986328125,0.86669921875,-0.25634765625,-0.59814453125,-0.06103515625,0.93994140625,0,0.32958984375,-0.50048828125,6.93359375,-0.25634765625,1.55029296875,-0.29296875,7.82470703125,-0.7080078125,1.3671875,0.08544921875,1.8310546875,0.06103515625,2.08740234375,-0.18310546875,-0.23193359375,0.146484375,-0.732421875,0.09765625,-0.45166015625,-0.439453125,0.57373046875,-0.30517578125,1.47705078125,-0.29296875,0.439453125,0.25634765625,-0.08544921875,0.47607421875,0.732421875,-0.0732421875,0.47607421875,-0.13427734375,0.30517578125,0.0732421875,0.5126953125,-0.37841796875,-0.1708984375,-0.18310546875,1.9287109375,-0.2685546875,4.7607421875,-0.08544921875,1.33056640625,-0.52490234375,1.3427734375,-0.146484375,0.09765625,-0.03662109375,0.927734375,0.06103515625,-0.06103515625,0.244140625,1.26953125,0.10986328125,-1.03759765625,-0.0732421875,-0.390625,0.146484375,-1.01318359375,-0.2197265625,-0.8056640625,-0.10986328125,-1.50146484375,-0.01220703125,-0.439453125,0.08544921875,0.146484375,0.03662109375,-1.220703125,-0.0244140625,-0.6591796875,-0.01220703125,-0.6591796875,0.0732421875,-0.52490234375,-0.048828125,-0.06103515625,-0.0732421875,-0.830078125,0.06103515625,-1.67236328125,-0.15869140625,-1.416015625,-0.1953125,0.28076171875,0.1220703125,0.341796875,-0.048828125,0,-0.0732421875,0,-0.0732421875,0.146484375,-0.341796875,-1.0009765625,-0.18310546875,0.45166015625,-0.15869140625,-0.87890625,0.20751953125,-1.07421875
1,-0.20751953125,-0.3662109375,0.048828125,-0.3662109375,-0.13427734375,-0.42724609375,-0.13427734375,-0.0732421875,0.1220703125,-0.048828125,-0.3173828125,-0.89111328125,-0.15869140625,1.08642578125,-0.1953125,-0.15869140625,-0.23193359375,-0.57373046875,0.20751953125,-0.1708984375,-0.1708984375,0.86669921875,-0.244140625,-0.57373046875,-0.0244140625,1.025390625,0.03662109375,0.37841796875,-0.48828125,7.2021484375,-0.244140625,1.59912109375,-0.30517578125,8.0810546875,-0.7568359375,1.45263671875,0.09765625,1.8798828125,-0.01220703125,2.16064453125,-0.25634765625,-0.2197265625,0.0732421875,-0.732421875,0.1220703125,-0.42724609375,-0.439453125,0.57373046875,-0.30517578125,1.5625,-0.30517578125,0.439453125,0.18310546875,-0.13427734375,0.439453125,0.732421875,-0.03662109375,0.48828125,-0.18310546875,0.30517578125,0.10986328125,0.54931640625,-0.341796875,-0.341796875,-0.18310546875,1.91650390625,-0.3173828125,4.60205078125,-0.06103515625,1.318359375,-0.537109375,1.2939453125,-0.1953125,0.09765625,0.048828125,0.96435546875,0.08544921875,-0.08544921875,0.2197265625,1.28173828125,0.1220703125,-1.025390625,-0.0732421875,-0.3662109375,0.13427734375,-1.01318359375,-0.23193359375,-0.8056640625,-0.18310546875,-1.37939453125,0.03662109375,-0.28076171875,0.1953125,0.6103515625,0.0244140625,-1.0498046875,0.01220703125,-0.6591796875,-0.03662109375,-0.6591796875,-0.0244140625,-0.54931640625,-0.01220703125,-0.06103515625,-0.13427734375,-0.8544921875,0.06103515625,-1.6845703125,-0.1708984375,-1.42822265625,-0.15869140625,0.2685546875,0.09765625,0.35400390625,-0.06103515625,0,-0.06103515625,0,-0.06103515625,0.15869140625,-0.29296875,-0.6103515625,-0.15869140625,0.62255859375,-0.1708984375,-0.68359375,0.18310546875,-0.7568359375
1,-0.20751953125,-0.35400390625,0.0244140625,-0.390625,-0.15869140625,-0.439453125,-0.15869140625,-0.06103515625,0.10986328125,-0.06103515625,-0.30517578125,-0.9033203125,-0.18310546875,1.0986328125,-0.1708984375,-0.1708984375,-0.146484375,-0.57373046875,0.1708984375,-0.15869140625,-0.2197265625,0.87890625,-0.1953125,-0.57373046875,0.08544921875,1.0009765625,0.1220703125,0.35400390625,-0.439453125,7.1533203125,-0.3173828125,1.55029296875,-0.28076171875,8.02001953125,-0.7568359375,1.416015625,0.13427734375,1.86767578125,-0.06103515625,2.16064453125,-0.29296875,-0.2197265625,0,-0.72021484375,0.09765625,-0.42724609375,-0.47607421875,0.57373046875,-0.29296875,1.66015625,-0.30517578125,0.42724609375,0.06103515625,-0.13427734375,0.30517578125,0.69580078125,-0.0244140625,0.45166015625,-0.1708984375,0.30517578125,0.06103515625,0.59814453125,-0.20751953125,-0.48828125,-0.2685546875,1.81884765625,-0.35400390625,4.443359375,-0.048828125,1.28173828125,-0.537109375,1.23291015625,-0.25634765625,0.08544921875,0.10986328125,0.9765625,0.048828125,-0.0732421875,0.15869140625,1.26953125,0.08544921875,-1.0009765625,-0.048828125,-0.3662109375,0.1220703125,-1.01318359375,-0.28076171875,-0.8056640625,-0.1708984375,-1.20849609375,0.10986328125,-0.13427734375,0.28076171875,1.20849609375,0.048828125,-0.84228515625,0,-0.67138671875,-0.0244140625,-0.6591796875,-0.10986328125,-0.54931640625,-0.01220703125,-0.09765625,-0.1953125,-0.89111328125,0.048828125,-1.6845703125,-0.244140625,-1.42822265625,-0.15869140625,0.25634765625,0.10986328125,0.3662109375,-0.06103515625,-0.01220703125,-0.0732421875,0,-0.08544921875,0.146484375,-0.2197265625,-0.25634765625,-0.1953125,0.81787109375,-0.1708984375,-0.47607421875,0.18310546875,-0.48828125
1,-0.23193359375,-0.390625,0.08544921875,-0.390625,-0.1708984375,-0.42724609375,-0.1220703125,-0.08544921875,0.0732421875,-0.048828125,-0.28076171875,-0.927734375,-0.20751953125,1.08642578125,-0.2197265625,-0.15869140625,-0.08544921875,-0.5615234375,0.18310546875,-0.1708984375,-0.2685546875,0.87890625,-0.146484375,-0.5859375,0.1708984375,0.927734375,0.146484375,0.2685546875,-0.32958984375,6.89697265625,-0.29296875,1.46484375,-0.30517578125,7.6904296875,-0.68359375,1.33056640625,0.13427734375,1.7822265625,-0.09765625,2.0263671875,-0.3173828125,-0.1953125,-0.06103515625,-0.7080078125,0.01220703125,-0.42724609375,-0.439453125,0.5859375,-0.28076171875,1.74560546875,-0.30517578125,0.40283203125,-0.0244140625,-0.20751953125,0.1708984375,0.68359375,0,0.439453125,-0.1953125,0.28076171875,0.09765625,0.5615234375,-0.13427734375,-0.62255859375,-0.25634765625,1.6845703125,-0.3173828125,4.23583984375,-0.048828125,1.220703125,-0.48828125,1.15966796875,-0.3173828125,0.10986328125,0.15869140625,0.9521484375,0.01220703125,-0.08544921875,0.13427734375,1.25732421875,0.0244140625,-0.9765625,0,-0.3662109375,0.09765625,-1.025390625,-0.341796875,-0.79345703125,-0.2197265625,-0.9521484375,0.15869140625,0.0732421875,0.28076171875,1.96533203125,0.03662109375,-0.52490234375,-0.03662109375,-0.67138671875,0.01220703125,-0.67138671875,-0.20751953125,-0.57373046875,0.01220703125,-0.09765625,-0.23193359375,-0.91552734375,0.0244140625,-1.6845703125,-0.29296875,-1.3916015625,-0.146484375,0.244140625,0.09765625,0.390625,-0.08544921875,0,-0.06103515625,0.0244140625,-0.10986328125,0.146484375,-0.2685546875,0.048828125,-0.20751953125,0.93994140625,-0.1953125,-0.3173828125,0.15869140625,-0.25634765625
1,-0.1953125,-0.37841796875,0.1220703125,-0.3662109375,-0.20751953125,-0.42724609375,-0.13427734375,-0.08544921875,0.048828125,-0.048828125,-0.2685546875,-0.93994140625,-0.2197265625,1.11083984375,-0.23193359375,-0.15869140625,-0.08544921875,-0.57373046875,0.18310546875,-0.1708984375,-0.341796875,0.87890625,-0.10986328125,-0.5859375,0.28076171875,0.79345703125,0.146484375,0.15869140625,-0.25634765625,6.43310546875,-0.3173828125,1.33056640625,-0.29296875,7.12890625,-0.52490234375,1.18408203125,0.09765625,1.62353515625,-0.1220703125,1.8310546875,-0.30517578125,-0.2197265625,-0.1220703125,-0.7080078125,-0.01220703125,-0.4150390625,-0.439453125,0.5859375,-0.30517578125,1.806640625,-0.2197265625,0.40283203125,-0.13427734375,-0.244140625,0.0732421875,0.67138671875,-0.01220703125,0.40283203125,-0.10986328125,0.28076171875,0.146484375,0.54931640625,-0.08544921875,-0.6591796875,-0.23193359375,1.4892578125,-0.146484375,3.99169921875,-0.09765625,1.15966796875,-0.42724609375,1.06201171875,-0.32958984375,0.146484375,0.1953125,0.93994140625,-0.03662109375,-0.048828125,0.10986328125,1.2451171875,-0.03662109375,-0.9521484375,0.01220703125,-0.3662109375,0.0244140625,-1.025390625,-0.40283203125,-0.8056640625,-0.1953125,-0.68359375,0.1953125,0.30517578125,0.40283203125,2.734375,0.0732421875,-0.18310546875,-0.0732421875,-0.67138671875,0.0732421875,-0.67138671875,-0.29296875,-0.57373046875,-0.0244140625,-0.09765625,-0.2685546875,-0.9033203125,-0.08544921875,-1.6845703125,-0.32958984375,-1.3671875,-0.146484375,0.244140625,0.09765625,0.3662109375,-0.0732421875,0,-0.0732421875,0.0244140625,-0.1220703125,0.15869140625,-0.20751953125,0.1708984375,-0.13427734375,1.025390625,-0.146484375,-0.2197265625,0.1953125,-0.13427734375
1,-0.20751953125,-0.40283203125,0.13427734375,-0.3662109375,-0.1953125,-0.439453125,-0.146484375,-0.0732421875,0.03662109375,-0.03662109375,-0.244140625,-0.93994140625,-0.23193359375,1.06201171875,-0.244140625,-0.1708984375,-0.10986328125,-0.59814453125,0.1708984375,-0.15869140625,-0.341796875,0.91552734375,-0.10986328125,-0.59814453125,0.32958984375,0.6591796875,0.10986328125,-0.0244140625,-0.1953125,5.82275390625,-0.2685546875,1.15966796875,-0.32958984375,6.45751953125,-0.37841796875,1.025390625,0.08544921875,1.45263671875,-0.1220703125,1.59912109375,-0.30517578125,-0.20751953125,-0.146484375,-0.69580078125,-0.048828125,-0.40283203125,-0.439453125,0.5859375,-0.341796875,1.81884765625,-0.146484375,0.4150390625,-0.18310546875,-0.2685546875,0,0.64697265625,-0.0244140625,0.4150390625,-0.03662109375,0.28076171875,0.1708984375,0.48828125,-0.048828125,-0.634765625,-0.20751953125,1.318359375,0.01220703125,3.7109375,-0.10986328125,1.03759765625,-0.35400390625,0.96435546875,-0.28076171875,0.1708984375,0.2197265625,0.89111328125,-0.08544921875,-0.03662109375,0.03662109375,1.25732421875,-0.0732421875,-0.9765625,-0.01220703125,-0.37841796875,-0.0244140625,-1.03759765625,-0.4638671875,-0.8056640625,-0.13427734375,-0.42724609375,0.1953125,0.5615234375,0.439453125,3.52783203125,0.10986328125,0.15869140625,-0.09765625,-0.67138671875,0.13427734375,-0.67138671875,-0.28076171875,-0.5859375,-0.03662109375,-0.09765625,-0.2685546875,-0.9033203125,-0.1708984375,-1.67236328125,-0.32958984375,-1.30615234375,-0.13427734375,0.25634765625,0.13427734375,0.3662109375,-0.06103515625,-0.01220703125,-0.0732421875,0,-0.10986328125,0.146484375,-0.29296875,0.18310546875,-0.2197265625,1.01318359375,-0.20751953125,-0.23193359375,0.09765625,-0.146484375
1,-0.20751953125,-0.4150390625,0.1708984375,-0.390625,-0.1953125,-0.4638671875,-0.15869140625,-0.1220703125,0.0244140625,-0.048828125,-0.23193359375,-0.9521484375,-0.23193359375,1.0498046875,-0.2197265625,-0.15869140625,-0.18310546875,-0.62255859375,0.15869140625,-0.13427734375,-0.35400390625,0.9033203125,-0.0732421875,-0.62255859375,0.3662109375,0.47607421875,0.048828125,-0.1953125,-0.15869140625,5.11474609375,-0.1708984375,0.96435546875,-0.3662109375,5.72509765625,-0.244140625,0.81787109375,0.048828125,1.26953125,-0.10986328125,1.318359375,-0.341796875,-0.20751953125,-0.15869140625,-0.68359375,-0.0732421875,-0.40283203125,-0.45166015625,0.6103515625,-0.37841796875,1.77001953125,-0.08544921875,0.439453125,-0.25634765625,-0.2685546875,-0.0732421875,0.634765625,-0.0732421875,0.4150390625,-0.048828125,0.29296875,0.20751953125,0.42724609375,-0.048828125,-0.52490234375,-0.15869140625,1.13525390625,0.1953125,3.369140625,-0.13427734375,0.93994140625,-0.2685546875,0.84228515625,-0.244140625,0.20751953125,0.28076171875,0.89111328125,-0.15869140625,-0.01220703125,0.01220703125,1.26953125,-0.10986328125,-0.96435546875,-0.0244140625,-0.390625,-0.08544921875,-1.025390625,-0.45166015625,-0.830078125,-0.10986328125,-0.1220703125,0.18310546875,0.8056640625,0.50048828125,4.2724609375,0.146484375,0.47607421875,-0.1220703125,-0.68359375,0.13427734375,-0.68359375,-0.25634765625,-0.6103515625,-0.08544921875,-0.09765625,-0.2197265625,-0.9033203125,-0.2197265625,-1.66015625,-0.29296875,-1.28173828125,-0.1708984375,0.25634765625,0.15869140625,0.32958984375,-0.0732421875,-0.01220703125,-0.06103515625,-0.01220703125,-0.09765625,0.15869140625,-0.30517578125,0.06103515625,-0.23193359375,0.96435546875,-0.146484375,-0.28076171875,0.09765625,-0.2685546875
1,-0.2197265625,-0.40283203125,0.15869140625,-0.40283203125,-0.1708984375,-0.4638671875,-0.15869140625,-0.10986328125,0.0244140625,-0.0244140625,-0.20751953125,-0.93994140625,-0.2685546875,1.07421875,-0.23193359375,-0.1953125,-0.28076171875,-0.6103515625,0.15869140625,-0.13427734375,-0.30517578125,0.89111328125,-0.09765625,-0.64697265625,0.37841796875,0.30517578125,0,-0.40283203125,-0.20751953125,4.38232421875,-0.1220703125,0.74462890625,-0.341796875,4.9560546875,-0.1708984375,0.59814453125,-0.01220703125,1.0498046875,-0.03662109375,1.06201171875,-0.37841796875,-0.1953125,-0.15869140625,-0.72021484375,-0.0732421875,-0.4150390625,-0.4638671875,0.6103515625,-0.35400390625,1.69677734375,-0.10986328125,0.45166015625,-0.28076171875,-0.25634765625,-0.1708984375,0.64697265625,-0.15869140625,0.439453125,0.01220703125,0.29296875,0.244140625,0.37841796875,0.01220703125,-0.35400390625,-0.1953125,0.927734375,0.2685546875,3.01513671875,-0.146484375,0.8056640625,-0.1953125,0.732421875,-0.09765625,0.2685546875,0.28076171875,0.87890625,-0.244140625,-0.01220703125,-0.01220703125,1.26953125,-0.10986328125,-0.9765625,-0.03662109375,-0.40283203125,-0.1708984375,-1.0498046875,-0.4638671875,-0.830078125,-0.03662109375,0.08544921875,0.15869140625,0.96435546875,0.48828125,4.87060546875,0.146484375,0.72021484375,-0.1953125,-0.67138671875,0.15869140625,-0.69580078125,-0.1953125,-0.62255859375,-0.146484375,-0.0732421875,-0.20751953125,-0.89111328125,-0.29296875,-1.67236328125,-0.2685546875,-1.28173828125,-0.2197265625,0.28076171875,0.1708984375,0.35400390625,-0.06103515625,0,-0.0732421875,-0.01220703125,-0.08544921875,0.15869140625,-0.244140625,-0.146484375,-0.1953125,0.86669921875,-0.09765625,-0.3662109375,0.15869140625,-0.439453125
1,-0.1953125,-0.40283203125,0.146484375,-0.37841796875,-0.1708984375,-0.4638671875,-0.1708984375,-0.1220703125,0,-0.03662109375,-0.1953125,-0.93994140625,-0.2685546875,1.07421875,-0.2197265625,-0.15869140625,-0.32958984375,-0.6103515625,0.15869140625,-0.10986328125,-0.23193359375,0.87890625,-0.10986328125,-0.67138671875,0.35400390625,0.10986328125,-0.03662109375,-0.5859375,-0.3173828125,3.60107421875,-0.10986328125,0.537109375,-0.3173828125,4.248046875,-0.13427734375,0.390625,-0.03662109375,0.830078125,0.03662109375,0.8056640625,-0.3662109375,-0.20751953125,-0.1220703125,-0.68359375,-0.08544921875,-0.4150390625,-0.439453125,0.6103515625,-0.341796875,1.59912109375,-0.0732421875,0.4638671875,-0.28076171875,-0.244140625,-0.32958984375,0.68359375,-0.15869140625,0.48828125,0.06103515625,0.3173828125,0.29296875,0.3173828125,0.06103515625,-0.15869140625,-0.2197265625,0.76904296875,0.37841796875,2.62451171875,-0.18310546875,0.68359375,-0.13427734375,0.6103515625,-0.01220703125,0.29296875,0.244140625,0.86669921875,-0.3173828125,-0.0244140625,0.0244140625,1.2939453125,-0.10986328125,-1.025390625,-0.0732421875,-0.4150390625,-0.23193359375,-1.0498046875,-0.37841796875,-0.86669921875,-0.01220703125,0.23193359375,0.10986328125,1.0986328125,0.47607421875,5.26123046875,0.18310546875,0.86669921875,-0.30517578125,-0.68359375,0.1220703125,-0.69580078125,-0.13427734375,-0.62255859375,-0.1953125,-0.08544921875,-0.13427734375,-0.89111328125,-0.29296875,-1.69677734375,-0.1708984375,-1.28173828125,-0.23193359375,0.30517578125,0.20751953125,0.29296875,-0.06103515625,-0.0244140625,-0.06103515625,-0.048828125,-0.08544921875,0.15869140625,-0.28076171875,-0.37841796875,-0.23193359375,0.7568359375,-0.146484375,-0.48828125,0.0732421875,-0.62255859375
1,-0.2197265625,-0.40283203125,0.1220703125,-0.37841796875,-0.1953125,-0.4638671875,-0.15869140625,-0.09765625,0.01220703125,-0.03662109375,-0.1953125,-0.9033203125,-0.28076171875,1.07421875,-0.244140625,-0.13427734375,-0.37841796875,-0.6103515625,0.146484375,-0.10986328125,-0.1708984375,0.86669921875,-0.13427734375,-0.64697265625,0.28076171875,-0.03662109375,-0.0244140625,-0.79345703125,-0.40283203125,2.9296875,-0.10986328125,0.35400390625,-0.244140625,3.6376953125,-0.146484375,0.18310546875,-0.09765625,0.62255859375,0.146484375,0.5615234375,-0.390625,-0.1953125,-0.10986328125,-0.69580078125,-0.0732421875,-0.439453125,-0.390625,0.62255859375,-0.32958984375,1.46484375,-0.01220703125,0.50048828125,-0.30517578125,-0.20751953125,-0.439453125,0.69580078125,-0.1953125,0.537109375,0.048828125,0.341796875,0.3173828125,0.29296875,-0.03662109375,0.0244140625,-0.23193359375,0.64697265625,0.52490234375,2.24609375,-0.146484375,0.537109375,-0.08544921875,0.5126953125,0.048828125,0.3173828125,0.1953125,0.89111328125,-0.3662109375,-0.0244140625,0.0244140625,1.30615234375,-0.08544921875,-1.03759765625,-0.10986328125,-0.42724609375,-0.29296875,-1.0498046875,-0.3173828125,-0.84228515625,0.03662109375,0.29296875,0.10986328125,1.13525390625,0.57373046875,5.4443359375,0.1708984375,0.91552734375,-0.390625,-0.67138671875,0.0732421875,-0.7080078125,-0.0244140625,-0.59814453125,-0.1953125,-0.048828125,-0.09765625,-0.87890625,-0.244140625,-1.6845703125,-0.10986328125,-1.28173828125,-0.244140625,0.3173828125,0.244140625,0.29296875,-0.0244140625,0,-0.0732421875,-0.01220703125,-0.09765625,0.15869140625,-0.32958984375,-0.5615234375,-0.2197265625,0.6591796875,-0.13427734375,-0.5615234375,0.09765625,-0.732421875
1,-0.20751953125,-0.4150390625,0.10986328125,-0.37841796875,-0.15869140625,-0.48828125,-0.1708984375,-0.09765625,0.0244140625,-0.08544921875,-0.1953125,-0.927734375,-0.2685546875,1.06201171875,-0.1953125,-0.13427734375,-0.3662109375,-0.6103515625,0.13427734375,-0.1220703125,-0.08544921875,0.86669921875,-0.1708984375,-0.634765625,0.18310546875,-0.20751953125,-0.01220703125,-0.927734375,-0.4638671875,2.2705078125,-0.146484375,0.18310546875,-0.15869140625,3.0517578125,-0.08544921875,-0.03662109375,-0.0732421875,0.45166015625,0.23193359375,0.35400390625,-0.32958984375,-0.1953125,-0.0732421875,-0.69580078125,-0.06103515625,-0.42724609375,-0.45166015625,0.59814453125,-0.28076171875,1.3427734375,0.03662109375,0.48828125,-0.2685546875,-0.1708984375,-0.52490234375,0.7080078125,-0.146484375,0.5859375,0.048828125,0.3662109375,0.30517578125,0.28076171875,-0.0732421875,0.146484375,-0.25634765625,0.5615234375,0.5615234375,1.904296875,-0.1220703125,0.42724609375,-0.08544921875,0.42724609375,0.08544921875,0.341796875,0.10986328125,0.84228515625,-0.35400390625,-0.03662109375,0.01220703125,1.318359375,-0.06103515625,-1.0498046875,-0.13427734375,-0.4150390625,-0.32958984375,-1.03759765625,-0.29296875,-0.81787109375,0.0732421875,0.2685546875,0.1220703125,1.13525390625,0.5859375,5.419921875,0.146484375,0.87890625,-0.42724609375,-0.68359375,-0.01220703125,-0.7080078125,0.048828125,-0.59814453125,-0.15869140625,-0.06103515625,-0.0244140625,-0.87890625,-0.20751953125,-1.708984375,-0.048828125,-1.26953125,-0.244140625,0.32958984375,0.1953125,0.29296875,0,-0.01220703125,-0.0732421875,-0.048828125,-0.08544921875,0.1708984375,-0.25634765625,-0.64697265625,-0.18310546875,0.64697265625,-0.146484375,-0.6103515625,0.1220703125,-0.76904296875
1,-0.2197265625,-0.40283203125,0.1220703125,-0.40283203125,-0.18310546875,-0.47607421875,-0.146484375,-0.09765625,0.03662109375,-0.09765625,-0.18310546875,-0.91552734375,-0.25634765625,1.06201171875,-0.20751953125,-0.1708984375,-0.37841796875,-0.59814453125,0.13427734375,-0.146484375,-0.03662109375,0.84228515625,-0.10986328125,-0.634765625,0.08544921875,-0.32958984375,-0.03662109375,-1.06201171875,-0.50048828125,1.69677734375,-0.13427734375,0.03662109375,-0.048828125,2.55126953125,-0.0732421875,-0.23193359375,-0.08544921875,0.28076171875,0.30517578125,0.1953125,-0.32958984375,-0.2197265625,-0.0732421875,-0.7080078125,-0.048828125,-0.439453125,-0.40283203125,0.59814453125,-0.244140625,1.25732421875,0.0732421875,0.4638671875,-0.23193359375,-0.15869140625,-0.6103515625,0.72021484375,-0.0732421875,0.62255859375,0.01220703125,0.40283203125,0.30517578125,0.2685546875,-0.0732421875,0.20751953125,-0.2197265625,0.5126953125,0.62255859375,1.64794921875,-0.08544921875,0.341796875,-0.048828125,0.390625,0.08544921875,0.32958984375,0.06103515625,0.87890625,-0.2685546875,-0.048828125,-0.0244140625,1.33056640625,0.01220703125,-1.06201171875,-0.15869140625,-0.4150390625,-0.30517578125,-1.03759765625,-0.30517578125,-0.830078125,0.0244140625,0.18310546875,0.1220703125,1.06201171875,0.47607421875,5.21240234375,0.09765625,0.74462890625,-0.4150390625,-0.68359375,-0.08544921875,-0.69580078125,0.10986328125,-0.5859375,-0.09765625,-0.048828125,0.0244140625,-0.87890625,-0.146484375,-1.69677734375,-0.01220703125,-1.25732421875,-0.23193359375,0.341796875,0.1708984375,0.30517578125,0.01220703125,0,-0.048828125,-0.03662109375,-0.08544921875,0.15869140625,-0.3173828125,-0.5859375,-0.23193359375,0.69580078125,-0.146484375,-0.537109375,0.10986328125,-0.68359375
1,-0.25634765625,-0.37841796875,0.09765625,-0.390625,-0.1708984375,-0.45166015625,-0.146484375,-0.09765625,0.0244140625,-0.08544921875,-0.1708984375,-0.91552734375,-0.2685546875,1.08642578125,-0.20751953125,-0.1708984375,-0.37841796875,-0.57373046875,0.15869140625,-0.13427734375,-0.0244140625,0.8544921875,-0.08544921875,-0.62255859375,-0.048828125,-0.42724609375,-0.048828125,-1.15966796875,-0.47607421875,1.1962890625,-0.18310546875,-0.0732421875,-0.01220703125,2.06298828125,-0.09765625,-0.40283203125,-0.048828125,0.09765625,0.2685546875,0.01220703125,-0.32958984375,-0.23193359375,-0.0732421875,-0.7080078125,-0.01220703125,-0.45166015625,-0.3662109375,0.5859375,-0.1220703125,1.1962890625,0,0.4638671875,-0.1708984375,-0.15869140625,-0.634765625,0.7080078125,-0.01220703125,0.68359375,-0.06103515625,0.4638671875,0.23193359375,0.32958984375,-0.048828125,0.20751953125,-0.20751953125,0.50048828125,0.634765625,1.513671875,-0.0244140625,0.30517578125,-0.06103515625,0.390625,0.10986328125,0.30517578125,0,0.9033203125,-0.1708984375,-0.06103515625,-0.10986328125,1.33056640625,0.048828125,-1.06201171875,-0.1708984375,-0.4150390625,-0.29296875,-1.03759765625,-0.30517578125,-0.8056640625,-0.048828125,0.03662109375,0.13427734375,0.93994140625,0.3662109375,4.833984375,0.08544921875,0.5615234375,-0.341796875,-0.68359375,-0.146484375,-0.69580078125,0.1708984375,-0.5859375,-0.01220703125,-0.03662109375,0.06103515625,-0.86669921875,-0.01220703125,-1.69677734375,0.01220703125,-1.2451171875,-0.244140625,0.3662109375,0.15869140625,0.3173828125,0.0244140625,0,-0.08544921875,-0.0244140625,-0.10986328125,0.1708984375,-0.29296875,-0.4150390625,-0.1953125,0.830078125,-0.10986328125,-0.4150390625,0.1220703125,-0.4638671875
1,-0.2685546875,-0.37841796875,0.08544921875,-0.3662109375,-0.15869140625,-0.4638671875,-0.13427734375,-0.0732421875,0.03662109375,-0.0732421875,-0.146484375,-0.9033203125,-0.2685546875,1.0986328125,-0.1708984375,-0.146484375,-0.35400390625,-0.54931640625,0.1953125,-0.1220703125,-0.01220703125,0.86669921875,-0.0244140625,-0.62255859375,-0.1220703125,-0.537109375,-0.03662109375,-1.220703125,-0.47607421875,0.8056640625,-0.23193359375,-0.15869140625,0.048828125,1.55029296875,-0.146484375,-0.54931640625,0.01220703125,-0.06103515625,0.20751953125,-0.146484375,-0.341796875,-0.244140625,-0.13427734375,-0.7080078125,0.0244140625,-0.42724609375,-0.29296875,0.59814453125,-0.1220703125,1.1962890625,-0.03662109375,0.439453125,-0.1220703125,-0.1708984375,-0.64697265625,0.72021484375,0.048828125,0.74462890625,-0.08544921875,0.47607421875,0.1953125,0.37841796875,-0.01220703125,0.146484375,-0.15869140625,0.537109375,0.5126953125,1.52587890625,0,0.32958984375,-0.10986328125,0.42724609375,0.13427734375,0.30517578125,-0.0244140625,0.91552734375,-0.08544921875,-0.08544921875,-0.15869140625,1.318359375,0.048828125,-1.06201171875,-0.146484375,-0.390625,-0.20751953125,-1.025390625,-0.30517578125,-0.79345703125,-0.09765625,-0.15869140625,0.10986328125,0.8056640625,0.1953125,4.40673828125,0.09765625,0.3662109375,-0.23193359375,-0.67138671875,-0.1953125,-0.67138671875,0.1708984375,-0.5859375,0.0732421875,-0.048828125,0.08544921875,-0.830078125,0.1220703125,-1.66015625,0.08544921875,-1.220703125,-0.244140625,0.390625,0.1953125,0.30517578125,0.01220703125,0,-0.08544921875,-0.0244140625,-0.10986328125,0.15869140625,-0.25634765625,-0.15869140625,-0.20751953125,1.025390625,-0.10986328125,-0.23193359375,0.13427734375,-0.15869140625
1,-0.2685546875,-0.3662109375,0.0732421875,-0.35400390625,-0.146484375,-0.439453125,-0.10986328125,-0.08544921875,0.01220703125,-0.0732421875,-0.13427734375,-0.89111328125,-0.25634765625,1.08642578125,-0.13427734375,-0.13427734375,-0.35400390625,-0.5615234375,0.23193359375,-0.146484375,-0.01220703125,0.86669921875,0.0244140625,-0.6103515625,-0.13427734375,-0.5859375,-0.0244140625,-1.25732421875,-0.439453125,0.48828125,-0.30517578125,-0.2197265625,0.0732421875,0.98876953125,-0.23193359375,-0.732421875,0.048828125,-0.2197265625,0.1220703125,-0.341796875,-0.3662109375,-0.244140625,-0.1220703125,-0.732421875,0.03662109375,-0.4150390625,-0.25634765625,0.59814453125,-0.10986328125,1.23291015625,-0.0244140625,0.40283203125,-0.03662109375,-0.23193359375,-0.64697265625,0.732421875,0.048828125,0.81787109375,-0.1220703125,0.48828125,0.15869140625,0.42724609375,-0.03662109375,0.048828125,-0.13427734375,0.6103515625,0.48828125,1.72119140625,0.01220703125,0.4150390625,-0.146484375,0.50048828125,0.146484375,0.28076171875,0,0.927734375,-0.048828125,-0.0732421875,-0.1953125,1.318359375,0.048828125,-1.03759765625,-0.13427734375,-0.37841796875,-0.13427734375,-1.01318359375,-0.3173828125,-0.78125,-0.15869140625,-0.30517578125,0.09765625,0.68359375,0.09765625,3.955078125,0.048828125,0.20751953125,-0.1220703125,-0.68359375,-0.1953125,-0.6591796875,0.18310546875,-0.59814453125,0.1220703125,-0.03662109375,0.048828125,-0.81787109375,0.20751953125,-1.6357421875,0.10986328125,-1.20849609375,-0.29296875,0.42724609375,0.25634765625,0.3173828125,-0.01220703125,0,-0.08544921875,-0.01220703125,-0.10986328125,0.146484375,-0.2685546875,0.1708984375,-0.28076171875,1.2451171875,-0.1220703125,0.01220703125,0.10986328125,0.1953125
0,-0.28076171875,-0.35400390625,0.09765625,-0.35400390625,-0.146484375,-0.42724609375,-0.08544921875,-0.10986328125,0.03662109375,-0.048828125,-0.13427734375,-0.9033203125,-0.23193359375,1.08642578125,-0.146484375,-0.15869140625,-0.3173828125,-0.5615234375,0.30517578125,-0.146484375,0,0.86669921875,0.048828125,-0.6103515625,-0.09765625,-0.62255859375,0.01220703125,-1.28173828125,-0.4150390625,0.25634765625,-0.37841796875,-0.244140625,0.06103515625,0.4150390625,-0.3173828125,-0.87890625,0.0244140625,-0.35400390625,0.048828125,-0.52490234375,-0.390625,-0.244140625,-0.09765625,-0.732421875,0.06103515625,-0.390625,-0.3173828125,0.5859375,-0.15869140625,1.26953125,-0.06103515625,0.390625,0.01220703125,-0.25634765625,-0.59814453125,0.69580078125,0.0244140625,0.86669921875,-0.18310546875,0.5126953125,0.09765625,0.50048828125,-0.09765625,-0.0244140625,-0.10986328125,0.78125,0.439453125,2.1484375,-0.01220703125,0.54931640625,-0.1953125,0.634765625,0.10986328125,0.28076171875,-0.048828125,0.93994140625,0.01220703125,-0.048828125,-0.25634765625,1.2939453125,0.01220703125,-1.025390625,-0.0732421875,-0.37841796875,-0.09765625,-1.0009765625,-0.341796875,-0.78125,-0.1953125,-0.4638671875,0.0244140625,0.5615234375,-0.01220703125,3.564453125,0.03662109375,0.0732421875,-0.06103515625,-0.67138671875,-0.20751953125,-0.6591796875,0.1708984375,-0.59814453125,0.1708984375,-0.03662109375,0.0244140625,-0.79345703125,0.29296875,-1.611328125,0.146484375,-1.171875,-0.28076171875,0.439453125,0.25634765625,0.341796875,-0.0244140625,0,-0.08544921875,0.01220703125,-0.08544921875,0.13427734375,-0.23193359375,0.48828125,-0.29296875,1.47705078125,-0.1220703125,0.23193359375,0.1220703125,0.52490234375
0,-0.244140625,-0.35400390625,0.08544921875,-0.35400390625,-0.13427734375,-0.42724609375,-0.08544921875,-0.10986328125,0.03662109375,-0.048828125,-0.10986328125,-0.9033203125,-0.244140625,1.07421875,-0.13427734375,-0.1708984375,-0.25634765625,-0.5615234375,0.37841796875,-0.13427734375,0.0244140625,0.87890625,0.06103515625,-0.6103515625,0,-0.6103515625,0.01220703125,-1.23291015625,-0.40283203125,0.1220703125,-0.42724609375,-0.244140625,0.03662109375,-0.1708984375,-0.35400390625,-1.0009765625,0.03662109375,-0.5126953125,0.03662109375,-0.732421875,-0.42724609375,-0.25634765625,-0.08544921875,-0.732421875,0.0732421875,-0.40283203125,-0.25634765625,0.59814453125,-0.15869140625,1.33056640625,-0.0732421875,0.40283203125,0,-0.29296875,-0.57373046875,0.67138671875,0.01220703125,0.89111328125,-0.18310546875,0.54931640625,0.03662109375,0.5615234375,-0.1220703125,-0.10986328125,-0.06103515625,0.9765625,0.32958984375,2.7587890625,-0.03662109375,0.732421875,-0.20751953125,0.81787109375,0.0732421875,0.28076171875,-0.08544921875,0.89111328125,0.0244140625,-0.048828125,-0.2685546875,1.25732421875,-0.01220703125,-0.98876953125,-0.06103515625,-0.37841796875,-0.09765625,-1.01318359375,-0.29296875,-0.79345703125,-0.2197265625,-0.5615234375,0,0.5126953125,-0.0244140625,3.2958984375,0.06103515625,0.01220703125,0,-0.6591796875,-0.18310546875,-0.69580078125,0.09765625,-0.62255859375,0.18310546875,-0.0244140625,-0.01220703125,-0.7568359375,0.3173828125,-1.5625,0,-1.13525390625,-0.25634765625,0.42724609375,0.244140625,0.32958984375,-0.0732421875,0.01220703125,-0.0732421875,0,-0.08544921875,0.146484375,-0.2197265625,0.732421875,-0.3173828125,1.611328125,-0.09765625,0.4150390625,0.146484375,0.78125
0,-0.25634765625,-0.37841796875,0.0732421875,-0.35400390625,-0.10986328125,-0.4150390625,-0.1220703125,-0.1220703125,0.03662109375,-0.03662109375,-0.1220703125,-0.91552734375,-0.244140625,1.07421875,-0.146484375,-0.1708984375,-0.20751953125,-0.5859375,0.4150390625,-0.1220703125,0.01220703125,0.86669921875,0.03662109375,-0.6103515625,0.09765625,-0.6103515625,-0.01220703125,-1.2451171875,-0.390625,0.03662109375,-0.439453125,-0.23193359375,0.10986328125,-0.72021484375,-0.3662109375,-1.08642578125,0.03662109375,-0.634765625,0.0244140625,-0.93994140625,-0.4150390625,-0.25634765625,-0.06103515625,-0.732421875,0.06103515625,-0.390625,-0.25634765625,0.62255859375,-0.1953125,1.3671875,-0.1220703125,0.40283203125,0.06103515625,-0.29296875,-0.52490234375,0.6591796875,-0.01220703125,0.9521484375,-0.23193359375,0.537109375,0.01220703125,0.5859375,-0.2197265625,-0.08544921875,-0.0244140625,1.25732421875,0.15869140625,3.515625,-0.0732421875,0.9765625,-0.20751953125,1.025390625,0,0.30517578125,-0.10986328125,0.91552734375,0.06103515625,-0.048828125,-0.25634765625,1.2451171875,-0.048828125,-0.96435546875,-0.06103515625,-0.390625,-0.13427734375,-1.025390625,-0.30517578125,-0.79345703125,-0.23193359375,-0.6103515625,-0.0244140625,0.4638671875,-0.048828125,3.125,0.06103515625,-0.03662109375,0.03662109375,-0.6591796875,-0.146484375,-0.67138671875,0.03662109375,-0.62255859375,0.18310546875,-0.06103515625,-0.0732421875,-0.76904296875,0.3173828125,-1.5625,-0.0244140625,-1.123046875,-0.2685546875,0.439453125,0.244140625,0.3173828125,-0.09765625,0,-0.0732421875,-0.01220703125,-0.08544921875,0.15869140625,-0.1953125,0.89111328125,-0.29296875,1.708984375,-0.1220703125,0.50048828125,0.146484375,0.91552734375
0,-0.3173828125,-0.40283203125,0.09765625,-0.35400390625,-0.08544921875,-0.45166015625,-0.13427734375,-0.10986328125,0.01220703125,-0.048828125,-0.10986328125,-0.91552734375,-0.23193359375,1.0498046875,-0.1220703125,-0.15869140625,-0.20751953125,-0.5859375,0.439453125,-0.1220703125,-0.0244140625,0.87890625,-0.0244140625,-0.6103515625,0.20751953125,-0.57373046875,-0.048828125,-1.1962890625,-0.390625,0.01220703125,-0.35400390625,-0.20751953125,0.1708984375,-1.171875,-0.32958984375,-1.171875,0.03662109375,-0.74462890625,0.01220703125,-1.0986328125,-0.4150390625,-0.2685546875,-0.08544921875,-0.732421875,0.06103515625,-0.3662109375,-0.3173828125,0.62255859375,-0.25634765625,1.40380859375,-0.146484375,0.42724609375,0.0732421875,-0.30517578125,-0.40283203125,0.67138671875,-0.03662109375,0.9521484375,-0.244140625,0.5615234375,0.03662109375,0.5859375,-0.341796875,-0.03662109375,0.0244140625,1.57470703125,0.0732421875,4.38232421875,-0.1220703125,1.2451171875,-0.2197265625,1.28173828125,-0.048828125,0.32958984375,-0.09765625,0.91552734375,0.048828125,-0.03662109375,-0.2685546875,1.23291015625,-0.048828125,-0.9033203125,-0.0732421875,-0.4150390625,-0.18310546875,-1.025390625,-0.28076171875,-0.81787109375,-0.2197265625,-0.64697265625,-0.06103515625,0.4638671875,-0.03662109375,3.08837890625,0.06103515625,-0.03662109375,0.08544921875,-0.6591796875,-0.15869140625,-0.67138671875,-0.0244140625,-0.6103515625,0.146484375,-0.06103515625,-0.09765625,-0.74462890625,0.2197265625,-1.55029296875,-0.06103515625,-1.13525390625,-0.341796875,0.4150390625,0.244140625,0.32958984375,-0.13427734375,0,-0.08544921875,0,-0.08544921875,0.146484375,-0.18310546875,0.91552734375,-0.3173828125,1.6845703125,-0.10986328125,0.47607421875,0.146484375,0.93994140625
0,-0.29296875,-0.439453125,0.10986328125,-0.341796875,-0.048828125,-0.439453125,-0.13427734375,-0.10986328125,0.0244140625,-0.048828125,-0.13427734375,-0.91552734375,-0.244140625,1.03759765625,-0.13427734375,-0.15869140625,-0.23193359375,-0.59814453125,0.439453125,-0.1220703125,-0.0732421875,0.86669921875,-0.06103515625,-0.62255859375,0.2685546875,-0.54931640625,-0.048828125,-1.1962890625,-0.37841796875,0.03662109375,-0.20751953125,-0.18310546875,0.28076171875,-1.55029296875,-0.35400390625,-1.220703125,0.03662109375,-0.830078125,0.0244140625,-1.220703125,-0.4638671875,-0.25634765625,-0.03662109375,-0.72021484375,0.0244140625,-0.390625,-0.3173828125,0.634765625,-0.28076171875,1.40380859375,-0.10986328125,0.439453125,0.1220703125,-0.29296875,-0.244140625,0.67138671875,-0.1220703125,0.93994140625,-0.244140625,0.537109375,-0.0244140625,0.57373046875,-0.45166015625,0.048828125,0.0732421875,1.94091796875,0.0732421875,5.23681640625,-0.1953125,1.52587890625,-0.244140625,1.5380859375,-0.10986328125,0.3662109375,-0.10986328125,0.89111328125,0.0244140625,-0.0244140625,-0.23193359375,1.25732421875,-0.01220703125,-0.86669921875,-0.06103515625,-0.42724609375,-0.2197265625,-1.06201171875,-0.23193359375,-0.81787109375,-0.15869140625,-0.62255859375,-0.0732421875,0.4638671875,0.0244140625,3.13720703125,0.03662109375,-0.01220703125,0.1220703125,-0.67138671875,-0.1220703125,-0.68359375,-0.10986328125,-0.5859375,0.09765625,-0.06103515625,-0.1220703125,-0.76904296875,0.08544921875,-1.5625,-0.13427734375,-1.13525390625,-0.40283203125,0.37841796875,0.23193359375,0.30517578125,-0.146484375,0.01220703125,-0.0732421875,0,-0.06103515625,0.15869140625,-0.18310546875,0.8056640625,-0.30517578125,1.57470703125,-0.08544921875,0.390625,0.15869140625,0.81787109375
0,-0.30517578125,-0.4638671875,0.10986328125,-0.35400390625,-0.0244140625,-0.47607421875,-0.13427734375,-0.09765625,0.03662109375,-0.06103515625,-0.15869140625,-0.927734375,-0.25634765625,1.0009765625,-0.13427734375,-0.13427734375,-0.23193359375,-0.59814453125,0.4150390625,-0.13427734375,-0.18310546875,0.86669921875,-0.06103515625,-0.6103515625,0.3173828125,-0.5126953125,-0.048828125,-1.1962890625,-0.37841796875,0.13427734375,-0.03662109375,-0.18310546875,0.390625,-1.69677734375,-0.4150390625,-1.20849609375,0.048828125,-0.86669921875,0.0244140625,-1.2939453125,-0.52490234375,-0.28076171875,-0.03662109375,-0.72021484375,-0.01220703125,-0.4150390625,-0.35400390625,0.634765625,-0.3173828125,1.40380859375,-0.10986328125,0.45166015625,0.146484375,-0.2685546875,-0.1220703125,0.67138671875,-0.1708984375,0.93994140625,-0.244140625,0.52490234375,-0.06103515625,0.5615234375,-0.57373046875,0.146484375,0.0244140625,2.3193359375,0.1220703125,6.01806640625,-0.244140625,1.74560546875,-0.2197265625,1.77001953125,-0.13427734375,0.390625,-0.10986328125,0.91552734375,-0.01220703125,-0.0244140625,-0.10986328125,1.2451171875,-0.01220703125,-0.81787109375,-0.06103515625,-0.4638671875,-0.2197265625,-1.06201171875,-0.2197265625,-0.830078125,-0.1220703125,-0.59814453125,-0.0732421875,0.47607421875,0.1220703125,3.22265625,0,0,0.09765625,-0.67138671875,-0.08544921875,-0.69580078125,-0.15869140625,-0.5859375,0,-0.09765625,-0.09765625,-0.79345703125,-0.01220703125,-1.5869140625,-0.06103515625,-1.11083984375,-0.439453125,0.35400390625,0.2197265625,0.29296875,-0.1708984375,0.01220703125,-0.0732421875,-0.0244140625,-0.03662109375,0.15869140625,-0.18310546875,0.6103515625,-0.30517578125,1.416015625,-0.06103515625,0.20751953125,0.15869140625,0.634765625
0,-0.29296875,-0.4638671875,0.08544921875,-0.32958984375,-0.03662109375,-0.47607421875,-0.09765625,-0.0732421875,0.06103515625,-0.06103515625,-0.15869140625,-0.9033203125,-0.28076171875,1.0009765625,-0.15869140625,-0.10986328125,-0.244140625,-0.6103515625,0.40283203125,-0.13427734375,-0.25634765625,0.86669921875,-0.06103515625,-0.6103515625,0.341796875,-0.5126953125,0.01220703125,-1.1962890625,-0.32958984375,0.20751953125,0.09765625,-0.15869140625,0.50048828125,-1.69677734375,-0.45166015625,-1.15966796875,0.06103515625,-0.830078125,0.0244140625,-1.26953125,-0.50048828125,-0.244140625,0,-0.69580078125,-0.06103515625,-0.45166015625,-0.35400390625,0.634765625,-0.40283203125,1.37939453125,-0.146484375,0.48828125,0.1708984375,-0.244140625,-0.06103515625,0.68359375,-0.25634765625,0.91552734375,-0.23193359375,0.52490234375,-0.08544921875,0.537109375,-0.5859375,0.23193359375,0,2.64892578125,0,6.6162109375,-0.28076171875,1.94091796875,-0.18310546875,1.953125,-0.1220703125,0.40283203125,-0.18310546875,0.87890625,-0.06103515625,-0.0244140625,-0.048828125,1.26953125,-0.01220703125,-0.74462890625,-0.0244140625,-0.439453125,-0.2197265625,-1.07421875,-0.146484375,-0.830078125,-0.0732421875,-0.6103515625,-0.09765625,0.47607421875,0.18310546875,3.25927734375,0.048828125,-0.01220703125,0.048828125,-0.67138671875,-0.03662109375,-0.7080078125,-0.15869140625,-0.54931640625,-0.08544921875,-0.0732421875,-0.01220703125,-0.8056640625,-0.13427734375,-1.5869140625,-0.0244140625,-1.06201171875,-0.439453125,0.3173828125,0.2197265625,0.29296875,-0.18310546875,0.01220703125,-0.0732421875,-0.0244140625,-0.08544921875,0.146484375,-0.18310546875,0.35400390625,-0.30517578125,1.25732421875,-0.03662109375,0.0244140625,0.15869140625,0.40283203125
0,-0.23193359375,-0.439453125,0.0732421875,-0.35400390625,-0.048828125,-0.4638671875,-0.08544921875,-0.0732421875,0.08544921875,-0.06103515625,-0.1708984375,-0.91552734375,-0.2685546875,1.025390625,-0.15869140625,-0.10986328125,-0.244140625,-0.59814453125,0.37841796875,-0.15869140625,-0.32958984375,0.84228515625,-0.0244140625,-0.6103515625,0.29296875,-0.5126953125,0.03662109375,-1.20849609375,-0.23193359375,0.29296875,0.09765625,-0.13427734375,0.59814453125,-1.50146484375,-0.47607421875,-1.0986328125,0.09765625,-0.7568359375,0.0244140625,-1.1962890625,-0.439453125,-0.244140625,0.01220703125,-0.7080078125,-0.0732421875,-0.439453125,-0.30517578125,0.64697265625,-0.3662109375,1.3916015625,-0.10986328125,0.47607421875,0.1953125,-0.2197265625,-0.03662109375,0.69580078125,-0.28076171875,0.87890625,-0.1953125,0.5126953125,-0.18310546875,0.47607421875,-0.5859375,0.28076171875,0,2.86865234375,-0.09765625,7.01904296875,-0.28076171875,2.06298828125,-0.1708984375,2.0751953125,-0.10986328125,0.4150390625,-0.18310546875,0.87890625,-0.048828125,-0.03662109375,0.01220703125,1.28173828125,0,-0.7080078125,0.0244140625,-0.439453125,-0.18310546875,-1.07421875,-0.0732421875,-0.830078125,0,-0.62255859375,-0.0732421875,0.4150390625,0.2197265625,3.18603515625,0.06103515625,-0.0732421875,-0.03662109375,-0.64697265625,0.0244140625,-0.69580078125,-0.1708984375,-0.5615234375,-0.1708984375,-0.0732421875,0.048828125,-0.79345703125,-0.20751953125,-1.59912109375,0.048828125,-0.9033203125,-0.42724609375,0.3173828125,0.2197265625,0.30517578125,-0.15869140625,0,-0.06103515625,-0.03662109375,-0.1220703125,0.13427734375,-0.13427734375,0.146484375,-0.29296875,1.0986328125,-0.01220703125,-0.146484375,0.1220703125,0.15869140625
0,-0.2197265625,-0.42724609375,0.09765625,-0.341796875,-0.048828125,-0.48828125,-0.08544921875,-0.08544921875,0.1220703125,-0.06103515625,-0.146484375,-0.89111328125,-0.28076171875,1.03759765625,-0.15869140625,-0.09765625,-0.28076171875,-0.57373046875,0.35400390625,-0.13427734375,-0.4150390625,0.86669921875,-0.01220703125,-0.62255859375,0.1953125,-0.50048828125,0.01220703125,-1.220703125,-0.13427734375,0.390625,0.06103515625,-0.146484375,0.634765625,-1.171875,-0.4150390625,-1.01318359375,0.13427734375,-0.64697265625,0,-1.08642578125,-0.37841796875,-0.20751953125,0.06103515625,-0.69580078125,-0.10986328125,-0.42724609375,-0.32958984375,0.6591796875,-0.35400390625,1.4404296875,-0.09765625,0.48828125,0.2197265625,-0.20751953125,0.048828125,0.68359375,-0.30517578125,0.8544921875,-0.25634765625,0.48828125,-0.15869140625,0.45166015625,-0.5615234375,0.2685546875,-0.01220703125,2.99072265625,-0.18310546875,7.177734375,-0.244140625,2.11181640625,-0.15869140625,2.08740234375,-0.08544921875,0.390625,-0.1708984375,0.8544921875,-0.01220703125,-0.03662109375,0.0244140625,1.2939453125,0.0244140625,-0.67138671875,0.0732421875,-0.439453125,-0.15869140625,-1.08642578125,-0.048828125,-0.81787109375,0,-0.68359375,-0.048828125,0.32958984375,0.25634765625,2.9541015625,0.1220703125,-0.20751953125,-0.146484375,-0.6591796875,0.08544921875,-0.69580078125,-0.13427734375,-0.5615234375,-0.20751953125,-0.06103515625,0.09765625,-0.7568359375,-0.29296875,-1.57470703125,0.09765625,-0.68359375,-0.390625,0.3662109375,0.2197265625,0.30517578125,-0.146484375,0,-0.0732421875,-0.03662109375,-0.10986328125,0.13427734375,-0.06103515625,-0.0732421875,-0.29296875,0.9765625,-0.01220703125,-0.28076171875,0.09765625,-0.03662109375
0,-0.1953125,-0.37841796875,0.08544921875,-0.3662109375,-0.03662109375,-0.45166015625,-0.0732421875,-0.09765625,0.1220703125,-0.048828125,-0.1220703125,-0.89111328125,-0.30517578125,1.06201171875,-0.15869140625,-0.1220703125,-0.29296875,-0.54931640625,0.28076171875,-0.15869140625,-0.4150390625,0.87890625,0.03662109375,-0.62255859375,0.09765625,-0.50048828125,-0.0732421875,-1.20849609375,-0.048828125,0.4638671875,-0.0244140625,-0.146484375,0.69580078125,-0.79345703125,-0.4150390625,-0.93994140625,0.146484375,-0.5859375,0.01220703125,-0.93994140625,-0.28076171875,-0.2197265625,0.09765625,-0.68359375,-0.09765625,-0.4150390625,-0.3173828125,0.634765625,-0.4150390625,1.513671875,-0.0732421875,0.4638671875,0.25634765625,-0.20751953125,0.0732421875,0.69580078125,-0.3173828125,0.8544921875,-0.25634765625,0.48828125,-0.20751953125,0.40283203125,-0.439453125,0.20751953125,-0.0244140625,3.0029296875,-0.244140625,7.04345703125,-0.18310546875,2.0751953125,-0.20751953125,2.06298828125,-0.048828125,0.390625,-0.1220703125,0.81787109375,0.048828125,-0.03662109375,0.01220703125,1.318359375,0.03662109375,-0.64697265625,0.09765625,-0.390625,-0.13427734375,-1.07421875,-0.06103515625,-0.81787109375,0.01220703125,-0.8056640625,-0.03662109375,0.1953125,0.146484375,2.5390625,0.09765625,-0.37841796875,-0.2197265625,-0.67138671875,0.1220703125,-0.68359375,-0.1220703125,-0.57373046875,-0.2197265625,-0.06103515625,0.10986328125,-0.67138671875,-0.32958984375,-1.4892578125,0.09765625,-0.3662109375,-0.35400390625,0.4638671875,0.2197265625,0.3173828125,-0.10986328125,0,-0.0732421875,-0.048828125,-0.13427734375,0.13427734375,-0.09765625,-0.18310546875,-0.2685546875,0.93994140625,0.01220703125,-0.341796875,0.10986328125,-0.1220703125
0,-0.1953125,-0.341796875,0.08544921875,-0.390625,-0.01220703125,-0.45166015625,-0.048828125,-0.08544921875,0.10986328125,-0.048828125,-0.1220703125,-0.87890625,-0.32958984375,1.08642578125,-0.146484375,-0.1220703125,-0.30517578125,-0.5615234375,0.23193359375,-0.146484375,-0.40283203125,0.8544921875,0.048828125,-0.59814453125,0.03662109375,-0.50048828125,-0.1953125,-1.20849609375,0.0244140625,0.50048828125,-0.15869140625,-0.146484375,0.5859375,-0.45166015625,-0.47607421875,-0.87890625,0.15869140625,-0.50048828125,0.0244140625,-0.79345703125,-0.244140625,-0.2197265625,0.15869140625,-0.7080078125,-0.03662109375,-0.40283203125,-0.341796875,0.64697265625,-0.3173828125,1.6357421875,-0.0732421875,0.4638671875,0.3173828125,-0.20751953125,0.146484375,0.7080078125,-0.29296875,0.84228515625,-0.25634765625,0.4638671875,-0.18310546875,0.390625,-0.4638671875,0.146484375,-0.048828125,2.83203125,-0.28076171875,6.67724609375,-0.1220703125,1.9775390625,-0.25634765625,1.904296875,-0.0244140625,0.3662109375,-0.0732421875,0.830078125,0.09765625,-0.03662109375,-0.03662109375,1.318359375,0.01220703125,-0.64697265625,0.146484375,-0.390625,-0.09765625,-1.03759765625,-0.08544921875,-0.78125,0.01220703125,-0.9521484375,-0.01220703125,0.03662109375,0.08544921875,1.9775390625,0.146484375,-0.59814453125,-0.2685546875,-0.6591796875,0.13427734375,-0.69580078125,-0.06103515625,-0.5615234375,-0.2197265625,-0.03662109375,0.06103515625,-0.537109375,-0.3173828125,-1.37939453125,0.03662109375,0.06103515625,-0.341796875,0.634765625,0.23193359375,0.3173828125,-0.0732421875,0,-0.048828125,-0.08544921875,-0.13427734375,0.146484375,-0.048828125,-0.1953125,-0.20751953125,0.93994140625,0.048828125,-0.341796875,0.1220703125,-0.13427734375
0,-0.15869140625,-0.32958984375,0.08544921875,-0.37841796875,0,-0.42724609375,-0.03662109375,-0.10986328125,0.09765625,-0.03662109375,-0.09765625,-0.9033203125,-0.3173828125,1.07421875,-0.1220703125,-0.1220703125,-0.30517578125,-0.5615234375,0.1708984375,-0.15869140625,-0.341796875,0.87890625,0.01220703125,-0.6103515625,-0.048828125,-0.52490234375,-0.2685546875,-1.20849609375,0.0732421875,0.50048828125,-0.18310546875,-0.146484375,0.5126953125,-0.1708984375,-0.48828125,-0.87890625,0.146484375,-0.45166015625,0.0732421875,-0.7080078125,-0.1220703125,-0.20751953125,0.244140625,-0.7080078125,0.048828125,-0.40283203125,-0.35400390625,0.634765625,-0.3173828125,1.74560546875,-0.13427734375,0.42724609375,0.3662109375,-0.20751953125,0.09765625,0.72021484375,-0.244140625,0.84228515625,-0.2197265625,0.4638671875,-0.146484375,0.40283203125,-0.40283203125,0.0244140625,-0.08544921875,2.5390625,-0.3173828125,6.09130859375,-0.06103515625,1.79443359375,-0.3173828125,1.708984375,-0.0244140625,0.341796875,0.0244140625,0.830078125,0.15869140625,-0.048828125,-0.09765625,1.318359375,0,-0.6591796875,0.18310546875,-0.35400390625,-0.0732421875,-1.025390625,-0.10986328125,-0.78125,0.0244140625,-1.1474609375,-0.01220703125,-0.15869140625,-0.06103515625,1.318359375,0.146484375,-0.84228515625,-0.2685546875,-0.68359375,0.09765625,-0.67138671875,-0.03662109375,-0.59814453125,-0.15869140625,-0.03662109375,0.048828125,-0.3662109375,-0.30517578125,-1.220703125,0.1708984375,0.5615234375,-0.28076171875,0.84228515625,0.20751953125,0.30517578125,-0.0732421875,0.01220703125,-0.0732421875,-0.09765625,-0.1220703125,0.146484375,-0.1220703125,-0.146484375,-0.28076171875,1.03759765625,-0.01220703125,-0.29296875,0.048828125,-0.06103515625
0,-0.1708984375,-0.32958984375,0.08544921875,-0.390625,0.0244140625,-0.439453125,-0.03662109375,-0.09765625,0.08544921875,-0.0732421875,-0.0732421875,-0.9033203125,-0.28076171875,1.06201171875,-0.09765625,-0.13427734375,-0.2685546875,-0.5615234375,0.09765625,-0.146484375,-0.25634765625,0.89111328125,-0.03662109375,-0.6103515625,-0.09765625,-0.537109375,-0.32958984375,-1.18408203125,-0.03662109375,0.48828125,-0.1953125,-0.15869140625,0.47607421875,-0.0244140625,-0.54931640625,-0.8544921875,0.08544921875,-0.40283203125,0.08544921875,-0.64697265625,-0.13427734375,-0.2197265625,0.29296875,-0.72021484375,0.10986328125,-0.390625,-0.32958984375,0.64697265625,-0.2685546875,1.84326171875,-0.146484375,0.42724609375,0.4150390625,-0.2197265625,0.09765625,0.7080078125,-0.2685546875,0.84228515625,-0.28076171875,0.4638671875,-0.1708984375,0.439453125,-0.390625,-0.03662109375,-0.1220703125,2.18505859375,-0.35400390625,5.40771484375,-0.01220703125,1.57470703125,-0.341796875,1.46484375,-0.0732421875,0.3173828125,0.1220703125,0.81787109375,0.1220703125,-0.03662109375,-0.10986328125,1.33056640625,-0.01220703125,-0.67138671875,0.15869140625,-0.3662109375,-0.08544921875,-1.025390625,-0.18310546875,-0.76904296875,0.03662109375,-1.3427734375,-0.0244140625,-0.3662109375,-0.146484375,0.62255859375,0.15869140625,-1.07421875,-0.23193359375,-0.69580078125,0.0244140625,-0.64697265625,-0.01220703125,-0.5859375,-0.1220703125,-0.048828125,0.048828125,-0.146484375,-0.25634765625,-1.01318359375,0.15869140625,1.1474609375,-0.25634765625,1.11083984375,0.23193359375,0.3173828125,-0.08544921875,0.0244140625,-0.06103515625,-0.0732421875,-0.10986328125,0.15869140625,-0.09765625,-0.03662109375,-0.30517578125,1.0986328125,0.01220703125,-0.1953125,0.0732421875,0.0244140625
1,-0.1953125,-0.341796875,0.08544921875,-0.37841796875,0.06103515625,-0.45166015625,-0.03662109375,-0.09765625,0.09765625,-0.0732421875,-0.06103515625,-0.91552734375,-0.2685546875,1.07421875,-0.10986328125,-0.15869140625,-0.20751953125,-0.5615234375,0.1220703125,-0.146484375,-0.146484375,0.86669921875,-0.146484375,-0.6103515625,-0.09765625,-0.5126953125,-0.341796875,-1.18408203125,-0.1220703125,0.42724609375,-0.20751953125,-0.15869140625,0.439453125,-0.048828125,-0.5615234375,-0.89111328125,0.03662109375,-0.40283203125,0.09765625,-0.64697265625,-0.20751953125,-0.23193359375,0.37841796875,-0.7080078125,0.20751953125,-0.390625,-0.28076171875,0.64697265625,-0.18310546875,1.91650390625,-0.20751953125,0.4150390625,0.40283203125,-0.20751953125,0.0732421875,0.7080078125,-0.2197265625,0.84228515625,-0.30517578125,0.47607421875,-0.15869140625,0.47607421875,-0.4150390625,-0.08544921875,-0.13427734375,1.7822265625,-0.35400390625,4.65087890625,-0.01220703125,1.33056640625,-0.32958984375,1.20849609375,-0.15869140625,0.29296875,0.18310546875,0.84228515625,0.09765625,-0.03662109375,-0.15869140625,1.2939453125,0.01220703125,-0.7080078125,0.13427734375,-0.341796875,-0.09765625,-1.0498046875,-0.1953125,-0.78125,0.0244140625,-1.513671875,-0.01220703125,-0.50048828125,-0.146484375,0,0.146484375,-1.2451171875,-0.1708984375,-0.68359375,-0.03662109375,-0.64697265625,0,-0.5859375,-0.06103515625,-0.03662109375,0.048828125,0.0732421875,-0.23193359375,-0.81787109375,0.15869140625,1.72119140625,-0.20751953125,1.35498046875,0.20751953125,0.3173828125,-0.08544921875,0.0244140625,-0.06103515625,-0.06103515625,-0.09765625,0.1708984375,-0.0244140625,0.048828125,-0.244140625,1.1474609375,0.01220703125,-0.10986328125,0.08544921875,0.0732421875
1,-0.18310546875,-0.35400390625,0.08544921875,-0.3662109375,0.06103515625,-0.439453125,-0.048828125,-0.08544921875,0.08544921875,-0.09765625,-0.03662109375,-0.9033203125,-0.2685546875,1.06201171875,-0.10986328125,-0.1708984375,-0.13427734375,-0.59814453125,0.1220703125,-0.13427734375,-0.1220703125,0.86669921875,-0.20751953125,-0.62255859375,-0.13427734375,-0.52490234375,-0.35400390625,-1.15966796875,-0.25634765625,0.3662109375,-0.18310546875,-0.15869140625,0.537109375,-0.1953125,-0.52490234375,-0.91552734375,-0.01220703125,-0.45166015625,0.146484375,-0.68359375,-0.30517578125,-0.2197265625,0.40283203125,-0.7080078125,0.244140625,-0.4150390625,-0.18310546875,0.6591796875,-0.146484375,1.96533203125,-0.23193359375,0.4150390625,0.341796875,-0.20751953125,0.01220703125,0.7080078125,-0.146484375,0.84228515625,-0.32958984375,0.48828125,-0.08544921875,0.5126953125,-0.35400390625,-0.08544921875,-0.13427734375,1.3671875,-0.244140625,3.90625,-0.0244140625,1.0986328125,-0.3173828125,0.9521484375,-0.1953125,0.2685546875,0.1953125,0.84228515625,0.0732421875,-0.048828125,-0.1953125,1.28173828125,0.06103515625,-0.732421875,0.0732421875,-0.3662109375,-0.0732421875,-1.03759765625,-0.1953125,-0.78125,-0.048828125,-1.611328125,-0.03662109375,-0.6103515625,-0.08544921875,-0.45166015625,0.146484375,-1.37939453125,-0.06103515625,-0.68359375,-0.08544921875,-0.6591796875,0.01220703125,-0.59814453125,-0.0244140625,-0.06103515625,0.048828125,0.29296875,-0.1708984375,-0.6103515625,0.2197265625,2.2216796875,-0.15869140625,1.611328125,0.1953125,0.32958984375,-0.06103515625,0.03662109375,-0.06103515625,-0.06103515625,-0.0732421875,0.15869140625,-0.09765625,0.1220703125,-0.28076171875,1.18408203125,-0.03662109375,-0.06103515625,-0.01220703125,0.13427734375
1,-0.20751953125,-0.35400390625,0.0732421875,-0.35400390625,0.06103515625,-0.45166015625,-0.048828125,-0.09765625,0.08544921875,-0.0732421875,-0.03662109375,-0.9033203125,-0.244140625,1.0498046875,-0.13427734375,-0.1708984375,-0.03662109375,-0.5859375,0.10986328125,-0.146484375,-0.09765625,0.86669921875,-0.2685546875,-0.62255859375,-0.1220703125,-0.52490234375,-0.30517578125,-1.15966796875,-0.32958984375,0.30517578125,-0.15869140625,-0.1708984375,0.5859375,-0.4638671875,-0.52490234375,-0.9521484375,-0.06103515625,-0.5126953125,0.1220703125,-0.78125,-0.35400390625,-0.23193359375,0.3662109375,-0.72021484375,0.25634765625,-0.42724609375,-0.146484375,0.634765625,-0.0732421875,1.96533203125,-0.1953125,0.4150390625,0.341796875,-0.20751953125,-0.0732421875,0.69580078125,-0.10986328125,0.830078125,-0.29296875,0.48828125,-0.09765625,0.5126953125,-0.32958984375,-0.0732421875,-0.10986328125,0.98876953125,-0.13427734375,3.23486328125,-0.06103515625,0.87890625,-0.25634765625,0.74462890625,-0.20751953125,0.28076171875,0.2197265625,0.84228515625,0.03662109375,-0.0244140625,-0.2197265625,1.25732421875,0.09765625,-0.78125,-0.0244140625,-0.37841796875,-0.0732421875,-1.03759765625,-0.1708984375,-0.78125,-0.03662109375,-1.64794921875,-0.03662109375,-0.62255859375,-0.03662109375,-0.67138671875,0.10986328125,-1.42822265625,0.03662109375,-0.67138671875,-0.1220703125,-0.68359375,-0.01220703125,-0.59814453125,0,-0.048828125,0.048828125,0.50048828125,-0.146484375,-0.45166015625,0.1953125,2.6611328125,-0.09765625,1.79443359375,0.20751953125,0.3173828125,-0.06103515625,0.03662109375,-0.0732421875,-0.0244140625,-0.06103515625,0.15869140625,-0.03662109375,0.146484375,-0.23193359375,1.18408203125,0,-0.03662109375,0.03662109375,0.08544921875
1,-0.13427734375,-0.3662109375,0.06103515625,-0.341796875,0.09765625,-0.4638671875,-0.0244140625,-0.09765625,0.09765625,-0.06103515625,-0.03662109375,-0.91552734375,-0.20751953125,1.0498046875,-0.1220703125,-0.18310546875,0.0244140625,-0.59814453125,0.09765625,-0.146484375,-0.13427734375,0.8544921875,-0.29296875,-0.6103515625,-0.10986328125,-0.5126953125,-0.23193359375,-1.15966796875,-0.35400390625,0.2685546875,-0.10986328125,-0.18310546875,0.6103515625,-0.69580078125,-0.537109375,-0.9765625,-0.0732421875,-0.5615234375,0.08544921875,-0.8544921875,-0.390625,-0.2197265625,0.30517578125,-0.7080078125,0.25634765625,-0.40283203125,-0.0244140625,0.67138671875,-0.048828125,1.953125,-0.20751953125,0.439453125,0.30517578125,-0.20751953125,-0.1708984375,0.69580078125,-0.01220703125,0.81787109375,-0.244140625,0.50048828125,0,0.537109375,-0.23193359375,-0.0244140625,-0.08544921875,0.6591796875,-0.06103515625,2.685546875,-0.06103515625,0.68359375,-0.1953125,0.54931640625,-0.13427734375,0.28076171875,0.25634765625,0.87890625,-0.01220703125,-0.03662109375,-0.29296875,1.2451171875,0.1708984375,-0.81787109375,-0.1220703125,-0.35400390625,-0.06103515625,-1.03759765625,-0.15869140625,-0.79345703125,-0.08544921875,-1.611328125,-0.06103515625,-0.57373046875,0.13427734375,-0.6103515625,0.0732421875,-1.35498046875,0.09765625,-0.64697265625,-0.13427734375,-0.69580078125,-0.0244140625,-0.59814453125,-0.0244140625,-0.048828125,0.06103515625,0.64697265625,-0.0732421875,-0.341796875,0.10986328125,3.0029296875,-0.03662109375,1.9287109375,0.20751953125,0.3173828125,-0.048828125,0.03662109375,-0.06103515625,0,-0.06103515625,0.1708984375,-0.048828125,0.10986328125,-0.244140625,1.123046875,0,-0.10986328125,0,-0.01220703125
1,-0.13427734375,-0.3662109375,0.0244140625,-0.35400390625,0.1220703125,-0.47607421875,0,-0.10986328125,0.1220703125,-0.048828125,-0.03662109375,-0.91552734375,-0.1953125,1.03759765625,-0.13427734375,-0.18310546875,0.06103515625,-0.5859375,0.08544921875,-0.146484375,-0.2197265625,0.8544921875,-0.2685546875,-0.6103515625,-0.146484375,-0.5126953125,-0.146484375,-1.1474609375,-0.42724609375,0.244140625,-0.146484375,-0.1708984375,0.7080078125,-0.927734375,-0.5126953125,-1.0009765625,-0.048828125,-0.5615234375,0.08544921875,-0.91552734375,-0.42724609375,-0.18310546875,0.20751953125,-0.732421875,0.20751953125,-0.4150390625,0.01220703125,0.64697265625,-0.01220703125,1.8798828125,-0.15869140625,0.42724609375,0.2685546875,-0.20751953125,-0.28076171875,0.69580078125,-0.048828125,0.76904296875,-0.18310546875,0.47607421875,0.01220703125,0.5126953125,-0.09765625,0.0244140625,-0.06103515625,0.439453125,0.06103515625,2.24609375,-0.1220703125,0.52490234375,-0.09765625,0.42724609375,-0.08544921875,0.30517578125,0.29296875,0.8544921875,-0.0732421875,-0.01220703125,-0.25634765625,1.2451171875,0.23193359375,-0.830078125,-0.1953125,-0.390625,-0.0244140625,-1.0498046875,-0.146484375,-0.8056640625,-0.06103515625,-1.46484375,-0.0732421875,-0.42724609375,0.35400390625,-0.2685546875,0,-1.220703125,0.10986328125,-0.6591796875,-0.08544921875,-0.68359375,-0.0732421875,-0.5859375,-0.06103515625,-0.06103515625,0,0.69580078125,-0.048828125,-0.28076171875,0.03662109375,3.173828125,-0.06103515625,1.98974609375,0.1708984375,0.3173828125,-0.03662109375,0,-0.06103515625,0.0244140625,-0.06103515625,0.15869140625,-0.048828125,0.0244140625,-0.244140625,1.06201171875,0.0244140625,-0.18310546875,-0.03662109375,-0.13427734375
1,-0.1220703125,-0.3662109375,0.01220703125,-0.35400390625,0.1220703125,-0.47607421875,0,-0.10986328125,0.13427734375,-0.048828125,-0.048828125,-0.9033203125,-0.1953125,1.06201171875,-0.1220703125,-0.18310546875,0.08544921875,-0.57373046875,0.09765625,-0.15869140625,-0.30517578125,0.8544921875,-0.244140625,-0.59814453125,-0.146484375,-0.4638671875,0.01220703125,-1.15966796875,-0.439453125,0.244140625,-0.15869140625,-0.15869140625,0.68359375,-1.025390625,-0.52490234375,-0.98876953125,-0.03662109375,-0.59814453125,0.03662109375,-0.9521484375,-0.42724609375,-0.1708984375,0.146484375,-0.732421875,0.1953125,-0.4150390625,0.0732421875,0.64697265625,0.01220703125,1.806640625,-0.146484375,0.4150390625,0.25634765625,-0.1953125,-0.37841796875,0.69580078125,-0.0732421875,0.7080078125,-0.13427734375,0.4638671875,0.03662109375,0.48828125,-0.048828125,0.08544921875,-0.06103515625,0.2685546875,0.146484375,1.94091796875,-0.146484375,0.40283203125,-0.01220703125,0.32958984375,0.0244140625,0.30517578125,0.25634765625,0.87890625,-0.146484375,-0.03662109375,-0.23193359375,1.2451171875,0.2197265625,-0.87890625,-0.23193359375,-0.390625,0.0244140625,-1.0498046875,-0.15869140625,-0.8056640625,-0.048828125,-1.25732421875,-0.08544921875,-0.25634765625,0.48828125,0.341796875,-0.048828125,-0.98876953125,0.0732421875,-0.64697265625,-0.048828125,-0.7080078125,-0.13427734375,-0.6103515625,-0.09765625,-0.0732421875,-0.03662109375,0.7080078125,-0.048828125,-0.25634765625,-0.06103515625,3.16162109375,-0.08544921875,1.9775390625,0.10986328125,0.32958984375,-0.03662109375,-0.01220703125,-0.06103515625,0.048828125,-0.048828125,0.1708984375,-0.048828125,-0.048828125,-0.25634765625,1.0009765625,0,-0.244140625,-0.06103515625,-0.2685546875
1,-0.13427734375,-0.35400390625,0,-0.35400390625,0.13427734375,-0.47607421875,0.03662109375,-0.09765625,0.1220703125,-0.03662109375,-0.03662109375,-0.89111328125,-0.18310546875,1.0498046875,-0.1220703125,-0.15869140625,0.09765625,-0.54931640625,0.13427734375,-0.15869140625,-0.40283203125,0.84228515625,-0.1953125,-0.6103515625,-0.1220703125,-0.45166015625,0.13427734375,-1.171875,-0.37841796875,0.30517578125,-0.1220703125,-0.1220703125,0.69580078125,-1.025390625,-0.45166015625,-0.9521484375,0,-0.537109375,0.0732421875,-0.89111328125,-0.4150390625,-0.1708984375,0.06103515625,-0.7080078125,0.18310546875,-0.4150390625,0.13427734375,0.634765625,0,1.74560546875,-0.1220703125,0.4150390625,0.18310546875,-0.1953125,-0.50048828125,0.69580078125,-0.1220703125,0.68359375,-0.1220703125,0.439453125,0.06103515625,0.45166015625,-0.01220703125,0.13427734375,-0.09765625,0.10986328125,0.23193359375,1.7333984375,-0.1708984375,0.30517578125,0.048828125,0.244140625,0.10986328125,0.3173828125,0.20751953125,0.8544921875,-0.1953125,-0.0244140625,-0.1953125,1.25732421875,0.20751953125,-0.89111328125,-0.25634765625,-0.37841796875,0.03662109375,-1.06201171875,-0.146484375,-0.8056640625,0,-1.0009765625,-0.1220703125,0,0.48828125,1.171875,-0.08544921875,-0.64697265625,0.03662109375,-0.67138671875,0.03662109375,-0.7080078125,-0.20751953125,-0.6103515625,-0.1220703125,-0.06103515625,-0.0244140625,0.6591796875,-0.048828125,-0.28076171875,-0.10986328125,3.0517578125,-0.1220703125,1.91650390625,0.048828125,0.341796875,-0.03662109375,0,-0.06103515625,0.06103515625,-0.048828125,0.15869140625,-0.048828125,-0.09765625,-0.25634765625,0.96435546875,0.0244140625,-0.29296875,-0.06103515625,-0.32958984375
1,-0.1220703125,-0.32958984375,-0.0244140625,-0.37841796875,0.13427734375,-0.4638671875,0.048828125,-0.09765625,0.10986328125,-0.048828125,-0.0244140625,-0.87890625,-0.1708984375,1.08642578125,-0.1220703125,-0.146484375,0.0732421875,-0.54931640625,0.15869140625,-0.1708984375,-0.42724609375,0.84228515625,-0.146484375,-0.59814453125,-0.09765625,-0.42724609375,0.20751953125,-1.15966796875,-0.35400390625,0.4150390625,-0.10986328125,-0.08544921875,0.7080078125,-0.84228515625,-0.32958984375,-0.89111328125,0.048828125,-0.48828125,0.08544921875,-0.8056640625,-0.3662109375,-0.146484375,-0.01220703125,-0.7080078125,0.15869140625,-0.40283203125,0.1220703125,0.6103515625,0.048828125,1.67236328125,-0.09765625,0.37841796875,0.1220703125,-0.2197265625,-0.64697265625,0.7080078125,-0.146484375,0.634765625,-0.08544921875,0.42724609375,0.01220703125,0.4150390625,0,0.146484375,-0.1220703125,0.0244140625,0.29296875,1.5380859375,-0.1220703125,0.25634765625,0.09765625,0.20751953125,0.1953125,0.32958984375,0.146484375,0.84228515625,-0.20751953125,-0.0244140625,-0.1708984375,1.2451171875,0.15869140625,-0.89111328125,-0.30517578125,-0.341796875,0.03662109375,-1.0498046875,-0.10986328125,-0.78125,0,-0.69580078125,-0.1708984375,0.29296875,0.5126953125,2.13623046875,-0.0732421875,-0.30517578125,0,-0.68359375,0.146484375,-0.7080078125,-0.2685546875,-0.5859375,-0.146484375,-0.03662109375,0,0.57373046875,-0.048828125,-0.37841796875,-0.146484375,2.84423828125,-0.1220703125,1.79443359375,0.03662109375,0.32958984375,-0.048828125,-0.03662109375,-0.0732421875,0.048828125,-0.048828125,0.1220703125,0.01220703125,-0.09765625,-0.244140625,0.96435546875,0.0244140625,-0.28076171875,-0.048828125,-0.32958984375
1,-0.1220703125,-0.341796875,-0.0244140625,-0.37841796875,0.15869140625,-0.4638671875,0.0732421875,-0.08544921875,0.09765625,-0.06103515625,-0.0244140625,-0.9033203125,-0.18310546875,1.08642578125,-0.1220703125,-0.1220703125,0.03662109375,-0.54931640625,0.1220703125,-0.1708984375,-0.42724609375,0.8544921875,-0.1220703125,-0.59814453125,-0.0732421875,-0.40283203125,0.20751953125,-1.13525390625,-0.28076171875,0.48828125,-0.06103515625,-0.06103515625,0.62255859375,-0.57373046875,-0.2197265625,-0.79345703125,0,-0.37841796875,0.0244140625,-0.6591796875,-0.37841796875,-0.1220703125,0,-0.69580078125,0.23193359375,-0.3662109375,-0.03662109375,0.62255859375,0.0732421875,1.611328125,-0.06103515625,0.4150390625,0.09765625,-0.1953125,-0.76904296875,0.72021484375,-0.1708984375,0.6591796875,-0.06103515625,0.42724609375,-0.0244140625,0.37841796875,0.08544921875,0.1708984375,-0.09765625,-0.01220703125,0.35400390625,1.37939453125,-0.09765625,0.2197265625,0.13427734375,0.15869140625,0.20751953125,0.341796875,0.08544921875,0.830078125,-0.18310546875,-0.01220703125,-0.1708984375,1.26953125,0.08544921875,-0.87890625,-0.29296875,-0.35400390625,0.01220703125,-1.0498046875,-0.0732421875,-0.78125,0.06103515625,-0.37841796875,-0.1708984375,0.57373046875,0.634765625,3.13720703125,0,0.0732421875,-0.03662109375,-0.67138671875,0.1953125,-0.7080078125,-0.32958984375,-0.59814453125,-0.20751953125,-0.03662109375,0.048828125,0.45166015625,-0.06103515625,-0.4638671875,-0.341796875,2.60009765625,-0.13427734375,1.66015625,0.06103515625,0.30517578125,-0.06103515625,-0.01220703125,-0.0732421875,0.03662109375,-0.048828125,0.146484375,0.1220703125,-0.0244140625,-0.25634765625,1.025390625,0.01220703125,-0.25634765625,-0.06103515625,-0.2197265625
1,-0.1708984375,-0.341796875,-0.03662109375,-0.40283203125,0.15869140625,-0.4638671875,0.0732421875,-0.10986328125,0.048828125,-0.0732421875,0.01220703125,-0.89111328125,-0.18310546875,1.08642578125,-0.1220703125,-0.1708984375,-0.03662109375,-0.537109375,0.0732421875,-0.18310546875,-0.390625,0.8544921875,-0.09765625,-0.6103515625,-0.048828125,-0.390625,0.146484375,-1.13525390625,-0.244140625,0.59814453125,-0.03662109375,-0.01220703125,0.64697265625,-0.25634765625,-0.1708984375,-0.7080078125,0,-0.28076171875,0,-0.52490234375,-0.47607421875,-0.09765625,-0.0244140625,-0.7080078125,0.2685546875,-0.3662109375,0,0.59814453125,0.09765625,1.5625,-0.0732421875,0.390625,0.0244140625,-0.1953125,-0.8544921875,0.7080078125,-0.146484375,0.68359375,-0.0732421875,0.439453125,-0.01220703125,0.40283203125,0.28076171875,0.15869140625,-0.0732421875,-0.06103515625,0.37841796875,1.220703125,-0.0244140625,0.15869140625,0.146484375,0.13427734375,0.18310546875,0.3662109375,0.048828125,0.81787109375,-0.09765625,-0.048828125,-0.1953125,1.28173828125,0.03662109375,-0.87890625,-0.2685546875,-0.35400390625,-0.01220703125,-1.03759765625,-0.01220703125,-0.78125,0.08544921875,-0.10986328125,-0.146484375,0.84228515625,0.62255859375,4.1015625,0.0244140625,0.40283203125,-0.08544921875,-0.6591796875,0.244140625,-0.68359375,-0.35400390625,-0.6103515625,-0.1708984375,-0.0244140625,0.1220703125,0.32958984375,-0.03662109375,-0.54931640625,-0.40283203125,2.3193359375,-0.13427734375,1.5625,0.0732421875,0.3173828125,-0.08544921875,-0.01220703125,-0.06103515625,0.01220703125,-0.03662109375,0.13427734375,0.18310546875,0.10986328125,-0.2197265625,1.13525390625,0.0244140625,-0.15869140625,-0.048828125,-0.09765625
1,-0.18310546875,-0.35400390625,-0.0244140625,-0.40283203125,0.1708984375,-0.439453125,0.08544921875,-0.09765625,0.048828125,-0.08544921875,0.03662109375,-0.91552734375,-0.1708984375,1.08642578125,-0.09765625,-0.15869140625,-0.06103515625,-0.52490234375,-0.0244140625,-0.18310546875,-0.30517578125,0.86669921875,-0.0732421875,-0.59814453125,-0.0244140625,-0.35400390625,0.048828125,-1.07421875,-0.23193359375,0.69580078125,0,0.048828125,0.634765625,0.0244140625,-0.13427734375,-0.634765625,-0.03662109375,-0.1708984375,0.0244140625,-0.37841796875,-0.50048828125,-0.1220703125,-0.0244140625,-0.69580078125,0.3173828125,-0.341796875,-0.048828125,0.57373046875,0.20751953125,1.52587890625,-0.09765625,0.40283203125,0.01220703125,-0.1708984375,-0.93994140625,0.7080078125,-0.1220703125,0.732421875,-0.03662109375,0.47607421875,0.06103515625,0.4150390625,0.20751953125,0.146484375,-0.0244140625,-0.10986328125,0.42724609375,1.0986328125,0.03662109375,0.146484375,0.1220703125,0.10986328125,0.20751953125,0.37841796875,-0.0244140625,0.8056640625,-0.03662109375,-0.0244140625,-0.244140625,1.2939453125,-0.0244140625,-0.86669921875,-0.23193359375,-0.35400390625,0,-1.07421875,0.0244140625,-0.76904296875,0.13427734375,0.13427734375,-0.09765625,1.07421875,0.54931640625,4.96826171875,0.08544921875,0.732421875,-0.13427734375,-0.67138671875,0.20751953125,-0.68359375,-0.35400390625,-0.59814453125,-0.15869140625,-0.03662109375,0.1220703125,0.23193359375,-0.03662109375,-0.634765625,-0.40283203125,2.08740234375,-0.146484375,1.42822265625,0.08544921875,0.30517578125,-0.10986328125,0,-0.06103515625,0.01220703125,-0.03662109375,0.13427734375,0.20751953125,0.244140625,-0.244140625,1.25732421875,0.048828125,-0.048828125,-0.06103515625,0.10986328125
1,-0.18310546875,-0.3662109375,-0.03662109375,-0.390625,0.1953125,-0.4638671875,0.09765625,-0.08544921875,0.06103515625,-0.08544921875,0.048828125,-0.89111328125,-0.1708984375,1.07421875,-0.1220703125,-0.15869140625,-0.09765625,-0.537109375,-0.08544921875,-0.1953125,-0.20751953125,0.86669921875,-0.09765625,-0.59814453125,0.03662109375,-0.341796875,-0.0244140625,-1.025390625,-0.2685546875,0.76904296875,0.01220703125,0.09765625,0.68359375,0.2197265625,-0.0732421875,-0.5859375,-0.048828125,-0.1220703125,0.048828125,-0.28076171875,-0.57373046875,-0.13427734375,0,-0.69580078125,0.3662109375,-0.37841796875,-0.20751953125,0.5859375,0.23193359375,1.47705078125,-0.08544921875,0.390625,0.0244140625,-0.1708984375,-0.9765625,0.69580078125,-0.08544921875,0.8056640625,-0.0244140625,0.48828125,0.0244140625,0.4638671875,0.10986328125,0.09765625,0.01220703125,-0.146484375,0.32958984375,0.93994140625,0.03662109375,0.1220703125,0.048828125,0.0732421875,0.2197265625,0.3662109375,-0.01220703125,0.81787109375,0.0244140625,-0.0244140625,-0.29296875,1.30615234375,-0.03662109375,-0.8544921875,-0.1953125,-0.3662109375,0.048828125,-1.0498046875,0.06103515625,-0.79345703125,0.13427734375,0.30517578125,-0.06103515625,1.28173828125,0.48828125,5.60302734375,0.09765625,0.9765625,-0.20751953125,-0.6591796875,0.1708984375,-0.6591796875,-0.3173828125,-0.5859375,-0.10986328125,-0.0244140625,0.18310546875,0.18310546875,0.01220703125,-0.67138671875,-0.3662109375,1.8798828125,-0.146484375,1.3671875,0.08544921875,0.3173828125,-0.09765625,0.01220703125,-0.08544921875,0,-0.0244140625,0.1220703125,0.15869140625,0.390625,-0.25634765625,1.35498046875,0.06103515625,0.09765625,-0.08544921875,0.29296875
1,-0.1708984375,-0.390625,-0.048828125,-0.390625,0.23193359375,-0.45166015625,0.10986328125,-0.09765625,0.08544921875,-0.0732421875,0.03662109375,-0.927734375,-0.15869140625,1.06201171875,-0.09765625,-0.1708984375,-0.09765625,-0.5615234375,-0.10986328125,-0.1708984375,-0.146484375,0.86669921875,-0.1220703125,-0.6103515625,0.048828125,-0.35400390625,-0.048828125,-1.01318359375,-0.32958984375,0.79345703125,0.01220703125,0.08544921875,0.7568359375,0.28076171875,-0.0244140625,-0.5859375,-0.0732421875,-0.0732421875,0.09765625,-0.2685546875,-0.6103515625,-0.10986328125,-0.03662109375,-0.7080078125,0.37841796875,-0.40283203125,-0.20751953125,0.57373046875,0.30517578125,1.42822265625,-0.1220703125,0.4150390625,0.03662109375,-0.1953125,-0.98876953125,0.72021484375,-0.01220703125,0.8544921875,-0.06103515625,0.50048828125,-0.01220703125,0.5126953125,0.13427734375,0.1220703125,0.048828125,-0.1953125,0.29296875,0.79345703125,0.048828125,0.09765625,0.0244140625,0.048828125,0.1708984375,0.35400390625,-0.01220703125,0.8056640625,0.0732421875,-0.0244140625,-0.29296875,1.28173828125,-0.06103515625,-0.86669921875,-0.146484375,-0.37841796875,0.06103515625,-1.07421875,0.0732421875,-0.79345703125,0.06103515625,0.4150390625,-0.01220703125,1.3916015625,0.439453125,6.01806640625,0.09765625,1.13525390625,-0.2685546875,-0.6591796875,0.1220703125,-0.6591796875,-0.2685546875,-0.5859375,-0.0244140625,-0.0244140625,0.244140625,0.146484375,0.03662109375,-0.69580078125,-0.23193359375,1.7822265625,-0.15869140625,1.3427734375,0.06103515625,0.3173828125,-0.0732421875,0.01220703125,-0.0732421875,0.01220703125,-0.01220703125,0.1220703125,0.18310546875,0.45166015625,-0.2685546875,1.3671875,0.09765625,0.1708984375,-0.08544921875,0.37841796875
0,-0.18310546875,-0.40283203125,-0.0732421875,-0.37841796875,0.244140625,-0.4638671875,0.09765625,-0.08544921875,0.09765625,-0.09765625,0.03662109375,-0.93994140625,-0.15869140625,1.0498046875,-0.09765625,-0.15869140625,-0.08544921875,-0.57373046875,-0.1220703125,-0.15869140625,-0.048828125,0.84228515625,-0.13427734375,-0.6103515625,0.048828125,-0.341796875,-0.06103515625,-1.0009765625,-0.3662109375,0.79345703125,0.01220703125,0.08544921875,0.78125,0.2197265625,0.0732421875,-0.5859375,-0.13427734375,-0.08544921875,0.15869140625,-0.28076171875,-0.59814453125,-0.146484375,-0.048828125,-0.7080078125,0.37841796875,-0.42724609375,-0.28076171875,0.5615234375,0.35400390625,1.3671875,-0.13427734375,0.42724609375,0.08544921875,-0.20751953125,-1.0498046875,0.7080078125,0.048828125,0.89111328125,-0.08544921875,0.537109375,-0.08544921875,0.54931640625,0.048828125,0.10986328125,0.10986328125,-0.25634765625,0.25634765625,0.68359375,0.03662109375,0.06103515625,0.01220703125,0.0244140625,0.146484375,0.3173828125,-0.08544921875,0.78125,0.1220703125,-0.03662109375,-0.35400390625,1.28173828125,-0.048828125,-0.87890625,-0.10986328125,-0.3662109375,0.048828125,-1.07421875,0.03662109375,-0.81787109375,-0.01220703125,0.4638671875,0.0244140625,1.42822265625,0.3662109375,6.18896484375,0.0732421875,1.220703125,-0.244140625,-0.6591796875,0.06103515625,-0.6591796875,-0.23193359375,-0.59814453125,0.048828125,-0.03662109375,0.3173828125,0.146484375,0.08544921875,-0.7080078125,-0.09765625,1.7578125,-0.1708984375,1.3427734375,0.06103515625,0.3173828125,-0.0732421875,0,-0.0732421875,0.01220703125,-0.01220703125,0.09765625,0.10986328125,0.4638671875,-0.244140625,1.37939453125,0.08544921875,0.1708984375,-0.13427734375,0.4150390625
0,-0.146484375,-0.42724609375,-0.1220703125,-0.3662109375,0.244140625,-0.439453125,0.09765625,-0.0732421875,0.1220703125,-0.09765625,0.0244140625,-0.927734375,-0.146484375,1.0498046875,-0.1220703125,-0.1708984375,-0.03662109375,-0.5615234375,-0.13427734375,-0.15869140625,0,0.8544921875,-0.10986328125,-0.59814453125,0,-0.35400390625,-0.09765625,-1.0009765625,-0.37841796875,0.7568359375,0.0244140625,0.0732421875,0.81787109375,0.0244140625,0.13427734375,-0.6591796875,-0.146484375,-0.13427734375,0.15869140625,-0.35400390625,-0.537109375,-0.18310546875,-0.08544921875,-0.7080078125,0.30517578125,-0.4638671875,-0.1953125,0.537109375,0.35400390625,1.318359375,-0.1708984375,0.45166015625,0.10986328125,-0.2197265625,-0.9765625,0.7080078125,0.0732421875,0.89111328125,-0.09765625,0.5126953125,-0.10986328125,0.5859375,0.1220703125,0.1220703125,0.13427734375,-0.28076171875,0.20751953125,0.634765625,0.01220703125,0.06103515625,0.0244140625,0.03662109375,0.09765625,0.28076171875,-0.0732421875,0.79345703125,0.13427734375,-0.0244140625,-0.37841796875,1.28173828125,-0.01220703125,-0.927734375,-0.06103515625,-0.37841796875,0.01220703125,-1.07421875,0.0244140625,-0.81787109375,-0.10986328125,0.4150390625,0.03662109375,1.40380859375,0.28076171875,6.11572265625,0,1.1962890625,-0.2197265625,-0.64697265625,0,-0.67138671875,-0.146484375,-0.6103515625,0.10986328125,-0.03662109375,0.32958984375,0.15869140625,0.18310546875,-0.69580078125,-0.0244140625,1.77001953125,-0.15869140625,1.35498046875,0.0732421875,0.3173828125,-0.0732421875,-0.01220703125,-0.0732421875,0.01220703125,-0.03662109375,0.08544921875,0.20751953125,0.40283203125,-0.23193359375,1.33056640625,0.10986328125,0.1220703125,-0.09765625,0.341796875
0,-0.18310546875,-0.42724609375,-0.09765625,-0.341796875,0.244140625,-0.439453125,0.09765625,-0.08544921875,0.1220703125,-0.08544921875,0.03662109375,-0.927734375,-0.13427734375,1.06201171875,-0.08544921875,-0.15869140625,0,-0.5859375,-0.10986328125,-0.1708984375,-0.01220703125,0.830078125,-0.09765625,-0.6103515625,-0.0732421875,-0.3662109375,-0.09765625,-1.01318359375,-0.30517578125,0.67138671875,0.03662109375,0.06103515625,0.84228515625,-0.2197265625,0.18310546875,-0.732421875,-0.18310546875,-0.2197265625,0.146484375,-0.47607421875,-0.4638671875,-0.2197265625,-0.18310546875,-0.72021484375,0.244140625,-0.4638671875,-0.10986328125,0.54931640625,0.32958984375,1.2451171875,-0.1708984375,0.4638671875,0.146484375,-0.20751953125,-0.91552734375,0.7080078125,0.08544921875,0.8544921875,-0.1220703125,0.50048828125,-0.1220703125,0.59814453125,0.0732421875,0.1708984375,0.18310546875,-0.2685546875,0.18310546875,0.64697265625,-0.048828125,0.06103515625,0,0.06103515625,0.01220703125,0.25634765625,-0.0732421875,0.8056640625,0.13427734375,-0.0244140625,-0.32958984375,1.26953125,0,-0.93994140625,-0.01220703125,-0.3662109375,-0.03662109375,-1.07421875,-0.048828125,-0.8056640625,-0.1953125,0.3173828125,0,1.25732421875,0.15869140625,5.77392578125,-0.01220703125,1.06201171875,-0.13427734375,-0.6591796875,-0.03662109375,-0.67138671875,-0.09765625,-0.59814453125,0.146484375,-0.03662109375,0.30517578125,0.20751953125,0.23193359375,-0.68359375,0.048828125,1.8310546875,-0.146484375,1.40380859375,0.048828125,0.32958984375,-0.03662109375,-0.03662109375,-0.06103515625,0.0732421875,-0.0244140625,0.08544921875,0.341796875,0.341796875,-0.20751953125,1.26953125,0.10986328125,0.048828125,-0.0732421875,0.1953125
0,-0.1708984375,-0.42724609375,-0.13427734375,-0.341796875,0.244140625,-0.45166015625,0.1220703125,-0.06103515625,0.1220703125,-0.0732421875,0.03662109375,-0.927734375,-0.10986328125,1.0498046875,-0.048828125,-0.15869140625,0.0244140625,-0.59814453125,-0.09765625,-0.1708984375,0.0244140625,0.830078125,-0.0732421875,-0.62255859375,-0.1220703125,-0.37841796875,-0.10986328125,-1.03759765625,-0.2685546875,0.5859375,0.048828125,0.01220703125,0.830078125,-0.48828125,0.146484375,-0.79345703125,-0.1953125,-0.30517578125,0.09765625,-0.57373046875,-0.37841796875,-0.23193359375,-0.2685546875,-0.69580078125,0.1953125,-0.45166015625,-0.0244140625,0.59814453125,0.244140625,1.220703125,-0.15869140625,0.45166015625,0.23193359375,-0.2197265625,-0.84228515625,0.69580078125,0.06103515625,0.81787109375,-0.09765625,0.5126953125,-0.08544921875,0.6103515625,0.0732421875,0.23193359375,0.1953125,-0.244140625,0.09765625,0.7080078125,-0.09765625,0.08544921875,-0.01220703125,0.0732421875,-0.10986328125,0.23193359375,-0.06103515625,0.78125,0.146484375,-0.03662109375,-0.3173828125,1.2939453125,0.0244140625,-0.98876953125,0.01220703125,-0.35400390625,-0.08544921875,-1.06201171875,-0.0732421875,-0.81787109375,-0.20751953125,0.146484375,-0.06103515625,1.0986328125,0.048828125,5.224609375,-0.0244140625,0.81787109375,-0.03662109375,-0.6591796875,-0.0732421875,-0.68359375,-0.03662109375,-0.59814453125,0.146484375,-0.03662109375,0.25634765625,0.1953125,0.25634765625,-0.69580078125,0.10986328125,1.85546875,-0.146484375,1.416015625,0.06103515625,0.32958984375,-0.01220703125,-0.06103515625,-0.08544921875,0.06103515625,-0.048828125,0.0732421875,0.28076171875,0.28076171875,-0.18310546875,1.18408203125,0.09765625,-0.0732421875,-0.10986328125,0.0244140625
0,-0.1708984375,-0.40283203125,-0.146484375,-0.341796875,0.2685546875,-0.4150390625,0.146484375,-0.0732421875,0.1220703125,-0.0732421875,0.03662109375,-0.91552734375,-0.10986328125,1.06201171875,-0.06103515625,-0.15869140625,0.03662109375,-0.5859375,-0.0244140625,-0.18310546875,0,0.830078125,-0.0244140625,-0.6103515625,-0.18310546875,-0.40283203125,-0.1220703125,-1.07421875,-0.18310546875,0.47607421875,0.0244140625,-0.048828125,0.86669921875,-0.72021484375,0.08544921875,-0.8544921875,-0.2197265625,-0.390625,0.0732421875,-0.67138671875,-0.29296875,-0.28076171875,-0.30517578125,-0.69580078125,0.13427734375,-0.42724609375,0.0732421875,0.62255859375,0.1708984375,1.220703125,-0.13427734375,0.42724609375,0.2685546875,-0.1953125,-0.7080078125,0.69580078125,0.06103515625,0.74462890625,-0.15869140625,0.47607421875,-0.13427734375,0.57373046875,0.048828125,0.3662109375,0.20751953125,-0.1708984375,0.03662109375,0.830078125,-0.1708984375,0.09765625,0.01220703125,0.10986328125,-0.18310546875,0.244140625,-0.06103515625,0.78125,0.13427734375,-0.0244140625,-0.2197265625,1.2939453125,0.0244140625,-1.025390625,0.0244140625,-0.3662109375,-0.18310546875,-1.03759765625,-0.0732421875,-0.830078125,-0.23193359375,-0.08544921875,-0.146484375,0.84228515625,-0.06103515625,4.55322265625,-0.06103515625,0.5126953125,0.048828125,-0.6591796875,-0.08544921875,-0.7080078125,-0.01220703125,-0.59814453125,0.13427734375,-0.048828125,0.15869140625,0.1708984375,0.32958984375,-0.7080078125,0.09765625,1.84326171875,-0.10986328125,1.40380859375,0.048828125,0.3173828125,0.0244140625,-0.0732421875,-0.06103515625,0.06103515625,-0.0244140625,0.09765625,0.28076171875,0.37841796875,-0.15869140625,1.13525390625,0.09765625,-0.13427734375,-0.10986328125,-0.09765625
0,-0.15869140625,-0.40283203125,-0.15869140625,-0.341796875,0.244140625,-0.439453125,0.146484375,-0.08544921875,0.10986328125,-0.0732421875,0.0244140625,-0.91552734375,-0.10986328125,1.07421875,-0.03662109375,-0.15869140625,0.0244140625,-0.59814453125,0.048828125,-0.18310546875,0,0.8544921875,0,-0.59814453125,-0.20751953125,-0.42724609375,-0.09765625,-1.0986328125,-0.06103515625,0.40283203125,-0.06103515625,-0.0732421875,0.732421875,-0.8544921875,0.03662109375,-0.87890625,-0.244140625,-0.4638671875,0.03662109375,-0.72021484375,-0.18310546875,-0.30517578125,-0.28076171875,-0.68359375,0.1220703125,-0.45166015625,0.1220703125,0.67138671875,0.1220703125,1.20849609375,-0.10986328125,0.40283203125,0.25634765625,-0.15869140625,-0.57373046875,0.68359375,0.01220703125,0.7080078125,-0.146484375,0.47607421875,-0.18310546875,0.59814453125,0.0732421875,0.59814453125,0.20751953125,-0.10986328125,0.03662109375,0.927734375,-0.20751953125,0.1220703125,0.06103515625,0.13427734375,-0.1953125,0.28076171875,-0.0732421875,0.79345703125,0.09765625,-0.01220703125,-0.1220703125,1.2939453125,0.0244140625,-1.07421875,0.03662109375,-0.35400390625,-0.2685546875,-1.025390625,-0.0244140625,-0.81787109375,-0.1953125,-0.32958984375,-0.23193359375,0.5615234375,-0.15869140625,3.74755859375,-0.0244140625,0.146484375,0.10986328125,-0.6591796875,-0.08544921875,-0.72021484375,-0.01220703125,-0.6103515625,0.10986328125,-0.0732421875,0.048828125,0.09765625,0.30517578125,-0.76904296875,0.048828125,1.74560546875,-0.146484375,1.3427734375,0.08544921875,0.3173828125,0.0244140625,-0.0732421875,-0.06103515625,0.0732421875,-0.01220703125,0.10986328125,0.244140625,0.6591796875,-0.146484375,1.171875,0.08544921875,-0.1220703125,-0.13427734375,-0.09765625
0,-0.146484375,-0.37841796875,-0.146484375,-0.3662109375,0.23193359375,-0.4638671875,0.1220703125,-0.09765625,0.10986328125,-0.048828125,0.03662109375,-0.9033203125,-0.08544921875,1.07421875,-0.01220703125,-0.1953125,0.03662109375,-0.5615234375,0.1220703125,-0.18310546875,0.01220703125,0.830078125,0.01220703125,-0.5859375,-0.1708984375,-0.45166015625,-0.0732421875,-1.13525390625,0,0.35400390625,-0.1220703125,-0.10986328125,0.7080078125,-0.87890625,0,-0.89111328125,-0.23193359375,-0.50048828125,0.0244140625,-0.732421875,-0.15869140625,-0.30517578125,-0.20751953125,-0.68359375,0.1220703125,-0.439453125,0.146484375,0.7080078125,0,1.20849609375,-0.08544921875,0.40283203125,0.32958984375,-0.13427734375,-0.42724609375,0.67138671875,-0.0244140625,0.69580078125,-0.13427734375,0.4638671875,-0.244140625,0.5859375,0.03662109375,0.927734375,0.15869140625,-0.0244140625,0.048828125,1.03759765625,-0.25634765625,0.146484375,0.0732421875,0.18310546875,-0.20751953125,0.32958984375,-0.1220703125,0.79345703125,0.10986328125,-0.0244140625,-0.03662109375,1.2939453125,0.03662109375,-1.0986328125,0.01220703125,-0.341796875,-0.40283203125,-1.01318359375,-0.0244140625,-0.8056640625,-0.1708984375,-0.634765625,-0.28076171875,0.2685546875,-0.18310546875,2.9052734375,-0.03662109375,-0.244140625,0.18310546875,-0.67138671875,-0.10986328125,-0.7080078125,-0.08544921875,-0.62255859375,0.0732421875,-0.08544921875,-0.0244140625,0,0.30517578125,-0.84228515625,0.09765625,1.5380859375,-0.146484375,1.2451171875,0.09765625,0.3173828125,0.01220703125,-0.048828125,-0.0732421875,0.06103515625,-0.01220703125,0.10986328125,0.25634765625,1.171875,-0.13427734375,1.33056640625,0.09765625,0.03662109375,-0.1220703125,0.1220703125
0,-0.15869140625,-0.37841796875,-0.13427734375,-0.37841796875,0.2197265625,-0.45166015625,0.1220703125,-0.1220703125,0.09765625,-0.048828125,0.03662109375,-0.91552734375,-0.08544921875,1.07421875,-0.06103515625,-0.18310546875,0.06103515625,-0.5615234375,0.146484375,-0.20751953125,-0.01220703125,0.8544921875,-0.01220703125,-0.5859375,-0.09765625,-0.4638671875,-0.0732421875,-1.171875,0.0244140625,0.30517578125,-0.13427734375,-0.1220703125,0.64697265625,-0.78125,-0.01220703125,-0.87890625,-0.2685546875,-0.48828125,-0.01220703125,-0.69580078125,-0.15869140625,-0.29296875,-0.1220703125,-0.67138671875,0.10986328125,-0.4150390625,0.23193359375,0.7568359375,0.01220703125,1.23291015625,-0.048828125,0.390625,0.37841796875,-0.10986328125,-0.29296875,0.68359375,-0.0732421875,0.72021484375,-0.1220703125,0.50048828125,-0.25634765625,0.59814453125,-0.03662109375,1.37939453125,0.13427734375,0.048828125,-0.01220703125,1.13525390625,-0.23193359375,0.15869140625,0.08544921875,0.15869140625,-0.1708984375,0.42724609375,-0.146484375,0.79345703125,0.13427734375,-0.0244140625,0.0244140625,1.318359375,0.06103515625,-1.11083984375,-0.048828125,-0.341796875,-0.5126953125,-0.98876953125,0,-0.8056640625,-0.146484375,-0.927734375,-0.3173828125,0,-0.15869140625,2.06298828125,-0.03662109375,-0.62255859375,0.23193359375,-0.67138671875,-0.09765625,-0.69580078125,-0.146484375,-0.59814453125,0.03662109375,-0.06103515625,-0.06103515625,-0.1220703125,0.244140625,-0.9521484375,0.03662109375,1.20849609375,-0.146484375,1.11083984375,0.0732421875,0.341796875,-0.01220703125,-0.03662109375,-0.0732421875,0.06103515625,0.0244140625,0.1220703125,0.28076171875,1.91650390625,-0.15869140625,1.611328125,0.08544921875,0.32958984375,-0.10986328125,0.48828125
0,-0.15869140625,-0.3662109375,-0.146484375,-0.37841796875,0.2197265625,-0.45166015625,0.1220703125,-0.10986328125,0.09765625,-0.03662109375,0.0732421875,-0.927734375,-0.06103515625,1.0986328125,-0.06103515625,-0.1708984375,0.08544921875,-0.54931640625,0.15869140625,-0.20751953125,-0.06103515625,0.8544921875,-0.08544921875,-0.5859375,-0.048828125,-0.48828125,-0.08544921875,-1.18408203125,0.0244140625,0.30517578125,-0.0732421875,-0.146484375,0.68359375,-0.6103515625,0.01220703125,-0.8544921875,-0.30517578125,-0.47607421875,0.01220703125,-0.62255859375,-0.1953125,-0.28076171875,0.01220703125,-0.6591796875,0.10986328125,-0.4150390625,0.1708984375,0.8056640625,-0.146484375,1.2451171875,-0.0244140625,0.390625,0.37841796875,-0.09765625,-0.2197265625,0.69580078125,-0.13427734375,0.86669921875,-0.1220703125,0.57373046875,-0.23193359375,0.67138671875,-0.13427734375,1.91650390625,0.146484375,0.0732421875,-0.048828125,1.15966796875,-0.15869140625,0.1953125,0.1220703125,0.1708984375,-0.13427734375,0.5126953125,-0.1220703125,0.8056640625,0.18310546875,-0.01220703125,0.06103515625,1.318359375,0.0732421875,-1.11083984375,-0.09765625,-0.341796875,-0.54931640625,-0.98876953125,0.06103515625,-0.8056640625,-0.09765625,-1.171875,-0.3173828125,-0.2685546875,-0.1220703125,1.26953125,-0.03662109375,-0.96435546875,0.244140625,-0.68359375,-0.09765625,-0.72021484375,-0.23193359375,-0.59814453125,0,-0.0732421875,-0.03662109375,-0.28076171875,0.1953125,-1.07421875,-0.048828125,0.79345703125,-0.15869140625,0.96435546875,0.08544921875,0.3662109375,-0.03662109375,-0.0244140625,-0.0732421875,0.03662109375,0.0732421875,0.15869140625,0.15869140625,2.8564453125,-0.13427734375,2.01416015625,0.0732421875,0.732421875,-0.09765625,1.0498046875
0,-0.1708984375,-0.3662109375,-0.146484375,-0.390625,0.2197265625,-0.45166015625,0.10986328125,-0.10986328125,0.0732421875,-0.048828125,0.08544921875,-0.91552734375,-0.06103515625,1.06201171875,-0.048828125,-0.15869140625,0.09765625,-0.537109375,0.1220703125,-0.18310546875,-0.10986328125,0.84228515625,-0.15869140625,-0.59814453125,-0.03662109375,-0.47607421875,-0.146484375,-1.15966796875,-0.0244140625,0.341796875,0.0244140625,-0.146484375,0.76904296875,-0.439453125,0.06103515625,-0.81787109375,-0.244140625,-0.4150390625,0,-0.57373046875,-0.29296875,-0.25634765625,0.09765625,-0.68359375,0.10986328125,-0.40283203125,0.146484375,0.8544921875,-0.13427734375,1.25732421875,-0.03662109375,0.40283203125,0.390625,-0.09765625,-0.13427734375,0.69580078125,-0.146484375,1.025390625,-0.13427734375,0.6591796875,-0.1953125,0.7568359375,-0.08544921875,2.60009765625,0.09765625,0.0732421875,-0.10986328125,1.1474609375,-0.09765625,0.1953125,0.048828125,0.15869140625,-0.10986328125,0.634765625,-0.09765625,0.8056640625,0.23193359375,-0.01220703125,0.048828125,1.2939453125,0.08544921875,-1.08642578125,-0.15869140625,-0.341796875,-0.48828125,-0.98876953125,0.09765625,-0.76904296875,-0.06103515625,-1.4404296875,-0.28076171875,-0.45166015625,-0.06103515625,0.5859375,-0.03662109375,-1.25732421875,0.244140625,-0.68359375,-0.06103515625,-0.68359375,-0.3173828125,-0.59814453125,-0.03662109375,-0.06103515625,-0.01220703125,-0.45166015625,0.13427734375,-1.1962890625,-0.09765625,0.3173828125,-0.146484375,0.8056640625,0.048828125,0.37841796875,-0.048828125,0.0244140625,-0.0732421875,0.03662109375,0.0732421875,0.15869140625,0.0732421875,4.00390625,-0.1220703125,2.50244140625,0.048828125,1.20849609375,-0.13427734375,1.77001953125
0,-0.146484375,-0.35400390625,-0.10986328125,-0.37841796875,0.28076171875,-0.45166015625,0.1220703125,-0.1220703125,0.0732421875,-0.048828125,0.06103515625,-0.927734375,-0.048828125,1.06201171875,-0.06103515625,-0.146484375,0.10986328125,-0.537109375,0.06103515625,-0.18310546875,-0.18310546875,0.8544921875,-0.1953125,-0.5859375,0.01220703125,-0.4638671875,-0.13427734375,-1.13525390625,-0.0244140625,0.37841796875,0.15869140625,-0.1220703125,0.76904296875,-0.25634765625,0.06103515625,-0.76904296875,-0.2685546875,-0.3662109375,-0.01220703125,-0.5126953125,-0.37841796875,-0.244140625,0.15869140625,-0.67138671875,0.06103515625,-0.4150390625,0.13427734375,0.86669921875,-0.10986328125,1.26953125,-0.048828125,0.439453125,0.3662109375,-0.08544921875,-0.06103515625,0.7080078125,-0.244140625,1.30615234375,-0.13427734375,0.8056640625,-0.18310546875,0.87890625,-0.18310546875,3.369140625,0.06103515625,0.03662109375,-0.18310546875,1.0498046875,-0.0732421875,0.1708984375,-0.01220703125,0.1220703125,-0.03662109375,0.732421875,-0.0732421875,0.86669921875,0.29296875,-0.0244140625,0.0244140625,1.28173828125,0.08544921875,-1.0498046875,-0.1708984375,-0.35400390625,-0.35400390625,-1.0009765625,0.1953125,-0.78125,-0.048828125,-1.62353515625,-0.2685546875,-0.6103515625,0.01220703125,0.03662109375,-0.0244140625,-1.45263671875,0.1953125,-0.67138671875,-0.03662109375,-0.69580078125,-0.341796875,-0.6103515625,-0.09765625,-0.0732421875,0.06103515625,-0.59814453125,0.03662109375,-1.3427734375,-0.09765625,-0.18310546875,-0.15869140625,0.634765625,-0.01220703125,0.37841796875,-0.06103515625,0.01220703125,-0.06103515625,0.03662109375,0.06103515625,0.15869140625,0.09765625,5.2490234375,-0.146484375,3.03955078125,0.0244140625,1.77001953125,-0.1708984375,2.5390625
0,-0.15869140625,-0.3662109375,-0.1220703125,-0.37841796875,0.30517578125,-0.45166015625,0.1220703125,-0.1220703125,0.06103515625,-0.06103515625,0.048828125,-0.89111328125,-0.06103515625,1.06201171875,-0.048828125,-0.146484375,0.09765625,-0.54931640625,0.0244140625,-0.15869140625,-0.2685546875,0.8544921875,-0.20751953125,-0.5859375,0.03662109375,-0.45166015625,-0.10986328125,-1.123046875,-0.06103515625,0.4638671875,0.244140625,-0.08544921875,0.81787109375,-0.13427734375,0.09765625,-0.7568359375,-0.23193359375,-0.341796875,0.048828125,-0.50048828125,-0.42724609375,-0.2197265625,0.23193359375,-0.67138671875,0.048828125,-0.4150390625,0.0244140625,0.87890625,-0.15869140625,1.25732421875,-0.06103515625,0.45166015625,0.3662109375,-0.10986328125,-0.01220703125,0.72021484375,-0.244140625,1.55029296875,-0.13427734375,0.9521484375,-0.20751953125,1.03759765625,-0.0732421875,4.150390625,0.048828125,-0.03662109375,-0.1953125,0.96435546875,0.03662109375,0.15869140625,-0.0244140625,0.09765625,-0.0732421875,0.830078125,0.01220703125,0.87890625,0.3173828125,-0.03662109375,0,1.26953125,0.08544921875,-1.01318359375,-0.18310546875,-0.3662109375,-0.1953125,-1.01318359375,0.23193359375,-0.79345703125,0.01220703125,-1.7822265625,-0.23193359375,-0.69580078125,0.03662109375,-0.37841796875,-0.0244140625,-1.59912109375,0.10986328125,-0.64697265625,0.06103515625,-0.67138671875,-0.35400390625,-0.59814453125,-0.13427734375,-0.06103515625,0.15869140625,-0.72021484375,0,-1.45263671875,-0.0732421875,-0.634765625,-0.146484375,0.5126953125,-0.03662109375,0.37841796875,-0.06103515625,0.01220703125,-0.0732421875,0.048828125,0.06103515625,0.15869140625,0.18310546875,6.48193359375,-0.10986328125,3.52783203125,0.03662109375,2.30712890625,-0.15869140625,3.33251953125
0,-0.15869140625,-0.37841796875,-0.10986328125,-0.37841796875,0.3173828125,-0.4150390625,0.10986328125,-0.10986328125,0.08544921875,-0.03662109375,0.03662109375,-0.9033203125,-0.048828125,1.07421875,-0.06103515625,-0.146484375,0.0732421875,-0.5615234375,0.01220703125,-0.15869140625,-0.3173828125,0.84228515625,-0.18310546875,-0.5859375,-0.01220703125,-0.45166015625,-0.09765625,-1.06201171875,-0.09765625,0.48828125,0.2685546875,-0.06103515625,0.7568359375,-0.10986328125,0.1708984375,-0.74462890625,-0.1953125,-0.3173828125,0.08544921875,-0.5126953125,-0.45166015625,-0.20751953125,0.25634765625,-0.68359375,0.03662109375,-0.390625,0.048828125,0.87890625,-0.03662109375,1.2451171875,-0.1220703125,0.4638671875,0.341796875,-0.13427734375,0.03662109375,0.732421875,-0.2197265625,1.81884765625,-0.18310546875,1.123046875,-0.18310546875,1.18408203125,-0.244140625,4.91943359375,0.03662109375,-0.0732421875,-0.25634765625,0.86669921875,0.0732421875,0.15869140625,-0.0732421875,0.0732421875,-0.15869140625,0.91552734375,0.06103515625,0.8544921875,0.30517578125,-0.0244140625,-0.06103515625,1.26953125,0.0732421875,-0.96435546875,-0.15869140625,-0.390625,0,-1.01318359375,0.23193359375,-0.78125,0,-1.89208984375,-0.23193359375,-0.72021484375,0.0732421875,-0.68359375,-0.0244140625,-1.66015625,0.0244140625,-0.67138671875,0.146484375,-0.67138671875,-0.29296875,-0.6103515625,-0.15869140625,-0.048828125,0.23193359375,-0.81787109375,-0.0244140625,-1.5380859375,-0.06103515625,-0.98876953125,-0.13427734375,0.40283203125,-0.06103515625,0.3662109375,-0.06103515625,-0.01220703125,-0.0732421875,0.06103515625,0.03662109375,0.13427734375,0.20751953125,7.5927734375,-0.08544921875,3.955078125,0.0732421875,2.77099609375,-0.15869140625,4.01611328125
0,-0.1220703125,-0.390625,-0.1220703125,-0.37841796875,0.29296875,-0.42724609375,0.13427734375,-0.1220703125,0.09765625,-0.048828125,0,-0.89111328125,-0.0732421875,1.06201171875,-0.09765625,-0.15869140625,0.0244140625,-0.5859375,0.01220703125,-0.15869140625,-0.4150390625,0.84228515625,-0.146484375,-0.59814453125,-0.03662109375,-0.42724609375,-0.0732421875,-1.0498046875,-0.09765625,0.537109375,0.244140625,-0.03662109375,0.634765625,-0.1953125,0.23193359375,-0.7568359375,-0.146484375,-0.32958984375,0.13427734375,-0.5615234375,-0.40283203125,-0.18310546875,0.25634765625,-0.68359375,0.0244140625,-0.42724609375,0.0244140625,0.8544921875,-0.01220703125,1.220703125,-0.13427734375,0.4638671875,0.2685546875,-0.15869140625,0.0732421875,0.72021484375,-0.2197265625,2.05078125,-0.244140625,1.26953125,-0.20751953125,1.318359375,-0.18310546875,5.62744140625,0.0244140625,-0.09765625,-0.29296875,0.830078125,0.048828125,0.146484375,-0.09765625,0.08544921875,-0.18310546875,1.0009765625,0.0732421875,0.9033203125,0.29296875,-0.06103515625,-0.09765625,1.2939453125,0.0732421875,-0.9033203125,-0.09765625,-0.40283203125,0.15869140625,-1.025390625,0.2685546875,-0.79345703125,-0.03662109375,-1.904296875,-0.23193359375,-0.72021484375,0.03662109375,-0.830078125,-0.048828125,-1.67236328125,-0.0732421875,-0.67138671875,0.1953125,-0.67138671875,-0.244140625,-0.6103515625,-0.15869140625,-0.06103515625,0.25634765625,-0.84228515625,0.01220703125,-1.5625,-0.01220703125,-1.1962890625,-0.13427734375,0.3662109375,-0.06103515625,0.35400390625,-0.06103515625,-0.01220703125,-0.0732421875,0.06103515625,0.0244140625,0.09765625,0.10986328125,8.53271484375,-0.08544921875,4.30908203125,0.06103515625,3.11279296875,-0.20751953125,4.57763671875
1,-0.146484375,-0.40283203125,-0.146484375,-0.40283203125,0.3173828125,-0.4150390625,0.10986328125,-0.1220703125,0.08544921875,-0.048828125,-0.01220703125,-0.9033203125,-0.09765625,1.0498046875,-0.08544921875,-0.18310546875,-0.01220703125,-0.5859375,0.0244140625,-0.15869140625,-0.42724609375,0.8544921875,-0.09765625,-0.59814453125,-0.10986328125,-0.4150390625,-0.08544921875,-1.0498046875,-0.0732421875,0.5615234375,0.1953125,-0.01220703125,0.50048828125,-0.3173828125,0.2685546875,-0.79345703125,-0.1220703125,-0.3662109375,0.146484375,-0.62255859375,-0.29296875,-0.18310546875,0.18310546875,-0.69580078125,0.06103515625,-0.439453125,0.06103515625,0.81787109375,0.048828125,1.20849609375,-0.1708984375,0.47607421875,0.1953125,-0.1953125,0.10986328125,0.7080078125,-0.146484375,2.23388671875,-0.244140625,1.416015625,-0.23193359375,1.40380859375,-0.10986328125,6.25,0.0732421875,-0.10986328125,-0.1953125,0.8056640625,0.09765625,0.1708984375,-0.0244140625,0.10986328125,-0.2197265625,1.03759765625,0.09765625,0.9033203125,0.25634765625,-0.048828125,-0.10986328125,1.25732421875,0.0244140625,-0.830078125,-0.03662109375,-0.40283203125,0.2685546875,-1.01318359375,0.244140625,-0.79345703125,-0.01220703125,-1.9287109375,-0.23193359375,-0.68359375,-0.0732421875,-0.9033203125,-0.0732421875,-1.64794921875,-0.13427734375,-0.69580078125,0.20751953125,-0.68359375,-0.1953125,-0.59814453125,-0.18310546875,-0.0732421875,0.23193359375,-0.830078125,0.03662109375,-1.57470703125,-0.03662109375,-1.18408203125,-0.13427734375,0.390625,-0.048828125,0.341796875,-0.03662109375,-0.03662109375,-0.08544921875,0.048828125,0,0.10986328125,0.146484375,9.2529296875,-0.0244140625,4.4921875,0.0732421875,3.30810546875,-0.18310546875,4.9560546875
1,-0.13427734375,-0.40283203125,-0.146484375,-0.390625,0.30517578125,-0.4150390625,0.1220703125,-0.10986328125,0.0732421875,-0.0244140625,-0.0244140625,-0.9033203125,-0.0732421875,1.03759765625,-0.08544921875,-0.1708984375,-0.0732421875,-0.59814453125,0.0244140625,-0.1708984375,-0.4150390625,0.8544921875,-0.0244140625,-0.5859375,-0.20751953125,-0.40283203125,-0.146484375,-1.025390625,-0.0732421875,0.5859375,0.10986328125,-0.01220703125,0.390625,-0.4638671875,0.23193359375,-0.78125,-0.13427734375,-0.37841796875,0.1708984375,-0.68359375,-0.146484375,-0.20751953125,0.1220703125,-0.68359375,0.0732421875,-0.439453125,0.13427734375,0.76904296875,0.08544921875,1.1962890625,-0.1953125,0.439453125,0.08544921875,-0.2197265625,0.13427734375,0.7080078125,-0.09765625,2.3193359375,-0.25634765625,1.513671875,-0.244140625,1.46484375,-0.1953125,6.75048828125,0.09765625,-0.10986328125,-0.15869140625,0.84228515625,0.048828125,0.1953125,0,0.146484375,-0.2197265625,1.03759765625,0.146484375,0.86669921875,0.20751953125,-0.0732421875,-0.13427734375,1.25732421875,0.01220703125,-0.76904296875,0.01220703125,-0.390625,0.3173828125,-1.025390625,0.20751953125,-0.79345703125,-0.03662109375,-1.89208984375,-0.28076171875,-0.67138671875,-0.2197265625,-0.927734375,-0.1220703125,-1.611328125,-0.146484375,-0.69580078125,0.1708984375,-0.7080078125,-0.146484375,-0.59814453125,-0.146484375,-0.06103515625,0.2197265625,-0.732421875,0.06103515625,-1.47705078125,0.08544921875,-0.9521484375,-0.1220703125,0.47607421875,-0.06103515625,0.3173828125,-0.01220703125,-0.048828125,-0.0732421875,0.03662109375,-0.01220703125,0.08544921875,0.13427734375,9.716796875,-0.06103515625,4.541015625,0.0732421875,3.38134765625,-0.2197265625,5.16357421875
1,-0.1220703125,-0.40283203125,-0.15869140625,-0.3662109375,0.30517578125,-0.40283203125,0.13427734375,-0.09765625,0.0732421875,-0.0244140625,-0.03662109375,-0.9033203125,-0.08544921875,1.0498046875,-0.08544921875,-0.1708984375,-0.09765625,-0.6103515625,0.03662109375,-0.18310546875,-0.37841796875,0.8544921875,-0.0244140625,-0.59814453125,-0.29296875,-0.40283203125,-0.2197265625,-1.03759765625,-0.1708984375,0.5859375,0,0,0.37841796875,-0.57373046875,0.23193359375,-0.78125,-0.146484375,-0.4150390625,0.2197265625,-0.7080078125,-0.0732421875,-0.23193359375,0.09765625,-0.67138671875,0.1220703125,-0.42724609375,0.10986328125,0.74462890625,0.06103515625,1.18408203125,-0.20751953125,0.45166015625,-0.0244140625,-0.244140625,0.08544921875,0.68359375,-0.08544921875,2.3681640625,-0.30517578125,1.5625,-0.244140625,1.52587890625,-0.0244140625,7.1044921875,0.10986328125,-0.0244140625,-0.06103515625,0.91552734375,0,0.23193359375,0.06103515625,0.1953125,-0.15869140625,1.01318359375,0.1953125,0.9033203125,0.146484375,-0.0732421875,-0.1953125,1.25732421875,0,-0.72021484375,0.08544921875,-0.40283203125,0.30517578125,-1.01318359375,0.1708984375,-0.8056640625,-0.0244140625,-1.8798828125,-0.3173828125,-0.62255859375,-0.37841796875,-0.86669921875,-0.15869140625,-1.59912109375,-0.1220703125,-0.7080078125,0.1220703125,-0.69580078125,-0.1220703125,-0.6103515625,-0.1220703125,-0.0732421875,0.2197265625,-0.5859375,0.10986328125,-1.3671875,0.1708984375,-0.52490234375,-0.09765625,0.634765625,-0.09765625,0.29296875,0.01220703125,-0.0244140625,-0.0732421875,0.0244140625,0,0.0732421875,0.23193359375,9.92431640625,-0.06103515625,4.5166015625,0.06103515625,3.33251953125,-0.23193359375,5.2001953125
1,-0.1220703125,-0.40283203125,-0.146484375,-0.37841796875,0.32958984375,-0.4150390625,0.13427734375,-0.08544921875,0.03662109375,-0.01220703125,-0.03662109375,-0.9033203125,-0.06103515625,1.07421875,-0.048828125,-0.18310546875,-0.1220703125,-0.634765625,0.01220703125,-0.18310546875,-0.28076171875,0.830078125,-0.0732421875,-0.59814453125,-0.341796875,-0.390625,-0.20751953125,-1.03759765625,-0.1953125,0.5859375,0,0.0244140625,0.32958984375,-0.6103515625,0.20751953125,-0.76904296875,-0.15869140625,-0.42724609375,0.25634765625,-0.7080078125,0,-0.25634765625,0.0732421875,-0.68359375,0.2197265625,-0.42724609375,0.146484375,0.732421875,0.09765625,1.20849609375,-0.15869140625,0.439453125,-0.09765625,-0.2685546875,0,0.69580078125,-0.048828125,2.392578125,-0.29296875,1.5869140625,-0.244140625,1.5380859375,0.1220703125,7.32421875,0.1220703125,0.08544921875,0.06103515625,1.025390625,0.0244140625,0.29296875,0.18310546875,0.28076171875,-0.048828125,0.9765625,0.1953125,0.84228515625,0.0732421875,-0.08544921875,-0.1953125,1.26953125,-0.0244140625,-0.6591796875,0.1220703125,-0.4150390625,0.244140625,-1.03759765625,0.1708984375,-0.79345703125,0,-1.86767578125,-0.30517578125,-0.62255859375,-0.42724609375,-0.81787109375,-0.1220703125,-1.5869140625,-0.06103515625,-0.732421875,0.08544921875,-0.7080078125,-0.1220703125,-0.62255859375,-0.09765625,-0.06103515625,0.20751953125,-0.3662109375,0.1220703125,-1.1962890625,0.146484375,0.06103515625,-0.0732421875,0.830078125,-0.10986328125,0.29296875,0.01220703125,-0.0244140625,-0.06103515625,0,0.01220703125,0.09765625,0.18310546875,9.87548828125,-0.048828125,4.40673828125,0.08544921875,3.22265625,-0.23193359375,5.078125
1,-0.09765625,-0.4150390625,-0.146484375,-0.37841796875,0.341796875,-0.40283203125,0.1220703125,-0.08544921875,-0.0244140625,-0.03662109375,0,-0.9033203125,-0.048828125,1.06201171875,-0.06103515625,-0.1953125,-0.0732421875,-0.6103515625,0.01220703125,-0.2197265625,-0.23193359375,0.830078125,-0.1220703125,-0.57373046875,-0.341796875,-0.3662109375,-0.20751953125,-1.06201171875,-0.15869140625,0.59814453125,-0.01220703125,0.0244140625,0.25634765625,-0.62255859375,0.1708984375,-0.732421875,-0.20751953125,-0.45166015625,0.25634765625,-0.6591796875,0,-0.29296875,0.08544921875,-0.68359375,0.341796875,-0.4150390625,0.146484375,0.7080078125,0.0244140625,1.23291015625,-0.06103515625,0.42724609375,-0.15869140625,-0.244140625,-0.13427734375,0.69580078125,-0.0732421875,2.34375,-0.28076171875,1.5625,-0.25634765625,1.52587890625,0.0732421875,7.373046875,0.08544921875,0.1708984375,0.1220703125,1.123046875,-0.06103515625,0.32958984375,0.20751953125,0.341796875,0.06103515625,0.93994140625,0.15869140625,0.81787109375,0.0244140625,-0.06103515625,-0.146484375,1.26953125,0,-0.62255859375,0.1708984375,-0.40283203125,0.1708984375,-1.01318359375,0.1953125,-0.8056640625,-0.0244140625,-1.84326171875,-0.29296875,-0.62255859375,-0.439453125,-0.79345703125,-0.09765625,-1.57470703125,0.01220703125,-0.732421875,0.0244140625,-0.7080078125,-0.15869140625,-0.59814453125,-0.06103515625,-0.048828125,0.1953125,-0.13427734375,0.10986328125,-0.9521484375,0.06103515625,0.76904296875,-0.03662109375,1.0498046875,-0.09765625,0.30517578125,0.01220703125,-0.01220703125,-0.0732421875,0,0.01220703125,0.10986328125,0.08544921875,9.63134765625,-0.03662109375,4.26025390625,0.0732421875,3.0517578125,-0.244140625,4.9072265625
1,-0.146484375,-0.390625,-0.15869140625,-0.37841796875,0.30517578125,-0.4150390625,0.10986328125,-0.0732421875,-0.048828125,-0.048828125,0.01220703125,-0.89111328125,-0.06103515625,1.06201171875,-0.048828125,-0.1953125,-0.048828125,-0.59814453125,0.048828125,-0.2197265625,-0.18310546875,0.8544921875,-0.15869140625,-0.5615234375,-0.341796875,-0.35400390625,-0.1953125,-1.06201171875,-0.146484375,0.59814453125,-0.0244140625,0.03662109375,0.35400390625,-0.52490234375,0.10986328125,-0.7080078125,-0.20751953125,-0.439453125,0.2197265625,-0.59814453125,-0.01220703125,-0.29296875,0.09765625,-0.68359375,0.37841796875,-0.42724609375,0.18310546875,0.72021484375,0.06103515625,1.28173828125,0,0.4150390625,-0.1708984375,-0.244140625,-0.244140625,0.69580078125,-0.13427734375,2.294921875,-0.244140625,1.513671875,-0.25634765625,1.4892578125,0.1953125,7.32421875,0.01220703125,0.25634765625,0.1708984375,1.23291015625,-0.03662109375,0.341796875,0.23193359375,0.37841796875,0.1708984375,0.86669921875,0.10986328125,0.8056640625,-0.0244140625,-0.03662109375,-0.13427734375,1.26953125,0.03662109375,-0.5615234375,0.1708984375,-0.37841796875,0.048828125,-1.01318359375,0.25634765625,-0.8056640625,-0.0244140625,-1.81884765625,-0.244140625,-0.62255859375,-0.4150390625,-0.78125,-0.048828125,-1.5869140625,0.09765625,-0.72021484375,-0.03662109375,-0.732421875,-0.20751953125,-0.5859375,-0.03662109375,-0.048828125,0.146484375,0.1220703125,0.0732421875,-0.72021484375,0.10986328125,1.5380859375,0.01220703125,1.33056640625,-0.0732421875,0.30517578125,0.03662109375,0,-0.08544921875,-0.03662109375,0.01220703125,0.13427734375,0.0244140625,9.21630859375,-0.0244140625,4.08935546875,0.0732421875,2.8564453125,-0.244140625,4.67529296875
1,-0.146484375,-0.3662109375,-0.146484375,-0.390625,0.30517578125,-0.42724609375,0.08544921875,-0.08544921875,-0.03662109375,-0.06103515625,0.03662109375,-0.9033203125,-0.03662109375,1.06201171875,-0.048828125,-0.1953125,0.048828125,-0.5859375,0.0244140625,-0.2197265625,-0.146484375,0.8544921875,-0.1708984375,-0.57373046875,-0.35400390625,-0.32958984375,-0.15869140625,-1.06201171875,-0.1708984375,0.62255859375,-0.01220703125,0.03662109375,0.3662109375,-0.390625,0.09765625,-0.6591796875,-0.18310546875,-0.37841796875,0.15869140625,-0.52490234375,-0.06103515625,-0.30517578125,0.08544921875,-0.69580078125,0.45166015625,-0.42724609375,0.28076171875,0.7568359375,0.0732421875,1.3427734375,0.048828125,0.439453125,-0.1708984375,-0.244140625,-0.3173828125,0.69580078125,-0.18310546875,2.23388671875,-0.18310546875,1.45263671875,-0.2685546875,1.45263671875,0.10986328125,7.16552734375,-0.0244140625,0.32958984375,0.18310546875,1.30615234375,-0.01220703125,0.3662109375,0.244140625,0.40283203125,0.2197265625,0.81787109375,0.048828125,0.76904296875,-0.0244140625,-0.048828125,-0.09765625,1.26953125,0.08544921875,-0.5615234375,0.1708984375,-0.37841796875,-0.06103515625,-1.01318359375,0.29296875,-0.79345703125,-0.0732421875,-1.81884765625,-0.15869140625,-0.64697265625,-0.3173828125,-0.74462890625,0,-1.5869140625,0.146484375,-0.72021484375,-0.0732421875,-0.69580078125,-0.29296875,-0.59814453125,-0.0244140625,-0.048828125,0.1220703125,0.37841796875,0.048828125,-0.47607421875,0.0244140625,2.28271484375,0.08544921875,1.57470703125,-0.0244140625,0.32958984375,0.0244140625,-0.0244140625,-0.0732421875,-0.048828125,0.0244140625,0.146484375,-0.01220703125,8.67919921875,-0.01220703125,3.91845703125,0.0732421875,2.69775390625,-0.23193359375,4.40673828125
1,-0.15869140625,-0.37841796875,-0.15869140625,-0.390625,0.2685546875,-0.40283203125,0.0732421875,-0.09765625,-0.048828125,-0.0244140625,-0.01220703125,-0.89111328125,-0.01220703125,1.07421875,-0.03662109375,-0.18310546875,0.146484375,-0.57373046875,-0.03662109375,-0.1953125,-0.1708984375,0.8544921875,-0.1708984375,-0.5615234375,-0.3173828125,-0.3173828125,-0.18310546875,-1.06201171875,-0.06103515625,0.634765625,-0.048828125,0.048828125,0.35400390625,-0.2685546875,0.0244140625,-0.6103515625,-0.18310546875,-0.341796875,0.08544921875,-0.45166015625,-0.08544921875,-0.2685546875,0.0732421875,-0.68359375,0.42724609375,-0.45166015625,0.3173828125,0.79345703125,0.03662109375,1.3671875,0.06103515625,0.45166015625,-0.2197265625,-0.23193359375,-0.42724609375,0.7080078125,-0.244140625,2.1728515625,-0.13427734375,1.37939453125,-0.20751953125,1.416015625,0.09765625,6.8603515625,0,0.3662109375,0.20751953125,1.3427734375,0.03662109375,0.37841796875,0.244140625,0.40283203125,0.2197265625,0.7568359375,-0.01220703125,0.7568359375,0,-0.048828125,-0.09765625,1.28173828125,0.13427734375,-0.5859375,0.13427734375,-0.37841796875,-0.10986328125,-1.01318359375,0.28076171875,-0.830078125,-0.1220703125,-1.8310546875,-0.10986328125,-0.68359375,-0.2197265625,-0.74462890625,0.01220703125,-1.611328125,0.18310546875,-0.732421875,-0.08544921875,-0.68359375,-0.3662109375,-0.62255859375,-0.03662109375,-0.03662109375,0.06103515625,0.5859375,-0.03662109375,-0.28076171875,-0.09765625,2.91748046875,0.08544921875,1.81884765625,-0.03662109375,0.341796875,0.03662109375,-0.01220703125,-0.0732421875,-0.0732421875,0.03662109375,0.18310546875,-0.01220703125,8.0810546875,0.01220703125,3.759765625,0.10986328125,2.52685546875,-0.244140625,4.13818359375
1,-0.15869140625,-0.37841796875,-0.15869140625,-0.390625,0.28076171875,-0.40283203125,0.06103515625,-0.10986328125,-0.0244140625,-0.048828125,-0.06103515625,-0.9033203125,0,1.06201171875,-0.03662109375,-0.1708984375,0.2197265625,-0.5615234375,-0.0732421875,-0.18310546875,-0.2197265625,0.86669921875,-0.146484375,-0.57373046875,-0.25634765625,-0.3173828125,-0.146484375,-1.0498046875,-0.06103515625,0.634765625,-0.08544921875,0.048828125,0.40283203125,-0.13427734375,0,-0.634765625,-0.1708984375,-0.2685546875,0.03662109375,-0.439453125,-0.146484375,-0.244140625,0.0244140625,-0.69580078125,0.42724609375,-0.42724609375,0.29296875,0.84228515625,0.06103515625,1.37939453125,0.0732421875,0.45166015625,-0.23193359375,-0.23193359375,-0.48828125,0.72021484375,-0.29296875,2.08740234375,-0.09765625,1.28173828125,-0.1953125,1.3427734375,0.10986328125,6.50634765625,0,0.390625,0.2197265625,1.30615234375,0.09765625,0.3662109375,0.23193359375,0.390625,0.2197265625,0.72021484375,-0.06103515625,0.78125,0.06103515625,-0.06103515625,-0.1220703125,1.26953125,0.1220703125,-0.5859375,0.13427734375,-0.37841796875,-0.15869140625,-1.025390625,0.2685546875,-0.8056640625,-0.10986328125,-1.84326171875,-0.0732421875,-0.7080078125,-0.1220703125,-0.732421875,0.0244140625,-1.62353515625,0.146484375,-0.732421875,-0.08544921875,-0.69580078125,-0.4638671875,-0.59814453125,-0.048828125,-0.048828125,0.0244140625,0.78125,-0.08544921875,-0.10986328125,-0.146484375,3.45458984375,0.1220703125,2.01416015625,-0.06103515625,0.341796875,0.0732421875,0,-0.0732421875,-0.06103515625,0.048828125,0.1708984375,0.03662109375,7.4462890625,0,3.62548828125,0.09765625,2.40478515625,-0.244140625,3.90625
1,-0.146484375,-0.40283203125,-0.15869140625,-0.390625,0.2685546875,-0.4150390625,0.048828125,-0.1220703125,-0.0244140625,-0.03662109375,-0.08544921875,-0.91552734375,0.03662109375,1.07421875,-0.048828125,-0.146484375,0.28076171875,-0.5615234375,-0.146484375,-0.18310546875,-0.2685546875,0.89111328125,-0.13427734375,-0.5859375,-0.20751953125,-0.3173828125,-0.10986328125,-1.0498046875,0.01220703125,0.634765625,-0.146484375,0.048828125,0.45166015625,-0.048828125,0.01220703125,-0.67138671875,-0.244140625,-0.25634765625,-0.03662109375,-0.45166015625,-0.18310546875,-0.2197265625,0.0244140625,-0.69580078125,0.390625,-0.4150390625,0.341796875,0.87890625,0.0244140625,1.3671875,0.06103515625,0.45166015625,-0.2197265625,-0.20751953125,-0.57373046875,0.7080078125,-0.30517578125,2.03857421875,-0.06103515625,1.23291015625,-0.13427734375,1.26953125,0.0732421875,6.06689453125,0.048828125,0.3662109375,0.2197265625,1.23291015625,0.15869140625,0.32958984375,0.1953125,0.37841796875,0.25634765625,0.68359375,-0.10986328125,0.7568359375,0.146484375,-0.048828125,-0.15869140625,1.28173828125,0.09765625,-0.6103515625,0.13427734375,-0.341796875,-0.146484375,-1.0009765625,0.20751953125,-0.8056640625,-0.06103515625,-1.81884765625,-0.03662109375,-0.732421875,-0.01220703125,-0.7080078125,0.048828125,-1.611328125,0.10986328125,-0.7080078125,-0.0244140625,-0.67138671875,-0.50048828125,-0.5859375,-0.048828125,-0.048828125,0,0.89111328125,-0.15869140625,0,-0.244140625,3.77197265625,0.08544921875,2.1484375,-0.08544921875,0.341796875,0.06103515625,0,-0.0732421875,-0.048828125,0.0244140625,0.18310546875,0.01220703125,6.8359375,0.01220703125,3.50341796875,0.10986328125,2.28271484375,-0.2685546875,3.662109375
1,-0.15869140625,-0.4150390625,-0.1953125,-0.3662109375,0.244140625,-0.42724609375,0.03662109375,-0.1220703125,0,-0.0244140625,-0.09765625,-0.91552734375,0.01220703125,1.06201171875,-0.06103515625,-0.13427734375,0.3173828125,-0.5615234375,-0.1708984375,-0.1708984375,-0.3662109375,0.87890625,-0.13427734375,-0.59814453125,-0.1220703125,-0.35400390625,-0.0732421875,-1.07421875,0.048828125,0.64697265625,-0.1953125,0.01220703125,0.45166015625,-0.048828125,0.146484375,-0.7568359375,-0.25634765625,-0.28076171875,-0.0244140625,-0.52490234375,-0.15869140625,-0.2197265625,0.03662109375,-0.69580078125,0.35400390625,-0.40283203125,0.25634765625,0.89111328125,0.09765625,1.35498046875,0.08544921875,0.439453125,-0.23193359375,-0.2197265625,-0.64697265625,0.7080078125,-0.29296875,1.9775390625,-0.06103515625,1.1474609375,-0.1708984375,1.18408203125,0.09765625,5.6640625,0.1220703125,0.3173828125,0.13427734375,1.13525390625,0.1708984375,0.28076171875,0.15869140625,0.3173828125,0.2685546875,0.634765625,-0.13427734375,0.79345703125,0.20751953125,-0.048828125,-0.1708984375,1.26953125,0.0732421875,-0.6591796875,0.09765625,-0.35400390625,-0.146484375,-1.01318359375,0.13427734375,-0.8056640625,-0.06103515625,-1.84326171875,-0.0732421875,-0.72021484375,0.13427734375,-0.69580078125,0.03662109375,-1.59912109375,0.0732421875,-0.69580078125,0,-0.6591796875,-0.5126953125,-0.62255859375,-0.08544921875,-0.06103515625,0,0.96435546875,-0.244140625,0.0732421875,-0.32958984375,3.94287109375,0.08544921875,2.20947265625,-0.08544921875,0.341796875,0.06103515625,-0.01220703125,-0.06103515625,-0.048828125,0.0244140625,0.15869140625,-0.048828125,6.298828125,0.0244140625,3.35693359375,0.10986328125,2.1728515625,-0.28076171875,3.4423828125
1,-0.13427734375,-0.439453125,-0.20751953125,-0.37841796875,0.20751953125,-0.42724609375,0.01220703125,-0.10986328125,0,-0.048828125,-0.13427734375,-0.927734375,0.0244140625,1.06201171875,-0.06103515625,-0.10986328125,0.32958984375,-0.57373046875,-0.13427734375,-0.15869140625,-0.37841796875,0.87890625,-0.13427734375,-0.5859375,-0.0732421875,-0.37841796875,-0.03662109375,-1.06201171875,0.146484375,0.6591796875,-0.20751953125,0.01220703125,0.37841796875,-0.08544921875,0.35400390625,-0.830078125,-0.29296875,-0.30517578125,-0.01220703125,-0.59814453125,-0.1953125,-0.1953125,0,-0.68359375,0.32958984375,-0.40283203125,0.2685546875,0.86669921875,0.2197265625,1.30615234375,0.06103515625,0.439453125,-0.2197265625,-0.20751953125,-0.732421875,0.69580078125,-0.25634765625,1.91650390625,-0.03662109375,1.0986328125,-0.1953125,1.08642578125,0.23193359375,5.23681640625,0.146484375,0.244140625,0.048828125,1.0498046875,0.1708984375,0.2685546875,0.09765625,0.28076171875,0.20751953125,0.634765625,-0.146484375,0.79345703125,0.244140625,-0.048828125,-0.1953125,1.26953125,0.01220703125,-0.7080078125,0.03662109375,-0.35400390625,-0.13427734375,-1.03759765625,0.13427734375,-0.78125,-0.0244140625,-1.81884765625,-0.10986328125,-0.69580078125,0.20751953125,-0.69580078125,0.03662109375,-1.57470703125,0.03662109375,-0.68359375,0.03662109375,-0.6591796875,-0.50048828125,-0.64697265625,-0.146484375,-0.08544921875,0.03662109375,0.9521484375,-0.25634765625,0.0244140625,-0.3662109375,3.86962890625,0.0732421875,2.18505859375,-0.10986328125,0.32958984375,0.0244140625,-0.0244140625,-0.08544921875,-0.03662109375,-0.01220703125,0.15869140625,-0.08544921875,5.8349609375,0.03662109375,3.22265625,0.09765625,2.03857421875,-0.28076171875,3.2470703125
1,-0.13427734375,-0.439453125,-0.1953125,-0.3662109375,0.1708984375,-0.45166015625,0,-0.1220703125,-0.0244140625,-0.048828125,-0.13427734375,-0.91552734375,0,1.0498046875,-0.06103515625,-0.1220703125,0.30517578125,-0.5859375,-0.1708984375,-0.15869140625,-0.3662109375,0.87890625,-0.1708984375,-0.59814453125,-0.01220703125,-0.40283203125,-0.0244140625,-1.07421875,0.2685546875,0.7080078125,-0.20751953125,0,0.244140625,-0.13427734375,0.45166015625,-0.9033203125,-0.341796875,-0.35400390625,-0.048828125,-0.69580078125,-0.1708984375,-0.18310546875,0.01220703125,-0.68359375,0.29296875,-0.42724609375,0.244140625,0.830078125,0.28076171875,1.26953125,0.048828125,0.439453125,-0.18310546875,-0.20751953125,-0.8056640625,0.72021484375,-0.20751953125,1.86767578125,-0.03662109375,1.0498046875,-0.29296875,0.9765625,0.13427734375,4.91943359375,0.18310546875,0.18310546875,0.01220703125,0.96435546875,0.15869140625,0.244140625,0.048828125,0.244140625,0.15869140625,0.6591796875,-0.1953125,0.8056640625,0.2685546875,-0.03662109375,-0.23193359375,1.28173828125,-0.03662109375,-0.74462890625,-0.03662109375,-0.35400390625,-0.1220703125,-1.06201171875,0.13427734375,-0.78125,0.03662109375,-1.81884765625,-0.13427734375,-0.68359375,0.32958984375,-0.68359375,0.03662109375,-1.5625,0,-0.69580078125,0.048828125,-0.64697265625,-0.47607421875,-0.64697265625,-0.18310546875,-0.08544921875,0.09765625,0.8544921875,-0.244140625,-0.03662109375,-0.37841796875,3.64990234375,0.048828125,2.1240234375,-0.10986328125,0.3173828125,0.0244140625,-0.0244140625,-0.08544921875,-0.03662109375,-0.03662109375,0.13427734375,-0.09765625,5.46875,0.0732421875,3.1005859375,0.09765625,1.89208984375,-0.23193359375,3.0517578125
0,-0.10986328125,-0.42724609375,-0.1953125,-0.37841796875,0.146484375,-0.439453125,0,-0.08544921875,-0.01220703125,-0.03662109375,-0.146484375,-0.9033203125,0.0244140625,1.06201171875,-0.0732421875,-0.15869140625,0.25634765625,-0.5859375,-0.1953125,-0.13427734375,-0.35400390625,0.87890625,-0.18310546875,-0.59814453125,0.01220703125,-0.40283203125,-0.048828125,-1.08642578125,0.244140625,0.830078125,-0.15869140625,-0.0244140625,0.20751953125,-0.10986328125,0.52490234375,-0.93994140625,-0.3662109375,-0.35400390625,-0.03662109375,-0.732421875,-0.20751953125,-0.1953125,-0.0244140625,-0.68359375,0.23193359375,-0.4150390625,0.244140625,0.7568359375,0.35400390625,1.220703125,0.03662109375,0.40283203125,-0.15869140625,-0.244140625,-0.8056640625,0.69580078125,-0.1220703125,1.81884765625,-0.048828125,1.01318359375,-0.341796875,0.91552734375,0.13427734375,4.65087890625,0.23193359375,0.15869140625,-0.01220703125,0.91552734375,0.10986328125,0.23193359375,0.01220703125,0.2197265625,0.0732421875,0.6591796875,-0.23193359375,0.84228515625,0.2685546875,-0.0244140625,-0.244140625,1.2939453125,-0.06103515625,-0.830078125,-0.1220703125,-0.3662109375,-0.1220703125,-1.06201171875,0.1708984375,-0.78125,0.1220703125,-1.79443359375,-0.1953125,-0.6591796875,0.390625,-0.68359375,0.048828125,-1.52587890625,-0.048828125,-0.72021484375,0.0244140625,-0.6591796875,-0.4150390625,-0.6591796875,-0.1953125,-0.10986328125,0.09765625,0.69580078125,-0.2197265625,-0.1953125,-0.341796875,3.271484375,0.06103515625,1.98974609375,-0.08544921875,0.30517578125,0,-0.01220703125,-0.0732421875,-0.01220703125,-0.01220703125,0.146484375,-0.09765625,5.17578125,0.08544921875,2.9541015625,0.0732421875,1.7578125,-0.20751953125,2.83203125
0,-0.13427734375,-0.42724609375,-0.15869140625,-0.3662109375,0.13427734375,-0.42724609375,0,-0.09765625,-0.0244140625,-0.0244140625,-0.146484375,-0.927734375,0.0244140625,1.06201171875,-0.09765625,-0.1708984375,0.23193359375,-0.59814453125,-0.2197265625,-0.15869140625,-0.28076171875,0.86669921875,-0.18310546875,-0.59814453125,0.0244140625,-0.390625,-0.06103515625,-1.06201171875,0.23193359375,1.06201171875,-0.146484375,0.01220703125,0.1220703125,0.06103515625,0.5615234375,-0.91552734375,-0.4150390625,-0.35400390625,-0.01220703125,-0.72021484375,-0.20751953125,-0.2197265625,-0.048828125,-0.68359375,0.18310546875,-0.40283203125,0.15869140625,0.68359375,0.32958984375,1.15966796875,-0.01220703125,0.40283203125,-0.13427734375,-0.244140625,-0.78125,0.7080078125,-0.08544921875,1.77001953125,-0.08544921875,0.98876953125,-0.45166015625,0.84228515625,0.03662109375,4.4677734375,0.23193359375,0.146484375,-0.1220703125,0.89111328125,0.06103515625,0.23193359375,-0.0244140625,0.20751953125,0.01220703125,0.68359375,-0.2197265625,0.830078125,0.29296875,-0.01220703125,-0.1953125,1.30615234375,-0.0732421875,-0.87890625,-0.1708984375,-0.3662109375,-0.08544921875,-1.06201171875,0.25634765625,-0.8056640625,0.15869140625,-1.7578125,-0.244140625,-0.6103515625,0.40283203125,-0.67138671875,0.03662109375,-1.5380859375,-0.10986328125,-0.68359375,0.0244140625,-0.69580078125,-0.341796875,-0.6591796875,-0.1953125,-0.10986328125,0.13427734375,0.52490234375,-0.10986328125,-0.37841796875,-0.30517578125,2.8076171875,0.0732421875,1.7822265625,-0.09765625,0.30517578125,-0.0244140625,-0.0244140625,-0.0732421875,-0.01220703125,-0.048828125,0.15869140625,-0.08544921875,4.931640625,0.09765625,2.83203125,0.06103515625,1.5869140625,-0.1953125,2.62451171875
0,-0.13427734375,-0.439453125,-0.146484375,-0.390625,0.15869140625,-0.45166015625,-0.03662109375,-0.09765625,-0.048828125,-0.048828125,-0.146484375,-0.91552734375,0.03662109375,1.0498046875,-0.08544921875,-0.1953125,0.15869140625,-0.5859375,-0.244140625,-0.1708984375,-0.20751953125,0.86669921875,-0.20751953125,-0.5859375,0.0244140625,-0.341796875,-0.06103515625,-1.025390625,0.0732421875,1.3916015625,-0.10986328125,0.06103515625,0.06103515625,0.40283203125,0.52490234375,-0.84228515625,-0.45166015625,-0.28076171875,0.0244140625,-0.59814453125,-0.1953125,-0.2685546875,-0.0732421875,-0.7080078125,0.15869140625,-0.40283203125,0.146484375,0.5859375,0.30517578125,1.13525390625,0,0.40283203125,-0.13427734375,-0.244140625,-0.74462890625,0.7080078125,-0.048828125,1.7333984375,-0.1220703125,0.9765625,-0.439453125,0.830078125,-0.0244140625,4.3701171875,0.29296875,0.13427734375,-0.1708984375,0.91552734375,0,0.244140625,-0.01220703125,0.20751953125,-0.06103515625,0.68359375,-0.23193359375,0.830078125,0.2685546875,-0.01220703125,-0.15869140625,1.30615234375,-0.048828125,-0.927734375,-0.244140625,-0.341796875,-0.03662109375,-1.0498046875,0.2685546875,-0.79345703125,0.2197265625,-1.72119140625,-0.244140625,-0.59814453125,0.45166015625,-0.68359375,0.03662109375,-1.52587890625,-0.146484375,-0.7080078125,-0.01220703125,-0.69580078125,-0.28076171875,-0.6591796875,-0.13427734375,-0.10986328125,0.1953125,0.29296875,-0.03662109375,-0.5615234375,-0.28076171875,2.294921875,0.08544921875,1.5869140625,-0.0732421875,0.30517578125,-0.03662109375,-0.0244140625,-0.0732421875,0.01220703125,-0.0244140625,0.146484375,-0.09765625,4.6630859375,0.0732421875,2.6611328125,0.0732421875,1.42822265625,-0.18310546875,2.40478515625
0,-0.146484375,-0.4150390625,-0.146484375,-0.4150390625,0.18310546875,-0.45166015625,-0.0244140625,-0.09765625,-0.0732421875,-0.06103515625,-0.15869140625,-0.91552734375,0.01220703125,1.0498046875,-0.09765625,-0.2197265625,0.09765625,-0.5859375,-0.23193359375,-0.18310546875,-0.1708984375,0.86669921875,-0.244140625,-0.5859375,-0.06103515625,-0.244140625,-0.03662109375,-0.9521484375,0,1.85546875,-0.09765625,0.15869140625,0.0732421875,0.93994140625,0.54931640625,-0.64697265625,-0.45166015625,-0.13427734375,0.0732421875,-0.40283203125,-0.13427734375,-0.25634765625,-0.13427734375,-0.72021484375,0.15869140625,-0.40283203125,0.146484375,0.5126953125,0.341796875,1.123046875,-0.03662109375,0.40283203125,-0.1220703125,-0.244140625,-0.69580078125,0.7080078125,-0.03662109375,1.66015625,-0.13427734375,0.9521484375,-0.4638671875,0.81787109375,-0.13427734375,4.26025390625,0.2685546875,0.13427734375,-0.23193359375,0.9521484375,-0.0732421875,0.2685546875,-0.03662109375,0.2197265625,-0.09765625,0.68359375,-0.2197265625,0.830078125,0.23193359375,0,-0.09765625,1.30615234375,0,-0.9765625,-0.244140625,-0.35400390625,0,-1.025390625,0.28076171875,-0.79345703125,0.2197265625,-1.72119140625,-0.25634765625,-0.5615234375,0.42724609375,-0.69580078125,-0.01220703125,-1.5380859375,-0.146484375,-0.69580078125,-0.0244140625,-0.7080078125,-0.25634765625,-0.62255859375,-0.09765625,-0.13427734375,0.23193359375,0.10986328125,0.0732421875,-0.76904296875,-0.2197265625,1.77001953125,0.0732421875,1.3671875,-0.06103515625,0.30517578125,-0.06103515625,-0.03662109375,-0.0732421875,0.0244140625,-0.0244140625,0.1708984375,-0.10986328125,4.345703125,0.08544921875,2.52685546875,0.0732421875,1.2451171875,-0.2197265625,2.18505859375
0,-0.146484375,-0.439453125,-0.146484375,-0.42724609375,0.18310546875,-0.45166015625,-0.048828125,-0.08544921875,-0.08544921875,-0.0732421875,-0.18310546875,-0.9033203125,0,1.03759765625,-0.10986328125,-0.20751953125,0.0732421875,-0.5859375,-0.2197265625,-0.2197265625,-0.10986328125,0.87890625,-0.23193359375,-0.5859375,-0.1220703125,-0.09765625,0.01220703125,-0.84228515625,-0.1220703125,2.4169921875,-0.10986328125,0.2685546875,-0.08544921875,1.69677734375,0.48828125,-0.37841796875,-0.47607421875,0.08544921875,0.10986328125,-0.09765625,-0.10986328125,-0.25634765625,-0.15869140625,-0.7080078125,0.15869140625,-0.4150390625,0.1708984375,0.45166015625,0.244140625,1.1474609375,-0.01220703125,0.439453125,-0.09765625,-0.23193359375,-0.634765625,0.72021484375,-0.0244140625,1.611328125,-0.146484375,0.93994140625,-0.48828125,0.81787109375,-0.28076171875,4.11376953125,0.23193359375,0.15869140625,-0.29296875,0.98876953125,-0.1708984375,0.25634765625,-0.06103515625,0.2197265625,-0.10986328125,0.634765625,-0.2685546875,0.84228515625,0.18310546875,0.0244140625,0.03662109375,1.2939453125,0.048828125,-1.0009765625,-0.25634765625,-0.3662109375,0.06103515625,-1.0009765625,0.29296875,-0.81787109375,0.13427734375,-1.6845703125,-0.2685546875,-0.5615234375,0.35400390625,-0.69580078125,-0.0732421875,-1.5380859375,-0.1220703125,-0.7080078125,-0.0732421875,-0.7080078125,-0.2197265625,-0.6103515625,-0.01220703125,-0.09765625,0.2685546875,-0.09765625,0.20751953125,-0.93994140625,-0.15869140625,1.2451171875,0.09765625,1.1474609375,-0.06103515625,0.32958984375,-0.048828125,-0.0244140625,-0.08544921875,0.0244140625,-0.048828125,0.1708984375,0.01220703125,3.91845703125,0.0732421875,2.35595703125,0.0732421875,1.06201171875,-0.2197265625,1.94091796875
0,-0.146484375,-0.40283203125,-0.13427734375,-0.40283203125,0.15869140625,-0.42724609375,-0.06103515625,-0.0732421875,-0.08544921875,-0.08544921875,-0.1953125,-0.89111328125,0.0244140625,1.0498046875,-0.1220703125,-0.1953125,0.048828125,-0.5859375,-0.1708984375,-0.2197265625,-0.09765625,0.86669921875,-0.1953125,-0.5859375,-0.1953125,0.06103515625,0.0244140625,-0.69580078125,-0.1953125,3.11279296875,-0.08544921875,0.439453125,-0.1220703125,2.62451171875,0.45166015625,-0.0732421875,-0.42724609375,0.3662109375,0.08544921875,0.2685546875,-0.048828125,-0.28076171875,-0.20751953125,-0.72021484375,0.1708984375,-0.4150390625,0.15869140625,0.439453125,0.20751953125,1.171875,0,0.4638671875,-0.09765625,-0.20751953125,-0.5126953125,0.69580078125,-0.0732421875,1.55029296875,-0.13427734375,0.9033203125,-0.4638671875,0.8544921875,-0.244140625,3.8818359375,0.23193359375,0.146484375,-0.32958984375,1.0498046875,-0.1708984375,0.25634765625,-0.06103515625,0.20751953125,-0.10986328125,0.59814453125,-0.2685546875,0.8544921875,0.146484375,0.01220703125,0.13427734375,1.28173828125,0.048828125,-1.025390625,-0.1953125,-0.3662109375,0.06103515625,-0.98876953125,0.28076171875,-0.830078125,0.146484375,-1.66015625,-0.23193359375,-0.537109375,0.244140625,-0.7080078125,-0.09765625,-1.52587890625,-0.048828125,-0.7080078125,-0.08544921875,-0.69580078125,-0.23193359375,-0.59814453125,0.08544921875,-0.09765625,0.25634765625,-0.28076171875,0.32958984375,-1.11083984375,-0.13427734375,0.76904296875,0.1220703125,0.9521484375,-0.06103515625,0.32958984375,-0.06103515625,-0.01220703125,-0.08544921875,0.0244140625,-0.06103515625,0.15869140625,0.08544921875,3.35693359375,0.10986328125,2.18505859375,0.09765625,0.87890625,-0.2197265625,1.611328125
0,-0.1708984375,-0.37841796875,-0.08544921875,-0.40283203125,0.15869140625,-0.42724609375,-0.06103515625,-0.08544921875,-0.0732421875,-0.0732421875,-0.18310546875,-0.87890625,0.0244140625,1.03759765625,-0.1220703125,-0.18310546875,0.0244140625,-0.5859375,-0.15869140625,-0.2197265625,-0.048828125,0.86669921875,-0.13427734375,-0.5615234375,-0.2685546875,0.244140625,0,-0.50048828125,-0.13427734375,3.8818359375,-0.09765625,0.6103515625,-0.15869140625,3.662109375,0.42724609375,0.244140625,-0.40283203125,0.7080078125,0.03662109375,0.67138671875,-0.0244140625,-0.2685546875,-0.23193359375,-0.7080078125,0.20751953125,-0.439453125,0.23193359375,0.4638671875,0.13427734375,1.23291015625,-0.048828125,0.47607421875,-0.08544921875,-0.1953125,-0.390625,0.7080078125,-0.13427734375,1.42822265625,-0.08544921875,0.86669921875,-0.4638671875,0.8544921875,-0.37841796875,3.4912109375,0.20751953125,0.146484375,-0.37841796875,1.06201171875,-0.1708984375,0.2685546875,-0.0732421875,0.2197265625,-0.0732421875,0.5126953125,-0.2685546875,0.84228515625,0.18310546875,0.01220703125,0.1953125,1.26953125,0.0732421875,-1.025390625,-0.1220703125,-0.3662109375,0.06103515625,-0.9765625,0.23193359375,-0.84228515625,0.06103515625,-1.62353515625,-0.23193359375,-0.537109375,0.06103515625,-0.64697265625,-0.1220703125,-1.47705078125,0.0244140625,-0.7080078125,-0.08544921875,-0.68359375,-0.244140625,-0.59814453125,0.1220703125,-0.06103515625,0.1708984375,-0.45166015625,0.40283203125,-1.26953125,-0.1220703125,0.3173828125,0.13427734375,0.76904296875,-0.09765625,0.341796875,-0.03662109375,-0.01220703125,-0.0732421875,0.0244140625,-0.08544921875,0.15869140625,0.09765625,2.6611328125,0.13427734375,1.96533203125,0.08544921875,0.6591796875,-0.2685546875,1.2939453125
0,-0.15869140625,-0.390625,-0.0732421875,-0.390625,0.15869140625,-0.4150390625,-0.0732421875,-0.09765625,-0.0732421875,-0.08544921875,-0.20751953125,-0.87890625,0.01220703125,1.03759765625,-0.09765625,-0.1708984375,0.03662109375,-0.5859375,-0.13427734375,-0.2197265625,0.01220703125,0.86669921875,-0.048828125,-0.59814453125,-0.2685546875,0.40283203125,-0.0244140625,-0.3173828125,-0.0244140625,4.6142578125,-0.09765625,0.84228515625,-0.13427734375,4.69970703125,0.390625,0.57373046875,-0.341796875,1.06201171875,-0.0244140625,1.08642578125,0,-0.23193359375,-0.29296875,-0.68359375,0.1953125,-0.45166015625,0.2685546875,0.52490234375,0.09765625,1.2939453125,-0.0244140625,0.48828125,-0.08544921875,-0.1708984375,-0.1953125,0.7080078125,-0.15869140625,1.30615234375,-0.08544921875,0.78125,-0.4638671875,0.8544921875,-0.439453125,2.94189453125,0.20751953125,0.146484375,-0.4150390625,1.07421875,-0.09765625,0.25634765625,-0.0732421875,0.18310546875,-0.06103515625,0.45166015625,-0.2197265625,0.830078125,0.244140625,0.0244140625,0.23193359375,1.26953125,0.048828125,-1.0009765625,-0.03662109375,-0.35400390625,0.048828125,-0.9765625,0.1708984375,-0.84228515625,0,-1.611328125,-0.244140625,-0.52490234375,-0.1708984375,-0.62255859375,-0.1220703125,-1.40380859375,0.09765625,-0.68359375,-0.1220703125,-0.67138671875,-0.28076171875,-0.59814453125,0.18310546875,-0.048828125,0.09765625,-0.57373046875,0.439453125,-1.37939453125,-0.146484375,-0.0732421875,0.1953125,0.6103515625,-0.1220703125,0.32958984375,-0.0244140625,-0.03662109375,-0.08544921875,0.0244140625,-0.08544921875,0.15869140625,0.13427734375,1.86767578125,0.146484375,1.7333984375,0.08544921875,0.45166015625,-0.2197265625,0.93994140625
0,-0.1220703125,-0.37841796875,-0.08544921875,-0.37841796875,0.146484375,-0.42724609375,-0.08544921875,-0.08544921875,-0.08544921875,-0.08544921875,-0.20751953125,-0.9033203125,0.0244140625,1.06201171875,-0.08544921875,-0.1708984375,0.0244140625,-0.5615234375,-0.09765625,-0.20751953125,0.03662109375,0.86669921875,0,-0.5859375,-0.2685546875,0.5859375,-0.0732421875,-0.13427734375,0.08544921875,5.322265625,-0.146484375,1.01318359375,-0.25634765625,5.6884765625,0.3662109375,0.87890625,-0.3173828125,1.3427734375,-0.09765625,1.45263671875,0.06103515625,-0.20751953125,-0.28076171875,-0.69580078125,0.1708984375,-0.4638671875,0.32958984375,0.5859375,0.048828125,1.3427734375,-0.03662109375,0.47607421875,-0.03662109375,-0.18310546875,-0.06103515625,0.69580078125,-0.2197265625,1.18408203125,-0.0732421875,0.7080078125,-0.48828125,0.78125,-0.42724609375,2.28271484375,0.1953125,0.146484375,-0.42724609375,1.08642578125,-0.048828125,0.25634765625,-0.1220703125,0.20751953125,-0.0244140625,0.3662109375,-0.20751953125,0.86669921875,0.28076171875,0.01220703125,0.2197265625,1.25732421875,0.01220703125,-0.98876953125,0.08544921875,-0.35400390625,0.03662109375,-1.0009765625,0.1708984375,-0.830078125,-0.01220703125,-1.611328125,-0.2197265625,-0.47607421875,-0.28076171875,-0.54931640625,-0.08544921875,-1.35498046875,0.18310546875,-0.67138671875,-0.10986328125,-0.64697265625,-0.341796875,-0.62255859375,0.20751953125,-0.06103515625,0,-0.67138671875,0.42724609375,-1.4892578125,-0.18310546875,-0.40283203125,0.18310546875,0.47607421875,-0.1220703125,0.3173828125,-0.0244140625,-0.048828125,-0.08544921875,0.01220703125,-0.08544921875,0.1708984375,0.09765625,1.0986328125,0.18310546875,1.513671875,0.0732421875,0.25634765625,-0.2197265625,0.57373046875
0,-0.10986328125,-0.390625,-0.08544921875,-0.40283203125,0.15869140625,-0.42724609375,-0.09765625,-0.10986328125,-0.0732421875,-0.09765625,-0.1953125,-0.9033203125,0.01220703125,1.07421875,-0.0732421875,-0.15869140625,0.03662109375,-0.5615234375,-0.048828125,-0.1953125,0.06103515625,0.86669921875,0.0244140625,-0.5859375,-0.18310546875,0.72021484375,-0.08544921875,0.01220703125,0.09765625,5.8837890625,-0.244140625,1.15966796875,-0.30517578125,6.54296875,0.30517578125,1.11083984375,-0.29296875,1.5869140625,-0.15869140625,1.7333984375,0.09765625,-0.18310546875,-0.25634765625,-0.68359375,0.18310546875,-0.439453125,0.20751953125,0.6591796875,0,1.37939453125,-0.03662109375,0.45166015625,0.0244140625,-0.18310546875,0.03662109375,0.68359375,-0.2197265625,1.025390625,-0.048828125,0.6103515625,-0.48828125,0.72021484375,-0.42724609375,1.5380859375,0.15869140625,0.09765625,-0.45166015625,1.07421875,0.03662109375,0.25634765625,-0.1708984375,0.20751953125,0,0.2685546875,-0.13427734375,0.87890625,0.341796875,-0.01220703125,0.1953125,1.26953125,0.01220703125,-1.0009765625,0.1708984375,-0.3662109375,-0.048828125,-0.98876953125,0.1220703125,-0.84228515625,-0.10986328125,-1.57470703125,-0.23193359375,-0.439453125,-0.4150390625,-0.47607421875,-0.06103515625,-1.2451171875,0.2197265625,-0.68359375,-0.13427734375,-0.6591796875,-0.4150390625,-0.6103515625,0.2197265625,-0.0732421875,-0.0732421875,-0.76904296875,0.37841796875,-1.5869140625,-0.20751953125,-0.732421875,0.13427734375,0.341796875,-0.13427734375,0.32958984375,0.01220703125,-0.048828125,-0.08544921875,0.01220703125,-0.0732421875,0.146484375,0.06103515625,0.42724609375,0.15869140625,1.28173828125,0.06103515625,0.09765625,-0.244140625,0.28076171875
0,-0.10986328125,-0.40283203125,-0.09765625,-0.37841796875,0.13427734375,-0.42724609375,-0.10986328125,-0.09765625,-0.06103515625,-0.0732421875,-0.1953125,-0.89111328125,0.01220703125,1.07421875,-0.06103515625,-0.15869140625,0.0732421875,-0.57373046875,-0.0244140625,-0.18310546875,0.09765625,0.8544921875,0.03662109375,-0.6103515625,-0.06103515625,0.81787109375,-0.10986328125,0.10986328125,0.146484375,6.28662109375,-0.30517578125,1.26953125,-0.390625,7.18994140625,0.30517578125,1.25732421875,-0.28076171875,1.72119140625,-0.2197265625,1.91650390625,0.13427734375,-0.1708984375,-0.2197265625,-0.69580078125,0.18310546875,-0.45166015625,0.341796875,0.732421875,0.01220703125,1.3916015625,-0.08544921875,0.42724609375,0.08544921875,-0.18310546875,0.10986328125,0.69580078125,-0.20751953125,0.9033203125,-0.01220703125,0.5126953125,-0.50048828125,0.634765625,-0.42724609375,0.8544921875,0.1220703125,0.0732421875,-0.5126953125,1.06201171875,0.08544921875,0.28076171875,-0.2197265625,0.2197265625,-0.0244140625,0.23193359375,-0.01220703125,0.86669921875,0.390625,-0.01220703125,0.18310546875,1.2939453125,-0.01220703125,-1.0009765625,0.1953125,-0.390625,-0.146484375,-0.98876953125,0.10986328125,-0.81787109375,-0.10986328125,-1.5380859375,-0.23193359375,-0.40283203125,-0.439453125,-0.37841796875,-0.0732421875,-1.15966796875,0.244140625,-0.6591796875,-0.146484375,-0.6591796875,-0.45166015625,-0.634765625,0.1953125,-0.0732421875,-0.13427734375,-0.8544921875,0.25634765625,-1.66015625,-0.23193359375,-1.025390625,0.10986328125,0.23193359375,-0.10986328125,0.3173828125,0.0244140625,-0.03662109375,-0.08544921875,-0.01220703125,-0.08544921875,0.15869140625,-0.0244140625,-0.0244140625,0.244140625,1.15966796875,0.06103515625,0,-0.244140625,0.0732421875
0,-0.13427734375,-0.40283203125,-0.0732421875,-0.37841796875,0.1220703125,-0.42724609375,-0.1220703125,-0.09765625,-0.0732421875,-0.06103515625,-0.1708984375,-0.9033203125,0.0244140625,1.08642578125,-0.048828125,-0.15869140625,0.13427734375,-0.5615234375,0,-0.1708984375,0.1220703125,0.8544921875,0,-0.5859375,0.0732421875,0.8544921875,-0.146484375,0.1708984375,0.1953125,6.494140625,-0.30517578125,1.318359375,-0.45166015625,7.55615234375,0.3173828125,1.3427734375,-0.28076171875,1.77001953125,-0.244140625,2.0263671875,0.09765625,-0.1708984375,-0.1708984375,-0.68359375,0.146484375,-0.4150390625,0.3662109375,0.7568359375,0.01220703125,1.37939453125,-0.1220703125,0.40283203125,0.06103515625,-0.20751953125,0.146484375,0.68359375,-0.23193359375,0.78125,0.0244140625,0.439453125,-0.47607421875,0.54931640625,-0.35400390625,0.28076171875,0.08544921875,0.0732421875,-0.54931640625,1.0498046875,0.08544921875,0.25634765625,-0.28076171875,0.244140625,-0.08544921875,0.2197265625,0.03662109375,0.9033203125,0.390625,-0.0244140625,0.1708984375,1.2939453125,0,-1.025390625,0.20751953125,-0.390625,-0.2197265625,-1.0009765625,0.08544921875,-0.8056640625,-0.09765625,-1.4892578125,-0.244140625,-0.3662109375,-0.40283203125,-0.30517578125,-0.048828125,-1.0986328125,0.244140625,-0.67138671875,-0.1220703125,-0.6591796875,-0.50048828125,-0.67138671875,0.1220703125,-0.0732421875,-0.146484375,-0.93994140625,0.146484375,-1.72119140625,-0.244140625,-1.26953125,0.048828125,0.15869140625,-0.08544921875,0.3173828125,0.048828125,-0.06103515625,-0.0732421875,-0.0244140625,-0.09765625,0.146484375,-0.0732421875,-0.146484375,0.1953125,1.11083984375,0.0244140625,-0.0244140625,-0.2685546875,0.03662109375
0,-0.13427734375,-0.4150390625,-0.048828125,-0.3662109375,0.10986328125,-0.42724609375,-0.1708984375,-0.06103515625,-0.08544921875,-0.048828125,-0.15869140625,-0.9033203125,0.01220703125,1.07421875,-0.08544921875,-0.13427734375,0.15869140625,-0.5615234375,0,-0.1708984375,0.09765625,0.84228515625,-0.03662109375,-0.59814453125,0.18310546875,0.830078125,-0.15869140625,0.15869140625,0.28076171875,6.4697265625,-0.30517578125,1.33056640625,-0.45166015625,7.6904296875,0.35400390625,1.3427734375,-0.28076171875,1.77001953125,-0.20751953125,2.001953125,0.0732421875,-0.1708984375,-0.1220703125,-0.68359375,0.08544921875,-0.40283203125,0.2685546875,0.7568359375,-0.0244140625,1.33056640625,-0.146484375,0.37841796875,0.09765625,-0.23193359375,0.20751953125,0.67138671875,-0.20751953125,0.69580078125,0.01220703125,0.42724609375,-0.42724609375,0.48828125,-0.28076171875,-0.0244140625,0.08544921875,0.10986328125,-0.439453125,1.07421875,0.1220703125,0.2685546875,-0.244140625,0.2685546875,-0.15869140625,0.20751953125,0.10986328125,0.89111328125,0.37841796875,-0.0244140625,0.1220703125,1.2939453125,0,-1.025390625,0.146484375,-0.40283203125,-0.25634765625,-1.025390625,0.06103515625,-0.8056640625,-0.0732421875,-1.45263671875,-0.244140625,-0.341796875,-0.32958984375,-0.244140625,-0.10986328125,-1.03759765625,0.2197265625,-0.67138671875,-0.13427734375,-0.68359375,-0.5126953125,-0.67138671875,0.0732421875,-0.08544921875,-0.08544921875,-1.01318359375,0.03662109375,-1.806640625,-0.1953125,-1.46484375,0.048828125,0.09765625,-0.08544921875,0.28076171875,0.048828125,-0.048828125,-0.08544921875,-0.048828125,-0.08544921875,0.146484375,-0.048828125,0.10986328125,0.1708984375,1.23291015625,0.06103515625,0.09765625,-0.244140625,0.146484375
1,-0.13427734375,-0.4150390625,-0.03662109375,-0.3662109375,0.08544921875,-0.439453125,-0.18310546875,-0.06103515625,-0.09765625,-0.048828125,-0.13427734375,-0.87890625,0,1.08642578125,-0.08544921875,-0.146484375,0.20751953125,-0.57373046875,-0.01220703125,-0.1953125,0.06103515625,0.8544921875,-0.1220703125,-0.5859375,0.29296875,0.76904296875,-0.1708984375,0.09765625,0.244140625,6.25,-0.1708984375,1.26953125,-0.5615234375,7.568359375,0.35400390625,1.26953125,-0.2685546875,1.72119140625,-0.23193359375,1.9287109375,0.048828125,-0.1220703125,-0.08544921875,-0.68359375,-0.048828125,-0.4150390625,0.37841796875,0.74462890625,0,1.30615234375,-0.1953125,0.390625,0.09765625,-0.20751953125,0.28076171875,0.69580078125,-0.15869140625,0.69580078125,0.0244140625,0.439453125,-0.35400390625,0.47607421875,-0.30517578125,0,0.08544921875,0.146484375,-0.244140625,1.0986328125,0.13427734375,0.28076171875,-0.2197265625,0.30517578125,-0.23193359375,0.2197265625,0.146484375,0.89111328125,0.341796875,-0.0244140625,0.1220703125,1.30615234375,0.01220703125,-1.03759765625,0.146484375,-0.390625,-0.28076171875,-1.03759765625,0.13427734375,-0.79345703125,0.03662109375,-1.45263671875,-0.25634765625,-0.35400390625,-0.1953125,-0.25634765625,-0.1220703125,-1.01318359375,0.13427734375,-0.6591796875,-0.08544921875,-0.68359375,-0.48828125,-0.6591796875,-0.01220703125,-0.08544921875,-0.0244140625,-1.07421875,-0.146484375,-1.8798828125,-0.20751953125,-1.611328125,0.048828125,0.06103515625,-0.1220703125,0.30517578125,0.048828125,-0.06103515625,-0.0732421875,-0.03662109375,-0.08544921875,0.146484375,-0.10986328125,0.79345703125,0.1708984375,1.47705078125,0.06103515625,0.341796875,-0.244140625,0.52490234375
1,-0.13427734375,-0.40283203125,-0.0244140625,-0.37841796875,0.0732421875,-0.45166015625,-0.1953125,-0.08544921875,-0.10986328125,-0.03662109375,-0.09765625,-0.86669921875,0.01220703125,1.08642578125,-0.0732421875,-0.1708984375,0.1953125,-0.57373046875,-0.048828125,-0.1953125,-0.0244140625,0.86669921875,-0.146484375,-0.59814453125,0.3173828125,0.68359375,-0.18310546875,-0.0244140625,0.146484375,5.859375,-0.03662109375,1.1962890625,-0.54931640625,7.31201171875,0.390625,1.1474609375,-0.25634765625,1.62353515625,-0.2197265625,1.806640625,0.01220703125,-0.10986328125,-0.06103515625,-0.7080078125,-0.15869140625,-0.390625,0.37841796875,0.69580078125,-0.03662109375,1.2451171875,-0.28076171875,0.390625,0.09765625,-0.244140625,0.341796875,0.7080078125,-0.09765625,0.7568359375,-0.0244140625,0.48828125,-0.3173828125,0.50048828125,-0.40283203125,0.40283203125,0.0732421875,0.2197265625,-0.1220703125,1.13525390625,0.10986328125,0.29296875,-0.13427734375,0.341796875,-0.20751953125,0.29296875,0.1708984375,0.87890625,0.2685546875,-0.048828125,0.06103515625,1.2939453125,0.0732421875,-1.0498046875,0.09765625,-0.390625,-0.28076171875,-1.025390625,0.1708984375,-0.79345703125,0.10986328125,-1.4404296875,-0.28076171875,-0.37841796875,-0.09765625,-0.28076171875,-0.13427734375,-1.03759765625,0.0244140625,-0.67138671875,-0.048828125,-0.69580078125,-0.439453125,-0.6591796875,-0.08544921875,-0.09765625,0.0244140625,-1.123046875,-0.23193359375,-1.91650390625,-0.20751953125,-1.72119140625,0.03662109375,0.0244140625,-0.1708984375,0.29296875,0.03662109375,-0.06103515625,-0.0732421875,-0.048828125,-0.048828125,0.146484375,-0.09765625,1.8310546875,0.13427734375,1.85546875,0.048828125,0.68359375,-0.23193359375,1.08642578125
1,-0.1220703125,-0.390625,0.0244140625,-0.37841796875,0.09765625,-0.439453125,-0.23193359375,-0.06103515625,-0.08544921875,-0.03662109375,-0.1220703125,-0.89111328125,0,1.07421875,-0.10986328125,-0.18310546875,0.1953125,-0.5859375,-0.0732421875,-0.20751953125,-0.13427734375,0.89111328125,-0.13427734375,-0.57373046875,0.30517578125,0.5615234375,-0.15869140625,-0.146484375,0.09765625,5.3466796875,0.08544921875,1.07421875,-0.59814453125,6.884765625,0.4638671875,0.98876953125,-0.2197265625,1.50146484375,-0.15869140625,1.6357421875,0.03662109375,-0.08544921875,-0.03662109375,-0.69580078125,-0.25634765625,-0.390625,0.32958984375,0.64697265625,-0.0244140625,1.1962890625,-0.341796875,0.40283203125,0.08544921875,-0.23193359375,0.40283203125,0.72021484375,-0.03662109375,0.89111328125,0,0.62255859375,-0.25634765625,0.57373046875,-0.341796875,1.1474609375,0.10986328125,0.2685546875,-0.06103515625,1.171875,0.09765625,0.30517578125,-0.08544921875,0.35400390625,-0.13427734375,0.37841796875,0.2197265625,0.89111328125,0.20751953125,-0.048828125,0.01220703125,1.318359375,0.09765625,-1.06201171875,0.0732421875,-0.390625,-0.25634765625,-1.025390625,0.20751953125,-0.8056640625,0.20751953125,-1.47705078125,-0.29296875,-0.42724609375,-0.06103515625,-0.3662109375,-0.09765625,-1.0986328125,-0.08544921875,-0.68359375,0.01220703125,-0.7080078125,-0.341796875,-0.62255859375,-0.146484375,-0.10986328125,0.09765625,-1.123046875,-0.2685546875,-1.94091796875,-0.20751953125,-1.74560546875,0.0732421875,0,-0.1708984375,0.30517578125,0.03662109375,-0.048828125,-0.0732421875,-0.0244140625,-0.03662109375,0.146484375,-0.1220703125,3.16162109375,0.146484375,2.33154296875,0.048828125,1.1474609375,-0.20751953125,1.81884765625
1,-0.10986328125,-0.37841796875,0.01220703125,-0.390625,0.09765625,-0.439453125,-0.2197265625,-0.08544921875,-0.0732421875,-0.03662109375,-0.10986328125,-0.9033203125,-0.0244140625,1.08642578125,-0.1220703125,-0.20751953125,0.146484375,-0.59814453125,-0.08544921875,-0.23193359375,-0.23193359375,0.87890625,-0.1220703125,-0.57373046875,0.244140625,0.42724609375,-0.13427734375,-0.2685546875,0.0732421875,4.82177734375,0.15869140625,0.9521484375,-0.67138671875,6.35986328125,0.48828125,0.81787109375,-0.1953125,1.35498046875,-0.13427734375,1.47705078125,0.1220703125,-0.048828125,0,-0.7080078125,-0.30517578125,-0.37841796875,0.3662109375,0.62255859375,0.06103515625,1.15966796875,-0.390625,0.4150390625,0.03662109375,-0.20751953125,0.4150390625,0.7080078125,0.01220703125,1.1474609375,0,0.78125,-0.25634765625,0.76904296875,-0.2685546875,2.20947265625,0.0732421875,0.341796875,0.0244140625,1.1962890625,0.048828125,0.32958984375,-0.03662109375,0.3662109375,-0.0244140625,0.48828125,0.18310546875,0.86669921875,0.10986328125,-0.08544921875,0,1.2939453125,0.146484375,-1.0498046875,0.048828125,-0.390625,-0.20751953125,-1.01318359375,0.28076171875,-0.830078125,0.23193359375,-1.46484375,-0.28076171875,-0.47607421875,-0.048828125,-0.48828125,-0.10986328125,-1.1962890625,-0.1708984375,-0.68359375,0.06103515625,-0.68359375,-0.25634765625,-0.6103515625,-0.1708984375,-0.10986328125,0.09765625,-1.123046875,-0.2685546875,-1.91650390625,-0.20751953125,-1.69677734375,0.09765625,0.0244140625,-0.1708984375,0.30517578125,0.01220703125,-0.06103515625,-0.06103515625,-0.03662109375,-0.03662109375,0.15869140625,-0.146484375,4.6630859375,0.13427734375,2.9052734375,0.0244140625,1.6845703125,-0.25634765625,2.6611328125
1,-0.10986328125,-0.3662109375,0.03662109375,-0.3662109375,0.08544921875,-0.439453125,-0.2197265625,-0.0732421875,-0.08544921875,-0.03662109375,-0.1220703125,-0.91552734375,-0.0244140625,1.07421875,-0.1220703125,-0.1708984375,0.08544921875,-0.6103515625,-0.06103515625,-0.23193359375,-0.32958984375,0.89111328125,-0.08544921875,-0.5615234375,0.09765625,0.3173828125,-0.09765625,-0.40283203125,0.06103515625,4.3212890625,0.06103515625,0.84228515625,-0.7080078125,5.82275390625,0.47607421875,0.6591796875,-0.1708984375,1.220703125,-0.10986328125,1.30615234375,0.1953125,-0.03662109375,0.048828125,-0.7080078125,-0.32958984375,-0.40283203125,0.40283203125,0.59814453125,0.08544921875,1.171875,-0.37841796875,0.4638671875,-0.03662109375,-0.20751953125,0.341796875,0.7080078125,0,1.42822265625,0.0244140625,0.9765625,-0.2197265625,0.96435546875,-0.2685546875,3.4912109375,0.0244140625,0.341796875,0.048828125,1.220703125,0.0244140625,0.35400390625,0.01220703125,0.3662109375,0.10986328125,0.59814453125,0.13427734375,0.8544921875,-0.01220703125,-0.0732421875,0.0244140625,1.2939453125,0.146484375,-1.07421875,0.03662109375,-0.37841796875,-0.10986328125,-1.01318359375,0.29296875,-0.84228515625,0.28076171875,-1.52587890625,-0.2685546875,-0.52490234375,-0.08544921875,-0.59814453125,-0.10986328125,-1.26953125,-0.20751953125,-0.68359375,0.06103515625,-0.68359375,-0.1708984375,-0.59814453125,-0.13427734375,-0.08544921875,0.10986328125,-1.0986328125,-0.244140625,-1.89208984375,-0.2197265625,-1.62353515625,0.146484375,0.048828125,-0.13427734375,0.29296875,0.01220703125,-0.048828125,-0.08544921875,-0.03662109375,-0.048828125,0.15869140625,-0.0732421875,6.201171875,0.146484375,3.47900390625,0.03662109375,2.23388671875,-0.23193359375,3.564453125
1,-0.10986328125,-0.37841796875,0.03662109375,-0.3662109375,0.048828125,-0.439453125,-0.20751953125,-0.08544921875,-0.0732421875,-0.03662109375,-0.13427734375,-0.9033203125,-0.048828125,1.06201171875,-0.146484375,-0.15869140625,0.01220703125,-0.59814453125,-0.0244140625,-0.25634765625,-0.390625,0.87890625,-0.048828125,-0.5615234375,-0.0244140625,0.23193359375,-0.1220703125,-0.48828125,0.13427734375,3.9306640625,-0.048828125,0.7568359375,-0.78125,5.33447265625,0.48828125,0.52490234375,-0.146484375,1.08642578125,-0.0732421875,1.171875,0.2685546875,0,0.08544921875,-0.7080078125,-0.3173828125,-0.4150390625,0.42724609375,0.5615234375,0.1220703125,1.20849609375,-0.341796875,0.48828125,-0.13427734375,-0.23193359375,0.29296875,0.7080078125,0.0244140625,1.7578125,0.06103515625,1.1962890625,-0.15869140625,1.18408203125,-0.244140625,4.8583984375,0,0.35400390625,0.06103515625,1.23291015625,0.06103515625,0.341796875,0.01220703125,0.35400390625,0.18310546875,0.69580078125,0.08544921875,0.86669921875,-0.09765625,-0.048828125,0.06103515625,1.28173828125,0.13427734375,-1.03759765625,0.0244140625,-0.390625,-0.01220703125,-1.0009765625,0.29296875,-0.84228515625,0.2685546875,-1.5625,-0.244140625,-0.5615234375,-0.146484375,-0.69580078125,-0.06103515625,-1.35498046875,-0.2197265625,-0.68359375,0.03662109375,-0.67138671875,-0.03662109375,-0.57373046875,-0.09765625,-0.09765625,0.1220703125,-1.06201171875,-0.1708984375,-1.86767578125,-0.1953125,-1.50146484375,0.18310546875,0.08544921875,-0.146484375,0.29296875,0.01220703125,-0.03662109375,-0.0732421875,-0.0244140625,-0.048828125,0.1708984375,-0.146484375,7.5927734375,0.1953125,4.01611328125,0.0732421875,2.783203125,-0.1708984375,4.40673828125
1,-0.08544921875,-0.390625,0.03662109375,-0.3662109375,0.0244140625,-0.439453125,-0.1953125,-0.0732421875,-0.09765625,-0.048828125,-0.13427734375,-0.91552734375,-0.08544921875,1.0498046875,-0.146484375,-0.15869140625,-0.0732421875,-0.59814453125,-0.01220703125,-0.25634765625,-0.35400390625,0.87890625,0.01220703125,-0.57373046875,-0.10986328125,0.1708984375,-0.13427734375,-0.54931640625,0.08544921875,3.6865234375,-0.146484375,0.69580078125,-0.87890625,4.94384765625,0.47607421875,0.42724609375,-0.15869140625,0.9765625,-0.0732421875,1.01318359375,0.3662109375,0.0244140625,0.1708984375,-0.72021484375,-0.28076171875,-0.4150390625,0.390625,0.57373046875,0.13427734375,1.25732421875,-0.28076171875,0.48828125,-0.25634765625,-0.244140625,0.244140625,0.69580078125,0,2.0751953125,0.06103515625,1.416015625,-0.1220703125,1.3916015625,-0.20751953125,6.18896484375,-0.03662109375,0.29296875,0.08544921875,1.25732421875,0.08544921875,0.3173828125,0,0.32958984375,0.2197265625,0.79345703125,-0.01220703125,0.8544921875,-0.1220703125,-0.03662109375,0.08544921875,1.28173828125,0.146484375,-1.01318359375,0.01220703125,-0.3662109375,0.08544921875,-1.0009765625,0.2685546875,-0.8544921875,0.23193359375,-1.5869140625,-0.23193359375,-0.6103515625,-0.29296875,-0.78125,-0.0244140625,-1.42822265625,-0.1953125,-0.67138671875,0,-0.6591796875,0.06103515625,-0.57373046875,-0.01220703125,-0.0732421875,0.08544921875,-1.01318359375,-0.09765625,-1.79443359375,-0.1953125,-1.3427734375,0.1953125,0.146484375,-0.1708984375,0.29296875,0.0244140625,-0.03662109375,-0.0732421875,0,-0.0732421875,0.15869140625,-0.25634765625,8.7890625,0.2197265625,4.4921875,0.0732421875,3.271484375,-0.15869140625,5.11474609375
1,-0.0732421875,-0.390625,0.048828125,-0.35400390625,0.0244140625,-0.439453125,-0.18310546875,-0.0732421875,-0.1220703125,-0.06103515625,-0.146484375,-0.91552734375,-0.06103515625,1.0498046875,-0.13427734375,-0.1220703125,-0.13427734375,-0.6103515625,0,-0.2197265625,-0.3173828125,0.89111328125,0.03662109375,-0.57373046875,-0.1953125,0.1708984375,-0.18310546875,-0.54931640625,-0.01220703125,3.61328125,-0.20751953125,0.634765625,-0.89111328125,4.638671875,0.390625,0.37841796875,-0.1708984375,0.927734375,-0.06103515625,0.93994140625,0.32958984375,0.03662109375,0.15869140625,-0.72021484375,-0.2197265625,-0.42724609375,0.3173828125,0.59814453125,0.08544921875,1.318359375,-0.244140625,0.4638671875,-0.30517578125,-0.244140625,0.2197265625,0.6591796875,-0.06103515625,2.392578125,0.09765625,1.611328125,-0.0244140625,1.5625,-0.13427734375,7.373046875,0.01220703125,0.244140625,0.146484375,1.30615234375,0.15869140625,0.29296875,-0.0244140625,0.3173828125,0.18310546875,0.87890625,-0.0732421875,0.8544921875,-0.08544921875,-0.0244140625,0.06103515625,1.26953125,0.146484375,-0.98876953125,0.01220703125,-0.390625,0.1708984375,-1.0009765625,0.244140625,-0.87890625,0.25634765625,-1.59912109375,-0.146484375,-0.6103515625,-0.35400390625,-0.830078125,0.01220703125,-1.45263671875,-0.1220703125,-0.68359375,-0.03662109375,-0.64697265625,0.146484375,-0.59814453125,0.0244140625,-0.06103515625,0.0732421875,-0.9765625,-0.03662109375,-1.74560546875,-0.2197265625,-1.2451171875,0.244140625,0.1708984375,-0.1708984375,0.30517578125,0.0244140625,-0.0244140625,-0.0732421875,0.03662109375,-0.09765625,0.18310546875,-0.3173828125,9.65576171875,0.1953125,4.82177734375,0.08544921875,3.64990234375,-0.1708984375,5.6396484375
1,-0.06103515625,-0.390625,0.0244140625,-0.35400390625,0.03662109375,-0.45166015625,-0.1708984375,-0.08544921875,-0.146484375,-0.09765625,-0.1220703125,-0.9033203125,-0.0732421875,1.06201171875,-0.1220703125,-0.1220703125,-0.1220703125,-0.6103515625,-0.01220703125,-0.2197265625,-0.20751953125,0.87890625,0.03662109375,-0.5859375,-0.25634765625,0.1708984375,-0.18310546875,-0.52490234375,-0.08544921875,3.69873046875,-0.23193359375,0.6591796875,-0.91552734375,4.39453125,0.3173828125,0.32958984375,-0.1953125,0.8544921875,-0.06103515625,0.86669921875,0.29296875,0.03662109375,0.1708984375,-0.7080078125,-0.13427734375,-0.439453125,0.3662109375,0.64697265625,0.048828125,1.3916015625,-0.18310546875,0.439453125,-0.37841796875,-0.2685546875,0.146484375,0.64697265625,-0.06103515625,2.63671875,0.1708984375,1.77001953125,-0.0244140625,1.69677734375,-0.06103515625,8.3251953125,0.0244140625,0.2197265625,0.1708984375,1.42822265625,0.20751953125,0.28076171875,-0.048828125,0.3173828125,0.15869140625,0.9521484375,-0.1220703125,0.830078125,-0.0244140625,-0.0244140625,0.0244140625,1.25732421875,0.146484375,-0.9765625,0.0244140625,-0.37841796875,0.20751953125,-0.9765625,0.20751953125,-0.86669921875,0.18310546875,-1.611328125,-0.146484375,-0.54931640625,-0.390625,-0.8056640625,0,-1.46484375,-0.0244140625,-0.69580078125,-0.08544921875,-0.634765625,0.15869140625,-0.59814453125,0.09765625,-0.0732421875,0.09765625,-0.927734375,0.0244140625,-1.69677734375,-0.2197265625,-1.18408203125,0.2685546875,0.1953125,-0.146484375,0.32958984375,0.01220703125,-0.0244140625,-0.08544921875,0.08544921875,-0.0732421875,0.1708984375,-0.35400390625,10.15625,0.23193359375,5.0048828125,0.06103515625,3.84521484375,-0.18310546875,5.9326171875
1,-0.09765625,-0.4150390625,0.048828125,-0.3662109375,0.01220703125,-0.42724609375,-0.18310546875,-0.08544921875,-0.146484375,-0.09765625,-0.10986328125,-0.9033203125,-0.06103515625,1.08642578125,-0.146484375,-0.146484375,-0.09765625,-0.5859375,-0.0244140625,-0.1953125,-0.10986328125,0.87890625,0.01220703125,-0.59814453125,-0.25634765625,0.23193359375,-0.15869140625,-0.4638671875,-0.18310546875,3.89404296875,-0.2685546875,0.69580078125,-0.98876953125,4.23583984375,0.3173828125,0.3173828125,-0.2197265625,0.81787109375,-0.08544921875,0.8056640625,0.28076171875,-0.01220703125,0.1708984375,-0.69580078125,-0.06103515625,-0.4150390625,0.3173828125,0.68359375,0.03662109375,1.4404296875,-0.1220703125,0.42724609375,-0.439453125,-0.2685546875,0.08544921875,0.634765625,-0.10986328125,2.8076171875,0.23193359375,1.86767578125,0.048828125,1.77001953125,0.03662109375,8.984375,0.10986328125,0.244140625,0.1708984375,1.62353515625,0.25634765625,0.3173828125,-0.10986328125,0.3662109375,0.1953125,1.0498046875,-0.1708984375,0.830078125,0.03662109375,-0.01220703125,-0.01220703125,1.25732421875,0.1708984375,-0.98876953125,0,-0.390625,0.2685546875,-0.98876953125,0.18310546875,-0.86669921875,0.10986328125,-1.611328125,-0.10986328125,-0.54931640625,-0.3662109375,-0.7568359375,0.0244140625,-1.42822265625,0.048828125,-0.68359375,-0.09765625,-0.6591796875,0.15869140625,-0.6103515625,0.10986328125,-0.0732421875,0.08544921875,-0.927734375,0.048828125,-1.6845703125,-0.1708984375,-1.15966796875,0.28076171875,0.2197265625,-0.13427734375,0.32958984375,0.01220703125,-0.01220703125,-0.0732421875,0.09765625,-0.09765625,0.15869140625,-0.341796875,10.2783203125,0.20751953125,5.01708984375,0.08544921875,3.89404296875,-0.20751953125,5.9814453125
1,-0.09765625,-0.4150390625,0.06103515625,-0.3662109375,0.0244140625,-0.42724609375,-0.15869140625,-0.08544921875,-0.146484375,-0.08544921875,-0.1220703125,-0.9033203125,-0.048828125,1.07421875,-0.10986328125,-0.13427734375,-0.048828125,-0.57373046875,-0.01220703125,-0.1708984375,-0.048828125,0.87890625,-0.03662109375,-0.6103515625,-0.25634765625,0.25634765625,-0.09765625,-0.390625,-0.2685546875,4.11376953125,-0.29296875,0.732421875,-0.98876953125,4.0771484375,0.32958984375,0.2685546875,-0.20751953125,0.74462890625,-0.1220703125,0.74462890625,0.2197265625,-0.048828125,0.09765625,-0.69580078125,0.01220703125,-0.4150390625,0.32958984375,0.69580078125,0.06103515625,1.42822265625,-0.0732421875,0.40283203125,-0.4638671875,-0.2685546875,0.01220703125,0.6591796875,-0.13427734375,2.91748046875,0.2685546875,1.9287109375,-0.03662109375,1.7822265625,-0.0244140625,9.326171875,0.15869140625,0.341796875,0.08544921875,1.96533203125,0.2685546875,0.3662109375,-0.18310546875,0.45166015625,0.18310546875,1.08642578125,-0.13427734375,0.81787109375,0.09765625,-0.01220703125,0.01220703125,1.28173828125,0.1708984375,-1.01318359375,-0.03662109375,-0.37841796875,0.28076171875,-1.025390625,0.1708984375,-0.8544921875,0.1220703125,-1.62353515625,-0.0732421875,-0.48828125,-0.23193359375,-0.67138671875,0,-1.3916015625,0.09765625,-0.69580078125,-0.1220703125,-0.67138671875,0.10986328125,-0.62255859375,0.1220703125,-0.0732421875,0.0244140625,-0.927734375,0.06103515625,-1.69677734375,-0.25634765625,-1.18408203125,0.2685546875,0.244140625,-0.10986328125,0.341796875,0.01220703125,-0.0244140625,-0.0732421875,0.08544921875,-0.09765625,0.15869140625,-0.35400390625,10.009765625,0.1953125,4.8828125,0.06103515625,3.74755859375,-0.20751953125,5.77392578125
1,-0.10986328125,-0.40283203125,0.048828125,-0.390625,0,-0.45166015625,-0.18310546875,-0.10986328125,-0.146484375,-0.10986328125,-0.09765625,-0.91552734375,-0.048828125,1.08642578125,-0.1220703125,-0.15869140625,0.03662109375,-0.59814453125,0.01220703125,-0.146484375,-0.0244140625,0.9033203125,-0.06103515625,-0.6103515625,-0.2685546875,0.29296875,-0.01220703125,-0.3662109375,-0.25634765625,4.28466796875,-0.30517578125,0.7568359375,-1.0498046875,3.84521484375,0.3173828125,0.20751953125,-0.20751953125,0.64697265625,-0.18310546875,0.67138671875,0.1708984375,-0.13427734375,0.0244140625,-0.69580078125,0.0244140625,-0.40283203125,0.42724609375,0.732421875,0.09765625,1.40380859375,-0.01220703125,0.40283203125,-0.47607421875,-0.244140625,-0.0732421875,0.64697265625,-0.1708984375,2.96630859375,0.30517578125,1.91650390625,-0.06103515625,1.7578125,-0.0244140625,9.36279296875,0.15869140625,0.50048828125,0.0244140625,2.392578125,0.28076171875,0.5126953125,-0.2197265625,0.57373046875,0.13427734375,1.11083984375,-0.1708984375,0.81787109375,0.146484375,0,-0.0244140625,1.26953125,0.18310546875,-1.01318359375,-0.06103515625,-0.37841796875,0.28076171875,-1.025390625,0.146484375,-0.8544921875,0.0244140625,-1.62353515625,-0.048828125,-0.45166015625,-0.10986328125,-0.59814453125,-0.0732421875,-1.35498046875,0.10986328125,-0.68359375,-0.13427734375,-0.68359375,0.09765625,-0.62255859375,0.08544921875,-0.09765625,-0.0244140625,-0.9521484375,0.0732421875,-1.72119140625,-0.2685546875,-1.25732421875,0.23193359375,0.2197265625,-0.0732421875,0.32958984375,0.0244140625,-0.0244140625,-0.06103515625,0.0732421875,-0.09765625,0.146484375,-0.35400390625,9.47265625,0.20751953125,4.57763671875,0.03662109375,3.45458984375,-0.1953125,5.35888671875
1,-0.1220703125,-0.390625,0.10986328125,-0.390625,-0.03662109375,-0.4638671875,-0.1953125,-0.09765625,-0.146484375,-0.09765625,-0.09765625,-0.9033203125,-0.0244140625,1.07421875,-0.10986328125,-0.1953125,0.10986328125,-0.5859375,0.0244140625,-0.146484375,-0.06103515625,0.89111328125,-0.10986328125,-0.59814453125,-0.2197265625,0.29296875,0.048828125,-0.35400390625,-0.2685546875,4.30908203125,-0.30517578125,0.78125,-0.8544921875,3.515625,0.25634765625,0.09765625,-0.1953125,0.57373046875,-0.20751953125,0.57373046875,0.1708984375,-0.18310546875,-0.0732421875,-0.7080078125,-0.01220703125,-0.390625,0.4150390625,0.74462890625,0.15869140625,1.35498046875,0,0.390625,-0.52490234375,-0.2197265625,-0.13427734375,0.67138671875,-0.15869140625,2.89306640625,0.3173828125,1.81884765625,0.01220703125,1.6845703125,-0.048828125,9.09423828125,0.244140625,0.8056640625,-0.06103515625,2.94189453125,0.2685546875,0.67138671875,-0.244140625,0.7568359375,0.0732421875,1.13525390625,-0.18310546875,0.79345703125,0.18310546875,0,-0.0244140625,1.2939453125,0.1708984375,-1.03759765625,-0.0732421875,-0.37841796875,0.244140625,-1.03759765625,0.10986328125,-0.830078125,0.0244140625,-1.62353515625,-0.0244140625,-0.4150390625,0.01220703125,-0.50048828125,-0.08544921875,-1.30615234375,0.10986328125,-0.69580078125,-0.09765625,-0.68359375,0.06103515625,-0.6103515625,0.0732421875,-0.09765625,-0.10986328125,-0.9765625,0,-1.74560546875,-0.3173828125,-1.35498046875,0.18310546875,0.2197265625,-0.09765625,0.3173828125,0.0244140625,0,-0.0732421875,0.06103515625,-0.10986328125,0.15869140625,-0.3662109375,8.67919921875,0.20751953125,4.1748046875,0.03662109375,3.076171875,-0.18310546875,4.8095703125
1,-0.09765625,-0.40283203125,0.09765625,-0.390625,-0.06103515625,-0.4638671875,-0.23193359375,-0.08544921875,-0.1220703125,-0.08544921875,-0.0732421875,-0.927734375,-0.06103515625,1.08642578125,-0.09765625,-0.20751953125,0.1220703125,-0.59814453125,0.01220703125,-0.13427734375,-0.10986328125,0.9033203125,-0.1220703125,-0.6103515625,-0.1953125,0.25634765625,0.09765625,-0.390625,-0.23193359375,4.13818359375,-0.30517578125,0.74462890625,-0.8544921875,3.08837890625,0.23193359375,-0.01220703125,-0.15869140625,0.42724609375,-0.25634765625,0.42724609375,0.2197265625,-0.23193359375,-0.1708984375,-0.7080078125,-0.01220703125,-0.3662109375,0.390625,0.732421875,0.1953125,1.2939453125,-0.0244140625,0.4150390625,-0.48828125,-0.18310546875,-0.1953125,0.68359375,-0.13427734375,2.74658203125,0.30517578125,1.708984375,0.03662109375,1.59912109375,-0.13427734375,8.5693359375,0.244140625,1.1474609375,-0.2197265625,3.57666015625,0.1953125,0.87890625,-0.29296875,0.98876953125,0,1.123046875,-0.18310546875,0.79345703125,0.1953125,-0.01220703125,-0.01220703125,1.2939453125,0.13427734375,-1.03759765625,-0.06103515625,-0.390625,0.1708984375,-1.0498046875,0.048828125,-0.8056640625,0.048828125,-1.62353515625,-0.048828125,-0.42724609375,0.1220703125,-0.45166015625,-0.10986328125,-1.28173828125,0.048828125,-0.7080078125,-0.03662109375,-0.69580078125,0.01220703125,-0.62255859375,0.03662109375,-0.08544921875,-0.1220703125,-1.0009765625,-0.06103515625,-1.7822265625,-0.3662109375,-1.45263671875,0.1220703125,0.1953125,-0.10986328125,0.3173828125,0.048828125,-0.0244140625,-0.0732421875,0.03662109375,-0.08544921875,0.146484375,-0.390625,7.72705078125,0.244140625,3.72314453125,0.048828125,2.587890625,-0.1708984375,4.150390625
0,-0.09765625,-0.40283203125,0.08544921875,-0.37841796875,-0.0732421875,-0.48828125,-0.20751953125,-0.0732421875,-0.048828125,-0.08544921875,-0.06103515625,-0.927734375,-0.03662109375,1.06201171875,-0.1220703125,-0.20751953125,0.15869140625,-0.59814453125,0.01220703125,-0.13427734375,-0.1953125,0.9033203125,-0.09765625,-0.6103515625,-0.15869140625,0.1953125,0.18310546875,-0.48828125,-0.1220703125,3.77197265625,-0.29296875,0.634765625,-0.79345703125,2.50244140625,0.244140625,-0.1708984375,-0.146484375,0.30517578125,-0.244140625,0.244140625,0.29296875,-0.28076171875,-0.23193359375,-0.72021484375,-0.06103515625,-0.37841796875,0.40283203125,0.72021484375,0.23193359375,1.26953125,-0.0244140625,0.42724609375,-0.45166015625,-0.1708984375,-0.23193359375,0.7080078125,-0.0732421875,2.57568359375,0.35400390625,1.5380859375,-0.0732421875,1.47705078125,-0.18310546875,7.8125,0.29296875,1.5625,-0.30517578125,4.23583984375,0.13427734375,1.13525390625,-0.3173828125,1.220703125,-0.0732421875,1.0986328125,-0.18310546875,0.79345703125,0.1953125,-0.01220703125,0.0244140625,1.28173828125,0.10986328125,-1.03759765625,-0.048828125,-0.390625,0.08544921875,-1.025390625,0.01220703125,-0.81787109375,0.06103515625,-1.62353515625,-0.048828125,-0.40283203125,0.15869140625,-0.439453125,-0.1220703125,-1.30615234375,-0.01220703125,-0.69580078125,0.01220703125,-0.69580078125,-0.08544921875,-0.59814453125,-0.0244140625,-0.09765625,-0.08544921875,-1.025390625,-0.10986328125,-1.806640625,-0.3662109375,-1.52587890625,0.1220703125,0.1708984375,-0.1220703125,0.30517578125,0.06103515625,-0.0244140625,-0.06103515625,-0.01220703125,-0.08544921875,0.146484375,-0.4150390625,6.72607421875,0.244140625,3.25927734375,0.03662109375,2.099609375,-0.146484375,3.47900390625
0,-0.06103515625,-0.40283203125,0.0732421875,-0.37841796875,-0.0732421875,-0.5126953125,-0.20751953125,-0.0732421875,-0.01220703125,-0.10986328125,-0.03662109375,-0.927734375,-0.03662109375,1.07421875,-0.1220703125,-0.1953125,0.1708984375,-0.59814453125,0,-0.146484375,-0.28076171875,0.9033203125,-0.03662109375,-0.6103515625,-0.08544921875,0.0732421875,0.25634765625,-0.634765625,-0.01220703125,3.173828125,-0.29296875,0.5126953125,-0.67138671875,1.8310546875,0.25634765625,-0.341796875,-0.08544921875,0.1220703125,-0.2197265625,0.06103515625,0.3662109375,-0.30517578125,-0.29296875,-0.732421875,-0.08544921875,-0.37841796875,0.4150390625,0.732421875,0.28076171875,1.23291015625,-0.0244140625,0.439453125,-0.341796875,-0.15869140625,-0.244140625,0.69580078125,-0.03662109375,2.34375,0.3173828125,1.3427734375,-0.1220703125,1.33056640625,-0.1953125,6.92138671875,0.3173828125,1.94091796875,-0.3173828125,4.9072265625,0.0244140625,1.37939453125,-0.341796875,1.4404296875,-0.146484375,1.025390625,-0.1708984375,0.78125,0.146484375,-0.01220703125,0.0732421875,1.2939453125,0.0244140625,-1.06201171875,-0.03662109375,-0.4150390625,-0.01220703125,-1.025390625,0,-0.830078125,0.1220703125,-1.6357421875,-0.06103515625,-0.42724609375,0.18310546875,-0.4150390625,-0.06103515625,-1.30615234375,-0.0732421875,-0.7080078125,0.03662109375,-0.69580078125,-0.15869140625,-0.62255859375,-0.10986328125,-0.09765625,-0.0732421875,-1.03759765625,-0.18310546875,-1.81884765625,-0.390625,-1.5625,0.08544921875,0.1708984375,-0.146484375,0.29296875,0.0732421875,-0.01220703125,-0.0732421875,-0.03662109375,-0.08544921875,0.146484375,-0.42724609375,5.6884765625,0.2197265625,2.83203125,0.03662109375,1.62353515625,-0.146484375,2.8076171875
0,-0.0732421875,-0.4150390625,0.06103515625,-0.37841796875,-0.0732421875,-0.50048828125,-0.23193359375,-0.08544921875,0.0244140625,-0.08544921875,-0.048828125,-0.91552734375,-0.06103515625,1.06201171875,-0.13427734375,-0.2197265625,0.146484375,-0.59814453125,0,-0.15869140625,-0.35400390625,0.89111328125,-0.01220703125,-0.57373046875,-0.01220703125,-0.06103515625,0.3173828125,-0.78125,0.09765625,2.4658203125,-0.2685546875,0.3662109375,-0.74462890625,1.11083984375,0.28076171875,-0.5126953125,-0.13427734375,-0.048828125,-0.23193359375,-0.15869140625,0.40283203125,-0.30517578125,-0.32958984375,-0.74462890625,-0.08544921875,-0.40283203125,0.40283203125,0.732421875,0.28076171875,1.23291015625,-0.048828125,0.439453125,-0.25634765625,-0.15869140625,-0.23193359375,0.7080078125,0.03662109375,2.0751953125,0.341796875,1.15966796875,-0.30517578125,1.20849609375,-0.2197265625,5.94482421875,0.29296875,2.28271484375,-0.244140625,5.48095703125,-0.06103515625,1.59912109375,-0.32958984375,1.64794921875,-0.1708984375,0.96435546875,-0.1708984375,0.8056640625,0.08544921875,-0.03662109375,0.18310546875,1.28173828125,-0.048828125,-1.0498046875,-0.0244140625,-0.390625,-0.10986328125,-1.01318359375,0.01220703125,-0.8544921875,0.13427734375,-1.611328125,-0.06103515625,-0.439453125,0.18310546875,-0.42724609375,-0.0244140625,-1.30615234375,-0.1220703125,-0.7080078125,0.03662109375,-0.67138671875,-0.20751953125,-0.59814453125,-0.15869140625,-0.08544921875,-0.03662109375,-1.025390625,-0.25634765625,-1.81884765625,-0.37841796875,-1.5625,0.08544921875,0.18310546875,-0.15869140625,0.29296875,0.03662109375,-0.01220703125,-0.0732421875,-0.048828125,-0.09765625,0.1708984375,-0.45166015625,4.6875,0.20751953125,2.44140625,0.03662109375,1.1962890625,-0.146484375,2.18505859375
0,-0.06103515625,-0.439453125,0.0732421875,-0.37841796875,-0.09765625,-0.48828125,-0.2197265625,-0.09765625,0.03662109375,-0.08544921875,-0.03662109375,-0.91552734375,-0.0732421875,1.06201171875,-0.13427734375,-0.1708984375,0.10986328125,-0.6103515625,0,-0.13427734375,-0.35400390625,0.89111328125,0,-0.57373046875,0.048828125,-0.23193359375,0.3173828125,-0.96435546875,0.1708984375,1.6845703125,-0.28076171875,0.20751953125,-0.76904296875,0.4150390625,0.3173828125,-0.68359375,-0.1220703125,-0.23193359375,-0.1953125,-0.390625,0.390625,-0.29296875,-0.29296875,-0.732421875,-0.08544921875,-0.40283203125,0.35400390625,0.72021484375,0.3173828125,1.26953125,-0.0732421875,0.45166015625,-0.23193359375,-0.1953125,-0.13427734375,0.69580078125,0.03662109375,1.79443359375,0.32958984375,0.98876953125,-0.32958984375,1.0498046875,-0.1708984375,4.89501953125,0.28076171875,2.55126953125,-0.2685546875,5.95703125,-0.1220703125,1.7578125,-0.32958984375,1.7822265625,-0.1708984375,0.89111328125,-0.18310546875,0.8056640625,0.0244140625,-0.0244140625,0.32958984375,1.26953125,-0.09765625,-1.025390625,-0.03662109375,-0.40283203125,-0.18310546875,-1.0009765625,0.06103515625,-0.84228515625,0.1953125,-1.5869140625,-0.01220703125,-0.45166015625,0.20751953125,-0.4150390625,0.048828125,-1.30615234375,-0.1953125,-0.7080078125,-0.03662109375,-0.67138671875,-0.1708984375,-0.5859375,-0.20751953125,-0.08544921875,0.01220703125,-0.98876953125,-0.25634765625,-1.77001953125,-0.32958984375,-1.47705078125,0.09765625,0.18310546875,-0.18310546875,0.3173828125,0.03662109375,-0.0244140625,-0.06103515625,-0.0244140625,-0.09765625,0.1708984375,-0.4638671875,3.77197265625,0.2197265625,2.099609375,0.03662109375,0.8056640625,-0.15869140625,1.62353515625
0,-0.03662109375,-0.42724609375,0.09765625,-0.390625,-0.13427734375,-0.48828125,-0.2197265625,-0.0732421875,0.06103515625,-0.0732421875,-0.0244140625,-0.9033203125,-0.08544921875,1.0498046875,-0.146484375,-0.15869140625,0.0244140625,-0.6103515625,-0.06103515625,-0.146484375,-0.30517578125,0.9033203125,0.01220703125,-0.5859375,0.08544921875,-0.3662109375,0.25634765625,-1.08642578125,0.23193359375,0.98876953125,-0.23193359375,0.03662109375,-0.78125,-0.09765625,0.341796875,-0.78125,-0.15869140625,-0.3662109375,-0.15869140625,-0.54931640625,0.32958984375,-0.2685546875,-0.244140625,-0.732421875,-0.08544921875,-0.390625,0.20751953125,0.72021484375,0.25634765625,1.318359375,-0.1220703125,0.439453125,-0.15869140625,-0.2197265625,-0.048828125,0.68359375,0.048828125,1.52587890625,0.3173828125,0.81787109375,-0.4150390625,0.89111328125,-0.2197265625,3.857421875,0.23193359375,2.685546875,-0.40283203125,6.28662109375,-0.15869140625,1.8798828125,-0.35400390625,1.8798828125,-0.15869140625,0.8056640625,-0.2197265625,0.830078125,-0.0244140625,-0.03662109375,0.439453125,1.25732421875,-0.1220703125,-1.01318359375,-0.03662109375,-0.4150390625,-0.18310546875,-1.01318359375,0.146484375,-0.8544921875,0.2197265625,-1.5625,0.0244140625,-0.47607421875,0.1953125,-0.42724609375,0.09765625,-1.28173828125,-0.25634765625,-0.69580078125,-0.13427734375,-0.6591796875,-0.0732421875,-0.5859375,-0.20751953125,-0.06103515625,0.03662109375,-0.93994140625,-0.25634765625,-1.6845703125,-0.28076171875,-1.3916015625,0.1220703125,0.23193359375,-0.20751953125,0.30517578125,0.03662109375,-0.0244140625,-0.06103515625,-0.03662109375,-0.13427734375,0.18310546875,-0.48828125,2.89306640625,0.1953125,1.81884765625,0.0244140625,0.5126953125,-0.146484375,1.11083984375
0,-0.03662109375,-0.439453125,0.1220703125,-0.35400390625,-0.1708984375,-0.4638671875,-0.2197265625,-0.08544921875,0.0244140625,-0.08544921875,0.01220703125,-0.91552734375,-0.0732421875,1.0498046875,-0.13427734375,-0.15869140625,-0.03662109375,-0.6103515625,-0.1220703125,-0.15869140625,-0.23193359375,0.89111328125,0,-0.5859375,0.1220703125,-0.45166015625,0.15869140625,-1.171875,0.2197265625,0.48828125,-0.20751953125,-0.06103515625,-0.8056640625,-0.37841796875,0.35400390625,-0.86669921875,-0.1953125,-0.45166015625,-0.06103515625,-0.62255859375,0.2685546875,-0.25634765625,-0.2197265625,-0.732421875,-0.0732421875,-0.40283203125,0.1220703125,0.7080078125,0.20751953125,1.3916015625,-0.13427734375,0.45166015625,-0.09765625,-0.244140625,0.03662109375,0.6591796875,0.0244140625,1.2939453125,0.30517578125,0.68359375,-0.42724609375,0.79345703125,-0.20751953125,2.94189453125,0.2197265625,2.74658203125,-0.390625,6.43310546875,-0.146484375,1.94091796875,-0.35400390625,1.89208984375,-0.15869140625,0.732421875,-0.18310546875,0.8544921875,0.01220703125,-0.03662109375,0.48828125,1.25732421875,-0.10986328125,-1.01318359375,-0.03662109375,-0.390625,-0.13427734375,-1.025390625,0.1708984375,-0.84228515625,0.244140625,-1.513671875,0.0732421875,-0.47607421875,0.244140625,-0.42724609375,0.146484375,-1.23291015625,-0.3173828125,-0.68359375,-0.18310546875,-0.6591796875,0.0244140625,-0.59814453125,-0.1708984375,-0.0732421875,0.10986328125,-0.87890625,-0.23193359375,-1.64794921875,-0.2197265625,-1.28173828125,0.13427734375,0.28076171875,-0.1953125,0.3173828125,0.03662109375,-0.0244140625,-0.08544921875,-0.0244140625,-0.13427734375,0.18310546875,-0.48828125,2.099609375,0.1708984375,1.57470703125,0.03662109375,0.23193359375,-0.13427734375,0.6591796875
0,-0.03662109375,-0.42724609375,0.13427734375,-0.37841796875,-0.15869140625,-0.45166015625,-0.2197265625,-0.08544921875,0,-0.0732421875,0.0244140625,-0.9033203125,-0.08544921875,1.07421875,-0.146484375,-0.15869140625,-0.048828125,-0.59814453125,-0.20751953125,-0.1708984375,-0.13427734375,0.89111328125,-0.03662109375,-0.57373046875,0.15869140625,-0.50048828125,0.0732421875,-1.220703125,0.10986328125,0.244140625,-0.20751953125,-0.09765625,-0.76904296875,-0.37841796875,0.37841796875,-0.830078125,-0.2197265625,-0.439453125,-0.01220703125,-0.62255859375,0.244140625,-0.244140625,-0.23193359375,-0.732421875,-0.10986328125,-0.439453125,0.10986328125,0.72021484375,0.08544921875,1.4892578125,-0.15869140625,0.439453125,-0.03662109375,-0.25634765625,0.1953125,0.68359375,-0.01220703125,1.08642578125,0.28076171875,0.59814453125,-0.40283203125,0.7080078125,-0.2685546875,2.13623046875,0.20751953125,2.685546875,-0.390625,6.4697265625,-0.13427734375,1.9287109375,-0.390625,1.8798828125,-0.1220703125,0.6591796875,-0.15869140625,0.8544921875,0.06103515625,-0.03662109375,0.50048828125,1.25732421875,-0.09765625,-1.0009765625,0,-0.390625,-0.09765625,-1.01318359375,0.1708984375,-0.84228515625,0.20751953125,-1.4892578125,0.10986328125,-0.47607421875,0.23193359375,-0.4150390625,0.15869140625,-1.20849609375,-0.30517578125,-0.67138671875,-0.23193359375,-0.64697265625,0.1708984375,-0.59814453125,-0.09765625,-0.06103515625,0.1708984375,-0.79345703125,-0.13427734375,-1.5869140625,-0.13427734375,-1.18408203125,0.10986328125,0.3662109375,-0.18310546875,0.32958984375,0.0244140625,-0.048828125,-0.0732421875,0.01220703125,-0.13427734375,0.1708984375,-0.50048828125,1.318359375,0.15869140625,1.33056640625,-0.01220703125,0,-0.13427734375,0.2197265625
0,-0.048828125,-0.42724609375,0.146484375,-0.3662109375,-0.146484375,-0.45166015625,-0.2197265625,-0.0732421875,-0.0244140625,-0.08544921875,0.0244140625,-0.87890625,-0.10986328125,1.0986328125,-0.1220703125,-0.146484375,-0.048828125,-0.59814453125,-0.25634765625,-0.1708984375,-0.03662109375,0.87890625,-0.09765625,-0.6103515625,0.13427734375,-0.47607421875,0.0244140625,-1.171875,0.09765625,0.341796875,-0.20751953125,-0.06103515625,-0.76904296875,0,0.390625,-0.69580078125,-0.25634765625,-0.32958984375,0.01220703125,-0.5126953125,0.1708984375,-0.20751953125,-0.23193359375,-0.72021484375,-0.1953125,-0.45166015625,0.13427734375,0.732421875,0.06103515625,1.5625,-0.1708984375,0.42724609375,0.06103515625,-0.25634765625,0.29296875,0.6591796875,-0.06103515625,0.89111328125,0.25634765625,0.5126953125,-0.537109375,0.634765625,-0.4150390625,1.46484375,0.15869140625,2.587890625,-0.32958984375,6.34765625,-0.09765625,1.8798828125,-0.42724609375,1.84326171875,-0.08544921875,0.57373046875,-0.146484375,0.8544921875,0.08544921875,-0.0244140625,0.48828125,1.26953125,-0.03662109375,-1.01318359375,0.0244140625,-0.3662109375,-0.048828125,-1.01318359375,0.1220703125,-0.81787109375,0.15869140625,-1.4404296875,0.146484375,-0.4638671875,0.20751953125,-0.4150390625,0.146484375,-1.15966796875,-0.2685546875,-0.68359375,-0.2685546875,-0.64697265625,0.28076171875,-0.5859375,0,-0.048828125,0.2197265625,-0.732421875,-0.048828125,-1.5380859375,-0.0732421875,-1.123046875,0.09765625,0.4150390625,-0.15869140625,0.35400390625,0,-0.03662109375,-0.0732421875,0,-0.13427734375,0.1708984375,-0.50048828125,0.59814453125,0.15869140625,1.0986328125,-0.01220703125,-0.25634765625,-0.1220703125,-0.20751953125
0,-0.06103515625,-0.439453125,0.18310546875,-0.35400390625,-0.1220703125,-0.45166015625,-0.2197265625,-0.06103515625,-0.03662109375,-0.0732421875,0.03662109375,-0.89111328125,-0.1220703125,1.07421875,-0.10986328125,-0.13427734375,-0.0244140625,-0.59814453125,-0.30517578125,-0.18310546875,0.0732421875,0.86669921875,-0.1220703125,-0.6103515625,0.1220703125,-0.37841796875,0,-1.08642578125,0.048828125,0.76904296875,-0.244140625,0.03662109375,-0.84228515625,0.732421875,0.4638671875,-0.48828125,-0.28076171875,-0.08544921875,0.08544921875,-0.28076171875,0.1953125,-0.1708984375,-0.244140625,-0.7080078125,-0.244140625,-0.439453125,0.10986328125,0.7080078125,-0.01220703125,1.5869140625,-0.13427734375,0.4150390625,0.10986328125,-0.23193359375,0.4150390625,0.67138671875,-0.0732421875,0.74462890625,0.2685546875,0.47607421875,-0.47607421875,0.634765625,-0.439453125,0.98876953125,0.1220703125,2.44140625,-0.40283203125,6.14013671875,-0.03662109375,1.8310546875,-0.45166015625,1.7578125,-0.06103515625,0.537109375,-0.03662109375,0.8544921875,0.1220703125,-0.0244140625,0.45166015625,1.25732421875,-0.0244140625,-1.03759765625,0.01220703125,-0.35400390625,-0.03662109375,-1.0009765625,0.03662109375,-0.8056640625,0.08544921875,-1.45263671875,0.13427734375,-0.48828125,0.15869140625,-0.42724609375,0.09765625,-1.1474609375,-0.18310546875,-0.68359375,-0.29296875,-0.62255859375,0.35400390625,-0.59814453125,0.0732421875,-0.06103515625,0.244140625,-0.67138671875,0.0732421875,-1.4892578125,-0.048828125,-1.08642578125,0.09765625,0.45166015625,-0.1708984375,0.35400390625,-0.01220703125,-0.01220703125,-0.0732421875,0.01220703125,-0.13427734375,0.1708984375,-0.52490234375,-0.08544921875,0.09765625,0.84228515625,-0.06103515625,-0.48828125,-0.10986328125,-0.57373046875
0,-0.06103515625,-0.42724609375,0.1953125,-0.35400390625,-0.10986328125,-0.4638671875,-0.2197265625,-0.0732421875,-0.0244140625,-0.08544921875,0.048828125,-0.87890625,-0.146484375,1.0986328125,-0.1220703125,-0.15869140625,-0.03662109375,-0.59814453125,-0.2685546875,-0.1708984375,0.146484375,0.86669921875,-0.09765625,-0.59814453125,0.06103515625,-0.20751953125,-0.03662109375,-0.89111328125,-0.0732421875,1.52587890625,-0.20751953125,0.20751953125,-0.96435546875,1.708984375,0.4638671875,-0.2197265625,-0.3173828125,0.15869140625,0.09765625,0.01220703125,0.1953125,-0.18310546875,-0.341796875,-0.69580078125,-0.341796875,-0.45166015625,0.244140625,0.69580078125,-0.048828125,1.611328125,-0.15869140625,0.40283203125,0.1220703125,-0.2197265625,0.4638671875,0.67138671875,-0.1220703125,0.62255859375,0.23193359375,0.439453125,-0.439453125,0.68359375,-0.48828125,0.6591796875,0.0732421875,2.3193359375,-0.47607421875,5.908203125,0.01220703125,1.74560546875,-0.50048828125,1.67236328125,-0.08544921875,0.47607421875,0.03662109375,0.830078125,0.10986328125,0,0.45166015625,1.26953125,0,-1.03759765625,0,-0.35400390625,0,-1.01318359375,-0.01220703125,-0.79345703125,0.03662109375,-1.47705078125,0.06103515625,-0.47607421875,0.03662109375,-0.45166015625,0.03662109375,-1.171875,-0.0732421875,-0.67138671875,-0.341796875,-0.64697265625,0.45166015625,-0.59814453125,0.13427734375,-0.06103515625,0.20751953125,-0.6591796875,0.18310546875,-1.4892578125,-0.01220703125,-1.08642578125,0.0732421875,0.48828125,-0.2197265625,0.32958984375,0.01220703125,-0.01220703125,-0.08544921875,0.01220703125,-0.10986328125,0.15869140625,-0.52490234375,-0.69580078125,0.06103515625,0.59814453125,-0.0244140625,-0.7080078125,-0.10986328125,-0.96435546875
0,-0.048828125,-0.40283203125,0.18310546875,-0.3662109375,-0.10986328125,-0.45166015625,-0.20751953125,-0.0732421875,-0.03662109375,-0.08544921875,0.0732421875,-0.89111328125,-0.13427734375,1.123046875,-0.1220703125,-0.18310546875,-0.0244140625,-0.59814453125,-0.20751953125,-0.15869140625,0.15869140625,0.84228515625,-0.03662109375,-0.6103515625,0.01220703125,0.0244140625,-0.01220703125,-0.67138671875,-0.0244140625,2.490234375,-0.2197265625,0.42724609375,-0.9521484375,2.880859375,0.390625,0.08544921875,-0.3662109375,0.48828125,0.15869140625,0.40283203125,0.18310546875,-0.1953125,-0.390625,-0.69580078125,-0.390625,-0.45166015625,0.3173828125,0.634765625,-0.08544921875,1.62353515625,-0.15869140625,0.42724609375,0.146484375,-0.15869140625,0.5126953125,0.67138671875,-0.1708984375,0.57373046875,0.25634765625,0.4150390625,-0.341796875,0.74462890625,-0.4638671875,0.439453125,0.03662109375,2.20947265625,-0.48828125,5.6640625,0.048828125,1.67236328125,-0.52490234375,1.59912109375,-0.15869140625,0.4150390625,0.09765625,0.86669921875,0.09765625,-0.01220703125,0.40283203125,1.28173828125,0.0244140625,-1.0498046875,-0.0244140625,-0.32958984375,0.0244140625,-1.01318359375,-0.10986328125,-0.81787109375,0.03662109375,-1.52587890625,0,-0.48828125,0.06103515625,-0.4638671875,0,-1.20849609375,0.048828125,-0.6591796875,-0.32958984375,-0.64697265625,0.537109375,-0.5859375,0.1953125,-0.0732421875,0.15869140625,-0.634765625,0.25634765625,-1.4892578125,-0.03662109375,-1.13525390625,0.0732421875,0.50048828125,-0.1953125,0.341796875,0.0244140625,0,-0.06103515625,-0.01220703125,-0.1220703125,0.18310546875,-0.4638671875,-1.1962890625,0.0732421875,0.3662109375,0.01220703125,-0.91552734375,-0.09765625,-1.26953125
0,-0.048828125,-0.37841796875,0.15869140625,-0.390625,-0.1220703125,-0.47607421875,-0.1953125,-0.09765625,-0.03662109375,-0.0732421875,0.0732421875,-0.87890625,-0.146484375,1.13525390625,-0.1220703125,-0.18310546875,-0.0244140625,-0.5615234375,-0.13427734375,-0.13427734375,0.15869140625,0.87890625,0.01220703125,-0.5859375,-0.0732421875,0.2685546875,-0.03662109375,-0.439453125,0,3.57666015625,-0.244140625,0.69580078125,-0.87890625,4.16259765625,0.341796875,0.4150390625,-0.3662109375,0.84228515625,0.1220703125,0.830078125,0.25634765625,-0.2197265625,-0.439453125,-0.69580078125,-0.4638671875,-0.439453125,0.32958984375,0.59814453125,-0.0732421875,1.6357421875,-0.20751953125,0.42724609375,0.13427734375,-0.146484375,0.6103515625,0.68359375,-0.13427734375,0.52490234375,0.23193359375,0.40283203125,-0.23193359375,0.86669921875,-0.537109375,0.32958984375,0.03662109375,2.11181640625,-0.4150390625,5.419921875,0.048828125,1.611328125,-0.48828125,1.52587890625,-0.2197265625,0.35400390625,0.13427734375,0.8056640625,0.0732421875,0,0.341796875,1.2939453125,0.06103515625,-1.06201171875,-0.0244140625,-0.3662109375,-0.01220703125,-1.01318359375,-0.1220703125,-0.81787109375,0.048828125,-1.5625,-0.10986328125,-0.537109375,0.01220703125,-0.4638671875,-0.0244140625,-1.26953125,0.1220703125,-0.6591796875,-0.29296875,-0.67138671875,0.5615234375,-0.5859375,0.2197265625,-0.08544921875,0.0732421875,-0.64697265625,0.28076171875,-1.513671875,-0.09765625,-1.1962890625,0.048828125,0.48828125,-0.20751953125,0.341796875,0.048828125,0,-0.08544921875,-0.06103515625,-0.09765625,0.18310546875,-0.42724609375,-1.5380859375,0.09765625,0.20751953125,0.03662109375,-1.07421875,-0.146484375,-1.46484375
0,-0.0244140625,-0.390625,0.18310546875,-0.40283203125,-0.10986328125,-0.48828125,-0.18310546875,-0.10986328125,-0.01220703125,-0.048828125,0.09765625,-0.87890625,-0.1708984375,1.13525390625,-0.09765625,-0.18310546875,-0.048828125,-0.57373046875,-0.048828125,-0.1220703125,0.1953125,0.87890625,0.0732421875,-0.59814453125,-0.08544921875,0.5126953125,-0.01220703125,-0.1953125,0.06103515625,4.65087890625,-0.244140625,0.9521484375,-0.98876953125,5.3955078125,0.28076171875,0.7568359375,-0.390625,1.15966796875,0.08544921875,1.25732421875,0.3173828125,-0.244140625,-0.4638671875,-0.69580078125,-0.50048828125,-0.42724609375,0.40283203125,0.57373046875,-0.06103515625,1.6357421875,-0.1953125,0.42724609375,0.09765625,-0.10986328125,0.64697265625,0.69580078125,-0.146484375,0.5126953125,0.23193359375,0.37841796875,-0.10986328125,0.96435546875,-0.5859375,0.244140625,0.048828125,2.06298828125,-0.341796875,5.2001953125,0.048828125,1.55029296875,-0.439453125,1.46484375,-0.244140625,0.28076171875,0.146484375,0.79345703125,0,0.01220703125,0.3173828125,1.2939453125,0.06103515625,-1.0498046875,-0.048828125,-0.37841796875,-0.06103515625,-1.025390625,-0.1220703125,-0.830078125,0.048828125,-1.62353515625,-0.1708984375,-0.537109375,0.01220703125,-0.42724609375,-0.03662109375,-1.33056640625,0.1708984375,-0.6591796875,-0.3173828125,-0.67138671875,0.5615234375,-0.5859375,0.1953125,-0.0732421875,0,-0.67138671875,0.29296875,-1.5625,-0.1953125,-1.26953125,-0.01220703125,0.4638671875,-0.23193359375,0.341796875,0.03662109375,-0.01220703125,-0.0732421875,-0.0732421875,-0.08544921875,0.18310546875,-0.40283203125,-1.69677734375,0.1220703125,0.13427734375,0.0244140625,-1.15966796875,-0.15869140625,-1.5625
1,-0.0244140625,-0.40283203125,0.15869140625,-0.40283203125,-0.13427734375,-0.47607421875,-0.1953125,-0.10986328125,-0.01220703125,-0.03662109375,0.08544921875,-0.9033203125,-0.1708984375,1.11083984375,-0.06103515625,-0.18310546875,-0.0732421875,-0.5859375,0.048828125,-0.13427734375,0.20751953125,0.89111328125,0.10986328125,-0.6103515625,-0.08544921875,0.7080078125,0.03662109375,0,0.048828125,5.62744140625,-0.29296875,1.18408203125,-0.927734375,6.494140625,0.244140625,1.03759765625,-0.40283203125,1.47705078125,0.03662109375,1.62353515625,0.341796875,-0.28076171875,-0.45166015625,-0.68359375,-0.47607421875,-0.40283203125,0.4150390625,0.5615234375,-0.03662109375,1.62353515625,-0.1953125,0.439453125,0.13427734375,-0.10986328125,0.68359375,0.69580078125,-0.08544921875,0.47607421875,0.25634765625,0.35400390625,-0.0244140625,1.07421875,-0.6591796875,0.18310546875,0.0732421875,2.03857421875,-0.18310546875,5.04150390625,0.03662109375,1.50146484375,-0.341796875,1.416015625,-0.1953125,0.244140625,0.18310546875,0.830078125,-0.048828125,0,0.23193359375,1.28173828125,0.08544921875,-1.0498046875,-0.06103515625,-0.37841796875,-0.146484375,-1.025390625,-0.1220703125,-0.81787109375,0.06103515625,-1.64794921875,-0.23193359375,-0.537109375,0,-0.341796875,-0.03662109375,-1.3671875,0.18310546875,-0.68359375,-0.28076171875,-0.69580078125,0.50048828125,-0.57373046875,0.1708984375,-0.08544921875,-0.0244140625,-0.72021484375,0.2197265625,-1.59912109375,-0.29296875,-1.3427734375,-0.03662109375,0.40283203125,-0.1953125,0.341796875,0.03662109375,0,-0.08544921875,-0.10986328125,-0.09765625,0.20751953125,-0.40283203125,-1.66015625,0.13427734375,0.13427734375,0.048828125,-1.1474609375,-0.09765625,-1.52587890625
1,-0.048828125,-0.4150390625,0.146484375,-0.40283203125,-0.09765625,-0.48828125,-0.20751953125,-0.10986328125,0,-0.0244140625,0.09765625,-0.9033203125,-0.15869140625,1.11083984375,-0.048828125,-0.1953125,-0.0732421875,-0.59814453125,0.146484375,-0.10986328125,0.244140625,0.9033203125,0.146484375,-0.59814453125,-0.048828125,0.89111328125,0.0732421875,0.18310546875,0.048828125,6.4208984375,-0.29296875,1.3671875,-0.9521484375,7.3974609375,0.2197265625,1.2451171875,-0.37841796875,1.69677734375,0.03662109375,1.94091796875,0.341796875,-0.28076171875,-0.4150390625,-0.68359375,-0.47607421875,-0.390625,0.4150390625,0.5859375,-0.01220703125,1.6357421875,-0.2197265625,0.42724609375,0.08544921875,-0.10986328125,0.68359375,0.69580078125,0,0.4638671875,0.25634765625,0.35400390625,0.0244140625,1.0986328125,-0.6591796875,0.06103515625,0.09765625,1.9775390625,-0.10986328125,4.87060546875,0.01220703125,1.46484375,-0.25634765625,1.3671875,-0.09765625,0.1708984375,0.18310546875,0.81787109375,-0.146484375,-0.01220703125,0.20751953125,1.25732421875,0.09765625,-1.0498046875,-0.09765625,-0.390625,-0.2197265625,-1.025390625,-0.08544921875,-0.81787109375,0.08544921875,-1.611328125,-0.23193359375,-0.48828125,0.01220703125,-0.1708984375,-0.03662109375,-1.35498046875,0.13427734375,-0.67138671875,-0.2197265625,-0.7080078125,0.40283203125,-0.57373046875,0.1220703125,-0.08544921875,-0.0732421875,-0.7568359375,0.13427734375,-1.6357421875,-0.3662109375,-1.40380859375,-0.0732421875,0.3662109375,-0.1953125,0.35400390625,0.0244140625,0,-0.0732421875,-0.08544921875,-0.09765625,0.20751953125,-0.37841796875,-1.45263671875,0.13427734375,0.23193359375,0.0244140625,-1.06201171875,-0.1220703125,-1.37939453125
1,-0.0244140625,-0.4150390625,0.15869140625,-0.37841796875,-0.13427734375,-0.50048828125,-0.1953125,-0.10986328125,0.01220703125,-0.03662109375,0.1220703125,-0.91552734375,-0.13427734375,1.08642578125,-0.048828125,-0.1708984375,-0.06103515625,-0.5859375,0.20751953125,-0.146484375,0.244140625,0.91552734375,0.146484375,-0.59814453125,0.01220703125,1.0009765625,0.08544921875,0.2685546875,0.03662109375,6.94580078125,-0.2685546875,1.4892578125,-1.025390625,7.9345703125,0.146484375,1.40380859375,-0.3662109375,1.81884765625,-0.03662109375,2.1240234375,0.37841796875,-0.30517578125,-0.32958984375,-0.68359375,-0.4150390625,-0.37841796875,0.3662109375,0.62255859375,0,1.6357421875,-0.2685546875,0.4150390625,0.0244140625,-0.146484375,0.68359375,0.68359375,0.0732421875,0.45166015625,0.23193359375,0.30517578125,0.03662109375,1.0986328125,-0.54931640625,-0.06103515625,0.06103515625,1.89208984375,-0.06103515625,4.74853515625,-0.0244140625,1.416015625,-0.1708984375,1.3427734375,0.03662109375,0.13427734375,0.18310546875,0.84228515625,-0.244140625,-0.0244140625,0.2197265625,1.25732421875,0.08544921875,-1.03759765625,-0.09765625,-0.4150390625,-0.23193359375,-1.01318359375,-0.08544921875,-0.830078125,0.0732421875,-1.52587890625,-0.2197265625,-0.4150390625,-0.03662109375,0.13427734375,-0.048828125,-1.26953125,0.08544921875,-0.6591796875,-0.146484375,-0.7080078125,0.30517578125,-0.5615234375,0.0732421875,-0.08544921875,-0.01220703125,-0.79345703125,0.06103515625,-1.67236328125,-0.341796875,-1.42822265625,-0.09765625,0.30517578125,-0.1708984375,0.32958984375,0.048828125,0,-0.08544921875,-0.09765625,-0.09765625,0.18310546875,-0.390625,-1.11083984375,0.1220703125,0.390625,0.01220703125,-0.91552734375,-0.08544921875,-1.1474609375
1,-0.01220703125,-0.4150390625,0.1708984375,-0.3662109375,-0.10986328125,-0.5126953125,-0.18310546875,-0.08544921875,0.048828125,-0.048828125,0.1220703125,-0.91552734375,-0.15869140625,1.07421875,-0.0732421875,-0.15869140625,-0.0732421875,-0.5859375,0.23193359375,-0.10986328125,0.20751953125,0.9033203125,0.0732421875,-0.6103515625,0.08544921875,1.06201171875,0.10986328125,0.32958984375,0.048828125,7.2021484375,-0.244140625,1.5625,-1.025390625,8.16650390625,0.146484375,1.4404296875,-0.32958984375,1.85546875,-0.048828125,2.197265625,0.30517578125,-0.3173828125,-0.244140625,-0.7080078125,-0.390625,-0.390625,0.3173828125,0.68359375,0.03662109375,1.6357421875,-0.30517578125,0.4150390625,-0.06103515625,-0.146484375,0.68359375,0.67138671875,0.18310546875,0.4638671875,0.2197265625,0.30517578125,0.146484375,1.0498046875,-0.50048828125,-0.20751953125,-0.0244140625,1.7822265625,-0.048828125,4.57763671875,-0.06103515625,1.3427734375,-0.13427734375,1.26953125,0.13427734375,0.09765625,0.1220703125,0.8544921875,-0.341796875,-0.03662109375,0.20751953125,1.23291015625,0.06103515625,-1.025390625,-0.08544921875,-0.390625,-0.1953125,-1.0009765625,-0.048828125,-0.830078125,0.08544921875,-1.3671875,-0.20751953125,-0.2685546875,0.0732421875,0.5859375,-0.06103515625,-1.08642578125,-0.03662109375,-0.67138671875,-0.06103515625,-0.7080078125,0.2685546875,-0.5615234375,0.06103515625,-0.0732421875,0.01220703125,-0.81787109375,-0.06103515625,-1.6845703125,-0.29296875,-1.4404296875,-0.09765625,0.25634765625,-0.15869140625,0.32958984375,0.048828125,-0.01220703125,-0.0732421875,-0.0732421875,-0.09765625,0.1708984375,-0.341796875,-0.72021484375,0.13427734375,0.59814453125,0.01220703125,-0.7080078125,-0.09765625,-0.87890625
1,0.01220703125,-0.4150390625,0.15869140625,-0.3662109375,-0.1220703125,-0.48828125,-0.1708984375,-0.09765625,0.06103515625,-0.0732421875,0.146484375,-0.9033203125,-0.146484375,1.07421875,-0.08544921875,-0.15869140625,-0.08544921875,-0.59814453125,0.2197265625,-0.09765625,0.1953125,0.9033203125,0.01220703125,-0.6103515625,0.15869140625,1.06201171875,0.08544921875,0.3173828125,0.01220703125,7.16552734375,-0.10986328125,1.5380859375,-0.9033203125,8.11767578125,0.06103515625,1.40380859375,-0.2685546875,1.806640625,-0.08544921875,2.16064453125,0.20751953125,-0.3173828125,-0.146484375,-0.7080078125,-0.3662109375,-0.390625,0.28076171875,0.830078125,0.06103515625,1.64794921875,-0.32958984375,0.4150390625,-0.146484375,-0.1708984375,0.67138671875,0.6591796875,0.23193359375,0.47607421875,0.20751953125,0.29296875,0.20751953125,0.927734375,-0.341796875,-0.3662109375,-0.08544921875,1.64794921875,0,4.40673828125,-0.03662109375,1.25732421875,-0.09765625,1.1962890625,0.244140625,0.0732421875,0.048828125,0.86669921875,-0.3662109375,-0.06103515625,0.2197265625,1.20849609375,0.0244140625,-1.0009765625,-0.048828125,-0.35400390625,-0.08544921875,-1.01318359375,-0.01220703125,-0.8056640625,0.1220703125,-1.1474609375,-0.15869140625,-0.0732421875,0.08544921875,1.18408203125,-0.0244140625,-0.830078125,-0.13427734375,-0.67138671875,0,-0.69580078125,0.2685546875,-0.57373046875,0,-0.048828125,0.06103515625,-0.84228515625,-0.1953125,-1.69677734375,-0.3173828125,-1.42822265625,-0.08544921875,0.2197265625,-0.15869140625,0.30517578125,0.048828125,0.01220703125,-0.06103515625,-0.048828125,-0.09765625,0.15869140625,-0.28076171875,-0.32958984375,0.10986328125,0.78125,-0.01220703125,-0.50048828125,-0.10986328125,-0.634765625
1,0.0244140625,-0.42724609375,0.1953125,-0.3662109375,-0.10986328125,-0.47607421875,-0.18310546875,-0.08544921875,0.09765625,-0.08544921875,0.15869140625,-0.9033203125,-0.146484375,1.06201171875,-0.0732421875,-0.146484375,-0.09765625,-0.5859375,0.15869140625,-0.09765625,0.1220703125,0.89111328125,-0.0244140625,-0.6103515625,0.2197265625,0.96435546875,0.06103515625,0.23193359375,0.01220703125,6.92138671875,0.06103515625,1.47705078125,-0.84228515625,7.75146484375,0.03662109375,1.28173828125,-0.2197265625,1.69677734375,-0.06103515625,2.01416015625,0.15869140625,-0.28076171875,-0.08544921875,-0.72021484375,-0.390625,-0.4150390625,0.18310546875,0.96435546875,0.09765625,1.611328125,-0.28076171875,0.4150390625,-0.1953125,-0.1953125,0.59814453125,0.6591796875,0.32958984375,0.4638671875,0.20751953125,0.30517578125,0.28076171875,0.7568359375,-0.244140625,-0.48828125,-0.13427734375,1.4892578125,0.048828125,4.21142578125,0,1.171875,-0.06103515625,1.11083984375,0.244140625,0.08544921875,-0.0244140625,0.8544921875,-0.37841796875,-0.06103515625,0.2197265625,1.20849609375,0,-0.98876953125,-0.01220703125,-0.3662109375,0.0244140625,-1.0009765625,0.03662109375,-0.830078125,0.13427734375,-0.87890625,-0.09765625,0.146484375,0.0244140625,1.8798828125,0,-0.50048828125,-0.2197265625,-0.6591796875,0.03662109375,-0.68359375,0.32958984375,-0.57373046875,-0.06103515625,-0.06103515625,0.09765625,-0.84228515625,-0.23193359375,-1.6845703125,-0.29296875,-1.40380859375,-0.048828125,0.23193359375,-0.15869140625,0.30517578125,0.06103515625,0.01220703125,-0.08544921875,-0.0244140625,-0.08544921875,0.13427734375,-0.32958984375,-0.03662109375,0.08544921875,0.93994140625,-0.01220703125,-0.35400390625,-0.06103515625,-0.439453125
1,0.0244140625,-0.4150390625,0.18310546875,-0.37841796875,-0.13427734375,-0.4638671875,-0.1708984375,-0.08544921875,0.09765625,-0.06103515625,0.15869140625,-0.91552734375,-0.1220703125,1.07421875,-0.06103515625,-0.15869140625,-0.09765625,-0.5859375,0.09765625,-0.10986328125,0.0244140625,0.91552734375,-0.06103515625,-0.59814453125,0.244140625,0.8544921875,0.0244140625,0.10986328125,0.01220703125,6.4208984375,0.18310546875,1.35498046875,-0.7080078125,7.18994140625,-0.01220703125,1.11083984375,-0.18310546875,1.52587890625,-0.048828125,1.79443359375,0.1220703125,-0.28076171875,-0.048828125,-0.72021484375,-0.37841796875,-0.4150390625,0.146484375,1.0986328125,0.06103515625,1.5380859375,-0.2685546875,0.439453125,-0.23193359375,-0.20751953125,0.537109375,0.64697265625,0.37841796875,0.47607421875,0.1953125,0.30517578125,0.2685546875,0.6103515625,-0.146484375,-0.5615234375,-0.09765625,1.28173828125,0.15869140625,3.955078125,0.048828125,1.0986328125,-0.0732421875,1.025390625,0.2197265625,0.13427734375,-0.08544921875,0.830078125,-0.32958984375,-0.06103515625,0.1953125,1.220703125,-0.06103515625,-0.9765625,0.06103515625,-0.35400390625,0.146484375,-0.98876953125,0.03662109375,-0.8056640625,0.1220703125,-0.6103515625,-0.0732421875,0.40283203125,0.09765625,2.67333984375,0.01220703125,-0.146484375,-0.29296875,-0.67138671875,0.048828125,-0.67138671875,0.439453125,-0.59814453125,-0.10986328125,-0.03662109375,0.09765625,-0.8544921875,-0.30517578125,-1.69677734375,-0.28076171875,-1.3427734375,-0.0732421875,0.2197265625,-0.1708984375,0.30517578125,0.048828125,0.0244140625,-0.06103515625,0,-0.09765625,0.13427734375,-0.29296875,0.13427734375,0.1220703125,1.0009765625,0.01220703125,-0.25634765625,-0.03662109375,-0.30517578125
1,0.048828125,-0.4150390625,0.18310546875,-0.390625,-0.10986328125,-0.45166015625,-0.13427734375,-0.08544921875,0.13427734375,-0.03662109375,0.15869140625,-0.91552734375,-0.13427734375,1.06201171875,-0.10986328125,-0.18310546875,-0.08544921875,-0.59814453125,0.048828125,-0.1220703125,-0.03662109375,0.9033203125,-0.048828125,-0.6103515625,0.28076171875,0.67138671875,0.0244140625,-0.03662109375,0.03662109375,5.82275390625,0.2685546875,1.1962890625,-0.67138671875,6.4697265625,0,0.927734375,-0.15869140625,1.318359375,-0.06103515625,1.5380859375,0.146484375,-0.2685546875,-0.0244140625,-0.72021484375,-0.439453125,-0.4150390625,0.1220703125,1.220703125,0.03662109375,1.47705078125,-0.15869140625,0.439453125,-0.28076171875,-0.2197265625,0.4638671875,0.67138671875,0.37841796875,0.48828125,0.20751953125,0.30517578125,0.32958984375,0.47607421875,-0.0732421875,-0.537109375,-0.13427734375,1.11083984375,0.28076171875,3.67431640625,0.13427734375,1.01318359375,-0.08544921875,0.9521484375,0.1953125,0.20751953125,-0.146484375,0.84228515625,-0.25634765625,-0.048828125,0.13427734375,1.23291015625,-0.09765625,-1.0009765625,0.146484375,-0.3662109375,0.244140625,-1.0009765625,-0.0244140625,-0.79345703125,0.09765625,-0.3173828125,-0.03662109375,0.634765625,0,3.45458984375,0.01220703125,0.2197265625,-0.30517578125,-0.67138671875,0.048828125,-0.6591796875,0.52490234375,-0.62255859375,-0.146484375,-0.03662109375,0.0732421875,-0.86669921875,-0.30517578125,-1.6845703125,-0.1953125,-1.318359375,-0.09765625,0.244140625,-0.1953125,0.30517578125,0.03662109375,0.0244140625,-0.06103515625,0.01220703125,-0.1220703125,0.13427734375,-0.3662109375,0.1220703125,0.048828125,1.0009765625,-0.06103515625,-0.23193359375,-0.10986328125,-0.30517578125
1,0.06103515625,-0.390625,0.15869140625,-0.390625,-0.10986328125,-0.439453125,-0.13427734375,-0.06103515625,0.15869140625,-0.048828125,0.15869140625,-0.87890625,-0.15869140625,1.08642578125,-0.09765625,-0.18310546875,-0.08544921875,-0.57373046875,-0.01220703125,-0.13427734375,-0.1220703125,0.927734375,-0.03662109375,-0.59814453125,0.244140625,0.47607421875,0.0244140625,-0.20751953125,0.06103515625,5.1025390625,0.2197265625,1.0009765625,-0.69580078125,5.712890625,0.03662109375,0.68359375,-0.1708984375,1.123046875,-0.06103515625,1.28173828125,0.20751953125,-0.25634765625,-0.0244140625,-0.74462890625,-0.45166015625,-0.439453125,0.08544921875,1.318359375,-0.03662109375,1.42822265625,-0.1220703125,0.45166015625,-0.25634765625,-0.1953125,0.390625,0.69580078125,0.30517578125,0.5126953125,0.1953125,0.35400390625,0.40283203125,0.37841796875,-0.03662109375,-0.4638671875,-0.0732421875,0.93994140625,0.3173828125,3.3203125,0.1708984375,0.9033203125,-0.146484375,0.84228515625,0.20751953125,0.25634765625,-0.15869140625,0.8056640625,-0.20751953125,-0.048828125,0.0732421875,1.2451171875,-0.15869140625,-1.0009765625,0.1708984375,-0.35400390625,0.28076171875,-1.01318359375,-0.08544921875,-0.79345703125,0.09765625,-0.09765625,0,0.86669921875,-0.10986328125,4.21142578125,0.01220703125,0.57373046875,-0.28076171875,-0.68359375,0.01220703125,-0.64697265625,0.5859375,-0.6103515625,-0.10986328125,-0.048828125,0.06103515625,-0.830078125,-0.29296875,-1.67236328125,-0.08544921875,-1.2939453125,-0.06103515625,0.2685546875,-0.1953125,0.30517578125,0.048828125,0.01220703125,-0.048828125,0.03662109375,-0.146484375,0.146484375,-0.390625,0.01220703125,-0.03662109375,0.9521484375,-0.01220703125,-0.29296875,-0.06103515625,-0.390625
1,0.0732421875,-0.37841796875,0.18310546875,-0.40283203125,-0.10986328125,-0.439453125,-0.08544921875,-0.08544921875,0.18310546875,-0.06103515625,0.10986328125,-0.9033203125,-0.1953125,1.0986328125,-0.146484375,-0.18310546875,-0.1220703125,-0.5859375,-0.01220703125,-0.146484375,-0.1953125,0.93994140625,0.01220703125,-0.5859375,0.1953125,0.29296875,-0.01220703125,-0.390625,0.08544921875,4.35791015625,0.10986328125,0.79345703125,-0.6591796875,4.931640625,0.06103515625,0.4638671875,-0.1953125,0.93994140625,-0.03662109375,1.01318359375,0.23193359375,-0.25634765625,-0.06103515625,-0.7080078125,-0.42724609375,-0.42724609375,0.146484375,1.35498046875,-0.06103515625,1.3671875,-0.1220703125,0.4638671875,-0.3173828125,-0.1708984375,0.3173828125,0.7080078125,0.2197265625,0.50048828125,0.23193359375,0.3662109375,0.45166015625,0.29296875,0.01220703125,-0.35400390625,-0.06103515625,0.79345703125,0.1953125,2.9541015625,0.20751953125,0.81787109375,-0.1708984375,0.74462890625,0.15869140625,0.30517578125,-0.1953125,0.8056640625,-0.1708984375,-0.03662109375,0.048828125,1.25732421875,-0.18310546875,-1.0009765625,0.18310546875,-0.3662109375,0.28076171875,-1.025390625,-0.146484375,-0.79345703125,0.0732421875,0.09765625,-0.048828125,1.0498046875,-0.23193359375,4.84619140625,-0.0244140625,0.8056640625,-0.2197265625,-0.69580078125,-0.06103515625,-0.6591796875,0.6103515625,-0.62255859375,-0.09765625,-0.06103515625,0,-0.830078125,-0.28076171875,-1.66015625,-0.01220703125,-1.30615234375,-0.1220703125,0.28076171875,-0.2197265625,0.30517578125,0.06103515625,0.01220703125,-0.0732421875,-0.01220703125,-0.1708984375,0.146484375,-0.30517578125,-0.20751953125,0.0244140625,0.830078125,0.01220703125,-0.37841796875,-0.048828125,-0.537109375
1,0.09765625,-0.390625,0.13427734375,-0.390625,-0.13427734375,-0.4638671875,-0.08544921875,-0.08544921875,0.1708984375,-0.048828125,0.1220703125,-0.9033203125,-0.1708984375,1.0986328125,-0.1220703125,-0.1953125,-0.20751953125,-0.5859375,0.01220703125,-0.15869140625,-0.1953125,0.9521484375,0.06103515625,-0.59814453125,0.146484375,0.10986328125,-0.03662109375,-0.5859375,0.08544921875,3.62548828125,0.03662109375,0.59814453125,-0.67138671875,4.19921875,0,0.28076171875,-0.25634765625,0.76904296875,-0.0244140625,0.79345703125,0.3173828125,-0.2197265625,0,-0.7080078125,-0.4150390625,-0.4150390625,0.146484375,1.33056640625,-0.03662109375,1.33056640625,-0.048828125,0.4638671875,-0.3662109375,-0.18310546875,0.2197265625,0.7080078125,0.146484375,0.537109375,0.28076171875,0.390625,0.52490234375,0.30517578125,0.09765625,-0.20751953125,0.0244140625,0.6591796875,0.18310546875,2.587890625,0.1953125,0.732421875,-0.244140625,0.6591796875,0.146484375,0.35400390625,-0.23193359375,0.79345703125,-0.1220703125,-0.01220703125,-0.0244140625,1.25732421875,-0.1708984375,-1.0009765625,0.18310546875,-0.390625,0.23193359375,-1.0498046875,-0.20751953125,-0.79345703125,0.08544921875,0.20751953125,-0.0732421875,1.15966796875,-0.32958984375,5.26123046875,-0.03662109375,0.9521484375,-0.146484375,-0.72021484375,-0.0732421875,-0.68359375,0.6103515625,-0.64697265625,-0.09765625,-0.08544921875,0.01220703125,-0.830078125,-0.244140625,-1.66015625,0.0244140625,-1.2939453125,-0.0732421875,0.3173828125,-0.23193359375,0.30517578125,0.0732421875,0,-0.06103515625,-0.06103515625,-0.146484375,0.146484375,-0.35400390625,-0.4638671875,-0.048828125,0.72021484375,-0.03662109375,-0.48828125,-0.09765625,-0.68359375
1,0.09765625,-0.3662109375,0.1220703125,-0.37841796875,-0.13427734375,-0.4638671875,-0.06103515625,-0.0732421875,0.18310546875,-0.048828125,0.09765625,-0.9033203125,-0.1953125,1.08642578125,-0.146484375,-0.18310546875,-0.2685546875,-0.5859375,0.0244140625,-0.13427734375,-0.1953125,0.927734375,0.08544921875,-0.5859375,0.0732421875,-0.06103515625,-0.08544921875,-0.732421875,0.03662109375,2.91748046875,-0.06103515625,0.40283203125,-0.5859375,3.5400390625,-0.03662109375,0.10986328125,-0.32958984375,0.59814453125,0.0244140625,0.5859375,0.3662109375,-0.20751953125,-0.01220703125,-0.69580078125,-0.3662109375,-0.40283203125,0.06103515625,1.26953125,-0.0244140625,1.3427734375,-0.0244140625,0.45166015625,-0.4150390625,-0.15869140625,0.10986328125,0.7080078125,0.048828125,0.5615234375,0.244140625,0.439453125,0.5126953125,0.3173828125,0.0732421875,-0.03662109375,0.06103515625,0.537109375,0.1708984375,2.20947265625,0.1708984375,0.64697265625,-0.29296875,0.57373046875,0.048828125,0.3662109375,-0.2685546875,0.79345703125,-0.0732421875,0.01220703125,-0.08544921875,1.26953125,-0.1220703125,-1.025390625,0.1708984375,-0.40283203125,0.13427734375,-1.03759765625,-0.23193359375,-0.8056640625,0.08544921875,0.23193359375,-0.0732421875,1.18408203125,-0.244140625,5.4931640625,0.01220703125,1.01318359375,-0.048828125,-0.7080078125,-0.10986328125,-0.67138671875,0.6103515625,-0.62255859375,-0.10986328125,-0.08544921875,-0.01220703125,-0.8544921875,-0.2197265625,-1.66015625,0.03662109375,-1.30615234375,-0.048828125,0.3173828125,-0.2197265625,0.3173828125,0.0732421875,-0.01220703125,-0.06103515625,-0.10986328125,-0.13427734375,0.18310546875,-0.35400390625,-0.634765625,-0.0732421875,0.64697265625,-0.0244140625,-0.5859375,-0.06103515625,-0.78125
1,0.09765625,-0.390625,0.10986328125,-0.3662109375,-0.146484375,-0.47607421875,-0.048828125,-0.08544921875,0.15869140625,-0.048828125,0.08544921875,-0.91552734375,-0.15869140625,1.07421875,-0.15869140625,-0.15869140625,-0.3173828125,-0.5859375,0.06103515625,-0.15869140625,-0.1220703125,0.927734375,0.0732421875,-0.5859375,0.01220703125,-0.1953125,-0.10986328125,-0.87890625,-0.0244140625,2.28271484375,-0.0732421875,0.2197265625,-0.50048828125,2.9541015625,-0.09765625,-0.048828125,-0.3662109375,0.45166015625,0.048828125,0.42724609375,0.40283203125,-0.2197265625,0,-0.7080078125,-0.341796875,-0.4150390625,0.08544921875,1.13525390625,-0.0244140625,1.35498046875,0.0244140625,0.439453125,-0.4150390625,-0.10986328125,0.048828125,0.7080078125,0.0244140625,0.59814453125,0.25634765625,0.45166015625,0.5859375,0.37841796875,0.03662109375,0.06103515625,0.08544921875,0.439453125,0.1220703125,1.86767578125,0.08544921875,0.54931640625,-0.32958984375,0.47607421875,-0.01220703125,0.3662109375,-0.28076171875,0.81787109375,-0.0732421875,0.0244140625,-0.09765625,1.25732421875,-0.08544921875,-1.03759765625,0.10986328125,-0.40283203125,0.06103515625,-1.0498046875,-0.2197265625,-0.830078125,0.08544921875,0.20751953125,-0.06103515625,1.1474609375,-0.20751953125,5.50537109375,0.0244140625,0.9521484375,0.0244140625,-0.72021484375,-0.13427734375,-0.67138671875,0.59814453125,-0.634765625,-0.10986328125,-0.0732421875,-0.03662109375,-0.8544921875,-0.20751953125,-1.64794921875,-0.0244140625,-1.28173828125,-0.01220703125,0.32958984375,-0.1953125,0.29296875,0.048828125,-0.0244140625,-0.048828125,-0.15869140625,-0.13427734375,0.1953125,-0.2685546875,-0.732421875,-0.01220703125,0.6103515625,-0.0244140625,-0.6103515625,-0.0244140625,-0.79345703125
0,0.1220703125,-0.40283203125,0.09765625,-0.3662109375,-0.1220703125,-0.48828125,-0.0244140625,-0.0732421875,0.1708984375,-0.06103515625,0.08544921875,-0.9033203125,-0.18310546875,1.0498046875,-0.1220703125,-0.1708984375,-0.32958984375,-0.57373046875,0.0732421875,-0.146484375,-0.048828125,0.9033203125,0.08544921875,-0.59814453125,-0.06103515625,-0.30517578125,-0.06103515625,-1.0009765625,-0.08544921875,1.6845703125,-0.048828125,0.0732421875,-0.390625,2.40478515625,-0.15869140625,-0.1953125,-0.390625,0.30517578125,0.03662109375,0.244140625,0.42724609375,-0.2197265625,-0.01220703125,-0.7080078125,-0.30517578125,-0.42724609375,0.048828125,0.9765625,0.0732421875,1.3916015625,0.03662109375,0.4150390625,-0.48828125,-0.146484375,0,0.69580078125,0.03662109375,0.62255859375,0.2685546875,0.45166015625,0.64697265625,0.45166015625,0.10986328125,0.13427734375,0.1220703125,0.390625,0.13427734375,1.611328125,0.0244140625,0.47607421875,-0.32958984375,0.40283203125,-0.08544921875,0.3173828125,-0.30517578125,0.81787109375,-0.08544921875,0.01220703125,-0.06103515625,1.25732421875,0.01220703125,-1.06201171875,0.0244140625,-0.40283203125,-0.01220703125,-1.0498046875,-0.2197265625,-0.84228515625,0.08544921875,0.08544921875,-0.0244140625,1.06201171875,-0.2197265625,5.2978515625,0.048828125,0.8056640625,0.0244140625,-0.732421875,-0.146484375,-0.68359375,0.50048828125,-0.62255859375,-0.1220703125,-0.06103515625,-0.08544921875,-0.8544921875,-0.146484375,-1.62353515625,-0.13427734375,-1.2451171875,0.0244140625,0.32958984375,-0.1708984375,0.28076171875,0.0244140625,-0.03662109375,-0.048828125,-0.1708984375,-0.13427734375,0.1708984375,-0.30517578125,-0.7080078125,-0.08544921875,0.6591796875,-0.048828125,-0.5615234375,-0.03662109375,-0.72021484375
0,0.146484375,-0.4150390625,0.10986328125,-0.37841796875,-0.10986328125,-0.48828125,0,-0.09765625,0.1708984375,-0.08544921875,0.09765625,-0.9033203125,-0.146484375,1.03759765625,-0.146484375,-0.15869140625,-0.30517578125,-0.5859375,0.08544921875,-0.15869140625,0,0.9033203125,0.06103515625,-0.59814453125,-0.1220703125,-0.390625,-0.0244140625,-1.07421875,-0.15869140625,1.20849609375,0.01220703125,-0.03662109375,-0.29296875,1.904296875,-0.2197265625,-0.32958984375,-0.40283203125,0.18310546875,0.06103515625,0.0732421875,0.40283203125,-0.2197265625,-0.048828125,-0.69580078125,-0.2685546875,-0.45166015625,0.09765625,0.8056640625,0.1220703125,1.3916015625,0,0.390625,-0.50048828125,-0.13427734375,-0.0732421875,0.68359375,0.10986328125,0.68359375,0.20751953125,0.48828125,0.57373046875,0.52490234375,0.08544921875,0.1708984375,0.1953125,0.37841796875,0.0732421875,1.50146484375,-0.048828125,0.439453125,-0.3173828125,0.35400390625,-0.15869140625,0.30517578125,-0.30517578125,0.830078125,-0.10986328125,0,0,1.23291015625,0.0732421875,-1.0498046875,-0.048828125,-0.4150390625,-0.06103515625,-1.025390625,-0.1708984375,-0.86669921875,0.048828125,-0.06103515625,0,0.927734375,-0.146484375,4.9560546875,0.048828125,0.6103515625,0.03662109375,-0.732421875,-0.10986328125,-0.64697265625,0.341796875,-0.6103515625,-0.1220703125,-0.06103515625,-0.1708984375,-0.84228515625,-0.08544921875,-1.62353515625,-0.23193359375,-1.220703125,-0.01220703125,0.341796875,-0.146484375,0.28076171875,0.01220703125,-0.0244140625,-0.06103515625,-0.1708984375,-0.13427734375,0.1708984375,-0.29296875,-0.5126953125,-0.0732421875,0.76904296875,-0.0244140625,-0.439453125,-0.01220703125,-0.537109375
0,0.13427734375,-0.42724609375,0.15869140625,-0.3662109375,-0.09765625,-0.47607421875,0,-0.08544921875,0.146484375,-0.08544921875,0.1220703125,-0.91552734375,-0.10986328125,1.0498046875,-0.1220703125,-0.146484375,-0.2685546875,-0.57373046875,0.09765625,-0.13427734375,0.03662109375,0.89111328125,0.0732421875,-0.59814453125,-0.1953125,-0.4638671875,0,-1.1474609375,-0.244140625,0.84228515625,0.06103515625,-0.1220703125,-0.244140625,1.3671875,-0.2685546875,-0.4638671875,-0.390625,0.03662109375,0.01220703125,-0.10986328125,0.3662109375,-0.244140625,-0.03662109375,-0.69580078125,-0.2685546875,-0.4638671875,0.20751953125,0.62255859375,0.20751953125,1.416015625,0.01220703125,0.40283203125,-0.5126953125,-0.13427734375,-0.13427734375,0.68359375,0.1708984375,0.7568359375,0.20751953125,0.47607421875,0.54931640625,0.62255859375,0.23193359375,0.10986328125,0.18310546875,0.40283203125,0.01220703125,1.55029296875,-0.146484375,0.439453125,-0.3173828125,0.390625,-0.18310546875,0.28076171875,-0.30517578125,0.8544921875,-0.15869140625,0.0244140625,0.0732421875,1.25732421875,0.10986328125,-1.0498046875,-0.1220703125,-0.42724609375,-0.08544921875,-1.025390625,-0.1708984375,-0.8544921875,0.03662109375,-0.2197265625,0.01220703125,0.74462890625,-0.03662109375,4.52880859375,0.03662109375,0.4150390625,0,-0.72021484375,-0.0732421875,-0.6591796875,0.15869140625,-0.62255859375,-0.09765625,-0.03662109375,-0.20751953125,-0.830078125,-0.048828125,-1.5869140625,-0.25634765625,-1.1962890625,0,0.341796875,-0.13427734375,0.28076171875,0.0244140625,-0.0244140625,-0.0732421875,-0.13427734375,-0.13427734375,0.15869140625,-0.244140625,-0.244140625,-0.06103515625,0.96435546875,-0.0244140625,-0.244140625,-0.01220703125,-0.25634765625
0,0.10986328125,-0.439453125,0.08544921875,-0.35400390625,-0.09765625,-0.48828125,0,-0.09765625,0.1220703125,-0.09765625,0.1220703125,-0.91552734375,-0.13427734375,1.0498046875,-0.10986328125,-0.13427734375,-0.23193359375,-0.59814453125,0.08544921875,-0.15869140625,0.03662109375,0.9033203125,0.0732421875,-0.6103515625,-0.20751953125,-0.48828125,0.048828125,-1.1962890625,-0.2685546875,0.537109375,0.10986328125,-0.146484375,-0.18310546875,0.830078125,-0.29296875,-0.6103515625,-0.32958984375,-0.13427734375,-0.048828125,-0.30517578125,0.35400390625,-0.25634765625,-0.0732421875,-0.7080078125,-0.25634765625,-0.4638671875,0.18310546875,0.50048828125,0.25634765625,1.42822265625,-0.0244140625,0.40283203125,-0.5126953125,-0.13427734375,-0.1708984375,0.69580078125,0.23193359375,0.79345703125,0.1953125,0.50048828125,0.537109375,0.69580078125,0.29296875,0.0732421875,0.18310546875,0.537109375,0.0244140625,1.7822265625,-0.20751953125,0.50048828125,-0.3173828125,0.4638671875,-0.1953125,0.29296875,-0.30517578125,0.84228515625,-0.2197265625,0.01220703125,0.1953125,1.25732421875,0.10986328125,-1.01318359375,-0.15869140625,-0.40283203125,-0.048828125,-1.01318359375,-0.1708984375,-0.8544921875,0.0244140625,-0.3662109375,0.0244140625,0.59814453125,0.0732421875,4.08935546875,0.03662109375,0.2197265625,-0.06103515625,-0.72021484375,-0.048828125,-0.6591796875,-0.0244140625,-0.6103515625,-0.08544921875,-0.03662109375,-0.2197265625,-0.8056640625,-0.048828125,-1.55029296875,-0.30517578125,-1.15966796875,-0.01220703125,0.3662109375,-0.13427734375,0.29296875,0.0244140625,0,-0.0732421875,-0.08544921875,-0.1220703125,0.1708984375,-0.2685546875,0.10986328125,-0.1220703125,1.18408203125,-0.0244140625,0,-0.0244140625,0.08544921875
0,0.10986328125,-0.439453125,0.09765625,-0.3662109375,-0.09765625,-0.47607421875,0,-0.09765625,0.146484375,-0.09765625,0.10986328125,-0.927734375,-0.146484375,1.07421875,-0.08544921875,-0.15869140625,-0.1953125,-0.5859375,0.06103515625,-0.13427734375,0.01220703125,0.89111328125,0.06103515625,-0.62255859375,-0.244140625,-0.52490234375,0.08544921875,-1.220703125,-0.28076171875,0.30517578125,0.0732421875,-0.1953125,-0.10986328125,0.29296875,-0.32958984375,-0.732421875,-0.29296875,-0.30517578125,-0.146484375,-0.537109375,0.32958984375,-0.25634765625,-0.1220703125,-0.7080078125,-0.2685546875,-0.45166015625,0.1220703125,0.40283203125,0.2685546875,1.416015625,-0.048828125,0.40283203125,-0.47607421875,-0.15869140625,-0.1708984375,0.67138671875,0.244140625,0.8544921875,0.1953125,0.52490234375,0.52490234375,0.74462890625,0.23193359375,0.0244140625,0.146484375,0.7080078125,0.0244140625,2.18505859375,-0.2197265625,0.6103515625,-0.32958984375,0.57373046875,-0.18310546875,0.30517578125,-0.29296875,0.84228515625,-0.18310546875,0,0.28076171875,1.26953125,0.08544921875,-1.025390625,-0.1708984375,-0.4150390625,0.0244140625,-1.0009765625,-0.2197265625,-0.830078125,-0.0244140625,-0.47607421875,0.048828125,0.439453125,0.1953125,3.6865234375,0.0244140625,0.0732421875,-0.08544921875,-0.68359375,-0.06103515625,-0.634765625,-0.20751953125,-0.62255859375,-0.09765625,-0.03662109375,-0.1708984375,-0.76904296875,-0.06103515625,-1.52587890625,-0.32958984375,-1.123046875,-0.06103515625,0.40283203125,-0.13427734375,0.29296875,0.0244140625,0,-0.06103515625,-0.0244140625,-0.08544921875,0.1708984375,-0.23193359375,0.45166015625,-0.1220703125,1.3671875,0.01220703125,0.20751953125,0,0.390625
0,0.10986328125,-0.439453125,0.06103515625,-0.35400390625,-0.146484375,-0.45166015625,0.01220703125,-0.08544921875,0.15869140625,-0.06103515625,0.09765625,-0.927734375,-0.13427734375,1.08642578125,-0.06103515625,-0.146484375,-0.146484375,-0.5859375,0.01220703125,-0.13427734375,-0.0244140625,0.9033203125,0.08544921875,-0.62255859375,-0.2197265625,-0.5126953125,0.15869140625,-1.20849609375,-0.244140625,0.15869140625,0.0732421875,-0.20751953125,-0.03662109375,-0.25634765625,-0.2685546875,-0.87890625,-0.23193359375,-0.5126953125,-0.18310546875,-0.76904296875,0.32958984375,-0.28076171875,-0.146484375,-0.72021484375,-0.25634765625,-0.439453125,0.1220703125,0.341796875,0.2685546875,1.3427734375,-0.0244140625,0.40283203125,-0.45166015625,-0.13427734375,-0.1953125,0.68359375,0.23193359375,0.927734375,0.23193359375,0.537109375,0.5615234375,0.7568359375,0.1708984375,0.01220703125,0.1708984375,0.93994140625,-0.01220703125,2.783203125,-0.18310546875,0.76904296875,-0.30517578125,0.78125,-0.15869140625,0.30517578125,-0.2685546875,0.87890625,-0.15869140625,0,0.32958984375,1.25732421875,0.0244140625,-1.0009765625,-0.1953125,-0.390625,0.06103515625,-1.01318359375,-0.2685546875,-0.81787109375,-0.03662109375,-0.5615234375,0.01220703125,0.3662109375,0.2685546875,3.38134765625,0.09765625,-0.0244140625,-0.1220703125,-0.69580078125,-0.01220703125,-0.6591796875,-0.30517578125,-0.62255859375,-0.1220703125,-0.03662109375,-0.09765625,-0.74462890625,-0.048828125,-1.513671875,-0.48828125,-1.123046875,-0.08544921875,0.4150390625,-0.1220703125,0.3173828125,0.03662109375,0.0244140625,-0.06103515625,0.01220703125,-0.0732421875,0.15869140625,-0.20751953125,0.7080078125,-0.1220703125,1.52587890625,0,0.3662109375,0,0.6103515625
0,0.09765625,-0.42724609375,0.048828125,-0.32958984375,-0.146484375,-0.45166015625,0.0244140625,-0.08544921875,0.18310546875,-0.06103515625,0.08544921875,-0.9033203125,-0.15869140625,1.08642578125,-0.08544921875,-0.15869140625,-0.09765625,-0.57373046875,-0.0244140625,-0.13427734375,-0.0732421875,0.9033203125,0.09765625,-0.62255859375,-0.1953125,-0.48828125,0.18310546875,-1.20849609375,-0.244140625,0.09765625,0.0732421875,-0.20751953125,0.06103515625,-0.78125,-0.20751953125,-0.98876953125,-0.1708984375,-0.67138671875,-0.18310546875,-0.9765625,0.3173828125,-0.2685546875,-0.20751953125,-0.72021484375,-0.23193359375,-0.439453125,0.048828125,0.3662109375,0.23193359375,1.26953125,-0.08544921875,0.4150390625,-0.390625,-0.15869140625,-0.1220703125,0.7080078125,0.23193359375,0.96435546875,0.2197265625,0.5859375,0.5126953125,0.76904296875,0.0732421875,0,0.1220703125,1.2451171875,-0.13427734375,3.52783203125,-0.13427734375,0.98876953125,-0.32958984375,1.01318359375,-0.1220703125,0.32958984375,-0.2197265625,0.84228515625,-0.09765625,-0.03662109375,0.32958984375,1.26953125,-0.048828125,-0.96435546875,-0.20751953125,-0.40283203125,0.09765625,-1.0009765625,-0.244140625,-0.81787109375,-0.06103515625,-0.57373046875,0.01220703125,0.37841796875,0.32958984375,3.21044921875,0.13427734375,-0.03662109375,-0.1953125,-0.68359375,-0.03662109375,-0.64697265625,-0.341796875,-0.62255859375,-0.1953125,-0.03662109375,-0.01220703125,-0.72021484375,-0.048828125,-1.4892578125,-0.42724609375,-1.123046875,-0.09765625,0.4638671875,-0.10986328125,0.29296875,0.03662109375,0.0244140625,-0.0732421875,0.03662109375,-0.0732421875,0.15869140625,-0.18310546875,0.81787109375,-0.10986328125,1.62353515625,0,0.439453125,0.0244140625,0.7568359375
0,0.1220703125,-0.42724609375,0.0244140625,-0.35400390625,-0.146484375,-0.439453125,0.0244140625,-0.09765625,0.2197265625,-0.06103515625,0.08544921875,-0.91552734375,-0.18310546875,1.0986328125,-0.06103515625,-0.1708984375,-0.0732421875,-0.57373046875,-0.0244140625,-0.13427734375,-0.1220703125,0.9033203125,0.08544921875,-0.62255859375,-0.146484375,-0.50048828125,0.23193359375,-1.1962890625,-0.20751953125,0.06103515625,0.1220703125,-0.18310546875,0.03662109375,-1.23291015625,-0.1953125,-1.11083984375,-0.10986328125,-0.8056640625,-0.23193359375,-1.15966796875,0.2685546875,-0.2685546875,-0.23193359375,-0.72021484375,-0.1953125,-0.4150390625,0.06103515625,0.4150390625,0.15869140625,1.171875,-0.09765625,0.42724609375,-0.32958984375,-0.146484375,-0.1708984375,0.7080078125,0.20751953125,0.96435546875,0.20751953125,0.5859375,0.57373046875,0.78125,-0.048828125,0.0244140625,0.0732421875,1.5869140625,-0.1708984375,4.33349609375,-0.09765625,1.2451171875,-0.37841796875,1.26953125,-0.09765625,0.32958984375,-0.1708984375,0.87890625,-0.048828125,-0.03662109375,0.30517578125,1.26953125,-0.1220703125,-0.93994140625,-0.2197265625,-0.40283203125,0.10986328125,-1.01318359375,-0.244140625,-0.8056640625,-0.03662109375,-0.5859375,-0.0244140625,0.390625,0.341796875,3.1982421875,0.1708984375,-0.0244140625,-0.28076171875,-0.69580078125,-0.10986328125,-0.6591796875,-0.30517578125,-0.6103515625,-0.2197265625,-0.048828125,0.06103515625,-0.74462890625,-0.048828125,-1.50146484375,-0.3662109375,-1.123046875,-0.146484375,0.45166015625,-0.13427734375,0.30517578125,0.01220703125,0.03662109375,-0.08544921875,0.06103515625,-0.08544921875,0.1708984375,-0.18310546875,0.830078125,-0.10986328125,1.62353515625,0,0.4150390625,0.01220703125,0.78125
0,0.146484375,-0.42724609375,0.03662109375,-0.3662109375,-0.1220703125,-0.42724609375,0.01220703125,-0.08544921875,0.244140625,-0.06103515625,0.0732421875,-0.9033203125,-0.20751953125,1.08642578125,-0.06103515625,-0.20751953125,-0.0732421875,-0.5615234375,-0.03662109375,-0.13427734375,-0.08544921875,0.9033203125,0.0732421875,-0.59814453125,-0.08544921875,-0.50048828125,0.23193359375,-1.18408203125,-0.15869140625,0.09765625,0.18310546875,-0.1708984375,-0.0244140625,-1.5380859375,-0.146484375,-1.18408203125,-0.09765625,-0.86669921875,-0.244140625,-1.2939453125,0.1708984375,-0.25634765625,-0.2685546875,-0.72021484375,-0.15869140625,-0.4150390625,-0.01220703125,0.48828125,0.0732421875,1.0986328125,-0.146484375,0.439453125,-0.30517578125,-0.1220703125,-0.06103515625,0.72021484375,0.1220703125,0.9521484375,0.244140625,0.57373046875,0.54931640625,0.8056640625,-0.09765625,0.08544921875,0.01220703125,1.94091796875,-0.13427734375,5.17578125,-0.0732421875,1.4892578125,-0.439453125,1.55029296875,-0.1220703125,0.3662109375,-0.0732421875,0.86669921875,0,-0.0244140625,0.244140625,1.2939453125,-0.1953125,-0.89111328125,-0.20751953125,-0.4150390625,0.10986328125,-0.98876953125,-0.18310546875,-0.79345703125,0.0244140625,-0.52490234375,-0.06103515625,0.45166015625,0.40283203125,3.2470703125,0.1953125,0.01220703125,-0.3662109375,-0.72021484375,-0.1708984375,-0.67138671875,-0.23193359375,-0.6103515625,-0.23193359375,-0.06103515625,0.1220703125,-0.76904296875,-0.0732421875,-1.52587890625,-0.29296875,-1.123046875,-0.1708984375,0.42724609375,-0.10986328125,0.30517578125,0.01220703125,0.01220703125,-0.0732421875,0.06103515625,-0.08544921875,0.18310546875,-0.18310546875,0.69580078125,-0.09765625,1.5625,0,0.3173828125,0.0244140625,0.69580078125
0,0.146484375,-0.40283203125,0.0244140625,-0.3662109375,-0.13427734375,-0.439453125,0.01220703125,-0.09765625,0.244140625,-0.0732421875,0.10986328125,-0.91552734375,-0.2197265625,1.123046875,-0.09765625,-0.1953125,-0.146484375,-0.5615234375,-0.0244140625,-0.146484375,-0.0732421875,0.927734375,0.06103515625,-0.59814453125,-0.048828125,-0.47607421875,0.20751953125,-1.18408203125,-0.146484375,0.13427734375,0.2685546875,-0.1708984375,-0.06103515625,-1.69677734375,-0.15869140625,-1.1962890625,-0.0732421875,-0.91552734375,-0.244140625,-1.3427734375,0.1220703125,-0.244140625,-0.3173828125,-0.72021484375,-0.09765625,-0.390625,-0.08544921875,0.6103515625,0.01220703125,1.06201171875,-0.18310546875,0.42724609375,-0.23193359375,-0.09765625,0.08544921875,0.732421875,0.0732421875,0.927734375,0.29296875,0.57373046875,0.54931640625,0.81787109375,-0.146484375,0.1708984375,-0.048828125,2.294921875,-0.09765625,5.9326171875,-0.01220703125,1.74560546875,-0.45166015625,1.79443359375,-0.1708984375,0.3662109375,0,0.8544921875,0.01220703125,-0.01220703125,0.2197265625,1.318359375,-0.1953125,-0.84228515625,-0.20751953125,-0.40283203125,0.1220703125,-1.01318359375,-0.146484375,-0.8056640625,0.01220703125,-0.50048828125,-0.08544921875,0.537109375,0.390625,3.33251953125,0.18310546875,0.048828125,-0.45166015625,-0.72021484375,-0.1953125,-0.67138671875,-0.18310546875,-0.6103515625,-0.20751953125,-0.0732421875,0.1953125,-0.76904296875,-0.0732421875,-1.55029296875,-0.13427734375,-1.13525390625,-0.20751953125,0.4150390625,-0.09765625,0.3173828125,-0.01220703125,0.01220703125,-0.0732421875,0.03662109375,-0.08544921875,0.18310546875,-0.1953125,0.45166015625,-0.10986328125,1.42822265625,0,0.20751953125,-0.0244140625,0.52490234375
0,0.1708984375,-0.4150390625,0.0244140625,-0.3662109375,-0.146484375,-0.42724609375,0.0244140625,-0.08544921875,0.244140625,-0.06103515625,0.10986328125,-0.9033203125,-0.2197265625,1.08642578125,-0.09765625,-0.1708984375,-0.1953125,-0.5615234375,-0.0244140625,-0.13427734375,-0.0244140625,0.9033203125,0.0732421875,-0.59814453125,0.01220703125,-0.47607421875,0.1708984375,-1.15966796875,-0.13427734375,0.23193359375,0.29296875,-0.13427734375,-0.06103515625,-1.6845703125,-0.146484375,-1.18408203125,-0.06103515625,-0.8544921875,-0.2197265625,-1.30615234375,0.0732421875,-0.23193359375,-0.3662109375,-0.72021484375,-0.08544921875,-0.40283203125,-0.1708984375,0.7080078125,-0.01220703125,1.06201171875,-0.18310546875,0.42724609375,-0.15869140625,-0.08544921875,0.0732421875,0.7080078125,0.01220703125,0.87890625,0.3173828125,0.5615234375,0.52490234375,0.84228515625,-0.1953125,0.244140625,-0.06103515625,2.6123046875,-0.1708984375,6.55517578125,0,1.9287109375,-0.42724609375,1.96533203125,-0.244140625,0.37841796875,0.048828125,0.87890625,-0.0244140625,-0.0244140625,0.1220703125,1.30615234375,-0.1953125,-0.78125,-0.15869140625,-0.4150390625,0.09765625,-1.025390625,-0.146484375,-0.79345703125,0.01220703125,-0.47607421875,-0.048828125,0.57373046875,0.390625,3.38134765625,0.15869140625,0.09765625,-0.45166015625,-0.72021484375,-0.1953125,-0.6591796875,-0.1220703125,-0.59814453125,-0.13427734375,-0.0732421875,0.244140625,-0.79345703125,-0.048828125,-1.59912109375,0,-1.07421875,-0.2685546875,0.390625,-0.08544921875,0.35400390625,0,0,-0.0732421875,0.01220703125,-0.06103515625,0.1708984375,-0.18310546875,0.15869140625,-0.1220703125,1.28173828125,-0.01220703125,0.0244140625,0,0.32958984375
0,0.15869140625,-0.42724609375,-0.01220703125,-0.35400390625,-0.1708984375,-0.439453125,0.0244140625,-0.08544921875,0.25634765625,-0.048828125,0.13427734375,-0.9033203125,-0.1953125,1.07421875,-0.09765625,-0.1708984375,-0.2685546875,-0.5615234375,-0.048828125,-0.10986328125,0.06103515625,0.91552734375,0.048828125,-0.59814453125,0.01220703125,-0.4638671875,0.08544921875,-1.1474609375,-0.20751953125,0.30517578125,0.3173828125,-0.1220703125,-0.0732421875,-1.50146484375,-0.1220703125,-1.1474609375,-0.0732421875,-0.76904296875,-0.1953125,-1.20849609375,0.0732421875,-0.23193359375,-0.390625,-0.72021484375,-0.08544921875,-0.40283203125,-0.1953125,0.78125,-0.0732421875,1.0986328125,-0.1953125,0.4150390625,-0.06103515625,-0.048828125,0.2685546875,0.7080078125,-0.0732421875,0.84228515625,0.28076171875,0.5615234375,0.50048828125,0.84228515625,-0.23193359375,0.2685546875,-0.0732421875,2.79541015625,-0.13427734375,6.94580078125,-0.0244140625,2.05078125,-0.37841796875,2.0751953125,-0.32958984375,0.3662109375,0.08544921875,0.86669921875,-0.0732421875,-0.01220703125,0.0732421875,1.2939453125,-0.15869140625,-0.732421875,-0.1220703125,-0.390625,0.09765625,-1.03759765625,-0.146484375,-0.8056640625,-0.06103515625,-0.52490234375,-0.0244140625,0.537109375,0.37841796875,3.33251953125,0.146484375,0.048828125,-0.45166015625,-0.732421875,-0.18310546875,-0.64697265625,-0.03662109375,-0.6103515625,-0.06103515625,-0.08544921875,0.29296875,-0.78125,0.01220703125,-1.5869140625,0.09765625,-0.9521484375,-0.25634765625,0.37841796875,-0.0732421875,0.35400390625,-0.01220703125,-0.01220703125,-0.0732421875,0.01220703125,-0.06103515625,0.18310546875,-0.13427734375,-0.09765625,-0.15869140625,1.123046875,-0.0244140625,-0.10986328125,-0.01220703125,0.09765625
0,0.1708984375,-0.4150390625,-0.01220703125,-0.3662109375,-0.1708984375,-0.45166015625,0.0244140625,-0.09765625,0.25634765625,-0.06103515625,0.15869140625,-0.89111328125,-0.1953125,1.07421875,-0.08544921875,-0.13427734375,-0.28076171875,-0.5615234375,-0.08544921875,-0.13427734375,0.0732421875,0.91552734375,0.0244140625,-0.5859375,0.0244140625,-0.4638671875,0.0732421875,-1.1474609375,-0.25634765625,0.3662109375,0.32958984375,-0.146484375,-0.01220703125,-1.18408203125,-0.146484375,-1.03759765625,-0.08544921875,-0.64697265625,-0.1708984375,-1.0498046875,0.1220703125,-0.20751953125,-0.42724609375,-0.7080078125,-0.0732421875,-0.40283203125,-0.244140625,0.8544921875,-0.08544921875,1.171875,-0.18310546875,0.40283203125,0.01220703125,0,0.18310546875,0.69580078125,-0.1220703125,0.830078125,0.25634765625,0.537109375,0.439453125,0.8544921875,-0.18310546875,0.29296875,-0.048828125,2.880859375,-0.048828125,7.09228515625,-0.06103515625,2.08740234375,-0.30517578125,2.099609375,-0.35400390625,0.341796875,0.15869140625,0.84228515625,-0.13427734375,0,0.06103515625,1.2939453125,-0.10986328125,-0.67138671875,-0.048828125,-0.4150390625,0.048828125,-1.025390625,-0.18310546875,-0.81787109375,-0.08544921875,-0.634765625,0.03662109375,0.50048828125,0.23193359375,3.08837890625,0.10986328125,-0.048828125,-0.390625,-0.72021484375,-0.146484375,-0.62255859375,0.0732421875,-0.62255859375,0.0244140625,-0.08544921875,0.29296875,-0.7568359375,0.01220703125,-1.5380859375,0.146484375,-0.7080078125,-0.2685546875,0.40283203125,-0.0732421875,0.35400390625,-0.03662109375,-0.01220703125,-0.06103515625,-0.01220703125,-0.0732421875,0.1708984375,-0.08544921875,-0.25634765625,-0.1953125,1.01318359375,-0.03662109375,-0.2197265625,0,-0.03662109375
0,0.1708984375,-0.42724609375,0,-0.37841796875,-0.146484375,-0.4638671875,0.0244140625,-0.09765625,0.244140625,-0.06103515625,0.1220703125,-0.9033203125,-0.1708984375,1.0498046875,-0.0732421875,-0.15869140625,-0.30517578125,-0.57373046875,-0.06103515625,-0.1220703125,0.13427734375,0.89111328125,0,-0.59814453125,-0.01220703125,-0.45166015625,0.0732421875,-1.1474609375,-0.3173828125,0.439453125,0.35400390625,-0.10986328125,0.10986328125,-0.8056640625,-0.146484375,-0.927734375,-0.09765625,-0.48828125,-0.1708984375,-0.91552734375,0.15869140625,-0.1953125,-0.50048828125,-0.69580078125,-0.10986328125,-0.37841796875,-0.244140625,0.9033203125,-0.13427734375,1.28173828125,-0.20751953125,0.37841796875,0.0732421875,0.03662109375,0.18310546875,0.69580078125,-0.13427734375,0.79345703125,0.2685546875,0.52490234375,0.42724609375,0.84228515625,-0.09765625,0.2685546875,-0.03662109375,2.84423828125,0.06103515625,6.94580078125,-0.08544921875,2.0263671875,-0.23193359375,2.001953125,-0.29296875,0.3173828125,0.20751953125,0.8544921875,-0.1953125,-0.01220703125,0,1.2939453125,-0.09765625,-0.634765625,0.03662109375,-0.4150390625,-0.01220703125,-1.01318359375,-0.2197265625,-0.830078125,-0.146484375,-0.76904296875,0.06103515625,0.3662109375,0.13427734375,2.685546875,0.10986328125,-0.2197265625,-0.3173828125,-0.7080078125,-0.1708984375,-0.62255859375,0.146484375,-0.62255859375,0.09765625,-0.06103515625,0.2685546875,-0.6591796875,0.08544921875,-1.45263671875,0.146484375,-0.3662109375,-0.244140625,0.4638671875,-0.0732421875,0.3662109375,-0.06103515625,0,-0.0732421875,-0.01220703125,-0.08544921875,0.1708984375,-0.10986328125,-0.35400390625,-0.1953125,1.0009765625,-0.048828125,-0.28076171875,-0.0244140625,-0.10986328125
1,0.146484375,-0.4150390625,0,-0.3662109375,-0.13427734375,-0.4638671875,0.03662109375,-0.10986328125,0.20751953125,-0.0732421875,0.13427734375,-0.89111328125,-0.1708984375,1.0498046875,-0.0732421875,-0.146484375,-0.30517578125,-0.57373046875,-0.06103515625,-0.13427734375,0.15869140625,0.9033203125,0.03662109375,-0.5859375,-0.03662109375,-0.47607421875,0.06103515625,-1.1474609375,-0.28076171875,0.47607421875,0.3662109375,-0.10986328125,0.06103515625,-0.47607421875,-0.2197265625,-0.8544921875,-0.09765625,-0.37841796875,-0.2197265625,-0.7568359375,0.1953125,-0.1953125,-0.52490234375,-0.68359375,-0.13427734375,-0.390625,-0.1953125,0.9033203125,-0.1220703125,1.3916015625,-0.23193359375,0.390625,0.0732421875,0.03662109375,0.244140625,0.7080078125,-0.146484375,0.78125,0.20751953125,0.52490234375,0.439453125,0.84228515625,-0.15869140625,0.20751953125,-0.0732421875,2.69775390625,0.1708984375,6.57958984375,-0.1220703125,1.904296875,-0.13427734375,1.89208984375,-0.2197265625,0.32958984375,0.2197265625,0.830078125,-0.30517578125,-0.03662109375,-0.01220703125,1.25732421875,-0.0732421875,-0.62255859375,0.0732421875,-0.40283203125,-0.048828125,-1.01318359375,-0.23193359375,-0.830078125,-0.1953125,-0.96435546875,0.06103515625,0.146484375,0.01220703125,2.08740234375,0.13427734375,-0.4638671875,-0.23193359375,-0.72021484375,-0.18310546875,-0.6103515625,0.2197265625,-0.62255859375,0.18310546875,-0.06103515625,0.18310546875,-0.52490234375,0.08544921875,-1.318359375,0.03662109375,0.08544921875,-0.23193359375,0.62255859375,-0.048828125,0.341796875,-0.0732421875,0,-0.06103515625,-0.0244140625,-0.09765625,0.18310546875,-0.08544921875,-0.29296875,-0.15869140625,1.01318359375,-0.03662109375,-0.28076171875,-0.01220703125,-0.10986328125
1,0.15869140625,-0.4150390625,-0.0244140625,-0.37841796875,-0.1220703125,-0.48828125,0.048828125,-0.10986328125,0.1708984375,-0.0732421875,0.08544921875,-0.9033203125,-0.18310546875,1.0498046875,-0.08544921875,-0.15869140625,-0.30517578125,-0.59814453125,0,-0.10986328125,0.146484375,0.89111328125,0.10986328125,-0.59814453125,-0.09765625,-0.4638671875,0.0244140625,-1.1474609375,-0.1953125,0.52490234375,0.3662109375,-0.10986328125,0.10986328125,-0.2197265625,-0.28076171875,-0.8056640625,-0.06103515625,-0.3173828125,-0.2685546875,-0.6591796875,0.1953125,-0.23193359375,-0.54931640625,-0.67138671875,-0.146484375,-0.390625,-0.1708984375,0.86669921875,-0.0732421875,1.513671875,-0.23193359375,0.390625,0.09765625,0.048828125,0.20751953125,0.7080078125,-0.146484375,0.8056640625,0.18310546875,0.5126953125,0.4638671875,0.8056640625,-0.09765625,0.13427734375,-0.146484375,2.47802734375,0.2685546875,6.01806640625,-0.146484375,1.69677734375,-0.06103515625,1.6845703125,-0.09765625,0.341796875,0.18310546875,0.830078125,-0.37841796875,-0.03662109375,-0.0244140625,1.25732421875,-0.08544921875,-0.6103515625,0.1708984375,-0.4150390625,-0.146484375,-0.98876953125,-0.23193359375,-0.830078125,-0.25634765625,-1.18408203125,0.048828125,-0.06103515625,-0.13427734375,1.3671875,0.1220703125,-0.69580078125,-0.146484375,-0.7080078125,-0.1953125,-0.6103515625,0.2197265625,-0.62255859375,0.25634765625,-0.06103515625,0.09765625,-0.341796875,0.08544921875,-1.13525390625,0.08544921875,0.6103515625,-0.25634765625,0.8056640625,-0.06103515625,0.32958984375,-0.0732421875,-0.01220703125,-0.06103515625,-0.0244140625,-0.0732421875,0.18310546875,-0.15869140625,-0.1708984375,-0.244140625,1.07421875,-0.08544921875,-0.244140625,-0.08544921875,-0.0244140625
1,0.15869140625,-0.4150390625,-0.03662109375,-0.37841796875,-0.10986328125,-0.48828125,0.0732421875,-0.10986328125,0.1708984375,-0.06103515625,0.048828125,-0.9033203125,-0.1953125,1.07421875,-0.08544921875,-0.1708984375,-0.30517578125,-0.5859375,0.0244140625,-0.13427734375,0.1708984375,0.91552734375,0.18310546875,-0.62255859375,-0.15869140625,-0.45166015625,0,-1.13525390625,-0.15869140625,0.48828125,0.3662109375,-0.1220703125,0.0732421875,-0.09765625,-0.35400390625,-0.79345703125,-0.09765625,-0.30517578125,-0.32958984375,-0.62255859375,0.2197265625,-0.23193359375,-0.5126953125,-0.69580078125,-0.1708984375,-0.390625,-0.13427734375,0.8544921875,-0.01220703125,1.611328125,-0.25634765625,0.42724609375,0.1220703125,0.06103515625,0.244140625,0.732421875,-0.10986328125,0.830078125,0.09765625,0.5126953125,0.5615234375,0.79345703125,-0.1220703125,0.06103515625,-0.20751953125,2.11181640625,0.35400390625,5.31005859375,-0.146484375,1.4404296875,0,1.45263671875,-0.0244140625,0.32958984375,0.1220703125,0.81787109375,-0.439453125,-0.03662109375,-0.01220703125,1.2451171875,-0.08544921875,-0.64697265625,0.25634765625,-0.42724609375,-0.20751953125,-1.01318359375,-0.25634765625,-0.830078125,-0.25634765625,-1.416015625,0.03662109375,-0.30517578125,-0.1708984375,0.6103515625,0.15869140625,-0.9521484375,-0.048828125,-0.68359375,-0.25634765625,-0.62255859375,0.1953125,-0.634765625,0.28076171875,-0.0732421875,-0.01220703125,-0.13427734375,0.10986328125,-0.9033203125,-0.01220703125,1.1962890625,-0.2685546875,1.03759765625,-0.03662109375,0.30517578125,-0.048828125,-0.01220703125,-0.06103515625,-0.01220703125,-0.048828125,0.1708984375,-0.13427734375,-0.0244140625,-0.28076171875,1.1474609375,-0.06103515625,-0.18310546875,-0.01220703125,0.048828125
1,0.15869140625,-0.390625,-0.03662109375,-0.390625,-0.1220703125,-0.47607421875,0.10986328125,-0.10986328125,0.18310546875,-0.06103515625,0.03662109375,-0.9033203125,-0.1953125,1.08642578125,-0.0732421875,-0.18310546875,-0.2685546875,-0.57373046875,0.03662109375,-0.13427734375,0.2197265625,0.91552734375,0.244140625,-0.634765625,-0.13427734375,-0.42724609375,-0.03662109375,-1.123046875,-0.0732421875,0.48828125,0.32958984375,-0.1220703125,0.01220703125,-0.08544921875,-0.390625,-0.830078125,-0.13427734375,-0.341796875,-0.439453125,-0.64697265625,0.20751953125,-0.23193359375,-0.4638671875,-0.7080078125,-0.18310546875,-0.390625,-0.0732421875,0.84228515625,0.0244140625,1.72119140625,-0.2685546875,0.42724609375,0.09765625,0.0244140625,0.30517578125,0.76904296875,-0.08544921875,0.86669921875,0.048828125,0.50048828125,0.537109375,0.72021484375,0.0244140625,-0.01220703125,-0.23193359375,1.7578125,0.40283203125,4.5654296875,-0.1220703125,1.171875,0.03662109375,1.1962890625,0.048828125,0.32958984375,0.048828125,0.81787109375,-0.4638671875,-0.048828125,-0.03662109375,1.2451171875,-0.0732421875,-0.67138671875,0.28076171875,-0.42724609375,-0.29296875,-1.01318359375,-0.28076171875,-0.84228515625,-0.28076171875,-1.5625,0.01220703125,-0.5126953125,-0.20751953125,-0.03662109375,0.146484375,-1.18408203125,0.03662109375,-0.68359375,-0.3173828125,-0.62255859375,0.1220703125,-0.6103515625,0.25634765625,-0.0732421875,-0.08544921875,0.1220703125,-0.01220703125,-0.6591796875,-0.10986328125,1.7822265625,-0.32958984375,1.26953125,-0.06103515625,0.30517578125,-0.048828125,0,-0.06103515625,-0.01220703125,0,0.146484375,-0.03662109375,0.1220703125,-0.244140625,1.18408203125,-0.03662109375,-0.10986328125,0.0244140625,0.1220703125
1,0.1708984375,-0.37841796875,-0.03662109375,-0.40283203125,-0.13427734375,-0.45166015625,0.13427734375,-0.09765625,0.18310546875,-0.048828125,0.01220703125,-0.91552734375,-0.1708984375,1.11083984375,-0.09765625,-0.2197265625,-0.244140625,-0.59814453125,0.06103515625,-0.15869140625,0.244140625,0.91552734375,0.28076171875,-0.62255859375,-0.10986328125,-0.439453125,-0.10986328125,-1.15966796875,0.01220703125,0.439453125,0.25634765625,-0.08544921875,0.1220703125,-0.20751953125,-0.32958984375,-0.89111328125,-0.10986328125,-0.4150390625,-0.47607421875,-0.69580078125,0.18310546875,-0.244140625,-0.3662109375,-0.7080078125,-0.1953125,-0.390625,-0.15869140625,0.79345703125,0.048828125,1.77001953125,-0.32958984375,0.439453125,0.03662109375,-0.01220703125,0.244140625,0.8056640625,-0.06103515625,0.87890625,0.0244140625,0.5126953125,0.634765625,0.69580078125,0.09765625,-0.06103515625,-0.23193359375,1.3916015625,0.42724609375,3.82080078125,-0.08544921875,0.927734375,0.06103515625,0.9521484375,0.06103515625,0.32958984375,-0.01220703125,0.830078125,-0.42724609375,-0.06103515625,-0.03662109375,1.26953125,-0.06103515625,-0.72021484375,0.25634765625,-0.4150390625,-0.3662109375,-1.03759765625,-0.29296875,-0.830078125,-0.28076171875,-1.6845703125,0,-0.6103515625,-0.13427734375,-0.52490234375,0.13427734375,-1.3427734375,0.03662109375,-0.68359375,-0.30517578125,-0.62255859375,0.06103515625,-0.634765625,0.1708984375,-0.06103515625,-0.0732421875,0.3173828125,-0.03662109375,-0.45166015625,-0.0732421875,2.3193359375,-0.32958984375,1.52587890625,-0.0732421875,0.29296875,-0.03662109375,-0.01220703125,-0.0732421875,-0.0244140625,0,0.146484375,-0.0732421875,0.2197265625,-0.30517578125,1.20849609375,-0.0732421875,-0.09765625,-0.06103515625,0.146484375
1,0.1708984375,-0.37841796875,-0.06103515625,-0.390625,-0.1220703125,-0.45166015625,0.146484375,-0.08544921875,0.2197265625,-0.03662109375,0,-0.93994140625,-0.18310546875,1.0986328125,-0.10986328125,-0.18310546875,-0.1708984375,-0.6103515625,0.0732421875,-0.15869140625,0.32958984375,0.9033203125,0.2685546875,-0.634765625,-0.03662109375,-0.45166015625,-0.146484375,-1.1474609375,0.048828125,0.3662109375,0.146484375,-0.10986328125,0.1220703125,-0.40283203125,-0.30517578125,-0.9521484375,-0.146484375,-0.48828125,-0.537109375,-0.79345703125,0.10986328125,-0.25634765625,-0.2197265625,-0.7080078125,-0.2197265625,-0.3662109375,-0.146484375,0.7568359375,0.06103515625,1.806640625,-0.341796875,0.439453125,-0.0732421875,-0.0732421875,0.2685546875,0.84228515625,-0.0244140625,0.9033203125,-0.06103515625,0.52490234375,0.68359375,0.6591796875,0.1220703125,-0.08544921875,-0.23193359375,1.025390625,0.47607421875,3.1494140625,0.01220703125,0.7080078125,0.06103515625,0.732421875,0.0244140625,0.3173828125,-0.09765625,0.830078125,-0.341796875,-0.048828125,-0.06103515625,1.26953125,-0.0732421875,-0.76904296875,0.1953125,-0.45166015625,-0.40283203125,-1.0498046875,-0.32958984375,-0.84228515625,-0.3173828125,-1.7333984375,-0.048828125,-0.64697265625,-0.13427734375,-0.74462890625,0.08544921875,-1.3916015625,0.03662109375,-0.68359375,-0.28076171875,-0.634765625,0.0244140625,-0.59814453125,0.0732421875,-0.0732421875,-0.06103515625,0.52490234375,-0.10986328125,-0.2685546875,-0.03662109375,2.77099609375,-0.35400390625,1.7333984375,-0.06103515625,0.28076171875,-0.03662109375,-0.01220703125,-0.06103515625,-0.048828125,0,0.13427734375,0,0.2685546875,-0.2685546875,1.1962890625,-0.01220703125,-0.1220703125,-0.0244140625,0.10986328125
1,0.1708984375,-0.390625,-0.09765625,-0.35400390625,-0.0732421875,-0.42724609375,0.15869140625,-0.0732421875,0.20751953125,-0.03662109375,0,-0.927734375,-0.18310546875,1.08642578125,-0.10986328125,-0.1708984375,-0.09765625,-0.5859375,0.08544921875,-0.146484375,0.37841796875,0.89111328125,0.2197265625,-0.6591796875,0.0732421875,-0.439453125,-0.146484375,-1.15966796875,0.15869140625,0.32958984375,0.1708984375,-0.09765625,0.13427734375,-0.64697265625,-0.28076171875,-1.0009765625,-0.18310546875,-0.5859375,-0.54931640625,-0.87890625,0.0244140625,-0.25634765625,-0.10986328125,-0.72021484375,-0.244140625,-0.341796875,-0.1708984375,0.732421875,0.048828125,1.79443359375,-0.30517578125,0.439453125,-0.13427734375,-0.13427734375,0.18310546875,0.87890625,0.0244140625,0.89111328125,-0.0732421875,0.52490234375,0.79345703125,0.62255859375,0.23193359375,-0.08544921875,-0.18310546875,0.74462890625,0.50048828125,2.587890625,0.08544921875,0.537109375,0.0244140625,0.5615234375,0.03662109375,0.3173828125,-0.1220703125,0.84228515625,-0.25634765625,-0.03662109375,-0.15869140625,1.28173828125,-0.08544921875,-0.8056640625,0.08544921875,-0.42724609375,-0.37841796875,-1.06201171875,-0.3173828125,-0.830078125,-0.29296875,-1.6845703125,-0.08544921875,-0.59814453125,0.03662109375,-0.67138671875,0.0244140625,-1.318359375,-0.06103515625,-0.69580078125,-0.20751953125,-0.62255859375,0,-0.57373046875,-0.03662109375,-0.0732421875,0,0.6591796875,-0.146484375,-0.15869140625,-0.08544921875,3.06396484375,-0.3662109375,1.89208984375,-0.0732421875,0.28076171875,-0.03662109375,0,-0.048828125,-0.06103515625,0,0.146484375,-0.01220703125,0.1953125,-0.29296875,1.11083984375,-0.0244140625,-0.15869140625,-0.0244140625,0
1,0.1708984375,-0.390625,-0.10986328125,-0.3662109375,-0.06103515625,-0.45166015625,0.13427734375,-0.0732421875,0.20751953125,-0.048828125,-0.03662109375,-0.927734375,-0.13427734375,1.08642578125,-0.10986328125,-0.18310546875,-0.048828125,-0.59814453125,0.10986328125,-0.15869140625,0.37841796875,0.9033203125,0.10986328125,-0.634765625,0.13427734375,-0.4638671875,-0.2197265625,-1.18408203125,0.146484375,0.30517578125,0.1708984375,-0.09765625,0.244140625,-0.830078125,-0.18310546875,-1.01318359375,-0.1220703125,-0.634765625,-0.439453125,-0.93994140625,-0.0732421875,-0.25634765625,0,-0.732421875,-0.28076171875,-0.3173828125,-0.1708984375,0.7080078125,0.048828125,1.79443359375,-0.23193359375,0.42724609375,-0.1953125,-0.15869140625,0.09765625,0.91552734375,0.048828125,0.86669921875,-0.03662109375,0.5126953125,0.8056640625,0.62255859375,0.29296875,-0.048828125,-0.10986328125,0.5126953125,0.439453125,2.1728515625,0.09765625,0.42724609375,-0.01220703125,0.4150390625,0.06103515625,0.3173828125,-0.13427734375,0.8544921875,-0.20751953125,-0.06103515625,-0.1708984375,1.2939453125,-0.048828125,-0.830078125,0.01220703125,-0.439453125,-0.29296875,-1.0498046875,-0.28076171875,-0.830078125,-0.2197265625,-1.52587890625,-0.1220703125,-0.42724609375,0.2197265625,-0.29296875,0,-1.171875,-0.1708984375,-0.7080078125,-0.10986328125,-0.62255859375,-0.01220703125,-0.57373046875,-0.1708984375,-0.0732421875,0.0244140625,0.72021484375,-0.15869140625,-0.08544921875,-0.0732421875,3.22265625,-0.3662109375,1.98974609375,-0.0732421875,0.29296875,-0.048828125,-0.0244140625,-0.06103515625,-0.06103515625,0,0.13427734375,-0.0244140625,0.0732421875,-0.30517578125,1.01318359375,-0.03662109375,-0.2197265625,-0.0244140625,-0.1220703125
1,0.15869140625,-0.390625,-0.09765625,-0.390625,-0.03662109375,-0.45166015625,0.1220703125,-0.0732421875,0.20751953125,-0.03662109375,-0.01220703125,-0.91552734375,-0.10986328125,1.07421875,-0.10986328125,-0.18310546875,0,-0.57373046875,0.09765625,-0.15869140625,0.37841796875,0.89111328125,0.01220703125,-0.62255859375,0.18310546875,-0.47607421875,-0.244140625,-1.171875,0.1220703125,0.30517578125,0.2685546875,-0.08544921875,0.28076171875,-0.93994140625,-0.2197265625,-1.01318359375,-0.1220703125,-0.634765625,-0.42724609375,-0.93994140625,-0.18310546875,-0.244140625,0.06103515625,-0.7080078125,-0.3662109375,-0.341796875,-0.10986328125,0.7080078125,0.01220703125,1.77001953125,-0.1953125,0.40283203125,-0.23193359375,-0.244140625,0.08544921875,0.93994140625,0.048828125,0.830078125,-0.03662109375,0.50048828125,0.84228515625,0.6591796875,0.4150390625,-0.01220703125,-0.0732421875,0.390625,0.37841796875,1.86767578125,0.10986328125,0.3173828125,-0.048828125,0.3173828125,0.0244140625,0.28076171875,-0.15869140625,0.8544921875,-0.13427734375,-0.06103515625,-0.2197265625,1.26953125,-0.0244140625,-0.87890625,-0.048828125,-0.4150390625,-0.18310546875,-1.06201171875,-0.1953125,-0.830078125,-0.13427734375,-1.30615234375,-0.146484375,-0.20751953125,0.30517578125,0.37841796875,0.0244140625,-0.91552734375,-0.29296875,-0.72021484375,0,-0.634765625,-0.03662109375,-0.57373046875,-0.2685546875,-0.06103515625,0.048828125,0.72021484375,-0.15869140625,-0.10986328125,-0.13427734375,3.22265625,-0.3662109375,1.98974609375,-0.06103515625,0.30517578125,-0.048828125,-0.03662109375,-0.048828125,-0.0732421875,-0.0244140625,0.146484375,-0.03662109375,-0.048828125,-0.30517578125,0.927734375,-0.0732421875,-0.28076171875,-0.0244140625,-0.25634765625
1,0.146484375,-0.40283203125,-0.10986328125,-0.37841796875,-0.0244140625,-0.45166015625,0.13427734375,-0.08544921875,0.20751953125,-0.0732421875,-0.01220703125,-0.9033203125,-0.1220703125,1.07421875,-0.09765625,-0.1953125,0,-0.57373046875,0.08544921875,-0.15869140625,0.29296875,0.9033203125,-0.0732421875,-0.6103515625,0.20751953125,-0.4638671875,-0.23193359375,-1.1474609375,0.10986328125,0.3173828125,0.341796875,-0.048828125,0.341796875,-0.89111328125,-0.2197265625,-0.93994140625,-0.10986328125,-0.57373046875,-0.390625,-0.89111328125,-0.15869140625,-0.244140625,0.08544921875,-0.74462890625,-0.439453125,-0.341796875,-0.13427734375,0.69580078125,-0.0244140625,1.74560546875,-0.13427734375,0.390625,-0.20751953125,-0.25634765625,0.0244140625,0.96435546875,-0.0732421875,0.78125,-0.01220703125,0.50048828125,0.91552734375,0.72021484375,0.48828125,0.048828125,-0.0244140625,0.2685546875,0.30517578125,1.67236328125,0.10986328125,0.2685546875,-0.06103515625,0.25634765625,0,0.2685546875,-0.1953125,0.86669921875,-0.09765625,-0.048828125,-0.30517578125,1.28173828125,0,-0.89111328125,-0.10986328125,-0.42724609375,-0.06103515625,-1.03759765625,-0.1220703125,-0.830078125,-0.1220703125,-1.0009765625,-0.1708984375,0.08544921875,0.244140625,1.28173828125,-0.01220703125,-0.57373046875,-0.37841796875,-0.732421875,0.09765625,-0.62255859375,-0.09765625,-0.57373046875,-0.30517578125,-0.0732421875,0.0732421875,0.6591796875,-0.146484375,-0.1953125,-0.0732421875,3.11279296875,-0.3662109375,1.953125,-0.0244140625,0.30517578125,-0.048828125,-0.03662109375,-0.06103515625,-0.0732421875,-0.01220703125,0.15869140625,-0.03662109375,-0.13427734375,-0.35400390625,0.91552734375,-0.048828125,-0.28076171875,0.0244140625,-0.35400390625
1,0.10986328125,-0.4150390625,-0.13427734375,-0.3662109375,-0.06103515625,-0.45166015625,0.146484375,-0.09765625,0.2197265625,-0.0732421875,-0.0244140625,-0.91552734375,-0.09765625,1.06201171875,-0.13427734375,-0.18310546875,-0.01220703125,-0.5859375,0.03662109375,-0.146484375,0.18310546875,0.89111328125,-0.10986328125,-0.59814453125,0.18310546875,-0.45166015625,-0.1953125,-1.123046875,0.03662109375,0.37841796875,0.40283203125,-0.03662109375,0.42724609375,-0.74462890625,-0.23193359375,-0.84228515625,-0.048828125,-0.47607421875,-0.28076171875,-0.78125,-0.10986328125,-0.23193359375,0.10986328125,-0.72021484375,-0.439453125,-0.35400390625,-0.1708984375,0.64697265625,-0.06103515625,1.6845703125,-0.09765625,0.40283203125,-0.2685546875,-0.25634765625,-0.048828125,0.98876953125,-0.20751953125,0.78125,-0.03662109375,0.48828125,1.025390625,0.81787109375,0.4150390625,0.1220703125,0.0244140625,0.1708984375,0.2197265625,1.513671875,0.06103515625,0.23193359375,-0.09765625,0.23193359375,-0.0732421875,0.28076171875,-0.20751953125,0.91552734375,-0.0244140625,-0.0732421875,-0.30517578125,1.2939453125,0.01220703125,-0.89111328125,-0.09765625,-0.40283203125,0.0732421875,-1.03759765625,-0.08544921875,-0.830078125,-0.13427734375,-0.69580078125,-0.18310546875,0.390625,0.15869140625,2.30712890625,-0.03662109375,-0.1953125,-0.390625,-0.72021484375,0.13427734375,-0.62255859375,-0.146484375,-0.5859375,-0.35400390625,-0.0732421875,0.06103515625,0.5859375,-0.10986328125,-0.3173828125,-0.06103515625,2.880859375,-0.341796875,1.84326171875,-0.03662109375,0.3173828125,-0.03662109375,-0.03662109375,-0.048828125,-0.06103515625,0.01220703125,0.15869140625,0,-0.1708984375,-0.30517578125,0.91552734375,-0.08544921875,-0.2685546875,0.048828125,-0.341796875
1,0.10986328125,-0.4150390625,-0.09765625,-0.35400390625,-0.06103515625,-0.439453125,0.15869140625,-0.10986328125,0.25634765625,-0.0732421875,-0.03662109375,-0.91552734375,-0.08544921875,1.06201171875,-0.1220703125,-0.1708984375,-0.0244140625,-0.57373046875,0,-0.13427734375,0.10986328125,0.87890625,-0.10986328125,-0.59814453125,0.146484375,-0.4150390625,-0.15869140625,-1.08642578125,0.048828125,0.4638671875,0.47607421875,0,0.37841796875,-0.50048828125,-0.32958984375,-0.69580078125,-0.0244140625,-0.3662109375,-0.20751953125,-0.64697265625,-0.048828125,-0.244140625,0.10986328125,-0.72021484375,-0.439453125,-0.35400390625,-0.2197265625,0.6103515625,-0.0732421875,1.57470703125,-0.048828125,0.40283203125,-0.3173828125,-0.25634765625,-0.1220703125,0.98876953125,-0.23193359375,0.76904296875,-0.01220703125,0.50048828125,1.08642578125,0.91552734375,0.4638671875,0.1953125,0.048828125,0.09765625,0.1708984375,1.37939453125,-0.01220703125,0.1953125,-0.1220703125,0.18310546875,-0.1220703125,0.29296875,-0.20751953125,0.9033203125,0.01220703125,-0.06103515625,-0.28076171875,1.28173828125,0.01220703125,-0.89111328125,-0.08544921875,-0.37841796875,0.18310546875,-1.01318359375,-0.06103515625,-0.830078125,-0.10986328125,-0.35400390625,-0.18310546875,0.68359375,0.15869140625,3.369140625,-0.048828125,0.1953125,-0.30517578125,-0.72021484375,0.10986328125,-0.62255859375,-0.2197265625,-0.57373046875,-0.30517578125,-0.06103515625,0.0244140625,0.4638671875,-0.09765625,-0.42724609375,-0.10986328125,2.60009765625,-0.3173828125,1.7333984375,-0.0244140625,0.341796875,-0.03662109375,-0.0244140625,-0.06103515625,-0.0244140625,0.01220703125,0.15869140625,0.08544921875,-0.146484375,-0.35400390625,1.01318359375,-0.10986328125,-0.18310546875,0.0244140625,-0.25634765625
1,0.13427734375,-0.42724609375,-0.15869140625,-0.341796875,-0.03662109375,-0.47607421875,0.146484375,-0.10986328125,0.244140625,-0.0732421875,-0.08544921875,-0.91552734375,-0.08544921875,1.06201171875,-0.13427734375,-0.18310546875,-0.08544921875,-0.59814453125,0,-0.1220703125,0.01220703125,0.89111328125,-0.09765625,-0.6103515625,0.048828125,-0.37841796875,-0.10986328125,-1.0498046875,0.0244140625,0.537109375,0.42724609375,0.048828125,0.40283203125,-0.23193359375,-0.40283203125,-0.57373046875,0.01220703125,-0.23193359375,-0.15869140625,-0.48828125,0.06103515625,-0.244140625,0.1220703125,-0.7080078125,-0.390625,-0.37841796875,-0.244140625,0.5859375,-0.09765625,1.4892578125,-0.0244140625,0.4150390625,-0.3173828125,-0.23193359375,-0.2197265625,0.9765625,-0.1953125,0.78125,0,0.5126953125,0.98876953125,1.03759765625,0.62255859375,0.2685546875,0.08544921875,0.01220703125,0.13427734375,1.2451171875,-0.0732421875,0.15869140625,-0.09765625,0.1708984375,-0.1708984375,0.29296875,-0.1953125,0.89111328125,0.0244140625,-0.048828125,-0.25634765625,1.2939453125,-0.01220703125,-0.9033203125,-0.048828125,-0.3662109375,0.244140625,-1.0009765625,-0.08544921875,-0.81787109375,-0.09765625,-0.048828125,-0.15869140625,0.96435546875,-0.0244140625,4.35791015625,-0.03662109375,0.5615234375,-0.20751953125,-0.732421875,0.06103515625,-0.62255859375,-0.2685546875,-0.6103515625,-0.244140625,-0.06103515625,0.0244140625,0.341796875,-0.08544921875,-0.52490234375,-0.10986328125,2.33154296875,-0.29296875,1.59912109375,-0.03662109375,0.35400390625,-0.03662109375,-0.03662109375,-0.06103515625,0.01220703125,0.01220703125,0.15869140625,0.1708984375,-0.0244140625,-0.3173828125,1.1474609375,-0.0732421875,-0.06103515625,0.048828125,-0.10986328125
0,0.13427734375,-0.42724609375,-0.1220703125,-0.3173828125,-0.0244140625,-0.48828125,0.146484375,-0.1220703125,0.244140625,-0.08544921875,-0.1220703125,-0.91552734375,-0.0732421875,1.06201171875,-0.18310546875,-0.15869140625,-0.13427734375,-0.5859375,0.01220703125,-0.10986328125,-0.0732421875,0.86669921875,-0.03662109375,-0.62255859375,-0.0732421875,-0.341796875,-0.10986328125,-1.01318359375,-0.03662109375,0.634765625,0.3662109375,0.08544921875,0.35400390625,0.01220703125,-0.47607421875,-0.4638671875,0.03662109375,-0.146484375,-0.15869140625,-0.3662109375,0.146484375,-0.23193359375,0.1220703125,-0.732421875,-0.30517578125,-0.4150390625,-0.23193359375,0.52490234375,-0.1220703125,1.37939453125,-0.0244140625,0.439453125,-0.341796875,-0.18310546875,-0.28076171875,0.9765625,-0.15869140625,0.830078125,0,0.54931640625,1.0009765625,1.0986328125,0.59814453125,0.341796875,0.09765625,-0.0732421875,0.06103515625,1.08642578125,-0.15869140625,0.13427734375,-0.09765625,0.13427734375,-0.2685546875,0.30517578125,-0.1953125,0.9033203125,0.01220703125,-0.03662109375,-0.1708984375,1.28173828125,-0.048828125,-0.86669921875,0.0244140625,-0.390625,0.29296875,-1.01318359375,-0.10986328125,-0.8056640625,-0.06103515625,0.18310546875,-0.15869140625,1.18408203125,-0.20751953125,5.18798828125,-0.0244140625,0.86669921875,-0.09765625,-0.72021484375,0.048828125,-0.62255859375,-0.30517578125,-0.59814453125,-0.1708984375,-0.048828125,0.03662109375,0.2685546875,-0.08544921875,-0.64697265625,-0.1220703125,2.08740234375,-0.25634765625,1.4892578125,-0.03662109375,0.341796875,-0.01220703125,-0.03662109375,-0.06103515625,0.01220703125,-0.01220703125,0.146484375,0.1953125,0.1220703125,-0.341796875,1.28173828125,-0.08544921875,0.06103515625,0.06103515625,0.10986328125
0,0.1220703125,-0.40283203125,-0.1953125,-0.2685546875,-0.01220703125,-0.47607421875,0.1708984375,-0.1220703125,0.244140625,-0.06103515625,-0.13427734375,-0.9033203125,-0.0732421875,1.06201171875,-0.15869140625,-0.13427734375,-0.2197265625,-0.5859375,0.01220703125,-0.10986328125,-0.09765625,0.86669921875,0,-0.59814453125,-0.18310546875,-0.3173828125,-0.13427734375,-1.01318359375,-0.0732421875,0.7080078125,0.244140625,0.13427734375,0.4150390625,0.18310546875,-0.6103515625,-0.42724609375,0.0732421875,-0.1220703125,-0.146484375,-0.29296875,0.18310546875,-0.25634765625,0.15869140625,-0.732421875,-0.1708984375,-0.4150390625,-0.3173828125,0.50048828125,-0.0244140625,1.2939453125,-0.03662109375,0.45166015625,-0.35400390625,-0.146484375,-0.3662109375,0.9521484375,-0.20751953125,0.91552734375,-0.03662109375,0.54931640625,0.927734375,1.1474609375,0.6103515625,0.390625,0.048828125,-0.15869140625,-0.01220703125,0.91552734375,-0.25634765625,0.09765625,-0.1220703125,0.08544921875,-0.2685546875,0.3173828125,-0.1953125,0.9033203125,-0.048828125,-0.03662109375,-0.13427734375,1.25732421875,-0.0244140625,-0.87890625,0.09765625,-0.37841796875,0.30517578125,-1.01318359375,-0.10986328125,-0.8056640625,-0.09765625,0.37841796875,-0.13427734375,1.3671875,-0.25634765625,5.82275390625,0,1.11083984375,-0.01220703125,-0.72021484375,-0.01220703125,-0.6591796875,-0.3173828125,-0.59814453125,-0.06103515625,-0.03662109375,0.06103515625,0.20751953125,-0.1220703125,-0.7080078125,-0.13427734375,1.89208984375,-0.244140625,1.3916015625,0,0.341796875,0,-0.0244140625,-0.06103515625,0.03662109375,-0.01220703125,0.13427734375,0.13427734375,0.30517578125,-0.3662109375,1.42822265625,-0.08544921875,0.13427734375,0.10986328125,0.29296875
0,0.13427734375,-0.4150390625,-0.146484375,-0.244140625,-0.0244140625,-0.48828125,0.1708984375,-0.13427734375,0.2197265625,-0.048828125,-0.13427734375,-0.9033203125,-0.0732421875,1.08642578125,-0.1708984375,-0.15869140625,-0.30517578125,-0.5859375,0,-0.10986328125,-0.08544921875,0.87890625,0,-0.59814453125,-0.25634765625,-0.28076171875,-0.1708984375,-0.9765625,-0.1220703125,0.74462890625,0.13427734375,0.146484375,0.37841796875,0.2685546875,-0.64697265625,-0.42724609375,0.048828125,-0.1220703125,-0.13427734375,-0.28076171875,0.2197265625,-0.244140625,0.18310546875,-0.732421875,-0.048828125,-0.42724609375,-0.32958984375,0.4638671875,0.10986328125,1.18408203125,-0.06103515625,0.45166015625,-0.35400390625,-0.1220703125,-0.40283203125,0.89111328125,-0.15869140625,0.98876953125,-0.0244140625,0.5615234375,0.9033203125,1.15966796875,0.6103515625,0.37841796875,0.0244140625,-0.2685546875,-0.06103515625,0.76904296875,-0.28076171875,0.06103515625,-0.09765625,0.03662109375,-0.29296875,0.30517578125,-0.23193359375,0.89111328125,-0.03662109375,0,-0.0244140625,1.26953125,-0.01220703125,-0.87890625,0.13427734375,-0.37841796875,0.30517578125,-1.03759765625,-0.146484375,-0.79345703125,-0.1708984375,0.50048828125,-0.0732421875,1.46484375,-0.29296875,6.201171875,0.048828125,1.26953125,0.048828125,-0.7080078125,-0.03662109375,-0.6591796875,-0.390625,-0.62255859375,0.01220703125,-0.03662109375,0.048828125,0.18310546875,-0.1708984375,-0.74462890625,-0.10986328125,1.806640625,-0.2197265625,1.35498046875,0.01220703125,0.341796875,-0.01220703125,-0.0244140625,-0.06103515625,0.048828125,0.03662109375,0.146484375,0.1220703125,0.37841796875,-0.3662109375,1.47705078125,-0.09765625,0.1953125,0.10986328125,0.4150390625
0,0.1220703125,-0.37841796875,-0.13427734375,-0.1953125,-0.0732421875,-0.47607421875,0.18310546875,-0.10986328125,0.18310546875,-0.06103515625,-0.13427734375,-0.89111328125,-0.08544921875,1.08642578125,-0.1708984375,-0.18310546875,-0.3173828125,-0.5859375,-0.0244140625,-0.13427734375,-0.01220703125,0.89111328125,-0.03662109375,-0.6103515625,-0.3173828125,-0.28076171875,-0.2197265625,-0.98876953125,-0.1708984375,0.76904296875,0.08544921875,0.15869140625,0.439453125,0.20751953125,-0.6591796875,-0.4638671875,0.048828125,-0.15869140625,-0.0732421875,-0.3173828125,0.15869140625,-0.244140625,0.18310546875,-0.732421875,0.09765625,-0.4150390625,-0.42724609375,0.48828125,0.09765625,1.123046875,-0.1220703125,0.42724609375,-0.390625,-0.13427734375,-0.52490234375,0.87890625,-0.08544921875,1.01318359375,-0.01220703125,0.54931640625,0.79345703125,1.11083984375,0.537109375,0.4150390625,0.0732421875,-0.32958984375,-0.08544921875,0.6591796875,-0.28076171875,0.0244140625,-0.0732421875,-0.01220703125,-0.30517578125,0.29296875,-0.23193359375,0.9033203125,0.01220703125,-0.01220703125,0.0244140625,1.2451171875,0.01220703125,-0.9033203125,0.1708984375,-0.37841796875,0.2685546875,-1.01318359375,-0.146484375,-0.79345703125,-0.2685546875,0.50048828125,-0.01220703125,1.4892578125,-0.2685546875,6.28662109375,0.08544921875,1.318359375,0.06103515625,-0.7080078125,-0.03662109375,-0.6591796875,-0.439453125,-0.59814453125,0.03662109375,-0.0244140625,0.03662109375,0.18310546875,-0.18310546875,-0.72021484375,-0.13427734375,1.7578125,-0.23193359375,1.33056640625,0.0244140625,0.341796875,-0.01220703125,-0.03662109375,-0.06103515625,0.03662109375,0.0244140625,0.146484375,0.08544921875,0.4150390625,-0.37841796875,1.46484375,-0.10986328125,0.18310546875,0.08544921875,0.439453125
0,0.09765625,-0.37841796875,-0.18310546875,-0.15869140625,-0.0732421875,-0.4638671875,0.1708984375,-0.08544921875,0.146484375,-0.03662109375,-0.13427734375,-0.9033203125,-0.09765625,1.0986328125,-0.1708984375,-0.18310546875,-0.30517578125,-0.5859375,-0.08544921875,-0.13427734375,0.08544921875,0.89111328125,-0.09765625,-0.6103515625,-0.30517578125,-0.2685546875,-0.2685546875,-0.98876953125,-0.20751953125,0.7568359375,0.048828125,0.1708984375,0.54931640625,0.06103515625,-0.68359375,-0.57373046875,0.06103515625,-0.2197265625,-0.08544921875,-0.3662109375,0.10986328125,-0.244140625,0.18310546875,-0.732421875,0.18310546875,-0.439453125,-0.48828125,0.5126953125,0.1953125,1.06201171875,-0.09765625,0.42724609375,-0.341796875,-0.1220703125,-0.57373046875,0.81787109375,-0.08544921875,1.0498046875,-0.01220703125,0.54931640625,0.69580078125,1.01318359375,0.6103515625,0.3662109375,0.0732421875,-0.35400390625,-0.09765625,0.57373046875,-0.23193359375,0.01220703125,-0.08544921875,-0.048828125,-0.25634765625,0.28076171875,-0.20751953125,0.9033203125,0.10986328125,-0.01220703125,0.0732421875,1.25732421875,0.048828125,-0.9033203125,0.1708984375,-0.390625,0.2197265625,-1.025390625,-0.1708984375,-0.79345703125,-0.3662109375,0.42724609375,0.0244140625,1.4404296875,-0.18310546875,6.14013671875,0.146484375,1.2451171875,0.048828125,-0.68359375,0,-0.68359375,-0.47607421875,-0.59814453125,0.03662109375,-0.0244140625,-0.01220703125,0.2197265625,-0.1953125,-0.6591796875,-0.13427734375,1.79443359375,-0.30517578125,1.35498046875,0.048828125,0.341796875,-0.01220703125,-0.01220703125,-0.06103515625,0.01220703125,0.048828125,0.13427734375,0.18310546875,0.40283203125,-0.37841796875,1.37939453125,-0.09765625,0.08544921875,0.10986328125,0.390625
0,0.08544921875,-0.37841796875,-0.20751953125,-0.10986328125,-0.08544921875,-0.42724609375,0.15869140625,-0.09765625,0.10986328125,-0.03662109375,-0.13427734375,-0.9033203125,-0.1220703125,1.11083984375,-0.1708984375,-0.1953125,-0.25634765625,-0.59814453125,-0.08544921875,-0.146484375,0.1220703125,0.86669921875,-0.13427734375,-0.6103515625,-0.28076171875,-0.28076171875,-0.25634765625,-1.0009765625,-0.244140625,0.68359375,0.06103515625,0.13427734375,0.62255859375,-0.1708984375,-0.68359375,-0.69580078125,0.0244140625,-0.28076171875,-0.146484375,-0.48828125,0.06103515625,-0.2197265625,0.13427734375,-0.732421875,0.20751953125,-0.42724609375,-0.45166015625,0.537109375,0.13427734375,1.0986328125,-0.08544921875,0.42724609375,-0.341796875,-0.1708984375,-0.5615234375,0.79345703125,-0.0244140625,1.01318359375,-0.0244140625,0.52490234375,0.57373046875,0.89111328125,0.6103515625,0.37841796875,0.048828125,-0.3662109375,-0.10986328125,0.59814453125,-0.18310546875,0.0244140625,-0.09765625,-0.03662109375,-0.2197265625,0.28076171875,-0.15869140625,0.9033203125,0.18310546875,-0.01220703125,0.08544921875,1.25732421875,0.0732421875,-0.93994140625,0.146484375,-0.390625,0.146484375,-1.01318359375,-0.23193359375,-0.8056640625,-0.4150390625,0.29296875,0.06103515625,1.318359375,-0.0732421875,5.74951171875,0.13427734375,1.123046875,0.048828125,-0.69580078125,0.03662109375,-0.68359375,-0.50048828125,-0.6103515625,0.0244140625,-0.03662109375,-0.09765625,0.244140625,-0.1953125,-0.6103515625,-0.18310546875,1.8310546875,-0.32958984375,1.3916015625,0.08544921875,0.341796875,0,-0.01220703125,-0.06103515625,0.01220703125,0.0732421875,0.146484375,0.35400390625,0.3662109375,-0.341796875,1.25732421875,-0.06103515625,-0.01220703125,0.13427734375,0.20751953125
0,0.09765625,-0.3662109375,-0.20751953125,-0.0732421875,-0.06103515625,-0.439453125,0.15869140625,-0.09765625,0.06103515625,-0.03662109375,-0.146484375,-0.9033203125,-0.08544921875,1.11083984375,-0.15869140625,-0.1953125,-0.15869140625,-0.6103515625,-0.09765625,-0.146484375,0.146484375,0.89111328125,-0.15869140625,-0.62255859375,-0.28076171875,-0.30517578125,-0.2685546875,-1.03759765625,-0.2685546875,0.6103515625,0.10986328125,0.09765625,0.732421875,-0.40283203125,-0.6591796875,-0.79345703125,-0.01220703125,-0.32958984375,-0.1708984375,-0.5615234375,-0.0244140625,-0.2197265625,0.08544921875,-0.72021484375,0.18310546875,-0.40283203125,-0.439453125,0.5859375,0.1220703125,1.11083984375,-0.08544921875,0.40283203125,-0.3662109375,-0.2197265625,-0.5859375,0.7568359375,0.0244140625,0.96435546875,0,0.48828125,0.45166015625,0.732421875,0.68359375,0.390625,0.01220703125,-0.30517578125,-0.1220703125,0.6591796875,-0.13427734375,0.048828125,-0.146484375,-0.01220703125,-0.1953125,0.28076171875,-0.08544921875,0.89111328125,0.25634765625,-0.03662109375,0.01220703125,1.25732421875,0.0732421875,-0.9765625,0.10986328125,-0.390625,0.0732421875,-1.01318359375,-0.28076171875,-0.8056640625,-0.40283203125,0.08544921875,0.048828125,1.13525390625,0.06103515625,5.17578125,0.13427734375,0.9033203125,0.01220703125,-0.68359375,0.06103515625,-0.68359375,-0.4638671875,-0.59814453125,-0.0244140625,-0.048828125,-0.0732421875,0.25634765625,-0.244140625,-0.5859375,-0.18310546875,1.86767578125,-0.390625,1.4404296875,0.13427734375,0.341796875,0,-0.01220703125,-0.0732421875,0,0.06103515625,0.15869140625,0.30517578125,0.341796875,-0.35400390625,1.123046875,-0.06103515625,-0.13427734375,0.13427734375,0.048828125
0,0.06103515625,-0.3662109375,-0.1708984375,-0.06103515625,-0.048828125,-0.4150390625,0.15869140625,-0.0732421875,0.03662109375,-0.0244140625,-0.146484375,-0.9033203125,-0.10986328125,1.0986328125,-0.146484375,-0.1953125,-0.048828125,-0.6103515625,-0.1220703125,-0.18310546875,0.15869140625,0.87890625,-0.13427734375,-0.6103515625,-0.23193359375,-0.3662109375,-0.244140625,-1.07421875,-0.2685546875,0.5126953125,0.1220703125,0.03662109375,0.84228515625,-0.5859375,-0.5615234375,-0.89111328125,-0.0732421875,-0.37841796875,-0.2197265625,-0.64697265625,0.01220703125,-0.23193359375,0.0244140625,-0.72021484375,0.10986328125,-0.390625,-0.390625,0.59814453125,0.13427734375,1.123046875,-0.1220703125,0.390625,-0.35400390625,-0.23193359375,-0.537109375,0.74462890625,0.01220703125,0.91552734375,-0.01220703125,0.439453125,0.5126953125,0.5615234375,0.62255859375,0.47607421875,-0.0244140625,-0.20751953125,-0.08544921875,0.7568359375,-0.0732421875,0.0732421875,-0.1708984375,0.03662109375,-0.23193359375,0.28076171875,0.0244140625,0.9033203125,0.30517578125,-0.048828125,-0.048828125,1.2939453125,0.06103515625,-1.01318359375,0.08544921875,-0.390625,-0.048828125,-0.98876953125,-0.3173828125,-0.81787109375,-0.40283203125,-0.146484375,0.0244140625,0.91552734375,0.1953125,4.47998046875,0.1220703125,0.59814453125,-0.01220703125,-0.6591796875,0.03662109375,-0.67138671875,-0.48828125,-0.59814453125,-0.06103515625,-0.0244140625,-0.1220703125,0.23193359375,-0.2685546875,-0.57373046875,-0.23193359375,1.85546875,-0.42724609375,1.4404296875,0.1708984375,0.341796875,-0.0244140625,0,-0.0732421875,-0.0244140625,0.0732421875,0.15869140625,0.32958984375,0.42724609375,-0.3173828125,1.03759765625,-0.01220703125,-0.20751953125,0.1708984375,-0.08544921875
0,0.03662109375,-0.37841796875,-0.18310546875,-0.0732421875,-0.0244140625,-0.42724609375,0.15869140625,-0.0732421875,0.01220703125,-0.03662109375,-0.146484375,-0.9033203125,-0.10986328125,1.0986328125,-0.13427734375,-0.18310546875,0.0244140625,-0.59814453125,-0.13427734375,-0.1708984375,0.09765625,0.89111328125,-0.146484375,-0.6103515625,-0.1953125,-0.40283203125,-0.20751953125,-1.11083984375,-0.18310546875,0.40283203125,0.10986328125,0,0.76904296875,-0.72021484375,-0.47607421875,-0.93994140625,-0.08544921875,-0.3662109375,-0.23193359375,-0.68359375,0.06103515625,-0.2197265625,-0.03662109375,-0.7080078125,0.0244140625,-0.390625,-0.2685546875,0.64697265625,0.06103515625,1.13525390625,-0.1220703125,0.390625,-0.32958984375,-0.25634765625,-0.40283203125,0.732421875,0.03662109375,0.89111328125,0,0.439453125,0.47607421875,0.4638671875,0.62255859375,0.68359375,-0.03662109375,-0.13427734375,-0.1220703125,0.89111328125,-0.0244140625,0.08544921875,-0.1953125,0.0732421875,-0.29296875,0.29296875,0.0732421875,0.87890625,0.3173828125,-0.06103515625,-0.09765625,1.28173828125,0.0732421875,-1.03759765625,0.03662109375,-0.40283203125,-0.146484375,-1.0009765625,-0.35400390625,-0.830078125,-0.3173828125,-0.42724609375,-0.01220703125,0.64697265625,0.2685546875,3.69873046875,0.10986328125,0.25634765625,-0.10986328125,-0.69580078125,0.0244140625,-0.67138671875,-0.47607421875,-0.59814453125,-0.13427734375,-0.048828125,-0.06103515625,0.1953125,-0.29296875,-0.62255859375,-0.2685546875,1.7333984375,-0.45166015625,1.3916015625,0.146484375,0.3662109375,-0.0244140625,-0.01220703125,-0.06103515625,-0.048828125,0.06103515625,0.1708984375,0.29296875,0.67138671875,-0.3173828125,1.07421875,-0.03662109375,-0.18310546875,0.146484375,-0.10986328125
0,0,-0.37841796875,-0.23193359375,-0.10986328125,-0.03662109375,-0.42724609375,0.1708984375,-0.08544921875,-0.01220703125,-0.03662109375,-0.1708984375,-0.87890625,-0.1220703125,1.0986328125,-0.1220703125,-0.146484375,0.09765625,-0.6103515625,-0.1220703125,-0.1953125,0.0244140625,0.86669921875,-0.09765625,-0.6103515625,-0.18310546875,-0.45166015625,-0.15869140625,-1.123046875,-0.10986328125,0.341796875,0.08544921875,-0.06103515625,0.79345703125,-0.7568359375,-0.30517578125,-0.927734375,-0.01220703125,-0.3662109375,-0.18310546875,-0.67138671875,0.1220703125,-0.2197265625,-0.08544921875,-0.7080078125,-0.10986328125,-0.40283203125,-0.23193359375,0.6591796875,-0.0732421875,1.15966796875,-0.1220703125,0.390625,-0.32958984375,-0.25634765625,-0.30517578125,0.7080078125,-0.09765625,0.9033203125,0,0.439453125,0.47607421875,0.40283203125,0.57373046875,1.01318359375,-0.0732421875,-0.01220703125,-0.01220703125,1.025390625,-0.0244140625,0.10986328125,-0.1708984375,0.1220703125,-0.35400390625,0.3173828125,0.13427734375,0.89111328125,0.2685546875,-0.0732421875,-0.146484375,1.2939453125,0.048828125,-1.06201171875,-0.01220703125,-0.40283203125,-0.20751953125,-1.01318359375,-0.29296875,-0.830078125,-0.23193359375,-0.732421875,-0.03662109375,0.35400390625,0.3662109375,2.86865234375,0.1220703125,-0.09765625,-0.25634765625,-0.69580078125,-0.0244140625,-0.64697265625,-0.4638671875,-0.59814453125,-0.1953125,-0.03662109375,-0.01220703125,0.09765625,-0.2685546875,-0.68359375,-0.1708984375,1.513671875,-0.45166015625,1.30615234375,0.1708984375,0.35400390625,-0.01220703125,-0.01220703125,-0.0732421875,-0.0732421875,0.08544921875,0.18310546875,0.32958984375,1.123046875,-0.341796875,1.20849609375,-0.0244140625,-0.0244140625,0.15869140625,0.0732421875
0,0,-0.40283203125,-0.18310546875,-0.1708984375,-0.06103515625,-0.439453125,0.1708984375,-0.08544921875,0,-0.0732421875,-0.18310546875,-0.91552734375,-0.146484375,1.08642578125,-0.08544921875,-0.15869140625,0.15869140625,-0.59814453125,-0.13427734375,-0.1708984375,-0.048828125,0.86669921875,-0.06103515625,-0.6103515625,-0.13427734375,-0.4638671875,-0.1220703125,-1.13525390625,-0.06103515625,0.29296875,0.08544921875,-0.08544921875,0.732421875,-0.64697265625,-0.20751953125,-0.9033203125,-0.10986328125,-0.32958984375,-0.244140625,-0.64697265625,0.1953125,-0.2197265625,-0.146484375,-0.7080078125,-0.18310546875,-0.390625,-0.29296875,0.64697265625,-0.13427734375,1.15966796875,-0.10986328125,0.42724609375,-0.2685546875,-0.25634765625,-0.20751953125,0.7080078125,-0.0732421875,0.98876953125,0,0.48828125,0.28076171875,0.4150390625,0.50048828125,1.4404296875,-0.0732421875,0.03662109375,0.048828125,1.123046875,-0.048828125,0.13427734375,-0.1220703125,0.15869140625,-0.42724609375,0.37841796875,0.1953125,0.86669921875,0.2197265625,-0.08544921875,-0.1708984375,1.30615234375,-0.01220703125,-1.0986328125,-0.048828125,-0.37841796875,-0.2685546875,-1.03759765625,-0.23193359375,-0.830078125,-0.15869140625,-1.01318359375,-0.03662109375,0.03662109375,0.35400390625,2.06298828125,0.15869140625,-0.47607421875,-0.35400390625,-0.68359375,-0.08544921875,-0.6591796875,-0.3662109375,-0.59814453125,-0.1953125,-0.0732421875,0.048828125,-0.048828125,-0.23193359375,-0.81787109375,-0.146484375,1.20849609375,-0.4150390625,1.171875,0.1708984375,0.3662109375,-0.0244140625,-0.01220703125,-0.048828125,-0.0732421875,0.06103515625,0.1953125,0.32958984375,1.84326171875,-0.3173828125,1.52587890625,-0.01220703125,0.2685546875,0.1708984375,0.45166015625
0,-0.01220703125,-0.4150390625,-0.20751953125,-0.244140625,-0.03662109375,-0.4638671875,0.146484375,-0.1220703125,-0.01220703125,-0.0732421875,-0.20751953125,-0.91552734375,-0.146484375,1.07421875,-0.0732421875,-0.18310546875,0.18310546875,-0.6103515625,-0.09765625,-0.1953125,-0.08544921875,0.86669921875,-0.03662109375,-0.634765625,-0.0732421875,-0.48828125,-0.0732421875,-1.15966796875,-0.01220703125,0.3173828125,0.15869140625,-0.09765625,0.69580078125,-0.52490234375,-0.18310546875,-0.84228515625,-0.10986328125,-0.29296875,-0.2197265625,-0.5859375,0.1708984375,-0.244140625,-0.08544921875,-0.69580078125,-0.20751953125,-0.390625,-0.32958984375,0.64697265625,-0.15869140625,1.171875,-0.1220703125,0.45166015625,-0.28076171875,-0.23193359375,-0.1220703125,0.7080078125,-0.08544921875,1.1474609375,-0.01220703125,0.59814453125,0.32958984375,0.537109375,0.20751953125,2.01416015625,-0.048828125,0.06103515625,0.13427734375,1.1474609375,-0.048828125,0.1220703125,-0.01220703125,0.18310546875,-0.40283203125,0.45166015625,0.2197265625,0.8544921875,0.18310546875,-0.0732421875,-0.1953125,1.30615234375,-0.048828125,-1.0986328125,-0.09765625,-0.390625,-0.28076171875,-1.01318359375,-0.1708984375,-0.84228515625,-0.09765625,-1.2939453125,-0.048828125,-0.2197265625,0.40283203125,1.30615234375,0.1953125,-0.81787109375,-0.439453125,-0.67138671875,-0.13427734375,-0.67138671875,-0.25634765625,-0.6103515625,-0.1708984375,-0.06103515625,0.146484375,-0.2197265625,-0.146484375,-0.96435546875,-0.1220703125,0.81787109375,-0.37841796875,1.025390625,0.1708984375,0.35400390625,-0.01220703125,0,-0.06103515625,-0.08544921875,0.06103515625,0.1708984375,0.18310546875,2.79541015625,-0.3173828125,1.953125,-0.01220703125,0.68359375,0.146484375,1.01318359375
0,-0.0244140625,-0.40283203125,-0.18310546875,-0.32958984375,-0.03662109375,-0.4638671875,0.146484375,-0.13427734375,0,-0.0732421875,-0.1953125,-0.89111328125,-0.146484375,1.06201171875,-0.06103515625,-0.1953125,0.1708984375,-0.59814453125,-0.06103515625,-0.15869140625,-0.0732421875,0.87890625,-0.03662109375,-0.62255859375,-0.0732421875,-0.45166015625,-0.10986328125,-1.15966796875,0,0.3173828125,0.2197265625,-0.09765625,0.74462890625,-0.341796875,-0.08544921875,-0.78125,-0.10986328125,-0.2685546875,-0.20751953125,-0.537109375,0.1220703125,-0.244140625,-0.0732421875,-0.72021484375,-0.23193359375,-0.40283203125,-0.35400390625,0.62255859375,-0.1953125,1.171875,-0.09765625,0.45166015625,-0.244140625,-0.20751953125,-0.0244140625,0.7080078125,-0.1953125,1.3671875,0.01220703125,0.7080078125,0.244140625,0.7080078125,0.2197265625,2.7099609375,-0.06103515625,0.08544921875,0.23193359375,1.13525390625,-0.08544921875,0.10986328125,0.0732421875,0.18310546875,-0.32958984375,0.5615234375,0.30517578125,0.87890625,0.13427734375,-0.0732421875,-0.2685546875,1.28173828125,-0.06103515625,-1.08642578125,-0.13427734375,-0.37841796875,-0.244140625,-1.0009765625,-0.0732421875,-0.84228515625,-0.0732421875,-1.4892578125,-0.048828125,-0.4150390625,0.4150390625,0.62255859375,0.23193359375,-1.11083984375,-0.45166015625,-0.68359375,-0.146484375,-0.68359375,-0.18310546875,-0.6103515625,-0.10986328125,-0.048828125,0.15869140625,-0.390625,-0.10986328125,-1.15966796875,-0.10986328125,0.32958984375,-0.35400390625,0.8544921875,0.1708984375,0.35400390625,-0.01220703125,0,-0.0732421875,-0.03662109375,0.0244140625,0.146484375,0.09765625,3.94287109375,-0.30517578125,2.44140625,-0.03662109375,1.1962890625,0.13427734375,1.7333984375
1,-0.01220703125,-0.40283203125,-0.23193359375,-0.40283203125,0.01220703125,-0.439453125,0.15869140625,-0.146484375,0.01220703125,-0.06103515625,-0.20751953125,-0.91552734375,-0.146484375,1.08642578125,-0.03662109375,-0.18310546875,0.1220703125,-0.59814453125,-0.03662109375,-0.146484375,-0.048828125,0.87890625,-0.03662109375,-0.59814453125,-0.0732421875,-0.42724609375,-0.1220703125,-1.123046875,0.01220703125,0.3662109375,0.28076171875,-0.0732421875,0.78125,-0.18310546875,-0.15869140625,-0.7080078125,-0.146484375,-0.2685546875,-0.2197265625,-0.4638671875,0.06103515625,-0.25634765625,-0.01220703125,-0.732421875,-0.20751953125,-0.4150390625,-0.439453125,0.59814453125,-0.2685546875,1.18408203125,-0.08544921875,0.4638671875,-0.1708984375,-0.1708984375,0.0732421875,0.69580078125,-0.1708984375,1.62353515625,-0.01220703125,0.86669921875,0.28076171875,0.91552734375,0.13427734375,3.466796875,-0.09765625,0.06103515625,0.2685546875,1.07421875,-0.15869140625,0.10986328125,0.0732421875,0.15869140625,-0.25634765625,0.68359375,0.28076171875,0.87890625,0.0244140625,-0.0732421875,-0.28076171875,1.318359375,-0.06103515625,-1.06201171875,-0.146484375,-0.37841796875,-0.1708984375,-1.01318359375,-0.08544921875,-0.830078125,-0.08544921875,-1.66015625,-0.01220703125,-0.6103515625,0.390625,0.06103515625,0.20751953125,-1.3427734375,-0.42724609375,-0.68359375,-0.15869140625,-0.69580078125,-0.09765625,-0.59814453125,-0.01220703125,-0.0732421875,0.1953125,-0.57373046875,-0.048828125,-1.33056640625,-0.01220703125,-0.1708984375,-0.35400390625,0.68359375,0.1953125,0.32958984375,0.01220703125,0,-0.0732421875,-0.0244140625,0.03662109375,0.146484375,0.09765625,5.17578125,-0.35400390625,2.99072265625,-0.048828125,1.708984375,0.0732421875,2.5390625
1,-0.048828125,-0.390625,-0.244140625,-0.45166015625,0.01220703125,-0.439453125,0.1220703125,-0.1220703125,-0.0244140625,-0.0244140625,-0.23193359375,-0.9033203125,-0.146484375,1.07421875,-0.03662109375,-0.1708984375,0.048828125,-0.59814453125,-0.048828125,-0.146484375,0.0244140625,0.86669921875,-0.08544921875,-0.5859375,-0.048828125,-0.390625,-0.18310546875,-1.11083984375,0.048828125,0.439453125,0.3173828125,-0.048828125,0.732421875,-0.048828125,-0.1708984375,-0.69580078125,-0.09765625,-0.29296875,-0.13427734375,-0.47607421875,0.0244140625,-0.244140625,0.0244140625,-0.74462890625,-0.146484375,-0.439453125,-0.537109375,0.57373046875,-0.28076171875,1.1962890625,-0.09765625,0.45166015625,-0.10986328125,-0.1708984375,0.1220703125,0.68359375,-0.25634765625,1.86767578125,-0.048828125,1.01318359375,0.32958984375,1.15966796875,0.13427734375,4.26025390625,-0.146484375,0,0.35400390625,0.9765625,-0.15869140625,0.06103515625,0.20751953125,0.146484375,-0.146484375,0.78125,0.23193359375,0.89111328125,-0.08544921875,-0.048828125,-0.3173828125,1.30615234375,-0.0244140625,-1.01318359375,-0.146484375,-0.37841796875,-0.08544921875,-1.0009765625,-0.06103515625,-0.81787109375,-0.15869140625,-1.7578125,0.03662109375,-0.69580078125,0.341796875,-0.3662109375,0.1953125,-1.513671875,-0.37841796875,-0.68359375,-0.146484375,-0.72021484375,-0.01220703125,-0.5615234375,0.06103515625,-0.08544921875,0.25634765625,-0.72021484375,0.03662109375,-1.45263671875,0.0732421875,-0.5859375,-0.32958984375,0.537109375,0.18310546875,0.3173828125,0,-0.01220703125,-0.06103515625,-0.0244140625,0,0.146484375,0.18310546875,6.396484375,-0.37841796875,3.515625,-0.0244140625,2.23388671875,0.06103515625,3.30810546875
1,-0.048828125,-0.40283203125,-0.25634765625,-0.4638671875,-0.01220703125,-0.42724609375,0.146484375,-0.09765625,-0.03662109375,-0.0244140625,-0.2197265625,-0.91552734375,-0.13427734375,1.06201171875,-0.06103515625,-0.15869140625,-0.01220703125,-0.5859375,-0.08544921875,-0.146484375,0.13427734375,0.86669921875,-0.1220703125,-0.59814453125,-0.09765625,-0.3662109375,-0.2685546875,-1.07421875,-0.03662109375,0.5126953125,0.25634765625,-0.0244140625,0.69580078125,-0.03662109375,-0.146484375,-0.68359375,-0.03662109375,-0.3173828125,-0.09765625,-0.48828125,-0.08544921875,-0.25634765625,0.048828125,-0.732421875,-0.08544921875,-0.439453125,-0.59814453125,0.57373046875,-0.35400390625,1.2451171875,-0.10986328125,0.439453125,-0.10986328125,-0.13427734375,0.10986328125,0.69580078125,-0.25634765625,2.11181640625,-0.03662109375,1.171875,0.341796875,1.37939453125,0.048828125,5.01708984375,-0.18310546875,-0.03662109375,0.37841796875,0.89111328125,-0.18310546875,0.06103515625,0.244140625,0.10986328125,-0.048828125,0.91552734375,0.15869140625,0.9033203125,-0.13427734375,-0.0244140625,-0.29296875,1.28173828125,0,-0.9521484375,-0.1220703125,-0.390625,0.0244140625,-1.01318359375,-0.146484375,-0.81787109375,-0.2197265625,-1.8310546875,0.0732421875,-0.74462890625,0.244140625,-0.68359375,0.146484375,-1.6357421875,-0.29296875,-0.62255859375,-0.09765625,-0.72021484375,0.0732421875,-0.5615234375,0.146484375,-0.0732421875,0.23193359375,-0.79345703125,0.10986328125,-1.57470703125,0.09765625,-0.9033203125,-0.35400390625,0.439453125,0.18310546875,0.3173828125,0,0,-0.0732421875,0,-0.0244140625,0.10986328125,0.1953125,7.53173828125,-0.35400390625,3.91845703125,-0.03662109375,2.67333984375,0.06103515625,4.01611328125
1,-0.0244140625,-0.37841796875,-0.2685546875,-0.45166015625,-0.048828125,-0.42724609375,0.13427734375,-0.08544921875,-0.06103515625,0,-0.25634765625,-0.927734375,-0.1220703125,1.07421875,-0.0732421875,-0.15869140625,-0.06103515625,-0.5859375,-0.10986328125,-0.13427734375,0.1953125,0.87890625,-0.18310546875,-0.5859375,-0.10986328125,-0.341796875,-0.2685546875,-1.0498046875,-0.08544921875,0.57373046875,0.20751953125,0.01220703125,0.634765625,-0.09765625,-0.15869140625,-0.69580078125,-0.048828125,-0.341796875,-0.0244140625,-0.537109375,-0.1220703125,-0.2197265625,0.06103515625,-0.72021484375,-0.0244140625,-0.45166015625,-0.64697265625,0.5859375,-0.28076171875,1.25732421875,-0.13427734375,0.40283203125,-0.08544921875,-0.15869140625,0.1220703125,0.69580078125,-0.29296875,2.28271484375,-0.08544921875,1.318359375,0.32958984375,1.57470703125,0.08544921875,5.72509765625,-0.1953125,-0.06103515625,0.35400390625,0.8056640625,-0.1953125,0.06103515625,0.244140625,0.09765625,-0.01220703125,0.98876953125,0.06103515625,0.87890625,-0.15869140625,-0.0244140625,-0.28076171875,1.28173828125,0.01220703125,-0.91552734375,-0.08544921875,-0.390625,0.08544921875,-1.06201171875,-0.15869140625,-0.8056640625,-0.30517578125,-1.86767578125,0.06103515625,-0.732421875,0.08544921875,-0.87890625,0.10986328125,-1.67236328125,-0.2197265625,-0.6103515625,-0.0732421875,-0.68359375,0.08544921875,-0.59814453125,0.1708984375,-0.0732421875,0.2197265625,-0.830078125,0.15869140625,-1.59912109375,0.146484375,-1.07421875,-0.3173828125,0.40283203125,0.146484375,0.30517578125,-0.01220703125,-0.0244140625,-0.06103515625,-0.0244140625,-0.048828125,0.10986328125,0.06103515625,8.45947265625,-0.37841796875,4.248046875,-0.0732421875,2.99072265625,0.048828125,4.5654296875
1,-0.06103515625,-0.3662109375,-0.20751953125,-0.45166015625,-0.03662109375,-0.40283203125,0.13427734375,-0.06103515625,-0.06103515625,-0.01220703125,-0.25634765625,-0.9033203125,-0.10986328125,1.0986328125,-0.10986328125,-0.1708984375,-0.03662109375,-0.5859375,-0.10986328125,-0.146484375,0.28076171875,0.9033203125,-0.25634765625,-0.5859375,-0.146484375,-0.341796875,-0.25634765625,-1.0498046875,-0.1708984375,0.59814453125,0.15869140625,0.03662109375,0.537109375,-0.18310546875,-0.1953125,-0.72021484375,-0.0244140625,-0.35400390625,0.01220703125,-0.57373046875,-0.146484375,-0.2197265625,0.01220703125,-0.7080078125,0,-0.439453125,-0.67138671875,0.6103515625,-0.2197265625,1.30615234375,-0.15869140625,0.4150390625,-0.08544921875,-0.15869140625,0.146484375,0.7080078125,-0.25634765625,2.3681640625,-0.146484375,1.4404296875,0.25634765625,1.7333984375,0.03662109375,6.298828125,-0.18310546875,-0.08544921875,0.4638671875,0.7568359375,-0.09765625,0.08544921875,0.28076171875,0.10986328125,0,1.03759765625,0.01220703125,0.89111328125,-0.10986328125,-0.048828125,-0.25634765625,1.25732421875,0.03662109375,-0.8544921875,-0.048828125,-0.390625,0.15869140625,-1.06201171875,-0.1953125,-0.79345703125,-0.35400390625,-1.8798828125,0.03662109375,-0.68359375,-0.06103515625,-0.93994140625,0.09765625,-1.69677734375,-0.1220703125,-0.634765625,-0.06103515625,-0.7080078125,0.0732421875,-0.6103515625,0.1708984375,-0.0732421875,0.1708984375,-0.8056640625,0.18310546875,-1.5869140625,0.048828125,-1.0986328125,-0.30517578125,0.40283203125,0.15869140625,0.3173828125,0.01220703125,-0.01220703125,-0.0732421875,0,-0.048828125,0.13427734375,0.06103515625,9.19189453125,-0.37841796875,4.43115234375,-0.06103515625,3.1982421875,0.0732421875,4.931640625
1,-0.06103515625,-0.341796875,-0.244140625,-0.42724609375,-0.01220703125,-0.37841796875,0.1220703125,-0.0732421875,-0.08544921875,0,-0.2685546875,-0.87890625,-0.08544921875,1.0986328125,-0.10986328125,-0.1708984375,-0.048828125,-0.5859375,-0.09765625,-0.146484375,0.341796875,0.89111328125,-0.25634765625,-0.59814453125,-0.20751953125,-0.3662109375,-0.25634765625,-1.03759765625,-0.2197265625,0.6103515625,0.13427734375,0.03662109375,0.42724609375,-0.32958984375,-0.25634765625,-0.74462890625,-0.0244140625,-0.3662109375,-0.03662109375,-0.59814453125,-0.1708984375,-0.20751953125,-0.10986328125,-0.68359375,0,-0.42724609375,-0.62255859375,0.634765625,-0.25634765625,1.3427734375,-0.1953125,0.40283203125,-0.09765625,-0.1708984375,0.13427734375,0.74462890625,-0.1953125,2.4169921875,-0.2197265625,1.50146484375,0.2197265625,1.8310546875,-0.048828125,6.7626953125,-0.2197265625,-0.0732421875,0.47607421875,0.8056640625,-0.048828125,0.1220703125,0.244140625,0.1220703125,-0.0244140625,1.0498046875,0.01220703125,0.9033203125,-0.01220703125,-0.048828125,-0.29296875,1.25732421875,0.03662109375,-0.8056640625,0.0244140625,-0.37841796875,0.1220703125,-1.08642578125,-0.2197265625,-0.8056640625,-0.37841796875,-1.85546875,-0.01220703125,-0.62255859375,-0.20751953125,-0.98876953125,0.048828125,-1.6845703125,0,-0.6591796875,-0.048828125,-0.732421875,0.0244140625,-0.57373046875,0.18310546875,-0.06103515625,0.0732421875,-0.732421875,0.1708984375,-1.50146484375,0.08544921875,-0.91552734375,-0.32958984375,0.50048828125,0.146484375,0.3173828125,0.01220703125,0,-0.08544921875,0.0244140625,-0.048828125,0.15869140625,0.048828125,9.66796875,-0.390625,4.50439453125,-0.0732421875,3.2958984375,0.03662109375,5.126953125
1,-0.0732421875,-0.35400390625,-0.244140625,-0.37841796875,0.048828125,-0.390625,0.09765625,-0.09765625,-0.08544921875,-0.01220703125,-0.28076171875,-0.9033203125,-0.048828125,1.08642578125,-0.13427734375,-0.18310546875,-0.06103515625,-0.57373046875,-0.048828125,-0.146484375,0.30517578125,0.91552734375,-0.2197265625,-0.5859375,-0.28076171875,-0.3662109375,-0.25634765625,-1.025390625,-0.29296875,0.6103515625,0.10986328125,0.03662109375,0.40283203125,-0.439453125,-0.3173828125,-0.78125,-0.048828125,-0.390625,-0.0732421875,-0.6103515625,-0.146484375,-0.2197265625,-0.18310546875,-0.69580078125,0.0244140625,-0.40283203125,-0.57373046875,0.62255859375,-0.18310546875,1.37939453125,-0.23193359375,0.4150390625,-0.13427734375,-0.1708984375,0.146484375,0.74462890625,-0.13427734375,2.3681640625,-0.28076171875,1.5625,0.29296875,1.8798828125,0.048828125,7.06787109375,-0.23193359375,0,0.45166015625,0.89111328125,0.01220703125,0.1708984375,0.2197265625,0.1708984375,0,1.06201171875,-0.03662109375,0.87890625,0.06103515625,-0.06103515625,-0.35400390625,1.26953125,0.0244140625,-0.732421875,0.10986328125,-0.390625,0.048828125,-1.06201171875,-0.1953125,-0.8056640625,-0.40283203125,-1.84326171875,-0.08544921875,-0.5615234375,-0.30517578125,-0.96435546875,0.06103515625,-1.66015625,0.09765625,-0.64697265625,-0.0732421875,-0.74462890625,-0.0732421875,-0.50048828125,0.15869140625,-0.0732421875,0,-0.57373046875,0.146484375,-1.3427734375,0.0732421875,-0.48828125,-0.3662109375,0.6591796875,0.18310546875,0.32958984375,0.01220703125,-0.01220703125,-0.06103515625,0.0244140625,-0.0732421875,0.15869140625,0.1220703125,9.87548828125,-0.390625,4.443359375,-0.06103515625,3.28369140625,0.06103515625,5.126953125
1,-0.0732421875,-0.35400390625,-0.244140625,-0.3662109375,0.09765625,-0.3662109375,0.09765625,-0.09765625,-0.09765625,-0.0244140625,-0.30517578125,-0.87890625,-0.0244140625,1.0986328125,-0.13427734375,-0.18310546875,-0.06103515625,-0.57373046875,0.01220703125,-0.146484375,0.32958984375,0.89111328125,-0.15869140625,-0.5615234375,-0.32958984375,-0.37841796875,-0.25634765625,-1.025390625,-0.25634765625,0.6103515625,0.09765625,0.03662109375,0.341796875,-0.54931640625,-0.35400390625,-0.8056640625,0.048828125,-0.37841796875,-0.10986328125,-0.59814453125,-0.08544921875,-0.2197265625,-0.23193359375,-0.68359375,0.01220703125,-0.37841796875,-0.48828125,0.6103515625,-0.1708984375,1.40380859375,-0.29296875,0.439453125,-0.20751953125,-0.15869140625,0.06103515625,0.78125,-0.146484375,2.28271484375,-0.29296875,1.5869140625,0.30517578125,1.8798828125,0.2685546875,7.2265625,-0.15869140625,0.10986328125,0.390625,0.98876953125,0.0732421875,0.244140625,0.20751953125,0.244140625,0,1.03759765625,-0.01220703125,0.89111328125,0.10986328125,-0.08544921875,-0.35400390625,1.26953125,0.06103515625,-0.69580078125,0.18310546875,-0.40283203125,-0.09765625,-1.07421875,-0.15869140625,-0.79345703125,-0.390625,-1.806640625,-0.1220703125,-0.54931640625,-0.3173828125,-0.91552734375,0.06103515625,-1.6357421875,0.18310546875,-0.62255859375,-0.09765625,-0.74462890625,-0.1953125,-0.50048828125,0.146484375,-0.06103515625,-0.048828125,-0.35400390625,0.048828125,-1.11083984375,0.03662109375,0.10986328125,-0.4150390625,0.89111328125,0.18310546875,0.35400390625,0.01220703125,0.01220703125,-0.0732421875,0,-0.0732421875,0.15869140625,0.0732421875,9.80224609375,-0.341796875,4.33349609375,-0.06103515625,3.18603515625,0.09765625,5.0048828125
1,-0.08544921875,-0.3662109375,-0.244140625,-0.32958984375,0.09765625,-0.390625,0.1220703125,-0.09765625,-0.09765625,-0.0244140625,-0.29296875,-0.91552734375,0,1.08642578125,-0.146484375,-0.1708984375,-0.0732421875,-0.57373046875,0.08544921875,-0.13427734375,0.29296875,0.9033203125,-0.06103515625,-0.5615234375,-0.32958984375,-0.37841796875,-0.23193359375,-1.01318359375,-0.1708984375,0.59814453125,0,0.048828125,0.25634765625,-0.5615234375,-0.4150390625,-0.76904296875,-0.01220703125,-0.341796875,-0.1953125,-0.54931640625,-0.03662109375,-0.2197265625,-0.2197265625,-0.68359375,0.03662109375,-0.35400390625,-0.439453125,0.6103515625,-0.18310546875,1.416015625,-0.28076171875,0.50048828125,-0.2685546875,-0.13427734375,0.03662109375,0.79345703125,-0.03662109375,2.1728515625,-0.28076171875,1.5869140625,0.30517578125,1.85546875,0.341796875,7.26318359375,-0.10986328125,0.20751953125,0.29296875,1.123046875,0.0244140625,0.32958984375,0.1708984375,0.30517578125,-0.0244140625,1.0009765625,-0.0244140625,0.87890625,0.1708984375,-0.08544921875,-0.390625,1.26953125,0.0732421875,-0.64697265625,0.1953125,-0.40283203125,-0.244140625,-1.07421875,-0.10986328125,-0.78125,-0.3662109375,-1.81884765625,-0.1220703125,-0.52490234375,-0.2685546875,-0.84228515625,0.08544921875,-1.611328125,0.1953125,-0.64697265625,-0.1220703125,-0.732421875,-0.35400390625,-0.48828125,0.06103515625,-0.0732421875,-0.09765625,-0.09765625,-0.048828125,-0.9033203125,-0.0732421875,0.8056640625,-0.45166015625,1.13525390625,0.15869140625,0.35400390625,0,0,-0.06103515625,0,-0.048828125,0.1708984375,0,9.55810546875,-0.3662109375,4.16259765625,-0.09765625,3.0517578125,0.10986328125,4.82177734375
1,-0.08544921875,-0.390625,-0.1953125,-0.3173828125,0.08544921875,-0.4150390625,0.10986328125,-0.10986328125,-0.1220703125,-0.03662109375,-0.32958984375,-0.9033203125,0,1.08642578125,-0.146484375,-0.1708984375,-0.0732421875,-0.57373046875,0.146484375,-0.13427734375,0.2685546875,0.89111328125,-0.01220703125,-0.57373046875,-0.30517578125,-0.390625,-0.20751953125,-1.025390625,-0.10986328125,0.59814453125,-0.08544921875,0.03662109375,0.28076171875,-0.537109375,-0.390625,-0.7568359375,-0.01220703125,-0.3173828125,-0.23193359375,-0.47607421875,-0.01220703125,-0.23193359375,-0.18310546875,-0.69580078125,0.03662109375,-0.341796875,-0.42724609375,0.5859375,-0.09765625,1.45263671875,-0.244140625,0.54931640625,-0.32958984375,-0.1220703125,-0.0244140625,0.830078125,-0.10986328125,2.05078125,-0.29296875,1.55029296875,0.23193359375,1.806640625,0.4150390625,7.177734375,-0.06103515625,0.3173828125,0.23193359375,1.2451171875,0.01220703125,0.37841796875,0.10986328125,0.3662109375,-0.048828125,0.9521484375,-0.048828125,0.86669921875,0.1953125,-0.06103515625,-0.439453125,1.28173828125,0.08544921875,-0.59814453125,0.23193359375,-0.40283203125,-0.3662109375,-1.07421875,-0.08544921875,-0.79345703125,-0.35400390625,-1.81884765625,-0.10986328125,-0.54931640625,-0.244140625,-0.8056640625,0.0732421875,-1.5869140625,0.1708984375,-0.62255859375,-0.146484375,-0.732421875,-0.45166015625,-0.4638671875,-0.03662109375,-0.08544921875,-0.08544921875,0.1708984375,-0.15869140625,-0.6591796875,-0.01220703125,1.5380859375,-0.42724609375,1.40380859375,0.13427734375,0.35400390625,0,0.01220703125,-0.06103515625,0,-0.0244140625,0.15869140625,-0.03662109375,9.1552734375,-0.3662109375,3.99169921875,-0.09765625,2.880859375,0.09765625,4.57763671875
1,-0.09765625,-0.4150390625,-0.20751953125,-0.3173828125,0.0732421875,-0.439453125,0.09765625,-0.1220703125,-0.146484375,-0.048828125,-0.30517578125,-0.927734375,-0.01220703125,1.0498046875,-0.146484375,-0.15869140625,-0.06103515625,-0.59814453125,0.2197265625,-0.13427734375,0.28076171875,0.87890625,0.03662109375,-0.5859375,-0.23193359375,-0.341796875,-0.1953125,-0.98876953125,-0.10986328125,0.6103515625,-0.146484375,0.048828125,0.32958984375,-0.48828125,-0.4150390625,-0.7568359375,0.0244140625,-0.30517578125,-0.25634765625,-0.40283203125,-0.0244140625,-0.2685546875,-0.08544921875,-0.7080078125,0.03662109375,-0.32958984375,-0.45166015625,0.54931640625,-0.1220703125,1.47705078125,-0.23193359375,0.59814453125,-0.40283203125,-0.10986328125,-0.08544921875,0.830078125,-0.10986328125,1.904296875,-0.25634765625,1.47705078125,0.20751953125,1.708984375,0.390625,6.94580078125,-0.0244140625,0.4150390625,0.1708984375,1.30615234375,-0.01220703125,0.4150390625,0.09765625,0.40283203125,-0.10986328125,0.91552734375,-0.0244140625,0.9033203125,0.25634765625,-0.06103515625,-0.40283203125,1.30615234375,0.09765625,-0.57373046875,0.244140625,-0.40283203125,-0.4638671875,-1.07421875,-0.048828125,-0.78125,-0.3173828125,-1.8310546875,-0.06103515625,-0.5615234375,-0.18310546875,-0.74462890625,0.0732421875,-1.57470703125,0.09765625,-0.62255859375,-0.15869140625,-0.72021484375,-0.50048828125,-0.50048828125,-0.09765625,-0.048828125,-0.048828125,0.42724609375,-0.25634765625,-0.40283203125,-0.048828125,2.294921875,-0.390625,1.64794921875,0.10986328125,0.3173828125,0.0244140625,0,-0.0732421875,0.03662109375,0.01220703125,0.15869140625,-0.06103515625,8.60595703125,-0.35400390625,3.84521484375,-0.09765625,2.734375,0.048828125,4.345703125
1,-0.08544921875,-0.4150390625,-0.244140625,-0.3173828125,0.08544921875,-0.4638671875,0.08544921875,-0.10986328125,-0.1708984375,-0.06103515625,-0.30517578125,-0.91552734375,0,1.06201171875,-0.146484375,-0.1708984375,-0.0244140625,-0.5859375,0.244140625,-0.1220703125,0.29296875,0.89111328125,0.06103515625,-0.5859375,-0.15869140625,-0.32958984375,-0.20751953125,-1.0009765625,-0.0244140625,0.62255859375,-0.1220703125,0.06103515625,0.341796875,-0.390625,-0.390625,-0.72021484375,-0.0244140625,-0.29296875,-0.2685546875,-0.35400390625,-0.048828125,-0.29296875,0,-0.72021484375,0.048828125,-0.32958984375,-0.47607421875,0.54931640625,-0.146484375,1.52587890625,-0.20751953125,0.64697265625,-0.42724609375,-0.09765625,-0.1220703125,0.81787109375,-0.15869140625,1.806640625,-0.18310546875,1.42822265625,0.10986328125,1.611328125,0.3662109375,6.65283203125,-0.01220703125,0.45166015625,0.1220703125,1.35498046875,-0.06103515625,0.42724609375,0.0732421875,0.4150390625,-0.1708984375,0.86669921875,-0.08544921875,0.87890625,0.32958984375,-0.01220703125,-0.35400390625,1.30615234375,0.06103515625,-0.57373046875,0.244140625,-0.390625,-0.4638671875,-1.06201171875,0.01220703125,-0.81787109375,-0.244140625,-1.81884765625,-0.0244140625,-0.6103515625,-0.09765625,-0.68359375,0.08544921875,-1.57470703125,-0.03662109375,-0.634765625,-0.1220703125,-0.7080078125,-0.50048828125,-0.537109375,-0.1953125,-0.0732421875,-0.0244140625,0.6591796875,-0.32958984375,-0.20751953125,-0.10986328125,2.9541015625,-0.390625,1.89208984375,0.10986328125,0.3173828125,0.01220703125,0.01220703125,-0.06103515625,0.03662109375,0.01220703125,0.1220703125,-0.048828125,8.0078125,-0.341796875,3.7109375,-0.09765625,2.57568359375,0.0244140625,4.1015625
1,-0.13427734375,-0.4150390625,-0.25634765625,-0.3662109375,0.09765625,-0.4638671875,0.09765625,-0.10986328125,-0.20751953125,-0.0732421875,-0.29296875,-0.91552734375,-0.03662109375,1.0498046875,-0.146484375,-0.1708984375,-0.03662109375,-0.57373046875,0.28076171875,-0.1220703125,0.25634765625,0.89111328125,0,-0.59814453125,-0.048828125,-0.30517578125,-0.23193359375,-0.98876953125,-0.048828125,0.64697265625,-0.09765625,0.06103515625,0.48828125,-0.341796875,-0.35400390625,-0.7080078125,0.09765625,-0.3173828125,-0.30517578125,-0.32958984375,-0.10986328125,-0.28076171875,0.0732421875,-0.74462890625,0.048828125,-0.32958984375,-0.54931640625,0.54931640625,-0.2197265625,1.59912109375,-0.15869140625,0.6591796875,-0.4638671875,-0.06103515625,-0.15869140625,0.81787109375,-0.18310546875,1.7333984375,-0.13427734375,1.37939453125,0.03662109375,1.4892578125,0.390625,6.28662109375,0.0244140625,0.4638671875,0.01220703125,1.3427734375,-0.1220703125,0.40283203125,0.048828125,0.42724609375,-0.23193359375,0.830078125,-0.08544921875,0.9033203125,0.32958984375,0,-0.35400390625,1.318359375,0.0732421875,-0.5615234375,0.28076171875,-0.37841796875,-0.4150390625,-1.03759765625,0.0732421875,-0.8056640625,-0.18310546875,-1.806640625,0,-0.62255859375,-0.03662109375,-0.67138671875,0.06103515625,-1.57470703125,-0.18310546875,-0.6591796875,-0.0732421875,-0.7080078125,-0.45166015625,-0.57373046875,-0.2197265625,-0.048828125,-0.03662109375,0.84228515625,-0.35400390625,-0.048828125,-0.048828125,3.47900390625,-0.341796875,2.06298828125,0.09765625,0.30517578125,0.0244140625,0.01220703125,-0.0732421875,0.048828125,0.01220703125,0.1220703125,0.0244140625,7.36083984375,-0.3173828125,3.5888671875,-0.0732421875,2.44140625,0.0244140625,3.857421875
1,-0.15869140625,-0.4150390625,-0.244140625,-0.4150390625,0.09765625,-0.4638671875,0.09765625,-0.10986328125,-0.2197265625,-0.0732421875,-0.29296875,-0.91552734375,0,1.06201171875,-0.1220703125,-0.15869140625,-0.0244140625,-0.5615234375,0.25634765625,-0.15869140625,0.28076171875,0.87890625,-0.06103515625,-0.59814453125,0.01220703125,-0.29296875,-0.28076171875,-1.0009765625,0.01220703125,0.64697265625,-0.03662109375,0.06103515625,0.634765625,-0.29296875,-0.35400390625,-0.732421875,0.0732421875,-0.341796875,-0.29296875,-0.341796875,-0.1708984375,-0.29296875,0.18310546875,-0.7568359375,-0.01220703125,-0.35400390625,-0.52490234375,0.57373046875,-0.28076171875,1.6357421875,-0.08544921875,0.6591796875,-0.45166015625,-0.08544921875,-0.18310546875,0.8056640625,-0.2197265625,1.69677734375,-0.08544921875,1.318359375,-0.01220703125,1.3916015625,0.390625,5.859375,0.06103515625,0.42724609375,-0.0244140625,1.25732421875,-0.18310546875,0.3662109375,0.06103515625,0.40283203125,-0.2685546875,0.76904296875,-0.0732421875,0.927734375,0.3173828125,0.01220703125,-0.29296875,1.318359375,0.06103515625,-0.5615234375,0.30517578125,-0.4150390625,-0.32958984375,-1.0498046875,0.0732421875,-0.81787109375,-0.10986328125,-1.806640625,0.06103515625,-0.64697265625,0,-0.6591796875,0.0732421875,-1.55029296875,-0.28076171875,-0.68359375,-0.048828125,-0.69580078125,-0.37841796875,-0.62255859375,-0.244140625,-0.06103515625,-0.048828125,0.96435546875,-0.3173828125,0.048828125,-0.06103515625,3.82080078125,-0.32958984375,2.18505859375,0.1220703125,0.29296875,0,0.0244140625,-0.0732421875,0.03662109375,0.01220703125,0.10986328125,0,6.72607421875,-0.28076171875,3.47900390625,-0.08544921875,2.294921875,0.01220703125,3.64990234375
0,-0.13427734375,-0.40283203125,-0.2197265625,-0.4150390625,0.1220703125,-0.4638671875,0.08544921875,-0.10986328125,-0.23193359375,-0.0732421875,-0.28076171875,-0.927734375,0.01220703125,1.06201171875,-0.10986328125,-0.18310546875,-0.01220703125,-0.5615234375,0.18310546875,-0.146484375,0.23193359375,0.87890625,-0.1220703125,-0.59814453125,0.0732421875,-0.29296875,-0.32958984375,-1.01318359375,0.06103515625,0.67138671875,0.0244140625,0.048828125,0.6591796875,-0.29296875,-0.29296875,-0.76904296875,0.0732421875,-0.37841796875,-0.29296875,-0.390625,-0.1953125,-0.25634765625,0.25634765625,-0.7568359375,-0.03662109375,-0.37841796875,-0.5615234375,0.6103515625,-0.28076171875,1.69677734375,-0.0732421875,0.634765625,-0.4150390625,-0.08544921875,-0.23193359375,0.79345703125,-0.244140625,1.6845703125,-0.048828125,1.2451171875,-0.03662109375,1.28173828125,0.3662109375,5.45654296875,0.048828125,0.37841796875,-0.09765625,1.15966796875,-0.244140625,0.32958984375,0.048828125,0.35400390625,-0.2685546875,0.732421875,-0.10986328125,0.87890625,0.25634765625,0.03662109375,-0.18310546875,1.30615234375,0.0732421875,-0.6103515625,0.30517578125,-0.390625,-0.1953125,-1.03759765625,0.06103515625,-0.81787109375,-0.146484375,-1.81884765625,0.0732421875,-0.64697265625,0.03662109375,-0.6591796875,0.08544921875,-1.52587890625,-0.30517578125,-0.69580078125,0,-0.67138671875,-0.30517578125,-0.64697265625,-0.1953125,-0.048828125,-0.0732421875,1.01318359375,-0.3173828125,0.09765625,-0.048828125,3.94287109375,-0.30517578125,2.2216796875,0.13427734375,0.30517578125,0.0244140625,0,-0.06103515625,0.0244140625,0.0244140625,0.1220703125,-0.03662109375,6.1767578125,-0.25634765625,3.3203125,-0.10986328125,2.13623046875,0.03662109375,3.41796875
0,-0.15869140625,-0.37841796875,-0.23193359375,-0.439453125,0.10986328125,-0.45166015625,0.0732421875,-0.10986328125,-0.23193359375,-0.08544921875,-0.23193359375,-0.91552734375,0.0244140625,1.07421875,-0.1220703125,-0.1953125,0,-0.57373046875,0.09765625,-0.18310546875,0.1708984375,0.86669921875,-0.15869140625,-0.59814453125,0.0732421875,-0.30517578125,-0.3662109375,-1.025390625,0.13427734375,0.68359375,0.09765625,0.0244140625,0.57373046875,-0.2685546875,-0.244140625,-0.79345703125,0.15869140625,-0.42724609375,-0.25634765625,-0.45166015625,-0.20751953125,-0.2197265625,0.32958984375,-0.732421875,-0.0732421875,-0.40283203125,-0.62255859375,0.64697265625,-0.2685546875,1.72119140625,-0.03662109375,0.62255859375,-0.42724609375,-0.09765625,-0.23193359375,0.79345703125,-0.3173828125,1.6845703125,0.0244140625,1.1962890625,0.01220703125,1.1962890625,0.50048828125,5.09033203125,0.08544921875,0.3173828125,-0.146484375,1.03759765625,-0.28076171875,0.29296875,0.0244140625,0.30517578125,-0.23193359375,0.7080078125,-0.146484375,0.87890625,0.23193359375,0.03662109375,-0.09765625,1.318359375,0.06103515625,-0.64697265625,0.2685546875,-0.390625,-0.08544921875,-1.03759765625,0.048828125,-0.81787109375,-0.13427734375,-1.806640625,0.08544921875,-0.64697265625,-0.0732421875,-0.6591796875,0.048828125,-1.52587890625,-0.30517578125,-0.732421875,-0.01220703125,-0.67138671875,-0.23193359375,-0.69580078125,-0.146484375,-0.06103515625,-0.048828125,0.98876953125,-0.2685546875,0.048828125,0,3.89404296875,-0.28076171875,2.18505859375,0.10986328125,0.30517578125,0,0.01220703125,-0.0732421875,0.0244140625,0.03662109375,0.10986328125,-0.06103515625,5.712890625,-0.23193359375,3.22265625,-0.1220703125,2.001953125,0.03662109375,3.21044921875
0,-0.1953125,-0.3662109375,-0.2197265625,-0.439453125,0.08544921875,-0.439453125,0.0244140625,-0.09765625,-0.244140625,-0.06103515625,-0.2197265625,-0.91552734375,0.0244140625,1.07421875,-0.10986328125,-0.20751953125,0.01220703125,-0.57373046875,0.01220703125,-0.15869140625,0.1220703125,0.87890625,-0.1708984375,-0.59814453125,0.06103515625,-0.35400390625,-0.32958984375,-1.0498046875,0.25634765625,0.74462890625,0.08544921875,0.0244140625,0.439453125,-0.2685546875,-0.20751953125,-0.830078125,0.1220703125,-0.4638671875,-0.2197265625,-0.48828125,-0.18310546875,-0.1953125,0.37841796875,-0.72021484375,-0.13427734375,-0.40283203125,-0.64697265625,0.68359375,-0.18310546875,1.7333984375,-0.0244140625,0.5859375,-0.3662109375,-0.13427734375,-0.28076171875,0.79345703125,-0.23193359375,1.69677734375,0.08544921875,1.1474609375,-0.146484375,1.1474609375,0.37841796875,4.78515625,0.0732421875,0.25634765625,-0.146484375,0.927734375,-0.20751953125,0.25634765625,0.01220703125,0.244140625,-0.244140625,0.7080078125,-0.13427734375,0.8544921875,0.2685546875,0.0244140625,-0.0244140625,1.318359375,0.0244140625,-0.69580078125,0.244140625,-0.390625,0.0244140625,-1.025390625,0,-0.8056640625,-0.1220703125,-1.79443359375,0.09765625,-0.62255859375,-0.1708984375,-0.67138671875,0.03662109375,-1.4892578125,-0.244140625,-0.7568359375,-0.0244140625,-0.69580078125,-0.1708984375,-0.67138671875,-0.03662109375,-0.03662109375,0,0.87890625,-0.1953125,-0.06103515625,0.0244140625,3.662109375,-0.244140625,2.11181640625,0.10986328125,0.3173828125,0,0,-0.0732421875,-0.01220703125,0.01220703125,0.13427734375,-0.08544921875,5.3466796875,-0.23193359375,3.1005859375,-0.13427734375,1.84326171875,0.0732421875,3.0029296875
0,-0.244140625,-0.3662109375,-0.2197265625,-0.4150390625,0.08544921875,-0.439453125,0.0244140625,-0.08544921875,-0.28076171875,-0.0732421875,-0.2197265625,-0.9033203125,0.01220703125,1.07421875,-0.08544921875,-0.1708984375,-0.01220703125,-0.57373046875,-0.03662109375,-0.146484375,0.048828125,0.8544921875,-0.20751953125,-0.5859375,0.01220703125,-0.3662109375,-0.341796875,-1.03759765625,0.32958984375,0.89111328125,0.01220703125,0.01220703125,0.42724609375,-0.1953125,-0.13427734375,-0.81787109375,0.18310546875,-0.45166015625,-0.2197265625,-0.50048828125,-0.09765625,-0.18310546875,0.40283203125,-0.7080078125,-0.1708984375,-0.42724609375,-0.6591796875,0.69580078125,-0.06103515625,1.67236328125,-0.048828125,0.5615234375,-0.35400390625,-0.146484375,-0.35400390625,0.79345703125,-0.18310546875,1.708984375,0.09765625,1.0986328125,-0.23193359375,1.123046875,0.390625,4.5654296875,0.048828125,0.1953125,-0.06103515625,0.8544921875,-0.15869140625,0.23193359375,-0.03662109375,0.20751953125,-0.25634765625,0.7080078125,-0.08544921875,0.81787109375,0.32958984375,-0.01220703125,0.01220703125,1.2939453125,0.048828125,-0.76904296875,0.20751953125,-0.390625,0.08544921875,-1.0498046875,-0.048828125,-0.81787109375,-0.10986328125,-1.77001953125,0.03662109375,-0.5859375,-0.244140625,-0.6591796875,-0.03662109375,-1.50146484375,-0.13427734375,-0.7568359375,0.01220703125,-0.67138671875,-0.1220703125,-0.64697265625,0.0244140625,-0.048828125,0.06103515625,0.732421875,-0.13427734375,-0.1953125,0.0244140625,3.28369140625,-0.1953125,1.98974609375,0.09765625,0.3173828125,0,0.01220703125,-0.06103515625,-0.03662109375,0.0244140625,0.146484375,-0.10986328125,5.06591796875,-0.20751953125,2.91748046875,-0.15869140625,1.6845703125,0.08544921875,2.783203125
0,-0.25634765625,-0.35400390625,-0.2197265625,-0.40283203125,0.08544921875,-0.439453125,0,-0.0732421875,-0.25634765625,-0.06103515625,-0.20751953125,-0.9033203125,0.03662109375,1.08642578125,-0.08544921875,-0.1708984375,-0.03662109375,-0.57373046875,-0.048828125,-0.146484375,0,0.8544921875,-0.20751953125,-0.5859375,-0.08544921875,-0.3662109375,-0.35400390625,-1.01318359375,0.390625,1.11083984375,-0.10986328125,0.03662109375,0.37841796875,0.0244140625,-0.15869140625,-0.74462890625,0.1953125,-0.40283203125,-0.20751953125,-0.4638671875,-0.06103515625,-0.18310546875,0.439453125,-0.67138671875,-0.15869140625,-0.4150390625,-0.7080078125,0.74462890625,0.01220703125,1.611328125,0.0244140625,0.537109375,-0.244140625,-0.15869140625,-0.37841796875,0.78125,-0.13427734375,1.7578125,0.08544921875,1.06201171875,-0.25634765625,1.123046875,0.37841796875,4.45556640625,-0.01220703125,0.18310546875,-0.13427734375,0.830078125,-0.10986328125,0.2197265625,-0.09765625,0.18310546875,-0.25634765625,0.7080078125,-0.03662109375,0.81787109375,0.37841796875,-0.048828125,0,1.30615234375,0.048828125,-0.830078125,0.1708984375,-0.42724609375,0.10986328125,-1.06201171875,-0.06103515625,-0.81787109375,-0.1220703125,-1.74560546875,-0.01220703125,-0.57373046875,-0.28076171875,-0.67138671875,-0.03662109375,-1.4892578125,-0.0244140625,-0.76904296875,-0.0244140625,-0.67138671875,-0.0732421875,-0.6103515625,0.09765625,-0.03662109375,0.09765625,0.54931640625,-0.08544921875,-0.341796875,-0.01220703125,2.79541015625,-0.15869140625,1.806640625,0.08544921875,0.35400390625,0.01220703125,0,-0.06103515625,-0.048828125,0,0.13427734375,-0.146484375,4.8095703125,-0.1953125,2.734375,-0.13427734375,1.5380859375,0.08544921875,2.55126953125
0,-0.2685546875,-0.341796875,-0.1953125,-0.37841796875,0.10986328125,-0.4150390625,-0.048828125,-0.0732421875,-0.25634765625,-0.06103515625,-0.2197265625,-0.9033203125,0.0732421875,1.07421875,-0.0732421875,-0.1708984375,-0.048828125,-0.57373046875,-0.06103515625,-0.13427734375,-0.01220703125,0.89111328125,-0.18310546875,-0.5859375,-0.18310546875,-0.35400390625,-0.390625,-0.96435546875,0.32958984375,1.42822265625,-0.25634765625,0.0732421875,0.25634765625,0.37841796875,-0.15869140625,-0.634765625,0.146484375,-0.29296875,-0.15869140625,-0.32958984375,-0.0244140625,-0.18310546875,0.4150390625,-0.68359375,-0.13427734375,-0.390625,-0.6591796875,0.72021484375,0.146484375,1.4892578125,0,0.52490234375,-0.20751953125,-0.18310546875,-0.45166015625,0.76904296875,-0.0732421875,1.7578125,0.0732421875,1.025390625,-0.29296875,1.1474609375,0.30517578125,4.39453125,-0.03662109375,0.18310546875,-0.146484375,0.86669921875,0,0.2197265625,-0.10986328125,0.18310546875,-0.244140625,0.68359375,0.048828125,0.78125,0.45166015625,-0.048828125,-0.048828125,1.30615234375,0.10986328125,-0.91552734375,0.09765625,-0.42724609375,0.1220703125,-1.03759765625,-0.0244140625,-0.81787109375,-0.0732421875,-1.7578125,-0.0244140625,-0.5615234375,-0.1953125,-0.69580078125,0,-1.50146484375,0.0732421875,-0.74462890625,0,-0.7080078125,-0.0732421875,-0.57373046875,0.13427734375,-0.048828125,0.1220703125,0.341796875,-0.03662109375,-0.52490234375,-0.10986328125,2.2705078125,-0.1220703125,1.611328125,0.06103515625,0.35400390625,0.0244140625,0,-0.06103515625,-0.048828125,0,0.1708984375,-0.18310546875,4.5654296875,-0.1708984375,2.5634765625,-0.1220703125,1.3671875,0.08544921875,2.30712890625
0,-0.25634765625,-0.37841796875,-0.18310546875,-0.341796875,0.1220703125,-0.42724609375,-0.048828125,-0.10986328125,-0.244140625,-0.048828125,-0.2197265625,-0.927734375,0.0732421875,1.0498046875,-0.048828125,-0.1953125,-0.10986328125,-0.57373046875,-0.06103515625,-0.1220703125,-0.03662109375,0.87890625,-0.20751953125,-0.5859375,-0.25634765625,-0.29296875,-0.4150390625,-0.87890625,0.25634765625,1.86767578125,-0.341796875,0.15869140625,0.1708984375,0.93994140625,-0.1220703125,-0.42724609375,0.146484375,-0.10986328125,-0.13427734375,-0.1220703125,-0.01220703125,-0.1953125,0.40283203125,-0.67138671875,-0.08544921875,-0.35400390625,-0.634765625,0.7080078125,0.15869140625,1.35498046875,0,0.5126953125,-0.20751953125,-0.18310546875,-0.40283203125,0.76904296875,-0.03662109375,1.7333984375,0.08544921875,0.98876953125,-0.28076171875,1.18408203125,0.244140625,4.345703125,-0.048828125,0.18310546875,-0.2197265625,0.89111328125,0.03662109375,0.2197265625,-0.1953125,0.15869140625,-0.30517578125,0.64697265625,0.13427734375,0.78125,0.439453125,-0.10986328125,-0.09765625,1.30615234375,0.18310546875,-0.96435546875,0.0244140625,-0.4150390625,0.10986328125,-1.07421875,-0.01220703125,-0.830078125,-0.0732421875,-1.7333984375,-0.0732421875,-0.5615234375,-0.08544921875,-0.68359375,-0.01220703125,-1.50146484375,0.08544921875,-0.7568359375,0.01220703125,-0.7080078125,-0.10986328125,-0.54931640625,0.1953125,-0.03662109375,0.1220703125,0.146484375,0.01220703125,-0.7080078125,-0.1953125,1.7333984375,-0.13427734375,1.40380859375,0.0244140625,0.341796875,0.01220703125,0,-0.0732421875,-0.06103515625,-0.01220703125,0.1708984375,-0.2197265625,4.2724609375,-0.1708984375,2.392578125,-0.10986328125,1.220703125,0.08544921875,2.03857421875
0,-0.29296875,-0.3662109375,-0.1953125,-0.32958984375,0.08544921875,-0.42724609375,-0.06103515625,-0.1220703125,-0.28076171875,-0.048828125,-0.2197265625,-0.9033203125,0.03662109375,1.0498046875,-0.048828125,-0.1953125,-0.13427734375,-0.5859375,-0.0732421875,-0.10986328125,-0.01220703125,0.87890625,-0.244140625,-0.6103515625,-0.35400390625,-0.1708984375,-0.40283203125,-0.7568359375,0.09765625,2.4169921875,-0.4150390625,0.29296875,-0.048828125,1.6845703125,-0.15869140625,-0.18310546875,0.1220703125,0.10986328125,-0.09765625,0.15869140625,-0.048828125,-0.1953125,0.40283203125,-0.69580078125,0,-0.3662109375,-0.5615234375,0.6591796875,0.146484375,1.25732421875,0.0244140625,0.52490234375,-0.18310546875,-0.1953125,-0.390625,0.7568359375,-0.048828125,1.708984375,0.06103515625,0.96435546875,-0.40283203125,1.1962890625,0.1953125,4.2236328125,-0.06103515625,0.2197265625,-0.29296875,0.9521484375,0.048828125,0.2197265625,-0.23193359375,0.1953125,-0.35400390625,0.62255859375,0.1953125,0.8056640625,0.4150390625,-0.08544921875,-0.15869140625,1.28173828125,0.25634765625,-1.0009765625,-0.06103515625,-0.4150390625,0.09765625,-1.0498046875,0.0244140625,-0.830078125,-0.09765625,-1.7333984375,-0.048828125,-0.5615234375,0,-0.68359375,0.01220703125,-1.4892578125,0.0732421875,-0.72021484375,0.06103515625,-0.69580078125,-0.1708984375,-0.52490234375,0.2197265625,-0.06103515625,0.06103515625,-0.06103515625,0.06103515625,-0.91552734375,-0.2685546875,1.20849609375,-0.146484375,1.1962890625,0.0244140625,0.35400390625,0.01220703125,0,-0.048828125,-0.0732421875,0,0.15869140625,-0.08544921875,3.857421875,-0.23193359375,2.18505859375,-0.10986328125,1.025390625,0.08544921875,1.7578125
0,-0.29296875,-0.390625,-0.146484375,-0.35400390625,0.06103515625,-0.42724609375,-0.048828125,-0.15869140625,-0.28076171875,-0.0732421875,-0.20751953125,-0.927734375,0.0244140625,1.0498046875,-0.0732421875,-0.1953125,-0.13427734375,-0.6103515625,-0.048828125,-0.13427734375,0.0244140625,0.87890625,-0.28076171875,-0.6103515625,-0.390625,-0.03662109375,-0.37841796875,-0.59814453125,-0.06103515625,3.08837890625,-0.45166015625,0.47607421875,-0.15869140625,2.55126953125,-0.1708984375,0.08544921875,0.18310546875,0.4150390625,-0.1220703125,0.48828125,-0.06103515625,-0.23193359375,0.3662109375,-0.69580078125,0.08544921875,-0.3662109375,-0.62255859375,0.59814453125,0.0732421875,1.171875,0.0244140625,0.537109375,-0.1220703125,-0.20751953125,-0.3662109375,0.7568359375,-0.0732421875,1.6357421875,0.06103515625,0.9033203125,-0.47607421875,1.20849609375,0.30517578125,4.01611328125,-0.03662109375,0.23193359375,-0.23193359375,1.025390625,0.10986328125,0.2197265625,-0.1708984375,0.20751953125,-0.42724609375,0.54931640625,0.23193359375,0.78125,0.40283203125,-0.09765625,-0.2197265625,1.28173828125,0.30517578125,-1.03759765625,-0.10986328125,-0.42724609375,0.0732421875,-1.0498046875,0.01220703125,-0.84228515625,-0.0732421875,-1.69677734375,0.01220703125,-0.57373046875,0.15869140625,-0.69580078125,-0.01220703125,-1.46484375,0.048828125,-0.69580078125,0.15869140625,-0.69580078125,-0.28076171875,-0.5126953125,0.244140625,-0.06103515625,0.0244140625,-0.25634765625,0.0732421875,-1.06201171875,-0.341796875,0.7568359375,-0.15869140625,1.0009765625,0.0244140625,0.35400390625,-0.01220703125,-0.0244140625,-0.0732421875,-0.048828125,0,0.13427734375,0.01220703125,3.30810546875,-0.1953125,1.9775390625,-0.0732421875,0.84228515625,0.1220703125,1.45263671875
0,-0.30517578125,-0.40283203125,-0.1708984375,-0.3662109375,0.048828125,-0.45166015625,-0.048828125,-0.13427734375,-0.29296875,-0.06103515625,-0.2197265625,-0.91552734375,0.01220703125,1.03759765625,-0.0732421875,-0.1708984375,-0.10986328125,-0.59814453125,-0.01220703125,-0.13427734375,0.048828125,0.86669921875,-0.341796875,-0.5859375,-0.4150390625,0.15869140625,-0.30517578125,-0.4150390625,-0.09765625,3.7841796875,-0.42724609375,0.67138671875,-0.09765625,3.5400390625,-0.23193359375,0.37841796875,0.244140625,0.72021484375,-0.1953125,0.81787109375,-0.10986328125,-0.2197265625,0.29296875,-0.69580078125,0.1708984375,-0.3662109375,-0.59814453125,0.5615234375,-0.01220703125,1.11083984375,0.048828125,0.537109375,-0.146484375,-0.1953125,-0.29296875,0.7568359375,-0.0732421875,1.5380859375,0.09765625,0.86669921875,-0.57373046875,1.1474609375,0.20751953125,3.62548828125,-0.0244140625,0.244140625,-0.15869140625,1.07421875,0.09765625,0.2197265625,-0.13427734375,0.20751953125,-0.439453125,0.47607421875,0.28076171875,0.84228515625,0.3662109375,-0.09765625,-0.2197265625,1.28173828125,0.29296875,-1.07421875,-0.1220703125,-0.4150390625,0.0732421875,-1.06201171875,0.01220703125,-0.8544921875,-0.10986328125,-1.6845703125,0.0244140625,-0.5615234375,0.23193359375,-0.68359375,-0.01220703125,-1.45263671875,0.03662109375,-0.68359375,0.18310546875,-0.67138671875,-0.3662109375,-0.537109375,0.23193359375,-0.08544921875,0,-0.40283203125,0.03662109375,-1.220703125,-0.35400390625,0.30517578125,-0.18310546875,0.81787109375,0.01220703125,0.32958984375,-0.01220703125,-0.01220703125,-0.0732421875,-0.03662109375,0,0.13427734375,0,2.587890625,-0.18310546875,1.7578125,-0.1220703125,0.62255859375,0.09765625,1.11083984375
0,-0.3173828125,-0.42724609375,-0.15869140625,-0.341796875,0.03662109375,-0.45166015625,-0.0732421875,-0.13427734375,-0.30517578125,-0.048828125,-0.18310546875,-0.91552734375,0.01220703125,1.03759765625,-0.0732421875,-0.1708984375,-0.06103515625,-0.57373046875,0.01220703125,-0.146484375,0.0732421875,0.86669921875,-0.3662109375,-0.5859375,-0.45166015625,0.35400390625,-0.23193359375,-0.244140625,-0.1220703125,4.52880859375,-0.3662109375,0.87890625,0.01220703125,4.55322265625,-0.28076171875,0.6591796875,0.25634765625,0.98876953125,-0.2197265625,1.15966796875,-0.10986328125,-0.2685546875,0.2197265625,-0.7080078125,0.2197265625,-0.37841796875,-0.54931640625,0.50048828125,-0.1220703125,1.11083984375,0.048828125,0.537109375,-0.08544921875,-0.1953125,-0.1953125,0.7568359375,-0.0732421875,1.40380859375,0.09765625,0.76904296875,-0.68359375,1.07421875,0.1708984375,3.076171875,-0.01220703125,0.2197265625,-0.08544921875,1.13525390625,0.0732421875,0.2197265625,-0.048828125,0.23193359375,-0.390625,0.42724609375,0.30517578125,0.87890625,0.32958984375,-0.06103515625,-0.244140625,1.2939453125,0.25634765625,-1.08642578125,-0.1220703125,-0.42724609375,0.06103515625,-1.07421875,-0.0244140625,-0.86669921875,-0.10986328125,-1.66015625,0.048828125,-0.537109375,0.29296875,-0.634765625,-0.0244140625,-1.40380859375,-0.0244140625,-0.67138671875,0.23193359375,-0.6591796875,-0.42724609375,-0.5615234375,0.18310546875,-0.08544921875,0,-0.537109375,-0.0244140625,-1.3427734375,-0.3662109375,-0.08544921875,-0.1953125,0.64697265625,0.03662109375,0.30517578125,-0.01220703125,-0.01220703125,-0.0732421875,-0.048828125,-0.01220703125,0.1220703125,0.0244140625,1.806640625,-0.1708984375,1.5625,-0.08544921875,0.390625,0.10986328125,0.76904296875
0,-0.32958984375,-0.40283203125,-0.146484375,-0.3662109375,0.08544921875,-0.4638671875,-0.09765625,-0.10986328125,-0.30517578125,-0.06103515625,-0.1708984375,-0.927734375,0.01220703125,1.025390625,-0.06103515625,-0.15869140625,-0.0244140625,-0.5615234375,0.03662109375,-0.13427734375,0.0732421875,0.8544921875,-0.37841796875,-0.6103515625,-0.439453125,0.54931640625,-0.146484375,-0.048828125,-0.10986328125,5.224609375,-0.32958984375,1.08642578125,-0.048828125,5.52978515625,-0.244140625,0.93994140625,0.32958984375,1.2451171875,-0.30517578125,1.42822265625,-0.08544921875,-0.2685546875,0.1708984375,-0.7080078125,0.28076171875,-0.390625,-0.5126953125,0.47607421875,-0.18310546875,1.15966796875,0.0732421875,0.5615234375,-0.0244140625,-0.18310546875,-0.048828125,0.74462890625,-0.10986328125,1.2451171875,0.10986328125,0.69580078125,-0.64697265625,0.9521484375,0.18310546875,2.40478515625,0,0.20751953125,-0.03662109375,1.1474609375,0.048828125,0.25634765625,0.03662109375,0.23193359375,-0.30517578125,0.3662109375,0.3662109375,0.87890625,0.25634765625,-0.03662109375,-0.30517578125,1.26953125,0.1708984375,-1.07421875,-0.09765625,-0.42724609375,0.0732421875,-1.06201171875,-0.08544921875,-0.8544921875,-0.048828125,-1.611328125,0.09765625,-0.50048828125,0.35400390625,-0.57373046875,0,-1.3427734375,-0.10986328125,-0.68359375,0.23193359375,-0.67138671875,-0.42724609375,-0.57373046875,0.09765625,-0.08544921875,0.06103515625,-0.67138671875,-0.09765625,-1.42822265625,-0.35400390625,-0.4150390625,-0.2197265625,0.50048828125,0.0244140625,0.30517578125,-0.0244140625,-0.0244140625,-0.08544921875,-0.03662109375,-0.03662109375,0.10986328125,0.01220703125,1.03759765625,-0.146484375,1.37939453125,-0.09765625,0.1708984375,0.1220703125,0.45166015625
0,-0.32958984375,-0.40283203125,-0.15869140625,-0.37841796875,0.09765625,-0.4638671875,-0.0732421875,-0.09765625,-0.30517578125,-0.048828125,-0.146484375,-0.91552734375,0,1.025390625,-0.06103515625,-0.15869140625,0.01220703125,-0.54931640625,0.048828125,-0.13427734375,0,0.86669921875,-0.35400390625,-0.5859375,-0.40283203125,0.732421875,-0.10986328125,0.08544921875,-0.1708984375,5.7861328125,-0.341796875,1.25732421875,-0.048828125,6.34765625,-0.18310546875,1.123046875,0.3173828125,1.45263671875,-0.35400390625,1.67236328125,-0.048828125,-0.28076171875,0.15869140625,-0.72021484375,0.30517578125,-0.40283203125,-0.4638671875,0.47607421875,-0.32958984375,1.2451171875,0.048828125,0.54931640625,-0.03662109375,-0.1708984375,0.048828125,0.7568359375,-0.10986328125,1.08642578125,0.13427734375,0.62255859375,-0.68359375,0.830078125,0.18310546875,1.66015625,-0.0244140625,0.1708984375,0.0244140625,1.15966796875,-0.01220703125,0.23193359375,0.09765625,0.244140625,-0.1708984375,0.3173828125,0.3662109375,0.91552734375,0.146484375,-0.01220703125,-0.29296875,1.30615234375,0.09765625,-1.07421875,-0.0732421875,-0.42724609375,0.0244140625,-1.06201171875,-0.09765625,-0.8544921875,-0.08544921875,-1.57470703125,0.1220703125,-0.45166015625,0.3662109375,-0.50048828125,0.06103515625,-1.25732421875,-0.18310546875,-0.68359375,0.15869140625,-0.6591796875,-0.4150390625,-0.62255859375,0.03662109375,-0.09765625,0.08544921875,-0.78125,-0.1708984375,-1.52587890625,-0.28076171875,-0.7080078125,-0.20751953125,0.3662109375,0,0.29296875,-0.03662109375,-0.01220703125,-0.06103515625,-0.048828125,-0.03662109375,0.1220703125,0.01220703125,0.341796875,-0.13427734375,1.220703125,-0.09765625,0,0.08544921875,0.20751953125
1,-0.35400390625,-0.390625,-0.09765625,-0.40283203125,0.1220703125,-0.4638671875,-0.0732421875,-0.08544921875,-0.29296875,-0.03662109375,-0.146484375,-0.9033203125,-0.01220703125,1.03759765625,-0.06103515625,-0.15869140625,0.06103515625,-0.5615234375,0.0244140625,-0.146484375,-0.048828125,0.8544921875,-0.3173828125,-0.6103515625,-0.341796875,0.8544921875,-0.048828125,0.18310546875,-0.10986328125,6.21337890625,-0.3662109375,1.37939453125,-0.18310546875,7.0068359375,-0.048828125,1.25732421875,0.341796875,1.611328125,-0.390625,1.8310546875,-0.03662109375,-0.2685546875,0.15869140625,-0.732421875,0.32958984375,-0.42724609375,-0.42724609375,0.48828125,-0.42724609375,1.318359375,0.01220703125,0.537109375,-0.01220703125,-0.146484375,0.1708984375,0.7568359375,-0.25634765625,0.93994140625,0.10986328125,0.537109375,-0.72021484375,0.69580078125,0.20751953125,0.927734375,-0.08544921875,0.13427734375,0.08544921875,1.18408203125,-0.03662109375,0.25634765625,0.13427734375,0.244140625,-0.048828125,0.25634765625,0.3173828125,0.91552734375,0.048828125,-0.01220703125,-0.25634765625,1.26953125,0.01220703125,-1.08642578125,-0.03662109375,-0.42724609375,-0.01220703125,-1.0498046875,-0.09765625,-0.830078125,-0.0732421875,-1.52587890625,0.146484375,-0.42724609375,0.390625,-0.4150390625,0.09765625,-1.18408203125,-0.23193359375,-0.7080078125,0.1220703125,-0.64697265625,-0.3662109375,-0.64697265625,-0.0244140625,-0.09765625,0.09765625,-0.87890625,-0.1953125,-1.59912109375,-0.20751953125,-0.98876953125,-0.18310546875,0.244140625,-0.0244140625,0.28076171875,-0.0244140625,0,-0.0732421875,-0.03662109375,-0.03662109375,0.10986328125,-0.03662109375,-0.10986328125,-0.06103515625,1.123046875,-0.08544921875,-0.09765625,0.09765625,0.0244140625
1,-0.37841796875,-0.390625,-0.10986328125,-0.390625,0.08544921875,-0.4638671875,-0.0732421875,-0.0732421875,-0.29296875,-0.048828125,-0.1220703125,-0.9033203125,-0.0244140625,1.07421875,-0.048828125,-0.15869140625,0.09765625,-0.5615234375,0.01220703125,-0.13427734375,-0.09765625,0.8544921875,-0.25634765625,-0.59814453125,-0.25634765625,0.91552734375,-0.048828125,0.23193359375,-0.0244140625,6.4208984375,-0.390625,1.4404296875,-0.2197265625,7.40966796875,0.03662109375,1.33056640625,0.35400390625,1.6845703125,-0.45166015625,1.904296875,-0.0732421875,-0.25634765625,0.15869140625,-0.72021484375,0.35400390625,-0.439453125,-0.4638671875,0.52490234375,-0.45166015625,1.416015625,0,0.5615234375,0.0244140625,-0.13427734375,0.30517578125,0.79345703125,-0.341796875,0.79345703125,0.09765625,0.45166015625,-0.8056640625,0.5859375,0.2197265625,0.3662109375,-0.146484375,0.1220703125,0.09765625,1.171875,-0.03662109375,0.25634765625,0.1220703125,0.244140625,0.03662109375,0.20751953125,0.2685546875,0.91552734375,-0.0244140625,-0.01220703125,-0.2197265625,1.26953125,-0.03662109375,-1.08642578125,-0.01220703125,-0.42724609375,-0.048828125,-1.03759765625,-0.09765625,-0.84228515625,-0.048828125,-1.47705078125,0.18310546875,-0.37841796875,0.3662109375,-0.32958984375,0.146484375,-1.11083984375,-0.30517578125,-0.7080078125,0.048828125,-0.634765625,-0.29296875,-0.634765625,-0.06103515625,-0.09765625,0.15869140625,-0.96435546875,-0.2197265625,-1.72119140625,-0.0732421875,-1.2451171875,-0.15869140625,0.146484375,-0.06103515625,0.30517578125,-0.0244140625,-0.01220703125,-0.0732421875,-0.0244140625,-0.0244140625,0.13427734375,-0.06103515625,-0.244140625,-0.10986328125,1.13525390625,-0.10986328125,-0.1220703125,0.03662109375,-0.01220703125
1,-0.35400390625,-0.3662109375,-0.10986328125,-0.40283203125,0.0732421875,-0.45166015625,-0.09765625,-0.0732421875,-0.2685546875,-0.0244140625,-0.13427734375,-0.89111328125,-0.03662109375,1.07421875,-0.048828125,-0.18310546875,0.146484375,-0.5615234375,-0.048828125,-0.13427734375,-0.15869140625,0.86669921875,-0.23193359375,-0.6103515625,-0.15869140625,0.91552734375,-0.06103515625,0.23193359375,0.10986328125,6.4208984375,-0.37841796875,1.416015625,-0.244140625,7.58056640625,0.13427734375,1.30615234375,0.35400390625,1.7333984375,-0.45166015625,1.9287109375,-0.13427734375,-0.2197265625,0.146484375,-0.7080078125,0.341796875,-0.45166015625,-0.5126953125,0.54931640625,-0.45166015625,1.47705078125,-0.03662109375,0.5615234375,0.01220703125,-0.10986328125,0.3662109375,0.78125,-0.390625,0.72021484375,0.1220703125,0.4150390625,-0.8544921875,0.537109375,0.18310546875,0.0244140625,-0.1953125,0.1220703125,0.20751953125,1.171875,0,0.29296875,0.13427734375,0.244140625,0.0732421875,0.1953125,0.1953125,0.89111328125,-0.03662109375,0,-0.1953125,1.26953125,-0.09765625,-1.07421875,-0.01220703125,-0.42724609375,-0.0732421875,-1.03759765625,-0.03662109375,-0.830078125,-0.0244140625,-1.45263671875,0.18310546875,-0.32958984375,0.35400390625,-0.30517578125,0.10986328125,-1.0498046875,-0.32958984375,-0.72021484375,0.01220703125,-0.64697265625,-0.244140625,-0.6103515625,-0.06103515625,-0.08544921875,0.1953125,-1.03759765625,-0.23193359375,-1.77001953125,0.0244140625,-1.45263671875,-0.146484375,0.06103515625,-0.08544921875,0.30517578125,-0.01220703125,-0.01220703125,-0.0732421875,-0.0244140625,0,0.13427734375,0.01220703125,0,-0.08544921875,1.220703125,-0.09765625,-0.0244140625,0.048828125,0.1220703125
1,-0.35400390625,-0.37841796875,-0.10986328125,-0.37841796875,0.03662109375,-0.439453125,-0.09765625,-0.10986328125,-0.2685546875,-0.03662109375,-0.146484375,-0.87890625,-0.03662109375,1.07421875,-0.08544921875,-0.20751953125,0.15869140625,-0.5859375,-0.06103515625,-0.146484375,-0.13427734375,0.86669921875,-0.23193359375,-0.59814453125,-0.048828125,0.84228515625,-0.06103515625,0.15869140625,0.18310546875,6.23779296875,-0.3173828125,1.3671875,-0.2685546875,7.4951171875,0.15869140625,1.23291015625,0.32958984375,1.67236328125,-0.4638671875,1.904296875,-0.244140625,-0.20751953125,0.146484375,-0.72021484375,0.2685546875,-0.4638671875,-0.57373046875,0.62255859375,-0.45166015625,1.47705078125,-0.03662109375,0.54931640625,-0.01220703125,-0.0732421875,0.4638671875,0.81787109375,-0.32958984375,0.7080078125,0.0732421875,0.439453125,-0.86669921875,0.5859375,0.08544921875,0.03662109375,-0.2197265625,0.13427734375,0.32958984375,1.171875,0.03662109375,0.28076171875,0.1220703125,0.25634765625,0.0732421875,0.1708984375,0.1708984375,0.89111328125,-0.0244140625,-0.0244140625,-0.20751953125,1.25732421875,-0.09765625,-1.0498046875,-0.0244140625,-0.42724609375,-0.08544921875,-1.025390625,0,-0.8056640625,0,-1.45263671875,0.1953125,-0.3173828125,0.32958984375,-0.2685546875,0.10986328125,-1.025390625,-0.29296875,-0.72021484375,-0.03662109375,-0.67138671875,-0.146484375,-0.5859375,-0.06103515625,-0.09765625,0.23193359375,-1.0986328125,-0.1708984375,-1.81884765625,0.10986328125,-1.5869140625,-0.1708984375,0.0244140625,-0.09765625,0.30517578125,0,-0.01220703125,-0.08544921875,0,-0.01220703125,0.146484375,-0.09765625,0.6591796875,-0.048828125,1.47705078125,-0.09765625,0.25634765625,0.06103515625,0.48828125
1,-0.35400390625,-0.3662109375,-0.09765625,-0.37841796875,0.06103515625,-0.42724609375,-0.10986328125,-0.10986328125,-0.2197265625,-0.0244140625,-0.15869140625,-0.89111328125,0,1.08642578125,-0.06103515625,-0.18310546875,0.10986328125,-0.5859375,-0.06103515625,-0.146484375,-0.09765625,0.86669921875,-0.244140625,-0.6103515625,0.01220703125,0.732421875,-0.1220703125,0.048828125,0.18310546875,5.82275390625,-0.2685546875,1.25732421875,-0.23193359375,7.21435546875,0.1708984375,1.123046875,0.28076171875,1.611328125,-0.439453125,1.79443359375,-0.2685546875,-0.244140625,0.13427734375,-0.72021484375,0.2197265625,-0.45166015625,-0.5859375,0.64697265625,-0.3662109375,1.4892578125,-0.01220703125,0.537109375,0,-0.03662109375,0.5615234375,0.8056640625,-0.28076171875,0.81787109375,0.03662109375,0.48828125,-0.87890625,0.69580078125,-0.048828125,0.4150390625,-0.20751953125,0.15869140625,0.3662109375,1.171875,0.1220703125,0.3173828125,0.0732421875,0.28076171875,0.06103515625,0.1953125,0.10986328125,0.8544921875,0.048828125,-0.0244140625,-0.2685546875,1.2451171875,-0.06103515625,-1.0498046875,-0.01220703125,-0.439453125,-0.10986328125,-1.0009765625,0.01220703125,-0.79345703125,0,-1.46484375,0.2197265625,-0.32958984375,0.32958984375,-0.28076171875,0.06103515625,-1.0498046875,-0.2685546875,-0.72021484375,-0.03662109375,-0.68359375,-0.06103515625,-0.54931640625,-0.0244140625,-0.09765625,0.2685546875,-1.1474609375,-0.1220703125,-1.86767578125,0.13427734375,-1.69677734375,-0.13427734375,0,-0.13427734375,0.32958984375,0.01220703125,-0.01220703125,-0.06103515625,0.0244140625,-0.0244140625,0.13427734375,-0.0732421875,1.708984375,-0.06103515625,1.84326171875,-0.1220703125,0.634765625,0,1.025390625
1,-0.341796875,-0.35400390625,-0.10986328125,-0.3662109375,0.1220703125,-0.439453125,-0.10986328125,-0.09765625,-0.20751953125,-0.03662109375,-0.146484375,-0.87890625,0.01220703125,1.0986328125,-0.048828125,-0.18310546875,0.09765625,-0.59814453125,-0.10986328125,-0.1708984375,-0.048828125,0.8544921875,-0.244140625,-0.6103515625,0.0732421875,0.6103515625,-0.18310546875,-0.0732421875,0.146484375,5.322265625,-0.23193359375,1.11083984375,-0.28076171875,6.787109375,0.28076171875,0.9765625,0.1953125,1.50146484375,-0.341796875,1.67236328125,-0.2685546875,-0.23193359375,0.13427734375,-0.7080078125,0.146484375,-0.4150390625,-0.57373046875,0.67138671875,-0.40283203125,1.46484375,-0.08544921875,0.5615234375,-0.0732421875,-0.048828125,0.62255859375,0.81787109375,-0.30517578125,0.9765625,-0.01220703125,0.62255859375,-0.830078125,0.86669921875,0.06103515625,1.15966796875,-0.1708984375,0.20751953125,0.30517578125,1.18408203125,0.146484375,0.32958984375,0.0244140625,0.30517578125,0.0732421875,0.2685546875,0.09765625,0.830078125,0.09765625,-0.0244140625,-0.30517578125,1.2451171875,0.01220703125,-1.03759765625,0,-0.42724609375,-0.146484375,-0.98876953125,0,-0.8056640625,-0.01220703125,-1.50146484375,0.1953125,-0.3662109375,0.28076171875,-0.341796875,0.01220703125,-1.06201171875,-0.20751953125,-0.68359375,-0.048828125,-0.69580078125,0,-0.52490234375,-0.0244140625,-0.08544921875,0.2685546875,-1.13525390625,0,-1.8798828125,0.146484375,-1.7333984375,-0.13427734375,0,-0.146484375,0.341796875,0.03662109375,0,-0.0732421875,0.06103515625,-0.0244140625,0.146484375,-0.10986328125,3.03955078125,0.01220703125,2.3193359375,-0.10986328125,1.1474609375,0.03662109375,1.72119140625
1,-0.3662109375,-0.37841796875,-0.08544921875,-0.341796875,0.13427734375,-0.439453125,-0.10986328125,-0.1220703125,-0.18310546875,-0.048828125,-0.1220703125,-0.89111328125,0,1.06201171875,-0.048828125,-0.1708984375,0.0244140625,-0.62255859375,-0.15869140625,-0.1708984375,0.0732421875,0.8544921875,-0.244140625,-0.6103515625,0.08544921875,0.4638671875,-0.25634765625,-0.20751953125,0.06103515625,4.8095703125,-0.18310546875,0.96435546875,-0.341796875,6.26220703125,0.32958984375,0.830078125,0.1708984375,1.35498046875,-0.23193359375,1.55029296875,-0.28076171875,-0.25634765625,0.13427734375,-0.7080078125,0.0732421875,-0.4150390625,-0.57373046875,0.7080078125,-0.3173828125,1.4404296875,-0.09765625,0.537109375,-0.146484375,-0.0244140625,0.68359375,0.81787109375,-0.25634765625,1.23291015625,-0.048828125,0.8056640625,-0.7568359375,1.08642578125,0.08544921875,2.23388671875,-0.09765625,0.25634765625,0.1953125,1.171875,0.15869140625,0.32958984375,-0.03662109375,0.30517578125,0.048828125,0.341796875,0.06103515625,0.81787109375,0.10986328125,-0.0244140625,-0.32958984375,1.23291015625,0.06103515625,-1.025390625,0,-0.42724609375,-0.18310546875,-1.0009765625,-0.03662109375,-0.79345703125,0.01220703125,-1.5625,0.1708984375,-0.42724609375,0.1708984375,-0.439453125,0,-1.11083984375,-0.08544921875,-0.67138671875,-0.06103515625,-0.72021484375,0,-0.537109375,0.048828125,-0.09765625,0.23193359375,-1.11083984375,0.1220703125,-1.86767578125,0.13427734375,-1.6845703125,-0.10986328125,0.0244140625,-0.146484375,0.341796875,0.0244140625,-0.01220703125,-0.0732421875,0.06103515625,-0.01220703125,0.1220703125,-0.10986328125,4.55322265625,-0.0244140625,2.89306640625,-0.1220703125,1.72119140625,0,2.5390625
1,-0.341796875,-0.37841796875,-0.10986328125,-0.3662109375,0.10986328125,-0.4638671875,-0.09765625,-0.1220703125,-0.15869140625,-0.0732421875,-0.10986328125,-0.91552734375,0,1.03759765625,-0.06103515625,-0.18310546875,-0.0244140625,-0.59814453125,-0.1708984375,-0.146484375,0.1220703125,0.8544921875,-0.2685546875,-0.62255859375,0.09765625,0.32958984375,-0.28076171875,-0.341796875,-0.0244140625,4.30908203125,-0.1953125,0.8056640625,-0.3662109375,5.72509765625,0.341796875,0.6591796875,0.146484375,1.1962890625,-0.18310546875,1.416015625,-0.25634765625,-0.28076171875,0.1220703125,-0.72021484375,0.0244140625,-0.40283203125,-0.48828125,0.7080078125,-0.23193359375,1.40380859375,-0.0732421875,0.54931640625,-0.23193359375,-0.0244140625,0.732421875,0.81787109375,-0.2685546875,1.52587890625,-0.09765625,1.01318359375,-0.79345703125,1.318359375,0.048828125,3.5400390625,-0.03662109375,0.30517578125,0.08544921875,1.18408203125,0.146484375,0.341796875,-0.08544921875,0.32958984375,0.01220703125,0.47607421875,0.048828125,0.830078125,0.146484375,-0.03662109375,-0.341796875,1.2451171875,0.10986328125,-1.01318359375,0.0244140625,-0.4150390625,-0.1953125,-1.01318359375,-0.0244140625,-0.8056640625,0,-1.59912109375,0.1220703125,-0.50048828125,0.048828125,-0.52490234375,-0.01220703125,-1.18408203125,0,-0.67138671875,-0.048828125,-0.7080078125,-0.0244140625,-0.537109375,0.06103515625,-0.06103515625,0.18310546875,-1.07421875,0.18310546875,-1.84326171875,0.048828125,-1.611328125,-0.0732421875,0.06103515625,-0.1708984375,0.341796875,0.0244140625,-0.01220703125,-0.06103515625,0.06103515625,-0.0244140625,0.10986328125,-0.0732421875,6.15234375,0.01220703125,3.4912109375,-0.13427734375,2.28271484375,0,3.3935546875
1,-0.390625,-0.40283203125,-0.0732421875,-0.3662109375,0.08544921875,-0.4638671875,-0.09765625,-0.1220703125,-0.1708984375,-0.0732421875,-0.0732421875,-0.9033203125,0,1.03759765625,-0.0732421875,-0.18310546875,-0.048828125,-0.62255859375,-0.146484375,-0.15869140625,0.18310546875,0.8544921875,-0.2685546875,-0.6103515625,0.03662109375,0.23193359375,-0.28076171875,-0.42724609375,0,3.9306640625,-0.23193359375,0.69580078125,-0.390625,5.2001953125,0.3173828125,0.54931640625,0.146484375,1.0498046875,-0.10986328125,1.2451171875,-0.20751953125,-0.29296875,0.06103515625,-0.72021484375,-0.0732421875,-0.42724609375,-0.48828125,0.7080078125,-0.23193359375,1.3671875,-0.0244140625,0.54931640625,-0.2685546875,-0.048828125,0.6591796875,0.81787109375,-0.18310546875,1.8310546875,-0.0732421875,1.2451171875,-0.7568359375,1.57470703125,0.18310546875,4.96826171875,0.01220703125,0.30517578125,-0.01220703125,1.171875,0.08544921875,0.341796875,-0.08544921875,0.29296875,-0.0244140625,0.6103515625,0,0.84228515625,0.15869140625,-0.0244140625,-0.3662109375,1.25732421875,0.13427734375,-1.025390625,0.03662109375,-0.42724609375,-0.23193359375,-1.01318359375,-0.01220703125,-0.830078125,0,-1.64794921875,0.08544921875,-0.57373046875,-0.0244140625,-0.62255859375,0.01220703125,-1.25732421875,0.1220703125,-0.68359375,-0.0732421875,-0.72021484375,-0.08544921875,-0.5615234375,0.10986328125,-0.048828125,0.048828125,-1.01318359375,0.2197265625,-1.79443359375,-0.048828125,-1.47705078125,-0.08544921875,0.10986328125,-0.18310546875,0.3173828125,0.0244140625,0,-0.08544921875,0.0732421875,-0.0244140625,0.10986328125,-0.146484375,7.5927734375,0.06103515625,4.06494140625,-0.1220703125,2.84423828125,0.048828125,4.2236328125
1,-0.37841796875,-0.4150390625,-0.0732421875,-0.390625,0.03662109375,-0.4638671875,-0.10986328125,-0.1220703125,-0.1953125,-0.08544921875,-0.06103515625,-0.91552734375,0.0244140625,1.0498046875,-0.08544921875,-0.15869140625,-0.09765625,-0.62255859375,-0.1220703125,-0.15869140625,0.25634765625,0.8544921875,-0.2685546875,-0.5859375,-0.048828125,0.18310546875,-0.25634765625,-0.47607421875,-0.06103515625,3.69873046875,-0.2197265625,0.6103515625,-0.45166015625,4.79736328125,0.244140625,0.439453125,0.146484375,0.9521484375,-0.13427734375,1.11083984375,-0.1708984375,-0.28076171875,0.03662109375,-0.72021484375,-0.13427734375,-0.4150390625,-0.4638671875,0.72021484375,-0.20751953125,1.33056640625,0.048828125,0.54931640625,-0.30517578125,-0.0732421875,0.57373046875,0.8056640625,-0.18310546875,2.1728515625,-0.0244140625,1.45263671875,-0.7568359375,1.77001953125,0.1953125,6.34765625,0.01220703125,0.32958984375,0,1.1474609375,0.03662109375,0.3173828125,-0.146484375,0.30517578125,-0.0732421875,0.7568359375,-0.01220703125,0.87890625,0.1708984375,-0.0244140625,-0.341796875,1.28173828125,0.1220703125,-1.025390625,0.08544921875,-0.4150390625,-0.28076171875,-1.025390625,0.01220703125,-0.830078125,0,-1.66015625,0.03662109375,-0.634765625,-0.1953125,-0.68359375,0.0244140625,-1.3427734375,0.1953125,-0.67138671875,-0.15869140625,-0.68359375,-0.15869140625,-0.5859375,0.10986328125,-0.06103515625,-0.03662109375,-0.9765625,0.2197265625,-1.74560546875,-0.13427734375,-1.35498046875,-0.10986328125,0.1708984375,-0.20751953125,0.3173828125,0.01220703125,0.01220703125,-0.0732421875,0.06103515625,-0.048828125,0.146484375,-0.244140625,8.8134765625,0.048828125,4.5166015625,-0.13427734375,3.2958984375,0.06103515625,4.94384765625
1,-0.3662109375,-0.42724609375,-0.0732421875,-0.37841796875,0.03662109375,-0.47607421875,-0.1220703125,-0.1220703125,-0.1953125,-0.0732421875,-0.03662109375,-0.93994140625,0.0244140625,1.025390625,-0.08544921875,-0.146484375,-0.13427734375,-0.6103515625,-0.06103515625,-0.15869140625,0.25634765625,0.84228515625,-0.244140625,-0.6103515625,-0.1220703125,0.18310546875,-0.23193359375,-0.48828125,-0.09765625,3.6376953125,-0.2685546875,0.59814453125,-0.52490234375,4.5166015625,0.23193359375,0.37841796875,0.1220703125,0.84228515625,-0.1708984375,1.0009765625,-0.1708984375,-0.29296875,0.01220703125,-0.74462890625,-0.13427734375,-0.40283203125,-0.37841796875,0.72021484375,-0.1220703125,1.3427734375,0.048828125,0.537109375,-0.37841796875,-0.1220703125,0.47607421875,0.8056640625,-0.20751953125,2.4658203125,0.0244140625,1.64794921875,-0.76904296875,1.953125,0.3662109375,7.60498046875,0.048828125,0.32958984375,-0.01220703125,1.20849609375,0,0.29296875,-0.146484375,0.29296875,-0.10986328125,0.89111328125,-0.03662109375,0.86669921875,0.18310546875,-0.01220703125,-0.30517578125,1.2939453125,0.10986328125,-1.06201171875,0.10986328125,-0.42724609375,-0.341796875,-1.03759765625,0.048828125,-0.84228515625,0.0244140625,-1.67236328125,0.03662109375,-0.64697265625,-0.23193359375,-0.74462890625,0.06103515625,-1.35498046875,0.2197265625,-0.68359375,-0.146484375,-0.68359375,-0.244140625,-0.59814453125,0.10986328125,-0.06103515625,-0.09765625,-0.927734375,0.1708984375,-1.72119140625,-0.2197265625,-1.25732421875,-0.146484375,0.1953125,-0.2197265625,0.30517578125,0.01220703125,0.01220703125,-0.06103515625,0.048828125,-0.03662109375,0.1220703125,-0.3173828125,9.70458984375,0.048828125,4.8828125,-0.13427734375,3.62548828125,0.0244140625,5.43212890625
1,-0.3662109375,-0.4150390625,-0.048828125,-0.390625,0.0732421875,-0.4638671875,-0.13427734375,-0.13427734375,-0.20751953125,-0.06103515625,-0.0244140625,-0.93994140625,0.06103515625,1.01318359375,-0.0732421875,-0.146484375,-0.13427734375,-0.59814453125,0,-0.1708984375,0.25634765625,0.8544921875,-0.18310546875,-0.6103515625,-0.1953125,0.20751953125,-0.2197265625,-0.4638671875,-0.08544921875,3.74755859375,-0.25634765625,0.634765625,-0.62255859375,4.30908203125,0.2197265625,0.35400390625,0.13427734375,0.78125,-0.2197265625,0.9033203125,-0.18310546875,-0.28076171875,0.048828125,-0.74462890625,-0.1220703125,-0.4150390625,-0.3173828125,0.68359375,-0.20751953125,1.3427734375,0.09765625,0.52490234375,-0.390625,-0.1708984375,0.3662109375,0.8056640625,-0.13427734375,2.69775390625,0.10986328125,1.806640625,-0.68359375,2.05078125,0.45166015625,8.60595703125,0.13427734375,0.3173828125,-0.09765625,1.33056640625,-0.09765625,0.30517578125,-0.15869140625,0.30517578125,-0.1708984375,1.0009765625,-0.0244140625,0.87890625,0.1953125,-0.0244140625,-0.2197265625,1.318359375,0.1220703125,-1.0498046875,0.08544921875,-0.390625,-0.341796875,-1.03759765625,0.01220703125,-0.830078125,-0.01220703125,-1.67236328125,0,-0.64697265625,-0.25634765625,-0.74462890625,0.048828125,-1.3916015625,0.244140625,-0.69580078125,-0.13427734375,-0.6591796875,-0.30517578125,-0.62255859375,0.09765625,-0.0732421875,-0.10986328125,-0.89111328125,0.10986328125,-1.708984375,-0.244140625,-1.171875,-0.18310546875,0.23193359375,-0.2197265625,0.30517578125,0.01220703125,0,-0.09765625,0.03662109375,-0.06103515625,0.13427734375,-0.35400390625,10.21728515625,0.03662109375,5.04150390625,-0.15869140625,3.79638671875,0.03662109375,5.712890625
1,-0.390625,-0.42724609375,-0.048828125,-0.42724609375,0.08544921875,-0.4638671875,-0.1220703125,-0.09765625,-0.15869140625,-0.048828125,0,-0.927734375,0.0732421875,1.025390625,-0.09765625,-0.146484375,-0.13427734375,-0.62255859375,0.048828125,-0.18310546875,0.25634765625,0.86669921875,-0.13427734375,-0.59814453125,-0.25634765625,0.244140625,-0.244140625,-0.4150390625,-0.0732421875,3.94287109375,-0.341796875,0.68359375,-0.74462890625,4.150390625,0.2685546875,0.3662109375,0.146484375,0.74462890625,-0.25634765625,0.79345703125,-0.25634765625,-0.28076171875,0.1220703125,-0.732421875,-0.0732421875,-0.4150390625,-0.30517578125,0.68359375,-0.13427734375,1.3427734375,0.1708984375,0.5126953125,-0.4150390625,-0.18310546875,0.28076171875,0.78125,-0.244140625,2.8564453125,0.146484375,1.91650390625,-0.6103515625,2.08740234375,0.47607421875,9.28955078125,0.18310546875,0.341796875,-0.0732421875,1.55029296875,-0.18310546875,0.3662109375,-0.1220703125,0.32958984375,-0.1953125,1.0986328125,-0.0244140625,0.9033203125,0.146484375,-0.03662109375,-0.13427734375,1.30615234375,0.13427734375,-1.08642578125,0.0732421875,-0.390625,-0.35400390625,-1.01318359375,0,-0.84228515625,-0.0732421875,-1.64794921875,-0.01220703125,-0.57373046875,-0.20751953125,-0.72021484375,0.03662109375,-1.3916015625,0.2197265625,-0.7080078125,-0.13427734375,-0.67138671875,-0.32958984375,-0.634765625,0.048828125,-0.0732421875,-0.09765625,-0.89111328125,0.048828125,-1.67236328125,-0.18310546875,-1.1474609375,-0.1708984375,0.244140625,-0.25634765625,0.28076171875,0,0.01220703125,-0.0732421875,0.03662109375,-0.048828125,0.13427734375,-0.390625,10.31494140625,0.06103515625,5.04150390625,-0.15869140625,3.79638671875,0.01220703125,5.74951171875
1,-0.4150390625,-0.4150390625,-0.0244140625,-0.40283203125,0.09765625,-0.4638671875,-0.146484375,-0.09765625,-0.1220703125,-0.048828125,0,-0.927734375,0.0732421875,1.025390625,-0.0732421875,-0.146484375,-0.10986328125,-0.6103515625,0.10986328125,-0.1953125,0.2197265625,0.86669921875,-0.08544921875,-0.6103515625,-0.25634765625,0.29296875,-0.23193359375,-0.35400390625,-0.03662109375,4.1748046875,-0.4638671875,0.7568359375,-0.8056640625,4.0283203125,0.29296875,0.390625,0.15869140625,0.69580078125,-0.2685546875,0.69580078125,-0.32958984375,-0.244140625,0.15869140625,-0.74462890625,0,-0.42724609375,-0.30517578125,0.68359375,-0.10986328125,1.3916015625,0.1953125,0.48828125,-0.42724609375,-0.2197265625,0.18310546875,0.7568359375,-0.25634765625,2.9296875,0.146484375,1.953125,-0.5859375,2.06298828125,0.439453125,9.6435546875,0.1953125,0.4150390625,-0.10986328125,1.89208984375,-0.23193359375,0.439453125,-0.1220703125,0.4150390625,-0.1708984375,1.1474609375,-0.0244140625,0.87890625,0.09765625,-0.048828125,0,1.30615234375,0.1220703125,-1.06201171875,0.03662109375,-0.35400390625,-0.3173828125,-1.025390625,0.01220703125,-0.830078125,-0.06103515625,-1.62353515625,-0.01220703125,-0.537109375,-0.0732421875,-0.68359375,0.0244140625,-1.3916015625,0.13427734375,-0.732421875,-0.08544921875,-0.64697265625,-0.32958984375,-0.64697265625,-0.03662109375,-0.0732421875,-0.06103515625,-0.91552734375,-0.048828125,-1.67236328125,-0.15869140625,-1.15966796875,-0.1708984375,0.23193359375,-0.2685546875,0.29296875,0.01220703125,-0.0244140625,-0.0732421875,-0.01220703125,-0.0244140625,0.13427734375,-0.40283203125,10.0341796875,0.08544921875,4.9072265625,-0.146484375,3.62548828125,0.01220703125,5.56640625
0,-0.40283203125,-0.40283203125,0.01220703125,-0.3662109375,0.0732421875,-0.45166015625,-0.15869140625,-0.0732421875,-0.08544921875,-0.03662109375,0,-0.9033203125,0.03662109375,1.06201171875,-0.08544921875,-0.1220703125,-0.0732421875,-0.59814453125,0.13427734375,-0.1953125,0.20751953125,0.89111328125,-0.03662109375,-0.59814453125,-0.2197265625,0.35400390625,-0.23193359375,-0.3173828125,0.048828125,4.3701171875,-0.52490234375,0.830078125,-0.86669921875,3.86962890625,0.2685546875,0.42724609375,0.15869140625,0.6591796875,-0.29296875,0.59814453125,-0.40283203125,-0.244140625,0.1953125,-0.732421875,0.0244140625,-0.439453125,-0.3662109375,0.6591796875,-0.09765625,1.50146484375,0.2197265625,0.5126953125,-0.4150390625,-0.18310546875,0.13427734375,0.74462890625,-0.30517578125,2.9296875,0.1708984375,1.94091796875,-0.634765625,2.001953125,0.390625,9.63134765625,0.146484375,0.54931640625,-0.1220703125,2.35595703125,-0.23193359375,0.5615234375,-0.13427734375,0.537109375,-0.15869140625,1.15966796875,-0.03662109375,0.86669921875,0.06103515625,-0.06103515625,0.09765625,1.30615234375,0.09765625,-1.06201171875,-0.0244140625,-0.341796875,-0.244140625,-1.01318359375,0.03662109375,-0.86669921875,-0.0732421875,-1.611328125,-0.0244140625,-0.4638671875,0.01220703125,-0.62255859375,-0.048828125,-1.35498046875,0.03662109375,-0.732421875,-0.03662109375,-0.64697265625,-0.28076171875,-0.62255859375,-0.13427734375,-0.09765625,0.0244140625,-0.927734375,-0.08544921875,-1.6845703125,-0.13427734375,-1.220703125,-0.146484375,0.20751953125,-0.2685546875,0.30517578125,0,-0.03662109375,-0.06103515625,-0.0244140625,-0.03662109375,0.1220703125,-0.40283203125,9.46044921875,0.0732421875,4.6142578125,-0.1708984375,3.33251953125,0.0244140625,5.17578125
0,-0.390625,-0.390625,-0.01220703125,-0.3662109375,0.048828125,-0.4150390625,-0.1708984375,-0.0732421875,-0.06103515625,-0.048828125,0,-0.89111328125,0.048828125,1.0498046875,-0.08544921875,-0.13427734375,-0.03662109375,-0.6103515625,0.18310546875,-0.20751953125,0.1953125,0.89111328125,-0.06103515625,-0.5859375,-0.1220703125,0.3662109375,-0.1708984375,-0.3173828125,0.048828125,4.38232421875,-0.5859375,0.84228515625,-0.62255859375,3.55224609375,0.28076171875,0.50048828125,0.20751953125,0.62255859375,-0.30517578125,0.50048828125,-0.48828125,-0.1953125,0.2197265625,-0.7080078125,0.08544921875,-0.45166015625,-0.390625,0.62255859375,-0.048828125,1.67236328125,0.2197265625,0.5126953125,-0.42724609375,-0.1953125,0.09765625,0.7568359375,-0.29296875,2.880859375,0.1708984375,1.85546875,-0.68359375,1.8798828125,0.3662109375,9.3017578125,0.10986328125,0.7568359375,-0.10986328125,2.91748046875,-0.1953125,0.732421875,-0.146484375,0.6591796875,-0.1708984375,1.15966796875,0,0.830078125,0.13427734375,-0.0732421875,0.1220703125,1.26953125,0.08544921875,-1.03759765625,-0.03662109375,-0.341796875,-0.15869140625,-1.01318359375,0.06103515625,-0.830078125,-0.01220703125,-1.611328125,0,-0.42724609375,0.10986328125,-0.5615234375,-0.0244140625,-1.33056640625,-0.06103515625,-0.7080078125,0.0244140625,-0.6591796875,-0.23193359375,-0.6103515625,-0.18310546875,-0.09765625,0.01220703125,-0.96435546875,-0.1708984375,-1.72119140625,-0.0732421875,-1.318359375,-0.15869140625,0.1953125,-0.2685546875,0.3173828125,-0.01220703125,-0.03662109375,-0.0732421875,-0.03662109375,-0.01220703125,0.146484375,-0.40283203125,8.65478515625,0.08544921875,4.23583984375,-0.15869140625,2.94189453125,-0.01220703125,4.62646484375
0,-0.439453125,-0.37841796875,0,-0.3662109375,0.048828125,-0.40283203125,-0.1953125,-0.06103515625,-0.06103515625,-0.03662109375,0.0244140625,-0.87890625,0.048828125,1.06201171875,-0.06103515625,-0.15869140625,0.01220703125,-0.6103515625,0.1953125,-0.18310546875,0.1220703125,0.87890625,-0.10986328125,-0.59814453125,-0.03662109375,0.32958984375,-0.1708984375,-0.341796875,0.048828125,4.23583984375,-0.5615234375,0.8056640625,-0.5615234375,3.1005859375,0.2685546875,0.537109375,0.25634765625,0.537109375,-0.341796875,0.35400390625,-0.5859375,-0.20751953125,0.20751953125,-0.7080078125,0.0732421875,-0.42724609375,-0.390625,0.6103515625,-0.048828125,1.953125,0.23193359375,0.537109375,-0.42724609375,-0.15869140625,0.048828125,0.7568359375,-0.1953125,2.74658203125,0.146484375,1.77001953125,-0.72021484375,1.7333984375,0.35400390625,8.69140625,0.048828125,1.03759765625,-0.2685546875,3.57666015625,-0.1220703125,0.93994140625,-0.1953125,0.86669921875,-0.13427734375,1.11083984375,0.048828125,0.8056640625,0.2197265625,-0.0732421875,0.15869140625,1.25732421875,0.06103515625,-1.01318359375,-0.0244140625,-0.35400390625,-0.06103515625,-1.01318359375,0.09765625,-0.84228515625,0.03662109375,-1.57470703125,-0.0244140625,-0.390625,0.18310546875,-0.5126953125,-0.048828125,-1.30615234375,-0.1708984375,-0.7080078125,0.09765625,-0.67138671875,-0.146484375,-0.5859375,-0.1953125,-0.0732421875,-0.01220703125,-1.0009765625,-0.2197265625,-1.77001953125,-0.01220703125,-1.40380859375,-0.13427734375,0.15869140625,-0.28076171875,0.3173828125,-0.048828125,-0.0732421875,-0.08544921875,-0.06103515625,-0.01220703125,0.13427734375,-0.4150390625,7.6904296875,0.0732421875,3.77197265625,-0.13427734375,2.50244140625,-0.048828125,4.0283203125
0,-0.439453125,-0.4150390625,0.0244140625,-0.35400390625,0.09765625,-0.4150390625,-0.20751953125,-0.0732421875,-0.048828125,-0.048828125,0.06103515625,-0.87890625,0.06103515625,1.06201171875,-0.048828125,-0.146484375,0.06103515625,-0.57373046875,0.1953125,-0.18310546875,0.09765625,0.89111328125,-0.15869140625,-0.5859375,0.03662109375,0.244140625,-0.13427734375,-0.45166015625,0.08544921875,3.8330078125,-0.4638671875,0.7080078125,-0.40283203125,2.50244140625,0.3173828125,0.57373046875,0.28076171875,0.40283203125,-0.32958984375,0.20751953125,-0.6103515625,-0.18310546875,0.1708984375,-0.69580078125,0.0244140625,-0.439453125,-0.32958984375,0.57373046875,-0.10986328125,2.35595703125,0.25634765625,0.6103515625,-0.42724609375,-0.10986328125,-0.01220703125,0.830078125,-0.15869140625,2.57568359375,0.13427734375,1.611328125,-0.67138671875,1.55029296875,0.341796875,7.861328125,0.08544921875,1.40380859375,-0.32958984375,4.28466796875,-0.08544921875,1.1474609375,-0.244140625,1.11083984375,-0.1220703125,1.07421875,0.08544921875,0.81787109375,0.28076171875,-0.09765625,0.15869140625,1.25732421875,0.06103515625,-0.98876953125,0.01220703125,-0.341796875,0.01220703125,-1.025390625,0.13427734375,-0.830078125,0.0732421875,-1.5869140625,-0.0244140625,-0.35400390625,0.146484375,-0.4638671875,-0.03662109375,-1.2939453125,-0.23193359375,-0.72021484375,0.1220703125,-0.67138671875,-0.08544921875,-0.57373046875,-0.20751953125,-0.0732421875,0.01220703125,-1.03759765625,-0.18310546875,-1.77001953125,0.0732421875,-1.47705078125,-0.09765625,0.13427734375,-0.28076171875,0.3173828125,-0.0732421875,-0.048828125,-0.0732421875,-0.06103515625,-0.01220703125,0.13427734375,-0.4150390625,6.67724609375,0.09765625,3.33251953125,-0.1220703125,2.06298828125,-0.0732421875,3.3935546875
0,-0.4638671875,-0.40283203125,0.048828125,-0.341796875,0.13427734375,-0.4150390625,-0.15869140625,-0.08544921875,-0.0732421875,-0.0732421875,0.09765625,-0.89111328125,0.01220703125,1.07421875,0,-0.18310546875,0.048828125,-0.5615234375,0.18310546875,-0.146484375,0.0244140625,0.89111328125,-0.2197265625,-0.59814453125,0.09765625,0.1220703125,-0.08544921875,-0.57373046875,0.08544921875,3.2470703125,-0.3662109375,0.5615234375,-0.28076171875,1.806640625,0.40283203125,0.57373046875,0.28076171875,0.244140625,-0.30517578125,0.03662109375,-0.5859375,-0.1708984375,0.15869140625,-0.69580078125,0,-0.4150390625,-0.341796875,0.54931640625,-0.10986328125,2.86865234375,0.25634765625,0.7080078125,-0.40283203125,-0.01220703125,-0.048828125,0.91552734375,-0.10986328125,2.35595703125,0.06103515625,1.45263671875,-0.72021484375,1.3916015625,0.390625,6.87255859375,0.08544921875,1.77001953125,-0.29296875,4.94384765625,-0.06103515625,1.3916015625,-0.341796875,1.33056640625,-0.13427734375,1.0009765625,0.1708984375,0.79345703125,0.341796875,-0.08544921875,0.13427734375,1.2451171875,0.03662109375,-0.9765625,0.0732421875,-0.3662109375,0.06103515625,-1.025390625,0.15869140625,-0.81787109375,0.08544921875,-1.59912109375,-0.0244140625,-0.341796875,0.06103515625,-0.42724609375,-0.0732421875,-1.28173828125,-0.25634765625,-0.72021484375,0.09765625,-0.67138671875,0,-0.5615234375,-0.15869140625,-0.06103515625,0,-1.01318359375,-0.20751953125,-1.7822265625,0.09765625,-1.513671875,-0.048828125,0.13427734375,-0.2685546875,0.3173828125,-0.0732421875,-0.03662109375,-0.0732421875,-0.06103515625,-0.01220703125,0.1220703125,-0.439453125,5.6640625,0.1220703125,2.880859375,-0.13427734375,1.611328125,-0.08544921875,2.74658203125
0,-0.48828125,-0.4150390625,0.03662109375,-0.341796875,0.15869140625,-0.439453125,-0.1708984375,-0.09765625,-0.01220703125,-0.08544921875,0.08544921875,-0.89111328125,-0.03662109375,1.0498046875,0.03662109375,-0.18310546875,0.03662109375,-0.5615234375,0.18310546875,-0.146484375,-0.10986328125,0.89111328125,-0.244140625,-0.5859375,0.1220703125,-0.048828125,-0.048828125,-0.74462890625,0.0732421875,2.50244140625,-0.2197265625,0.390625,-0.23193359375,1.0498046875,0.42724609375,0.5615234375,0.2685546875,0.0732421875,-0.2685546875,-0.15869140625,-0.47607421875,-0.15869140625,0.10986328125,-0.69580078125,-0.01220703125,-0.40283203125,-0.2685546875,0.48828125,0,3.515625,0.244140625,0.8544921875,-0.4150390625,0.08544921875,-0.08544921875,1.03759765625,-0.048828125,2.13623046875,0.0244140625,1.28173828125,-0.79345703125,1.1962890625,0.37841796875,5.810546875,0.08544921875,2.11181640625,-0.244140625,5.517578125,-0.01220703125,1.5869140625,-0.3662109375,1.52587890625,-0.1953125,0.93994140625,0.23193359375,0.81787109375,0.3662109375,-0.0732421875,0.13427734375,1.26953125,-0.01220703125,-0.9765625,0.1220703125,-0.37841796875,0.06103515625,-1.01318359375,0.13427734375,-0.8056640625,0.09765625,-1.5869140625,0,-0.3662109375,-0.09765625,-0.4150390625,-0.048828125,-1.23291015625,-0.20751953125,-0.7080078125,0.08544921875,-0.67138671875,0.0244140625,-0.5615234375,-0.09765625,-0.048828125,0.01220703125,-0.98876953125,-0.20751953125,-1.77001953125,0.1220703125,-1.513671875,-0.01220703125,0.1708984375,-0.28076171875,0.30517578125,-0.08544921875,0,-0.0732421875,-0.048828125,0,0.1220703125,-0.45166015625,4.6630859375,0.146484375,2.5146484375,-0.1220703125,1.220703125,-0.0732421875,2.1728515625
0,-0.48828125,-0.42724609375,0.048828125,-0.3662109375,0.15869140625,-0.47607421875,-0.15869140625,-0.10986328125,0.01220703125,-0.08544921875,0.10986328125,-0.91552734375,-0.0732421875,1.03759765625,0.06103515625,-0.18310546875,0.01220703125,-0.5615234375,0.146484375,-0.13427734375,-0.18310546875,0.89111328125,-0.23193359375,-0.59814453125,0.09765625,-0.20751953125,-0.0244140625,-0.89111328125,0.08544921875,1.74560546875,-0.146484375,0.1953125,-0.29296875,0.32958984375,0.390625,0.50048828125,0.2197265625,-0.09765625,-0.25634765625,-0.32958984375,-0.390625,-0.1708984375,0.1220703125,-0.7080078125,-0.06103515625,-0.37841796875,-0.244140625,0.48828125,0.048828125,4.26025390625,0.23193359375,1.03759765625,-0.32958984375,0.1953125,-0.0732421875,1.20849609375,-0.0732421875,1.89208984375,-0.048828125,1.0986328125,-0.86669921875,1.06201171875,0.3173828125,4.7607421875,0.0244140625,2.42919921875,-0.23193359375,6.005859375,0.03662109375,1.7578125,-0.390625,1.7578125,-0.29296875,0.87890625,0.2685546875,0.86669921875,0.3173828125,-0.06103515625,0.06103515625,1.2451171875,-0.048828125,-0.98876953125,0.18310546875,-0.3662109375,0.0732421875,-1.025390625,0.13427734375,-0.830078125,0.13427734375,-1.5625,0.0244140625,-0.390625,-0.25634765625,-0.4150390625,-0.06103515625,-1.20849609375,-0.1220703125,-0.68359375,0.06103515625,-0.69580078125,0.048828125,-0.57373046875,-0.03662109375,-0.048828125,0.08544921875,-0.9521484375,-0.146484375,-1.7333984375,0.146484375,-1.45263671875,0.0732421875,0.2197265625,-0.28076171875,0.30517578125,-0.0732421875,0.01220703125,-0.08544921875,-0.01220703125,-0.01220703125,0.1220703125,-0.4638671875,3.72314453125,0.1708984375,2.13623046875,-0.1220703125,0.89111328125,-0.09765625,1.611328125
0,-0.4638671875,-0.45166015625,0.06103515625,-0.37841796875,0.146484375,-0.50048828125,-0.1708984375,-0.1220703125,0.048828125,-0.09765625,0.08544921875,-0.91552734375,-0.06103515625,1.025390625,0.048828125,-0.1708984375,-0.03662109375,-0.5615234375,0.146484375,-0.13427734375,-0.2685546875,0.87890625,-0.18310546875,-0.59814453125,0.03662109375,-0.35400390625,0.01220703125,-1.03759765625,0.15869140625,1.0498046875,-0.13427734375,0.03662109375,-0.28076171875,-0.23193359375,0.3662109375,0.439453125,0.244140625,-0.25634765625,-0.20751953125,-0.47607421875,-0.244140625,-0.1708984375,0.09765625,-0.72021484375,-0.048828125,-0.3662109375,-0.25634765625,0.50048828125,0.13427734375,5.06591796875,0.2685546875,1.20849609375,-0.30517578125,0.341796875,-0.10986328125,1.37939453125,-0.03662109375,1.64794921875,-0.0732421875,0.9521484375,-0.89111328125,0.927734375,0.20751953125,3.72314453125,-0.03662109375,2.63671875,-0.23193359375,6.298828125,0.03662109375,1.85546875,-0.37841796875,1.86767578125,-0.341796875,0.830078125,0.29296875,0.8544921875,0.2685546875,-0.048828125,0.03662109375,1.26953125,-0.08544921875,-1.01318359375,0.2197265625,-0.37841796875,0.06103515625,-1.025390625,0.1220703125,-0.81787109375,0.1708984375,-1.55029296875,0.03662109375,-0.390625,-0.35400390625,-0.40283203125,-0.0732421875,-1.1962890625,-0.0244140625,-0.67138671875,0.0244140625,-0.6591796875,0.0244140625,-0.5859375,0.01220703125,-0.048828125,0.09765625,-0.89111328125,-0.146484375,-1.69677734375,0.1220703125,-1.3671875,0.15869140625,0.2685546875,-0.29296875,0.2685546875,-0.08544921875,0.01220703125,-0.08544921875,0.01220703125,-0.03662109375,0.13427734375,-0.47607421875,2.8564453125,0.18310546875,1.8310546875,-0.10986328125,0.537109375,-0.08544921875,1.123046875
0,-0.50048828125,-0.439453125,0.06103515625,-0.390625,0.1220703125,-0.5126953125,-0.1953125,-0.10986328125,0.0732421875,-0.09765625,0.06103515625,-0.93994140625,-0.048828125,1.025390625,0.06103515625,-0.18310546875,-0.09765625,-0.5615234375,0.13427734375,-0.146484375,-0.32958984375,0.89111328125,-0.10986328125,-0.6103515625,-0.048828125,-0.45166015625,0.03662109375,-1.13525390625,0.1708984375,0.52490234375,-0.1953125,-0.08544921875,-0.2197265625,-0.54931640625,0.37841796875,0.37841796875,0.25634765625,-0.341796875,-0.15869140625,-0.59814453125,-0.146484375,-0.15869140625,0.146484375,-0.732421875,-0.01220703125,-0.37841796875,-0.23193359375,0.50048828125,0.2197265625,5.84716796875,0.2685546875,1.40380859375,-0.28076171875,0.50048828125,-0.10986328125,1.5625,-0.048828125,1.40380859375,-0.0732421875,0.78125,-0.86669921875,0.8056640625,0.0732421875,2.783203125,-0.01220703125,2.7587890625,-0.1953125,6.4453125,0.048828125,1.94091796875,-0.29296875,1.9287109375,-0.37841796875,0.7568359375,0.3173828125,0.87890625,0.2197265625,-0.0244140625,0.01220703125,1.26953125,-0.09765625,-1.01318359375,0.23193359375,-0.390625,0.0244140625,-1.025390625,0.10986328125,-0.8056640625,0.1953125,-1.50146484375,0.10986328125,-0.42724609375,-0.341796875,-0.42724609375,-0.0244140625,-1.1474609375,0.0732421875,-0.67138671875,-0.01220703125,-0.67138671875,-0.048828125,-0.6103515625,0,-0.0732421875,0.1220703125,-0.81787109375,-0.13427734375,-1.6357421875,0.0732421875,-1.25732421875,0.146484375,0.341796875,-0.3173828125,0.28076171875,-0.08544921875,0.0244140625,-0.08544921875,0.0244140625,-0.03662109375,0.146484375,-0.47607421875,2.03857421875,0.18310546875,1.57470703125,-0.0732421875,0.23193359375,-0.06103515625,0.67138671875
0,-0.48828125,-0.42724609375,0.09765625,-0.40283203125,0.1220703125,-0.50048828125,-0.20751953125,-0.10986328125,0.09765625,-0.08544921875,0.03662109375,-0.96435546875,-0.048828125,1.025390625,0.06103515625,-0.18310546875,-0.146484375,-0.5615234375,0.1220703125,-0.15869140625,-0.32958984375,0.87890625,-0.03662109375,-0.62255859375,-0.13427734375,-0.50048828125,-0.01220703125,-1.18408203125,0.15869140625,0.29296875,-0.28076171875,-0.10986328125,-0.244140625,-0.537109375,0.32958984375,0.28076171875,0.23193359375,-0.3173828125,-0.10986328125,-0.5859375,-0.146484375,-0.13427734375,0.1708984375,-0.732421875,0.01220703125,-0.37841796875,-0.25634765625,0.54931640625,0.1953125,6.54296875,0.25634765625,1.5625,-0.25634765625,0.6103515625,-0.048828125,1.69677734375,0,1.171875,-0.048828125,0.64697265625,-0.81787109375,0.72021484375,-0.0244140625,2.01416015625,0.0244140625,2.77099609375,-0.08544921875,6.4453125,0.01220703125,1.9287109375,-0.25634765625,1.94091796875,-0.3173828125,0.732421875,0.32958984375,0.927734375,0.13427734375,-0.01220703125,-0.048828125,1.28173828125,-0.048828125,-1.025390625,0.2197265625,-0.4150390625,-0.01220703125,-1.01318359375,0.1220703125,-0.81787109375,0.146484375,-1.4892578125,0.15869140625,-0.4150390625,-0.2685546875,-0.4150390625,-0.0244140625,-1.11083984375,0.09765625,-0.68359375,-0.0244140625,-0.6591796875,-0.08544921875,-0.6103515625,-0.03662109375,-0.08544921875,0.146484375,-0.7568359375,-0.08544921875,-1.5869140625,0.03662109375,-1.171875,0.13427734375,0.4150390625,-0.3662109375,0.2685546875,-0.0732421875,0.01220703125,-0.0732421875,0.03662109375,-0.03662109375,0.146484375,-0.4638671875,1.25732421875,0.18310546875,1.2939453125,-0.08544921875,-0.048828125,-0.048828125,0.2197265625
0,-0.4638671875,-0.4150390625,0.0732421875,-0.42724609375,0.1708984375,-0.5126953125,-0.23193359375,-0.10986328125,0.13427734375,-0.08544921875,0.0244140625,-0.9521484375,-0.03662109375,1.01318359375,0.03662109375,-0.18310546875,-0.18310546875,-0.5859375,0.09765625,-0.15869140625,-0.3173828125,0.86669921875,-0.048828125,-0.6103515625,-0.1953125,-0.48828125,-0.03662109375,-1.1474609375,0.1708984375,0.390625,-0.37841796875,-0.06103515625,-0.23193359375,-0.1953125,0.28076171875,0.25634765625,0.18310546875,-0.23193359375,-0.08544921875,-0.48828125,-0.1220703125,-0.10986328125,0.20751953125,-0.74462890625,0.0732421875,-0.40283203125,-0.244140625,0.59814453125,0.0732421875,7.12890625,0.2685546875,1.72119140625,-0.2197265625,0.732421875,0.03662109375,1.81884765625,-0.08544921875,0.96435546875,-0.0244140625,0.52490234375,-0.81787109375,0.6591796875,-0.08544921875,1.3671875,0.1220703125,2.69775390625,0.03662109375,6.3232421875,-0.03662109375,1.89208984375,-0.15869140625,1.8798828125,-0.2197265625,0.6591796875,0.35400390625,0.87890625,0.03662109375,-0.01220703125,-0.0244140625,1.25732421875,0.03662109375,-1.03759765625,0.15869140625,-0.4150390625,-0.0244140625,-1.025390625,0.09765625,-0.81787109375,0.10986328125,-1.47705078125,0.2197265625,-0.390625,-0.15869140625,-0.40283203125,0.0244140625,-1.0986328125,0.10986328125,-0.67138671875,-0.048828125,-0.64697265625,-0.1708984375,-0.62255859375,-0.0732421875,-0.09765625,0.0732421875,-0.69580078125,-0.08544921875,-1.52587890625,-0.03662109375,-1.13525390625,0.09765625,0.47607421875,-0.37841796875,0.28076171875,-0.06103515625,0,-0.08544921875,0.03662109375,-0.06103515625,0.13427734375,-0.4638671875,0.5126953125,0.15869140625,1.025390625,-0.048828125,-0.29296875,-0.048828125,-0.20751953125
0,-0.48828125,-0.3662109375,0.09765625,-0.390625,0.18310546875,-0.50048828125,-0.244140625,-0.10986328125,0.146484375,-0.0732421875,0.03662109375,-0.9521484375,-0.0244140625,1.03759765625,0.048828125,-0.1708984375,-0.1708984375,-0.59814453125,0.0732421875,-0.18310546875,-0.2685546875,0.8544921875,-0.06103515625,-0.6103515625,-0.23193359375,-0.390625,-0.09765625,-1.0498046875,0.15869140625,0.8544921875,-0.40283203125,0.06103515625,-0.2197265625,0.48828125,0.2197265625,0.2685546875,0.15869140625,-0.06103515625,-0.01220703125,-0.29296875,-0.1953125,-0.06103515625,0.2197265625,-0.732421875,0.146484375,-0.390625,-0.2197265625,0.64697265625,-0.0244140625,7.53173828125,0.25634765625,1.806640625,-0.18310546875,0.81787109375,0.13427734375,1.904296875,-0.1220703125,0.79345703125,-0.03662109375,0.439453125,-0.76904296875,0.62255859375,-0.15869140625,0.89111328125,0.0732421875,2.55126953125,0.03662109375,6.103515625,-0.0732421875,1.81884765625,-0.08544921875,1.79443359375,-0.08544921875,0.59814453125,0.30517578125,0.86669921875,-0.08544921875,0,0,1.25732421875,0.10986328125,-1.025390625,0.10986328125,-0.4150390625,-0.03662109375,-1.0009765625,0.06103515625,-0.8056640625,0.03662109375,-1.47705078125,0.244140625,-0.40283203125,-0.03662109375,-0.4150390625,0.01220703125,-1.0986328125,0.13427734375,-0.67138671875,-0.01220703125,-0.64697265625,-0.244140625,-0.634765625,-0.10986328125,-0.1220703125,0.01220703125,-0.68359375,-0.0244140625,-1.4892578125,-0.09765625,-1.07421875,0.03662109375,0.5126953125,-0.390625,0.29296875,-0.06103515625,-0.01220703125,-0.06103515625,0.0244140625,-0.10986328125,0.1708984375,-0.5126953125,-0.146484375,0.1708984375,0.76904296875,-0.09765625,-0.5859375,-0.10986328125,-0.62255859375
0,-0.48828125,-0.35400390625,0.1220703125,-0.40283203125,0.18310546875,-0.47607421875,-0.25634765625,-0.10986328125,0.18310546875,-0.0732421875,0.048828125,-0.93994140625,-0.0244140625,1.0498046875,0.0244140625,-0.15869140625,-0.15869140625,-0.59814453125,0,-0.18310546875,-0.15869140625,0.86669921875,-0.10986328125,-0.6103515625,-0.20751953125,-0.2197265625,-0.146484375,-0.86669921875,0.0244140625,1.59912109375,-0.439453125,0.28076171875,-0.40283203125,1.416015625,0.1708984375,0.32958984375,0.09765625,0.1708984375,-0.01220703125,0,-0.29296875,-0.03662109375,0.2197265625,-0.72021484375,0.1708984375,-0.40283203125,-0.1708984375,0.69580078125,-0.048828125,7.72705078125,0.29296875,1.85546875,-0.0732421875,0.87890625,0.20751953125,1.953125,-0.18310546875,0.6591796875,-0.03662109375,0.3662109375,-0.72021484375,0.59814453125,-0.23193359375,0.537109375,-0.01220703125,2.392578125,0.03662109375,5.859375,-0.06103515625,1.72119140625,-0.06103515625,1.69677734375,0.01220703125,0.537109375,0.25634765625,0.8544921875,-0.1953125,-0.01220703125,0.0244140625,1.26953125,0.146484375,-1.025390625,0.048828125,-0.40283203125,-0.048828125,-1.0009765625,0.01220703125,-0.830078125,0,-1.46484375,0.2197265625,-0.40283203125,0.09765625,-0.42724609375,-0.01220703125,-1.123046875,0.10986328125,-0.67138671875,0,-0.64697265625,-0.35400390625,-0.634765625,-0.146484375,-0.10986328125,0,-0.6591796875,-0.01220703125,-1.45263671875,-0.15869140625,-1.07421875,0.01220703125,0.537109375,-0.37841796875,0.30517578125,-0.03662109375,0,-0.0732421875,-0.01220703125,-0.1220703125,0.15869140625,-0.52490234375,-0.7568359375,0.18310546875,0.52490234375,-0.0732421875,-0.830078125,-0.08544921875,-0.98876953125
1,-0.47607421875,-0.3173828125,0.10986328125,-0.37841796875,0.13427734375,-0.45166015625,-0.28076171875,-0.1220703125,0.1953125,-0.0732421875,0.03662109375,-0.91552734375,-0.048828125,1.06201171875,0.03662109375,-0.13427734375,-0.09765625,-0.59814453125,-0.0244140625,-0.1708984375,-0.09765625,0.86669921875,-0.13427734375,-0.62255859375,-0.23193359375,0,-0.13427734375,-0.64697265625,0.01220703125,2.57568359375,-0.42724609375,0.537109375,-0.3662109375,2.57568359375,0.08544921875,0.439453125,0.08544921875,0.47607421875,-0.08544921875,0.3662109375,-0.390625,0.0244140625,0.1953125,-0.72021484375,0.15869140625,-0.40283203125,-0.08544921875,0.74462890625,-0.06103515625,7.70263671875,0.2685546875,1.84326171875,0,0.9033203125,0.244140625,1.91650390625,-0.2685546875,0.5615234375,-0.01220703125,0.35400390625,-0.72021484375,0.59814453125,-0.23193359375,0.30517578125,-0.1220703125,2.20947265625,0.0244140625,5.615234375,-0.0244140625,1.64794921875,-0.01220703125,1.59912109375,0.0732421875,0.45166015625,0.2197265625,0.8544921875,-0.25634765625,-0.03662109375,0.048828125,1.2451171875,0.15869140625,-1.025390625,-0.0244140625,-0.390625,-0.048828125,-0.98876953125,-0.0244140625,-0.830078125,-0.01220703125,-1.4892578125,0.15869140625,-0.40283203125,0.341796875,-0.439453125,-0.048828125,-1.15966796875,0.09765625,-0.68359375,0.0244140625,-0.67138671875,-0.45166015625,-0.62255859375,-0.23193359375,-0.10986328125,0,-0.67138671875,0,-1.4404296875,-0.1953125,-1.11083984375,-0.01220703125,0.537109375,-0.37841796875,0.341796875,-0.048828125,0,-0.09765625,-0.03662109375,-0.13427734375,0.1708984375,-0.48828125,-1.220703125,0.1708984375,0.32958984375,-0.0732421875,-1.0009765625,-0.08544921875,-1.30615234375
1,-0.4638671875,-0.29296875,0.13427734375,-0.37841796875,0.1220703125,-0.42724609375,-0.29296875,-0.09765625,0.1953125,-0.06103515625,0.06103515625,-0.9033203125,-0.048828125,1.07421875,-0.01220703125,-0.1220703125,-0.01220703125,-0.59814453125,-0.0732421875,-0.15869140625,-0.06103515625,0.86669921875,-0.1708984375,-0.62255859375,-0.2197265625,0.2197265625,-0.15869140625,-0.390625,0,3.64990234375,-0.4150390625,0.81787109375,-0.244140625,3.8330078125,0.10986328125,0.59814453125,0.10986328125,0.830078125,-0.10986328125,0.78125,-0.45166015625,0.08544921875,0.1220703125,-0.7080078125,0.1220703125,-0.40283203125,-0.01220703125,0.74462890625,-0.23193359375,7.48291015625,0.25634765625,1.79443359375,0.06103515625,0.87890625,0.30517578125,1.8798828125,-0.244140625,0.50048828125,0,0.341796875,-0.6591796875,0.5859375,-0.244140625,0.146484375,-0.1708984375,2.0263671875,0,5.35888671875,0.01220703125,1.5625,-0.0244140625,1.513671875,0.09765625,0.3662109375,0.13427734375,0.8544921875,-0.2685546875,-0.048828125,0.08544921875,1.2451171875,0.1953125,-1.01318359375,-0.09765625,-0.37841796875,-0.0732421875,-0.98876953125,-0.08544921875,-0.830078125,0.01220703125,-1.5380859375,0.0732421875,-0.4150390625,0.4638671875,-0.45166015625,-0.09765625,-1.20849609375,0.0244140625,-0.68359375,0.03662109375,-0.67138671875,-0.537109375,-0.6103515625,-0.28076171875,-0.1220703125,0.048828125,-0.69580078125,0.01220703125,-1.45263671875,-0.2197265625,-1.171875,-0.0244140625,0.5126953125,-0.35400390625,0.3662109375,-0.06103515625,-0.0244140625,-0.09765625,-0.06103515625,-0.146484375,0.18310546875,-0.45166015625,-1.52587890625,0.18310546875,0.18310546875,-0.048828125,-1.13525390625,-0.0732421875,-1.513671875
1,-0.42724609375,-0.29296875,0.15869140625,-0.341796875,0.10986328125,-0.4150390625,-0.28076171875,-0.08544921875,0.2197265625,-0.0732421875,0.06103515625,-0.89111328125,-0.06103515625,1.07421875,-0.01220703125,-0.1220703125,0.06103515625,-0.59814453125,-0.08544921875,-0.1708984375,-0.03662109375,0.87890625,-0.20751953125,-0.6103515625,-0.146484375,0.4638671875,-0.1220703125,-0.13427734375,0.0244140625,4.72412109375,-0.40283203125,1.07421875,-0.29296875,5.0537109375,0.13427734375,0.84228515625,0.10986328125,1.1474609375,-0.146484375,1.18408203125,-0.4638671875,0.10986328125,0.048828125,-0.68359375,0.06103515625,-0.40283203125,0.10986328125,0.74462890625,-0.35400390625,7.09228515625,0.244140625,1.69677734375,0.08544921875,0.79345703125,0.32958984375,1.81884765625,-0.25634765625,0.47607421875,0.01220703125,0.3662109375,-0.59814453125,0.59814453125,-0.244140625,0.03662109375,-0.08544921875,1.91650390625,0.01220703125,5.16357421875,0.0732421875,1.46484375,-0.03662109375,1.416015625,0.10986328125,0.29296875,0.09765625,0.86669921875,-0.20751953125,-0.048828125,0.06103515625,1.25732421875,0.15869140625,-1.025390625,-0.1708984375,-0.37841796875,-0.06103515625,-0.96435546875,-0.03662109375,-0.8544921875,0.06103515625,-1.5625,-0.0244140625,-0.45166015625,0.62255859375,-0.439453125,-0.0732421875,-1.26953125,-0.06103515625,-0.68359375,0.01220703125,-0.68359375,-0.5615234375,-0.59814453125,-0.32958984375,-0.10986328125,0.09765625,-0.72021484375,0.03662109375,-1.4892578125,-0.20751953125,-1.2451171875,0,0.48828125,-0.32958984375,0.390625,-0.048828125,-0.0244140625,-0.08544921875,-0.09765625,-0.146484375,0.15869140625,-0.45166015625,-1.67236328125,0.2197265625,0.10986328125,-0.0732421875,-1.171875,-0.0732421875,-1.5869140625
1,-0.439453125,-0.30517578125,0.15869140625,-0.32958984375,0.1220703125,-0.42724609375,-0.2685546875,-0.0732421875,0.25634765625,-0.09765625,0.06103515625,-0.9033203125,-0.06103515625,1.07421875,-0.03662109375,-0.13427734375,0.10986328125,-0.5859375,-0.10986328125,-0.146484375,-0.08544921875,0.86669921875,-0.20751953125,-0.5859375,-0.10986328125,0.67138671875,-0.0732421875,0.06103515625,-0.08544921875,5.712890625,-0.4150390625,1.30615234375,-0.32958984375,6.1279296875,0.244140625,1.0498046875,0.1220703125,1.4404296875,-0.13427734375,1.5380859375,-0.4638671875,0.09765625,0.01220703125,-0.69580078125,-0.03662109375,-0.3662109375,0.1953125,0.732421875,-0.40283203125,6.62841796875,0.1953125,1.57470703125,0.13427734375,0.7080078125,0.341796875,1.708984375,-0.2685546875,0.47607421875,-0.0244140625,0.37841796875,-0.54931640625,0.59814453125,-0.29296875,-0.06103515625,-0.01220703125,1.81884765625,0.0732421875,4.98046875,0.09765625,1.40380859375,-0.08544921875,1.35498046875,0.10986328125,0.18310546875,0.09765625,0.86669921875,-0.10986328125,-0.06103515625,0.0244140625,1.26953125,0.15869140625,-1.025390625,-0.23193359375,-0.37841796875,-0.08544921875,-0.96435546875,-0.0244140625,-0.84228515625,0.09765625,-1.57470703125,-0.10986328125,-0.45166015625,0.7080078125,-0.35400390625,-0.08544921875,-1.318359375,-0.146484375,-0.67138671875,0,-0.69580078125,-0.5615234375,-0.59814453125,-0.30517578125,-0.08544921875,0.10986328125,-0.74462890625,0.03662109375,-1.52587890625,-0.2197265625,-1.318359375,0.048828125,0.439453125,-0.3173828125,0.37841796875,-0.048828125,-0.01220703125,-0.0732421875,-0.09765625,-0.146484375,0.146484375,-0.4150390625,-1.64794921875,0.20751953125,0.1220703125,-0.09765625,-1.123046875,-0.08544921875,-1.57470703125
1,-0.40283203125,-0.29296875,0.1708984375,-0.35400390625,0.20751953125,-0.42724609375,-0.23193359375,-0.09765625,0.28076171875,-0.13427734375,0.06103515625,-0.9033203125,-0.10986328125,1.06201171875,-0.03662109375,-0.15869140625,0.1708984375,-0.5615234375,-0.09765625,-0.13427734375,-0.146484375,0.89111328125,-0.1953125,-0.59814453125,-0.06103515625,0.84228515625,-0.03662109375,0.23193359375,-0.1220703125,6.48193359375,-0.40283203125,1.46484375,-0.390625,7.03125,0.341796875,1.2451171875,0.1220703125,1.6357421875,-0.09765625,1.81884765625,-0.4150390625,0.048828125,-0.03662109375,-0.67138671875,-0.0244140625,-0.3662109375,0.2197265625,0.68359375,-0.42724609375,6.15234375,0.1220703125,1.46484375,0.1708984375,0.5859375,0.390625,1.59912109375,-0.28076171875,0.48828125,-0.06103515625,0.390625,-0.48828125,0.64697265625,-0.32958984375,-0.15869140625,0.06103515625,1.7578125,0.03662109375,4.82177734375,0.08544921875,1.318359375,-0.13427734375,1.30615234375,0.1708984375,0.10986328125,0.048828125,0.91552734375,-0.08544921875,-0.08544921875,0.01220703125,1.25732421875,0.1220703125,-1.0498046875,-0.25634765625,-0.35400390625,-0.0732421875,-0.9765625,0.0244140625,-0.830078125,0.18310546875,-1.55029296875,-0.15869140625,-0.45166015625,0.74462890625,-0.1708984375,-0.03662109375,-1.2939453125,-0.2197265625,-0.68359375,-0.0244140625,-0.69580078125,-0.5615234375,-0.59814453125,-0.2197265625,-0.06103515625,0.146484375,-0.78125,0.06103515625,-1.5869140625,-0.15869140625,-1.37939453125,0.08544921875,0.40283203125,-0.32958984375,0.341796875,-0.048828125,-0.01220703125,-0.08544921875,-0.08544921875,-0.146484375,0.146484375,-0.4150390625,-1.45263671875,0.2197265625,0.20751953125,-0.08544921875,-0.98876953125,-0.0732421875,-1.40380859375
1,-0.390625,-0.3173828125,0.18310546875,-0.37841796875,0.20751953125,-0.45166015625,-0.23193359375,-0.08544921875,0.3173828125,-0.13427734375,0.048828125,-0.9033203125,-0.10986328125,1.0498046875,-0.048828125,-0.1708984375,0.1708984375,-0.5615234375,-0.1220703125,-0.1220703125,-0.2197265625,0.89111328125,-0.18310546875,-0.6103515625,-0.01220703125,0.9765625,0.03662109375,0.37841796875,-0.146484375,7.0068359375,-0.40283203125,1.55029296875,-0.634765625,7.62939453125,0.3662109375,1.416015625,0.0732421875,1.77001953125,-0.1220703125,2.001953125,-0.42724609375,0,-0.0732421875,-0.7080078125,-0.0244140625,-0.37841796875,0.20751953125,0.6591796875,-0.390625,5.72509765625,0.0732421875,1.3671875,0.1708984375,0.4638671875,0.42724609375,1.513671875,-0.23193359375,0.52490234375,-0.10986328125,0.390625,-0.42724609375,0.6103515625,-0.32958984375,-0.25634765625,0.0732421875,1.7333984375,-0.10986328125,4.6630859375,0.09765625,1.28173828125,-0.18310546875,1.26953125,0.146484375,0.0732421875,0.03662109375,0.96435546875,-0.06103515625,-0.06103515625,-0.0244140625,1.28173828125,0.048828125,-1.03759765625,-0.28076171875,-0.341796875,-0.06103515625,-1.01318359375,0.10986328125,-0.8544921875,0.2197265625,-1.47705078125,-0.20751953125,-0.37841796875,0.6591796875,0.13427734375,-0.03662109375,-1.23291015625,-0.23193359375,-0.69580078125,-0.0244140625,-0.69580078125,-0.5615234375,-0.59814453125,-0.1220703125,-0.06103515625,0.18310546875,-0.8056640625,0.06103515625,-1.62353515625,-0.06103515625,-1.3916015625,0.09765625,0.35400390625,-0.3173828125,0.3173828125,-0.06103515625,-0.01220703125,-0.08544921875,-0.06103515625,-0.1220703125,0.146484375,-0.37841796875,-1.13525390625,0.1953125,0.3662109375,-0.1220703125,-0.830078125,-0.09765625,-1.15966796875
1,-0.3662109375,-0.341796875,0.1708984375,-0.4150390625,0.20751953125,-0.47607421875,-0.2197265625,-0.08544921875,0.341796875,-0.10986328125,0.0732421875,-0.93994140625,-0.13427734375,1.06201171875,-0.0244140625,-0.18310546875,0.146484375,-0.5615234375,-0.10986328125,-0.1220703125,-0.29296875,0.89111328125,-0.13427734375,-0.59814453125,0.0244140625,1.01318359375,0.08544921875,0.4150390625,-0.1220703125,7.26318359375,-0.37841796875,1.5625,-0.59814453125,7.9345703125,0.30517578125,1.50146484375,0.03662109375,1.84326171875,-0.13427734375,2.0751953125,-0.4638671875,-0.09765625,-0.08544921875,-0.7080078125,0.01220703125,-0.3662109375,0.15869140625,0.6103515625,-0.29296875,5.35888671875,-0.0244140625,1.28173828125,0.1708984375,0.37841796875,0.47607421875,1.45263671875,-0.20751953125,0.54931640625,-0.13427734375,0.37841796875,-0.42724609375,0.62255859375,-0.30517578125,-0.37841796875,0.048828125,1.72119140625,-0.18310546875,4.50439453125,0.06103515625,1.23291015625,-0.2197265625,1.20849609375,0.1220703125,0.03662109375,-0.01220703125,0.9765625,-0.03662109375,-0.0732421875,-0.06103515625,1.2451171875,0.01220703125,-1.03759765625,-0.28076171875,-0.37841796875,-0.0244140625,-1.025390625,0.146484375,-0.8544921875,0.23193359375,-1.35498046875,-0.20751953125,-0.2685546875,0.69580078125,0.57373046875,-0.0244140625,-1.08642578125,-0.23193359375,-0.69580078125,-0.048828125,-0.7080078125,-0.5615234375,-0.6103515625,0.01220703125,-0.048828125,0.23193359375,-0.81787109375,0.13427734375,-1.66015625,0.08544921875,-1.416015625,0.10986328125,0.3173828125,-0.3173828125,0.29296875,-0.048828125,-0.01220703125,-0.0732421875,-0.0244140625,-0.1220703125,0.146484375,-0.341796875,-0.74462890625,0.20751953125,0.54931640625,-0.13427734375,-0.62255859375,-0.10986328125,-0.9033203125
1,-0.32958984375,-0.35400390625,0.1953125,-0.439453125,0.15869140625,-0.5126953125,-0.2197265625,-0.08544921875,0.32958984375,-0.10986328125,0.0732421875,-0.93994140625,-0.13427734375,1.03759765625,-0.03662109375,-0.18310546875,0.0732421875,-0.5615234375,-0.09765625,-0.146484375,-0.3173828125,0.89111328125,-0.1220703125,-0.6103515625,0.048828125,0.98876953125,0.13427734375,0.40283203125,-0.08544921875,7.23876953125,-0.32958984375,1.5380859375,-0.59814453125,7.9345703125,0.244140625,1.50146484375,0.01220703125,1.806640625,-0.13427734375,2.06298828125,-0.50048828125,-0.15869140625,-0.1220703125,-0.72021484375,0.06103515625,-0.35400390625,0.146484375,0.59814453125,-0.2685546875,5.17578125,-0.09765625,1.25732421875,0.08544921875,0.3173828125,0.52490234375,1.42822265625,-0.1220703125,0.54931640625,-0.18310546875,0.35400390625,-0.3662109375,0.59814453125,-0.13427734375,-0.48828125,0.0732421875,1.67236328125,-0.25634765625,4.30908203125,0.01220703125,1.18408203125,-0.244140625,1.171875,0.08544921875,0.0732421875,-0.0244140625,0.96435546875,-0.01220703125,-0.0732421875,-0.0732421875,1.25732421875,-0.01220703125,-1.0498046875,-0.25634765625,-0.40283203125,0.01220703125,-1.06201171875,0.146484375,-0.87890625,0.25634765625,-1.1474609375,-0.13427734375,-0.09765625,0.5859375,1.15966796875,-0.01220703125,-0.830078125,-0.1953125,-0.72021484375,-0.06103515625,-0.69580078125,-0.57373046875,-0.6103515625,0.13427734375,-0.06103515625,0.28076171875,-0.830078125,0.18310546875,-1.67236328125,0.10986328125,-1.3916015625,0.13427734375,0.30517578125,-0.29296875,0.28076171875,-0.06103515625,0,-0.0732421875,-0.01220703125,-0.09765625,0.13427734375,-0.2685546875,-0.3662109375,0.18310546875,0.732421875,-0.1220703125,-0.45166015625,-0.1220703125,-0.62255859375
1,-0.341796875,-0.3662109375,0.18310546875,-0.42724609375,0.146484375,-0.50048828125,-0.20751953125,-0.08544921875,0.341796875,-0.10986328125,0.048828125,-0.93994140625,-0.13427734375,1.03759765625,-0.0244140625,-0.18310546875,0,-0.57373046875,-0.10986328125,-0.15869140625,-0.29296875,0.89111328125,-0.06103515625,-0.62255859375,0.06103515625,0.93994140625,0.146484375,0.32958984375,-0.0732421875,6.9580078125,-0.1953125,1.4404296875,-0.5126953125,7.666015625,0.2197265625,1.42822265625,-0.0244140625,1.69677734375,-0.09765625,1.953125,-0.50048828125,-0.244140625,-0.1220703125,-0.7080078125,0.09765625,-0.3662109375,0.08544921875,0.57373046875,-0.15869140625,5.1025390625,-0.1708984375,1.2451171875,-0.0244140625,0.30517578125,0.50048828125,1.416015625,-0.146484375,0.537109375,-0.2197265625,0.3173828125,-0.32958984375,0.5859375,-0.06103515625,-0.54931640625,0.13427734375,1.62353515625,-0.30517578125,4.11376953125,-0.048828125,1.1474609375,-0.29296875,1.13525390625,0.0244140625,0.10986328125,-0.03662109375,1.0009765625,0,-0.03662109375,-0.06103515625,1.28173828125,0.01220703125,-1.025390625,-0.1953125,-0.37841796875,0.06103515625,-1.06201171875,0.1220703125,-0.8544921875,0.1708984375,-0.89111328125,-0.0732421875,0.13427734375,0.45166015625,1.86767578125,-0.0732421875,-0.50048828125,-0.146484375,-0.7080078125,-0.0732421875,-0.67138671875,-0.5615234375,-0.634765625,0.20751953125,-0.06103515625,0.2685546875,-0.8056640625,0.25634765625,-1.67236328125,0.1953125,-1.37939453125,0.13427734375,0.29296875,-0.25634765625,0.2685546875,-0.06103515625,-0.01220703125,-0.0732421875,0.01220703125,-0.09765625,0.146484375,-0.2685546875,-0.0732421875,0.18310546875,0.9033203125,-0.10986328125,-0.32958984375,-0.09765625,-0.4150390625
1,-0.32958984375,-0.4150390625,0.18310546875,-0.4150390625,0.18310546875,-0.48828125,-0.20751953125,-0.03662109375,0.341796875,-0.08544921875,0.08544921875,-0.93994140625,-0.146484375,1.03759765625,-0.0244140625,-0.15869140625,-0.06103515625,-0.5615234375,-0.1220703125,-0.146484375,-0.244140625,0.87890625,-0.0732421875,-0.62255859375,0.0732421875,0.8544921875,0.1220703125,0.1953125,-0.08544921875,6.45751953125,-0.13427734375,1.2939453125,-0.3662109375,7.18994140625,0.2685546875,1.26953125,-0.01220703125,1.5380859375,-0.048828125,1.7578125,-0.5615234375,-0.29296875,-0.13427734375,-0.72021484375,0.13427734375,-0.37841796875,0,0.5859375,-0.146484375,5.13916015625,-0.1708984375,1.26953125,-0.08544921875,0.30517578125,0.439453125,1.42822265625,-0.08544921875,0.5126953125,-0.23193359375,0.3173828125,-0.244140625,0.54931640625,0.0244140625,-0.57373046875,0.23193359375,1.5380859375,-0.23193359375,3.86962890625,-0.13427734375,1.07421875,-0.3173828125,1.06201171875,-0.0244140625,0.146484375,-0.048828125,1.0009765625,0,-0.06103515625,0,1.28173828125,0.0244140625,-1.03759765625,-0.10986328125,-0.4150390625,0.09765625,-1.06201171875,0.048828125,-0.86669921875,0.09765625,-0.62255859375,-0.01220703125,0.390625,0.341796875,2.64892578125,-0.03662109375,-0.146484375,-0.08544921875,-0.68359375,-0.0732421875,-0.6591796875,-0.5615234375,-0.64697265625,0.25634765625,-0.06103515625,0.20751953125,-0.8056640625,0.25634765625,-1.66015625,0.20751953125,-1.3427734375,0.10986328125,0.3173828125,-0.23193359375,0.2685546875,-0.06103515625,-0.0244140625,-0.0732421875,0.01220703125,-0.08544921875,0.1220703125,-0.20751953125,0.0732421875,0.25634765625,0.96435546875,-0.0732421875,-0.29296875,-0.0732421875,-0.30517578125
1,-0.35400390625,-0.4150390625,0.20751953125,-0.40283203125,0.20751953125,-0.50048828125,-0.20751953125,-0.03662109375,0.3662109375,-0.06103515625,0.06103515625,-0.927734375,-0.146484375,1.0498046875,0,-0.15869140625,-0.09765625,-0.5615234375,-0.15869140625,-0.15869140625,-0.1953125,0.86669921875,-0.0732421875,-0.6103515625,0.0732421875,0.72021484375,0.09765625,0.0244140625,-0.1708984375,5.8349609375,-0.09765625,1.13525390625,-0.341796875,6.57958984375,0.2685546875,1.06201171875,-0.03662109375,1.37939453125,-0.01220703125,1.5380859375,-0.59814453125,-0.32958984375,-0.146484375,-0.72021484375,0.15869140625,-0.390625,-0.0244140625,0.6103515625,-0.1220703125,5.2734375,-0.13427734375,1.318359375,-0.15869140625,0.341796875,0.3662109375,1.45263671875,0,0.48828125,-0.2197265625,0.29296875,-0.1220703125,0.5126953125,0.1220703125,-0.5615234375,0.341796875,1.3916015625,-0.244140625,3.62548828125,-0.2197265625,1.0009765625,-0.35400390625,0.9765625,-0.08544921875,0.18310546875,-0.06103515625,0.9765625,-0.0244140625,-0.048828125,0.0732421875,1.26953125,-0.0244140625,-1.0498046875,-0.01220703125,-0.4150390625,0.08544921875,-1.06201171875,-0.01220703125,-0.86669921875,0,-0.30517578125,0.01220703125,0.69580078125,0.1953125,3.4423828125,-0.01220703125,0.2197265625,0,-0.7080078125,-0.048828125,-0.64697265625,-0.59814453125,-0.634765625,0.30517578125,-0.08544921875,0.146484375,-0.79345703125,0.28076171875,-1.6357421875,0.2197265625,-1.33056640625,0.10986328125,0.30517578125,-0.20751953125,0.29296875,-0.0732421875,-0.01220703125,-0.0732421875,0.048828125,-0.0732421875,0.13427734375,-0.29296875,0.0732421875,0.18310546875,1.0009765625,-0.1220703125,-0.30517578125,-0.15869140625,-0.30517578125
1,-0.3662109375,-0.40283203125,0.18310546875,-0.37841796875,0.23193359375,-0.47607421875,-0.244140625,-0.048828125,0.37841796875,-0.048828125,0.06103515625,-0.89111328125,-0.15869140625,1.06201171875,0,-0.146484375,-0.13427734375,-0.5615234375,-0.18310546875,-0.1708984375,-0.13427734375,0.84228515625,-0.09765625,-0.62255859375,0.048828125,0.537109375,0.0732421875,-0.1708984375,-0.2197265625,5.1025390625,-0.0244140625,0.93994140625,-0.28076171875,5.859375,0.1953125,0.81787109375,-0.08544921875,1.171875,0.0244140625,1.30615234375,-0.6103515625,-0.341796875,-0.1708984375,-0.7080078125,0.146484375,-0.390625,-0.0244140625,0.62255859375,-0.146484375,5.3466796875,-0.0732421875,1.33056640625,-0.20751953125,0.35400390625,0.244140625,1.4404296875,-0.03662109375,0.47607421875,-0.20751953125,0.29296875,-0.0732421875,0.4638671875,0.13427734375,-0.4638671875,0.30517578125,1.220703125,-0.1708984375,3.30810546875,-0.28076171875,0.91552734375,-0.32958984375,0.9033203125,-0.09765625,0.244140625,-0.0732421875,0.96435546875,-0.08544921875,-0.048828125,0.18310546875,1.26953125,0.01220703125,-1.01318359375,0.0732421875,-0.4150390625,0.0244140625,-1.03759765625,-0.08544921875,-0.86669921875,-0.048828125,-0.0244140625,0.0244140625,0.93994140625,-0.0244140625,4.18701171875,-0.03662109375,0.54931640625,0.0732421875,-0.7080078125,-0.09765625,-0.634765625,-0.64697265625,-0.634765625,0.29296875,-0.09765625,0.06103515625,-0.79345703125,0.29296875,-1.62353515625,0.2197265625,-1.318359375,0.10986328125,0.32958984375,-0.1953125,0.29296875,-0.09765625,-0.03662109375,-0.08544921875,0.0244140625,-0.0732421875,0.146484375,-0.29296875,-0.03662109375,0.1953125,0.9521484375,-0.09765625,-0.3662109375,-0.1708984375,-0.390625
1,-0.341796875,-0.4150390625,0.1953125,-0.37841796875,0.2197265625,-0.47607421875,-0.244140625,-0.06103515625,0.3662109375,-0.048828125,0.048828125,-0.89111328125,-0.1708984375,1.08642578125,0,-0.1708984375,-0.13427734375,-0.54931640625,-0.20751953125,-0.1708984375,-0.06103515625,0.84228515625,-0.08544921875,-0.634765625,0.048828125,0.37841796875,0.06103515625,-0.3662109375,-0.28076171875,4.345703125,-0.0244140625,0.78125,-0.25634765625,5.126953125,0.1953125,0.52490234375,-0.15869140625,0.93994140625,0,1.0498046875,-0.67138671875,-0.3662109375,-0.244140625,-0.69580078125,0.10986328125,-0.37841796875,-0.01220703125,0.62255859375,-0.1953125,5.322265625,0,1.33056640625,-0.20751953125,0.3662109375,0.1220703125,1.4404296875,-0.0244140625,0.45166015625,-0.15869140625,0.32958984375,0,0.45166015625,0.20751953125,-0.35400390625,0.2197265625,1.03759765625,-0.2685546875,2.978515625,-0.29296875,0.81787109375,-0.341796875,0.78125,-0.08544921875,0.30517578125,-0.10986328125,0.93994140625,-0.1708984375,-0.03662109375,0.2685546875,1.26953125,-0.048828125,-1.0009765625,0.146484375,-0.390625,-0.06103515625,-1.03759765625,-0.1220703125,-0.8544921875,-0.08544921875,0.1953125,-0.0244140625,1.13525390625,-0.13427734375,4.82177734375,-0.03662109375,0.84228515625,0.146484375,-0.67138671875,-0.146484375,-0.62255859375,-0.732421875,-0.634765625,0.28076171875,-0.1220703125,-0.048828125,-0.81787109375,0.20751953125,-1.57470703125,0.1708984375,-1.2939453125,0.048828125,0.341796875,-0.18310546875,0.30517578125,-0.08544921875,-0.0244140625,-0.08544921875,0.03662109375,-0.03662109375,0.146484375,-0.244140625,-0.23193359375,0.2685546875,0.86669921875,-0.06103515625,-0.42724609375,-0.146484375,-0.5126953125
0,-0.32958984375,-0.42724609375,0.23193359375,-0.3662109375,0.146484375,-0.4638671875,-0.244140625,-0.08544921875,0.35400390625,-0.048828125,0.048828125,-0.87890625,-0.1953125,1.08642578125,0,-0.1708984375,-0.13427734375,-0.5615234375,-0.20751953125,-0.146484375,0,0.87890625,-0.03662109375,-0.62255859375,0.01220703125,0.1708984375,0.06103515625,-0.5615234375,-0.2685546875,3.5888671875,0.01220703125,0.6103515625,-0.25634765625,4.39453125,0.15869140625,0.2685546875,-0.20751953125,0.7568359375,-0.01220703125,0.830078125,-0.69580078125,-0.30517578125,-0.30517578125,-0.69580078125,-0.01220703125,-0.40283203125,0.0732421875,0.6591796875,-0.0732421875,5.1513671875,0.06103515625,1.28173828125,-0.2685546875,0.32958984375,0,1.416015625,-0.08544921875,0.48828125,-0.10986328125,0.35400390625,0.03662109375,0.40283203125,0.23193359375,-0.20751953125,0.18310546875,0.84228515625,-0.2197265625,2.63671875,-0.29296875,0.7080078125,-0.35400390625,0.69580078125,-0.09765625,0.32958984375,-0.10986328125,0.91552734375,-0.1708984375,-0.048828125,0.30517578125,1.26953125,-0.03662109375,-0.98876953125,0.20751953125,-0.3662109375,-0.18310546875,-1.01318359375,-0.13427734375,-0.84228515625,-0.1220703125,0.341796875,-0.08544921875,1.26953125,-0.25634765625,5.2978515625,-0.0732421875,1.025390625,0.146484375,-0.67138671875,-0.1220703125,-0.64697265625,-0.84228515625,-0.62255859375,0.2197265625,-0.10986328125,-0.0732421875,-0.81787109375,0.13427734375,-1.5625,0.13427734375,-1.2939453125,0.0244140625,0.341796875,-0.15869140625,0.30517578125,-0.08544921875,-0.0244140625,-0.06103515625,0.01220703125,-0.0244140625,0.146484375,-0.29296875,-0.4638671875,0.20751953125,0.76904296875,-0.08544921875,-0.537109375,-0.1953125,-0.6591796875
0,-0.29296875,-0.4150390625,0.20751953125,-0.37841796875,0.1220703125,-0.47607421875,-0.23193359375,-0.08544921875,0.35400390625,-0.06103515625,0.048828125,-0.87890625,-0.18310546875,1.08642578125,0.01220703125,-0.18310546875,-0.10986328125,-0.54931640625,-0.18310546875,-0.13427734375,0.03662109375,0.87890625,0.0244140625,-0.6103515625,-0.03662109375,0.01220703125,0.06103515625,-0.732421875,-0.23193359375,2.89306640625,-0.0732421875,0.47607421875,-0.2197265625,3.7353515625,0.13427734375,0.06103515625,-0.2685546875,0.5615234375,-0.03662109375,0.634765625,-0.67138671875,-0.2685546875,-0.32958984375,-0.69580078125,-0.1220703125,-0.40283203125,0.20751953125,0.67138671875,-0.15869140625,4.78515625,0.13427734375,1.1962890625,-0.2685546875,0.28076171875,-0.10986328125,1.33056640625,-0.1708984375,0.537109375,-0.08544921875,0.40283203125,0.01220703125,0.40283203125,0.20751953125,-0.06103515625,0.2197265625,0.67138671875,-0.18310546875,2.3193359375,-0.244140625,0.5859375,-0.341796875,0.5859375,-0.09765625,0.3173828125,-0.09765625,0.87890625,-0.1220703125,-0.048828125,0.32958984375,1.28173828125,0,-0.9765625,0.2197265625,-0.37841796875,-0.3173828125,-1.025390625,-0.13427734375,-0.84228515625,-0.1220703125,0.37841796875,-0.146484375,1.30615234375,-0.20751953125,5.517578125,-0.048828125,1.08642578125,0.146484375,-0.6591796875,-0.13427734375,-0.6591796875,-0.927734375,-0.6103515625,0.146484375,-0.10986328125,-0.08544921875,-0.84228515625,0.06103515625,-1.57470703125,0.09765625,-1.2939453125,0.01220703125,0.32958984375,-0.146484375,0.30517578125,-0.08544921875,-0.0244140625,-0.08544921875,0,-0.0244140625,0.15869140625,-0.29296875,-0.67138671875,0.1953125,0.7080078125,-0.048828125,-0.5859375,-0.15869140625,-0.78125
0,-0.32958984375,-0.4150390625,0.1953125,-0.3662109375,0.08544921875,-0.4638671875,-0.23193359375,-0.09765625,0.35400390625,-0.0732421875,0.01220703125,-0.89111328125,-0.1708984375,1.08642578125,0.01220703125,-0.18310546875,-0.09765625,-0.57373046875,-0.15869140625,-0.10986328125,0.03662109375,0.89111328125,0.08544921875,-0.6103515625,-0.048828125,-0.146484375,0.048828125,-0.87890625,-0.15869140625,2.23388671875,-0.10986328125,0.32958984375,-0.29296875,3.13720703125,0.1220703125,-0.09765625,-0.30517578125,0.40283203125,-0.01220703125,0.42724609375,-0.7080078125,-0.2197265625,-0.32958984375,-0.67138671875,-0.244140625,-0.4150390625,0.23193359375,0.6591796875,-0.09765625,4.248046875,0.18310546875,1.08642578125,-0.23193359375,0.1953125,-0.23193359375,1.2451171875,-0.146484375,0.57373046875,-0.06103515625,0.4638671875,0.146484375,0.42724609375,0.23193359375,0.0244140625,0.244140625,0.5126953125,-0.18310546875,1.98974609375,-0.1953125,0.48828125,-0.390625,0.47607421875,-0.06103515625,0.3173828125,-0.0732421875,0.9033203125,-0.03662109375,-0.048828125,0.32958984375,1.26953125,0,-0.98876953125,0.1953125,-0.3662109375,-0.45166015625,-1.03759765625,-0.09765625,-0.84228515625,-0.08544921875,0.341796875,-0.20751953125,1.26953125,-0.146484375,5.50537109375,-0.0732421875,1.03759765625,0.13427734375,-0.67138671875,-0.10986328125,-0.67138671875,-0.927734375,-0.62255859375,0.0732421875,-0.10986328125,-0.06103515625,-0.8544921875,-0.0244140625,-1.55029296875,0.03662109375,-1.28173828125,0.01220703125,0.32958984375,-0.13427734375,0.32958984375,-0.06103515625,-0.03662109375,-0.0732421875,-0.0244140625,-0.048828125,0.1708984375,-0.2685546875,-0.78125,0.23193359375,0.69580078125,-0.0732421875,-0.5859375,-0.15869140625,-0.78125
0,-0.341796875,-0.40283203125,0.18310546875,-0.35400390625,0.08544921875,-0.47607421875,-0.23193359375,-0.08544921875,0.37841796875,-0.08544921875,0,-0.89111328125,-0.146484375,1.06201171875,0.03662109375,-0.1708984375,-0.09765625,-0.5859375,-0.10986328125,-0.09765625,0.06103515625,0.89111328125,0.146484375,-0.59814453125,-0.01220703125,-0.2685546875,0.0244140625,-1.0009765625,-0.09765625,1.67236328125,-0.1220703125,0.18310546875,-0.37841796875,2.60009765625,0.1220703125,-0.20751953125,-0.3173828125,0.25634765625,-0.01220703125,0.23193359375,-0.67138671875,-0.1708984375,-0.28076171875,-0.68359375,-0.2685546875,-0.42724609375,0.30517578125,0.64697265625,-0.048828125,3.52783203125,0.23193359375,0.9033203125,-0.18310546875,0.09765625,-0.32958984375,1.0986328125,-0.15869140625,0.67138671875,-0.0244140625,0.52490234375,0.23193359375,0.4638671875,0.30517578125,0.09765625,0.244140625,0.40283203125,-0.146484375,1.77001953125,-0.10986328125,0.390625,-0.42724609375,0.390625,-0.03662109375,0.3173828125,-0.0244140625,0.927734375,0.048828125,-0.03662109375,0.3173828125,1.25732421875,0.0244140625,-0.98876953125,0.146484375,-0.35400390625,-0.537109375,-1.025390625,-0.06103515625,-0.81787109375,-0.048828125,0.244140625,-0.244140625,1.171875,-0.18310546875,5.31005859375,-0.10986328125,0.91552734375,0.0244140625,-0.6591796875,-0.06103515625,-0.68359375,-0.87890625,-0.59814453125,-0.01220703125,-0.09765625,-0.0244140625,-0.84228515625,-0.09765625,-1.5625,-0.03662109375,-1.25732421875,0.03662109375,0.341796875,-0.15869140625,0.341796875,-0.0732421875,-0.01220703125,-0.06103515625,0,-0.0732421875,0.15869140625,-0.2685546875,-0.732421875,0.18310546875,0.7568359375,-0.06103515625,-0.50048828125,-0.146484375,-0.67138671875
0,-0.30517578125,-0.40283203125,0.1953125,-0.3662109375,0.08544921875,-0.47607421875,-0.23193359375,-0.09765625,0.4150390625,-0.10986328125,-0.01220703125,-0.9033203125,-0.146484375,1.06201171875,0.0244140625,-0.1708984375,-0.06103515625,-0.5859375,-0.048828125,-0.10986328125,0.0244140625,0.87890625,0.20751953125,-0.5859375,0.0244140625,-0.35400390625,0.03662109375,-1.0986328125,-0.06103515625,1.20849609375,-0.1708984375,0.06103515625,-0.390625,2.1240234375,0.146484375,-0.28076171875,-0.341796875,0.10986328125,-0.06103515625,0.048828125,-0.67138671875,-0.1708984375,-0.23193359375,-0.69580078125,-0.32958984375,-0.4150390625,0.3173828125,0.634765625,0.0244140625,2.734375,0.2197265625,0.7568359375,-0.15869140625,-0.048828125,-0.42724609375,0.96435546875,-0.1708984375,0.7568359375,-0.06103515625,0.57373046875,0.25634765625,0.50048828125,0.29296875,0.1220703125,0.146484375,0.37841796875,-0.1220703125,1.66015625,-0.06103515625,0.35400390625,-0.439453125,0.341796875,-0.0244140625,0.3173828125,0.048828125,0.927734375,0.08544921875,-0.03662109375,0.28076171875,1.28173828125,0.0244140625,-0.98876953125,0.09765625,-0.341796875,-0.50048828125,-1.025390625,0.01220703125,-0.830078125,0.03662109375,0.0732421875,-0.28076171875,0.98876953125,-0.10986328125,4.94384765625,-0.1708984375,0.7080078125,-0.06103515625,-0.634765625,0.0244140625,-0.69580078125,-0.84228515625,-0.57373046875,-0.048828125,-0.09765625,0.0244140625,-0.84228515625,-0.15869140625,-1.5625,-0.09765625,-1.2451171875,0.0732421875,0.32958984375,-0.15869140625,0.3173828125,-0.0732421875,-0.0244140625,-0.0732421875,-0.01220703125,-0.0732421875,0.146484375,-0.2197265625,-0.537109375,0.20751953125,0.87890625,-0.03662109375,-0.390625,-0.13427734375,-0.4638671875
0,-0.341796875,-0.4150390625,0.18310546875,-0.3662109375,0.09765625,-0.47607421875,-0.23193359375,-0.0732421875,0.4150390625,-0.10986328125,-0.03662109375,-0.87890625,-0.146484375,1.06201171875,0.0244140625,-0.15869140625,-0.03662109375,-0.59814453125,-0.01220703125,-0.08544921875,0,0.86669921875,0.25634765625,-0.5859375,0.06103515625,-0.42724609375,0.048828125,-1.1474609375,-0.048828125,0.84228515625,-0.15869140625,-0.0244140625,-0.4150390625,1.6357421875,0.146484375,-0.3662109375,-0.37841796875,0,-0.06103515625,-0.13427734375,-0.64697265625,-0.13427734375,-0.146484375,-0.69580078125,-0.37841796875,-0.42724609375,0.3662109375,0.5859375,0.146484375,2.001953125,0.1953125,0.5859375,-0.06103515625,-0.146484375,-0.52490234375,0.830078125,-0.1220703125,0.8544921875,-0.08544921875,0.59814453125,0.25634765625,0.5615234375,0.28076171875,0.1220703125,0.048828125,0.45166015625,-0.2685546875,1.66015625,-0.03662109375,0.3662109375,-0.45166015625,0.35400390625,-0.0732421875,0.29296875,0.09765625,0.9521484375,0.09765625,-0.0244140625,0.244140625,1.26953125,0.0244140625,-1.01318359375,0.03662109375,-0.35400390625,-0.42724609375,-1.025390625,0.09765625,-0.8544921875,0.09765625,-0.10986328125,-0.29296875,0.8056640625,-0.06103515625,4.4921875,-0.18310546875,0.50048828125,-0.146484375,-0.64697265625,0.08544921875,-0.69580078125,-0.7568359375,-0.57373046875,-0.06103515625,-0.0732421875,0.03662109375,-0.8056640625,-0.146484375,-1.5625,-0.06103515625,-1.1962890625,0.10986328125,0.3662109375,-0.1708984375,0.32958984375,-0.08544921875,-0.06103515625,-0.06103515625,-0.0244140625,-0.08544921875,0.146484375,-0.1953125,-0.2685546875,0.2197265625,1.0498046875,-0.048828125,-0.2197265625,-0.146484375,-0.1953125
0,-0.30517578125,-0.40283203125,0.2197265625,-0.40283203125,0.06103515625,-0.4638671875,-0.23193359375,-0.08544921875,0.45166015625,-0.1220703125,-0.01220703125,-0.9033203125,-0.146484375,1.0498046875,0,-0.1708984375,-0.0244140625,-0.62255859375,0.0244140625,-0.10986328125,-0.03662109375,0.86669921875,0.20751953125,-0.59814453125,0.1708984375,-0.47607421875,0.06103515625,-1.15966796875,-0.06103515625,0.54931640625,-0.15869140625,-0.10986328125,-0.3173828125,1.1474609375,0.1220703125,-0.47607421875,-0.3662109375,-0.13427734375,-0.0732421875,-0.341796875,-0.69580078125,-0.1708984375,-0.10986328125,-0.69580078125,-0.3662109375,-0.4150390625,0.40283203125,0.57373046875,0.2197265625,1.3916015625,0.18310546875,0.4638671875,0.01220703125,-0.244140625,-0.62255859375,0.72021484375,-0.10986328125,0.91552734375,-0.08544921875,0.62255859375,0.1953125,0.6103515625,0.2685546875,0.10986328125,0,0.6103515625,-0.1953125,1.8798828125,0.01220703125,0.45166015625,-0.45166015625,0.439453125,-0.10986328125,0.29296875,0.1220703125,0.9765625,0.0732421875,-0.0244140625,0.1708984375,1.26953125,0.048828125,-1.025390625,-0.01220703125,-0.3662109375,-0.3173828125,-1.0498046875,0.146484375,-0.8544921875,0.15869140625,-0.2685546875,-0.28076171875,0.634765625,-0.03662109375,4.00390625,-0.15869140625,0.3173828125,-0.1953125,-0.64697265625,0.146484375,-0.69580078125,-0.7080078125,-0.5859375,-0.03662109375,-0.06103515625,0.03662109375,-0.7568359375,-0.146484375,-1.5625,0.0244140625,-1.171875,0.1220703125,0.37841796875,-0.15869140625,0.32958984375,-0.06103515625,-0.048828125,-0.0732421875,-0.048828125,-0.09765625,0.13427734375,-0.2197265625,0.09765625,0.1708984375,1.23291015625,-0.0244140625,-0.0244140625,-0.1708984375,0.1220703125
0,-0.30517578125,-0.390625,0.2197265625,-0.439453125,0.03662109375,-0.4638671875,-0.18310546875,-0.08544921875,0.47607421875,-0.1220703125,-0.03662109375,-0.89111328125,-0.1953125,1.03759765625,-0.0244140625,-0.1953125,-0.01220703125,-0.62255859375,0.048828125,-0.1220703125,-0.09765625,0.87890625,0.146484375,-0.6103515625,0.20751953125,-0.50048828125,0.09765625,-1.171875,-0.08544921875,0.32958984375,-0.09765625,-0.15869140625,-0.18310546875,0.62255859375,0.08544921875,-0.5859375,-0.3662109375,-0.29296875,-0.08544921875,-0.5859375,-0.69580078125,-0.1953125,-0.08544921875,-0.72021484375,-0.390625,-0.40283203125,0.40283203125,0.57373046875,0.35400390625,1.0009765625,0.15869140625,0.37841796875,0.06103515625,-0.29296875,-0.68359375,0.6591796875,-0.09765625,0.96435546875,-0.1220703125,0.62255859375,0.18310546875,0.6591796875,0.1953125,0.0732421875,0.0244140625,0.8056640625,-0.146484375,2.2705078125,0.01220703125,0.59814453125,-0.37841796875,0.5615234375,-0.15869140625,0.30517578125,0.15869140625,0.96435546875,0.09765625,-0.03662109375,0.15869140625,1.28173828125,0.048828125,-1.03759765625,-0.048828125,-0.37841796875,-0.13427734375,-1.03759765625,0.2197265625,-0.8544921875,0.13427734375,-0.4150390625,-0.2685546875,0.48828125,0.01220703125,3.5888671875,-0.1220703125,0.146484375,-0.23193359375,-0.6591796875,0.18310546875,-0.68359375,-0.62255859375,-0.5859375,0.01220703125,-0.048828125,0.048828125,-0.732421875,-0.09765625,-1.57470703125,0.13427734375,-1.123046875,0.1220703125,0.4150390625,-0.146484375,0.30517578125,-0.0732421875,-0.06103515625,-0.0732421875,-0.048828125,-0.09765625,0.13427734375,-0.20751953125,0.45166015625,0.1708984375,1.42822265625,-0.0244140625,0.1708984375,-0.1708984375,0.4150390625
0,-0.30517578125,-0.3662109375,0.2197265625,-0.439453125,0.0244140625,-0.4638671875,-0.1708984375,-0.09765625,0.4638671875,-0.08544921875,-0.06103515625,-0.86669921875,-0.1953125,1.06201171875,-0.048828125,-0.18310546875,-0.01220703125,-0.6103515625,0.06103515625,-0.13427734375,-0.15869140625,0.86669921875,0.10986328125,-0.6103515625,0.23193359375,-0.48828125,0.08544921875,-1.15966796875,-0.10986328125,0.20751953125,0,-0.18310546875,-0.13427734375,0.08544921875,0.08544921875,-0.74462890625,-0.37841796875,-0.47607421875,-0.08544921875,-0.78125,-0.7080078125,-0.23193359375,-0.03662109375,-0.7080078125,-0.37841796875,-0.390625,0.42724609375,0.5615234375,0.244140625,0.91552734375,0.1220703125,0.341796875,0.10986328125,-0.30517578125,-0.72021484375,0.634765625,-0.0732421875,0.98876953125,-0.10986328125,0.62255859375,0.1708984375,0.72021484375,0.1220703125,0.048828125,0.08544921875,1.0986328125,-0.13427734375,2.83203125,0.0244140625,0.830078125,-0.29296875,0.7568359375,-0.146484375,0.341796875,0.1708984375,0.93994140625,0.06103515625,-0.03662109375,0.15869140625,1.28173828125,0.048828125,-1.025390625,-0.0732421875,-0.40283203125,0.06103515625,-1.0498046875,0.2197265625,-0.84228515625,0.10986328125,-0.47607421875,-0.25634765625,0.439453125,-0.048828125,3.2958984375,-0.09765625,0.03662109375,-0.23193359375,-0.6591796875,0.1708984375,-0.67138671875,-0.439453125,-0.59814453125,0.06103515625,-0.06103515625,0.03662109375,-0.72021484375,-0.08544921875,-1.5625,0.09765625,-1.0986328125,0.09765625,0.45166015625,-0.1708984375,0.29296875,-0.06103515625,-0.06103515625,-0.06103515625,-0.03662109375,-0.09765625,0.13427734375,-0.1953125,0.7080078125,0.1953125,1.5625,-0.01220703125,0.28076171875,-0.1953125,0.67138671875
0,-0.29296875,-0.390625,0.2197265625,-0.439453125,0.0732421875,-0.439453125,-0.13427734375,-0.0732421875,0.47607421875,-0.048828125,-0.03662109375,-0.86669921875,-0.18310546875,1.07421875,-0.03662109375,-0.15869140625,-0.0244140625,-0.59814453125,0.0244140625,-0.13427734375,-0.25634765625,0.86669921875,0.06103515625,-0.6103515625,0.244140625,-0.47607421875,0.08544921875,-1.13525390625,-0.18310546875,0.1220703125,0.09765625,-0.18310546875,-0.1220703125,-0.4638671875,0.09765625,-0.9033203125,-0.3173828125,-0.59814453125,-0.0732421875,-0.98876953125,-0.72021484375,-0.2685546875,0,-0.69580078125,-0.3662109375,-0.390625,0.37841796875,0.5615234375,0.3173828125,1.13525390625,0.10986328125,0.390625,0.13427734375,-0.2685546875,-0.7568359375,0.68359375,-0.03662109375,0.98876953125,-0.146484375,0.59814453125,0.1220703125,0.7568359375,0.048828125,0.048828125,0.13427734375,1.42822265625,-0.10986328125,3.5400390625,-0.01220703125,1.06201171875,-0.244140625,1.0009765625,-0.06103515625,0.3662109375,0.20751953125,0.9033203125,0.0244140625,-0.048828125,0.146484375,1.26953125,0.01220703125,-1.0009765625,-0.06103515625,-0.40283203125,0.244140625,-1.025390625,0.1953125,-0.84228515625,0.08544921875,-0.50048828125,-0.2197265625,0.4638671875,-0.20751953125,3.13720703125,-0.06103515625,-0.01220703125,-0.1708984375,-0.64697265625,0.15869140625,-0.64697265625,-0.341796875,-0.62255859375,0.1220703125,-0.0732421875,0.08544921875,-0.68359375,-0.0244140625,-1.5625,0.146484375,-1.08642578125,0.146484375,0.45166015625,-0.146484375,0.28076171875,-0.06103515625,-0.048828125,-0.08544921875,-0.03662109375,-0.09765625,0.146484375,-0.1708984375,0.8544921875,0.1953125,1.611328125,0,0.37841796875,-0.23193359375,0.79345703125
0,-0.3173828125,-0.4150390625,0.244140625,-0.40283203125,0.13427734375,-0.42724609375,-0.1220703125,-0.06103515625,0.48828125,-0.03662109375,-0.03662109375,-0.86669921875,-0.2197265625,1.07421875,-0.06103515625,-0.15869140625,-0.048828125,-0.59814453125,0,-0.1220703125,-0.35400390625,0.87890625,0.03662109375,-0.62255859375,0.23193359375,-0.47607421875,0.08544921875,-1.11083984375,-0.20751953125,0.09765625,0.2197265625,-0.18310546875,-0.10986328125,-0.927734375,0.03662109375,-1.08642578125,-0.2685546875,-0.732421875,-0.08544921875,-1.1474609375,-0.69580078125,-0.28076171875,0.06103515625,-0.7080078125,-0.35400390625,-0.37841796875,0.37841796875,0.5615234375,0.30517578125,1.66015625,0.09765625,0.50048828125,0.1953125,-0.146484375,-0.76904296875,0.7568359375,0.03662109375,0.9521484375,-0.1708984375,0.59814453125,0.1220703125,0.78125,-0.01220703125,0.08544921875,0.08544921875,1.77001953125,-0.08544921875,4.35791015625,-0.0732421875,1.30615234375,-0.1708984375,1.26953125,0.0244140625,0.35400390625,0.20751953125,0.830078125,-0.048828125,-0.03662109375,0.15869140625,1.2451171875,-0.01220703125,-0.9765625,-0.048828125,-0.390625,0.32958984375,-1.025390625,0.15869140625,-0.830078125,0.048828125,-0.47607421875,-0.2197265625,0.4638671875,-0.341796875,3.11279296875,-0.03662109375,0,-0.09765625,-0.64697265625,0.1220703125,-0.634765625,-0.28076171875,-0.64697265625,0.146484375,-0.08544921875,0.10986328125,-0.7080078125,0.0244140625,-1.5625,0.15869140625,-1.11083984375,0.146484375,0.4638671875,-0.13427734375,0.28076171875,-0.06103515625,-0.03662109375,-0.08544921875,-0.0244140625,-0.09765625,0.146484375,-0.15869140625,0.8544921875,0.15869140625,1.5869140625,0.01220703125,0.32958984375,-0.244140625,0.81787109375
0,-0.30517578125,-0.4150390625,0.23193359375,-0.37841796875,0.146484375,-0.45166015625,-0.09765625,-0.048828125,0.4638671875,-0.048828125,-0.048828125,-0.87890625,-0.23193359375,1.08642578125,-0.0732421875,-0.13427734375,-0.08544921875,-0.5859375,0,-0.1220703125,-0.42724609375,0.87890625,0.01220703125,-0.6103515625,0.18310546875,-0.45166015625,0.10986328125,-1.11083984375,-0.18310546875,0.10986328125,0.29296875,-0.146484375,-0.146484375,-1.2939453125,0.048828125,-1.23291015625,-0.25634765625,-0.81787109375,-0.06103515625,-1.23291015625,-0.64697265625,-0.3173828125,0.06103515625,-0.69580078125,-0.3173828125,-0.37841796875,0.390625,0.5615234375,0.15869140625,2.42919921875,0.09765625,0.64697265625,0.25634765625,-0.0244140625,-0.7568359375,0.9033203125,0.0244140625,0.927734375,-0.18310546875,0.5859375,0.08544921875,0.76904296875,-0.0244140625,0.13427734375,-0.03662109375,2.099609375,-0.01220703125,5.17578125,-0.10986328125,1.57470703125,-0.09765625,1.52587890625,0.13427734375,0.35400390625,0.10986328125,0.81787109375,-0.1220703125,-0.03662109375,0.1708984375,1.25732421875,-0.03662109375,-0.9033203125,-0.0244140625,-0.4150390625,0.37841796875,-1.025390625,0.08544921875,-0.81787109375,0.0244140625,-0.42724609375,-0.23193359375,0.537109375,-0.390625,3.173828125,-0.06103515625,0.048828125,-0.03662109375,-0.64697265625,0.048828125,-0.6591796875,-0.3173828125,-0.64697265625,0.15869140625,-0.09765625,0.1220703125,-0.732421875,0.01220703125,-1.5625,0.13427734375,-1.123046875,0.15869140625,0.45166015625,-0.08544921875,0.28076171875,-0.048828125,-0.0244140625,-0.0732421875,-0.0244140625,-0.08544921875,0.1708984375,-0.146484375,0.732421875,0.146484375,1.50146484375,0.01220703125,0.25634765625,-0.25634765625,0.7080078125
0,-0.244140625,-0.42724609375,0.23193359375,-0.341796875,0.1220703125,-0.439453125,-0.09765625,-0.06103515625,0.439453125,-0.048828125,-0.0244140625,-0.89111328125,-0.2685546875,1.06201171875,-0.0732421875,-0.10986328125,-0.1220703125,-0.5615234375,0,-0.15869140625,-0.52490234375,0.9033203125,0.048828125,-0.62255859375,0.09765625,-0.439453125,0.1220703125,-1.11083984375,-0.15869140625,0.15869140625,0.28076171875,-0.13427734375,-0.08544921875,-1.513671875,0.06103515625,-1.318359375,-0.2685546875,-0.8544921875,-0.048828125,-1.2939453125,-0.5859375,-0.3173828125,0.048828125,-0.7080078125,-0.244140625,-0.40283203125,0.35400390625,0.54931640625,-0.01220703125,3.3447265625,0.08544921875,0.84228515625,0.23193359375,0.10986328125,-0.72021484375,1.07421875,-0.08544921875,0.86669921875,-0.1708984375,0.5615234375,0.0244140625,0.74462890625,-0.06103515625,0.1708984375,-0.10986328125,2.40478515625,0.13427734375,5.92041015625,-0.10986328125,1.7822265625,-0.03662109375,1.72119140625,0.18310546875,0.37841796875,0.09765625,0.78125,-0.1953125,-0.048828125,0.18310546875,1.26953125,-0.06103515625,-0.8544921875,-0.01220703125,-0.40283203125,0.32958984375,-1.025390625,0.09765625,-0.830078125,0.03662109375,-0.4150390625,-0.244140625,0.5615234375,-0.37841796875,3.28369140625,-0.03662109375,0.08544921875,-0.0244140625,-0.6591796875,0.03662109375,-0.64697265625,-0.37841796875,-0.67138671875,0.146484375,-0.10986328125,0.146484375,-0.7568359375,0.0244140625,-1.57470703125,0.146484375,-1.0986328125,0.1708984375,0.42724609375,-0.06103515625,0.30517578125,-0.048828125,-0.01220703125,-0.0732421875,-0.03662109375,-0.08544921875,0.15869140625,-0.15869140625,0.47607421875,0.15869140625,1.35498046875,0,0.146484375,-0.2197265625,0.52490234375
1,-0.25634765625,-0.42724609375,0.20751953125,-0.32958984375,0.09765625,-0.4638671875,-0.09765625,-0.048828125,0.390625,-0.06103515625,-0.048828125,-0.89111328125,-0.2685546875,1.07421875,-0.0732421875,-0.1220703125,-0.15869140625,-0.57373046875,-0.01220703125,-0.13427734375,-0.54931640625,0.89111328125,0.09765625,-0.6103515625,-0.01220703125,-0.439453125,0.13427734375,-1.123046875,-0.146484375,0.2197265625,0.23193359375,-0.09765625,-0.01220703125,-1.5625,0.01220703125,-1.3916015625,-0.28076171875,-0.830078125,-0.0244140625,-1.26953125,-0.537109375,-0.28076171875,0.03662109375,-0.7080078125,-0.20751953125,-0.40283203125,0.42724609375,0.5615234375,-0.0244140625,4.33349609375,0.0732421875,1.07421875,0.25634765625,0.29296875,-0.634765625,1.25732421875,-0.09765625,0.84228515625,-0.146484375,0.54931640625,0.048828125,0.7080078125,-0.10986328125,0.2197265625,-0.1220703125,2.64892578125,0.09765625,6.54296875,-0.06103515625,1.94091796875,0,1.89208984375,0.1953125,0.35400390625,0,0.74462890625,-0.23193359375,-0.0732421875,0.20751953125,1.25732421875,-0.048828125,-0.78125,0.01220703125,-0.40283203125,0.30517578125,-1.025390625,0.0732421875,-0.830078125,0,-0.40283203125,-0.28076171875,0.59814453125,-0.3173828125,3.33251953125,-0.08544921875,0.09765625,-0.01220703125,-0.634765625,0.0244140625,-0.68359375,-0.50048828125,-0.6591796875,0.146484375,-0.10986328125,0.1220703125,-0.76904296875,0.01220703125,-1.55029296875,0.15869140625,-1.0498046875,0.09765625,0.439453125,-0.06103515625,0.29296875,-0.03662109375,0,-0.08544921875,-0.048828125,-0.048828125,0.18310546875,-0.146484375,0.1953125,0.15869140625,1.20849609375,-0.01220703125,0,-0.18310546875,0.30517578125
1,-0.25634765625,-0.4150390625,0.1708984375,-0.32958984375,0.08544921875,-0.50048828125,-0.09765625,-0.06103515625,0.3662109375,-0.08544921875,-0.048828125,-0.9033203125,-0.244140625,1.06201171875,-0.06103515625,-0.146484375,-0.18310546875,-0.57373046875,-0.01220703125,-0.1220703125,-0.52490234375,0.9033203125,0.1708984375,-0.6103515625,-0.0732421875,-0.439453125,0.09765625,-1.123046875,-0.18310546875,0.29296875,0.15869140625,-0.0732421875,-0.01220703125,-1.47705078125,0.01220703125,-1.33056640625,-0.32958984375,-0.81787109375,0,-1.1962890625,-0.5126953125,-0.244140625,0.01220703125,-0.69580078125,-0.13427734375,-0.42724609375,0.40283203125,0.5615234375,-0.048828125,5.28564453125,0.048828125,1.26953125,0.29296875,0.45166015625,-0.59814453125,1.45263671875,-0.18310546875,0.8056640625,-0.1220703125,0.54931640625,0.0732421875,0.64697265625,-0.10986328125,0.2197265625,-0.10986328125,2.8076171875,0.09765625,6.93359375,-0.0244140625,2.01416015625,0,2.01416015625,0.1953125,0.35400390625,-0.048828125,0.78125,-0.2197265625,-0.0732421875,0.23193359375,1.26953125,-0.01220703125,-0.732421875,0,-0.40283203125,0.2197265625,-1.025390625,0.08544921875,-0.81787109375,-0.0244140625,-0.42724609375,-0.28076171875,0.57373046875,-0.1708984375,3.25927734375,-0.09765625,0.03662109375,-0.01220703125,-0.64697265625,0.01220703125,-0.68359375,-0.67138671875,-0.64697265625,0.10986328125,-0.09765625,0.08544921875,-0.79345703125,0.0244140625,-1.55029296875,0.146484375,-0.91552734375,0.08544921875,0.42724609375,-0.06103515625,0.29296875,-0.03662109375,-0.01220703125,-0.048828125,-0.03662109375,-0.0732421875,0.18310546875,-0.08544921875,-0.06103515625,0.13427734375,1.07421875,-0.01220703125,-0.1220703125,-0.146484375,0.09765625
1,-0.2197265625,-0.40283203125,0.13427734375,-0.32958984375,0.08544921875,-0.48828125,-0.1220703125,-0.06103515625,0.390625,-0.08544921875,-0.09765625,-0.91552734375,-0.2197265625,1.07421875,-0.0732421875,-0.1708984375,-0.2197265625,-0.57373046875,0,-0.10986328125,-0.5126953125,0.9033203125,0.1953125,-0.59814453125,-0.146484375,-0.42724609375,0.06103515625,-1.11083984375,-0.23193359375,0.3662109375,0.09765625,-0.06103515625,0.0732421875,-1.25732421875,-0.09765625,-1.25732421875,-0.341796875,-0.72021484375,0.048828125,-1.07421875,-0.45166015625,-0.244140625,-0.0244140625,-0.69580078125,-0.06103515625,-0.439453125,0.35400390625,0.57373046875,-0.13427734375,6.14013671875,0.03662109375,1.47705078125,0.3173828125,0.59814453125,-0.537109375,1.611328125,-0.20751953125,0.78125,-0.06103515625,0.537109375,0.1220703125,0.62255859375,-0.146484375,0.20751953125,-0.0732421875,2.8564453125,0.13427734375,7.080078125,0.03662109375,2.0263671875,-0.01220703125,2.0263671875,0.1953125,0.341796875,-0.09765625,0.79345703125,-0.15869140625,-0.06103515625,0.18310546875,1.26953125,0.0244140625,-0.7080078125,0,-0.3662109375,0.1220703125,-1.03759765625,0.0732421875,-0.830078125,-0.048828125,-0.54931640625,-0.23193359375,0.48828125,-0.08544921875,3.02734375,-0.08544921875,-0.06103515625,0,-0.634765625,0.048828125,-0.69580078125,-0.7080078125,-0.634765625,0.048828125,-0.08544921875,0.0244140625,-0.7568359375,0.01220703125,-1.513671875,0.08544921875,-0.7080078125,0.0732421875,0.4638671875,-0.03662109375,0.3173828125,-0.048828125,0,-0.0732421875,-0.048828125,-0.08544921875,0.1708984375,-0.01220703125,-0.23193359375,0.09765625,0.98876953125,-0.0244140625,-0.2197265625,-0.09765625,-0.03662109375
1,-0.23193359375,-0.37841796875,0.10986328125,-0.3662109375,0.09765625,-0.48828125,-0.13427734375,-0.0732421875,0.4150390625,-0.08544921875,-0.10986328125,-0.91552734375,-0.23193359375,1.07421875,-0.08544921875,-0.1708984375,-0.23193359375,-0.5615234375,0.01220703125,-0.1220703125,-0.45166015625,0.9033203125,0.18310546875,-0.59814453125,-0.18310546875,-0.42724609375,0.08544921875,-1.11083984375,-0.30517578125,0.4150390625,0.10986328125,-0.048828125,0.1708984375,-0.93994140625,-0.18310546875,-1.11083984375,-0.35400390625,-0.634765625,0.048828125,-0.9521484375,-0.4150390625,-0.2197265625,-0.06103515625,-0.7080078125,0.0244140625,-0.4638671875,0.35400390625,0.57373046875,-0.2197265625,6.8359375,0.01220703125,1.66015625,0.341796875,0.7080078125,-0.47607421875,1.7578125,-0.23193359375,0.78125,-0.0244140625,0.5126953125,0.1953125,0.5859375,-0.10986328125,0.146484375,-0.048828125,2.83203125,0.13427734375,6.97021484375,0.09765625,1.96533203125,-0.03662109375,1.96533203125,0.1708984375,0.3173828125,-0.1708984375,0.81787109375,-0.09765625,-0.048828125,0.13427734375,1.28173828125,0.03662109375,-0.64697265625,0.0244140625,-0.3662109375,0.0244140625,-1.01318359375,0.048828125,-0.81787109375,-0.048828125,-0.72021484375,-0.23193359375,0.35400390625,0.09765625,2.63671875,-0.08544921875,-0.244140625,-0.03662109375,-0.634765625,0.03662109375,-0.7080078125,-0.74462890625,-0.62255859375,-0.048828125,-0.08544921875,0,-0.6591796875,0,-1.45263671875,0.01220703125,-0.37841796875,0.09765625,0.52490234375,-0.048828125,0.32958984375,-0.06103515625,-0.0244140625,-0.0732421875,-0.048828125,-0.0732421875,0.1708984375,-0.048828125,-0.30517578125,0.0732421875,0.927734375,-0.01220703125,-0.25634765625,-0.10986328125,-0.13427734375
1,-0.15869140625,-0.3662109375,0.08544921875,-0.37841796875,0.10986328125,-0.50048828125,-0.13427734375,-0.0732421875,0.4150390625,-0.08544921875,-0.1220703125,-0.927734375,-0.20751953125,1.07421875,-0.10986328125,-0.1953125,-0.2197265625,-0.5615234375,0.0244140625,-0.10986328125,-0.3662109375,0.9033203125,0.1708984375,-0.59814453125,-0.1953125,-0.42724609375,0.06103515625,-1.123046875,-0.341796875,0.48828125,0.1220703125,-0.06103515625,0.20751953125,-0.5859375,-0.25634765625,-0.96435546875,-0.32958984375,-0.5126953125,0,-0.84228515625,-0.40283203125,-0.1953125,-0.146484375,-0.7080078125,0.08544921875,-0.4638671875,0.42724609375,0.59814453125,-0.244140625,7.36083984375,0.01220703125,1.806640625,0.341796875,0.79345703125,-0.37841796875,1.86767578125,-0.30517578125,0.8056640625,-0.03662109375,0.5126953125,0.25634765625,0.54931640625,-0.1953125,0.08544921875,-0.0244140625,2.6611328125,0.06103515625,6.60400390625,0.13427734375,1.86767578125,-0.1220703125,1.81884765625,0.15869140625,0.32958984375,-0.1953125,0.87890625,-0.08544921875,-0.06103515625,0.09765625,1.2939453125,0.0244140625,-0.6591796875,0.048828125,-0.40283203125,-0.08544921875,-1.0009765625,0.0244140625,-0.81787109375,-0.03662109375,-0.9033203125,-0.1953125,0.1708984375,0.244140625,2.0263671875,-0.06103515625,-0.47607421875,-0.0732421875,-0.6591796875,0.0244140625,-0.69580078125,-0.74462890625,-0.59814453125,-0.10986328125,-0.0732421875,-0.048828125,-0.5126953125,-0.03662109375,-1.2939453125,-0.13427734375,0.06103515625,0.10986328125,0.68359375,-0.0244140625,0.30517578125,-0.048828125,-0.03662109375,-0.0732421875,-0.06103515625,-0.048828125,0.15869140625,0.01220703125,-0.28076171875,0.08544921875,0.93994140625,-0.0244140625,-0.2685546875,-0.10986328125,-0.146484375
1,-0.13427734375,-0.3662109375,0.0732421875,-0.390625,0.08544921875,-0.48828125,-0.13427734375,-0.06103515625,0.3662109375,-0.08544921875,-0.1220703125,-0.91552734375,-0.1953125,1.08642578125,-0.1220703125,-0.1708984375,-0.18310546875,-0.57373046875,0.0244140625,-0.10986328125,-0.3173828125,0.87890625,0.13427734375,-0.59814453125,-0.23193359375,-0.42724609375,0.10986328125,-1.13525390625,-0.3662109375,0.50048828125,0.18310546875,-0.06103515625,0.2197265625,-0.28076171875,-0.32958984375,-0.830078125,-0.2685546875,-0.4150390625,0,-0.732421875,-0.37841796875,-0.18310546875,-0.23193359375,-0.7080078125,0.08544921875,-0.4638671875,0.47607421875,0.6103515625,-0.3173828125,7.6904296875,0.03662109375,1.8798828125,0.3662109375,0.8056640625,-0.30517578125,1.94091796875,-0.341796875,0.8056640625,0,0.50048828125,0.3662109375,0.537109375,-0.2685546875,-0.01220703125,-0.0244140625,2.45361328125,0.0244140625,6.0546875,0.13427734375,1.6845703125,-0.1708984375,1.62353515625,0.146484375,0.3173828125,-0.25634765625,0.8544921875,-0.048828125,-0.06103515625,0.03662109375,1.30615234375,-0.01220703125,-0.6591796875,0.09765625,-0.37841796875,-0.18310546875,-1.01318359375,0,-0.8056640625,-0.06103515625,-1.15966796875,-0.1953125,-0.06103515625,0.28076171875,1.3427734375,-0.048828125,-0.72021484375,-0.10986328125,-0.64697265625,0.01220703125,-0.68359375,-0.7080078125,-0.5615234375,-0.18310546875,-0.048828125,-0.01220703125,-0.30517578125,-0.048828125,-1.123046875,-0.03662109375,0.6103515625,0.09765625,0.87890625,-0.01220703125,0.29296875,-0.06103515625,-0.048828125,-0.0732421875,-0.06103515625,-0.0244140625,0.146484375,-0.08544921875,-0.18310546875,0.01220703125,0.9765625,-0.048828125,-0.23193359375,-0.18310546875,-0.08544921875
1,-0.13427734375,-0.35400390625,0.0732421875,-0.40283203125,0.048828125,-0.47607421875,-0.146484375,-0.0732421875,0.35400390625,-0.08544921875,-0.1220703125,-0.91552734375,-0.1953125,1.07421875,-0.146484375,-0.15869140625,-0.13427734375,-0.59814453125,0.01220703125,-0.10986328125,-0.3173828125,0.87890625,0.1220703125,-0.62255859375,-0.2197265625,-0.439453125,0.15869140625,-1.13525390625,-0.439453125,0.50048828125,0.23193359375,-0.08544921875,0.30517578125,-0.09765625,-0.40283203125,-0.732421875,-0.28076171875,-0.3662109375,-0.06103515625,-0.69580078125,-0.28076171875,-0.1708984375,-0.30517578125,-0.72021484375,0.048828125,-0.45166015625,0.54931640625,0.62255859375,-0.341796875,7.7880859375,0.048828125,1.91650390625,0.390625,0.79345703125,-0.25634765625,1.9287109375,-0.341796875,0.81787109375,0,0.52490234375,0.40283203125,0.54931640625,-0.3173828125,-0.09765625,0.01220703125,2.1484375,-0.03662109375,5.35888671875,0.13427734375,1.50146484375,-0.1953125,1.40380859375,0.10986328125,0.341796875,-0.29296875,0.87890625,-0.06103515625,-0.06103515625,-0.0244140625,1.30615234375,-0.06103515625,-0.69580078125,0.09765625,-0.37841796875,-0.25634765625,-1.0009765625,-0.0244140625,-0.79345703125,-0.03662109375,-1.35498046875,-0.18310546875,-0.29296875,0.3662109375,0.6103515625,0.01220703125,-0.9765625,-0.1708984375,-0.64697265625,-0.06103515625,-0.68359375,-0.7568359375,-0.57373046875,-0.2197265625,-0.06103515625,0.0244140625,-0.08544921875,-0.048828125,-0.91552734375,-0.03662109375,1.15966796875,0.1220703125,1.07421875,-0.01220703125,0.28076171875,-0.03662109375,-0.048828125,-0.06103515625,-0.048828125,-0.048828125,0.15869140625,-0.09765625,-0.06103515625,0.0244140625,1.03759765625,-0.01220703125,-0.13427734375,-0.13427734375,-0.03662109375
1,-0.10986328125,-0.35400390625,0.06103515625,-0.40283203125,0.01220703125,-0.47607421875,-0.13427734375,-0.06103515625,0.3173828125,-0.08544921875,-0.08544921875,-0.9033203125,-0.1953125,1.08642578125,-0.15869140625,-0.15869140625,-0.08544921875,-0.5859375,-0.0244140625,-0.09765625,-0.30517578125,0.87890625,0.10986328125,-0.6103515625,-0.15869140625,-0.4150390625,0.1953125,-1.123046875,-0.45166015625,0.47607421875,0.25634765625,-0.08544921875,0.29296875,-0.06103515625,-0.37841796875,-0.7080078125,-0.29296875,-0.35400390625,-0.09765625,-0.72021484375,-0.23193359375,-0.18310546875,-0.3173828125,-0.7080078125,-0.01220703125,-0.45166015625,0.64697265625,0.59814453125,-0.29296875,7.71484375,0.0244140625,1.85546875,0.37841796875,0.7568359375,-0.23193359375,1.89208984375,-0.2685546875,0.8544921875,-0.048828125,0.54931640625,0.40283203125,0.54931640625,-0.30517578125,-0.1220703125,0.10986328125,1.806640625,-0.10986328125,4.6142578125,0.09765625,1.28173828125,-0.23193359375,1.15966796875,0.03662109375,0.3662109375,-0.3173828125,0.89111328125,-0.0732421875,-0.048828125,-0.0244140625,1.30615234375,-0.09765625,-0.69580078125,0.09765625,-0.40283203125,-0.28076171875,-0.98876953125,0,-0.8056640625,-0.048828125,-1.513671875,-0.1708984375,-0.4638671875,0.37841796875,-0.048828125,0.0244140625,-1.18408203125,-0.23193359375,-0.67138671875,-0.13427734375,-0.6591796875,-0.5859375,-0.5615234375,-0.244140625,-0.03662109375,0.048828125,0.1708984375,-0.06103515625,-0.7080078125,-0.03662109375,1.7578125,0.1220703125,1.318359375,0,0.29296875,-0.03662109375,-0.048828125,-0.0732421875,-0.06103515625,-0.0244140625,0.146484375,-0.048828125,0.06103515625,0.09765625,1.0986328125,0.01220703125,-0.09765625,-0.1220703125,0.0244140625
1,-0.0732421875,-0.3662109375,0.048828125,-0.4150390625,0.0244140625,-0.45166015625,-0.1220703125,-0.08544921875,0.29296875,-0.08544921875,-0.08544921875,-0.91552734375,-0.1953125,1.07421875,-0.15869140625,-0.146484375,-0.06103515625,-0.5859375,-0.0244140625,-0.09765625,-0.32958984375,0.87890625,0.13427734375,-0.62255859375,-0.146484375,-0.4150390625,0.1953125,-1.11083984375,-0.40283203125,0.45166015625,0.2197265625,-0.10986328125,0.29296875,-0.15869140625,-0.29296875,-0.732421875,-0.28076171875,-0.390625,-0.0244140625,-0.74462890625,-0.18310546875,-0.2197265625,-0.25634765625,-0.7080078125,-0.09765625,-0.45166015625,0.69580078125,0.6103515625,-0.2685546875,7.43408203125,-0.03662109375,1.77001953125,0.3662109375,0.67138671875,-0.1953125,1.81884765625,-0.15869140625,0.84228515625,-0.09765625,0.52490234375,0.42724609375,0.5615234375,-0.244140625,-0.146484375,0.1953125,1.4404296875,-0.15869140625,3.857421875,0.0244140625,1.0498046875,-0.20751953125,0.93994140625,-0.0244140625,0.35400390625,-0.28076171875,0.86669921875,-0.06103515625,-0.048828125,-0.01220703125,1.2939453125,-0.15869140625,-0.74462890625,0.0732421875,-0.40283203125,-0.25634765625,-0.98876953125,0,-0.79345703125,-0.0244140625,-1.62353515625,-0.15869140625,-0.5615234375,0.40283203125,-0.52490234375,0.048828125,-1.2939453125,-0.29296875,-0.68359375,-0.13427734375,-0.64697265625,-0.537109375,-0.57373046875,-0.1708984375,-0.048828125,0.10986328125,0.4150390625,-0.06103515625,-0.48828125,0.08544921875,2.2705078125,0.146484375,1.57470703125,0.01220703125,0.28076171875,-0.03662109375,-0.06103515625,-0.06103515625,-0.048828125,-0.03662109375,0.146484375,-0.1220703125,0.13427734375,0.01220703125,1.123046875,-0.048828125,-0.0732421875,-0.18310546875,0.03662109375
1,-0.048828125,-0.37841796875,0.048828125,-0.439453125,0.048828125,-0.45166015625,-0.08544921875,-0.08544921875,0.28076171875,-0.0732421875,-0.08544921875,-0.91552734375,-0.1953125,1.07421875,-0.15869140625,-0.146484375,-0.01220703125,-0.57373046875,-0.0244140625,-0.09765625,-0.341796875,0.86669921875,0.15869140625,-0.6103515625,-0.09765625,-0.40283203125,0.1953125,-1.0986328125,-0.341796875,0.40283203125,0.18310546875,-0.09765625,0.244140625,-0.3662109375,-0.28076171875,-0.79345703125,-0.3173828125,-0.439453125,-0.06103515625,-0.830078125,-0.15869140625,-0.2685546875,-0.23193359375,-0.72021484375,-0.1220703125,-0.45166015625,0.6103515625,0.57373046875,-0.20751953125,6.94580078125,-0.0732421875,1.611328125,0.3173828125,0.5859375,-0.18310546875,1.69677734375,-0.146484375,0.84228515625,-0.2197265625,0.537109375,0.50048828125,0.54931640625,-0.244140625,-0.13427734375,0.244140625,1.06201171875,-0.2197265625,3.1982421875,-0.0732421875,0.84228515625,-0.1953125,0.72021484375,-0.0732421875,0.341796875,-0.29296875,0.86669921875,-0.03662109375,-0.048828125,0.0244140625,1.28173828125,-0.2197265625,-0.78125,0.03662109375,-0.42724609375,-0.244140625,-1.0009765625,0.01220703125,-0.8056640625,0.06103515625,-1.64794921875,-0.15869140625,-0.6103515625,0.341796875,-0.74462890625,0.06103515625,-1.33056640625,-0.32958984375,-0.68359375,-0.146484375,-0.634765625,-0.4150390625,-0.5859375,-0.08544921875,-0.06103515625,0.13427734375,0.634765625,-0.0244140625,-0.30517578125,0.15869140625,2.69775390625,0.09765625,1.77001953125,0,0.29296875,-0.048828125,-0.0732421875,-0.048828125,-0.08544921875,-0.03662109375,0.146484375,-0.048828125,0.13427734375,0.06103515625,1.123046875,-0.01220703125,-0.06103515625,-0.13427734375,-0.01220703125
1,-0.0244140625,-0.37841796875,0,-0.42724609375,0.09765625,-0.45166015625,-0.0732421875,-0.08544921875,0.2685546875,-0.06103515625,-0.09765625,-0.927734375,-0.1708984375,1.06201171875,-0.1708984375,-0.146484375,0.01220703125,-0.5859375,-0.08544921875,-0.10986328125,-0.40283203125,0.8544921875,0.1953125,-0.59814453125,-0.01220703125,-0.40283203125,0.20751953125,-1.0986328125,-0.1953125,0.341796875,0.1708984375,-0.09765625,0.1220703125,-0.62255859375,-0.3173828125,-0.9033203125,-0.32958984375,-0.5126953125,-0.03662109375,-0.89111328125,-0.23193359375,-0.25634765625,-0.18310546875,-0.69580078125,-0.146484375,-0.4638671875,0.57373046875,0.57373046875,-0.20751953125,6.28662109375,-0.08544921875,1.47705078125,0.32958984375,0.48828125,-0.2197265625,1.5380859375,-0.0732421875,0.81787109375,-0.2685546875,0.54931640625,0.537109375,0.52490234375,-0.18310546875,-0.08544921875,0.25634765625,0.74462890625,-0.28076171875,2.6123046875,-0.15869140625,0.6591796875,-0.20751953125,0.537109375,-0.10986328125,0.341796875,-0.30517578125,0.84228515625,-0.0732421875,-0.048828125,0.10986328125,1.25732421875,-0.2197265625,-0.81787109375,0,-0.4150390625,-0.1708984375,-1.01318359375,0.03662109375,-0.78125,0.08544921875,-1.5869140625,-0.15869140625,-0.5615234375,0.40283203125,-0.67138671875,0.0244140625,-1.25732421875,-0.29296875,-0.68359375,-0.13427734375,-0.634765625,-0.28076171875,-0.59814453125,0.0244140625,-0.048828125,0.20751953125,0.79345703125,0.06103515625,-0.18310546875,0.15869140625,3.01513671875,0.13427734375,1.91650390625,0,0.29296875,-0.03662109375,-0.048828125,-0.048828125,-0.09765625,-0.048828125,0.146484375,-0.03662109375,0.08544921875,0.048828125,1.06201171875,-0.06103515625,-0.13427734375,-0.1220703125,-0.08544921875
1,-0.01220703125,-0.4150390625,-0.01220703125,-0.390625,0.146484375,-0.4638671875,-0.01220703125,-0.09765625,0.25634765625,-0.048828125,-0.09765625,-0.91552734375,-0.20751953125,1.06201171875,-0.1708984375,-0.15869140625,0.01220703125,-0.5859375,-0.13427734375,-0.1220703125,-0.45166015625,0.87890625,0.18310546875,-0.6103515625,0.01220703125,-0.4150390625,0.13427734375,-1.08642578125,-0.13427734375,0.3173828125,0.1708984375,-0.10986328125,0.06103515625,-0.84228515625,-0.18310546875,-0.9765625,-0.32958984375,-0.54931640625,-0.0244140625,-0.93994140625,-0.341796875,-0.2685546875,-0.1220703125,-0.69580078125,-0.146484375,-0.45166015625,0.634765625,0.57373046875,-0.1953125,5.48095703125,-0.0732421875,1.25732421875,0.2685546875,0.3662109375,-0.28076171875,1.3916015625,-0.03662109375,0.79345703125,-0.25634765625,0.537109375,0.50048828125,0.5126953125,-0.06103515625,-0.0244140625,0.2197265625,0.4638671875,-0.29296875,2.16064453125,-0.25634765625,0.50048828125,-0.2197265625,0.4150390625,-0.10986328125,0.32958984375,-0.30517578125,0.8056640625,-0.10986328125,-0.048828125,0.18310546875,1.2451171875,-0.20751953125,-0.8544921875,-0.048828125,-0.40283203125,-0.09765625,-1.025390625,0.01220703125,-0.79345703125,0.1220703125,-1.45263671875,-0.1708984375,-0.42724609375,0.439453125,-0.2685546875,0,-1.07421875,-0.2685546875,-0.68359375,-0.09765625,-0.64697265625,-0.23193359375,-0.6103515625,0.10986328125,-0.06103515625,0.23193359375,0.84228515625,0.13427734375,-0.09765625,0.18310546875,3.18603515625,0.09765625,2.001953125,0,0.29296875,-0.03662109375,-0.048828125,-0.06103515625,-0.10986328125,-0.03662109375,0.1708984375,-0.0244140625,0,0.06103515625,1.0009765625,-0.0732421875,-0.1953125,-0.1220703125,-0.20751953125
1,0.0244140625,-0.42724609375,-0.01220703125,-0.390625,0.1708984375,-0.47607421875,0.01220703125,-0.09765625,0.23193359375,-0.06103515625,-0.10986328125,-0.91552734375,-0.244140625,1.0498046875,-0.18310546875,-0.15869140625,0.0244140625,-0.5859375,-0.15869140625,-0.1220703125,-0.42724609375,0.9033203125,0.15869140625,-0.59814453125,0.048828125,-0.4150390625,0.09765625,-1.08642578125,-0.03662109375,0.3173828125,0.18310546875,-0.0732421875,-0.0244140625,-0.98876953125,-0.1220703125,-1.025390625,-0.3662109375,-0.54931640625,-0.03662109375,-0.93994140625,-0.439453125,-0.2685546875,-0.10986328125,-0.69580078125,-0.146484375,-0.42724609375,0.5615234375,0.5615234375,-0.18310546875,4.5654296875,-0.0732421875,1.0498046875,0.18310546875,0.23193359375,-0.37841796875,1.20849609375,-0.06103515625,0.7568359375,-0.20751953125,0.52490234375,0.52490234375,0.50048828125,-0.01220703125,0.03662109375,0.2197265625,0.23193359375,-0.341796875,1.8310546875,-0.2685546875,0.3662109375,-0.23193359375,0.29296875,-0.09765625,0.30517578125,-0.30517578125,0.78125,-0.1220703125,-0.048828125,0.28076171875,1.23291015625,-0.1708984375,-0.87890625,-0.10986328125,-0.390625,-0.0244140625,-1.025390625,-0.0244140625,-0.81787109375,0.10986328125,-1.23291015625,-0.146484375,-0.23193359375,0.439453125,0.390625,-0.03662109375,-0.79345703125,-0.23193359375,-0.6591796875,-0.0732421875,-0.67138671875,-0.1708984375,-0.6103515625,0.1953125,-0.0732421875,0.20751953125,0.81787109375,0.20751953125,-0.09765625,0.13427734375,3.22265625,0.048828125,2.01416015625,-0.01220703125,0.29296875,-0.03662109375,-0.03662109375,-0.06103515625,-0.1220703125,-0.0244140625,0.1708984375,-0.03662109375,-0.09765625,0,0.93994140625,-0.08544921875,-0.28076171875,-0.146484375,-0.3173828125
1,0.01220703125,-0.4150390625,0,-0.35400390625,0.1708984375,-0.48828125,0.03662109375,-0.08544921875,0.2197265625,-0.08544921875,-0.10986328125,-0.9033203125,-0.28076171875,1.06201171875,-0.18310546875,-0.15869140625,0.01220703125,-0.5859375,-0.2197265625,-0.13427734375,-0.40283203125,0.9033203125,0.13427734375,-0.57373046875,0.08544921875,-0.42724609375,0.03662109375,-1.07421875,0.01220703125,0.32958984375,0.2197265625,-0.03662109375,0.01220703125,-1.025390625,-0.0732421875,-1.0009765625,-0.4150390625,-0.52490234375,0.0732421875,-0.87890625,-0.48828125,-0.244140625,-0.08544921875,-0.69580078125,-0.15869140625,-0.4150390625,0.5615234375,0.537109375,-0.18310546875,3.61328125,-0.048828125,0.8544921875,0.10986328125,0.10986328125,-0.439453125,1.03759765625,-0.048828125,0.732421875,-0.13427734375,0.52490234375,0.48828125,0.50048828125,0.09765625,0.10986328125,0.23193359375,0.08544921875,-0.37841796875,1.57470703125,-0.28076171875,0.2685546875,-0.20751953125,0.2197265625,-0.08544921875,0.29296875,-0.29296875,0.76904296875,-0.08544921875,-0.03662109375,0.32958984375,1.2451171875,-0.13427734375,-0.9033203125,-0.146484375,-0.40283203125,0.03662109375,-1.03759765625,-0.06103515625,-0.830078125,0.09765625,-0.96435546875,-0.1708984375,0.0244140625,0.30517578125,1.2939453125,-0.0732421875,-0.47607421875,-0.15869140625,-0.67138671875,-0.0732421875,-0.68359375,-0.1708984375,-0.59814453125,0.25634765625,-0.06103515625,0.20751953125,0.7568359375,0.29296875,-0.146484375,0.15869140625,3.1005859375,0.06103515625,1.96533203125,-0.01220703125,0.3173828125,-0.048828125,-0.0244140625,-0.06103515625,-0.09765625,-0.0244140625,0.146484375,-0.01220703125,-0.1708984375,0,0.89111328125,-0.03662109375,-0.30517578125,-0.1220703125,-0.3662109375
0,0.03662109375,-0.439453125,-0.01220703125,-0.3662109375,0.146484375,-0.50048828125,0.08544921875,-0.09765625,0.244140625,-0.08544921875,-0.1220703125,-0.93994140625,-0.29296875,1.06201171875,-0.20751953125,-0.1708984375,0.01220703125,-0.57373046875,-0.28076171875,-0.146484375,-0.32958984375,0.89111328125,0.09765625,-0.59814453125,0.1220703125,-0.4150390625,-0.01220703125,-1.06201171875,0,0.37841796875,0.2197265625,-0.01220703125,0.0732421875,-0.9521484375,0.048828125,-0.93994140625,-0.42724609375,-0.4638671875,0.1708984375,-0.78125,-0.537109375,-0.25634765625,-0.09765625,-0.7080078125,-0.146484375,-0.42724609375,0.50048828125,0.54931640625,-0.1708984375,2.6611328125,0,0.68359375,0.06103515625,-0.048828125,-0.5126953125,0.89111328125,-0.10986328125,0.732421875,-0.06103515625,0.50048828125,0.5859375,0.52490234375,0.10986328125,0.15869140625,0.23193359375,-0.01220703125,-0.37841796875,1.3916015625,-0.2197265625,0.18310546875,-0.23193359375,0.1708984375,-0.03662109375,0.2685546875,-0.244140625,0.78125,-0.01220703125,-0.048828125,0.35400390625,1.2451171875,-0.08544921875,-0.9033203125,-0.146484375,-0.4150390625,0.08544921875,-1.01318359375,-0.08544921875,-0.830078125,0.0732421875,-0.64697265625,-0.20751953125,0.3173828125,0.15869140625,2.2705078125,-0.08544921875,-0.08544921875,-0.08544921875,-0.68359375,-0.048828125,-0.67138671875,-0.23193359375,-0.59814453125,0.29296875,-0.06103515625,0.15869140625,0.634765625,0.341796875,-0.23193359375,0.0732421875,2.91748046875,0.0732421875,1.85546875,-0.01220703125,0.3173828125,-0.048828125,-0.01220703125,-0.0732421875,-0.10986328125,-0.03662109375,0.1708984375,0.03662109375,-0.1953125,0.01220703125,0.91552734375,0,-0.29296875,-0.13427734375,-0.35400390625
0,0.03662109375,-0.4150390625,-0.0244140625,-0.40283203125,0.1708984375,-0.48828125,0.09765625,-0.09765625,0.23193359375,-0.0732421875,-0.146484375,-0.927734375,-0.30517578125,1.07421875,-0.1953125,-0.18310546875,0,-0.57373046875,-0.3173828125,-0.146484375,-0.2685546875,0.89111328125,0.06103515625,-0.59814453125,0.146484375,-0.40283203125,-0.06103515625,-1.0498046875,-0.048828125,0.4638671875,0.28076171875,0.03662109375,0.06103515625,-0.7568359375,0.03662109375,-0.84228515625,-0.45166015625,-0.40283203125,0.2197265625,-0.64697265625,-0.47607421875,-0.244140625,-0.146484375,-0.7080078125,-0.15869140625,-0.42724609375,0.439453125,0.54931640625,-0.23193359375,1.84326171875,0.03662109375,0.5126953125,0,-0.15869140625,-0.59814453125,0.76904296875,-0.146484375,0.72021484375,0.01220703125,0.5126953125,0.64697265625,0.537109375,0.20751953125,0.18310546875,0.15869140625,-0.0732421875,-0.37841796875,1.23291015625,-0.18310546875,0.146484375,-0.2685546875,0.146484375,-0.01220703125,0.30517578125,-0.1953125,0.79345703125,0.06103515625,-0.03662109375,0.3662109375,1.26953125,-0.0244140625,-0.91552734375,-0.10986328125,-0.4150390625,0.0732421875,-1.0009765625,-0.08544921875,-0.84228515625,0.03662109375,-0.32958984375,-0.23193359375,0.6103515625,0.13427734375,3.3203125,-0.10986328125,0.28076171875,0.01220703125,-0.69580078125,-0.1220703125,-0.68359375,-0.20751953125,-0.5859375,0.28076171875,-0.03662109375,0.08544921875,0.50048828125,0.341796875,-0.35400390625,-0.09765625,2.6611328125,0.048828125,1.7333984375,-0.0244140625,0.32958984375,-0.06103515625,-0.03662109375,-0.0732421875,-0.09765625,-0.0244140625,0.1708984375,0.1220703125,-0.13427734375,-0.048828125,0.9521484375,0,-0.244140625,-0.20751953125,-0.25634765625
0,0.03662109375,-0.4150390625,-0.048828125,-0.390625,0.18310546875,-0.4638671875,0.08544921875,-0.08544921875,0.20751953125,-0.08544921875,-0.146484375,-0.927734375,-0.30517578125,1.08642578125,-0.18310546875,-0.1708984375,-0.0244140625,-0.57373046875,-0.32958984375,-0.13427734375,-0.1953125,0.89111328125,0.0244140625,-0.5859375,0.08544921875,-0.37841796875,-0.0732421875,-1.025390625,-0.1220703125,0.57373046875,0.2685546875,0.0732421875,0.03662109375,-0.50048828125,0.0244140625,-0.69580078125,-0.47607421875,-0.29296875,0.25634765625,-0.5126953125,-0.48828125,-0.2197265625,-0.20751953125,-0.69580078125,-0.18310546875,-0.4150390625,0.52490234375,0.5615234375,-0.2685546875,1.20849609375,0.06103515625,0.40283203125,-0.0244140625,-0.244140625,-0.69580078125,0.64697265625,-0.1220703125,0.732421875,0.048828125,0.50048828125,0.6591796875,0.5859375,0.37841796875,0.1953125,0.1220703125,-0.09765625,-0.3662109375,1.0986328125,-0.09765625,0.1220703125,-0.30517578125,0.146484375,-0.01220703125,0.3173828125,-0.1708984375,0.79345703125,0.10986328125,-0.03662109375,0.30517578125,1.2939453125,-0.03662109375,-0.89111328125,-0.0732421875,-0.390625,0.0244140625,-1.0009765625,-0.048828125,-0.8544921875,0.03662109375,-0.048828125,-0.2685546875,0.8544921875,-0.06103515625,4.2724609375,-0.09765625,0.59814453125,0.08544921875,-0.69580078125,-0.15869140625,-0.67138671875,-0.146484375,-0.5859375,0.23193359375,-0.0244140625,0.01220703125,0.37841796875,0.3173828125,-0.47607421875,-0.1953125,2.38037109375,0.048828125,1.62353515625,-0.01220703125,0.3173828125,-0.03662109375,-0.01220703125,-0.06103515625,-0.06103515625,-0.03662109375,0.1708984375,0.20751953125,-0.01220703125,-0.01220703125,1.07421875,0.06103515625,-0.1220703125,-0.1953125,-0.10986328125
0,0.06103515625,-0.37841796875,-0.048828125,-0.4150390625,0.20751953125,-0.45166015625,0.048828125,-0.1220703125,0.15869140625,-0.06103515625,-0.15869140625,-0.927734375,-0.3173828125,1.07421875,-0.18310546875,-0.1953125,-0.0244140625,-0.5615234375,-0.35400390625,-0.15869140625,-0.146484375,0.9033203125,0.01220703125,-0.6103515625,0.0244140625,-0.3662109375,-0.0732421875,-0.98876953125,-0.23193359375,0.67138671875,0.29296875,0.09765625,0.0244140625,-0.23193359375,0,-0.5859375,-0.4638671875,-0.18310546875,0.23193359375,-0.37841796875,-0.42724609375,-0.1953125,-0.29296875,-0.72021484375,-0.20751953125,-0.40283203125,0.537109375,0.5859375,-0.29296875,0.76904296875,0.1220703125,0.30517578125,-0.08544921875,-0.3173828125,-0.76904296875,0.5859375,-0.08544921875,0.74462890625,0.06103515625,0.52490234375,0.69580078125,0.62255859375,0.341796875,0.1708984375,0.048828125,-0.09765625,-0.37841796875,0.9765625,-0.048828125,0.08544921875,-0.37841796875,0.10986328125,-0.048828125,0.32958984375,-0.08544921875,0.81787109375,0.13427734375,-0.0244140625,0.23193359375,1.30615234375,-0.06103515625,-0.87890625,0.01220703125,-0.40283203125,-0.06103515625,-0.98876953125,-0.0244140625,-0.84228515625,0.03662109375,0.1708984375,-0.30517578125,1.08642578125,-0.23193359375,5.078125,-0.10986328125,0.89111328125,0.09765625,-0.7080078125,-0.1708984375,-0.634765625,-0.09765625,-0.59814453125,0.20751953125,-0.01220703125,-0.048828125,0.29296875,0.23193359375,-0.57373046875,-0.2685546875,2.099609375,0,1.50146484375,0.01220703125,0.29296875,-0.03662109375,-0.0244140625,-0.0732421875,-0.03662109375,-0.03662109375,0.15869140625,0.23193359375,0.13427734375,-0.0244140625,1.15966796875,0.048828125,-0.01220703125,-0.2197265625,0.09765625
0,0.0732421875,-0.37841796875,-0.0732421875,-0.42724609375,0.1708984375,-0.42724609375,0.048828125,-0.10986328125,0.1220703125,-0.06103515625,-0.146484375,-0.91552734375,-0.32958984375,1.08642578125,-0.18310546875,-0.1953125,-0.06103515625,-0.5615234375,-0.3173828125,-0.146484375,-0.08544921875,0.86669921875,0.048828125,-0.62255859375,-0.08544921875,-0.3173828125,-0.03662109375,-0.9521484375,-0.30517578125,0.74462890625,0.32958984375,0.13427734375,0.0244140625,-0.01220703125,-0.09765625,-0.48828125,-0.439453125,-0.13427734375,0.23193359375,-0.29296875,-0.341796875,-0.20751953125,-0.3173828125,-0.732421875,-0.2197265625,-0.4150390625,0.62255859375,0.6103515625,-0.29296875,0.5615234375,0.1953125,0.29296875,-0.10986328125,-0.3662109375,-0.84228515625,0.5615234375,-0.048828125,0.79345703125,0.0244140625,0.54931640625,0.6103515625,0.6591796875,0.25634765625,0.146484375,0.03662109375,-0.1220703125,-0.4638671875,0.8544921875,-0.03662109375,0.06103515625,-0.4150390625,0.09765625,-0.146484375,0.341796875,-0.048828125,0.81787109375,0.08544921875,-0.03662109375,0.1708984375,1.318359375,-0.08544921875,-0.89111328125,0.06103515625,-0.4150390625,-0.15869140625,-0.98876953125,-0.0244140625,-0.84228515625,-0.0244140625,0.3662109375,-0.3173828125,1.23291015625,-0.30517578125,5.6884765625,-0.08544921875,1.123046875,0.1220703125,-0.7080078125,-0.1708984375,-0.634765625,-0.09765625,-0.59814453125,0.146484375,-0.01220703125,-0.03662109375,0.2197265625,0.146484375,-0.634765625,-0.29296875,1.904296875,-0.06103515625,1.42822265625,-0.01220703125,0.30517578125,-0.048828125,-0.03662109375,-0.06103515625,-0.01220703125,-0.0244140625,0.15869140625,0.13427734375,0.25634765625,0.03662109375,1.26953125,0.0732421875,0.0732421875,-0.23193359375,0.25634765625
0,0.048828125,-0.37841796875,-0.06103515625,-0.439453125,0.09765625,-0.4150390625,0.0244140625,-0.10986328125,0.08544921875,-0.048828125,-0.15869140625,-0.91552734375,-0.32958984375,1.08642578125,-0.1953125,-0.1953125,-0.09765625,-0.5615234375,-0.244140625,-0.13427734375,-0.06103515625,0.87890625,0.10986328125,-0.6103515625,-0.1708984375,-0.28076171875,0.0244140625,-0.93994140625,-0.3173828125,0.8056640625,0.28076171875,0.146484375,0.048828125,0.10986328125,-0.18310546875,-0.45166015625,-0.4638671875,-0.06103515625,0.1708984375,-0.25634765625,-0.32958984375,-0.20751953125,-0.35400390625,-0.732421875,-0.244140625,-0.40283203125,0.7080078125,0.64697265625,-0.18310546875,0.57373046875,0.1953125,0.30517578125,-0.1220703125,-0.40283203125,-0.9033203125,0.5859375,0.03662109375,0.8056640625,0.08544921875,0.57373046875,0.64697265625,0.67138671875,0.32958984375,0.09765625,0.048828125,-0.13427734375,-0.390625,0.732421875,-0.01220703125,0.048828125,-0.32958984375,0.0732421875,-0.1953125,0.341796875,-0.01220703125,0.76904296875,0.048828125,-0.03662109375,0.09765625,1.30615234375,-0.09765625,-0.89111328125,0.10986328125,-0.4150390625,-0.23193359375,-0.98876953125,-0.0244140625,-0.830078125,-0.08544921875,0.45166015625,-0.30517578125,1.33056640625,-0.32958984375,6.0302734375,-0.06103515625,1.23291015625,0.08544921875,-0.7080078125,-0.13427734375,-0.634765625,-0.048828125,-0.6103515625,0.09765625,-0.01220703125,-0.0244140625,0.15869140625,0,-0.67138671875,-0.25634765625,1.7822265625,-0.06103515625,1.35498046875,0,0.29296875,-0.048828125,-0.03662109375,-0.06103515625,0,-0.048828125,0.15869140625,0.146484375,0.390625,-0.0244140625,1.3427734375,0.08544921875,0.1220703125,-0.23193359375,0.35400390625
0,0.06103515625,-0.40283203125,-0.09765625,-0.42724609375,0.0244140625,-0.439453125,0.01220703125,-0.09765625,0.048828125,-0.048828125,-0.18310546875,-0.87890625,-0.30517578125,1.08642578125,-0.1953125,-0.1708984375,-0.1220703125,-0.5615234375,-0.1953125,-0.146484375,-0.06103515625,0.87890625,0.1708984375,-0.62255859375,-0.25634765625,-0.25634765625,0.06103515625,-0.91552734375,-0.28076171875,0.79345703125,0.25634765625,0.1708984375,0.048828125,0.08544921875,-0.23193359375,-0.48828125,-0.4638671875,-0.06103515625,0.18310546875,-0.28076171875,-0.341796875,-0.20751953125,-0.28076171875,-0.732421875,-0.2197265625,-0.4150390625,0.634765625,0.67138671875,-0.09765625,0.69580078125,0.1708984375,0.341796875,-0.1220703125,-0.35400390625,-0.98876953125,0.59814453125,0.09765625,0.830078125,0.09765625,0.5615234375,0.6103515625,0.64697265625,0.25634765625,0.08544921875,0.08544921875,-0.1708984375,-0.28076171875,0.6591796875,0,0.03662109375,-0.2685546875,0.03662109375,-0.244140625,0.3173828125,0.03662109375,0.78125,0,-0.048828125,0.09765625,1.318359375,-0.13427734375,-0.9033203125,0.15869140625,-0.390625,-0.30517578125,-1.0009765625,-0.03662109375,-0.81787109375,-0.10986328125,0.4638671875,-0.2685546875,1.35498046875,-0.30517578125,6.14013671875,-0.0732421875,1.25732421875,0.03662109375,-0.7080078125,-0.06103515625,-0.634765625,0.048828125,-0.6103515625,-0.0244140625,-0.03662109375,0.0244140625,0.1708984375,-0.1220703125,-0.7080078125,-0.1953125,1.7333984375,-0.0732421875,1.3671875,0,0.29296875,-0.048828125,-0.048828125,-0.048828125,0.01220703125,-0.03662109375,0.15869140625,0.09765625,0.42724609375,-0.048828125,1.3671875,0.0732421875,0.146484375,-0.2197265625,0.37841796875
0,0.06103515625,-0.37841796875,-0.1220703125,-0.4150390625,-0.01220703125,-0.4638671875,-0.01220703125,-0.09765625,0.0244140625,-0.03662109375,-0.18310546875,-0.89111328125,-0.29296875,1.06201171875,-0.1953125,-0.13427734375,-0.146484375,-0.57373046875,-0.09765625,-0.1220703125,-0.0244140625,0.87890625,0.25634765625,-0.62255859375,-0.29296875,-0.2685546875,0.06103515625,-0.91552734375,-0.23193359375,0.78125,0.15869140625,0.15869140625,0.1220703125,0,-0.341796875,-0.57373046875,-0.47607421875,-0.10986328125,0.15869140625,-0.341796875,-0.341796875,-0.23193359375,-0.18310546875,-0.732421875,-0.18310546875,-0.40283203125,0.634765625,0.68359375,-0.03662109375,0.87890625,0.146484375,0.390625,-0.0732421875,-0.30517578125,-1.0009765625,0.64697265625,0.1708984375,0.830078125,0.09765625,0.57373046875,0.537109375,0.6103515625,0.341796875,0.08544921875,0.10986328125,-0.2197265625,-0.18310546875,0.59814453125,-0.0244140625,0.01220703125,-0.20751953125,0,-0.1953125,0.2685546875,0.01220703125,0.78125,-0.048828125,-0.06103515625,0.08544921875,1.30615234375,-0.146484375,-0.93994140625,0.18310546875,-0.40283203125,-0.29296875,-1.01318359375,-0.048828125,-0.79345703125,-0.1220703125,0.42724609375,-0.244140625,1.33056640625,-0.23193359375,5.96923828125,-0.09765625,1.18408203125,-0.01220703125,-0.69580078125,-0.01220703125,-0.634765625,0.1953125,-0.5859375,-0.1220703125,-0.03662109375,0.048828125,0.18310546875,-0.18310546875,-0.67138671875,-0.1953125,1.7333984375,-0.09765625,1.3671875,0.01220703125,0.30517578125,-0.0732421875,-0.048828125,-0.06103515625,0.0244140625,-0.0732421875,0.15869140625,0.20751953125,0.40283203125,-0.06103515625,1.30615234375,0.08544921875,0.08544921875,-0.18310546875,0.30517578125
0,0.0732421875,-0.40283203125,-0.13427734375,-0.390625,-0.03662109375,-0.47607421875,0,-0.09765625,-0.01220703125,-0.0732421875,-0.2197265625,-0.87890625,-0.25634765625,1.06201171875,-0.1953125,-0.13427734375,-0.15869140625,-0.5615234375,-0.06103515625,-0.13427734375,-0.0244140625,0.86669921875,0.30517578125,-0.634765625,-0.25634765625,-0.28076171875,0.06103515625,-0.927734375,-0.13427734375,0.72021484375,0.0732421875,0.13427734375,0.06103515625,-0.1953125,-0.390625,-0.69580078125,-0.4638671875,-0.18310546875,0.15869140625,-0.42724609375,-0.341796875,-0.23193359375,-0.09765625,-0.74462890625,-0.146484375,-0.42724609375,0.57373046875,0.69580078125,0.08544921875,1.123046875,0.15869140625,0.439453125,-0.01220703125,-0.25634765625,-0.98876953125,0.68359375,0.2685546875,0.8056640625,0.06103515625,0.537109375,0.48828125,0.5615234375,0.2685546875,0.09765625,0.09765625,-0.25634765625,-0.08544921875,0.6103515625,-0.06103515625,0.0244140625,-0.15869140625,0,-0.1220703125,0.23193359375,0.0732421875,0.76904296875,-0.1220703125,-0.048828125,0.0244140625,1.28173828125,-0.18310546875,-0.927734375,0.20751953125,-0.40283203125,-0.23193359375,-1.01318359375,-0.01220703125,-0.79345703125,-0.09765625,0.29296875,-0.2197265625,1.23291015625,-0.1708984375,5.615234375,-0.10986328125,1.025390625,-0.06103515625,-0.69580078125,0.03662109375,-0.6591796875,0.390625,-0.57373046875,-0.2197265625,-0.06103515625,0.01220703125,0.1708984375,-0.2685546875,-0.6591796875,-0.18310546875,1.7578125,-0.09765625,1.40380859375,0,0.30517578125,-0.08544921875,-0.048828125,-0.0732421875,0.03662109375,-0.08544921875,0.15869140625,0.341796875,0.35400390625,-0.09765625,1.23291015625,0.08544921875,0,-0.15869140625,0.1708984375
0,0.08544921875,-0.42724609375,-0.146484375,-0.390625,-0.03662109375,-0.48828125,0.0244140625,-0.0732421875,0,-0.08544921875,-0.1953125,-0.87890625,-0.25634765625,1.0498046875,-0.2197265625,-0.13427734375,-0.146484375,-0.57373046875,-0.03662109375,-0.13427734375,0,0.86669921875,0.341796875,-0.6103515625,-0.20751953125,-0.29296875,0.0244140625,-0.9765625,-0.08544921875,0.62255859375,0.0244140625,0.09765625,0.1220703125,-0.40283203125,-0.4638671875,-0.84228515625,-0.439453125,-0.28076171875,0.15869140625,-0.54931640625,-0.341796875,-0.244140625,-0.0244140625,-0.732421875,-0.10986328125,-0.42724609375,0.52490234375,0.69580078125,0.0732421875,1.2939453125,0.18310546875,0.47607421875,0.0244140625,-0.15869140625,-1.03759765625,0.72021484375,0.2685546875,0.78125,0.06103515625,0.537109375,0.45166015625,0.537109375,0.3173828125,0.15869140625,0.0732421875,-0.29296875,0.06103515625,0.64697265625,-0.10986328125,0.06103515625,-0.048828125,0.01220703125,-0.0244140625,0.18310546875,0.048828125,0.74462890625,-0.1708984375,-0.048828125,0.03662109375,1.26953125,-0.18310546875,-0.9765625,0.2197265625,-0.390625,-0.146484375,-1.03759765625,0,-0.78125,-0.06103515625,0.1220703125,-0.18310546875,1.07421875,-0.10986328125,5.0537109375,-0.1220703125,0.8056640625,-0.08544921875,-0.7080078125,0.06103515625,-0.69580078125,0.54931640625,-0.54931640625,-0.25634765625,-0.0732421875,-0.01220703125,0.1953125,-0.28076171875,-0.64697265625,-0.146484375,1.79443359375,-0.1220703125,1.416015625,0,0.32958984375,-0.0732421875,-0.048828125,-0.06103515625,0.048828125,-0.08544921875,0.1708984375,0.29296875,0.3173828125,-0.1220703125,1.13525390625,0.048828125,-0.1220703125,-0.1708984375,-0.01220703125
0,0.09765625,-0.4150390625,-0.146484375,-0.390625,-0.048828125,-0.47607421875,0.048828125,-0.0732421875,-0.03662109375,-0.09765625,-0.244140625,-0.89111328125,-0.25634765625,1.07421875,-0.23193359375,-0.13427734375,-0.10986328125,-0.5615234375,-0.03662109375,-0.146484375,0.0244140625,0.84228515625,0.30517578125,-0.62255859375,-0.09765625,-0.341796875,0,-1.0009765625,-0.03662109375,0.5126953125,0.03662109375,0.0732421875,0.25634765625,-0.5859375,-0.439453125,-0.93994140625,-0.42724609375,-0.37841796875,0.1708984375,-0.64697265625,-0.4150390625,-0.25634765625,0.048828125,-0.74462890625,-0.13427734375,-0.4150390625,0.537109375,0.7080078125,0.1220703125,1.3671875,0.18310546875,0.50048828125,0.06103515625,-0.13427734375,-1.03759765625,0.732421875,0.25634765625,0.7568359375,0.06103515625,0.52490234375,0.390625,0.47607421875,0.2685546875,0.29296875,0,-0.28076171875,0.146484375,0.7568359375,-0.10986328125,0.08544921875,0.06103515625,0.0244140625,0.0732421875,0.1708984375,0,0.74462890625,-0.25634765625,-0.03662109375,0.03662109375,1.26953125,-0.18310546875,-0.98876953125,0.23193359375,-0.40283203125,-0.08544921875,-1.03759765625,0,-0.78125,-0.03662109375,-0.1220703125,-0.15869140625,0.86669921875,-0.048828125,4.39453125,-0.09765625,0.52490234375,-0.13427734375,-0.68359375,0.09765625,-0.732421875,0.7080078125,-0.52490234375,-0.244140625,-0.0732421875,-0.048828125,0.1708984375,-0.2685546875,-0.6591796875,-0.09765625,1.7578125,-0.1220703125,1.416015625,-0.0244140625,0.32958984375,-0.08544921875,-0.03662109375,-0.06103515625,0.08544921875,-0.0732421875,0.15869140625,0.30517578125,0.390625,-0.146484375,1.08642578125,0.0732421875,-0.15869140625,-0.1708984375,-0.09765625
0,0.13427734375,-0.4150390625,-0.146484375,-0.37841796875,-0.03662109375,-0.47607421875,0.048828125,-0.09765625,-0.06103515625,-0.10986328125,-0.23193359375,-0.87890625,-0.25634765625,1.0498046875,-0.29296875,-0.146484375,-0.0732421875,-0.57373046875,-0.03662109375,-0.146484375,-0.0244140625,0.86669921875,0.244140625,-0.62255859375,0.01220703125,-0.3662109375,-0.06103515625,-1.03759765625,0.03662109375,0.40283203125,0.06103515625,0.0244140625,0.244140625,-0.69580078125,-0.48828125,-1.0009765625,-0.4150390625,-0.42724609375,0.1953125,-0.69580078125,-0.40283203125,-0.25634765625,0.08544921875,-0.72021484375,-0.23193359375,-0.4150390625,0.5615234375,0.7080078125,0.1220703125,1.3427734375,0.1220703125,0.50048828125,0.08544921875,-0.09765625,-1.01318359375,0.732421875,0.20751953125,0.732421875,0.08544921875,0.50048828125,0.4150390625,0.45166015625,0.244140625,0.5615234375,-0.03662109375,-0.244140625,0.25634765625,0.8544921875,-0.09765625,0.10986328125,0.146484375,0.048828125,0.1220703125,0.1953125,-0.03662109375,0.76904296875,-0.30517578125,-0.0244140625,0.03662109375,1.2451171875,-0.15869140625,-1.03759765625,0.20751953125,-0.40283203125,-0.0244140625,-1.03759765625,0.01220703125,-0.79345703125,-0.0244140625,-0.390625,-0.1708984375,0.6103515625,-0.06103515625,3.60107421875,-0.10986328125,0.18310546875,-0.146484375,-0.68359375,0.0732421875,-0.732421875,0.76904296875,-0.52490234375,-0.1953125,-0.08544921875,-0.0732421875,0.10986328125,-0.25634765625,-0.68359375,-0.08544921875,1.66015625,-0.146484375,1.3671875,-0.01220703125,0.32958984375,-0.0732421875,-0.0244140625,-0.06103515625,0.0732421875,-0.08544921875,0.146484375,0.25634765625,0.6103515625,-0.15869140625,1.123046875,0.03662109375,-0.13427734375,-0.18310546875,-0.09765625
0,0.146484375,-0.4150390625,-0.15869140625,-0.390625,-0.08544921875,-0.4638671875,0.0732421875,-0.08544921875,-0.06103515625,-0.09765625,-0.23193359375,-0.89111328125,-0.23193359375,1.06201171875,-0.3173828125,-0.1708984375,-0.0244140625,-0.57373046875,-0.09765625,-0.146484375,-0.0244140625,0.86669921875,0.18310546875,-0.62255859375,0.09765625,-0.390625,-0.09765625,-1.07421875,0.06103515625,0.35400390625,0.1708984375,0,0.28076171875,-0.732421875,-0.4638671875,-1.0009765625,-0.42724609375,-0.42724609375,0.28076171875,-0.7080078125,-0.35400390625,-0.23193359375,0.1220703125,-0.7080078125,-0.30517578125,-0.4150390625,0.6103515625,0.69580078125,0.048828125,1.220703125,0.10986328125,0.48828125,0.15869140625,-0.10986328125,-0.96435546875,0.7080078125,0.1953125,0.7568359375,0.10986328125,0.48828125,0.40283203125,0.50048828125,0.10986328125,0.89111328125,-0.09765625,-0.1953125,0.3662109375,0.927734375,-0.06103515625,0.1220703125,0.146484375,0.08544921875,0.146484375,0.23193359375,-0.10986328125,0.78125,-0.29296875,-0.01220703125,0.048828125,1.2451171875,-0.146484375,-1.06201171875,0.18310546875,-0.40283203125,0,-1.03759765625,0.01220703125,-0.79345703125,0.01220703125,-0.67138671875,-0.18310546875,0.3662109375,-0.1220703125,2.783203125,-0.10986328125,-0.18310546875,-0.146484375,-0.67138671875,0.08544921875,-0.72021484375,0.732421875,-0.5126953125,-0.09765625,-0.0732421875,-0.06103515625,0.01220703125,-0.1708984375,-0.76904296875,0,1.46484375,-0.10986328125,1.2939453125,-0.01220703125,0.35400390625,-0.09765625,0,-0.0732421875,0.06103515625,-0.09765625,0.13427734375,0.244140625,1.0498046875,-0.18310546875,1.2939453125,0.03662109375,0.03662109375,-0.15869140625,0.0732421875
1,0.146484375,-0.42724609375,-0.1708984375,-0.37841796875,-0.0732421875,-0.4638671875,0.0732421875,-0.1220703125,-0.0732421875,-0.08544921875,-0.20751953125,-0.87890625,-0.2197265625,1.07421875,-0.32958984375,-0.15869140625,0.0244140625,-0.57373046875,-0.10986328125,-0.1220703125,-0.08544921875,0.87890625,0.1220703125,-0.62255859375,0.1953125,-0.42724609375,-0.10986328125,-1.07421875,0.0244140625,0.30517578125,0.28076171875,-0.0244140625,0.2685546875,-0.68359375,-0.50048828125,-0.96435546875,-0.4638671875,-0.40283203125,0.244140625,-0.69580078125,-0.25634765625,-0.2197265625,0.146484375,-0.7080078125,-0.40283203125,-0.4150390625,0.634765625,0.732421875,0,1.0498046875,0.08544921875,0.4638671875,0.2197265625,-0.1220703125,-0.84228515625,0.69580078125,0.146484375,0.8056640625,0.10986328125,0.54931640625,0.42724609375,0.57373046875,-0.048828125,1.35498046875,-0.13427734375,-0.13427734375,0.341796875,0.98876953125,0,0.15869140625,0.13427734375,0.146484375,0.1220703125,0.29296875,-0.15869140625,0.8056640625,-0.23193359375,-0.01220703125,0.03662109375,1.26953125,-0.146484375,-1.0498046875,0.13427734375,-0.40283203125,0.0244140625,-1.0009765625,0.01220703125,-0.8056640625,0.048828125,-0.9521484375,-0.18310546875,0.13427734375,-0.244140625,2.001953125,-0.09765625,-0.52490234375,-0.09765625,-0.67138671875,0.01220703125,-0.69580078125,0.69580078125,-0.54931640625,-0.03662109375,-0.048828125,-0.03662109375,-0.09765625,-0.146484375,-0.87890625,-0.0244140625,1.15966796875,-0.03662109375,1.18408203125,0.01220703125,0.3173828125,-0.09765625,-0.01220703125,-0.048828125,0.06103515625,-0.08544921875,0.13427734375,0.244140625,1.77001953125,-0.18310546875,1.5869140625,0.048828125,0.32958984375,-0.146484375,0.439453125
1,0.15869140625,-0.4150390625,-0.15869140625,-0.390625,-0.03662109375,-0.4638671875,0.06103515625,-0.1220703125,-0.10986328125,-0.10986328125,-0.1953125,-0.87890625,-0.1953125,1.07421875,-0.3173828125,-0.15869140625,0.01220703125,-0.5615234375,-0.146484375,-0.10986328125,-0.2197265625,0.89111328125,0.1220703125,-0.6103515625,0.244140625,-0.439453125,-0.146484375,-1.0986328125,0.01220703125,0.3173828125,0.40283203125,-0.03662109375,0.1953125,-0.57373046875,-0.5126953125,-0.86669921875,-0.4638671875,-0.35400390625,0.2685546875,-0.64697265625,-0.1220703125,-0.1953125,0.1953125,-0.7080078125,-0.4638671875,-0.4150390625,0.67138671875,0.732421875,-0.01220703125,0.927734375,0.06103515625,0.42724609375,0.25634765625,-0.1708984375,-0.78125,0.6591796875,0.10986328125,0.9033203125,0.13427734375,0.62255859375,0.40283203125,0.67138671875,-0.29296875,1.9287109375,-0.13427734375,-0.0732421875,0.390625,1.025390625,0.09765625,0.146484375,0.18310546875,0.146484375,0.146484375,0.40283203125,-0.2197265625,0.84228515625,-0.15869140625,0,0.01220703125,1.28173828125,-0.10986328125,-1.0498046875,0.09765625,-0.42724609375,0,-1.01318359375,-0.0244140625,-0.84228515625,0.09765625,-1.220703125,-0.1953125,-0.1220703125,-0.3173828125,1.25732421875,-0.08544921875,-0.8544921875,-0.03662109375,-0.68359375,-0.03662109375,-0.7080078125,0.59814453125,-0.57373046875,0.0244140625,-0.0244140625,-0.0244140625,-0.23193359375,-0.0732421875,-1.01318359375,-0.1220703125,0.78125,0.03662109375,1.0498046875,0.03662109375,0.3173828125,-0.09765625,0,-0.048828125,0.0732421875,-0.08544921875,0.13427734375,0.08544921875,2.74658203125,-0.18310546875,2.01416015625,0.0244140625,0.732421875,-0.15869140625,1.03759765625
1,0.1953125,-0.4150390625,-0.1708984375,-0.40283203125,-0.01220703125,-0.439453125,0.06103515625,-0.1220703125,-0.146484375,-0.08544921875,-0.18310546875,-0.9033203125,-0.1708984375,1.08642578125,-0.3173828125,-0.1708984375,0.01220703125,-0.54931640625,-0.1708984375,-0.09765625,-0.30517578125,0.87890625,0.13427734375,-0.62255859375,0.2197265625,-0.439453125,-0.18310546875,-1.11083984375,-0.01220703125,0.32958984375,0.4150390625,-0.03662109375,0.1953125,-0.45166015625,-0.48828125,-0.74462890625,-0.45166015625,-0.28076171875,0.341796875,-0.5859375,0,-0.18310546875,0.23193359375,-0.7080078125,-0.50048828125,-0.40283203125,0.6591796875,0.76904296875,-0.0732421875,0.81787109375,0.048828125,0.390625,0.30517578125,-0.23193359375,-0.72021484375,0.62255859375,0.048828125,1.07421875,0.08544921875,0.74462890625,0.35400390625,0.79345703125,-0.20751953125,2.60009765625,-0.13427734375,-0.03662109375,0.3662109375,1.0009765625,0.15869140625,0.13427734375,0.1220703125,0.15869140625,0.1708984375,0.5126953125,-0.25634765625,0.8544921875,-0.06103515625,-0.01220703125,-0.06103515625,1.28173828125,-0.10986328125,-1.03759765625,0.03662109375,-0.42724609375,-0.0244140625,-1.01318359375,-0.0244140625,-0.8544921875,0.13427734375,-1.45263671875,-0.18310546875,-0.32958984375,-0.341796875,0.5859375,-0.0244140625,-1.13525390625,-0.01220703125,-0.68359375,-0.0732421875,-0.67138671875,0.54931640625,-0.59814453125,0.0732421875,-0.03662109375,-0.01220703125,-0.37841796875,-0.06103515625,-1.15966796875,-0.20751953125,0.32958984375,0.03662109375,0.89111328125,0.0244140625,0.30517578125,-0.1220703125,-0.01220703125,-0.06103515625,0.0732421875,-0.048828125,0.15869140625,-0.01220703125,3.86962890625,-0.1953125,2.55126953125,0.03662109375,1.23291015625,-0.15869140625,1.74560546875
1,0.1953125,-0.37841796875,-0.18310546875,-0.4150390625,0.03662109375,-0.439453125,0.0732421875,-0.10986328125,-0.1708984375,-0.0732421875,-0.18310546875,-0.87890625,-0.2197265625,1.08642578125,-0.3173828125,-0.1708984375,-0.06103515625,-0.5615234375,-0.1708984375,-0.10986328125,-0.42724609375,0.87890625,0.1708984375,-0.62255859375,0.13427734375,-0.4150390625,-0.18310546875,-1.07421875,0.048828125,0.390625,0.4150390625,-0.0244140625,0.06103515625,-0.32958984375,-0.5859375,-0.62255859375,-0.48828125,-0.244140625,0.37841796875,-0.537109375,0.15869140625,-0.15869140625,0.244140625,-0.7080078125,-0.50048828125,-0.40283203125,0.68359375,0.79345703125,-0.1953125,0.78125,0.03662109375,0.35400390625,0.32958984375,-0.25634765625,-0.634765625,0.62255859375,-0.01220703125,1.30615234375,0.08544921875,0.87890625,0.3173828125,0.96435546875,-0.3173828125,3.3447265625,-0.08544921875,-0.03662109375,0.20751953125,0.96435546875,0.15869140625,0.1220703125,0.048828125,0.15869140625,0.1708984375,0.62255859375,-0.25634765625,0.9033203125,-0.048828125,0,-0.09765625,1.2939453125,-0.06103515625,-1.025390625,-0.0244140625,-0.439453125,-0.01220703125,-0.98876953125,0,-0.830078125,0.1220703125,-1.6357421875,-0.1708984375,-0.50048828125,-0.32958984375,0.0244140625,0,-1.3671875,0,-0.67138671875,-0.1220703125,-0.67138671875,0.4638671875,-0.634765625,0.10986328125,-0.0244140625,0,-0.537109375,-0.01220703125,-1.2939453125,-0.244140625,-0.15869140625,0,0.7080078125,0.01220703125,0.32958984375,-0.10986328125,0,-0.048828125,0.0732421875,-0.06103515625,0.15869140625,0.0244140625,5.1025390625,-0.25634765625,3.076171875,0.01220703125,1.77001953125,-0.20751953125,2.55126953125
1,0.28076171875,-0.37841796875,-0.1708984375,-0.4150390625,0.03662109375,-0.4150390625,0.0732421875,-0.1220703125,-0.20751953125,-0.06103515625,-0.13427734375,-0.9033203125,-0.2197265625,1.07421875,-0.32958984375,-0.15869140625,-0.146484375,-0.5615234375,-0.13427734375,-0.10986328125,-0.48828125,0.87890625,0.1953125,-0.634765625,0.0732421875,-0.40283203125,-0.18310546875,-1.0498046875,0.09765625,0.48828125,0.3662109375,-0.01220703125,0.1220703125,-0.2685546875,-0.6103515625,-0.50048828125,-0.50048828125,-0.1953125,0.47607421875,-0.537109375,0.244140625,-0.1708984375,0.28076171875,-0.7080078125,-0.45166015625,-0.40283203125,0.6591796875,0.86669921875,-0.20751953125,0.84228515625,0.01220703125,0.341796875,0.37841796875,-0.28076171875,-0.59814453125,0.62255859375,0,1.5380859375,0.09765625,1.06201171875,0.32958984375,1.123046875,-0.146484375,4.150390625,0,-0.06103515625,0.1708984375,0.9033203125,0.18310546875,0.1220703125,0.0244140625,0.13427734375,0.08544921875,0.732421875,-0.2685546875,0.8544921875,0,-0.01220703125,-0.15869140625,1.33056640625,0.01220703125,-0.98876953125,-0.09765625,-0.42724609375,-0.01220703125,-1.0009765625,0,-0.84228515625,0.09765625,-1.7822265625,-0.13427734375,-0.62255859375,-0.2685546875,-0.390625,0.048828125,-1.52587890625,0.0244140625,-0.6591796875,-0.1220703125,-0.6591796875,0.28076171875,-0.64697265625,0.09765625,-0.0244140625,0,-0.67138671875,0.06103515625,-1.42822265625,-0.25634765625,-0.5859375,-0.03662109375,0.5615234375,0.01220703125,0.341796875,-0.1220703125,-0.0244140625,-0.0732421875,0.06103515625,-0.06103515625,0.1953125,0.146484375,6.35986328125,-0.23193359375,3.61328125,0.03662109375,2.2705078125,-0.1708984375,3.3447265625
1,0.23193359375,-0.390625,-0.1953125,-0.439453125,0.0244140625,-0.42724609375,0.08544921875,-0.1220703125,-0.244140625,-0.08544921875,-0.13427734375,-0.89111328125,-0.20751953125,1.06201171875,-0.3173828125,-0.146484375,-0.2197265625,-0.54931640625,-0.10986328125,-0.09765625,-0.48828125,0.87890625,0.2197265625,-0.62255859375,-0.048828125,-0.3662109375,-0.25634765625,-1.025390625,0.09765625,0.54931640625,0.244140625,-0.01220703125,0.146484375,-0.2685546875,-0.634765625,-0.4638671875,-0.54931640625,-0.23193359375,0.52490234375,-0.5615234375,0.29296875,-0.15869140625,0.32958984375,-0.732421875,-0.35400390625,-0.40283203125,0.6591796875,0.927734375,-0.244140625,0.9521484375,-0.048828125,0.3662109375,0.35400390625,-0.2685546875,-0.54931640625,0.62255859375,0.0244140625,1.7822265625,0.13427734375,1.18408203125,0.32958984375,1.25732421875,-0.23193359375,4.89501953125,0.0732421875,-0.08544921875,0.10986328125,0.830078125,0.146484375,0.1220703125,-0.048828125,0.10986328125,0.01220703125,0.830078125,-0.30517578125,0.86669921875,0.0244140625,-0.03662109375,-0.1953125,1.2939453125,0.08544921875,-0.93994140625,-0.146484375,-0.439453125,0.0244140625,-1.01318359375,0,-0.84228515625,0.01220703125,-1.85546875,-0.08544921875,-0.68359375,-0.146484375,-0.68359375,0.0732421875,-1.62353515625,0,-0.67138671875,-0.09765625,-0.6591796875,0.09765625,-0.64697265625,0.06103515625,-0.03662109375,-0.03662109375,-0.76904296875,0.0732421875,-1.513671875,-0.30517578125,-0.93994140625,-0.09765625,0.45166015625,0.01220703125,0.32958984375,-0.10986328125,-0.0244140625,-0.048828125,0.048828125,-0.06103515625,0.1953125,0.18310546875,7.50732421875,-0.2197265625,4.052734375,0.048828125,2.734375,-0.10986328125,4.052734375
1,0.2197265625,-0.40283203125,-0.1953125,-0.4150390625,-0.0244140625,-0.42724609375,0.0732421875,-0.1220703125,-0.28076171875,-0.06103515625,-0.1220703125,-0.91552734375,-0.1953125,1.0498046875,-0.32958984375,-0.15869140625,-0.28076171875,-0.537109375,-0.0732421875,-0.09765625,-0.47607421875,0.89111328125,0.23193359375,-0.634765625,-0.146484375,-0.341796875,-0.25634765625,-1.0009765625,0.0732421875,0.6103515625,0.18310546875,0.0244140625,0.15869140625,-0.32958984375,-0.69580078125,-0.45166015625,-0.5859375,-0.29296875,0.57373046875,-0.6103515625,0.25634765625,-0.20751953125,0.3662109375,-0.7080078125,-0.2197265625,-0.390625,0.634765625,0.93994140625,-0.18310546875,1.08642578125,-0.09765625,0.390625,0.390625,-0.2685546875,-0.390625,0.68359375,-0.06103515625,2.0263671875,0.15869140625,1.35498046875,0.3662109375,1.3916015625,-0.28076171875,5.615234375,0.08544921875,-0.10986328125,-0.0244140625,0.78125,0.048828125,0.13427734375,-0.06103515625,0.09765625,-0.0732421875,0.89111328125,-0.30517578125,0.91552734375,0.01220703125,-0.048828125,-0.18310546875,1.2939453125,0.09765625,-0.9033203125,-0.18310546875,-0.4150390625,0.06103515625,-1.025390625,-0.06103515625,-0.830078125,-0.06103515625,-1.89208984375,-0.03662109375,-0.72021484375,-0.03662109375,-0.84228515625,0.048828125,-1.66015625,-0.01220703125,-0.6591796875,-0.10986328125,-0.67138671875,-0.0244140625,-0.634765625,0,-0.06103515625,-0.0244140625,-0.79345703125,0.0732421875,-1.5625,-0.30517578125,-1.13525390625,-0.146484375,0.4150390625,0.01220703125,0.341796875,-0.10986328125,-0.03662109375,-0.048828125,0.03662109375,-0.0732421875,0.1953125,0.08544921875,8.45947265625,-0.25634765625,4.345703125,0.0244140625,3.076171875,-0.0732421875,4.60205078125
1,0.244140625,-0.4150390625,-0.20751953125,-0.390625,-0.0244140625,-0.4150390625,0.06103515625,-0.09765625,-0.29296875,-0.0732421875,-0.1220703125,-0.927734375,-0.1953125,1.025390625,-0.32958984375,-0.1708984375,-0.32958984375,-0.57373046875,-0.08544921875,-0.09765625,-0.4150390625,0.86669921875,0.18310546875,-0.634765625,-0.2197265625,-0.3173828125,-0.29296875,-0.98876953125,0,0.64697265625,0.13427734375,0.06103515625,0.2197265625,-0.45166015625,-0.7080078125,-0.48828125,-0.59814453125,-0.341796875,0.54931640625,-0.68359375,0.1708984375,-0.20751953125,0.40283203125,-0.7080078125,-0.08544921875,-0.40283203125,0.5615234375,1.0009765625,-0.10986328125,1.20849609375,-0.146484375,0.45166015625,0.4150390625,-0.2197265625,-0.28076171875,0.72021484375,0.0244140625,2.20947265625,0.15869140625,1.4892578125,0.35400390625,1.47705078125,-0.29296875,6.2255859375,0.13427734375,-0.13427734375,-0.0244140625,0.7568359375,0.0244140625,0.146484375,0,0.08544921875,-0.146484375,0.93994140625,-0.3173828125,0.8544921875,0.01220703125,-0.06103515625,-0.146484375,1.25732421875,0.09765625,-0.8544921875,-0.23193359375,-0.4150390625,0.10986328125,-1.025390625,-0.10986328125,-0.830078125,-0.0732421875,-1.89208984375,-0.01220703125,-0.69580078125,0.13427734375,-0.927734375,0.03662109375,-1.67236328125,-0.0244140625,-0.67138671875,-0.0732421875,-0.68359375,-0.0732421875,-0.62255859375,-0.1220703125,-0.048828125,-0.01220703125,-0.76904296875,0.06103515625,-1.55029296875,-0.390625,-1.11083984375,-0.1953125,0.4150390625,0.03662109375,0.32958984375,-0.09765625,-0.048828125,-0.06103515625,0.03662109375,-0.048828125,0.18310546875,0.08544921875,9.19189453125,-0.1953125,4.55322265625,0.03662109375,3.2958984375,-0.06103515625,4.96826171875
1,0.2685546875,-0.42724609375,-0.2197265625,-0.390625,-0.01220703125,-0.4638671875,0.048828125,-0.08544921875,-0.3173828125,-0.08544921875,-0.146484375,-0.9033203125,-0.1953125,1.025390625,-0.30517578125,-0.15869140625,-0.32958984375,-0.5615234375,-0.06103515625,-0.09765625,-0.29296875,0.87890625,0.13427734375,-0.64697265625,-0.28076171875,-0.30517578125,-0.3173828125,-0.9765625,-0.08544921875,0.6591796875,0.10986328125,0.0732421875,0.15869140625,-0.5615234375,-0.68359375,-0.5615234375,-0.537109375,-0.4150390625,0.48828125,-0.74462890625,0.1220703125,-0.23193359375,0.341796875,-0.72021484375,0,-0.4150390625,0.52490234375,1.025390625,-0.09765625,1.30615234375,-0.2197265625,0.47607421875,0.3662109375,-0.1953125,-0.18310546875,0.7568359375,0.048828125,2.38037109375,0.146484375,1.5625,0.40283203125,1.5869140625,-0.40283203125,6.72607421875,0.1708984375,-0.13427734375,-0.1220703125,0.78125,-0.09765625,0.1708984375,-0.0244140625,0.09765625,-0.2197265625,0.96435546875,-0.30517578125,0.830078125,-0.01220703125,-0.0732421875,-0.146484375,1.25732421875,0.0732421875,-0.81787109375,-0.2197265625,-0.4150390625,0.10986328125,-1.03759765625,-0.18310546875,-0.84228515625,-0.146484375,-1.8798828125,-0.048828125,-0.68359375,0.2197265625,-0.9521484375,-0.01220703125,-1.64794921875,-0.08544921875,-0.6591796875,-0.0732421875,-0.69580078125,-0.09765625,-0.59814453125,-0.1953125,-0.06103515625,0,-0.69580078125,0.0244140625,-1.46484375,-0.30517578125,-0.9033203125,-0.2197265625,0.52490234375,0.01220703125,0.35400390625,-0.09765625,-0.06103515625,-0.06103515625,0.01220703125,-0.03662109375,0.18310546875,0.10986328125,9.6435546875,-0.25634765625,4.60205078125,0,3.369140625,-0.0732421875,5.126953125
1,0.28076171875,-0.439453125,-0.2197265625,-0.3662109375,0.01220703125,-0.4638671875,0.03662109375,-0.0732421875,-0.35400390625,-0.08544921875,-0.13427734375,-0.91552734375,-0.18310546875,1.0498046875,-0.28076171875,-0.146484375,-0.2685546875,-0.59814453125,-0.0732421875,-0.1220703125,-0.244140625,0.87890625,0.08544921875,-0.64697265625,-0.341796875,-0.3173828125,-0.32958984375,-0.9765625,-0.18310546875,0.6591796875,0.08544921875,0.08544921875,0.18310546875,-0.64697265625,-0.69580078125,-0.62255859375,-0.48828125,-0.47607421875,0.42724609375,-0.76904296875,0.1220703125,-0.244140625,0.29296875,-0.72021484375,0.048828125,-0.439453125,0.54931640625,1.0498046875,-0.06103515625,1.3671875,-0.2197265625,0.537109375,0.341796875,-0.1220703125,-0.06103515625,0.79345703125,0.09765625,2.4658203125,0.1220703125,1.59912109375,0.37841796875,1.64794921875,-0.3173828125,7.06787109375,0.1953125,-0.13427734375,-0.146484375,0.81787109375,-0.1953125,0.1953125,-0.06103515625,0.10986328125,-0.2685546875,0.96435546875,-0.3173828125,0.84228515625,-0.03662109375,-0.06103515625,-0.0732421875,1.23291015625,0.03662109375,-0.7568359375,-0.20751953125,-0.40283203125,0.09765625,-1.0498046875,-0.23193359375,-0.84228515625,-0.15869140625,-1.85546875,-0.03662109375,-0.67138671875,0.2197265625,-0.91552734375,-0.03662109375,-1.62353515625,-0.1708984375,-0.64697265625,-0.10986328125,-0.7080078125,0.0244140625,-0.57373046875,-0.244140625,-0.06103515625,0.0244140625,-0.537109375,-0.03662109375,-1.33056640625,-0.25634765625,-0.48828125,-0.23193359375,0.67138671875,0.0244140625,0.341796875,-0.09765625,-0.0244140625,-0.06103515625,0.01220703125,-0.0244140625,0.18310546875,0.1953125,9.82666015625,-0.244140625,4.541015625,0.0244140625,3.3447265625,-0.03662109375,5.13916015625
1,0.28076171875,-0.439453125,-0.2197265625,-0.35400390625,0.0244140625,-0.45166015625,0.01220703125,-0.0732421875,-0.3662109375,-0.0732421875,-0.13427734375,-0.9033203125,-0.18310546875,1.06201171875,-0.2685546875,-0.146484375,-0.20751953125,-0.59814453125,-0.08544921875,-0.10986328125,-0.1953125,0.89111328125,0.048828125,-0.62255859375,-0.3173828125,-0.29296875,-0.30517578125,-0.96435546875,-0.25634765625,0.6591796875,0.146484375,0.08544921875,0.13427734375,-0.67138671875,-0.634765625,-0.68359375,-0.439453125,-0.48828125,0.3662109375,-0.7568359375,0.15869140625,-0.244140625,0.1708984375,-0.7080078125,0.048828125,-0.45166015625,0.6103515625,1.03759765625,0.01220703125,1.318359375,-0.3173828125,0.54931640625,0.23193359375,-0.10986328125,0.03662109375,0.8056640625,0.15869140625,2.4658203125,0.13427734375,1.611328125,0.37841796875,1.6845703125,-0.09765625,7.26318359375,0.2197265625,-0.0732421875,-0.13427734375,0.9033203125,-0.20751953125,0.23193359375,-0.06103515625,0.15869140625,-0.244140625,0.9765625,-0.30517578125,0.8056640625,-0.0732421875,-0.0732421875,-0.01220703125,1.23291015625,-0.048828125,-0.732421875,-0.1953125,-0.390625,0.03662109375,-1.03759765625,-0.2197265625,-0.84228515625,-0.13427734375,-1.806640625,-0.03662109375,-0.64697265625,0.3173828125,-0.87890625,-0.01220703125,-1.611328125,-0.2685546875,-0.67138671875,-0.09765625,-0.7080078125,0.13427734375,-0.57373046875,-0.2197265625,-0.06103515625,0.0732421875,-0.32958984375,-0.08544921875,-1.1474609375,-0.20751953125,0.08544921875,-0.2197265625,0.86669921875,0,0.341796875,-0.0732421875,-0.03662109375,-0.0732421875,-0.01220703125,0,0.15869140625,0.10986328125,9.765625,-0.20751953125,4.4189453125,0.03662109375,3.22265625,-0.0244140625,4.99267578125
1,0.244140625,-0.40283203125,-0.2197265625,-0.341796875,-0.01220703125,-0.4638671875,0.01220703125,-0.08544921875,-0.390625,-0.08544921875,-0.146484375,-0.9033203125,-0.1953125,1.06201171875,-0.25634765625,-0.1708984375,-0.13427734375,-0.59814453125,-0.10986328125,-0.13427734375,-0.15869140625,0.87890625,0.0244140625,-0.634765625,-0.3173828125,-0.30517578125,-0.28076171875,-0.9521484375,-0.2197265625,0.67138671875,0.09765625,0.09765625,0.048828125,-0.6103515625,-0.57373046875,-0.72021484375,-0.439453125,-0.4638671875,0.390625,-0.72021484375,0.18310546875,-0.244140625,0.09765625,-0.69580078125,0.01220703125,-0.45166015625,0.62255859375,0.98876953125,0.048828125,1.26953125,-0.341796875,0.57373046875,0.18310546875,-0.0732421875,0.08544921875,0.79345703125,0.18310546875,2.42919921875,0.146484375,1.5869140625,0.37841796875,1.67236328125,-0.09765625,7.31201171875,0.2197265625,0,-0.23193359375,1.01318359375,-0.244140625,0.28076171875,-0.10986328125,0.23193359375,-0.244140625,0.9521484375,-0.32958984375,0.81787109375,-0.08544921875,-0.0732421875,0.048828125,1.220703125,-0.09765625,-0.69580078125,-0.1708984375,-0.390625,-0.03662109375,-1.01318359375,-0.15869140625,-0.84228515625,-0.0732421875,-1.7822265625,-0.06103515625,-0.6103515625,0.32958984375,-0.830078125,0.01220703125,-1.611328125,-0.341796875,-0.64697265625,-0.09765625,-0.7080078125,0.25634765625,-0.5615234375,-0.15869140625,-0.048828125,0.1220703125,-0.0732421875,-0.09765625,-0.927734375,-0.25634765625,0.79345703125,-0.18310546875,1.11083984375,-0.0244140625,0.341796875,-0.0732421875,-0.03662109375,-0.048828125,-0.01220703125,0,0.15869140625,0.01220703125,9.50927734375,-0.18310546875,4.26025390625,0.08544921875,3.076171875,-0.048828125,4.78515625
1,0.244140625,-0.40283203125,-0.23193359375,-0.3662109375,-0.03662109375,-0.45166015625,0.01220703125,-0.09765625,-0.40283203125,-0.08544921875,-0.146484375,-0.9033203125,-0.18310546875,1.07421875,-0.2685546875,-0.1708984375,-0.0732421875,-0.6103515625,-0.09765625,-0.13427734375,-0.15869140625,0.89111328125,0.0244140625,-0.62255859375,-0.3173828125,-0.29296875,-0.244140625,-0.9521484375,-0.20751953125,0.6591796875,0.09765625,0.10986328125,0.146484375,-0.48828125,-0.439453125,-0.732421875,-0.40283203125,-0.40283203125,0.40283203125,-0.634765625,0.20751953125,-0.244140625,0.0244140625,-0.7080078125,-0.048828125,-0.439453125,0.5859375,0.9521484375,0.09765625,1.18408203125,-0.30517578125,0.5615234375,0.146484375,-0.09765625,0.10986328125,0.78125,0.23193359375,2.35595703125,0.244140625,1.5380859375,0.390625,1.64794921875,0.0244140625,7.2265625,0.2197265625,0.10986328125,-0.2685546875,1.11083984375,-0.1953125,0.341796875,-0.1220703125,0.29296875,-0.20751953125,0.927734375,-0.3173828125,0.8056640625,-0.06103515625,-0.0244140625,0.09765625,1.2451171875,-0.146484375,-0.634765625,-0.13427734375,-0.37841796875,-0.1220703125,-1.0009765625,-0.048828125,-0.84228515625,-0.0244140625,-1.77001953125,-0.048828125,-0.5859375,0.341796875,-0.79345703125,0.048828125,-1.5869140625,-0.35400390625,-0.6591796875,-0.13427734375,-0.7080078125,0.3662109375,-0.5615234375,-0.048828125,-0.03662109375,0.1220703125,0.20751953125,-0.10986328125,-0.69580078125,-0.146484375,1.5380859375,-0.15869140625,1.35498046875,-0.03662109375,0.3173828125,-0.06103515625,-0.01220703125,-0.048828125,-0.048828125,-0.01220703125,0.146484375,-0.048828125,9.08203125,-0.18310546875,4.0771484375,0.09765625,2.89306640625,-0.0244140625,4.55322265625
1,0.28076171875,-0.37841796875,-0.20751953125,-0.3662109375,-0.048828125,-0.439453125,0.01220703125,-0.1220703125,-0.37841796875,-0.08544921875,-0.146484375,-0.87890625,-0.15869140625,1.06201171875,-0.244140625,-0.1708984375,-0.01220703125,-0.59814453125,-0.09765625,-0.09765625,-0.20751953125,0.9033203125,0.03662109375,-0.6103515625,-0.25634765625,-0.29296875,-0.1708984375,-0.9521484375,-0.23193359375,0.67138671875,-0.01220703125,0.13427734375,0.08544921875,-0.30517578125,-0.40283203125,-0.7568359375,-0.390625,-0.3662109375,0.42724609375,-0.5615234375,0.29296875,-0.244140625,-0.048828125,-0.7080078125,-0.08544921875,-0.42724609375,0.57373046875,0.87890625,0.10986328125,1.15966796875,-0.30517578125,0.54931640625,0.08544921875,-0.09765625,0.048828125,0.7568359375,0.2197265625,2.24609375,0.28076171875,1.47705078125,0.45166015625,1.59912109375,0.03662109375,7.0068359375,0.20751953125,0.23193359375,-0.28076171875,1.171875,-0.10986328125,0.390625,-0.18310546875,0.3173828125,-0.18310546875,0.86669921875,-0.2685546875,0.79345703125,0,0,0.10986328125,1.2451171875,-0.1708984375,-0.6103515625,-0.1220703125,-0.390625,-0.15869140625,-1.01318359375,0,-0.8544921875,0.03662109375,-1.77001953125,0,-0.5615234375,0.3173828125,-0.7568359375,0.0732421875,-1.5869140625,-0.32958984375,-0.64697265625,-0.18310546875,-0.69580078125,0.48828125,-0.54931640625,0.06103515625,-0.03662109375,0.15869140625,0.47607421875,-0.06103515625,-0.45166015625,-0.10986328125,2.28271484375,-0.13427734375,1.59912109375,-0.048828125,0.32958984375,-0.06103515625,-0.01220703125,-0.06103515625,-0.06103515625,0,0.146484375,-0.10986328125,8.5205078125,-0.2197265625,3.90625,0.08544921875,2.7099609375,-0.0732421875,4.28466796875
0,0.29296875,-0.40283203125,-0.244140625,-0.3662109375,-0.01220703125,-0.4150390625,0.03662109375,-0.1220703125,-0.37841796875,-0.08544921875,-0.146484375,-0.9033203125,-0.146484375,1.06201171875,-0.2197265625,-0.1708984375,-0.01220703125,-0.5859375,-0.09765625,-0.08544921875,-0.2685546875,0.927734375,0.0732421875,-0.59814453125,-0.1953125,-0.28076171875,-0.15869140625,-0.9521484375,-0.10986328125,0.6591796875,-0.0244140625,0.1220703125,0.01220703125,-0.15869140625,-0.35400390625,-0.78125,-0.390625,-0.30517578125,0.4150390625,-0.50048828125,0.28076171875,-0.244140625,-0.048828125,-0.69580078125,-0.09765625,-0.4150390625,0.5126953125,0.78125,0.06103515625,1.1474609375,-0.23193359375,0.54931640625,0.03662109375,-0.13427734375,0.0244140625,0.7568359375,0.18310546875,2.16064453125,0.37841796875,1.416015625,0.54931640625,1.5380859375,0.01220703125,6.689453125,0.15869140625,0.3173828125,-0.28076171875,1.23291015625,-0.048828125,0.4150390625,-0.25634765625,0.3662109375,-0.13427734375,0.84228515625,-0.25634765625,0.84228515625,0.0732421875,0.01220703125,0.08544921875,1.26953125,-0.18310546875,-0.5859375,-0.048828125,-0.390625,-0.1708984375,-1.0009765625,0.03662109375,-0.8544921875,0.0732421875,-1.74560546875,0.048828125,-0.54931640625,0.25634765625,-0.72021484375,0.08544921875,-1.5869140625,-0.29296875,-0.6591796875,-0.1953125,-0.69580078125,0.6103515625,-0.5859375,0.1708984375,-0.048828125,0.15869140625,0.7080078125,-0.0732421875,-0.2685546875,-0.13427734375,2.9296875,-0.1220703125,1.81884765625,-0.06103515625,0.3173828125,-0.03662109375,-0.01220703125,-0.06103515625,-0.06103515625,0,0.146484375,-0.13427734375,7.92236328125,-0.23193359375,3.72314453125,0.08544921875,2.52685546875,-0.08544921875,4.0283203125
0,0.30517578125,-0.40283203125,-0.20751953125,-0.390625,0,-0.439453125,0.06103515625,-0.1220703125,-0.37841796875,-0.08544921875,-0.146484375,-0.89111328125,-0.1220703125,1.06201171875,-0.1953125,-0.1708984375,-0.0244140625,-0.5615234375,-0.06103515625,-0.08544921875,-0.341796875,0.927734375,0.09765625,-0.59814453125,-0.146484375,-0.29296875,-0.1220703125,-0.93994140625,-0.1220703125,0.67138671875,0,0.1220703125,0.048828125,-0.06103515625,-0.341796875,-0.8056640625,-0.37841796875,-0.2685546875,0.439453125,-0.45166015625,0.3173828125,-0.244140625,-0.0732421875,-0.69580078125,-0.10986328125,-0.390625,0.4638671875,0.67138671875,-0.01220703125,1.18408203125,-0.146484375,0.54931640625,-0.0244140625,-0.1708984375,-0.0244140625,0.7568359375,0.146484375,2.0751953125,0.35400390625,1.35498046875,0.50048828125,1.46484375,0.048828125,6.3232421875,0.09765625,0.37841796875,-0.28076171875,1.1962890625,0.0244140625,0.439453125,-0.32958984375,0.37841796875,-0.10986328125,0.79345703125,-0.1708984375,0.830078125,0.13427734375,0.03662109375,0.03662109375,1.25732421875,-0.18310546875,-0.54931640625,0.0244140625,-0.390625,-0.20751953125,-1.0009765625,0.048828125,-0.830078125,0.09765625,-1.7578125,0.146484375,-0.537109375,0.146484375,-0.7080078125,0.08544921875,-1.5869140625,-0.23193359375,-0.64697265625,-0.25634765625,-0.68359375,0.78125,-0.5859375,0.244140625,-0.03662109375,0.15869140625,0.9033203125,-0.01220703125,-0.09765625,-0.10986328125,3.45458984375,-0.10986328125,2.001953125,-0.0732421875,0.32958984375,-0.06103515625,-0.0244140625,-0.06103515625,-0.06103515625,0.01220703125,0.13427734375,-0.06103515625,7.275390625,-0.25634765625,3.60107421875,0.048828125,2.3681640625,-0.08544921875,3.7841796875
0,0.29296875,-0.390625,-0.20751953125,-0.40283203125,0.0244140625,-0.4150390625,0.08544921875,-0.10986328125,-0.37841796875,-0.06103515625,-0.1220703125,-0.87890625,-0.1220703125,1.0498046875,-0.1953125,-0.1708984375,-0.06103515625,-0.5615234375,-0.048828125,-0.08544921875,-0.37841796875,0.927734375,0.08544921875,-0.59814453125,-0.1220703125,-0.29296875,-0.1220703125,-0.96435546875,-0.048828125,0.6591796875,-0.0244140625,0.10986328125,0.09765625,-0.0244140625,-0.3662109375,-0.84228515625,-0.4150390625,-0.2685546875,0.439453125,-0.439453125,0.28076171875,-0.244140625,-0.06103515625,-0.68359375,-0.1220703125,-0.390625,0.4638671875,0.5859375,-0.10986328125,1.26953125,-0.09765625,0.5615234375,-0.0732421875,-0.1953125,-0.09765625,0.78125,0.09765625,1.9775390625,0.4150390625,1.318359375,0.4638671875,1.3671875,0.0732421875,5.9326171875,0.08544921875,0.390625,-0.32958984375,1.15966796875,0.08544921875,0.439453125,-0.32958984375,0.37841796875,-0.1708984375,0.7568359375,-0.0732421875,0.84228515625,0.1708984375,0.0244140625,-0.01220703125,1.2939453125,-0.146484375,-0.57373046875,0.09765625,-0.4150390625,-0.1953125,-0.98876953125,-0.0244140625,-0.81787109375,0.03662109375,-1.77001953125,0.2197265625,-0.537109375,0.06103515625,-0.68359375,0.0732421875,-1.57470703125,-0.15869140625,-0.64697265625,-0.28076171875,-0.67138671875,0.87890625,-0.59814453125,0.28076171875,-0.03662109375,0.13427734375,1.01318359375,0.0244140625,0.01220703125,-0.18310546875,3.7841796875,-0.09765625,2.11181640625,-0.0732421875,0.341796875,-0.0244140625,-0.0244140625,-0.048828125,-0.048828125,0,0.13427734375,-0.08544921875,6.65283203125,-0.23193359375,3.47900390625,0.048828125,2.2216796875,-0.09765625,3.564453125
0,0.29296875,-0.4150390625,-0.18310546875,-0.37841796875,0.048828125,-0.4150390625,0.10986328125,-0.09765625,-0.37841796875,-0.06103515625,-0.1220703125,-0.9033203125,-0.1220703125,1.0498046875,-0.2197265625,-0.146484375,-0.10986328125,-0.54931640625,-0.048828125,-0.09765625,-0.35400390625,0.927734375,0.0732421875,-0.62255859375,-0.09765625,-0.30517578125,-0.1220703125,-0.9765625,0,0.6591796875,0,0.09765625,0.1953125,-0.06103515625,-0.3662109375,-0.9033203125,-0.40283203125,-0.3173828125,0.50048828125,-0.4638671875,0.23193359375,-0.25634765625,-0.01220703125,-0.69580078125,-0.10986328125,-0.40283203125,0.341796875,0.48828125,-0.1220703125,1.3427734375,-0.03662109375,0.5859375,-0.146484375,-0.20751953125,-0.146484375,0.79345703125,0.06103515625,1.904296875,0.4150390625,1.25732421875,0.42724609375,1.28173828125,0.09765625,5.5419921875,0.03662109375,0.390625,-0.35400390625,1.0986328125,0.1220703125,0.4150390625,-0.3173828125,0.35400390625,-0.23193359375,0.72021484375,0.01220703125,0.84228515625,0.15869140625,0,-0.06103515625,1.318359375,-0.13427734375,-0.57373046875,0.146484375,-0.40283203125,-0.1708984375,-0.96435546875,-0.08544921875,-0.8056640625,-0.01220703125,-1.74560546875,0.25634765625,-0.537109375,-0.01220703125,-0.68359375,0.10986328125,-1.5625,-0.09765625,-0.64697265625,-0.28076171875,-0.64697265625,0.89111328125,-0.634765625,0.28076171875,-0.048828125,0.10986328125,1.07421875,0.048828125,0.0732421875,-0.2685546875,3.91845703125,-0.10986328125,2.16064453125,-0.06103515625,0.32958984375,-0.03662109375,-0.03662109375,-0.06103515625,0,-0.01220703125,0.13427734375,-0.10986328125,6.103515625,-0.25634765625,3.35693359375,0.06103515625,2.08740234375,-0.0732421875,3.33251953125
0,0.28076171875,-0.4150390625,-0.18310546875,-0.390625,0.048828125,-0.42724609375,0.1220703125,-0.09765625,-0.3662109375,-0.048828125,-0.1220703125,-0.9033203125,-0.10986328125,1.0498046875,-0.23193359375,-0.15869140625,-0.15869140625,-0.54931640625,-0.06103515625,-0.09765625,-0.3173828125,0.93994140625,0.06103515625,-0.6103515625,-0.06103515625,-0.3173828125,-0.1953125,-0.9765625,0.03662109375,0.68359375,0.01220703125,0.06103515625,0.23193359375,-0.15869140625,-0.37841796875,-0.93994140625,-0.40283203125,-0.390625,0.5615234375,-0.537109375,0.20751953125,-0.25634765625,0.01220703125,-0.69580078125,-0.10986328125,-0.40283203125,0.244140625,0.439453125,-0.146484375,1.3916015625,-0.0244140625,0.59814453125,-0.18310546875,-0.20751953125,-0.2197265625,0.830078125,0.03662109375,1.806640625,0.47607421875,1.1962890625,0.47607421875,1.23291015625,0.2685546875,5.17578125,0.06103515625,0.35400390625,-0.29296875,1.0009765625,0.10986328125,0.37841796875,-0.2685546875,0.32958984375,-0.25634765625,0.7080078125,0.06103515625,0.84228515625,0.15869140625,-0.01220703125,-0.09765625,1.2939453125,-0.08544921875,-0.6103515625,0.18310546875,-0.4150390625,-0.1953125,-0.98876953125,-0.146484375,-0.81787109375,-0.06103515625,-1.77001953125,0.23193359375,-0.52490234375,-0.1708984375,-0.67138671875,0.1220703125,-1.513671875,-0.0244140625,-0.634765625,-0.32958984375,-0.64697265625,0.86669921875,-0.6591796875,0.23193359375,-0.06103515625,-0.01220703125,1.025390625,0.10986328125,0.0732421875,-0.341796875,3.8818359375,-0.1220703125,2.16064453125,-0.048828125,0.35400390625,-0.03662109375,-0.0244140625,-0.048828125,0.03662109375,-0.03662109375,0.146484375,-0.13427734375,5.62744140625,-0.30517578125,3.22265625,0.03662109375,1.9775390625,-0.048828125,3.125
0,0.29296875,-0.4150390625,-0.146484375,-0.37841796875,0.01220703125,-0.42724609375,0.13427734375,-0.08544921875,-0.37841796875,-0.048828125,-0.13427734375,-0.91552734375,-0.08544921875,1.06201171875,-0.23193359375,-0.15869140625,-0.2197265625,-0.54931640625,-0.08544921875,-0.08544921875,-0.20751953125,0.927734375,0.03662109375,-0.6103515625,-0.03662109375,-0.30517578125,-0.2197265625,-1.0009765625,0.03662109375,0.732421875,0.0244140625,0.06103515625,0.244140625,-0.23193359375,-0.35400390625,-0.9765625,-0.42724609375,-0.4150390625,0.6103515625,-0.59814453125,0.1953125,-0.28076171875,0,-0.68359375,-0.1220703125,-0.390625,0.1953125,0.42724609375,-0.0732421875,1.45263671875,-0.01220703125,0.62255859375,-0.244140625,-0.18310546875,-0.244140625,0.84228515625,0.0244140625,1.7578125,0.50048828125,1.13525390625,0.47607421875,1.18408203125,0.1953125,4.8828125,0.0732421875,0.28076171875,-0.1953125,0.93994140625,0.08544921875,0.32958984375,-0.1708984375,0.29296875,-0.28076171875,0.67138671875,0.08544921875,0.830078125,0.13427734375,-0.03662109375,-0.10986328125,1.30615234375,-0.048828125,-0.67138671875,0.1953125,-0.40283203125,-0.20751953125,-1.025390625,-0.20751953125,-0.8056640625,-0.08544921875,-1.74560546875,0.23193359375,-0.52490234375,-0.25634765625,-0.67138671875,0.146484375,-1.50146484375,0,-0.67138671875,-0.341796875,-0.64697265625,0.7568359375,-0.6591796875,0.146484375,-0.048828125,-0.0732421875,0.927734375,0.08544921875,0,-0.4150390625,3.6376953125,-0.146484375,2.0751953125,-0.06103515625,0.3662109375,-0.0244140625,-0.048828125,-0.048828125,0.0244140625,-0.0244140625,0.1708984375,-0.1708984375,5.2734375,-0.28076171875,3.125,0.06103515625,1.8310546875,-0.0732421875,2.89306640625
0,0.25634765625,-0.42724609375,-0.146484375,-0.37841796875,0.01220703125,-0.439453125,0.146484375,-0.09765625,-0.37841796875,-0.048828125,-0.146484375,-0.927734375,-0.06103515625,1.06201171875,-0.25634765625,-0.1708984375,-0.2197265625,-0.54931640625,-0.1220703125,-0.08544921875,-0.13427734375,0.91552734375,0,-0.6103515625,-0.06103515625,-0.32958984375,-0.28076171875,-1.01318359375,-0.0244140625,0.8544921875,0,0.0732421875,0.2685546875,-0.2685546875,-0.29296875,-0.9521484375,-0.439453125,-0.4638671875,0.5859375,-0.634765625,0.20751953125,-0.25634765625,-0.01220703125,-0.69580078125,-0.13427734375,-0.40283203125,0.1708984375,0.439453125,-0.0732421875,1.45263671875,0.0244140625,0.62255859375,-0.2685546875,-0.146484375,-0.29296875,0.8544921875,0.06103515625,1.7333984375,0.5126953125,1.08642578125,0.3662109375,1.15966796875,0.146484375,4.6630859375,0.09765625,0.2197265625,-0.048828125,0.87890625,0.048828125,0.29296875,-0.08544921875,0.25634765625,-0.2197265625,0.64697265625,0.13427734375,0.830078125,0.09765625,-0.0732421875,-0.15869140625,1.28173828125,-0.01220703125,-0.7568359375,0.1953125,-0.390625,-0.25634765625,-1.025390625,-0.1953125,-0.81787109375,-0.10986328125,-1.74560546875,0.1220703125,-0.52490234375,-0.32958984375,-0.69580078125,0.18310546875,-1.47705078125,0.06103515625,-0.67138671875,-0.341796875,-0.6591796875,0.69580078125,-0.6591796875,0.06103515625,-0.06103515625,-0.10986328125,0.78125,0.0732421875,-0.1220703125,-0.4638671875,3.28369140625,-0.20751953125,1.953125,-0.06103515625,0.3662109375,-0.06103515625,-0.0244140625,-0.048828125,0.06103515625,-0.01220703125,0.1708984375,-0.1953125,4.99267578125,-0.2685546875,3.01513671875,0.048828125,1.708984375,-0.08544921875,2.685546875
0,0.244140625,-0.4150390625,-0.146484375,-0.3662109375,-0.01220703125,-0.42724609375,0.10986328125,-0.09765625,-0.40283203125,-0.03662109375,-0.15869140625,-0.927734375,-0.06103515625,1.06201171875,-0.244140625,-0.1708984375,-0.1953125,-0.537109375,-0.1708984375,-0.10986328125,-0.06103515625,0.86669921875,-0.048828125,-0.634765625,-0.09765625,-0.29296875,-0.3173828125,-0.98876953125,-0.0244140625,1.0986328125,-0.03662109375,0.09765625,0.18310546875,-0.146484375,-0.2197265625,-0.86669921875,-0.439453125,-0.4638671875,0.57373046875,-0.62255859375,0.23193359375,-0.23193359375,-0.06103515625,-0.7080078125,-0.1953125,-0.4150390625,0.32958984375,0.48828125,-0.03662109375,1.40380859375,0.08544921875,0.5859375,-0.2685546875,-0.13427734375,-0.30517578125,0.84228515625,0.0732421875,1.6845703125,0.45166015625,1.0498046875,0.2685546875,1.13525390625,0.20751953125,4.5166015625,0.1220703125,0.15869140625,0.03662109375,0.8544921875,-0.0244140625,0.2685546875,0,0.244140625,-0.146484375,0.62255859375,0.1953125,0.79345703125,0.06103515625,-0.06103515625,-0.18310546875,1.26953125,0.0244140625,-0.830078125,0.13427734375,-0.40283203125,-0.30517578125,-1.0498046875,-0.20751953125,-0.8056640625,-0.15869140625,-1.77001953125,0.048828125,-0.537109375,-0.32958984375,-0.7080078125,0.18310546875,-1.46484375,0.08544921875,-0.67138671875,-0.30517578125,-0.69580078125,0.59814453125,-0.62255859375,-0.0732421875,-0.06103515625,-0.13427734375,0.54931640625,0.03662109375,-0.29296875,-0.48828125,2.8076171875,-0.25634765625,1.7822265625,-0.0732421875,0.37841796875,-0.08544921875,-0.048828125,-0.048828125,0.03662109375,-0.03662109375,0.18310546875,-0.2197265625,4.7607421875,-0.30517578125,2.89306640625,0.06103515625,1.5625,-0.1220703125,2.47802734375
0,0.23193359375,-0.4150390625,-0.1708984375,-0.341796875,-0.01220703125,-0.4150390625,0.10986328125,-0.09765625,-0.439453125,-0.0244140625,-0.10986328125,-0.93994140625,-0.06103515625,1.07421875,-0.23193359375,-0.18310546875,-0.1708984375,-0.5615234375,-0.1953125,-0.1220703125,0.06103515625,0.87890625,-0.06103515625,-0.6103515625,-0.1220703125,-0.25634765625,-0.35400390625,-0.93994140625,-0.10986328125,1.40380859375,-0.06103515625,0.15869140625,0.0244140625,0.1708984375,-0.28076171875,-0.732421875,-0.40283203125,-0.4150390625,0.50048828125,-0.537109375,0.1708984375,-0.244140625,-0.0732421875,-0.72021484375,-0.25634765625,-0.42724609375,0.32958984375,0.52490234375,0.06103515625,1.30615234375,0.10986328125,0.54931640625,-0.2685546875,-0.146484375,-0.390625,0.81787109375,0.13427734375,1.62353515625,0.390625,1.025390625,0.18310546875,1.11083984375,0.2685546875,4.40673828125,0.08544921875,0.1220703125,0.15869140625,0.830078125,-0.03662109375,0.2197265625,0.1220703125,0.244140625,-0.048828125,0.6103515625,0.1708984375,0.81787109375,-0.01220703125,-0.06103515625,-0.20751953125,1.25732421875,0,-0.9033203125,0.01220703125,-0.40283203125,-0.40283203125,-1.03759765625,-0.23193359375,-0.8056640625,-0.1220703125,-1.7578125,-0.01220703125,-0.537109375,-0.18310546875,-0.72021484375,0.1708984375,-1.4404296875,0.048828125,-0.67138671875,-0.1953125,-0.72021484375,0.537109375,-0.57373046875,-0.1953125,-0.0732421875,-0.10986328125,0.3173828125,-0.01220703125,-0.47607421875,-0.52490234375,2.294921875,-0.30517578125,1.59912109375,-0.06103515625,0.3662109375,-0.08544921875,-0.048828125,-0.048828125,0.06103515625,-0.048828125,0.15869140625,-0.23193359375,4.5166015625,-0.29296875,2.77099609375,0.08544921875,1.416015625,-0.1220703125,2.24609375
0,0.23193359375,-0.4150390625,-0.18310546875,-0.35400390625,-0.0244140625,-0.4150390625,0.08544921875,-0.08544921875,-0.439453125,-0.0244140625,-0.10986328125,-0.927734375,-0.0732421875,1.08642578125,-0.20751953125,-0.1708984375,-0.15869140625,-0.5615234375,-0.1953125,-0.13427734375,0.10986328125,0.86669921875,-0.03662109375,-0.6103515625,-0.13427734375,-0.18310546875,-0.40283203125,-0.8544921875,-0.06103515625,1.89208984375,-0.10986328125,0.25634765625,-0.03662109375,0.7080078125,-0.2685546875,-0.5615234375,-0.42724609375,-0.28076171875,0.45166015625,-0.3662109375,0.20751953125,-0.20751953125,-0.0732421875,-0.7080078125,-0.3173828125,-0.4150390625,0.35400390625,0.59814453125,0.18310546875,1.18408203125,0.06103515625,0.48828125,-0.25634765625,-0.13427734375,-0.439453125,0.79345703125,0.15869140625,1.57470703125,0.3662109375,0.98876953125,0.06103515625,1.08642578125,0.2685546875,4.30908203125,0.03662109375,0.09765625,0.20751953125,0.86669921875,-0.06103515625,0.20751953125,0.146484375,0.23193359375,0.0244140625,0.5859375,0.13427734375,0.81787109375,-0.1220703125,-0.06103515625,-0.20751953125,1.2451171875,0.0244140625,-0.98876953125,-0.048828125,-0.4150390625,-0.47607421875,-1.03759765625,-0.2197265625,-0.830078125,-0.1220703125,-1.72119140625,-0.10986328125,-0.54931640625,-0.08544921875,-0.72021484375,0.08544921875,-1.4404296875,-0.01220703125,-0.64697265625,-0.09765625,-0.732421875,0.5126953125,-0.52490234375,-0.25634765625,-0.06103515625,-0.09765625,0.08544921875,-0.048828125,-0.68359375,-0.54931640625,1.7822265625,-0.341796875,1.3916015625,-0.06103515625,0.35400390625,-0.08544921875,-0.048828125,-0.048828125,0.048828125,-0.06103515625,0.146484375,-0.244140625,4.2236328125,-0.3173828125,2.60009765625,0.06103515625,1.23291015625,-0.10986328125,2.001953125
0,0.244140625,-0.4150390625,-0.15869140625,-0.32958984375,-0.048828125,-0.390625,0.048828125,-0.06103515625,-0.45166015625,-0.03662109375,-0.08544921875,-0.91552734375,-0.03662109375,1.06201171875,-0.20751953125,-0.146484375,-0.1220703125,-0.57373046875,-0.15869140625,-0.1220703125,0.18310546875,0.87890625,-0.0244140625,-0.59814453125,-0.18310546875,-0.06103515625,-0.42724609375,-0.7080078125,-0.08544921875,2.4658203125,-0.1953125,0.390625,-0.1708984375,1.47705078125,-0.23193359375,-0.30517578125,-0.439453125,-0.0732421875,0.439453125,-0.08544921875,0.23193359375,-0.20751953125,-0.0244140625,-0.732421875,-0.341796875,-0.4150390625,0.4150390625,0.67138671875,0.18310546875,1.08642578125,0.08544921875,0.439453125,-0.23193359375,-0.13427734375,-0.4150390625,0.74462890625,0.13427734375,1.50146484375,0.35400390625,0.96435546875,0.15869140625,1.03759765625,0.25634765625,4.150390625,-0.03662109375,0.09765625,0.20751953125,0.9033203125,-0.048828125,0.20751953125,0.13427734375,0.244140625,0.06103515625,0.57373046875,0.0732421875,0.81787109375,-0.1708984375,-0.0732421875,-0.18310546875,1.2451171875,0.0732421875,-1.0009765625,-0.1220703125,-0.4150390625,-0.45166015625,-1.025390625,-0.146484375,-0.830078125,-0.1220703125,-1.7333984375,-0.15869140625,-0.54931640625,0.03662109375,-0.7080078125,0.01220703125,-1.416015625,-0.06103515625,-0.6591796875,-0.0244140625,-0.732421875,0.50048828125,-0.50048828125,-0.30517578125,-0.06103515625,-0.06103515625,-0.1220703125,-0.08544921875,-0.86669921875,-0.54931640625,1.25732421875,-0.32958984375,1.23291015625,-0.06103515625,0.341796875,-0.09765625,-0.03662109375,-0.048828125,0.03662109375,-0.06103515625,0.15869140625,-0.13427734375,3.8330078125,-0.29296875,2.4169921875,0.0732421875,1.07421875,-0.10986328125,1.7578125
0,0.23193359375,-0.4150390625,-0.18310546875,-0.341796875,-0.1220703125,-0.390625,0.0244140625,-0.08544921875,-0.47607421875,-0.06103515625,-0.0732421875,-0.91552734375,-0.0244140625,1.06201171875,-0.1953125,-0.15869140625,-0.09765625,-0.5615234375,-0.08544921875,-0.10986328125,0.2197265625,0.86669921875,-0.01220703125,-0.59814453125,-0.1708984375,0.0732421875,-0.45166015625,-0.5615234375,-0.03662109375,3.1494140625,-0.3173828125,0.5615234375,-0.1708984375,2.4169921875,-0.1953125,0.01220703125,-0.47607421875,0.23193359375,0.35400390625,0.2685546875,0.2197265625,-0.23193359375,0.01220703125,-0.732421875,-0.35400390625,-0.42724609375,0.4638671875,0.72021484375,0.1953125,1.025390625,0.08544921875,0.42724609375,-0.1708984375,-0.146484375,-0.37841796875,0.72021484375,0.15869140625,1.42822265625,0.35400390625,0.927734375,0.1708984375,1.0009765625,0.30517578125,3.86962890625,-0.08544921875,0.10986328125,0.2685546875,0.93994140625,0.0244140625,0.2197265625,0.18310546875,0.25634765625,0.08544921875,0.52490234375,0,0.8544921875,-0.1708984375,-0.06103515625,-0.1953125,1.26953125,0.09765625,-1.03759765625,-0.1953125,-0.42724609375,-0.341796875,-1.01318359375,-0.09765625,-0.84228515625,0.01220703125,-1.69677734375,-0.1708984375,-0.5615234375,0.2197265625,-0.69580078125,0,-1.40380859375,-0.10986328125,-0.6591796875,0.0732421875,-0.72021484375,0.48828125,-0.47607421875,-0.3173828125,-0.0732421875,-0.08544921875,-0.29296875,-0.1220703125,-1.06201171875,-0.54931640625,0.79345703125,-0.3173828125,1.01318359375,-0.06103515625,0.341796875,-0.08544921875,-0.01220703125,-0.048828125,0.0244140625,-0.0732421875,0.13427734375,-0.06103515625,3.271484375,-0.2685546875,2.18505859375,0.09765625,0.84228515625,-0.048828125,1.47705078125
0,0.23193359375,-0.42724609375,-0.1953125,-0.3662109375,-0.13427734375,-0.390625,0.01220703125,-0.09765625,-0.45166015625,-0.0732421875,-0.048828125,-0.91552734375,-0.01220703125,1.0498046875,-0.1953125,-0.146484375,-0.0732421875,-0.57373046875,-0.03662109375,-0.10986328125,0.20751953125,0.89111328125,0.01220703125,-0.57373046875,-0.1708984375,0.244140625,-0.439453125,-0.37841796875,0.0732421875,3.89404296875,-0.47607421875,0.732421875,-0.0244140625,3.50341796875,-0.1708984375,0.29296875,-0.52490234375,0.5615234375,0.3173828125,0.6591796875,0.2685546875,-0.244140625,0.048828125,-0.7080078125,-0.35400390625,-0.439453125,0.45166015625,0.74462890625,0.1220703125,1.01318359375,0.048828125,0.4150390625,-0.146484375,-0.18310546875,-0.29296875,0.67138671875,0.09765625,1.318359375,0.390625,0.86669921875,0.10986328125,0.91552734375,0.1708984375,3.45458984375,-0.10986328125,0.09765625,0.30517578125,0.98876953125,0.08544921875,0.20751953125,0.13427734375,0.2685546875,0.048828125,0.45166015625,-0.03662109375,0.86669921875,-0.1220703125,-0.08544921875,-0.20751953125,1.26953125,0.1220703125,-1.07421875,-0.1953125,-0.42724609375,-0.2197265625,-1.01318359375,-0.03662109375,-0.8544921875,0.0244140625,-1.66015625,-0.18310546875,-0.537109375,0.2685546875,-0.6591796875,0,-1.3916015625,-0.10986328125,-0.67138671875,0.08544921875,-0.69580078125,0.48828125,-0.50048828125,-0.30517578125,-0.048828125,-0.09765625,-0.439453125,-0.13427734375,-1.23291015625,-0.48828125,0.35400390625,-0.29296875,0.8544921875,-0.0732421875,0.32958984375,-0.0732421875,-0.0244140625,-0.048828125,0.03662109375,-0.0732421875,0.13427734375,-0.06103515625,2.6123046875,-0.28076171875,1.94091796875,0.06103515625,0.64697265625,-0.03662109375,1.1474609375
1,0.2685546875,-0.42724609375,-0.1953125,-0.40283203125,-0.13427734375,-0.42724609375,-0.0244140625,-0.09765625,-0.48828125,-0.08544921875,-0.06103515625,-0.927734375,0.0244140625,1.0498046875,-0.1953125,-0.15869140625,-0.03662109375,-0.5615234375,0.0244140625,-0.09765625,0.23193359375,0.89111328125,0.01220703125,-0.5615234375,-0.13427734375,0.439453125,-0.42724609375,-0.1708984375,0.18310546875,4.638671875,-0.5859375,0.927734375,0.06103515625,4.60205078125,-0.2197265625,0.59814453125,-0.5126953125,0.91552734375,0.3173828125,1.03759765625,0.244140625,-0.244140625,0.06103515625,-0.72021484375,-0.32958984375,-0.4150390625,0.4150390625,0.7568359375,0.048828125,1.03759765625,0.06103515625,0.4150390625,-0.09765625,-0.1953125,-0.20751953125,0.67138671875,0.0732421875,1.18408203125,0.37841796875,0.78125,0.048828125,0.84228515625,0.1708984375,2.880859375,-0.09765625,0.08544921875,0.37841796875,0.98876953125,0.13427734375,0.2197265625,0.146484375,0.244140625,0.048828125,0.4150390625,-0.08544921875,0.87890625,-0.03662109375,-0.06103515625,-0.2685546875,1.28173828125,0.1220703125,-1.06201171875,-0.15869140625,-0.42724609375,-0.06103515625,-1.0009765625,0.0244140625,-0.84228515625,0.08544921875,-1.62353515625,-0.13427734375,-0.50048828125,0.29296875,-0.5859375,0,-1.3427734375,-0.08544921875,-0.634765625,0.0732421875,-0.68359375,0.54931640625,-0.50048828125,-0.25634765625,-0.048828125,-0.10986328125,-0.54931640625,-0.1708984375,-1.3671875,-0.4150390625,-0.01220703125,-0.2685546875,0.67138671875,-0.048828125,0.3173828125,-0.06103515625,-0.0244140625,-0.0732421875,0.01220703125,-0.0732421875,0.146484375,-0.01220703125,1.8798828125,-0.25634765625,1.67236328125,0.048828125,0.42724609375,-0.01220703125,0.79345703125
1,0.2685546875,-0.4150390625,-0.1953125,-0.4150390625,-0.1220703125,-0.42724609375,-0.0244140625,-0.13427734375,-0.47607421875,-0.09765625,-0.0244140625,-0.91552734375,0.048828125,1.0498046875,-0.2197265625,-0.1708984375,-0.01220703125,-0.5615234375,0.08544921875,-0.08544921875,0.244140625,0.87890625,-0.01220703125,-0.57373046875,-0.0732421875,0.62255859375,-0.35400390625,0.01220703125,0.244140625,5.322265625,-0.54931640625,1.11083984375,0.048828125,5.6640625,-0.15869140625,0.8544921875,-0.4638671875,1.20849609375,0.3662109375,1.40380859375,0.20751953125,-0.2685546875,0.0732421875,-0.7080078125,-0.341796875,-0.40283203125,0.40283203125,0.76904296875,0.01220703125,1.0986328125,0.0244140625,0.42724609375,-0.0732421875,-0.20751953125,-0.06103515625,0.67138671875,0,1.06201171875,0.37841796875,0.69580078125,0,0.7568359375,0.146484375,2.197265625,-0.048828125,0.0732421875,0.341796875,1.01318359375,0.1708984375,0.244140625,0.08544921875,0.23193359375,0.06103515625,0.37841796875,-0.1220703125,0.91552734375,0.0244140625,-0.048828125,-0.29296875,1.30615234375,0.06103515625,-1.07421875,-0.09765625,-0.42724609375,0.08544921875,-1.0009765625,0.03662109375,-0.830078125,0.08544921875,-1.5869140625,-0.09765625,-0.4638671875,0.2685546875,-0.50048828125,0.0244140625,-1.2939453125,-0.0244140625,-0.67138671875,0.0732421875,-0.67138671875,0.62255859375,-0.54931640625,-0.2197265625,-0.0732421875,-0.1220703125,-0.6591796875,-0.146484375,-1.4892578125,-0.30517578125,-0.35400390625,-0.25634765625,0.537109375,-0.048828125,0.341796875,-0.048828125,-0.03662109375,-0.048828125,0,-0.0732421875,0.1220703125,0,1.11083984375,-0.2685546875,1.45263671875,0.048828125,0.20751953125,0.01220703125,0.47607421875
1,0.30517578125,-0.42724609375,-0.18310546875,-0.42724609375,-0.0732421875,-0.45166015625,-0.01220703125,-0.13427734375,-0.47607421875,-0.09765625,-0.01220703125,-0.927734375,0.08544921875,1.03759765625,-0.2197265625,-0.18310546875,-0.0244140625,-0.54931640625,0.146484375,-0.0732421875,0.1953125,0.89111328125,-0.0732421875,-0.57373046875,-0.03662109375,0.78125,-0.3173828125,0.15869140625,0.1708984375,5.8837890625,-0.52490234375,1.25732421875,0.13427734375,6.54296875,-0.20751953125,1.03759765625,-0.4150390625,1.46484375,0.341796875,1.6845703125,0.2685546875,-0.2685546875,0.08544921875,-0.72021484375,-0.30517578125,-0.390625,0.37841796875,0.72021484375,-0.08544921875,1.1962890625,0.048828125,0.4638671875,-0.08544921875,-0.20751953125,0.0244140625,0.69580078125,-0.048828125,0.93994140625,0.4150390625,0.5859375,0.0732421875,0.68359375,0.1708984375,1.47705078125,0.01220703125,0.08544921875,0.2685546875,1.025390625,0.1953125,0.2685546875,0.0244140625,0.244140625,0.0244140625,0.3173828125,-0.09765625,0.927734375,0.048828125,-0.03662109375,-0.32958984375,1.30615234375,-0.01220703125,-1.07421875,-0.01220703125,-0.40283203125,0.23193359375,-1.01318359375,0.01220703125,-0.81787109375,0.03662109375,-1.52587890625,-0.0244140625,-0.439453125,0.09765625,-0.439453125,0.0244140625,-1.20849609375,0.048828125,-0.6591796875,0.0732421875,-0.67138671875,0.69580078125,-0.57373046875,-0.15869140625,-0.03662109375,-0.08544921875,-0.7568359375,-0.1953125,-1.57470703125,-0.244140625,-0.68359375,-0.244140625,0.40283203125,-0.03662109375,0.30517578125,-0.03662109375,-0.048828125,-0.06103515625,-0.01220703125,-0.08544921875,0.13427734375,-0.01220703125,0.47607421875,-0.25634765625,1.25732421875,0.01220703125,0.06103515625,0.0244140625,0.20751953125
1,0.29296875,-0.40283203125,-0.1708984375,-0.42724609375,-0.06103515625,-0.45166015625,0.01220703125,-0.13427734375,-0.45166015625,-0.0732421875,-0.01220703125,-0.93994140625,0.09765625,1.03759765625,-0.2197265625,-0.18310546875,0,-0.5615234375,0.18310546875,-0.08544921875,0.15869140625,0.9033203125,-0.146484375,-0.6103515625,-0.01220703125,0.89111328125,-0.25634765625,0.244140625,0.18310546875,6.298828125,-0.390625,1.3916015625,0.1220703125,7.21435546875,-0.20751953125,1.15966796875,-0.35400390625,1.64794921875,0.32958984375,1.904296875,0.30517578125,-0.28076171875,0.06103515625,-0.72021484375,-0.3173828125,-0.37841796875,0.35400390625,0.732421875,-0.08544921875,1.30615234375,0.03662109375,0.52490234375,-0.03662109375,-0.15869140625,0.15869140625,0.732421875,-0.09765625,0.8056640625,0.42724609375,0.50048828125,0,0.64697265625,0.146484375,0.81787109375,0.048828125,0.0732421875,0.15869140625,1.0009765625,0.18310546875,0.28076171875,0.01220703125,0.2197265625,-0.0244140625,0.2685546875,-0.10986328125,0.91552734375,0.1220703125,-0.01220703125,-0.37841796875,1.318359375,0,-1.06201171875,0.048828125,-0.4150390625,0.30517578125,-1.03759765625,-0.01220703125,-0.81787109375,0,-1.46484375,0.0244140625,-0.37841796875,-0.03662109375,-0.341796875,0.0244140625,-1.1474609375,0.08544921875,-0.68359375,0.03662109375,-0.67138671875,0.72021484375,-0.59814453125,-0.13427734375,-0.03662109375,-0.08544921875,-0.86669921875,-0.18310546875,-1.6357421875,-0.20751953125,-0.9765625,-0.1708984375,0.29296875,-0.06103515625,0.3173828125,-0.0244140625,-0.06103515625,-0.06103515625,-0.0244140625,-0.0732421875,0.13427734375,-0.048828125,0.03662109375,-0.244140625,1.15966796875,0.03662109375,-0.0244140625,0.08544921875,0.048828125
1,0.30517578125,-0.42724609375,-0.1708984375,-0.40283203125,-0.03662109375,-0.4638671875,0.03662109375,-0.1220703125,-0.42724609375,-0.048828125,0,-0.91552734375,0.10986328125,1.0498046875,-0.1953125,-0.15869140625,-0.01220703125,-0.5615234375,0.1708984375,-0.08544921875,0.08544921875,0.9033203125,-0.1708984375,-0.59814453125,0,0.9521484375,-0.2197265625,0.29296875,0.13427734375,6.48193359375,-0.28076171875,1.4404296875,0.1953125,7.5927734375,-0.23193359375,1.20849609375,-0.30517578125,1.74560546875,0.2685546875,1.98974609375,0.3662109375,-0.30517578125,0.0732421875,-0.72021484375,-0.2685546875,-0.37841796875,0.244140625,0.72021484375,-0.146484375,1.37939453125,0,0.57373046875,-0.0244140625,-0.13427734375,0.244140625,0.7568359375,-0.1708984375,0.72021484375,0.439453125,0.42724609375,-0.01220703125,0.634765625,0.10986328125,0.29296875,0.09765625,0.08544921875,0.06103515625,1.01318359375,0.09765625,0.28076171875,-0.0244140625,0.20751953125,-0.08544921875,0.2197265625,-0.15869140625,0.86669921875,0.18310546875,-0.0244140625,-0.37841796875,1.318359375,0.0244140625,-1.0498046875,0.1220703125,-0.390625,0.3662109375,-1.01318359375,-0.09765625,-0.8056640625,0,-1.40380859375,0.06103515625,-0.341796875,-0.18310546875,-0.28076171875,0.0244140625,-1.06201171875,0.10986328125,-0.68359375,-0.01220703125,-0.6591796875,0.7080078125,-0.62255859375,-0.09765625,-0.048828125,-0.08544921875,-0.93994140625,-0.1953125,-1.69677734375,-0.23193359375,-1.20849609375,-0.10986328125,0.1953125,-0.0244140625,0.30517578125,-0.01220703125,-0.048828125,-0.048828125,-0.01220703125,-0.08544921875,0.13427734375,-0.09765625,-0.08544921875,-0.28076171875,1.11083984375,0.0244140625,-0.03662109375,0.048828125,0.0244140625
1,0.341796875,-0.4150390625,-0.146484375,-0.390625,-0.06103515625,-0.45166015625,0.03662109375,-0.09765625,-0.390625,-0.0244140625,-0.01220703125,-0.91552734375,0.13427734375,1.06201171875,-0.2197265625,-0.15869140625,-0.048828125,-0.54931640625,0.15869140625,-0.09765625,0,0.89111328125,-0.1953125,-0.59814453125,-0.0244140625,0.927734375,-0.1953125,0.2685546875,0.146484375,6.43310546875,-0.15869140625,1.42822265625,0.1708984375,7.72705078125,-0.23193359375,1.20849609375,-0.23193359375,1.7822265625,0.2685546875,1.98974609375,0.439453125,-0.2685546875,0.0244140625,-0.72021484375,-0.25634765625,-0.390625,0.18310546875,0.74462890625,-0.20751953125,1.416015625,-0.0244140625,0.59814453125,-0.01220703125,-0.13427734375,0.30517578125,0.78125,-0.1708984375,0.67138671875,0.40283203125,0.3662109375,0.0732421875,0.64697265625,0.0244140625,0.01220703125,0.08544921875,0.08544921875,0.06103515625,1.025390625,0.08544921875,0.28076171875,-0.03662109375,0.2197265625,-0.146484375,0.23193359375,-0.146484375,0.86669921875,0.2197265625,0,-0.35400390625,1.2939453125,-0.0244140625,-1.01318359375,0.15869140625,-0.40283203125,0.30517578125,-1.03759765625,-0.15869140625,-0.79345703125,-0.01220703125,-1.3916015625,0.08544921875,-0.30517578125,-0.23193359375,-0.23193359375,0.0244140625,-1.03759765625,0.08544921875,-0.68359375,-0.06103515625,-0.67138671875,0.634765625,-0.62255859375,-0.0732421875,-0.048828125,-0.09765625,-1.0009765625,-0.18310546875,-1.7578125,-0.2685546875,-1.42822265625,-0.10986328125,0.1220703125,-0.01220703125,0.29296875,0,-0.03662109375,-0.06103515625,-0.03662109375,-0.0732421875,0.146484375,-0.06103515625,0.1708984375,-0.23193359375,1.220703125,0.0244140625,0.0732421875,0.048828125,0.146484375
1,0.35400390625,-0.40283203125,-0.146484375,-0.390625,-0.048828125,-0.45166015625,0.048828125,-0.10986328125,-0.37841796875,-0.01220703125,0.01220703125,-0.927734375,0.13427734375,1.07421875,-0.1708984375,-0.1708984375,-0.06103515625,-0.57373046875,0.10986328125,-0.10986328125,-0.08544921875,0.89111328125,-0.20751953125,-0.59814453125,-0.0244140625,0.89111328125,-0.18310546875,0.18310546875,0.146484375,6.1767578125,-0.08544921875,1.3671875,0.03662109375,7.5927734375,-0.23193359375,1.15966796875,-0.20751953125,1.708984375,0.30517578125,1.89208984375,0.5126953125,-0.25634765625,-0.0244140625,-0.7080078125,-0.2197265625,-0.37841796875,0.15869140625,0.76904296875,-0.2685546875,1.4404296875,-0.0244140625,0.62255859375,-0.01220703125,-0.1220703125,0.37841796875,0.8056640625,-0.1708984375,0.68359375,0.32958984375,0.390625,0.09765625,0.72021484375,-0.09765625,0.06103515625,0.146484375,0.1220703125,0.09765625,1.0498046875,0.01220703125,0.30517578125,0.01220703125,0.25634765625,-0.18310546875,0.2197265625,-0.1708984375,0.8544921875,0.25634765625,-0.01220703125,-0.30517578125,1.28173828125,0.01220703125,-1.025390625,0.18310546875,-0.37841796875,0.28076171875,-1.025390625,-0.1220703125,-0.8056640625,-0.0244140625,-1.3671875,0.10986328125,-0.28076171875,-0.244140625,-0.25634765625,0.0732421875,-1.0009765625,0.08544921875,-0.69580078125,-0.09765625,-0.68359375,0.59814453125,-0.6103515625,-0.06103515625,-0.048828125,-0.146484375,-1.06201171875,-0.1953125,-1.806640625,-0.3173828125,-1.59912109375,-0.15869140625,0.0732421875,-0.0244140625,0.3173828125,0.01220703125,-0.03662109375,-0.06103515625,-0.0244140625,-0.06103515625,0.146484375,-0.13427734375,0.8056640625,-0.244140625,1.45263671875,-0.01220703125,0.30517578125,0.03662109375,0.48828125
1,0.3662109375,-0.40283203125,-0.146484375,-0.3662109375,0,-0.439453125,0.0732421875,-0.08544921875,-0.37841796875,-0.03662109375,0.01220703125,-0.93994140625,0.146484375,1.06201171875,-0.1708984375,-0.1953125,-0.10986328125,-0.5615234375,0.09765625,-0.1220703125,-0.15869140625,0.9033203125,-0.1953125,-0.6103515625,-0.08544921875,0.76904296875,-0.1708984375,0.08544921875,0.09765625,5.77392578125,-0.1220703125,1.25732421875,-0.03662109375,7.21435546875,-0.2685546875,1.06201171875,-0.15869140625,1.57470703125,0.30517578125,1.74560546875,0.5859375,-0.25634765625,-0.06103515625,-0.72021484375,-0.1953125,-0.3662109375,0.15869140625,0.81787109375,-0.2685546875,1.416015625,-0.01220703125,0.6103515625,0.01220703125,-0.09765625,0.48828125,0.78125,-0.1708984375,0.7568359375,0.2685546875,0.47607421875,0.06103515625,0.830078125,-0.2197265625,0.4638671875,0.1708984375,0.18310546875,0.0732421875,1.07421875,-0.0732421875,0.30517578125,0,0.29296875,-0.25634765625,0.25634765625,-0.15869140625,0.8544921875,0.25634765625,-0.01220703125,-0.25634765625,1.2939453125,0.01220703125,-1.01318359375,0.1220703125,-0.390625,0.146484375,-1.03759765625,-0.2197265625,-0.8056640625,-0.048828125,-1.3916015625,0.1220703125,-0.25634765625,-0.20751953125,-0.29296875,0.09765625,-1.03759765625,0.0732421875,-0.69580078125,-0.08544921875,-0.69580078125,0.50048828125,-0.59814453125,-0.08544921875,-0.0732421875,-0.20751953125,-1.0986328125,-0.1708984375,-1.84326171875,-0.37841796875,-1.6845703125,-0.20751953125,0.03662109375,-0.048828125,0.3173828125,0.01220703125,-0.01220703125,-0.048828125,-0.01220703125,-0.06103515625,0.15869140625,-0.1220703125,1.806640625,-0.25634765625,1.81884765625,-0.01220703125,0.67138671875,0,1.025390625
1,0.341796875,-0.390625,-0.1220703125,-0.35400390625,0.03662109375,-0.439453125,0.06103515625,-0.10986328125,-0.37841796875,-0.03662109375,0.01220703125,-0.93994140625,0.1220703125,1.08642578125,-0.13427734375,-0.18310546875,-0.15869140625,-0.57373046875,0.0732421875,-0.1220703125,-0.20751953125,0.9033203125,-0.1708984375,-0.59814453125,-0.1220703125,0.62255859375,-0.23193359375,-0.06103515625,0.08544921875,5.2734375,-0.1708984375,1.123046875,-0.1220703125,6.75048828125,-0.25634765625,0.93994140625,-0.146484375,1.4404296875,0.341796875,1.5625,0.62255859375,-0.244140625,-0.03662109375,-0.732421875,-0.146484375,-0.37841796875,0.15869140625,0.89111328125,-0.1953125,1.3916015625,-0.0732421875,0.59814453125,-0.03662109375,-0.10986328125,0.5615234375,0.76904296875,-0.048828125,0.91552734375,0.1953125,0.634765625,0.01220703125,0.96435546875,-0.15869140625,1.2451171875,0.1953125,0.25634765625,0.0244140625,1.123046875,-0.10986328125,0.3173828125,0.0244140625,0.341796875,-0.2685546875,0.32958984375,-0.1708984375,0.89111328125,0.244140625,-0.0244140625,-0.18310546875,1.28173828125,0.0732421875,-1.0009765625,0.0732421875,-0.3662109375,0.03662109375,-1.025390625,-0.18310546875,-0.79345703125,-0.0732421875,-1.42822265625,0.13427734375,-0.30517578125,-0.10986328125,-0.3662109375,0.1220703125,-1.08642578125,0.09765625,-0.69580078125,-0.048828125,-0.69580078125,0.37841796875,-0.54931640625,-0.09765625,-0.0732421875,-0.2197265625,-1.0986328125,-0.1220703125,-1.81884765625,-0.439453125,-1.72119140625,-0.2197265625,0.06103515625,-0.03662109375,0.30517578125,0.0244140625,-0.01220703125,-0.048828125,-0.01220703125,-0.048828125,0.15869140625,-0.146484375,3.13720703125,-0.20751953125,2.30712890625,0,1.13525390625,0.01220703125,1.72119140625
1,0.341796875,-0.390625,-0.13427734375,-0.35400390625,0.048828125,-0.40283203125,0.0732421875,-0.08544921875,-0.35400390625,-0.06103515625,0.0244140625,-0.9521484375,0.10986328125,1.0986328125,-0.10986328125,-0.20751953125,-0.18310546875,-0.5859375,0.03662109375,-0.13427734375,-0.15869140625,0.9033203125,-0.15869140625,-0.6103515625,-0.146484375,0.4638671875,-0.2685546875,-0.20751953125,0.09765625,4.74853515625,-0.2197265625,1.01318359375,-0.10986328125,6.2255859375,-0.2197265625,0.8544921875,-0.18310546875,1.28173828125,0.37841796875,1.3671875,0.6103515625,-0.244140625,-0.03662109375,-0.7080078125,-0.09765625,-0.3662109375,0.09765625,0.9033203125,-0.10986328125,1.35498046875,-0.15869140625,0.5615234375,-0.08544921875,-0.13427734375,0.64697265625,0.7568359375,-0.03662109375,1.18408203125,0.18310546875,0.81787109375,0.0244140625,1.123046875,-0.18310546875,2.3193359375,0.1708984375,0.32958984375,-0.0244140625,1.1474609375,-0.1708984375,0.32958984375,-0.0244140625,0.3662109375,-0.2685546875,0.42724609375,-0.23193359375,0.8544921875,0.18310546875,-0.01220703125,-0.08544921875,1.26953125,0.2197265625,-0.96435546875,0.03662109375,-0.35400390625,-0.03662109375,-0.98876953125,-0.1953125,-0.78125,-0.08544921875,-1.47705078125,0.1220703125,-0.32958984375,0.048828125,-0.45166015625,0.13427734375,-1.1474609375,0.09765625,-0.68359375,-0.06103515625,-0.72021484375,0.28076171875,-0.537109375,-0.15869140625,-0.0732421875,-0.20751953125,-1.11083984375,-0.0732421875,-1.8310546875,-0.537109375,-1.708984375,-0.23193359375,0.06103515625,-0.08544921875,0.30517578125,0.0244140625,-0.01220703125,-0.06103515625,0.01220703125,-0.0732421875,0.15869140625,-0.15869140625,4.60205078125,-0.2197265625,2.83203125,-0.03662109375,1.67236328125,0,2.50244140625
1,0.341796875,-0.37841796875,-0.13427734375,-0.3662109375,0.03662109375,-0.4150390625,0.048828125,-0.1220703125,-0.35400390625,-0.0732421875,0.0244140625,-0.927734375,0.10986328125,1.08642578125,-0.08544921875,-0.1953125,-0.20751953125,-0.5859375,0.01220703125,-0.1220703125,-0.15869140625,0.9033203125,-0.18310546875,-0.59814453125,-0.1708984375,0.341796875,-0.2685546875,-0.32958984375,0.06103515625,4.2724609375,-0.30517578125,0.8544921875,0,5.70068359375,-0.25634765625,0.78125,-0.244140625,1.18408203125,0.390625,1.1962890625,0.57373046875,-0.2197265625,-0.0244140625,-0.72021484375,-0.03662109375,-0.390625,0.06103515625,0.93994140625,0.0244140625,1.30615234375,-0.2197265625,0.537109375,-0.10986328125,-0.13427734375,0.74462890625,0.74462890625,0,1.46484375,0.13427734375,1.07421875,0.23193359375,1.318359375,-0.23193359375,3.61328125,0.146484375,0.341796875,-0.10986328125,1.15966796875,-0.146484375,0.3173828125,-0.0244140625,0.40283203125,-0.28076171875,0.537109375,-0.1953125,0.9033203125,0.1953125,-0.01220703125,-0.01220703125,1.28173828125,0.23193359375,-0.93994140625,-0.0732421875,-0.3173828125,-0.1708984375,-0.96435546875,-0.23193359375,-0.7568359375,-0.06103515625,-1.52587890625,0.1220703125,-0.390625,0.20751953125,-0.54931640625,0.15869140625,-1.20849609375,0.08544921875,-0.68359375,-0.048828125,-0.69580078125,0.2197265625,-0.5126953125,-0.20751953125,-0.0732421875,-0.18310546875,-1.0498046875,-0.048828125,-1.79443359375,-0.6103515625,-1.59912109375,-0.244140625,0.09765625,-0.0732421875,0.32958984375,0.03662109375,-0.0244140625,-0.06103515625,-0.01220703125,-0.0732421875,0.1708984375,-0.06103515625,6.15234375,-0.23193359375,3.43017578125,-0.0244140625,2.25830078125,0,3.35693359375
1,0.30517578125,-0.37841796875,-0.146484375,-0.35400390625,0.01220703125,-0.4150390625,0.0244140625,-0.10986328125,-0.341796875,-0.0732421875,0.048828125,-0.927734375,0.09765625,1.0986328125,-0.08544921875,-0.18310546875,-0.1953125,-0.5615234375,-0.0244140625,-0.1220703125,-0.09765625,0.89111328125,-0.23193359375,-0.59814453125,-0.1708984375,0.244140625,-0.3173828125,-0.4150390625,0.09765625,3.90625,-0.32958984375,0.7568359375,0.03662109375,5.23681640625,-0.20751953125,0.72021484375,-0.30517578125,1.0498046875,0.40283203125,1.07421875,0.54931640625,-0.23193359375,-0.03662109375,-0.7080078125,0,-0.40283203125,0.048828125,0.9521484375,0.01220703125,1.25732421875,-0.2685546875,0.52490234375,-0.2197265625,-0.1708984375,0.74462890625,0.7568359375,0.03662109375,1.7822265625,0.0732421875,1.2939453125,0.1708984375,1.4892578125,-0.2685546875,4.99267578125,0.15869140625,0.35400390625,-0.146484375,1.1474609375,-0.09765625,0.30517578125,-0.0244140625,0.37841796875,-0.244140625,0.6591796875,-0.1708984375,0.9033203125,0.2197265625,-0.0244140625,-0.01220703125,1.26953125,0.244140625,-0.9033203125,-0.10986328125,-0.28076171875,-0.2197265625,-0.96435546875,-0.23193359375,-0.732421875,-0.06103515625,-1.5625,0.09765625,-0.42724609375,0.390625,-0.634765625,0.1708984375,-1.26953125,0.0244140625,-0.67138671875,-0.08544921875,-0.67138671875,0.18310546875,-0.52490234375,-0.2685546875,-0.06103515625,-0.13427734375,-1.01318359375,-0.03662109375,-1.77001953125,-0.634765625,-1.4892578125,-0.25634765625,0.15869140625,-0.08544921875,0.32958984375,0.048828125,-0.01220703125,-0.048828125,0,-0.0732421875,0.15869140625,-0.1220703125,7.5927734375,-0.20751953125,4.00390625,0,2.783203125,0.06103515625,4.18701171875
1,0.30517578125,-0.40283203125,-0.13427734375,-0.35400390625,-0.01220703125,-0.42724609375,-0.01220703125,-0.10986328125,-0.32958984375,-0.09765625,0.03662109375,-0.927734375,0.1220703125,1.08642578125,-0.08544921875,-0.1708984375,-0.18310546875,-0.5859375,-0.03662109375,-0.1220703125,0,0.89111328125,-0.2685546875,-0.5859375,-0.1953125,0.18310546875,-0.3173828125,-0.48828125,0.01220703125,3.6865234375,-0.341796875,0.67138671875,-0.03662109375,4.89501953125,-0.23193359375,0.6591796875,-0.30517578125,0.98876953125,0.341796875,0.9521484375,0.50048828125,-0.20751953125,-0.0732421875,-0.7080078125,0.0244140625,-0.42724609375,0.146484375,0.87890625,0.0732421875,1.23291015625,-0.2197265625,0.52490234375,-0.2685546875,-0.15869140625,0.79345703125,0.74462890625,0.0244140625,2.11181640625,0.0244140625,1.5380859375,0.23193359375,1.67236328125,-0.29296875,6.35986328125,0.146484375,0.3173828125,-0.10986328125,1.18408203125,-0.06103515625,0.30517578125,-0.09765625,0.3662109375,-0.23193359375,0.76904296875,-0.13427734375,0.89111328125,0.2685546875,-0.048828125,0.01220703125,1.28173828125,0.28076171875,-0.8544921875,-0.146484375,-0.23193359375,-0.23193359375,-0.93994140625,-0.2197265625,-0.69580078125,-0.03662109375,-1.62353515625,0.09765625,-0.4638671875,0.4150390625,-0.68359375,0.1708984375,-1.30615234375,-0.048828125,-0.68359375,-0.0732421875,-0.67138671875,0.244140625,-0.5615234375,-0.30517578125,-0.03662109375,-0.10986328125,-0.96435546875,-0.03662109375,-1.72119140625,-0.634765625,-1.3671875,-0.23193359375,0.1953125,-0.048828125,0.341796875,0.0732421875,-0.01220703125,-0.0732421875,0.0244140625,-0.09765625,0.1708984375,-0.1953125,8.8134765625,-0.20751953125,4.47998046875,-0.0244140625,3.2470703125,0.048828125,4.89501953125
0,0.28076171875,-0.40283203125,-0.1220703125,-0.35400390625,-0.01220703125,-0.439453125,-0.03662109375,-0.10986328125,-0.28076171875,-0.1220703125,0.03662109375,-0.91552734375,0.10986328125,1.06201171875,-0.08544921875,-0.1708984375,-0.1220703125,-0.54931640625,-0.048828125,-0.10986328125,0.0244140625,0.9033203125,-0.28076171875,-0.5859375,-0.20751953125,0.1708984375,-0.2685546875,-0.48828125,-0.09765625,3.64990234375,-0.341796875,0.6591796875,-0.048828125,4.6875,-0.20751953125,0.64697265625,-0.25634765625,0.93994140625,0.28076171875,0.9033203125,0.50048828125,-0.23193359375,-0.10986328125,-0.7080078125,-0.01220703125,-0.4150390625,0.2197265625,0.830078125,0.08544921875,1.2451171875,-0.23193359375,0.52490234375,-0.35400390625,-0.15869140625,0.78125,0.79345703125,0,2.40478515625,-0.01220703125,1.72119140625,0.1220703125,1.81884765625,-0.13427734375,7.568359375,0.1220703125,0.2685546875,-0.048828125,1.2451171875,0.0244140625,0.3173828125,-0.15869140625,0.32958984375,-0.20751953125,0.9033203125,-0.08544921875,0.89111328125,0.3173828125,-0.048828125,-0.03662109375,1.28173828125,0.20751953125,-0.79345703125,-0.18310546875,-0.18310546875,-0.20751953125,-0.927734375,-0.18310546875,-0.67138671875,0,-1.64794921875,0.08544921875,-0.52490234375,0.47607421875,-0.7080078125,0.20751953125,-1.3427734375,-0.146484375,-0.68359375,-0.06103515625,-0.6591796875,0.341796875,-0.57373046875,-0.29296875,-0.048828125,-0.03662109375,-0.91552734375,-0.03662109375,-1.66015625,-0.5859375,-1.25732421875,-0.2197265625,0.23193359375,-0.048828125,0.35400390625,0.06103515625,-0.0244140625,-0.06103515625,0.048828125,-0.08544921875,0.146484375,-0.244140625,9.70458984375,-0.23193359375,4.82177734375,-0.03662109375,3.62548828125,0.08544921875,5.43212890625
0,0.244140625,-0.37841796875,-0.0732421875,-0.390625,-0.03662109375,-0.439453125,-0.06103515625,-0.1220703125,-0.244140625,-0.10986328125,0.03662109375,-0.927734375,0.1220703125,1.06201171875,-0.08544921875,-0.1708984375,-0.06103515625,-0.537109375,-0.03662109375,-0.13427734375,0.03662109375,0.9033203125,-0.28076171875,-0.5859375,-0.20751953125,0.1953125,-0.23193359375,-0.4638671875,-0.1708984375,3.74755859375,-0.3173828125,0.64697265625,-0.09765625,4.55322265625,-0.13427734375,0.59814453125,-0.28076171875,0.87890625,0.244140625,0.8544921875,0.52490234375,-0.244140625,-0.146484375,-0.7080078125,-0.0732421875,-0.4150390625,0.2685546875,0.7568359375,0.08544921875,1.23291015625,-0.1708984375,0.52490234375,-0.439453125,-0.146484375,0.732421875,0.78125,-0.0244140625,2.685546875,0.03662109375,1.86767578125,0.10986328125,1.953125,-0.0244140625,8.544921875,0.10986328125,0.2685546875,-0.048828125,1.37939453125,0.0732421875,0.3173828125,-0.244140625,0.30517578125,-0.244140625,1.0009765625,0.01220703125,0.89111328125,0.37841796875,-0.048828125,-0.0732421875,1.28173828125,0.13427734375,-0.732421875,-0.1953125,-0.10986328125,-0.18310546875,-0.9033203125,-0.146484375,-0.62255859375,-0.0244140625,-1.67236328125,0.0732421875,-0.52490234375,0.47607421875,-0.67138671875,0.2197265625,-1.35498046875,-0.18310546875,-0.69580078125,-0.01220703125,-0.6591796875,0.42724609375,-0.5859375,-0.23193359375,-0.06103515625,0.048828125,-0.86669921875,-0.0244140625,-1.6357421875,-0.50048828125,-1.15966796875,-0.18310546875,0.25634765625,-0.03662109375,0.32958984375,0.048828125,-0.03662109375,-0.0732421875,0.048828125,-0.10986328125,0.13427734375,-0.25634765625,10.21728515625,-0.23193359375,5.04150390625,-0.01220703125,3.80859375,0.09765625,5.74951171875
0,0.20751953125,-0.40283203125,-0.08544921875,-0.40283203125,0,-0.4638671875,-0.08544921875,-0.10986328125,-0.23193359375,-0.08544921875,0.0732421875,-0.91552734375,0.1220703125,1.0498046875,-0.06103515625,-0.1708984375,0,-0.52490234375,-0.0244140625,-0.09765625,0.0244140625,0.87890625,-0.2685546875,-0.5859375,-0.1953125,0.244140625,-0.1953125,-0.40283203125,-0.23193359375,3.94287109375,-0.28076171875,0.68359375,-0.146484375,4.4677734375,-0.08544921875,0.54931640625,-0.1953125,0.81787109375,0.20751953125,0.81787109375,0.50048828125,-0.2685546875,-0.13427734375,-0.72021484375,-0.10986328125,-0.40283203125,0.1953125,0.634765625,0.146484375,1.28173828125,-0.1220703125,0.537109375,-0.45166015625,-0.13427734375,0.7080078125,0.78125,-0.06103515625,2.880859375,0.08544921875,1.953125,0.244140625,2.03857421875,0.18310546875,9.24072265625,0.09765625,0.28076171875,-0.10986328125,1.57470703125,0.09765625,0.32958984375,-0.244140625,0.3173828125,-0.30517578125,1.07421875,0.06103515625,0.86669921875,0.37841796875,-0.06103515625,-0.10986328125,1.26953125,0.0732421875,-0.634765625,-0.23193359375,-0.03662109375,-0.1220703125,-0.8544921875,-0.10986328125,-0.5615234375,-0.03662109375,-1.66015625,0.09765625,-0.537109375,0.45166015625,-0.64697265625,0.25634765625,-1.3427734375,-0.1953125,-0.7080078125,0.0244140625,-0.6591796875,0.50048828125,-0.62255859375,-0.1708984375,-0.06103515625,0.09765625,-0.87890625,-0.01220703125,-1.62353515625,-0.40283203125,-1.13525390625,-0.13427734375,0.29296875,-0.03662109375,0.341796875,0.06103515625,-0.06103515625,-0.06103515625,0.08544921875,-0.09765625,0.1220703125,-0.28076171875,10.3271484375,-0.2197265625,5.078125,-0.01220703125,3.8330078125,0.09765625,5.82275390625
0,0.1953125,-0.40283203125,-0.08544921875,-0.40283203125,-0.01220703125,-0.4638671875,-0.10986328125,-0.10986328125,-0.244140625,-0.06103515625,0.06103515625,-0.9033203125,0.10986328125,1.03759765625,-0.03662109375,-0.146484375,0.03662109375,-0.52490234375,0,-0.10986328125,-0.0244140625,0.87890625,-0.25634765625,-0.5859375,-0.15869140625,0.29296875,-0.13427734375,-0.37841796875,-0.20751953125,4.150390625,-0.341796875,0.72021484375,-0.1708984375,4.3212890625,0.01220703125,0.47607421875,-0.18310546875,0.76904296875,0.1708984375,0.76904296875,0.50048828125,-0.28076171875,-0.10986328125,-0.732421875,-0.13427734375,-0.40283203125,0.2685546875,0.59814453125,0.10986328125,1.33056640625,-0.0732421875,0.537109375,-0.5126953125,-0.146484375,0.634765625,0.7568359375,-0.13427734375,2.96630859375,0.0732421875,1.96533203125,0.40283203125,2.06298828125,0.1708984375,9.55810546875,0.08544921875,0.3662109375,-0.1220703125,1.89208984375,0.10986328125,0.390625,-0.244140625,0.390625,-0.341796875,1.11083984375,0.1708984375,0.86669921875,0.32958984375,-0.06103515625,-0.1953125,1.26953125,0.0244140625,-0.59814453125,-0.25634765625,0.048828125,-0.03662109375,-0.84228515625,-0.10986328125,-0.537109375,0.0244140625,-1.6357421875,0.15869140625,-0.537109375,0.50048828125,-0.59814453125,0.25634765625,-1.33056640625,-0.1708984375,-0.72021484375,0.03662109375,-0.67138671875,0.54931640625,-0.6103515625,-0.10986328125,-0.06103515625,0.1708984375,-0.87890625,0.01220703125,-1.6357421875,-0.30517578125,-1.123046875,-0.15869140625,0.25634765625,-0.03662109375,0.32958984375,0.08544921875,-0.048828125,-0.048828125,0.08544921875,-0.10986328125,0.1220703125,-0.30517578125,10.0341796875,-0.23193359375,4.91943359375,0.01220703125,3.67431640625,0.09765625,5.6396484375
0,0.1708984375,-0.40283203125,-0.06103515625,-0.40283203125,-0.048828125,-0.439453125,-0.10986328125,-0.10986328125,-0.2197265625,-0.03662109375,0.08544921875,-0.91552734375,0.1220703125,1.025390625,-0.0244140625,-0.15869140625,0.08544921875,-0.52490234375,0.01220703125,-0.1220703125,-0.06103515625,0.8544921875,-0.1953125,-0.59814453125,-0.15869140625,0.35400390625,-0.09765625,-0.341796875,-0.18310546875,4.33349609375,-0.37841796875,0.732421875,-0.1708984375,4.13818359375,0.06103515625,0.37841796875,-0.15869140625,0.69580078125,0.10986328125,0.68359375,0.45166015625,-0.28076171875,-0.09765625,-0.72021484375,-0.1220703125,-0.37841796875,0.146484375,0.5126953125,0.13427734375,1.40380859375,-0.0244140625,0.537109375,-0.52490234375,-0.15869140625,0.5615234375,0.78125,-0.18310546875,2.978515625,0.06103515625,1.9287109375,0.439453125,2.03857421875,0.18310546875,9.53369140625,0.1220703125,0.537109375,-0.048828125,2.3681640625,0.09765625,0.48828125,-0.1953125,0.52490234375,-0.390625,1.1474609375,0.18310546875,0.8544921875,0.29296875,-0.048828125,-0.23193359375,1.26953125,-0.01220703125,-0.5615234375,-0.2197265625,0.10986328125,0.06103515625,-0.81787109375,-0.09765625,-0.50048828125,0,-1.59912109375,0.146484375,-0.5126953125,0.45166015625,-0.5615234375,0.18310546875,-1.30615234375,-0.18310546875,-0.732421875,0.03662109375,-0.6591796875,0.54931640625,-0.6103515625,-0.0732421875,-0.06103515625,0.20751953125,-0.91552734375,0.0732421875,-1.66015625,-0.20751953125,-1.20849609375,-0.1708984375,0.23193359375,-0.03662109375,0.3173828125,0.08544921875,-0.0244140625,-0.06103515625,0.0732421875,-0.09765625,0.09765625,-0.30517578125,9.4482421875,-0.18310546875,4.62646484375,0.0244140625,3.369140625,0.0732421875,5.2490234375
0,0.15869140625,-0.390625,-0.03662109375,-0.3662109375,-0.08544921875,-0.45166015625,-0.13427734375,-0.08544921875,-0.1953125,0,0.09765625,-0.9033203125,0.10986328125,1.06201171875,-0.01220703125,-0.13427734375,0.08544921875,-0.52490234375,0.03662109375,-0.1220703125,-0.09765625,0.86669921875,-0.1708984375,-0.5859375,-0.146484375,0.35400390625,-0.06103515625,-0.35400390625,-0.13427734375,4.345703125,-0.40283203125,0.74462890625,-0.0244140625,3.82080078125,0.13427734375,0.25634765625,-0.1220703125,0.59814453125,0.10986328125,0.5859375,0.37841796875,-0.2685546875,-0.09765625,-0.72021484375,-0.0732421875,-0.3662109375,0.1220703125,0.537109375,0.09765625,1.5380859375,0,0.537109375,-0.5126953125,-0.13427734375,0.57373046875,0.78125,-0.18310546875,2.94189453125,0.048828125,1.86767578125,0.3173828125,1.953125,0.1708984375,9.21630859375,0.13427734375,0.79345703125,0.048828125,2.9052734375,0.08544921875,0.634765625,-0.1220703125,0.7080078125,-0.32958984375,1.1474609375,0.20751953125,0.8056640625,0.23193359375,-0.01220703125,-0.2197265625,1.26953125,0,-0.54931640625,-0.1953125,0.15869140625,0.146484375,-0.8056640625,-0.10986328125,-0.48828125,0,-1.5869140625,0.1953125,-0.50048828125,0.4150390625,-0.537109375,0.15869140625,-1.28173828125,-0.15869140625,-0.72021484375,0.01220703125,-0.6591796875,0.537109375,-0.5859375,-0.048828125,-0.06103515625,0.18310546875,-0.93994140625,0.1220703125,-1.6845703125,-0.146484375,-1.28173828125,-0.1953125,0.20751953125,-0.048828125,0.29296875,0.09765625,-0.0244140625,-0.06103515625,0.06103515625,-0.0732421875,0.1220703125,-0.32958984375,8.6181640625,-0.1708984375,4.23583984375,0.0244140625,2.978515625,0.0732421875,4.7119140625
0,0.1708984375,-0.40283203125,-0.048828125,-0.341796875,-0.08544921875,-0.42724609375,-0.1220703125,-0.0732421875,-0.1708984375,-0.01220703125,0.10986328125,-0.9033203125,0.13427734375,1.07421875,-0.01220703125,-0.1220703125,0.10986328125,-0.52490234375,0.048828125,-0.1220703125,-0.146484375,0.86669921875,-0.1953125,-0.5859375,-0.13427734375,0.341796875,-0.03662109375,-0.3662109375,-0.10986328125,4.19921875,-0.42724609375,0.72021484375,-0.048828125,3.369140625,0.15869140625,0.08544921875,-0.13427734375,0.47607421875,0.09765625,0.42724609375,0.28076171875,-0.244140625,-0.048828125,-0.72021484375,-0.08544921875,-0.35400390625,0.0732421875,0.52490234375,0.09765625,1.806640625,0.06103515625,0.54931640625,-0.537109375,-0.13427734375,0.45166015625,0.8056640625,-0.18310546875,2.77099609375,0.03662109375,1.72119140625,0.390625,1.81884765625,0.1708984375,8.59375,0.1953125,1.13525390625,0.03662109375,3.55224609375,0.048828125,0.830078125,-0.048828125,0.93994140625,-0.29296875,1.123046875,0.2685546875,0.830078125,0.15869140625,0,-0.244140625,1.26953125,0.03662109375,-0.52490234375,-0.13427734375,0.18310546875,0.1953125,-0.79345703125,-0.1220703125,-0.47607421875,-0.06103515625,-1.5625,0.2197265625,-0.47607421875,0.35400390625,-0.48828125,0.1220703125,-1.26953125,-0.10986328125,-0.72021484375,-0.01220703125,-0.68359375,0.48828125,-0.57373046875,-0.01220703125,-0.06103515625,0.09765625,-0.93994140625,0.0732421875,-1.67236328125,-0.13427734375,-1.3427734375,-0.23193359375,0.18310546875,-0.01220703125,0.30517578125,0.1220703125,-0.01220703125,-0.0732421875,0.03662109375,-0.08544921875,0.13427734375,-0.35400390625,7.6416015625,-0.15869140625,3.7841796875,0.03662109375,2.5390625,0.09765625,4.06494140625
0,0.146484375,-0.37841796875,-0.0244140625,-0.35400390625,-0.0732421875,-0.42724609375,-0.1220703125,-0.048828125,-0.13427734375,-0.01220703125,0.09765625,-0.91552734375,0.13427734375,1.07421875,-0.01220703125,-0.10986328125,0.09765625,-0.537109375,0.048828125,-0.1220703125,-0.10986328125,0.89111328125,-0.20751953125,-0.5615234375,-0.1220703125,0.25634765625,0,-0.439453125,0.06103515625,3.82080078125,-0.390625,0.6103515625,0.048828125,2.74658203125,0.1953125,-0.1220703125,-0.10986328125,0.29296875,0.15869140625,0.2197265625,0.18310546875,-0.23193359375,-0.03662109375,-0.732421875,-0.03662109375,-0.341796875,0.06103515625,0.5615234375,0.0732421875,2.18505859375,0.08544921875,0.59814453125,-0.5126953125,-0.08544921875,0.35400390625,0.86669921875,-0.13427734375,2.5634765625,0,1.57470703125,0.3662109375,1.6357421875,0.18310546875,7.77587890625,0.1953125,1.47705078125,0.08544921875,4.248046875,0.01220703125,1.06201171875,0.03662109375,1.18408203125,-0.1953125,1.07421875,0.29296875,0.8056640625,0.0732421875,0.0244140625,-0.23193359375,1.26953125,0.03662109375,-0.5615234375,-0.09765625,0.1953125,0.18310546875,-0.8056640625,-0.15869140625,-0.48828125,-0.10986328125,-1.55029296875,0.244140625,-0.439453125,0.23193359375,-0.48828125,0.09765625,-1.26953125,-0.06103515625,-0.7080078125,-0.06103515625,-0.68359375,0.390625,-0.5615234375,-0.01220703125,-0.048828125,0.048828125,-0.9521484375,0.09765625,-1.72119140625,-0.1708984375,-1.416015625,-0.1953125,0.2197265625,0.01220703125,0.30517578125,0.1220703125,-0.01220703125,-0.0732421875,0.03662109375,-0.08544921875,0.146484375,-0.35400390625,6.591796875,-0.18310546875,3.2958984375,0.03662109375,2.05078125,0.08544921875,3.369140625
0,0.146484375,-0.37841796875,-0.0244140625,-0.32958984375,-0.03662109375,-0.439453125,-0.09765625,-0.048828125,-0.09765625,-0.06103515625,0.1220703125,-0.89111328125,0.13427734375,1.08642578125,-0.0244140625,-0.13427734375,0.048828125,-0.5615234375,0.0244140625,-0.13427734375,-0.048828125,0.86669921875,-0.244140625,-0.5859375,-0.08544921875,0.1220703125,-0.01220703125,-0.57373046875,0.1220703125,3.2470703125,-0.37841796875,0.5126953125,0.08544921875,2.0263671875,0.25634765625,-0.32958984375,-0.13427734375,0.08544921875,0.18310546875,-0.0244140625,0.08544921875,-0.244140625,-0.0244140625,-0.7080078125,-0.0244140625,-0.35400390625,-0.08544921875,0.62255859375,0.0244140625,2.685546875,0.06103515625,0.67138671875,-0.50048828125,-0.01220703125,0.25634765625,0.9521484375,-0.10986328125,2.34375,-0.0244140625,1.40380859375,0.37841796875,1.46484375,0.20751953125,6.79931640625,0.13427734375,1.89208984375,0.23193359375,4.9072265625,-0.048828125,1.28173828125,0.06103515625,1.4404296875,-0.0732421875,1.025390625,0.29296875,0.84228515625,0.01220703125,0.0244140625,-0.2197265625,1.2939453125,0.0732421875,-0.6103515625,-0.01220703125,0.146484375,0.15869140625,-0.830078125,-0.1708984375,-0.52490234375,-0.13427734375,-1.5380859375,0.23193359375,-0.42724609375,0.06103515625,-0.47607421875,0.08544921875,-1.23291015625,0.01220703125,-0.69580078125,-0.146484375,-0.68359375,0.29296875,-0.537109375,-0.0244140625,-0.048828125,-0.03662109375,-0.96435546875,0.09765625,-1.708984375,-0.2197265625,-1.4404296875,-0.1953125,0.2197265625,0.03662109375,0.3173828125,0.10986328125,-0.01220703125,-0.048828125,0.01220703125,-0.10986328125,0.15869140625,-0.37841796875,5.56640625,-0.146484375,2.8564453125,0.01220703125,1.59912109375,0.08544921875,2.7099609375
0,0.13427734375,-0.37841796875,0,-0.35400390625,-0.01220703125,-0.439453125,-0.0732421875,-0.0732421875,-0.0732421875,-0.08544921875,0.10986328125,-0.927734375,0.1220703125,1.11083984375,-0.03662109375,-0.13427734375,0.0244140625,-0.54931640625,-0.01220703125,-0.15869140625,0.01220703125,0.8544921875,-0.2685546875,-0.57373046875,-0.03662109375,-0.0244140625,-0.01220703125,-0.68359375,0.15869140625,2.55126953125,-0.3662109375,0.390625,0.08544921875,1.28173828125,0.29296875,-0.537109375,-0.09765625,-0.09765625,0.2197265625,-0.25634765625,0.048828125,-0.25634765625,-0.06103515625,-0.7080078125,-0.03662109375,-0.341796875,-0.1708984375,0.6591796875,0.1220703125,3.30810546875,0.048828125,0.8056640625,-0.50048828125,0.09765625,0.09765625,1.0986328125,-0.08544921875,2.08740234375,-0.048828125,1.2451171875,0.35400390625,1.28173828125,0.2197265625,5.74951171875,0.0732421875,2.25830078125,0.37841796875,5.4931640625,-0.03662109375,1.513671875,0.08544921875,1.6845703125,0.01220703125,0.9765625,0.244140625,0.830078125,-0.0732421875,0.01220703125,-0.1953125,1.25732421875,0.09765625,-0.6591796875,0.06103515625,0.13427734375,0.03662109375,-0.84228515625,-0.18310546875,-0.52490234375,-0.1708984375,-1.5380859375,0.18310546875,-0.42724609375,-0.08544921875,-0.4638671875,0.1220703125,-1.25732421875,0.06103515625,-0.68359375,-0.2197265625,-0.69580078125,0.1220703125,-0.537109375,-0.06103515625,-0.048828125,-0.15869140625,-0.91552734375,0,-1.708984375,-0.30517578125,-1.40380859375,-0.23193359375,0.2685546875,0.0244140625,0.32958984375,0.10986328125,-0.01220703125,-0.06103515625,0.01220703125,-0.08544921875,0.1708984375,-0.35400390625,4.58984375,-0.1708984375,2.44140625,0,1.20849609375,0.10986328125,2.11181640625
0,0.10986328125,-0.390625,0.01220703125,-0.35400390625,-0.01220703125,-0.439453125,-0.06103515625,-0.09765625,-0.03662109375,-0.09765625,0.10986328125,-0.927734375,0.146484375,1.0986328125,-0.0244140625,-0.15869140625,0.01220703125,-0.5615234375,-0.0244140625,-0.13427734375,0.09765625,0.86669921875,-0.3173828125,-0.5859375,-0.0244140625,-0.18310546875,-0.01220703125,-0.84228515625,0.0732421875,1.806640625,-0.3173828125,0.23193359375,0.13427734375,0.6103515625,0.3173828125,-0.7080078125,-0.10986328125,-0.2685546875,0.2685546875,-0.45166015625,0.13427734375,-0.244140625,-0.13427734375,-0.7080078125,-0.03662109375,-0.35400390625,-0.20751953125,0.7080078125,0.15869140625,4.04052734375,0.048828125,0.9765625,-0.4638671875,0.1953125,0.0244140625,1.25732421875,-0.048828125,1.806640625,-0.0732421875,1.07421875,0.2197265625,1.0986328125,0.1708984375,4.7119140625,0.01220703125,2.5634765625,0.45166015625,5.99365234375,0,1.6845703125,0.10986328125,1.84326171875,0.0732421875,0.91552734375,0.18310546875,0.81787109375,-0.13427734375,0,-0.15869140625,1.28173828125,0.09765625,-0.7080078125,0.1708984375,0.08544921875,-0.09765625,-0.87890625,-0.15869140625,-0.54931640625,-0.15869140625,-1.55029296875,0.1708984375,-0.390625,-0.1953125,-0.4638671875,0.146484375,-1.23291015625,0.0732421875,-0.68359375,-0.25634765625,-0.67138671875,-0.01220703125,-0.52490234375,-0.10986328125,-0.06103515625,-0.18310546875,-0.8544921875,-0.048828125,-1.64794921875,-0.30517578125,-1.3671875,-0.25634765625,0.3173828125,0.03662109375,0.32958984375,0.1220703125,-0.0244140625,-0.06103515625,0.01220703125,-0.10986328125,0.15869140625,-0.3662109375,3.6865234375,-0.1708984375,2.0751953125,-0.0244140625,0.84228515625,0.146484375,1.55029296875
0,0.0732421875,-0.37841796875,0,-0.3662109375,-0.0244140625,-0.45166015625,-0.048828125,-0.09765625,0,-0.10986328125,0.10986328125,-0.927734375,0.15869140625,1.08642578125,-0.06103515625,-0.1708984375,0.01220703125,-0.537109375,-0.048828125,-0.13427734375,0.15869140625,0.8544921875,-0.35400390625,-0.59814453125,-0.048828125,-0.32958984375,0.01220703125,-0.96435546875,-0.03662109375,1.13525390625,-0.29296875,0.10986328125,0.10986328125,0.08544921875,0.341796875,-0.81787109375,-0.146484375,-0.390625,0.28076171875,-0.6103515625,0.2197265625,-0.25634765625,-0.2197265625,-0.69580078125,-0.09765625,-0.35400390625,-0.10986328125,0.74462890625,0.28076171875,4.84619140625,0.048828125,1.18408203125,-0.45166015625,0.341796875,-0.048828125,1.42822265625,-0.0732421875,1.55029296875,-0.06103515625,0.89111328125,0.23193359375,0.9521484375,0.1220703125,3.69873046875,-0.0244140625,2.74658203125,0.40283203125,6.3232421875,0.0244140625,1.84326171875,0.13427734375,1.96533203125,0.08544921875,0.8544921875,0.1220703125,0.8544921875,-0.1220703125,-0.0244140625,-0.1220703125,1.2939453125,0.15869140625,-0.78125,0.244140625,0.03662109375,-0.2685546875,-0.927734375,-0.146484375,-0.5859375,-0.1708984375,-1.52587890625,0.1220703125,-0.37841796875,-0.29296875,-0.42724609375,0.1953125,-1.20849609375,0.10986328125,-0.69580078125,-0.2685546875,-0.64697265625,-0.08544921875,-0.54931640625,-0.2197265625,-0.06103515625,-0.244140625,-0.78125,-0.13427734375,-1.59912109375,-0.3662109375,-1.25732421875,-0.30517578125,0.390625,0.048828125,0.35400390625,0.13427734375,-0.0244140625,-0.06103515625,0,-0.10986328125,0.13427734375,-0.3662109375,2.83203125,-0.20751953125,1.74560546875,-0.048828125,0.52490234375,0.15869140625,1.06201171875
0,0.048828125,-0.390625,-0.01220703125,-0.390625,-0.03662109375,-0.45166015625,-0.0244140625,-0.10986328125,0.0244140625,-0.09765625,0.10986328125,-0.927734375,0.1708984375,1.07421875,-0.048828125,-0.18310546875,0.01220703125,-0.537109375,-0.03662109375,-0.13427734375,0.18310546875,0.8544921875,-0.3662109375,-0.59814453125,-0.048828125,-0.42724609375,0.06103515625,-1.0498046875,-0.13427734375,0.6103515625,-0.2685546875,0.01220703125,0.08544921875,-0.18310546875,0.29296875,-0.87890625,-0.15869140625,-0.40283203125,0.25634765625,-0.6591796875,0.29296875,-0.28076171875,-0.3173828125,-0.7080078125,-0.146484375,-0.3662109375,-0.03662109375,0.7568359375,0.32958984375,5.6396484375,0.08544921875,1.37939453125,-0.45166015625,0.47607421875,-0.09765625,1.59912109375,-0.048828125,1.318359375,-0.09765625,0.7568359375,0.1708984375,0.8544921875,0.048828125,2.79541015625,-0.0244140625,2.84423828125,0.42724609375,6.48193359375,0.0732421875,1.904296875,0.10986328125,1.98974609375,0.08544921875,0.78125,0.08544921875,0.830078125,-0.0732421875,-0.03662109375,-0.15869140625,1.28173828125,0.244140625,-0.830078125,0.25634765625,0.01220703125,-0.37841796875,-0.9521484375,-0.13427734375,-0.5859375,-0.18310546875,-1.4892578125,0.1220703125,-0.35400390625,-0.29296875,-0.4150390625,0.244140625,-1.1474609375,0.06103515625,-0.67138671875,-0.23193359375,-0.634765625,-0.1220703125,-0.5615234375,-0.3173828125,-0.0732421875,-0.20751953125,-0.72021484375,-0.23193359375,-1.5380859375,-0.35400390625,-1.15966796875,-0.28076171875,0.47607421875,0.03662109375,0.341796875,0.1220703125,-0.03662109375,-0.048828125,-0.01220703125,-0.08544921875,0.146484375,-0.3662109375,2.05078125,-0.1708984375,1.46484375,-0.0732421875,0.23193359375,0.13427734375,0.59814453125
1,0,-0.37841796875,-0.01220703125,-0.37841796875,-0.0244140625,-0.47607421875,-0.0244140625,-0.10986328125,0.048828125,-0.06103515625,0.09765625,-0.9033203125,0.15869140625,1.06201171875,-0.048828125,-0.18310546875,0,-0.54931640625,0.01220703125,-0.146484375,0.20751953125,0.8544921875,-0.32958984375,-0.62255859375,-0.08544921875,-0.4638671875,0.09765625,-1.0986328125,-0.28076171875,0.40283203125,-0.2197265625,-0.0244140625,-0.0244140625,-0.18310546875,0.2685546875,-0.81787109375,-0.13427734375,-0.37841796875,0.20751953125,-0.6103515625,0.35400390625,-0.2685546875,-0.341796875,-0.72021484375,-0.23193359375,-0.3662109375,0.0244140625,0.74462890625,0.2685546875,6.4208984375,0.03662109375,1.5869140625,-0.45166015625,0.59814453125,-0.15869140625,1.7333984375,-0.06103515625,1.11083984375,-0.13427734375,0.634765625,0.03662109375,0.78125,-0.01220703125,2.0263671875,-0.03662109375,2.81982421875,0.439453125,6.494140625,0.10986328125,1.91650390625,0.0732421875,1.96533203125,0.1220703125,0.69580078125,0.0244140625,0.81787109375,0,-0.048828125,-0.1953125,1.30615234375,0.20751953125,-0.8544921875,0.2685546875,0,-0.48828125,-0.9521484375,-0.1220703125,-0.5859375,-0.2197265625,-1.45263671875,0.08544921875,-0.32958984375,-0.23193359375,-0.42724609375,0.23193359375,-1.11083984375,0.01220703125,-0.68359375,-0.1708984375,-0.62255859375,-0.0732421875,-0.5859375,-0.40283203125,-0.0732421875,-0.146484375,-0.62255859375,-0.23193359375,-1.45263671875,-0.30517578125,-1.07421875,-0.28076171875,0.5615234375,0.048828125,0.341796875,0.1220703125,-0.048828125,-0.06103515625,-0.01220703125,-0.08544921875,0.10986328125,-0.390625,1.2939453125,-0.13427734375,1.20849609375,-0.0732421875,-0.03662109375,0.13427734375,0.18310546875
1,-0.03662109375,-0.390625,0,-0.37841796875,0.01220703125,-0.47607421875,-0.06103515625,-0.10986328125,0.048828125,-0.03662109375,0.10986328125,-0.91552734375,0.146484375,1.025390625,-0.048828125,-0.18310546875,-0.0244140625,-0.537109375,0.09765625,-0.1220703125,0.18310546875,0.8544921875,-0.29296875,-0.5859375,-0.09765625,-0.439453125,0.1220703125,-1.06201171875,-0.25634765625,0.50048828125,-0.2197265625,0.048828125,-0.0732421875,0.2197265625,0.23193359375,-0.7080078125,-0.18310546875,-0.25634765625,0.1220703125,-0.439453125,0.35400390625,-0.244140625,-0.35400390625,-0.72021484375,-0.2197265625,-0.3662109375,0.01220703125,0.7080078125,0.23193359375,7.04345703125,0,1.7578125,-0.439453125,0.7080078125,-0.10986328125,1.85546875,-0.08544921875,0.927734375,-0.1708984375,0.54931640625,-0.0244140625,0.7568359375,-0.0244140625,1.40380859375,0.0244140625,2.69775390625,0.40283203125,6.33544921875,0.13427734375,1.86767578125,0.0244140625,1.904296875,0.146484375,0.5859375,0.048828125,0.84228515625,0.048828125,-0.0732421875,-0.2685546875,1.2939453125,0.1953125,-0.8544921875,0.244140625,-0.01220703125,-0.50048828125,-0.9521484375,-0.08544921875,-0.57373046875,-0.2197265625,-1.45263671875,0.10986328125,-0.3173828125,-0.10986328125,-0.40283203125,0.20751953125,-1.11083984375,-0.06103515625,-0.68359375,-0.08544921875,-0.634765625,0,-0.5859375,-0.45166015625,-0.0732421875,-0.146484375,-0.5615234375,-0.28076171875,-1.37939453125,-0.341796875,-1.01318359375,-0.28076171875,0.634765625,0.048828125,0.32958984375,0.10986328125,-0.03662109375,-0.06103515625,0.01220703125,-0.09765625,0.10986328125,-0.37841796875,0.59814453125,-0.146484375,0.9521484375,-0.0732421875,-0.30517578125,0.09765625,-0.23193359375
1,-0.0244140625,-0.4150390625,0.01220703125,-0.390625,0,-0.50048828125,-0.0732421875,-0.09765625,0.048828125,-0.03662109375,0.09765625,-0.91552734375,0.09765625,1.01318359375,-0.048828125,-0.15869140625,0,-0.54931640625,0.1708984375,-0.13427734375,0.1953125,0.8544921875,-0.244140625,-0.6103515625,-0.08544921875,-0.32958984375,0.13427734375,-0.9521484375,-0.1953125,0.86669921875,-0.23193359375,0.146484375,-0.09765625,0.86669921875,0.20751953125,-0.47607421875,-0.20751953125,-0.03662109375,0.06103515625,-0.15869140625,0.35400390625,-0.23193359375,-0.28076171875,-0.72021484375,-0.20751953125,-0.37841796875,-0.048828125,0.68359375,0.146484375,7.50732421875,-0.0244140625,1.84326171875,-0.45166015625,0.79345703125,-0.09765625,1.9287109375,-0.15869140625,0.8056640625,-0.1708984375,0.48828125,-0.048828125,0.74462890625,-0.06103515625,0.9521484375,0.048828125,2.55126953125,0.23193359375,6.11572265625,0.15869140625,1.7822265625,-0.0244140625,1.7822265625,0.09765625,0.48828125,0.03662109375,0.78125,0.08544921875,-0.08544921875,-0.29296875,1.28173828125,0.13427734375,-0.86669921875,0.146484375,-0.01220703125,-0.4638671875,-0.91552734375,-0.1220703125,-0.54931640625,-0.18310546875,-1.45263671875,0.09765625,-0.3173828125,0.01220703125,-0.40283203125,0.1708984375,-1.0986328125,-0.146484375,-0.69580078125,-0.01220703125,-0.634765625,0.0244140625,-0.57373046875,-0.4150390625,-0.0732421875,-0.1220703125,-0.5126953125,-0.3173828125,-1.318359375,-0.3173828125,-0.98876953125,-0.2685546875,0.7080078125,0.03662109375,0.3173828125,0.13427734375,-0.03662109375,-0.0732421875,0.01220703125,-0.1220703125,0.1220703125,-0.4638671875,-0.09765625,-0.1953125,0.69580078125,-0.1220703125,-0.5615234375,0.06103515625,-0.62255859375
1,-0.048828125,-0.42724609375,-0.0244140625,-0.4150390625,0.01220703125,-0.48828125,-0.0732421875,-0.10986328125,0.06103515625,-0.01220703125,0.09765625,-0.9033203125,0.09765625,1.025390625,-0.03662109375,-0.15869140625,-0.03662109375,-0.5615234375,0.23193359375,-0.13427734375,0.1953125,0.84228515625,-0.1708984375,-0.5859375,-0.048828125,-0.1708984375,0.146484375,-0.8056640625,-0.20751953125,1.57470703125,-0.29296875,0.32958984375,-0.1220703125,1.806640625,0.20751953125,-0.1953125,-0.25634765625,0.2197265625,-0.01220703125,0.1953125,0.3173828125,-0.23193359375,-0.1708984375,-0.732421875,-0.2197265625,-0.390625,-0.01220703125,0.68359375,0.146484375,7.763671875,-0.048828125,1.91650390625,-0.40283203125,0.830078125,-0.01220703125,1.94091796875,-0.28076171875,0.72021484375,-0.18310546875,0.42724609375,-0.0732421875,0.72021484375,-0.146484375,0.6103515625,0.09765625,2.3681640625,0.09765625,5.859375,0.1220703125,1.69677734375,-0.06103515625,1.66015625,0.0244140625,0.390625,0.01220703125,0.79345703125,0.09765625,-0.06103515625,-0.3173828125,1.26953125,0.146484375,-0.8544921875,0.13427734375,-0.01220703125,-0.341796875,-0.927734375,-0.0732421875,-0.537109375,-0.146484375,-1.45263671875,0.08544921875,-0.3173828125,0.08544921875,-0.40283203125,0.13427734375,-1.11083984375,-0.13427734375,-0.69580078125,0.01220703125,-0.64697265625,0.08544921875,-0.5859375,-0.37841796875,-0.06103515625,-0.10986328125,-0.48828125,-0.2685546875,-1.28173828125,-0.29296875,-0.9765625,-0.244140625,0.74462890625,0.01220703125,0.30517578125,0.13427734375,-0.03662109375,-0.08544921875,0,-0.146484375,0.1220703125,-0.45166015625,-0.7080078125,-0.15869140625,0.48828125,-0.10986328125,-0.78125,0.0732421875,-0.98876953125
1,-0.048828125,-0.4150390625,-0.03662109375,-0.40283203125,-0.0244140625,-0.47607421875,-0.08544921875,-0.08544921875,0.0732421875,0,0.10986328125,-0.91552734375,0.08544921875,1.03759765625,-0.03662109375,-0.1708984375,-0.0244140625,-0.5859375,0.30517578125,-0.13427734375,0.1953125,0.84228515625,-0.10986328125,-0.59814453125,0,0.06103515625,0.1220703125,-0.62255859375,-0.08544921875,2.5146484375,-0.4150390625,0.54931640625,-0.01220703125,2.91748046875,0.2197265625,0.1220703125,-0.29296875,0.537109375,-0.048828125,0.6103515625,0.2685546875,-0.2197265625,-0.09765625,-0.74462890625,-0.1708984375,-0.390625,-0.0244140625,0.68359375,0.1220703125,7.763671875,-0.03662109375,1.904296875,-0.3173828125,0.81787109375,0.048828125,1.91650390625,-0.3173828125,0.6591796875,-0.15869140625,0.4150390625,-0.1220703125,0.732421875,-0.18310546875,0.40283203125,0.09765625,2.1728515625,0,5.57861328125,0.06103515625,1.57470703125,-0.0732421875,1.5625,-0.06103515625,0.29296875,0.01220703125,0.79345703125,0.09765625,-0.0732421875,-0.341796875,1.2451171875,0.1708984375,-0.8056640625,0.0732421875,-0.01220703125,-0.1953125,-0.9033203125,-0.0244140625,-0.54931640625,-0.09765625,-1.46484375,0.06103515625,-0.35400390625,0.2685546875,-0.439453125,0.13427734375,-1.13525390625,-0.10986328125,-0.68359375,0,-0.68359375,0.09765625,-0.6103515625,-0.30517578125,-0.08544921875,-0.08544921875,-0.48828125,-0.2197265625,-1.25732421875,-0.244140625,-1.01318359375,-0.23193359375,0.732421875,0,0.30517578125,0.13427734375,-0.0244140625,-0.0732421875,0,-0.13427734375,0.13427734375,-0.390625,-1.220703125,-0.1220703125,0.32958984375,-0.09765625,-0.98876953125,0.09765625,-1.28173828125
1,-0.0732421875,-0.40283203125,-0.03662109375,-0.37841796875,-0.048828125,-0.47607421875,-0.10986328125,-0.10986328125,0.09765625,-0.01220703125,0.10986328125,-0.9033203125,0.0732421875,1.0498046875,-0.01220703125,-0.18310546875,0.0244140625,-0.5859375,0.35400390625,-0.146484375,0.244140625,0.830078125,-0.08544921875,-0.59814453125,0.06103515625,0.28076171875,0.09765625,-0.40283203125,0.01220703125,3.55224609375,-0.48828125,0.8056640625,0.09765625,4.11376953125,0.23193359375,0.4638671875,-0.28076171875,0.84228515625,-0.03662109375,1.01318359375,0.1953125,-0.20751953125,0.01220703125,-0.7568359375,-0.1708984375,-0.40283203125,-0.08544921875,0.6591796875,-0.03662109375,7.568359375,-0.048828125,1.81884765625,-0.2685546875,0.79345703125,0.09765625,1.86767578125,-0.37841796875,0.62255859375,-0.1220703125,0.45166015625,-0.1708984375,0.72021484375,-0.18310546875,0.2685546875,0.1220703125,2.06298828125,-0.0244140625,5.322265625,-0.01220703125,1.50146484375,-0.08544921875,1.4892578125,-0.1220703125,0.2197265625,0.0244140625,0.76904296875,0.09765625,-0.0732421875,-0.30517578125,1.2451171875,0.1220703125,-0.76904296875,-0.0244140625,-0.01220703125,-0.03662109375,-0.9033203125,-0.048828125,-0.54931640625,-0.09765625,-1.50146484375,0.0244140625,-0.390625,0.32958984375,-0.4638671875,0.09765625,-1.1962890625,-0.048828125,-0.68359375,0.01220703125,-0.69580078125,0.10986328125,-0.5859375,-0.20751953125,-0.0732421875,-0.048828125,-0.47607421875,-0.18310546875,-1.28173828125,-0.1953125,-1.0498046875,-0.18310546875,0.74462890625,-0.03662109375,0.29296875,0.15869140625,-0.03662109375,-0.09765625,-0.01220703125,-0.146484375,0.146484375,-0.37841796875,-1.5625,-0.08544921875,0.2197265625,-0.08544921875,-1.123046875,0.10986328125,-1.4892578125
1,-0.0732421875,-0.40283203125,-0.01220703125,-0.390625,-0.06103515625,-0.48828125,-0.13427734375,-0.10986328125,0.1220703125,-0.03662109375,0.09765625,-0.9033203125,0.0732421875,1.06201171875,-0.01220703125,-0.15869140625,0.08544921875,-0.5859375,0.32958984375,-0.13427734375,0.2685546875,0.84228515625,-0.13427734375,-0.57373046875,0.15869140625,0.50048828125,0.0732421875,-0.1708984375,0.13427734375,4.62646484375,-0.5126953125,1.0498046875,0.048828125,5.28564453125,0.23193359375,0.78125,-0.30517578125,1.15966796875,-0.03662109375,1.40380859375,0.0732421875,-0.23193359375,0.08544921875,-0.76904296875,-0.23193359375,-0.37841796875,-0.03662109375,0.69580078125,-0.10986328125,7.18994140625,-0.048828125,1.69677734375,-0.20751953125,0.72021484375,0.10986328125,1.77001953125,-0.40283203125,0.6103515625,-0.1220703125,0.4150390625,-0.13427734375,0.69580078125,-0.15869140625,0.15869140625,0.146484375,1.98974609375,-0.09765625,5.11474609375,-0.0732421875,1.416015625,-0.06103515625,1.416015625,-0.1953125,0.1708984375,0.0244140625,0.79345703125,0.10986328125,-0.0732421875,-0.28076171875,1.25732421875,0.1708984375,-0.7568359375,-0.048828125,-0.0244140625,0.10986328125,-0.9033203125,-0.01220703125,-0.57373046875,-0.08544921875,-1.52587890625,-0.0244140625,-0.42724609375,0.35400390625,-0.45166015625,0.06103515625,-1.23291015625,-0.01220703125,-0.69580078125,0.03662109375,-0.69580078125,0.146484375,-0.57373046875,-0.1220703125,-0.06103515625,-0.01220703125,-0.50048828125,-0.13427734375,-1.28173828125,-0.1953125,-1.11083984375,-0.1220703125,0.72021484375,-0.01220703125,0.30517578125,0.15869140625,-0.01220703125,-0.0732421875,-0.03662109375,-0.146484375,0.15869140625,-0.35400390625,-1.7578125,-0.1220703125,0.1708984375,-0.08544921875,-1.18408203125,0.13427734375,-1.59912109375
1,-0.0732421875,-0.40283203125,0,-0.3662109375,-0.03662109375,-0.45166015625,-0.1708984375,-0.09765625,0.146484375,-0.06103515625,0.09765625,-0.87890625,0.0732421875,1.07421875,-0.01220703125,-0.1708984375,0.15869140625,-0.59814453125,0.32958984375,-0.15869140625,0.28076171875,0.86669921875,-0.2197265625,-0.57373046875,0.244140625,0.732421875,0.03662109375,0.06103515625,0.13427734375,5.57861328125,-0.48828125,1.26953125,-0.01220703125,6.3232421875,0.29296875,1.025390625,-0.30517578125,1.42822265625,-0.01220703125,1.7578125,0.01220703125,-0.25634765625,0.08544921875,-0.76904296875,-0.30517578125,-0.390625,-0.06103515625,0.69580078125,-0.1953125,6.689453125,-0.0732421875,1.5869140625,-0.1953125,0.64697265625,0.18310546875,1.66015625,-0.439453125,0.5859375,-0.146484375,0.4150390625,-0.10986328125,0.64697265625,-0.13427734375,0.048828125,0.1953125,1.94091796875,-0.048828125,4.91943359375,-0.15869140625,1.3916015625,-0.0732421875,1.3671875,-0.25634765625,0.10986328125,0.048828125,0.79345703125,0.1220703125,-0.06103515625,-0.1953125,1.23291015625,0.1708984375,-0.72021484375,-0.10986328125,-0.048828125,0.20751953125,-0.87890625,-0.01220703125,-0.6103515625,-0.06103515625,-1.57470703125,-0.048828125,-0.439453125,0.29296875,-0.37841796875,0.01220703125,-1.25732421875,0.03662109375,-0.68359375,0.048828125,-0.72021484375,0.1953125,-0.57373046875,-0.0244140625,-0.048828125,0.0244140625,-0.52490234375,-0.0732421875,-1.28173828125,-0.20751953125,-1.13525390625,-0.048828125,0.68359375,-0.03662109375,0.3173828125,0.15869140625,-0.01220703125,-0.08544921875,-0.048828125,-0.1220703125,0.15869140625,-0.32958984375,-1.708984375,-0.09765625,0.20751953125,-0.08544921875,-1.1962890625,0.1220703125,-1.57470703125
1,-0.1220703125,-0.4150390625,0,-0.3662109375,0,-0.45166015625,-0.18310546875,-0.08544921875,0.18310546875,-0.09765625,0.08544921875,-0.87890625,0.0732421875,1.06201171875,0,-0.15869140625,0.20751953125,-0.59814453125,0.28076171875,-0.15869140625,0.341796875,0.86669921875,-0.341796875,-0.57373046875,0.30517578125,0.91552734375,0.0244140625,0.2197265625,0.146484375,6.38427734375,-0.390625,1.45263671875,-0.146484375,7.1533203125,0.40283203125,1.2451171875,-0.30517578125,1.67236328125,0.048828125,2.001953125,0.0244140625,-0.2685546875,0.10986328125,-0.74462890625,-0.390625,-0.390625,-0.048828125,0.69580078125,-0.2197265625,6.16455078125,-0.146484375,1.46484375,-0.18310546875,0.52490234375,0.23193359375,1.5625,-0.48828125,0.54931640625,-0.1220703125,0.4150390625,-0.0732421875,0.634765625,-0.15869140625,-0.08544921875,0.1953125,1.91650390625,-0.10986328125,4.77294921875,-0.2197265625,1.3427734375,-0.048828125,1.33056640625,-0.28076171875,0.08544921875,-0.01220703125,0.8056640625,0.09765625,-0.03662109375,-0.08544921875,1.2451171875,0.18310546875,-0.732421875,-0.1220703125,-0.06103515625,0.29296875,-0.89111328125,0,-0.634765625,0,-1.5380859375,-0.10986328125,-0.439453125,0.15869140625,-0.18310546875,0.0244140625,-1.2451171875,0.06103515625,-0.67138671875,0.048828125,-0.72021484375,0.15869140625,-0.5615234375,0.048828125,-0.06103515625,0.0244140625,-0.537109375,-0.06103515625,-1.318359375,-0.244140625,-1.1474609375,-0.01220703125,0.62255859375,-0.06103515625,0.3173828125,0.146484375,-0.01220703125,-0.08544921875,-0.06103515625,-0.13427734375,0.146484375,-0.30517578125,-1.513671875,-0.13427734375,0.30517578125,-0.09765625,-1.07421875,0.146484375,-1.42822265625
1,-0.10986328125,-0.4150390625,0.01220703125,-0.3662109375,0.0244140625,-0.439453125,-0.1708984375,-0.08544921875,0.2197265625,-0.1220703125,0.08544921875,-0.89111328125,0.06103515625,1.07421875,-0.03662109375,-0.146484375,0.244140625,-0.5859375,0.2197265625,-0.1708984375,0.28076171875,0.86669921875,-0.4150390625,-0.5615234375,0.3662109375,1.025390625,-0.01220703125,0.341796875,0.13427734375,6.92138671875,-0.23193359375,1.57470703125,-0.244140625,7.70263671875,0.439453125,1.3916015625,-0.244140625,1.81884765625,0.048828125,2.16064453125,0.08544921875,-0.2685546875,0.09765625,-0.72021484375,-0.42724609375,-0.37841796875,-0.1220703125,0.7080078125,-0.2197265625,5.6640625,-0.1708984375,1.35498046875,-0.15869140625,0.439453125,0.35400390625,1.47705078125,-0.5126953125,0.5126953125,-0.09765625,0.40283203125,-0.01220703125,0.5615234375,-0.15869140625,-0.23193359375,0.1708984375,1.8798828125,-0.15869140625,4.638671875,-0.244140625,1.30615234375,-0.0732421875,1.2939453125,-0.25634765625,0.08544921875,-0.03662109375,0.79345703125,0.0732421875,-0.0244140625,0,1.26953125,0.15869140625,-0.68359375,-0.13427734375,-0.06103515625,0.3173828125,-0.87890625,0,-0.6591796875,0.03662109375,-1.4892578125,-0.10986328125,-0.40283203125,0,0.10986328125,0.01220703125,-1.13525390625,0.06103515625,-0.6591796875,0.03662109375,-0.7080078125,0.10986328125,-0.57373046875,0.09765625,-0.0732421875,0.01220703125,-0.52490234375,-0.0244140625,-1.33056640625,-0.2685546875,-1.13525390625,0.01220703125,0.5859375,-0.06103515625,0.3173828125,0.146484375,-0.01220703125,-0.08544921875,-0.06103515625,-0.10986328125,0.146484375,-0.29296875,-1.18408203125,-0.1220703125,0.4638671875,-0.1220703125,-0.91552734375,0.10986328125,-1.18408203125
1,-0.13427734375,-0.4150390625,0.01220703125,-0.3662109375,0,-0.45166015625,-0.15869140625,-0.10986328125,0.25634765625,-0.13427734375,0.06103515625,-0.87890625,0.048828125,1.06201171875,-0.048828125,-0.146484375,0.25634765625,-0.57373046875,0.18310546875,-0.1708984375,0.18310546875,0.89111328125,-0.45166015625,-0.57373046875,0.3662109375,1.0986328125,-0.0244140625,0.4150390625,0.09765625,7.18994140625,-0.08544921875,1.611328125,-0.35400390625,7.92236328125,0.48828125,1.42822265625,-0.23193359375,1.904296875,0.08544921875,2.197265625,0.23193359375,-0.2685546875,0.06103515625,-0.72021484375,-0.45166015625,-0.390625,-0.10986328125,0.68359375,-0.0732421875,5.2734375,-0.18310546875,1.28173828125,-0.1953125,0.37841796875,0.42724609375,1.416015625,-0.4638671875,0.48828125,-0.1220703125,0.37841796875,-0.0244140625,0.5126953125,-0.1220703125,-0.37841796875,0.146484375,1.85546875,-0.18310546875,4.5166015625,-0.18310546875,1.25732421875,-0.0732421875,1.25732421875,-0.2197265625,0.09765625,-0.03662109375,0.81787109375,0.08544921875,-0.0244140625,0.0732421875,1.26953125,0.1708984375,-0.67138671875,-0.10986328125,-0.06103515625,0.3173828125,-0.86669921875,0.01220703125,-0.6591796875,0.03662109375,-1.35498046875,-0.10986328125,-0.2685546875,0.0244140625,0.54931640625,0.048828125,-0.9765625,0.03662109375,-0.69580078125,0.03662109375,-0.69580078125,-0.0244140625,-0.59814453125,0.09765625,-0.0732421875,-0.06103515625,-0.537109375,-0.048828125,-1.33056640625,-0.30517578125,-1.0986328125,0.03662109375,0.54931640625,-0.03662109375,0.32958984375,0.13427734375,0,-0.06103515625,-0.0732421875,-0.09765625,0.146484375,-0.2197265625,-0.76904296875,-0.13427734375,0.6591796875,-0.10986328125,-0.72021484375,0.08544921875,-0.93994140625
1,-0.1708984375,-0.40283203125,0.03662109375,-0.37841796875,-0.01220703125,-0.439453125,-0.1220703125,-0.09765625,0.28076171875,-0.146484375,0.06103515625,-0.87890625,0.0732421875,1.06201171875,-0.048828125,-0.1708984375,0.244140625,-0.57373046875,0.13427734375,-0.15869140625,0.13427734375,0.86669921875,-0.4638671875,-0.54931640625,0.30517578125,1.0986328125,0.01220703125,0.40283203125,0.03662109375,7.18994140625,-0.0244140625,1.611328125,-0.390625,7.84912109375,0.45166015625,1.3916015625,-0.18310546875,1.85546875,0.13427734375,2.1240234375,0.37841796875,-0.29296875,0.0244140625,-0.72021484375,-0.439453125,-0.4150390625,-0.10986328125,0.67138671875,-0.10986328125,5.06591796875,-0.2197265625,1.23291015625,-0.2197265625,0.32958984375,0.48828125,1.37939453125,-0.42724609375,0.45166015625,-0.18310546875,0.3662109375,-0.0244140625,0.47607421875,-0.1220703125,-0.537109375,0.1220703125,1.77001953125,-0.18310546875,4.345703125,-0.13427734375,1.220703125,-0.10986328125,1.171875,-0.1953125,0.13427734375,0,0.81787109375,0.146484375,-0.048828125,0.1220703125,1.26953125,0.28076171875,-0.64697265625,-0.08544921875,0,0.30517578125,-0.87890625,0.01220703125,-0.634765625,0.03662109375,-1.1474609375,-0.0732421875,-0.09765625,0,1.123046875,0.08544921875,-0.72021484375,0,-0.68359375,0.06103515625,-0.67138671875,-0.146484375,-0.5859375,0.08544921875,-0.06103515625,-0.1220703125,-0.50048828125,-0.06103515625,-1.3427734375,-0.29296875,-1.07421875,0.01220703125,0.52490234375,0.01220703125,0.3173828125,0.146484375,-0.0244140625,-0.0732421875,-0.03662109375,-0.08544921875,0.13427734375,-0.15869140625,-0.3662109375,-0.09765625,0.8544921875,-0.09765625,-0.52490234375,0.0732421875,-0.6591796875
1,-0.18310546875,-0.40283203125,0.03662109375,-0.40283203125,-0.03662109375,-0.42724609375,-0.10986328125,-0.10986328125,0.3173828125,-0.13427734375,0.08544921875,-0.91552734375,0.08544921875,1.06201171875,-0.03662109375,-0.15869140625,0.1953125,-0.57373046875,0.1708984375,-0.146484375,0.01220703125,0.830078125,-0.439453125,-0.57373046875,0.20751953125,1.06201171875,0.03662109375,0.35400390625,0.01220703125,6.93359375,-0.048828125,1.55029296875,-0.4150390625,7.55615234375,0.390625,1.28173828125,-0.1220703125,1.74560546875,0.18310546875,1.96533203125,0.45166015625,-0.28076171875,0,-0.72021484375,-0.3662109375,-0.4150390625,-0.09765625,0.6591796875,-0.08544921875,5.0048828125,-0.2685546875,1.2451171875,-0.28076171875,0.341796875,0.6103515625,1.35498046875,-0.4150390625,0.42724609375,-0.244140625,0.341796875,-0.0732421875,0.45166015625,-0.08544921875,-0.62255859375,0.08544921875,1.67236328125,-0.1953125,4.150390625,-0.03662109375,1.1474609375,-0.1953125,1.11083984375,-0.15869140625,0.13427734375,0.0244140625,0.79345703125,0.1953125,-0.048828125,0.1708984375,1.2939453125,0.2685546875,-0.62255859375,-0.0732421875,0.06103515625,0.28076171875,-0.8544921875,0.01220703125,-0.6103515625,0,-0.9033203125,-0.0244140625,0.13427734375,0,1.85546875,0.1220703125,-0.390625,-0.01220703125,-0.68359375,0.08544921875,-0.68359375,-0.1953125,-0.6103515625,0,-0.06103515625,-0.1220703125,-0.48828125,-0.10986328125,-1.30615234375,-0.28076171875,-1.0498046875,-0.048828125,0.52490234375,0,0.30517578125,0.15869140625,-0.03662109375,-0.0732421875,-0.06103515625,-0.08544921875,0.1220703125,-0.23193359375,-0.048828125,-0.09765625,1.01318359375,-0.08544921875,-0.390625,0.048828125,-0.439453125
1,-0.20751953125,-0.390625,0.048828125,-0.4150390625,-0.048828125,-0.439453125,-0.06103515625,-0.10986328125,0.32958984375,-0.08544921875,0.06103515625,-0.91552734375,0.0732421875,1.0498046875,-0.03662109375,-0.18310546875,0.09765625,-0.5615234375,0.18310546875,-0.13427734375,-0.06103515625,0.830078125,-0.40283203125,-0.5859375,0.13427734375,0.93994140625,0.06103515625,0.244140625,-0.01220703125,6.48193359375,-0.08544921875,1.42822265625,-0.45166015625,7.01904296875,0.30517578125,1.0986328125,-0.08544921875,1.5869140625,0.23193359375,1.77001953125,0.47607421875,-0.29296875,0,-0.7080078125,-0.25634765625,-0.4150390625,-0.15869140625,0.62255859375,-0.10986328125,5.1025390625,-0.30517578125,1.25732421875,-0.4150390625,0.35400390625,0.57373046875,1.37939453125,-0.37841796875,0.42724609375,-0.2685546875,0.32958984375,-0.01220703125,0.42724609375,-0.048828125,-0.68359375,0.0244140625,1.513671875,-0.09765625,3.8818359375,0.0244140625,1.07421875,-0.2685546875,1.07421875,-0.10986328125,0.18310546875,0.06103515625,0.8056640625,0.28076171875,-0.06103515625,0.146484375,1.2939453125,0.37841796875,-0.59814453125,-0.0244140625,0.1220703125,0.23193359375,-0.84228515625,0,-0.57373046875,-0.0732421875,-0.6103515625,0.0244140625,0.390625,0.1708984375,2.63671875,0.1708984375,-0.0732421875,-0.01220703125,-0.69580078125,0.06103515625,-0.67138671875,-0.2685546875,-0.6103515625,-0.09765625,-0.0732421875,-0.1220703125,-0.47607421875,-0.09765625,-1.28173828125,-0.28076171875,-1.01318359375,-0.08544921875,0.52490234375,-0.0244140625,0.30517578125,0.18310546875,-0.03662109375,-0.06103515625,-0.03662109375,-0.0732421875,0.10986328125,-0.2197265625,0.1220703125,-0.0244140625,1.123046875,-0.048828125,-0.3173828125,0.048828125,-0.341796875
0,-0.20751953125,-0.390625,0.048828125,-0.390625,-0.01220703125,-0.439453125,-0.06103515625,-0.10986328125,0.3662109375,-0.048828125,0.048828125,-0.89111328125,0.06103515625,1.03759765625,-0.048828125,-0.15869140625,0,-0.54931640625,0.2197265625,-0.13427734375,-0.048828125,0.84228515625,-0.3662109375,-0.5859375,0.03662109375,0.81787109375,0.08544921875,0.10986328125,-0.06103515625,5.87158203125,-0.146484375,1.25732421875,-0.439453125,6.34765625,0.23193359375,0.87890625,-0.08544921875,1.3916015625,0.25634765625,1.513671875,0.47607421875,-0.28076171875,0,-0.69580078125,-0.0732421875,-0.42724609375,-0.28076171875,0.59814453125,-0.08544921875,5.2490234375,-0.29296875,1.26953125,-0.45166015625,0.40283203125,0.52490234375,1.42822265625,-0.37841796875,0.45166015625,-0.244140625,0.3173828125,0.01220703125,0.42724609375,0.01220703125,-0.64697265625,-0.0244140625,1.33056640625,-0.09765625,3.60107421875,0.08544921875,0.9521484375,-0.341796875,0.9765625,-0.10986328125,0.18310546875,0.13427734375,0.76904296875,0.32958984375,-0.06103515625,0.10986328125,1.2939453125,0.30517578125,-0.59814453125,0,0.18310546875,0.1953125,-0.84228515625,-0.03662109375,-0.537109375,-0.146484375,-0.341796875,0.0732421875,0.6591796875,0.25634765625,3.41796875,0.15869140625,0.29296875,-0.06103515625,-0.69580078125,0.06103515625,-0.6591796875,-0.29296875,-0.62255859375,-0.2197265625,-0.06103515625,-0.13427734375,-0.4638671875,-0.20751953125,-1.2939453125,-0.2685546875,-1.01318359375,-0.146484375,0.5615234375,-0.03662109375,0.32958984375,0.18310546875,-0.0244140625,-0.0732421875,-0.0244140625,-0.06103515625,0.1220703125,-0.30517578125,0.146484375,-0.08544921875,1.171875,-0.09765625,-0.3173828125,-0.048828125,-0.32958984375
0,-0.2197265625,-0.390625,0.08544921875,-0.40283203125,-0.0244140625,-0.45166015625,-0.0244140625,-0.09765625,0.35400390625,0,0.03662109375,-0.9033203125,0.048828125,1.0498046875,-0.048828125,-0.15869140625,-0.0732421875,-0.5615234375,0.25634765625,-0.1220703125,-0.06103515625,0.830078125,-0.3662109375,-0.5859375,-0.048828125,0.634765625,0.10986328125,-0.0732421875,-0.1220703125,5.17578125,-0.18310546875,1.06201171875,-0.439453125,5.615234375,0.1220703125,0.6591796875,-0.0732421875,1.171875,0.23193359375,1.25732421875,0.4150390625,-0.25634765625,-0.01220703125,-0.69580078125,0.06103515625,-0.4150390625,-0.2685546875,0.5615234375,-0.048828125,5.40771484375,-0.23193359375,1.28173828125,-0.52490234375,0.42724609375,0.439453125,1.4404296875,-0.42724609375,0.47607421875,-0.2685546875,0.32958984375,0.048828125,0.439453125,0.06103515625,-0.537109375,-0.03662109375,1.13525390625,-0.13427734375,3.2470703125,0.13427734375,0.830078125,-0.3662109375,0.86669921875,-0.15869140625,0.20751953125,0.20751953125,0.78125,0.30517578125,-0.06103515625,0.06103515625,1.28173828125,0.28076171875,-0.5859375,0.03662109375,0.244140625,0.1220703125,-0.81787109375,-0.09765625,-0.48828125,-0.1708984375,-0.048828125,0.08544921875,0.89111328125,0.30517578125,4.1748046875,0.18310546875,0.6103515625,-0.13427734375,-0.72021484375,0.03662109375,-0.64697265625,-0.28076171875,-0.6103515625,-0.32958984375,-0.048828125,-0.08544921875,-0.47607421875,-0.1953125,-1.28173828125,-0.23193359375,-1.025390625,-0.15869140625,0.5615234375,-0.0244140625,0.30517578125,0.15869140625,-0.03662109375,-0.0732421875,-0.01220703125,-0.0732421875,0.1220703125,-0.32958984375,0,-0.09765625,1.1474609375,-0.08544921875,-0.390625,0,-0.37841796875
0,-0.2685546875,-0.390625,0.06103515625,-0.37841796875,-0.0244140625,-0.45166015625,-0.03662109375,-0.08544921875,0.3662109375,0,0.048828125,-0.87890625,0.03662109375,1.03759765625,-0.06103515625,-0.146484375,-0.10986328125,-0.5615234375,0.2685546875,-0.1220703125,-0.01220703125,0.84228515625,-0.3662109375,-0.59814453125,-0.10986328125,0.42724609375,0.146484375,-0.2685546875,-0.20751953125,4.43115234375,-0.18310546875,0.87890625,-0.341796875,4.8583984375,0.1220703125,0.42724609375,-0.048828125,0.93994140625,0.13427734375,0.98876953125,0.35400390625,-0.25634765625,-0.048828125,-0.72021484375,0.18310546875,-0.40283203125,-0.32958984375,0.54931640625,-0.09765625,5.43212890625,-0.1220703125,1.2939453125,-0.5126953125,0.42724609375,0.390625,1.4404296875,-0.45166015625,0.5126953125,-0.20751953125,0.32958984375,0.10986328125,0.45166015625,0.09765625,-0.37841796875,-0.03662109375,0.93994140625,-0.1953125,2.86865234375,0.146484375,0.72021484375,-0.341796875,0.74462890625,-0.2197265625,0.2197265625,0.2685546875,0.76904296875,0.29296875,-0.06103515625,-0.03662109375,1.26953125,0.23193359375,-0.57373046875,0.048828125,0.25634765625,0.06103515625,-0.830078125,-0.18310546875,-0.48828125,-0.2197265625,0.15869140625,0.10986328125,1.0986328125,0.35400390625,4.78515625,0.1708984375,0.86669921875,-0.2197265625,-0.7080078125,0,-0.64697265625,-0.244140625,-0.59814453125,-0.390625,-0.06103515625,-0.048828125,-0.50048828125,-0.18310546875,-1.30615234375,-0.1708984375,-1.07421875,-0.146484375,0.5615234375,-0.03662109375,0.3173828125,0.15869140625,0,-0.0732421875,-0.048828125,-0.048828125,0.146484375,-0.244140625,-0.23193359375,0,1.07421875,-0.0732421875,-0.50048828125,0.0732421875,-0.5126953125
0,-0.29296875,-0.4150390625,0.048828125,-0.3662109375,-0.048828125,-0.47607421875,-0.048828125,-0.06103515625,0.390625,0,0.03662109375,-0.89111328125,0.06103515625,1.0498046875,-0.06103515625,-0.146484375,-0.10986328125,-0.57373046875,0.28076171875,-0.1220703125,0.048828125,0.8544921875,-0.3662109375,-0.59814453125,-0.1708984375,0.20751953125,0.18310546875,-0.45166015625,-0.29296875,3.6865234375,-0.1953125,0.6591796875,-0.341796875,4.13818359375,0.146484375,0.1953125,0.0244140625,0.74462890625,0.048828125,0.76904296875,0.2685546875,-0.244140625,-0.10986328125,-0.7080078125,0.23193359375,-0.390625,-0.3662109375,0.537109375,-0.06103515625,5.31005859375,-0.01220703125,1.2451171875,-0.537109375,0.439453125,0.341796875,1.40380859375,-0.48828125,0.57373046875,-0.1220703125,0.3662109375,0.1220703125,0.47607421875,0.13427734375,-0.20751953125,0,0.7568359375,-0.09765625,2.47802734375,0.1220703125,0.5615234375,-0.29296875,0.6103515625,-0.2685546875,0.23193359375,0.2685546875,0.78125,0.23193359375,-0.0732421875,-0.06103515625,1.2451171875,0.10986328125,-0.5859375,0.03662109375,0.25634765625,0.01220703125,-0.830078125,-0.20751953125,-0.47607421875,-0.25634765625,0.29296875,0.0732421875,1.220703125,0.3662109375,5.23681640625,0.1953125,1.01318359375,-0.28076171875,-0.72021484375,-0.0244140625,-0.634765625,-0.1953125,-0.57373046875,-0.4150390625,-0.06103515625,-0.01220703125,-0.5615234375,-0.23193359375,-1.3427734375,-0.13427734375,-1.13525390625,-0.1708984375,0.5615234375,-0.01220703125,0.29296875,0.13427734375,-0.01220703125,-0.06103515625,-0.0244140625,-0.06103515625,0.13427734375,-0.28076171875,-0.47607421875,-0.08544921875,0.9521484375,-0.13427734375,-0.5859375,0.01220703125,-0.6591796875
0,-0.35400390625,-0.40283203125,0.0244140625,-0.35400390625,-0.06103515625,-0.4638671875,-0.08544921875,-0.06103515625,0.40283203125,-0.01220703125,0.048828125,-0.87890625,0.0244140625,1.03759765625,-0.0732421875,-0.146484375,-0.048828125,-0.5859375,0.25634765625,-0.146484375,0.06103515625,0.84228515625,-0.390625,-0.6103515625,-0.20751953125,0.0244140625,0.20751953125,-0.64697265625,-0.37841796875,2.99072265625,-0.18310546875,0.47607421875,-0.29296875,3.4912109375,0.1953125,0.01220703125,0.06103515625,0.54931640625,0,0.57373046875,0.2685546875,-0.23193359375,-0.1708984375,-0.72021484375,0.20751953125,-0.37841796875,-0.2197265625,0.54931640625,-0.18310546875,4.9072265625,0.0732421875,1.18408203125,-0.59814453125,0.390625,0.2685546875,1.33056640625,-0.5615234375,0.64697265625,-0.1708984375,0.40283203125,0.048828125,0.5126953125,0.1220703125,-0.06103515625,0.03662109375,0.5615234375,0,2.08740234375,0.09765625,0.4638671875,-0.20751953125,0.5126953125,-0.25634765625,0.244140625,0.29296875,0.79345703125,0.1953125,-0.06103515625,-0.09765625,1.25732421875,0.146484375,-0.5859375,0.01220703125,0.20751953125,-0.06103515625,-0.8544921875,-0.18310546875,-0.50048828125,-0.23193359375,0.35400390625,0.0244140625,1.30615234375,0.50048828125,5.45654296875,0.1953125,1.06201171875,-0.35400390625,-0.69580078125,-0.0244140625,-0.64697265625,-0.1953125,-0.54931640625,-0.32958984375,-0.0732421875,0.06103515625,-0.634765625,-0.18310546875,-1.40380859375,-0.06103515625,-1.1962890625,-0.09765625,0.537109375,-0.01220703125,0.30517578125,0.1708984375,-0.0244140625,-0.06103515625,-0.03662109375,-0.048828125,0.146484375,-0.32958984375,-0.72021484375,-0.09765625,0.8544921875,-0.10986328125,-0.68359375,0.08544921875,-0.74462890625
0,-0.40283203125,-0.390625,0.0244140625,-0.3662109375,-0.0732421875,-0.4638671875,-0.10986328125,-0.06103515625,0.4150390625,-0.06103515625,0.048828125,-0.89111328125,0.0244140625,1.0498046875,-0.08544921875,-0.15869140625,0.0244140625,-0.57373046875,0.2197265625,-0.146484375,0.10986328125,0.84228515625,-0.40283203125,-0.59814453125,-0.1953125,-0.146484375,0.244140625,-0.79345703125,-0.4150390625,2.35595703125,-0.18310546875,0.32958984375,-0.32958984375,2.9541015625,0.3173828125,-0.15869140625,0.048828125,0.42724609375,-0.0732421875,0.3662109375,0.18310546875,-0.23193359375,-0.20751953125,-0.72021484375,0.13427734375,-0.3662109375,-0.23193359375,0.57373046875,-0.1708984375,4.33349609375,0.146484375,1.0498046875,-0.6103515625,0.28076171875,0.1708984375,1.220703125,-0.537109375,0.68359375,-0.146484375,0.4638671875,0.06103515625,0.537109375,0.1953125,0.06103515625,0.06103515625,0.4638671875,0.06103515625,1.74560546875,0.048828125,0.35400390625,-0.1220703125,0.40283203125,-0.1953125,0.244140625,0.341796875,0.8056640625,0.13427734375,-0.0732421875,-0.15869140625,1.23291015625,0.13427734375,-0.54931640625,-0.03662109375,0.1220703125,-0.13427734375,-0.8544921875,-0.13427734375,-0.52490234375,-0.146484375,0.32958984375,-0.01220703125,1.30615234375,0.52490234375,5.4443359375,0.18310546875,1.025390625,-0.35400390625,-0.68359375,-0.01220703125,-0.64697265625,-0.146484375,-0.54931640625,-0.2685546875,-0.08544921875,0.1220703125,-0.7080078125,-0.13427734375,-1.46484375,-0.03662109375,-1.220703125,-0.06103515625,0.5126953125,0.01220703125,0.30517578125,0.146484375,-0.01220703125,-0.0732421875,-0.03662109375,-0.06103515625,0.146484375,-0.244140625,-0.84228515625,-0.03662109375,0.79345703125,-0.09765625,-0.68359375,0.10986328125,-0.78125
0,-0.40283203125,-0.3662109375,0.048828125,-0.35400390625,-0.03662109375,-0.439453125,-0.10986328125,-0.06103515625,0.45166015625,-0.06103515625,0.01220703125,-0.87890625,-0.01220703125,1.08642578125,-0.0732421875,-0.18310546875,0.08544921875,-0.59814453125,0.18310546875,-0.15869140625,0.146484375,0.84228515625,-0.390625,-0.59814453125,-0.1708984375,-0.30517578125,0.244140625,-0.9033203125,-0.4150390625,1.8310546875,-0.18310546875,0.1708984375,-0.4150390625,2.45361328125,0.48828125,-0.30517578125,0.0244140625,0.28076171875,-0.13427734375,0.1953125,0.146484375,-0.244140625,-0.23193359375,-0.72021484375,0.03662109375,-0.35400390625,-0.23193359375,0.5859375,-0.146484375,3.564453125,0.1708984375,0.91552734375,-0.6103515625,0.1708984375,0.10986328125,1.0986328125,-0.5126953125,0.72021484375,-0.15869140625,0.48828125,0.06103515625,0.537109375,0.244140625,0.146484375,0.03662109375,0.4150390625,0.15869140625,1.47705078125,0.01220703125,0.30517578125,-0.048828125,0.3173828125,-0.10986328125,0.28076171875,0.3173828125,0.81787109375,0.06103515625,-0.048828125,-0.18310546875,1.2451171875,0.09765625,-0.439453125,-0.06103515625,0.08544921875,-0.18310546875,-0.86669921875,-0.03662109375,-0.52490234375,-0.048828125,0.20751953125,-0.048828125,1.220703125,0.47607421875,5.2490234375,0.15869140625,0.91552734375,-0.30517578125,-0.69580078125,0.01220703125,-0.634765625,-0.09765625,-0.57373046875,-0.146484375,-0.08544921875,0.1708984375,-0.7568359375,-0.0732421875,-1.52587890625,-0.0244140625,-1.26953125,-0.0244140625,0.47607421875,0,0.3173828125,0.13427734375,-0.01220703125,-0.06103515625,-0.0244140625,-0.06103515625,0.15869140625,-0.29296875,-0.830078125,-0.06103515625,0.79345703125,-0.10986328125,-0.59814453125,0.1220703125,-0.7080078125
0,-0.4638671875,-0.37841796875,0.048828125,-0.3662109375,0.01220703125,-0.45166015625,-0.10986328125,-0.08544921875,0.439453125,-0.09765625,0.01220703125,-0.87890625,-0.01220703125,1.07421875,-0.08544921875,-0.2197265625,0.1708984375,-0.59814453125,0.1708984375,-0.15869140625,0.08544921875,0.84228515625,-0.390625,-0.5859375,-0.08544921875,-0.390625,0.2685546875,-1.0009765625,-0.37841796875,1.35498046875,-0.1953125,0.048828125,-0.45166015625,1.9775390625,0.59814453125,-0.439453125,0.03662109375,0.146484375,-0.1953125,0.0244140625,0.13427734375,-0.25634765625,-0.244140625,-0.732421875,-0.0732421875,-0.35400390625,-0.15869140625,0.59814453125,-0.1220703125,2.72216796875,0.2197265625,0.74462890625,-0.59814453125,0.0244140625,0.0244140625,0.93994140625,-0.4638671875,0.7568359375,-0.15869140625,0.5126953125,0.03662109375,0.57373046875,0.244140625,0.15869140625,0,0.4150390625,0.244140625,1.37939453125,-0.0244140625,0.3173828125,0.03662109375,0.29296875,-0.0244140625,0.3173828125,0.29296875,0.81787109375,-0.03662109375,-0.06103515625,-0.1708984375,1.20849609375,0.15869140625,-0.2197265625,-0.08544921875,0.08544921875,-0.18310546875,-0.8544921875,0.0244140625,-0.52490234375,0.01220703125,0.03662109375,-0.03662109375,1.0986328125,0.390625,4.89501953125,0.1220703125,0.76904296875,-0.2685546875,-0.69580078125,0.0244140625,-0.634765625,-0.06103515625,-0.5615234375,-0.01220703125,-0.0732421875,0.1953125,-0.78125,0.01220703125,-1.5380859375,-0.0244140625,-1.28173828125,-0.048828125,0.47607421875,-0.01220703125,0.3173828125,0.146484375,-0.01220703125,-0.0732421875,-0.03662109375,-0.06103515625,0.15869140625,-0.23193359375,-0.67138671875,0,0.86669921875,-0.08544921875,-0.4638671875,0.146484375,-0.5126953125
0,-0.4638671875,-0.40283203125,0.03662109375,-0.37841796875,0.0244140625,-0.439453125,-0.09765625,-0.09765625,0.47607421875,-0.1220703125,0.01220703125,-0.87890625,-0.0244140625,1.07421875,-0.09765625,-0.1953125,0.23193359375,-0.59814453125,0.146484375,-0.146484375,0.0244140625,0.8544921875,-0.3662109375,-0.5859375,-0.0244140625,-0.45166015625,0.3173828125,-1.06201171875,-0.32958984375,0.9521484375,-0.2197265625,-0.0244140625,-0.5126953125,1.46484375,0.7080078125,-0.54931640625,-0.01220703125,0.01220703125,-0.1953125,-0.1953125,0.10986328125,-0.2685546875,-0.28076171875,-0.72021484375,-0.146484375,-0.3662109375,-0.1708984375,0.59814453125,-0.06103515625,1.953125,0.2197265625,0.59814453125,-0.57373046875,-0.1220703125,-0.0732421875,0.78125,-0.35400390625,0.79345703125,-0.13427734375,0.52490234375,-0.0244140625,0.6103515625,0.2685546875,0.1220703125,-0.09765625,0.4638671875,0.244140625,1.40380859375,-0.0244140625,0.390625,0.03662109375,0.30517578125,0.048828125,0.32958984375,0.20751953125,0.84228515625,-0.15869140625,-0.01220703125,-0.146484375,1.20849609375,0.1953125,0.10986328125,-0.08544921875,0.146484375,-0.1953125,-0.79345703125,0.0244140625,-0.45166015625,0.08544921875,-0.13427734375,-0.01220703125,0.93994140625,0.28076171875,4.443359375,0.09765625,0.5859375,-0.18310546875,-0.69580078125,0.01220703125,-0.64697265625,-0.048828125,-0.5859375,0.10986328125,-0.08544921875,0.1953125,-0.7568359375,0.06103515625,-1.5380859375,-0.01220703125,-1.23291015625,-0.048828125,0.50048828125,-0.03662109375,0.3173828125,0.1220703125,-0.0244140625,-0.06103515625,-0.0244140625,-0.048828125,0.1220703125,-0.18310546875,-0.37841796875,0.0244140625,0.9765625,-0.10986328125,-0.2685546875,0.1220703125,-0.244140625
0,-0.5126953125,-0.390625,0.0732421875,-0.3662109375,0.01220703125,-0.439453125,-0.08544921875,-0.09765625,0.439453125,-0.1220703125,0,-0.87890625,-0.048828125,1.07421875,-0.09765625,-0.1953125,0.28076171875,-0.6103515625,0.1220703125,-0.15869140625,-0.0732421875,0.830078125,-0.3173828125,-0.5859375,0.08544921875,-0.47607421875,0.29296875,-1.0986328125,-0.29296875,0.64697265625,-0.2197265625,-0.06103515625,-0.45166015625,0.9521484375,0.72021484375,-0.68359375,-0.03662109375,-0.13427734375,-0.18310546875,-0.390625,0.08544921875,-0.25634765625,-0.29296875,-0.7080078125,-0.1953125,-0.3662109375,-0.2197265625,0.6103515625,0.03662109375,1.28173828125,0.244140625,0.47607421875,-0.52490234375,-0.20751953125,-0.1708984375,0.67138671875,-0.28076171875,0.830078125,-0.1708984375,0.52490234375,-0.15869140625,0.5859375,0.29296875,0.048828125,-0.15869140625,0.5859375,0.35400390625,1.62353515625,0,0.45166015625,0.048828125,0.390625,0.10986328125,0.3662109375,0.1220703125,0.81787109375,-0.20751953125,-0.0244140625,-0.09765625,1.20849609375,0.20751953125,0.59814453125,-0.0732421875,0.3173828125,-0.13427734375,-0.732421875,0.03662109375,-0.3173828125,0.06103515625,-0.30517578125,0.0244140625,0.7568359375,0.23193359375,3.99169921875,0.06103515625,0.439453125,-0.10986328125,-0.68359375,-0.03662109375,-0.64697265625,-0.09765625,-0.6103515625,0.2197265625,-0.08544921875,0.146484375,-0.732421875,0.13427734375,-1.4892578125,-0.01220703125,-1.18408203125,-0.03662109375,0.537109375,-0.06103515625,0.3173828125,0.10986328125,-0.03662109375,-0.0732421875,-0.0244140625,-0.048828125,0.10986328125,-0.244140625,0.01220703125,0.01220703125,1.15966796875,-0.1220703125,-0.03662109375,0.13427734375,0.048828125
0,-0.54931640625,-0.390625,0.03662109375,-0.390625,-0.048828125,-0.45166015625,-0.0732421875,-0.09765625,0.439453125,-0.09765625,0.01220703125,-0.87890625,-0.03662109375,1.06201171875,-0.0732421875,-0.1708984375,0.28076171875,-0.57373046875,0.13427734375,-0.13427734375,-0.13427734375,0.84228515625,-0.28076171875,-0.5859375,0.1220703125,-0.45166015625,0.28076171875,-1.13525390625,-0.18310546875,0.4150390625,-0.13427734375,-0.09765625,-0.390625,0.40283203125,0.732421875,-0.81787109375,-0.09765625,-0.29296875,-0.20751953125,-0.59814453125,0.0244140625,-0.25634765625,-0.29296875,-0.7080078125,-0.244140625,-0.37841796875,-0.244140625,0.634765625,0.048828125,0.9033203125,0.28076171875,0.390625,-0.45166015625,-0.2685546875,-0.2685546875,0.6103515625,-0.2197265625,0.84228515625,-0.20751953125,0.537109375,-0.3173828125,0.5859375,0.341796875,-0.01220703125,-0.1708984375,0.79345703125,0.4150390625,2.06298828125,0.048828125,0.6103515625,0.01220703125,0.48828125,0.09765625,0.3662109375,0.09765625,0.84228515625,-0.20751953125,-0.0244140625,-0.048828125,1.23291015625,0.1220703125,1.20849609375,-0.06103515625,0.5615234375,-0.0732421875,-0.5615234375,0,-0.13427734375,0.0244140625,-0.439453125,0.048828125,0.64697265625,0.146484375,3.5888671875,0.06103515625,0.29296875,-0.0244140625,-0.68359375,-0.08544921875,-0.64697265625,-0.18310546875,-0.6103515625,0.29296875,-0.08544921875,0.06103515625,-0.64697265625,0.13427734375,-1.416015625,-0.0732421875,-1.13525390625,-0.03662109375,0.6103515625,-0.0732421875,0.3173828125,0.1220703125,-0.03662109375,-0.0732421875,-0.01220703125,-0.048828125,0.09765625,-0.23193359375,0.37841796875,0.048828125,1.33056640625,-0.1220703125,0.18310546875,0.15869140625,0.3662109375
0,-0.537109375,-0.4150390625,0.048828125,-0.37841796875,-0.03662109375,-0.4638671875,-0.10986328125,-0.10986328125,0.439453125,-0.08544921875,-0.01220703125,-0.89111328125,-0.03662109375,1.0498046875,-0.0732421875,-0.1708984375,0.244140625,-0.5859375,0.146484375,-0.146484375,-0.15869140625,0.81787109375,-0.2685546875,-0.5859375,0.13427734375,-0.42724609375,0.2685546875,-1.123046875,-0.13427734375,0.25634765625,-0.10986328125,-0.10986328125,-0.3662109375,-0.18310546875,0.7568359375,-0.93994140625,-0.13427734375,-0.4638671875,-0.15869140625,-0.81787109375,0.0244140625,-0.23193359375,-0.244140625,-0.7080078125,-0.23193359375,-0.37841796875,-0.23193359375,0.634765625,0.03662109375,0.81787109375,0.2197265625,0.37841796875,-0.40283203125,-0.28076171875,-0.32958984375,0.57373046875,-0.1953125,0.87890625,-0.2197265625,0.54931640625,-0.45166015625,0.59814453125,0.30517578125,-0.08544921875,-0.15869140625,1.0498046875,0.45166015625,2.64892578125,0.1220703125,0.78125,0,0.68359375,0.10986328125,0.4150390625,0.03662109375,0.81787109375,-0.15869140625,-0.01220703125,-0.048828125,1.2451171875,0.09765625,1.96533203125,-0.048828125,0.89111328125,-0.03662109375,-0.35400390625,-0.06103515625,0.10986328125,0,-0.5126953125,0.048828125,0.52490234375,0.0244140625,3.30810546875,0.048828125,0.20751953125,0.06103515625,-0.72021484375,-0.13427734375,-0.6591796875,-0.2685546875,-0.6103515625,0.30517578125,-0.08544921875,-0.0244140625,-0.5615234375,0.13427734375,-1.33056640625,-0.08544921875,-1.06201171875,-0.03662109375,0.67138671875,-0.0732421875,0.3173828125,0.13427734375,-0.048828125,-0.0732421875,-0.0244140625,-0.03662109375,0.10986328125,-0.2197265625,0.67138671875,0.06103515625,1.50146484375,-0.13427734375,0.32958984375,0.146484375,0.62255859375
0,-0.537109375,-0.4150390625,0,-0.37841796875,0.01220703125,-0.45166015625,-0.09765625,-0.09765625,0.439453125,-0.03662109375,-0.01220703125,-0.9033203125,-0.03662109375,1.0498046875,-0.06103515625,-0.15869140625,0.1708984375,-0.5859375,0.15869140625,-0.13427734375,-0.13427734375,0.81787109375,-0.28076171875,-0.6103515625,0.15869140625,-0.4150390625,0.20751953125,-1.123046875,-0.09765625,0.146484375,-0.048828125,-0.09765625,-0.30517578125,-0.74462890625,0.76904296875,-1.07421875,-0.13427734375,-0.62255859375,-0.0732421875,-1.01318359375,-0.01220703125,-0.2197265625,-0.20751953125,-0.69580078125,-0.1953125,-0.37841796875,-0.23193359375,0.67138671875,0.10986328125,1.06201171875,0.1953125,0.40283203125,-0.3662109375,-0.23193359375,-0.37841796875,0.62255859375,-0.20751953125,0.9033203125,-0.2197265625,0.5615234375,-0.5126953125,0.59814453125,0.2685546875,-0.08544921875,-0.10986328125,1.3427734375,0.35400390625,3.3935546875,0.15869140625,0.98876953125,-0.03662109375,0.927734375,0.146484375,0.40283203125,0.01220703125,0.76904296875,-0.08544921875,-0.048828125,-0.03662109375,1.26953125,0.1708984375,2.81982421875,0,1.26953125,0.01220703125,-0.1220703125,-0.08544921875,0.40283203125,-0.06103515625,-0.52490234375,0.0244140625,0.439453125,-0.13427734375,3.16162109375,0.048828125,0.18310546875,0.13427734375,-0.72021484375,-0.18310546875,-0.64697265625,-0.35400390625,-0.6103515625,0.2685546875,-0.0732421875,-0.03662109375,-0.47607421875,0.10986328125,-1.25732421875,-0.09765625,-1.0009765625,-0.01220703125,0.732421875,-0.08544921875,0.32958984375,0.1220703125,-0.03662109375,-0.0732421875,-0.0244140625,-0.03662109375,0.09765625,-0.2197265625,0.8544921875,0.048828125,1.5869140625,-0.1220703125,0.40283203125,0.146484375,0.74462890625
1,-0.5615234375,-0.4150390625,0.01220703125,-0.390625,0.03662109375,-0.45166015625,-0.08544921875,-0.09765625,0.45166015625,0,0,-0.87890625,-0.048828125,1.0498046875,-0.08544921875,-0.1708984375,0.10986328125,-0.57373046875,0.15869140625,-0.146484375,-0.08544921875,0.8056640625,-0.2685546875,-0.59814453125,0.15869140625,-0.40283203125,0.2197265625,-1.11083984375,-0.10986328125,0.08544921875,0.01220703125,-0.09765625,-0.30517578125,-1.23291015625,0.68359375,-1.18408203125,-0.146484375,-0.76904296875,-0.0244140625,-1.18408203125,0,-0.25634765625,-0.18310546875,-0.7080078125,-0.13427734375,-0.40283203125,-0.30517578125,0.72021484375,0.13427734375,1.611328125,0.20751953125,0.52490234375,-0.28076171875,-0.08544921875,-0.439453125,0.732421875,-0.20751953125,0.93994140625,-0.1708984375,0.5615234375,-0.50048828125,0.5859375,0.20751953125,-0.048828125,-0.06103515625,1.6845703125,0.23193359375,4.21142578125,0.146484375,1.23291015625,-0.09765625,1.171875,0.13427734375,0.37841796875,0.03662109375,0.79345703125,-0.0244140625,-0.048828125,-0.06103515625,1.26953125,0.20751953125,3.64990234375,0,1.6845703125,0,0.1220703125,-0.09765625,0.68359375,-0.09765625,-0.52490234375,0,0.40283203125,-0.244140625,3.1494140625,0.03662109375,0.18310546875,0.15869140625,-0.732421875,-0.1708984375,-0.64697265625,-0.42724609375,-0.634765625,0.1953125,-0.0732421875,-0.0732421875,-0.42724609375,0.048828125,-1.220703125,-0.10986328125,-0.98876953125,0,0.74462890625,-0.0732421875,0.3173828125,0.10986328125,-0.03662109375,-0.08544921875,-0.0244140625,-0.048828125,0.09765625,-0.1953125,0.87890625,0.048828125,1.62353515625,-0.146484375,0.390625,0.15869140625,0.7568359375
1,-0.59814453125,-0.42724609375,-0.0244140625,-0.390625,0.048828125,-0.45166015625,-0.06103515625,-0.09765625,0.42724609375,0.0244140625,0,-0.89111328125,-0.0732421875,1.03759765625,-0.048828125,-0.15869140625,0.048828125,-0.5859375,0.13427734375,-0.13427734375,-0.01220703125,0.81787109375,-0.3173828125,-0.5859375,0.1220703125,-0.40283203125,0.2197265625,-1.08642578125,-0.146484375,0.0732421875,0.0732421875,-0.08544921875,-0.2685546875,-1.5869140625,0.5859375,-1.2451171875,-0.13427734375,-0.9033203125,0.03662109375,-1.26953125,-0.0244140625,-0.2685546875,-0.18310546875,-0.72021484375,-0.13427734375,-0.390625,-0.32958984375,0.76904296875,0.06103515625,2.38037109375,0.1953125,0.68359375,-0.1953125,0.048828125,-0.48828125,0.9033203125,-0.25634765625,0.9765625,-0.1953125,0.57373046875,-0.47607421875,0.57373046875,0.08544921875,0.01220703125,-0.0244140625,2.001953125,0.20751953125,5.0048828125,0.09765625,1.4404296875,-0.15869140625,1.416015625,0.09765625,0.35400390625,0.03662109375,0.732421875,-0.01220703125,-0.06103515625,-0.0732421875,1.28173828125,0.3173828125,4.443359375,0.06103515625,2.08740234375,-0.01220703125,0.3662109375,-0.1220703125,0.9521484375,-0.13427734375,-0.50048828125,-0.048828125,0.42724609375,-0.28076171875,3.23486328125,-0.01220703125,0.1953125,0.13427734375,-0.732421875,-0.15869140625,-0.6591796875,-0.45166015625,-0.6103515625,0.09765625,-0.08544921875,-0.06103515625,-0.42724609375,-0.0244140625,-1.20849609375,-0.09765625,-1.0009765625,-0.10986328125,0.72021484375,-0.0732421875,0.3173828125,0.08544921875,0,-0.08544921875,0.01220703125,-0.03662109375,0.1220703125,-0.20751953125,0.74462890625,0.0244140625,1.611328125,-0.15869140625,0.29296875,0.146484375,0.64697265625
1,-0.634765625,-0.4150390625,-0.01220703125,-0.37841796875,0.0244140625,-0.45166015625,-0.0244140625,-0.08544921875,0.439453125,0.01220703125,-0.03662109375,-0.89111328125,-0.08544921875,1.0498046875,-0.10986328125,-0.15869140625,0.01220703125,-0.59814453125,0.13427734375,-0.146484375,0.048828125,0.81787109375,-0.30517578125,-0.6103515625,0.08544921875,-0.390625,0.20751953125,-1.08642578125,-0.2197265625,0.10986328125,0.1220703125,-0.08544921875,-0.25634765625,-1.7822265625,0.52490234375,-1.28173828125,-0.13427734375,-0.93994140625,0.0244140625,-1.30615234375,-0.048828125,-0.244140625,-0.2197265625,-0.72021484375,-0.1220703125,-0.40283203125,-0.40283203125,0.81787109375,-0.048828125,3.28369140625,0.20751953125,0.89111328125,-0.13427734375,0.25634765625,-0.50048828125,1.08642578125,-0.3173828125,0.9765625,-0.18310546875,0.57373046875,-0.5615234375,0.54931640625,-0.0244140625,0.0732421875,0.01220703125,2.294921875,0.20751953125,5.7373046875,0.06103515625,1.62353515625,-0.1708984375,1.64794921875,0.048828125,0.32958984375,0.03662109375,0.732421875,0.01220703125,-0.03662109375,-0.09765625,1.26953125,0.37841796875,5.1025390625,0.0732421875,2.40478515625,-0.0732421875,0.54931640625,-0.10986328125,1.18408203125,-0.15869140625,-0.47607421875,-0.1220703125,0.4638671875,-0.28076171875,3.2958984375,-0.0244140625,0.1953125,0.0732421875,-0.732421875,-0.09765625,-0.634765625,-0.47607421875,-0.62255859375,-0.01220703125,-0.048828125,-0.01220703125,-0.45166015625,-0.10986328125,-1.25732421875,-0.08544921875,-1.0498046875,-0.09765625,0.6591796875,-0.08544921875,0.3173828125,0.0732421875,0.01220703125,-0.08544921875,0.01220703125,-0.06103515625,0.15869140625,-0.18310546875,0.48828125,0.01220703125,1.4892578125,-0.18310546875,0.1708984375,0.15869140625,0.4638671875
1,-0.62255859375,-0.4150390625,-0.0244140625,-0.37841796875,0,-0.439453125,-0.01220703125,-0.08544921875,0.47607421875,0,-0.048828125,-0.89111328125,-0.06103515625,1.0498046875,-0.1220703125,-0.146484375,0,-0.59814453125,0.10986328125,-0.146484375,0.1220703125,0.830078125,-0.3173828125,-0.6103515625,0.01220703125,-0.4150390625,0.1953125,-1.11083984375,-0.29296875,0.18310546875,0.13427734375,-0.0732421875,-0.29296875,-1.7822265625,0.4150390625,-1.26953125,-0.09765625,-0.927734375,0.01220703125,-1.2939453125,-0.048828125,-0.244140625,-0.2685546875,-0.72021484375,-0.10986328125,-0.4150390625,-0.3662109375,0.8544921875,-0.0732421875,4.26025390625,0.2197265625,1.0986328125,-0.08544921875,0.45166015625,-0.45166015625,1.2939453125,-0.341796875,0.98876953125,-0.1708984375,0.5615234375,-0.634765625,0.5615234375,-0.13427734375,0.1708984375,0.0244140625,2.5634765625,0.08544921875,6.3232421875,-0.01220703125,1.7822265625,-0.20751953125,1.81884765625,-0.0244140625,0.28076171875,0.048828125,0.78125,0.0244140625,-0.06103515625,-0.0732421875,1.26953125,0.25634765625,5.615234375,0.08544921875,2.62451171875,-0.146484375,0.69580078125,-0.1220703125,1.33056640625,-0.1953125,-0.42724609375,-0.1708984375,0.48828125,-0.25634765625,3.35693359375,-0.03662109375,0.18310546875,-0.03662109375,-0.7568359375,-0.0244140625,-0.6591796875,-0.40283203125,-0.5859375,-0.13427734375,-0.06103515625,-0.01220703125,-0.537109375,-0.18310546875,-1.35498046875,-0.0732421875,-1.13525390625,-0.048828125,0.57373046875,-0.10986328125,0.35400390625,0.048828125,0.03662109375,-0.0732421875,0.048828125,-0.06103515625,0.20751953125,-0.146484375,0.18310546875,0.01220703125,1.3427734375,-0.1708984375,0.01220703125,0.13427734375,0.244140625
1,-0.64697265625,-0.42724609375,-0.048828125,-0.3662109375,-0.048828125,-0.4638671875,0,-0.0732421875,0.50048828125,-0.03662109375,-0.08544921875,-0.89111328125,-0.0732421875,1.0498046875,-0.10986328125,-0.146484375,0,-0.59814453125,0.08544921875,-0.13427734375,0.1708984375,0.830078125,-0.28076171875,-0.59814453125,-0.09765625,-0.42724609375,0.23193359375,-1.11083984375,-0.3173828125,0.2685546875,0.13427734375,-0.0732421875,-0.32958984375,-1.62353515625,0.35400390625,-1.220703125,-0.06103515625,-0.8544921875,-0.0244140625,-1.20849609375,-0.03662109375,-0.23193359375,-0.28076171875,-0.72021484375,-0.1220703125,-0.37841796875,-0.32958984375,0.9033203125,-0.1220703125,5.16357421875,0.1953125,1.318359375,0.0244140625,0.634765625,-0.40283203125,1.513671875,-0.3662109375,0.96435546875,-0.1953125,0.5615234375,-0.69580078125,0.5615234375,-0.1953125,0.2197265625,0.048828125,2.7099609375,-0.0732421875,6.67724609375,-0.09765625,1.85546875,-0.244140625,1.904296875,-0.09765625,0.25634765625,0.03662109375,0.7568359375,0.048828125,-0.06103515625,-0.03662109375,1.28173828125,0.25634765625,5.89599609375,0.08544921875,2.72216796875,-0.1953125,0.78125,-0.048828125,1.416015625,-0.20751953125,-0.45166015625,-0.23193359375,0.47607421875,-0.1220703125,3.271484375,-0.08544921875,0.09765625,-0.13427734375,-0.732421875,0.01220703125,-0.6591796875,-0.3662109375,-0.5859375,-0.18310546875,-0.06103515625,-0.01220703125,-0.6591796875,-0.28076171875,-1.46484375,-0.0244140625,-1.20849609375,0.08544921875,0.4638671875,-0.09765625,0.35400390625,0.03662109375,0.0244140625,-0.06103515625,0.08544921875,-0.09765625,0.2197265625,-0.1220703125,-0.0732421875,0,1.20849609375,-0.1953125,-0.1220703125,0.0732421875,0.03662109375
1,-0.6591796875,-0.4150390625,-0.0732421875,-0.35400390625,-0.03662109375,-0.4638671875,-0.01220703125,-0.0732421875,0.52490234375,-0.0732421875,-0.09765625,-0.89111328125,-0.08544921875,1.0498046875,-0.09765625,-0.146484375,0,-0.57373046875,0.13427734375,-0.146484375,0.18310546875,0.830078125,-0.28076171875,-0.57373046875,-0.15869140625,-0.4150390625,0.25634765625,-1.11083984375,-0.341796875,0.3662109375,0.13427734375,-0.08544921875,-0.37841796875,-1.318359375,0.35400390625,-1.1474609375,-0.03662109375,-0.7568359375,-0.06103515625,-1.06201171875,-0.08544921875,-0.244140625,-0.25634765625,-0.732421875,-0.10986328125,-0.37841796875,-0.244140625,0.91552734375,-0.23193359375,5.9814453125,0.1708984375,1.52587890625,0.048828125,0.7568359375,-0.3662109375,1.708984375,-0.4150390625,0.93994140625,-0.25634765625,0.5615234375,-0.68359375,0.57373046875,-0.13427734375,0.23193359375,0.08544921875,2.7587890625,-0.1953125,6.787109375,-0.15869140625,1.8798828125,-0.2197265625,1.9287109375,-0.15869140625,0.23193359375,0.048828125,0.81787109375,0.03662109375,-0.048828125,0.01220703125,1.26953125,0.1953125,5.96923828125,0.10986328125,2.74658203125,-0.244140625,0.8056640625,-0.0244140625,1.416015625,-0.1708984375,-0.52490234375,-0.28076171875,0.42724609375,0,3.01513671875,-0.06103515625,-0.0244140625,-0.20751953125,-0.7080078125,0.03662109375,-0.67138671875,-0.29296875,-0.5859375,-0.23193359375,-0.0732421875,-0.0244140625,-0.8056640625,-0.30517578125,-1.59912109375,0.01220703125,-1.318359375,0.15869140625,0.40283203125,-0.13427734375,0.35400390625,0.03662109375,0.01220703125,-0.0732421875,0.1220703125,-0.10986328125,0.23193359375,-0.0732421875,-0.28076171875,0.01220703125,1.07421875,-0.146484375,-0.20751953125,0.0244140625,-0.15869140625
1,-0.6591796875,-0.40283203125,-0.06103515625,-0.3662109375,-0.0244140625,-0.4638671875,-0.01220703125,-0.0732421875,0.52490234375,-0.1220703125,-0.09765625,-0.89111328125,-0.08544921875,1.07421875,-0.10986328125,-0.15869140625,0.0244140625,-0.57373046875,0.1708984375,-0.13427734375,0.23193359375,0.84228515625,-0.23193359375,-0.5615234375,-0.18310546875,-0.42724609375,0.25634765625,-1.11083984375,-0.30517578125,0.47607421875,0.0732421875,-0.08544921875,-0.3662109375,-0.96435546875,0.40283203125,-1.06201171875,-0.0244140625,-0.634765625,-0.10986328125,-0.93994140625,-0.0732421875,-0.244140625,-0.20751953125,-0.74462890625,-0.0732421875,-0.390625,-0.2197265625,0.927734375,-0.30517578125,6.67724609375,0.1708984375,1.6845703125,0.08544921875,0.79345703125,-0.3173828125,1.85546875,-0.42724609375,0.9033203125,-0.25634765625,0.5615234375,-0.6103515625,0.5615234375,-0.10986328125,0.1953125,0.08544921875,2.7099609375,-0.244140625,6.67724609375,-0.23193359375,1.84326171875,-0.20751953125,1.85546875,-0.1708984375,0.20751953125,0.03662109375,0.830078125,0.01220703125,-0.06103515625,0.09765625,1.26953125,0.23193359375,5.859375,0.13427734375,2.64892578125,-0.244140625,0.76904296875,0.06103515625,1.37939453125,-0.1220703125,-0.67138671875,-0.28076171875,0.341796875,0.13427734375,2.60009765625,-0.048828125,-0.2197265625,-0.23193359375,-0.68359375,0.01220703125,-0.67138671875,-0.20751953125,-0.57373046875,-0.1953125,-0.0732421875,-0.0244140625,-0.89111328125,-0.32958984375,-1.66015625,0.048828125,-1.35498046875,0.18310546875,0.4150390625,-0.1220703125,0.3662109375,0.0244140625,-0.01220703125,-0.0732421875,0.1220703125,-0.10986328125,0.2197265625,-0.13427734375,-0.35400390625,0.048828125,1.0009765625,-0.1220703125,-0.25634765625,0.01220703125,-0.2197265625
1,-0.68359375,-0.390625,-0.06103515625,-0.35400390625,0.01220703125,-0.4638671875,0.0244140625,-0.0732421875,0.5126953125,-0.146484375,-0.09765625,-0.9033203125,-0.09765625,1.06201171875,-0.1220703125,-0.1708984375,0.03662109375,-0.5615234375,0.23193359375,-0.13427734375,0.244140625,0.84228515625,-0.1708984375,-0.57373046875,-0.1708984375,-0.40283203125,0.25634765625,-1.11083984375,-0.28076171875,0.537109375,0.01220703125,-0.08544921875,-0.32958984375,-0.59814453125,0.35400390625,-0.9521484375,0,-0.50048828125,-0.1708984375,-0.81787109375,0.0244140625,-0.244140625,-0.1708984375,-0.732421875,-0.0732421875,-0.3662109375,-0.20751953125,0.927734375,-0.32958984375,7.2021484375,0.1708984375,1.806640625,0.10986328125,0.81787109375,-0.23193359375,1.94091796875,-0.42724609375,0.84228515625,-0.2685546875,0.5615234375,-0.54931640625,0.57373046875,-0.18310546875,0.1220703125,0.06103515625,2.57568359375,-0.25634765625,6.34765625,-0.28076171875,1.7333984375,-0.18310546875,1.7333984375,-0.18310546875,0.20751953125,0,0.830078125,-0.048828125,-0.0732421875,0.1953125,1.2451171875,0.1708984375,5.56640625,0.1708984375,2.490234375,-0.1708984375,0.68359375,0.146484375,1.25732421875,-0.0732421875,-0.8544921875,-0.2685546875,0.1953125,0.1953125,1.98974609375,0.01220703125,-0.4638671875,-0.23193359375,-0.6591796875,0,-0.68359375,-0.146484375,-0.54931640625,-0.146484375,-0.0732421875,-0.03662109375,-0.91552734375,-0.3662109375,-1.708984375,0.1220703125,-1.3427734375,0.20751953125,0.57373046875,-0.09765625,0.3662109375,0,-0.0244140625,-0.06103515625,0.1220703125,-0.15869140625,0.20751953125,-0.0732421875,-0.32958984375,0.1220703125,0.9765625,-0.08544921875,-0.25634765625,-0.01220703125,-0.2197265625
1,-0.69580078125,-0.390625,-0.08544921875,-0.37841796875,0.01220703125,-0.47607421875,0.048828125,-0.09765625,0.50048828125,-0.15869140625,-0.10986328125,-0.89111328125,-0.10986328125,1.06201171875,-0.18310546875,-0.20751953125,0.03662109375,-0.5615234375,0.28076171875,-0.13427734375,0.20751953125,0.8544921875,-0.09765625,-0.57373046875,-0.1220703125,-0.3662109375,0.2685546875,-1.07421875,-0.2197265625,0.5615234375,-0.048828125,-0.08544921875,-0.2685546875,-0.32958984375,0.29296875,-0.9033203125,-0.0244140625,-0.439453125,-0.15869140625,-0.732421875,0.048828125,-0.244140625,-0.18310546875,-0.72021484375,-0.03662109375,-0.37841796875,-0.244140625,0.89111328125,-0.3173828125,7.55615234375,0.13427734375,1.86767578125,0.08544921875,0.78125,-0.1708984375,1.98974609375,-0.439453125,0.79345703125,-0.23193359375,0.5615234375,-0.57373046875,0.5615234375,-0.1953125,0.048828125,0.06103515625,2.34375,-0.29296875,5.7861328125,-0.2685546875,1.5869140625,-0.2197265625,1.5625,-0.146484375,0.23193359375,-0.0244140625,0.8544921875,-0.08544921875,-0.06103515625,0.2685546875,1.25732421875,0.06103515625,5.16357421875,0.2197265625,2.28271484375,-0.10986328125,0.5615234375,0.1953125,1.123046875,-0.03662109375,-1.07421875,-0.244140625,0,0.18310546875,1.2939453125,0.03662109375,-0.72021484375,-0.2197265625,-0.64697265625,-0.06103515625,-0.67138671875,-0.08544921875,-0.5615234375,-0.0732421875,-0.0732421875,0.0244140625,-0.87890625,-0.35400390625,-1.66015625,0.15869140625,-1.2939453125,0.244140625,0.86669921875,-0.10986328125,0.35400390625,-0.01220703125,-0.048828125,-0.0732421875,0.0732421875,-0.15869140625,0.1953125,-0.18310546875,-0.2197265625,0.03662109375,0.98876953125,-0.1220703125,-0.20751953125,-0.10986328125,-0.18310546875
1,-0.7080078125,-0.40283203125,-0.08544921875,-0.390625,-0.0244140625,-0.48828125,0.06103515625,-0.08544921875,0.5126953125,-0.146484375,-0.0732421875,-0.89111328125,-0.13427734375,1.06201171875,-0.1708984375,-0.20751953125,0.06103515625,-0.54931640625,0.32958984375,-0.1220703125,0.20751953125,0.81787109375,-0.06103515625,-0.5859375,-0.03662109375,-0.341796875,0.2685546875,-1.0986328125,-0.25634765625,0.5615234375,-0.10986328125,-0.08544921875,-0.20751953125,-0.18310546875,0.2197265625,-0.86669921875,-0.03662109375,-0.3662109375,-0.18310546875,-0.7080078125,0.0244140625,-0.244140625,-0.15869140625,-0.72021484375,-0.01220703125,-0.3662109375,-0.244140625,0.87890625,-0.28076171875,7.6904296875,0.1220703125,1.8798828125,0.146484375,0.72021484375,-0.0732421875,1.9775390625,-0.439453125,0.78125,-0.3173828125,0.5615234375,-0.57373046875,0.57373046875,-0.29296875,-0.048828125,0,2.05078125,-0.29296875,5.16357421875,-0.23193359375,1.37939453125,-0.2685546875,1.35498046875,-0.10986328125,0.244140625,0,0.84228515625,-0.0732421875,-0.0732421875,0.3173828125,1.2451171875,-0.03662109375,4.72412109375,0.25634765625,2.08740234375,-0.03662109375,0.439453125,0.2197265625,0.9765625,-0.03662109375,-1.26953125,-0.18310546875,-0.146484375,0.146484375,0.59814453125,0.048828125,-0.96435546875,-0.1708984375,-0.634765625,-0.08544921875,-0.67138671875,-0.06103515625,-0.57373046875,-0.0244140625,-0.0732421875,0.0732421875,-0.732421875,-0.341796875,-1.52587890625,0.18310546875,-1.15966796875,0.1708984375,1.3427734375,-0.10986328125,0.32958984375,-0.0244140625,-0.048828125,-0.08544921875,0.06103515625,-0.1708984375,0.146484375,-0.1953125,-0.03662109375,0.03662109375,1.025390625,-0.08544921875,-0.1708984375,-0.0732421875,-0.06103515625
1,-0.6591796875,-0.4150390625,-0.09765625,-0.4150390625,-0.03662109375,-0.48828125,0.0244140625,-0.08544921875,0.47607421875,-0.10986328125,-0.06103515625,-0.89111328125,-0.146484375,1.0498046875,-0.15869140625,-0.1953125,0.0732421875,-0.57373046875,0.37841796875,-0.1220703125,0.1708984375,0.84228515625,-0.048828125,-0.6103515625,0.06103515625,-0.341796875,0.29296875,-1.06201171875,-0.28076171875,0.5615234375,-0.08544921875,-0.0732421875,-0.146484375,-0.20751953125,0.18310546875,-0.87890625,-0.01220703125,-0.40283203125,-0.20751953125,-0.732421875,-0.0244140625,-0.23193359375,-0.13427734375,-0.732421875,-0.03662109375,-0.37841796875,-0.3173828125,0.84228515625,-0.25634765625,7.62939453125,0.0732421875,1.84326171875,0.15869140625,0.62255859375,0,1.9287109375,-0.37841796875,0.7568359375,-0.4150390625,0.54931640625,-0.6103515625,0.5615234375,-0.29296875,-0.09765625,0,1.72119140625,-0.35400390625,4.47998046875,-0.18310546875,1.1962890625,-0.30517578125,1.1474609375,-0.10986328125,0.2685546875,-0.01220703125,0.830078125,-0.0244140625,-0.06103515625,0.3173828125,1.2451171875,-0.1220703125,4.30908203125,0.2685546875,1.91650390625,0.0244140625,0.30517578125,0.20751953125,0.8544921875,-0.0244140625,-1.46484375,-0.146484375,-0.30517578125,0,-0.03662109375,0.08544921875,-1.171875,-0.10986328125,-0.6591796875,-0.13427734375,-0.67138671875,-0.048828125,-0.59814453125,0.048828125,-0.0732421875,0.08544921875,-0.50048828125,-0.30517578125,-1.2939453125,0.1220703125,-0.9765625,0.13427734375,2.001953125,-0.146484375,0.3173828125,0,-0.048828125,-0.0732421875,0.03662109375,-0.18310546875,0.1220703125,-0.10986328125,0.10986328125,0.09765625,1.0986328125,-0.06103515625,-0.10986328125,-0.08544921875,0
1,-0.732421875,-0.4150390625,-0.09765625,-0.37841796875,-0.03662109375,-0.47607421875,-0.03662109375,-0.0732421875,0.4638671875,-0.0732421875,-0.06103515625,-0.87890625,-0.146484375,1.0498046875,-0.1708984375,-0.1708984375,0.08544921875,-0.57373046875,0.390625,-0.10986328125,0.1220703125,0.84228515625,-0.10986328125,-0.634765625,0.1220703125,-0.3662109375,0.25634765625,-1.0498046875,-0.29296875,0.48828125,-0.06103515625,-0.06103515625,-0.13427734375,-0.341796875,0.2197265625,-0.91552734375,0.03662109375,-0.4638671875,-0.15869140625,-0.79345703125,-0.06103515625,-0.244140625,-0.09765625,-0.72021484375,-0.048828125,-0.390625,-0.29296875,0.8056640625,-0.18310546875,7.36083984375,-0.0244140625,1.74560546875,0.10986328125,0.52490234375,0.048828125,1.84326171875,-0.29296875,0.76904296875,-0.42724609375,0.5615234375,-0.5859375,0.537109375,-0.32958984375,-0.13427734375,-0.08544921875,1.42822265625,-0.3662109375,3.82080078125,-0.10986328125,1.0009765625,-0.3173828125,0.93994140625,-0.08544921875,0.28076171875,0.03662109375,0.830078125,0.0244140625,-0.048828125,0.3173828125,1.25732421875,-0.13427734375,3.9306640625,0.28076171875,1.7578125,0.08544921875,0.20751953125,0.15869140625,0.7568359375,0.01220703125,-1.59912109375,-0.146484375,-0.40283203125,-0.13427734375,-0.48828125,0.10986328125,-1.30615234375,-0.10986328125,-0.6591796875,-0.13427734375,-0.67138671875,-0.048828125,-0.6103515625,0.0732421875,-0.08544921875,0.0732421875,-0.1953125,-0.28076171875,-1.0009765625,0.06103515625,-0.7568359375,0.20751953125,2.79541015625,-0.15869140625,0.30517578125,-0.01220703125,-0.06103515625,-0.06103515625,0.0244140625,-0.18310546875,0.1220703125,-0.15869140625,0.20751953125,0.0244140625,1.13525390625,-0.09765625,-0.1220703125,-0.146484375,0.048828125
1,-0.69580078125,-0.439453125,-0.08544921875,-0.3662109375,-0.03662109375,-0.45166015625,-0.08544921875,-0.0732421875,0.42724609375,-0.03662109375,-0.0732421875,-0.89111328125,-0.15869140625,1.03759765625,-0.15869140625,-0.13427734375,0.09765625,-0.54931640625,0.3662109375,-0.09765625,0.10986328125,0.8544921875,-0.15869140625,-0.62255859375,0.15869140625,-0.3662109375,0.25634765625,-1.0498046875,-0.29296875,0.4150390625,0.048828125,-0.03662109375,-0.1220703125,-0.59814453125,0.18310546875,-0.9765625,0.06103515625,-0.5615234375,-0.18310546875,-0.9033203125,-0.03662109375,-0.244140625,-0.0732421875,-0.72021484375,-0.0732421875,-0.4150390625,-0.29296875,0.8056640625,-0.1708984375,6.884765625,-0.0732421875,1.62353515625,0.0732421875,0.42724609375,0.15869140625,1.708984375,-0.25634765625,0.8056640625,-0.4638671875,0.5859375,-0.5126953125,0.52490234375,-0.3662109375,-0.13427734375,-0.10986328125,1.123046875,-0.30517578125,3.21044921875,-0.048828125,0.8544921875,-0.35400390625,0.78125,-0.08544921875,0.2685546875,0.1220703125,0.830078125,0.10986328125,-0.048828125,0.28076171875,1.2451171875,-0.048828125,3.67431640625,0.244140625,1.72119140625,0.10986328125,0.15869140625,0.09765625,0.7080078125,0.03662109375,-1.62353515625,-0.10986328125,-0.47607421875,-0.35400390625,-0.7080078125,0.10986328125,-1.33056640625,-0.09765625,-0.67138671875,-0.13427734375,-0.6591796875,-0.10986328125,-0.62255859375,0.08544921875,-0.08544921875,0.0732421875,0.15869140625,-0.20751953125,-0.67138671875,0,-0.5126953125,0.13427734375,3.74755859375,-0.146484375,0.28076171875,-0.03662109375,-0.03662109375,-0.06103515625,0.01220703125,-0.146484375,0.1220703125,-0.0732421875,0.20751953125,0.09765625,1.15966796875,-0.048828125,-0.13427734375,-0.0732421875,0
0,-0.7080078125,-0.4150390625,-0.048828125,-0.3662109375,-0.01220703125,-0.4638671875,-0.08544921875,-0.0732421875,0.42724609375,-0.01220703125,-0.09765625,-0.87890625,-0.18310546875,1.06201171875,-0.1708984375,-0.1220703125,0.09765625,-0.57373046875,0.341796875,-0.09765625,0.01220703125,0.84228515625,-0.15869140625,-0.634765625,0.20751953125,-0.390625,0.28076171875,-1.03759765625,-0.2685546875,0.35400390625,0.23193359375,-0.03662109375,-0.1708984375,-0.87890625,0.15869140625,-1.0498046875,0.09765625,-0.6591796875,-0.18310546875,-0.98876953125,-0.01220703125,-0.244140625,-0.03662109375,-0.72021484375,-0.08544921875,-0.4150390625,-0.29296875,0.8056640625,-0.09765625,6.1767578125,-0.13427734375,1.45263671875,-0.0244140625,0.341796875,0.18310546875,1.55029296875,-0.20751953125,0.81787109375,-0.439453125,0.57373046875,-0.5126953125,0.537109375,-0.2685546875,-0.08544921875,-0.13427734375,0.86669921875,-0.4150390625,2.72216796875,-0.01220703125,0.72021484375,-0.4150390625,0.67138671875,-0.146484375,0.29296875,0.1953125,0.8056640625,0.146484375,-0.048828125,0.244140625,1.25732421875,-0.0244140625,3.52783203125,0.1953125,1.69677734375,0.146484375,0.08544921875,0.0732421875,0.68359375,0.03662109375,-1.5625,-0.09765625,-0.439453125,-0.3173828125,-0.59814453125,0.1220703125,-1.23291015625,-0.0732421875,-0.7080078125,-0.09765625,-0.6591796875,-0.18310546875,-0.6103515625,0.0732421875,-0.09765625,0.03662109375,0.537109375,-0.13427734375,-0.32958984375,-0.0732421875,-0.244140625,0.20751953125,4.736328125,-0.13427734375,0.28076171875,-0.048828125,-0.03662109375,-0.06103515625,-0.01220703125,-0.1708984375,0.1220703125,-0.06103515625,0.146484375,0.09765625,1.1474609375,-0.0732421875,-0.1953125,-0.06103515625,-0.06103515625
0,-0.72021484375,-0.439453125,-0.048828125,-0.35400390625,-0.01220703125,-0.4638671875,-0.06103515625,-0.06103515625,0.439453125,0,-0.13427734375,-0.87890625,-0.20751953125,1.06201171875,-0.18310546875,-0.1220703125,0.08544921875,-0.6103515625,0.30517578125,-0.10986328125,-0.09765625,0.8544921875,-0.146484375,-0.634765625,0.1953125,-0.42724609375,0.25634765625,-1.07421875,-0.2685546875,0.3173828125,0.341796875,-0.03662109375,-0.23193359375,-1.11083984375,0.10986328125,-1.0986328125,0.10986328125,-0.72021484375,-0.1708984375,-1.08642578125,0.048828125,-0.2197265625,-0.03662109375,-0.74462890625,-0.09765625,-0.45166015625,-0.32958984375,0.8544921875,-0.08544921875,5.3466796875,-0.1220703125,1.2451171875,-0.06103515625,0.244140625,0.13427734375,1.35498046875,-0.1708984375,0.830078125,-0.439453125,0.57373046875,-0.50048828125,0.5126953125,-0.23193359375,-0.048828125,-0.146484375,0.6591796875,-0.4150390625,2.34375,0.048828125,0.64697265625,-0.390625,0.5615234375,-0.244140625,0.2685546875,0.25634765625,0.81787109375,0.146484375,-0.06103515625,0.1953125,1.26953125,0.01220703125,3.50341796875,0.09765625,1.708984375,0.146484375,0.03662109375,0.01220703125,0.67138671875,0.0244140625,-1.416015625,-0.0732421875,-0.341796875,-0.2685546875,-0.1953125,0.1220703125,-1.03759765625,-0.09765625,-0.72021484375,-0.03662109375,-0.64697265625,-0.28076171875,-0.59814453125,0.0732421875,-0.09765625,0.0244140625,0.89111328125,-0.03662109375,-0.01220703125,-0.1220703125,-0.048828125,0.2197265625,5.72509765625,-0.1220703125,0.30517578125,-0.06103515625,-0.0244140625,-0.06103515625,-0.03662109375,-0.146484375,0.13427734375,-0.0732421875,0.0244140625,0.08544921875,1.0986328125,-0.09765625,-0.2197265625,-0.0244140625,-0.1708984375
0,-0.69580078125,-0.4150390625,-0.01220703125,-0.3662109375,0.01220703125,-0.4638671875,-0.048828125,-0.0732421875,0.42724609375,-0.01220703125,-0.146484375,-0.9033203125,-0.2197265625,1.03759765625,-0.2197265625,-0.146484375,0.06103515625,-0.634765625,0.2685546875,-0.1220703125,-0.15869140625,0.8544921875,-0.1220703125,-0.634765625,0.146484375,-0.439453125,0.23193359375,-1.07421875,-0.23193359375,0.29296875,0.42724609375,-0.0244140625,-0.244140625,-1.23291015625,0.0244140625,-1.123046875,0.08544921875,-0.74462890625,-0.15869140625,-1.11083984375,0.09765625,-0.1953125,-0.048828125,-0.7568359375,-0.08544921875,-0.45166015625,-0.390625,0.84228515625,-0.10986328125,4.3701171875,-0.08544921875,1.025390625,-0.09765625,0.1708984375,0.13427734375,1.171875,-0.146484375,0.830078125,-0.45166015625,0.5615234375,-0.54931640625,0.50048828125,-0.13427734375,0.03662109375,-0.15869140625,0.47607421875,-0.42724609375,2.001953125,0.01220703125,0.57373046875,-0.4150390625,0.5126953125,-0.32958984375,0.29296875,0.30517578125,0.84228515625,0.10986328125,-0.03662109375,0.13427734375,1.26953125,0.0732421875,3.5400390625,0.01220703125,1.74560546875,0.10986328125,0.03662109375,-0.03662109375,0.67138671875,0.0244140625,-1.1962890625,-0.0732421875,-0.1708984375,-0.15869140625,0.47607421875,0.10986328125,-0.76904296875,-0.09765625,-0.72021484375,0,-0.6591796875,-0.3662109375,-0.5859375,0.048828125,-0.09765625,0.0244140625,1.171875,0.01220703125,0.28076171875,-0.18310546875,0.1220703125,0.1953125,6.640625,-0.09765625,0.30517578125,-0.06103515625,-0.0244140625,-0.06103515625,-0.03662109375,-0.146484375,0.15869140625,-0.06103515625,-0.13427734375,0.0732421875,1.03759765625,-0.13427734375,-0.30517578125,-0.06103515625,-0.29296875
0,-0.69580078125,-0.42724609375,-0.03662109375,-0.3662109375,-0.01220703125,-0.4638671875,-0.0732421875,-0.0732421875,0.4150390625,-0.048828125,-0.15869140625,-0.91552734375,-0.2197265625,1.0498046875,-0.2197265625,-0.15869140625,0.01220703125,-0.64697265625,0.23193359375,-0.10986328125,-0.25634765625,0.8544921875,-0.08544921875,-0.634765625,0.0732421875,-0.439453125,0.1708984375,-1.07421875,-0.146484375,0.32958984375,0.390625,0,-0.25634765625,-1.2451171875,-0.03662109375,-1.0986328125,0.06103515625,-0.732421875,-0.1220703125,-1.0986328125,0.1220703125,-0.18310546875,0.0244140625,-0.72021484375,-0.06103515625,-0.47607421875,-0.47607421875,0.89111328125,-0.10986328125,3.38134765625,-0.06103515625,0.8056640625,-0.18310546875,0.06103515625,0.1220703125,0.98876953125,-0.1953125,0.81787109375,-0.40283203125,0.54931640625,-0.67138671875,0.5126953125,-0.0244140625,0.09765625,-0.13427734375,0.3173828125,-0.390625,1.77001953125,0,0.5126953125,-0.40283203125,0.4150390625,-0.32958984375,0.28076171875,0.29296875,0.8544921875,0.09765625,-0.03662109375,0.13427734375,1.25732421875,0.18310546875,3.61328125,-0.06103515625,1.77001953125,0.10986328125,0.0244140625,-0.06103515625,0.67138671875,0.01220703125,-0.927734375,-0.10986328125,0.08544921875,-0.09765625,1.37939453125,0.048828125,-0.4150390625,-0.09765625,-0.72021484375,0.0244140625,-0.69580078125,-0.47607421875,-0.5859375,-0.01220703125,-0.10986328125,-0.01220703125,1.40380859375,0.01220703125,0.4638671875,-0.2685546875,0.25634765625,0.09765625,7.40966796875,-0.1220703125,0.3173828125,-0.06103515625,-0.0244140625,-0.0732421875,-0.03662109375,-0.10986328125,0.1708984375,-0.0732421875,-0.20751953125,0.10986328125,1.0009765625,-0.08544921875,-0.3173828125,-0.0244140625,-0.3173828125
0,-0.69580078125,-0.4150390625,-0.048828125,-0.35400390625,-0.01220703125,-0.48828125,-0.09765625,-0.0732421875,0.390625,-0.0732421875,-0.1708984375,-0.9033203125,-0.244140625,1.0498046875,-0.20751953125,-0.15869140625,-0.0244140625,-0.64697265625,0.18310546875,-0.13427734375,-0.244140625,0.86669921875,-0.048828125,-0.6103515625,0.01220703125,-0.42724609375,0.08544921875,-1.0498046875,-0.09765625,0.390625,0.28076171875,0.01220703125,-0.25634765625,-1.123046875,-0.06103515625,-1.0498046875,0.03662109375,-0.64697265625,-0.048828125,-1.025390625,0.09765625,-0.1708984375,0.09765625,-0.72021484375,-0.01220703125,-0.439453125,-0.4638671875,0.89111328125,-0.1708984375,2.44140625,0.0244140625,0.62255859375,-0.2197265625,-0.0244140625,0.09765625,0.81787109375,-0.23193359375,0.79345703125,-0.341796875,0.52490234375,-0.5859375,0.50048828125,-0.01220703125,0.13427734375,-0.06103515625,0.23193359375,-0.29296875,1.5380859375,0.01220703125,0.45166015625,-0.25634765625,0.341796875,-0.25634765625,0.28076171875,0.3173828125,0.8544921875,0.03662109375,-0.01220703125,0.1220703125,1.25732421875,0.2197265625,3.662109375,-0.1708984375,1.74560546875,0.08544921875,0.0244140625,-0.08544921875,0.64697265625,-0.0244140625,-0.62255859375,-0.146484375,0.3662109375,0.01220703125,2.3681640625,0.01220703125,-0.048828125,-0.13427734375,-0.7080078125,-0.01220703125,-0.68359375,-0.57373046875,-0.57373046875,-0.048828125,-0.09765625,0.0244140625,1.5380859375,0.0244140625,0.5859375,-0.29296875,0.3662109375,0.08544921875,7.9345703125,-0.1220703125,0.3173828125,-0.0732421875,-0.01220703125,-0.06103515625,-0.06103515625,-0.08544921875,0.15869140625,-0.06103515625,-0.23193359375,0.1708984375,0.98876953125,-0.10986328125,-0.29296875,-0.01220703125,-0.32958984375
0,-0.69580078125,-0.390625,-0.0732421875,-0.37841796875,0.01220703125,-0.50048828125,-0.08544921875,-0.06103515625,0.3662109375,-0.09765625,-0.18310546875,-0.89111328125,-0.244140625,1.0498046875,-0.18310546875,-0.18310546875,-0.048828125,-0.64697265625,0.13427734375,-0.146484375,-0.1953125,0.87890625,-0.03662109375,-0.59814453125,-0.0244140625,-0.40283203125,0,-1.025390625,-0.048828125,0.48828125,0.20751953125,0.0244140625,-0.25634765625,-0.89111328125,-0.146484375,-0.9765625,-0.01220703125,-0.59814453125,-0.01220703125,-0.93994140625,0.0244140625,-0.18310546875,0.1220703125,-0.72021484375,0.03662109375,-0.42724609375,-0.439453125,0.89111328125,-0.244140625,1.611328125,0.06103515625,0.42724609375,-0.28076171875,-0.13427734375,0.048828125,0.6591796875,-0.30517578125,0.78125,-0.29296875,0.5126953125,-0.57373046875,0.52490234375,0.10986328125,0.146484375,-0.048828125,0.1220703125,-0.20751953125,1.3671875,-0.048828125,0.40283203125,-0.2197265625,0.29296875,-0.1953125,0.28076171875,0.341796875,0.8544921875,-0.01220703125,0,0.08544921875,1.2451171875,0.2197265625,3.5888671875,-0.2197265625,1.67236328125,0.03662109375,0.0244140625,-0.09765625,0.5859375,-0.01220703125,-0.29296875,-0.2197265625,0.64697265625,0.28076171875,3.41796875,-0.0244140625,0.3173828125,-0.1953125,-0.7080078125,-0.048828125,-0.68359375,-0.5859375,-0.5615234375,-0.09765625,-0.09765625,0.048828125,1.59912109375,0.01220703125,0.59814453125,-0.29296875,0.37841796875,0.09765625,8.21533203125,-0.13427734375,0.3173828125,-0.06103515625,-0.01220703125,-0.0732421875,-0.06103515625,-0.0732421875,0.1708984375,0,-0.18310546875,0.1220703125,1.01318359375,-0.10986328125,-0.2197265625,-0.06103515625,-0.244140625
0,-0.69580078125,-0.341796875,-0.06103515625,-0.3662109375,0.03662109375,-0.48828125,-0.03662109375,-0.06103515625,0.32958984375,-0.09765625,-0.1708984375,-0.927734375,-0.25634765625,1.0498046875,-0.18310546875,-0.1708984375,-0.06103515625,-0.62255859375,0.13427734375,-0.13427734375,-0.15869140625,0.87890625,-0.03662109375,-0.57373046875,-0.09765625,-0.37841796875,-0.03662109375,-0.9765625,-0.03662109375,0.59814453125,0.09765625,0.048828125,-0.28076171875,-0.634765625,-0.2197265625,-0.87890625,-0.0244140625,-0.52490234375,-0.0244140625,-0.81787109375,-0.03662109375,-0.18310546875,0.15869140625,-0.72021484375,0.06103515625,-0.40283203125,-0.42724609375,0.86669921875,-0.2685546875,1.01318359375,0.08544921875,0.3173828125,-0.35400390625,-0.23193359375,-0.03662109375,0.57373046875,-0.341796875,0.76904296875,-0.23193359375,0.52490234375,-0.59814453125,0.52490234375,0.28076171875,0.146484375,-0.09765625,0.0732421875,-0.08544921875,1.1962890625,-0.09765625,0.32958984375,-0.15869140625,0.244140625,-0.048828125,0.30517578125,0.29296875,0.86669921875,-0.10986328125,0.01220703125,0.08544921875,1.23291015625,0.30517578125,3.35693359375,-0.23193359375,1.5625,0,-0.048828125,-0.06103515625,0.48828125,0.03662109375,-0.01220703125,-0.25634765625,0.9521484375,0.32958984375,4.345703125,-0.01220703125,0.6591796875,-0.244140625,-0.69580078125,-0.10986328125,-0.68359375,-0.54931640625,-0.54931640625,-0.08544921875,-0.08544921875,0.0732421875,1.52587890625,0,0.57373046875,-0.20751953125,0.341796875,0.18310546875,8.203125,-0.146484375,0.32958984375,-0.0732421875,-0.03662109375,-0.06103515625,-0.0732421875,-0.048828125,0.146484375,0.06103515625,-0.03662109375,0.146484375,1.07421875,-0.10986328125,-0.1220703125,-0.03662109375,-0.08544921875
0,-0.69580078125,-0.30517578125,-0.048828125,-0.3662109375,0.06103515625,-0.50048828125,0.01220703125,-0.048828125,0.3173828125,-0.10986328125,-0.1708984375,-0.9033203125,-0.25634765625,1.03759765625,-0.1953125,-0.1708984375,-0.06103515625,-0.634765625,0.08544921875,-0.1220703125,-0.06103515625,0.86669921875,-0.09765625,-0.5859375,-0.1220703125,-0.3173828125,-0.10986328125,-0.93994140625,-0.08544921875,0.68359375,0.01220703125,0.08544921875,-0.2685546875,-0.37841796875,-0.29296875,-0.830078125,-0.0244140625,-0.439453125,-0.048828125,-0.7568359375,-0.03662109375,-0.18310546875,0.13427734375,-0.69580078125,0.06103515625,-0.390625,-0.390625,0.8056640625,-0.244140625,0.62255859375,0.1220703125,0.23193359375,-0.37841796875,-0.28076171875,-0.10986328125,0.5126953125,-0.32958984375,0.78125,-0.20751953125,0.52490234375,-0.52490234375,0.57373046875,0.2197265625,0.146484375,-0.15869140625,0.01220703125,0.09765625,1.025390625,-0.0732421875,0.2685546875,-0.09765625,0.18310546875,0.06103515625,0.30517578125,0.23193359375,0.8544921875,-0.1953125,0.01220703125,0.06103515625,1.2451171875,0.18310546875,2.94189453125,-0.20751953125,1.3427734375,-0.0244140625,-0.146484375,-0.048828125,0.341796875,0.03662109375,0.2197265625,-0.29296875,1.18408203125,0.341796875,5.1513671875,-0.01220703125,0.9521484375,-0.29296875,-0.6591796875,-0.1220703125,-0.69580078125,-0.50048828125,-0.5615234375,-0.0244140625,-0.08544921875,0.18310546875,1.416015625,-0.0244140625,0.48828125,-0.1220703125,0.28076171875,0.13427734375,7.94677734375,-0.1708984375,0.3173828125,-0.08544921875,-0.01220703125,-0.08544921875,-0.0732421875,-0.06103515625,0.15869140625,0.048828125,0.13427734375,0.10986328125,1.15966796875,-0.146484375,0,-0.048828125,0.06103515625
0,-0.69580078125,-0.244140625,-0.0732421875,-0.37841796875,0.0732421875,-0.5126953125,0.03662109375,-0.03662109375,0.29296875,-0.10986328125,-0.1708984375,-0.89111328125,-0.2685546875,1.03759765625,-0.1953125,-0.1708984375,-0.0244140625,-0.59814453125,0.09765625,-0.1220703125,-0.01220703125,0.8544921875,-0.13427734375,-0.5859375,-0.13427734375,-0.2685546875,-0.13427734375,-0.927734375,-0.18310546875,0.7568359375,0,0.1220703125,-0.25634765625,-0.1953125,-0.32958984375,-0.78125,-0.01220703125,-0.390625,-0.048828125,-0.67138671875,-0.01220703125,-0.2197265625,0.09765625,-0.69580078125,0.08544921875,-0.390625,-0.40283203125,0.74462890625,-0.23193359375,0.47607421875,0.1220703125,0.20751953125,-0.390625,-0.3173828125,-0.18310546875,0.52490234375,-0.341796875,0.8056640625,-0.1953125,0.54931640625,-0.537109375,0.6103515625,0.18310546875,0.146484375,-0.244140625,0,0.10986328125,0.89111328125,-0.0732421875,0.2197265625,-0.09765625,0.146484375,0.146484375,0.30517578125,0.1220703125,0.86669921875,-0.25634765625,0.0244140625,0.06103515625,1.25732421875,0.10986328125,2.35595703125,-0.18310546875,1.123046875,-0.06103515625,-0.28076171875,-0.0244140625,0.1708984375,0.03662109375,0.40283203125,-0.28076171875,1.3916015625,0.3662109375,5.74951171875,0.01220703125,1.15966796875,-0.3173828125,-0.6591796875,-0.13427734375,-0.68359375,-0.4638671875,-0.54931640625,0.0244140625,-0.0732421875,0.244140625,1.25732421875,-0.08544921875,0.341796875,0,0.18310546875,0.0244140625,7.45849609375,-0.146484375,0.30517578125,-0.10986328125,-0.0244140625,-0.06103515625,-0.0732421875,-0.048828125,0.146484375,0,0.30517578125,0.10986328125,1.23291015625,-0.15869140625,0.06103515625,-0.0244140625,0.2197265625
0,-0.7080078125,-0.1708984375,-0.09765625,-0.3662109375,0.03662109375,-0.48828125,0,-0.048828125,0.2685546875,-0.09765625,-0.1708984375,-0.89111328125,-0.28076171875,1.0498046875,-0.1953125,-0.1708984375,0,-0.6103515625,0.08544921875,-0.1220703125,-0.01220703125,0.8544921875,-0.15869140625,-0.5859375,-0.146484375,-0.244140625,-0.09765625,-0.87890625,-0.2685546875,0.81787109375,0.03662109375,0.15869140625,-0.1953125,-0.13427734375,-0.3173828125,-0.78125,0.01220703125,-0.40283203125,-0.13427734375,-0.68359375,-0.01220703125,-0.23193359375,0,-0.69580078125,0.06103515625,-0.37841796875,-0.37841796875,0.69580078125,-0.1953125,0.54931640625,0.1220703125,0.23193359375,-0.341796875,-0.341796875,-0.25634765625,0.54931640625,-0.28076171875,0.84228515625,-0.20751953125,0.537109375,-0.57373046875,0.67138671875,0.1953125,0.18310546875,-0.29296875,0.01220703125,0.146484375,0.78125,-0.01220703125,0.18310546875,-0.06103515625,0.1220703125,0.1708984375,0.29296875,0.0244140625,0.86669921875,-0.28076171875,0,0.06103515625,1.28173828125,0.1220703125,1.62353515625,-0.15869140625,0.84228515625,-0.0732421875,-0.48828125,0.0244140625,-0.03662109375,0.048828125,0.50048828125,-0.28076171875,1.4892578125,0.341796875,6.09130859375,0.06103515625,1.2939453125,-0.30517578125,-0.6591796875,-0.15869140625,-0.67138671875,-0.390625,-0.5615234375,0.0732421875,-0.06103515625,0.29296875,1.06201171875,-0.09765625,0.1953125,0.10986328125,0.08544921875,-0.03662109375,6.8115234375,-0.146484375,0.30517578125,-0.1220703125,-0.0244140625,-0.0732421875,-0.06103515625,-0.03662109375,0.13427734375,0.01220703125,0.4150390625,0.09765625,1.28173828125,-0.1708984375,0.09765625,-0.0244140625,0.30517578125
0,-0.69580078125,-0.09765625,-0.10986328125,-0.37841796875,0.06103515625,-0.5126953125,-0.0244140625,-0.08544921875,0.23193359375,-0.08544921875,-0.1708984375,-0.9033203125,-0.244140625,1.0498046875,-0.1953125,-0.1708984375,0.03662109375,-0.59814453125,0.06103515625,-0.1220703125,-0.03662109375,0.87890625,-0.1708984375,-0.6103515625,-0.15869140625,-0.23193359375,-0.048828125,-0.87890625,-0.35400390625,0.81787109375,0.048828125,0.146484375,-0.23193359375,-0.1953125,-0.244140625,-0.79345703125,0.0732421875,-0.4150390625,-0.1220703125,-0.69580078125,0.01220703125,-0.244140625,-0.09765625,-0.69580078125,0.06103515625,-0.37841796875,-0.32958984375,0.6591796875,-0.18310546875,0.732421875,0.0732421875,0.29296875,-0.3173828125,-0.30517578125,-0.37841796875,0.6103515625,-0.23193359375,0.87890625,-0.23193359375,0.5615234375,-0.59814453125,0.72021484375,0.1220703125,0.2197265625,-0.25634765625,0.048828125,0.1708984375,0.732421875,0.048828125,0.15869140625,-0.03662109375,0.15869140625,0.146484375,0.28076171875,0.01220703125,0.89111328125,-0.23193359375,-0.0244140625,0.048828125,1.28173828125,0.06103515625,0.86669921875,-0.1220703125,0.54931640625,-0.06103515625,-0.67138671875,0.09765625,-0.25634765625,0.0732421875,0.537109375,-0.2197265625,1.52587890625,0.341796875,6.201171875,0.06103515625,1.33056640625,-0.28076171875,-0.6591796875,-0.146484375,-0.67138671875,-0.29296875,-0.5859375,0.1220703125,-0.048828125,0.35400390625,0.89111328125,-0.1220703125,0.048828125,0.1953125,-0.048828125,-0.0244140625,6.11572265625,-0.146484375,0.30517578125,-0.146484375,-0.0244140625,-0.0732421875,-0.0732421875,-0.048828125,0.13427734375,-0.03662109375,0.47607421875,0.08544921875,1.2939453125,-0.20751953125,0.08544921875,-0.048828125,0.29296875
0,-0.67138671875,-0.06103515625,-0.146484375,-0.390625,0.048828125,-0.50048828125,-0.0244140625,-0.09765625,0.23193359375,-0.08544921875,-0.20751953125,-0.91552734375,-0.25634765625,1.0498046875,-0.20751953125,-0.18310546875,0.06103515625,-0.6103515625,0.0732421875,-0.10986328125,-0.0732421875,0.86669921875,-0.1953125,-0.62255859375,-0.18310546875,-0.25634765625,0.0244140625,-0.87890625,-0.4150390625,0.76904296875,0.048828125,0.15869140625,-0.25634765625,-0.35400390625,-0.146484375,-0.86669921875,0.13427734375,-0.4638671875,-0.1708984375,-0.7568359375,-0.03662109375,-0.25634765625,-0.13427734375,-0.7080078125,0.08544921875,-0.37841796875,-0.3173828125,0.6591796875,-0.146484375,0.96435546875,0.06103515625,0.390625,-0.25634765625,-0.25634765625,-0.4150390625,0.67138671875,-0.15869140625,0.89111328125,-0.25634765625,0.54931640625,-0.68359375,0.76904296875,0.2197265625,0.28076171875,-0.2197265625,0.10986328125,0.15869140625,0.732421875,0.08544921875,0.146484375,-0.06103515625,0.1708984375,0.15869140625,0.244140625,-0.048828125,0.86669921875,-0.15869140625,-0.06103515625,-0.01220703125,1.28173828125,0.0732421875,0.10986328125,-0.06103515625,0.29296875,0,-0.830078125,0.15869140625,-0.439453125,0.0732421875,0.47607421875,-0.1708984375,1.47705078125,0.30517578125,6.04248046875,0.06103515625,1.2451171875,-0.2685546875,-0.6591796875,-0.10986328125,-0.68359375,-0.23193359375,-0.57373046875,0.1708984375,-0.048828125,0.3173828125,0.732421875,-0.10986328125,-0.06103515625,0.25634765625,-0.15869140625,-0.048828125,5.4931640625,-0.10986328125,0.30517578125,-0.15869140625,-0.0244140625,-0.08544921875,-0.06103515625,-0.03662109375,0.1220703125,0.0732421875,0.42724609375,0.10986328125,1.25732421875,-0.18310546875,0.01220703125,0,0.20751953125
0,-0.67138671875,-0.03662109375,-0.09765625,-0.37841796875,0.06103515625,-0.50048828125,-0.0244140625,-0.08544921875,0.1953125,-0.06103515625,-0.1953125,-0.91552734375,-0.28076171875,1.06201171875,-0.15869140625,-0.1708984375,0.08544921875,-0.6103515625,0.09765625,-0.13427734375,-0.146484375,0.87890625,-0.18310546875,-0.634765625,-0.1953125,-0.2685546875,0.09765625,-0.9033203125,-0.45166015625,0.7080078125,0.0244140625,0.146484375,-0.2685546875,-0.59814453125,-0.03662109375,-0.91552734375,0.18310546875,-0.52490234375,-0.2197265625,-0.84228515625,-0.08544921875,-0.25634765625,-0.1708984375,-0.7080078125,0.1220703125,-0.4150390625,-0.2685546875,0.64697265625,-0.06103515625,1.171875,0.048828125,0.4638671875,-0.1953125,-0.18310546875,-0.47607421875,0.74462890625,-0.0732421875,0.87890625,-0.25634765625,0.54931640625,-0.72021484375,0.830078125,0.20751953125,0.35400390625,-0.1220703125,0.18310546875,0.09765625,0.76904296875,0.09765625,0.18310546875,-0.09765625,0.244140625,0.1708984375,0.2197265625,-0.08544921875,0.86669921875,-0.09765625,-0.0732421875,-0.06103515625,1.28173828125,0.03662109375,-0.5126953125,0.01220703125,0.08544921875,0.0244140625,-0.9521484375,0.10986328125,-0.57373046875,0.0732421875,0.341796875,-0.1220703125,1.3427734375,0.2197265625,5.6640625,0.048828125,1.11083984375,-0.244140625,-0.6591796875,-0.08544921875,-0.7080078125,-0.15869140625,-0.59814453125,0.2197265625,-0.06103515625,0.28076171875,0.6103515625,-0.08544921875,-0.1708984375,0.28076171875,-0.2685546875,-0.048828125,4.98046875,-0.146484375,0.30517578125,-0.146484375,-0.0244140625,-0.0732421875,-0.06103515625,-0.03662109375,0.146484375,0.244140625,0.35400390625,0.1220703125,1.1962890625,-0.15869140625,-0.0732421875,0.0244140625,0.06103515625
0,-0.64697265625,-0.03662109375,-0.10986328125,-0.37841796875,0.10986328125,-0.48828125,-0.01220703125,-0.09765625,0.20751953125,-0.048828125,-0.1953125,-0.91552734375,-0.29296875,1.0498046875,-0.1708984375,-0.1708984375,0.08544921875,-0.59814453125,0.1220703125,-0.1220703125,-0.23193359375,0.87890625,-0.146484375,-0.64697265625,-0.1708984375,-0.29296875,0.15869140625,-0.927734375,-0.47607421875,0.62255859375,-0.048828125,0.1220703125,-0.244140625,-0.830078125,0.06103515625,-1.0009765625,0.1953125,-0.57373046875,-0.25634765625,-0.9033203125,-0.15869140625,-0.23193359375,-0.18310546875,-0.72021484375,0.20751953125,-0.4150390625,-0.30517578125,0.68359375,0.0244140625,1.33056640625,0,0.5126953125,-0.13427734375,-0.13427734375,-0.5126953125,0.78125,-0.03662109375,0.8544921875,-0.244140625,0.5126953125,-0.7568359375,0.87890625,0.2685546875,0.4638671875,-0.06103515625,0.25634765625,0.03662109375,0.8544921875,0.09765625,0.20751953125,-0.1220703125,0.29296875,0.146484375,0.1708984375,-0.08544921875,0.89111328125,-0.06103515625,-0.09765625,-0.08544921875,1.2939453125,0.048828125,-0.9033203125,0.06103515625,-0.03662109375,0.03662109375,-1.0498046875,0.06103515625,-0.68359375,0.0244140625,0.146484375,-0.06103515625,1.123046875,0.146484375,5.09033203125,0.0244140625,0.8544921875,-0.18310546875,-0.67138671875,-0.08544921875,-0.7080078125,-0.1708984375,-0.5859375,0.244140625,-0.03662109375,0.244140625,0.537109375,-0.03662109375,-0.25634765625,0.244140625,-0.3173828125,0.0244140625,4.67529296875,-0.13427734375,0.3173828125,-0.1708984375,-0.0244140625,-0.08544921875,-0.048828125,-0.06103515625,0.18310546875,0.1708984375,0.29296875,0.0732421875,1.11083984375,-0.1708984375,-0.1708984375,-0.01220703125,-0.10986328125
1,-0.67138671875,-0.0732421875,-0.1220703125,-0.37841796875,0.09765625,-0.5126953125,-0.0244140625,-0.0732421875,0.1953125,-0.048828125,-0.1953125,-0.91552734375,-0.341796875,1.06201171875,-0.13427734375,-0.15869140625,0.0732421875,-0.6103515625,0.13427734375,-0.15869140625,-0.3173828125,0.89111328125,-0.10986328125,-0.64697265625,-0.13427734375,-0.32958984375,0.1953125,-0.96435546875,-0.45166015625,0.537109375,-0.03662109375,0.09765625,-0.146484375,-1.025390625,0.1708984375,-1.06201171875,0.15869140625,-0.6591796875,-0.28076171875,-0.9765625,-0.28076171875,-0.244140625,-0.2197265625,-0.7080078125,0.23193359375,-0.40283203125,-0.4150390625,0.72021484375,0.01220703125,1.3671875,0,0.5615234375,-0.10986328125,-0.09765625,-0.57373046875,0.78125,-0.03662109375,0.81787109375,-0.28076171875,0.50048828125,-0.84228515625,0.927734375,0.244140625,0.6103515625,-0.03662109375,0.32958984375,-0.048828125,0.9765625,0.09765625,0.244140625,-0.15869140625,0.341796875,0.08544921875,0.1708984375,-0.13427734375,0.89111328125,-0.048828125,-0.0732421875,-0.10986328125,1.2939453125,-0.01220703125,-1.06201171875,0.1220703125,-0.048828125,0.03662109375,-1.07421875,-0.03662109375,-0.72021484375,0.01220703125,-0.09765625,-0.01220703125,0.87890625,0.0244140625,4.3701171875,0.03662109375,0.5615234375,-0.10986328125,-0.6591796875,-0.09765625,-0.68359375,-0.244140625,-0.5859375,0.2685546875,-0.06103515625,0.13427734375,0.54931640625,0,-0.29296875,0.1953125,-0.35400390625,-0.0244140625,4.6142578125,-0.13427734375,0.30517578125,-0.18310546875,-0.03662109375,-0.0732421875,-0.03662109375,-0.09765625,0.1708984375,0.18310546875,0.341796875,0.10986328125,1.06201171875,-0.1220703125,-0.20751953125,0.01220703125,-0.1953125
1,-0.64697265625,-0.10986328125,-0.13427734375,-0.3662109375,0.08544921875,-0.48828125,-0.09765625,-0.08544921875,0.15869140625,-0.0732421875,-0.20751953125,-0.91552734375,-0.32958984375,1.06201171875,-0.1220703125,-0.15869140625,0.03662109375,-0.62255859375,0.1220703125,-0.15869140625,-0.3173828125,0.9033203125,-0.08544921875,-0.6591796875,-0.09765625,-0.3662109375,0.18310546875,-1.01318359375,-0.3662109375,0.4638671875,-0.03662109375,0.048828125,-0.09765625,-1.15966796875,0.1953125,-1.123046875,0.1220703125,-0.69580078125,-0.23193359375,-1.0009765625,-0.35400390625,-0.23193359375,-0.20751953125,-0.732421875,0.25634765625,-0.42724609375,-0.52490234375,0.72021484375,0.0244140625,1.318359375,-0.01220703125,0.54931640625,-0.03662109375,-0.10986328125,-0.6103515625,0.7568359375,-0.048828125,0.79345703125,-0.2685546875,0.48828125,-0.89111328125,0.96435546875,0.244140625,0.81787109375,0.01220703125,0.37841796875,-0.08544921875,1.07421875,0.06103515625,0.2685546875,-0.18310546875,0.37841796875,0.03662109375,0.18310546875,-0.146484375,0.87890625,-0.0244140625,-0.09765625,-0.146484375,1.2939453125,0.03662109375,-0.89111328125,0.146484375,0,0,-1.025390625,-0.09765625,-0.64697265625,0,-0.3662109375,-0.03662109375,0.6103515625,-0.08544921875,3.5888671875,0.048828125,0.1953125,0.01220703125,-0.67138671875,-0.15869140625,-0.7080078125,-0.32958984375,-0.5859375,0.2685546875,-0.048828125,0.0732421875,0.57373046875,0.0244140625,-0.2685546875,0.10986328125,-0.35400390625,-0.08544921875,4.74853515625,-0.146484375,0.3173828125,-0.15869140625,-0.0244140625,-0.0732421875,-0.03662109375,-0.09765625,0.1708984375,0.13427734375,0.54931640625,0.09765625,1.123046875,-0.1220703125,-0.15869140625,-0.03662109375,-0.1708984375
1,-0.6103515625,-0.18310546875,-0.1708984375,-0.35400390625,0.0732421875,-0.47607421875,-0.13427734375,-0.0732421875,0.1220703125,-0.0732421875,-0.1953125,-0.91552734375,-0.3173828125,1.06201171875,-0.146484375,-0.15869140625,-0.0244140625,-0.634765625,0.08544921875,-0.1708984375,-0.3173828125,0.91552734375,-0.0732421875,-0.62255859375,-0.09765625,-0.40283203125,0.146484375,-1.03759765625,-0.2685546875,0.37841796875,0.0244140625,0.0244140625,-0.0244140625,-1.15966796875,0.30517578125,-1.123046875,0.08544921875,-0.68359375,-0.1708984375,-0.98876953125,-0.45166015625,-0.25634765625,-0.1953125,-0.7080078125,0.2685546875,-0.42724609375,-0.54931640625,0.7568359375,-0.0244140625,1.18408203125,-0.0732421875,0.50048828125,0.0244140625,-0.15869140625,-0.54931640625,0.7080078125,-0.0732421875,0.76904296875,-0.25634765625,0.5126953125,-0.93994140625,0.9765625,0.1953125,1.0986328125,0.0244140625,0.40283203125,-0.13427734375,1.15966796875,0,0.341796875,-0.1953125,0.390625,-0.048828125,0.20751953125,-0.146484375,0.927734375,-0.0244140625,-0.08544921875,-0.1220703125,1.28173828125,0.1220703125,-0.45166015625,0.20751953125,0.18310546875,-0.0732421875,-0.89111328125,-0.13427734375,-0.5126953125,0,-0.67138671875,-0.0732421875,0.3173828125,-0.1953125,2.74658203125,0.03662109375,-0.1708984375,0.08544921875,-0.67138671875,-0.1953125,-0.732421875,-0.47607421875,-0.57373046875,0.244140625,-0.048828125,0.0244140625,0.6103515625,0,-0.2197265625,0,-0.3173828125,-0.10986328125,4.99267578125,-0.146484375,0.3173828125,-0.1708984375,-0.0244140625,-0.0732421875,-0.0244140625,-0.09765625,0.18310546875,0.15869140625,1.0009765625,0.13427734375,1.25732421875,-0.09765625,-0.0244140625,-0.048828125,0.03662109375
1,-0.57373046875,-0.25634765625,-0.15869140625,-0.37841796875,0.06103515625,-0.4638671875,-0.1220703125,-0.09765625,0.10986328125,-0.08544921875,-0.18310546875,-0.93994140625,-0.341796875,1.06201171875,-0.13427734375,-0.1708984375,-0.0732421875,-0.64697265625,0.03662109375,-0.1708984375,-0.2685546875,0.91552734375,-0.03662109375,-0.62255859375,-0.03662109375,-0.4150390625,0.08544921875,-1.03759765625,-0.244140625,0.3662109375,0.0732421875,0,-0.03662109375,-1.06201171875,0.37841796875,-1.11083984375,0.01220703125,-0.6591796875,-0.1708984375,-0.9521484375,-0.5126953125,-0.2685546875,-0.2197265625,-0.72021484375,0.2197265625,-0.439453125,-0.5615234375,0.79345703125,-0.048828125,1.01318359375,-0.048828125,0.45166015625,0.0244140625,-0.1953125,-0.45166015625,0.64697265625,-0.1220703125,0.78125,-0.25634765625,0.54931640625,-0.9521484375,0.98876953125,0.09765625,1.4892578125,0.048828125,0.390625,-0.1953125,1.220703125,-0.06103515625,0.341796875,-0.23193359375,0.3662109375,-0.1220703125,0.25634765625,-0.1708984375,0.9033203125,-0.01220703125,-0.048828125,-0.06103515625,1.2451171875,0.06103515625,0.2685546875,0.23193359375,0.45166015625,-0.1953125,-0.732421875,-0.1220703125,-0.3173828125,0.0244140625,-0.9521484375,-0.146484375,0.06103515625,-0.3173828125,1.91650390625,0.06103515625,-0.54931640625,0.1708984375,-0.6591796875,-0.20751953125,-0.72021484375,-0.59814453125,-0.57373046875,0.18310546875,-0.0732421875,0,0.6591796875,0,-0.1708984375,-0.08544921875,-0.2685546875,-0.1708984375,5.2734375,-0.10986328125,0.32958984375,-0.1953125,0,-0.0732421875,-0.0244140625,-0.09765625,0.1708984375,0.15869140625,1.69677734375,0.1708984375,1.50146484375,-0.08544921875,0.29296875,-0.0732421875,0.4150390625
1,-0.52490234375,-0.35400390625,-0.15869140625,-0.390625,0.0732421875,-0.45166015625,-0.1220703125,-0.09765625,0.09765625,-0.0732421875,-0.15869140625,-0.91552734375,-0.32958984375,1.06201171875,-0.146484375,-0.1708984375,-0.08544921875,-0.6103515625,-0.0244140625,-0.146484375,-0.20751953125,0.91552734375,-0.048828125,-0.6103515625,0.0244140625,-0.40283203125,0.03662109375,-1.0498046875,-0.1953125,0.3662109375,0.08544921875,0,-0.0244140625,-0.87890625,0.42724609375,-1.07421875,-0.0244140625,-0.6103515625,-0.09765625,-0.89111328125,-0.4638671875,-0.2685546875,-0.20751953125,-0.72021484375,0.15869140625,-0.439453125,-0.537109375,0.76904296875,-0.08544921875,0.86669921875,-0.0732421875,0.37841796875,0.03662109375,-0.25634765625,-0.3662109375,0.62255859375,-0.15869140625,0.87890625,-0.23193359375,0.67138671875,-0.91552734375,0.98876953125,-0.13427734375,2.01416015625,0.0732421875,0.341796875,-0.23193359375,1.18408203125,-0.1708984375,0.35400390625,-0.23193359375,0.341796875,-0.1708984375,0.35400390625,-0.10986328125,0.91552734375,-0.03662109375,-0.03662109375,0.01220703125,1.2451171875,0.15869140625,1.15966796875,0.244140625,0.7568359375,-0.3662109375,-0.5126953125,-0.06103515625,-0.048828125,0.03662109375,-1.220703125,-0.20751953125,-0.18310546875,-0.37841796875,1.171875,0.0244140625,-0.89111328125,0.1708984375,-0.62255859375,-0.1953125,-0.72021484375,-0.62255859375,-0.5615234375,0.10986328125,-0.0732421875,0.01220703125,0.68359375,-0.03662109375,-0.18310546875,-0.13427734375,-0.244140625,-0.2197265625,5.43212890625,-0.09765625,0.30517578125,-0.18310546875,0.01220703125,-0.08544921875,-0.048828125,-0.09765625,0.18310546875,0.03662109375,2.67333984375,0.1708984375,1.8798828125,-0.06103515625,0.732421875,-0.10986328125,1.01318359375
1,-0.50048828125,-0.42724609375,-0.15869140625,-0.37841796875,0.10986328125,-0.439453125,-0.10986328125,-0.10986328125,0.048828125,-0.0732421875,-0.15869140625,-0.91552734375,-0.30517578125,1.06201171875,-0.1708984375,-0.18310546875,-0.08544921875,-0.59814453125,-0.0732421875,-0.13427734375,-0.13427734375,0.89111328125,-0.03662109375,-0.6103515625,0.0244140625,-0.40283203125,-0.06103515625,-1.03759765625,-0.25634765625,0.40283203125,0.0732421875,0,-0.06103515625,-0.69580078125,0.390625,-1.01318359375,-0.06103515625,-0.537109375,-0.03662109375,-0.84228515625,-0.42724609375,-0.244140625,-0.244140625,-0.732421875,0.048828125,-0.4150390625,-0.5126953125,0.7568359375,-0.13427734375,0.7568359375,-0.03662109375,0.35400390625,0.06103515625,-0.29296875,-0.30517578125,0.5859375,-0.23193359375,1.06201171875,-0.23193359375,0.76904296875,-0.96435546875,1.0009765625,-0.1220703125,2.62451171875,0.048828125,0.25634765625,-0.20751953125,1.123046875,-0.2685546875,0.341796875,-0.20751953125,0.30517578125,-0.18310546875,0.47607421875,-0.13427734375,0.9033203125,-0.0732421875,-0.0244140625,0.10986328125,1.2451171875,0.244140625,2.1484375,0.1953125,1.123046875,-0.50048828125,-0.2685546875,-0.048828125,0.23193359375,0.03662109375,-1.42822265625,-0.2685546875,-0.3662109375,-0.40283203125,0.50048828125,-0.01220703125,-1.18408203125,0.1220703125,-0.634765625,-0.13427734375,-0.69580078125,-0.64697265625,-0.57373046875,0.048828125,-0.0732421875,0.0732421875,0.6591796875,-0.06103515625,-0.20751953125,-0.15869140625,-0.25634765625,-0.23193359375,5.419921875,-0.08544921875,0.30517578125,-0.15869140625,0,-0.0732421875,-0.048828125,-0.09765625,0.15869140625,-0.03662109375,3.8330078125,0.146484375,2.35595703125,-0.0732421875,1.220703125,-0.1220703125,1.74560546875
1,-0.4638671875,-0.48828125,-0.13427734375,-0.390625,0.13427734375,-0.439453125,-0.1220703125,-0.09765625,0.0244140625,-0.03662109375,-0.13427734375,-0.9033203125,-0.32958984375,1.06201171875,-0.18310546875,-0.18310546875,-0.09765625,-0.59814453125,-0.10986328125,-0.13427734375,-0.048828125,0.86669921875,-0.048828125,-0.6103515625,0.03662109375,-0.37841796875,-0.0732421875,-1.01318359375,-0.2685546875,0.45166015625,0.08544921875,0.0244140625,-0.1220703125,-0.52490234375,0.3173828125,-0.93994140625,-0.0732421875,-0.5126953125,-0.048828125,-0.79345703125,-0.3173828125,-0.2685546875,-0.28076171875,-0.732421875,-0.0732421875,-0.40283203125,-0.439453125,0.72021484375,-0.23193359375,0.7568359375,-0.048828125,0.3173828125,0.08544921875,-0.341796875,-0.20751953125,0.6103515625,-0.3173828125,1.28173828125,-0.18310546875,0.9033203125,-0.9765625,1.01318359375,-0.1953125,3.3203125,0.03662109375,0.1708984375,-0.15869140625,1.01318359375,-0.32958984375,0.30517578125,-0.23193359375,0.244140625,-0.1708984375,0.5859375,-0.18310546875,0.91552734375,-0.09765625,-0.01220703125,0.2197265625,1.220703125,0.244140625,3.125,0.15869140625,1.50146484375,-0.62255859375,-0.01220703125,0,0.52490234375,-0.01220703125,-1.6357421875,-0.28076171875,-0.5126953125,-0.341796875,-0.03662109375,-0.03662109375,-1.37939453125,0.0244140625,-0.634765625,-0.06103515625,-0.68359375,-0.59814453125,-0.57373046875,-0.0244140625,-0.048828125,0.10986328125,0.54931640625,-0.13427734375,-0.29296875,-0.15869140625,-0.30517578125,-0.1220703125,5.078125,-0.06103515625,0.30517578125,-0.15869140625,0.01220703125,-0.0732421875,-0.0244140625,-0.08544921875,0.146484375,0.01220703125,5.1025390625,0.08544921875,2.8564453125,-0.0732421875,1.77001953125,-0.146484375,2.55126953125
1,-0.47607421875,-0.52490234375,-0.1708984375,-0.390625,0.146484375,-0.42724609375,-0.10986328125,-0.08544921875,-0.01220703125,-0.048828125,-0.13427734375,-0.91552734375,-0.3173828125,1.06201171875,-0.18310546875,-0.1708984375,-0.10986328125,-0.5615234375,-0.1220703125,-0.10986328125,0.0244140625,0.86669921875,-0.03662109375,-0.59814453125,0.03662109375,-0.3662109375,-0.10986328125,-1.025390625,-0.28076171875,0.5126953125,0.10986328125,0.03662109375,-0.1220703125,-0.40283203125,0.25634765625,-0.91552734375,-0.06103515625,-0.48828125,-0.03662109375,-0.76904296875,-0.25634765625,-0.244140625,-0.3173828125,-0.72021484375,-0.146484375,-0.390625,-0.37841796875,0.68359375,-0.2197265625,0.79345703125,-0.03662109375,0.3173828125,0.15869140625,-0.30517578125,-0.146484375,0.634765625,-0.35400390625,1.5380859375,-0.13427734375,1.06201171875,-0.9521484375,1.03759765625,-0.08544921875,4.0771484375,0.01220703125,0.10986328125,-0.28076171875,0.9033203125,-0.341796875,0.2685546875,-0.2685546875,0.18310546875,-0.1708984375,0.69580078125,-0.1953125,0.91552734375,-0.1220703125,0.01220703125,0.2685546875,1.23291015625,0.18310546875,4.052734375,0.09765625,1.84326171875,-0.64697265625,0.23193359375,0.048828125,0.8056640625,-0.01220703125,-1.74560546875,-0.32958984375,-0.6103515625,-0.2197265625,-0.42724609375,-0.09765625,-1.5625,-0.09765625,-0.634765625,0,-0.68359375,-0.52490234375,-0.5859375,-0.09765625,-0.03662109375,0.146484375,0.390625,-0.10986328125,-0.4638671875,-0.1220703125,-0.42724609375,-0.06103515625,4.43115234375,-0.0732421875,0.29296875,-0.15869140625,0.01220703125,-0.06103515625,-0.0244140625,-0.0732421875,0.13427734375,0.1220703125,6.38427734375,0.10986328125,3.38134765625,-0.0244140625,2.28271484375,-0.146484375,3.33251953125
1,-0.40283203125,-0.52490234375,-0.15869140625,-0.3662109375,0.13427734375,-0.439453125,-0.1220703125,-0.0732421875,-0.03662109375,-0.0244140625,-0.146484375,-0.91552734375,-0.3173828125,1.03759765625,-0.15869140625,-0.15869140625,-0.10986328125,-0.5615234375,-0.10986328125,-0.10986328125,0.048828125,0.8544921875,0.0244140625,-0.62255859375,-0.048828125,-0.341796875,-0.15869140625,-0.9765625,-0.30517578125,0.5859375,0.146484375,0.06103515625,-0.09765625,-0.3662109375,0.1708984375,-0.89111328125,-0.03662109375,-0.50048828125,-0.09765625,-0.76904296875,-0.1708984375,-0.23193359375,-0.3173828125,-0.72021484375,-0.20751953125,-0.390625,-0.29296875,0.6591796875,-0.30517578125,0.89111328125,-0.08544921875,0.341796875,0.15869140625,-0.25634765625,-0.1220703125,0.67138671875,-0.341796875,1.7822265625,-0.13427734375,1.220703125,-0.84228515625,1.06201171875,-0.20751953125,4.833984375,-0.01220703125,0.06103515625,-0.29296875,0.8056640625,-0.28076171875,0.23193359375,-0.2685546875,0.1708984375,-0.1220703125,0.8056640625,-0.13427734375,0.9033203125,-0.0732421875,0,0.30517578125,1.25732421875,0.06103515625,4.8583984375,0,2.16064453125,-0.5615234375,0.439453125,0.09765625,1.06201171875,0.03662109375,-1.81884765625,-0.32958984375,-0.634765625,-0.1220703125,-0.7080078125,-0.09765625,-1.62353515625,-0.18310546875,-0.64697265625,0.048828125,-0.67138671875,-0.4638671875,-0.59814453125,-0.146484375,-0.06103515625,0.13427734375,0.15869140625,-0.1220703125,-0.69580078125,-0.08544921875,-0.57373046875,-0.03662109375,3.5400390625,-0.0732421875,0.30517578125,-0.18310546875,0.01220703125,-0.0732421875,-0.01220703125,-0.0732421875,0.146484375,0.146484375,7.55615234375,0.10986328125,3.8330078125,0,2.69775390625,-0.146484375,4.0283203125
1,-0.439453125,-0.5126953125,-0.13427734375,-0.37841796875,0.146484375,-0.439453125,-0.10986328125,-0.0732421875,-0.06103515625,-0.0244140625,-0.146484375,-0.89111328125,-0.30517578125,1.025390625,-0.1220703125,-0.1708984375,-0.1220703125,-0.54931640625,-0.09765625,-0.08544921875,0.03662109375,0.86669921875,0.048828125,-0.634765625,-0.048828125,-0.3173828125,-0.1220703125,-0.9521484375,-0.2685546875,0.62255859375,0.1953125,0.0732421875,-0.09765625,-0.4150390625,0.08544921875,-0.89111328125,-0.0244140625,-0.5126953125,-0.1220703125,-0.8056640625,-0.146484375,-0.23193359375,-0.244140625,-0.7080078125,-0.20751953125,-0.40283203125,-0.32958984375,0.64697265625,-0.3173828125,1.03759765625,-0.0732421875,0.40283203125,0.1708984375,-0.20751953125,-0.048828125,0.72021484375,-0.37841796875,2.01416015625,-0.15869140625,1.3671875,-0.76904296875,1.08642578125,-0.18310546875,5.60302734375,-0.048828125,0,-0.4150390625,0.732421875,-0.244140625,0.1953125,-0.37841796875,0.13427734375,-0.09765625,0.9033203125,-0.08544921875,0.89111328125,-0.03662109375,-0.01220703125,0.35400390625,1.26953125,-0.048828125,5.517578125,-0.0244140625,2.4658203125,-0.4150390625,0.62255859375,0.13427734375,1.25732421875,0.048828125,-1.85546875,-0.35400390625,-0.634765625,-0.01220703125,-0.84228515625,-0.0732421875,-1.67236328125,-0.23193359375,-0.67138671875,0.048828125,-0.6591796875,-0.35400390625,-0.62255859375,-0.1708984375,-0.048828125,0.09765625,-0.10986328125,-0.146484375,-0.96435546875,-0.01220703125,-0.7568359375,0,2.5146484375,-0.03662109375,0.29296875,-0.146484375,0.01220703125,-0.0732421875,-0.0244140625,-0.06103515625,0.13427734375,0.03662109375,8.544921875,0.10986328125,4.1748046875,-0.0244140625,3.02734375,-0.18310546875,4.60205078125
1,-0.42724609375,-0.47607421875,-0.1220703125,-0.37841796875,0.146484375,-0.4638671875,-0.08544921875,-0.0732421875,-0.0732421875,-0.01220703125,-0.146484375,-0.91552734375,-0.25634765625,1.03759765625,-0.1220703125,-0.1708984375,-0.13427734375,-0.537109375,-0.03662109375,-0.10986328125,0.0732421875,0.86669921875,0.1220703125,-0.64697265625,-0.09765625,-0.30517578125,-0.1220703125,-0.927734375,-0.20751953125,0.634765625,0.18310546875,0.0732421875,-0.0732421875,-0.50048828125,-0.09765625,-0.9033203125,0,-0.50048828125,-0.146484375,-0.830078125,-0.10986328125,-0.2197265625,-0.15869140625,-0.72021484375,-0.146484375,-0.4150390625,-0.29296875,0.64697265625,-0.32958984375,1.15966796875,-0.0732421875,0.45166015625,0.20751953125,-0.13427734375,0.03662109375,0.74462890625,-0.341796875,2.23388671875,-0.146484375,1.47705078125,-0.732421875,1.1474609375,-0.2197265625,6.28662109375,-0.0732421875,0,-0.40283203125,0.68359375,-0.1708984375,0.15869140625,-0.4150390625,0.146484375,-0.03662109375,0.96435546875,-0.01220703125,0.9033203125,-0.01220703125,-0.0244140625,0.32958984375,1.25732421875,-0.1220703125,5.9814453125,-0.06103515625,2.685546875,-0.23193359375,0.76904296875,0.1953125,1.3916015625,0.06103515625,-1.81884765625,-0.35400390625,-0.62255859375,0.01220703125,-0.9033203125,-0.0244140625,-1.66015625,-0.25634765625,-0.69580078125,0.048828125,-0.634765625,-0.25634765625,-0.634765625,-0.15869140625,-0.03662109375,0.09765625,-0.37841796875,-0.15869140625,-1.20849609375,0.06103515625,-0.98876953125,0.06103515625,1.42822265625,-0.03662109375,0.29296875,-0.146484375,0,-0.0732421875,-0.01220703125,-0.03662109375,0.1220703125,0.048828125,9.28955078125,0.13427734375,4.39453125,0.01220703125,3.23486328125,-0.1708984375,4.931640625
1,-0.4150390625,-0.439453125,-0.13427734375,-0.390625,0.13427734375,-0.45166015625,-0.03662109375,-0.08544921875,-0.08544921875,-0.06103515625,-0.13427734375,-0.91552734375,-0.25634765625,1.03759765625,-0.1220703125,-0.18310546875,-0.1953125,-0.537109375,0.06103515625,-0.1220703125,0.08544921875,0.86669921875,0.18310546875,-0.634765625,-0.09765625,-0.29296875,-0.10986328125,-0.9521484375,-0.1708984375,0.6591796875,0.13427734375,0.08544921875,-0.0244140625,-0.59814453125,-0.23193359375,-0.89111328125,0.03662109375,-0.52490234375,-0.18310546875,-0.86669921875,-0.09765625,-0.1953125,-0.06103515625,-0.72021484375,-0.13427734375,-0.439453125,-0.29296875,0.634765625,-0.2685546875,1.25732421875,-0.1220703125,0.48828125,0.13427734375,-0.10986328125,0.09765625,0.79345703125,-0.29296875,2.40478515625,-0.146484375,1.5625,-0.7080078125,1.23291015625,-0.3173828125,6.82373046875,-0.0732421875,0.0244140625,-0.341796875,0.7080078125,-0.06103515625,0.15869140625,-0.40283203125,0.15869140625,-0.03662109375,1.0009765625,0.048828125,0.87890625,0.048828125,-0.048828125,0.29296875,1.26953125,-0.1708984375,6.298828125,-0.048828125,2.84423828125,-0.048828125,0.84228515625,0.2197265625,1.4892578125,0.048828125,-1.81884765625,-0.37841796875,-0.59814453125,0,-0.927734375,-0.0244140625,-1.62353515625,-0.25634765625,-0.732421875,0.0732421875,-0.6591796875,-0.23193359375,-0.634765625,-0.10986328125,-0.048828125,0.1220703125,-0.62255859375,-0.1708984375,-1.45263671875,0.146484375,-1.18408203125,0.13427734375,0.54931640625,-0.048828125,0.3173828125,-0.15869140625,0,-0.06103515625,-0.0244140625,-0.03662109375,0.1220703125,0.01220703125,9.72900390625,0.09765625,4.47998046875,-0.01220703125,3.2958984375,-0.20751953125,5.11474609375
1,-0.390625,-0.37841796875,-0.1220703125,-0.390625,0.15869140625,-0.4638671875,-0.03662109375,-0.09765625,-0.10986328125,-0.06103515625,-0.1220703125,-0.927734375,-0.23193359375,1.03759765625,-0.15869140625,-0.18310546875,-0.20751953125,-0.57373046875,0.13427734375,-0.10986328125,0.08544921875,0.87890625,0.23193359375,-0.62255859375,-0.09765625,-0.28076171875,-0.1220703125,-0.9521484375,-0.09765625,0.6591796875,0,0.09765625,0.03662109375,-0.69580078125,-0.35400390625,-0.9033203125,0.06103515625,-0.537109375,-0.2197265625,-0.89111328125,-0.13427734375,-0.18310546875,0.01220703125,-0.7080078125,-0.03662109375,-0.45166015625,-0.32958984375,0.6591796875,-0.1708984375,1.30615234375,-0.18310546875,0.52490234375,0.13427734375,-0.10986328125,0.23193359375,0.79345703125,-0.244140625,2.4658203125,-0.15869140625,1.611328125,-0.7080078125,1.318359375,-0.244140625,7.21435546875,-0.1220703125,0.06103515625,-0.48828125,0.7568359375,-0.048828125,0.18310546875,-0.48828125,0.18310546875,-0.10986328125,1.0009765625,0.09765625,0.86669921875,0.048828125,-0.06103515625,0.244140625,1.26953125,-0.2197265625,6.43310546875,-0.0244140625,2.9296875,0.13427734375,0.89111328125,0.1953125,1.513671875,-0.01220703125,-1.79443359375,-0.390625,-0.5859375,-0.048828125,-0.89111328125,-0.048828125,-1.59912109375,-0.18310546875,-0.732421875,0.048828125,-0.68359375,-0.15869140625,-0.59814453125,-0.0732421875,-0.03662109375,0.146484375,-0.76904296875,-0.18310546875,-1.611328125,0.1708984375,-1.2939453125,0.146484375,-0.06103515625,-0.048828125,0.30517578125,-0.15869140625,0,-0.0732421875,-0.03662109375,-0.03662109375,0.146484375,0.06103515625,9.89990234375,0.10986328125,4.443359375,-0.01220703125,3.271484375,-0.1953125,5.11474609375
0,-0.32958984375,-0.341796875,-0.13427734375,-0.37841796875,0.15869140625,-0.47607421875,-0.03662109375,-0.09765625,-0.146484375,-0.06103515625,-0.1220703125,-0.93994140625,-0.2197265625,1.03759765625,-0.18310546875,-0.1708984375,-0.20751953125,-0.5859375,0.15869140625,-0.13427734375,0.13427734375,0.9033203125,0.23193359375,-0.634765625,-0.048828125,-0.2685546875,-0.1220703125,-0.927734375,-0.048828125,0.6591796875,-0.0244140625,0.10986328125,0.1220703125,-0.74462890625,-0.341796875,-0.9033203125,0.0732421875,-0.537109375,-0.2685546875,-0.87890625,-0.20751953125,-0.15869140625,0.03662109375,-0.72021484375,-0.03662109375,-0.47607421875,-0.37841796875,0.64697265625,-0.15869140625,1.2939453125,-0.244140625,0.54931640625,0.08544921875,-0.146484375,0.29296875,0.78125,-0.1953125,2.4658203125,-0.18310546875,1.59912109375,-0.634765625,1.40380859375,-0.0732421875,7.4462890625,-0.10986328125,0.0732421875,-0.42724609375,0.830078125,0,0.20751953125,-0.439453125,0.20751953125,-0.1708984375,0.98876953125,0.146484375,0.89111328125,0.01220703125,-0.06103515625,0.15869140625,1.26953125,-0.28076171875,6.43310546875,0.01220703125,2.94189453125,0.244140625,0.87890625,0.146484375,1.513671875,0,-1.7822265625,-0.37841796875,-0.5859375,-0.13427734375,-0.86669921875,-0.03662109375,-1.5380859375,-0.13427734375,-0.72021484375,0.01220703125,-0.68359375,-0.15869140625,-0.6103515625,0,-0.06103515625,0.15869140625,-0.84228515625,-0.1953125,-1.67236328125,0.146484375,-1.3427734375,0.2197265625,-0.25634765625,-0.03662109375,0.30517578125,-0.13427734375,0,-0.0732421875,-0.048828125,-0.06103515625,0.15869140625,0.01220703125,9.80224609375,0.146484375,4.33349609375,0,3.13720703125,-0.18310546875,4.96826171875
0,-0.30517578125,-0.30517578125,-0.146484375,-0.37841796875,0.15869140625,-0.45166015625,-0.048828125,-0.09765625,-0.15869140625,-0.048828125,-0.0732421875,-0.927734375,-0.20751953125,1.0498046875,-0.18310546875,-0.146484375,-0.18310546875,-0.6103515625,0.18310546875,-0.13427734375,0.09765625,0.9033203125,0.18310546875,-0.6103515625,-0.0244140625,-0.25634765625,-0.08544921875,-0.9521484375,0.06103515625,0.6591796875,-0.0732421875,0.10986328125,0.15869140625,-0.78125,-0.40283203125,-0.9033203125,0.13427734375,-0.50048828125,-0.2685546875,-0.87890625,-0.2685546875,-0.18310546875,0.03662109375,-0.72021484375,-0.03662109375,-0.4638671875,-0.40283203125,0.6591796875,-0.13427734375,1.25732421875,-0.30517578125,0.537109375,0.06103515625,-0.18310546875,0.35400390625,0.7568359375,-0.1708984375,2.4169921875,-0.1953125,1.5869140625,-0.57373046875,1.45263671875,-0.1220703125,7.4951171875,-0.06103515625,0.1220703125,-0.37841796875,0.91552734375,0,0.2197265625,-0.390625,0.2197265625,-0.2197265625,0.96435546875,0.15869140625,0.8544921875,-0.01220703125,-0.06103515625,0.08544921875,1.26953125,-0.341796875,6.25,0.0732421875,2.880859375,0.2685546875,0.830078125,0.10986328125,1.4404296875,0.0244140625,-1.7578125,-0.37841796875,-0.57373046875,-0.28076171875,-0.8056640625,-0.06103515625,-1.52587890625,-0.08544921875,-0.732421875,-0.0244140625,-0.68359375,-0.20751953125,-0.634765625,0.048828125,-0.048828125,0.1708984375,-0.78125,-0.1953125,-1.611328125,0.09765625,-1.318359375,0.1953125,-0.048828125,-0.03662109375,0.3173828125,-0.146484375,0.01220703125,-0.08544921875,-0.0732421875,-0.0732421875,0.1708984375,-0.09765625,9.47265625,0.15869140625,4.16259765625,0,3.0029296875,-0.1953125,4.74853515625
0,-0.244140625,-0.28076171875,-0.13427734375,-0.35400390625,0.13427734375,-0.42724609375,-0.08544921875,-0.0732421875,-0.20751953125,-0.048828125,-0.06103515625,-0.91552734375,-0.18310546875,1.07421875,-0.18310546875,-0.1220703125,-0.146484375,-0.62255859375,0.146484375,-0.13427734375,0.048828125,0.91552734375,0.10986328125,-0.59814453125,0.0244140625,-0.23193359375,-0.09765625,-0.91552734375,0.1220703125,0.6591796875,-0.06103515625,0.1220703125,0.146484375,-0.74462890625,-0.45166015625,-0.89111328125,0.15869140625,-0.4638671875,-0.25634765625,-0.84228515625,-0.3662109375,-0.18310546875,0.01220703125,-0.72021484375,-0.048828125,-0.439453125,-0.40283203125,0.634765625,-0.1220703125,1.18408203125,-0.2685546875,0.5126953125,0.048828125,-0.20751953125,0.40283203125,0.7568359375,-0.1220703125,2.3681640625,-0.1953125,1.5625,-0.47607421875,1.52587890625,-0.048828125,7.40966796875,-0.01220703125,0.146484375,-0.30517578125,1.01318359375,0,0.2685546875,-0.29296875,0.244140625,-0.23193359375,0.93994140625,0.146484375,0.87890625,-0.0244140625,-0.06103515625,0.0732421875,1.25732421875,-0.3662109375,5.9326171875,0.1220703125,2.74658203125,0.23193359375,0.732421875,0.048828125,1.2939453125,0.048828125,-1.74560546875,-0.341796875,-0.5859375,-0.390625,-0.78125,-0.09765625,-1.52587890625,-0.03662109375,-0.72021484375,-0.06103515625,-0.6591796875,-0.29296875,-0.6591796875,0.08544921875,-0.03662109375,0.1220703125,-0.59814453125,-0.1953125,-1.47705078125,0.03662109375,-1.171875,0.18310546875,0.6103515625,-0.048828125,0.32958984375,-0.15869140625,0.01220703125,-0.08544921875,-0.09765625,-0.06103515625,0.20751953125,-0.1220703125,9.0087890625,0.13427734375,3.96728515625,0,2.83203125,-0.15869140625,4.47998046875
0,-0.2197265625,-0.28076171875,-0.13427734375,-0.35400390625,0.1220703125,-0.42724609375,-0.09765625,-0.048828125,-0.23193359375,-0.048828125,-0.03662109375,-0.9033203125,-0.15869140625,1.07421875,-0.15869140625,-0.146484375,-0.13427734375,-0.6103515625,0.09765625,-0.1220703125,0.01220703125,0.91552734375,0.06103515625,-0.6103515625,0.048828125,-0.2197265625,-0.0732421875,-0.91552734375,0.0732421875,0.68359375,0.01220703125,0.1220703125,0.09765625,-0.67138671875,-0.3662109375,-0.86669921875,0.2197265625,-0.4638671875,-0.28076171875,-0.79345703125,-0.35400390625,-0.1953125,-0.01220703125,-0.72021484375,-0.06103515625,-0.42724609375,-0.42724609375,0.6103515625,-0.1708984375,1.1474609375,-0.2197265625,0.50048828125,-0.048828125,-0.25634765625,0.35400390625,0.74462890625,-0.10986328125,2.25830078125,-0.1220703125,1.50146484375,-0.439453125,1.55029296875,-0.048828125,7.16552734375,0.03662109375,0.18310546875,-0.1708984375,1.03759765625,-0.0244140625,0.2685546875,-0.23193359375,0.244140625,-0.15869140625,0.86669921875,0.1953125,0.87890625,-0.08544921875,-0.0732421875,0.03662109375,1.2451171875,-0.3662109375,5.43212890625,0.18310546875,2.52685546875,0.146484375,0.6103515625,0.06103515625,1.123046875,0.10986328125,-1.7578125,-0.30517578125,-0.57373046875,-0.4638671875,-0.7568359375,-0.048828125,-1.513671875,0,-0.732421875,-0.03662109375,-0.6591796875,-0.37841796875,-0.69580078125,0.09765625,-0.03662109375,0.06103515625,-0.32958984375,-0.1953125,-1.23291015625,-0.0244140625,-0.9765625,0.20751953125,1.5869140625,-0.06103515625,0.341796875,-0.18310546875,-0.01220703125,-0.0732421875,-0.1220703125,-0.048828125,0.2197265625,-0.146484375,8.43505859375,0.10986328125,3.79638671875,0,2.685546875,-0.15869140625,4.248046875
0,-0.18310546875,-0.2685546875,-0.1220703125,-0.35400390625,0.13427734375,-0.439453125,-0.13427734375,-0.0732421875,-0.25634765625,-0.06103515625,-0.0244140625,-0.927734375,-0.146484375,1.08642578125,-0.1708984375,-0.15869140625,-0.08544921875,-0.59814453125,0.06103515625,-0.13427734375,-0.1220703125,0.93994140625,0.03662109375,-0.6103515625,0.048828125,-0.1953125,-0.0732421875,-0.91552734375,0.146484375,0.69580078125,0.0732421875,0.13427734375,0.08544921875,-0.634765625,-0.341796875,-0.86669921875,0.23193359375,-0.439453125,-0.29296875,-0.78125,-0.2685546875,-0.20751953125,-0.03662109375,-0.72021484375,-0.06103515625,-0.42724609375,-0.37841796875,0.5615234375,-0.18310546875,1.123046875,-0.1220703125,0.50048828125,-0.06103515625,-0.23193359375,0.32958984375,0.76904296875,-0.13427734375,2.197265625,-0.0732421875,1.45263671875,-0.4150390625,1.55029296875,-0.03662109375,6.79931640625,0.06103515625,0.18310546875,-0.03662109375,1.07421875,-0.06103515625,0.25634765625,-0.1708984375,0.244140625,-0.10986328125,0.830078125,0.20751953125,0.84228515625,-0.13427734375,-0.06103515625,-0.01220703125,1.2451171875,-0.32958984375,4.82177734375,0.20751953125,2.2216796875,0.03662109375,0.4150390625,0.048828125,0.91552734375,0.1220703125,-1.74560546875,-0.25634765625,-0.5859375,-0.48828125,-0.74462890625,-0.0244140625,-1.52587890625,0.03662109375,-0.72021484375,0,-0.68359375,-0.42724609375,-0.68359375,0.09765625,-0.03662109375,0.06103515625,-0.01220703125,-0.146484375,-0.91552734375,-0.0732421875,-0.732421875,0.1220703125,2.7587890625,-0.03662109375,0.32958984375,-0.18310546875,-0.0244140625,-0.0732421875,-0.13427734375,-0.048828125,0.20751953125,-0.1953125,7.8369140625,0.09765625,3.61328125,-0.03662109375,2.52685546875,-0.13427734375,3.99169921875
0,-0.146484375,-0.30517578125,-0.08544921875,-0.3662109375,0.1708984375,-0.439453125,-0.15869140625,-0.08544921875,-0.28076171875,-0.048828125,-0.0244140625,-0.91552734375,-0.15869140625,1.07421875,-0.18310546875,-0.1708984375,-0.0732421875,-0.59814453125,0.0244140625,-0.13427734375,-0.2197265625,0.927734375,0.01220703125,-0.6103515625,0,-0.18310546875,-0.0732421875,-0.91552734375,0.06103515625,0.72021484375,0.15869140625,0.146484375,0.03662109375,-0.5859375,-0.37841796875,-0.87890625,0.23193359375,-0.439453125,-0.29296875,-0.7568359375,-0.1708984375,-0.2197265625,-0.10986328125,-0.72021484375,-0.01220703125,-0.40283203125,-0.37841796875,0.54931640625,-0.25634765625,1.13525390625,-0.0244140625,0.5126953125,-0.08544921875,-0.20751953125,0.3173828125,0.79345703125,-0.18310546875,2.08740234375,-0.0244140625,1.40380859375,-0.341796875,1.513671875,-0.03662109375,6.396484375,0,0.18310546875,0.18310546875,1.07421875,-0.09765625,0.244140625,-0.0732421875,0.2197265625,0.01220703125,0.7568359375,0.1708984375,0.830078125,-0.15869140625,-0.048828125,-0.0244140625,1.23291015625,-0.2685546875,4.08935546875,0.2197265625,1.86767578125,-0.03662109375,0.1953125,0.048828125,0.67138671875,0.13427734375,-1.77001953125,-0.1953125,-0.62255859375,-0.4638671875,-0.7080078125,0.03662109375,-1.55029296875,0.0732421875,-0.72021484375,0.01220703125,-0.67138671875,-0.4638671875,-0.67138671875,0.06103515625,-0.0244140625,0.0244140625,0.341796875,-0.13427734375,-0.57373046875,-0.1220703125,-0.439453125,0.0732421875,4.04052734375,-0.01220703125,0.341796875,-0.18310546875,-0.03662109375,-0.08544921875,-0.13427734375,-0.03662109375,0.20751953125,-0.09765625,7.2265625,0.03662109375,3.50341796875,-0.048828125,2.392578125,-0.10986328125,3.7841796875
0,-0.10986328125,-0.3173828125,-0.10986328125,-0.3662109375,0.1708984375,-0.45166015625,-0.18310546875,-0.09765625,-0.28076171875,-0.06103515625,-0.0244140625,-0.91552734375,-0.15869140625,1.08642578125,-0.1708984375,-0.18310546875,-0.0732421875,-0.5859375,0,-0.1220703125,-0.30517578125,0.91552734375,0.0244140625,-0.62255859375,-0.03662109375,-0.1953125,-0.048828125,-0.9033203125,0.03662109375,0.732421875,0.15869140625,0.146484375,0.09765625,-0.5615234375,-0.20751953125,-0.89111328125,0.244140625,-0.439453125,-0.29296875,-0.8056640625,-0.03662109375,-0.1953125,-0.15869140625,-0.69580078125,0.01220703125,-0.4150390625,-0.42724609375,0.5126953125,-0.35400390625,1.15966796875,0.01220703125,0.537109375,-0.15869140625,-0.1708984375,0.2197265625,0.81787109375,-0.23193359375,1.98974609375,0.0244140625,1.33056640625,-0.35400390625,1.45263671875,0,5.94482421875,-0.08544921875,0.18310546875,0.32958984375,1.06201171875,-0.146484375,0.244140625,-0.03662109375,0.1953125,0.08544921875,0.69580078125,0.08544921875,0.79345703125,-0.20751953125,-0.048828125,-0.048828125,1.25732421875,-0.1953125,3.2470703125,0.23193359375,1.47705078125,-0.09765625,-0.0244140625,0.048828125,0.40283203125,0.09765625,-1.77001953125,-0.13427734375,-0.5859375,-0.37841796875,-0.67138671875,0.08544921875,-1.55029296875,0.0732421875,-0.7080078125,0.0244140625,-0.69580078125,-0.52490234375,-0.634765625,0,-0.048828125,0.01220703125,0.69580078125,-0.0732421875,-0.20751953125,-0.18310546875,-0.18310546875,0.06103515625,5.28564453125,-0.01220703125,0.35400390625,-0.1708984375,-0.048828125,-0.08544921875,-0.1220703125,-0.048828125,0.18310546875,-0.10986328125,6.6650390625,0.03662109375,3.38134765625,-0.048828125,2.2705078125,-0.08544921875,3.5888671875
0,-0.048828125,-0.341796875,-0.08544921875,-0.37841796875,0.146484375,-0.45166015625,-0.2197265625,-0.08544921875,-0.30517578125,-0.03662109375,-0.0244140625,-0.89111328125,-0.1708984375,1.0986328125,-0.18310546875,-0.1953125,-0.13427734375,-0.5859375,0,-0.10986328125,-0.390625,0.89111328125,0.0732421875,-0.634765625,-0.09765625,-0.23193359375,-0.0732421875,-0.91552734375,0,0.72021484375,0.13427734375,0.13427734375,0.09765625,-0.59814453125,-0.1708984375,-0.89111328125,0.244140625,-0.47607421875,-0.2685546875,-0.81787109375,0.01220703125,-0.20751953125,-0.15869140625,-0.69580078125,0.06103515625,-0.40283203125,-0.4150390625,0.537109375,-0.37841796875,1.23291015625,0.06103515625,0.57373046875,-0.15869140625,-0.1220703125,0.1708984375,0.84228515625,-0.23193359375,1.904296875,0.0244140625,1.25732421875,-0.29296875,1.37939453125,0.01220703125,5.50537109375,-0.13427734375,0.1708984375,0.439453125,1.01318359375,-0.09765625,0.2197265625,0.01220703125,0.2197265625,0.10986328125,0.6591796875,-0.01220703125,0.76904296875,-0.244140625,-0.048828125,-0.06103515625,1.2451171875,-0.15869140625,2.33154296875,0.18310546875,1.06201171875,-0.15869140625,-0.2685546875,-0.0244140625,0.1220703125,0.01220703125,-1.7578125,-0.0732421875,-0.5615234375,-0.20751953125,-0.67138671875,0.06103515625,-1.5380859375,0.048828125,-0.69580078125,0.01220703125,-0.68359375,-0.54931640625,-0.6103515625,-0.09765625,-0.0244140625,0.03662109375,1.025390625,-0.06103515625,0.10986328125,-0.20751953125,0.09765625,-0.06103515625,6.38427734375,0.01220703125,0.341796875,-0.1708984375,-0.048828125,-0.0732421875,-0.1220703125,-0.048828125,0.18310546875,-0.146484375,6.16455078125,0.01220703125,3.2958984375,-0.048828125,2.11181640625,-0.08544921875,3.40576171875
0,0,-0.390625,-0.09765625,-0.390625,0.13427734375,-0.4638671875,-0.23193359375,-0.08544921875,-0.30517578125,-0.03662109375,-0.06103515625,-0.89111328125,-0.1708984375,1.07421875,-0.15869140625,-0.18310546875,-0.20751953125,-0.5615234375,0.0244140625,-0.08544921875,-0.40283203125,0.87890625,0.146484375,-0.6591796875,-0.1708984375,-0.2685546875,-0.0732421875,-0.93994140625,0.0244140625,0.732421875,0.10986328125,0.10986328125,0.13427734375,-0.6591796875,-0.10986328125,-0.86669921875,0.2197265625,-0.50048828125,-0.23193359375,-0.8544921875,-0.01220703125,-0.2197265625,-0.1220703125,-0.68359375,0.15869140625,-0.4150390625,-0.439453125,0.537109375,-0.4150390625,1.318359375,0.09765625,0.59814453125,-0.1708984375,-0.0732421875,0.146484375,0.86669921875,-0.244140625,1.84326171875,0.048828125,1.1962890625,-0.23193359375,1.2939453125,0.15869140625,5.11474609375,-0.146484375,0.1708984375,0.35400390625,0.98876953125,-0.06103515625,0.20751953125,0,0.23193359375,0.1220703125,0.62255859375,-0.06103515625,0.78125,-0.2197265625,-0.0732421875,0,1.25732421875,-0.146484375,1.3916015625,0.1708984375,0.62255859375,-0.1953125,-0.50048828125,-0.048828125,-0.13427734375,0.01220703125,-1.74560546875,-0.0732421875,-0.5615234375,-0.146484375,-0.6591796875,0.08544921875,-1.50146484375,-0.01220703125,-0.7080078125,-0.03662109375,-0.68359375,-0.5859375,-0.59814453125,-0.1708984375,-0.03662109375,0.0244140625,1.30615234375,-0.03662109375,0.3662109375,-0.2197265625,0.28076171875,-0.13427734375,7.26318359375,0.01220703125,0.32958984375,-0.18310546875,-0.048828125,-0.08544921875,-0.10986328125,-0.048828125,0.1708984375,-0.1708984375,5.7373046875,0,3.173828125,-0.0732421875,1.94091796875,-0.08544921875,3.21044921875
0,0.01220703125,-0.40283203125,-0.13427734375,-0.3662109375,0.1220703125,-0.47607421875,-0.2197265625,-0.08544921875,-0.30517578125,-0.0244140625,-0.06103515625,-0.89111328125,-0.15869140625,1.06201171875,-0.146484375,-0.15869140625,-0.30517578125,-0.5615234375,0.0244140625,-0.08544921875,-0.40283203125,0.89111328125,0.18310546875,-0.67138671875,-0.244140625,-0.29296875,-0.08544921875,-0.9521484375,0.06103515625,0.8056640625,0.06103515625,0.09765625,0.1953125,-0.74462890625,-0.09765625,-0.830078125,0.23193359375,-0.54931640625,-0.23193359375,-0.89111328125,0.0244140625,-0.1953125,-0.09765625,-0.68359375,0.25634765625,-0.439453125,-0.4638671875,0.54931640625,-0.390625,1.37939453125,0.146484375,0.6103515625,-0.1953125,-0.0732421875,0.09765625,0.8544921875,-0.20751953125,1.7822265625,0.01220703125,1.13525390625,-0.244140625,1.20849609375,0.15869140625,4.833984375,-0.09765625,0.18310546875,0.42724609375,0.96435546875,0.01220703125,0.2197265625,0.01220703125,0.23193359375,0.10986328125,0.59814453125,-0.146484375,0.74462890625,-0.1953125,-0.06103515625,0,1.25732421875,-0.13427734375,0.48828125,0.13427734375,0.23193359375,-0.2197265625,-0.7080078125,-0.10986328125,-0.40283203125,0.01220703125,-1.72119140625,-0.06103515625,-0.5126953125,-0.03662109375,-0.634765625,0.08544921875,-1.4892578125,-0.08544921875,-0.7080078125,-0.0732421875,-0.69580078125,-0.537109375,-0.59814453125,-0.20751953125,-0.03662109375,0.06103515625,1.513671875,0.01220703125,0.57373046875,-0.1953125,0.40283203125,-0.1708984375,7.9345703125,0.0244140625,0.30517578125,-0.1708984375,-0.03662109375,-0.0732421875,-0.0732421875,-0.0244140625,0.146484375,-0.1953125,5.37109375,0.01220703125,3.02734375,-0.06103515625,1.79443359375,-0.08544921875,3.02734375
0,0.06103515625,-0.4150390625,-0.13427734375,-0.3662109375,0.10986328125,-0.439453125,-0.18310546875,-0.0732421875,-0.3173828125,-0.0244140625,-0.048828125,-0.89111328125,-0.1708984375,1.03759765625,-0.1220703125,-0.146484375,-0.35400390625,-0.54931640625,0.06103515625,-0.09765625,-0.3662109375,0.87890625,0.18310546875,-0.64697265625,-0.29296875,-0.30517578125,-0.13427734375,-0.9765625,0.0244140625,0.91552734375,0,0.08544921875,0.1708984375,-0.78125,-0.08544921875,-0.732421875,0.23193359375,-0.5615234375,-0.2197265625,-0.9033203125,-0.0244140625,-0.1953125,-0.06103515625,-0.68359375,0.32958984375,-0.439453125,-0.439453125,0.57373046875,-0.341796875,1.3916015625,0.13427734375,0.59814453125,-0.15869140625,-0.08544921875,0.01220703125,0.84228515625,-0.1220703125,1.74560546875,0.01220703125,1.08642578125,-0.29296875,1.13525390625,0.1708984375,4.6142578125,-0.06103515625,0.18310546875,0.4638671875,0.96435546875,0.06103515625,0.23193359375,-0.0244140625,0.244140625,0.146484375,0.59814453125,-0.1953125,0.76904296875,-0.09765625,-0.0732421875,0,1.26953125,-0.146484375,-0.341796875,0.0732421875,-0.13427734375,-0.2197265625,-0.89111328125,-0.1220703125,-0.64697265625,0,-1.708984375,-0.09765625,-0.48828125,0.06103515625,-0.64697265625,0.01220703125,-1.45263671875,-0.1708984375,-0.69580078125,-0.09765625,-0.68359375,-0.52490234375,-0.57373046875,-0.1953125,-0.048828125,0.146484375,1.67236328125,0.03662109375,0.732421875,-0.146484375,0.5126953125,-0.20751953125,8.36181640625,0.06103515625,0.29296875,-0.1708984375,-0.048828125,-0.08544921875,-0.06103515625,0,0.15869140625,-0.20751953125,5.0537109375,0.01220703125,2.9052734375,-0.0732421875,1.611328125,-0.09765625,2.79541015625
0,0.09765625,-0.439453125,-0.1220703125,-0.341796875,0.13427734375,-0.45166015625,-0.15869140625,-0.0732421875,-0.32958984375,-0.03662109375,-0.03662109375,-0.89111328125,-0.15869140625,1.03759765625,-0.09765625,-0.13427734375,-0.390625,-0.57373046875,0.048828125,-0.09765625,-0.25634765625,0.87890625,0.1708984375,-0.634765625,-0.29296875,-0.30517578125,-0.1220703125,-0.9521484375,0.01220703125,1.11083984375,-0.048828125,0.09765625,0.20751953125,-0.8056640625,-0.13427734375,-0.537109375,0.244140625,-0.54931640625,-0.244140625,-0.87890625,-0.06103515625,-0.20751953125,-0.0244140625,-0.67138671875,0.341796875,-0.45166015625,-0.4638671875,0.6103515625,-0.2685546875,1.3427734375,0.1220703125,0.59814453125,-0.146484375,-0.09765625,-0.0732421875,0.8056640625,-0.06103515625,1.708984375,0.01220703125,1.0498046875,-0.30517578125,1.0986328125,0.18310546875,4.47998046875,0,0.18310546875,0.37841796875,1.01318359375,0.09765625,0.25634765625,-0.03662109375,0.25634765625,0.146484375,0.59814453125,-0.20751953125,0.78125,-0.0244140625,-0.0732421875,-0.048828125,1.26953125,-0.1953125,-1.01318359375,0,-0.439453125,-0.23193359375,-1.025390625,-0.10986328125,-0.830078125,-0.03662109375,-1.67236328125,-0.15869140625,-0.4638671875,0.1708984375,-0.68359375,-0.01220703125,-1.42822265625,-0.2197265625,-0.69580078125,-0.0732421875,-0.69580078125,-0.439453125,-0.5615234375,-0.13427734375,-0.048828125,0.1953125,1.72119140625,0.09765625,0.8056640625,-0.10986328125,0.54931640625,-0.244140625,8.5693359375,0.06103515625,0.30517578125,-0.15869140625,-0.048828125,-0.08544921875,-0.048828125,-0.0244140625,0.146484375,-0.23193359375,4.79736328125,0.0244140625,2.7587890625,-0.048828125,1.4404296875,-0.10986328125,2.5390625
0,0.13427734375,-0.439453125,-0.146484375,-0.3662109375,0.13427734375,-0.45166015625,-0.1708984375,-0.0732421875,-0.35400390625,-0.048828125,-0.0244140625,-0.89111328125,-0.15869140625,1.0498046875,-0.10986328125,-0.13427734375,-0.3662109375,-0.59814453125,0.048828125,-0.10986328125,-0.15869140625,0.89111328125,0.13427734375,-0.6103515625,-0.29296875,-0.244140625,-0.146484375,-0.91552734375,-0.0732421875,1.42822265625,-0.09765625,0.1708984375,0.2197265625,-0.732421875,-0.1220703125,-0.3173828125,0.244140625,-0.50048828125,-0.28076171875,-0.8056640625,-0.09765625,-0.1953125,-0.0244140625,-0.68359375,0.29296875,-0.45166015625,-0.439453125,0.64697265625,-0.13427734375,1.2939453125,0.09765625,0.537109375,-0.0732421875,-0.13427734375,-0.2197265625,0.78125,0.01220703125,1.6845703125,0,1.025390625,-0.40283203125,1.06201171875,0.23193359375,4.39453125,0.0244140625,0.18310546875,0.390625,1.08642578125,0.10986328125,0.29296875,-0.0732421875,0.2685546875,0.1220703125,0.6103515625,-0.23193359375,0.78125,0,-0.06103515625,-0.09765625,1.28173828125,-0.23193359375,-1.55029296875,-0.09765625,-0.67138671875,-0.2685546875,-1.13525390625,-0.146484375,-1.0009765625,0.03662109375,-1.66015625,-0.18310546875,-0.439453125,0.35400390625,-0.72021484375,0,-1.40380859375,-0.2197265625,-0.68359375,-0.06103515625,-0.68359375,-0.439453125,-0.5859375,-0.03662109375,-0.06103515625,0.30517578125,1.7578125,0.146484375,0.81787109375,-0.08544921875,0.54931640625,-0.2197265625,8.59375,0.0732421875,0.28076171875,-0.1708984375,-0.048828125,-0.0732421875,-0.0244140625,-0.01220703125,0.1708984375,-0.2197265625,4.50439453125,0.0244140625,2.6123046875,-0.06103515625,1.2939453125,-0.1220703125,2.28271484375
1,0.18310546875,-0.4150390625,-0.15869140625,-0.3662109375,0.15869140625,-0.45166015625,-0.1953125,-0.08544921875,-0.3662109375,-0.0732421875,-0.01220703125,-0.86669921875,-0.13427734375,1.0498046875,-0.10986328125,-0.15869140625,-0.30517578125,-0.62255859375,-0.01220703125,-0.1220703125,-0.1220703125,0.87890625,0.09765625,-0.62255859375,-0.30517578125,-0.18310546875,-0.146484375,-0.8544921875,-0.0732421875,1.86767578125,-0.06103515625,0.25634765625,0.18310546875,-0.634765625,-0.048828125,0.0244140625,0.25634765625,-0.40283203125,-0.29296875,-0.7080078125,-0.13427734375,-0.20751953125,-0.048828125,-0.69580078125,0.244140625,-0.4638671875,-0.30517578125,0.6591796875,-0.06103515625,1.15966796875,0.0732421875,0.47607421875,-0.0244140625,-0.1953125,-0.29296875,0.7080078125,0.03662109375,1.6357421875,-0.048828125,0.98876953125,-0.439453125,1.01318359375,0.23193359375,4.30908203125,0.0732421875,0.20751953125,0.341796875,1.220703125,0.08544921875,0.3173828125,-0.048828125,0.3173828125,0.0732421875,0.6103515625,-0.25634765625,0.78125,0.06103515625,-0.03662109375,-0.15869140625,1.26953125,-0.29296875,-1.86767578125,-0.1953125,-0.79345703125,-0.2685546875,-1.1962890625,-0.08544921875,-1.0986328125,0.08544921875,-1.6357421875,-0.2197265625,-0.4638671875,0.42724609375,-0.732421875,-0.048828125,-1.3916015625,-0.2197265625,-0.68359375,-0.0244140625,-0.6591796875,-0.37841796875,-0.6103515625,0.09765625,-0.03662109375,0.37841796875,1.708984375,0.18310546875,0.79345703125,-0.048828125,0.50048828125,-0.1953125,8.41064453125,0.1220703125,0.29296875,-0.18310546875,-0.048828125,-0.0732421875,-0.048828125,-0.03662109375,0.1708984375,-0.2197265625,4.150390625,-0.0244140625,2.4169921875,-0.048828125,1.11083984375,-0.146484375,2.001953125
1,0.23193359375,-0.4150390625,-0.1953125,-0.35400390625,0.15869140625,-0.45166015625,-0.20751953125,-0.1220703125,-0.37841796875,-0.0732421875,0,-0.89111328125,-0.10986328125,1.03759765625,-0.09765625,-0.18310546875,-0.244140625,-0.6103515625,-0.0732421875,-0.146484375,-0.09765625,0.89111328125,0.048828125,-0.5859375,-0.28076171875,-0.03662109375,-0.15869140625,-0.7080078125,-0.146484375,2.45361328125,-0.0732421875,0.390625,0.146484375,-0.439453125,0.03662109375,0.439453125,0.25634765625,-0.29296875,-0.3173828125,-0.537109375,-0.18310546875,-0.1953125,-0.03662109375,-0.68359375,0.146484375,-0.4150390625,-0.28076171875,0.67138671875,-0.06103515625,1.08642578125,0.0732421875,0.439453125,0,-0.244140625,-0.30517578125,0.68359375,0.0732421875,1.611328125,-0.10986328125,0.9765625,-0.42724609375,1.025390625,0.1953125,4.16259765625,0.13427734375,0.28076171875,0.29296875,1.4404296875,0.048828125,0.40283203125,-0.048828125,0.35400390625,0.01220703125,0.5859375,-0.28076171875,0.78125,0.0732421875,-0.0244140625,-0.2197265625,1.26953125,-0.28076171875,-2.01416015625,-0.2197265625,-0.8544921875,-0.2197265625,-1.23291015625,-0.01220703125,-1.15966796875,0.08544921875,-1.64794921875,-0.25634765625,-0.45166015625,0.47607421875,-0.74462890625,-0.0732421875,-1.3671875,-0.1953125,-0.68359375,-0.01220703125,-0.6591796875,-0.32958984375,-0.62255859375,0.18310546875,-0.048828125,0.3662109375,1.611328125,0.2197265625,0.7080078125,0.01220703125,0.42724609375,-0.15869140625,8.0810546875,0.1220703125,0.3173828125,-0.1953125,-0.0244140625,-0.08544921875,-0.048828125,-0.048828125,0.18310546875,-0.0732421875,3.69873046875,-0.0244140625,2.24609375,-0.0244140625,0.927734375,-0.1220703125,1.69677734375
1,0.2197265625,-0.4150390625,-0.2197265625,-0.390625,0.09765625,-0.45166015625,-0.15869140625,-0.1220703125,-0.40283203125,-0.0732421875,0.01220703125,-0.89111328125,-0.1220703125,1.03759765625,-0.10986328125,-0.18310546875,-0.1708984375,-0.6103515625,-0.1220703125,-0.1220703125,-0.13427734375,0.9033203125,0.0244140625,-0.6103515625,-0.25634765625,0.10986328125,-0.1708984375,-0.5615234375,-0.146484375,3.125,-0.09765625,0.59814453125,0.08544921875,-0.2197265625,0.1220703125,0.9033203125,0.2685546875,-0.1708984375,-0.341796875,-0.3662109375,-0.244140625,-0.23193359375,0,-0.67138671875,0.03662109375,-0.4150390625,-0.20751953125,0.64697265625,-0.0732421875,1.0009765625,0.09765625,0.4150390625,0.06103515625,-0.2685546875,-0.35400390625,0.6591796875,0.1220703125,1.5625,-0.08544921875,0.96435546875,-0.42724609375,1.025390625,0.32958984375,3.89404296875,0.15869140625,0.3662109375,0.23193359375,1.7333984375,0,0.4638671875,-0.048828125,0.4150390625,-0.06103515625,0.54931640625,-0.28076171875,0.8056640625,0.0732421875,0.01220703125,-0.20751953125,1.2451171875,-0.29296875,-1.96533203125,-0.244140625,-0.830078125,-0.15869140625,-1.23291015625,-0.01220703125,-1.13525390625,0.15869140625,-1.6357421875,-0.2197265625,-0.47607421875,0.5615234375,-0.7080078125,-0.0732421875,-1.3671875,-0.1708984375,-0.68359375,-0.01220703125,-0.6591796875,-0.341796875,-0.64697265625,0.25634765625,-0.06103515625,0.3662109375,1.42822265625,0.2197265625,0.5615234375,0.0244140625,0.29296875,-0.1220703125,7.55615234375,0.146484375,0.3173828125,-0.20751953125,-0.03662109375,-0.0732421875,-0.06103515625,-0.0244140625,0.18310546875,0.0244140625,3.13720703125,0,2.0263671875,0.048828125,0.72021484375,-0.10986328125,1.3916015625
1,0.28076171875,-0.390625,-0.20751953125,-0.390625,0.10986328125,-0.45166015625,-0.15869140625,-0.08544921875,-0.40283203125,-0.0732421875,0,-0.89111328125,-0.08544921875,1.06201171875,-0.10986328125,-0.18310546875,-0.09765625,-0.59814453125,-0.18310546875,-0.15869140625,-0.18310546875,0.9033203125,0.03662109375,-0.59814453125,-0.2197265625,0.2685546875,-0.15869140625,-0.40283203125,-0.048828125,3.86962890625,-0.1708984375,0.78125,0.0244140625,-0.0244140625,0.29296875,1.4404296875,0.2685546875,-0.0244140625,-0.25634765625,-0.1708984375,-0.2685546875,-0.23193359375,0,-0.69580078125,-0.01220703125,-0.40283203125,-0.146484375,0.6103515625,-0.13427734375,0.96435546875,0.0732421875,0.4150390625,0.09765625,-0.2685546875,-0.32958984375,0.6591796875,0.146484375,1.47705078125,-0.06103515625,0.9033203125,-0.32958984375,1.0009765625,0.20751953125,3.47900390625,0.23193359375,0.537109375,0.146484375,2.1240234375,-0.0732421875,0.5615234375,-0.03662109375,0.48828125,-0.13427734375,0.50048828125,-0.25634765625,0.79345703125,0.09765625,0.01220703125,-0.1708984375,1.25732421875,-0.25634765625,-1.79443359375,-0.23193359375,-0.76904296875,-0.08544921875,-1.1962890625,0.048828125,-1.08642578125,0.1220703125,-1.6357421875,-0.18310546875,-0.4638671875,0.50048828125,-0.68359375,-0.13427734375,-1.3671875,-0.1220703125,-0.68359375,0.01220703125,-0.68359375,-0.3173828125,-0.67138671875,0.29296875,-0.06103515625,0.32958984375,1.18408203125,0.20751953125,0.35400390625,0,0.10986328125,-0.10986328125,6.8115234375,0.146484375,0.32958984375,-0.20751953125,-0.03662109375,-0.08544921875,-0.0732421875,-0.03662109375,0.1708984375,0.048828125,2.490234375,-0.048828125,1.81884765625,0.03662109375,0.52490234375,-0.13427734375,1.07421875
1,0.25634765625,-0.390625,-0.1953125,-0.37841796875,0.13427734375,-0.439453125,-0.146484375,-0.08544921875,-0.40283203125,-0.0732421875,-0.01220703125,-0.9033203125,-0.08544921875,1.06201171875,-0.1220703125,-0.1708984375,0.01220703125,-0.5859375,-0.23193359375,-0.15869140625,-0.25634765625,0.9033203125,0.0244140625,-0.6103515625,-0.146484375,0.45166015625,-0.1708984375,-0.23193359375,0.0732421875,4.638671875,-0.25634765625,1.0009765625,0.03662109375,0.18310546875,0.1953125,1.96533203125,0.23193359375,0.09765625,-0.25634765625,-0.01220703125,-0.29296875,-0.25634765625,0.01220703125,-0.7080078125,-0.03662109375,-0.40283203125,-0.1220703125,0.57373046875,-0.13427734375,0.96435546875,0.08544921875,0.4150390625,0.15869140625,-0.2685546875,-0.2685546875,0.69580078125,0.13427734375,1.3916015625,-0.0732421875,0.830078125,-0.37841796875,0.927734375,0.20751953125,2.9296875,0.25634765625,0.7080078125,0.10986328125,2.6123046875,-0.146484375,0.6591796875,-0.03662109375,0.62255859375,-0.20751953125,0.42724609375,-0.23193359375,0.7568359375,0.08544921875,0.0244140625,-0.15869140625,1.2451171875,-0.25634765625,-1.52587890625,-0.2197265625,-0.64697265625,-0.048828125,-1.15966796875,-0.0244140625,-1.0009765625,0.08544921875,-1.62353515625,-0.13427734375,-0.45166015625,0.40283203125,-0.62255859375,-0.13427734375,-1.318359375,-0.048828125,-0.69580078125,-0.01220703125,-0.67138671875,-0.32958984375,-0.67138671875,0.29296875,-0.048828125,0.25634765625,0.89111328125,0.1953125,0.0732421875,0.01220703125,-0.10986328125,-0.1220703125,5.908203125,0.146484375,0.3173828125,-0.18310546875,-0.03662109375,-0.0732421875,-0.06103515625,-0.06103515625,0.15869140625,0.08544921875,1.77001953125,-0.01220703125,1.59912109375,0.0732421875,0.3173828125,-0.146484375,0.732421875
1,0.2685546875,-0.37841796875,-0.13427734375,-0.37841796875,0.1708984375,-0.42724609375,-0.15869140625,-0.08544921875,-0.390625,-0.08544921875,-0.0244140625,-0.9033203125,-0.09765625,1.07421875,-0.1220703125,-0.15869140625,0.03662109375,-0.5859375,-0.23193359375,-0.146484375,-0.3173828125,0.9033203125,0.048828125,-0.62255859375,-0.0732421875,0.62255859375,-0.18310546875,-0.0244140625,0.1953125,5.3466796875,-0.2685546875,1.18408203125,0.03662109375,0.3662109375,0.09765625,2.44140625,0.2197265625,0.1953125,-0.25634765625,0.13427734375,-0.29296875,-0.25634765625,0,-0.72021484375,-0.03662109375,-0.390625,-0.146484375,0.54931640625,-0.1708984375,1.0009765625,0.06103515625,0.45166015625,0.20751953125,-0.244140625,-0.18310546875,0.69580078125,0.10986328125,1.28173828125,-0.10986328125,0.732421875,-0.32958984375,0.81787109375,0.23193359375,2.2216796875,0.244140625,0.9521484375,0.048828125,3.1494140625,-0.20751953125,0.8056640625,-0.01220703125,0.76904296875,-0.20751953125,0.3173828125,-0.25634765625,0.74462890625,0.048828125,0,-0.10986328125,1.26953125,-0.244140625,-1.220703125,-0.1220703125,-0.50048828125,-0.01220703125,-1.07421875,-0.03662109375,-0.89111328125,0.08544921875,-1.59912109375,-0.1220703125,-0.42724609375,0.25634765625,-0.52490234375,-0.08544921875,-1.26953125,0.048828125,-0.69580078125,-0.03662109375,-0.68359375,-0.40283203125,-0.6591796875,0.29296875,-0.048828125,0.18310546875,0.54931640625,0.146484375,-0.2197265625,0,-0.3662109375,-0.18310546875,4.82177734375,0.13427734375,0.32958984375,-0.15869140625,-0.03662109375,-0.0732421875,-0.06103515625,-0.048828125,0.146484375,0.08544921875,1.025390625,-0.03662109375,1.3671875,0.0732421875,0.1220703125,-0.1708984375,0.45166015625
1,0.32958984375,-0.37841796875,-0.146484375,-0.37841796875,0.1708984375,-0.4150390625,-0.1953125,-0.06103515625,-0.40283203125,-0.048828125,-0.0244140625,-0.9033203125,-0.06103515625,1.07421875,-0.146484375,-0.146484375,0.048828125,-0.5615234375,-0.23193359375,-0.13427734375,-0.341796875,0.927734375,0,-0.634765625,-0.0244140625,0.7568359375,-0.18310546875,0.1220703125,0.146484375,5.9326171875,-0.244140625,1.33056640625,0.03662109375,0.47607421875,-0.0244140625,2.86865234375,0.20751953125,0.28076171875,-0.2197265625,0.23193359375,-0.29296875,-0.25634765625,-0.06103515625,-0.69580078125,0.01220703125,-0.4150390625,-0.1708984375,0.54931640625,-0.20751953125,1.06201171875,0.03662109375,0.45166015625,0.244140625,-0.1953125,-0.09765625,0.72021484375,0.08544921875,1.13525390625,-0.10986328125,0.62255859375,-0.2685546875,0.72021484375,0.15869140625,1.47705078125,0.2197265625,1.26953125,-0.146484375,3.759765625,-0.244140625,0.96435546875,-0.048828125,0.98876953125,-0.1953125,0.25634765625,-0.3173828125,0.7568359375,0.0244140625,0.01220703125,-0.0244140625,1.2451171875,-0.18310546875,-0.91552734375,-0.0244140625,-0.35400390625,-0.01220703125,-0.98876953125,-0.03662109375,-0.79345703125,-0.01220703125,-1.52587890625,-0.0732421875,-0.40283203125,0.0244140625,-0.42724609375,-0.0732421875,-1.18408203125,0.1220703125,-0.69580078125,-0.06103515625,-0.72021484375,-0.42724609375,-0.634765625,0.23193359375,-0.048828125,0.13427734375,0.18310546875,0.08544921875,-0.5615234375,-0.0244140625,-0.62255859375,-0.23193359375,3.64990234375,0.13427734375,0.3173828125,-0.13427734375,-0.0244140625,-0.08544921875,-0.0732421875,-0.0732421875,0.13427734375,0.08544921875,0.390625,-0.03662109375,1.171875,0.09765625,-0.03662109375,-0.20751953125,0.1953125
1,0.341796875,-0.35400390625,-0.08544921875,-0.35400390625,0.1708984375,-0.4150390625,-0.1953125,-0.048828125,-0.4150390625,-0.048828125,-0.01220703125,-0.9033203125,-0.048828125,1.06201171875,-0.13427734375,-0.146484375,-0.01220703125,-0.57373046875,-0.23193359375,-0.13427734375,-0.35400390625,0.9033203125,-0.0244140625,-0.634765625,0.01220703125,0.84228515625,-0.1708984375,0.23193359375,0.1708984375,6.33544921875,-0.2197265625,1.4404296875,0.08544921875,0.5126953125,0,3.13720703125,0.18310546875,0.35400390625,-0.1953125,0.2685546875,-0.28076171875,-0.244140625,-0.0732421875,-0.7080078125,0.06103515625,-0.439453125,-0.244140625,0.57373046875,-0.2197265625,1.13525390625,0.03662109375,0.48828125,0.29296875,-0.146484375,-0.01220703125,0.7568359375,0.048828125,0.9765625,-0.15869140625,0.5126953125,-0.23193359375,0.634765625,0.08544921875,0.76904296875,0.18310546875,1.5869140625,-0.25634765625,4.39453125,-0.2685546875,1.15966796875,-0.1220703125,1.1962890625,-0.15869140625,0.1708984375,-0.3173828125,0.76904296875,0.01220703125,-0.01220703125,0.06103515625,1.25732421875,-0.18310546875,-0.7080078125,0.048828125,-0.23193359375,-0.06103515625,-0.93994140625,-0.0732421875,-0.72021484375,-0.048828125,-1.46484375,-0.06103515625,-0.35400390625,-0.1953125,-0.341796875,-0.0244140625,-1.13525390625,0.1953125,-0.7080078125,-0.08544921875,-0.7080078125,-0.54931640625,-0.59814453125,0.15869140625,-0.03662109375,0.10986328125,-0.18310546875,0.0244140625,-0.9033203125,-0.03662109375,-0.87890625,-0.29296875,2.47802734375,0.146484375,0.30517578125,-0.1220703125,-0.0244140625,-0.08544921875,-0.03662109375,-0.09765625,0.15869140625,0.0244140625,-0.03662109375,0.0244140625,1.11083984375,0.13427734375,-0.13427734375,-0.1953125,0.0244140625
1,0.40283203125,-0.341796875,-0.0732421875,-0.37841796875,0.1708984375,-0.42724609375,-0.18310546875,-0.06103515625,-0.40283203125,-0.0732421875,-0.01220703125,-0.89111328125,-0.048828125,1.06201171875,-0.1220703125,-0.15869140625,-0.0732421875,-0.57373046875,-0.23193359375,-0.13427734375,-0.35400390625,0.89111328125,-0.048828125,-0.64697265625,0.0244140625,0.9033203125,-0.20751953125,0.29296875,0.20751953125,6.5185546875,-0.15869140625,1.47705078125,0.18310546875,0.537109375,-0.0732421875,3.271484375,0.1708984375,0.40283203125,-0.10986328125,0.28076171875,-0.2685546875,-0.20751953125,-0.09765625,-0.7080078125,0.13427734375,-0.42724609375,-0.341796875,0.5859375,-0.2685546875,1.25732421875,0.0244140625,0.5126953125,0.2685546875,-0.10986328125,0.0244140625,0.78125,0.0244140625,0.8544921875,-0.1708984375,0.45166015625,-0.10986328125,0.54931640625,0.1220703125,0.20751953125,0.1953125,1.953125,-0.1708984375,4.99267578125,-0.23193359375,1.37939453125,-0.1708984375,1.42822265625,-0.10986328125,0.146484375,-0.29296875,0.76904296875,0.0244140625,-0.03662109375,0.146484375,1.2939453125,-0.15869140625,-0.57373046875,0.146484375,-0.15869140625,-0.146484375,-0.89111328125,-0.09765625,-0.64697265625,-0.08544921875,-1.4404296875,-0.06103515625,-0.30517578125,-0.35400390625,-0.2685546875,0.01220703125,-1.03759765625,0.18310546875,-0.7080078125,-0.06103515625,-0.7080078125,-0.59814453125,-0.5859375,0.048828125,-0.03662109375,0.13427734375,-0.52490234375,-0.048828125,-1.2451171875,-0.06103515625,-1.11083984375,-0.3173828125,1.35498046875,0.1220703125,0.30517578125,-0.08544921875,-0.0244140625,-0.0732421875,-0.0244140625,-0.1220703125,0.15869140625,0,-0.146484375,-0.03662109375,1.11083984375,0.10986328125,-0.10986328125,-0.23193359375,0
1,0.390625,-0.3173828125,-0.03662109375,-0.3662109375,0.13427734375,-0.42724609375,-0.146484375,-0.0732421875,-0.4150390625,-0.048828125,0,-0.89111328125,-0.0244140625,1.06201171875,-0.1220703125,-0.15869140625,-0.13427734375,-0.5859375,-0.23193359375,-0.1220703125,-0.25634765625,0.89111328125,-0.06103515625,-0.62255859375,0.01220703125,0.91552734375,-0.2197265625,0.2685546875,0.23193359375,6.494140625,-0.1220703125,1.46484375,0.15869140625,0.48828125,-0.2197265625,3.25927734375,0.15869140625,0.390625,-0.08544921875,0.2685546875,-0.23193359375,-0.20751953125,-0.13427734375,-0.69580078125,0.13427734375,-0.42724609375,-0.35400390625,0.64697265625,-0.28076171875,1.33056640625,0.01220703125,0.537109375,0.25634765625,-0.1220703125,0.1220703125,0.76904296875,0.0244140625,0.76904296875,-0.23193359375,0.4150390625,-0.01220703125,0.50048828125,0.08544921875,-0.09765625,0.1220703125,2.2705078125,-0.1708984375,5.50537109375,-0.1708984375,1.57470703125,-0.2197265625,1.611328125,-0.0732421875,0.146484375,-0.23193359375,0.78125,0.0732421875,-0.03662109375,0.20751953125,1.28173828125,-0.1953125,-0.57373046875,0.2197265625,-0.10986328125,-0.244140625,-0.87890625,-0.09765625,-0.6591796875,-0.146484375,-1.3916015625,-0.0732421875,-0.28076171875,-0.4638671875,-0.23193359375,0,-1.0009765625,0.09765625,-0.7080078125,-0.03662109375,-0.7080078125,-0.537109375,-0.5859375,-0.10986328125,-0.048828125,0.146484375,-0.830078125,-0.1220703125,-1.513671875,-0.06103515625,-1.30615234375,-0.32958984375,0.3662109375,0.1220703125,0.3173828125,-0.06103515625,-0.01220703125,-0.0732421875,0.01220703125,-0.1220703125,0.146484375,0.048828125,0.09765625,-0.03662109375,1.23291015625,0.13427734375,0.01220703125,-0.2197265625,0.13427734375
1,0.40283203125,-0.2685546875,-0.03662109375,-0.3662109375,0.1220703125,-0.42724609375,-0.1708984375,-0.0732421875,-0.42724609375,-0.06103515625,0.01220703125,-0.9033203125,-0.0244140625,1.025390625,-0.1220703125,-0.146484375,-0.15869140625,-0.57373046875,-0.25634765625,-0.10986328125,-0.20751953125,0.9033203125,-0.0732421875,-0.6103515625,0,0.86669921875,-0.1953125,0.2197265625,0.1708984375,6.25,-0.09765625,1.3916015625,0.18310546875,0.42724609375,-0.40283203125,3.1005859375,0.13427734375,0.35400390625,-0.09765625,0.20751953125,-0.1953125,-0.18310546875,-0.1953125,-0.68359375,0.13427734375,-0.439453125,-0.3662109375,0.68359375,-0.28076171875,1.40380859375,0,0.54931640625,0.13427734375,-0.146484375,0.1708984375,0.78125,-0.01220703125,0.7568359375,-0.25634765625,0.439453125,0.08544921875,0.537109375,0.0732421875,-0.048828125,0.10986328125,2.5146484375,-0.18310546875,5.94482421875,-0.09765625,1.74560546875,-0.244140625,1.7822265625,-0.03662109375,0.15869140625,-0.13427734375,0.78125,0.1220703125,-0.06103515625,0.1708984375,1.26953125,-0.1708984375,-0.6591796875,0.244140625,-0.13427734375,-0.35400390625,-0.9033203125,-0.10986328125,-0.67138671875,-0.1953125,-1.37939453125,-0.09765625,-0.25634765625,-0.4638671875,-0.2197265625,0.0244140625,-0.93994140625,0.0244140625,-0.7080078125,-0.01220703125,-0.69580078125,-0.5126953125,-0.5615234375,-0.23193359375,-0.048828125,0.15869140625,-1.06201171875,-0.20751953125,-1.7578125,-0.1220703125,-1.4404296875,-0.3662109375,-0.341796875,0.08544921875,0.3173828125,-0.048828125,0,-0.08544921875,0.01220703125,-0.09765625,0.18310546875,-0.048828125,0.732421875,-0.03662109375,1.50146484375,0.1220703125,0.25634765625,-0.23193359375,0.47607421875
1,0.40283203125,-0.244140625,-0.0244140625,-0.341796875,0.146484375,-0.4150390625,-0.1953125,-0.0732421875,-0.45166015625,-0.048828125,0.03662109375,-0.87890625,-0.01220703125,1.03759765625,-0.1220703125,-0.146484375,-0.1953125,-0.5859375,-0.2197265625,-0.10986328125,-0.13427734375,0.89111328125,-0.0732421875,-0.6103515625,-0.06103515625,0.76904296875,-0.1953125,0.1220703125,0.048828125,5.84716796875,-0.09765625,1.28173828125,0.15869140625,0.32958984375,-0.5126953125,2.79541015625,0.146484375,0.29296875,-0.13427734375,0.13427734375,-0.23193359375,-0.15869140625,-0.244140625,-0.68359375,0.1220703125,-0.45166015625,-0.28076171875,0.7568359375,-0.244140625,1.45263671875,-0.01220703125,0.57373046875,0.146484375,-0.18310546875,0.25634765625,0.78125,-0.0244140625,0.84228515625,-0.2685546875,0.52490234375,0.20751953125,0.5859375,-0.01220703125,0.37841796875,0.08544921875,2.67333984375,-0.2197265625,6.21337890625,-0.0732421875,1.84326171875,-0.29296875,1.8798828125,-0.09765625,0.2197265625,-0.0244140625,0.76904296875,0.18310546875,-0.048828125,0.13427734375,1.26953125,-0.1953125,-0.81787109375,0.18310546875,-0.20751953125,-0.50048828125,-0.927734375,-0.13427734375,-0.732421875,-0.23193359375,-1.37939453125,-0.10986328125,-0.2685546875,-0.37841796875,-0.28076171875,-0.01220703125,-0.9521484375,-0.06103515625,-0.69580078125,0.01220703125,-0.7080078125,-0.37841796875,-0.5615234375,-0.28076171875,-0.06103515625,0.1220703125,-1.20849609375,-0.2685546875,-1.86767578125,-0.1708984375,-1.52587890625,-0.32958984375,-0.79345703125,0.09765625,0.3173828125,-0.0244140625,-0.01220703125,-0.06103515625,0.0244140625,-0.10986328125,0.18310546875,-0.0244140625,1.7333984375,-0.08544921875,1.89208984375,0.08544921875,0.62255859375,-0.20751953125,1.0009765625
1,0.4638671875,-0.18310546875,-0.0244140625,-0.35400390625,0.1708984375,-0.4150390625,-0.18310546875,-0.08544921875,-0.42724609375,-0.06103515625,0.048828125,-0.89111328125,0.01220703125,1.0498046875,-0.13427734375,-0.1708984375,-0.20751953125,-0.62255859375,-0.2197265625,-0.10986328125,-0.06103515625,0.89111328125,-0.06103515625,-0.59814453125,-0.1220703125,0.64697265625,-0.1708984375,-0.0244140625,-0.01220703125,5.3466796875,-0.08544921875,1.13525390625,0.0244140625,0.244140625,-0.52490234375,2.4658203125,0.146484375,0.20751953125,-0.146484375,0.048828125,-0.23193359375,-0.18310546875,-0.25634765625,-0.69580078125,0.0732421875,-0.45166015625,-0.20751953125,0.76904296875,-0.20751953125,1.42822265625,-0.03662109375,0.54931640625,0.1220703125,-0.1953125,0.35400390625,0.76904296875,0,1.0009765625,-0.29296875,0.64697265625,0.23193359375,0.732421875,0,1.171875,0.048828125,2.7587890625,-0.341796875,6.34765625,-0.06103515625,1.91650390625,-0.32958984375,1.904296875,-0.2197265625,0.28076171875,0.08544921875,0.7568359375,0.23193359375,-0.048828125,0.09765625,1.28173828125,-0.20751953125,-1.0009765625,0.13427734375,-0.25634765625,-0.537109375,-0.9765625,-0.10986328125,-0.8056640625,-0.20751953125,-1.3916015625,-0.146484375,-0.28076171875,-0.23193359375,-0.390625,-0.08544921875,-0.98876953125,-0.13427734375,-0.69580078125,0.01220703125,-0.69580078125,-0.3173828125,-0.59814453125,-0.30517578125,-0.0732421875,0.09765625,-1.26953125,-0.23193359375,-1.953125,-0.1708984375,-1.57470703125,-0.2685546875,-0.9521484375,0.08544921875,0.341796875,-0.01220703125,-0.01220703125,-0.08544921875,-0.01220703125,-0.09765625,0.18310546875,-0.0244140625,3.0517578125,-0.09765625,2.3681640625,0.09765625,1.08642578125,-0.146484375,1.6845703125
1,0.4150390625,-0.09765625,-0.0244140625,-0.3662109375,0.1708984375,-0.40283203125,-0.18310546875,-0.08544921875,-0.42724609375,-0.048828125,0.03662109375,-0.89111328125,0.01220703125,1.025390625,-0.10986328125,-0.18310546875,-0.23193359375,-0.62255859375,-0.20751953125,-0.1220703125,-0.0244140625,0.87890625,-0.0244140625,-0.59814453125,-0.15869140625,0.50048828125,-0.15869140625,-0.146484375,-0.0244140625,4.78515625,-0.06103515625,0.96435546875,0.1220703125,0.1708984375,-0.52490234375,2.1240234375,0.09765625,0.1220703125,-0.1708984375,-0.0244140625,-0.20751953125,-0.20751953125,-0.23193359375,-0.7080078125,0.0244140625,-0.439453125,-0.28076171875,0.79345703125,-0.1220703125,1.416015625,-0.10986328125,0.5615234375,0.0244140625,-0.20751953125,0.42724609375,0.78125,0.01220703125,1.25732421875,-0.341796875,0.81787109375,0.341796875,0.93994140625,-0.0244140625,2.28271484375,0.08544921875,2.77099609375,-0.1953125,6.34765625,-0.06103515625,1.91650390625,-0.30517578125,1.904296875,-0.30517578125,0.390625,0.13427734375,0.76904296875,0.1953125,-0.03662109375,0.0244140625,1.26953125,-0.1708984375,-1.18408203125,0.09765625,-0.3173828125,-0.47607421875,-1.025390625,-0.03662109375,-0.8544921875,-0.13427734375,-1.4404296875,-0.20751953125,-0.3173828125,-0.09765625,-0.50048828125,-0.1220703125,-1.07421875,-0.1953125,-0.69580078125,0.0244140625,-0.68359375,-0.2685546875,-0.62255859375,-0.244140625,-0.06103515625,0.0732421875,-1.26953125,-0.1708984375,-1.9775390625,-0.1708984375,-1.55029296875,-0.1953125,-0.86669921875,0.08544921875,0.32958984375,0.01220703125,0.0244140625,-0.08544921875,-0.01220703125,-0.10986328125,0.1953125,-0.03662109375,4.55322265625,-0.15869140625,2.89306640625,0.06103515625,1.6357421875,-0.15869140625,2.490234375
0,0.4150390625,-0.03662109375,-0.0244140625,-0.3662109375,0.146484375,-0.40283203125,-0.15869140625,-0.09765625,-0.37841796875,-0.048828125,0.01220703125,-0.89111328125,0.01220703125,1.0498046875,-0.09765625,-0.1953125,-0.244140625,-0.64697265625,-0.18310546875,-0.13427734375,0,0.89111328125,0.048828125,-0.59814453125,-0.2197265625,0.390625,-0.15869140625,-0.28076171875,0.0244140625,4.3212890625,-0.03662109375,0.84228515625,0.1220703125,0.1220703125,-0.341796875,1.81884765625,0.0732421875,0.06103515625,-0.18310546875,-0.0732421875,-0.2197265625,-0.244140625,-0.1708984375,-0.72021484375,-0.048828125,-0.4150390625,-0.2197265625,0.8056640625,-0.0244140625,1.35498046875,-0.13427734375,0.54931640625,0.01220703125,-0.244140625,0.537109375,0.78125,0.048828125,1.55029296875,-0.40283203125,1.0498046875,0.37841796875,1.15966796875,-0.10986328125,3.60107421875,0.146484375,2.69775390625,-0.08544921875,6.21337890625,-0.03662109375,1.86767578125,-0.25634765625,1.84326171875,-0.35400390625,0.5126953125,0.146484375,0.76904296875,0.1708984375,-0.0244140625,-0.0244140625,1.28173828125,-0.1953125,-1.30615234375,0,-0.37841796875,-0.42724609375,-1.0498046875,0,-0.87890625,-0.08544921875,-1.513671875,-0.2197265625,-0.3662109375,0.048828125,-0.5859375,-0.15869140625,-1.15966796875,-0.20751953125,-0.67138671875,0.0244140625,-0.67138671875,-0.20751953125,-0.6591796875,-0.1220703125,-0.048828125,0.08544921875,-1.20849609375,-0.15869140625,-1.91650390625,-0.1708984375,-1.4892578125,-0.13427734375,-0.5859375,0.0732421875,0.341796875,-0.01220703125,-0.01220703125,-0.08544921875,-0.03662109375,-0.08544921875,0.1953125,0.0244140625,6.09130859375,-0.15869140625,3.4423828125,0.06103515625,2.197265625,-0.1220703125,3.3203125
0,0.439453125,0.048828125,0,-0.37841796875,0.13427734375,-0.37841796875,-0.13427734375,-0.08544921875,-0.35400390625,-0.048828125,0.01220703125,-0.927734375,0.01220703125,1.0498046875,-0.048828125,-0.20751953125,-0.23193359375,-0.6103515625,-0.1708984375,-0.1708984375,0.06103515625,0.87890625,0.10986328125,-0.59814453125,-0.18310546875,0.3173828125,-0.1953125,-0.37841796875,0.1708984375,3.955078125,-0.0244140625,0.74462890625,0.1220703125,0.146484375,-0.3662109375,1.64794921875,0.06103515625,0.01220703125,-0.18310546875,-0.10986328125,-0.18310546875,-0.244140625,-0.09765625,-0.732421875,-0.1220703125,-0.40283203125,-0.1708984375,0.8056640625,-0.0244140625,1.318359375,-0.1708984375,0.5615234375,-0.1220703125,-0.23193359375,0.5615234375,0.76904296875,0.10986328125,1.89208984375,-0.4150390625,1.25732421875,0.42724609375,1.42822265625,-0.1220703125,5.029296875,0.18310546875,2.587890625,-0.06103515625,6.005859375,-0.03662109375,1.806640625,-0.1708984375,1.7578125,-0.3173828125,0.62255859375,0.1953125,0.78125,0.13427734375,0,-0.03662109375,1.25732421875,-0.1953125,-1.318359375,-0.048828125,-0.390625,-0.37841796875,-1.06201171875,0.048828125,-0.87890625,-0.0244140625,-1.57470703125,-0.244140625,-0.4150390625,0.13427734375,-0.7080078125,-0.146484375,-1.25732421875,-0.18310546875,-0.69580078125,0.048828125,-0.6591796875,-0.15869140625,-0.67138671875,0,-0.06103515625,0.13427734375,-1.0986328125,-0.1220703125,-1.84326171875,-0.1708984375,-1.416015625,-0.0732421875,-0.2197265625,0.06103515625,0.32958984375,-0.0244140625,0,-0.08544921875,-0.048828125,-0.0732421875,0.1953125,-0.0244140625,7.53173828125,-0.13427734375,3.99169921875,0.06103515625,2.74658203125,-0.08544921875,4.150390625
0,0.390625,0.10986328125,0.01220703125,-0.37841796875,0.13427734375,-0.4150390625,-0.13427734375,-0.08544921875,-0.3662109375,-0.03662109375,0.01220703125,-0.93994140625,0,1.06201171875,-0.03662109375,-0.20751953125,-0.20751953125,-0.62255859375,-0.13427734375,-0.18310546875,0.0732421875,0.89111328125,0.1708984375,-0.62255859375,-0.1220703125,0.244140625,-0.20751953125,-0.4150390625,0.2197265625,3.759765625,-0.09765625,0.69580078125,0.1953125,0.15869140625,-0.341796875,1.57470703125,0.03662109375,-0.01220703125,-0.20751953125,-0.13427734375,-0.1220703125,-0.25634765625,0,-0.7080078125,-0.18310546875,-0.4150390625,-0.13427734375,0.8056640625,-0.01220703125,1.2451171875,-0.15869140625,0.5615234375,-0.146484375,-0.20751953125,0.57373046875,0.78125,0.15869140625,2.24609375,-0.35400390625,1.4892578125,0.48828125,1.67236328125,-0.146484375,6.38427734375,0.2197265625,2.45361328125,0.048828125,5.74951171875,-0.0732421875,1.6845703125,-0.09765625,1.67236328125,-0.23193359375,0.7080078125,0.25634765625,0.79345703125,0.08544921875,0.01220703125,-0.09765625,1.28173828125,-0.146484375,-1.25732421875,-0.08544921875,-0.32958984375,-0.244140625,-1.03759765625,0.09765625,-0.84228515625,0.0244140625,-1.62353515625,-0.23193359375,-0.4638671875,0.06103515625,-0.7568359375,-0.1220703125,-1.30615234375,-0.146484375,-0.7080078125,0.06103515625,-0.68359375,-0.13427734375,-0.67138671875,0.1220703125,-0.06103515625,0.146484375,-1.0009765625,-0.09765625,-1.72119140625,-0.1708984375,-1.35498046875,0,0.1708984375,0.03662109375,0.32958984375,-0.01220703125,-0.01220703125,-0.08544921875,-0.048828125,-0.03662109375,0.1953125,-0.13427734375,8.75244140625,-0.1220703125,4.45556640625,0.03662109375,3.22265625,-0.06103515625,4.833984375
0,0.40283203125,0.15869140625,0.0244140625,-0.40283203125,0.13427734375,-0.40283203125,-0.146484375,-0.09765625,-0.3662109375,-0.03662109375,0,-0.9521484375,-0.01220703125,1.07421875,-0.01220703125,-0.15869140625,-0.1708984375,-0.59814453125,-0.08544921875,-0.1953125,0.10986328125,0.87890625,0.20751953125,-0.62255859375,-0.03662109375,0.2197265625,-0.23193359375,-0.42724609375,0.28076171875,3.69873046875,-0.2197265625,0.68359375,0.1953125,0.15869140625,-0.28076171875,1.62353515625,-0.01220703125,-0.01220703125,-0.1953125,-0.10986328125,-0.1220703125,-0.28076171875,0.06103515625,-0.732421875,-0.23193359375,-0.40283203125,-0.06103515625,0.79345703125,0.06103515625,1.220703125,-0.1708984375,0.54931640625,-0.1953125,-0.2197265625,0.537109375,0.7568359375,0.18310546875,2.5634765625,-0.30517578125,1.6845703125,0.48828125,1.84326171875,-0.0244140625,7.5927734375,0.1708984375,2.3193359375,0.146484375,5.45654296875,-0.08544921875,1.57470703125,-0.0244140625,1.5625,-0.10986328125,0.81787109375,0.244140625,0.76904296875,0.03662109375,0.01220703125,-0.146484375,1.26953125,-0.15869140625,-1.11083984375,-0.146484375,-0.25634765625,-0.1220703125,-1.01318359375,0.1220703125,-0.7568359375,0.06103515625,-1.67236328125,-0.1953125,-0.4638671875,-0.03662109375,-0.76904296875,-0.0732421875,-1.33056640625,-0.08544921875,-0.68359375,0.0732421875,-0.69580078125,-0.06103515625,-0.64697265625,0.18310546875,-0.0732421875,0.15869140625,-0.91552734375,-0.08544921875,-1.66015625,-0.1708984375,-1.28173828125,0.03662109375,0.47607421875,0.0244140625,0.341796875,0,-0.0244140625,-0.0732421875,-0.03662109375,-0.03662109375,0.18310546875,-0.18310546875,9.65576171875,-0.09765625,4.77294921875,0.048828125,3.55224609375,-0.0732421875,5.35888671875
0,0.4150390625,0.15869140625,0.01220703125,-0.390625,0.146484375,-0.4150390625,-0.1220703125,-0.09765625,-0.3662109375,-0.03662109375,0.01220703125,-0.93994140625,-0.01220703125,1.08642578125,-0.0244140625,-0.1708984375,-0.1220703125,-0.59814453125,-0.06103515625,-0.18310546875,0.15869140625,0.89111328125,0.20751953125,-0.6103515625,0.08544921875,0.25634765625,-0.25634765625,-0.4150390625,0.3173828125,3.80859375,-0.29296875,0.732421875,0.15869140625,0.1953125,-0.1708984375,1.74560546875,0,0.01220703125,-0.18310546875,-0.09765625,-0.1220703125,-0.28076171875,0.1220703125,-0.732421875,-0.30517578125,-0.40283203125,-0.09765625,0.76904296875,0.048828125,1.20849609375,-0.1220703125,0.537109375,-0.23193359375,-0.18310546875,0.50048828125,0.7568359375,0.13427734375,2.8076171875,-0.25634765625,1.85546875,0.5859375,2.01416015625,0.0732421875,8.544921875,0.09765625,2.1728515625,0.2197265625,5.2001953125,-0.1220703125,1.4892578125,0.048828125,1.47705078125,0.0244140625,0.89111328125,0.1708984375,0.78125,-0.03662109375,0.01220703125,-0.13427734375,1.28173828125,-0.15869140625,-0.91552734375,-0.146484375,-0.146484375,0,-0.96435546875,0.09765625,-0.64697265625,0.048828125,-1.66015625,-0.20751953125,-0.48828125,-0.20751953125,-0.7568359375,-0.06103515625,-1.3427734375,-0.0732421875,-0.68359375,0.06103515625,-0.68359375,-0.09765625,-0.64697265625,0.23193359375,-0.06103515625,0.1708984375,-0.8544921875,-0.03662109375,-1.59912109375,-0.15869140625,-1.2451171875,0.048828125,0.6591796875,0.01220703125,0.32958984375,0,-0.01220703125,-0.08544921875,-0.03662109375,-0.0244140625,0.1708984375,-0.2197265625,10.16845703125,-0.10986328125,4.98046875,0.048828125,3.74755859375,-0.06103515625,5.6884765625
0,0.390625,0.15869140625,0.048828125,-0.37841796875,0.13427734375,-0.42724609375,-0.10986328125,-0.048828125,-0.341796875,-0.0244140625,0.0244140625,-0.927734375,0.01220703125,1.0986328125,-0.03662109375,-0.13427734375,-0.09765625,-0.57373046875,-0.03662109375,-0.1953125,0.1220703125,0.89111328125,0.1708984375,-0.634765625,0.18310546875,0.30517578125,-0.28076171875,-0.341796875,0.341796875,4.01611328125,-0.30517578125,0.8056640625,0.1708984375,0.1953125,-0.08544921875,1.8798828125,-0.0244140625,0.06103515625,-0.1708984375,-0.0732421875,-0.10986328125,-0.244140625,0.08544921875,-0.72021484375,-0.40283203125,-0.390625,-0.13427734375,0.76904296875,0.1220703125,1.20849609375,-0.048828125,0.50048828125,-0.244140625,-0.20751953125,0.50048828125,0.732421875,0.1220703125,2.96630859375,-0.1953125,1.96533203125,0.67138671875,2.08740234375,0.18310546875,9.21630859375,0.0244140625,2.0751953125,0.30517578125,4.96826171875,-0.1220703125,1.37939453125,0.0732421875,1.416015625,0.09765625,0.96435546875,0.0732421875,0.78125,-0.1220703125,0.01220703125,-0.10986328125,1.2939453125,-0.10986328125,-0.72021484375,-0.15869140625,0,0.09765625,-0.87890625,0.09765625,-0.537109375,0.0244140625,-1.6357421875,-0.18310546875,-0.47607421875,-0.3662109375,-0.69580078125,-0.06103515625,-1.33056640625,-0.01220703125,-0.7080078125,0.0244140625,-0.67138671875,-0.15869140625,-0.62255859375,0.244140625,-0.06103515625,0.10986328125,-0.8056640625,0,-1.55029296875,-0.18310546875,-1.2451171875,0.0732421875,0.68359375,0,0.341796875,0,-0.03662109375,-0.08544921875,-0.0244140625,-0.01220703125,0.1708984375,-0.244140625,10.2783203125,-0.13427734375,4.96826171875,0.0244140625,3.759765625,-0.08544921875,5.7373046875
0,0.40283203125,0.08544921875,0.01220703125,-0.37841796875,0.09765625,-0.439453125,-0.10986328125,-0.06103515625,-0.341796875,-0.06103515625,0,-0.91552734375,0.01220703125,1.06201171875,-0.03662109375,-0.13427734375,-0.08544921875,-0.57373046875,-0.03662109375,-0.1708984375,0.10986328125,0.89111328125,0.09765625,-0.62255859375,0.2197265625,0.3662109375,-0.2685546875,-0.29296875,0.37841796875,4.23583984375,-0.23193359375,0.8544921875,0.146484375,0.146484375,-0.06103515625,1.94091796875,-0.0244140625,0.09765625,-0.13427734375,-0.08544921875,-0.1220703125,-0.2197265625,0.09765625,-0.7080078125,-0.45166015625,-0.390625,-0.0244140625,0.76904296875,0.0732421875,1.25732421875,0.01220703125,0.47607421875,-0.29296875,-0.20751953125,0.47607421875,0.72021484375,0.048828125,3.06396484375,-0.09765625,2.01416015625,0.6591796875,2.099609375,0.146484375,9.53369140625,-0.03662109375,1.98974609375,0.37841796875,4.78515625,-0.08544921875,1.30615234375,0.13427734375,1.35498046875,0.13427734375,1.01318359375,-0.01220703125,0.78125,-0.15869140625,-0.0244140625,-0.06103515625,1.2939453125,-0.15869140625,-0.54931640625,-0.18310546875,0.09765625,0.1220703125,-0.81787109375,0.06103515625,-0.45166015625,0.0732421875,-1.59912109375,-0.10986328125,-0.45166015625,-0.40283203125,-0.6103515625,-0.0244140625,-1.2939453125,0.048828125,-0.69580078125,0.06103515625,-0.69580078125,-0.25634765625,-0.59814453125,0.2197265625,-0.06103515625,0.06103515625,-0.81787109375,0.03662109375,-1.5625,-0.1953125,-1.25732421875,-0.048828125,0.59814453125,0,0.341796875,0,-0.03662109375,-0.0732421875,0,0,0.15869140625,-0.23193359375,10.009765625,-0.1220703125,4.84619140625,0.0244140625,3.61328125,-0.08544921875,5.56640625
0,0.4150390625,-0.01220703125,0.01220703125,-0.3662109375,0.0732421875,-0.439453125,-0.10986328125,-0.06103515625,-0.32958984375,-0.0732421875,0.0244140625,-0.91552734375,0.03662109375,1.0498046875,-0.03662109375,-0.146484375,-0.0732421875,-0.5615234375,-0.03662109375,-0.1708984375,0.048828125,0.9033203125,0.03662109375,-0.6103515625,0.25634765625,0.4150390625,-0.29296875,-0.25634765625,0.390625,4.40673828125,-0.13427734375,0.9033203125,0.08544921875,0.08544921875,-0.0732421875,1.904296875,0.01220703125,0.08544921875,-0.1220703125,-0.146484375,-0.08544921875,-0.20751953125,0.1220703125,-0.7080078125,-0.45166015625,-0.390625,-0.048828125,0.74462890625,0.0732421875,1.35498046875,0.0732421875,0.45166015625,-0.3173828125,-0.2197265625,0.439453125,0.732421875,-0.0244140625,3.06396484375,-0.048828125,1.98974609375,0.69580078125,2.05078125,0.15869140625,9.47265625,-0.048828125,1.904296875,0.3173828125,4.62646484375,-0.048828125,1.220703125,0.146484375,1.2939453125,0.13427734375,1.06201171875,-0.0732421875,0.81787109375,-0.18310546875,-0.0244140625,-0.0244140625,1.318359375,-0.08544921875,-0.4150390625,-0.18310546875,0.2197265625,0.146484375,-0.76904296875,0.01220703125,-0.37841796875,0,-1.57470703125,-0.10986328125,-0.439453125,-0.42724609375,-0.537109375,-0.048828125,-1.2451171875,0.08544921875,-0.7080078125,0.09765625,-0.69580078125,-0.32958984375,-0.5615234375,0.18310546875,-0.048828125,0.0732421875,-0.84228515625,0.09765625,-1.59912109375,-0.2197265625,-1.30615234375,-0.1220703125,0.42724609375,0.01220703125,0.3173828125,-0.01220703125,-0.0244140625,-0.0732421875,0.01220703125,0.01220703125,0.1708984375,-0.244140625,9.3994140625,-0.146484375,4.57763671875,0.048828125,3.3203125,-0.09765625,5.16357421875
0,0.45166015625,-0.10986328125,0.0244140625,-0.37841796875,0.06103515625,-0.4638671875,-0.1220703125,-0.08544921875,-0.341796875,-0.08544921875,0.01220703125,-0.89111328125,0.03662109375,1.0498046875,-0.048828125,-0.15869140625,-0.0732421875,-0.57373046875,-0.03662109375,-0.1708984375,-0.08544921875,0.89111328125,-0.01220703125,-0.5859375,0.29296875,0.42724609375,-0.2685546875,-0.244140625,0.390625,4.43115234375,-0.03662109375,0.9033203125,0.048828125,-0.0244140625,-0.06103515625,1.6845703125,0.0244140625,0.03662109375,-0.09765625,-0.244140625,-0.03662109375,-0.20751953125,0.146484375,-0.72021484375,-0.4150390625,-0.37841796875,-0.06103515625,0.74462890625,0.048828125,1.5380859375,0.10986328125,0.45166015625,-0.3173828125,-0.1953125,0.35400390625,0.74462890625,-0.06103515625,2.978515625,0.09765625,1.94091796875,0.72021484375,1.9287109375,0.13427734375,9.14306640625,-0.01220703125,1.85546875,0.32958984375,4.5166015625,0.01220703125,1.1962890625,0.1708984375,1.26953125,0.10986328125,1.0986328125,-0.10986328125,0.830078125,-0.1220703125,-0.03662109375,-0.048828125,1.318359375,-0.048828125,-0.3662109375,-0.1953125,0.28076171875,0.18310546875,-0.7568359375,-0.03662109375,-0.341796875,0.01220703125,-1.5380859375,-0.048828125,-0.40283203125,-0.341796875,-0.47607421875,-0.01220703125,-1.2451171875,0.13427734375,-0.68359375,0.08544921875,-0.69580078125,-0.439453125,-0.537109375,0.10986328125,-0.048828125,0.03662109375,-0.87890625,0.10986328125,-1.6357421875,-0.244140625,-1.33056640625,-0.1953125,0.23193359375,0.01220703125,0.3173828125,0,-0.01220703125,-0.08544921875,0,0.0244140625,0.18310546875,-0.23193359375,8.544921875,-0.1220703125,4.19921875,0.03662109375,2.91748046875,-0.08544921875,4.62646484375
0,0.4638671875,-0.2685546875,0.0244140625,-0.3662109375,0.03662109375,-0.45166015625,-0.10986328125,-0.09765625,-0.341796875,-0.10986328125,0.0244140625,-0.87890625,0.048828125,1.0498046875,-0.0244140625,-0.1708984375,-0.06103515625,-0.57373046875,-0.048828125,-0.146484375,-0.15869140625,0.89111328125,0,-0.59814453125,0.2197265625,0.390625,-0.30517578125,-0.30517578125,0.37841796875,4.2236328125,0,0.8544921875,-0.01220703125,-0.1708984375,-0.0732421875,1.28173828125,0.0244140625,-0.03662109375,-0.09765625,-0.3662109375,0.048828125,-0.18310546875,0.146484375,-0.7080078125,-0.341796875,-0.390625,-0.048828125,0.7080078125,0.09765625,1.79443359375,0.1220703125,0.50048828125,-0.35400390625,-0.18310546875,0.28076171875,0.78125,-0.09765625,2.81982421875,0.08544921875,1.81884765625,0.8544921875,1.79443359375,0.146484375,8.5205078125,0.01220703125,1.79443359375,0.28076171875,4.40673828125,0.048828125,1.13525390625,0.15869140625,1.2451171875,0.146484375,1.11083984375,-0.1220703125,0.8056640625,-0.01220703125,-0.06103515625,-0.10986328125,1.318359375,0.0244140625,-0.40283203125,-0.15869140625,0.30517578125,0.1708984375,-0.7568359375,-0.0732421875,-0.341796875,-0.048828125,-1.5380859375,-0.03662109375,-0.390625,-0.244140625,-0.4150390625,-0.03662109375,-1.220703125,0.13427734375,-0.68359375,0.08544921875,-0.68359375,-0.439453125,-0.5126953125,0.01220703125,-0.048828125,-0.01220703125,-0.927734375,0.0732421875,-1.6845703125,-0.30517578125,-1.3427734375,-0.2685546875,0.06103515625,0.03662109375,0.3173828125,-0.01220703125,-0.01220703125,-0.0732421875,0,0.0732421875,0.18310546875,-0.2197265625,7.51953125,-0.13427734375,3.7353515625,0.03662109375,2.45361328125,-0.09765625,4.00390625
0,0.47607421875,-0.3662109375,0.06103515625,-0.390625,0.0732421875,-0.4638671875,-0.146484375,-0.10986328125,-0.32958984375,-0.10986328125,0.01220703125,-0.9033203125,0.03662109375,1.03759765625,-0.0244140625,-0.1953125,-0.13427734375,-0.5859375,-0.06103515625,-0.13427734375,-0.25634765625,0.91552734375,0.01220703125,-0.5859375,0.13427734375,0.30517578125,-0.25634765625,-0.37841796875,0.45166015625,3.8330078125,0,0.7568359375,-0.0244140625,-0.35400390625,-0.08544921875,0.74462890625,0.0244140625,-0.15869140625,-0.0732421875,-0.5126953125,0.10986328125,-0.1953125,0.15869140625,-0.69580078125,-0.23193359375,-0.390625,-0.06103515625,0.69580078125,0.0732421875,2.16064453125,0.15869140625,0.57373046875,-0.30517578125,-0.10986328125,0.1708984375,0.84228515625,-0.0732421875,2.60009765625,0.10986328125,1.66015625,0.84228515625,1.62353515625,0.146484375,7.71484375,0.048828125,1.69677734375,0.1708984375,4.248046875,0.06103515625,1.0986328125,0.1220703125,1.18408203125,0.08544921875,1.08642578125,-0.10986328125,0.830078125,0.06103515625,-0.0732421875,-0.18310546875,1.30615234375,0.0732421875,-0.5126953125,-0.1708984375,0.28076171875,0.1220703125,-0.78125,-0.13427734375,-0.40283203125,-0.09765625,-1.52587890625,-0.03662109375,-0.37841796875,-0.1220703125,-0.42724609375,-0.06103515625,-1.23291015625,0.08544921875,-0.69580078125,0.06103515625,-0.6591796875,-0.439453125,-0.52490234375,-0.06103515625,-0.0244140625,0.0244140625,-0.93994140625,0.0732421875,-1.708984375,-0.2685546875,-1.35498046875,-0.23193359375,-0.048828125,0.048828125,0.29296875,-0.01220703125,0,-0.0732421875,0,0.06103515625,0.20751953125,-0.23193359375,6.45751953125,-0.1708984375,3.271484375,0.048828125,1.9775390625,-0.10986328125,3.369140625
0,0.50048828125,-0.47607421875,0.08544921875,-0.40283203125,0.09765625,-0.4638671875,-0.10986328125,-0.1220703125,-0.30517578125,-0.10986328125,-0.01220703125,-0.9033203125,0.06103515625,1.0498046875,-0.01220703125,-0.18310546875,-0.18310546875,-0.59814453125,-0.06103515625,-0.13427734375,-0.3662109375,0.91552734375,0.03662109375,-0.59814453125,0.01220703125,0.1708984375,-0.2685546875,-0.52490234375,0.48828125,3.23486328125,-0.048828125,0.6103515625,-0.01220703125,-0.5126953125,-0.1708984375,0.1220703125,-0.03662109375,-0.3173828125,-0.0244140625,-0.6591796875,0.06103515625,-0.2197265625,0.18310546875,-0.7080078125,-0.1220703125,-0.40283203125,-0.08544921875,0.68359375,0.0244140625,2.6611328125,0.09765625,0.68359375,-0.28076171875,-0.06103515625,0.06103515625,0.93994140625,-0.0244140625,2.3681640625,0.08544921875,1.4892578125,0.9033203125,1.45263671875,0.1708984375,6.75048828125,0.10986328125,1.62353515625,0.0732421875,4.06494140625,0.0732421875,1.07421875,0.10986328125,1.11083984375,0.048828125,1.025390625,-0.1220703125,0.8056640625,0.08544921875,-0.048828125,-0.244140625,1.30615234375,0.048828125,-0.6103515625,-0.15869140625,0.20751953125,0.0732421875,-0.81787109375,-0.18310546875,-0.4638671875,-0.1220703125,-1.513671875,-0.06103515625,-0.37841796875,0.03662109375,-0.45166015625,-0.09765625,-1.23291015625,0.01220703125,-0.68359375,0,-0.67138671875,-0.40283203125,-0.5126953125,-0.10986328125,-0.048828125,0,-0.93994140625,0.048828125,-1.69677734375,-0.2685546875,-1.35498046875,-0.2197265625,-0.048828125,0.048828125,0.3173828125,0.0244140625,-0.01220703125,-0.0732421875,0,0.06103515625,0.1953125,-0.20751953125,5.3955078125,-0.15869140625,2.81982421875,0.06103515625,1.55029296875,-0.10986328125,2.69775390625
0,0.5126953125,-0.54931640625,0.09765625,-0.40283203125,0.09765625,-0.4638671875,-0.1220703125,-0.1220703125,-0.28076171875,-0.08544921875,0,-0.91552734375,0.03662109375,1.0498046875,0,-0.1708984375,-0.2685546875,-0.5859375,-0.06103515625,-0.13427734375,-0.390625,0.89111328125,0.08544921875,-0.59814453125,-0.09765625,0,-0.28076171875,-0.6591796875,0.47607421875,2.490234375,-0.1220703125,0.42724609375,0.01220703125,-0.67138671875,-0.2197265625,-0.5126953125,-0.01220703125,-0.47607421875,0,-0.830078125,-0.048828125,-0.23193359375,0.20751953125,-0.732421875,-0.06103515625,-0.40283203125,-0.18310546875,0.634765625,0.08544921875,3.271484375,0.09765625,0.84228515625,-0.29296875,0.048828125,-0.048828125,1.07421875,0.01220703125,2.11181640625,0.06103515625,1.28173828125,1.0009765625,1.28173828125,0.23193359375,5.70068359375,0.18310546875,1.50146484375,0.0732421875,3.8330078125,0.0244140625,0.98876953125,0.048828125,1.03759765625,0.01220703125,0.96435546875,-0.13427734375,0.79345703125,0.146484375,-0.0732421875,-0.2685546875,1.28173828125,0.0732421875,-0.78125,-0.1220703125,0.1708984375,-0.0244140625,-0.8544921875,-0.20751953125,-0.537109375,-0.1220703125,-1.52587890625,-0.06103515625,-0.37841796875,0.1220703125,-0.4638671875,-0.0732421875,-1.25732421875,-0.0732421875,-0.68359375,-0.0732421875,-0.6591796875,-0.35400390625,-0.54931640625,-0.146484375,-0.048828125,-0.01220703125,-0.9033203125,0,-1.64794921875,-0.25634765625,-1.33056640625,-0.2197265625,0.01220703125,0.03662109375,0.29296875,0.0244140625,0,-0.0732421875,0,0.08544921875,0.18310546875,-0.23193359375,4.40673828125,-0.1708984375,2.40478515625,0.0732421875,1.15966796875,-0.1220703125,2.099609375
1,0.50048828125,-0.57373046875,0.10986328125,-0.37841796875,0.08544921875,-0.439453125,-0.146484375,-0.10986328125,-0.244140625,-0.08544921875,-0.0244140625,-0.91552734375,0.0244140625,1.06201171875,0.01220703125,-0.15869140625,-0.28076171875,-0.59814453125,-0.0732421875,-0.146484375,-0.390625,0.9033203125,0.09765625,-0.6103515625,-0.1953125,-0.1708984375,-0.29296875,-0.81787109375,0.4150390625,1.7333984375,-0.2197265625,0.23193359375,-0.0244140625,-0.78125,-0.15869140625,-1.0498046875,-0.0244140625,-0.62255859375,0.01220703125,-0.927734375,-0.048828125,-0.25634765625,0.1953125,-0.72021484375,0.0732421875,-0.390625,-0.15869140625,0.6103515625,0.10986328125,4.01611328125,0.08544921875,1.03759765625,-0.30517578125,0.146484375,-0.1708984375,1.2451171875,0.09765625,1.86767578125,0.0244140625,1.08642578125,0.91552734375,1.123046875,0.244140625,4.65087890625,0.23193359375,1.3671875,0.08544921875,3.55224609375,0,0.93994140625,0.03662109375,0.9521484375,-0.0732421875,0.87890625,-0.146484375,0.81787109375,0.15869140625,-0.06103515625,-0.2685546875,1.28173828125,0.048828125,-0.927734375,-0.09765625,0.09765625,-0.09765625,-0.91552734375,-0.1708984375,-0.6103515625,-0.09765625,-1.52587890625,-0.048828125,-0.40283203125,0.18310546875,-0.48828125,-0.0732421875,-1.2451171875,-0.13427734375,-0.68359375,-0.1220703125,-0.64697265625,-0.30517578125,-0.5615234375,-0.13427734375,-0.06103515625,0.08544921875,-0.8544921875,-0.01220703125,-1.611328125,-0.1953125,-1.25732421875,-0.1708984375,0.1708984375,0.03662109375,0.3173828125,0.01220703125,-0.01220703125,-0.06103515625,0,0.08544921875,0.15869140625,-0.23193359375,3.47900390625,-0.15869140625,2.05078125,0.10986328125,0.79345703125,-0.146484375,1.5625
1,0.5126953125,-0.5615234375,0.0732421875,-0.390625,0.0732421875,-0.439453125,-0.146484375,-0.09765625,-0.23193359375,-0.09765625,-0.048828125,-0.9033203125,-0.01220703125,1.0498046875,0.01220703125,-0.18310546875,-0.35400390625,-0.62255859375,-0.0732421875,-0.146484375,-0.35400390625,0.89111328125,0.08544921875,-0.6103515625,-0.25634765625,-0.32958984375,-0.2685546875,-0.9521484375,0.390625,1.03759765625,-0.2685546875,0.0732421875,-0.0244140625,-0.86669921875,-0.1708984375,-1.3671875,-0.0244140625,-0.72021484375,0.01220703125,-0.9765625,-0.1220703125,-0.2685546875,0.146484375,-0.72021484375,0.1220703125,-0.37841796875,-0.10986328125,0.59814453125,0.28076171875,4.8095703125,0.0732421875,1.2451171875,-0.3173828125,0.2685546875,-0.244140625,1.40380859375,0.1708984375,1.59912109375,0.01220703125,0.87890625,0.9765625,0.9765625,0.244140625,3.62548828125,0.2685546875,1.220703125,0.06103515625,3.1982421875,-0.03662109375,0.84228515625,0.01220703125,0.84228515625,-0.13427734375,0.76904296875,-0.1708984375,0.76904296875,0.1708984375,-0.03662109375,-0.244140625,1.26953125,0.048828125,-1.01318359375,-0.08544921875,0.03662109375,-0.2197265625,-0.9521484375,-0.1220703125,-0.64697265625,-0.10986328125,-1.5380859375,-0.03662109375,-0.390625,0.23193359375,-0.48828125,-0.0732421875,-1.2451171875,-0.1708984375,-0.67138671875,-0.13427734375,-0.6591796875,-0.20751953125,-0.57373046875,-0.08544921875,-0.0732421875,0.09765625,-0.76904296875,-0.06103515625,-1.5380859375,-0.15869140625,-1.220703125,-0.1953125,0.32958984375,0.01220703125,0.30517578125,0.03662109375,-0.0244140625,-0.06103515625,-0.0244140625,0.1220703125,0.146484375,-0.244140625,2.64892578125,-0.146484375,1.74560546875,0.13427734375,0.50048828125,-0.146484375,1.08642578125
1,0.54931640625,-0.5126953125,0.06103515625,-0.390625,0.0732421875,-0.42724609375,-0.10986328125,-0.09765625,-0.23193359375,-0.1220703125,-0.06103515625,-0.89111328125,0,1.06201171875,0.01220703125,-0.1708984375,-0.35400390625,-0.5859375,-0.08544921875,-0.15869140625,-0.244140625,0.89111328125,0.06103515625,-0.6103515625,-0.29296875,-0.42724609375,-0.25634765625,-1.03759765625,0.30517578125,0.52490234375,-0.28076171875,-0.03662109375,-0.06103515625,-0.86669921875,-0.1953125,-1.4404296875,0,-0.72021484375,-0.03662109375,-0.9521484375,-0.0244140625,-0.2685546875,0.03662109375,-0.732421875,0.1708984375,-0.390625,-0.08544921875,0.5615234375,0.3173828125,5.6396484375,0.06103515625,1.416015625,-0.2685546875,0.4150390625,-0.32958984375,1.5380859375,0.1708984375,1.37939453125,-0.0244140625,0.72021484375,0.87890625,0.86669921875,0.23193359375,2.734375,0.28076171875,1.0498046875,-0.048828125,2.8076171875,-0.10986328125,0.72021484375,0,0.74462890625,-0.20751953125,0.68359375,-0.1708984375,0.78125,0.1953125,-0.048828125,-0.2197265625,1.28173828125,0.03662109375,-1.07421875,-0.0732421875,-0.01220703125,-0.29296875,-0.96435546875,-0.0732421875,-0.68359375,-0.09765625,-1.5380859375,0,-0.42724609375,0.30517578125,-0.48828125,-0.0244140625,-1.25732421875,-0.18310546875,-0.67138671875,-0.146484375,-0.6591796875,-0.048828125,-0.57373046875,-0.01220703125,-0.06103515625,0.1708984375,-0.67138671875,-0.06103515625,-1.4404296875,-0.08544921875,-1.15966796875,-0.1708984375,0.5126953125,0.01220703125,0.32958984375,0.048828125,-0.048828125,-0.06103515625,0.01220703125,0.1220703125,0.146484375,-0.25634765625,1.89208984375,-0.1220703125,1.47705078125,0.15869140625,0.23193359375,-0.15869140625,0.64697265625
1,0.5615234375,-0.4638671875,0.0732421875,-0.390625,0.048828125,-0.439453125,-0.1220703125,-0.10986328125,-0.1953125,-0.08544921875,-0.048828125,-0.9033203125,-0.01220703125,1.08642578125,-0.01220703125,-0.18310546875,-0.30517578125,-0.59814453125,-0.08544921875,-0.15869140625,-0.1708984375,0.89111328125,0.01220703125,-0.6103515625,-0.3173828125,-0.45166015625,-0.244140625,-1.06201171875,0.1708984375,0.28076171875,-0.29296875,-0.06103515625,-0.08544921875,-0.76904296875,-0.13427734375,-1.220703125,0.0244140625,-0.634765625,-0.10986328125,-0.87890625,0.03662109375,-0.244140625,-0.06103515625,-0.732421875,0.10986328125,-0.3662109375,0.03662109375,0.6103515625,0.3173828125,6.43310546875,0.0244140625,1.57470703125,-0.25634765625,0.52490234375,-0.3662109375,1.69677734375,0.15869140625,1.171875,-0.01220703125,0.57373046875,0.84228515625,0.732421875,0.15869140625,1.96533203125,0.32958984375,0.87890625,0,2.3681640625,-0.1708984375,0.59814453125,0.01220703125,0.6103515625,-0.25634765625,0.5859375,-0.1953125,0.7568359375,0.13427734375,-0.048828125,-0.1708984375,1.28173828125,-0.08544921875,-1.0986328125,-0.0732421875,-0.01220703125,-0.341796875,-0.9521484375,0.01220703125,-0.68359375,-0.0732421875,-1.52587890625,0,-0.4150390625,0.35400390625,-0.5126953125,-0.03662109375,-1.220703125,-0.18310546875,-0.6591796875,-0.146484375,-0.6591796875,0.03662109375,-0.59814453125,0.08544921875,-0.0732421875,0.25634765625,-0.59814453125,0.01220703125,-1.35498046875,-0.01220703125,-1.08642578125,-0.09765625,0.67138671875,-0.0244140625,0.3173828125,0.048828125,-0.06103515625,-0.0732421875,0,0.1220703125,0.13427734375,-0.2685546875,1.1962890625,-0.146484375,1.220703125,0.1708984375,-0.03662109375,-0.1708984375,0.23193359375
1,0.57373046875,-0.37841796875,0.0732421875,-0.37841796875,0.048828125,-0.42724609375,-0.09765625,-0.09765625,-0.1708984375,-0.06103515625,-0.0732421875,-0.87890625,-0.01220703125,1.08642578125,0.0244140625,-0.18310546875,-0.25634765625,-0.57373046875,-0.0732421875,-0.13427734375,-0.13427734375,0.9033203125,-0.0244140625,-0.62255859375,-0.32958984375,-0.42724609375,-0.18310546875,-1.01318359375,0.10986328125,0.390625,-0.25634765625,-0.03662109375,-0.09765625,-0.62255859375,-0.06103515625,-0.7080078125,0.0732421875,-0.48828125,-0.1220703125,-0.72021484375,0.048828125,-0.23193359375,-0.1708984375,-0.732421875,0.03662109375,-0.37841796875,0.03662109375,0.6103515625,0.2685546875,7.09228515625,0,1.7333984375,-0.2197265625,0.634765625,-0.3662109375,1.79443359375,0.146484375,0.98876953125,0,0.50048828125,0.9521484375,0.64697265625,0.10986328125,1.33056640625,0.30517578125,0.7568359375,0,1.9775390625,-0.2197265625,0.50048828125,0,0.52490234375,-0.2197265625,0.48828125,-0.28076171875,0.78125,0.09765625,-0.0732421875,-0.08544921875,1.28173828125,-0.09765625,-1.01318359375,-0.03662109375,-0.0244140625,-0.30517578125,-0.91552734375,0.0732421875,-0.634765625,-0.0244140625,-1.4892578125,0.08544921875,-0.4150390625,0.42724609375,-0.4638671875,0.01220703125,-1.1962890625,-0.18310546875,-0.6591796875,-0.10986328125,-0.68359375,0.1953125,-0.5859375,0.15869140625,-0.08544921875,0.2197265625,-0.5126953125,0.0244140625,-1.2939453125,-0.0244140625,-1.025390625,-0.09765625,0.78125,-0.0244140625,0.30517578125,0.06103515625,-0.03662109375,-0.06103515625,0,0.1220703125,0.146484375,-0.2685546875,0.537109375,-0.1708984375,1.0009765625,0.15869140625,-0.30517578125,-0.15869140625,-0.20751953125
1,0.57373046875,-0.30517578125,0.06103515625,-0.390625,0.06103515625,-0.439453125,-0.08544921875,-0.09765625,-0.1708984375,-0.06103515625,-0.0732421875,-0.87890625,0,1.07421875,0.03662109375,-0.20751953125,-0.1708984375,-0.5859375,-0.0732421875,-0.13427734375,-0.1220703125,0.89111328125,-0.0732421875,-0.6103515625,-0.29296875,-0.30517578125,-0.10986328125,-0.91552734375,0.048828125,0.84228515625,-0.2197265625,0.08544921875,-0.1220703125,-0.390625,0.01220703125,0,0.09765625,-0.29296875,-0.1953125,-0.5126953125,0.08544921875,-0.1953125,-0.2197265625,-0.7080078125,0.03662109375,-0.3662109375,0.01220703125,0.6591796875,0.146484375,7.58056640625,0.03662109375,1.81884765625,-0.20751953125,0.69580078125,-0.341796875,1.86767578125,0.10986328125,0.86669921875,0.0244140625,0.439453125,0.927734375,0.5615234375,0.0244140625,0.9033203125,0.28076171875,0.64697265625,0.0244140625,1.611328125,-0.244140625,0.40283203125,-0.01220703125,0.42724609375,-0.18310546875,0.42724609375,-0.3173828125,0.81787109375,0.06103515625,-0.0732421875,0.0244140625,1.28173828125,-0.1708984375,-0.9033203125,-0.048828125,0,-0.28076171875,-0.89111328125,0.048828125,-0.6103515625,-0.01220703125,-1.45263671875,0.1220703125,-0.4150390625,0.40283203125,-0.42724609375,-0.0244140625,-1.15966796875,-0.15869140625,-0.67138671875,-0.13427734375,-0.67138671875,0.146484375,-0.6103515625,0.1953125,-0.06103515625,0.23193359375,-0.439453125,0.048828125,-1.25732421875,0,-1.0009765625,-0.0732421875,0.8056640625,-0.048828125,0.3173828125,0.048828125,-0.0244140625,-0.0732421875,0.01220703125,0.10986328125,0.15869140625,-0.32958984375,-0.10986328125,-0.2685546875,0.7568359375,0.1220703125,-0.5615234375,-0.18310546875,-0.59814453125
1,0.5615234375,-0.28076171875,0.0244140625,-0.37841796875,0.06103515625,-0.439453125,-0.06103515625,-0.10986328125,-0.13427734375,-0.048828125,-0.0732421875,-0.89111328125,-0.0244140625,1.06201171875,0.03662109375,-0.1953125,-0.1220703125,-0.5615234375,-0.06103515625,-0.10986328125,-0.18310546875,0.87890625,-0.06103515625,-0.59814453125,-0.23193359375,-0.1220703125,-0.06103515625,-0.732421875,-0.048828125,1.59912109375,-0.1953125,0.28076171875,-0.08544921875,-0.13427734375,0,0.86669921875,0.10986328125,-0.06103515625,-0.18310546875,-0.28076171875,0.06103515625,-0.18310546875,-0.244140625,-0.72021484375,0.03662109375,-0.37841796875,0.048828125,0.732421875,0.13427734375,7.82470703125,0.03662109375,1.85546875,-0.146484375,0.732421875,-0.341796875,1.904296875,0.06103515625,0.74462890625,0.03662109375,0.4150390625,0.927734375,0.52490234375,-0.048828125,0.5859375,0.28076171875,0.54931640625,0.01220703125,1.35498046875,-0.2197265625,0.32958984375,-0.048828125,0.37841796875,-0.146484375,0.37841796875,-0.29296875,0.79345703125,0.0732421875,-0.0732421875,0.10986328125,1.2939453125,-0.146484375,-0.84228515625,-0.048828125,0.01220703125,-0.20751953125,-0.8544921875,0.048828125,-0.5859375,0,-1.47705078125,0.18310546875,-0.390625,0.35400390625,-0.42724609375,-0.0732421875,-1.171875,-0.1220703125,-0.68359375,-0.09765625,-0.68359375,0.146484375,-0.59814453125,0.25634765625,-0.03662109375,0.1708984375,-0.390625,0.08544921875,-1.23291015625,-0.03662109375,-0.9521484375,-0.09765625,0.78125,-0.0732421875,0.30517578125,0.03662109375,-0.0244140625,-0.0732421875,0,0.10986328125,0.18310546875,-0.30517578125,-0.7080078125,-0.244140625,0.52490234375,0.1220703125,-0.81787109375,-0.13427734375,-0.96435546875
1,0.54931640625,-0.2685546875,0.03662109375,-0.3662109375,0.03662109375,-0.4638671875,-0.03662109375,-0.09765625,-0.146484375,-0.048828125,-0.06103515625,-0.89111328125,0,1.0498046875,0.01220703125,-0.18310546875,-0.06103515625,-0.5859375,-0.03662109375,-0.09765625,-0.25634765625,0.89111328125,-0.0244140625,-0.59814453125,-0.18310546875,0.10986328125,0,-0.52490234375,0.0244140625,2.57568359375,-0.1708984375,0.52490234375,-0.0244140625,0.13427734375,0.20751953125,1.79443359375,0.13427734375,0.13427734375,-0.1953125,-0.06103515625,-0.01220703125,-0.1708984375,-0.18310546875,-0.7080078125,0,-0.390625,0.0244140625,0.74462890625,0.09765625,7.84912109375,0.048828125,1.84326171875,-0.0732421875,0.72021484375,-0.28076171875,1.904296875,0.03662109375,0.68359375,0.06103515625,0.42724609375,0.96435546875,0.48828125,-0.10986328125,0.40283203125,0.2685546875,0.5126953125,-0.0244140625,1.25732421875,-0.15869140625,0.3173828125,-0.08544921875,0.37841796875,-0.1220703125,0.32958984375,-0.28076171875,0.81787109375,0.1220703125,-0.06103515625,0.15869140625,1.2939453125,-0.06103515625,-0.78125,-0.048828125,0.01220703125,-0.09765625,-0.84228515625,-0.0244140625,-0.5615234375,-0.03662109375,-1.4892578125,0.18310546875,-0.40283203125,0.390625,-0.4638671875,-0.06103515625,-1.171875,-0.048828125,-0.67138671875,-0.08544921875,-0.67138671875,0.10986328125,-0.59814453125,0.2685546875,-0.048828125,0.146484375,-0.3662109375,0.146484375,-1.20849609375,-0.10986328125,-0.9521484375,-0.10986328125,0.74462890625,-0.1220703125,0.32958984375,0.0244140625,0,-0.0732421875,-0.01220703125,0.10986328125,0.1953125,-0.25634765625,-1.20849609375,-0.244140625,0.3173828125,0.09765625,-1.01318359375,-0.08544921875,-1.28173828125
1,0.50048828125,-0.28076171875,0.0732421875,-0.37841796875,0.03662109375,-0.45166015625,-0.0244140625,-0.10986328125,-0.09765625,-0.06103515625,-0.09765625,-0.9033203125,0,1.0498046875,0.01220703125,-0.18310546875,-0.0244140625,-0.59814453125,-0.0244140625,-0.1220703125,-0.32958984375,0.87890625,0.0244140625,-0.5859375,-0.13427734375,0.3662109375,0.048828125,-0.29296875,0.06103515625,3.67431640625,-0.1953125,0.78125,0.0244140625,0.40283203125,0.1953125,2.6611328125,0.10986328125,0.35400390625,-0.1953125,0.1708984375,-0.06103515625,-0.1708984375,-0.13427734375,-0.7080078125,0.048828125,-0.37841796875,0,0.8056640625,-0.0732421875,7.60498046875,0.06103515625,1.77001953125,-0.0244140625,0.68359375,-0.25634765625,1.86767578125,-0.03662109375,0.634765625,0.08544921875,0.45166015625,0.927734375,0.50048828125,-0.15869140625,0.25634765625,0.1953125,0.57373046875,-0.0732421875,1.37939453125,-0.10986328125,0.32958984375,-0.13427734375,0.4150390625,-0.06103515625,0.30517578125,-0.244140625,0.8544921875,0.15869140625,-0.06103515625,0.1220703125,1.2939453125,-0.08544921875,-0.79345703125,-0.09765625,0.01220703125,-0.0732421875,-0.81787109375,-0.10986328125,-0.54931640625,-0.048828125,-1.4892578125,0.18310546875,-0.37841796875,0.3173828125,-0.48828125,-0.06103515625,-1.18408203125,0.03662109375,-0.67138671875,-0.0732421875,-0.67138671875,-0.01220703125,-0.59814453125,0.28076171875,-0.0244140625,0.1220703125,-0.3662109375,0.15869140625,-1.20849609375,-0.1953125,-0.96435546875,-0.15869140625,0.68359375,-0.15869140625,0.3173828125,0.0244140625,-0.01220703125,-0.0732421875,-0.01220703125,0.10986328125,0.1953125,-0.25634765625,-1.57470703125,-0.23193359375,0.1953125,0.09765625,-1.1474609375,-0.0732421875,-1.52587890625
1,0.48828125,-0.30517578125,0.08544921875,-0.3662109375,0.06103515625,-0.45166015625,-0.01220703125,-0.1220703125,-0.0732421875,-0.0732421875,-0.1220703125,-0.9033203125,-0.01220703125,1.0498046875,0.0244140625,-0.20751953125,0.01220703125,-0.6103515625,-0.01220703125,-0.1220703125,-0.42724609375,0.89111328125,0.03662109375,-0.5859375,-0.06103515625,0.59814453125,0.0732421875,-0.06103515625,0.1953125,4.78515625,-0.18310546875,1.03759765625,0.03662109375,0.64697265625,0.244140625,3.40576171875,0.09765625,0.52490234375,-0.2197265625,0.341796875,-0.1220703125,-0.1708984375,-0.1220703125,-0.68359375,0.03662109375,-0.390625,-0.06103515625,0.830078125,-0.15869140625,7.177734375,0.08544921875,1.67236328125,0.048828125,0.634765625,-0.2197265625,1.77001953125,-0.0732421875,0.6103515625,0.08544921875,0.4638671875,1.11083984375,0.54931640625,-0.18310546875,0.1708984375,0.1708984375,0.68359375,-0.048828125,1.6845703125,-0.048828125,0.42724609375,-0.2197265625,0.5126953125,-0.0732421875,0.2685546875,-0.13427734375,0.8544921875,0.2197265625,-0.08544921875,0.03662109375,1.28173828125,0.01220703125,-0.78125,-0.0732421875,-0.06103515625,0,-0.830078125,-0.1220703125,-0.59814453125,-0.0244140625,-1.4892578125,0.13427734375,-0.37841796875,0.25634765625,-0.42724609375,-0.06103515625,-1.20849609375,0.1220703125,-0.67138671875,-0.048828125,-0.69580078125,-0.0732421875,-0.5859375,0.244140625,-0.0244140625,0.08544921875,-0.37841796875,0.146484375,-1.20849609375,-0.2685546875,-0.98876953125,-0.20751953125,0.62255859375,-0.18310546875,0.3173828125,0.03662109375,-0.01220703125,-0.0732421875,-0.03662109375,0.09765625,0.18310546875,-0.2685546875,-1.79443359375,-0.25634765625,0.08544921875,0.08544921875,-1.20849609375,-0.0732421875,-1.6357421875
1,0.45166015625,-0.35400390625,0.10986328125,-0.3662109375,0.08544921875,-0.45166015625,-0.0244140625,-0.1220703125,-0.01220703125,-0.06103515625,-0.1220703125,-0.91552734375,-0.01220703125,1.06201171875,0.01220703125,-0.1708984375,0,-0.6103515625,-0.01220703125,-0.146484375,-0.439453125,0.89111328125,0.0244140625,-0.5859375,0.01220703125,0.8056640625,0.0732421875,0.146484375,0.1708984375,5.7861328125,-0.1708984375,1.30615234375,0,0.830078125,0.23193359375,3.94287109375,0.03662109375,0.62255859375,-0.1953125,0.48828125,-0.18310546875,-0.15869140625,-0.09765625,-0.68359375,0.01220703125,-0.40283203125,-0.1708984375,0.81787109375,-0.18310546875,6.591796875,0.10986328125,1.5869140625,0.0732421875,0.5615234375,-0.1708984375,1.6845703125,-0.048828125,0.5615234375,0.08544921875,0.4638671875,1.0986328125,0.6103515625,-0.23193359375,0.03662109375,0.1220703125,0.8544921875,-0.0732421875,2.18505859375,0.0244140625,0.57373046875,-0.25634765625,0.6591796875,-0.15869140625,0.244140625,-0.048828125,0.9033203125,0.28076171875,-0.06103515625,0.03662109375,1.28173828125,0.06103515625,-0.8056640625,-0.09765625,-0.10986328125,-0.03662109375,-0.81787109375,-0.15869140625,-0.634765625,-0.03662109375,-1.513671875,0.03662109375,-0.390625,0.15869140625,-0.35400390625,-0.08544921875,-1.171875,0.18310546875,-0.68359375,-0.048828125,-0.68359375,-0.15869140625,-0.5859375,0.20751953125,-0.0244140625,0.048828125,-0.390625,0.13427734375,-1.23291015625,-0.32958984375,-1.01318359375,-0.2685546875,0.57373046875,-0.2197265625,0.29296875,0,-0.0244140625,-0.08544921875,-0.06103515625,0.08544921875,0.18310546875,-0.23193359375,-1.79443359375,-0.2685546875,0.08544921875,0.06103515625,-1.171875,-0.0732421875,-1.6357421875
1,0.4638671875,-0.390625,0.13427734375,-0.37841796875,0.09765625,-0.42724609375,-0.01220703125,-0.1220703125,0.01220703125,-0.06103515625,-0.10986328125,-0.91552734375,-0.03662109375,1.0498046875,0.01220703125,-0.20751953125,-0.01220703125,-0.6103515625,-0.0732421875,-0.15869140625,-0.4150390625,0.87890625,0.01220703125,-0.57373046875,0.01220703125,0.96435546875,0.01220703125,0.30517578125,0.18310546875,6.53076171875,-0.13427734375,1.4892578125,0.03662109375,0.9521484375,0.20751953125,4.28466796875,-0.01220703125,0.68359375,-0.1708984375,0.57373046875,-0.20751953125,-0.13427734375,-0.0732421875,-0.68359375,-0.01220703125,-0.390625,-0.244140625,0.76904296875,-0.1953125,6.0302734375,0.08544921875,1.46484375,0.0732421875,0.45166015625,-0.10986328125,1.57470703125,-0.09765625,0.54931640625,0.10986328125,0.45166015625,1.1474609375,0.67138671875,-0.25634765625,-0.09765625,0.1220703125,1.11083984375,-0.18310546875,2.880859375,0.048828125,0.7568359375,-0.28076171875,0.86669921875,-0.23193359375,0.1953125,0.03662109375,0.87890625,0.25634765625,-0.0732421875,0.0244140625,1.26953125,0.09765625,-0.86669921875,-0.09765625,-0.146484375,-0.09765625,-0.8544921875,-0.15869140625,-0.6591796875,-0.0244140625,-1.47705078125,-0.0244140625,-0.341796875,0.0732421875,-0.15869140625,-0.08544921875,-1.123046875,0.1953125,-0.68359375,-0.0244140625,-0.68359375,-0.23193359375,-0.5859375,0.146484375,-0.0244140625,0.09765625,-0.40283203125,0.0732421875,-1.20849609375,-0.32958984375,-1.01318359375,-0.28076171875,0.5615234375,-0.244140625,0.30517578125,0,-0.01220703125,-0.09765625,-0.06103515625,0.08544921875,0.1953125,-0.2197265625,-1.62353515625,-0.25634765625,0.15869140625,0.0732421875,-1.07421875,-0.08544921875,-1.50146484375
1,0.42724609375,-0.4150390625,0.146484375,-0.390625,0.09765625,-0.42724609375,0.01220703125,-0.10986328125,0.03662109375,-0.06103515625,-0.10986328125,-0.93994140625,-0.048828125,1.0498046875,0.0244140625,-0.1953125,-0.03662109375,-0.634765625,-0.1220703125,-0.15869140625,-0.3662109375,0.87890625,-0.01220703125,-0.59814453125,0.06103515625,1.07421875,-0.0732421875,0.4150390625,0.20751953125,7.06787109375,-0.09765625,1.611328125,0.0244140625,1.01318359375,0.1708984375,4.40673828125,-0.048828125,0.69580078125,-0.09765625,0.5859375,-0.25634765625,-0.13427734375,-0.08544921875,-0.69580078125,-0.06103515625,-0.37841796875,-0.29296875,0.72021484375,-0.244140625,5.50537109375,0.06103515625,1.3671875,0.09765625,0.3662109375,0,1.4892578125,-0.08544921875,0.5126953125,0.08544921875,0.40283203125,1.23291015625,0.72021484375,-0.30517578125,-0.2685546875,0.1220703125,1.42822265625,-0.20751953125,3.7109375,0.048828125,1.0009765625,-0.25634765625,1.08642578125,-0.29296875,0.15869140625,0.06103515625,0.87890625,0.23193359375,-0.0732421875,-0.048828125,1.25732421875,0.15869140625,-0.9033203125,-0.1220703125,-0.1953125,-0.1953125,-0.89111328125,-0.15869140625,-0.67138671875,-0.03662109375,-1.42822265625,-0.09765625,-0.28076171875,-0.06103515625,0.1708984375,-0.10986328125,-1.03759765625,0.1220703125,-0.68359375,0.0244140625,-0.6591796875,-0.23193359375,-0.57373046875,0.0732421875,-0.03662109375,0.13427734375,-0.439453125,0.03662109375,-1.1962890625,-0.29296875,-1.03759765625,-0.2685546875,0.5615234375,-0.2197265625,0.30517578125,0,-0.0244140625,-0.0732421875,-0.08544921875,0.048828125,0.1708984375,-0.244140625,-1.2939453125,-0.23193359375,0.3173828125,0.0732421875,-0.93994140625,-0.048828125,-1.25732421875
0,0.37841796875,-0.42724609375,0.1708984375,-0.390625,0.0732421875,-0.439453125,0.03662109375,-0.10986328125,0.03662109375,-0.048828125,-0.09765625,-0.927734375,-0.01220703125,1.06201171875,0.01220703125,-0.18310546875,-0.048828125,-0.62255859375,-0.23193359375,-0.15869140625,-0.25634765625,0.86669921875,-0.08544921875,-0.5859375,0.09765625,1.11083984375,-0.146484375,0.439453125,0.1953125,7.275390625,-0.048828125,1.67236328125,-0.048828125,0.9765625,0.1220703125,4.33349609375,-0.09765625,0.62255859375,-0.0732421875,0.54931640625,-0.25634765625,-0.146484375,-0.10986328125,-0.72021484375,-0.08544921875,-0.4150390625,-0.20751953125,0.64697265625,-0.10986328125,5.1025390625,0.01220703125,1.28173828125,0.01220703125,0.3173828125,0.06103515625,1.3916015625,-0.06103515625,0.47607421875,0.06103515625,0.37841796875,1.25732421875,0.78125,-0.35400390625,-0.45166015625,0.146484375,1.7822265625,-0.1708984375,4.58984375,0.048828125,1.26953125,-0.2197265625,1.3427734375,-0.3173828125,0.1220703125,0.03662109375,0.8544921875,0.15869140625,-0.0732421875,-0.0732421875,1.26953125,0.18310546875,-0.89111328125,-0.10986328125,-0.1708984375,-0.30517578125,-0.9033203125,-0.09765625,-0.6591796875,-0.08544921875,-1.28173828125,-0.1708984375,-0.18310546875,-0.01220703125,0.62255859375,-0.09765625,-0.87890625,0.03662109375,-0.7080078125,0.048828125,-0.67138671875,-0.20751953125,-0.54931640625,0,-0.03662109375,0.15869140625,-0.42724609375,-0.048828125,-1.171875,-0.2685546875,-1.01318359375,-0.23193359375,0.6103515625,-0.25634765625,0.3173828125,0,-0.0244140625,-0.08544921875,-0.09765625,0.06103515625,0.1708984375,-0.23193359375,-0.87890625,-0.244140625,0.48828125,0.06103515625,-0.7568359375,-0.0732421875,-0.9765625
0,0.37841796875,-0.40283203125,0.18310546875,-0.390625,0.0732421875,-0.439453125,0.048828125,-0.10986328125,0.06103515625,-0.048828125,-0.10986328125,-0.93994140625,-0.01220703125,1.08642578125,0,-0.15869140625,-0.06103515625,-0.59814453125,-0.30517578125,-0.1708984375,-0.15869140625,0.86669921875,-0.13427734375,-0.59814453125,0.08544921875,1.0986328125,-0.20751953125,0.45166015625,0.15869140625,7.2265625,-0.048828125,1.66015625,-0.1220703125,0.9033203125,0.048828125,4.1015625,-0.13427734375,0.52490234375,-0.06103515625,0.5126953125,-0.15869140625,-0.146484375,-0.1708984375,-0.69580078125,-0.13427734375,-0.390625,-0.09765625,0.5859375,-0.13427734375,4.91943359375,-0.0244140625,1.220703125,-0.01220703125,0.28076171875,0.1708984375,1.35498046875,0,0.45166015625,0.03662109375,0.3662109375,1.35498046875,0.8056640625,-0.3662109375,-0.59814453125,0.1708984375,2.1240234375,0.06103515625,5.38330078125,0,1.5380859375,-0.1708984375,1.5869140625,-0.25634765625,0.10986328125,0.0732421875,0.81787109375,0.13427734375,-0.06103515625,-0.048828125,1.25732421875,0.30517578125,-0.8544921875,-0.08544921875,-0.13427734375,-0.3662109375,-0.9033203125,-0.06103515625,-0.634765625,-0.08544921875,-1.123046875,-0.146484375,-0.03662109375,-0.03662109375,1.2451171875,-0.09765625,-0.634765625,-0.048828125,-0.69580078125,0.06103515625,-0.68359375,-0.1220703125,-0.5615234375,-0.09765625,-0.048828125,0.18310546875,-0.439453125,-0.1220703125,-1.15966796875,-0.23193359375,-1.0009765625,-0.23193359375,0.62255859375,-0.244140625,0.30517578125,0.01220703125,-0.01220703125,-0.0732421875,-0.09765625,0.08544921875,0.13427734375,-0.18310546875,-0.439453125,-0.23193359375,0.64697265625,0.06103515625,-0.54931640625,-0.06103515625,-0.7080078125
0,0.35400390625,-0.37841796875,0.15869140625,-0.3662109375,0.0244140625,-0.439453125,0.048828125,-0.09765625,0.06103515625,-0.06103515625,-0.06103515625,-0.9033203125,-0.048828125,1.07421875,0.03662109375,-0.15869140625,-0.048828125,-0.5859375,-0.32958984375,-0.15869140625,-0.0244140625,0.86669921875,-0.1953125,-0.59814453125,0.0732421875,1.0009765625,-0.28076171875,0.390625,0.10986328125,6.9091796875,-0.09765625,1.611328125,-0.1953125,0.7568359375,0.01220703125,3.79638671875,-0.1708984375,0.45166015625,-0.09765625,0.42724609375,-0.1953125,-0.146484375,-0.2197265625,-0.7080078125,-0.20751953125,-0.4150390625,-0.03662109375,0.537109375,-0.146484375,4.89501953125,-0.08544921875,1.20849609375,-0.1220703125,0.29296875,0.244140625,1.35498046875,0.01220703125,0.4638671875,0.0732421875,0.341796875,1.416015625,0.78125,-0.40283203125,-0.7080078125,0.20751953125,2.45361328125,0.146484375,6.11572265625,-0.03662109375,1.7578125,-0.048828125,1.806640625,-0.15869140625,0.09765625,0.09765625,0.830078125,0.08544921875,-0.0732421875,-0.1220703125,1.2451171875,0.2685546875,-0.79345703125,-0.08544921875,-0.0732421875,-0.37841796875,-0.89111328125,-0.048828125,-0.5615234375,-0.1220703125,-0.89111328125,-0.18310546875,0.15869140625,-0.0244140625,1.9775390625,-0.09765625,-0.35400390625,-0.13427734375,-0.68359375,0.06103515625,-0.67138671875,0.01220703125,-0.57373046875,-0.146484375,-0.06103515625,0.1953125,-0.439453125,-0.13427734375,-1.1474609375,-0.15869140625,-0.98876953125,-0.25634765625,0.634765625,-0.25634765625,0.29296875,0.0244140625,-0.01220703125,-0.0732421875,-0.08544921875,0.08544921875,0.13427734375,-0.20751953125,-0.10986328125,-0.23193359375,0.79345703125,0.06103515625,-0.439453125,-0.048828125,-0.47607421875
0,0.32958984375,-0.341796875,0.15869140625,-0.3662109375,0.01220703125,-0.42724609375,0.03662109375,-0.08544921875,0.048828125,-0.0732421875,-0.06103515625,-0.89111328125,-0.048828125,1.08642578125,-0.01220703125,-0.13427734375,-0.01220703125,-0.59814453125,-0.3662109375,-0.15869140625,0.0732421875,0.86669921875,-0.23193359375,-0.59814453125,0.048828125,0.89111328125,-0.29296875,0.25634765625,0.048828125,6.40869140625,-0.0732421875,1.4892578125,-0.25634765625,0.59814453125,-0.03662109375,3.41796875,-0.1708984375,0.35400390625,-0.15869140625,0.3173828125,-0.1220703125,-0.1220703125,-0.25634765625,-0.69580078125,-0.244140625,-0.40283203125,0.03662109375,0.5126953125,-0.15869140625,5.029296875,-0.15869140625,1.220703125,-0.244140625,0.28076171875,0.25634765625,1.35498046875,0.01220703125,0.4638671875,0.0244140625,0.32958984375,1.3671875,0.74462890625,-0.40283203125,-0.74462890625,0.1708984375,2.72216796875,0.146484375,6.640625,-0.08544921875,1.94091796875,0.01220703125,1.94091796875,-0.03662109375,0.10986328125,0.0732421875,0.84228515625,0.048828125,-0.06103515625,-0.1220703125,1.25732421875,0.29296875,-0.732421875,-0.03662109375,0.03662109375,-0.29296875,-0.87890625,-0.0244140625,-0.5126953125,-0.10986328125,-0.62255859375,-0.1708984375,0.3662109375,0.146484375,2.783203125,-0.048828125,-0.01220703125,-0.1708984375,-0.68359375,0.03662109375,-0.6591796875,0.1220703125,-0.5859375,-0.146484375,-0.06103515625,0.1953125,-0.42724609375,-0.15869140625,-1.13525390625,-0.0732421875,-0.9521484375,-0.2197265625,0.6591796875,-0.25634765625,0.30517578125,0.03662109375,-0.03662109375,-0.0732421875,-0.06103515625,0.1220703125,0.146484375,-0.1708984375,0.10986328125,-0.1708984375,0.87890625,0.0732421875,-0.37841796875,0,-0.35400390625
0,0.29296875,-0.28076171875,0.13427734375,-0.37841796875,-0.01220703125,-0.439453125,0.03662109375,-0.09765625,0.10986328125,-0.0732421875,-0.048828125,-0.89111328125,-0.0732421875,1.08642578125,0,-0.1708984375,-0.0244140625,-0.59814453125,-0.32958984375,-0.146484375,0.09765625,0.8544921875,-0.20751953125,-0.59814453125,-0.0244140625,0.732421875,-0.2685546875,0.09765625,0.0244140625,5.77392578125,-0.048828125,1.318359375,-0.30517578125,0.4150390625,-0.06103515625,3.03955078125,-0.18310546875,0.28076171875,-0.1953125,0.20751953125,-0.09765625,-0.10986328125,-0.2685546875,-0.7080078125,-0.2685546875,-0.4150390625,0.03662109375,0.50048828125,-0.1708984375,5.224609375,-0.1708984375,1.25732421875,-0.29296875,0.3173828125,0.2685546875,1.3671875,0.0732421875,0.47607421875,0.03662109375,0.32958984375,1.318359375,0.67138671875,-0.341796875,-0.72021484375,0.10986328125,2.880859375,0.18310546875,6.94580078125,-0.1220703125,2.03857421875,0.06103515625,2.03857421875,0.06103515625,0.1220703125,0.0244140625,0.86669921875,-0.03662109375,-0.0732421875,-0.08544921875,1.28173828125,0.244140625,-0.634765625,0.0244140625,0.13427734375,-0.146484375,-0.84228515625,0.0244140625,-0.45166015625,-0.13427734375,-0.341796875,-0.13427734375,0.6103515625,0.20751953125,3.55224609375,-0.03662109375,0.3173828125,-0.15869140625,-0.67138671875,0.01220703125,-0.6591796875,0.2197265625,-0.5859375,-0.146484375,-0.06103515625,0.18310546875,-0.4150390625,-0.2197265625,-1.123046875,-0.048828125,-0.9521484375,-0.20751953125,0.6591796875,-0.244140625,0.29296875,0.03662109375,-0.03662109375,-0.06103515625,-0.01220703125,0.10986328125,0.15869140625,-0.25634765625,0.146484375,-0.2197265625,0.9033203125,0,-0.35400390625,-0.03662109375,-0.3662109375
0,0.25634765625,-0.2685546875,0.146484375,-0.37841796875,0,-0.42724609375,0.048828125,-0.0732421875,0.13427734375,-0.08544921875,-0.06103515625,-0.9033203125,-0.09765625,1.07421875,-0.01220703125,-0.1708984375,-0.01220703125,-0.59814453125,-0.30517578125,-0.1220703125,0.09765625,0.87890625,-0.1708984375,-0.5859375,-0.09765625,0.57373046875,-0.23193359375,-0.09765625,0.01220703125,5.0537109375,-0.048828125,1.123046875,-0.25634765625,0.25634765625,-0.23193359375,2.64892578125,-0.18310546875,0.20751953125,-0.20751953125,0.09765625,-0.03662109375,-0.08544921875,-0.23193359375,-0.7080078125,-0.1953125,-0.4150390625,0.06103515625,0.537109375,-0.18310546875,5.38330078125,-0.18310546875,1.28173828125,-0.37841796875,0.35400390625,0.2197265625,1.40380859375,0.10986328125,0.48828125,0.06103515625,0.341796875,1.33056640625,0.57373046875,-0.32958984375,-0.59814453125,0.03662109375,2.9052734375,0.1953125,6.982421875,-0.10986328125,2.0751953125,0.10986328125,2.01416015625,0.08544921875,0.15869140625,-0.048828125,0.87890625,-0.09765625,-0.06103515625,-0.10986328125,1.2939453125,0.23193359375,-0.6103515625,0.09765625,0.23193359375,0,-0.81787109375,0.0732421875,-0.390625,-0.1220703125,-0.0732421875,-0.09765625,0.830078125,0.1953125,4.28466796875,0.01220703125,0.634765625,-0.1708984375,-0.68359375,0,-0.67138671875,0.25634765625,-0.59814453125,-0.08544921875,-0.06103515625,0.23193359375,-0.439453125,-0.2197265625,-1.1474609375,0,-0.96435546875,-0.13427734375,0.6103515625,-0.244140625,0.30517578125,0.06103515625,-0.01220703125,-0.08544921875,-0.01220703125,0.146484375,0.1708984375,-0.2685546875,0.03662109375,-0.2197265625,0.86669921875,0.01220703125,-0.4150390625,0,-0.439453125
0,0.244140625,-0.25634765625,0.1220703125,-0.390625,-0.0244140625,-0.42724609375,0.0244140625,-0.09765625,0.13427734375,-0.0732421875,-0.08544921875,-0.9033203125,-0.10986328125,1.0498046875,0.01220703125,-0.1953125,-0.0244140625,-0.6103515625,-0.2197265625,-0.1220703125,0.1220703125,0.87890625,-0.08544921875,-0.5615234375,-0.10986328125,0.390625,-0.1953125,-0.28076171875,0,4.30908203125,-0.08544921875,0.93994140625,-0.18310546875,0.1220703125,-0.32958984375,2.30712890625,-0.146484375,0.13427734375,-0.244140625,-0.048828125,0.03662109375,-0.09765625,-0.13427734375,-0.7080078125,-0.1220703125,-0.4150390625,0.08544921875,0.5859375,-0.18310546875,5.40771484375,-0.1220703125,1.30615234375,-0.40283203125,0.3662109375,0.1953125,1.40380859375,0.09765625,0.5126953125,0.09765625,0.3662109375,1.3427734375,0.54931640625,-0.1953125,-0.45166015625,0,2.83203125,0.1953125,6.7626953125,-0.08544921875,2.01416015625,0.146484375,1.94091796875,0.0732421875,0.23193359375,-0.08544921875,0.89111328125,-0.09765625,-0.048828125,-0.09765625,1.28173828125,0.20751953125,-0.5859375,0.13427734375,0.29296875,0.146484375,-0.81787109375,0.0244140625,-0.40283203125,-0.1708984375,0.13427734375,-0.08544921875,1.0498046875,0.1220703125,4.8828125,0,0.87890625,-0.146484375,-0.67138671875,-0.01220703125,-0.67138671875,0.3173828125,-0.5859375,-0.01220703125,-0.048828125,0.28076171875,-0.47607421875,-0.20751953125,-1.171875,0.0244140625,-0.9521484375,-0.06103515625,0.57373046875,-0.23193359375,0.3173828125,0.03662109375,-0.01220703125,-0.06103515625,-0.0244140625,0.146484375,0.1953125,-0.18310546875,-0.18310546875,-0.15869140625,0.78125,0.048828125,-0.48828125,0.03662109375,-0.57373046875
0,0.23193359375,-0.29296875,0.10986328125,-0.390625,-0.048828125,-0.439453125,0.0244140625,-0.09765625,0.18310546875,-0.08544921875,-0.1220703125,-0.9033203125,-0.13427734375,1.025390625,0.0244140625,-0.18310546875,-0.06103515625,-0.6103515625,-0.10986328125,-0.09765625,0.10986328125,0.89111328125,-0.03662109375,-0.57373046875,-0.09765625,0.20751953125,-0.13427734375,-0.47607421875,0.0244140625,3.57666015625,-0.13427734375,0.732421875,-0.146484375,-0.01220703125,-0.45166015625,1.96533203125,-0.10986328125,0.0732421875,-0.244140625,-0.15869140625,0.048828125,-0.10986328125,-0.09765625,-0.69580078125,-0.0732421875,-0.4150390625,0.01220703125,0.62255859375,-0.1220703125,5.23681640625,-0.0732421875,1.2939453125,-0.40283203125,0.341796875,0.1708984375,1.37939453125,0.08544921875,0.537109375,0.18310546875,0.37841796875,1.3671875,0.52490234375,-0.13427734375,-0.25634765625,0.01220703125,2.64892578125,0.23193359375,6.3232421875,-0.03662109375,1.904296875,0.146484375,1.7578125,0.03662109375,0.28076171875,-0.09765625,0.93994140625,-0.06103515625,-0.048828125,-0.06103515625,1.26953125,0.0732421875,-0.5859375,0.15869140625,0.244140625,0.2685546875,-0.830078125,-0.0244140625,-0.4150390625,-0.18310546875,0.29296875,-0.0244140625,1.1962890625,-0.01220703125,5.28564453125,-0.0244140625,1.025390625,-0.15869140625,-0.69580078125,-0.048828125,-0.6591796875,0.37841796875,-0.6103515625,0.048828125,-0.048828125,0.2197265625,-0.5126953125,-0.244140625,-1.2451171875,-0.0732421875,-1.0009765625,-0.03662109375,0.537109375,-0.23193359375,0.3173828125,0.048828125,0,-0.06103515625,-0.03662109375,0.1220703125,0.2197265625,-0.244140625,-0.4638671875,-0.20751953125,0.68359375,0.01220703125,-0.5859375,-0.01220703125,-0.732421875
0,0.20751953125,-0.32958984375,0.1220703125,-0.390625,-0.048828125,-0.4638671875,0.03662109375,-0.10986328125,0.20751953125,-0.0732421875,-0.13427734375,-0.9033203125,-0.146484375,1.025390625,0.0244140625,-0.1953125,-0.08544921875,-0.62255859375,-0.0244140625,-0.1220703125,0.1220703125,0.9033203125,0.01220703125,-0.5615234375,-0.048828125,0.03662109375,-0.08544921875,-0.6591796875,0.03662109375,2.9052734375,-0.23193359375,0.537109375,-0.10986328125,-0.13427734375,-0.48828125,1.6357421875,-0.06103515625,-0.01220703125,-0.32958984375,-0.25634765625,0.03662109375,-0.10986328125,-0.048828125,-0.7080078125,-0.06103515625,-0.4150390625,0.048828125,0.64697265625,-0.2197265625,4.87060546875,-0.0244140625,1.2451171875,-0.4638671875,0.29296875,0.13427734375,1.33056640625,-0.01220703125,0.5615234375,0.2685546875,0.40283203125,1.35498046875,0.54931640625,-0.09765625,-0.09765625,0.0244140625,2.3681640625,0.244140625,5.72509765625,0.0244140625,1.72119140625,0.146484375,1.5625,0.03662109375,0.32958984375,-0.13427734375,0.9765625,0.03662109375,-0.03662109375,-0.13427734375,1.26953125,0.1220703125,-0.59814453125,0.1953125,0.18310546875,0.3173828125,-0.86669921875,-0.06103515625,-0.47607421875,-0.18310546875,0.35400390625,0.0244140625,1.28173828125,-0.0732421875,5.4931640625,0,1.07421875,-0.10986328125,-0.69580078125,-0.03662109375,-0.64697265625,0.32958984375,-0.59814453125,0.1220703125,-0.03662109375,0.23193359375,-0.5859375,-0.1953125,-1.318359375,-0.1220703125,-1.03759765625,-0.0244140625,0.47607421875,-0.23193359375,0.32958984375,0.0244140625,0.0244140625,-0.0732421875,-0.0244140625,0.15869140625,0.20751953125,-0.25634765625,-0.67138671875,-0.20751953125,0.634765625,0.048828125,-0.64697265625,0.01220703125,-0.830078125
0,0.1953125,-0.40283203125,0.10986328125,-0.40283203125,-0.048828125,-0.48828125,0.0244140625,-0.10986328125,0.23193359375,-0.0732421875,-0.13427734375,-0.91552734375,-0.15869140625,1.025390625,0.0244140625,-0.1953125,-0.06103515625,-0.5859375,0.048828125,-0.13427734375,0.15869140625,0.9033203125,0.03662109375,-0.57373046875,0.01220703125,-0.10986328125,-0.0732421875,-0.79345703125,0.01220703125,2.2705078125,-0.244140625,0.3662109375,-0.15869140625,-0.23193359375,-0.42724609375,1.2939453125,-0.01220703125,-0.06103515625,-0.341796875,-0.3662109375,-0.01220703125,-0.10986328125,-0.048828125,-0.7080078125,-0.0732421875,-0.4150390625,0,0.69580078125,-0.18310546875,4.23583984375,0.03662109375,1.123046875,-0.4638671875,0.20751953125,0.03662109375,1.20849609375,-0.01220703125,0.5859375,0.32958984375,0.4150390625,1.2451171875,0.5859375,-0.06103515625,-0.0244140625,0.06103515625,2.03857421875,0.23193359375,5.029296875,0.03662109375,1.4892578125,0.09765625,1.318359375,0.048828125,0.3662109375,-0.09765625,0.9521484375,0.13427734375,-0.0244140625,-0.15869140625,1.25732421875,0.15869140625,-0.5859375,0.20751953125,0.09765625,0.32958984375,-0.87890625,-0.1220703125,-0.537109375,-0.1220703125,0.341796875,0.0244140625,1.2939453125,-0.1708984375,5.4443359375,-0.0244140625,1.025390625,-0.08544921875,-0.69580078125,-0.03662109375,-0.6591796875,0.29296875,-0.5859375,0.18310546875,-0.03662109375,0.2197265625,-0.64697265625,-0.146484375,-1.3916015625,-0.1953125,-1.0986328125,-0.03662109375,0.45166015625,-0.25634765625,0.3173828125,0.0244140625,-0.01220703125,-0.06103515625,-0.0244140625,0.146484375,0.1953125,-0.23193359375,-0.81787109375,-0.13427734375,0.634765625,0.03662109375,-0.6591796875,-0.01220703125,-0.86669921875
0,0.1708984375,-0.439453125,0.08544921875,-0.390625,-0.0244140625,-0.47607421875,0.048828125,-0.1220703125,0.2685546875,-0.0732421875,-0.13427734375,-0.89111328125,-0.15869140625,1.03759765625,0.01220703125,-0.18310546875,-0.03662109375,-0.6103515625,0.08544921875,-0.146484375,0.13427734375,0.9033203125,0,-0.5859375,0.09765625,-0.2197265625,-0.06103515625,-0.91552734375,0.0244140625,1.74560546875,-0.2197265625,0.1953125,-0.1953125,-0.32958984375,-0.3662109375,0.91552734375,-0.01220703125,-0.18310546875,-0.3173828125,-0.47607421875,-0.0732421875,-0.1220703125,-0.048828125,-0.7080078125,-0.09765625,-0.42724609375,-0.09765625,0.7080078125,-0.1220703125,3.45458984375,0.0732421875,0.9521484375,-0.45166015625,0.09765625,-0.01220703125,1.07421875,-0.01220703125,0.57373046875,0.390625,0.42724609375,1.220703125,0.6591796875,-0.0732421875,-0.0244140625,0.08544921875,1.66015625,0.146484375,4.296875,0.048828125,1.2451171875,0.08544921875,1.07421875,0.01220703125,0.37841796875,-0.06103515625,0.91552734375,0.1708984375,-0.01220703125,-0.1708984375,1.2451171875,0.1953125,-0.537109375,0.15869140625,0.03662109375,0.25634765625,-0.9033203125,-0.1220703125,-0.5859375,-0.0244140625,0.25634765625,0.048828125,1.220703125,-0.28076171875,5.224609375,-0.03662109375,0.91552734375,-0.0244140625,-0.68359375,0,-0.64697265625,0.23193359375,-0.57373046875,0.244140625,-0.03662109375,0.1708984375,-0.72021484375,-0.09765625,-1.4404296875,-0.2685546875,-1.1474609375,-0.09765625,0.439453125,-0.25634765625,0.341796875,0.01220703125,0,-0.06103515625,-0.03662109375,0.13427734375,0.18310546875,-0.29296875,-0.78125,-0.18310546875,0.68359375,0.0244140625,-0.5859375,-0.048828125,-0.79345703125
0,0.18310546875,-0.4638671875,0.08544921875,-0.390625,-0.0244140625,-0.48828125,0.0732421875,-0.1220703125,0.28076171875,-0.06103515625,-0.1708984375,-0.91552734375,-0.18310546875,1.025390625,0.048828125,-0.18310546875,0,-0.5859375,0.08544921875,-0.15869140625,0.1220703125,0.89111328125,-0.06103515625,-0.59814453125,0.15869140625,-0.29296875,-0.08544921875,-1.01318359375,0,1.26953125,-0.1953125,0.0732421875,-0.2685546875,-0.40283203125,-0.28076171875,0.47607421875,0,-0.2685546875,-0.2197265625,-0.6103515625,-0.08544921875,-0.13427734375,-0.048828125,-0.7080078125,-0.1220703125,-0.42724609375,0,0.69580078125,-0.06103515625,2.60009765625,0.1220703125,0.78125,-0.42724609375,-0.0244140625,-0.0732421875,0.91552734375,0,0.57373046875,0.42724609375,0.439453125,1.2451171875,0.74462890625,-0.0244140625,-0.09765625,0.10986328125,1.33056640625,0.08544921875,3.62548828125,0.048828125,1.025390625,0.06103515625,0.86669921875,-0.01220703125,0.37841796875,-0.1220703125,0.87890625,0.146484375,-0.01220703125,-0.20751953125,1.26953125,0.3173828125,-0.32958984375,0.08544921875,0.0244140625,0.1708984375,-0.9033203125,-0.13427734375,-0.5859375,0.0244140625,0.1220703125,0.06103515625,1.11083984375,-0.3662109375,4.84619140625,-0.0244140625,0.72021484375,0.0244140625,-0.68359375,-0.0244140625,-0.6591796875,0.146484375,-0.5615234375,0.23193359375,-0.0732421875,0.1708984375,-0.74462890625,-0.06103515625,-1.4892578125,-0.3662109375,-1.18408203125,-0.1708984375,0.4638671875,-0.25634765625,0.32958984375,0.0244140625,0,-0.06103515625,-0.048828125,0.13427734375,0.1953125,-0.2685546875,-0.59814453125,-0.15869140625,0.8056640625,0.06103515625,-0.4638671875,-0.048828125,-0.6103515625
0,0.1708984375,-0.47607421875,0.048828125,-0.390625,-0.01220703125,-0.48828125,0.08544921875,-0.1220703125,0.2685546875,-0.06103515625,-0.15869140625,-0.9033203125,-0.146484375,1.06201171875,0.01220703125,-0.18310546875,0.01220703125,-0.5859375,0.048828125,-0.1708984375,0.10986328125,0.87890625,-0.09765625,-0.6103515625,0.2197265625,-0.37841796875,-0.10986328125,-1.06201171875,0.01220703125,0.9033203125,-0.0732421875,-0.01220703125,-0.30517578125,-0.537109375,-0.18310546875,0,0,-0.390625,-0.20751953125,-0.74462890625,-0.048828125,-0.1708984375,-0.048828125,-0.7080078125,-0.23193359375,-0.4150390625,-0.048828125,0.6591796875,-0.03662109375,1.806640625,0.13427734375,0.6103515625,-0.37841796875,-0.1708984375,-0.18310546875,0.7568359375,0.01220703125,0.54931640625,0.42724609375,0.42724609375,1.18408203125,0.8056640625,-0.0244140625,-0.2197265625,0.13427734375,1.01318359375,0.03662109375,3.0517578125,0.01220703125,0.76904296875,0.06103515625,0.69580078125,-0.0732421875,0.35400390625,-0.15869140625,0.84228515625,0.18310546875,-0.0244140625,-0.2197265625,1.26953125,0.40283203125,0.0244140625,0.0244140625,0.0732421875,0.09765625,-0.84228515625,-0.1220703125,-0.5126953125,0.06103515625,-0.03662109375,0.09765625,0.96435546875,-0.3173828125,4.40673828125,0,0.52490234375,0.0732421875,-0.67138671875,0,-0.6591796875,0.09765625,-0.57373046875,0.15869140625,-0.0732421875,0.15869140625,-0.7568359375,-0.06103515625,-1.4892578125,-0.439453125,-1.1962890625,-0.2197265625,0.50048828125,-0.2685546875,0.32958984375,0.01220703125,-0.0244140625,-0.048828125,-0.048828125,0.10986328125,0.1708984375,-0.23193359375,-0.29296875,-0.18310546875,1.01318359375,0.03662109375,-0.30517578125,-0.08544921875,-0.3173828125
0,0.18310546875,-0.4150390625,0.048828125,-0.37841796875,-0.048828125,-0.47607421875,0.1220703125,-0.10986328125,0.28076171875,-0.048828125,-0.13427734375,-0.91552734375,-0.146484375,1.06201171875,0,-0.1953125,0.0244140625,-0.5859375,0.0244140625,-0.1953125,-0.0244140625,0.87890625,-0.13427734375,-0.634765625,0.25634765625,-0.42724609375,-0.13427734375,-1.0986328125,0,0.59814453125,0,-0.08544921875,-0.35400390625,-0.64697265625,-0.10986328125,-0.45166015625,-0.01220703125,-0.48828125,-0.1708984375,-0.8544921875,0.0244140625,-0.1953125,-0.0244140625,-0.7080078125,-0.28076171875,-0.4150390625,0,0.64697265625,0.06103515625,1.18408203125,0.13427734375,0.439453125,-0.32958984375,-0.28076171875,-0.23193359375,0.634765625,0.06103515625,0.5126953125,0.47607421875,0.42724609375,1.171875,0.84228515625,0.01220703125,-0.40283203125,0.1220703125,0.72021484375,-0.01220703125,2.55126953125,-0.03662109375,0.59814453125,0.048828125,0.537109375,-0.1708984375,0.341796875,-0.18310546875,0.8056640625,0.1953125,-0.01220703125,-0.1953125,1.25732421875,0.4638671875,0.52490234375,-0.03662109375,0.244140625,0.03662109375,-0.732421875,-0.1220703125,-0.37841796875,0.048828125,-0.20751953125,0.1220703125,0.81787109375,-0.2685546875,3.955078125,0.01220703125,0.32958984375,0.08544921875,-0.68359375,-0.0244140625,-0.6591796875,0.0732421875,-0.57373046875,0.06103515625,-0.0732421875,0.20751953125,-0.7080078125,-0.03662109375,-1.46484375,-0.47607421875,-1.20849609375,-0.244140625,0.57373046875,-0.25634765625,0.3173828125,0,-0.0244140625,-0.048828125,-0.03662109375,0.09765625,0.1708984375,-0.2685546875,0.08544921875,-0.23193359375,1.220703125,0.03662109375,-0.08544921875,-0.13427734375,-0.0244140625
1,0.146484375,-0.35400390625,0.048828125,-0.37841796875,-0.06103515625,-0.45166015625,0.10986328125,-0.10986328125,0.244140625,-0.03662109375,-0.1220703125,-0.91552734375,-0.146484375,1.07421875,0.01220703125,-0.23193359375,0.06103515625,-0.57373046875,-0.0244140625,-0.1953125,-0.0732421875,0.89111328125,-0.15869140625,-0.634765625,0.28076171875,-0.45166015625,-0.1708984375,-1.11083984375,0.01220703125,0.390625,0.10986328125,-0.13427734375,-0.3662109375,-0.74462890625,-0.06103515625,-0.927734375,-0.06103515625,-0.5859375,-0.13427734375,-0.96435546875,0.146484375,-0.18310546875,0,-0.7080078125,-0.2685546875,-0.4150390625,0.03662109375,0.62255859375,0.15869140625,0.79345703125,0.1708984375,0.35400390625,-0.244140625,-0.32958984375,-0.32958984375,0.5615234375,0.146484375,0.48828125,0.4150390625,0.390625,1.1474609375,0.830078125,0.08544921875,-0.537109375,0.146484375,0.537109375,-0.048828125,2.16064453125,-0.1220703125,0.45166015625,0.0244140625,0.4150390625,-0.2685546875,0.30517578125,-0.1953125,0.78125,0.244140625,-0.0244140625,-0.18310546875,1.26953125,0.4638671875,1.171875,-0.09765625,0.5126953125,0,-0.57373046875,-0.15869140625,-0.15869140625,-0.0244140625,-0.35400390625,0.18310546875,0.67138671875,-0.146484375,3.5888671875,-0.01220703125,0.1953125,0.0732421875,-0.68359375,-0.03662109375,-0.64697265625,0.08544921875,-0.57373046875,-0.03662109375,-0.08544921875,0.20751953125,-0.68359375,-0.03662109375,-1.40380859375,-0.47607421875,-1.15966796875,-0.23193359375,0.62255859375,-0.244140625,0.30517578125,0,-0.0244140625,-0.0732421875,-0.048828125,0.08544921875,0.1708984375,-0.2685546875,0.4638671875,-0.23193359375,1.416015625,0.03662109375,0.09765625,-0.10986328125,0.25634765625
1,0.1708984375,-0.25634765625,0.0244140625,-0.3662109375,-0.06103515625,-0.45166015625,0.09765625,-0.09765625,0.25634765625,-0.0244140625,-0.13427734375,-0.91552734375,-0.15869140625,1.06201171875,0,-0.20751953125,0.048828125,-0.57373046875,-0.06103515625,-0.20751953125,-0.13427734375,0.87890625,-0.18310546875,-0.634765625,0.2685546875,-0.439453125,-0.18310546875,-1.11083984375,0.0244140625,0.23193359375,0.13427734375,-0.10986328125,-0.390625,-0.830078125,-0.048828125,-1.2939453125,-0.1220703125,-0.64697265625,-0.06103515625,-1.0498046875,0.23193359375,-0.1708984375,0.0244140625,-0.7080078125,-0.28076171875,-0.4150390625,0.01220703125,0.57373046875,0.13427734375,0.732421875,0.13427734375,0.32958984375,-0.1953125,-0.341796875,-0.4150390625,0.54931640625,0.1953125,0.48828125,0.42724609375,0.37841796875,1.01318359375,0.7568359375,0.08544921875,-0.64697265625,0.1953125,0.3662109375,-0.08544921875,1.85546875,-0.1953125,0.35400390625,0.0244140625,0.341796875,-0.3173828125,0.28076171875,-0.1708984375,0.78125,0.2685546875,-0.01220703125,-0.13427734375,1.26953125,0.45166015625,1.953125,-0.1708984375,0.87890625,-0.048828125,-0.390625,-0.20751953125,0.10986328125,-0.03662109375,-0.45166015625,0.2197265625,0.5615234375,-0.01220703125,3.3447265625,-0.01220703125,0.09765625,0,-0.67138671875,-0.048828125,-0.6591796875,0.18310546875,-0.5615234375,-0.13427734375,-0.08544921875,0.13427734375,-0.6103515625,-0.0732421875,-1.318359375,-0.40283203125,-1.11083984375,-0.2197265625,0.7080078125,-0.244140625,0.3173828125,0,-0.0244140625,-0.06103515625,-0.01220703125,0.048828125,0.1708984375,-0.2685546875,0.7568359375,-0.2685546875,1.5869140625,0.03662109375,0.25634765625,-0.09765625,0.50048828125
1,0.146484375,-0.15869140625,0.048828125,-0.35400390625,-0.048828125,-0.4638671875,0.09765625,-0.0732421875,0.29296875,-0.01220703125,-0.146484375,-0.9033203125,-0.1708984375,1.06201171875,0.0244140625,-0.1953125,0.03662109375,-0.54931640625,-0.0732421875,-0.15869140625,-0.2685546875,0.86669921875,-0.15869140625,-0.6103515625,0.1708984375,-0.439453125,-0.244140625,-1.07421875,-0.01220703125,0.1220703125,0.0244140625,-0.10986328125,-0.341796875,-0.93994140625,-0.0244140625,-1.5869140625,-0.15869140625,-0.7080078125,0.0244140625,-1.08642578125,0.2197265625,-0.18310546875,0.03662109375,-0.7080078125,-0.1953125,-0.4150390625,0.03662109375,0.57373046875,0.25634765625,1.0009765625,0.09765625,0.37841796875,-0.13427734375,-0.30517578125,-0.42724609375,0.634765625,0.23193359375,0.48828125,0.37841796875,0.35400390625,0.91552734375,0.6591796875,0.06103515625,-0.64697265625,0.18310546875,0.2197265625,-0.08544921875,1.62353515625,-0.2685546875,0.25634765625,0.03662109375,0.25634765625,-0.341796875,0.25634765625,-0.1953125,0.79345703125,0.244140625,-0.0244140625,-0.0732421875,1.2939453125,0.5126953125,2.81982421875,-0.18310546875,1.318359375,0,-0.15869140625,-0.23193359375,0.40283203125,-0.08544921875,-0.50048828125,0.2197265625,0.50048828125,0.09765625,3.18603515625,-0.01220703125,0.0732421875,-0.08544921875,-0.68359375,-0.06103515625,-0.67138671875,0.2197265625,-0.57373046875,-0.20751953125,-0.08544921875,0.1953125,-0.52490234375,-0.048828125,-1.26953125,-0.37841796875,-1.07421875,-0.18310546875,0.74462890625,-0.244140625,0.3173828125,0.0244140625,-0.03662109375,-0.06103515625,0.01220703125,0.0732421875,0.20751953125,-0.2685546875,0.91552734375,-0.25634765625,1.6845703125,0.06103515625,0.3662109375,-0.10986328125,0.634765625
1,0.10986328125,-0.06103515625,0.048828125,-0.341796875,-0.048828125,-0.4638671875,0.0732421875,-0.048828125,0.3173828125,-0.03662109375,-0.15869140625,-0.91552734375,-0.1708984375,1.07421875,0.0244140625,-0.1708984375,-0.01220703125,-0.54931640625,-0.06103515625,-0.18310546875,-0.28076171875,0.8544921875,-0.13427734375,-0.6103515625,0.10986328125,-0.4150390625,-0.25634765625,-1.06201171875,0,0.08544921875,-0.01220703125,-0.10986328125,-0.30517578125,-1.0009765625,-0.03662109375,-1.7578125,-0.20751953125,-0.732421875,0.09765625,-1.0986328125,0.244140625,-0.18310546875,0.06103515625,-0.7080078125,-0.09765625,-0.4150390625,-0.03662109375,0.5615234375,0.244140625,1.5625,0.048828125,0.52490234375,-0.06103515625,-0.18310546875,-0.5126953125,0.74462890625,0.25634765625,0.50048828125,0.32958984375,0.3662109375,0.86669921875,0.537109375,0.01220703125,-0.59814453125,0.15869140625,0.1220703125,-0.146484375,1.416015625,-0.32958984375,0.20751953125,0.0244140625,0.18310546875,-0.32958984375,0.25634765625,-0.2197265625,0.79345703125,0.18310546875,-0.0244140625,0,1.26953125,0.5126953125,3.64990234375,-0.1953125,1.7333984375,0.01220703125,0.0732421875,-0.25634765625,0.732421875,-0.1220703125,-0.5126953125,0.1708984375,0.48828125,0.1708984375,3.16162109375,-0.03662109375,0.09765625,-0.13427734375,-0.68359375,-0.06103515625,-0.68359375,0.20751953125,-0.5615234375,-0.2197265625,-0.09765625,0.25634765625,-0.4638671875,-0.09765625,-1.220703125,-0.29296875,-1.025390625,-0.1220703125,0.732421875,-0.25634765625,0.3173828125,0.0244140625,-0.06103515625,-0.048828125,0,0.048828125,0.2197265625,-0.25634765625,0.89111328125,-0.23193359375,1.69677734375,0.048828125,0.37841796875,-0.0732421875,0.6591796875
1,0.09765625,0.0244140625,0.03662109375,-0.32958984375,-0.03662109375,-0.47607421875,0.0732421875,-0.06103515625,0.37841796875,-0.06103515625,-0.15869140625,-0.9033203125,-0.18310546875,1.07421875,0.0244140625,-0.15869140625,-0.048828125,-0.54931640625,-0.08544921875,-0.15869140625,-0.30517578125,0.87890625,-0.09765625,-0.59814453125,0.06103515625,-0.4150390625,-0.29296875,-1.0498046875,-0.0244140625,0.10986328125,-0.0732421875,-0.08544921875,-0.2685546875,-1.025390625,-0.01220703125,-1.7822265625,-0.23193359375,-0.76904296875,0.13427734375,-1.08642578125,0.18310546875,-0.18310546875,0.08544921875,-0.69580078125,-0.03662109375,-0.42724609375,-0.0732421875,0.57373046875,0.15869140625,2.33154296875,0.01220703125,0.69580078125,0.048828125,-0.0244140625,-0.5615234375,0.89111328125,0.25634765625,0.52490234375,0.28076171875,0.341796875,0.69580078125,0.45166015625,-0.048828125,-0.50048828125,0.1220703125,0.06103515625,-0.1953125,1.20849609375,-0.341796875,0.15869140625,-0.03662109375,0.13427734375,-0.2685546875,0.28076171875,-0.2197265625,0.8544921875,0.146484375,-0.0244140625,0.10986328125,1.28173828125,0.537109375,4.45556640625,-0.1953125,2.13623046875,0.048828125,0.3173828125,-0.23193359375,1.01318359375,-0.146484375,-0.48828125,0.146484375,0.50048828125,0.25634765625,3.25927734375,-0.048828125,0.13427734375,-0.146484375,-0.7080078125,-0.10986328125,-0.69580078125,0.2685546875,-0.5859375,-0.20751953125,-0.0732421875,0.28076171875,-0.45166015625,-0.10986328125,-1.220703125,-0.2197265625,-1.0009765625,-0.1220703125,0.72021484375,-0.2685546875,0.30517578125,0.0244140625,-0.048828125,-0.06103515625,0,0.06103515625,0.20751953125,-0.28076171875,0.72021484375,-0.244140625,1.5869140625,0.06103515625,0.29296875,-0.06103515625,0.57373046875
1,0.09765625,0.0732421875,0.048828125,-0.3662109375,-0.048828125,-0.47607421875,0.048828125,-0.0732421875,0.37841796875,-0.048828125,-0.146484375,-0.89111328125,-0.2197265625,1.08642578125,0.06103515625,-0.1708984375,-0.10986328125,-0.57373046875,-0.048828125,-0.146484375,-0.28076171875,0.89111328125,-0.1220703125,-0.57373046875,0,-0.390625,-0.28076171875,-1.03759765625,-0.0732421875,0.1708984375,-0.08544921875,-0.06103515625,-0.2197265625,-1.03759765625,-0.0244140625,-1.67236328125,-0.244140625,-0.7568359375,0.1220703125,-1.025390625,0.146484375,-0.1953125,0.08544921875,-0.7080078125,-0.01220703125,-0.439453125,-0.09765625,0.5615234375,0.0732421875,3.28369140625,0,0.9033203125,0.1220703125,0.10986328125,-0.57373046875,1.11083984375,0.25634765625,0.537109375,0.2685546875,0.3662109375,0.6591796875,0.390625,-0.08544921875,-0.3662109375,0.146484375,0,-0.18310546875,1.06201171875,-0.28076171875,0.13427734375,-0.06103515625,0.08544921875,-0.25634765625,0.2685546875,-0.1953125,0.84228515625,0.1708984375,-0.01220703125,0.18310546875,1.26953125,0.5126953125,5.126953125,-0.1953125,2.45361328125,0.06103515625,0.5126953125,-0.1953125,1.23291015625,-0.1953125,-0.4638671875,0.1220703125,0.54931640625,0.32958984375,3.35693359375,-0.03662109375,0.18310546875,-0.18310546875,-0.72021484375,-0.10986328125,-0.67138671875,0.35400390625,-0.6103515625,-0.146484375,-0.08544921875,0.35400390625,-0.48828125,-0.08544921875,-1.2451171875,-0.1220703125,-1.0009765625,-0.10986328125,0.62255859375,-0.244140625,0.30517578125,0.0244140625,-0.048828125,-0.06103515625,-0.01220703125,0.0732421875,0.15869140625,-0.28076171875,0.42724609375,-0.20751953125,1.45263671875,0.0732421875,0.15869140625,-0.03662109375,0.390625
1,0.03662109375,0.10986328125,0.0244140625,-0.37841796875,-0.06103515625,-0.47607421875,0.03662109375,-0.08544921875,0.390625,-0.06103515625,-0.15869140625,-0.91552734375,-0.23193359375,1.07421875,0.03662109375,-0.1708984375,-0.1220703125,-0.59814453125,-0.0244140625,-0.15869140625,-0.20751953125,0.89111328125,-0.146484375,-0.57373046875,-0.0244140625,-0.3662109375,-0.2685546875,-1.06201171875,-0.1220703125,0.25634765625,-0.03662109375,-0.03662109375,-0.18310546875,-0.98876953125,0.01220703125,-1.4892578125,-0.2197265625,-0.7080078125,0.0732421875,-0.9765625,0.146484375,-0.1708984375,0.048828125,-0.732421875,0.0244140625,-0.4150390625,-0.03662109375,0.6103515625,0.10986328125,4.248046875,-0.03662109375,1.13525390625,0.1953125,0.2685546875,-0.537109375,1.28173828125,0.18310546875,0.54931640625,0.25634765625,0.3662109375,0.6591796875,0.37841796875,-0.15869140625,-0.25634765625,0.15869140625,-0.0732421875,-0.2197265625,0.87890625,-0.2197265625,0.09765625,-0.09765625,0.03662109375,-0.20751953125,0.29296875,-0.1708984375,0.8544921875,0.2197265625,-0.01220703125,0.2197265625,1.28173828125,0.30517578125,5.62744140625,-0.2197265625,2.67333984375,0.06103515625,0.67138671875,-0.146484375,1.3916015625,-0.15869140625,-0.439453125,0.10986328125,0.5859375,0.40283203125,3.3935546875,-0.03662109375,0.1953125,-0.18310546875,-0.7080078125,-0.09765625,-0.69580078125,0.37841796875,-0.6103515625,-0.06103515625,-0.08544921875,0.35400390625,-0.5615234375,-0.1220703125,-1.35498046875,-0.03662109375,-1.03759765625,-0.048828125,0.537109375,-0.23193359375,0.3173828125,0.048828125,-0.01220703125,-0.0732421875,-0.0244140625,0.03662109375,0.15869140625,-0.28076171875,0.09765625,-0.1953125,1.2451171875,0.0732421875,-0.01220703125,-0.03662109375,0.1708984375
1,0.01220703125,0.13427734375,0.03662109375,-0.40283203125,-0.06103515625,-0.47607421875,0.03662109375,-0.10986328125,0.40283203125,-0.06103515625,-0.15869140625,-0.91552734375,-0.2685546875,1.07421875,0.0244140625,-0.1708984375,-0.13427734375,-0.6103515625,-0.01220703125,-0.13427734375,-0.18310546875,0.91552734375,-0.15869140625,-0.5615234375,-0.08544921875,-0.37841796875,-0.25634765625,-1.0498046875,-0.2197265625,0.341796875,-0.03662109375,-0.0244140625,-0.2197265625,-0.89111328125,0.09765625,-1.20849609375,-0.1953125,-0.6591796875,0.01220703125,-0.89111328125,0.09765625,-0.18310546875,0,-0.732421875,0.01220703125,-0.40283203125,-0.08544921875,0.6103515625,0.048828125,5.17578125,-0.03662109375,1.3427734375,0.25634765625,0.42724609375,-0.4150390625,1.45263671875,0.10986328125,0.537109375,0.25634765625,0.37841796875,0.439453125,0.4150390625,-0.2685546875,-0.1708984375,0.1220703125,-0.09765625,-0.23193359375,0.74462890625,-0.1220703125,0.048828125,-0.13427734375,0.0244140625,-0.15869140625,0.3173828125,-0.08544921875,0.86669921875,0.28076171875,-0.01220703125,0.23193359375,1.28173828125,0.244140625,5.89599609375,-0.1708984375,2.77099609375,0.09765625,0.732421875,-0.06103515625,1.4404296875,-0.146484375,-0.439453125,0.09765625,0.57373046875,0.50048828125,3.30810546875,-0.0244140625,0.13427734375,-0.1708984375,-0.732421875,-0.1220703125,-0.6591796875,0.4150390625,-0.6103515625,0.0244140625,-0.08544921875,0.341796875,-0.6591796875,-0.10986328125,-1.45263671875,0.048828125,-1.11083984375,0.0732421875,0.45166015625,-0.23193359375,0.3173828125,0.048828125,-0.01220703125,-0.03662109375,-0.0244140625,0.06103515625,0.1220703125,-0.25634765625,-0.18310546875,-0.1708984375,1.08642578125,0.06103515625,-0.1708984375,-0.0244140625,-0.0244140625
1,-0.03662109375,0.1220703125,0.06103515625,-0.4150390625,-0.03662109375,-0.45166015625,0.048828125,-0.1220703125,0.4150390625,-0.08544921875,-0.10986328125,-0.89111328125,-0.2685546875,1.07421875,0.0244140625,-0.18310546875,-0.10986328125,-0.634765625,0.01220703125,-0.13427734375,-0.146484375,0.91552734375,-0.15869140625,-0.59814453125,-0.15869140625,-0.3662109375,-0.20751953125,-1.07421875,-0.2685546875,0.439453125,0,-0.01220703125,-0.244140625,-0.81787109375,0.1708984375,-0.927734375,-0.1953125,-0.5859375,-0.0244140625,-0.830078125,0.06103515625,-0.1708984375,-0.08544921875,-0.7080078125,0,-0.4150390625,-0.048828125,0.59814453125,-0.048828125,6.04248046875,-0.048828125,1.52587890625,0.29296875,0.537109375,-0.32958984375,1.611328125,0.048828125,0.5126953125,0.23193359375,0.40283203125,0.439453125,0.50048828125,-0.35400390625,-0.13427734375,0.1220703125,-0.13427734375,-0.244140625,0.59814453125,-0.0244140625,0.0244140625,-0.1953125,0,-0.23193359375,0.3173828125,-0.0244140625,0.830078125,0.32958984375,-0.0244140625,0.1953125,1.28173828125,0.20751953125,5.9326171875,-0.1220703125,2.74658203125,0.08544921875,0.74462890625,-0.0244140625,1.40380859375,-0.13427734375,-0.5126953125,0.1220703125,0.50048828125,0.5126953125,3.0517578125,-0.0244140625,0.03662109375,-0.1708984375,-0.7080078125,-0.1220703125,-0.67138671875,0.45166015625,-0.6103515625,0.146484375,-0.0732421875,0.32958984375,-0.74462890625,-0.09765625,-1.5380859375,0.06103515625,-1.171875,0.15869140625,0.4150390625,-0.2197265625,0.3173828125,0.03662109375,0,-0.06103515625,-0.03662109375,0.0732421875,0.1220703125,-0.20751953125,-0.40283203125,-0.15869140625,0.96435546875,0.048828125,-0.29296875,0,-0.146484375
1,-0.03662109375,0.09765625,0.0244140625,-0.4150390625,-0.06103515625,-0.4638671875,0.0732421875,-0.10986328125,0.4150390625,-0.08544921875,-0.09765625,-0.91552734375,-0.25634765625,1.08642578125,0.0244140625,-0.18310546875,-0.03662109375,-0.64697265625,0,-0.146484375,-0.13427734375,0.9033203125,-0.15869140625,-0.59814453125,-0.13427734375,-0.35400390625,-0.18310546875,-1.06201171875,-0.341796875,0.5126953125,0.048828125,-0.0244140625,-0.30517578125,-0.732421875,0.30517578125,-0.68359375,-0.15869140625,-0.50048828125,-0.01220703125,-0.76904296875,0.0244140625,-0.15869140625,-0.09765625,-0.7080078125,0,-0.390625,-0.0244140625,0.5859375,-0.13427734375,6.75048828125,-0.03662109375,1.6845703125,0.3662109375,0.68359375,-0.30517578125,1.72119140625,-0.01220703125,0.52490234375,0.23193359375,0.42724609375,0.37841796875,0.6103515625,-0.4150390625,-0.146484375,0.08544921875,-0.1708984375,-0.29296875,0.52490234375,0.01220703125,0.01220703125,-0.23193359375,0,-0.29296875,0.32958984375,0.048828125,0.79345703125,0.3173828125,-0.0244140625,0.1708984375,1.28173828125,0.244140625,5.79833984375,-0.0732421875,2.63671875,0.08544921875,0.67138671875,0.0244140625,1.318359375,-0.10986328125,-0.6591796875,0.18310546875,0.390625,0.54931640625,2.60009765625,-0.0244140625,-0.13427734375,-0.146484375,-0.69580078125,-0.13427734375,-0.634765625,0.42724609375,-0.59814453125,0.20751953125,-0.08544921875,0.1953125,-0.830078125,-0.10986328125,-1.6357421875,0.048828125,-1.2451171875,0.13427734375,0.45166015625,-0.20751953125,0.30517578125,0.03662109375,0.01220703125,-0.06103515625,-0.048828125,0.048828125,0.1220703125,-0.244140625,-0.50048828125,-0.13427734375,0.9033203125,0.048828125,-0.35400390625,0.0732421875,-0.244140625
1,-0.1220703125,0.09765625,0.01220703125,-0.40283203125,-0.03662109375,-0.47607421875,0.08544921875,-0.10986328125,0.40283203125,-0.0732421875,-0.0732421875,-0.91552734375,-0.28076171875,1.07421875,0.048828125,-0.18310546875,0.0244140625,-0.634765625,-0.0244140625,-0.18310546875,-0.15869140625,0.89111328125,-0.15869140625,-0.59814453125,-0.13427734375,-0.3662109375,-0.1220703125,-1.0986328125,-0.341796875,0.5615234375,0.0244140625,-0.0244140625,-0.29296875,-0.67138671875,0.25634765625,-0.54931640625,-0.13427734375,-0.50048828125,-0.048828125,-0.74462890625,-0.01220703125,-0.20751953125,-0.10986328125,-0.7080078125,-0.03662109375,-0.390625,0,0.5859375,-0.20751953125,7.31201171875,-0.048828125,1.7822265625,0.42724609375,0.72021484375,-0.2197265625,1.806640625,0,0.5126953125,0.20751953125,0.439453125,0.37841796875,0.74462890625,-0.48828125,-0.23193359375,0.08544921875,-0.18310546875,-0.29296875,0.48828125,0.0244140625,0.01220703125,-0.23193359375,0.01220703125,-0.37841796875,0.30517578125,0.08544921875,0.78125,0.2685546875,-0.0244140625,0.13427734375,1.26953125,0.2197265625,5.517578125,0,2.45361328125,0.0732421875,0.5859375,0.0244140625,1.1962890625,-0.1220703125,-0.830078125,0.244140625,0.23193359375,0.537109375,1.9775390625,0.01220703125,-0.37841796875,-0.06103515625,-0.69580078125,-0.1708984375,-0.634765625,0.4150390625,-0.5859375,0.25634765625,-0.08544921875,0.1220703125,-0.8544921875,-0.08544921875,-1.66015625,-0.01220703125,-1.25732421875,0.13427734375,0.5859375,-0.20751953125,0.30517578125,0.03662109375,0,-0.03662109375,-0.03662109375,0.06103515625,0.1220703125,-0.1953125,-0.4638671875,-0.08544921875,0.89111328125,0.048828125,-0.3662109375,0.13427734375,-0.2197265625
1,-0.1220703125,0.1220703125,0.0244140625,-0.390625,-0.03662109375,-0.47607421875,0.09765625,-0.09765625,0.37841796875,-0.08544921875,-0.048828125,-0.927734375,-0.29296875,1.07421875,0.06103515625,-0.1953125,0.08544921875,-0.62255859375,-0.0244140625,-0.1708984375,-0.2197265625,0.84228515625,-0.1708984375,-0.62255859375,-0.10986328125,-0.37841796875,-0.048828125,-1.07421875,-0.28076171875,0.54931640625,-0.01220703125,-0.03662109375,-0.28076171875,-0.6591796875,0.244140625,-0.5126953125,-0.146484375,-0.50048828125,-0.06103515625,-0.7568359375,-0.06103515625,-0.244140625,-0.10986328125,-0.7080078125,0,-0.390625,-0.0732421875,0.57373046875,-0.1953125,7.6416015625,-0.06103515625,1.84326171875,0.40283203125,0.78125,-0.15869140625,1.84326171875,-0.06103515625,0.5126953125,0.1708984375,0.439453125,0.341796875,0.81787109375,-0.54931640625,-0.32958984375,0.09765625,-0.1708984375,-0.20751953125,0.52490234375,0.03662109375,0.0244140625,-0.18310546875,0.0244140625,-0.42724609375,0.29296875,0.08544921875,0.74462890625,0.20751953125,0,0.06103515625,1.26953125,0.15869140625,5.11474609375,0.06103515625,2.24609375,0.048828125,0.45166015625,0,1.06201171875,-0.1220703125,-1.0498046875,0.28076171875,0.0244140625,0.37841796875,1.25732421875,0.048828125,-0.64697265625,0.01220703125,-0.7080078125,-0.1708984375,-0.62255859375,0.30517578125,-0.57373046875,0.244140625,-0.08544921875,0.0732421875,-0.8056640625,-0.09765625,-1.611328125,-0.06103515625,-1.220703125,0.06103515625,0.87890625,-0.20751953125,0.30517578125,0.03662109375,0,-0.06103515625,-0.03662109375,0.03662109375,0.1220703125,-0.30517578125,-0.3662109375,-0.1708984375,0.93994140625,-0.0732421875,-0.3173828125,0.08544921875,-0.1708984375
1,-0.1708984375,0.146484375,0.048828125,-0.37841796875,-0.048828125,-0.48828125,0.09765625,-0.0732421875,0.37841796875,-0.08544921875,-0.03662109375,-0.91552734375,-0.28076171875,1.07421875,0.08544921875,-0.1953125,0.10986328125,-0.62255859375,-0.06103515625,-0.18310546875,-0.25634765625,0.830078125,-0.146484375,-0.6103515625,-0.048828125,-0.37841796875,0,-1.07421875,-0.32958984375,0.537109375,-0.03662109375,-0.03662109375,-0.29296875,-0.69580078125,0.2197265625,-0.59814453125,-0.15869140625,-0.537109375,-0.10986328125,-0.78125,-0.0732421875,-0.25634765625,-0.1220703125,-0.72021484375,0.048828125,-0.37841796875,-0.048828125,0.5615234375,-0.1953125,7.75146484375,-0.0732421875,1.84326171875,0.390625,0.79345703125,-0.0732421875,1.84326171875,-0.08544921875,0.50048828125,0.15869140625,0.4150390625,0.32958984375,0.86669921875,-0.6103515625,-0.42724609375,0.1220703125,-0.146484375,-0.048828125,0.59814453125,0.0244140625,0.03662109375,-0.13427734375,0.048828125,-0.4150390625,0.29296875,0.09765625,0.7568359375,0.1953125,-0.0244140625,0.03662109375,1.25732421875,0.146484375,4.6875,0.15869140625,2.03857421875,-0.01220703125,0.30517578125,-0.048828125,0.9033203125,-0.1220703125,-1.25732421875,0.3173828125,-0.1708984375,0.1953125,0.5126953125,0.13427734375,-0.9033203125,0.09765625,-0.69580078125,-0.15869140625,-0.64697265625,0.29296875,-0.57373046875,0.20751953125,-0.10986328125,0.0244140625,-0.6591796875,-0.09765625,-1.4892578125,-0.13427734375,-1.123046875,-0.1220703125,1.35498046875,-0.2197265625,0.3173828125,0.01220703125,-0.0244140625,-0.048828125,-0.0244140625,0.03662109375,0.146484375,-0.28076171875,-0.1708984375,-0.15869140625,1.0009765625,-0.0732421875,-0.244140625,0.13427734375,-0.09765625
0,-0.18310546875,0.1953125,0.06103515625,-0.37841796875,-0.048828125,-0.48828125,0.08544921875,-0.0732421875,0.4150390625,-0.0732421875,-0.0732421875,-0.9033203125,-0.30517578125,1.07421875,0.09765625,-0.18310546875,0.146484375,-0.6103515625,-0.06103515625,-0.18310546875,-0.3173828125,0.8056640625,-0.13427734375,-0.6103515625,0,-0.390625,0.048828125,-1.03759765625,-0.3173828125,0.48828125,0.01220703125,-0.03662109375,-0.244140625,-0.72021484375,0.20751953125,-0.7568359375,-0.1708984375,-0.5615234375,-0.08544921875,-0.830078125,-0.09765625,-0.244140625,-0.146484375,-0.7080078125,0.06103515625,-0.390625,-0.146484375,0.54931640625,-0.146484375,7.6416015625,-0.06103515625,1.84326171875,0.40283203125,0.76904296875,0.0244140625,1.806640625,-0.03662109375,0.52490234375,0.1220703125,0.40283203125,0.35400390625,0.91552734375,-0.6591796875,-0.5126953125,0.1220703125,-0.08544921875,0,0.7080078125,-0.01220703125,0.09765625,-0.09765625,0.0732421875,-0.3662109375,0.28076171875,0.146484375,0.732421875,0.1708984375,-0.01220703125,-0.01220703125,1.2451171875,0.13427734375,4.26025390625,0.20751953125,1.8798828125,-0.09765625,0.20751953125,-0.08544921875,0.8056640625,-0.1220703125,-1.45263671875,0.29296875,-0.35400390625,-0.0244140625,-0.13427734375,0.1220703125,-1.13525390625,0.13427734375,-0.68359375,-0.13427734375,-0.67138671875,0.2685546875,-0.54931640625,0.13427734375,-0.09765625,0.03662109375,-0.4150390625,-0.10986328125,-1.26953125,-0.1953125,-0.9521484375,-0.23193359375,2.01416015625,-0.1708984375,0.30517578125,-0.01220703125,-0.03662109375,-0.048828125,-0.01220703125,0.01220703125,0.10986328125,-0.1953125,-0.01220703125,-0.1220703125,1.07421875,-0.09765625,-0.1953125,0.18310546875,-0.03662109375
0,-0.25634765625,0.1708984375,0.06103515625,-0.3662109375,-0.048828125,-0.47607421875,0.08544921875,-0.0732421875,0.439453125,-0.0732421875,-0.09765625,-0.91552734375,-0.30517578125,1.07421875,0.09765625,-0.18310546875,0.15869140625,-0.57373046875,-0.0732421875,-0.18310546875,-0.29296875,0.8056640625,-0.15869140625,-0.5859375,0.03662109375,-0.37841796875,0.0244140625,-1.03759765625,-0.32958984375,0.42724609375,0.0244140625,-0.03662109375,-0.23193359375,-0.79345703125,0.2197265625,-0.9765625,-0.1708984375,-0.5859375,-0.01220703125,-0.87890625,-0.08544921875,-0.23193359375,-0.2197265625,-0.732421875,0.06103515625,-0.40283203125,-0.1708984375,0.54931640625,-0.08544921875,7.36083984375,-0.08544921875,1.77001953125,0.3173828125,0.7080078125,0.146484375,1.77001953125,-0.01220703125,0.5126953125,0.08544921875,0.40283203125,0.30517578125,0.8544921875,-0.7080078125,-0.537109375,0.13427734375,-0.03662109375,0.10986328125,0.84228515625,-0.0244140625,0.1220703125,0,0.10986328125,-0.2197265625,0.2685546875,0.1708984375,0.74462890625,0.13427734375,0,-0.0732421875,1.25732421875,0.10986328125,3.89404296875,0.29296875,1.74560546875,-0.20751953125,0.08544921875,-0.1220703125,0.7080078125,-0.15869140625,-1.57470703125,0.2685546875,-0.47607421875,-0.13427734375,-0.59814453125,0.18310546875,-1.2939453125,0.1220703125,-0.69580078125,-0.06103515625,-0.67138671875,0.25634765625,-0.54931640625,0.0244140625,-0.08544921875,0.01220703125,-0.1220703125,-0.1220703125,-0.9765625,-0.2197265625,-0.732421875,-0.20751953125,2.8076171875,-0.18310546875,0.3173828125,-0.01220703125,-0.048828125,-0.06103515625,-0.0244140625,0.0244140625,0.1220703125,-0.29296875,0.08544921875,-0.18310546875,1.11083984375,-0.1708984375,-0.1708984375,0.1220703125,0
0,-0.25634765625,0.1708984375,0.048828125,-0.37841796875,-0.0244140625,-0.47607421875,0.0732421875,-0.08544921875,0.48828125,-0.048828125,-0.09765625,-0.91552734375,-0.3173828125,1.06201171875,0.10986328125,-0.1953125,0.1220703125,-0.59814453125,-0.08544921875,-0.18310546875,-0.28076171875,0.81787109375,-0.146484375,-0.57373046875,0.048828125,-0.37841796875,0.0244140625,-1.025390625,-0.341796875,0.3662109375,0.048828125,-0.03662109375,-0.2197265625,-0.8544921875,0.146484375,-1.18408203125,-0.18310546875,-0.6103515625,0.0244140625,-0.927734375,-0.048828125,-0.23193359375,-0.29296875,-0.7080078125,0.0732421875,-0.40283203125,-0.1708984375,0.5615234375,-0.0244140625,6.8115234375,-0.1220703125,1.66015625,0.2685546875,0.62255859375,0.2685546875,1.66015625,0.048828125,0.537109375,0.08544921875,0.37841796875,0.2197265625,0.76904296875,-0.732421875,-0.5126953125,0.03662109375,0,0.15869140625,0.9521484375,-0.10986328125,0.15869140625,0.06103515625,0.146484375,-0.08544921875,0.25634765625,0.146484375,0.78125,0.048828125,-0.01220703125,-0.08544921875,1.26953125,0.2197265625,3.6376953125,0.32958984375,1.6845703125,-0.29296875,0.03662109375,-0.13427734375,0.6591796875,-0.146484375,-1.611328125,0.20751953125,-0.5126953125,-0.29296875,-0.81787109375,0.18310546875,-1.318359375,0.06103515625,-0.68359375,-0.01220703125,-0.68359375,0.25634765625,-0.537109375,-0.08544921875,-0.08544921875,0.01220703125,0.2197265625,-0.09765625,-0.64697265625,-0.244140625,-0.4638671875,-0.30517578125,3.72314453125,-0.146484375,0.30517578125,-0.0244140625,-0.03662109375,-0.06103515625,-0.0244140625,0,0.1220703125,-0.23193359375,0.13427734375,-0.1220703125,1.11083984375,-0.1220703125,-0.1708984375,0.1708984375,-0.0244140625
0,-0.32958984375,0.1220703125,0.048828125,-0.37841796875,-0.03662109375,-0.4638671875,0.048828125,-0.10986328125,0.48828125,-0.01220703125,-0.10986328125,-0.91552734375,-0.32958984375,1.0498046875,0.13427734375,-0.15869140625,0.048828125,-0.6103515625,-0.06103515625,-0.1708984375,-0.244140625,0.81787109375,-0.15869140625,-0.5615234375,0.08544921875,-0.390625,0.01220703125,-1.01318359375,-0.32958984375,0.341796875,0.146484375,0,-0.2197265625,-0.9033203125,0.06103515625,-1.33056640625,-0.244140625,-0.64697265625,0.0732421875,-0.9521484375,0.0244140625,-0.2197265625,-0.3662109375,-0.732421875,0.048828125,-0.40283203125,-0.1953125,0.6103515625,-0.0244140625,6.103515625,-0.15869140625,1.513671875,0.15869140625,0.50048828125,0.341796875,1.52587890625,0.06103515625,0.52490234375,0.0732421875,0.37841796875,0.15869140625,0.6591796875,-0.74462890625,-0.45166015625,-0.08544921875,0.048828125,0.1708984375,1.025390625,-0.15869140625,0.1708984375,0.048828125,0.15869140625,0,0.25634765625,0.0732421875,0.78125,-0.048828125,-0.0244140625,-0.03662109375,1.2451171875,0.244140625,3.47900390625,0.29296875,1.64794921875,-0.37841796875,0,-0.1708984375,0.62255859375,-0.1953125,-1.5625,0.146484375,-0.48828125,-0.20751953125,-0.72021484375,0.1708984375,-1.26953125,-0.0244140625,-0.67138671875,0.048828125,-0.68359375,0.23193359375,-0.54931640625,-0.146484375,-0.08544921875,0.03662109375,0.59814453125,-0.1220703125,-0.29296875,-0.2685546875,-0.18310546875,-0.1953125,4.72412109375,-0.1220703125,0.30517578125,-0.0244140625,-0.0244140625,-0.048828125,-0.0244140625,0.0244140625,0.146484375,-0.23193359375,0.08544921875,-0.13427734375,1.06201171875,-0.146484375,-0.2197265625,0.13427734375,-0.10986328125
0,-0.35400390625,0.048828125,0.06103515625,-0.390625,-0.03662109375,-0.4638671875,0.06103515625,-0.10986328125,0.47607421875,0.01220703125,-0.09765625,-0.927734375,-0.341796875,1.07421875,0.10986328125,-0.1708984375,-0.01220703125,-0.6103515625,-0.048828125,-0.1708984375,-0.15869140625,0.8056640625,-0.1708984375,-0.5615234375,0.08544921875,-0.37841796875,-0.01220703125,-1.01318359375,-0.4150390625,0.29296875,0.146484375,-0.01220703125,-0.2197265625,-0.93994140625,-0.0244140625,-1.3916015625,-0.2197265625,-0.67138671875,0.0732421875,-0.96435546875,0.048828125,-0.20751953125,-0.4150390625,-0.7080078125,0.0244140625,-0.390625,-0.15869140625,0.634765625,0.01220703125,5.23681640625,-0.1708984375,1.2939453125,0.08544921875,0.3662109375,0.35400390625,1.35498046875,0.06103515625,0.537109375,0.09765625,0.37841796875,0.20751953125,0.52490234375,-0.6591796875,-0.35400390625,-0.146484375,0.10986328125,0.23193359375,1.0498046875,-0.10986328125,0.15869140625,0.08544921875,0.15869140625,0.048828125,0.2685546875,-0.0244140625,0.830078125,-0.10986328125,-0.048828125,-0.03662109375,1.28173828125,0.23193359375,3.43017578125,0.2197265625,1.64794921875,-0.4150390625,0.01220703125,-0.1953125,0.634765625,-0.2197265625,-1.40380859375,0.06103515625,-0.3662109375,-0.1220703125,-0.3173828125,0.1220703125,-1.08642578125,-0.09765625,-0.67138671875,0.08544921875,-0.68359375,0.28076171875,-0.57373046875,-0.18310546875,-0.08544921875,0,0.9765625,-0.09765625,0.03662109375,-0.28076171875,0.06103515625,-0.09765625,5.70068359375,-0.1220703125,0.3173828125,-0.03662109375,-0.01220703125,-0.06103515625,0,0.01220703125,0.13427734375,-0.23193359375,0,-0.09765625,1.01318359375,-0.146484375,-0.2685546875,0.0732421875,-0.23193359375
0,-0.30517578125,-0.06103515625,0.06103515625,-0.37841796875,-0.048828125,-0.45166015625,0.0732421875,-0.10986328125,0.4638671875,0.01220703125,-0.09765625,-0.9033203125,-0.30517578125,1.06201171875,0.08544921875,-0.146484375,-0.048828125,-0.59814453125,-0.03662109375,-0.1708984375,-0.10986328125,0.8544921875,-0.1953125,-0.57373046875,0.06103515625,-0.35400390625,-0.01220703125,-1.025390625,-0.47607421875,0.3173828125,0.18310546875,0,-0.244140625,-0.9033203125,-0.15869140625,-1.35498046875,-0.23193359375,-0.6591796875,0.0732421875,-0.96435546875,0.10986328125,-0.1953125,-0.4638671875,-0.69580078125,0,-0.37841796875,-0.1220703125,0.6591796875,0,4.296875,-0.1708984375,1.07421875,0.06103515625,0.18310546875,0.32958984375,1.1474609375,0.03662109375,0.52490234375,0.18310546875,0.37841796875,0.2197265625,0.42724609375,-0.62255859375,-0.25634765625,-0.20751953125,0.10986328125,0.2197265625,1.01318359375,-0.09765625,0.13427734375,0.10986328125,0.146484375,0.0732421875,0.2685546875,-0.08544921875,0.8544921875,-0.1220703125,-0.0244140625,-0.03662109375,1.28173828125,0.23193359375,3.41796875,0.13427734375,1.66015625,-0.4150390625,0.03662109375,-0.1953125,0.634765625,-0.2197265625,-1.1962890625,0,-0.15869140625,0.01220703125,0.35400390625,0.06103515625,-0.79345703125,-0.18310546875,-0.67138671875,0.10986328125,-0.67138671875,0.30517578125,-0.57373046875,-0.23193359375,-0.08544921875,-0.03662109375,1.2451171875,-0.09765625,0.30517578125,-0.30517578125,0.28076171875,-0.048828125,6.591796875,-0.09765625,0.3173828125,-0.0244140625,0,-0.048828125,0.01220703125,0.01220703125,0.13427734375,-0.2685546875,-0.146484375,-0.1220703125,0.9521484375,-0.1708984375,-0.3173828125,-0.01220703125,-0.341796875
0,-0.37841796875,-0.1708984375,0.06103515625,-0.390625,-0.0732421875,-0.45166015625,0.048828125,-0.09765625,0.45166015625,0.03662109375,-0.10986328125,-0.89111328125,-0.3173828125,1.07421875,0.08544921875,-0.15869140625,-0.10986328125,-0.634765625,-0.01220703125,-0.146484375,-0.048828125,0.8544921875,-0.2197265625,-0.5859375,0.048828125,-0.341796875,-0.0244140625,-1.01318359375,-0.52490234375,0.37841796875,0.1708984375,0.0244140625,-0.2685546875,-0.86669921875,-0.20751953125,-1.2451171875,-0.244140625,-0.6103515625,0.08544921875,-0.91552734375,0.0732421875,-0.1953125,-0.45166015625,-0.72021484375,-0.0732421875,-0.37841796875,-0.0732421875,0.69580078125,0.01220703125,3.3203125,-0.1220703125,0.81787109375,0,0.01220703125,0.29296875,0.96435546875,-0.03662109375,0.52490234375,0.25634765625,0.37841796875,0.244140625,0.35400390625,-0.54931640625,-0.20751953125,-0.18310546875,0.10986328125,0.20751953125,0.93994140625,-0.0732421875,0.1220703125,0.0732421875,0.13427734375,0.0732421875,0.2685546875,-0.146484375,0.84228515625,-0.0732421875,-0.048828125,-0.01220703125,1.28173828125,0.20751953125,3.45458984375,0.0244140625,1.66015625,-0.35400390625,0.0732421875,-0.18310546875,0.6591796875,-0.1953125,-0.927734375,-0.09765625,0.09765625,0.06103515625,1.26953125,-0.01220703125,-0.4150390625,-0.18310546875,-0.6591796875,0.1220703125,-0.6591796875,0.3173828125,-0.59814453125,-0.1708984375,-0.08544921875,-0.048828125,1.47705078125,-0.10986328125,0.537109375,-0.30517578125,0.439453125,-0.048828125,7.3486328125,-0.0732421875,0.3173828125,-0.03662109375,0.01220703125,-0.048828125,0.01220703125,0.01220703125,0.13427734375,-0.25634765625,-0.23193359375,-0.10986328125,0.91552734375,-0.1220703125,-0.341796875,0.03662109375,-0.37841796875
0,-0.47607421875,-0.29296875,0.048828125,-0.390625,-0.0732421875,-0.45166015625,0.048828125,-0.1220703125,0.45166015625,0.03662109375,-0.08544921875,-0.9033203125,-0.30517578125,1.08642578125,0.03662109375,-0.1708984375,-0.09765625,-0.6103515625,-0.03662109375,-0.1708984375,0,0.8544921875,-0.20751953125,-0.6103515625,-0.01220703125,-0.3173828125,-0.0244140625,-1.0009765625,-0.537109375,0.45166015625,0.18310546875,0.048828125,-0.29296875,-0.79345703125,-0.244140625,-1.06201171875,-0.23193359375,-0.5615234375,0.0732421875,-0.8544921875,0.048828125,-0.1953125,-0.439453125,-0.68359375,-0.146484375,-0.37841796875,0,0.72021484375,-0.06103515625,2.44140625,-0.09765625,0.59814453125,-0.0244140625,-0.13427734375,0.29296875,0.79345703125,-0.10986328125,0.52490234375,0.341796875,0.390625,0.18310546875,0.3662109375,-0.5126953125,-0.1708984375,-0.1220703125,0.08544921875,0.25634765625,0.86669921875,0.01220703125,0.09765625,0.0732421875,0.10986328125,0.10986328125,0.29296875,-0.1708984375,0.81787109375,0,-0.03662109375,-0.03662109375,1.28173828125,0.23193359375,3.50341796875,-0.0244140625,1.6357421875,-0.25634765625,0.10986328125,-0.146484375,0.64697265625,-0.15869140625,-0.6103515625,-0.18310546875,0.42724609375,0.15869140625,2.30712890625,-0.03662109375,-0.0244140625,-0.1953125,-0.67138671875,0.146484375,-0.6591796875,0.3173828125,-0.5859375,-0.10986328125,-0.09765625,0,1.5869140625,-0.1220703125,0.67138671875,-0.2685546875,0.5126953125,0.01220703125,7.861328125,-0.08544921875,0.30517578125,-0.048828125,0,-0.048828125,0.0244140625,-0.01220703125,0.1220703125,-0.2197265625,-0.28076171875,-0.08544921875,0.927734375,-0.09765625,-0.30517578125,0.01220703125,-0.35400390625
0,-0.4638671875,-0.40283203125,0.01220703125,-0.40283203125,-0.0732421875,-0.45166015625,0.0732421875,-0.13427734375,0.439453125,0.01220703125,-0.06103515625,-0.9033203125,-0.2685546875,1.08642578125,0,-0.18310546875,-0.08544921875,-0.6103515625,-0.01220703125,-0.1953125,0.01220703125,0.8544921875,-0.13427734375,-0.62255859375,-0.06103515625,-0.28076171875,-0.03662109375,-0.98876953125,-0.48828125,0.537109375,0.1953125,0.0732421875,-0.29296875,-0.732421875,-0.20751953125,-0.87890625,-0.28076171875,-0.52490234375,0.01220703125,-0.79345703125,0.048828125,-0.20751953125,-0.35400390625,-0.68359375,-0.1708984375,-0.390625,-0.03662109375,0.7080078125,-0.1708984375,1.6845703125,-0.03662109375,0.4150390625,-0.048828125,-0.2685546875,0.244140625,0.62255859375,-0.15869140625,0.52490234375,0.3662109375,0.390625,0.2197265625,0.37841796875,-0.47607421875,-0.18310546875,-0.08544921875,0.0732421875,0.146484375,0.79345703125,0.0244140625,0.10986328125,-0.01220703125,0.10986328125,0.0732421875,0.29296875,-0.10986328125,0.8056640625,0.0732421875,-0.03662109375,-0.0732421875,1.28173828125,0.2197265625,3.466796875,-0.10986328125,1.5869140625,-0.13427734375,0.09765625,-0.0732421875,0.62255859375,-0.09765625,-0.30517578125,-0.20751953125,0.732421875,0.35400390625,3.38134765625,-0.03662109375,0.40283203125,-0.1708984375,-0.67138671875,0.1220703125,-0.6591796875,0.3662109375,-0.5859375,-0.0732421875,-0.10986328125,0.0244140625,1.59912109375,-0.146484375,0.72021484375,-0.20751953125,0.5126953125,0.1220703125,8.1298828125,-0.048828125,0.30517578125,-0.048828125,0.01220703125,-0.048828125,0.0244140625,-0.0244140625,0.1220703125,-0.13427734375,-0.2197265625,-0.09765625,0.98876953125,-0.0732421875,-0.244140625,-0.0244140625,-0.2685546875
0,-0.439453125,-0.48828125,0.01220703125,-0.4150390625,-0.0732421875,-0.47607421875,0.06103515625,-0.146484375,0.42724609375,-0.01220703125,-0.0732421875,-0.9033203125,-0.25634765625,1.08642578125,-0.01220703125,-0.1953125,-0.08544921875,-0.6103515625,0.01220703125,-0.1953125,0.03662109375,0.87890625,-0.09765625,-0.62255859375,-0.10986328125,-0.2685546875,-0.06103515625,-0.96435546875,-0.439453125,0.64697265625,0.1220703125,0.09765625,-0.20751953125,-0.634765625,-0.10986328125,-0.72021484375,-0.29296875,-0.48828125,0.01220703125,-0.74462890625,0.0244140625,-0.2197265625,-0.244140625,-0.7080078125,-0.1953125,-0.390625,-0.01220703125,0.72021484375,-0.1953125,1.08642578125,-0.03662109375,0.2685546875,-0.0732421875,-0.3662109375,0.20751953125,0.537109375,-0.20751953125,0.537109375,0.42724609375,0.390625,0.20751953125,0.390625,-0.45166015625,-0.244140625,-0.06103515625,0.0732421875,0.09765625,0.76904296875,0.03662109375,0.146484375,-0.03662109375,0.13427734375,0.048828125,0.29296875,-0.1220703125,0.76904296875,0.0732421875,-0.048828125,-0.09765625,1.26953125,0.29296875,3.23486328125,-0.10986328125,1.46484375,0.06103515625,0.03662109375,0.01220703125,0.50048828125,-0.03662109375,-0.0244140625,-0.20751953125,1.0009765625,0.30517578125,4.33349609375,0,0.7568359375,-0.1708984375,-0.67138671875,0.08544921875,-0.64697265625,0.37841796875,-0.59814453125,-0.01220703125,-0.10986328125,0.01220703125,1.52587890625,-0.18310546875,0.69580078125,-0.1220703125,0.4638671875,0.23193359375,8.11767578125,-0.0244140625,0.30517578125,-0.0244140625,0.01220703125,-0.06103515625,0.048828125,-0.03662109375,0.10986328125,-0.06103515625,-0.08544921875,-0.0732421875,1.08642578125,-0.03662109375,-0.146484375,0.01220703125,-0.08544921875
0,-0.45166015625,-0.50048828125,-0.01220703125,-0.4150390625,-0.08544921875,-0.47607421875,0.06103515625,-0.10986328125,0.390625,-0.03662109375,-0.06103515625,-0.9033203125,-0.244140625,1.08642578125,-0.0244140625,-0.20751953125,-0.03662109375,-0.59814453125,0,-0.1953125,0.10986328125,0.87890625,-0.03662109375,-0.59814453125,-0.09765625,-0.25634765625,-0.08544921875,-0.927734375,-0.3662109375,0.74462890625,0.06103515625,0.1220703125,-0.2197265625,-0.59814453125,-0.08544921875,-0.64697265625,-0.30517578125,-0.439453125,0.0244140625,-0.732421875,0.03662109375,-0.23193359375,-0.146484375,-0.7080078125,-0.1953125,-0.4150390625,0.06103515625,0.7080078125,-0.2197265625,0.74462890625,0,0.1953125,-0.06103515625,-0.37841796875,0.1220703125,0.48828125,-0.23193359375,0.54931640625,0.4638671875,0.390625,0.1708984375,0.45166015625,-0.45166015625,-0.29296875,-0.01220703125,0.09765625,0.03662109375,0.78125,0.06103515625,0.18310546875,-0.0244140625,0.20751953125,0,0.29296875,-0.146484375,0.78125,0.10986328125,-0.03662109375,-0.18310546875,1.26953125,0.2197265625,2.81982421875,-0.08544921875,1.25732421875,0.18310546875,-0.06103515625,0.03662109375,0.35400390625,-0.0244140625,0.2197265625,-0.1953125,1.20849609375,0.1953125,5.1025390625,-0.01220703125,1.06201171875,-0.1953125,-0.6591796875,0.0732421875,-0.64697265625,0.35400390625,-0.59814453125,0.0244140625,-0.10986328125,0.03662109375,1.37939453125,-0.20751953125,0.57373046875,-0.08544921875,0.35400390625,0.1953125,7.861328125,-0.01220703125,0.30517578125,-0.0244140625,-0.01220703125,-0.048828125,0.048828125,-0.06103515625,0.10986328125,-0.03662109375,0.06103515625,-0.10986328125,1.1962890625,-0.01220703125,-0.048828125,-0.0244140625,0.09765625
0,-0.4638671875,-0.4638671875,-0.03662109375,-0.4150390625,-0.06103515625,-0.47607421875,0.03662109375,-0.09765625,0.40283203125,-0.048828125,-0.0732421875,-0.87890625,-0.23193359375,1.07421875,-0.0244140625,-0.20751953125,-0.01220703125,-0.59814453125,0.01220703125,-0.1953125,0.146484375,0.86669921875,0.01220703125,-0.62255859375,-0.048828125,-0.2197265625,-0.09765625,-0.9033203125,-0.28076171875,0.81787109375,-0.03662109375,0.15869140625,-0.146484375,-0.5615234375,0.0244140625,-0.6103515625,-0.28076171875,-0.4150390625,0.06103515625,-0.69580078125,0.08544921875,-0.23193359375,-0.06103515625,-0.72021484375,-0.23193359375,-0.4150390625,0,0.68359375,-0.20751953125,0.5615234375,0.03662109375,0.1953125,-0.0732421875,-0.3662109375,0.048828125,0.5126953125,-0.2685546875,0.54931640625,0.47607421875,0.37841796875,0.20751953125,0.47607421875,-0.4150390625,-0.3662109375,0.0244140625,0.15869140625,-0.09765625,0.830078125,-0.0244140625,0.2197265625,-0.0732421875,0.244140625,-0.08544921875,0.30517578125,-0.13427734375,0.76904296875,0.10986328125,-0.03662109375,-0.20751953125,1.26953125,0.1708984375,2.24609375,-0.0732421875,1.025390625,0.29296875,-0.23193359375,0.048828125,0.1708984375,0,0.37841796875,-0.1708984375,1.37939453125,0.01220703125,5.6884765625,-0.01220703125,1.30615234375,-0.1953125,-0.68359375,0.03662109375,-0.67138671875,0.3173828125,-0.57373046875,0.0244140625,-0.1220703125,0,1.1962890625,-0.244140625,0.439453125,-0.08544921875,0.20751953125,0.0732421875,7.33642578125,0.01220703125,0.30517578125,-0.03662109375,-0.01220703125,-0.048828125,0.0244140625,-0.0732421875,0.10986328125,-0.09765625,0.2197265625,-0.1220703125,1.28173828125,0,0.0732421875,-0.01220703125,0.25634765625
0,-0.47607421875,-0.390625,-0.03662109375,-0.37841796875,-0.0732421875,-0.47607421875,0.01220703125,-0.06103515625,0.4150390625,-0.06103515625,-0.08544921875,-0.89111328125,-0.2685546875,1.06201171875,-0.01220703125,-0.18310546875,0.06103515625,-0.59814453125,0.03662109375,-0.1953125,0.18310546875,0.8544921875,0.03662109375,-0.59814453125,0.048828125,-0.244140625,-0.1220703125,-0.89111328125,-0.2197265625,0.830078125,-0.1220703125,0.18310546875,-0.146484375,-0.54931640625,0.0732421875,-0.67138671875,-0.2685546875,-0.4150390625,0.048828125,-0.732421875,0.03662109375,-0.25634765625,-0.0244140625,-0.69580078125,-0.30517578125,-0.439453125,0,0.64697265625,-0.1708984375,0.57373046875,0.0732421875,0.25634765625,-0.08544921875,-0.29296875,-0.01220703125,0.52490234375,-0.23193359375,0.54931640625,0.47607421875,0.35400390625,0.03662109375,0.5126953125,-0.35400390625,-0.42724609375,0.08544921875,0.2197265625,-0.15869140625,0.91552734375,-0.09765625,0.28076171875,-0.09765625,0.32958984375,-0.15869140625,0.28076171875,-0.08544921875,0.76904296875,0.146484375,-0.03662109375,-0.1953125,1.25732421875,0.23193359375,1.57470703125,0.01220703125,0.76904296875,0.3662109375,-0.4150390625,0,-0.01220703125,0.0244140625,0.48828125,-0.10986328125,1.50146484375,-0.1708984375,6.0546875,-0.048828125,1.46484375,-0.15869140625,-0.68359375,0.03662109375,-0.6591796875,0.28076171875,-0.57373046875,0.03662109375,-0.10986328125,-0.08544921875,0.98876953125,-0.25634765625,0.28076171875,-0.10986328125,0.06103515625,-0.03662109375,6.689453125,0.0244140625,0.30517578125,-0.03662109375,-0.0244140625,-0.048828125,0.048828125,-0.048828125,0.10986328125,-0.03662109375,0.341796875,-0.1220703125,1.318359375,-0.01220703125,0.09765625,0,0.3662109375
1,-0.5126953125,-0.244140625,-0.06103515625,-0.3662109375,-0.03662109375,-0.47607421875,-0.0244140625,-0.03662109375,0.4150390625,-0.09765625,-0.08544921875,-0.87890625,-0.28076171875,1.0498046875,0,-0.15869140625,0.13427734375,-0.57373046875,0.048828125,-0.1953125,0.25634765625,0.86669921875,0.048828125,-0.5859375,0.10986328125,-0.23193359375,-0.146484375,-0.84228515625,-0.1953125,0.8056640625,-0.18310546875,0.1953125,-0.13427734375,-0.5615234375,0.0732421875,-0.8056640625,-0.2685546875,-0.42724609375,0.06103515625,-0.7568359375,0.06103515625,-0.25634765625,-0.03662109375,-0.72021484375,-0.32958984375,-0.42724609375,-0.01220703125,0.62255859375,-0.15869140625,0.72021484375,0.08544921875,0.32958984375,-0.0732421875,-0.2197265625,-0.08544921875,0.6103515625,-0.1708984375,0.54931640625,0.42724609375,0.341796875,-0.1220703125,0.52490234375,-0.30517578125,-0.4150390625,0.13427734375,0.29296875,-0.1953125,1.01318359375,-0.1708984375,0.32958984375,-0.0732421875,0.37841796875,-0.25634765625,0.25634765625,-0.06103515625,0.78125,0.18310546875,-0.03662109375,-0.18310546875,1.26953125,0.1953125,0.8544921875,0.06103515625,0.48828125,0.390625,-0.62255859375,-0.0244140625,-0.20751953125,0.03662109375,0.5126953125,-0.01220703125,1.5380859375,-0.2685546875,6.18896484375,-0.03662109375,1.4892578125,-0.146484375,-0.68359375,0.06103515625,-0.68359375,0.15869140625,-0.5615234375,0.0244140625,-0.10986328125,-0.15869140625,0.8056640625,-0.2197265625,0.09765625,-0.1708984375,-0.09765625,-0.08544921875,6.005859375,0.0244140625,0.30517578125,-0.048828125,-0.03662109375,-0.0732421875,0.0244140625,-0.0732421875,0.13427734375,-0.10986328125,0.37841796875,-0.09765625,1.318359375,-0.01220703125,0.08544921875,-0.0244140625,0.3662109375
1,-0.537109375,-0.06103515625,-0.08544921875,-0.35400390625,-0.03662109375,-0.4638671875,-0.01220703125,-0.048828125,0.37841796875,-0.1220703125,-0.06103515625,-0.86669921875,-0.28076171875,1.0498046875,0.03662109375,-0.15869140625,0.18310546875,-0.5615234375,0.048828125,-0.15869140625,0.244140625,0.87890625,-0.0244140625,-0.5615234375,0.18310546875,-0.244140625,-0.15869140625,-0.84228515625,-0.18310546875,0.76904296875,-0.1953125,0.20751953125,-0.15869140625,-0.59814453125,0.08544921875,-0.9765625,-0.23193359375,-0.48828125,0.09765625,-0.8056640625,0.03662109375,-0.25634765625,-0.08544921875,-0.7080078125,-0.32958984375,-0.439453125,0,0.5859375,-0.08544921875,0.9033203125,0.08544921875,0.42724609375,-0.01220703125,-0.15869140625,-0.13427734375,0.69580078125,-0.1220703125,0.52490234375,0.439453125,0.32958984375,-0.2197265625,0.5126953125,-0.244140625,-0.42724609375,0.13427734375,0.3662109375,-0.20751953125,1.13525390625,-0.23193359375,0.37841796875,-0.048828125,0.439453125,-0.29296875,0.23193359375,-0.0244140625,0.830078125,0.1708984375,-0.06103515625,-0.1220703125,1.26953125,0.23193359375,0.15869140625,0.1220703125,0.244140625,0.3662109375,-0.81787109375,-0.03662109375,-0.40283203125,0.03662109375,0.48828125,0.08544921875,1.46484375,-0.3173828125,6.04248046875,-0.03662109375,1.3916015625,-0.08544921875,-0.67138671875,0.06103515625,-0.68359375,0.13427734375,-0.54931640625,0,-0.10986328125,-0.244140625,0.634765625,-0.15869140625,-0.08544921875,-0.2197265625,-0.20751953125,-0.146484375,5.37109375,0.03662109375,0.32958984375,-0.06103515625,-0.03662109375,-0.06103515625,0.0244140625,-0.0732421875,0.13427734375,-0.0244140625,0.3662109375,-0.08544921875,1.26953125,-0.0244140625,0.0244140625,0.01220703125,0.2685546875
1,-0.54931640625,0.15869140625,-0.08544921875,-0.35400390625,0,-0.45166015625,-0.01220703125,-0.048828125,0.40283203125,-0.1220703125,-0.06103515625,-0.89111328125,-0.25634765625,1.03759765625,0.01220703125,-0.15869140625,0.1953125,-0.5859375,0.06103515625,-0.15869140625,0.244140625,0.8544921875,-0.08544921875,-0.57373046875,0.1953125,-0.25634765625,-0.13427734375,-0.8544921875,-0.244140625,0.67138671875,-0.18310546875,0.1953125,-0.15869140625,-0.5859375,0.06103515625,-1.123046875,-0.18310546875,-0.52490234375,0.13427734375,-0.8544921875,0.08544921875,-0.25634765625,-0.146484375,-0.72021484375,-0.30517578125,-0.439453125,0.0732421875,0.54931640625,0.0244140625,1.0986328125,0.1220703125,0.50048828125,0.0732421875,-0.13427734375,-0.244140625,0.74462890625,-0.048828125,0.52490234375,0.4150390625,0.341796875,-0.35400390625,0.45166015625,-0.244140625,-0.390625,0.10986328125,0.40283203125,-0.20751953125,1.18408203125,-0.3173828125,0.390625,-0.048828125,0.439453125,-0.28076171875,0.2197265625,-0.06103515625,0.84228515625,0.09765625,-0.06103515625,-0.01220703125,1.25732421875,0.2685546875,-0.45166015625,0.1220703125,0.03662109375,0.35400390625,-0.9765625,-0.0732421875,-0.57373046875,0.048828125,0.32958984375,0.146484375,1.33056640625,-0.32958984375,5.6884765625,-0.03662109375,1.18408203125,-0.048828125,-0.68359375,0.03662109375,-0.69580078125,0.0732421875,-0.537109375,-0.0732421875,-0.10986328125,-0.3662109375,0.54931640625,-0.10986328125,-0.2197265625,-0.29296875,-0.29296875,-0.1708984375,4.87060546875,0.0244140625,0.35400390625,-0.06103515625,-0.0244140625,-0.048828125,0,-0.10986328125,0.146484375,0.10986328125,0.29296875,-0.048828125,1.171875,-0.03662109375,-0.06103515625,0.03662109375,0.1220703125
1,-0.54931640625,0.35400390625,-0.10986328125,-0.35400390625,0.01220703125,-0.4638671875,-0.0244140625,-0.08544921875,0.40283203125,-0.1220703125,-0.03662109375,-0.9033203125,-0.23193359375,1.03759765625,0.01220703125,-0.15869140625,0.23193359375,-0.5859375,0.0732421875,-0.13427734375,0.2197265625,0.8544921875,-0.13427734375,-0.5615234375,0.20751953125,-0.25634765625,-0.09765625,-0.89111328125,-0.2685546875,0.59814453125,-0.08544921875,0.18310546875,-0.1708984375,-0.64697265625,0.0732421875,-1.23291015625,-0.1220703125,-0.5615234375,0.1220703125,-0.9033203125,0.146484375,-0.2197265625,-0.1708984375,-0.7080078125,-0.23193359375,-0.42724609375,0.06103515625,0.537109375,0.08544921875,1.220703125,0.13427734375,0.50048828125,0.1220703125,-0.10986328125,-0.30517578125,0.78125,0,0.537109375,0.40283203125,0.341796875,-0.439453125,0.4150390625,-0.2197265625,-0.32958984375,0.06103515625,0.4150390625,-0.23193359375,1.1962890625,-0.35400390625,0.390625,-0.09765625,0.42724609375,-0.2685546875,0.1953125,-0.09765625,0.8544921875,0.06103515625,-0.0732421875,0.08544921875,1.28173828125,0.3173828125,-0.84228515625,0.1220703125,-0.0732421875,0.29296875,-1.07421875,-0.0732421875,-0.67138671875,0.0244140625,0.146484375,0.18310546875,1.13525390625,-0.244140625,5.13916015625,0,0.9033203125,-0.048828125,-0.69580078125,-0.01220703125,-0.68359375,0,-0.52490234375,-0.1708984375,-0.08544921875,-0.40283203125,0.5126953125,-0.03662109375,-0.28076171875,-0.32958984375,-0.32958984375,-0.13427734375,4.58984375,0.0244140625,0.35400390625,-0.08544921875,-0.0244140625,-0.06103515625,0,-0.09765625,0.15869140625,0.048828125,0.2685546875,-0.06103515625,1.0986328125,-0.048828125,-0.15869140625,0.01220703125,-0.048828125
1,-0.47607421875,0.5615234375,-0.08544921875,-0.37841796875,0.01220703125,-0.47607421875,-0.0244140625,-0.09765625,0.390625,-0.10986328125,-0.0244140625,-0.89111328125,-0.2197265625,1.0498046875,-0.01220703125,-0.1708984375,0.1953125,-0.6103515625,0.0732421875,-0.13427734375,0.09765625,0.86669921875,-0.18310546875,-0.57373046875,0.1953125,-0.28076171875,-0.048828125,-0.93994140625,-0.30517578125,0.5126953125,0.03662109375,0.13427734375,-0.1220703125,-0.6591796875,0.09765625,-1.28173828125,-0.10986328125,-0.5859375,0.06103515625,-0.9033203125,0.2197265625,-0.1953125,-0.15869140625,-0.72021484375,-0.1220703125,-0.42724609375,0,0.5615234375,0.13427734375,1.26953125,0.1708984375,0.5126953125,0.146484375,-0.1220703125,-0.3662109375,0.7568359375,0,0.52490234375,0.42724609375,0.37841796875,-0.5126953125,0.35400390625,-0.18310546875,-0.2685546875,0.03662109375,0.40283203125,-0.28076171875,1.1474609375,-0.32958984375,0.3662109375,-0.0732421875,0.3662109375,-0.2197265625,0.1953125,-0.1220703125,0.84228515625,0.01220703125,-0.06103515625,0.15869140625,1.2451171875,0.30517578125,-0.98876953125,0.10986328125,-0.09765625,0.25634765625,-1.0986328125,-0.1220703125,-0.69580078125,-0.048828125,-0.09765625,0.23193359375,0.86669921875,-0.146484375,4.45556640625,0.01220703125,0.54931640625,-0.0732421875,-0.69580078125,-0.0732421875,-0.6591796875,-0.01220703125,-0.5126953125,-0.2685546875,-0.0732421875,-0.4638671875,0.537109375,0.0244140625,-0.29296875,-0.37841796875,-0.341796875,-0.18310546875,4.541015625,0.0732421875,0.3662109375,-0.0732421875,-0.01220703125,-0.03662109375,0,-0.09765625,0.15869140625,0.08544921875,0.35400390625,-0.03662109375,1.0498046875,-0.09765625,-0.20751953125,0.01220703125,-0.15869140625
1,-0.54931640625,0.72021484375,-0.09765625,-0.390625,0,-0.4638671875,0,-0.10986328125,0.3662109375,-0.09765625,0,-0.91552734375,-0.20751953125,1.06201171875,-0.048828125,-0.15869140625,0.1708984375,-0.6103515625,0.09765625,-0.146484375,0.01220703125,0.830078125,-0.15869140625,-0.5859375,0.10986328125,-0.29296875,-0.01220703125,-0.9765625,-0.25634765625,0.42724609375,0.146484375,0.10986328125,-0.0732421875,-0.67138671875,-0.06103515625,-1.26953125,-0.0732421875,-0.57373046875,0.06103515625,-0.9033203125,0.23193359375,-0.1708984375,-0.1708984375,-0.72021484375,0,-0.4150390625,-0.09765625,0.57373046875,0.09765625,1.23291015625,0.18310546875,0.48828125,0.1953125,-0.1953125,-0.4150390625,0.72021484375,0,0.52490234375,0.4150390625,0.37841796875,-0.634765625,0.341796875,-0.23193359375,-0.244140625,0.03662109375,0.3662109375,-0.30517578125,1.07421875,-0.25634765625,0.29296875,-0.10986328125,0.30517578125,-0.1708984375,0.2197265625,-0.08544921875,0.84228515625,0.08544921875,-0.048828125,0.2197265625,1.26953125,0.35400390625,-0.8544921875,0.0732421875,-0.0244140625,0.1708984375,-1.0498046875,-0.1953125,-0.634765625,-0.0732421875,-0.37841796875,0.23193359375,0.59814453125,-0.01220703125,3.64990234375,-0.01220703125,0.1953125,-0.09765625,-0.69580078125,-0.10986328125,-0.6591796875,0,-0.5126953125,-0.28076171875,-0.06103515625,-0.537109375,0.5859375,0.09765625,-0.29296875,-0.4150390625,-0.29296875,-0.18310546875,4.6875,0.0732421875,0.35400390625,-0.048828125,-0.01220703125,-0.048828125,-0.01220703125,-0.10986328125,0.15869140625,0.0732421875,0.62255859375,-0.0732421875,1.0986328125,-0.1220703125,-0.146484375,-0.01220703125,-0.10986328125
1,-0.5126953125,0.86669921875,-0.09765625,-0.390625,-0.01220703125,-0.47607421875,0,-0.10986328125,0.35400390625,-0.06103515625,0.0244140625,-0.91552734375,-0.18310546875,1.08642578125,-0.048828125,-0.18310546875,0.09765625,-0.6103515625,0.1220703125,-0.146484375,-0.08544921875,0.84228515625,-0.13427734375,-0.62255859375,0.01220703125,-0.30517578125,0.03662109375,-1.03759765625,-0.244140625,0.37841796875,0.146484375,0.06103515625,0.0244140625,-0.6591796875,-0.146484375,-1.18408203125,-0.048828125,-0.54931640625,0.08544921875,-0.87890625,0.20751953125,-0.15869140625,-0.13427734375,-0.7080078125,0.10986328125,-0.42724609375,-0.146484375,0.57373046875,0.09765625,1.123046875,0.2197265625,0.42724609375,0.25634765625,-0.2197265625,-0.4150390625,0.68359375,0,0.5126953125,0.4150390625,0.40283203125,-0.72021484375,0.37841796875,-0.29296875,-0.244140625,0,0.3173828125,-0.3173828125,0.9521484375,-0.18310546875,0.23193359375,-0.1708984375,0.2197265625,-0.146484375,0.2685546875,-0.01220703125,0.81787109375,0.13427734375,-0.048828125,0.25634765625,1.25732421875,0.439453125,-0.42724609375,0.0732421875,0.1708984375,0.048828125,-0.91552734375,-0.2197265625,-0.50048828125,-0.09765625,-0.67138671875,0.20751953125,0.3173828125,0.10986328125,2.83203125,-0.0244140625,-0.20751953125,-0.18310546875,-0.67138671875,-0.13427734375,-0.67138671875,-0.0244140625,-0.537109375,-0.28076171875,-0.06103515625,-0.5859375,0.6591796875,0.1220703125,-0.244140625,-0.4150390625,-0.25634765625,-0.1953125,4.94384765625,0.09765625,0.35400390625,-0.06103515625,0,-0.0732421875,-0.01220703125,-0.09765625,0.13427734375,0.09765625,1.0986328125,-0.048828125,1.25732421875,-0.146484375,0.01220703125,0.01220703125,0.10986328125
1,-0.52490234375,0.91552734375,-0.09765625,-0.390625,-0.0244140625,-0.4638671875,0.01220703125,-0.10986328125,0.3173828125,-0.0244140625,0.048828125,-0.9033203125,-0.15869140625,1.07421875,-0.06103515625,-0.1708984375,0,-0.59814453125,0.13427734375,-0.15869140625,-0.1708984375,0.81787109375,-0.10986328125,-0.62255859375,-0.09765625,-0.32958984375,0.03662109375,-1.06201171875,-0.29296875,0.35400390625,0.13427734375,0.0244140625,0.06103515625,-0.6591796875,-0.25634765625,-1.07421875,-0.048828125,-0.537109375,0.09765625,-0.84228515625,0.10986328125,-0.15869140625,-0.08544921875,-0.69580078125,0.20751953125,-0.45166015625,-0.2197265625,0.5859375,0.0732421875,1.0009765625,0.25634765625,0.3662109375,0.341796875,-0.2685546875,-0.3662109375,0.6103515625,-0.03662109375,0.52490234375,0.40283203125,0.42724609375,-0.72021484375,0.4638671875,-0.341796875,-0.244140625,-0.01220703125,0.25634765625,-0.23193359375,0.84228515625,-0.08544921875,0.1708984375,-0.2685546875,0.146484375,-0.13427734375,0.32958984375,0.0732421875,0.8056640625,0.20751953125,-0.03662109375,0.23193359375,1.25732421875,0.32958984375,0.1953125,0.0244140625,0.4150390625,-0.06103515625,-0.72021484375,-0.25634765625,-0.3173828125,-0.09765625,-0.93994140625,0.1708984375,0.048828125,0.23193359375,2.001953125,-0.06103515625,-0.52490234375,-0.18310546875,-0.69580078125,-0.13427734375,-0.64697265625,0.0732421875,-0.52490234375,-0.23193359375,-0.0732421875,-0.59814453125,0.74462890625,0.15869140625,-0.1953125,-0.40283203125,-0.20751953125,-0.2197265625,5.2490234375,0.13427734375,0.3173828125,-0.06103515625,-0.01220703125,-0.06103515625,-0.0244140625,-0.10986328125,0.1220703125,0.10986328125,1.84326171875,-0.03662109375,1.55029296875,-0.1708984375,0.29296875,0.03662109375,0.47607421875
1,-0.537109375,0.93994140625,-0.10986328125,-0.390625,-0.0244140625,-0.45166015625,-0.01220703125,-0.10986328125,0.30517578125,-0.03662109375,0.06103515625,-0.927734375,-0.1220703125,1.06201171875,-0.03662109375,-0.1953125,-0.048828125,-0.6103515625,0.146484375,-0.1708984375,-0.15869140625,0.830078125,-0.06103515625,-0.6591796875,-0.15869140625,-0.341796875,0.03662109375,-1.0986328125,-0.29296875,0.3662109375,0.08544921875,0,0.10986328125,-0.69580078125,-0.28076171875,-0.9521484375,-0.048828125,-0.537109375,0.1220703125,-0.81787109375,0.03662109375,-0.1708984375,-0.06103515625,-0.69580078125,0.28076171875,-0.4638671875,-0.20751953125,0.59814453125,0.06103515625,0.8544921875,0.23193359375,0.32958984375,0.341796875,-0.29296875,-0.32958984375,0.5859375,-0.06103515625,0.52490234375,0.37841796875,0.45166015625,-0.79345703125,0.5859375,-0.37841796875,-0.25634765625,-0.048828125,0.20751953125,-0.28076171875,0.74462890625,0,0.13427734375,-0.35400390625,0.10986328125,-0.1953125,0.42724609375,0.15869140625,0.78125,0.244140625,-0.0244140625,0.20751953125,1.25732421875,0.3662109375,1.03759765625,0.01220703125,0.7568359375,-0.18310546875,-0.4638671875,-0.20751953125,-0.06103515625,-0.06103515625,-1.20849609375,0.08544921875,-0.1953125,0.35400390625,1.20849609375,-0.048828125,-0.86669921875,-0.18310546875,-0.69580078125,-0.13427734375,-0.64697265625,0.09765625,-0.54931640625,-0.15869140625,-0.08544921875,-0.5859375,0.7568359375,0.18310546875,-0.1708984375,-0.341796875,-0.1953125,-0.1953125,5.419921875,0.13427734375,0.3173828125,-0.048828125,0.01220703125,-0.048828125,-0.06103515625,-0.09765625,0.10986328125,0.01220703125,2.8076171875,-0.0244140625,1.94091796875,-0.18310546875,0.68359375,0.048828125,1.07421875
1,-0.52490234375,0.87890625,-0.10986328125,-0.40283203125,-0.0244140625,-0.45166015625,-0.0244140625,-0.06103515625,0.28076171875,-0.01220703125,0.0732421875,-0.91552734375,-0.10986328125,1.07421875,-0.01220703125,-0.1953125,-0.10986328125,-0.6103515625,0.1220703125,-0.18310546875,-0.13427734375,0.84228515625,-0.0732421875,-0.64697265625,-0.244140625,-0.341796875,-0.048828125,-1.08642578125,-0.3662109375,0.40283203125,0,-0.01220703125,0.15869140625,-0.7080078125,-0.25634765625,-0.86669921875,-0.048828125,-0.52490234375,0.10986328125,-0.79345703125,-0.01220703125,-0.2197265625,-0.06103515625,-0.69580078125,0.28076171875,-0.4638671875,-0.20751953125,0.62255859375,-0.0244140625,0.76904296875,0.25634765625,0.3173828125,0.42724609375,-0.29296875,-0.20751953125,0.57373046875,-0.09765625,0.50048828125,0.3662109375,0.439453125,-0.7568359375,0.72021484375,-0.3662109375,-0.30517578125,-0.0732421875,0.1708984375,-0.32958984375,0.69580078125,0.08544921875,0.09765625,-0.35400390625,0.09765625,-0.28076171875,0.52490234375,0.20751953125,0.78125,0.244140625,0.01220703125,0.146484375,1.26953125,0.3662109375,1.9775390625,-0.03662109375,1.11083984375,-0.23193359375,-0.18310546875,-0.13427734375,0.20751953125,-0.0244140625,-1.42822265625,0.048828125,-0.40283203125,0.4638671875,0.54931640625,-0.0244140625,-1.07421875,-0.1708984375,-0.67138671875,-0.13427734375,-0.64697265625,0.15869140625,-0.54931640625,-0.08544921875,-0.09765625,-0.5126953125,0.732421875,0.28076171875,-0.18310546875,-0.2685546875,-0.244140625,-0.18310546875,5.38330078125,0.13427734375,0.3173828125,-0.0244140625,0,-0.06103515625,-0.06103515625,-0.08544921875,0.10986328125,-0.08544921875,3.96728515625,-0.0244140625,2.44140625,-0.1953125,1.171875,0.048828125,1.79443359375
1,-0.54931640625,0.79345703125,-0.10986328125,-0.390625,-0.0244140625,-0.439453125,-0.03662109375,-0.048828125,0.25634765625,-0.03662109375,0.0732421875,-0.93994140625,-0.1220703125,1.06201171875,-0.03662109375,-0.23193359375,-0.1708984375,-0.5859375,0.09765625,-0.146484375,-0.10986328125,0.84228515625,-0.09765625,-0.64697265625,-0.28076171875,-0.3662109375,-0.06103515625,-1.0498046875,-0.37841796875,0.45166015625,0,0,0.1220703125,-0.69580078125,-0.244140625,-0.79345703125,-0.03662109375,-0.5126953125,0.03662109375,-0.76904296875,-0.0244140625,-0.244140625,-0.08544921875,-0.68359375,0.244140625,-0.47607421875,-0.146484375,0.62255859375,-0.13427734375,0.74462890625,0.29296875,0.3173828125,0.439453125,-0.28076171875,-0.15869140625,0.5615234375,-0.146484375,0.52490234375,0.3662109375,0.40283203125,-0.76904296875,0.8544921875,-0.37841796875,-0.35400390625,-0.08544921875,0.1708984375,-0.3662109375,0.68359375,0.0732421875,0.1220703125,-0.35400390625,0.10986328125,-0.35400390625,0.62255859375,0.23193359375,0.78125,0.20751953125,-0.0244140625,0.06103515625,1.26953125,0.28076171875,2.9541015625,-0.06103515625,1.4892578125,-0.29296875,0.08544921875,-0.0732421875,0.50048828125,0.0244140625,-1.59912109375,-0.0244140625,-0.50048828125,0.52490234375,-0.01220703125,0.03662109375,-1.26953125,-0.1953125,-0.67138671875,-0.10986328125,-0.6591796875,0.2197265625,-0.54931640625,-0.01220703125,-0.09765625,-0.50048828125,0.62255859375,0.25634765625,-0.25634765625,-0.20751953125,-0.30517578125,-0.08544921875,5.0537109375,0.146484375,0.30517578125,-0.0244140625,0,-0.06103515625,-0.0732421875,-0.09765625,0.1220703125,-0.048828125,5.2001953125,-0.03662109375,2.9296875,-0.244140625,1.6845703125,0.0244140625,2.55126953125
1,-0.59814453125,0.67138671875,-0.146484375,-0.37841796875,-0.03662109375,-0.439453125,-0.048828125,-0.048828125,0.25634765625,-0.048828125,0.06103515625,-0.927734375,-0.15869140625,1.06201171875,0,-0.2197265625,-0.1708984375,-0.5859375,0.0732421875,-0.15869140625,-0.0244140625,0.84228515625,-0.10986328125,-0.634765625,-0.244140625,-0.32958984375,-0.06103515625,-1.01318359375,-0.390625,0.47607421875,-0.01220703125,0.01220703125,0.10986328125,-0.72021484375,-0.15869140625,-0.81787109375,-0.03662109375,-0.537109375,0.048828125,-0.76904296875,0,-0.25634765625,-0.09765625,-0.68359375,0.15869140625,-0.47607421875,-0.048828125,0.62255859375,-0.23193359375,0.78125,0.3173828125,0.341796875,0.5126953125,-0.25634765625,-0.10986328125,0.59814453125,-0.20751953125,0.5126953125,0.390625,0.37841796875,-0.732421875,0.98876953125,-0.42724609375,-0.3662109375,-0.03662109375,0.1708984375,-0.35400390625,0.72021484375,0.06103515625,0.1708984375,-0.3173828125,0.13427734375,-0.390625,0.74462890625,0.244140625,0.76904296875,0.15869140625,-0.01220703125,0.0244140625,1.28173828125,0.1708984375,3.86962890625,-0.08544921875,1.85546875,-0.28076171875,0.35400390625,0.0244140625,0.78125,0.048828125,-1.708984375,-0.01220703125,-0.57373046875,0.57373046875,-0.45166015625,0.0732421875,-1.3671875,-0.18310546875,-0.64697265625,-0.10986328125,-0.68359375,0.25634765625,-0.5859375,0.0244140625,-0.1220703125,-0.4638671875,0.4150390625,0.244140625,-0.40283203125,-0.1220703125,-0.42724609375,0.01220703125,4.40673828125,0.15869140625,0.29296875,0,-0.0244140625,-0.048828125,-0.08544921875,-0.09765625,0.13427734375,0.0732421875,6.43310546875,0,3.41796875,-0.20751953125,2.16064453125,0.03662109375,3.3203125
1,-0.62255859375,0.47607421875,-0.1220703125,-0.37841796875,-0.03662109375,-0.42724609375,-0.0732421875,-0.03662109375,0.25634765625,-0.06103515625,0.048828125,-0.927734375,-0.18310546875,1.0498046875,0.01220703125,-0.1953125,-0.10986328125,-0.5859375,0.03662109375,-0.1708984375,0.0244140625,0.8544921875,-0.1220703125,-0.6103515625,-0.25634765625,-0.32958984375,-0.09765625,-0.9765625,-0.45166015625,0.5126953125,-0.03662109375,0.048828125,0.08544921875,-0.732421875,-0.10986328125,-0.86669921875,-0.0732421875,-0.537109375,0.01220703125,-0.78125,0.048828125,-0.2685546875,-0.15869140625,-0.68359375,0.048828125,-0.47607421875,0.06103515625,0.62255859375,-0.341796875,0.87890625,0.3173828125,0.390625,0.5126953125,-0.2197265625,-0.048828125,0.64697265625,-0.1953125,0.50048828125,0.32958984375,0.35400390625,-0.634765625,1.07421875,-0.4638671875,-0.37841796875,0,0.15869140625,-0.28076171875,0.8056640625,0.09765625,0.20751953125,-0.2197265625,0.15869140625,-0.3173828125,0.84228515625,0.2685546875,0.78125,0.10986328125,-0.0244140625,-0.01220703125,1.25732421875,0.01220703125,4.736328125,-0.10986328125,2.18505859375,-0.2197265625,0.54931640625,0.06103515625,1.025390625,0.03662109375,-1.7822265625,0.03662109375,-0.59814453125,0.537109375,-0.7080078125,0.09765625,-1.42822265625,-0.15869140625,-0.67138671875,-0.08544921875,-0.68359375,0.2685546875,-0.5615234375,0.048828125,-0.08544921875,-0.4638671875,0.15869140625,0.23193359375,-0.59814453125,-0.08544921875,-0.59814453125,0.048828125,3.4912109375,0.23193359375,0.29296875,0.03662109375,-0.01220703125,-0.06103515625,-0.10986328125,-0.09765625,0.146484375,0.10986328125,7.568359375,0.0244140625,3.857421875,-0.1953125,2.5634765625,0.03662109375,4.00390625
1,-0.6103515625,0.3173828125,-0.10986328125,-0.35400390625,-0.03662109375,-0.439453125,-0.048828125,-0.03662109375,0.2685546875,-0.08544921875,0.06103515625,-0.927734375,-0.18310546875,1.06201171875,0,-0.18310546875,-0.06103515625,-0.59814453125,0,-0.1708984375,0.048828125,0.830078125,-0.15869140625,-0.5859375,-0.20751953125,-0.3173828125,-0.0732421875,-0.9521484375,-0.45166015625,0.54931640625,0.0244140625,0.09765625,0.08544921875,-0.732421875,-0.0732421875,-0.927734375,-0.09765625,-0.57373046875,0.0244140625,-0.8056640625,0.048828125,-0.29296875,-0.20751953125,-0.68359375,-0.06103515625,-0.45166015625,0.146484375,0.634765625,-0.3173828125,0.98876953125,0.30517578125,0.439453125,0.537109375,-0.20751953125,0,0.68359375,-0.25634765625,0.5126953125,0.30517578125,0.341796875,-0.6591796875,1.123046875,-0.54931640625,-0.37841796875,0.03662109375,0.1708984375,-0.1953125,0.87890625,0.0244140625,0.2685546875,-0.18310546875,0.1953125,-0.23193359375,0.89111328125,0.30517578125,0.79345703125,0.048828125,0,-0.03662109375,1.26953125,-0.048828125,5.419921875,-0.10986328125,2.44140625,-0.13427734375,0.69580078125,0.06103515625,1.220703125,0.048828125,-1.81884765625,0.0732421875,-0.57373046875,0.52490234375,-0.86669921875,0.10986328125,-1.47705078125,-0.10986328125,-0.67138671875,-0.08544921875,-0.68359375,0.2685546875,-0.57373046875,0.0732421875,-0.0732421875,-0.5126953125,-0.146484375,0.1953125,-0.87890625,-0.08544921875,-0.79345703125,0.09765625,2.44140625,0.2685546875,0.3173828125,0.01220703125,0,-0.06103515625,-0.10986328125,-0.10986328125,0.1953125,-0.01220703125,8.5205078125,0.0244140625,4.1748046875,-0.18310546875,2.9052734375,0.0244140625,4.5166015625
0,-0.54931640625,0.15869140625,-0.09765625,-0.3662109375,0,-0.42724609375,-0.06103515625,-0.0244140625,0.29296875,-0.09765625,0.0732421875,-0.9033203125,-0.146484375,1.03759765625,-0.01220703125,-0.15869140625,0.0244140625,-0.5859375,-0.03662109375,-0.1708984375,0.0732421875,0.8544921875,-0.1708984375,-0.59814453125,-0.18310546875,-0.30517578125,-0.048828125,-0.9033203125,-0.48828125,0.57373046875,0.03662109375,0.10986328125,0.06103515625,-0.74462890625,-0.0732421875,-1.01318359375,-0.1220703125,-0.5859375,-0.01220703125,-0.8544921875,0.1220703125,-0.30517578125,-0.28076171875,-0.68359375,-0.13427734375,-0.439453125,0.1708984375,0.634765625,-0.32958984375,1.123046875,0.30517578125,0.47607421875,0.5859375,-0.1708984375,0.1220703125,0.74462890625,-0.244140625,0.5126953125,0.30517578125,0.341796875,-0.64697265625,1.11083984375,-0.5615234375,-0.35400390625,0.03662109375,0.146484375,-0.13427734375,0.96435546875,0,0.28076171875,-0.08544921875,0.2197265625,-0.08544921875,0.93994140625,0.25634765625,0.8056640625,-0.03662109375,0,-0.03662109375,1.26953125,-0.09765625,5.95703125,-0.08544921875,2.6611328125,-0.01220703125,0.79345703125,0.03662109375,1.37939453125,0,-1.806640625,0.10986328125,-0.54931640625,0.42724609375,-0.93994140625,0.08544921875,-1.47705078125,-0.03662109375,-0.67138671875,-0.10986328125,-0.69580078125,0.146484375,-0.5615234375,0.10986328125,-0.06103515625,-0.54931640625,-0.439453125,0.1708984375,-1.123046875,-0.09765625,-1.0009765625,0.15869140625,1.37939453125,0.28076171875,0.3173828125,0.0244140625,-0.01220703125,-0.06103515625,-0.09765625,-0.146484375,0.1708984375,0.01220703125,9.228515625,0.0732421875,4.40673828125,-0.1220703125,3.13720703125,0.048828125,4.84619140625
0,-0.5615234375,0.03662109375,-0.13427734375,-0.32958984375,0.01220703125,-0.42724609375,-0.03662109375,-0.048828125,0.28076171875,-0.10986328125,0.1220703125,-0.9033203125,-0.1220703125,1.0498046875,-0.03662109375,-0.1220703125,0.09765625,-0.57373046875,-0.06103515625,-0.15869140625,0.01220703125,0.86669921875,-0.13427734375,-0.5859375,-0.15869140625,-0.28076171875,-0.0244140625,-0.89111328125,-0.52490234375,0.59814453125,0.03662109375,0.1220703125,0.08544921875,-0.69580078125,-0.10986328125,-1.06201171875,-0.08544921875,-0.5859375,-0.0244140625,-0.86669921875,0.13427734375,-0.30517578125,-0.25634765625,-0.69580078125,-0.1953125,-0.42724609375,0.2197265625,0.6103515625,-0.30517578125,1.220703125,0.25634765625,0.47607421875,0.537109375,-0.146484375,0.1708984375,0.7568359375,-0.23193359375,0.50048828125,0.28076171875,0.35400390625,-0.62255859375,1.0498046875,-0.634765625,-0.32958984375,-0.03662109375,0.146484375,-0.0732421875,1.025390625,-0.048828125,0.341796875,-0.01220703125,0.2197265625,0.03662109375,0.9765625,0.18310546875,0.81787109375,-0.1708984375,0.0244140625,-0.0244140625,1.25732421875,-0.1220703125,6.28662109375,-0.0732421875,2.77099609375,0.0732421875,0.87890625,-0.0244140625,1.513671875,-0.0244140625,-1.7822265625,0.1220703125,-0.48828125,0.25634765625,-0.93994140625,0.06103515625,-1.50146484375,0.03662109375,-0.6591796875,-0.1220703125,-0.68359375,0.048828125,-0.5615234375,0.06103515625,-0.048828125,-0.52490234375,-0.67138671875,0.1220703125,-1.3671875,-0.09765625,-1.1474609375,0.146484375,0.4638671875,0.30517578125,0.35400390625,0.0244140625,-0.0244140625,-0.048828125,-0.08544921875,-0.13427734375,0.18310546875,0.0244140625,9.65576171875,0.01220703125,4.47998046875,-0.1220703125,3.21044921875,-0.01220703125,5.0048828125
0,-0.5615234375,-0.0244140625,-0.13427734375,-0.35400390625,0.03662109375,-0.439453125,-0.048828125,-0.048828125,0.2685546875,-0.08544921875,0.146484375,-0.89111328125,-0.08544921875,1.03759765625,-0.048828125,-0.1220703125,0.10986328125,-0.6103515625,-0.03662109375,-0.15869140625,-0.06103515625,0.86669921875,-0.10986328125,-0.5859375,-0.146484375,-0.25634765625,0.0244140625,-0.89111328125,-0.47607421875,0.62255859375,0.01220703125,0.10986328125,0.06103515625,-0.67138671875,-0.1708984375,-1.0498046875,-0.15869140625,-0.57373046875,-0.03662109375,-0.86669921875,0.048828125,-0.28076171875,-0.2197265625,-0.69580078125,-0.1708984375,-0.40283203125,0.23193359375,0.62255859375,-0.244140625,1.28173828125,0.244140625,0.50048828125,0.48828125,-0.15869140625,0.25634765625,0.78125,-0.20751953125,0.537109375,0.244140625,0.35400390625,-0.59814453125,0.91552734375,-0.634765625,-0.3173828125,-0.13427734375,0.1220703125,-0.03662109375,1.0498046875,-0.0244140625,0.32958984375,0.0244140625,0.2197265625,0.1220703125,0.9765625,0.09765625,0.79345703125,-0.25634765625,0,-0.01220703125,1.2451171875,-0.1220703125,6.48193359375,-0.0244140625,2.84423828125,0.13427734375,0.89111328125,-0.10986328125,1.55029296875,-0.08544921875,-1.7578125,0.08544921875,-0.48828125,0.048828125,-0.9033203125,0.0732421875,-1.50146484375,0.10986328125,-0.6591796875,-0.13427734375,-0.69580078125,-0.0732421875,-0.5615234375,0,-0.06103515625,-0.52490234375,-0.830078125,0.03662109375,-1.5625,-0.1220703125,-1.25732421875,0.10986328125,-0.13427734375,0.30517578125,0.35400390625,0.0244140625,-0.01220703125,-0.06103515625,-0.06103515625,-0.18310546875,0.1708984375,0.09765625,9.85107421875,0.01220703125,4.4921875,-0.10986328125,3.21044921875,0.01220703125,5.0048828125
0,-0.5615234375,-0.0244140625,-0.15869140625,-0.35400390625,0.03662109375,-0.42724609375,-0.03662109375,-0.0732421875,0.244140625,-0.0732421875,0.146484375,-0.89111328125,-0.0732421875,1.06201171875,-0.06103515625,-0.13427734375,0.13427734375,-0.6103515625,-0.01220703125,-0.15869140625,-0.146484375,0.8544921875,-0.08544921875,-0.59814453125,-0.08544921875,-0.244140625,0.08544921875,-0.89111328125,-0.42724609375,0.634765625,0.03662109375,0.146484375,0.09765625,-0.64697265625,-0.10986328125,-1.025390625,-0.1708984375,-0.54931640625,0,-0.84228515625,0.0244140625,-0.25634765625,-0.15869140625,-0.69580078125,-0.08544921875,-0.390625,0.1708984375,0.634765625,-0.1708984375,1.26953125,0.1708984375,0.50048828125,0.37841796875,-0.1953125,0.3662109375,0.7568359375,-0.15869140625,0.54931640625,0.18310546875,0.40283203125,-0.6103515625,0.79345703125,-0.59814453125,-0.2685546875,-0.18310546875,0.06103515625,-0.03662109375,1.0498046875,-0.0244140625,0.30517578125,0.03662109375,0.1953125,0.13427734375,0.96435546875,0,0.79345703125,-0.3173828125,0.0244140625,-0.01220703125,1.2451171875,-0.1220703125,6.4453125,0.03662109375,2.83203125,0.13427734375,0.87890625,-0.15869140625,1.5380859375,-0.08544921875,-1.7333984375,0.048828125,-0.47607421875,-0.10986328125,-0.86669921875,0.048828125,-1.50146484375,0.13427734375,-0.64697265625,-0.146484375,-0.69580078125,-0.15869140625,-0.57373046875,-0.048828125,-0.048828125,-0.4638671875,-0.87890625,-0.0244140625,-1.6357421875,-0.1708984375,-1.30615234375,0.1220703125,-0.32958984375,0.3173828125,0.341796875,0,-0.01220703125,-0.0732421875,-0.06103515625,-0.20751953125,0.13427734375,0.048828125,9.75341796875,0.0244140625,4.4189453125,-0.10986328125,3.13720703125,0.01220703125,4.8828125
0,-0.5859375,0.01220703125,-0.146484375,-0.37841796875,0.03662109375,-0.4150390625,-0.03662109375,-0.09765625,0.20751953125,-0.048828125,0.146484375,-0.9033203125,-0.06103515625,1.06201171875,-0.09765625,-0.13427734375,0.09765625,-0.6103515625,0.01220703125,-0.146484375,-0.20751953125,0.8544921875,-0.0732421875,-0.59814453125,-0.048828125,-0.23193359375,0.10986328125,-0.91552734375,-0.28076171875,0.64697265625,0.08544921875,0.13427734375,0.146484375,-0.62255859375,-0.146484375,-0.96435546875,-0.146484375,-0.52490234375,0,-0.830078125,-0.048828125,-0.23193359375,-0.10986328125,-0.7080078125,-0.03662109375,-0.40283203125,0.0732421875,0.634765625,-0.0732421875,1.220703125,0.146484375,0.48828125,0.23193359375,-0.18310546875,0.439453125,0.74462890625,-0.15869140625,0.537109375,0.15869140625,0.4150390625,-0.634765625,0.6591796875,-0.5126953125,-0.2685546875,-0.1708984375,0.048828125,-0.06103515625,1.025390625,0,0.28076171875,0.01220703125,0.18310546875,0.146484375,0.89111328125,-0.06103515625,0.79345703125,-0.2685546875,0,-0.03662109375,1.2451171875,-0.10986328125,6.23779296875,0.09765625,2.74658203125,0.06103515625,0.84228515625,-0.20751953125,1.47705078125,-0.0732421875,-1.7333984375,0,-0.4638671875,-0.25634765625,-0.81787109375,0.048828125,-1.50146484375,0.10986328125,-0.67138671875,-0.1220703125,-0.6591796875,-0.2685546875,-0.57373046875,-0.146484375,-0.06103515625,-0.390625,-0.79345703125,-0.08544921875,-1.611328125,-0.1953125,-1.26953125,0.0244140625,-0.08544921875,0.28076171875,0.32958984375,-0.0244140625,-0.01220703125,-0.06103515625,-0.048828125,-0.23193359375,0.13427734375,-0.0244140625,9.46044921875,0.0244140625,4.28466796875,-0.09765625,2.96630859375,0,4.6875
0,-0.57373046875,0.0732421875,-0.13427734375,-0.37841796875,0.048828125,-0.4150390625,-0.03662109375,-0.10986328125,0.1953125,-0.0244140625,0.15869140625,-0.91552734375,-0.048828125,1.08642578125,-0.08544921875,-0.15869140625,0.048828125,-0.6103515625,0.01220703125,-0.146484375,-0.1953125,0.84228515625,-0.06103515625,-0.64697265625,-0.03662109375,-0.244140625,0.10986328125,-0.91552734375,-0.18310546875,0.6591796875,0.1220703125,0.1220703125,0.15869140625,-0.59814453125,-0.13427734375,-0.89111328125,-0.1953125,-0.50048828125,0.01220703125,-0.78125,-0.10986328125,-0.2197265625,-0.08544921875,-0.72021484375,0,-0.40283203125,0.03662109375,0.6591796875,0.0244140625,1.15966796875,0.13427734375,0.4638671875,0.18310546875,-0.2197265625,0.50048828125,0.72021484375,-0.09765625,0.54931640625,0.146484375,0.42724609375,-0.5859375,0.52490234375,-0.37841796875,-0.25634765625,-0.13427734375,0.048828125,0.0732421875,0.98876953125,0.09765625,0.244140625,-0.0244140625,0.18310546875,0.09765625,0.89111328125,-0.048828125,0.76904296875,-0.1953125,0.01220703125,-0.06103515625,1.25732421875,-0.09765625,5.89599609375,0.15869140625,2.587890625,-0.0732421875,0.7568359375,-0.1953125,1.3671875,-0.10986328125,-1.74560546875,-0.048828125,-0.5126953125,-0.37841796875,-0.78125,0.01220703125,-1.52587890625,0.0244140625,-0.67138671875,-0.08544921875,-0.67138671875,-0.25634765625,-0.57373046875,-0.2685546875,-0.06103515625,-0.37841796875,-0.62255859375,-0.146484375,-1.47705078125,-0.244140625,-1.123046875,0.0244140625,0.57373046875,0.28076171875,0.3173828125,-0.048828125,-0.01220703125,-0.0732421875,-0.048828125,-0.25634765625,0.10986328125,-0.06103515625,9.04541015625,0.0244140625,4.11376953125,-0.1220703125,2.81982421875,0,4.443359375
0,-0.5859375,0.13427734375,-0.146484375,-0.40283203125,0.03662109375,-0.439453125,-0.048828125,-0.1220703125,0.1953125,0.01220703125,0.1220703125,-0.927734375,-0.03662109375,1.07421875,-0.0732421875,-0.18310546875,0,-0.6103515625,0.048828125,-0.15869140625,-0.15869140625,0.86669921875,-0.048828125,-0.634765625,-0.03662109375,-0.2197265625,0.048828125,-0.927734375,-0.15869140625,0.67138671875,0.1953125,0.13427734375,0.15869140625,-0.5615234375,-0.03662109375,-0.81787109375,-0.15869140625,-0.48828125,0.06103515625,-0.7568359375,-0.09765625,-0.1953125,-0.0732421875,-0.7080078125,0.0244140625,-0.42724609375,0.0244140625,0.67138671875,0.03662109375,1.11083984375,0.1220703125,0.48828125,0.03662109375,-0.244140625,0.45166015625,0.7080078125,-0.048828125,0.537109375,0.1220703125,0.439453125,-0.537109375,0.439453125,-0.25634765625,-0.2685546875,-0.09765625,0.1220703125,0.18310546875,0.9765625,0.10986328125,0.244140625,-0.06103515625,0.1953125,0.13427734375,0.84228515625,-0.06103515625,0.74462890625,-0.08544921875,-0.01220703125,-0.1220703125,1.2451171875,-0.08544921875,5.38330078125,0.1953125,2.392578125,-0.244140625,0.64697265625,-0.1708984375,1.220703125,-0.1220703125,-1.7333984375,-0.10986328125,-0.54931640625,-0.42724609375,-0.7568359375,0.03662109375,-1.50146484375,-0.09765625,-0.6591796875,-0.06103515625,-0.67138671875,-0.23193359375,-0.5859375,-0.341796875,-0.08544921875,-0.390625,-0.32958984375,-0.1708984375,-1.220703125,-0.244140625,-0.91552734375,0.08544921875,1.57470703125,0.29296875,0.29296875,-0.06103515625,-0.01220703125,-0.048828125,-0.0244140625,-0.244140625,0.08544921875,-0.10986328125,8.48388671875,0,3.94287109375,-0.146484375,2.62451171875,0,4.1748046875
0,-0.48828125,0.18310546875,-0.18310546875,-0.4150390625,0.0732421875,-0.42724609375,-0.06103515625,-0.09765625,0.1953125,0.0244140625,0.10986328125,-0.91552734375,-0.01220703125,1.06201171875,-0.0732421875,-0.1953125,-0.06103515625,-0.5859375,0.03662109375,-0.1708984375,-0.0732421875,0.8544921875,-0.06103515625,-0.634765625,-0.048828125,-0.244140625,0,-0.927734375,-0.0732421875,0.68359375,0.20751953125,0.13427734375,0.10986328125,-0.54931640625,0.048828125,-0.78125,-0.18310546875,-0.48828125,0.10986328125,-0.732421875,-0.13427734375,-0.1708984375,-0.13427734375,-0.7080078125,0.0244140625,-0.439453125,0.0244140625,0.68359375,0.048828125,1.07421875,0.146484375,0.50048828125,-0.03662109375,-0.20751953125,0.390625,0.7080078125,-0.0732421875,0.537109375,0.10986328125,0.4150390625,-0.5859375,0.37841796875,-0.146484375,-0.29296875,-0.09765625,0.18310546875,0.13427734375,0.98876953125,0.146484375,0.244140625,-0.10986328125,0.244140625,0.10986328125,0.79345703125,-0.03662109375,0.76904296875,0.01220703125,-0.0244140625,-0.1708984375,1.28173828125,-0.0732421875,4.736328125,0.244140625,2.11181640625,-0.37841796875,0.47607421875,-0.1220703125,1.025390625,-0.13427734375,-1.74560546875,-0.13427734375,-0.5615234375,-0.42724609375,-0.72021484375,0.0244140625,-1.47705078125,-0.13427734375,-0.6591796875,-0.048828125,-0.68359375,-0.1708984375,-0.5615234375,-0.37841796875,-0.09765625,-0.4150390625,0.01220703125,-0.15869140625,-0.927734375,-0.20751953125,-0.68359375,0.01220703125,2.783203125,0.28076171875,0.28076171875,-0.08544921875,-0.0244140625,-0.0732421875,-0.0244140625,-0.2685546875,0.0732421875,-0.1220703125,7.861328125,-0.0244140625,3.77197265625,-0.13427734375,2.47802734375,-0.01220703125,3.94287109375
0,-0.50048828125,0.2197265625,-0.1708984375,-0.390625,0.06103515625,-0.42724609375,-0.0732421875,-0.06103515625,0.18310546875,0.03662109375,0.08544921875,-0.91552734375,0.01220703125,1.06201171875,-0.08544921875,-0.18310546875,-0.0732421875,-0.57373046875,0,-0.1708984375,0.01220703125,0.8544921875,-0.09765625,-0.634765625,-0.03662109375,-0.244140625,0,-0.927734375,-0.1220703125,0.68359375,0.2197265625,0.146484375,0.0244140625,-0.5859375,0.0732421875,-0.78125,-0.146484375,-0.48828125,0.146484375,-0.7080078125,-0.03662109375,-0.1708984375,-0.18310546875,-0.69580078125,0.03662109375,-0.45166015625,0.03662109375,0.68359375,-0.01220703125,1.07421875,0.1953125,0.52490234375,-0.09765625,-0.1953125,0.37841796875,0.732421875,-0.0732421875,0.537109375,0.15869140625,0.40283203125,-0.54931640625,0.390625,-0.048828125,-0.32958984375,-0.048828125,0.2685546875,0.048828125,1.01318359375,0.13427734375,0.2685546875,-0.1220703125,0.28076171875,0.03662109375,0.76904296875,-0.048828125,0.732421875,0.06103515625,-0.03662109375,-0.23193359375,1.28173828125,-0.08544921875,3.99169921875,0.25634765625,1.79443359375,-0.47607421875,0.29296875,-0.0732421875,0.7568359375,-0.13427734375,-1.74560546875,-0.1708984375,-0.59814453125,-0.3662109375,-0.7080078125,0.03662109375,-1.42822265625,-0.18310546875,-0.6591796875,-0.08544921875,-0.7080078125,-0.10986328125,-0.5126953125,-0.4150390625,-0.0732421875,-0.45166015625,0.37841796875,-0.15869140625,-0.537109375,-0.1953125,-0.42724609375,0.06103515625,4.06494140625,0.2685546875,0.29296875,-0.10986328125,-0.048828125,-0.0732421875,-0.0244140625,-0.2685546875,0.10986328125,-0.048828125,7.2265625,-0.06103515625,3.64990234375,-0.13427734375,2.3193359375,-0.01220703125,3.72314453125
0,-0.50048828125,0.20751953125,-0.18310546875,-0.40283203125,0.06103515625,-0.439453125,-0.06103515625,-0.048828125,0.146484375,0.01220703125,0.06103515625,-0.89111328125,0.01220703125,1.06201171875,-0.09765625,-0.18310546875,-0.09765625,-0.5859375,-0.01220703125,-0.15869140625,0.0732421875,0.9033203125,-0.09765625,-0.64697265625,-0.08544921875,-0.2685546875,0.01220703125,-0.927734375,-0.15869140625,0.67138671875,0.18310546875,0.146484375,-0.048828125,-0.62255859375,0.244140625,-0.8056640625,-0.1708984375,-0.48828125,0.13427734375,-0.732421875,0.0244140625,-0.1953125,-0.29296875,-0.69580078125,0.0244140625,-0.439453125,0.1220703125,0.7080078125,-0.09765625,1.11083984375,0.25634765625,0.5859375,-0.2197265625,-0.15869140625,0.35400390625,0.74462890625,-0.15869140625,0.537109375,0.146484375,0.3662109375,-0.50048828125,0.40283203125,0.01220703125,-0.35400390625,0.01220703125,0.35400390625,-0.01220703125,1.03759765625,0.08544921875,0.29296875,-0.1708984375,0.30517578125,-0.03662109375,0.732421875,-0.0732421875,0.732421875,0.0732421875,-0.03662109375,-0.28076171875,1.2939453125,-0.146484375,3.125,0.2685546875,1.416015625,-0.47607421875,0.048828125,-0.01220703125,0.47607421875,-0.13427734375,-1.7822265625,-0.1953125,-0.59814453125,-0.2685546875,-0.69580078125,0.03662109375,-1.416015625,-0.1953125,-0.64697265625,-0.0732421875,-0.68359375,-0.1220703125,-0.5126953125,-0.37841796875,-0.0732421875,-0.4150390625,0.76904296875,-0.146484375,-0.15869140625,-0.18310546875,-0.15869140625,0.1220703125,5.322265625,0.25634765625,0.29296875,-0.10986328125,-0.03662109375,-0.06103515625,0,-0.29296875,0.1220703125,-0.048828125,6.6162109375,-0.048828125,3.4912109375,-0.1220703125,2.18505859375,-0.0244140625,3.515625
0,-0.537109375,0.13427734375,-0.18310546875,-0.390625,0.048828125,-0.439453125,-0.08544921875,-0.03662109375,0.1220703125,-0.03662109375,0.06103515625,-0.89111328125,0.01220703125,1.06201171875,-0.1220703125,-0.18310546875,-0.1220703125,-0.57373046875,-0.0244140625,-0.1708984375,0.146484375,0.86669921875,-0.1220703125,-0.634765625,-0.13427734375,-0.28076171875,-0.01220703125,-0.9521484375,-0.18310546875,0.67138671875,0.146484375,0.146484375,-0.048828125,-0.67138671875,0.35400390625,-0.86669921875,-0.1953125,-0.537109375,0.09765625,-0.7568359375,0.09765625,-0.2197265625,-0.3662109375,-0.67138671875,-0.0244140625,-0.45166015625,0.1953125,0.72021484375,-0.1708984375,1.171875,0.3173828125,0.59814453125,-0.29296875,-0.15869140625,0.30517578125,0.74462890625,-0.20751953125,0.52490234375,0.15869140625,0.37841796875,-0.52490234375,0.50048828125,0.06103515625,-0.37841796875,0.06103515625,0.4150390625,-0.06103515625,1.08642578125,0.03662109375,0.32958984375,-0.18310546875,0.341796875,-0.10986328125,0.72021484375,-0.10986328125,0.74462890625,0.08544921875,-0.0244140625,-0.29296875,1.2939453125,-0.15869140625,2.2216796875,0.28076171875,1.025390625,-0.439453125,-0.1953125,0.048828125,0.1708984375,-0.13427734375,-1.7578125,-0.18310546875,-0.57373046875,-0.09765625,-0.68359375,0.048828125,-1.40380859375,-0.2197265625,-0.64697265625,-0.06103515625,-0.68359375,-0.06103515625,-0.52490234375,-0.3662109375,-0.08544921875,-0.3662109375,1.08642578125,-0.1708984375,0.18310546875,-0.18310546875,0.0732421875,0.0732421875,6.40869140625,0.25634765625,0.30517578125,-0.10986328125,-0.048828125,-0.06103515625,-0.01220703125,-0.29296875,0.146484375,-0.0732421875,6.06689453125,-0.0244140625,3.369140625,-0.08544921875,2.06298828125,-0.03662109375,3.33251953125
0,-0.537109375,0.048828125,-0.20751953125,-0.390625,0.0244140625,-0.45166015625,-0.0732421875,-0.048828125,0.08544921875,-0.06103515625,0.06103515625,-0.89111328125,0.01220703125,1.06201171875,-0.15869140625,-0.18310546875,-0.10986328125,-0.59814453125,0,-0.15869140625,0.2197265625,0.86669921875,-0.1220703125,-0.634765625,-0.23193359375,-0.29296875,-0.01220703125,-0.96435546875,-0.1953125,0.69580078125,0.146484375,0.15869140625,-0.03662109375,-0.69580078125,0.42724609375,-0.9033203125,-0.18310546875,-0.537109375,0.09765625,-0.79345703125,0.2197265625,-0.23193359375,-0.40283203125,-0.67138671875,-0.08544921875,-0.4638671875,0.2685546875,0.732421875,-0.20751953125,1.26953125,0.3662109375,0.634765625,-0.32958984375,-0.146484375,0.244140625,0.78125,-0.20751953125,0.52490234375,0.146484375,0.3662109375,-0.42724609375,0.59814453125,0.13427734375,-0.37841796875,0.08544921875,0.45166015625,-0.09765625,1.1474609375,-0.03662109375,0.341796875,-0.20751953125,0.35400390625,-0.1708984375,0.68359375,-0.10986328125,0.69580078125,0.09765625,-0.0244140625,-0.244140625,1.2939453125,-0.1953125,1.28173828125,0.30517578125,0.62255859375,-0.32958984375,-0.439453125,0.09765625,-0.13427734375,-0.09765625,-1.7333984375,-0.18310546875,-0.5615234375,-0.09765625,-0.68359375,0.0732421875,-1.3671875,-0.2197265625,-0.64697265625,-0.03662109375,-0.7080078125,-0.01220703125,-0.537109375,-0.3173828125,-0.06103515625,-0.30517578125,1.3427734375,-0.1708984375,0.48828125,-0.1953125,0.28076171875,0.09765625,7.28759765625,0.25634765625,0.32958984375,-0.10986328125,-0.06103515625,-0.06103515625,-0.0244140625,-0.29296875,0.15869140625,-0.06103515625,5.615234375,-0.03662109375,3.23486328125,-0.08544921875,1.9287109375,-0.03662109375,3.16162109375
0,-0.52490234375,-0.08544921875,-0.2197265625,-0.40283203125,0.03662109375,-0.439453125,-0.0732421875,-0.06103515625,0.048828125,-0.09765625,0.0732421875,-0.89111328125,0.048828125,1.06201171875,-0.18310546875,-0.15869140625,-0.10986328125,-0.59814453125,0.048828125,-0.1708984375,0.1953125,0.84228515625,-0.0732421875,-0.62255859375,-0.2685546875,-0.32958984375,0.03662109375,-0.9521484375,-0.20751953125,0.76904296875,0.15869140625,0.146484375,-0.01220703125,-0.72021484375,0.54931640625,-0.927734375,-0.15869140625,-0.54931640625,0.06103515625,-0.830078125,0.244140625,-0.25634765625,-0.4150390625,-0.68359375,-0.1220703125,-0.439453125,0.29296875,0.74462890625,-0.18310546875,1.318359375,0.37841796875,0.634765625,-0.37841796875,-0.146484375,0.20751953125,0.76904296875,-0.1953125,0.52490234375,0.10986328125,0.40283203125,-0.45166015625,0.72021484375,0.15869140625,-0.35400390625,0.10986328125,0.45166015625,-0.0732421875,1.1962890625,-0.13427734375,0.341796875,-0.2197265625,0.35400390625,-0.2197265625,0.67138671875,-0.10986328125,0.7080078125,0.10986328125,-0.0244140625,-0.20751953125,1.30615234375,-0.20751953125,0.42724609375,0.2685546875,0.244140625,-0.146484375,-0.68359375,0.10986328125,-0.42724609375,-0.0732421875,-1.72119140625,-0.1220703125,-0.537109375,-0.09765625,-0.6591796875,0.08544921875,-1.3671875,-0.23193359375,-0.6591796875,-0.03662109375,-0.69580078125,-0.01220703125,-0.54931640625,-0.29296875,-0.0732421875,-0.2685546875,1.5625,-0.15869140625,0.69580078125,-0.1953125,0.42724609375,0.09765625,7.92236328125,0.2197265625,0.32958984375,-0.08544921875,-0.048828125,-0.06103515625,-0.03662109375,-0.28076171875,0.1953125,-0.08544921875,5.2490234375,0.01220703125,3.1005859375,-0.06103515625,1.81884765625,-0.03662109375,2.94189453125
1,-0.45166015625,-0.1953125,-0.244140625,-0.37841796875,0.0244140625,-0.45166015625,-0.08544921875,-0.0732421875,0,-0.09765625,0.08544921875,-0.87890625,0.03662109375,1.0498046875,-0.1708984375,-0.146484375,-0.13427734375,-0.6103515625,0.146484375,-0.15869140625,0.2197265625,0.81787109375,-0.048828125,-0.62255859375,-0.32958984375,-0.32958984375,0.048828125,-0.96435546875,-0.2197265625,0.89111328125,0.09765625,0.15869140625,0.048828125,-0.74462890625,0.57373046875,-0.84228515625,-0.15869140625,-0.5859375,0.03662109375,-0.84228515625,0.3173828125,-0.28076171875,-0.390625,-0.69580078125,-0.10986328125,-0.4150390625,0.32958984375,0.74462890625,-0.1708984375,1.3671875,0.390625,0.62255859375,-0.35400390625,-0.15869140625,0.18310546875,0.78125,-0.1220703125,0.537109375,0.13427734375,0.40283203125,-0.4638671875,0.8544921875,0.23193359375,-0.3173828125,0.10986328125,0.4638671875,-0.0244140625,1.28173828125,-0.1953125,0.35400390625,-0.2197265625,0.341796875,-0.2197265625,0.64697265625,-0.10986328125,0.732421875,0.0732421875,-0.01220703125,-0.13427734375,1.2939453125,-0.244140625,-0.35400390625,0.25634765625,-0.1220703125,0,-0.87890625,0.10986328125,-0.68359375,-0.06103515625,-1.6845703125,-0.13427734375,-0.50048828125,-0.13427734375,-0.6591796875,0.03662109375,-1.3671875,-0.25634765625,-0.67138671875,-0.0244140625,-0.68359375,-0.01220703125,-0.5615234375,-0.2197265625,-0.0732421875,-0.25634765625,1.69677734375,-0.1220703125,0.86669921875,-0.2197265625,0.537109375,0.10986328125,8.33740234375,0.23193359375,0.35400390625,-0.0732421875,-0.048828125,-0.06103515625,-0.048828125,-0.29296875,0.1953125,-0.0732421875,4.96826171875,0,2.9541015625,-0.08544921875,1.69677734375,-0.0244140625,2.7587890625
1,-0.4638671875,-0.29296875,-0.244140625,-0.37841796875,0.03662109375,-0.42724609375,-0.0732421875,-0.08544921875,-0.06103515625,-0.09765625,0.13427734375,-0.89111328125,0.06103515625,1.06201171875,-0.1708984375,-0.146484375,-0.146484375,-0.6103515625,0.23193359375,-0.146484375,0.2685546875,0.830078125,0.06103515625,-0.634765625,-0.32958984375,-0.29296875,0.03662109375,-0.927734375,-0.1953125,1.123046875,0.08544921875,0.146484375,0.09765625,-0.69580078125,0.47607421875,-0.67138671875,-0.1708984375,-0.5615234375,0.0244140625,-0.830078125,0.3173828125,-0.28076171875,-0.3173828125,-0.69580078125,-0.10986328125,-0.40283203125,0.341796875,0.72021484375,-0.10986328125,1.3427734375,0.4150390625,0.62255859375,-0.32958984375,-0.1708984375,0.10986328125,0.76904296875,-0.0732421875,0.54931640625,0.0732421875,0.4150390625,-0.45166015625,0.93994140625,0.341796875,-0.28076171875,0.06103515625,0.439453125,-0.03662109375,1.40380859375,-0.25634765625,0.341796875,-0.20751953125,0.3662109375,-0.2197265625,0.64697265625,-0.13427734375,0.732421875,0,-0.0244140625,-0.0244140625,1.2939453125,-0.28076171875,-1.025390625,0.1953125,-0.42724609375,0.13427734375,-1.0498046875,0.08544921875,-0.89111328125,-0.03662109375,-1.67236328125,-0.15869140625,-0.47607421875,-0.23193359375,-0.68359375,-0.01220703125,-1.40380859375,-0.25634765625,-0.6591796875,-0.0244140625,-0.68359375,-0.1220703125,-0.57373046875,-0.15869140625,-0.06103515625,-0.2197265625,1.7578125,-0.08544921875,0.93994140625,-0.244140625,0.57373046875,0.10986328125,8.53271484375,0.23193359375,0.3662109375,-0.06103515625,-0.06103515625,-0.06103515625,-0.048828125,-0.2685546875,0.18310546875,-0.0732421875,4.736328125,0.01220703125,2.8076171875,-0.08544921875,1.55029296875,0.0244140625,2.52685546875
1,-0.45166015625,-0.35400390625,-0.28076171875,-0.3662109375,0.048828125,-0.42724609375,-0.0732421875,-0.08544921875,-0.048828125,-0.08544921875,0.146484375,-0.86669921875,0.06103515625,1.06201171875,-0.18310546875,-0.13427734375,-0.146484375,-0.59814453125,0.32958984375,-0.13427734375,0.28076171875,0.830078125,0.09765625,-0.59814453125,-0.29296875,-0.23193359375,0.08544921875,-0.87890625,-0.244140625,1.45263671875,-0.03662109375,0.20751953125,0.10986328125,-0.59814453125,0.4638671875,-0.40283203125,-0.1708984375,-0.5126953125,-0.01220703125,-0.78125,0.28076171875,-0.28076171875,-0.23193359375,-0.68359375,-0.0732421875,-0.40283203125,0.3173828125,0.68359375,-0.0244140625,1.26953125,0.37841796875,0.57373046875,-0.390625,-0.18310546875,0,0.732421875,-0.03662109375,0.54931640625,0.03662109375,0.4150390625,-0.4638671875,1.06201171875,0.4150390625,-0.244140625,0.048828125,0.4638671875,-0.08544921875,1.5869140625,-0.2685546875,0.3662109375,-0.1953125,0.3662109375,-0.18310546875,0.64697265625,-0.1220703125,0.76904296875,-0.0732421875,-0.01220703125,0.0244140625,1.2939453125,-0.3173828125,-1.5625,0.10986328125,-0.67138671875,0.20751953125,-1.171875,-0.0244140625,-1.0498046875,0.0244140625,-1.67236328125,-0.1708984375,-0.439453125,-0.25634765625,-0.7080078125,-0.0244140625,-1.4404296875,-0.2197265625,-0.6591796875,-0.01220703125,-0.67138671875,-0.25634765625,-0.59814453125,-0.10986328125,-0.0732421875,-0.2685546875,1.74560546875,-0.01220703125,0.96435546875,-0.29296875,0.57373046875,0.0732421875,8.53271484375,0.244140625,0.35400390625,-0.03662109375,-0.048828125,-0.0732421875,-0.048828125,-0.23193359375,0.15869140625,-0.048828125,4.4921875,0.03662109375,2.64892578125,-0.0732421875,1.40380859375,0.048828125,2.294921875
1,-0.439453125,-0.40283203125,-0.25634765625,-0.37841796875,0.03662109375,-0.439453125,-0.08544921875,-0.09765625,-0.06103515625,-0.09765625,0.1220703125,-0.87890625,0.03662109375,1.0498046875,-0.20751953125,-0.15869140625,-0.15869140625,-0.59814453125,0.390625,-0.146484375,0.3173828125,0.8056640625,0.146484375,-0.6103515625,-0.244140625,-0.1220703125,0.08544921875,-0.830078125,-0.15869140625,1.9287109375,-0.09765625,0.2685546875,0.09765625,-0.50048828125,0.5126953125,-0.03662109375,-0.13427734375,-0.42724609375,-0.048828125,-0.68359375,0.20751953125,-0.2685546875,-0.10986328125,-0.68359375,-0.048828125,-0.390625,0.23193359375,0.6591796875,0.08544921875,1.171875,0.3662109375,0.537109375,-0.37841796875,-0.1708984375,-0.0732421875,0.72021484375,0.01220703125,0.5615234375,-0.0244140625,0.42724609375,-0.5615234375,1.11083984375,0.50048828125,-0.23193359375,0.06103515625,0.537109375,-0.1220703125,1.8798828125,-0.1953125,0.4150390625,-0.20751953125,0.4150390625,-0.18310546875,0.634765625,-0.03662109375,0.78125,-0.08544921875,-0.01220703125,0.06103515625,1.28173828125,-0.32958984375,-1.94091796875,0.06103515625,-0.84228515625,0.244140625,-1.26953125,-0.048828125,-1.15966796875,0.08544921875,-1.66015625,-0.1953125,-0.45166015625,-0.2685546875,-0.74462890625,-0.0732421875,-1.45263671875,-0.1953125,-0.6591796875,0.0244140625,-0.67138671875,-0.37841796875,-0.6103515625,-0.0732421875,-0.0732421875,-0.3173828125,1.6845703125,0.01220703125,0.86669921875,-0.341796875,0.52490234375,0.06103515625,8.3740234375,0.244140625,0.341796875,-0.01220703125,-0.048828125,-0.0732421875,-0.08544921875,-0.23193359375,0.13427734375,-0.0732421875,4.16259765625,0.0244140625,2.42919921875,-0.09765625,1.25732421875,0.0244140625,2.001953125
1,-0.341796875,-0.37841796875,-0.25634765625,-0.3662109375,0.06103515625,-0.42724609375,-0.048828125,-0.08544921875,-0.03662109375,-0.0732421875,0.10986328125,-0.89111328125,0.01220703125,1.06201171875,-0.18310546875,-0.15869140625,-0.146484375,-0.59814453125,0.439453125,-0.15869140625,0.341796875,0.84228515625,0.1953125,-0.62255859375,-0.15869140625,0,0.08544921875,-0.72021484375,-0.23193359375,2.47802734375,-0.146484375,0.40283203125,0.08544921875,-0.32958984375,0.47607421875,0.439453125,-0.146484375,-0.3173828125,-0.06103515625,-0.54931640625,0.1220703125,-0.25634765625,-0.06103515625,-0.69580078125,-0.10986328125,-0.40283203125,0.28076171875,0.634765625,0.15869140625,1.03759765625,0.37841796875,0.50048828125,-0.40283203125,-0.1708984375,-0.18310546875,0.7080078125,0.03662109375,0.54931640625,-0.08544921875,0.4150390625,-0.6103515625,1.171875,0.52490234375,-0.23193359375,0.06103515625,0.64697265625,-0.09765625,2.294921875,-0.13427734375,0.5126953125,-0.28076171875,0.52490234375,-0.15869140625,0.59814453125,0.03662109375,0.76904296875,-0.03662109375,-0.03662109375,0.08544921875,1.28173828125,-0.25634765625,-2.099609375,0,-0.91552734375,0.25634765625,-1.2939453125,-0.048828125,-1.18408203125,0.08544921875,-1.66015625,-0.2197265625,-0.42724609375,-0.30517578125,-0.74462890625,-0.10986328125,-1.4404296875,-0.1220703125,-0.6591796875,0.0244140625,-0.64697265625,-0.52490234375,-0.59814453125,-0.0732421875,-0.06103515625,-0.30517578125,1.5869140625,0.03662109375,0.74462890625,-0.3662109375,0.4150390625,0.01220703125,8.02001953125,0.25634765625,0.3173828125,0.01220703125,-0.06103515625,-0.06103515625,-0.08544921875,-0.20751953125,0.10986328125,0.048828125,3.74755859375,0.03662109375,2.23388671875,-0.09765625,1.06201171875,0.0244140625,1.708984375
1,-0.35400390625,-0.35400390625,-0.244140625,-0.390625,0.08544921875,-0.42724609375,-0.06103515625,-0.10986328125,-0.01220703125,-0.06103515625,0.10986328125,-0.91552734375,0.01220703125,1.07421875,-0.146484375,-0.18310546875,-0.13427734375,-0.5859375,0.439453125,-0.15869140625,0.341796875,0.86669921875,0.1708984375,-0.6103515625,-0.06103515625,0.146484375,0.06103515625,-0.537109375,-0.23193359375,3.173828125,-0.15869140625,0.57373046875,-0.0244140625,-0.146484375,0.52490234375,0.9765625,-0.146484375,-0.13427734375,-0.0732421875,-0.37841796875,0.0732421875,-0.2197265625,0,-0.68359375,-0.13427734375,-0.4150390625,0.25634765625,0.57373046875,0.15869140625,0.91552734375,0.40283203125,0.50048828125,-0.37841796875,-0.1708984375,-0.25634765625,0.68359375,0.0732421875,0.5615234375,-0.08544921875,0.37841796875,-0.537109375,1.1962890625,0.48828125,-0.244140625,0.01220703125,0.87890625,-0.13427734375,2.8076171875,-0.048828125,0.6591796875,-0.32958984375,0.67138671875,-0.1708984375,0.5859375,0.09765625,0.79345703125,0.01220703125,-0.03662109375,0.0732421875,1.25732421875,-0.18310546875,-2.08740234375,-0.0732421875,-0.89111328125,0.2197265625,-1.2451171875,-0.03662109375,-1.13525390625,0.18310546875,-1.64794921875,-0.18310546875,-0.439453125,-0.1953125,-0.7080078125,-0.08544921875,-1.3916015625,-0.06103515625,-0.64697265625,0,-0.6591796875,-0.59814453125,-0.5859375,-0.10986328125,-0.048828125,-0.3173828125,1.416015625,0.01220703125,0.54931640625,-0.40283203125,0.25634765625,0.01220703125,7.48291015625,0.2197265625,0.29296875,0.01220703125,-0.06103515625,-0.06103515625,-0.08544921875,-0.2197265625,0.13427734375,0.10986328125,3.18603515625,0.0732421875,2.01416015625,-0.08544921875,0.86669921875,0.03662109375,1.3916015625
1,-0.30517578125,-0.30517578125,-0.244140625,-0.390625,0.10986328125,-0.439453125,-0.0732421875,-0.09765625,-0.0244140625,-0.048828125,0.10986328125,-0.91552734375,0,1.07421875,-0.1220703125,-0.20751953125,-0.10986328125,-0.5859375,0.390625,-0.15869140625,0.37841796875,0.89111328125,0.13427734375,-0.62255859375,-0.0244140625,0.32958984375,0.01220703125,-0.37841796875,-0.13427734375,3.90625,-0.09765625,0.76904296875,-0.09765625,0.01220703125,0.54931640625,1.5625,-0.146484375,0.06103515625,-0.048828125,-0.1953125,0.03662109375,-0.1953125,0.048828125,-0.69580078125,-0.1708984375,-0.45166015625,0.2685546875,0.5859375,0.10986328125,0.86669921875,0.35400390625,0.48828125,-0.32958984375,-0.18310546875,-0.32958984375,0.67138671875,0.10986328125,0.54931640625,-0.10986328125,0.37841796875,-0.5859375,1.1962890625,0.45166015625,-0.2685546875,-0.048828125,1.171875,-0.2685546875,3.41796875,0.0244140625,0.84228515625,-0.390625,0.87890625,-0.146484375,0.5126953125,0.20751953125,0.78125,0.048828125,-0.06103515625,0.06103515625,1.25732421875,-0.146484375,-1.89208984375,-0.13427734375,-0.8056640625,0.18310546875,-1.171875,-0.01220703125,-1.06201171875,0.15869140625,-1.62353515625,-0.18310546875,-0.42724609375,-0.13427734375,-0.68359375,-0.09765625,-1.33056640625,-0.09765625,-0.6591796875,-0.048828125,-0.67138671875,-0.64697265625,-0.5615234375,-0.20751953125,-0.0732421875,-0.29296875,1.15966796875,-0.0244140625,0.341796875,-0.3662109375,0.0732421875,-0.01220703125,6.75048828125,0.1708984375,0.28076171875,0,-0.06103515625,-0.08544921875,-0.10986328125,-0.1953125,0.1220703125,0.10986328125,2.52685546875,0.09765625,1.7822265625,-0.09765625,0.6103515625,0.03662109375,1.025390625
1,-0.29296875,-0.2685546875,-0.23193359375,-0.4150390625,0.1220703125,-0.47607421875,-0.0732421875,-0.09765625,-0.03662109375,-0.03662109375,0.10986328125,-0.91552734375,0,1.07421875,-0.08544921875,-0.2197265625,-0.08544921875,-0.57373046875,0.30517578125,-0.146484375,0.341796875,0.87890625,0.08544921875,-0.6591796875,0,0.47607421875,-0.0244140625,-0.1953125,-0.03662109375,4.638671875,-0.03662109375,0.9765625,-0.13427734375,0.15869140625,0.48828125,2.0751953125,-0.244140625,0.2197265625,-0.0244140625,-0.01220703125,0.0732421875,-0.18310546875,0.0732421875,-0.69580078125,-0.23193359375,-0.4638671875,0.30517578125,0.537109375,0.1220703125,0.84228515625,0.35400390625,0.48828125,-0.30517578125,-0.18310546875,-0.341796875,0.68359375,0.09765625,0.52490234375,-0.08544921875,0.35400390625,-0.57373046875,1.13525390625,0.42724609375,-0.3173828125,-0.08544921875,1.513671875,-0.37841796875,4.0771484375,0.08544921875,1.06201171875,-0.439453125,1.0986328125,-0.20751953125,0.45166015625,0.244140625,0.8056640625,0.06103515625,-0.0732421875,0.03662109375,1.26953125,-0.0732421875,-1.611328125,-0.13427734375,-0.69580078125,0.1220703125,-1.08642578125,0.01220703125,-0.96435546875,0.1220703125,-1.5869140625,-0.146484375,-0.40283203125,-0.0244140625,-0.5859375,-0.08544921875,-1.2451171875,-0.09765625,-0.64697265625,-0.1220703125,-0.67138671875,-0.634765625,-0.54931640625,-0.28076171875,-0.0732421875,-0.3173828125,0.89111328125,-0.03662109375,0.048828125,-0.30517578125,-0.1220703125,-0.01220703125,5.84716796875,0.1708984375,0.25634765625,0.01220703125,-0.048828125,-0.0732421875,-0.10986328125,-0.15869140625,0.10986328125,0.10986328125,1.7822265625,0.08544921875,1.55029296875,-0.13427734375,0.3662109375,0.06103515625,0.68359375
1,-0.341796875,-0.244140625,-0.2197265625,-0.40283203125,0.1220703125,-0.45166015625,-0.0732421875,-0.08544921875,-0.06103515625,-0.048828125,0.09765625,-0.927734375,0,1.08642578125,-0.08544921875,-0.20751953125,-0.0244140625,-0.5859375,0.20751953125,-0.146484375,0.244140625,0.9033203125,0.03662109375,-0.634765625,0.0244140625,0.64697265625,-0.0732421875,0,0.06103515625,5.33447265625,0.06103515625,1.171875,-0.20751953125,0.341796875,0.3662109375,2.5634765625,-0.2685546875,0.3662109375,-0.01220703125,0.146484375,0.1220703125,-0.1953125,0.1220703125,-0.72021484375,-0.1953125,-0.45166015625,0.35400390625,0.537109375,0.0732421875,0.927734375,0.30517578125,0.48828125,-0.30517578125,-0.15869140625,-0.3173828125,0.7080078125,0.0244140625,0.537109375,-0.0732421875,0.341796875,-0.5615234375,1.0498046875,0.37841796875,-0.341796875,-0.10986328125,1.89208984375,-0.390625,4.74853515625,0.10986328125,1.30615234375,-0.45166015625,1.3427734375,-0.25634765625,0.3662109375,0.28076171875,0.8056640625,0.048828125,-0.0732421875,0.01220703125,1.25732421875,-0.048828125,-1.2939453125,-0.15869140625,-0.52490234375,0.0732421875,-1.01318359375,0,-0.830078125,0.1220703125,-1.513671875,-0.09765625,-0.35400390625,0.1220703125,-0.52490234375,-0.06103515625,-1.13525390625,-0.15869140625,-0.6591796875,-0.18310546875,-0.69580078125,-0.57373046875,-0.537109375,-0.37841796875,-0.08544921875,-0.341796875,0.57373046875,-0.0732421875,-0.244140625,-0.23193359375,-0.3662109375,0,4.79736328125,0.15869140625,0.2685546875,0,-0.048828125,-0.0732421875,-0.10986328125,-0.146484375,0.13427734375,0.146484375,1.025390625,0.10986328125,1.3427734375,-0.15869140625,0.1220703125,0.0732421875,0.390625
1,-0.28076171875,-0.2197265625,-0.244140625,-0.37841796875,0.13427734375,-0.45166015625,-0.08544921875,-0.06103515625,-0.0732421875,-0.06103515625,0.10986328125,-0.93994140625,0.01220703125,1.07421875,-0.10986328125,-0.18310546875,-0.01220703125,-0.5859375,0.146484375,-0.15869140625,0.20751953125,0.9033203125,0.0244140625,-0.634765625,0.01220703125,0.8056640625,-0.10986328125,0.146484375,0.048828125,5.89599609375,0.13427734375,1.318359375,-0.18310546875,0.439453125,0.1953125,2.9052734375,-0.30517578125,0.439453125,0.048828125,0.2685546875,0.18310546875,-0.20751953125,0.15869140625,-0.732421875,-0.13427734375,-0.439453125,0.3173828125,0.54931640625,0.01220703125,1.0009765625,0.28076171875,0.47607421875,-0.30517578125,-0.15869140625,-0.29296875,0.69580078125,-0.03662109375,0.537109375,-0.06103515625,0.35400390625,-0.5126953125,0.927734375,0.30517578125,-0.3662109375,-0.08544921875,2.20947265625,-0.23193359375,5.37109375,0.10986328125,1.5380859375,-0.390625,1.5380859375,-0.3173828125,0.28076171875,0.32958984375,0.78125,0.03662109375,-0.0732421875,-0.03662109375,1.25732421875,-0.09765625,-1.0009765625,-0.10986328125,-0.37841796875,0.03662109375,-0.93994140625,0,-0.732421875,0.048828125,-1.45263671875,-0.10986328125,-0.29296875,0.1708984375,-0.4150390625,-0.03662109375,-1.025390625,-0.20751953125,-0.6591796875,-0.1953125,-0.67138671875,-0.54931640625,-0.52490234375,-0.4150390625,-0.06103515625,-0.30517578125,0.2197265625,-0.09765625,-0.59814453125,-0.15869140625,-0.59814453125,0,3.62548828125,0.1708984375,0.28076171875,-0.0244140625,-0.048828125,-0.06103515625,-0.10986328125,-0.15869140625,0.13427734375,0.1220703125,0.3662109375,0.0732421875,1.1474609375,-0.1953125,-0.048828125,0.01220703125,0.146484375
1,-0.25634765625,-0.244140625,-0.244140625,-0.35400390625,0.13427734375,-0.45166015625,-0.0732421875,-0.03662109375,-0.08544921875,-0.0732421875,0.09765625,-0.91552734375,0.03662109375,1.07421875,-0.10986328125,-0.146484375,0,-0.57373046875,0.09765625,-0.146484375,0.146484375,0.87890625,0.01220703125,-0.64697265625,-0.06103515625,0.9033203125,-0.1220703125,0.2685546875,0.1708984375,6.298828125,0.10986328125,1.45263671875,-0.13427734375,0.537109375,0.1953125,3.11279296875,-0.341796875,0.4638671875,0.10986328125,0.35400390625,0.1708984375,-0.244140625,0.146484375,-0.732421875,-0.0732421875,-0.42724609375,0.32958984375,0.537109375,-0.03662109375,1.0986328125,0.28076171875,0.47607421875,-0.29296875,-0.1708984375,-0.2197265625,0.74462890625,-0.06103515625,0.54931640625,-0.03662109375,0.37841796875,-0.4638671875,0.84228515625,0.30517578125,-0.37841796875,-0.0244140625,2.47802734375,-0.13427734375,5.859375,0.1220703125,1.72119140625,-0.30517578125,1.72119140625,-0.3173828125,0.2197265625,0.341796875,0.79345703125,0,-0.0732421875,-0.048828125,1.2451171875,-0.09765625,-0.7568359375,-0.0732421875,-0.2685546875,-0.01220703125,-0.9033203125,-0.0244140625,-0.67138671875,-0.03662109375,-1.3916015625,-0.09765625,-0.244140625,0.20751953125,-0.3173828125,0.01220703125,-0.93994140625,-0.23193359375,-0.68359375,-0.2197265625,-0.68359375,-0.45166015625,-0.52490234375,-0.4150390625,-0.0732421875,-0.30517578125,-0.146484375,-0.10986328125,-0.9521484375,-0.06103515625,-0.84228515625,-0.01220703125,2.45361328125,0.1220703125,0.29296875,-0.048828125,-0.0244140625,-0.06103515625,-0.09765625,-0.1708984375,0.1708984375,0.08544921875,-0.08544921875,0.09765625,1.0498046875,-0.1708984375,-0.1953125,0.01220703125,-0.03662109375
1,-0.3173828125,-0.28076171875,-0.2197265625,-0.35400390625,0.08544921875,-0.4638671875,-0.0732421875,-0.03662109375,-0.08544921875,-0.08544921875,0.09765625,-0.9033203125,0.0244140625,1.07421875,-0.1220703125,-0.13427734375,-0.06103515625,-0.57373046875,0.0732421875,-0.13427734375,0.09765625,0.86669921875,0,-0.6103515625,-0.15869140625,0.96435546875,-0.1708984375,0.32958984375,0.23193359375,6.494140625,0.06103515625,1.52587890625,-0.13427734375,0.5615234375,0.20751953125,3.18603515625,-0.29296875,0.45166015625,0.15869140625,0.37841796875,0.13427734375,-0.244140625,0.13427734375,-0.72021484375,0.01220703125,-0.42724609375,0.2685546875,0.57373046875,-0.03662109375,1.220703125,0.23193359375,0.48828125,-0.23193359375,-0.1708984375,-0.2197265625,0.78125,-0.10986328125,0.5615234375,-0.06103515625,0.40283203125,-0.4638671875,0.7080078125,0.29296875,-0.341796875,-0.01220703125,2.6611328125,-0.09765625,6.21337890625,0.09765625,1.84326171875,-0.244140625,1.81884765625,-0.244140625,0.15869140625,0.3662109375,0.8056640625,-0.0244140625,-0.06103515625,-0.048828125,1.2451171875,-0.146484375,-0.62255859375,-0.01220703125,-0.2197265625,-0.048828125,-0.9033203125,-0.0244140625,-0.64697265625,-0.048828125,-1.33056640625,-0.06103515625,-0.18310546875,0.25634765625,-0.23193359375,0.048828125,-0.86669921875,-0.25634765625,-0.67138671875,-0.2197265625,-0.68359375,-0.37841796875,-0.537109375,-0.40283203125,-0.08544921875,-0.28076171875,-0.48828125,-0.08544921875,-1.26953125,-0.03662109375,-1.07421875,0.01220703125,1.318359375,0.10986328125,0.3173828125,-0.0732421875,0,-0.0732421875,-0.08544921875,-0.15869140625,0.1953125,0.06103515625,-0.23193359375,0.048828125,1.01318359375,-0.18310546875,-0.18310546875,-0.03662109375,-0.048828125
1,-0.25634765625,-0.30517578125,-0.2197265625,-0.35400390625,0.06103515625,-0.45166015625,-0.09765625,-0.048828125,-0.08544921875,-0.09765625,0.08544921875,-0.9033203125,0.0244140625,1.0498046875,-0.146484375,-0.13427734375,-0.1220703125,-0.57373046875,0.06103515625,-0.13427734375,0.10986328125,0.8544921875,-0.0244140625,-0.6103515625,-0.23193359375,0.98876953125,-0.2197265625,0.32958984375,0.2685546875,6.494140625,-0.0244140625,1.513671875,-0.0244140625,0.52490234375,0.10986328125,3.1005859375,-0.29296875,0.390625,0.20751953125,0.341796875,0.09765625,-0.25634765625,0.03662109375,-0.72021484375,0.1220703125,-0.40283203125,0.1953125,0.6103515625,-0.08544921875,1.318359375,0.1953125,0.48828125,-0.1708984375,-0.15869140625,-0.1708984375,0.79345703125,-0.1220703125,0.5615234375,-0.06103515625,0.439453125,-0.32958984375,0.634765625,0.2685546875,-0.341796875,0.01220703125,2.7099609375,0.01220703125,6.38427734375,0.048828125,1.91650390625,-0.15869140625,1.84326171875,-0.1708984375,0.15869140625,0.37841796875,0.8056640625,-0.048828125,-0.048828125,-0.0732421875,1.2451171875,-0.2685546875,-0.6103515625,0.01220703125,-0.1953125,-0.08544921875,-0.91552734375,-0.01220703125,-0.634765625,-0.08544921875,-1.2939453125,-0.08544921875,-0.15869140625,0.28076171875,-0.2197265625,0.09765625,-0.830078125,-0.25634765625,-0.68359375,-0.20751953125,-0.69580078125,-0.244140625,-0.54931640625,-0.32958984375,-0.0732421875,-0.244140625,-0.78125,-0.0732421875,-1.55029296875,-0.0244140625,-1.26953125,0.03662109375,0.390625,0.06103515625,0.341796875,-0.08544921875,-0.01220703125,-0.0732421875,-0.0732421875,-0.18310546875,0.18310546875,0.09765625,-0.03662109375,0.03662109375,1.07421875,-0.18310546875,-0.08544921875,-0.06103515625,0.048828125
0,-0.244140625,-0.35400390625,-0.1708984375,-0.3662109375,0.03662109375,-0.4638671875,-0.0732421875,-0.0732421875,-0.0732421875,-0.1220703125,0.048828125,-0.91552734375,0.048828125,1.06201171875,-0.146484375,-0.13427734375,-0.1708984375,-0.57373046875,0.0732421875,-0.15869140625,0.09765625,0.830078125,0,-0.59814453125,-0.3173828125,0.9521484375,-0.23193359375,0.28076171875,0.20751953125,6.2744140625,-0.06103515625,1.416015625,0,0.45166015625,0.09765625,2.86865234375,-0.25634765625,0.29296875,0.15869140625,0.29296875,0.06103515625,-0.28076171875,0.01220703125,-0.732421875,0.20751953125,-0.390625,0.23193359375,0.634765625,-0.10986328125,1.3916015625,0.1220703125,0.48828125,-0.20751953125,-0.1708984375,-0.15869140625,0.8056640625,-0.15869140625,0.54931640625,-0.06103515625,0.439453125,-0.20751953125,0.5615234375,0.244140625,-0.28076171875,-0.03662109375,2.685546875,0.1220703125,6.40869140625,0.01220703125,1.9287109375,-0.08544921875,1.8310546875,-0.03662109375,0.15869140625,0.341796875,0.8544921875,-0.13427734375,-0.03662109375,-0.03662109375,1.26953125,-0.3662109375,-0.67138671875,0.0732421875,-0.2197265625,-0.0732421875,-0.927734375,0.0244140625,-0.6591796875,-0.0732421875,-1.28173828125,-0.08544921875,-0.18310546875,0.3662109375,-0.1953125,0.10986328125,-0.8056640625,-0.244140625,-0.67138671875,-0.1953125,-0.69580078125,-0.1953125,-0.57373046875,-0.25634765625,-0.0732421875,-0.29296875,-1.01318359375,-0.048828125,-1.77001953125,-0.06103515625,-1.416015625,0.06103515625,-0.32958984375,0.048828125,0.341796875,-0.08544921875,0.01220703125,-0.06103515625,-0.0732421875,-0.1953125,0.18310546875,0.03662109375,0.52490234375,0.03662109375,1.28173828125,-0.15869140625,0.1220703125,-0.0732421875,0.341796875
0,-0.29296875,-0.37841796875,-0.18310546875,-0.390625,0.0244140625,-0.45166015625,-0.08544921875,-0.09765625,-0.08544921875,-0.1220703125,0.048828125,-0.927734375,0.08544921875,1.0498046875,-0.1708984375,-0.15869140625,-0.1953125,-0.5859375,0.10986328125,-0.15869140625,0.1220703125,0.81787109375,-0.048828125,-0.5859375,-0.390625,0.84228515625,-0.20751953125,0.1708984375,0.048828125,5.908203125,-0.06103515625,1.318359375,0,0.32958984375,0.10986328125,2.55126953125,-0.1953125,0.20751953125,0.08544921875,0.1708984375,0.06103515625,-0.28076171875,-0.06103515625,-0.72021484375,0.2685546875,-0.3662109375,0.29296875,0.6591796875,-0.1220703125,1.3671875,0.03662109375,0.48828125,-0.20751953125,-0.1708984375,-0.06103515625,0.81787109375,-0.2197265625,0.57373046875,-0.06103515625,0.439453125,-0.06103515625,0.52490234375,0.18310546875,-0.244140625,-0.09765625,2.57568359375,0.244140625,6.298828125,0.0244140625,1.8798828125,-0.03662109375,1.77001953125,0.06103515625,0.2197265625,0.28076171875,0.86669921875,-0.2197265625,-0.01220703125,-0.01220703125,1.25732421875,-0.50048828125,-0.830078125,0.0732421875,-0.30517578125,-0.13427734375,-0.98876953125,0.01220703125,-0.72021484375,-0.01220703125,-1.2939453125,-0.0732421875,-0.2197265625,0.40283203125,-0.25634765625,0.09765625,-0.87890625,-0.23193359375,-0.68359375,-0.18310546875,-0.69580078125,-0.09765625,-0.5615234375,-0.18310546875,-0.06103515625,-0.28076171875,-1.171875,-0.03662109375,-1.9287109375,-0.08544921875,-1.513671875,0.1220703125,-0.78125,0.01220703125,0.35400390625,-0.09765625,0.01220703125,-0.06103515625,-0.06103515625,-0.1953125,0.1953125,0.048828125,1.45263671875,-0.0244140625,1.611328125,-0.1708984375,0.47607421875,-0.10986328125,0.79345703125
0,-0.244140625,-0.3662109375,-0.18310546875,-0.390625,0.01220703125,-0.45166015625,-0.09765625,-0.09765625,-0.10986328125,-0.09765625,0.03662109375,-0.91552734375,0.048828125,1.06201171875,-0.1708984375,-0.1953125,-0.244140625,-0.59814453125,0.1220703125,-0.15869140625,0.13427734375,0.79345703125,-0.09765625,-0.6103515625,-0.45166015625,0.72021484375,-0.15869140625,0.048828125,-0.048828125,5.43212890625,-0.0732421875,1.171875,0.03662109375,0.244140625,0.1953125,2.23388671875,-0.09765625,0.1220703125,0.0244140625,0.08544921875,0.06103515625,-0.2685546875,-0.1220703125,-0.72021484375,0.3173828125,-0.40283203125,0.2685546875,0.69580078125,-0.1220703125,1.33056640625,-0.01220703125,0.48828125,-0.23193359375,-0.13427734375,0.03662109375,0.81787109375,-0.2685546875,0.5615234375,-0.0732421875,0.439453125,0.09765625,0.537109375,0.146484375,-0.23193359375,-0.146484375,2.45361328125,0.25634765625,6.0791015625,0.06103515625,1.806640625,0.01220703125,1.708984375,0.10986328125,0.30517578125,0.18310546875,0.8544921875,-0.244140625,-0.0244140625,0.01220703125,1.25732421875,-0.5615234375,-1.025390625,0.08544921875,-0.3662109375,-0.1220703125,-1.03759765625,0.048828125,-0.81787109375,0.01220703125,-1.33056640625,-0.0732421875,-0.25634765625,0.3662109375,-0.32958984375,0.048828125,-0.96435546875,-0.1708984375,-0.68359375,-0.1708984375,-0.68359375,-0.15869140625,-0.5615234375,-0.048828125,-0.06103515625,-0.29296875,-1.2451171875,0.01220703125,-1.98974609375,-0.10986328125,-1.57470703125,0.15869140625,-0.96435546875,-0.0244140625,0.32958984375,-0.10986328125,0,-0.06103515625,-0.048828125,-0.18310546875,0.1953125,0.0732421875,2.69775390625,0,2.08740234375,-0.1220703125,0.927734375,-0.08544921875,1.42822265625
0,-0.2685546875,-0.32958984375,-0.15869140625,-0.4150390625,0.03662109375,-0.4638671875,-0.10986328125,-0.09765625,-0.15869140625,-0.08544921875,0,-0.91552734375,0.03662109375,1.07421875,-0.1708984375,-0.1953125,-0.244140625,-0.59814453125,0.146484375,-0.15869140625,0.146484375,0.84228515625,-0.13427734375,-0.5859375,-0.5126953125,0.5615234375,-0.09765625,-0.0732421875,-0.15869140625,4.89501953125,-0.0732421875,0.98876953125,0.048828125,0.1220703125,0.35400390625,1.904296875,-0.048828125,0.03662109375,-0.048828125,-0.0244140625,0.048828125,-0.2685546875,-0.15869140625,-0.7080078125,0.341796875,-0.4150390625,0.30517578125,0.69580078125,-0.048828125,1.26953125,-0.0732421875,0.52490234375,-0.2685546875,-0.13427734375,0.10986328125,0.830078125,-0.28076171875,0.5615234375,-0.09765625,0.42724609375,0.13427734375,0.57373046875,0.15869140625,-0.23193359375,-0.13427734375,2.3193359375,0.20751953125,5.82275390625,0.13427734375,1.72119140625,0.03662109375,1.59912109375,0.1220703125,0.42724609375,0.10986328125,0.84228515625,-0.28076171875,-0.01220703125,-0.01220703125,1.2451171875,-0.52490234375,-1.20849609375,0.13427734375,-0.45166015625,-0.08544921875,-1.07421875,0.0732421875,-0.86669921875,0.06103515625,-1.37939453125,-0.0732421875,-0.341796875,0.35400390625,-0.4638671875,0.0244140625,-1.0498046875,-0.1220703125,-0.68359375,-0.1953125,-0.67138671875,-0.1953125,-0.5859375,0,-0.06103515625,-0.32958984375,-1.2451171875,0.08544921875,-1.9775390625,-0.146484375,-1.5625,0.1953125,-0.89111328125,-0.03662109375,0.3173828125,-0.09765625,0,-0.0732421875,-0.048828125,-0.1953125,0.1708984375,0.048828125,4.1259765625,-0.0244140625,2.60009765625,-0.10986328125,1.45263671875,-0.1220703125,2.18505859375
0,-0.244140625,-0.28076171875,-0.13427734375,-0.4150390625,0.03662109375,-0.48828125,-0.09765625,-0.10986328125,-0.146484375,-0.06103515625,-0.03662109375,-0.91552734375,0.0244140625,1.07421875,-0.1953125,-0.20751953125,-0.2197265625,-0.59814453125,0.146484375,-0.1708984375,0.13427734375,0.86669921875,-0.15869140625,-0.62255859375,-0.54931640625,0.439453125,-0.03662109375,-0.20751953125,-0.20751953125,4.4189453125,-0.03662109375,0.9033203125,0.06103515625,0.048828125,0.54931640625,1.64794921875,-0.01220703125,0,-0.048828125,-0.1220703125,-0.01220703125,-0.244140625,-0.18310546875,-0.7080078125,0.3173828125,-0.42724609375,0.3173828125,0.69580078125,0.1220703125,1.220703125,-0.10986328125,0.5615234375,-0.28076171875,-0.10986328125,0.244140625,0.830078125,-0.30517578125,0.52490234375,-0.08544921875,0.4150390625,0.1708984375,0.634765625,0.10986328125,-0.244140625,-0.13427734375,2.18505859375,0.23193359375,5.52978515625,0.18310546875,1.611328125,0.0244140625,1.513671875,0.09765625,0.5615234375,0.06103515625,0.830078125,-0.23193359375,-0.0244140625,0,1.25732421875,-0.5126953125,-1.3427734375,0.10986328125,-0.47607421875,-0.13427734375,-1.06201171875,-0.01220703125,-0.9033203125,0.08544921875,-1.4404296875,-0.08544921875,-0.4150390625,0.30517578125,-0.5859375,-0.01220703125,-1.171875,0,-0.6591796875,-0.2197265625,-0.67138671875,-0.2685546875,-0.57373046875,0.048828125,-0.08544921875,-0.3173828125,-1.1962890625,0.09765625,-1.9287109375,-0.1953125,-1.50146484375,0.15869140625,-0.634765625,-0.048828125,0.30517578125,-0.10986328125,0,-0.08544921875,-0.0244140625,-0.1953125,0.13427734375,0.1220703125,5.5908203125,-0.0244140625,3.16162109375,-0.08544921875,1.9775390625,-0.10986328125,2.96630859375
0,-0.25634765625,-0.2197265625,-0.146484375,-0.40283203125,0.01220703125,-0.48828125,-0.10986328125,-0.08544921875,-0.13427734375,-0.048828125,-0.06103515625,-0.89111328125,0.01220703125,1.03759765625,-0.1708984375,-0.1953125,-0.15869140625,-0.6103515625,0.10986328125,-0.146484375,0.10986328125,0.87890625,-0.18310546875,-0.634765625,-0.52490234375,0.341796875,0.048828125,-0.30517578125,-0.1708984375,4.04052734375,-0.0244140625,0.78125,0.06103515625,-0.0244140625,0.62255859375,1.513671875,-0.03662109375,-0.01220703125,-0.08544921875,-0.1708984375,-0.048828125,-0.244140625,-0.18310546875,-0.69580078125,0.244140625,-0.42724609375,0.35400390625,0.68359375,0.2197265625,1.1474609375,-0.20751953125,0.5615234375,-0.341796875,-0.09765625,0.29296875,0.79345703125,-0.30517578125,0.52490234375,-0.1220703125,0.390625,0.28076171875,0.69580078125,0.09765625,-0.2685546875,-0.09765625,2.11181640625,0.2685546875,5.26123046875,0.25634765625,1.5380859375,-0.01220703125,1.4404296875,0.1220703125,0.7080078125,0.0244140625,0.8056640625,-0.1708984375,-0.0244140625,-0.03662109375,1.2451171875,-0.4638671875,-1.3916015625,0.1220703125,-0.47607421875,-0.146484375,-1.06201171875,-0.0732421875,-0.91552734375,0.09765625,-1.4892578125,-0.0732421875,-0.4638671875,0.28076171875,-0.69580078125,-0.01220703125,-1.26953125,0.0732421875,-0.64697265625,-0.2197265625,-0.6591796875,-0.37841796875,-0.57373046875,0.06103515625,-0.08544921875,-0.29296875,-1.11083984375,0.03662109375,-1.8310546875,-0.20751953125,-1.416015625,0.10986328125,-0.25634765625,-0.08544921875,0.29296875,-0.08544921875,-0.01220703125,-0.06103515625,-0.0244140625,-0.18310546875,0.146484375,0.09765625,7.01904296875,0.0244140625,3.69873046875,-0.048828125,2.52685546875,-0.08544921875,3.7841796875
0,-0.25634765625,-0.1708984375,-0.15869140625,-0.40283203125,0.03662109375,-0.48828125,-0.09765625,-0.06103515625,-0.15869140625,-0.06103515625,-0.048828125,-0.87890625,0.01220703125,1.06201171875,-0.18310546875,-0.1953125,-0.09765625,-0.59814453125,0.06103515625,-0.15869140625,0.0244140625,0.87890625,-0.1708984375,-0.634765625,-0.48828125,0.2685546875,0.10986328125,-0.3662109375,-0.20751953125,3.79638671875,-0.048828125,0.74462890625,0.03662109375,-0.01220703125,0.68359375,1.45263671875,-0.146484375,0,-0.10986328125,-0.20751953125,-0.146484375,-0.23193359375,-0.1953125,-0.7080078125,0.18310546875,-0.42724609375,0.42724609375,0.64697265625,0.29296875,1.13525390625,-0.2685546875,0.5615234375,-0.42724609375,-0.08544921875,0.28076171875,0.79345703125,-0.341796875,0.5126953125,-0.1220703125,0.3662109375,0.3173828125,0.74462890625,0.13427734375,-0.2685546875,-0.08544921875,2.0263671875,0.1953125,5.04150390625,0.29296875,1.45263671875,-0.048828125,1.3671875,0.13427734375,0.8056640625,-0.0244140625,0.78125,-0.10986328125,-0.0244140625,-0.08544921875,1.2451171875,-0.40283203125,-1.3427734375,0.1220703125,-0.42724609375,-0.15869140625,-1.025390625,-0.0732421875,-0.86669921875,0.1220703125,-1.5625,-0.0732421875,-0.5126953125,0.048828125,-0.79345703125,0.01220703125,-1.3427734375,0.0732421875,-0.64697265625,-0.20751953125,-0.67138671875,-0.4638671875,-0.5615234375,0.0244140625,-0.0732421875,-0.2685546875,-1.025390625,0.0244140625,-1.7333984375,-0.23193359375,-1.35498046875,0.048828125,0.09765625,-0.08544921875,0.29296875,-0.0732421875,-0.048828125,-0.06103515625,-0.0244140625,-0.20751953125,0.146484375,0,8.21533203125,0.03662109375,4.18701171875,-0.0244140625,2.96630859375,-0.08544921875,4.4921875
0,-0.23193359375,-0.13427734375,-0.146484375,-0.40283203125,0.03662109375,-0.47607421875,-0.0732421875,-0.06103515625,-0.1953125,-0.03662109375,-0.0732421875,-0.9033203125,0.03662109375,1.06201171875,-0.1953125,-0.1708984375,-0.048828125,-0.59814453125,0.0244140625,-0.146484375,-0.03662109375,0.89111328125,-0.146484375,-0.64697265625,-0.4150390625,0.25634765625,0.15869140625,-0.3662109375,-0.1953125,3.7109375,-0.06103515625,0.732421875,0.01220703125,0,0.7080078125,1.513671875,-0.1953125,0,-0.09765625,-0.1708984375,-0.2197265625,-0.23193359375,-0.2197265625,-0.7080078125,0.1220703125,-0.439453125,0.341796875,0.5859375,0.37841796875,1.1474609375,-0.29296875,0.537109375,-0.50048828125,-0.09765625,0.25634765625,0.76904296875,-0.35400390625,0.5126953125,-0.048828125,0.3662109375,0.3173828125,0.7568359375,0.1708984375,-0.3173828125,-0.0244140625,1.98974609375,0.18310546875,4.8583984375,0.3173828125,1.3916015625,-0.09765625,1.3427734375,0.10986328125,0.91552734375,0.01220703125,0.8056640625,-0.0732421875,-0.03662109375,-0.1220703125,1.26953125,-0.37841796875,-1.220703125,0.13427734375,-0.32958984375,-0.20751953125,-0.9765625,-0.10986328125,-0.79345703125,0.146484375,-1.5625,-0.10986328125,-0.54931640625,-0.09765625,-0.830078125,0.06103515625,-1.3671875,0.09765625,-0.6591796875,-0.1708984375,-0.67138671875,-0.47607421875,-0.537109375,-0.06103515625,-0.08544921875,-0.1953125,-0.91552734375,-0.0244140625,-1.611328125,-0.2685546875,-1.2939453125,0,0.4150390625,-0.09765625,0.30517578125,-0.06103515625,-0.0244140625,-0.048828125,-0.03662109375,-0.2197265625,0.15869140625,-0.048828125,9.130859375,0.03662109375,4.55322265625,-0.01220703125,3.3447265625,-0.0732421875,5.04150390625
0,-0.18310546875,-0.10986328125,-0.1708984375,-0.390625,0.03662109375,-0.45166015625,-0.0732421875,-0.03662109375,-0.2197265625,-0.06103515625,-0.048828125,-0.89111328125,0.0244140625,1.03759765625,-0.23193359375,-0.1708984375,0.01220703125,-0.5859375,0.01220703125,-0.1220703125,-0.09765625,0.9033203125,-0.09765625,-0.64697265625,-0.32958984375,0.28076171875,0.146484375,-0.32958984375,-0.1220703125,3.7841796875,-0.08544921875,0.76904296875,0,0.03662109375,0.7568359375,1.6357421875,-0.20751953125,0.0244140625,-0.08544921875,-0.13427734375,-0.2197265625,-0.23193359375,-0.20751953125,-0.7080078125,0.09765625,-0.439453125,0.32958984375,0.5615234375,0.40283203125,1.18408203125,-0.28076171875,0.52490234375,-0.59814453125,-0.13427734375,0.23193359375,0.74462890625,-0.40283203125,0.50048828125,-0.01220703125,0.37841796875,0.35400390625,0.76904296875,0.20751953125,-0.32958984375,0.06103515625,1.94091796875,0.048828125,4.7119140625,0.3173828125,1.33056640625,-0.13427734375,1.2939453125,0.0732421875,1.01318359375,-0.03662109375,0.8056640625,-0.03662109375,-0.01220703125,-0.18310546875,1.26953125,-0.32958984375,-1.0498046875,0.146484375,-0.1953125,-0.23193359375,-0.91552734375,-0.08544921875,-0.69580078125,0.1220703125,-1.5869140625,-0.1953125,-0.537109375,-0.29296875,-0.81787109375,0.048828125,-1.3671875,0.0244140625,-0.64697265625,-0.1220703125,-0.67138671875,-0.5126953125,-0.54931640625,-0.20751953125,-0.08544921875,-0.1220703125,-0.8544921875,-0.03662109375,-1.55029296875,-0.25634765625,-1.220703125,-0.0244140625,0.59814453125,-0.10986328125,0.29296875,-0.03662109375,-0.0244140625,-0.06103515625,-0.01220703125,-0.2197265625,0.146484375,-0.08544921875,9.716796875,0.03662109375,4.7607421875,0,3.55224609375,-0.09765625,5.40771484375
0,-0.2685546875,-0.09765625,-0.1708984375,-0.37841796875,0.048828125,-0.439453125,-0.0732421875,-0.048828125,-0.244140625,-0.08544921875,-0.03662109375,-0.89111328125,0.03662109375,1.0498046875,-0.28076171875,-0.15869140625,0.06103515625,-0.5615234375,-0.0244140625,-0.10986328125,-0.15869140625,0.9033203125,-0.0732421875,-0.6591796875,-0.25634765625,0.30517578125,0.13427734375,-0.29296875,-0.048828125,3.955078125,-0.048828125,0.79345703125,-0.03662109375,0.08544921875,0.732421875,1.7822265625,-0.2685546875,0.06103515625,-0.06103515625,-0.10986328125,-0.20751953125,-0.23193359375,-0.18310546875,-0.7080078125,0.048828125,-0.42724609375,0.32958984375,0.537109375,0.4150390625,1.2451171875,-0.2685546875,0.48828125,-0.6591796875,-0.15869140625,0.20751953125,0.732421875,-0.4150390625,0.52490234375,0.03662109375,0.40283203125,0.341796875,0.72021484375,0.1953125,-0.32958984375,0.146484375,1.904296875,-0.03662109375,4.57763671875,0.2685546875,1.25732421875,-0.146484375,1.25732421875,-0.01220703125,1.0498046875,-0.03662109375,0.830078125,0,-0.0244140625,-0.244140625,1.30615234375,-0.28076171875,-0.830078125,0.146484375,-0.0732421875,-0.29296875,-0.87890625,-0.08544921875,-0.6103515625,0.08544921875,-1.57470703125,-0.244140625,-0.50048828125,-0.439453125,-0.76904296875,0.06103515625,-1.3427734375,-0.06103515625,-0.64697265625,-0.09765625,-0.68359375,-0.50048828125,-0.54931640625,-0.30517578125,-0.06103515625,0,-0.81787109375,-0.0732421875,-1.50146484375,-0.2197265625,-1.1962890625,-0.01220703125,0.67138671875,-0.13427734375,0.3173828125,-0.06103515625,-0.048828125,-0.06103515625,0,-0.2197265625,0.146484375,-0.08544921875,9.92431640625,0.048828125,4.87060546875,0.03662109375,3.60107421875,-0.0732421875,5.55419921875
0,-0.23193359375,-0.1220703125,-0.1708984375,-0.35400390625,0.048828125,-0.42724609375,-0.06103515625,-0.048828125,-0.244140625,-0.08544921875,-0.01220703125,-0.9033203125,0.03662109375,1.0498046875,-0.28076171875,-0.146484375,0.048828125,-0.57373046875,-0.048828125,-0.10986328125,-0.146484375,0.87890625,-0.08544921875,-0.634765625,-0.13427734375,0.35400390625,0.08544921875,-0.244140625,0.048828125,4.16259765625,-0.048828125,0.87890625,-0.06103515625,0.10986328125,0.69580078125,1.86767578125,-0.29296875,0.08544921875,-0.0244140625,-0.0732421875,-0.15869140625,-0.23193359375,-0.18310546875,-0.7080078125,0.03662109375,-0.45166015625,0.30517578125,0.52490234375,0.390625,1.33056640625,-0.23193359375,0.45166015625,-0.6591796875,-0.18310546875,0.15869140625,0.72021484375,-0.45166015625,0.537109375,0.03662109375,0.40283203125,0.35400390625,0.64697265625,0.1708984375,-0.32958984375,0.20751953125,1.85546875,-0.10986328125,4.443359375,0.20751953125,1.220703125,-0.146484375,1.20849609375,-0.06103515625,1.07421875,-0.06103515625,0.8544921875,0.01220703125,-0.01220703125,-0.244140625,1.2939453125,-0.2685546875,-0.64697265625,0.13427734375,0.0732421875,-0.390625,-0.81787109375,-0.09765625,-0.5126953125,0.06103515625,-1.57470703125,-0.25634765625,-0.4638671875,-0.4150390625,-0.67138671875,0.06103515625,-1.28173828125,-0.1220703125,-0.64697265625,-0.048828125,-0.68359375,-0.47607421875,-0.5615234375,-0.40283203125,-0.06103515625,0.01220703125,-0.8056640625,-0.1220703125,-1.5380859375,-0.1953125,-1.18408203125,-0.0732421875,0.5859375,-0.15869140625,0.3173828125,-0.03662109375,-0.03662109375,-0.0732421875,0.0244140625,-0.20751953125,0.1708984375,-0.08544921875,9.7900390625,0.03662109375,4.78515625,0.0244140625,3.52783203125,-0.09765625,5.45654296875
0,-0.244140625,-0.146484375,-0.15869140625,-0.35400390625,0.048828125,-0.40283203125,-0.06103515625,-0.01220703125,-0.244140625,-0.09765625,-0.01220703125,-0.87890625,0.0244140625,1.06201171875,-0.28076171875,-0.13427734375,0.0244140625,-0.5615234375,-0.06103515625,-0.08544921875,-0.146484375,0.86669921875,-0.08544921875,-0.62255859375,-0.10986328125,0.42724609375,0.0244140625,-0.1953125,0.146484375,4.33349609375,-0.0244140625,0.91552734375,-0.146484375,0.10986328125,0.59814453125,1.8310546875,-0.4150390625,0.06103515625,-0.03662109375,-0.09765625,-0.09765625,-0.244140625,-0.244140625,-0.7080078125,0.0244140625,-0.439453125,0.28076171875,0.52490234375,0.50048828125,1.416015625,-0.20751953125,0.45166015625,-0.72021484375,-0.18310546875,0.08544921875,0.732421875,-0.47607421875,0.52490234375,0.06103515625,0.4150390625,0.35400390625,0.5615234375,0.1708984375,-0.3173828125,0.23193359375,1.77001953125,-0.1220703125,4.28466796875,0.09765625,1.15966796875,-0.15869140625,1.171875,-0.13427734375,1.0986328125,-0.0732421875,0.84228515625,0.03662109375,-0.0244140625,-0.2197265625,1.30615234375,-0.23193359375,-0.52490234375,0.08544921875,0.1708984375,-0.40283203125,-0.78125,-0.08544921875,-0.4150390625,0,-1.55029296875,-0.30517578125,-0.390625,-0.439453125,-0.6103515625,0.0244140625,-1.2451171875,-0.1953125,-0.6591796875,-0.0732421875,-0.68359375,-0.47607421875,-0.57373046875,-0.4638671875,-0.06103515625,0.03662109375,-0.84228515625,-0.08544921875,-1.5625,-0.1220703125,-1.20849609375,-0.0732421875,0.45166015625,-0.18310546875,0.35400390625,-0.03662109375,-0.0244140625,-0.06103515625,0.01220703125,-0.1953125,0.18310546875,-0.10986328125,9.36279296875,0.0244140625,4.55322265625,0.0244140625,3.30810546875,-0.048828125,5.18798828125
0,-0.25634765625,-0.1708984375,-0.13427734375,-0.35400390625,0.06103515625,-0.4150390625,-0.03662109375,-0.03662109375,-0.2197265625,-0.10986328125,-0.0244140625,-0.87890625,0.0244140625,1.0498046875,-0.2685546875,-0.146484375,-0.01220703125,-0.5859375,-0.09765625,-0.10986328125,-0.0732421875,0.86669921875,-0.0732421875,-0.6103515625,-0.03662109375,0.42724609375,-0.03662109375,-0.1953125,0.1708984375,4.3701171875,0.048828125,0.9033203125,-0.146484375,0.0732421875,0.57373046875,1.6357421875,-0.45166015625,0.01220703125,0,-0.15869140625,-0.06103515625,-0.25634765625,-0.29296875,-0.69580078125,-0.01220703125,-0.439453125,0.3173828125,0.52490234375,0.341796875,1.5380859375,-0.20751953125,0.4638671875,-0.69580078125,-0.15869140625,-0.03662109375,0.74462890625,-0.4638671875,0.54931640625,0.09765625,0.42724609375,0.3173828125,0.48828125,0.1953125,-0.28076171875,0.2685546875,1.66015625,-0.18310546875,4.1015625,0,1.08642578125,-0.18310546875,1.08642578125,-0.18310546875,1.0986328125,-0.0732421875,0.8544921875,0.01220703125,-0.0244140625,-0.1708984375,1.30615234375,-0.23193359375,-0.47607421875,0.06103515625,0.25634765625,-0.37841796875,-0.74462890625,-0.09765625,-0.3662109375,-0.048828125,-1.55029296875,-0.341796875,-0.3662109375,-0.3173828125,-0.5126953125,0,-1.20849609375,-0.18310546875,-0.69580078125,-0.10986328125,-0.68359375,-0.4638671875,-0.57373046875,-0.439453125,-0.03662109375,0.03662109375,-0.87890625,-0.146484375,-1.6357421875,-0.09765625,-1.2451171875,-0.09765625,0.2685546875,-0.1953125,0.3662109375,-0.01220703125,-0.0244140625,-0.0732421875,0.01220703125,-0.1708984375,0.18310546875,-0.1220703125,8.69140625,0.01220703125,4.26025390625,0.0244140625,2.978515625,-0.03662109375,4.7607421875
1,-0.2197265625,-0.18310546875,-0.1220703125,-0.35400390625,0.08544921875,-0.40283203125,-0.03662109375,-0.048828125,-0.2197265625,-0.10986328125,-0.0732421875,-0.89111328125,0.0244140625,1.07421875,-0.23193359375,-0.15869140625,-0.0732421875,-0.5615234375,-0.1220703125,-0.1220703125,0.0244140625,0.8544921875,-0.08544921875,-0.6103515625,-0.03662109375,0.40283203125,-0.1220703125,-0.25634765625,0.15869140625,4.21142578125,0.08544921875,0.84228515625,-0.23193359375,-0.01220703125,0.439453125,1.25732421875,-0.35400390625,-0.0732421875,0.01220703125,-0.25634765625,-0.0732421875,-0.25634765625,-0.341796875,-0.69580078125,-0.06103515625,-0.42724609375,0.341796875,0.5615234375,0.35400390625,1.77001953125,-0.20751953125,0.5126953125,-0.732421875,-0.13427734375,-0.09765625,0.79345703125,-0.4638671875,0.54931640625,0.10986328125,0.42724609375,0.35400390625,0.4150390625,0.25634765625,-0.244140625,0.2197265625,1.52587890625,-0.15869140625,3.857421875,-0.10986328125,0.98876953125,-0.1953125,0.98876953125,-0.1953125,1.07421875,-0.06103515625,0.89111328125,-0.01220703125,-0.03662109375,-0.06103515625,1.28173828125,-0.244140625,-0.48828125,0,0.2685546875,-0.32958984375,-0.7568359375,-0.08544921875,-0.3662109375,-0.048828125,-1.513671875,-0.390625,-0.32958984375,-0.20751953125,-0.45166015625,-0.06103515625,-1.15966796875,-0.20751953125,-0.69580078125,-0.13427734375,-0.7080078125,-0.4150390625,-0.57373046875,-0.390625,-0.048828125,0.01220703125,-0.89111328125,-0.2197265625,-1.66015625,-0.0732421875,-1.28173828125,-0.048828125,0.08544921875,-0.2197265625,0.37841796875,-0.0244140625,0.01220703125,-0.0732421875,0.0244140625,-0.1708984375,0.18310546875,-0.146484375,7.8125,0.0244140625,3.86962890625,-0.0244140625,2.6123046875,-0.0244140625,4.2236328125
1,-0.2197265625,-0.2197265625,-0.146484375,-0.37841796875,0.09765625,-0.439453125,-0.03662109375,-0.0732421875,-0.244140625,-0.1220703125,-0.0732421875,-0.89111328125,0.03662109375,1.06201171875,-0.20751953125,-0.1953125,-0.10986328125,-0.5615234375,-0.1220703125,-0.10986328125,0.0732421875,0.8544921875,-0.0732421875,-0.59814453125,-0.0732421875,0.3173828125,-0.146484375,-0.35400390625,0.20751953125,3.8330078125,0.1220703125,0.7568359375,-0.25634765625,-0.1708984375,0.35400390625,0.74462890625,-0.35400390625,-0.1953125,0.01220703125,-0.42724609375,-0.09765625,-0.2685546875,-0.35400390625,-0.72021484375,-0.08544921875,-0.42724609375,0.37841796875,0.5615234375,0.23193359375,2.11181640625,-0.25634765625,0.57373046875,-0.7080078125,-0.0732421875,-0.146484375,0.86669921875,-0.45166015625,0.5859375,0.1220703125,0.4150390625,0.37841796875,0.35400390625,0.35400390625,-0.2197265625,0.1953125,1.37939453125,-0.15869140625,3.55224609375,-0.1708984375,0.89111328125,-0.23193359375,0.87890625,-0.20751953125,1.07421875,-0.06103515625,0.830078125,-0.06103515625,-0.0244140625,0.0244140625,1.28173828125,-0.25634765625,-0.5859375,0.01220703125,0.2685546875,-0.244140625,-0.78125,-0.0244140625,-0.390625,-0.0244140625,-1.513671875,-0.42724609375,-0.3173828125,-0.08544921875,-0.40283203125,-0.0732421875,-1.1474609375,-0.23193359375,-0.7080078125,-0.15869140625,-0.69580078125,-0.390625,-0.57373046875,-0.28076171875,-0.048828125,0.09765625,-0.927734375,-0.2197265625,-1.708984375,-0.03662109375,-1.2939453125,0.08544921875,-0.0244140625,-0.2197265625,0.37841796875,0,0,-0.08544921875,0,-0.15869140625,0.1953125,-0.15869140625,6.8359375,0.0244140625,3.41796875,-0.048828125,2.18505859375,0.01220703125,3.60107421875
1,-0.20751953125,-0.23193359375,-0.10986328125,-0.40283203125,0.08544921875,-0.439453125,-0.0244140625,-0.09765625,-0.23193359375,-0.09765625,-0.09765625,-0.927734375,0.048828125,1.07421875,-0.2197265625,-0.1953125,-0.146484375,-0.54931640625,-0.08544921875,-0.10986328125,0.13427734375,0.86669921875,-0.0732421875,-0.62255859375,-0.146484375,0.20751953125,-0.1708984375,-0.47607421875,0.20751953125,3.28369140625,0.1220703125,0.5859375,-0.23193359375,-0.35400390625,0.2197265625,0.18310546875,-0.29296875,-0.3173828125,-0.0244140625,-0.59814453125,-0.09765625,-0.25634765625,-0.32958984375,-0.72021484375,-0.08544921875,-0.4150390625,0.390625,0.59814453125,0.13427734375,2.57568359375,-0.2685546875,0.69580078125,-0.67138671875,0.0244140625,-0.23193359375,0.9765625,-0.4150390625,0.5859375,0.1220703125,0.40283203125,0.3662109375,0.3173828125,0.42724609375,-0.20751953125,0.1953125,1.1962890625,-0.13427734375,3.22265625,-0.13427734375,0.78125,-0.20751953125,0.79345703125,-0.20751953125,1.03759765625,-0.06103515625,0.87890625,-0.0732421875,-0.03662109375,0.0732421875,1.26953125,-0.28076171875,-0.72021484375,0.048828125,0.2197265625,-0.13427734375,-0.81787109375,0.03662109375,-0.439453125,-0.0244140625,-1.5380859375,-0.42724609375,-0.30517578125,-0.03662109375,-0.40283203125,-0.08544921875,-1.13525390625,-0.18310546875,-0.68359375,-0.1708984375,-0.68359375,-0.35400390625,-0.5859375,-0.18310546875,-0.06103515625,0.0732421875,-0.9521484375,-0.20751953125,-1.69677734375,-0.03662109375,-1.318359375,0.1708984375,-0.06103515625,-0.23193359375,0.37841796875,-0.0244140625,-0.0244140625,-0.0732421875,-0.01220703125,-0.146484375,0.1953125,-0.15869140625,5.79833984375,0.01220703125,2.99072265625,-0.08544921875,1.77001953125,0.0244140625,2.978515625
1,-0.1953125,-0.23193359375,-0.08544921875,-0.4150390625,0.0732421875,-0.4638671875,-0.01220703125,-0.13427734375,-0.25634765625,-0.08544921875,-0.13427734375,-0.9033203125,0.0244140625,1.06201171875,-0.20751953125,-0.1953125,-0.18310546875,-0.5615234375,-0.08544921875,-0.13427734375,0.1708984375,0.89111328125,-0.048828125,-0.62255859375,-0.2197265625,0.03662109375,-0.13427734375,-0.64697265625,0.2197265625,2.5634765625,0.1220703125,0.42724609375,-0.15869140625,-0.52490234375,0.18310546875,-0.45166015625,-0.29296875,-0.45166015625,-0.048828125,-0.76904296875,-0.09765625,-0.25634765625,-0.28076171875,-0.7080078125,-0.048828125,-0.439453125,0.40283203125,0.5859375,0.25634765625,3.173828125,-0.29296875,0.830078125,-0.64697265625,0.13427734375,-0.341796875,1.0986328125,-0.37841796875,0.57373046875,0.10986328125,0.40283203125,0.32958984375,0.3173828125,0.5126953125,-0.2197265625,0.18310546875,1.0009765625,-0.1953125,2.84423828125,-0.08544921875,0.68359375,-0.2197265625,0.6591796875,-0.18310546875,0.98876953125,-0.03662109375,0.84228515625,-0.048828125,-0.048828125,0.13427734375,1.25732421875,-0.29296875,-0.86669921875,0.08544921875,0.146484375,-0.03662109375,-0.86669921875,0.08544921875,-0.52490234375,-0.01220703125,-1.5380859375,-0.40283203125,-0.341796875,-0.01220703125,-0.37841796875,-0.03662109375,-1.15966796875,-0.1953125,-0.69580078125,-0.15869140625,-0.6591796875,-0.32958984375,-0.5859375,-0.08544921875,-0.048828125,0.06103515625,-0.9033203125,-0.23193359375,-1.67236328125,-0.06103515625,-1.2939453125,0.20751953125,-0.01220703125,-0.2685546875,0.35400390625,-0.0244140625,-0.0244140625,-0.0732421875,-0.03662109375,-0.09765625,0.1708984375,-0.1708984375,4.77294921875,-0.01220703125,2.5634765625,-0.08544921875,1.33056640625,0.03662109375,2.3681640625
1,-0.1708984375,-0.244140625,-0.06103515625,-0.42724609375,0.06103515625,-0.50048828125,-0.01220703125,-0.1220703125,-0.23193359375,-0.06103515625,-0.146484375,-0.93994140625,0,1.06201171875,-0.1953125,-0.20751953125,-0.2197265625,-0.5615234375,-0.06103515625,-0.1220703125,0.1953125,0.9033203125,0.01220703125,-0.62255859375,-0.30517578125,-0.13427734375,-0.13427734375,-0.830078125,0.2197265625,1.81884765625,0.09765625,0.2685546875,-0.06103515625,-0.68359375,0.1708984375,-0.9765625,-0.28076171875,-0.57373046875,-0.06103515625,-0.9033203125,-0.1220703125,-0.25634765625,-0.23193359375,-0.72021484375,0.01220703125,-0.439453125,0.37841796875,0.59814453125,0.2197265625,3.91845703125,-0.32958984375,1.01318359375,-0.57373046875,0.244140625,-0.439453125,1.23291015625,-0.3173828125,0.5859375,0.10986328125,0.37841796875,0.28076171875,0.3662109375,0.59814453125,-0.2197265625,0.1708984375,0.830078125,-0.146484375,2.44140625,-0.03662109375,0.57373046875,-0.29296875,0.54931640625,-0.15869140625,0.927734375,0.01220703125,0.81787109375,0.01220703125,-0.06103515625,0.15869140625,1.2451171875,-0.32958984375,-1.01318359375,0.1708984375,0.08544921875,0.03662109375,-0.9033203125,0.1220703125,-0.5859375,0.03662109375,-1.5380859375,-0.3662109375,-0.390625,-0.01220703125,-0.37841796875,-0.048828125,-1.171875,-0.1708984375,-0.69580078125,-0.1708984375,-0.68359375,-0.32958984375,-0.57373046875,-0.01220703125,-0.06103515625,0.13427734375,-0.86669921875,-0.15869140625,-1.59912109375,-0.0244140625,-1.26953125,0.23193359375,0.10986328125,-0.28076171875,0.32958984375,-0.01220703125,-0.03662109375,-0.0732421875,-0.06103515625,-0.10986328125,0.1708984375,-0.18310546875,3.77197265625,-0.0244140625,2.16064453125,-0.0732421875,0.93994140625,0.01220703125,1.7578125
1,-0.18310546875,-0.23193359375,-0.06103515625,-0.42724609375,0.06103515625,-0.50048828125,-0.0244140625,-0.10986328125,-0.28076171875,-0.03662109375,-0.146484375,-0.93994140625,0,1.0498046875,-0.2197265625,-0.18310546875,-0.25634765625,-0.54931640625,-0.0244140625,-0.13427734375,0.2197265625,0.91552734375,0.06103515625,-0.634765625,-0.37841796875,-0.2685546875,-0.1220703125,-0.96435546875,0.28076171875,1.11083984375,0.06103515625,0.10986328125,0.0244140625,-0.79345703125,0.13427734375,-1.318359375,-0.1953125,-0.64697265625,-0.048828125,-0.98876953125,-0.146484375,-0.244140625,-0.146484375,-0.72021484375,0.01220703125,-0.4150390625,0.439453125,0.6103515625,0.40283203125,4.736328125,-0.390625,1.1962890625,-0.4638671875,0.3662109375,-0.52490234375,1.37939453125,-0.25634765625,0.5615234375,0.08544921875,0.3662109375,0.1953125,0.390625,0.634765625,-0.25634765625,0.13427734375,0.6591796875,-0.09765625,2.05078125,0.0244140625,0.48828125,-0.35400390625,0.45166015625,-0.10986328125,0.84228515625,0.0732421875,0.81787109375,0.0732421875,-0.06103515625,0.146484375,1.25732421875,-0.3662109375,-1.123046875,0.2197265625,0.01220703125,0.08544921875,-0.93994140625,0.13427734375,-0.62255859375,0.0244140625,-1.52587890625,-0.32958984375,-0.4150390625,-0.146484375,-0.40283203125,-0.06103515625,-1.13525390625,-0.13427734375,-0.67138671875,-0.146484375,-0.67138671875,-0.3173828125,-0.57373046875,0.03662109375,-0.06103515625,0.08544921875,-0.79345703125,-0.146484375,-1.50146484375,-0.048828125,-1.20849609375,0.146484375,0.29296875,-0.28076171875,0.32958984375,-0.01220703125,-0.03662109375,-0.06103515625,-0.0732421875,-0.09765625,0.15869140625,-0.18310546875,2.8076171875,-0.048828125,1.77001953125,-0.08544921875,0.54931640625,0,1.1962890625
1,-0.18310546875,-0.2197265625,-0.03662109375,-0.4150390625,0.06103515625,-0.48828125,0.01220703125,-0.0732421875,-0.3173828125,-0.048828125,-0.15869140625,-0.93994140625,0.01220703125,1.025390625,-0.20751953125,-0.15869140625,-0.25634765625,-0.5615234375,0,-0.146484375,0.25634765625,0.927734375,0.10986328125,-0.64697265625,-0.37841796875,-0.390625,-0.09765625,-1.06201171875,0.28076171875,0.6103515625,-0.0244140625,0.03662109375,0.048828125,-0.81787109375,0.09765625,-1.3916015625,-0.20751953125,-0.64697265625,-0.06103515625,-0.98876953125,-0.1953125,-0.20751953125,-0.08544921875,-0.7080078125,0.0244140625,-0.42724609375,0.4638671875,0.5859375,0.47607421875,5.615234375,-0.42724609375,1.3916015625,-0.439453125,0.47607421875,-0.57373046875,1.5380859375,-0.25634765625,0.57373046875,0.146484375,0.37841796875,0.1708984375,0.47607421875,0.68359375,-0.29296875,0.06103515625,0.52490234375,-0.09765625,1.708984375,0.10986328125,0.4150390625,-0.40283203125,0.37841796875,-0.1220703125,0.78125,0.13427734375,0.78125,0.146484375,-0.06103515625,0.10986328125,1.2451171875,-0.35400390625,-1.171875,0.25634765625,-0.01220703125,0.10986328125,-0.9765625,0.1220703125,-0.6591796875,0.0732421875,-1.52587890625,-0.25634765625,-0.439453125,-0.244140625,-0.42724609375,-0.0244140625,-1.123046875,-0.10986328125,-0.67138671875,-0.0732421875,-0.67138671875,-0.32958984375,-0.57373046875,0.048828125,-0.048828125,0.048828125,-0.68359375,-0.06103515625,-1.416015625,-0.09765625,-1.1474609375,0.0732421875,0.4638671875,-0.30517578125,0.3173828125,-0.03662109375,-0.06103515625,-0.0732421875,-0.08544921875,-0.08544921875,0.1708984375,-0.1953125,1.91650390625,-0.06103515625,1.46484375,-0.08544921875,0.2197265625,-0.0244140625,0.6591796875
1,-0.146484375,-0.20751953125,-0.0244140625,-0.390625,0.0244140625,-0.50048828125,0,-0.048828125,-0.3662109375,-0.048828125,-0.15869140625,-0.927734375,-0.03662109375,1.0009765625,-0.1953125,-0.1220703125,-0.25634765625,-0.5615234375,0.048828125,-0.146484375,0.2685546875,0.9521484375,0.13427734375,-0.634765625,-0.37841796875,-0.439453125,-0.10986328125,-1.08642578125,0.2685546875,0.35400390625,-0.146484375,0,0.0732421875,-0.7568359375,0.18310546875,-1.20849609375,-0.146484375,-0.5859375,-0.13427734375,-0.9033203125,-0.244140625,-0.1953125,-0.0732421875,-0.7080078125,0.03662109375,-0.42724609375,0.48828125,0.59814453125,0.4150390625,6.38427734375,-0.40283203125,1.5625,-0.35400390625,0.57373046875,-0.634765625,1.67236328125,-0.25634765625,0.57373046875,0.048828125,0.390625,0.2197265625,0.5126953125,0.67138671875,-0.3173828125,0.048828125,0.45166015625,-0.1220703125,1.47705078125,0.1708984375,0.35400390625,-0.439453125,0.3173828125,-0.1953125,0.72021484375,0.18310546875,0.76904296875,0.146484375,-0.03662109375,0.048828125,1.25732421875,-0.4150390625,-1.15966796875,0.30517578125,-0.03662109375,0.1220703125,-0.9765625,0.10986328125,-0.68359375,0.1220703125,-1.4892578125,-0.20751953125,-0.4638671875,-0.30517578125,-0.439453125,-0.03662109375,-1.08642578125,-0.0244140625,-0.6591796875,-0.0244140625,-0.6591796875,-0.40283203125,-0.5859375,0.06103515625,-0.06103515625,0.06103515625,-0.5859375,0.0244140625,-1.318359375,-0.10986328125,-1.0986328125,0.048828125,0.62255859375,-0.30517578125,0.30517578125,-0.01220703125,-0.048828125,-0.0732421875,-0.0732421875,-0.0732421875,0.1708984375,-0.2197265625,1.0986328125,-0.06103515625,1.1474609375,-0.0732421875,-0.09765625,-0.03662109375,0.18310546875
1,-0.13427734375,-0.146484375,0,-0.3662109375,0,-0.47607421875,0,-0.048828125,-0.390625,-0.06103515625,-0.1708984375,-0.927734375,-0.0732421875,1.025390625,-0.1953125,-0.13427734375,-0.2197265625,-0.5859375,0.10986328125,-0.146484375,0.29296875,0.927734375,0.15869140625,-0.634765625,-0.30517578125,-0.40283203125,-0.09765625,-1.0498046875,0.32958984375,0.439453125,-0.29296875,0.06103515625,0.03662109375,-0.62255859375,0.23193359375,-0.72021484375,-0.08544921875,-0.4638671875,-0.18310546875,-0.74462890625,-0.28076171875,-0.2197265625,-0.0732421875,-0.7080078125,0.0244140625,-0.439453125,0.5126953125,0.59814453125,0.35400390625,7.0556640625,-0.3662109375,1.708984375,-0.35400390625,0.67138671875,-0.64697265625,1.7822265625,-0.28076171875,0.54931640625,0.03662109375,0.37841796875,0.1708984375,0.537109375,0.5615234375,-0.3173828125,0.03662109375,0.45166015625,-0.1220703125,1.35498046875,0.1708984375,0.341796875,-0.40283203125,0.3173828125,-0.29296875,0.634765625,0.23193359375,0.78125,0.1220703125,-0.0244140625,-0.06103515625,1.28173828125,-0.4150390625,-1.11083984375,0.3173828125,-0.048828125,0.1220703125,-0.9765625,0.09765625,-0.68359375,0.18310546875,-1.46484375,-0.1220703125,-0.45166015625,-0.341796875,-0.4638671875,0,-1.0986328125,0.01220703125,-0.6591796875,-0.03662109375,-0.6591796875,-0.45166015625,-0.6103515625,-0.01220703125,-0.048828125,0.01220703125,-0.5126953125,0.0732421875,-1.23291015625,-0.18310546875,-1.03759765625,-0.048828125,0.72021484375,-0.30517578125,0.3173828125,-0.0244140625,-0.03662109375,-0.0732421875,-0.06103515625,-0.06103515625,0.18310546875,-0.244140625,0.341796875,-0.0732421875,0.87890625,-0.0244140625,-0.390625,-0.048828125,-0.29296875
1,-0.0732421875,-0.1220703125,0,-0.35400390625,0,-0.45166015625,-0.048828125,-0.0732421875,-0.42724609375,-0.09765625,-0.18310546875,-0.91552734375,-0.09765625,1.025390625,-0.1953125,-0.13427734375,-0.1953125,-0.57373046875,0.146484375,-0.146484375,0.3173828125,0.927734375,0.13427734375,-0.62255859375,-0.18310546875,-0.30517578125,-0.10986328125,-0.91552734375,0.29296875,0.8544921875,-0.3662109375,0.18310546875,0.01220703125,-0.390625,0.30517578125,0,-0.06103515625,-0.30517578125,-0.18310546875,-0.537109375,-0.30517578125,-0.23193359375,-0.146484375,-0.69580078125,0.01220703125,-0.439453125,0.48828125,0.5859375,0.29296875,7.51953125,-0.390625,1.81884765625,-0.32958984375,0.74462890625,-0.634765625,1.85546875,-0.29296875,0.57373046875,0.03662109375,0.40283203125,0.09765625,0.57373046875,0.45166015625,-0.3173828125,0.03662109375,0.47607421875,-0.09765625,1.3916015625,0.18310546875,0.37841796875,-0.3662109375,0.341796875,-0.30517578125,0.54931640625,0.2685546875,0.76904296875,0.06103515625,-0.0244140625,-0.09765625,1.2939453125,-0.4150390625,-1.01318359375,0.2685546875,-0.0244140625,0.048828125,-0.96435546875,0.0244140625,-0.67138671875,0.15869140625,-1.45263671875,-0.0732421875,-0.439453125,-0.32958984375,-0.48828125,0,-1.07421875,0.048828125,-0.6591796875,-0.01220703125,-0.64697265625,-0.5126953125,-0.59814453125,-0.09765625,-0.048828125,0.01220703125,-0.42724609375,0.10986328125,-1.18408203125,-0.244140625,-0.96435546875,-0.08544921875,0.78125,-0.32958984375,0.30517578125,-0.01220703125,-0.01220703125,-0.0732421875,0,-0.048828125,0.18310546875,-0.28076171875,-0.30517578125,-0.146484375,0.64697265625,-0.048828125,-0.68359375,-0.10986328125,-0.732421875
1,-0.08544921875,-0.09765625,0.0244140625,-0.341796875,-0.0244140625,-0.45166015625,-0.048828125,-0.08544921875,-0.390625,-0.10986328125,-0.1953125,-0.9033203125,-0.1220703125,1.03759765625,-0.1708984375,-0.15869140625,-0.15869140625,-0.57373046875,0.15869140625,-0.146484375,0.28076171875,0.89111328125,0.0732421875,-0.6103515625,-0.10986328125,-0.1220703125,-0.1220703125,-0.732421875,0.1708984375,1.611328125,-0.37841796875,0.37841796875,-0.048828125,-0.146484375,0.29296875,0.86669921875,-0.06103515625,-0.10986328125,-0.23193359375,-0.29296875,-0.2685546875,-0.23193359375,-0.13427734375,-0.69580078125,0,-0.42724609375,0.537109375,0.57373046875,0.30517578125,7.75146484375,-0.40283203125,1.8798828125,-0.23193359375,0.76904296875,-0.62255859375,1.89208984375,-0.32958984375,0.5859375,0.03662109375,0.42724609375,-0.01220703125,0.5859375,0.2685546875,-0.28076171875,0.06103515625,0.59814453125,0.048828125,1.62353515625,0.15869140625,0.4638671875,-0.2685546875,0.439453125,-0.30517578125,0.4638671875,0.28076171875,0.78125,0.0244140625,-0.01220703125,-0.1220703125,1.2939453125,-0.32958984375,-0.91552734375,0.2197265625,-0.0244140625,0.03662109375,-0.93994140625,0.01220703125,-0.634765625,0.15869140625,-1.4404296875,-0.01220703125,-0.4150390625,-0.3173828125,-0.48828125,0.0244140625,-1.08642578125,0.03662109375,-0.6591796875,-0.0244140625,-0.67138671875,-0.5615234375,-0.62255859375,-0.15869140625,-0.048828125,0.06103515625,-0.37841796875,0.1708984375,-1.13525390625,-0.23193359375,-0.91552734375,-0.10986328125,0.78125,-0.3662109375,0.32958984375,-0.01220703125,-0.01220703125,-0.0732421875,0,-0.0732421875,0.15869140625,-0.2685546875,-0.84228515625,-0.18310546875,0.439453125,0,-0.87890625,-0.08544921875,-1.08642578125
1,-0.0732421875,-0.08544921875,0.01220703125,-0.341796875,-0.03662109375,-0.45166015625,-0.03662109375,-0.08544921875,-0.341796875,-0.09765625,-0.1953125,-0.91552734375,-0.146484375,1.03759765625,-0.1708984375,-0.18310546875,-0.13427734375,-0.57373046875,0.18310546875,-0.13427734375,0.28076171875,0.89111328125,0.01220703125,-0.62255859375,-0.03662109375,0.10986328125,-0.10986328125,-0.5126953125,0.1708984375,2.57568359375,-0.32958984375,0.59814453125,-0.09765625,0.15869140625,0.341796875,1.7822265625,-0.0244140625,0.10986328125,-0.244140625,-0.03662109375,-0.1708984375,-0.23193359375,-0.1953125,-0.7080078125,-0.01220703125,-0.42724609375,0.5126953125,0.5859375,0.32958984375,7.7392578125,-0.42724609375,1.8798828125,-0.10986328125,0.8056640625,-0.5859375,1.904296875,-0.390625,0.57373046875,0.08544921875,0.4150390625,-0.1220703125,0.59814453125,0.1953125,-0.244140625,0.048828125,0.79345703125,0.146484375,2.06298828125,0.10986328125,0.59814453125,-0.2197265625,0.5859375,-0.20751953125,0.40283203125,0.32958984375,0.8056640625,-0.0244140625,-0.01220703125,-0.10986328125,1.2939453125,-0.1708984375,-0.830078125,0.15869140625,-0.0244140625,0.03662109375,-0.91552734375,-0.048828125,-0.62255859375,0.13427734375,-1.45263671875,0,-0.390625,-0.146484375,-0.5126953125,0.01220703125,-1.11083984375,0.01220703125,-0.64697265625,-0.08544921875,-0.68359375,-0.5859375,-0.6103515625,-0.20751953125,-0.06103515625,0.06103515625,-0.35400390625,0.244140625,-1.1474609375,-0.25634765625,-0.927734375,-0.1220703125,0.72021484375,-0.35400390625,0.32958984375,-0.0244140625,0.01220703125,-0.08544921875,0,-0.0732421875,0.18310546875,-0.244140625,-1.2939453125,-0.10986328125,0.2685546875,0.03662109375,-1.0498046875,-0.10986328125,-1.3916015625
1,-0.06103515625,-0.0732421875,0.01220703125,-0.341796875,-0.048828125,-0.45166015625,-0.0244140625,-0.08544921875,-0.29296875,-0.10986328125,-0.20751953125,-0.91552734375,-0.18310546875,1.0498046875,-0.15869140625,-0.1708984375,-0.1220703125,-0.5615234375,0.146484375,-0.146484375,0.23193359375,0.86669921875,-0.01220703125,-0.62255859375,0.03662109375,0.3662109375,-0.10986328125,-0.28076171875,0.10986328125,3.662109375,-0.18310546875,0.8544921875,-0.09765625,0.45166015625,0.3173828125,2.67333984375,-0.048828125,0.3173828125,-0.2685546875,0.23193359375,-0.0732421875,-0.244140625,-0.20751953125,-0.69580078125,-0.048828125,-0.40283203125,0.50048828125,0.62255859375,0.09765625,7.48291015625,-0.40283203125,1.81884765625,-0.1220703125,0.7568359375,-0.5859375,1.85546875,-0.40283203125,0.5859375,0.08544921875,0.40283203125,-0.03662109375,0.59814453125,0.146484375,-0.2197265625,0.048828125,1.07421875,0.23193359375,2.6611328125,0.06103515625,0.78125,-0.08544921875,0.78125,-0.08544921875,0.3173828125,0.32958984375,0.8056640625,-0.10986328125,0.01220703125,-0.09765625,1.2939453125,-0.13427734375,-0.79345703125,0.0244140625,-0.048828125,-0.048828125,-0.9033203125,-0.146484375,-0.6103515625,0.0732421875,-1.46484375,0,-0.40283203125,0.0244140625,-0.48828125,-0.0244140625,-1.13525390625,-0.048828125,-0.634765625,-0.10986328125,-0.69580078125,-0.5859375,-0.62255859375,-0.2197265625,-0.0732421875,0.08544921875,-0.3662109375,0.2197265625,-1.15966796875,-0.25634765625,-0.927734375,-0.09765625,0.64697265625,-0.35400390625,0.3173828125,-0.03662109375,0.0244140625,-0.09765625,0.01220703125,-0.10986328125,0.15869140625,-0.23193359375,-1.5869140625,-0.06103515625,0.15869140625,0.06103515625,-1.13525390625,-0.09765625,-1.5625
1,-0.0732421875,-0.08544921875,0,-0.35400390625,-0.03662109375,-0.45166015625,-0.0244140625,-0.08544921875,-0.29296875,-0.09765625,-0.23193359375,-0.927734375,-0.15869140625,1.07421875,-0.15869140625,-0.18310546875,-0.13427734375,-0.59814453125,0.15869140625,-0.1220703125,0.1220703125,0.8544921875,-0.0244140625,-0.62255859375,0.0732421875,0.6103515625,-0.09765625,-0.048828125,0.13427734375,4.77294921875,-0.0244140625,1.0986328125,-0.09765625,0.69580078125,0.244140625,3.43017578125,-0.06103515625,0.5126953125,-0.244140625,0.42724609375,-0.03662109375,-0.244140625,-0.18310546875,-0.69580078125,-0.03662109375,-0.390625,0.47607421875,0.59814453125,-0.0732421875,7.0556640625,-0.4150390625,1.69677734375,-0.0244140625,0.69580078125,-0.57373046875,1.7578125,-0.4638671875,0.59814453125,0.06103515625,0.40283203125,0,0.6103515625,0.0732421875,-0.1953125,-0.01220703125,1.40380859375,0.1953125,3.43017578125,0.01220703125,1.01318359375,-0.0244140625,1.025390625,0.048828125,0.23193359375,0.2685546875,0.830078125,-0.20751953125,0,-0.048828125,1.28173828125,-0.03662109375,-0.78125,-0.03662109375,-0.1220703125,-0.03662109375,-0.87890625,-0.15869140625,-0.64697265625,0.06103515625,-1.4892578125,-0.048828125,-0.390625,0.244140625,-0.45166015625,-0.0244140625,-1.20849609375,-0.08544921875,-0.62255859375,-0.1220703125,-0.7080078125,-0.57373046875,-0.6103515625,-0.18310546875,-0.0732421875,0.18310546875,-0.37841796875,0.1708984375,-1.15966796875,-0.2197265625,-0.93994140625,-0.09765625,0.57373046875,-0.3662109375,0.3173828125,-0.0244140625,0.03662109375,-0.08544921875,0.01220703125,-0.10986328125,0.13427734375,-0.244140625,-1.708984375,-0.0244140625,0.1220703125,0.06103515625,-1.18408203125,-0.1220703125,-1.611328125
0,-0.01220703125,-0.1220703125,0.03662109375,-0.3662109375,-0.06103515625,-0.45166015625,-0.0244140625,-0.08544921875,-0.25634765625,-0.0732421875,-0.23193359375,-0.91552734375,-0.15869140625,1.06201171875,-0.1708984375,-0.18310546875,-0.146484375,-0.59814453125,0.146484375,-0.1220703125,0.06103515625,0.8544921875,0,-0.62255859375,0.03662109375,0.86669921875,-0.08544921875,0.15869140625,0.08544921875,5.74951171875,0.09765625,1.318359375,-0.08544921875,0.86669921875,0.08544921875,4.0283203125,-0.10986328125,0.64697265625,-0.20751953125,0.5859375,-0.0732421875,-0.25634765625,-0.1220703125,-0.69580078125,0.01220703125,-0.40283203125,0.4150390625,0.62255859375,-0.23193359375,6.5185546875,-0.439453125,1.57470703125,-0.0244140625,0.5859375,-0.54931640625,1.64794921875,-0.4638671875,0.57373046875,0.03662109375,0.4150390625,-0.146484375,0.62255859375,0,-0.20751953125,-0.06103515625,1.74560546875,0.20751953125,4.28466796875,0,1.26953125,0.01220703125,1.26953125,0.146484375,0.146484375,0.1953125,0.8056640625,-0.2685546875,-0.03662109375,-0.01220703125,1.30615234375,0.0244140625,-0.84228515625,-0.10986328125,-0.18310546875,-0.0732421875,-0.91552734375,-0.1953125,-0.6591796875,0.03662109375,-1.4892578125,-0.10986328125,-0.35400390625,0.3662109375,-0.35400390625,-0.03662109375,-1.20849609375,-0.1220703125,-0.634765625,-0.146484375,-0.7080078125,-0.4638671875,-0.59814453125,-0.1220703125,-0.06103515625,0.23193359375,-0.40283203125,0.1220703125,-1.171875,-0.15869140625,-0.96435546875,-0.1220703125,0.5126953125,-0.3662109375,0.3173828125,-0.03662109375,0.03662109375,-0.08544921875,-0.01220703125,-0.13427734375,0.15869140625,-0.23193359375,-1.64794921875,-0.03662109375,0.15869140625,0.06103515625,-1.123046875,-0.1220703125,-1.5625
0,-0.048828125,-0.15869140625,0.01220703125,-0.37841796875,-0.06103515625,-0.45166015625,0,-0.0732421875,-0.23193359375,-0.06103515625,-0.244140625,-0.91552734375,-0.1708984375,1.06201171875,-0.15869140625,-0.1708984375,-0.1953125,-0.59814453125,0.146484375,-0.13427734375,-0.03662109375,0.8544921875,0.03662109375,-0.62255859375,-0.03662109375,1.025390625,-0.09765625,0.30517578125,0.08544921875,6.53076171875,0.13427734375,1.4892578125,-0.10986328125,0.98876953125,-0.01220703125,4.38232421875,-0.146484375,0.732421875,-0.1953125,0.6591796875,-0.1708984375,-0.2197265625,0,-0.69580078125,0.048828125,-0.4150390625,0.390625,0.634765625,-0.244140625,5.9814453125,-0.50048828125,1.45263671875,-0.0732421875,0.45166015625,-0.50048828125,1.5625,-0.4638671875,0.54931640625,0.01220703125,0.40283203125,-0.20751953125,0.634765625,-0.09765625,-0.20751953125,-0.08544921875,2.099609375,0.341796875,5.11474609375,0.0244140625,1.5380859375,0.0244140625,1.513671875,0.1953125,0.09765625,0.10986328125,0.81787109375,-0.30517578125,-0.03662109375,0.0244140625,1.28173828125,0.048828125,-0.9033203125,-0.1708984375,-0.2197265625,-0.10986328125,-0.91552734375,-0.1708984375,-0.69580078125,0.0244140625,-1.46484375,-0.15869140625,-0.3173828125,0.48828125,-0.18310546875,-0.01220703125,-1.1474609375,-0.146484375,-0.6591796875,-0.13427734375,-0.68359375,-0.4150390625,-0.6103515625,-0.0244140625,-0.048828125,0.2685546875,-0.4150390625,0.09765625,-1.15966796875,-0.0732421875,-0.9765625,-0.09765625,0.48828125,-0.390625,0.32958984375,-0.03662109375,0.03662109375,-0.0732421875,0,-0.13427734375,0.1708984375,-0.23193359375,-1.45263671875,-0.01220703125,0.23193359375,0.08544921875,-1.03759765625,-0.146484375,-1.3916015625
0,-0.048828125,-0.20751953125,0.03662109375,-0.37841796875,-0.06103515625,-0.42724609375,0.01220703125,-0.06103515625,-0.23193359375,-0.03662109375,-0.20751953125,-0.91552734375,-0.1953125,1.06201171875,-0.15869140625,-0.146484375,-0.244140625,-0.62255859375,0.146484375,-0.146484375,-0.146484375,0.8544921875,0.0732421875,-0.6103515625,-0.13427734375,1.13525390625,-0.1708984375,0.390625,0.1220703125,7.0556640625,0.09765625,1.611328125,-0.0732421875,1.01318359375,-0.10986328125,4.50439453125,-0.18310546875,0.76904296875,-0.13427734375,0.68359375,-0.244140625,-0.2197265625,0.09765625,-0.69580078125,0.09765625,-0.42724609375,0.29296875,0.59814453125,-0.32958984375,5.50537109375,-0.52490234375,1.318359375,-0.0244140625,0.35400390625,-0.4638671875,1.45263671875,-0.45166015625,0.54931640625,-0.01220703125,0.42724609375,-0.42724609375,0.64697265625,-0.1953125,-0.244140625,-0.10986328125,2.42919921875,0.390625,5.8837890625,0.09765625,1.77001953125,0.03662109375,1.77001953125,0.2197265625,0.048828125,0.048828125,0.8056640625,-0.2685546875,-0.06103515625,0.048828125,1.25732421875,0.0244140625,-0.93994140625,-0.244140625,-0.25634765625,-0.15869140625,-0.927734375,-0.13427734375,-0.72021484375,0.0244140625,-1.3916015625,-0.23193359375,-0.25634765625,0.48828125,0.10986328125,0.01220703125,-1.0498046875,-0.146484375,-0.64697265625,-0.13427734375,-0.68359375,-0.32958984375,-0.59814453125,0.0732421875,-0.06103515625,0.32958984375,-0.4150390625,0.0732421875,-1.15966796875,0.0244140625,-1.01318359375,-0.13427734375,0.48828125,-0.37841796875,0.30517578125,-0.03662109375,0.0244140625,-0.08544921875,0,-0.1220703125,0.15869140625,-0.25634765625,-1.13525390625,-0.01220703125,0.37841796875,0.0732421875,-0.87890625,-0.1708984375,-1.1962890625
0,-0.0244140625,-0.23193359375,0.03662109375,-0.37841796875,-0.08544921875,-0.42724609375,0.01220703125,-0.0732421875,-0.25634765625,0,-0.18310546875,-0.91552734375,-0.1708984375,1.06201171875,-0.146484375,-0.146484375,-0.3173828125,-0.6103515625,0.08544921875,-0.146484375,-0.146484375,0.89111328125,0.09765625,-0.634765625,-0.18310546875,1.171875,-0.20751953125,0.4638671875,0.1708984375,7.28759765625,0,1.64794921875,-0.09765625,0.98876953125,-0.13427734375,4.38232421875,-0.18310546875,0.72021484375,-0.1220703125,0.64697265625,-0.341796875,-0.20751953125,0.1953125,-0.69580078125,0.08544921875,-0.42724609375,0.28076171875,0.59814453125,-0.1953125,5.16357421875,-0.54931640625,1.220703125,-0.06103515625,0.28076171875,-0.42724609375,1.40380859375,-0.390625,0.54931640625,-0.0244140625,0.47607421875,-0.48828125,0.634765625,-0.18310546875,-0.2685546875,-0.10986328125,2.685546875,0.341796875,6.494140625,0.146484375,1.94091796875,0.0244140625,1.9287109375,0.1953125,0.01220703125,-0.01220703125,0.7568359375,-0.18310546875,-0.048828125,0.0732421875,1.2451171875,-0.0244140625,-0.9765625,-0.244140625,-0.25634765625,-0.1708984375,-0.91552734375,-0.048828125,-0.72021484375,0.01220703125,-1.26953125,-0.2685546875,-0.146484375,0.634765625,0.5615234375,0.0732421875,-0.86669921875,-0.146484375,-0.6591796875,-0.146484375,-0.67138671875,-0.2197265625,-0.59814453125,0.146484375,-0.06103515625,0.3173828125,-0.4150390625,0.0244140625,-1.11083984375,0.10986328125,-1.01318359375,-0.0732421875,0.50048828125,-0.37841796875,0.29296875,-0.048828125,0,-0.0732421875,-0.0244140625,-0.13427734375,0.15869140625,-0.244140625,-0.78125,0.01220703125,0.52490234375,0.0732421875,-0.7080078125,-0.2197265625,-0.927734375
0,-0.0244140625,-0.29296875,0.03662109375,-0.390625,-0.09765625,-0.439453125,0.01220703125,-0.0732421875,-0.244140625,-0.0244140625,-0.18310546875,-0.9033203125,-0.18310546875,1.03759765625,-0.15869140625,-0.146484375,-0.341796875,-0.634765625,0.0244140625,-0.146484375,-0.146484375,0.927734375,0.08544921875,-0.62255859375,-0.23193359375,1.123046875,-0.2685546875,0.439453125,0.1953125,7.2509765625,-0.0732421875,1.6357421875,-0.13427734375,0.87890625,-0.1220703125,4.1015625,-0.1708984375,0.67138671875,-0.1220703125,0.5615234375,-0.40283203125,-0.1953125,0.244140625,-0.72021484375,0.0732421875,-0.45166015625,0.35400390625,0.59814453125,-0.146484375,4.96826171875,-0.64697265625,1.18408203125,-0.09765625,0.20751953125,-0.3173828125,1.3671875,-0.341796875,0.52490234375,-0.10986328125,0.52490234375,-0.37841796875,0.634765625,-0.1953125,-0.28076171875,-0.09765625,2.83203125,0.3173828125,6.884765625,0.20751953125,2.0751953125,-0.0244140625,2.0263671875,0.23193359375,0,-0.0732421875,0.76904296875,-0.0732421875,-0.048828125,0.048828125,1.25732421875,0,-0.9521484375,-0.244140625,-0.244140625,-0.1708984375,-0.9033203125,0.048828125,-0.68359375,0.06103515625,-1.08642578125,-0.28076171875,0.0244140625,0.67138671875,1.1474609375,0.10986328125,-0.6103515625,-0.1220703125,-0.6591796875,-0.10986328125,-0.68359375,-0.146484375,-0.5859375,0.2197265625,-0.03662109375,0.35400390625,-0.40283203125,0,-1.03759765625,0.18310546875,-1.025390625,-0.048828125,0.54931640625,-0.390625,0.30517578125,-0.03662109375,-0.0244140625,-0.08544921875,-0.03662109375,-0.13427734375,0.18310546875,-0.23193359375,-0.42724609375,0.08544921875,0.67138671875,0.0732421875,-0.5615234375,-0.2197265625,-0.68359375
0,-0.01220703125,-0.341796875,0.0244140625,-0.390625,-0.13427734375,-0.439453125,0.01220703125,-0.0732421875,-0.2685546875,-0.03662109375,-0.1953125,-0.89111328125,-0.15869140625,1.0498046875,-0.1953125,-0.15869140625,-0.341796875,-0.6103515625,-0.03662109375,-0.146484375,-0.0732421875,0.927734375,0.01220703125,-0.62255859375,-0.25634765625,1.0498046875,-0.30517578125,0.3662109375,0.20751953125,6.9580078125,-0.10986328125,1.5625,-0.23193359375,0.79345703125,-0.08544921875,3.72314453125,-0.146484375,0.57373046875,-0.10986328125,0.45166015625,-0.3662109375,-0.18310546875,0.2197265625,-0.7080078125,0.048828125,-0.42724609375,0.4150390625,0.6103515625,-0.08544921875,4.94384765625,-0.72021484375,1.171875,-0.1220703125,0.1953125,-0.20751953125,1.3671875,-0.29296875,0.54931640625,-0.1953125,0.57373046875,-0.52490234375,0.6103515625,-0.1220703125,-0.3173828125,-0.048828125,2.880859375,0.2197265625,7.01904296875,0.2197265625,2.08740234375,-0.06103515625,2.03857421875,0.1953125,0.0244140625,-0.06103515625,0.78125,0.03662109375,-0.048828125,0.0244140625,1.2451171875,-0.0732421875,-0.927734375,-0.23193359375,-0.15869140625,-0.13427734375,-0.89111328125,0.0732421875,-0.67138671875,0.08544921875,-0.84228515625,-0.25634765625,0.2197265625,0.5859375,1.84326171875,0.10986328125,-0.30517578125,-0.09765625,-0.6591796875,-0.06103515625,-0.67138671875,-0.13427734375,-0.5859375,0.2685546875,-0.0244140625,0.29296875,-0.390625,0,-0.9765625,0.2197265625,-1.01318359375,-0.08544921875,0.5615234375,-0.390625,0.28076171875,-0.03662109375,-0.06103515625,-0.06103515625,-0.03662109375,-0.13427734375,0.1708984375,-0.23193359375,-0.13427734375,0.01220703125,0.79345703125,0.0732421875,-0.439453125,-0.23193359375,-0.47607421875
0,0.0244140625,-0.35400390625,0.048828125,-0.390625,-0.15869140625,-0.42724609375,0.01220703125,-0.06103515625,-0.28076171875,-0.048828125,-0.2197265625,-0.9033203125,-0.146484375,1.03759765625,-0.1953125,-0.146484375,-0.3173828125,-0.59814453125,-0.08544921875,-0.146484375,0.01220703125,0.927734375,-0.03662109375,-0.6103515625,-0.25634765625,0.9033203125,-0.35400390625,0.25634765625,0.20751953125,6.45751953125,-0.13427734375,1.42822265625,-0.341796875,0.634765625,-0.01220703125,3.2470703125,-0.13427734375,0.48828125,-0.13427734375,0.3173828125,-0.341796875,-0.1708984375,0.1953125,-0.7080078125,0.01220703125,-0.42724609375,0.5126953125,0.6103515625,-0.06103515625,5.04150390625,-0.74462890625,1.20849609375,-0.23193359375,0.23193359375,-0.08544921875,1.3916015625,-0.25634765625,0.5126953125,-0.2685546875,0.59814453125,-0.5615234375,0.59814453125,-0.01220703125,-0.3173828125,0.01220703125,2.81982421875,0.13427734375,6.87255859375,0.2197265625,2.0263671875,-0.08544921875,1.9775390625,0.15869140625,0.03662109375,-0.0732421875,0.78125,0.06103515625,-0.0244140625,-0.03662109375,1.25732421875,-0.0244140625,-0.84228515625,-0.15869140625,-0.048828125,-0.08544921875,-0.8544921875,0.09765625,-0.6103515625,0.0732421875,-0.59814453125,-0.18310546875,0.45166015625,0.634765625,2.63671875,0.1220703125,0.0244140625,-0.048828125,-0.67138671875,-0.10986328125,-0.67138671875,-0.06103515625,-0.5859375,0.30517578125,-0.0244140625,0.2197265625,-0.35400390625,0,-0.91552734375,0.23193359375,-1.0009765625,-0.1220703125,0.5615234375,-0.3662109375,0.30517578125,-0.0244140625,-0.06103515625,-0.06103515625,-0.048828125,-0.13427734375,0.15869140625,-0.18310546875,0.0244140625,0.0732421875,0.8544921875,0.08544921875,-0.37841796875,-0.18310546875,-0.3662109375
0,0.0244140625,-0.35400390625,0.048828125,-0.37841796875,-0.146484375,-0.42724609375,0,-0.0732421875,-0.28076171875,-0.06103515625,-0.23193359375,-0.9033203125,-0.1708984375,1.03759765625,-0.1953125,-0.146484375,-0.25634765625,-0.5859375,-0.1220703125,-0.15869140625,0.048828125,0.91552734375,-0.09765625,-0.59814453125,-0.25634765625,0.74462890625,-0.390625,0.08544921875,0.1708984375,5.8349609375,-0.146484375,1.26953125,-0.37841796875,0.48828125,0.0244140625,2.74658203125,-0.08544921875,0.3662109375,-0.15869140625,0.18310546875,-0.32958984375,-0.1953125,0.15869140625,-0.7080078125,-0.06103515625,-0.4150390625,0.54931640625,0.59814453125,0,5.21240234375,-0.7568359375,1.25732421875,-0.28076171875,0.29296875,-0.048828125,1.42822265625,-0.2197265625,0.5615234375,-0.32958984375,0.6103515625,-0.5615234375,0.57373046875,0.0732421875,-0.29296875,0.09765625,2.64892578125,0.08544921875,6.48193359375,0.1708984375,1.89208984375,-0.06103515625,1.806640625,0.0732421875,0.10986328125,-0.08544921875,0.8056640625,0.1220703125,-0.01220703125,-0.13427734375,1.25732421875,-0.10986328125,-0.76904296875,-0.0732421875,0.01220703125,-0.048828125,-0.84228515625,0.06103515625,-0.54931640625,0.0732421875,-0.3173828125,-0.1220703125,0.69580078125,0.5615234375,3.41796875,0.1220703125,0.40283203125,0.01220703125,-0.67138671875,-0.1220703125,-0.6591796875,-0.1220703125,-0.59814453125,0.3173828125,-0.048828125,0.15869140625,-0.35400390625,-0.0244140625,-0.86669921875,0.1708984375,-1.01318359375,-0.2197265625,0.57373046875,-0.40283203125,0.3173828125,-0.01220703125,-0.06103515625,-0.06103515625,-0.048828125,-0.13427734375,0.1953125,-0.28076171875,0.0732421875,0,0.86669921875,0.01220703125,-0.3662109375,-0.244140625,-0.341796875
0,0.0244140625,-0.3173828125,0.08544921875,-0.3662109375,-0.1708984375,-0.4638671875,0.0244140625,-0.0732421875,-0.29296875,-0.08544921875,-0.2685546875,-0.89111328125,-0.146484375,1.0498046875,-0.20751953125,-0.146484375,-0.18310546875,-0.57373046875,-0.1953125,-0.146484375,0.08544921875,0.927734375,-0.18310546875,-0.6103515625,-0.2197265625,0.54931640625,-0.40283203125,-0.06103515625,0.146484375,5.09033203125,-0.13427734375,1.06201171875,-0.45166015625,0.3173828125,0.0732421875,2.25830078125,-0.0732421875,0.25634765625,-0.1708984375,0.03662109375,-0.3173828125,-0.20751953125,0.06103515625,-0.72021484375,-0.08544921875,-0.40283203125,0.57373046875,0.6103515625,0,5.31005859375,-0.69580078125,1.28173828125,-0.30517578125,0.32958984375,-0.048828125,1.45263671875,-0.20751953125,0.57373046875,-0.30517578125,0.6103515625,-0.54931640625,0.5615234375,0.1708984375,-0.2685546875,0.13427734375,2.392578125,0.03662109375,5.908203125,0.146484375,1.69677734375,-0.09765625,1.59912109375,-0.01220703125,0.15869140625,-0.1220703125,0.81787109375,0.10986328125,-0.01220703125,-0.15869140625,1.28173828125,-0.0732421875,-0.6591796875,0.01220703125,0.09765625,0.01220703125,-0.84228515625,-0.01220703125,-0.52490234375,0.0244140625,-0.0732421875,-0.0244140625,0.927734375,0.37841796875,4.21142578125,0.13427734375,0.69580078125,0.09765625,-0.64697265625,-0.146484375,-0.67138671875,-0.18310546875,-0.6103515625,0.30517578125,-0.06103515625,0.13427734375,-0.3662109375,-0.0244140625,-0.8544921875,0.18310546875,-1.0009765625,-0.2685546875,0.54931640625,-0.40283203125,0.30517578125,0,-0.06103515625,-0.06103515625,-0.0244140625,-0.13427734375,0.1708984375,-0.25634765625,0.01220703125,-0.0732421875,0.81787109375,0.01220703125,-0.40283203125,-0.1708984375,-0.40283203125
0,0.048828125,-0.2685546875,0.0732421875,-0.3662109375,-0.146484375,-0.47607421875,0.0244140625,-0.0732421875,-0.29296875,-0.09765625,-0.2685546875,-0.9033203125,-0.1708984375,1.03759765625,-0.18310546875,-0.146484375,-0.09765625,-0.54931640625,-0.20751953125,-0.146484375,0.06103515625,0.89111328125,-0.1953125,-0.59814453125,-0.15869140625,0.37841796875,-0.390625,-0.2685546875,0.10986328125,4.33349609375,-0.146484375,0.8544921875,-0.45166015625,0.20751953125,0.08544921875,1.81884765625,-0.0732421875,0.13427734375,-0.15869140625,-0.08544921875,-0.3173828125,-0.23193359375,0,-0.7080078125,-0.1220703125,-0.390625,0.62255859375,0.59814453125,0.048828125,5.31005859375,-0.67138671875,1.2939453125,-0.341796875,0.37841796875,-0.06103515625,1.45263671875,-0.23193359375,0.57373046875,-0.28076171875,0.59814453125,-0.5615234375,0.5615234375,0.1953125,-0.244140625,0.146484375,2.0751953125,0.01220703125,5.21240234375,0.06103515625,1.45263671875,-0.09765625,1.37939453125,-0.0732421875,0.23193359375,-0.146484375,0.830078125,0.1220703125,-0.01220703125,-0.13427734375,1.28173828125,-0.048828125,-0.62255859375,0.06103515625,0.13427734375,0.0244140625,-0.830078125,-0.09765625,-0.48828125,-0.01220703125,0.146484375,0.0244140625,1.123046875,0.1953125,4.82177734375,0.15869140625,0.93994140625,0.13427734375,-0.6591796875,-0.146484375,-0.68359375,-0.18310546875,-0.6103515625,0.244140625,-0.048828125,0.146484375,-0.42724609375,0.0244140625,-0.87890625,0.1220703125,-1.0009765625,-0.29296875,0.52490234375,-0.390625,0.30517578125,0.01220703125,-0.048828125,-0.08544921875,-0.01220703125,-0.08544921875,0.15869140625,-0.23193359375,-0.1953125,0,0.74462890625,0.048828125,-0.47607421875,-0.09765625,-0.5126953125
0,0.06103515625,-0.20751953125,0.06103515625,-0.3662109375,-0.146484375,-0.4638671875,0.048828125,-0.08544921875,-0.30517578125,-0.1220703125,-0.28076171875,-0.9033203125,-0.18310546875,1.025390625,-0.1708984375,-0.1708984375,-0.0244140625,-0.5615234375,-0.23193359375,-0.13427734375,-0.03662109375,0.87890625,-0.1953125,-0.59814453125,-0.1220703125,0.1953125,-0.32958984375,-0.42724609375,0.048828125,3.5888671875,-0.2197265625,0.6591796875,-0.4150390625,0.048828125,0.0732421875,1.416015625,-0.048828125,0,-0.10986328125,-0.20751953125,-0.341796875,-0.25634765625,-0.09765625,-0.72021484375,-0.03662109375,-0.3662109375,0.54931640625,0.6103515625,0.10986328125,5.126953125,-0.62255859375,1.2451171875,-0.35400390625,0.40283203125,-0.0732421875,1.416015625,-0.2197265625,0.5859375,-0.244140625,0.54931640625,-0.6103515625,0.59814453125,0.23193359375,-0.23193359375,0.15869140625,1.708984375,-0.0244140625,4.47998046875,-0.03662109375,1.20849609375,-0.10986328125,1.13525390625,-0.13427734375,0.2685546875,-0.15869140625,0.84228515625,0.09765625,-0.0244140625,-0.10986328125,1.2939453125,-0.0732421875,-0.5859375,0.13427734375,0.09765625,-0.01220703125,-0.830078125,-0.18310546875,-0.5126953125,-0.06103515625,0.28076171875,0.0244140625,1.2451171875,-0.06103515625,5.2978515625,0.13427734375,1.08642578125,0.10986328125,-0.6591796875,-0.1220703125,-0.68359375,-0.2685546875,-0.59814453125,0.1708984375,-0.08544921875,0.146484375,-0.50048828125,0,-0.927734375,0.01220703125,-1.03759765625,-0.32958984375,0.48828125,-0.42724609375,0.3173828125,0.06103515625,-0.03662109375,-0.06103515625,-0.01220703125,-0.0732421875,0.15869140625,-0.28076171875,-0.40283203125,-0.10986328125,0.68359375,-0.01220703125,-0.537109375,-0.1220703125,-0.634765625
0,0.10986328125,-0.1220703125,0.06103515625,-0.37841796875,-0.13427734375,-0.45166015625,0.0732421875,-0.10986328125,-0.3173828125,-0.08544921875,-0.2685546875,-0.91552734375,-0.1953125,1.0498046875,-0.1708984375,-0.18310546875,0,-0.54931640625,-0.2197265625,-0.13427734375,-0.13427734375,0.86669921875,-0.18310546875,-0.5859375,-0.03662109375,0.048828125,-0.244140625,-0.59814453125,0.01220703125,2.880859375,-0.28076171875,0.47607421875,-0.3662109375,-0.06103515625,0.048828125,1.06201171875,-0.048828125,-0.08544921875,-0.10986328125,-0.3173828125,-0.35400390625,-0.2685546875,-0.10986328125,-0.7080078125,0.03662109375,-0.40283203125,0.634765625,0.59814453125,0,4.736328125,-0.54931640625,1.171875,-0.390625,0.3662109375,-0.10986328125,1.33056640625,-0.25634765625,0.59814453125,-0.20751953125,0.50048828125,-0.537109375,0.6591796875,0.28076171875,-0.23193359375,0.18310546875,1.35498046875,-0.06103515625,3.77197265625,-0.13427734375,0.98876953125,-0.08544921875,0.9033203125,-0.18310546875,0.30517578125,-0.1708984375,0.8056640625,0.0732421875,-0.03662109375,-0.03662109375,1.28173828125,0.0244140625,-0.57373046875,0.1708984375,0.0732421875,-0.09765625,-0.86669921875,-0.23193359375,-0.537109375,-0.0732421875,0.32958984375,0.01220703125,1.30615234375,-0.10986328125,5.52978515625,0.146484375,1.13525390625,0.06103515625,-0.64697265625,-0.08544921875,-0.69580078125,-0.30517578125,-0.6103515625,0.0732421875,-0.08544921875,0.20751953125,-0.57373046875,0,-1.06201171875,-0.01220703125,-1.07421875,-0.30517578125,0.42724609375,-0.439453125,0.3173828125,0.06103515625,-0.0244140625,-0.06103515625,0,-0.0244140625,0.1708984375,-0.25634765625,-0.5859375,-0.1220703125,0.64697265625,0.01220703125,-0.54931640625,-0.06103515625,-0.72021484375
0,0.10986328125,-0.03662109375,0.048828125,-0.390625,-0.1220703125,-0.45166015625,0.09765625,-0.10986328125,-0.3173828125,-0.08544921875,-0.2685546875,-0.927734375,-0.1953125,1.06201171875,-0.1708984375,-0.18310546875,0,-0.54931640625,-0.1953125,-0.13427734375,-0.244140625,0.8544921875,-0.1220703125,-0.6103515625,0.01220703125,-0.10986328125,-0.13427734375,-0.732421875,-0.0244140625,2.2216796875,-0.2685546875,0.3173828125,-0.32958984375,-0.18310546875,0.01220703125,0.7080078125,-0.048828125,-0.1708984375,-0.13427734375,-0.4150390625,-0.37841796875,-0.2685546875,-0.13427734375,-0.68359375,0.0732421875,-0.40283203125,0.48828125,0.62255859375,0,4.150390625,-0.50048828125,1.03759765625,-0.40283203125,0.28076171875,-0.146484375,1.220703125,-0.30517578125,0.59814453125,-0.1953125,0.4638671875,-0.47607421875,0.732421875,0.244140625,-0.2197265625,0.1708984375,1.025390625,-0.08544921875,3.125,-0.1953125,0.7568359375,-0.08544921875,0.69580078125,-0.1708984375,0.32958984375,-0.1953125,0.79345703125,0.01220703125,-0.03662109375,0.03662109375,1.28173828125,0.09765625,-0.57373046875,0.1953125,-0.01220703125,-0.20751953125,-0.87890625,-0.25634765625,-0.62255859375,-0.0732421875,0.341796875,-0.048828125,1.26953125,-0.20751953125,5.5419921875,0.146484375,1.07421875,-0.01220703125,-0.64697265625,-0.03662109375,-0.69580078125,-0.29296875,-0.59814453125,0.0244140625,-0.10986328125,0.2685546875,-0.6591796875,-0.0244140625,-1.20849609375,-0.06103515625,-1.11083984375,-0.30517578125,0.40283203125,-0.4150390625,0.341796875,0.03662109375,-0.01220703125,-0.0732421875,0.01220703125,0,0.15869140625,-0.2685546875,-0.67138671875,-0.06103515625,0.68359375,-0.01220703125,-0.52490234375,-0.0244140625,-0.69580078125
1,0.10986328125,0.0244140625,0.0732421875,-0.390625,-0.08544921875,-0.45166015625,0.1220703125,-0.09765625,-0.3173828125,-0.08544921875,-0.25634765625,-0.9521484375,-0.20751953125,1.0498046875,-0.146484375,-0.18310546875,0,-0.5859375,-0.15869140625,-0.13427734375,-0.35400390625,0.84228515625,-0.10986328125,-0.62255859375,0.0244140625,-0.23193359375,-0.08544921875,-0.86669921875,-0.0244140625,1.66015625,-0.23193359375,0.18310546875,-0.3173828125,-0.30517578125,-0.0244140625,0.37841796875,-0.06103515625,-0.244140625,-0.10986328125,-0.537109375,-0.40283203125,-0.28076171875,-0.13427734375,-0.69580078125,0.10986328125,-0.40283203125,0.37841796875,0.59814453125,-0.01220703125,3.41796875,-0.4638671875,0.8544921875,-0.390625,0.18310546875,-0.20751953125,1.08642578125,-0.29296875,0.59814453125,-0.1708984375,0.4150390625,-0.4638671875,0.84228515625,0.29296875,-0.244140625,0.15869140625,0.72021484375,-0.146484375,2.57568359375,-0.20751953125,0.54931640625,-0.09765625,0.50048828125,-0.15869140625,0.3173828125,-0.23193359375,0.79345703125,0,-0.08544921875,0.10986328125,1.30615234375,0.20751953125,-0.54931640625,0.20751953125,-0.048828125,-0.341796875,-0.89111328125,-0.25634765625,-0.62255859375,-0.048828125,0.23193359375,-0.09765625,1.171875,-0.341796875,5.322265625,0.10986328125,0.9521484375,-0.048828125,-0.6591796875,0.0244140625,-0.69580078125,-0.244140625,-0.6103515625,-0.01220703125,-0.10986328125,0.2685546875,-0.72021484375,-0.03662109375,-1.3671875,-0.06103515625,-1.15966796875,-0.30517578125,0.37841796875,-0.439453125,0.32958984375,0.048828125,-0.03662109375,-0.0732421875,0.03662109375,0.0244140625,0.146484375,-0.30517578125,-0.64697265625,-0.15869140625,0.79345703125,0.01220703125,-0.4150390625,-0.0244140625,-0.5615234375
1,0.1220703125,0.048828125,0.06103515625,-0.390625,-0.0732421875,-0.439453125,0.1220703125,-0.0732421875,-0.32958984375,-0.06103515625,-0.25634765625,-0.927734375,-0.23193359375,1.0498046875,-0.10986328125,-0.1708984375,-0.06103515625,-0.6103515625,-0.146484375,-0.146484375,-0.37841796875,0.8544921875,-0.08544921875,-0.62255859375,0.0244140625,-0.3173828125,-0.06103515625,-0.93994140625,-0.01220703125,1.171875,-0.20751953125,0.0732421875,-0.35400390625,-0.390625,-0.048828125,0.048828125,-0.06103515625,-0.32958984375,-0.08544921875,-0.62255859375,-0.439453125,-0.25634765625,-0.0732421875,-0.68359375,0.13427734375,-0.4150390625,0.341796875,0.64697265625,0.048828125,2.6123046875,-0.40283203125,0.68359375,-0.390625,0.03662109375,-0.23193359375,0.91552734375,-0.28076171875,0.5615234375,-0.146484375,0.390625,-0.48828125,0.9521484375,0.2685546875,-0.2685546875,0.15869140625,0.47607421875,-0.15869140625,2.1484375,-0.1953125,0.4150390625,-0.15869140625,0.390625,-0.146484375,0.3173828125,-0.244140625,0.74462890625,-0.0244140625,-0.0732421875,0.146484375,1.28173828125,0.29296875,-0.35400390625,0.1708984375,-0.048828125,-0.4638671875,-0.89111328125,-0.23193359375,-0.62255859375,-0.06103515625,0.09765625,-0.15869140625,1.07421875,-0.37841796875,4.98046875,0.06103515625,0.7568359375,-0.1220703125,-0.68359375,0.0732421875,-0.69580078125,-0.2197265625,-0.62255859375,0,-0.10986328125,0.244140625,-0.7568359375,-0.048828125,-1.47705078125,-0.0732421875,-1.171875,-0.3173828125,0.4150390625,-0.4150390625,0.3173828125,0.048828125,-0.0244140625,-0.0732421875,-0.01220703125,0.0244140625,0.146484375,-0.28076171875,-0.439453125,-0.1220703125,0.93994140625,0.03662109375,-0.29296875,0.0244140625,-0.3662109375
1,0.1220703125,0.06103515625,0.048828125,-0.3662109375,-0.06103515625,-0.439453125,0.13427734375,-0.0732421875,-0.30517578125,-0.06103515625,-0.23193359375,-0.927734375,-0.25634765625,1.06201171875,-0.08544921875,-0.146484375,-0.15869140625,-0.62255859375,-0.146484375,-0.146484375,-0.37841796875,0.87890625,-0.06103515625,-0.634765625,0.01220703125,-0.3662109375,-0.048828125,-0.98876953125,0,0.81787109375,-0.15869140625,0.0244140625,-0.4150390625,-0.57373046875,-0.0732421875,-0.3173828125,-0.0732421875,-0.42724609375,-0.03662109375,-0.732421875,-0.47607421875,-0.25634765625,-0.09765625,-0.69580078125,0.13427734375,-0.439453125,0.341796875,0.62255859375,0.08544921875,1.8310546875,-0.37841796875,0.5126953125,-0.390625,-0.0732421875,-0.28076171875,0.76904296875,-0.2197265625,0.537109375,-0.1220703125,0.37841796875,-0.62255859375,1.06201171875,0.244140625,-0.29296875,0.13427734375,0.30517578125,-0.18310546875,1.806640625,-0.146484375,0.30517578125,-0.23193359375,0.30517578125,-0.1220703125,0.29296875,-0.20751953125,0.74462890625,0.06103515625,-0.08544921875,0.1953125,1.25732421875,0.3662109375,-0.048828125,0.09765625,0.01220703125,-0.5859375,-0.81787109375,-0.1953125,-0.5615234375,-0.08544921875,-0.06103515625,-0.2197265625,0.927734375,-0.3173828125,4.50439453125,0.01220703125,0.52490234375,-0.13427734375,-0.67138671875,0.0732421875,-0.68359375,-0.13427734375,-0.6103515625,0.048828125,-0.08544921875,0.2685546875,-0.74462890625,-0.01220703125,-1.55029296875,-0.06103515625,-1.171875,-0.30517578125,0.4638671875,-0.40283203125,0.3173828125,0.03662109375,-0.048828125,-0.08544921875,0.01220703125,0.0244140625,0.15869140625,-0.3173828125,-0.15869140625,-0.10986328125,1.13525390625,0.06103515625,-0.10986328125,0,-0.06103515625
1,0.146484375,0.01220703125,0.06103515625,-0.3662109375,-0.03662109375,-0.439453125,0.146484375,-0.0732421875,-0.30517578125,-0.0732421875,-0.2197265625,-0.93994140625,-0.28076171875,1.0498046875,-0.0732421875,-0.146484375,-0.2197265625,-0.62255859375,-0.18310546875,-0.146484375,-0.28076171875,0.9033203125,-0.08544921875,-0.634765625,0.0244140625,-0.42724609375,-0.048828125,-1.03759765625,-0.01220703125,0.52490234375,-0.146484375,-0.0244140625,-0.48828125,-0.7080078125,-0.10986328125,-0.68359375,-0.08544921875,-0.5126953125,-0.03662109375,-0.81787109375,-0.50048828125,-0.25634765625,-0.09765625,-0.7080078125,0.048828125,-0.4638671875,0.341796875,0.634765625,0.1220703125,1.1962890625,-0.390625,0.390625,-0.35400390625,-0.13427734375,-0.3662109375,0.68359375,-0.146484375,0.54931640625,-0.09765625,0.3662109375,-0.6591796875,1.1474609375,0.244140625,-0.29296875,0.10986328125,0.1708984375,-0.2197265625,1.5625,-0.10986328125,0.2197265625,-0.28076171875,0.23193359375,-0.08544921875,0.28076171875,-0.15869140625,0.76904296875,0.10986328125,-0.08544921875,0.244140625,1.25732421875,0.341796875,0.42724609375,0.0244140625,0.18310546875,-0.5615234375,-0.72021484375,-0.1220703125,-0.439453125,-0.0732421875,-0.2197265625,-0.244140625,0.76904296875,-0.20751953125,4.052734375,-0.01220703125,0.35400390625,-0.146484375,-0.6591796875,0.08544921875,-0.68359375,-0.1953125,-0.6103515625,0.0732421875,-0.08544921875,0.3173828125,-0.7080078125,-0.048828125,-1.611328125,-0.0244140625,-1.15966796875,-0.25634765625,0.52490234375,-0.40283203125,0.32958984375,0.0244140625,-0.03662109375,-0.0732421875,0,0.06103515625,0.18310546875,-0.32958984375,0.20751953125,-0.18310546875,1.37939453125,0.048828125,0.09765625,-0.03662109375,0.25634765625
1,0.2197265625,-0.01220703125,0.048828125,-0.390625,-0.0244140625,-0.45166015625,0.15869140625,-0.08544921875,-0.25634765625,-0.0732421875,-0.23193359375,-0.91552734375,-0.2685546875,1.03759765625,-0.048828125,-0.15869140625,-0.2685546875,-0.59814453125,-0.244140625,-0.146484375,-0.1708984375,0.927734375,-0.10986328125,-0.64697265625,0.01220703125,-0.439453125,-0.0732421875,-1.06201171875,-0.048828125,0.3173828125,-0.146484375,-0.048828125,-0.5615234375,-0.79345703125,-0.09765625,-1.0009765625,-0.09765625,-0.5859375,-0.0732421875,-0.927734375,-0.537109375,-0.244140625,-0.09765625,-0.69580078125,-0.09765625,-0.439453125,0.3173828125,0.64697265625,0.146484375,0.79345703125,-0.40283203125,0.3173828125,-0.341796875,-0.18310546875,-0.47607421875,0.64697265625,-0.08544921875,0.54931640625,-0.08544921875,0.35400390625,-0.78125,1.1962890625,0.2685546875,-0.29296875,0.048828125,0.08544921875,-0.25634765625,1.37939453125,-0.0244140625,0.15869140625,-0.341796875,0.1708984375,-0.06103515625,0.28076171875,-0.0732421875,0.76904296875,0.1708984375,-0.0732421875,0.20751953125,1.26953125,0.25634765625,1.0986328125,-0.048828125,0.439453125,-0.50048828125,-0.57373046875,-0.048828125,-0.23193359375,-0.0732421875,-0.35400390625,-0.2685546875,0.64697265625,-0.0732421875,3.61328125,-0.01220703125,0.2197265625,-0.13427734375,-0.67138671875,0.10986328125,-0.67138671875,-0.10986328125,-0.6103515625,0.13427734375,-0.0732421875,0.4150390625,-0.62255859375,-0.08544921875,-1.5380859375,-0.01220703125,-1.0986328125,-0.2197265625,0.6103515625,-0.40283203125,0.32958984375,0,-0.06103515625,-0.08544921875,0,0.0732421875,0.20751953125,-0.32958984375,0.57373046875,-0.1708984375,1.5625,0.06103515625,0.30517578125,-0.0244140625,0.57373046875
1,0.20751953125,-0.03662109375,0.0244140625,-0.390625,-0.0244140625,-0.45166015625,0.15869140625,-0.08544921875,-0.23193359375,-0.06103515625,-0.2197265625,-0.91552734375,-0.25634765625,1.0498046875,-0.0244140625,-0.146484375,-0.28076171875,-0.59814453125,-0.30517578125,-0.146484375,-0.10986328125,0.927734375,-0.146484375,-0.6103515625,0,-0.42724609375,-0.09765625,-1.06201171875,-0.09765625,0.1953125,-0.13427734375,-0.06103515625,-0.59814453125,-0.86669921875,-0.10986328125,-1.2939453125,-0.146484375,-0.6591796875,-0.06103515625,-0.98876953125,-0.50048828125,-0.23193359375,-0.09765625,-0.7080078125,-0.23193359375,-0.439453125,0.4150390625,0.634765625,0.0732421875,0.7080078125,-0.42724609375,0.3173828125,-0.29296875,-0.18310546875,-0.5859375,0.634765625,0,0.52490234375,-0.10986328125,0.35400390625,-0.86669921875,1.1962890625,0.35400390625,-0.2685546875,0.03662109375,0.0244140625,-0.28076171875,1.20849609375,0,0.1220703125,-0.390625,0.13427734375,-0.10986328125,0.28076171875,0,0.76904296875,0.2197265625,-0.048828125,0.18310546875,1.26953125,0.23193359375,1.86767578125,-0.08544921875,0.79345703125,-0.3662109375,-0.35400390625,0.0244140625,0.048828125,-0.03662109375,-0.439453125,-0.25634765625,0.57373046875,0.01220703125,3.33251953125,0.03662109375,0.146484375,-0.08544921875,-0.67138671875,0.10986328125,-0.6591796875,-0.1220703125,-0.57373046875,0.15869140625,-0.048828125,0.439453125,-0.54931640625,-0.1220703125,-1.4892578125,0.03662109375,-1.0498046875,-0.10986328125,0.64697265625,-0.390625,0.3173828125,0,-0.048828125,-0.08544921875,0.03662109375,0.08544921875,0.1953125,-0.32958984375,0.9033203125,-0.1708984375,1.6845703125,0.0732421875,0.4638671875,0.01220703125,0.8056640625
1,0.23193359375,-0.06103515625,0.0244140625,-0.40283203125,-0.0244140625,-0.439453125,0.13427734375,-0.10986328125,-0.20751953125,-0.06103515625,-0.23193359375,-0.91552734375,-0.2685546875,1.03759765625,-0.0244140625,-0.146484375,-0.2685546875,-0.57373046875,-0.341796875,-0.146484375,-0.03662109375,0.927734375,-0.15869140625,-0.6103515625,-0.0244140625,-0.45166015625,-0.15869140625,-1.07421875,-0.146484375,0.15869140625,-0.13427734375,-0.06103515625,-0.5615234375,-0.91552734375,-0.06103515625,-1.513671875,-0.146484375,-0.72021484375,-0.03662109375,-1.06201171875,-0.42724609375,-0.25634765625,-0.08544921875,-0.7080078125,-0.35400390625,-0.4150390625,0.5126953125,0.634765625,0.13427734375,0.927734375,-0.439453125,0.390625,-0.244140625,-0.1220703125,-0.634765625,0.69580078125,0.0244140625,0.52490234375,-0.18310546875,0.3662109375,-0.86669921875,1.171875,0.3662109375,-0.25634765625,0.0244140625,-0.03662109375,-0.341796875,1.08642578125,0.0244140625,0.09765625,-0.40283203125,0.0732421875,-0.1953125,0.29296875,0.0732421875,0.8056640625,0.23193359375,-0.0244140625,0.1220703125,1.26953125,0.28076171875,2.734375,-0.10986328125,1.171875,-0.18310546875,-0.1220703125,0.10986328125,0.3662109375,-0.06103515625,-0.47607421875,-0.23193359375,0.52490234375,0.0244140625,3.1494140625,0.06103515625,0.10986328125,-0.08544921875,-0.67138671875,0.146484375,-0.64697265625,-0.09765625,-0.57373046875,0.20751953125,-0.0732421875,0.50048828125,-0.47607421875,-0.13427734375,-1.40380859375,0.048828125,-1.01318359375,-0.10986328125,0.69580078125,-0.390625,0.32958984375,0.01220703125,-0.048828125,-0.0732421875,0.048828125,0.0732421875,0.1953125,-0.32958984375,1.11083984375,-0.15869140625,1.7578125,0.0732421875,0.52490234375,0.0244140625,0.96435546875
1,0.244140625,-0.0732421875,0.03662109375,-0.390625,-0.01220703125,-0.45166015625,0.09765625,-0.09765625,-0.15869140625,-0.06103515625,-0.25634765625,-0.89111328125,-0.2685546875,1.03759765625,0,-0.146484375,-0.2685546875,-0.5615234375,-0.35400390625,-0.1220703125,0.01220703125,0.91552734375,-0.10986328125,-0.59814453125,-0.048828125,-0.40283203125,-0.20751953125,-1.0498046875,-0.146484375,0.146484375,-0.1220703125,-0.0732421875,-0.4638671875,-0.93994140625,-0.01220703125,-1.64794921875,-0.18310546875,-0.74462890625,-0.0244140625,-1.0986328125,-0.341796875,-0.244140625,-0.08544921875,-0.69580078125,-0.40283203125,-0.390625,0.54931640625,0.62255859375,0.146484375,1.46484375,-0.37841796875,0.52490234375,-0.18310546875,-0.03662109375,-0.68359375,0.79345703125,0.01220703125,0.52490234375,-0.1953125,0.37841796875,-0.89111328125,1.11083984375,0.3662109375,-0.2685546875,0.0244140625,-0.0732421875,-0.341796875,0.927734375,0.0244140625,0.06103515625,-0.37841796875,0.048828125,-0.244140625,0.30517578125,0.1220703125,0.84228515625,0.2197265625,-0.01220703125,0.0732421875,1.28173828125,0.29296875,3.62548828125,-0.13427734375,1.59912109375,0.01220703125,0.1220703125,0.13427734375,0.67138671875,-0.0732421875,-0.48828125,-0.20751953125,0.537109375,-0.0244140625,3.1494140625,0.08544921875,0.146484375,-0.0732421875,-0.67138671875,0.1220703125,-0.67138671875,-0.08544921875,-0.57373046875,0.2685546875,-0.0732421875,0.52490234375,-0.439453125,-0.1708984375,-1.2939453125,0.06103515625,-0.96435546875,-0.09765625,0.68359375,-0.341796875,0.341796875,0,-0.048828125,-0.08544921875,0.06103515625,0.08544921875,0.1953125,-0.32958984375,1.18408203125,-0.18310546875,1.708984375,0.06103515625,0.52490234375,0,0.96435546875
1,0.244140625,-0.0732421875,0.048828125,-0.37841796875,-0.01220703125,-0.439453125,0.09765625,-0.08544921875,-0.10986328125,-0.048828125,-0.28076171875,-0.91552734375,-0.28076171875,1.03759765625,-0.0244140625,-0.13427734375,-0.2197265625,-0.5615234375,-0.35400390625,-0.1220703125,0.01220703125,0.89111328125,-0.06103515625,-0.5615234375,-0.06103515625,-0.37841796875,-0.1953125,-1.06201171875,-0.13427734375,0.1708984375,-0.09765625,-0.0732421875,-0.35400390625,-0.9033203125,-0.03662109375,-1.66015625,-0.1953125,-0.7568359375,0,-1.123046875,-0.20751953125,-0.2685546875,0.01220703125,-0.72021484375,-0.4150390625,-0.37841796875,0.5859375,0.6103515625,0.08544921875,2.2705078125,-0.37841796875,0.69580078125,-0.08544921875,0.0732421875,-0.732421875,0.927734375,0.01220703125,0.537109375,-0.18310546875,0.37841796875,-0.9033203125,1.01318359375,0.341796875,-0.28076171875,0,-0.09765625,-0.25634765625,0.78125,-0.01220703125,0.06103515625,-0.35400390625,0.01220703125,-0.28076171875,0.3173828125,0.146484375,0.8544921875,0.15869140625,-0.01220703125,0.06103515625,1.2939453125,0.3173828125,4.443359375,-0.13427734375,1.9775390625,0.20751953125,0.32958984375,0.146484375,0.96435546875,-0.08544921875,-0.439453125,-0.18310546875,0.57373046875,-0.1220703125,3.21044921875,0.08544921875,0.20751953125,-0.06103515625,-0.67138671875,0.10986328125,-0.64697265625,-0.1708984375,-0.5859375,0.3173828125,-0.0732421875,0.45166015625,-0.4150390625,-0.18310546875,-1.2451171875,0.03662109375,-0.96435546875,-0.18310546875,0.64697265625,-0.341796875,0.3662109375,0.0244140625,-0.03662109375,-0.0732421875,0.0732421875,0.08544921875,0.1708984375,-0.30517578125,1.11083984375,-0.146484375,1.59912109375,0.048828125,0.439453125,-0.01220703125,0.87890625
1,0.25634765625,-0.0244140625,0.09765625,-0.37841796875,-0.01220703125,-0.439453125,0.06103515625,-0.08544921875,-0.08544921875,-0.048828125,-0.28076171875,-0.9033203125,-0.29296875,1.0498046875,-0.01220703125,-0.13427734375,-0.1708984375,-0.5615234375,-0.3173828125,-0.146484375,0.01220703125,0.89111328125,0,-0.5615234375,-0.048828125,-0.341796875,-0.2197265625,-1.025390625,-0.048828125,0.2197265625,-0.10986328125,-0.06103515625,-0.2197265625,-0.87890625,-0.0732421875,-1.57470703125,-0.20751953125,-0.732421875,-0.01220703125,-1.0986328125,-0.18310546875,-0.28076171875,0.09765625,-0.68359375,-0.4638671875,-0.3662109375,0.57373046875,0.59814453125,0.0732421875,3.21044921875,-0.4150390625,0.9033203125,0.01220703125,0.18310546875,-0.69580078125,1.08642578125,-0.0244140625,0.54931640625,-0.146484375,0.4150390625,-0.91552734375,0.89111328125,0.341796875,-0.25634765625,0.01220703125,-0.1220703125,-0.146484375,0.6591796875,-0.03662109375,0.06103515625,-0.25634765625,-0.0244140625,-0.244140625,0.341796875,0.1953125,0.89111328125,0.10986328125,0,0.0732421875,1.28173828125,0.28076171875,5.13916015625,-0.1220703125,2.30712890625,0.32958984375,0.52490234375,0.09765625,1.220703125,-0.06103515625,-0.4150390625,-0.15869140625,0.6103515625,-0.2197265625,3.33251953125,0.08544921875,0.29296875,-0.01220703125,-0.64697265625,0.146484375,-0.634765625,-0.20751953125,-0.5615234375,0.3662109375,-0.0732421875,0.42724609375,-0.4638671875,-0.146484375,-1.220703125,-0.01220703125,-0.98876953125,-0.244140625,0.57373046875,-0.3173828125,0.341796875,0.0244140625,-0.03662109375,-0.0732421875,0.06103515625,0.048828125,0.146484375,-0.28076171875,0.89111328125,-0.146484375,1.416015625,0.03662109375,0.28076171875,-0.048828125,0.68359375
1,0.28076171875,0.01220703125,0.08544921875,-0.341796875,-0.01220703125,-0.42724609375,0.048828125,-0.0732421875,-0.048828125,-0.03662109375,-0.2685546875,-0.91552734375,-0.2685546875,1.0498046875,-0.03662109375,-0.1220703125,-0.15869140625,-0.5615234375,-0.28076171875,-0.1220703125,0.048828125,0.87890625,0.0732421875,-0.57373046875,0,-0.32958984375,-0.244140625,-1.01318359375,-0.01220703125,0.29296875,-0.1220703125,-0.03662109375,-0.1953125,-0.81787109375,-0.10986328125,-1.42822265625,-0.2197265625,-0.69580078125,-0.01220703125,-1.06201171875,-0.23193359375,-0.2685546875,0.18310546875,-0.69580078125,-0.42724609375,-0.3662109375,0.5126953125,0.6103515625,0.15869140625,4.2236328125,-0.439453125,1.0986328125,0.03662109375,0.3173828125,-0.67138671875,1.28173828125,-0.06103515625,0.5615234375,-0.15869140625,0.42724609375,-0.86669921875,0.78125,0.37841796875,-0.2685546875,0.03662109375,-0.146484375,-0.03662109375,0.5615234375,-0.09765625,0.048828125,-0.146484375,-0.0244140625,-0.15869140625,0.32958984375,0.2197265625,0.86669921875,0.0732421875,0.01220703125,0.048828125,1.30615234375,0.146484375,5.6396484375,-0.10986328125,2.5146484375,0.390625,0.67138671875,0.048828125,1.416015625,0,-0.40283203125,-0.1708984375,0.6103515625,-0.2685546875,3.40576171875,0.0244140625,0.29296875,0.01220703125,-0.6591796875,0.146484375,-0.67138671875,-0.23193359375,-0.5859375,0.37841796875,-0.08544921875,0.390625,-0.5615234375,-0.13427734375,-1.26953125,-0.0732421875,-1.0498046875,-0.23193359375,0.45166015625,-0.28076171875,0.3662109375,0.03662109375,-0.03662109375,-0.06103515625,0.048828125,0.048828125,0.15869140625,-0.25634765625,0.67138671875,-0.1220703125,1.2451171875,0.0732421875,0.0732421875,-0.0732421875,0.45166015625
1,0.28076171875,0.06103515625,0.10986328125,-0.341796875,-0.0244140625,-0.42724609375,0.03662109375,-0.0732421875,-0.06103515625,-0.048828125,-0.25634765625,-0.91552734375,-0.244140625,1.0498046875,-0.0732421875,-0.13427734375,-0.146484375,-0.5615234375,-0.2197265625,-0.146484375,0.06103515625,0.89111328125,0.10986328125,-0.57373046875,0.09765625,-0.3662109375,-0.18310546875,-1.01318359375,0.048828125,0.3662109375,-0.244140625,-0.06103515625,-0.1708984375,-0.76904296875,-0.15869140625,-1.220703125,-0.1708984375,-0.62255859375,-0.03662109375,-1.01318359375,-0.20751953125,-0.28076171875,0.2685546875,-0.67138671875,-0.341796875,-0.40283203125,0.4638671875,0.5859375,0.10986328125,5.21240234375,-0.45166015625,1.2939453125,0.09765625,0.42724609375,-0.59814453125,1.45263671875,-0.146484375,0.52490234375,-0.1953125,0.42724609375,-0.7568359375,0.67138671875,0.29296875,-0.25634765625,0.01220703125,-0.15869140625,0.06103515625,0.50048828125,-0.13427734375,0.048828125,-0.0732421875,0,-0.048828125,0.341796875,0.20751953125,0.8544921875,0.01220703125,-0.0244140625,0.048828125,1.318359375,0.10986328125,5.8837890625,-0.06103515625,2.63671875,0.40283203125,0.74462890625,0.0244140625,1.50146484375,0.01220703125,-0.42724609375,-0.146484375,0.5859375,-0.28076171875,3.35693359375,0,0.2685546875,0.048828125,-0.6591796875,0.10986328125,-0.68359375,-0.32958984375,-0.5615234375,0.341796875,-0.0732421875,0.3662109375,-0.68359375,-0.09765625,-1.35498046875,-0.0732421875,-1.123046875,-0.146484375,0.390625,-0.244140625,0.37841796875,0.048828125,-0.0244140625,-0.0732421875,0.0244140625,0.048828125,0.146484375,-0.25634765625,0.390625,-0.0732421875,1.0498046875,0.03662109375,-0.08544921875,-0.13427734375,0.23193359375
1,0.28076171875,0.08544921875,0.10986328125,-0.3662109375,0.01220703125,-0.439453125,0.01220703125,-0.08544921875,-0.06103515625,-0.048828125,-0.23193359375,-0.91552734375,-0.244140625,1.06201171875,-0.08544921875,-0.13427734375,-0.09765625,-0.5859375,-0.146484375,-0.146484375,0.06103515625,0.89111328125,0.146484375,-0.5859375,0.146484375,-0.3662109375,-0.1708984375,-1.025390625,0.1220703125,0.439453125,-0.3173828125,-0.048828125,-0.146484375,-0.69580078125,-0.1953125,-1.01318359375,-0.146484375,-0.5859375,-0.06103515625,-0.9521484375,-0.341796875,-0.2685546875,0.35400390625,-0.69580078125,-0.32958984375,-0.40283203125,0.48828125,0.5859375,-0.01220703125,6.11572265625,-0.439453125,1.47705078125,0.18310546875,0.54931640625,-0.5126953125,1.5869140625,-0.2197265625,0.537109375,-0.20751953125,0.42724609375,-0.81787109375,0.5859375,0.28076171875,-0.2685546875,-0.048828125,-0.1708984375,0.15869140625,0.5126953125,-0.15869140625,0.03662109375,0,0.01220703125,0.06103515625,0.30517578125,0.1708984375,0.84228515625,-0.048828125,-0.0244140625,0.06103515625,1.318359375,0.13427734375,5.92041015625,-0.048828125,2.6123046875,0.3173828125,0.76904296875,0,1.4892578125,0.0732421875,-0.54931640625,-0.09765625,0.52490234375,-0.244140625,3.13720703125,0,0.1708984375,0.06103515625,-0.6591796875,0.048828125,-0.68359375,-0.32958984375,-0.537109375,0.25634765625,-0.06103515625,0.3662109375,-0.81787109375,-0.06103515625,-1.42822265625,-0.048828125,-1.171875,-0.09765625,0.341796875,-0.1953125,0.390625,0.06103515625,-0.0244140625,-0.08544921875,-0.01220703125,0.048828125,0.1708984375,-0.2197265625,0.15869140625,-0.0244140625,0.93994140625,0.0732421875,-0.2197265625,-0.15869140625,0.03662109375
0,0.28076171875,0.10986328125,0.146484375,-0.35400390625,0,-0.439453125,0.01220703125,-0.08544921875,0,-0.048828125,-0.2197265625,-0.91552734375,-0.25634765625,1.08642578125,-0.1220703125,-0.15869140625,-0.0732421875,-0.6103515625,-0.0732421875,-0.1708984375,0.048828125,0.87890625,0.13427734375,-0.62255859375,0.2197265625,-0.390625,-0.15869140625,-1.025390625,0.13427734375,0.48828125,-0.341796875,-0.03662109375,-0.20751953125,-0.68359375,-0.15869140625,-0.81787109375,-0.13427734375,-0.52490234375,-0.08544921875,-0.91552734375,-0.341796875,-0.244140625,0.42724609375,-0.7080078125,-0.32958984375,-0.42724609375,0.4638671875,0.5859375,-0.048828125,6.84814453125,-0.45166015625,1.64794921875,0.25634765625,0.62255859375,-0.48828125,1.7333984375,-0.30517578125,0.537109375,-0.1708984375,0.42724609375,-0.76904296875,0.54931640625,0.29296875,-0.2685546875,-0.10986328125,-0.146484375,0.25634765625,0.5615234375,-0.10986328125,0.03662109375,0.06103515625,0.0244140625,0.13427734375,0.28076171875,0.1220703125,0.830078125,-0.08544921875,-0.048828125,0.06103515625,1.30615234375,0.29296875,5.77392578125,-0.03662109375,2.5146484375,0.25634765625,0.72021484375,-0.01220703125,1.416015625,0.06103515625,-0.68359375,-0.06103515625,0.439453125,-0.08544921875,2.74658203125,-0.0244140625,-0.03662109375,0.048828125,-0.634765625,-0.0244140625,-0.68359375,-0.341796875,-0.54931640625,0.15869140625,-0.0732421875,0.32958984375,-0.89111328125,-0.0244140625,-1.55029296875,0,-1.220703125,-0.08544921875,0.3662109375,-0.1708984375,0.390625,0.0732421875,-0.0244140625,-0.08544921875,-0.01220703125,0.048828125,0.1708984375,-0.20751953125,0.0244140625,-0.048828125,0.86669921875,0.0732421875,-0.2685546875,-0.15869140625,-0.10986328125
0,0.29296875,0.08544921875,0.15869140625,-0.37841796875,-0.0244140625,-0.439453125,0.0244140625,-0.09765625,-0.0244140625,-0.06103515625,-0.20751953125,-0.91552734375,-0.28076171875,1.07421875,-0.09765625,-0.1708984375,-0.06103515625,-0.6103515625,-0.048828125,-0.18310546875,0.01220703125,0.91552734375,0.0732421875,-0.6103515625,0.2685546875,-0.390625,-0.146484375,-1.03759765625,0.18310546875,0.50048828125,-0.3173828125,-0.01220703125,-0.244140625,-0.67138671875,-0.3173828125,-0.7080078125,-0.10986328125,-0.52490234375,-0.09765625,-0.86669921875,-0.35400390625,-0.25634765625,0.47607421875,-0.7080078125,-0.3173828125,-0.439453125,0.390625,0.59814453125,-0.10986328125,7.38525390625,-0.45166015625,1.77001953125,0.37841796875,0.732421875,-0.4150390625,1.8310546875,-0.390625,0.54931640625,-0.15869140625,0.439453125,-0.7568359375,0.537109375,0.2197265625,-0.25634765625,-0.146484375,-0.13427734375,0.3662109375,0.64697265625,-0.06103515625,0.03662109375,0.048828125,0.048828125,0.146484375,0.2685546875,0.0244140625,0.79345703125,-0.1220703125,-0.06103515625,0.048828125,1.28173828125,0.3173828125,5.45654296875,-0.03662109375,2.3681640625,0.18310546875,0.62255859375,-0.01220703125,1.2939453125,0.06103515625,-0.87890625,-0.01220703125,0.25634765625,0.048828125,2.1484375,0.0244140625,-0.29296875,0,-0.634765625,-0.09765625,-0.67138671875,-0.244140625,-0.5615234375,0.08544921875,-0.06103515625,0.29296875,-0.87890625,-0.01220703125,-1.611328125,0.048828125,-1.23291015625,-0.06103515625,0.54931640625,-0.15869140625,0.37841796875,0.08544921875,-0.03662109375,-0.0732421875,-0.03662109375,0.048828125,0.15869140625,-0.1708984375,-0.06103515625,0,0.84228515625,0.09765625,-0.28076171875,-0.1708984375,-0.15869140625
0,0.30517578125,0.048828125,0.15869140625,-0.390625,-0.03662109375,-0.47607421875,0.03662109375,-0.09765625,0,-0.048828125,-0.15869140625,-0.9033203125,-0.3173828125,1.07421875,-0.06103515625,-0.1953125,-0.0244140625,-0.6103515625,-0.0732421875,-0.1708984375,-0.0244140625,0.91552734375,0,-0.6103515625,0.29296875,-0.37841796875,-0.15869140625,-1.025390625,0.23193359375,0.54931640625,-0.28076171875,0.01220703125,-0.28076171875,-0.68359375,-0.37841796875,-0.69580078125,-0.09765625,-0.52490234375,-0.08544921875,-0.84228515625,-0.3662109375,-0.23193359375,0.50048828125,-0.72021484375,-0.32958984375,-0.45166015625,0.3173828125,0.5859375,-0.146484375,7.6904296875,-0.4638671875,1.85546875,0.42724609375,0.8056640625,-0.4150390625,1.86767578125,-0.439453125,0.57373046875,-0.13427734375,0.40283203125,-0.64697265625,0.52490234375,0.146484375,-0.244140625,-0.146484375,-0.1220703125,0.37841796875,0.7568359375,-0.01220703125,0.048828125,0.048828125,0.06103515625,0.146484375,0.23193359375,0,0.78125,-0.09765625,-0.06103515625,0.08544921875,1.28173828125,0.28076171875,5.029296875,-0.01220703125,2.1728515625,0.048828125,0.5126953125,-0.048828125,1.0986328125,0.0244140625,-1.0986328125,0.0244140625,0.048828125,0.1708984375,1.45263671875,0.06103515625,-0.54931640625,-0.03662109375,-0.64697265625,-0.13427734375,-0.69580078125,-0.15869140625,-0.54931640625,0.048828125,-0.048828125,0.32958984375,-0.830078125,0.03662109375,-1.611328125,0.09765625,-1.171875,-0.048828125,0.89111328125,-0.13427734375,0.3662109375,0.09765625,-0.03662109375,-0.08544921875,-0.048828125,0.03662109375,0.1708984375,-0.25634765625,-0.048828125,-0.09765625,0.86669921875,0.06103515625,-0.23193359375,-0.23193359375,-0.13427734375
0,0.341796875,-0.06103515625,0.1220703125,-0.390625,-0.03662109375,-0.4638671875,0.0244140625,-0.10986328125,0.01220703125,-0.048828125,-0.13427734375,-0.89111328125,-0.3173828125,1.07421875,-0.06103515625,-0.20751953125,-0.01220703125,-0.59814453125,-0.09765625,-0.1708984375,-0.048828125,0.9033203125,-0.06103515625,-0.6103515625,0.28076171875,-0.3662109375,-0.13427734375,-1.01318359375,0.146484375,0.54931640625,-0.15869140625,0.01220703125,-0.32958984375,-0.7080078125,-0.4638671875,-0.74462890625,-0.1220703125,-0.54931640625,-0.1220703125,-0.8544921875,-0.29296875,-0.25634765625,0.48828125,-0.732421875,-0.3173828125,-0.4638671875,0.29296875,0.59814453125,-0.13427734375,7.77587890625,-0.50048828125,1.8798828125,0.4638671875,0.84228515625,-0.30517578125,1.904296875,-0.50048828125,0.57373046875,-0.13427734375,0.37841796875,-0.5126953125,0.52490234375,0,-0.244140625,-0.146484375,-0.10986328125,0.47607421875,0.8544921875,0.048828125,0.0732421875,0.01220703125,0.08544921875,0.146484375,0.23193359375,-0.08544921875,0.76904296875,-0.03662109375,-0.06103515625,0.0732421875,1.2451171875,0.29296875,4.55322265625,-0.01220703125,1.98974609375,-0.08544921875,0.37841796875,-0.0732421875,0.93994140625,-0.01220703125,-1.30615234375,0.048828125,-0.15869140625,0.25634765625,0.69580078125,0.146484375,-0.830078125,-0.10986328125,-0.64697265625,-0.146484375,-0.67138671875,-0.0732421875,-0.537109375,0.048828125,-0.03662109375,0.341796875,-0.6591796875,0.06103515625,-1.50146484375,0.1708984375,-1.07421875,-0.20751953125,1.3671875,-0.13427734375,0.341796875,0.1220703125,-0.0244140625,-0.06103515625,-0.03662109375,0.03662109375,0.1708984375,-0.20751953125,0.0244140625,-0.10986328125,0.96435546875,0.10986328125,-0.15869140625,-0.1953125,-0.08544921875
0,0.32958984375,-0.146484375,0.10986328125,-0.37841796875,-0.03662109375,-0.4638671875,0.03662109375,-0.09765625,0.03662109375,-0.0732421875,-0.13427734375,-0.89111328125,-0.29296875,1.06201171875,-0.03662109375,-0.1953125,0,-0.6103515625,-0.13427734375,-0.18310546875,-0.146484375,0.9033203125,-0.09765625,-0.5859375,0.29296875,-0.341796875,-0.09765625,-1.01318359375,0.1220703125,0.5126953125,-0.048828125,0.0244140625,-0.3662109375,-0.76904296875,-0.57373046875,-0.86669921875,-0.1220703125,-0.6103515625,-0.08544921875,-0.87890625,-0.29296875,-0.25634765625,0.47607421875,-0.732421875,-0.25634765625,-0.45166015625,0.244140625,0.62255859375,-0.1953125,7.6416015625,-0.50048828125,1.8798828125,0.50048828125,0.8544921875,-0.25634765625,1.8798828125,-0.54931640625,0.57373046875,-0.10986328125,0.37841796875,-0.42724609375,0.5859375,-0.18310546875,-0.2197265625,-0.13427734375,-0.06103515625,0.439453125,0.93994140625,0.0732421875,0.10986328125,-0.048828125,0.09765625,0.146484375,0.244140625,-0.08544921875,0.78125,0,-0.06103515625,0.048828125,1.25732421875,0.2685546875,4.1259765625,0.0244140625,1.81884765625,-0.1708984375,0.244140625,-0.10986328125,0.78125,-0.06103515625,-1.4892578125,0.0732421875,-0.29296875,0.28076171875,0.01220703125,0.1953125,-1.06201171875,-0.1220703125,-0.6591796875,-0.1220703125,-0.67138671875,0,-0.5615234375,0.048828125,-0.03662109375,0.3662109375,-0.4150390625,0.09765625,-1.28173828125,0.1953125,-0.91552734375,-0.28076171875,2.03857421875,-0.1220703125,0.30517578125,0.146484375,-0.0244140625,-0.0732421875,-0.0244140625,0.048828125,0.1708984375,-0.1953125,0.08544921875,-0.01220703125,1.025390625,0.09765625,-0.08544921875,-0.15869140625,-0.0244140625
0,0.341796875,-0.2685546875,0.10986328125,-0.390625,-0.03662109375,-0.45166015625,-0.01220703125,-0.10986328125,0.0732421875,-0.08544921875,-0.10986328125,-0.9033203125,-0.29296875,1.03759765625,-0.08544921875,-0.20751953125,0,-0.5859375,-0.15869140625,-0.18310546875,-0.20751953125,0.89111328125,-0.09765625,-0.57373046875,0.1953125,-0.32958984375,-0.10986328125,-1.0009765625,0.048828125,0.47607421875,0.0244140625,0.048828125,-0.32958984375,-0.8056640625,-0.634765625,-1.01318359375,-0.13427734375,-0.634765625,-0.06103515625,-0.9033203125,-0.244140625,-0.23193359375,0.47607421875,-0.732421875,-0.15869140625,-0.42724609375,0.29296875,0.634765625,-0.1220703125,7.2998046875,-0.47607421875,1.79443359375,0.47607421875,0.8056640625,-0.15869140625,1.806640625,-0.50048828125,0.5859375,-0.13427734375,0.37841796875,-0.3173828125,0.5859375,-0.3173828125,-0.23193359375,-0.048828125,-0.06103515625,0.390625,0.9521484375,0.1220703125,0.10986328125,-0.06103515625,0.08544921875,0.146484375,0.244140625,-0.08544921875,0.78125,0.048828125,-0.048828125,0.03662109375,1.23291015625,0.244140625,3.759765625,0.03662109375,1.708984375,-0.23193359375,0.13427734375,-0.1220703125,0.69580078125,-0.10986328125,-1.57470703125,0.06103515625,-0.4150390625,0.3662109375,-0.4638671875,0.244140625,-1.20849609375,-0.13427734375,-0.6591796875,-0.08544921875,-0.6591796875,0.08544921875,-0.5615234375,0.09765625,-0.06103515625,0.4150390625,-0.0732421875,0.15869140625,-0.9765625,0.20751953125,-0.7080078125,-0.20751953125,2.8564453125,-0.1220703125,0.29296875,0.146484375,-0.048828125,-0.0732421875,-0.06103515625,0.06103515625,0.1708984375,-0.28076171875,0.1708984375,-0.146484375,1.0986328125,0.048828125,-0.06103515625,-0.18310546875,0.01220703125
0,0.341796875,-0.35400390625,0.09765625,-0.37841796875,-0.0244140625,-0.4638671875,-0.0244140625,-0.1220703125,0.10986328125,-0.0732421875,-0.09765625,-0.9033203125,-0.29296875,1.03759765625,-0.10986328125,-0.1953125,-0.0244140625,-0.5615234375,-0.1708984375,-0.1708984375,-0.30517578125,0.87890625,-0.08544921875,-0.52490234375,0.1220703125,-0.30517578125,-0.10986328125,-1.0009765625,0.0244140625,0.42724609375,0.01220703125,0.048828125,-0.341796875,-0.84228515625,-0.72021484375,-1.15966796875,-0.13427734375,-0.64697265625,0,-0.927734375,-0.18310546875,-0.2197265625,0.45166015625,-0.732421875,-0.08544921875,-0.4150390625,0.23193359375,0.6591796875,-0.10986328125,6.73828125,-0.47607421875,1.67236328125,0.47607421875,0.69580078125,-0.048828125,1.67236328125,-0.48828125,0.59814453125,-0.18310546875,0.37841796875,-0.2197265625,0.5859375,-0.47607421875,-0.23193359375,-0.01220703125,-0.048828125,0.3173828125,0.96435546875,0.09765625,0.13427734375,-0.13427734375,0.09765625,0.0732421875,0.2685546875,-0.09765625,0.8056640625,0.0732421875,-0.0244140625,0,1.2451171875,0.3173828125,3.52783203125,0.0244140625,1.6357421875,-0.2685546875,0.048828125,-0.10986328125,0.59814453125,-0.13427734375,-1.611328125,0.048828125,-0.45166015625,0.3662109375,-0.7080078125,0.25634765625,-1.26953125,-0.13427734375,-0.6591796875,-0.048828125,-0.68359375,0.13427734375,-0.5859375,0.18310546875,-0.0732421875,0.42724609375,0.28076171875,0.1953125,-0.62255859375,0.2197265625,-0.47607421875,-0.29296875,3.79638671875,-0.13427734375,0.28076171875,0.09765625,-0.048828125,-0.0732421875,-0.03662109375,0.048828125,0.18310546875,-0.244140625,0.18310546875,-0.06103515625,1.13525390625,0.06103515625,-0.0732421875,-0.10986328125,0.01220703125
0,0.32958984375,-0.40283203125,0.10986328125,-0.37841796875,-0.048828125,-0.42724609375,-0.048828125,-0.13427734375,0.10986328125,-0.0732421875,-0.08544921875,-0.91552734375,-0.2685546875,1.01318359375,-0.10986328125,-0.18310546875,-0.048828125,-0.54931640625,-0.1708984375,-0.1953125,-0.390625,0.86669921875,-0.0732421875,-0.52490234375,0.06103515625,-0.3173828125,-0.146484375,-1.025390625,-0.01220703125,0.40283203125,-0.01220703125,0.03662109375,-0.32958984375,-0.830078125,-0.732421875,-1.25732421875,-0.13427734375,-0.6591796875,0.03662109375,-0.9521484375,-0.18310546875,-0.23193359375,0.42724609375,-0.72021484375,0,-0.390625,0.1220703125,0.68359375,-0.08544921875,6.005859375,-0.48828125,1.50146484375,0.45166015625,0.5615234375,0,1.52587890625,-0.439453125,0.57373046875,-0.18310546875,0.390625,-0.1708984375,0.5615234375,-0.537109375,-0.25634765625,0,-0.0244140625,0.23193359375,0.927734375,0.03662109375,0.13427734375,-0.1708984375,0.08544921875,0.048828125,0.28076171875,-0.146484375,0.86669921875,0.10986328125,-0.01220703125,-0.03662109375,1.25732421875,0.2685546875,3.40576171875,0,1.62353515625,-0.2685546875,-0.01220703125,-0.048828125,0.5615234375,-0.1708984375,-1.5380859375,-0.01220703125,-0.4150390625,0.48828125,-0.634765625,0.244140625,-1.23291015625,-0.09765625,-0.67138671875,-0.03662109375,-0.6591796875,0.20751953125,-0.6103515625,0.23193359375,-0.0732421875,0.42724609375,0.68359375,0.20751953125,-0.244140625,0.20751953125,-0.25634765625,-0.1708984375,4.78515625,-0.13427734375,0.2685546875,0.1220703125,-0.0244140625,-0.0732421875,-0.048828125,0.06103515625,0.15869140625,-0.25634765625,0.09765625,-0.08544921875,1.13525390625,0.048828125,-0.1220703125,-0.08544921875,-0.0244140625
0,0.32958984375,-0.42724609375,0.1220703125,-0.3662109375,-0.048828125,-0.42724609375,-0.0732421875,-0.13427734375,0.10986328125,-0.06103515625,-0.0732421875,-0.91552734375,-0.25634765625,1.03759765625,-0.09765625,-0.18310546875,-0.10986328125,-0.54931640625,-0.18310546875,-0.2197265625,-0.37841796875,0.8544921875,-0.03662109375,-0.50048828125,-0.06103515625,-0.29296875,-0.1953125,-1.025390625,-0.0732421875,0.37841796875,-0.08544921875,0.0244140625,-0.32958984375,-0.8056640625,-0.7080078125,-1.30615234375,-0.06103515625,-0.6591796875,0.048828125,-0.9521484375,-0.1708984375,-0.2197265625,0.35400390625,-0.7080078125,0,-0.3662109375,0.2197265625,0.7080078125,-0.0244140625,5.16357421875,-0.5126953125,1.26953125,0.37841796875,0.390625,0.03662109375,1.33056640625,-0.42724609375,0.5859375,-0.1220703125,0.4150390625,-0.0732421875,0.537109375,-0.537109375,-0.2685546875,0.06103515625,-0.0244140625,0.1953125,0.8544921875,0.01220703125,0.13427734375,-0.15869140625,0.0732421875,-0.03662109375,0.30517578125,-0.18310546875,0.8544921875,0.08544921875,0,0,1.25732421875,0.15869140625,3.38134765625,-0.01220703125,1.6357421875,-0.244140625,-0.03662109375,-0.0244140625,0.57373046875,-0.1220703125,-1.37939453125,-0.01220703125,-0.29296875,0.62255859375,-0.2685546875,0.2685546875,-1.06201171875,-0.08544921875,-0.67138671875,0.01220703125,-0.6591796875,0.244140625,-0.62255859375,0.3173828125,-0.08544921875,0.390625,1.03759765625,0.1953125,0.1220703125,0.18310546875,-0.0244140625,-0.10986328125,5.74951171875,-0.10986328125,0.28076171875,0.09765625,-0.01220703125,-0.0732421875,-0.06103515625,0.0732421875,0.18310546875,-0.29296875,0.048828125,-0.146484375,1.0986328125,0.03662109375,-0.1953125,-0.10986328125,-0.1220703125
0,0.3173828125,-0.45166015625,0.10986328125,-0.390625,-0.0732421875,-0.42724609375,-0.08544921875,-0.146484375,0.1220703125,-0.06103515625,-0.06103515625,-0.927734375,-0.2685546875,1.03759765625,-0.048828125,-0.1708984375,-0.1220703125,-0.52490234375,-0.1708984375,-0.1953125,-0.3662109375,0.87890625,-0.03662109375,-0.5126953125,-0.1220703125,-0.29296875,-0.20751953125,-1.01318359375,-0.1708984375,0.390625,-0.08544921875,0.03662109375,-0.32958984375,-0.74462890625,-0.69580078125,-1.26953125,-0.03662109375,-0.634765625,0.03662109375,-0.93994140625,-0.146484375,-0.2197265625,0.29296875,-0.69580078125,-0.0244140625,-0.35400390625,0.2197265625,0.7080078125,0.048828125,4.23583984375,-0.537109375,1.0498046875,0.35400390625,0.1953125,0.10986328125,1.18408203125,-0.390625,0.5615234375,-0.06103515625,0.42724609375,-0.048828125,0.48828125,-0.40283203125,-0.25634765625,0.06103515625,-0.03662109375,0.146484375,0.78125,-0.08544921875,0.1220703125,-0.15869140625,0.08544921875,-0.10986328125,0.32958984375,-0.20751953125,0.8544921875,0.08544921875,0,0.048828125,1.25732421875,0.1220703125,3.43017578125,-0.0732421875,1.66015625,-0.1708984375,-0.0244140625,0.01220703125,0.62255859375,-0.06103515625,-1.1474609375,-0.0244140625,-0.0732421875,0.6591796875,0.40283203125,0.23193359375,-0.79345703125,-0.0244140625,-0.67138671875,0.01220703125,-0.6591796875,0.1708984375,-0.62255859375,0.37841796875,-0.08544921875,0.32958984375,1.318359375,0.1708984375,0.45166015625,0.146484375,0.18310546875,-0.1220703125,6.640625,-0.146484375,0.29296875,0.0732421875,-0.01220703125,-0.0732421875,-0.0732421875,0.048828125,0.18310546875,-0.35400390625,-0.048828125,-0.18310546875,1.07421875,-0.0244140625,-0.2685546875,-0.146484375,-0.1953125
0,0.28076171875,-0.4150390625,0.1220703125,-0.390625,-0.06103515625,-0.439453125,-0.08544921875,-0.13427734375,0.13427734375,-0.06103515625,-0.048828125,-0.927734375,-0.25634765625,1.0498046875,-0.01220703125,-0.18310546875,-0.1708984375,-0.537109375,-0.146484375,-0.18310546875,-0.341796875,0.86669921875,-0.06103515625,-0.52490234375,-0.146484375,-0.29296875,-0.1953125,-1.0009765625,-0.2197265625,0.42724609375,-0.10986328125,0.048828125,-0.3173828125,-0.69580078125,-0.62255859375,-1.18408203125,0.01220703125,-0.5859375,0,-0.89111328125,-0.08544921875,-0.23193359375,0.25634765625,-0.69580078125,-0.048828125,-0.3662109375,0.18310546875,0.69580078125,0.13427734375,3.2958984375,-0.48828125,0.8056640625,0.28076171875,-0.01220703125,0.15869140625,0.9765625,-0.35400390625,0.5615234375,0,0.439453125,0.0732421875,0.45166015625,-0.146484375,-0.28076171875,0.1220703125,-0.01220703125,0.0244140625,0.74462890625,-0.2197265625,0.13427734375,-0.1708984375,0.0732421875,-0.1708984375,0.32958984375,-0.2197265625,0.87890625,0.09765625,0,0.09765625,1.28173828125,0.08544921875,3.4912109375,-0.13427734375,1.6845703125,-0.0732421875,0,-0.01220703125,0.62255859375,-0.01220703125,-0.8544921875,-0.0732421875,0.1708984375,0.59814453125,1.26953125,0.15869140625,-0.47607421875,0.048828125,-0.6591796875,-0.0244140625,-0.67138671875,0.10986328125,-0.634765625,0.42724609375,-0.0732421875,0.28076171875,1.5380859375,0.146484375,0.68359375,0.06103515625,0.35400390625,-0.1953125,7.3974609375,-0.15869140625,0.30517578125,0.06103515625,-0.01220703125,-0.0732421875,-0.0732421875,0.06103515625,0.18310546875,-0.30517578125,-0.09765625,-0.18310546875,1.03759765625,0.0244140625,-0.30517578125,-0.0732421875,-0.25634765625
0,0.30517578125,-0.3662109375,0.10986328125,-0.40283203125,-0.0732421875,-0.42724609375,-0.08544921875,-0.13427734375,0.146484375,-0.048828125,-0.048828125,-0.927734375,-0.23193359375,1.03759765625,0,-0.15869140625,-0.15869140625,-0.537109375,-0.13427734375,-0.1708984375,-0.2685546875,0.86669921875,-0.09765625,-0.5615234375,-0.15869140625,-0.3173828125,-0.18310546875,-0.9521484375,-0.30517578125,0.50048828125,-0.08544921875,0.06103515625,-0.2685546875,-0.634765625,-0.537109375,-1.0498046875,0.06103515625,-0.5615234375,-0.01220703125,-0.8544921875,-0.09765625,-0.244140625,0.2197265625,-0.69580078125,-0.10986328125,-0.390625,0.15869140625,0.6591796875,0.146484375,2.40478515625,-0.47607421875,0.5859375,0.2197265625,-0.18310546875,0.18310546875,0.79345703125,-0.341796875,0.5615234375,0.03662109375,0.439453125,0.15869140625,0.40283203125,0.03662109375,-0.29296875,0.1708984375,-0.01220703125,-0.0244140625,0.7080078125,-0.25634765625,0.146484375,-0.10986328125,0.08544921875,-0.18310546875,0.30517578125,-0.2197265625,0.8056640625,0.0732421875,-0.0244140625,0.146484375,1.25732421875,0.08544921875,3.4912109375,-0.1708984375,1.66015625,0,0,-0.03662109375,0.62255859375,0.01220703125,-0.537109375,-0.06103515625,0.45166015625,0.5859375,2.294921875,0.08544921875,-0.08544921875,0.08544921875,-0.68359375,-0.01220703125,-0.64697265625,0.06103515625,-0.634765625,0.4638671875,-0.08544921875,0.28076171875,1.67236328125,0.13427734375,0.8056640625,0.0244140625,0.45166015625,-0.30517578125,7.9345703125,-0.1708984375,0.3173828125,0.048828125,-0.01220703125,-0.08544921875,-0.0732421875,0.06103515625,0.18310546875,-0.341796875,-0.1220703125,-0.0732421875,1.03759765625,0,-0.30517578125,-0.1220703125,-0.23193359375
0,0.28076171875,-0.341796875,0.09765625,-0.40283203125,-0.06103515625,-0.439453125,-0.09765625,-0.10986328125,0.15869140625,-0.048828125,-0.048828125,-0.927734375,-0.20751953125,1.07421875,-0.01220703125,-0.15869140625,-0.146484375,-0.5615234375,-0.10986328125,-0.15869140625,-0.30517578125,0.87890625,-0.10986328125,-0.59814453125,-0.146484375,-0.30517578125,-0.09765625,-0.927734375,-0.35400390625,0.57373046875,-0.048828125,0.08544921875,-0.28076171875,-0.5859375,-0.42724609375,-0.9033203125,0.06103515625,-0.537109375,-0.06103515625,-0.8056640625,-0.1220703125,-0.25634765625,0.244140625,-0.69580078125,-0.15869140625,-0.4150390625,0.146484375,0.634765625,0.10986328125,1.6357421875,-0.4150390625,0.42724609375,0.244140625,-0.30517578125,0.20751953125,0.64697265625,-0.37841796875,0.537109375,0.1220703125,0.42724609375,0.28076171875,0.37841796875,0.146484375,-0.30517578125,0.146484375,0.0244140625,-0.08544921875,0.72021484375,-0.32958984375,0.18310546875,-0.1708984375,0.10986328125,-0.146484375,0.30517578125,-0.29296875,0.8056640625,0.048828125,-0.03662109375,0.20751953125,1.2451171875,0.13427734375,3.38134765625,-0.2197265625,1.57470703125,0.06103515625,0.01220703125,-0.10986328125,0.5615234375,0.03662109375,-0.2197265625,-0.06103515625,0.76904296875,0.62255859375,3.28369140625,0.09765625,0.29296875,0.13427734375,-0.69580078125,0.01220703125,-0.67138671875,-0.06103515625,-0.62255859375,0.45166015625,-0.0732421875,0.20751953125,1.6845703125,0.08544921875,0.81787109375,0,0.48828125,-0.29296875,8.16650390625,-0.1708984375,0.32958984375,0.01220703125,-0.0244140625,-0.0732421875,-0.03662109375,0.0732421875,0.1708984375,-0.32958984375,-0.09765625,0.01220703125,1.07421875,0.0244140625,-0.244140625,-0.08544921875,-0.18310546875
1,0.30517578125,-0.30517578125,0.10986328125,-0.4150390625,-0.08544921875,-0.4638671875,-0.09765625,-0.10986328125,0.146484375,-0.0732421875,-0.08544921875,-0.91552734375,-0.1953125,1.06201171875,-0.0244140625,-0.18310546875,-0.08544921875,-0.57373046875,-0.1220703125,-0.146484375,-0.30517578125,0.89111328125,-0.09765625,-0.6103515625,-0.13427734375,-0.3173828125,-0.03662109375,-0.89111328125,-0.341796875,0.64697265625,-0.048828125,0.1220703125,-0.28076171875,-0.537109375,-0.3173828125,-0.78125,0.0732421875,-0.5126953125,-0.03662109375,-0.732421875,-0.1708984375,-0.2685546875,0.28076171875,-0.7080078125,-0.18310546875,-0.42724609375,0.23193359375,0.62255859375,0.06103515625,1.0498046875,-0.3662109375,0.3173828125,0.2197265625,-0.37841796875,0.1220703125,0.54931640625,-0.45166015625,0.54931640625,0.18310546875,0.40283203125,0.390625,0.40283203125,0.18310546875,-0.28076171875,0.1708984375,0.03662109375,-0.10986328125,0.79345703125,-0.28076171875,0.1953125,-0.15869140625,0.13427734375,-0.15869140625,0.30517578125,-0.3173828125,0.76904296875,0.03662109375,-0.03662109375,0.25634765625,1.23291015625,0.23193359375,3.125,-0.2197265625,1.416015625,0.09765625,-0.048828125,-0.10986328125,0.47607421875,0.0732421875,0.06103515625,-0.03662109375,1.06201171875,0.45166015625,4.248046875,0.10986328125,0.67138671875,0.146484375,-0.68359375,0.01220703125,-0.68359375,-0.09765625,-0.634765625,0.4150390625,-0.0732421875,0.20751953125,1.62353515625,0.048828125,0.76904296875,0.01220703125,0.4638671875,-0.23193359375,8.14208984375,-0.1953125,0.32958984375,0.0244140625,-0.0244140625,-0.06103515625,-0.0244140625,0.0732421875,0.1708984375,-0.35400390625,-0.0244140625,-0.0732421875,1.11083984375,0.0244140625,-0.13427734375,-0.09765625,-0.03662109375
1,0.29296875,-0.28076171875,0.0732421875,-0.40283203125,-0.10986328125,-0.48828125,-0.09765625,-0.10986328125,0.146484375,-0.0732421875,-0.08544921875,-0.91552734375,-0.2197265625,1.08642578125,-0.01220703125,-0.1953125,-0.01220703125,-0.6103515625,-0.146484375,-0.15869140625,-0.341796875,0.9033203125,-0.09765625,-0.62255859375,-0.09765625,-0.28076171875,-0.0244140625,-0.87890625,-0.3662109375,0.732421875,-0.048828125,0.15869140625,-0.20751953125,-0.5126953125,-0.25634765625,-0.72021484375,0.01220703125,-0.47607421875,-0.03662109375,-0.69580078125,-0.25634765625,-0.2685546875,0.30517578125,-0.72021484375,-0.23193359375,-0.439453125,0.29296875,0.6103515625,0.01220703125,0.64697265625,-0.29296875,0.2685546875,0.20751953125,-0.37841796875,0.10986328125,0.5126953125,-0.5126953125,0.54931640625,0.2197265625,0.40283203125,0.4150390625,0.4150390625,0.18310546875,-0.2685546875,0.13427734375,0.10986328125,-0.08544921875,0.89111328125,-0.1708984375,0.23193359375,-0.146484375,0.20751953125,-0.10986328125,0.29296875,-0.32958984375,0.732421875,0.01220703125,-0.03662109375,0.29296875,1.220703125,0.25634765625,2.7099609375,-0.2197265625,1.20849609375,0.09765625,-0.15869140625,-0.09765625,0.341796875,0.10986328125,0.28076171875,-0.0244140625,1.2939453125,0.244140625,5.0537109375,0.08544921875,1.0009765625,0.13427734375,-0.68359375,0.048828125,-0.6591796875,-0.10986328125,-0.62255859375,0.3173828125,-0.06103515625,0.25634765625,1.4892578125,0,0.6103515625,0.03662109375,0.3662109375,-0.3662109375,7.8369140625,-0.1953125,0.341796875,0.03662109375,-0.03662109375,-0.06103515625,-0.01220703125,0.08544921875,0.1708984375,-0.37841796875,0.1220703125,-0.0244140625,1.20849609375,0,-0.01220703125,-0.10986328125,0.15869140625
1,0.30517578125,-0.28076171875,0.0732421875,-0.4150390625,-0.1220703125,-0.48828125,-0.10986328125,-0.1220703125,0.15869140625,-0.08544921875,-0.10986328125,-0.91552734375,-0.23193359375,1.07421875,0,-0.20751953125,0.06103515625,-0.62255859375,-0.1708984375,-0.146484375,-0.390625,0.9033203125,-0.09765625,-0.6103515625,-0.06103515625,-0.2685546875,0.0244140625,-0.84228515625,-0.3173828125,0.78125,-0.10986328125,0.1953125,-0.23193359375,-0.5126953125,-0.1220703125,-0.69580078125,-0.01220703125,-0.48828125,0,-0.6591796875,-0.3662109375,-0.2685546875,0.35400390625,-0.72021484375,-0.2685546875,-0.439453125,0.28076171875,0.62255859375,-0.048828125,0.47607421875,-0.23193359375,0.25634765625,0.1953125,-0.3662109375,0.08544921875,0.52490234375,-0.537109375,0.54931640625,0.23193359375,0.37841796875,0.5615234375,0.4638671875,0.2197265625,-0.244140625,0.13427734375,0.18310546875,-0.146484375,0.9765625,-0.1708984375,0.244140625,-0.244140625,0.244140625,-0.03662109375,0.2685546875,-0.30517578125,0.72021484375,0.048828125,-0.048828125,0.30517578125,1.23291015625,0.28076171875,2.11181640625,-0.1708984375,0.927734375,0.0244140625,-0.28076171875,-0.09765625,0.146484375,0.09765625,0.47607421875,-0.03662109375,1.46484375,0.048828125,5.67626953125,0.09765625,1.25732421875,0.09765625,-0.67138671875,0.0244140625,-0.67138671875,-0.08544921875,-0.5859375,0.1708984375,-0.06103515625,0.2685546875,1.2939453125,-0.06103515625,0.4150390625,0.08544921875,0.244140625,-0.4638671875,7.32421875,-0.2197265625,0.32958984375,0.03662109375,-0.048828125,-0.0732421875,0.01220703125,0.08544921875,0.15869140625,-0.3173828125,0.29296875,0.03662109375,1.2939453125,0.0244140625,0.10986328125,-0.048828125,0.30517578125
1,0.3173828125,-0.29296875,0.08544921875,-0.42724609375,-0.1220703125,-0.50048828125,-0.09765625,-0.13427734375,0.1953125,-0.10986328125,-0.09765625,-0.91552734375,-0.1953125,1.08642578125,-0.01220703125,-0.2197265625,0.13427734375,-0.59814453125,-0.1953125,-0.13427734375,-0.4150390625,0.89111328125,-0.0732421875,-0.6103515625,0.048828125,-0.244140625,0.048828125,-0.830078125,-0.2197265625,0.8056640625,-0.1708984375,0.2197265625,-0.23193359375,-0.5126953125,-0.03662109375,-0.74462890625,-0.048828125,-0.4638671875,0,-0.67138671875,-0.40283203125,-0.244140625,0.390625,-0.732421875,-0.30517578125,-0.4150390625,0.15869140625,0.64697265625,-0.10986328125,0.47607421875,-0.1953125,0.30517578125,0.1953125,-0.3173828125,0.06103515625,0.54931640625,-0.54931640625,0.54931640625,0.23193359375,0.37841796875,0.69580078125,0.50048828125,0.1953125,-0.2197265625,0.09765625,0.25634765625,-0.15869140625,1.08642578125,-0.08544921875,0.28076171875,-0.29296875,0.3173828125,-0.0244140625,0.28076171875,-0.25634765625,0.732421875,0.10986328125,-0.048828125,0.2685546875,1.23291015625,0.40283203125,1.3916015625,-0.10986328125,0.634765625,-0.0732421875,-0.47607421875,-0.048828125,-0.08544921875,0.0732421875,0.5615234375,-0.048828125,1.5869140625,-0.15869140625,6.01806640625,0.09765625,1.37939453125,0.03662109375,-0.6591796875,0.0244140625,-0.6591796875,0.01220703125,-0.59814453125,0.048828125,-0.048828125,0.25634765625,1.08642578125,-0.1220703125,0.2197265625,0.10986328125,0.09765625,-0.50048828125,6.65283203125,-0.2197265625,0.32958984375,0.06103515625,-0.048828125,-0.08544921875,0.01220703125,0.08544921875,0.146484375,-0.30517578125,0.40283203125,0.048828125,1.3671875,0,0.1953125,-0.03662109375,0.4150390625
1,0.2685546875,-0.3173828125,0.09765625,-0.4150390625,-0.08544921875,-0.48828125,-0.08544921875,-0.10986328125,0.20751953125,-0.08544921875,-0.10986328125,-0.9033203125,-0.18310546875,1.06201171875,-0.01220703125,-0.1953125,0.1708984375,-0.59814453125,-0.23193359375,-0.15869140625,-0.5126953125,0.89111328125,-0.0732421875,-0.57373046875,0.13427734375,-0.2197265625,0.06103515625,-0.830078125,-0.20751953125,0.8056640625,-0.1953125,0.23193359375,-0.2197265625,-0.537109375,-0.0244140625,-0.84228515625,-0.1220703125,-0.48828125,0.0732421875,-0.68359375,-0.4150390625,-0.244140625,0.37841796875,-0.732421875,-0.3173828125,-0.40283203125,0.1220703125,0.6591796875,-0.18310546875,0.634765625,-0.1708984375,0.3662109375,0.18310546875,-0.25634765625,0.0244140625,0.59814453125,-0.5615234375,0.5615234375,0.2197265625,0.3662109375,0.8056640625,0.5126953125,0.20751953125,-0.23193359375,0.03662109375,0.35400390625,-0.20751953125,1.13525390625,-0.01220703125,0.29296875,-0.35400390625,0.35400390625,-0.0244140625,0.2685546875,-0.146484375,0.732421875,0.1708984375,-0.03662109375,0.20751953125,1.2451171875,0.4638671875,0.6103515625,-0.048828125,0.32958984375,-0.1708984375,-0.6591796875,-0.048828125,-0.341796875,0.01220703125,0.57373046875,-0.0244140625,1.57470703125,-0.28076171875,6.15234375,0.09765625,1.4404296875,-0.01220703125,-0.67138671875,0.0244140625,-0.64697265625,0.03662109375,-0.6103515625,-0.0732421875,-0.06103515625,0.20751953125,0.86669921875,-0.13427734375,0.0244140625,0.13427734375,-0.03662109375,-0.52490234375,5.9326171875,-0.1953125,0.35400390625,0.0732421875,-0.06103515625,-0.0732421875,-0.01220703125,0.08544921875,0.15869140625,-0.29296875,0.48828125,0.01220703125,1.40380859375,-0.0244140625,0.2197265625,-0.048828125,0.47607421875
1,0.2685546875,-0.3173828125,0.13427734375,-0.390625,-0.06103515625,-0.47607421875,-0.08544921875,-0.10986328125,0.20751953125,-0.09765625,-0.08544921875,-0.91552734375,-0.15869140625,1.06201171875,-0.048828125,-0.18310546875,0.2197265625,-0.59814453125,-0.25634765625,-0.13427734375,-0.537109375,0.87890625,-0.0732421875,-0.537109375,0.2197265625,-0.1953125,0.03662109375,-0.84228515625,-0.10986328125,0.732421875,-0.1953125,0.244140625,-0.244140625,-0.59814453125,-0.048828125,-0.96435546875,-0.1708984375,-0.54931640625,0.13427734375,-0.732421875,-0.3173828125,-0.25634765625,0.341796875,-0.72021484375,-0.3173828125,-0.390625,0.10986328125,0.68359375,-0.18310546875,0.830078125,-0.15869140625,0.40283203125,0.244140625,-0.18310546875,0,0.67138671875,-0.52490234375,0.5615234375,0.18310546875,0.390625,0.8544921875,0.5126953125,0.146484375,-0.23193359375,0.0244140625,0.390625,-0.244140625,1.15966796875,0.03662109375,0.32958984375,-0.37841796875,0.37841796875,-0.10986328125,0.25634765625,-0.09765625,0.76904296875,0.2197265625,-0.0244140625,0.08544921875,1.25732421875,0.50048828125,-0.09765625,0,0.06103515625,-0.25634765625,-0.84228515625,-0.048828125,-0.54931640625,-0.08544921875,0.50048828125,-0.03662109375,1.513671875,-0.35400390625,6.04248046875,0.0732421875,1.3916015625,-0.0732421875,-0.69580078125,-0.03662109375,-0.634765625,0.1220703125,-0.62255859375,-0.09765625,-0.06103515625,0.18310546875,0.69580078125,-0.13427734375,-0.146484375,0.15869140625,-0.1708984375,-0.5126953125,5.2734375,-0.20751953125,0.3173828125,0.0732421875,-0.048828125,-0.08544921875,-0.0244140625,0.09765625,0.15869140625,-0.25634765625,0.52490234375,0.08544921875,1.40380859375,0,0.18310546875,-0.0244140625,0.45166015625
1,0.244140625,-0.3173828125,0.15869140625,-0.390625,-0.0244140625,-0.48828125,-0.09765625,-0.09765625,0.20751953125,-0.09765625,-0.03662109375,-0.89111328125,-0.18310546875,1.0498046875,-0.048828125,-0.1708984375,0.2197265625,-0.57373046875,-0.2685546875,-0.13427734375,-0.537109375,0.86669921875,-0.08544921875,-0.52490234375,0.2685546875,-0.18310546875,0,-0.86669921875,-0.0732421875,0.7080078125,-0.18310546875,0.2197265625,-0.28076171875,-0.634765625,-0.08544921875,-1.11083984375,-0.1953125,-0.57373046875,0.146484375,-0.7568359375,-0.2685546875,-0.244140625,0.244140625,-0.7080078125,-0.30517578125,-0.3662109375,0.048828125,0.69580078125,-0.13427734375,1.06201171875,-0.13427734375,0.45166015625,0.29296875,-0.146484375,-0.03662109375,0.7080078125,-0.47607421875,0.5615234375,0.1220703125,0.4150390625,0.84228515625,0.4638671875,0.10986328125,-0.25634765625,0.03662109375,0.45166015625,-0.28076171875,1.13525390625,0.06103515625,0.35400390625,-0.37841796875,0.37841796875,-0.1708984375,0.244140625,-0.0244140625,0.830078125,0.20751953125,0.01220703125,0,1.26953125,0.537109375,-0.69580078125,0.06103515625,-0.1708984375,-0.30517578125,-1.03759765625,-0.0732421875,-0.74462890625,-0.13427734375,0.341796875,-0.01220703125,1.40380859375,-0.341796875,5.6884765625,0.0244140625,1.2451171875,-0.1220703125,-0.7080078125,-0.048828125,-0.634765625,0.146484375,-0.634765625,-0.0732421875,-0.06103515625,0.1953125,0.5615234375,-0.146484375,-0.25634765625,0.146484375,-0.28076171875,-0.4150390625,4.7607421875,-0.15869140625,0.30517578125,0.0732421875,-0.03662109375,-0.0732421875,-0.048828125,0.09765625,0.15869140625,-0.244140625,0.48828125,0.10986328125,1.416015625,0.01220703125,0.10986328125,-0.06103515625,0.390625
1,0.23193359375,-0.29296875,0.18310546875,-0.390625,0,-0.48828125,-0.09765625,-0.09765625,0.23193359375,-0.0732421875,-0.01220703125,-0.9033203125,-0.15869140625,1.07421875,-0.06103515625,-0.15869140625,0.1953125,-0.5615234375,-0.29296875,-0.15869140625,-0.52490234375,0.86669921875,-0.10986328125,-0.537109375,0.3173828125,-0.1953125,-0.06103515625,-0.91552734375,-0.048828125,0.59814453125,-0.15869140625,0.20751953125,-0.30517578125,-0.634765625,-0.146484375,-1.20849609375,-0.20751953125,-0.6103515625,0.13427734375,-0.8056640625,-0.2197265625,-0.25634765625,0.1220703125,-0.7080078125,-0.3173828125,-0.341796875,0.0244140625,0.69580078125,-0.048828125,1.220703125,-0.10986328125,0.47607421875,0.390625,-0.146484375,-0.0732421875,0.732421875,-0.40283203125,0.57373046875,0.09765625,0.4150390625,0.79345703125,0.439453125,0.13427734375,-0.244140625,0.03662109375,0.439453125,-0.23193359375,1.08642578125,0.03662109375,0.32958984375,-0.3173828125,0.341796875,-0.23193359375,0.2197265625,0,0.81787109375,0.20751953125,0,-0.0732421875,1.30615234375,0.48828125,-1.08642578125,0.09765625,-0.29296875,-0.29296875,-1.13525390625,-0.06103515625,-0.87890625,-0.1953125,0.13427734375,0,1.15966796875,-0.28076171875,5.1513671875,-0.01220703125,0.98876953125,-0.15869140625,-0.7080078125,-0.048828125,-0.64697265625,0.1953125,-0.6591796875,-0.0244140625,-0.048828125,0.20751953125,0.48828125,-0.13427734375,-0.3173828125,0.1220703125,-0.32958984375,-0.3173828125,4.50439453125,-0.13427734375,0.3173828125,0.08544921875,-0.03662109375,-0.0732421875,-0.06103515625,0.09765625,0.146484375,-0.20751953125,0.4150390625,0.1953125,1.50146484375,0.06103515625,0.03662109375,-0.03662109375,0.32958984375
1,0.244140625,-0.23193359375,0.15869140625,-0.390625,0.0244140625,-0.4638671875,-0.09765625,-0.09765625,0.30517578125,-0.06103515625,0,-0.9033203125,-0.18310546875,1.07421875,-0.0732421875,-0.15869140625,0.15869140625,-0.54931640625,-0.30517578125,-0.146484375,-0.439453125,0.86669921875,-0.146484375,-0.537109375,0.341796875,-0.244140625,-0.13427734375,-0.93994140625,-0.0244140625,0.5126953125,-0.1220703125,0.15869140625,-0.37841796875,-0.64697265625,-0.244140625,-1.26953125,-0.1708984375,-0.634765625,0.09765625,-0.81787109375,-0.1953125,-0.2685546875,0.01220703125,-0.7080078125,-0.3173828125,-0.32958984375,0.0244140625,0.7080078125,0,1.28173828125,-0.146484375,0.4638671875,0.4150390625,-0.146484375,-0.1220703125,0.7568359375,-0.3662109375,0.57373046875,0.13427734375,0.40283203125,0.8056640625,0.40283203125,0.10986328125,-0.25634765625,0.03662109375,0.4150390625,-0.146484375,1.01318359375,0.0244140625,0.32958984375,-0.23193359375,0.3173828125,-0.28076171875,0.23193359375,0.03662109375,0.84228515625,0.1708984375,-0.0244140625,-0.06103515625,1.318359375,0.42724609375,-1.220703125,0.1220703125,-0.30517578125,-0.2197265625,-1.15966796875,-0.0244140625,-0.89111328125,-0.18310546875,-0.10986328125,0,0.91552734375,-0.2197265625,4.47998046875,-0.0244140625,0.69580078125,-0.18310546875,-0.7080078125,-0.01220703125,-0.6591796875,0.18310546875,-0.67138671875,0.048828125,-0.06103515625,0.20751953125,0.47607421875,-0.146484375,-0.3173828125,0.06103515625,-0.30517578125,-0.2685546875,4.4677734375,-0.10986328125,0.29296875,0.08544921875,-0.0244140625,-0.0732421875,-0.08544921875,0.10986328125,0.146484375,-0.23193359375,0.42724609375,0.1708984375,1.67236328125,0.048828125,0.0732421875,-0.0732421875,0.32958984375
1,0.23193359375,-0.13427734375,0.1708984375,-0.40283203125,0.03662109375,-0.4638671875,-0.09765625,-0.10986328125,0.29296875,-0.06103515625,0.03662109375,-0.9033203125,-0.15869140625,1.08642578125,-0.048828125,-0.15869140625,0.13427734375,-0.5615234375,-0.3173828125,-0.15869140625,-0.35400390625,0.84228515625,-0.2197265625,-0.5615234375,0.29296875,-0.28076171875,-0.15869140625,-0.98876953125,-0.01220703125,0.439453125,-0.10986328125,0.1220703125,-0.341796875,-0.634765625,-0.42724609375,-1.28173828125,-0.13427734375,-0.6591796875,0.048828125,-0.830078125,-0.1953125,-0.2685546875,-0.10986328125,-0.69580078125,-0.341796875,-0.35400390625,0.01220703125,0.69580078125,0.01220703125,1.25732421875,-0.10986328125,0.45166015625,0.45166015625,-0.20751953125,-0.146484375,0.7568359375,-0.3173828125,0.5615234375,0.10986328125,0.42724609375,0.81787109375,0.3662109375,0.09765625,-0.28076171875,0.048828125,0.390625,-0.08544921875,0.927734375,-0.01220703125,0.3173828125,-0.15869140625,0.29296875,-0.18310546875,0.23193359375,0.10986328125,0.8056640625,0.10986328125,-0.01220703125,-0.06103515625,1.33056640625,0.4150390625,-1.06201171875,0.1220703125,-0.20751953125,-0.1708984375,-1.0986328125,0.01220703125,-0.81787109375,-0.15869140625,-0.37841796875,-0.01220703125,0.64697265625,-0.146484375,3.7353515625,-0.01220703125,0.3662109375,-0.146484375,-0.69580078125,0,-0.64697265625,0.29296875,-0.68359375,0.10986328125,-0.048828125,0.28076171875,0.537109375,-0.1708984375,-0.28076171875,0,-0.28076171875,-0.23193359375,4.62646484375,-0.08544921875,0.30517578125,0.09765625,-0.01220703125,-0.08544921875,-0.08544921875,0.09765625,0.1708984375,-0.18310546875,0.52490234375,0.23193359375,2.001953125,0.0732421875,0.15869140625,-0.09765625,0.4638671875
1,0.2197265625,-0.0732421875,0.1220703125,-0.390625,0.0732421875,-0.439453125,-0.08544921875,-0.09765625,0.341796875,-0.0732421875,0.06103515625,-0.93994140625,-0.146484375,1.0986328125,-0.03662109375,-0.15869140625,0.08544921875,-0.57373046875,-0.2685546875,-0.1708984375,-0.2685546875,0.84228515625,-0.28076171875,-0.59814453125,0.244140625,-0.3173828125,-0.10986328125,-1.01318359375,-0.09765625,0.37841796875,-0.09765625,0.08544921875,-0.30517578125,-0.59814453125,-0.52490234375,-1.220703125,-0.06103515625,-0.64697265625,-0.0244140625,-0.81787109375,-0.146484375,-0.25634765625,-0.146484375,-0.68359375,-0.35400390625,-0.37841796875,0.09765625,0.74462890625,-0.01220703125,1.1474609375,-0.08544921875,0.40283203125,0.439453125,-0.25634765625,-0.1708984375,0.732421875,-0.29296875,0.5615234375,0.06103515625,0.4150390625,0.86669921875,0.341796875,0.0244140625,-0.2685546875,0.0732421875,0.32958984375,0,0.84228515625,-0.09765625,0.2685546875,-0.08544921875,0.2197265625,-0.08544921875,0.244140625,0.146484375,0.79345703125,0.0732421875,-0.01220703125,-0.08544921875,1.30615234375,0.439453125,-0.5615234375,0.10986328125,0.0244140625,-0.048828125,-0.9765625,0.0732421875,-0.64697265625,-0.146484375,-0.67138671875,-0.03662109375,0.37841796875,-0.0732421875,2.91748046875,-0.0244140625,-0.01220703125,-0.146484375,-0.72021484375,0.03662109375,-0.6591796875,0.28076171875,-0.7080078125,0.1708984375,-0.03662109375,0.28076171875,0.59814453125,-0.1953125,-0.1953125,-0.0732421875,-0.20751953125,-0.244140625,4.91943359375,-0.0732421875,0.28076171875,0.0732421875,-0.01220703125,-0.08544921875,-0.08544921875,0.09765625,0.15869140625,-0.18310546875,0.76904296875,0.146484375,2.52685546875,0.08544921875,0.42724609375,-0.09765625,0.8056640625
1,0.244140625,0.01220703125,0.09765625,-0.4150390625,0.08544921875,-0.42724609375,-0.09765625,-0.1220703125,0.4150390625,-0.048828125,0.09765625,-0.91552734375,-0.13427734375,1.0986328125,-0.01220703125,-0.1708984375,0.048828125,-0.59814453125,-0.244140625,-0.146484375,-0.1953125,0.86669921875,-0.3173828125,-0.634765625,0.13427734375,-0.341796875,-0.08544921875,-1.0498046875,-0.18310546875,0.30517578125,-0.0732421875,0.06103515625,-0.25634765625,-0.57373046875,-0.5859375,-1.13525390625,-0.03662109375,-0.6103515625,-0.0732421875,-0.76904296875,-0.09765625,-0.2685546875,-0.09765625,-0.68359375,-0.37841796875,-0.40283203125,0.03662109375,0.732421875,-0.0244140625,0.9765625,-0.0244140625,0.3662109375,0.50048828125,-0.2685546875,-0.10986328125,0.68359375,-0.23193359375,0.5615234375,0.06103515625,0.4150390625,0.79345703125,0.35400390625,-0.048828125,-0.2685546875,0.03662109375,0.2685546875,0.1708984375,0.79345703125,-0.15869140625,0.244140625,0,0.18310546875,0.0244140625,0.29296875,0.10986328125,0.81787109375,0.03662109375,-0.03662109375,-0.06103515625,1.30615234375,0.35400390625,0.13427734375,0.10986328125,0.341796875,0.048828125,-0.76904296875,0.10986328125,-0.4150390625,-0.10986328125,-0.93994140625,-0.0244140625,0.1220703125,-0.048828125,2.1240234375,-0.01220703125,-0.37841796875,-0.10986328125,-0.72021484375,0.01220703125,-0.67138671875,0.20751953125,-0.67138671875,0.20751953125,-0.0732421875,0.32958984375,0.68359375,-0.18310546875,-0.13427734375,-0.1220703125,-0.15869140625,-0.28076171875,5.23681640625,-0.06103515625,0.30517578125,0.0732421875,0,-0.0732421875,-0.06103515625,0.10986328125,0.15869140625,-0.20751953125,1.18408203125,0.06103515625,3.25927734375,0.03662109375,0.830078125,-0.146484375,1.3427734375
1,0.244140625,0.0732421875,0.09765625,-0.40283203125,0.0732421875,-0.439453125,-0.09765625,-0.1220703125,0.42724609375,-0.06103515625,0.09765625,-0.927734375,-0.1220703125,1.11083984375,-0.048828125,-0.1708984375,0.0244140625,-0.62255859375,-0.18310546875,-0.15869140625,-0.146484375,0.86669921875,-0.2685546875,-0.634765625,0.06103515625,-0.390625,-0.03662109375,-1.03759765625,-0.23193359375,0.30517578125,-0.0732421875,0.06103515625,-0.146484375,-0.537109375,-0.634765625,-1.025390625,-0.03662109375,-0.5615234375,-0.09765625,-0.732421875,-0.048828125,-0.25634765625,-0.0244140625,-0.6591796875,-0.3662109375,-0.4150390625,0.09765625,0.7568359375,-0.01220703125,0.84228515625,0,0.32958984375,0.48828125,-0.3173828125,-0.10986328125,0.67138671875,-0.2685546875,0.5859375,0.08544921875,0.42724609375,0.7568359375,0.390625,-0.13427734375,-0.244140625,-0.0244140625,0.1953125,0.23193359375,0.74462890625,-0.1708984375,0.23193359375,0.0244140625,0.146484375,0.13427734375,0.37841796875,0.06103515625,0.8056640625,-0.048828125,-0.03662109375,-0.0244140625,1.26953125,0.35400390625,1.01318359375,0.08544921875,0.7080078125,0.10986328125,-0.5126953125,0.13427734375,-0.1708984375,-0.08544921875,-1.1962890625,0,-0.10986328125,-0.1220703125,1.3671875,0,-0.732421875,-0.048828125,-0.68359375,0.03662109375,-0.67138671875,0.13427734375,-0.6591796875,0.244140625,-0.06103515625,0.30517578125,0.732421875,-0.13427734375,-0.10986328125,-0.1708984375,-0.10986328125,-0.35400390625,5.419921875,-0.06103515625,0.29296875,0.0732421875,-0.01220703125,-0.0732421875,-0.03662109375,0.09765625,0.146484375,-0.20751953125,1.7822265625,0.048828125,4.13818359375,0.03662109375,1.33056640625,-0.09765625,2.05078125
1,0.23193359375,0.09765625,0.06103515625,-0.40283203125,0.06103515625,-0.45166015625,-0.09765625,-0.10986328125,0.439453125,-0.03662109375,0.10986328125,-0.927734375,-0.1220703125,1.0986328125,-0.0732421875,-0.18310546875,0,-0.634765625,-0.13427734375,-0.1708984375,-0.15869140625,0.87890625,-0.1708984375,-0.6591796875,-0.08544921875,-0.40283203125,-0.01220703125,-1.0498046875,-0.28076171875,0.32958984375,-0.06103515625,0.06103515625,-0.048828125,-0.54931640625,-0.6591796875,-0.927734375,0.01220703125,-0.52490234375,-0.0732421875,-0.68359375,-0.0732421875,-0.23193359375,0.08544921875,-0.69580078125,-0.37841796875,-0.42724609375,0.03662109375,0.78125,-0.06103515625,0.69580078125,0.048828125,0.341796875,0.52490234375,-0.30517578125,-0.06103515625,0.64697265625,-0.32958984375,0.57373046875,0.15869140625,0.4150390625,0.6591796875,0.4150390625,-0.1953125,-0.244140625,-0.0732421875,0.146484375,0.3173828125,0.7568359375,-0.09765625,0.2197265625,0.06103515625,0.146484375,0.18310546875,0.4638671875,-0.0244140625,0.830078125,-0.08544921875,-0.03662109375,0,1.23291015625,0.390625,1.9775390625,0.06103515625,1.11083984375,0.146484375,-0.244140625,0.15869140625,0.15869140625,-0.01220703125,-1.4404296875,0.06103515625,-0.30517578125,-0.20751953125,0.68359375,0,-1.01318359375,0,-0.6591796875,0.09765625,-0.68359375,0.08544921875,-0.634765625,0.2685546875,-0.06103515625,0.28076171875,0.7080078125,-0.0732421875,-0.146484375,-0.1708984375,-0.146484375,-0.4150390625,5.3955078125,-0.03662109375,0.29296875,0.048828125,-0.0244140625,-0.06103515625,-0.0244140625,0.08544921875,0.13427734375,-0.23193359375,2.50244140625,-0.03662109375,5.11474609375,-0.0244140625,1.953125,-0.13427734375,2.89306640625
0,0.29296875,0.09765625,0.06103515625,-0.40283203125,0.06103515625,-0.4638671875,-0.09765625,-0.08544921875,0.4638671875,-0.048828125,0.10986328125,-0.91552734375,-0.09765625,1.08642578125,-0.10986328125,-0.15869140625,-0.0244140625,-0.64697265625,-0.06103515625,-0.1708984375,-0.15869140625,0.89111328125,-0.0732421875,-0.6591796875,-0.1220703125,-0.37841796875,0.03662109375,-1.01318359375,-0.28076171875,0.37841796875,-0.06103515625,0.06103515625,0.01220703125,-0.5615234375,-0.6103515625,-0.8544921875,0.03662109375,-0.50048828125,-0.1220703125,-0.67138671875,-0.06103515625,-0.244140625,0.1953125,-0.72021484375,-0.390625,-0.45166015625,-0.01220703125,0.79345703125,-0.13427734375,0.67138671875,0.10986328125,0.341796875,0.5615234375,-0.29296875,-0.01220703125,0.6103515625,-0.35400390625,0.5615234375,0.20751953125,0.37841796875,0.52490234375,0.47607421875,-0.2197265625,-0.2197265625,-0.146484375,0.10986328125,0.3173828125,0.79345703125,-0.0732421875,0.20751953125,0.0244140625,0.1220703125,0.18310546875,0.5859375,-0.0732421875,0.8544921875,-0.1220703125,-0.048828125,0.048828125,1.220703125,0.37841796875,2.9541015625,0,1.513671875,0.18310546875,0,0.1708984375,0.4638671875,0.0732421875,-1.59912109375,0.0732421875,-0.42724609375,-0.2685546875,0.1220703125,0.03662109375,-1.2451171875,0.01220703125,-0.68359375,0.0732421875,-0.7080078125,-0.01220703125,-0.59814453125,0.2197265625,-0.06103515625,0.32958984375,0.634765625,-0.03662109375,-0.20751953125,-0.18310546875,-0.2197265625,-0.32958984375,5.04150390625,-0.06103515625,0.30517578125,0.0244140625,-0.0244140625,-0.0732421875,0,0.08544921875,0.15869140625,-0.1953125,3.271484375,0.0732421875,6.103515625,-0.01220703125,2.57568359375,-0.09765625,3.80859375
0,0.29296875,0.0732421875,0.048828125,-0.37841796875,0.03662109375,-0.4638671875,-0.13427734375,-0.08544921875,0.5126953125,-0.0244140625,0.09765625,-0.89111328125,-0.08544921875,1.06201171875,-0.13427734375,-0.146484375,-0.0244140625,-0.64697265625,0.01220703125,-0.1708984375,-0.09765625,0.89111328125,0.01220703125,-0.64697265625,-0.1220703125,-0.35400390625,0.06103515625,-0.98876953125,-0.2685546875,0.439453125,-0.1220703125,0.08544921875,0.048828125,-0.59814453125,-0.537109375,-0.84228515625,0.08544921875,-0.52490234375,-0.1220703125,-0.69580078125,-0.15869140625,-0.23193359375,0.2685546875,-0.72021484375,-0.439453125,-0.439453125,0.0732421875,0.79345703125,-0.2197265625,0.67138671875,0.146484375,0.3662109375,0.537109375,-0.2685546875,0.0244140625,0.62255859375,-0.390625,0.57373046875,0.1708984375,0.37841796875,0.62255859375,0.52490234375,-0.2197265625,-0.2197265625,-0.146484375,0.10986328125,0.25634765625,0.8056640625,-0.03662109375,0.18310546875,-0.0244140625,0.13427734375,0.15869140625,0.68359375,-0.08544921875,0.86669921875,-0.10986328125,-0.03662109375,0.048828125,1.20849609375,0.341796875,3.857421875,-0.01220703125,1.904296875,0.18310546875,0.244140625,0.1953125,0.7568359375,0.146484375,-1.69677734375,0.146484375,-0.52490234375,-0.29296875,-0.30517578125,0.08544921875,-1.416015625,0.03662109375,-0.67138671875,0.06103515625,-0.7080078125,-0.048828125,-0.5615234375,0.1220703125,-0.048828125,0.30517578125,0.45166015625,0.03662109375,-0.37841796875,-0.15869140625,-0.35400390625,-0.30517578125,4.40673828125,-0.06103515625,0.341796875,0,-0.03662109375,-0.06103515625,0.0244140625,0.08544921875,0.146484375,-0.23193359375,4.01611328125,0.0732421875,6.99462890625,-0.048828125,3.173828125,-0.146484375,4.65087890625
0,0.23193359375,0.01220703125,0.048828125,-0.37841796875,0.03662109375,-0.4638671875,-0.13427734375,-0.09765625,0.42724609375,-0.0244140625,0.1220703125,-0.91552734375,-0.0732421875,1.06201171875,-0.13427734375,-0.15869140625,-0.0244140625,-0.62255859375,0.06103515625,-0.1708984375,-0.06103515625,0.91552734375,0.0732421875,-0.6103515625,-0.09765625,-0.30517578125,0.03662109375,-0.96435546875,-0.23193359375,0.50048828125,-0.20751953125,0.08544921875,0.048828125,-0.64697265625,-0.45166015625,-0.84228515625,0.08544921875,-0.5126953125,-0.10986328125,-0.732421875,-0.15869140625,-0.244140625,0.30517578125,-0.72021484375,-0.48828125,-0.42724609375,0.03662109375,0.78125,-0.3662109375,0.78125,0.146484375,0.40283203125,0.4638671875,-0.1953125,0.0732421875,0.6591796875,-0.4150390625,0.57373046875,0.15869140625,0.390625,0.6591796875,0.57373046875,-0.23193359375,-0.23193359375,-0.08544921875,0.09765625,0.30517578125,0.86669921875,0.03662109375,0.20751953125,0,0.15869140625,0.1708984375,0.76904296875,-0.09765625,0.89111328125,-0.0244140625,-0.03662109375,0.01220703125,1.20849609375,0.25634765625,4.65087890625,-0.06103515625,2.23388671875,0.20751953125,0.4638671875,0.15869140625,1.0009765625,0.18310546875,-1.7822265625,0.20751953125,-0.57373046875,-0.28076171875,-0.62255859375,0.13427734375,-1.513671875,0.0244140625,-0.67138671875,0.01220703125,-0.732421875,-0.09765625,-0.537109375,0.01220703125,-0.0732421875,0.32958984375,0.2197265625,0.03662109375,-0.5859375,-0.13427734375,-0.5615234375,-0.25634765625,3.47900390625,-0.03662109375,0.3173828125,-0.0244140625,-0.03662109375,-0.0732421875,0.048828125,0.0732421875,0.146484375,-0.15869140625,4.67529296875,0.08544921875,7.72705078125,-0.048828125,3.62548828125,-0.06103515625,5.38330078125
0,0.244140625,-0.048828125,0.048828125,-0.390625,0.06103515625,-0.4638671875,-0.1708984375,-0.08544921875,0.42724609375,-0.01220703125,0.10986328125,-0.9033203125,-0.048828125,1.06201171875,-0.15869140625,-0.1953125,0,-0.6103515625,0.09765625,-0.1708984375,-0.0244140625,0.89111328125,0.1220703125,-0.6103515625,0.03662109375,-0.28076171875,0.048828125,-0.9521484375,-0.18310546875,0.5615234375,-0.25634765625,0.09765625,0.01220703125,-0.69580078125,-0.35400390625,-0.89111328125,0.06103515625,-0.52490234375,-0.08544921875,-0.7568359375,-0.146484375,-0.23193359375,0.29296875,-0.74462890625,-0.6103515625,-0.4150390625,0.03662109375,0.76904296875,-0.40283203125,0.927734375,0.15869140625,0.42724609375,0.439453125,-0.1708984375,0.1220703125,0.67138671875,-0.439453125,0.57373046875,0.1220703125,0.390625,0.59814453125,0.62255859375,-0.30517578125,-0.23193359375,-0.06103515625,0.10986328125,0.2685546875,0.9033203125,0.03662109375,0.20751953125,-0.08544921875,0.146484375,0.1708984375,0.8544921875,-0.09765625,0.89111328125,0.06103515625,-0.0244140625,-0.06103515625,1.220703125,0.244140625,5.2978515625,-0.10986328125,2.490234375,0.1953125,0.62255859375,0.10986328125,1.20849609375,0.18310546875,-1.806640625,0.2685546875,-0.5859375,-0.2197265625,-0.81787109375,0.146484375,-1.55029296875,0.0244140625,-0.67138671875,-0.03662109375,-0.732421875,-0.09765625,-0.54931640625,-0.1220703125,-0.0732421875,0.3173828125,-0.048828125,0.0244140625,-0.8544921875,-0.09765625,-0.78125,-0.18310546875,2.40478515625,-0.048828125,0.341796875,-0.03662109375,-0.048828125,-0.048828125,0.06103515625,0.06103515625,0.146484375,-0.18310546875,5.126953125,0.048828125,8.251953125,-0.06103515625,3.90625,-0.09765625,5.859375
0,0.1953125,-0.146484375,0.06103515625,-0.40283203125,0.08544921875,-0.48828125,-0.1953125,-0.10986328125,0.37841796875,0.0244140625,0.10986328125,-0.91552734375,-0.06103515625,1.0498046875,-0.18310546875,-0.1953125,0.0244140625,-0.5859375,0.10986328125,-0.18310546875,0.01220703125,0.86669921875,0.08544921875,-0.59814453125,0.13427734375,-0.25634765625,0,-0.927734375,-0.15869140625,0.62255859375,-0.28076171875,0.08544921875,-0.01220703125,-0.732421875,-0.3173828125,-0.9521484375,0.0244140625,-0.5615234375,-0.10986328125,-0.830078125,-0.15869140625,-0.244140625,0.30517578125,-0.74462890625,-0.634765625,-0.40283203125,0.03662109375,0.72021484375,-0.4150390625,1.0986328125,0.15869140625,0.439453125,0.4150390625,-0.13427734375,0.1953125,0.7080078125,-0.47607421875,0.5859375,0.06103515625,0.40283203125,0.79345703125,0.6103515625,-0.37841796875,-0.23193359375,0.0244140625,0.10986328125,0.23193359375,0.927734375,0.08544921875,0.20751953125,-0.08544921875,0.13427734375,0.10986328125,0.927734375,-0.06103515625,0.9033203125,0.09765625,-0.0244140625,-0.13427734375,1.23291015625,0.2685546875,5.79833984375,-0.146484375,2.67333984375,0.244140625,0.7568359375,0.03662109375,1.35498046875,0.146484375,-1.806640625,0.28076171875,-0.5859375,-0.15869140625,-0.927734375,0.13427734375,-1.52587890625,0,-0.68359375,-0.09765625,-0.732421875,-0.06103515625,-0.537109375,-0.244140625,-0.08544921875,0.30517578125,-0.35400390625,0.03662109375,-1.11083984375,-0.03662109375,-1.0009765625,-0.10986328125,1.35498046875,-0.03662109375,0.32958984375,-0.06103515625,-0.03662109375,-0.0732421875,0.06103515625,0.048828125,0.15869140625,-0.20751953125,5.35888671875,-0.01220703125,8.48388671875,-0.06103515625,4.04052734375,-0.10986328125,6.09130859375
0,0.20751953125,-0.2197265625,0.048828125,-0.390625,0.09765625,-0.47607421875,-0.1953125,-0.1220703125,0.341796875,0.0732421875,0.13427734375,-0.91552734375,-0.03662109375,1.0498046875,-0.2197265625,-0.20751953125,0.09765625,-0.5859375,0.09765625,-0.2197265625,-0.01220703125,0.86669921875,0.01220703125,-0.57373046875,0.2197265625,-0.23193359375,-0.048828125,-0.9033203125,-0.1708984375,0.67138671875,-0.28076171875,0.09765625,-0.0244140625,-0.7568359375,-0.3173828125,-1.01318359375,-0.01220703125,-0.5615234375,-0.06103515625,-0.87890625,-0.0732421875,-0.25634765625,0.29296875,-0.7080078125,-0.6591796875,-0.390625,-0.03662109375,0.67138671875,-0.4150390625,1.1962890625,0.15869140625,0.4638671875,0.439453125,-0.1220703125,0.2197265625,0.732421875,-0.40283203125,0.6103515625,0.01220703125,0.4150390625,0.6103515625,0.6103515625,-0.40283203125,-0.23193359375,0.0732421875,0.13427734375,0.1708984375,0.93994140625,0.048828125,0.2197265625,-0.0732421875,0.15869140625,0.06103515625,0.9765625,-0.048828125,0.9033203125,0.13427734375,-0.01220703125,-0.23193359375,1.28173828125,0.29296875,6.11572265625,-0.18310546875,2.79541015625,0.244140625,0.8544921875,-0.01220703125,1.47705078125,0.0732421875,-1.79443359375,0.28076171875,-0.54931640625,-0.048828125,-0.927734375,0.10986328125,-1.513671875,-0.03662109375,-0.68359375,-0.1708984375,-0.69580078125,-0.06103515625,-0.537109375,-0.29296875,-0.08544921875,0.3662109375,-0.6103515625,0,-1.35498046875,0.048828125,-1.18408203125,-0.048828125,0.45166015625,-0.03662109375,0.3173828125,-0.06103515625,-0.0244140625,-0.0732421875,0.0244140625,0.08544921875,0.15869140625,-0.1708984375,5.3955078125,0.0732421875,8.447265625,-0.048828125,4.00390625,-0.09765625,6.0791015625
0,0.1953125,-0.2685546875,0.03662109375,-0.37841796875,0.10986328125,-0.45166015625,-0.18310546875,-0.09765625,0.30517578125,0.13427734375,0.1220703125,-0.9033203125,-0.03662109375,1.0498046875,-0.2197265625,-0.20751953125,0.1708984375,-0.5615234375,0.048828125,-0.20751953125,0,0.84228515625,-0.0732421875,-0.5615234375,0.29296875,-0.2197265625,-0.10986328125,-0.87890625,-0.1708984375,0.69580078125,-0.244140625,0.1220703125,-0.03662109375,-0.74462890625,-0.3173828125,-1.06201171875,-0.03662109375,-0.57373046875,-0.06103515625,-0.91552734375,0.01220703125,-0.25634765625,0.2685546875,-0.7080078125,-0.6591796875,-0.35400390625,0.0244140625,0.634765625,-0.3173828125,1.25732421875,0.18310546875,0.4638671875,0.37841796875,-0.146484375,0.2685546875,0.7568359375,-0.341796875,0.6103515625,-0.03662109375,0.45166015625,0.62255859375,0.59814453125,-0.48828125,-0.23193359375,0.10986328125,0.15869140625,0.09765625,0.927734375,0,0.23193359375,-0.0732421875,0.1708984375,-0.01220703125,0.98876953125,-0.10986328125,0.91552734375,0.13427734375,-0.01220703125,-0.28076171875,1.30615234375,0.3173828125,6.28662109375,-0.20751953125,2.84423828125,0.244140625,0.87890625,-0.09765625,1.55029296875,-0.03662109375,-1.7578125,0.244140625,-0.52490234375,0.0244140625,-0.89111328125,0.09765625,-1.47705078125,-0.06103515625,-0.69580078125,-0.2197265625,-0.69580078125,-0.06103515625,-0.5859375,-0.28076171875,-0.0732421875,0.37841796875,-0.81787109375,0,-1.5380859375,0.08544921875,-1.2939453125,-0.03662109375,-0.15869140625,-0.048828125,0.341796875,-0.06103515625,-0.01220703125,-0.06103515625,0.0244140625,0.08544921875,0.18310546875,-0.146484375,5.224609375,0.09765625,8.1787109375,-0.0244140625,3.82080078125,-0.0732421875,5.82275390625
0,0.1708984375,-0.29296875,0.0244140625,-0.37841796875,0.13427734375,-0.45166015625,-0.15869140625,-0.10986328125,0.28076171875,0.1953125,0.10986328125,-0.89111328125,-0.0244140625,1.03759765625,-0.1953125,-0.1953125,0.20751953125,-0.57373046875,0.048828125,-0.1953125,-0.048828125,0.84228515625,-0.13427734375,-0.5859375,0.37841796875,-0.20751953125,-0.08544921875,-0.89111328125,-0.15869140625,0.72021484375,-0.06103515625,0.13427734375,-0.0244140625,-0.68359375,-0.29296875,-1.08642578125,-0.03662109375,-0.57373046875,-0.048828125,-0.91552734375,0.09765625,-0.25634765625,0.28076171875,-0.72021484375,-0.5859375,-0.35400390625,0.01220703125,0.5859375,-0.244140625,1.2451171875,0.10986328125,0.47607421875,0.2685546875,-0.1708984375,0.32958984375,0.74462890625,-0.28076171875,0.59814453125,-0.06103515625,0.45166015625,0.62255859375,0.57373046875,-0.5615234375,-0.244140625,0.1220703125,0.18310546875,0.06103515625,0.93994140625,-0.08544921875,0.23193359375,-0.08544921875,0.1953125,-0.0732421875,1.0009765625,-0.09765625,0.927734375,0.10986328125,-0.01220703125,-0.244140625,1.30615234375,0.30517578125,6.28662109375,-0.18310546875,2.81982421875,0.2197265625,0.89111328125,-0.15869140625,1.5625,-0.048828125,-1.74560546875,0.23193359375,-0.50048828125,0.09765625,-0.86669921875,0.09765625,-1.45263671875,-0.0732421875,-0.7080078125,-0.2197265625,-0.67138671875,0.0244140625,-0.62255859375,-0.25634765625,-0.08544921875,0.3662109375,-0.86669921875,-0.0244140625,-1.611328125,0.146484375,-1.318359375,0.048828125,-0.35400390625,-0.03662109375,0.32958984375,-0.06103515625,-0.01220703125,-0.0732421875,0.01220703125,0.0732421875,0.1708984375,-0.146484375,4.8828125,0.0244140625,7.763671875,-0.048828125,3.5400390625,-0.03662109375,5.419921875
0,0.146484375,-0.30517578125,0,-0.3662109375,0.13427734375,-0.439453125,-0.146484375,-0.09765625,0.30517578125,0.25634765625,0.1220703125,-0.89111328125,-0.048828125,1.0498046875,-0.15869140625,-0.1953125,0.20751953125,-0.57373046875,0,-0.20751953125,-0.146484375,0.8544921875,-0.15869140625,-0.59814453125,0.390625,-0.20751953125,-0.08544921875,-0.86669921875,-0.09765625,0.72021484375,0.06103515625,0.1708984375,0,-0.64697265625,-0.42724609375,-1.07421875,-0.06103515625,-0.5859375,0.01220703125,-0.91552734375,0.15869140625,-0.244140625,0.30517578125,-0.7080078125,-0.5126953125,-0.35400390625,-0.09765625,0.54931640625,-0.18310546875,1.1962890625,0.08544921875,0.4638671875,0.146484375,-0.1953125,0.4150390625,0.74462890625,-0.23193359375,0.59814453125,-0.09765625,0.439453125,0.62255859375,0.5615234375,-0.537109375,-0.244140625,0.146484375,0.2197265625,-0.01220703125,0.927734375,-0.1953125,0.244140625,-0.0732421875,0.20751953125,-0.15869140625,0.9521484375,-0.10986328125,0.9033203125,0.08544921875,-0.03662109375,-0.23193359375,1.318359375,0.28076171875,6.1279296875,-0.15869140625,2.74658203125,0.146484375,0.84228515625,-0.10986328125,1.52587890625,-0.08544921875,-1.7333984375,0.15869140625,-0.4638671875,0.20751953125,-0.81787109375,0.09765625,-1.416015625,-0.10986328125,-0.68359375,-0.20751953125,-0.68359375,0.09765625,-0.634765625,-0.1708984375,-0.0732421875,0.4150390625,-0.81787109375,0.01220703125,-1.59912109375,0.1708984375,-1.23291015625,-0.03662109375,-0.08544921875,-0.0244140625,0.3173828125,-0.03662109375,-0.01220703125,-0.0732421875,-0.01220703125,0.06103515625,0.1708984375,-0.13427734375,4.50439453125,-0.01220703125,7.23876953125,-0.03662109375,3.18603515625,-0.01220703125,4.94384765625
0,0.146484375,-0.28076171875,-0.048828125,-0.40283203125,0.10986328125,-0.439453125,-0.1220703125,-0.09765625,0.32958984375,0.28076171875,0.1220703125,-0.87890625,-0.06103515625,1.07421875,-0.13427734375,-0.1953125,0.20751953125,-0.5859375,0.01220703125,-0.2197265625,-0.20751953125,0.84228515625,-0.13427734375,-0.62255859375,0.30517578125,-0.1953125,-0.0732421875,-0.86669921875,-0.03662109375,0.7568359375,0.10986328125,0.1953125,0.03662109375,-0.5859375,-0.52490234375,-1.03759765625,-0.09765625,-0.57373046875,0.06103515625,-0.91552734375,0.1220703125,-0.2685546875,0.29296875,-0.72021484375,-0.42724609375,-0.35400390625,-0.146484375,0.52490234375,-0.08544921875,1.0986328125,0.09765625,0.4638671875,0.08544921875,-0.20751953125,0.4638671875,0.76904296875,-0.18310546875,0.59814453125,-0.1220703125,0.439453125,0.69580078125,0.5615234375,-0.5126953125,-0.2197265625,0.2197265625,0.244140625,-0.01220703125,0.9521484375,-0.28076171875,0.25634765625,-0.048828125,0.244140625,-0.2197265625,0.91552734375,-0.10986328125,0.93994140625,0.0732421875,-0.03662109375,-0.1708984375,1.30615234375,0.20751953125,5.82275390625,-0.1220703125,2.6123046875,0.048828125,0.76904296875,-0.0732421875,1.4404296875,-0.1220703125,-1.7333984375,0.09765625,-0.47607421875,0.28076171875,-0.78125,0.08544921875,-1.416015625,-0.10986328125,-0.68359375,-0.23193359375,-0.6591796875,0.2197265625,-0.64697265625,-0.0732421875,-0.06103515625,0.35400390625,-0.634765625,-0.01220703125,-1.47705078125,0.1953125,-1.08642578125,-0.048828125,0.59814453125,-0.0244140625,0.32958984375,-0.0244140625,-0.0244140625,-0.06103515625,-0.03662109375,0.048828125,0.18310546875,-0.13427734375,4.08935546875,-0.06103515625,6.72607421875,-0.06103515625,2.84423828125,0.01220703125,4.45556640625
0,0.15869140625,-0.244140625,-0.0732421875,-0.37841796875,0.09765625,-0.42724609375,-0.146484375,-0.10986328125,0.341796875,0.30517578125,0.13427734375,-0.89111328125,-0.08544921875,1.08642578125,-0.09765625,-0.1708984375,0.146484375,-0.5859375,0.01220703125,-0.1953125,-0.30517578125,0.87890625,-0.09765625,-0.62255859375,0.18310546875,-0.1953125,-0.08544921875,-0.8544921875,-0.0244140625,0.7568359375,0.1220703125,0.2197265625,0.0732421875,-0.5126953125,-0.439453125,-0.98876953125,-0.09765625,-0.537109375,0.09765625,-0.86669921875,0.03662109375,-0.244140625,0.32958984375,-0.732421875,-0.35400390625,-0.37841796875,-0.1953125,0.52490234375,-0.048828125,1.03759765625,0.09765625,0.47607421875,0,-0.20751953125,0.45166015625,0.7568359375,-0.15869140625,0.5859375,-0.10986328125,0.42724609375,0.72021484375,0.57373046875,-0.50048828125,-0.2197265625,0.23193359375,0.244140625,0.0732421875,0.9521484375,-0.30517578125,0.244140625,-0.0244140625,0.244140625,-0.20751953125,0.8544921875,-0.10986328125,0.91552734375,0.048828125,-0.0244140625,-0.08544921875,1.2939453125,0.10986328125,5.37109375,-0.06103515625,2.4169921875,-0.048828125,0.64697265625,-0.01220703125,1.28173828125,-0.1220703125,-1.72119140625,0.048828125,-0.4638671875,0.35400390625,-0.74462890625,0.0732421875,-1.40380859375,-0.1220703125,-0.69580078125,-0.23193359375,-0.634765625,0.30517578125,-0.64697265625,0.0244140625,-0.0244140625,0.30517578125,-0.341796875,-0.01220703125,-1.2451171875,0.20751953125,-0.8544921875,0.01220703125,1.6357421875,-0.03662109375,0.35400390625,-0.01220703125,-0.01220703125,-0.0732421875,-0.01220703125,0.03662109375,0.1708984375,-0.10986328125,3.72314453125,-0.0732421875,6.21337890625,-0.0732421875,2.5634765625,0.0244140625,4.04052734375
0,0.15869140625,-0.244140625,-0.0732421875,-0.390625,0.1220703125,-0.4638671875,-0.15869140625,-0.10986328125,0.341796875,0.2685546875,0.15869140625,-0.87890625,-0.08544921875,1.07421875,-0.09765625,-0.1953125,0.09765625,-0.57373046875,0.03662109375,-0.1708984375,-0.3662109375,0.89111328125,-0.048828125,-0.62255859375,0.0732421875,-0.1953125,-0.09765625,-0.84228515625,0.0732421875,0.7568359375,0.0732421875,0.2197265625,0.08544921875,-0.47607421875,-0.40283203125,-0.93994140625,-0.08544921875,-0.50048828125,0.1220703125,-0.81787109375,-0.03662109375,-0.23193359375,0.341796875,-0.72021484375,-0.28076171875,-0.4150390625,-0.23193359375,0.537109375,0.01220703125,1.0009765625,0.08544921875,0.48828125,-0.13427734375,-0.1953125,0.42724609375,0.76904296875,-0.146484375,0.57373046875,-0.0732421875,0.4150390625,0.74462890625,0.62255859375,-0.47607421875,-0.2197265625,0.20751953125,0.28076171875,0.10986328125,0.9765625,-0.30517578125,0.2685546875,-0.06103515625,0.23193359375,-0.1953125,0.78125,-0.146484375,0.927734375,0.0244140625,-0.048828125,0.0244140625,1.28173828125,0.0244140625,4.78515625,-0.03662109375,2.16064453125,-0.10986328125,0.48828125,0.08544921875,1.06201171875,-0.10986328125,-1.72119140625,0,-0.4638671875,0.4150390625,-0.72021484375,0.06103515625,-1.416015625,-0.10986328125,-0.69580078125,-0.1953125,-0.67138671875,0.3662109375,-0.62255859375,0.1220703125,-0.01220703125,0.28076171875,0.01220703125,0,-0.91552734375,0.146484375,-0.62255859375,-0.0732421875,2.81982421875,-0.0244140625,0.35400390625,0,-0.048828125,-0.0732421875,-0.01220703125,0.03662109375,0.1953125,-0.13427734375,3.43017578125,-0.08544921875,5.8349609375,-0.08544921875,2.392578125,0.0244140625,3.7353515625
0,0.13427734375,-0.244140625,-0.06103515625,-0.390625,0.10986328125,-0.47607421875,-0.13427734375,-0.10986328125,0.390625,0.244140625,0.13427734375,-0.89111328125,-0.09765625,1.08642578125,-0.10986328125,-0.1953125,0.03662109375,-0.5859375,0.06103515625,-0.146484375,-0.390625,0.89111328125,-0.01220703125,-0.634765625,-0.06103515625,-0.1708984375,-0.09765625,-0.84228515625,0.048828125,0.74462890625,0.01220703125,0.2197265625,0.0732421875,-0.45166015625,-0.3662109375,-0.927734375,-0.048828125,-0.5126953125,0.048828125,-0.8056640625,-0.1220703125,-0.23193359375,0.341796875,-0.732421875,-0.23193359375,-0.40283203125,-0.20751953125,0.5615234375,0.048828125,1.01318359375,0.10986328125,0.50048828125,-0.2197265625,-0.1708984375,0.40283203125,0.7568359375,-0.1708984375,0.54931640625,0.0244140625,0.40283203125,0.81787109375,0.68359375,-0.45166015625,-0.2197265625,0.18310546875,0.28076171875,0.0244140625,0.98876953125,-0.23193359375,0.25634765625,-0.048828125,0.2685546875,-0.18310546875,0.7080078125,-0.13427734375,0.91552734375,0.01220703125,-0.048828125,0.10986328125,1.25732421875,-0.01220703125,4.0283203125,0.0244140625,1.84326171875,-0.15869140625,0.28076171875,0.1953125,0.8056640625,-0.0732421875,-1.7333984375,0.0244140625,-0.47607421875,0.40283203125,-0.7080078125,0.0244140625,-1.42822265625,-0.048828125,-0.69580078125,-0.20751953125,-0.67138671875,0.37841796875,-0.62255859375,0.146484375,-0.03662109375,0.13427734375,0.40283203125,-0.03662109375,-0.5615234375,0.06103515625,-0.32958984375,-0.06103515625,4.1259765625,-0.01220703125,0.35400390625,0,-0.048828125,-0.0732421875,0,0.03662109375,0.1708984375,-0.08544921875,3.22265625,0,5.5908203125,-0.0732421875,2.30712890625,0.06103515625,3.55224609375
1,0.08544921875,-0.25634765625,-0.08544921875,-0.390625,0.13427734375,-0.47607421875,-0.15869140625,-0.09765625,0.40283203125,0.18310546875,0.146484375,-0.89111328125,-0.08544921875,1.08642578125,-0.1220703125,-0.18310546875,-0.0244140625,-0.5859375,0.09765625,-0.146484375,-0.40283203125,0.927734375,-0.03662109375,-0.6103515625,-0.1708984375,-0.1953125,-0.1220703125,-0.86669921875,0.01220703125,0.7080078125,-0.0244140625,0.20751953125,0.0732421875,-0.48828125,-0.1953125,-0.89111328125,0.0244140625,-0.5126953125,0.01220703125,-0.76904296875,-0.1220703125,-0.2197265625,0.28076171875,-0.732421875,-0.1953125,-0.439453125,-0.2197265625,0.62255859375,0.01220703125,1.08642578125,0.13427734375,0.50048828125,-0.341796875,-0.15869140625,0.42724609375,0.76904296875,-0.18310546875,0.537109375,0.06103515625,0.40283203125,0.8544921875,0.7568359375,-0.390625,-0.23193359375,0.146484375,0.29296875,-0.01220703125,0.98876953125,-0.1953125,0.2685546875,-0.09765625,0.28076171875,-0.1220703125,0.68359375,-0.08544921875,0.87890625,0.03662109375,-0.048828125,0.1708984375,1.2451171875,-0.09765625,3.18603515625,0.08544921875,1.4892578125,-0.1708984375,0.06103515625,0.25634765625,0.52490234375,-0.03662109375,-1.74560546875,0.06103515625,-0.47607421875,0.3662109375,-0.69580078125,0.0244140625,-1.416015625,0,-0.6591796875,-0.2197265625,-0.67138671875,0.35400390625,-0.57373046875,0.18310546875,-0.048828125,0.06103515625,0.8056640625,0.01220703125,-0.18310546875,0,-0.06103515625,-0.08544921875,5.37109375,0.0244140625,0.341796875,0,-0.06103515625,-0.0732421875,0,0.03662109375,0.15869140625,-0.08544921875,3.16162109375,-0.0244140625,5.48095703125,-0.0732421875,2.30712890625,0.03662109375,3.47900390625
1,0.03662109375,-0.3173828125,-0.08544921875,-0.37841796875,0.1220703125,-0.45166015625,-0.18310546875,-0.09765625,0.4150390625,0.09765625,0.10986328125,-0.9033203125,-0.08544921875,1.07421875,-0.1220703125,-0.15869140625,-0.03662109375,-0.5859375,0.09765625,-0.146484375,-0.341796875,0.927734375,-0.06103515625,-0.59814453125,-0.244140625,-0.2197265625,-0.10986328125,-0.89111328125,-0.03662109375,0.72021484375,-0.06103515625,0.18310546875,0.06103515625,-0.52490234375,-0.06103515625,-0.9033203125,0.10986328125,-0.52490234375,-0.0732421875,-0.78125,-0.10986328125,-0.20751953125,0.1708984375,-0.732421875,-0.1708984375,-0.45166015625,-0.244140625,0.64697265625,-0.0732421875,1.15966796875,0.18310546875,0.5126953125,-0.45166015625,-0.146484375,0.40283203125,0.79345703125,-0.20751953125,0.537109375,0.1220703125,0.390625,0.8544921875,0.8544921875,-0.25634765625,-0.23193359375,0.146484375,0.30517578125,-0.09765625,1.025390625,-0.13427734375,0.2685546875,-0.15869140625,0.28076171875,-0.13427734375,0.64697265625,-0.048828125,0.86669921875,0.10986328125,-0.048828125,0.1953125,1.2451171875,-0.1220703125,2.28271484375,0.15869140625,1.07421875,-0.146484375,-0.2197265625,0.2685546875,0.20751953125,-0.0244140625,-1.7333984375,0.146484375,-0.50048828125,0.3662109375,-0.67138671875,0,-1.37939453125,0.06103515625,-0.68359375,-0.18310546875,-0.6591796875,0.28076171875,-0.57373046875,0.1708984375,-0.06103515625,0.01220703125,1.15966796875,0.03662109375,0.146484375,-0.0732421875,0.15869140625,-0.2197265625,6.43310546875,0,0.341796875,-0.01220703125,-0.06103515625,-0.0732421875,0.0244140625,0.03662109375,0.15869140625,-0.0732421875,3.1494140625,-0.048828125,5.4443359375,-0.08544921875,2.34375,0.0244140625,3.515625
1,0.0244140625,-0.35400390625,-0.0732421875,-0.37841796875,0.13427734375,-0.45166015625,-0.1953125,-0.08544921875,0.40283203125,0,0.09765625,-0.89111328125,-0.048828125,1.06201171875,-0.10986328125,-0.15869140625,-0.0244140625,-0.5859375,0.1220703125,-0.146484375,-0.2685546875,0.91552734375,-0.10986328125,-0.57373046875,-0.3173828125,-0.20751953125,-0.08544921875,-0.91552734375,-0.08544921875,0.7080078125,-0.08544921875,0.146484375,0.048828125,-0.57373046875,0.06103515625,-0.9033203125,0.1708984375,-0.54931640625,-0.0732421875,-0.79345703125,-0.09765625,-0.244140625,0.08544921875,-0.72021484375,-0.1708984375,-0.439453125,-0.23193359375,0.67138671875,-0.15869140625,1.25732421875,0.244140625,0.50048828125,-0.4638671875,-0.10986328125,0.37841796875,0.79345703125,-0.1953125,0.5615234375,0.13427734375,0.40283203125,0.8544921875,0.927734375,-0.1220703125,-0.23193359375,0.0732421875,0.28076171875,-0.18310546875,1.03759765625,-0.03662109375,0.2685546875,-0.23193359375,0.2685546875,-0.0732421875,0.634765625,0.03662109375,0.87890625,0.1708984375,-0.0244140625,0.1708984375,1.25732421875,-0.10986328125,1.35498046875,0.1953125,0.634765625,-0.09765625,-0.48828125,0.20751953125,-0.10986328125,-0.06103515625,-1.72119140625,0.18310546875,-0.48828125,0.1953125,-0.67138671875,0.0244140625,-1.35498046875,0.1220703125,-0.68359375,-0.1708984375,-0.6591796875,0.1953125,-0.5859375,0.13427734375,-0.08544921875,-0.03662109375,1.46484375,0.03662109375,0.439453125,-0.15869140625,0.32958984375,-0.29296875,7.31201171875,0.03662109375,0.3173828125,-0.01220703125,-0.0732421875,-0.06103515625,0.01220703125,0.03662109375,0.13427734375,-0.0732421875,3.173828125,-0.048828125,5.517578125,-0.10986328125,2.40478515625,-0.03662109375,3.57666015625
1,0.01220703125,-0.42724609375,-0.08544921875,-0.37841796875,0.1220703125,-0.439453125,-0.1953125,-0.10986328125,0.40283203125,-0.09765625,0.08544921875,-0.87890625,-0.048828125,1.06201171875,-0.08544921875,-0.1708984375,0.0244140625,-0.5859375,0.10986328125,-0.146484375,-0.20751953125,0.91552734375,-0.13427734375,-0.537109375,-0.32958984375,-0.23193359375,-0.0244140625,-0.927734375,-0.13427734375,0.7568359375,-0.1220703125,0.09765625,0.03662109375,-0.6103515625,0.15869140625,-0.87890625,0.1953125,-0.57373046875,-0.08544921875,-0.81787109375,-0.03662109375,-0.25634765625,-0.0244140625,-0.7080078125,-0.2197265625,-0.42724609375,-0.1953125,0.7080078125,-0.20751953125,1.318359375,0.32958984375,0.52490234375,-0.50048828125,-0.09765625,0.30517578125,0.79345703125,-0.2197265625,0.54931640625,0.1220703125,0.40283203125,0.78125,0.96435546875,0.01220703125,-0.244140625,0.08544921875,0.29296875,-0.13427734375,1.0986328125,0.0244140625,0.2685546875,-0.244140625,0.28076171875,-0.10986328125,0.62255859375,0.08544921875,0.8544921875,0.244140625,-0.03662109375,0.08544921875,1.28173828125,-0.13427734375,0.439453125,0.23193359375,0.244140625,-0.048828125,-0.732421875,0.1220703125,-0.42724609375,-0.0244140625,-1.72119140625,0.23193359375,-0.48828125,0.0732421875,-0.6591796875,0.09765625,-1.3427734375,0.1220703125,-0.69580078125,-0.10986328125,-0.6591796875,0.13427734375,-0.59814453125,0.06103515625,-0.08544921875,0.03662109375,1.67236328125,0.048828125,0.67138671875,-0.2685546875,0.4638671875,-0.3173828125,7.91015625,0.048828125,0.32958984375,-0.048828125,-0.08544921875,-0.0732421875,-0.01220703125,0.048828125,0.1220703125,-0.08544921875,3.18603515625,-0.0244140625,5.5908203125,-0.0732421875,2.42919921875,-0.06103515625,3.6376953125
1,0.03662109375,-0.45166015625,-0.09765625,-0.3662109375,0.13427734375,-0.4150390625,-0.1953125,-0.09765625,0.390625,-0.1708984375,0.0732421875,-0.89111328125,-0.03662109375,1.0498046875,-0.08544921875,-0.1708984375,0.08544921875,-0.57373046875,0.1220703125,-0.15869140625,-0.1708984375,0.87890625,-0.15869140625,-0.537109375,-0.32958984375,-0.23193359375,0.03662109375,-0.9521484375,-0.20751953125,0.89111328125,-0.048828125,0.09765625,0.09765625,-0.634765625,0.18310546875,-0.76904296875,0.23193359375,-0.5615234375,-0.08544921875,-0.84228515625,-0.03662109375,-0.244140625,-0.0732421875,-0.72021484375,-0.23193359375,-0.4150390625,-0.13427734375,0.68359375,-0.2197265625,1.3671875,0.3662109375,0.5126953125,-0.47607421875,-0.09765625,0.23193359375,0.79345703125,-0.1953125,0.5859375,0.09765625,0.439453125,0.74462890625,1.0009765625,0.0732421875,-0.244140625,0.0732421875,0.30517578125,-0.1708984375,1.171875,0.06103515625,0.2685546875,-0.2685546875,0.28076171875,-0.15869140625,0.64697265625,0.1220703125,0.86669921875,0.28076171875,-0.048828125,0.0244140625,1.28173828125,-0.09765625,-0.37841796875,0.23193359375,-0.13427734375,-0.0244140625,-0.9521484375,0.03662109375,-0.7080078125,-0.048828125,-1.708984375,0.18310546875,-0.50048828125,-0.10986328125,-0.67138671875,0.08544921875,-1.35498046875,0.09765625,-0.68359375,-0.03662109375,-0.64697265625,0.048828125,-0.62255859375,-0.06103515625,-0.08544921875,-0.01220703125,1.8310546875,0.03662109375,0.830078125,-0.3173828125,0.54931640625,-0.3173828125,8.30078125,0.048828125,0.3173828125,-0.048828125,-0.08544921875,-0.06103515625,-0.0244140625,0.048828125,0.1220703125,-0.09765625,3.173828125,-0.03662109375,5.5419921875,-0.0732421875,2.42919921875,-0.10986328125,3.62548828125
1,0.06103515625,-0.47607421875,-0.10986328125,-0.37841796875,0.10986328125,-0.4150390625,-0.1708984375,-0.10986328125,0.390625,-0.2197265625,0.06103515625,-0.89111328125,-0.03662109375,1.06201171875,-0.08544921875,-0.1708984375,0.1708984375,-0.59814453125,0.10986328125,-0.1708984375,-0.18310546875,0.87890625,-0.18310546875,-0.537109375,-0.29296875,-0.23193359375,0.0732421875,-0.927734375,-0.244140625,1.123046875,-0.0732421875,0.10986328125,0.10986328125,-0.62255859375,0.08544921875,-0.62255859375,0.23193359375,-0.537109375,-0.13427734375,-0.84228515625,-0.03662109375,-0.25634765625,-0.13427734375,-0.7080078125,-0.244140625,-0.390625,-0.10986328125,0.67138671875,-0.1708984375,1.2939453125,0.3662109375,0.5126953125,-0.439453125,-0.10986328125,0.15869140625,0.78125,-0.13427734375,0.57373046875,0.0732421875,0.42724609375,0.634765625,1.01318359375,0.15869140625,-0.244140625,0.03662109375,0.3173828125,-0.1708984375,1.30615234375,0.0732421875,0.30517578125,-0.244140625,0.29296875,-0.20751953125,0.64697265625,0.146484375,0.89111328125,0.25634765625,-0.03662109375,-0.08544921875,1.2939453125,-0.0244140625,-1.11083984375,0.2197265625,-0.47607421875,-0.06103515625,-1.123046875,-0.0244140625,-0.927734375,-0.06103515625,-1.69677734375,0.1220703125,-0.50048828125,-0.25634765625,-0.7080078125,0.08544921875,-1.37939453125,0,-0.7080078125,0,-0.634765625,0,-0.634765625,-0.1220703125,-0.10986328125,0.08544921875,1.8798828125,0.01220703125,0.9033203125,-0.341796875,0.57373046875,-0.28076171875,8.49609375,0.06103515625,0.3173828125,-0.0732421875,-0.048828125,-0.08544921875,-0.0732421875,0.06103515625,0.10986328125,-0.10986328125,3.076171875,0.01220703125,5.35888671875,-0.0732421875,2.294921875,-0.13427734375,3.50341796875
1,0.0244140625,-0.48828125,-0.10986328125,-0.390625,0.13427734375,-0.40283203125,-0.1220703125,-0.1220703125,0.4150390625,-0.23193359375,0.0244140625,-0.91552734375,-0.0244140625,1.07421875,-0.10986328125,-0.1953125,0.25634765625,-0.59814453125,0.08544921875,-0.1708984375,-0.20751953125,0.8544921875,-0.1953125,-0.5615234375,-0.23193359375,-0.18310546875,0.18310546875,-0.9033203125,-0.35400390625,1.46484375,-0.06103515625,0.146484375,0.18310546875,-0.5859375,0.03662109375,-0.341796875,0.2197265625,-0.50048828125,-0.1708984375,-0.81787109375,-0.03662109375,-0.2685546875,-0.18310546875,-0.69580078125,-0.244140625,-0.390625,-0.2197265625,0.64697265625,-0.08544921875,1.171875,0.35400390625,0.5126953125,-0.42724609375,-0.1220703125,0.048828125,0.78125,-0.08544921875,0.5859375,0.048828125,0.42724609375,0.64697265625,0.98876953125,0.1953125,-0.244140625,0.0732421875,0.3662109375,-0.13427734375,1.55029296875,0.06103515625,0.35400390625,-0.1708984375,0.35400390625,-0.25634765625,0.6591796875,0.1708984375,0.87890625,0.1953125,-0.03662109375,-0.15869140625,1.2939453125,-0.03662109375,-1.6357421875,0.1708984375,-0.72021484375,-0.13427734375,-1.2451171875,-0.09765625,-1.11083984375,-0.0244140625,-1.6845703125,0.06103515625,-0.50048828125,-0.3173828125,-0.69580078125,0.08544921875,-1.3671875,-0.048828125,-0.7080078125,0.048828125,-0.64697265625,0,-0.64697265625,-0.18310546875,-0.09765625,0.03662109375,1.85546875,0,0.9033203125,-0.341796875,0.57373046875,-0.244140625,8.4716796875,0.06103515625,0.30517578125,-0.10986328125,-0.048828125,-0.08544921875,-0.09765625,0.048828125,0.1220703125,-0.08544921875,2.86865234375,0.0732421875,5.078125,-0.0244140625,2.099609375,-0.09765625,3.2470703125
1,-0.0244140625,-0.47607421875,-0.13427734375,-0.390625,0.1220703125,-0.4150390625,-0.10986328125,-0.08544921875,0.390625,-0.23193359375,-0.01220703125,-0.927734375,-0.0244140625,1.06201171875,-0.10986328125,-0.1953125,0.29296875,-0.59814453125,0.10986328125,-0.1708984375,-0.28076171875,0.84228515625,-0.18310546875,-0.6103515625,-0.1708984375,-0.10986328125,0.25634765625,-0.8056640625,-0.3662109375,1.9287109375,-0.0732421875,0.244140625,0.25634765625,-0.48828125,0.0244140625,0.01220703125,0.146484375,-0.439453125,-0.13427734375,-0.74462890625,-0.01220703125,-0.2685546875,-0.244140625,-0.69580078125,-0.1953125,-0.37841796875,-0.3173828125,0.6103515625,-0.0244140625,1.025390625,0.341796875,0.48828125,-0.4150390625,-0.146484375,0.0244140625,0.74462890625,-0.01220703125,0.5859375,0,0.40283203125,0.5126953125,0.9765625,0.1953125,-0.23193359375,0.0732421875,0.47607421875,-0.10986328125,1.89208984375,0.06103515625,0.439453125,-0.08544921875,0.42724609375,-0.244140625,0.634765625,0.18310546875,0.9033203125,0.146484375,-0.03662109375,-0.1708984375,1.2939453125,0.03662109375,-1.96533203125,0.1220703125,-0.89111328125,-0.20751953125,-1.318359375,-0.13427734375,-1.20849609375,-0.06103515625,-1.67236328125,-0.048828125,-0.50048828125,-0.35400390625,-0.732421875,0.01220703125,-1.40380859375,-0.09765625,-0.732421875,0.01220703125,-0.64697265625,0.01220703125,-0.64697265625,-0.2685546875,-0.08544921875,0,1.74560546875,-0.0244140625,0.84228515625,-0.3173828125,0.52490234375,-0.20751953125,8.26416015625,0.06103515625,0.29296875,-0.10986328125,-0.048828125,-0.0732421875,-0.10986328125,0.03662109375,0.13427734375,-0.10986328125,2.55126953125,0.03662109375,4.5654296875,-0.048828125,1.7822265625,-0.13427734375,2.86865234375
1,0.0244140625,-0.439453125,-0.15869140625,-0.40283203125,0.08544921875,-0.4150390625,-0.0732421875,-0.09765625,0.37841796875,-0.1708984375,-0.0244140625,-0.91552734375,0,1.07421875,-0.146484375,-0.18310546875,0.30517578125,-0.6103515625,0.1220703125,-0.18310546875,-0.3662109375,0.8544921875,-0.15869140625,-0.6103515625,-0.1220703125,-0.01220703125,0.3173828125,-0.67138671875,-0.40283203125,2.5146484375,-0.08544921875,0.40283203125,0.2685546875,-0.341796875,-0.0732421875,0.45166015625,0.08544921875,-0.341796875,-0.1220703125,-0.62255859375,0.01220703125,-0.2197265625,-0.2685546875,-0.69580078125,-0.20751953125,-0.3662109375,-0.35400390625,0.62255859375,0.01220703125,0.9033203125,0.37841796875,0.4638671875,-0.37841796875,-0.15869140625,-0.048828125,0.72021484375,0.048828125,0.59814453125,-0.0244140625,0.4150390625,0.52490234375,0.91552734375,0.146484375,-0.23193359375,0.10986328125,0.634765625,-0.01220703125,2.35595703125,0.03662109375,0.54931640625,-0.03662109375,0.54931640625,-0.1953125,0.634765625,0.23193359375,0.86669921875,0.0732421875,-0.03662109375,-0.20751953125,1.28173828125,0.09765625,-2.1240234375,0.06103515625,-0.9521484375,-0.32958984375,-1.3427734375,-0.1220703125,-1.23291015625,-0.10986328125,-1.67236328125,-0.15869140625,-0.47607421875,-0.341796875,-0.72021484375,-0.048828125,-1.3916015625,-0.10986328125,-0.732421875,-0.01220703125,-0.634765625,0,-0.6591796875,-0.2685546875,-0.06103515625,0.08544921875,1.59912109375,-0.01220703125,0.7080078125,-0.244140625,0.439453125,-0.18310546875,7.87353515625,0.03662109375,0.30517578125,-0.10986328125,-0.0244140625,-0.0732421875,-0.10986328125,0.01220703125,0.13427734375,-0.0732421875,2.1484375,0.08544921875,3.91845703125,-0.03662109375,1.42822265625,-0.09765625,2.35595703125
1,-0.0244140625,-0.390625,-0.13427734375,-0.37841796875,0.09765625,-0.4150390625,-0.06103515625,-0.09765625,0.341796875,-0.10986328125,-0.06103515625,-0.91552734375,-0.01220703125,1.07421875,-0.15869140625,-0.1708984375,0.29296875,-0.59814453125,0.146484375,-0.18310546875,-0.390625,0.8544921875,-0.13427734375,-0.64697265625,-0.08544921875,0.15869140625,0.32958984375,-0.5126953125,-0.4150390625,3.1982421875,-0.048828125,0.59814453125,0.25634765625,-0.18310546875,-0.0244140625,0.96435546875,0.0244140625,-0.23193359375,-0.06103515625,-0.45166015625,0.01220703125,-0.23193359375,-0.2197265625,-0.72021484375,-0.1708984375,-0.40283203125,-0.40283203125,0.57373046875,0.01220703125,0.81787109375,0.3662109375,0.439453125,-0.32958984375,-0.18310546875,-0.09765625,0.7080078125,0.10986328125,0.59814453125,-0.048828125,0.4150390625,0.52490234375,0.87890625,0.09765625,-0.18310546875,0.13427734375,0.86669921875,0.08544921875,2.91748046875,-0.0244140625,0.72021484375,0.06103515625,0.7080078125,-0.10986328125,0.5859375,0.2197265625,0.8544921875,0,-0.048828125,-0.25634765625,1.26953125,0.146484375,-2.11181640625,-0.01220703125,-0.927734375,-0.40283203125,-1.30615234375,-0.08544921875,-1.20849609375,-0.0732421875,-1.64794921875,-0.2197265625,-0.45166015625,-0.2197265625,-0.72021484375,-0.1220703125,-1.3671875,-0.146484375,-0.7080078125,0.01220703125,-0.64697265625,0.048828125,-0.634765625,-0.244140625,-0.06103515625,0.06103515625,1.3916015625,-0.06103515625,0.52490234375,-0.15869140625,0.29296875,-0.146484375,7.31201171875,0.048828125,0.3173828125,-0.1220703125,-0.0244140625,-0.06103515625,-0.09765625,0,0.146484375,-0.048828125,1.66015625,0.1220703125,3.1982421875,-0.01220703125,1.025390625,-0.06103515625,1.79443359375
1,-0.01220703125,-0.341796875,-0.13427734375,-0.390625,0.13427734375,-0.439453125,-0.06103515625,-0.08544921875,0.3173828125,-0.03662109375,-0.048828125,-0.927734375,-0.01220703125,1.07421875,-0.18310546875,-0.1708984375,0.25634765625,-0.5859375,0.18310546875,-0.1708984375,-0.4150390625,0.86669921875,-0.1220703125,-0.634765625,-0.03662109375,0.3173828125,0.29296875,-0.3173828125,-0.28076171875,3.955078125,-0.01220703125,0.79345703125,0.23193359375,0,-0.0244140625,1.50146484375,-0.03662109375,-0.10986328125,-0.048828125,-0.28076171875,0,-0.244140625,-0.20751953125,-0.72021484375,-0.20751953125,-0.4150390625,-0.4638671875,0.54931640625,0.03662109375,0.78125,0.341796875,0.439453125,-0.341796875,-0.2197265625,-0.18310546875,0.69580078125,0.146484375,0.57373046875,-0.08544921875,0.4150390625,0.50048828125,0.84228515625,0.048828125,-0.20751953125,0.0732421875,1.171875,0.0732421875,3.52783203125,-0.0244140625,0.91552734375,0.09765625,0.91552734375,0,0.5126953125,0.18310546875,0.830078125,-0.0732421875,-0.06103515625,-0.28076171875,1.25732421875,0.1708984375,-1.953125,-0.048828125,-0.84228515625,-0.37841796875,-1.220703125,-0.0244140625,-1.0986328125,-0.15869140625,-1.62353515625,-0.3173828125,-0.439453125,-0.09765625,-0.68359375,-0.20751953125,-1.33056640625,-0.146484375,-0.69580078125,0,-0.6591796875,0.13427734375,-0.6103515625,-0.20751953125,-0.08544921875,0.1220703125,1.11083984375,-0.09765625,0.28076171875,-0.06103515625,0.1220703125,-0.0732421875,6.5673828125,0.0244140625,0.32958984375,-0.13427734375,-0.03662109375,-0.0732421875,-0.0732421875,0,0.146484375,-0.048828125,1.171875,0.08544921875,2.45361328125,-0.03662109375,0.68359375,-0.048828125,1.23291015625
1,-0.03662109375,-0.29296875,-0.1220703125,-0.390625,0.146484375,-0.42724609375,-0.06103515625,-0.08544921875,0.28076171875,0.01220703125,-0.03662109375,-0.91552734375,-0.01220703125,1.06201171875,-0.20751953125,-0.18310546875,0.1953125,-0.6103515625,0.1708984375,-0.1708984375,-0.40283203125,0.8544921875,-0.09765625,-0.634765625,0,0.5126953125,0.23193359375,-0.1220703125,-0.20751953125,4.67529296875,0.03662109375,1.0009765625,0.15869140625,0.15869140625,-0.1220703125,2.03857421875,-0.08544921875,-0.01220703125,-0.06103515625,-0.09765625,-0.06103515625,-0.244140625,-0.20751953125,-0.74462890625,-0.28076171875,-0.42724609375,-0.4638671875,0.5615234375,0.13427734375,0.8056640625,0.35400390625,0.439453125,-0.30517578125,-0.20751953125,-0.2197265625,0.69580078125,0.1708984375,0.57373046875,-0.08544921875,0.4150390625,0.59814453125,0.8056640625,-0.0732421875,-0.2197265625,0,1.50146484375,0.06103515625,4.18701171875,-0.0244140625,1.11083984375,0.1220703125,1.11083984375,0.048828125,0.439453125,0.09765625,0.78125,-0.1220703125,-0.03662109375,-0.29296875,1.25732421875,0.13427734375,-1.69677734375,-0.10986328125,-0.69580078125,-0.30517578125,-1.1474609375,0.06103515625,-1.0009765625,-0.146484375,-1.5869140625,-0.3662109375,-0.40283203125,0.0244140625,-0.634765625,-0.20751953125,-1.26953125,-0.15869140625,-0.67138671875,0,-0.68359375,0.13427734375,-0.5859375,-0.1953125,-0.06103515625,0.1953125,0.8056640625,-0.1708984375,0,0,-0.08544921875,-0.01220703125,5.65185546875,0.0244140625,0.341796875,-0.146484375,-0.0244140625,-0.0732421875,-0.0732421875,0,0.15869140625,-0.03662109375,0.78125,0.13427734375,1.8310546875,0,0.3662109375,-0.01220703125,0.76904296875
1,-0.08544921875,-0.28076171875,-0.10986328125,-0.390625,0.15869140625,-0.4638671875,-0.048828125,-0.08544921875,0.29296875,0.048828125,0.01220703125,-0.9033203125,0,1.07421875,-0.2197265625,-0.18310546875,0.146484375,-0.59814453125,0.13427734375,-0.1708984375,-0.32958984375,0.87890625,-0.1220703125,-0.634765625,0.0244140625,0.68359375,0.18310546875,0.06103515625,-0.1220703125,5.3466796875,0.09765625,1.20849609375,0.10986328125,0.30517578125,-0.1708984375,2.5146484375,-0.13427734375,0.10986328125,-0.09765625,0.09765625,-0.10986328125,-0.25634765625,-0.244140625,-0.72021484375,-0.3173828125,-0.439453125,-0.4638671875,0.57373046875,0.1708984375,0.91552734375,0.3173828125,0.4638671875,-0.2685546875,-0.1953125,-0.20751953125,0.67138671875,0.146484375,0.5859375,-0.03662109375,0.42724609375,0.54931640625,0.7568359375,-0.18310546875,-0.2197265625,-0.09765625,1.8798828125,0.18310546875,4.833984375,-0.01220703125,1.3427734375,0.13427734375,1.33056640625,0.0732421875,0.35400390625,0.03662109375,0.74462890625,-0.15869140625,-0.0244140625,-0.28076171875,1.2451171875,0.09765625,-1.3916015625,-0.08544921875,-0.537109375,-0.18310546875,-1.07421875,0.15869140625,-0.89111328125,-0.13427734375,-1.55029296875,-0.3662109375,-0.3662109375,0.08544921875,-0.57373046875,-0.1953125,-1.18408203125,-0.1953125,-0.67138671875,-0.01220703125,-0.69580078125,0.23193359375,-0.5615234375,-0.15869140625,-0.06103515625,0.1708984375,0.5126953125,-0.25634765625,-0.30517578125,0.0244140625,-0.341796875,0.03662109375,4.57763671875,0.06103515625,0.341796875,-0.15869140625,-0.048828125,-0.06103515625,-0.03662109375,0,0.15869140625,-0.06103515625,0.47607421875,0.10986328125,1.416015625,-0.0244140625,0.18310546875,-0.048828125,0.439453125
0,-0.08544921875,-0.25634765625,-0.0732421875,-0.40283203125,0.146484375,-0.439453125,-0.03662109375,-0.09765625,0.29296875,0.06103515625,0.048828125,-0.91552734375,0.0244140625,1.07421875,-0.23193359375,-0.1708984375,0.09765625,-0.6103515625,0.08544921875,-0.146484375,-0.244140625,0.86669921875,-0.146484375,-0.62255859375,0.0244140625,0.79345703125,0.10986328125,0.2197265625,-0.1953125,5.92041015625,0.0732421875,1.37939453125,0.0732421875,0.4150390625,-0.25634765625,2.880859375,-0.146484375,0.1953125,-0.13427734375,0.23193359375,-0.13427734375,-0.28076171875,-0.2197265625,-0.74462890625,-0.40283203125,-0.45166015625,-0.42724609375,0.59814453125,0.1220703125,1.03759765625,0.341796875,0.47607421875,-0.2685546875,-0.1953125,-0.15869140625,0.69580078125,0.09765625,0.59814453125,0.0244140625,0.42724609375,0.72021484375,0.732421875,-0.28076171875,-0.244140625,-0.13427734375,2.20947265625,0.25634765625,5.40771484375,0.01220703125,1.52587890625,0.10986328125,1.52587890625,0.08544921875,0.2685546875,0.01220703125,0.74462890625,-0.1708984375,-0.0244140625,-0.2197265625,1.220703125,0.06103515625,-1.11083984375,-0.048828125,-0.390625,-0.01220703125,-1.025390625,0.244140625,-0.78125,-0.15869140625,-1.50146484375,-0.32958984375,-0.32958984375,0.09765625,-0.47607421875,-0.15869140625,-1.11083984375,-0.2197265625,-0.67138671875,0,-0.72021484375,0.23193359375,-0.537109375,-0.1220703125,-0.08544921875,0.20751953125,0.1708984375,-0.30517578125,-0.62255859375,0,-0.6103515625,0.048828125,3.43017578125,0.06103515625,0.3662109375,-0.15869140625,-0.06103515625,-0.0732421875,-0.03662109375,0.01220703125,0.15869140625,-0.0244140625,0.3662109375,0.09765625,1.26953125,0.01220703125,0.1220703125,0,0.30517578125
0,-0.0732421875,-0.244140625,-0.06103515625,-0.40283203125,0.146484375,-0.439453125,-0.03662109375,-0.10986328125,0.30517578125,0.048828125,0.09765625,-0.91552734375,0.06103515625,1.08642578125,-0.244140625,-0.18310546875,0.0732421875,-0.6103515625,0.03662109375,-0.146484375,-0.13427734375,0.8544921875,-0.1953125,-0.6103515625,0,0.89111328125,0.06103515625,0.32958984375,-0.1953125,6.31103515625,0.06103515625,1.46484375,0.10986328125,0.5126953125,-0.13427734375,3.125,-0.1220703125,0.2685546875,-0.1220703125,0.35400390625,-0.0244140625,-0.2685546875,-0.1953125,-0.732421875,-0.45166015625,-0.45166015625,-0.3662109375,0.64697265625,0.06103515625,1.18408203125,0.37841796875,0.47607421875,-0.18310546875,-0.15869140625,-0.10986328125,0.7080078125,0.08544921875,0.5615234375,0.08544921875,0.4150390625,0.634765625,0.72021484375,-0.35400390625,-0.244140625,-0.13427734375,2.50244140625,0.29296875,5.84716796875,0.0732421875,1.69677734375,0.0732421875,1.6845703125,0.06103515625,0.1953125,-0.048828125,0.7080078125,-0.08544921875,-0.03662109375,-0.244140625,1.23291015625,0.0244140625,-0.89111328125,0.01220703125,-0.29296875,0.13427734375,-0.98876953125,0.29296875,-0.732421875,-0.1953125,-1.45263671875,-0.244140625,-0.28076171875,0.0732421875,-0.3662109375,-0.1220703125,-1.01318359375,-0.1953125,-0.6591796875,0.01220703125,-0.732421875,0.15869140625,-0.52490234375,-0.08544921875,-0.0732421875,0.1708984375,-0.10986328125,-0.29296875,-0.927734375,-0.048828125,-0.86669921875,0.01220703125,2.28271484375,0.09765625,0.390625,-0.15869140625,-0.0732421875,-0.06103515625,-0.0244140625,-0.01220703125,0.146484375,-0.06103515625,0.50048828125,0.06103515625,1.47705078125,0,0.25634765625,-0.06103515625,0.4638671875
0,-0.08544921875,-0.2685546875,-0.08544921875,-0.40283203125,0.15869140625,-0.45166015625,-0.048828125,-0.09765625,0.29296875,0.01220703125,0.10986328125,-0.91552734375,0.048828125,1.0986328125,-0.2197265625,-0.15869140625,0.09765625,-0.62255859375,0.01220703125,-0.1220703125,-0.01220703125,0.8544921875,-0.244140625,-0.59814453125,-0.06103515625,0.9521484375,0.01220703125,0.390625,-0.1708984375,6.50634765625,0,1.513671875,0.15869140625,0.5615234375,-0.0244140625,3.21044921875,-0.15869140625,0.3173828125,-0.09765625,0.390625,0,-0.2685546875,-0.2197265625,-0.7080078125,-0.50048828125,-0.439453125,-0.341796875,0.634765625,0.01220703125,1.28173828125,0.40283203125,0.50048828125,-0.15869140625,-0.146484375,-0.10986328125,0.74462890625,0,0.57373046875,0.09765625,0.42724609375,0.69580078125,0.72021484375,-0.439453125,-0.244140625,-0.1220703125,2.7099609375,0.2197265625,6.1767578125,0.0732421875,1.81884765625,0.03662109375,1.806640625,0.09765625,0.1953125,-0.08544921875,0.74462890625,0,-0.0244140625,-0.25634765625,1.26953125,0,-0.7568359375,0.08544921875,-0.2197265625,0.28076171875,-0.9765625,0.28076171875,-0.7080078125,-0.2197265625,-1.37939453125,-0.18310546875,-0.2685546875,-0.048828125,-0.29296875,-0.0732421875,-0.93994140625,-0.146484375,-0.64697265625,0.03662109375,-0.732421875,0.15869140625,-0.54931640625,-0.06103515625,-0.09765625,0.13427734375,-0.3662109375,-0.2685546875,-1.23291015625,-0.1220703125,-1.0986328125,-0.0244140625,1.20849609375,0.08544921875,0.390625,-0.146484375,-0.06103515625,-0.0732421875,-0.03662109375,-0.01220703125,0.13427734375,-0.0732421875,0.8544921875,0.1220703125,2.0263671875,-0.01220703125,0.54931640625,-0.0732421875,0.84228515625
0,-0.01220703125,-0.244140625,-0.10986328125,-0.37841796875,0.18310546875,-0.45166015625,-0.06103515625,-0.09765625,0.29296875,-0.03662109375,0.10986328125,-0.9033203125,0.03662109375,1.08642578125,-0.1953125,-0.15869140625,0.10986328125,-0.6103515625,-0.0244140625,-0.146484375,0.10986328125,0.84228515625,-0.2197265625,-0.57373046875,-0.10986328125,0.96435546875,-0.03662109375,0.3662109375,-0.1220703125,6.4697265625,-0.0244140625,1.513671875,0.23193359375,0.537109375,-0.08544921875,3.1494140625,-0.146484375,0.32958984375,-0.10986328125,0.390625,0.09765625,-0.2685546875,-0.1953125,-0.7080078125,-0.48828125,-0.45166015625,-0.32958984375,0.64697265625,-0.0732421875,1.3427734375,0.40283203125,0.5126953125,-0.13427734375,-0.10986328125,-0.13427734375,0.7568359375,-0.09765625,0.59814453125,0.1220703125,0.42724609375,0.6103515625,0.72021484375,-0.537109375,-0.23193359375,-0.06103515625,2.8076171875,0.1708984375,6.3232421875,0.09765625,1.86767578125,0,1.86767578125,0.08544921875,0.18310546875,-0.06103515625,0.78125,0.06103515625,-0.01220703125,-0.29296875,1.28173828125,-0.1953125,-0.732421875,0.146484375,-0.23193359375,0.4150390625,-0.9765625,0.25634765625,-0.69580078125,-0.23193359375,-1.3671875,-0.0732421875,-0.2197265625,-0.1708984375,-0.244140625,-0.06103515625,-0.89111328125,-0.0732421875,-0.634765625,0.048828125,-0.7080078125,0.06103515625,-0.537109375,-0.048828125,-0.10986328125,0.13427734375,-0.537109375,-0.20751953125,-1.50146484375,-0.23193359375,-1.2939453125,-0.03662109375,0.30517578125,0.08544921875,0.35400390625,-0.1220703125,-0.0732421875,-0.048828125,-0.0244140625,-0.0244140625,0.13427734375,-0.03662109375,1.4404296875,0.0732421875,2.86865234375,0,0.98876953125,-0.048828125,1.4892578125
0,0.03662109375,-0.23193359375,-0.13427734375,-0.3662109375,0.15869140625,-0.439453125,-0.08544921875,-0.08544921875,0.244140625,-0.09765625,0.09765625,-0.87890625,0.01220703125,1.07421875,-0.15869140625,-0.146484375,0.10986328125,-0.59814453125,0,-0.146484375,0.20751953125,0.81787109375,-0.1953125,-0.62255859375,-0.1220703125,0.91552734375,-0.0732421875,0.3173828125,-0.13427734375,6.25,-0.048828125,1.4404296875,0.29296875,0.48828125,-0.06103515625,2.9296875,-0.09765625,0.29296875,-0.1220703125,0.3173828125,0.1953125,-0.25634765625,-0.18310546875,-0.69580078125,-0.4638671875,-0.4150390625,-0.28076171875,0.634765625,-0.1220703125,1.35498046875,0.35400390625,0.537109375,-0.13427734375,-0.10986328125,-0.1953125,0.78125,-0.146484375,0.59814453125,0.10986328125,0.4150390625,0.57373046875,0.74462890625,-0.54931640625,-0.23193359375,-0.01220703125,2.83203125,0.146484375,6.35986328125,0.08544921875,1.86767578125,-0.03662109375,1.86767578125,0.0244140625,0.2197265625,-0.0732421875,0.81787109375,0.146484375,-0.01220703125,-0.32958984375,1.30615234375,-0.244140625,-0.7568359375,0.20751953125,-0.2685546875,0.48828125,-1.0009765625,0.2197265625,-0.732421875,-0.1953125,-1.3427734375,-0.01220703125,-0.244140625,-0.25634765625,-0.20751953125,-0.0732421875,-0.86669921875,-0.01220703125,-0.6591796875,0.03662109375,-0.7080078125,-0.03662109375,-0.5859375,-0.08544921875,-0.08544921875,0.08544921875,-0.62255859375,-0.15869140625,-1.708984375,-0.37841796875,-1.4404296875,-0.0732421875,-0.37841796875,0.0732421875,0.3662109375,-0.09765625,-0.048828125,-0.06103515625,-0.048828125,-0.048828125,0.10986328125,-0.06103515625,2.18505859375,0.06103515625,3.99169921875,-0.09765625,1.55029296875,-0.0732421875,2.3193359375
0,0.10986328125,-0.146484375,-0.146484375,-0.3662109375,0.13427734375,-0.4150390625,-0.08544921875,-0.0732421875,0.2197265625,-0.13427734375,0.06103515625,-0.89111328125,0,1.07421875,-0.15869140625,-0.146484375,0.1220703125,-0.5859375,0.0244140625,-0.15869140625,0.28076171875,0.81787109375,-0.13427734375,-0.6103515625,-0.1220703125,0.79345703125,-0.09765625,0.20751953125,-0.15869140625,5.859375,-0.0244140625,1.318359375,0.341796875,0.37841796875,-0.06103515625,2.62451171875,-0.048828125,0.25634765625,-0.13427734375,0.2197265625,0.2197265625,-0.25634765625,-0.18310546875,-0.69580078125,-0.45166015625,-0.4150390625,-0.2685546875,0.62255859375,-0.146484375,1.318359375,0.3662109375,0.5615234375,-0.15869140625,-0.09765625,-0.146484375,0.8056640625,-0.1953125,0.59814453125,0.08544921875,0.439453125,0.67138671875,0.76904296875,-0.57373046875,-0.244140625,0.03662109375,2.734375,0.15869140625,6.26220703125,0.06103515625,1.84326171875,-0.048828125,1.8310546875,-0.03662109375,0.28076171875,-0.15869140625,0.89111328125,0.1708984375,-0.03662109375,-0.32958984375,1.30615234375,-0.35400390625,-0.9033203125,0.20751953125,-0.341796875,0.42724609375,-1.03759765625,0.13427734375,-0.79345703125,-0.1708984375,-1.35498046875,0.03662109375,-0.23193359375,-0.30517578125,-0.244140625,-0.0732421875,-0.89111328125,0.0244140625,-0.67138671875,0.0244140625,-0.68359375,-0.10986328125,-0.59814453125,-0.146484375,-0.0732421875,0.01220703125,-0.6591796875,-0.08544921875,-1.84326171875,-0.45166015625,-1.50146484375,-0.09765625,-0.79345703125,0.06103515625,0.341796875,-0.08544921875,-0.03662109375,-0.06103515625,-0.03662109375,-0.0732421875,0.10986328125,-0.03662109375,3.02734375,0.09765625,5.21240234375,-0.10986328125,2.20947265625,-0.01220703125,3.2470703125
0,0.1708984375,-0.08544921875,-0.146484375,-0.37841796875,0.09765625,-0.439453125,-0.06103515625,-0.06103515625,0.23193359375,-0.146484375,0.0244140625,-0.9033203125,-0.0244140625,1.07421875,-0.146484375,-0.1708984375,0.13427734375,-0.6103515625,0.08544921875,-0.15869140625,0.32958984375,0.8056640625,-0.06103515625,-0.634765625,-0.09765625,0.68359375,-0.10986328125,0.0732421875,-0.1708984375,5.3955078125,-0.06103515625,1.171875,0.390625,0.2685546875,-0.01220703125,2.25830078125,0.01220703125,0.15869140625,-0.1708984375,0.10986328125,0.244140625,-0.2197265625,-0.18310546875,-0.7080078125,-0.37841796875,-0.4150390625,-0.30517578125,0.634765625,-0.15869140625,1.2451171875,0.32958984375,0.5615234375,-0.1708984375,-0.13427734375,-0.09765625,0.830078125,-0.20751953125,0.5859375,0.09765625,0.42724609375,0.634765625,0.76904296875,-0.634765625,-0.20751953125,0.06103515625,2.55126953125,0.01220703125,6.04248046875,0.0244140625,1.77001953125,-0.048828125,1.7333984375,-0.10986328125,0.341796875,-0.10986328125,0.89111328125,0.15869140625,-0.048828125,-0.30517578125,1.2939453125,-0.35400390625,-1.06201171875,0.20751953125,-0.4150390625,0.4150390625,-1.0986328125,0.048828125,-0.8544921875,-0.13427734375,-1.37939453125,0.1220703125,-0.28076171875,-0.30517578125,-0.32958984375,-0.0732421875,-0.96435546875,0.01220703125,-0.67138671875,-0.048828125,-0.64697265625,-0.1708984375,-0.6103515625,-0.244140625,-0.0732421875,0,-0.62255859375,-0.01220703125,-1.9287109375,-0.48828125,-1.513671875,-0.06103515625,-0.93994140625,0.048828125,0.3173828125,-0.09765625,-0.01220703125,-0.06103515625,-0.03662109375,-0.09765625,0.1220703125,0,3.8818359375,0.048828125,6.45751953125,-0.13427734375,2.86865234375,0.01220703125,4.2236328125
0,0.1708984375,0.01220703125,-0.13427734375,-0.390625,0.08544921875,-0.439453125,-0.0732421875,-0.09765625,0.20751953125,-0.15869140625,0,-0.89111328125,-0.048828125,1.06201171875,-0.15869140625,-0.1953125,0.146484375,-0.57373046875,0.1708984375,-0.15869140625,0.3173828125,0.81787109375,-0.03662109375,-0.6103515625,-0.0732421875,0.5859375,-0.0732421875,-0.0732421875,-0.13427734375,4.87060546875,-0.146484375,1.0009765625,0.37841796875,0.15869140625,0.01220703125,1.904296875,0.0732421875,0.09765625,-0.2197265625,-0.0244140625,0.25634765625,-0.1953125,-0.1953125,-0.732421875,-0.35400390625,-0.42724609375,-0.3662109375,0.6103515625,-0.1220703125,1.171875,0.29296875,0.54931640625,-0.1953125,-0.1220703125,-0.06103515625,0.8056640625,-0.1953125,0.5859375,0.06103515625,0.4150390625,0.57373046875,0.78125,-0.64697265625,-0.23193359375,0.08544921875,2.3681640625,-0.09765625,5.79833984375,-0.03662109375,1.67236328125,-0.048828125,1.66015625,-0.1708984375,0.42724609375,-0.1220703125,0.9033203125,0.1220703125,-0.06103515625,-0.244140625,1.2939453125,-0.244140625,-1.2451171875,0.1953125,-0.5126953125,0.341796875,-1.13525390625,0.0244140625,-0.91552734375,-0.09765625,-1.42822265625,0.13427734375,-0.32958984375,-0.25634765625,-0.45166015625,-0.06103515625,-1.03759765625,0.0244140625,-0.69580078125,-0.13427734375,-0.634765625,-0.15869140625,-0.62255859375,-0.29296875,-0.08544921875,-0.01220703125,-0.5615234375,0.048828125,-1.953125,-0.47607421875,-1.4892578125,-0.06103515625,-0.84228515625,0.06103515625,0.3173828125,-0.09765625,-0.0244140625,-0.06103515625,-0.0244140625,-0.09765625,0.1220703125,-0.048828125,4.67529296875,-0.03662109375,7.6416015625,-0.18310546875,3.52783203125,0.01220703125,5.1513671875
0,0.18310546875,0.08544921875,-0.1708984375,-0.40283203125,0.0732421875,-0.45166015625,-0.08544921875,-0.09765625,0.18310546875,-0.13427734375,-0.01220703125,-0.9033203125,-0.03662109375,1.06201171875,-0.18310546875,-0.1953125,0.13427734375,-0.59814453125,0.244140625,-0.1953125,0.341796875,0.830078125,-0.01220703125,-0.62255859375,-0.0244140625,0.4638671875,-0.048828125,-0.20751953125,-0.1220703125,4.39453125,-0.2197265625,0.89111328125,0.341796875,0.08544921875,0.09765625,1.611328125,0.09765625,0.01220703125,-0.20751953125,-0.1220703125,0.2197265625,-0.1953125,-0.1953125,-0.72021484375,-0.29296875,-0.42724609375,-0.45166015625,0.62255859375,0.06103515625,1.123046875,0.25634765625,0.54931640625,-0.20751953125,-0.15869140625,0.0244140625,0.830078125,-0.18310546875,0.5859375,0,0.40283203125,0.7568359375,0.7568359375,-0.64697265625,-0.20751953125,0.146484375,2.18505859375,-0.1953125,5.52978515625,-0.10986328125,1.5869140625,-0.048828125,1.57470703125,-0.244140625,0.537109375,-0.09765625,0.91552734375,0.1220703125,-0.06103515625,-0.2197265625,1.26953125,-0.2197265625,-1.3427734375,0.10986328125,-0.54931640625,0.23193359375,-1.1474609375,-0.0732421875,-0.927734375,-0.048828125,-1.4892578125,0.1220703125,-0.37841796875,-0.146484375,-0.5615234375,-0.06103515625,-1.11083984375,-0.048828125,-0.69580078125,-0.18310546875,-0.634765625,-0.146484375,-0.62255859375,-0.341796875,-0.03662109375,0.0244140625,-0.47607421875,0.08544921875,-1.91650390625,-0.4150390625,-1.4404296875,-0.01220703125,-0.57373046875,0.06103515625,0.3173828125,-0.10986328125,-0.0244140625,-0.0732421875,-0.01220703125,-0.09765625,0.10986328125,0,5.3466796875,0.048828125,8.5693359375,-0.13427734375,4.0771484375,0.03662109375,5.9326171875
0,0.18310546875,0.13427734375,-0.146484375,-0.40283203125,0.0732421875,-0.47607421875,-0.10986328125,-0.10986328125,0.13427734375,-0.09765625,-0.01220703125,-0.9033203125,-0.0244140625,1.08642578125,-0.18310546875,-0.20751953125,0.13427734375,-0.59814453125,0.3173828125,-0.18310546875,0.35400390625,0.830078125,-0.048828125,-0.6103515625,0.01220703125,0.3662109375,-0.0244140625,-0.30517578125,-0.08544921875,4.01611328125,-0.25634765625,0.76904296875,0.2685546875,0.048828125,0.048828125,1.4404296875,0.13427734375,-0.03662109375,-0.2685546875,-0.18310546875,0.2197265625,-0.1953125,-0.15869140625,-0.732421875,-0.20751953125,-0.42724609375,-0.4638671875,0.62255859375,0.048828125,1.0986328125,0.1708984375,0.52490234375,-0.244140625,-0.18310546875,0.0732421875,0.8056640625,-0.10986328125,0.5859375,-0.048828125,0.4150390625,0.6591796875,0.72021484375,-0.64697265625,-0.20751953125,0.1953125,2.03857421875,-0.244140625,5.28564453125,-0.1708984375,1.50146484375,-0.0244140625,1.4892578125,-0.28076171875,0.6591796875,-0.1220703125,0.87890625,0.08544921875,-0.06103515625,-0.1708984375,1.2451171875,-0.146484375,-1.40380859375,0.0732421875,-0.52490234375,0.13427734375,-1.11083984375,-0.1220703125,-0.927734375,-0.048828125,-1.55029296875,0.1220703125,-0.4150390625,0.03662109375,-0.69580078125,-0.08544921875,-1.1962890625,-0.0732421875,-0.7080078125,-0.20751953125,-0.64697265625,-0.13427734375,-0.57373046875,-0.32958984375,-0.048828125,0.06103515625,-0.42724609375,0.13427734375,-1.84326171875,-0.341796875,-1.3671875,0,-0.244140625,0.10986328125,0.32958984375,-0.09765625,-0.0244140625,-0.06103515625,0,-0.08544921875,0.10986328125,0,5.8349609375,0,9.2529296875,-0.15869140625,4.4921875,0.0244140625,6.54296875
0,0.15869140625,0.15869140625,-0.146484375,-0.40283203125,0.08544921875,-0.48828125,-0.09765625,-0.10986328125,0.06103515625,-0.03662109375,-0.048828125,-0.9033203125,-0.048828125,1.06201171875,-0.18310546875,-0.20751953125,0.10986328125,-0.5859375,0.3662109375,-0.20751953125,0.32958984375,0.830078125,-0.09765625,-0.59814453125,0.06103515625,0.32958984375,0.01220703125,-0.3662109375,-0.08544921875,3.79638671875,-0.2197265625,0.72021484375,0.2197265625,0.06103515625,0.048828125,1.37939453125,0.15869140625,-0.0732421875,-0.28076171875,-0.1953125,0.1953125,-0.1953125,-0.15869140625,-0.732421875,-0.18310546875,-0.40283203125,-0.50048828125,0.634765625,0.146484375,1.0986328125,0.146484375,0.52490234375,-0.35400390625,-0.1953125,0.06103515625,0.76904296875,-0.0732421875,0.5859375,-0.08544921875,0.40283203125,0.72021484375,0.6591796875,-0.59814453125,-0.2197265625,0.18310546875,1.89208984375,-0.25634765625,5.0537109375,-0.20751953125,1.4404296875,-0.048828125,1.416015625,-0.29296875,0.732421875,-0.146484375,0.81787109375,0.03662109375,-0.048828125,-0.09765625,1.2451171875,-0.048828125,-1.37939453125,0.0244140625,-0.4638671875,0.0244140625,-1.06201171875,-0.15869140625,-0.86669921875,-0.08544921875,-1.59912109375,0.0732421875,-0.4638671875,0.10986328125,-0.78125,-0.0732421875,-1.28173828125,-0.09765625,-0.69580078125,-0.20751953125,-0.634765625,-0.09765625,-0.57373046875,-0.29296875,-0.048828125,0.146484375,-0.390625,0.146484375,-1.708984375,-0.25634765625,-1.2939453125,0.01220703125,0.09765625,0.146484375,0.32958984375,-0.1220703125,-0.03662109375,-0.03662109375,0.01220703125,-0.09765625,0.1220703125,0,6.0791015625,-0.048828125,9.5947265625,-0.146484375,4.6875,0.01220703125,6.9091796875
0,0.10986328125,0.09765625,-0.13427734375,-0.37841796875,0.09765625,-0.4638671875,-0.08544921875,-0.09765625,0.0732421875,0,-0.048828125,-0.9033203125,-0.0732421875,1.07421875,-0.1953125,-0.2197265625,0.08544921875,-0.57373046875,0.390625,-0.18310546875,0.3173828125,0.8544921875,-0.13427734375,-0.59814453125,0.0732421875,0.30517578125,0.048828125,-0.3662109375,-0.13427734375,3.7109375,-0.1220703125,0.69580078125,0.1953125,0.09765625,-0.0244140625,1.45263671875,0.15869140625,-0.0732421875,-0.3173828125,-0.18310546875,0.1953125,-0.20751953125,-0.1220703125,-0.72021484375,-0.1708984375,-0.439453125,-0.52490234375,0.634765625,0.15869140625,1.123046875,0.10986328125,0.5126953125,-0.4150390625,-0.18310546875,0.03662109375,0.7568359375,-0.048828125,0.5859375,-0.0732421875,0.4150390625,0.8056640625,0.64697265625,-0.4638671875,-0.1953125,0.18310546875,1.84326171875,-0.1953125,4.84619140625,-0.20751953125,1.3671875,-0.03662109375,1.3671875,-0.29296875,0.84228515625,-0.15869140625,0.78125,-0.01220703125,-0.03662109375,-0.03662109375,1.25732421875,-0.0244140625,-1.28173828125,-0.048828125,-0.35400390625,-0.06103515625,-1.01318359375,-0.1953125,-0.8056640625,-0.08544921875,-1.64794921875,0.06103515625,-0.47607421875,0.18310546875,-0.8056640625,0,-1.318359375,-0.13427734375,-0.68359375,-0.15869140625,-0.6591796875,-0.01220703125,-0.5615234375,-0.29296875,-0.048828125,0.20751953125,-0.42724609375,0.146484375,-1.6357421875,-0.15869140625,-1.25732421875,0.06103515625,0.37841796875,0.13427734375,0.341796875,-0.10986328125,-0.048828125,-0.048828125,0.01220703125,-0.08544921875,0.1220703125,0,6.103515625,-0.06103515625,9.5947265625,-0.09765625,4.7119140625,-0.0244140625,6.94580078125
0,0.08544921875,0.0244140625,-0.146484375,-0.390625,0.08544921875,-0.45166015625,-0.06103515625,-0.10986328125,0.03662109375,0.0244140625,-0.09765625,-0.9033203125,-0.09765625,1.06201171875,-0.18310546875,-0.20751953125,0.0732421875,-0.5859375,0.3662109375,-0.1708984375,0.23193359375,0.8544921875,-0.18310546875,-0.5859375,0.048828125,0.30517578125,0.048828125,-0.341796875,-0.1708984375,3.82080078125,0.0244140625,0.72021484375,0.2197265625,0.1220703125,-0.0732421875,1.5625,0.13427734375,-0.08544921875,-0.29296875,-0.13427734375,0.20751953125,-0.23193359375,-0.0732421875,-0.72021484375,-0.18310546875,-0.47607421875,-0.5126953125,0.634765625,0.25634765625,1.18408203125,0.09765625,0.50048828125,-0.48828125,-0.2197265625,0,0.732421875,-0.01220703125,0.59814453125,-0.01220703125,0.4150390625,0.76904296875,0.59814453125,-0.29296875,-0.1953125,0.15869140625,1.806640625,-0.2685546875,4.67529296875,-0.15869140625,1.30615234375,-0.03662109375,1.318359375,-0.29296875,0.9033203125,-0.10986328125,0.7080078125,-0.048828125,-0.03662109375,0.0244140625,1.25732421875,0.0244140625,-1.11083984375,-0.048828125,-0.2197265625,-0.09765625,-0.96435546875,-0.146484375,-0.72021484375,-0.13427734375,-1.66015625,0,-0.45166015625,0.18310546875,-0.8056640625,0,-1.318359375,-0.1220703125,-0.69580078125,-0.146484375,-0.6591796875,0.03662109375,-0.54931640625,-0.2685546875,-0.0732421875,0.244140625,-0.50048828125,0.15869140625,-1.5625,-0.048828125,-1.220703125,0.0732421875,0.537109375,0.146484375,0.35400390625,-0.10986328125,-0.06103515625,-0.06103515625,0,-0.06103515625,0.10986328125,0.01220703125,5.908203125,-0.08544921875,9.28955078125,-0.0732421875,4.5166015625,-0.0244140625,6.77490234375
0,0.01220703125,-0.09765625,-0.1953125,-0.390625,0.0732421875,-0.45166015625,-0.03662109375,-0.09765625,0.0244140625,0.0244140625,-0.10986328125,-0.9033203125,-0.10986328125,1.0498046875,-0.18310546875,-0.20751953125,0.048828125,-0.5859375,0.35400390625,-0.146484375,0.15869140625,0.87890625,-0.18310546875,-0.57373046875,0.0244140625,0.32958984375,0.03662109375,-0.28076171875,-0.18310546875,3.9794921875,0.10986328125,0.78125,0.23193359375,0.1953125,-0.146484375,1.7333984375,0.06103515625,-0.048828125,-0.244140625,-0.0732421875,0.2197265625,-0.25634765625,-0.0244140625,-0.72021484375,-0.1708984375,-0.4638671875,-0.5859375,0.67138671875,0.341796875,1.220703125,0.10986328125,0.48828125,-0.50048828125,-0.20751953125,0,0.732421875,-0.0244140625,0.6103515625,0.03662109375,0.439453125,0.68359375,0.6103515625,-0.0732421875,-0.2197265625,0.146484375,1.7578125,-0.341796875,4.5166015625,-0.13427734375,1.26953125,-0.09765625,1.26953125,-0.25634765625,0.9521484375,-0.06103515625,0.7080078125,-0.0244140625,-0.01220703125,0.06103515625,1.25732421875,0.03662109375,-0.927734375,-0.048828125,-0.06103515625,-0.1220703125,-0.9033203125,-0.08544921875,-0.634765625,-0.20751953125,-1.6357421875,-0.048828125,-0.45166015625,0.23193359375,-0.74462890625,0.03662109375,-1.28173828125,-0.146484375,-0.69580078125,-0.10986328125,-0.6591796875,0.048828125,-0.54931640625,-0.20751953125,-0.08544921875,0.244140625,-0.64697265625,0.15869140625,-1.52587890625,0.01220703125,-1.23291015625,0.1708984375,0.57373046875,0.1708984375,0.35400390625,-0.10986328125,-0.048828125,-0.06103515625,-0.06103515625,-0.06103515625,0.13427734375,-0.01220703125,5.57861328125,-0.09765625,8.740234375,-0.06103515625,4.16259765625,-0.03662109375,6.38427734375
1,0.048828125,-0.25634765625,-0.2685546875,-0.390625,0.048828125,-0.439453125,-0.01220703125,-0.09765625,0.01220703125,0,-0.146484375,-0.91552734375,-0.08544921875,1.06201171875,-0.13427734375,-0.1708984375,0.03662109375,-0.5859375,0.30517578125,-0.13427734375,0.146484375,0.87890625,-0.1953125,-0.57373046875,-0.0244140625,0.37841796875,0.0244140625,-0.244140625,-0.15869140625,4.21142578125,0.1708984375,0.8544921875,0.23193359375,0.25634765625,-0.1220703125,1.81884765625,-0.01220703125,0.01220703125,-0.20751953125,-0.03662109375,0.20751953125,-0.23193359375,0,-0.7080078125,-0.09765625,-0.4638671875,-0.6103515625,0.67138671875,0.32958984375,1.2939453125,0.146484375,0.47607421875,-0.54931640625,-0.1708984375,0,0.7080078125,-0.01220703125,0.57373046875,0.10986328125,0.439453125,0.67138671875,0.6103515625,0.03662109375,-0.20751953125,0.10986328125,1.74560546875,-0.390625,4.35791015625,-0.09765625,1.220703125,-0.18310546875,1.220703125,-0.1953125,1.025390625,-0.03662109375,0.67138671875,0.03662109375,0,0.048828125,1.25732421875,-0.048828125,-0.78125,-0.048828125,0.08544921875,-0.146484375,-0.8544921875,-0.048828125,-0.54931640625,-0.20751953125,-1.62353515625,-0.048828125,-0.439453125,0.32958984375,-0.67138671875,0.048828125,-1.2451171875,-0.146484375,-0.7080078125,-0.06103515625,-0.67138671875,0.1220703125,-0.57373046875,-0.10986328125,-0.08544921875,0.1953125,-0.7568359375,0.146484375,-1.513671875,0.048828125,-1.25732421875,0.15869140625,0.47607421875,0.1953125,0.35400390625,-0.1220703125,-0.03662109375,-0.06103515625,-0.09765625,-0.06103515625,0.13427734375,-0.01220703125,5.078125,-0.10986328125,8.0322265625,-0.06103515625,3.7353515625,-0.048828125,5.82275390625
1,0,-0.390625,-0.32958984375,-0.37841796875,0.048828125,-0.439453125,0,-0.09765625,-0.01220703125,-0.03662109375,-0.1708984375,-0.91552734375,-0.09765625,1.0498046875,-0.10986328125,-0.18310546875,-0.01220703125,-0.5859375,0.28076171875,-0.10986328125,0.0732421875,0.8544921875,-0.1708984375,-0.5859375,-0.1220703125,0.40283203125,-0.0244140625,-0.1953125,-0.048828125,4.35791015625,0.13427734375,0.91552734375,0.2197265625,0.25634765625,-0.09765625,1.79443359375,-0.08544921875,0.0244140625,-0.15869140625,0,0.2197265625,-0.23193359375,-0.03662109375,-0.69580078125,-0.08544921875,-0.4638671875,-0.62255859375,0.68359375,0.32958984375,1.35498046875,0.2197265625,0.4638671875,-0.5615234375,-0.13427734375,-0.01220703125,0.72021484375,-0.0244140625,0.59814453125,0.1953125,0.45166015625,0.72021484375,0.64697265625,0.09765625,-0.2197265625,0.048828125,1.708984375,-0.37841796875,4.18701171875,0.01220703125,1.1962890625,-0.2197265625,1.171875,-0.15869140625,1.07421875,0.03662109375,0.69580078125,0.09765625,0.01220703125,0.01220703125,1.25732421875,-0.1220703125,-0.6591796875,-0.048828125,0.18310546875,-0.1220703125,-0.81787109375,0.03662109375,-0.50048828125,-0.2685546875,-1.57470703125,-0.13427734375,-0.40283203125,0.35400390625,-0.57373046875,-0.01220703125,-1.20849609375,-0.10986328125,-0.732421875,-0.08544921875,-0.67138671875,0.1220703125,-0.6103515625,0,-0.08544921875,0.15869140625,-0.89111328125,0.1220703125,-1.52587890625,0.06103515625,-1.2939453125,0.1953125,0.32958984375,0.20751953125,0.32958984375,-0.08544921875,-0.048828125,-0.06103515625,-0.10986328125,-0.048828125,0.146484375,0,4.52880859375,-0.09765625,7.23876953125,-0.03662109375,3.25927734375,-0.048828125,5.16357421875
1,0,-0.5126953125,-0.3662109375,-0.37841796875,0.0244140625,-0.439453125,0.03662109375,-0.0732421875,0.03662109375,-0.0732421875,-0.18310546875,-0.927734375,-0.1220703125,1.06201171875,-0.09765625,-0.15869140625,-0.03662109375,-0.5859375,0.23193359375,-0.10986328125,0.06103515625,0.8544921875,-0.15869140625,-0.59814453125,-0.146484375,0.40283203125,-0.08544921875,-0.20751953125,0,4.39453125,0.08544921875,0.91552734375,0.23193359375,0.1708984375,0.0732421875,1.62353515625,-0.10986328125,0.0244140625,-0.15869140625,-0.048828125,0.23193359375,-0.20751953125,-0.0244140625,-0.69580078125,-0.048828125,-0.439453125,-0.537109375,0.67138671875,0.25634765625,1.513671875,0.23193359375,0.48828125,-0.59814453125,-0.10986328125,-0.0732421875,0.7080078125,-0.06103515625,0.5615234375,0.20751953125,0.42724609375,0.6591796875,0.69580078125,0.13427734375,-0.2197265625,0.0244140625,1.62353515625,-0.45166015625,3.99169921875,0.0732421875,1.13525390625,-0.2685546875,1.0986328125,-0.1953125,1.0986328125,0.08544921875,0.7568359375,0.15869140625,0.01220703125,-0.048828125,1.26953125,-0.2197265625,-0.5615234375,-0.048828125,0.25634765625,-0.048828125,-0.830078125,0.09765625,-0.439453125,-0.23193359375,-1.5380859375,-0.1220703125,-0.35400390625,0.42724609375,-0.50048828125,-0.0244140625,-1.171875,-0.0732421875,-0.7080078125,-0.1220703125,-0.68359375,0.1220703125,-0.634765625,0.08544921875,-0.08544921875,0.03662109375,-1.0009765625,0.06103515625,-1.5625,0.01220703125,-1.30615234375,0.1953125,0.18310546875,0.2197265625,0.3173828125,-0.0732421875,-0.03662109375,-0.06103515625,-0.1220703125,-0.048828125,0.13427734375,0,3.955078125,-0.08544921875,6.43310546875,-0.03662109375,2.74658203125,-0.048828125,4.4921875
1,0,-0.57373046875,-0.3662109375,-0.3662109375,0.03662109375,-0.439453125,0.0732421875,-0.06103515625,0.01220703125,-0.13427734375,-0.20751953125,-0.927734375,-0.13427734375,1.0498046875,-0.08544921875,-0.146484375,-0.06103515625,-0.5615234375,0.20751953125,-0.10986328125,0.0732421875,0.8544921875,-0.15869140625,-0.6103515625,-0.23193359375,0.3662109375,-0.15869140625,-0.25634765625,0.048828125,4.21142578125,0.0244140625,0.87890625,0.2197265625,0.048828125,0.15869140625,1.2451171875,-0.1220703125,-0.06103515625,-0.20751953125,-0.1708984375,0.30517578125,-0.23193359375,-0.06103515625,-0.69580078125,-0.06103515625,-0.4150390625,-0.48828125,0.634765625,0.28076171875,1.77001953125,0.23193359375,0.52490234375,-0.6103515625,-0.06103515625,-0.10986328125,0.7568359375,-0.03662109375,0.5615234375,0.25634765625,0.439453125,0.732421875,0.76904296875,0.18310546875,-0.2197265625,0.01220703125,1.50146484375,-0.4150390625,3.77197265625,0.06103515625,1.025390625,-0.28076171875,1.01318359375,-0.244140625,1.0986328125,0.13427734375,0.7568359375,0.1953125,0.01220703125,-0.09765625,1.2939453125,-0.29296875,-0.57373046875,-0.0244140625,0.28076171875,0.0244140625,-0.830078125,0.13427734375,-0.439453125,-0.2197265625,-1.513671875,-0.13427734375,-0.341796875,0.42724609375,-0.439453125,-0.10986328125,-1.15966796875,-0.01220703125,-0.74462890625,-0.15869140625,-0.67138671875,0.0732421875,-0.634765625,0.10986328125,-0.10986328125,-0.09765625,-1.0498046875,0,-1.64794921875,-0.0732421875,-1.318359375,0.146484375,0.03662109375,0.1953125,0.30517578125,-0.06103515625,-0.01220703125,-0.0732421875,-0.1220703125,-0.06103515625,0.1220703125,0.03662109375,3.40576171875,-0.09765625,5.6396484375,-0.048828125,2.24609375,-0.03662109375,3.80859375
1,0,-0.6103515625,-0.3662109375,-0.35400390625,0.03662109375,-0.439453125,0.08544921875,-0.06103515625,0.0244140625,-0.13427734375,-0.1953125,-0.927734375,-0.146484375,1.0498046875,-0.0732421875,-0.13427734375,-0.08544921875,-0.59814453125,0.18310546875,-0.10986328125,0.0732421875,0.830078125,-0.1708984375,-0.6103515625,-0.2685546875,0.2685546875,-0.1953125,-0.35400390625,0.1220703125,3.8330078125,-0.01220703125,0.78125,0.2197265625,-0.13427734375,0.28076171875,0.69580078125,-0.08544921875,-0.18310546875,-0.244140625,-0.3173828125,0.3662109375,-0.23193359375,-0.1220703125,-0.7080078125,-0.06103515625,-0.37841796875,-0.4638671875,0.62255859375,0.20751953125,2.099609375,0.23193359375,0.57373046875,-0.64697265625,-0.03662109375,-0.1220703125,0.81787109375,-0.03662109375,0.54931640625,0.28076171875,0.439453125,0.6591796875,0.81787109375,0.23193359375,-0.20751953125,0.0244140625,1.3671875,-0.3662109375,3.4912109375,0.0732421875,0.93994140625,-0.244140625,0.91552734375,-0.30517578125,1.0986328125,0.1953125,0.79345703125,0.1953125,-0.01220703125,-0.15869140625,1.2939453125,-0.35400390625,-0.64697265625,0.0244140625,0.23193359375,0.08544921875,-0.8544921875,0.09765625,-0.45166015625,-0.20751953125,-1.46484375,-0.09765625,-0.3173828125,0.439453125,-0.4150390625,-0.146484375,-1.13525390625,0.048828125,-0.74462890625,-0.15869140625,-0.6591796875,-0.01220703125,-0.6591796875,0.1220703125,-0.08544921875,-0.08544921875,-1.03759765625,-0.01220703125,-1.67236328125,-0.1220703125,-1.318359375,0.1220703125,-0.048828125,0.2197265625,0.29296875,-0.0732421875,-0.03662109375,-0.06103515625,-0.13427734375,-0.0732421875,0.146484375,0.0244140625,2.9052734375,-0.09765625,4.931640625,-0.06103515625,1.806640625,-0.03662109375,3.1982421875
1,-0.01220703125,-0.5615234375,-0.35400390625,-0.3662109375,0.0244140625,-0.45166015625,0.08544921875,-0.03662109375,0,-0.13427734375,-0.18310546875,-0.927734375,-0.15869140625,1.03759765625,-0.0732421875,-0.10986328125,-0.0732421875,-0.5859375,0.18310546875,-0.13427734375,0.10986328125,0.830078125,-0.1953125,-0.634765625,-0.25634765625,0.13427734375,-0.23193359375,-0.50048828125,0.10986328125,3.23486328125,-0.03662109375,0.62255859375,0.20751953125,-0.32958984375,0.4150390625,0.10986328125,-0.06103515625,-0.30517578125,-0.29296875,-0.50048828125,0.40283203125,-0.23193359375,-0.15869140625,-0.72021484375,-0.048828125,-0.40283203125,-0.45166015625,0.62255859375,0.03662109375,2.587890625,0.20751953125,0.6591796875,-0.59814453125,0.01220703125,-0.15869140625,0.91552734375,0.01220703125,0.5126953125,0.25634765625,0.42724609375,0.64697265625,0.86669921875,0.30517578125,-0.2197265625,0.048828125,1.1962890625,-0.20751953125,3.173828125,0.08544921875,0.84228515625,-0.18310546875,0.8544921875,-0.37841796875,1.07421875,0.2197265625,0.84228515625,0.18310546875,-0.01220703125,-0.15869140625,1.28173828125,-0.35400390625,-0.74462890625,0.06103515625,0.18310546875,0.146484375,-0.87890625,0.03662109375,-0.47607421875,-0.18310546875,-1.4404296875,-0.08544921875,-0.29296875,0.3662109375,-0.390625,-0.15869140625,-1.13525390625,0.08544921875,-0.7568359375,-0.18310546875,-0.6591796875,-0.048828125,-0.6591796875,0.0732421875,-0.06103515625,-0.15869140625,-0.9765625,-0.03662109375,-1.708984375,-0.20751953125,-1.28173828125,0.08544921875,-0.048828125,0.244140625,0.29296875,-0.08544921875,-0.0244140625,-0.06103515625,-0.1220703125,-0.0732421875,0.15869140625,0.01220703125,2.45361328125,-0.1220703125,4.3212890625,-0.09765625,1.416015625,-0.048828125,2.63671875
1,-0.03662109375,-0.47607421875,-0.29296875,-0.3662109375,0.06103515625,-0.439453125,0.0732421875,-0.03662109375,-0.0244140625,-0.146484375,-0.1708984375,-0.9033203125,-0.13427734375,1.07421875,-0.08544921875,-0.146484375,-0.0732421875,-0.6103515625,0.1708984375,-0.13427734375,0.1708984375,0.81787109375,-0.2197265625,-0.634765625,-0.25634765625,0.01220703125,-0.2197265625,-0.6591796875,0.0732421875,2.5146484375,-0.03662109375,0.439453125,0.18310546875,-0.54931640625,0.52490234375,-0.52490234375,-0.01220703125,-0.45166015625,-0.29296875,-0.72021484375,0.390625,-0.23193359375,-0.1708984375,-0.72021484375,-0.0244140625,-0.40283203125,-0.40283203125,0.6103515625,0.1220703125,3.2470703125,0.1708984375,0.8056640625,-0.59814453125,0.08544921875,-0.2197265625,1.025390625,0.06103515625,0.5126953125,0.2685546875,0.45166015625,0.76904296875,0.91552734375,0.35400390625,-0.1953125,0.06103515625,1.03759765625,-0.23193359375,2.81982421875,0.06103515625,0.72021484375,-0.09765625,0.76904296875,-0.35400390625,1.025390625,0.2685546875,0.830078125,0.13427734375,-0.03662109375,-0.15869140625,1.2939453125,-0.37841796875,-0.8544921875,0.10986328125,0.10986328125,0.15869140625,-0.9033203125,-0.01220703125,-0.537109375,-0.15869140625,-1.4404296875,-0.06103515625,-0.29296875,0.1953125,-0.390625,-0.10986328125,-1.11083984375,0.13427734375,-0.732421875,-0.15869140625,-0.64697265625,-0.06103515625,-0.6103515625,-0.03662109375,-0.03662109375,-0.20751953125,-0.87890625,-0.10986328125,-1.67236328125,-0.29296875,-1.25732421875,0.01220703125,0.0244140625,0.23193359375,0.28076171875,-0.09765625,-0.0244140625,-0.048828125,-0.08544921875,-0.06103515625,0.146484375,-0.01220703125,2.01416015625,-0.09765625,3.759765625,-0.0732421875,1.07421875,-0.06103515625,2.099609375
1,-0.03662109375,-0.3662109375,-0.244140625,-0.37841796875,0.09765625,-0.4638671875,0.03662109375,-0.06103515625,-0.01220703125,-0.1220703125,-0.146484375,-0.9033203125,-0.08544921875,1.06201171875,-0.08544921875,-0.15869140625,-0.048828125,-0.6103515625,0.18310546875,-0.13427734375,0.18310546875,0.81787109375,-0.2197265625,-0.6591796875,-0.30517578125,-0.146484375,-0.20751953125,-0.84228515625,0,1.74560546875,-0.048828125,0.25634765625,0.18310546875,-0.72021484375,0.6103515625,-1.03759765625,0.0244140625,-0.5615234375,-0.30517578125,-0.89111328125,0.35400390625,-0.244140625,-0.15869140625,-0.74462890625,0,-0.40283203125,-0.341796875,0.6103515625,0.10986328125,3.99169921875,0.146484375,0.9765625,-0.54931640625,0.1708984375,-0.3173828125,1.15966796875,0.10986328125,0.54931640625,0.15869140625,0.45166015625,0.537109375,0.927734375,0.390625,-0.2197265625,0.09765625,0.87890625,-0.10986328125,2.44140625,0,0.62255859375,-0.03662109375,0.67138671875,-0.2685546875,0.9521484375,0.3173828125,0.84228515625,0.08544921875,-0.048828125,-0.1708984375,1.28173828125,-0.35400390625,-0.9765625,0.1708984375,0.01220703125,0.09765625,-0.9521484375,-0.048828125,-0.5859375,-0.09765625,-1.416015625,-0.06103515625,-0.29296875,0.08544921875,-0.390625,-0.08544921875,-1.0986328125,0.0732421875,-0.69580078125,-0.1220703125,-0.6591796875,-0.09765625,-0.59814453125,-0.146484375,-0.048828125,-0.1708984375,-0.732421875,-0.09765625,-1.6357421875,-0.29296875,-1.18408203125,0.0244140625,0.15869140625,0.20751953125,0.28076171875,-0.1220703125,-0.03662109375,-0.048828125,-0.09765625,-0.06103515625,0.146484375,-0.0244140625,1.57470703125,-0.10986328125,3.1982421875,-0.06103515625,0.732421875,-0.06103515625,1.5869140625
1,-0.0732421875,-0.244140625,-0.15869140625,-0.37841796875,0.15869140625,-0.45166015625,0.03662109375,-0.0732421875,-0.06103515625,-0.08544921875,-0.13427734375,-0.9033203125,-0.0732421875,1.08642578125,-0.08544921875,-0.1953125,-0.0244140625,-0.62255859375,0.18310546875,-0.13427734375,0.18310546875,0.830078125,-0.20751953125,-0.64697265625,-0.2685546875,-0.25634765625,-0.1708984375,-1.0009765625,-0.03662109375,1.03759765625,-0.0244140625,0.09765625,0.2197265625,-0.8056640625,0.64697265625,-1.35498046875,0.0732421875,-0.634765625,-0.28076171875,-1.0009765625,0.2685546875,-0.244140625,-0.08544921875,-0.72021484375,0.0244140625,-0.42724609375,-0.3173828125,0.59814453125,0.30517578125,4.84619140625,0.1220703125,1.13525390625,-0.52490234375,0.25634765625,-0.390625,1.3427734375,0.18310546875,0.54931640625,0.08544921875,0.4638671875,0.30517578125,0.91552734375,0.42724609375,-0.2197265625,0.048828125,0.732421875,0.06103515625,2.0751953125,-0.048828125,0.537109375,0.03662109375,0.5859375,-0.1220703125,0.87890625,0.28076171875,0.8056640625,0.03662109375,-0.06103515625,-0.1708984375,1.26953125,-0.29296875,-1.0498046875,0.2197265625,-0.048828125,-0.01220703125,-0.9765625,-0.048828125,-0.62255859375,-0.08544921875,-1.40380859375,-0.08544921875,-0.29296875,-0.0732421875,-0.40283203125,-0.0732421875,-1.07421875,-0.01220703125,-0.67138671875,-0.08544921875,-0.64697265625,-0.03662109375,-0.5615234375,-0.244140625,-0.0244140625,-0.1953125,-0.62255859375,-0.1708984375,-1.5625,-0.32958984375,-1.13525390625,-0.0244140625,0.29296875,0.1953125,0.29296875,-0.13427734375,-0.0244140625,-0.0732421875,-0.0732421875,-0.0732421875,0.15869140625,-0.03662109375,1.1474609375,-0.09765625,2.67333984375,-0.0732421875,0.439453125,-0.08544921875,1.08642578125
1,-0.048828125,-0.15869140625,-0.15869140625,-0.37841796875,0.1708984375,-0.439453125,0.03662109375,-0.08544921875,-0.1220703125,-0.0244140625,-0.1220703125,-0.89111328125,-0.09765625,1.0986328125,-0.08544921875,-0.20751953125,0.01220703125,-0.59814453125,0.20751953125,-0.13427734375,0.146484375,0.8544921875,-0.2197265625,-0.64697265625,-0.25634765625,-0.341796875,-0.1220703125,-1.08642578125,-0.0732421875,0.5126953125,-0.03662109375,-0.01220703125,0.1953125,-0.830078125,0.64697265625,-1.416015625,0.10986328125,-0.6591796875,-0.3173828125,-1.0498046875,0.1953125,-0.25634765625,-0.048828125,-0.732421875,0.048828125,-0.439453125,-0.390625,0.6103515625,0.47607421875,5.6884765625,0.1220703125,1.35498046875,-0.48828125,0.40283203125,-0.45166015625,1.50146484375,0.1953125,0.5615234375,0.0732421875,0.4638671875,0.28076171875,0.89111328125,0.42724609375,-0.1953125,-0.048828125,0.62255859375,0.146484375,1.77001953125,-0.048828125,0.45166015625,0.0732421875,0.48828125,-0.01220703125,0.79345703125,0.1953125,0.79345703125,-0.03662109375,-0.06103515625,-0.1708984375,1.25732421875,-0.2685546875,-1.08642578125,0.28076171875,-0.10986328125,-0.1953125,-0.98876953125,-0.03662109375,-0.68359375,-0.06103515625,-1.40380859375,-0.048828125,-0.2685546875,-0.1953125,-0.390625,0.01220703125,-1.01318359375,-0.06103515625,-0.6591796875,-0.0244140625,-0.634765625,-0.0244140625,-0.54931640625,-0.341796875,-0.01220703125,-0.1708984375,-0.48828125,-0.18310546875,-1.45263671875,-0.35400390625,-1.08642578125,-0.0244140625,0.4638671875,0.23193359375,0.29296875,-0.13427734375,-0.048828125,-0.06103515625,-0.048828125,-0.08544921875,0.15869140625,-0.06103515625,0.6591796875,-0.10986328125,2.13623046875,-0.0732421875,0.13427734375,-0.0732421875,0.57373046875
1,-0.0732421875,-0.1220703125,-0.18310546875,-0.37841796875,0.1708984375,-0.439453125,0.06103515625,-0.09765625,-0.1220703125,0,-0.1220703125,-0.9033203125,-0.10986328125,1.08642578125,-0.0732421875,-0.1953125,0.01220703125,-0.59814453125,0.18310546875,-0.13427734375,0.08544921875,0.8544921875,-0.2197265625,-0.62255859375,-0.23193359375,-0.37841796875,-0.06103515625,-1.08642578125,-0.146484375,0.29296875,-0.0732421875,-0.03662109375,0.1953125,-0.74462890625,0.72021484375,-1.20849609375,0.0732421875,-0.59814453125,-0.3173828125,-0.9765625,0.08544921875,-0.244140625,-0.03662109375,-0.72021484375,0.1220703125,-0.4638671875,-0.40283203125,0.6103515625,0.54931640625,6.43310546875,0.10986328125,1.55029296875,-0.4150390625,0.537109375,-0.50048828125,1.64794921875,0.20751953125,0.57373046875,0.048828125,0.4638671875,0.18310546875,0.87890625,0.45166015625,-0.18310546875,-0.1220703125,0.537109375,0.2685546875,1.52587890625,-0.06103515625,0.4150390625,0.10986328125,0.45166015625,0.03662109375,0.68359375,0.09765625,0.78125,-0.08544921875,-0.0732421875,-0.146484375,1.25732421875,-0.28076171875,-1.08642578125,0.341796875,-0.1220703125,-0.32958984375,-0.9765625,-0.0244140625,-0.7080078125,-0.0732421875,-1.35498046875,-0.06103515625,-0.2685546875,-0.29296875,-0.390625,0.0244140625,-0.98876953125,-0.09765625,-0.6591796875,0,-0.68359375,-0.0732421875,-0.54931640625,-0.390625,0,-0.146484375,-0.390625,-0.13427734375,-1.35498046875,-0.32958984375,-1.0498046875,0.01220703125,0.6103515625,0.23193359375,0.3173828125,-0.09765625,-0.06103515625,-0.0732421875,-0.0244140625,-0.0732421875,0.146484375,-0.06103515625,0.20751953125,-0.1220703125,1.57470703125,-0.0732421875,-0.18310546875,-0.06103515625,0.03662109375
1,-0.08544921875,-0.10986328125,-0.20751953125,-0.3662109375,0.15869140625,-0.42724609375,0.0732421875,-0.08544921875,-0.15869140625,0.01220703125,-0.13427734375,-0.9033203125,-0.1220703125,1.08642578125,-0.0732421875,-0.18310546875,0.0244140625,-0.6103515625,0.1708984375,-0.1220703125,0.0244140625,0.8544921875,-0.1708984375,-0.6103515625,-0.2197265625,-0.341796875,-0.03662109375,-1.03759765625,-0.13427734375,0.37841796875,-0.13427734375,0.0244140625,0.18310546875,-0.5615234375,0.69580078125,-0.7080078125,0.048828125,-0.50048828125,-0.29296875,-0.830078125,0.10986328125,-0.25634765625,-0.03662109375,-0.72021484375,0.146484375,-0.4638671875,-0.47607421875,0.62255859375,0.5859375,7.080078125,0.1220703125,1.708984375,-0.37841796875,0.634765625,-0.47607421875,1.79443359375,0.2197265625,0.57373046875,0.0244140625,0.47607421875,0.2685546875,0.87890625,0.45166015625,-0.13427734375,-0.1953125,0.50048828125,0.2685546875,1.3916015625,-0.01220703125,0.390625,0.13427734375,0.390625,0.08544921875,0.5859375,0.01220703125,0.76904296875,-0.13427734375,-0.06103515625,-0.10986328125,1.26953125,-0.23193359375,-1.03759765625,0.3662109375,-0.10986328125,-0.4638671875,-0.96435546875,-0.01220703125,-0.69580078125,-0.10986328125,-1.3427734375,-0.03662109375,-0.25634765625,-0.30517578125,-0.37841796875,0.06103515625,-0.93994140625,-0.1220703125,-0.6591796875,0,-0.67138671875,-0.06103515625,-0.537109375,-0.4150390625,0.01220703125,-0.20751953125,-0.341796875,-0.146484375,-1.23291015625,-0.3662109375,-1.01318359375,0.01220703125,0.68359375,0.20751953125,0.3173828125,-0.10986328125,-0.06103515625,-0.0732421875,0.01220703125,-0.09765625,0.15869140625,-0.048828125,-0.28076171875,-0.146484375,1.0009765625,-0.06103515625,-0.47607421875,-0.0732421875,-0.48828125
1,-0.0732421875,-0.13427734375,-0.2197265625,-0.37841796875,0.13427734375,-0.42724609375,0.08544921875,-0.09765625,-0.1708984375,0.01220703125,-0.146484375,-0.9033203125,-0.13427734375,1.0498046875,-0.08544921875,-0.15869140625,0.048828125,-0.62255859375,0.15869140625,-0.1220703125,0,0.86669921875,-0.1708984375,-0.59814453125,-0.18310546875,-0.244140625,-0.01220703125,-0.91552734375,-0.146484375,0.830078125,-0.13427734375,0.1708984375,0.13427734375,-0.3173828125,0.67138671875,0.01220703125,0,-0.32958984375,-0.29296875,-0.6103515625,0.10986328125,-0.244140625,-0.10986328125,-0.7080078125,0.1953125,-0.47607421875,-0.50048828125,0.62255859375,0.537109375,7.53173828125,0.10986328125,1.81884765625,-0.3173828125,0.74462890625,-0.4150390625,1.86767578125,0.25634765625,0.5859375,0.01220703125,0.47607421875,0.15869140625,0.89111328125,0.4150390625,-0.10986328125,-0.1953125,0.537109375,0.15869140625,1.4404296875,0.01220703125,0.40283203125,0.08544921875,0.37841796875,0.0732421875,0.47607421875,-0.0244140625,0.78125,-0.13427734375,-0.03662109375,-0.09765625,1.25732421875,-0.2685546875,-0.9521484375,0.341796875,-0.06103515625,-0.5859375,-0.9765625,-0.08544921875,-0.64697265625,-0.13427734375,-1.3671875,-0.06103515625,-0.28076171875,-0.28076171875,-0.37841796875,0.03662109375,-0.9521484375,-0.13427734375,-0.64697265625,0.0244140625,-0.67138671875,-0.0732421875,-0.57373046875,-0.37841796875,0,-0.1708984375,-0.341796875,-0.15869140625,-1.171875,-0.390625,-0.98876953125,0.08544921875,0.7080078125,0.1953125,0.341796875,-0.09765625,-0.06103515625,-0.06103515625,-0.01220703125,-0.10986328125,0.146484375,-0.09765625,-0.732421875,-0.20751953125,0.5126953125,-0.1220703125,-0.79345703125,-0.09765625,-0.98876953125
0,-0.03662109375,-0.18310546875,-0.2685546875,-0.341796875,0.10986328125,-0.42724609375,0.10986328125,-0.0732421875,-0.1708984375,-0.0244140625,-0.13427734375,-0.91552734375,-0.13427734375,1.025390625,-0.09765625,-0.1220703125,0.03662109375,-0.5859375,0.13427734375,-0.09765625,-0.0244140625,0.86669921875,-0.1708984375,-0.5859375,-0.1708984375,-0.0732421875,0.01220703125,-0.732421875,-0.2197265625,1.59912109375,-0.13427734375,0.37841796875,0.03662109375,-0.0244140625,0.537109375,0.86669921875,-0.0244140625,-0.146484375,-0.244140625,-0.3662109375,0.1708984375,-0.244140625,-0.2197265625,-0.69580078125,0.2197265625,-0.439453125,-0.5126953125,0.6103515625,0.5615234375,7.7392578125,0.15869140625,1.8798828125,-0.2685546875,0.81787109375,-0.35400390625,1.904296875,0.29296875,0.57373046875,-0.01220703125,0.47607421875,0.146484375,0.93994140625,0.35400390625,-0.10986328125,-0.146484375,0.62255859375,0.2197265625,1.6357421875,0.0732421875,0.45166015625,0.048828125,0.45166015625,0.06103515625,0.40283203125,-0.09765625,0.78125,-0.06103515625,-0.03662109375,-0.1220703125,1.25732421875,-0.25634765625,-0.89111328125,0.32958984375,-0.048828125,-0.5615234375,-0.9521484375,-0.08544921875,-0.64697265625,-0.1708984375,-1.37939453125,-0.09765625,-0.30517578125,-0.23193359375,-0.37841796875,-0.0244140625,-0.98876953125,-0.1220703125,-0.6591796875,0.0732421875,-0.68359375,-0.048828125,-0.5859375,-0.341796875,0.01220703125,-0.13427734375,-0.37841796875,-0.18310546875,-1.123046875,-0.37841796875,-0.98876953125,0.1953125,0.7080078125,0.18310546875,0.32958984375,-0.0732421875,-0.0732421875,-0.0732421875,0.01220703125,-0.1220703125,0.13427734375,-0.06103515625,-1.08642578125,-0.2197265625,0.09765625,-0.1220703125,-1.0498046875,-0.0244140625,-1.3916015625
0,-0.048828125,-0.23193359375,-0.28076171875,-0.341796875,0.08544921875,-0.439453125,0.1220703125,-0.08544921875,-0.18310546875,-0.06103515625,-0.13427734375,-0.9033203125,-0.13427734375,1.025390625,-0.08544921875,-0.09765625,0,-0.59814453125,0.09765625,-0.09765625,-0.01220703125,0.89111328125,-0.1708984375,-0.59814453125,-0.18310546875,0.1220703125,-0.03662109375,-0.47607421875,-0.13427734375,2.57568359375,-0.13427734375,0.634765625,-0.03662109375,0.28076171875,0.50048828125,1.79443359375,-0.03662109375,0.03662109375,-0.25634765625,-0.08544921875,0.2197265625,-0.244140625,-0.3662109375,-0.68359375,0.2197265625,-0.42724609375,-0.50048828125,0.57373046875,0.52490234375,7.67822265625,0.18310546875,1.8798828125,-0.2197265625,0.81787109375,-0.32958984375,1.89208984375,0.28076171875,0.5859375,-0.01220703125,0.4638671875,0.09765625,0.96435546875,0.25634765625,-0.1220703125,-0.13427734375,0.79345703125,0.2197265625,2.06298828125,0.08544921875,0.57373046875,0,0.54931640625,0.08544921875,0.32958984375,-0.1220703125,0.79345703125,0.0244140625,-0.01220703125,-0.20751953125,1.28173828125,-0.25634765625,-0.84228515625,0.2685546875,-0.01220703125,-0.4638671875,-0.9521484375,-0.06103515625,-0.64697265625,-0.15869140625,-1.4404296875,-0.15869140625,-0.341796875,-0.048828125,-0.40283203125,-0.03662109375,-1.025390625,-0.08544921875,-0.67138671875,0.0732421875,-0.67138671875,-0.03662109375,-0.59814453125,-0.23193359375,0.01220703125,-0.048828125,-0.40283203125,-0.1953125,-1.0986328125,-0.35400390625,-0.96435546875,0.30517578125,0.6591796875,0.1953125,0.3173828125,-0.0732421875,-0.08544921875,-0.08544921875,0.01220703125,-0.1220703125,0.10986328125,-0.01220703125,-1.33056640625,-0.1708984375,-0.1953125,-0.10986328125,-1.1962890625,0.048828125,-1.67236328125
0,-0.09765625,-0.25634765625,-0.30517578125,-0.35400390625,0.06103515625,-0.439453125,0.13427734375,-0.08544921875,-0.20751953125,-0.08544921875,-0.13427734375,-0.9033203125,-0.13427734375,1.025390625,-0.10986328125,-0.10986328125,-0.03662109375,-0.59814453125,0.08544921875,-0.10986328125,0,0.87890625,-0.15869140625,-0.59814453125,-0.18310546875,0.3662109375,-0.0732421875,-0.23193359375,-0.13427734375,3.67431640625,-0.09765625,0.91552734375,-0.146484375,0.5615234375,0.37841796875,2.6611328125,-0.0732421875,0.244140625,-0.28076171875,0.20751953125,0.2685546875,-0.244140625,-0.52490234375,-0.68359375,0.20751953125,-0.40283203125,-0.537109375,0.57373046875,0.3662109375,7.43408203125,0.1708984375,1.81884765625,-0.15869140625,0.79345703125,-0.3173828125,1.84326171875,0.28076171875,0.57373046875,0,0.439453125,0.01220703125,0.9765625,0.15869140625,-0.13427734375,-0.048828125,1.0498046875,0.10986328125,2.63671875,0.09765625,0.74462890625,-0.01220703125,0.732421875,0.0244140625,0.244140625,-0.1220703125,0.81787109375,0.09765625,-0.0244140625,-0.25634765625,1.26953125,-0.28076171875,-0.8056640625,0.1708984375,-0.03662109375,-0.37841796875,-0.93994140625,-0.06103515625,-0.634765625,-0.13427734375,-1.4892578125,-0.2197265625,-0.37841796875,0.048828125,-0.439453125,-0.06103515625,-1.08642578125,-0.10986328125,-0.68359375,0.10986328125,-0.67138671875,-0.06103515625,-0.6103515625,-0.146484375,-0.01220703125,0.01220703125,-0.439453125,-0.20751953125,-1.08642578125,-0.341796875,-0.96435546875,0.341796875,0.6103515625,0.18310546875,0.3173828125,-0.0732421875,-0.0732421875,-0.06103515625,0.01220703125,-0.13427734375,0.09765625,0,-1.4404296875,-0.146484375,-0.3173828125,-0.10986328125,-1.2939453125,0.0732421875,-1.806640625
0,-0.20751953125,-0.28076171875,-0.3173828125,-0.37841796875,0.0732421875,-0.439453125,0.13427734375,-0.06103515625,-0.1953125,-0.10986328125,-0.13427734375,-0.9033203125,-0.13427734375,1.01318359375,-0.06103515625,-0.10986328125,-0.0732421875,-0.59814453125,0.0732421875,-0.13427734375,0.08544921875,0.86669921875,-0.18310546875,-0.6103515625,-0.1708984375,0.59814453125,-0.0732421875,0,-0.10986328125,4.7607421875,-0.06103515625,1.15966796875,-0.1220703125,0.8056640625,0.2685546875,3.3935546875,-0.08544921875,0.390625,-0.30517578125,0.42724609375,0.29296875,-0.25634765625,-0.62255859375,-0.68359375,0.1708984375,-0.40283203125,-0.52490234375,0.52490234375,0.1953125,6.982421875,0.146484375,1.708984375,-0.1220703125,0.732421875,-0.30517578125,1.7578125,0.25634765625,0.5615234375,-0.01220703125,0.439453125,0.08544921875,0.98876953125,0.13427734375,-0.15869140625,-0.03662109375,1.37939453125,-0.048828125,3.3935546875,0.0732421875,0.96435546875,-0.0244140625,0.9765625,0,0.1953125,-0.13427734375,0.8056640625,0.1708984375,-0.01220703125,-0.30517578125,1.28173828125,-0.244140625,-0.84228515625,0.146484375,-0.06103515625,-0.15869140625,-0.927734375,0.0244140625,-0.6591796875,-0.13427734375,-1.55029296875,-0.28076171875,-0.40283203125,0.1953125,-0.439453125,-0.0732421875,-1.13525390625,-0.146484375,-0.7080078125,0.10986328125,-0.67138671875,-0.048828125,-0.6103515625,-0.06103515625,-0.03662109375,0.03662109375,-0.48828125,-0.2197265625,-1.13525390625,-0.35400390625,-0.9765625,0.341796875,0.54931640625,0.1953125,0.30517578125,-0.048828125,-0.06103515625,-0.0732421875,0.01220703125,-0.1220703125,0.06103515625,0.03662109375,-1.3916015625,-0.10986328125,-0.28076171875,-0.1220703125,-1.28173828125,0.09765625,-1.7822265625
0,-0.25634765625,-0.2685546875,-0.30517578125,-0.37841796875,0.09765625,-0.42724609375,0.10986328125,-0.06103515625,-0.25634765625,-0.1220703125,-0.1220703125,-0.9033203125,-0.146484375,1.025390625,-0.048828125,-0.15869140625,-0.1220703125,-0.5859375,0.06103515625,-0.146484375,0.1220703125,0.830078125,-0.20751953125,-0.6103515625,-0.1953125,0.79345703125,-0.08544921875,0.2197265625,-0.244140625,5.76171875,-0.0244140625,1.37939453125,-0.09765625,0.96435546875,0.1220703125,3.91845703125,-0.06103515625,0.52490234375,-0.35400390625,0.5859375,0.32958984375,-0.244140625,-0.68359375,-0.68359375,0.146484375,-0.42724609375,-0.42724609375,0.50048828125,0.03662109375,6.4697265625,0.09765625,1.5869140625,-0.06103515625,0.62255859375,-0.244140625,1.64794921875,0.2685546875,0.5615234375,0,0.45166015625,0.048828125,1.0009765625,0.06103515625,-0.1708984375,0.01220703125,1.74560546875,-0.15869140625,4.23583984375,0.0244140625,1.20849609375,-0.048828125,1.220703125,-0.06103515625,0.15869140625,-0.15869140625,0.8056640625,0.1953125,-0.0244140625,-0.30517578125,1.2939453125,-0.244140625,-0.87890625,0.0732421875,-0.09765625,0.0244140625,-0.927734375,0.03662109375,-0.67138671875,-0.10986328125,-1.5625,-0.32958984375,-0.40283203125,0.244140625,-0.3662109375,-0.10986328125,-1.171875,-0.146484375,-0.68359375,0.15869140625,-0.67138671875,-0.1220703125,-0.59814453125,0.0244140625,-0.0732421875,0.048828125,-0.52490234375,-0.2197265625,-1.171875,-0.341796875,-0.9765625,0.2685546875,0.5126953125,0.20751953125,0.29296875,-0.03662109375,-0.048828125,-0.0732421875,-0.048828125,-0.10986328125,0.0732421875,0.048828125,-1.220703125,-0.0732421875,-0.09765625,-0.13427734375,-1.171875,0.09765625,-1.62353515625
0,-0.3662109375,-0.244140625,-0.28076171875,-0.390625,0.09765625,-0.42724609375,0.09765625,-0.0732421875,-0.2685546875,-0.1220703125,-0.1220703125,-0.91552734375,-0.146484375,1.025390625,-0.01220703125,-0.15869140625,-0.146484375,-0.5859375,0.08544921875,-0.13427734375,0.18310546875,0.84228515625,-0.23193359375,-0.62255859375,-0.23193359375,0.9765625,-0.08544921875,0.3662109375,-0.32958984375,6.53076171875,0.01220703125,1.5380859375,-0.01220703125,1.06201171875,0.08544921875,4.23583984375,-0.08544921875,0.62255859375,-0.3662109375,0.69580078125,0.32958984375,-0.23193359375,-0.634765625,-0.69580078125,0.10986328125,-0.42724609375,-0.3662109375,0.48828125,-0.0732421875,5.95703125,0.06103515625,1.4404296875,-0.06103515625,0.537109375,-0.23193359375,1.55029296875,0.3173828125,0.54931640625,0,0.439453125,0.09765625,1.025390625,-0.03662109375,-0.23193359375,0.03662109375,2.1240234375,-0.13427734375,5.078125,-0.06103515625,1.45263671875,-0.0732421875,1.4892578125,-0.146484375,0.13427734375,-0.15869140625,0.78125,0.20751953125,-0.01220703125,-0.29296875,1.28173828125,-0.244140625,-0.91552734375,0.06103515625,-0.1220703125,0.1708984375,-0.91552734375,0.048828125,-0.67138671875,-0.06103515625,-1.50146484375,-0.341796875,-0.37841796875,0.1953125,-0.20751953125,-0.1220703125,-1.1962890625,-0.1220703125,-0.68359375,0.23193359375,-0.6591796875,-0.1953125,-0.57373046875,0.06103515625,-0.0732421875,-0.01220703125,-0.5126953125,-0.2197265625,-1.23291015625,-0.32958984375,-0.9765625,0.18310546875,0.48828125,0.23193359375,0.29296875,-0.03662109375,-0.03662109375,-0.06103515625,-0.048828125,-0.10986328125,0.08544921875,0.0244140625,-0.9521484375,-0.08544921875,0.20751953125,-0.1220703125,-1.025390625,0.0732421875,-1.318359375
0,-0.439453125,-0.23193359375,-0.28076171875,-0.37841796875,0.13427734375,-0.4150390625,0.08544921875,-0.08544921875,-0.28076171875,-0.09765625,-0.09765625,-0.9033203125,-0.146484375,1.06201171875,0,-0.15869140625,-0.1708984375,-0.57373046875,0.09765625,-0.13427734375,0.244140625,0.8544921875,-0.23193359375,-0.62255859375,-0.2685546875,1.08642578125,-0.08544921875,0.439453125,-0.3662109375,7.0556640625,0.03662109375,1.62353515625,0.048828125,1.07421875,0.06103515625,4.33349609375,-0.10986328125,0.68359375,-0.35400390625,0.732421875,0.3173828125,-0.23193359375,-0.50048828125,-0.69580078125,0.03662109375,-0.4638671875,-0.3662109375,0.50048828125,-0.1708984375,5.48095703125,-0.03662109375,1.33056640625,-0.09765625,0.439453125,-0.146484375,1.4404296875,0.2685546875,0.5615234375,-0.0244140625,0.439453125,0.09765625,1.025390625,-0.146484375,-0.25634765625,0.06103515625,2.47802734375,-0.10986328125,5.8349609375,-0.10986328125,1.67236328125,-0.09765625,1.7333984375,-0.1953125,0.10986328125,-0.13427734375,0.72021484375,0.1953125,-0.0244140625,-0.23193359375,1.30615234375,-0.2685546875,-0.9521484375,0.01220703125,-0.15869140625,0.29296875,-0.91552734375,0.03662109375,-0.69580078125,0.01220703125,-1.45263671875,-0.3662109375,-0.30517578125,0.06103515625,0.08544921875,-0.1708984375,-1.123046875,-0.0732421875,-0.67138671875,0.20751953125,-0.634765625,-0.244140625,-0.5615234375,0.0732421875,-0.10986328125,0.0244140625,-0.52490234375,-0.15869140625,-1.26953125,-0.3173828125,-0.9765625,0.15869140625,0.48828125,0.23193359375,0.29296875,-0.048828125,-0.0244140625,-0.0732421875,-0.03662109375,-0.09765625,0.09765625,0.01220703125,-0.6591796875,-0.06103515625,0.537109375,-0.09765625,-0.79345703125,0.06103515625,-0.98876953125
0,-0.537109375,-0.2197265625,-0.25634765625,-0.390625,0.15869140625,-0.390625,0.09765625,-0.08544921875,-0.28076171875,-0.06103515625,-0.08544921875,-0.91552734375,-0.13427734375,1.0498046875,0.03662109375,-0.15869140625,-0.18310546875,-0.57373046875,0.15869140625,-0.146484375,0.29296875,0.8544921875,-0.1708984375,-0.62255859375,-0.32958984375,1.15966796875,-0.08544921875,0.48828125,-0.3662109375,7.28759765625,0.03662109375,1.66015625,0.13427734375,1.01318359375,0.13427734375,4.23583984375,-0.13427734375,0.68359375,-0.32958984375,0.68359375,0.32958984375,-0.25634765625,-0.3173828125,-0.7080078125,0.03662109375,-0.4638671875,-0.32958984375,0.5126953125,-0.09765625,5.1513671875,-0.18310546875,1.2451171875,-0.10986328125,0.37841796875,-0.08544921875,1.3916015625,0.32958984375,0.57373046875,0,0.439453125,0.13427734375,0.98876953125,-0.23193359375,-0.2685546875,0.13427734375,2.7587890625,-0.2197265625,6.4697265625,-0.1708984375,1.86767578125,-0.09765625,1.91650390625,-0.28076171875,0.10986328125,-0.10986328125,0.78125,0.1953125,-0.03662109375,-0.15869140625,1.28173828125,-0.29296875,-0.96435546875,0.01220703125,-0.146484375,0.3173828125,-0.927734375,0.06103515625,-0.69580078125,0.0732421875,-1.2939453125,-0.37841796875,-0.15869140625,0.09765625,0.5126953125,-0.1708984375,-0.96435546875,-0.0244140625,-0.68359375,0.2197265625,-0.6591796875,-0.28076171875,-0.5615234375,0.03662109375,-0.1220703125,-0.06103515625,-0.5126953125,-0.146484375,-1.26953125,-0.3173828125,-1.0009765625,0.15869140625,0.5126953125,0.20751953125,0.3173828125,-0.0244140625,-0.01220703125,-0.0732421875,-0.01220703125,-0.08544921875,0.146484375,0,-0.40283203125,0,0.8056640625,-0.10986328125,-0.5615234375,0.0244140625,-0.6591796875
0,-0.62255859375,-0.2197265625,-0.2197265625,-0.390625,0.1953125,-0.4150390625,0.1220703125,-0.08544921875,-0.28076171875,-0.048828125,-0.08544921875,-0.9033203125,-0.146484375,1.07421875,0.048828125,-0.18310546875,-0.2197265625,-0.5859375,0.20751953125,-0.146484375,0.29296875,0.84228515625,-0.10986328125,-0.62255859375,-0.341796875,1.1474609375,-0.09765625,0.439453125,-0.29296875,7.23876953125,-0.01220703125,1.611328125,0.146484375,0.93994140625,0.23193359375,3.9794921875,-0.15869140625,0.6103515625,-0.341796875,0.6103515625,0.28076171875,-0.25634765625,-0.15869140625,-0.72021484375,0.01220703125,-0.47607421875,-0.3173828125,0.52490234375,-0.048828125,4.94384765625,-0.32958984375,1.220703125,-0.18310546875,0.3662109375,-0.03662109375,1.35498046875,0.37841796875,0.5859375,-0.06103515625,0.439453125,0.06103515625,0.9765625,-0.25634765625,-0.2685546875,0.13427734375,2.9541015625,-0.2685546875,6.8603515625,-0.25634765625,1.9775390625,-0.1220703125,2.03857421875,-0.28076171875,0.08544921875,-0.146484375,0.732421875,0.18310546875,-0.03662109375,-0.06103515625,1.28173828125,-0.2197265625,-0.96435546875,0.01220703125,-0.146484375,0.37841796875,-0.91552734375,0.0732421875,-0.6591796875,0.1953125,-1.0986328125,-0.35400390625,0.03662109375,0.0244140625,1.07421875,-0.13427734375,-0.69580078125,-0.03662109375,-0.67138671875,0.18310546875,-0.67138671875,-0.30517578125,-0.57373046875,-0.048828125,-0.10986328125,-0.1220703125,-0.47607421875,-0.08544921875,-1.28173828125,-0.30517578125,-1.01318359375,0.09765625,0.52490234375,0.1953125,0.32958984375,0,-0.0244140625,-0.048828125,-0.048828125,-0.0732421875,0.15869140625,-0.01220703125,-0.244140625,0.048828125,1.025390625,-0.10986328125,-0.439453125,0.03662109375,-0.42724609375
0,-0.67138671875,-0.244140625,-0.23193359375,-0.390625,0.20751953125,-0.4150390625,0.15869140625,-0.0732421875,-0.2685546875,-0.01220703125,-0.1220703125,-0.927734375,-0.18310546875,1.06201171875,0.048828125,-0.18310546875,-0.23193359375,-0.59814453125,0.2197265625,-0.13427734375,0.341796875,0.84228515625,-0.03662109375,-0.62255859375,-0.341796875,1.06201171875,-0.146484375,0.37841796875,-0.20751953125,6.92138671875,-0.048828125,1.50146484375,0.146484375,0.8056640625,0.29296875,3.60107421875,-0.146484375,0.50048828125,-0.29296875,0.50048828125,0.2197265625,-0.2685546875,-0.01220703125,-0.7080078125,-0.01220703125,-0.47607421875,-0.35400390625,0.54931640625,0.03662109375,4.89501953125,-0.50048828125,1.23291015625,-0.25634765625,0.3662109375,0.06103515625,1.3427734375,0.3662109375,0.5859375,-0.048828125,0.439453125,-0.048828125,0.9521484375,-0.244140625,-0.244140625,0.13427734375,3.01513671875,-0.29296875,6.982421875,-0.3173828125,2.01416015625,-0.146484375,2.0263671875,-0.29296875,0.09765625,-0.1708984375,0.72021484375,0.13427734375,-0.048828125,0.048828125,1.28173828125,-0.2685546875,-0.93994140625,0,-0.0732421875,0.35400390625,-0.89111328125,0.0732421875,-0.634765625,0.244140625,-0.830078125,-0.30517578125,0.28076171875,-0.03662109375,1.7822265625,-0.15869140625,-0.3662109375,-0.03662109375,-0.69580078125,0.10986328125,-0.68359375,-0.28076171875,-0.537109375,-0.146484375,-0.1220703125,-0.08544921875,-0.4638671875,-0.06103515625,-1.25732421875,-0.2685546875,-1.01318359375,0.0244140625,0.52490234375,0.18310546875,0.35400390625,0.01220703125,0,-0.0732421875,-0.048828125,-0.08544921875,0.18310546875,-0.0244140625,-0.13427734375,0,1.11083984375,-0.13427734375,-0.35400390625,0.03662109375,-0.30517578125
0,-0.7080078125,-0.30517578125,-0.23193359375,-0.390625,0.2197265625,-0.4150390625,0.1708984375,-0.09765625,-0.2685546875,-0.01220703125,-0.15869140625,-0.927734375,-0.2197265625,1.07421875,0.06103515625,-0.1953125,-0.23193359375,-0.6103515625,0.23193359375,-0.13427734375,0.35400390625,0.87890625,0.03662109375,-0.6103515625,-0.29296875,0.927734375,-0.13427734375,0.2685546875,-0.146484375,6.43310546875,-0.10986328125,1.35498046875,0.0732421875,0.64697265625,0.37841796875,3.16162109375,-0.146484375,0.3662109375,-0.2685546875,0.35400390625,0.1708984375,-0.25634765625,0.09765625,-0.72021484375,-0.03662109375,-0.47607421875,-0.3173828125,0.5859375,0.0732421875,4.94384765625,-0.67138671875,1.2451171875,-0.37841796875,0.40283203125,0.10986328125,1.35498046875,0.3662109375,0.57373046875,-0.06103515625,0.42724609375,-0.13427734375,0.91552734375,-0.2197265625,-0.23193359375,0.09765625,2.9296875,-0.32958984375,6.8359375,-0.29296875,1.9775390625,-0.15869140625,1.96533203125,-0.28076171875,0.08544921875,-0.1708984375,0.7568359375,0.08544921875,-0.06103515625,0.18310546875,1.25732421875,-0.13427734375,-0.87890625,0.0244140625,-0.01220703125,0.29296875,-0.89111328125,0.0732421875,-0.59814453125,0.28076171875,-0.54931640625,-0.2197265625,0.537109375,0.06103515625,2.587890625,-0.08544921875,-0.01220703125,-0.0732421875,-0.68359375,0.03662109375,-0.6591796875,-0.28076171875,-0.5615234375,-0.25634765625,-0.10986328125,-0.15869140625,-0.45166015625,0,-1.2451171875,-0.25634765625,-1.0498046875,-0.01220703125,0.52490234375,0.146484375,0.37841796875,0.0244140625,-0.0244140625,-0.0732421875,-0.03662109375,-0.06103515625,0.20751953125,-0.03662109375,-0.1220703125,0.03662109375,1.0986328125,-0.10986328125,-0.32958984375,0.08544921875,-0.32958984375
0,-0.78125,-0.341796875,-0.2197265625,-0.42724609375,0.18310546875,-0.439453125,0.1708984375,-0.13427734375,-0.25634765625,-0.01220703125,-0.1953125,-0.927734375,-0.244140625,1.0986328125,0.06103515625,-0.2197265625,-0.1953125,-0.59814453125,0.23193359375,-0.13427734375,0.4150390625,0.87890625,0.08544921875,-0.62255859375,-0.1953125,0.78125,-0.18310546875,0.08544921875,-0.06103515625,5.7861328125,-0.1953125,1.18408203125,-0.06103515625,0.48828125,0.4638671875,2.72216796875,-0.15869140625,0.23193359375,-0.20751953125,0.2197265625,0.13427734375,-0.29296875,0.1220703125,-0.72021484375,-0.13427734375,-0.4638671875,-0.3173828125,0.5859375,0.18310546875,5.06591796875,-0.74462890625,1.2939453125,-0.47607421875,0.4150390625,0.10986328125,1.35498046875,0.32958984375,0.5859375,-0.09765625,0.390625,-0.1220703125,0.927734375,-0.146484375,-0.1953125,0.06103515625,2.7587890625,-0.32958984375,6.4453125,-0.23193359375,1.85546875,-0.23193359375,1.7822265625,-0.20751953125,0.1220703125,-0.146484375,0.74462890625,0.08544921875,-0.048828125,0.2197265625,1.2451171875,-0.15869140625,-0.8056640625,0.03662109375,0.0732421875,0.244140625,-0.87890625,0.0244140625,-0.5615234375,0.28076171875,-0.25634765625,-0.13427734375,0.8056640625,0.09765625,3.3935546875,-0.048828125,0.37841796875,-0.1220703125,-0.68359375,-0.048828125,-0.6591796875,-0.2685546875,-0.57373046875,-0.3173828125,-0.06103515625,-0.146484375,-0.4150390625,-0.0244140625,-1.220703125,-0.244140625,-1.06201171875,-0.03662109375,0.52490234375,0.10986328125,0.3662109375,0.01220703125,-0.03662109375,-0.06103515625,-0.06103515625,-0.09765625,0.20751953125,-0.10986328125,-0.2197265625,-0.09765625,0.9521484375,-0.15869140625,-0.40283203125,0,-0.439453125
0,-0.79345703125,-0.40283203125,-0.2197265625,-0.40283203125,0.13427734375,-0.439453125,0.15869140625,-0.10986328125,-0.2685546875,-0.01220703125,-0.244140625,-0.93994140625,-0.28076171875,1.08642578125,0.08544921875,-0.1953125,-0.1708984375,-0.59814453125,0.2197265625,-0.1220703125,0.4638671875,0.87890625,0.10986328125,-0.634765625,-0.09765625,0.6103515625,-0.23193359375,-0.0732421875,-0.0244140625,5.0537109375,-0.2685546875,0.98876953125,-0.13427734375,0.341796875,0.50048828125,2.2705078125,-0.15869140625,0.10986328125,-0.1953125,0.0732421875,0.146484375,-0.28076171875,0.13427734375,-0.7080078125,-0.1708984375,-0.45166015625,-0.28076171875,0.59814453125,0.244140625,5.18798828125,-0.78125,1.318359375,-0.5615234375,0.390625,0.1220703125,1.3427734375,0.30517578125,0.57373046875,-0.048828125,0.390625,-0.1220703125,0.9033203125,-0.08544921875,-0.1708984375,0.06103515625,2.44140625,-0.3662109375,5.8837890625,-0.1708984375,1.66015625,-0.29296875,1.57470703125,-0.1953125,0.146484375,-0.13427734375,0.78125,0.10986328125,-0.03662109375,0.2685546875,1.2451171875,-0.09765625,-0.732421875,0.048828125,0.13427734375,0.1708984375,-0.87890625,-0.048828125,-0.52490234375,0.244140625,0,-0.048828125,1.0498046875,0.15869140625,4.16259765625,-0.01220703125,0.732421875,-0.1708984375,-0.69580078125,-0.08544921875,-0.64697265625,-0.244140625,-0.59814453125,-0.28076171875,-0.03662109375,-0.13427734375,-0.439453125,0.01220703125,-1.20849609375,-0.20751953125,-1.06201171875,0.0244140625,0.48828125,0.10986328125,0.390625,0.01220703125,-0.048828125,-0.06103515625,-0.06103515625,-0.1220703125,0.1953125,-0.09765625,-0.341796875,-0.1708984375,0.7568359375,-0.13427734375,-0.50048828125,0.03662109375,-0.6103515625
1,-0.86669921875,-0.45166015625,-0.2197265625,-0.3662109375,0.09765625,-0.45166015625,0.146484375,-0.09765625,-0.2685546875,-0.03662109375,-0.25634765625,-0.91552734375,-0.28076171875,1.06201171875,0.0732421875,-0.15869140625,-0.09765625,-0.59814453125,0.1953125,-0.1220703125,0.48828125,0.8544921875,0.06103515625,-0.634765625,0.01220703125,0.4150390625,-0.2685546875,-0.25634765625,0.01220703125,4.296875,-0.32958984375,0.79345703125,-0.23193359375,0.1953125,0.47607421875,1.84326171875,-0.146484375,0,-0.15869140625,-0.06103515625,0.23193359375,-0.244140625,0.13427734375,-0.69580078125,-0.13427734375,-0.42724609375,-0.32958984375,0.59814453125,0.30517578125,5.17578125,-0.7080078125,1.3427734375,-0.634765625,0.3662109375,0.10986328125,1.33056640625,0.28076171875,0.5859375,-0.01220703125,0.390625,-0.03662109375,0.89111328125,0.0244140625,-0.1708984375,0,2.06298828125,-0.3662109375,5.16357421875,-0.13427734375,1.40380859375,-0.35400390625,1.318359375,-0.15869140625,0.1953125,-0.06103515625,0.8056640625,0.15869140625,-0.03662109375,0.23193359375,1.23291015625,-0.10986328125,-0.68359375,0.06103515625,0.1708984375,0.09765625,-0.9033203125,-0.1708984375,-0.50048828125,0.1708984375,0.20751953125,-0.0244140625,1.2451171875,0.1953125,4.84619140625,0.03662109375,1.03759765625,-0.1708984375,-0.69580078125,-0.09765625,-0.64697265625,-0.2197265625,-0.59814453125,-0.244140625,-0.0244140625,-0.18310546875,-0.45166015625,0.06103515625,-1.220703125,-0.1953125,-1.08642578125,0.0732421875,0.439453125,0.08544921875,0.3662109375,0.01220703125,-0.03662109375,-0.0732421875,-0.0732421875,-0.15869140625,0.1953125,-0.0732421875,-0.48828125,-0.06103515625,0.57373046875,-0.08544921875,-0.5859375,0.03662109375,-0.78125
1,-0.93994140625,-0.439453125,-0.1953125,-0.35400390625,0.0732421875,-0.4638671875,0.09765625,-0.08544921875,-0.29296875,-0.08544921875,-0.25634765625,-0.91552734375,-0.29296875,1.03759765625,0.048828125,-0.146484375,-0.06103515625,-0.5859375,0.146484375,-0.09765625,0.50048828125,0.86669921875,-0.01220703125,-0.634765625,0.08544921875,0.244140625,-0.3173828125,-0.439453125,0.0732421875,3.55224609375,-0.30517578125,0.62255859375,-0.341796875,0.048828125,0.40283203125,1.4404296875,-0.10986328125,-0.08544921875,-0.146484375,-0.1953125,0.3173828125,-0.23193359375,0.13427734375,-0.69580078125,-0.0732421875,-0.40283203125,-0.28076171875,0.57373046875,0.341796875,4.99267578125,-0.59814453125,1.30615234375,-0.6103515625,0.30517578125,0.09765625,1.28173828125,0.18310546875,0.5859375,0.0244140625,0.390625,-0.09765625,0.86669921875,0.08544921875,-0.1708984375,-0.06103515625,1.6845703125,-0.3662109375,4.40673828125,-0.0732421875,1.13525390625,-0.40283203125,1.06201171875,-0.15869140625,0.2197265625,0.03662109375,0.8056640625,0.18310546875,-0.0244140625,0.15869140625,1.2451171875,-0.1708984375,-0.634765625,0.048828125,0.15869140625,0.03662109375,-0.9033203125,-0.28076171875,-0.52490234375,0.08544921875,0.341796875,-0.0244140625,1.3427734375,0.20751953125,5.322265625,0.08544921875,1.1962890625,-0.146484375,-0.68359375,-0.10986328125,-0.62255859375,-0.1708984375,-0.6103515625,-0.146484375,-0.0244140625,-0.13427734375,-0.52490234375,0.0244140625,-1.2451171875,-0.1953125,-1.11083984375,0.06103515625,0.40283203125,0.08544921875,0.35400390625,-0.01220703125,-0.06103515625,-0.048828125,-0.06103515625,-0.1708984375,0.1708984375,-0.1708984375,-0.59814453125,-0.1708984375,0.439453125,-0.13427734375,-0.67138671875,-0.0244140625,-0.91552734375
1,-0.9765625,-0.40283203125,-0.146484375,-0.3662109375,0.048828125,-0.47607421875,0.08544921875,-0.0732421875,-0.30517578125,-0.09765625,-0.29296875,-0.91552734375,-0.28076171875,1.01318359375,0.01220703125,-0.146484375,-0.0244140625,-0.57373046875,0.10986328125,-0.13427734375,0.47607421875,0.8544921875,-0.08544921875,-0.634765625,0.1220703125,0.0732421875,-0.341796875,-0.59814453125,0.10986328125,2.8564453125,-0.244140625,0.4638671875,-0.32958984375,-0.08544921875,0.3173828125,1.08642578125,-0.09765625,-0.146484375,-0.1708984375,-0.29296875,0.4638671875,-0.2197265625,0.13427734375,-0.69580078125,0.01220703125,-0.40283203125,-0.35400390625,0.57373046875,0.40283203125,4.60205078125,-0.45166015625,1.20849609375,-0.5859375,0.2197265625,0.09765625,1.1962890625,0.09765625,0.5859375,0.10986328125,0.40283203125,-0.23193359375,0.8544921875,0.1708984375,-0.18310546875,-0.08544921875,1.2939453125,-0.439453125,3.69873046875,-0.01220703125,0.91552734375,-0.42724609375,0.830078125,-0.244140625,0.244140625,0.10986328125,0.8056640625,0.20751953125,-0.0244140625,0.10986328125,1.2451171875,-0.0732421875,-0.62255859375,0.0732421875,0.09765625,-0.08544921875,-0.91552734375,-0.341796875,-0.5615234375,0.06103515625,0.37841796875,-0.03662109375,1.416015625,0.30517578125,5.57861328125,0.13427734375,1.23291015625,-0.146484375,-0.69580078125,-0.1220703125,-0.6103515625,-0.0732421875,-0.62255859375,-0.03662109375,-0.0244140625,-0.06103515625,-0.5859375,0.048828125,-1.30615234375,-0.146484375,-1.11083984375,0.0732421875,0.3662109375,0.048828125,0.3173828125,-0.0244140625,-0.048828125,-0.0732421875,-0.0732421875,-0.1953125,0.13427734375,-0.15869140625,-0.62255859375,-0.2197265625,0.3662109375,-0.06103515625,-0.68359375,-0.048828125,-0.9521484375
1,-0.98876953125,-0.30517578125,-0.0732421875,-0.3662109375,0.03662109375,-0.47607421875,0.048828125,-0.08544921875,-0.30517578125,-0.09765625,-0.2685546875,-0.89111328125,-0.2685546875,1.0498046875,0.01220703125,-0.1953125,-0.01220703125,-0.57373046875,0.0732421875,-0.146484375,0.37841796875,0.84228515625,-0.1708984375,-0.634765625,0.1220703125,-0.0732421875,-0.3662109375,-0.74462890625,0.09765625,2.23388671875,-0.1708984375,0.32958984375,-0.32958984375,-0.1953125,0.18310546875,0.74462890625,-0.0732421875,-0.244140625,-0.1220703125,-0.4150390625,0.5126953125,-0.20751953125,0.1220703125,-0.7080078125,0.09765625,-0.40283203125,-0.42724609375,0.5615234375,0.32958984375,4.0283203125,-0.25634765625,1.06201171875,-0.537109375,0.06103515625,0.08544921875,1.07421875,0.0244140625,0.5615234375,0.1220703125,0.4150390625,-0.18310546875,0.830078125,0.28076171875,-0.20751953125,-0.1220703125,0.96435546875,-0.48828125,3.03955078125,-0.0244140625,0.68359375,-0.390625,0.6591796875,-0.30517578125,0.29296875,0.15869140625,0.81787109375,0.18310546875,-0.01220703125,0.048828125,1.2451171875,-0.01220703125,-0.57373046875,0.08544921875,0.03662109375,-0.13427734375,-0.927734375,-0.32958984375,-0.59814453125,0.03662109375,0.3173828125,-0.10986328125,1.3671875,0.40283203125,5.55419921875,0.13427734375,1.171875,-0.13427734375,-0.69580078125,-0.09765625,-0.6103515625,-0.03662109375,-0.59814453125,0,-0.03662109375,-0.03662109375,-0.634765625,0.08544921875,-1.3671875,-0.146484375,-1.13525390625,0.06103515625,0.35400390625,0.08544921875,0.3173828125,-0.03662109375,-0.03662109375,-0.06103515625,-0.06103515625,-0.2197265625,0.10986328125,-0.1708984375,-0.5615234375,-0.146484375,0.4150390625,-0.0244140625,-0.62255859375,-0.08544921875,-0.86669921875
1,-1.01318359375,-0.18310546875,-0.0244140625,-0.390625,0,-0.45166015625,0.048828125,-0.08544921875,-0.3173828125,-0.09765625,-0.28076171875,-0.9033203125,-0.29296875,1.08642578125,0.01220703125,-0.18310546875,-0.0244140625,-0.57373046875,0.048828125,-0.1708984375,0.3173828125,0.8544921875,-0.2197265625,-0.6103515625,0.08544921875,-0.18310546875,-0.3662109375,-0.8544921875,0.06103515625,1.69677734375,-0.0732421875,0.20751953125,-0.3173828125,-0.30517578125,0.06103515625,0.390625,-0.06103515625,-0.32958984375,-0.13427734375,-0.5126953125,0.48828125,-0.23193359375,0.13427734375,-0.69580078125,0.18310546875,-0.40283203125,-0.42724609375,0.54931640625,0.35400390625,3.3203125,-0.08544921875,0.86669921875,-0.439453125,-0.06103515625,0.08544921875,0.9521484375,0.0244140625,0.5859375,0.18310546875,0.439453125,-0.23193359375,0.76904296875,0.35400390625,-0.2197265625,-0.0732421875,0.7080078125,-0.4638671875,2.5146484375,-0.0244140625,0.537109375,-0.3662109375,0.5126953125,-0.37841796875,0.30517578125,0.20751953125,0.81787109375,0.15869140625,-0.01220703125,-0.03662109375,1.26953125,0,-0.5126953125,0.08544921875,-0.03662109375,-0.2197265625,-0.927734375,-0.30517578125,-0.634765625,0.0244140625,0.23193359375,-0.15869140625,1.28173828125,0.40283203125,5.35888671875,0.08544921875,1.025390625,-0.146484375,-0.69580078125,-0.0732421875,-0.62255859375,-0.048828125,-0.59814453125,0.08544921875,-0.03662109375,-0.01220703125,-0.68359375,0.08544921875,-1.42822265625,-0.10986328125,-1.13525390625,0.06103515625,0.3662109375,0.06103515625,0.28076171875,-0.01220703125,-0.03662109375,-0.06103515625,-0.06103515625,-0.20751953125,0.08544921875,-0.1953125,-0.390625,-0.20751953125,0.59814453125,-0.01220703125,-0.47607421875,-0.1220703125,-0.64697265625
1,-1.0009765625,-0.06103515625,0,-0.37841796875,-0.048828125,-0.4150390625,0.048828125,-0.09765625,-0.30517578125,-0.0732421875,-0.2685546875,-0.9033203125,-0.25634765625,1.0986328125,0.03662109375,-0.2197265625,-0.06103515625,-0.57373046875,0.06103515625,-0.1708984375,0.23193359375,0.87890625,-0.1953125,-0.634765625,-0.0244140625,-0.28076171875,-0.341796875,-0.9521484375,0.06103515625,1.220703125,-0.03662109375,0.10986328125,-0.25634765625,-0.42724609375,-0.0244140625,0.01220703125,-0.0732421875,-0.40283203125,-0.09765625,-0.62255859375,0.4150390625,-0.244140625,0.146484375,-0.7080078125,0.28076171875,-0.4150390625,-0.5126953125,0.537109375,0.37841796875,2.490234375,0,0.7080078125,-0.390625,-0.146484375,0.0732421875,0.8056640625,0.06103515625,0.59814453125,0.15869140625,0.45166015625,-0.146484375,0.7568359375,0.40283203125,-0.23193359375,-0.0244140625,0.52490234375,-0.37841796875,2.08740234375,-0.0244140625,0.439453125,-0.30517578125,0.390625,-0.40283203125,0.341796875,0.23193359375,0.81787109375,0.08544921875,-0.03662109375,-0.03662109375,1.26953125,0.01220703125,-0.30517578125,0.03662109375,-0.06103515625,-0.25634765625,-0.91552734375,-0.244140625,-0.634765625,0.0244140625,0.06103515625,-0.23193359375,1.1474609375,0.42724609375,4.931640625,0.06103515625,0.830078125,-0.10986328125,-0.67138671875,-0.048828125,-0.634765625,-0.06103515625,-0.5859375,0.15869140625,-0.0732421875,-0.09765625,-0.69580078125,0.048828125,-1.46484375,-0.146484375,-1.123046875,0.03662109375,0.3662109375,0.03662109375,0.25634765625,-0.0244140625,-0.0244140625,-0.06103515625,-0.0732421875,-0.20751953125,0.08544921875,-0.1708984375,-0.13427734375,-0.13427734375,0.84228515625,0.01220703125,-0.29296875,-0.0732421875,-0.35400390625
1,-1.01318359375,0.06103515625,0.0244140625,-0.390625,-0.06103515625,-0.390625,0.0732421875,-0.08544921875,-0.28076171875,-0.06103515625,-0.2685546875,-0.91552734375,-0.25634765625,1.11083984375,0.0732421875,-0.244140625,-0.146484375,-0.59814453125,0.08544921875,-0.18310546875,0.146484375,0.8544921875,-0.1708984375,-0.62255859375,-0.1220703125,-0.32958984375,-0.3173828125,-1.0009765625,0.048828125,0.86669921875,-0.048828125,0.03662109375,-0.244140625,-0.54931640625,-0.03662109375,-0.341796875,-0.09765625,-0.47607421875,-0.0732421875,-0.74462890625,0.35400390625,-0.25634765625,0.146484375,-0.72021484375,0.37841796875,-0.42724609375,-0.439453125,0.54931640625,0.37841796875,1.72119140625,0.03662109375,0.5615234375,-0.341796875,-0.25634765625,0.03662109375,0.72021484375,0.13427734375,0.59814453125,0.13427734375,0.4638671875,-0.20751953125,0.76904296875,0.439453125,-0.244140625,0.01220703125,0.3662109375,-0.30517578125,1.77001953125,-0.0732421875,0.390625,-0.25634765625,0.341796875,-0.3173828125,0.37841796875,0.29296875,0.78125,0.01220703125,-0.048828125,-0.0732421875,1.26953125,-0.0244140625,0.01220703125,0.03662109375,0.01220703125,-0.29296875,-0.830078125,-0.15869140625,-0.5859375,0.048828125,-0.08544921875,-0.2685546875,0.96435546875,0.45166015625,4.45556640625,0.03662109375,0.59814453125,-0.06103515625,-0.6591796875,-0.0732421875,-0.634765625,-0.10986328125,-0.5859375,0.18310546875,-0.06103515625,-0.13427734375,-0.67138671875,0.03662109375,-1.47705078125,-0.13427734375,-1.13525390625,0.0244140625,0.42724609375,0.01220703125,0.25634765625,-0.0244140625,0,-0.06103515625,-0.048828125,-0.20751953125,0.09765625,-0.18310546875,0.1708984375,-0.10986328125,1.15966796875,-0.01220703125,-0.048828125,-0.1220703125,0.0244140625
1,-1.01318359375,0.15869140625,0.0244140625,-0.35400390625,-0.048828125,-0.35400390625,0.1220703125,-0.06103515625,-0.28076171875,-0.0244140625,-0.244140625,-0.91552734375,-0.23193359375,1.11083984375,0.0732421875,-0.2197265625,-0.23193359375,-0.59814453125,0.08544921875,-0.18310546875,0.09765625,0.89111328125,-0.146484375,-0.62255859375,-0.23193359375,-0.3662109375,-0.3173828125,-1.0498046875,0,0.57373046875,-0.09765625,-0.03662109375,-0.244140625,-0.67138671875,-0.01220703125,-0.67138671875,-0.09765625,-0.5615234375,-0.0732421875,-0.86669921875,0.29296875,-0.29296875,0.15869140625,-0.732421875,0.42724609375,-0.42724609375,-0.47607421875,0.54931640625,0.48828125,1.11083984375,-0.06103515625,0.4150390625,-0.2685546875,-0.30517578125,-0.03662109375,0.64697265625,0.2197265625,0.6103515625,0.1220703125,0.4638671875,-0.20751953125,0.79345703125,0.42724609375,-0.25634765625,0.048828125,0.2685546875,-0.1953125,1.55029296875,-0.1220703125,0.35400390625,-0.18310546875,0.29296875,-0.1953125,0.3662109375,0.28076171875,0.76904296875,-0.03662109375,-0.03662109375,-0.0732421875,1.2939453125,-0.06103515625,0.47607421875,0.0244140625,0.18310546875,-0.30517578125,-0.72021484375,-0.08544921875,-0.4638671875,0.09765625,-0.25634765625,-0.2685546875,0.8056640625,0.45166015625,3.955078125,0.01220703125,0.40283203125,-0.01220703125,-0.6591796875,-0.03662109375,-0.6591796875,-0.1708984375,-0.5859375,0.1953125,-0.09765625,-0.13427734375,-0.62255859375,0.0244140625,-1.47705078125,-0.18310546875,-1.123046875,-0.03662109375,0.48828125,0,0.2685546875,0.01220703125,0,-0.06103515625,-0.03662109375,-0.1953125,0.1220703125,-0.1708984375,0.47607421875,-0.1220703125,1.4404296875,-0.01220703125,0.1708984375,-0.1220703125,0.390625
1,-1.01318359375,0.1708984375,0.01220703125,-0.3662109375,-0.03662109375,-0.3662109375,0.1953125,-0.0732421875,-0.244140625,-0.03662109375,-0.25634765625,-0.91552734375,-0.23193359375,1.08642578125,0.08544921875,-0.18310546875,-0.32958984375,-0.59814453125,0.10986328125,-0.18310546875,0.06103515625,0.9033203125,-0.10986328125,-0.62255859375,-0.341796875,-0.390625,-0.3173828125,-1.08642578125,-0.03662109375,0.341796875,-0.18310546875,-0.048828125,-0.244140625,-0.78125,0.01220703125,-1.01318359375,-0.06103515625,-0.634765625,-0.1220703125,-0.96435546875,0.2685546875,-0.29296875,0.146484375,-0.72021484375,0.4638671875,-0.439453125,-0.4638671875,0.5615234375,0.5859375,0.72021484375,-0.1708984375,0.32958984375,-0.18310546875,-0.29296875,-0.08544921875,0.62255859375,0.29296875,0.6103515625,0.10986328125,0.47607421875,-0.3173828125,0.84228515625,0.42724609375,-0.244140625,-0.03662109375,0.1953125,-0.06103515625,1.3916015625,-0.146484375,0.32958984375,-0.1220703125,0.244140625,-0.048828125,0.35400390625,0.244140625,0.8056640625,-0.08544921875,-0.03662109375,-0.03662109375,1.26953125,-0.18310546875,1.08642578125,0.048828125,0.439453125,-0.28076171875,-0.537109375,-0.048828125,-0.2685546875,0.09765625,-0.35400390625,-0.25634765625,0.67138671875,0.50048828125,3.5400390625,-0.0244140625,0.25634765625,0.048828125,-0.634765625,-0.0244140625,-0.67138671875,-0.23193359375,-0.5859375,0.1708984375,-0.09765625,-0.1708984375,-0.5859375,-0.03662109375,-1.40380859375,-0.1953125,-1.08642578125,-0.13427734375,0.54931640625,0.01220703125,0.29296875,0.01220703125,0,-0.048828125,-0.06103515625,-0.1953125,0.13427734375,-0.13427734375,0.7080078125,-0.13427734375,1.64794921875,-0.0244140625,0.35400390625,-0.10986328125,0.68359375
1,-1.025390625,0.1708984375,0,-0.35400390625,-0.06103515625,-0.37841796875,0.20751953125,-0.06103515625,-0.2197265625,-0.0244140625,-0.23193359375,-0.927734375,-0.20751953125,1.07421875,0.09765625,-0.15869140625,-0.390625,-0.59814453125,0.09765625,-0.1708984375,0.048828125,0.89111328125,-0.13427734375,-0.59814453125,-0.42724609375,-0.390625,-0.29296875,-1.08642578125,-0.09765625,0.1953125,-0.18310546875,-0.08544921875,-0.2197265625,-0.8544921875,0.09765625,-1.28173828125,-0.048828125,-0.69580078125,-0.15869140625,-1.03759765625,0.244140625,-0.30517578125,0.08544921875,-0.732421875,0.45166015625,-0.42724609375,-0.37841796875,0.5859375,0.68359375,0.64697265625,-0.29296875,0.32958984375,-0.08544921875,-0.244140625,-0.1220703125,0.64697265625,0.341796875,0.59814453125,0.0732421875,0.48828125,-0.37841796875,0.89111328125,0.40283203125,-0.244140625,-0.08544921875,0.08544921875,0.03662109375,1.2451171875,-0.15869140625,0.29296875,-0.0732421875,0.1953125,0.06103515625,0.32958984375,0.15869140625,0.8056640625,-0.13427734375,-0.0244140625,0,1.25732421875,-0.1953125,1.86767578125,0.0244140625,0.81787109375,-0.23193359375,-0.341796875,-0.08544921875,0,0.09765625,-0.4150390625,-0.20751953125,0.57373046875,0.45166015625,3.2958984375,0.01220703125,0.1708984375,0.06103515625,-0.64697265625,-0.01220703125,-0.6591796875,-0.29296875,-0.5615234375,0.1220703125,-0.08544921875,-0.15869140625,-0.47607421875,-0.08544921875,-1.33056640625,-0.20751953125,-1.07421875,-0.146484375,0.5859375,0.01220703125,0.3173828125,0.0244140625,0.01220703125,-0.0732421875,-0.048828125,-0.1953125,0.15869140625,-0.09765625,0.86669921875,-0.10986328125,1.77001953125,-0.0244140625,0.4638671875,-0.09765625,0.89111328125
1,-1.03759765625,0.146484375,-0.048828125,-0.341796875,-0.06103515625,-0.40283203125,0.23193359375,-0.03662109375,-0.2197265625,-0.06103515625,-0.20751953125,-0.927734375,-0.1708984375,1.06201171875,0.10986328125,-0.1220703125,-0.390625,-0.5615234375,0.06103515625,-0.15869140625,0.048828125,0.87890625,-0.146484375,-0.6103515625,-0.47607421875,-0.390625,-0.3173828125,-1.0498046875,-0.20751953125,0.13427734375,-0.23193359375,-0.0732421875,-0.15869140625,-0.89111328125,0.1953125,-1.50146484375,-0.048828125,-0.7568359375,-0.10986328125,-1.08642578125,0.20751953125,-0.30517578125,0.03662109375,-0.732421875,0.3662109375,-0.40283203125,-0.28076171875,0.59814453125,0.69580078125,0.81787109375,-0.40283203125,0.390625,-0.048828125,-0.1708984375,-0.146484375,0.72021484375,0.35400390625,0.5859375,0.048828125,0.4638671875,-0.40283203125,0.93994140625,0.30517578125,-0.2197265625,-0.1708984375,0.0244140625,0.10986328125,1.0986328125,-0.146484375,0.244140625,-0.06103515625,0.1220703125,0.10986328125,0.30517578125,0.0732421875,0.81787109375,-0.1708984375,-0.01220703125,0.06103515625,1.28173828125,-0.146484375,2.685546875,-0.01220703125,1.20849609375,-0.146484375,-0.1220703125,-0.0732421875,0.28076171875,0.09765625,-0.4150390625,-0.18310546875,0.48828125,0.2685546875,3.16162109375,0.03662109375,0.1220703125,0.048828125,-0.6591796875,0,-0.6591796875,-0.341796875,-0.5615234375,0.06103515625,-0.0732421875,-0.13427734375,-0.40283203125,-0.1220703125,-1.26953125,-0.2685546875,-1.03759765625,-0.1953125,0.6103515625,0.01220703125,0.32958984375,0.0244140625,0.0244140625,-0.048828125,-0.048828125,-0.18310546875,0.1708984375,-0.06103515625,0.9521484375,-0.08544921875,1.7578125,-0.048828125,0.50048828125,-0.06103515625,0.96435546875
1,-1.01318359375,0.06103515625,-0.09765625,-0.35400390625,-0.09765625,-0.439453125,0.25634765625,-0.048828125,-0.2197265625,-0.08544921875,-0.18310546875,-0.93994140625,-0.15869140625,1.03759765625,0.10986328125,-0.1220703125,-0.40283203125,-0.5615234375,0.01220703125,-0.13427734375,0.06103515625,0.87890625,-0.1953125,-0.62255859375,-0.50048828125,-0.37841796875,-0.28076171875,-1.06201171875,-0.2685546875,0.09765625,-0.2197265625,-0.06103515625,-0.1220703125,-0.91552734375,0.3173828125,-1.62353515625,-0.08544921875,-0.76904296875,-0.08544921875,-1.123046875,0.23193359375,-0.28076171875,-0.048828125,-0.72021484375,0.25634765625,-0.390625,-0.23193359375,0.59814453125,0.69580078125,1.2939453125,-0.48828125,0.50048828125,0,-0.0732421875,-0.18310546875,0.830078125,0.32958984375,0.57373046875,0.0244140625,0.4638671875,-0.439453125,0.98876953125,0.23193359375,-0.23193359375,-0.23193359375,-0.0732421875,0.1220703125,0.93994140625,-0.10986328125,0.18310546875,-0.048828125,0.0732421875,0.146484375,0.28076171875,0.03662109375,0.830078125,-0.18310546875,0,0.1220703125,1.26953125,-0.09765625,3.515625,-0.01220703125,1.6357421875,-0.1220703125,0.10986328125,-0.1220703125,0.5859375,0.09765625,-0.42724609375,-0.146484375,0.48828125,0.09765625,3.16162109375,0.06103515625,0.1708984375,-0.03662109375,-0.64697265625,0,-0.64697265625,-0.35400390625,-0.5859375,-0.01220703125,-0.0732421875,-0.13427734375,-0.35400390625,-0.146484375,-1.23291015625,-0.28076171875,-1.0009765625,-0.15869140625,0.62255859375,0.03662109375,0.35400390625,0.03662109375,0.01220703125,-0.0732421875,-0.03662109375,-0.15869140625,0.1708984375,-0.06103515625,0.91552734375,-0.0732421875,1.64794921875,-0.06103515625,0.439453125,-0.06103515625,0.91552734375
1,-1.03759765625,-0.01220703125,-0.09765625,-0.35400390625,-0.09765625,-0.4638671875,0.2197265625,-0.048828125,-0.244140625,-0.09765625,-0.18310546875,-0.93994140625,-0.18310546875,1.01318359375,0.1220703125,-0.13427734375,-0.341796875,-0.54931640625,-0.0244140625,-0.146484375,0.0732421875,0.89111328125,-0.20751953125,-0.6103515625,-0.45166015625,-0.35400390625,-0.2197265625,-1.025390625,-0.28076171875,0.1220703125,-0.20751953125,-0.03662109375,-0.048828125,-0.89111328125,0.3662109375,-1.6357421875,-0.10986328125,-0.78125,-0.03662109375,-1.123046875,0.20751953125,-0.2685546875,-0.08544921875,-0.69580078125,0.18310546875,-0.390625,-0.146484375,0.6103515625,0.7080078125,1.98974609375,-0.4638671875,0.68359375,0.0244140625,0.03662109375,-0.20751953125,0.9765625,0.30517578125,0.5859375,0.03662109375,0.439453125,-0.42724609375,1.03759765625,0.13427734375,-0.23193359375,-0.20751953125,-0.1220703125,0.09765625,0.78125,-0.10986328125,0.09765625,-0.08544921875,0,0.1220703125,0.25634765625,-0.0244140625,0.830078125,-0.10986328125,0,0.10986328125,1.28173828125,-0.03662109375,4.296875,-0.03662109375,2.03857421875,-0.09765625,0.3173828125,-0.1708984375,0.87890625,0.10986328125,-0.390625,-0.13427734375,0.5126953125,-0.0732421875,3.28369140625,0.08544921875,0.2197265625,-0.08544921875,-0.6591796875,0,-0.62255859375,-0.3173828125,-0.5859375,-0.09765625,-0.0732421875,-0.146484375,-0.35400390625,-0.1708984375,-1.220703125,-0.30517578125,-1.01318359375,-0.15869140625,0.57373046875,0.03662109375,0.32958984375,0.048828125,0,-0.06103515625,-0.0244140625,-0.15869140625,0.1708984375,-0.0732421875,0.830078125,-0.0244140625,1.42822265625,-0.09765625,0.32958984375,-0.06103515625,0.732421875
1,-1.01318359375,-0.06103515625,-0.10986328125,-0.3662109375,-0.0732421875,-0.50048828125,0.1708984375,-0.06103515625,-0.25634765625,-0.1220703125,-0.13427734375,-0.93994140625,-0.1953125,0.98876953125,0.1220703125,-0.13427734375,-0.244140625,-0.5615234375,-0.09765625,-0.1220703125,0.08544921875,0.87890625,-0.20751953125,-0.59814453125,-0.3662109375,-0.32958984375,-0.18310546875,-1.025390625,-0.30517578125,0.18310546875,-0.2197265625,-0.03662109375,-0.048828125,-0.830078125,0.390625,-1.5625,-0.13427734375,-0.74462890625,-0.01220703125,-1.0986328125,0.18310546875,-0.23193359375,-0.10986328125,-0.67138671875,0.15869140625,-0.390625,-0.09765625,0.6103515625,0.537109375,2.783203125,-0.4638671875,0.86669921875,0.10986328125,0.1220703125,-0.25634765625,1.123046875,0.29296875,0.57373046875,0.08544921875,0.439453125,-0.47607421875,1.0498046875,0.03662109375,-0.2197265625,-0.18310546875,-0.18310546875,0.1708984375,0.634765625,-0.0244140625,0.0244140625,-0.10986328125,-0.03662109375,0.1708984375,0.25634765625,-0.09765625,0.830078125,-0.0244140625,-0.01220703125,0.08544921875,1.28173828125,0,4.96826171875,-0.03662109375,2.33154296875,-0.1220703125,0.5126953125,-0.20751953125,1.0986328125,0.1220703125,-0.3662109375,-0.10986328125,0.54931640625,-0.1953125,3.41796875,0.08544921875,0.25634765625,-0.13427734375,-0.69580078125,-0.0244140625,-0.634765625,-0.30517578125,-0.5859375,-0.13427734375,-0.06103515625,-0.20751953125,-0.37841796875,-0.20751953125,-1.25732421875,-0.28076171875,-1.025390625,-0.18310546875,0.50048828125,0,0.341796875,0.03662109375,0,-0.06103515625,-0.01220703125,-0.146484375,0.18310546875,-0.08544921875,0.6591796875,-0.01220703125,1.23291015625,-0.13427734375,0.1708984375,-0.06103515625,0.5126953125
0,-1.01318359375,-0.10986328125,-0.0732421875,-0.37841796875,-0.08544921875,-0.5126953125,0.18310546875,-0.09765625,-0.23193359375,-0.13427734375,-0.1220703125,-0.927734375,-0.1953125,0.98876953125,0.09765625,-0.146484375,-0.18310546875,-0.54931640625,-0.1220703125,-0.13427734375,0.03662109375,0.8544921875,-0.1953125,-0.59814453125,-0.29296875,-0.32958984375,-0.146484375,-1.01318359375,-0.2685546875,0.244140625,-0.244140625,-0.0244140625,-0.01220703125,-0.76904296875,0.390625,-1.40380859375,-0.15869140625,-0.69580078125,-0.01220703125,-1.0498046875,0.1953125,-0.20751953125,-0.13427734375,-0.69580078125,0.15869140625,-0.37841796875,-0.1708984375,0.62255859375,0.439453125,3.62548828125,-0.4638671875,1.0498046875,0.18310546875,0.2197265625,-0.28076171875,1.28173828125,0.20751953125,0.5859375,0.09765625,0.42724609375,-0.537109375,1.03759765625,-0.01220703125,-0.23193359375,-0.15869140625,-0.23193359375,0.1708984375,0.537109375,0.01220703125,-0.03662109375,-0.1220703125,-0.048828125,0.146484375,0.23193359375,-0.08544921875,0.81787109375,0.03662109375,-0.03662109375,0.03662109375,1.28173828125,-0.03662109375,5.4443359375,-0.03662109375,2.55126953125,-0.18310546875,0.64697265625,-0.25634765625,1.28173828125,0.13427734375,-0.35400390625,-0.13427734375,0.5859375,-0.30517578125,3.466796875,0.06103515625,0.2685546875,-0.146484375,-0.68359375,-0.0732421875,-0.62255859375,-0.25634765625,-0.6103515625,-0.146484375,-0.048828125,-0.25634765625,-0.47607421875,-0.25634765625,-1.318359375,-0.25634765625,-1.06201171875,-0.146484375,0.4150390625,0.01220703125,0.341796875,0.048828125,0,-0.0732421875,0,-0.1220703125,0.1708984375,-0.09765625,0.47607421875,0.03662109375,1.01318359375,-0.13427734375,0.0244140625,-0.01220703125,0.28076171875
0,-1.03759765625,-0.09765625,-0.06103515625,-0.37841796875,-0.0732421875,-0.50048828125,0.146484375,-0.0732421875,-0.244140625,-0.13427734375,-0.08544921875,-0.91552734375,-0.1953125,1.025390625,0.09765625,-0.146484375,-0.10986328125,-0.5615234375,-0.13427734375,-0.13427734375,-0.048828125,0.87890625,-0.146484375,-0.6103515625,-0.15869140625,-0.32958984375,-0.10986328125,-1.025390625,-0.20751953125,0.341796875,-0.28076171875,-0.01220703125,-0.0244140625,-0.7080078125,0.3173828125,-1.220703125,-0.20751953125,-0.6591796875,0,-0.9765625,0.23193359375,-0.2197265625,-0.13427734375,-0.68359375,0.1708984375,-0.3662109375,-0.20751953125,0.5859375,0.42724609375,4.4677734375,-0.390625,1.220703125,0.23193359375,0.29296875,-0.28076171875,1.42822265625,0.13427734375,0.59814453125,0.1220703125,0.42724609375,-0.48828125,1.01318359375,-0.09765625,-0.20751953125,-0.1220703125,-0.25634765625,0.09765625,0.45166015625,0.0244140625,-0.06103515625,-0.146484375,-0.048828125,0.10986328125,0.23193359375,-0.1220703125,0.8056640625,0.10986328125,-0.03662109375,-0.03662109375,1.2939453125,0.0244140625,5.712890625,-0.01220703125,2.63671875,-0.28076171875,0.74462890625,-0.25634765625,1.37939453125,0.0732421875,-0.37841796875,-0.18310546875,0.5859375,-0.29296875,3.38134765625,0.048828125,0.23193359375,-0.18310546875,-0.69580078125,-0.06103515625,-0.64697265625,-0.1953125,-0.59814453125,-0.10986328125,-0.06103515625,-0.2685546875,-0.57373046875,-0.244140625,-1.42822265625,-0.20751953125,-1.0986328125,-0.048828125,0.35400390625,-0.0244140625,0.341796875,0.048828125,0,-0.0732421875,0.01220703125,-0.1220703125,0.18310546875,-0.1220703125,0.30517578125,0.0732421875,0.86669921875,-0.1708984375,-0.1220703125,-0.03662109375,0.08544921875
0,-1.08642578125,-0.08544921875,-0.0732421875,-0.37841796875,-0.06103515625,-0.47607421875,0.1220703125,-0.08544921875,-0.23193359375,-0.09765625,-0.09765625,-0.89111328125,-0.2197265625,1.025390625,0.06103515625,-0.15869140625,-0.03662109375,-0.54931640625,-0.15869140625,-0.13427734375,-0.10986328125,0.87890625,-0.1220703125,-0.59814453125,-0.03662109375,-0.3173828125,-0.09765625,-1.01318359375,-0.20751953125,0.439453125,-0.30517578125,0.01220703125,-0.03662109375,-0.6591796875,0.28076171875,-1.01318359375,-0.23193359375,-0.62255859375,0.06103515625,-0.93994140625,0.28076171875,-0.2197265625,-0.18310546875,-0.68359375,0.15869140625,-0.390625,-0.30517578125,0.57373046875,0.25634765625,5.18798828125,-0.30517578125,1.37939453125,0.25634765625,0.35400390625,-0.18310546875,1.5380859375,0.0732421875,0.6103515625,0.10986328125,0.439453125,-0.50048828125,0.927734375,-0.146484375,-0.1953125,-0.10986328125,-0.23193359375,0.048828125,0.4638671875,0.01220703125,-0.08544921875,-0.15869140625,-0.03662109375,0.0732421875,0.2197265625,-0.1708984375,0.81787109375,0.146484375,-0.048828125,-0.10986328125,1.30615234375,0.08544921875,5.7373046875,-0.03662109375,2.64892578125,-0.390625,0.74462890625,-0.28076171875,1.3671875,0.048828125,-0.47607421875,-0.1953125,0.537109375,-0.23193359375,3.11279296875,-0.01220703125,0.1220703125,-0.18310546875,-0.69580078125,-0.03662109375,-0.634765625,-0.1220703125,-0.6103515625,-0.06103515625,-0.06103515625,-0.20751953125,-0.7080078125,-0.25634765625,-1.55029296875,-0.13427734375,-1.1474609375,0.0244140625,0.341796875,-0.048828125,0.35400390625,0.06103515625,0,-0.08544921875,0.03662109375,-0.10986328125,0.1708984375,-0.10986328125,0.20751953125,0.1220703125,0.79345703125,-0.18310546875,-0.18310546875,-0.0244140625,-0.048828125
0,-1.07421875,-0.06103515625,-0.06103515625,-0.3662109375,-0.048828125,-0.4638671875,0.08544921875,-0.0732421875,-0.25634765625,-0.08544921875,-0.09765625,-0.89111328125,-0.23193359375,1.03759765625,0.06103515625,-0.1708984375,-0.01220703125,-0.54931640625,-0.1708984375,-0.1220703125,-0.15869140625,0.87890625,-0.0732421875,-0.57373046875,0.048828125,-0.3173828125,-0.09765625,-1.01318359375,-0.13427734375,0.52490234375,-0.25634765625,0.0244140625,-0.08544921875,-0.59814453125,0.2685546875,-0.86669921875,-0.25634765625,-0.54931640625,0.06103515625,-0.87890625,0.25634765625,-0.23193359375,-0.1953125,-0.69580078125,0.1953125,-0.390625,-0.35400390625,0.54931640625,0.048828125,5.82275390625,-0.18310546875,1.4892578125,0.28076171875,0.439453125,-0.13427734375,1.6357421875,0.0244140625,0.6103515625,0.10986328125,0.42724609375,-0.5126953125,0.87890625,-0.244140625,-0.20751953125,-0.03662109375,-0.18310546875,-0.048828125,0.5126953125,-0.01220703125,-0.06103515625,-0.18310546875,0.01220703125,-0.01220703125,0.23193359375,-0.1953125,0.830078125,0.146484375,-0.048828125,-0.13427734375,1.28173828125,0.13427734375,5.5908203125,-0.01220703125,2.5390625,-0.47607421875,0.7080078125,-0.28076171875,1.33056640625,0.01220703125,-0.6103515625,-0.23193359375,0.45166015625,-0.1220703125,2.62451171875,-0.048828125,-0.0732421875,-0.18310546875,-0.68359375,-0.01220703125,-0.64697265625,-0.08544921875,-0.59814453125,-0.03662109375,-0.0732421875,-0.1708984375,-0.8056640625,-0.30517578125,-1.611328125,-0.10986328125,-1.1962890625,0.09765625,0.390625,-0.06103515625,0.35400390625,0.08544921875,0,-0.06103515625,0.03662109375,-0.09765625,0.18310546875,-0.10986328125,0.1708984375,0.08544921875,0.79345703125,-0.146484375,-0.244140625,0,-0.09765625
0,-1.01318359375,-0.03662109375,-0.06103515625,-0.37841796875,-0.06103515625,-0.42724609375,0.048828125,-0.08544921875,-0.23193359375,-0.08544921875,-0.1220703125,-0.89111328125,-0.244140625,1.07421875,0.06103515625,-0.1953125,-0.0244140625,-0.57373046875,-0.15869140625,-0.10986328125,-0.18310546875,0.89111328125,-0.0732421875,-0.59814453125,0.1220703125,-0.30517578125,-0.10986328125,-1.01318359375,-0.08544921875,0.57373046875,-0.18310546875,0.03662109375,-0.23193359375,-0.59814453125,0.09765625,-0.7568359375,-0.29296875,-0.52490234375,0.0732421875,-0.830078125,0.244140625,-0.2685546875,-0.20751953125,-0.7080078125,0.2197265625,-0.4150390625,-0.35400390625,0.5615234375,-0.18310546875,6.396484375,-0.10986328125,1.57470703125,0.2685546875,0.537109375,-0.048828125,1.708984375,-0.01220703125,0.62255859375,0.10986328125,0.42724609375,-0.45166015625,0.79345703125,-0.32958984375,-0.18310546875,-0.03662109375,-0.13427734375,-0.0732421875,0.6103515625,-0.0732421875,0,-0.1953125,0.03662109375,-0.06103515625,0.23193359375,-0.2197265625,0.8056640625,0.13427734375,-0.0732421875,-0.13427734375,1.2939453125,0.0732421875,5.2978515625,0.0244140625,2.3681640625,-0.48828125,0.6103515625,-0.1953125,1.23291015625,0.01220703125,-0.81787109375,-0.244140625,0.28076171875,-0.01220703125,1.96533203125,-0.0732421875,-0.3173828125,-0.1953125,-0.68359375,0.03662109375,-0.6591796875,-0.048828125,-0.5859375,0.048828125,-0.0732421875,-0.13427734375,-0.84228515625,-0.30517578125,-1.62353515625,-0.09765625,-1.220703125,0.23193359375,0.57373046875,-0.10986328125,0.341796875,0.08544921875,0,-0.06103515625,0.03662109375,-0.10986328125,0.1953125,-0.09765625,0.15869140625,0.13427734375,0.86669921875,-0.13427734375,-0.2685546875,0.03662109375,-0.1220703125
0,-0.927734375,-0.01220703125,-0.10986328125,-0.390625,-0.0732421875,-0.40283203125,0.0244140625,-0.0732421875,-0.23193359375,-0.03662109375,-0.10986328125,-0.89111328125,-0.23193359375,1.08642578125,0.0732421875,-0.20751953125,-0.06103515625,-0.59814453125,-0.146484375,-0.09765625,-0.18310546875,0.9033203125,-0.048828125,-0.59814453125,0.1708984375,-0.30517578125,-0.13427734375,-1.0009765625,-0.01220703125,0.6103515625,-0.0732421875,0.03662109375,-0.35400390625,-0.6103515625,-0.0244140625,-0.732421875,-0.28076171875,-0.52490234375,0.0732421875,-0.84228515625,0.1953125,-0.2685546875,-0.244140625,-0.69580078125,0.23193359375,-0.439453125,-0.3662109375,0.54931640625,-0.42724609375,6.787109375,-0.1953125,1.62353515625,0.20751953125,0.5859375,0.01220703125,1.74560546875,0,0.634765625,0.10986328125,0.439453125,-0.47607421875,0.732421875,-0.37841796875,-0.1953125,0.01220703125,-0.10986328125,-0.10986328125,0.7080078125,-0.146484375,0.03662109375,-0.20751953125,0.048828125,-0.1220703125,0.23193359375,-0.1953125,0.81787109375,0.09765625,-0.09765625,-0.08544921875,1.26953125,-0.01220703125,4.91943359375,0.0732421875,2.18505859375,-0.48828125,0.50048828125,-0.1220703125,1.08642578125,0.01220703125,-1.03759765625,-0.23193359375,0.09765625,0.03662109375,1.23291015625,-0.048828125,-0.537109375,-0.2197265625,-0.6591796875,0.0732421875,-0.6591796875,-0.048828125,-0.5859375,0.10986328125,-0.06103515625,-0.1220703125,-0.78125,-0.32958984375,-1.5869140625,-0.09765625,-1.1962890625,0.25634765625,0.87890625,-0.13427734375,0.35400390625,0.1220703125,0,-0.06103515625,0.0244140625,-0.10986328125,0.1953125,-0.1953125,0.1708984375,-0.01220703125,0.96435546875,-0.18310546875,-0.2197265625,-0.01220703125,-0.048828125
0,-0.86669921875,-0.0244140625,-0.1220703125,-0.390625,-0.08544921875,-0.4150390625,0.03662109375,-0.08544921875,-0.2197265625,-0.0244140625,-0.15869140625,-0.9033203125,-0.244140625,1.07421875,0.09765625,-0.20751953125,-0.13427734375,-0.5859375,-0.1220703125,-0.1220703125,-0.1953125,0.89111328125,-0.03662109375,-0.59814453125,0.18310546875,-0.30517578125,-0.15869140625,-1.0009765625,-0.01220703125,0.6103515625,-0.0732421875,0.048828125,-0.4150390625,-0.634765625,-0.146484375,-0.79345703125,-0.28076171875,-0.54931640625,0.0244140625,-0.8544921875,0.146484375,-0.29296875,-0.2685546875,-0.7080078125,0.23193359375,-0.439453125,-0.37841796875,0.537109375,-0.537109375,7.11669921875,-0.18310546875,1.6357421875,0.146484375,0.634765625,0.0244140625,1.79443359375,-0.01220703125,0.62255859375,0.08544921875,0.439453125,-0.40283203125,0.69580078125,-0.4150390625,-0.1708984375,0.06103515625,-0.0732421875,-0.1220703125,0.8544921875,-0.23193359375,0.09765625,-0.20751953125,0.08544921875,-0.18310546875,0.23193359375,-0.20751953125,0.8544921875,0.048828125,-0.08544921875,-0.01220703125,1.2451171875,-0.0732421875,4.47998046875,0.146484375,1.98974609375,-0.40283203125,0.35400390625,-0.06103515625,0.93994140625,0.0244140625,-1.26953125,-0.2197265625,-0.08544921875,0.10986328125,0.50048828125,-0.0244140625,-0.79345703125,-0.2197265625,-0.68359375,0.1220703125,-0.6591796875,-0.03662109375,-0.59814453125,0.13427734375,-0.048828125,-0.10986328125,-0.64697265625,-0.28076171875,-1.4404296875,-0.146484375,-1.11083984375,0.08544921875,1.35498046875,-0.15869140625,0.341796875,0.08544921875,0,-0.06103515625,-0.01220703125,-0.1220703125,0.1953125,-0.1220703125,0.1953125,-0.01220703125,1.0986328125,-0.09765625,-0.1953125,0.0244140625,-0.01220703125
0,-0.87890625,-0.0732421875,-0.13427734375,-0.40283203125,-0.09765625,-0.4150390625,0.03662109375,-0.10986328125,-0.20751953125,-0.03662109375,-0.146484375,-0.9033203125,-0.23193359375,1.07421875,0.08544921875,-0.1953125,-0.1708984375,-0.59814453125,-0.13427734375,-0.1220703125,-0.09765625,0.86669921875,-0.048828125,-0.59814453125,0.18310546875,-0.30517578125,-0.1708984375,-1.0009765625,-0.01220703125,0.57373046875,-0.0244140625,0.03662109375,-0.4150390625,-0.6591796875,-0.25634765625,-0.9033203125,-0.244140625,-0.537109375,-0.0244140625,-0.89111328125,0.08544921875,-0.2685546875,-0.29296875,-0.69580078125,0.23193359375,-0.45166015625,-0.341796875,0.5615234375,-0.62255859375,7.3486328125,-0.1708984375,1.64794921875,0.18310546875,0.69580078125,0.13427734375,1.7822265625,0.0244140625,0.6103515625,0.1220703125,0.439453125,-0.42724609375,0.6591796875,-0.48828125,-0.1953125,0.03662109375,-0.03662109375,-0.1708984375,0.9521484375,-0.30517578125,0.1220703125,-0.2197265625,0.09765625,-0.1953125,0.2685546875,-0.23193359375,0.84228515625,0.01220703125,-0.08544921875,0.08544921875,1.23291015625,-0.10986328125,4.11376953125,0.1953125,1.8310546875,-0.3173828125,0.2197265625,-0.01220703125,0.8056640625,-0.03662109375,-1.4404296875,-0.1953125,-0.23193359375,0.09765625,-0.15869140625,-0.01220703125,-1.01318359375,-0.1953125,-0.68359375,0.1708984375,-0.67138671875,-0.08544921875,-0.5859375,0.18310546875,-0.048828125,-0.048828125,-0.4150390625,-0.2197265625,-1.220703125,-0.1953125,-0.93994140625,-0.0732421875,2.001953125,-0.20751953125,0.32958984375,0.08544921875,0,-0.048828125,-0.0244140625,-0.13427734375,0.18310546875,-0.0732421875,0.2197265625,0.03662109375,1.1474609375,-0.09765625,-0.18310546875,0.06103515625,0.0244140625
0,-0.9033203125,-0.13427734375,-0.10986328125,-0.35400390625,-0.09765625,-0.439453125,0.0244140625,-0.10986328125,-0.1708984375,-0.048828125,-0.15869140625,-0.927734375,-0.2197265625,1.07421875,0.0732421875,-0.18310546875,-0.2197265625,-0.5859375,-0.13427734375,-0.10986328125,-0.08544921875,0.89111328125,-0.06103515625,-0.59814453125,0.10986328125,-0.3173828125,-0.18310546875,-1.0009765625,-0.0732421875,0.5126953125,-0.0244140625,0.0244140625,-0.35400390625,-0.69580078125,-0.25634765625,-1.06201171875,-0.20751953125,-0.54931640625,-0.0244140625,-0.91552734375,0.06103515625,-0.2685546875,-0.30517578125,-0.7080078125,0.244140625,-0.45166015625,-0.30517578125,0.5859375,-0.69580078125,7.421875,-0.15869140625,1.62353515625,0.18310546875,0.7080078125,0.1708984375,1.77001953125,0.06103515625,0.59814453125,0.06103515625,0.45166015625,-0.5126953125,0.6591796875,-0.45166015625,-0.20751953125,0.08544921875,-0.0244140625,-0.1953125,0.9765625,-0.3173828125,0.13427734375,-0.2197265625,0.09765625,-0.20751953125,0.2685546875,-0.29296875,0.84228515625,-0.0244140625,-0.06103515625,0.20751953125,1.23291015625,-0.1220703125,3.7841796875,0.28076171875,1.708984375,-0.18310546875,0.09765625,0.0244140625,0.69580078125,-0.048828125,-1.5625,-0.15869140625,-0.35400390625,0.03662109375,-0.6103515625,0.03662109375,-1.15966796875,-0.15869140625,-0.6591796875,0.20751953125,-0.6591796875,-0.23193359375,-0.62255859375,0.1953125,-0.048828125,-0.09765625,-0.1220703125,-0.18310546875,-0.93994140625,-0.28076171875,-0.74462890625,-0.0732421875,2.8076171875,-0.23193359375,0.341796875,0.06103515625,-0.01220703125,-0.0732421875,-0.03662109375,-0.1220703125,0.1953125,-0.1708984375,0.1953125,-0.0732421875,1.171875,-0.1220703125,-0.18310546875,0,-0.01220703125
0,-0.79345703125,-0.1708984375,-0.10986328125,-0.35400390625,-0.08544921875,-0.4638671875,0.0244140625,-0.10986328125,-0.146484375,-0.0244140625,-0.1708984375,-0.927734375,-0.1953125,1.0498046875,0.0732421875,-0.146484375,-0.244140625,-0.59814453125,-0.146484375,-0.1220703125,-0.03662109375,0.8544921875,-0.10986328125,-0.59814453125,0.01220703125,-0.32958984375,-0.18310546875,-0.98876953125,-0.1220703125,0.45166015625,-0.0244140625,0.03662109375,-0.28076171875,-0.74462890625,-0.2685546875,-1.20849609375,-0.20751953125,-0.5859375,-0.01220703125,-0.96435546875,0.0732421875,-0.25634765625,-0.3173828125,-0.7080078125,0.2197265625,-0.439453125,-0.23193359375,0.6103515625,-0.74462890625,7.32421875,-0.1708984375,1.5869140625,0.18310546875,0.69580078125,0.1708984375,1.72119140625,0.0732421875,0.5859375,0.06103515625,0.4638671875,-0.42724609375,0.67138671875,-0.48828125,-0.2197265625,0.03662109375,-0.0244140625,-0.244140625,0.96435546875,-0.30517578125,0.146484375,-0.2685546875,0.08544921875,-0.146484375,0.244140625,-0.244140625,0.86669921875,-0.01220703125,-0.06103515625,0.28076171875,1.23291015625,-0.06103515625,3.52783203125,0.28076171875,1.64794921875,-0.0732421875,0,0.03662109375,0.62255859375,-0.0244140625,-1.611328125,-0.1220703125,-0.4150390625,-0.18310546875,-0.81787109375,0.0244140625,-1.18408203125,-0.10986328125,-0.68359375,0.20751953125,-0.6591796875,-0.3173828125,-0.62255859375,0.1953125,-0.0244140625,-0.10986328125,0.2197265625,-0.10986328125,-0.5615234375,-0.35400390625,-0.52490234375,-0.1953125,3.74755859375,-0.23193359375,0.341796875,0.06103515625,0,-0.06103515625,-0.0244140625,-0.146484375,0.18310546875,-0.13427734375,0.13427734375,0,1.15966796875,-0.03662109375,-0.1953125,0.03662109375,-0.06103515625
0,-0.732421875,-0.2685546875,-0.1220703125,-0.341796875,-0.0732421875,-0.47607421875,0.01220703125,-0.09765625,-0.10986328125,-0.048828125,-0.1708984375,-0.927734375,-0.15869140625,1.0498046875,0.08544921875,-0.1220703125,-0.244140625,-0.59814453125,-0.146484375,-0.1220703125,0.06103515625,0.8544921875,-0.10986328125,-0.59814453125,-0.0244140625,-0.341796875,-0.1220703125,-0.98876953125,-0.0732421875,0.4150390625,0.03662109375,0.03662109375,-0.18310546875,-0.76904296875,-0.2685546875,-1.30615234375,-0.2197265625,-0.5859375,-0.03662109375,-0.98876953125,0.10986328125,-0.2685546875,-0.341796875,-0.72021484375,0.18310546875,-0.42724609375,-0.15869140625,0.6103515625,-0.7568359375,7.01904296875,-0.20751953125,1.5380859375,0.13427734375,0.62255859375,0.23193359375,1.6357421875,0.1220703125,0.5859375,0.03662109375,0.45166015625,-0.40283203125,0.72021484375,-0.45166015625,-0.23193359375,-0.0244140625,-0.0244140625,-0.28076171875,0.91552734375,-0.28076171875,0.09765625,-0.35400390625,0.06103515625,-0.09765625,0.25634765625,-0.20751953125,0.86669921875,-0.01220703125,-0.01220703125,0.341796875,1.2451171875,-0.09765625,3.40576171875,0.2685546875,1.62353515625,0.01220703125,-0.048828125,-0.01220703125,0.59814453125,-0.0244140625,-1.5625,-0.06103515625,-0.390625,-0.23193359375,-0.67138671875,0.01220703125,-1.13525390625,-0.09765625,-0.68359375,0.1953125,-0.6591796875,-0.4150390625,-0.634765625,0.15869140625,-0.0244140625,-0.08544921875,0.5859375,-0.06103515625,-0.23193359375,-0.390625,-0.25634765625,-0.1220703125,4.72412109375,-0.25634765625,0.32958984375,0.048828125,-0.0244140625,-0.048828125,-0.048828125,-0.1220703125,0.1708984375,-0.146484375,0.048828125,-0.0244140625,1.11083984375,0,-0.20751953125,0,-0.1220703125
0,-0.7568359375,-0.29296875,-0.08544921875,-0.3662109375,-0.08544921875,-0.47607421875,0.01220703125,-0.09765625,-0.09765625,-0.06103515625,-0.15869140625,-0.91552734375,-0.146484375,1.03759765625,0.06103515625,-0.1220703125,-0.2685546875,-0.5859375,-0.1220703125,-0.146484375,0.06103515625,0.8544921875,-0.06103515625,-0.5859375,-0.10986328125,-0.341796875,-0.10986328125,-0.9521484375,-0.1220703125,0.40283203125,0.01220703125,0.06103515625,-0.06103515625,-0.74462890625,-0.20751953125,-1.318359375,-0.18310546875,-0.5615234375,-0.01220703125,-0.96435546875,0.20751953125,-0.244140625,-0.3173828125,-0.67138671875,0.1953125,-0.42724609375,-0.08544921875,0.59814453125,-0.74462890625,6.48193359375,-0.28076171875,1.47705078125,0.0732421875,0.52490234375,0.20751953125,1.52587890625,0.08544921875,0.57373046875,0.03662109375,0.4638671875,-0.29296875,0.74462890625,-0.29296875,-0.25634765625,-0.01220703125,-0.0244140625,-0.25634765625,0.81787109375,-0.1953125,0.08544921875,-0.37841796875,0.03662109375,-0.0244140625,0.25634765625,-0.13427734375,0.8544921875,0.03662109375,-0.0244140625,0.35400390625,1.25732421875,-0.13427734375,3.369140625,0.20751953125,1.64794921875,0.0732421875,-0.048828125,-0.048828125,0.6103515625,0.03662109375,-1.40380859375,-0.0244140625,-0.2685546875,-0.25634765625,-0.244140625,0.03662109375,-0.96435546875,-0.0732421875,-0.68359375,0.13427734375,-0.64697265625,-0.537109375,-0.62255859375,0.1220703125,-0.03662109375,-0.10986328125,0.96435546875,-0.01220703125,0.1220703125,-0.40283203125,-0.01220703125,-0.08544921875,5.712890625,-0.28076171875,0.3173828125,0.03662109375,0,-0.0732421875,-0.0244140625,-0.09765625,0.1708984375,-0.1708984375,-0.03662109375,-0.048828125,1.0498046875,0.03662109375,-0.23193359375,-0.0244140625,-0.2197265625
0,-0.69580078125,-0.28076171875,-0.0732421875,-0.3662109375,-0.0732421875,-0.47607421875,0.01220703125,-0.08544921875,-0.06103515625,-0.0732421875,-0.15869140625,-0.9033203125,-0.1220703125,1.025390625,0.06103515625,-0.13427734375,-0.244140625,-0.57373046875,-0.0732421875,-0.13427734375,0.10986328125,0.84228515625,0,-0.5859375,-0.1953125,-0.32958984375,-0.10986328125,-0.9521484375,-0.08544921875,0.40283203125,-0.06103515625,0.09765625,0,-0.69580078125,-0.1953125,-1.30615234375,-0.1953125,-0.54931640625,-0.01220703125,-0.93994140625,0.244140625,-0.23193359375,-0.341796875,-0.69580078125,0.18310546875,-0.4150390625,-0.048828125,0.6103515625,-0.6591796875,5.74951171875,-0.390625,1.35498046875,0.01220703125,0.37841796875,0.18310546875,1.3916015625,0.0732421875,0.5859375,0.0732421875,0.45166015625,-0.40283203125,0.7568359375,-0.18310546875,-0.244140625,-0.06103515625,-0.0244140625,-0.244140625,0.732421875,-0.146484375,0.048828125,-0.4638671875,0,0,0.2685546875,-0.03662109375,0.84228515625,0.08544921875,-0.0244140625,0.30517578125,1.26953125,-0.1220703125,3.41796875,0.10986328125,1.64794921875,0.09765625,-0.03662109375,-0.10986328125,0.6103515625,0.1220703125,-1.15966796875,0,-0.10986328125,-0.1953125,0.47607421875,0.03662109375,-0.72021484375,-0.08544921875,-0.68359375,0.0732421875,-0.634765625,-0.54931640625,-0.634765625,0.08544921875,-0.03662109375,-0.03662109375,1.28173828125,0.01220703125,0.4150390625,-0.37841796875,0.2197265625,-0.13427734375,6.62841796875,-0.28076171875,0.32958984375,0.03662109375,-0.0244140625,-0.06103515625,-0.01220703125,-0.10986328125,0.13427734375,-0.20751953125,-0.10986328125,-0.09765625,1.01318359375,0.0244140625,-0.244140625,-0.08544921875,-0.25634765625
1,-0.7080078125,-0.25634765625,-0.0732421875,-0.390625,-0.06103515625,-0.47607421875,-0.01220703125,-0.08544921875,-0.03662109375,-0.10986328125,-0.13427734375,-0.91552734375,-0.10986328125,1.03759765625,0.06103515625,-0.146484375,-0.2685546875,-0.57373046875,-0.0244140625,-0.1220703125,0.1708984375,0.84228515625,0.048828125,-0.6103515625,-0.146484375,-0.28076171875,-0.048828125,-0.927734375,-0.03662109375,0.45166015625,-0.0732421875,0.15869140625,0.0732421875,-0.67138671875,-0.15869140625,-1.220703125,-0.146484375,-0.52490234375,0.03662109375,-0.89111328125,0.25634765625,-0.23193359375,-0.35400390625,-0.68359375,0.20751953125,-0.42724609375,-0.0244140625,0.5615234375,-0.54931640625,4.833984375,-0.4150390625,1.2451171875,-0.0732421875,0.244140625,0.18310546875,1.23291015625,0.03662109375,0.57373046875,0.0732421875,0.4638671875,-0.47607421875,0.74462890625,-0.048828125,-0.25634765625,-0.08544921875,-0.0244140625,-0.29296875,0.67138671875,-0.1220703125,0.048828125,-0.5126953125,0.01220703125,-0.0244140625,0.28076171875,0.048828125,0.81787109375,0.146484375,-0.0244140625,0.2685546875,1.26953125,-0.048828125,3.45458984375,0.0244140625,1.66015625,0.1220703125,0,-0.1953125,0.62255859375,0.1708984375,-0.86669921875,-0.01220703125,0.15869140625,-0.18310546875,1.3671875,0.048828125,-0.40283203125,-0.10986328125,-0.68359375,0,-0.634765625,-0.54931640625,-0.634765625,0.0244140625,-0.03662109375,-0.10986328125,1.4892578125,0.01220703125,0.6103515625,-0.32958984375,0.3662109375,-0.23193359375,7.38525390625,-0.29296875,0.30517578125,0.03662109375,-0.01220703125,-0.0732421875,-0.03662109375,-0.1220703125,0.13427734375,-0.15869140625,-0.1220703125,-0.06103515625,1.0009765625,0.0732421875,-0.2197265625,0,-0.28076171875
1,-0.64697265625,-0.18310546875,-0.09765625,-0.40283203125,-0.048828125,-0.47607421875,0,-0.08544921875,0.01220703125,-0.10986328125,-0.13427734375,-0.9033203125,-0.10986328125,1.0498046875,0.048828125,-0.146484375,-0.25634765625,-0.5615234375,0.048828125,-0.13427734375,0.09765625,0.8544921875,0.1220703125,-0.62255859375,-0.1220703125,-0.244140625,-0.048828125,-0.86669921875,-0.048828125,0.537109375,-0.18310546875,0.20751953125,0.10986328125,-0.5859375,-0.10986328125,-1.08642578125,-0.09765625,-0.48828125,0.09765625,-0.8056640625,0.23193359375,-0.244140625,-0.390625,-0.69580078125,0.2197265625,-0.4150390625,-0.01220703125,0.54931640625,-0.42724609375,3.82080078125,-0.439453125,1.06201171875,-0.18310546875,0.09765625,0.1953125,1.07421875,-0.01220703125,0.5859375,0.0732421875,0.45166015625,-0.341796875,0.732421875,0.10986328125,-0.244140625,-0.048828125,0.0732421875,-0.3173828125,0.64697265625,-0.03662109375,0.048828125,-0.48828125,0.06103515625,-0.08544921875,0.29296875,0.09765625,0.81787109375,0.146484375,-0.03662109375,0.2197265625,1.2939453125,0.048828125,3.45458984375,-0.0732421875,1.6357421875,0.0732421875,0.03662109375,-0.25634765625,0.6103515625,0.20751953125,-0.5859375,-0.048828125,0.45166015625,-0.09765625,2.38037109375,0.06103515625,-0.06103515625,-0.15869140625,-0.68359375,-0.048828125,-0.62255859375,-0.52490234375,-0.6103515625,-0.0244140625,-0.03662109375,-0.08544921875,1.6357421875,0.01220703125,0.76904296875,-0.23193359375,0.4638671875,-0.28076171875,7.91015625,-0.30517578125,0.28076171875,0.01220703125,-0.01220703125,-0.06103515625,-0.03662109375,-0.08544921875,0.13427734375,-0.1708984375,-0.08544921875,0.048828125,1.0498046875,0.06103515625,-0.146484375,-0.0244140625,-0.18310546875
1,-0.5615234375,-0.09765625,-0.08544921875,-0.4150390625,-0.03662109375,-0.45166015625,-0.0244140625,-0.08544921875,0.048828125,-0.10986328125,-0.146484375,-0.9033203125,-0.1220703125,1.06201171875,0.03662109375,-0.1708984375,-0.2197265625,-0.5615234375,0.10986328125,-0.13427734375,0.1220703125,0.8544921875,0.15869140625,-0.62255859375,-0.048828125,-0.18310546875,-0.048828125,-0.81787109375,-0.048828125,0.62255859375,-0.244140625,0.28076171875,0.03662109375,-0.5126953125,-0.10986328125,-0.927734375,-0.09765625,-0.47607421875,0.1220703125,-0.76904296875,0.1708984375,-0.25634765625,-0.390625,-0.68359375,0.146484375,-0.42724609375,-0.0244140625,0.537109375,-0.5126953125,2.77099609375,-0.3662109375,0.9033203125,-0.2685546875,-0.03662109375,0.25634765625,0.93994140625,-0.09765625,0.6103515625,0.13427734375,0.45166015625,-0.37841796875,0.67138671875,0.15869140625,-0.2197265625,-0.08544921875,0.09765625,-0.35400390625,0.6591796875,-0.03662109375,0.0732421875,-0.5126953125,0.09765625,-0.1953125,0.2685546875,0.146484375,0.8056640625,0.10986328125,-0.01220703125,0.1220703125,1.2939453125,0.146484375,3.30810546875,-0.18310546875,1.55029296875,0.03662109375,0,-0.35400390625,0.5615234375,0.1953125,-0.25634765625,-0.06103515625,0.732421875,0.23193359375,3.369140625,0.0244140625,0.30517578125,-0.146484375,-0.68359375,-0.0732421875,-0.634765625,-0.45166015625,-0.6103515625,-0.0244140625,-0.048828125,-0.0244140625,1.64794921875,-0.03662109375,0.8056640625,-0.146484375,0.50048828125,-0.23193359375,8.14208984375,-0.29296875,0.28076171875,0.0244140625,-0.01220703125,-0.06103515625,-0.06103515625,-0.10986328125,0.13427734375,-0.1708984375,0.0244140625,0.10986328125,1.13525390625,0.06103515625,-0.0732421875,0.01220703125,-0.0244140625
1,-0.45166015625,-0.048828125,-0.08544921875,-0.390625,-0.06103515625,-0.439453125,-0.0244140625,-0.09765625,0.06103515625,-0.09765625,-0.146484375,-0.9033203125,-0.13427734375,1.06201171875,0.01220703125,-0.18310546875,-0.18310546875,-0.54931640625,0.146484375,-0.13427734375,0.13427734375,0.87890625,0.1953125,-0.6103515625,0.1220703125,-0.1220703125,0.03662109375,-0.7568359375,-0.06103515625,0.74462890625,-0.20751953125,0.35400390625,-0.01220703125,-0.48828125,-0.09765625,-0.81787109375,-0.09765625,-0.439453125,0.146484375,-0.72021484375,0.146484375,-0.28076171875,-0.3173828125,-0.69580078125,0.08544921875,-0.439453125,-0.0244140625,0.52490234375,-0.5126953125,1.86767578125,-0.2197265625,0.732421875,-0.28076171875,-0.146484375,0.244140625,0.79345703125,-0.20751953125,0.6103515625,0.146484375,0.45166015625,-0.341796875,0.6591796875,0.25634765625,-0.1953125,-0.0244140625,0.1708984375,-0.2685546875,0.72021484375,-0.0244140625,0.13427734375,-0.45166015625,0.15869140625,-0.244140625,0.2685546875,0.15869140625,0.78125,0.0244140625,-0.0244140625,0.03662109375,1.2939453125,0.25634765625,3.06396484375,-0.244140625,1.4404296875,-0.01220703125,-0.0244140625,-0.35400390625,0.47607421875,0.20751953125,0.0244140625,-0.08544921875,0.98876953125,0.29296875,4.28466796875,0.048828125,0.64697265625,-0.13427734375,-0.69580078125,-0.10986328125,-0.68359375,-0.35400390625,-0.5859375,0.01220703125,-0.08544921875,-0.03662109375,1.5869140625,-0.0732421875,0.732421875,-0.03662109375,0.439453125,-0.1220703125,8.11767578125,-0.32958984375,0.28076171875,0.048828125,-0.0244140625,-0.06103515625,-0.0732421875,-0.146484375,0.1220703125,-0.20751953125,0.18310546875,0.03662109375,1.25732421875,0.03662109375,0.0244140625,0.03662109375,0.146484375
1,-0.40283203125,0,-0.13427734375,-0.40283203125,-0.06103515625,-0.439453125,-0.03662109375,-0.09765625,0.03662109375,-0.0732421875,-0.146484375,-0.89111328125,-0.13427734375,1.07421875,0,-0.1708984375,-0.1708984375,-0.54931640625,0.1708984375,-0.1220703125,0.06103515625,0.89111328125,0.2197265625,-0.6103515625,0.1953125,-0.06103515625,0.048828125,-0.72021484375,-0.10986328125,0.8544921875,-0.2197265625,0.4150390625,-0.08544921875,-0.45166015625,-0.10986328125,-0.74462890625,-0.09765625,-0.45166015625,0.1708984375,-0.67138671875,0.10986328125,-0.28076171875,-0.23193359375,-0.69580078125,0.0244140625,-0.439453125,-0.0244140625,0.52490234375,-0.5126953125,1.1474609375,-0.20751953125,0.54931640625,-0.341796875,-0.25634765625,0.15869140625,0.69580078125,-0.28076171875,0.64697265625,0.18310546875,0.45166015625,-0.37841796875,0.6103515625,0.30517578125,-0.1953125,0,0.23193359375,-0.13427734375,0.81787109375,0.01220703125,0.2197265625,-0.341796875,0.244140625,-0.23193359375,0.29296875,0.20751953125,0.830078125,-0.0732421875,-0.03662109375,0.03662109375,1.2939453125,0.23193359375,2.63671875,-0.29296875,1.25732421875,-0.06103515625,-0.09765625,-0.390625,0.341796875,0.1953125,0.244140625,-0.10986328125,1.20849609375,0.29296875,5.0537109375,0.0732421875,0.9521484375,-0.13427734375,-0.67138671875,-0.1220703125,-0.68359375,-0.28076171875,-0.5615234375,0.06103515625,-0.0732421875,0.0732421875,1.46484375,-0.0244140625,0.62255859375,0.0732421875,0.341796875,-0.1708984375,7.80029296875,-0.341796875,0.28076171875,0.048828125,-0.0244140625,-0.06103515625,-0.0732421875,-0.13427734375,0.13427734375,-0.25634765625,0.35400390625,0.0732421875,1.3427734375,0.0244140625,0.1220703125,0.01220703125,0.32958984375
1,-0.341796875,0,-0.1708984375,-0.37841796875,-0.06103515625,-0.42724609375,-0.03662109375,-0.08544921875,0.048828125,-0.09765625,-0.13427734375,-0.9033203125,-0.146484375,1.08642578125,-0.01220703125,-0.1708984375,-0.1708984375,-0.57373046875,0.18310546875,-0.146484375,0.09765625,0.9033203125,0.1953125,-0.6103515625,0.2685546875,-0.01220703125,0.048828125,-0.6591796875,-0.10986328125,0.9521484375,-0.15869140625,0.47607421875,-0.1708984375,-0.45166015625,-0.1708984375,-0.732421875,-0.10986328125,-0.439453125,0.2197265625,-0.68359375,0.18310546875,-0.28076171875,-0.1708984375,-0.69580078125,0,-0.47607421875,-0.06103515625,0.50048828125,-0.52490234375,0.68359375,-0.10986328125,0.4150390625,-0.35400390625,-0.3173828125,0.08544921875,0.6103515625,-0.29296875,0.634765625,0.2197265625,0.4638671875,-0.4638671875,0.57373046875,0.341796875,-0.18310546875,0,0.3173828125,-0.048828125,0.93994140625,-0.08544921875,0.28076171875,-0.30517578125,0.30517578125,-0.146484375,0.29296875,0.2197265625,0.79345703125,-0.18310546875,-0.0244140625,-0.03662109375,1.28173828125,0.28076171875,2.06298828125,-0.341796875,1.01318359375,-0.146484375,-0.23193359375,-0.37841796875,0.15869140625,0.1220703125,0.439453125,-0.146484375,1.37939453125,0.29296875,5.60302734375,0.0732421875,1.1962890625,-0.146484375,-0.68359375,-0.09765625,-0.69580078125,-0.15869140625,-0.537109375,0.09765625,-0.08544921875,0.06103515625,1.25732421875,-0.0732421875,0.45166015625,0.15869140625,0.20751953125,-0.25634765625,7.26318359375,-0.3173828125,0.29296875,0.048828125,-0.03662109375,-0.0732421875,-0.09765625,-0.1220703125,0.146484375,-0.2197265625,0.50048828125,0.15869140625,1.40380859375,0.01220703125,0.18310546875,0.048828125,0.47607421875
1,-0.25634765625,0.0244140625,-0.15869140625,-0.37841796875,-0.0732421875,-0.439453125,-0.048828125,-0.09765625,0.01220703125,-0.09765625,-0.1220703125,-0.9033203125,-0.18310546875,1.07421875,-0.048828125,-0.1708984375,-0.15869140625,-0.5615234375,0.146484375,-0.146484375,0,0.89111328125,0.18310546875,-0.5859375,0.341796875,0.03662109375,0.0732421875,-0.62255859375,-0.15869140625,1.025390625,-0.08544921875,0.5126953125,-0.18310546875,-0.439453125,-0.20751953125,-0.78125,-0.13427734375,-0.45166015625,0.244140625,-0.69580078125,0.18310546875,-0.29296875,-0.0732421875,-0.68359375,0.03662109375,-0.4638671875,-0.09765625,0.5126953125,-0.48828125,0.47607421875,0.09765625,0.32958984375,-0.3173828125,-0.3662109375,0.06103515625,0.5859375,-0.32958984375,0.634765625,0.20751953125,0.47607421875,-0.390625,0.537109375,0.390625,-0.1953125,-0.01220703125,0.3662109375,0.08544921875,1.025390625,-0.146484375,0.341796875,-0.23193359375,0.3662109375,-0.0244140625,0.25634765625,0.20751953125,0.81787109375,-0.244140625,-0.03662109375,-0.03662109375,1.28173828125,0.3662109375,1.37939453125,-0.2685546875,0.74462890625,-0.20751953125,-0.40283203125,-0.3173828125,-0.03662109375,0.08544921875,0.5615234375,-0.1953125,1.50146484375,0.3173828125,5.95703125,0.08544921875,1.3427734375,-0.146484375,-0.69580078125,-0.08544921875,-0.69580078125,-0.0732421875,-0.5615234375,0.146484375,-0.06103515625,0,1.06201171875,-0.08544921875,0.25634765625,0.1953125,0.03662109375,-0.30517578125,6.5673828125,-0.30517578125,0.28076171875,0.03662109375,-0.0244140625,-0.0732421875,-0.08544921875,-0.13427734375,0.146484375,-0.25634765625,0.5859375,0.146484375,1.42822265625,0,0.1953125,0.03662109375,0.537109375
1,-0.244140625,-0.0244140625,-0.15869140625,-0.3662109375,-0.08544921875,-0.45166015625,-0.06103515625,-0.1220703125,-0.01220703125,-0.08544921875,-0.10986328125,-0.91552734375,-0.1708984375,1.07421875,-0.08544921875,-0.15869140625,-0.1708984375,-0.57373046875,0.1220703125,-0.15869140625,-0.1220703125,0.89111328125,0.18310546875,-0.59814453125,0.3662109375,0.06103515625,0.048828125,-0.59814453125,-0.13427734375,1.06201171875,0,0.52490234375,-0.20751953125,-0.47607421875,-0.28076171875,-0.87890625,-0.18310546875,-0.4638671875,0.30517578125,-0.72021484375,0.13427734375,-0.3173828125,0.048828125,-0.7080078125,0.08544921875,-0.4638671875,-0.1220703125,0.52490234375,-0.54931640625,0.50048828125,0.20751953125,0.2685546875,-0.29296875,-0.341796875,0.01220703125,0.59814453125,-0.3173828125,0.64697265625,0.18310546875,0.47607421875,-0.50048828125,0.57373046875,0.37841796875,-0.20751953125,-0.10986328125,0.4150390625,0.1708984375,1.0986328125,-0.15869140625,0.390625,-0.146484375,0.37841796875,0.0732421875,0.25634765625,0.146484375,0.89111328125,-0.32958984375,-0.03662109375,-0.0244140625,1.25732421875,0.35400390625,0.6591796875,-0.23193359375,0.47607421875,-0.2197265625,-0.6103515625,-0.244140625,-0.2685546875,0,0.5859375,-0.2197265625,1.5380859375,0.35400390625,6.09130859375,0.0732421875,1.3916015625,-0.13427734375,-0.69580078125,-0.06103515625,-0.69580078125,-0.048828125,-0.57373046875,0.23193359375,-0.0732421875,-0.03662109375,0.87890625,-0.10986328125,0.06103515625,0.18310546875,-0.08544921875,-0.30517578125,5.8349609375,-0.3173828125,0.29296875,0.03662109375,-0.03662109375,-0.0732421875,-0.09765625,-0.1220703125,0.18310546875,-0.25634765625,0.59814453125,0.09765625,1.3916015625,-0.0244140625,0.1708984375,0.01220703125,0.5126953125
1,-0.1708984375,-0.0732421875,-0.146484375,-0.341796875,-0.06103515625,-0.4638671875,-0.0732421875,-0.1220703125,-0.048828125,-0.08544921875,-0.0732421875,-0.927734375,-0.146484375,1.07421875,-0.10986328125,-0.15869140625,-0.18310546875,-0.57373046875,0.0732421875,-0.146484375,-0.18310546875,0.86669921875,0.15869140625,-0.5859375,0.341796875,0.048828125,0.01220703125,-0.59814453125,-0.06103515625,1.0498046875,0.08544921875,0.5126953125,-0.2197265625,-0.537109375,-0.29296875,-1.01318359375,-0.2197265625,-0.48828125,0.341796875,-0.79345703125,0.048828125,-0.28076171875,0.15869140625,-0.7080078125,0.10986328125,-0.4638671875,-0.15869140625,0.537109375,-0.59814453125,0.732421875,0.30517578125,0.30517578125,-0.244140625,-0.29296875,-0.09765625,0.64697265625,-0.2685546875,0.62255859375,0.1708984375,0.48828125,-0.5126953125,0.64697265625,0.40283203125,-0.20751953125,-0.1708984375,0.40283203125,0.28076171875,1.13525390625,-0.15869140625,0.390625,-0.10986328125,0.390625,0.13427734375,0.23193359375,0.048828125,0.91552734375,-0.37841796875,-0.048828125,-0.01220703125,1.2451171875,0.32958984375,-0.0244140625,-0.1708984375,0.1953125,-0.244140625,-0.830078125,-0.146484375,-0.47607421875,-0.06103515625,0.52490234375,-0.2197265625,1.50146484375,0.37841796875,5.99365234375,0.048828125,1.318359375,-0.0732421875,-0.69580078125,-0.08544921875,-0.69580078125,-0.03662109375,-0.5615234375,0.28076171875,-0.0732421875,-0.13427734375,0.74462890625,-0.1220703125,-0.08544921875,0.08544921875,-0.2197265625,-0.30517578125,5.17578125,-0.30517578125,0.30517578125,0.03662109375,-0.03662109375,-0.08544921875,-0.10986328125,-0.10986328125,0.1708984375,-0.28076171875,0.52490234375,0.1708984375,1.3427734375,-0.0244140625,0.09765625,0.01220703125,0.4150390625
1,-0.13427734375,-0.10986328125,-0.146484375,-0.35400390625,-0.06103515625,-0.45166015625,-0.0732421875,-0.10986328125,-0.06103515625,-0.0732421875,-0.06103515625,-0.91552734375,-0.13427734375,1.0498046875,-0.13427734375,-0.15869140625,-0.1953125,-0.57373046875,0.0244140625,-0.15869140625,-0.29296875,0.86669921875,0.15869140625,-0.5859375,0.25634765625,0.0244140625,0,-0.59814453125,0,1.03759765625,0.08544921875,0.47607421875,-0.244140625,-0.5859375,-0.30517578125,-1.1474609375,-0.244140625,-0.50048828125,0.4150390625,-0.84228515625,-0.048828125,-0.2685546875,0.1953125,-0.72021484375,0.09765625,-0.45166015625,-0.09765625,0.537109375,-0.5615234375,1.025390625,0.341796875,0.35400390625,-0.13427734375,-0.244140625,-0.1220703125,0.68359375,-0.20751953125,0.62255859375,0.1220703125,0.48828125,-0.62255859375,0.76904296875,0.42724609375,-0.20751953125,-0.25634765625,0.4150390625,0.32958984375,1.11083984375,-0.13427734375,0.3662109375,-0.048828125,0.37841796875,0.18310546875,0.20751953125,-0.01220703125,0.927734375,-0.390625,-0.048828125,-0.01220703125,1.25732421875,0.25634765625,-0.59814453125,-0.1220703125,0.0244140625,-0.23193359375,-1.0009765625,-0.08544921875,-0.634765625,-0.09765625,0.390625,-0.18310546875,1.40380859375,0.37841796875,5.67626953125,0.03662109375,1.13525390625,-0.0244140625,-0.69580078125,-0.1220703125,-0.68359375,-0.06103515625,-0.5859375,0.3173828125,-0.0732421875,-0.23193359375,0.67138671875,-0.1220703125,-0.23193359375,-0.01220703125,-0.29296875,-0.23193359375,4.6875,-0.30517578125,0.3173828125,0.03662109375,-0.048828125,-0.06103515625,-0.09765625,-0.09765625,0.18310546875,-0.30517578125,0.45166015625,0.20751953125,1.3427734375,-0.03662109375,0.0244140625,-0.03662109375,0.23193359375
1,-0.0244140625,-0.1220703125,-0.1220703125,-0.3662109375,-0.048828125,-0.48828125,-0.09765625,-0.1220703125,-0.048828125,-0.08544921875,-0.048828125,-0.93994140625,-0.09765625,1.0498046875,-0.1220703125,-0.15869140625,-0.2197265625,-0.5615234375,-0.0244140625,-0.1708984375,-0.32958984375,0.84228515625,0.1220703125,-0.59814453125,0.1953125,-0.01220703125,-0.0244140625,-0.62255859375,0.08544921875,1.0009765625,0.0244140625,0.42724609375,-0.2685546875,-0.64697265625,-0.30517578125,-1.26953125,-0.28076171875,-0.54931640625,0.390625,-0.89111328125,-0.0244140625,-0.244140625,0.15869140625,-0.7080078125,0.1220703125,-0.439453125,-0.13427734375,0.52490234375,-0.59814453125,1.30615234375,0.341796875,0.439453125,-0.08544921875,-0.15869140625,-0.15869140625,0.74462890625,-0.13427734375,0.6103515625,0.06103515625,0.48828125,-0.78125,0.93994140625,0.40283203125,-0.2197265625,-0.2685546875,0.40283203125,0.3173828125,1.07421875,-0.09765625,0.341796875,-0.01220703125,0.32958984375,0.18310546875,0.20751953125,-0.03662109375,0.927734375,-0.37841796875,-0.03662109375,0.0244140625,1.26953125,0.20751953125,-0.98876953125,-0.048828125,-0.1220703125,-0.1953125,-1.123046875,-0.08544921875,-0.72021484375,-0.13427734375,0.18310546875,-0.1220703125,1.2451171875,0.341796875,5.21240234375,0.01220703125,0.91552734375,0.0244140625,-0.69580078125,-0.0732421875,-0.67138671875,-0.1220703125,-0.59814453125,0.32958984375,-0.048828125,-0.1953125,0.6103515625,-0.1220703125,-0.29296875,-0.08544921875,-0.3173828125,-0.20751953125,4.4189453125,-0.3173828125,0.3173828125,0.0244140625,-0.06103515625,-0.0732421875,-0.08544921875,-0.06103515625,0.1708984375,-0.28076171875,0.37841796875,0.25634765625,1.40380859375,-0.048828125,-0.048828125,0,0.146484375
1,-0.048828125,-0.13427734375,-0.13427734375,-0.3662109375,-0.0732421875,-0.48828125,-0.09765625,-0.0732421875,-0.048828125,-0.0732421875,-0.03662109375,-0.91552734375,-0.10986328125,1.03759765625,-0.146484375,-0.146484375,-0.23193359375,-0.57373046875,-0.08544921875,-0.146484375,-0.341796875,0.8544921875,0.1220703125,-0.59814453125,0.146484375,-0.06103515625,-0.10986328125,-0.6591796875,0.146484375,0.9765625,-0.03662109375,0.3662109375,-0.25634765625,-0.6591796875,-0.2197265625,-1.30615234375,-0.244140625,-0.54931640625,0.390625,-0.927734375,-0.0244140625,-0.25634765625,0.0732421875,-0.7080078125,0.146484375,-0.4150390625,-0.048828125,0.54931640625,-0.59814453125,1.5380859375,0.30517578125,0.54931640625,0.01220703125,-0.10986328125,-0.1953125,0.8056640625,-0.10986328125,0.62255859375,0.01220703125,0.4638671875,-0.78125,1.123046875,0.37841796875,-0.2197265625,-0.23193359375,0.3662109375,0.35400390625,0.96435546875,-0.0244140625,0.29296875,-0.0244140625,0.29296875,0.1708984375,0.1953125,-0.09765625,0.9033203125,-0.30517578125,-0.048828125,-0.01220703125,1.2451171875,0.09765625,-1.123046875,0.0244140625,-0.146484375,-0.1220703125,-1.15966796875,-0.06103515625,-0.74462890625,-0.1708984375,-0.048828125,-0.06103515625,1.025390625,0.30517578125,4.65087890625,-0.048828125,0.62255859375,0.08544921875,-0.69580078125,-0.06103515625,-0.68359375,-0.18310546875,-0.59814453125,0.30517578125,-0.048828125,-0.244140625,0.64697265625,-0.146484375,-0.30517578125,-0.1708984375,-0.29296875,-0.30517578125,4.38232421875,-0.29296875,0.32958984375,0.0244140625,-0.06103515625,-0.0732421875,-0.08544921875,-0.06103515625,0.15869140625,-0.30517578125,0.35400390625,0.23193359375,1.57470703125,-0.09765625,-0.01220703125,-0.03662109375,0.1220703125
1,-0.0244140625,-0.08544921875,-0.1220703125,-0.3662109375,-0.06103515625,-0.48828125,-0.1220703125,-0.0732421875,-0.01220703125,-0.08544921875,0,-0.91552734375,-0.08544921875,1.025390625,-0.10986328125,-0.13427734375,-0.244140625,-0.57373046875,-0.13427734375,-0.15869140625,-0.32958984375,0.8544921875,0.08544921875,-0.59814453125,0.0732421875,-0.10986328125,-0.13427734375,-0.69580078125,0.2197265625,0.927734375,-0.08544921875,0.28076171875,-0.23193359375,-0.67138671875,-0.28076171875,-1.318359375,-0.2197265625,-0.5859375,0.3662109375,-0.927734375,0.0732421875,-0.23193359375,-0.03662109375,-0.69580078125,0.1953125,-0.4150390625,0.01220703125,0.54931640625,-0.6591796875,1.64794921875,0.25634765625,0.62255859375,0.06103515625,-0.048828125,-0.25634765625,0.830078125,-0.08544921875,0.6103515625,0.01220703125,0.45166015625,-0.87890625,1.30615234375,0.3662109375,-0.20751953125,-0.1708984375,0.32958984375,0.35400390625,0.86669921875,0.01220703125,0.25634765625,-0.03662109375,0.23193359375,0.20751953125,0.23193359375,-0.10986328125,0.91552734375,-0.1708984375,-0.06103515625,-0.01220703125,1.2451171875,0.09765625,-0.9765625,0.048828125,-0.048828125,-0.08544921875,-1.0986328125,-0.10986328125,-0.67138671875,-0.15869140625,-0.32958984375,-0.0244140625,0.76904296875,0.244140625,3.99169921875,-0.06103515625,0.2685546875,0.09765625,-0.7080078125,-0.0732421875,-0.64697265625,-0.28076171875,-0.5859375,0.23193359375,-0.048828125,-0.1953125,0.69580078125,-0.13427734375,-0.28076171875,-0.23193359375,-0.25634765625,-0.4150390625,4.58984375,-0.32958984375,0.32958984375,0.03662109375,-0.06103515625,-0.08544921875,-0.0732421875,-0.048828125,0.146484375,-0.28076171875,0.5126953125,0.2685546875,1.94091796875,-0.09765625,0.13427734375,-0.01220703125,0.28076171875
0,-0.03662109375,0.01220703125,-0.13427734375,-0.390625,-0.06103515625,-0.47607421875,-0.10986328125,-0.0732421875,0.03662109375,-0.08544921875,0.0244140625,-0.9033203125,-0.06103515625,1.03759765625,-0.10986328125,-0.146484375,-0.23193359375,-0.5615234375,-0.10986328125,-0.1220703125,-0.341796875,0.86669921875,0.06103515625,-0.59814453125,-0.01220703125,-0.146484375,-0.1708984375,-0.7080078125,0.1953125,0.927734375,-0.01220703125,0.23193359375,-0.15869140625,-0.6591796875,-0.28076171875,-1.26953125,-0.10986328125,-0.57373046875,0.3662109375,-0.9033203125,0.10986328125,-0.23193359375,-0.1708984375,-0.7080078125,0.23193359375,-0.42724609375,0.048828125,0.5615234375,-0.69580078125,1.6357421875,0.146484375,0.72021484375,0.08544921875,-0.01220703125,-0.29296875,0.89111328125,-0.06103515625,0.62255859375,-0.01220703125,0.45166015625,-0.78125,1.45263671875,0.25634765625,-0.1953125,-0.08544921875,0.30517578125,0.3173828125,0.79345703125,0.048828125,0.1953125,-0.0732421875,0.18310546875,0.1953125,0.28076171875,-0.09765625,0.87890625,-0.08544921875,-0.0732421875,-0.0244140625,1.26953125,0.18310546875,-0.54931640625,0.0732421875,0.13427734375,-0.0732421875,-0.98876953125,-0.1708984375,-0.537109375,-0.10986328125,-0.64697265625,-0.01220703125,0.5126953125,0.1220703125,3.2958984375,-0.0244140625,-0.0732421875,0.048828125,-0.68359375,-0.01220703125,-0.67138671875,-0.28076171875,-0.59814453125,0.13427734375,-0.048828125,-0.15869140625,0.78125,-0.10986328125,-0.1953125,-0.2685546875,-0.18310546875,-0.4638671875,4.89501953125,-0.341796875,0.3173828125,0.0244140625,-0.03662109375,-0.06103515625,-0.0732421875,-0.048828125,0.146484375,-0.28076171875,0.8056640625,0.1708984375,2.50244140625,-0.08544921875,0.42724609375,0,0.64697265625
0,0,0.10986328125,-0.09765625,-0.40283203125,-0.03662109375,-0.45166015625,-0.09765625,-0.09765625,0.10986328125,-0.0732421875,0.03662109375,-0.9033203125,-0.048828125,1.03759765625,-0.10986328125,-0.1708984375,-0.18310546875,-0.57373046875,-0.15869140625,-0.1220703125,-0.3173828125,0.87890625,-0.01220703125,-0.5859375,-0.0244140625,-0.13427734375,-0.1708984375,-0.7080078125,0.13427734375,0.927734375,-0.048828125,0.20751953125,-0.1220703125,-0.67138671875,-0.29296875,-1.1962890625,-0.048828125,-0.5615234375,0.32958984375,-0.86669921875,0.1220703125,-0.25634765625,-0.25634765625,-0.7080078125,0.28076171875,-0.45166015625,0.08544921875,0.5615234375,-0.74462890625,1.52587890625,0.0244140625,0.74462890625,0.15869140625,0,-0.244140625,0.87890625,-0.048828125,0.62255859375,-0.0244140625,0.42724609375,-0.76904296875,1.57470703125,0.18310546875,-0.1953125,-0.048828125,0.2685546875,0.28076171875,0.74462890625,0.0732421875,0.1708984375,-0.09765625,0.15869140625,0.18310546875,0.35400390625,-0.10986328125,0.81787109375,-0.0244140625,-0.048828125,-0.09765625,1.25732421875,0.10986328125,0.09765625,0.06103515625,0.390625,-0.09765625,-0.79345703125,-0.2197265625,-0.3173828125,-0.03662109375,-0.93994140625,-0.048828125,0.23193359375,0,2.57568359375,0.03662109375,-0.4150390625,0,-0.69580078125,0,-0.64697265625,-0.2685546875,-0.59814453125,0.03662109375,-0.06103515625,-0.13427734375,0.8544921875,-0.13427734375,-0.13427734375,-0.30517578125,-0.1220703125,-0.50048828125,5.21240234375,-0.3662109375,0.32958984375,0.048828125,-0.0244140625,-0.0732421875,-0.048828125,-0.048828125,0.146484375,-0.30517578125,1.2939453125,0.08544921875,3.2470703125,-0.10986328125,0.86669921875,-0.03662109375,1.220703125
0,0.048828125,0.23193359375,-0.10986328125,-0.42724609375,-0.01220703125,-0.42724609375,-0.1220703125,-0.10986328125,0.15869140625,-0.06103515625,0.06103515625,-0.91552734375,-0.06103515625,1.07421875,-0.10986328125,-0.1953125,-0.13427734375,-0.5859375,-0.146484375,-0.146484375,-0.35400390625,0.8544921875,-0.06103515625,-0.5859375,-0.0244140625,-0.13427734375,-0.06103515625,-0.69580078125,0.0732421875,0.93994140625,0,0.2197265625,-0.048828125,-0.62255859375,-0.2685546875,-1.123046875,-0.0244140625,-0.537109375,0.28076171875,-0.84228515625,0.08544921875,-0.25634765625,-0.28076171875,-0.7080078125,0.30517578125,-0.45166015625,0.09765625,0.5615234375,-0.8056640625,1.35498046875,-0.10986328125,0.7568359375,0.1953125,0,-0.20751953125,0.87890625,-0.0732421875,0.634765625,-0.06103515625,0.40283203125,-0.84228515625,1.59912109375,0.048828125,-0.1708984375,-0.0244140625,0.244140625,0.1953125,0.69580078125,0.06103515625,0.15869140625,-0.09765625,0.146484375,0.1220703125,0.4150390625,-0.15869140625,0.830078125,0.03662109375,-0.048828125,-0.13427734375,1.25732421875,0.2197265625,0.927734375,0.09765625,0.72021484375,-0.20751953125,-0.57373046875,-0.23193359375,-0.08544921875,0.03662109375,-1.220703125,-0.06103515625,-0.03662109375,-0.09765625,1.904296875,0.08544921875,-0.72021484375,-0.06103515625,-0.69580078125,0.048828125,-0.64697265625,-0.2197265625,-0.59814453125,-0.048828125,-0.08544921875,-0.146484375,0.87890625,-0.1220703125,-0.08544921875,-0.28076171875,-0.10986328125,-0.5126953125,5.40771484375,-0.3662109375,0.32958984375,0.03662109375,-0.0244140625,-0.06103515625,-0.06103515625,-0.048828125,0.15869140625,-0.244140625,1.91650390625,0.048828125,4.13818359375,-0.0732421875,1.416015625,-0.0244140625,1.98974609375
0,0.0732421875,0.3662109375,-0.1220703125,-0.40283203125,-0.0244140625,-0.4150390625,-0.13427734375,-0.10986328125,0.1708984375,-0.06103515625,0.06103515625,-0.91552734375,-0.048828125,1.06201171875,-0.13427734375,-0.20751953125,-0.0732421875,-0.5859375,-0.15869140625,-0.13427734375,-0.35400390625,0.9033203125,-0.06103515625,-0.5859375,-0.01220703125,-0.10986328125,0.0244140625,-0.68359375,-0.0244140625,0.96435546875,0.01220703125,0.244140625,0.03662109375,-0.5859375,-0.23193359375,-1.025390625,0,-0.537109375,0.30517578125,-0.81787109375,-0.03662109375,-0.28076171875,-0.2685546875,-0.732421875,0.30517578125,-0.45166015625,0.0244140625,0.5615234375,-0.89111328125,1.171875,-0.2197265625,0.7080078125,0.25634765625,-0.06103515625,-0.1953125,0.8544921875,-0.15869140625,0.634765625,-0.06103515625,0.390625,-0.81787109375,1.5625,-0.08544921875,-0.18310546875,0.06103515625,0.25634765625,0.1708984375,0.69580078125,0.06103515625,0.18310546875,-0.06103515625,0.146484375,0.06103515625,0.5126953125,-0.18310546875,0.79345703125,0.03662109375,-0.06103515625,-0.13427734375,1.26953125,0.28076171875,1.86767578125,0.0732421875,1.0986328125,-0.30517578125,-0.30517578125,-0.18310546875,0.2197265625,0.10986328125,-1.4404296875,-0.08544921875,-0.244140625,-0.25634765625,1.28173828125,0.13427734375,-0.98876953125,-0.1220703125,-0.68359375,0,-0.6591796875,-0.18310546875,-0.5859375,-0.13427734375,-0.0732421875,-0.10986328125,0.8056640625,-0.1220703125,-0.08544921875,-0.25634765625,-0.13427734375,-0.54931640625,5.37109375,-0.37841796875,0.3173828125,0.048828125,-0.0244140625,-0.0732421875,-0.048828125,-0.03662109375,0.146484375,-0.29296875,2.6611328125,-0.048828125,5.11474609375,-0.048828125,2.001953125,-0.06103515625,2.86865234375
0,0.146484375,0.439453125,-0.09765625,-0.40283203125,-0.048828125,-0.390625,-0.146484375,-0.09765625,0.1708984375,-0.03662109375,0.0732421875,-0.9033203125,-0.06103515625,1.08642578125,-0.1953125,-0.1953125,-0.03662109375,-0.5859375,-0.146484375,-0.13427734375,-0.3662109375,0.9033203125,-0.08544921875,-0.6103515625,-0.048828125,-0.08544921875,0.08544921875,-0.6591796875,-0.10986328125,0.9765625,0,0.2685546875,0.0244140625,-0.5859375,-0.1953125,-0.96435546875,-0.01220703125,-0.5126953125,0.29296875,-0.76904296875,-0.146484375,-0.30517578125,-0.244140625,-0.7080078125,0.30517578125,-0.47607421875,0.06103515625,0.57373046875,-0.89111328125,1.06201171875,-0.341796875,0.67138671875,0.28076171875,-0.08544921875,-0.18310546875,0.81787109375,-0.18310546875,0.6103515625,-0.03662109375,0.40283203125,-0.732421875,1.42822265625,-0.13427734375,-0.1953125,0.01220703125,0.2685546875,0.09765625,0.74462890625,-0.0244140625,0.1953125,-0.09765625,0.1708984375,-0.0244140625,0.6103515625,-0.1953125,0.79345703125,0.0244140625,-0.0244140625,-0.1220703125,1.2939453125,0.32958984375,2.83203125,0.03662109375,1.47705078125,-0.45166015625,-0.048828125,-0.18310546875,0.4638671875,0.15869140625,-1.6357421875,-0.08544921875,-0.4150390625,-0.32958984375,0.732421875,0.15869140625,-1.1962890625,-0.146484375,-0.7080078125,-0.03662109375,-0.67138671875,-0.146484375,-0.5859375,-0.15869140625,-0.06103515625,-0.1220703125,0.68359375,-0.13427734375,-0.15869140625,-0.15869140625,-0.20751953125,-0.439453125,5.029296875,-0.341796875,0.3173828125,0.0244140625,-0.01220703125,-0.0732421875,-0.0732421875,-0.048828125,0.15869140625,-0.2685546875,3.40576171875,0.06103515625,6.0791015625,0,2.60009765625,-0.03662109375,3.82080078125
0,0.10986328125,0.47607421875,-0.09765625,-0.390625,-0.06103515625,-0.390625,-0.15869140625,-0.1220703125,0.1708984375,-0.048828125,0.09765625,-0.927734375,-0.06103515625,1.08642578125,-0.20751953125,-0.1953125,-0.01220703125,-0.5859375,-0.1220703125,-0.13427734375,-0.4638671875,0.9033203125,-0.08544921875,-0.5859375,0.01220703125,-0.06103515625,0.244140625,-0.62255859375,-0.1220703125,0.9521484375,0.0244140625,0.29296875,0.09765625,-0.54931640625,-0.18310546875,-0.96435546875,-0.06103515625,-0.52490234375,0.32958984375,-0.76904296875,-0.25634765625,-0.28076171875,-0.23193359375,-0.69580078125,0.390625,-0.4638671875,0.01220703125,0.5615234375,-0.86669921875,1.01318359375,-0.439453125,0.5859375,0.244140625,-0.146484375,-0.2197265625,0.76904296875,-0.244140625,0.62255859375,-0.03662109375,0.42724609375,-0.78125,1.20849609375,-0.13427734375,-0.18310546875,0.08544921875,0.2685546875,0.0244140625,0.78125,-0.1220703125,0.23193359375,-0.1220703125,0.15869140625,-0.1220703125,0.68359375,-0.1708984375,0.830078125,-0.01220703125,0,-0.0732421875,1.26953125,0.390625,3.77197265625,-0.0244140625,1.85546875,-0.5859375,0.2197265625,-0.13427734375,0.74462890625,0.146484375,-1.7333984375,-0.09765625,-0.52490234375,-0.3662109375,0.2685546875,0.13427734375,-1.33056640625,-0.18310546875,-0.72021484375,-0.0244140625,-0.6591796875,-0.10986328125,-0.5859375,-0.15869140625,-0.0732421875,-0.08544921875,0.42724609375,-0.1220703125,-0.3173828125,-0.06103515625,-0.341796875,-0.37841796875,4.35791015625,-0.3662109375,0.3173828125,0.03662109375,-0.01220703125,-0.048828125,-0.06103515625,-0.01220703125,0.1708984375,-0.25634765625,4.11376953125,0.0732421875,6.93359375,0.01220703125,3.173828125,-0.03662109375,4.638671875
0,0.10986328125,0.48828125,-0.10986328125,-0.3662109375,-0.06103515625,-0.40283203125,-0.1708984375,-0.10986328125,0.146484375,-0.048828125,0.10986328125,-0.927734375,-0.06103515625,1.06201171875,-0.244140625,-0.1708984375,0.01220703125,-0.5859375,-0.10986328125,-0.1220703125,-0.52490234375,0.9033203125,-0.06103515625,-0.5615234375,0.048828125,-0.03662109375,0.30517578125,-0.634765625,-0.1708984375,0.927734375,-0.0244140625,0.3173828125,0.10986328125,-0.54931640625,-0.1953125,-0.9521484375,-0.13427734375,-0.50048828125,0.3662109375,-0.78125,-0.3173828125,-0.30517578125,-0.2197265625,-0.68359375,0.390625,-0.47607421875,-0.03662109375,0.5615234375,-0.89111328125,1.0498046875,-0.47607421875,0.5615234375,0.20751953125,-0.20751953125,-0.1708984375,0.74462890625,-0.23193359375,0.6103515625,-0.06103515625,0.4150390625,-0.7080078125,0.9765625,-0.18310546875,-0.20751953125,0.13427734375,0.28076171875,0,0.8544921875,-0.13427734375,0.25634765625,-0.06103515625,0.1953125,-0.146484375,0.78125,-0.1708984375,0.84228515625,-0.0244140625,-0.01220703125,-0.0244140625,1.26953125,0.32958984375,4.60205078125,-0.0732421875,2.1728515625,-0.69580078125,0.4150390625,-0.146484375,1.0009765625,0.1220703125,-1.81884765625,-0.13427734375,-0.59814453125,-0.35400390625,-0.10986328125,0.09765625,-1.416015625,-0.18310546875,-0.72021484375,-0.0732421875,-0.67138671875,-0.0732421875,-0.5859375,-0.10986328125,-0.06103515625,-0.06103515625,0.1708984375,-0.1708984375,-0.537109375,-0.01220703125,-0.52490234375,-0.30517578125,3.4423828125,-0.37841796875,0.3173828125,0.03662109375,-0.0244140625,-0.06103515625,-0.048828125,0.01220703125,0.18310546875,-0.244140625,4.67529296875,0.10986328125,7.62939453125,0.06103515625,3.5888671875,0.0244140625,5.33447265625
0,0.1708984375,0.40283203125,-0.06103515625,-0.3662109375,-0.048828125,-0.42724609375,-0.15869140625,-0.08544921875,0.146484375,-0.06103515625,0.1220703125,-0.91552734375,-0.06103515625,1.0498046875,-0.25634765625,-0.146484375,0.01220703125,-0.57373046875,-0.09765625,-0.1220703125,-0.6103515625,0.89111328125,-0.03662109375,-0.57373046875,0.06103515625,-0.0244140625,0.32958984375,-0.67138671875,-0.18310546875,0.87890625,-0.08544921875,0.341796875,0.10986328125,-0.5615234375,-0.244140625,-0.9765625,-0.20751953125,-0.50048828125,0.42724609375,-0.78125,-0.30517578125,-0.28076171875,-0.244140625,-0.69580078125,0.3662109375,-0.439453125,-0.048828125,0.5615234375,-0.93994140625,1.13525390625,-0.50048828125,0.48828125,0.09765625,-0.2685546875,-0.1220703125,0.732421875,-0.25634765625,0.57373046875,-0.06103515625,0.439453125,-0.62255859375,0.7080078125,-0.244140625,-0.20751953125,0.09765625,0.28076171875,-0.01220703125,0.9033203125,-0.1953125,0.28076171875,-0.09765625,0.1953125,-0.146484375,0.8544921875,-0.244140625,0.89111328125,-0.048828125,-0.0244140625,0.0244140625,1.25732421875,0.30517578125,5.28564453125,-0.146484375,2.45361328125,-0.7080078125,0.5859375,-0.146484375,1.1962890625,0.0732421875,-1.79443359375,-0.1220703125,-0.6103515625,-0.29296875,-0.439453125,0.0244140625,-1.47705078125,-0.1708984375,-0.732421875,-0.06103515625,-0.6591796875,-0.06103515625,-0.5859375,-0.08544921875,-0.03662109375,-0.06103515625,-0.10986328125,-0.2197265625,-0.79345703125,0.0244140625,-0.76904296875,-0.15869140625,2.38037109375,-0.3662109375,0.30517578125,0.048828125,-0.0244140625,-0.0732421875,-0.0732421875,0.01220703125,0.1708984375,-0.2685546875,5.06591796875,0.08544921875,8.09326171875,0.0732421875,3.86962890625,0.01220703125,5.79833984375
0,0.2197265625,0.28076171875,-0.0244140625,-0.37841796875,-0.048828125,-0.4150390625,-0.1953125,-0.10986328125,0.15869140625,-0.08544921875,0.10986328125,-0.9033203125,-0.03662109375,1.06201171875,-0.25634765625,-0.13427734375,0,-0.5615234375,-0.10986328125,-0.1220703125,-0.634765625,0.87890625,0,-0.57373046875,0.15869140625,-0.048828125,0.3662109375,-0.7080078125,-0.1708984375,0.8056640625,-0.048828125,0.341796875,0.048828125,-0.5859375,-0.30517578125,-1.0009765625,-0.29296875,-0.52490234375,0.48828125,-0.78125,-0.28076171875,-0.25634765625,-0.3173828125,-0.69580078125,0.28076171875,-0.42724609375,-0.03662109375,0.5615234375,-0.927734375,1.23291015625,-0.5126953125,0.47607421875,0.048828125,-0.28076171875,-0.09765625,0.732421875,-0.28076171875,0.5859375,-0.08544921875,0.42724609375,-0.52490234375,0.5126953125,-0.30517578125,-0.20751953125,0.1220703125,0.244140625,-0.06103515625,0.91552734375,-0.1953125,0.29296875,-0.09765625,0.20751953125,-0.146484375,0.87890625,-0.2685546875,0.91552734375,-0.09765625,-0.01220703125,0.09765625,1.26953125,0.2685546875,5.82275390625,-0.1708984375,2.6611328125,-0.62255859375,0.72021484375,-0.1220703125,1.3671875,0.01220703125,-1.79443359375,-0.15869140625,-0.5859375,-0.20751953125,-0.68359375,0,-1.5380859375,-0.18310546875,-0.732421875,-0.0732421875,-0.67138671875,-0.048828125,-0.57373046875,-0.03662109375,-0.03662109375,-0.03662109375,-0.390625,-0.25634765625,-1.0498046875,0.06103515625,-0.96435546875,0,1.30615234375,-0.390625,0.29296875,0.03662109375,-0.03662109375,-0.0732421875,-0.09765625,-0.01220703125,0.1708984375,-0.28076171875,5.224609375,0.0244140625,8.2763671875,0.08544921875,3.96728515625,0,6.01806640625
0,0.244140625,0.13427734375,0.01220703125,-0.3662109375,-0.0732421875,-0.45166015625,-0.1953125,-0.08544921875,0.13427734375,-0.08544921875,0.09765625,-0.89111328125,-0.0732421875,1.0498046875,-0.2685546875,-0.13427734375,-0.01220703125,-0.57373046875,-0.15869140625,-0.13427734375,-0.62255859375,0.86669921875,0.01220703125,-0.5859375,0.1708984375,-0.0732421875,0.341796875,-0.7568359375,-0.1220703125,0.72021484375,-0.06103515625,0.32958984375,-0.10986328125,-0.5859375,-0.3662109375,-1.01318359375,-0.341796875,-0.52490234375,0.5126953125,-0.8056640625,-0.20751953125,-0.25634765625,-0.45166015625,-0.69580078125,0.146484375,-0.40283203125,-0.0244140625,0.57373046875,-0.84228515625,1.30615234375,-0.48828125,0.45166015625,-0.01220703125,-0.30517578125,0.0244140625,0.732421875,-0.28076171875,0.57373046875,-0.0732421875,0.45166015625,-0.4638671875,0.35400390625,-0.32958984375,-0.18310546875,0.09765625,0.20751953125,-0.08544921875,0.927734375,-0.15869140625,0.29296875,-0.1220703125,0.1953125,-0.10986328125,0.91552734375,-0.25634765625,0.86669921875,-0.10986328125,0,0.13427734375,1.26953125,0.25634765625,6.16455078125,-0.1708984375,2.79541015625,-0.45166015625,0.78125,-0.08544921875,1.47705078125,-0.0244140625,-1.7578125,-0.18310546875,-0.57373046875,-0.1708984375,-0.87890625,-0.048828125,-1.55029296875,-0.1953125,-0.72021484375,-0.048828125,-0.67138671875,0,-0.59814453125,0.03662109375,-0.0244140625,0.01220703125,-0.62255859375,-0.32958984375,-1.30615234375,0.06103515625,-1.1474609375,0.048828125,0.40283203125,-0.3662109375,0.29296875,0.06103515625,-0.03662109375,-0.0732421875,-0.08544921875,-0.0244140625,0.15869140625,-0.2685546875,5.2001953125,0.1220703125,8.203125,0.09765625,3.90625,0.03662109375,5.99365234375
0,0.28076171875,-0.03662109375,0.09765625,-0.37841796875,-0.08544921875,-0.45166015625,-0.2197265625,-0.09765625,0.1708984375,-0.09765625,0.06103515625,-0.91552734375,-0.03662109375,1.0498046875,-0.28076171875,-0.13427734375,-0.0244140625,-0.57373046875,-0.18310546875,-0.1220703125,-0.57373046875,0.89111328125,0.01220703125,-0.59814453125,0.2197265625,-0.13427734375,0.28076171875,-0.8056640625,-0.0732421875,0.69580078125,-0.0244140625,0.30517578125,-0.18310546875,-0.54931640625,-0.37841796875,-1.025390625,-0.40283203125,-0.52490234375,0.5126953125,-0.8056640625,-0.146484375,-0.25634765625,-0.57373046875,-0.69580078125,0.03662109375,-0.390625,0.0244140625,0.54931640625,-0.76904296875,1.2939453125,-0.439453125,0.47607421875,-0.03662109375,-0.30517578125,0.06103515625,0.72021484375,-0.28076171875,0.5615234375,-0.08544921875,0.42724609375,-0.50048828125,0.2685546875,-0.28076171875,-0.18310546875,0.09765625,0.1708984375,-0.10986328125,0.91552734375,-0.10986328125,0.2685546875,-0.1953125,0.18310546875,-0.0732421875,0.93994140625,-0.25634765625,0.87890625,-0.08544921875,0,0.15869140625,1.26953125,0.23193359375,6.31103515625,-0.1708984375,2.84423828125,-0.2685546875,0.78125,-0.03662109375,1.513671875,-0.1220703125,-1.74560546875,-0.1953125,-0.537109375,-0.15869140625,-1.025390625,-0.0244140625,-1.5380859375,-0.1953125,-0.7080078125,-0.03662109375,-0.67138671875,-0.03662109375,-0.6103515625,0.09765625,-0.03662109375,-0.0244140625,-0.7568359375,-0.35400390625,-1.46484375,0.01220703125,-1.28173828125,0.06103515625,-0.1708984375,-0.32958984375,0.29296875,0.048828125,-0.0732421875,-0.0732421875,-0.10986328125,-0.03662109375,0.146484375,-0.244140625,4.96826171875,0.13427734375,7.94677734375,0.13427734375,3.72314453125,0.0732421875,5.77392578125
0,0.2685546875,-0.18310546875,0.09765625,-0.37841796875,-0.08544921875,-0.4638671875,-0.23193359375,-0.08544921875,0.146484375,-0.09765625,0.03662109375,-0.9033203125,-0.03662109375,1.0498046875,-0.3173828125,-0.15869140625,-0.01220703125,-0.59814453125,-0.244140625,-0.1220703125,-0.5126953125,0.89111328125,0,-0.59814453125,0.244140625,-0.15869140625,0.20751953125,-0.84228515625,-0.08544921875,0.64697265625,-0.01220703125,0.30517578125,-0.2685546875,-0.5615234375,-0.341796875,-1.025390625,-0.439453125,-0.50048828125,0.47607421875,-0.78125,-0.08544921875,-0.23193359375,-0.64697265625,-0.68359375,-0.06103515625,-0.390625,0.06103515625,0.5615234375,-0.76904296875,1.23291015625,-0.37841796875,0.48828125,-0.048828125,-0.2685546875,0.2197265625,0.74462890625,-0.29296875,0.5615234375,-0.08544921875,0.4150390625,-0.439453125,0.2685546875,-0.2685546875,-0.1708984375,0.0732421875,0.1220703125,-0.13427734375,0.91552734375,-0.048828125,0.244140625,-0.28076171875,0.18310546875,-0.03662109375,0.91552734375,-0.20751953125,0.84228515625,-0.0244140625,-0.01220703125,0.15869140625,1.26953125,0.18310546875,6.26220703125,-0.13427734375,2.81982421875,-0.0732421875,0.76904296875,0.01220703125,1.50146484375,-0.15869140625,-1.708984375,-0.1953125,-0.50048828125,-0.10986328125,-1.0986328125,-0.03662109375,-1.5380859375,-0.18310546875,-0.7080078125,-0.01220703125,-0.64697265625,-0.0732421875,-0.634765625,0.15869140625,-0.048828125,-0.01220703125,-0.78125,-0.3662109375,-1.55029296875,-0.0244140625,-1.2939453125,0.0732421875,-0.3662109375,-0.3173828125,0.29296875,0.048828125,-0.06103515625,-0.0732421875,-0.08544921875,-0.0732421875,0.13427734375,-0.23193359375,4.65087890625,0.048828125,7.51953125,0.10986328125,3.45458984375,0.08544921875,5.35888671875
0,0.28076171875,-0.29296875,0.10986328125,-0.37841796875,-0.0732421875,-0.47607421875,-0.25634765625,-0.08544921875,0.20751953125,-0.0732421875,0.01220703125,-0.89111328125,-0.0244140625,1.06201171875,-0.3173828125,-0.1708984375,-0.01220703125,-0.5859375,-0.28076171875,-0.1220703125,-0.40283203125,0.9033203125,-0.01220703125,-0.5859375,0.30517578125,-0.1953125,0.18310546875,-0.8544921875,-0.048828125,0.6591796875,0.03662109375,0.32958984375,-0.28076171875,-0.54931640625,-0.42724609375,-1.025390625,-0.45166015625,-0.47607421875,0.439453125,-0.7568359375,-0.048828125,-0.2197265625,-0.68359375,-0.68359375,-0.10986328125,-0.42724609375,0.15869140625,0.57373046875,-0.8544921875,1.11083984375,-0.28076171875,0.48828125,-0.13427734375,-0.2685546875,0.2685546875,0.7080078125,-0.30517578125,0.57373046875,-0.08544921875,0.4150390625,-0.42724609375,0.35400390625,-0.25634765625,-0.1708984375,0.03662109375,0.09765625,-0.20751953125,0.927734375,0.01220703125,0.2197265625,-0.390625,0.1708984375,-0.0244140625,0.87890625,-0.1220703125,0.79345703125,0.048828125,-0.0244140625,0.10986328125,1.25732421875,0.1708984375,6.0791015625,-0.09765625,2.7099609375,0.08544921875,0.74462890625,0.03662109375,1.46484375,-0.18310546875,-1.74560546875,-0.18310546875,-0.47607421875,-0.1220703125,-1.123046875,-0.0244140625,-1.5380859375,-0.13427734375,-0.69580078125,-0.01220703125,-0.6591796875,-0.15869140625,-0.62255859375,0.1953125,-0.03662109375,-0.01220703125,-0.6591796875,-0.32958984375,-1.55029296875,-0.08544921875,-1.26953125,-0.0732421875,-0.0732421875,-0.29296875,0.3173828125,0.048828125,-0.048828125,-0.08544921875,-0.0732421875,-0.08544921875,0.15869140625,-0.25634765625,4.28466796875,-0.0244140625,7.04345703125,0.10986328125,3.1005859375,0.06103515625,4.91943359375
1,0.32958984375,-0.341796875,0.13427734375,-0.390625,-0.06103515625,-0.4638671875,-0.28076171875,-0.0732421875,0.23193359375,-0.06103515625,0,-0.89111328125,-0.048828125,1.06201171875,-0.3173828125,-0.1708984375,-0.01220703125,-0.59814453125,-0.29296875,-0.13427734375,-0.35400390625,0.91552734375,-0.06103515625,-0.59814453125,0.2685546875,-0.1708984375,0.1220703125,-0.8544921875,-0.10986328125,0.7080078125,0.0732421875,0.3662109375,-0.23193359375,-0.52490234375,-0.42724609375,-0.9765625,-0.439453125,-0.4638671875,0.4150390625,-0.732421875,0.01220703125,-0.1953125,-0.634765625,-0.7080078125,-0.13427734375,-0.439453125,0.23193359375,0.59814453125,-0.93994140625,0.96435546875,-0.23193359375,0.5126953125,-0.18310546875,-0.244140625,0.244140625,0.69580078125,-0.3173828125,0.5859375,-0.06103515625,0.40283203125,-0.390625,0.48828125,-0.1953125,-0.18310546875,0.03662109375,0.1220703125,-0.1953125,0.9521484375,0.0732421875,0.2197265625,-0.45166015625,0.1953125,-0.06103515625,0.86669921875,-0.03662109375,0.7568359375,0.1220703125,-0.0244140625,0.08544921875,1.2939453125,0.09765625,5.72509765625,-0.0244140625,2.55126953125,0.2197265625,0.64697265625,0.048828125,1.35498046875,-0.1708984375,-1.74560546875,-0.1708984375,-0.4638671875,-0.1708984375,-1.0986328125,-0.06103515625,-1.513671875,-0.08544921875,-0.68359375,0,-0.64697265625,-0.20751953125,-0.6103515625,0.146484375,-0.03662109375,-0.03662109375,-0.47607421875,-0.29296875,-1.37939453125,-0.13427734375,-1.123046875,-0.09765625,0.6103515625,-0.2685546875,0.3173828125,0.048828125,-0.0244140625,-0.06103515625,-0.0732421875,-0.09765625,0.146484375,-0.2685546875,3.91845703125,-0.0732421875,6.53076171875,0.10986328125,2.81982421875,0.0732421875,4.4921875
1,0.37841796875,-0.3662109375,0.13427734375,-0.390625,-0.06103515625,-0.45166015625,-0.28076171875,-0.06103515625,0.2197265625,-0.06103515625,0,-0.8544921875,-0.048828125,1.07421875,-0.30517578125,-0.1708984375,-0.01220703125,-0.6103515625,-0.28076171875,-0.10986328125,-0.30517578125,0.9033203125,-0.0732421875,-0.59814453125,0.23193359375,-0.146484375,0.08544921875,-0.81787109375,-0.146484375,0.79345703125,0.29296875,0.37841796875,-0.18310546875,-0.5126953125,-0.35400390625,-0.927734375,-0.42724609375,-0.42724609375,0.390625,-0.68359375,0.01220703125,-0.18310546875,-0.5126953125,-0.72021484375,-0.15869140625,-0.4638671875,0.25634765625,0.5859375,-0.96435546875,0.8544921875,-0.1953125,0.50048828125,-0.20751953125,-0.23193359375,0.28076171875,0.7080078125,-0.30517578125,0.6103515625,-0.0244140625,0.37841796875,-0.4150390625,0.6591796875,-0.13427734375,-0.18310546875,0.01220703125,0.1708984375,-0.15869140625,0.98876953125,0.09765625,0.23193359375,-0.45166015625,0.244140625,-0.15869140625,0.81787109375,0,0.72021484375,0.13427734375,-0.03662109375,0.06103515625,1.28173828125,0.048828125,5.18798828125,0.048828125,2.3193359375,0.25634765625,0.537109375,0.048828125,1.18408203125,-0.146484375,-1.74560546875,-0.15869140625,-0.45166015625,-0.25634765625,-1.03759765625,-0.0732421875,-1.50146484375,-0.048828125,-0.69580078125,0,-0.64697265625,-0.25634765625,-0.634765625,0.0732421875,-0.06103515625,-0.03662109375,-0.18310546875,-0.20751953125,-1.1474609375,-0.18310546875,-0.91552734375,-0.06103515625,1.62353515625,-0.244140625,0.32958984375,0.03662109375,-0.048828125,-0.0732421875,-0.03662109375,-0.1220703125,0.15869140625,-0.2685546875,3.5888671875,-0.09765625,6.103515625,0.10986328125,2.5634765625,0.0244140625,4.08935546875
1,0.4150390625,-0.341796875,0.1708984375,-0.37841796875,-0.08544921875,-0.439453125,-0.2685546875,-0.0732421875,0.23193359375,-0.048828125,0,-0.8544921875,-0.03662109375,1.06201171875,-0.3173828125,-0.1708984375,-0.0244140625,-0.6103515625,-0.2685546875,-0.13427734375,-0.2685546875,0.91552734375,-0.048828125,-0.6103515625,0.1953125,-0.08544921875,0.08544921875,-0.76904296875,-0.1220703125,0.8544921875,0.29296875,0.42724609375,-0.13427734375,-0.50048828125,-0.32958984375,-0.927734375,-0.4150390625,-0.42724609375,0.35400390625,-0.7080078125,0.01220703125,-0.20751953125,-0.3662109375,-0.7080078125,-0.1220703125,-0.45166015625,0.23193359375,0.59814453125,-0.9033203125,0.76904296875,-0.25634765625,0.47607421875,-0.244140625,-0.18310546875,0.1953125,0.68359375,-0.3662109375,0.6103515625,0.01220703125,0.390625,-0.29296875,0.81787109375,0,-0.18310546875,0.048828125,0.244140625,-0.09765625,1.03759765625,0.13427734375,0.244140625,-0.42724609375,0.25634765625,-0.23193359375,0.79345703125,0.0732421875,0.7080078125,0.09765625,-0.048828125,0.01220703125,1.26953125,0.01220703125,4.55322265625,0.10986328125,2.01416015625,0.244140625,0.390625,0.06103515625,0.96435546875,-0.06103515625,-1.74560546875,-0.0732421875,-0.47607421875,-0.32958984375,-0.91552734375,-0.06103515625,-1.46484375,-0.0244140625,-0.7080078125,-0.0732421875,-0.64697265625,-0.2685546875,-0.62255859375,-0.048828125,-0.06103515625,-0.048828125,0.1220703125,-0.13427734375,-0.830078125,-0.1708984375,-0.69580078125,-0.18310546875,2.86865234375,-0.20751953125,0.35400390625,0.0244140625,-0.03662109375,-0.08544921875,-0.0244140625,-0.10986328125,0.18310546875,-0.3173828125,3.35693359375,-0.0732421875,5.76171875,0.09765625,2.38037109375,-0.01220703125,3.80859375
1,0.45166015625,-0.28076171875,0.1953125,-0.37841796875,-0.09765625,-0.42724609375,-0.25634765625,-0.06103515625,0.23193359375,-0.048828125,0.03662109375,-0.89111328125,0,1.08642578125,-0.341796875,-0.1708984375,-0.03662109375,-0.59814453125,-0.1953125,-0.10986328125,-0.2685546875,0.89111328125,0.03662109375,-0.59814453125,0.13427734375,-0.048828125,0.08544921875,-0.72021484375,-0.09765625,0.93994140625,0.23193359375,0.439453125,-0.10986328125,-0.52490234375,-0.341796875,-0.91552734375,-0.40283203125,-0.439453125,0.32958984375,-0.7080078125,-0.0244140625,-0.20751953125,-0.1953125,-0.72021484375,-0.09765625,-0.4638671875,0.2197265625,0.6103515625,-0.84228515625,0.7568359375,-0.2685546875,0.45166015625,-0.25634765625,-0.20751953125,0.1708984375,0.68359375,-0.45166015625,0.62255859375,0.06103515625,0.40283203125,-0.341796875,0.96435546875,0.1220703125,-0.18310546875,0.0732421875,0.341796875,-0.03662109375,1.07421875,0.146484375,0.28076171875,-0.341796875,0.30517578125,-0.2685546875,0.7568359375,0.09765625,0.72021484375,0.03662109375,-0.048828125,0.01220703125,1.25732421875,0,3.7841796875,0.13427734375,1.69677734375,0.2197265625,0.23193359375,0.0732421875,0.7080078125,-0.01220703125,-1.7578125,0,-0.50048828125,-0.341796875,-0.79345703125,-0.01220703125,-1.416015625,-0.03662109375,-0.7080078125,-0.1220703125,-0.6591796875,-0.23193359375,-0.57373046875,-0.1708984375,-0.0732421875,-0.048828125,0.4638671875,-0.0732421875,-0.48828125,-0.20751953125,-0.40283203125,-0.1953125,4.1259765625,-0.1708984375,0.341796875,0.01220703125,-0.0244140625,-0.06103515625,-0.048828125,-0.10986328125,0.1953125,-0.2685546875,3.28369140625,0,5.55419921875,0.10986328125,2.24609375,0.01220703125,3.61328125
1,0.35400390625,-0.18310546875,0.1708984375,-0.37841796875,-0.09765625,-0.40283203125,-0.25634765625,-0.0732421875,0.244140625,-0.06103515625,0.08544921875,-0.87890625,0,1.06201171875,-0.35400390625,-0.1953125,-0.048828125,-0.6103515625,-0.10986328125,-0.10986328125,-0.25634765625,0.86669921875,0.09765625,-0.5859375,0.08544921875,-0.0244140625,0.13427734375,-0.68359375,-0.0244140625,0.98876953125,0.29296875,0.4638671875,-0.10986328125,-0.5615234375,-0.2197265625,-0.927734375,-0.3662109375,-0.47607421875,0.32958984375,-0.74462890625,-0.13427734375,-0.23193359375,-0.0732421875,-0.7080078125,-0.0732421875,-0.45166015625,0.1953125,0.6103515625,-0.81787109375,0.81787109375,-0.32958984375,0.439453125,-0.29296875,-0.20751953125,0.1708984375,0.69580078125,-0.52490234375,0.634765625,0.08544921875,0.40283203125,-0.32958984375,1.07421875,0.1708984375,-0.15869140625,0.1220703125,0.390625,0.03662109375,1.08642578125,0.1220703125,0.3173828125,-0.28076171875,0.341796875,-0.23193359375,0.74462890625,0.146484375,0.72021484375,-0.03662109375,-0.03662109375,0,1.25732421875,0.03662109375,2.96630859375,0.1220703125,1.318359375,0.146484375,-0.01220703125,0.0732421875,0.4150390625,0.048828125,-1.74560546875,0.1220703125,-0.50048828125,-0.30517578125,-0.67138671875,0.0244140625,-1.40380859375,-0.08544921875,-0.72021484375,-0.146484375,-0.67138671875,-0.2197265625,-0.5615234375,-0.23193359375,-0.06103515625,-0.01220703125,0.78125,0.01220703125,-0.15869140625,-0.1708984375,-0.13427734375,-0.20751953125,5.3466796875,-0.15869140625,0.32958984375,0,-0.0244140625,-0.08544921875,-0.03662109375,-0.09765625,0.20751953125,-0.30517578125,3.25927734375,-0.048828125,5.46875,0.09765625,2.18505859375,-0.01220703125,3.55224609375
1,0.439453125,-0.09765625,0.15869140625,-0.40283203125,-0.13427734375,-0.439453125,-0.23193359375,-0.09765625,0.23193359375,-0.06103515625,0.10986328125,-0.9033203125,0.01220703125,1.07421875,-0.37841796875,-0.18310546875,-0.09765625,-0.62255859375,-0.03662109375,-0.1220703125,-0.23193359375,0.86669921875,0.1953125,-0.57373046875,0.08544921875,-0.01220703125,0.13427734375,-0.6591796875,0.03662109375,0.98876953125,0.30517578125,0.45166015625,-0.09765625,-0.59814453125,-0.09765625,-0.96435546875,-0.341796875,-0.50048828125,0.35400390625,-0.79345703125,-0.1953125,-0.244140625,-0.01220703125,-0.72021484375,-0.03662109375,-0.42724609375,0.20751953125,0.634765625,-0.8056640625,0.9521484375,-0.35400390625,0.42724609375,-0.341796875,-0.18310546875,0.146484375,0.7080078125,-0.6103515625,0.64697265625,0.08544921875,0.42724609375,-0.2197265625,1.171875,0.23193359375,-0.18310546875,0.1953125,0.4638671875,0.10986328125,1.1474609375,0.0732421875,0.35400390625,-0.2197265625,0.32958984375,-0.1708984375,0.732421875,0.1708984375,0.7568359375,-0.10986328125,-0.048828125,-0.048828125,1.2451171875,0.09765625,2.08740234375,0.09765625,0.93994140625,0.10986328125,-0.25634765625,0.03662109375,0.09765625,0.03662109375,-1.74560546875,0.23193359375,-0.5126953125,-0.2197265625,-0.5615234375,0.09765625,-1.3671875,-0.09765625,-0.7080078125,-0.13427734375,-0.6591796875,-0.18310546875,-0.5859375,-0.28076171875,-0.06103515625,0.048828125,1.07421875,0.06103515625,0.18310546875,-0.15869140625,0.1220703125,-0.30517578125,6.40869140625,-0.13427734375,0.32958984375,0.01220703125,-0.01220703125,-0.0732421875,-0.03662109375,-0.08544921875,0.20751953125,-0.30517578125,3.2958984375,-0.0732421875,5.43212890625,0.10986328125,2.197265625,-0.01220703125,3.564453125
1,0.45166015625,-0.048828125,0.13427734375,-0.390625,-0.10986328125,-0.40283203125,-0.244140625,-0.09765625,0.244140625,-0.06103515625,0.146484375,-0.9033203125,0,1.0498046875,-0.37841796875,-0.1953125,-0.1220703125,-0.62255859375,0.048828125,-0.13427734375,-0.23193359375,0.86669921875,0.25634765625,-0.5859375,0.08544921875,-0.06103515625,0.146484375,-0.68359375,0.06103515625,0.9521484375,0.15869140625,0.42724609375,-0.08544921875,-0.64697265625,-0.03662109375,-0.96435546875,-0.29296875,-0.57373046875,0.40283203125,-0.87890625,-0.2685546875,-0.25634765625,-0.01220703125,-0.72021484375,-0.03662109375,-0.40283203125,0.1953125,0.6103515625,-0.87890625,1.123046875,-0.37841796875,0.4638671875,-0.341796875,-0.1708984375,0.1220703125,0.74462890625,-0.62255859375,0.634765625,0.08544921875,0.42724609375,-0.23193359375,1.20849609375,0.23193359375,-0.1708984375,0.146484375,0.45166015625,0.1953125,1.13525390625,0.0244140625,0.3662109375,-0.10986328125,0.341796875,-0.06103515625,0.69580078125,0.13427734375,0.79345703125,-0.13427734375,-0.03662109375,-0.0732421875,1.25732421875,0.15869140625,1.1962890625,0.10986328125,0.52490234375,0.0244140625,-0.50048828125,-0.0244140625,-0.20751953125,-0.0244140625,-1.708984375,0.30517578125,-0.50048828125,-0.20751953125,-0.47607421875,0.13427734375,-1.3427734375,-0.13427734375,-0.72021484375,-0.146484375,-0.68359375,-0.1708984375,-0.5859375,-0.2197265625,-0.0732421875,0.0732421875,1.30615234375,0.0732421875,0.45166015625,-0.13427734375,0.3173828125,-0.35400390625,7.26318359375,-0.09765625,0.30517578125,-0.0244140625,-0.03662109375,-0.0732421875,-0.01220703125,-0.0732421875,0.1953125,-0.3173828125,3.3203125,-0.09765625,5.43212890625,0.08544921875,2.2216796875,0,3.5888671875
1,0.4638671875,-0.0244140625,0.15869140625,-0.40283203125,-0.1220703125,-0.439453125,-0.244140625,-0.10986328125,0.244140625,-0.0732421875,0.13427734375,-0.89111328125,-0.01220703125,1.06201171875,-0.3662109375,-0.1953125,-0.10986328125,-0.59814453125,0.09765625,-0.1220703125,-0.20751953125,0.84228515625,0.244140625,-0.57373046875,0.13427734375,-0.09765625,0.146484375,-0.74462890625,0.1220703125,0.86669921875,0.18310546875,0.390625,-0.0732421875,-0.67138671875,0.0244140625,-0.91552734375,-0.25634765625,-0.5859375,0.40283203125,-0.91552734375,-0.28076171875,-0.244140625,-0.048828125,-0.7080078125,-0.06103515625,-0.40283203125,0.25634765625,0.6103515625,-0.9033203125,1.2939453125,-0.42724609375,0.439453125,-0.341796875,-0.15869140625,0.0732421875,0.76904296875,-0.62255859375,0.6103515625,0.08544921875,0.439453125,-0.1953125,1.20849609375,0.20751953125,-0.146484375,0.0732421875,0.42724609375,0.3662109375,1.123046875,-0.01220703125,0.35400390625,-0.0244140625,0.3173828125,0.048828125,0.67138671875,0.06103515625,0.8056640625,-0.1953125,-0.03662109375,-0.0732421875,1.25732421875,0.2197265625,0.341796875,0.06103515625,0.1220703125,-0.0244140625,-0.7568359375,-0.08544921875,-0.50048828125,-0.048828125,-1.69677734375,0.390625,-0.47607421875,-0.1220703125,-0.4638671875,0.1953125,-1.33056640625,-0.146484375,-0.7080078125,-0.1220703125,-0.67138671875,-0.146484375,-0.59814453125,-0.146484375,-0.06103515625,0.10986328125,1.47705078125,0.1220703125,0.6591796875,-0.08544921875,0.4638671875,-0.32958984375,7.861328125,-0.08544921875,0.29296875,-0.01220703125,-0.03662109375,-0.08544921875,-0.0244140625,-0.08544921875,0.18310546875,-0.29296875,3.33251953125,-0.10986328125,5.45654296875,0.0732421875,2.23388671875,0.01220703125,3.5888671875
1,0.45166015625,-0.06103515625,0.15869140625,-0.390625,-0.146484375,-0.45166015625,-0.244140625,-0.10986328125,0.2685546875,-0.0732421875,0.13427734375,-0.9033203125,-0.0244140625,1.03759765625,-0.3662109375,-0.1708984375,-0.09765625,-0.59814453125,0.13427734375,-0.146484375,-0.18310546875,0.830078125,0.244140625,-0.57373046875,0.20751953125,-0.15869140625,0.1708984375,-0.830078125,0.146484375,0.7568359375,0.18310546875,0.4150390625,-0.10986328125,-0.732421875,-0.01220703125,-0.830078125,-0.2197265625,-0.6103515625,0.390625,-0.9521484375,-0.2197265625,-0.2685546875,-0.146484375,-0.69580078125,-0.09765625,-0.390625,0.244140625,0.6103515625,-0.79345703125,1.3916015625,-0.45166015625,0.50048828125,-0.2685546875,-0.10986328125,0,0.79345703125,-0.6103515625,0.6103515625,0.1220703125,0.45166015625,-0.23193359375,1.20849609375,0.244140625,-0.146484375,-0.01220703125,0.390625,0.50048828125,1.18408203125,0.0244140625,0.30517578125,0.048828125,0.30517578125,0.08544921875,0.6591796875,0,0.8544921875,-0.244140625,-0.03662109375,-0.08544921875,1.25732421875,0.244140625,-0.42724609375,0.0244140625,-0.23193359375,-0.03662109375,-0.98876953125,-0.15869140625,-0.76904296875,-0.146484375,-1.66015625,0.341796875,-0.48828125,-0.09765625,-0.48828125,0.23193359375,-1.33056640625,-0.15869140625,-0.7080078125,-0.0732421875,-0.67138671875,-0.0732421875,-0.59814453125,-0.06103515625,-0.03662109375,0.15869140625,1.57470703125,0.146484375,0.76904296875,-0.048828125,0.59814453125,-0.32958984375,8.251953125,-0.048828125,0.2685546875,-0.0244140625,-0.03662109375,-0.08544921875,-0.0244140625,-0.048828125,0.1708984375,-0.3173828125,3.25927734375,-0.10986328125,5.3955078125,0.03662109375,2.2216796875,0,3.55224609375
1,0.4150390625,-0.146484375,0.15869140625,-0.37841796875,-0.15869140625,-0.45166015625,-0.23193359375,-0.09765625,0.2685546875,-0.08544921875,0.09765625,-0.9033203125,-0.0732421875,1.03759765625,-0.37841796875,-0.146484375,-0.0732421875,-0.57373046875,0.15869140625,-0.15869140625,-0.2197265625,0.84228515625,0.1953125,-0.57373046875,0.23193359375,-0.20751953125,0.1708984375,-0.87890625,0.1220703125,0.67138671875,0.146484375,0.50048828125,-0.1708984375,-0.72021484375,-0.146484375,-0.67138671875,-0.18310546875,-0.62255859375,0.40283203125,-0.93994140625,-0.09765625,-0.244140625,-0.244140625,-0.69580078125,-0.1220703125,-0.390625,0.244140625,0.59814453125,-0.62255859375,1.46484375,-0.42724609375,0.5126953125,-0.1953125,-0.0732421875,-0.09765625,0.830078125,-0.54931640625,0.5859375,0.13427734375,0.4638671875,-0.28076171875,1.23291015625,0.30517578125,-0.13427734375,-0.10986328125,0.341796875,0.50048828125,1.2939453125,0.03662109375,0.29296875,0.06103515625,0.29296875,0.1220703125,0.62255859375,-0.048828125,0.87890625,-0.28076171875,-0.01220703125,-0.08544921875,1.26953125,0.2685546875,-1.08642578125,-0.03662109375,-0.52490234375,-0.0732421875,-1.1474609375,-0.1953125,-0.9521484375,-0.2197265625,-1.6357421875,0.32958984375,-0.4638671875,-0.03662109375,-0.5615234375,0.20751953125,-1.3427734375,-0.146484375,-0.69580078125,-0.0732421875,-0.67138671875,-0.0244140625,-0.59814453125,0.0244140625,-0.0244140625,0.1708984375,1.6357421875,0.09765625,0.8544921875,0.01220703125,0.634765625,-0.29296875,8.4228515625,-0.048828125,0.29296875,0,-0.048828125,-0.06103515625,0,-0.048828125,0.1708984375,-0.341796875,3.1005859375,-0.03662109375,5.23681640625,0.01220703125,2.1728515625,0,3.41796875
1,0.341796875,-0.25634765625,0.146484375,-0.40283203125,-0.15869140625,-0.4638671875,-0.2197265625,-0.09765625,0.25634765625,-0.09765625,0.09765625,-0.89111328125,-0.08544921875,1.03759765625,-0.390625,-0.15869140625,-0.03662109375,-0.57373046875,0.146484375,-0.1708984375,-0.20751953125,0.8544921875,0.13427734375,-0.57373046875,0.2685546875,-0.1953125,0.23193359375,-0.927734375,0.09765625,0.6103515625,0.2197265625,0.7080078125,-0.1953125,-0.64697265625,-0.29296875,-0.439453125,-0.1953125,-0.57373046875,0.35400390625,-0.87890625,0.01220703125,-0.25634765625,-0.28076171875,-0.69580078125,-0.1220703125,-0.4150390625,0.244140625,0.5615234375,-0.35400390625,1.47705078125,-0.439453125,0.537109375,-0.1220703125,-0.06103515625,-0.2685546875,0.830078125,-0.5126953125,0.5615234375,0.09765625,0.47607421875,-0.2685546875,1.23291015625,0.390625,-0.13427734375,-0.0732421875,0.3173828125,0.50048828125,1.4892578125,0.08544921875,0.29296875,0.0732421875,0.3173828125,0.08544921875,0.6103515625,-0.08544921875,0.86669921875,-0.2685546875,-0.01220703125,-0.10986328125,1.25732421875,0.244140625,-1.62353515625,-0.10986328125,-0.76904296875,-0.1220703125,-1.26953125,-0.18310546875,-1.0986328125,-0.20751953125,-1.64794921875,0.28076171875,-0.48828125,0.10986328125,-0.6591796875,0.23193359375,-1.35498046875,-0.146484375,-0.67138671875,-0.03662109375,-0.69580078125,0.0244140625,-0.59814453125,0.10986328125,-0.048828125,0.18310546875,1.62353515625,0.06103515625,0.84228515625,0.06103515625,0.634765625,-0.25634765625,8.41064453125,-0.03662109375,0.28076171875,0.01220703125,-0.048828125,-0.0732421875,-0.0244140625,-0.03662109375,0.15869140625,-0.29296875,2.783203125,0.0244140625,4.91943359375,0.0244140625,2.0263671875,0.06103515625,3.16162109375
1,0.4638671875,-0.3662109375,0.146484375,-0.40283203125,-0.1220703125,-0.47607421875,-0.20751953125,-0.10986328125,0.23193359375,-0.08544921875,0.09765625,-0.91552734375,-0.10986328125,1.0498046875,-0.40283203125,-0.1953125,0.01220703125,-0.57373046875,0.146484375,-0.15869140625,-0.25634765625,0.8544921875,0.10986328125,-0.57373046875,0.28076171875,-0.1708984375,0.25634765625,-0.91552734375,0.03662109375,0.634765625,0.30517578125,1.025390625,-0.2197265625,-0.537109375,-0.37841796875,-0.09765625,-0.23193359375,-0.50048828125,0.3662109375,-0.76904296875,0.06103515625,-0.244140625,-0.3173828125,-0.7080078125,-0.08544921875,-0.42724609375,0.23193359375,0.57373046875,-0.2197265625,1.40380859375,-0.28076171875,0.54931640625,-0.06103515625,-0.0732421875,-0.37841796875,0.84228515625,-0.42724609375,0.54931640625,0.03662109375,0.439453125,-0.40283203125,1.2451171875,0.4150390625,-0.15869140625,-0.048828125,0.390625,0.47607421875,1.79443359375,0.146484375,0.3662109375,0.06103515625,0.3662109375,0.0732421875,0.5859375,-0.10986328125,0.8544921875,-0.20751953125,-0.01220703125,-0.146484375,1.26953125,0.244140625,-1.96533203125,-0.15869140625,-0.9033203125,-0.15869140625,-1.30615234375,-0.13427734375,-1.171875,-0.25634765625,-1.62353515625,0.1708984375,-0.4638671875,0.2197265625,-0.74462890625,0.1708984375,-1.3671875,-0.09765625,-0.67138671875,-0.06103515625,-0.7080078125,0.06103515625,-0.6103515625,0.18310546875,-0.048828125,0.13427734375,1.57470703125,0.03662109375,0.79345703125,0.0732421875,0.57373046875,-0.18310546875,8.2275390625,-0.0244140625,0.29296875,0.01220703125,-0.06103515625,-0.0732421875,-0.01220703125,-0.01220703125,0.15869140625,-0.341796875,2.40478515625,0.0244140625,4.4921875,0.01220703125,1.79443359375,0.0244140625,2.783203125
1,0.4638671875,-0.47607421875,0.15869140625,-0.4150390625,-0.09765625,-0.47607421875,-0.20751953125,-0.10986328125,0.244140625,-0.06103515625,0.09765625,-0.9033203125,-0.09765625,1.06201171875,-0.40283203125,-0.20751953125,0.048828125,-0.57373046875,0.13427734375,-0.15869140625,-0.3662109375,0.87890625,0.09765625,-0.57373046875,0.28076171875,-0.06103515625,0.25634765625,-0.81787109375,-0.0244140625,0.7568359375,0.29296875,1.513671875,-0.1953125,-0.3662109375,-0.4150390625,0.35400390625,-0.23193359375,-0.3662109375,0.341796875,-0.6103515625,0.06103515625,-0.244140625,-0.3173828125,-0.69580078125,-0.0244140625,-0.4638671875,0.2197265625,0.5615234375,-0.2197265625,1.2939453125,-0.1953125,0.54931640625,-0.0732421875,-0.08544921875,-0.4150390625,0.81787109375,-0.30517578125,0.537109375,0.01220703125,0.4638671875,-0.4150390625,1.25732421875,0.35400390625,-0.1708984375,0,0.54931640625,0.52490234375,2.24609375,0.146484375,0.45166015625,0.0244140625,0.48828125,0.0732421875,0.57373046875,-0.10986328125,0.830078125,-0.1220703125,-0.01220703125,-0.20751953125,1.26953125,0.244140625,-2.1484375,-0.1953125,-0.9521484375,-0.146484375,-1.318359375,-0.01220703125,-1.20849609375,-0.29296875,-1.62353515625,0.08544921875,-0.47607421875,0.3173828125,-0.81787109375,0.08544921875,-1.35498046875,-0.06103515625,-0.67138671875,-0.13427734375,-0.7080078125,0.06103515625,-0.5859375,0.244140625,-0.06103515625,0.06103515625,1.4892578125,-0.03662109375,0.67138671875,0.08544921875,0.4638671875,-0.1953125,7.861328125,-0.01220703125,0.30517578125,0.01220703125,-0.03662109375,-0.08544921875,-0.0244140625,0,0.146484375,-0.32958984375,1.9287109375,0.0732421875,3.8818359375,0.01220703125,1.47705078125,0.03662109375,2.3193359375
1,0.4638671875,-0.5615234375,0.1708984375,-0.4150390625,-0.06103515625,-0.4638671875,-0.2197265625,-0.08544921875,0.244140625,-0.048828125,0.10986328125,-0.91552734375,-0.10986328125,1.07421875,-0.40283203125,-0.1953125,0.06103515625,-0.5615234375,0.13427734375,-0.15869140625,-0.439453125,0.89111328125,0.09765625,-0.5859375,0.1953125,0.10986328125,0.244140625,-0.64697265625,-0.09765625,0.96435546875,0.32958984375,2.1484375,-0.1708984375,-0.1953125,-0.37841796875,0.84228515625,-0.28076171875,-0.244140625,0.32958984375,-0.439453125,0.0244140625,-0.244140625,-0.28076171875,-0.68359375,0.03662109375,-0.48828125,0.15869140625,0.57373046875,-0.28076171875,1.18408203125,-0.15869140625,0.537109375,-0.146484375,-0.1220703125,-0.4638671875,0.78125,-0.29296875,0.54931640625,-0.01220703125,0.4638671875,-0.5126953125,1.2451171875,0.3173828125,-0.18310546875,0.048828125,0.8056640625,0.42724609375,2.84423828125,0.18310546875,0.62255859375,0.0244140625,0.6591796875,0.048828125,0.537109375,-0.0732421875,0.81787109375,-0.03662109375,0,-0.1953125,1.28173828125,0.23193359375,-2.16064453125,-0.244140625,-0.96435546875,-0.10986328125,-1.26953125,0.10986328125,-1.18408203125,-0.1953125,-1.62353515625,0.0732421875,-0.48828125,0.48828125,-0.84228515625,0.03662109375,-1.35498046875,-0.0244140625,-0.68359375,-0.13427734375,-0.69580078125,0.0244140625,-0.59814453125,0.2685546875,-0.06103515625,0.03662109375,1.35498046875,-0.06103515625,0.5126953125,0.0732421875,0.3173828125,-0.1708984375,7.31201171875,-0.01220703125,0.30517578125,0.0244140625,-0.048828125,-0.0732421875,-0.03662109375,0,0.1220703125,-0.3173828125,1.45263671875,0.09765625,3.1982421875,0.03662109375,1.11083984375,0.048828125,1.806640625
0,0.537109375,-0.6103515625,0.15869140625,-0.40283203125,-0.0244140625,-0.4638671875,-0.1953125,-0.09765625,0.244140625,-0.048828125,0.09765625,-0.9033203125,-0.09765625,1.07421875,-0.42724609375,-0.1708984375,0.0244140625,-0.57373046875,0.1708984375,-0.15869140625,-0.5859375,0.87890625,0.09765625,-0.59814453125,0.10986328125,0.3173828125,0.28076171875,-0.42724609375,-0.09765625,1.26953125,0.439453125,2.9052734375,-0.1708984375,0,-0.29296875,1.3916015625,-0.29296875,-0.08544921875,0.32958984375,-0.2197265625,-0.048828125,-0.20751953125,-0.2197265625,-0.69580078125,0.08544921875,-0.48828125,0.1220703125,0.5615234375,-0.35400390625,1.07421875,-0.18310546875,0.5126953125,-0.13427734375,-0.1708984375,-0.4150390625,0.732421875,-0.25634765625,0.5615234375,-0.03662109375,0.45166015625,-0.5615234375,1.18408203125,0.2685546875,-0.1953125,0.06103515625,1.13525390625,0.244140625,3.466796875,0.2197265625,0.8544921875,0.03662109375,0.8544921875,0,0.47607421875,-0.08544921875,0.81787109375,0.0244140625,0,-0.244140625,1.26953125,0.1953125,-2.001953125,-0.244140625,-0.89111328125,-0.08544921875,-1.1962890625,0.18310546875,-1.13525390625,-0.20751953125,-1.59912109375,0.01220703125,-0.4638671875,0.52490234375,-0.81787109375,-0.0244140625,-1.318359375,0.03662109375,-0.68359375,-0.13427734375,-0.67138671875,-0.0244140625,-0.57373046875,0.244140625,-0.06103515625,-0.01220703125,1.1474609375,-0.1220703125,0.28076171875,0.0732421875,0.13427734375,-0.1953125,6.5673828125,0.01220703125,0.30517578125,0.01220703125,-0.0732421875,-0.08544921875,-0.03662109375,0.01220703125,0.1220703125,-0.35400390625,0.9765625,0.09765625,2.490234375,0.06103515625,0.74462890625,0.01220703125,1.25732421875
0,0.57373046875,-0.62255859375,0.1708984375,-0.390625,0.01220703125,-0.4638671875,-0.1708984375,-0.0732421875,0.23193359375,-0.048828125,0.1220703125,-0.89111328125,-0.0732421875,1.07421875,-0.4150390625,-0.13427734375,-0.01220703125,-0.57373046875,0.1708984375,-0.146484375,-0.68359375,0.89111328125,0.15869140625,-0.59814453125,0.0244140625,0.5859375,0.25634765625,-0.13427734375,-0.09765625,1.6357421875,0.30517578125,3.7353515625,-0.15869140625,0.20751953125,-0.1953125,1.91650390625,-0.32958984375,0.0732421875,0.30517578125,-0.0244140625,-0.08544921875,-0.18310546875,-0.1220703125,-0.72021484375,0.08544921875,-0.47607421875,0.09765625,0.57373046875,-0.29296875,1.025390625,-0.20751953125,0.48828125,-0.0732421875,-0.1953125,-0.439453125,0.7080078125,-0.244140625,0.57373046875,-0.06103515625,0.45166015625,-0.5859375,1.11083984375,0.20751953125,-0.18310546875,0.08544921875,1.513671875,0.1220703125,4.16259765625,0.1708984375,1.0986328125,0,1.11083984375,-0.0732421875,0.42724609375,-0.08544921875,0.830078125,0.08544921875,-0.01220703125,-0.2685546875,1.26953125,0.146484375,-1.77001953125,-0.244140625,-0.74462890625,-0.03662109375,-1.123046875,0.244140625,-1.03759765625,-0.18310546875,-1.5625,0.06103515625,-0.439453125,0.54931640625,-0.74462890625,-0.0732421875,-1.2451171875,0.0732421875,-0.67138671875,-0.15869140625,-0.68359375,-0.048828125,-0.57373046875,0.1708984375,-0.0732421875,-0.0244140625,0.87890625,-0.146484375,0.0244140625,0.0732421875,-0.08544921875,-0.2685546875,5.615234375,0.0244140625,0.29296875,0.048828125,-0.06103515625,-0.08544921875,-0.03662109375,0,0.10986328125,-0.32958984375,0.59814453125,0.13427734375,1.8310546875,0.06103515625,0.42724609375,0,0.8056640625
0,0.5859375,-0.5615234375,0.1708984375,-0.3662109375,0.03662109375,-0.45166015625,-0.18310546875,-0.08544921875,0.244140625,-0.048828125,0.1220703125,-0.9033203125,-0.06103515625,1.06201171875,-0.4150390625,-0.1220703125,-0.08544921875,-0.6103515625,0.1953125,-0.15869140625,-0.68359375,0.87890625,0.18310546875,-0.5859375,-0.048828125,0.830078125,0.20751953125,0.15869140625,-0.08544921875,2.001953125,0.244140625,4.60205078125,-0.20751953125,0.390625,-0.1708984375,2.38037109375,-0.3173828125,0.2197265625,0.244140625,0.1708984375,-0.146484375,-0.1953125,-0.08544921875,-0.7080078125,0.048828125,-0.47607421875,0.10986328125,0.57373046875,-0.28076171875,1.03759765625,-0.2685546875,0.45166015625,-0.06103515625,-0.1953125,-0.40283203125,0.68359375,-0.2685546875,0.59814453125,-0.048828125,0.439453125,-0.62255859375,0.98876953125,0.18310546875,-0.20751953125,0.09765625,1.904296875,0.09765625,4.8095703125,0.08544921875,1.3427734375,-0.01220703125,1.35498046875,-0.13427734375,0.32958984375,-0.0732421875,0.76904296875,0.1220703125,-0.03662109375,-0.25634765625,1.25732421875,0.146484375,-1.4404296875,-0.20751953125,-0.5859375,0.01220703125,-1.025390625,0.25634765625,-0.927734375,-0.146484375,-1.52587890625,0.13427734375,-0.37841796875,0.50048828125,-0.6103515625,-0.0732421875,-1.15966796875,0.06103515625,-0.69580078125,-0.13427734375,-0.68359375,-0.048828125,-0.5615234375,0.048828125,-0.0732421875,0.01220703125,0.5615234375,-0.20751953125,-0.25634765625,0.048828125,-0.35400390625,-0.29296875,4.5654296875,0.0244140625,0.2685546875,0.06103515625,-0.06103515625,-0.0732421875,-0.03662109375,0.0244140625,0.13427734375,-0.35400390625,0.35400390625,0.08544921875,1.3916015625,0.06103515625,0.18310546875,-0.03662109375,0.47607421875
0,0.634765625,-0.48828125,0.18310546875,-0.35400390625,0.06103515625,-0.42724609375,-0.15869140625,-0.08544921875,0.244140625,-0.06103515625,0.10986328125,-0.9033203125,-0.0732421875,1.06201171875,-0.42724609375,-0.1220703125,-0.09765625,-0.62255859375,0.1953125,-0.15869140625,-0.68359375,0.87890625,0.18310546875,-0.5859375,-0.1220703125,1.0986328125,0.18310546875,0.439453125,-0.0732421875,2.33154296875,0.29296875,5.43212890625,-0.20751953125,0.537109375,-0.1220703125,2.77099609375,-0.30517578125,0.32958984375,0.2197265625,0.29296875,-0.15869140625,-0.1953125,-0.08544921875,-0.732421875,0.01220703125,-0.4638671875,0.18310546875,0.5859375,-0.35400390625,1.1474609375,-0.23193359375,0.45166015625,0.0244140625,-0.18310546875,-0.32958984375,0.67138671875,-0.3173828125,0.57373046875,-0.048828125,0.439453125,-0.57373046875,0.830078125,0.06103515625,-0.18310546875,0.1220703125,2.2705078125,0.1708984375,5.40771484375,0.01220703125,1.57470703125,-0.01220703125,1.57470703125,-0.23193359375,0.25634765625,-0.08544921875,0.79345703125,0.1220703125,-0.03662109375,-0.20751953125,1.2451171875,0.10986328125,-1.1474609375,-0.15869140625,-0.45166015625,0.0732421875,-0.96435546875,0.23193359375,-0.830078125,-0.13427734375,-1.46484375,0.2197265625,-0.3173828125,0.32958984375,-0.47607421875,-0.03662109375,-1.08642578125,0,-0.69580078125,-0.10986328125,-0.67138671875,-0.01220703125,-0.54931640625,-0.1220703125,-0.0732421875,0.01220703125,0.20751953125,-0.20751953125,-0.6103515625,0,-0.6103515625,-0.29296875,3.3935546875,0.048828125,0.28076171875,0.048828125,-0.06103515625,-0.08544921875,-0.0244140625,0,0.146484375,-0.32958984375,0.3173828125,0.0732421875,1.220703125,0.0732421875,0.10986328125,0,0.341796875
0,0.59814453125,-0.3662109375,0.20751953125,-0.35400390625,0.08544921875,-0.4150390625,-0.18310546875,-0.08544921875,0.2685546875,-0.0732421875,0.08544921875,-0.927734375,-0.09765625,1.07421875,-0.42724609375,-0.146484375,-0.1220703125,-0.634765625,0.1708984375,-0.1708984375,-0.62255859375,0.86669921875,0.15869140625,-0.5859375,-0.1708984375,1.318359375,0.13427734375,0.6591796875,-0.08544921875,2.64892578125,0.30517578125,6.15234375,-0.1953125,0.62255859375,0.0244140625,3.03955078125,-0.29296875,0.40283203125,0.1953125,0.3662109375,-0.18310546875,-0.2197265625,-0.0732421875,-0.732421875,-0.01220703125,-0.42724609375,0.20751953125,0.57373046875,-0.47607421875,1.3916015625,-0.1953125,0.4638671875,0.10986328125,-0.146484375,-0.35400390625,0.67138671875,-0.3662109375,0.5859375,-0.08544921875,0.4150390625,-0.59814453125,0.6591796875,-0.03662109375,-0.146484375,0.18310546875,2.5390625,0.10986328125,5.84716796875,-0.08544921875,1.7578125,0.01220703125,1.7333984375,-0.28076171875,0.20751953125,-0.08544921875,0.8056640625,0.146484375,-0.03662109375,-0.15869140625,1.2451171875,0.146484375,-0.927734375,-0.09765625,-0.32958984375,0.08544921875,-0.91552734375,0.1953125,-0.78125,-0.10986328125,-1.416015625,0.29296875,-0.25634765625,0.146484375,-0.35400390625,0.01220703125,-1.01318359375,-0.048828125,-0.68359375,-0.09765625,-0.68359375,-0.01220703125,-0.5859375,-0.25634765625,-0.0732421875,0.01220703125,-0.15869140625,-0.1953125,-0.93994140625,-0.09765625,-0.830078125,-0.3173828125,2.23388671875,0.048828125,0.29296875,0.0732421875,-0.048828125,-0.0732421875,-0.06103515625,-0.01220703125,0.15869140625,-0.341796875,0.50048828125,0.01220703125,1.3671875,0.048828125,0.1708984375,-0.048828125,0.439453125
0,0.64697265625,-0.28076171875,0.20751953125,-0.390625,0.10986328125,-0.42724609375,-0.18310546875,-0.06103515625,0.30517578125,-0.08544921875,0.08544921875,-0.93994140625,-0.08544921875,1.07421875,-0.40283203125,-0.1708984375,-0.09765625,-0.62255859375,0.146484375,-0.15869140625,-0.57373046875,0.86669921875,0.0732421875,-0.5859375,-0.15869140625,1.46484375,0.13427734375,0.84228515625,-0.10986328125,2.880859375,0.28076171875,6.7138671875,-0.15869140625,0.69580078125,0.1708984375,3.13720703125,-0.2685546875,0.439453125,0.20751953125,0.37841796875,-0.18310546875,-0.1953125,-0.06103515625,-0.72021484375,-0.0244140625,-0.42724609375,0.341796875,0.59814453125,-0.5615234375,1.74560546875,-0.18310546875,0.48828125,0.20751953125,-0.10986328125,-0.37841796875,0.7080078125,-0.4150390625,0.57373046875,-0.06103515625,0.42724609375,-0.62255859375,0.48828125,-0.15869140625,-0.15869140625,0.1708984375,2.7099609375,0.048828125,6.15234375,-0.146484375,1.8798828125,0.01220703125,1.8310546875,-0.29296875,0.18310546875,-0.1220703125,0.830078125,0.1708984375,-0.01220703125,-0.06103515625,1.2451171875,0.15869140625,-0.76904296875,-0.0244140625,-0.29296875,0.08544921875,-0.9033203125,0.146484375,-0.74462890625,-0.09765625,-1.37939453125,0.32958984375,-0.2197265625,-0.048828125,-0.25634765625,0.08544921875,-0.96435546875,-0.10986328125,-0.68359375,-0.10986328125,-0.7080078125,0.0244140625,-0.59814453125,-0.3173828125,-0.09765625,0.01220703125,-0.52490234375,-0.146484375,-1.2451171875,-0.146484375,-1.07421875,-0.30517578125,1.1474609375,0.03662109375,0.30517578125,0.0732421875,-0.048828125,-0.0732421875,-0.048828125,-0.0244140625,0.1708984375,-0.32958984375,0.87890625,0.0244140625,1.91650390625,0.048828125,0.45166015625,-0.06103515625,0.78125
0,0.69580078125,-0.20751953125,0.23193359375,-0.390625,0.10986328125,-0.42724609375,-0.1953125,-0.09765625,0.341796875,-0.09765625,0.048828125,-0.9521484375,-0.10986328125,1.06201171875,-0.37841796875,-0.1953125,-0.0732421875,-0.62255859375,0.08544921875,-0.146484375,-0.52490234375,0.86669921875,0.0244140625,-0.5859375,-0.20751953125,1.5625,0.09765625,0.93994140625,-0.1220703125,3.0029296875,0.29296875,7.11669921875,-0.09765625,0.68359375,0.146484375,3.125,-0.2685546875,0.40283203125,0.2197265625,0.32958984375,-0.1708984375,-0.18310546875,-0.09765625,-0.72021484375,-0.03662109375,-0.40283203125,0.40283203125,0.6103515625,-0.634765625,2.23388671875,-0.23193359375,0.5615234375,0.35400390625,-0.0244140625,-0.390625,0.78125,-0.45166015625,0.5615234375,-0.0732421875,0.4150390625,-0.5859375,0.3662109375,-0.20751953125,-0.13427734375,0.1708984375,2.7587890625,0.0244140625,6.2744140625,-0.15869140625,1.91650390625,0.01220703125,1.85546875,-0.28076171875,0.15869140625,-0.146484375,0.830078125,0.146484375,0,0.06103515625,1.2451171875,0.0732421875,-0.732421875,0.03662109375,-0.28076171875,0.0244140625,-0.9033203125,0.10986328125,-0.732421875,-0.10986328125,-1.33056640625,0.37841796875,-0.18310546875,-0.1953125,-0.1953125,0.13427734375,-0.927734375,-0.1220703125,-0.6591796875,-0.13427734375,-0.72021484375,0.0244140625,-0.5859375,-0.3662109375,-0.08544921875,0.01220703125,-0.8056640625,-0.10986328125,-1.513671875,-0.20751953125,-1.25732421875,-0.29296875,0.23193359375,0.03662109375,0.3173828125,0.06103515625,-0.03662109375,-0.06103515625,-0.03662109375,-0.06103515625,0.18310546875,-0.28076171875,1.45263671875,-0.0244140625,2.74658203125,0.0732421875,0.9033203125,-0.048828125,1.40380859375
0,0.7080078125,-0.1708984375,0.23193359375,-0.37841796875,0.10986328125,-0.439453125,-0.18310546875,-0.10986328125,0.35400390625,-0.09765625,0.0244140625,-0.93994140625,-0.1220703125,1.03759765625,-0.40283203125,-0.2197265625,-0.01220703125,-0.62255859375,0.0244140625,-0.15869140625,-0.48828125,0.86669921875,0,-0.59814453125,-0.15869140625,1.5869140625,0.08544921875,0.9521484375,-0.09765625,3.03955078125,0.20751953125,7.31201171875,-0.08544921875,0.6103515625,0.15869140625,2.9296875,-0.244140625,0.3662109375,0.20751953125,0.2197265625,-0.1708984375,-0.20751953125,-0.10986328125,-0.72021484375,-0.06103515625,-0.390625,0.390625,0.6103515625,-0.67138671875,2.84423828125,-0.25634765625,0.64697265625,0.40283203125,0.048828125,-0.4150390625,0.89111328125,-0.42724609375,0.5615234375,-0.0732421875,0.4150390625,-0.57373046875,0.2685546875,-0.25634765625,-0.13427734375,0.15869140625,2.72216796875,0.01220703125,6.25,-0.146484375,1.8798828125,-0.0244140625,1.8310546875,-0.244140625,0.15869140625,-0.146484375,0.8056640625,0.146484375,0,0.15869140625,1.25732421875,0.09765625,-0.79345703125,0.10986328125,-0.30517578125,-0.048828125,-0.93994140625,0.06103515625,-0.7568359375,-0.1220703125,-1.30615234375,0.37841796875,-0.1708984375,-0.32958984375,-0.18310546875,0.18310546875,-0.91552734375,-0.146484375,-0.634765625,-0.1220703125,-0.69580078125,0.06103515625,-0.5859375,-0.341796875,-0.06103515625,0.01220703125,-1.0498046875,-0.08544921875,-1.74560546875,-0.2197265625,-1.35498046875,-0.28076171875,-0.42724609375,0.06103515625,0.3173828125,0.0732421875,-0.03662109375,-0.0732421875,-0.048828125,-0.048828125,0.18310546875,-0.30517578125,2.18505859375,-0.06103515625,3.84521484375,0.06103515625,1.46484375,-0.10986328125,2.2216796875
0,0.72021484375,-0.15869140625,0.2197265625,-0.40283203125,0.1220703125,-0.47607421875,-0.1708984375,-0.09765625,0.3662109375,-0.10986328125,0.01220703125,-0.93994140625,-0.146484375,1.06201171875,-0.40283203125,-0.2197265625,0.08544921875,-0.6103515625,-0.0244140625,-0.146484375,-0.50048828125,0.84228515625,-0.0244140625,-0.59814453125,-0.13427734375,1.55029296875,0.06103515625,0.927734375,-0.09765625,2.99072265625,0.30517578125,7.28759765625,-0.06103515625,0.5126953125,0.15869140625,2.6123046875,-0.244140625,0.28076171875,0.1953125,0.1220703125,-0.20751953125,-0.2197265625,-0.146484375,-0.72021484375,-0.0244140625,-0.40283203125,0.3662109375,0.6103515625,-0.5859375,3.564453125,-0.29296875,0.78125,0.390625,0.13427734375,-0.37841796875,1.01318359375,-0.4638671875,0.5615234375,-0.08544921875,0.4150390625,-0.47607421875,0.25634765625,-0.28076171875,-0.13427734375,0.1953125,2.63671875,0.0732421875,6.14013671875,-0.09765625,1.8310546875,-0.048828125,1.7822265625,-0.1953125,0.25634765625,-0.146484375,0.81787109375,0.1220703125,0.01220703125,0.20751953125,1.26953125,0.08544921875,-0.927734375,0.08544921875,-0.341796875,-0.20751953125,-0.9765625,-0.0244140625,-0.79345703125,-0.146484375,-1.318359375,0.390625,-0.2197265625,-0.37841796875,-0.25634765625,0.2197265625,-0.91552734375,-0.146484375,-0.5859375,-0.10986328125,-0.68359375,0.0732421875,-0.59814453125,-0.28076171875,-0.0732421875,0,-1.171875,-0.09765625,-1.85546875,-0.1953125,-1.42822265625,-0.25634765625,-0.8056640625,0.09765625,0.341796875,0.048828125,-0.0244140625,-0.08544921875,-0.048828125,-0.06103515625,0.1708984375,-0.25634765625,3.02734375,0.01220703125,5.126953125,0.0732421875,2.1484375,-0.0732421875,3.16162109375
0,0.74462890625,-0.15869140625,0.1953125,-0.4150390625,0.08544921875,-0.5126953125,-0.13427734375,-0.08544921875,0.35400390625,-0.10986328125,-0.03662109375,-0.93994140625,-0.1220703125,1.06201171875,-0.390625,-0.20751953125,0.1953125,-0.5859375,-0.0732421875,-0.146484375,-0.48828125,0.86669921875,-0.048828125,-0.6103515625,-0.08544921875,1.4892578125,0.0732421875,0.8544921875,-0.06103515625,2.89306640625,0.29296875,7.12890625,-0.03662109375,0.390625,0.146484375,2.2705078125,-0.23193359375,0.2197265625,0.1953125,0,-0.2197265625,-0.2197265625,-0.1708984375,-0.72021484375,0.048828125,-0.40283203125,0.3173828125,0.6103515625,-0.42724609375,4.345703125,-0.2197265625,0.91552734375,0.439453125,0.23193359375,-0.3173828125,1.1474609375,-0.439453125,0.54931640625,-0.13427734375,0.439453125,-0.5126953125,0.29296875,-0.32958984375,-0.146484375,0.2197265625,2.4658203125,-0.048828125,5.92041015625,-0.01220703125,1.7333984375,-0.06103515625,1.6845703125,-0.1953125,0.32958984375,-0.146484375,0.81787109375,0.146484375,0.0244140625,0.2197265625,1.2451171875,0.09765625,-1.06201171875,0.1220703125,-0.4150390625,-0.32958984375,-1.01318359375,-0.06103515625,-0.84228515625,-0.1708984375,-1.3671875,0.3662109375,-0.244140625,-0.37841796875,-0.3662109375,0.1708984375,-0.9765625,-0.09765625,-0.62255859375,-0.09765625,-0.68359375,0.1220703125,-0.62255859375,-0.2197265625,-0.06103515625,0.06103515625,-1.23291015625,-0.09765625,-1.953125,-0.146484375,-1.46484375,-0.146484375,-0.927734375,0.10986328125,0.341796875,0.0244140625,-0.03662109375,-0.06103515625,-0.03662109375,-0.03662109375,0.13427734375,-0.244140625,3.84521484375,-0.0732421875,6.40869140625,0.08544921875,2.8564453125,-0.08544921875,4.1748046875
0,0.7568359375,-0.1708984375,0.1708984375,-0.42724609375,0.1220703125,-0.5126953125,-0.146484375,-0.09765625,0.3173828125,-0.08544921875,-0.01220703125,-0.93994140625,-0.1220703125,1.07421875,-0.40283203125,-0.1953125,0.23193359375,-0.5859375,-0.1220703125,-0.146484375,-0.5126953125,0.8544921875,-0.048828125,-0.59814453125,-0.01220703125,1.40380859375,0.06103515625,0.732421875,-0.0732421875,2.77099609375,0.09765625,6.82373046875,-0.01220703125,0.28076171875,0.0732421875,1.9287109375,-0.25634765625,0.13427734375,0.1953125,-0.09765625,-0.23193359375,-0.23193359375,-0.25634765625,-0.7080078125,0.1220703125,-0.42724609375,0.28076171875,0.6103515625,-0.3173828125,5.16357421875,-0.20751953125,1.0986328125,0.37841796875,0.341796875,-0.25634765625,1.28173828125,-0.40283203125,0.5859375,-0.20751953125,0.439453125,-0.5615234375,0.37841796875,-0.29296875,-0.146484375,0.1708984375,2.30712890625,-0.1220703125,5.67626953125,0.06103515625,1.64794921875,-0.146484375,1.57470703125,-0.1708984375,0.4638671875,-0.06103515625,0.8056640625,0.18310546875,0.048828125,0.1708984375,1.25732421875,0.146484375,-1.2451171875,0.1220703125,-0.48828125,-0.40283203125,-1.0498046875,-0.08544921875,-0.86669921875,-0.1708984375,-1.4404296875,0.30517578125,-0.28076171875,-0.3173828125,-0.5126953125,0.1220703125,-1.03759765625,-0.08544921875,-0.64697265625,-0.09765625,-0.72021484375,0.146484375,-0.5859375,-0.146484375,-0.06103515625,0.1220703125,-1.25732421875,-0.0732421875,-1.94091796875,-0.13427734375,-1.47705078125,-0.03662109375,-0.81787109375,0.15869140625,0.341796875,0.0244140625,-0.048828125,-0.06103515625,-0.048828125,-0.03662109375,0.13427734375,-0.244140625,4.6142578125,-0.1708984375,7.6171875,0.048828125,3.50341796875,-0.1220703125,5.1025390625
0,0.78125,-0.18310546875,0.146484375,-0.40283203125,0.13427734375,-0.5126953125,-0.146484375,-0.09765625,0.29296875,-0.09765625,-0.01220703125,-0.927734375,-0.146484375,1.06201171875,-0.42724609375,-0.1953125,0.25634765625,-0.5859375,-0.1220703125,-0.15869140625,-0.57373046875,0.87890625,-0.0732421875,-0.5859375,0.0244140625,1.28173828125,0.0732421875,0.62255859375,-0.0732421875,2.62451171875,0,6.4453125,-0.01220703125,0.146484375,0.03662109375,1.64794921875,-0.244140625,0.048828125,0.23193359375,-0.1953125,-0.1953125,-0.20751953125,-0.29296875,-0.68359375,0.18310546875,-0.45166015625,0.3173828125,0.62255859375,-0.1220703125,5.94482421875,-0.25634765625,1.26953125,0.2685546875,0.40283203125,-0.09765625,1.42822265625,-0.32958984375,0.59814453125,-0.25634765625,0.45166015625,-0.537109375,0.52490234375,-0.2685546875,-0.1708984375,0.146484375,2.197265625,-0.15869140625,5.45654296875,0.146484375,1.5625,-0.20751953125,1.4892578125,-0.20751953125,0.5859375,0.01220703125,0.78125,0.23193359375,0.03662109375,0.1220703125,1.25732421875,0.08544921875,-1.37939453125,0.03662109375,-0.5615234375,-0.439453125,-1.08642578125,-0.0732421875,-0.9033203125,-0.146484375,-1.513671875,0.23193359375,-0.35400390625,-0.146484375,-0.634765625,0.048828125,-1.0986328125,-0.13427734375,-0.64697265625,-0.06103515625,-0.732421875,0.18310546875,-0.5126953125,-0.0732421875,-0.0732421875,0.15869140625,-1.18408203125,-0.09765625,-1.86767578125,-0.08544921875,-1.40380859375,0.048828125,-0.537109375,0.1708984375,0.30517578125,0.01220703125,-0.0244140625,-0.0732421875,-0.048828125,-0.03662109375,0.10986328125,-0.2197265625,5.2734375,-0.0732421875,8.59375,0.06103515625,4.04052734375,-0.08544921875,5.92041015625
0,0.79345703125,-0.20751953125,0.146484375,-0.40283203125,0.146484375,-0.48828125,-0.10986328125,-0.10986328125,0.23193359375,-0.0732421875,-0.0244140625,-0.91552734375,-0.15869140625,1.06201171875,-0.42724609375,-0.1708984375,0.244140625,-0.57373046875,-0.13427734375,-0.15869140625,-0.5615234375,0.87890625,-0.0732421875,-0.57373046875,0.048828125,1.171875,0.0732421875,0.52490234375,-0.0732421875,2.490234375,-0.048828125,6.005859375,-0.01220703125,0.09765625,-0.10986328125,1.45263671875,-0.25634765625,0,0.20751953125,-0.2197265625,-0.20751953125,-0.23193359375,-0.35400390625,-0.7080078125,0.20751953125,-0.4638671875,0.244140625,0.64697265625,0.0732421875,6.67724609375,-0.390625,1.42822265625,0.15869140625,0.50048828125,0.03662109375,1.57470703125,-0.29296875,0.6103515625,-0.2685546875,0.45166015625,-0.52490234375,0.69580078125,-0.20751953125,-0.1953125,0.09765625,2.1240234375,-0.244140625,5.2490234375,0.18310546875,1.4892578125,-0.23193359375,1.4404296875,-0.30517578125,0.7080078125,0.08544921875,0.8056640625,0.25634765625,0.048828125,0.06103515625,1.28173828125,0.10986328125,-1.42822265625,0.0244140625,-0.537109375,-0.40283203125,-1.06201171875,-0.01220703125,-0.91552734375,-0.13427734375,-1.57470703125,0.15869140625,-0.40283203125,0,-0.72021484375,0.0244140625,-1.15966796875,-0.146484375,-0.64697265625,-0.03662109375,-0.72021484375,0.15869140625,-0.5126953125,-0.01220703125,-0.0732421875,0.13427734375,-1.07421875,-0.09765625,-1.77001953125,-0.06103515625,-1.33056640625,0.08544921875,-0.18310546875,0.1953125,0.30517578125,-0.01220703125,-0.03662109375,-0.08544921875,-0.0244140625,0,0.09765625,-0.18310546875,5.76171875,-0.09765625,9.28955078125,0.06103515625,4.39453125,-0.03662109375,6.5185546875
1,0.69580078125,-0.2197265625,0.146484375,-0.390625,0.13427734375,-0.47607421875,-0.09765625,-0.09765625,0.18310546875,-0.06103515625,0,-0.93994140625,-0.10986328125,1.06201171875,-0.40283203125,-0.146484375,0.1953125,-0.59814453125,-0.09765625,-0.146484375,-0.62255859375,0.8544921875,-0.10986328125,-0.57373046875,0.048828125,1.06201171875,0.06103515625,0.45166015625,-0.06103515625,2.40478515625,-0.0244140625,5.62744140625,-0.06103515625,0.08544921875,-0.2197265625,1.35498046875,-0.2197265625,-0.03662109375,0.15869140625,-0.23193359375,-0.2197265625,-0.2197265625,-0.40283203125,-0.7080078125,0.2197265625,-0.4638671875,0.1953125,0.67138671875,0.20751953125,7.2509765625,-0.48828125,1.5869140625,0.03662109375,0.6103515625,0.09765625,1.69677734375,-0.3173828125,0.634765625,-0.25634765625,0.4638671875,-0.48828125,0.86669921875,-0.06103515625,-0.1708984375,0.06103515625,2.0751953125,-0.30517578125,5.078125,0.1953125,1.45263671875,-0.20751953125,1.3671875,-0.40283203125,0.84228515625,0.13427734375,0.76904296875,0.23193359375,0.01220703125,-0.0244140625,1.28173828125,0.13427734375,-1.40380859375,0.01220703125,-0.47607421875,-0.32958984375,-1.0498046875,0.09765625,-0.89111328125,-0.13427734375,-1.62353515625,0.10986328125,-0.439453125,0.048828125,-0.76904296875,0.03662109375,-1.171875,-0.146484375,-0.6591796875,0.01220703125,-0.7080078125,0.10986328125,-0.50048828125,0.03662109375,-0.08544921875,0.1708984375,-0.9765625,-0.10986328125,-1.6845703125,-0.03662109375,-1.25732421875,0.06103515625,0.15869140625,0.18310546875,0.30517578125,-0.0244140625,-0.03662109375,-0.06103515625,-0.01220703125,0,0.10986328125,-0.20751953125,6.01806640625,-0.15869140625,9.5947265625,0.048828125,4.58984375,0,6.884765625
1,0.72021484375,-0.1953125,0.146484375,-0.390625,0.146484375,-0.45166015625,-0.08544921875,-0.10986328125,0.10986328125,-0.048828125,-0.01220703125,-0.9033203125,-0.09765625,1.07421875,-0.390625,-0.15869140625,0.13427734375,-0.59814453125,-0.09765625,-0.146484375,-0.6103515625,0.86669921875,-0.1220703125,-0.5859375,0.03662109375,0.98876953125,0.06103515625,0.390625,-0.06103515625,2.34375,-0.01220703125,5.28564453125,-0.0732421875,0.06103515625,-0.3173828125,1.3916015625,-0.1953125,-0.048828125,0.10986328125,-0.18310546875,-0.23193359375,-0.25634765625,-0.42724609375,-0.7080078125,0.146484375,-0.47607421875,0.1953125,0.67138671875,0.3662109375,7.6416015625,-0.50048828125,1.72119140625,-0.08544921875,0.67138671875,0.13427734375,1.79443359375,-0.3173828125,0.62255859375,-0.20751953125,0.45166015625,-0.4150390625,1.0009765625,0.06103515625,-0.1953125,0.10986328125,2.0263671875,-0.1953125,4.91943359375,0.1708984375,1.40380859375,-0.146484375,1.35498046875,-0.47607421875,0.927734375,0.18310546875,0.78125,0.18310546875,0,-0.10986328125,1.28173828125,0.1220703125,-1.30615234375,-0.03662109375,-0.37841796875,-0.23193359375,-1.0009765625,0.1953125,-0.84228515625,-0.13427734375,-1.6357421875,0.10986328125,-0.4638671875,0.09765625,-0.78125,0.06103515625,-1.20849609375,-0.146484375,-0.67138671875,0.048828125,-0.67138671875,0.0732421875,-0.5126953125,0.048828125,-0.08544921875,0.09765625,-0.8544921875,-0.1220703125,-1.5869140625,-0.03662109375,-1.23291015625,0.03662109375,0.4150390625,0.1953125,0.29296875,-0.0244140625,-0.0244140625,-0.08544921875,-0.01220703125,0.01220703125,0.1220703125,-0.1953125,6.06689453125,-0.20751953125,9.60693359375,0,4.55322265625,0,6.93359375
1,0.6591796875,-0.1953125,0.1708984375,-0.3662109375,0.146484375,-0.4150390625,-0.0732421875,-0.09765625,0.10986328125,-0.08544921875,-0.03662109375,-0.91552734375,-0.09765625,1.06201171875,-0.390625,-0.1708984375,0.08544921875,-0.59814453125,-0.10986328125,-0.146484375,-0.5126953125,0.86669921875,-0.1220703125,-0.5859375,0.01220703125,0.93994140625,0.03662109375,0.35400390625,-0.10986328125,2.294921875,0.15869140625,5.04150390625,-0.10986328125,0.08544921875,-0.341796875,1.50146484375,-0.1953125,-0.06103515625,0.0244140625,-0.13427734375,-0.2685546875,-0.25634765625,-0.4638671875,-0.72021484375,0.06103515625,-0.48828125,0.20751953125,0.7080078125,0.4150390625,7.8125,-0.50048828125,1.79443359375,-0.20751953125,0.72021484375,0.1708984375,1.8310546875,-0.29296875,0.6103515625,-0.15869140625,0.45166015625,-0.390625,1.08642578125,0.20751953125,-0.18310546875,0.15869140625,1.98974609375,-0.1953125,4.77294921875,0.1708984375,1.3671875,-0.1220703125,1.30615234375,-0.439453125,1.0009765625,0.2197265625,0.81787109375,0.13427734375,-0.03662109375,-0.1220703125,1.2939453125,0.13427734375,-1.11083984375,0,-0.244140625,-0.0732421875,-0.93994140625,0.25634765625,-0.78125,-0.146484375,-1.6357421875,0.048828125,-0.48828125,-0.03662109375,-0.74462890625,0.0244140625,-1.20849609375,-0.09765625,-0.69580078125,0.06103515625,-0.6591796875,-0.01220703125,-0.54931640625,0.048828125,-0.08544921875,0.09765625,-0.79345703125,-0.1220703125,-1.513671875,-0.048828125,-1.1962890625,0.048828125,0.54931640625,0.20751953125,0.29296875,-0.0244140625,-0.0244140625,-0.0732421875,-0.0244140625,0.0244140625,0.146484375,-0.1953125,5.92041015625,-0.23193359375,9.26513671875,-0.01220703125,4.345703125,0.03662109375,6.73828125
1,0.69580078125,-0.18310546875,0.15869140625,-0.3662109375,0.1708984375,-0.439453125,-0.0732421875,-0.08544921875,0.10986328125,-0.0732421875,-0.0244140625,-0.9033203125,-0.13427734375,1.0498046875,-0.3662109375,-0.15869140625,0.048828125,-0.62255859375,-0.09765625,-0.15869140625,-0.45166015625,0.8544921875,-0.146484375,-0.5859375,-0.03662109375,0.927734375,0.06103515625,0.32958984375,-0.1708984375,2.2705078125,0.146484375,4.91943359375,-0.09765625,0.09765625,-0.32958984375,1.66015625,-0.1708984375,-0.03662109375,-0.01220703125,-0.0732421875,-0.25634765625,-0.25634765625,-0.42724609375,-0.72021484375,-0.03662109375,-0.47607421875,0.32958984375,0.74462890625,0.42724609375,7.7392578125,-0.40283203125,1.84326171875,-0.3173828125,0.76904296875,0.13427734375,1.86767578125,-0.30517578125,0.6103515625,-0.1220703125,0.439453125,-0.3662109375,1.15966796875,0.3662109375,-0.18310546875,0.244140625,1.953125,-0.146484375,4.65087890625,0.10986328125,1.318359375,-0.08544921875,1.25732421875,-0.35400390625,1.06201171875,0.244140625,0.79345703125,0.06103515625,-0.048828125,-0.13427734375,1.2939453125,0.09765625,-0.91552734375,-0.03662109375,-0.09765625,0.09765625,-0.89111328125,0.3173828125,-0.69580078125,-0.15869140625,-1.59912109375,0.048828125,-0.4638671875,-0.1220703125,-0.67138671875,0.0244140625,-1.1962890625,-0.048828125,-0.7080078125,0.0732421875,-0.64697265625,-0.0732421875,-0.59814453125,0.03662109375,-0.08544921875,0.10986328125,-0.74462890625,-0.0732421875,-1.47705078125,-0.0732421875,-1.1962890625,0.10986328125,0.54931640625,0.2197265625,0.30517578125,-0.03662109375,-0.03662109375,-0.06103515625,-0.0732421875,0.03662109375,0.146484375,-0.23193359375,5.5908203125,-0.2197265625,8.70361328125,0,4.0283203125,0.03662109375,6.31103515625
1,0.69580078125,-0.1953125,0.1708984375,-0.3662109375,0.1708984375,-0.45166015625,-0.06103515625,-0.09765625,0.13427734375,-0.09765625,-0.048828125,-0.9033203125,-0.1220703125,1.06201171875,-0.35400390625,-0.1708984375,0.048828125,-0.62255859375,-0.09765625,-0.15869140625,-0.32958984375,0.86669921875,-0.1708984375,-0.59814453125,-0.10986328125,0.9033203125,0.03662109375,0.32958984375,-0.23193359375,2.2216796875,0.10986328125,4.89501953125,-0.08544921875,0.15869140625,-0.25634765625,1.7822265625,-0.1953125,-0.01220703125,-0.08544921875,-0.06103515625,-0.23193359375,-0.244140625,-0.37841796875,-0.72021484375,-0.1220703125,-0.45166015625,0.35400390625,0.76904296875,0.25634765625,7.4951171875,-0.28076171875,1.81884765625,-0.3662109375,0.79345703125,0.10986328125,1.84326171875,-0.3662109375,0.5859375,-0.06103515625,0.4150390625,-0.20751953125,1.15966796875,0.439453125,-0.1708984375,0.25634765625,1.86767578125,-0.0244140625,4.4921875,0.06103515625,1.30615234375,0,1.220703125,-0.2685546875,1.08642578125,0.244140625,0.84228515625,0.048828125,-0.06103515625,-0.13427734375,1.2939453125,0.048828125,-0.74462890625,-0.048828125,0.048828125,0.20751953125,-0.84228515625,0.28076171875,-0.6103515625,-0.10986328125,-1.5625,0.09765625,-0.42724609375,-0.18310546875,-0.57373046875,0.01220703125,-1.18408203125,-0.03662109375,-0.68359375,0.048828125,-0.64697265625,-0.15869140625,-0.6591796875,-0.048828125,-0.0732421875,0.048828125,-0.74462890625,-0.0732421875,-1.513671875,-0.146484375,-1.220703125,0.048828125,0.439453125,0.23193359375,0.30517578125,-0.01220703125,-0.03662109375,-0.0732421875,-0.06103515625,0.01220703125,0.1953125,-0.20751953125,5.13916015625,-0.23193359375,7.9833984375,-0.01220703125,3.60107421875,0.048828125,5.7373046875
1,0.67138671875,-0.1953125,0.1708984375,-0.390625,0.1708984375,-0.4638671875,-0.06103515625,-0.10986328125,0.1220703125,-0.1220703125,-0.06103515625,-0.89111328125,-0.13427734375,1.0498046875,-0.341796875,-0.1708984375,0.0244140625,-0.62255859375,-0.09765625,-0.18310546875,-0.23193359375,0.8544921875,-0.20751953125,-0.5859375,-0.18310546875,0.9033203125,0.048828125,0.341796875,-0.29296875,2.23388671875,0.1220703125,4.91943359375,-0.03662109375,0.1708984375,-0.20751953125,1.79443359375,-0.23193359375,-0.0244140625,-0.10986328125,-0.06103515625,-0.1953125,-0.23193359375,-0.28076171875,-0.72021484375,-0.1708984375,-0.439453125,0.42724609375,0.81787109375,0,7.06787109375,-0.23193359375,1.7578125,-0.37841796875,0.74462890625,-0.01220703125,1.7822265625,-0.439453125,0.5859375,-0.06103515625,0.40283203125,-0.3662109375,1.123046875,0.52490234375,-0.18310546875,0.15869140625,1.7578125,0.0244140625,4.2724609375,0.01220703125,1.1962890625,0.03662109375,1.15966796875,-0.146484375,1.08642578125,0.1953125,0.84228515625,-0.0244140625,-0.0732421875,-0.09765625,1.26953125,0.048828125,-0.6103515625,-0.048828125,0.15869140625,0.341796875,-0.8056640625,0.23193359375,-0.5615234375,-0.09765625,-1.5380859375,0.0732421875,-0.4150390625,-0.2685546875,-0.50048828125,-0.0244140625,-1.15966796875,-0.03662109375,-0.69580078125,-0.0732421875,-0.634765625,-0.1708984375,-0.69580078125,-0.1220703125,-0.048828125,0.0732421875,-0.79345703125,0.01220703125,-1.5380859375,-0.146484375,-1.23291015625,0.0244140625,0.29296875,0.25634765625,0.29296875,-0.0244140625,-0.03662109375,-0.08544921875,-0.048828125,0,0.1953125,-0.244140625,4.57763671875,-0.244140625,7.16552734375,-0.048828125,3.13720703125,0.06103515625,5.09033203125
1,0.67138671875,-0.20751953125,0.15869140625,-0.40283203125,0.1953125,-0.47607421875,-0.06103515625,-0.10986328125,0.13427734375,-0.13427734375,-0.03662109375,-0.91552734375,-0.13427734375,1.07421875,-0.3173828125,-0.18310546875,0.01220703125,-0.59814453125,-0.0732421875,-0.1708984375,-0.20751953125,0.86669921875,-0.1708984375,-0.5859375,-0.244140625,0.91552734375,0.03662109375,0.32958984375,-0.2685546875,2.2216796875,0.1220703125,4.98046875,0.01220703125,0.1220703125,0.01220703125,1.59912109375,-0.2197265625,-0.048828125,-0.13427734375,-0.1220703125,-0.1708984375,-0.20751953125,-0.20751953125,-0.732421875,-0.244140625,-0.42724609375,0.4150390625,0.830078125,-0.1953125,6.54296875,-0.23193359375,1.64794921875,-0.341796875,0.68359375,-0.10986328125,1.6845703125,-0.48828125,0.5615234375,0.01220703125,0.4150390625,-0.3173828125,1.07421875,0.6103515625,-0.18310546875,0.0732421875,1.62353515625,0.13427734375,4.052734375,0,1.123046875,0.0732421875,1.03759765625,-0.0732421875,1.06201171875,0.15869140625,0.830078125,-0.048828125,-0.0732421875,-0.048828125,1.2451171875,-0.0244140625,-0.54931640625,-0.0732421875,0.23193359375,0.45166015625,-0.8056640625,0.2197265625,-0.5126953125,-0.03662109375,-1.50146484375,0.1220703125,-0.390625,-0.1953125,-0.439453125,0,-1.13525390625,-0.06103515625,-0.7080078125,-0.15869140625,-0.64697265625,-0.1220703125,-0.72021484375,-0.1953125,-0.0732421875,0.0244140625,-0.84228515625,0.03662109375,-1.57470703125,-0.1708984375,-1.26953125,-0.01220703125,0.09765625,0.25634765625,0.3173828125,-0.03662109375,-0.03662109375,-0.0732421875,-0.048828125,0.01220703125,0.1953125,-0.23193359375,4.0283203125,-0.25634765625,6.33544921875,-0.0244140625,2.67333984375,0.0244140625,4.38232421875
1,0.59814453125,-0.23193359375,0.1708984375,-0.4150390625,0.1708984375,-0.48828125,-0.0244140625,-0.10986328125,0.1220703125,-0.10986328125,-0.06103515625,-0.91552734375,-0.10986328125,1.07421875,-0.30517578125,-0.18310546875,0.0244140625,-0.6103515625,-0.048828125,-0.1708984375,-0.18310546875,0.86669921875,-0.10986328125,-0.59814453125,-0.3173828125,0.9033203125,0.01220703125,0.32958984375,-0.20751953125,2.20947265625,0.1220703125,4.99267578125,0,0.03662109375,0.1220703125,1.25732421875,-0.23193359375,-0.1220703125,-0.13427734375,-0.244140625,-0.146484375,-0.1953125,-0.1220703125,-0.732421875,-0.29296875,-0.4150390625,0.4638671875,0.8544921875,-0.25634765625,5.9814453125,-0.23193359375,1.5625,-0.341796875,0.59814453125,-0.15869140625,1.57470703125,-0.537109375,0.54931640625,0.01220703125,0.42724609375,-0.25634765625,0.98876953125,0.6591796875,-0.1953125,-0.0244140625,1.46484375,0.244140625,3.77197265625,0,1.03759765625,0.09765625,0.9521484375,-0.0244140625,1.03759765625,0.08544921875,0.86669921875,-0.08544921875,-0.048828125,0,1.2451171875,0.03662109375,-0.54931640625,-0.10986328125,0.244140625,0.4638671875,-0.79345703125,0.15869140625,-0.4638671875,0.01220703125,-1.46484375,0.1220703125,-0.390625,-0.1220703125,-0.4150390625,-0.01220703125,-1.1474609375,-0.13427734375,-0.69580078125,-0.2197265625,-0.67138671875,-0.1220703125,-0.72021484375,-0.244140625,-0.06103515625,0.0244140625,-0.87890625,-0.01220703125,-1.62353515625,-0.1708984375,-1.2939453125,-0.03662109375,-0.06103515625,0.25634765625,0.3173828125,-0.03662109375,-0.03662109375,-0.0732421875,-0.048828125,-0.0244140625,0.15869140625,-0.244140625,3.45458984375,-0.23193359375,5.55419921875,-0.0244140625,2.23388671875,0.03662109375,3.7109375
1,0.54931640625,-0.2685546875,0.1708984375,-0.439453125,0.15869140625,-0.5126953125,-0.01220703125,-0.10986328125,0.1220703125,-0.09765625,-0.0244140625,-0.91552734375,-0.09765625,1.08642578125,-0.30517578125,-0.1953125,0.03662109375,-0.6103515625,-0.0244140625,-0.1708984375,-0.15869140625,0.87890625,-0.048828125,-0.5859375,-0.3173828125,0.87890625,-0.0244140625,0.28076171875,-0.1220703125,2.16064453125,0.09765625,4.89501953125,-0.0244140625,-0.09765625,0.20751953125,0.7568359375,-0.2197265625,-0.1953125,-0.15869140625,-0.40283203125,-0.13427734375,-0.1708984375,-0.0244140625,-0.72021484375,-0.30517578125,-0.42724609375,0.45166015625,0.8544921875,-0.2685546875,5.4931640625,-0.1708984375,1.416015625,-0.35400390625,0.47607421875,-0.20751953125,1.46484375,-0.47607421875,0.57373046875,-0.048828125,0.439453125,-0.244140625,0.91552734375,0.6591796875,-0.1953125,-0.06103515625,1.25732421875,0.30517578125,3.466796875,0.048828125,0.927734375,0.09765625,0.84228515625,-0.03662109375,1.01318359375,0.0732421875,0.8544921875,-0.08544921875,-0.03662109375,0.01220703125,1.20849609375,0.06103515625,-0.6103515625,-0.10986328125,0.20751953125,0.4638671875,-0.81787109375,0.08544921875,-0.4638671875,0.03662109375,-1.46484375,0.13427734375,-0.37841796875,-0.048828125,-0.439453125,0,-1.15966796875,-0.10986328125,-0.67138671875,-0.29296875,-0.68359375,-0.0732421875,-0.67138671875,-0.244140625,-0.06103515625,0.1220703125,-0.89111328125,0.06103515625,-1.64794921875,-0.10986328125,-1.26953125,0.0244140625,-0.1220703125,0.2197265625,0.3173828125,-0.048828125,-0.03662109375,-0.06103515625,-0.01220703125,-0.048828125,0.15869140625,-0.244140625,2.9052734375,-0.244140625,4.87060546875,-0.03662109375,1.81884765625,0.0244140625,3.076171875
1,0.57373046875,-0.28076171875,0.1220703125,-0.439453125,0.146484375,-0.48828125,-0.048828125,-0.10986328125,0.09765625,-0.06103515625,-0.06103515625,-0.927734375,-0.09765625,1.07421875,-0.28076171875,-0.1953125,0.048828125,-0.6103515625,0.03662109375,-0.1708984375,-0.08544921875,0.87890625,0.0244140625,-0.5859375,-0.28076171875,0.8056640625,-0.0732421875,0.2197265625,-0.03662109375,2.0751953125,0.048828125,4.62646484375,-0.01220703125,-0.25634765625,0.2685546875,0.15869140625,-0.20751953125,-0.29296875,-0.1220703125,-0.5859375,-0.1708984375,-0.15869140625,0.03662109375,-0.7080078125,-0.32958984375,-0.45166015625,0.45166015625,0.84228515625,-0.341796875,5.13916015625,-0.13427734375,1.3427734375,-0.35400390625,0.390625,-0.23193359375,1.3916015625,-0.439453125,0.5859375,-0.03662109375,0.439453125,-0.20751953125,0.830078125,0.634765625,-0.20751953125,-0.01220703125,1.08642578125,0.390625,3.1005859375,0.09765625,0.79345703125,0.1220703125,0.72021484375,-0.0732421875,0.9765625,0.0244140625,0.84228515625,-0.03662109375,-0.0244140625,-0.01220703125,1.220703125,0.08544921875,-0.74462890625,-0.1220703125,0.13427734375,0.4638671875,-0.86669921875,0.01220703125,-0.52490234375,0.0244140625,-1.50146484375,0.13427734375,-0.35400390625,0.03662109375,-0.48828125,-0.0244140625,-1.171875,-0.1220703125,-0.6591796875,-0.32958984375,-0.7080078125,0.01220703125,-0.634765625,-0.2685546875,-0.0732421875,0.146484375,-0.89111328125,0.0732421875,-1.67236328125,-0.03662109375,-1.25732421875,0.01220703125,-0.10986328125,0.1953125,0.3173828125,-0.03662109375,-0.0732421875,-0.0732421875,-0.0244140625,-0.048828125,0.1220703125,-0.25634765625,2.392578125,-0.25634765625,4.26025390625,-0.01220703125,1.47705078125,-0.0244140625,2.50244140625
1,0.57373046875,-0.28076171875,0.10986328125,-0.40283203125,0.146484375,-0.4638671875,-0.03662109375,-0.08544921875,0.0732421875,-0.048828125,-0.01220703125,-0.927734375,-0.10986328125,1.08642578125,-0.28076171875,-0.1708984375,0.0732421875,-0.6103515625,0.06103515625,-0.15869140625,-0.048828125,0.84228515625,0.0732421875,-0.57373046875,-0.2197265625,0.7080078125,-0.08544921875,0.09765625,0.0244140625,1.91650390625,-0.01220703125,4.150390625,-0.0244140625,-0.42724609375,0.23193359375,-0.439453125,-0.20751953125,-0.390625,-0.09765625,-0.7568359375,-0.1708984375,-0.1220703125,0.10986328125,-0.69580078125,-0.3662109375,-0.4638671875,0.4638671875,0.830078125,-0.32958984375,4.9072265625,-0.06103515625,1.25732421875,-0.30517578125,0.30517578125,-0.28076171875,1.2939453125,-0.341796875,0.59814453125,-0.06103515625,0.45166015625,-0.341796875,0.79345703125,0.62255859375,-0.20751953125,0.0244140625,0.96435546875,0.35400390625,2.734375,0.146484375,0.67138671875,0.10986328125,0.59814453125,-0.03662109375,0.93994140625,0,0.830078125,0.03662109375,-0.0244140625,-0.08544921875,1.20849609375,0.10986328125,-0.91552734375,-0.08544921875,0.06103515625,0.35400390625,-0.9033203125,-0.03662109375,-0.54931640625,0.0244140625,-1.513671875,0.1220703125,-0.341796875,0.146484375,-0.50048828125,-0.01220703125,-1.171875,-0.146484375,-0.6591796875,-0.29296875,-0.732421875,0.09765625,-0.59814453125,-0.2197265625,-0.06103515625,0.18310546875,-0.86669921875,0.06103515625,-1.6357421875,-0.0244140625,-1.220703125,-0.0244140625,-0.0244140625,0.18310546875,0.30517578125,-0.03662109375,-0.06103515625,-0.0732421875,-0.048828125,-0.06103515625,0.09765625,-0.2197265625,1.96533203125,-0.28076171875,3.7109375,-0.01220703125,1.0986328125,-0.03662109375,1.9775390625
1,0.52490234375,-0.2685546875,0.1220703125,-0.37841796875,0.13427734375,-0.4638671875,-0.048828125,-0.08544921875,0.08544921875,-0.048828125,-0.0244140625,-0.9033203125,-0.10986328125,1.07421875,-0.2685546875,-0.1708984375,0.08544921875,-0.62255859375,0.09765625,-0.15869140625,0,0.86669921875,0.09765625,-0.57373046875,-0.10986328125,0.5615234375,-0.13427734375,-0.03662109375,0.03662109375,1.7333984375,0.048828125,3.50341796875,0,-0.5859375,0.2197265625,-0.96435546875,-0.1708984375,-0.50048828125,-0.08544921875,-0.9033203125,-0.146484375,-0.13427734375,0.20751953125,-0.68359375,-0.3662109375,-0.47607421875,0.4638671875,0.8056640625,-0.32958984375,4.8583984375,-0.06103515625,1.220703125,-0.244140625,0.2197265625,-0.35400390625,1.25732421875,-0.2685546875,0.634765625,-0.09765625,0.45166015625,-0.390625,0.74462890625,0.59814453125,-0.1953125,0.0732421875,0.8056640625,0.341796875,2.35595703125,0.15869140625,0.59814453125,0.048828125,0.5126953125,-0.0732421875,0.93994140625,0.03662109375,0.78125,0.13427734375,-0.01220703125,-0.13427734375,1.23291015625,0.09765625,-1.0498046875,-0.048828125,-0.01220703125,0.25634765625,-0.96435546875,-0.06103515625,-0.59814453125,0.03662109375,-1.513671875,0.10986328125,-0.3173828125,0.2197265625,-0.537109375,0.048828125,-1.15966796875,-0.1708984375,-0.64697265625,-0.244140625,-0.732421875,0.1953125,-0.54931640625,-0.15869140625,-0.06103515625,0.25634765625,-0.81787109375,0.13427734375,-1.5625,0.06103515625,-1.18408203125,0.01220703125,0.13427734375,0.18310546875,0.30517578125,-0.03662109375,-0.0732421875,-0.0732421875,-0.0244140625,-0.06103515625,0.10986328125,-0.1953125,1.5380859375,-0.28076171875,3.1982421875,-0.01220703125,0.79345703125,-0.06103515625,1.50146484375
1,0.47607421875,-0.23193359375,0.15869140625,-0.3662109375,0.15869140625,-0.439453125,-0.06103515625,-0.06103515625,0.10986328125,-0.048828125,-0.06103515625,-0.9033203125,-0.13427734375,1.06201171875,-0.2685546875,-0.15869140625,0.1220703125,-0.62255859375,0.1220703125,-0.146484375,0.01220703125,0.86669921875,0.06103515625,-0.57373046875,-0.0244140625,0.37841796875,-0.13427734375,-0.2197265625,0.048828125,1.50146484375,0.10986328125,2.685546875,0.0244140625,-0.69580078125,0.13427734375,-1.318359375,-0.15869140625,-0.57373046875,-0.09765625,-0.98876953125,-0.1220703125,-0.13427734375,0.29296875,-0.67138671875,-0.37841796875,-0.48828125,0.341796875,0.74462890625,-0.13427734375,4.96826171875,-0.0732421875,1.2451171875,-0.2197265625,0.1953125,-0.4638671875,1.25732421875,-0.20751953125,0.634765625,-0.10986328125,0.4638671875,-0.439453125,0.74462890625,0.54931640625,-0.1708984375,0.09765625,0.732421875,0.2685546875,1.98974609375,0.1708984375,0.48828125,0.06103515625,0.439453125,-0.08544921875,0.86669921875,0.048828125,0.7568359375,0.18310546875,-0.0244140625,-0.1708984375,1.2451171875,0.10986328125,-1.1474609375,-0.03662109375,-0.09765625,0.13427734375,-1.0009765625,-0.0732421875,-0.6103515625,-0.0244140625,-1.50146484375,0.08544921875,-0.30517578125,0.28076171875,-0.5126953125,0.048828125,-1.13525390625,-0.18310546875,-0.6591796875,-0.20751953125,-0.732421875,0.244140625,-0.54931640625,-0.10986328125,-0.08544921875,0.2197265625,-0.732421875,0.1220703125,-1.47705078125,0.048828125,-1.11083984375,-0.01220703125,0.32958984375,0.1708984375,0.30517578125,-0.03662109375,-0.06103515625,-0.0732421875,-0.01220703125,-0.0732421875,0.10986328125,-0.18310546875,1.08642578125,-0.30517578125,2.685546875,0.01220703125,0.4638671875,-0.0732421875,0.98876953125
0,0.4150390625,-0.1708984375,0.15869140625,-0.3662109375,0.15869140625,-0.4150390625,-0.0732421875,-0.0732421875,0.146484375,-0.06103515625,-0.0732421875,-0.89111328125,-0.13427734375,1.0498046875,-0.25634765625,-0.146484375,0.1220703125,-0.634765625,0.1220703125,-0.146484375,-0.01220703125,0.84228515625,0,-0.5859375,0.03662109375,0.18310546875,-0.15869140625,-0.439453125,0.048828125,1.25732421875,0.18310546875,1.806640625,0.01220703125,-0.732421875,-0.01220703125,-1.416015625,-0.146484375,-0.59814453125,-0.09765625,-1.0009765625,-0.1220703125,-0.1708984375,0.37841796875,-0.67138671875,-0.390625,-0.47607421875,0.35400390625,0.7080078125,0.10986328125,5.126953125,-0.0732421875,1.25732421875,-0.13427734375,0.244140625,-0.5126953125,1.2939453125,-0.146484375,0.634765625,-0.13427734375,0.4638671875,-0.4638671875,0.76904296875,0.52490234375,-0.15869140625,0.10986328125,0.64697265625,0.15869140625,1.69677734375,0.15869140625,0.4150390625,0.0732421875,0.37841796875,-0.15869140625,0.830078125,0.0244140625,0.76904296875,0.20751953125,-0.0244140625,-0.23193359375,1.26953125,0.13427734375,-1.18408203125,-0.01220703125,-0.146484375,0,-1.025390625,-0.03662109375,-0.64697265625,-0.0244140625,-1.45263671875,0.0732421875,-0.29296875,0.3662109375,-0.47607421875,0.10986328125,-1.07421875,-0.1953125,-0.6591796875,-0.15869140625,-0.7080078125,0.25634765625,-0.537109375,-0.03662109375,-0.0732421875,0.1953125,-0.634765625,0.146484375,-1.37939453125,0.03662109375,-1.06201171875,0.048828125,0.50048828125,0.1708984375,0.30517578125,-0.01220703125,-0.03662109375,-0.06103515625,-0.0244140625,-0.08544921875,0.13427734375,-0.146484375,0.68359375,-0.3173828125,2.1240234375,0,0.10986328125,-0.0732421875,0.48828125
0,0.32958984375,-0.1220703125,0.1953125,-0.341796875,0.18310546875,-0.40283203125,-0.08544921875,-0.08544921875,0.146484375,-0.048828125,-0.13427734375,-0.9033203125,-0.13427734375,1.0498046875,-0.23193359375,-0.146484375,0.13427734375,-0.6591796875,0.1220703125,-0.15869140625,0.01220703125,0.8544921875,-0.06103515625,-0.59814453125,0.0732421875,-0.0244140625,-0.18310546875,-0.62255859375,0.03662109375,1.01318359375,0.2685546875,0.9521484375,-0.01220703125,-0.68359375,-0.048828125,-1.220703125,-0.1708984375,-0.5615234375,-0.10986328125,-0.91552734375,-0.1220703125,-0.1953125,0.50048828125,-0.69580078125,-0.3662109375,-0.4638671875,0.30517578125,0.6591796875,0.30517578125,5.31005859375,0,1.2939453125,-0.09765625,0.25634765625,-0.62255859375,1.35498046875,-0.10986328125,0.62255859375,-0.13427734375,0.439453125,-0.439453125,0.830078125,0.439453125,-0.15869140625,0.1953125,0.634765625,0.146484375,1.45263671875,0.10986328125,0.37841796875,0.048828125,0.32958984375,-0.2197265625,0.7568359375,0.01220703125,0.7568359375,0.20751953125,-0.03662109375,-0.2685546875,1.30615234375,0.01220703125,-1.171875,0.06103515625,-0.146484375,-0.10986328125,-1.01318359375,0.0732421875,-0.67138671875,-0.08544921875,-1.42822265625,0.048828125,-0.28076171875,0.42724609375,-0.45166015625,0.146484375,-1.03759765625,-0.15869140625,-0.67138671875,-0.15869140625,-0.69580078125,0.244140625,-0.5615234375,0.0244140625,-0.08544921875,0.146484375,-0.537109375,0.15869140625,-1.28173828125,0.03662109375,-1.01318359375,0.1220703125,0.6103515625,0.146484375,0.32958984375,-0.0244140625,-0.048828125,-0.0732421875,-0.048828125,-0.0732421875,0.13427734375,-0.1220703125,0.244140625,-0.30517578125,1.5625,0,-0.25634765625,-0.09765625,-0.03662109375
0,0.2685546875,-0.08544921875,0.18310546875,-0.341796875,0.1953125,-0.40283203125,-0.08544921875,-0.10986328125,0.146484375,-0.0732421875,-0.1708984375,-0.87890625,-0.1708984375,1.07421875,-0.244140625,-0.15869140625,0.13427734375,-0.634765625,0.1220703125,-0.13427734375,-0.0244140625,0.86669921875,-0.09765625,-0.5859375,0.06103515625,-0.1953125,-0.1953125,-0.8056640625,-0.01220703125,0.8056640625,0.341796875,0.2685546875,-0.03662109375,-0.54931640625,-0.1220703125,-0.76904296875,-0.15869140625,-0.47607421875,-0.1220703125,-0.76904296875,-0.1708984375,-0.23193359375,0.5615234375,-0.69580078125,-0.32958984375,-0.4638671875,0.341796875,0.62255859375,0.42724609375,5.4443359375,0.06103515625,1.30615234375,-0.0244140625,0.30517578125,-0.69580078125,1.3916015625,-0.03662109375,0.6103515625,-0.15869140625,0.42724609375,-0.4638671875,0.927734375,0.35400390625,-0.13427734375,0.244140625,0.6103515625,0.08544921875,1.3427734375,0.06103515625,0.35400390625,0.03662109375,0.32958984375,-0.2685546875,0.6591796875,0.01220703125,0.78125,0.1953125,-0.03662109375,-0.25634765625,1.33056640625,-0.01220703125,-1.123046875,0.1220703125,-0.15869140625,-0.15869140625,-1.0009765625,0.1708984375,-0.6591796875,-0.09765625,-1.416015625,0.06103515625,-0.25634765625,0.48828125,-0.40283203125,0.146484375,-0.9765625,-0.15869140625,-0.64697265625,-0.146484375,-0.69580078125,0.1953125,-0.59814453125,0.048828125,-0.0732421875,0.06103515625,-0.42724609375,0.146484375,-1.20849609375,-0.048828125,-0.96435546875,0.10986328125,0.69580078125,0.13427734375,0.35400390625,-0.01220703125,-0.0244140625,-0.06103515625,-0.06103515625,-0.0732421875,0.146484375,-0.09765625,-0.18310546875,-0.30517578125,0.9521484375,-0.0244140625,-0.6103515625,-0.10986328125,-0.54931640625
0,0.35400390625,-0.08544921875,0.18310546875,-0.390625,0.20751953125,-0.40283203125,-0.0732421875,-0.10986328125,0.1220703125,-0.0732421875,-0.20751953125,-0.87890625,-0.1708984375,1.06201171875,-0.2197265625,-0.18310546875,0.13427734375,-0.634765625,0.13427734375,-0.15869140625,-0.10986328125,0.86669921875,-0.10986328125,-0.59814453125,0,-0.29296875,-0.1953125,-0.9033203125,-0.06103515625,0.64697265625,0.4150390625,-0.1953125,-0.06103515625,-0.32958984375,-0.20751953125,-0.08544921875,-0.1708984375,-0.3173828125,-0.09765625,-0.57373046875,-0.1708984375,-0.23193359375,0.64697265625,-0.69580078125,-0.25634765625,-0.42724609375,0.25634765625,0.62255859375,0.5615234375,5.3955078125,0.03662109375,1.28173828125,0.0244140625,0.3173828125,-0.72021484375,1.40380859375,0,0.59814453125,-0.18310546875,0.40283203125,-0.4638671875,1.0498046875,0.25634765625,-0.15869140625,0.29296875,0.64697265625,-0.03662109375,1.40380859375,-0.048828125,0.390625,-0.01220703125,0.3662109375,-0.35400390625,0.5615234375,0,0.81787109375,0.1708984375,-0.048828125,-0.20751953125,1.2939453125,-0.13427734375,-1.0498046875,0.09765625,-0.1220703125,-0.1953125,-0.9765625,0.2197265625,-0.634765625,-0.1220703125,-1.40380859375,0.06103515625,-0.25634765625,0.52490234375,-0.3662109375,0.09765625,-0.98876953125,-0.09765625,-0.6591796875,-0.13427734375,-0.67138671875,0.1220703125,-0.64697265625,0.10986328125,-0.06103515625,0.03662109375,-0.3662109375,0.146484375,-1.123046875,-0.146484375,-0.927734375,0.146484375,0.7080078125,0.1220703125,0.32958984375,0.01220703125,-0.0244140625,-0.0732421875,-0.0732421875,-0.048828125,0.1708984375,-0.146484375,-0.57373046875,-0.37841796875,0.40283203125,-0.0732421875,-0.927734375,-0.1953125,-1.01318359375
0,0.30517578125,-0.09765625,0.18310546875,-0.37841796875,0.2197265625,-0.439453125,-0.0244140625,-0.10986328125,0.08544921875,-0.09765625,-0.20751953125,-0.87890625,-0.15869140625,1.025390625,-0.20751953125,-0.1953125,0.09765625,-0.62255859375,0.13427734375,-0.15869140625,-0.1220703125,0.87890625,-0.1220703125,-0.5859375,-0.06103515625,-0.35400390625,-0.1953125,-0.98876953125,-0.06103515625,0.5615234375,0.439453125,-0.35400390625,-0.10986328125,-0.06103515625,-0.2685546875,0.76904296875,-0.1708984375,-0.1220703125,-0.1220703125,-0.3173828125,-0.18310546875,-0.25634765625,0.634765625,-0.72021484375,-0.15869140625,-0.42724609375,0.244140625,0.59814453125,0.830078125,5.1513671875,0.08544921875,1.2451171875,0.0732421875,0.29296875,-0.69580078125,1.37939453125,0,0.57373046875,-0.23193359375,0.42724609375,-0.390625,1.1474609375,0.13427734375,-0.15869140625,0.29296875,0.7080078125,0,1.6357421875,-0.146484375,0.4638671875,0.0244140625,0.4638671875,-0.3662109375,0.45166015625,0.0244140625,0.81787109375,0.1708984375,-0.06103515625,-0.15869140625,1.30615234375,-0.1953125,-0.9521484375,0.146484375,-0.10986328125,-0.146484375,-0.93994140625,0.25634765625,-0.62255859375,-0.146484375,-1.416015625,0.0732421875,-0.28076171875,0.50048828125,-0.3662109375,0.048828125,-1.0009765625,-0.01220703125,-0.68359375,-0.10986328125,-0.6591796875,0.0244140625,-0.68359375,0.1220703125,-0.048828125,0.03662109375,-0.3173828125,0.10986328125,-1.11083984375,-0.2197265625,-0.89111328125,0.08544921875,0.7080078125,0.10986328125,0.35400390625,0.0244140625,-0.0244140625,-0.08544921875,-0.0732421875,-0.048828125,0.1708984375,-0.08544921875,-0.9033203125,-0.37841796875,-0.03662109375,0,-1.15966796875,-0.15869140625,-1.416015625
0,0.2685546875,-0.1708984375,0.1708984375,-0.390625,0.20751953125,-0.439453125,0,-0.09765625,0.08544921875,-0.10986328125,-0.2197265625,-0.86669921875,-0.146484375,1.0498046875,-0.1953125,-0.18310546875,0.0732421875,-0.6103515625,0.15869140625,-0.146484375,-0.2197265625,0.86669921875,-0.08544921875,-0.62255859375,-0.1953125,-0.3173828125,-0.2197265625,-0.9765625,-0.08544921875,0.59814453125,0.2197265625,-0.1953125,-0.10986328125,0.23193359375,-0.18310546875,1.6845703125,-0.1953125,0.08544921875,-0.10986328125,-0.0732421875,-0.15869140625,-0.28076171875,0.57373046875,-0.74462890625,-0.06103515625,-0.4150390625,0.244140625,0.67138671875,0.81787109375,4.69970703125,0.0732421875,1.13525390625,0.10986328125,0.244140625,-0.59814453125,1.30615234375,-0.048828125,0.5615234375,-0.20751953125,0.40283203125,-0.50048828125,1.2451171875,0.048828125,-0.1708984375,0.20751953125,0.84228515625,0.03662109375,2.08740234375,-0.23193359375,0.6103515625,-0.01220703125,0.5859375,-0.341796875,0.390625,-0.0244140625,0.86669921875,0.1708984375,-0.048828125,-0.048828125,1.2939453125,-0.1708984375,-0.89111328125,0.146484375,-0.08544921875,-0.03662109375,-0.9033203125,0.28076171875,-0.59814453125,-0.1708984375,-1.4404296875,0.0732421875,-0.3173828125,0.5859375,-0.3662109375,-0.048828125,-1.03759765625,0.01220703125,-0.67138671875,-0.08544921875,-0.67138671875,-0.048828125,-0.69580078125,0.09765625,-0.03662109375,0.01220703125,-0.3173828125,0.1220703125,-1.0986328125,-0.25634765625,-0.8544921875,0.0244140625,0.64697265625,0.08544921875,0.3662109375,0.0244140625,-0.01220703125,-0.08544921875,-0.048828125,-0.06103515625,0.18310546875,-0.06103515625,-1.15966796875,-0.35400390625,-0.341796875,0,-1.30615234375,-0.15869140625,-1.708984375
0,0.23193359375,-0.23193359375,0.146484375,-0.40283203125,0.20751953125,-0.48828125,0.0244140625,-0.10986328125,0.03662109375,-0.09765625,-0.2197265625,-0.86669921875,-0.13427734375,1.03759765625,-0.1953125,-0.1708984375,0,-0.5859375,0.146484375,-0.146484375,-0.29296875,0.87890625,-0.0732421875,-0.59814453125,-0.30517578125,-0.1953125,-0.28076171875,-0.86669921875,-0.09765625,0.72021484375,0.2197265625,0.28076171875,-0.09765625,0.5126953125,-0.08544921875,2.587890625,-0.1708984375,0.2685546875,-0.15869140625,0.20751953125,-0.10986328125,-0.2685546875,0.4638671875,-0.7080078125,-0.0244140625,-0.439453125,0.2685546875,0.7080078125,1.01318359375,4.06494140625,0.0244140625,0.98876953125,0.09765625,0.146484375,-0.47607421875,1.1962890625,-0.08544921875,0.5859375,-0.15869140625,0.4150390625,-0.50048828125,1.33056640625,0.01220703125,-0.15869140625,0.2197265625,1.03759765625,-0.0244140625,2.67333984375,-0.23193359375,0.76904296875,-0.03662109375,0.7568359375,-0.30517578125,0.2685546875,-0.048828125,0.89111328125,0.15869140625,-0.048828125,0.0732421875,1.26953125,-0.20751953125,-0.86669921875,0.06103515625,-0.09765625,0.0244140625,-0.9033203125,0.18310546875,-0.6103515625,-0.1708984375,-1.4892578125,0.0732421875,-0.35400390625,0.62255859375,-0.40283203125,-0.06103515625,-1.06201171875,0.01220703125,-0.68359375,-0.0732421875,-0.68359375,-0.09765625,-0.7080078125,0.06103515625,-0.01220703125,0.01220703125,-0.30517578125,0.0732421875,-1.0986328125,-0.25634765625,-0.8544921875,0.0244140625,0.5859375,0.08544921875,0.35400390625,0.0244140625,-0.01220703125,-0.0732421875,-0.06103515625,-0.048828125,0.1708984375,-0.01220703125,-1.2939453125,-0.3173828125,-0.47607421875,0,-1.3916015625,-0.18310546875,-1.81884765625
0,0.1953125,-0.30517578125,0.146484375,-0.390625,0.1953125,-0.48828125,0.06103515625,-0.09765625,0.0244140625,-0.09765625,-0.23193359375,-0.8544921875,-0.09765625,1.0498046875,-0.1953125,-0.15869140625,-0.03662109375,-0.57373046875,0.1220703125,-0.1708984375,-0.28076171875,0.87890625,-0.06103515625,-0.59814453125,-0.4150390625,0.0244140625,-0.29296875,-0.69580078125,-0.10986328125,0.927734375,0.1953125,1.01318359375,-0.1220703125,0.732421875,-0.0244140625,3.3447265625,-0.146484375,0.439453125,-0.1953125,0.4150390625,-0.06103515625,-0.25634765625,0.3662109375,-0.72021484375,0,-0.4150390625,0.30517578125,0.78125,1.0009765625,3.28369140625,0.01220703125,0.81787109375,0.10986328125,0.03662109375,-0.439453125,1.0498046875,-0.13427734375,0.59814453125,-0.15869140625,0.42724609375,-0.390625,1.37939453125,-0.01220703125,-0.1708984375,0.2197265625,1.2451171875,-0.15869140625,3.41796875,-0.23193359375,0.98876953125,-0.0732421875,0.9765625,-0.244140625,0.18310546875,0,0.89111328125,0.1708984375,-0.048828125,0.15869140625,1.25732421875,-0.15869140625,-0.86669921875,0.06103515625,-0.1220703125,0.1220703125,-0.89111328125,0.1220703125,-0.634765625,-0.13427734375,-1.52587890625,0.0732421875,-0.3662109375,0.57373046875,-0.40283203125,-0.09765625,-1.123046875,-0.03662109375,-0.68359375,-0.048828125,-0.69580078125,-0.08544921875,-0.68359375,-0.048828125,-0.01220703125,0.06103515625,-0.341796875,0.03662109375,-1.123046875,-0.244140625,-0.86669921875,-0.0244140625,0.52490234375,0.048828125,0.35400390625,0.01220703125,-0.01220703125,-0.0732421875,-0.03662109375,-0.06103515625,0.18310546875,-0.0244140625,-1.318359375,-0.30517578125,-0.40283203125,0.01220703125,-1.33056640625,-0.1708984375,-1.806640625
0,0.048828125,-0.35400390625,0.1220703125,-0.4150390625,0.20751953125,-0.5126953125,0.0732421875,-0.09765625,0.01220703125,-0.09765625,-0.23193359375,-0.8544921875,-0.0732421875,1.06201171875,-0.1953125,-0.18310546875,-0.06103515625,-0.57373046875,0.13427734375,-0.15869140625,-0.2197265625,0.86669921875,-0.0732421875,-0.59814453125,-0.5126953125,0.23193359375,-0.30517578125,-0.50048828125,-0.13427734375,1.220703125,0.0244140625,1.9287109375,-0.0732421875,0.93994140625,-0.048828125,3.91845703125,-0.10986328125,0.62255859375,-0.15869140625,0.57373046875,0.0244140625,-0.244140625,0.30517578125,-0.732421875,0,-0.4150390625,0.2685546875,0.84228515625,0.81787109375,2.50244140625,0.01220703125,0.634765625,0.15869140625,-0.08544921875,-0.3173828125,0.91552734375,-0.146484375,0.6103515625,-0.09765625,0.45166015625,-0.30517578125,1.3427734375,0,-0.1708984375,0.244140625,1.5625,-0.23193359375,4.248046875,-0.1953125,1.2451171875,-0.09765625,1.1962890625,-0.23193359375,0.1220703125,0.048828125,0.89111328125,0.1953125,-0.01220703125,0.2197265625,1.25732421875,-0.13427734375,-0.9033203125,0.03662109375,-0.1708984375,0.15869140625,-0.89111328125,0.048828125,-0.67138671875,-0.08544921875,-1.5380859375,0.01220703125,-0.390625,0.48828125,-0.341796875,-0.1220703125,-1.123046875,-0.09765625,-0.68359375,-0.06103515625,-0.7080078125,-0.03662109375,-0.634765625,-0.146484375,-0.0244140625,0.048828125,-0.3662109375,0.01220703125,-1.13525390625,-0.1708984375,-0.9033203125,-0.03662109375,0.50048828125,0.03662109375,0.341796875,0.01220703125,-0.0244140625,-0.08544921875,-0.01220703125,-0.06103515625,0.1953125,-0.03662109375,-1.20849609375,-0.28076171875,-0.1953125,0.01220703125,-1.1962890625,-0.1708984375,-1.6357421875
0,0.06103515625,-0.37841796875,0.13427734375,-0.390625,0.20751953125,-0.48828125,0.0732421875,-0.08544921875,0,-0.0732421875,-0.23193359375,-0.8544921875,-0.048828125,1.06201171875,-0.146484375,-0.1708984375,-0.06103515625,-0.57373046875,0.10986328125,-0.1708984375,-0.15869140625,0.84228515625,-0.09765625,-0.6103515625,-0.537109375,0.5126953125,-0.29296875,-0.244140625,-0.20751953125,1.57470703125,0.048828125,2.9541015625,-0.01220703125,1.06201171875,-0.048828125,4.2724609375,-0.08544921875,0.72021484375,-0.20751953125,0.69580078125,0.048828125,-0.2197265625,0.28076171875,-0.732421875,-0.0244140625,-0.439453125,0.23193359375,0.9033203125,0.732421875,1.77001953125,0.06103515625,0.4638671875,0.18310546875,-0.20751953125,-0.25634765625,0.79345703125,-0.18310546875,0.634765625,-0.09765625,0.45166015625,-0.25634765625,1.2939453125,0.01220703125,-0.1708984375,0.23193359375,1.91650390625,-0.20751953125,5.078125,-0.146484375,1.4892578125,-0.15869140625,1.4404296875,-0.15869140625,0.08544921875,0.10986328125,0.89111328125,0.28076171875,-0.01220703125,0.244140625,1.23291015625,-0.10986328125,-0.9521484375,-0.01220703125,-0.23193359375,0.18310546875,-0.89111328125,0.01220703125,-0.72021484375,0.01220703125,-1.52587890625,-0.0244140625,-0.3662109375,0.3173828125,-0.1708984375,-0.09765625,-1.13525390625,-0.1220703125,-0.69580078125,-0.06103515625,-0.7080078125,0,-0.62255859375,-0.2197265625,-0.03662109375,0,-0.4150390625,0,-1.171875,-0.08544921875,-0.927734375,-0.08544921875,0.4638671875,0.03662109375,0.341796875,0.0244140625,-0.048828125,-0.06103515625,0,-0.048828125,0.146484375,-0.0244140625,-1.01318359375,-0.2685546875,0.13427734375,-0.01220703125,-0.96435546875,-0.15869140625,-1.35498046875
0,-0.03662109375,-0.3662109375,0.13427734375,-0.40283203125,0.20751953125,-0.47607421875,0.048828125,-0.08544921875,0.0244140625,-0.048828125,-0.2197265625,-0.87890625,-0.06103515625,1.06201171875,-0.10986328125,-0.18310546875,-0.03662109375,-0.5859375,0.08544921875,-0.15869140625,-0.048828125,0.830078125,-0.1708984375,-0.59814453125,-0.57373046875,0.79345703125,-0.244140625,0.03662109375,-0.30517578125,1.9287109375,-0.01220703125,4.0283203125,0.08544921875,1.11083984375,-0.03662109375,4.39453125,-0.0732421875,0.76904296875,-0.28076171875,0.72021484375,0.1220703125,-0.20751953125,0.29296875,-0.72021484375,-0.048828125,-0.4638671875,0.30517578125,0.93994140625,0.5859375,1.20849609375,0.08544921875,0.35400390625,0.29296875,-0.2685546875,-0.1953125,0.68359375,-0.2197265625,0.64697265625,-0.0732421875,0.45166015625,-0.09765625,1.15966796875,0,-0.1708984375,0.15869140625,2.25830078125,-0.13427734375,5.84716796875,-0.0244140625,1.72119140625,-0.2685546875,1.66015625,-0.146484375,0.06103515625,0.20751953125,0.87890625,0.341796875,0,0.20751953125,1.2451171875,-0.10986328125,-0.9765625,-0.03662109375,-0.25634765625,0.06103515625,-0.91552734375,-0.01220703125,-0.7568359375,0.0732421875,-1.4404296875,-0.06103515625,-0.30517578125,0.1220703125,0.1220703125,-0.08544921875,-1.03759765625,-0.1708984375,-0.7080078125,-0.10986328125,-0.68359375,0.0732421875,-0.57373046875,-0.2685546875,-0.06103515625,-0.01220703125,-0.42724609375,0.01220703125,-1.18408203125,0,-0.96435546875,-0.0732421875,0.4638671875,0.01220703125,0.3173828125,0,-0.03662109375,-0.0732421875,-0.01220703125,-0.03662109375,0.1220703125,-0.048828125,-0.79345703125,-0.2685546875,0.50048828125,-0.03662109375,-0.74462890625,-0.15869140625,-1.03759765625
0,-0.048828125,-0.32958984375,0.13427734375,-0.390625,0.1953125,-0.4638671875,0.048828125,-0.06103515625,0.06103515625,-0.03662109375,-0.2197265625,-0.89111328125,-0.048828125,1.06201171875,-0.10986328125,-0.18310546875,0,-0.59814453125,0.0732421875,-0.146484375,-0.01220703125,0.81787109375,-0.18310546875,-0.6103515625,-0.57373046875,1.06201171875,-0.23193359375,0.341796875,-0.40283203125,2.28271484375,0.09765625,5.06591796875,0.13427734375,1.03759765625,0.03662109375,4.30908203125,-0.0732421875,0.74462890625,-0.29296875,0.68359375,0.09765625,-0.1953125,0.32958984375,-0.69580078125,-0.06103515625,-0.47607421875,0.3662109375,0.96435546875,0.5859375,0.87890625,0.03662109375,0.29296875,0.3662109375,-0.3173828125,-0.1220703125,0.62255859375,-0.2197265625,0.634765625,-0.048828125,0.45166015625,-0.03662109375,1.01318359375,0,-0.13427734375,0.13427734375,2.55126953125,-0.2685546875,6.48193359375,0.06103515625,1.94091796875,-0.35400390625,1.84326171875,-0.20751953125,0.09765625,0.25634765625,0.8544921875,0.4150390625,-0.01220703125,0.18310546875,1.26953125,-0.0732421875,-0.98876953125,-0.03662109375,-0.244140625,-0.048828125,-0.9033203125,-0.0244140625,-0.76904296875,0.10986328125,-1.2939453125,-0.10986328125,-0.18310546875,0.13427734375,0.59814453125,-0.048828125,-0.84228515625,-0.1953125,-0.7080078125,-0.1220703125,-0.67138671875,0.13427734375,-0.57373046875,-0.28076171875,-0.0732421875,-0.048828125,-0.4150390625,-0.01220703125,-1.18408203125,0.048828125,-0.9765625,-0.0244140625,0.47607421875,-0.01220703125,0.30517578125,0,-0.048828125,-0.08544921875,-0.01220703125,-0.03662109375,0.13427734375,-0.0732421875,-0.537109375,-0.20751953125,0.8056640625,-0.0732421875,-0.5615234375,-0.15869140625,-0.7568359375
0,-0.09765625,-0.29296875,0.146484375,-0.3662109375,0.20751953125,-0.4638671875,0.03662109375,-0.0732421875,0.06103515625,-0.0244140625,-0.23193359375,-0.9033203125,-0.08544921875,1.03759765625,-0.0244140625,-0.15869140625,0.048828125,-0.5859375,0.048828125,-0.13427734375,0,0.8544921875,-0.1953125,-0.6103515625,-0.5615234375,1.33056640625,-0.1708984375,0.5859375,-0.439453125,2.6123046875,0.20751953125,6.0302734375,0.18310546875,0.96435546875,0.0732421875,4.04052734375,-0.09765625,0.68359375,-0.29296875,0.6103515625,0,-0.1953125,0.3662109375,-0.69580078125,-0.048828125,-0.47607421875,0.32958984375,0.9521484375,0.64697265625,0.89111328125,0.0244140625,0.29296875,0.4150390625,-0.30517578125,-0.08544921875,0.6103515625,-0.244140625,0.634765625,-0.06103515625,0.439453125,0.09765625,0.86669921875,0.03662109375,-0.1220703125,0.10986328125,2.8076171875,-0.390625,6.884765625,0.10986328125,2.05078125,-0.37841796875,1.9775390625,-0.28076171875,0.10986328125,0.28076171875,0.830078125,0.42724609375,0.01220703125,0.1220703125,1.25732421875,0.06103515625,-0.9521484375,-0.08544921875,-0.20751953125,-0.1953125,-0.91552734375,-0.01220703125,-0.732421875,0.13427734375,-1.08642578125,-0.13427734375,-0.0244140625,0.06103515625,1.20849609375,-0.03662109375,-0.62255859375,-0.20751953125,-0.72021484375,-0.1220703125,-0.64697265625,0.15869140625,-0.5615234375,-0.28076171875,-0.08544921875,-0.0244140625,-0.42724609375,-0.03662109375,-1.18408203125,0.1220703125,-0.98876953125,0.01220703125,0.48828125,-0.03662109375,0.28076171875,-0.01220703125,-0.06103515625,-0.06103515625,-0.03662109375,-0.06103515625,0.10986328125,-0.0732421875,-0.341796875,-0.15869140625,1.0009765625,-0.0732421875,-0.45166015625,-0.146484375,-0.52490234375
1,-0.20751953125,-0.25634765625,0.146484375,-0.35400390625,0.1708984375,-0.439453125,0.03662109375,-0.048828125,0.09765625,-0.03662109375,-0.2197265625,-0.9033203125,-0.09765625,1.025390625,0,-0.146484375,0.09765625,-0.6103515625,0.048828125,-0.13427734375,0,0.8544921875,-0.20751953125,-0.6103515625,-0.50048828125,1.55029296875,-0.10986328125,0.81787109375,-0.4150390625,2.9052734375,0.146484375,6.8603515625,0.1708984375,0.84228515625,0.13427734375,3.64990234375,-0.1220703125,0.57373046875,-0.25634765625,0.48828125,-0.09765625,-0.1953125,0.42724609375,-0.68359375,-0.0244140625,-0.4638671875,0.25634765625,0.91552734375,0.7080078125,1.1962890625,0.01220703125,0.37841796875,0.40283203125,-0.244140625,0.0732421875,0.67138671875,-0.23193359375,0.62255859375,-0.10986328125,0.42724609375,0.1708984375,0.732421875,0.06103515625,-0.13427734375,0.1220703125,2.9296875,-0.42724609375,7.03125,0.13427734375,2.11181640625,-0.3662109375,2.01416015625,-0.35400390625,0.1220703125,0.28076171875,0.81787109375,0.40283203125,0,0.06103515625,1.28173828125,0.06103515625,-0.89111328125,-0.08544921875,-0.15869140625,-0.32958984375,-0.9033203125,-0.0244140625,-0.7080078125,0.08544921875,-0.830078125,-0.15869140625,0.1953125,0.0244140625,1.94091796875,-0.06103515625,-0.30517578125,-0.1953125,-0.72021484375,-0.1220703125,-0.64697265625,0.20751953125,-0.57373046875,-0.244140625,-0.08544921875,0.03662109375,-0.40283203125,-0.06103515625,-1.18408203125,0.15869140625,-1.01318359375,0.10986328125,0.50048828125,-0.06103515625,0.30517578125,-0.03662109375,-0.03662109375,-0.08544921875,-0.06103515625,-0.048828125,0.09765625,-0.10986328125,-0.2197265625,-0.2197265625,1.08642578125,-0.06103515625,-0.390625,-0.1220703125,-0.390625
1,-0.2197265625,-0.244140625,0.08544921875,-0.341796875,0.15869140625,-0.42724609375,-0.01220703125,-0.03662109375,0.048828125,-0.03662109375,-0.23193359375,-0.927734375,-0.146484375,1.01318359375,0.048828125,-0.10986328125,0.10986328125,-0.59814453125,0.06103515625,-0.1220703125,-0.06103515625,0.8544921875,-0.1708984375,-0.6103515625,-0.4150390625,1.72119140625,-0.048828125,1.01318359375,-0.37841796875,3.125,0,7.53173828125,0.1220703125,0.68359375,0.13427734375,3.21044921875,-0.1708984375,0.42724609375,-0.23193359375,0.3662109375,-0.20751953125,-0.23193359375,0.4638671875,-0.67138671875,-0.048828125,-0.47607421875,0.18310546875,0.8544921875,0.72021484375,1.74560546875,0.03662109375,0.50048828125,0.35400390625,-0.15869140625,0.18310546875,0.79345703125,-0.2197265625,0.59814453125,-0.146484375,0.42724609375,0.2197265625,0.6103515625,0.1220703125,-0.13427734375,0.1953125,2.94189453125,-0.37841796875,6.9091796875,0.146484375,2.08740234375,-0.29296875,1.953125,-0.37841796875,0.13427734375,0.28076171875,0.8056640625,0.341796875,0.01220703125,0,1.318359375,0.1708984375,-0.830078125,-0.0732421875,-0.0732421875,-0.390625,-0.9033203125,-0.0244140625,-0.67138671875,0.06103515625,-0.54931640625,-0.146484375,0.45166015625,0.1220703125,2.69775390625,-0.048828125,0.01220703125,-0.20751953125,-0.732421875,-0.13427734375,-0.634765625,0.23193359375,-0.59814453125,-0.18310546875,-0.10986328125,0.048828125,-0.37841796875,-0.06103515625,-1.171875,0.146484375,-1.0009765625,0.2197265625,0.50048828125,-0.06103515625,0.28076171875,-0.048828125,-0.03662109375,-0.06103515625,-0.0732421875,-0.048828125,0.10986328125,-0.048828125,-0.20751953125,-0.146484375,1.025390625,-0.048828125,-0.42724609375,-0.09765625,-0.40283203125
1,-0.28076171875,-0.20751953125,0.0732421875,-0.341796875,0.15869140625,-0.40283203125,-0.01220703125,-0.048828125,0.03662109375,-0.03662109375,-0.2197265625,-0.927734375,-0.1708984375,1.0009765625,0.06103515625,-0.13427734375,0.146484375,-0.62255859375,0.048828125,-0.10986328125,-0.08544921875,0.87890625,-0.15869140625,-0.6103515625,-0.32958984375,1.8310546875,-0.048828125,1.1474609375,-0.3173828125,3.28369140625,-0.09765625,8.02001953125,0.03662109375,0.48828125,0.10986328125,2.74658203125,-0.2197265625,0.28076171875,-0.25634765625,0.2197265625,-0.2685546875,-0.244140625,0.439453125,-0.7080078125,-0.08544921875,-0.439453125,0.146484375,0.7568359375,0.6591796875,2.55126953125,0.06103515625,0.68359375,0.29296875,-0.0244140625,0.2197265625,0.9521484375,-0.1708984375,0.5859375,-0.146484375,0.4150390625,0.28076171875,0.52490234375,0.20751953125,-0.1220703125,0.23193359375,2.8076171875,-0.28076171875,6.54296875,0.13427734375,1.96533203125,-0.25634765625,1.8310546875,-0.30517578125,0.18310546875,0.3173828125,0.8544921875,0.2685546875,0,-0.0244140625,1.30615234375,0.08544921875,-0.79345703125,-0.03662109375,0,-0.35400390625,-0.87890625,-0.0244140625,-0.62255859375,0,-0.244140625,-0.146484375,0.7080078125,0.18310546875,3.47900390625,-0.0732421875,0.3662109375,-0.23193359375,-0.72021484375,-0.13427734375,-0.62255859375,0.244140625,-0.634765625,-0.13427734375,-0.09765625,0.03662109375,-0.4150390625,-0.1708984375,-1.15966796875,0.08544921875,-1.01318359375,0.23193359375,0.47607421875,-0.08544921875,0.28076171875,-0.0732421875,-0.01220703125,-0.0732421875,-0.0732421875,-0.03662109375,0.13427734375,-0.13427734375,-0.244140625,-0.2685546875,0.8544921875,-0.09765625,-0.50048828125,-0.18310546875,-0.48828125
1,-0.3173828125,-0.2197265625,0.0244140625,-0.3662109375,0.146484375,-0.40283203125,0.01220703125,-0.0732421875,0,-0.06103515625,-0.18310546875,-0.9521484375,-0.1708984375,1.025390625,0.048828125,-0.146484375,0.146484375,-0.6103515625,0.0732421875,-0.1220703125,-0.13427734375,0.86669921875,-0.146484375,-0.62255859375,-0.244140625,1.89208984375,-0.06103515625,1.20849609375,-0.25634765625,3.3447265625,-0.1708984375,8.30078125,-0.048828125,0.35400390625,0.03662109375,2.28271484375,-0.28076171875,0.18310546875,-0.20751953125,0.0732421875,-0.28076171875,-0.244140625,0.37841796875,-0.72021484375,-0.1220703125,-0.439453125,0.1220703125,0.69580078125,0.68359375,3.4423828125,0.06103515625,0.89111328125,0.244140625,0.1220703125,0.23193359375,1.123046875,-0.13427734375,0.5615234375,-0.09765625,0.42724609375,0.341796875,0.47607421875,0.3173828125,-0.13427734375,0.2685546875,2.5390625,-0.18310546875,5.95703125,0.08544921875,1.7578125,-0.2197265625,1.64794921875,-0.244140625,0.23193359375,0.32958984375,0.830078125,0.18310546875,0.01220703125,-0.06103515625,1.33056640625,0.03662109375,-0.732421875,0.03662109375,0.0732421875,-0.2685546875,-0.8544921875,0,-0.57373046875,0,0.01220703125,-0.13427734375,0.9765625,0.1708984375,4.23583984375,-0.06103515625,0.7080078125,-0.23193359375,-0.69580078125,-0.09765625,-0.634765625,0.1953125,-0.67138671875,-0.03662109375,-0.0732421875,0.06103515625,-0.42724609375,-0.146484375,-1.1962890625,0.0244140625,-1.025390625,0.29296875,0.4638671875,-0.1220703125,0.30517578125,-0.08544921875,-0.01220703125,-0.0732421875,-0.10986328125,-0.03662109375,0.146484375,-0.10986328125,-0.35400390625,-0.29296875,0.6591796875,-0.06103515625,-0.62255859375,-0.13427734375,-0.6591796875
1,-0.30517578125,-0.25634765625,0.01220703125,-0.390625,0.146484375,-0.40283203125,0.03662109375,-0.06103515625,-0.01220703125,-0.06103515625,-0.15869140625,-0.927734375,-0.15869140625,1.03759765625,0.048828125,-0.1708984375,0.15869140625,-0.59814453125,0.0244140625,-0.146484375,-0.1220703125,0.89111328125,-0.1708984375,-0.62255859375,-0.146484375,1.8798828125,-0.0732421875,1.1962890625,-0.18310546875,3.33251953125,-0.18310546875,8.3251953125,-0.146484375,0.23193359375,-0.01220703125,1.85546875,-0.29296875,0.08544921875,-0.18310546875,-0.048828125,-0.28076171875,-0.23193359375,0.25634765625,-0.72021484375,-0.18310546875,-0.42724609375,0.048828125,0.62255859375,0.84228515625,4.40673828125,0.1220703125,1.0986328125,0.18310546875,0.29296875,0.20751953125,1.318359375,-0.1708984375,0.57373046875,-0.0244140625,0.439453125,0.390625,0.50048828125,0.40283203125,-0.15869140625,0.2197265625,2.1728515625,-0.06103515625,5.23681640625,0.048828125,1.5380859375,-0.13427734375,1.40380859375,-0.1220703125,0.244140625,0.2685546875,0.830078125,0.10986328125,0.01220703125,-0.0732421875,1.2939453125,0.0244140625,-0.7080078125,0.08544921875,0.09765625,-0.09765625,-0.87890625,0.01220703125,-0.52490234375,-0.10986328125,0.20751953125,-0.13427734375,1.171875,0.1708984375,4.8583984375,-0.03662109375,0.96435546875,-0.20751953125,-0.7080078125,-0.06103515625,-0.64697265625,0.10986328125,-0.67138671875,0.048828125,-0.048828125,0.03662109375,-0.47607421875,-0.1220703125,-1.220703125,-0.06103515625,-1.0009765625,0.2685546875,0.439453125,-0.146484375,0.3173828125,-0.08544921875,-0.01220703125,-0.08544921875,-0.09765625,-0.01220703125,0.15869140625,-0.03662109375,-0.48828125,-0.18310546875,0.439453125,-0.03662109375,-0.732421875,-0.10986328125,-0.84228515625
1,-0.35400390625,-0.30517578125,0,-0.4150390625,0.146484375,-0.40283203125,0.0732421875,-0.08544921875,-0.0244140625,-0.08544921875,-0.1220703125,-0.93994140625,-0.146484375,1.0498046875,0.048828125,-0.1708984375,0.1220703125,-0.59814453125,0.01220703125,-0.15869140625,-0.08544921875,0.86669921875,-0.1953125,-0.59814453125,-0.0732421875,1.7822265625,-0.1708984375,1.11083984375,-0.09765625,3.2470703125,-0.18310546875,8.09326171875,-0.20751953125,0.1220703125,-0.10986328125,1.47705078125,-0.32958984375,0,-0.1953125,-0.1708984375,-0.2197265625,-0.20751953125,0.10986328125,-0.72021484375,-0.23193359375,-0.42724609375,0.048828125,0.6103515625,0.9521484375,5.3466796875,0.1953125,1.2939453125,0.1220703125,0.4150390625,0.1953125,1.47705078125,-0.18310546875,0.5859375,0.048828125,0.45166015625,0.37841796875,0.5615234375,0.47607421875,-0.1708984375,0.1220703125,1.79443359375,0.03662109375,4.47998046875,0.01220703125,1.28173828125,-0.06103515625,1.15966796875,-0.0244140625,0.2685546875,0.20751953125,0.89111328125,0.03662109375,0.0244140625,-0.06103515625,1.28173828125,-0.08544921875,-0.7080078125,0.13427734375,0.09765625,0.03662109375,-0.89111328125,0.0244140625,-0.537109375,-0.1953125,0.3662109375,-0.146484375,1.318359375,0.146484375,5.26123046875,-0.048828125,1.13525390625,-0.1708984375,-0.69580078125,-0.03662109375,-0.6591796875,0.0244140625,-0.67138671875,0.08544921875,-0.03662109375,-0.0244140625,-0.537109375,-0.09765625,-1.26953125,-0.146484375,-1.025390625,0.146484375,0.40283203125,-0.15869140625,0.30517578125,-0.10986328125,-0.01220703125,-0.06103515625,-0.0732421875,-0.01220703125,0.15869140625,-0.08544921875,-0.5859375,-0.29296875,0.28076171875,-0.09765625,-0.79345703125,-0.1708984375,-0.927734375
1,-0.40283203125,-0.341796875,0,-0.4150390625,0.13427734375,-0.42724609375,0.0732421875,-0.09765625,-0.06103515625,-0.08544921875,-0.1220703125,-0.927734375,-0.146484375,1.06201171875,0.048828125,-0.1953125,0.08544921875,-0.5859375,-0.01220703125,-0.13427734375,-0.0244140625,0.86669921875,-0.23193359375,-0.62255859375,-0.0244140625,1.611328125,-0.2197265625,0.9765625,-0.03662109375,3.1005859375,-0.18310546875,7.5927734375,-0.1953125,0,-0.13427734375,1.0986328125,-0.3662109375,-0.08544921875,-0.244140625,-0.2685546875,-0.18310546875,-0.18310546875,0.01220703125,-0.7080078125,-0.29296875,-0.4150390625,0.13427734375,0.59814453125,0.9033203125,6.18896484375,0.244140625,1.4892578125,0.09765625,0.5126953125,0.18310546875,1.62353515625,-0.25634765625,0.6103515625,0.09765625,0.439453125,0.42724609375,0.64697265625,0.5126953125,-0.18310546875,0.048828125,1.3671875,0.0732421875,3.7109375,0,1.01318359375,-0.01220703125,0.91552734375,0.0244140625,0.29296875,0.146484375,0.9033203125,-0.0244140625,0.01220703125,-0.01220703125,1.28173828125,-0.048828125,-0.72021484375,0.20751953125,0.06103515625,0.1708984375,-0.9033203125,0.0244140625,-0.5859375,-0.244140625,0.390625,-0.15869140625,1.37939453125,0.10986328125,5.48095703125,-0.0732421875,1.20849609375,-0.09765625,-0.69580078125,-0.06103515625,-0.68359375,-0.08544921875,-0.634765625,0.10986328125,-0.03662109375,0.0244140625,-0.59814453125,-0.0244140625,-1.33056640625,-0.2197265625,-1.0498046875,0.1220703125,0.37841796875,-0.18310546875,0.30517578125,-0.10986328125,-0.0244140625,-0.06103515625,-0.0732421875,-0.01220703125,0.146484375,-0.048828125,-0.634765625,-0.28076171875,0.23193359375,-0.06103515625,-0.76904296875,-0.13427734375,-0.9521484375
1,-0.4150390625,-0.37841796875,0.0244140625,-0.40283203125,0.146484375,-0.439453125,0.0732421875,-0.09765625,-0.1220703125,-0.0732421875,-0.10986328125,-0.93994140625,-0.13427734375,1.08642578125,0.06103515625,-0.1708984375,0.0732421875,-0.59814453125,-0.08544921875,-0.13427734375,0.1220703125,0.87890625,-0.29296875,-0.62255859375,0.01220703125,1.40380859375,-0.32958984375,0.79345703125,-0.0244140625,2.880859375,-0.18310546875,6.884765625,-0.1953125,-0.10986328125,-0.1708984375,0.74462890625,-0.30517578125,-0.146484375,-0.29296875,-0.37841796875,-0.09765625,-0.15869140625,-0.09765625,-0.72021484375,-0.35400390625,-0.45166015625,0.1953125,0.62255859375,0.8544921875,6.8603515625,0.30517578125,1.64794921875,0.048828125,0.634765625,0.10986328125,1.7578125,-0.28076171875,0.6103515625,0.08544921875,0.45166015625,0.537109375,0.7080078125,0.5126953125,-0.18310546875,-0.01220703125,0.98876953125,0.09765625,3.01513671875,0,0.7568359375,0.0244140625,0.7080078125,0.0732421875,0.29296875,0.06103515625,0.91552734375,-0.06103515625,-0.01220703125,0,1.25732421875,-0.0732421875,-0.72021484375,0.2197265625,0.01220703125,0.29296875,-0.927734375,0.048828125,-0.62255859375,-0.244140625,0.35400390625,-0.15869140625,1.35498046875,0.048828125,5.48095703125,-0.1220703125,1.18408203125,-0.06103515625,-0.69580078125,-0.03662109375,-0.68359375,-0.18310546875,-0.62255859375,0.048828125,-0.03662109375,0.0244140625,-0.67138671875,0.01220703125,-1.37939453125,-0.25634765625,-1.06201171875,0.06103515625,0.37841796875,-0.1953125,0.30517578125,-0.10986328125,-0.0244140625,-0.0732421875,-0.048828125,-0.0244140625,0.13427734375,-0.03662109375,-0.57373046875,-0.2197265625,0.3173828125,-0.09765625,-0.67138671875,-0.15869140625,-0.87890625
1,-0.40283203125,-0.37841796875,-0.01220703125,-0.40283203125,0.15869140625,-0.4638671875,0.08544921875,-0.09765625,-0.13427734375,-0.0732421875,-0.13427734375,-0.91552734375,-0.1220703125,1.07421875,0.10986328125,-0.1708984375,0.08544921875,-0.5859375,-0.10986328125,-0.146484375,0.2197265625,0.8544921875,-0.3173828125,-0.62255859375,-0.048828125,1.123046875,-0.37841796875,0.5615234375,-0.03662109375,2.6123046875,-0.1708984375,5.96923828125,-0.13427734375,-0.20751953125,-0.15869140625,0.40283203125,-0.244140625,-0.20751953125,-0.341796875,-0.4638671875,-0.0244140625,-0.15869140625,-0.1220703125,-0.7080078125,-0.37841796875,-0.47607421875,0.2197265625,0.64697265625,0.830078125,7.36083984375,0.341796875,1.77001953125,0.01220703125,0.69580078125,0.06103515625,1.8310546875,-0.29296875,0.6103515625,0.09765625,0.4638671875,0.57373046875,0.76904296875,0.57373046875,-0.1953125,0.01220703125,0.68359375,0.0732421875,2.44140625,0.0244140625,0.5615234375,0.03662109375,0.52490234375,0.0732421875,0.32958984375,0.0244140625,0.93994140625,-0.048828125,-0.01220703125,-0.01220703125,1.26953125,-0.09765625,-0.64697265625,0.23193359375,-0.03662109375,0.341796875,-0.9521484375,0,-0.634765625,-0.18310546875,0.244140625,-0.18310546875,1.28173828125,-0.1220703125,5.28564453125,-0.1953125,1.08642578125,-0.03662109375,-0.7080078125,-0.06103515625,-0.68359375,-0.25634765625,-0.5859375,-0.03662109375,-0.0244140625,0.048828125,-0.72021484375,0.03662109375,-1.4404296875,-0.28076171875,-1.0986328125,-0.01220703125,0.390625,-0.2197265625,0.3173828125,-0.10986328125,-0.0244140625,-0.06103515625,-0.06103515625,-0.01220703125,0.146484375,-0.048828125,-0.42724609375,-0.25634765625,0.50048828125,-0.10986328125,-0.50048828125,-0.146484375,-0.6591796875
1,-0.40283203125,-0.341796875,0,-0.35400390625,0.13427734375,-0.45166015625,0.08544921875,-0.10986328125,-0.15869140625,-0.0732421875,-0.146484375,-0.9033203125,-0.09765625,1.0498046875,0.1220703125,-0.146484375,0.09765625,-0.5859375,-0.13427734375,-0.146484375,0.35400390625,0.830078125,-0.390625,-0.6103515625,-0.048828125,0.8544921875,-0.40283203125,0.30517578125,-0.1220703125,2.28271484375,-0.15869140625,4.96826171875,-0.08544921875,-0.29296875,-0.13427734375,0.03662109375,-0.20751953125,-0.30517578125,-0.4150390625,-0.57373046875,0.01220703125,-0.15869140625,-0.0732421875,-0.7080078125,-0.390625,-0.47607421875,0.25634765625,0.68359375,0.78125,7.65380859375,0.390625,1.84326171875,-0.03662109375,0.732421875,0,1.86767578125,-0.25634765625,0.634765625,0.048828125,0.4638671875,0.5859375,0.78125,0.52490234375,-0.15869140625,0.03662109375,0.439453125,0.1220703125,2.001953125,0.06103515625,0.40283203125,0.0244140625,0.390625,0.09765625,0.35400390625,-0.03662109375,0.91552734375,0,-0.01220703125,-0.0732421875,1.28173828125,-0.06103515625,-0.4638671875,0.2197265625,-0.03662109375,0.341796875,-0.927734375,0,-0.62255859375,-0.08544921875,0.08544921875,-0.18310546875,1.1474609375,-0.25634765625,4.91943359375,-0.23193359375,0.91552734375,-0.06103515625,-0.72021484375,-0.09765625,-0.69580078125,-0.244140625,-0.54931640625,-0.13427734375,-0.06103515625,0.0244140625,-0.74462890625,0.08544921875,-1.47705078125,-0.28076171875,-1.11083984375,-0.09765625,0.40283203125,-0.244140625,0.30517578125,-0.1220703125,-0.03662109375,-0.0732421875,-0.048828125,0.0244140625,0.1220703125,0.0244140625,-0.1708984375,-0.1953125,0.79345703125,-0.09765625,-0.28076171875,-0.09765625,-0.341796875
1,-0.45166015625,-0.25634765625,0.01220703125,-0.35400390625,0.146484375,-0.439453125,0.09765625,-0.06103515625,-0.146484375,-0.048828125,-0.1708984375,-0.87890625,-0.0732421875,1.06201171875,0.15869140625,-0.15869140625,0.09765625,-0.57373046875,-0.1708984375,-0.15869140625,0.439453125,0.830078125,-0.4150390625,-0.62255859375,-0.146484375,0.57373046875,-0.390625,0.06103515625,-0.15869140625,1.94091796875,-0.13427734375,3.9306640625,-0.0244140625,-0.45166015625,-0.09765625,-0.3173828125,-0.1220703125,-0.37841796875,-0.47607421875,-0.69580078125,0.08544921875,-0.18310546875,-0.0244140625,-0.7080078125,-0.35400390625,-0.48828125,0.2685546875,0.732421875,0.7080078125,7.763671875,0.32958984375,1.84326171875,-0.048828125,0.7568359375,-0.1220703125,1.86767578125,-0.15869140625,0.6591796875,0.01220703125,0.4638671875,0.59814453125,0.732421875,0.5615234375,-0.13427734375,0.048828125,0.28076171875,0.15869140625,1.67236328125,0.08544921875,0.2685546875,-0.0244140625,0.29296875,0.13427734375,0.341796875,-0.048828125,0.87890625,0.09765625,-0.0244140625,-0.09765625,1.2939453125,-0.0732421875,-0.146484375,0.18310546875,0.01220703125,0.30517578125,-0.87890625,-0.01220703125,-0.57373046875,0.03662109375,-0.09765625,-0.18310546875,1.0009765625,-0.28076171875,4.4921875,-0.20751953125,0.72021484375,-0.09765625,-0.72021484375,-0.1708984375,-0.72021484375,-0.244140625,-0.537109375,-0.18310546875,-0.06103515625,0.0732421875,-0.7568359375,0.10986328125,-1.47705078125,-0.20751953125,-1.11083984375,-0.10986328125,0.4638671875,-0.2685546875,0.30517578125,-0.10986328125,-0.03662109375,-0.06103515625,-0.048828125,0.0244140625,0.1220703125,0.0244140625,0.13427734375,-0.15869140625,1.11083984375,-0.13427734375,-0.03662109375,-0.15869140625,-0.01220703125
1,-0.48828125,-0.1953125,-0.0244140625,-0.32958984375,0.1220703125,-0.439453125,0.1220703125,-0.06103515625,-0.13427734375,-0.01220703125,-0.18310546875,-0.9033203125,-0.08544921875,1.03759765625,0.18310546875,-0.146484375,0.08544921875,-0.5859375,-0.13427734375,-0.15869140625,0.45166015625,0.830078125,-0.37841796875,-0.6103515625,-0.20751953125,0.30517578125,-0.3662109375,-0.15869140625,-0.1708984375,1.5869140625,-0.146484375,3.0029296875,0.03662109375,-0.59814453125,0.01220703125,-0.68359375,-0.0732421875,-0.47607421875,-0.50048828125,-0.830078125,0.048828125,-0.1953125,0.048828125,-0.7080078125,-0.341796875,-0.52490234375,0.2685546875,0.76904296875,0.72021484375,7.6171875,0.29296875,1.806640625,-0.048828125,0.72021484375,-0.20751953125,1.806640625,-0.048828125,0.6591796875,-0.01220703125,0.42724609375,0.5615234375,0.67138671875,0.57373046875,-0.13427734375,0.09765625,0.15869140625,0.08544921875,1.4404296875,0.10986328125,0.1953125,-0.08544921875,0.23193359375,0.10986328125,0.35400390625,-0.0244140625,0.84228515625,0.1708984375,-0.048828125,-0.10986328125,1.2939453125,-0.048828125,0.32958984375,0.08544921875,0.18310546875,0.2685546875,-0.78125,-0.01220703125,-0.439453125,0.13427734375,-0.244140625,-0.18310546875,0.84228515625,-0.244140625,4.04052734375,-0.18310546875,0.52490234375,-0.13427734375,-0.69580078125,-0.18310546875,-0.7080078125,-0.244140625,-0.537109375,-0.23193359375,-0.08544921875,0.1220703125,-0.72021484375,0.146484375,-1.4404296875,-0.15869140625,-1.07421875,-0.15869140625,0.50048828125,-0.25634765625,0.29296875,-0.10986328125,-0.03662109375,-0.06103515625,-0.06103515625,0.01220703125,0.10986328125,0.01220703125,0.45166015625,-0.20751953125,1.37939453125,-0.13427734375,0.1708984375,-0.146484375,0.341796875
1,-0.50048828125,-0.1220703125,-0.03662109375,-0.341796875,0.10986328125,-0.45166015625,0.10986328125,-0.0732421875,-0.10986328125,-0.048828125,-0.1953125,-0.9033203125,-0.0732421875,1.03759765625,0.1708984375,-0.15869140625,0.048828125,-0.57373046875,-0.09765625,-0.146484375,0.439453125,0.830078125,-0.341796875,-0.62255859375,-0.29296875,0.1220703125,-0.30517578125,-0.3662109375,-0.1708984375,1.28173828125,-0.15869140625,2.20947265625,-0.01220703125,-0.67138671875,0.0732421875,-1.01318359375,-0.03662109375,-0.5859375,-0.5126953125,-0.927734375,-0.048828125,-0.244140625,0.13427734375,-0.72021484375,-0.29296875,-0.48828125,0.244140625,0.79345703125,0.64697265625,7.23876953125,0.23193359375,1.708984375,-0.03662109375,0.67138671875,-0.30517578125,1.7333984375,0,0.64697265625,-0.09765625,0.42724609375,0.59814453125,0.5859375,0.57373046875,-0.10986328125,0.10986328125,0.08544921875,0,1.25732421875,0.09765625,0.15869140625,-0.10986328125,0.18310546875,0.06103515625,0.35400390625,-0.048828125,0.8056640625,0.20751953125,-0.06103515625,-0.13427734375,1.30615234375,-0.0732421875,1.01318359375,0.03662109375,0.439453125,0.23193359375,-0.5859375,-0.0244140625,-0.244140625,0.1953125,-0.390625,-0.1708984375,0.7080078125,-0.13427734375,3.64990234375,-0.13427734375,0.37841796875,-0.146484375,-0.69580078125,-0.20751953125,-0.68359375,-0.20751953125,-0.54931640625,-0.244140625,-0.08544921875,0.1708984375,-0.634765625,0.15869140625,-1.3916015625,-0.08544921875,-1.03759765625,-0.15869140625,0.5615234375,-0.28076171875,0.29296875,-0.08544921875,-0.03662109375,-0.06103515625,-0.0732421875,-0.01220703125,0.10986328125,0.0244140625,0.7080078125,-0.1708984375,1.59912109375,-0.10986328125,0.35400390625,-0.13427734375,0.62255859375
1,-0.5126953125,-0.03662109375,-0.08544921875,-0.341796875,0.09765625,-0.439453125,0.1220703125,-0.08544921875,-0.08544921875,-0.03662109375,-0.23193359375,-0.91552734375,-0.06103515625,1.0498046875,0.18310546875,-0.15869140625,0.01220703125,-0.5859375,-0.0244140625,-0.15869140625,0.439453125,0.84228515625,-0.2685546875,-0.62255859375,-0.341796875,-0.048828125,-0.2685546875,-0.54931640625,-0.10986328125,1.03759765625,-0.1708984375,1.59912109375,-0.048828125,-0.8056640625,0.146484375,-1.2939453125,-0.01220703125,-0.68359375,-0.47607421875,-1.01318359375,-0.15869140625,-0.28076171875,0.18310546875,-0.72021484375,-0.2685546875,-0.47607421875,0.2197265625,0.8056640625,0.6103515625,6.62841796875,0.2685546875,1.55029296875,-0.01220703125,0.5859375,-0.35400390625,1.5869140625,0.146484375,0.634765625,-0.15869140625,0.4150390625,0.537109375,0.47607421875,0.59814453125,-0.13427734375,0.15869140625,0.03662109375,-0.08544921875,1.1474609375,0.06103515625,0.146484375,-0.13427734375,0.13427734375,0,0.3662109375,-0.048828125,0.830078125,0.244140625,-0.0732421875,-0.1708984375,1.2939453125,-0.0732421875,1.79443359375,-0.0732421875,0.76904296875,0.15869140625,-0.390625,-0.09765625,0.03662109375,0.23193359375,-0.439453125,-0.1220703125,0.59814453125,-0.03662109375,3.38134765625,-0.10986328125,0.2685546875,-0.146484375,-0.69580078125,-0.23193359375,-0.6591796875,-0.1708984375,-0.57373046875,-0.20751953125,-0.0732421875,0.18310546875,-0.54931640625,0.1708984375,-1.30615234375,-0.0244140625,-1.0009765625,-0.06103515625,0.59814453125,-0.28076171875,0.29296875,-0.09765625,-0.0244140625,-0.0732421875,-0.09765625,-0.03662109375,0.1220703125,0.03662109375,0.91552734375,-0.1708984375,1.69677734375,-0.08544921875,0.439453125,-0.146484375,0.8056640625
0,-0.50048828125,0.03662109375,-0.146484375,-0.35400390625,0.09765625,-0.439453125,0.15869140625,-0.0732421875,-0.048828125,-0.03662109375,-0.244140625,-0.927734375,-0.06103515625,1.0498046875,0.146484375,-0.15869140625,-0.03662109375,-0.57373046875,0.0732421875,-0.13427734375,0.45166015625,0.830078125,-0.15869140625,-0.634765625,-0.3662109375,-0.1220703125,-0.25634765625,-0.6591796875,-0.09765625,0.81787109375,-0.25634765625,1.171875,-0.08544921875,-0.9033203125,0.20751953125,-1.513671875,0.03662109375,-0.76904296875,-0.439453125,-1.08642578125,-0.2197265625,-0.3173828125,0.2197265625,-0.74462890625,-0.3173828125,-0.439453125,0.1953125,0.78125,0.5615234375,5.859375,0.30517578125,1.35498046875,-0.01220703125,0.45166015625,-0.3662109375,1.4404296875,0.18310546875,0.6103515625,-0.23193359375,0.40283203125,0.5859375,0.40283203125,0.537109375,-0.13427734375,0.2197265625,-0.01220703125,-0.10986328125,1.0009765625,0.01220703125,0.13427734375,-0.146484375,0.09765625,-0.09765625,0.3662109375,-0.048828125,0.78125,0.244140625,-0.0732421875,-0.20751953125,1.28173828125,-0.01220703125,2.62451171875,-0.1220703125,1.1962890625,0.1220703125,-0.13427734375,-0.146484375,0.32958984375,0.23193359375,-0.50048828125,-0.1220703125,0.5615234375,0.01220703125,3.21044921875,-0.10986328125,0.2197265625,-0.146484375,-0.69580078125,-0.23193359375,-0.634765625,-0.08544921875,-0.59814453125,-0.1708984375,-0.08544921875,0.2197265625,-0.47607421875,0.1708984375,-1.2451171875,0.06103515625,-0.9765625,-0.01220703125,0.6103515625,-0.30517578125,0.3173828125,-0.09765625,-0.0244140625,-0.06103515625,-0.09765625,-0.048828125,0.13427734375,0.048828125,0.96435546875,-0.13427734375,1.67236328125,-0.0732421875,0.439453125,-0.13427734375,0.87890625
0,-0.47607421875,0.0732421875,-0.1708984375,-0.3662109375,0.09765625,-0.42724609375,0.146484375,-0.0732421875,-0.06103515625,-0.048828125,-0.23193359375,-0.91552734375,-0.06103515625,1.0498046875,0.15869140625,-0.15869140625,-0.08544921875,-0.57373046875,0.13427734375,-0.1220703125,0.50048828125,0.830078125,-0.10986328125,-0.634765625,-0.32958984375,-0.15869140625,-0.20751953125,-0.72021484375,-0.06103515625,0.69580078125,-0.341796875,0.9033203125,-0.09765625,-0.96435546875,0.244140625,-1.64794921875,0.0244140625,-0.830078125,-0.4150390625,-1.123046875,-0.2685546875,-0.341796875,0.2197265625,-0.7568359375,-0.390625,-0.439453125,0.13427734375,0.72021484375,0.4638671875,4.91943359375,0.3662109375,1.15966796875,0.03662109375,0.2685546875,-0.40283203125,1.2451171875,0.2197265625,0.6103515625,-0.28076171875,0.390625,0.57373046875,0.30517578125,0.439453125,-0.15869140625,0.23193359375,-0.06103515625,-0.146484375,0.87890625,-0.09765625,0.1220703125,-0.18310546875,0.048828125,-0.20751953125,0.35400390625,-0.0244140625,0.79345703125,0.23193359375,-0.0732421875,-0.18310546875,1.26953125,0.0244140625,3.47900390625,-0.1953125,1.59912109375,0.09765625,0.1220703125,-0.20751953125,0.64697265625,0.20751953125,-0.48828125,-0.146484375,0.54931640625,0.0732421875,3.21044921875,-0.06103515625,0.2197265625,-0.1708984375,-0.69580078125,-0.25634765625,-0.634765625,-0.03662109375,-0.62255859375,-0.10986328125,-0.0732421875,0.25634765625,-0.439453125,0.146484375,-1.1962890625,0.08544921875,-0.9521484375,0.09765625,0.57373046875,-0.32958984375,0.32958984375,-0.09765625,-0.0244140625,-0.0732421875,-0.09765625,-0.048828125,0.13427734375,0.03662109375,0.927734375,-0.13427734375,1.5380859375,-0.0732421875,0.3662109375,-0.15869140625,0.8056640625
0,-0.48828125,0.0732421875,-0.20751953125,-0.37841796875,0.09765625,-0.45166015625,0.146484375,-0.0732421875,-0.0732421875,-0.0732421875,-0.20751953125,-0.93994140625,-0.06103515625,1.025390625,0.146484375,-0.146484375,-0.08544921875,-0.5615234375,0.1708984375,-0.1220703125,0.54931640625,0.84228515625,-0.0732421875,-0.634765625,-0.23193359375,-0.1953125,-0.1708984375,-0.8056640625,-0.08544921875,0.5859375,-0.37841796875,0.74462890625,-0.1220703125,-0.9765625,0.28076171875,-1.66015625,0.0244140625,-0.830078125,-0.32958984375,-1.1474609375,-0.244140625,-0.341796875,0.2197265625,-0.74462890625,-0.48828125,-0.42724609375,0.15869140625,0.6591796875,0.5126953125,3.955078125,0.45166015625,0.9033203125,0.08544921875,0.10986328125,-0.47607421875,1.07421875,0.1953125,0.5859375,-0.25634765625,0.390625,0.5126953125,0.2685546875,0.3662109375,-0.15869140625,0.23193359375,-0.10986328125,-0.20751953125,0.732421875,-0.20751953125,0.09765625,-0.18310546875,0.01220703125,-0.28076171875,0.3173828125,0,0.81787109375,0.2197265625,-0.06103515625,-0.15869140625,1.2451171875,0.09765625,4.2724609375,-0.2197265625,1.9775390625,0.10986328125,0.3662109375,-0.23193359375,0.927734375,0.10986328125,-0.45166015625,-0.15869140625,0.5615234375,0.146484375,3.23486328125,-0.0244140625,0.25634765625,-0.18310546875,-0.67138671875,-0.2197265625,-0.62255859375,0.048828125,-0.62255859375,-0.03662109375,-0.0732421875,0.23193359375,-0.439453125,0.10986328125,-1.18408203125,0.15869140625,-0.98876953125,0.13427734375,0.537109375,-0.37841796875,0.341796875,-0.0732421875,-0.0244140625,-0.0732421875,-0.08544921875,-0.0732421875,0.15869140625,0.06103515625,0.81787109375,-0.1220703125,1.3427734375,-0.06103515625,0.2197265625,-0.15869140625,0.67138671875
0,-0.54931640625,0.0732421875,-0.23193359375,-0.37841796875,0.09765625,-0.45166015625,0.10986328125,-0.08544921875,-0.048828125,-0.09765625,-0.18310546875,-0.927734375,-0.048828125,1.03759765625,0.13427734375,-0.146484375,-0.0732421875,-0.54931640625,0.1953125,-0.1220703125,0.57373046875,0.8544921875,-0.09765625,-0.634765625,-0.146484375,-0.1953125,-0.15869140625,-0.86669921875,-0.1220703125,0.537109375,-0.390625,0.6103515625,-0.1220703125,-0.9521484375,0.244140625,-1.59912109375,0,-0.81787109375,-0.28076171875,-1.123046875,-0.15869140625,-0.3173828125,0.2197265625,-0.732421875,-0.54931640625,-0.439453125,0.15869140625,0.5859375,0.4638671875,2.99072265625,0.52490234375,0.67138671875,0.0732421875,-0.03662109375,-0.47607421875,0.9033203125,0.15869140625,0.5859375,-0.23193359375,0.42724609375,0.62255859375,0.2685546875,0.20751953125,-0.15869140625,0.244140625,-0.1708984375,-0.1953125,0.634765625,-0.2685546875,0.0732421875,-0.18310546875,-0.01220703125,-0.28076171875,0.32958984375,0,0.81787109375,0.20751953125,-0.03662109375,-0.1220703125,1.2451171875,0.10986328125,4.91943359375,-0.1953125,2.3193359375,0.09765625,0.54931640625,-0.20751953125,1.18408203125,0.0732421875,-0.4150390625,-0.1953125,0.5859375,0.23193359375,3.2958984375,-0.01220703125,0.29296875,-0.15869140625,-0.6591796875,-0.23193359375,-0.634765625,0.10986328125,-0.634765625,0.06103515625,-0.0732421875,0.1708984375,-0.4638671875,0.10986328125,-1.23291015625,0.146484375,-1.0009765625,0.1220703125,0.439453125,-0.40283203125,0.32958984375,-0.06103515625,-0.0244140625,-0.06103515625,-0.08544921875,-0.03662109375,0.146484375,0.06103515625,0.634765625,-0.08544921875,1.0986328125,-0.06103515625,0.048828125,-0.1708984375,0.4638671875
0,-0.5126953125,0.01220703125,-0.23193359375,-0.40283203125,0.09765625,-0.45166015625,0.0732421875,-0.09765625,-0.048828125,-0.10986328125,-0.18310546875,-0.927734375,-0.0732421875,1.03759765625,0.15869140625,-0.1708984375,-0.048828125,-0.5615234375,0.18310546875,-0.10986328125,0.62255859375,0.8544921875,-0.146484375,-0.634765625,-0.08544921875,-0.2197265625,-0.15869140625,-0.91552734375,-0.10986328125,0.47607421875,-0.3662109375,0.47607421875,-0.10986328125,-0.9033203125,0.18310546875,-1.46484375,-0.0244140625,-0.7568359375,-0.244140625,-1.0498046875,-0.06103515625,-0.28076171875,0.23193359375,-0.732421875,-0.57373046875,-0.45166015625,0.2197265625,0.5615234375,0.42724609375,2.1240234375,0.59814453125,0.50048828125,0.09765625,-0.146484375,-0.47607421875,0.76904296875,0.146484375,0.5859375,-0.18310546875,0.439453125,0.634765625,0.3173828125,0.09765625,-0.146484375,0.2197265625,-0.1953125,-0.20751953125,0.537109375,-0.30517578125,0.03662109375,-0.18310546875,-0.03662109375,-0.25634765625,0.32958984375,-0.048828125,0.830078125,0.15869140625,-0.01220703125,-0.03662109375,1.2451171875,-0.06103515625,5.38330078125,-0.20751953125,2.57568359375,0.0732421875,0.67138671875,-0.1708984375,1.33056640625,-0.01220703125,-0.4150390625,-0.25634765625,0.59814453125,0.30517578125,3.33251953125,-0.03662109375,0.30517578125,-0.13427734375,-0.68359375,-0.2685546875,-0.634765625,0.10986328125,-0.62255859375,0.15869140625,-0.0732421875,0.08544921875,-0.537109375,0.048828125,-1.30615234375,0.146484375,-1.06201171875,0.146484375,0.3662109375,-0.40283203125,0.30517578125,-0.06103515625,-0.0244140625,-0.06103515625,-0.06103515625,-0.03662109375,0.1220703125,0.0732421875,0.439453125,-0.0732421875,0.9033203125,-0.048828125,-0.10986328125,-0.13427734375,0.244140625
0,-0.5126953125,-0.01220703125,-0.28076171875,-0.40283203125,0.1220703125,-0.4638671875,0.048828125,-0.10986328125,-0.0244140625,-0.09765625,-0.20751953125,-0.927734375,-0.0732421875,1.06201171875,0.1708984375,-0.1953125,-0.0244140625,-0.537109375,0.146484375,-0.1220703125,0.634765625,0.8544921875,-0.18310546875,-0.64697265625,0,-0.244140625,-0.1953125,-0.9521484375,-0.09765625,0.4638671875,-0.30517578125,0.28076171875,-0.10986328125,-0.81787109375,0.146484375,-1.26953125,-0.08544921875,-0.6591796875,-0.2197265625,-0.98876953125,0.03662109375,-0.23193359375,0.29296875,-0.732421875,-0.5859375,-0.45166015625,0.146484375,0.52490234375,0.40283203125,1.45263671875,0.72021484375,0.37841796875,0.08544921875,-0.25634765625,-0.4150390625,0.634765625,0.08544921875,0.6103515625,-0.15869140625,0.4638671875,0.634765625,0.40283203125,0,-0.1220703125,0.244140625,-0.2197265625,-0.2197265625,0.47607421875,-0.29296875,0.0244140625,-0.20751953125,-0.048828125,-0.2197265625,0.30517578125,-0.048828125,0.86669921875,0.10986328125,-0.01220703125,0.03662109375,1.23291015625,-0.13427734375,5.6396484375,-0.1708984375,2.685546875,0.03662109375,0.74462890625,-0.0732421875,1.40380859375,-0.0732421875,-0.45166015625,-0.341796875,0.57373046875,0.42724609375,3.23486328125,-0.09765625,0.25634765625,-0.08544921875,-0.68359375,-0.28076171875,-0.64697265625,0.09765625,-0.62255859375,0.18310546875,-0.0732421875,0.01220703125,-0.64697265625,0.03662109375,-1.416015625,0.146484375,-1.123046875,0.23193359375,0.2685546875,-0.40283203125,0.3173828125,-0.0732421875,-0.03662109375,-0.0732421875,-0.03662109375,-0.03662109375,0.10986328125,0.03662109375,0.23193359375,-0.048828125,0.74462890625,-0.06103515625,-0.2197265625,-0.1953125,0.048828125
0,-0.59814453125,-0.048828125,-0.30517578125,-0.42724609375,0.13427734375,-0.4638671875,0.03662109375,-0.10986328125,0,-0.0732421875,-0.2197265625,-0.9033203125,-0.08544921875,1.06201171875,0.1708984375,-0.20751953125,0.01220703125,-0.54931640625,0.09765625,-0.13427734375,0.57373046875,0.8544921875,-0.2197265625,-0.62255859375,0.08544921875,-0.28076171875,-0.23193359375,-1.025390625,-0.09765625,0.4150390625,-0.2197265625,0.048828125,-0.1220703125,-0.74462890625,0.10986328125,-1.07421875,-0.09765625,-0.59814453125,-0.20751953125,-0.927734375,0.06103515625,-0.20751953125,0.35400390625,-0.72021484375,-0.54931640625,-0.48828125,0.0732421875,0.48828125,0.341796875,1.0009765625,0.78125,0.28076171875,0.13427734375,-0.35400390625,-0.35400390625,0.5859375,0.06103515625,0.6103515625,-0.146484375,0.4638671875,0.634765625,0.50048828125,-0.08544921875,-0.08544921875,0.23193359375,-0.20751953125,-0.25634765625,0.5126953125,-0.25634765625,0.0244140625,-0.23193359375,-0.0244140625,-0.1708984375,0.30517578125,0,0.830078125,0.0732421875,0.0244140625,0.0732421875,1.26953125,-0.1708984375,5.6884765625,-0.146484375,2.67333984375,-0.01220703125,0.7568359375,0.01220703125,1.37939453125,-0.09765625,-0.52490234375,-0.37841796875,0.5126953125,0.5126953125,2.9541015625,-0.146484375,0.1220703125,-0.03662109375,-0.69580078125,-0.2197265625,-0.64697265625,0.01220703125,-0.6103515625,0.20751953125,-0.06103515625,0.01220703125,-0.7568359375,0.03662109375,-1.513671875,0.08544921875,-1.171875,0.20751953125,0.23193359375,-0.40283203125,0.30517578125,-0.08544921875,-0.03662109375,-0.0732421875,0,-0.0244140625,0.08544921875,0.01220703125,0.10986328125,-0.0244140625,0.6591796875,-0.09765625,-0.2685546875,-0.18310546875,-0.10986328125
0,-0.54931640625,-0.09765625,-0.32958984375,-0.40283203125,0.146484375,-0.47607421875,0.048828125,-0.09765625,-0.01220703125,-0.06103515625,-0.2197265625,-0.91552734375,-0.08544921875,1.06201171875,0.1708984375,-0.1953125,0.06103515625,-0.537109375,0.06103515625,-0.13427734375,0.537109375,0.84228515625,-0.244140625,-0.62255859375,0.1220703125,-0.35400390625,-0.25634765625,-1.08642578125,-0.08544921875,0.40283203125,-0.146484375,-0.23193359375,-0.15869140625,-0.68359375,0.10986328125,-0.9033203125,-0.09765625,-0.54931640625,-0.15869140625,-0.8544921875,0.0732421875,-0.20751953125,0.42724609375,-0.72021484375,-0.5126953125,-0.50048828125,0.03662109375,0.50048828125,0.3662109375,0.8056640625,0.79345703125,0.23193359375,0.18310546875,-0.390625,-0.35400390625,0.537109375,0.048828125,0.62255859375,-0.1220703125,0.4638671875,0.6103515625,0.6103515625,-0.18310546875,-0.06103515625,0.244140625,-0.1708984375,-0.244140625,0.54931640625,-0.20751953125,0.03662109375,-0.2685546875,-0.0244140625,-0.1220703125,0.30517578125,0.01220703125,0.84228515625,0.09765625,0.03662109375,0.09765625,1.28173828125,-0.15869140625,5.5419921875,-0.0732421875,2.587890625,-0.0244140625,0.68359375,0.08544921875,1.318359375,-0.10986328125,-0.67138671875,-0.35400390625,0.37841796875,0.59814453125,2.52685546875,-0.20751953125,-0.048828125,0.0244140625,-0.69580078125,-0.1953125,-0.64697265625,-0.01220703125,-0.59814453125,0.1708984375,-0.03662109375,-0.0244140625,-0.79345703125,0.01220703125,-1.57470703125,0.0244140625,-1.23291015625,0.08544921875,0.28076171875,-0.40283203125,0.30517578125,-0.0732421875,-0.03662109375,-0.06103515625,-0.01220703125,0,0.08544921875,0.048828125,0.0244140625,-0.03662109375,0.68359375,-0.0732421875,-0.25634765625,-0.146484375,-0.1708984375
0,-0.57373046875,-0.09765625,-0.341796875,-0.390625,0.15869140625,-0.4638671875,0.048828125,-0.0732421875,-0.01220703125,-0.048828125,-0.23193359375,-0.89111328125,-0.0732421875,1.06201171875,0.1953125,-0.1953125,0.09765625,-0.54931640625,0,-0.1220703125,0.47607421875,0.830078125,-0.2197265625,-0.62255859375,0.08544921875,-0.40283203125,-0.29296875,-1.0986328125,-0.048828125,0.35400390625,-0.10986328125,-0.4638671875,-0.1953125,-0.64697265625,0.06103515625,-0.79345703125,-0.09765625,-0.5126953125,-0.1220703125,-0.81787109375,0.03662109375,-0.2197265625,0.42724609375,-0.69580078125,-0.47607421875,-0.50048828125,-0.0244140625,0.54931640625,0.390625,0.8056640625,0.74462890625,0.23193359375,0.20751953125,-0.35400390625,-0.3173828125,0.537109375,0.048828125,0.62255859375,-0.10986328125,0.45166015625,0.732421875,0.69580078125,-0.2685546875,-0.0244140625,0.1708984375,-0.1220703125,-0.2685546875,0.634765625,-0.1220703125,0.03662109375,-0.3662109375,0,-0.08544921875,0.3173828125,0.09765625,0.79345703125,0.13427734375,0.01220703125,0.09765625,1.2939453125,-0.25634765625,5.26123046875,0.0244140625,2.40478515625,-0.048828125,0.5859375,0.146484375,1.171875,-0.09765625,-0.830078125,-0.3173828125,0.23193359375,0.6103515625,1.91650390625,-0.25634765625,-0.28076171875,0.048828125,-0.7080078125,-0.1708984375,-0.6591796875,-0.08544921875,-0.5859375,0.09765625,-0.048828125,-0.01220703125,-0.8056640625,0.0244140625,-1.59912109375,-0.03662109375,-1.220703125,0.048828125,0.439453125,-0.390625,0.30517578125,-0.06103515625,-0.03662109375,-0.06103515625,0,0.0244140625,0.09765625,0.06103515625,0,0.01220703125,0.76904296875,-0.0732421875,-0.2197265625,-0.10986328125,-0.15869140625
0,-0.62255859375,-0.10986328125,-0.3662109375,-0.390625,0.08544921875,-0.439453125,0.048828125,-0.06103515625,-0.03662109375,-0.06103515625,-0.1953125,-0.86669921875,-0.0732421875,1.0498046875,0.1953125,-0.1708984375,0.048828125,-0.5615234375,-0.01220703125,-0.13427734375,0.37841796875,0.830078125,-0.1953125,-0.6103515625,0.03662109375,-0.4638671875,-0.3173828125,-1.123046875,-0.01220703125,0.341796875,-0.08544921875,-0.634765625,-0.146484375,-0.64697265625,0.08544921875,-0.74462890625,-0.08544921875,-0.537109375,-0.1220703125,-0.81787109375,0.01220703125,-0.23193359375,0.45166015625,-0.72021484375,-0.439453125,-0.48828125,-0.048828125,0.5615234375,0.52490234375,0.98876953125,0.6591796875,0.28076171875,0.18310546875,-0.35400390625,-0.244140625,0.57373046875,0.03662109375,0.6103515625,-0.10986328125,0.439453125,0.7080078125,0.76904296875,-0.35400390625,0.0244140625,0.09765625,-0.06103515625,-0.244140625,0.74462890625,-0.0244140625,0.06103515625,-0.45166015625,0.048828125,-0.0732421875,0.3173828125,0.1708984375,0.7568359375,0.18310546875,-0.01220703125,0.09765625,1.30615234375,-0.341796875,4.8828125,0.09765625,2.20947265625,-0.048828125,0.45166015625,0.1708984375,1.01318359375,-0.08544921875,-1.025390625,-0.2685546875,0.0732421875,0.5615234375,1.25732421875,-0.2685546875,-0.52490234375,-0.01220703125,-0.7080078125,-0.09765625,-0.6591796875,-0.0732421875,-0.5859375,-0.01220703125,-0.048828125,-0.01220703125,-0.732421875,0.0244140625,-1.55029296875,-0.1220703125,-1.1962890625,-0.01220703125,0.7568359375,-0.390625,0.30517578125,-0.048828125,-0.0244140625,-0.048828125,0,0.048828125,0.10986328125,-0.01220703125,0.048828125,-0.13427734375,0.86669921875,-0.13427734375,-0.18310546875,-0.18310546875,-0.1220703125
0,-0.634765625,-0.1220703125,-0.390625,-0.35400390625,0.08544921875,-0.45166015625,0.08544921875,-0.06103515625,-0.0732421875,-0.048828125,-0.1708984375,-0.89111328125,-0.06103515625,1.0498046875,0.2197265625,-0.15869140625,0,-0.54931640625,-0.03662109375,-0.146484375,0.3173828125,0.830078125,-0.1953125,-0.6103515625,-0.01220703125,-0.47607421875,-0.37841796875,-1.11083984375,0.03662109375,0.35400390625,-0.1708984375,-0.67138671875,-0.146484375,-0.6591796875,0.146484375,-0.79345703125,-0.09765625,-0.54931640625,-0.146484375,-0.830078125,-0.0244140625,-0.2685546875,0.47607421875,-0.72021484375,-0.40283203125,-0.4638671875,-0.01220703125,0.6103515625,0.64697265625,1.25732421875,0.5126953125,0.341796875,0.13427734375,-0.29296875,-0.13427734375,0.62255859375,0.01220703125,0.6103515625,-0.13427734375,0.439453125,0.732421875,0.78125,-0.37841796875,0.0244140625,0.06103515625,0,-0.25634765625,0.86669921875,0.0244140625,0.1220703125,-0.52490234375,0.08544921875,-0.15869140625,0.30517578125,0.244140625,0.78125,0.23193359375,-0.01220703125,0.10986328125,1.318359375,-0.390625,4.47998046875,0.15869140625,2.001953125,-0.048828125,0.3173828125,0.15869140625,0.87890625,-0.0732421875,-1.20849609375,-0.20751953125,-0.13427734375,0.439453125,0.54931640625,-0.20751953125,-0.79345703125,-0.06103515625,-0.7080078125,-0.0732421875,-0.64697265625,-0.09765625,-0.6103515625,-0.10986328125,-0.048828125,-0.01220703125,-0.5615234375,0.048828125,-1.42822265625,-0.1953125,-1.07421875,-0.20751953125,1.25732421875,-0.37841796875,0.32958984375,-0.0732421875,-0.01220703125,-0.048828125,-0.01220703125,0.08544921875,0.09765625,0.0244140625,0.1220703125,-0.13427734375,1.0009765625,-0.09765625,-0.13427734375,-0.146484375,-0.048828125
0,-0.64697265625,-0.10986328125,-0.42724609375,-0.341796875,0.06103515625,-0.439453125,0.08544921875,-0.048828125,-0.08544921875,-0.048828125,-0.146484375,-0.86669921875,-0.03662109375,1.06201171875,0.244140625,-0.15869140625,-0.06103515625,-0.5859375,-0.03662109375,-0.10986328125,0.30517578125,0.8544921875,-0.18310546875,-0.6103515625,-0.0244140625,-0.4638671875,-0.37841796875,-1.08642578125,0.06103515625,0.35400390625,-0.20751953125,-0.5615234375,-0.09765625,-0.67138671875,0.18310546875,-0.9033203125,-0.048828125,-0.57373046875,-0.15869140625,-0.86669921875,-0.06103515625,-0.29296875,0.4638671875,-0.7080078125,-0.35400390625,-0.42724609375,-0.01220703125,0.64697265625,0.69580078125,1.5380859375,0.40283203125,0.390625,0.13427734375,-0.23193359375,-0.01220703125,0.67138671875,0.0732421875,0.62255859375,-0.15869140625,0.439453125,0.78125,0.84228515625,-0.390625,0.01220703125,0.01220703125,0.048828125,-0.341796875,0.93994140625,0.03662109375,0.146484375,-0.5126953125,0.1220703125,-0.23193359375,0.30517578125,0.28076171875,0.76904296875,0.23193359375,-0.048828125,0.09765625,1.318359375,-0.45166015625,4.0771484375,0.20751953125,1.84326171875,-0.08544921875,0.1953125,0.10986328125,0.7568359375,-0.03662109375,-1.37939453125,-0.1708984375,-0.28076171875,0.2685546875,-0.06103515625,-0.15869140625,-0.9765625,-0.13427734375,-0.7080078125,-0.0244140625,-0.6591796875,-0.1220703125,-0.6103515625,-0.15869140625,-0.048828125,0,-0.32958984375,0.08544921875,-1.20849609375,-0.244140625,-0.91552734375,-0.29296875,1.89208984375,-0.37841796875,0.32958984375,-0.048828125,0.0244140625,-0.06103515625,-0.0244140625,0.09765625,0.10986328125,0.048828125,0.146484375,-0.03662109375,1.08642578125,-0.09765625,-0.1220703125,-0.13427734375,0
0,-0.64697265625,-0.13427734375,-0.42724609375,-0.3662109375,0.0244140625,-0.4150390625,0.09765625,-0.048828125,-0.13427734375,-0.06103515625,-0.10986328125,-0.87890625,-0.0244140625,1.0498046875,0.23193359375,-0.15869140625,-0.10986328125,-0.57373046875,-0.0244140625,-0.1220703125,0.29296875,0.830078125,-0.1953125,-0.62255859375,-0.0732421875,-0.40283203125,-0.42724609375,-1.01318359375,0.0244140625,0.4150390625,-0.25634765625,-0.37841796875,-0.01220703125,-0.7080078125,0.29296875,-1.025390625,-0.0244140625,-0.62255859375,-0.146484375,-0.9033203125,-0.048828125,-0.28076171875,0.439453125,-0.7080078125,-0.29296875,-0.40283203125,-0.0732421875,0.68359375,0.76904296875,1.77001953125,0.28076171875,0.439453125,0.10986328125,-0.15869140625,0.0732421875,0.69580078125,0.08544921875,0.62255859375,-0.20751953125,0.45166015625,0.76904296875,0.84228515625,-0.32958984375,0.01220703125,0.08544921875,0.048828125,-0.29296875,0.96435546875,0.048828125,0.15869140625,-0.439453125,0.1220703125,-0.25634765625,0.29296875,0.28076171875,0.7568359375,0.20751953125,-0.06103515625,0.03662109375,1.30615234375,-0.42724609375,3.74755859375,0.2685546875,1.69677734375,-0.10986328125,0.08544921875,0.08544921875,0.67138671875,0,-1.46484375,-0.13427734375,-0.390625,0.13427734375,-0.50048828125,-0.06103515625,-1.11083984375,-0.146484375,-0.69580078125,-0.01220703125,-0.68359375,-0.1708984375,-0.634765625,-0.20751953125,-0.03662109375,-0.0244140625,-0.03662109375,0.09765625,-0.91552734375,-0.23193359375,-0.7080078125,-0.28076171875,2.69775390625,-0.3662109375,0.35400390625,-0.06103515625,0.0244140625,-0.048828125,-0.048828125,0.08544921875,0.1220703125,-0.01220703125,0.13427734375,-0.13427734375,1.07421875,-0.146484375,-0.13427734375,-0.20751953125,-0.0244140625
1,-0.67138671875,-0.15869140625,-0.439453125,-0.3662109375,0.01220703125,-0.42724609375,0.09765625,-0.0732421875,-0.1708984375,-0.09765625,-0.09765625,-0.91552734375,-0.01220703125,1.0498046875,0.2197265625,-0.15869140625,-0.146484375,-0.5859375,-0.01220703125,-0.10986328125,0.32958984375,0.84228515625,-0.20751953125,-0.634765625,-0.18310546875,-0.341796875,-0.4638671875,-0.9521484375,-0.03662109375,0.48828125,-0.2685546875,-0.08544921875,0.048828125,-0.7568359375,0.29296875,-1.15966796875,0.01220703125,-0.64697265625,-0.1708984375,-0.96435546875,-0.03662109375,-0.30517578125,0.390625,-0.7080078125,-0.2685546875,-0.37841796875,0.01220703125,0.67138671875,0.76904296875,1.85546875,0.146484375,0.45166015625,0.048828125,-0.1220703125,0.20751953125,0.72021484375,0.10986328125,0.6103515625,-0.20751953125,0.45166015625,0.8056640625,0.8544921875,-0.2685546875,-0.01220703125,0.09765625,0,-0.25634765625,0.93994140625,0.03662109375,0.1953125,-0.37841796875,0.09765625,-0.25634765625,0.2685546875,0.30517578125,0.79345703125,0.1708984375,-0.048828125,0.0244140625,1.2939453125,-0.3662109375,3.515625,0.29296875,1.611328125,-0.18310546875,0.03662109375,0.03662109375,0.634765625,0.048828125,-1.52587890625,-0.13427734375,-0.439453125,-0.13427734375,-0.69580078125,-0.01220703125,-1.15966796875,-0.146484375,-0.69580078125,-0.01220703125,-0.67138671875,-0.18310546875,-0.62255859375,-0.18310546875,-0.03662109375,-0.048828125,0.3173828125,0.10986328125,-0.6103515625,-0.1953125,-0.42724609375,-0.341796875,3.62548828125,-0.37841796875,0.341796875,-0.048828125,0.0244140625,-0.048828125,-0.06103515625,0.08544921875,0.13427734375,0.06103515625,0.1220703125,-0.06103515625,1.07421875,-0.1220703125,-0.20751953125,-0.13427734375,-0.0732421875
1,-0.68359375,-0.18310546875,-0.42724609375,-0.390625,0,-0.42724609375,0.0732421875,-0.08544921875,-0.1708984375,-0.10986328125,-0.048828125,-0.91552734375,-0.0244140625,1.0498046875,0.2197265625,-0.15869140625,-0.15869140625,-0.5859375,-0.03662109375,-0.10986328125,0.390625,0.84228515625,-0.244140625,-0.634765625,-0.1953125,-0.25634765625,-0.40283203125,-0.89111328125,-0.08544921875,0.5615234375,-0.1953125,0.2197265625,0.13427734375,-0.8056640625,0.3173828125,-1.26953125,0.03662109375,-0.68359375,-0.1953125,-0.9765625,-0.0244140625,-0.30517578125,0.3173828125,-0.732421875,-0.28076171875,-0.3662109375,0.06103515625,0.64697265625,0.7568359375,1.84326171875,0.03662109375,0.45166015625,0.03662109375,-0.13427734375,0.32958984375,0.72021484375,0.13427734375,0.62255859375,-0.20751953125,0.45166015625,0.81787109375,0.86669921875,-0.146484375,-0.0732421875,0.10986328125,-0.0244140625,-0.1953125,0.87890625,-0.03662109375,0.18310546875,-0.3662109375,0.08544921875,-0.18310546875,0.25634765625,0.32958984375,0.79345703125,0.10986328125,-0.06103515625,0.01220703125,1.28173828125,-0.32958984375,3.369140625,0.2685546875,1.59912109375,-0.25634765625,-0.03662109375,-0.03662109375,0.59814453125,0.09765625,-1.47705078125,-0.146484375,-0.40283203125,-0.1953125,-0.57373046875,0.06103515625,-1.08642578125,-0.15869140625,-0.69580078125,-0.01220703125,-0.6591796875,-0.20751953125,-0.62255859375,-0.13427734375,-0.0244140625,-0.01220703125,0.634765625,0.10986328125,-0.2685546875,-0.1220703125,-0.18310546875,-0.18310546875,4.65087890625,-0.390625,0.341796875,-0.048828125,0.03662109375,-0.0732421875,-0.048828125,0.0732421875,0.146484375,0.0732421875,0.0732421875,-0.048828125,1.025390625,-0.13427734375,-0.29296875,-0.1220703125,-0.146484375
1,-0.69580078125,-0.23193359375,-0.439453125,-0.390625,-0.01220703125,-0.45166015625,0.06103515625,-0.09765625,-0.15869140625,-0.146484375,-0.048828125,-0.927734375,0,1.03759765625,0.20751953125,-0.15869140625,-0.13427734375,-0.57373046875,-0.0244140625,-0.10986328125,0.45166015625,0.830078125,-0.244140625,-0.634765625,-0.20751953125,-0.1953125,-0.35400390625,-0.81787109375,-0.18310546875,0.64697265625,-0.1953125,0.48828125,0.15869140625,-0.79345703125,0.35400390625,-1.318359375,0.0732421875,-0.68359375,-0.20751953125,-0.98876953125,-0.03662109375,-0.28076171875,0.2197265625,-0.7080078125,-0.25634765625,-0.37841796875,0.08544921875,0.59814453125,0.72021484375,1.66015625,-0.08544921875,0.439453125,0.01220703125,-0.1708984375,0.32958984375,0.7080078125,0.08544921875,0.6103515625,-0.15869140625,0.439453125,0.84228515625,0.9033203125,-0.0732421875,-0.09765625,0.1708984375,-0.048828125,-0.048828125,0.79345703125,-0.03662109375,0.18310546875,-0.2197265625,0.0732421875,-0.048828125,0.25634765625,0.30517578125,0.81787109375,0.0732421875,-0.03662109375,-0.01220703125,1.28173828125,-0.30517578125,3.33251953125,0.20751953125,1.57470703125,-0.390625,-0.03662109375,-0.08544921875,0.62255859375,0.09765625,-1.3427734375,-0.15869140625,-0.25634765625,-0.23193359375,-0.1708984375,0.0732421875,-0.927734375,-0.13427734375,-0.68359375,-0.0244140625,-0.67138671875,-0.1708984375,-0.634765625,-0.06103515625,-0.03662109375,0.0244140625,0.98876953125,0.08544921875,0.0732421875,-0.048828125,0.048828125,-0.0732421875,5.65185546875,-0.37841796875,0.35400390625,-0.048828125,0.03662109375,-0.0732421875,-0.0244140625,0.08544921875,0.15869140625,0.06103515625,0.01220703125,-0.03662109375,0.96435546875,-0.1708984375,-0.32958984375,-0.10986328125,-0.23193359375
1,-0.732421875,-0.28076171875,-0.4150390625,-0.390625,-0.01220703125,-0.47607421875,0.06103515625,-0.10986328125,-0.10986328125,-0.146484375,-0.048828125,-0.9521484375,0,1.0498046875,0.20751953125,-0.18310546875,-0.06103515625,-0.5859375,-0.03662109375,-0.10986328125,0.48828125,0.84228515625,-0.2685546875,-0.634765625,-0.244140625,-0.10986328125,-0.3173828125,-0.79345703125,-0.23193359375,0.7080078125,-0.2197265625,0.64697265625,0.1708984375,-0.78125,0.3173828125,-1.318359375,0.0732421875,-0.67138671875,-0.20751953125,-0.98876953125,-0.03662109375,-0.28076171875,0.13427734375,-0.732421875,-0.20751953125,-0.40283203125,0.10986328125,0.5615234375,0.62255859375,1.416015625,-0.1953125,0.40283203125,-0.06103515625,-0.15869140625,0.32958984375,0.7080078125,0.08544921875,0.634765625,-0.15869140625,0.4638671875,0.91552734375,0.91552734375,-0.0244140625,-0.146484375,0.09765625,-0.08544921875,0.0244140625,0.72021484375,-0.06103515625,0.15869140625,-0.1708984375,0.048828125,0.0732421875,0.2685546875,0.244140625,0.830078125,0,-0.01220703125,0,1.26953125,-0.2685546875,3.38134765625,0.1220703125,1.5869140625,-0.47607421875,-0.03662109375,-0.18310546875,0.64697265625,0.1220703125,-1.1474609375,-0.1953125,-0.09765625,-0.20751953125,0.52490234375,0.0244140625,-0.6591796875,-0.1220703125,-0.69580078125,-0.048828125,-0.68359375,-0.15869140625,-0.6103515625,-0.01220703125,-0.0244140625,0.08544921875,1.2451171875,0.0244140625,0.35400390625,0.01220703125,0.25634765625,0.01220703125,6.57958984375,-0.35400390625,0.341796875,-0.048828125,0.01220703125,-0.048828125,0.0244140625,0.08544921875,0.15869140625,0.0244140625,-0.03662109375,-0.09765625,0.9033203125,-0.1953125,-0.3662109375,-0.10986328125,-0.3173828125
1,-0.7080078125,-0.30517578125,-0.40283203125,-0.390625,-0.01220703125,-0.45166015625,0.048828125,-0.1220703125,-0.10986328125,-0.146484375,-0.06103515625,-0.93994140625,-0.03662109375,1.0498046875,0.1953125,-0.1708984375,-0.01220703125,-0.57373046875,-0.048828125,-0.13427734375,0.439453125,0.84228515625,-0.2685546875,-0.634765625,-0.15869140625,-0.0732421875,-0.20751953125,-0.78125,-0.244140625,0.74462890625,-0.20751953125,0.68359375,0.15869140625,-0.7568359375,0.3173828125,-1.2451171875,0.06103515625,-0.6591796875,-0.15869140625,-0.9521484375,-0.0732421875,-0.2685546875,0,-0.72021484375,-0.13427734375,-0.42724609375,0.048828125,0.52490234375,0.57373046875,1.13525390625,-0.146484375,0.3662109375,-0.09765625,-0.20751953125,0.341796875,0.67138671875,0.0732421875,0.64697265625,-0.1220703125,0.4638671875,0.9765625,0.9521484375,0.10986328125,-0.18310546875,0.0244140625,-0.08544921875,0.048828125,0.64697265625,-0.09765625,0.15869140625,-0.15869140625,0.048828125,0.18310546875,0.2685546875,0.146484375,0.8544921875,-0.09765625,0,0.01220703125,1.25732421875,-0.2197265625,3.41796875,0.03662109375,1.59912109375,-0.537109375,0,-0.2197265625,0.6591796875,0.1220703125,-0.89111328125,-0.28076171875,0.15869140625,-0.20751953125,1.416015625,-0.0244140625,-0.32958984375,-0.146484375,-0.68359375,-0.0244140625,-0.68359375,-0.10986328125,-0.5859375,0.06103515625,-0.03662109375,0.10986328125,1.47705078125,-0.0732421875,0.5615234375,0.06103515625,0.4150390625,0.01220703125,7.3486328125,-0.3173828125,0.35400390625,-0.06103515625,0.01220703125,-0.048828125,0.048828125,0.03662109375,0.15869140625,0.0732421875,-0.01220703125,-0.03662109375,0.91552734375,-0.15869140625,-0.35400390625,-0.03662109375,-0.341796875
1,-0.69580078125,-0.3173828125,-0.390625,-0.390625,0,-0.47607421875,0.06103515625,-0.1220703125,-0.08544921875,-0.10986328125,-0.09765625,-0.9521484375,-0.048828125,1.0498046875,0.1708984375,-0.18310546875,0.06103515625,-0.5859375,-0.08544921875,-0.146484375,0.37841796875,0.830078125,-0.28076171875,-0.62255859375,-0.13427734375,-0.06103515625,-0.15869140625,-0.79345703125,-0.244140625,0.78125,-0.28076171875,0.59814453125,0.10986328125,-0.7080078125,0.2685546875,-1.13525390625,0.03662109375,-0.62255859375,-0.146484375,-0.89111328125,-0.06103515625,-0.244140625,-0.10986328125,-0.732421875,-0.09765625,-0.45166015625,-0.03662109375,0.48828125,0.439453125,0.89111328125,-0.1220703125,0.341796875,-0.10986328125,-0.244140625,0.35400390625,0.6591796875,0.01220703125,0.64697265625,-0.0732421875,0.4638671875,1.08642578125,0.96435546875,0.244140625,-0.18310546875,-0.01220703125,-0.048828125,0.13427734375,0.6103515625,-0.0244140625,0.146484375,-0.06103515625,0.0732421875,0.23193359375,0.29296875,0.048828125,0.86669921875,-0.146484375,0.01220703125,0.06103515625,1.26953125,-0.20751953125,3.4423828125,-0.03662109375,1.5869140625,-0.52490234375,0.01220703125,-0.23193359375,0.634765625,0.09765625,-0.62255859375,-0.390625,0.4150390625,-0.1220703125,2.40478515625,-0.13427734375,0.048828125,-0.18310546875,-0.67138671875,-0.01220703125,-0.7080078125,-0.09765625,-0.57373046875,0.06103515625,-0.048828125,0.1220703125,1.57470703125,-0.15869140625,0.68359375,0.10986328125,0.537109375,0,7.861328125,-0.3173828125,0.341796875,-0.08544921875,0,-0.06103515625,0.06103515625,0.01220703125,0.1708984375,0.06103515625,0.03662109375,0.06103515625,0.96435546875,-0.1708984375,-0.30517578125,-0.06103515625,-0.29296875
1,-0.72021484375,-0.35400390625,-0.40283203125,-0.40283203125,-0.03662109375,-0.48828125,0.048828125,-0.13427734375,-0.0732421875,-0.10986328125,-0.09765625,-0.96435546875,-0.08544921875,1.0498046875,0.18310546875,-0.18310546875,0.1220703125,-0.5615234375,-0.08544921875,-0.15869140625,0.30517578125,0.84228515625,-0.28076171875,-0.64697265625,-0.06103515625,-0.06103515625,-0.10986328125,-0.8056640625,-0.2197265625,0.78125,-0.341796875,0.439453125,0.0244140625,-0.64697265625,0.13427734375,-1.03759765625,-0.01220703125,-0.5859375,-0.146484375,-0.84228515625,-0.048828125,-0.25634765625,-0.20751953125,-0.732421875,-0.08544921875,-0.4638671875,-0.0732421875,0.47607421875,0.30517578125,0.74462890625,-0.06103515625,0.32958984375,-0.1708984375,-0.2685546875,0.35400390625,0.64697265625,0,0.64697265625,-0.03662109375,0.4638671875,1.0986328125,0.927734375,0.30517578125,-0.1953125,-0.10986328125,-0.01220703125,0.1220703125,0.634765625,0,0.1708984375,-0.0732421875,0.09765625,0.23193359375,0.30517578125,-0.01220703125,0.830078125,-0.1708984375,0,0.048828125,1.26953125,-0.1953125,3.33251953125,-0.1220703125,1.513671875,-0.47607421875,0.01220703125,-0.20751953125,0.5859375,0.146484375,-0.30517578125,-0.4638671875,0.72021484375,0.13427734375,3.41796875,-0.15869140625,0.40283203125,-0.18310546875,-0.68359375,0,-0.69580078125,-0.0732421875,-0.54931640625,0.10986328125,-0.048828125,0.1220703125,1.611328125,-0.2197265625,0.72021484375,0.1220703125,0.537109375,0.03662109375,8.154296875,-0.32958984375,0.3662109375,-0.09765625,-0.01220703125,-0.06103515625,0.06103515625,0,0.1708984375,0.0732421875,0.15869140625,0.15869140625,1.07421875,-0.13427734375,-0.15869140625,-0.048828125,-0.13427734375
1,-0.7080078125,-0.341796875,-0.4150390625,-0.40283203125,-0.0244140625,-0.47607421875,0.0732421875,-0.1220703125,-0.08544921875,-0.0732421875,-0.1220703125,-0.9521484375,-0.1220703125,1.0498046875,0.1708984375,-0.1953125,0.146484375,-0.5615234375,-0.08544921875,-0.13427734375,0.2685546875,0.84228515625,-0.23193359375,-0.634765625,0.03662109375,-0.09765625,-0.03662109375,-0.8056640625,-0.18310546875,0.76904296875,-0.29296875,0.2197265625,-0.03662109375,-0.5859375,0.01220703125,-0.91552734375,-0.048828125,-0.537109375,-0.10986328125,-0.79345703125,-0.08544921875,-0.28076171875,-0.30517578125,-0.7080078125,-0.08544921875,-0.48828125,-0.15869140625,0.47607421875,0.244140625,0.732421875,0.06103515625,0.341796875,-0.20751953125,-0.29296875,0.32958984375,0.6591796875,-0.03662109375,0.6591796875,-0.01220703125,0.439453125,1.1474609375,0.87890625,0.3662109375,-0.1953125,-0.09765625,0.0732421875,0.13427734375,0.72021484375,0.06103515625,0.1953125,-0.06103515625,0.15869140625,0.2197265625,0.32958984375,-0.08544921875,0.81787109375,-0.13427734375,0,0.03662109375,1.28173828125,-0.0732421875,3.1005859375,-0.13427734375,1.3671875,-0.341796875,-0.03662109375,-0.10986328125,0.47607421875,0.13427734375,-0.01220703125,-0.52490234375,0.9765625,0.10986328125,4.3701171875,-0.15869140625,0.732421875,-0.15869140625,-0.68359375,0.03662109375,-0.69580078125,-0.10986328125,-0.537109375,0.13427734375,-0.0244140625,0.08544921875,1.57470703125,-0.2197265625,0.68359375,0.1220703125,0.50048828125,0.048828125,8.11767578125,-0.30517578125,0.35400390625,-0.10986328125,-0.0244140625,-0.06103515625,0.048828125,-0.0244140625,0.15869140625,0.09765625,0.29296875,0.08544921875,1.20849609375,-0.13427734375,-0.03662109375,-0.10986328125,0.06103515625
1,-0.67138671875,-0.341796875,-0.4150390625,-0.390625,-0.0244140625,-0.439453125,0.0732421875,-0.10986328125,-0.1220703125,-0.03662109375,-0.1220703125,-0.93994140625,-0.10986328125,1.06201171875,0.146484375,-0.18310546875,0.15869140625,-0.54931640625,-0.0732421875,-0.13427734375,0.32958984375,0.830078125,-0.20751953125,-0.62255859375,0.048828125,-0.1220703125,-0.03662109375,-0.81787109375,-0.18310546875,0.76904296875,-0.30517578125,0.048828125,-0.08544921875,-0.54931640625,-0.08544921875,-0.830078125,-0.09765625,-0.48828125,-0.0732421875,-0.74462890625,-0.08544921875,-0.28076171875,-0.37841796875,-0.7080078125,-0.13427734375,-0.47607421875,-0.10986328125,0.5126953125,0.146484375,0.81787109375,0.10986328125,0.35400390625,-0.25634765625,-0.29296875,0.25634765625,0.64697265625,-0.048828125,0.62255859375,0.0244140625,0.439453125,1.1474609375,0.79345703125,0.341796875,-0.1953125,-0.048828125,0.18310546875,0.1953125,0.81787109375,0.15869140625,0.23193359375,-0.06103515625,0.2197265625,0.244140625,0.32958984375,-0.146484375,0.78125,-0.0732421875,-0.03662109375,-0.01220703125,1.2939453125,-0.09765625,2.67333984375,-0.1220703125,1.20849609375,-0.18310546875,-0.1220703125,-0.048828125,0.30517578125,0.13427734375,0.2197265625,-0.57373046875,1.171875,0.10986328125,5.16357421875,-0.18310546875,1.0009765625,-0.10986328125,-0.68359375,0.0732421875,-0.68359375,-0.15869140625,-0.5615234375,0.1220703125,-0.03662109375,0.048828125,1.47705078125,-0.1953125,0.57373046875,0.08544921875,0.4150390625,-0.0732421875,7.8125,-0.2685546875,0.35400390625,-0.08544921875,-0.0244140625,-0.06103515625,0.0244140625,-0.06103515625,0.146484375,0.06103515625,0.439453125,0.10986328125,1.33056640625,-0.13427734375,0.0732421875,-0.13427734375,0.23193359375
1,-0.67138671875,-0.341796875,-0.40283203125,-0.37841796875,-0.03662109375,-0.439453125,0.06103515625,-0.10986328125,-0.1220703125,0,-0.09765625,-0.927734375,-0.10986328125,1.07421875,0.10986328125,-0.18310546875,0.09765625,-0.54931640625,-0.06103515625,-0.13427734375,0.29296875,0.830078125,-0.1953125,-0.62255859375,0.10986328125,-0.146484375,-0.03662109375,-0.79345703125,-0.20751953125,0.76904296875,-0.244140625,-0.06103515625,-0.10986328125,-0.52490234375,-0.13427734375,-0.79345703125,-0.1708984375,-0.47607421875,-0.048828125,-0.732421875,-0.13427734375,-0.28076171875,-0.37841796875,-0.7080078125,-0.2197265625,-0.45166015625,-0.15869140625,0.537109375,0.08544921875,0.96435546875,0.2197265625,0.390625,-0.32958984375,-0.29296875,0.1953125,0.69580078125,-0.0244140625,0.6103515625,0,0.439453125,1.171875,0.69580078125,0.28076171875,-0.1708984375,-0.03662109375,0.30517578125,0.10986328125,0.927734375,0.18310546875,0.28076171875,-0.15869140625,0.2685546875,0.244140625,0.32958984375,-0.146484375,0.76904296875,0.0244140625,-0.06103515625,-0.06103515625,1.26953125,-0.09765625,2.11181640625,-0.09765625,0.9765625,-0.03662109375,-0.2685546875,0.03662109375,0.13427734375,0.10986328125,0.390625,-0.5859375,1.3427734375,0.048828125,5.77392578125,-0.20751953125,1.220703125,-0.0244140625,-0.68359375,0.08544921875,-0.6591796875,-0.18310546875,-0.5615234375,0.08544921875,-0.048828125,0.01220703125,1.30615234375,-0.1708984375,0.40283203125,0.03662109375,0.2685546875,-0.244140625,7.26318359375,-0.25634765625,0.341796875,-0.08544921875,-0.01220703125,-0.048828125,-0.0244140625,-0.0732421875,0.13427734375,0.08544921875,0.54931640625,0.18310546875,1.416015625,-0.0732421875,0.18310546875,-0.09765625,0.40283203125
1,-0.6591796875,-0.341796875,-0.390625,-0.37841796875,-0.03662109375,-0.4150390625,0.06103515625,-0.0732421875,-0.146484375,-0.01220703125,-0.09765625,-0.91552734375,-0.09765625,1.07421875,0.1220703125,-0.1708984375,0.06103515625,-0.5615234375,-0.048828125,-0.13427734375,0.30517578125,0.830078125,-0.15869140625,-0.634765625,0.1708984375,-0.15869140625,-0.03662109375,-0.7568359375,-0.20751953125,0.81787109375,-0.20751953125,-0.0732421875,-0.10986328125,-0.54931640625,-0.146484375,-0.830078125,-0.2197265625,-0.45166015625,0,-0.732421875,-0.15869140625,-0.29296875,-0.390625,-0.69580078125,-0.30517578125,-0.439453125,-0.146484375,0.5859375,0.03662109375,1.13525390625,0.32958984375,0.50048828125,-0.32958984375,-0.244140625,0.146484375,0.74462890625,-0.01220703125,0.6103515625,-0.0244140625,0.439453125,1.18408203125,0.59814453125,0.20751953125,-0.146484375,0,0.390625,0.01220703125,1.03759765625,0.146484375,0.341796875,-0.15869140625,0.32958984375,0.2197265625,0.30517578125,-0.146484375,0.76904296875,0.09765625,-0.0732421875,-0.08544921875,1.28173828125,-0.048828125,1.3916015625,-0.01220703125,0.72021484375,0.1220703125,-0.45166015625,0.08544921875,-0.09765625,0.06103515625,0.50048828125,-0.57373046875,1.4404296875,-0.09765625,6.09130859375,-0.2197265625,1.33056640625,-0.01220703125,-0.69580078125,0.048828125,-0.6591796875,-0.2685546875,-0.5615234375,0.01220703125,-0.03662109375,-0.03662109375,1.13525390625,-0.13427734375,0.2197265625,-0.01220703125,0.10986328125,-0.32958984375,6.57958984375,-0.28076171875,0.341796875,-0.08544921875,-0.01220703125,-0.06103515625,-0.0244140625,-0.10986328125,0.146484375,0.0732421875,0.634765625,0.1953125,1.46484375,-0.0732421875,0.2197265625,-0.1220703125,0.48828125
1,-0.67138671875,-0.35400390625,-0.3662109375,-0.35400390625,-0.03662109375,-0.42724609375,0.06103515625,-0.08544921875,-0.146484375,-0.01220703125,-0.08544921875,-0.91552734375,-0.0732421875,1.06201171875,0.09765625,-0.15869140625,0,-0.57373046875,-0.048828125,-0.09765625,0.37841796875,0.8056640625,-0.1708984375,-0.64697265625,0.20751953125,-0.1708984375,-0.01220703125,-0.74462890625,-0.28076171875,0.8544921875,-0.146484375,0.01220703125,-0.0732421875,-0.5615234375,-0.13427734375,-0.9033203125,-0.25634765625,-0.48828125,-0.0244140625,-0.7568359375,-0.146484375,-0.3173828125,-0.35400390625,-0.7080078125,-0.390625,-0.40283203125,-0.09765625,0.59814453125,0,1.318359375,0.32958984375,0.537109375,-0.3173828125,-0.1953125,0.0244140625,0.78125,0.0732421875,0.6103515625,-0.03662109375,0.439453125,1.123046875,0.52490234375,0.1220703125,-0.1220703125,0.0244140625,0.42724609375,-0.08544921875,1.0986328125,0.1220703125,0.3662109375,-0.13427734375,0.35400390625,0.146484375,0.25634765625,-0.15869140625,0.79345703125,0.1220703125,-0.09765625,-0.146484375,1.25732421875,-0.08544921875,0.62255859375,0.03662109375,0.439453125,0.2685546875,-0.634765625,0.10986328125,-0.30517578125,0.06103515625,0.537109375,-0.5126953125,1.42822265625,-0.1953125,6.15234375,-0.25634765625,1.35498046875,-0.0244140625,-0.68359375,-0.01220703125,-0.64697265625,-0.30517578125,-0.57373046875,-0.0732421875,-0.03662109375,-0.06103515625,0.927734375,-0.10986328125,0.03662109375,-0.10986328125,-0.048828125,-0.4150390625,5.84716796875,-0.2685546875,0.341796875,-0.06103515625,-0.01220703125,-0.06103515625,-0.0244140625,-0.09765625,0.10986328125,0.0732421875,0.6591796875,0.146484375,1.4404296875,-0.10986328125,0.1708984375,-0.146484375,0.5126953125
1,-0.67138671875,-0.35400390625,-0.35400390625,-0.37841796875,-0.03662109375,-0.4150390625,0.0244140625,-0.0732421875,-0.1708984375,-0.03662109375,-0.0732421875,-0.87890625,-0.06103515625,1.08642578125,0.06103515625,-0.15869140625,-0.08544921875,-0.5615234375,-0.0244140625,-0.09765625,0.390625,0.830078125,-0.1708984375,-0.634765625,0.2197265625,-0.13427734375,-0.048828125,-0.68359375,-0.341796875,0.91552734375,-0.1220703125,0.1708984375,-0.03662109375,-0.62255859375,-0.08544921875,-1.01318359375,-0.28076171875,-0.5126953125,-0.03662109375,-0.78125,-0.1708984375,-0.30517578125,-0.2685546875,-0.7080078125,-0.4638671875,-0.390625,-0.0244140625,0.62255859375,0.09765625,1.42822265625,0.4150390625,0.59814453125,-0.29296875,-0.146484375,-0.08544921875,0.81787109375,0.1708984375,0.6103515625,-0.10986328125,0.45166015625,1.07421875,0.4638671875,0.08544921875,-0.10986328125,0.08544921875,0.4638671875,-0.1220703125,1.13525390625,0.08544921875,0.4150390625,-0.146484375,0.3662109375,0.0732421875,0.23193359375,-0.18310546875,0.8056640625,0.146484375,-0.0732421875,-0.20751953125,1.26953125,-0.10986328125,-0.10986328125,0.10986328125,0.18310546875,0.3662109375,-0.8056640625,0.10986328125,-0.48828125,0.0732421875,0.48828125,-0.4638671875,1.42822265625,-0.32958984375,5.9814453125,-0.25634765625,1.28173828125,-0.01220703125,-0.68359375,-0.0732421875,-0.64697265625,-0.30517578125,-0.57373046875,-0.10986328125,-0.03662109375,-0.048828125,0.74462890625,-0.048828125,-0.1220703125,-0.13427734375,-0.2197265625,-0.45166015625,5.18798828125,-0.25634765625,0.341796875,-0.06103515625,0.01220703125,-0.0732421875,-0.0244140625,-0.13427734375,0.13427734375,0.048828125,0.59814453125,0.20751953125,1.3916015625,-0.1220703125,0.09765625,-0.15869140625,0.4150390625
0,-0.68359375,-0.37841796875,-0.3662109375,-0.37841796875,-0.048828125,-0.42724609375,0.01220703125,-0.08544921875,-0.1708984375,-0.08544921875,-0.048828125,-0.86669921875,-0.01220703125,1.07421875,0.0732421875,-0.1708984375,-0.13427734375,-0.57373046875,-0.048828125,-0.10986328125,0.4638671875,0.84228515625,-0.20751953125,-0.634765625,0.1953125,-0.08544921875,-0.0732421875,-0.64697265625,-0.35400390625,0.9765625,-0.1220703125,0.35400390625,-0.0244140625,-0.67138671875,-0.0244140625,-1.11083984375,-0.29296875,-0.54931640625,-0.01220703125,-0.81787109375,-0.146484375,-0.29296875,-0.2197265625,-0.72021484375,-0.5126953125,-0.390625,0.0244140625,0.62255859375,0.146484375,1.4892578125,0.40283203125,0.634765625,-0.25634765625,-0.09765625,-0.20751953125,0.8544921875,0.23193359375,0.5859375,-0.13427734375,0.439453125,1.03759765625,0.4638671875,0.03662109375,-0.09765625,0.1220703125,0.4638671875,-0.15869140625,1.13525390625,0.0244140625,0.42724609375,-0.13427734375,0.37841796875,0.01220703125,0.1953125,-0.18310546875,0.8056640625,0.1220703125,-0.0732421875,-0.2197265625,1.26953125,-0.18310546875,-0.72021484375,0.146484375,-0.01220703125,0.4150390625,-0.9765625,0.0732421875,-0.6591796875,0.10986328125,0.3662109375,-0.341796875,1.2939453125,-0.37841796875,5.60302734375,-0.244140625,1.11083984375,-0.06103515625,-0.69580078125,-0.13427734375,-0.64697265625,-0.32958984375,-0.5859375,-0.15869140625,-0.03662109375,-0.048828125,0.5859375,-0.01220703125,-0.25634765625,-0.1708984375,-0.30517578125,-0.40283203125,4.6630859375,-0.29296875,0.35400390625,-0.06103515625,0.01220703125,-0.06103515625,0,-0.146484375,0.13427734375,0.06103515625,0.47607421875,0.244140625,1.3671875,-0.09765625,0.03662109375,-0.15869140625,0.30517578125
0,-0.69580078125,-0.390625,-0.32958984375,-0.37841796875,-0.0732421875,-0.42724609375,-0.0244140625,-0.09765625,-0.1220703125,-0.10986328125,-0.048828125,-0.9033203125,0,1.06201171875,0.06103515625,-0.15869140625,-0.15869140625,-0.57373046875,-0.08544921875,-0.09765625,0.5126953125,0.8544921875,-0.23193359375,-0.634765625,0.15869140625,-0.03662109375,-0.0732421875,-0.634765625,-0.37841796875,1.025390625,-0.1220703125,0.52490234375,-0.06103515625,-0.7080078125,0.08544921875,-1.20849609375,-0.29296875,-0.57373046875,0.01220703125,-0.8544921875,-0.1708984375,-0.28076171875,-0.1953125,-0.72021484375,-0.57373046875,-0.37841796875,0.048828125,0.6103515625,0.244140625,1.45263671875,0.341796875,0.6591796875,-0.25634765625,-0.048828125,-0.3173828125,0.84228515625,0.32958984375,0.59814453125,-0.1708984375,0.45166015625,0.87890625,0.47607421875,-0.03662109375,-0.08544921875,0.13427734375,0.439453125,-0.1708984375,1.07421875,-0.08544921875,0.40283203125,-0.13427734375,0.341796875,-0.09765625,0.1708984375,-0.20751953125,0.81787109375,0.1220703125,-0.06103515625,-0.1708984375,1.28173828125,-0.15869140625,-1.08642578125,0.1708984375,-0.1220703125,0.40283203125,-1.06201171875,0.01220703125,-0.72021484375,0.15869140625,0.15869140625,-0.25634765625,1.123046875,-0.35400390625,5.01708984375,-0.20751953125,0.87890625,-0.0732421875,-0.69580078125,-0.1708984375,-0.6591796875,-0.30517578125,-0.5859375,-0.10986328125,-0.0244140625,0.0244140625,0.5126953125,0.0732421875,-0.341796875,-0.1708984375,-0.3173828125,-0.4150390625,4.40673828125,-0.28076171875,0.35400390625,-0.06103515625,-0.0244140625,-0.06103515625,0.01220703125,-0.146484375,0.13427734375,0.048828125,0.37841796875,0.30517578125,1.4404296875,-0.06103515625,-0.01220703125,-0.1220703125,0.2197265625
0,-0.6591796875,-0.40283203125,-0.32958984375,-0.390625,-0.06103515625,-0.42724609375,-0.03662109375,-0.1220703125,-0.10986328125,-0.10986328125,-0.0244140625,-0.9033203125,0.03662109375,1.06201171875,0.048828125,-0.1708984375,-0.1953125,-0.57373046875,-0.08544921875,-0.10986328125,0.5126953125,0.84228515625,-0.18310546875,-0.62255859375,0.10986328125,0,-0.06103515625,-0.634765625,-0.32958984375,1.06201171875,-0.13427734375,0.62255859375,-0.09765625,-0.69580078125,0.20751953125,-1.26953125,-0.32958984375,-0.57373046875,0.0732421875,-0.89111328125,-0.1953125,-0.23193359375,-0.1708984375,-0.72021484375,-0.62255859375,-0.40283203125,0.048828125,0.59814453125,0.30517578125,1.35498046875,0.2685546875,0.634765625,-0.28076171875,-0.048828125,-0.40283203125,0.830078125,0.35400390625,0.59814453125,-0.18310546875,0.45166015625,0.927734375,0.537109375,-0.1220703125,-0.08544921875,0.15869140625,0.37841796875,-0.23193359375,0.9765625,-0.18310546875,0.35400390625,-0.10986328125,0.30517578125,-0.13427734375,0.1708984375,-0.1953125,0.86669921875,0.0732421875,-0.048828125,-0.13427734375,1.25732421875,-0.1953125,-1.1962890625,0.1708984375,-0.1220703125,0.40283203125,-1.13525390625,-0.048828125,-0.74462890625,0.18310546875,-0.0732421875,-0.1708984375,0.93994140625,-0.32958984375,4.345703125,-0.146484375,0.59814453125,-0.048828125,-0.69580078125,-0.20751953125,-0.69580078125,-0.28076171875,-0.57373046875,-0.0732421875,-0.03662109375,0.048828125,0.50048828125,0.1220703125,-0.341796875,-0.146484375,-0.3173828125,-0.45166015625,4.38232421875,-0.2685546875,0.35400390625,-0.048828125,-0.0244140625,-0.048828125,0.0244140625,-0.146484375,0.13427734375,0.048828125,0.37841796875,0.28076171875,1.611328125,-0.0732421875,0.01220703125,-0.13427734375,0.2197265625
0,-0.6591796875,-0.37841796875,-0.32958984375,-0.390625,-0.06103515625,-0.45166015625,-0.0244140625,-0.10986328125,-0.0732421875,-0.09765625,-0.0244140625,-0.91552734375,0.048828125,1.0498046875,0.048828125,-0.18310546875,-0.18310546875,-0.5859375,-0.09765625,-0.13427734375,0.54931640625,0.830078125,-0.146484375,-0.6103515625,0.13427734375,0,-0.0732421875,-0.634765625,-0.2197265625,1.07421875,-0.146484375,0.64697265625,-0.146484375,-0.67138671875,0.23193359375,-1.2939453125,-0.30517578125,-0.5859375,0.09765625,-0.9033203125,-0.23193359375,-0.2197265625,-0.18310546875,-0.72021484375,-0.62255859375,-0.4150390625,0.06103515625,0.5615234375,0.23193359375,1.20849609375,0.2197265625,0.59814453125,-0.29296875,-0.06103515625,-0.4638671875,0.81787109375,0.3662109375,0.634765625,-0.20751953125,0.439453125,0.89111328125,0.59814453125,-0.23193359375,-0.08544921875,0.13427734375,0.341796875,-0.23193359375,0.9033203125,-0.25634765625,0.30517578125,-0.146484375,0.28076171875,-0.1220703125,0.1953125,-0.244140625,0.87890625,0.048828125,0,-0.03662109375,1.2939453125,-0.15869140625,-1.025390625,0.13427734375,-0.06103515625,0.341796875,-1.0986328125,-0.15869140625,-0.67138671875,0.15869140625,-0.3662109375,-0.10986328125,0.72021484375,-0.244140625,3.5400390625,-0.1220703125,0.30517578125,-0.06103515625,-0.7080078125,-0.18310546875,-0.69580078125,-0.20751953125,-0.5615234375,-0.0244140625,-0.03662109375,0.09765625,0.52490234375,0.1708984375,-0.30517578125,-0.09765625,-0.2685546875,-0.439453125,4.5654296875,-0.23193359375,0.32958984375,-0.06103515625,-0.03662109375,-0.06103515625,0.03662109375,-0.146484375,0.13427734375,0.06103515625,0.50048828125,0.30517578125,1.9775390625,-0.0244140625,0.146484375,-0.10986328125,0.40283203125
0,-0.62255859375,-0.341796875,-0.341796875,-0.390625,-0.03662109375,-0.45166015625,-0.0244140625,-0.09765625,-0.048828125,-0.08544921875,-0.0244140625,-0.91552734375,0.08544921875,1.06201171875,0.03662109375,-0.18310546875,-0.18310546875,-0.5859375,-0.09765625,-0.1220703125,0.54931640625,0.81787109375,-0.08544921875,-0.6103515625,0.146484375,0,-0.10986328125,-0.67138671875,-0.08544921875,1.0498046875,-0.08544921875,0.5859375,-0.13427734375,-0.634765625,0.2685546875,-1.23291015625,-0.2197265625,-0.57373046875,0.146484375,-0.9033203125,-0.25634765625,-0.1953125,-0.1953125,-0.732421875,-0.59814453125,-0.4638671875,-0.03662109375,0.537109375,0.10986328125,1.0498046875,0.2197265625,0.52490234375,-0.29296875,-0.09765625,-0.4638671875,0.76904296875,0.3662109375,0.6103515625,-0.244140625,0.4150390625,0.8056640625,0.64697265625,-0.32958984375,-0.10986328125,0.1220703125,0.28076171875,-0.23193359375,0.8056640625,-0.29296875,0.2197265625,-0.146484375,0.25634765625,-0.10986328125,0.244140625,-0.29296875,0.8544921875,0.01220703125,0.03662109375,0.06103515625,1.28173828125,-0.0732421875,-0.54931640625,0.08544921875,0.146484375,0.244140625,-1.0009765625,-0.23193359375,-0.52490234375,0.13427734375,-0.62255859375,-0.06103515625,0.47607421875,-0.10986328125,2.734375,-0.048828125,-0.03662109375,-0.0732421875,-0.7080078125,-0.1220703125,-0.68359375,-0.0732421875,-0.57373046875,0.03662109375,-0.01220703125,0.1953125,0.5615234375,0.1953125,-0.23193359375,-0.0244140625,-0.1708984375,-0.45166015625,4.9072265625,-0.1953125,0.3173828125,-0.08544921875,-0.048828125,-0.0732421875,0.01220703125,-0.13427734375,0.13427734375,0.06103515625,0.79345703125,0.18310546875,2.5390625,-0.0244140625,0.439453125,-0.10986328125,0.7568359375
0,-0.634765625,-0.28076171875,-0.32958984375,-0.37841796875,-0.0732421875,-0.45166015625,0,-0.08544921875,-0.0244140625,-0.08544921875,-0.03662109375,-0.927734375,0.09765625,1.0498046875,0.01220703125,-0.18310546875,-0.146484375,-0.57373046875,-0.09765625,-0.146484375,0.5615234375,0.8544921875,-0.03662109375,-0.59814453125,0.2197265625,-0.0244140625,-0.1708984375,-0.69580078125,0.048828125,1.025390625,-0.18310546875,0.42724609375,-0.18310546875,-0.59814453125,0.23193359375,-1.171875,-0.1953125,-0.57373046875,0.18310546875,-0.91552734375,-0.29296875,-0.1953125,-0.23193359375,-0.72021484375,-0.537109375,-0.47607421875,-0.09765625,0.52490234375,0.0244140625,0.89111328125,0.1220703125,0.45166015625,-0.25634765625,-0.15869140625,-0.37841796875,0.7080078125,0.3173828125,0.6103515625,-0.23193359375,0.4150390625,0.81787109375,0.6591796875,-0.3662109375,-0.13427734375,0.1220703125,0.23193359375,-0.1953125,0.732421875,-0.29296875,0.1708984375,-0.15869140625,0.2197265625,-0.0732421875,0.30517578125,-0.2685546875,0.8544921875,0.01220703125,0.0244140625,0.1220703125,1.2939453125,-0.1220703125,0.15869140625,0.048828125,0.42724609375,0.10986328125,-0.79345703125,-0.3173828125,-0.32958984375,0.09765625,-0.89111328125,-0.0732421875,0.244140625,-0.0244140625,1.9287109375,0.03662109375,-0.35400390625,-0.08544921875,-0.7080078125,-0.0732421875,-0.69580078125,-0.048828125,-0.54931640625,0.0732421875,-0.01220703125,0.1953125,0.634765625,0.1953125,-0.15869140625,0.06103515625,-0.10986328125,-0.45166015625,5.224609375,-0.2197265625,0.30517578125,-0.09765625,-0.03662109375,-0.0732421875,0,-0.1220703125,0.1220703125,0.0244140625,1.30615234375,0.08544921875,3.3203125,-0.01220703125,0.86669921875,-0.1220703125,1.318359375
0,-0.6103515625,-0.15869140625,-0.32958984375,-0.3662109375,-0.08544921875,-0.47607421875,0.01220703125,-0.08544921875,0,-0.06103515625,-0.0244140625,-0.89111328125,0.09765625,1.0498046875,-0.0732421875,-0.1953125,-0.09765625,-0.57373046875,-0.08544921875,-0.13427734375,0.5859375,0.8544921875,0.0244140625,-0.6103515625,0.28076171875,-0.048828125,-0.1953125,-0.72021484375,0.18310546875,0.98876953125,-0.2685546875,0.28076171875,-0.15869140625,-0.5615234375,0.1708984375,-1.0986328125,-0.15869140625,-0.5615234375,0.23193359375,-0.9033203125,-0.30517578125,-0.1953125,-0.2197265625,-0.7080078125,-0.50048828125,-0.48828125,-0.1220703125,0.52490234375,-0.06103515625,0.81787109375,0.08544921875,0.4150390625,-0.20751953125,-0.20751953125,-0.29296875,0.68359375,0.244140625,0.6103515625,-0.18310546875,0.42724609375,0.7568359375,0.64697265625,-0.42724609375,-0.13427734375,0.0732421875,0.2197265625,-0.23193359375,0.68359375,-0.244140625,0.13427734375,-0.20751953125,0.1953125,-0.03662109375,0.390625,-0.25634765625,0.81787109375,0.01220703125,0.01220703125,0.13427734375,1.28173828125,0.01220703125,1.025390625,-0.03662109375,0.76904296875,-0.048828125,-0.5859375,-0.32958984375,-0.0732421875,0.09765625,-1.15966796875,-0.06103515625,0.0244140625,0.08544921875,1.1962890625,0.09765625,-0.67138671875,-0.09765625,-0.69580078125,-0.01220703125,-0.67138671875,0.0244140625,-0.5859375,0.09765625,-0.03662109375,0.20751953125,0.68359375,0.146484375,-0.09765625,0.1220703125,-0.06103515625,-0.42724609375,5.43212890625,-0.2197265625,0.30517578125,-0.09765625,-0.0244140625,-0.06103515625,-0.01220703125,-0.1220703125,0.146484375,0.03662109375,1.91650390625,0.08544921875,4.21142578125,-0.0244140625,1.416015625,-0.09765625,2.0751953125
0,-0.64697265625,-0.03662109375,-0.30517578125,-0.3662109375,-0.09765625,-0.47607421875,0.0244140625,-0.08544921875,-0.01220703125,-0.06103515625,0,-0.9033203125,0.08544921875,1.06201171875,-0.08544921875,-0.1953125,-0.03662109375,-0.57373046875,-0.048828125,-0.1220703125,0.64697265625,0.8544921875,0.01220703125,-0.62255859375,0.35400390625,-0.08544921875,-0.1953125,-0.7568359375,0.20751953125,0.927734375,-0.30517578125,0.08544921875,-0.13427734375,-0.537109375,0.10986328125,-1.025390625,-0.09765625,-0.5615234375,0.29296875,-0.86669921875,-0.2685546875,-0.20751953125,-0.2197265625,-0.69580078125,-0.45166015625,-0.48828125,-0.18310546875,0.537109375,-0.146484375,0.78125,0.06103515625,0.37841796875,-0.13427734375,-0.2685546875,-0.20751953125,0.6591796875,0.1953125,0.6103515625,-0.1220703125,0.439453125,0.72021484375,0.6103515625,-0.47607421875,-0.1220703125,0.0732421875,0.2197265625,-0.23193359375,0.7080078125,-0.13427734375,0.1220703125,-0.20751953125,0.15869140625,-0.01220703125,0.50048828125,-0.1953125,0.81787109375,0.0732421875,0,0.1220703125,1.28173828125,0.08544921875,1.9775390625,-0.03662109375,1.123046875,-0.1708984375,-0.32958984375,-0.25634765625,0.20751953125,0.06103515625,-1.35498046875,-0.09765625,-0.1708984375,0.15869140625,0.5126953125,0.13427734375,-0.93994140625,-0.09765625,-0.69580078125,-0.048828125,-0.67138671875,0.0244140625,-0.57373046875,0.18310546875,-0.048828125,0.146484375,0.68359375,0.13427734375,-0.0732421875,0.146484375,-0.06103515625,-0.4150390625,5.40771484375,-0.20751953125,0.30517578125,-0.08544921875,-0.03662109375,-0.06103515625,-0.06103515625,-0.09765625,0.146484375,-0.0244140625,2.6611328125,0.01220703125,5.18798828125,-0.06103515625,1.98974609375,-0.09765625,2.91748046875
0,-0.6103515625,0.10986328125,-0.2685546875,-0.3662109375,-0.0732421875,-0.47607421875,0.03662109375,-0.0732421875,0,-0.048828125,0.01220703125,-0.87890625,0.048828125,1.03759765625,-0.10986328125,-0.15869140625,-0.01220703125,-0.57373046875,0,-0.13427734375,0.6591796875,0.86669921875,-0.01220703125,-0.6103515625,0.3662109375,-0.1220703125,-0.2197265625,-0.76904296875,0.1953125,0.89111328125,-0.390625,-0.03662109375,-0.1220703125,-0.537109375,0,-0.9521484375,-0.048828125,-0.54931640625,0.29296875,-0.8544921875,-0.2197265625,-0.244140625,-0.1953125,-0.7080078125,-0.42724609375,-0.48828125,-0.18310546875,0.57373046875,-0.3173828125,0.830078125,0.0732421875,0.37841796875,-0.10986328125,-0.28076171875,-0.13427734375,0.6591796875,0.1220703125,0.6103515625,-0.06103515625,0.45166015625,0.7568359375,0.54931640625,-0.5615234375,-0.15869140625,0,0.244140625,-0.28076171875,0.732421875,-0.08544921875,0.146484375,-0.32958984375,0.1708984375,-0.0244140625,0.59814453125,-0.09765625,0.76904296875,0.13427734375,-0.0244140625,0.09765625,1.26953125,0.09765625,2.9541015625,-0.03662109375,1.513671875,-0.29296875,-0.08544921875,-0.1708984375,0.47607421875,0.06103515625,-1.5380859375,-0.1220703125,-0.32958984375,0.2685546875,-0.01220703125,0.146484375,-1.1474609375,-0.09765625,-0.69580078125,-0.06103515625,-0.6591796875,0.0244140625,-0.5859375,0.2197265625,-0.03662109375,0.048828125,0.59814453125,0.06103515625,-0.15869140625,0.146484375,-0.13427734375,-0.28076171875,5.04150390625,-0.18310546875,0.28076171875,-0.08544921875,-0.0244140625,-0.06103515625,-0.08544921875,-0.09765625,0.146484375,0,3.43017578125,0.15869140625,6.14013671875,-0.0244140625,2.57568359375,-0.03662109375,3.82080078125
0,-0.6103515625,0.2197265625,-0.25634765625,-0.341796875,-0.06103515625,-0.45166015625,0.048828125,-0.08544921875,0,-0.03662109375,0.03662109375,-0.89111328125,0.03662109375,1.06201171875,-0.1220703125,-0.18310546875,0,-0.5859375,0.01220703125,-0.13427734375,0.62255859375,0.86669921875,-0.06103515625,-0.6103515625,0.439453125,-0.1220703125,-0.146484375,-0.76904296875,0.1708984375,0.830078125,-0.3173828125,-0.06103515625,-0.08544921875,-0.5615234375,-0.01220703125,-0.93994140625,0,-0.52490234375,0.29296875,-0.81787109375,-0.18310546875,-0.2685546875,-0.146484375,-0.7080078125,-0.40283203125,-0.47607421875,-0.25634765625,0.59814453125,-0.47607421875,0.9033203125,0.20751953125,0.390625,-0.03662109375,-0.2685546875,-0.048828125,0.67138671875,0.0732421875,0.62255859375,-0.01220703125,0.45166015625,0.69580078125,0.48828125,-0.6591796875,-0.13427734375,-0.03662109375,0.2685546875,-0.3173828125,0.79345703125,-0.0244140625,0.146484375,-0.42724609375,0.1708984375,-0.08544921875,0.69580078125,-0.048828125,0.74462890625,0.1953125,-0.0244140625,0.0732421875,1.28173828125,0.03662109375,3.84521484375,-0.048828125,1.85546875,-0.3173828125,0.18310546875,-0.048828125,0.7568359375,0.03662109375,-1.66015625,-0.13427734375,-0.4150390625,0.32958984375,-0.42724609375,0.15869140625,-1.3427734375,-0.03662109375,-0.69580078125,-0.06103515625,-0.634765625,-0.06103515625,-0.59814453125,0.29296875,-0.06103515625,0.03662109375,0.439453125,0.03662109375,-0.28076171875,0.1220703125,-0.29296875,-0.244140625,4.35791015625,-0.20751953125,0.30517578125,-0.06103515625,-0.01220703125,-0.048828125,-0.09765625,-0.0732421875,0.13427734375,-0.048828125,4.150390625,0.1708984375,6.97021484375,-0.03662109375,3.11279296875,-0.06103515625,4.65087890625
0,-0.59814453125,0.29296875,-0.23193359375,-0.35400390625,-0.0732421875,-0.45166015625,0.048828125,-0.08544921875,-0.0244140625,-0.06103515625,0.048828125,-0.9033203125,0.03662109375,1.06201171875,-0.13427734375,-0.1708984375,0,-0.59814453125,0.01220703125,-0.13427734375,0.54931640625,0.87890625,-0.09765625,-0.62255859375,0.45166015625,-0.13427734375,-0.06103515625,-0.7568359375,0.13427734375,0.79345703125,-0.20751953125,-0.0244140625,-0.13427734375,-0.6103515625,-0.0732421875,-0.93994140625,-0.0244140625,-0.52490234375,0.30517578125,-0.830078125,-0.1953125,-0.25634765625,-0.09765625,-0.72021484375,-0.35400390625,-0.45166015625,-0.3173828125,0.62255859375,-0.634765625,0.98876953125,0.20751953125,0.439453125,0.01220703125,-0.2197265625,0.0244140625,0.72021484375,0.09765625,0.634765625,0,0.4638671875,0.72021484375,0.439453125,-0.68359375,-0.13427734375,-0.048828125,0.28076171875,-0.341796875,0.8544921875,0.06103515625,0.1953125,-0.37841796875,0.15869140625,-0.146484375,0.8056640625,0.048828125,0.74462890625,0.23193359375,-0.06103515625,-0.01220703125,1.25732421875,-0.09765625,4.62646484375,-0.0244140625,2.1728515625,-0.32958984375,0.40283203125,0.0732421875,0.98876953125,0.03662109375,-1.7333984375,-0.13427734375,-0.50048828125,0.37841796875,-0.732421875,0.1708984375,-1.4404296875,0.03662109375,-0.69580078125,-0.03662109375,-0.64697265625,-0.08544921875,-0.5859375,0.29296875,-0.0732421875,-0.0244140625,0.20751953125,-0.06103515625,-0.5126953125,0.08544921875,-0.50048828125,-0.28076171875,3.40576171875,-0.15869140625,0.32958984375,-0.06103515625,-0.01220703125,-0.06103515625,-0.10986328125,-0.048828125,0.13427734375,0,4.72412109375,0.146484375,7.6416015625,-0.03662109375,3.55224609375,0.01220703125,5.322265625
0,-0.5859375,0.32958984375,-0.1953125,-0.3662109375,-0.06103515625,-0.4638671875,0.03662109375,-0.08544921875,-0.0244140625,-0.0732421875,0.048828125,-0.91552734375,0.01220703125,1.06201171875,-0.18310546875,-0.18310546875,0,-0.57373046875,0.048828125,-0.1220703125,0.4150390625,0.87890625,-0.08544921875,-0.62255859375,0.4150390625,-0.1220703125,-0.048828125,-0.7568359375,0.08544921875,0.76904296875,-0.1220703125,0.08544921875,-0.15869140625,-0.64697265625,-0.0732421875,-0.96435546875,-0.06103515625,-0.52490234375,0.341796875,-0.8056640625,-0.23193359375,-0.25634765625,-0.08544921875,-0.732421875,-0.3173828125,-0.45166015625,-0.341796875,0.6591796875,-0.732421875,1.06201171875,0.2197265625,0.47607421875,0.01220703125,-0.1953125,0.06103515625,0.74462890625,0.048828125,0.62255859375,0.048828125,0.4638671875,0.76904296875,0.40283203125,-0.732421875,-0.1220703125,-0.08544921875,0.30517578125,-0.3662109375,0.9033203125,0.048828125,0.20751953125,-0.37841796875,0.18310546875,-0.1953125,0.89111328125,0.10986328125,0.72021484375,0.2197265625,-0.06103515625,-0.0732421875,1.2451171875,-0.1953125,5.2978515625,-0.0244140625,2.42919921875,-0.28076171875,0.5859375,0.1220703125,1.1962890625,-0.01220703125,-1.7822265625,-0.13427734375,-0.54931640625,0.40283203125,-0.89111328125,0.1220703125,-1.50146484375,0.06103515625,-0.69580078125,-0.01220703125,-0.6591796875,-0.15869140625,-0.59814453125,0.25634765625,-0.0732421875,-0.01220703125,-0.06103515625,-0.146484375,-0.76904296875,0.048828125,-0.72021484375,-0.28076171875,2.3193359375,-0.15869140625,0.3173828125,-0.06103515625,-0.01220703125,-0.06103515625,-0.09765625,-0.03662109375,0.146484375,-0.0244140625,5.13916015625,0.13427734375,8.04443359375,-0.03662109375,3.82080078125,-0.03662109375,5.7861328125
0,-0.5615234375,0.32958984375,-0.1953125,-0.3662109375,-0.03662109375,-0.45166015625,0.0244140625,-0.0732421875,0,-0.0732421875,0.0244140625,-0.927734375,-0.0244140625,1.03759765625,-0.1953125,-0.1708984375,-0.048828125,-0.57373046875,0.08544921875,-0.1220703125,0.30517578125,0.89111328125,-0.08544921875,-0.6103515625,0.3662109375,-0.1220703125,0.06103515625,-0.7568359375,0.08544921875,0.732421875,0.01220703125,0.2197265625,-0.18310546875,-0.64697265625,-0.048828125,-1.0009765625,-0.06103515625,-0.52490234375,0.32958984375,-0.79345703125,-0.2685546875,-0.244140625,-0.06103515625,-0.74462890625,-0.29296875,-0.439453125,-0.35400390625,0.64697265625,-0.8056640625,1.11083984375,0.2685546875,0.5126953125,0.0732421875,-0.10986328125,0.18310546875,0.79345703125,0.0732421875,0.64697265625,0.0732421875,0.47607421875,0.72021484375,0.40283203125,-0.76904296875,-0.09765625,0.01220703125,0.29296875,-0.28076171875,0.93994140625,0.0732421875,0.23193359375,-0.30517578125,0.1953125,-0.23193359375,0.927734375,0.13427734375,0.72021484375,0.13427734375,-0.06103515625,-0.1220703125,1.26953125,-0.25634765625,5.7861328125,-0.03662109375,2.62451171875,-0.1708984375,0.74462890625,0.146484375,1.33056640625,-0.0732421875,-1.806640625,-0.0732421875,-0.5615234375,0.35400390625,-0.9765625,0.048828125,-1.5380859375,0.0732421875,-0.68359375,0,-0.6591796875,-0.23193359375,-0.5859375,0.20751953125,-0.08544921875,-0.01220703125,-0.341796875,-0.20751953125,-1.03759765625,0.0244140625,-0.93994140625,-0.23193359375,1.220703125,-0.10986328125,0.32958984375,-0.06103515625,-0.0244140625,-0.06103515625,-0.08544921875,-0.048828125,0.15869140625,-0.06103515625,5.322265625,0.0732421875,8.23974609375,-0.06103515625,3.89404296875,-0.08544921875,5.9814453125
0,-0.5126953125,0.2685546875,-0.18310546875,-0.35400390625,-0.048828125,-0.45166015625,0,-0.06103515625,-0.0244140625,-0.0732421875,0,-0.9033203125,-0.03662109375,1.0498046875,-0.2197265625,-0.146484375,-0.10986328125,-0.54931640625,0.08544921875,-0.1220703125,0.23193359375,0.86669921875,-0.09765625,-0.62255859375,0.25634765625,-0.1220703125,0.0732421875,-0.76904296875,0.0732421875,0.7080078125,0.01220703125,0.3662109375,-0.20751953125,-0.69580078125,0.0244140625,-1.025390625,-0.06103515625,-0.54931640625,0.3662109375,-0.79345703125,-0.32958984375,-0.244140625,-0.08544921875,-0.732421875,-0.2685546875,-0.45166015625,-0.30517578125,0.634765625,-0.830078125,1.11083984375,0.28076171875,0.537109375,0.0244140625,-0.09765625,0.30517578125,0.78125,0.09765625,0.6591796875,0.0732421875,0.45166015625,0.74462890625,0.45166015625,-0.8056640625,-0.09765625,0.0244140625,0.28076171875,-0.1953125,0.93994140625,0.06103515625,0.23193359375,-0.2197265625,0.1953125,-0.18310546875,0.93994140625,0.15869140625,0.7568359375,0.0732421875,-0.06103515625,-0.13427734375,1.26953125,-0.25634765625,6.103515625,-0.01220703125,2.77099609375,-0.0732421875,0.830078125,0.1220703125,1.45263671875,-0.13427734375,-1.79443359375,-0.048828125,-0.5615234375,0.3173828125,-0.9765625,-0.01220703125,-1.52587890625,0.03662109375,-0.67138671875,0.0244140625,-0.67138671875,-0.244140625,-0.5859375,0.10986328125,-0.06103515625,0,-0.5859375,-0.25634765625,-1.30615234375,0,-1.13525390625,-0.23193359375,0.29296875,-0.08544921875,0.3173828125,-0.06103515625,-0.0244140625,-0.0732421875,-0.08544921875,-0.03662109375,0.146484375,-0.0732421875,5.322265625,0.15869140625,8.19091796875,-0.08544921875,3.857421875,-0.048828125,5.95703125
1,-0.5126953125,0.1708984375,-0.1953125,-0.3662109375,-0.03662109375,-0.439453125,-0.0244140625,-0.048828125,-0.03662109375,-0.09765625,0,-0.93994140625,-0.01220703125,1.0498046875,-0.2197265625,-0.15869140625,-0.15869140625,-0.5615234375,0.0732421875,-0.10986328125,0.13427734375,0.86669921875,-0.09765625,-0.5859375,0.18310546875,-0.09765625,0.0732421875,-0.76904296875,0.08544921875,0.72021484375,0,0.48828125,-0.20751953125,-0.67138671875,0.146484375,-1.03759765625,-0.08544921875,-0.537109375,0.341796875,-0.78125,-0.32958984375,-0.25634765625,-0.1220703125,-0.732421875,-0.29296875,-0.439453125,-0.29296875,0.6103515625,-0.8056640625,1.07421875,0.23193359375,0.537109375,-0.0244140625,-0.09765625,0.37841796875,0.76904296875,0.1220703125,0.6591796875,0.06103515625,0.47607421875,0.67138671875,0.5615234375,-0.830078125,-0.09765625,0.0732421875,0.25634765625,-0.1220703125,0.9521484375,0.01220703125,0.23193359375,-0.1953125,0.1953125,-0.09765625,0.93994140625,0.18310546875,0.76904296875,0,-0.06103515625,-0.13427734375,1.28173828125,-0.25634765625,6.25,-0.01220703125,2.783203125,0.048828125,0.84228515625,0.048828125,1.513671875,-0.146484375,-1.77001953125,0,-0.57373046875,0.1953125,-0.9033203125,-0.0244140625,-1.52587890625,0,-0.67138671875,0.01220703125,-0.6591796875,-0.20751953125,-0.5859375,0.01220703125,-0.048828125,0.01220703125,-0.76904296875,-0.2685546875,-1.4892578125,-0.08544921875,-1.25732421875,-0.25634765625,-0.29296875,-0.048828125,0.3173828125,-0.06103515625,-0.03662109375,-0.0732421875,-0.0732421875,-0.048828125,0.1708984375,-0.0732421875,5.126953125,0.20751953125,7.91015625,-0.08544921875,3.662109375,-0.03662109375,5.7373046875
1,-0.50048828125,0.06103515625,-0.18310546875,-0.37841796875,-0.048828125,-0.4638671875,-0.048828125,-0.0732421875,-0.01220703125,-0.09765625,0,-0.927734375,-0.0244140625,1.06201171875,-0.2197265625,-0.15869140625,-0.20751953125,-0.54931640625,0.03662109375,-0.1220703125,0.13427734375,0.8544921875,-0.06103515625,-0.5859375,0.09765625,-0.0732421875,0.048828125,-0.78125,0.06103515625,0.7568359375,-0.10986328125,0.54931640625,-0.20751953125,-0.634765625,0.28076171875,-1.03759765625,-0.09765625,-0.54931640625,0.341796875,-0.76904296875,-0.28076171875,-0.244140625,-0.146484375,-0.72021484375,-0.35400390625,-0.45166015625,-0.23193359375,0.6103515625,-0.7080078125,1.06201171875,0.13427734375,0.5126953125,-0.08544921875,-0.1220703125,0.54931640625,0.76904296875,0.2197265625,0.6591796875,0.048828125,0.4638671875,0.7080078125,0.68359375,-0.8544921875,-0.09765625,0.08544921875,0.2197265625,0.01220703125,0.927734375,-0.048828125,0.20751953125,-0.1220703125,0.1953125,0.01220703125,0.9033203125,0.15869140625,0.830078125,-0.09765625,-0.048828125,-0.10986328125,1.26953125,-0.28076171875,6.23779296875,0.01220703125,2.7587890625,0.09765625,0.87890625,0,1.513671875,-0.1220703125,-1.7578125,0.01220703125,-0.52490234375,0.048828125,-0.8544921875,-0.03662109375,-1.50146484375,-0.03662109375,-0.68359375,0.03662109375,-0.67138671875,-0.1708984375,-0.5859375,-0.048828125,-0.03662109375,-0.0244140625,-0.84228515625,-0.25634765625,-1.55029296875,-0.10986328125,-1.30615234375,-0.23193359375,-0.45166015625,-0.01220703125,0.3173828125,-0.06103515625,-0.0244140625,-0.06103515625,-0.03662109375,-0.048828125,0.15869140625,-0.0732421875,4.82177734375,0.08544921875,7.50732421875,-0.10986328125,3.3935546875,-0.048828125,5.37109375
1,-0.439453125,-0.06103515625,-0.20751953125,-0.40283203125,-0.06103515625,-0.4638671875,-0.048828125,-0.08544921875,-0.06103515625,-0.09765625,0,-0.91552734375,-0.01220703125,1.07421875,-0.20751953125,-0.15869140625,-0.28076171875,-0.54931640625,-0.01220703125,-0.13427734375,0.09765625,0.8544921875,-0.06103515625,-0.59814453125,0.0732421875,-0.08544921875,0.0244140625,-0.76904296875,0.08544921875,0.8056640625,-0.13427734375,0.54931640625,-0.146484375,-0.5615234375,0.3173828125,-1.0009765625,-0.09765625,-0.537109375,0.32958984375,-0.7568359375,-0.2197265625,-0.244140625,-0.2197265625,-0.72021484375,-0.390625,-0.47607421875,-0.18310546875,0.54931640625,-0.6103515625,1.025390625,0.0732421875,0.50048828125,-0.20751953125,-0.15869140625,0.6103515625,0.74462890625,0.2197265625,0.6591796875,0.01220703125,0.4638671875,0.76904296875,0.81787109375,-0.78125,-0.10986328125,0,0.20751953125,0.048828125,0.89111328125,-0.1220703125,0.18310546875,-0.0732421875,0.20751953125,0.1220703125,0.8544921875,0.10986328125,0.79345703125,-0.18310546875,-0.048828125,-0.03662109375,1.26953125,-0.2685546875,6.0791015625,0.06103515625,2.685546875,0.09765625,0.830078125,-0.06103515625,1.46484375,-0.08544921875,-1.72119140625,0,-0.537109375,-0.09765625,-0.79345703125,-0.01220703125,-1.47705078125,-0.048828125,-0.68359375,0.01220703125,-0.6591796875,-0.1220703125,-0.5859375,-0.10986328125,-0.048828125,-0.0244140625,-0.78125,-0.23193359375,-1.52587890625,-0.09765625,-1.2451171875,-0.35400390625,-0.146484375,-0.01220703125,0.3173828125,-0.0732421875,-0.0244140625,-0.06103515625,0,-0.03662109375,0.18310546875,-0.09765625,4.4189453125,0,7.0068359375,-0.1220703125,3.125,-0.08544921875,4.931640625
1,-0.3662109375,-0.15869140625,-0.1708984375,-0.4150390625,-0.0732421875,-0.47607421875,-0.01220703125,-0.1220703125,-0.0732421875,-0.08544921875,0.01220703125,-0.927734375,0.01220703125,1.07421875,-0.1953125,-0.15869140625,-0.29296875,-0.57373046875,-0.06103515625,-0.15869140625,0.0732421875,0.8544921875,-0.10986328125,-0.5859375,0.0732421875,-0.08544921875,0,-0.78125,0.06103515625,0.8544921875,-0.13427734375,0.5126953125,-0.08544921875,-0.537109375,0.32958984375,-0.98876953125,-0.1220703125,-0.537109375,0.30517578125,-0.7568359375,-0.1220703125,-0.2685546875,-0.23193359375,-0.72021484375,-0.390625,-0.47607421875,-0.10986328125,0.5126953125,-0.57373046875,1.025390625,-0.01220703125,0.45166015625,-0.2685546875,-0.20751953125,0.6591796875,0.7080078125,0.244140625,0.6591796875,0.01220703125,0.4638671875,0.76904296875,0.89111328125,-0.7080078125,-0.13427734375,-0.06103515625,0.2197265625,0.20751953125,0.9033203125,-0.0732421875,0.15869140625,-0.03662109375,0.1953125,0.18310546875,0.830078125,0.0244140625,0.76904296875,-0.244140625,-0.03662109375,0.03662109375,1.25732421875,-0.28076171875,5.74951171875,0.09765625,2.5146484375,0.03662109375,0.732421875,-0.0732421875,1.3427734375,-0.06103515625,-1.708984375,0.0244140625,-0.52490234375,-0.25634765625,-0.732421875,-0.0244140625,-1.4404296875,-0.06103515625,-0.67138671875,0.06103515625,-0.6591796875,-0.08544921875,-0.5859375,-0.13427734375,-0.0244140625,-0.01220703125,-0.6103515625,-0.2197265625,-1.37939453125,-0.08544921875,-1.07421875,-0.29296875,0.5615234375,0,0.3173828125,-0.0732421875,-0.01220703125,-0.06103515625,0.0244140625,-0.06103515625,0.15869140625,-0.08544921875,4.01611328125,-0.048828125,6.5185546875,-0.1220703125,2.84423828125,-0.0732421875,4.4677734375
1,-0.30517578125,-0.244140625,-0.146484375,-0.4150390625,-0.0732421875,-0.48828125,-0.01220703125,-0.10986328125,-0.09765625,-0.06103515625,0.0244140625,-0.927734375,0.0244140625,1.06201171875,-0.2197265625,-0.1708984375,-0.2685546875,-0.5859375,-0.10986328125,-0.146484375,0.09765625,0.8544921875,-0.1220703125,-0.59814453125,0.06103515625,-0.08544921875,-0.0732421875,-0.7568359375,0.01220703125,0.9033203125,0.0244140625,0.439453125,0.01220703125,-0.47607421875,0.42724609375,-0.96435546875,-0.13427734375,-0.5126953125,0.28076171875,-0.74462890625,-0.06103515625,-0.2685546875,-0.23193359375,-0.732421875,-0.3662109375,-0.47607421875,-0.0244140625,0.50048828125,-0.537109375,1.0498046875,-0.10986328125,0.45166015625,-0.3662109375,-0.244140625,0.67138671875,0.69580078125,0.25634765625,0.634765625,0.0244140625,0.439453125,0.732421875,0.96435546875,-0.6103515625,-0.13427734375,-0.15869140625,0.23193359375,0.3662109375,0.927734375,-0.06103515625,0.1708984375,0.0244140625,0.2197265625,0.18310546875,0.76904296875,-0.048828125,0.8056640625,-0.2685546875,-0.03662109375,0.0732421875,1.25732421875,-0.23193359375,5.26123046875,0.10986328125,2.30712890625,-0.09765625,0.59814453125,-0.1220703125,1.18408203125,-0.03662109375,-1.6845703125,0.01220703125,-0.50048828125,-0.35400390625,-0.72021484375,0.01220703125,-1.45263671875,-0.08544921875,-0.68359375,0.0732421875,-0.64697265625,-0.0732421875,-0.59814453125,-0.1220703125,-0.03662109375,0.01220703125,-0.29296875,-0.18310546875,-1.123046875,-0.06103515625,-0.84228515625,-0.20751953125,1.6357421875,0.0244140625,0.30517578125,-0.0732421875,-0.01220703125,-0.048828125,0.03662109375,-0.0732421875,0.1708984375,-0.06103515625,3.662109375,-0.08544921875,6.06689453125,-0.09765625,2.60009765625,-0.09765625,4.08935546875
1,-0.25634765625,-0.29296875,-0.15869140625,-0.40283203125,-0.08544921875,-0.4638671875,-0.03662109375,-0.13427734375,-0.1220703125,-0.0244140625,0.03662109375,-0.927734375,0.048828125,1.0498046875,-0.23193359375,-0.1708984375,-0.25634765625,-0.6103515625,-0.15869140625,-0.15869140625,0.13427734375,0.86669921875,-0.18310546875,-0.59814453125,0.0732421875,-0.0732421875,-0.048828125,-0.74462890625,-0.03662109375,0.96435546875,0.06103515625,0.35400390625,0.09765625,-0.42724609375,0.50048828125,-0.93994140625,-0.09765625,-0.50048828125,0.244140625,-0.7568359375,-0.08544921875,-0.3173828125,-0.25634765625,-0.72021484375,-0.3173828125,-0.45166015625,0.03662109375,0.4638671875,-0.48828125,1.0986328125,-0.1220703125,0.45166015625,-0.439453125,-0.23193359375,0.62255859375,0.68359375,0.1708984375,0.62255859375,0.08544921875,0.45166015625,0.78125,0.96435546875,-0.47607421875,-0.146484375,-0.20751953125,0.29296875,0.4150390625,0.93994140625,0,0.20751953125,0.01220703125,0.23193359375,0.1708984375,0.732421875,-0.06103515625,0.78125,-0.25634765625,-0.03662109375,0.0732421875,1.25732421875,-0.18310546875,4.638671875,0.1220703125,2.03857421875,-0.29296875,0.40283203125,-0.146484375,0.9521484375,-0.01220703125,-1.66015625,0.03662109375,-0.50048828125,-0.42724609375,-0.67138671875,0.06103515625,-1.45263671875,-0.08544921875,-0.72021484375,0.09765625,-0.6591796875,-0.01220703125,-0.5859375,-0.10986328125,-0.048828125,0.0732421875,0.048828125,-0.18310546875,-0.8056640625,-0.06103515625,-0.5859375,-0.23193359375,2.86865234375,0.0244140625,0.3173828125,-0.06103515625,0,-0.0732421875,0.0244140625,-0.1220703125,0.1708984375,-0.09765625,3.41796875,-0.0732421875,5.76171875,-0.0732421875,2.44140625,-0.1220703125,3.82080078125
1,-0.25634765625,-0.28076171875,-0.15869140625,-0.390625,-0.0732421875,-0.45166015625,-0.048828125,-0.10986328125,-0.10986328125,-0.0244140625,0.048828125,-0.927734375,0.06103515625,1.0498046875,-0.244140625,-0.15869140625,-0.20751953125,-0.62255859375,-0.20751953125,-0.15869140625,0.1220703125,0.86669921875,-0.15869140625,-0.59814453125,0.0732421875,-0.0732421875,-0.048828125,-0.7080078125,-0.08544921875,1.01318359375,0,0.28076171875,0.13427734375,-0.45166015625,0.45166015625,-0.927734375,-0.08544921875,-0.48828125,0.20751953125,-0.76904296875,-0.13427734375,-0.28076171875,-0.23193359375,-0.7080078125,-0.28076171875,-0.45166015625,0.048828125,0.50048828125,-0.54931640625,1.15966796875,-0.146484375,0.45166015625,-0.45166015625,-0.23193359375,0.57373046875,0.69580078125,0.10986328125,0.59814453125,0.13427734375,0.439453125,0.78125,0.91552734375,-0.42724609375,-0.13427734375,-0.1708984375,0.3662109375,0.4150390625,0.9765625,0.08544921875,0.25634765625,0.03662109375,0.25634765625,0.18310546875,0.69580078125,-0.13427734375,0.76904296875,-0.146484375,-0.03662109375,0.06103515625,1.26953125,-0.146484375,3.86962890625,0.146484375,1.708984375,-0.47607421875,0.23193359375,-0.15869140625,0.7080078125,-0.0244140625,-1.64794921875,0.03662109375,-0.5126953125,-0.4638671875,-0.68359375,0.09765625,-1.4404296875,-0.09765625,-0.69580078125,0.08544921875,-0.64697265625,0.0244140625,-0.5615234375,-0.0732421875,-0.06103515625,0.0732421875,0.45166015625,-0.20751953125,-0.42724609375,-0.09765625,-0.29296875,-0.10986328125,4.18701171875,0.0244140625,0.30517578125,-0.048828125,0,-0.06103515625,0.0732421875,-0.15869140625,0.18310546875,-0.06103515625,3.23486328125,-0.01220703125,5.5419921875,-0.048828125,2.33154296875,-0.08544921875,3.64990234375
1,-0.20751953125,-0.244140625,-0.146484375,-0.37841796875,-0.06103515625,-0.42724609375,-0.03662109375,-0.10986328125,-0.10986328125,-0.0244140625,0.048828125,-0.91552734375,0.048828125,1.06201171875,-0.244140625,-0.15869140625,-0.146484375,-0.6103515625,-0.2197265625,-0.15869140625,0.09765625,0.87890625,-0.15869140625,-0.59814453125,0.0732421875,-0.06103515625,-0.0244140625,-0.68359375,-0.10986328125,1.025390625,0.08544921875,0.244140625,0.15869140625,-0.50048828125,0.52490234375,-0.93994140625,-0.0732421875,-0.45166015625,0.18310546875,-0.8056640625,-0.1953125,-0.28076171875,-0.20751953125,-0.7080078125,-0.1953125,-0.45166015625,0.01220703125,0.5126953125,-0.54931640625,1.23291015625,-0.06103515625,0.48828125,-0.54931640625,-0.18310546875,0.52490234375,0.732421875,0.048828125,0.59814453125,0.146484375,0.439453125,0.732421875,0.81787109375,-0.35400390625,-0.10986328125,-0.146484375,0.42724609375,0.42724609375,1.025390625,0.146484375,0.29296875,0,0.28076171875,0.1953125,0.6591796875,-0.18310546875,0.79345703125,-0.0732421875,-0.03662109375,-0.01220703125,1.2451171875,-0.1220703125,3.0029296875,0.18310546875,1.318359375,-0.57373046875,0,-0.1708984375,0.42724609375,-0.01220703125,-1.64794921875,0.0244140625,-0.48828125,-0.4638671875,-0.68359375,0.146484375,-1.42822265625,-0.15869140625,-0.69580078125,0.13427734375,-0.6591796875,-0.01220703125,-0.59814453125,-0.03662109375,-0.048828125,0.09765625,0.86669921875,-0.20751953125,-0.0732421875,-0.1220703125,-0.01220703125,-0.03662109375,5.40771484375,0.048828125,0.30517578125,-0.0244140625,0,-0.06103515625,0.048828125,-0.1708984375,0.1708984375,-0.0732421875,3.13720703125,-0.048828125,5.45654296875,-0.048828125,2.30712890625,-0.0732421875,3.5888671875
1,-0.1953125,-0.20751953125,-0.1220703125,-0.390625,-0.06103515625,-0.42724609375,-0.03662109375,-0.08544921875,-0.09765625,-0.03662109375,0.0732421875,-0.9033203125,0.0244140625,1.0498046875,-0.2685546875,-0.1708984375,-0.09765625,-0.6103515625,-0.2197265625,-0.13427734375,0.01220703125,0.89111328125,-0.13427734375,-0.5859375,0.10986328125,-0.06103515625,0.048828125,-0.68359375,-0.15869140625,1.01318359375,0.06103515625,0.23193359375,0.0732421875,-0.54931640625,0.48828125,-0.9521484375,-0.08544921875,-0.47607421875,0.18310546875,-0.84228515625,-0.25634765625,-0.2685546875,-0.20751953125,-0.72021484375,-0.10986328125,-0.40283203125,-0.06103515625,0.52490234375,-0.6103515625,1.26953125,0.01220703125,0.52490234375,-0.5615234375,-0.146484375,0.439453125,0.7568359375,-0.01220703125,0.6103515625,0.1220703125,0.4150390625,0.7568359375,0.72021484375,-0.32958984375,-0.09765625,-0.10986328125,0.45166015625,0.32958984375,1.0498046875,0.15869140625,0.32958984375,-0.01220703125,0.28076171875,0.18310546875,0.62255859375,-0.18310546875,0.7568359375,0,-0.048828125,-0.09765625,1.2451171875,-0.1220703125,2.099609375,0.1953125,0.91552734375,-0.62255859375,-0.244140625,-0.1708984375,0.10986328125,-0.0244140625,-1.6357421875,0.06103515625,-0.4638671875,-0.40283203125,-0.7080078125,0.25634765625,-1.42822265625,-0.1708984375,-0.69580078125,0.18310546875,-0.6591796875,-0.048828125,-0.6103515625,0.03662109375,-0.048828125,0.1220703125,1.220703125,-0.2197265625,0.244140625,-0.146484375,0.23193359375,-0.08544921875,6.4697265625,0.0244140625,0.30517578125,-0.01220703125,0,-0.06103515625,0.06103515625,-0.18310546875,0.18310546875,-0.06103515625,3.16162109375,-0.06103515625,5.4443359375,-0.0244140625,2.2705078125,-0.048828125,3.564453125
1,-0.1708984375,-0.146484375,-0.10986328125,-0.390625,-0.06103515625,-0.439453125,-0.0244140625,-0.0732421875,-0.09765625,-0.0732421875,0.06103515625,-0.9033203125,0.01220703125,1.025390625,-0.29296875,-0.18310546875,-0.048828125,-0.59814453125,-0.1953125,-0.10986328125,-0.0732421875,0.9033203125,-0.08544921875,-0.5859375,0.146484375,-0.0732421875,0.1220703125,-0.69580078125,-0.1220703125,0.9521484375,-0.03662109375,0.2685546875,0.0244140625,-0.5859375,0.42724609375,-0.927734375,-0.10986328125,-0.50048828125,0.1953125,-0.89111328125,-0.29296875,-0.25634765625,-0.2685546875,-0.72021484375,-0.0244140625,-0.37841796875,-0.10986328125,0.5615234375,-0.81787109375,1.26953125,0.03662109375,0.5859375,-0.5859375,-0.08544921875,0.3662109375,0.78125,-0.01220703125,0.62255859375,0.10986328125,0.42724609375,0.7080078125,0.5859375,-0.32958984375,-0.09765625,-0.0732421875,0.439453125,0.18310546875,1.06201171875,0.1708984375,0.341796875,-0.01220703125,0.28076171875,0.1708984375,0.6103515625,-0.2197265625,0.7568359375,0.09765625,-0.03662109375,-0.1708984375,1.2451171875,-0.1220703125,1.15966796875,0.2197265625,0.5126953125,-0.57373046875,-0.48828125,-0.10986328125,-0.2197265625,-0.03662109375,-1.6357421875,0.048828125,-0.48828125,-0.341796875,-0.7080078125,0.244140625,-1.416015625,-0.146484375,-0.69580078125,0.2197265625,-0.64697265625,-0.13427734375,-0.62255859375,0.10986328125,-0.048828125,0.10986328125,1.47705078125,-0.244140625,0.5126953125,-0.18310546875,0.40283203125,-0.13427734375,7.32421875,0.0244140625,0.29296875,0,-0.01220703125,-0.06103515625,0.0244140625,-0.18310546875,0.15869140625,-0.08544921875,3.21044921875,-0.09765625,5.48095703125,-0.0244140625,2.25830078125,-0.0244140625,3.61328125
1,-0.146484375,-0.13427734375,-0.09765625,-0.40283203125,-0.0732421875,-0.42724609375,-0.0244140625,-0.08544921875,-0.08544921875,-0.0732421875,0.03662109375,-0.9033203125,-0.0244140625,1.06201171875,-0.3173828125,-0.18310546875,-0.08544921875,-0.59814453125,-0.15869140625,-0.13427734375,-0.1708984375,0.9033203125,-0.03662109375,-0.5859375,0.146484375,-0.09765625,0.13427734375,-0.72021484375,-0.146484375,0.87890625,0.0732421875,0.32958984375,-0.08544921875,-0.634765625,0.341796875,-0.87890625,-0.13427734375,-0.537109375,0.1708984375,-0.9033203125,-0.3662109375,-0.2685546875,-0.3173828125,-0.732421875,0.03662109375,-0.390625,-0.1220703125,0.59814453125,-0.830078125,1.25732421875,0.09765625,0.62255859375,-0.62255859375,-0.048828125,0.341796875,0.8056640625,-0.0244140625,0.634765625,0.08544921875,0.4150390625,0.72021484375,0.50048828125,-0.29296875,-0.0732421875,-0.01220703125,0.390625,0.1953125,1.0986328125,0.13427734375,0.35400390625,0,0.2685546875,0.10986328125,0.5859375,-0.2685546875,0.81787109375,0.1220703125,-0.0244140625,-0.25634765625,1.23291015625,-0.10986328125,0.25634765625,0.244140625,0.13427734375,-0.48828125,-0.7568359375,-0.08544921875,-0.50048828125,-0.048828125,-1.66015625,0.03662109375,-0.439453125,-0.29296875,-0.7080078125,0.2685546875,-1.416015625,-0.146484375,-0.7080078125,0.25634765625,-0.6591796875,-0.2197265625,-0.6103515625,0.1708984375,-0.048828125,0.0732421875,1.6845703125,-0.25634765625,0.732421875,-0.23193359375,0.52490234375,-0.1953125,7.8857421875,0.03662109375,0.29296875,-0.01220703125,-0.01220703125,-0.0732421875,-0.01220703125,-0.20751953125,0.1708984375,-0.09765625,3.23486328125,-0.08544921875,5.48095703125,-0.01220703125,2.24609375,0.01220703125,3.62548828125
1,-0.15869140625,-0.1220703125,-0.1220703125,-0.4150390625,-0.0732421875,-0.439453125,-0.0244140625,-0.09765625,-0.06103515625,-0.10986328125,0.01220703125,-0.927734375,-0.03662109375,1.0498046875,-0.29296875,-0.20751953125,-0.09765625,-0.59814453125,-0.10986328125,-0.10986328125,-0.244140625,0.87890625,-0.0244140625,-0.59814453125,0.1708984375,-0.1220703125,0.15869140625,-0.76904296875,-0.08544921875,0.78125,0.1708984375,0.4638671875,-0.18310546875,-0.64697265625,0.20751953125,-0.78125,-0.1220703125,-0.5615234375,0.18310546875,-0.89111328125,-0.37841796875,-0.23193359375,-0.42724609375,-0.732421875,0.048828125,-0.3662109375,-0.1220703125,0.59814453125,-0.86669921875,1.20849609375,0.08544921875,0.6103515625,-0.6591796875,-0.048828125,0.3173828125,0.79345703125,0.0244140625,0.634765625,0.048828125,0.42724609375,0.67138671875,0.3662109375,-0.244140625,-0.08544921875,0.048828125,0.3662109375,0.18310546875,1.1474609375,0.0732421875,0.341796875,0,0.29296875,0.0244140625,0.57373046875,-0.28076171875,0.8056640625,0.13427734375,-0.03662109375,-0.30517578125,1.23291015625,-0.10986328125,-0.5859375,0.2685546875,-0.23193359375,-0.35400390625,-1.0009765625,-0.01220703125,-0.76904296875,-0.09765625,-1.69677734375,0.03662109375,-0.45166015625,-0.2197265625,-0.72021484375,0.244140625,-1.416015625,-0.08544921875,-0.7080078125,0.2685546875,-0.67138671875,-0.30517578125,-0.59814453125,0.23193359375,-0.048828125,0.03662109375,1.806640625,-0.2685546875,0.8544921875,-0.25634765625,0.59814453125,-0.244140625,8.23974609375,0,0.29296875,-0.0244140625,-0.03662109375,-0.048828125,-0.048828125,-0.1953125,0.146484375,-0.09765625,3.23486328125,-0.1220703125,5.419921875,-0.0244140625,2.20947265625,0.01220703125,3.564453125
1,-0.09765625,-0.1708984375,-0.1220703125,-0.4150390625,-0.0732421875,-0.47607421875,-0.01220703125,-0.0732421875,-0.048828125,-0.10986328125,-0.01220703125,-0.93994140625,-0.048828125,1.0498046875,-0.3173828125,-0.20751953125,-0.10986328125,-0.5859375,-0.09765625,-0.09765625,-0.1953125,0.87890625,0.01220703125,-0.5859375,0.18310546875,-0.146484375,0.13427734375,-0.830078125,-0.0732421875,0.72021484375,0.18310546875,0.59814453125,-0.244140625,-0.64697265625,0.01220703125,-0.6103515625,-0.13427734375,-0.54931640625,0.18310546875,-0.84228515625,-0.37841796875,-0.23193359375,-0.5615234375,-0.732421875,0.08544921875,-0.37841796875,-0.13427734375,0.59814453125,-0.86669921875,1.171875,0.10986328125,0.5859375,-0.68359375,-0.0732421875,0.29296875,0.78125,0.09765625,0.634765625,0.048828125,0.4150390625,0.6103515625,0.28076171875,-0.2685546875,-0.09765625,0.08544921875,0.30517578125,0.146484375,1.28173828125,0,0.32958984375,0.01220703125,0.28076171875,-0.03662109375,0.57373046875,-0.30517578125,0.830078125,0.10986328125,-0.0244140625,-0.28076171875,1.26953125,-0.0732421875,-1.25732421875,0.2685546875,-0.54931640625,-0.18310546875,-1.18408203125,0.01220703125,-1.0009765625,-0.1708984375,-1.708984375,-0.03662109375,-0.42724609375,-0.25634765625,-0.732421875,0.1708984375,-1.416015625,-0.03662109375,-0.7080078125,0.244140625,-0.68359375,-0.35400390625,-0.59814453125,0.1953125,-0.03662109375,0.01220703125,1.85546875,-0.244140625,0.91552734375,-0.3173828125,0.634765625,-0.25634765625,8.38623046875,0,0.28076171875,0,-0.01220703125,-0.06103515625,-0.0732421875,-0.1708984375,0.15869140625,-0.15869140625,3.1494140625,-0.0244140625,5.21240234375,-0.03662109375,2.08740234375,0,3.40576171875
0,-0.048828125,-0.244140625,-0.1220703125,-0.4150390625,-0.0732421875,-0.4638671875,-0.01220703125,-0.08544921875,-0.01220703125,-0.1220703125,-0.0244140625,-0.93994140625,-0.048828125,1.07421875,-0.35400390625,-0.1953125,-0.13427734375,-0.5859375,-0.08544921875,-0.09765625,-0.20751953125,0.86669921875,0.0244140625,-0.5859375,0.1708984375,-0.13427734375,0.1220703125,-0.8544921875,-0.03662109375,0.67138671875,0.244140625,0.8544921875,-0.244140625,-0.5859375,-0.1220703125,-0.341796875,-0.1708984375,-0.52490234375,0.18310546875,-0.78125,-0.32958984375,-0.25634765625,-0.67138671875,-0.72021484375,0.01220703125,-0.390625,-0.09765625,0.5859375,-0.74462890625,1.13525390625,0.146484375,0.537109375,-0.69580078125,-0.13427734375,0.23193359375,0.72021484375,0.1953125,0.634765625,0.01220703125,0.45166015625,0.5126953125,0.244140625,-0.23193359375,-0.10986328125,0.1220703125,0.32958984375,0.1220703125,1.4892578125,-0.09765625,0.3662109375,0.03662109375,0.3173828125,-0.15869140625,0.57373046875,-0.32958984375,0.84228515625,0.0732421875,-0.01220703125,-0.25634765625,1.26953125,-0.1220703125,-1.7822265625,0.20751953125,-0.76904296875,-0.03662109375,-1.30615234375,0,-1.1474609375,-0.146484375,-1.7333984375,-0.048828125,-0.439453125,-0.244140625,-0.72021484375,0.1220703125,-1.3916015625,-0.01220703125,-0.7080078125,0.1953125,-0.69580078125,-0.40283203125,-0.5859375,0.146484375,-0.03662109375,0,1.81884765625,-0.244140625,0.89111328125,-0.32958984375,0.59814453125,-0.28076171875,8.36181640625,-0.01220703125,0.2685546875,0,-0.0244140625,-0.0732421875,-0.09765625,-0.18310546875,0.1708984375,-0.1220703125,2.9296875,0.048828125,4.87060546875,0.01220703125,1.9287109375,0.03662109375,3.1494140625
0,-0.0244140625,-0.32958984375,-0.13427734375,-0.390625,-0.0732421875,-0.4638671875,-0.01220703125,-0.08544921875,0,-0.1220703125,0.01220703125,-0.927734375,-0.06103515625,1.07421875,-0.35400390625,-0.15869140625,-0.146484375,-0.57373046875,-0.1220703125,-0.10986328125,-0.146484375,0.84228515625,0.048828125,-0.59814453125,0.1953125,-0.10986328125,0.13427734375,-0.81787109375,-0.06103515625,0.72021484375,0.28076171875,1.171875,-0.2197265625,-0.48828125,-0.15869140625,-0.01220703125,-0.1953125,-0.4638671875,0.15869140625,-0.6591796875,-0.28076171875,-0.25634765625,-0.7568359375,-0.72021484375,-0.01220703125,-0.4150390625,-0.0732421875,0.5615234375,-0.79345703125,1.1474609375,0.1953125,0.47607421875,-0.69580078125,-0.18310546875,0.13427734375,0.67138671875,0.25634765625,0.62255859375,0,0.45166015625,0.341796875,0.23193359375,-0.30517578125,-0.13427734375,0.15869140625,0.439453125,0.06103515625,1.81884765625,-0.1953125,0.4150390625,0.0244140625,0.4150390625,-0.18310546875,0.5859375,-0.32958984375,0.830078125,0.06103515625,-0.03662109375,-0.20751953125,1.26953125,-0.1220703125,-2.0751953125,0.1708984375,-0.91552734375,0.08544921875,-1.37939453125,-0.0244140625,-1.23291015625,-0.10986328125,-1.7333984375,-0.10986328125,-0.45166015625,-0.25634765625,-0.72021484375,0.03662109375,-1.3916015625,-0.0244140625,-0.67138671875,0.1220703125,-0.7080078125,-0.37841796875,-0.57373046875,0.06103515625,-0.03662109375,-0.01220703125,1.72119140625,-0.20751953125,0.79345703125,-0.30517578125,0.537109375,-0.32958984375,8.16650390625,0.01220703125,0.2685546875,0.01220703125,-0.0244140625,-0.06103515625,-0.09765625,-0.1708984375,0.15869140625,-0.1708984375,2.57568359375,0.0244140625,4.39453125,0,1.69677734375,-0.01220703125,2.7587890625
0,0,-0.42724609375,-0.1220703125,-0.4150390625,-0.048828125,-0.47607421875,-0.03662109375,-0.08544921875,0,-0.09765625,0.0244140625,-0.9033203125,-0.03662109375,1.07421875,-0.37841796875,-0.15869140625,-0.15869140625,-0.5615234375,-0.1708984375,-0.1220703125,-0.08544921875,0.84228515625,0.0244140625,-0.6103515625,0.18310546875,-0.03662109375,0.146484375,-0.74462890625,-0.09765625,0.8544921875,0.18310546875,1.611328125,-0.1220703125,-0.341796875,-0.1708984375,0.42724609375,-0.18310546875,-0.37841796875,0.09765625,-0.52490234375,-0.1953125,-0.244140625,-0.84228515625,-0.7080078125,-0.08544921875,-0.45166015625,-0.01220703125,0.52490234375,-0.69580078125,1.25732421875,0.28076171875,0.42724609375,-0.6591796875,-0.23193359375,0.0732421875,0.634765625,0.29296875,0.6103515625,0.06103515625,0.45166015625,0.244140625,0.2685546875,-0.37841796875,-0.15869140625,0.1220703125,0.6103515625,0.08544921875,2.24609375,-0.25634765625,0.50048828125,0.0244140625,0.537109375,-0.18310546875,0.54931640625,-0.37841796875,0.84228515625,0.0244140625,-0.03662109375,-0.13427734375,1.28173828125,-0.09765625,-2.20947265625,0.10986328125,-0.9765625,0.18310546875,-1.3916015625,-0.0244140625,-1.2451171875,-0.03662109375,-1.7333984375,-0.1708984375,-0.439453125,-0.2685546875,-0.7080078125,-0.0732421875,-1.3671875,-0.048828125,-0.68359375,0.03662109375,-0.69580078125,-0.30517578125,-0.54931640625,-0.03662109375,-0.048828125,0.01220703125,1.5625,-0.2197265625,0.67138671875,-0.2685546875,0.4638671875,-0.3662109375,7.80029296875,0.03662109375,0.28076171875,0.03662109375,-0.01220703125,-0.08544921875,-0.09765625,-0.15869140625,0.146484375,-0.15869140625,2.16064453125,0.10986328125,3.77197265625,0.01220703125,1.37939453125,0.01220703125,2.294921875
0,0.01220703125,-0.5126953125,-0.13427734375,-0.40283203125,-0.0732421875,-0.4638671875,-0.048828125,-0.09765625,0.01220703125,-0.08544921875,0.048828125,-0.9033203125,-0.01220703125,1.07421875,-0.341796875,-0.1708984375,-0.15869140625,-0.57373046875,-0.18310546875,-0.146484375,-0.0732421875,0.8544921875,0,-0.62255859375,0.09765625,0.13427734375,0.146484375,-0.59814453125,-0.146484375,1.06201171875,0.15869140625,2.13623046875,-0.03662109375,-0.15869140625,-0.146484375,0.9521484375,-0.1708984375,-0.244140625,0.048828125,-0.3662109375,-0.146484375,-0.244140625,-0.81787109375,-0.72021484375,-0.09765625,-0.4638671875,0,0.52490234375,-0.74462890625,1.46484375,0.30517578125,0.4150390625,-0.67138671875,-0.28076171875,0.0244140625,0.62255859375,0.2685546875,0.6103515625,0.09765625,0.439453125,0.1708984375,0.29296875,-0.4150390625,-0.15869140625,0.13427734375,0.89111328125,0.0244140625,2.79541015625,-0.25634765625,0.6591796875,0,0.7080078125,-0.1708984375,0.5126953125,-0.390625,0.81787109375,-0.01220703125,-0.0244140625,-0.03662109375,1.26953125,-0.0732421875,-2.16064453125,0.03662109375,-0.9765625,0.2197265625,-1.3427734375,0,-1.1962890625,0.048828125,-1.6845703125,-0.1708984375,-0.439453125,-0.2197265625,-0.732421875,-0.08544921875,-1.35498046875,-0.10986328125,-0.7080078125,-0.01220703125,-0.69580078125,-0.28076171875,-0.54931640625,-0.10986328125,-0.06103515625,0.03662109375,1.3671875,-0.18310546875,0.50048828125,-0.1953125,0.32958984375,-0.37841796875,7.2509765625,0.0244140625,0.29296875,0.0244140625,-0.01220703125,-0.08544921875,-0.09765625,-0.146484375,0.15869140625,-0.18310546875,1.6845703125,0.146484375,3.06396484375,0.0244140625,1.025390625,0,1.77001953125
0,0.0244140625,-0.5859375,-0.13427734375,-0.40283203125,-0.0732421875,-0.4638671875,-0.1220703125,-0.10986328125,0,-0.06103515625,0.03662109375,-0.9033203125,0,1.06201171875,-0.341796875,-0.1708984375,-0.1708984375,-0.5859375,-0.18310546875,-0.1220703125,-0.0244140625,0.89111328125,-0.03662109375,-0.62255859375,0.048828125,0.32958984375,0.146484375,-0.40283203125,-0.18310546875,1.318359375,0.28076171875,2.79541015625,0.048828125,0.048828125,-0.1220703125,1.4892578125,-0.146484375,-0.0732421875,0.01220703125,-0.18310546875,-0.09765625,-0.25634765625,-0.76904296875,-0.72021484375,-0.09765625,-0.48828125,0.03662109375,0.50048828125,-0.74462890625,1.77001953125,0.35400390625,0.439453125,-0.59814453125,-0.28076171875,-0.03662109375,0.6591796875,0.25634765625,0.59814453125,0.1708984375,0.45166015625,0.1220703125,0.341796875,-0.52490234375,-0.15869140625,0.09765625,1.2451171875,-0.10986328125,3.45458984375,-0.20751953125,0.8544921875,-0.048828125,0.927734375,-0.10986328125,0.47607421875,-0.32958984375,0.8056640625,-0.03662109375,-0.0244140625,0,1.2939453125,0.0244140625,-1.9775390625,-0.0244140625,-0.87890625,0.25634765625,-1.28173828125,0.01220703125,-1.13525390625,0.10986328125,-1.64794921875,-0.146484375,-0.439453125,-0.146484375,-0.72021484375,-0.1220703125,-1.318359375,-0.10986328125,-0.7080078125,-0.03662109375,-0.69580078125,-0.244140625,-0.54931640625,-0.1220703125,-0.048828125,0.048828125,1.0986328125,-0.1708984375,0.2685546875,-0.146484375,0.15869140625,-0.37841796875,6.53076171875,0.03662109375,0.29296875,0.048828125,0.01220703125,-0.0732421875,-0.10986328125,-0.13427734375,0.15869140625,-0.20751953125,1.2451171875,0.13427734375,2.38037109375,-0.0244140625,0.68359375,0.01220703125,1.23291015625
0,0.06103515625,-0.6103515625,-0.10986328125,-0.4150390625,-0.08544921875,-0.47607421875,-0.146484375,-0.10986328125,0,-0.03662109375,0.03662109375,-0.91552734375,0.03662109375,1.06201171875,-0.341796875,-0.18310546875,-0.18310546875,-0.59814453125,-0.15869140625,-0.13427734375,-0.01220703125,0.89111328125,-0.03662109375,-0.59814453125,-0.03662109375,0.5615234375,0.1708984375,-0.13427734375,-0.20751953125,1.67236328125,0.2197265625,3.55224609375,0.06103515625,0.244140625,-0.1220703125,2.001953125,-0.10986328125,0.10986328125,-0.01220703125,-0.0244140625,-0.09765625,-0.23193359375,-0.64697265625,-0.69580078125,-0.15869140625,-0.47607421875,0.06103515625,0.52490234375,-0.81787109375,2.23388671875,0.3662109375,0.50048828125,-0.537109375,-0.1708984375,-0.08544921875,0.74462890625,0.244140625,0.6103515625,0.2197265625,0.45166015625,0.146484375,0.40283203125,-0.62255859375,-0.15869140625,0.0732421875,1.62353515625,-0.2197265625,4.1259765625,-0.1708984375,1.07421875,-0.13427734375,1.123046875,-0.08544921875,0.40283203125,-0.28076171875,0.830078125,0.0244140625,-0.03662109375,0.01220703125,1.28173828125,0.08544921875,-1.67236328125,-0.10986328125,-0.732421875,0.25634765625,-1.171875,0.0244140625,-1.03759765625,0.1953125,-1.59912109375,-0.10986328125,-0.42724609375,-0.08544921875,-0.7080078125,-0.0732421875,-1.2939453125,-0.10986328125,-0.68359375,-0.08544921875,-0.68359375,-0.1953125,-0.5859375,-0.15869140625,-0.048828125,0.06103515625,0.8056640625,-0.146484375,-0.0244140625,-0.09765625,-0.048828125,-0.40283203125,5.615234375,0.06103515625,0.3173828125,0.048828125,0,-0.0732421875,-0.08544921875,-0.10986328125,0.18310546875,-0.1953125,0.86669921875,0.146484375,1.77001953125,0,0.40283203125,0.0244140625,0.79345703125
0,0.03662109375,-0.5859375,-0.09765625,-0.4150390625,-0.08544921875,-0.4638671875,-0.1708984375,-0.09765625,-0.01220703125,-0.03662109375,0.048828125,-0.91552734375,0.03662109375,1.0498046875,-0.30517578125,-0.1953125,-0.20751953125,-0.5859375,-0.1220703125,-0.1220703125,-0.06103515625,0.91552734375,-0.01220703125,-0.6103515625,-0.146484375,0.81787109375,0.1708984375,0.1220703125,-0.1953125,2.03857421875,0.2197265625,4.35791015625,0.03662109375,0.42724609375,-0.1220703125,2.4658203125,-0.13427734375,0.244140625,0.0244140625,0.10986328125,-0.1953125,-0.23193359375,-0.537109375,-0.7080078125,-0.1953125,-0.4638671875,0.048828125,0.537109375,-0.927734375,2.783203125,0.3662109375,0.634765625,-0.5126953125,-0.06103515625,-0.08544921875,0.86669921875,0.18310546875,0.59814453125,0.2685546875,0.42724609375,0.06103515625,0.4150390625,-0.74462890625,-0.15869140625,0.01220703125,2.01416015625,-0.1953125,4.77294921875,-0.1220703125,1.30615234375,-0.2197265625,1.35498046875,-0.06103515625,0.30517578125,-0.1953125,0.830078125,0.06103515625,-0.03662109375,0.01220703125,1.2451171875,0.09765625,-1.37939453125,-0.10986328125,-0.57373046875,0.2197265625,-1.07421875,0,-0.93994140625,0.2197265625,-1.55029296875,-0.03662109375,-0.4150390625,0,-0.69580078125,-0.0244140625,-1.26953125,-0.1220703125,-0.7080078125,-0.08544921875,-0.6591796875,-0.09765625,-0.59814453125,-0.13427734375,-0.03662109375,0.10986328125,0.47607421875,-0.1220703125,-0.32958984375,-0.0732421875,-0.2685546875,-0.3662109375,4.541015625,0.09765625,0.3173828125,0.0732421875,0.0244140625,-0.0732421875,-0.0732421875,-0.09765625,0.1708984375,-0.1953125,0.59814453125,0.10986328125,1.35498046875,-0.06103515625,0.1953125,0.01220703125,0.48828125
0,0.08544921875,-0.52490234375,-0.0732421875,-0.390625,-0.03662109375,-0.47607421875,-0.146484375,-0.08544921875,-0.03662109375,-0.03662109375,0.03662109375,-0.9033203125,0.03662109375,1.06201171875,-0.30517578125,-0.18310546875,-0.2197265625,-0.57373046875,-0.08544921875,-0.1220703125,-0.048828125,0.91552734375,0.03662109375,-0.5859375,-0.1708984375,1.0986328125,0.23193359375,0.390625,-0.18310546875,2.38037109375,0.32958984375,5.17578125,0,0.5615234375,-0.10986328125,2.81982421875,-0.10986328125,0.3662109375,0,0.23193359375,-0.28076171875,-0.23193359375,-0.4150390625,-0.732421875,-0.23193359375,-0.45166015625,0,0.54931640625,-0.9521484375,3.4423828125,0.37841796875,0.81787109375,-0.5126953125,0.0732421875,-0.03662109375,1.0498046875,0.1220703125,0.6103515625,0.2685546875,0.439453125,0.048828125,0.439453125,-0.87890625,-0.13427734375,-0.03662109375,2.34375,-0.1220703125,5.37109375,-0.048828125,1.55029296875,-0.28076171875,1.5625,-0.08544921875,0.25634765625,-0.1220703125,0.830078125,0.10986328125,-0.048828125,-0.0244140625,1.25732421875,0.13427734375,-1.11083984375,-0.10986328125,-0.42724609375,0.146484375,-1.0009765625,-0.06103515625,-0.830078125,0.18310546875,-1.50146484375,0.01220703125,-0.4150390625,0.048828125,-0.64697265625,0,-1.2451171875,-0.10986328125,-0.72021484375,-0.10986328125,-0.6591796875,-0.0244140625,-0.59814453125,-0.0732421875,-0.03662109375,0.15869140625,0.146484375,-0.048828125,-0.64697265625,-0.06103515625,-0.537109375,-0.32958984375,3.3935546875,0.09765625,0.3173828125,0.0732421875,0.01220703125,-0.06103515625,-0.0732421875,-0.09765625,0.18310546875,-0.13427734375,0.537109375,0.08544921875,1.1962890625,-0.0244140625,0.10986328125,0.0732421875,0.3662109375
0,0.1220703125,-0.439453125,-0.03662109375,-0.3662109375,-0.0244140625,-0.45166015625,-0.146484375,-0.06103515625,-0.03662109375,-0.048828125,0.01220703125,-0.9033203125,0.048828125,1.06201171875,-0.2685546875,-0.1708984375,-0.244140625,-0.59814453125,0,-0.1220703125,-0.08544921875,0.9033203125,0.1220703125,-0.5859375,-0.15869140625,1.2939453125,0.23193359375,0.62255859375,-0.1708984375,2.685546875,0.35400390625,5.94482421875,-0.048828125,0.68359375,0,3.076171875,-0.08544921875,0.45166015625,0.03662109375,0.30517578125,-0.40283203125,-0.20751953125,-0.29296875,-0.72021484375,-0.29296875,-0.4150390625,-0.03662109375,0.57373046875,-1.025390625,4.1748046875,0.32958984375,1.01318359375,-0.48828125,0.244140625,0.03662109375,1.20849609375,0.09765625,0.634765625,0.29296875,0.42724609375,0.03662109375,0.45166015625,-0.87890625,-0.1220703125,-0.06103515625,2.63671875,-0.15869140625,5.82275390625,0.01220703125,1.7333984375,-0.3173828125,1.72119140625,-0.15869140625,0.1953125,-0.03662109375,0.84228515625,0.1220703125,-0.06103515625,-0.048828125,1.25732421875,0.13427734375,-0.91552734375,-0.10986328125,-0.3173828125,0.048828125,-0.93994140625,-0.1708984375,-0.78125,0.10986328125,-1.47705078125,0.08544921875,-0.390625,0.0732421875,-0.62255859375,0.1220703125,-1.20849609375,-0.10986328125,-0.7080078125,-0.08544921875,-0.67138671875,0.048828125,-0.62255859375,-0.0244140625,-0.048828125,0.1708984375,-0.20751953125,-0.0244140625,-0.96435546875,-0.048828125,-0.78125,-0.2685546875,2.20947265625,0.10986328125,0.32958984375,0.03662109375,0.0244140625,-0.06103515625,-0.06103515625,-0.08544921875,0.20751953125,-0.1708984375,0.7080078125,0.03662109375,1.3916015625,-0.0732421875,0.18310546875,0.03662109375,0.50048828125
0,0.1708984375,-0.32958984375,-0.0244140625,-0.3662109375,-0.03662109375,-0.439453125,-0.146484375,-0.048828125,-0.048828125,-0.048828125,0.0244140625,-0.89111328125,0.03662109375,1.06201171875,-0.2685546875,-0.15869140625,-0.29296875,-0.5859375,0.09765625,-0.1220703125,-0.09765625,0.9033203125,0.20751953125,-0.5859375,-0.13427734375,1.4892578125,0.25634765625,0.84228515625,-0.13427734375,2.91748046875,0.28076171875,6.57958984375,-0.08544921875,0.7080078125,0.06103515625,3.16162109375,-0.10986328125,0.45166015625,0.048828125,0.32958984375,-0.4638671875,-0.244140625,-0.1708984375,-0.72021484375,-0.341796875,-0.4150390625,-0.08544921875,0.5859375,-0.93994140625,4.91943359375,0.3173828125,1.23291015625,-0.45166015625,0.40283203125,0.0732421875,1.3916015625,-0.01220703125,0.6103515625,0.30517578125,0.4150390625,-0.0244140625,0.4638671875,-0.89111328125,-0.10986328125,-0.0732421875,2.8076171875,-0.30517578125,6.1279296875,0.0244140625,1.8798828125,-0.3173828125,1.8310546875,-0.2197265625,0.18310546875,0.03662109375,0.8544921875,0.13427734375,-0.06103515625,-0.09765625,1.2451171875,0.1708984375,-0.8056640625,-0.09765625,-0.244140625,-0.0244140625,-0.927734375,-0.25634765625,-0.74462890625,0.0244140625,-1.47705078125,0.13427734375,-0.37841796875,0.1220703125,-0.5859375,0.2197265625,-1.171875,-0.08544921875,-0.7080078125,-0.03662109375,-0.67138671875,0.08544921875,-0.634765625,0.10986328125,-0.06103515625,0.146484375,-0.52490234375,0,-1.26953125,-0.10986328125,-1.03759765625,-0.20751953125,1.0986328125,0.13427734375,0.35400390625,0,0.0244140625,-0.0732421875,-0.048828125,-0.09765625,0.2197265625,-0.15869140625,1.06201171875,0.0732421875,1.89208984375,-0.06103515625,0.439453125,0.0244140625,0.86669921875
0,0.1953125,-0.2685546875,-0.0244140625,-0.3662109375,-0.048828125,-0.45166015625,-0.1708984375,-0.048828125,-0.08544921875,-0.06103515625,0,-0.9033203125,0.03662109375,1.06201171875,-0.28076171875,-0.15869140625,-0.30517578125,-0.57373046875,0.146484375,-0.1220703125,-0.09765625,0.89111328125,0.28076171875,-0.57373046875,-0.03662109375,1.59912109375,0.20751953125,0.9521484375,-0.0732421875,3.06396484375,0.18310546875,7.0556640625,-0.13427734375,0.68359375,-0.01220703125,3.06396484375,-0.08544921875,0.40283203125,0.10986328125,0.30517578125,-0.47607421875,-0.244140625,-0.0732421875,-0.72021484375,-0.390625,-0.4150390625,0.08544921875,0.57373046875,-0.927734375,5.65185546875,0.23193359375,1.45263671875,-0.40283203125,0.537109375,0.15869140625,1.57470703125,-0.03662109375,0.634765625,0.3173828125,0.42724609375,0.01220703125,0.439453125,-0.89111328125,-0.09765625,-0.06103515625,2.8564453125,-0.30517578125,6.28662109375,0.03662109375,1.9287109375,-0.2685546875,1.89208984375,-0.28076171875,0.1708984375,0.06103515625,0.87890625,0.09765625,-0.03662109375,-0.15869140625,1.2451171875,0.10986328125,-0.81787109375,-0.06103515625,-0.23193359375,-0.09765625,-0.927734375,-0.23193359375,-0.76904296875,-0.048828125,-1.47705078125,0.1953125,-0.37841796875,0.18310546875,-0.537109375,0.30517578125,-1.15966796875,-0.048828125,-0.7080078125,-0.06103515625,-0.67138671875,0.09765625,-0.6103515625,0.15869140625,-0.048828125,0.09765625,-0.78125,0,-1.5625,-0.13427734375,-1.2451171875,-0.1708984375,0.1708984375,0.1708984375,0.3662109375,-0.01220703125,0.01220703125,-0.06103515625,-0.03662109375,-0.10986328125,0.23193359375,-0.10986328125,1.62353515625,0.0244140625,2.72216796875,-0.03662109375,0.87890625,0.048828125,1.50146484375
0,0.20751953125,-0.1953125,-0.01220703125,-0.37841796875,-0.048828125,-0.45166015625,-0.1708984375,-0.06103515625,-0.08544921875,-0.09765625,0.01220703125,-0.9033203125,0.03662109375,1.07421875,-0.30517578125,-0.1708984375,-0.29296875,-0.5615234375,0.1953125,-0.10986328125,-0.10986328125,0.87890625,0.3173828125,-0.59814453125,0.03662109375,1.62353515625,0.15869140625,1.01318359375,-0.03662109375,3.11279296875,0.03662109375,7.2998046875,-0.146484375,0.59814453125,-0.1220703125,2.8564453125,-0.09765625,0.3173828125,0.18310546875,0.244140625,-0.45166015625,-0.25634765625,-0.01220703125,-0.732421875,-0.4150390625,-0.40283203125,0.10986328125,0.57373046875,-0.927734375,6.31103515625,0.20751953125,1.6357421875,-0.390625,0.62255859375,0.25634765625,1.72119140625,-0.08544921875,0.62255859375,0.3173828125,0.42724609375,0.03662109375,0.40283203125,-0.8544921875,-0.09765625,-0.0244140625,2.83203125,-0.1708984375,6.28662109375,-0.01220703125,1.91650390625,-0.20751953125,1.89208984375,-0.30517578125,0.1953125,0.08544921875,0.87890625,0.048828125,-0.03662109375,-0.18310546875,1.25732421875,0.08544921875,-0.91552734375,0.01220703125,-0.28076171875,-0.146484375,-0.96435546875,-0.1953125,-0.79345703125,-0.10986328125,-1.50146484375,0.1953125,-0.3662109375,0.2685546875,-0.52490234375,0.341796875,-1.171875,-0.0244140625,-0.7080078125,-0.08544921875,-0.68359375,0.048828125,-0.6103515625,0.244140625,-0.048828125,0.0244140625,-0.98876953125,-0.03662109375,-1.74560546875,-0.244140625,-1.3916015625,-0.18310546875,-0.50048828125,0.1708984375,0.35400390625,-0.06103515625,0,-0.0732421875,-0.0244140625,-0.10986328125,0.20751953125,-0.146484375,2.34375,-0.01220703125,3.80859375,-0.048828125,1.46484375,0.0244140625,2.3193359375
0,0.1953125,-0.18310546875,0,-0.40283203125,-0.0244140625,-0.45166015625,-0.146484375,-0.09765625,-0.10986328125,-0.10986328125,0.0244140625,-0.91552734375,0.0244140625,1.07421875,-0.3173828125,-0.18310546875,-0.28076171875,-0.5615234375,0.1708984375,-0.13427734375,-0.09765625,0.86669921875,0.29296875,-0.5859375,0.10986328125,1.57470703125,0.10986328125,0.98876953125,-0.048828125,3.06396484375,0.13427734375,7.3486328125,-0.1953125,0.50048828125,-0.2197265625,2.5390625,-0.09765625,0.2197265625,0.1708984375,0.15869140625,-0.341796875,-0.2685546875,0.03662109375,-0.7568359375,-0.45166015625,-0.42724609375,0.048828125,0.5615234375,-0.98876953125,6.84814453125,0.15869140625,1.7578125,-0.35400390625,0.67138671875,0.32958984375,1.806640625,-0.146484375,0.62255859375,0.3173828125,0.439453125,0.0244140625,0.37841796875,-0.87890625,-0.10986328125,0.0244140625,2.7099609375,0.0244140625,6.14013671875,-0.0244140625,1.85546875,-0.13427734375,1.84326171875,-0.244140625,0.2685546875,0.1708984375,0.87890625,-0.03662109375,-0.03662109375,-0.18310546875,1.26953125,0.01220703125,-1.0498046875,0,-0.32958984375,-0.244140625,-1.01318359375,-0.18310546875,-0.830078125,-0.146484375,-1.513671875,0.1953125,-0.3662109375,0.32958984375,-0.52490234375,0.341796875,-1.1962890625,0.048828125,-0.72021484375,-0.03662109375,-0.69580078125,-0.01220703125,-0.5615234375,0.28076171875,-0.048828125,0.01220703125,-1.15966796875,-0.08544921875,-1.89208984375,-0.30517578125,-1.46484375,-0.18310546875,-0.91552734375,0.1708984375,0.35400390625,-0.06103515625,-0.0244140625,-0.06103515625,0,-0.09765625,0.20751953125,-0.10986328125,3.16162109375,0.03662109375,5.0537109375,-0.01220703125,2.13623046875,0.0732421875,3.271484375
1,0.20751953125,-0.18310546875,0.03662109375,-0.390625,-0.0244140625,-0.45166015625,-0.13427734375,-0.09765625,-0.146484375,-0.10986328125,0.03662109375,-0.91552734375,0,1.08642578125,-0.32958984375,-0.1708984375,-0.20751953125,-0.5615234375,0.13427734375,-0.13427734375,-0.10986328125,0.86669921875,0.244140625,-0.5859375,0.15869140625,1.50146484375,0.0732421875,0.9033203125,0,2.94189453125,0.20751953125,7.18994140625,-0.2197265625,0.37841796875,-0.30517578125,2.197265625,-0.09765625,0.09765625,0.1953125,0.048828125,-0.2685546875,-0.2685546875,0.10986328125,-0.7568359375,-0.40283203125,-0.45166015625,0.03662109375,0.52490234375,-1.08642578125,7.21435546875,0.1220703125,1.84326171875,-0.3173828125,0.72021484375,0.42724609375,1.86767578125,-0.15869140625,0.62255859375,0.29296875,0.439453125,0.03662109375,0.3662109375,-0.86669921875,-0.09765625,0.048828125,2.5634765625,0.03662109375,5.92041015625,-0.0732421875,1.72119140625,-0.03662109375,1.77001953125,-0.146484375,0.341796875,0.1953125,0.86669921875,-0.08544921875,-0.01220703125,-0.20751953125,1.25732421875,-0.03662109375,-1.23291015625,0.048828125,-0.40283203125,-0.2685546875,-1.06201171875,-0.13427734375,-0.89111328125,-0.1708984375,-1.57470703125,0.1708984375,-0.37841796875,0.37841796875,-0.537109375,0.29296875,-1.23291015625,0.08544921875,-0.7080078125,-0.01220703125,-0.72021484375,-0.0732421875,-0.54931640625,0.29296875,-0.048828125,0,-1.220703125,-0.08544921875,-1.9287109375,-0.3173828125,-1.47705078125,-0.1953125,-1.0498046875,0.1953125,0.35400390625,-0.08544921875,-0.03662109375,-0.0732421875,-0.0244140625,-0.09765625,0.1708984375,-0.09765625,4.00390625,-0.03662109375,6.3232421875,-0.03662109375,2.8076171875,0.0732421875,4.248046875
1,0.2197265625,-0.2197265625,0.0732421875,-0.40283203125,-0.03662109375,-0.4638671875,-0.13427734375,-0.1220703125,-0.13427734375,-0.08544921875,0.048828125,-0.91552734375,-0.0244140625,1.0498046875,-0.341796875,-0.1708984375,-0.1220703125,-0.57373046875,0.08544921875,-0.15869140625,-0.18310546875,0.8544921875,0.2197265625,-0.59814453125,0.20751953125,1.37939453125,0.06103515625,0.81787109375,0.0244140625,2.81982421875,0.13427734375,6.87255859375,-0.2197265625,0.2685546875,-0.4150390625,1.85546875,-0.10986328125,0.01220703125,0.18310546875,-0.048828125,-0.18310546875,-0.2685546875,0.10986328125,-0.74462890625,-0.32958984375,-0.45166015625,-0.048828125,0.5126953125,-0.9033203125,7.43408203125,0.08544921875,1.84326171875,-0.32958984375,0.72021484375,0.48828125,1.89208984375,-0.1708984375,0.634765625,0.23193359375,0.45166015625,0,0.37841796875,-0.81787109375,-0.10986328125,0.01220703125,2.40478515625,0.09765625,5.6640625,-0.13427734375,1.66015625,0.01220703125,1.67236328125,-0.0244140625,0.4150390625,0.15869140625,0.87890625,-0.146484375,0.01220703125,-0.20751953125,1.25732421875,-0.0244140625,-1.3671875,0.0732421875,-0.47607421875,-0.2685546875,-1.08642578125,-0.0732421875,-0.927734375,-0.1953125,-1.55029296875,0.15869140625,-0.3662109375,0.4150390625,-0.57373046875,0.2197265625,-1.26953125,0.10986328125,-0.69580078125,0.01220703125,-0.72021484375,-0.1220703125,-0.54931640625,0.244140625,-0.03662109375,0,-1.220703125,-0.09765625,-1.94091796875,-0.341796875,-1.45263671875,-0.23193359375,-0.927734375,0.1708984375,0.35400390625,-0.09765625,-0.048828125,-0.0732421875,-0.01220703125,-0.0732421875,0.18310546875,-0.13427734375,4.79736328125,-0.10986328125,7.50732421875,-0.048828125,3.4423828125,0.0244140625,5.2001953125
1,0.1953125,-0.2685546875,0.0732421875,-0.42724609375,-0.03662109375,-0.47607421875,-0.13427734375,-0.13427734375,-0.13427734375,-0.08544921875,0.03662109375,-0.9033203125,-0.03662109375,1.06201171875,-0.341796875,-0.15869140625,-0.09765625,-0.5859375,0.048828125,-0.146484375,-0.28076171875,0.8544921875,0.15869140625,-0.59814453125,0.2197265625,1.2451171875,0,0.68359375,0.08544921875,2.6611328125,0.13427734375,6.43310546875,-0.1953125,0.15869140625,-0.40283203125,1.5869140625,-0.08544921875,-0.048828125,0.15869140625,-0.1220703125,-0.09765625,-0.25634765625,0.146484375,-0.732421875,-0.244140625,-0.47607421875,-0.03662109375,0.5126953125,-0.830078125,7.4462890625,0.0244140625,1.8310546875,-0.28076171875,0.72021484375,0.57373046875,1.8310546875,-0.15869140625,0.6103515625,0.20751953125,0.4638671875,-0.0732421875,0.40283203125,-0.8056640625,-0.1220703125,-0.09765625,2.24609375,0.15869140625,5.3955078125,-0.15869140625,1.52587890625,0.0732421875,1.5380859375,0.06103515625,0.52490234375,0.1220703125,0.830078125,-0.2197265625,-0.03662109375,-0.146484375,1.25732421875,-0.03662109375,-1.47705078125,0.06103515625,-0.5126953125,-0.29296875,-1.123046875,-0.08544921875,-0.96435546875,-0.1708984375,-1.5625,0.15869140625,-0.3662109375,0.42724609375,-0.59814453125,0.13427734375,-1.318359375,0.0732421875,-0.68359375,0.06103515625,-0.68359375,-0.146484375,-0.52490234375,0.15869140625,-0.0244140625,0.01220703125,-1.18408203125,-0.13427734375,-1.8798828125,-0.32958984375,-1.40380859375,-0.25634765625,-0.64697265625,0.146484375,0.35400390625,-0.09765625,-0.048828125,-0.06103515625,0,-0.0732421875,0.1708984375,-0.1220703125,5.46875,-0.0244140625,8.48388671875,-0.03662109375,3.99169921875,0.048828125,5.99365234375
1,0.18310546875,-0.29296875,0.10986328125,-0.4150390625,-0.06103515625,-0.47607421875,-0.146484375,-0.1220703125,-0.1220703125,-0.0732421875,0.01220703125,-0.9033203125,-0.03662109375,1.06201171875,-0.37841796875,-0.146484375,-0.0732421875,-0.5859375,0,-0.15869140625,-0.341796875,0.86669921875,0.09765625,-0.6103515625,0.18310546875,1.0986328125,-0.0244140625,0.54931640625,0.1220703125,2.5146484375,0.1220703125,5.9814453125,-0.15869140625,0.09765625,-0.4638671875,1.42822265625,-0.03662109375,-0.08544921875,0.146484375,-0.15869140625,-0.03662109375,-0.244140625,0.13427734375,-0.72021484375,-0.09765625,-0.47607421875,-0.06103515625,0.52490234375,-0.87890625,7.275390625,-0.0244140625,1.77001953125,-0.32958984375,0.68359375,0.69580078125,1.7822265625,-0.1220703125,0.62255859375,0.20751953125,0.45166015625,-0.09765625,0.42724609375,-0.68359375,-0.13427734375,-0.13427734375,2.1484375,0.244140625,5.16357421875,-0.15869140625,1.46484375,0.08544921875,1.4892578125,0.1220703125,0.62255859375,0.048828125,0.830078125,-0.25634765625,-0.0244140625,-0.1220703125,1.25732421875,-0.01220703125,-1.4892578125,0.08544921875,-0.5126953125,-0.2685546875,-1.13525390625,-0.0732421875,-0.93994140625,-0.15869140625,-1.55029296875,0.146484375,-0.390625,0.37841796875,-0.634765625,0.13427734375,-1.3671875,0.0244140625,-0.69580078125,0.08544921875,-0.67138671875,-0.15869140625,-0.5615234375,0.0244140625,-0.0244140625,0.01220703125,-1.07421875,-0.18310546875,-1.7822265625,-0.32958984375,-1.33056640625,-0.32958984375,-0.2685546875,0.15869140625,0.35400390625,-0.08544921875,-0.0244140625,-0.0732421875,-0.01220703125,-0.0732421875,0.15869140625,-0.146484375,5.94482421875,-0.10986328125,9.16748046875,-0.01220703125,4.35791015625,0.0732421875,6.57958984375
1,0.1708984375,-0.30517578125,0.13427734375,-0.4150390625,-0.06103515625,-0.47607421875,-0.15869140625,-0.1220703125,-0.1220703125,-0.0732421875,0,-0.87890625,-0.048828125,1.0498046875,-0.35400390625,-0.146484375,-0.0732421875,-0.62255859375,0,-0.18310546875,-0.390625,0.9033203125,0.08544921875,-0.57373046875,0.08544921875,0.98876953125,-0.08544921875,0.45166015625,0.1708984375,2.4169921875,0.06103515625,5.517578125,-0.1220703125,0.0732421875,-0.50048828125,1.40380859375,-0.01220703125,-0.09765625,0.08544921875,-0.1708984375,0,-0.25634765625,0.10986328125,-0.72021484375,0.0244140625,-0.47607421875,-0.06103515625,0.537109375,-0.86669921875,6.982421875,-0.08544921875,1.69677734375,-0.37841796875,0.6591796875,0.72021484375,1.69677734375,-0.13427734375,0.62255859375,0.1953125,0.4638671875,-0.146484375,0.4638671875,-0.50048828125,-0.1220703125,-0.1953125,2.0751953125,0.244140625,4.9560546875,-0.1220703125,1.40380859375,0.1220703125,1.416015625,0.1220703125,0.7080078125,-0.01220703125,0.84228515625,-0.2685546875,-0.03662109375,-0.09765625,1.2451171875,0.0732421875,-1.42822265625,0.1220703125,-0.47607421875,-0.2685546875,-1.08642578125,-0.08544921875,-0.9033203125,-0.13427734375,-1.55029296875,0.18310546875,-0.390625,0.29296875,-0.67138671875,0.06103515625,-1.3671875,-0.03662109375,-0.68359375,0.10986328125,-0.67138671875,-0.146484375,-0.59814453125,-0.06103515625,-0.01220703125,0.01220703125,-0.9765625,-0.2197265625,-1.69677734375,-0.32958984375,-1.26953125,-0.32958984375,0.09765625,0.146484375,0.32958984375,-0.0732421875,-0.01220703125,-0.06103515625,-0.01220703125,-0.09765625,0.146484375,-0.18310546875,6.18896484375,-0.1953125,9.47265625,-0.03662109375,4.5654296875,0.06103515625,6.9091796875
1,0.2197265625,-0.244140625,0.13427734375,-0.40283203125,-0.06103515625,-0.4638671875,-0.1708984375,-0.08544921875,-0.08544921875,-0.048828125,-0.01220703125,-0.89111328125,-0.0732421875,1.025390625,-0.30517578125,-0.146484375,-0.13427734375,-0.62255859375,-0.01220703125,-0.18310546875,-0.45166015625,0.9033203125,0.0732421875,-0.5859375,-0.0244140625,0.91552734375,-0.13427734375,0.35400390625,0.1953125,2.3193359375,0.01220703125,5.16357421875,-0.0732421875,0.08544921875,-0.48828125,1.4892578125,0.06103515625,-0.06103515625,0.0244140625,-0.146484375,0.03662109375,-0.2685546875,0.10986328125,-0.69580078125,0.10986328125,-0.4638671875,-0.0732421875,0.537109375,-0.9033203125,6.60400390625,-0.10986328125,1.5869140625,-0.37841796875,0.59814453125,0.7080078125,1.59912109375,-0.08544921875,0.62255859375,0.2197265625,0.439453125,-0.1220703125,0.47607421875,-0.35400390625,-0.10986328125,-0.1953125,2.03857421875,0.32958984375,4.78515625,-0.06103515625,1.3671875,0.10986328125,1.35498046875,0.13427734375,0.8056640625,-0.048828125,0.830078125,-0.2197265625,-0.06103515625,-0.06103515625,1.25732421875,0.08544921875,-1.28173828125,0.1220703125,-0.3662109375,-0.28076171875,-1.0498046875,-0.0732421875,-0.81787109375,-0.0732421875,-1.5380859375,0.1953125,-0.35400390625,0.13427734375,-0.64697265625,0.0732421875,-1.37939453125,-0.03662109375,-0.69580078125,0.08544921875,-0.64697265625,-0.15869140625,-0.6103515625,-0.146484375,-0.01220703125,-0.048828125,-0.87890625,-0.2197265625,-1.5869140625,-0.28076171875,-1.20849609375,-0.3662109375,0.390625,0.13427734375,0.3173828125,-0.0732421875,0,-0.048828125,-0.03662109375,-0.10986328125,0.15869140625,-0.20751953125,6.2255859375,-0.23193359375,9.46044921875,-0.0244140625,4.5654296875,0.048828125,6.9580078125
1,0.1953125,-0.15869140625,0.13427734375,-0.40283203125,-0.06103515625,-0.4638671875,-0.1708984375,-0.08544921875,-0.08544921875,-0.06103515625,-0.0244140625,-0.89111328125,-0.0732421875,1.06201171875,-0.32958984375,-0.15869140625,-0.18310546875,-0.62255859375,0,-0.1953125,-0.48828125,0.9033203125,0.06103515625,-0.57373046875,-0.15869140625,0.9033203125,-0.1708984375,0.30517578125,0.15869140625,2.2705078125,0.0244140625,4.931640625,-0.048828125,0.10986328125,-0.42724609375,1.62353515625,0.09765625,-0.048828125,-0.048828125,-0.10986328125,0.0732421875,-0.2685546875,0.10986328125,-0.7080078125,0.1708984375,-0.4150390625,-0.08544921875,0.54931640625,-0.81787109375,6.16455078125,-0.0244140625,1.46484375,-0.42724609375,0.5126953125,0.69580078125,1.513671875,-0.10986328125,0.6103515625,0.2197265625,0.40283203125,-0.1220703125,0.47607421875,-0.20751953125,-0.09765625,-0.18310546875,1.9775390625,0.29296875,4.638671875,-0.0244140625,1.3427734375,0.09765625,1.30615234375,0.13427734375,0.87890625,-0.10986328125,0.8056640625,-0.146484375,-0.06103515625,-0.06103515625,1.26953125,0.13427734375,-1.123046875,0.146484375,-0.25634765625,-0.244140625,-0.96435546875,-0.06103515625,-0.732421875,-0.01220703125,-1.513671875,0.146484375,-0.3662109375,-0.0244140625,-0.62255859375,0.09765625,-1.35498046875,-0.048828125,-0.7080078125,0.06103515625,-0.64697265625,-0.15869140625,-0.6103515625,-0.1708984375,-0.03662109375,-0.048828125,-0.81787109375,-0.2197265625,-1.5625,-0.2197265625,-1.171875,-0.32958984375,0.54931640625,0.1220703125,0.341796875,-0.06103515625,0.03662109375,-0.0732421875,-0.048828125,-0.10986328125,0.1708984375,-0.25634765625,6.04248046875,-0.25634765625,9.1552734375,-0.0244140625,4.38232421875,0.03662109375,6.7626953125
1,0.1953125,-0.09765625,0.1708984375,-0.40283203125,-0.06103515625,-0.45166015625,-0.18310546875,-0.09765625,-0.01220703125,-0.048828125,-0.03662109375,-0.9033203125,-0.08544921875,1.0498046875,-0.32958984375,-0.1953125,-0.244140625,-0.6103515625,0.03662109375,-0.18310546875,-0.52490234375,0.89111328125,0.0732421875,-0.5615234375,-0.23193359375,0.87890625,-0.146484375,0.29296875,0.10986328125,2.25830078125,-0.0244140625,4.833984375,0.01220703125,0.15869140625,-0.341796875,1.7822265625,0.10986328125,-0.01220703125,-0.08544921875,-0.08544921875,0.08544921875,-0.28076171875,0.13427734375,-0.69580078125,0.15869140625,-0.4150390625,-0.08544921875,0.5615234375,-0.830078125,5.74951171875,0.03662109375,1.37939453125,-0.4638671875,0.439453125,0.6591796875,1.4404296875,-0.1220703125,0.6103515625,0.23193359375,0.42724609375,-0.1708984375,0.47607421875,-0.10986328125,-0.1220703125,-0.15869140625,1.94091796875,0.244140625,4.4921875,0.01220703125,1.318359375,0.03662109375,1.26953125,0.13427734375,0.927734375,-0.10986328125,0.8544921875,-0.06103515625,-0.048828125,-0.06103515625,1.25732421875,0.1708984375,-0.927734375,0.09765625,-0.13427734375,-0.2685546875,-0.927734375,-0.0732421875,-0.6591796875,0,-1.50146484375,0.15869140625,-0.37841796875,-0.20751953125,-0.59814453125,0.09765625,-1.318359375,-0.0732421875,-0.69580078125,0.01220703125,-0.634765625,-0.13427734375,-0.64697265625,-0.18310546875,-0.048828125,-0.048828125,-0.76904296875,-0.2197265625,-1.5380859375,-0.146484375,-1.171875,-0.2197265625,0.57373046875,0.1220703125,0.37841796875,-0.03662109375,0.03662109375,-0.06103515625,-0.03662109375,-0.10986328125,0.1953125,-0.28076171875,5.6640625,-0.25634765625,8.59375,-0.01220703125,4.06494140625,0.03662109375,6.34765625
1,0.2197265625,0,0.1953125,-0.4150390625,-0.06103515625,-0.439453125,-0.1953125,-0.08544921875,0,-0.0732421875,-0.01220703125,-0.9033203125,-0.06103515625,1.08642578125,-0.28076171875,-0.1953125,-0.29296875,-0.59814453125,0.06103515625,-0.18310546875,-0.5615234375,0.89111328125,0.048828125,-0.57373046875,-0.3173828125,0.89111328125,-0.10986328125,0.30517578125,0.06103515625,2.28271484375,-0.06103515625,4.84619140625,0.0732421875,0.1708984375,-0.244140625,1.86767578125,0.09765625,0,-0.048828125,-0.08544921875,0.01220703125,-0.2685546875,0.1708984375,-0.69580078125,0.15869140625,-0.390625,-0.03662109375,0.5615234375,-0.78125,5.3955078125,0.09765625,1.2939453125,-0.47607421875,0.3662109375,0.634765625,1.37939453125,-0.15869140625,0.6103515625,0.29296875,0.4150390625,-0.1220703125,0.45166015625,-0.048828125,-0.1220703125,-0.09765625,1.86767578125,0.1220703125,4.345703125,0.03662109375,1.28173828125,0.0244140625,1.23291015625,0.09765625,0.9765625,-0.10986328125,0.84228515625,-0.0244140625,-0.03662109375,-0.0732421875,1.28173828125,0.15869140625,-0.76904296875,0.06103515625,-0.03662109375,-0.32958984375,-0.87890625,-0.10986328125,-0.5615234375,0.03662109375,-1.50146484375,0.146484375,-0.37841796875,-0.30517578125,-0.54931640625,0.1220703125,-1.26953125,-0.06103515625,-0.7080078125,0,-0.64697265625,-0.09765625,-0.634765625,-0.13427734375,-0.06103515625,-0.0732421875,-0.76904296875,-0.25634765625,-1.5625,-0.10986328125,-1.171875,-0.2197265625,0.4638671875,0.06103515625,0.3662109375,-0.048828125,0.03662109375,-0.0732421875,-0.0244140625,-0.08544921875,0.2197265625,-0.30517578125,5.17578125,-0.25634765625,7.861328125,0.01220703125,3.67431640625,0.01220703125,5.76171875
1,0.20751953125,0.06103515625,0.1708984375,-0.390625,-0.048828125,-0.4638671875,-0.20751953125,-0.10986328125,0.01220703125,-0.0732421875,0,-0.91552734375,-0.0732421875,1.08642578125,-0.25634765625,-0.1708984375,-0.32958984375,-0.57373046875,0.08544921875,-0.18310546875,-0.57373046875,0.89111328125,0.0244140625,-0.57373046875,-0.37841796875,0.91552734375,-0.06103515625,0.35400390625,-0.03662109375,2.3193359375,-0.06103515625,4.931640625,0.08544921875,0.1953125,-0.1220703125,1.81884765625,0.03662109375,0,-0.08544921875,-0.10986328125,-0.03662109375,-0.28076171875,0.1708984375,-0.69580078125,0.146484375,-0.390625,0.01220703125,0.57373046875,-0.87890625,5.1513671875,0.1708984375,1.23291015625,-0.48828125,0.29296875,0.537109375,1.35498046875,-0.23193359375,0.6103515625,0.29296875,0.4150390625,-0.06103515625,0.42724609375,0.01220703125,-0.146484375,-0.06103515625,1.7578125,0.03662109375,4.18701171875,0.01220703125,1.1962890625,0.0244140625,1.15966796875,0.06103515625,1.03759765625,-0.15869140625,0.87890625,0.01220703125,-0.03662109375,-0.10986328125,1.28173828125,0.244140625,-0.64697265625,0,0.06103515625,-0.42724609375,-0.8544921875,-0.1708984375,-0.5126953125,0.0244140625,-1.52587890625,0.15869140625,-0.37841796875,-0.35400390625,-0.52490234375,0.13427734375,-1.23291015625,-0.06103515625,-0.7080078125,-0.01220703125,-0.64697265625,-0.048828125,-0.64697265625,-0.09765625,-0.0732421875,-0.01220703125,-0.8056640625,-0.244140625,-1.57470703125,-0.06103515625,-1.1962890625,-0.0732421875,0.30517578125,0.06103515625,0.37841796875,0.01220703125,0.048828125,-0.0732421875,-0.01220703125,-0.09765625,0.23193359375,-0.32958984375,4.62646484375,-0.244140625,7.09228515625,-0.01220703125,3.21044921875,0,5.126953125
1,0.18310546875,0.06103515625,0.15869140625,-0.390625,-0.048828125,-0.45166015625,-0.23193359375,-0.08544921875,-0.01220703125,-0.08544921875,0,-0.927734375,-0.048828125,1.07421875,-0.2197265625,-0.13427734375,-0.3662109375,-0.5859375,0.1220703125,-0.1708984375,-0.59814453125,0.9033203125,0,-0.59814453125,-0.4638671875,0.9521484375,-0.01220703125,0.35400390625,-0.13427734375,2.34375,-0.06103515625,5.0537109375,0.10986328125,0.13427734375,0.0732421875,1.62353515625,0.01220703125,-0.048828125,-0.10986328125,-0.1708984375,-0.10986328125,-0.29296875,0.18310546875,-0.7080078125,0.10986328125,-0.4150390625,0.0732421875,0.5859375,-1.0009765625,5.01708984375,0.23193359375,1.1962890625,-0.48828125,0.23193359375,0.4150390625,1.2939453125,-0.28076171875,0.62255859375,0.32958984375,0.439453125,-0.01220703125,0.390625,0.08544921875,-0.15869140625,-0.01220703125,1.6357421875,-0.0244140625,3.99169921875,-0.0244140625,1.0986328125,0.0244140625,1.07421875,-0.048828125,1.06201171875,-0.18310546875,0.89111328125,0.03662109375,-0.01220703125,-0.13427734375,1.28173828125,0.28076171875,-0.6103515625,-0.03662109375,0.10986328125,-0.47607421875,-0.84228515625,-0.1953125,-0.47607421875,-0.03662109375,-1.5625,0.146484375,-0.37841796875,-0.35400390625,-0.50048828125,0.1220703125,-1.20849609375,-0.09765625,-0.72021484375,-0.01220703125,-0.67138671875,-0.0244140625,-0.6103515625,-0.0732421875,-0.06103515625,-0.01220703125,-0.830078125,-0.341796875,-1.62353515625,-0.1220703125,-1.2451171875,0.0244140625,0.10986328125,0.0244140625,0.37841796875,-0.0244140625,0.01220703125,-0.06103515625,-0.0244140625,-0.09765625,0.2197265625,-0.3173828125,4.04052734375,-0.244140625,6.28662109375,0,2.734375,-0.0244140625,4.4189453125
1,0.23193359375,0.01220703125,0.1708984375,-0.3662109375,-0.03662109375,-0.4638671875,-0.20751953125,-0.09765625,0,-0.09765625,-0.01220703125,-0.91552734375,-0.03662109375,1.07421875,-0.1953125,-0.10986328125,-0.341796875,-0.57373046875,0.10986328125,-0.146484375,-0.57373046875,0.87890625,0,-0.59814453125,-0.48828125,0.93994140625,0.0244140625,0.37841796875,-0.20751953125,2.34375,-0.0244140625,5.078125,0.08544921875,0.03662109375,0.18310546875,1.220703125,-0.0244140625,-0.13427734375,-0.06103515625,-0.28076171875,-0.1708984375,-0.30517578125,0.1953125,-0.7080078125,0.1220703125,-0.42724609375,0.10986328125,0.5615234375,-0.9765625,4.9560546875,0.30517578125,1.20849609375,-0.537109375,0.23193359375,0.341796875,1.318359375,-0.32958984375,0.634765625,0.341796875,0.45166015625,0.0244140625,0.37841796875,0.13427734375,-0.15869140625,0.0244140625,1.47705078125,0.01220703125,3.74755859375,-0.06103515625,1.0009765625,0.0244140625,0.98876953125,-0.10986328125,1.06201171875,-0.1953125,0.89111328125,0.01220703125,-0.01220703125,-0.10986328125,1.30615234375,0.29296875,-0.67138671875,-0.0732421875,0.1220703125,-0.48828125,-0.86669921875,-0.244140625,-0.47607421875,-0.06103515625,-1.611328125,0.1220703125,-0.42724609375,-0.25634765625,-0.52490234375,0.13427734375,-1.18408203125,-0.10986328125,-0.7080078125,0.01220703125,-0.68359375,0.01220703125,-0.59814453125,-0.03662109375,-0.0732421875,-0.01220703125,-0.89111328125,-0.4150390625,-1.64794921875,-0.146484375,-1.26953125,0.06103515625,-0.048828125,0.0244140625,0.37841796875,-0.01220703125,0,-0.06103515625,-0.0244140625,-0.09765625,0.2197265625,-0.29296875,3.47900390625,-0.25634765625,5.52978515625,0.01220703125,2.28271484375,-0.03662109375,3.759765625
1,0.18310546875,-0.06103515625,0.18310546875,-0.37841796875,-0.01220703125,-0.4638671875,-0.23193359375,-0.10986328125,-0.0244140625,-0.09765625,0,-0.91552734375,-0.048828125,1.07421875,-0.15869140625,-0.0732421875,-0.28076171875,-0.5615234375,0.08544921875,-0.146484375,-0.59814453125,0.89111328125,-0.03662109375,-0.59814453125,-0.47607421875,0.93994140625,0.06103515625,0.3173828125,-0.23193359375,2.3193359375,-0.048828125,4.99267578125,0.03662109375,-0.1220703125,0.244140625,0.67138671875,-0.09765625,-0.25634765625,-0.0244140625,-0.439453125,-0.20751953125,-0.3173828125,0.13427734375,-0.72021484375,0.09765625,-0.439453125,0.09765625,0.57373046875,-0.927734375,4.96826171875,0.30517578125,1.220703125,-0.50048828125,0.244140625,0.25634765625,1.3427734375,-0.2685546875,0.62255859375,0.3173828125,0.4638671875,0,0.3662109375,0.18310546875,-0.15869140625,0.0244140625,1.33056640625,0.08544921875,3.45458984375,-0.146484375,0.86669921875,0.01220703125,0.86669921875,-0.18310546875,1.07421875,-0.1953125,0.87890625,0.0244140625,-0.01220703125,-0.08544921875,1.28173828125,0.28076171875,-0.72021484375,-0.10986328125,0.09765625,-0.50048828125,-0.9033203125,-0.25634765625,-0.52490234375,-0.1220703125,-1.64794921875,0.09765625,-0.439453125,-0.146484375,-0.57373046875,0.1220703125,-1.1962890625,-0.13427734375,-0.7080078125,0.03662109375,-0.67138671875,0.0244140625,-0.59814453125,-0.01220703125,-0.06103515625,0.06103515625,-0.9033203125,-0.37841796875,-1.67236328125,-0.146484375,-1.26953125,0.15869140625,-0.13427734375,0,0.35400390625,0,-0.0244140625,-0.06103515625,-0.048828125,-0.10986328125,0.18310546875,-0.28076171875,2.9541015625,-0.244140625,4.8828125,0.03662109375,1.85546875,-0.03662109375,3.13720703125
0,0.2197265625,-0.1708984375,0.20751953125,-0.390625,0.01220703125,-0.45166015625,-0.2197265625,-0.1220703125,0,-0.08544921875,-0.048828125,-0.9033203125,-0.03662109375,1.07421875,-0.15869140625,-0.0244140625,-0.20751953125,-0.57373046875,0.0732421875,-0.13427734375,-0.634765625,0.86669921875,-0.048828125,-0.6103515625,-0.4638671875,0.84228515625,0.1220703125,0.244140625,-0.2197265625,2.2216796875,-0.06103515625,4.69970703125,-0.03662109375,-0.2685546875,0.23193359375,0.0244140625,-0.146484375,-0.390625,0.01220703125,-0.6103515625,-0.20751953125,-0.30517578125,0.06103515625,-0.72021484375,0.06103515625,-0.45166015625,0.06103515625,0.537109375,-0.89111328125,4.96826171875,0.3173828125,1.220703125,-0.50048828125,0.28076171875,0.15869140625,1.35498046875,-0.2197265625,0.64697265625,0.3173828125,0.47607421875,-0.10986328125,0.35400390625,0.13427734375,-0.146484375,0.08544921875,1.1474609375,0.0732421875,3.125,-0.244140625,0.732421875,0.03662109375,0.76904296875,-0.25634765625,1.025390625,-0.18310546875,0.87890625,0.03662109375,-0.01220703125,-0.048828125,1.2939453125,0.28076171875,-0.86669921875,-0.08544921875,0.048828125,-0.45166015625,-0.9521484375,-0.244140625,-0.57373046875,-0.1220703125,-1.6845703125,0.048828125,-0.45166015625,-0.0732421875,-0.59814453125,0.09765625,-1.220703125,-0.10986328125,-0.69580078125,0.09765625,-0.68359375,0,-0.57373046875,0.03662109375,-0.03662109375,0.01220703125,-0.87890625,-0.341796875,-1.67236328125,-0.20751953125,-1.25732421875,0.15869140625,-0.146484375,-0.01220703125,0.341796875,0,-0.0244140625,-0.0732421875,-0.0244140625,-0.08544921875,0.1708984375,-0.2685546875,2.45361328125,-0.23193359375,4.26025390625,0.03662109375,1.4892578125,-0.0244140625,2.55126953125
0,0.28076171875,-0.30517578125,0.25634765625,-0.40283203125,0.03662109375,-0.45166015625,-0.20751953125,-0.146484375,0.0244140625,-0.08544921875,-0.06103515625,-0.91552734375,-0.0244140625,1.0498046875,-0.1708984375,-0.0244140625,-0.146484375,-0.5615234375,0.048828125,-0.1220703125,-0.7080078125,0.89111328125,-0.01220703125,-0.62255859375,-0.40283203125,0.732421875,0.146484375,0.146484375,-0.1708984375,2.08740234375,-0.13427734375,4.19921875,-0.0732421875,-0.45166015625,0.146484375,-0.57373046875,-0.1953125,-0.5126953125,0.01220703125,-0.7568359375,-0.18310546875,-0.28076171875,-0.03662109375,-0.72021484375,0.09765625,-0.47607421875,0.01220703125,0.54931640625,-0.79345703125,4.89501953125,0.29296875,1.20849609375,-0.47607421875,0.29296875,0.08544921875,1.37939453125,-0.20751953125,0.64697265625,0.28076171875,0.45166015625,-0.08544921875,0.40283203125,0.13427734375,-0.1220703125,0.0732421875,1.025390625,-0.03662109375,2.74658203125,-0.29296875,0.6103515625,0.048828125,0.67138671875,-0.2197265625,0.98876953125,-0.23193359375,0.830078125,0.0244140625,-0.01220703125,-0.03662109375,1.26953125,0.28076171875,-1.01318359375,-0.0732421875,-0.0244140625,-0.3662109375,-0.98876953125,-0.2197265625,-0.64697265625,-0.15869140625,-1.6845703125,0.0244140625,-0.45166015625,-0.048828125,-0.6591796875,0.1220703125,-1.23291015625,-0.09765625,-0.67138671875,0.146484375,-0.69580078125,-0.048828125,-0.57373046875,0.048828125,-0.03662109375,-0.0244140625,-0.8544921875,-0.32958984375,-1.62353515625,-0.25634765625,-1.220703125,0.10986328125,-0.048828125,-0.0244140625,0.32958984375,0.01220703125,-0.048828125,-0.0732421875,-0.0244140625,-0.0732421875,0.146484375,-0.2685546875,1.98974609375,-0.23193359375,3.69873046875,0.01220703125,1.13525390625,-0.03662109375,2.01416015625
0,0.28076171875,-0.40283203125,0.25634765625,-0.42724609375,0.048828125,-0.4638671875,-0.20751953125,-0.13427734375,0.0244140625,-0.08544921875,-0.06103515625,-0.91552734375,-0.03662109375,1.06201171875,-0.146484375,-0.01220703125,-0.09765625,-0.5859375,0.03662109375,-0.1220703125,-0.78125,0.89111328125,0.01220703125,-0.59814453125,-0.32958984375,0.5615234375,0.13427734375,-0.0244140625,-0.10986328125,1.89208984375,-0.06103515625,3.4912109375,-0.10986328125,-0.6103515625,0.06103515625,-1.0986328125,-0.20751953125,-0.6103515625,-0.03662109375,-0.87890625,-0.13427734375,-0.25634765625,-0.10986328125,-0.69580078125,0.09765625,-0.48828125,-0.03662109375,0.54931640625,-0.62255859375,4.7119140625,0.2685546875,1.1962890625,-0.439453125,0.30517578125,-0.0732421875,1.3427734375,-0.13427734375,0.6591796875,0.23193359375,0.45166015625,-0.1708984375,0.4638671875,0.1708984375,-0.10986328125,0.0244140625,0.86669921875,0.03662109375,2.35595703125,-0.35400390625,0.52490234375,0.01220703125,0.5859375,-0.20751953125,0.927734375,-0.25634765625,0.81787109375,0.0244140625,-0.0244140625,0.03662109375,1.28173828125,0.2685546875,-1.123046875,0.01220703125,-0.08544921875,-0.2685546875,-1.025390625,-0.146484375,-0.68359375,-0.1953125,-1.67236328125,0,-0.47607421875,0,-0.72021484375,0.15869140625,-1.26953125,-0.06103515625,-0.67138671875,0.15869140625,-0.69580078125,-0.1220703125,-0.57373046875,0.048828125,-0.03662109375,0,-0.78125,-0.2197265625,-1.5625,-0.30517578125,-1.18408203125,0.1220703125,0.0732421875,-0.03662109375,0.341796875,0.01220703125,-0.048828125,-0.0732421875,-0.01220703125,-0.048828125,0.13427734375,-0.25634765625,1.5380859375,-0.20751953125,3.18603515625,0,0.78125,-0.0244140625,1.47705078125
0,0.28076171875,-0.50048828125,0.25634765625,-0.4150390625,0.048828125,-0.4638671875,-0.2197265625,-0.13427734375,0.0244140625,-0.048828125,-0.09765625,-0.91552734375,-0.048828125,1.06201171875,-0.1708984375,-0.0244140625,-0.048828125,-0.59814453125,0.01220703125,-0.13427734375,-0.78125,0.89111328125,0.01220703125,-0.59814453125,-0.25634765625,0.35400390625,0.08544921875,-0.244140625,-0.0732421875,1.64794921875,0.03662109375,2.63671875,-0.09765625,-0.69580078125,-0.048828125,-1.40380859375,-0.1953125,-0.634765625,-0.0244140625,-0.93994140625,-0.06103515625,-0.244140625,-0.18310546875,-0.7080078125,0.146484375,-0.48828125,-0.06103515625,0.537109375,-0.5859375,4.3701171875,0.2685546875,1.13525390625,-0.4150390625,0.2685546875,-0.13427734375,1.28173828125,-0.146484375,0.64697265625,0.244140625,0.4150390625,-0.23193359375,0.537109375,0.146484375,-0.08544921875,0.06103515625,0.72021484375,0.03662109375,1.9775390625,-0.3173828125,0.45166015625,0.01220703125,0.50048828125,-0.15869140625,0.8544921875,-0.244140625,0.78125,0.0244140625,-0.03662109375,0.0732421875,1.26953125,0.2685546875,-1.20849609375,0.08544921875,-0.13427734375,-0.18310546875,-1.06201171875,-0.08544921875,-0.72021484375,-0.1953125,-1.67236328125,0.03662109375,-0.48828125,-0.06103515625,-0.732421875,0.1953125,-1.26953125,-0.048828125,-0.6591796875,0.1708984375,-0.68359375,-0.1708984375,-0.59814453125,0,-0.03662109375,-0.0732421875,-0.69580078125,-0.2197265625,-1.50146484375,-0.439453125,-1.11083984375,0.048828125,0.25634765625,0,0.3173828125,0,-0.06103515625,-0.0732421875,0.01220703125,-0.0244140625,0.1220703125,-0.25634765625,1.0986328125,-0.2197265625,2.67333984375,0.0244140625,0.4638671875,0.01220703125,0.9521484375
0,0.29296875,-0.5615234375,0.2685546875,-0.4150390625,0.03662109375,-0.47607421875,-0.20751953125,-0.13427734375,0.0244140625,-0.03662109375,-0.0732421875,-0.9033203125,-0.0732421875,1.06201171875,-0.146484375,-0.01220703125,-0.048828125,-0.5859375,0.01220703125,-0.13427734375,-0.74462890625,0.9033203125,0.03662109375,-0.59814453125,-0.1953125,0.1220703125,0.03662109375,-0.45166015625,-0.0244140625,1.37939453125,0.09765625,1.7333984375,-0.08544921875,-0.72021484375,-0.1708984375,-1.4404296875,-0.18310546875,-0.62255859375,-0.08544921875,-0.927734375,-0.03662109375,-0.1953125,-0.2197265625,-0.7080078125,0.15869140625,-0.48828125,-0.0732421875,0.5859375,-0.439453125,3.86962890625,0.2197265625,1.025390625,-0.40283203125,0.1953125,-0.1953125,1.18408203125,-0.10986328125,0.64697265625,0.244140625,0.4150390625,-0.29296875,0.64697265625,0.15869140625,-0.08544921875,0.06103515625,0.6591796875,0.0244140625,1.64794921875,-0.28076171875,0.37841796875,-0.048828125,0.42724609375,-0.1220703125,0.74462890625,-0.2197265625,0.76904296875,0.0244140625,-0.03662109375,0.10986328125,1.26953125,0.25634765625,-1.23291015625,0.1708984375,-0.15869140625,-0.10986328125,-1.08642578125,-0.01220703125,-0.74462890625,-0.25634765625,-1.6357421875,0.06103515625,-0.48828125,-0.18310546875,-0.74462890625,0.32958984375,-1.28173828125,-0.0244140625,-0.68359375,0.1220703125,-0.67138671875,-0.2685546875,-0.6103515625,-0.0732421875,-0.03662109375,-0.06103515625,-0.57373046875,-0.146484375,-1.40380859375,-0.52490234375,-1.08642578125,0.0244140625,0.45166015625,0,0.32958984375,-0.01220703125,-0.048828125,-0.0732421875,0.03662109375,0.01220703125,0.13427734375,-0.244140625,0.6591796875,-0.2197265625,2.099609375,0.01220703125,0.10986328125,0.01220703125,0.42724609375
0,0.25634765625,-0.57373046875,0.2685546875,-0.40283203125,0.03662109375,-0.439453125,-0.18310546875,-0.08544921875,0.01220703125,-0.03662109375,-0.06103515625,-0.9033203125,-0.0732421875,1.06201171875,-0.1220703125,-0.0244140625,-0.08544921875,-0.6103515625,0.0244140625,-0.146484375,-0.72021484375,0.91552734375,0.0244140625,-0.6103515625,-0.15869140625,-0.06103515625,-0.0244140625,-0.6591796875,0.0244140625,1.11083984375,0.20751953125,0.89111328125,-0.0732421875,-0.6591796875,-0.1708984375,-1.20849609375,-0.1953125,-0.5615234375,-0.146484375,-0.8544921875,-0.03662109375,-0.1953125,-0.2197265625,-0.69580078125,0.1708984375,-0.45166015625,-0.08544921875,0.5859375,-0.3662109375,3.22265625,0.25634765625,0.87890625,-0.37841796875,0.10986328125,-0.2685546875,1.0498046875,-0.09765625,0.634765625,0.23193359375,0.390625,-0.35400390625,0.7080078125,0.13427734375,-0.09765625,0.08544921875,0.57373046875,0.0244140625,1.3916015625,-0.20751953125,0.37841796875,-0.10986328125,0.390625,-0.1953125,0.6591796875,-0.2197265625,0.8056640625,0.03662109375,-0.0244140625,0.06103515625,1.25732421875,0.15869140625,-1.20849609375,0.2685546875,-0.1708984375,-0.03662109375,-1.08642578125,0.048828125,-0.732421875,-0.244140625,-1.59912109375,0.09765625,-0.45166015625,-0.32958984375,-0.732421875,0.341796875,-1.25732421875,-0.0244140625,-0.68359375,0.03662109375,-0.67138671875,-0.28076171875,-0.634765625,-0.09765625,-0.03662109375,-0.01220703125,-0.4638671875,-0.06103515625,-1.318359375,-0.54931640625,-1.01318359375,0.01220703125,0.5859375,0.01220703125,0.32958984375,-0.048828125,-0.06103515625,-0.06103515625,0.03662109375,0.0244140625,0.146484375,-0.23193359375,0.20751953125,-0.20751953125,1.5380859375,0.01220703125,-0.2685546875,0.03662109375,-0.09765625
0,0.3173828125,-0.537109375,0.2685546875,-0.390625,0.0244140625,-0.439453125,-0.1708984375,-0.0732421875,0.0244140625,-0.0244140625,-0.06103515625,-0.91552734375,-0.08544921875,1.06201171875,-0.1220703125,-0.048828125,-0.10986328125,-0.5859375,0,-0.1708984375,-0.634765625,0.9033203125,0.048828125,-0.5859375,-0.15869140625,-0.23193359375,-0.09765625,-0.81787109375,-0.01220703125,0.89111328125,0.244140625,0.20751953125,0,-0.52490234375,-0.18310546875,-0.68359375,-0.146484375,-0.4638671875,-0.20751953125,-0.67138671875,-0.0244140625,-0.2197265625,-0.1708984375,-0.69580078125,0.1708984375,-0.45166015625,-0.0732421875,0.5859375,-0.28076171875,2.5390625,0.28076171875,0.7080078125,-0.3662109375,-0.0244140625,-0.2685546875,0.89111328125,-0.10986328125,0.634765625,0.25634765625,0.42724609375,-0.35400390625,0.76904296875,0.08544921875,-0.09765625,0.03662109375,0.537109375,-0.0244140625,1.26953125,-0.10986328125,0.390625,-0.20751953125,0.3662109375,-0.18310546875,0.54931640625,-0.1708984375,0.8056640625,0.09765625,-0.06103515625,0.048828125,1.25732421875,0.15869140625,-1.18408203125,0.32958984375,-0.146484375,0.048828125,-1.03759765625,0.10986328125,-0.72021484375,-0.18310546875,-1.57470703125,0.13427734375,-0.42724609375,-0.45166015625,-0.69580078125,0.37841796875,-1.220703125,-0.03662109375,-0.7080078125,-0.03662109375,-0.6591796875,-0.30517578125,-0.634765625,-0.146484375,-0.03662109375,-0.048828125,-0.37841796875,-0.01220703125,-1.220703125,-0.57373046875,-0.96435546875,-0.048828125,0.69580078125,0,0.341796875,-0.03662109375,-0.06103515625,-0.06103515625,0.03662109375,0.048828125,0.1708984375,-0.20751953125,-0.23193359375,-0.23193359375,0.98876953125,0,-0.59814453125,0.0244140625,-0.5859375
0,0.37841796875,-0.47607421875,0.2685546875,-0.37841796875,0.01220703125,-0.439453125,-0.1708984375,-0.06103515625,0.0244140625,-0.048828125,-0.0244140625,-0.91552734375,-0.08544921875,1.06201171875,-0.1220703125,-0.09765625,-0.1220703125,-0.6103515625,0.0244140625,-0.1708984375,-0.6103515625,0.91552734375,0.048828125,-0.5859375,-0.1708984375,-0.3173828125,-0.10986328125,-0.93994140625,-0.048828125,0.732421875,0.30517578125,-0.23193359375,0.0244140625,-0.29296875,-0.20751953125,0.048828125,-0.13427734375,-0.32958984375,-0.29296875,-0.48828125,-0.048828125,-0.2197265625,-0.10986328125,-0.72021484375,0.146484375,-0.439453125,-0.08544921875,0.5859375,-0.32958984375,1.8798828125,0.32958984375,0.54931640625,-0.29296875,-0.1953125,-0.25634765625,0.74462890625,-0.10986328125,0.62255859375,0.30517578125,0.42724609375,-0.47607421875,0.81787109375,0.06103515625,-0.10986328125,-0.0244140625,0.54931640625,-0.13427734375,1.33056640625,-0.09765625,0.40283203125,-0.30517578125,0.390625,-0.1708984375,0.45166015625,-0.048828125,0.830078125,0.15869140625,-0.06103515625,0.0244140625,1.26953125,0.0732421875,-1.08642578125,0.32958984375,-0.13427734375,0.06103515625,-1.01318359375,0.0732421875,-0.67138671875,-0.146484375,-1.55029296875,0.1953125,-0.390625,-0.48828125,-0.64697265625,0.2197265625,-1.171875,-0.06103515625,-0.69580078125,-0.09765625,-0.6591796875,-0.3173828125,-0.62255859375,-0.13427734375,-0.0732421875,0,-0.30517578125,0.0244140625,-1.171875,-0.54931640625,-0.91552734375,-0.048828125,0.72021484375,0,0.341796875,-0.06103515625,-0.0732421875,-0.08544921875,0.0244140625,0.0732421875,0.18310546875,-0.25634765625,-0.64697265625,-0.30517578125,0.4638671875,-0.06103515625,-0.91552734375,-0.01220703125,-1.06201171875
0,0.29296875,-0.4150390625,0.25634765625,-0.37841796875,0.03662109375,-0.439453125,-0.1708984375,-0.06103515625,0.0244140625,-0.03662109375,-0.048828125,-0.91552734375,-0.0732421875,1.06201171875,-0.10986328125,-0.146484375,-0.1708984375,-0.59814453125,0.048828125,-0.18310546875,-0.5615234375,0.9033203125,0.048828125,-0.57373046875,-0.20751953125,-0.35400390625,-0.10986328125,-1.0009765625,-0.0732421875,0.6591796875,0.3662109375,-0.37841796875,0.08544921875,-0.03662109375,-0.23193359375,0.93994140625,-0.13427734375,-0.146484375,-0.32958984375,-0.23193359375,-0.0732421875,-0.23193359375,-0.0732421875,-0.72021484375,0.15869140625,-0.42724609375,-0.048828125,0.57373046875,-0.37841796875,1.33056640625,0.35400390625,0.4150390625,-0.2685546875,-0.29296875,-0.2197265625,0.62255859375,-0.20751953125,0.6103515625,0.3173828125,0.439453125,-0.5126953125,0.81787109375,-0.0244140625,-0.13427734375,-0.0244140625,0.634765625,-0.1708984375,1.55029296875,-0.06103515625,0.47607421875,-0.35400390625,0.439453125,-0.20751953125,0.37841796875,0.048828125,0.87890625,0.18310546875,-0.06103515625,-0.03662109375,1.25732421875,0.10986328125,-1.025390625,0.28076171875,-0.09765625,0.10986328125,-0.98876953125,0.048828125,-0.634765625,-0.10986328125,-1.55029296875,0.2197265625,-0.3662109375,-0.48828125,-0.57373046875,0.1953125,-1.15966796875,-0.0732421875,-0.69580078125,-0.1220703125,-0.68359375,-0.28076171875,-0.62255859375,-0.10986328125,-0.08544921875,0.03662109375,-0.2685546875,0.03662109375,-1.123046875,-0.48828125,-0.87890625,-0.0732421875,0.69580078125,0.03662109375,0.35400390625,-0.048828125,-0.048828125,-0.08544921875,0,0.06103515625,0.18310546875,-0.244140625,-0.96435546875,-0.30517578125,0.0244140625,-0.0244140625,-1.1962890625,0.01220703125,-1.4404296875
0,0.3662109375,-0.32958984375,0.25634765625,-0.3662109375,0.03662109375,-0.42724609375,-0.1953125,-0.0732421875,0.03662109375,-0.06103515625,-0.03662109375,-0.927734375,-0.03662109375,1.06201171875,-0.1220703125,-0.15869140625,-0.1708984375,-0.6103515625,0.0732421875,-0.1708984375,-0.5126953125,0.89111328125,0.048828125,-0.57373046875,-0.2685546875,-0.29296875,-0.1220703125,-0.9765625,-0.1220703125,0.6591796875,0.25634765625,-0.1953125,0.0732421875,0.29296875,-0.15869140625,1.84326171875,-0.08544921875,0.048828125,-0.341796875,0,-0.09765625,-0.2197265625,-0.0732421875,-0.7080078125,0.2197265625,-0.390625,-0.03662109375,0.5859375,-0.48828125,0.9521484375,0.390625,0.3173828125,-0.18310546875,-0.3662109375,-0.13427734375,0.57373046875,-0.30517578125,0.59814453125,0.341796875,0.4638671875,-0.4638671875,0.8056640625,-0.10986328125,-0.15869140625,-0.048828125,0.8056640625,-0.2197265625,1.98974609375,-0.048828125,0.5859375,-0.3662109375,0.5615234375,-0.2685546875,0.29296875,0.09765625,0.87890625,0.15869140625,-0.06103515625,-0.0732421875,1.26953125,0.18310546875,-0.96435546875,0.23193359375,-0.08544921875,0.146484375,-0.93994140625,0.01220703125,-0.6103515625,-0.09765625,-1.55029296875,0.25634765625,-0.3662109375,-0.40283203125,-0.537109375,0.18310546875,-1.13525390625,-0.0732421875,-0.69580078125,-0.1220703125,-0.6591796875,-0.2197265625,-0.59814453125,-0.048828125,-0.0732421875,0.0732421875,-0.2685546875,0.01220703125,-1.0986328125,-0.42724609375,-0.8544921875,-0.048828125,0.64697265625,0.048828125,0.3662109375,-0.06103515625,-0.03662109375,-0.08544921875,0,0.09765625,0.20751953125,-0.23193359375,-1.15966796875,-0.2685546875,-0.25634765625,-0.01220703125,-1.3427734375,0.03662109375,-1.67236328125
0,0.3173828125,-0.29296875,0.25634765625,-0.37841796875,0.0244140625,-0.439453125,-0.1953125,-0.09765625,0.03662109375,-0.08544921875,-0.0244140625,-0.93994140625,-0.0244140625,1.06201171875,-0.09765625,-0.2197265625,-0.2197265625,-0.59814453125,0.10986328125,-0.15869140625,-0.5126953125,0.9033203125,0.06103515625,-0.57373046875,-0.37841796875,-0.1708984375,-0.1220703125,-0.86669921875,-0.1220703125,0.78125,0.30517578125,0.28076171875,0.03662109375,0.5859375,-0.10986328125,2.72216796875,-0.06103515625,0.25634765625,-0.37841796875,0.20751953125,-0.146484375,-0.23193359375,-0.06103515625,-0.7080078125,0.23193359375,-0.4150390625,0.01220703125,0.5859375,-0.62255859375,0.8544921875,0.37841796875,0.30517578125,-0.146484375,-0.40283203125,-0.1220703125,0.57373046875,-0.35400390625,0.6103515625,0.30517578125,0.4638671875,-0.47607421875,0.76904296875,-0.13427734375,-0.13427734375,-0.06103515625,1.025390625,-0.2197265625,2.60009765625,-0.048828125,0.7568359375,-0.29296875,0.72021484375,-0.3173828125,0.244140625,0.10986328125,0.927734375,0.0732421875,-0.0732421875,-0.1220703125,1.26953125,0.23193359375,-0.927734375,0.09765625,-0.09765625,0.09765625,-0.927734375,-0.1220703125,-0.6103515625,-0.1220703125,-1.5625,0.28076171875,-0.37841796875,-0.28076171875,-0.537109375,0.244140625,-1.0986328125,-0.09765625,-0.7080078125,-0.146484375,-0.68359375,-0.15869140625,-0.59814453125,-0.01220703125,-0.08544921875,0.1220703125,-0.28076171875,0,-1.08642578125,-0.30517578125,-0.8544921875,0,0.57373046875,0.0732421875,0.3662109375,-0.048828125,-0.0244140625,-0.09765625,-0.01220703125,0.08544921875,0.18310546875,-0.25634765625,-1.28173828125,-0.20751953125,-0.390625,-0.0244140625,-1.3916015625,0.06103515625,-1.79443359375
0,0.3173828125,-0.2685546875,0.23193359375,-0.3662109375,0.0244140625,-0.4638671875,-0.20751953125,-0.13427734375,0.0244140625,-0.08544921875,-0.03662109375,-0.91552734375,-0.01220703125,1.07421875,-0.0732421875,-0.244140625,-0.244140625,-0.62255859375,0.146484375,-0.1708984375,-0.42724609375,0.89111328125,0.1220703125,-0.5615234375,-0.47607421875,-0.01220703125,-0.10986328125,-0.7080078125,-0.0244140625,0.9765625,0.3662109375,1.0009765625,-0.01220703125,0.830078125,-0.08544921875,3.43017578125,-0.03662109375,0.439453125,-0.3662109375,0.40283203125,-0.1220703125,-0.2197265625,-0.10986328125,-0.72021484375,0.244140625,-0.42724609375,0.01220703125,0.59814453125,-0.6591796875,1.01318359375,0.40283203125,0.3662109375,-0.10986328125,-0.390625,-0.08544921875,0.634765625,-0.390625,0.62255859375,0.32958984375,0.47607421875,-0.439453125,0.69580078125,-0.18310546875,-0.146484375,-0.0244140625,1.3671875,-0.244140625,3.35693359375,-0.06103515625,0.93994140625,-0.244140625,0.9521484375,-0.30517578125,0.20751953125,0.1708984375,0.91552734375,-0.01220703125,-0.06103515625,-0.10986328125,1.28173828125,0.32958984375,-0.9521484375,0.0244140625,-0.146484375,0.08544921875,-0.927734375,-0.2197265625,-0.634765625,-0.1220703125,-1.5869140625,0.244140625,-0.390625,-0.13427734375,-0.54931640625,0.341796875,-1.025390625,-0.09765625,-0.7080078125,-0.13427734375,-0.69580078125,-0.0244140625,-0.5615234375,0,-0.08544921875,0.146484375,-0.32958984375,-0.0244140625,-1.123046875,-0.2197265625,-0.87890625,0.0244140625,0.50048828125,0.08544921875,0.3662109375,-0.03662109375,-0.0244140625,-0.06103515625,-0.0244140625,0.09765625,0.1708984375,-0.23193359375,-1.25732421875,-0.2197265625,-0.3662109375,0,-1.33056640625,0.08544921875,-1.72119140625
0,0.32958984375,-0.28076171875,0.23193359375,-0.390625,0.01220703125,-0.47607421875,-0.2197265625,-0.13427734375,0.06103515625,-0.09765625,-0.0244140625,-0.9033203125,0,1.06201171875,-0.06103515625,-0.23193359375,-0.25634765625,-0.5859375,0.1708984375,-0.1708984375,-0.390625,0.89111328125,0.146484375,-0.57373046875,-0.537109375,0.244140625,-0.09765625,-0.4638671875,-0.0244140625,1.25732421875,0.1708984375,1.91650390625,-0.06103515625,1.025390625,-0.15869140625,3.955078125,0.01220703125,0.59814453125,-0.37841796875,0.54931640625,-0.1220703125,-0.23193359375,-0.1708984375,-0.7080078125,0.25634765625,-0.42724609375,0.01220703125,0.5859375,-0.7080078125,1.4404296875,0.40283203125,0.48828125,-0.08544921875,-0.32958984375,-0.06103515625,0.732421875,-0.3662109375,0.634765625,0.30517578125,0.4638671875,-0.3662109375,0.59814453125,-0.20751953125,-0.13427734375,-0.01220703125,1.7578125,-0.20751953125,4.21142578125,-0.10986328125,1.15966796875,-0.2197265625,1.1962890625,-0.23193359375,0.1708984375,0.2197265625,0.89111328125,-0.06103515625,-0.0244140625,-0.09765625,1.28173828125,0.35400390625,-0.96435546875,-0.0732421875,-0.20751953125,0.03662109375,-0.93994140625,-0.29296875,-0.69580078125,-0.10986328125,-1.611328125,0.20751953125,-0.37841796875,-0.03662109375,-0.5859375,0.40283203125,-0.8544921875,-0.0732421875,-0.69580078125,-0.13427734375,-0.7080078125,0.0732421875,-0.54931640625,0.0244140625,-0.0732421875,0.13427734375,-0.3662109375,-0.0732421875,-1.11083984375,-0.1220703125,-0.89111328125,0.08544921875,0.45166015625,0.09765625,0.341796875,-0.0244140625,-0.0244140625,-0.09765625,-0.01220703125,0.10986328125,0.1708984375,-0.23193359375,-1.123046875,-0.20751953125,-0.146484375,-0.01220703125,-1.171875,0.08544921875,-1.5625
0,0.37841796875,-0.32958984375,0.2197265625,-0.390625,0.0244140625,-0.50048828125,-0.23193359375,-0.13427734375,0.08544921875,-0.10986328125,-0.01220703125,-0.9033203125,0.01220703125,1.07421875,-0.048828125,-0.2197265625,-0.2685546875,-0.5859375,0.1953125,-0.15869140625,-0.390625,0.89111328125,0.18310546875,-0.57373046875,-0.5859375,0.5126953125,-0.048828125,-0.2197265625,0.06103515625,1.5625,0.10986328125,2.91748046875,-0.10986328125,1.1474609375,-0.20751953125,4.23583984375,0.03662109375,0.72021484375,-0.32958984375,0.6103515625,-0.13427734375,-0.2197265625,-0.1953125,-0.69580078125,0.2197265625,-0.4150390625,0.0244140625,0.57373046875,-0.7568359375,2.1240234375,0.4150390625,0.6591796875,-0.10986328125,-0.1708984375,0.01220703125,0.89111328125,-0.37841796875,0.634765625,0.2685546875,0.45166015625,-0.439453125,0.50048828125,-0.2197265625,-0.10986328125,0.0244140625,2.1728515625,-0.03662109375,5.078125,-0.15869140625,1.3916015625,-0.15869140625,1.4404296875,-0.09765625,0.1708984375,0.244140625,0.89111328125,-0.10986328125,-0.01220703125,-0.10986328125,1.30615234375,0.40283203125,-0.98876953125,-0.15869140625,-0.25634765625,-0.0244140625,-0.9521484375,-0.32958984375,-0.732421875,-0.09765625,-1.611328125,0.15869140625,-0.390625,0.09765625,-0.59814453125,0.390625,-0.59814453125,-0.06103515625,-0.67138671875,-0.1708984375,-0.7080078125,0.18310546875,-0.57373046875,0.0732421875,-0.0732421875,0.09765625,-0.42724609375,-0.13427734375,-1.1474609375,-0.0732421875,-0.9033203125,0.13427734375,0.42724609375,0.08544921875,0.341796875,-0.0244140625,-0.01220703125,-0.08544921875,0.01220703125,0.10986328125,0.18310546875,-0.244140625,-0.91552734375,-0.1953125,0.1220703125,0.01220703125,-0.9765625,0.1220703125,-1.28173828125
1,0.35400390625,-0.37841796875,0.18310546875,-0.40283203125,0.03662109375,-0.48828125,-0.25634765625,-0.1220703125,0.08544921875,-0.10986328125,-0.01220703125,-0.9033203125,0.01220703125,1.0498046875,-0.048828125,-0.18310546875,-0.25634765625,-0.6103515625,0.25634765625,-0.15869140625,-0.35400390625,0.9033203125,0.2197265625,-0.59814453125,-0.54931640625,0.78125,-0.03662109375,0.048828125,0.08544921875,1.91650390625,-0.08544921875,3.9306640625,-0.10986328125,1.1474609375,-0.244140625,4.3212890625,0.06103515625,0.74462890625,-0.3173828125,0.64697265625,-0.048828125,-0.2197265625,-0.18310546875,-0.69580078125,0.1708984375,-0.439453125,0,0.5859375,-0.74462890625,2.978515625,0.3662109375,0.86669921875,-0.09765625,-0.01220703125,0.08544921875,1.07421875,-0.40283203125,0.634765625,0.1953125,0.439453125,-0.35400390625,0.42724609375,-0.2197265625,-0.09765625,-0.0244140625,2.55126953125,0.10986328125,5.8349609375,-0.18310546875,1.64794921875,-0.10986328125,1.67236328125,0.08544921875,0.18310546875,0.20751953125,0.86669921875,-0.18310546875,0.03662109375,-0.06103515625,1.33056640625,0.40283203125,-1.01318359375,-0.244140625,-0.29296875,-0.13427734375,-0.96435546875,-0.30517578125,-0.78125,-0.0732421875,-1.57470703125,0.08544921875,-0.3662109375,0.20751953125,-0.6103515625,0.45166015625,-0.15869140625,-0.048828125,-0.67138671875,-0.20751953125,-0.7080078125,0.1953125,-0.5615234375,0.09765625,-0.048828125,0.01220703125,-0.45166015625,-0.13427734375,-1.171875,-0.03662109375,-0.927734375,0.1953125,0.4150390625,0.08544921875,0.32958984375,-0.0244140625,-0.0244140625,-0.06103515625,0.0244140625,0.10986328125,0.1708984375,-0.244140625,-0.634765625,-0.1708984375,0.47607421875,0.048828125,-0.76904296875,0.09765625,-0.98876953125
1,0.3173828125,-0.390625,0.1953125,-0.390625,0.0244140625,-0.48828125,-0.2685546875,-0.1220703125,0.06103515625,-0.08544921875,0.01220703125,-0.927734375,0.01220703125,1.08642578125,-0.0244140625,-0.1708984375,-0.2197265625,-0.59814453125,0.28076171875,-0.15869140625,-0.3173828125,0.9033203125,0.20751953125,-0.5859375,-0.50048828125,1.03759765625,-0.048828125,0.32958984375,0.0732421875,2.25830078125,-0.08544921875,4.9560546875,-0.08544921875,1.08642578125,-0.32958984375,4.19921875,0.08544921875,0.7080078125,-0.341796875,0.6103515625,0.0244140625,-0.2197265625,-0.09765625,-0.7080078125,0.146484375,-0.45166015625,0.0244140625,0.5859375,-0.68359375,3.94287109375,0.32958984375,1.0986328125,-0.08544921875,0.15869140625,0.146484375,1.25732421875,-0.3662109375,0.6103515625,0.13427734375,0.42724609375,-0.37841796875,0.390625,-0.13427734375,-0.09765625,-0.10986328125,2.86865234375,0.1220703125,6.45751953125,-0.146484375,1.84326171875,-0.0732421875,1.85546875,0.09765625,0.1953125,0.146484375,0.84228515625,-0.25634765625,0.0732421875,-0.01220703125,1.35498046875,0.3662109375,-1.03759765625,-0.28076171875,-0.29296875,-0.2197265625,-0.9765625,-0.2197265625,-0.78125,-0.0732421875,-1.513671875,0.048828125,-0.3173828125,0.341796875,-0.5615234375,0.37841796875,0.45166015625,0,-0.67138671875,-0.1953125,-0.68359375,0.20751953125,-0.5859375,0.13427734375,-0.048828125,-0.0732421875,-0.50048828125,-0.1708984375,-1.18408203125,-0.048828125,-0.9521484375,0.28076171875,0.42724609375,0.10986328125,0.32958984375,-0.01220703125,-0.0244140625,-0.0732421875,0.03662109375,0.09765625,0.15869140625,-0.25634765625,-0.40283203125,-0.146484375,0.78125,0.048828125,-0.54931640625,0.09765625,-0.7080078125
1,0.40283203125,-0.42724609375,0.1953125,-0.4150390625,0.01220703125,-0.50048828125,-0.25634765625,-0.1220703125,0.0732421875,-0.0732421875,-0.01220703125,-0.93994140625,-0.0244140625,1.08642578125,-0.01220703125,-0.1708984375,-0.18310546875,-0.6103515625,0.3173828125,-0.146484375,-0.2685546875,0.89111328125,0.20751953125,-0.5859375,-0.42724609375,1.26953125,-0.03662109375,0.5859375,0.03662109375,2.5634765625,-0.048828125,5.8837890625,-0.0244140625,0.9521484375,-0.390625,3.90625,0.048828125,0.6591796875,-0.3662109375,0.5615234375,0.09765625,-0.244140625,-0.01220703125,-0.7080078125,0.146484375,-0.42724609375,-0.03662109375,0.5615234375,-0.5615234375,4.931640625,0.28076171875,1.30615234375,-0.09765625,0.3173828125,0.1953125,1.4404296875,-0.40283203125,0.59814453125,0.048828125,0.42724609375,-0.3173828125,0.3662109375,-0.03662109375,-0.08544921875,-0.15869140625,3.06396484375,0.146484375,6.8359375,-0.13427734375,1.94091796875,-0.03662109375,1.953125,0.1953125,0.23193359375,0.10986328125,0.89111328125,-0.25634765625,0.09765625,0.08544921875,1.40380859375,0.42724609375,-1.0009765625,-0.28076171875,-0.29296875,-0.2685546875,-0.98876953125,-0.1220703125,-0.78125,-0.09765625,-1.416015625,0.01220703125,-0.23193359375,0.439453125,-0.48828125,0.28076171875,1.18408203125,0.03662109375,-0.67138671875,-0.15869140625,-0.68359375,0.1708984375,-0.5859375,0.1220703125,-0.048828125,-0.09765625,-0.50048828125,-0.18310546875,-1.18408203125,-0.1220703125,-0.9521484375,0.2685546875,0.439453125,0.13427734375,0.32958984375,0,-0.01220703125,-0.06103515625,0.03662109375,0.09765625,0.15869140625,-0.25634765625,-0.2197265625,-0.09765625,1.025390625,0.0732421875,-0.439453125,0.08544921875,-0.50048828125
1,0.390625,-0.439453125,0.15869140625,-0.4150390625,0.01220703125,-0.47607421875,-0.244140625,-0.10986328125,0.0732421875,-0.048828125,-0.0244140625,-0.93994140625,-0.03662109375,1.07421875,-0.0244140625,-0.15869140625,-0.146484375,-0.6103515625,0.32958984375,-0.1708984375,-0.25634765625,0.89111328125,0.146484375,-0.57373046875,-0.3173828125,1.50146484375,-0.01220703125,0.79345703125,-0.03662109375,2.8564453125,-0.0732421875,6.72607421875,0,0.81787109375,-0.47607421875,3.5400390625,0.0244140625,0.5615234375,-0.37841796875,0.4638671875,0.15869140625,-0.23193359375,0.1220703125,-0.72021484375,0.146484375,-0.439453125,-0.048828125,0.57373046875,-0.52490234375,5.859375,0.1953125,1.50146484375,-0.0732421875,0.45166015625,0.3173828125,1.57470703125,-0.3662109375,0.59814453125,0.01220703125,0.42724609375,-0.29296875,0.341796875,0.03662109375,-0.10986328125,-0.18310546875,3.11279296875,0.146484375,6.9580078125,-0.048828125,1.98974609375,-0.0244140625,1.98974609375,0.1220703125,0.25634765625,0.01220703125,0.9033203125,-0.29296875,0.1220703125,0.0732421875,1.45263671875,0.3173828125,-0.98876953125,-0.2685546875,-0.23193359375,-0.3173828125,-0.9765625,-0.01220703125,-0.7568359375,-0.10986328125,-1.25732421875,-0.01220703125,-0.146484375,0.50048828125,-0.341796875,0.40283203125,2.05078125,0.06103515625,-0.67138671875,-0.146484375,-0.68359375,0.13427734375,-0.6103515625,0.08544921875,-0.03662109375,-0.10986328125,-0.48828125,-0.1708984375,-1.1962890625,-0.15869140625,-0.96435546875,0.20751953125,0.47607421875,0.146484375,0.3173828125,-0.048828125,-0.0244140625,-0.0732421875,0.0244140625,0.08544921875,0.146484375,-0.23193359375,-0.09765625,-0.146484375,1.11083984375,0.09765625,-0.37841796875,0.0732421875,-0.37841796875
1,0.4150390625,-0.439453125,0.146484375,-0.40283203125,0.01220703125,-0.47607421875,-0.2197265625,-0.08544921875,0.09765625,-0.048828125,-0.03662109375,-0.9521484375,-0.06103515625,1.0986328125,-0.048828125,-0.13427734375,-0.146484375,-0.5859375,0.35400390625,-0.1708984375,-0.25634765625,0.86669921875,0.08544921875,-0.57373046875,-0.23193359375,1.6845703125,-0.01220703125,0.98876953125,-0.13427734375,3.076171875,-0.1220703125,7.40966796875,-0.0244140625,0.6591796875,-0.45166015625,3.11279296875,-0.03662109375,0.42724609375,-0.35400390625,0.35400390625,0.1220703125,-0.244140625,0.20751953125,-0.72021484375,0.15869140625,-0.45166015625,-0.1220703125,0.57373046875,-0.390625,6.67724609375,0.1708984375,1.66015625,-0.13427734375,0.5859375,0.32958984375,1.69677734375,-0.35400390625,0.57373046875,-0.06103515625,0.42724609375,-0.28076171875,0.390625,0.13427734375,-0.10986328125,-0.18310546875,3.02734375,0.15869140625,6.82373046875,0,1.9287109375,-0.0244140625,1.9287109375,0.048828125,0.3173828125,-0.06103515625,0.93994140625,-0.23193359375,0.146484375,0.0732421875,1.513671875,0.37841796875,-0.91552734375,-0.1953125,-0.146484375,-0.28076171875,-0.93994140625,0.06103515625,-0.7080078125,-0.1220703125,-1.07421875,0.048828125,-0.0244140625,0.52490234375,-0.1708984375,0.28076171875,2.96630859375,0.08544921875,-0.67138671875,-0.10986328125,-0.64697265625,0.03662109375,-0.634765625,0.0732421875,-0.048828125,-0.10986328125,-0.4638671875,-0.15869140625,-1.171875,-0.2197265625,-1.0009765625,0.1708984375,0.48828125,0.1220703125,0.32958984375,-0.0244140625,-0.0244140625,-0.06103515625,0.01220703125,0.09765625,0.15869140625,-0.18310546875,-0.0732421875,-0.08544921875,1.08642578125,0.10986328125,-0.42724609375,0.09765625,-0.390625
1,0.4150390625,-0.4150390625,0.15869140625,-0.390625,0.0244140625,-0.47607421875,-0.2197265625,-0.0732421875,0.09765625,-0.06103515625,-0.048828125,-0.93994140625,-0.08544921875,1.08642578125,-0.06103515625,-0.15869140625,-0.1220703125,-0.59814453125,0.3662109375,-0.18310546875,-0.341796875,0.87890625,0.0732421875,-0.57373046875,-0.1953125,1.81884765625,0,1.123046875,-0.20751953125,3.2470703125,-0.06103515625,7.9345703125,0.01220703125,0.48828125,-0.439453125,2.67333984375,-0.06103515625,0.2685546875,-0.3662109375,0.25634765625,0.10986328125,-0.244140625,0.3173828125,-0.7568359375,0.1708984375,-0.42724609375,-0.18310546875,0.5859375,-0.244140625,7.31201171875,0.146484375,1.74560546875,-0.1708984375,0.64697265625,0.3662109375,1.79443359375,-0.341796875,0.5859375,-0.0732421875,0.439453125,-0.32958984375,0.4638671875,0.2685546875,-0.10986328125,-0.1708984375,2.83203125,0.20751953125,6.43310546875,0.06103515625,1.806640625,-0.03662109375,1.7822265625,0.1708984375,0.4150390625,-0.0244140625,1.01318359375,-0.13427734375,0.1708984375,0.0732421875,1.55029296875,0.2685546875,-0.86669921875,-0.13427734375,-0.0732421875,-0.1953125,-0.927734375,0.08544921875,-0.64697265625,-0.18310546875,-0.927734375,0.08544921875,0.08544921875,0.48828125,0,0.146484375,3.89404296875,0.03662109375,-0.68359375,-0.0732421875,-0.6591796875,0.01220703125,-0.634765625,-0.048828125,-0.03662109375,-0.1220703125,-0.439453125,-0.15869140625,-1.18408203125,-0.341796875,-0.9765625,0.09765625,0.47607421875,0.13427734375,0.341796875,-0.01220703125,0,-0.0732421875,0.0244140625,0.0732421875,0.1708984375,-0.25634765625,-0.1220703125,-0.2197265625,0.93994140625,0.0732421875,-0.50048828125,0.01220703125,-0.47607421875
1,0.40283203125,-0.40283203125,0.13427734375,-0.35400390625,0.0244140625,-0.47607421875,-0.2197265625,-0.06103515625,0.09765625,-0.0732421875,-0.048828125,-0.93994140625,-0.1220703125,1.07421875,-0.09765625,-0.15869140625,-0.1220703125,-0.57373046875,0.390625,-0.18310546875,-0.439453125,0.86669921875,0.06103515625,-0.5615234375,-0.1708984375,1.89208984375,0.01220703125,1.1962890625,-0.2197265625,3.3447265625,0,8.23974609375,0,0.341796875,-0.390625,2.20947265625,-0.08544921875,0.146484375,-0.341796875,0.10986328125,0.09765625,-0.25634765625,0.40283203125,-0.74462890625,0.1708984375,-0.4150390625,-0.20751953125,0.59814453125,-0.18310546875,7.72705078125,0.13427734375,1.806640625,-0.1953125,0.72021484375,0.29296875,1.8310546875,-0.3173828125,0.6103515625,-0.0244140625,0.439453125,-0.2685546875,0.537109375,0.439453125,-0.10986328125,-0.13427734375,2.50244140625,0.1953125,5.8837890625,0.06103515625,1.62353515625,-0.08544921875,1.59912109375,0.09765625,0.50048828125,-0.06103515625,1.07421875,-0.10986328125,0.2197265625,-0.03662109375,1.6357421875,0.29296875,-0.81787109375,-0.048828125,0.01220703125,-0.1220703125,-0.9033203125,0.09765625,-0.6103515625,-0.2197265625,-0.78125,0.13427734375,0.1953125,0.439453125,0.1953125,0.20751953125,4.72412109375,0,-0.7080078125,-0.03662109375,-0.67138671875,0,-0.634765625,-0.13427734375,-0.048828125,-0.10986328125,-0.42724609375,-0.10986328125,-1.1962890625,-0.37841796875,-1.0009765625,0.0732421875,0.47607421875,0.09765625,0.341796875,-0.0244140625,0,-0.048828125,0.01220703125,0.06103515625,0.15869140625,-0.23193359375,-0.23193359375,-0.244140625,0.74462890625,0.09765625,-0.6103515625,0.06103515625,-0.5859375
1,0.37841796875,-0.35400390625,0.1220703125,-0.35400390625,0.01220703125,-0.47607421875,-0.23193359375,-0.08544921875,0.09765625,-0.08544921875,-0.048828125,-0.927734375,-0.13427734375,1.07421875,-0.08544921875,-0.1708984375,-0.1220703125,-0.5859375,0.40283203125,-0.18310546875,-0.52490234375,0.87890625,0.0732421875,-0.57373046875,-0.18310546875,1.89208984375,0.03662109375,1.20849609375,-0.20751953125,3.369140625,0.03662109375,8.30078125,0.01220703125,0.2197265625,-0.35400390625,1.7822265625,-0.1220703125,0.03662109375,-0.3662109375,-0.0244140625,0.0732421875,-0.2685546875,0.40283203125,-0.74462890625,0.146484375,-0.40283203125,-0.2197265625,0.59814453125,-0.1953125,7.87353515625,0.13427734375,1.8310546875,-0.1953125,0.732421875,0.244140625,1.86767578125,-0.40283203125,0.59814453125,0.01220703125,0.4638671875,-0.2685546875,0.62255859375,0.57373046875,-0.10986328125,-0.06103515625,2.13623046875,0.1220703125,5.16357421875,0.08544921875,1.3916015625,-0.09765625,1.3671875,0.01220703125,0.6103515625,-0.06103515625,1.15966796875,-0.03662109375,0.28076171875,-0.10986328125,1.72119140625,0.2685546875,-0.7568359375,0.01220703125,0.048828125,-0.048828125,-0.89111328125,0.06103515625,-0.5859375,-0.25634765625,-0.6591796875,0.18310546875,0.29296875,0.29296875,0.341796875,0.2685546875,5.40771484375,-0.0244140625,-0.7080078125,-0.01220703125,-0.6591796875,0.03662109375,-0.6103515625,-0.1953125,-0.06103515625,-0.10986328125,-0.439453125,-0.0732421875,-1.20849609375,-0.45166015625,-1.0009765625,0.06103515625,0.42724609375,0.08544921875,0.3662109375,-0.01220703125,-0.01220703125,-0.0732421875,0,0.08544921875,0.18310546875,-0.1953125,-0.3662109375,-0.1220703125,0.537109375,0.10986328125,-0.7080078125,0.10986328125,-0.78125
1,0.29296875,-0.3173828125,0.08544921875,-0.3662109375,0.0244140625,-0.4638671875,-0.244140625,-0.10986328125,0.1220703125,-0.08544921875,-0.048828125,-0.91552734375,-0.15869140625,1.07421875,-0.08544921875,-0.18310546875,-0.15869140625,-0.57373046875,0.390625,-0.1953125,-0.59814453125,0.87890625,0.08544921875,-0.57373046875,-0.2197265625,1.81884765625,0,1.13525390625,-0.146484375,3.2958984375,0.01220703125,8.11767578125,0.048828125,0.13427734375,-0.28076171875,1.40380859375,-0.146484375,-0.08544921875,-0.40283203125,-0.1708984375,0.09765625,-0.2685546875,0.390625,-0.74462890625,0.15869140625,-0.40283203125,-0.244140625,0.59814453125,-0.146484375,7.77587890625,0.1708984375,1.806640625,-0.1953125,0.72021484375,0.2197265625,1.84326171875,-0.42724609375,0.6103515625,0.08544921875,0.45166015625,-0.2197265625,0.69580078125,0.72021484375,-0.1220703125,-0.03662109375,1.7333984375,0.06103515625,4.443359375,0.048828125,1.15966796875,-0.08544921875,1.11083984375,0.06103515625,0.732421875,-0.048828125,1.25732421875,0.048828125,0.3662109375,-0.146484375,1.79443359375,0.1953125,-0.78125,0.08544921875,0.06103515625,-0.01220703125,-0.89111328125,-0.0244140625,-0.5615234375,-0.25634765625,-0.59814453125,0.20751953125,0.341796875,0.1220703125,0.439453125,0.28076171875,5.84716796875,-0.01220703125,-0.7080078125,-0.0244140625,-0.67138671875,0,-0.59814453125,-0.2685546875,-0.0732421875,-0.1708984375,-0.47607421875,-0.08544921875,-1.25732421875,-0.4638671875,-1.03759765625,-0.01220703125,0.390625,0.08544921875,0.37841796875,0.01220703125,-0.0244140625,-0.048828125,0.01220703125,0.048828125,0.1953125,-0.25634765625,-0.4638671875,-0.23193359375,0.37841796875,0.048828125,-0.7568359375,0.0244140625,-0.89111328125
1,0.42724609375,-0.2685546875,0.0732421875,-0.3662109375,0.01220703125,-0.4638671875,-0.23193359375,-0.10986328125,0.146484375,-0.10986328125,-0.048828125,-0.927734375,-0.18310546875,1.06201171875,-0.048828125,-0.1953125,-0.2197265625,-0.54931640625,0.37841796875,-0.1953125,-0.62255859375,0.87890625,0.09765625,-0.59814453125,-0.25634765625,1.66015625,-0.0732421875,1.0009765625,-0.08544921875,3.13720703125,-0.06103515625,7.62939453125,0.0244140625,0.03662109375,-0.23193359375,1.0498046875,-0.146484375,-0.1708984375,-0.4150390625,-0.2685546875,0.15869140625,-0.2685546875,0.35400390625,-0.732421875,0.18310546875,-0.4150390625,-0.20751953125,0.57373046875,-0.18310546875,7.43408203125,0.2197265625,1.7333984375,-0.20751953125,0.6591796875,0.15869140625,1.7578125,-0.5126953125,0.634765625,0.13427734375,0.4638671875,-0.1953125,0.7080078125,0.79345703125,-0.10986328125,0.048828125,1.3427734375,0.01220703125,3.7109375,0,0.91552734375,-0.10986328125,0.86669921875,-0.048828125,0.9033203125,-0.09765625,1.3427734375,0.01220703125,0.47607421875,-0.18310546875,1.89208984375,0.29296875,-0.79345703125,0.15869140625,0.0244140625,-0.0244140625,-0.91552734375,-0.09765625,-0.59814453125,-0.25634765625,-0.57373046875,0.18310546875,0.35400390625,-0.048828125,0.47607421875,0.20751953125,6.0791015625,-0.03662109375,-0.7080078125,-0.0244140625,-0.6591796875,-0.01220703125,-0.59814453125,-0.28076171875,-0.08544921875,-0.15869140625,-0.5126953125,-0.03662109375,-1.318359375,-0.37841796875,-1.03759765625,0,0.341796875,0.06103515625,0.37841796875,0.03662109375,-0.03662109375,-0.048828125,-0.01220703125,0.048828125,0.18310546875,-0.23193359375,-0.48828125,-0.23193359375,0.30517578125,0.0732421875,-0.732421875,0.048828125,-0.91552734375
1,0.40283203125,-0.2197265625,0.06103515625,-0.390625,0,-0.45166015625,-0.20751953125,-0.1220703125,0.146484375,-0.09765625,-0.048828125,-0.9033203125,-0.20751953125,1.06201171875,-0.01220703125,-0.20751953125,-0.2685546875,-0.54931640625,0.341796875,-0.18310546875,-0.5615234375,0.89111328125,0.10986328125,-0.6103515625,-0.3173828125,1.416015625,-0.1708984375,0.8056640625,0.0244140625,2.91748046875,-0.15869140625,6.93359375,0.048828125,-0.048828125,-0.13427734375,0.69580078125,-0.15869140625,-0.2197265625,-0.390625,-0.40283203125,0.2197265625,-0.25634765625,0.244140625,-0.7080078125,0.20751953125,-0.439453125,-0.15869140625,0.5859375,-0.28076171875,6.84814453125,0.23193359375,1.62353515625,-0.1953125,0.5615234375,0.09765625,1.66015625,-0.5126953125,0.62255859375,0.15869140625,0.45166015625,-0.23193359375,0.7080078125,0.91552734375,-0.09765625,0.08544921875,1.01318359375,0,3.076171875,-0.048828125,0.7080078125,-0.09765625,0.67138671875,-0.10986328125,1.06201171875,-0.0732421875,1.45263671875,0.0244140625,0.59814453125,-0.13427734375,2.0263671875,0.2685546875,-0.7568359375,0.20751953125,-0.03662109375,-0.09765625,-0.9521484375,-0.15869140625,-0.634765625,-0.20751953125,-0.6103515625,0.1708984375,0.341796875,-0.20751953125,0.4638671875,0.18310546875,6.06689453125,-0.0244140625,-0.69580078125,-0.01220703125,-0.64697265625,0,-0.6103515625,-0.2685546875,-0.0732421875,-0.1220703125,-0.59814453125,-0.03662109375,-1.37939453125,-0.32958984375,-1.06201171875,0.01220703125,0.3173828125,0.048828125,0.35400390625,0.03662109375,-0.03662109375,-0.0732421875,-0.01220703125,0.048828125,0.1708984375,-0.25634765625,-0.439453125,-0.1708984375,0.37841796875,0.048828125,-0.67138671875,0.048828125,-0.8056640625
1,0.37841796875,-0.1953125,0.048828125,-0.37841796875,-0.01220703125,-0.45166015625,-0.2197265625,-0.1220703125,0.1708984375,-0.09765625,-0.03662109375,-0.91552734375,-0.20751953125,1.06201171875,0,-0.1953125,-0.2685546875,-0.5615234375,0.30517578125,-0.1708984375,-0.5126953125,0.89111328125,0.0732421875,-0.59814453125,-0.3662109375,1.15966796875,-0.244140625,0.57373046875,0.0732421875,2.63671875,-0.2197265625,6.005859375,0.146484375,-0.09765625,-0.1220703125,0.341796875,-0.1220703125,-0.23193359375,-0.37841796875,-0.537109375,0.3173828125,-0.2197265625,0.20751953125,-0.68359375,0.23193359375,-0.45166015625,-0.03662109375,0.5859375,-0.30517578125,6.09130859375,0.25634765625,1.47705078125,-0.1708984375,0.4150390625,0.01220703125,1.50146484375,-0.48828125,0.634765625,0.1953125,0.45166015625,-0.20751953125,0.64697265625,1.0009765625,-0.09765625,0.13427734375,0.76904296875,-0.06103515625,2.55126953125,-0.15869140625,0.5615234375,-0.09765625,0.5126953125,-0.1220703125,1.220703125,-0.048828125,1.55029296875,0,0.74462890625,-0.08544921875,2.16064453125,0.32958984375,-0.67138671875,0.20751953125,-0.06103515625,-0.1953125,-0.96435546875,-0.2197265625,-0.64697265625,-0.15869140625,-0.6591796875,0.09765625,0.3173828125,-0.32958984375,0.40283203125,0.23193359375,5.859375,-0.01220703125,-0.67138671875,-0.0244140625,-0.6591796875,0.03662109375,-0.62255859375,-0.25634765625,-0.08544921875,-0.08544921875,-0.62255859375,-0.0732421875,-1.40380859375,-0.2685546875,-1.08642578125,0.06103515625,0.3173828125,0.048828125,0.35400390625,0.03662109375,-0.0244140625,-0.0732421875,-0.01220703125,0.03662109375,0.1708984375,-0.25634765625,-0.28076171875,-0.20751953125,0.5859375,0.03662109375,-0.50048828125,0.0244140625,-0.62255859375
1,0.390625,-0.1708984375,0.0244140625,-0.390625,-0.01220703125,-0.42724609375,-0.1953125,-0.1220703125,0.18310546875,-0.09765625,-0.0244140625,-0.87890625,-0.23193359375,1.0498046875,0.048828125,-0.1708984375,-0.244140625,-0.5859375,0.23193359375,-0.18310546875,-0.439453125,0.89111328125,-0.01220703125,-0.6103515625,-0.37841796875,0.86669921875,-0.3173828125,0.29296875,0.13427734375,2.28271484375,-0.20751953125,4.98046875,0.18310546875,-0.1953125,-0.06103515625,-0.01220703125,-0.09765625,-0.29296875,-0.37841796875,-0.64697265625,0.35400390625,-0.20751953125,0.1220703125,-0.6591796875,0.244140625,-0.439453125,0.01220703125,0.59814453125,-0.390625,5.18798828125,0.29296875,1.2939453125,-0.146484375,0.28076171875,-0.03662109375,1.30615234375,-0.48828125,0.6103515625,0.1708984375,0.45166015625,-0.20751953125,0.5859375,1.0009765625,-0.1220703125,0.1708984375,0.5859375,-0.0732421875,2.1484375,-0.25634765625,0.45166015625,-0.0732421875,0.390625,-0.23193359375,1.3671875,-0.08544921875,1.64794921875,-0.03662109375,0.8544921875,-0.0244140625,2.294921875,0.40283203125,-0.47607421875,0.18310546875,-0.09765625,-0.37841796875,-0.927734375,-0.23193359375,-0.634765625,-0.0732421875,-0.732421875,0.03662109375,0.25634765625,-0.390625,0.29296875,0.28076171875,5.4931640625,-0.03662109375,-0.68359375,-0.03662109375,-0.6591796875,0.06103515625,-0.62255859375,-0.244140625,-0.08544921875,-0.06103515625,-0.67138671875,-0.1220703125,-1.4404296875,-0.23193359375,-1.08642578125,0.1220703125,0.341796875,0.06103515625,0.341796875,0.06103515625,-0.048828125,-0.0732421875,-0.0244140625,0.0732421875,0.15869140625,-0.244140625,-0.0244140625,-0.1708984375,0.84228515625,0.06103515625,-0.29296875,0.0732421875,-0.3173828125
0,0.3662109375,-0.13427734375,0.0244140625,-0.37841796875,-0.01220703125,-0.42724609375,-0.18310546875,-0.09765625,0.2197265625,-0.0732421875,-0.01220703125,-0.87890625,-0.23193359375,1.06201171875,0.0244140625,-0.146484375,-0.1953125,-0.59814453125,0.1708984375,-0.15869140625,-0.37841796875,0.91552734375,-0.0732421875,-0.6103515625,-0.37841796875,0.5859375,-0.37841796875,0.0244140625,0.1220703125,1.9775390625,-0.20751953125,3.94287109375,0.25634765625,-0.35400390625,-0.06103515625,-0.390625,-0.0732421875,-0.3662109375,-0.390625,-0.732421875,0.341796875,-0.1953125,0.09765625,-0.64697265625,0.29296875,-0.47607421875,0.0244140625,0.5859375,-0.30517578125,4.2236328125,0.2197265625,1.07421875,-0.15869140625,0.13427734375,-0.09765625,1.123046875,-0.4150390625,0.5859375,0.13427734375,0.42724609375,-0.1953125,0.50048828125,1.025390625,-0.13427734375,0.146484375,0.439453125,-0.06103515625,1.806640625,-0.29296875,0.3662109375,-0.08544921875,0.29296875,-0.2197265625,1.513671875,-0.08544921875,1.74560546875,-0.06103515625,0.98876953125,0.06103515625,2.45361328125,0.40283203125,-0.13427734375,0.13427734375,-0.01220703125,-0.537109375,-0.87890625,-0.2685546875,-0.5859375,-0.0244140625,-0.81787109375,-0.01220703125,0.23193359375,-0.40283203125,0.1708984375,0.146484375,5.06591796875,-0.0732421875,-0.64697265625,-0.01220703125,-0.67138671875,0.08544921875,-0.634765625,-0.1953125,-0.09765625,0,-0.68359375,-0.13427734375,-1.42822265625,-0.1708984375,-1.07421875,0.244140625,0.3662109375,0.06103515625,0.3173828125,0.06103515625,-0.048828125,-0.0732421875,-0.048828125,0.06103515625,0.13427734375,-0.25634765625,0.2685546875,-0.146484375,1.1474609375,0.01220703125,-0.06103515625,0.01220703125,0
0,0.37841796875,-0.10986328125,0.0244140625,-0.3662109375,0.03662109375,-0.40283203125,-0.1708984375,-0.048828125,0.1953125,-0.048828125,-0.01220703125,-0.87890625,-0.2197265625,1.06201171875,0.0732421875,-0.10986328125,-0.13427734375,-0.59814453125,0.10986328125,-0.15869140625,-0.37841796875,0.89111328125,-0.13427734375,-0.59814453125,-0.40283203125,0.341796875,-0.40283203125,-0.23193359375,0.0732421875,1.64794921875,-0.15869140625,2.978515625,0.2685546875,-0.47607421875,-0.048828125,-0.732421875,-0.048828125,-0.42724609375,-0.40283203125,-0.84228515625,0.28076171875,-0.1953125,0.08544921875,-0.64697265625,0.390625,-0.4638671875,0.0244140625,0.57373046875,-0.37841796875,3.2958984375,0.23193359375,0.89111328125,-0.08544921875,-0.0244140625,-0.1953125,0.927734375,-0.3662109375,0.5859375,0.146484375,0.42724609375,-0.244140625,0.42724609375,1.03759765625,-0.13427734375,0.13427734375,0.341796875,-0.09765625,1.5625,-0.28076171875,0.28076171875,-0.1220703125,0.20751953125,-0.1953125,1.611328125,-0.10986328125,1.81884765625,-0.06103515625,1.08642578125,0.1953125,2.55126953125,0.390625,0.390625,0.08544921875,0.13427734375,-0.634765625,-0.7568359375,-0.23193359375,-0.45166015625,0.0244140625,-0.9033203125,-0.08544921875,0.18310546875,-0.32958984375,0.09765625,0.03662109375,4.638671875,-0.10986328125,-0.6591796875,-0.01220703125,-0.67138671875,0.08544921875,-0.64697265625,-0.13427734375,-0.08544921875,0,-0.6591796875,-0.1953125,-1.40380859375,-0.10986328125,-1.01318359375,0.30517578125,0.439453125,0.0732421875,0.30517578125,0.048828125,-0.048828125,-0.048828125,-0.09765625,0.0732421875,0.1220703125,-0.28076171875,0.54931640625,-0.20751953125,1.416015625,0.01220703125,0.146484375,0.01220703125,0.341796875
0,0.3662109375,-0.08544921875,0,-0.3662109375,0.06103515625,-0.4150390625,-0.15869140625,-0.048828125,0.15869140625,-0.06103515625,0.01220703125,-0.89111328125,-0.1953125,1.03759765625,0.10986328125,-0.1220703125,-0.048828125,-0.62255859375,0.06103515625,-0.146484375,-0.30517578125,0.87890625,-0.1708984375,-0.59814453125,-0.3662109375,0.146484375,-0.4150390625,-0.439453125,0.06103515625,1.37939453125,-0.1220703125,2.20947265625,0.23193359375,-0.634765625,-0.146484375,-1.07421875,-0.08544921875,-0.52490234375,-0.40283203125,-0.9033203125,0.20751953125,-0.2197265625,0.06103515625,-0.64697265625,0.45166015625,-0.45166015625,-0.0244140625,0.54931640625,-0.341796875,2.4169921875,0.23193359375,0.72021484375,0,-0.1708984375,-0.32958984375,0.7568359375,-0.32958984375,0.5859375,0.08544921875,0.439453125,-0.32958984375,0.341796875,1.07421875,-0.146484375,0.10986328125,0.2197265625,-0.1708984375,1.35498046875,-0.23193359375,0.244140625,-0.15869140625,0.146484375,-0.146484375,1.67236328125,-0.048828125,1.8798828125,-0.08544921875,1.15966796875,0.2685546875,2.63671875,0.28076171875,1.07421875,0.01220703125,0.40283203125,-0.67138671875,-0.6103515625,-0.2197265625,-0.25634765625,0.0244140625,-0.9521484375,-0.146484375,0.15869140625,-0.20751953125,0.03662109375,-0.048828125,4.26025390625,-0.09765625,-0.68359375,0,-0.64697265625,0.048828125,-0.67138671875,-0.03662109375,-0.0732421875,-0.0244140625,-0.59814453125,-0.244140625,-1.3427734375,-0.09765625,-1.0009765625,0.30517578125,0.50048828125,0.08544921875,0.30517578125,0.06103515625,-0.0244140625,-0.0732421875,-0.1220703125,0.0732421875,0.13427734375,-0.25634765625,0.8056640625,-0.18310546875,1.611328125,0.01220703125,0.30517578125,0.01220703125,0.6103515625
0,0.3662109375,-0.01220703125,0.01220703125,-0.3662109375,0.08544921875,-0.40283203125,-0.15869140625,-0.06103515625,0.15869140625,-0.06103515625,0,-0.87890625,-0.20751953125,1.0498046875,0.13427734375,-0.13427734375,-0.01220703125,-0.62255859375,0.048828125,-0.146484375,-0.32958984375,0.8544921875,-0.1953125,-0.5859375,-0.32958984375,0,-0.37841796875,-0.59814453125,0,1.11083984375,-0.13427734375,1.57470703125,0.1953125,-0.76904296875,-0.1708984375,-1.35498046875,-0.10986328125,-0.62255859375,-0.3662109375,-0.98876953125,0.0732421875,-0.23193359375,0.03662109375,-0.67138671875,0.537109375,-0.439453125,-0.06103515625,0.54931640625,-0.244140625,1.708984375,0.18310546875,0.57373046875,0.03662109375,-0.28076171875,-0.42724609375,0.59814453125,-0.244140625,0.57373046875,0.03662109375,0.439453125,-0.3662109375,0.341796875,1.06201171875,-0.1220703125,0.1220703125,0.1220703125,-0.1953125,1.171875,-0.15869140625,0.1708984375,-0.1953125,0.10986328125,-0.10986328125,1.69677734375,-0.0244140625,1.91650390625,-0.048828125,1.18408203125,0.3173828125,2.6611328125,0.25634765625,1.86767578125,-0.048828125,0.74462890625,-0.6103515625,-0.4150390625,-0.18310546875,-0.01220703125,0.0244140625,-0.98876953125,-0.18310546875,0.1220703125,-0.13427734375,-0.0244140625,-0.03662109375,3.9794921875,-0.048828125,-0.69580078125,0.01220703125,-0.6591796875,-0.0244140625,-0.67138671875,0.0244140625,-0.0732421875,-0.03662109375,-0.537109375,-0.2685546875,-1.28173828125,-0.13427734375,-0.96435546875,0.341796875,0.537109375,0.06103515625,0.3173828125,0.08544921875,-0.01220703125,-0.0732421875,-0.10986328125,0.08544921875,0.15869140625,-0.25634765625,0.9765625,-0.15869140625,1.708984375,0.01220703125,0.390625,0.03662109375,0.76904296875
0,0.3662109375,0.03662109375,0.01220703125,-0.3662109375,0.10986328125,-0.390625,-0.15869140625,-0.06103515625,0.13427734375,-0.03662109375,0.01220703125,-0.89111328125,-0.2197265625,1.06201171875,0.13427734375,-0.13427734375,0.01220703125,-0.59814453125,0.048828125,-0.13427734375,-0.40283203125,0.87890625,-0.18310546875,-0.5859375,-0.341796875,-0.0732421875,-0.30517578125,-0.72021484375,-0.06103515625,0.927734375,-0.23193359375,1.15966796875,0.1220703125,-0.87890625,-0.20751953125,-1.5625,-0.1220703125,-0.7080078125,-0.341796875,-1.03759765625,-0.03662109375,-0.244140625,-0.0244140625,-0.67138671875,0.57373046875,-0.45166015625,-0.09765625,0.52490234375,-0.18310546875,1.18408203125,0.18310546875,0.48828125,0.06103515625,-0.35400390625,-0.48828125,0.5126953125,-0.2197265625,0.5859375,0,0.42724609375,-0.45166015625,0.35400390625,1.0009765625,-0.1220703125,0.08544921875,0.03662109375,-0.1953125,1.01318359375,-0.03662109375,0.1220703125,-0.2685546875,0.048828125,-0.06103515625,1.66015625,0.01220703125,1.9287109375,-0.01220703125,1.171875,0.30517578125,2.67333984375,0.32958984375,2.72216796875,-0.06103515625,1.171875,-0.47607421875,-0.1708984375,-0.09765625,0.3173828125,0,-1.0009765625,-0.1953125,0.0732421875,-0.09765625,-0.03662109375,0,3.7841796875,0.0244140625,-0.7080078125,0,-0.67138671875,-0.13427734375,-0.6591796875,0.06103515625,-0.06103515625,-0.06103515625,-0.45166015625,-0.244140625,-1.220703125,-0.1220703125,-0.927734375,0.3173828125,0.5859375,0.09765625,0.30517578125,0.09765625,0,-0.0732421875,-0.10986328125,0.0732421875,0.15869140625,-0.23193359375,1.06201171875,-0.146484375,1.66015625,0.03662109375,0.40283203125,-0.01220703125,0.79345703125
0,0.3662109375,0.09765625,0.048828125,-0.3662109375,0.146484375,-0.42724609375,-0.18310546875,-0.048828125,0.10986328125,-0.048828125,0,-0.9033203125,-0.20751953125,1.06201171875,0.10986328125,-0.146484375,0.0244140625,-0.59814453125,0.0732421875,-0.1220703125,-0.4638671875,0.87890625,-0.15869140625,-0.59814453125,-0.30517578125,-0.1220703125,-0.20751953125,-0.78125,-0.10986328125,0.830078125,-0.28076171875,0.927734375,0.06103515625,-0.927734375,-0.28076171875,-1.67236328125,-0.1708984375,-0.78125,-0.35400390625,-1.07421875,-0.13427734375,-0.244140625,-0.06103515625,-0.69580078125,0.57373046875,-0.42724609375,-0.15869140625,0.50048828125,-0.06103515625,0.86669921875,0.1220703125,0.439453125,0.0244140625,-0.390625,-0.52490234375,0.47607421875,-0.1953125,0.6103515625,-0.0244140625,0.439453125,-0.537109375,0.42724609375,0.91552734375,-0.09765625,0,-0.0244140625,-0.2197265625,0.84228515625,0.0244140625,0.048828125,-0.35400390625,0,-0.0244140625,1.611328125,0.1220703125,1.904296875,0.06103515625,1.123046875,0.25634765625,2.60009765625,0.32958984375,3.60107421875,-0.08544921875,1.5869140625,-0.28076171875,0.0732421875,-0.0244140625,0.634765625,-0.0732421875,-1.0009765625,-0.28076171875,0.08544921875,-0.08544921875,0,0.10986328125,3.7109375,0.0732421875,-0.72021484375,-0.03662109375,-0.67138671875,-0.18310546875,-0.64697265625,0.06103515625,-0.0732421875,-0.0732421875,-0.4150390625,-0.20751953125,-1.1962890625,-0.18310546875,-0.9033203125,0.32958984375,0.5859375,0.10986328125,0.3173828125,0.0732421875,0.01220703125,-0.06103515625,-0.10986328125,0.048828125,0.1708984375,-0.244140625,1.0009765625,-0.146484375,1.52587890625,0.0244140625,0.32958984375,0.01220703125,0.74462890625
0,0.32958984375,0.1220703125,0.0244140625,-0.35400390625,0.1708984375,-0.4150390625,-0.18310546875,-0.0732421875,0.10986328125,-0.06103515625,0.03662109375,-0.9033203125,-0.20751953125,1.06201171875,0.09765625,-0.15869140625,0.01220703125,-0.57373046875,0.09765625,-0.1220703125,-0.5859375,0.8544921875,-0.1220703125,-0.5859375,-0.28076171875,-0.13427734375,-0.08544921875,-0.84228515625,-0.10986328125,0.732421875,-0.29296875,0.78125,0.01220703125,-0.93994140625,-0.32958984375,-1.69677734375,-0.18310546875,-0.79345703125,-0.29296875,-1.0986328125,-0.18310546875,-0.2685546875,-0.146484375,-0.7080078125,0.48828125,-0.40283203125,-0.18310546875,0.5126953125,-0.0244140625,0.76904296875,0.15869140625,0.42724609375,0.048828125,-0.3662109375,-0.59814453125,0.50048828125,-0.2685546875,0.634765625,-0.01220703125,0.4638671875,-0.5126953125,0.5126953125,0.84228515625,-0.09765625,-0.01220703125,-0.10986328125,-0.29296875,0.69580078125,0.08544921875,-0.01220703125,-0.45166015625,-0.01220703125,-0.10986328125,1.50146484375,0.18310546875,1.81884765625,0.146484375,1.06201171875,0.1953125,2.5390625,0.37841796875,4.40673828125,-0.09765625,2.01416015625,-0.06103515625,0.3173828125,0.048828125,0.927734375,-0.08544921875,-0.96435546875,-0.2685546875,0.08544921875,-0.09765625,0,0.1708984375,3.7353515625,0.06103515625,-0.732421875,-0.08544921875,-0.68359375,-0.15869140625,-0.64697265625,0.01220703125,-0.0732421875,-0.09765625,-0.390625,-0.1953125,-1.18408203125,-0.244140625,-0.9033203125,0.25634765625,0.52490234375,0.1220703125,0.30517578125,0.09765625,0,-0.08544921875,-0.08544921875,0.06103515625,0.1708984375,-0.244140625,0.86669921875,-0.1708984375,1.30615234375,0.03662109375,0.1708984375,0.0244140625,0.5615234375
0,0.3173828125,0.146484375,-0.01220703125,-0.35400390625,0.18310546875,-0.439453125,-0.18310546875,-0.048828125,0.1220703125,-0.0732421875,0.01220703125,-0.91552734375,-0.2197265625,1.0498046875,0.0732421875,-0.146484375,-0.01220703125,-0.5615234375,0.1220703125,-0.1220703125,-0.6103515625,0.84228515625,-0.1220703125,-0.57373046875,-0.244140625,-0.13427734375,-0.01220703125,-0.86669921875,-0.10986328125,0.6591796875,-0.28076171875,0.64697265625,0,-0.93994140625,-0.341796875,-1.611328125,-0.23193359375,-0.78125,-0.341796875,-1.07421875,-0.1953125,-0.2685546875,-0.244140625,-0.732421875,0.35400390625,-0.42724609375,-0.15869140625,0.52490234375,0,0.78125,0.13427734375,0.42724609375,0.09765625,-0.32958984375,-0.634765625,0.54931640625,-0.3173828125,0.634765625,0.01220703125,0.45166015625,-0.54931640625,0.64697265625,0.72021484375,-0.06103515625,-0.03662109375,-0.18310546875,-0.35400390625,0.5615234375,0.13427734375,-0.01220703125,-0.47607421875,-0.0244140625,-0.10986328125,1.37939453125,0.2197265625,1.7822265625,0.15869140625,0.98876953125,0.1220703125,2.42919921875,0.35400390625,5.04150390625,-0.0732421875,2.3193359375,0.1708984375,0.52490234375,0.09765625,1.1474609375,-0.10986328125,-0.96435546875,-0.25634765625,0.06103515625,-0.18310546875,0.0244140625,0.048828125,3.8330078125,0.048828125,-0.7568359375,-0.15869140625,-0.68359375,-0.1708984375,-0.634765625,-0.0732421875,-0.0732421875,-0.08544921875,-0.4150390625,-0.146484375,-1.220703125,-0.28076171875,-0.9521484375,0.1708984375,0.4638671875,0.146484375,0.3173828125,0.1220703125,0.01220703125,-0.08544921875,-0.06103515625,0.06103515625,0.18310546875,-0.23193359375,0.69580078125,-0.13427734375,1.06201171875,0.0244140625,0.03662109375,0.01220703125,0.3662109375
0,0.30517578125,0.146484375,0,-0.35400390625,0.20751953125,-0.45166015625,-0.18310546875,-0.08544921875,0.1220703125,-0.09765625,0,-0.91552734375,-0.244140625,1.06201171875,0.0732421875,-0.15869140625,-0.06103515625,-0.54931640625,0.13427734375,-0.1220703125,-0.57373046875,0.8544921875,-0.09765625,-0.5859375,-0.18310546875,-0.15869140625,0.01220703125,-0.91552734375,-0.13427734375,0.5859375,-0.2685546875,0.52490234375,0.01220703125,-0.84228515625,-0.30517578125,-1.4404296875,-0.29296875,-0.74462890625,-0.30517578125,-1.025390625,-0.20751953125,-0.2685546875,-0.3173828125,-0.72021484375,0.20751953125,-0.42724609375,-0.18310546875,0.5126953125,0.06103515625,0.927734375,0.08544921875,0.45166015625,0.13427734375,-0.2685546875,-0.634765625,0.59814453125,-0.390625,0.64697265625,0.03662109375,0.439453125,-0.54931640625,0.78125,0.64697265625,-0.06103515625,-0.01220703125,-0.2197265625,-0.35400390625,0.48828125,0.18310546875,-0.048828125,-0.42724609375,-0.01220703125,-0.06103515625,1.26953125,0.2685546875,1.67236328125,0.1708984375,0.91552734375,0.03662109375,2.3193359375,0.20751953125,5.517578125,-0.0732421875,2.5390625,0.3662109375,0.68359375,0.08544921875,1.318359375,-0.13427734375,-0.927734375,-0.25634765625,0.06103515625,-0.2197265625,0.0732421875,-0.0732421875,3.91845703125,-0.01220703125,-0.7568359375,-0.1953125,-0.68359375,-0.146484375,-0.59814453125,-0.146484375,-0.0732421875,-0.1220703125,-0.48828125,-0.10986328125,-1.2939453125,-0.28076171875,-1.0009765625,0.15869140625,0.3662109375,0.13427734375,0.32958984375,0.10986328125,0,-0.0732421875,-0.06103515625,0.03662109375,0.1953125,-0.18310546875,0.50048828125,-0.15869140625,0.87890625,0.048828125,-0.09765625,0.06103515625,0.18310546875
0,0.28076171875,0.09765625,0,-0.35400390625,0.1953125,-0.4638671875,-0.18310546875,-0.08544921875,0.1220703125,-0.09765625,0.01220703125,-0.91552734375,-0.244140625,1.06201171875,0.06103515625,-0.146484375,-0.09765625,-0.5615234375,0.1220703125,-0.1220703125,-0.47607421875,0.86669921875,-0.09765625,-0.59814453125,-0.1708984375,-0.23193359375,-0.0244140625,-0.93994140625,-0.146484375,0.537109375,-0.25634765625,0.32958984375,0.06103515625,-0.76904296875,-0.1953125,-1.2451171875,-0.32958984375,-0.68359375,-0.29296875,-0.9765625,-0.13427734375,-0.25634765625,-0.40283203125,-0.72021484375,0.0732421875,-0.45166015625,-0.10986328125,0.5126953125,0.08544921875,1.123046875,0.03662109375,0.4638671875,0.1220703125,-0.20751953125,-0.59814453125,0.67138671875,-0.48828125,0.634765625,0.03662109375,0.42724609375,-0.62255859375,0.86669921875,0.537109375,-0.06103515625,0.0244140625,-0.1953125,-0.2685546875,0.4150390625,0.1953125,-0.0244140625,-0.32958984375,-0.01220703125,-0.1708984375,1.15966796875,0.28076171875,1.611328125,0.1220703125,0.84228515625,0.01220703125,2.23388671875,0.15869140625,5.77392578125,0,2.64892578125,0.4638671875,0.76904296875,0.08544921875,1.416015625,-0.10986328125,-0.89111328125,-0.244140625,0.06103515625,-0.29296875,0.06103515625,-0.15869140625,3.955078125,-0.06103515625,-0.732421875,-0.244140625,-0.68359375,-0.10986328125,-0.5859375,-0.2197265625,-0.08544921875,-0.0732421875,-0.5615234375,-0.0244140625,-1.3916015625,-0.244140625,-1.07421875,0.18310546875,0.28076171875,0.10986328125,0.341796875,0.09765625,0,-0.0732421875,-0.03662109375,0.0244140625,0.20751953125,-0.20751953125,0.341796875,-0.146484375,0.7568359375,0.03662109375,-0.20751953125,0.0244140625,0.01220703125
0,0.28076171875,0.0732421875,0,-0.3662109375,0.1708984375,-0.439453125,-0.1708984375,-0.08544921875,0.10986328125,-0.09765625,0.03662109375,-0.91552734375,-0.25634765625,1.06201171875,0.048828125,-0.13427734375,-0.13427734375,-0.5615234375,0.08544921875,-0.1220703125,-0.341796875,0.87890625,-0.10986328125,-0.6103515625,-0.13427734375,-0.28076171875,-0.09765625,-0.98876953125,-0.18310546875,0.4638671875,-0.23193359375,0.06103515625,0.146484375,-0.6591796875,-0.1220703125,-1.0498046875,-0.37841796875,-0.62255859375,-0.30517578125,-0.91552734375,-0.03662109375,-0.2197265625,-0.439453125,-0.7080078125,-0.01220703125,-0.4638671875,-0.06103515625,0.537109375,0.10986328125,1.28173828125,0.0244140625,0.47607421875,0.13427734375,-0.18310546875,-0.5126953125,0.72021484375,-0.5615234375,0.634765625,0.06103515625,0.42724609375,-0.64697265625,0.91552734375,0.47607421875,-0.06103515625,0.06103515625,-0.1953125,-0.18310546875,0.42724609375,0.146484375,0,-0.2685546875,0.0244140625,-0.0732421875,1.08642578125,0.3662109375,1.5869140625,0.0732421875,0.8056640625,0.06103515625,2.197265625,0.13427734375,5.8349609375,-0.01220703125,2.6123046875,0.48828125,0.78125,0.048828125,1.40380859375,-0.03662109375,-0.9033203125,-0.23193359375,0.06103515625,-0.30517578125,0.03662109375,-0.23193359375,3.8818359375,-0.08544921875,-0.72021484375,-0.2685546875,-0.6591796875,-0.08544921875,-0.5859375,-0.25634765625,-0.08544921875,-0.03662109375,-0.67138671875,0.06103515625,-1.4892578125,-0.2197265625,-1.13525390625,0.15869140625,0.23193359375,0.1220703125,0.341796875,0.048828125,-0.01220703125,-0.08544921875,-0.03662109375,0.0244140625,0.18310546875,-0.1953125,0.244140625,-0.09765625,0.68359375,0.06103515625,-0.28076171875,0.0244140625,-0.08544921875
0,0.2685546875,0.01220703125,0,-0.37841796875,0.15869140625,-0.439453125,-0.1708984375,-0.09765625,0.09765625,-0.08544921875,0.03662109375,-0.927734375,-0.2685546875,1.07421875,0.03662109375,-0.13427734375,-0.146484375,-0.57373046875,0.03662109375,-0.13427734375,-0.244140625,0.89111328125,-0.1220703125,-0.62255859375,-0.09765625,-0.35400390625,-0.1220703125,-1.0498046875,-0.2197265625,0.390625,-0.2197265625,-0.2197265625,0.18310546875,-0.5615234375,0.0244140625,-0.89111328125,-0.40283203125,-0.537109375,-0.3662109375,-0.8544921875,0.048828125,-0.23193359375,-0.3662109375,-0.7080078125,-0.08544921875,-0.45166015625,-0.03662109375,0.54931640625,0.0732421875,1.3671875,0.03662109375,0.45166015625,0.09765625,-0.15869140625,-0.47607421875,0.732421875,-0.6591796875,0.634765625,0.08544921875,0.4150390625,-0.68359375,0.87890625,0.45166015625,-0.06103515625,0.10986328125,-0.1708984375,-0.1220703125,0.50048828125,0.09765625,0.0244140625,-0.1953125,0.048828125,-0.146484375,1.03759765625,0.32958984375,1.52587890625,-0.0244140625,0.76904296875,-0.0244140625,2.1484375,0.1953125,5.65185546875,-0.01220703125,2.5146484375,0.47607421875,0.72021484375,0.06103515625,1.33056640625,0.048828125,-0.93994140625,-0.20751953125,0.03662109375,-0.28076171875,-0.01220703125,-0.244140625,3.6865234375,-0.0732421875,-0.72021484375,-0.25634765625,-0.6591796875,-0.0244140625,-0.6103515625,-0.28076171875,-0.0732421875,-0.01220703125,-0.7568359375,0.13427734375,-1.59912109375,-0.1953125,-1.171875,0.09765625,0.3173828125,0.10986328125,0.32958984375,0.048828125,-0.01220703125,-0.0732421875,-0.048828125,0.03662109375,0.15869140625,-0.15869140625,0.20751953125,-0.13427734375,0.68359375,0.09765625,-0.29296875,0.0732421875,-0.1220703125
0,0.1708984375,-0.06103515625,-0.01220703125,-0.37841796875,0.1220703125,-0.439453125,-0.18310546875,-0.10986328125,0.1220703125,-0.0732421875,0.048828125,-0.91552734375,-0.2685546875,1.07421875,0.01220703125,-0.146484375,-0.13427734375,-0.5859375,-0.0244140625,-0.146484375,-0.18310546875,0.9033203125,-0.146484375,-0.6103515625,-0.09765625,-0.439453125,-0.1708984375,-1.08642578125,-0.25634765625,0.32958984375,-0.1708984375,-0.5126953125,0.15869140625,-0.52490234375,0.0732421875,-0.78125,-0.37841796875,-0.48828125,-0.390625,-0.81787109375,0.1220703125,-0.23193359375,-0.30517578125,-0.69580078125,-0.10986328125,-0.4638671875,-0.03662109375,0.57373046875,0.0244140625,1.3671875,0.06103515625,0.40283203125,0.10986328125,-0.1708984375,-0.47607421875,0.72021484375,-0.69580078125,0.62255859375,0.0732421875,0.4150390625,-0.74462890625,0.84228515625,0.390625,-0.06103515625,0.09765625,-0.08544921875,0,0.6103515625,0.03662109375,0.08544921875,-0.146484375,0.0732421875,-0.1220703125,1.0009765625,0.3173828125,1.513671875,-0.0732421875,0.732421875,0.01220703125,2.1240234375,0.15869140625,5.322265625,0.0244140625,2.34375,0.439453125,0.62255859375,0.06103515625,1.1962890625,0.1220703125,-0.98876953125,-0.18310546875,0.01220703125,-0.25634765625,-0.10986328125,-0.23193359375,3.30810546875,-0.08544921875,-0.7080078125,-0.2197265625,-0.64697265625,0.03662109375,-0.62255859375,-0.244140625,-0.06103515625,0.06103515625,-0.79345703125,0.1953125,-1.611328125,-0.146484375,-1.18408203125,0.146484375,0.48828125,0.10986328125,0.32958984375,0.0244140625,-0.01220703125,-0.06103515625,-0.03662109375,0.01220703125,0.15869140625,-0.10986328125,0.2197265625,-0.0732421875,0.8056640625,0.09765625,-0.28076171875,0.0732421875,-0.09765625
1,0.09765625,-0.13427734375,-0.01220703125,-0.4150390625,0.146484375,-0.42724609375,-0.18310546875,-0.10986328125,0.1220703125,-0.06103515625,0.08544921875,-0.927734375,-0.2685546875,1.06201171875,0.01220703125,-0.1220703125,-0.08544921875,-0.57373046875,-0.06103515625,-0.146484375,-0.15869140625,0.91552734375,-0.1220703125,-0.62255859375,-0.06103515625,-0.50048828125,-0.20751953125,-1.123046875,-0.23193359375,0.29296875,-0.06103515625,-0.68359375,0.146484375,-0.5126953125,0.13427734375,-0.74462890625,-0.341796875,-0.45166015625,-0.40283203125,-0.8056640625,0.1220703125,-0.20751953125,-0.146484375,-0.7080078125,-0.10986328125,-0.47607421875,-0.03662109375,0.5859375,0.03662109375,1.26953125,0.048828125,0.37841796875,0.1220703125,-0.18310546875,-0.45166015625,0.7080078125,-0.72021484375,0.634765625,0.06103515625,0.439453125,-0.732421875,0.72021484375,0.390625,-0.08544921875,0.03662109375,-0.048828125,0.10986328125,0.74462890625,0.01220703125,0.09765625,-0.10986328125,0.08544921875,0.048828125,0.96435546875,0.32958984375,1.47705078125,-0.15869140625,0.7080078125,0.09765625,2.1240234375,0.08544921875,4.9072265625,0.03662109375,2.13623046875,0.341796875,0.45166015625,0.0244140625,1.03759765625,0.146484375,-1.06201171875,-0.146484375,-0.048828125,-0.1953125,-0.1708984375,-0.20751953125,2.74658203125,-0.09765625,-0.69580078125,-0.20751953125,-0.64697265625,0.09765625,-0.64697265625,-0.1953125,-0.0732421875,0.09765625,-0.732421875,0.28076171875,-1.55029296875,-0.1220703125,-1.11083984375,0.1708984375,0.79345703125,0.09765625,0.32958984375,0.03662109375,-0.01220703125,-0.08544921875,-0.03662109375,0.01220703125,0.146484375,-0.18310546875,0.25634765625,-0.18310546875,0.89111328125,0.048828125,-0.1953125,0.01220703125,-0.03662109375
1,0.13427734375,-0.1708984375,-0.01220703125,-0.40283203125,0.09765625,-0.42724609375,-0.1953125,-0.09765625,0.1220703125,-0.03662109375,0.10986328125,-0.927734375,-0.25634765625,1.03759765625,0.03662109375,-0.09765625,-0.0732421875,-0.5859375,-0.048828125,-0.15869140625,-0.15869140625,0.89111328125,-0.0732421875,-0.634765625,-0.09765625,-0.5126953125,-0.23193359375,-1.13525390625,-0.1953125,0.30517578125,-0.06103515625,-0.74462890625,0.08544921875,-0.57373046875,0.10986328125,-0.79345703125,-0.3173828125,-0.4638671875,-0.390625,-0.8056640625,0.0732421875,-0.2197265625,-0.06103515625,-0.72021484375,-0.09765625,-0.4638671875,-0.0732421875,0.57373046875,0,1.0986328125,0.01220703125,0.3173828125,0.13427734375,-0.18310546875,-0.4638671875,0.6591796875,-0.8056640625,0.62255859375,0.06103515625,0.45166015625,-0.67138671875,0.59814453125,0.3662109375,-0.09765625,-0.01220703125,-0.0244140625,0.2685546875,0.830078125,0.01220703125,0.13427734375,-0.09765625,0.09765625,0.0244140625,0.93994140625,0.18310546875,1.416015625,-0.2685546875,0.6591796875,0.09765625,2.099609375,0.03662109375,4.4677734375,0.048828125,1.9287109375,0.2197265625,0.29296875,-0.048828125,0.87890625,0.13427734375,-1.18408203125,-0.09765625,-0.10986328125,-0.1220703125,-0.25634765625,-0.15869140625,2.06298828125,-0.1220703125,-0.69580078125,-0.1708984375,-0.634765625,0.1708984375,-0.67138671875,-0.10986328125,-0.0732421875,0.1220703125,-0.57373046875,0.341796875,-1.416015625,-0.10986328125,-1.0009765625,0.0732421875,1.30615234375,0.08544921875,0.341796875,0.03662109375,-0.01220703125,-0.0732421875,-0.01220703125,0.01220703125,0.13427734375,-0.146484375,0.29296875,-0.1708984375,1.0009765625,0.10986328125,-0.13427734375,0.06103515625,0.0244140625
1,0.08544921875,-0.20751953125,-0.0244140625,-0.390625,0.10986328125,-0.439453125,-0.1708984375,-0.08544921875,0.15869140625,-0.03662109375,0.08544921875,-0.927734375,-0.244140625,1.0498046875,0.0244140625,-0.08544921875,-0.0732421875,-0.59814453125,-0.03662109375,-0.15869140625,-0.08544921875,0.89111328125,-0.048828125,-0.6103515625,-0.10986328125,-0.48828125,-0.23193359375,-1.08642578125,-0.09765625,0.35400390625,-0.03662109375,-0.67138671875,0,-0.634765625,0.09765625,-0.9033203125,-0.28076171875,-0.50048828125,-0.40283203125,-0.830078125,0.048828125,-0.20751953125,0.06103515625,-0.72021484375,-0.03662109375,-0.4638671875,-0.13427734375,0.5615234375,0.048828125,0.93994140625,-0.06103515625,0.28076171875,0.1708984375,-0.20751953125,-0.390625,0.59814453125,-0.79345703125,0.634765625,0.03662109375,0.42724609375,-0.59814453125,0.47607421875,0.35400390625,-0.08544921875,-0.08544921875,0,0.25634765625,0.91552734375,0.048828125,0.13427734375,-0.09765625,0.08544921875,0.10986328125,0.93994140625,0.13427734375,1.40380859375,-0.28076171875,0.62255859375,0.1953125,2.05078125,0.0244140625,4.052734375,0.048828125,1.77001953125,0.0732421875,0.13427734375,-0.10986328125,0.732421875,0.1220703125,-1.2939453125,-0.0732421875,-0.18310546875,-0.06103515625,-0.35400390625,0.08544921875,1.28173828125,-0.08544921875,-0.7080078125,-0.1220703125,-0.634765625,0.15869140625,-0.67138671875,-0.03662109375,-0.06103515625,0.10986328125,-0.35400390625,0.30517578125,-1.18408203125,-0.0732421875,-0.8056640625,0.03662109375,1.96533203125,0.0244140625,0.35400390625,0.0244140625,-0.01220703125,-0.0732421875,-0.0244140625,-0.03662109375,0.13427734375,-0.146484375,0.30517578125,-0.0732421875,1.08642578125,0.10986328125,-0.09765625,0.06103515625,0.0244140625
1,0.0732421875,-0.1953125,-0.048828125,-0.3662109375,0.09765625,-0.4150390625,-0.15869140625,-0.0732421875,0.1953125,-0.048828125,0.0732421875,-0.9033203125,-0.1953125,1.0498046875,0.03662109375,-0.08544921875,-0.08544921875,-0.57373046875,-0.01220703125,-0.146484375,-0.0244140625,0.86669921875,0,-0.5859375,-0.1220703125,-0.42724609375,-0.2685546875,-1.0498046875,-0.03662109375,0.42724609375,-0.06103515625,-0.439453125,-0.0244140625,-0.7080078125,0.13427734375,-1.03759765625,-0.244140625,-0.52490234375,-0.45166015625,-0.87890625,-0.048828125,-0.1953125,0.09765625,-0.72021484375,0.01220703125,-0.4638671875,-0.10986328125,0.54931640625,0.08544921875,0.78125,-0.06103515625,0.2685546875,0.15869140625,-0.2197265625,-0.341796875,0.59814453125,-0.78125,0.634765625,0,0.45166015625,-0.6103515625,0.35400390625,0.37841796875,-0.08544921875,-0.10986328125,-0.01220703125,0.244140625,0.927734375,0.10986328125,0.13427734375,-0.0732421875,0.0732421875,0.1220703125,0.927734375,0.0732421875,1.3427734375,-0.28076171875,0.57373046875,0.23193359375,2.001953125,0,3.69873046875,0.048828125,1.66015625,-0.048828125,0.0244140625,-0.15869140625,0.634765625,0.06103515625,-1.40380859375,-0.06103515625,-0.2685546875,-0.03662109375,-0.4638671875,0.23193359375,0.439453125,-0.0244140625,-0.7080078125,-0.146484375,-0.62255859375,0.13427734375,-0.6591796875,0.08544921875,-0.03662109375,0.048828125,-0.06103515625,0.25634765625,-0.9033203125,-0.048828125,-0.6103515625,0.1708984375,2.77099609375,0.0244140625,0.35400390625,0.03662109375,0,-0.06103515625,-0.01220703125,-0.048828125,0.13427734375,-0.2197265625,0.28076171875,-0.1708984375,1.0986328125,0.0732421875,-0.1220703125,0.01220703125,-0.01220703125
1,0.048828125,-0.18310546875,0,-0.37841796875,0.09765625,-0.40283203125,-0.13427734375,-0.048828125,0.2197265625,-0.03662109375,0.06103515625,-0.89111328125,-0.20751953125,1.025390625,0.06103515625,-0.0732421875,-0.09765625,-0.5859375,0.06103515625,-0.15869140625,-0.048828125,0.8544921875,0.0732421875,-0.59814453125,-0.146484375,-0.341796875,-0.28076171875,-1.0009765625,0.03662109375,0.5126953125,-0.13427734375,-0.146484375,-0.0732421875,-0.7568359375,0.1708984375,-1.171875,-0.2197265625,-0.54931640625,-0.40283203125,-0.9033203125,-0.09765625,-0.20751953125,0.10986328125,-0.7080078125,0.06103515625,-0.439453125,-0.13427734375,0.54931640625,0.09765625,0.7080078125,-0.1220703125,0.25634765625,0.15869140625,-0.244140625,-0.2685546875,0.5859375,-0.732421875,0.6591796875,-0.03662109375,0.4638671875,-0.5859375,0.29296875,0.40283203125,-0.09765625,-0.1220703125,-0.0244140625,0.20751953125,0.89111328125,0.1220703125,0.1220703125,-0.09765625,0.06103515625,0.146484375,0.927734375,0.0244140625,1.2939453125,-0.244140625,0.5126953125,0.20751953125,1.96533203125,0.08544921875,3.4423828125,0.048828125,1.611328125,-0.146484375,-0.06103515625,-0.1708984375,0.5615234375,0.0244140625,-1.52587890625,-0.06103515625,-0.35400390625,0.06103515625,-0.54931640625,0.40283203125,-0.32958984375,0.03662109375,-0.732421875,-0.146484375,-0.6591796875,0.1220703125,-0.64697265625,0.1708984375,-0.03662109375,0,0.28076171875,0.2197265625,-0.537109375,-0.0244140625,-0.390625,0.10986328125,3.7109375,0.0244140625,0.3662109375,0.0732421875,0,-0.0732421875,-0.03662109375,-0.0732421875,0.15869140625,-0.15869140625,0.23193359375,-0.0732421875,1.07421875,0.09765625,-0.15869140625,0.06103515625,-0.0732421875
1,0,-0.13427734375,-0.0244140625,-0.37841796875,0.1220703125,-0.40283203125,-0.13427734375,-0.06103515625,0.23193359375,-0.06103515625,0.03662109375,-0.89111328125,-0.1953125,1.0498046875,0.0732421875,-0.1220703125,-0.10986328125,-0.59814453125,0.1220703125,-0.146484375,-0.03662109375,0.8544921875,0.09765625,-0.59814453125,-0.03662109375,-0.244140625,-0.23193359375,-0.91552734375,0.15869140625,0.634765625,-0.1708984375,0.18310546875,-0.08544921875,-0.79345703125,0.08544921875,-1.26953125,-0.18310546875,-0.634765625,-0.390625,-0.9521484375,-0.09765625,-0.1953125,0.146484375,-0.72021484375,0.10986328125,-0.439453125,-0.146484375,0.52490234375,0.15869140625,0.69580078125,-0.20751953125,0.3173828125,0.09765625,-0.244140625,-0.15869140625,0.5859375,-0.634765625,0.64697265625,-0.06103515625,0.4638671875,-0.5859375,0.244140625,0.42724609375,-0.0732421875,-0.1220703125,-0.048828125,0.1708984375,0.81787109375,0.1220703125,0.0732421875,-0.18310546875,0.03662109375,0.15869140625,0.9033203125,-0.01220703125,1.33056640625,-0.18310546875,0.48828125,0.146484375,1.953125,0.03662109375,3.28369140625,0.0244140625,1.5869140625,-0.18310546875,-0.10986328125,-0.10986328125,0.537109375,0.0244140625,-1.64794921875,-0.06103515625,-0.45166015625,0.1708984375,-0.634765625,0.47607421875,-1.01318359375,0.08544921875,-0.74462890625,-0.1220703125,-0.6591796875,0.048828125,-0.634765625,0.20751953125,-0.03662109375,-0.01220703125,0.6591796875,0.1708984375,-0.18310546875,-0.0244140625,-0.146484375,0.18310546875,4.67529296875,0,0.37841796875,0.08544921875,0,-0.0732421875,-0.0244140625,-0.09765625,0.18310546875,-0.15869140625,0.18310546875,-0.06103515625,1.06201171875,0.06103515625,-0.2197265625,0.048828125,-0.15869140625
1,0,-0.0732421875,-0.0244140625,-0.37841796875,0.10986328125,-0.4150390625,-0.10986328125,-0.0732421875,0.244140625,-0.09765625,0.048828125,-0.91552734375,-0.1953125,1.03759765625,0.0732421875,-0.13427734375,-0.08544921875,-0.5859375,0.1708984375,-0.146484375,0.0244140625,0.86669921875,0.10986328125,-0.5859375,0.0244140625,-0.15869140625,-0.23193359375,-0.84228515625,0.18310546875,0.72021484375,-0.28076171875,0.47607421875,-0.08544921875,-0.78125,-0.01220703125,-1.30615234375,-0.1220703125,-0.6591796875,-0.35400390625,-0.9765625,-0.1220703125,-0.2197265625,0.15869140625,-0.74462890625,0.09765625,-0.439453125,-0.146484375,0.5126953125,0.1708984375,0.81787109375,-0.28076171875,0.3662109375,0.08544921875,-0.244140625,-0.1220703125,0.59814453125,-0.6103515625,0.64697265625,-0.048828125,0.4638671875,-0.5615234375,0.23193359375,0.50048828125,-0.0732421875,-0.06103515625,-0.0732421875,0.146484375,0.74462890625,0.18310546875,0.06103515625,-0.15869140625,0.03662109375,0.08544921875,0.96435546875,-0.01220703125,1.30615234375,-0.08544921875,0.52490234375,0.09765625,1.94091796875,-0.048828125,3.25927734375,-0.01220703125,1.62353515625,-0.1953125,-0.08544921875,-0.08544921875,0.54931640625,-0.01220703125,-1.69677734375,-0.13427734375,-0.50048828125,0.3173828125,-0.69580078125,0.439453125,-1.46484375,0.1220703125,-0.732421875,-0.08544921875,-0.67138671875,0.06103515625,-0.62255859375,0.2197265625,-0.06103515625,-0.03662109375,0.9765625,0.09765625,0.13427734375,-0.01220703125,0.08544921875,0.20751953125,5.65185546875,-0.0244140625,0.37841796875,0.08544921875,0,-0.06103515625,0.01220703125,-0.09765625,0.1953125,-0.18310546875,0.09765625,-0.048828125,0.98876953125,0.06103515625,-0.2685546875,0.048828125,-0.25634765625
1,-0.01220703125,-0.0244140625,-0.0244140625,-0.390625,0.10986328125,-0.37841796875,-0.0732421875,-0.08544921875,0.25634765625,-0.08544921875,0.03662109375,-0.9033203125,-0.2197265625,1.03759765625,0.08544921875,-0.1708984375,-0.048828125,-0.5615234375,0.20751953125,-0.15869140625,0.01220703125,0.86669921875,0.10986328125,-0.59814453125,0.06103515625,-0.09765625,-0.1953125,-0.79345703125,0.20751953125,0.78125,-0.341796875,0.64697265625,-0.08544921875,-0.732421875,-0.13427734375,-1.2939453125,-0.13427734375,-0.64697265625,-0.35400390625,-0.9765625,-0.048828125,-0.244140625,0.1708984375,-0.732421875,0.08544921875,-0.439453125,-0.1953125,0.5126953125,0.10986328125,1.01318359375,-0.3662109375,0.42724609375,0.048828125,-0.244140625,-0.13427734375,0.634765625,-0.5615234375,0.6591796875,-0.0244140625,0.4638671875,-0.5126953125,0.25634765625,0.57373046875,-0.0732421875,-0.01220703125,-0.08544921875,0.03662109375,0.68359375,0.15869140625,0.03662109375,-0.1708984375,0.03662109375,0.18310546875,1.025390625,-0.03662109375,1.40380859375,-0.01220703125,0.57373046875,0.048828125,1.98974609375,-0.10986328125,3.3203125,-0.048828125,1.64794921875,-0.146484375,-0.048828125,-0.048828125,0.5859375,0,-1.72119140625,-0.15869140625,-0.54931640625,0.45166015625,-0.74462890625,0.439453125,-1.69677734375,0.13427734375,-0.732421875,-0.048828125,-0.67138671875,0.0244140625,-0.62255859375,0.1708984375,-0.06103515625,-0.01220703125,1.25732421875,0,0.42724609375,0.0244140625,0.2685546875,0.146484375,6.55517578125,-0.03662109375,0.3662109375,0.09765625,-0.01220703125,-0.0732421875,-0.01220703125,-0.1220703125,0.15869140625,-0.20751953125,0.048828125,-0.06103515625,0.96435546875,0.0244140625,-0.3173828125,-0.01220703125,-0.3173828125
1,-0.0244140625,0.03662109375,-0.03662109375,-0.390625,0.10986328125,-0.390625,-0.048828125,-0.08544921875,0.25634765625,-0.08544921875,0,-0.91552734375,-0.2197265625,1.03759765625,0.09765625,-0.1953125,-0.048828125,-0.57373046875,0.244140625,-0.1708984375,0.08544921875,0.86669921875,0.01220703125,-0.5859375,0.15869140625,-0.06103515625,-0.15869140625,-0.7568359375,0.20751953125,0.84228515625,-0.30517578125,0.7080078125,-0.0732421875,-0.67138671875,-0.23193359375,-1.1962890625,-0.146484375,-0.6591796875,-0.3173828125,-0.93994140625,-0.03662109375,-0.2685546875,0.146484375,-0.74462890625,0.09765625,-0.439453125,-0.1953125,0.5126953125,0.18310546875,1.220703125,-0.35400390625,0.4638671875,0.0244140625,-0.244140625,-0.146484375,0.6591796875,-0.54931640625,0.64697265625,0.01220703125,0.45166015625,-0.48828125,0.3173828125,0.64697265625,-0.08544921875,0.0244140625,-0.06103515625,-0.0732421875,0.62255859375,0.10986328125,0.0244140625,-0.18310546875,0.048828125,0.13427734375,1.123046875,-0.048828125,1.4892578125,0.0244140625,0.64697265625,0.048828125,2.08740234375,-0.10986328125,3.3447265625,-0.10986328125,1.6845703125,-0.10986328125,-0.01220703125,-0.01220703125,0.62255859375,-0.01220703125,-1.72119140625,-0.20751953125,-0.537109375,0.5615234375,-0.74462890625,0.244140625,-1.69677734375,0.13427734375,-0.69580078125,-0.048828125,-0.69580078125,0.03662109375,-0.6103515625,0.06103515625,-0.0732421875,-0.01220703125,1.47705078125,-0.0732421875,0.64697265625,0.01220703125,0.439453125,0.01220703125,7.28759765625,-0.0732421875,0.3662109375,0.09765625,-0.0244140625,-0.0732421875,-0.048828125,-0.1220703125,0.15869140625,-0.146484375,0.08544921875,-0.03662109375,0.98876953125,0.06103515625,-0.30517578125,0.03662109375,-0.28076171875
1,-0.048828125,0.0244140625,-0.03662109375,-0.37841796875,0.10986328125,-0.390625,-0.01220703125,-0.09765625,0.23193359375,-0.08544921875,0,-0.9033203125,-0.244140625,1.03759765625,0.09765625,-0.1953125,-0.03662109375,-0.5859375,0.23193359375,-0.1708984375,0.09765625,0.87890625,-0.03662109375,-0.59814453125,0.15869140625,-0.03662109375,-0.18310546875,-0.74462890625,0.146484375,0.8544921875,-0.29296875,0.62255859375,-0.06103515625,-0.59814453125,-0.2197265625,-1.0986328125,-0.1708984375,-0.5859375,-0.30517578125,-0.91552734375,-0.01220703125,-0.2685546875,0.10986328125,-0.74462890625,0.1220703125,-0.4638671875,-0.244140625,0.52490234375,0.23193359375,1.40380859375,-0.29296875,0.48828125,-0.0244140625,-0.23193359375,-0.146484375,0.69580078125,-0.54931640625,0.62255859375,0.08544921875,0.45166015625,-0.47607421875,0.3662109375,0.74462890625,-0.10986328125,0.09765625,-0.0244140625,-0.03662109375,0.59814453125,0.08544921875,0.0732421875,-0.09765625,0.08544921875,0.048828125,1.23291015625,-0.0244140625,1.57470703125,-0.0244140625,0.7568359375,0.03662109375,2.23388671875,-0.146484375,3.3447265625,-0.13427734375,1.67236328125,-0.048828125,0.03662109375,-0.01220703125,0.634765625,-0.0244140625,-1.6845703125,-0.23193359375,-0.537109375,0.59814453125,-0.72021484375,0.15869140625,-1.42822265625,0.048828125,-0.69580078125,-0.0244140625,-0.67138671875,0.06103515625,-0.59814453125,-0.06103515625,-0.048828125,-0.0244140625,1.5869140625,-0.09765625,0.78125,0.0244140625,0.5126953125,-0.09765625,7.80029296875,-0.0732421875,0.32958984375,0.08544921875,-0.01220703125,-0.06103515625,-0.03662109375,-0.146484375,0.1708984375,-0.15869140625,0.18310546875,0.06103515625,1.03759765625,0.048828125,-0.25634765625,-0.01220703125,-0.20751953125
1,-0.09765625,0.048828125,-0.01220703125,-0.390625,0.10986328125,-0.4150390625,-0.0244140625,-0.08544921875,0.23193359375,-0.06103515625,-0.03662109375,-0.91552734375,-0.28076171875,1.0498046875,0.10986328125,-0.1953125,0.0244140625,-0.5859375,0.23193359375,-0.1708984375,0.08544921875,0.89111328125,-0.09765625,-0.6103515625,0.23193359375,-0.048828125,-0.1708984375,-0.7568359375,0.10986328125,0.86669921875,-0.20751953125,0.439453125,-0.048828125,-0.50048828125,-0.28076171875,-0.9521484375,-0.18310546875,-0.537109375,-0.28076171875,-0.86669921875,0,-0.244140625,0.09765625,-0.732421875,0.15869140625,-0.4638671875,-0.30517578125,0.52490234375,0.1953125,1.55029296875,-0.25634765625,0.50048828125,-0.0732421875,-0.2197265625,-0.18310546875,0.732421875,-0.52490234375,0.6103515625,0.13427734375,0.45166015625,-0.4150390625,0.40283203125,0.81787109375,-0.1220703125,0.10986328125,0.0732421875,-0.09765625,0.6591796875,0,0.10986328125,-0.1220703125,0.1220703125,0.10986328125,1.35498046875,-0.01220703125,1.6845703125,-0.01220703125,0.89111328125,0.1220703125,2.3681640625,-0.08544921875,3.28369140625,-0.1953125,1.59912109375,0.01220703125,0.03662109375,-0.048828125,0.59814453125,0.0244140625,-1.59912109375,-0.25634765625,-0.47607421875,0.62255859375,-0.6591796875,0.13427734375,-0.9521484375,0,-0.69580078125,-0.048828125,-0.68359375,0.0732421875,-0.59814453125,-0.18310546875,-0.06103515625,-0.048828125,1.62353515625,-0.1220703125,0.8056640625,0.01220703125,0.537109375,-0.1220703125,8.056640625,-0.06103515625,0.32958984375,0.09765625,-0.03662109375,-0.0732421875,-0.0244140625,-0.13427734375,0.146484375,-0.10986328125,0.3173828125,0.1708984375,1.13525390625,0.10986328125,-0.146484375,0.01220703125,-0.03662109375
1,-0.09765625,0.048828125,0,-0.37841796875,0.08544921875,-0.42724609375,-0.01220703125,-0.0732421875,0.2197265625,-0.06103515625,-0.06103515625,-0.927734375,-0.29296875,1.0498046875,0.08544921875,-0.18310546875,0.048828125,-0.57373046875,0.20751953125,-0.15869140625,0.0732421875,0.86669921875,-0.13427734375,-0.62255859375,0.25634765625,-0.06103515625,-0.1220703125,-0.74462890625,0.0732421875,0.89111328125,-0.10986328125,0.244140625,-0.03662109375,-0.4150390625,-0.23193359375,-0.830078125,-0.1708984375,-0.47607421875,-0.3173828125,-0.81787109375,0.03662109375,-0.244140625,0.08544921875,-0.7080078125,0.1708984375,-0.47607421875,-0.28076171875,0.537109375,0.2685546875,1.6357421875,-0.15869140625,0.48828125,-0.09765625,-0.20751953125,-0.1953125,0.732421875,-0.5859375,0.59814453125,0.15869140625,0.45166015625,-0.35400390625,0.4638671875,0.84228515625,-0.10986328125,0.13427734375,0.146484375,-0.09765625,0.732421875,-0.09765625,0.15869140625,-0.08544921875,0.18310546875,-0.0244140625,1.4404296875,0.03662109375,1.72119140625,0,1.0009765625,0.13427734375,2.47802734375,-0.0244140625,3.0517578125,-0.20751953125,1.42822265625,0.08544921875,-0.0244140625,-0.03662109375,0.47607421875,0.06103515625,-1.50146484375,-0.2685546875,-0.390625,0.54931640625,-0.54931640625,0.0244140625,-0.29296875,-0.01220703125,-0.69580078125,-0.03662109375,-0.6591796875,0.10986328125,-0.634765625,-0.30517578125,-0.06103515625,-0.09765625,1.5625,-0.09765625,0.732421875,0,0.50048828125,-0.06103515625,8.0322265625,-0.08544921875,0.32958984375,0.08544921875,-0.0244140625,-0.06103515625,-0.0244140625,-0.1220703125,0.146484375,-0.09765625,0.47607421875,0.08544921875,1.25732421875,0.0732421875,-0.01220703125,-0.0244140625,0.15869140625
1,-0.13427734375,0.03662109375,-0.0244140625,-0.390625,0.09765625,-0.439453125,-0.01220703125,-0.08544921875,0.2197265625,-0.048828125,-0.0732421875,-0.91552734375,-0.32958984375,1.03759765625,0.0732421875,-0.1953125,0.048828125,-0.59814453125,0.1708984375,-0.1708984375,-0.03662109375,0.86669921875,-0.13427734375,-0.634765625,0.1953125,-0.048828125,-0.1220703125,-0.74462890625,0.03662109375,0.86669921875,-0.146484375,0.06103515625,-0.0244140625,-0.3662109375,-0.18310546875,-0.7568359375,-0.146484375,-0.439453125,-0.30517578125,-0.76904296875,0.09765625,-0.2197265625,0.08544921875,-0.7080078125,0.23193359375,-0.47607421875,-0.29296875,0.54931640625,0.1953125,1.59912109375,-0.10986328125,0.47607421875,-0.0732421875,-0.146484375,-0.28076171875,0.732421875,-0.5615234375,0.6103515625,0.1708984375,0.45166015625,-0.28076171875,0.47607421875,0.8544921875,-0.1220703125,0.1953125,0.25634765625,-0.06103515625,0.84228515625,-0.1220703125,0.20751953125,-0.06103515625,0.23193359375,-0.048828125,1.46484375,0,1.74560546875,-0.01220703125,1.03759765625,0.1708984375,2.5390625,-0.06103515625,2.6611328125,-0.2197265625,1.220703125,0.1220703125,-0.15869140625,-0.03662109375,0.32958984375,0.09765625,-1.40380859375,-0.3173828125,-0.29296875,0.4150390625,-0.42724609375,0.03662109375,0.52490234375,-0.03662109375,-0.67138671875,-0.10986328125,-0.64697265625,0.13427734375,-0.634765625,-0.35400390625,-0.048828125,-0.08544921875,1.45263671875,-0.03662109375,0.62255859375,0.0244140625,0.4150390625,-0.1708984375,7.70263671875,-0.09765625,0.341796875,0.09765625,-0.0244140625,-0.0732421875,-0.03662109375,-0.1220703125,0.146484375,-0.13427734375,0.64697265625,0.1220703125,1.3671875,0.048828125,0.10986328125,-0.0244140625,0.35400390625
0,-0.15869140625,0.03662109375,-0.0244140625,-0.390625,0.09765625,-0.42724609375,-0.01220703125,-0.08544921875,0.1953125,-0.048828125,-0.06103515625,-0.9033203125,-0.32958984375,1.025390625,0.048828125,-0.18310546875,0.048828125,-0.6103515625,0.1708984375,-0.15869140625,-0.146484375,0.8544921875,-0.09765625,-0.634765625,0.1220703125,-0.048828125,-0.13427734375,-0.7080078125,0,0.9033203125,-0.15869140625,-0.06103515625,0.0244140625,-0.37841796875,-0.10986328125,-0.72021484375,-0.10986328125,-0.4150390625,-0.29296875,-0.76904296875,0.15869140625,-0.20751953125,0.18310546875,-0.69580078125,0.20751953125,-0.50048828125,-0.28076171875,0.54931640625,0.244140625,1.55029296875,-0.146484375,0.47607421875,-0.0732421875,-0.146484375,-0.35400390625,0.74462890625,-0.5615234375,0.64697265625,0.15869140625,0.4638671875,-0.23193359375,0.48828125,0.84228515625,-0.09765625,0.146484375,0.32958984375,-0.08544921875,0.9521484375,-0.20751953125,0.2685546875,-0.08544921875,0.28076171875,-0.06103515625,1.4404296875,-0.06103515625,1.74560546875,0,1.0498046875,0.25634765625,2.5146484375,-0.0244140625,2.099609375,-0.20751953125,0.9521484375,0.1220703125,-0.30517578125,-0.048828125,0.1220703125,0.146484375,-1.25732421875,-0.3173828125,-0.13427734375,0.2685546875,-0.25634765625,-0.03662109375,1.416015625,-0.048828125,-0.67138671875,-0.13427734375,-0.634765625,0.146484375,-0.634765625,-0.3662109375,-0.03662109375,-0.09765625,1.26953125,-0.0244140625,0.439453125,0.0244140625,0.2685546875,-0.25634765625,7.18994140625,-0.09765625,0.35400390625,0.10986328125,-0.048828125,-0.08544921875,-0.03662109375,-0.10986328125,0.15869140625,-0.09765625,0.7568359375,0.146484375,1.45263671875,0.09765625,0.1953125,0,0.47607421875
0,-0.18310546875,0.03662109375,-0.0244140625,-0.3662109375,0.10986328125,-0.439453125,-0.01220703125,-0.06103515625,0.2197265625,-0.03662109375,-0.0732421875,-0.927734375,-0.3173828125,1.0498046875,0.048828125,-0.18310546875,0,-0.6103515625,0.15869140625,-0.15869140625,-0.146484375,0.84228515625,-0.0732421875,-0.634765625,0.0244140625,0.0244140625,-0.15869140625,-0.67138671875,-0.03662109375,0.93994140625,-0.20751953125,-0.0732421875,0.08544921875,-0.390625,0.01220703125,-0.7568359375,-0.10986328125,-0.42724609375,-0.29296875,-0.76904296875,0.2197265625,-0.1953125,0.1953125,-0.68359375,0.146484375,-0.4638671875,-0.30517578125,0.5615234375,0.3173828125,1.40380859375,-0.1220703125,0.48828125,-0.06103515625,-0.10986328125,-0.37841796875,0.74462890625,-0.537109375,0.64697265625,0.15869140625,0.47607421875,-0.25634765625,0.45166015625,0.830078125,-0.08544921875,0.1708984375,0.42724609375,-0.1220703125,1.06201171875,-0.1708984375,0.3173828125,-0.09765625,0.32958984375,0,1.40380859375,-0.08544921875,1.67236328125,-0.0244140625,0.96435546875,0.32958984375,2.42919921875,0.0244140625,1.3916015625,-0.1708984375,0.64697265625,0.08544921875,-0.5126953125,-0.048828125,-0.1220703125,0.146484375,-1.11083984375,-0.29296875,-0.01220703125,0.048828125,-0.1220703125,0.01220703125,2.3681640625,-0.06103515625,-0.6591796875,-0.13427734375,-0.62255859375,0.18310546875,-0.64697265625,-0.32958984375,-0.0244140625,-0.08544921875,1.0498046875,-0.0244140625,0.2197265625,0.03662109375,0.10986328125,-0.244140625,6.494140625,-0.1220703125,0.32958984375,0.09765625,-0.048828125,-0.0732421875,-0.0732421875,-0.13427734375,0.1708984375,-0.10986328125,0.81787109375,0.15869140625,1.46484375,0.09765625,0.2197265625,-0.01220703125,0.52490234375
0,-0.1708984375,0.03662109375,-0.0244140625,-0.3662109375,0.09765625,-0.4150390625,-0.01220703125,-0.08544921875,0.2197265625,-0.048828125,-0.03662109375,-0.927734375,-0.341796875,1.0498046875,0.06103515625,-0.15869140625,-0.048828125,-0.59814453125,0.15869140625,-0.146484375,-0.1220703125,0.830078125,-0.0732421875,-0.6103515625,-0.048828125,0.08544921875,-0.1708984375,-0.634765625,-0.09765625,1.0009765625,-0.20751953125,0.03662109375,0.146484375,-0.45166015625,0.09765625,-0.86669921875,-0.1220703125,-0.4638671875,-0.341796875,-0.81787109375,0.23193359375,-0.2197265625,0.25634765625,-0.69580078125,0.1220703125,-0.47607421875,-0.29296875,0.5615234375,0.244140625,1.28173828125,-0.15869140625,0.50048828125,-0.03662109375,-0.09765625,-0.42724609375,0.74462890625,-0.48828125,0.67138671875,0.10986328125,0.4638671875,-0.23193359375,0.439453125,0.84228515625,-0.06103515625,0.13427734375,0.47607421875,-0.1220703125,1.11083984375,-0.1220703125,0.32958984375,-0.13427734375,0.341796875,0.10986328125,1.318359375,-0.06103515625,1.5869140625,0,0.86669921875,0.3662109375,2.3193359375,0.06103515625,0.634765625,-0.1220703125,0.37841796875,0,-0.69580078125,-0.06103515625,-0.35400390625,0.15869140625,-0.93994140625,-0.28076171875,0.146484375,-0.1220703125,0.06103515625,-0.06103515625,3.33251953125,-0.0732421875,-0.67138671875,-0.15869140625,-0.634765625,0.15869140625,-0.6591796875,-0.2685546875,-0.03662109375,-0.0244140625,0.84228515625,0.01220703125,0.0244140625,0,-0.03662109375,-0.18310546875,5.77392578125,-0.146484375,0.35400390625,0.09765625,-0.06103515625,-0.0732421875,-0.08544921875,-0.1220703125,0.15869140625,-0.10986328125,0.8056640625,0.09765625,1.40380859375,0.06103515625,0.1708984375,-0.0244140625,0.48828125
0,-0.1953125,0,-0.0732421875,-0.37841796875,0.09765625,-0.42724609375,-0.01220703125,-0.08544921875,0.244140625,-0.048828125,-0.048828125,-0.927734375,-0.35400390625,1.03759765625,0.048828125,-0.1708984375,-0.09765625,-0.5859375,0.15869140625,-0.146484375,-0.0244140625,0.8056640625,-0.09765625,-0.62255859375,-0.08544921875,0.146484375,-0.18310546875,-0.59814453125,-0.1708984375,1.07421875,-0.20751953125,0.2197265625,0.146484375,-0.52490234375,0.20751953125,-0.98876953125,-0.146484375,-0.5126953125,-0.35400390625,-0.8056640625,0.23193359375,-0.244140625,0.30517578125,-0.68359375,0.06103515625,-0.45166015625,-0.23193359375,0.537109375,0.341796875,1.171875,-0.15869140625,0.537109375,-0.01220703125,-0.06103515625,-0.48828125,0.7568359375,-0.45166015625,0.67138671875,0.06103515625,0.47607421875,-0.25634765625,0.4150390625,0.86669921875,-0.048828125,0.10986328125,0.48828125,-0.1708984375,1.1474609375,-0.048828125,0.341796875,-0.18310546875,0.35400390625,0.13427734375,1.318359375,-0.03662109375,1.513671875,0,0.7568359375,0.341796875,2.18505859375,0.10986328125,-0.09765625,-0.08544921875,0.13427734375,-0.10986328125,-0.89111328125,-0.0732421875,-0.5859375,0.13427734375,-0.79345703125,-0.23193359375,0.28076171875,-0.244140625,0.20751953125,0.0732421875,4.248046875,-0.08544921875,-0.68359375,-0.10986328125,-0.6591796875,0.13427734375,-0.62255859375,-0.20751953125,-0.048828125,0.01220703125,0.68359375,0,-0.15869140625,-0.01220703125,-0.1708984375,-0.10986328125,5.1025390625,-0.15869140625,0.341796875,0.09765625,-0.0732421875,-0.0732421875,-0.09765625,-0.1220703125,0.1708984375,-0.10986328125,0.7080078125,0.1708984375,1.3671875,0.048828125,0.08544921875,-0.0244140625,0.37841796875
0,-0.2685546875,-0.048828125,-0.08544921875,-0.3662109375,0.0732421875,-0.42724609375,0.01220703125,-0.09765625,0.25634765625,-0.0732421875,-0.03662109375,-0.91552734375,-0.3662109375,1.025390625,0.06103515625,-0.146484375,-0.10986328125,-0.59814453125,0.146484375,-0.15869140625,0.01220703125,0.81787109375,-0.146484375,-0.5859375,-0.10986328125,0.20751953125,-0.1953125,-0.5615234375,-0.23193359375,1.13525390625,-0.15869140625,0.40283203125,0.15869140625,-0.5859375,0.32958984375,-1.11083984375,-0.1708984375,-0.5859375,-0.3173828125,-0.8544921875,0.18310546875,-0.25634765625,0.341796875,-0.69580078125,0.06103515625,-0.45166015625,-0.18310546875,0.54931640625,0.3662109375,1.123046875,-0.20751953125,0.57373046875,0.06103515625,-0.0732421875,-0.57373046875,0.76904296875,-0.3662109375,0.68359375,0.0244140625,0.4638671875,-0.35400390625,0.4150390625,0.87890625,-0.03662109375,0.0732421875,0.47607421875,-0.15869140625,1.11083984375,0.0244140625,0.341796875,-0.25634765625,0.3173828125,0.1953125,1.40380859375,0.03662109375,1.47705078125,0.03662109375,0.69580078125,0.30517578125,2.099609375,0.10986328125,-0.72021484375,-0.06103515625,-0.03662109375,-0.20751953125,-1.03759765625,-0.1220703125,-0.74462890625,0.09765625,-0.68359375,-0.1953125,0.390625,-0.3173828125,0.3662109375,0.03662109375,5.11474609375,-0.09765625,-0.69580078125,-0.048828125,-0.634765625,0.13427734375,-0.62255859375,-0.13427734375,-0.048828125,0.0244140625,0.54931640625,0,-0.30517578125,-0.03662109375,-0.25634765625,0,4.62646484375,-0.1708984375,0.341796875,0.0732421875,-0.0732421875,-0.08544921875,-0.10986328125,-0.1220703125,0.15869140625,-0.10986328125,0.59814453125,0.1953125,1.30615234375,0.01220703125,-0.03662109375,-0.0244140625,0.2197265625
0,-0.25634765625,-0.09765625,-0.08544921875,-0.3662109375,0.08544921875,-0.4150390625,0.01220703125,-0.08544921875,0.244140625,-0.08544921875,-0.0244140625,-0.87890625,-0.35400390625,1.025390625,0.01220703125,-0.146484375,-0.09765625,-0.5859375,0.146484375,-0.146484375,0.048828125,0.830078125,-0.1953125,-0.5859375,-0.10986328125,0.244140625,-0.1708984375,-0.54931640625,-0.28076171875,1.15966796875,-0.09765625,0.59814453125,0.1953125,-0.634765625,0.37841796875,-1.2451171875,-0.1953125,-0.6103515625,-0.25634765625,-0.86669921875,0.10986328125,-0.28076171875,0.40283203125,-0.69580078125,0.0732421875,-0.439453125,-0.09765625,0.537109375,0.390625,1.13525390625,-0.244140625,0.634765625,0.1220703125,-0.08544921875,-0.67138671875,0.79345703125,-0.30517578125,0.6591796875,-0.03662109375,0.4638671875,-0.35400390625,0.390625,0.84228515625,-0.03662109375,0.01220703125,0.37841796875,-0.18310546875,1.025390625,0.0732421875,0.29296875,-0.341796875,0.2685546875,0.1953125,1.66015625,0.1220703125,1.55029296875,0.1220703125,0.732421875,0.20751953125,2.1240234375,0.0732421875,-1.13525390625,0,-0.146484375,-0.25634765625,-1.171875,-0.2197265625,-0.84228515625,0.0732421875,-0.5615234375,-0.1953125,0.439453125,-0.3173828125,0.45166015625,-0.01220703125,5.8349609375,-0.08544921875,-0.68359375,-0.03662109375,-0.634765625,0.1220703125,-0.6103515625,-0.048828125,-0.06103515625,0.09765625,0.4638671875,0.03662109375,-0.3662109375,-0.03662109375,-0.29296875,0.0732421875,4.35791015625,-0.146484375,0.341796875,0.048828125,-0.06103515625,-0.08544921875,-0.10986328125,-0.1220703125,0.1708984375,-0.09765625,0.537109375,0.2197265625,1.33056640625,0.01220703125,-0.09765625,-0.01220703125,0.1220703125
0,-0.2685546875,-0.15869140625,-0.1220703125,-0.37841796875,0.09765625,-0.42724609375,0.0244140625,-0.08544921875,0.25634765625,-0.10986328125,-0.01220703125,-0.89111328125,-0.32958984375,1.03759765625,0,-0.13427734375,-0.0732421875,-0.5859375,0.10986328125,-0.146484375,0.06103515625,0.830078125,-0.244140625,-0.5859375,-0.10986328125,0.25634765625,-0.146484375,-0.54931640625,-0.3173828125,1.171875,-0.048828125,0.67138671875,0.15869140625,-0.6591796875,0.45166015625,-1.26953125,-0.244140625,-0.64697265625,-0.15869140625,-0.89111328125,0.0244140625,-0.30517578125,0.390625,-0.7080078125,0.06103515625,-0.42724609375,-0.06103515625,0.5615234375,0.439453125,1.171875,-0.32958984375,0.634765625,0.20751953125,-0.08544921875,-0.8056640625,0.8056640625,-0.30517578125,0.64697265625,-0.03662109375,0.4638671875,-0.4150390625,0.390625,0.74462890625,-0.048828125,0,0.30517578125,-0.244140625,0.93994140625,0.1220703125,0.244140625,-0.37841796875,0.244140625,0.08544921875,2.1484375,0.13427734375,1.7333984375,0.1708984375,0.9033203125,0.13427734375,2.30712890625,-0.03662109375,-1.26953125,0.0244140625,-0.15869140625,-0.25634765625,-1.171875,-0.2197265625,-0.86669921875,0.048828125,-0.48828125,-0.2197265625,0.47607421875,-0.25634765625,0.537109375,-0.048828125,6.38427734375,-0.0732421875,-0.69580078125,0.06103515625,-0.64697265625,0.09765625,-0.59814453125,0.03662109375,-0.0732421875,0.0732421875,0.439453125,0.0244140625,-0.37841796875,-0.048828125,-0.32958984375,0.01220703125,4.3212890625,-0.146484375,0.3173828125,0.048828125,-0.048828125,-0.0732421875,-0.09765625,-0.10986328125,0.146484375,-0.146484375,0.52490234375,0.1953125,1.4892578125,-0.01220703125,-0.08544921875,-0.048828125,0.1220703125
0,-0.28076171875,-0.2197265625,-0.13427734375,-0.390625,0.10986328125,-0.40283203125,0.0732421875,-0.09765625,0.23193359375,-0.10986328125,0,-0.91552734375,-0.3173828125,1.0498046875,0.01220703125,-0.15869140625,-0.0244140625,-0.5859375,0.06103515625,-0.146484375,0.09765625,0.84228515625,-0.244140625,-0.5859375,-0.048828125,0.23193359375,-0.146484375,-0.5859375,-0.28076171875,1.1474609375,0,0.6591796875,0.09765625,-0.634765625,0.37841796875,-1.2939453125,-0.28076171875,-0.64697265625,-0.09765625,-0.87890625,-0.06103515625,-0.32958984375,0.341796875,-0.7080078125,0.09765625,-0.42724609375,-0.0732421875,0.5615234375,0.40283203125,1.2451171875,-0.32958984375,0.6591796875,0.25634765625,-0.1220703125,-0.87890625,0.78125,-0.3173828125,0.64697265625,-0.06103515625,0.4638671875,-0.47607421875,0.40283203125,0.67138671875,-0.0732421875,-0.0244140625,0.2197265625,-0.30517578125,0.81787109375,0.146484375,0.18310546875,-0.37841796875,0.1953125,0.03662109375,2.89306640625,0.20751953125,2.05078125,0.20751953125,1.220703125,0.06103515625,2.6611328125,-0.048828125,-1.123046875,0.06103515625,-0.0732421875,-0.2685546875,-1.13525390625,-0.23193359375,-0.78125,0,-0.4638671875,-0.25634765625,0.48828125,-0.1953125,0.54931640625,-0.0732421875,6.72607421875,-0.06103515625,-0.7080078125,0.0732421875,-0.6591796875,0,-0.5859375,0.08544921875,-0.0732421875,0.06103515625,0.48828125,0.03662109375,-0.3173828125,-0.03662109375,-0.28076171875,-0.09765625,4.5166015625,-0.18310546875,0.30517578125,0.06103515625,-0.0244140625,-0.0732421875,-0.0732421875,-0.09765625,0.15869140625,-0.1220703125,0.6591796875,0.20751953125,1.8310546875,-0.0244140625,0.048828125,-0.03662109375,0.2685546875
0,-0.2685546875,-0.28076171875,-0.146484375,-0.4150390625,0.10986328125,-0.4150390625,0.0732421875,-0.09765625,0.2197265625,-0.08544921875,0.0244140625,-0.89111328125,-0.30517578125,1.06201171875,-0.0244140625,-0.15869140625,0.01220703125,-0.59814453125,0.01220703125,-0.13427734375,0.10986328125,0.86669921875,-0.28076171875,-0.5859375,0.01220703125,0.15869140625,-0.13427734375,-0.634765625,-0.25634765625,1.06201171875,0.03662109375,0.57373046875,0.06103515625,-0.6103515625,0.3173828125,-1.26953125,-0.3173828125,-0.634765625,-0.048828125,-0.84228515625,-0.1220703125,-0.32958984375,0.2197265625,-0.69580078125,0.10986328125,-0.439453125,-0.1220703125,0.54931640625,0.390625,1.2939453125,-0.3173828125,0.64697265625,0.30517578125,-0.1708984375,-0.9521484375,0.78125,-0.30517578125,0.634765625,-0.09765625,0.4638671875,-0.4638671875,0.4150390625,0.52490234375,-0.08544921875,0.01220703125,0.146484375,-0.244140625,0.72021484375,0.1708984375,0.15869140625,-0.32958984375,0.15869140625,-0.10986328125,3.86962890625,0.2197265625,2.50244140625,0.15869140625,1.67236328125,0.0244140625,3.1982421875,-0.01220703125,-0.68359375,0.09765625,0.09765625,-0.20751953125,-1.01318359375,-0.1953125,-0.62255859375,-0.0244140625,-0.4638671875,-0.2685546875,0.45166015625,-0.10986328125,0.50048828125,-0.06103515625,6.73828125,-0.0244140625,-0.72021484375,0.0732421875,-0.67138671875,-0.08544921875,-0.57373046875,0.0732421875,-0.048828125,0.048828125,0.5615234375,0.06103515625,-0.20751953125,-0.0732421875,-0.20751953125,-0.1708984375,4.82177734375,-0.18310546875,0.30517578125,0.03662109375,-0.0244140625,-0.0732421875,-0.048828125,-0.0732421875,0.1708984375,-0.09765625,0.93994140625,0.1220703125,2.4169921875,-0.03662109375,0.35400390625,-0.048828125,0.62255859375
0,-0.32958984375,-0.341796875,-0.146484375,-0.42724609375,0.1220703125,-0.40283203125,0.08544921875,-0.09765625,0.18310546875,-0.08544921875,0.01220703125,-0.89111328125,-0.3173828125,1.07421875,-0.01220703125,-0.18310546875,0.0732421875,-0.6103515625,-0.03662109375,-0.146484375,0.0732421875,0.89111328125,-0.2685546875,-0.6103515625,0.09765625,0.1220703125,-0.13427734375,-0.6591796875,-0.18310546875,0.98876953125,-0.08544921875,0.3662109375,-0.06103515625,-0.54931640625,0.1708984375,-1.1962890625,-0.35400390625,-0.57373046875,-0.03662109375,-0.81787109375,-0.10986328125,-0.29296875,0.09765625,-0.72021484375,0.1708984375,-0.439453125,-0.1953125,0.5615234375,0.40283203125,1.33056640625,-0.3662109375,0.6103515625,0.32958984375,-0.20751953125,-0.89111328125,0.76904296875,-0.28076171875,0.634765625,-0.08544921875,0.4638671875,-0.5615234375,0.42724609375,0.439453125,-0.1220703125,0.0732421875,0.09765625,-0.08544921875,0.67138671875,0.15869140625,0.13427734375,-0.25634765625,0.146484375,-0.23193359375,5.01708984375,0.23193359375,3.0517578125,0.09765625,2.25830078125,0.01220703125,3.89404296875,-0.08544921875,0.06103515625,0.10986328125,0.35400390625,-0.1220703125,-0.830078125,-0.1220703125,-0.40283203125,-0.0732421875,-0.537109375,-0.30517578125,0.37841796875,-0.03662109375,0.42724609375,-0.0732421875,6.43310546875,0,-0.732421875,0.08544921875,-0.67138671875,-0.146484375,-0.5859375,0.01220703125,-0.0732421875,0.03662109375,0.6591796875,0.06103515625,-0.1220703125,-0.08544921875,-0.146484375,-0.244140625,5.16357421875,-0.1953125,0.30517578125,0.048828125,-0.01220703125,-0.0732421875,-0.03662109375,-0.03662109375,0.15869140625,-0.13427734375,1.42822265625,0.0244140625,3.1494140625,-0.03662109375,0.8056640625,-0.08544921875,1.18408203125
0,-0.35400390625,-0.390625,-0.13427734375,-0.42724609375,0.13427734375,-0.4150390625,0.08544921875,-0.10986328125,0.1953125,-0.08544921875,0,-0.9033203125,-0.30517578125,1.06201171875,-0.048828125,-0.1953125,0.13427734375,-0.59814453125,-0.10986328125,-0.13427734375,0.06103515625,0.87890625,-0.23193359375,-0.62255859375,0.20751953125,0.0244140625,-0.08544921875,-0.69580078125,-0.09765625,0.927734375,-0.1708984375,0.1708984375,-0.09765625,-0.50048828125,0.048828125,-1.123046875,-0.3662109375,-0.537109375,-0.048828125,-0.8056640625,-0.1220703125,-0.25634765625,-0.048828125,-0.7080078125,0.23193359375,-0.42724609375,-0.15869140625,0.59814453125,0.37841796875,1.2939453125,-0.3662109375,0.54931640625,0.3662109375,-0.23193359375,-0.76904296875,0.74462890625,-0.2685546875,0.62255859375,-0.06103515625,0.45166015625,-0.5859375,0.439453125,0.3173828125,-0.1220703125,0.09765625,0.0732421875,-0.08544921875,0.64697265625,0.13427734375,0.146484375,-0.18310546875,0.1220703125,-0.1708984375,6.28662109375,0.28076171875,3.67431640625,0.0244140625,2.89306640625,-0.03662109375,4.638671875,-0.0244140625,0.927734375,0.13427734375,0.6591796875,0,-0.59814453125,-0.0244140625,-0.10986328125,-0.06103515625,-0.64697265625,-0.3662109375,0.28076171875,-0.048828125,0.3173828125,-0.0732421875,5.859375,-0.01220703125,-0.732421875,0.0244140625,-0.67138671875,-0.23193359375,-0.6103515625,-0.08544921875,-0.06103515625,0.06103515625,0.72021484375,0.08544921875,-0.048828125,-0.09765625,-0.09765625,-0.3173828125,5.37109375,-0.20751953125,0.30517578125,0.06103515625,-0.01220703125,-0.0732421875,-0.03662109375,-0.03662109375,0.15869140625,-0.09765625,2.0263671875,0.06103515625,4.08935546875,-0.03662109375,1.3671875,-0.06103515625,1.9775390625
0,-0.37841796875,-0.4150390625,-0.13427734375,-0.40283203125,0.146484375,-0.4150390625,0.09765625,-0.09765625,0.18310546875,-0.06103515625,-0.048828125,-0.89111328125,-0.28076171875,1.0498046875,-0.048828125,-0.1953125,0.20751953125,-0.6103515625,-0.1953125,-0.13427734375,-0.01220703125,0.9033203125,-0.20751953125,-0.634765625,0.2685546875,-0.03662109375,-0.10986328125,-0.72021484375,-0.03662109375,0.87890625,-0.25634765625,-0.01220703125,-0.09765625,-0.47607421875,-0.048828125,-1.0498046875,-0.3173828125,-0.48828125,-0.01220703125,-0.78125,-0.0732421875,-0.23193359375,-0.1953125,-0.69580078125,0.2685546875,-0.439453125,-0.15869140625,0.57373046875,0.47607421875,1.20849609375,-0.32958984375,0.47607421875,0.390625,-0.244140625,-0.69580078125,0.732421875,-0.28076171875,0.6103515625,-0.03662109375,0.4638671875,-0.59814453125,0.439453125,0.1953125,-0.13427734375,0.1708984375,0.09765625,-0.01220703125,0.6591796875,0.1220703125,0.15869140625,-0.0732421875,0.13427734375,-0.0244140625,7.568359375,0.29296875,4.248046875,-0.0244140625,3.564453125,-0.08544921875,5.3955078125,-0.01220703125,1.91650390625,0.10986328125,1.0009765625,0.0732421875,-0.3662109375,0.06103515625,0.1953125,-0.0244140625,-0.8056640625,-0.37841796875,0.18310546875,-0.09765625,0.18310546875,-0.10986328125,4.99267578125,0.01220703125,-0.74462890625,-0.01220703125,-0.634765625,-0.25634765625,-0.634765625,-0.13427734375,-0.03662109375,0.0732421875,0.732421875,0.09765625,-0.03662109375,-0.09765625,-0.1220703125,-0.35400390625,5.35888671875,-0.20751953125,0.3173828125,0.06103515625,0,-0.08544921875,-0.048828125,-0.0244140625,0.15869140625,-0.146484375,2.7587890625,0,5.06591796875,-0.0732421875,1.9775390625,-0.09765625,2.83203125
0,-0.390625,-0.390625,-0.15869140625,-0.40283203125,0.18310546875,-0.42724609375,0.09765625,-0.08544921875,0.18310546875,-0.06103515625,-0.0244140625,-0.9033203125,-0.28076171875,1.025390625,-0.048828125,-0.15869140625,0.244140625,-0.634765625,-0.20751953125,-0.146484375,-0.0244140625,0.89111328125,-0.244140625,-0.6591796875,0.32958984375,-0.10986328125,-0.146484375,-0.74462890625,0,0.84228515625,-0.32958984375,-0.13427734375,-0.09765625,-0.47607421875,-0.18310546875,-1.0009765625,-0.3173828125,-0.45166015625,-0.0732421875,-0.78125,-0.09765625,-0.23193359375,-0.28076171875,-0.68359375,0.29296875,-0.439453125,-0.15869140625,0.57373046875,0.341796875,1.08642578125,-0.30517578125,0.42724609375,0.4150390625,-0.244140625,-0.62255859375,0.72021484375,-0.30517578125,0.634765625,0,0.439453125,-0.59814453125,0.4638671875,0.10986328125,-0.09765625,0.09765625,0.1220703125,0.06103515625,0.72021484375,0.08544921875,0.1708984375,-0.03662109375,0.1220703125,0.13427734375,8.75244140625,0.2685546875,4.8095703125,-0.03662109375,4.1748046875,-0.0732421875,6.103515625,-0.01220703125,2.9052734375,0.08544921875,1.3671875,0.146484375,-0.1220703125,0.15869140625,0.54931640625,0.0732421875,-0.93994140625,-0.4150390625,0.0732421875,-0.1220703125,0.0244140625,-0.1220703125,3.955078125,-0.03662109375,-0.76904296875,-0.08544921875,-0.62255859375,-0.23193359375,-0.67138671875,-0.2197265625,-0.03662109375,0.048828125,0.6591796875,0.08544921875,-0.09765625,-0.0732421875,-0.15869140625,-0.29296875,5.029296875,-0.1953125,0.32958984375,0.08544921875,-0.01220703125,-0.0732421875,-0.06103515625,-0.048828125,0.1708984375,-0.10986328125,3.50341796875,0.13427734375,6.0302734375,-0.06103515625,2.63671875,-0.06103515625,3.72314453125
0,-0.390625,-0.32958984375,-0.15869140625,-0.37841796875,0.1953125,-0.45166015625,0.09765625,-0.08544921875,0.1953125,-0.0732421875,-0.048828125,-0.91552734375,-0.25634765625,1.03759765625,-0.08544921875,-0.1708984375,0.244140625,-0.634765625,-0.25634765625,-0.13427734375,0.01220703125,0.89111328125,-0.244140625,-0.64697265625,0.40283203125,-0.10986328125,-0.1220703125,-0.74462890625,0.06103515625,0.830078125,-0.28076171875,-0.15869140625,-0.01220703125,-0.48828125,-0.2197265625,-0.9765625,-0.28076171875,-0.45166015625,-0.10986328125,-0.79345703125,-0.08544921875,-0.1953125,-0.29296875,-0.7080078125,0.23193359375,-0.4638671875,-0.20751953125,0.54931640625,0.32958984375,0.96435546875,-0.3173828125,0.37841796875,0.47607421875,-0.25634765625,-0.59814453125,0.69580078125,-0.30517578125,0.6591796875,0,0.439453125,-0.5615234375,0.45166015625,0.048828125,-0.09765625,0.03662109375,0.15869140625,0.10986328125,0.76904296875,0.08544921875,0.1953125,-0.048828125,0.13427734375,0.09765625,9.765625,0.20751953125,5.26123046875,-0.1220703125,4.67529296875,-0.048828125,6.640625,-0.0732421875,3.80859375,0.09765625,1.74560546875,0.2197265625,0.13427734375,0.244140625,0.81787109375,0.1220703125,-1.11083984375,-0.40283203125,-0.048828125,-0.18310546875,-0.146484375,-0.15869140625,2.81982421875,-0.048828125,-0.74462890625,-0.1708984375,-0.634765625,-0.2197265625,-0.6591796875,-0.23193359375,-0.03662109375,0.09765625,0.52490234375,0.09765625,-0.2685546875,-0.0244140625,-0.28076171875,-0.25634765625,4.3701171875,-0.23193359375,0.341796875,0.09765625,-0.0244140625,-0.0732421875,-0.06103515625,-0.06103515625,0.1708984375,-0.13427734375,4.18701171875,0.15869140625,6.92138671875,-0.0732421875,3.173828125,-0.06103515625,4.5654296875
1,-0.40283203125,-0.2197265625,-0.1708984375,-0.37841796875,0.1953125,-0.45166015625,0.08544921875,-0.09765625,0.18310546875,-0.0732421875,-0.048828125,-0.91552734375,-0.28076171875,1.025390625,-0.06103515625,-0.1708984375,0.2197265625,-0.634765625,-0.29296875,-0.1220703125,0.09765625,0.87890625,-0.2685546875,-0.634765625,0.439453125,-0.10986328125,-0.146484375,-0.72021484375,0,0.84228515625,-0.2685546875,-0.08544921875,0.06103515625,-0.52490234375,-0.2685546875,-1.0009765625,-0.28076171875,-0.45166015625,-0.13427734375,-0.79345703125,-0.0732421875,-0.20751953125,-0.29296875,-0.7080078125,0.15869140625,-0.45166015625,-0.20751953125,0.5859375,0.25634765625,0.8544921875,-0.25634765625,0.3662109375,0.50048828125,-0.244140625,-0.5126953125,0.69580078125,-0.29296875,0.6591796875,-0.01220703125,0.42724609375,-0.5859375,0.47607421875,-0.03662109375,-0.0732421875,-0.01220703125,0.18310546875,0.23193359375,0.830078125,0.15869140625,0.1953125,0.0244140625,0.1220703125,0.1708984375,10.546875,0.10986328125,5.56640625,-0.1708984375,5.06591796875,0.01220703125,7.080078125,-0.1708984375,4.62646484375,0.06103515625,2.05078125,0.30517578125,0.35400390625,0.2685546875,1.07421875,0.2197265625,-1.28173828125,-0.35400390625,-0.1708984375,-0.1953125,-0.28076171875,-0.15869140625,1.77001953125,-0.0732421875,-0.732421875,-0.20751953125,-0.62255859375,-0.1708984375,-0.67138671875,-0.23193359375,-0.0244140625,0.09765625,0.29296875,0.08544921875,-0.50048828125,0,-0.4638671875,-0.2197265625,3.45458984375,-0.23193359375,0.341796875,0.08544921875,-0.03662109375,-0.0732421875,-0.03662109375,-0.09765625,0.15869140625,-0.0732421875,4.78515625,0.2197265625,7.60498046875,-0.06103515625,3.61328125,-0.0244140625,5.26123046875
1,-0.439453125,-0.09765625,-0.1708984375,-0.37841796875,0.1708984375,-0.4638671875,0.09765625,-0.08544921875,0.20751953125,-0.09765625,-0.0732421875,-0.927734375,-0.2685546875,1.01318359375,-0.06103515625,-0.18310546875,0.2197265625,-0.6103515625,-0.32958984375,-0.146484375,0.25634765625,0.86669921875,-0.3173828125,-0.62255859375,0.439453125,-0.10986328125,-0.15869140625,-0.72021484375,-0.0732421875,0.84228515625,-0.25634765625,0.048828125,0.10986328125,-0.537109375,-0.2197265625,-1.01318359375,-0.3173828125,-0.439453125,-0.09765625,-0.79345703125,-0.09765625,-0.2197265625,-0.28076171875,-0.7080078125,0.08544921875,-0.42724609375,-0.20751953125,0.5615234375,0.2197265625,0.81787109375,-0.25634765625,0.35400390625,0.42724609375,-0.25634765625,-0.48828125,0.68359375,-0.341796875,0.64697265625,0.03662109375,0.42724609375,-0.52490234375,0.47607421875,-0.10986328125,-0.06103515625,-0.09765625,0.1953125,0.1708984375,0.87890625,0.18310546875,0.20751953125,0.0244140625,0.146484375,0.1953125,11.07177734375,0.03662109375,5.7373046875,-0.20751953125,5.28564453125,0.03662109375,7.2998046875,-0.20751953125,5.2734375,-0.01220703125,2.33154296875,0.390625,0.537109375,0.29296875,1.2939453125,0.23193359375,-1.416015625,-0.30517578125,-0.2685546875,-0.1708984375,-0.42724609375,-0.1708984375,0.84228515625,-0.09765625,-0.74462890625,-0.23193359375,-0.62255859375,-0.1220703125,-0.67138671875,-0.1953125,-0.01220703125,0.10986328125,0.03662109375,0.09765625,-0.79345703125,0.048828125,-0.67138671875,-0.20751953125,2.35595703125,-0.244140625,0.35400390625,0.08544921875,-0.03662109375,-0.0732421875,-0.03662109375,-0.10986328125,0.15869140625,-0.09765625,5.1513671875,0.18310546875,8.0322265625,-0.0732421875,3.8818359375,-0.0244140625,5.70068359375
1,-0.45166015625,0.03662109375,-0.1708984375,-0.37841796875,0.146484375,-0.4638671875,0.10986328125,-0.08544921875,0.18310546875,-0.10986328125,-0.09765625,-0.927734375,-0.28076171875,1.01318359375,-0.0732421875,-0.18310546875,0.18310546875,-0.5859375,-0.3173828125,-0.13427734375,0.341796875,0.8544921875,-0.35400390625,-0.62255859375,0.439453125,-0.10986328125,-0.10986328125,-0.69580078125,-0.1708984375,0.8544921875,-0.18310546875,0.1953125,0.10986328125,-0.5859375,-0.18310546875,-1.08642578125,-0.3173828125,-0.47607421875,-0.09765625,-0.79345703125,-0.13427734375,-0.244140625,-0.2197265625,-0.69580078125,0.01220703125,-0.42724609375,-0.15869140625,0.5615234375,0.28076171875,0.84228515625,-0.1953125,0.3662109375,0.47607421875,-0.25634765625,-0.40283203125,0.6591796875,-0.341796875,0.64697265625,0.0244140625,0.42724609375,-0.50048828125,0.47607421875,-0.15869140625,-0.06103515625,-0.06103515625,0.18310546875,0.18310546875,0.9033203125,0.244140625,0.2197265625,0.0244140625,0.146484375,0.23193359375,11.31591796875,0.01220703125,5.79833984375,-0.18310546875,5.3955078125,0.0244140625,7.373046875,-0.20751953125,5.76171875,-0.10986328125,2.5634765625,0.47607421875,0.68359375,0.2197265625,1.4404296875,0.2685546875,-1.50146484375,-0.25634765625,-0.32958984375,-0.15869140625,-0.52490234375,-0.15869140625,0.146484375,-0.08544921875,-0.74462890625,-0.244140625,-0.64697265625,-0.08544921875,-0.6591796875,-0.15869140625,-0.048828125,0.1953125,-0.28076171875,0.1220703125,-1.07421875,0.1220703125,-0.89111328125,-0.13427734375,1.2451171875,-0.2685546875,0.341796875,0.08544921875,-0.03662109375,-0.048828125,-0.0244140625,-0.10986328125,0.146484375,-0.10986328125,5.31005859375,0.1220703125,8.21533203125,-0.0732421875,3.99169921875,-0.06103515625,5.9326171875
1,-0.47607421875,0.13427734375,-0.1953125,-0.37841796875,0.13427734375,-0.4638671875,0.10986328125,-0.0732421875,0.1708984375,-0.1220703125,-0.08544921875,-0.927734375,-0.2685546875,1.01318359375,-0.048828125,-0.18310546875,0.15869140625,-0.5859375,-0.30517578125,-0.1220703125,0.3662109375,0.84228515625,-0.40283203125,-0.59814453125,0.37841796875,-0.10986328125,-0.0732421875,-0.69580078125,-0.23193359375,0.87890625,-0.13427734375,0.3662109375,0.08544921875,-0.5615234375,-0.09765625,-1.123046875,-0.32958984375,-0.48828125,-0.06103515625,-0.78125,-0.15869140625,-0.23193359375,-0.1708984375,-0.69580078125,-0.0244140625,-0.42724609375,-0.146484375,0.57373046875,0.3173828125,0.91552734375,-0.15869140625,0.40283203125,0.40283203125,-0.244140625,-0.28076171875,0.67138671875,-0.32958984375,0.62255859375,0.0244140625,0.439453125,-0.50048828125,0.48828125,-0.15869140625,-0.09765625,-0.03662109375,0.1708984375,0.20751953125,0.9033203125,0.2685546875,0.1953125,-0.0244140625,0.146484375,0.244140625,11.3037109375,-0.0244140625,5.72509765625,-0.0732421875,5.33447265625,0,7.2998046875,-0.1953125,6.06689453125,-0.15869140625,2.72216796875,0.50048828125,0.78125,0.10986328125,1.513671875,0.244140625,-1.5625,-0.2197265625,-0.37841796875,-0.048828125,-0.5859375,-0.15869140625,-0.3173828125,-0.0732421875,-0.732421875,-0.2685546875,-0.6591796875,0.06103515625,-0.64697265625,-0.10986328125,-0.03662109375,0.23193359375,-0.5615234375,0.146484375,-1.35498046875,0.1953125,-1.08642578125,-0.08544921875,0.32958984375,-0.29296875,0.341796875,0.06103515625,-0.03662109375,-0.0732421875,-0.03662109375,-0.1220703125,0.13427734375,-0.09765625,5.2734375,0.1708984375,8.16650390625,-0.048828125,3.90625,-0.048828125,5.8837890625
1,-0.4638671875,0.20751953125,-0.1708984375,-0.37841796875,0.13427734375,-0.47607421875,0.09765625,-0.09765625,0.18310546875,-0.1220703125,-0.08544921875,-0.91552734375,-0.244140625,1.03759765625,-0.06103515625,-0.146484375,0.13427734375,-0.5859375,-0.28076171875,-0.146484375,0.390625,0.830078125,-0.390625,-0.59814453125,0.25634765625,-0.10986328125,-0.0244140625,-0.72021484375,-0.25634765625,0.9033203125,-0.0732421875,0.47607421875,0.0244140625,-0.537109375,-0.0244140625,-1.171875,-0.341796875,-0.4638671875,0.0244140625,-0.7080078125,-0.20751953125,-0.23193359375,-0.0732421875,-0.69580078125,-0.09765625,-0.40283203125,-0.1220703125,0.57373046875,0.32958984375,1.01318359375,-0.244140625,0.4638671875,0.3662109375,-0.23193359375,-0.2197265625,0.68359375,-0.29296875,0.6103515625,0.01220703125,0.45166015625,-0.45166015625,0.48828125,-0.13427734375,-0.09765625,0,0.146484375,0.18310546875,0.9033203125,0.28076171875,0.1953125,-0.06103515625,0.146484375,0.09765625,11.1083984375,-0.0244140625,5.5908203125,0.03662109375,5.18798828125,-0.10986328125,7.12890625,-0.18310546875,6.18896484375,-0.2197265625,2.79541015625,0.45166015625,0.81787109375,-0.03662109375,1.55029296875,0.2197265625,-1.59912109375,-0.20751953125,-0.4150390625,0.06103515625,-0.6103515625,-0.15869140625,-0.54931640625,-0.06103515625,-0.732421875,-0.23193359375,-0.67138671875,0.1708984375,-0.64697265625,-0.0732421875,-0.06103515625,0.2197265625,-0.76904296875,0.15869140625,-1.55029296875,0.2197265625,-1.1962890625,-0.08544921875,-0.28076171875,-0.30517578125,0.32958984375,0.048828125,-0.0244140625,-0.06103515625,0.01220703125,-0.13427734375,0.1220703125,-0.06103515625,5.06591796875,0.2197265625,7.89794921875,-0.03662109375,3.7109375,-0.01220703125,5.6396484375
1,-0.439453125,0.2197265625,-0.146484375,-0.3662109375,0.10986328125,-0.47607421875,0.09765625,-0.0732421875,0.20751953125,-0.1220703125,-0.10986328125,-0.9033203125,-0.244140625,1.0498046875,-0.048828125,-0.13427734375,0.09765625,-0.54931640625,-0.23193359375,-0.146484375,0.390625,0.8544921875,-0.341796875,-0.6103515625,0.13427734375,-0.1220703125,0,-0.732421875,-0.2685546875,0.86669921875,-0.0732421875,0.537109375,-0.0732421875,-0.48828125,0.146484375,-1.171875,-0.30517578125,-0.47607421875,0.0732421875,-0.6591796875,-0.23193359375,-0.244140625,-0.03662109375,-0.7080078125,-0.20751953125,-0.4150390625,-0.1220703125,0.57373046875,0.47607421875,1.15966796875,-0.32958984375,0.5126953125,0.3662109375,-0.2197265625,-0.09765625,0.69580078125,-0.2685546875,0.6103515625,-0.03662109375,0.45166015625,-0.4150390625,0.5126953125,-0.08544921875,-0.10986328125,0.0732421875,0.146484375,0.0732421875,0.87890625,0.2685546875,0.1708984375,-0.08544921875,0.15869140625,0,10.70556640625,-0.08544921875,5.37109375,0.1220703125,4.98046875,-0.1708984375,6.8603515625,-0.18310546875,6.15234375,-0.23193359375,2.8076171875,0.390625,0.81787109375,-0.13427734375,1.513671875,0.1953125,-1.611328125,-0.18310546875,-0.439453125,0.1708984375,-0.62255859375,-0.1220703125,-0.6103515625,-0.03662109375,-0.7080078125,-0.244140625,-0.68359375,0.2197265625,-0.62255859375,0,-0.06103515625,0.1953125,-0.86669921875,0.13427734375,-1.64794921875,0.2197265625,-1.25732421875,0,-0.47607421875,-0.32958984375,0.30517578125,0.048828125,-0.01220703125,-0.06103515625,0.01220703125,-0.13427734375,0.1220703125,-0.06103515625,4.72412109375,0.1220703125,7.48291015625,-0.048828125,3.4423828125,-0.048828125,5.26123046875
1,-0.48828125,0.15869140625,-0.146484375,-0.35400390625,0.09765625,-0.4638671875,0.09765625,-0.06103515625,0.1953125,-0.10986328125,-0.0732421875,-0.9033203125,-0.2197265625,1.06201171875,-0.048828125,-0.10986328125,0.0732421875,-0.537109375,-0.18310546875,-0.146484375,0.439453125,0.8544921875,-0.29296875,-0.62255859375,0.08544921875,-0.10986328125,0.048828125,-0.732421875,-0.1953125,0.86669921875,-0.048828125,0.5126953125,-0.1220703125,-0.45166015625,0.15869140625,-1.171875,-0.29296875,-0.4638671875,0.146484375,-0.59814453125,-0.244140625,-0.244140625,-0.0244140625,-0.72021484375,-0.29296875,-0.439453125,-0.15869140625,0.5615234375,0.45166015625,1.23291015625,-0.3662109375,0.54931640625,0.28076171875,-0.2197265625,-0.048828125,0.69580078125,-0.29296875,0.5859375,-0.03662109375,0.45166015625,-0.341796875,0.52490234375,0.0244140625,-0.10986328125,0.1220703125,0.13427734375,-0.03662109375,0.89111328125,0.1953125,0.20751953125,-0.1220703125,0.1953125,-0.08544921875,10.21728515625,-0.146484375,5.1513671875,0.20751953125,4.74853515625,-0.23193359375,6.55517578125,-0.18310546875,5.9814453125,-0.25634765625,2.734375,0.29296875,0.78125,-0.2197265625,1.42822265625,0.1708984375,-1.611328125,-0.146484375,-0.439453125,0.2685546875,-0.634765625,-0.0732421875,-0.6103515625,-0.0244140625,-0.7080078125,-0.244140625,-0.68359375,0.25634765625,-0.59814453125,0.06103515625,-0.09765625,0.146484375,-0.84228515625,0.18310546875,-1.59912109375,0.20751953125,-1.1962890625,-0.0732421875,-0.23193359375,-0.35400390625,0.3173828125,0.03662109375,-0.0244140625,-0.06103515625,0.0244140625,-0.146484375,0.10986328125,-0.08544921875,4.35791015625,0.048828125,7.0068359375,-0.06103515625,3.125,-0.048828125,4.8095703125
1,-0.50048828125,0.06103515625,-0.15869140625,-0.35400390625,0.0732421875,-0.45166015625,0.09765625,-0.0732421875,0.18310546875,-0.10986328125,-0.08544921875,-0.9033203125,-0.20751953125,1.06201171875,-0.0244140625,-0.13427734375,0.06103515625,-0.537109375,-0.13427734375,-0.146484375,0.537109375,0.87890625,-0.20751953125,-0.64697265625,0.03662109375,-0.09765625,0,-0.74462890625,-0.146484375,0.87890625,-0.03662109375,0.439453125,-0.13427734375,-0.40283203125,0.1708984375,-1.11083984375,-0.2685546875,-0.439453125,0.20751953125,-0.52490234375,-0.2197265625,-0.23193359375,0,-0.72021484375,-0.4150390625,-0.42724609375,-0.13427734375,0.5859375,0.45166015625,1.2939453125,-0.42724609375,0.57373046875,0.2685546875,-0.20751953125,-0.03662109375,0.72021484375,-0.2685546875,0.57373046875,-0.048828125,0.45166015625,-0.37841796875,0.5615234375,0.15869140625,-0.10986328125,0.1708984375,0.1708984375,0.01220703125,0.93994140625,0.13427734375,0.23193359375,-0.10986328125,0.23193359375,-0.1953125,9.65576171875,-0.13427734375,4.931640625,0.1953125,4.47998046875,-0.23193359375,6.26220703125,-0.23193359375,5.62744140625,-0.23193359375,2.587890625,0.15869140625,0.67138671875,-0.20751953125,1.2939453125,0.1220703125,-1.59912109375,-0.18310546875,-0.439453125,0.35400390625,-0.64697265625,-0.048828125,-0.6103515625,-0.0244140625,-0.72021484375,-0.1953125,-0.68359375,0.20751953125,-0.6103515625,0.09765625,-0.08544921875,0.06103515625,-0.68359375,0.18310546875,-1.4404296875,0.13427734375,-1.0498046875,-0.09765625,0.4638671875,-0.390625,0.29296875,0.03662109375,0.01220703125,-0.0732421875,0.01220703125,-0.146484375,0.10986328125,-0.08544921875,4.00390625,0,6.53076171875,-0.09765625,2.84423828125,-0.03662109375,4.39453125
1,-0.54931640625,-0.06103515625,-0.15869140625,-0.35400390625,0.06103515625,-0.45166015625,0.09765625,-0.0732421875,0.2197265625,-0.06103515625,-0.08544921875,-0.9033203125,-0.1953125,1.07421875,0,-0.13427734375,0.03662109375,-0.5615234375,-0.0732421875,-0.146484375,0.62255859375,0.87890625,-0.13427734375,-0.634765625,0.03662109375,-0.10986328125,-0.01220703125,-0.72021484375,-0.03662109375,0.89111328125,0.048828125,0.32958984375,-0.15869140625,-0.3662109375,0.244140625,-1.0498046875,-0.244140625,-0.4638671875,0.25634765625,-0.4638671875,-0.10986328125,-0.244140625,0.01220703125,-0.72021484375,-0.439453125,-0.45166015625,-0.10986328125,0.59814453125,0.439453125,1.28173828125,-0.4638671875,0.59814453125,0.146484375,-0.15869140625,0,0.72021484375,-0.23193359375,0.5859375,-0.06103515625,0.439453125,-0.3662109375,0.59814453125,0.29296875,-0.10986328125,0.20751953125,0.25634765625,0.06103515625,0.96435546875,0.048828125,0.29296875,-0.10986328125,0.25634765625,-0.1953125,9.1064453125,-0.15869140625,4.6875,0.146484375,4.21142578125,-0.20751953125,5.96923828125,-0.2685546875,5.16357421875,-0.1708984375,2.34375,0.0244140625,0.54931640625,-0.1708984375,1.1474609375,0.048828125,-1.611328125,-0.1953125,-0.439453125,0.45166015625,-0.67138671875,0.0244140625,-0.67138671875,0.0244140625,-0.72021484375,-0.15869140625,-0.6591796875,0.146484375,-0.6103515625,0.10986328125,-0.0732421875,0.06103515625,-0.390625,0.18310546875,-1.15966796875,0.048828125,-0.830078125,-0.03662109375,1.4892578125,-0.4150390625,0.3173828125,0.048828125,0,-0.0732421875,0.0244140625,-0.13427734375,0.10986328125,-0.0732421875,3.72314453125,-0.03662109375,6.09130859375,-0.09765625,2.587890625,-0.06103515625,4.0283203125
1,-0.5615234375,-0.2197265625,-0.1708984375,-0.37841796875,0.0732421875,-0.45166015625,0.1220703125,-0.08544921875,0.23193359375,-0.0732421875,-0.08544921875,-0.91552734375,-0.1708984375,1.07421875,0,-0.13427734375,0.0732421875,-0.5615234375,-0.048828125,-0.1220703125,0.74462890625,0.9033203125,-0.10986328125,-0.64697265625,0.1220703125,-0.09765625,-0.0244140625,-0.72021484375,0.06103515625,0.9033203125,0,0.23193359375,-0.13427734375,-0.35400390625,0.15869140625,-1.03759765625,-0.244140625,-0.439453125,0.29296875,-0.439453125,-0.06103515625,-0.20751953125,0.08544921875,-0.72021484375,-0.4150390625,-0.45166015625,-0.08544921875,0.5859375,0.4638671875,1.23291015625,-0.52490234375,0.59814453125,0.048828125,-0.146484375,0.03662109375,0.732421875,-0.244140625,0.6103515625,-0.01220703125,0.45166015625,-0.23193359375,0.64697265625,0.40283203125,-0.09765625,0.1953125,0.341796875,0.0732421875,1.01318359375,-0.06103515625,0.341796875,-0.08544921875,0.29296875,-0.25634765625,8.55712890625,-0.1220703125,4.50439453125,0.15869140625,3.96728515625,-0.1708984375,5.70068359375,-0.30517578125,4.541015625,-0.1220703125,2.05078125,-0.09765625,0.3662109375,-0.08544921875,0.9033203125,0.0244140625,-1.6357421875,-0.1953125,-0.4638671875,0.52490234375,-0.69580078125,0,-0.86669921875,0.06103515625,-0.732421875,-0.06103515625,-0.68359375,0.06103515625,-0.59814453125,0.1220703125,-0.08544921875,0.06103515625,-0.0244140625,0.20751953125,-0.8056640625,0,-0.5859375,-0.15869140625,2.734375,-0.42724609375,0.3173828125,0.03662109375,0.01220703125,-0.06103515625,0,-0.1220703125,0.1220703125,-0.10986328125,3.515625,-0.03662109375,5.7861328125,-0.146484375,2.40478515625,-0.08544921875,3.77197265625
1,-0.537109375,-0.35400390625,-0.15869140625,-0.37841796875,0.048828125,-0.45166015625,0.1220703125,-0.10986328125,0.2197265625,-0.08544921875,-0.08544921875,-0.91552734375,-0.15869140625,1.06201171875,0.01220703125,-0.1708984375,0.1220703125,-0.5859375,-0.03662109375,-0.13427734375,0.84228515625,0.89111328125,-0.0732421875,-0.6591796875,0.1953125,-0.08544921875,-0.0732421875,-0.68359375,0.0732421875,0.927734375,-0.13427734375,0.13427734375,-0.10986328125,-0.390625,0.048828125,-1.0009765625,-0.2197265625,-0.439453125,0.35400390625,-0.45166015625,-0.01220703125,-0.1953125,0.1953125,-0.72021484375,-0.439453125,-0.47607421875,-0.0732421875,0.62255859375,0.4638671875,1.15966796875,-0.52490234375,0.59814453125,0.06103515625,-0.1220703125,0.0244140625,0.74462890625,-0.23193359375,0.6103515625,0.01220703125,0.439453125,-0.1708984375,0.68359375,0.439453125,-0.08544921875,0.2685546875,0.439453125,0,1.06201171875,-0.13427734375,0.390625,-0.048828125,0.30517578125,-0.35400390625,8.056640625,-0.146484375,4.28466796875,0.15869140625,3.7353515625,-0.10986328125,5.4443359375,-0.35400390625,3.80859375,-0.048828125,1.72119140625,-0.1953125,0.1708984375,0.0244140625,0.67138671875,0.0244140625,-1.67236328125,-0.20751953125,-0.47607421875,0.5859375,-0.7080078125,0.01220703125,-1.1474609375,0.06103515625,-0.72021484375,-0.01220703125,-0.6591796875,-0.03662109375,-0.5859375,0.08544921875,-0.06103515625,0.0732421875,0.390625,0.15869140625,-0.45166015625,-0.08544921875,-0.2685546875,-0.18310546875,4.052734375,-0.42724609375,0.3173828125,0.048828125,0.0244140625,-0.06103515625,0.01220703125,-0.1220703125,0.1220703125,-0.08544921875,3.38134765625,0.0244140625,5.52978515625,-0.10986328125,2.28271484375,-0.03662109375,3.61328125
1,-0.52490234375,-0.4638671875,-0.1708984375,-0.40283203125,0.06103515625,-0.47607421875,0.146484375,-0.1220703125,0.20751953125,-0.0732421875,-0.09765625,-0.927734375,-0.13427734375,1.0498046875,0.01220703125,-0.18310546875,0.15869140625,-0.5859375,-0.06103515625,-0.13427734375,0.87890625,0.89111328125,-0.0732421875,-0.64697265625,0.30517578125,-0.048828125,-0.0732421875,-0.67138671875,0.09765625,0.9521484375,-0.10986328125,0.09765625,-0.09765625,-0.45166015625,0.08544921875,-0.96435546875,-0.23193359375,-0.45166015625,0.37841796875,-0.4638671875,0.0244140625,-0.2197265625,0.244140625,-0.72021484375,-0.32958984375,-0.48828125,-0.06103515625,0.62255859375,0.48828125,1.08642578125,-0.48828125,0.57373046875,0.0244140625,-0.1220703125,0,0.74462890625,-0.25634765625,0.634765625,0.0244140625,0.45166015625,-0.06103515625,0.72021484375,0.4638671875,-0.08544921875,0.23193359375,0.52490234375,0.01220703125,1.0986328125,-0.23193359375,0.439453125,-0.06103515625,0.32958984375,-0.35400390625,7.62939453125,-0.1953125,4.1015625,0.15869140625,3.5400390625,-0.0244140625,5.224609375,-0.37841796875,2.9296875,0.0244140625,1.30615234375,-0.2197265625,-0.08544921875,0.09765625,0.37841796875,-0.03662109375,-1.708984375,-0.18310546875,-0.48828125,0.5859375,-0.74462890625,0.01220703125,-1.52587890625,0.06103515625,-0.7080078125,0.01220703125,-0.64697265625,-0.09765625,-0.59814453125,0.03662109375,-0.048828125,0.13427734375,0.8056640625,0.1708984375,-0.08544921875,-0.09765625,0.01220703125,-0.1953125,5.2978515625,-0.439453125,0.32958984375,0.01220703125,0.0244140625,-0.06103515625,-0.03662109375,-0.09765625,0.13427734375,-0.09765625,3.30810546875,0,5.419921875,-0.13427734375,2.23388671875,-0.0732421875,3.55224609375
1,-0.5615234375,-0.52490234375,-0.1708984375,-0.37841796875,0.048828125,-0.4638671875,0.1708984375,-0.10986328125,0.2197265625,-0.08544921875,-0.09765625,-0.93994140625,-0.09765625,1.03759765625,0.0244140625,-0.1953125,0.1953125,-0.5859375,-0.08544921875,-0.10986328125,0.87890625,0.8544921875,-0.15869140625,-0.634765625,0.3662109375,-0.0732421875,-0.10986328125,-0.67138671875,0.08544921875,0.927734375,-0.048828125,0.09765625,-0.0732421875,-0.52490234375,0.0732421875,-0.93994140625,-0.23193359375,-0.47607421875,0.439453125,-0.54931640625,-0.0244140625,-0.2197265625,0.341796875,-0.72021484375,-0.28076171875,-0.50048828125,-0.09765625,0.6591796875,0.50048828125,1.01318359375,-0.439453125,0.52490234375,0,-0.1220703125,-0.01220703125,0.732421875,-0.28076171875,0.64697265625,-0.0244140625,0.439453125,0,0.7568359375,0.47607421875,-0.08544921875,0.244140625,0.57373046875,0,1.0986328125,-0.244140625,0.439453125,-0.048828125,0.30517578125,-0.32958984375,7.26318359375,-0.23193359375,3.9794921875,0.15869140625,3.35693359375,0.08544921875,5.04150390625,-0.42724609375,2.0263671875,0.13427734375,0.9033203125,-0.20751953125,-0.3173828125,0.15869140625,0.08544921875,-0.03662109375,-1.74560546875,-0.15869140625,-0.52490234375,0.5859375,-0.74462890625,0.048828125,-1.85546875,0.01220703125,-0.7080078125,0.03662109375,-0.634765625,-0.146484375,-0.62255859375,-0.0244140625,-0.03662109375,0.13427734375,1.18408203125,0.13427734375,0.2685546875,-0.1220703125,0.2685546875,-0.341796875,6.38427734375,-0.45166015625,0.35400390625,0,0.0244140625,-0.06103515625,-0.03662109375,-0.08544921875,0.13427734375,-0.0732421875,3.28369140625,-0.0244140625,5.38330078125,-0.13427734375,2.23388671875,-0.06103515625,3.55224609375
0,-0.537109375,-0.52490234375,-0.146484375,-0.3662109375,0.06103515625,-0.4638671875,0.2197265625,-0.08544921875,0.244140625,-0.08544921875,-0.09765625,-0.91552734375,-0.1220703125,1.03759765625,0.01220703125,-0.18310546875,0.23193359375,-0.5859375,-0.08544921875,-0.1220703125,0.87890625,0.86669921875,-0.18310546875,-0.634765625,0.45166015625,-0.06103515625,-0.1220703125,-0.68359375,0.0244140625,0.91552734375,-0.0732421875,0.15869140625,-0.0732421875,-0.59814453125,0.0732421875,-0.9033203125,-0.23193359375,-0.5126953125,0.4638671875,-0.6103515625,-0.10986328125,-0.2197265625,0.3662109375,-0.69580078125,-0.2197265625,-0.47607421875,-0.13427734375,0.69580078125,0.3173828125,0.98876953125,-0.4150390625,0.5126953125,-0.0732421875,-0.146484375,-0.048828125,0.72021484375,-0.25634765625,0.634765625,-0.048828125,0.439453125,0,0.78125,0.45166015625,-0.08544921875,0.244140625,0.59814453125,-0.0732421875,1.11083984375,-0.1953125,0.42724609375,-0.08544921875,0.30517578125,-0.2685546875,6.9580078125,-0.23193359375,3.82080078125,0.1220703125,3.21044921875,0.18310546875,4.8583984375,-0.439453125,1.0986328125,0.20751953125,0.50048828125,-0.13427734375,-0.537109375,0.18310546875,-0.1953125,-0.08544921875,-1.77001953125,-0.0732421875,-0.54931640625,0.52490234375,-0.76904296875,-0.048828125,-2.1240234375,-0.0244140625,-0.72021484375,0.03662109375,-0.634765625,-0.1953125,-0.634765625,-0.06103515625,-0.0244140625,0.10986328125,1.46484375,0.08544921875,0.5615234375,-0.13427734375,0.45166015625,-0.42724609375,7.2509765625,-0.4638671875,0.341796875,-0.01220703125,0.01220703125,-0.06103515625,-0.048828125,-0.06103515625,0.146484375,-0.08544921875,3.30810546875,-0.048828125,5.3955078125,-0.13427734375,2.24609375,-0.0732421875,3.564453125
0,-0.54931640625,-0.52490234375,-0.15869140625,-0.35400390625,0.0244140625,-0.4638671875,0.23193359375,-0.10986328125,0.23193359375,-0.08544921875,-0.0732421875,-0.89111328125,-0.146484375,1.03759765625,-0.0244140625,-0.15869140625,0.244140625,-0.5859375,-0.1220703125,-0.1220703125,0.830078125,0.86669921875,-0.1708984375,-0.6103515625,0.48828125,-0.0732421875,-0.146484375,-0.7080078125,0.01220703125,0.87890625,0.15869140625,0.2685546875,-0.10986328125,-0.67138671875,0.146484375,-0.84228515625,-0.20751953125,-0.52490234375,0.47607421875,-0.64697265625,-0.146484375,-0.2197265625,0.4150390625,-0.72021484375,-0.10986328125,-0.439453125,-0.23193359375,0.72021484375,0.30517578125,0.98876953125,-0.3662109375,0.50048828125,-0.13427734375,-0.1953125,-0.0244140625,0.7080078125,-0.244140625,0.634765625,-0.09765625,0.45166015625,0.03662109375,0.79345703125,0.439453125,-0.08544921875,0.2197265625,0.537109375,-0.03662109375,1.11083984375,-0.146484375,0.390625,-0.15869140625,0.28076171875,-0.25634765625,6.65283203125,-0.18310546875,3.662109375,0.1220703125,3.076171875,0.20751953125,4.69970703125,-0.42724609375,0.18310546875,0.23193359375,0.10986328125,-0.06103515625,-0.7568359375,0.13427734375,-0.48828125,-0.0732421875,-1.79443359375,-0.048828125,-0.57373046875,0.4150390625,-0.76904296875,-0.09765625,-2.24609375,-0.06103515625,-0.7080078125,0,-0.64697265625,-0.244140625,-0.634765625,-0.10986328125,-0.0244140625,0.06103515625,1.6845703125,0.06103515625,0.732421875,-0.1220703125,0.6103515625,-0.48828125,7.8857421875,-0.45166015625,0.32958984375,-0.0244140625,0,-0.08544921875,-0.048828125,-0.06103515625,0.1220703125,-0.0732421875,3.28369140625,-0.06103515625,5.3955078125,-0.146484375,2.24609375,-0.06103515625,3.57666015625
0,-0.57373046875,-0.4638671875,-0.15869140625,-0.35400390625,0.03662109375,-0.45166015625,0.244140625,-0.06103515625,0.20751953125,-0.08544921875,-0.0732421875,-0.89111328125,-0.146484375,1.025390625,-0.0244140625,-0.146484375,0.244140625,-0.57373046875,-0.10986328125,-0.10986328125,0.78125,0.86669921875,-0.23193359375,-0.59814453125,0.50048828125,-0.09765625,-0.13427734375,-0.74462890625,-0.03662109375,0.830078125,0.28076171875,0.439453125,-0.1220703125,-0.7080078125,0.18310546875,-0.732421875,-0.1708984375,-0.537109375,0.5126953125,-0.7080078125,-0.2197265625,-0.23193359375,0.390625,-0.72021484375,-0.0244140625,-0.45166015625,-0.20751953125,0.7568359375,0.30517578125,1.01318359375,-0.32958984375,0.48828125,-0.146484375,-0.1953125,-0.0732421875,0.69580078125,-0.1708984375,0.64697265625,-0.13427734375,0.4638671875,0.048828125,0.76904296875,0.37841796875,-0.09765625,0.2197265625,0.5126953125,0.0244140625,1.171875,-0.048828125,0.341796875,-0.1953125,0.2685546875,-0.1220703125,6.298828125,-0.08544921875,3.5400390625,0.1953125,2.9296875,0.2197265625,4.50439453125,-0.4150390625,-0.634765625,0.23193359375,-0.244140625,0.0244140625,-0.96435546875,0.1220703125,-0.732421875,-0.0244140625,-1.77001953125,-0.048828125,-0.54931640625,0.2685546875,-0.7568359375,-0.10986328125,-2.197265625,-0.1220703125,-0.72021484375,-0.03662109375,-0.634765625,-0.244140625,-0.634765625,-0.10986328125,-0.0244140625,0.03662109375,1.79443359375,0.03662109375,0.830078125,-0.06103515625,0.6591796875,-0.5126953125,8.26416015625,-0.4150390625,0.341796875,-0.0244140625,-0.01220703125,-0.0732421875,-0.06103515625,-0.0244140625,0.13427734375,-0.0732421875,3.22265625,-0.08544921875,5.3466796875,-0.13427734375,2.2216796875,-0.08544921875,3.515625
0,-0.62255859375,-0.390625,-0.13427734375,-0.3662109375,0.03662109375,-0.439453125,0.244140625,-0.0732421875,0.18310546875,-0.0732421875,-0.048828125,-0.87890625,-0.146484375,1.025390625,-0.01220703125,-0.146484375,0.18310546875,-0.57373046875,-0.08544921875,-0.10986328125,0.62255859375,0.84228515625,-0.1953125,-0.5859375,0.390625,-0.10986328125,-0.10986328125,-0.76904296875,-0.0244140625,0.78125,0.25634765625,0.634765625,-0.13427734375,-0.6591796875,0.146484375,-0.5615234375,-0.15869140625,-0.537109375,0.48828125,-0.732421875,-0.18310546875,-0.25634765625,0.3662109375,-0.732421875,0.048828125,-0.4150390625,-0.1953125,0.74462890625,0.4150390625,1.11083984375,-0.32958984375,0.47607421875,-0.146484375,-0.20751953125,-0.1708984375,0.7080078125,-0.048828125,0.62255859375,-0.1953125,0.4638671875,0.048828125,0.7080078125,0.35400390625,-0.08544921875,0.1220703125,0.4638671875,0.01220703125,1.28173828125,0.0244140625,0.3173828125,-0.25634765625,0.2685546875,-0.09765625,5.8837890625,-0.0244140625,3.369140625,0.244140625,2.734375,0.10986328125,4.30908203125,-0.390625,-1.318359375,0.20751953125,-0.52490234375,0.03662109375,-1.123046875,0.048828125,-0.9521484375,-0.03662109375,-1.7333984375,-0.10986328125,-0.52490234375,0.146484375,-0.74462890625,-0.08544921875,-2.001953125,-0.1220703125,-0.72021484375,-0.0244140625,-0.6591796875,-0.244140625,-0.62255859375,-0.09765625,-0.01220703125,0.03662109375,1.8310546875,0.0244140625,0.9033203125,0.03662109375,0.69580078125,-0.5126953125,8.447265625,-0.4150390625,0.341796875,-0.03662109375,-0.0244140625,-0.0732421875,-0.08544921875,-0.01220703125,0.1220703125,-0.09765625,3.06396484375,0.01220703125,5.18798828125,-0.146484375,2.11181640625,-0.09765625,3.3447265625
0,-0.62255859375,-0.341796875,-0.13427734375,-0.390625,0.048828125,-0.40283203125,0.244140625,-0.08544921875,0.1708984375,-0.0732421875,-0.048828125,-0.89111328125,-0.10986328125,1.0498046875,-0.0732421875,-0.1220703125,0.13427734375,-0.5615234375,-0.048828125,-0.09765625,0.48828125,0.8544921875,-0.1708984375,-0.59814453125,0.2685546875,-0.1220703125,-0.09765625,-0.79345703125,-0.0244140625,0.7568359375,0.2685546875,0.89111328125,-0.18310546875,-0.5859375,0.146484375,-0.3173828125,-0.09765625,-0.47607421875,0.45166015625,-0.72021484375,-0.146484375,-0.25634765625,0.3173828125,-0.7568359375,0.06103515625,-0.4150390625,-0.13427734375,0.74462890625,0.59814453125,1.18408203125,-0.37841796875,0.47607421875,-0.08544921875,-0.20751953125,-0.2685546875,0.7080078125,0.0244140625,0.6103515625,-0.2197265625,0.4638671875,0.03662109375,0.64697265625,0.37841796875,-0.10986328125,0.09765625,0.4638671875,0.048828125,1.4892578125,0.09765625,0.3173828125,-0.30517578125,0.30517578125,-0.20751953125,5.37109375,0.048828125,3.18603515625,0.3173828125,2.50244140625,0.0244140625,4.0771484375,-0.40283203125,-1.85546875,0.1220703125,-0.7568359375,0,-1.26953125,-0.03662109375,-1.0986328125,0.048828125,-1.67236328125,-0.13427734375,-0.48828125,-0.01220703125,-0.732421875,-0.08544921875,-1.6845703125,-0.10986328125,-0.7080078125,-0.048828125,-0.67138671875,-0.1953125,-0.6103515625,-0.1220703125,-0.048828125,0.0732421875,1.7822265625,-0.0244140625,0.89111328125,0.10986328125,0.6591796875,-0.48828125,8.43505859375,-0.4150390625,0.32958984375,-0.048828125,-0.03662109375,-0.06103515625,-0.08544921875,-0.03662109375,0.1220703125,-0.048828125,2.81982421875,0.0732421875,4.8828125,-0.1220703125,1.94091796875,-0.0732421875,3.06396484375
0,-0.62255859375,-0.32958984375,-0.13427734375,-0.3662109375,0.06103515625,-0.40283203125,0.20751953125,-0.048828125,0.15869140625,-0.048828125,-0.048828125,-0.9033203125,-0.13427734375,1.0498046875,-0.0732421875,-0.1220703125,0.0732421875,-0.54931640625,-0.06103515625,-0.10986328125,0.42724609375,0.8544921875,-0.1708984375,-0.5859375,0.15869140625,-0.0732421875,-0.09765625,-0.78125,-0.048828125,0.78125,0.1953125,1.20849609375,-0.18310546875,-0.439453125,0.25634765625,0.01220703125,-0.0732421875,-0.37841796875,0.4150390625,-0.634765625,-0.06103515625,-0.244140625,0.244140625,-0.7568359375,0.03662109375,-0.390625,-0.08544921875,0.732421875,0.68359375,1.26953125,-0.3662109375,0.4638671875,-0.1220703125,-0.1953125,-0.3173828125,0.7080078125,0.09765625,0.62255859375,-0.244140625,0.47607421875,-0.01220703125,0.537109375,0.3662109375,-0.0732421875,0.06103515625,0.5126953125,-0.06103515625,1.806640625,0.13427734375,0.390625,-0.30517578125,0.390625,-0.15869140625,4.7119140625,0.13427734375,2.94189453125,0.3662109375,2.20947265625,-0.03662109375,3.7841796875,-0.341796875,-2.18505859375,0.06103515625,-0.89111328125,-0.048828125,-1.33056640625,-0.09765625,-1.220703125,0.0732421875,-1.6357421875,-0.1953125,-0.439453125,-0.10986328125,-0.72021484375,-0.08544921875,-1.318359375,-0.10986328125,-0.7080078125,-0.01220703125,-0.68359375,-0.1220703125,-0.5859375,-0.1220703125,-0.048828125,0.1220703125,1.69677734375,-0.10986328125,0.830078125,0.1708984375,0.6103515625,-0.40283203125,8.26416015625,-0.40283203125,0.3173828125,-0.048828125,-0.048828125,-0.0732421875,-0.08544921875,-0.06103515625,0.13427734375,-0.0732421875,2.50244140625,0.048828125,4.43115234375,-0.13427734375,1.67236328125,-0.10986328125,2.685546875
0,-0.62255859375,-0.341796875,-0.1220703125,-0.35400390625,0.06103515625,-0.4150390625,0.1708984375,-0.06103515625,0.1220703125,-0.048828125,-0.0732421875,-0.89111328125,-0.13427734375,1.03759765625,-0.09765625,-0.13427734375,0.01220703125,-0.5615234375,-0.048828125,-0.09765625,0.4638671875,0.830078125,-0.15869140625,-0.59814453125,0.06103515625,0,-0.10986328125,-0.68359375,-0.0732421875,0.9033203125,0,1.62353515625,-0.15869140625,-0.25634765625,0.30517578125,0.45166015625,0,-0.2685546875,0.32958984375,-0.52490234375,0.0244140625,-0.2197265625,0.18310546875,-0.72021484375,0,-0.390625,-0.0732421875,0.69580078125,0.78125,1.3671875,-0.35400390625,0.45166015625,-0.048828125,-0.1708984375,-0.37841796875,0.74462890625,0.10986328125,0.64697265625,-0.28076171875,0.4638671875,-0.06103515625,0.439453125,0.341796875,-0.0732421875,0.048828125,0.634765625,-0.048828125,2.25830078125,0.13427734375,0.47607421875,-0.29296875,0.5126953125,-0.23193359375,3.99169921875,0.18310546875,2.63671875,0.30517578125,1.86767578125,-0.13427734375,3.47900390625,-0.2197265625,-2.30712890625,-0.01220703125,-0.98876953125,-0.146484375,-1.3427734375,-0.146484375,-1.23291015625,0.0732421875,-1.59912109375,-0.29296875,-0.37841796875,-0.20751953125,-0.67138671875,-0.13427734375,-0.9765625,-0.146484375,-0.68359375,-0.01220703125,-0.7080078125,-0.0732421875,-0.57373046875,-0.10986328125,-0.048828125,0.146484375,1.5380859375,-0.1708984375,0.7080078125,0.2197265625,0.50048828125,-0.341796875,7.92236328125,-0.390625,0.30517578125,-0.0732421875,-0.048828125,-0.0732421875,-0.08544921875,-0.048828125,0.1220703125,-0.048828125,2.1240234375,0.13427734375,3.84521484375,-0.10986328125,1.3427734375,-0.09765625,2.197265625
0,-0.6591796875,-0.35400390625,-0.15869140625,-0.3662109375,0.06103515625,-0.42724609375,0.15869140625,-0.0732421875,0.08544921875,-0.048828125,-0.08544921875,-0.93994140625,-0.13427734375,1.025390625,-0.1220703125,-0.146484375,-0.0244140625,-0.57373046875,-0.03662109375,-0.09765625,0.5615234375,0.84228515625,-0.1708984375,-0.6103515625,-0.048828125,0.13427734375,-0.146484375,-0.5615234375,-0.13427734375,1.07421875,-0.048828125,2.16064453125,-0.146484375,-0.03662109375,0.439453125,0.9521484375,0.0244140625,-0.146484375,0.32958984375,-0.37841796875,0.10986328125,-0.2197265625,0.0732421875,-0.72021484375,-0.06103515625,-0.4150390625,-0.01220703125,0.6591796875,0.8544921875,1.5380859375,-0.37841796875,0.47607421875,-0.03662109375,-0.146484375,-0.439453125,0.76904296875,0.09765625,0.64697265625,-0.28076171875,0.4638671875,-0.10986328125,0.35400390625,0.2685546875,-0.0732421875,0.13427734375,0.86669921875,0.048828125,2.84423828125,0.146484375,0.6103515625,-0.23193359375,0.7080078125,-0.244140625,3.22265625,0.20751953125,2.35595703125,0.23193359375,1.5625,-0.18310546875,3.173828125,-0.15869140625,-2.2216796875,-0.09765625,-0.96435546875,-0.23193359375,-1.33056640625,-0.18310546875,-1.20849609375,0.09765625,-1.55029296875,-0.30517578125,-0.35400390625,-0.1708984375,-0.634765625,-0.18310546875,-0.7568359375,-0.1953125,-0.67138671875,0,-0.68359375,-0.08544921875,-0.5859375,-0.10986328125,-0.0732421875,0.1708984375,1.35498046875,-0.23193359375,0.54931640625,0.20751953125,0.35400390625,-0.28076171875,7.38525390625,-0.390625,0.30517578125,-0.08544921875,-0.03662109375,-0.0732421875,-0.06103515625,-0.06103515625,0.1220703125,-0.0244140625,1.6845703125,0.146484375,3.13720703125,-0.09765625,0.9765625,-0.0732421875,1.67236328125
0,-0.6591796875,-0.4150390625,-0.146484375,-0.37841796875,0.048828125,-0.439453125,0.13427734375,-0.08544921875,0.06103515625,-0.06103515625,-0.10986328125,-0.927734375,-0.1220703125,1.0498046875,-0.10986328125,-0.146484375,-0.01220703125,-0.57373046875,-0.06103515625,-0.1220703125,0.62255859375,0.81787109375,-0.1708984375,-0.6103515625,-0.1220703125,0.32958984375,-0.15869140625,-0.37841796875,-0.20751953125,1.33056640625,0.048828125,2.81982421875,-0.08544921875,0.15869140625,0.48828125,1.47705078125,0.03662109375,0.01220703125,0.30517578125,-0.244140625,0.13427734375,-0.20751953125,0.048828125,-0.732421875,-0.08544921875,-0.4150390625,0.048828125,0.59814453125,0.89111328125,1.7578125,-0.32958984375,0.5126953125,-0.03662109375,-0.08544921875,-0.50048828125,0.8056640625,0.09765625,0.64697265625,-0.29296875,0.45166015625,-0.1220703125,0.2685546875,0.146484375,-0.03662109375,0.146484375,1.171875,0.03662109375,3.4912109375,0.10986328125,0.81787109375,-0.1708984375,0.927734375,-0.1953125,2.47802734375,0.25634765625,2.11181640625,0.146484375,1.2451171875,-0.1953125,2.86865234375,-0.09765625,-2.0263671875,-0.15869140625,-0.9033203125,-0.32958984375,-1.26953125,-0.18310546875,-1.13525390625,0.0732421875,-1.52587890625,-0.3662109375,-0.32958984375,-0.09765625,-0.6103515625,-0.1953125,-0.67138671875,-0.20751953125,-0.68359375,0.03662109375,-0.67138671875,-0.10986328125,-0.57373046875,-0.06103515625,-0.06103515625,0.15869140625,1.123046875,-0.23193359375,0.35400390625,0.18310546875,0.15869140625,-0.23193359375,6.65283203125,-0.37841796875,0.3173828125,-0.09765625,-0.03662109375,-0.06103515625,-0.06103515625,-0.06103515625,0.1220703125,-0.048828125,1.2451171875,0.15869140625,2.44140625,-0.10986328125,0.62255859375,-0.1220703125,1.1474609375
0,-0.62255859375,-0.47607421875,-0.146484375,-0.37841796875,0.048828125,-0.4638671875,0.1220703125,-0.09765625,0.06103515625,-0.0732421875,-0.0732421875,-0.93994140625,-0.09765625,1.03759765625,-0.13427734375,-0.15869140625,0.01220703125,-0.57373046875,-0.048828125,-0.10986328125,0.69580078125,0.81787109375,-0.18310546875,-0.62255859375,-0.18310546875,0.5615234375,-0.10986328125,-0.15869140625,-0.25634765625,1.6357421875,-0.0244140625,3.564453125,-0.0244140625,0.35400390625,0.42724609375,1.98974609375,0.03662109375,0.10986328125,0.3173828125,-0.10986328125,0.1220703125,-0.2197265625,0.0244140625,-0.72021484375,-0.0732421875,-0.4150390625,0.0732421875,0.54931640625,0.87890625,2.099609375,-0.3662109375,0.5615234375,0.048828125,-0.03662109375,-0.54931640625,0.84228515625,0.09765625,0.6591796875,-0.244140625,0.45166015625,-0.10986328125,0.23193359375,0.0244140625,-0.048828125,0.1953125,1.52587890625,0.06103515625,4.16259765625,0.03662109375,1.025390625,-0.10986328125,1.1474609375,-0.1220703125,1.89208984375,0.2685546875,1.89208984375,0.048828125,1.01318359375,-0.28076171875,2.62451171875,-0.0732421875,-1.74560546875,-0.20751953125,-0.8056640625,-0.37841796875,-1.20849609375,-0.15869140625,-1.06201171875,0.06103515625,-1.52587890625,-0.40283203125,-0.32958984375,-0.0244140625,-0.59814453125,-0.23193359375,-0.76904296875,-0.20751953125,-0.67138671875,0.08544921875,-0.64697265625,-0.1708984375,-0.57373046875,-0.01220703125,-0.048828125,0.13427734375,0.84228515625,-0.18310546875,0.1220703125,0.10986328125,-0.03662109375,-0.244140625,5.7373046875,-0.35400390625,0.3173828125,-0.1220703125,-0.0244140625,-0.06103515625,-0.048828125,-0.048828125,0.1220703125,-0.03662109375,0.87890625,0.15869140625,1.8310546875,-0.09765625,0.32958984375,-0.10986328125,0.68359375
0,-0.62255859375,-0.52490234375,-0.146484375,-0.37841796875,0.048828125,-0.47607421875,0.10986328125,-0.09765625,0.048828125,-0.08544921875,-0.0732421875,-0.93994140625,-0.09765625,1.025390625,-0.1220703125,-0.1708984375,0.09765625,-0.57373046875,-0.0732421875,-0.13427734375,0.72021484375,0.81787109375,-0.20751953125,-0.6103515625,-0.23193359375,0.830078125,-0.06103515625,0.10986328125,-0.35400390625,1.98974609375,0.01220703125,4.35791015625,-0.03662109375,0.48828125,0.341796875,2.45361328125,0,0.244140625,0.29296875,0.01220703125,0.048828125,-0.2197265625,0.03662109375,-0.72021484375,-0.048828125,-0.439453125,0.06103515625,0.5126953125,0.7568359375,2.52685546875,-0.390625,0.64697265625,0.06103515625,0.0244140625,-0.5126953125,0.927734375,0.0244140625,0.67138671875,-0.1708984375,0.42724609375,-0.08544921875,0.20751953125,-0.10986328125,-0.048828125,0.15869140625,1.904296875,0.20751953125,4.8583984375,-0.03662109375,1.26953125,-0.06103515625,1.35498046875,-0.03662109375,1.57470703125,0.29296875,1.806640625,0.03662109375,0.9033203125,-0.28076171875,2.490234375,-0.08544921875,-1.42822265625,-0.1953125,-0.67138671875,-0.341796875,-1.123046875,-0.10986328125,-0.9521484375,0.06103515625,-1.52587890625,-0.42724609375,-0.341796875,0.03662109375,-0.5615234375,-0.1953125,-0.96435546875,-0.146484375,-0.68359375,0.09765625,-0.64697265625,-0.2197265625,-0.59814453125,0.048828125,-0.06103515625,0.09765625,0.5126953125,-0.15869140625,-0.15869140625,0,-0.29296875,-0.28076171875,4.67529296875,-0.35400390625,0.32958984375,-0.146484375,-0.0244140625,-0.0732421875,-0.01220703125,-0.048828125,0.146484375,-0.048828125,0.62255859375,0.146484375,1.40380859375,-0.146484375,0.10986328125,-0.15869140625,0.37841796875
0,-0.6103515625,-0.537109375,-0.146484375,-0.40283203125,0.048828125,-0.50048828125,0.10986328125,-0.146484375,0.03662109375,-0.09765625,-0.08544921875,-0.93994140625,-0.08544921875,1.03759765625,-0.09765625,-0.20751953125,0.15869140625,-0.59814453125,-0.10986328125,-0.146484375,0.72021484375,0.8056640625,-0.25634765625,-0.6103515625,-0.244140625,1.08642578125,-0.0244140625,0.341796875,-0.3662109375,2.35595703125,0.15869140625,5.21240234375,-0.03662109375,0.6103515625,0.23193359375,2.83203125,-0.0244140625,0.3173828125,0.35400390625,0.1220703125,-0.01220703125,-0.2197265625,0.03662109375,-0.69580078125,-0.01220703125,-0.42724609375,0,0.47607421875,0.74462890625,3.125,-0.40283203125,0.78125,0.0732421875,0.09765625,-0.48828125,1.025390625,0,0.6591796875,-0.146484375,0.42724609375,-0.10986328125,0.20751953125,-0.2197265625,-0.08544921875,0.06103515625,2.25830078125,0.37841796875,5.4443359375,-0.048828125,1.50146484375,0.01220703125,1.52587890625,0.01220703125,1.611328125,0.20751953125,1.81884765625,-0.0732421875,0.9521484375,-0.30517578125,2.5390625,-0.0732421875,-1.123046875,-0.146484375,-0.52490234375,-0.244140625,-1.06201171875,-0.048828125,-0.84228515625,0,-1.52587890625,-0.40283203125,-0.35400390625,0.03662109375,-0.5615234375,-0.146484375,-1.23291015625,-0.08544921875,-0.68359375,0.09765625,-0.64697265625,-0.30517578125,-0.62255859375,0.08544921875,-0.048828125,0.1220703125,0.18310546875,-0.08544921875,-0.50048828125,-0.09765625,-0.52490234375,-0.30517578125,3.5400390625,-0.341796875,0.341796875,-0.1708984375,-0.0244140625,-0.06103515625,-0.01220703125,-0.03662109375,0.13427734375,-0.0244140625,0.537109375,0.1220703125,1.23291015625,-0.13427734375,0.06103515625,-0.10986328125,0.2685546875
0,-0.5859375,-0.52490234375,-0.15869140625,-0.4150390625,0.03662109375,-0.5126953125,0.1220703125,-0.146484375,0.01220703125,-0.10986328125,-0.0732421875,-0.927734375,-0.06103515625,1.06201171875,-0.08544921875,-0.1953125,0.20751953125,-0.6103515625,-0.10986328125,-0.13427734375,0.69580078125,0.8056640625,-0.30517578125,-0.59814453125,-0.20751953125,1.30615234375,0.06103515625,0.5615234375,-0.42724609375,2.6611328125,0.146484375,5.95703125,-0.09765625,0.67138671875,0.2197265625,3.06396484375,-0.06103515625,0.3662109375,0.390625,0.1953125,-0.10986328125,-0.244140625,0.03662109375,-0.7080078125,-0.048828125,-0.40283203125,-0.048828125,0.4638671875,0.5615234375,3.84521484375,-0.4150390625,0.93994140625,0.146484375,0.1953125,-0.42724609375,1.15966796875,-0.048828125,0.64697265625,-0.10986328125,0.42724609375,-0.15869140625,0.2685546875,-0.30517578125,-0.0732421875,-0.0244140625,2.5390625,0.47607421875,5.89599609375,-0.01220703125,1.67236328125,0.03662109375,1.67236328125,0.146484375,2.03857421875,0.1220703125,2.01416015625,-0.10986328125,1.171875,-0.2197265625,2.734375,-0.08544921875,-0.89111328125,-0.06103515625,-0.4150390625,-0.10986328125,-0.98876953125,0.01220703125,-0.7568359375,-0.0732421875,-1.5380859375,-0.35400390625,-0.4150390625,0.048828125,-0.5615234375,-0.08544921875,-1.47705078125,-0.048828125,-0.68359375,0.06103515625,-0.634765625,-0.35400390625,-0.62255859375,0.06103515625,-0.048828125,0.1220703125,-0.146484375,-0.0244140625,-0.86669921875,-0.1953125,-0.76904296875,-0.3173828125,2.34375,-0.3173828125,0.35400390625,-0.15869140625,-0.0244140625,-0.06103515625,0.01220703125,-0.048828125,0.15869140625,-0.03662109375,0.64697265625,0.0732421875,1.3916015625,-0.15869140625,0.15869140625,-0.1953125,0.390625
1,-0.634765625,-0.50048828125,-0.146484375,-0.4150390625,0.03662109375,-0.52490234375,0.10986328125,-0.146484375,0,-0.10986328125,-0.06103515625,-0.91552734375,-0.048828125,1.06201171875,-0.09765625,-0.1953125,0.244140625,-0.59814453125,-0.10986328125,-0.13427734375,0.68359375,0.81787109375,-0.30517578125,-0.59814453125,-0.13427734375,1.46484375,0.1220703125,0.74462890625,-0.42724609375,2.9052734375,0.09765625,6.60400390625,-0.1708984375,0.68359375,0.20751953125,3.1494140625,-0.09765625,0.40283203125,0.37841796875,0.25634765625,-0.18310546875,-0.25634765625,0.01220703125,-0.68359375,-0.03662109375,-0.40283203125,-0.10986328125,0.47607421875,0.50048828125,4.65087890625,-0.40283203125,1.13525390625,0.15869140625,0.28076171875,-0.3662109375,1.2939453125,-0.08544921875,0.64697265625,-0.08544921875,0.4638671875,-0.18310546875,0.341796875,-0.37841796875,-0.10986328125,-0.08544921875,2.72216796875,0.4150390625,6.18896484375,0,1.79443359375,0.0244140625,1.7822265625,0.23193359375,2.89306640625,0.0732421875,2.392578125,-0.146484375,1.5625,-0.15869140625,3.13720703125,-0.10986328125,-0.76904296875,0.03662109375,-0.32958984375,0.048828125,-0.96435546875,0.09765625,-0.74462890625,-0.1708984375,-1.5380859375,-0.30517578125,-0.42724609375,-0.0244140625,-0.5615234375,-0.06103515625,-1.67236328125,-0.0244140625,-0.69580078125,-0.03662109375,-0.634765625,-0.40283203125,-0.62255859375,0.01220703125,-0.06103515625,0.13427734375,-0.47607421875,0.01220703125,-1.171875,-0.2685546875,-0.98876953125,-0.35400390625,1.220703125,-0.32958984375,0.3662109375,-0.15869140625,-0.0244140625,-0.0732421875,0.01220703125,-0.0244140625,0.15869140625,-0.01220703125,0.96435546875,0.08544921875,1.9287109375,-0.1708984375,0.45166015625,-0.20751953125,0.79345703125
1,-0.64697265625,-0.4638671875,-0.13427734375,-0.4150390625,0.03662109375,-0.50048828125,0.09765625,-0.10986328125,-0.01220703125,-0.10986328125,-0.06103515625,-0.91552734375,-0.03662109375,1.06201171875,-0.08544921875,-0.18310546875,0.2685546875,-0.62255859375,-0.09765625,-0.1220703125,0.62255859375,0.830078125,-0.30517578125,-0.5859375,-0.09765625,1.5869140625,0.18310546875,0.86669921875,-0.42724609375,3.076171875,0.06103515625,7.080078125,-0.18310546875,0.634765625,0.08544921875,3.076171875,-0.09765625,0.390625,0.390625,0.25634765625,-0.2685546875,-0.28076171875,-0.06103515625,-0.69580078125,-0.09765625,-0.4150390625,-0.08544921875,0.4638671875,0.45166015625,5.50537109375,-0.390625,1.3427734375,0.18310546875,0.4150390625,-0.32958984375,1.4404296875,-0.10986328125,0.6591796875,-0.03662109375,0.4638671875,-0.146484375,0.439453125,-0.48828125,-0.10986328125,-0.10986328125,2.8076171875,0.3662109375,6.34765625,0.03662109375,1.86767578125,0.0244140625,1.806640625,0.10986328125,4.1259765625,0,2.86865234375,-0.13427734375,2.13623046875,-0.15869140625,3.72314453125,-0.20751953125,-0.7568359375,0.13427734375,-0.29296875,0.20751953125,-0.98876953125,0.146484375,-0.74462890625,-0.20751953125,-1.55029296875,-0.2197265625,-0.45166015625,-0.10986328125,-0.5615234375,-0.06103515625,-1.7333984375,-0.048828125,-0.68359375,-0.08544921875,-0.64697265625,-0.40283203125,-0.62255859375,-0.03662109375,-0.0732421875,0.146484375,-0.76904296875,0.06103515625,-1.47705078125,-0.3173828125,-1.20849609375,-0.40283203125,0.244140625,-0.32958984375,0.3662109375,-0.1708984375,-0.0244140625,-0.0732421875,-0.0244140625,-0.0244140625,0.146484375,-0.01220703125,1.46484375,0.048828125,2.783203125,-0.1708984375,0.9033203125,-0.1953125,1.40380859375
1,-0.634765625,-0.439453125,-0.1220703125,-0.40283203125,0.048828125,-0.50048828125,0.1220703125,-0.09765625,-0.0244140625,-0.10986328125,-0.06103515625,-0.91552734375,-0.03662109375,1.03759765625,-0.09765625,-0.13427734375,0.28076171875,-0.6103515625,-0.06103515625,-0.13427734375,0.5615234375,0.8544921875,-0.244140625,-0.57373046875,-0.048828125,1.6357421875,0.244140625,0.927734375,-0.37841796875,3.13720703125,-0.01220703125,7.32421875,-0.1953125,0.5615234375,-0.0244140625,2.8564453125,-0.10986328125,0.35400390625,0.3662109375,0.23193359375,-0.29296875,-0.29296875,-0.1708984375,-0.69580078125,-0.10986328125,-0.40283203125,-0.0732421875,0.50048828125,0.40283203125,6.31103515625,-0.3662109375,1.52587890625,0.18310546875,0.52490234375,-0.28076171875,1.5869140625,-0.0732421875,0.64697265625,-0.01220703125,0.47607421875,-0.13427734375,0.52490234375,-0.5615234375,-0.10986328125,-0.0732421875,2.8564453125,0.40283203125,6.35986328125,0.0732421875,1.89208984375,0.01220703125,1.8310546875,0.1220703125,5.65185546875,-0.01220703125,3.52783203125,0,2.79541015625,-0.13427734375,4.47998046875,-0.2685546875,-0.86669921875,0.20751953125,-0.3173828125,0.35400390625,-0.9765625,0.20751953125,-0.76904296875,-0.20751953125,-1.5380859375,-0.18310546875,-0.439453125,-0.18310546875,-0.5859375,-0.146484375,-1.66015625,-0.10986328125,-0.69580078125,-0.146484375,-0.67138671875,-0.439453125,-0.6103515625,-0.09765625,-0.06103515625,0.146484375,-1.03759765625,0.10986328125,-1.72119140625,-0.3173828125,-1.33056640625,-0.45166015625,-0.48828125,-0.32958984375,0.32958984375,-0.18310546875,-0.0244140625,-0.0732421875,-0.01220703125,-0.0244140625,0.146484375,-0.0244140625,2.1728515625,0.0244140625,3.84521484375,-0.2197265625,1.4892578125,-0.23193359375,2.25830078125
1,-0.64697265625,-0.390625,-0.10986328125,-0.390625,0.0732421875,-0.48828125,0.1220703125,-0.09765625,0,-0.10986328125,-0.0732421875,-0.91552734375,-0.0244140625,1.06201171875,-0.10986328125,-0.1220703125,0.2197265625,-0.59814453125,-0.0244140625,-0.13427734375,0.54931640625,0.8544921875,-0.1708984375,-0.5859375,-0.01220703125,1.62353515625,0.2685546875,0.91552734375,-0.32958984375,3.11279296875,0.0732421875,7.3486328125,-0.18310546875,0.48828125,-0.03662109375,2.490234375,-0.1220703125,0.2685546875,0.3662109375,0.15869140625,-0.3173828125,-0.30517578125,-0.1953125,-0.69580078125,-0.146484375,-0.40283203125,-0.048828125,0.52490234375,0.341796875,6.982421875,-0.40283203125,1.708984375,0.1708984375,0.62255859375,-0.23193359375,1.708984375,-0.048828125,0.64697265625,-0.0732421875,0.50048828125,-0.06103515625,0.57373046875,-0.68359375,-0.10986328125,-0.048828125,2.8076171875,0.42724609375,6.25,0.09765625,1.86767578125,-0.0244140625,1.7578125,0.0732421875,7.28759765625,-0.0732421875,4.21142578125,0.10986328125,3.50341796875,-0.20751953125,5.2734375,-0.32958984375,-1.03759765625,0.20751953125,-0.341796875,0.40283203125,-1.025390625,0.1708984375,-0.84228515625,-0.146484375,-1.52587890625,-0.146484375,-0.42724609375,-0.244140625,-0.59814453125,-0.18310546875,-1.55029296875,-0.146484375,-0.68359375,-0.18310546875,-0.69580078125,-0.40283203125,-0.59814453125,-0.1220703125,-0.0732421875,0.18310546875,-1.1962890625,0.1220703125,-1.904296875,-0.29296875,-1.40380859375,-0.52490234375,-0.91552734375,-0.32958984375,0.30517578125,-0.15869140625,-0.01220703125,-0.0732421875,-0.06103515625,-0.01220703125,0.146484375,0,2.99072265625,0.1220703125,5.11474609375,-0.18310546875,2.16064453125,-0.18310546875,3.1982421875
1,-0.6103515625,-0.35400390625,-0.10986328125,-0.40283203125,0.09765625,-0.47607421875,0.146484375,-0.08544921875,0.0244140625,-0.10986328125,-0.08544921875,-0.927734375,-0.01220703125,1.06201171875,-0.1220703125,-0.09765625,0.18310546875,-0.5859375,-0.06103515625,-0.146484375,0.5126953125,0.84228515625,-0.10986328125,-0.57373046875,0.03662109375,1.5625,0.28076171875,0.84228515625,-0.2685546875,3.0029296875,0.1220703125,7.14111328125,-0.146484375,0.390625,-0.06103515625,2.1240234375,-0.1220703125,0.1708984375,0.32958984375,0.09765625,-0.29296875,-0.29296875,-0.23193359375,-0.72021484375,-0.1708984375,-0.4150390625,0,0.57373046875,0.2685546875,7.48291015625,-0.40283203125,1.84326171875,0.1708984375,0.72021484375,-0.1708984375,1.806640625,0,0.64697265625,-0.1220703125,0.48828125,-0.15869140625,0.6103515625,-0.74462890625,-0.08544921875,0.0244140625,2.67333984375,0.28076171875,6.06689453125,0.1220703125,1.806640625,-0.0244140625,1.72119140625,0,8.89892578125,-0.09765625,4.8828125,0.23193359375,4.2236328125,-0.25634765625,6.0791015625,-0.3662109375,-1.25732421875,0.23193359375,-0.439453125,0.47607421875,-1.08642578125,0.15869140625,-0.91552734375,-0.0732421875,-1.52587890625,-0.09765625,-0.4150390625,-0.2685546875,-0.5859375,-0.23193359375,-1.318359375,-0.1953125,-0.67138671875,-0.13427734375,-0.69580078125,-0.3662109375,-0.59814453125,-0.146484375,-0.06103515625,0.25634765625,-1.25732421875,0.1708984375,-2.001953125,-0.1953125,-1.42822265625,-0.52490234375,-1.06201171875,-0.3173828125,0.3173828125,-0.15869140625,-0.01220703125,-0.048828125,-0.06103515625,0,0.15869140625,0,3.857421875,0.0244140625,6.38427734375,-0.1953125,2.83203125,-0.18310546875,4.2236328125
1,-0.6103515625,-0.341796875,-0.09765625,-0.390625,0.08544921875,-0.4638671875,0.1220703125,-0.08544921875,0.0244140625,-0.09765625,-0.1220703125,-0.927734375,-0.03662109375,1.06201171875,-0.1220703125,-0.10986328125,0.15869140625,-0.57373046875,-0.10986328125,-0.146484375,0.59814453125,0.86669921875,-0.0732421875,-0.5859375,0.08544921875,1.46484375,0.2197265625,0.74462890625,-0.244140625,2.86865234375,-0.01220703125,6.77490234375,-0.15869140625,0.29296875,-0.08544921875,1.7578125,-0.10986328125,0.10986328125,0.28076171875,0,-0.244140625,-0.28076171875,-0.2685546875,-0.72021484375,-0.2685546875,-0.4150390625,0.03662109375,0.59814453125,0.30517578125,7.72705078125,-0.37841796875,1.91650390625,0.146484375,0.79345703125,-0.08544921875,1.84326171875,0.0244140625,0.6591796875,-0.15869140625,0.48828125,-0.08544921875,0.634765625,-0.74462890625,-0.0732421875,0.08544921875,2.60009765625,0.1220703125,5.8349609375,0.09765625,1.7578125,-0.03662109375,1.6845703125,-0.03662109375,10.3515625,-0.1708984375,5.48095703125,0.30517578125,4.87060546875,-0.25634765625,6.82373046875,-0.29296875,-1.416015625,0.23193359375,-0.5126953125,0.48828125,-1.123046875,0.13427734375,-0.9521484375,-0.01220703125,-1.50146484375,-0.06103515625,-0.390625,-0.25634765625,-0.5859375,-0.29296875,-1.11083984375,-0.1953125,-0.68359375,-0.1220703125,-0.67138671875,-0.30517578125,-0.57373046875,-0.15869140625,-0.048828125,0.32958984375,-1.26953125,0.1708984375,-1.9775390625,-0.13427734375,-1.416015625,-0.52490234375,-0.98876953125,-0.2685546875,0.30517578125,-0.146484375,-0.01220703125,-0.06103515625,-0.048828125,0,0.146484375,-0.048828125,4.69970703125,-0.0732421875,7.568359375,-0.20751953125,3.4912109375,-0.1953125,5.2001953125
1,-0.62255859375,-0.35400390625,-0.10986328125,-0.40283203125,0.0732421875,-0.45166015625,0.1220703125,-0.09765625,0.03662109375,-0.10986328125,-0.146484375,-0.927734375,-0.01220703125,1.07421875,-0.15869140625,-0.1220703125,0.146484375,-0.54931640625,-0.20751953125,-0.146484375,0.68359375,0.8544921875,-0.10986328125,-0.59814453125,0.1220703125,1.33056640625,0.1708984375,0.634765625,-0.28076171875,2.7099609375,-0.0732421875,6.31103515625,-0.146484375,0.2197265625,0.03662109375,1.4892578125,-0.0732421875,0.03662109375,0.29296875,-0.048828125,-0.18310546875,-0.25634765625,-0.28076171875,-0.72021484375,-0.29296875,-0.4150390625,0.03662109375,0.64697265625,0.35400390625,7.70263671875,-0.3662109375,1.89208984375,0.10986328125,0.8056640625,0.01220703125,1.84326171875,0.048828125,0.6591796875,-0.18310546875,0.4638671875,-0.0732421875,0.62255859375,-0.732421875,-0.06103515625,0.09765625,2.490234375,-0.01220703125,5.5908203125,0.048828125,1.67236328125,-0.048828125,1.611328125,-0.1220703125,11.48681640625,-0.23193359375,5.94482421875,0.3173828125,5.3466796875,-0.25634765625,7.38525390625,-0.25634765625,-1.52587890625,0.13427734375,-0.537109375,0.439453125,-1.15966796875,0.0244140625,-1.0009765625,0.06103515625,-1.47705078125,-0.03662109375,-0.3662109375,-0.20751953125,-0.5859375,-0.25634765625,-0.96435546875,-0.2197265625,-0.67138671875,-0.1220703125,-0.68359375,-0.20751953125,-0.5615234375,-0.1220703125,-0.03662109375,0.37841796875,-1.171875,0.18310546875,-1.91650390625,-0.048828125,-1.37939453125,-0.5126953125,-0.7080078125,-0.30517578125,0.30517578125,-0.13427734375,-0.01220703125,-0.06103515625,-0.03662109375,0,0.146484375,-0.0244140625,5.419921875,0.01220703125,8.53271484375,-0.18310546875,4.00390625,-0.13427734375,6.01806640625
1,-0.5615234375,-0.390625,-0.1220703125,-0.40283203125,0.03662109375,-0.4638671875,0.1220703125,-0.09765625,0.03662109375,-0.09765625,-0.146484375,-0.93994140625,-0.0244140625,1.0498046875,-0.1708984375,-0.13427734375,0.146484375,-0.5615234375,-0.244140625,-0.146484375,0.732421875,0.86669921875,-0.18310546875,-0.6103515625,0.1220703125,1.1962890625,0.10986328125,0.5126953125,-0.30517578125,2.5390625,-0.1220703125,5.810546875,-0.13427734375,0.15869140625,0.0244140625,1.30615234375,0,0,0.30517578125,-0.08544921875,-0.1220703125,-0.25634765625,-0.29296875,-0.732421875,-0.2685546875,-0.4150390625,0.08544921875,0.62255859375,0.32958984375,7.45849609375,-0.390625,1.81884765625,0.048828125,0.78125,0.1220703125,1.806640625,0.0732421875,0.6591796875,-0.23193359375,0.4638671875,0.048828125,0.6103515625,-0.67138671875,-0.048828125,0.146484375,2.4169921875,-0.0732421875,5.38330078125,0,1.611328125,-0.048828125,1.5625,-0.2197265625,12.21923828125,-0.2685546875,6.201171875,0.28076171875,5.6640625,-0.23193359375,7.77587890625,-0.1953125,-1.5380859375,0.0732421875,-0.54931640625,0.341796875,-1.171875,-0.048828125,-0.9765625,0.0732421875,-1.46484375,-0.01220703125,-0.35400390625,-0.15869140625,-0.54931640625,-0.1953125,-0.91552734375,-0.23193359375,-0.68359375,-0.1220703125,-0.67138671875,-0.15869140625,-0.57373046875,-0.09765625,-0.01220703125,0.37841796875,-1.0498046875,0.15869140625,-1.81884765625,-0.01220703125,-1.30615234375,-0.48828125,-0.32958984375,-0.30517578125,0.30517578125,-0.13427734375,0,-0.0732421875,-0.048828125,0,0.13427734375,-0.0244140625,5.9326171875,-0.048828125,9.21630859375,-0.15869140625,4.38232421875,-0.1220703125,6.6162109375
1,-0.5859375,-0.439453125,-0.1220703125,-0.37841796875,0.0244140625,-0.4638671875,0.1220703125,-0.09765625,0.03662109375,-0.0732421875,-0.13427734375,-0.927734375,-0.01220703125,1.0498046875,-0.18310546875,-0.15869140625,0.1708984375,-0.54931640625,-0.32958984375,-0.13427734375,0.830078125,0.87890625,-0.25634765625,-0.62255859375,0.08544921875,1.07421875,0.0732421875,0.42724609375,-0.32958984375,2.42919921875,-0.146484375,5.35888671875,-0.1220703125,0.1220703125,-0.0244140625,1.28173828125,0.06103515625,-0.0244140625,0.29296875,-0.1220703125,-0.08544921875,-0.244140625,-0.244140625,-0.7080078125,-0.244140625,-0.4150390625,0.06103515625,0.59814453125,0.3662109375,7.01904296875,-0.390625,1.69677734375,-0.06103515625,0.732421875,0.18310546875,1.74560546875,0.13427734375,0.6591796875,-0.244140625,0.439453125,0.146484375,0.57373046875,-0.5615234375,-0.048828125,0.1708984375,2.35595703125,-0.13427734375,5.2001953125,-0.10986328125,1.57470703125,-0.048828125,1.50146484375,-0.28076171875,12.48779296875,-0.30517578125,6.298828125,0.25634765625,5.74951171875,-0.1953125,7.9345703125,-0.09765625,-1.46484375,-0.01220703125,-0.5126953125,0.23193359375,-1.1474609375,-0.1220703125,-0.9521484375,0.08544921875,-1.4892578125,0.01220703125,-0.32958984375,-0.06103515625,-0.5126953125,-0.1708984375,-0.98876953125,-0.25634765625,-0.6591796875,-0.1220703125,-0.67138671875,-0.13427734375,-0.59814453125,-0.0244140625,-0.01220703125,0.32958984375,-0.93994140625,0.10986328125,-1.69677734375,0.03662109375,-1.23291015625,-0.4150390625,0.048828125,-0.28076171875,0.29296875,-0.1220703125,0,-0.06103515625,-0.03662109375,-0.01220703125,0.146484375,-0.03662109375,6.25,-0.10986328125,9.5458984375,-0.15869140625,4.55322265625,-0.1220703125,6.94580078125
1,-0.54931640625,-0.47607421875,-0.1220703125,-0.40283203125,0,-0.4638671875,0.13427734375,-0.10986328125,0.0244140625,-0.08544921875,-0.1220703125,-0.91552734375,-0.01220703125,1.025390625,-0.15869140625,-0.15869140625,0.1708984375,-0.57373046875,-0.40283203125,-0.10986328125,0.86669921875,0.8544921875,-0.30517578125,-0.62255859375,0.03662109375,0.9765625,0.0244140625,0.3662109375,-0.28076171875,2.34375,-0.13427734375,5.0048828125,-0.09765625,0.146484375,-0.06103515625,1.3671875,0.13427734375,-0.03662109375,0.3173828125,-0.09765625,-0.048828125,-0.244140625,-0.1953125,-0.7080078125,-0.1953125,-0.4150390625,0.03662109375,0.57373046875,0.3662109375,6.48193359375,-0.439453125,1.55029296875,-0.146484375,0.634765625,0.244140625,1.64794921875,0.1708984375,0.6591796875,-0.2197265625,0.439453125,0.20751953125,0.54931640625,-0.48828125,-0.048828125,0.2197265625,2.30712890625,-0.08544921875,5.01708984375,-0.1953125,1.52587890625,-0.03662109375,1.45263671875,-0.37841796875,12.2802734375,-0.341796875,6.1767578125,0.1953125,5.6640625,-0.1708984375,7.80029296875,-0.06103515625,-1.318359375,-0.08544921875,-0.4150390625,0.09765625,-1.11083984375,-0.1953125,-0.8544921875,0.0732421875,-1.50146484375,0.01220703125,-0.3173828125,0.03662109375,-0.5126953125,-0.10986328125,-1.11083984375,-0.2197265625,-0.6591796875,-0.1708984375,-0.634765625,-0.10986328125,-0.6103515625,0.0732421875,-0.01220703125,0.28076171875,-0.830078125,0.06103515625,-1.5869140625,0.048828125,-1.171875,-0.32958984375,0.37841796875,-0.2685546875,0.29296875,-0.146484375,0,-0.0732421875,-0.03662109375,0,0.10986328125,-0.03662109375,6.298828125,-0.15869140625,9.53369140625,-0.15869140625,4.541015625,-0.10986328125,7.0068359375
1,-0.48828125,-0.47607421875,-0.10986328125,-0.390625,-0.0244140625,-0.45166015625,0.1220703125,-0.08544921875,0.01220703125,-0.09765625,-0.1220703125,-0.91552734375,-0.01220703125,1.025390625,-0.146484375,-0.1708984375,0.1708984375,-0.5859375,-0.37841796875,-0.10986328125,0.8544921875,0.8544921875,-0.25634765625,-0.634765625,-0.0244140625,0.93994140625,-0.01220703125,0.3173828125,-0.244140625,2.30712890625,-0.03662109375,4.8095703125,-0.10986328125,0.18310546875,-0.048828125,1.5380859375,0.20751953125,0,0.30517578125,-0.09765625,-0.0732421875,-0.244140625,-0.15869140625,-0.7080078125,-0.13427734375,-0.42724609375,-0.0244140625,0.537109375,0.4638671875,5.908203125,-0.40283203125,1.3916015625,-0.23193359375,0.52490234375,0.2685546875,1.52587890625,0.146484375,0.64697265625,-0.1953125,0.439453125,0.25634765625,0.5615234375,-0.341796875,-0.03662109375,0.244140625,2.294921875,-0.15869140625,4.87060546875,-0.2685546875,1.47705078125,-0.03662109375,1.3916015625,-0.37841796875,11.65771484375,-0.390625,5.87158203125,0.1953125,5.37109375,-0.09765625,7.470703125,0.03662109375,-1.13525390625,-0.13427734375,-0.28076171875,-0.01220703125,-1.03759765625,-0.1953125,-0.76904296875,0.03662109375,-1.513671875,0.01220703125,-0.3173828125,0.10986328125,-0.50048828125,-0.048828125,-1.318359375,-0.18310546875,-0.68359375,-0.1953125,-0.64697265625,-0.146484375,-0.634765625,0.1708984375,-0.03662109375,0.2197265625,-0.74462890625,0.03662109375,-1.513671875,0.048828125,-1.13525390625,-0.28076171875,0.5615234375,-0.25634765625,0.29296875,-0.15869140625,-0.01220703125,-0.048828125,-0.0244140625,0,0.1220703125,-0.06103515625,6.11572265625,-0.18310546875,9.2041015625,-0.13427734375,4.345703125,-0.1220703125,6.82373046875
1,-0.52490234375,-0.4638671875,-0.10986328125,-0.37841796875,-0.048828125,-0.45166015625,0.10986328125,-0.09765625,0.01220703125,-0.09765625,-0.1220703125,-0.9033203125,-0.0244140625,1.025390625,-0.13427734375,-0.15869140625,0.146484375,-0.57373046875,-0.3662109375,-0.09765625,0.830078125,0.8544921875,-0.20751953125,-0.59814453125,-0.10986328125,0.927734375,-0.048828125,0.30517578125,-0.1953125,2.294921875,-0.0732421875,4.736328125,-0.10986328125,0.15869140625,-0.0732421875,1.7333984375,0.25634765625,0.048828125,0.30517578125,-0.08544921875,-0.10986328125,-0.244140625,-0.09765625,-0.72021484375,-0.13427734375,-0.439453125,-0.09765625,0.5126953125,0.4150390625,5.3955078125,-0.37841796875,1.25732421875,-0.3173828125,0.42724609375,0.29296875,1.42822265625,0.1708984375,0.6591796875,-0.15869140625,0.45166015625,0.35400390625,0.5859375,-0.20751953125,-0.06103515625,0.20751953125,2.25830078125,-0.1708984375,4.7119140625,-0.30517578125,1.42822265625,-0.08544921875,1.33056640625,-0.35400390625,10.68115234375,-0.439453125,5.40771484375,0.1708984375,4.931640625,0.01220703125,6.92138671875,0.0732421875,-0.93994140625,-0.1953125,-0.15869140625,-0.08544921875,-0.96435546875,-0.1953125,-0.6591796875,-0.048828125,-1.52587890625,0,-0.32958984375,0.18310546875,-0.47607421875,-0.01220703125,-1.46484375,-0.13427734375,-0.69580078125,-0.20751953125,-0.634765625,-0.13427734375,-0.62255859375,0.25634765625,-0.03662109375,0.1708984375,-0.7080078125,0,-1.46484375,0.06103515625,-1.123046875,-0.15869140625,0.6103515625,-0.2197265625,0.3173828125,-0.1708984375,-0.01220703125,-0.048828125,-0.01220703125,-0.03662109375,0.13427734375,-0.06103515625,5.72509765625,-0.20751953125,8.65478515625,-0.146484375,4.04052734375,-0.09765625,6.4208984375
1,-0.48828125,-0.4638671875,-0.1220703125,-0.3662109375,-0.048828125,-0.439453125,0.0732421875,-0.09765625,0.01220703125,-0.09765625,-0.146484375,-0.89111328125,-0.01220703125,1.01318359375,-0.15869140625,-0.18310546875,0.10986328125,-0.5859375,-0.3173828125,-0.09765625,0.78125,0.8544921875,-0.1220703125,-0.5859375,-0.13427734375,0.93994140625,-0.0244140625,0.32958984375,-0.15869140625,2.3193359375,-0.10986328125,4.7607421875,-0.13427734375,0.1708984375,-0.048828125,1.85546875,0.3173828125,0.08544921875,0.28076171875,-0.0732421875,-0.1220703125,-0.244140625,-0.09765625,-0.7080078125,-0.18310546875,-0.42724609375,-0.048828125,0.5126953125,0.37841796875,5.04150390625,-0.30517578125,1.1962890625,-0.390625,0.341796875,0.3173828125,1.3671875,0.09765625,0.64697265625,-0.146484375,0.4638671875,0.3173828125,0.59814453125,-0.1220703125,-0.0732421875,0.2197265625,2.16064453125,-0.1953125,4.52880859375,-0.29296875,1.3427734375,-0.08544921875,1.2451171875,-0.341796875,9.375,-0.45166015625,4.84619140625,0.18310546875,4.345703125,0.146484375,6.23779296875,0.06103515625,-0.74462890625,-0.2197265625,-0.01220703125,-0.1708984375,-0.89111328125,-0.15869140625,-0.5615234375,-0.10986328125,-1.55029296875,0.01220703125,-0.35400390625,0.28076171875,-0.47607421875,0.03662109375,-1.62353515625,-0.06103515625,-0.69580078125,-0.18310546875,-0.634765625,-0.146484375,-0.634765625,0.2685546875,-0.03662109375,0.1220703125,-0.732421875,-0.048828125,-1.47705078125,0,-1.13525390625,-0.1953125,0.5126953125,-0.23193359375,0.341796875,-0.15869140625,0,-0.06103515625,0,-0.03662109375,0.13427734375,-0.06103515625,5.21240234375,-0.23193359375,7.91015625,-0.15869140625,3.60107421875,-0.09765625,5.82275390625
0,-0.4638671875,-0.45166015625,-0.10986328125,-0.37841796875,-0.06103515625,-0.4638671875,0.06103515625,-0.10986328125,0.01220703125,-0.08544921875,-0.1708984375,-0.89111328125,0,1.01318359375,-0.18310546875,-0.1953125,0.08544921875,-0.5859375,-0.2197265625,-0.09765625,0.732421875,0.8544921875,-0.03662109375,-0.57373046875,-0.13427734375,0.9765625,-0.0244140625,0.32958984375,-0.10986328125,2.34375,-0.1708984375,4.87060546875,-0.146484375,0.18310546875,-0.08544921875,1.84326171875,0.341796875,0.09765625,0.2685546875,-0.09765625,-0.146484375,-0.23193359375,-0.048828125,-0.7080078125,-0.2197265625,-0.4150390625,-0.09765625,0.5126953125,0.244140625,4.79736328125,-0.2197265625,1.1474609375,-0.47607421875,0.29296875,0.28076171875,1.318359375,0.03662109375,0.64697265625,-0.15869140625,0.47607421875,0.390625,0.634765625,0.0244140625,-0.0732421875,0.20751953125,2.0263671875,-0.23193359375,4.30908203125,-0.25634765625,1.28173828125,-0.146484375,1.15966796875,-0.29296875,7.89794921875,-0.4150390625,4.19921875,0.15869140625,3.69873046875,0.1953125,5.45654296875,0.0244140625,-0.634765625,-0.2197265625,0.08544921875,-0.18310546875,-0.86669921875,-0.08544921875,-0.50048828125,-0.146484375,-1.5625,0.01220703125,-0.3662109375,0.390625,-0.50048828125,0.01220703125,-1.6357421875,-0.0244140625,-0.68359375,-0.15869140625,-0.67138671875,-0.15869140625,-0.62255859375,0.244140625,-0.048828125,0.1220703125,-0.79345703125,-0.06103515625,-1.52587890625,0.01220703125,-1.171875,-0.1953125,0.35400390625,-0.18310546875,0.3662109375,-0.18310546875,-0.01220703125,-0.048828125,0,-0.03662109375,0.15869140625,-0.03662109375,4.638671875,-0.23193359375,7.1044921875,-0.15869140625,3.13720703125,-0.1220703125,5.18798828125
0,-0.42724609375,-0.4150390625,-0.09765625,-0.37841796875,-0.06103515625,-0.4638671875,0.0732421875,-0.09765625,0.03662109375,-0.08544921875,-0.1708984375,-0.89111328125,0.03662109375,1.03759765625,-0.20751953125,-0.20751953125,0.06103515625,-0.5859375,-0.09765625,-0.09765625,0.7568359375,0.86669921875,0.0244140625,-0.57373046875,-0.146484375,0.9765625,0.0244140625,0.341796875,-0.09765625,2.3681640625,-0.244140625,4.99267578125,-0.146484375,0.13427734375,-0.01220703125,1.66015625,0.341796875,0.08544921875,0.29296875,-0.15869140625,-0.1708984375,-0.23193359375,-0.0244140625,-0.7080078125,-0.29296875,-0.42724609375,-0.06103515625,0.52490234375,0.1708984375,4.74853515625,-0.18310546875,1.15966796875,-0.45166015625,0.28076171875,0.2685546875,1.2939453125,0.0244140625,0.6591796875,-0.1220703125,0.47607421875,0.37841796875,0.634765625,0.03662109375,-0.06103515625,0.1953125,1.904296875,-0.28076171875,4.0771484375,-0.2197265625,1.171875,-0.2197265625,1.06201171875,-0.28076171875,6.38427734375,-0.32958984375,3.5400390625,0.20751953125,2.9541015625,0.20751953125,4.62646484375,-0.03662109375,-0.6103515625,-0.1953125,0.13427734375,-0.146484375,-0.84228515625,0.01220703125,-0.47607421875,-0.23193359375,-1.59912109375,-0.03662109375,-0.3662109375,0.48828125,-0.52490234375,-0.03662109375,-1.5869140625,-0.048828125,-0.68359375,-0.10986328125,-0.64697265625,-0.146484375,-0.59814453125,0.18310546875,-0.048828125,0.1220703125,-0.81787109375,-0.10986328125,-1.5869140625,-0.048828125,-1.1962890625,-0.23193359375,0.13427734375,-0.15869140625,0.4150390625,-0.1708984375,-0.01220703125,-0.048828125,0,-0.048828125,0.15869140625,-0.03662109375,4.01611328125,-0.2197265625,6.298828125,-0.15869140625,2.62451171875,-0.08544921875,4.4921875
0,-0.3662109375,-0.37841796875,-0.09765625,-0.390625,-0.048828125,-0.4638671875,0.048828125,-0.08544921875,0.01220703125,-0.08544921875,-0.146484375,-0.91552734375,0.01220703125,1.0498046875,-0.20751953125,-0.1953125,0.03662109375,-0.5859375,0,-0.10986328125,0.6103515625,0.8544921875,0.06103515625,-0.5859375,-0.1220703125,0.9765625,0.08544921875,0.35400390625,-0.08544921875,2.35595703125,-0.23193359375,5.01708984375,-0.15869140625,0.0244140625,-0.0244140625,1.26953125,0.30517578125,0.01220703125,0.3173828125,-0.25634765625,-0.15869140625,-0.23193359375,-0.0244140625,-0.7080078125,-0.35400390625,-0.42724609375,-0.0732421875,0.54931640625,0.146484375,4.82177734375,-0.146484375,1.20849609375,-0.48828125,0.28076171875,0.1708984375,1.33056640625,0.06103515625,0.67138671875,-0.146484375,0.47607421875,0.40283203125,0.69580078125,0.0732421875,-0.0244140625,0.146484375,1.72119140625,-0.18310546875,3.7841796875,-0.15869140625,1.07421875,-0.3173828125,0.98876953125,-0.23193359375,4.78515625,-0.2197265625,2.89306640625,0.2685546875,2.23388671875,0.13427734375,3.80859375,-0.08544921875,-0.6103515625,-0.18310546875,0.1708984375,-0.06103515625,-0.8544921875,0.06103515625,-0.45166015625,-0.244140625,-1.62353515625,-0.0244140625,-0.37841796875,0.54931640625,-0.5615234375,-0.0732421875,-1.46484375,-0.09765625,-0.68359375,-0.06103515625,-0.64697265625,-0.146484375,-0.5859375,0.06103515625,-0.06103515625,0.10986328125,-0.89111328125,-0.146484375,-1.6357421875,-0.09765625,-1.23291015625,-0.29296875,-0.048828125,-0.1220703125,0.439453125,-0.146484375,-0.0244140625,-0.06103515625,0.01220703125,-0.0732421875,0.18310546875,-0.06103515625,3.466796875,-0.2197265625,5.55419921875,-0.15869140625,2.197265625,-0.10986328125,3.7841796875
0,-0.30517578125,-0.35400390625,-0.08544921875,-0.37841796875,-0.0244140625,-0.47607421875,0.0732421875,-0.10986328125,-0.01220703125,-0.09765625,-0.13427734375,-0.9033203125,0.048828125,1.06201171875,-0.18310546875,-0.15869140625,0.03662109375,-0.5859375,0.08544921875,-0.10986328125,0.50048828125,0.86669921875,0.0244140625,-0.5859375,-0.10986328125,0.927734375,0.1220703125,0.3173828125,-0.09765625,2.33154296875,-0.2197265625,4.931640625,-0.146484375,-0.10986328125,-0.0244140625,0.72021484375,0.29296875,-0.0732421875,0.341796875,-0.37841796875,-0.146484375,-0.1953125,0.03662109375,-0.7080078125,-0.37841796875,-0.42724609375,-0.06103515625,0.59814453125,0.146484375,5.0048828125,-0.15869140625,1.25732421875,-0.5126953125,0.30517578125,0.10986328125,1.35498046875,0.09765625,0.6591796875,-0.18310546875,0.4638671875,0.390625,0.67138671875,0.10986328125,-0.03662109375,0.09765625,1.50146484375,-0.09765625,3.47900390625,-0.09765625,0.96435546875,-0.37841796875,0.87890625,-0.2197265625,3.30810546875,-0.10986328125,2.23388671875,0.35400390625,1.5380859375,0.09765625,3.0517578125,-0.09765625,-0.732421875,-0.146484375,0.13427734375,-0.01220703125,-0.89111328125,0.0732421875,-0.48828125,-0.28076171875,-1.62353515625,-0.01220703125,-0.3662109375,0.5859375,-0.5859375,-0.146484375,-1.26953125,-0.146484375,-0.68359375,0,-0.64697265625,-0.146484375,-0.57373046875,-0.0244140625,-0.06103515625,0.13427734375,-0.91552734375,-0.08544921875,-1.67236328125,-0.146484375,-1.25732421875,-0.3173828125,-0.18310546875,-0.08544921875,0.4638671875,-0.146484375,-0.0244140625,-0.06103515625,-0.01220703125,-0.08544921875,0.1953125,-0.048828125,2.9296875,-0.2197265625,4.8828125,-0.15869140625,1.79443359375,-0.1220703125,3.16162109375
0,-0.29296875,-0.341796875,-0.09765625,-0.37841796875,-0.03662109375,-0.4638671875,0.06103515625,-0.08544921875,-0.0244140625,-0.10986328125,-0.10986328125,-0.91552734375,0.0732421875,1.06201171875,-0.18310546875,-0.146484375,0.0244140625,-0.57373046875,0.09765625,-0.146484375,0.341796875,0.84228515625,-0.0244140625,-0.59814453125,-0.0732421875,0.84228515625,0.146484375,0.23193359375,-0.146484375,2.197265625,-0.1953125,4.6142578125,-0.15869140625,-0.28076171875,0.01220703125,0.06103515625,0.244140625,-0.244140625,0.35400390625,-0.537109375,-0.13427734375,-0.20751953125,0.0244140625,-0.7080078125,-0.40283203125,-0.45166015625,-0.048828125,0.57373046875,0.08544921875,5.1513671875,-0.13427734375,1.2939453125,-0.5126953125,0.341796875,0.03662109375,1.3671875,0.1708984375,0.67138671875,-0.18310546875,0.4638671875,0.30517578125,0.64697265625,0.0732421875,-0.03662109375,0.09765625,1.28173828125,-0.08544921875,3.13720703125,-0.048828125,0.8544921875,-0.390625,0.76904296875,-0.30517578125,1.98974609375,-0.0244140625,1.67236328125,0.40283203125,0.87890625,0.01220703125,2.35595703125,-0.146484375,-0.86669921875,-0.0732421875,0.0732421875,0.048828125,-0.91552734375,0.03662109375,-0.537109375,-0.30517578125,-1.611328125,0.01220703125,-0.3662109375,0.5615234375,-0.59814453125,-0.1708984375,-1.0986328125,-0.146484375,-0.6591796875,0.048828125,-0.64697265625,-0.146484375,-0.57373046875,-0.1220703125,-0.06103515625,0.09765625,-0.91552734375,-0.08544921875,-1.6845703125,-0.20751953125,-1.2451171875,-0.3662109375,-0.20751953125,-0.03662109375,0.47607421875,-0.146484375,-0.03662109375,-0.06103515625,0,-0.048828125,0.18310546875,-0.03662109375,2.4658203125,-0.244140625,4.2724609375,-0.18310546875,1.416015625,-0.1220703125,2.57568359375
0,-0.25634765625,-0.3662109375,-0.13427734375,-0.35400390625,-0.03662109375,-0.4638671875,0.06103515625,-0.0732421875,-0.0732421875,-0.10986328125,-0.09765625,-0.91552734375,0.09765625,1.0498046875,-0.15869140625,-0.146484375,0.0244140625,-0.5859375,0.08544921875,-0.146484375,0.244140625,0.86669921875,-0.06103515625,-0.62255859375,-0.048828125,0.68359375,0.1708984375,0.1220703125,-0.18310546875,2.03857421875,-0.1220703125,4.1015625,-0.15869140625,-0.439453125,0.03662109375,-0.57373046875,0.18310546875,-0.40283203125,0.3662109375,-0.68359375,-0.09765625,-0.1953125,0.048828125,-0.732421875,-0.3662109375,-0.4638671875,-0.0244140625,0.59814453125,0.06103515625,5.2001953125,-0.10986328125,1.318359375,-0.50048828125,0.3662109375,-0.03662109375,1.3916015625,0.23193359375,0.67138671875,-0.20751953125,0.47607421875,0.25634765625,0.5859375,0.1220703125,-0.03662109375,0.06103515625,1.07421875,-0.244140625,2.7587890625,-0.01220703125,0.72021484375,-0.390625,0.68359375,-0.35400390625,0.830078125,0.08544921875,1.1962890625,0.3662109375,0.341796875,-0.048828125,1.77001953125,-0.15869140625,-1.01318359375,-0.0244140625,0.0244140625,0.1220703125,-0.96435546875,0.03662109375,-0.5615234375,-0.341796875,-1.59912109375,0.03662109375,-0.3662109375,0.42724609375,-0.6103515625,-0.23193359375,-0.93994140625,-0.1708984375,-0.67138671875,0.06103515625,-0.6591796875,-0.15869140625,-0.5615234375,-0.1708984375,-0.06103515625,0.048828125,-0.87890625,-0.0732421875,-1.6357421875,-0.20751953125,-1.220703125,-0.4150390625,-0.1708984375,-0.01220703125,0.48828125,-0.1708984375,-0.06103515625,-0.0732421875,-0.01220703125,-0.06103515625,0.18310546875,-0.0732421875,2.05078125,-0.244140625,3.7109375,-0.18310546875,1.11083984375,-0.1220703125,2.03857421875
0,-0.2685546875,-0.37841796875,-0.146484375,-0.3662109375,-0.0732421875,-0.45166015625,0.06103515625,-0.0732421875,-0.0732421875,-0.10986328125,-0.1220703125,-0.927734375,0.09765625,1.06201171875,-0.1708984375,-0.13427734375,0.03662109375,-0.5859375,0.06103515625,-0.1220703125,0.0244140625,0.87890625,-0.10986328125,-0.634765625,-0.01220703125,0.5126953125,0.1220703125,-0.03662109375,-0.244140625,1.81884765625,0.06103515625,3.38134765625,-0.1220703125,-0.59814453125,0.10986328125,-1.0986328125,0.146484375,-0.52490234375,0.3662109375,-0.84228515625,-0.048828125,-0.1953125,0,-0.732421875,-0.341796875,-0.47607421875,-0.08544921875,0.6103515625,0.2197265625,5.0537109375,-0.10986328125,1.25732421875,-0.42724609375,0.32958984375,-0.13427734375,1.3427734375,0.32958984375,0.6591796875,-0.23193359375,0.45166015625,0.18310546875,0.537109375,0.10986328125,-0.03662109375,0.06103515625,0.87890625,-0.1708984375,2.35595703125,-0.01220703125,0.6103515625,-0.341796875,0.57373046875,-0.42724609375,-0.08544921875,0.1220703125,0.76904296875,0.30517578125,-0.08544921875,-0.10986328125,1.30615234375,-0.146484375,-1.11083984375,0.0732421875,-0.03662109375,0.10986328125,-1.0009765625,0.0244140625,-0.64697265625,-0.3173828125,-1.5869140625,0.03662109375,-0.37841796875,0.28076171875,-0.59814453125,-0.1953125,-0.9033203125,-0.1708984375,-0.67138671875,0.06103515625,-0.634765625,-0.15869140625,-0.57373046875,-0.1708984375,-0.048828125,0.06103515625,-0.79345703125,-0.0244140625,-1.5625,-0.20751953125,-1.1962890625,-0.3662109375,-0.01220703125,0.01220703125,0.48828125,-0.146484375,-0.06103515625,-0.048828125,-0.0244140625,-0.048828125,0.18310546875,-0.06103515625,1.6357421875,-0.244140625,3.18603515625,-0.18310546875,0.78125,-0.13427734375,1.5380859375
0,-0.20751953125,-0.390625,-0.18310546875,-0.37841796875,-0.06103515625,-0.47607421875,0.08544921875,-0.0732421875,-0.09765625,-0.10986328125,-0.10986328125,-0.927734375,0.09765625,1.0498046875,-0.1708984375,-0.146484375,0.01220703125,-0.59814453125,0.0244140625,-0.13427734375,-0.146484375,0.9033203125,-0.10986328125,-0.634765625,-0.03662109375,0.3173828125,0.09765625,-0.23193359375,-0.20751953125,1.57470703125,0.1953125,2.52685546875,-0.09765625,-0.69580078125,0.146484375,-1.42822265625,0.10986328125,-0.62255859375,0.341796875,-0.93994140625,0.0244140625,-0.2197265625,0.0244140625,-0.72021484375,-0.28076171875,-0.47607421875,-0.1220703125,0.59814453125,0.244140625,4.7119140625,-0.09765625,1.13525390625,-0.390625,0.2685546875,-0.18310546875,1.28173828125,0.37841796875,0.68359375,-0.28076171875,0.45166015625,0.10986328125,0.4638671875,0.0732421875,-0.01220703125,0.09765625,0.74462890625,-0.048828125,2.01416015625,-0.01220703125,0.48828125,-0.2685546875,0.48828125,-0.439453125,-0.732421875,0.1708984375,0.48828125,0.2197265625,-0.40283203125,-0.1953125,0.96435546875,-0.13427734375,-1.18408203125,0.13427734375,-0.09765625,0.0244140625,-1.025390625,0,-0.6591796875,-0.29296875,-1.5625,0.0732421875,-0.390625,0.08544921875,-0.5859375,-0.1220703125,-0.927734375,-0.15869140625,-0.68359375,0.06103515625,-0.64697265625,-0.1953125,-0.57373046875,-0.146484375,-0.0244140625,0.048828125,-0.69580078125,-0.0244140625,-1.47705078125,-0.28076171875,-1.123046875,-0.3173828125,0.18310546875,0.0244140625,0.48828125,-0.146484375,-0.08544921875,-0.06103515625,-0.048828125,-0.048828125,0.1708984375,-0.048828125,1.2451171875,-0.23193359375,2.64892578125,-0.1708984375,0.4638671875,-0.13427734375,1.0009765625
0,-0.20751953125,-0.439453125,-0.18310546875,-0.390625,-0.08544921875,-0.47607421875,0.09765625,-0.09765625,-0.10986328125,-0.10986328125,-0.10986328125,-0.927734375,0.10986328125,1.03759765625,-0.15869140625,-0.1708984375,-0.01220703125,-0.5859375,0,-0.146484375,-0.341796875,0.927734375,-0.0732421875,-0.634765625,-0.06103515625,0.09765625,0.0732421875,-0.45166015625,-0.146484375,1.2939453125,0.25634765625,1.6357421875,-0.08544921875,-0.69580078125,0.146484375,-1.50146484375,0.09765625,-0.67138671875,0.30517578125,-0.96435546875,0.09765625,-0.23193359375,0.0244140625,-0.7080078125,-0.20751953125,-0.4638671875,-0.13427734375,0.57373046875,0.35400390625,4.150390625,-0.1220703125,1.0009765625,-0.40283203125,0.1708984375,-0.25634765625,1.18408203125,0.3662109375,0.6591796875,-0.29296875,0.439453125,0.10986328125,0.4150390625,0.0732421875,-0.03662109375,0.10986328125,0.6103515625,0.0732421875,1.67236328125,-0.06103515625,0.42724609375,-0.2197265625,0.439453125,-0.3662109375,-1.11083984375,0.23193359375,0.30517578125,0.10986328125,-0.57373046875,-0.244140625,0.74462890625,-0.0732421875,-1.220703125,0.2197265625,-0.10986328125,-0.06103515625,-1.03759765625,0.03662109375,-0.68359375,-0.28076171875,-1.5380859375,0.06103515625,-0.40283203125,-0.1220703125,-0.5615234375,0,-1.03759765625,-0.146484375,-0.69580078125,0.048828125,-0.6591796875,-0.2197265625,-0.5859375,-0.09765625,-0.01220703125,0.0732421875,-0.59814453125,-0.048828125,-1.3671875,-0.2685546875,-1.06201171875,-0.2685546875,0.37841796875,0.048828125,0.47607421875,-0.146484375,-0.06103515625,-0.0732421875,-0.06103515625,-0.0244140625,0.13427734375,-0.0244140625,0.830078125,-0.244140625,2.05078125,-0.1708984375,0.1220703125,-0.146484375,0.4638671875
0,-0.1953125,-0.45166015625,-0.1953125,-0.390625,-0.09765625,-0.4638671875,0.08544921875,-0.1220703125,-0.1220703125,-0.10986328125,-0.1220703125,-0.93994140625,0.09765625,1.03759765625,-0.1220703125,-0.18310546875,-0.01220703125,-0.5859375,-0.03662109375,-0.146484375,-0.50048828125,0.96435546875,-0.06103515625,-0.6103515625,-0.09765625,-0.0732421875,0.0244140625,-0.634765625,-0.1220703125,1.025390625,0.25634765625,0.8056640625,-0.048828125,-0.64697265625,0.2197265625,-1.28173828125,0.10986328125,-0.634765625,0.2685546875,-0.9033203125,0.13427734375,-0.25634765625,0.01220703125,-0.732421875,-0.13427734375,-0.4638671875,-0.10986328125,0.54931640625,0.4638671875,3.41796875,-0.08544921875,0.81787109375,-0.390625,0.03662109375,-0.29296875,1.06201171875,0.390625,0.6591796875,-0.28076171875,0.45166015625,0.1220703125,0.35400390625,0.048828125,-0.03662109375,0.146484375,0.57373046875,0.1953125,1.4404296875,-0.10986328125,0.3662109375,-0.13427734375,0.3662109375,-0.390625,-1.20849609375,0.1953125,0.25634765625,-0.01220703125,-0.62255859375,-0.4150390625,0.67138671875,-0.09765625,-1.1962890625,0.29296875,-0.09765625,-0.1953125,-1.025390625,0.06103515625,-0.69580078125,-0.2197265625,-1.52587890625,0.03662109375,-0.390625,-0.28076171875,-0.52490234375,0.15869140625,-1.171875,-0.1708984375,-0.69580078125,0.0732421875,-0.6591796875,-0.28076171875,-0.6103515625,-0.0244140625,-0.0244140625,0.146484375,-0.50048828125,-0.03662109375,-1.26953125,-0.28076171875,-0.98876953125,-0.10986328125,0.5615234375,0.06103515625,0.45166015625,-0.13427734375,-0.03662109375,-0.0732421875,-0.06103515625,-0.03662109375,0.146484375,-0.048828125,0.390625,-0.23193359375,1.45263671875,-0.15869140625,-0.20751953125,-0.15869140625,-0.0732421875
0,-0.18310546875,-0.48828125,-0.18310546875,-0.390625,-0.0732421875,-0.47607421875,0.0732421875,-0.1220703125,-0.1220703125,-0.09765625,-0.13427734375,-0.91552734375,0.10986328125,1.0498046875,-0.09765625,-0.1953125,-0.048828125,-0.5859375,-0.06103515625,-0.15869140625,-0.634765625,1.0009765625,-0.01220703125,-0.6103515625,-0.146484375,-0.244140625,-0.0244140625,-0.8056640625,-0.09765625,0.84228515625,0.146484375,0.13427734375,-0.03662109375,-0.5126953125,0.25634765625,-0.78125,0.1220703125,-0.5126953125,0.20751953125,-0.7568359375,0.15869140625,-0.2685546875,0.08544921875,-0.72021484375,-0.06103515625,-0.45166015625,-0.048828125,0.54931640625,0.5126953125,2.6123046875,-0.03662109375,0.64697265625,-0.35400390625,-0.0732421875,-0.30517578125,0.9033203125,0.40283203125,0.67138671875,-0.29296875,0.45166015625,0.146484375,0.35400390625,-0.01220703125,-0.03662109375,0.08544921875,0.54931640625,0.30517578125,1.30615234375,-0.1220703125,0.32958984375,-0.08544921875,0.3173828125,-0.29296875,-1.07421875,0.1708984375,0.3173828125,-0.08544921875,-0.5615234375,-0.3662109375,0.69580078125,-0.0244140625,-1.1474609375,0.30517578125,-0.09765625,-0.32958984375,-1.01318359375,0.03662109375,-0.68359375,-0.23193359375,-1.513671875,0.06103515625,-0.4150390625,-0.37841796875,-0.52490234375,0.2197265625,-1.318359375,-0.1953125,-0.72021484375,0.10986328125,-0.67138671875,-0.2685546875,-0.6103515625,0.06103515625,-0.0244140625,0.18310546875,-0.4150390625,-0.146484375,-1.1962890625,-0.30517578125,-0.9521484375,-0.08544921875,0.6591796875,0.0732421875,0.439453125,-0.146484375,-0.048828125,-0.06103515625,-0.048828125,-0.03662109375,0.146484375,-0.048828125,-0.1220703125,-0.1953125,0.8544921875,-0.15869140625,-0.57373046875,-0.15869140625,-0.6103515625
0,-0.1953125,-0.48828125,-0.1953125,-0.37841796875,-0.08544921875,-0.47607421875,0.03662109375,-0.10986328125,-0.1220703125,-0.10986328125,-0.15869140625,-0.91552734375,0.08544921875,1.0498046875,-0.08544921875,-0.1708984375,-0.0732421875,-0.5859375,-0.0732421875,-0.15869140625,-0.74462890625,1.0498046875,-0.0244140625,-0.59814453125,-0.20751953125,-0.341796875,-0.0732421875,-0.93994140625,-0.10986328125,0.69580078125,0.10986328125,-0.2685546875,-0.03662109375,-0.29296875,0.3173828125,-0.03662109375,0.146484375,-0.32958984375,0.15869140625,-0.5615234375,0.15869140625,-0.28076171875,0.08544921875,-0.7080078125,-0.03662109375,-0.439453125,-0.03662109375,0.537109375,0.48828125,1.8310546875,-0.0244140625,0.47607421875,-0.3173828125,-0.20751953125,-0.244140625,0.76904296875,0.40283203125,0.64697265625,-0.2685546875,0.45166015625,0.13427734375,0.32958984375,-0.03662109375,-0.0244140625,-0.01220703125,0.62255859375,0.32958984375,1.33056640625,-0.1220703125,0.35400390625,-0.0732421875,0.341796875,-0.1708984375,-0.78125,0.13427734375,0.42724609375,-0.146484375,-0.42724609375,-0.29296875,0.8056640625,-0.048828125,-1.08642578125,0.2685546875,-0.0732421875,-0.5126953125,-0.98876953125,-0.06103515625,-0.6591796875,-0.2197265625,-1.50146484375,0.06103515625,-0.4150390625,-0.4638671875,-0.537109375,0.09765625,-1.4404296875,-0.2197265625,-0.74462890625,0.146484375,-0.67138671875,-0.30517578125,-0.6103515625,0.1220703125,-0.048828125,0.1953125,-0.32958984375,-0.1953125,-1.123046875,-0.28076171875,-0.89111328125,-0.0244140625,0.7080078125,0.08544921875,0.390625,-0.1220703125,-0.03662109375,-0.06103515625,-0.03662109375,-0.06103515625,0.13427734375,-0.13427734375,-0.54931640625,-0.28076171875,0.32958984375,-0.1953125,-0.91552734375,-0.2197265625,-1.123046875
0,-0.18310546875,-0.48828125,-0.18310546875,-0.3662109375,-0.08544921875,-0.50048828125,0.0244140625,-0.10986328125,-0.146484375,-0.08544921875,-0.1708984375,-0.927734375,0.0732421875,1.06201171875,-0.09765625,-0.1708984375,-0.0732421875,-0.59814453125,-0.08544921875,-0.146484375,-0.76904296875,1.123046875,-0.0244140625,-0.57373046875,-0.2685546875,-0.3173828125,-0.09765625,-0.9765625,-0.13427734375,0.67138671875,0.1220703125,-0.3662109375,-0.08544921875,0,0.30517578125,0.84228515625,0.15869140625,-0.10986328125,0.09765625,-0.29296875,0.08544921875,-0.30517578125,0.06103515625,-0.7080078125,-0.03662109375,-0.42724609375,0.0244140625,0.537109375,0.48828125,1.18408203125,0.03662109375,0.37841796875,-0.29296875,-0.29296875,-0.1953125,0.6591796875,0.3662109375,0.64697265625,-0.2685546875,0.45166015625,0.146484375,0.3662109375,-0.0732421875,-0.01220703125,-0.08544921875,0.7080078125,0.439453125,1.55029296875,-0.09765625,0.42724609375,-0.048828125,0.4150390625,-0.08544921875,-0.40283203125,0.06103515625,0.57373046875,-0.20751953125,-0.25634765625,-0.244140625,0.96435546875,-0.03662109375,-1.01318359375,0.25634765625,-0.06103515625,-0.57373046875,-0.9521484375,-0.09765625,-0.6591796875,-0.23193359375,-1.513671875,0.03662109375,-0.40283203125,-0.47607421875,-0.52490234375,0.09765625,-1.50146484375,-0.1953125,-0.74462890625,0.18310546875,-0.69580078125,-0.30517578125,-0.5859375,0.15869140625,-0.048828125,0.1953125,-0.3173828125,-0.2197265625,-1.11083984375,-0.244140625,-0.86669921875,-0.01220703125,0.7080078125,0.09765625,0.35400390625,-0.08544921875,-0.03662109375,-0.06103515625,0,-0.048828125,0.13427734375,-0.09765625,-0.9521484375,-0.30517578125,-0.13427734375,-0.15869140625,-1.15966796875,-0.20751953125,-1.513671875
0,-0.15869140625,-0.439453125,-0.1708984375,-0.37841796875,-0.09765625,-0.48828125,0.01220703125,-0.09765625,-0.146484375,-0.09765625,-0.15869140625,-0.89111328125,0.0732421875,1.06201171875,-0.10986328125,-0.1708984375,-0.06103515625,-0.5615234375,-0.06103515625,-0.15869140625,-0.79345703125,1.18408203125,-0.03662109375,-0.5615234375,-0.30517578125,-0.2685546875,-0.09765625,-0.9521484375,-0.15869140625,0.732421875,-0.01220703125,-0.1708984375,-0.13427734375,0.30517578125,0.45166015625,1.77001953125,0.1953125,0.10986328125,0.08544921875,-0.01220703125,0.01220703125,-0.29296875,0.06103515625,-0.69580078125,-0.03662109375,-0.40283203125,0.0732421875,0.5615234375,0.42724609375,0.7568359375,0.048828125,0.30517578125,-0.2197265625,-0.32958984375,-0.10986328125,0.5859375,0.3173828125,0.6591796875,-0.2197265625,0.47607421875,0.1708984375,0.37841796875,-0.1220703125,-0.01220703125,-0.146484375,0.91552734375,0.4150390625,1.96533203125,-0.06103515625,0.5615234375,-0.048828125,0.54931640625,-0.03662109375,0.048828125,0.03662109375,0.81787109375,-0.20751953125,-0.09765625,-0.20751953125,1.15966796875,-0.01220703125,-0.98876953125,0.1953125,-0.08544921875,-0.54931640625,-0.93994140625,-0.1220703125,-0.6103515625,-0.23193359375,-1.55029296875,0.0244140625,-0.4150390625,-0.390625,-0.537109375,0.0732421875,-1.47705078125,-0.1708984375,-0.74462890625,0.20751953125,-0.69580078125,-0.341796875,-0.5859375,0.1953125,-0.08544921875,0.18310546875,-0.29296875,-0.23193359375,-1.08642578125,-0.1953125,-0.8544921875,-0.0244140625,0.64697265625,0.08544921875,0.30517578125,-0.08544921875,-0.048828125,-0.0732421875,0.0244140625,-0.048828125,0.1220703125,-0.06103515625,-1.25732421875,-0.244140625,-0.4150390625,-0.1220703125,-1.318359375,-0.20751953125,-1.77001953125
1,-0.146484375,-0.42724609375,-0.13427734375,-0.390625,-0.09765625,-0.47607421875,-0.0244140625,-0.10986328125,-0.1708984375,-0.09765625,-0.15869140625,-0.89111328125,0.0732421875,1.07421875,-0.08544921875,-0.1708984375,-0.048828125,-0.57373046875,-0.0244140625,-0.1708984375,-0.84228515625,1.26953125,-0.048828125,-0.5615234375,-0.3662109375,-0.13427734375,-0.0732421875,-0.84228515625,-0.20751953125,0.86669921875,0.1220703125,0.3173828125,-0.1953125,0.5615234375,0.4150390625,2.62451171875,0.18310546875,0.341796875,0.10986328125,0.23193359375,-0.03662109375,-0.29296875,-0.048828125,-0.7080078125,-0.0244140625,-0.390625,0.09765625,0.57373046875,0.3173828125,0.634765625,0.0732421875,0.341796875,-0.1953125,-0.32958984375,-0.06103515625,0.57373046875,0.2685546875,0.6591796875,-0.1953125,0.48828125,0.146484375,0.4150390625,-0.15869140625,0,-0.13427734375,1.171875,0.3662109375,2.587890625,0,0.72021484375,-0.048828125,0.732421875,-0.01220703125,0.40283203125,0,0.91552734375,-0.15869140625,0.06103515625,-0.23193359375,1.33056640625,-0.01220703125,-0.98876953125,0.08544921875,-0.1220703125,-0.54931640625,-0.927734375,-0.15869140625,-0.6591796875,-0.23193359375,-1.5625,-0.03662109375,-0.40283203125,-0.3173828125,-0.5859375,0.13427734375,-1.3671875,-0.13427734375,-0.72021484375,0.20751953125,-0.68359375,-0.390625,-0.57373046875,0.18310546875,-0.08544921875,0.13427734375,-0.3173828125,-0.244140625,-1.13525390625,-0.1708984375,-0.84228515625,-0.06103515625,0.5615234375,0.09765625,0.29296875,-0.0732421875,-0.03662109375,-0.0732421875,0.01220703125,-0.0732421875,0.13427734375,-0.06103515625,-1.3916015625,-0.1953125,-0.52490234375,-0.09765625,-1.3916015625,-0.1953125,-1.86767578125
1,-0.09765625,-0.40283203125,-0.1220703125,-0.40283203125,-0.08544921875,-0.48828125,-0.048828125,-0.1220703125,-0.18310546875,-0.10986328125,-0.15869140625,-0.89111328125,0.048828125,1.06201171875,-0.0732421875,-0.1708984375,-0.0244140625,-0.54931640625,0,-0.1708984375,-0.8056640625,1.35498046875,-0.06103515625,-0.5615234375,-0.390625,0.0732421875,-0.06103515625,-0.6591796875,-0.244140625,1.07421875,0.1953125,1.0498046875,-0.28076171875,0.8056640625,0.341796875,3.3447265625,0.1708984375,0.50048828125,0.13427734375,0.47607421875,-0.1953125,-0.28076171875,-0.1220703125,-0.68359375,0.01220703125,-0.40283203125,0.1220703125,0.57373046875,0.244140625,0.86669921875,0.08544921875,0.40283203125,-0.10986328125,-0.2685546875,-0.06103515625,0.59814453125,0.2685546875,0.64697265625,-0.146484375,0.47607421875,0.23193359375,0.439453125,-0.2685546875,0.01220703125,-0.13427734375,1.47705078125,0.29296875,3.3447265625,0.03662109375,0.9521484375,-0.048828125,0.9521484375,0.06103515625,0.68359375,-0.0244140625,1.01318359375,-0.0732421875,0.146484375,-0.244140625,1.46484375,0.048828125,-1.0009765625,0.0732421875,-0.15869140625,-0.40283203125,-0.93994140625,-0.09765625,-0.68359375,-0.2197265625,-1.59912109375,-0.09765625,-0.40283203125,-0.23193359375,-0.59814453125,0.23193359375,-1.123046875,-0.10986328125,-0.732421875,0.20751953125,-0.68359375,-0.37841796875,-0.57373046875,0.1220703125,-0.08544921875,0.1220703125,-0.341796875,-0.244140625,-1.15966796875,-0.1708984375,-0.87890625,-0.10986328125,0.4638671875,0.09765625,0.244140625,-0.048828125,-0.048828125,-0.0732421875,0.048828125,-0.08544921875,0.13427734375,-0.06103515625,-1.3916015625,-0.18310546875,-0.439453125,-0.06103515625,-1.33056640625,-0.1953125,-1.79443359375
1,-0.09765625,-0.3662109375,-0.09765625,-0.40283203125,-0.0732421875,-0.4638671875,-0.06103515625,-0.09765625,-0.15869140625,-0.10986328125,-0.146484375,-0.87890625,0.03662109375,1.0498046875,-0.06103515625,-0.18310546875,0,-0.5615234375,0.0244140625,-0.15869140625,-0.78125,1.40380859375,-0.0244140625,-0.54931640625,-0.390625,0.30517578125,-0.0244140625,-0.42724609375,-0.2685546875,1.3671875,0.08544921875,1.9287109375,-0.3173828125,1.0009765625,0.1708984375,3.86962890625,0.15869140625,0.6591796875,0.15869140625,0.64697265625,-0.23193359375,-0.25634765625,-0.23193359375,-0.68359375,0,-0.390625,0.06103515625,0.634765625,0.15869140625,1.3916015625,0.08544921875,0.52490234375,-0.03662109375,-0.146484375,0,0.7080078125,0.28076171875,0.64697265625,-0.15869140625,0.45166015625,0.23193359375,0.45166015625,-0.30517578125,0.01220703125,-0.0732421875,1.8310546875,0.23193359375,4.18701171875,0.03662109375,1.1962890625,-0.09765625,1.220703125,0.048828125,0.81787109375,-0.03662109375,1.08642578125,0.0244140625,0.1953125,-0.2685546875,1.57470703125,0.06103515625,-1.0498046875,0.03662109375,-0.2197265625,-0.28076171875,-0.9521484375,-0.03662109375,-0.72021484375,-0.23193359375,-1.611328125,-0.13427734375,-0.37841796875,-0.146484375,-0.59814453125,0.244140625,-0.8056640625,-0.10986328125,-0.732421875,0.146484375,-0.67138671875,-0.4150390625,-0.57373046875,0.0732421875,-0.10986328125,0.0732421875,-0.390625,-0.20751953125,-1.1962890625,-0.1953125,-0.86669921875,-0.15869140625,0.390625,0.08544921875,0.244140625,-0.01220703125,-0.048828125,-0.06103515625,0.06103515625,-0.08544921875,0.146484375,-0.06103515625,-1.2451171875,-0.15869140625,-0.1953125,-0.06103515625,-1.1962890625,-0.18310546875,-1.59912109375
1,-0.01220703125,-0.3662109375,-0.09765625,-0.4150390625,-0.048828125,-0.45166015625,-0.0732421875,-0.09765625,-0.13427734375,-0.0732421875,-0.15869140625,-0.89111328125,0.048828125,1.0498046875,-0.048828125,-0.1708984375,0.0244140625,-0.57373046875,0.0244140625,-0.1708984375,-0.7568359375,1.42822265625,-0.03662109375,-0.59814453125,-0.37841796875,0.5615234375,0.0244140625,-0.15869140625,-0.244140625,1.67236328125,0.10986328125,2.9296875,-0.3662109375,1.11083984375,0.048828125,4.19921875,0.08544921875,0.74462890625,0.13427734375,0.7568359375,-0.244140625,-0.25634765625,-0.37841796875,-0.69580078125,0.01220703125,-0.4150390625,0.0244140625,0.62255859375,-0.08544921875,2.16064453125,0.09765625,0.67138671875,-0.048828125,-0.0244140625,0.048828125,0.8544921875,0.23193359375,0.634765625,-0.146484375,0.45166015625,0.28076171875,0.47607421875,-0.32958984375,-0.01220703125,0,2.18505859375,0.23193359375,5.04150390625,0.06103515625,1.47705078125,-0.13427734375,1.4892578125,0.08544921875,0.79345703125,-0.048828125,1.06201171875,0.09765625,0.18310546875,-0.2685546875,1.5869140625,0.08544921875,-1.06201171875,-0.01220703125,-0.2685546875,-0.08544921875,-0.9765625,0.0244140625,-0.74462890625,-0.2197265625,-1.59912109375,-0.1708984375,-0.32958984375,-0.15869140625,-0.59814453125,0.244140625,-0.40283203125,-0.08544921875,-0.72021484375,0.0732421875,-0.6591796875,-0.390625,-0.5859375,0,-0.08544921875,0.06103515625,-0.40283203125,-0.1953125,-1.20849609375,-0.23193359375,-0.89111328125,-0.18310546875,0.3662109375,0.0732421875,0.2197265625,-0.01220703125,-0.048828125,-0.08544921875,0.03662109375,-0.09765625,0.15869140625,-0.08544921875,-1.0009765625,-0.1708984375,0.13427734375,-0.03662109375,-0.98876953125,-0.1953125,-1.28173828125
1,-0.0244140625,-0.3662109375,-0.0732421875,-0.40283203125,-0.06103515625,-0.439453125,-0.06103515625,-0.08544921875,-0.1708984375,-0.0732421875,-0.18310546875,-0.9033203125,0.06103515625,1.0498046875,-0.08544921875,-0.146484375,0.048828125,-0.5859375,0.01220703125,-0.146484375,-0.69580078125,1.416015625,-0.01220703125,-0.59814453125,-0.35400390625,0.84228515625,0.06103515625,0.1220703125,-0.244140625,2.001953125,-0.06103515625,3.9306640625,-0.35400390625,1.15966796875,-0.1220703125,4.28466796875,0.0732421875,0.76904296875,0.15869140625,0.8056640625,-0.28076171875,-0.2685546875,-0.50048828125,-0.69580078125,-0.01220703125,-0.439453125,0.01220703125,0.59814453125,-0.244140625,3.125,0.048828125,0.89111328125,-0.0244140625,0.1220703125,0.1220703125,1.025390625,0.2197265625,0.64697265625,-0.10986328125,0.45166015625,0.28076171875,0.45166015625,-0.4150390625,-0.01220703125,0,2.52685546875,0.1708984375,5.82275390625,0.08544921875,1.72119140625,-0.1220703125,1.7333984375,0.10986328125,0.64697265625,-0.06103515625,1.025390625,0.1708984375,0.13427734375,-0.28076171875,1.55029296875,0.0732421875,-1.0986328125,-0.03662109375,-0.28076171875,0.06103515625,-0.9765625,0.08544921875,-0.7568359375,-0.2197265625,-1.55029296875,-0.146484375,-0.29296875,-0.146484375,-0.54931640625,0.23193359375,0.1220703125,-0.1220703125,-0.69580078125,0,-0.6591796875,-0.3173828125,-0.5859375,-0.0732421875,-0.08544921875,0.0732421875,-0.42724609375,-0.15869140625,-1.220703125,-0.23193359375,-0.91552734375,-0.20751953125,0.35400390625,0.03662109375,0.2685546875,0.0244140625,-0.048828125,-0.0732421875,0.0244140625,-0.1220703125,0.1708984375,-0.0732421875,-0.7080078125,-0.1953125,0.50048828125,-0.01220703125,-0.76904296875,-0.20751953125,-0.9521484375
1,0.03662109375,-0.390625,-0.09765625,-0.37841796875,-0.0732421875,-0.439453125,-0.06103515625,-0.06103515625,-0.15869140625,-0.06103515625,-0.18310546875,-0.87890625,0.048828125,1.0498046875,-0.08544921875,-0.13427734375,0.09765625,-0.5859375,0.01220703125,-0.146484375,-0.7080078125,1.3671875,-0.01220703125,-0.6103515625,-0.3662109375,1.08642578125,0.09765625,0.3662109375,-0.244140625,2.34375,-0.0244140625,4.91943359375,-0.29296875,1.11083984375,-0.20751953125,4.19921875,0.0732421875,0.7080078125,0.15869140625,0.7568359375,-0.1953125,-0.25634765625,-0.62255859375,-0.69580078125,-0.06103515625,-0.4638671875,-0.0244140625,0.5859375,-0.18310546875,4.11376953125,0.03662109375,1.0986328125,-0.03662109375,0.2685546875,0.18310546875,1.20849609375,0.23193359375,0.62255859375,-0.1220703125,0.45166015625,0.244140625,0.439453125,-0.42724609375,-0.0244140625,0.03662109375,2.8076171875,0.03662109375,6.4453125,0.01220703125,1.94091796875,-0.1220703125,1.91650390625,-0.0244140625,0.4150390625,-0.0732421875,0.9765625,0.1953125,0.03662109375,-0.29296875,1.47705078125,0.03662109375,-1.08642578125,-0.0244140625,-0.2685546875,0.1708984375,-0.98876953125,0.146484375,-0.7568359375,-0.15869140625,-1.46484375,-0.1220703125,-0.23193359375,-0.18310546875,-0.48828125,0.048828125,0.72021484375,-0.146484375,-0.69580078125,-0.09765625,-0.6591796875,-0.35400390625,-0.59814453125,-0.08544921875,-0.048828125,0.08544921875,-0.439453125,-0.13427734375,-1.20849609375,-0.244140625,-0.91552734375,-0.15869140625,0.390625,0.048828125,0.3173828125,0.03662109375,-0.06103515625,-0.08544921875,0.01220703125,-0.13427734375,0.1708984375,-0.0732421875,-0.390625,-0.146484375,0.830078125,-0.048828125,-0.57373046875,-0.2197265625,-0.67138671875
1,0.0732421875,-0.4150390625,-0.08544921875,-0.390625,-0.048828125,-0.45166015625,-0.0732421875,-0.06103515625,-0.15869140625,-0.0732421875,-0.18310546875,-0.9033203125,0.048828125,1.025390625,-0.0732421875,-0.146484375,0.10986328125,-0.6103515625,-0.01220703125,-0.146484375,-0.732421875,1.2939453125,0.01220703125,-0.6103515625,-0.3173828125,1.33056640625,0.13427734375,0.62255859375,-0.2197265625,2.6611328125,0.0732421875,5.84716796875,-0.2197265625,0.98876953125,-0.25634765625,3.955078125,0.048828125,0.62255859375,0.10986328125,0.64697265625,-0.15869140625,-0.2685546875,-0.72021484375,-0.69580078125,-0.10986328125,-0.4638671875,-0.048828125,0.52490234375,-0.10986328125,5.09033203125,0.01220703125,1.2939453125,-0.03662109375,0.40283203125,0.25634765625,1.416015625,0.23193359375,0.64697265625,-0.15869140625,0.47607421875,0.244140625,0.4150390625,-0.45166015625,-0.0244140625,0.048828125,3.01513671875,-0.048828125,6.8359375,-0.0244140625,2.06298828125,-0.1220703125,2.01416015625,0.01220703125,0.20751953125,0,0.89111328125,0.25634765625,-0.0244140625,-0.23193359375,1.40380859375,0.146484375,-1.03759765625,-0.0244140625,-0.20751953125,0.28076171875,-0.96435546875,0.2197265625,-0.74462890625,-0.10986328125,-1.37939453125,-0.10986328125,-0.1708984375,-0.2197265625,-0.37841796875,-0.09765625,1.3916015625,-0.18310546875,-0.69580078125,-0.13427734375,-0.67138671875,-0.28076171875,-0.62255859375,-0.09765625,-0.06103515625,0.09765625,-0.439453125,-0.09765625,-1.1962890625,-0.25634765625,-0.927734375,-0.15869140625,0.439453125,0.0732421875,0.341796875,0.048828125,-0.0244140625,-0.06103515625,0.0244140625,-0.13427734375,0.18310546875,-0.06103515625,-0.15869140625,-0.1220703125,1.0498046875,-0.0244140625,-0.4150390625,-0.20751953125,-0.45166015625
1,0.06103515625,-0.45166015625,-0.10986328125,-0.3662109375,-0.03662109375,-0.4638671875,-0.0732421875,-0.0732421875,-0.146484375,-0.08544921875,-0.146484375,-0.91552734375,0.03662109375,1.025390625,-0.048828125,-0.146484375,0.10986328125,-0.6103515625,-0.0244140625,-0.146484375,-0.7080078125,1.171875,0.048828125,-0.6103515625,-0.28076171875,1.5380859375,0.1708984375,0.8544921875,-0.18310546875,2.9296875,0.01220703125,6.689453125,-0.08544921875,0.87890625,-0.29296875,3.61328125,0,0.5126953125,0.06103515625,0.50048828125,-0.09765625,-0.30517578125,-0.72021484375,-0.69580078125,-0.1708984375,-0.45166015625,-0.048828125,0.48828125,-0.146484375,5.94482421875,-0.01220703125,1.4892578125,-0.08544921875,0.54931640625,0.37841796875,1.5869140625,0.25634765625,0.64697265625,-0.18310546875,0.47607421875,0.244140625,0.40283203125,-0.45166015625,-0.048828125,0.0732421875,3.08837890625,-0.10986328125,6.9580078125,-0.146484375,2.099609375,-0.09765625,2.03857421875,-0.1708984375,-0.0244140625,-0.0732421875,0.9033203125,0.18310546875,-0.09765625,-0.244140625,1.318359375,0.09765625,-0.9521484375,0.01220703125,-0.13427734375,0.3662109375,-0.9521484375,0.25634765625,-0.69580078125,-0.048828125,-1.2451171875,-0.048828125,-0.06103515625,-0.2197265625,-0.2197265625,-0.048828125,2.13623046875,-0.20751953125,-0.69580078125,-0.13427734375,-0.67138671875,-0.244140625,-0.59814453125,-0.08544921875,-0.048828125,0.15869140625,-0.4150390625,-0.03662109375,-1.171875,-0.23193359375,-0.93994140625,-0.1708984375,0.4638671875,0.0732421875,0.3662109375,0.06103515625,-0.01220703125,-0.0732421875,0.01220703125,-0.13427734375,0.18310546875,-0.048828125,-0.03662109375,-0.1953125,1.11083984375,-0.03662109375,-0.35400390625,-0.18310546875,-0.3662109375
1,0.048828125,-0.47607421875,-0.10986328125,-0.3662109375,-0.03662109375,-0.47607421875,-0.10986328125,-0.0732421875,-0.15869140625,-0.08544921875,-0.1708984375,-0.91552734375,0.0244140625,1.01318359375,-0.048828125,-0.15869140625,0.06103515625,-0.6103515625,-0.0244140625,-0.15869140625,-0.8056640625,1.03759765625,0.08544921875,-0.59814453125,-0.2685546875,1.7333984375,0.18310546875,1.025390625,-0.1708984375,3.16162109375,-0.08544921875,7.3974609375,-0.0244140625,0.7080078125,-0.29296875,3.23486328125,-0.01220703125,0.35400390625,-0.0244140625,0.35400390625,-0.048828125,-0.3173828125,-0.732421875,-0.7080078125,-0.2197265625,-0.45166015625,-0.0732421875,0.4638671875,-0.1220703125,6.67724609375,-0.03662109375,1.64794921875,-0.1953125,0.634765625,0.439453125,1.7333984375,0.25634765625,0.6591796875,-0.15869140625,0.50048828125,0.244140625,0.40283203125,-0.4150390625,-0.03662109375,0.10986328125,3.02734375,-0.18310546875,6.8115234375,-0.2197265625,2.0263671875,-0.09765625,1.96533203125,-0.28076171875,-0.146484375,-0.13427734375,0.87890625,0.18310546875,-0.08544921875,-0.1708984375,1.28173828125,0.1953125,-0.9033203125,0.03662109375,-0.048828125,0.4150390625,-0.93994140625,0.29296875,-0.64697265625,0.01220703125,-1.0986328125,0.048828125,0.01220703125,-0.18310546875,-0.06103515625,-0.09765625,2.9052734375,-0.20751953125,-0.69580078125,-0.146484375,-0.67138671875,-0.2197265625,-0.59814453125,-0.0244140625,-0.03662109375,0.20751953125,-0.42724609375,0,-1.15966796875,-0.1953125,-0.9521484375,-0.1708984375,0.50048828125,0.10986328125,0.40283203125,0.09765625,0,-0.06103515625,0.0244140625,-0.1220703125,0.18310546875,-0.0244140625,0,-0.1220703125,1.0498046875,0,-0.3662109375,-0.10986328125,-0.390625
1,0.0732421875,-0.48828125,-0.09765625,-0.37841796875,-0.0244140625,-0.48828125,-0.1220703125,-0.08544921875,-0.13427734375,-0.08544921875,-0.1708984375,-0.93994140625,0,1.03759765625,-0.048828125,-0.15869140625,0.06103515625,-0.6103515625,-0.0732421875,-0.15869140625,-0.78125,0.9033203125,0.08544921875,-0.5859375,-0.244140625,1.84326171875,0.1953125,1.171875,-0.25634765625,3.33251953125,-0.09765625,7.92236328125,0.048828125,0.537109375,-0.20751953125,2.86865234375,-0.01220703125,0.23193359375,-0.0244140625,0.18310546875,-0.06103515625,-0.30517578125,-0.59814453125,-0.74462890625,-0.2685546875,-0.42724609375,-0.06103515625,0.4638671875,-0.1220703125,7.177734375,-0.08544921875,1.7578125,-0.2685546875,0.76904296875,0.47607421875,1.8310546875,0.28076171875,0.68359375,-0.10986328125,0.52490234375,0.28076171875,0.4150390625,-0.3173828125,-0.01220703125,0.09765625,2.81982421875,-0.20751953125,6.40869140625,-0.29296875,1.904296875,-0.10986328125,1.81884765625,-0.1220703125,-0.13427734375,-0.146484375,0.927734375,0.1953125,-0.048828125,-0.0244140625,1.26953125,0.18310546875,-0.86669921875,0.06103515625,0.048828125,0.4638671875,-0.9033203125,0.2197265625,-0.59814453125,0.01220703125,-0.927734375,0.146484375,0.10986328125,-0.20751953125,0.0732421875,-0.146484375,3.7109375,-0.23193359375,-0.68359375,-0.09765625,-0.68359375,-0.1220703125,-0.5859375,0.048828125,-0.0244140625,0.23193359375,-0.4150390625,-0.048828125,-1.15966796875,-0.20751953125,-0.93994140625,-0.20751953125,0.50048828125,0.1220703125,0.4150390625,0.09765625,0,-0.06103515625,0.06103515625,-0.1220703125,0.18310546875,-0.1220703125,-0.0732421875,-0.244140625,0.89111328125,-0.0732421875,-0.45166015625,-0.146484375,-0.48828125
1,0.048828125,-0.48828125,-0.1220703125,-0.37841796875,-0.03662109375,-0.50048828125,-0.1220703125,-0.10986328125,-0.146484375,-0.10986328125,-0.1708984375,-0.91552734375,0.0244140625,1.03759765625,-0.09765625,-0.15869140625,0,-0.62255859375,-0.0732421875,-0.146484375,-0.830078125,0.79345703125,0.06103515625,-0.5859375,-0.23193359375,1.8798828125,0.20751953125,1.2451171875,-0.32958984375,3.40576171875,-0.09765625,8.2275390625,0.048828125,0.37841796875,-0.09765625,2.5390625,-0.03662109375,0.1220703125,-0.08544921875,0.03662109375,-0.0732421875,-0.3173828125,-0.4638671875,-0.732421875,-0.32958984375,-0.439453125,-0.0732421875,0.45166015625,-0.1220703125,7.50732421875,-0.09765625,1.85546875,-0.35400390625,0.830078125,0.48828125,1.904296875,0.244140625,0.68359375,-0.0732421875,0.537109375,0.2685546875,0.45166015625,-0.29296875,-0.01220703125,0.10986328125,2.5390625,-0.244140625,5.810546875,-0.30517578125,1.72119140625,-0.1220703125,1.611328125,-0.20751953125,0,-0.28076171875,1.01318359375,0.10986328125,0.03662109375,0.0244140625,1.3427734375,0.20751953125,-0.830078125,0.06103515625,0.1220703125,0.42724609375,-0.9033203125,0.13427734375,-0.54931640625,-0.01220703125,-0.81787109375,0.25634765625,0.20751953125,-0.1708984375,0.20751953125,0.0244140625,4.4921875,-0.2197265625,-0.68359375,-0.08544921875,-0.67138671875,-0.06103515625,-0.5859375,0.1220703125,-0.06103515625,0.244140625,-0.42724609375,0.0244140625,-1.15966796875,-0.1220703125,-0.93994140625,-0.10986328125,0.47607421875,0.13427734375,0.4150390625,0.10986328125,-0.01220703125,-0.0732421875,0.08544921875,-0.10986328125,0.18310546875,-0.08544921875,-0.1953125,-0.25634765625,0.67138671875,-0.03662109375,-0.57373046875,-0.08544921875,-0.6591796875
1,0.08544921875,-0.48828125,-0.1220703125,-0.37841796875,-0.048828125,-0.50048828125,-0.1220703125,-0.13427734375,-0.146484375,-0.09765625,-0.146484375,-0.91552734375,0.01220703125,1.03759765625,-0.10986328125,-0.146484375,-0.0732421875,-0.6103515625,-0.048828125,-0.146484375,-0.87890625,0.7080078125,0,-0.5859375,-0.2685546875,1.89208984375,0.20751953125,1.23291015625,-0.40283203125,3.41796875,-0.08544921875,8.31298828125,-0.03662109375,0.2197265625,0.01220703125,2.2216796875,-0.0732421875,0.01220703125,-0.0732421875,-0.08544921875,-0.08544921875,-0.30517578125,-0.30517578125,-0.732421875,-0.37841796875,-0.439453125,-0.048828125,0.47607421875,-0.09765625,7.5927734375,-0.06103515625,1.8798828125,-0.42724609375,0.86669921875,0.439453125,1.9287109375,0.20751953125,0.69580078125,-0.03662109375,0.54931640625,0.341796875,0.48828125,-0.15869140625,-0.01220703125,0.1220703125,2.18505859375,-0.28076171875,5.1025390625,-0.28076171875,1.47705078125,-0.146484375,1.3671875,-0.18310546875,0.244140625,-0.30517578125,1.13525390625,0.09765625,0.18310546875,0.09765625,1.4404296875,0.2197265625,-0.81787109375,0.048828125,0.13427734375,0.341796875,-0.89111328125,-0.0244140625,-0.537109375,-0.048828125,-0.68359375,0.29296875,0.25634765625,-0.08544921875,0.32958984375,0.18310546875,5.1513671875,-0.1708984375,-0.68359375,-0.10986328125,-0.67138671875,-0.01220703125,-0.5859375,0.1953125,-0.08544921875,0.2197265625,-0.439453125,0.0244140625,-1.20849609375,-0.1220703125,-0.9521484375,-0.0244140625,0.45166015625,0.146484375,0.390625,0.08544921875,-0.01220703125,-0.06103515625,0.048828125,-0.13427734375,0.1708984375,-0.0732421875,-0.341796875,-0.146484375,0.4638671875,-0.01220703125,-0.68359375,-0.0244140625,-0.84228515625
1,0.1220703125,-0.45166015625,-0.09765625,-0.37841796875,-0.048828125,-0.47607421875,-0.13427734375,-0.1220703125,-0.146484375,-0.0732421875,-0.1708984375,-0.927734375,0,1.03759765625,-0.146484375,-0.146484375,-0.10986328125,-0.57373046875,-0.03662109375,-0.15869140625,-0.87890625,0.67138671875,-0.0244140625,-0.57373046875,-0.29296875,1.806640625,0.2197265625,1.15966796875,-0.45166015625,3.33251953125,-0.06103515625,8.06884765625,-0.08544921875,0.10986328125,0.08544921875,1.9287109375,-0.06103515625,-0.0732421875,-0.09765625,-0.20751953125,-0.18310546875,-0.29296875,-0.18310546875,-0.732421875,-0.439453125,-0.4150390625,-0.0244140625,0.50048828125,-0.048828125,7.48291015625,0,1.8310546875,-0.42724609375,0.87890625,0.42724609375,1.8798828125,0.15869140625,0.68359375,0.03662109375,0.5615234375,0.40283203125,0.52490234375,-0.06103515625,-0.01220703125,0.09765625,1.806640625,-0.3173828125,4.345703125,-0.2197265625,1.220703125,-0.244140625,1.0986328125,-0.048828125,0.54931640625,-0.2197265625,1.2451171875,0.1220703125,0.32958984375,0.13427734375,1.62353515625,0.1708984375,-0.830078125,0.03662109375,0.10986328125,0.244140625,-0.89111328125,-0.1708984375,-0.537109375,-0.08544921875,-0.62255859375,0.341796875,0.28076171875,-0.048828125,0.390625,0.2685546875,5.6640625,-0.15869140625,-0.68359375,-0.15869140625,-0.68359375,0.0244140625,-0.5615234375,0.25634765625,-0.09765625,0.13427734375,-0.50048828125,-0.01220703125,-1.25732421875,-0.1220703125,-0.98876953125,-0.01220703125,0.37841796875,0.18310546875,0.3662109375,0.0732421875,-0.0244140625,-0.06103515625,0.06103515625,-0.1220703125,0.1708984375,-0.146484375,-0.439453125,-0.2685546875,0.32958984375,-0.06103515625,-0.76904296875,-0.0732421875,-0.927734375
0,0.13427734375,-0.37841796875,-0.08544921875,-0.3662109375,-0.048828125,-0.45166015625,-0.09765625,-0.10986328125,-0.13427734375,-0.08544921875,-0.1708984375,-0.89111328125,-0.03662109375,1.03759765625,-0.15869140625,-0.09765625,-0.146484375,-0.5615234375,0.01220703125,-0.15869140625,-0.86669921875,0.7080078125,-0.01220703125,-0.5615234375,-0.341796875,1.67236328125,0.23193359375,1.025390625,-0.42724609375,3.16162109375,-0.03662109375,7.568359375,-0.1220703125,-0.03662109375,0.1953125,1.6357421875,-0.06103515625,-0.146484375,-0.0244140625,-0.28076171875,-0.2197265625,-0.28076171875,-0.15869140625,-0.72021484375,-0.439453125,-0.4150390625,-0.01220703125,0.5126953125,-0.048828125,7.14111328125,0.06103515625,1.7578125,-0.439453125,0.86669921875,0.439453125,1.806640625,0.09765625,0.68359375,0.10986328125,0.54931640625,0.4638671875,0.5615234375,0.0244140625,-0.01220703125,0.09765625,1.4404296875,-0.341796875,3.6376953125,-0.13427734375,0.9765625,-0.29296875,0.89111328125,-0.08544921875,0.89111328125,-0.2197265625,1.40380859375,0.15869140625,0.52490234375,0.10986328125,1.81884765625,0.28076171875,-0.830078125,0.03662109375,0.03662109375,0.1220703125,-0.9033203125,-0.2685546875,-0.5615234375,-0.146484375,-0.59814453125,0.341796875,0.32958984375,0.0244140625,0.4150390625,0.2685546875,5.96923828125,-0.10986328125,-0.67138671875,-0.1708984375,-0.67138671875,-0.03662109375,-0.57373046875,0.28076171875,-0.08544921875,0.10986328125,-0.54931640625,-0.01220703125,-1.30615234375,-0.10986328125,-1.025390625,0.03662109375,0.3173828125,0.20751953125,0.35400390625,0.08544921875,-0.0244140625,-0.08544921875,0.048828125,-0.146484375,0.18310546875,-0.10986328125,-0.48828125,-0.2685546875,0.28076171875,-0.0244140625,-0.7568359375,-0.0244140625,-0.927734375
0,0.18310546875,-0.32958984375,-0.0732421875,-0.37841796875,0,-0.439453125,-0.10986328125,-0.09765625,-0.146484375,-0.06103515625,-0.15869140625,-0.89111328125,-0.0244140625,1.03759765625,-0.146484375,-0.0732421875,-0.1953125,-0.54931640625,0.0732421875,-0.15869140625,-0.87890625,0.76904296875,0.01220703125,-0.5859375,-0.341796875,1.45263671875,0.1953125,0.830078125,-0.37841796875,2.9052734375,0,6.82373046875,-0.146484375,-0.13427734375,0.1953125,1.33056640625,-0.0732421875,-0.20751953125,-0.0244140625,-0.3662109375,-0.25634765625,-0.25634765625,-0.10986328125,-0.732421875,-0.4150390625,-0.4150390625,-0.01220703125,0.54931640625,-0.1220703125,6.640625,0.1220703125,1.6357421875,-0.48828125,0.76904296875,0.390625,1.67236328125,0.0732421875,0.67138671875,0.146484375,0.52490234375,0.52490234375,0.59814453125,0.1220703125,-0.01220703125,0.01220703125,1.0986328125,-0.35400390625,2.99072265625,-0.0732421875,0.74462890625,-0.390625,0.67138671875,-0.048828125,1.18408203125,-0.10986328125,1.513671875,0.18310546875,0.67138671875,0.08544921875,2.03857421875,0.341796875,-0.830078125,0.01220703125,-0.06103515625,-0.01220703125,-0.9521484375,-0.30517578125,-0.6103515625,-0.146484375,-0.62255859375,0.30517578125,0.32958984375,0.10986328125,0.37841796875,0.30517578125,6.0791015625,-0.048828125,-0.6591796875,-0.15869140625,-0.67138671875,-0.08544921875,-0.57373046875,0.3173828125,-0.09765625,0.06103515625,-0.6103515625,-0.048828125,-1.37939453125,-0.0732421875,-1.0498046875,0.03662109375,0.28076171875,0.2197265625,0.30517578125,0.0732421875,-0.03662109375,-0.0732421875,0.01220703125,-0.1220703125,0.18310546875,-0.08544921875,-0.42724609375,-0.1953125,0.37841796875,-0.0244140625,-0.69580078125,-0.0244140625,-0.79345703125
0,0.18310546875,-0.25634765625,-0.09765625,-0.37841796875,0.03662109375,-0.42724609375,-0.10986328125,-0.09765625,-0.1708984375,-0.0732421875,-0.18310546875,-0.87890625,-0.0244140625,1.06201171875,-0.10986328125,-0.048828125,-0.2197265625,-0.54931640625,0.10986328125,-0.15869140625,-0.79345703125,0.84228515625,0.0732421875,-0.5859375,-0.3173828125,1.20849609375,0.15869140625,0.5859375,-0.28076171875,2.60009765625,0.01220703125,5.87158203125,-0.15869140625,-0.23193359375,0.18310546875,0.96435546875,-0.0244140625,-0.30517578125,0.01220703125,-0.47607421875,-0.244140625,-0.244140625,-0.10986328125,-0.7080078125,-0.4150390625,-0.4150390625,-0.01220703125,0.54931640625,-0.23193359375,5.9814453125,0.1708984375,1.46484375,-0.54931640625,0.6591796875,0.35400390625,1.50146484375,0.0244140625,0.67138671875,0.15869140625,0.5126953125,0.52490234375,0.62255859375,0.1953125,-0.0244140625,0,0.81787109375,-0.3662109375,2.44140625,-0.0244140625,0.5615234375,-0.45166015625,0.52490234375,-0.048828125,1.416015625,-0.048828125,1.64794921875,0.2197265625,0.8056640625,0.048828125,2.20947265625,0.32958984375,-0.732421875,0,-0.10986328125,-0.1220703125,-0.96435546875,-0.29296875,-0.6591796875,-0.1708984375,-0.634765625,0.25634765625,0.30517578125,0.20751953125,0.341796875,0.390625,5.9326171875,-0.01220703125,-0.634765625,-0.1220703125,-0.6591796875,-0.13427734375,-0.5859375,0.3173828125,-0.09765625,0.03662109375,-0.67138671875,-0.10986328125,-1.42822265625,-0.0732421875,-1.07421875,0.01220703125,0.28076171875,0.23193359375,0.30517578125,0.048828125,-0.01220703125,-0.0732421875,-0.01220703125,-0.146484375,0.2197265625,-0.1220703125,-0.25634765625,-0.23193359375,0.5859375,-0.01220703125,-0.5126953125,-0.03662109375,-0.57373046875
0,0.18310546875,-0.1953125,-0.048828125,-0.3662109375,0.01220703125,-0.4150390625,-0.1220703125,-0.06103515625,-0.20751953125,-0.0732421875,-0.146484375,-0.9033203125,-0.01220703125,1.0498046875,-0.13427734375,-0.06103515625,-0.23193359375,-0.52490234375,0.10986328125,-0.15869140625,-0.74462890625,0.93994140625,0.15869140625,-0.6103515625,-0.28076171875,0.9033203125,0.1220703125,0.29296875,-0.1708984375,2.28271484375,-0.06103515625,4.82177734375,-0.1953125,-0.3173828125,0.09765625,0.537109375,0,-0.3662109375,-0.03662109375,-0.5615234375,-0.15869140625,-0.23193359375,-0.15869140625,-0.69580078125,-0.40283203125,-0.4150390625,0.01220703125,0.54931640625,-0.341796875,5.13916015625,0.20751953125,1.23291015625,-0.634765625,0.50048828125,0.3173828125,1.318359375,-0.01220703125,0.6591796875,0.15869140625,0.50048828125,0.54931640625,0.634765625,0.2197265625,-0.01220703125,-0.03662109375,0.59814453125,-0.4638671875,2.03857421875,0.0244140625,0.439453125,-0.45166015625,0.40283203125,-0.18310546875,1.5625,0,1.7333984375,0.1708984375,0.9033203125,0,2.35595703125,0.37841796875,-0.52490234375,-0.0244140625,-0.10986328125,-0.25634765625,-0.96435546875,-0.2197265625,-0.634765625,-0.1953125,-0.7080078125,0.1953125,0.28076171875,0.35400390625,0.29296875,0.45166015625,5.65185546875,0.01220703125,-0.6591796875,-0.08544921875,-0.64697265625,-0.1708984375,-0.59814453125,0.28076171875,-0.0732421875,0,-0.69580078125,-0.1953125,-1.46484375,-0.09765625,-1.0986328125,-0.0244140625,0.3173828125,0.25634765625,0.30517578125,0.03662109375,-0.0244140625,-0.06103515625,-0.01220703125,-0.15869140625,0.23193359375,-0.09765625,-0.0244140625,-0.20751953125,0.8544921875,0.0244140625,-0.30517578125,0,-0.244140625
0,0.1953125,-0.146484375,-0.0244140625,-0.37841796875,0.01220703125,-0.390625,-0.10986328125,-0.06103515625,-0.20751953125,-0.048828125,-0.13427734375,-0.9033203125,-0.0244140625,1.06201171875,-0.146484375,-0.06103515625,-0.23193359375,-0.54931640625,0.13427734375,-0.146484375,-0.6103515625,1.03759765625,0.1953125,-0.6103515625,-0.2197265625,0.64697265625,0.0732421875,0.01220703125,-0.03662109375,1.9287109375,-0.1220703125,3.77197265625,-0.146484375,-0.42724609375,0.0244140625,0.06103515625,0,-0.45166015625,-0.01220703125,-0.67138671875,-0.06103515625,-0.2197265625,-0.1708984375,-0.68359375,-0.37841796875,-0.4150390625,0.06103515625,0.537109375,-0.35400390625,4.21142578125,0.20751953125,1.025390625,-0.64697265625,0.3173828125,0.2685546875,1.11083984375,0.03662109375,0.67138671875,0.1708984375,0.50048828125,0.537109375,0.634765625,0.20751953125,-0.0244140625,-0.0732421875,0.4150390625,-0.4638671875,1.7333984375,0.03662109375,0.35400390625,-0.4638671875,0.3173828125,-0.25634765625,1.59912109375,0.06103515625,1.8310546875,0.13427734375,0.9765625,-0.0732421875,2.490234375,0.35400390625,-0.1708984375,-0.03662109375,-0.048828125,-0.341796875,-0.89111328125,-0.146484375,-0.5859375,-0.1708984375,-0.76904296875,0.1708984375,0.244140625,0.4638671875,0.2197265625,0.37841796875,5.224609375,-0.01220703125,-0.6591796875,-0.048828125,-0.634765625,-0.23193359375,-0.6103515625,0.2197265625,-0.03662109375,0.0244140625,-0.7080078125,-0.2197265625,-1.4892578125,-0.09765625,-1.08642578125,-0.03662109375,0.3662109375,0.25634765625,0.3173828125,0.0244140625,-0.0244140625,-0.08544921875,-0.0244140625,-0.1708984375,0.2197265625,-0.15869140625,0.30517578125,-0.1953125,1.18408203125,0,-0.048828125,-0.06103515625,0.1220703125
0,0.1953125,-0.09765625,-0.048828125,-0.3662109375,0,-0.4150390625,-0.1220703125,-0.08544921875,-0.20751953125,-0.03662109375,-0.13427734375,-0.9033203125,-0.01220703125,1.06201171875,-0.146484375,-0.0732421875,-0.18310546875,-0.57373046875,0.146484375,-0.13427734375,-0.5615234375,1.0986328125,0.244140625,-0.59814453125,-0.1220703125,0.37841796875,0.03662109375,-0.23193359375,0.0732421875,1.611328125,-0.18310546875,2.83203125,-0.10986328125,-0.52490234375,-0.0732421875,-0.439453125,0.03662109375,-0.48828125,-0.048828125,-0.78125,0,-0.2197265625,-0.1953125,-0.69580078125,-0.341796875,-0.4150390625,0.03662109375,0.54931640625,-0.32958984375,3.2470703125,0.23193359375,0.78125,-0.62255859375,0.146484375,0.20751953125,0.927734375,0.06103515625,0.67138671875,0.15869140625,0.4638671875,0.42724609375,0.6591796875,0.23193359375,-0.0244140625,-0.0244140625,0.30517578125,-0.40283203125,1.513671875,0.048828125,0.28076171875,-0.390625,0.25634765625,-0.25634765625,1.611328125,0.1220703125,1.904296875,0.08544921875,1.03759765625,-0.1220703125,2.55126953125,0.28076171875,0.341796875,-0.048828125,0.146484375,-0.35400390625,-0.78125,-0.0244140625,-0.45166015625,-0.1953125,-0.830078125,0.1708984375,0.18310546875,0.48828125,0.15869140625,0.244140625,4.736328125,-0.0732421875,-0.67138671875,-0.0244140625,-0.634765625,-0.2197265625,-0.62255859375,0.1220703125,-0.03662109375,0.0244140625,-0.68359375,-0.244140625,-1.45263671875,-0.146484375,-1.03759765625,-0.048828125,0.42724609375,0.25634765625,0.341796875,0.01220703125,0,-0.06103515625,-0.0244140625,-0.1708984375,0.2197265625,-0.15869140625,0.59814453125,-0.2197265625,1.4404296875,0,0.18310546875,-0.0732421875,0.439453125
0,0.23193359375,-0.08544921875,-0.03662109375,-0.3662109375,0,-0.42724609375,-0.13427734375,-0.0732421875,-0.18310546875,-0.01220703125,-0.13427734375,-0.927734375,-0.0244140625,1.06201171875,-0.1708984375,-0.08544921875,-0.13427734375,-0.5859375,0.10986328125,-0.146484375,-0.5615234375,1.1474609375,0.244140625,-0.6103515625,-0.0732421875,0.1953125,-0.03662109375,-0.42724609375,0.13427734375,1.33056640625,-0.2197265625,2.03857421875,-0.08544921875,-0.6103515625,-0.1708984375,-0.927734375,0.048828125,-0.54931640625,-0.048828125,-0.9033203125,0.0732421875,-0.2197265625,-0.1708984375,-0.68359375,-0.29296875,-0.40283203125,0.03662109375,0.52490234375,-0.2685546875,2.35595703125,0.20751953125,0.5859375,-0.5859375,-0.0244140625,0.09765625,0.76904296875,0.09765625,0.69580078125,0.1220703125,0.45166015625,0.390625,0.68359375,0.29296875,0,-0.01220703125,0.23193359375,-0.3173828125,1.33056640625,0.0244140625,0.23193359375,-0.3173828125,0.2197265625,-0.2197265625,1.55029296875,0.1708984375,1.953125,0.01220703125,1.06201171875,-0.15869140625,2.587890625,0.15869140625,0.98876953125,-0.048828125,0.42724609375,-0.341796875,-0.6103515625,0.03662109375,-0.23193359375,-0.1953125,-0.86669921875,0.18310546875,0.146484375,0.537109375,0.1220703125,0.146484375,4.2724609375,-0.09765625,-0.67138671875,-0.0244140625,-0.6591796875,-0.23193359375,-0.6103515625,0.06103515625,-0.03662109375,-0.048828125,-0.634765625,-0.28076171875,-1.3916015625,-0.18310546875,-1.025390625,-0.048828125,0.52490234375,0.244140625,0.3662109375,-0.01220703125,0,-0.0732421875,-0.01220703125,-0.18310546875,0.2197265625,-0.13427734375,0.84228515625,-0.2197265625,1.6357421875,0.0244140625,0.3662109375,-0.08544921875,0.7080078125
0,0.20751953125,-0.048828125,0,-0.3662109375,-0.01220703125,-0.439453125,-0.15869140625,-0.0732421875,-0.15869140625,-0.0244140625,-0.1708984375,-0.91552734375,-0.0244140625,1.07421875,-0.15869140625,-0.09765625,-0.06103515625,-0.59814453125,0.13427734375,-0.146484375,-0.52490234375,1.13525390625,0.18310546875,-0.59814453125,0.01220703125,0.03662109375,-0.08544921875,-0.59814453125,0.146484375,1.11083984375,-0.2197265625,1.45263671875,-0.01220703125,-0.69580078125,-0.244140625,-1.35498046875,0.0732421875,-0.6103515625,-0.13427734375,-1.01318359375,0.0732421875,-0.244140625,-0.15869140625,-0.68359375,-0.20751953125,-0.4150390625,-0.01220703125,0.5126953125,-0.25634765625,1.5625,0.15869140625,0.42724609375,-0.54931640625,-0.15869140625,-0.01220703125,0.634765625,0.15869140625,0.67138671875,0.08544921875,0.4638671875,0.30517578125,0.732421875,0.3173828125,0,0.03662109375,0.15869140625,-0.20751953125,1.18408203125,-0.03662109375,0.18310546875,-0.244140625,0.146484375,-0.10986328125,1.4404296875,0.23193359375,1.96533203125,-0.0732421875,1.0498046875,-0.2197265625,2.57568359375,0.1220703125,1.7822265625,-0.0732421875,0.78125,-0.2685546875,-0.40283203125,0.0732421875,0.0244140625,-0.20751953125,-0.91552734375,0.18310546875,0.08544921875,0.50048828125,0.08544921875,0.0732421875,3.8818359375,-0.09765625,-0.6591796875,-0.06103515625,-0.64697265625,-0.2197265625,-0.6103515625,-0.01220703125,-0.03662109375,-0.09765625,-0.537109375,-0.3173828125,-1.30615234375,-0.20751953125,-0.9521484375,0,0.57373046875,0.25634765625,0.341796875,-0.0244140625,0,-0.0732421875,-0.048828125,-0.1953125,0.2197265625,-0.15869140625,1.03759765625,-0.1953125,1.72119140625,0.03662109375,0.45166015625,-0.08544921875,0.86669921875
0,0.2197265625,-0.06103515625,0.0244140625,-0.32958984375,-0.048828125,-0.42724609375,-0.15869140625,-0.06103515625,-0.1708984375,-0.01220703125,-0.146484375,-0.927734375,-0.01220703125,1.06201171875,-0.1220703125,-0.09765625,-0.01220703125,-0.5859375,0.13427734375,-0.146484375,-0.5859375,1.08642578125,0.10986328125,-0.59814453125,0.03662109375,-0.06103515625,-0.1220703125,-0.72021484375,0.1220703125,0.9521484375,-0.23193359375,1.06201171875,0.0244140625,-0.74462890625,-0.28076171875,-1.69677734375,0.0732421875,-0.64697265625,-0.1708984375,-1.07421875,0.01220703125,-0.23193359375,-0.146484375,-0.68359375,-0.09765625,-0.4150390625,-0.048828125,0.50048828125,-0.18310546875,0.927734375,0.146484375,0.29296875,-0.50048828125,-0.29296875,-0.09765625,0.537109375,0.15869140625,0.6591796875,0.08544921875,0.439453125,0.244140625,0.74462890625,0.25634765625,-0.01220703125,0.0244140625,0.0732421875,-0.10986328125,1.01318359375,-0.06103515625,0.13427734375,-0.15869140625,0.08544921875,0,1.3671875,0.2197265625,1.9775390625,-0.1220703125,1.025390625,-0.1953125,2.52685546875,0.146484375,2.62451171875,-0.048828125,1.20849609375,-0.146484375,-0.18310546875,0.0732421875,0.30517578125,-0.20751953125,-0.9521484375,0.2197265625,0.06103515625,0.37841796875,0.06103515625,0.06103515625,3.60107421875,-0.1220703125,-0.64697265625,-0.048828125,-0.67138671875,-0.2197265625,-0.6103515625,-0.01220703125,-0.0244140625,-0.13427734375,-0.47607421875,-0.2685546875,-1.25732421875,-0.18310546875,-0.927734375,0,0.6103515625,0.23193359375,0.3662109375,-0.01220703125,0,-0.06103515625,-0.048828125,-0.1953125,0.20751953125,-0.15869140625,1.11083984375,-0.1953125,1.6845703125,0.06103515625,0.45166015625,-0.08544921875,0.89111328125
0,0.244140625,-0.08544921875,0.01220703125,-0.32958984375,-0.06103515625,-0.439453125,-0.2197265625,-0.06103515625,-0.15869140625,-0.03662109375,-0.146484375,-0.91552734375,-0.048828125,1.0498046875,-0.1220703125,-0.09765625,0.0244140625,-0.59814453125,0.1220703125,-0.15869140625,-0.6591796875,1.01318359375,0.03662109375,-0.6103515625,0.0244140625,-0.13427734375,-0.146484375,-0.79345703125,0.08544921875,0.84228515625,-0.13427734375,0.8544921875,0.06103515625,-0.79345703125,-0.23193359375,-1.8798828125,0.03662109375,-0.67138671875,-0.2197265625,-1.13525390625,0,-0.2197265625,-0.09765625,-0.69580078125,-0.03662109375,-0.439453125,-0.09765625,0.50048828125,-0.1220703125,0.52490234375,0.0732421875,0.23193359375,-0.48828125,-0.32958984375,-0.1708984375,0.5126953125,0.15869140625,0.67138671875,0.0732421875,0.45166015625,0.20751953125,0.7568359375,0.18310546875,-0.01220703125,-0.06103515625,-0.01220703125,0.01220703125,0.84228515625,-0.08544921875,0.08544921875,-0.1220703125,0.01220703125,0.146484375,1.28173828125,0.18310546875,1.953125,-0.20751953125,1.0009765625,-0.15869140625,2.45361328125,0.18310546875,3.47900390625,-0.03662109375,1.6357421875,-0.06103515625,0.0732421875,0.0244140625,0.62255859375,-0.18310546875,-0.9521484375,0.20751953125,0.06103515625,0.244140625,0.06103515625,0.03662109375,3.466796875,-0.10986328125,-0.64697265625,0,-0.6591796875,-0.1953125,-0.6103515625,-0.01220703125,-0.03662109375,-0.1220703125,-0.42724609375,-0.28076171875,-1.20849609375,-0.1220703125,-0.9033203125,0.048828125,0.62255859375,0.23193359375,0.3662109375,0,0,-0.0732421875,-0.03662109375,-0.18310546875,0.18310546875,-0.20751953125,1.07421875,-0.18310546875,1.5380859375,0.048828125,0.37841796875,-0.08544921875,0.81787109375
0,0.2197265625,-0.10986328125,-0.01220703125,-0.341796875,-0.0732421875,-0.439453125,-0.1953125,-0.0732421875,-0.1708984375,-0.03662109375,-0.1708984375,-0.927734375,-0.048828125,1.06201171875,-0.13427734375,-0.10986328125,0.0244140625,-0.59814453125,0.1220703125,-0.146484375,-0.74462890625,0.927734375,-0.0244140625,-0.59814453125,0.03662109375,-0.15869140625,-0.13427734375,-0.84228515625,0.03662109375,0.74462890625,-0.048828125,0.74462890625,0.08544921875,-0.830078125,-0.18310546875,-1.94091796875,0.0244140625,-0.67138671875,-0.20751953125,-1.123046875,-0.03662109375,-0.23193359375,-0.09765625,-0.7080078125,0.01220703125,-0.439453125,-0.13427734375,0.52490234375,-0.15869140625,0.35400390625,0.08544921875,0.2197265625,-0.4150390625,-0.3662109375,-0.1953125,0.48828125,0.13427734375,0.64697265625,0.048828125,0.4638671875,0.1220703125,0.76904296875,0.08544921875,-0.01220703125,-0.15869140625,-0.1220703125,0.06103515625,0.68359375,-0.10986328125,0.0244140625,-0.13427734375,-0.06103515625,0.2197265625,1.220703125,0.13427734375,1.904296875,-0.28076171875,0.93994140625,-0.10986328125,2.38037109375,0.25634765625,4.28466796875,-0.03662109375,2.01416015625,0.0244140625,0.30517578125,0.01220703125,0.927734375,-0.146484375,-0.93994140625,0.20751953125,0.048828125,0.08544921875,0.048828125,0.15869140625,3.50341796875,-0.10986328125,-0.6591796875,-0.01220703125,-0.67138671875,-0.13427734375,-0.5859375,-0.01220703125,-0.048828125,-0.10986328125,-0.40283203125,-0.25634765625,-1.20849609375,-0.09765625,-0.89111328125,0.10986328125,0.54931640625,0.1953125,0.35400390625,0.0244140625,-0.0244140625,-0.08544921875,-0.03662109375,-0.15869140625,0.15869140625,-0.1708984375,0.96435546875,-0.18310546875,1.33056640625,0.08544921875,0.244140625,-0.08544921875,0.6591796875
0,0.25634765625,-0.1220703125,0,-0.35400390625,-0.08544921875,-0.42724609375,-0.23193359375,-0.0732421875,-0.18310546875,-0.0732421875,-0.13427734375,-0.9033203125,-0.048828125,1.06201171875,-0.15869140625,-0.146484375,0,-0.5859375,0.18310546875,-0.15869140625,-0.87890625,0.86669921875,-0.06103515625,-0.5859375,-0.03662109375,-0.15869140625,-0.08544921875,-0.86669921875,0.0244140625,0.69580078125,0,0.64697265625,0.0732421875,-0.8056640625,-0.09765625,-1.8310546875,-0.03662109375,-0.6591796875,-0.23193359375,-1.0986328125,-0.048828125,-0.2197265625,-0.06103515625,-0.69580078125,0.01220703125,-0.439453125,-0.146484375,0.537109375,-0.10986328125,0.37841796875,0.1220703125,0.25634765625,-0.30517578125,-0.341796875,-0.2685546875,0.537109375,0.08544921875,0.634765625,0.048828125,0.4638671875,0.1220703125,0.732421875,0.01220703125,-0.0244140625,-0.2197265625,-0.20751953125,0.10986328125,0.537109375,-0.048828125,-0.01220703125,-0.10986328125,-0.10986328125,0.3173828125,1.171875,0.06103515625,1.84326171875,-0.3173828125,0.91552734375,-0.146484375,2.34375,0.29296875,4.91943359375,-0.03662109375,2.294921875,0.048828125,0.48828125,-0.01220703125,1.15966796875,-0.08544921875,-0.9521484375,0.1953125,0.06103515625,-0.09765625,0.06103515625,0.10986328125,3.62548828125,-0.10986328125,-0.64697265625,0,-0.68359375,-0.0732421875,-0.6103515625,0,-0.0732421875,-0.0732421875,-0.439453125,-0.244140625,-1.23291015625,-0.06103515625,-0.93994140625,0.15869140625,0.48828125,0.18310546875,0.32958984375,0.0244140625,-0.01220703125,-0.06103515625,-0.048828125,-0.1708984375,0.1708984375,-0.1708984375,0.7568359375,-0.1708984375,1.0986328125,0.10986328125,0.06103515625,-0.09765625,0.42724609375
0,0.2685546875,-0.13427734375,-0.0244140625,-0.35400390625,-0.08544921875,-0.4638671875,-0.1953125,-0.0732421875,-0.1708984375,-0.08544921875,-0.13427734375,-0.87890625,-0.048828125,1.03759765625,-0.1708984375,-0.146484375,-0.09765625,-0.5859375,0.23193359375,-0.146484375,-0.91552734375,0.830078125,-0.06103515625,-0.59814453125,-0.13427734375,-0.1953125,-0.0732421875,-0.9033203125,0.01220703125,0.64697265625,-0.0244140625,0.52490234375,0.08544921875,-0.7568359375,0.048828125,-1.6357421875,-0.048828125,-0.6103515625,-0.2197265625,-1.025390625,-0.01220703125,-0.244140625,-0.03662109375,-0.68359375,-0.048828125,-0.42724609375,-0.1220703125,0.5615234375,-0.10986328125,0.52490234375,0.08544921875,0.28076171875,-0.28076171875,-0.3173828125,-0.25634765625,0.57373046875,0.0244140625,0.6103515625,0.08544921875,0.4638671875,0.048828125,0.67138671875,-0.06103515625,-0.0244140625,-0.244140625,-0.28076171875,0.13427734375,0.439453125,0.0244140625,-0.0244140625,-0.08544921875,-0.13427734375,0.35400390625,1.171875,0.03662109375,1.81884765625,-0.29296875,0.87890625,-0.13427734375,2.2705078125,0.244140625,5.38330078125,-0.0244140625,2.5146484375,0,0.6103515625,-0.06103515625,1.30615234375,-0.048828125,-0.96435546875,0.13427734375,0.09765625,-0.23193359375,0.03662109375,0.03662109375,3.77197265625,-0.146484375,-0.64697265625,0.01220703125,-0.68359375,-0.048828125,-0.6103515625,0,-0.06103515625,-0.06103515625,-0.5126953125,-0.29296875,-1.2939453125,-0.0732421875,-1.0009765625,0.30517578125,0.3662109375,0.15869140625,0.30517578125,0.048828125,-0.03662109375,-0.06103515625,-0.0732421875,-0.1708984375,0.146484375,-0.1220703125,0.5615234375,-0.13427734375,0.87890625,0.1220703125,-0.1220703125,-0.06103515625,0.1953125
1,0.25634765625,-0.146484375,-0.048828125,-0.3662109375,-0.06103515625,-0.42724609375,-0.20751953125,-0.0732421875,-0.146484375,-0.09765625,-0.09765625,-0.87890625,-0.08544921875,1.07421875,-0.146484375,-0.146484375,-0.1953125,-0.5615234375,0.28076171875,-0.1708984375,-1.025390625,0.79345703125,-0.06103515625,-0.5859375,-0.20751953125,-0.244140625,-0.048828125,-0.927734375,0,0.57373046875,-0.0732421875,0.29296875,0.10986328125,-0.7080078125,0.1708984375,-1.33056640625,-0.08544921875,-0.5615234375,-0.29296875,-0.9521484375,0.048828125,-0.23193359375,-0.0732421875,-0.69580078125,-0.06103515625,-0.439453125,-0.0732421875,0.5859375,-0.1708984375,0.76904296875,0.13427734375,0.32958984375,-0.1708984375,-0.23193359375,-0.1708984375,0.634765625,-0.048828125,0.62255859375,0.0732421875,0.47607421875,0.03662109375,0.64697265625,-0.18310546875,-0.01220703125,-0.23193359375,-0.3173828125,0.146484375,0.40283203125,0.06103515625,-0.0244140625,-0.08544921875,-0.1220703125,0.32958984375,1.171875,-0.0244140625,1.74560546875,-0.20751953125,0.8544921875,-0.15869140625,2.24609375,0.28076171875,5.62744140625,-0.01220703125,2.57568359375,-0.08544921875,0.67138671875,-0.0732421875,1.37939453125,-0.048828125,-0.9765625,0.08544921875,0.09765625,-0.32958984375,0.0732421875,0.01220703125,3.89404296875,-0.18310546875,-0.67138671875,0.048828125,-0.68359375,-0.03662109375,-0.5859375,0.01220703125,-0.0732421875,-0.03662109375,-0.62255859375,-0.2685546875,-1.3916015625,-0.08544921875,-1.06201171875,0.48828125,0.28076171875,0.13427734375,0.3173828125,0.0732421875,-0.03662109375,-0.0732421875,-0.08544921875,-0.146484375,0.146484375,-0.15869140625,0.390625,-0.1220703125,0.72021484375,0.10986328125,-0.25634765625,-0.10986328125,0.01220703125
1,0.244140625,-0.1708984375,-0.01220703125,-0.35400390625,-0.048828125,-0.42724609375,-0.20751953125,-0.0732421875,-0.146484375,-0.09765625,-0.10986328125,-0.87890625,-0.1220703125,1.0498046875,-0.1220703125,-0.146484375,-0.28076171875,-0.5615234375,0.29296875,-0.146484375,-1.01318359375,0.81787109375,-0.09765625,-0.59814453125,-0.30517578125,-0.29296875,-0.08544921875,-0.9765625,0,0.52490234375,-0.146484375,0.03662109375,0.13427734375,-0.6591796875,0.3173828125,-1.03759765625,-0.10986328125,-0.50048828125,-0.28076171875,-0.8544921875,0.10986328125,-0.20751953125,-0.0732421875,-0.72021484375,-0.146484375,-0.4638671875,0,0.5859375,-0.30517578125,1.0009765625,0.146484375,0.40283203125,-0.10986328125,-0.18310546875,-0.13427734375,0.69580078125,-0.08544921875,0.634765625,0.10986328125,0.47607421875,0.06103515625,0.5615234375,-0.23193359375,-0.0244140625,-0.244140625,-0.3173828125,0.18310546875,0.439453125,0.08544921875,0,-0.10986328125,-0.09765625,0.439453125,1.171875,-0.01220703125,1.6357421875,-0.10986328125,0.830078125,-0.1708984375,2.20947265625,0.28076171875,5.6640625,0,2.52685546875,-0.2197265625,0.68359375,-0.1708984375,1.35498046875,-0.01220703125,-0.98876953125,0.09765625,0.10986328125,-0.3662109375,0.08544921875,0,3.90625,-0.1953125,-0.67138671875,0.13427734375,-0.6591796875,-0.0732421875,-0.5859375,0.06103515625,-0.08544921875,-0.0244140625,-0.69580078125,-0.244140625,-1.4892578125,-0.146484375,-1.13525390625,0.54931640625,0.2685546875,0.09765625,0.30517578125,0.08544921875,-0.048828125,-0.08544921875,-0.0732421875,-0.13427734375,0.1708984375,-0.146484375,0.2685546875,-0.09765625,0.6591796875,0.1220703125,-0.341796875,-0.10986328125,-0.10986328125
1,0.28076171875,-0.1953125,0.01220703125,-0.341796875,-0.06103515625,-0.439453125,-0.18310546875,-0.0732421875,-0.13427734375,-0.09765625,-0.09765625,-0.87890625,-0.09765625,1.06201171875,-0.15869140625,-0.1220703125,-0.341796875,-0.54931640625,0.28076171875,-0.146484375,-0.9521484375,0.830078125,-0.146484375,-0.5859375,-0.390625,-0.35400390625,-0.08544921875,-1.01318359375,-0.0244140625,0.4638671875,-0.1708984375,-0.28076171875,0.10986328125,-0.6103515625,0.47607421875,-0.78125,-0.13427734375,-0.48828125,-0.30517578125,-0.79345703125,0.146484375,-0.23193359375,-0.0732421875,-0.7080078125,-0.1953125,-0.439453125,0.01220703125,0.5859375,-0.439453125,1.13525390625,0.13427734375,0.4638671875,-0.09765625,-0.146484375,-0.10986328125,0.732421875,-0.15869140625,0.64697265625,0.1220703125,0.48828125,0.0732421875,0.5126953125,-0.23193359375,-0.0244140625,-0.18310546875,-0.244140625,0.15869140625,0.47607421875,0.1220703125,0.03662109375,-0.08544921875,-0.03662109375,0.25634765625,1.1474609375,-0.09765625,1.5869140625,-0.1220703125,0.81787109375,-0.28076171875,2.1728515625,0.35400390625,5.517578125,0.0244140625,2.4169921875,-0.35400390625,0.6103515625,-0.2197265625,1.28173828125,-0.01220703125,-1.025390625,0.06103515625,0.10986328125,-0.341796875,0.06103515625,0.0244140625,3.759765625,-0.1953125,-0.68359375,0.15869140625,-0.67138671875,-0.13427734375,-0.5859375,0.09765625,-0.06103515625,-0.0244140625,-0.79345703125,-0.20751953125,-1.5380859375,-0.2197265625,-1.18408203125,0.5615234375,0.32958984375,0.06103515625,0.29296875,0.10986328125,-0.0244140625,-0.06103515625,-0.0732421875,-0.13427734375,0.18310546875,-0.15869140625,0.20751953125,-0.13427734375,0.6591796875,0.1220703125,-0.35400390625,-0.08544921875,-0.1708984375
1,0.3173828125,-0.1953125,-0.01220703125,-0.341796875,-0.0732421875,-0.42724609375,-0.1708984375,-0.06103515625,-0.1220703125,-0.10986328125,-0.09765625,-0.9033203125,-0.10986328125,1.06201171875,-0.15869140625,-0.146484375,-0.3662109375,-0.54931640625,0.244140625,-0.1220703125,-0.9033203125,0.87890625,-0.1953125,-0.59814453125,-0.40283203125,-0.4150390625,-0.09765625,-1.06201171875,-0.048828125,0.4150390625,-0.15869140625,-0.54931640625,0.09765625,-0.5615234375,0.45166015625,-0.634765625,-0.1708984375,-0.45166015625,-0.2197265625,-0.78125,0.15869140625,-0.20751953125,-0.08544921875,-0.7080078125,-0.1953125,-0.42724609375,0.1220703125,0.5859375,-0.5126953125,1.1962890625,0.10986328125,0.48828125,-0.08544921875,-0.1220703125,-0.1220703125,0.732421875,-0.18310546875,0.6591796875,0.13427734375,0.47607421875,0.10986328125,0.4638671875,-0.28076171875,0,-0.15869140625,-0.20751953125,0.0732421875,0.59814453125,0.1220703125,0.08544921875,-0.08544921875,0.01220703125,0.18310546875,1.08642578125,-0.09765625,1.52587890625,-0.06103515625,0.78125,-0.28076171875,2.16064453125,0.30517578125,5.2001953125,0.048828125,2.24609375,-0.439453125,0.5126953125,-0.1953125,1.18408203125,-0.01220703125,-1.07421875,0.03662109375,0.08544921875,-0.30517578125,0.03662109375,0.03662109375,3.38134765625,-0.1708984375,-0.69580078125,0.1953125,-0.67138671875,-0.2197265625,-0.57373046875,0.15869140625,-0.06103515625,-0.06103515625,-0.81787109375,-0.146484375,-1.5380859375,-0.244140625,-1.18408203125,0.5615234375,0.50048828125,0.0732421875,0.30517578125,0.1220703125,-0.0244140625,-0.08544921875,-0.08544921875,-0.13427734375,0.1953125,-0.1220703125,0.1953125,-0.048828125,0.74462890625,0.146484375,-0.32958984375,-0.0732421875,-0.1708984375
1,0.35400390625,-0.2197265625,0,-0.35400390625,-0.0732421875,-0.45166015625,-0.15869140625,-0.06103515625,-0.0732421875,-0.10986328125,-0.10986328125,-0.91552734375,-0.10986328125,1.0498046875,-0.1708984375,-0.146484375,-0.341796875,-0.57373046875,0.18310546875,-0.13427734375,-0.81787109375,0.91552734375,-0.25634765625,-0.59814453125,-0.439453125,-0.45166015625,-0.09765625,-1.0498046875,-0.06103515625,0.37841796875,-0.10986328125,-0.7568359375,0.06103515625,-0.5615234375,0.45166015625,-0.62255859375,-0.1953125,-0.48828125,-0.1953125,-0.78125,0.15869140625,-0.20751953125,-0.09765625,-0.7080078125,-0.20751953125,-0.439453125,0.146484375,0.57373046875,-0.52490234375,1.1474609375,0.048828125,0.47607421875,-0.048828125,-0.1220703125,-0.08544921875,0.72021484375,-0.1708984375,0.68359375,0.1708984375,0.4638671875,0.1708984375,0.40283203125,-0.29296875,0,-0.13427734375,-0.1220703125,0,0.7080078125,0.10986328125,0.1220703125,-0.06103515625,0.0732421875,0.2197265625,0.98876953125,-0.06103515625,1.46484375,0,0.732421875,-0.2685546875,2.11181640625,0.1953125,4.84619140625,0.08544921875,2.0751953125,-0.47607421875,0.390625,-0.18310546875,1.0009765625,-0.01220703125,-1.13525390625,0.03662109375,0.048828125,-0.28076171875,-0.01220703125,0.10986328125,2.79541015625,-0.13427734375,-0.69580078125,0.244140625,-0.6591796875,-0.28076171875,-0.5859375,0.1708984375,-0.048828125,-0.0732421875,-0.74462890625,-0.10986328125,-1.50146484375,-0.29296875,-1.13525390625,0.54931640625,0.84228515625,0.0732421875,0.32958984375,0.10986328125,-0.01220703125,-0.06103515625,-0.0732421875,-0.10986328125,0.1953125,-0.1953125,0.20751953125,-0.15869140625,0.89111328125,0.09765625,-0.2685546875,-0.1220703125,-0.10986328125
1,0.341796875,-0.23193359375,0.0244140625,-0.3662109375,-0.06103515625,-0.4638671875,-0.146484375,-0.08544921875,-0.0732421875,-0.08544921875,-0.1220703125,-0.93994140625,-0.1220703125,1.0498046875,-0.1708984375,-0.1708984375,-0.28076171875,-0.54931640625,0.10986328125,-0.13427734375,-0.830078125,0.927734375,-0.30517578125,-0.5859375,-0.4150390625,-0.45166015625,-0.10986328125,-1.06201171875,-0.08544921875,0.37841796875,-0.1220703125,-0.8056640625,-0.0244140625,-0.59814453125,0.40283203125,-0.68359375,-0.244140625,-0.48828125,-0.18310546875,-0.79345703125,0.10986328125,-0.23193359375,-0.13427734375,-0.7080078125,-0.1953125,-0.45166015625,0.146484375,0.5615234375,-0.5615234375,1.03759765625,0.01220703125,0.439453125,-0.03662109375,-0.13427734375,-0.0732421875,0.69580078125,-0.18310546875,0.69580078125,0.15869140625,0.4638671875,0.1953125,0.37841796875,-0.30517578125,0.0244140625,-0.08544921875,-0.03662109375,0.01220703125,0.8056640625,0.048828125,0.146484375,-0.03662109375,0.10986328125,0.03662109375,0.9033203125,-0.13427734375,1.42822265625,-0.03662109375,0.6591796875,-0.341796875,2.05078125,0.13427734375,4.39453125,0.15869140625,1.8798828125,-0.4638671875,0.25634765625,-0.09765625,0.8544921875,-0.0244140625,-1.220703125,0.03662109375,-0.0244140625,-0.25634765625,-0.1220703125,0.18310546875,2.05078125,-0.13427734375,-0.69580078125,0.2197265625,-0.68359375,-0.3662109375,-0.5859375,0.1708984375,-0.03662109375,-0.03662109375,-0.59814453125,-0.048828125,-1.3671875,-0.341796875,-1.025390625,0.3662109375,1.3427734375,0.08544921875,0.341796875,0.1220703125,0,-0.06103515625,-0.0732421875,-0.09765625,0.2197265625,-0.1708984375,0.244140625,-0.146484375,0.98876953125,0.13427734375,-0.2197265625,-0.0732421875,-0.048828125
1,0.3173828125,-0.2685546875,0.0732421875,-0.390625,-0.0244140625,-0.4638671875,-0.146484375,-0.0732421875,-0.0732421875,-0.06103515625,-0.1220703125,-0.93994140625,-0.13427734375,1.03759765625,-0.18310546875,-0.18310546875,-0.18310546875,-0.5859375,0.048828125,-0.15869140625,-0.7568359375,0.91552734375,-0.2685546875,-0.6103515625,-0.35400390625,-0.439453125,-0.10986328125,-1.06201171875,-0.0732421875,0.4150390625,-0.10986328125,-0.7080078125,-0.06103515625,-0.62255859375,0.30517578125,-0.830078125,-0.30517578125,-0.52490234375,-0.20751953125,-0.84228515625,0.048828125,-0.1953125,-0.15869140625,-0.69580078125,-0.13427734375,-0.42724609375,0.09765625,0.5859375,-0.5615234375,0.86669921875,0.01220703125,0.37841796875,-0.01220703125,-0.1708984375,0.01220703125,0.634765625,-0.15869140625,0.67138671875,0.13427734375,0.45166015625,0.25634765625,0.37841796875,-0.37841796875,0.0244140625,-0.08544921875,0.01220703125,-0.048828125,0.9033203125,-0.0244140625,0.1708984375,-0.01220703125,0.13427734375,0.048828125,0.79345703125,-0.10986328125,1.3671875,0,0.5859375,-0.2197265625,2.001953125,0.08544921875,3.9794921875,0.244140625,1.7578125,-0.4150390625,0.15869140625,0,0.68359375,-0.08544921875,-1.30615234375,0.06103515625,-0.09765625,-0.23193359375,-0.244140625,0.29296875,1.171875,-0.10986328125,-0.7080078125,0.146484375,-0.69580078125,-0.42724609375,-0.59814453125,0.13427734375,-0.03662109375,-0.06103515625,-0.37841796875,-0.048828125,-1.123046875,-0.3662109375,-0.89111328125,0.23193359375,2.01416015625,0.08544921875,0.341796875,0.13427734375,-0.01220703125,-0.06103515625,-0.0732421875,-0.0732421875,0.2197265625,-0.1220703125,0.25634765625,-0.06103515625,1.03759765625,0.13427734375,-0.1708984375,-0.048828125,-0.01220703125
1,0.341796875,-0.29296875,0.0732421875,-0.40283203125,0,-0.4638671875,-0.15869140625,-0.08544921875,-0.0732421875,-0.048828125,-0.1220703125,-0.9521484375,-0.146484375,1.025390625,-0.1708984375,-0.18310546875,-0.09765625,-0.5859375,-0.01220703125,-0.146484375,-0.67138671875,0.91552734375,-0.244140625,-0.6103515625,-0.32958984375,-0.390625,-0.15869140625,-1.01318359375,-0.10986328125,0.48828125,-0.15869140625,-0.48828125,-0.1220703125,-0.6591796875,0.20751953125,-1.0498046875,-0.29296875,-0.5615234375,-0.18310546875,-0.9033203125,0,-0.2197265625,-0.20751953125,-0.7080078125,-0.08544921875,-0.42724609375,0.0244140625,0.5859375,-0.52490234375,0.72021484375,-0.03662109375,0.341796875,-0.06103515625,-0.20751953125,0.06103515625,0.5859375,-0.10986328125,0.68359375,0.10986328125,0.45166015625,0.2685546875,0.37841796875,-0.32958984375,0.01220703125,0,0.06103515625,-0.1220703125,0.927734375,-0.09765625,0.1708984375,0.03662109375,0.13427734375,0,0.7080078125,-0.13427734375,1.35498046875,-0.01220703125,0.5126953125,-0.13427734375,1.9287109375,0.048828125,3.6376953125,0.29296875,1.66015625,-0.28076171875,0.06103515625,0.10986328125,0.5859375,-0.09765625,-1.416015625,0.0732421875,-0.20751953125,-0.29296875,-0.37841796875,0.40283203125,0.28076171875,-0.146484375,-0.7080078125,0.0732421875,-0.67138671875,-0.439453125,-0.5859375,0.10986328125,-0.0244140625,-0.0732421875,-0.048828125,-0.0244140625,-0.84228515625,-0.3662109375,-0.67138671875,0.2685546875,2.8076171875,0.0732421875,0.341796875,0.146484375,0,-0.0732421875,-0.08544921875,-0.048828125,0.20751953125,-0.23193359375,0.2685546875,-0.18310546875,1.03759765625,0.0732421875,-0.18310546875,-0.10986328125,0.01220703125
1,0.341796875,-0.32958984375,0.0732421875,-0.40283203125,0.03662109375,-0.45166015625,-0.15869140625,-0.09765625,-0.06103515625,-0.0244140625,-0.09765625,-0.9521484375,-0.146484375,1.025390625,-0.1953125,-0.1953125,-0.0244140625,-0.59814453125,-0.0244140625,-0.146484375,-0.62255859375,0.91552734375,-0.1953125,-0.6103515625,-0.244140625,-0.30517578125,-0.1708984375,-0.93994140625,-0.06103515625,0.57373046875,-0.23193359375,-0.1708984375,-0.15869140625,-0.69580078125,0.06103515625,-1.25732421875,-0.341796875,-0.5859375,-0.1708984375,-0.93994140625,-0.0732421875,-0.20751953125,-0.25634765625,-0.7080078125,-0.03662109375,-0.4150390625,-0.06103515625,0.57373046875,-0.4150390625,0.6103515625,-0.0732421875,0.3173828125,-0.09765625,-0.25634765625,0.1953125,0.5615234375,-0.0244140625,0.67138671875,0.06103515625,0.45166015625,0.28076171875,0.390625,-0.40283203125,-0.01220703125,0.0244140625,0.048828125,-0.1708984375,0.91552734375,-0.20751953125,0.15869140625,0.0244140625,0.10986328125,0.01220703125,0.67138671875,-0.1708984375,1.33056640625,-0.0244140625,0.4638671875,-0.048828125,1.86767578125,0.09765625,3.38134765625,0.30517578125,1.611328125,-0.13427734375,0.03662109375,0.13427734375,0.52490234375,-0.1220703125,-1.513671875,0.08544921875,-0.32958984375,-0.3173828125,-0.5126953125,0.439453125,-0.5615234375,-0.1708984375,-0.68359375,0.01220703125,-0.67138671875,-0.439453125,-0.5859375,0.08544921875,-0.06103515625,-0.09765625,0.29296875,-0.01220703125,-0.537109375,-0.3173828125,-0.4150390625,0.18310546875,3.72314453125,0.0732421875,0.32958984375,0.146484375,0,-0.08544921875,-0.08544921875,-0.048828125,0.1953125,-0.1708984375,0.23193359375,-0.0732421875,1.01318359375,0.10986328125,-0.20751953125,-0.048828125,-0.048828125
1,0.35400390625,-0.3662109375,0.0732421875,-0.40283203125,0.048828125,-0.439453125,-0.1708984375,-0.09765625,-0.08544921875,-0.01220703125,-0.10986328125,-0.9521484375,-0.13427734375,1.03759765625,-0.20751953125,-0.15869140625,-0.01220703125,-0.57373046875,-0.0244140625,-0.146484375,-0.62255859375,0.89111328125,-0.146484375,-0.59814453125,-0.146484375,-0.244140625,-0.13427734375,-0.86669921875,0,0.68359375,-0.18310546875,0.15869140625,-0.18310546875,-0.69580078125,-0.048828125,-1.3916015625,-0.35400390625,-0.62255859375,-0.1220703125,-0.9521484375,-0.13427734375,-0.2197265625,-0.32958984375,-0.7080078125,0.01220703125,-0.390625,-0.09765625,0.59814453125,-0.45166015625,0.5859375,-0.13427734375,0.29296875,-0.1708984375,-0.28076171875,0.30517578125,0.537109375,-0.0244140625,0.64697265625,0.06103515625,0.4638671875,0.3173828125,0.4150390625,-0.45166015625,-0.0244140625,0.01220703125,0.0244140625,-0.23193359375,0.830078125,-0.2685546875,0.146484375,-0.03662109375,0.0732421875,0.0244140625,0.68359375,-0.25634765625,1.3427734375,-0.03662109375,0.45166015625,0.0732421875,1.8310546875,0.06103515625,3.2470703125,0.3173828125,1.62353515625,0.01220703125,-0.0244140625,0.1708984375,0.50048828125,-0.10986328125,-1.59912109375,0.13427734375,-0.40283203125,-0.35400390625,-0.64697265625,0.42724609375,-1.220703125,-0.1953125,-0.69580078125,-0.0244140625,-0.68359375,-0.37841796875,-0.59814453125,0.09765625,-0.048828125,-0.08544921875,0.6591796875,-0.0244140625,-0.20751953125,-0.23193359375,-0.146484375,0.23193359375,4.6875,0.048828125,0.32958984375,0.13427734375,0,-0.0732421875,-0.0732421875,-0.06103515625,0.18310546875,-0.18310546875,0.1708984375,-0.08544921875,0.93994140625,0.08544921875,-0.25634765625,-0.048828125,-0.10986328125
1,0.3662109375,-0.37841796875,0.0732421875,-0.37841796875,0.048828125,-0.45166015625,-0.1708984375,-0.08544921875,-0.08544921875,-0.01220703125,-0.10986328125,-0.93994140625,-0.146484375,1.03759765625,-0.23193359375,-0.15869140625,0.01220703125,-0.57373046875,-0.01220703125,-0.15869140625,-0.634765625,0.8544921875,-0.10986328125,-0.5859375,-0.1220703125,-0.146484375,-0.146484375,-0.78125,0.01220703125,0.76904296875,-0.2197265625,0.4638671875,-0.146484375,-0.68359375,-0.10986328125,-1.46484375,-0.3662109375,-0.6103515625,-0.1953125,-0.93994140625,-0.1708984375,-0.244140625,-0.40283203125,-0.72021484375,-0.0244140625,-0.390625,-0.1220703125,0.59814453125,-0.42724609375,0.68359375,-0.1220703125,0.3173828125,-0.1953125,-0.30517578125,0.30517578125,0.54931640625,0,0.64697265625,0.0732421875,0.4638671875,0.341796875,0.439453125,-0.47607421875,-0.03662109375,0.048828125,-0.0244140625,-0.244140625,0.76904296875,-0.1953125,0.10986328125,-0.01220703125,0.0244140625,0.01220703125,0.78125,-0.2685546875,1.416015625,-0.0244140625,0.47607421875,0.20751953125,1.85546875,0.01220703125,3.21044921875,0.28076171875,1.611328125,0.146484375,-0.01220703125,0.15869140625,0.50048828125,-0.048828125,-1.66015625,0.0732421875,-0.5126953125,-0.341796875,-0.72021484375,0.37841796875,-1.6845703125,-0.1953125,-0.67138671875,-0.06103515625,-0.68359375,-0.29296875,-0.59814453125,0.08544921875,-0.0732421875,-0.01220703125,1.01318359375,-0.0244140625,0.09765625,-0.13427734375,0.08544921875,0.2197265625,5.65185546875,0.06103515625,0.30517578125,0.1220703125,-0.0244140625,-0.06103515625,-0.0732421875,-0.048828125,0.1708984375,-0.1953125,0.09765625,-0.08544921875,0.86669921875,0.08544921875,-0.29296875,-0.06103515625,-0.20751953125
1,0.390625,-0.4150390625,0.1220703125,-0.3662109375,0.048828125,-0.45166015625,-0.15869140625,-0.09765625,-0.10986328125,-0.03662109375,-0.10986328125,-0.927734375,-0.15869140625,1.06201171875,-0.244140625,-0.15869140625,-0.0244140625,-0.5615234375,0.0244140625,-0.1708984375,-0.6103515625,0.84228515625,-0.06103515625,-0.59814453125,-0.06103515625,-0.08544921875,-0.13427734375,-0.732421875,0.0244140625,0.830078125,-0.23193359375,0.62255859375,-0.13427734375,-0.6591796875,-0.1708984375,-1.45263671875,-0.390625,-0.5615234375,-0.20751953125,-0.9033203125,-0.2197265625,-0.23193359375,-0.45166015625,-0.72021484375,-0.0732421875,-0.390625,-0.10986328125,0.59814453125,-0.439453125,0.78125,-0.146484375,0.341796875,-0.23193359375,-0.29296875,0.25634765625,0.5859375,0.0244140625,0.64697265625,0.09765625,0.47607421875,0.35400390625,0.45166015625,-0.439453125,-0.06103515625,-0.0244140625,-0.06103515625,-0.28076171875,0.68359375,-0.1708984375,0.08544921875,-0.0732421875,0.01220703125,0.15869140625,0.927734375,-0.1953125,1.46484375,-0.0244140625,0.5615234375,0.25634765625,1.94091796875,0.01220703125,3.2470703125,0.20751953125,1.6357421875,0.2685546875,-0.01220703125,0.1708984375,0.52490234375,0.0244140625,-1.708984375,0.10986328125,-0.5615234375,-0.28076171875,-0.78125,0.30517578125,-1.85546875,-0.18310546875,-0.67138671875,-0.09765625,-0.67138671875,-0.1708984375,-0.6103515625,0.0732421875,-0.0732421875,0.06103515625,1.2939453125,-0.0244140625,0.390625,-0.03662109375,0.2685546875,0.18310546875,6.53076171875,0.0732421875,0.29296875,0.1220703125,-0.03662109375,-0.0732421875,-0.048828125,-0.0244140625,0.1708984375,-0.23193359375,0.08544921875,-0.146484375,0.81787109375,0.048828125,-0.29296875,-0.09765625,-0.244140625
1,0.40283203125,-0.37841796875,0.10986328125,-0.3662109375,0.06103515625,-0.439453125,-0.18310546875,-0.08544921875,-0.10986328125,-0.06103515625,-0.0732421875,-0.93994140625,-0.15869140625,1.06201171875,-0.23193359375,-0.15869140625,-0.08544921875,-0.54931640625,0.048828125,-0.15869140625,-0.54931640625,0.8544921875,-0.03662109375,-0.59814453125,0.01220703125,-0.03662109375,-0.10986328125,-0.69580078125,0.08544921875,0.87890625,-0.1708984375,0.68359375,-0.048828125,-0.634765625,-0.1953125,-1.33056640625,-0.37841796875,-0.537109375,-0.3173828125,-0.830078125,-0.20751953125,-0.244140625,-0.57373046875,-0.74462890625,-0.15869140625,-0.4150390625,-0.09765625,0.5859375,-0.3173828125,0.9521484375,-0.048828125,0.35400390625,-0.2685546875,-0.2685546875,0.25634765625,0.64697265625,-0.048828125,0.64697265625,0.15869140625,0.48828125,0.390625,0.42724609375,-0.341796875,-0.0732421875,-0.01220703125,-0.09765625,-0.341796875,0.62255859375,-0.146484375,0.08544921875,-0.1953125,0.01220703125,0.1708984375,1.07421875,-0.146484375,1.5625,0.01220703125,0.69580078125,0.2685546875,2.03857421875,0.048828125,3.2958984375,0.1220703125,1.6357421875,0.341796875,0.01220703125,0.10986328125,0.54931640625,0.13427734375,-1.69677734375,0.1220703125,-0.57373046875,-0.2197265625,-0.79345703125,0.18310546875,-1.7578125,-0.18310546875,-0.634765625,-0.09765625,-0.68359375,-0.0732421875,-0.59814453125,0.08544921875,-0.0732421875,0.08544921875,1.52587890625,-0.06103515625,0.59814453125,0.0732421875,0.439453125,0.146484375,7.26318359375,0.0732421875,0.30517578125,0.10986328125,-0.048828125,-0.06103515625,-0.06103515625,-0.0244140625,0.15869140625,-0.18310546875,0.10986328125,-0.146484375,0.830078125,0.10986328125,-0.2685546875,-0.01220703125,-0.20751953125
0,0.4150390625,-0.3662109375,0.048828125,-0.35400390625,0.0732421875,-0.439453125,-0.1708984375,-0.08544921875,-0.1220703125,-0.08544921875,-0.06103515625,-0.93994140625,-0.1708984375,1.07421875,-0.20751953125,-0.1708984375,-0.15869140625,-0.537109375,0.06103515625,-0.15869140625,-0.48828125,0.86669921875,-0.048828125,-0.6103515625,0.0244140625,0,-0.146484375,-0.68359375,0.0732421875,0.87890625,-0.18310546875,0.59814453125,0.01220703125,-0.5615234375,-0.13427734375,-1.15966796875,-0.341796875,-0.50048828125,-0.3173828125,-0.74462890625,-0.1708984375,-0.244140625,-0.5859375,-0.732421875,-0.244140625,-0.439453125,-0.06103515625,0.59814453125,-0.29296875,1.08642578125,0,0.40283203125,-0.28076171875,-0.2197265625,0.25634765625,0.7080078125,-0.08544921875,0.67138671875,0.23193359375,0.48828125,0.390625,0.40283203125,-0.2197265625,-0.048828125,-0.03662109375,-0.09765625,-0.32958984375,0.59814453125,-0.0244140625,0.09765625,-0.1953125,0.0244140625,0.18310546875,1.23291015625,-0.08544921875,1.67236328125,0.06103515625,0.81787109375,0.2197265625,2.18505859375,0.13427734375,3.2958984375,0.01220703125,1.59912109375,0.390625,0.01220703125,0.03662109375,0.54931640625,0.2197265625,-1.6845703125,0.06103515625,-0.54931640625,-0.10986328125,-0.732421875,0.1708984375,-1.416015625,-0.18310546875,-0.634765625,-0.10986328125,-0.68359375,0.03662109375,-0.62255859375,0.06103515625,-0.06103515625,0.10986328125,1.62353515625,-0.048828125,0.72021484375,0.10986328125,0.52490234375,0.1220703125,7.80029296875,0.10986328125,0.30517578125,0.0732421875,-0.06103515625,-0.08544921875,-0.048828125,-0.0244140625,0.146484375,-0.20751953125,0.18310546875,-0.048828125,0.93994140625,0.09765625,-0.1708984375,0,-0.10986328125
0,0.37841796875,-0.32958984375,0.06103515625,-0.3662109375,0.0732421875,-0.42724609375,-0.18310546875,-0.09765625,-0.13427734375,-0.08544921875,-0.10986328125,-0.927734375,-0.15869140625,1.07421875,-0.1953125,-0.15869140625,-0.2197265625,-0.54931640625,0.03662109375,-0.146484375,-0.3662109375,0.87890625,-0.09765625,-0.59814453125,0.03662109375,-0.0244140625,-0.15869140625,-0.68359375,0.048828125,0.87890625,-0.18310546875,0.4150390625,0.06103515625,-0.5126953125,-0.08544921875,-0.96435546875,-0.341796875,-0.4638671875,-0.37841796875,-0.64697265625,-0.1220703125,-0.23193359375,-0.5859375,-0.72021484375,-0.28076171875,-0.42724609375,-0.048828125,0.59814453125,-0.37841796875,1.1962890625,0.0244140625,0.42724609375,-0.3662109375,-0.18310546875,0.2685546875,0.74462890625,-0.15869140625,0.68359375,0.28076171875,0.48828125,0.4638671875,0.40283203125,-0.15869140625,-0.03662109375,-0.10986328125,-0.06103515625,-0.3662109375,0.62255859375,0,0.10986328125,-0.3173828125,0.0732421875,0.25634765625,1.3671875,-0.01220703125,1.7333984375,0.1220703125,0.93994140625,0.18310546875,2.33154296875,0.18310546875,3.23486328125,-0.08544921875,1.52587890625,0.35400390625,0.01220703125,-0.09765625,0.537109375,0.244140625,-1.611328125,0.08544921875,-0.47607421875,0.01220703125,-0.6591796875,0.1953125,-0.9033203125,-0.1708984375,-0.67138671875,-0.08544921875,-0.69580078125,0.10986328125,-0.6103515625,0.08544921875,-0.06103515625,0.03662109375,1.64794921875,-0.0732421875,0.76904296875,0.15869140625,0.54931640625,0.23193359375,8.04443359375,0.10986328125,0.30517578125,0.06103515625,-0.09765625,-0.06103515625,-0.0732421875,-0.03662109375,0.146484375,-0.20751953125,0.35400390625,0.0244140625,1.07421875,0.1220703125,-0.06103515625,0.03662109375,0.06103515625
0,0.42724609375,-0.32958984375,0.048828125,-0.35400390625,0.06103515625,-0.42724609375,-0.15869140625,-0.08544921875,-0.1220703125,-0.08544921875,-0.06103515625,-0.91552734375,-0.15869140625,1.06201171875,-0.18310546875,-0.15869140625,-0.29296875,-0.54931640625,0.0244140625,-0.146484375,-0.32958984375,0.91552734375,-0.13427734375,-0.6103515625,0.03662109375,-0.0244140625,-0.1220703125,-0.69580078125,0.03662109375,0.87890625,-0.146484375,0.20751953125,0.09765625,-0.4638671875,-0.0244140625,-0.8056640625,-0.32958984375,-0.4150390625,-0.439453125,-0.59814453125,-0.0244140625,-0.23193359375,-0.5615234375,-0.732421875,-0.29296875,-0.439453125,-0.0244140625,0.5859375,-0.439453125,1.25732421875,0.08544921875,0.48828125,-0.341796875,-0.146484375,0.28076171875,0.76904296875,-0.244140625,0.69580078125,0.2685546875,0.48828125,0.42724609375,0.3662109375,-0.0732421875,-0.0244140625,-0.13427734375,0.03662109375,-0.439453125,0.69580078125,0.06103515625,0.1708984375,-0.3173828125,0.146484375,0.10986328125,1.45263671875,0.08544921875,1.806640625,0.146484375,1.025390625,0.15869140625,2.42919921875,0.30517578125,2.99072265625,-0.15869140625,1.35498046875,0.29296875,-0.03662109375,-0.1953125,0.4638671875,0.28076171875,-1.513671875,0.06103515625,-0.37841796875,0.1220703125,-0.54931640625,0.18310546875,-0.2197265625,-0.1220703125,-0.67138671875,-0.13427734375,-0.69580078125,0.15869140625,-0.6103515625,0.13427734375,-0.06103515625,-0.01220703125,1.59912109375,-0.10986328125,0.732421875,0.15869140625,0.47607421875,0.390625,8.04443359375,0.09765625,0.3173828125,0.06103515625,-0.0732421875,-0.08544921875,-0.08544921875,-0.0244140625,0.1708984375,-0.2197265625,0.54931640625,-0.0244140625,1.220703125,0.09765625,0.0732421875,0.048828125,0.2685546875
0,0.4150390625,-0.3173828125,0.03662109375,-0.35400390625,0.0732421875,-0.45166015625,-0.15869140625,-0.08544921875,-0.10986328125,-0.10986328125,-0.06103515625,-0.91552734375,-0.146484375,1.0498046875,-0.18310546875,-0.15869140625,-0.28076171875,-0.57373046875,-0.01220703125,-0.13427734375,-0.3173828125,0.927734375,-0.13427734375,-0.62255859375,-0.03662109375,-0.03662109375,-0.13427734375,-0.67138671875,-0.0244140625,0.89111328125,-0.18310546875,0.01220703125,0.10986328125,-0.4150390625,-0.01220703125,-0.69580078125,-0.3173828125,-0.390625,-0.42724609375,-0.57373046875,0.03662109375,-0.2197265625,-0.537109375,-0.7080078125,-0.30517578125,-0.439453125,0.01220703125,0.57373046875,-0.48828125,1.25732421875,0.08544921875,0.47607421875,-0.35400390625,-0.13427734375,0.244140625,0.78125,-0.2197265625,0.72021484375,0.29296875,0.4638671875,0.3662109375,0.3662109375,-0.048828125,0,-0.15869140625,0.15869140625,-0.47607421875,0.8056640625,0.10986328125,0.23193359375,-0.28076171875,0.2197265625,0.0732421875,1.47705078125,0.10986328125,1.806640625,0.09765625,1.06201171875,0.06103515625,2.490234375,0.32958984375,2.60009765625,-0.25634765625,1.171875,0.2197265625,-0.146484375,-0.28076171875,0.32958984375,0.28076171875,-1.416015625,0.048828125,-0.28076171875,0.1953125,-0.40283203125,0.25634765625,0.537109375,-0.10986328125,-0.7080078125,-0.146484375,-0.68359375,0.15869140625,-0.6103515625,0.15869140625,-0.048828125,-0.0732421875,1.45263671875,-0.08544921875,0.634765625,0.13427734375,0.4150390625,0.30517578125,7.763671875,0.09765625,0.30517578125,0.06103515625,-0.03662109375,-0.08544921875,-0.08544921875,0,0.18310546875,-0.25634765625,0.732421875,0,1.35498046875,0.09765625,0.18310546875,0.0244140625,0.4638671875
0,0.4150390625,-0.29296875,0.0732421875,-0.35400390625,0.0732421875,-0.47607421875,-0.15869140625,-0.08544921875,-0.0732421875,-0.13427734375,-0.06103515625,-0.91552734375,-0.18310546875,1.025390625,-0.1708984375,-0.1708984375,-0.29296875,-0.57373046875,-0.06103515625,-0.15869140625,-0.29296875,0.91552734375,-0.18310546875,-0.634765625,-0.08544921875,0,-0.13427734375,-0.64697265625,-0.06103515625,0.927734375,-0.15869140625,-0.10986328125,0.13427734375,-0.390625,0.03662109375,-0.68359375,-0.2685546875,-0.40283203125,-0.40283203125,-0.537109375,0.03662109375,-0.2197265625,-0.50048828125,-0.7080078125,-0.32958984375,-0.42724609375,0.01220703125,0.5615234375,-0.537109375,1.1962890625,0.13427734375,0.47607421875,-0.30517578125,-0.10986328125,0.23193359375,0.78125,-0.244140625,0.69580078125,0.28076171875,0.48828125,0.40283203125,0.3662109375,0.0244140625,-0.01220703125,-0.10986328125,0.28076171875,-0.50048828125,0.91552734375,0.0732421875,0.2685546875,-0.244140625,0.29296875,-0.06103515625,1.416015625,0.10986328125,1.7333984375,0.048828125,1.01318359375,-0.048828125,2.44140625,0.341796875,2.06298828125,-0.28076171875,0.91552734375,0.09765625,-0.2685546875,-0.30517578125,0.18310546875,0.25634765625,-1.25732421875,0.0732421875,-0.13427734375,0.23193359375,-0.244140625,0.2197265625,1.3671875,-0.08544921875,-0.68359375,-0.13427734375,-0.68359375,0.1220703125,-0.59814453125,0.2197265625,-0.03662109375,-0.13427734375,1.2451171875,-0.08544921875,0.4638671875,0.06103515625,0.29296875,0.244140625,7.26318359375,0.0732421875,0.3173828125,0.06103515625,-0.03662109375,-0.0732421875,-0.0732421875,0,0.18310546875,-0.2197265625,0.8544921875,0.08544921875,1.46484375,0.1220703125,0.25634765625,0.08544921875,0.6103515625
0,0.42724609375,-0.2685546875,0.03662109375,-0.3662109375,0.0732421875,-0.47607421875,-0.146484375,-0.08544921875,-0.0732421875,-0.13427734375,-0.06103515625,-0.91552734375,-0.2197265625,1.025390625,-0.1708984375,-0.1708984375,-0.28076171875,-0.5859375,-0.048828125,-0.15869140625,-0.37841796875,0.91552734375,-0.146484375,-0.6103515625,-0.1220703125,0.01220703125,-0.10986328125,-0.62255859375,-0.048828125,1.01318359375,-0.146484375,-0.09765625,0.13427734375,-0.40283203125,0.048828125,-0.732421875,-0.244140625,-0.42724609375,-0.40283203125,-0.57373046875,0.03662109375,-0.23193359375,-0.4150390625,-0.7080078125,-0.3173828125,-0.42724609375,-0.0244140625,0.5615234375,-0.537109375,1.1474609375,0.18310546875,0.4638671875,-0.2197265625,-0.13427734375,0.1708984375,0.732421875,-0.2197265625,0.68359375,0.25634765625,0.47607421875,0.45166015625,0.3662109375,0.08544921875,-0.01220703125,-0.048828125,0.390625,-0.4150390625,1.01318359375,0.048828125,0.30517578125,-0.20751953125,0.3662109375,0,1.3427734375,0.13427734375,1.64794921875,0,0.93994140625,-0.10986328125,2.38037109375,0.439453125,1.40380859375,-0.2685546875,0.6591796875,-0.03662109375,-0.45166015625,-0.25634765625,-0.06103515625,0.20751953125,-1.0986328125,0.03662109375,0.01220703125,0.3173828125,-0.08544921875,0.32958984375,2.20947265625,-0.01220703125,-0.7080078125,-0.146484375,-0.68359375,0.0732421875,-0.6103515625,0.23193359375,-0.01220703125,-0.146484375,1.0498046875,-0.0732421875,0.29296875,-0.0244140625,0.15869140625,0.1953125,6.6162109375,0.06103515625,0.3173828125,0.048828125,-0.01220703125,-0.0732421875,-0.06103515625,0.01220703125,0.18310546875,-0.2197265625,0.87890625,0.0732421875,1.46484375,0.10986328125,0.2685546875,0.0732421875,0.64697265625
0,0.40283203125,-0.2197265625,0.03662109375,-0.37841796875,0.09765625,-0.47607421875,-0.09765625,-0.08544921875,-0.06103515625,-0.10986328125,-0.048828125,-0.927734375,-0.20751953125,1.025390625,-0.1708984375,-0.18310546875,-0.2685546875,-0.5859375,0,-0.146484375,-0.2685546875,0.89111328125,-0.08544921875,-0.6103515625,-0.146484375,0.03662109375,-0.09765625,-0.59814453125,-0.0244140625,1.08642578125,-0.08544921875,0.01220703125,0.15869140625,-0.45166015625,0.048828125,-0.8544921875,-0.20751953125,-0.47607421875,-0.37841796875,-0.6103515625,0.03662109375,-0.244140625,-0.32958984375,-0.7080078125,-0.3173828125,-0.45166015625,-0.0244140625,0.54931640625,-0.5859375,1.11083984375,0.146484375,0.47607421875,-0.2197265625,-0.1708984375,0.0732421875,0.7080078125,-0.20751953125,0.67138671875,0.23193359375,0.47607421875,0.3662109375,0.3662109375,0.1220703125,-0.0244140625,-0.0244140625,0.47607421875,-0.3173828125,1.08642578125,0.01220703125,0.32958984375,-0.146484375,0.40283203125,0.10986328125,1.25732421875,0.18310546875,1.5380859375,-0.0732421875,0.830078125,-0.15869140625,2.23388671875,0.40283203125,0.6591796875,-0.2197265625,0.390625,-0.146484375,-0.634765625,-0.2197265625,-0.28076171875,0.15869140625,-0.93994140625,0.048828125,0.1220703125,0.390625,0.06103515625,0.32958984375,3.076171875,0.01220703125,-0.7080078125,-0.146484375,-0.69580078125,-0.0244140625,-0.6103515625,0.20751953125,-0.03662109375,-0.1708984375,0.86669921875,-0.09765625,0.09765625,-0.09765625,0.01220703125,0.1220703125,5.92041015625,0.06103515625,0.32958984375,0.0244140625,-0.01220703125,-0.08544921875,-0.03662109375,0,0.1953125,-0.23193359375,0.84228515625,0.01220703125,1.40380859375,0.10986328125,0.2197265625,0.048828125,0.54931640625
0,0.3662109375,-0.20751953125,0.0732421875,-0.40283203125,0.13427734375,-0.47607421875,-0.0732421875,-0.10986328125,-0.048828125,-0.10986328125,-0.01220703125,-0.91552734375,-0.18310546875,1.025390625,-0.13427734375,-0.1953125,-0.2685546875,-0.5615234375,0.06103515625,-0.15869140625,-0.32958984375,0.89111328125,-0.06103515625,-0.6103515625,-0.15869140625,0.08544921875,-0.10986328125,-0.57373046875,-0.01220703125,1.15966796875,-0.08544921875,0.20751953125,0.13427734375,-0.47607421875,0.01220703125,-1.0009765625,-0.15869140625,-0.50048828125,-0.35400390625,-0.67138671875,0.03662109375,-0.23193359375,-0.2197265625,-0.68359375,-0.29296875,-0.42724609375,-0.01220703125,0.54931640625,-0.5859375,1.08642578125,0.1220703125,0.47607421875,-0.20751953125,-0.18310546875,0.01220703125,0.7080078125,-0.15869140625,0.64697265625,0.15869140625,0.4638671875,0.29296875,0.37841796875,0.18310546875,-0.03662109375,0.048828125,0.5126953125,-0.1953125,1.123046875,-0.0244140625,0.3173828125,-0.048828125,0.40283203125,0.18310546875,1.2451171875,0.146484375,1.40380859375,-0.15869140625,0.732421875,-0.23193359375,2.1240234375,0.37841796875,-0.0732421875,-0.146484375,0.146484375,-0.1953125,-0.830078125,-0.146484375,-0.48828125,0.09765625,-0.79345703125,0.06103515625,0.20751953125,0.45166015625,0.1708984375,0.42724609375,3.91845703125,0.01220703125,-0.7080078125,-0.1220703125,-0.7080078125,-0.06103515625,-0.6103515625,0.15869140625,-0.0244140625,-0.13427734375,0.72021484375,-0.09765625,-0.0732421875,-0.15869140625,-0.13427734375,0.03662109375,5.2734375,0.0732421875,0.30517578125,0.03662109375,-0.0244140625,-0.06103515625,-0.01220703125,0.01220703125,0.18310546875,-0.2197265625,0.68359375,0.13427734375,1.30615234375,0.15869140625,0.10986328125,0.048828125,0.390625
0,0.40283203125,-0.2197265625,0.10986328125,-0.4150390625,0.146484375,-0.47607421875,-0.048828125,-0.09765625,-0.06103515625,-0.09765625,0.0244140625,-0.93994140625,-0.1953125,1.03759765625,-0.13427734375,-0.18310546875,-0.25634765625,-0.5859375,0.13427734375,-0.1708984375,-0.341796875,0.86669921875,0.048828125,-0.6103515625,-0.13427734375,0.10986328125,-0.1220703125,-0.54931640625,0.0244140625,1.20849609375,-0.146484375,0.42724609375,0.1220703125,-0.50048828125,-0.01220703125,-1.171875,-0.1708984375,-0.537109375,-0.30517578125,-0.72021484375,0.01220703125,-0.25634765625,-0.10986328125,-0.68359375,-0.30517578125,-0.4150390625,-0.048828125,0.537109375,-0.59814453125,1.13525390625,0.06103515625,0.48828125,-0.1953125,-0.1953125,-0.06103515625,0.7080078125,-0.08544921875,0.64697265625,0.10986328125,0.47607421875,0.146484375,0.390625,0.20751953125,-0.048828125,-0.0244140625,0.50048828125,-0.08544921875,1.07421875,-0.0732421875,0.30517578125,0.01220703125,0.37841796875,0.32958984375,1.37939453125,0.146484375,1.3916015625,-0.244140625,0.72021484375,-0.1953125,2.06298828125,0.28076171875,-0.69580078125,-0.0732421875,-0.06103515625,-0.244140625,-0.98876953125,-0.09765625,-0.64697265625,0.01220703125,-0.68359375,0.048828125,0.30517578125,0.5615234375,0.29296875,0.37841796875,4.77294921875,-0.0244140625,-0.68359375,-0.09765625,-0.69580078125,-0.09765625,-0.59814453125,0.08544921875,-0.048828125,-0.1220703125,0.5615234375,-0.10986328125,-0.2197265625,-0.23193359375,-0.23193359375,0.048828125,4.77294921875,0.048828125,0.30517578125,0.048828125,-0.0244140625,-0.0732421875,-0.01220703125,0.0244140625,0.15869140625,-0.23193359375,0.50048828125,0.146484375,1.220703125,0.146484375,-0.01220703125,0.0244140625,0.18310546875
0,0.4150390625,-0.1953125,0.146484375,-0.4150390625,0.15869140625,-0.4638671875,-0.048828125,-0.09765625,-0.06103515625,-0.06103515625,0.03662109375,-0.927734375,-0.20751953125,1.03759765625,-0.146484375,-0.1708984375,-0.25634765625,-0.57373046875,0.2197265625,-0.15869140625,-0.28076171875,0.8544921875,0.09765625,-0.59814453125,-0.10986328125,0.1220703125,-0.1220703125,-0.537109375,0.048828125,1.25732421875,-0.2197265625,0.57373046875,0.048828125,-0.537109375,0,-1.28173828125,-0.1708984375,-0.5859375,-0.2685546875,-0.76904296875,0,-0.2685546875,-0.01220703125,-0.7080078125,-0.3173828125,-0.439453125,-0.06103515625,0.537109375,-0.537109375,1.20849609375,0.0244140625,0.5126953125,-0.20751953125,-0.20751953125,-0.09765625,0.72021484375,-0.03662109375,0.634765625,0.06103515625,0.47607421875,0.09765625,0.42724609375,0.15869140625,-0.048828125,-0.0732421875,0.47607421875,0.08544921875,1.01318359375,-0.08544921875,0.2685546875,0.0732421875,0.341796875,0.37841796875,1.72119140625,0.09765625,1.416015625,-0.35400390625,0.76904296875,-0.15869140625,2.13623046875,0.2685546875,-1.08642578125,0.01220703125,-0.1953125,-0.20751953125,-1.0986328125,-0.0732421875,-0.74462890625,-0.048828125,-0.59814453125,0.06103515625,0.35400390625,0.5615234375,0.37841796875,0.20751953125,5.55419921875,-0.048828125,-0.6591796875,-0.03662109375,-0.68359375,-0.10986328125,-0.6103515625,0,-0.0732421875,-0.09765625,0.52490234375,-0.10986328125,-0.28076171875,-0.23193359375,-0.2685546875,-0.0244140625,4.47998046875,0.048828125,0.3173828125,0.048828125,-0.048828125,-0.0732421875,0,0,0.15869140625,-0.1953125,0.341796875,0.20751953125,1.220703125,0.15869140625,-0.1220703125,0.01220703125,0.01220703125
0,0.390625,-0.20751953125,0.13427734375,-0.390625,0.1220703125,-0.439453125,-0.01220703125,-0.0732421875,-0.03662109375,-0.0244140625,0.0244140625,-0.9521484375,-0.20751953125,1.0498046875,-0.15869140625,-0.15869140625,-0.244140625,-0.57373046875,0.30517578125,-0.1708984375,-0.2685546875,0.86669921875,0.15869140625,-0.5859375,-0.048828125,0.1220703125,-0.09765625,-0.5615234375,0.03662109375,1.2451171875,-0.244140625,0.67138671875,-0.06103515625,-0.5859375,0.0732421875,-1.35498046875,-0.18310546875,-0.6103515625,-0.1708984375,-0.78125,0,-0.25634765625,0.09765625,-0.69580078125,-0.3173828125,-0.42724609375,-0.048828125,0.52490234375,-0.52490234375,1.2939453125,0,0.537109375,-0.15869140625,-0.1953125,-0.1220703125,0.74462890625,-0.03662109375,0.634765625,0.0244140625,0.48828125,0,0.42724609375,0.146484375,-0.06103515625,-0.10986328125,0.390625,0.1220703125,0.9033203125,-0.06103515625,0.23193359375,0.10986328125,0.30517578125,0.390625,2.25830078125,0.03662109375,1.62353515625,-0.4150390625,0.9521484375,-0.146484375,2.34375,0.13427734375,-1.25732421875,0.0732421875,-0.2197265625,-0.15869140625,-1.15966796875,-0.06103515625,-0.8056640625,-0.0732421875,-0.52490234375,0.08544921875,0.390625,0.59814453125,0.42724609375,0.09765625,6.2255859375,-0.0732421875,-0.6591796875,-0.048828125,-0.69580078125,-0.08544921875,-0.6103515625,-0.08544921875,-0.0732421875,-0.09765625,0.537109375,-0.13427734375,-0.28076171875,-0.20751953125,-0.25634765625,-0.1220703125,4.4189453125,0,0.30517578125,0.048828125,-0.048828125,-0.06103515625,-0.01220703125,0.0244140625,0.15869140625,-0.20751953125,0.2685546875,0.20751953125,1.37939453125,0.146484375,-0.1220703125,-0.01220703125,-0.03662109375
0,0.37841796875,-0.23193359375,0.13427734375,-0.390625,0.10986328125,-0.42724609375,0,-0.0732421875,-0.01220703125,-0.01220703125,0.06103515625,-0.927734375,-0.1953125,1.07421875,-0.13427734375,-0.15869140625,-0.20751953125,-0.537109375,0.3662109375,-0.1708984375,-0.13427734375,0.86669921875,0.2197265625,-0.59814453125,0.03662109375,0.08544921875,-0.10986328125,-0.62255859375,0.03662109375,1.18408203125,-0.23193359375,0.6591796875,-0.09765625,-0.6103515625,0.0244140625,-1.33056640625,-0.23193359375,-0.634765625,-0.13427734375,-0.8056640625,-0.048828125,-0.28076171875,0.13427734375,-0.7080078125,-0.3662109375,-0.439453125,-0.03662109375,0.52490234375,-0.50048828125,1.35498046875,0.0244140625,0.57373046875,-0.18310546875,-0.18310546875,-0.1708984375,0.76904296875,-0.048828125,0.62255859375,0.01220703125,0.47607421875,-0.048828125,0.439453125,0.0244140625,-0.0732421875,-0.18310546875,0.3173828125,0.1220703125,0.8056640625,0,0.1953125,0.09765625,0.2197265625,0.40283203125,3.06396484375,0.01220703125,1.9775390625,-0.439453125,1.2939453125,-0.09765625,2.74658203125,0.09765625,-1.13525390625,0.10986328125,-0.1708984375,-0.1220703125,-1.13525390625,-0.09765625,-0.74462890625,-0.08544921875,-0.48828125,0.0732421875,0.4150390625,0.57373046875,0.4638671875,-0.0244140625,6.67724609375,-0.13427734375,-0.6591796875,-0.08544921875,-0.68359375,-0.0732421875,-0.6103515625,-0.1708984375,-0.06103515625,-0.10986328125,0.57373046875,-0.10986328125,-0.244140625,-0.1708984375,-0.2197265625,-0.1953125,4.5654296875,-0.0244140625,0.30517578125,0.048828125,-0.06103515625,-0.048828125,-0.0244140625,0.01220703125,0.146484375,-0.20751953125,0.390625,0.244140625,1.708984375,0.1708984375,-0.01220703125,0.01220703125,0.10986328125
0,0.341796875,-0.244140625,0.1220703125,-0.35400390625,0.1220703125,-0.42724609375,0,-0.048828125,-0.0244140625,0,0.03662109375,-0.91552734375,-0.20751953125,1.06201171875,-0.1220703125,-0.13427734375,-0.1953125,-0.5615234375,0.390625,-0.1708984375,-0.03662109375,0.86669921875,0.1953125,-0.62255859375,0.10986328125,0.0244140625,-0.15869140625,-0.6591796875,0.048828125,1.13525390625,-0.1220703125,0.54931640625,-0.146484375,-0.59814453125,0.06103515625,-1.2939453125,-0.2197265625,-0.6103515625,-0.09765625,-0.78125,-0.0732421875,-0.25634765625,0.15869140625,-0.72021484375,-0.3173828125,-0.439453125,-0.03662109375,0.537109375,-0.5126953125,1.3671875,0.048828125,0.59814453125,-0.1953125,-0.15869140625,-0.1953125,0.79345703125,-0.08544921875,0.634765625,0,0.4638671875,-0.03662109375,0.439453125,-0.048828125,-0.0244140625,-0.18310546875,0.23193359375,0.2197265625,0.72021484375,0.06103515625,0.146484375,0.10986328125,0.1953125,0.2685546875,4.06494140625,-0.01220703125,2.4169921875,-0.37841796875,1.7578125,-0.0732421875,3.3203125,0.15869140625,-0.7080078125,0.15869140625,-0.01220703125,-0.06103515625,-1.03759765625,-0.09765625,-0.634765625,-0.08544921875,-0.48828125,0.0732421875,0.4150390625,0.4638671875,0.4638671875,-0.0732421875,6.8603515625,-0.146484375,-0.6591796875,-0.0732421875,-0.68359375,-0.09765625,-0.5859375,-0.20751953125,-0.0732421875,-0.10986328125,0.634765625,-0.09765625,-0.1953125,-0.1220703125,-0.15869140625,-0.20751953125,4.82177734375,-0.0244140625,0.30517578125,0.048828125,-0.0732421875,-0.06103515625,-0.03662109375,0.01220703125,0.146484375,-0.18310546875,0.7080078125,0.1708984375,2.294921875,0.18310546875,0.30517578125,0.01220703125,0.4638671875
0,0.30517578125,-0.244140625,0.146484375,-0.341796875,0.10986328125,-0.42724609375,-0.01220703125,-0.03662109375,-0.0244140625,-0.0244140625,0.01220703125,-0.91552734375,-0.1953125,1.06201171875,-0.1220703125,-0.10986328125,-0.1708984375,-0.54931640625,0.40283203125,-0.18310546875,-0.06103515625,0.9033203125,0.2197265625,-0.62255859375,0.15869140625,-0.0244140625,-0.18310546875,-0.69580078125,0.03662109375,1.06201171875,-0.09765625,0.35400390625,-0.1708984375,-0.6103515625,0.09765625,-1.171875,-0.25634765625,-0.5859375,-0.0244140625,-0.76904296875,-0.0732421875,-0.25634765625,0.146484375,-0.7568359375,-0.2685546875,-0.45166015625,-0.03662109375,0.537109375,-0.54931640625,1.33056640625,0.0244140625,0.59814453125,-0.20751953125,-0.13427734375,-0.1708984375,0.8056640625,-0.146484375,0.634765625,0.0732421875,0.47607421875,-0.09765625,0.42724609375,-0.06103515625,-0.01220703125,-0.1708984375,0.1708984375,0.29296875,0.6591796875,0.10986328125,0.1220703125,0.06103515625,0.1708984375,0.20751953125,5.26123046875,-0.048828125,2.978515625,-0.30517578125,2.3193359375,-0.09765625,3.96728515625,0.03662109375,-0.048828125,0.1708984375,0.244140625,-0.048828125,-0.87890625,-0.13427734375,-0.439453125,-0.01220703125,-0.54931640625,0.01220703125,0.390625,0.3662109375,0.42724609375,-0.08544921875,6.72607421875,-0.13427734375,-0.67138671875,-0.03662109375,-0.64697265625,-0.08544921875,-0.6103515625,-0.20751953125,-0.06103515625,-0.10986328125,0.7080078125,-0.09765625,-0.1220703125,-0.06103515625,-0.08544921875,-0.1953125,5.1025390625,-0.01220703125,0.30517578125,0.03662109375,-0.048828125,-0.06103515625,-0.03662109375,0,0.146484375,-0.2197265625,1.23291015625,0.06103515625,3.0517578125,0.1708984375,0.72021484375,-0.03662109375,1.08642578125
1,0.3173828125,-0.244140625,0.15869140625,-0.32958984375,0.10986328125,-0.42724609375,-0.048828125,-0.048828125,-0.01220703125,-0.01220703125,0.0244140625,-0.9033203125,-0.20751953125,1.07421875,-0.10986328125,-0.08544921875,-0.146484375,-0.5859375,0.3662109375,-0.1708984375,-0.0732421875,0.93994140625,0.1953125,-0.634765625,0.23193359375,-0.0732421875,-0.23193359375,-0.732421875,0.08544921875,0.98876953125,-0.0244140625,0.146484375,-0.13427734375,-0.57373046875,0.10986328125,-1.03759765625,-0.25634765625,-0.54931640625,-0.01220703125,-0.732421875,0,-0.23193359375,0.10986328125,-0.76904296875,-0.15869140625,-0.439453125,-0.01220703125,0.54931640625,-0.537109375,1.23291015625,0.048828125,0.57373046875,-0.1953125,-0.10986328125,-0.0732421875,0.7568359375,-0.1953125,0.64697265625,0.08544921875,0.4638671875,-0.1220703125,0.42724609375,-0.1953125,-0.01220703125,-0.15869140625,0.1220703125,0.2197265625,0.6103515625,0.09765625,0.09765625,0.03662109375,0.146484375,0.23193359375,6.50634765625,-0.08544921875,3.5888671875,-0.23193359375,2.94189453125,-0.1220703125,4.7119140625,0.13427734375,0.81787109375,0.1708984375,0.5615234375,-0.09765625,-0.68359375,-0.1220703125,-0.1953125,0.0732421875,-0.64697265625,0,0.341796875,0.23193359375,0.32958984375,-0.06103515625,6.21337890625,-0.13427734375,-0.68359375,-0.0244140625,-0.6591796875,-0.09765625,-0.6103515625,-0.20751953125,-0.048828125,-0.1220703125,0.74462890625,-0.1220703125,-0.0732421875,-0.01220703125,-0.06103515625,-0.146484375,5.28564453125,-0.03662109375,0.3173828125,0.048828125,-0.03662109375,-0.0732421875,-0.048828125,0,0.15869140625,-0.18310546875,1.904296875,0.06103515625,3.96728515625,0.1953125,1.28173828125,-0.01220703125,1.8798828125
1,0.244140625,-0.2197265625,0.146484375,-0.3173828125,0.0732421875,-0.42724609375,-0.06103515625,-0.01220703125,-0.03662109375,-0.048828125,0.01220703125,-0.91552734375,-0.20751953125,1.0498046875,-0.146484375,-0.09765625,-0.13427734375,-0.57373046875,0.3173828125,-0.1708984375,-0.09765625,0.96435546875,0.1953125,-0.62255859375,0.2197265625,-0.10986328125,-0.28076171875,-0.7568359375,0.09765625,0.9521484375,-0.01220703125,-0.0244140625,-0.09765625,-0.54931640625,0.1220703125,-0.93994140625,-0.244140625,-0.5126953125,0.0244140625,-0.72021484375,0.0732421875,-0.23193359375,0.08544921875,-0.74462890625,-0.048828125,-0.439453125,-0.03662109375,0.54931640625,-0.4638671875,1.08642578125,0.01220703125,0.537109375,-0.15869140625,-0.1220703125,-0.01220703125,0.732421875,-0.25634765625,0.6591796875,0.08544921875,0.4638671875,-0.1708984375,0.4150390625,-0.29296875,-0.01220703125,-0.0732421875,0.09765625,0.15869140625,0.6103515625,0.13427734375,0.08544921875,0.08544921875,0.1220703125,0.244140625,7.71484375,-0.06103515625,4.1748046875,-0.15869140625,3.57666015625,-0.15869140625,5.3955078125,0.20751953125,1.7578125,0.15869140625,0.91552734375,-0.1708984375,-0.4150390625,-0.0732421875,0.09765625,0.1708984375,-0.7568359375,-0.0732421875,0.2685546875,0.06103515625,0.244140625,-0.03662109375,5.38330078125,-0.146484375,-0.68359375,-0.0244140625,-0.6591796875,-0.06103515625,-0.59814453125,-0.15869140625,-0.03662109375,-0.10986328125,0.7080078125,-0.1708984375,-0.08544921875,0.03662109375,-0.048828125,-0.048828125,5.23681640625,-0.0244140625,0.3173828125,0.0244140625,0,-0.06103515625,-0.048828125,0,0.18310546875,-0.23193359375,2.72216796875,-0.0244140625,4.9560546875,0.15869140625,1.91650390625,-0.048828125,2.8076171875
1,0.244140625,-0.1708984375,0.1708984375,-0.341796875,0.08544921875,-0.45166015625,-0.0244140625,-0.03662109375,-0.06103515625,-0.0732421875,0,-0.927734375,-0.2197265625,1.03759765625,-0.13427734375,-0.09765625,-0.13427734375,-0.5859375,0.244140625,-0.15869140625,-0.1953125,0.9765625,0.20751953125,-0.64697265625,0.15869140625,-0.13427734375,-0.37841796875,-0.76904296875,0.1220703125,0.91552734375,-0.09765625,-0.13427734375,-0.048828125,-0.537109375,0.1220703125,-0.86669921875,-0.25634765625,-0.48828125,0.01220703125,-0.7080078125,0.146484375,-0.2197265625,0.048828125,-0.732421875,0,-0.42724609375,-0.01220703125,0.57373046875,-0.50048828125,0.93994140625,0.0244140625,0.50048828125,-0.13427734375,-0.1220703125,-0.01220703125,0.7080078125,-0.30517578125,0.67138671875,0.1220703125,0.4638671875,-0.2197265625,0.42724609375,-0.32958984375,-0.01220703125,-0.06103515625,0.09765625,-0.01220703125,0.6591796875,0.08544921875,0.08544921875,0.03662109375,0.1220703125,0.25634765625,8.87451171875,-0.06103515625,4.6875,-0.0732421875,4.1259765625,-0.146484375,6.06689453125,0.25634765625,2.7587890625,0.1220703125,1.318359375,-0.30517578125,-0.15869140625,-0.0732421875,0.390625,0.2197265625,-0.9033203125,-0.13427734375,0.15869140625,-0.10986328125,0.08544921875,0.0244140625,4.30908203125,-0.18310546875,-0.69580078125,-0.01220703125,-0.67138671875,-0.048828125,-0.6103515625,-0.13427734375,-0.0244140625,-0.10986328125,0.62255859375,-0.244140625,-0.1708984375,0.03662109375,-0.13427734375,0.1220703125,4.9072265625,-0.06103515625,0.3173828125,0.01220703125,0.01220703125,-0.0732421875,-0.03662109375,0.0244140625,0.1953125,-0.1953125,3.52783203125,0.08544921875,5.96923828125,0.18310546875,2.57568359375,0,3.74755859375
1,0.23193359375,-0.10986328125,0.15869140625,-0.341796875,0.06103515625,-0.45166015625,0,-0.048828125,-0.06103515625,-0.09765625,0,-0.91552734375,-0.2197265625,1.01318359375,-0.13427734375,-0.10986328125,-0.146484375,-0.57373046875,0.15869140625,-0.15869140625,-0.23193359375,1.0009765625,0.15869140625,-0.64697265625,0.1708984375,-0.13427734375,-0.4150390625,-0.732421875,0.2197265625,0.927734375,-0.13427734375,-0.1708984375,0,-0.537109375,0.1220703125,-0.84228515625,-0.18310546875,-0.5126953125,-0.03662109375,-0.732421875,0.2197265625,-0.2197265625,-0.01220703125,-0.72021484375,0.03662109375,-0.4150390625,-0.0244140625,0.57373046875,-0.5859375,0.8056640625,0.03662109375,0.42724609375,-0.0244140625,-0.15869140625,0.01220703125,0.64697265625,-0.341796875,0.68359375,0.146484375,0.4638671875,-0.1708984375,0.439453125,-0.4150390625,-0.01220703125,0.01220703125,0.09765625,-0.09765625,0.69580078125,0.01220703125,0.1220703125,0.0244140625,0.1220703125,0.048828125,9.8388671875,-0.09765625,5.1025390625,-0.048828125,4.6142578125,-0.1708984375,6.57958984375,0.25634765625,3.7109375,0.10986328125,1.69677734375,-0.45166015625,0.13427734375,-0.048828125,0.69580078125,0.2197265625,-1.07421875,-0.13427734375,0.03662109375,-0.244140625,-0.0732421875,0.0244140625,3.11279296875,-0.18310546875,-0.732421875,0.01220703125,-0.6591796875,-0.0244140625,-0.62255859375,-0.06103515625,-0.0244140625,-0.06103515625,0.4638671875,-0.244140625,-0.35400390625,0.08544921875,-0.28076171875,0.23193359375,4.26025390625,-0.08544921875,0.32958984375,0.01220703125,0,-0.0732421875,-0.0244140625,0.01220703125,0.20751953125,-0.1953125,4.26025390625,0.13427734375,6.84814453125,0.1708984375,3.1494140625,0,4.638671875
1,0.18310546875,-0.01220703125,0.146484375,-0.37841796875,0.06103515625,-0.4638671875,0.0244140625,-0.0732421875,-0.0732421875,-0.10986328125,0,-0.927734375,-0.23193359375,1.025390625,-0.146484375,-0.09765625,-0.1708984375,-0.57373046875,0.10986328125,-0.13427734375,-0.20751953125,1.025390625,0.1220703125,-0.62255859375,0.10986328125,-0.10986328125,-0.4638671875,-0.72021484375,0.2685546875,0.93994140625,-0.1953125,-0.09765625,0.0732421875,-0.537109375,0.1220703125,-0.87890625,-0.146484375,-0.50048828125,-0.03662109375,-0.76904296875,0.25634765625,-0.2197265625,-0.01220703125,-0.72021484375,0.06103515625,-0.4150390625,-0.0244140625,0.57373046875,-0.57373046875,0.7080078125,0.048828125,0.40283203125,0.048828125,-0.1708984375,0.08544921875,0.6103515625,-0.390625,0.6591796875,0.146484375,0.4638671875,-0.1220703125,0.4638671875,-0.4638671875,-0.0244140625,0.03662109375,0.10986328125,-0.048828125,0.78125,0.0244140625,0.146484375,0.03662109375,0.1220703125,0,10.595703125,-0.08544921875,5.38330078125,0,4.9560546875,-0.146484375,6.9580078125,0.1708984375,4.55322265625,0.03662109375,2.06298828125,-0.57373046875,0.37841796875,-0.0732421875,0.93994140625,0.23193359375,-1.20849609375,-0.15869140625,-0.08544921875,-0.28076171875,-0.23193359375,0.01220703125,1.91650390625,-0.1708984375,-0.72021484375,0.048828125,-0.67138671875,0,-0.59814453125,-0.01220703125,-0.03662109375,-0.09765625,0.23193359375,-0.28076171875,-0.5859375,0.048828125,-0.47607421875,0.29296875,3.3447265625,-0.10986328125,0.30517578125,-0.01220703125,0.01220703125,-0.048828125,0,0.048828125,0.1953125,-0.15869140625,4.82177734375,0.1708984375,7.5439453125,0.1953125,3.5888671875,0.03662109375,5.33447265625
1,0.1708984375,0.10986328125,0.15869140625,-0.390625,0.0732421875,-0.48828125,0.03662109375,-0.06103515625,-0.06103515625,-0.09765625,0.0244140625,-0.91552734375,-0.244140625,1.025390625,-0.13427734375,-0.0732421875,-0.20751953125,-0.5615234375,0.09765625,-0.146484375,-0.20751953125,1.06201171875,0.01220703125,-0.62255859375,0.01220703125,-0.0732421875,-0.537109375,-0.69580078125,0.29296875,0.96435546875,-0.28076171875,0.048828125,0.0732421875,-0.5615234375,0.13427734375,-0.93994140625,-0.13427734375,-0.52490234375,-0.10986328125,-0.79345703125,0.30517578125,-0.2197265625,-0.01220703125,-0.732421875,0.0732421875,-0.42724609375,-0.01220703125,0.54931640625,-0.59814453125,0.68359375,0.01220703125,0.37841796875,0.01220703125,-0.146484375,0.146484375,0.59814453125,-0.439453125,0.6591796875,0.15869140625,0.47607421875,-0.0732421875,0.4638671875,-0.537109375,-0.03662109375,0.03662109375,0.13427734375,-0.10986328125,0.81787109375,-0.0732421875,0.1708984375,0.0244140625,0.13427734375,-0.06103515625,11.1083984375,-0.1220703125,5.5419921875,-0.0244140625,5.16357421875,-0.10986328125,7.1533203125,0.1220703125,5.21240234375,0,2.35595703125,-0.62255859375,0.54931640625,-0.146484375,1.15966796875,0.2197265625,-1.3427734375,-0.15869140625,-0.1953125,-0.29296875,-0.3662109375,-0.01220703125,0.86669921875,-0.18310546875,-0.69580078125,0.01220703125,-0.67138671875,-0.0732421875,-0.6103515625,0.01220703125,-0.03662109375,-0.13427734375,-0.03662109375,-0.30517578125,-0.86669921875,0.03662109375,-0.7080078125,0.3173828125,2.3193359375,-0.1220703125,0.3173828125,-0.03662109375,-0.01220703125,-0.0732421875,0,0.048828125,0.1953125,-0.18310546875,5.2001953125,0.10986328125,7.99560546875,0.15869140625,3.8818359375,0.03662109375,5.7861328125
1,0.15869140625,0.18310546875,0.13427734375,-0.37841796875,0.1220703125,-0.47607421875,0.06103515625,-0.048828125,-0.0732421875,-0.08544921875,0.048828125,-0.9033203125,-0.25634765625,1.025390625,-0.13427734375,-0.03662109375,-0.2197265625,-0.54931640625,0.06103515625,-0.13427734375,-0.18310546875,1.06201171875,-0.0732421875,-0.59814453125,0,-0.048828125,-0.5126953125,-0.69580078125,0.29296875,0.98876953125,-0.28076171875,0.20751953125,0.1220703125,-0.5859375,0.13427734375,-1.0009765625,-0.146484375,-0.5615234375,-0.13427734375,-0.81787109375,0.29296875,-0.23193359375,0.03662109375,-0.7080078125,0.09765625,-0.439453125,0.03662109375,0.54931640625,-0.52490234375,0.72021484375,0,0.390625,0.03662109375,-0.13427734375,0.28076171875,0.59814453125,-0.390625,0.6591796875,0.10986328125,0.47607421875,-0.048828125,0.47607421875,-0.5859375,-0.03662109375,0.10986328125,0.15869140625,-0.1220703125,0.86669921875,-0.15869140625,0.15869140625,0.048828125,0.13427734375,-0.06103515625,11.34033203125,-0.1708984375,5.55419921875,-0.06103515625,5.21240234375,-0.048828125,7.21435546875,0.09765625,5.72509765625,-0.0732421875,2.587890625,-0.59814453125,0.7080078125,-0.1708984375,1.33056640625,0.1708984375,-1.45263671875,-0.2197265625,-0.28076171875,-0.23193359375,-0.50048828125,-0.048828125,0.06103515625,-0.146484375,-0.68359375,0.0244140625,-0.64697265625,-0.1220703125,-0.59814453125,0.048828125,-0.048828125,-0.146484375,-0.30517578125,-0.25634765625,-1.123046875,0.0244140625,-0.9521484375,0.32958984375,1.25732421875,-0.146484375,0.30517578125,-0.03662109375,-0.0244140625,-0.06103515625,-0.01220703125,0.048828125,0.1953125,-0.20751953125,5.33447265625,0.03662109375,8.203125,0.1220703125,3.96728515625,0.01220703125,6.01806640625
1,0.1708984375,0.2685546875,0.15869140625,-0.40283203125,0.1220703125,-0.4638671875,0.10986328125,-0.06103515625,-0.0732421875,-0.08544921875,0.048828125,-0.927734375,-0.25634765625,1.025390625,-0.13427734375,-0.06103515625,-0.23193359375,-0.57373046875,0.03662109375,-0.146484375,-0.1708984375,1.07421875,-0.15869140625,-0.57373046875,-0.06103515625,-0.0244140625,-0.52490234375,-0.67138671875,0.244140625,0.9765625,-0.28076171875,0.341796875,0.1220703125,-0.59814453125,0.15869140625,-1.07421875,-0.1953125,-0.5859375,-0.0732421875,-0.8544921875,0.20751953125,-0.23193359375,0.0732421875,-0.7080078125,0.06103515625,-0.45166015625,0.06103515625,0.54931640625,-0.50048828125,0.81787109375,-0.048828125,0.390625,0.0244140625,-0.1220703125,0.32958984375,0.64697265625,-0.3662109375,0.64697265625,0.09765625,0.4638671875,-0.09765625,0.48828125,-0.59814453125,-0.0244140625,0.08544921875,0.1708984375,-0.13427734375,0.87890625,-0.20751953125,0.15869140625,0.0732421875,0.146484375,-0.0732421875,11.34033203125,-0.1708984375,5.4931640625,-0.0732421875,5.18798828125,0.048828125,7.14111328125,0.10986328125,6.0302734375,-0.10986328125,2.74658203125,-0.48828125,0.79345703125,-0.23193359375,1.46484375,0.1220703125,-1.52587890625,-0.28076171875,-0.341796875,-0.20751953125,-0.5859375,-0.048828125,-0.47607421875,-0.09765625,-0.6591796875,0.0244140625,-0.64697265625,-0.146484375,-0.62255859375,0.03662109375,-0.06103515625,-0.10986328125,-0.52490234375,-0.2197265625,-1.3916015625,-0.06103515625,-1.13525390625,0.28076171875,0.3662109375,-0.1220703125,0.3173828125,-0.048828125,-0.0244140625,-0.06103515625,0,0.03662109375,0.1708984375,-0.1708984375,5.28564453125,0.10986328125,8.16650390625,0.10986328125,3.90625,0.048828125,5.9814453125
1,0.146484375,0.28076171875,0.1220703125,-0.390625,0.15869140625,-0.48828125,0.10986328125,-0.10986328125,-0.048828125,-0.0732421875,0.048828125,-0.927734375,-0.244140625,1.025390625,-0.15869140625,-0.048828125,-0.244140625,-0.57373046875,0.03662109375,-0.146484375,-0.2197265625,1.06201171875,-0.23193359375,-0.57373046875,-0.1220703125,-0.0244140625,-0.439453125,-0.69580078125,0.1953125,0.9521484375,-0.244140625,0.45166015625,0.0732421875,-0.6103515625,0.13427734375,-1.13525390625,-0.20751953125,-0.6103515625,-0.0244140625,-0.8544921875,0.08544921875,-0.244140625,0.09765625,-0.7080078125,0.06103515625,-0.45166015625,0.06103515625,0.537109375,-0.5615234375,0.927734375,-0.13427734375,0.42724609375,-0.01220703125,-0.10986328125,0.390625,0.67138671875,-0.3173828125,0.634765625,0.048828125,0.4638671875,-0.0732421875,0.50048828125,-0.59814453125,0,0.09765625,0.1953125,-0.13427734375,0.89111328125,-0.23193359375,0.1708984375,0.048828125,0.1708984375,-0.1953125,11.16943359375,-0.1953125,5.3466796875,-0.1220703125,5.04150390625,0.15869140625,6.982421875,0.1220703125,6.18896484375,-0.0732421875,2.81982421875,-0.35400390625,0.84228515625,-0.23193359375,1.513671875,0.0244140625,-1.57470703125,-0.3173828125,-0.4150390625,-0.15869140625,-0.62255859375,-0.03662109375,-0.72021484375,-0.09765625,-0.64697265625,0,-0.6591796875,-0.1708984375,-0.6103515625,-0.01220703125,-0.0732421875,-0.1220703125,-0.69580078125,-0.1708984375,-1.5625,-0.146484375,-1.26953125,0.18310546875,-0.2197265625,-0.13427734375,0.3173828125,-0.048828125,-0.0244140625,-0.048828125,0.0244140625,0.048828125,0.1708984375,-0.146484375,5.04150390625,0.1220703125,7.91015625,0.10986328125,3.69873046875,0.06103515625,5.7373046875
1,0.15869140625,0.2685546875,0.1220703125,-0.40283203125,0.146484375,-0.47607421875,0.10986328125,-0.13427734375,-0.03662109375,-0.08544921875,0.0244140625,-0.91552734375,-0.23193359375,1.03759765625,-0.18310546875,-0.0732421875,-0.20751953125,-0.54931640625,0.06103515625,-0.15869140625,-0.1708984375,1.0498046875,-0.244140625,-0.5615234375,-0.1708984375,-0.0244140625,-0.37841796875,-0.69580078125,0.08544921875,0.93994140625,-0.25634765625,0.47607421875,-0.06103515625,-0.59814453125,0.1708984375,-1.1474609375,-0.2685546875,-0.59814453125,0.03662109375,-0.830078125,-0.01220703125,-0.244140625,0.08544921875,-0.69580078125,0.06103515625,-0.4638671875,0.0244140625,0.52490234375,-0.50048828125,1.0986328125,-0.15869140625,0.48828125,-0.03662109375,-0.10986328125,0.5126953125,0.7080078125,-0.2685546875,0.634765625,0.048828125,0.45166015625,-0.09765625,0.47607421875,-0.634765625,0.03662109375,0.09765625,0.23193359375,-0.146484375,0.89111328125,-0.20751953125,0.18310546875,0.06103515625,0.18310546875,-0.20751953125,10.791015625,-0.15869140625,5.16357421875,-0.146484375,4.833984375,0.20751953125,6.75048828125,0.08544921875,6.18896484375,-0.048828125,2.8076171875,-0.23193359375,0.8056640625,-0.18310546875,1.4892578125,0.01220703125,-1.5625,-0.30517578125,-0.42724609375,-0.1220703125,-0.64697265625,-0.03662109375,-0.74462890625,-0.08544921875,-0.64697265625,-0.048828125,-0.6591796875,-0.146484375,-0.6103515625,-0.0732421875,-0.048828125,-0.13427734375,-0.74462890625,-0.08544921875,-1.611328125,-0.20751953125,-1.30615234375,0.1708984375,-0.37841796875,-0.146484375,0.30517578125,-0.03662109375,-0.03662109375,-0.0732421875,0,0.06103515625,0.146484375,-0.18310546875,4.69970703125,0.0244140625,7.50732421875,0.0732421875,3.40576171875,0.06103515625,5.31005859375
1,0.1220703125,0.1708984375,0.13427734375,-0.40283203125,0.13427734375,-0.4638671875,0.08544921875,-0.1220703125,-0.0244140625,-0.08544921875,0.0732421875,-0.91552734375,-0.20751953125,1.03759765625,-0.146484375,-0.08544921875,-0.13427734375,-0.537109375,0.06103515625,-0.13427734375,-0.1220703125,1.025390625,-0.23193359375,-0.5859375,-0.15869140625,-0.0244140625,-0.2685546875,-0.732421875,0.03662109375,0.927734375,-0.20751953125,0.4638671875,-0.1708984375,-0.54931640625,0.048828125,-1.0986328125,-0.32958984375,-0.57373046875,0.08544921875,-0.79345703125,-0.09765625,-0.23193359375,0.048828125,-0.69580078125,0,-0.4638671875,-0.0244140625,0.5126953125,-0.42724609375,1.220703125,-0.1953125,0.52490234375,-0.15869140625,-0.0732421875,0.54931640625,0.76904296875,-0.3173828125,0.634765625,0.0732421875,0.4638671875,-0.1220703125,0.47607421875,-0.59814453125,0.048828125,0.08544921875,0.2685546875,-0.18310546875,0.9033203125,-0.18310546875,0.1953125,-0.0244140625,0.23193359375,-0.20751953125,10.2783203125,-0.1220703125,4.98046875,-0.13427734375,4.57763671875,0.244140625,6.4697265625,0.03662109375,5.99365234375,0,2.7099609375,-0.09765625,0.74462890625,-0.13427734375,1.4404296875,-0.048828125,-1.5869140625,-0.3173828125,-0.40283203125,-0.13427734375,-0.62255859375,-0.01220703125,-0.634765625,-0.13427734375,-0.634765625,-0.09765625,-0.64697265625,-0.09765625,-0.59814453125,-0.18310546875,-0.0732421875,-0.13427734375,-0.68359375,0.01220703125,-1.52587890625,-0.244140625,-1.25732421875,0,-0.13427734375,-0.1220703125,0.3173828125,-0.03662109375,-0.048828125,-0.06103515625,-0.01220703125,0.06103515625,0.15869140625,-0.23193359375,4.3212890625,-0.0244140625,7.0556640625,0.06103515625,3.11279296875,0.03662109375,4.8828125
1,0.10986328125,0.03662109375,0.1220703125,-0.37841796875,0.1708984375,-0.45166015625,0.0732421875,-0.1220703125,0,-0.08544921875,0.06103515625,-0.927734375,-0.1953125,1.06201171875,-0.13427734375,-0.0732421875,-0.10986328125,-0.5615234375,0.10986328125,-0.13427734375,-0.146484375,1.0009765625,-0.23193359375,-0.5859375,-0.15869140625,-0.06103515625,-0.18310546875,-0.72021484375,-0.0244140625,0.91552734375,-0.1953125,0.3662109375,-0.23193359375,-0.52490234375,-0.01220703125,-1.07421875,-0.37841796875,-0.54931640625,0.09765625,-0.732421875,-0.13427734375,-0.23193359375,-0.048828125,-0.68359375,-0.048828125,-0.439453125,-0.0244140625,0.52490234375,-0.35400390625,1.30615234375,-0.23193359375,0.537109375,-0.20751953125,-0.06103515625,0.57373046875,0.8056640625,-0.29296875,0.64697265625,0.09765625,0.45166015625,-0.09765625,0.45166015625,-0.57373046875,0.0732421875,0.08544921875,0.32958984375,-0.13427734375,0.91552734375,-0.1220703125,0.23193359375,-0.08544921875,0.28076171875,-0.1953125,9.65576171875,-0.0732421875,4.74853515625,-0.048828125,4.3212890625,0.29296875,6.201171875,-0.0244140625,5.65185546875,0.0732421875,2.52685546875,0.03662109375,0.62255859375,-0.06103515625,1.3427734375,-0.08544921875,-1.57470703125,-0.28076171875,-0.40283203125,-0.146484375,-0.62255859375,-0.048828125,-0.5615234375,-0.1708984375,-0.64697265625,-0.13427734375,-0.6591796875,-0.10986328125,-0.62255859375,-0.20751953125,-0.0732421875,-0.1220703125,-0.5126953125,0.08544921875,-1.35498046875,-0.28076171875,-1.08642578125,-0.01220703125,0.5615234375,-0.15869140625,0.341796875,-0.048828125,-0.048828125,-0.06103515625,-0.03662109375,0.0732421875,0.15869140625,-0.23193359375,3.96728515625,-0.0244140625,6.57958984375,0.03662109375,2.81982421875,0.048828125,4.4189453125
1,0.08544921875,-0.10986328125,0.13427734375,-0.35400390625,0.146484375,-0.47607421875,0.03662109375,-0.10986328125,0.0244140625,-0.09765625,0.06103515625,-0.91552734375,-0.18310546875,1.03759765625,-0.15869140625,-0.09765625,-0.0732421875,-0.54931640625,0.09765625,-0.13427734375,-0.09765625,0.96435546875,-0.1953125,-0.6103515625,-0.13427734375,-0.0732421875,-0.146484375,-0.72021484375,-0.0732421875,0.93994140625,-0.048828125,0.28076171875,-0.244140625,-0.50048828125,-0.03662109375,-0.98876953125,-0.42724609375,-0.5126953125,0.1708984375,-0.69580078125,-0.13427734375,-0.20751953125,-0.10986328125,-0.69580078125,-0.0732421875,-0.439453125,-0.01220703125,0.52490234375,-0.29296875,1.33056640625,-0.30517578125,0.537109375,-0.3173828125,-0.08544921875,0.54931640625,0.79345703125,-0.32958984375,0.6591796875,0.15869140625,0.45166015625,-0.06103515625,0.42724609375,-0.50048828125,0.0732421875,0.0244140625,0.40283203125,-0.048828125,0.96435546875,-0.06103515625,0.25634765625,-0.146484375,0.30517578125,-0.10986328125,9.02099609375,0,4.5654296875,0,4.052734375,0.2685546875,5.908203125,-0.0732421875,5.1513671875,0.13427734375,2.2705078125,0.09765625,0.50048828125,0.01220703125,1.15966796875,-0.06103515625,-1.5869140625,-0.2685546875,-0.37841796875,-0.20751953125,-0.6103515625,-0.09765625,-0.5615234375,-0.1708984375,-0.6591796875,-0.1220703125,-0.64697265625,-0.13427734375,-0.634765625,-0.2197265625,-0.048828125,-0.08544921875,-0.244140625,0.15869140625,-1.11083984375,-0.29296875,-0.86669921875,0.03662109375,1.5869140625,-0.146484375,0.35400390625,-0.03662109375,-0.048828125,-0.0732421875,-0.03662109375,0.09765625,0.1220703125,-0.23193359375,3.67431640625,-0.048828125,6.1279296875,0.0244140625,2.5634765625,0.03662109375,4.052734375
0,0.048828125,-0.25634765625,0.13427734375,-0.32958984375,0.15869140625,-0.50048828125,0.01220703125,-0.06103515625,0.06103515625,-0.09765625,0.06103515625,-0.91552734375,-0.1708984375,1.01318359375,-0.18310546875,-0.10986328125,-0.0732421875,-0.5615234375,0.09765625,-0.13427734375,-0.13427734375,0.96435546875,-0.1708984375,-0.62255859375,-0.0732421875,-0.08544921875,-0.0732421875,-0.7080078125,-0.048828125,0.9765625,-0.10986328125,0.18310546875,-0.2197265625,-0.48828125,-0.06103515625,-0.9521484375,-0.45166015625,-0.48828125,0.2197265625,-0.67138671875,-0.08544921875,-0.2197265625,-0.23193359375,-0.69580078125,-0.09765625,-0.439453125,-0.01220703125,0.5126953125,-0.244140625,1.318359375,-0.30517578125,0.52490234375,-0.37841796875,-0.08544921875,0.57373046875,0.76904296875,-0.3662109375,0.64697265625,0.20751953125,0.4638671875,-0.048828125,0.390625,-0.439453125,0.0732421875,0,0.439453125,-0.0244140625,1.0009765625,-0.01220703125,0.29296875,-0.23193359375,0.3173828125,-0.15869140625,8.38623046875,0.08544921875,4.33349609375,0.06103515625,3.82080078125,0.2685546875,5.615234375,-0.10986328125,4.541015625,0.18310546875,1.953125,0.15869140625,0.3173828125,0.048828125,0.93994140625,-0.01220703125,-1.611328125,-0.2197265625,-0.37841796875,-0.244140625,-0.6103515625,-0.13427734375,-0.69580078125,-0.18310546875,-0.69580078125,-0.0732421875,-0.64697265625,-0.13427734375,-0.64697265625,-0.1953125,-0.03662109375,-0.0244140625,0.08544921875,0.20751953125,-0.76904296875,-0.2685546875,-0.5859375,-0.10986328125,2.81982421875,-0.15869140625,0.341796875,-0.048828125,-0.03662109375,-0.06103515625,-0.0244140625,0.09765625,0.13427734375,-0.28076171875,3.47900390625,-0.08544921875,5.77392578125,0,2.40478515625,0.01220703125,3.77197265625
0,0.06103515625,-0.40283203125,0.10986328125,-0.32958984375,0.13427734375,-0.50048828125,-0.01220703125,-0.06103515625,0.09765625,-0.13427734375,0.0732421875,-0.9033203125,-0.15869140625,1.01318359375,-0.1953125,-0.13427734375,-0.03662109375,-0.57373046875,0.06103515625,-0.13427734375,-0.1953125,0.9521484375,-0.10986328125,-0.62255859375,-0.0244140625,-0.08544921875,-0.10986328125,-0.69580078125,-0.048828125,1.025390625,-0.18310546875,0.09765625,-0.1708984375,-0.4638671875,-0.15869140625,-0.93994140625,-0.4638671875,-0.48828125,0.1953125,-0.67138671875,-0.048828125,-0.20751953125,-0.30517578125,-0.68359375,-0.13427734375,-0.42724609375,0,0.52490234375,-0.28076171875,1.25732421875,-0.30517578125,0.5126953125,-0.40283203125,-0.1220703125,0.5615234375,0.76904296875,-0.3662109375,0.64697265625,0.2685546875,0.4638671875,0.0244140625,0.37841796875,-0.42724609375,0.048828125,0,0.50048828125,-0.1708984375,1.025390625,0.048828125,0.341796875,-0.23193359375,0.341796875,-0.29296875,7.8125,0.13427734375,4.150390625,0.09765625,3.60107421875,0.23193359375,5.37109375,-0.15869140625,3.77197265625,0.25634765625,1.59912109375,0.18310546875,0.1220703125,0.10986328125,0.67138671875,0.0732421875,-1.64794921875,-0.146484375,-0.40283203125,-0.29296875,-0.59814453125,-0.13427734375,-1.01318359375,-0.18310546875,-0.7080078125,-0.0732421875,-0.64697265625,-0.1220703125,-0.6591796875,-0.13427734375,-0.0244140625,0.03662109375,0.45166015625,0.244140625,-0.40283203125,-0.244140625,-0.29296875,-0.09765625,4.1259765625,-0.1708984375,0.341796875,-0.03662109375,-0.0244140625,-0.048828125,-0.0244140625,0.10986328125,0.1708984375,-0.2197265625,3.369140625,-0.01220703125,5.52978515625,0.03662109375,2.30712890625,0.09765625,3.60107421875
0,0.01220703125,-0.48828125,0.1220703125,-0.32958984375,0.1220703125,-0.5126953125,-0.0244140625,-0.048828125,0.13427734375,-0.15869140625,0.08544921875,-0.91552734375,-0.1708984375,0.98876953125,-0.18310546875,-0.1708984375,-0.0244140625,-0.57373046875,0.01220703125,-0.13427734375,-0.06103515625,0.927734375,-0.03662109375,-0.64697265625,0.06103515625,-0.0732421875,-0.09765625,-0.68359375,-0.01220703125,1.0498046875,-0.13427734375,0.09765625,-0.09765625,-0.50048828125,-0.09765625,-0.93994140625,-0.42724609375,-0.50048828125,0.13427734375,-0.69580078125,-0.0244140625,-0.23193359375,-0.3173828125,-0.68359375,-0.18310546875,-0.42724609375,0.01220703125,0.537109375,-0.1953125,1.1474609375,-0.2685546875,0.5126953125,-0.42724609375,-0.15869140625,0.45166015625,0.74462890625,-0.42724609375,0.6591796875,0.3173828125,0.48828125,0.03662109375,0.3662109375,-0.3662109375,0.0244140625,-0.01220703125,0.50048828125,-0.23193359375,1.03759765625,0.048828125,0.35400390625,-0.244140625,0.3662109375,-0.341796875,7.31201171875,0.18310546875,3.9794921875,0.06103515625,3.41796875,0.1708984375,5.16357421875,-0.18310546875,2.91748046875,0.25634765625,1.220703125,0.18310546875,-0.0732421875,0.1220703125,0.390625,0.1220703125,-1.69677734375,-0.06103515625,-0.439453125,-0.3173828125,-0.62255859375,-0.15869140625,-1.416015625,-0.1708984375,-0.7080078125,-0.06103515625,-0.62255859375,-0.048828125,-0.67138671875,-0.0732421875,-0.03662109375,0.09765625,0.81787109375,0.2685546875,-0.048828125,-0.1953125,-0.01220703125,-0.06103515625,5.37109375,-0.18310546875,0.35400390625,-0.048828125,-0.01220703125,-0.0732421875,-0.01220703125,0.09765625,0.1708984375,-0.244140625,3.33251953125,-0.06103515625,5.419921875,0.01220703125,2.2705078125,0.048828125,3.5400390625
0,-0.048828125,-0.537109375,0.09765625,-0.35400390625,0.0732421875,-0.5126953125,-0.03662109375,-0.048828125,0.1953125,-0.146484375,0.09765625,-0.927734375,-0.15869140625,0.9765625,-0.18310546875,-0.18310546875,-0.03662109375,-0.57373046875,-0.01220703125,-0.13427734375,0,0.9521484375,-0.01220703125,-0.634765625,0.1220703125,-0.06103515625,-0.15869140625,-0.7080078125,0.01220703125,1.07421875,-0.06103515625,0.1220703125,-0.048828125,-0.52490234375,-0.09765625,-0.927734375,-0.390625,-0.52490234375,0.08544921875,-0.7568359375,-0.01220703125,-0.244140625,-0.28076171875,-0.68359375,-0.20751953125,-0.4150390625,0.03662109375,0.54931640625,-0.18310546875,1.0498046875,-0.20751953125,0.5126953125,-0.40283203125,-0.1708984375,0.3662109375,0.72021484375,-0.45166015625,0.6591796875,0.37841796875,0.48828125,0.048828125,0.3662109375,-0.32958984375,-0.0244140625,0.0244140625,0.5126953125,-0.15869140625,1.06201171875,0.048828125,0.35400390625,-0.2197265625,0.32958984375,-0.42724609375,6.94580078125,0.1953125,3.7841796875,0.06103515625,3.271484375,0.09765625,4.94384765625,-0.15869140625,2.03857421875,0.28076171875,0.8056640625,0.2197265625,-0.32958984375,0.06103515625,0.0732421875,0.146484375,-1.74560546875,-0.01220703125,-0.47607421875,-0.3173828125,-0.67138671875,-0.08544921875,-1.81884765625,-0.146484375,-0.72021484375,-0.06103515625,-0.6103515625,0,-0.69580078125,-0.0244140625,-0.0244140625,0.10986328125,1.1474609375,0.244140625,0.28076171875,-0.13427734375,0.2197265625,-0.146484375,6.45751953125,-0.1708984375,0.341796875,-0.048828125,-0.0244140625,-0.048828125,0.01220703125,0.10986328125,0.1708984375,-0.244140625,3.35693359375,-0.0732421875,5.3955078125,0.01220703125,2.2705078125,0.048828125,3.52783203125
0,-0.06103515625,-0.52490234375,0.0732421875,-0.341796875,0.0732421875,-0.50048828125,-0.0244140625,-0.06103515625,0.25634765625,-0.13427734375,0.10986328125,-0.91552734375,-0.15869140625,1.0009765625,-0.18310546875,-0.1708984375,-0.06103515625,-0.57373046875,-0.08544921875,-0.15869140625,0.146484375,0.96435546875,0.01220703125,-0.6103515625,0.20751953125,-0.048828125,-0.1953125,-0.72021484375,-0.03662109375,1.0498046875,-0.1220703125,0.18310546875,0.01220703125,-0.5615234375,-0.01220703125,-0.96435546875,-0.341796875,-0.57373046875,0.0732421875,-0.81787109375,0.01220703125,-0.25634765625,-0.1708984375,-0.69580078125,-0.20751953125,-0.4150390625,0.0732421875,0.537109375,-0.244140625,0.9765625,-0.15869140625,0.50048828125,-0.40283203125,-0.1708984375,0.29296875,0.68359375,-0.45166015625,0.67138671875,0.37841796875,0.48828125,0.08544921875,0.3662109375,-0.28076171875,-0.06103515625,0.03662109375,0.4638671875,-0.13427734375,1.0498046875,0.048828125,0.32958984375,-0.1953125,0.3173828125,-0.37841796875,6.62841796875,0.23193359375,3.67431640625,0.03662109375,3.13720703125,0.0732421875,4.78515625,-0.146484375,1.0986328125,0.244140625,0.40283203125,0.18310546875,-0.537109375,0,-0.2197265625,0.15869140625,-1.7822265625,0.03662109375,-0.48828125,-0.25634765625,-0.7080078125,-0.08544921875,-2.1728515625,-0.08544921875,-0.732421875,-0.09765625,-0.6103515625,0.06103515625,-0.69580078125,0.0244140625,-0.048828125,0.0732421875,1.40380859375,0.1708984375,0.50048828125,-0.0732421875,0.42724609375,-0.1708984375,7.31201171875,-0.18310546875,0.32958984375,-0.048828125,-0.0244140625,-0.0732421875,0.03662109375,0.09765625,0.1708984375,-0.23193359375,3.369140625,-0.0732421875,5.43212890625,0.0244140625,2.30712890625,0.03662109375,3.5400390625
0,-0.06103515625,-0.50048828125,0.048828125,-0.32958984375,0.08544921875,-0.48828125,-0.03662109375,-0.0244140625,0.32958984375,-0.09765625,0.09765625,-0.91552734375,-0.1708984375,0.98876953125,-0.15869140625,-0.15869140625,-0.08544921875,-0.5859375,-0.10986328125,-0.146484375,0.32958984375,1.01318359375,-0.03662109375,-0.5859375,0.2197265625,-0.0732421875,-0.25634765625,-0.732421875,-0.06103515625,0.98876953125,0.03662109375,0.29296875,0.03662109375,-0.6103515625,0.01220703125,-0.96435546875,-0.30517578125,-0.5859375,0.03662109375,-0.86669921875,0.0244140625,-0.25634765625,-0.0244140625,-0.7080078125,-0.1953125,-0.439453125,0.09765625,0.52490234375,-0.20751953125,0.927734375,-0.1220703125,0.52490234375,-0.45166015625,-0.20751953125,0.32958984375,0.67138671875,-0.40283203125,0.6591796875,0.390625,0.50048828125,0.0732421875,0.40283203125,-0.1708984375,-0.0732421875,0.08544921875,0.40283203125,0.048828125,1.06201171875,0.01220703125,0.29296875,-0.13427734375,0.29296875,-0.3173828125,6.35986328125,0.23193359375,3.50341796875,-0.06103515625,3.0029296875,0,4.638671875,-0.09765625,0.1953125,0.1708984375,0.03662109375,0.10986328125,-0.7568359375,-0.10986328125,-0.5126953125,0.15869140625,-1.7822265625,0.06103515625,-0.52490234375,-0.15869140625,-0.72021484375,-0.048828125,-2.35595703125,-0.0244140625,-0.7080078125,-0.15869140625,-0.6103515625,0.10986328125,-0.68359375,0.048828125,-0.048828125,0,1.62353515625,0.10986328125,0.72021484375,-0.0244140625,0.537109375,-0.146484375,7.89794921875,-0.13427734375,0.32958984375,-0.048828125,-0.0244140625,-0.06103515625,0.03662109375,0.08544921875,0.146484375,-0.23193359375,3.35693359375,-0.0732421875,5.4443359375,0.03662109375,2.33154296875,0.01220703125,3.55224609375
0,-0.048828125,-0.45166015625,0.048828125,-0.341796875,0.08544921875,-0.47607421875,-0.048828125,-0.048828125,0.390625,-0.0732421875,0.08544921875,-0.9521484375,-0.15869140625,1.01318359375,-0.13427734375,-0.146484375,-0.10986328125,-0.57373046875,-0.15869140625,-0.146484375,0.3173828125,1.03759765625,-0.0732421875,-0.5859375,0.25634765625,-0.09765625,-0.244140625,-0.78125,-0.09765625,0.93994140625,0.10986328125,0.4150390625,0.06103515625,-0.6103515625,0.048828125,-0.86669921875,-0.25634765625,-0.6103515625,0.048828125,-0.86669921875,-0.0244140625,-0.25634765625,0.048828125,-0.72021484375,-0.1220703125,-0.439453125,0.08544921875,0.537109375,-0.1953125,0.93994140625,-0.1220703125,0.54931640625,-0.439453125,-0.20751953125,0.29296875,0.69580078125,-0.341796875,0.64697265625,0.37841796875,0.45166015625,0.0732421875,0.42724609375,-0.13427734375,-0.08544921875,0.10986328125,0.35400390625,0.1953125,1.08642578125,-0.0244140625,0.28076171875,-0.08544921875,0.28076171875,-0.10986328125,6.09130859375,0.2685546875,3.3203125,-0.08544921875,2.880859375,0.01220703125,4.4677734375,-0.0732421875,-0.6103515625,0.09765625,-0.29296875,0.08544921875,-0.9521484375,-0.20751953125,-0.79345703125,0.1220703125,-1.77001953125,0.03662109375,-0.537109375,-0.09765625,-0.74462890625,0,-2.33154296875,0,-0.68359375,-0.1708984375,-0.62255859375,0.09765625,-0.68359375,0.06103515625,-0.048828125,-0.048828125,1.74560546875,0.0732421875,0.830078125,0.03662109375,0.6103515625,-0.20751953125,8.26416015625,-0.1220703125,0.32958984375,-0.06103515625,-0.06103515625,-0.06103515625,0.048828125,0.09765625,0.146484375,-0.2197265625,3.271484375,-0.08544921875,5.38330078125,0.06103515625,2.2705078125,0.01220703125,3.50341796875
0,-0.048828125,-0.390625,0.03662109375,-0.32958984375,0.08544921875,-0.48828125,0,-0.048828125,0.45166015625,-0.048828125,0.08544921875,-0.9521484375,-0.1708984375,1.0009765625,-0.13427734375,-0.13427734375,-0.13427734375,-0.57373046875,-0.20751953125,-0.146484375,0.3173828125,1.0986328125,-0.1220703125,-0.59814453125,0.244140625,-0.13427734375,-0.2685546875,-0.79345703125,-0.146484375,0.87890625,0.146484375,0.6103515625,0.0732421875,-0.634765625,0.03662109375,-0.732421875,-0.2197265625,-0.59814453125,0.03662109375,-0.8544921875,-0.10986328125,-0.25634765625,0.13427734375,-0.72021484375,-0.10986328125,-0.47607421875,0.06103515625,0.537109375,-0.10986328125,1.0009765625,-0.13427734375,0.54931640625,-0.45166015625,-0.1953125,0.23193359375,0.68359375,-0.2685546875,0.6591796875,0.35400390625,0.45166015625,0.06103515625,0.439453125,-0.0244140625,-0.06103515625,0.0732421875,0.32958984375,0.28076171875,1.23291015625,-0.03662109375,0.28076171875,-0.01220703125,0.28076171875,0.0244140625,5.76171875,0.20751953125,3.18603515625,-0.1953125,2.685546875,0,4.296875,-0.01220703125,-1.2939453125,0.01220703125,-0.6103515625,0.01220703125,-1.13525390625,-0.29296875,-0.98876953125,0.0732421875,-1.7333984375,-0.0244140625,-0.52490234375,-0.0244140625,-0.732421875,-0.01220703125,-2.13623046875,0.03662109375,-0.67138671875,-0.1708984375,-0.634765625,0.0732421875,-0.67138671875,0.0732421875,-0.0732421875,-0.08544921875,1.806640625,-0.03662109375,0.89111328125,0.03662109375,0.62255859375,-0.2197265625,8.41064453125,-0.1220703125,0.341796875,-0.06103515625,-0.048828125,-0.0732421875,0.03662109375,0.0732421875,0.15869140625,-0.2197265625,3.1005859375,-0.0244140625,5.23681640625,0.03662109375,2.1728515625,-0.01220703125,3.3447265625
0,-0.0732421875,-0.32958984375,0.048828125,-0.35400390625,0.0732421875,-0.48828125,0.03662109375,-0.048828125,0.48828125,-0.0244140625,0.1220703125,-0.93994140625,-0.18310546875,1.01318359375,-0.09765625,-0.1220703125,-0.13427734375,-0.54931640625,-0.20751953125,-0.1220703125,0.341796875,1.123046875,-0.146484375,-0.59814453125,0.18310546875,-0.146484375,-0.25634765625,-0.8056640625,-0.13427734375,0.86669921875,0.25634765625,0.830078125,0.06103515625,-0.57373046875,0,-0.45166015625,-0.15869140625,-0.537109375,0.08544921875,-0.81787109375,-0.1708984375,-0.244140625,0.1708984375,-0.7080078125,-0.0732421875,-0.48828125,0.09765625,0.54931640625,-0.0244140625,1.0986328125,-0.09765625,0.54931640625,-0.35400390625,-0.15869140625,0.13427734375,0.7080078125,-0.18310546875,0.64697265625,0.2685546875,0.439453125,-0.03662109375,0.45166015625,0.06103515625,-0.0244140625,0.0732421875,0.35400390625,0.3662109375,1.416015625,0,0.29296875,0.06103515625,0.30517578125,0.0244140625,5.28564453125,0.13427734375,2.978515625,-0.29296875,2.45361328125,-0.01220703125,4.0771484375,-0.01220703125,-1.81884765625,-0.08544921875,-0.830078125,-0.09765625,-1.2451171875,-0.3662109375,-1.15966796875,0.048828125,-1.67236328125,-0.09765625,-0.50048828125,0.146484375,-0.68359375,0.03662109375,-1.79443359375,0.03662109375,-0.62255859375,-0.15869140625,-0.64697265625,0.08544921875,-0.6591796875,0.06103515625,-0.0732421875,-0.09765625,1.806640625,-0.08544921875,0.87890625,0.06103515625,0.59814453125,-0.2685546875,8.38623046875,-0.146484375,0.32958984375,-0.0732421875,-0.03662109375,-0.06103515625,0.01220703125,0.08544921875,0.146484375,-0.1708984375,2.84423828125,0.048828125,4.94384765625,0.08544921875,2.001953125,0.048828125,3.08837890625
0,-0.06103515625,-0.30517578125,0.0244140625,-0.3173828125,0.03662109375,-0.47607421875,0.06103515625,-0.06103515625,0.537109375,-0.03662109375,0.09765625,-0.93994140625,-0.18310546875,1.025390625,-0.08544921875,-0.09765625,-0.1708984375,-0.5615234375,-0.1708984375,-0.1220703125,0.2685546875,1.1474609375,-0.1220703125,-0.59814453125,0.09765625,-0.10986328125,-0.23193359375,-0.7568359375,-0.09765625,0.84228515625,0.28076171875,1.13525390625,0.048828125,-0.47607421875,0.03662109375,-0.08544921875,-0.1220703125,-0.4638671875,0.10986328125,-0.7080078125,-0.1953125,-0.244140625,0.146484375,-0.69580078125,-0.06103515625,-0.48828125,0.08544921875,0.54931640625,0.10986328125,1.20849609375,-0.13427734375,0.537109375,-0.32958984375,-0.146484375,0.03662109375,0.72021484375,-0.1708984375,0.64697265625,0.2197265625,0.45166015625,-0.10986328125,0.48828125,0.06103515625,-0.0244140625,-0.01220703125,0.439453125,0.35400390625,1.7578125,0.0244140625,0.3662109375,0.09765625,0.37841796875,0.1708984375,4.67529296875,0.06103515625,2.74658203125,-0.29296875,2.1728515625,-0.0244140625,3.80859375,-0.01220703125,-2.13623046875,-0.10986328125,-0.9765625,-0.1708984375,-1.35498046875,-0.32958984375,-1.2451171875,0.0244140625,-1.6357421875,-0.18310546875,-0.4638671875,0.2685546875,-0.6591796875,0.048828125,-1.37939453125,0.0244140625,-0.634765625,-0.146484375,-0.64697265625,0.08544921875,-0.67138671875,-0.0244140625,-0.0732421875,-0.09765625,1.7333984375,-0.1220703125,0.81787109375,0.0732421875,0.54931640625,-0.30517578125,8.16650390625,-0.13427734375,0.35400390625,-0.06103515625,-0.03662109375,-0.06103515625,-0.03662109375,0.08544921875,0.146484375,-0.1953125,2.490234375,0.0732421875,4.4921875,0.0732421875,1.708984375,0.03662109375,2.7099609375
0,-0.06103515625,-0.32958984375,0,-0.341796875,0.06103515625,-0.47607421875,0.0732421875,-0.08544921875,0.537109375,-0.048828125,0.09765625,-0.9521484375,-0.146484375,1.025390625,-0.048828125,-0.10986328125,-0.1708984375,-0.57373046875,-0.10986328125,-0.10986328125,0.4150390625,1.13525390625,-0.06103515625,-0.6103515625,0.06103515625,-0.0244140625,-0.244140625,-0.6591796875,-0.03662109375,0.93994140625,0.13427734375,1.57470703125,0.048828125,-0.32958984375,0,0.35400390625,-0.08544921875,-0.35400390625,0.048828125,-0.5615234375,-0.18310546875,-0.23193359375,0.09765625,-0.7080078125,-0.10986328125,-0.48828125,0.06103515625,0.5615234375,0.244140625,1.3916015625,-0.10986328125,0.52490234375,-0.2685546875,-0.15869140625,-0.01220703125,0.72021484375,-0.18310546875,0.6591796875,0.1708984375,0.45166015625,-0.146484375,0.45166015625,0.06103515625,-0.01220703125,-0.03662109375,0.634765625,0.37841796875,2.2216796875,0.09765625,0.48828125,0.09765625,0.50048828125,0.18310546875,3.9306640625,0.01220703125,2.490234375,-0.30517578125,1.84326171875,-0.06103515625,3.47900390625,0,-2.28271484375,-0.18310546875,-1.025390625,-0.244140625,-1.3916015625,-0.25634765625,-1.2939453125,-0.01220703125,-1.5869140625,-0.29296875,-0.42724609375,0.42724609375,-0.62255859375,-0.0244140625,-1.025390625,-0.0244140625,-0.634765625,-0.13427734375,-0.6591796875,0.08544921875,-0.67138671875,-0.10986328125,-0.0732421875,-0.0732421875,1.57470703125,-0.15869140625,0.7080078125,0,0.439453125,-0.30517578125,7.7392578125,-0.1220703125,0.3662109375,-0.06103515625,-0.03662109375,-0.048828125,-0.0244140625,0.08544921875,0.146484375,-0.15869140625,2.0751953125,0.13427734375,3.9306640625,0.048828125,1.416015625,0.0244140625,2.24609375
0,-0.06103515625,-0.341796875,0.01220703125,-0.35400390625,0.08544921875,-0.48828125,0.09765625,-0.09765625,0.50048828125,-0.10986328125,0.08544921875,-0.93994140625,-0.1708984375,1.03759765625,-0.0244140625,-0.13427734375,-0.18310546875,-0.57373046875,-0.06103515625,-0.09765625,0.3173828125,1.08642578125,-0.0244140625,-0.6103515625,0.01220703125,0.13427734375,-0.2685546875,-0.48828125,0.03662109375,1.11083984375,0.0732421875,2.099609375,0.03662109375,-0.146484375,0.0244140625,0.9033203125,-0.03662109375,-0.20751953125,0.1220703125,-0.37841796875,-0.10986328125,-0.2197265625,0.06103515625,-0.69580078125,-0.13427734375,-0.4638671875,0.09765625,0.5615234375,0.2685546875,1.6357421875,-0.1953125,0.52490234375,-0.25634765625,-0.1220703125,-0.0732421875,0.732421875,-0.1708984375,0.64697265625,0.1708984375,0.4638671875,-0.1708984375,0.45166015625,0.048828125,0,-0.01220703125,0.87890625,0.40283203125,2.783203125,0.1708984375,0.6591796875,0.0732421875,0.68359375,0.244140625,3.1005859375,-0.06103515625,2.18505859375,-0.244140625,1.46484375,-0.0732421875,3.13720703125,-0.0244140625,-2.25830078125,-0.23193359375,-1.025390625,-0.28076171875,-1.37939453125,-0.15869140625,-1.25732421875,-0.06103515625,-1.5380859375,-0.29296875,-0.3662109375,0.57373046875,-0.57373046875,-0.048828125,-0.732421875,-0.0732421875,-0.6591796875,-0.146484375,-0.6591796875,0.08544921875,-0.6591796875,-0.23193359375,-0.06103515625,-0.0732421875,1.3671875,-0.18310546875,0.54931640625,-0.09765625,0.3173828125,-0.32958984375,7.1533203125,-0.10986328125,0.3662109375,-0.0732421875,-0.048828125,-0.06103515625,-0.03662109375,0.0732421875,0.1708984375,-0.13427734375,1.64794921875,0.20751953125,3.22265625,0.0732421875,1.06201171875,0.03662109375,1.7333984375
0,-0.06103515625,-0.37841796875,0,-0.341796875,0.06103515625,-0.47607421875,0.1220703125,-0.09765625,0.42724609375,-0.1220703125,0.06103515625,-0.91552734375,-0.1708984375,1.03759765625,-0.03662109375,-0.13427734375,-0.1708984375,-0.57373046875,-0.01220703125,-0.10986328125,0.3173828125,1.03759765625,0.0244140625,-0.634765625,0,0.341796875,-0.2685546875,-0.28076171875,0.13427734375,1.3916015625,0.06103515625,2.7587890625,0.06103515625,0.0732421875,-0.01220703125,1.45263671875,-0.0244140625,-0.08544921875,0.13427734375,-0.15869140625,-0.048828125,-0.1953125,0,-0.68359375,-0.15869140625,-0.439453125,0.06103515625,0.57373046875,0.2685546875,1.9287109375,-0.1708984375,0.537109375,-0.1953125,-0.10986328125,-0.09765625,0.74462890625,-0.1708984375,0.64697265625,0.13427734375,0.50048828125,-0.146484375,0.439453125,-0.0244140625,0,-0.01220703125,1.18408203125,0.29296875,3.41796875,0.18310546875,0.8544921875,0.03662109375,0.9033203125,0.3173828125,2.30712890625,-0.0732421875,1.953125,-0.13427734375,1.15966796875,-0.13427734375,2.783203125,-0.03662109375,-2.08740234375,-0.23193359375,-0.9521484375,-0.2685546875,-1.30615234375,-0.09765625,-1.18408203125,-0.09765625,-1.513671875,-0.341796875,-0.341796875,0.634765625,-0.52490234375,-0.1220703125,-0.62255859375,-0.1220703125,-0.68359375,-0.146484375,-0.69580078125,0.0732421875,-0.6591796875,-0.30517578125,-0.06103515625,-0.10986328125,1.11083984375,-0.15869140625,0.32958984375,-0.18310546875,0.146484375,-0.3662109375,6.3720703125,-0.10986328125,0.341796875,-0.03662109375,-0.03662109375,-0.06103515625,-0.03662109375,0.06103515625,0.146484375,-0.146484375,1.2451171875,0.1708984375,2.50244140625,0.03662109375,0.68359375,0.01220703125,1.2451171875
1,-0.06103515625,-0.45166015625,0.01220703125,-0.341796875,0.048828125,-0.48828125,0.13427734375,-0.06103515625,0.341796875,-0.13427734375,0.01220703125,-0.927734375,-0.146484375,1.025390625,-0.048828125,-0.1220703125,-0.13427734375,-0.54931640625,0.03662109375,-0.09765625,0.32958984375,0.93994140625,0.03662109375,-0.62255859375,0.01220703125,0.59814453125,-0.244140625,-0.06103515625,0.1953125,1.72119140625,-0.09765625,3.515625,0.0732421875,0.28076171875,-0.13427734375,1.96533203125,0,0.048828125,0.146484375,0.0244140625,0.06103515625,-0.2197265625,-0.01220703125,-0.69580078125,-0.15869140625,-0.40283203125,0.08544921875,0.5615234375,0.18310546875,2.33154296875,-0.18310546875,0.5859375,-0.1220703125,-0.06103515625,-0.08544921875,0.79345703125,-0.1708984375,0.62255859375,0.10986328125,0.48828125,-0.20751953125,0.42724609375,-0.048828125,-0.0244140625,0.048828125,1.52587890625,0.15869140625,4.11376953125,0.18310546875,1.0986328125,0.01220703125,1.1474609375,0.244140625,1.67236328125,-0.0732421875,1.74560546875,-0.0732421875,0.927734375,-0.1708984375,2.50244140625,-0.09765625,-1.806640625,-0.1953125,-0.81787109375,-0.23193359375,-1.220703125,-0.03662109375,-1.07421875,-0.146484375,-1.50146484375,-0.32958984375,-0.30517578125,0.7080078125,-0.5126953125,-0.1953125,-0.7080078125,-0.13427734375,-0.68359375,-0.1708984375,-0.67138671875,0.048828125,-0.67138671875,-0.32958984375,-0.06103515625,-0.1220703125,0.8056640625,-0.13427734375,0.048828125,-0.244140625,-0.048828125,-0.35400390625,5.45654296875,-0.09765625,0.32958984375,-0.03662109375,-0.0244140625,-0.0732421875,-0.03662109375,0.06103515625,0.15869140625,-0.10986328125,0.9033203125,0.18310546875,1.8798828125,0.06103515625,0.3662109375,0.03662109375,0.78125
1,-0.10986328125,-0.48828125,-0.03662109375,-0.35400390625,0.03662109375,-0.48828125,0.1220703125,-0.048828125,0.244140625,-0.146484375,-0.0244140625,-0.91552734375,-0.1708984375,1.0009765625,-0.048828125,-0.1220703125,-0.09765625,-0.5615234375,0.08544921875,-0.1220703125,0.23193359375,0.86669921875,0.03662109375,-0.62255859375,0.03662109375,0.8544921875,-0.2685546875,0.1953125,0.18310546875,2.099609375,-0.15869140625,4.3701171875,0.048828125,0.439453125,-0.23193359375,2.45361328125,-0.01220703125,0.15869140625,0.1708984375,0.1708984375,0.09765625,-0.2197265625,0.01220703125,-0.69580078125,-0.1220703125,-0.3662109375,0.0732421875,0.5615234375,0.10986328125,2.79541015625,-0.18310546875,0.68359375,-0.0732421875,-0.0244140625,-0.1220703125,0.87890625,-0.2197265625,0.62255859375,0.0732421875,0.48828125,-0.23193359375,0.40283203125,-0.09765625,-0.0244140625,0.09765625,1.904296875,0.1220703125,4.77294921875,0.146484375,1.35498046875,0,1.3916015625,0.1708984375,1.318359375,-0.0732421875,1.59912109375,0.03662109375,0.8056640625,-0.1708984375,2.35595703125,-0.1220703125,-1.52587890625,-0.1220703125,-0.67138671875,-0.1708984375,-1.123046875,0.01220703125,-0.96435546875,-0.1220703125,-1.513671875,-0.29296875,-0.29296875,0.69580078125,-0.48828125,-0.1953125,-0.9033203125,-0.13427734375,-0.7080078125,-0.18310546875,-0.68359375,0.03662109375,-0.67138671875,-0.35400390625,-0.048828125,-0.1220703125,0.48828125,-0.0732421875,-0.28076171875,-0.30517578125,-0.28076171875,-0.3662109375,4.40673828125,-0.0732421875,0.3173828125,-0.03662109375,-0.01220703125,-0.048828125,-0.0244140625,0.048828125,0.15869140625,-0.1220703125,0.69580078125,0.18310546875,1.416015625,0.01220703125,0.146484375,0.01220703125,0.4638671875
1,-0.15869140625,-0.50048828125,-0.06103515625,-0.3662109375,-0.01220703125,-0.50048828125,0.10986328125,-0.03662109375,0.20751953125,-0.15869140625,-0.10986328125,-0.91552734375,-0.18310546875,1.0009765625,-0.03662109375,-0.1220703125,-0.03662109375,-0.5615234375,0.10986328125,-0.13427734375,0.29296875,0.79345703125,0.0244140625,-0.6103515625,0.08544921875,1.123046875,-0.23193359375,0.4638671875,0.18310546875,2.45361328125,-0.09765625,5.16357421875,0.03662109375,0.6103515625,-0.32958984375,2.81982421875,-0.01220703125,0.2685546875,0.10986328125,0.30517578125,0.08544921875,-0.25634765625,0.08544921875,-0.7080078125,-0.0732421875,-0.35400390625,0.03662109375,0.54931640625,0.06103515625,3.369140625,-0.18310546875,0.8056640625,0.01220703125,0.06103515625,-0.1220703125,1.0009765625,-0.2685546875,0.634765625,0.06103515625,0.48828125,-0.2685546875,0.390625,-0.146484375,-0.0244140625,0.146484375,2.23388671875,0.13427734375,5.3955078125,0.10986328125,1.5380859375,-0.0244140625,1.611328125,0.03662109375,1.3427734375,-0.13427734375,1.64794921875,0.048828125,0.84228515625,-0.23193359375,2.35595703125,-0.18310546875,-1.2451171875,-0.048828125,-0.537109375,-0.09765625,-1.025390625,0.0244140625,-0.86669921875,-0.13427734375,-1.52587890625,-0.23193359375,-0.30517578125,0.5615234375,-0.48828125,-0.244140625,-1.1962890625,-0.1220703125,-0.69580078125,-0.1953125,-0.67138671875,0.0244140625,-0.67138671875,-0.30517578125,-0.0244140625,-0.10986328125,0.15869140625,-0.06103515625,-0.59814453125,-0.3173828125,-0.52490234375,-0.341796875,3.271484375,-0.08544921875,0.3173828125,-0.0244140625,0,-0.048828125,-0.0244140625,0.06103515625,0.13427734375,-0.09765625,0.6103515625,0.15869140625,1.2451171875,0.03662109375,0.048828125,0.01220703125,0.32958984375
1,-0.15869140625,-0.50048828125,-0.03662109375,-0.3662109375,-0.03662109375,-0.5126953125,0.1220703125,-0.0244140625,0.20751953125,-0.1708984375,-0.1220703125,-0.91552734375,-0.18310546875,1.01318359375,-0.048828125,-0.13427734375,0.01220703125,-0.57373046875,0.1220703125,-0.1220703125,0.29296875,0.74462890625,-0.03662109375,-0.6103515625,0.1220703125,1.3427734375,-0.2197265625,0.67138671875,0.1220703125,2.79541015625,-0.06103515625,5.95703125,0.048828125,0.68359375,-0.25634765625,3.03955078125,-0.0244140625,0.3173828125,0.146484375,0.3662109375,0.0732421875,-0.28076171875,0.1708984375,-0.7080078125,-0.01220703125,-0.35400390625,-0.01220703125,0.5615234375,0.01220703125,4.04052734375,-0.146484375,0.98876953125,0.0732421875,0.1953125,-0.15869140625,1.13525390625,-0.3173828125,0.64697265625,0.0732421875,0.50048828125,-0.2685546875,0.40283203125,-0.13427734375,-0.048828125,0.1953125,2.4658203125,0.08544921875,5.84716796875,0.06103515625,1.69677734375,-0.048828125,1.77001953125,0.03662109375,1.806640625,-0.13427734375,1.81884765625,0.0732421875,1.07421875,-0.23193359375,2.5634765625,-0.1953125,-1.0009765625,0.0244140625,-0.42724609375,-0.0732421875,-0.9521484375,0.01220703125,-0.79345703125,-0.10986328125,-1.5625,-0.20751953125,-0.3173828125,0.390625,-0.48828125,-0.2197265625,-1.47705078125,-0.08544921875,-0.68359375,-0.18310546875,-0.67138671875,0.0244140625,-0.68359375,-0.25634765625,-0.01220703125,-0.03662109375,-0.1953125,-0.0244140625,-0.91552734375,-0.32958984375,-0.76904296875,-0.3173828125,2.11181640625,-0.0732421875,0.29296875,0,-0.01220703125,-0.0732421875,0,0.06103515625,0.13427734375,-0.10986328125,0.74462890625,0.10986328125,1.3427734375,-0.01220703125,0.1220703125,-0.01220703125,0.42724609375
1,-0.1953125,-0.4638671875,-0.08544921875,-0.390625,-0.048828125,-0.52490234375,0.10986328125,-0.06103515625,0.1953125,-0.15869140625,-0.146484375,-0.91552734375,-0.18310546875,1.01318359375,-0.06103515625,-0.146484375,0.08544921875,-0.5615234375,0.13427734375,-0.1220703125,0.28076171875,0.732421875,-0.06103515625,-0.59814453125,0.13427734375,1.50146484375,-0.1708984375,0.8544921875,0.048828125,3.01513671875,-0.01220703125,6.60400390625,0.01220703125,0.7080078125,-0.1708984375,3.1005859375,-0.0732421875,0.3173828125,0.18310546875,0.35400390625,0.06103515625,-0.30517578125,0.25634765625,-0.7080078125,0.06103515625,-0.35400390625,-0.06103515625,0.5126953125,0.048828125,4.77294921875,-0.146484375,1.18408203125,0.08544921875,0.3173828125,-0.13427734375,1.30615234375,-0.341796875,0.6591796875,0.03662109375,0.4638671875,-0.25634765625,0.40283203125,-0.18310546875,-0.03662109375,0.15869140625,2.64892578125,0.01220703125,6.15234375,-0.01220703125,1.81884765625,-0.08544921875,1.85546875,0.0244140625,2.69775390625,-0.146484375,2.18505859375,0.09765625,1.50146484375,-0.15869140625,2.99072265625,-0.1953125,-0.86669921875,0.0732421875,-0.37841796875,-0.0244140625,-0.91552734375,0.03662109375,-0.7568359375,-0.09765625,-1.5625,-0.146484375,-0.3173828125,0.244140625,-0.50048828125,-0.18310546875,-1.6845703125,-0.08544921875,-0.69580078125,-0.15869140625,-0.6591796875,0.048828125,-0.68359375,-0.2197265625,-0.01220703125,0.01220703125,-0.5126953125,0,-1.23291015625,-0.3173828125,-0.98876953125,-0.244140625,1.06201171875,-0.048828125,0.29296875,0.0244140625,-0.0244140625,-0.06103515625,0,0.06103515625,0.13427734375,-0.146484375,1.03759765625,0.13427734375,1.77001953125,-0.03662109375,0.37841796875,-0.0244140625,0.74462890625
1,-0.2197265625,-0.390625,-0.0732421875,-0.390625,-0.06103515625,-0.5126953125,0.0732421875,-0.048828125,0.1708984375,-0.1220703125,-0.13427734375,-0.91552734375,-0.1953125,1.025390625,-0.06103515625,-0.15869140625,0.09765625,-0.5859375,0.146484375,-0.146484375,0.25634765625,0.74462890625,-0.0732421875,-0.6103515625,0.146484375,1.59912109375,-0.1708984375,0.9521484375,-0.0244140625,3.16162109375,0.0732421875,7.06787109375,-0.03662109375,0.67138671875,-0.18310546875,3.01513671875,-0.09765625,0.3173828125,0.15869140625,0.28076171875,0.0244140625,-0.30517578125,0.32958984375,-0.72021484375,0.1220703125,-0.3662109375,-0.09765625,0.537109375,0.0732421875,5.5419921875,-0.08544921875,1.3916015625,0.15869140625,0.439453125,-0.0732421875,1.47705078125,-0.3173828125,0.67138671875,0.03662109375,0.45166015625,-0.20751953125,0.42724609375,-0.23193359375,-0.0732421875,0.20751953125,2.74658203125,-0.06103515625,6.3232421875,-0.10986328125,1.85546875,-0.0732421875,1.91650390625,-0.146484375,3.96728515625,-0.13427734375,2.7099609375,0.09765625,2.0751953125,-0.1220703125,3.5888671875,-0.244140625,-0.84228515625,0.146484375,-0.3662109375,-0.048828125,-0.927734375,0.048828125,-0.7568359375,-0.06103515625,-1.5625,-0.1220703125,-0.3662109375,0.048828125,-0.52490234375,-0.146484375,-1.77001953125,-0.1220703125,-0.67138671875,-0.13427734375,-0.64697265625,0.08544921875,-0.69580078125,-0.18310546875,0,0.0244140625,-0.78125,0,-1.513671875,-0.29296875,-1.20849609375,-0.20751953125,0.1708984375,-0.01220703125,0.28076171875,0.0244140625,-0.0244140625,-0.0732421875,-0.01220703125,0.048828125,0.13427734375,-0.10986328125,1.55029296875,0.09765625,2.57568359375,-0.03662109375,0.8056640625,0.0244140625,1.3671875
1,-0.244140625,-0.3662109375,-0.09765625,-0.390625,-0.0732421875,-0.52490234375,0.06103515625,-0.08544921875,0.15869140625,-0.1220703125,-0.08544921875,-0.91552734375,-0.18310546875,1.03759765625,-0.08544921875,-0.1708984375,0.08544921875,-0.5859375,0.146484375,-0.146484375,0.146484375,0.8056640625,-0.06103515625,-0.5859375,0.10986328125,1.6357421875,-0.146484375,1.0009765625,-0.10986328125,3.173828125,0.048828125,7.31201171875,-0.08544921875,0.57373046875,-0.1220703125,2.79541015625,-0.1220703125,0.2685546875,0.15869140625,0.18310546875,0.01220703125,-0.29296875,0.40283203125,-0.69580078125,0.13427734375,-0.4150390625,-0.0732421875,0.52490234375,0.10986328125,6.23779296875,-0.048828125,1.5869140625,0.18310546875,0.57373046875,-0.01220703125,1.66015625,-0.3173828125,0.68359375,0.01220703125,0.4150390625,-0.146484375,0.42724609375,-0.23193359375,-0.048828125,0.244140625,2.7587890625,-0.03662109375,6.33544921875,-0.2197265625,1.86767578125,-0.09765625,1.8798828125,-0.15869140625,5.55419921875,-0.1220703125,3.3203125,0.09765625,2.77099609375,0,4.3701171875,-0.2197265625,-0.927734375,0.20751953125,-0.37841796875,-0.09765625,-0.9521484375,0.01220703125,-0.79345703125,-0.03662109375,-1.5625,-0.1220703125,-0.37841796875,-0.09765625,-0.5126953125,-0.146484375,-1.74560546875,-0.146484375,-0.69580078125,-0.09765625,-0.64697265625,0.06103515625,-0.68359375,-0.146484375,0,0.03662109375,-1.0009765625,-0.048828125,-1.7333984375,-0.3173828125,-1.3427734375,-0.1953125,-0.5126953125,0.03662109375,0.28076171875,-0.01220703125,-0.03662109375,-0.048828125,-0.03662109375,0.03662109375,0.13427734375,-0.1708984375,2.20947265625,0.048828125,3.6376953125,-0.0732421875,1.37939453125,0,2.1484375
1,-0.3173828125,-0.30517578125,-0.1220703125,-0.4150390625,-0.08544921875,-0.5126953125,0.06103515625,-0.10986328125,0.1220703125,-0.09765625,0.01220703125,-0.927734375,-0.1708984375,1.0498046875,-0.0732421875,-0.1708984375,0.0244140625,-0.59814453125,0.15869140625,-0.146484375,0.08544921875,0.86669921875,-0.048828125,-0.59814453125,0.03662109375,1.5869140625,-0.13427734375,0.9765625,-0.1220703125,3.11279296875,0.146484375,7.31201171875,-0.09765625,0.47607421875,-0.03662109375,2.47802734375,-0.09765625,0.20751953125,0.146484375,0.03662109375,0,-0.28076171875,0.45166015625,-0.7080078125,0.1220703125,-0.439453125,-0.01220703125,0.54931640625,0.0244140625,6.884765625,-0.0732421875,1.72119140625,0.18310546875,0.67138671875,0,1.7822265625,-0.25634765625,0.69580078125,0,0.439453125,-0.08544921875,0.439453125,-0.25634765625,-0.03662109375,0.244140625,2.734375,0.03662109375,6.2255859375,-0.2685546875,1.84326171875,-0.10986328125,1.8310546875,-0.23193359375,7.2509765625,-0.1708984375,4.0283203125,0.08544921875,3.52783203125,0.08544921875,5.224609375,-0.23193359375,-1.0498046875,0.18310546875,-0.45166015625,-0.25634765625,-1.03759765625,-0.08544921875,-0.8544921875,-0.03662109375,-1.55029296875,-0.1220703125,-0.390625,-0.23193359375,-0.5126953125,-0.1708984375,-1.5869140625,-0.15869140625,-0.67138671875,0.01220703125,-0.62255859375,0.03662109375,-0.68359375,-0.146484375,-0.0244140625,0.01220703125,-1.1474609375,-0.0732421875,-1.84326171875,-0.28076171875,-1.45263671875,-0.20751953125,-0.91552734375,0.048828125,0.30517578125,0.01220703125,-0.03662109375,-0.0732421875,-0.048828125,0.03662109375,0.13427734375,-0.15869140625,2.99072265625,0.1220703125,4.8583984375,-0.08544921875,2.03857421875,0.03662109375,3.1005859375
1,-0.30517578125,-0.28076171875,-0.10986328125,-0.40283203125,-0.09765625,-0.48828125,0.048828125,-0.1220703125,0.10986328125,-0.06103515625,0.10986328125,-0.91552734375,-0.13427734375,1.06201171875,-0.08544921875,-0.18310546875,-0.03662109375,-0.5859375,0.1708984375,-0.146484375,0.03662109375,0.927734375,-0.048828125,-0.6103515625,0.01220703125,1.513671875,-0.10986328125,0.9033203125,-0.1220703125,2.978515625,0.1953125,7.1044921875,-0.10986328125,0.35400390625,0,2.1484375,-0.08544921875,0.15869140625,0.1220703125,-0.0732421875,0.01220703125,-0.25634765625,0.48828125,-0.7080078125,0.09765625,-0.45166015625,0.06103515625,0.5615234375,-0.06103515625,7.36083984375,-0.10986328125,1.806640625,0.244140625,0.7568359375,0.0732421875,1.8798828125,-0.1953125,0.69580078125,-0.06103515625,0.439453125,-0.06103515625,0.439453125,-0.244140625,-0.048828125,0.28076171875,2.67333984375,-0.0732421875,6.0546875,-0.25634765625,1.81884765625,-0.09765625,1.7578125,-0.2685546875,8.9111328125,-0.1708984375,4.736328125,0.048828125,4.248046875,0.1708984375,6.04248046875,-0.2197265625,-1.23291015625,0.18310546875,-0.52490234375,-0.390625,-1.08642578125,-0.1708984375,-0.927734375,-0.0244140625,-1.5380859375,-0.146484375,-0.390625,-0.3173828125,-0.52490234375,-0.2197265625,-1.3671875,-0.146484375,-0.67138671875,0.08544921875,-0.634765625,0.01220703125,-0.67138671875,-0.1220703125,-0.048828125,0,-1.20849609375,-0.048828125,-1.91650390625,-0.244140625,-1.4892578125,-0.18310546875,-1.03759765625,0.048828125,0.30517578125,-0.01220703125,-0.03662109375,-0.06103515625,-0.048828125,0.0244140625,0.13427734375,-0.13427734375,3.82080078125,0.03662109375,6.1279296875,-0.08544921875,2.7587890625,0.08544921875,4.11376953125
1,-0.341796875,-0.28076171875,-0.1220703125,-0.35400390625,-0.09765625,-0.45166015625,0.03662109375,-0.10986328125,0.06103515625,-0.048828125,0.1953125,-0.91552734375,-0.08544921875,1.03759765625,-0.06103515625,-0.1708984375,-0.09765625,-0.5615234375,0.146484375,-0.15869140625,0.08544921875,0.9765625,-0.01220703125,-0.59814453125,-0.01220703125,1.40380859375,-0.13427734375,0.78125,-0.146484375,2.79541015625,0.0244140625,6.73828125,-0.13427734375,0.25634765625,0.08544921875,1.806640625,-0.10986328125,0.09765625,0.08544921875,-0.1708984375,0.0732421875,-0.23193359375,0.47607421875,-0.7080078125,0.0732421875,-0.45166015625,0.09765625,0.57373046875,0.09765625,7.666015625,-0.06103515625,1.84326171875,0.2197265625,0.76904296875,0.13427734375,1.9287109375,-0.1953125,0.7080078125,-0.10986328125,0.45166015625,-0.0732421875,0.40283203125,-0.28076171875,-0.03662109375,0.2197265625,2.60009765625,-0.15869140625,5.84716796875,-0.2197265625,1.74560546875,-0.1220703125,1.66015625,-0.2197265625,10.36376953125,-0.15869140625,5.35888671875,0.0244140625,4.8828125,0.244140625,6.79931640625,-0.1953125,-1.42822265625,0.18310546875,-0.57373046875,-0.47607421875,-1.13525390625,-0.25634765625,-0.9765625,-0.01220703125,-1.513671875,-0.1953125,-0.37841796875,-0.3173828125,-0.50048828125,-0.25634765625,-1.1474609375,-0.10986328125,-0.68359375,0.0732421875,-0.634765625,-0.06103515625,-0.67138671875,-0.10986328125,-0.0732421875,0.01220703125,-1.1962890625,-0.0244140625,-1.904296875,-0.244140625,-1.45263671875,-0.1953125,-0.927734375,0.0732421875,0.3173828125,-0.01220703125,-0.0244140625,-0.06103515625,-0.08544921875,0.01220703125,0.13427734375,-0.15869140625,4.6142578125,-0.03662109375,7.3486328125,-0.15869140625,3.3935546875,0.03662109375,5.078125
1,-0.341796875,-0.3173828125,-0.1708984375,-0.341796875,-0.08544921875,-0.439453125,0.0244140625,-0.08544921875,0.0732421875,-0.048828125,0.244140625,-0.9033203125,-0.03662109375,1.025390625,-0.048828125,-0.1220703125,-0.1708984375,-0.5615234375,0.13427734375,-0.15869140625,0.146484375,1.0009765625,-0.0732421875,-0.6103515625,-0.0244140625,1.26953125,-0.10986328125,0.64697265625,-0.1708984375,2.6123046875,-0.08544921875,6.26220703125,-0.09765625,0.15869140625,0.23193359375,1.55029296875,-0.09765625,0.03662109375,0.08544921875,-0.244140625,0.1220703125,-0.2197265625,0.40283203125,-0.7080078125,0.048828125,-0.45166015625,0.146484375,0.5615234375,0.146484375,7.7392578125,-0.06103515625,1.806640625,0.18310546875,0.7568359375,0.3173828125,1.89208984375,-0.15869140625,0.7080078125,-0.1220703125,0.4638671875,-0.03662109375,0.40283203125,-0.3173828125,-0.03662109375,0.1953125,2.5390625,-0.1708984375,5.615234375,-0.1708984375,1.708984375,-0.1953125,1.57470703125,-0.1953125,11.48681640625,-0.1220703125,5.8837890625,0.08544921875,5.35888671875,0.28076171875,7.373046875,-0.18310546875,-1.5380859375,0.10986328125,-0.59814453125,-0.5859375,-1.171875,-0.32958984375,-1.01318359375,0.01220703125,-1.50146484375,-0.2197265625,-0.3662109375,-0.25634765625,-0.48828125,-0.25634765625,-0.98876953125,-0.06103515625,-0.68359375,0.10986328125,-0.634765625,-0.13427734375,-0.64697265625,-0.0732421875,-0.06103515625,-0.01220703125,-1.1474609375,0,-1.86767578125,-0.25634765625,-1.3916015625,-0.2197265625,-0.634765625,0.08544921875,0.32958984375,-0.048828125,-0.0244140625,-0.0732421875,-0.09765625,0.048828125,0.146484375,-0.146484375,5.322265625,0.03662109375,8.33740234375,-0.10986328125,3.96728515625,0.06103515625,5.89599609375
1,-0.3173828125,-0.35400390625,-0.146484375,-0.32958984375,-0.06103515625,-0.42724609375,0.03662109375,-0.06103515625,0.01220703125,-0.09765625,0.25634765625,-0.9033203125,-0.01220703125,1.01318359375,-0.048828125,-0.13427734375,-0.1953125,-0.5615234375,0.10986328125,-0.15869140625,0.23193359375,0.98876953125,-0.10986328125,-0.62255859375,-0.01220703125,1.123046875,-0.15869140625,0.537109375,-0.146484375,2.45361328125,-0.146484375,5.7373046875,-0.048828125,0.10986328125,0.18310546875,1.37939453125,-0.09765625,-0.0244140625,0.06103515625,-0.25634765625,0.13427734375,-0.23193359375,0.32958984375,-0.7080078125,0.048828125,-0.439453125,0.23193359375,0.5859375,0.20751953125,7.58056640625,-0.06103515625,1.72119140625,0.1220703125,0.72021484375,0.47607421875,1.85546875,-0.1708984375,0.69580078125,-0.1220703125,0.48828125,0.03662109375,0.3662109375,-0.30517578125,-0.03662109375,0.18310546875,2.490234375,-0.20751953125,5.419921875,-0.09765625,1.6845703125,-0.25634765625,1.52587890625,-0.18310546875,12.1826171875,-0.0732421875,6.201171875,0.146484375,5.65185546875,0.29296875,7.7392578125,-0.15869140625,-1.59912109375,0.0732421875,-0.5859375,-0.5859375,-1.171875,-0.29296875,-0.98876953125,-0.03662109375,-1.4892578125,-0.2685546875,-0.35400390625,-0.25634765625,-0.5126953125,-0.1708984375,-0.91552734375,-0.0244140625,-0.69580078125,0.06103515625,-0.6591796875,-0.18310546875,-0.634765625,-0.10986328125,-0.048828125,0,-1.025390625,0,-1.74560546875,-0.28076171875,-1.2939453125,-0.25634765625,-0.29296875,0.10986328125,0.32958984375,-0.048828125,0,-0.06103515625,-0.10986328125,0.0244140625,0.146484375,-0.10986328125,5.87158203125,-0.0244140625,9.04541015625,-0.10986328125,4.38232421875,0.0732421875,6.53076171875
1,-0.30517578125,-0.42724609375,-0.1953125,-0.32958984375,-0.03662109375,-0.4638671875,0.03662109375,-0.06103515625,-0.0244140625,-0.09765625,0.23193359375,-0.91552734375,0,1.025390625,-0.0244140625,-0.10986328125,-0.1708984375,-0.54931640625,0.0732421875,-0.1708984375,0.3173828125,0.9765625,-0.146484375,-0.62255859375,-0.03662109375,1.03759765625,-0.15869140625,0.439453125,-0.13427734375,2.3193359375,-0.1953125,5.28564453125,-0.06103515625,0.10986328125,0.1220703125,1.3427734375,-0.08544921875,-0.06103515625,0.0732421875,-0.23193359375,0.146484375,-0.23193359375,0.244140625,-0.7080078125,0.09765625,-0.40283203125,0.29296875,0.57373046875,0.15869140625,7.21435546875,-0.13427734375,1.6357421875,0.048828125,0.634765625,0.50048828125,1.7578125,-0.1708984375,0.69580078125,-0.08544921875,0.50048828125,0.08544921875,0.341796875,-0.1953125,-0.03662109375,0.1220703125,2.4169921875,-0.23193359375,5.23681640625,-0.06103515625,1.64794921875,-0.3173828125,1.45263671875,-0.18310546875,12.40234375,-0.01220703125,6.2744140625,0.20751953125,5.7373046875,0.23193359375,7.8369140625,-0.09765625,-1.5625,0.06103515625,-0.5126953125,-0.54931640625,-1.15966796875,-0.1953125,-0.9521484375,-0.048828125,-1.50146484375,-0.29296875,-0.32958984375,-0.20751953125,-0.5126953125,-0.146484375,-0.98876953125,-0.01220703125,-0.7080078125,-0.0244140625,-0.6591796875,-0.23193359375,-0.64697265625,-0.1708984375,-0.06103515625,0,-0.9521484375,0,-1.64794921875,-0.30517578125,-1.220703125,-0.28076171875,0.0732421875,0.10986328125,0.32958984375,-0.09765625,0,-0.06103515625,-0.1220703125,0.01220703125,0.146484375,-0.10986328125,6.201171875,-0.09765625,9.423828125,-0.1220703125,4.57763671875,0.048828125,6.9091796875
1,-0.30517578125,-0.47607421875,-0.1953125,-0.32958984375,-0.03662109375,-0.45166015625,0.06103515625,-0.03662109375,-0.0732421875,-0.13427734375,0.15869140625,-0.91552734375,-0.0244140625,1.01318359375,-0.01220703125,-0.1220703125,-0.13427734375,-0.5615234375,-0.01220703125,-0.13427734375,0.37841796875,0.91552734375,-0.20751953125,-0.64697265625,-0.03662109375,0.9765625,-0.15869140625,0.37841796875,-0.10986328125,2.25830078125,-0.15869140625,4.9072265625,-0.048828125,0.15869140625,0,1.40380859375,-0.06103515625,-0.0732421875,0.06103515625,-0.18310546875,0.13427734375,-0.23193359375,0.1708984375,-0.7080078125,0.1708984375,-0.3662109375,0.28076171875,0.5859375,0.15869140625,6.7138671875,-0.1953125,1.47705078125,0,0.5615234375,0.5126953125,1.62353515625,-0.15869140625,0.68359375,-0.06103515625,0.5126953125,0.08544921875,0.341796875,-0.09765625,-0.0244140625,0.146484375,2.34375,-0.20751953125,5.0537109375,0.01220703125,1.59912109375,-0.341796875,1.416015625,-0.28076171875,12.17041015625,0.03662109375,6.21337890625,0.25634765625,5.60302734375,0.20751953125,7.70263671875,-0.09765625,-1.42822265625,0.06103515625,-0.42724609375,-0.45166015625,-1.123046875,-0.09765625,-0.86669921875,-0.09765625,-1.513671875,-0.29296875,-0.32958984375,-0.15869140625,-0.5126953125,-0.13427734375,-1.1474609375,-0.0244140625,-0.732421875,-0.13427734375,-0.64697265625,-0.2197265625,-0.64697265625,-0.20751953125,-0.0244140625,-0.0244140625,-0.84228515625,-0.01220703125,-1.57470703125,-0.30517578125,-1.15966796875,-0.29296875,0.3662109375,0.146484375,0.3173828125,-0.08544921875,-0.01220703125,-0.06103515625,-0.1220703125,0,0.146484375,-0.1220703125,6.28662109375,-0.15869140625,9.423828125,-0.13427734375,4.57763671875,0.03662109375,7.0068359375
0,-0.2685546875,-0.5126953125,-0.1953125,-0.341796875,-0.06103515625,-0.47607421875,0.06103515625,-0.048828125,-0.0732421875,-0.146484375,0.0732421875,-0.91552734375,-0.048828125,1.01318359375,0.01220703125,-0.1220703125,-0.03662109375,-0.537109375,-0.09765625,-0.146484375,0.390625,0.86669921875,-0.2197265625,-0.62255859375,-0.01220703125,0.93994140625,-0.1708984375,0.3173828125,-0.09765625,2.2216796875,-0.0732421875,4.69970703125,-0.06103515625,0.2197265625,-0.15869140625,1.55029296875,-0.06103515625,-0.08544921875,0.048828125,-0.08544921875,0.09765625,-0.25634765625,0.09765625,-0.72021484375,0.2197265625,-0.35400390625,0.25634765625,0.5859375,0.2197265625,6.15234375,-0.1708984375,1.3671875,-0.048828125,0.48828125,0.4638671875,1.513671875,-0.20751953125,0.69580078125,-0.01220703125,0.50048828125,0.09765625,0.3662109375,0.0244140625,-0.048828125,0.1220703125,2.25830078125,-0.341796875,4.8828125,0.03662109375,1.55029296875,-0.3173828125,1.37939453125,-0.341796875,11.4990234375,0.09765625,5.8837890625,0.244140625,5.2734375,0.15869140625,7.33642578125,-0.09765625,-1.25732421875,0.08544921875,-0.29296875,-0.2685546875,-1.0498046875,0.01220703125,-0.79345703125,-0.13427734375,-1.55029296875,-0.3173828125,-0.32958984375,-0.1953125,-0.537109375,-0.09765625,-1.35498046875,-0.06103515625,-0.72021484375,-0.20751953125,-0.67138671875,-0.18310546875,-0.634765625,-0.244140625,-0.01220703125,-0.01220703125,-0.76904296875,0.01220703125,-1.52587890625,-0.30517578125,-1.11083984375,-0.28076171875,0.52490234375,0.15869140625,0.341796875,-0.09765625,0,-0.0732421875,-0.09765625,-0.01220703125,0.146484375,-0.10986328125,6.14013671875,-0.1708984375,9.14306640625,-0.1220703125,4.40673828125,0.01220703125,6.8359375
0,-0.28076171875,-0.537109375,-0.1953125,-0.35400390625,-0.048828125,-0.48828125,0.048828125,-0.048828125,-0.10986328125,-0.146484375,0.01220703125,-0.927734375,-0.08544921875,1.0009765625,0,-0.1220703125,0.048828125,-0.54931640625,-0.146484375,-0.15869140625,0.42724609375,0.81787109375,-0.23193359375,-0.634765625,0.03662109375,0.93994140625,-0.1708984375,0.29296875,-0.0732421875,2.2705078125,-0.1220703125,4.638671875,-0.10986328125,0.2685546875,-0.3173828125,1.6845703125,-0.048828125,-0.06103515625,0.03662109375,-0.0244140625,0.03662109375,-0.2685546875,0.01220703125,-0.69580078125,0.25634765625,-0.3662109375,0.1953125,0.5615234375,0.1953125,5.60302734375,-0.13427734375,1.28173828125,-0.08544921875,0.4150390625,0.40283203125,1.42822265625,-0.23193359375,0.68359375,0.03662109375,0.48828125,0.09765625,0.390625,0.1220703125,0,0.1220703125,2.1484375,-0.32958984375,4.6875,0.0732421875,1.45263671875,-0.29296875,1.318359375,-0.40283203125,10.498046875,0.10986328125,5.3955078125,0.2197265625,4.78515625,0.09765625,6.79931640625,-0.1220703125,-1.0498046875,0.08544921875,-0.15869140625,-0.08544921875,-0.98876953125,0.1220703125,-0.68359375,-0.1708984375,-1.5625,-0.2685546875,-0.341796875,-0.23193359375,-0.537109375,-0.13427734375,-1.5625,-0.09765625,-0.732421875,-0.2685546875,-0.67138671875,-0.146484375,-0.64697265625,-0.244140625,-0.03662109375,0.01220703125,-0.7568359375,0.03662109375,-1.50146484375,-0.2685546875,-1.11083984375,-0.244140625,0.54931640625,0.15869140625,0.3173828125,-0.09765625,0,-0.0732421875,-0.0732421875,-0.03662109375,0.15869140625,-0.1220703125,5.77392578125,-0.146484375,8.59375,-0.1220703125,4.0771484375,-0.0244140625,6.4208984375
0,-0.3173828125,-0.50048828125,-0.1953125,-0.3662109375,-0.048828125,-0.50048828125,0.03662109375,-0.0732421875,-0.13427734375,-0.146484375,-0.01220703125,-0.927734375,-0.146484375,1.01318359375,0,-0.13427734375,0.1220703125,-0.5615234375,-0.1953125,-0.146484375,0.40283203125,0.79345703125,-0.2197265625,-0.634765625,0.048828125,0.93994140625,-0.13427734375,0.30517578125,-0.06103515625,2.294921875,-0.20751953125,4.6875,-0.09765625,0.28076171875,-0.45166015625,1.7578125,-0.03662109375,-0.03662109375,-0.01220703125,0.0244140625,-0.048828125,-0.30517578125,-0.06103515625,-0.69580078125,0.25634765625,-0.3662109375,0.15869140625,0.5615234375,0.29296875,5.1513671875,-0.10986328125,1.23291015625,-0.13427734375,0.37841796875,0.390625,1.35498046875,-0.29296875,0.68359375,0.08544921875,0.47607421875,0.13427734375,0.40283203125,0.1953125,0.01220703125,0.146484375,2.0263671875,-0.25634765625,4.50439453125,0.0732421875,1.35498046875,-0.25634765625,1.25732421875,-0.439453125,9.26513671875,0.13427734375,4.82177734375,0.146484375,4.19921875,0.048828125,6.1279296875,-0.18310546875,-0.84228515625,0.06103515625,-0.048828125,0.03662109375,-0.93994140625,0.15869140625,-0.59814453125,-0.146484375,-1.57470703125,-0.23193359375,-0.35400390625,-0.29296875,-0.54931640625,-0.1953125,-1.69677734375,-0.10986328125,-0.72021484375,-0.2685546875,-0.64697265625,-0.06103515625,-0.6591796875,-0.23193359375,-0.0244140625,0.03662109375,-0.7568359375,0.0732421875,-1.50146484375,-0.244140625,-1.13525390625,-0.341796875,0.45166015625,0.15869140625,0.30517578125,-0.13427734375,0,-0.0732421875,-0.048828125,-0.03662109375,0.1708984375,-0.09765625,5.26123046875,-0.146484375,7.91015625,-0.09765625,3.662109375,-0.0244140625,5.8349609375
0,-0.32958984375,-0.4638671875,-0.2197265625,-0.3662109375,-0.03662109375,-0.47607421875,0.0244140625,-0.06103515625,-0.15869140625,-0.10986328125,-0.03662109375,-0.91552734375,-0.23193359375,1.025390625,0.01220703125,-0.10986328125,0.20751953125,-0.5615234375,-0.20751953125,-0.1220703125,0.32958984375,0.7568359375,-0.1708984375,-0.6103515625,0.0732421875,0.98876953125,-0.10986328125,0.3173828125,-0.048828125,2.34375,-0.30517578125,4.84619140625,-0.0732421875,0.23193359375,-0.50048828125,1.72119140625,-0.0244140625,-0.01220703125,0,0.01220703125,-0.1220703125,-0.3173828125,-0.13427734375,-0.69580078125,0.23193359375,-0.390625,0.08544921875,0.54931640625,0.1220703125,4.84619140625,-0.06103515625,1.23291015625,-0.18310546875,0.32958984375,0.3662109375,1.33056640625,-0.32958984375,0.68359375,0.1220703125,0.4638671875,0.1220703125,0.45166015625,0.28076171875,0.01220703125,0.1708984375,1.86767578125,-0.1708984375,4.296875,0.0244140625,1.220703125,-0.1953125,1.18408203125,-0.35400390625,7.84912109375,0.1953125,4.150390625,0.08544921875,3.5400390625,0.03662109375,5.35888671875,-0.18310546875,-0.69580078125,0.06103515625,0.06103515625,0.20751953125,-0.89111328125,0.1953125,-0.52490234375,-0.10986328125,-1.59912109375,-0.1953125,-0.37841796875,-0.3173828125,-0.54931640625,-0.23193359375,-1.74560546875,-0.1220703125,-0.732421875,-0.28076171875,-0.64697265625,0,-0.6591796875,-0.23193359375,-0.0244140625,0.13427734375,-0.78125,0.13427734375,-1.5380859375,-0.18310546875,-1.171875,-0.32958984375,0.28076171875,0.15869140625,0.3173828125,-0.13427734375,-0.0244140625,-0.0732421875,-0.0244140625,-0.048828125,0.146484375,-0.08544921875,4.67529296875,-0.13427734375,7.14111328125,-0.08544921875,3.18603515625,-0.0244140625,5.17578125
0,-0.35400390625,-0.439453125,-0.23193359375,-0.3662109375,-0.03662109375,-0.48828125,-0.01220703125,-0.03662109375,-0.1708984375,-0.08544921875,-0.03662109375,-0.927734375,-0.25634765625,1.025390625,-0.01220703125,-0.09765625,0.244140625,-0.57373046875,-0.2197265625,-0.1220703125,0.20751953125,0.81787109375,-0.146484375,-0.6103515625,0.09765625,0.98876953125,-0.09765625,0.341796875,-0.048828125,2.38037109375,-0.3173828125,4.99267578125,-0.048828125,0.18310546875,-0.40283203125,1.50146484375,-0.01220703125,-0.06103515625,0,-0.06103515625,-0.1708984375,-0.29296875,-0.23193359375,-0.68359375,0.1953125,-0.390625,0.048828125,0.537109375,0.146484375,4.7119140625,-0.08544921875,1.2451171875,-0.20751953125,0.341796875,0.32958984375,1.3427734375,-0.30517578125,0.64697265625,0.10986328125,0.439453125,0.09765625,0.48828125,0.341796875,0,0.2197265625,1.72119140625,-0.03662109375,4.0771484375,-0.03662109375,1.11083984375,-0.13427734375,1.0986328125,-0.25634765625,6.35986328125,0.1953125,3.4912109375,0,2.81982421875,-0.01220703125,4.55322265625,-0.1708984375,-0.6103515625,0.048828125,0.10986328125,0.3662109375,-0.89111328125,0.23193359375,-0.47607421875,-0.06103515625,-1.6357421875,-0.1708984375,-0.390625,-0.2685546875,-0.54931640625,-0.3173828125,-1.6845703125,-0.15869140625,-0.7080078125,-0.244140625,-0.634765625,0.09765625,-0.634765625,-0.2197265625,-0.0244140625,0.15869140625,-0.830078125,0.1953125,-1.5869140625,-0.1953125,-1.220703125,-0.390625,0.08544921875,0.1708984375,0.30517578125,-0.10986328125,-0.048828125,-0.06103515625,-0.01220703125,-0.08544921875,0.146484375,-0.08544921875,4.04052734375,-0.18310546875,6.3720703125,-0.1220703125,2.72216796875,-0.03662109375,4.47998046875
0,-0.390625,-0.40283203125,-0.244140625,-0.37841796875,-0.0244140625,-0.47607421875,-0.01220703125,-0.0732421875,-0.18310546875,-0.08544921875,0,-0.927734375,-0.25634765625,1.06201171875,-0.0244140625,-0.1220703125,0.244140625,-0.5615234375,-0.20751953125,-0.10986328125,0.1708984375,0.830078125,-0.08544921875,-0.5859375,0.1220703125,0.9765625,-0.048828125,0.35400390625,-0.10986328125,2.3681640625,-0.28076171875,5.0537109375,0,0.0244140625,-0.3662109375,1.123046875,0,-0.0732421875,-0.0732421875,-0.15869140625,-0.20751953125,-0.29296875,-0.25634765625,-0.69580078125,0.09765625,-0.45166015625,0.06103515625,0.537109375,-0.01220703125,4.77294921875,-0.0732421875,1.26953125,-0.2685546875,0.341796875,0.2685546875,1.33056640625,-0.2685546875,0.6591796875,0.09765625,0.439453125,0.13427734375,0.47607421875,0.439453125,0,0.1953125,1.57470703125,0.09765625,3.7841796875,-0.10986328125,1.0009765625,-0.09765625,1.025390625,-0.15869140625,4.8583984375,0.18310546875,2.8076171875,-0.08544921875,2.11181640625,0.01220703125,3.7841796875,-0.15869140625,-0.634765625,0,0.13427734375,0.4638671875,-0.9033203125,0.2197265625,-0.50048828125,0.03662109375,-1.62353515625,-0.13427734375,-0.42724609375,-0.1953125,-0.52490234375,-0.32958984375,-1.5380859375,-0.1708984375,-0.72021484375,-0.18310546875,-0.6103515625,0.18310546875,-0.64697265625,-0.1953125,-0.0244140625,0.18310546875,-0.84228515625,0.1953125,-1.62353515625,-0.1708984375,-1.23291015625,-0.4150390625,-0.08544921875,0.15869140625,0.3173828125,-0.09765625,-0.06103515625,-0.06103515625,-0.01220703125,-0.09765625,0.146484375,-0.09765625,3.4423828125,-0.18310546875,5.65185546875,-0.10986328125,2.294921875,-0.0244140625,3.79638671875
0,-0.40283203125,-0.3662109375,-0.2685546875,-0.390625,-0.03662109375,-0.45166015625,-0.0244140625,-0.09765625,-0.1220703125,-0.0732421875,0.0244140625,-0.927734375,-0.2197265625,1.0498046875,-0.03662109375,-0.146484375,0.20751953125,-0.54931640625,-0.18310546875,-0.09765625,0.18310546875,0.9033203125,-0.048828125,-0.5859375,0.1220703125,0.927734375,-0.01220703125,0.32958984375,-0.18310546875,2.3193359375,-0.244140625,4.96826171875,0.0244140625,-0.13427734375,-0.25634765625,0.5859375,0.06103515625,-0.146484375,-0.1220703125,-0.35400390625,-0.23193359375,-0.244140625,-0.2685546875,-0.69580078125,-0.01220703125,-0.4638671875,0.146484375,0.54931640625,-0.03662109375,4.9072265625,-0.08544921875,1.2939453125,-0.20751953125,0.37841796875,0.13427734375,1.3671875,-0.13427734375,0.64697265625,0.06103515625,0.439453125,0.10986328125,0.47607421875,0.47607421875,-0.01220703125,0.1220703125,1.416015625,0.28076171875,3.47900390625,-0.1220703125,0.91552734375,-0.10986328125,0.93994140625,-0.08544921875,3.3935546875,0.1220703125,2.2216796875,-0.15869140625,1.45263671875,0.048828125,3.03955078125,-0.15869140625,-0.7080078125,-0.01220703125,0.08544921875,0.52490234375,-0.91552734375,0.13427734375,-0.5126953125,0.09765625,-1.62353515625,-0.10986328125,-0.42724609375,-0.13427734375,-0.54931640625,-0.35400390625,-1.35498046875,-0.1708984375,-0.72021484375,-0.13427734375,-0.6591796875,0.23193359375,-0.6591796875,-0.1708984375,-0.01220703125,0.20751953125,-0.9033203125,0.2685546875,-1.64794921875,-0.1220703125,-1.2451171875,-0.32958984375,-0.18310546875,0.13427734375,0.30517578125,-0.08544921875,-0.048828125,-0.06103515625,0,-0.10986328125,0.1220703125,-0.09765625,2.9296875,-0.1708984375,4.99267578125,-0.146484375,1.91650390625,-0.01220703125,3.1982421875
0,-0.4150390625,-0.390625,-0.25634765625,-0.40283203125,-0.06103515625,-0.45166015625,-0.048828125,-0.09765625,-0.03662109375,-0.06103515625,0.06103515625,-0.91552734375,-0.18310546875,1.06201171875,0.01220703125,-0.1708984375,0.13427734375,-0.57373046875,-0.15869140625,-0.10986328125,0.25634765625,0.9521484375,-0.01220703125,-0.5859375,0.1220703125,0.8544921875,0.0244140625,0.25634765625,-0.23193359375,2.197265625,-0.2197265625,4.6630859375,0,-0.3173828125,-0.20751953125,-0.0244140625,0.048828125,-0.2685546875,-0.18310546875,-0.52490234375,-0.244140625,-0.2197265625,-0.23193359375,-0.69580078125,-0.1220703125,-0.4638671875,0.1953125,0.54931640625,0.09765625,5.0537109375,-0.048828125,1.2939453125,-0.1708984375,0.40283203125,0.03662109375,1.37939453125,-0.08544921875,0.64697265625,0.0244140625,0.45166015625,0.048828125,0.4638671875,0.50048828125,-0.01220703125,0.048828125,1.25732421875,0.4150390625,3.125,-0.08544921875,0.76904296875,-0.06103515625,0.830078125,-0.048828125,2.05078125,0.06103515625,1.66015625,-0.20751953125,0.84228515625,0.06103515625,2.3681640625,-0.13427734375,-0.8544921875,-0.0244140625,0.0244140625,0.5126953125,-0.9521484375,0.03662109375,-0.5615234375,0.10986328125,-1.59912109375,-0.08544921875,-0.4150390625,-0.03662109375,-0.5126953125,-0.37841796875,-1.15966796875,-0.08544921875,-0.74462890625,-0.15869140625,-0.64697265625,0.25634765625,-0.64697265625,-0.09765625,-0.0244140625,0.15869140625,-0.91552734375,0.2685546875,-1.62353515625,-0.18310546875,-1.23291015625,-0.30517578125,-0.18310546875,0.146484375,0.32958984375,-0.08544921875,-0.03662109375,-0.06103515625,-0.01220703125,-0.1220703125,0.1220703125,-0.09765625,2.45361328125,-0.1953125,4.40673828125,-0.1220703125,1.5625,-0.01220703125,2.64892578125
0,-0.4150390625,-0.4150390625,-0.2685546875,-0.40283203125,-0.0732421875,-0.439453125,-0.048828125,-0.10986328125,0.0244140625,-0.06103515625,0.08544921875,-0.91552734375,-0.1220703125,1.03759765625,0.048828125,-0.1953125,0.0732421875,-0.54931640625,-0.1220703125,-0.09765625,0.32958984375,1.0009765625,-0.01220703125,-0.57373046875,0.08544921875,0.72021484375,0.0732421875,0.13427734375,-0.3173828125,2.05078125,-0.20751953125,4.1259765625,-0.01220703125,-0.48828125,-0.06103515625,-0.62255859375,0.0244140625,-0.37841796875,-0.1708984375,-0.68359375,-0.1953125,-0.2197265625,-0.15869140625,-0.69580078125,-0.2197265625,-0.4638671875,0.1953125,0.537109375,0.15869140625,5.126953125,-0.03662109375,1.2939453125,-0.10986328125,0.4150390625,-0.0244140625,1.3916015625,-0.048828125,0.6591796875,-0.03662109375,0.47607421875,0.01220703125,0.42724609375,0.59814453125,-0.0244140625,-0.01220703125,1.123046875,0.341796875,2.7587890625,-0.0244140625,0.68359375,-0.0732421875,0.74462890625,-0.03662109375,0.86669921875,-0.03662109375,1.18408203125,-0.1953125,0.29296875,0.0732421875,1.77001953125,-0.1220703125,-0.98876953125,-0.0244140625,-0.03662109375,0.4150390625,-1.0009765625,-0.048828125,-0.62255859375,0.1220703125,-1.57470703125,-0.06103515625,-0.40283203125,0.03662109375,-0.50048828125,-0.341796875,-1.0009765625,-0.0732421875,-0.7568359375,-0.1708984375,-0.64697265625,0.20751953125,-0.634765625,-0.048828125,-0.048828125,0.0732421875,-0.87890625,0.23193359375,-1.611328125,-0.23193359375,-1.1962890625,-0.28076171875,-0.09765625,0.146484375,0.3173828125,-0.0732421875,-0.01220703125,-0.0732421875,0.01220703125,-0.146484375,0.13427734375,-0.0732421875,2.03857421875,-0.2197265625,3.8330078125,-0.13427734375,1.220703125,-0.01220703125,2.13623046875
0,-0.4150390625,-0.45166015625,-0.28076171875,-0.40283203125,-0.08544921875,-0.45166015625,-0.0732421875,-0.10986328125,0.13427734375,-0.09765625,0.0732421875,-0.927734375,-0.06103515625,1.025390625,0.0732421875,-0.1953125,0.01220703125,-0.57373046875,-0.15869140625,-0.09765625,0.390625,1.01318359375,-0.0244140625,-0.57373046875,0.06103515625,0.54931640625,0.10986328125,-0.0244140625,-0.40283203125,1.84326171875,-0.048828125,3.40576171875,-0.048828125,-0.62255859375,0.0732421875,-1.123046875,0.01220703125,-0.48828125,-0.1220703125,-0.8056640625,-0.13427734375,-0.1953125,-0.08544921875,-0.68359375,-0.2685546875,-0.45166015625,0.18310546875,0.54931640625,0.29296875,5.0537109375,-0.0244140625,1.23291015625,-0.08544921875,0.4150390625,-0.08544921875,1.3427734375,0,0.6591796875,-0.06103515625,0.50048828125,-0.0732421875,0.439453125,0.57373046875,-0.01220703125,-0.01220703125,0.93994140625,0.390625,2.34375,0.0244140625,0.57373046875,-0.09765625,0.6103515625,-0.0732421875,-0.09765625,-0.048828125,0.81787109375,-0.146484375,-0.15869140625,0.08544921875,1.30615234375,-0.0732421875,-1.123046875,-0.01220703125,-0.1220703125,0.28076171875,-1.025390625,-0.13427734375,-0.67138671875,0.10986328125,-1.57470703125,-0.03662109375,-0.390625,0.08544921875,-0.5126953125,-0.244140625,-0.91552734375,-0.01220703125,-0.7568359375,-0.146484375,-0.6591796875,0.15869140625,-0.634765625,0.0244140625,-0.048828125,0.09765625,-0.81787109375,0.23193359375,-1.55029296875,-0.2685546875,-1.13525390625,-0.18310546875,0.0732421875,0.146484375,0.30517578125,-0.048828125,-0.01220703125,-0.08544921875,0.01220703125,-0.15869140625,0.13427734375,-0.06103515625,1.64794921875,-0.2197265625,3.2958984375,-0.13427734375,0.9521484375,-0.0244140625,1.6845703125
0,-0.40283203125,-0.48828125,-0.28076171875,-0.37841796875,-0.048828125,-0.439453125,-0.0732421875,-0.09765625,0.244140625,-0.10986328125,0.08544921875,-0.91552734375,-0.0244140625,1.03759765625,0.08544921875,-0.18310546875,-0.01220703125,-0.5615234375,-0.18310546875,-0.1220703125,0.40283203125,1.01318359375,-0.06103515625,-0.59814453125,0.03662109375,0.35400390625,0.13427734375,-0.2197265625,-0.47607421875,1.59912109375,0.03662109375,2.5146484375,-0.0244140625,-0.72021484375,0.10986328125,-1.42822265625,0,-0.59814453125,-0.10986328125,-0.84228515625,-0.09765625,-0.18310546875,0.01220703125,-0.72021484375,-0.28076171875,-0.45166015625,0.1708984375,0.5615234375,0.30517578125,4.7607421875,0,1.1474609375,-0.0732421875,0.35400390625,-0.10986328125,1.26953125,0.0244140625,0.68359375,-0.06103515625,0.50048828125,-0.10986328125,0.45166015625,0.5859375,-0.01220703125,0.01220703125,0.81787109375,0.42724609375,2.001953125,0.0732421875,0.50048828125,-0.1220703125,0.50048828125,-0.03662109375,-0.8056640625,-0.13427734375,0.5615234375,-0.0244140625,-0.45166015625,0.06103515625,0.927734375,-0.0244140625,-1.23291015625,-0.01220703125,-0.1708984375,0.1220703125,-1.06201171875,-0.1708984375,-0.7080078125,0.08544921875,-1.55029296875,-0.01220703125,-0.37841796875,0.10986328125,-0.48828125,-0.15869140625,-0.93994140625,0.048828125,-0.7568359375,-0.1220703125,-0.68359375,0.06103515625,-0.634765625,0.08544921875,-0.048828125,0.06103515625,-0.74462890625,0.18310546875,-1.46484375,-0.32958984375,-1.07421875,-0.20751953125,0.25634765625,0.146484375,0.32958984375,-0.06103515625,0,-0.0732421875,0.01220703125,-0.18310546875,0.1220703125,-0.03662109375,1.26953125,-0.2197265625,2.7099609375,-0.13427734375,0.59814453125,-0.03662109375,1.18408203125
0,-0.439453125,-0.52490234375,-0.25634765625,-0.341796875,-0.0244140625,-0.45166015625,-0.0732421875,-0.0732421875,0.32958984375,-0.13427734375,0.06103515625,-0.91552734375,-0.0244140625,1.025390625,0.09765625,-0.15869140625,-0.048828125,-0.537109375,-0.20751953125,-0.1220703125,0.45166015625,0.9765625,-0.048828125,-0.5859375,0,0.13427734375,0.15869140625,-0.4150390625,-0.47607421875,1.35498046875,0.1220703125,1.611328125,0.01220703125,-0.7080078125,0.146484375,-1.47705078125,-0.01220703125,-0.64697265625,-0.10986328125,-0.8056640625,-0.0732421875,-0.2197265625,0.08544921875,-0.7080078125,-0.25634765625,-0.4150390625,0.15869140625,0.5615234375,0.4150390625,4.23583984375,0.03662109375,1.01318359375,-0.01220703125,0.244140625,-0.20751953125,1.15966796875,0.0244140625,0.67138671875,-0.08544921875,0.48828125,-0.15869140625,0.439453125,0.59814453125,0,0.0732421875,0.69580078125,0.37841796875,1.66015625,0.09765625,0.40283203125,-0.15869140625,0.40283203125,-0.06103515625,-1.2451171875,-0.146484375,0.390625,0.0732421875,-0.62255859375,0,0.68359375,0.01220703125,-1.26953125,0.03662109375,-0.18310546875,-0.09765625,-1.03759765625,-0.13427734375,-0.7080078125,-0.01220703125,-1.52587890625,-0.0244140625,-0.35400390625,0.1708984375,-0.48828125,0.0732421875,-1.01318359375,0.09765625,-0.7568359375,-0.09765625,-0.67138671875,-0.048828125,-0.62255859375,0.10986328125,-0.06103515625,0.06103515625,-0.64697265625,0.1220703125,-1.37939453125,-0.32958984375,-1.0009765625,-0.23193359375,0.45166015625,0.13427734375,0.35400390625,-0.0732421875,-0.01220703125,-0.08544921875,0,-0.1953125,0.13427734375,-0.06103515625,0.86669921875,-0.1953125,2.1240234375,-0.146484375,0.23193359375,-0.048828125,0.634765625
0,-0.42724609375,-0.537109375,-0.23193359375,-0.32958984375,0,-0.4638671875,-0.06103515625,-0.048828125,0.439453125,-0.13427734375,0.048828125,-0.91552734375,-0.048828125,1.01318359375,0.08544921875,-0.13427734375,-0.06103515625,-0.54931640625,-0.2197265625,-0.146484375,0.42724609375,0.93994140625,-0.03662109375,-0.59814453125,-0.0244140625,-0.048828125,0.15869140625,-0.62255859375,-0.42724609375,1.123046875,0.18310546875,0.74462890625,0.048828125,-0.62255859375,0.1220703125,-1.220703125,0.0244140625,-0.64697265625,-0.10986328125,-0.69580078125,-0.08544921875,-0.25634765625,0.13427734375,-0.732421875,-0.1953125,-0.40283203125,0.146484375,0.5615234375,0.54931640625,3.50341796875,0.08544921875,0.8544921875,0,0.146484375,-0.29296875,1.0498046875,0,0.6591796875,-0.15869140625,0.4638671875,-0.18310546875,0.45166015625,0.5615234375,0.01220703125,0.146484375,0.5859375,0.32958984375,1.42822265625,0.13427734375,0.3662109375,-0.18310546875,0.32958984375,-0.18310546875,-1.40380859375,-0.1953125,0.341796875,0.10986328125,-0.69580078125,-0.08544921875,0.537109375,-0.08544921875,-1.28173828125,0.08544921875,-0.20751953125,-0.2197265625,-1.0498046875,-0.048828125,-0.732421875,-0.0732421875,-1.52587890625,-0.0244140625,-0.3662109375,0.1953125,-0.50048828125,0.25634765625,-1.15966796875,0.10986328125,-0.76904296875,-0.0732421875,-0.7080078125,-0.09765625,-0.59814453125,0.10986328125,-0.06103515625,0.09765625,-0.537109375,0.13427734375,-1.30615234375,-0.32958984375,-0.93994140625,-0.18310546875,0.6103515625,0.13427734375,0.32958984375,-0.0732421875,-0.0244140625,-0.0732421875,0,-0.23193359375,0.1220703125,-0.0732421875,0.4150390625,-0.2197265625,1.46484375,-0.146484375,-0.15869140625,-0.0244140625,0.09765625
1,-0.439453125,-0.5126953125,-0.23193359375,-0.341796875,-0.01220703125,-0.47607421875,-0.08544921875,-0.048828125,0.50048828125,-0.15869140625,0.048828125,-0.91552734375,-0.0732421875,1.01318359375,0.10986328125,-0.146484375,-0.06103515625,-0.5615234375,-0.2197265625,-0.146484375,0.439453125,0.9033203125,0.01220703125,-0.59814453125,-0.08544921875,-0.2197265625,0.146484375,-0.76904296875,-0.3173828125,0.9521484375,0.18310546875,0.0732421875,0.10986328125,-0.4638671875,0.048828125,-0.732421875,0.03662109375,-0.54931640625,-0.09765625,-0.50048828125,-0.10986328125,-0.28076171875,0.23193359375,-0.732421875,-0.13427734375,-0.37841796875,0.09765625,0.537109375,0.62255859375,2.7099609375,0.146484375,0.68359375,0.09765625,0.01220703125,-0.32958984375,0.9033203125,-0.0244140625,0.67138671875,-0.13427734375,0.45166015625,-0.15869140625,0.45166015625,0.52490234375,0.01220703125,0.1953125,0.50048828125,0.1953125,1.2939453125,0.13427734375,0.341796875,-0.1708984375,0.29296875,-0.2685546875,-1.2939453125,-0.23193359375,0.35400390625,0.15869140625,-0.634765625,-0.146484375,0.5615234375,-0.13427734375,-1.20849609375,0.09765625,-0.18310546875,-0.3173828125,-1.01318359375,0.03662109375,-0.7080078125,-0.146484375,-1.5380859375,-0.0244140625,-0.3662109375,0.28076171875,-0.5126953125,0.30517578125,-1.318359375,0.0732421875,-0.72021484375,-0.0732421875,-0.69580078125,-0.146484375,-0.57373046875,0.03662109375,-0.048828125,0.0732421875,-0.439453125,0.06103515625,-1.220703125,-0.341796875,-0.87890625,-0.25634765625,0.72021484375,0.1220703125,0.3173828125,-0.08544921875,-0.03662109375,-0.06103515625,0.01220703125,-0.2197265625,0.10986328125,-0.06103515625,-0.03662109375,-0.2197265625,0.8544921875,-0.1708984375,-0.54931640625,-0.048828125,-0.48828125
1,-0.42724609375,-0.47607421875,-0.20751953125,-0.341796875,-0.01220703125,-0.48828125,-0.08544921875,-0.06103515625,0.537109375,-0.146484375,0.03662109375,-0.927734375,-0.1220703125,1.025390625,0.0732421875,-0.13427734375,-0.03662109375,-0.537109375,-0.23193359375,-0.146484375,0.45166015625,0.8544921875,0.06103515625,-0.59814453125,-0.0732421875,-0.30517578125,0.1220703125,-0.87890625,-0.1953125,0.8056640625,0.2197265625,-0.32958984375,0.1220703125,-0.2197265625,-0.0732421875,0,0.03662109375,-0.40283203125,-0.08544921875,-0.28076171875,-0.146484375,-0.30517578125,0.32958984375,-0.72021484375,-0.1220703125,-0.37841796875,0.06103515625,0.5615234375,0.68359375,1.91650390625,0.09765625,0.52490234375,0.146484375,-0.146484375,-0.3173828125,0.74462890625,-0.10986328125,0.6591796875,-0.13427734375,0.4638671875,-0.23193359375,0.48828125,0.45166015625,0.0244140625,0.2197265625,0.52490234375,0.0732421875,1.3427734375,0.1220703125,0.32958984375,-0.1953125,0.30517578125,-0.28076171875,-0.9765625,-0.244140625,0.45166015625,0.2197265625,-0.5126953125,-0.1708984375,0.64697265625,-0.23193359375,-1.13525390625,0.08544921875,-0.15869140625,-0.390625,-0.9765625,0.0732421875,-0.72021484375,-0.1953125,-1.5380859375,0,-0.35400390625,0.3662109375,-0.5126953125,0.1708984375,-1.46484375,0.01220703125,-0.69580078125,0,-0.67138671875,-0.10986328125,-0.5615234375,-0.048828125,-0.048828125,0.048828125,-0.341796875,0,-1.1474609375,-0.3173828125,-0.81787109375,-0.341796875,0.7568359375,0.13427734375,0.3173828125,-0.08544921875,-0.0244140625,-0.0732421875,0,-0.25634765625,0.10986328125,-0.10986328125,-0.47607421875,-0.29296875,0.28076171875,-0.2197265625,-0.91552734375,-0.0732421875,-1.025390625
1,-0.42724609375,-0.45166015625,-0.1953125,-0.3662109375,0,-0.47607421875,-0.0732421875,-0.06103515625,0.5126953125,-0.13427734375,0.048828125,-0.927734375,-0.18310546875,1.03759765625,0.08544921875,-0.13427734375,0.01220703125,-0.57373046875,-0.1953125,-0.15869140625,0.45166015625,0.8544921875,0.10986328125,-0.6103515625,-0.0244140625,-0.35400390625,0.09765625,-0.93994140625,-0.06103515625,0.74462890625,0.1953125,-0.45166015625,0.1220703125,0.03662109375,-0.2197265625,0.87890625,0.03662109375,-0.1953125,-0.03662109375,-0.01220703125,-0.15869140625,-0.2685546875,0.341796875,-0.72021484375,-0.03662109375,-0.390625,0.048828125,0.537109375,0.57373046875,1.2451171875,0.146484375,0.40283203125,0.1708984375,-0.244140625,-0.244140625,0.6103515625,-0.146484375,0.64697265625,-0.15869140625,0.439453125,-0.1953125,0.50048828125,0.244140625,0,0.2685546875,0.6103515625,0.06103515625,1.57470703125,0.08544921875,0.4150390625,-0.1953125,0.3662109375,-0.3173828125,-0.52490234375,-0.25634765625,0.5859375,0.23193359375,-0.32958984375,-0.1953125,0.830078125,-0.25634765625,-1.0498046875,0.08544921875,-0.146484375,-0.3662109375,-0.96435546875,0.09765625,-0.68359375,-0.25634765625,-1.5625,0.01220703125,-0.3662109375,0.40283203125,-0.5126953125,0.09765625,-1.55029296875,0.01220703125,-0.67138671875,-0.03662109375,-0.6591796875,-0.10986328125,-0.6103515625,-0.1220703125,-0.048828125,0,-0.29296875,-0.0244140625,-1.0986328125,-0.2685546875,-0.81787109375,-0.40283203125,0.74462890625,0.13427734375,0.3173828125,-0.09765625,-0.03662109375,-0.0732421875,-0.0244140625,-0.30517578125,0.10986328125,-0.0732421875,-0.8544921875,-0.30517578125,-0.1708984375,-0.20751953125,-1.220703125,-0.0244140625,-1.47705078125
1,-0.4150390625,-0.390625,-0.2197265625,-0.35400390625,0,-0.48828125,-0.048828125,-0.0732421875,0.47607421875,-0.10986328125,0.01220703125,-0.93994140625,-0.2197265625,1.025390625,0.048828125,-0.1220703125,0.06103515625,-0.57373046875,-0.146484375,-0.1708984375,0.48828125,0.8544921875,0.15869140625,-0.6103515625,0.0244140625,-0.3173828125,0.06103515625,-0.91552734375,0.01220703125,0.78125,-0.01220703125,-0.244140625,0.146484375,0.341796875,-0.2197265625,1.77001953125,0.01220703125,0.048828125,0,0.23193359375,-0.1708984375,-0.25634765625,0.37841796875,-0.7080078125,-0.048828125,-0.390625,0.0732421875,0.57373046875,0.5615234375,0.830078125,0.146484375,0.3173828125,0.244140625,-0.341796875,-0.15869140625,0.537109375,-0.18310546875,0.634765625,-0.15869140625,0.439453125,-0.20751953125,0.50048828125,0.1708984375,-0.01220703125,0.2685546875,0.81787109375,0.01220703125,2.001953125,-0.01220703125,0.537109375,-0.2197265625,0.52490234375,-0.3662109375,-0.03662109375,-0.25634765625,0.74462890625,0.23193359375,-0.13427734375,-0.15869140625,1.07421875,-0.23193359375,-0.96435546875,0.08544921875,-0.13427734375,-0.2685546875,-0.93994140625,0.09765625,-0.6591796875,-0.2685546875,-1.5625,0.01220703125,-0.390625,0.5126953125,-0.537109375,0,-1.55029296875,-0.03662109375,-0.6591796875,-0.08544921875,-0.64697265625,-0.0732421875,-0.62255859375,-0.18310546875,-0.06103515625,-0.01220703125,-0.28076171875,-0.048828125,-1.06201171875,-0.23193359375,-0.81787109375,-0.42724609375,0.69580078125,0.09765625,0.28076171875,-0.08544921875,-0.06103515625,-0.0732421875,-0.03662109375,-0.28076171875,0.10986328125,-0.048828125,-1.123046875,-0.29296875,-0.47607421875,-0.244140625,-1.4404296875,0,-1.7822265625
1,-0.40283203125,-0.35400390625,-0.20751953125,-0.3662109375,0.01220703125,-0.50048828125,-0.0244140625,-0.09765625,0.40283203125,-0.08544921875,0.03662109375,-0.93994140625,-0.2197265625,1.01318359375,0.03662109375,-0.146484375,0.09765625,-0.5859375,-0.10986328125,-0.1708984375,0.4638671875,0.89111328125,0.1708984375,-0.6103515625,0.06103515625,-0.20751953125,0.03662109375,-0.79345703125,0.0732421875,0.89111328125,0.0244140625,0.2685546875,0.146484375,0.6103515625,-0.29296875,2.63671875,0.0244140625,0.3173828125,-0.048828125,0.42724609375,-0.20751953125,-0.244140625,0.37841796875,-0.72021484375,0,-0.40283203125,0.08544921875,0.5615234375,0.37841796875,0.7080078125,0.146484375,0.30517578125,0.25634765625,-0.37841796875,-0.18310546875,0.537109375,-0.20751953125,0.64697265625,-0.15869140625,0.45166015625,-0.2197265625,0.48828125,0.10986328125,-0.01220703125,0.341796875,1.08642578125,-0.0732421875,2.62451171875,-0.08544921875,0.72021484375,-0.1953125,0.732421875,-0.42724609375,0.4150390625,-0.25634765625,0.9033203125,0.1953125,0.048828125,-0.09765625,1.2939453125,-0.2685546875,-0.9765625,0.0244140625,-0.146484375,-0.15869140625,-0.9521484375,0.0732421875,-0.68359375,-0.30517578125,-1.57470703125,0,-0.40283203125,0.52490234375,-0.57373046875,0.01220703125,-1.4404296875,-0.06103515625,-0.68359375,-0.09765625,-0.68359375,-0.06103515625,-0.6103515625,-0.2197265625,-0.06103515625,-0.0244140625,-0.28076171875,-0.08544921875,-1.0986328125,-0.1708984375,-0.84228515625,-0.47607421875,0.62255859375,0.1220703125,0.2685546875,-0.08544921875,-0.06103515625,-0.09765625,-0.048828125,-0.29296875,0.10986328125,-0.03662109375,-1.2939453125,-0.28076171875,-0.59814453125,-0.244140625,-1.4892578125,0.01220703125,-1.953125
1,-0.4150390625,-0.3173828125,-0.23193359375,-0.37841796875,0.01220703125,-0.50048828125,-0.01220703125,-0.1220703125,0.3173828125,-0.06103515625,0.048828125,-0.927734375,-0.20751953125,1.025390625,0.0244140625,-0.15869140625,0.15869140625,-0.5859375,-0.0732421875,-0.13427734375,0.47607421875,0.9521484375,0.1708984375,-0.59814453125,0.08544921875,-0.01220703125,0.03662109375,-0.6103515625,0.13427734375,1.0986328125,0,0.98876953125,0.15869140625,0.81787109375,-0.37841796875,3.369140625,0.03662109375,0.52490234375,0,0.5859375,-0.25634765625,-0.20751953125,0.3662109375,-0.7080078125,0.01220703125,-0.439453125,0.10986328125,0.5615234375,0.3173828125,0.93994140625,0.1220703125,0.37841796875,0.32958984375,-0.341796875,-0.2197265625,0.57373046875,-0.1953125,0.62255859375,-0.146484375,0.45166015625,-0.1220703125,0.45166015625,0.0732421875,-0.03662109375,0.32958984375,1.4404296875,-0.13427734375,3.38134765625,-0.18310546875,0.96435546875,-0.2197265625,0.9765625,-0.37841796875,0.732421875,-0.3173828125,1.01318359375,0.1708984375,0.146484375,-0.0244140625,1.47705078125,-0.244140625,-0.9765625,0,-0.18310546875,0,-0.96435546875,0.06103515625,-0.7080078125,-0.244140625,-1.5869140625,-0.03662109375,-0.40283203125,0.4638671875,-0.57373046875,0.048828125,-1.20849609375,-0.06103515625,-0.6591796875,-0.10986328125,-0.72021484375,-0.08544921875,-0.5615234375,-0.244140625,-0.0732421875,0,-0.32958984375,-0.0732421875,-1.123046875,-0.13427734375,-0.86669921875,-0.48828125,0.54931640625,0.10986328125,0.2685546875,-0.08544921875,-0.03662109375,-0.08544921875,-0.048828125,-0.28076171875,0.1220703125,-0.03662109375,-1.30615234375,-0.28076171875,-0.5615234375,-0.244140625,-1.45263671875,0.03662109375,-1.904296875
1,-0.45166015625,-0.30517578125,-0.2685546875,-0.37841796875,-0.01220703125,-0.47607421875,-0.0244140625,-0.10986328125,0.2685546875,-0.06103515625,0.0244140625,-0.927734375,-0.15869140625,1.0009765625,0.0732421875,-0.146484375,0.15869140625,-0.57373046875,-0.03662109375,-0.10986328125,0.50048828125,1.0009765625,0.10986328125,-0.59814453125,0.08544921875,0.2197265625,0.01220703125,-0.390625,0.13427734375,1.35498046875,-0.08544921875,1.9287109375,0.09765625,0.9765625,-0.52490234375,3.90625,0,0.68359375,-0.03662109375,0.69580078125,-0.3173828125,-0.18310546875,0.35400390625,-0.68359375,0.06103515625,-0.45166015625,0.1220703125,0.5615234375,0.32958984375,1.4404296875,0.03662109375,0.48828125,0.37841796875,-0.23193359375,-0.20751953125,0.68359375,-0.18310546875,0.634765625,-0.13427734375,0.4638671875,-0.08544921875,0.439453125,0,-0.03662109375,0.32958984375,1.85546875,-0.15869140625,4.26025390625,-0.18310546875,1.25732421875,-0.28076171875,1.2451171875,-0.341796875,0.86669921875,-0.341796875,1.06201171875,0.146484375,0.1953125,0.0732421875,1.5869140625,-0.23193359375,-1.03759765625,-0.0244140625,-0.23193359375,0.06103515625,-0.9765625,0.01220703125,-0.72021484375,-0.15869140625,-1.57470703125,-0.0732421875,-0.3662109375,0.42724609375,-0.5859375,0.06103515625,-0.89111328125,-0.06103515625,-0.6591796875,-0.10986328125,-0.7080078125,-0.048828125,-0.5126953125,-0.20751953125,-0.0732421875,0,-0.3662109375,-0.08544921875,-1.13525390625,-0.10986328125,-0.87890625,-0.439453125,0.50048828125,0.10986328125,0.29296875,-0.06103515625,-0.048828125,-0.08544921875,-0.048828125,-0.28076171875,0.146484375,-0.03662109375,-1.20849609375,-0.28076171875,-0.32958984375,-0.244140625,-1.28173828125,0.0244140625,-1.72119140625
1,-0.4638671875,-0.32958984375,-0.29296875,-0.37841796875,-0.048828125,-0.48828125,-0.06103515625,-0.10986328125,0.23193359375,-0.0732421875,-0.0244140625,-0.91552734375,-0.09765625,1.01318359375,0.08544921875,-0.15869140625,0.18310546875,-0.5615234375,-0.0244140625,-0.1220703125,0.50048828125,1.01318359375,0.0732421875,-0.5859375,0.10986328125,0.48828125,0.0244140625,-0.1220703125,0.13427734375,1.64794921875,0,2.9296875,0.03662109375,1.0986328125,-0.54931640625,4.2236328125,-0.048828125,0.8056640625,0,0.7080078125,-0.32958984375,-0.20751953125,0.28076171875,-0.69580078125,0.13427734375,-0.439453125,0.0732421875,0.5615234375,0.15869140625,2.20947265625,0.01220703125,0.6591796875,0.37841796875,-0.09765625,-0.18310546875,0.830078125,-0.20751953125,0.6591796875,-0.1220703125,0.50048828125,-0.0244140625,0.390625,-0.1220703125,-0.0244140625,0.30517578125,2.24609375,-0.1220703125,5.11474609375,-0.1708984375,1.52587890625,-0.30517578125,1.50146484375,-0.25634765625,0.81787109375,-0.30517578125,1.07421875,0.13427734375,0.18310546875,0.1953125,1.5869140625,-0.1708984375,-1.08642578125,-0.06103515625,-0.2685546875,0.08544921875,-1.0009765625,0.01220703125,-0.732421875,-0.08544921875,-1.55029296875,-0.1220703125,-0.3662109375,0.32958984375,-0.54931640625,0.06103515625,-0.4638671875,-0.06103515625,-0.67138671875,-0.10986328125,-0.7080078125,-0.01220703125,-0.50048828125,-0.18310546875,-0.08544921875,0.0244140625,-0.390625,-0.10986328125,-1.171875,-0.146484375,-0.89111328125,-0.341796875,0.47607421875,0.1220703125,0.3173828125,-0.09765625,-0.048828125,-0.0732421875,-0.048828125,-0.2685546875,0.15869140625,-0.0244140625,-0.98876953125,-0.2685546875,0.01220703125,-0.25634765625,-1.0498046875,0.01220703125,-1.3916015625
1,-0.4638671875,-0.341796875,-0.2685546875,-0.37841796875,-0.0732421875,-0.4638671875,-0.08544921875,-0.10986328125,0.2197265625,-0.06103515625,-0.048828125,-0.927734375,-0.0732421875,0.98876953125,0.10986328125,-0.146484375,0.1953125,-0.5859375,0.01220703125,-0.09765625,0.47607421875,1.025390625,0.03662109375,-0.5859375,0.09765625,0.78125,0.0244140625,0.146484375,0.0732421875,1.98974609375,-0.048828125,3.94287109375,0,1.13525390625,-0.52490234375,4.33349609375,-0.0732421875,0.830078125,0.03662109375,0.68359375,-0.30517578125,-0.18310546875,0.1708984375,-0.69580078125,0.15869140625,-0.42724609375,0.06103515625,0.5615234375,0.048828125,3.11279296875,0.01220703125,0.86669921875,0.4150390625,0.06103515625,-0.048828125,1.025390625,-0.18310546875,0.6591796875,-0.09765625,0.5126953125,-0.03662109375,0.3662109375,-0.1708984375,-0.048828125,0.2685546875,2.587890625,-0.06103515625,5.87158203125,-0.1220703125,1.7578125,-0.37841796875,1.74560546875,-0.10986328125,0.634765625,-0.28076171875,1.025390625,0.1708984375,0.15869140625,0.2685546875,1.55029296875,-0.18310546875,-1.123046875,-0.10986328125,-0.29296875,0.03662109375,-1.01318359375,0,-0.7568359375,0,-1.513671875,-0.146484375,-0.30517578125,0.18310546875,-0.5126953125,0.08544921875,0.048828125,-0.08544921875,-0.67138671875,-0.1220703125,-0.7080078125,-0.01220703125,-0.48828125,-0.13427734375,-0.08544921875,0.0732421875,-0.439453125,-0.1220703125,-1.1962890625,-0.1953125,-0.9033203125,-0.20751953125,0.47607421875,0.09765625,0.3173828125,-0.06103515625,-0.0244140625,-0.0732421875,-0.048828125,-0.2685546875,0.18310546875,-0.0244140625,-0.69580078125,-0.244140625,0.37841796875,-0.244140625,-0.79345703125,-0.01220703125,-1.025390625
1,-0.47607421875,-0.390625,-0.2685546875,-0.3662109375,-0.03662109375,-0.4638671875,-0.1220703125,-0.10986328125,0.2197265625,-0.08544921875,-0.0732421875,-0.91552734375,0,0.98876953125,0.13427734375,-0.146484375,0.18310546875,-0.5615234375,0.01220703125,-0.09765625,0.4150390625,1.0009765625,0,-0.5859375,0.048828125,1.06201171875,0,0.37841796875,0,2.3193359375,0.06103515625,4.94384765625,-0.0244140625,1.06201171875,-0.5126953125,4.23583984375,-0.09765625,0.79345703125,0.03662109375,0.59814453125,-0.2197265625,-0.20751953125,0.10986328125,-0.7080078125,0.1708984375,-0.439453125,-0.01220703125,0.5615234375,0.048828125,4.08935546875,0.0732421875,1.0498046875,0.40283203125,0.25634765625,0.06103515625,1.2451171875,-0.1953125,0.68359375,-0.08544921875,0.50048828125,-0.03662109375,0.35400390625,-0.146484375,-0.0244140625,0.25634765625,2.84423828125,-0.146484375,6.48193359375,-0.06103515625,1.94091796875,-0.42724609375,1.94091796875,-0.13427734375,0.32958984375,-0.23193359375,0.9521484375,0.1953125,0.0732421875,0.29296875,1.45263671875,-0.1220703125,-1.13525390625,-0.10986328125,-0.28076171875,-0.03662109375,-1.025390625,0.048828125,-0.7568359375,0.048828125,-1.42822265625,-0.13427734375,-0.2197265625,0.06103515625,-0.4638671875,-0.0244140625,0.67138671875,-0.1220703125,-0.69580078125,-0.08544921875,-0.67138671875,0,-0.5126953125,-0.08544921875,-0.08544921875,0.06103515625,-0.439453125,-0.13427734375,-1.20849609375,-0.244140625,-0.89111328125,-0.048828125,0.47607421875,0.09765625,0.3173828125,-0.0732421875,-0.0244140625,-0.06103515625,-0.03662109375,-0.28076171875,0.18310546875,-0.048828125,-0.4150390625,-0.20751953125,0.69580078125,-0.25634765625,-0.57373046875,-0.06103515625,-0.69580078125
1,-0.45166015625,-0.439453125,-0.2685546875,-0.3662109375,-0.0244140625,-0.4638671875,-0.15869140625,-0.09765625,0.1953125,-0.09765625,-0.08544921875,-0.927734375,0.01220703125,1.01318359375,0.1220703125,-0.146484375,0.146484375,-0.5615234375,0.01220703125,-0.1220703125,0.3662109375,0.9521484375,-0.01220703125,-0.59814453125,-0.0244140625,1.33056640625,0,0.6591796875,-0.03662109375,2.64892578125,0.10986328125,5.87158203125,-0.03662109375,0.96435546875,-0.4638671875,3.955078125,-0.08544921875,0.69580078125,-0.01220703125,0.52490234375,-0.09765625,-0.2197265625,0.01220703125,-0.7080078125,0.1708984375,-0.42724609375,0.03662109375,0.5615234375,0.1220703125,5.029296875,0.06103515625,1.26953125,0.35400390625,0.439453125,0.146484375,1.4404296875,-0.1708984375,0.68359375,-0.08544921875,0.50048828125,-0.0244140625,0.341796875,-0.146484375,-0.0244140625,0.2197265625,2.978515625,-0.2197265625,6.84814453125,-0.0244140625,2.0751953125,-0.5126953125,2.0263671875,-0.048828125,0.048828125,-0.09765625,0.87890625,0.29296875,-0.03662109375,0.341796875,1.33056640625,0.048828125,-1.0986328125,-0.146484375,-0.2685546875,-0.15869140625,-1.0009765625,0.048828125,-0.72021484375,0.09765625,-1.33056640625,-0.10986328125,-0.13427734375,-0.08544921875,-0.32958984375,-0.1220703125,1.3671875,-0.09765625,-0.72021484375,-0.0244140625,-0.64697265625,-0.03662109375,-0.52490234375,0,-0.048828125,0.048828125,-0.42724609375,-0.0732421875,-1.1962890625,-0.29296875,-0.89111328125,0.048828125,0.48828125,0.09765625,0.30517578125,-0.06103515625,-0.0244140625,-0.06103515625,-0.0244140625,-0.25634765625,0.1708984375,-0.06103515625,-0.18310546875,-0.1708984375,0.9521484375,-0.244140625,-0.4150390625,-0.06103515625,-0.439453125
1,-0.45166015625,-0.47607421875,-0.28076171875,-0.341796875,0,-0.4638671875,-0.1708984375,-0.06103515625,0.18310546875,-0.10986328125,-0.048828125,-0.927734375,0.048828125,1.025390625,0.09765625,-0.1220703125,0.09765625,-0.57373046875,0.01220703125,-0.10986328125,0.29296875,0.9033203125,-0.0244140625,-0.59814453125,-0.10986328125,1.55029296875,0.0244140625,0.87890625,-0.0732421875,2.94189453125,-0.01220703125,6.70166015625,-0.01220703125,0.84228515625,-0.4150390625,3.564453125,-0.0732421875,0.5859375,-0.01220703125,0.4150390625,-0.03662109375,-0.2685546875,-0.0244140625,-0.732421875,0.146484375,-0.42724609375,-0.01220703125,0.5615234375,0.048828125,5.87158203125,-0.0244140625,1.46484375,0.29296875,0.59814453125,0.23193359375,1.611328125,-0.146484375,0.67138671875,-0.0732421875,0.48828125,-0.03662109375,0.390625,-0.08544921875,0,0.1953125,2.99072265625,-0.2685546875,6.97021484375,0.01220703125,2.08740234375,-0.57373046875,2.03857421875,-0.1708984375,-0.1708984375,-0.08544921875,0.8056640625,0.30517578125,-0.0732421875,0.25634765625,1.2451171875,0.03662109375,-1.03759765625,-0.1220703125,-0.18310546875,-0.2685546875,-0.96435546875,0,-0.67138671875,0.0732421875,-1.18408203125,-0.13427734375,-0.03662109375,-0.18310546875,-0.1953125,0,2.13623046875,-0.06103515625,-0.72021484375,0,-0.62255859375,-0.09765625,-0.57373046875,0.08544921875,-0.03662109375,0.048828125,-0.40283203125,0.01220703125,-1.171875,-0.3173828125,-0.87890625,0.03662109375,0.48828125,0.09765625,0.30517578125,-0.06103515625,-0.03662109375,-0.0732421875,-0.0244140625,-0.244140625,0.15869140625,-0.06103515625,-0.01220703125,-0.20751953125,1.07421875,-0.2197265625,-0.3662109375,-0.0732421875,-0.29296875
1,-0.4638671875,-0.47607421875,-0.25634765625,-0.32958984375,-0.01220703125,-0.48828125,-0.1953125,-0.06103515625,0.13427734375,-0.13427734375,-0.0244140625,-0.927734375,0.08544921875,1.025390625,0.0732421875,-0.1220703125,0,-0.57373046875,-0.01220703125,-0.1220703125,0.2685546875,0.830078125,-0.0244140625,-0.59814453125,-0.18310546875,1.7333984375,0,1.06201171875,-0.1220703125,3.18603515625,-0.15869140625,7.40966796875,0.0244140625,0.732421875,-0.3662109375,3.11279296875,-0.0732421875,0.4638671875,-0.09765625,0.3173828125,0.03662109375,-0.28076171875,0,-0.72021484375,0.146484375,-0.390625,0.01220703125,0.5615234375,0.09765625,6.54296875,-0.0732421875,1.62353515625,0.23193359375,0.7080078125,0.15869140625,1.77001953125,-0.146484375,0.68359375,-0.048828125,0.47607421875,-0.048828125,0.42724609375,-0.01220703125,0,0.15869140625,2.89306640625,-0.341796875,6.82373046875,0.06103515625,2.0263671875,-0.57373046875,1.96533203125,-0.3662109375,-0.28076171875,-0.03662109375,0.81787109375,0.30517578125,-0.08544921875,0.1953125,1.1962890625,0.146484375,-0.96435546875,-0.08544921875,-0.10986328125,-0.341796875,-0.9521484375,-0.03662109375,-0.634765625,0.0244140625,-1.06201171875,-0.10986328125,0.0732421875,-0.18310546875,-0.06103515625,-0.048828125,2.94189453125,0,-0.74462890625,0,-0.5859375,-0.1953125,-0.62255859375,0.10986328125,-0.03662109375,0.048828125,-0.37841796875,0.06103515625,-1.15966796875,-0.341796875,-0.89111328125,0.01220703125,0.50048828125,0.048828125,0.3173828125,-0.06103515625,-0.01220703125,-0.0732421875,-0.03662109375,-0.23193359375,0.15869140625,-0.048828125,0.01220703125,-0.146484375,1.01318359375,-0.18310546875,-0.390625,-0.048828125,-0.3173828125
0,-0.42724609375,-0.48828125,-0.244140625,-0.341796875,0.01220703125,-0.50048828125,-0.1953125,-0.06103515625,0.06103515625,-0.13427734375,0.048828125,-0.927734375,0.1220703125,1.0498046875,0.048828125,-0.146484375,-0.03662109375,-0.57373046875,-0.03662109375,-0.13427734375,0.3173828125,0.79345703125,-0.03662109375,-0.6103515625,-0.25634765625,1.85546875,0.01220703125,1.1962890625,-0.1708984375,3.35693359375,-0.25634765625,7.9345703125,0.08544921875,0.5615234375,-0.32958984375,2.63671875,-0.048828125,0.32958984375,-0.10986328125,0.2197265625,0.0732421875,-0.29296875,0.048828125,-0.72021484375,0.10986328125,-0.4150390625,0.03662109375,0.54931640625,0.10986328125,7.03125,-0.1220703125,1.72119140625,0.20751953125,0.76904296875,0.1953125,1.86767578125,-0.13427734375,0.6591796875,0.0244140625,0.4638671875,-0.01220703125,0.45166015625,0.03662109375,-0.01220703125,0.09765625,2.67333984375,-0.37841796875,6.40869140625,0.10986328125,1.8310546875,-0.54931640625,1.8310546875,-0.29296875,-0.25634765625,0.08544921875,0.830078125,0.35400390625,-0.048828125,0.1708984375,1.20849609375,0.0732421875,-0.91552734375,-0.048828125,-0.0244140625,-0.390625,-0.89111328125,-0.0732421875,-0.59814453125,-0.03662109375,-0.91552734375,-0.08544921875,0.1708984375,-0.2197265625,0.06103515625,-0.0732421875,3.77197265625,0.048828125,-0.74462890625,0.03662109375,-0.5859375,-0.244140625,-0.6591796875,0.09765625,-0.03662109375,0,-0.37841796875,0.08544921875,-1.171875,-0.37841796875,-0.9033203125,-0.03662109375,0.50048828125,0.0244140625,0.30517578125,-0.06103515625,-0.01220703125,-0.0732421875,-0.048828125,-0.2197265625,0.15869140625,-0.09765625,-0.06103515625,-0.28076171875,0.84228515625,-0.25634765625,-0.48828125,-0.13427734375,-0.45166015625
0,-0.390625,-0.439453125,-0.1953125,-0.341796875,0.0244140625,-0.47607421875,-0.18310546875,-0.08544921875,0,-0.10986328125,0.09765625,-0.93994140625,0.10986328125,1.06201171875,0.03662109375,-0.15869140625,-0.0732421875,-0.5615234375,-0.03662109375,-0.13427734375,0.4150390625,0.7568359375,-0.06103515625,-0.59814453125,-0.30517578125,1.9287109375,0.0244140625,1.25732421875,-0.28076171875,3.466796875,-0.30517578125,8.2275390625,0.10986328125,0.390625,-0.28076171875,2.13623046875,-0.0732421875,0.20751953125,-0.10986328125,0.146484375,0.06103515625,-0.29296875,0.09765625,-0.732421875,0.08544921875,-0.4150390625,0.048828125,0.5615234375,0.1220703125,7.33642578125,-0.10986328125,1.7822265625,0.1220703125,0.78125,0.18310546875,1.89208984375,-0.1708984375,0.6591796875,0.08544921875,0.45166015625,-0.0244140625,0.5126953125,0.13427734375,-0.01220703125,0.09765625,2.4169921875,-0.30517578125,5.8349609375,0.1220703125,1.611328125,-0.47607421875,1.611328125,-0.390625,-0.06103515625,0.06103515625,0.9033203125,0.244140625,0.0244140625,0.048828125,1.318359375,0.048828125,-0.8544921875,0.01220703125,0.06103515625,-0.341796875,-0.8544921875,-0.10986328125,-0.54931640625,-0.10986328125,-0.78125,-0.09765625,0.28076171875,-0.23193359375,0.20751953125,0.09765625,4.55322265625,0.03662109375,-0.74462890625,0,-0.62255859375,-0.29296875,-0.67138671875,0.03662109375,-0.0244140625,0.03662109375,-0.37841796875,0.15869140625,-1.18408203125,-0.3662109375,-0.91552734375,-0.06103515625,0.47607421875,0,0.30517578125,-0.08544921875,-0.0244140625,-0.0732421875,-0.048828125,-0.2197265625,0.146484375,-0.06103515625,-0.1953125,-0.29296875,0.59814453125,-0.1953125,-0.62255859375,-0.10986328125,-0.6591796875
0,-0.35400390625,-0.40283203125,-0.18310546875,-0.37841796875,0.048828125,-0.48828125,-0.15869140625,-0.09765625,-0.09765625,-0.09765625,0.13427734375,-0.9521484375,0.0732421875,1.06201171875,0.01220703125,-0.18310546875,-0.08544921875,-0.54931640625,-0.0732421875,-0.15869140625,0.439453125,0.76904296875,-0.0732421875,-0.6103515625,-0.3173828125,1.91650390625,0.03662109375,1.25732421875,-0.3662109375,3.47900390625,-0.29296875,8.2763671875,0.09765625,0.28076171875,-0.23193359375,1.67236328125,-0.13427734375,0.0732421875,-0.08544921875,0.048828125,0.0244140625,-0.2685546875,0.146484375,-0.72021484375,0.03662109375,-0.40283203125,0.10986328125,0.5615234375,0.1220703125,7.421875,-0.09765625,1.7822265625,0.03662109375,0.732421875,0.20751953125,1.91650390625,-0.23193359375,0.634765625,0.13427734375,0.45166015625,-0.01220703125,0.52490234375,0.18310546875,-0.0244140625,0.10986328125,2.08740234375,-0.18310546875,5.13916015625,0.10986328125,1.37939453125,-0.390625,1.3671875,-0.40283203125,0.2197265625,0.08544921875,1.01318359375,0.1708984375,0.13427734375,0,1.45263671875,0.08544921875,-0.78125,0.0732421875,0.08544921875,-0.28076171875,-0.8544921875,-0.10986328125,-0.52490234375,-0.1953125,-0.68359375,-0.048828125,0.35400390625,-0.1953125,0.32958984375,0.2197265625,5.21240234375,0.048828125,-0.74462890625,-0.048828125,-0.64697265625,-0.29296875,-0.67138671875,-0.03662109375,-0.0244140625,0.0732421875,-0.390625,0.18310546875,-1.1962890625,-0.390625,-0.927734375,-0.09765625,0.439453125,-0.01220703125,0.29296875,-0.0732421875,-0.01220703125,-0.08544921875,-0.06103515625,-0.18310546875,0.15869140625,0,-0.35400390625,-0.20751953125,0.3662109375,-0.18310546875,-0.7568359375,-0.048828125,-0.8544921875
0,-0.35400390625,-0.3662109375,-0.1953125,-0.37841796875,0.0732421875,-0.45166015625,-0.15869140625,-0.10986328125,-0.23193359375,-0.08544921875,0.146484375,-0.93994140625,0.048828125,1.07421875,0.0244140625,-0.1953125,-0.0732421875,-0.5615234375,-0.0732421875,-0.1220703125,0.439453125,0.79345703125,-0.10986328125,-0.5859375,-0.341796875,1.84326171875,0.10986328125,1.1962890625,-0.42724609375,3.40576171875,-0.23193359375,8.06884765625,0,0.146484375,-0.20751953125,1.26953125,-0.18310546875,0,-0.09765625,-0.048828125,-0.03662109375,-0.2685546875,0.1708984375,-0.732421875,0.01220703125,-0.40283203125,0.1220703125,0.5615234375,0.08544921875,7.32421875,-0.09765625,1.74560546875,-0.048828125,0.69580078125,0.1953125,1.84326171875,-0.2685546875,0.64697265625,0.146484375,0.45166015625,0.03662109375,0.5126953125,0.23193359375,-0.03662109375,0.15869140625,1.7578125,-0.0732421875,4.38232421875,0.048828125,1.1474609375,-0.341796875,1.13525390625,-0.244140625,0.54931640625,0.1953125,1.1474609375,0.1220703125,0.29296875,0.0244140625,1.66015625,0,-0.7568359375,0.13427734375,0.09765625,-0.1953125,-0.86669921875,-0.08544921875,-0.537109375,-0.25634765625,-0.5859375,-0.03662109375,0.40283203125,-0.1953125,0.4150390625,0.2197265625,5.72509765625,-0.01220703125,-0.732421875,-0.0732421875,-0.6591796875,-0.25634765625,-0.67138671875,-0.10986328125,-0.0244140625,0.048828125,-0.45166015625,0.1220703125,-1.220703125,-0.40283203125,-0.93994140625,-0.2197265625,0.40283203125,-0.048828125,0.29296875,-0.09765625,0,-0.0732421875,-0.06103515625,-0.1708984375,0.146484375,-0.0732421875,-0.48828125,-0.30517578125,0.20751953125,-0.20751953125,-0.81787109375,-0.13427734375,-1.01318359375
0,-0.244140625,-0.341796875,-0.1953125,-0.40283203125,0.09765625,-0.439453125,-0.146484375,-0.13427734375,-0.2685546875,-0.08544921875,0.09765625,-0.927734375,-0.01220703125,1.0498046875,0.01220703125,-0.2197265625,-0.048828125,-0.54931640625,-0.0732421875,-0.1220703125,0.4638671875,0.81787109375,-0.146484375,-0.5859375,-0.341796875,1.6845703125,0.146484375,1.03759765625,-0.50048828125,3.2470703125,-0.146484375,7.5927734375,-0.06103515625,0.0244140625,-0.25634765625,0.87890625,-0.23193359375,-0.08544921875,-0.0732421875,-0.146484375,-0.13427734375,-0.25634765625,0.15869140625,-0.732421875,-0.0244140625,-0.4150390625,0.03662109375,0.57373046875,0.048828125,6.982421875,-0.01220703125,1.67236328125,-0.08544921875,0.59814453125,0.10986328125,1.74560546875,-0.28076171875,0.64697265625,0.146484375,0.4638671875,0.08544921875,0.48828125,0.3173828125,-0.048828125,0.15869140625,1.4404296875,0.03662109375,3.662109375,0,0.91552734375,-0.23193359375,0.91552734375,-0.244140625,0.89111328125,0.1220703125,1.33056640625,0.03662109375,0.45166015625,-0.0244140625,1.8798828125,0.03662109375,-0.78125,0.1953125,0.03662109375,-0.0732421875,-0.9033203125,-0.0732421875,-0.6103515625,-0.30517578125,-0.54931640625,-0.06103515625,0.4150390625,-0.2197265625,0.42724609375,0.15869140625,6.005859375,-0.0732421875,-0.7080078125,-0.1220703125,-0.68359375,-0.28076171875,-0.64697265625,-0.146484375,-0.0244140625,0.10986328125,-0.537109375,0.1708984375,-1.318359375,-0.32958984375,-0.98876953125,-0.20751953125,0.37841796875,-0.06103515625,0.29296875,-0.1220703125,-0.01220703125,-0.0732421875,-0.048828125,-0.1708984375,0.1708984375,-0.06103515625,-0.54931640625,-0.30517578125,0.13427734375,-0.15869140625,-0.81787109375,-0.08544921875,-1.06201171875
0,-0.244140625,-0.3173828125,-0.2197265625,-0.439453125,0.10986328125,-0.45166015625,-0.13427734375,-0.146484375,-0.30517578125,-0.048828125,0.03662109375,-0.927734375,-0.048828125,1.0498046875,-0.0244140625,-0.2197265625,-0.0244140625,-0.537109375,-0.09765625,-0.10986328125,0.4150390625,0.86669921875,-0.1220703125,-0.5859375,-0.32958984375,1.47705078125,0.2197265625,0.84228515625,-0.52490234375,3.0029296875,-0.13427734375,6.84814453125,-0.10986328125,-0.09765625,-0.3173828125,0.52490234375,-0.3173828125,-0.15869140625,-0.048828125,-0.29296875,-0.25634765625,-0.23193359375,0.1220703125,-0.72021484375,-0.048828125,-0.42724609375,0.03662109375,0.5859375,0.0244140625,6.45751953125,-0.03662109375,1.5380859375,-0.08544921875,0.537109375,0.0244140625,1.62353515625,-0.244140625,0.6591796875,0.18310546875,0.47607421875,0.10986328125,0.47607421875,0.35400390625,-0.0244140625,0.09765625,1.15966796875,0.10986328125,3.02734375,-0.0244140625,0.74462890625,-0.1708984375,0.72021484375,-0.13427734375,1.1962890625,0.08544921875,1.50146484375,-0.048828125,0.62255859375,0,2.099609375,0.01220703125,-0.78125,0.2197265625,-0.03662109375,0.03662109375,-0.927734375,0.0244140625,-0.6591796875,-0.29296875,-0.54931640625,-0.01220703125,0.40283203125,-0.244140625,0.4150390625,0.06103515625,6.06689453125,-0.0732421875,-0.7080078125,-0.13427734375,-0.72021484375,-0.2685546875,-0.6103515625,-0.146484375,-0.03662109375,0.13427734375,-0.62255859375,0.1953125,-1.3671875,-0.2685546875,-1.025390625,-0.28076171875,0.3662109375,-0.0732421875,0.30517578125,-0.13427734375,-0.0244140625,-0.0732421875,-0.0732421875,-0.146484375,0.1708984375,-0.0732421875,-0.5126953125,-0.2685546875,0.244140625,-0.15869140625,-0.732421875,-0.09765625,-0.9521484375
0,-0.25634765625,-0.29296875,-0.23193359375,-0.439453125,0.1220703125,-0.42724609375,-0.10986328125,-0.146484375,-0.29296875,-0.06103515625,-0.048828125,-0.9033203125,-0.13427734375,1.03759765625,0,-0.20751953125,0,-0.537109375,-0.10986328125,-0.10986328125,0.37841796875,0.9033203125,-0.146484375,-0.59814453125,-0.341796875,1.2451171875,0.28076171875,0.6103515625,-0.50048828125,2.72216796875,-0.1220703125,5.92041015625,-0.1708984375,-0.20751953125,-0.3662109375,0.20751953125,-0.37841796875,-0.25634765625,-0.03662109375,-0.42724609375,-0.35400390625,-0.23193359375,0.01220703125,-0.7080078125,-0.03662109375,-0.42724609375,0.048828125,0.5859375,-0.03662109375,5.72509765625,0.0244140625,1.37939453125,-0.1220703125,0.4150390625,-0.03662109375,1.46484375,-0.1953125,0.67138671875,0.146484375,0.47607421875,0.09765625,0.4150390625,0.35400390625,-0.0244140625,0.01220703125,0.91552734375,0.20751953125,2.4658203125,0,0.5859375,-0.1220703125,0.5615234375,0,1.40380859375,0.06103515625,1.6357421875,-0.08544921875,0.76904296875,0.0732421875,2.294921875,0,-0.69580078125,0.20751953125,-0.10986328125,0.10986328125,-0.96435546875,0.0244140625,-0.67138671875,-0.23193359375,-0.59814453125,-0.0732421875,0.3662109375,-0.28076171875,0.37841796875,0.01220703125,5.94482421875,-0.0732421875,-0.7080078125,-0.13427734375,-0.7080078125,-0.25634765625,-0.5859375,-0.1220703125,-0.06103515625,0.15869140625,-0.6591796875,0.15869140625,-1.416015625,-0.2197265625,-1.06201171875,-0.341796875,0.3662109375,-0.09765625,0.30517578125,-0.13427734375,-0.06103515625,-0.08544921875,-0.048828125,-0.13427734375,0.15869140625,-0.06103515625,-0.35400390625,-0.30517578125,0.4638671875,-0.1708984375,-0.5615234375,-0.1220703125,-0.732421875
0,-0.244140625,-0.29296875,-0.20751953125,-0.4150390625,0.1220703125,-0.42724609375,-0.13427734375,-0.1220703125,-0.25634765625,-0.06103515625,-0.13427734375,-0.89111328125,-0.20751953125,1.0498046875,0,-0.15869140625,0.03662109375,-0.54931640625,-0.10986328125,-0.1220703125,0.3662109375,0.93994140625,-0.1220703125,-0.5859375,-0.28076171875,0.9521484375,0.30517578125,0.32958984375,-0.439453125,2.3681640625,-0.13427734375,4.87060546875,-0.1953125,-0.32958984375,-0.4150390625,-0.13427734375,-0.4150390625,-0.32958984375,0,-0.59814453125,-0.3662109375,-0.25634765625,-0.10986328125,-0.69580078125,-0.03662109375,-0.4150390625,0.048828125,0.6103515625,-0.0244140625,4.84619140625,0.10986328125,1.220703125,-0.13427734375,0.28076171875,-0.15869140625,1.30615234375,-0.13427734375,0.67138671875,0.10986328125,0.4638671875,0.06103515625,0.37841796875,0.3662109375,0,-0.06103515625,0.72021484375,0.20751953125,2.05078125,0.03662109375,0.48828125,-0.0732421875,0.40283203125,-0.06103515625,1.513671875,-0.03662109375,1.7578125,-0.13427734375,0.89111328125,0.08544921875,2.45361328125,0.03662109375,-0.52490234375,0.18310546875,-0.1220703125,0.18310546875,-0.9765625,0.10986328125,-0.68359375,-0.1708984375,-0.6591796875,-0.06103515625,0.3173828125,-0.2685546875,0.32958984375,0.0244140625,5.6396484375,-0.0732421875,-0.7080078125,-0.146484375,-0.7080078125,-0.20751953125,-0.57373046875,-0.09765625,-0.048828125,0.18310546875,-0.7080078125,0.15869140625,-1.4404296875,-0.146484375,-1.0498046875,-0.37841796875,0.3662109375,-0.09765625,0.32958984375,-0.13427734375,-0.048828125,-0.08544921875,-0.06103515625,-0.146484375,0.15869140625,-0.03662109375,-0.08544921875,-0.2685546875,0.74462890625,-0.10986328125,-0.341796875,-0.09765625,-0.40283203125
0,-0.23193359375,-0.29296875,-0.23193359375,-0.37841796875,0.13427734375,-0.439453125,-0.15869140625,-0.09765625,-0.23193359375,-0.0732421875,-0.2197265625,-0.89111328125,-0.28076171875,1.025390625,0.0244140625,-0.13427734375,0.0732421875,-0.54931640625,-0.1220703125,-0.10986328125,0.23193359375,0.9521484375,-0.10986328125,-0.6103515625,-0.23193359375,0.67138671875,0.3173828125,0.08544921875,-0.32958984375,2.03857421875,-0.146484375,3.82080078125,-0.1953125,-0.439453125,-0.4638671875,-0.45166015625,-0.4638671875,-0.4150390625,-0.01220703125,-0.7568359375,-0.341796875,-0.28076171875,-0.30517578125,-0.7080078125,-0.06103515625,-0.40283203125,0.06103515625,0.62255859375,-0.06103515625,3.89404296875,0.09765625,1.0009765625,-0.13427734375,0.146484375,-0.2197265625,1.13525390625,-0.0732421875,0.69580078125,0.09765625,0.4638671875,-0.01220703125,0.35400390625,0.390625,0.01220703125,-0.13427734375,0.54931640625,0.1953125,1.7333984375,0.09765625,0.40283203125,-0.0732421875,0.3173828125,-0.0732421875,1.52587890625,-0.06103515625,1.85546875,-0.1220703125,0.98876953125,0.09765625,2.5390625,0.048828125,-0.2197265625,0.10986328125,-0.03662109375,0.244140625,-0.927734375,0.1708984375,-0.59814453125,-0.08544921875,-0.74462890625,0.0244140625,0.2685546875,-0.23193359375,0.244140625,-0.1220703125,5.18798828125,-0.08544921875,-0.68359375,-0.13427734375,-0.69580078125,-0.10986328125,-0.5615234375,-0.0732421875,-0.048828125,0.23193359375,-0.69580078125,0.1708984375,-1.42822265625,-0.0732421875,-1.0498046875,-0.30517578125,0.40283203125,-0.1220703125,0.3173828125,-0.1708984375,-0.06103515625,-0.0732421875,-0.0732421875,-0.13427734375,0.146484375,-0.06103515625,0.2197265625,-0.25634765625,1.07421875,-0.13427734375,-0.08544921875,-0.146484375,-0.01220703125
0,-0.25634765625,-0.28076171875,-0.2197265625,-0.390625,0.1953125,-0.439453125,-0.18310546875,-0.0732421875,-0.2197265625,-0.10986328125,-0.244140625,-0.89111328125,-0.37841796875,1.03759765625,0.0244140625,-0.13427734375,0.1220703125,-0.57373046875,-0.15869140625,-0.10986328125,0.18310546875,0.927734375,-0.06103515625,-0.634765625,-0.1708984375,0.4150390625,0.30517578125,-0.15869140625,-0.2197265625,1.72119140625,-0.18310546875,2.86865234375,-0.15869140625,-0.5615234375,-0.5126953125,-0.7568359375,-0.47607421875,-0.48828125,-0.0244140625,-0.89111328125,-0.341796875,-0.29296875,-0.439453125,-0.69580078125,-0.10986328125,-0.40283203125,0.03662109375,0.6591796875,-0.15869140625,2.91748046875,0.1708984375,0.78125,-0.13427734375,0,-0.28076171875,0.927734375,-0.01220703125,0.68359375,0.048828125,0.4638671875,-0.10986328125,0.35400390625,0.4638671875,0.0244140625,-0.09765625,0.390625,0.2197265625,1.50146484375,0.13427734375,0.32958984375,-0.09765625,0.2197265625,-0.06103515625,1.4892578125,-0.08544921875,1.86767578125,-0.03662109375,1.0498046875,0.10986328125,2.587890625,0.048828125,0.25634765625,0.048828125,0.13427734375,0.32958984375,-0.8056640625,0.1953125,-0.45166015625,0,-0.79345703125,0.048828125,0.20751953125,-0.18310546875,0.18310546875,-0.18310546875,4.69970703125,-0.10986328125,-0.69580078125,-0.1220703125,-0.68359375,-0.0244140625,-0.5859375,-0.0244140625,-0.06103515625,0.18310546875,-0.67138671875,0.146484375,-1.416015625,-0.01220703125,-1.01318359375,-0.28076171875,0.45166015625,-0.15869140625,0.3173828125,-0.1708984375,-0.06103515625,-0.08544921875,-0.09765625,-0.146484375,0.146484375,-0.0732421875,0.537109375,-0.29296875,1.35498046875,-0.146484375,0.13427734375,-0.13427734375,0.341796875
0,-0.25634765625,-0.25634765625,-0.25634765625,-0.35400390625,0.23193359375,-0.47607421875,-0.1953125,-0.048828125,-0.18310546875,-0.09765625,-0.25634765625,-0.89111328125,-0.42724609375,1.025390625,-0.01220703125,-0.10986328125,0.15869140625,-0.57373046875,-0.1953125,-0.1220703125,0.15869140625,0.9033203125,0,-0.62255859375,-0.0732421875,0.2197265625,0.2685546875,-0.40283203125,-0.1708984375,1.4404296875,-0.23193359375,2.06298828125,-0.13427734375,-0.68359375,-0.59814453125,-1.06201171875,-0.4638671875,-0.5859375,-0.13427734375,-1.0009765625,-0.28076171875,-0.29296875,-0.5126953125,-0.7080078125,-0.15869140625,-0.42724609375,0.0244140625,0.68359375,-0.08544921875,2.03857421875,0.10986328125,0.59814453125,-0.09765625,-0.15869140625,-0.37841796875,0.79345703125,0.09765625,0.67138671875,0.01220703125,0.47607421875,-0.20751953125,0.35400390625,0.57373046875,0,-0.08544921875,0.244140625,0.2197265625,1.318359375,0.146484375,0.25634765625,-0.10986328125,0.1708984375,0,1.416015625,-0.09765625,1.91650390625,0.08544921875,1.07421875,0.08544921875,2.6123046875,0.048828125,0.91552734375,-0.01220703125,0.4150390625,0.35400390625,-0.67138671875,0.18310546875,-0.23193359375,0.048828125,-0.87890625,0.1220703125,0.13427734375,-0.146484375,0.15869140625,-0.18310546875,4.2236328125,-0.10986328125,-0.72021484375,-0.13427734375,-0.64697265625,0.03662109375,-0.6103515625,0.03662109375,-0.03662109375,0.15869140625,-0.6103515625,0.0732421875,-1.3671875,0.01220703125,-0.98876953125,-0.20751953125,0.5126953125,-0.15869140625,0.3173828125,-0.15869140625,-0.03662109375,-0.0732421875,-0.09765625,-0.13427734375,0.146484375,-0.0732421875,0.8056640625,-0.30517578125,1.55029296875,-0.13427734375,0.29296875,-0.10986328125,0.62255859375
0,-0.244140625,-0.23193359375,-0.29296875,-0.35400390625,0.20751953125,-0.47607421875,-0.1953125,-0.06103515625,-0.146484375,-0.146484375,-0.1953125,-0.9033203125,-0.42724609375,1.025390625,0,-0.10986328125,0.1708984375,-0.57373046875,-0.25634765625,-0.146484375,0.09765625,0.87890625,0.01220703125,-0.62255859375,-0.0244140625,0.048828125,0.1953125,-0.5615234375,-0.146484375,1.20849609375,-0.25634765625,1.47705078125,-0.10986328125,-0.76904296875,-0.64697265625,-1.318359375,-0.42724609375,-0.64697265625,-0.244140625,-1.06201171875,-0.244140625,-0.28076171875,-0.537109375,-0.68359375,-0.15869140625,-0.4150390625,0,0.7080078125,-0.06103515625,1.33056640625,0.048828125,0.42724609375,-0.06103515625,-0.2685546875,-0.47607421875,0.634765625,0.146484375,0.67138671875,-0.0244140625,0.4638671875,-0.244140625,0.3662109375,0.57373046875,0.0244140625,-0.01220703125,0.1220703125,0.15869140625,1.15966796875,0.146484375,0.1953125,-0.13427734375,0.1220703125,-0.03662109375,1.3427734375,-0.08544921875,1.89208984375,0.1953125,1.08642578125,0.06103515625,2.57568359375,0.048828125,1.69677734375,-0.08544921875,0.76904296875,0.35400390625,-0.45166015625,0.10986328125,0.03662109375,0.09765625,-0.927734375,0.13427734375,0.08544921875,-0.0732421875,0.1220703125,-0.15869140625,3.84521484375,-0.0732421875,-0.72021484375,-0.15869140625,-0.634765625,0.0732421875,-0.62255859375,0.10986328125,-0.03662109375,0.08544921875,-0.5126953125,0.0244140625,-1.28173828125,0.01220703125,-0.9521484375,-0.06103515625,0.57373046875,-0.1953125,0.29296875,-0.15869140625,-0.03662109375,-0.06103515625,-0.08544921875,-0.10986328125,0.13427734375,-0.09765625,0.98876953125,-0.2685546875,1.62353515625,-0.13427734375,0.37841796875,-0.09765625,0.81787109375
0,-0.25634765625,-0.18310546875,-0.25634765625,-0.35400390625,0.23193359375,-0.50048828125,-0.1953125,-0.0732421875,-0.08544921875,-0.15869140625,-0.18310546875,-0.927734375,-0.42724609375,1.03759765625,0.01220703125,-0.1220703125,0.15869140625,-0.59814453125,-0.30517578125,-0.146484375,0.146484375,0.86669921875,0.01220703125,-0.634765625,0,-0.06103515625,0.09765625,-0.69580078125,-0.1708984375,1.0498046875,-0.28076171875,1.08642578125,-0.048828125,-0.830078125,-0.634765625,-1.513671875,-0.35400390625,-0.69580078125,-0.25634765625,-1.123046875,-0.2197265625,-0.29296875,-0.439453125,-0.68359375,-0.18310546875,-0.4150390625,0.06103515625,0.732421875,0.0244140625,0.81787109375,0.0732421875,0.30517578125,-0.03662109375,-0.3662109375,-0.57373046875,0.52490234375,0.1953125,0.6591796875,-0.048828125,0.4638671875,-0.2685546875,0.40283203125,0.57373046875,0.0244140625,0.03662109375,0.03662109375,0.06103515625,1.01318359375,0.15869140625,0.1220703125,-0.146484375,0.0732421875,-0.06103515625,1.28173828125,-0.09765625,1.84326171875,0.2685546875,1.07421875,0.048828125,2.5390625,0.1220703125,2.57568359375,-0.146484375,1.171875,0.341796875,-0.18310546875,0.01220703125,0.341796875,0.10986328125,-0.9521484375,0.10986328125,0.0732421875,-0.01220703125,0.08544921875,-0.09765625,3.564453125,-0.048828125,-0.72021484375,-0.13427734375,-0.634765625,0.048828125,-0.64697265625,0.15869140625,-0.03662109375,0.06103515625,-0.42724609375,0.0244140625,-1.220703125,0.03662109375,-0.9033203125,-0.0244140625,0.59814453125,-0.2197265625,0.28076171875,-0.15869140625,0,-0.08544921875,-0.10986328125,-0.09765625,0.146484375,-0.08544921875,1.0498046875,-0.28076171875,1.5869140625,-0.1708984375,0.390625,-0.06103515625,0.84228515625
1,-0.2197265625,-0.13427734375,-0.2685546875,-0.3662109375,0.2197265625,-0.537109375,-0.20751953125,-0.08544921875,0,-0.146484375,-0.10986328125,-0.9521484375,-0.37841796875,1.0498046875,0.01220703125,-0.15869140625,0.146484375,-0.59814453125,-0.3662109375,-0.1708984375,0.18310546875,0.84228515625,-0.03662109375,-0.62255859375,0.06103515625,-0.10986328125,0.06103515625,-0.79345703125,-0.15869140625,0.9033203125,-0.2685546875,0.8544921875,-0.01220703125,-0.84228515625,-0.57373046875,-1.611328125,-0.2685546875,-0.72021484375,-0.30517578125,-1.11083984375,-0.1953125,-0.29296875,-0.390625,-0.69580078125,-0.13427734375,-0.4150390625,0,0.7568359375,0.10986328125,0.57373046875,0.03662109375,0.2197265625,0.0244140625,-0.4150390625,-0.634765625,0.47607421875,0.1953125,0.64697265625,-0.0732421875,0.4638671875,-0.29296875,0.439453125,0.52490234375,0,0.0244140625,-0.06103515625,-0.03662109375,0.8544921875,0.1220703125,0.0732421875,-0.18310546875,0.01220703125,-0.09765625,1.25732421875,-0.1220703125,1.79443359375,0.30517578125,1.03759765625,-0.0244140625,2.490234375,0.1708984375,3.4423828125,-0.2197265625,1.62353515625,0.3173828125,0.048828125,-0.09765625,0.634765625,0.08544921875,-0.96435546875,0.10986328125,0.06103515625,0.06103515625,0.08544921875,0.06103515625,3.45458984375,0.01220703125,-0.72021484375,-0.1220703125,-0.634765625,0.0244140625,-0.6591796875,0.1953125,-0.03662109375,0.048828125,-0.390625,0.01220703125,-1.171875,0.0244140625,-0.9033203125,0.06103515625,0.57373046875,-0.2197265625,0.28076171875,-0.15869140625,0.01220703125,-0.0732421875,-0.08544921875,-0.09765625,0.146484375,-0.08544921875,0.9765625,-0.2685546875,1.416015625,-0.1708984375,0.30517578125,-0.048828125,0.7568359375
1,-0.20751953125,-0.08544921875,-0.28076171875,-0.390625,0.1953125,-0.5126953125,-0.2197265625,-0.09765625,0.06103515625,-0.1220703125,-0.08544921875,-0.96435546875,-0.35400390625,1.0498046875,0.0244140625,-0.18310546875,0.146484375,-0.5859375,-0.40283203125,-0.1708984375,0.20751953125,0.81787109375,-0.09765625,-0.59814453125,0.03662109375,-0.146484375,0.03662109375,-0.84228515625,-0.1953125,0.8056640625,-0.20751953125,0.72021484375,-0.0244140625,-0.84228515625,-0.47607421875,-1.66015625,-0.23193359375,-0.72021484375,-0.29296875,-1.07421875,-0.18310546875,-0.2685546875,-0.30517578125,-0.69580078125,-0.1220703125,-0.40283203125,-0.03662109375,0.7568359375,0.09765625,0.537109375,0.0732421875,0.15869140625,0.09765625,-0.439453125,-0.634765625,0.4638671875,0.15869140625,0.634765625,-0.10986328125,0.47607421875,-0.3173828125,0.45166015625,0.40283203125,-0.0244140625,0.06103515625,-0.146484375,-0.09765625,0.69580078125,0,0.0244140625,-0.25634765625,-0.01220703125,-0.15869140625,1.28173828125,-0.15869140625,1.72119140625,0.3173828125,0.98876953125,-0.048828125,2.42919921875,0.25634765625,4.23583984375,-0.28076171875,2.001953125,0.25634765625,0.28076171875,-0.18310546875,0.927734375,0.048828125,-0.9521484375,0.0732421875,0.09765625,0.146484375,0.0732421875,0.13427734375,3.47900390625,0.06103515625,-0.7080078125,-0.09765625,-0.64697265625,0,-0.64697265625,0.18310546875,-0.03662109375,0.01220703125,-0.37841796875,-0.01220703125,-1.15966796875,-0.0244140625,-0.89111328125,0.09765625,0.54931640625,-0.2685546875,0.2685546875,-0.13427734375,0.01220703125,-0.0732421875,-0.09765625,-0.08544921875,0.15869140625,-0.0732421875,0.84228515625,-0.2685546875,1.20849609375,-0.18310546875,0.1708984375,-0.03662109375,0.5615234375
1,-0.20751953125,-0.03662109375,-0.2685546875,-0.3662109375,0.2197265625,-0.47607421875,-0.1953125,-0.10986328125,0.146484375,-0.0732421875,-0.09765625,-0.9521484375,-0.3173828125,1.06201171875,0.0244140625,-0.1708984375,0.15869140625,-0.5859375,-0.40283203125,-0.15869140625,0.2685546875,0.830078125,-0.15869140625,-0.5859375,0.0244140625,-0.15869140625,0.03662109375,-0.86669921875,-0.244140625,0.72021484375,-0.18310546875,0.6103515625,-0.03662109375,-0.8056640625,-0.3662109375,-1.59912109375,-0.20751953125,-0.69580078125,-0.244140625,-1.025390625,-0.20751953125,-0.244140625,-0.18310546875,-0.7080078125,-0.146484375,-0.390625,-0.03662109375,0.72021484375,0.03662109375,0.67138671875,0.03662109375,0.20751953125,0.13427734375,-0.390625,-0.59814453125,0.50048828125,0.15869140625,0.62255859375,-0.09765625,0.47607421875,-0.341796875,0.4638671875,0.29296875,-0.01220703125,0.0732421875,-0.146484375,-0.09765625,0.5859375,-0.0244140625,-0.01220703125,-0.23193359375,-0.048828125,-0.1708984375,1.28173828125,-0.1708984375,1.66015625,0.29296875,0.927734375,-0.01220703125,2.3681640625,0.3173828125,4.89501953125,-0.28076171875,2.30712890625,0.18310546875,0.50048828125,-0.20751953125,1.15966796875,0,-0.927734375,0.03662109375,0.10986328125,0.23193359375,0.10986328125,0.146484375,3.60107421875,0.0732421875,-0.732421875,-0.06103515625,-0.6591796875,0,-0.6591796875,0.146484375,-0.0244140625,0.048828125,-0.42724609375,-0.0244140625,-1.18408203125,-0.03662109375,-0.91552734375,0.048828125,0.45166015625,-0.2685546875,0.29296875,-0.146484375,0.01220703125,-0.0732421875,-0.0732421875,-0.09765625,0.18310546875,-0.10986328125,0.64697265625,-0.2685546875,0.98876953125,-0.1953125,0.03662109375,-0.0244140625,0.341796875
1,-0.15869140625,-0.048828125,-0.25634765625,-0.3662109375,0.18310546875,-0.4638671875,-0.1953125,-0.10986328125,0.23193359375,-0.048828125,-0.10986328125,-0.93994140625,-0.25634765625,1.0498046875,0.01220703125,-0.1708984375,0.146484375,-0.57373046875,-0.3662109375,-0.15869140625,0.29296875,0.830078125,-0.2197265625,-0.5859375,-0.03662109375,-0.18310546875,0.03662109375,-0.87890625,-0.3173828125,0.634765625,-0.146484375,0.439453125,-0.01220703125,-0.74462890625,-0.30517578125,-1.47705078125,-0.15869140625,-0.6591796875,-0.244140625,-0.9521484375,-0.2197265625,-0.244140625,-0.10986328125,-0.7080078125,-0.15869140625,-0.40283203125,-0.08544921875,0.69580078125,-0.01220703125,0.9033203125,0.03662109375,0.2685546875,0.15869140625,-0.3173828125,-0.634765625,0.537109375,0.10986328125,0.634765625,-0.09765625,0.47607421875,-0.3173828125,0.4638671875,0.18310546875,-0.0244140625,0.10986328125,-0.15869140625,-0.10986328125,0.47607421875,-0.09765625,-0.01220703125,-0.18310546875,-0.06103515625,-0.1708984375,1.26953125,-0.1708984375,1.5869140625,0.28076171875,0.87890625,0.06103515625,2.3193359375,0.18310546875,5.35888671875,-0.29296875,2.490234375,0.1220703125,0.62255859375,-0.1708984375,1.2939453125,-0.06103515625,-0.9033203125,0.01220703125,0.1220703125,0.32958984375,0.13427734375,0.15869140625,3.7841796875,0.06103515625,-0.72021484375,-0.03662109375,-0.67138671875,-0.0244140625,-0.634765625,0.0732421875,-0.0244140625,0.06103515625,-0.48828125,-0.06103515625,-1.2451171875,-0.09765625,-0.98876953125,0.1220703125,0.3662109375,-0.2685546875,0.28076171875,-0.146484375,-0.03662109375,-0.0732421875,-0.0732421875,-0.09765625,0.18310546875,-0.08544921875,0.42724609375,-0.2197265625,0.76904296875,-0.15869140625,-0.08544921875,-0.0244140625,0.1220703125
1,-0.146484375,-0.03662109375,-0.2197265625,-0.37841796875,0.2197265625,-0.42724609375,-0.20751953125,-0.10986328125,0.3173828125,-0.03662109375,-0.15869140625,-0.93994140625,-0.23193359375,1.0498046875,0.01220703125,-0.18310546875,0.08544921875,-0.57373046875,-0.28076171875,-0.146484375,0.2685546875,0.87890625,-0.1953125,-0.5859375,-0.1220703125,-0.23193359375,0.09765625,-0.9033203125,-0.35400390625,0.5615234375,-0.13427734375,0.23193359375,0.01220703125,-0.68359375,-0.25634765625,-1.30615234375,-0.146484375,-0.62255859375,-0.20751953125,-0.89111328125,-0.30517578125,-0.244140625,-0.0244140625,-0.72021484375,-0.1953125,-0.42724609375,-0.10986328125,0.634765625,-0.06103515625,1.13525390625,0.13427734375,0.341796875,0.25634765625,-0.2197265625,-0.5859375,0.6103515625,0.09765625,0.634765625,-0.1220703125,0.45166015625,-0.32958984375,0.45166015625,0.0732421875,-0.0244140625,0.1708984375,-0.13427734375,-0.1220703125,0.42724609375,-0.1708984375,-0.01220703125,-0.13427734375,-0.06103515625,-0.244140625,1.25732421875,-0.25634765625,1.52587890625,0.244140625,0.8056640625,0.08544921875,2.2705078125,0.09765625,5.5908203125,-0.2685546875,2.55126953125,0.03662109375,0.68359375,-0.10986328125,1.3671875,-0.09765625,-0.89111328125,-0.03662109375,0.1708984375,0.42724609375,0.1220703125,0.13427734375,3.90625,-0.0244140625,-0.7080078125,-0.0244140625,-0.7080078125,-0.048828125,-0.6103515625,-0.0244140625,-0.0244140625,0.06103515625,-0.59814453125,-0.03662109375,-1.3427734375,-0.15869140625,-1.06201171875,0.18310546875,0.28076171875,-0.28076171875,0.29296875,-0.146484375,-0.03662109375,-0.06103515625,-0.08544921875,-0.09765625,0.1708984375,-0.1220703125,0.244140625,-0.15869140625,0.64697265625,-0.1953125,-0.2197265625,-0.08544921875,-0.048828125
1,-0.10986328125,-0.048828125,-0.1953125,-0.390625,0.1953125,-0.40283203125,-0.1953125,-0.1220703125,0.37841796875,-0.01220703125,-0.1953125,-0.927734375,-0.1953125,1.0498046875,-0.03662109375,-0.1953125,0.03662109375,-0.57373046875,-0.1953125,-0.15869140625,0.23193359375,0.9033203125,-0.13427734375,-0.57373046875,-0.1953125,-0.2685546875,0.1220703125,-0.9521484375,-0.3173828125,0.48828125,-0.10986328125,-0.03662109375,0.01220703125,-0.634765625,-0.244140625,-1.123046875,-0.1220703125,-0.5615234375,-0.15869140625,-0.8544921875,-0.32958984375,-0.244140625,0.048828125,-0.72021484375,-0.23193359375,-0.42724609375,-0.08544921875,0.59814453125,-0.06103515625,1.33056640625,0.1708984375,0.45166015625,0.29296875,-0.15869140625,-0.54931640625,0.6591796875,0.048828125,0.6591796875,-0.146484375,0.4638671875,-0.3173828125,0.45166015625,0.06103515625,-0.01220703125,0.146484375,-0.09765625,-0.10986328125,0.42724609375,-0.25634765625,0.048828125,-0.146484375,-0.048828125,-0.1953125,1.171875,-0.23193359375,1.50146484375,0.244140625,0.7568359375,0.1953125,2.20947265625,0.048828125,5.60302734375,-0.244140625,2.5146484375,-0.048828125,0.68359375,-0.048828125,1.35498046875,-0.1708984375,-0.9033203125,-0.06103515625,0.1708984375,0.537109375,0.10986328125,0.03662109375,3.9306640625,-0.03662109375,-0.68359375,0.0244140625,-0.7080078125,-0.09765625,-0.5615234375,-0.08544921875,-0.03662109375,0.03662109375,-0.7080078125,-0.03662109375,-1.4404296875,-0.20751953125,-1.13525390625,0.13427734375,0.23193359375,-0.32958984375,0.28076171875,-0.146484375,-0.06103515625,-0.0732421875,-0.09765625,-0.09765625,0.18310546875,-0.1220703125,0.15869140625,-0.10986328125,0.59814453125,-0.18310546875,-0.30517578125,-0.08544921875,-0.15869140625
1,-0.1220703125,-0.08544921875,-0.15869140625,-0.390625,0.2197265625,-0.37841796875,-0.20751953125,-0.09765625,0.439453125,-0.03662109375,-0.2197265625,-0.927734375,-0.1708984375,1.0498046875,-0.048828125,-0.15869140625,0,-0.5615234375,-0.1220703125,-0.146484375,0.23193359375,0.91552734375,-0.0732421875,-0.57373046875,-0.25634765625,-0.32958984375,0.15869140625,-0.98876953125,-0.23193359375,0.42724609375,-0.1220703125,-0.32958984375,0.01220703125,-0.5859375,-0.146484375,-0.96435546875,-0.10986328125,-0.52490234375,-0.09765625,-0.830078125,-0.30517578125,-0.2685546875,0.06103515625,-0.732421875,-0.28076171875,-0.4638671875,-0.048828125,0.54931640625,-0.15869140625,1.42822265625,0.20751953125,0.50048828125,0.341796875,-0.08544921875,-0.54931640625,0.69580078125,0.03662109375,0.68359375,-0.10986328125,0.4638671875,-0.23193359375,0.439453125,-0.048828125,0,0.146484375,-0.06103515625,-0.13427734375,0.50048828125,-0.2197265625,0.0732421875,-0.10986328125,-0.01220703125,-0.2685546875,1.08642578125,-0.32958984375,1.47705078125,0.146484375,0.72021484375,0.1953125,2.1484375,0.06103515625,5.45654296875,-0.18310546875,2.4169921875,-0.1220703125,0.6103515625,0,1.25732421875,-0.20751953125,-0.93994140625,-0.0244140625,0.18310546875,0.6103515625,0.09765625,-0.03662109375,3.77197265625,-0.048828125,-0.67138671875,0.01220703125,-0.69580078125,-0.15869140625,-0.5615234375,-0.13427734375,-0.03662109375,0.01220703125,-0.78125,-0.0244140625,-1.52587890625,-0.2685546875,-1.171875,0.09765625,0.29296875,-0.32958984375,0.29296875,-0.146484375,-0.048828125,-0.06103515625,-0.09765625,-0.08544921875,0.1708984375,-0.09765625,0.1220703125,-0.10986328125,0.6103515625,-0.15869140625,-0.30517578125,-0.06103515625,-0.18310546875
1,-0.09765625,-0.15869140625,-0.146484375,-0.390625,0.2197265625,-0.37841796875,-0.1953125,-0.09765625,0.45166015625,-0.06103515625,-0.2685546875,-0.91552734375,-0.1708984375,1.03759765625,-0.0732421875,-0.13427734375,-0.0244140625,-0.5615234375,0,-0.146484375,0.244140625,0.91552734375,0.01220703125,-0.57373046875,-0.29296875,-0.40283203125,0.1708984375,-1.0498046875,-0.15869140625,0.37841796875,-0.09765625,-0.59814453125,-0.0244140625,-0.537109375,-0.1953125,-0.8544921875,-0.13427734375,-0.4638671875,-0.01220703125,-0.81787109375,-0.1953125,-0.2685546875,0.08544921875,-0.7080078125,-0.29296875,-0.4638671875,0.01220703125,0.48828125,-0.3173828125,1.40380859375,0.1953125,0.52490234375,0.40283203125,-0.10986328125,-0.439453125,0.72021484375,0.0244140625,0.68359375,-0.0732421875,0.4638671875,-0.2197265625,0.4150390625,-0.10986328125,0,0.1220703125,-0.03662109375,-0.146484375,0.5859375,-0.15869140625,0.09765625,-0.146484375,0.0244140625,-0.2685546875,0.9521484375,-0.32958984375,1.46484375,0.146484375,0.64697265625,0.2197265625,2.0751953125,-0.03662109375,5.16357421875,-0.10986328125,2.2216796875,-0.10986328125,0.537109375,0.048828125,1.13525390625,-0.2685546875,-0.98876953125,-0.01220703125,0.146484375,0.6591796875,0.0244140625,-0.09765625,3.40576171875,-0.09765625,-0.7080078125,0.01220703125,-0.68359375,-0.20751953125,-0.57373046875,-0.146484375,-0.03662109375,0,-0.8056640625,0,-1.55029296875,-0.25634765625,-1.171875,0.09765625,0.45166015625,-0.3662109375,0.29296875,-0.146484375,-0.048828125,-0.06103515625,-0.09765625,-0.06103515625,0.15869140625,-0.09765625,0.15869140625,-0.0732421875,0.72021484375,-0.15869140625,-0.28076171875,-0.06103515625,-0.1220703125
1,-0.08544921875,-0.2197265625,-0.13427734375,-0.3662109375,0.244140625,-0.390625,-0.20751953125,-0.0732421875,0.42724609375,-0.0732421875,-0.23193359375,-0.91552734375,-0.15869140625,1.03759765625,-0.10986328125,-0.13427734375,-0.048828125,-0.57373046875,0.06103515625,-0.13427734375,0.28076171875,0.93994140625,0.01220703125,-0.59814453125,-0.25634765625,-0.4638671875,0.18310546875,-1.08642578125,-0.13427734375,0.3662109375,-0.0732421875,-0.79345703125,-0.0244140625,-0.50048828125,-0.20751953125,-0.8056640625,-0.15869140625,-0.47607421875,0.06103515625,-0.830078125,-0.0732421875,-0.2685546875,0.09765625,-0.7080078125,-0.29296875,-0.4638671875,-0.0244140625,0.48828125,-0.4150390625,1.26953125,0.23193359375,0.50048828125,0.37841796875,-0.09765625,-0.3662109375,0.72021484375,-0.0244140625,0.7080078125,-0.06103515625,0.4638671875,-0.146484375,0.439453125,-0.1708984375,0.01220703125,0.10986328125,-0.01220703125,-0.15869140625,0.69580078125,-0.0732421875,0.1220703125,-0.1708984375,0.048828125,-0.13427734375,0.78125,-0.23193359375,1.4404296875,0.18310546875,0.59814453125,0.28076171875,2.001953125,-0.13427734375,4.74853515625,-0.01220703125,2.0263671875,-0.1220703125,0.42724609375,0.0732421875,0.9765625,-0.28076171875,-1.08642578125,0.048828125,0.0732421875,0.59814453125,-0.048828125,-0.08544921875,2.81982421875,-0.09765625,-0.7080078125,0.0244140625,-0.67138671875,-0.20751953125,-0.5615234375,-0.09765625,-0.03662109375,0,-0.7568359375,0.01220703125,-1.4892578125,-0.2197265625,-1.13525390625,0.08544921875,0.79345703125,-0.341796875,0.30517578125,-0.1220703125,-0.03662109375,-0.06103515625,-0.08544921875,-0.0732421875,0.146484375,-0.15869140625,0.20751953125,-0.2197265625,0.81787109375,-0.1953125,-0.23193359375,-0.146484375,-0.08544921875
1,-0.0732421875,-0.28076171875,-0.1220703125,-0.341796875,0.244140625,-0.42724609375,-0.1708984375,-0.06103515625,0.3662109375,-0.0732421875,-0.2197265625,-0.927734375,-0.1220703125,1.0498046875,-0.146484375,-0.10986328125,-0.0244140625,-0.59814453125,0.09765625,-0.1220703125,0.3173828125,0.91552734375,0.0244140625,-0.59814453125,-0.23193359375,-0.47607421875,0.15869140625,-1.08642578125,-0.10986328125,0.3662109375,-0.1708984375,-0.8544921875,-0.06103515625,-0.52490234375,-0.28076171875,-0.84228515625,-0.20751953125,-0.48828125,0.01220703125,-0.87890625,0.01220703125,-0.28076171875,0.15869140625,-0.72021484375,-0.2685546875,-0.45166015625,-0.0244140625,0.48828125,-0.47607421875,1.0986328125,0.2197265625,0.4638671875,0.4150390625,-0.1708984375,-0.2685546875,0.68359375,-0.01220703125,0.68359375,-0.09765625,0.4638671875,-0.146484375,0.42724609375,-0.1953125,-0.01220703125,0.10986328125,-0.01220703125,-0.2197265625,0.8056640625,0.0244140625,0.146484375,-0.25634765625,0.0732421875,-0.15869140625,0.67138671875,-0.244140625,1.40380859375,0.15869140625,0.537109375,0.23193359375,1.9287109375,-0.18310546875,4.345703125,0.048828125,1.8310546875,-0.08544921875,0.28076171875,0.09765625,0.830078125,-0.25634765625,-1.171875,0.0732421875,-0.0244140625,0.48828125,-0.1220703125,-0.08544921875,2.06298828125,-0.08544921875,-0.72021484375,0.048828125,-0.67138671875,-0.18310546875,-0.57373046875,-0.0732421875,-0.03662109375,0.0244140625,-0.62255859375,0,-1.3671875,-0.15869140625,-0.98876953125,-0.03662109375,1.26953125,-0.35400390625,0.29296875,-0.13427734375,-0.0244140625,-0.0732421875,-0.0732421875,-0.06103515625,0.13427734375,-0.10986328125,0.2685546875,-0.1708984375,0.927734375,-0.15869140625,-0.1708984375,-0.0732421875,-0.048828125
1,-0.06103515625,-0.3173828125,-0.146484375,-0.341796875,0.23193359375,-0.42724609375,-0.15869140625,-0.03662109375,0.2685546875,-0.09765625,-0.1708984375,-0.91552734375,-0.08544921875,1.03759765625,-0.18310546875,-0.10986328125,-0.0244140625,-0.5859375,0.10986328125,-0.13427734375,0.2685546875,0.89111328125,0.01220703125,-0.62255859375,-0.10986328125,-0.45166015625,0.146484375,-1.06201171875,-0.0732421875,0.42724609375,-0.15869140625,-0.732421875,-0.048828125,-0.54931640625,-0.35400390625,-0.93994140625,-0.244140625,-0.52490234375,0.0244140625,-0.91552734375,0.0244140625,-0.28076171875,0.15869140625,-0.72021484375,-0.20751953125,-0.45166015625,-0.048828125,0.50048828125,-0.54931640625,0.86669921875,0.1708984375,0.4150390625,0.4150390625,-0.2197265625,-0.1953125,0.62255859375,-0.01220703125,0.69580078125,-0.15869140625,0.45166015625,-0.146484375,0.42724609375,-0.1708984375,-0.01220703125,0.0244140625,0.01220703125,-0.2197265625,0.9033203125,0.03662109375,0.1220703125,-0.29296875,0.09765625,-0.13427734375,0.57373046875,-0.146484375,1.37939453125,0.2685546875,0.48828125,0.2197265625,1.85546875,-0.1953125,3.96728515625,0.1220703125,1.6845703125,-0.10986328125,0.18310546875,0.1220703125,0.72021484375,-0.23193359375,-1.30615234375,0.08544921875,-0.1220703125,0.32958984375,-0.23193359375,0.1220703125,1.18408203125,-0.0732421875,-0.72021484375,0.048828125,-0.6591796875,-0.146484375,-0.5859375,-0.0244140625,-0.03662109375,0.06103515625,-0.40283203125,-0.08544921875,-1.1474609375,-0.08544921875,-0.81787109375,-0.0732421875,1.9287109375,-0.35400390625,0.3173828125,-0.146484375,-0.03662109375,-0.08544921875,-0.0732421875,-0.048828125,0.146484375,-0.0732421875,0.30517578125,-0.09765625,0.9765625,-0.1220703125,-0.15869140625,-0.048828125,-0.01220703125
1,-0.0244140625,-0.341796875,-0.146484375,-0.32958984375,0.2197265625,-0.45166015625,-0.13427734375,-0.0244140625,0.20751953125,-0.10986328125,-0.13427734375,-0.927734375,-0.03662109375,1.03759765625,-0.20751953125,-0.09765625,0.01220703125,-0.5859375,0.0732421875,-0.146484375,0.20751953125,0.86669921875,-0.048828125,-0.62255859375,-0.0732421875,-0.390625,0.08544921875,-1.01318359375,-0.08544921875,0.5126953125,-0.146484375,-0.48828125,-0.048828125,-0.59814453125,-0.341796875,-1.06201171875,-0.244140625,-0.57373046875,0.06103515625,-0.9521484375,0.01220703125,-0.28076171875,0.15869140625,-0.72021484375,-0.146484375,-0.4150390625,-0.08544921875,0.5615234375,-0.37841796875,0.74462890625,0.15869140625,0.341796875,0.40283203125,-0.28076171875,-0.1220703125,0.59814453125,0,0.7080078125,-0.18310546875,0.4638671875,-0.09765625,0.42724609375,-0.15869140625,-0.0244140625,0,0.048828125,-0.20751953125,0.93994140625,0.09765625,0.13427734375,-0.28076171875,0.1220703125,-0.1953125,0.54931640625,-0.0732421875,1.33056640625,0.28076171875,0.45166015625,0.15869140625,1.806640625,-0.20751953125,3.662109375,0.20751953125,1.57470703125,-0.09765625,0.1220703125,0.146484375,0.634765625,-0.18310546875,-1.40380859375,0.08544921875,-0.23193359375,0.13427734375,-0.35400390625,0.25634765625,0.28076171875,-0.09765625,-0.72021484375,0.048828125,-0.634765625,-0.146484375,-0.62255859375,0.01220703125,-0.048828125,0.06103515625,-0.08544921875,-0.1708984375,-0.87890625,-0.0244140625,-0.5859375,0.048828125,2.7587890625,-0.341796875,0.30517578125,-0.1708984375,-0.01220703125,-0.0732421875,-0.06103515625,0,0.1220703125,-0.146484375,0.28076171875,-0.23193359375,0.98876953125,-0.15869140625,-0.1953125,-0.10986328125,-0.06103515625
1,-0.048828125,-0.30517578125,-0.15869140625,-0.35400390625,0.1953125,-0.47607421875,-0.1220703125,-0.0244140625,0.13427734375,-0.09765625,-0.09765625,-0.927734375,0.03662109375,1.0498046875,-0.18310546875,-0.13427734375,0.048828125,-0.59814453125,0.03662109375,-0.13427734375,0.1953125,0.84228515625,-0.08544921875,-0.59814453125,-0.03662109375,-0.29296875,0.01220703125,-0.9521484375,-0.03662109375,0.59814453125,-0.1220703125,-0.1708984375,-0.03662109375,-0.64697265625,-0.35400390625,-1.1962890625,-0.2685546875,-0.59814453125,0.0732421875,-0.9765625,-0.01220703125,-0.28076171875,0.15869140625,-0.7080078125,-0.0732421875,-0.4150390625,-0.13427734375,0.57373046875,-0.37841796875,0.68359375,0.06103515625,0.30517578125,0.390625,-0.32958984375,-0.0244140625,0.5615234375,0.03662109375,0.68359375,-0.1953125,0.4638671875,-0.06103515625,0.439453125,-0.13427734375,-0.0244140625,-0.09765625,0.06103515625,-0.32958984375,0.9521484375,0.10986328125,0.13427734375,-0.3173828125,0.13427734375,-0.25634765625,0.59814453125,0.01220703125,1.2939453125,0.28076171875,0.439453125,0.09765625,1.79443359375,-0.10986328125,3.4423828125,0.2197265625,1.5380859375,-0.1220703125,0.06103515625,0.146484375,0.57373046875,-0.09765625,-1.50146484375,0.0732421875,-0.32958984375,-0.01220703125,-0.4638671875,0.390625,-0.57373046875,-0.13427734375,-0.7080078125,0.0732421875,-0.634765625,-0.10986328125,-0.634765625,0.01220703125,-0.048828125,0.0732421875,0.2685546875,-0.23193359375,-0.5615234375,0.048828125,-0.35400390625,0.0732421875,3.6865234375,-0.35400390625,0.3173828125,-0.146484375,0,-0.0732421875,-0.048828125,0,0.15869140625,-0.09765625,0.1953125,-0.15869140625,0.9521484375,-0.09765625,-0.244140625,-0.0732421875,-0.15869140625
0,-0.048828125,-0.23193359375,-0.1708984375,-0.3662109375,0.146484375,-0.48828125,-0.1220703125,-0.08544921875,0.0732421875,-0.10986328125,-0.09765625,-0.9521484375,0.09765625,1.06201171875,-0.15869140625,-0.146484375,0.09765625,-0.57373046875,0.01220703125,-0.1220703125,0.10986328125,0.84228515625,-0.10986328125,-0.5859375,0.0732421875,-0.20751953125,-0.01220703125,-0.87890625,0,0.68359375,-0.0244140625,0.15869140625,-0.01220703125,-0.67138671875,-0.341796875,-1.30615234375,-0.2685546875,-0.6103515625,0.08544921875,-0.96435546875,-0.0244140625,-0.244140625,0.146484375,-0.69580078125,0,-0.390625,-0.1708984375,0.59814453125,-0.4638671875,0.7080078125,0.0732421875,0.2685546875,0.341796875,-0.3662109375,0.048828125,0.54931640625,0.0244140625,0.67138671875,-0.2197265625,0.47607421875,-0.03662109375,0.45166015625,-0.048828125,-0.0244140625,-0.10986328125,0.09765625,-0.35400390625,0.91552734375,0.0244140625,0.146484375,-0.32958984375,0.1220703125,-0.30517578125,0.69580078125,0.0732421875,1.30615234375,0.244140625,0.45166015625,-0.01220703125,1.8310546875,-0.0732421875,3.33251953125,0.1953125,1.52587890625,-0.146484375,0.03662109375,0.09765625,0.57373046875,-0.03662109375,-1.59912109375,0.03662109375,-0.42724609375,-0.146484375,-0.5126953125,0.42724609375,-1.23291015625,-0.146484375,-0.7080078125,0.09765625,-0.6591796875,-0.08544921875,-0.634765625,0.048828125,-0.06103515625,0.048828125,0.64697265625,-0.2685546875,-0.20751953125,0.09765625,-0.10986328125,0.244140625,4.6630859375,-0.32958984375,0.3173828125,-0.15869140625,-0.01220703125,-0.06103515625,-0.06103515625,0.01220703125,0.15869140625,-0.09765625,0.10986328125,-0.13427734375,0.87890625,-0.10986328125,-0.3173828125,-0.0732421875,-0.244140625
0,0.01220703125,-0.15869140625,-0.13427734375,-0.3662109375,0.13427734375,-0.47607421875,-0.10986328125,-0.09765625,0.10986328125,-0.08544921875,-0.146484375,-0.927734375,0.15869140625,1.06201171875,-0.13427734375,-0.1708984375,0.09765625,-0.54931640625,0,-0.1220703125,0.0244140625,0.830078125,-0.146484375,-0.57373046875,0.048828125,-0.10986328125,-0.06103515625,-0.8056640625,-0.03662109375,0.76904296875,-0.0244140625,0.439453125,-0.0244140625,-0.69580078125,-0.2685546875,-1.35498046875,-0.244140625,-0.6103515625,0.06103515625,-0.93994140625,-0.01220703125,-0.23193359375,0.1708984375,-0.7080078125,0.048828125,-0.37841796875,-0.1708984375,0.6591796875,-0.439453125,0.79345703125,0.03662109375,0.2685546875,0.29296875,-0.35400390625,0.08544921875,0.5615234375,0,0.64697265625,-0.1953125,0.48828125,-0.048828125,0.45166015625,0.048828125,-0.01220703125,-0.048828125,0.146484375,-0.23193359375,0.86669921875,0.10986328125,0.18310546875,-0.18310546875,0.146484375,-0.37841796875,0.86669921875,0.0732421875,1.2939453125,0.1708984375,0.537109375,-0.06103515625,1.89208984375,-0.0244140625,3.30810546875,0.10986328125,1.5625,-0.244140625,0.03662109375,0.01220703125,0.57373046875,0.01220703125,-1.6357421875,0,-0.5126953125,-0.23193359375,-0.59814453125,0.390625,-1.6845703125,-0.13427734375,-0.7080078125,0.146484375,-0.67138671875,-0.0732421875,-0.634765625,0.08544921875,-0.03662109375,0.01220703125,1.0009765625,-0.25634765625,0.1220703125,0.1220703125,0.13427734375,0.341796875,5.65185546875,-0.30517578125,0.341796875,-0.15869140625,0,-0.06103515625,-0.06103515625,0.048828125,0.15869140625,-0.1220703125,0.01220703125,-0.146484375,0.81787109375,-0.08544921875,-0.390625,-0.09765625,-0.37841796875
0,0.01220703125,-0.0732421875,-0.10986328125,-0.37841796875,0.1708984375,-0.48828125,-0.1220703125,-0.09765625,0.08544921875,-0.0732421875,-0.20751953125,-0.927734375,0.20751953125,1.08642578125,-0.1220703125,-0.18310546875,0.08544921875,-0.57373046875,0,-0.15869140625,-0.048828125,0.81787109375,-0.146484375,-0.5615234375,0,-0.06103515625,-0.10986328125,-0.74462890625,-0.0244140625,0.830078125,-0.06103515625,0.62255859375,0,-0.7080078125,-0.23193359375,-1.35498046875,-0.20751953125,-0.59814453125,-0.01220703125,-0.89111328125,0.0244140625,-0.23193359375,0.15869140625,-0.69580078125,0.03662109375,-0.390625,-0.146484375,0.64697265625,-0.47607421875,0.9521484375,-0.0244140625,0.30517578125,0.2197265625,-0.30517578125,0.09765625,0.59814453125,-0.0244140625,0.634765625,-0.18310546875,0.48828125,0,0.45166015625,0.18310546875,-0.01220703125,-0.08544921875,0.18310546875,-0.18310546875,0.79345703125,0.03662109375,0.20751953125,-0.13427734375,0.1708984375,-0.1953125,1.07421875,0.13427734375,1.3916015625,0.09765625,0.62255859375,-0.03662109375,2.001953125,0.0244140625,3.3203125,0.01220703125,1.5869140625,-0.32958984375,0.03662109375,-0.09765625,0.59814453125,0.048828125,-1.64794921875,-0.06103515625,-0.5615234375,-0.244140625,-0.6103515625,0.37841796875,-1.8798828125,-0.1220703125,-0.68359375,0.15869140625,-0.68359375,-0.09765625,-0.634765625,0.08544921875,-0.06103515625,0,1.28173828125,-0.244140625,0.4150390625,0.13427734375,0.32958984375,0.3662109375,6.55517578125,-0.29296875,0.3173828125,-0.146484375,-0.01220703125,-0.06103515625,-0.0732421875,0.09765625,0.18310546875,-0.1708984375,-0.06103515625,-0.1708984375,0.8056640625,-0.0732421875,-0.42724609375,-0.1708984375,-0.40283203125
0,0.01220703125,0,-0.10986328125,-0.390625,0.244140625,-0.47607421875,-0.146484375,-0.1220703125,0.06103515625,-0.048828125,-0.23193359375,-0.93994140625,0.25634765625,1.06201171875,-0.08544921875,-0.18310546875,0.03662109375,-0.5615234375,0.01220703125,-0.15869140625,-0.18310546875,0.8544921875,-0.1953125,-0.57373046875,-0.01220703125,-0.03662109375,-0.09765625,-0.7080078125,0.03662109375,0.8544921875,-0.03662109375,0.64697265625,0.0244140625,-0.6591796875,-0.18310546875,-1.28173828125,-0.1708984375,-0.5859375,-0.08544921875,-0.8544921875,0.03662109375,-0.2197265625,0.13427734375,-0.69580078125,0.01220703125,-0.390625,-0.13427734375,0.634765625,-0.4150390625,1.0986328125,0,0.3662109375,0.1708984375,-0.25634765625,0.08544921875,0.62255859375,-0.0732421875,0.64697265625,-0.13427734375,0.4638671875,0.09765625,0.4638671875,0.28076171875,0.03662109375,-0.0732421875,0.244140625,-0.13427734375,0.78125,-0.10986328125,0.2197265625,-0.13427734375,0.1953125,-0.03662109375,1.25732421875,0.18310546875,1.47705078125,0.03662109375,0.72021484375,-0.048828125,2.1240234375,0.06103515625,3.35693359375,-0.06103515625,1.5869140625,-0.3662109375,0.03662109375,-0.15869140625,0.6103515625,0.0732421875,-1.64794921875,-0.1220703125,-0.57373046875,-0.1953125,-0.6103515625,0.18310546875,-1.7822265625,-0.0732421875,-0.67138671875,0.15869140625,-0.7080078125,-0.13427734375,-0.6103515625,0.08544921875,-0.06103515625,-0.01220703125,1.4892578125,-0.1953125,0.634765625,0.09765625,0.47607421875,0.3173828125,7.2998046875,-0.29296875,0.32958984375,-0.15869140625,-0.0244140625,-0.048828125,-0.06103515625,0.1220703125,0.1708984375,-0.10986328125,-0.0732421875,-0.13427734375,0.79345703125,0,-0.37841796875,-0.09765625,-0.390625
0,0.01220703125,0.09765625,-0.08544921875,-0.37841796875,0.28076171875,-0.47607421875,-0.146484375,-0.1220703125,0.06103515625,-0.0244140625,-0.25634765625,-0.91552734375,0.2685546875,1.08642578125,-0.08544921875,-0.18310546875,-0.0244140625,-0.54931640625,0.0244140625,-0.18310546875,-0.23193359375,0.8544921875,-0.15869140625,-0.57373046875,-0.10986328125,-0.03662109375,-0.1708984375,-0.69580078125,0.03662109375,0.86669921875,-0.13427734375,0.54931640625,0.0244140625,-0.62255859375,-0.10986328125,-1.171875,-0.1220703125,-0.57373046875,-0.09765625,-0.7568359375,0.06103515625,-0.23193359375,0.10986328125,-0.69580078125,-0.0244140625,-0.4150390625,-0.15869140625,0.634765625,-0.32958984375,1.220703125,0.0244140625,0.40283203125,0.10986328125,-0.20751953125,0.09765625,0.67138671875,-0.0732421875,0.64697265625,-0.09765625,0.47607421875,0.03662109375,0.45166015625,0.341796875,0.0244140625,-0.0244140625,0.3173828125,0.03662109375,0.81787109375,-0.08544921875,0.28076171875,0.03662109375,0.28076171875,0.0244140625,1.40380859375,0.09765625,1.57470703125,-0.08544921875,0.86669921875,-0.0732421875,2.28271484375,0.08544921875,3.3203125,-0.15869140625,1.5625,-0.390625,0.03662109375,-0.2197265625,0.5859375,0.0732421875,-1.59912109375,-0.20751953125,-0.52490234375,-0.13427734375,-0.5859375,0.1953125,-1.47705078125,-0.06103515625,-0.68359375,0.13427734375,-0.72021484375,-0.18310546875,-0.6103515625,0.0244140625,-0.048828125,-0.0244140625,1.62353515625,-0.146484375,0.7568359375,0.048828125,0.5615234375,0.23193359375,7.82470703125,-0.28076171875,0.3173828125,-0.146484375,-0.03662109375,-0.048828125,-0.048828125,0.1220703125,0.1708984375,-0.1220703125,-0.01220703125,-0.03662109375,0.8544921875,-0.01220703125,-0.32958984375,-0.146484375,-0.29296875
0,0.0244140625,0.1220703125,-0.03662109375,-0.37841796875,0.30517578125,-0.42724609375,-0.146484375,-0.09765625,0.03662109375,-0.03662109375,-0.2685546875,-0.91552734375,0.28076171875,1.0498046875,-0.06103515625,-0.1953125,-0.09765625,-0.537109375,0.06103515625,-0.1708984375,-0.25634765625,0.89111328125,-0.1708984375,-0.57373046875,-0.146484375,-0.048828125,-0.1953125,-0.67138671875,0.048828125,0.87890625,-0.1708984375,0.37841796875,0.03662109375,-0.54931640625,-0.048828125,-1.025390625,-0.0732421875,-0.54931640625,-0.15869140625,-0.72021484375,0.10986328125,-0.244140625,0.03662109375,-0.7080078125,-0.048828125,-0.439453125,-0.10986328125,0.6103515625,-0.3173828125,1.318359375,0.03662109375,0.45166015625,0.0244140625,-0.15869140625,0,0.7080078125,-0.08544921875,0.6591796875,-0.1220703125,0.47607421875,0.06103515625,0.45166015625,0.4150390625,0.03662109375,-0.13427734375,0.42724609375,0.08544921875,0.89111328125,-0.1708984375,0.341796875,0.048828125,0.3662109375,0.23193359375,1.513671875,0.10986328125,1.72119140625,-0.146484375,0.96435546875,-0.01220703125,2.392578125,0.10986328125,3.18603515625,-0.23193359375,1.45263671875,-0.40283203125,-0.01220703125,-0.244140625,0.537109375,0.08544921875,-1.5380859375,-0.25634765625,-0.42724609375,-0.08544921875,-0.52490234375,0.23193359375,-0.927734375,-0.048828125,-0.69580078125,0.06103515625,-0.7080078125,-0.23193359375,-0.59814453125,-0.01220703125,-0.03662109375,-0.03662109375,1.66015625,-0.13427734375,0.79345703125,0,0.5615234375,0.244140625,8.06884765625,-0.29296875,0.32958984375,-0.146484375,-0.0244140625,-0.06103515625,-0.048828125,0.146484375,0.15869140625,-0.09765625,0.1220703125,0.06103515625,0.96435546875,0.03662109375,-0.1953125,-0.1220703125,-0.09765625
0,0.03662109375,0.09765625,0.01220703125,-0.3662109375,0.3173828125,-0.4150390625,-0.15869140625,-0.08544921875,0,-0.0732421875,-0.23193359375,-0.9033203125,0.244140625,1.03759765625,-0.06103515625,-0.15869140625,-0.146484375,-0.537109375,0.08544921875,-0.1708984375,-0.30517578125,0.9033203125,-0.20751953125,-0.5859375,-0.15869140625,-0.06103515625,-0.15869140625,-0.6591796875,0.01220703125,0.86669921875,-0.13427734375,0.15869140625,0.0244140625,-0.47607421875,0.048828125,-0.9033203125,0,-0.50048828125,-0.146484375,-0.68359375,0.1220703125,-0.25634765625,-0.01220703125,-0.7080078125,-0.06103515625,-0.4638671875,-0.048828125,0.59814453125,-0.341796875,1.318359375,0.10986328125,0.4638671875,0,-0.13427734375,-0.0244140625,0.732421875,-0.15869140625,0.67138671875,-0.0732421875,0.48828125,0.0244140625,0.45166015625,0.47607421875,0.0244140625,-0.2197265625,0.59814453125,0.18310546875,0.98876953125,-0.13427734375,0.4150390625,0.08544921875,0.47607421875,0.244140625,1.5380859375,0.06103515625,1.74560546875,-0.1953125,1.025390625,0.03662109375,2.4658203125,0.2197265625,2.9296875,-0.23193359375,1.30615234375,-0.3173828125,-0.09765625,-0.146484375,0.45166015625,0.048828125,-1.45263671875,-0.28076171875,-0.32958984375,0.01220703125,-0.42724609375,0.146484375,-0.25634765625,-0.08544921875,-0.69580078125,0.01220703125,-0.72021484375,-0.244140625,-0.5615234375,-0.06103515625,-0.03662109375,-0.048828125,1.59912109375,-0.0732421875,0.76904296875,-0.08544921875,0.5126953125,0.25634765625,8.04443359375,-0.29296875,0.32958984375,-0.1220703125,-0.0244140625,-0.048828125,-0.06103515625,0.10986328125,0.15869140625,-0.08544921875,0.3173828125,0,1.08642578125,0.01220703125,-0.048828125,-0.1220703125,0.13427734375
0,0.048828125,0.048828125,0.03662109375,-0.35400390625,0.30517578125,-0.42724609375,-0.146484375,-0.08544921875,-0.06103515625,-0.08544921875,-0.18310546875,-0.9033203125,0.18310546875,1.01318359375,-0.08544921875,-0.146484375,-0.1708984375,-0.5615234375,0.09765625,-0.15869140625,-0.25634765625,0.89111328125,-0.2197265625,-0.6103515625,-0.2197265625,-0.048828125,-0.18310546875,-0.68359375,-0.08544921875,0.93994140625,-0.15869140625,-0.06103515625,0,-0.4150390625,0.0732421875,-0.81787109375,0,-0.4638671875,-0.146484375,-0.6591796875,0.13427734375,-0.2685546875,-0.09765625,-0.72021484375,-0.01220703125,-0.47607421875,-0.01220703125,0.537109375,-0.439453125,1.26953125,0.15869140625,0.47607421875,-0.03662109375,-0.146484375,-0.06103515625,0.732421875,-0.1708984375,0.67138671875,-0.0732421875,0.48828125,0.08544921875,0.42724609375,0.50048828125,0.0244140625,-0.30517578125,0.76904296875,0.25634765625,1.1474609375,0,0.52490234375,0.1708984375,0.5859375,0.2197265625,1.4892578125,-0.0244140625,1.77001953125,-0.25634765625,1.025390625,0.0244140625,2.45361328125,0.15869140625,2.52685546875,-0.1953125,1.123046875,-0.244140625,-0.1953125,-0.0732421875,0.30517578125,0.01220703125,-1.3427734375,-0.32958984375,-0.18310546875,-0.01220703125,-0.30517578125,0.1953125,0.537109375,-0.10986328125,-0.68359375,-0.0732421875,-0.7080078125,-0.29296875,-0.5615234375,-0.0732421875,-0.048828125,0.01220703125,1.4404296875,-0.03662109375,0.67138671875,-0.146484375,0.439453125,0.15869140625,7.7392578125,-0.29296875,0.32958984375,-0.146484375,-0.01220703125,-0.0732421875,-0.048828125,0.10986328125,0.15869140625,-0.146484375,0.50048828125,0.03662109375,1.220703125,-0.01220703125,0.09765625,-0.1220703125,0.341796875
0,0.0244140625,-0.048828125,0.048828125,-0.341796875,0.30517578125,-0.439453125,-0.1220703125,-0.09765625,-0.09765625,-0.10986328125,-0.15869140625,-0.91552734375,0.13427734375,1.025390625,-0.09765625,-0.15869140625,-0.146484375,-0.5615234375,0.0732421875,-0.1708984375,-0.28076171875,0.9033203125,-0.25634765625,-0.6103515625,-0.2685546875,-0.03662109375,-0.15869140625,-0.64697265625,-0.1220703125,0.9765625,-0.1220703125,-0.15869140625,-0.0244140625,-0.390625,0.048828125,-0.78125,-0.01220703125,-0.45166015625,-0.18310546875,-0.6591796875,0.146484375,-0.28076171875,-0.146484375,-0.72021484375,0.0244140625,-0.47607421875,-0.0244140625,0.54931640625,-0.48828125,1.18408203125,0.23193359375,0.48828125,-0.0732421875,-0.13427734375,-0.09765625,0.68359375,-0.15869140625,0.67138671875,-0.1220703125,0.50048828125,0.09765625,0.45166015625,0.5615234375,0.0244140625,-0.37841796875,0.91552734375,0.2197265625,1.318359375,0,0.62255859375,0.08544921875,0.732421875,0.23193359375,1.3671875,-0.03662109375,1.74560546875,-0.23193359375,0.9765625,0.048828125,2.38037109375,0.15869140625,1.96533203125,-0.15869140625,0.9033203125,-0.10986328125,-0.35400390625,0,0.146484375,-0.03662109375,-1.220703125,-0.29296875,-0.048828125,-0.08544921875,-0.15869140625,0.09765625,1.416015625,-0.13427734375,-0.68359375,-0.09765625,-0.69580078125,-0.2685546875,-0.5859375,-0.06103515625,-0.048828125,0.048828125,1.26953125,-0.03662109375,0.52490234375,-0.146484375,0.3173828125,0.01220703125,7.2265625,-0.29296875,0.341796875,-0.13427734375,-0.0244140625,-0.06103515625,-0.03662109375,0.10986328125,0.15869140625,-0.10986328125,0.6591796875,0.09765625,1.26953125,0.01220703125,0.18310546875,-0.0732421875,0.48828125
0,0.0732421875,-0.146484375,0.06103515625,-0.3662109375,0.29296875,-0.439453125,-0.08544921875,-0.0732421875,-0.15869140625,-0.1220703125,-0.13427734375,-0.927734375,0.08544921875,1.03759765625,-0.1220703125,-0.15869140625,-0.1220703125,-0.5859375,0.048828125,-0.146484375,-0.23193359375,0.87890625,-0.2685546875,-0.6103515625,-0.28076171875,-0.01220703125,-0.1220703125,-0.634765625,-0.18310546875,1.025390625,-0.08544921875,-0.15869140625,-0.048828125,-0.4150390625,-0.01220703125,-0.81787109375,-0.06103515625,-0.45166015625,-0.13427734375,-0.67138671875,0.10986328125,-0.2685546875,-0.1953125,-0.732421875,0.048828125,-0.4638671875,-0.09765625,0.52490234375,-0.47607421875,1.0986328125,0.2197265625,0.50048828125,-0.06103515625,-0.1708984375,-0.1220703125,0.68359375,-0.1220703125,0.68359375,-0.10986328125,0.5126953125,0.10986328125,0.45166015625,0.537109375,0,-0.35400390625,1.13525390625,0.28076171875,1.46484375,0,0.72021484375,0.03662109375,0.84228515625,0.29296875,1.23291015625,-0.09765625,1.6357421875,-0.18310546875,0.8544921875,-0.01220703125,2.25830078125,0.20751953125,1.2939453125,-0.0732421875,0.64697265625,0.03662109375,-0.52490234375,0.09765625,-0.0732421875,-0.0732421875,-1.07421875,-0.23193359375,0.09765625,-0.13427734375,-0.0244140625,0.13427734375,2.30712890625,-0.13427734375,-0.69580078125,-0.10986328125,-0.67138671875,-0.2685546875,-0.57373046875,-0.06103515625,-0.048828125,0.10986328125,1.0498046875,0,0.341796875,-0.15869140625,0.15869140625,-0.09765625,6.5673828125,-0.3173828125,0.341796875,-0.1220703125,-0.01220703125,-0.06103515625,-0.0244140625,0.10986328125,0.1708984375,-0.09765625,0.78125,0.146484375,1.30615234375,0.0244140625,0.23193359375,-0.06103515625,0.5615234375
0,0.03662109375,-0.28076171875,0.0732421875,-0.3662109375,0.32958984375,-0.439453125,-0.10986328125,-0.0732421875,-0.146484375,-0.10986328125,-0.146484375,-0.91552734375,0,1.025390625,-0.146484375,-0.146484375,-0.0732421875,-0.5859375,0,-0.13427734375,-0.32958984375,0.87890625,-0.30517578125,-0.59814453125,-0.2685546875,0.048828125,-0.09765625,-0.59814453125,-0.2197265625,1.0986328125,-0.048828125,-0.048828125,-0.06103515625,-0.439453125,-0.09765625,-0.89111328125,-0.13427734375,-0.47607421875,-0.09765625,-0.7080078125,0.06103515625,-0.244140625,-0.2197265625,-0.732421875,0.0732421875,-0.439453125,-0.13427734375,0.52490234375,-0.48828125,1.025390625,0.23193359375,0.48828125,-0.03662109375,-0.20751953125,-0.20751953125,0.68359375,-0.0244140625,0.68359375,-0.1708984375,0.52490234375,0.13427734375,0.4638671875,0.52490234375,-0.03662109375,-0.29296875,1.2939453125,0.28076171875,1.59912109375,0.0244140625,0.81787109375,0,0.927734375,0.3662109375,1.123046875,-0.0732421875,1.52587890625,-0.08544921875,0.7080078125,-0.0244140625,2.1240234375,0.1708984375,0.57373046875,-0.01220703125,0.37841796875,0.1220703125,-0.74462890625,0.13427734375,-0.30517578125,-0.06103515625,-0.93994140625,-0.1708984375,0.2197265625,-0.2197265625,0.09765625,0,3.21044921875,-0.146484375,-0.69580078125,-0.08544921875,-0.64697265625,-0.2197265625,-0.5859375,-0.01220703125,-0.048828125,0.1708984375,0.87890625,0.01220703125,0.15869140625,-0.10986328125,0.01220703125,-0.15869140625,5.859375,-0.3173828125,0.35400390625,-0.10986328125,-0.01220703125,-0.0732421875,-0.0244140625,0.10986328125,0.15869140625,-0.13427734375,0.76904296875,0.1220703125,1.28173828125,0.0244140625,0.20751953125,-0.0732421875,0.537109375
0,0,-0.390625,0.0732421875,-0.37841796875,0.32958984375,-0.45166015625,-0.08544921875,-0.0732421875,-0.10986328125,-0.1220703125,-0.146484375,-0.93994140625,-0.03662109375,1.03759765625,-0.15869140625,-0.146484375,-0.06103515625,-0.57373046875,-0.0244140625,-0.146484375,-0.40283203125,0.84228515625,-0.341796875,-0.5859375,-0.25634765625,0.08544921875,-0.0244140625,-0.57373046875,-0.1953125,1.15966796875,-0.048828125,0.10986328125,-0.048828125,-0.48828125,-0.1220703125,-1.0009765625,-0.1708984375,-0.52490234375,-0.048828125,-0.76904296875,0,-0.28076171875,-0.2685546875,-0.732421875,0.0732421875,-0.42724609375,-0.20751953125,0.537109375,-0.4150390625,1.0009765625,0.244140625,0.48828125,0.0244140625,-0.23193359375,-0.341796875,0.68359375,0.0244140625,0.67138671875,-0.1953125,0.537109375,0.10986328125,0.50048828125,0.5615234375,-0.0244140625,-0.23193359375,1.35498046875,0.23193359375,1.66015625,0.06103515625,0.87890625,0.01220703125,0.96435546875,0.3173828125,1.06201171875,-0.06103515625,1.40380859375,0,0.57373046875,-0.09765625,1.9775390625,0.13427734375,-0.1220703125,0.09765625,0.15869140625,0.30517578125,-0.91552734375,0.2197265625,-0.50048828125,-0.048828125,-0.78125,-0.09765625,0.35400390625,-0.2685546875,0.23193359375,0.08544921875,4.1259765625,-0.146484375,-0.7080078125,-0.06103515625,-0.6591796875,-0.1708984375,-0.59814453125,0.01220703125,-0.048828125,0.2197265625,0.7080078125,0.03662109375,-0.0244140625,-0.03662109375,-0.09765625,-0.20751953125,5.21240234375,-0.3173828125,0.341796875,-0.0732421875,-0.01220703125,-0.048828125,0.01220703125,0.10986328125,0.15869140625,-0.13427734375,0.69580078125,0.18310546875,1.23291015625,0,0.09765625,-0.048828125,0.4150390625
0,0.0732421875,-0.48828125,0.08544921875,-0.390625,0.35400390625,-0.47607421875,-0.08544921875,-0.06103515625,-0.01220703125,-0.09765625,-0.1953125,-0.93994140625,-0.08544921875,1.0498046875,-0.1708984375,-0.15869140625,0.01220703125,-0.57373046875,-0.048828125,-0.146484375,-0.35400390625,0.86669921875,-0.3173828125,-0.59814453125,-0.2197265625,0.15869140625,0.01220703125,-0.537109375,-0.18310546875,1.23291015625,-0.08544921875,0.32958984375,-0.03662109375,-0.537109375,-0.06103515625,-1.13525390625,-0.20751953125,-0.54931640625,0,-0.79345703125,-0.06103515625,-0.28076171875,-0.341796875,-0.732421875,0.0732421875,-0.390625,-0.2197265625,0.5615234375,-0.4150390625,1.025390625,0.28076171875,0.5126953125,0.10986328125,-0.23193359375,-0.42724609375,0.68359375,0.08544921875,0.68359375,-0.1708984375,0.54931640625,0.048828125,0.5126953125,0.5615234375,-0.03662109375,-0.20751953125,1.42822265625,0.10986328125,1.66015625,0.03662109375,0.89111328125,0.0244140625,0.9765625,0.29296875,1.171875,-0.03662109375,1.3427734375,0.08544921875,0.52490234375,-0.1708984375,1.9287109375,0.08544921875,-0.68359375,0.1220703125,-0.03662109375,0.42724609375,-1.0498046875,0.244140625,-0.68359375,0.01220703125,-0.64697265625,-0.01220703125,0.45166015625,-0.244140625,0.341796875,-0.03662109375,4.98046875,-0.1953125,-0.69580078125,0,-0.64697265625,-0.1220703125,-0.6103515625,0.0244140625,-0.048828125,0.2197265625,0.5859375,0.048828125,-0.1220703125,0.0244140625,-0.18310546875,-0.146484375,4.7119140625,-0.3173828125,0.341796875,-0.0732421875,-0.0244140625,-0.0732421875,0.01220703125,0.0732421875,0.15869140625,-0.146484375,0.57373046875,0.23193359375,1.20849609375,0.0244140625,-0.0244140625,-0.0732421875,0.244140625
0,0.048828125,-0.54931640625,0.09765625,-0.40283203125,0.35400390625,-0.48828125,-0.08544921875,-0.09765625,0.09765625,-0.06103515625,-0.2685546875,-0.93994140625,-0.1220703125,1.0498046875,-0.15869140625,-0.1708984375,0.0732421875,-0.5859375,-0.048828125,-0.13427734375,-0.4638671875,0.81787109375,-0.29296875,-0.59814453125,-0.20751953125,0.1708984375,0.06103515625,-0.5126953125,-0.146484375,1.23291015625,-0.09765625,0.50048828125,-0.048828125,-0.5859375,-0.01220703125,-1.23291015625,-0.25634765625,-0.57373046875,0.048828125,-0.81787109375,-0.09765625,-0.2685546875,-0.3662109375,-0.732421875,0.048828125,-0.3662109375,-0.20751953125,0.5859375,-0.390625,1.11083984375,0.28076171875,0.52490234375,0.15869140625,-0.244140625,-0.48828125,0.72021484375,0.09765625,0.68359375,-0.1708984375,0.52490234375,0,0.5126953125,0.52490234375,-0.0244140625,-0.1708984375,1.3916015625,0.03662109375,1.611328125,0,0.86669921875,0.0244140625,0.93994140625,0.23193359375,1.47705078125,-0.0244140625,1.416015625,0.13427734375,0.57373046875,-0.20751953125,2.001953125,0.146484375,-1.06201171875,0.13427734375,-0.146484375,0.50048828125,-1.13525390625,0.2197265625,-0.78125,0.0732421875,-0.52490234375,0.048828125,0.5126953125,-0.2197265625,0.45166015625,-0.10986328125,5.7373046875,-0.1708984375,-0.7080078125,0.01220703125,-0.67138671875,-0.048828125,-0.6103515625,0.08544921875,-0.03662109375,0.2197265625,0.52490234375,0.06103515625,-0.2197265625,0.1220703125,-0.20751953125,-0.10986328125,4.443359375,-0.3173828125,0.35400390625,-0.06103515625,-0.03662109375,-0.048828125,0.01220703125,0.06103515625,0.18310546875,-0.1220703125,0.439453125,0.30517578125,1.26953125,0.03662109375,-0.09765625,-0.06103515625,0.09765625
1,0,-0.54931640625,0.08544921875,-0.42724609375,0.3662109375,-0.50048828125,-0.10986328125,-0.09765625,0.15869140625,-0.0732421875,-0.32958984375,-0.93994140625,-0.18310546875,1.07421875,-0.1220703125,-0.1953125,0.08544921875,-0.5615234375,-0.048828125,-0.1220703125,-0.439453125,0.81787109375,-0.244140625,-0.59814453125,-0.1708984375,0.15869140625,0.09765625,-0.52490234375,-0.15869140625,1.220703125,-0.10986328125,0.5859375,-0.08544921875,-0.5859375,0.09765625,-1.2939453125,-0.244140625,-0.57373046875,0.03662109375,-0.830078125,-0.13427734375,-0.2685546875,-0.32958984375,-0.732421875,-0.0244140625,-0.3662109375,-0.23193359375,0.59814453125,-0.35400390625,1.1962890625,0.18310546875,0.57373046875,0.1953125,-0.2197265625,-0.5615234375,0.74462890625,0.08544921875,0.68359375,-0.20751953125,0.5126953125,-0.0244140625,0.52490234375,0.48828125,0,-0.10986328125,1.2939453125,-0.01220703125,1.5380859375,-0.0732421875,0.79345703125,0.0244140625,0.8544921875,0.10986328125,2.05078125,-0.0244140625,1.57470703125,0.10986328125,0.7568359375,-0.20751953125,2.24609375,0.09765625,-1.220703125,0.1220703125,-0.18310546875,0.52490234375,-1.171875,0.146484375,-0.8056640625,0.08544921875,-0.439453125,0.10986328125,0.537109375,-0.15869140625,0.5126953125,-0.09765625,6.33544921875,-0.15869140625,-0.7080078125,0,-0.68359375,0.01220703125,-0.59814453125,0.1220703125,-0.03662109375,0.13427734375,0.537109375,0.03662109375,-0.23193359375,0.15869140625,-0.23193359375,-0.09765625,4.40673828125,-0.32958984375,0.341796875,-0.0244140625,-0.03662109375,-0.06103515625,0.01220703125,0.03662109375,0.18310546875,-0.15869140625,0.40283203125,0.28076171875,1.46484375,0.0244140625,-0.08544921875,-0.10986328125,0.0732421875
1,-0.01220703125,-0.5126953125,0.08544921875,-0.40283203125,0.3662109375,-0.4638671875,-0.146484375,-0.10986328125,0.1953125,-0.048828125,-0.40283203125,-0.93994140625,-0.244140625,1.06201171875,-0.146484375,-0.18310546875,0.0732421875,-0.5615234375,-0.03662109375,-0.146484375,-0.45166015625,0.830078125,-0.20751953125,-0.5859375,-0.1220703125,0.13427734375,0.146484375,-0.57373046875,-0.18310546875,1.15966796875,-0.048828125,0.5859375,-0.13427734375,-0.5859375,0.09765625,-1.30615234375,-0.28076171875,-0.5859375,0,-0.86669921875,-0.146484375,-0.2685546875,-0.28076171875,-0.72021484375,-0.10986328125,-0.37841796875,-0.18310546875,0.57373046875,-0.4150390625,1.28173828125,0.1953125,0.5615234375,0.25634765625,-0.20751953125,-0.59814453125,0.76904296875,0.06103515625,0.69580078125,-0.2197265625,0.48828125,-0.01220703125,0.52490234375,0.37841796875,0.01220703125,-0.0732421875,1.15966796875,-0.0732421875,1.3916015625,-0.18310546875,0.69580078125,0.03662109375,0.7568359375,0.0732421875,2.79541015625,-0.01220703125,1.89208984375,0.13427734375,1.0986328125,-0.146484375,2.63671875,0.1708984375,-1.0986328125,0.0732421875,-0.10986328125,0.4638671875,-1.13525390625,0.0244140625,-0.72021484375,0.1220703125,-0.40283203125,0.13427734375,0.52490234375,-0.0732421875,0.57373046875,-0.1220703125,6.70166015625,-0.13427734375,-0.7080078125,-0.03662109375,-0.69580078125,0,-0.5859375,0.146484375,-0.03662109375,0.06103515625,0.6103515625,0,-0.18310546875,0.23193359375,-0.18310546875,-0.0732421875,4.5654296875,-0.3173828125,0.341796875,-0.03662109375,-0.048828125,-0.06103515625,-0.01220703125,0.048828125,0.1953125,-0.146484375,0.47607421875,0.341796875,1.81884765625,0.08544921875,0.0732421875,-0.10986328125,0.20751953125
1,-0.06103515625,-0.45166015625,0.10986328125,-0.4150390625,0.3662109375,-0.45166015625,-0.146484375,-0.09765625,0.23193359375,-0.03662109375,-0.4150390625,-0.93994140625,-0.25634765625,1.06201171875,-0.15869140625,-0.1953125,0.048828125,-0.57373046875,0,-0.13427734375,-0.52490234375,0.830078125,-0.18310546875,-0.6103515625,-0.06103515625,0.06103515625,0.13427734375,-0.6103515625,-0.18310546875,1.11083984375,0.048828125,0.4638671875,-0.15869140625,-0.59814453125,0.1708984375,-1.26953125,-0.28076171875,-0.57373046875,0.03662109375,-0.84228515625,-0.18310546875,-0.2685546875,-0.146484375,-0.72021484375,-0.1953125,-0.3662109375,-0.1953125,0.5859375,-0.32958984375,1.2939453125,0.2197265625,0.57373046875,0.28076171875,-0.1708984375,-0.5859375,0.78125,0.048828125,0.7080078125,-0.23193359375,0.47607421875,0.01220703125,0.48828125,0.30517578125,0.0244140625,-0.01220703125,0.9765625,-0.1220703125,1.26953125,-0.23193359375,0.5615234375,0.048828125,0.634765625,-0.06103515625,3.77197265625,-0.01220703125,2.40478515625,0.1220703125,1.5869140625,-0.08544921875,3.21044921875,0.2685546875,-0.67138671875,0.048828125,0.06103515625,0.37841796875,-1.01318359375,-0.1220703125,-0.5859375,0.146484375,-0.4150390625,0.13427734375,0.48828125,0.03662109375,0.57373046875,-0.048828125,6.7626953125,-0.0732421875,-0.69580078125,-0.048828125,-0.68359375,-0.03662109375,-0.57373046875,0.20751953125,-0.03662109375,0.01220703125,0.6591796875,-0.0244140625,-0.13427734375,0.2685546875,-0.1220703125,-0.0732421875,4.84619140625,-0.3173828125,0.341796875,-0.01220703125,-0.06103515625,-0.048828125,-0.0244140625,0.048828125,0.1708984375,-0.1220703125,0.78125,0.23193359375,2.40478515625,0.08544921875,0.35400390625,-0.08544921875,0.5859375
1,-0.06103515625,-0.3662109375,0.10986328125,-0.42724609375,0.32958984375,-0.4638671875,-0.1220703125,-0.1220703125,0.23193359375,-0.048828125,-0.40283203125,-0.91552734375,-0.28076171875,1.07421875,-0.1708984375,-0.2197265625,0.01220703125,-0.59814453125,-0.01220703125,-0.146484375,-0.4638671875,0.830078125,-0.146484375,-0.59814453125,-0.0244140625,0.01220703125,0.1220703125,-0.67138671875,-0.2685546875,1.03759765625,0.03662109375,0.30517578125,-0.18310546875,-0.54931640625,0.1953125,-1.20849609375,-0.32958984375,-0.54931640625,0.03662109375,-0.84228515625,-0.20751953125,-0.2685546875,-0.06103515625,-0.68359375,-0.244140625,-0.3662109375,-0.18310546875,0.59814453125,-0.3173828125,1.28173828125,0.25634765625,0.57373046875,0.2685546875,-0.15869140625,-0.57373046875,0.78125,0,0.68359375,-0.20751953125,0.4638671875,-0.01220703125,0.45166015625,0.20751953125,0.01220703125,0,0.81787109375,-0.146484375,1.15966796875,-0.244140625,0.42724609375,0.0244140625,0.52490234375,-0.1220703125,4.931640625,-0.01220703125,2.9541015625,0.09765625,2.18505859375,0,3.86962890625,0.2197265625,-0.0244140625,-0.01220703125,0.29296875,0.28076171875,-0.84228515625,-0.23193359375,-0.3662109375,0.15869140625,-0.47607421875,0.08544921875,0.4150390625,0.08544921875,0.50048828125,0.0244140625,6.48193359375,-0.01220703125,-0.69580078125,-0.06103515625,-0.69580078125,-0.09765625,-0.57373046875,0.2197265625,-0.03662109375,0,0.732421875,-0.06103515625,-0.0732421875,0.28076171875,-0.06103515625,-0.06103515625,5.13916015625,-0.32958984375,0.341796875,0,-0.0732421875,-0.0732421875,-0.01220703125,0.06103515625,0.18310546875,-0.146484375,1.25732421875,0.15869140625,3.1982421875,0.048828125,0.8056640625,-0.10986328125,1.18408203125
1,-0.048828125,-0.28076171875,0.1220703125,-0.390625,0.29296875,-0.45166015625,-0.10986328125,-0.1220703125,0.18310546875,-0.048828125,-0.3662109375,-0.91552734375,-0.3173828125,1.0498046875,-0.1953125,-0.18310546875,-0.01220703125,-0.59814453125,-0.0244140625,-0.15869140625,-0.439453125,0.830078125,-0.18310546875,-0.59814453125,0,-0.06103515625,0.15869140625,-0.7080078125,-0.28076171875,0.98876953125,0.06103515625,0.0732421875,-0.18310546875,-0.54931640625,0.2685546875,-1.13525390625,-0.30517578125,-0.52490234375,0.03662109375,-0.84228515625,-0.1708984375,-0.23193359375,0.0244140625,-0.7080078125,-0.244140625,-0.42724609375,-0.13427734375,0.57373046875,-0.3662109375,1.1962890625,0.341796875,0.54931640625,0.2685546875,-0.1708984375,-0.52490234375,0.7568359375,-0.06103515625,0.69580078125,-0.1708984375,0.45166015625,-0.01220703125,0.390625,0.03662109375,0.0244140625,0,0.67138671875,-0.13427734375,1.03759765625,-0.30517578125,0.32958984375,-0.0244140625,0.45166015625,-0.08544921875,6.1279296875,-0.03662109375,3.57666015625,0.0732421875,2.8564453125,0.06103515625,4.638671875,0.35400390625,0.79345703125,-0.08544921875,0.62255859375,0.0732421875,-0.6103515625,-0.25634765625,-0.09765625,0.146484375,-0.59814453125,0.048828125,0.3173828125,0.13427734375,0.40283203125,0.08544921875,5.89599609375,0.0244140625,-0.68359375,-0.03662109375,-0.68359375,-0.1220703125,-0.57373046875,0.2685546875,-0.048828125,-0.01220703125,0.76904296875,-0.13427734375,-0.0244140625,0.244140625,-0.048828125,-0.048828125,5.2978515625,-0.32958984375,0.32958984375,0.01220703125,-0.06103515625,-0.06103515625,-0.06103515625,0.03662109375,0.15869140625,-0.10986328125,1.89208984375,0.1708984375,4.11376953125,0.06103515625,1.3671875,-0.06103515625,1.9775390625
1,-0.01220703125,-0.18310546875,0.13427734375,-0.3662109375,0.2685546875,-0.4638671875,-0.10986328125,-0.09765625,0.15869140625,-0.08544921875,-0.32958984375,-0.9033203125,-0.3173828125,1.03759765625,-0.2197265625,-0.1708984375,-0.0244140625,-0.6103515625,-0.01220703125,-0.18310546875,-0.42724609375,0.84228515625,-0.244140625,-0.5859375,-0.01220703125,-0.08544921875,0.09765625,-0.732421875,-0.32958984375,0.9765625,0.03662109375,-0.08544921875,-0.146484375,-0.52490234375,0.341796875,-1.06201171875,-0.2685546875,-0.5126953125,0.10986328125,-0.830078125,-0.1220703125,-0.23193359375,0.0732421875,-0.69580078125,-0.2197265625,-0.45166015625,-0.0732421875,0.57373046875,-0.3662109375,1.06201171875,0.3173828125,0.50048828125,0.2685546875,-0.18310546875,-0.50048828125,0.732421875,-0.146484375,0.68359375,-0.1708984375,0.45166015625,-0.03662109375,0.3662109375,-0.03662109375,0,0,0.5859375,-0.13427734375,1.0009765625,-0.1953125,0.244140625,0,0.390625,0.0244140625,7.373046875,-0.06103515625,4.2236328125,0.048828125,3.52783203125,0.09765625,5.35888671875,0.4150390625,1.7333984375,-0.1220703125,0.98876953125,-0.10986328125,-0.3662109375,-0.20751953125,0.18310546875,0.10986328125,-0.732421875,0.01220703125,0.18310546875,0.2197265625,0.2685546875,0.18310546875,5.0048828125,0.03662109375,-0.7080078125,-0.0244140625,-0.68359375,-0.146484375,-0.5615234375,0.2197265625,-0.048828125,0.0244140625,0.74462890625,-0.20751953125,-0.0732421875,0.23193359375,-0.08544921875,-0.06103515625,5.2490234375,-0.32958984375,0.32958984375,0.0244140625,-0.048828125,-0.0732421875,-0.08544921875,0.048828125,0.146484375,-0.1708984375,2.7099609375,0.08544921875,5.078125,0.0244140625,1.98974609375,-0.08544921875,2.880859375
1,0,-0.09765625,0.1220703125,-0.341796875,0.1953125,-0.47607421875,-0.09765625,-0.0732421875,0.13427734375,-0.10986328125,-0.30517578125,-0.9033203125,-0.3173828125,1.025390625,-0.28076171875,-0.1220703125,-0.03662109375,-0.62255859375,-0.0244140625,-0.1708984375,-0.341796875,0.84228515625,-0.3173828125,-0.6103515625,-0.0244140625,-0.13427734375,0.0244140625,-0.74462890625,-0.35400390625,0.9521484375,-0.0244140625,-0.1953125,-0.10986328125,-0.50048828125,0.32958984375,-1.01318359375,-0.23193359375,-0.4638671875,0.09765625,-0.81787109375,-0.08544921875,-0.20751953125,0.09765625,-0.68359375,-0.1953125,-0.4638671875,-0.13427734375,0.57373046875,-0.57373046875,0.93994140625,0.341796875,0.47607421875,0.25634765625,-0.20751953125,-0.45166015625,0.7080078125,-0.23193359375,0.68359375,-0.15869140625,0.4638671875,0.03662109375,0.3662109375,-0.15869140625,0,-0.0732421875,0.537109375,-0.1953125,1.01318359375,-0.20751953125,0.2197265625,-0.10986328125,0.35400390625,0.15869140625,8.5205078125,0,4.7607421875,0.09765625,4.150390625,0.15869140625,6.0302734375,0.42724609375,2.69775390625,-0.1708984375,1.3671875,-0.25634765625,-0.08544921875,-0.1220703125,0.4638671875,0.08544921875,-0.91552734375,-0.0244140625,0.048828125,0.25634765625,0.09765625,0.2197265625,3.90625,-0.01220703125,-0.7080078125,-0.048828125,-0.6591796875,-0.1708984375,-0.5859375,0.15869140625,-0.0732421875,0.0244140625,0.634765625,-0.2685546875,-0.146484375,0.18310546875,-0.1708984375,0.06103515625,4.87060546875,-0.341796875,0.35400390625,0.03662109375,-0.03662109375,-0.06103515625,-0.09765625,0.048828125,0.15869140625,-0.146484375,3.515625,0.25634765625,6.04248046875,0.06103515625,2.62451171875,-0.0244140625,3.80859375
1,0,-0.03662109375,0.146484375,-0.3173828125,0.1708984375,-0.4638671875,-0.09765625,-0.048828125,0.1220703125,-0.13427734375,-0.3173828125,-0.9033203125,-0.29296875,1.025390625,-0.3173828125,-0.13427734375,-0.0732421875,-0.62255859375,-0.048828125,-0.18310546875,-0.32958984375,0.84228515625,-0.341796875,-0.59814453125,0,-0.146484375,0,-0.732421875,-0.28076171875,0.9765625,0.01220703125,-0.2197265625,-0.03662109375,-0.50048828125,0.341796875,-0.9765625,-0.15869140625,-0.439453125,0.146484375,-0.81787109375,-0.0732421875,-0.1953125,0.08544921875,-0.69580078125,-0.13427734375,-0.4638671875,-0.1708984375,0.5615234375,-0.7080078125,0.76904296875,0.3662109375,0.47607421875,0.25634765625,-0.244140625,-0.37841796875,0.6591796875,-0.25634765625,0.68359375,-0.146484375,0.47607421875,0.08544921875,0.35400390625,-0.23193359375,-0.01220703125,-0.06103515625,0.52490234375,-0.23193359375,1.025390625,-0.1953125,0.20751953125,-0.20751953125,0.341796875,0.10986328125,9.50927734375,0.0244140625,5.224609375,0.1220703125,4.638671875,0.1220703125,6.57958984375,0.341796875,3.62548828125,-0.18310546875,1.72119140625,-0.341796875,0.1708984375,-0.0244140625,0.7568359375,0.01220703125,-1.11083984375,-0.03662109375,-0.0732421875,0.3662109375,-0.09765625,0.2197265625,2.7099609375,-0.0732421875,-0.69580078125,-0.03662109375,-0.68359375,-0.1708984375,-0.57373046875,0.08544921875,-0.0732421875,0.03662109375,0.4638671875,-0.29296875,-0.30517578125,0.15869140625,-0.30517578125,0.048828125,4.19921875,-0.32958984375,0.341796875,0.048828125,-0.03662109375,-0.06103515625,-0.10986328125,0.048828125,0.15869140625,-0.15869140625,4.28466796875,0.2685546875,6.89697265625,0.048828125,3.18603515625,-0.048828125,4.65087890625
1,0.01220703125,0.0244140625,0.15869140625,-0.341796875,0.146484375,-0.4638671875,-0.08544921875,-0.03662109375,0.1220703125,-0.13427734375,-0.35400390625,-0.89111328125,-0.25634765625,1.0009765625,-0.35400390625,-0.1220703125,-0.09765625,-0.62255859375,-0.06103515625,-0.20751953125,-0.341796875,0.8544921875,-0.341796875,-0.6103515625,-0.0244140625,-0.1220703125,-0.0732421875,-0.72021484375,-0.1953125,0.9765625,-0.0244140625,-0.146484375,0,-0.52490234375,0.244140625,-0.98876953125,-0.146484375,-0.45166015625,0.1708984375,-0.830078125,-0.048828125,-0.18310546875,0.09765625,-0.7080078125,-0.08544921875,-0.439453125,-0.1953125,0.57373046875,-0.74462890625,0.67138671875,0.390625,0.47607421875,0.20751953125,-0.28076171875,-0.341796875,0.6591796875,-0.3173828125,0.6591796875,-0.20751953125,0.48828125,0.13427734375,0.37841796875,-0.2685546875,-0.01220703125,-0.06103515625,0.54931640625,-0.1953125,1.06201171875,-0.06103515625,0.28076171875,-0.18310546875,0.35400390625,0.15869140625,10.33935546875,0.09765625,5.52978515625,0.18310546875,4.98046875,0.13427734375,6.982421875,0.1953125,4.4677734375,-0.18310546875,2.08740234375,-0.3662109375,0.40283203125,0.048828125,1.025390625,-0.0732421875,-1.28173828125,-0.03662109375,-0.20751953125,0.4638671875,-0.29296875,0.18310546875,1.57470703125,-0.10986328125,-0.7080078125,-0.048828125,-0.67138671875,-0.146484375,-0.5859375,-0.03662109375,-0.0732421875,-0.01220703125,0.2197265625,-0.32958984375,-0.537109375,0.10986328125,-0.48828125,0.048828125,3.2958984375,-0.3173828125,0.341796875,0.06103515625,-0.0244140625,-0.06103515625,-0.1220703125,0.048828125,0.15869140625,-0.1220703125,4.9072265625,0.2685546875,7.55615234375,0.1220703125,3.60107421875,0,5.322265625
1,0.01220703125,0.03662109375,0.15869140625,-0.3173828125,0.146484375,-0.47607421875,-0.09765625,-0.048828125,0.1220703125,-0.13427734375,-0.390625,-0.91552734375,-0.2197265625,1.01318359375,-0.37841796875,-0.1220703125,-0.09765625,-0.59814453125,-0.0732421875,-0.18310546875,-0.29296875,0.8544921875,-0.35400390625,-0.62255859375,-0.0244140625,-0.10986328125,-0.18310546875,-0.7080078125,-0.08544921875,0.9765625,-0.048828125,0.01220703125,0.01220703125,-0.537109375,0.13427734375,-1.025390625,-0.10986328125,-0.47607421875,0.1953125,-0.830078125,-0.0244140625,-0.1953125,0.146484375,-0.72021484375,-0.0732421875,-0.42724609375,-0.20751953125,0.57373046875,-0.732421875,0.59814453125,0.341796875,0.48828125,0.13427734375,-0.30517578125,-0.3173828125,0.64697265625,-0.341796875,0.634765625,-0.18310546875,0.48828125,0.25634765625,0.40283203125,-0.35400390625,-0.01220703125,-0.146484375,0.59814453125,-0.23193359375,1.07421875,-0.048828125,0.32958984375,-0.30517578125,0.390625,0.0732421875,10.87646484375,0.13427734375,5.70068359375,0.23193359375,5.2001953125,0.0244140625,7.21435546875,0.09765625,5.17578125,-0.1708984375,2.3681640625,-0.30517578125,0.59814453125,0.06103515625,1.23291015625,-0.146484375,-1.4404296875,-0.03662109375,-0.30517578125,0.5126953125,-0.42724609375,0.10986328125,0.62255859375,-0.146484375,-0.72021484375,-0.06103515625,-0.6591796875,-0.13427734375,-0.6103515625,-0.09765625,-0.06103515625,-0.048828125,-0.06103515625,-0.32958984375,-0.79345703125,0.08544921875,-0.72021484375,0.048828125,2.25830078125,-0.30517578125,0.341796875,0.06103515625,0,-0.0732421875,-0.09765625,0.0732421875,0.15869140625,-0.1708984375,5.2978515625,0.244140625,7.97119140625,0.146484375,3.84521484375,-0.048828125,5.7373046875
1,0.048828125,0.048828125,0.18310546875,-0.341796875,0.146484375,-0.45166015625,-0.09765625,-0.06103515625,0.10986328125,-0.1220703125,-0.40283203125,-0.93994140625,-0.18310546875,0.98876953125,-0.3662109375,-0.13427734375,-0.10986328125,-0.59814453125,-0.048828125,-0.18310546875,-0.25634765625,0.84228515625,-0.341796875,-0.59814453125,0,-0.09765625,-0.244140625,-0.68359375,0.0732421875,0.96435546875,-0.0732421875,0.15869140625,0.01220703125,-0.537109375,0.0732421875,-1.0498046875,-0.06103515625,-0.4638671875,0.244140625,-0.830078125,0.03662109375,-0.20751953125,0.1708984375,-0.7080078125,-0.01220703125,-0.439453125,-0.23193359375,0.5615234375,-0.69580078125,0.634765625,0.30517578125,0.52490234375,0.13427734375,-0.30517578125,-0.244140625,0.6591796875,-0.32958984375,0.6103515625,-0.1953125,0.50048828125,0.32958984375,0.439453125,-0.37841796875,-0.01220703125,-0.1220703125,0.64697265625,-0.28076171875,1.123046875,0.01220703125,0.4150390625,-0.28076171875,0.42724609375,0,11.181640625,0.15869140625,5.77392578125,0.244140625,5.26123046875,-0.06103515625,7.32421875,0.0244140625,5.72509765625,-0.146484375,2.62451171875,-0.23193359375,0.7568359375,0.048828125,1.3916015625,-0.2197265625,-1.5380859375,-0.03662109375,-0.37841796875,0.62255859375,-0.54931640625,0.03662109375,-0.09765625,-0.1708984375,-0.7080078125,-0.0244140625,-0.67138671875,-0.13427734375,-0.62255859375,-0.1220703125,-0.06103515625,-0.06103515625,-0.35400390625,-0.28076171875,-1.08642578125,0.0732421875,-0.927734375,0.08544921875,1.18408203125,-0.2685546875,0.341796875,0.0732421875,0.01220703125,-0.06103515625,-0.09765625,0.06103515625,0.1953125,-0.18310546875,5.46875,0.1708984375,8.16650390625,0.13427734375,3.91845703125,-0.09765625,5.9326171875
1,0.0244140625,0,0.18310546875,-0.341796875,0.146484375,-0.4638671875,-0.09765625,-0.0732421875,0.1220703125,-0.10986328125,-0.42724609375,-0.93994140625,-0.15869140625,1.0009765625,-0.37841796875,-0.146484375,-0.10986328125,-0.5859375,-0.03662109375,-0.18310546875,-0.1708984375,0.8544921875,-0.32958984375,-0.6103515625,0.03662109375,-0.0732421875,-0.28076171875,-0.68359375,0.1708984375,0.9521484375,-0.146484375,0.3173828125,0,-0.537109375,0.0732421875,-1.08642578125,-0.01220703125,-0.48828125,0.244140625,-0.81787109375,0.08544921875,-0.1953125,0.244140625,-0.72021484375,0.01220703125,-0.439453125,-0.2685546875,0.59814453125,-0.69580078125,0.7080078125,0.2685546875,0.537109375,0.08544921875,-0.29296875,-0.15869140625,0.67138671875,-0.29296875,0.634765625,-0.244140625,0.5126953125,0.29296875,0.47607421875,-0.32958984375,0.0244140625,-0.146484375,0.67138671875,-0.3662109375,1.123046875,0.048828125,0.48828125,-0.23193359375,0.45166015625,-0.06103515625,11.24267578125,0.244140625,5.70068359375,0.2685546875,5.2001953125,-0.10986328125,7.23876953125,0,6.0791015625,-0.10986328125,2.7587890625,-0.08544921875,0.87890625,0.06103515625,1.4892578125,-0.23193359375,-1.5869140625,-0.048828125,-0.40283203125,0.57373046875,-0.6103515625,0,-0.5126953125,-0.1708984375,-0.72021484375,0.0244140625,-0.68359375,-0.10986328125,-0.6103515625,-0.13427734375,-0.06103515625,-0.0244140625,-0.57373046875,-0.244140625,-1.318359375,0.06103515625,-1.11083984375,0.10986328125,0.30517578125,-0.25634765625,0.341796875,0.0732421875,0.0244140625,-0.0732421875,-0.0732421875,0.09765625,0.18310546875,-0.1953125,5.40771484375,0.2685546875,8.09326171875,0.1708984375,3.8330078125,-0.09765625,5.84716796875
1,0.03662109375,0.01220703125,0.20751953125,-0.3662109375,0.1220703125,-0.45166015625,-0.09765625,-0.0732421875,0.10986328125,-0.0732421875,-0.390625,-0.91552734375,-0.09765625,1.01318359375,-0.390625,-0.146484375,-0.09765625,-0.6103515625,0,-0.1708984375,-0.1220703125,0.9033203125,-0.32958984375,-0.6103515625,0.06103515625,-0.048828125,-0.341796875,-0.64697265625,0.2197265625,0.927734375,-0.1708984375,0.42724609375,-0.048828125,-0.5126953125,0.1220703125,-1.07421875,0.048828125,-0.4638671875,0.20751953125,-0.79345703125,0.08544921875,-0.20751953125,0.29296875,-0.72021484375,0.048828125,-0.4150390625,-0.2685546875,0.5859375,-0.68359375,0.830078125,0.1708984375,0.57373046875,0.01220703125,-0.25634765625,-0.0244140625,0.69580078125,-0.2685546875,0.6591796875,-0.25634765625,0.50048828125,0.3173828125,0.48828125,-0.28076171875,0.01220703125,-0.1220703125,0.68359375,-0.30517578125,1.1474609375,0.03662109375,0.54931640625,-0.15869140625,0.47607421875,-0.244140625,11.07177734375,0.20751953125,5.56640625,0.1953125,5.0537109375,-0.1953125,7.080078125,-0.01220703125,6.23779296875,-0.08544921875,2.8564453125,0.0244140625,0.9033203125,0.0244140625,1.52587890625,-0.20751953125,-1.5869140625,-0.06103515625,-0.4150390625,0.5126953125,-0.6103515625,-0.0732421875,-0.69580078125,-0.146484375,-0.68359375,0.048828125,-0.69580078125,-0.10986328125,-0.62255859375,-0.10986328125,-0.048828125,0.01220703125,-0.72021484375,-0.2197265625,-1.46484375,0.03662109375,-1.1962890625,0.15869140625,-0.244140625,-0.244140625,0.341796875,0.06103515625,0,-0.06103515625,-0.0732421875,0.1220703125,0.20751953125,-0.15869140625,5.16357421875,0.30517578125,7.82470703125,0.20751953125,3.61328125,-0.09765625,5.615234375
0,0.08544921875,-0.03662109375,0.25634765625,-0.3662109375,0.09765625,-0.42724609375,-0.048828125,-0.0732421875,0.0732421875,-0.03662109375,-0.341796875,-0.927734375,-0.048828125,1.025390625,-0.4150390625,-0.13427734375,-0.08544921875,-0.6103515625,0.03662109375,-0.1953125,-0.10986328125,0.91552734375,-0.32958984375,-0.6103515625,0.09765625,-0.048828125,-0.3662109375,-0.67138671875,0.1953125,0.89111328125,-0.1953125,0.4638671875,-0.13427734375,-0.52490234375,0.244140625,-1.08642578125,0.06103515625,-0.48828125,0.2197265625,-0.76904296875,0.0732421875,-0.2197265625,0.30517578125,-0.72021484375,0.09765625,-0.439453125,-0.28076171875,0.5859375,-0.6103515625,0.98876953125,0.1220703125,0.59814453125,-0.0732421875,-0.244140625,0.10986328125,0.732421875,-0.2685546875,0.67138671875,-0.29296875,0.50048828125,0.35400390625,0.48828125,-0.18310546875,0.0244140625,-0.0732421875,0.7080078125,-0.2197265625,1.13525390625,0,0.5859375,-0.10986328125,0.5126953125,-0.29296875,10.7177734375,0.244140625,5.3466796875,0.10986328125,4.82177734375,-0.2197265625,6.8603515625,-0.0244140625,6.25,-0.0244140625,2.8076171875,0.08544921875,0.89111328125,0.01220703125,1.5380859375,-0.146484375,-1.5625,-0.0732421875,-0.390625,0.45166015625,-0.6103515625,-0.03662109375,-0.68359375,-0.1708984375,-0.68359375,0.0732421875,-0.69580078125,-0.09765625,-0.6103515625,-0.09765625,-0.06103515625,0.0244140625,-0.74462890625,-0.20751953125,-1.5380859375,0.0244140625,-1.220703125,0.2685546875,-0.40283203125,-0.25634765625,0.341796875,0.06103515625,-0.01220703125,-0.08544921875,-0.0732421875,0.10986328125,0.1953125,-0.18310546875,4.7607421875,0.20751953125,7.40966796875,0.20751953125,3.35693359375,-0.09765625,5.224609375
0,0.06103515625,-0.09765625,0.244140625,-0.35400390625,0.08544921875,-0.42724609375,-0.03662109375,-0.048828125,0.01220703125,-0.048828125,-0.28076171875,-0.91552734375,0.0244140625,1.0498046875,-0.4150390625,-0.13427734375,-0.06103515625,-0.5859375,0.08544921875,-0.18310546875,-0.146484375,0.9521484375,-0.3662109375,-0.62255859375,0.15869140625,-0.03662109375,-0.32958984375,-0.67138671875,0.1953125,0.86669921875,-0.146484375,0.42724609375,-0.1708984375,-0.4638671875,0.25634765625,-1.06201171875,0.0244140625,-0.50048828125,0.15869140625,-0.7568359375,0.0244140625,-0.23193359375,0.32958984375,-0.732421875,0.146484375,-0.40283203125,-0.20751953125,0.59814453125,-0.4638671875,1.1474609375,0.10986328125,0.57373046875,-0.10986328125,-0.2197265625,0.146484375,0.7568359375,-0.244140625,0.68359375,-0.28076171875,0.47607421875,0.4150390625,0.47607421875,-0.1220703125,0.0244140625,-0.0244140625,0.732421875,-0.1220703125,1.171875,-0.1220703125,0.62255859375,-0.08544921875,0.54931640625,-0.25634765625,10.2294921875,0.2685546875,5.1025390625,0.01220703125,4.55322265625,-0.244140625,6.57958984375,-0.0244140625,6.0546875,0.03662109375,2.734375,0.08544921875,0.81787109375,0.03662109375,1.46484375,-0.048828125,-1.55029296875,-0.06103515625,-0.3662109375,0.30517578125,-0.5615234375,0,-0.62255859375,-0.20751953125,-0.67138671875,0.146484375,-0.7080078125,-0.08544921875,-0.6103515625,-0.048828125,-0.03662109375,0.0732421875,-0.67138671875,-0.2197265625,-1.52587890625,0,-1.15966796875,0.2197265625,-0.1220703125,-0.1953125,0.3173828125,0.06103515625,-0.03662109375,-0.06103515625,-0.0732421875,0.10986328125,0.18310546875,-0.20751953125,4.3701171875,0.10986328125,6.93359375,0.18310546875,3.02734375,-0.1220703125,4.77294921875
0,0.08544921875,-0.13427734375,0.2197265625,-0.3662109375,0.048828125,-0.439453125,-0.01220703125,-0.08544921875,-0.0732421875,-0.0732421875,-0.18310546875,-0.927734375,0.10986328125,1.0498046875,-0.4150390625,-0.1220703125,-0.048828125,-0.5859375,0.1220703125,-0.1953125,-0.1708984375,0.93994140625,-0.390625,-0.62255859375,0.146484375,-0.03662109375,-0.28076171875,-0.6591796875,0.13427734375,0.87890625,-0.0732421875,0.3662109375,-0.244140625,-0.439453125,0.32958984375,-1.025390625,-0.048828125,-0.48828125,0.18310546875,-0.74462890625,0,-0.244140625,0.3173828125,-0.72021484375,0.15869140625,-0.4150390625,-0.2685546875,0.5859375,-0.40283203125,1.2451171875,0.08544921875,0.54931640625,-0.146484375,-0.18310546875,0.1708984375,0.7568359375,-0.2197265625,0.7080078125,-0.23193359375,0.47607421875,0.4150390625,0.439453125,-0.06103515625,0.0244140625,0,0.8056640625,0,1.20849609375,-0.08544921875,0.634765625,0.01220703125,0.5615234375,-0.1708984375,9.6435546875,0.244140625,4.87060546875,-0.06103515625,4.296875,-0.29296875,6.2744140625,-0.0244140625,5.6884765625,0.09765625,2.57568359375,0.0244140625,0.7080078125,0.03662109375,1.3671875,0.03662109375,-1.52587890625,-0.048828125,-0.35400390625,0.13427734375,-0.537109375,0.0244140625,-0.5615234375,-0.2197265625,-0.68359375,0.18310546875,-0.68359375,-0.10986328125,-0.59814453125,0.01220703125,-0.03662109375,0.06103515625,-0.48828125,-0.244140625,-1.35498046875,-0.03662109375,-1.01318359375,0.30517578125,0.57373046875,-0.1708984375,0.32958984375,0.0732421875,-0.048828125,-0.0732421875,-0.08544921875,0.13427734375,0.1708984375,-0.1708984375,3.96728515625,0.06103515625,6.4697265625,0.1953125,2.72216796875,-0.10986328125,4.3701171875
0,0.0732421875,-0.15869140625,0.18310546875,-0.390625,0.03662109375,-0.4638671875,0,-0.09765625,-0.18310546875,-0.08544921875,-0.08544921875,-0.93994140625,0.15869140625,1.06201171875,-0.42724609375,-0.13427734375,-0.048828125,-0.57373046875,0.18310546875,-0.20751953125,-0.244140625,0.93994140625,-0.390625,-0.6103515625,0.15869140625,-0.03662109375,-0.25634765625,-0.67138671875,0.08544921875,0.91552734375,0.1708984375,0.2685546875,-0.244140625,-0.40283203125,0.5126953125,-1.0009765625,-0.09765625,-0.47607421875,0.20751953125,-0.732421875,0.0244140625,-0.244140625,0.30517578125,-0.72021484375,0.146484375,-0.42724609375,-0.25634765625,0.5859375,-0.35400390625,1.30615234375,0.1220703125,0.50048828125,-0.2197265625,-0.18310546875,0.146484375,0.78125,-0.23193359375,0.7080078125,-0.146484375,0.4638671875,0.37841796875,0.4150390625,0.0732421875,0,-0.03662109375,0.86669921875,0.06103515625,1.26953125,-0.0732421875,0.64697265625,0.048828125,0.634765625,-0.01220703125,9.0087890625,0.1953125,4.65087890625,-0.146484375,4.04052734375,-0.3173828125,5.95703125,0,5.17578125,0.146484375,2.3193359375,-0.10986328125,0.5615234375,0.0244140625,1.15966796875,0.0732421875,-1.52587890625,-0.048828125,-0.32958984375,-0.01220703125,-0.50048828125,0.0244140625,-0.634765625,-0.2197265625,-0.69580078125,0.25634765625,-0.6591796875,-0.15869140625,-0.6103515625,0.0732421875,-0.03662109375,0.0732421875,-0.2197265625,-0.244140625,-1.08642578125,-0.048828125,-0.78125,0.40283203125,1.5625,-0.1220703125,0.30517578125,0.0732421875,-0.0732421875,-0.06103515625,-0.08544921875,0.13427734375,0.1708984375,-0.1953125,3.6376953125,0.0244140625,6.01806640625,0.18310546875,2.490234375,-0.10986328125,3.99169921875
0,0.0732421875,-0.20751953125,0.18310546875,-0.37841796875,0.0244140625,-0.45166015625,0.0244140625,-0.09765625,-0.25634765625,-0.08544921875,-0.0244140625,-0.927734375,0.244140625,1.06201171875,-0.40283203125,-0.15869140625,-0.08544921875,-0.5615234375,0.244140625,-0.18310546875,-0.35400390625,0.93994140625,-0.37841796875,-0.62255859375,0.146484375,-0.01220703125,-0.1953125,-0.6591796875,0.06103515625,0.9521484375,0.2685546875,0.1708984375,-0.28076171875,-0.390625,0.634765625,-0.96435546875,-0.13427734375,-0.47607421875,0.1708984375,-0.732421875,0.10986328125,-0.244140625,0.25634765625,-0.72021484375,0.15869140625,-0.42724609375,-0.2685546875,0.54931640625,-0.29296875,1.28173828125,0.1708984375,0.47607421875,-0.2197265625,-0.1708984375,0.1708984375,0.76904296875,-0.244140625,0.72021484375,-0.0732421875,0.48828125,0.37841796875,0.390625,0.15869140625,0,-0.1220703125,0.9521484375,0.1708984375,1.318359375,-0.13427734375,0.64697265625,0.08544921875,0.68359375,0.06103515625,8.3740234375,0.15869140625,4.43115234375,-0.20751953125,3.7841796875,-0.28076171875,5.6640625,0.03662109375,4.52880859375,0.146484375,2.01416015625,-0.28076171875,0.35400390625,0.01220703125,0.9033203125,0.13427734375,-1.5380859375,-0.03662109375,-0.3173828125,-0.1708984375,-0.50048828125,0.01220703125,-0.830078125,-0.1953125,-0.69580078125,0.3173828125,-0.6591796875,-0.1953125,-0.5859375,0.13427734375,-0.06103515625,0.048828125,0.09765625,-0.20751953125,-0.76904296875,-0.048828125,-0.50048828125,0.32958984375,2.7587890625,-0.1220703125,0.32958984375,0.08544921875,-0.0732421875,-0.0732421875,-0.1220703125,0.146484375,0.15869140625,-0.23193359375,3.41796875,0.01220703125,5.6884765625,0.15869140625,2.3193359375,-0.13427734375,3.7353515625
0,0.08544921875,-0.244140625,0.146484375,-0.37841796875,-0.01220703125,-0.4638671875,0,-0.08544921875,-0.29296875,-0.10986328125,-0.0244140625,-0.927734375,0.2685546875,1.03759765625,-0.3662109375,-0.15869140625,-0.13427734375,-0.5615234375,0.2685546875,-0.1708984375,-0.3173828125,0.87890625,-0.32958984375,-0.62255859375,0.08544921875,-0.0244140625,-0.1953125,-0.64697265625,0,1.0009765625,0.2197265625,0.08544921875,-0.2685546875,-0.4150390625,0.68359375,-0.93994140625,-0.13427734375,-0.47607421875,0.146484375,-0.732421875,0.18310546875,-0.23193359375,0.244140625,-0.7080078125,0.10986328125,-0.42724609375,-0.23193359375,0.5615234375,-0.35400390625,1.23291015625,0.25634765625,0.4638671875,-0.2685546875,-0.18310546875,0.18310546875,0.7568359375,-0.30517578125,0.69580078125,-0.03662109375,0.48828125,0.4150390625,0.37841796875,0.23193359375,-0.0244140625,-0.1953125,1.03759765625,0.2197265625,1.40380859375,-0.048828125,0.64697265625,0.06103515625,0.74462890625,0.06103515625,7.80029296875,0.10986328125,4.23583984375,-0.244140625,3.57666015625,-0.244140625,5.40771484375,0.048828125,3.74755859375,0.1953125,1.67236328125,-0.439453125,0.10986328125,-0.03662109375,0.64697265625,0.146484375,-1.59912109375,-0.0244140625,-0.341796875,-0.28076171875,-0.537109375,0.01220703125,-1.171875,-0.13427734375,-0.68359375,0.28076171875,-0.6591796875,-0.244140625,-0.5859375,0.18310546875,-0.0732421875,0.03662109375,0.50048828125,-0.1708984375,-0.37841796875,-0.048828125,-0.20751953125,0.3662109375,4.04052734375,-0.09765625,0.3173828125,0.0732421875,-0.048828125,-0.06103515625,-0.10986328125,0.15869140625,0.146484375,-0.20751953125,3.3447265625,0.08544921875,5.45654296875,0.1708984375,2.23388671875,-0.08544921875,3.564453125
0,0.08544921875,-0.29296875,0.146484375,-0.35400390625,-0.0244140625,-0.45166015625,-0.01220703125,-0.0732421875,-0.29296875,-0.09765625,0,-0.927734375,0.28076171875,1.06201171875,-0.341796875,-0.146484375,-0.1953125,-0.5615234375,0.30517578125,-0.1953125,-0.40283203125,0.84228515625,-0.341796875,-0.62255859375,0.0732421875,-0.0244140625,-0.1708984375,-0.64697265625,0.03662109375,1.0498046875,0.28076171875,0.06103515625,-0.1953125,-0.4150390625,0.8056640625,-0.927734375,-0.10986328125,-0.45166015625,0.09765625,-0.78125,0.29296875,-0.244140625,0.20751953125,-0.68359375,0.09765625,-0.42724609375,-0.1708984375,0.5859375,-0.341796875,1.13525390625,0.3662109375,0.439453125,-0.29296875,-0.20751953125,0.1220703125,0.7568359375,-0.35400390625,0.69580078125,-0.0244140625,0.50048828125,0.48828125,0.37841796875,0.3173828125,0,-0.244140625,1.11083984375,0.20751953125,1.45263671875,-0.03662109375,0.67138671875,0.1220703125,0.79345703125,0.06103515625,7.3486328125,0.0732421875,4.06494140625,-0.23193359375,3.369140625,-0.244140625,5.18798828125,0.048828125,2.89306640625,0.20751953125,1.26953125,-0.54931640625,-0.10986328125,-0.0732421875,0.341796875,0.13427734375,-1.62353515625,-0.01220703125,-0.37841796875,-0.3173828125,-0.57373046875,0.06103515625,-1.55029296875,-0.09765625,-0.67138671875,0.28076171875,-0.634765625,-0.28076171875,-0.59814453125,0.1953125,-0.0732421875,0.03662109375,0.8544921875,-0.146484375,-0.01220703125,0,0.0732421875,0.3173828125,5.26123046875,-0.0732421875,0.32958984375,0.0732421875,-0.03662109375,-0.08544921875,-0.13427734375,0.13427734375,0.146484375,-0.20751953125,3.28369140625,0.08544921875,5.322265625,0.1953125,2.197265625,-0.08544921875,3.4912109375
0,0.10986328125,-0.35400390625,0.15869140625,-0.341796875,-0.0244140625,-0.4638671875,-0.03662109375,-0.06103515625,-0.28076171875,-0.1220703125,-0.048828125,-0.91552734375,0.2685546875,1.03759765625,-0.32958984375,-0.13427734375,-0.244140625,-0.57373046875,0.29296875,-0.1953125,-0.45166015625,0.81787109375,-0.3173828125,-0.62255859375,0.048828125,-0.01220703125,-0.2197265625,-0.64697265625,0.048828125,1.08642578125,0.23193359375,0.08544921875,-0.146484375,-0.4638671875,0.830078125,-0.9033203125,-0.09765625,-0.439453125,0.08544921875,-0.8056640625,0.32958984375,-0.20751953125,0.20751953125,-0.68359375,0.10986328125,-0.42724609375,-0.13427734375,0.59814453125,-0.341796875,1.0498046875,0.42724609375,0.45166015625,-0.2685546875,-0.1953125,0.13427734375,0.74462890625,-0.341796875,0.67138671875,-0.0244140625,0.50048828125,0.4638671875,0.4150390625,0.30517578125,0.01220703125,-0.23193359375,1.15966796875,0.20751953125,1.4892578125,0,0.67138671875,0.09765625,0.8056640625,0.0732421875,6.93359375,0.048828125,3.9306640625,-0.1708984375,3.21044921875,-0.244140625,4.96826171875,0.048828125,1.9775390625,0.23193359375,0.86669921875,-0.59814453125,-0.3662109375,-0.1220703125,0.0244140625,0.10986328125,-1.67236328125,-0.0244140625,-0.439453125,-0.341796875,-0.62255859375,0.15869140625,-1.953125,-0.08544921875,-0.68359375,0.20751953125,-0.62255859375,-0.3173828125,-0.6103515625,0.146484375,-0.08544921875,0.01220703125,1.18408203125,-0.146484375,0.3173828125,0,0.30517578125,0.10986328125,6.3232421875,-0.0732421875,0.32958984375,0.08544921875,-0.0244140625,-0.06103515625,-0.13427734375,0.1220703125,0.146484375,-0.1953125,3.3203125,0.0732421875,5.2490234375,0.20751953125,2.20947265625,-0.08544921875,3.47900390625
0,0.10986328125,-0.390625,0.146484375,-0.341796875,0.0244140625,-0.45166015625,-0.0732421875,-0.048828125,-0.23193359375,-0.10986328125,-0.1220703125,-0.927734375,0.23193359375,1.025390625,-0.3173828125,-0.146484375,-0.29296875,-0.5859375,0.28076171875,-0.1708984375,-0.45166015625,0.79345703125,-0.341796875,-0.62255859375,0.0244140625,-0.01220703125,-0.2685546875,-0.68359375,0.06103515625,1.06201171875,0.0732421875,0.146484375,-0.06103515625,-0.50048828125,0.86669921875,-0.89111328125,-0.09765625,-0.45166015625,0.10986328125,-0.81787109375,0.35400390625,-0.1953125,0.20751953125,-0.69580078125,0.08544921875,-0.439453125,-0.18310546875,0.59814453125,-0.3662109375,1.0009765625,0.42724609375,0.48828125,-0.3173828125,-0.244140625,0.0732421875,0.7568359375,-0.3173828125,0.64697265625,-0.03662109375,0.50048828125,0.439453125,0.4638671875,0.32958984375,0,-0.1953125,1.15966796875,0.20751953125,1.45263671875,-0.01220703125,0.64697265625,0.03662109375,0.78125,0.09765625,6.640625,0.0732421875,3.77197265625,-0.06103515625,3.0517578125,-0.28076171875,4.79736328125,0.0732421875,1.08642578125,0.244140625,0.4638671875,-0.57373046875,-0.62255859375,-0.15869140625,-0.28076171875,0.06103515625,-1.72119140625,-0.0244140625,-0.48828125,-0.37841796875,-0.69580078125,0.1708984375,-2.20947265625,-0.09765625,-0.69580078125,0.08544921875,-0.62255859375,-0.30517578125,-0.634765625,0.06103515625,-0.09765625,0.0244140625,1.4404296875,-0.13427734375,0.5859375,0.0244140625,0.48828125,-0.03662109375,7.1533203125,-0.06103515625,0.32958984375,0.1220703125,0,-0.08544921875,-0.1220703125,0.09765625,0.15869140625,-0.1708984375,3.35693359375,0.06103515625,5.2978515625,0.1953125,2.2216796875,-0.08544921875,3.47900390625
0,0.09765625,-0.45166015625,0.146484375,-0.32958984375,0.10986328125,-0.45166015625,-0.09765625,-0.048828125,-0.18310546875,-0.1220703125,-0.15869140625,-0.91552734375,0.18310546875,1.01318359375,-0.29296875,-0.13427734375,-0.28076171875,-0.5859375,0.244140625,-0.1953125,-0.48828125,0.79345703125,-0.35400390625,-0.6103515625,0.048828125,-0.0244140625,-0.28076171875,-0.72021484375,0.0732421875,1.025390625,0.146484375,0.25634765625,-0.0244140625,-0.54931640625,0.8544921875,-0.8056640625,-0.08544921875,-0.47607421875,0.09765625,-0.830078125,0.32958984375,-0.20751953125,0.2685546875,-0.68359375,0.09765625,-0.42724609375,-0.146484375,0.62255859375,-0.29296875,0.9765625,0.50048828125,0.50048828125,-0.32958984375,-0.25634765625,-0.01220703125,0.74462890625,-0.244140625,0.64697265625,-0.048828125,0.50048828125,0.4150390625,0.48828125,0.29296875,0.01220703125,-0.13427734375,1.11083984375,0.15869140625,1.37939453125,0.09765625,0.67138671875,-0.01220703125,0.732421875,0.03662109375,6.3720703125,0.08544921875,3.64990234375,0,2.89306640625,-0.32958984375,4.65087890625,0.0732421875,0.1708984375,0.25634765625,0.06103515625,-0.50048828125,-0.84228515625,-0.1220703125,-0.57373046875,0.0244140625,-1.74560546875,-0.0244140625,-0.537109375,-0.28076171875,-0.732421875,0.146484375,-2.34375,-0.13427734375,-0.68359375,0,-0.634765625,-0.25634765625,-0.64697265625,-0.01220703125,-0.08544921875,0.01220703125,1.6357421875,-0.146484375,0.8056640625,0.06103515625,0.634765625,-0.1220703125,7.763671875,-0.0244140625,0.32958984375,0.1220703125,0.01220703125,-0.06103515625,-0.10986328125,0.09765625,0.1708984375,-0.1953125,3.35693359375,0.06103515625,5.28564453125,0.1953125,2.23388671875,-0.0732421875,3.466796875
0,0.146484375,-0.47607421875,0.15869140625,-0.3173828125,0.146484375,-0.45166015625,-0.08544921875,-0.048828125,-0.1220703125,-0.1220703125,-0.15869140625,-0.91552734375,0.09765625,1.0009765625,-0.244140625,-0.13427734375,-0.28076171875,-0.59814453125,0.1953125,-0.1953125,-0.45166015625,0.79345703125,-0.37841796875,-0.6103515625,0.06103515625,-0.06103515625,-0.30517578125,-0.76904296875,0.03662109375,0.9521484375,0.15869140625,0.390625,-0.03662109375,-0.57373046875,0.78125,-0.69580078125,-0.048828125,-0.5126953125,0.048828125,-0.81787109375,0.2685546875,-0.20751953125,0.244140625,-0.7080078125,0.10986328125,-0.439453125,-0.1220703125,0.62255859375,-0.244140625,0.98876953125,0.45166015625,0.5126953125,-0.341796875,-0.25634765625,-0.13427734375,0.74462890625,-0.18310546875,0.62255859375,-0.06103515625,0.50048828125,0.35400390625,0.52490234375,0.30517578125,0,-0.08544921875,0.9765625,0.03662109375,1.2939453125,0.1220703125,0.64697265625,-0.01220703125,0.634765625,0.10986328125,6.09130859375,0.13427734375,3.515625,0.09765625,2.77099609375,-0.32958984375,4.47998046875,0.08544921875,-0.62255859375,0.23193359375,-0.30517578125,-0.390625,-1.03759765625,-0.08544921875,-0.830078125,-0.06103515625,-1.7578125,-0.0732421875,-0.54931640625,-0.28076171875,-0.72021484375,0.10986328125,-2.28271484375,-0.1708984375,-0.68359375,-0.06103515625,-0.64697265625,-0.25634765625,-0.634765625,-0.06103515625,-0.0732421875,0.03662109375,1.7578125,-0.146484375,0.9033203125,0.0732421875,0.68359375,-0.1708984375,8.16650390625,-0.0244140625,0.32958984375,0.1220703125,0.01220703125,-0.06103515625,-0.09765625,0.0732421875,0.1953125,-0.18310546875,3.28369140625,0.0732421875,5.224609375,0.20751953125,2.18505859375,-0.08544921875,3.40576171875
0,0.10986328125,-0.4638671875,0.15869140625,-0.37841796875,0.1708984375,-0.4638671875,-0.08544921875,-0.08544921875,-0.0732421875,-0.08544921875,-0.1220703125,-0.927734375,0.048828125,1.025390625,-0.23193359375,-0.146484375,-0.25634765625,-0.59814453125,0.146484375,-0.18310546875,-0.47607421875,0.81787109375,-0.4150390625,-0.634765625,0.048828125,-0.0732421875,-0.30517578125,-0.8056640625,0,0.89111328125,0.18310546875,0.5615234375,-0.0732421875,-0.5615234375,0.6103515625,-0.5126953125,-0.0244140625,-0.5126953125,0.0244140625,-0.79345703125,0.1708984375,-0.2197265625,0.25634765625,-0.69580078125,0.15869140625,-0.439453125,-0.10986328125,0.62255859375,-0.20751953125,1.0498046875,0.439453125,0.5126953125,-0.341796875,-0.244140625,-0.2685546875,0.732421875,-0.1220703125,0.634765625,-0.09765625,0.50048828125,0.2685546875,0.52490234375,0.30517578125,0.0244140625,-0.01220703125,0.84228515625,-0.01220703125,1.1962890625,0.13427734375,0.6591796875,-0.01220703125,0.54931640625,0.09765625,5.76171875,0.1220703125,3.33251953125,0.15869140625,2.60009765625,-0.390625,4.296875,0.06103515625,-1.30615234375,0.2197265625,-0.59814453125,-0.244140625,-1.18408203125,-0.0244140625,-1.025390625,-0.10986328125,-1.708984375,-0.10986328125,-0.537109375,-0.30517578125,-0.68359375,0.06103515625,-2.0263671875,-0.2197265625,-0.6591796875,-0.09765625,-0.6591796875,-0.20751953125,-0.62255859375,-0.08544921875,-0.08544921875,0.06103515625,1.79443359375,-0.1220703125,0.93994140625,0.09765625,0.732421875,-0.1708984375,8.36181640625,-0.01220703125,0.341796875,0.146484375,0,-0.0732421875,-0.10986328125,0.06103515625,0.18310546875,-0.18310546875,3.1005859375,0.15869140625,5.09033203125,0.1708984375,2.0751953125,-0.08544921875,3.271484375
0,0.0732421875,-0.47607421875,0.18310546875,-0.37841796875,0.1708984375,-0.45166015625,-0.048828125,-0.08544921875,-0.09765625,-0.06103515625,-0.0732421875,-0.91552734375,0,1.06201171875,-0.244140625,-0.15869140625,-0.2197265625,-0.59814453125,0.10986328125,-0.18310546875,-0.57373046875,0.830078125,-0.42724609375,-0.62255859375,0.03662109375,-0.08544921875,-0.29296875,-0.81787109375,-0.01220703125,0.830078125,0.28076171875,0.81787109375,-0.1220703125,-0.5126953125,0.47607421875,-0.23193359375,-0.0244140625,-0.47607421875,-0.0244140625,-0.732421875,0.03662109375,-0.23193359375,0.23193359375,-0.7080078125,0.244140625,-0.45166015625,-0.09765625,0.634765625,-0.1220703125,1.171875,0.40283203125,0.52490234375,-0.29296875,-0.244140625,-0.390625,0.72021484375,-0.03662109375,0.6591796875,-0.13427734375,0.47607421875,0.25634765625,0.537109375,0.3173828125,0.01220703125,0.048828125,0.732421875,-0.048828125,1.11083984375,0.09765625,0.72021484375,-0.0244140625,0.4638671875,-0.0244140625,5.26123046875,0.10986328125,3.16162109375,0.13427734375,2.42919921875,-0.390625,4.0771484375,0.0244140625,-1.84326171875,0.15869140625,-0.830078125,-0.13427734375,-1.2939453125,0,-1.15966796875,-0.08544921875,-1.66015625,-0.15869140625,-0.537109375,-0.244140625,-0.64697265625,0.01220703125,-1.64794921875,-0.23193359375,-0.68359375,-0.09765625,-0.67138671875,-0.15869140625,-0.6103515625,-0.08544921875,-0.0732421875,0.08544921875,1.79443359375,-0.146484375,0.927734375,0.10986328125,0.67138671875,-0.1953125,8.33740234375,0,0.32958984375,0.15869140625,-0.01220703125,-0.08544921875,-0.10986328125,0.048828125,0.1953125,-0.13427734375,2.83203125,0.244140625,4.78515625,0.1953125,1.89208984375,0,3.0029296875
1,0.06103515625,-0.47607421875,0.2197265625,-0.37841796875,0.18310546875,-0.4638671875,-0.0244140625,-0.09765625,-0.1220703125,-0.06103515625,0.01220703125,-0.927734375,-0.048828125,1.01318359375,-0.2197265625,-0.13427734375,-0.18310546875,-0.57373046875,0.06103515625,-0.146484375,-0.5859375,0.8544921875,-0.390625,-0.62255859375,0.048828125,-0.06103515625,-0.2685546875,-0.78125,-0.03662109375,0.87890625,0.32958984375,1.123046875,-0.18310546875,-0.439453125,0.439453125,0.1220703125,-0.01220703125,-0.42724609375,-0.01220703125,-0.634765625,-0.06103515625,-0.2197265625,0.13427734375,-0.69580078125,0.244140625,-0.4638671875,-0.1220703125,0.62255859375,0.0732421875,1.2939453125,0.32958984375,0.537109375,-0.29296875,-0.23193359375,-0.4638671875,0.69580078125,-0.03662109375,0.6591796875,-0.15869140625,0.47607421875,0.25634765625,0.48828125,0.28076171875,0.01220703125,0.09765625,0.67138671875,-0.0244140625,1.08642578125,0.03662109375,0.830078125,0,0.45166015625,0.01220703125,4.69970703125,0.15869140625,2.94189453125,0.10986328125,2.18505859375,-0.32958984375,3.7841796875,0.03662109375,-2.18505859375,0.13427734375,-0.9765625,-0.01220703125,-1.318359375,0.048828125,-1.23291015625,-0.03662109375,-1.59912109375,-0.20751953125,-0.47607421875,-0.244140625,-0.57373046875,-0.0732421875,-1.26953125,-0.2197265625,-0.68359375,-0.1220703125,-0.69580078125,-0.0732421875,-0.57373046875,-0.08544921875,-0.08544921875,0.15869140625,1.69677734375,-0.146484375,0.87890625,0.10986328125,0.6103515625,-0.2197265625,8.11767578125,0.0244140625,0.30517578125,0.1953125,-0.03662109375,-0.08544921875,-0.10986328125,0.0244140625,0.18310546875,-0.15869140625,2.50244140625,0.2197265625,4.296875,0.146484375,1.6357421875,-0.03662109375,2.63671875
1,0.03662109375,-0.47607421875,0.18310546875,-0.40283203125,0.2197265625,-0.4638671875,-0.01220703125,-0.10986328125,-0.146484375,-0.0732421875,0.0732421875,-0.927734375,-0.048828125,1.03759765625,-0.20751953125,-0.15869140625,-0.13427734375,-0.57373046875,0.03662109375,-0.146484375,-0.67138671875,0.84228515625,-0.35400390625,-0.634765625,0.06103515625,0.03662109375,-0.25634765625,-0.68359375,-0.0244140625,0.9521484375,0.15869140625,1.5380859375,-0.1708984375,-0.28076171875,0.341796875,0.537109375,0,-0.341796875,0.0244140625,-0.50048828125,-0.146484375,-0.244140625,0.0732421875,-0.72021484375,0.23193359375,-0.45166015625,-0.15869140625,0.634765625,0.15869140625,1.45263671875,0.32958984375,0.52490234375,-0.2685546875,-0.20751953125,-0.537109375,0.69580078125,0,0.6591796875,-0.18310546875,0.4638671875,0.29296875,0.47607421875,0.20751953125,-0.01220703125,0.15869140625,0.732421875,-0.0244140625,1.1474609375,-0.08544921875,1.03759765625,0.0244140625,0.50048828125,-0.0244140625,3.99169921875,0.146484375,2.67333984375,0.048828125,1.91650390625,-0.2685546875,3.466796875,0.06103515625,-2.34375,0.09765625,-1.0498046875,0.13427734375,-1.3427734375,0.09765625,-1.25732421875,0.0244140625,-1.5380859375,-0.2197265625,-0.42724609375,-0.18310546875,-0.537109375,-0.1953125,-0.9521484375,-0.2197265625,-0.68359375,-0.09765625,-0.7080078125,0,-0.57373046875,-0.0732421875,-0.0732421875,0.1953125,1.55029296875,-0.146484375,0.72021484375,0.08544921875,0.50048828125,-0.20751953125,7.75146484375,0.048828125,0.30517578125,0.1953125,-0.048828125,-0.0732421875,-0.10986328125,0.01220703125,0.1708984375,-0.1220703125,2.06298828125,0.3173828125,3.69873046875,0.146484375,1.30615234375,-0.01220703125,2.197265625
1,0.0732421875,-0.4638671875,0.18310546875,-0.4150390625,0.20751953125,-0.45166015625,0.01220703125,-0.09765625,-0.1708984375,-0.08544921875,0.06103515625,-0.927734375,-0.0732421875,1.03759765625,-0.1953125,-0.146484375,-0.1220703125,-0.5859375,0.03662109375,-0.13427734375,-0.74462890625,0.87890625,-0.29296875,-0.62255859375,0.06103515625,0.13427734375,-0.23193359375,-0.52490234375,-0.01220703125,1.1474609375,0.09765625,2.0751953125,-0.1708984375,-0.09765625,0.3662109375,1.03759765625,-0.0244140625,-0.20751953125,0.08544921875,-0.32958984375,-0.18310546875,-0.23193359375,-0.048828125,-0.732421875,0.2197265625,-0.4638671875,-0.1708984375,0.59814453125,0.18310546875,1.62353515625,0.2685546875,0.5615234375,-0.25634765625,-0.15869140625,-0.64697265625,0.69580078125,0.03662109375,0.6591796875,-0.1953125,0.4638671875,0.32958984375,0.42724609375,0.09765625,-0.0244140625,0.20751953125,0.9033203125,-0.09765625,1.2939453125,-0.244140625,1.3671875,-0.01220703125,0.67138671875,0.01220703125,3.21044921875,0.13427734375,2.4169921875,0.06103515625,1.611328125,-0.1953125,3.13720703125,0.08544921875,-2.3193359375,0.0244140625,-1.0498046875,0.25634765625,-1.33056640625,0.1708984375,-1.220703125,0.15869140625,-1.50146484375,-0.1708984375,-0.37841796875,-0.06103515625,-0.48828125,-0.23193359375,-0.74462890625,-0.20751953125,-0.68359375,-0.06103515625,-0.7080078125,0.06103515625,-0.5615234375,-0.0244140625,-0.08544921875,0.1708984375,1.35498046875,-0.146484375,0.537109375,0.06103515625,0.3662109375,-0.1953125,7.16552734375,0.06103515625,0.29296875,0.20751953125,-0.06103515625,-0.0732421875,-0.09765625,-0.01220703125,0.15869140625,-0.10986328125,1.64794921875,0.32958984375,2.978515625,0.1708984375,0.9521484375,0.01220703125,1.6845703125
1,0.0732421875,-0.4638671875,0.1708984375,-0.40283203125,0.1708984375,-0.4638671875,0.03662109375,-0.0732421875,-0.1953125,-0.09765625,0.03662109375,-0.927734375,-0.0732421875,1.0498046875,-0.18310546875,-0.1708984375,-0.1220703125,-0.57373046875,0.03662109375,-0.1220703125,-0.79345703125,0.89111328125,-0.1953125,-0.6103515625,0.10986328125,0.3173828125,-0.20751953125,-0.341796875,0.0244140625,1.416015625,0.13427734375,2.72216796875,-0.15869140625,0.09765625,0.4150390625,1.52587890625,-0.03662109375,-0.06103515625,0.10986328125,-0.15869140625,-0.1708984375,-0.23193359375,-0.23193359375,-0.74462890625,0.1953125,-0.47607421875,-0.15869140625,0.59814453125,0.18310546875,1.86767578125,0.29296875,0.57373046875,-0.23193359375,-0.1220703125,-0.7080078125,0.732421875,0.0244140625,0.68359375,-0.146484375,0.47607421875,0.32958984375,0.40283203125,0,-0.0244140625,0.20751953125,1.26953125,-0.06103515625,1.59912109375,-0.2685546875,1.85546875,-0.0244140625,0.93994140625,0.0244140625,2.47802734375,0.13427734375,2.16064453125,0.06103515625,1.33056640625,-0.10986328125,2.81982421875,0.13427734375,-2.1484375,-0.0244140625,-0.9521484375,0.341796875,-1.26953125,0.20751953125,-1.1474609375,0.25634765625,-1.47705078125,-0.146484375,-0.32958984375,-0.01220703125,-0.48828125,-0.20751953125,-0.7080078125,-0.15869140625,-0.69580078125,-0.06103515625,-0.7080078125,0.10986328125,-0.54931640625,0.01220703125,-0.048828125,0.13427734375,1.11083984375,-0.146484375,0.29296875,0,0.18310546875,-0.146484375,6.396484375,0.06103515625,0.30517578125,0.2197265625,-0.06103515625,-0.08544921875,-0.10986328125,-0.03662109375,0.15869140625,-0.10986328125,1.23291015625,0.32958984375,2.28271484375,0.146484375,0.5859375,-0.01220703125,1.1474609375
1,0.048828125,-0.439453125,0.13427734375,-0.40283203125,0.1220703125,-0.45166015625,0.03662109375,-0.06103515625,-0.18310546875,-0.10986328125,-0.048828125,-0.927734375,-0.10986328125,1.025390625,-0.1708984375,-0.15869140625,-0.15869140625,-0.5859375,0.08544921875,-0.13427734375,-0.84228515625,0.89111328125,-0.1220703125,-0.62255859375,0.08544921875,0.537109375,-0.15869140625,-0.0732421875,0.06103515625,1.77001953125,0,3.466796875,-0.15869140625,0.30517578125,0.390625,2.0263671875,-0.0244140625,0.08544921875,0.048828125,0.01220703125,-0.146484375,-0.23193359375,-0.32958984375,-0.74462890625,0.1220703125,-0.45166015625,-0.15869140625,0.5859375,0.0732421875,2.16064453125,0.20751953125,0.64697265625,-0.1708984375,-0.06103515625,-0.69580078125,0.78125,0,0.67138671875,-0.15869140625,0.4638671875,0.3173828125,0.37841796875,-0.06103515625,-0.0244140625,0.1953125,1.77001953125,-0.0732421875,1.9775390625,-0.3173828125,2.42919921875,-0.0732421875,1.28173828125,0.0244140625,1.904296875,0.10986328125,1.96533203125,0.048828125,1.11083984375,-0.01220703125,2.587890625,0.18310546875,-1.8798828125,-0.048828125,-0.84228515625,0.42724609375,-1.1962890625,0.18310546875,-1.0498046875,0.29296875,-1.46484375,-0.0732421875,-0.32958984375,0.03662109375,-0.50048828125,-0.1708984375,-0.84228515625,-0.09765625,-0.69580078125,-0.08544921875,-0.67138671875,0.1220703125,-0.5615234375,0.048828125,-0.06103515625,0.08544921875,0.81787109375,-0.13427734375,0.0244140625,-0.048828125,-0.0244140625,-0.1220703125,5.46875,0.08544921875,0.29296875,0.20751953125,-0.0732421875,-0.06103515625,-0.09765625,-0.048828125,0.146484375,-0.1220703125,0.8544921875,0.40283203125,1.64794921875,0.146484375,0.28076171875,-0.01220703125,0.68359375
1,0.01220703125,-0.439453125,0.146484375,-0.37841796875,0.09765625,-0.45166015625,0,-0.06103515625,-0.10986328125,-0.09765625,-0.13427734375,-0.91552734375,-0.146484375,1.03759765625,-0.1708984375,-0.15869140625,-0.1708984375,-0.5859375,0.08544921875,-0.10986328125,-0.72021484375,0.87890625,-0.08544921875,-0.62255859375,0.0732421875,0.76904296875,-0.15869140625,0.1953125,0.048828125,2.13623046875,0,4.28466796875,-0.20751953125,0.48828125,0.3662109375,2.45361328125,0,0.25634765625,-0.0244140625,0.146484375,-0.0732421875,-0.20751953125,-0.40283203125,-0.74462890625,0.08544921875,-0.42724609375,-0.13427734375,0.59814453125,0.01220703125,2.57568359375,0.18310546875,0.74462890625,-0.10986328125,-0.01220703125,-0.634765625,0.9033203125,-0.0244140625,0.64697265625,-0.1220703125,0.47607421875,0.341796875,0.37841796875,-0.1953125,0,0.23193359375,2.34375,-0.10986328125,2.40478515625,-0.1708984375,3.076171875,-0.09765625,1.708984375,0,1.5869140625,0.15869140625,1.85546875,0.06103515625,0.98876953125,0.08544921875,2.42919921875,0.1708984375,-1.55029296875,-0.06103515625,-0.6591796875,0.40283203125,-1.123046875,0.15869140625,-0.96435546875,0.341796875,-1.45263671875,-0.01220703125,-0.3173828125,0.1220703125,-0.5126953125,-0.10986328125,-1.08642578125,-0.048828125,-0.69580078125,-0.048828125,-0.67138671875,0.10986328125,-0.5615234375,0.1220703125,-0.06103515625,0.0244140625,0.5126953125,-0.146484375,-0.2685546875,-0.0732421875,-0.244140625,-0.0732421875,4.40673828125,0.08544921875,0.3173828125,0.23193359375,-0.048828125,-0.0732421875,-0.08544921875,-0.048828125,0.146484375,-0.1220703125,0.6103515625,0.35400390625,1.220703125,0.1220703125,0.0732421875,-0.0732421875,0.341796875
1,-0.06103515625,-0.4638671875,0.146484375,-0.3662109375,0.048828125,-0.439453125,0,-0.06103515625,0,-0.09765625,-0.2197265625,-0.927734375,-0.20751953125,1.025390625,-0.1708984375,-0.18310546875,-0.1953125,-0.5615234375,0.0732421875,-0.1220703125,-0.69580078125,0.87890625,-0.048828125,-0.6103515625,0.0732421875,1.03759765625,-0.13427734375,0.439453125,0.06103515625,2.490234375,0.08544921875,5.1025390625,-0.23193359375,0.6103515625,0.3173828125,2.79541015625,0.0244140625,0.341796875,-0.048828125,0.25634765625,-0.01220703125,-0.2197265625,-0.35400390625,-0.732421875,0.08544921875,-0.4150390625,-0.146484375,0.6103515625,0.048828125,3.16162109375,0.1953125,0.8544921875,0.01220703125,0.03662109375,-0.6103515625,1.025390625,-0.03662109375,0.6591796875,-0.10986328125,0.4638671875,0.341796875,0.37841796875,-0.2685546875,-0.01220703125,0.2197265625,3.0029296875,-0.09765625,2.880859375,-0.08544921875,3.82080078125,-0.146484375,2.1484375,-0.0244140625,1.611328125,0.146484375,1.86767578125,0.0732421875,1.0009765625,0.09765625,2.45361328125,0.1953125,-1.23291015625,-0.03662109375,-0.537109375,0.341796875,-1.06201171875,0.0732421875,-0.86669921875,0.30517578125,-1.47705078125,0.01220703125,-0.30517578125,0.13427734375,-0.5126953125,-0.06103515625,-1.35498046875,0,-0.69580078125,-0.03662109375,-0.64697265625,0.0732421875,-0.6103515625,0.15869140625,-0.048828125,0.01220703125,0.1708984375,-0.13427734375,-0.59814453125,-0.0732421875,-0.48828125,-0.1220703125,3.2470703125,0.08544921875,0.30517578125,0.20751953125,-0.01220703125,-0.0732421875,-0.06103515625,-0.0732421875,0.15869140625,-0.10986328125,0.537109375,0.32958984375,1.06201171875,0.1708984375,0.01220703125,-0.06103515625,0.20751953125
1,-0.06103515625,-0.439453125,0.1708984375,-0.341796875,0.01220703125,-0.42724609375,-0.0244140625,-0.048828125,0.10986328125,-0.09765625,-0.244140625,-0.927734375,-0.25634765625,1.03759765625,-0.1953125,-0.1953125,-0.1953125,-0.5615234375,0.06103515625,-0.10986328125,-0.6591796875,0.89111328125,-0.0244140625,-0.6103515625,0.08544921875,1.26953125,-0.1220703125,0.67138671875,0.0244140625,2.83203125,0.10986328125,5.84716796875,-0.29296875,0.69580078125,0.45166015625,3.0029296875,0.01220703125,0.390625,-0.0732421875,0.341796875,-0.01220703125,-0.23193359375,-0.2685546875,-0.72021484375,0.03662109375,-0.40283203125,-0.18310546875,0.5859375,-0.10986328125,3.8330078125,0.18310546875,1.0009765625,0.06103515625,0.146484375,-0.6103515625,1.1962890625,-0.0732421875,0.64697265625,-0.09765625,0.47607421875,0.35400390625,0.4150390625,-0.341796875,0,0.23193359375,3.662109375,-0.10986328125,3.3447265625,0.01220703125,4.5654296875,-0.1708984375,2.587890625,0.048828125,2.05078125,0.20751953125,2.05078125,0.15869140625,1.18408203125,0.10986328125,2.64892578125,0.1953125,-1.0009765625,-0.03662109375,-0.4150390625,0.2685546875,-1.025390625,-0.06103515625,-0.79345703125,0.25634765625,-1.50146484375,0.048828125,-0.3173828125,0.15869140625,-0.537109375,0.03662109375,-1.611328125,0.0244140625,-0.69580078125,-0.03662109375,-0.62255859375,0.01220703125,-0.62255859375,0.18310546875,-0.06103515625,0,-0.15869140625,-0.1220703125,-0.93994140625,-0.08544921875,-0.7080078125,-0.15869140625,2.099609375,0.1220703125,0.3173828125,0.18310546875,0,-0.08544921875,-0.06103515625,-0.09765625,0.146484375,-0.1220703125,0.64697265625,0.23193359375,1.2451171875,0.146484375,0.1220703125,-0.10986328125,0.29296875
1,-0.08544921875,-0.45166015625,0.1708984375,-0.341796875,0,-0.439453125,-0.03662109375,-0.0244140625,0.1708984375,-0.06103515625,-0.244140625,-0.927734375,-0.32958984375,1.0498046875,-0.23193359375,-0.15869140625,-0.1953125,-0.57373046875,0.0244140625,-0.13427734375,-0.57373046875,0.86669921875,0,-0.59814453125,0.1220703125,1.45263671875,-0.10986328125,0.830078125,-0.03662109375,3.0517578125,0.0732421875,6.494140625,-0.2685546875,0.67138671875,0.5126953125,3.076171875,-0.01220703125,0.4150390625,-0.048828125,0.35400390625,0.01220703125,-0.23193359375,-0.09765625,-0.72021484375,0.03662109375,-0.40283203125,-0.1953125,0.54931640625,-0.048828125,4.62646484375,0.23193359375,1.18408203125,0.09765625,0.23193359375,-0.59814453125,1.3427734375,-0.09765625,0.6591796875,-0.09765625,0.47607421875,0.37841796875,0.4638671875,-0.439453125,0,0.18310546875,4.26025390625,-0.18310546875,3.759765625,0.03662109375,5.23681640625,-0.28076171875,2.9541015625,0.0732421875,2.89306640625,0.29296875,2.38037109375,0.244140625,1.52587890625,0.0732421875,3.0517578125,0.2197265625,-0.830078125,-0.06103515625,-0.341796875,0.1220703125,-1.01318359375,-0.1220703125,-0.76904296875,0.18310546875,-1.513671875,0.0732421875,-0.3173828125,0.18310546875,-0.54931640625,0.10986328125,-1.7578125,0.03662109375,-0.68359375,0.01220703125,-0.6103515625,-0.0244140625,-0.64697265625,0.146484375,-0.048828125,0.03662109375,-0.47607421875,-0.146484375,-1.23291015625,-0.0732421875,-0.96435546875,-0.20751953125,1.01318359375,0.15869140625,0.32958984375,0.146484375,-0.01220703125,-0.0732421875,-0.048828125,-0.08544921875,0.1708984375,-0.10986328125,1.01318359375,0.244140625,1.79443359375,0.146484375,0.390625,-0.1220703125,0.67138671875
1,-0.09765625,-0.45166015625,0.1708984375,-0.3173828125,-0.048828125,-0.45166015625,-0.0732421875,-0.03662109375,0.15869140625,-0.06103515625,-0.1953125,-0.91552734375,-0.37841796875,1.03759765625,-0.2685546875,-0.146484375,-0.1953125,-0.5859375,0.01220703125,-0.1220703125,-0.537109375,0.87890625,-0.01220703125,-0.62255859375,0.10986328125,1.57470703125,-0.08544921875,0.93994140625,-0.13427734375,3.1982421875,0.0732421875,6.94580078125,-0.2685546875,0.6591796875,0.4638671875,3.0029296875,-0.048828125,0.35400390625,-0.08544921875,0.341796875,-0.048828125,-0.244140625,0.0732421875,-0.72021484375,0.0244140625,-0.4150390625,-0.20751953125,0.54931640625,-0.048828125,5.45654296875,0.18310546875,1.35498046875,0.08544921875,0.35400390625,-0.54931640625,1.5380859375,-0.09765625,0.64697265625,-0.0732421875,0.47607421875,0.40283203125,0.47607421875,-0.47607421875,0,0.1220703125,4.69970703125,-0.2197265625,4.06494140625,0.048828125,5.8349609375,-0.341796875,3.25927734375,-0.09765625,4.11376953125,0.341796875,2.8564453125,0.2685546875,2.03857421875,0.01220703125,3.62548828125,0.1708984375,-0.8056640625,-0.03662109375,-0.35400390625,0,-1.0009765625,-0.1708984375,-0.79345703125,0.08544921875,-1.513671875,0.08544921875,-0.3662109375,0.2197265625,-0.52490234375,0.1953125,-1.77001953125,0.01220703125,-0.68359375,0.03662109375,-0.6103515625,-0.06103515625,-0.64697265625,0.06103515625,-0.048828125,0.08544921875,-0.74462890625,-0.18310546875,-1.47705078125,-0.09765625,-1.15966796875,-0.244140625,0.10986328125,0.18310546875,0.32958984375,0.15869140625,0,-0.0732421875,-0.048828125,-0.0732421875,0.1708984375,-0.09765625,1.52587890625,0.20751953125,2.6611328125,0.15869140625,0.830078125,-0.13427734375,1.30615234375
1,-0.09765625,-0.45166015625,0.1708984375,-0.341796875,-0.09765625,-0.4638671875,-0.048828125,-0.06103515625,0.10986328125,-0.06103515625,-0.0732421875,-0.927734375,-0.40283203125,1.03759765625,-0.25634765625,-0.146484375,-0.1708984375,-0.57373046875,0.01220703125,-0.1220703125,-0.4638671875,0.86669921875,-0.03662109375,-0.62255859375,0.03662109375,1.62353515625,-0.06103515625,0.96435546875,-0.244140625,3.22265625,-0.0244140625,7.18994140625,-0.23193359375,0.59814453125,0.439453125,2.79541015625,-0.08544921875,0.30517578125,-0.08544921875,0.2685546875,-0.1220703125,-0.23193359375,0.244140625,-0.7080078125,0,-0.42724609375,-0.2197265625,0.54931640625,-0.0244140625,6.2744140625,0.2197265625,1.52587890625,0.0732421875,0.4638671875,-0.50048828125,1.67236328125,-0.146484375,0.6591796875,-0.09765625,0.47607421875,0.4150390625,0.48828125,-0.48828125,0.01220703125,0.08544921875,4.99267578125,-0.3173828125,4.2724609375,0.15869140625,6.2744140625,-0.30517578125,3.4423828125,-0.15869140625,5.60302734375,0.3662109375,3.4423828125,0.30517578125,2.69775390625,-0.01220703125,4.35791015625,0.10986328125,-0.89111328125,-0.0244140625,-0.37841796875,-0.0732421875,-1.025390625,-0.146484375,-0.830078125,0,-1.513671875,0.09765625,-0.3662109375,0.2685546875,-0.5126953125,0.23193359375,-1.67236328125,-0.0244140625,-0.68359375,0.03662109375,-0.634765625,-0.0732421875,-0.634765625,-0.01220703125,-0.0732421875,0.048828125,-0.96435546875,-0.244140625,-1.6845703125,-0.146484375,-1.318359375,-0.30517578125,-0.54931640625,0.18310546875,0.32958984375,0.1708984375,0,-0.0732421875,-0.048828125,-0.0732421875,0.1953125,-0.10986328125,2.23388671875,0.15869140625,3.80859375,0.10986328125,1.42822265625,-0.146484375,2.1240234375
1,-0.10986328125,-0.439453125,0.18310546875,-0.35400390625,-0.1953125,-0.4638671875,-0.0244140625,-0.0732421875,0.0732421875,-0.03662109375,0.06103515625,-0.927734375,-0.37841796875,1.03759765625,-0.25634765625,-0.1220703125,-0.15869140625,-0.57373046875,0.01220703125,-0.10986328125,-0.42724609375,0.87890625,-0.048828125,-0.634765625,-0.01220703125,1.611328125,-0.01220703125,0.9521484375,-0.29296875,3.1494140625,0.146484375,7.21435546875,-0.1953125,0.5126953125,0.42724609375,2.5146484375,-0.0732421875,0.244140625,-0.03662109375,0.18310546875,-0.20751953125,-0.25634765625,0.341796875,-0.69580078125,-0.01220703125,-0.42724609375,-0.1953125,0.537109375,-0.06103515625,6.99462890625,0.146484375,1.67236328125,0.09765625,0.5859375,-0.439453125,1.7822265625,-0.10986328125,0.69580078125,-0.146484375,0.47607421875,0.40283203125,0.48828125,-0.50048828125,0.0244140625,0.09765625,5.09033203125,-0.3173828125,4.345703125,0.2197265625,6.48193359375,-0.25634765625,3.52783203125,-0.30517578125,7.21435546875,0.4150390625,4.06494140625,0.29296875,3.3935546875,-0.13427734375,5.13916015625,0.0244140625,-1.0498046875,-0.0244140625,-0.439453125,-0.244140625,-1.06201171875,-0.15869140625,-0.87890625,-0.06103515625,-1.4892578125,0.08544921875,-0.37841796875,0.35400390625,-0.47607421875,0.1953125,-1.47705078125,-0.0732421875,-0.6591796875,0.03662109375,-0.634765625,-0.10986328125,-0.6103515625,-0.10986328125,-0.0732421875,0.01220703125,-1.123046875,-0.28076171875,-1.8310546875,-0.13427734375,-1.416015625,-0.35400390625,-0.9521484375,0.18310546875,0.32958984375,0.09765625,-0.01220703125,-0.06103515625,-0.048828125,-0.06103515625,0.1708984375,-0.08544921875,3.02734375,0.23193359375,5.06591796875,0.146484375,2.08740234375,-0.1220703125,3.11279296875
1,-0.1220703125,-0.40283203125,0.15869140625,-0.37841796875,-0.2685546875,-0.45166015625,0.0244140625,-0.09765625,0.01220703125,-0.048828125,0.18310546875,-0.927734375,-0.30517578125,1.025390625,-0.2685546875,-0.13427734375,-0.1953125,-0.5859375,0.0732421875,-0.13427734375,-0.4638671875,0.89111328125,-0.01220703125,-0.634765625,-0.048828125,1.5380859375,0.0244140625,0.87890625,-0.30517578125,3.02734375,0.25634765625,7.03125,-0.18310546875,0.390625,0.3173828125,2.18505859375,-0.048828125,0.146484375,0.01220703125,0.08544921875,-0.29296875,-0.244140625,0.40283203125,-0.69580078125,-0.03662109375,-0.439453125,-0.1953125,0.52490234375,-0.1220703125,7.50732421875,0.09765625,1.79443359375,0.06103515625,0.69580078125,-0.32958984375,1.86767578125,-0.10986328125,0.69580078125,-0.18310546875,0.48828125,0.390625,0.47607421875,-0.5126953125,0.0244140625,0.13427734375,5.0048828125,-0.244140625,4.30908203125,0.15869140625,6.50634765625,-0.1708984375,3.47900390625,-0.390625,8.7890625,0.439453125,4.6875,0.2197265625,4.08935546875,-0.1708984375,5.92041015625,-0.01220703125,-1.23291015625,0.01220703125,-0.537109375,-0.341796875,-1.0986328125,-0.1220703125,-0.9521484375,-0.10986328125,-1.47705078125,0.06103515625,-0.35400390625,0.47607421875,-0.45166015625,0.146484375,-1.23291015625,-0.08544921875,-0.6591796875,-0.01220703125,-0.634765625,-0.1220703125,-0.6103515625,-0.20751953125,-0.048828125,0.01220703125,-1.18408203125,-0.29296875,-1.89208984375,-0.13427734375,-1.4404296875,-0.390625,-1.06201171875,0.2197265625,0.30517578125,0.08544921875,0,-0.0732421875,-0.06103515625,-0.06103515625,0.1708984375,-0.0732421875,3.89404296875,0.146484375,6.34765625,0.13427734375,2.77099609375,-0.10986328125,4.1259765625
0,-0.1220703125,-0.37841796875,0.15869140625,-0.40283203125,-0.32958984375,-0.4638671875,0.0732421875,-0.09765625,0,-0.048828125,0.23193359375,-0.927734375,-0.1953125,1.06201171875,-0.29296875,-0.146484375,-0.2197265625,-0.5615234375,0.1220703125,-0.13427734375,-0.48828125,0.89111328125,0.01220703125,-0.634765625,-0.048828125,1.42822265625,0.048828125,0.79345703125,-0.244140625,2.84423828125,0.1708984375,6.67724609375,-0.1953125,0.28076171875,0.20751953125,1.8798828125,-0.08544921875,0.0732421875,0.03662109375,0.0244140625,-0.29296875,-0.244140625,0.439453125,-0.7080078125,-0.1220703125,-0.42724609375,-0.18310546875,0.52490234375,-0.01220703125,7.7880859375,0.0732421875,1.84326171875,0.01220703125,0.78125,-0.244140625,1.904296875,-0.09765625,0.72021484375,-0.2197265625,0.5126953125,0.390625,0.47607421875,-0.52490234375,0.0244140625,0.15869140625,4.79736328125,-0.18310546875,4.18701171875,0.048828125,6.34765625,-0.1220703125,3.3447265625,-0.390625,10.14404296875,0.50048828125,5.2490234375,0.13427734375,4.69970703125,-0.1953125,6.640625,-0.0244140625,-1.42822265625,0.048828125,-0.59814453125,-0.37841796875,-1.1474609375,-0.10986328125,-0.96435546875,-0.13427734375,-1.4404296875,0.06103515625,-0.341796875,0.537109375,-0.42724609375,0.048828125,-1.03759765625,-0.10986328125,-0.64697265625,-0.03662109375,-0.64697265625,-0.1220703125,-0.6103515625,-0.2685546875,-0.03662109375,0.01220703125,-1.171875,-0.28076171875,-1.89208984375,-0.10986328125,-1.416015625,-0.390625,-0.96435546875,0.2197265625,0.3173828125,0.0244140625,0,-0.06103515625,-0.06103515625,-0.06103515625,0.1708984375,-0.09765625,4.69970703125,0.06103515625,7.51953125,0.1220703125,3.43017578125,-0.1220703125,5.11474609375
0,-0.0732421875,-0.35400390625,0.146484375,-0.42724609375,-0.35400390625,-0.4638671875,0.09765625,-0.09765625,0,-0.048828125,0.244140625,-0.927734375,-0.08544921875,1.0498046875,-0.28076171875,-0.146484375,-0.2685546875,-0.57373046875,0.18310546875,-0.1220703125,-0.48828125,0.927734375,0.03662109375,-0.62255859375,-0.03662109375,1.2939453125,0.048828125,0.6591796875,-0.18310546875,2.6611328125,0.09765625,6.201171875,-0.15869140625,0.25634765625,0.1953125,1.6357421875,-0.09765625,0.06103515625,0.13427734375,-0.048828125,-0.25634765625,-0.23193359375,0.4638671875,-0.69580078125,-0.13427734375,-0.4150390625,-0.10986328125,0.5126953125,0.048828125,7.7880859375,-0.08544921875,1.84326171875,-0.08544921875,0.78125,-0.146484375,1.8798828125,-0.0732421875,0.7080078125,-0.18310546875,0.50048828125,0.42724609375,0.4638671875,-0.5126953125,0.01220703125,0.1953125,4.4921875,-0.09765625,3.96728515625,-0.01220703125,5.9814453125,-0.03662109375,3.125,-0.32958984375,11.19384765625,0.52490234375,5.615234375,0.048828125,5.18798828125,-0.23193359375,7.18994140625,-0.08544921875,-1.5869140625,0.048828125,-0.634765625,-0.42724609375,-1.15966796875,-0.10986328125,-1.0009765625,-0.1220703125,-1.4404296875,0.0732421875,-0.341796875,0.6103515625,-0.439453125,-0.03662109375,-0.927734375,-0.13427734375,-0.68359375,-0.03662109375,-0.6591796875,-0.1220703125,-0.57373046875,-0.25634765625,-0.0244140625,0,-1.13525390625,-0.28076171875,-1.84326171875,-0.06103515625,-1.3671875,-0.390625,-0.69580078125,0.2197265625,0.3173828125,0.0244140625,0.0244140625,-0.0732421875,-0.048828125,-0.0732421875,0.1708984375,-0.08544921875,5.35888671875,0.146484375,8.48388671875,0.15869140625,3.9794921875,-0.0732421875,5.92041015625
0,-0.10986328125,-0.35400390625,0.13427734375,-0.42724609375,-0.35400390625,-0.47607421875,0.09765625,-0.1220703125,0,-0.0732421875,0.18310546875,-0.91552734375,0.0244140625,1.06201171875,-0.2685546875,-0.15869140625,-0.29296875,-0.57373046875,0.25634765625,-0.13427734375,-0.50048828125,0.9033203125,0.08544921875,-0.6103515625,0,1.171875,0.03662109375,0.54931640625,-0.048828125,2.50244140625,0,5.72509765625,-0.13427734375,0.23193359375,0.08544921875,1.4892578125,-0.10986328125,0.048828125,0.10986328125,-0.10986328125,-0.146484375,-0.2197265625,0.4150390625,-0.68359375,-0.1708984375,-0.4150390625,-0.0732421875,0.537109375,0.0732421875,7.55615234375,-0.1220703125,1.806640625,-0.18310546875,0.76904296875,-0.08544921875,1.806640625,-0.0732421875,0.68359375,-0.13427734375,0.50048828125,0.45166015625,0.439453125,-0.40283203125,0,0.2197265625,4.1259765625,-0.0244140625,3.6865234375,-0.06103515625,5.5419921875,0,2.89306640625,-0.20751953125,11.85302734375,0.47607421875,5.8349609375,-0.0732421875,5.45654296875,-0.23193359375,7.568359375,-0.06103515625,-1.59912109375,0.0732421875,-0.62255859375,-0.40283203125,-1.13525390625,-0.0732421875,-0.96435546875,-0.1220703125,-1.45263671875,0.08544921875,-0.32958984375,0.5615234375,-0.439453125,0.01220703125,-0.9033203125,-0.146484375,-0.69580078125,-0.06103515625,-0.67138671875,-0.10986328125,-0.5615234375,-0.2197265625,-0.0244140625,0,-1.0498046875,-0.3173828125,-1.7822265625,-0.06103515625,-1.26953125,-0.37841796875,-0.35400390625,0.20751953125,0.30517578125,0.0244140625,0.03662109375,-0.0732421875,-0.048828125,-0.08544921875,0.15869140625,-0.048828125,5.87158203125,0.08544921875,9.16748046875,0.15869140625,4.35791015625,-0.08544921875,6.53076171875
0,-0.09765625,-0.32958984375,0.13427734375,-0.439453125,-0.37841796875,-0.4638671875,0.10986328125,-0.1220703125,-0.03662109375,-0.08544921875,0.09765625,-0.927734375,0.09765625,1.07421875,-0.2197265625,-0.20751953125,-0.30517578125,-0.5859375,0.30517578125,-0.15869140625,-0.48828125,0.86669921875,0.1220703125,-0.59814453125,0.0732421875,1.07421875,-0.01220703125,0.45166015625,0.08544921875,2.3681640625,-0.1220703125,5.2978515625,-0.10986328125,0.23193359375,0,1.42822265625,-0.0732421875,0.048828125,0.0732421875,-0.1220703125,-0.03662109375,-0.2197265625,0.341796875,-0.69580078125,-0.13427734375,-0.40283203125,-0.01220703125,0.5615234375,0.15869140625,7.06787109375,-0.13427734375,1.72119140625,-0.28076171875,0.72021484375,-0.01220703125,1.708984375,-0.048828125,0.68359375,-0.06103515625,0.50048828125,0.4638671875,0.45166015625,-0.29296875,0,0.1708984375,3.74755859375,0.03662109375,3.40576171875,-0.03662109375,5.078125,0.0244140625,2.64892578125,-0.13427734375,12.0361328125,0.4150390625,5.89599609375,-0.1708984375,5.52978515625,-0.18310546875,7.666015625,-0.06103515625,-1.57470703125,0.0732421875,-0.5615234375,-0.35400390625,-1.11083984375,-0.01220703125,-0.96435546875,-0.06103515625,-1.47705078125,0.1220703125,-0.341796875,0.45166015625,-0.47607421875,-0.03662109375,-1.025390625,-0.1220703125,-0.69580078125,-0.048828125,-0.6591796875,-0.08544921875,-0.54931640625,-0.18310546875,-0.0244140625,-0.01220703125,-0.9521484375,-0.35400390625,-1.6845703125,-0.06103515625,-1.1962890625,-0.30517578125,0.01220703125,0.20751953125,0.32958984375,0.01220703125,0.03662109375,-0.06103515625,-0.048828125,-0.09765625,0.15869140625,-0.06103515625,6.16455078125,0.0244140625,9.47265625,0.1708984375,4.55322265625,-0.0732421875,6.87255859375
0,-0.10986328125,-0.341796875,0.1220703125,-0.40283203125,-0.4150390625,-0.45166015625,0.06103515625,-0.09765625,-0.06103515625,-0.08544921875,0.01220703125,-0.9033203125,0.10986328125,1.08642578125,-0.18310546875,-0.18310546875,-0.3173828125,-0.57373046875,0.3173828125,-0.15869140625,-0.45166015625,0.87890625,0.146484375,-0.59814453125,0.10986328125,0.9765625,-0.048828125,0.3662109375,0.146484375,2.294921875,-0.15869140625,4.9560546875,-0.1220703125,0.2197265625,-0.0244140625,1.46484375,-0.01220703125,0.06103515625,0.03662109375,-0.10986328125,0,-0.23193359375,0.28076171875,-0.7080078125,-0.03662109375,-0.4150390625,0.01220703125,0.5859375,0.15869140625,6.48193359375,-0.1953125,1.5869140625,-0.3662109375,0.62255859375,0.01220703125,1.611328125,-0.0732421875,0.68359375,0.01220703125,0.48828125,0.47607421875,0.45166015625,-0.18310546875,-0.01220703125,0.146484375,3.41796875,0.15869140625,3.1494140625,0.03662109375,4.6142578125,0.0732421875,2.42919921875,-0.08544921875,11.767578125,0.341796875,5.712890625,-0.2197265625,5.3955078125,-0.13427734375,7.568359375,-0.06103515625,-1.4404296875,0.0732421875,-0.4638671875,-0.3173828125,-1.07421875,0.03662109375,-0.89111328125,0.01220703125,-1.52587890625,0.13427734375,-0.32958984375,0.35400390625,-0.48828125,-0.0244140625,-1.20849609375,-0.146484375,-0.69580078125,-0.01220703125,-0.6591796875,-0.03662109375,-0.57373046875,-0.1220703125,-0.03662109375,0,-0.87890625,-0.390625,-1.611328125,-0.06103515625,-1.123046875,-0.23193359375,0.29296875,0.1953125,0.30517578125,0.0244140625,0.06103515625,-0.0732421875,-0.048828125,-0.09765625,0.15869140625,-0.0732421875,6.201171875,-0.0244140625,9.46044921875,0.15869140625,4.52880859375,-0.048828125,6.94580078125
0,-0.09765625,-0.35400390625,0.13427734375,-0.3662109375,-0.40283203125,-0.45166015625,0.06103515625,-0.06103515625,-0.08544921875,-0.10986328125,-0.03662109375,-0.91552734375,0.09765625,1.07421875,-0.146484375,-0.15869140625,-0.30517578125,-0.5615234375,0.28076171875,-0.146484375,-0.37841796875,0.830078125,0.10986328125,-0.59814453125,0.15869140625,0.96435546875,-0.09765625,0.341796875,0.23193359375,2.2705078125,-0.1220703125,4.736328125,-0.1220703125,0.28076171875,-0.03662109375,1.59912109375,0.03662109375,0.0732421875,0.01220703125,-0.08544921875,0.048828125,-0.244140625,0.2197265625,-0.72021484375,0.06103515625,-0.4150390625,0.03662109375,0.59814453125,0.13427734375,5.84716796875,-0.146484375,1.45263671875,-0.40283203125,0.537109375,0.06103515625,1.50146484375,-0.1220703125,0.6591796875,0.06103515625,0.48828125,0.50048828125,0.45166015625,-0.06103515625,-0.01220703125,0.08544921875,3.173828125,0.18310546875,2.94189453125,0.06103515625,4.26025390625,0.09765625,2.25830078125,-0.03662109375,11.09619140625,0.28076171875,5.38330078125,-0.28076171875,5.06591796875,-0.08544921875,7.18994140625,-0.06103515625,-1.2451171875,0.09765625,-0.3173828125,-0.28076171875,-1.01318359375,0.1220703125,-0.8056640625,0.09765625,-1.5380859375,0.1220703125,-0.35400390625,0.2197265625,-0.537109375,0.03662109375,-1.4404296875,-0.1708984375,-0.72021484375,-0.01220703125,-0.634765625,0.0244140625,-0.5859375,-0.0732421875,-0.01220703125,0.0244140625,-0.79345703125,-0.4150390625,-1.52587890625,-0.06103515625,-1.0986328125,-0.146484375,0.4638671875,0.18310546875,0.32958984375,0.03662109375,0.0732421875,-0.06103515625,-0.048828125,-0.10986328125,0.1708984375,-0.06103515625,6.0302734375,-0.048828125,9.130859375,0.15869140625,4.345703125,-0.048828125,6.73828125
0,-0.06103515625,-0.390625,0.13427734375,-0.341796875,-0.4150390625,-0.45166015625,0.06103515625,-0.048828125,-0.1708984375,-0.09765625,-0.06103515625,-0.9033203125,0.08544921875,1.0498046875,-0.13427734375,-0.146484375,-0.2685546875,-0.54931640625,0.23193359375,-0.13427734375,-0.3173828125,0.830078125,0.0732421875,-0.59814453125,0.20751953125,0.9521484375,-0.15869140625,0.3173828125,0.29296875,2.28271484375,-0.1220703125,4.69970703125,-0.146484375,0.30517578125,-0.048828125,1.72119140625,0.0732421875,0.10986328125,0,-0.0732421875,0.0732421875,-0.2685546875,0.15869140625,-0.7080078125,0.18310546875,-0.42724609375,0,0.5859375,0.1220703125,5.28564453125,-0.13427734375,1.318359375,-0.42724609375,0.4150390625,0.1220703125,1.3916015625,-0.18310546875,0.6591796875,0.09765625,0.47607421875,0.52490234375,0.4638671875,0,-0.01220703125,0.06103515625,3.0029296875,0.20751953125,2.79541015625,0.08544921875,4.04052734375,0.0732421875,2.13623046875,-0.06103515625,10.0830078125,0.25634765625,4.931640625,-0.2197265625,4.60205078125,-0.03662109375,6.65283203125,-0.06103515625,-1.03759765625,0.0732421875,-0.18310546875,-0.23193359375,-0.9521484375,0.10986328125,-0.7080078125,0.146484375,-1.5869140625,0.08544921875,-0.35400390625,0.0244140625,-0.537109375,0.03662109375,-1.64794921875,-0.1708984375,-0.732421875,0.03662109375,-0.62255859375,0.06103515625,-0.59814453125,-0.0244140625,-0.03662109375,0.0244140625,-0.7568359375,-0.40283203125,-1.50146484375,-0.08544921875,-1.07421875,-0.03662109375,0.47607421875,0.1708984375,0.32958984375,0.03662109375,0.08544921875,-0.06103515625,-0.03662109375,-0.13427734375,0.15869140625,-0.06103515625,5.67626953125,-0.03662109375,8.5693359375,0.15869140625,4.0283203125,-0.0244140625,6.3232421875
0,-0.08544921875,-0.4150390625,0.13427734375,-0.3173828125,-0.37841796875,-0.439453125,0.06103515625,-0.0244140625,-0.25634765625,-0.10986328125,-0.06103515625,-0.91552734375,0.03662109375,1.06201171875,-0.13427734375,-0.13427734375,-0.1708984375,-0.54931640625,0.15869140625,-0.13427734375,-0.28076171875,0.8056640625,0.0732421875,-0.59814453125,0.25634765625,1.0009765625,-0.23193359375,0.3173828125,0.3173828125,2.30712890625,-0.10986328125,4.74853515625,-0.18310546875,0.3173828125,-0.048828125,1.79443359375,0.08544921875,0.09765625,-0.0244140625,-0.06103515625,0.03662109375,-0.2685546875,0.10986328125,-0.732421875,0.2685546875,-0.4150390625,-0.048828125,0.59814453125,0.23193359375,4.89501953125,-0.08544921875,1.220703125,-0.4638671875,0.32958984375,0.08544921875,1.318359375,-0.23193359375,0.64697265625,0.1708984375,0.4638671875,0.52490234375,0.48828125,0.10986328125,0,0.03662109375,2.9296875,0.23193359375,2.734375,0.06103515625,3.9306640625,0.0244140625,2.099609375,-0.048828125,8.8134765625,0.18310546875,4.3701171875,-0.146484375,3.99169921875,-0.048828125,5.95703125,0,-0.8544921875,0.03662109375,-0.06103515625,-0.244140625,-0.87890625,0.0732421875,-0.6103515625,0.15869140625,-1.57470703125,0.0732421875,-0.37841796875,-0.10986328125,-0.54931640625,0.048828125,-1.7578125,-0.1708984375,-0.74462890625,0.0732421875,-0.634765625,0.048828125,-0.634765625,0.01220703125,-0.06103515625,0.03662109375,-0.76904296875,-0.35400390625,-1.50146484375,-0.13427734375,-1.08642578125,-0.06103515625,0.390625,0.13427734375,0.32958984375,0.03662109375,0.0732421875,-0.06103515625,-0.03662109375,-0.13427734375,0.13427734375,-0.08544921875,5.16357421875,-0.06103515625,7.8369140625,0.15869140625,3.60107421875,0.0244140625,5.77392578125
0,-0.09765625,-0.42724609375,0.10986328125,-0.32958984375,-0.37841796875,-0.4638671875,0.048828125,-0.03662109375,-0.3662109375,-0.10986328125,-0.01220703125,-0.91552734375,0.01220703125,1.03759765625,-0.13427734375,-0.13427734375,-0.10986328125,-0.54931640625,0.1220703125,-0.13427734375,-0.32958984375,0.830078125,0.06103515625,-0.6103515625,0.2685546875,1.03759765625,-0.28076171875,0.341796875,0.32958984375,2.35595703125,-0.0732421875,4.87060546875,-0.23193359375,0.2685546875,0.048828125,1.72119140625,0.0732421875,0.048828125,-0.08544921875,-0.10986328125,0.0244140625,-0.28076171875,0.08544921875,-0.7568359375,0.341796875,-0.4150390625,-0.10986328125,0.59814453125,0.15869140625,4.6630859375,-0.0244140625,1.1474609375,-0.48828125,0.2685546875,0.0732421875,1.26953125,-0.23193359375,0.64697265625,0.23193359375,0.4638671875,0.5126953125,0.48828125,0.15869140625,0.0244140625,0.048828125,2.89306640625,0.23193359375,2.7099609375,0.0732421875,3.94287109375,-0.048828125,2.08740234375,-0.06103515625,7.38525390625,0.1708984375,3.7353515625,-0.08544921875,3.3447265625,-0.08544921875,5.17578125,0.06103515625,-0.732421875,-0.0244140625,0.0244140625,-0.244140625,-0.8544921875,0.03662109375,-0.5615234375,0.18310546875,-1.59912109375,0.06103515625,-0.390625,-0.18310546875,-0.537109375,-0.0244140625,-1.7822265625,-0.15869140625,-0.74462890625,0.10986328125,-0.64697265625,0,-0.64697265625,0.048828125,-0.0732421875,0.06103515625,-0.8056640625,-0.25634765625,-1.5380859375,-0.146484375,-1.123046875,-0.06103515625,0.244140625,0.08544921875,0.32958984375,0.0732421875,0.048828125,-0.0732421875,-0.03662109375,-0.1708984375,0.13427734375,-0.09765625,4.60205078125,-0.0732421875,7.01904296875,0.10986328125,3.16162109375,0,5.11474609375
0,-0.09765625,-0.439453125,0.10986328125,-0.341796875,-0.390625,-0.45166015625,0.048828125,-0.048828125,-0.48828125,-0.1220703125,0,-0.93994140625,0.0244140625,1.025390625,-0.1220703125,-0.146484375,-0.0732421875,-0.54931640625,0.09765625,-0.10986328125,-0.32958984375,0.84228515625,0.0732421875,-0.6103515625,0.2685546875,1.06201171875,-0.32958984375,0.37841796875,0.3173828125,2.38037109375,-0.06103515625,4.99267578125,-0.23193359375,0.2197265625,0.244140625,1.5380859375,0.08544921875,0,-0.1220703125,-0.18310546875,0.048828125,-0.2685546875,0.10986328125,-0.732421875,0.35400390625,-0.4150390625,-0.146484375,0.57373046875,0.13427734375,4.60205078125,0.01220703125,1.1474609375,-0.537109375,0.244140625,0.09765625,1.28173828125,-0.1953125,0.67138671875,0.244140625,0.47607421875,0.52490234375,0.47607421875,0.20751953125,0.0244140625,0.08544921875,2.9052734375,0.1708984375,2.72216796875,0.048828125,3.955078125,-0.10986328125,2.0751953125,-0.08544921875,5.87158203125,0.13427734375,3.1005859375,0.0244140625,2.6611328125,-0.10986328125,4.345703125,0.09765625,-0.68359375,-0.06103515625,0.08544921875,-0.28076171875,-0.830078125,-0.09765625,-0.537109375,0.146484375,-1.5625,0.01220703125,-0.37841796875,-0.244140625,-0.5126953125,-0.06103515625,-1.708984375,-0.1220703125,-0.732421875,0.146484375,-0.64697265625,-0.06103515625,-0.64697265625,0.06103515625,-0.06103515625,0.048828125,-0.830078125,-0.20751953125,-1.57470703125,-0.20751953125,-1.171875,-0.09765625,0.06103515625,0.06103515625,0.3173828125,0.0732421875,0.03662109375,-0.06103515625,-0.06103515625,-0.1708984375,0.15869140625,-0.08544921875,3.99169921875,-0.08544921875,6.23779296875,0.09765625,2.685546875,0.0244140625,4.43115234375
0,-0.10986328125,-0.4638671875,0.09765625,-0.3662109375,-0.390625,-0.4638671875,0.048828125,-0.08544921875,-0.59814453125,-0.10986328125,0.0244140625,-0.93994140625,0.0244140625,1.025390625,-0.13427734375,-0.13427734375,-0.0732421875,-0.54931640625,0.08544921875,-0.13427734375,-0.32958984375,0.84228515625,0.0732421875,-0.62255859375,0.18310546875,1.07421875,-0.3173828125,0.390625,0.29296875,2.3681640625,-0.048828125,5.01708984375,-0.25634765625,0.08544921875,0.3662109375,1.15966796875,0.08544921875,-0.10986328125,-0.15869140625,-0.28076171875,0.06103515625,-0.28076171875,0.10986328125,-0.732421875,0.30517578125,-0.40283203125,-0.146484375,0.54931640625,0.1708984375,4.6875,0.03662109375,1.15966796875,-0.54931640625,0.29296875,0.01220703125,1.30615234375,-0.18310546875,0.68359375,0.23193359375,0.45166015625,0.48828125,0.48828125,0.25634765625,0.01220703125,0.13427734375,2.880859375,0.10986328125,2.7099609375,0.09765625,3.9306640625,-0.10986328125,2.06298828125,-0.1220703125,4.38232421875,0.10986328125,2.45361328125,0.06103515625,1.953125,-0.15869140625,3.55224609375,0.0732421875,-0.7080078125,-0.0732421875,0.10986328125,-0.29296875,-0.84228515625,-0.15869140625,-0.5126953125,0.13427734375,-1.5380859375,0.0244140625,-0.37841796875,-0.2197265625,-0.50048828125,-0.03662109375,-1.55029296875,-0.10986328125,-0.732421875,0.146484375,-0.64697265625,-0.10986328125,-0.64697265625,0.01220703125,-0.0732421875,0.0244140625,-0.87890625,-0.1953125,-1.62353515625,-0.28076171875,-1.20849609375,-0.18310546875,-0.10986328125,0.01220703125,0.32958984375,0.08544921875,0,-0.0732421875,-0.03662109375,-0.1708984375,0.13427734375,-0.10986328125,3.40576171875,-0.1220703125,5.4931640625,0.0732421875,2.24609375,0.03662109375,3.74755859375
0,-0.08544921875,-0.45166015625,0.08544921875,-0.37841796875,-0.42724609375,-0.4638671875,0.0732421875,-0.09765625,-0.6591796875,-0.10986328125,0.0244140625,-0.93994140625,0.0244140625,1.03759765625,-0.146484375,-0.1708984375,-0.10986328125,-0.54931640625,0.09765625,-0.10986328125,-0.37841796875,0.8544921875,0.08544921875,-0.62255859375,0.09765625,1.025390625,-0.30517578125,0.35400390625,0.23193359375,2.3193359375,-0.0732421875,4.91943359375,-0.2197265625,-0.048828125,0.439453125,0.634765625,0.08544921875,-0.23193359375,-0.18310546875,-0.42724609375,0.06103515625,-0.25634765625,0.146484375,-0.72021484375,0.2197265625,-0.4150390625,-0.15869140625,0.52490234375,0.15869140625,4.84619140625,0.0244140625,1.1962890625,-0.48828125,0.32958984375,-0.0244140625,1.3427734375,-0.09765625,0.6591796875,0.1953125,0.47607421875,0.42724609375,0.47607421875,0.2197265625,0.0244140625,0.18310546875,2.8076171875,0.048828125,2.67333984375,0.08544921875,3.8330078125,-0.1220703125,1.98974609375,-0.20751953125,2.9541015625,0.08544921875,1.91650390625,0.1220703125,1.2939453125,-0.1953125,2.8076171875,0.09765625,-0.8056640625,-0.048828125,0.06103515625,-0.29296875,-0.86669921875,-0.2197265625,-0.537109375,0.1220703125,-1.5380859375,-0.0244140625,-0.3662109375,-0.2197265625,-0.47607421875,-0.01220703125,-1.3427734375,-0.06103515625,-0.72021484375,0.08544921875,-0.6591796875,-0.1708984375,-0.6591796875,-0.03662109375,-0.06103515625,0.06103515625,-0.9033203125,-0.08544921875,-1.6357421875,-0.3173828125,-1.220703125,-0.18310546875,-0.18310546875,-0.01220703125,0.3173828125,0.09765625,-0.0244140625,-0.06103515625,-0.03662109375,-0.18310546875,0.146484375,-0.10986328125,2.86865234375,-0.13427734375,4.82177734375,0.03662109375,1.85546875,0.0244140625,3.13720703125
0,-0.0244140625,-0.439453125,0.08544921875,-0.390625,-0.42724609375,-0.4638671875,0.0732421875,-0.10986328125,-0.64697265625,-0.08544921875,0.01220703125,-0.9521484375,0.01220703125,1.03759765625,-0.10986328125,-0.146484375,-0.1708984375,-0.54931640625,0.08544921875,-0.1220703125,-0.37841796875,0.84228515625,0.10986328125,-0.62255859375,0.03662109375,0.927734375,-0.32958984375,0.2685546875,0.1708984375,2.20947265625,-0.146484375,4.6142578125,-0.20751953125,-0.2685546875,0.4150390625,0.03662109375,0.06103515625,-0.37841796875,-0.146484375,-0.5615234375,0.0732421875,-0.23193359375,0.13427734375,-0.72021484375,0.13427734375,-0.390625,-0.10986328125,0.5126953125,0.13427734375,4.98046875,0,1.2451171875,-0.47607421875,0.3662109375,-0.0732421875,1.3671875,-0.0244140625,0.6591796875,0.15869140625,0.48828125,0.37841796875,0.47607421875,0.244140625,0.0244140625,0.2197265625,2.64892578125,-0.01220703125,2.5634765625,0.0732421875,3.57666015625,-0.1220703125,1.86767578125,-0.25634765625,1.67236328125,0.048828125,1.40380859375,0.10986328125,0.72021484375,-0.1953125,2.1240234375,0.0732421875,-0.93994140625,-0.01220703125,0.01220703125,-0.30517578125,-0.91552734375,-0.2197265625,-0.5615234375,0.0244140625,-1.52587890625,-0.06103515625,-0.341796875,-0.1953125,-0.4638671875,0.03662109375,-1.13525390625,-0.09765625,-0.7080078125,0.0244140625,-0.68359375,-0.18310546875,-0.6591796875,-0.0732421875,-0.08544921875,0.048828125,-0.89111328125,-0.0244140625,-1.611328125,-0.390625,-1.20849609375,-0.23193359375,-0.18310546875,-0.0244140625,0.32958984375,0.09765625,-0.0732421875,-0.08544921875,-0.0244140625,-0.1953125,0.15869140625,-0.09765625,2.35595703125,-0.146484375,4.23583984375,0.01220703125,1.4892578125,0,2.57568359375
1,-0.0732421875,-0.45166015625,0.0732421875,-0.390625,-0.37841796875,-0.4638671875,0.01220703125,-0.09765625,-0.5615234375,-0.08544921875,-0.01220703125,-0.9521484375,0.03662109375,1.025390625,-0.08544921875,-0.1220703125,-0.2197265625,-0.57373046875,0.10986328125,-0.1220703125,-0.29296875,0.8544921875,0.09765625,-0.634765625,-0.03662109375,0.7568359375,-0.2685546875,0.1708984375,0.0732421875,2.05078125,-0.18310546875,4.052734375,-0.1953125,-0.42724609375,0.4150390625,-0.57373046875,0.01220703125,-0.4638671875,-0.10986328125,-0.732421875,0.06103515625,-0.20751953125,0.146484375,-0.7080078125,0.03662109375,-0.390625,-0.048828125,0.52490234375,0.1953125,5.01708984375,0.0244140625,1.28173828125,-0.45166015625,0.390625,-0.18310546875,1.37939453125,0.03662109375,0.64697265625,0.10986328125,0.47607421875,0.32958984375,0.47607421875,0.25634765625,0.01220703125,0.25634765625,2.392578125,-0.03662109375,2.392578125,0.0244140625,3.173828125,-0.10986328125,1.708984375,-0.341796875,0.57373046875,0.06103515625,1.0009765625,0.08544921875,0.2197265625,-0.15869140625,1.55029296875,0.048828125,-1.08642578125,0.03662109375,-0.06103515625,-0.30517578125,-0.9765625,-0.1953125,-0.62255859375,-0.06103515625,-1.52587890625,-0.08544921875,-0.32958984375,-0.15869140625,-0.45166015625,0.0244140625,-0.98876953125,-0.13427734375,-0.72021484375,-0.0244140625,-0.67138671875,-0.20751953125,-0.62255859375,-0.1220703125,-0.0732421875,0.048828125,-0.86669921875,-0.0244140625,-1.5869140625,-0.45166015625,-1.171875,-0.30517578125,-0.1220703125,-0.0244140625,0.32958984375,0.08544921875,-0.0732421875,-0.0732421875,-0.01220703125,-0.18310546875,0.1708984375,-0.08544921875,1.89208984375,-0.1708984375,3.67431640625,0,1.15966796875,0.01220703125,2.0263671875
1,-0.09765625,-0.4150390625,0.048828125,-0.40283203125,-0.32958984375,-0.4638671875,-0.0244140625,-0.09765625,-0.4638671875,-0.09765625,-0.048828125,-0.93994140625,-0.0244140625,1.025390625,-0.048828125,-0.13427734375,-0.2685546875,-0.57373046875,0.1708984375,-0.13427734375,-0.3173828125,0.86669921875,0.048828125,-0.62255859375,-0.08544921875,0.59814453125,-0.20751953125,-0.0244140625,-0.0244140625,1.85546875,-0.08544921875,3.3447265625,-0.18310546875,-0.54931640625,0.390625,-1.07421875,-0.06103515625,-0.5615234375,-0.06103515625,-0.8544921875,0.048828125,-0.1953125,0.1220703125,-0.72021484375,-0.048828125,-0.390625,0.0244140625,0.52490234375,0.3173828125,4.87060546875,0.0244140625,1.26953125,-0.4150390625,0.35400390625,-0.25634765625,1.3427734375,0.10986328125,0.6591796875,0.09765625,0.5126953125,0.244140625,0.4638671875,0.18310546875,0.01220703125,0.3173828125,2.06298828125,-0.146484375,2.1240234375,-0.048828125,2.6123046875,-0.0732421875,1.45263671875,-0.40283203125,-0.30517578125,0.03662109375,0.6591796875,0.06103515625,-0.15869140625,-0.1220703125,1.0986328125,0.03662109375,-1.1962890625,0.10986328125,-0.1220703125,-0.29296875,-1.025390625,-0.1220703125,-0.6591796875,-0.13427734375,-1.513671875,-0.08544921875,-0.3173828125,-0.1953125,-0.45166015625,0.048828125,-0.927734375,-0.146484375,-0.69580078125,-0.0732421875,-0.68359375,-0.23193359375,-0.62255859375,-0.1220703125,-0.06103515625,0.09765625,-0.8056640625,0.0732421875,-1.52587890625,-0.40283203125,-1.123046875,-0.28076171875,0,-0.06103515625,0.35400390625,0.09765625,-0.0732421875,-0.06103515625,-0.03662109375,-0.18310546875,0.18310546875,-0.06103515625,1.50146484375,-0.1953125,3.1494140625,-0.01220703125,0.830078125,0,1.5380859375
1,-0.08544921875,-0.37841796875,0.048828125,-0.4150390625,-0.25634765625,-0.4638671875,-0.06103515625,-0.09765625,-0.341796875,-0.10986328125,-0.10986328125,-0.927734375,-0.0732421875,1.025390625,-0.048828125,-0.1708984375,-0.29296875,-0.59814453125,0.18310546875,-0.146484375,-0.3173828125,0.8544921875,0,-0.6103515625,-0.13427734375,0.35400390625,-0.146484375,-0.23193359375,-0.10986328125,1.62353515625,-0.01220703125,2.4658203125,-0.146484375,-0.634765625,0.30517578125,-1.40380859375,-0.1220703125,-0.62255859375,-0.0732421875,-0.91552734375,0.0244140625,-0.20751953125,0.09765625,-0.7080078125,-0.10986328125,-0.390625,0.048828125,0.52490234375,0.29296875,4.541015625,-0.0244140625,1.220703125,-0.37841796875,0.29296875,-0.35400390625,1.28173828125,0.146484375,0.6591796875,0.08544921875,0.5126953125,0.2197265625,0.4638671875,0.13427734375,0,0.32958984375,1.66015625,-0.18310546875,1.8798828125,-0.0732421875,2.001953125,-0.09765625,1.18408203125,-0.3662109375,-0.9033203125,0,0.37841796875,0.0732421875,-0.42724609375,-0.06103515625,0.79345703125,0.0244140625,-1.28173828125,0.15869140625,-0.15869140625,-0.2685546875,-1.06201171875,-0.048828125,-0.68359375,-0.1953125,-1.513671875,-0.0244140625,-0.30517578125,-0.28076171875,-0.47607421875,0.03662109375,-0.96435546875,-0.15869140625,-0.69580078125,-0.08544921875,-0.68359375,-0.244140625,-0.62255859375,-0.10986328125,-0.048828125,0.08544921875,-0.72021484375,0.03662109375,-1.45263671875,-0.390625,-1.07421875,-0.32958984375,0.20751953125,-0.09765625,0.32958984375,0.0732421875,-0.08544921875,-0.06103515625,-0.0244140625,-0.1708984375,0.1953125,-0.06103515625,1.08642578125,-0.20751953125,2.57568359375,-0.0244140625,0.48828125,-0.01220703125,1.025390625
1,-0.08544921875,-0.341796875,0.0244140625,-0.40283203125,-0.1953125,-0.4638671875,-0.048828125,-0.10986328125,-0.2197265625,-0.09765625,-0.15869140625,-0.91552734375,-0.15869140625,1.0498046875,-0.0244140625,-0.18310546875,-0.28076171875,-0.59814453125,0.20751953125,-0.15869140625,-0.29296875,0.84228515625,-0.03662109375,-0.59814453125,-0.18310546875,0.10986328125,-0.0732421875,-0.42724609375,-0.18310546875,1.37939453125,0.10986328125,1.57470703125,-0.10986328125,-0.67138671875,0.1953125,-1.45263671875,-0.18310546875,-0.64697265625,-0.1220703125,-0.9033203125,-0.01220703125,-0.2197265625,0.03662109375,-0.72021484375,-0.10986328125,-0.390625,0.0732421875,0.537109375,0.45166015625,4.01611328125,-0.03662109375,1.08642578125,-0.3662109375,0.15869140625,-0.45166015625,1.15966796875,0.18310546875,0.634765625,0.1220703125,0.48828125,0.1953125,0.4638671875,0.0732421875,-0.0244140625,0.3173828125,1.30615234375,-0.20751953125,1.59912109375,-0.09765625,1.416015625,-0.10986328125,0.91552734375,-0.390625,-1.23291015625,-0.0244140625,0.25634765625,0.0732421875,-0.59814453125,0.03662109375,0.62255859375,-0.01220703125,-1.318359375,0.244140625,-0.146484375,-0.2197265625,-1.0986328125,0.06103515625,-0.68359375,-0.1953125,-1.513671875,0,-0.30517578125,-0.32958984375,-0.50048828125,0.1220703125,-1.07421875,-0.146484375,-0.69580078125,-0.08544921875,-0.6591796875,-0.20751953125,-0.62255859375,-0.08544921875,-0.048828125,0.1708984375,-0.62255859375,0.03662109375,-1.3427734375,-0.32958984375,-1.0009765625,-0.3662109375,0.390625,-0.10986328125,0.32958984375,0.0732421875,-0.06103515625,-0.06103515625,-0.048828125,-0.18310546875,0.1708984375,-0.048828125,0.67138671875,-0.23193359375,2.0263671875,-0.03662109375,0.10986328125,-0.03662109375,0.48828125
1,-0.1220703125,-0.30517578125,0.048828125,-0.37841796875,-0.18310546875,-0.45166015625,-0.06103515625,-0.06103515625,-0.09765625,-0.10986328125,-0.146484375,-0.91552734375,-0.25634765625,1.0498046875,0,-0.15869140625,-0.2685546875,-0.57373046875,0.1708984375,-0.1708984375,-0.30517578125,0.8544921875,-0.06103515625,-0.6103515625,-0.1953125,-0.08544921875,0.0244140625,-0.62255859375,-0.23193359375,1.15966796875,0.13427734375,0.7080078125,-0.06103515625,-0.62255859375,0.1220703125,-1.2451171875,-0.20751953125,-0.57373046875,-0.1220703125,-0.830078125,-0.048828125,-0.244140625,-0.0244140625,-0.7080078125,-0.1220703125,-0.4150390625,0.01220703125,0.57373046875,0.45166015625,3.3203125,-0.03662109375,0.9033203125,-0.341796875,0.0244140625,-0.5615234375,1.0009765625,0.1953125,0.64697265625,0.10986328125,0.5126953125,0.13427734375,0.439453125,-0.01220703125,-0.0244140625,0.30517578125,1.03759765625,-0.244140625,1.3671875,-0.0244140625,0.93994140625,-0.09765625,0.732421875,-0.4638671875,-1.2939453125,-0.06103515625,0.2197265625,0.0244140625,-0.64697265625,0.0732421875,0.57373046875,-0.09765625,-1.28173828125,0.30517578125,-0.146484375,-0.15869140625,-1.07421875,0.15869140625,-0.68359375,-0.1708984375,-1.50146484375,0.06103515625,-0.30517578125,-0.37841796875,-0.50048828125,0.1953125,-1.23291015625,-0.1220703125,-0.7080078125,-0.08544921875,-0.64697265625,-0.15869140625,-0.64697265625,-0.0732421875,-0.048828125,0.23193359375,-0.5126953125,0.048828125,-1.25732421875,-0.2197265625,-0.91552734375,-0.35400390625,0.537109375,-0.1220703125,0.32958984375,0.048828125,-0.03662109375,-0.06103515625,-0.06103515625,-0.18310546875,0.15869140625,-0.06103515625,0.244140625,-0.23193359375,1.4404296875,-0.048828125,-0.30517578125,-0.03662109375,-0.0732421875
1,-0.0732421875,-0.30517578125,0.048828125,-0.3662109375,-0.146484375,-0.4638671875,-0.0244140625,-0.0732421875,0.03662109375,-0.10986328125,-0.08544921875,-0.91552734375,-0.3662109375,1.03759765625,0.01220703125,-0.15869140625,-0.244140625,-0.5859375,0.10986328125,-0.1708984375,-0.30517578125,0.830078125,-0.06103515625,-0.6103515625,-0.1953125,-0.244140625,0.0732421875,-0.79345703125,-0.2197265625,0.9521484375,0.10986328125,0.048828125,0.03662109375,-0.47607421875,0,-0.7568359375,-0.25634765625,-0.439453125,-0.06103515625,-0.68359375,-0.0732421875,-0.244140625,-0.10986328125,-0.7080078125,-0.08544921875,-0.439453125,-0.0244140625,0.5859375,0.48828125,2.5634765625,-0.0732421875,0.7080078125,-0.2685546875,-0.13427734375,-0.57373046875,0.8544921875,0.15869140625,0.64697265625,0.13427734375,0.48828125,0.0732421875,0.439453125,-0.09765625,-0.03662109375,0.30517578125,0.89111328125,-0.2685546875,1.2451171875,-0.03662109375,0.67138671875,-0.1220703125,0.634765625,-0.439453125,-1.15966796875,-0.01220703125,0.244140625,0.048828125,-0.62255859375,0.13427734375,0.6103515625,-0.146484375,-1.20849609375,0.3173828125,-0.13427734375,0,-1.06201171875,0.2685546875,-0.67138671875,-0.10986328125,-1.513671875,0.146484375,-0.3173828125,-0.32958984375,-0.52490234375,0.2197265625,-1.3671875,-0.1220703125,-0.7080078125,-0.08544921875,-0.634765625,-0.06103515625,-0.64697265625,-0.09765625,-0.048828125,0.1953125,-0.4150390625,-0.01220703125,-1.18408203125,-0.146484375,-0.86669921875,-0.42724609375,0.634765625,-0.10986328125,0.341796875,0.06103515625,-0.01220703125,-0.06103515625,-0.06103515625,-0.18310546875,0.15869140625,-0.03662109375,-0.18310546875,-0.23193359375,0.84228515625,-0.048828125,-0.67138671875,-0.06103515625,-0.59814453125
1,-0.1220703125,-0.25634765625,0.03662109375,-0.35400390625,-0.1220703125,-0.47607421875,-0.01220703125,-0.03662109375,0.08544921875,-0.10986328125,-0.0244140625,-0.91552734375,-0.439453125,1.06201171875,0.0244140625,-0.13427734375,-0.1708984375,-0.5859375,0.06103515625,-0.15869140625,-0.30517578125,0.830078125,-0.03662109375,-0.6103515625,-0.1708984375,-0.32958984375,0.1220703125,-0.87890625,-0.18310546875,0.81787109375,0.1220703125,-0.341796875,0.0732421875,-0.25634765625,-0.15869140625,-0.03662109375,-0.28076171875,-0.25634765625,0,-0.47607421875,-0.1220703125,-0.25634765625,-0.15869140625,-0.69580078125,-0.06103515625,-0.45166015625,-0.048828125,0.6103515625,0.4150390625,1.85546875,-0.08544921875,0.537109375,-0.2197265625,-0.25634765625,-0.59814453125,0.7080078125,0.13427734375,0.62255859375,0.15869140625,0.48828125,0.06103515625,0.439453125,-0.2197265625,-0.0244140625,0.28076171875,0.9521484375,-0.2685546875,1.28173828125,0.048828125,0.72021484375,-0.1953125,0.69580078125,-0.390625,-0.8544921875,0.06103515625,0.3173828125,0.09765625,-0.50048828125,0.15869140625,0.74462890625,-0.1953125,-1.123046875,0.25634765625,-0.09765625,0.0732421875,-1.03759765625,0.28076171875,-0.64697265625,-0.0244140625,-1.513671875,0.1953125,-0.32958984375,-0.25634765625,-0.5126953125,0.0732421875,-1.47705078125,-0.09765625,-0.7080078125,-0.0732421875,-0.634765625,0.048828125,-0.64697265625,-0.0732421875,-0.048828125,0.15869140625,-0.35400390625,-0.0732421875,-1.123046875,-0.06103515625,-0.81787109375,-0.4150390625,0.68359375,-0.09765625,0.35400390625,0.01220703125,-0.01220703125,-0.06103515625,-0.048828125,-0.18310546875,0.146484375,-0.10986328125,-0.5859375,-0.32958984375,0.29296875,-0.08544921875,-1.0009765625,-0.10986328125,-1.11083984375
1,-0.09765625,-0.23193359375,-0.01220703125,-0.341796875,-0.10986328125,-0.47607421875,0,-0.03662109375,0.13427734375,-0.13427734375,0.06103515625,-0.927734375,-0.47607421875,1.03759765625,0,-0.10986328125,-0.13427734375,-0.5615234375,0.0244140625,-0.146484375,-0.390625,0.86669921875,0.01220703125,-0.634765625,-0.10986328125,-0.35400390625,0.15869140625,-0.91552734375,-0.09765625,0.74462890625,0.06103515625,-0.4638671875,0.08544921875,0.01220703125,-0.25634765625,0.81787109375,-0.30517578125,-0.048828125,-0.01220703125,-0.244140625,-0.15869140625,-0.25634765625,-0.244140625,-0.72021484375,-0.01220703125,-0.48828125,-0.0732421875,0.59814453125,0.341796875,1.26953125,-0.13427734375,0.3662109375,-0.15869140625,-0.3662109375,-0.5615234375,0.6103515625,0.06103515625,0.6591796875,0.1953125,0.48828125,0.06103515625,0.45166015625,-0.32958984375,0,0.2197265625,1.220703125,-0.2685546875,1.47705078125,0.1708984375,1.07421875,-0.2685546875,0.8544921875,-0.3173828125,-0.4638671875,0.13427734375,0.45166015625,0.15869140625,-0.35400390625,0.15869140625,0.89111328125,-0.146484375,-1.0498046875,0.1953125,-0.09765625,0.23193359375,-1.0009765625,0.244140625,-0.634765625,0.0244140625,-1.513671875,0.20751953125,-0.341796875,-0.23193359375,-0.5126953125,0.03662109375,-1.5380859375,-0.0732421875,-0.7080078125,-0.09765625,-0.634765625,0.13427734375,-0.64697265625,-0.0244140625,-0.06103515625,0.08544921875,-0.30517578125,-0.13427734375,-1.0986328125,-0.06103515625,-0.81787109375,-0.37841796875,0.69580078125,-0.08544921875,0.341796875,-0.03662109375,0,-0.0732421875,-0.03662109375,-0.1708984375,0.13427734375,-0.048828125,-0.96435546875,-0.35400390625,-0.146484375,-0.03662109375,-1.28173828125,-0.09765625,-1.513671875
1,-0.1220703125,-0.23193359375,-0.03662109375,-0.32958984375,-0.1220703125,-0.48828125,0.048828125,-0.03662109375,0.08544921875,-0.146484375,0.13427734375,-0.927734375,-0.47607421875,1.03759765625,0.0244140625,-0.1220703125,-0.0732421875,-0.5615234375,-0.0244140625,-0.146484375,-0.42724609375,0.86669921875,0.06103515625,-0.64697265625,-0.0732421875,-0.25634765625,0.15869140625,-0.87890625,-0.0244140625,0.76904296875,-0.09765625,-0.244140625,0.10986328125,0.30517578125,-0.2685546875,1.7333984375,-0.30517578125,0.15869140625,-0.048828125,0.01220703125,-0.20751953125,-0.25634765625,-0.28076171875,-0.732421875,-0.048828125,-0.48828125,-0.06103515625,0.6103515625,0.40283203125,0.87890625,-0.146484375,0.29296875,-0.146484375,-0.40283203125,-0.5126953125,0.537109375,-0.01220703125,0.68359375,0.28076171875,0.47607421875,0.0244140625,0.45166015625,-0.35400390625,0.01220703125,0.18310546875,1.64794921875,-0.28076171875,1.8310546875,0.1708984375,1.7578125,-0.35400390625,1.220703125,-0.32958984375,-0.048828125,0.18310546875,0.5859375,0.244140625,-0.1708984375,0.09765625,1.0498046875,-0.048828125,-0.98876953125,0.10986328125,-0.09765625,0.341796875,-0.9765625,0.15869140625,-0.64697265625,0.06103515625,-1.513671875,0.23193359375,-0.3662109375,-0.10986328125,-0.50048828125,0,-1.50146484375,-0.03662109375,-0.7080078125,-0.10986328125,-0.68359375,0.15869140625,-0.634765625,0.01220703125,-0.08544921875,0.03662109375,-0.28076171875,-0.15869140625,-1.06201171875,-0.06103515625,-0.830078125,-0.341796875,0.634765625,-0.08544921875,0.341796875,-0.03662109375,0,-0.06103515625,-0.0244140625,-0.1708984375,0.1220703125,-0.03662109375,-1.20849609375,-0.28076171875,-0.4150390625,-0.01220703125,-1.416015625,-0.08544921875,-1.7822265625
1,-0.15869140625,-0.2197265625,-0.06103515625,-0.35400390625,-0.146484375,-0.5126953125,0.08544921875,-0.06103515625,0.09765625,-0.146484375,0.1708984375,-0.927734375,-0.4638671875,1.01318359375,0.0244140625,-0.10986328125,-0.03662109375,-0.5615234375,-0.06103515625,-0.15869140625,-0.45166015625,0.87890625,0.09765625,-0.64697265625,-0.01220703125,-0.10986328125,0.146484375,-0.76904296875,0.048828125,0.89111328125,-0.03662109375,0.244140625,0.08544921875,0.59814453125,-0.28076171875,2.60009765625,-0.32958984375,0.341796875,-0.15869140625,0.25634765625,-0.2685546875,-0.2197265625,-0.2685546875,-0.732421875,-0.08544921875,-0.5126953125,-0.048828125,0.6103515625,0.29296875,0.8056640625,-0.1708984375,0.30517578125,-0.10986328125,-0.390625,-0.5126953125,0.537109375,-0.03662109375,0.68359375,0.2685546875,0.4638671875,0.01220703125,0.439453125,-0.390625,0.03662109375,0.18310546875,2.34375,-0.30517578125,2.3193359375,0.23193359375,2.72216796875,-0.341796875,1.708984375,-0.35400390625,0.30517578125,0.25634765625,0.72021484375,0.244140625,-0.03662109375,0.0732421875,1.20849609375,-0.03662109375,-0.98876953125,-0.03662109375,-0.146484375,0.3173828125,-0.98876953125,-0.01220703125,-0.67138671875,0.09765625,-1.5380859375,0.20751953125,-0.37841796875,0.01220703125,-0.48828125,0.08544921875,-1.35498046875,0.0244140625,-0.69580078125,-0.10986328125,-0.68359375,0.15869140625,-0.634765625,0.0244140625,-0.0732421875,-0.01220703125,-0.30517578125,-0.1708984375,-1.06201171875,-0.09765625,-0.830078125,-0.30517578125,0.5615234375,-0.0732421875,0.3173828125,-0.03662109375,0,-0.08544921875,-0.0244140625,-0.18310546875,0.146484375,-0.0244140625,-1.318359375,-0.2685546875,-0.5126953125,-0.03662109375,-1.4404296875,-0.0732421875,-1.91650390625
1,-0.15869140625,-0.20751953125,-0.08544921875,-0.390625,-0.18310546875,-0.5126953125,0.08544921875,-0.08544921875,0.09765625,-0.15869140625,0.15869140625,-0.927734375,-0.40283203125,1.025390625,0.01220703125,-0.1220703125,-0.0244140625,-0.54931640625,-0.0732421875,-0.13427734375,-0.4638671875,0.87890625,0.1220703125,-0.67138671875,0,0.09765625,0.13427734375,-0.59814453125,0.13427734375,1.08642578125,-0.01220703125,0.98876953125,0.06103515625,0.84228515625,-0.25634765625,3.3447265625,-0.29296875,0.5126953125,-0.23193359375,0.439453125,-0.29296875,-0.20751953125,-0.25634765625,-0.732421875,-0.10986328125,-0.50048828125,0.01220703125,0.59814453125,0.3173828125,0.98876953125,-0.1708984375,0.37841796875,-0.0244140625,-0.29296875,-0.439453125,0.62255859375,-0.048828125,0.68359375,0.25634765625,0.4638671875,0.048828125,0.439453125,-0.40283203125,0.03662109375,0.13427734375,3.11279296875,-0.3662109375,2.9052734375,0.28076171875,3.857421875,-0.3173828125,2.2705078125,-0.390625,0.537109375,0.32958984375,0.81787109375,0.18310546875,0.0732421875,0.03662109375,1.35498046875,0.048828125,-1.01318359375,-0.1220703125,-0.20751953125,0.3662109375,-0.9765625,-0.13427734375,-0.72021484375,0.10986328125,-1.5625,0.15869140625,-0.4150390625,0.1220703125,-0.5126953125,0.20751953125,-1.15966796875,0.06103515625,-0.68359375,-0.09765625,-0.69580078125,0.1220703125,-0.62255859375,0.0732421875,-0.08544921875,-0.03662109375,-0.341796875,-0.1708984375,-1.08642578125,-0.10986328125,-0.8544921875,-0.29296875,0.4638671875,-0.08544921875,0.32958984375,-0.0244140625,-0.0244140625,-0.0732421875,-0.01220703125,-0.1708984375,0.1220703125,-0.048828125,-1.318359375,-0.28076171875,-0.439453125,-0.0244140625,-1.3671875,-0.06103515625,-1.8798828125
1,-0.18310546875,-0.1953125,-0.048828125,-0.390625,-0.20751953125,-0.48828125,0.09765625,-0.09765625,0.13427734375,-0.13427734375,0.09765625,-0.93994140625,-0.35400390625,1.01318359375,0.0244140625,-0.13427734375,-0.0732421875,-0.54931640625,-0.0732421875,-0.15869140625,-0.30517578125,0.87890625,0.18310546875,-0.6591796875,0.01220703125,0.341796875,0.0732421875,-0.390625,0.146484375,1.3671875,-0.10986328125,1.89208984375,-0.0244140625,1.0498046875,-0.32958984375,3.90625,-0.2685546875,0.6103515625,-0.2685546875,0.5859375,-0.3173828125,-0.18310546875,-0.2197265625,-0.72021484375,-0.1708984375,-0.47607421875,0.03662109375,0.54931640625,0.341796875,1.4404296875,-0.23193359375,0.537109375,0.048828125,-0.1953125,-0.390625,0.74462890625,-0.0732421875,0.68359375,0.2685546875,0.45166015625,0.06103515625,0.4150390625,-0.4638671875,0.03662109375,0.13427734375,3.955078125,-0.30517578125,3.5400390625,0.2197265625,5.04150390625,-0.28076171875,2.8564453125,-0.439453125,0.64697265625,0.35400390625,0.87890625,0.13427734375,0.13427734375,-0.0244140625,1.416015625,0.09765625,-1.07421875,-0.20751953125,-0.2685546875,0.32958984375,-0.9765625,-0.23193359375,-0.74462890625,0.146484375,-1.57470703125,0.08544921875,-0.40283203125,0.23193359375,-0.5126953125,0.30517578125,-0.8544921875,0.10986328125,-0.69580078125,-0.08544921875,-0.69580078125,0.08544921875,-0.634765625,0.06103515625,-0.06103515625,-0.06103515625,-0.37841796875,-0.1708984375,-1.11083984375,-0.146484375,-0.86669921875,-0.2685546875,0.4150390625,-0.0732421875,0.30517578125,-0.0732421875,-0.03662109375,-0.0732421875,-0.01220703125,-0.15869140625,0.146484375,-0.048828125,-1.1962890625,-0.28076171875,-0.2197265625,-0.01220703125,-1.1962890625,-0.0732421875,-1.6845703125
1,-0.20751953125,-0.2197265625,-0.06103515625,-0.40283203125,-0.2685546875,-0.5126953125,0.048828125,-0.10986328125,0.20751953125,-0.1220703125,0.048828125,-0.96435546875,-0.3173828125,1.025390625,0.03662109375,-0.15869140625,-0.08544921875,-0.57373046875,-0.08544921875,-0.146484375,-0.18310546875,0.89111328125,0.20751953125,-0.6591796875,0.0732421875,0.59814453125,0.0732421875,-0.13427734375,0.09765625,1.6845703125,-0.0732421875,2.9052734375,-0.10986328125,1.11083984375,-0.32958984375,4.2236328125,-0.23193359375,0.69580078125,-0.30517578125,0.67138671875,-0.30517578125,-0.20751953125,-0.18310546875,-0.7080078125,-0.1708984375,-0.47607421875,0.048828125,0.537109375,0.13427734375,2.16064453125,-0.2685546875,0.72021484375,0.09765625,-0.06103515625,-0.30517578125,0.91552734375,-0.0732421875,0.67138671875,0.20751953125,0.45166015625,0.15869140625,0.42724609375,-0.54931640625,0.03662109375,0.15869140625,4.74853515625,-0.244140625,4.11376953125,0.20751953125,6.11572265625,-0.23193359375,3.3935546875,-0.390625,0.5859375,0.390625,0.86669921875,0.03662109375,0.13427734375,-0.03662109375,1.4404296875,0.1220703125,-1.1474609375,-0.3173828125,-0.341796875,0.20751953125,-1.0009765625,-0.2685546875,-0.78125,0.13427734375,-1.55029296875,-0.01220703125,-0.390625,0.30517578125,-0.50048828125,0.35400390625,-0.439453125,0.1220703125,-0.72021484375,-0.08544921875,-0.7080078125,0.0732421875,-0.6103515625,0.03662109375,-0.03662109375,-0.048828125,-0.4150390625,-0.15869140625,-1.1474609375,-0.18310546875,-0.9033203125,-0.25634765625,0.390625,-0.0732421875,0.30517578125,-0.09765625,-0.048828125,-0.0732421875,0,-0.13427734375,0.15869140625,-0.06103515625,-0.93994140625,-0.29296875,0.09765625,-0.01220703125,-0.96435546875,-0.0732421875,-1.37939453125
1,-0.1953125,-0.244140625,-0.09765625,-0.40283203125,-0.28076171875,-0.50048828125,0.0244140625,-0.09765625,0.25634765625,-0.09765625,-0.0244140625,-0.9521484375,-0.25634765625,1.025390625,0.0244140625,-0.15869140625,-0.1220703125,-0.57373046875,-0.08544921875,-0.15869140625,-0.0732421875,0.89111328125,0.23193359375,-0.67138671875,0.06103515625,0.86669921875,0.03662109375,0.1220703125,0.03662109375,2.0263671875,-0.1220703125,3.91845703125,-0.13427734375,1.15966796875,-0.3173828125,4.3212890625,-0.15869140625,0.72021484375,-0.3173828125,0.7080078125,-0.28076171875,-0.2197265625,-0.18310546875,-0.72021484375,-0.18310546875,-0.4638671875,0.06103515625,0.54931640625,0.06103515625,2.99072265625,-0.25634765625,0.96435546875,0.10986328125,0.10986328125,-0.23193359375,1.0986328125,-0.03662109375,0.6591796875,0.20751953125,0.4638671875,0.13427734375,0.42724609375,-0.537109375,0.0244140625,0.1953125,5.40771484375,-0.18310546875,4.58984375,0.13427734375,7.0068359375,-0.1708984375,3.82080078125,-0.28076171875,0.4150390625,0.4150390625,0.84228515625,-0.09765625,0.09765625,-0.03662109375,1.40380859375,0.1220703125,-1.1962890625,-0.37841796875,-0.3662109375,0.048828125,-1.01318359375,-0.2685546875,-0.8056640625,0.0732421875,-1.4892578125,-0.048828125,-0.32958984375,0.42724609375,-0.47607421875,0.439453125,0.03662109375,0.048828125,-0.72021484375,-0.09765625,-0.68359375,0.03662109375,-0.62255859375,-0.0244140625,-0.048828125,0.01220703125,-0.439453125,-0.09765625,-1.171875,-0.2685546875,-0.927734375,-0.2197265625,0.35400390625,-0.06103515625,0.29296875,-0.08544921875,-0.048828125,-0.08544921875,0.0244140625,-0.1220703125,0.15869140625,-0.06103515625,-0.64697265625,-0.29296875,0.42724609375,-0.03662109375,-0.74462890625,-0.0732421875,-1.0498046875
0,-0.23193359375,-0.2685546875,-0.10986328125,-0.40283203125,-0.30517578125,-0.50048828125,0.01220703125,-0.09765625,0.29296875,-0.09765625,-0.0732421875,-0.9521484375,-0.2197265625,1.025390625,0.03662109375,-0.1953125,-0.13427734375,-0.57373046875,-0.0732421875,-0.18310546875,0.01220703125,0.9033203125,0.23193359375,-0.64697265625,0.0244140625,1.123046875,0.0244140625,0.390625,-0.048828125,2.3681640625,-0.01220703125,4.9560546875,-0.1220703125,1.0986328125,-0.32958984375,4.21142578125,-0.1708984375,0.69580078125,-0.341796875,0.67138671875,-0.2685546875,-0.23193359375,-0.1708984375,-0.72021484375,-0.20751953125,-0.42724609375,0.048828125,0.5126953125,0.2197265625,3.9306640625,-0.2685546875,1.18408203125,0.09765625,0.25634765625,-0.13427734375,1.2939453125,0,0.6591796875,0.146484375,0.47607421875,0.08544921875,0.42724609375,-0.48828125,0.0244140625,0.23193359375,5.89599609375,-0.08544921875,4.91943359375,0.0732421875,7.60498046875,-0.1220703125,4.1259765625,-0.244140625,0.1953125,0.37841796875,0.7568359375,-0.146484375,0.0244140625,-0.10986328125,1.33056640625,0.10986328125,-1.23291015625,-0.37841796875,-0.3662109375,-0.06103515625,-1.0498046875,-0.18310546875,-0.8056640625,0.03662109375,-1.416015625,-0.10986328125,-0.23193359375,0.50048828125,-0.40283203125,0.3662109375,0.59814453125,0.0244140625,-0.72021484375,-0.09765625,-0.67138671875,0.03662109375,-0.62255859375,-0.09765625,-0.06103515625,-0.03662109375,-0.4638671875,-0.08544921875,-1.18408203125,-0.390625,-0.93994140625,-0.1953125,0.37841796875,-0.06103515625,0.29296875,-0.0732421875,-0.048828125,-0.0732421875,0.048828125,-0.09765625,0.1708984375,-0.1220703125,-0.37841796875,-0.2685546875,0.7568359375,-0.048828125,-0.537109375,-0.08544921875,-0.732421875
0,-0.244140625,-0.30517578125,-0.09765625,-0.390625,-0.3173828125,-0.50048828125,0.01220703125,-0.08544921875,0.2685546875,-0.06103515625,-0.03662109375,-0.91552734375,-0.1708984375,1.0498046875,0.0244140625,-0.15869140625,-0.13427734375,-0.57373046875,-0.03662109375,-0.146484375,0.0244140625,0.91552734375,0.2197265625,-0.6103515625,-0.03662109375,1.35498046875,0.03662109375,0.634765625,-0.09765625,2.685546875,0.146484375,5.8837890625,-0.06103515625,1.01318359375,-0.341796875,3.955078125,-0.10986328125,0.6103515625,-0.341796875,0.5859375,-0.244140625,-0.2197265625,-0.18310546875,-0.732421875,-0.1953125,-0.439453125,0.048828125,0.537109375,0.32958984375,4.8583984375,-0.30517578125,1.3671875,0.0732421875,0.37841796875,0.01220703125,1.46484375,0.06103515625,0.67138671875,0.146484375,0.48828125,0.09765625,0.42724609375,-0.42724609375,-0.01220703125,0.18310546875,6.14013671875,-0.048828125,5.04150390625,0,7.8857421875,-0.09765625,4.248046875,-0.048828125,-0.06103515625,0.35400390625,0.7080078125,-0.15869140625,-0.06103515625,-0.03662109375,1.26953125,0.146484375,-1.220703125,-0.3662109375,-0.32958984375,-0.15869140625,-1.025390625,-0.09765625,-0.78125,-0.03662109375,-1.318359375,-0.15869140625,-0.1220703125,0.59814453125,-0.341796875,0.2197265625,1.30615234375,0,-0.732421875,-0.0732421875,-0.67138671875,0.01220703125,-0.62255859375,-0.146484375,-0.03662109375,-0.048828125,-0.47607421875,-0.06103515625,-1.18408203125,-0.42724609375,-0.93994140625,-0.25634765625,0.4150390625,-0.048828125,0.29296875,-0.09765625,-0.048828125,-0.06103515625,0.048828125,-0.08544921875,0.1708984375,-0.13427734375,-0.15869140625,-0.25634765625,0.93994140625,-0.0732421875,-0.4150390625,-0.0732421875,-0.52490234375
0,-0.23193359375,-0.35400390625,-0.08544921875,-0.3662109375,-0.390625,-0.47607421875,0,-0.048828125,0.15869140625,-0.048828125,0.06103515625,-0.91552734375,-0.13427734375,1.0498046875,0.06103515625,-0.13427734375,-0.146484375,-0.57373046875,0,-0.146484375,0.0732421875,0.91552734375,0.23193359375,-0.6103515625,-0.08544921875,1.57470703125,0.048828125,0.84228515625,-0.1220703125,2.978515625,0.1220703125,6.73828125,0,0.8544921875,-0.3662109375,3.5400390625,-0.10986328125,0.50048828125,-0.3173828125,0.45166015625,-0.20751953125,-0.28076171875,-0.15869140625,-0.69580078125,-0.15869140625,-0.45166015625,-0.01220703125,0.54931640625,0.341796875,5.72509765625,-0.3662109375,1.5380859375,0.01220703125,0.50048828125,0.1220703125,1.611328125,0.03662109375,0.67138671875,0.18310546875,0.48828125,0.10986328125,0.439453125,-0.341796875,-0.01220703125,0.1220703125,6.11572265625,0.0732421875,5.0048828125,0,7.8125,-0.0244140625,4.1748046875,-0.0732421875,-0.244140625,0.25634765625,0.6591796875,-0.28076171875,-0.1220703125,-0.0732421875,1.20849609375,0.0244140625,-1.1474609375,-0.3173828125,-0.244140625,-0.23193359375,-1.01318359375,-0.0732421875,-0.74462890625,-0.146484375,-1.15966796875,-0.10986328125,0.01220703125,0.634765625,-0.1953125,0.30517578125,2.05078125,-0.0244140625,-0.72021484375,-0.1220703125,-0.634765625,-0.01220703125,-0.62255859375,-0.1953125,-0.03662109375,-0.03662109375,-0.439453125,-0.01220703125,-1.171875,-0.439453125,-0.91552734375,-0.29296875,0.439453125,-0.048828125,0.3173828125,-0.146484375,-0.03662109375,-0.0732421875,0.06103515625,-0.06103515625,0.146484375,-0.10986328125,-0.0244140625,-0.29296875,1.03759765625,-0.09765625,-0.35400390625,-0.09765625,-0.4150390625
0,-0.20751953125,-0.390625,-0.0732421875,-0.3662109375,-0.45166015625,-0.47607421875,0.01220703125,-0.06103515625,0.048828125,-0.06103515625,0.1708984375,-0.91552734375,-0.048828125,1.03759765625,0.048828125,-0.13427734375,-0.18310546875,-0.5615234375,0.01220703125,-0.146484375,0.10986328125,0.9033203125,0.244140625,-0.5859375,-0.146484375,1.7333984375,0.0732421875,1.025390625,-0.10986328125,3.1982421875,0.0244140625,7.421875,0.09765625,0.7080078125,-0.4638671875,3.076171875,-0.0732421875,0.390625,-0.28076171875,0.3173828125,-0.1708984375,-0.2685546875,-0.09765625,-0.7080078125,-0.15869140625,-0.45166015625,-0.03662109375,0.537109375,0.28076171875,6.48193359375,-0.390625,1.66015625,-0.048828125,0.62255859375,0.20751953125,1.7333984375,0.048828125,0.68359375,0.18310546875,0.48828125,0.1220703125,0.45166015625,-0.25634765625,-0.01220703125,0.03662109375,5.8349609375,0.146484375,4.7607421875,0.0244140625,7.4462890625,-0.0244140625,3.955078125,-0.06103515625,-0.35400390625,0.18310546875,0.62255859375,-0.28076171875,-0.15869140625,-0.01220703125,1.171875,0.048828125,-1.08642578125,-0.244140625,-0.18310546875,-0.23193359375,-0.98876953125,-0.048828125,-0.68359375,-0.2197265625,-1.0009765625,-0.048828125,0.10986328125,0.6591796875,-0.0732421875,0.146484375,2.83203125,-0.03662109375,-0.74462890625,-0.08544921875,-0.6103515625,-0.03662109375,-0.6591796875,-0.20751953125,-0.03662109375,-0.01220703125,-0.4150390625,0.01220703125,-1.1474609375,-0.439453125,-0.91552734375,-0.35400390625,0.45166015625,-0.06103515625,0.3173828125,-0.1220703125,-0.03662109375,-0.06103515625,0.048828125,-0.048828125,0.15869140625,-0.0732421875,0.01220703125,-0.244140625,0.98876953125,-0.10986328125,-0.4150390625,-0.0244140625,-0.390625
0,-0.1708984375,-0.45166015625,-0.13427734375,-0.3662109375,-0.50048828125,-0.47607421875,0.048828125,-0.08544921875,-0.06103515625,-0.10986328125,0.3173828125,-0.927734375,-0.01220703125,1.025390625,0.0732421875,-0.146484375,-0.18310546875,-0.57373046875,0.06103515625,-0.13427734375,0.15869140625,0.89111328125,0.2685546875,-0.5615234375,-0.20751953125,1.85546875,0.06103515625,1.1474609375,-0.0732421875,3.33251953125,-0.03662109375,7.958984375,0.18310546875,0.57373046875,-0.57373046875,2.57568359375,-0.0732421875,0.2685546875,-0.23193359375,0.15869140625,-0.1220703125,-0.29296875,-0.0732421875,-0.72021484375,-0.146484375,-0.42724609375,-0.048828125,0.5615234375,0.1708984375,7.06787109375,-0.42724609375,1.7333984375,-0.08544921875,0.69580078125,0.23193359375,1.84326171875,0.0244140625,0.68359375,0.23193359375,0.48828125,0.1220703125,0.4638671875,-0.15869140625,-0.01220703125,-0.0244140625,5.37109375,0.146484375,4.38232421875,0.0732421875,6.84814453125,-0.01220703125,3.60107421875,0.048828125,-0.30517578125,0.18310546875,0.67138671875,-0.2197265625,-0.10986328125,0.01220703125,1.20849609375,-0.0732421875,-1.01318359375,-0.15869140625,-0.08544921875,-0.1953125,-0.9521484375,-0.06103515625,-0.64697265625,-0.30517578125,-0.8544921875,-0.01220703125,0.2197265625,0.6591796875,0.048828125,0.01220703125,3.6376953125,-0.0244140625,-0.732421875,-0.0732421875,-0.62255859375,-0.03662109375,-0.6591796875,-0.20751953125,-0.0732421875,0,-0.40283203125,-0.03662109375,-1.11083984375,-0.40283203125,-0.9033203125,-0.439453125,0.45166015625,-0.0732421875,0.3173828125,-0.10986328125,-0.03662109375,-0.06103515625,0.048828125,-0.0244140625,0.13427734375,-0.1708984375,-0.0732421875,-0.3662109375,0.84228515625,-0.18310546875,-0.50048828125,-0.08544921875,-0.5126953125
0,-0.146484375,-0.4638671875,-0.13427734375,-0.390625,-0.5615234375,-0.47607421875,0.06103515625,-0.09765625,-0.18310546875,-0.13427734375,0.4150390625,-0.93994140625,0.09765625,1.03759765625,0.08544921875,-0.1708984375,-0.18310546875,-0.57373046875,0.09765625,-0.13427734375,0.1708984375,0.9033203125,0.3173828125,-0.54931640625,-0.23193359375,1.94091796875,0.03662109375,1.20849609375,0,3.4423828125,-0.10986328125,8.23974609375,0.23193359375,0.45166015625,-0.59814453125,2.08740234375,-0.08544921875,0.15869140625,-0.1708984375,0.01220703125,-0.09765625,-0.29296875,-0.01220703125,-0.7080078125,-0.1220703125,-0.42724609375,-0.03662109375,0.5615234375,0.13427734375,7.48291015625,-0.42724609375,1.7822265625,-0.1220703125,0.74462890625,0.23193359375,1.89208984375,-0.0244140625,0.67138671875,0.32958984375,0.48828125,0.146484375,0.45166015625,-0.03662109375,0,-0.03662109375,4.72412109375,0.1220703125,3.8818359375,0.10986328125,6.06689453125,-0.0244140625,3.1494140625,-0.01220703125,-0.15869140625,0.03662109375,0.7568359375,-0.20751953125,-0.03662109375,-0.03662109375,1.28173828125,-0.0732421875,-0.93994140625,-0.048828125,-0.0244140625,-0.10986328125,-0.93994140625,-0.048828125,-0.59814453125,-0.341796875,-0.72021484375,0.03662109375,0.32958984375,0.57373046875,0.23193359375,0.1220703125,4.45556640625,-0.0244140625,-0.72021484375,-0.0244140625,-0.64697265625,0,-0.634765625,-0.1953125,-0.08544921875,0.06103515625,-0.42724609375,-0.048828125,-1.11083984375,-0.35400390625,-0.9033203125,-0.40283203125,0.439453125,-0.10986328125,0.32958984375,-0.10986328125,-0.06103515625,-0.06103515625,0.06103515625,-0.0244140625,0.1220703125,-0.15869140625,-0.18310546875,-0.3662109375,0.634765625,-0.146484375,-0.62255859375,-0.0244140625,-0.67138671875
0,-0.15869140625,-0.4638671875,-0.15869140625,-0.390625,-0.5615234375,-0.4638671875,0.048828125,-0.09765625,-0.25634765625,-0.13427734375,0.50048828125,-0.96435546875,0.13427734375,1.025390625,0.10986328125,-0.15869140625,-0.18310546875,-0.57373046875,0.1953125,-0.1220703125,0.1708984375,0.89111328125,0.3662109375,-0.57373046875,-0.20751953125,1.9287109375,0.0244140625,1.220703125,0.06103515625,3.41796875,-0.20751953125,8.30078125,0.2685546875,0.341796875,-0.5615234375,1.611328125,-0.08544921875,0.03662109375,-0.15869140625,-0.13427734375,-0.048828125,-0.29296875,0.0732421875,-0.7080078125,-0.13427734375,-0.4150390625,-0.01220703125,0.59814453125,0.18310546875,7.65380859375,-0.4150390625,1.79443359375,-0.15869140625,0.78125,0.25634765625,1.904296875,-0.06103515625,0.7080078125,0.390625,0.4638671875,0.1708984375,0.45166015625,0.048828125,0.0244140625,-0.048828125,4.00390625,0.13427734375,3.35693359375,0.1220703125,5.17578125,-0.06103515625,2.67333984375,-0.01220703125,0.09765625,-0.01220703125,0.86669921875,-0.09765625,0.0732421875,-0.0732421875,1.40380859375,-0.10986328125,-0.8544921875,0.01220703125,0.01220703125,-0.0244140625,-0.927734375,-0.08544921875,-0.5859375,-0.30517578125,-0.62255859375,0.09765625,0.4150390625,0.45166015625,0.390625,0.18310546875,5.126953125,-0.03662109375,-0.72021484375,0.01220703125,-0.64697265625,0,-0.6591796875,-0.1708984375,-0.08544921875,0.06103515625,-0.45166015625,-0.08544921875,-1.13525390625,-0.32958984375,-0.9033203125,-0.35400390625,0.4150390625,-0.146484375,0.3173828125,-0.10986328125,-0.048828125,-0.06103515625,0.0244140625,0,0.1220703125,-0.08544921875,-0.32958984375,-0.30517578125,0.42724609375,-0.15869140625,-0.7080078125,0.03662109375,-0.81787109375
0,-0.1220703125,-0.439453125,-0.18310546875,-0.40283203125,-0.537109375,-0.48828125,0.08544921875,-0.10986328125,-0.30517578125,-0.146484375,0.50048828125,-0.93994140625,0.18310546875,1.025390625,0.1220703125,-0.146484375,-0.15869140625,-0.5859375,0.23193359375,-0.09765625,0.1953125,0.89111328125,0.3662109375,-0.57373046875,-0.2197265625,1.85546875,0.0244140625,1.15966796875,0.08544921875,3.30810546875,-0.2685546875,8.056640625,0.29296875,0.2197265625,-0.68359375,1.220703125,-0.1220703125,-0.0732421875,-0.18310546875,-0.25634765625,-0.0244140625,-0.28076171875,0.1220703125,-0.7080078125,-0.146484375,-0.40283203125,0.048828125,0.5859375,0.1220703125,7.6171875,-0.40283203125,1.7578125,-0.244140625,0.7568359375,0.25634765625,1.86767578125,-0.13427734375,0.7080078125,0.45166015625,0.4638671875,0.20751953125,0.45166015625,0.0732421875,0.03662109375,0,3.271484375,0.0732421875,2.81982421875,0.1220703125,4.28466796875,-0.09765625,2.13623046875,0.048828125,0.40283203125,-0.0244140625,1.01318359375,-0.01220703125,0.23193359375,-0.09765625,1.5625,-0.18310546875,-0.830078125,0.09765625,0,-0.01220703125,-0.96435546875,-0.10986328125,-0.6103515625,-0.25634765625,-0.54931640625,0.1220703125,0.45166015625,0.32958984375,0.48828125,0.18310546875,5.6640625,-0.09765625,-0.72021484375,0.01220703125,-0.67138671875,0.0244140625,-0.64697265625,-0.146484375,-0.0732421875,0.03662109375,-0.48828125,-0.18310546875,-1.18408203125,-0.32958984375,-0.927734375,-0.341796875,0.3662109375,-0.1708984375,0.32958984375,-0.1220703125,-0.03662109375,-0.06103515625,0.0244140625,-0.01220703125,0.13427734375,-0.15869140625,-0.45166015625,-0.42724609375,0.30517578125,-0.20751953125,-0.76904296875,-0.03662109375,-0.93994140625
0,-0.03662109375,-0.40283203125,-0.20751953125,-0.40283203125,-0.52490234375,-0.50048828125,0.06103515625,-0.1220703125,-0.29296875,-0.146484375,0.45166015625,-0.93994140625,0.18310546875,1.01318359375,0.10986328125,-0.15869140625,-0.1220703125,-0.57373046875,0.25634765625,-0.10986328125,0.20751953125,0.9033203125,0.341796875,-0.6103515625,-0.15869140625,1.708984375,0.03662109375,1.025390625,0.0732421875,3.11279296875,-0.3173828125,7.5439453125,0.32958984375,0.1220703125,-0.634765625,0.84228515625,-0.146484375,-0.15869140625,-0.146484375,-0.3662109375,-0.06103515625,-0.2685546875,0.18310546875,-0.72021484375,-0.146484375,-0.40283203125,0.0244140625,0.6103515625,0.0732421875,7.33642578125,-0.32958984375,1.6845703125,-0.244140625,0.72021484375,0.18310546875,1.806640625,-0.15869140625,0.7080078125,0.47607421875,0.47607421875,0.1953125,0.4638671875,0.1708984375,0.0732421875,0.048828125,2.587890625,0.0244140625,2.33154296875,0.13427734375,3.4423828125,-0.1220703125,1.69677734375,-0.0732421875,0.72021484375,-0.10986328125,1.18408203125,0.01220703125,0.40283203125,-0.1220703125,1.74560546875,-0.09765625,-0.81787109375,0.146484375,-0.0732421875,0,-0.98876953125,-0.10986328125,-0.634765625,-0.18310546875,-0.5126953125,0.10986328125,0.47607421875,0.1708984375,0.537109375,0.18310546875,5.9814453125,-0.1220703125,-0.72021484375,0.048828125,-0.68359375,0,-0.67138671875,-0.08544921875,-0.08544921875,0.048828125,-0.5615234375,-0.1953125,-1.25732421875,-0.28076171875,-0.96435546875,-0.23193359375,0.3173828125,-0.18310546875,0.32958984375,-0.09765625,-0.03662109375,-0.0732421875,0.01220703125,-0.0244140625,0.146484375,-0.10986328125,-0.47607421875,-0.42724609375,0.2685546875,-0.18310546875,-0.732421875,0.03662109375,-0.9521484375
0,-0.0244140625,-0.341796875,-0.2197265625,-0.37841796875,-0.4638671875,-0.50048828125,0.06103515625,-0.1220703125,-0.2685546875,-0.10986328125,0.35400390625,-0.927734375,0.1708984375,1.01318359375,0.1220703125,-0.1708984375,-0.10986328125,-0.5859375,0.30517578125,-0.1220703125,0.244140625,0.9033203125,0.30517578125,-0.634765625,-0.146484375,1.47705078125,0.03662109375,0.79345703125,0.048828125,2.880859375,-0.30517578125,6.77490234375,0.32958984375,0.03662109375,-0.59814453125,0.537109375,-0.1953125,-0.20751953125,-0.15869140625,-0.47607421875,-0.09765625,-0.244140625,0.18310546875,-0.7080078125,-0.146484375,-0.40283203125,0.06103515625,0.6103515625,-0.08544921875,6.84814453125,-0.3173828125,1.55029296875,-0.25634765625,0.62255859375,0.15869140625,1.6845703125,-0.146484375,0.69580078125,0.45166015625,0.4638671875,0.15869140625,0.4638671875,0.20751953125,0.06103515625,0.10986328125,1.9775390625,-0.06103515625,1.904296875,0.09765625,2.69775390625,-0.1220703125,1.2939453125,-0.0732421875,1.03759765625,-0.13427734375,1.3671875,0.0732421875,0.57373046875,-0.10986328125,1.94091796875,-0.048828125,-0.79345703125,0.18310546875,-0.13427734375,-0.048828125,-0.96435546875,-0.10986328125,-0.68359375,-0.08544921875,-0.537109375,0.0732421875,0.4638671875,0.0244140625,0.54931640625,0.15869140625,6.0791015625,-0.08544921875,-0.72021484375,0.0732421875,-0.7080078125,-0.0244140625,-0.64697265625,-0.0244140625,-0.06103515625,0,-0.62255859375,-0.23193359375,-1.30615234375,-0.244140625,-0.98876953125,-0.18310546875,0.28076171875,-0.18310546875,0.32958984375,-0.09765625,-0.048828125,-0.06103515625,0,-0.03662109375,0.15869140625,-0.08544921875,-0.42724609375,-0.4150390625,0.35400390625,-0.20751953125,-0.62255859375,0.0244140625,-0.8544921875
0,0.0244140625,-0.2685546875,-0.2197265625,-0.37841796875,-0.390625,-0.50048828125,0.048828125,-0.1220703125,-0.23193359375,-0.10986328125,0.23193359375,-0.927734375,0.10986328125,1.025390625,0.15869140625,-0.1953125,-0.1220703125,-0.59814453125,0.30517578125,-0.146484375,0.30517578125,0.89111328125,0.2685546875,-0.634765625,-0.10986328125,1.220703125,0.048828125,0.5615234375,-0.01220703125,2.60009765625,-0.20751953125,5.810546875,0.25634765625,-0.06103515625,-0.52490234375,0.20751953125,-0.23193359375,-0.25634765625,-0.10986328125,-0.5615234375,-0.1220703125,-0.23193359375,0.1708984375,-0.69580078125,-0.146484375,-0.4150390625,0.06103515625,0.62255859375,-0.0732421875,6.14013671875,-0.28076171875,1.40380859375,-0.29296875,0.48828125,0.15869140625,1.513671875,-0.1708984375,0.69580078125,0.390625,0.47607421875,0.13427734375,0.4638671875,0.23193359375,0.06103515625,0.13427734375,1.45263671875,-0.10986328125,1.5625,0.048828125,2.0263671875,-0.09765625,0.9521484375,-0.10986328125,1.2451171875,-0.15869140625,1.5380859375,0.03662109375,0.7080078125,-0.10986328125,2.13623046875,0.048828125,-0.7080078125,0.146484375,-0.1708984375,-0.1708984375,-0.96435546875,-0.1220703125,-0.68359375,-0.01220703125,-0.5615234375,0.048828125,0.42724609375,-0.09765625,0.50048828125,0.2197265625,5.95703125,-0.048828125,-0.7080078125,0.0732421875,-0.72021484375,-0.09765625,-0.634765625,0.048828125,-0.03662109375,-0.0244140625,-0.67138671875,-0.244140625,-1.3916015625,-0.25634765625,-1.025390625,-0.146484375,0.2685546875,-0.18310546875,0.30517578125,-0.08544921875,-0.0732421875,-0.0732421875,0.01220703125,-0.048828125,0.15869140625,-0.0732421875,-0.244140625,-0.45166015625,0.52490234375,-0.18310546875,-0.5126953125,0.048828125,-0.634765625
0,-0.048828125,-0.1953125,-0.2685546875,-0.390625,-0.30517578125,-0.5126953125,0.03662109375,-0.1220703125,-0.1953125,-0.08544921875,0.1708984375,-0.93994140625,-0.01220703125,1.01318359375,0.1953125,-0.1953125,-0.08544921875,-0.59814453125,0.29296875,-0.146484375,0.30517578125,0.87890625,0.28076171875,-0.64697265625,-0.06103515625,0.93994140625,0.06103515625,0.3173828125,-0.03662109375,2.25830078125,-0.18310546875,4.74853515625,0.23193359375,-0.1708984375,-0.4150390625,-0.09765625,-0.25634765625,-0.3173828125,-0.09765625,-0.634765625,-0.09765625,-0.1953125,0.1220703125,-0.69580078125,-0.15869140625,-0.4150390625,0.06103515625,0.6103515625,-0.0244140625,5.26123046875,-0.2197265625,1.220703125,-0.341796875,0.32958984375,0.09765625,1.35498046875,-0.09765625,0.68359375,0.37841796875,0.4638671875,0.08544921875,0.439453125,0.2685546875,0.048828125,0.18310546875,1.03759765625,-0.1220703125,1.26953125,-0.0244140625,1.4892578125,-0.0732421875,0.6591796875,-0.23193359375,1.37939453125,-0.2197265625,1.66015625,-0.03662109375,0.84228515625,-0.048828125,2.2705078125,0.13427734375,-0.5126953125,0.13427734375,-0.18310546875,-0.29296875,-0.927734375,-0.146484375,-0.67138671875,0.048828125,-0.6591796875,-0.0244140625,0.40283203125,-0.18310546875,0.390625,0.2685546875,5.62744140625,0,-0.7080078125,0.0732421875,-0.69580078125,-0.13427734375,-0.64697265625,0.1220703125,-0.01220703125,-0.0732421875,-0.68359375,-0.25634765625,-1.45263671875,-0.2685546875,-1.06201171875,-0.1220703125,0.29296875,-0.20751953125,0.29296875,-0.09765625,-0.048828125,-0.0732421875,0.01220703125,-0.06103515625,0.15869140625,-0.0244140625,0,-0.40283203125,0.8056640625,-0.146484375,-0.2685546875,0.09765625,-0.3662109375
0,-0.0244140625,-0.13427734375,-0.2685546875,-0.4150390625,-0.2197265625,-0.52490234375,0.03662109375,-0.146484375,-0.1953125,-0.08544921875,0.13427734375,-0.93994140625,-0.1220703125,1.0498046875,0.23193359375,-0.244140625,-0.0732421875,-0.59814453125,0.3173828125,-0.13427734375,0.25634765625,0.87890625,0.29296875,-0.634765625,-0.0732421875,0.634765625,0.0732421875,0.0732421875,-0.0732421875,1.953125,-0.0732421875,3.7353515625,0.1953125,-0.29296875,-0.4150390625,-0.390625,-0.244140625,-0.35400390625,-0.15869140625,-0.7080078125,-0.0244140625,-0.1953125,0.0732421875,-0.69580078125,-0.18310546875,-0.439453125,0.09765625,0.62255859375,-0.08544921875,4.28466796875,-0.20751953125,1.025390625,-0.35400390625,0.15869140625,0.048828125,1.1474609375,-0.06103515625,0.69580078125,0.29296875,0.48828125,-0.01220703125,0.42724609375,0.23193359375,0.048828125,0.1953125,0.67138671875,-0.146484375,1.06201171875,-0.146484375,1.0498046875,-0.08544921875,0.4150390625,-0.29296875,1.45263671875,-0.244140625,1.7578125,-0.06103515625,0.93994140625,0.01220703125,2.392578125,0.1953125,-0.18310546875,0.06103515625,-0.09765625,-0.42724609375,-0.8544921875,-0.1953125,-0.6103515625,0.06103515625,-0.732421875,-0.06103515625,0.32958984375,-0.244140625,0.3173828125,0.1953125,5.17578125,0.01220703125,-0.7080078125,0.048828125,-0.67138671875,-0.1708984375,-0.634765625,0.13427734375,-0.01220703125,-0.06103515625,-0.68359375,-0.20751953125,-1.45263671875,-0.2685546875,-1.06201171875,-0.08544921875,0.3173828125,-0.2197265625,0.29296875,-0.09765625,-0.06103515625,-0.0732421875,0,-0.08544921875,0.1708984375,-0.0732421875,0.29296875,-0.37841796875,1.0986328125,-0.1708984375,-0.06103515625,0.06103515625,-0.0244140625
1,-0.06103515625,-0.08544921875,-0.2685546875,-0.4150390625,-0.13427734375,-0.50048828125,0.048828125,-0.146484375,-0.23193359375,-0.048828125,0.146484375,-0.9033203125,-0.25634765625,1.06201171875,0.28076171875,-0.23193359375,-0.0732421875,-0.57373046875,0.3173828125,-0.146484375,0.20751953125,0.87890625,0.3173828125,-0.64697265625,-0.08544921875,0.37841796875,0.09765625,-0.1708984375,-0.048828125,1.67236328125,-0.0244140625,2.77099609375,0.1953125,-0.4150390625,-0.32958984375,-0.67138671875,-0.2197265625,-0.4150390625,-0.20751953125,-0.78125,0.01220703125,-0.20751953125,-0.01220703125,-0.68359375,-0.18310546875,-0.4150390625,0.09765625,0.634765625,0.048828125,3.2470703125,-0.1708984375,0.81787109375,-0.3173828125,-0.01220703125,-0.06103515625,0.9521484375,-0.01220703125,0.68359375,0.25634765625,0.48828125,-0.1220703125,0.42724609375,0.25634765625,0.03662109375,0.23193359375,0.42724609375,-0.1708984375,0.9033203125,-0.23193359375,0.72021484375,-0.09765625,0.2685546875,-0.29296875,1.42822265625,-0.29296875,1.81884765625,-0.06103515625,0.98876953125,0.06103515625,2.4658203125,0.2197265625,0.30517578125,-0.0244140625,0.0732421875,-0.4638671875,-0.7080078125,-0.1953125,-0.4638671875,0.03662109375,-0.79345703125,-0.10986328125,0.25634765625,-0.25634765625,0.23193359375,0.10986328125,4.65087890625,0.01220703125,-0.72021484375,-0.048828125,-0.6591796875,-0.20751953125,-0.62255859375,0.08544921875,-0.0244140625,-0.03662109375,-0.64697265625,-0.146484375,-1.4404296875,-0.28076171875,-1.03759765625,-0.13427734375,0.35400390625,-0.25634765625,0.29296875,-0.08544921875,-0.048828125,-0.06103515625,0,-0.09765625,0.146484375,-0.08544921875,0.6103515625,-0.439453125,1.3427734375,-0.1708984375,0.13427734375,0.03662109375,0.29296875
1,-0.0732421875,-0.03662109375,-0.28076171875,-0.40283203125,-0.0732421875,-0.50048828125,0.03662109375,-0.13427734375,-0.2685546875,-0.048828125,0.1953125,-0.927734375,-0.341796875,1.07421875,0.30517578125,-0.20751953125,-0.08544921875,-0.57373046875,0.30517578125,-0.13427734375,0.1220703125,0.87890625,0.3662109375,-0.6103515625,-0.13427734375,0.146484375,0.06103515625,-0.37841796875,-0.0244140625,1.42822265625,-0.06103515625,2.001953125,0.1953125,-0.537109375,-0.2685546875,-0.927734375,-0.20751953125,-0.50048828125,-0.2197265625,-0.81787109375,0.048828125,-0.20751953125,-0.09765625,-0.69580078125,-0.1708984375,-0.42724609375,0.09765625,0.59814453125,0.048828125,2.24609375,-0.15869140625,0.634765625,-0.29296875,-0.1708984375,-0.1220703125,0.79345703125,0.048828125,0.69580078125,0.20751953125,0.5126953125,-0.23193359375,0.4150390625,0.2685546875,0.0244140625,0.23193359375,0.2197265625,-0.1708984375,0.79345703125,-0.2685546875,0.42724609375,-0.15869140625,0.13427734375,-0.28076171875,1.416015625,-0.32958984375,1.84326171875,-0.0732421875,1.03759765625,0.1708984375,2.5146484375,0.13427734375,0.9765625,-0.08544921875,0.3662109375,-0.45166015625,-0.57373046875,-0.23193359375,-0.2685546875,0.01220703125,-0.86669921875,-0.15869140625,0.1953125,-0.25634765625,0.15869140625,0.09765625,4.16259765625,0.0244140625,-0.72021484375,-0.13427734375,-0.634765625,-0.20751953125,-0.62255859375,0.0244140625,-0.0244140625,-0.048828125,-0.5615234375,-0.10986328125,-1.35498046875,-0.30517578125,-1.0009765625,-0.18310546875,0.40283203125,-0.244140625,0.3173828125,-0.1220703125,-0.0732421875,-0.0732421875,-0.01220703125,-0.09765625,0.15869140625,-0.08544921875,0.8544921875,-0.42724609375,1.5380859375,-0.18310546875,0.28076171875,0.0244140625,0.5615234375
1,-0.06103515625,-0.01220703125,-0.25634765625,-0.390625,-0.01220703125,-0.48828125,0.0244140625,-0.10986328125,-0.25634765625,-0.048828125,0.23193359375,-0.927734375,-0.40283203125,1.07421875,0.30517578125,-0.1708984375,-0.1220703125,-0.57373046875,0.28076171875,-0.1220703125,0.08544921875,0.89111328125,0.40283203125,-0.59814453125,-0.15869140625,0,0.0244140625,-0.537109375,0.01220703125,1.23291015625,-0.08544921875,1.42822265625,0.18310546875,-0.62255859375,-0.28076171875,-1.171875,-0.20751953125,-0.537109375,-0.23193359375,-0.86669921875,0.146484375,-0.2197265625,-0.146484375,-0.69580078125,-0.15869140625,-0.439453125,0.09765625,0.6103515625,0.0732421875,1.40380859375,-0.1708984375,0.4638671875,-0.2197265625,-0.29296875,-0.146484375,0.64697265625,0,0.72021484375,0.1708984375,0.5126953125,-0.28076171875,0.439453125,0.15869140625,0.03662109375,0.1953125,0.0244140625,-0.13427734375,0.72021484375,-0.244140625,0.18310546875,-0.146484375,0.01220703125,-0.2685546875,1.3427734375,-0.3173828125,1.8310546875,-0.09765625,1.03759765625,0.244140625,2.50244140625,0.10986328125,1.7333984375,-0.13427734375,0.732421875,-0.40283203125,-0.37841796875,-0.244140625,0.01220703125,-0.06103515625,-0.9033203125,-0.2197265625,0.15869140625,-0.25634765625,0.1220703125,0.09765625,3.7353515625,-0.0244140625,-0.69580078125,-0.1953125,-0.6103515625,-0.1708984375,-0.634765625,-0.0732421875,-0.03662109375,-0.06103515625,-0.48828125,-0.08544921875,-1.28173828125,-0.3173828125,-0.96435546875,-0.146484375,0.4638671875,-0.20751953125,0.30517578125,-0.09765625,-0.06103515625,-0.08544921875,-0.01220703125,-0.09765625,0.13427734375,-0.08544921875,1.06201171875,-0.42724609375,1.64794921875,-0.18310546875,0.35400390625,0.03662109375,0.74462890625
1,-0.048828125,-0.0244140625,-0.29296875,-0.35400390625,0,-0.48828125,0.0244140625,-0.03662109375,-0.18310546875,-0.048828125,0.244140625,-0.91552734375,-0.4150390625,1.0498046875,0.29296875,-0.13427734375,-0.15869140625,-0.5615234375,0.20751953125,-0.1220703125,0.1708984375,0.89111328125,0.4150390625,-0.5859375,-0.23193359375,-0.0732421875,-0.08544921875,-0.634765625,0.06103515625,1.06201171875,-0.2197265625,1.0498046875,0.1953125,-0.69580078125,-0.2685546875,-1.33056640625,-0.15869140625,-0.5859375,-0.244140625,-0.89111328125,0.1708984375,-0.23193359375,-0.2197265625,-0.7080078125,-0.146484375,-0.40283203125,0.08544921875,0.6103515625,0.28076171875,0.76904296875,-0.18310546875,0.341796875,-0.1953125,-0.390625,-0.244140625,0.54931640625,-0.0244140625,0.7080078125,0.15869140625,0.5126953125,-0.30517578125,0.42724609375,0.08544921875,0.03662109375,0.18310546875,-0.10986328125,-0.15869140625,0.64697265625,-0.2197265625,0.01220703125,-0.20751953125,-0.06103515625,-0.2197265625,1.28173828125,-0.2685546875,1.806640625,-0.08544921875,1.01318359375,0.29296875,2.45361328125,0.09765625,2.60009765625,-0.13427734375,1.171875,-0.2685546875,-0.15869140625,-0.20751953125,0.30517578125,-0.146484375,-0.93994140625,-0.25634765625,0.10986328125,-0.2197265625,0.10986328125,0.10986328125,3.45458984375,-0.0244140625,-0.72021484375,-0.244140625,-0.6103515625,-0.18310546875,-0.62255859375,-0.1220703125,-0.048828125,-0.01220703125,-0.439453125,-0.0244140625,-1.20849609375,-0.30517578125,-0.91552734375,-0.1708984375,0.50048828125,-0.2197265625,0.3173828125,-0.08544921875,-0.0732421875,-0.08544921875,-0.06103515625,-0.08544921875,0.10986328125,-0.09765625,1.13525390625,-0.439453125,1.611328125,-0.20751953125,0.35400390625,0.03662109375,0.78125
1,-0.08544921875,-0.03662109375,-0.29296875,-0.341796875,0.048828125,-0.47607421875,0.0244140625,-0.03662109375,-0.0732421875,-0.08544921875,0.244140625,-0.91552734375,-0.42724609375,1.025390625,0.29296875,-0.10986328125,-0.1708984375,-0.57373046875,0.18310546875,-0.10986328125,0.23193359375,0.87890625,0.3662109375,-0.5859375,-0.23193359375,-0.1220703125,-0.13427734375,-0.732421875,0.08544921875,0.9521484375,-0.25634765625,0.84228515625,0.1220703125,-0.7080078125,-0.32958984375,-1.4404296875,-0.13427734375,-0.6103515625,-0.25634765625,-0.89111328125,0.1220703125,-0.25634765625,-0.2197265625,-0.72021484375,-0.10986328125,-0.40283203125,0.146484375,0.5859375,0.15869140625,0.37841796875,-0.146484375,0.25634765625,-0.15869140625,-0.42724609375,-0.3173828125,0.48828125,-0.0244140625,0.69580078125,0.146484375,0.48828125,-0.341796875,0.439453125,-0.01220703125,0.0244140625,0.13427734375,-0.2197265625,-0.1708984375,0.57373046875,-0.1708984375,-0.146484375,-0.30517578125,-0.1220703125,-0.1708984375,1.20849609375,-0.23193359375,1.72119140625,-0.06103515625,0.9765625,0.25634765625,2.38037109375,0.1220703125,3.466796875,-0.146484375,1.611328125,-0.18310546875,0.048828125,-0.1708984375,0.634765625,-0.244140625,-0.927734375,-0.3173828125,0.09765625,-0.244140625,0.09765625,0.13427734375,3.33251953125,-0.048828125,-0.68359375,-0.244140625,-0.62255859375,-0.18310546875,-0.6103515625,-0.146484375,-0.048828125,0,-0.37841796875,0.048828125,-1.15966796875,-0.32958984375,-0.89111328125,-0.1220703125,0.5126953125,-0.18310546875,0.30517578125,-0.1220703125,-0.06103515625,-0.06103515625,-0.06103515625,-0.09765625,0.1220703125,-0.1220703125,1.11083984375,-0.4150390625,1.47705078125,-0.20751953125,0.2685546875,0.0244140625,0.732421875
1,-0.0732421875,-0.0244140625,-0.28076171875,-0.35400390625,0.06103515625,-0.48828125,-0.0244140625,-0.06103515625,0.0244140625,-0.08544921875,0.20751953125,-0.91552734375,-0.439453125,1.03759765625,0.29296875,-0.10986328125,-0.146484375,-0.57373046875,0.1220703125,-0.10986328125,0.30517578125,0.9033203125,0.30517578125,-0.5859375,-0.2197265625,-0.10986328125,-0.15869140625,-0.79345703125,0.06103515625,0.86669921875,-0.2685546875,0.7080078125,0.0732421875,-0.634765625,-0.37841796875,-1.46484375,-0.1220703125,-0.5859375,-0.244140625,-0.87890625,0.048828125,-0.244140625,-0.23193359375,-0.72021484375,-0.0732421875,-0.40283203125,0.1708984375,0.59814453125,0.1708984375,0.25634765625,-0.1220703125,0.23193359375,-0.10986328125,-0.390625,-0.3662109375,0.50048828125,-0.09765625,0.69580078125,0.1708984375,0.50048828125,-0.341796875,0.439453125,-0.08544921875,0.0244140625,0.0732421875,-0.3173828125,-0.23193359375,0.54931640625,-0.1708984375,-0.244140625,-0.42724609375,-0.146484375,-0.13427734375,1.18408203125,-0.1953125,1.6845703125,0.01220703125,0.93994140625,0.2197265625,2.33154296875,0.13427734375,4.248046875,-0.13427734375,2.001953125,0.01220703125,0.244140625,-0.10986328125,0.9033203125,-0.29296875,-0.89111328125,-0.2685546875,0.08544921875,-0.2685546875,0.13427734375,0.1220703125,3.3447265625,-0.06103515625,-0.6591796875,-0.1953125,-0.62255859375,-0.15869140625,-0.62255859375,-0.1708984375,-0.06103515625,0.0244140625,-0.3662109375,0.1220703125,-1.0986328125,-0.341796875,-0.89111328125,-0.1708984375,0.47607421875,-0.18310546875,0.30517578125,-0.13427734375,-0.06103515625,-0.08544921875,-0.08544921875,-0.10986328125,0.1220703125,-0.1220703125,1.0009765625,-0.4150390625,1.2939453125,-0.20751953125,0.146484375,0.01220703125,0.5615234375
1,-0.048828125,-0.01220703125,-0.25634765625,-0.3662109375,0.10986328125,-0.48828125,-0.06103515625,-0.048828125,0.13427734375,-0.08544921875,0.13427734375,-0.927734375,-0.390625,1.025390625,0.28076171875,-0.1220703125,-0.08544921875,-0.59814453125,0.06103515625,-0.13427734375,0.35400390625,0.89111328125,0.244140625,-0.5859375,-0.2197265625,-0.10986328125,-0.146484375,-0.84228515625,0.0244140625,0.76904296875,-0.2685546875,0.5859375,0.01220703125,-0.59814453125,-0.45166015625,-1.3916015625,-0.13427734375,-0.5615234375,-0.244140625,-0.86669921875,-0.048828125,-0.20751953125,-0.23193359375,-0.72021484375,-0.048828125,-0.390625,0.15869140625,0.5859375,0.0732421875,0.35400390625,-0.13427734375,0.244140625,-0.09765625,-0.32958984375,-0.35400390625,0.537109375,-0.1220703125,0.69580078125,0.20751953125,0.48828125,-0.40283203125,0.45166015625,-0.146484375,0.048828125,0.048828125,-0.3662109375,-0.23193359375,0.537109375,-0.06103515625,-0.28076171875,-0.47607421875,-0.15869140625,-0.06103515625,1.123046875,-0.13427734375,1.62353515625,0.06103515625,0.86669921875,0.15869140625,2.25830078125,0.09765625,4.91943359375,-0.1220703125,2.33154296875,0.15869140625,0.4150390625,-0.0244140625,1.1474609375,-0.30517578125,-0.87890625,-0.28076171875,0.1220703125,-0.30517578125,0.1708984375,-0.0244140625,3.50341796875,-0.0732421875,-0.68359375,-0.18310546875,-0.6591796875,-0.146484375,-0.62255859375,-0.146484375,-0.06103515625,0.09765625,-0.4150390625,0.1953125,-1.123046875,-0.35400390625,-0.927734375,-0.23193359375,0.439453125,-0.1708984375,0.3173828125,-0.13427734375,-0.0732421875,-0.0732421875,-0.0732421875,-0.10986328125,0.1220703125,-0.13427734375,0.8056640625,-0.439453125,1.07421875,-0.2197265625,-0.01220703125,-0.01220703125,0.35400390625
1,-0.0732421875,-0.01220703125,-0.28076171875,-0.37841796875,0.1708984375,-0.48828125,-0.09765625,-0.06103515625,0.25634765625,-0.08544921875,0.048828125,-0.9033203125,-0.4150390625,1.025390625,0.28076171875,-0.1220703125,-0.048828125,-0.6103515625,0.0244140625,-0.146484375,0.3173828125,0.89111328125,0.15869140625,-0.5859375,-0.23193359375,-0.13427734375,-0.1220703125,-0.89111328125,-0.0244140625,0.67138671875,-0.23193359375,0.45166015625,-0.0244140625,-0.5126953125,-0.5126953125,-1.26953125,-0.18310546875,-0.537109375,-0.20751953125,-0.8056640625,-0.1708984375,-0.20751953125,-0.23193359375,-0.72021484375,-0.0732421875,-0.3662109375,0.1220703125,0.5859375,0.146484375,0.6591796875,-0.15869140625,0.2685546875,-0.08544921875,-0.25634765625,-0.3173828125,0.57373046875,-0.1708984375,0.67138671875,0.244140625,0.47607421875,-0.45166015625,0.45166015625,-0.23193359375,0.06103515625,0.0244140625,-0.3173828125,-0.244140625,0.54931640625,0.06103515625,-0.2685546875,-0.4638671875,-0.10986328125,-0.0732421875,1.0986328125,-0.048828125,1.5625,0.13427734375,0.81787109375,0.1220703125,2.20947265625,-0.06103515625,5.40771484375,-0.09765625,2.5390625,0.2685546875,0.52490234375,0.01220703125,1.30615234375,-0.25634765625,-0.8544921875,-0.25634765625,0.13427734375,-0.29296875,0.15869140625,-0.1708984375,3.67431640625,-0.08544921875,-0.67138671875,-0.13427734375,-0.68359375,-0.09765625,-0.62255859375,-0.1220703125,-0.06103515625,0.08544921875,-0.48828125,0.244140625,-1.20849609375,-0.341796875,-0.9765625,-0.1708984375,0.3662109375,-0.146484375,0.29296875,-0.146484375,-0.06103515625,-0.06103515625,-0.0732421875,-0.10986328125,0.10986328125,-0.1220703125,0.59814453125,-0.40283203125,0.86669921875,-0.23193359375,-0.1220703125,0.01220703125,0.10986328125
1,-0.08544921875,0,-0.25634765625,-0.40283203125,0.1953125,-0.48828125,-0.10986328125,-0.09765625,0.341796875,-0.0732421875,-0.03662109375,-0.927734375,-0.40283203125,1.03759765625,0.29296875,-0.146484375,0.0244140625,-0.5859375,-0.0244140625,-0.15869140625,0.29296875,0.87890625,0.08544921875,-0.6103515625,-0.18310546875,-0.1708984375,-0.0732421875,-0.9521484375,-0.09765625,0.5859375,-0.2197265625,0.20751953125,0,-0.4150390625,-0.537109375,-1.11083984375,-0.244140625,-0.50048828125,-0.1708984375,-0.76904296875,-0.29296875,-0.1953125,-0.2685546875,-0.7080078125,-0.0732421875,-0.390625,0.1220703125,0.537109375,0.03662109375,1.0009765625,-0.146484375,0.3173828125,0,-0.20751953125,-0.3173828125,0.634765625,-0.2197265625,0.6591796875,0.28076171875,0.47607421875,-0.47607421875,0.47607421875,-0.2685546875,0.03662109375,-0.01220703125,-0.25634765625,-0.3173828125,0.5859375,0.09765625,-0.20751953125,-0.439453125,-0.06103515625,-0.1953125,1.07421875,0.01220703125,1.55029296875,0.1220703125,0.7568359375,0.0732421875,2.197265625,-0.09765625,5.67626953125,-0.048828125,2.63671875,0.40283203125,0.62255859375,0.10986328125,1.3916015625,-0.18310546875,-0.830078125,-0.2197265625,0.1953125,-0.25634765625,0.1708984375,-0.2197265625,3.8330078125,-0.08544921875,-0.67138671875,-0.09765625,-0.69580078125,-0.06103515625,-0.62255859375,-0.08544921875,-0.048828125,0.09765625,-0.5859375,0.28076171875,-1.33056640625,-0.29296875,-1.03759765625,-0.06103515625,0.29296875,-0.1220703125,0.29296875,-0.18310546875,-0.06103515625,-0.0732421875,-0.08544921875,-0.09765625,0.1220703125,-0.146484375,0.4150390625,-0.3662109375,0.68359375,-0.25634765625,-0.244140625,-0.048828125,-0.08544921875
1,-0.09765625,0.01220703125,-0.2685546875,-0.40283203125,0.1953125,-0.50048828125,-0.13427734375,-0.09765625,0.439453125,-0.09765625,-0.0732421875,-0.93994140625,-0.40283203125,1.025390625,0.244140625,-0.15869140625,0.06103515625,-0.6103515625,-0.048828125,-0.15869140625,0.390625,0.87890625,0.048828125,-0.62255859375,-0.1953125,-0.25634765625,-0.01220703125,-1.0009765625,-0.13427734375,0.50048828125,-0.1953125,-0.0732421875,-0.01220703125,-0.341796875,-0.59814453125,-0.927734375,-0.35400390625,-0.42724609375,-0.08544921875,-0.74462890625,-0.390625,-0.1953125,-0.29296875,-0.69580078125,-0.10986328125,-0.40283203125,0.13427734375,0.54931640625,-0.06103515625,1.3671875,-0.146484375,0.37841796875,0.0244140625,-0.1708984375,-0.3173828125,0.68359375,-0.244140625,0.6591796875,0.28076171875,0.4638671875,-0.50048828125,0.47607421875,-0.2685546875,0.03662109375,-0.03662109375,-0.18310546875,-0.32958984375,0.6591796875,0.146484375,-0.10986328125,-0.35400390625,0.01220703125,-0.20751953125,1.0498046875,0.146484375,1.513671875,0.13427734375,0.69580078125,0.048828125,2.16064453125,-0.0732421875,5.70068359375,-0.048828125,2.62451171875,0.45166015625,0.6103515625,0.15869140625,1.3916015625,-0.09765625,-0.81787109375,-0.146484375,0.2197265625,-0.1708984375,0.13427734375,-0.28076171875,3.8818359375,-0.03662109375,-0.68359375,-0.09765625,-0.7080078125,-0.0244140625,-0.59814453125,-0.0244140625,-0.03662109375,0.06103515625,-0.69580078125,0.30517578125,-1.416015625,-0.2685546875,-1.11083984375,0.01220703125,0.25634765625,-0.09765625,0.29296875,-0.20751953125,-0.048828125,-0.0732421875,-0.08544921875,-0.09765625,0.13427734375,-0.146484375,0.2685546875,-0.3173828125,0.634765625,-0.2685546875,-0.28076171875,-0.06103515625,-0.20751953125
1,-0.1220703125,-0.01220703125,-0.244140625,-0.40283203125,0.18310546875,-0.48828125,-0.1220703125,-0.10986328125,0.4638671875,-0.0732421875,-0.0732421875,-0.9521484375,-0.4638671875,1.025390625,0.23193359375,-0.1708984375,0.0732421875,-0.59814453125,-0.048828125,-0.18310546875,0.32958984375,0.86669921875,0.03662109375,-0.62255859375,-0.20751953125,-0.30517578125,0.06103515625,-1.0498046875,-0.1708984375,0.4150390625,-0.2197265625,-0.390625,-0.0244140625,-0.29296875,-0.62255859375,-0.79345703125,-0.40283203125,-0.4150390625,-0.01220703125,-0.732421875,-0.390625,-0.2197265625,-0.37841796875,-0.72021484375,-0.18310546875,-0.439453125,0.13427734375,0.54931640625,-0.01220703125,1.6357421875,-0.18310546875,0.40283203125,0.09765625,-0.1708984375,-0.2685546875,0.7080078125,-0.28076171875,0.67138671875,0.28076171875,0.48828125,-0.4638671875,0.47607421875,-0.30517578125,0.01220703125,-0.03662109375,-0.08544921875,-0.244140625,0.732421875,0.15869140625,0,-0.25634765625,0.06103515625,-0.390625,0.9765625,0.09765625,1.47705078125,0.01220703125,0.6591796875,-0.08544921875,2.13623046875,0.01220703125,5.52978515625,-0.01220703125,2.52685546875,0.52490234375,0.59814453125,0.146484375,1.2939453125,-0.03662109375,-0.84228515625,-0.08544921875,0.244140625,-0.1220703125,0.10986328125,-0.2685546875,3.759765625,0,-0.69580078125,-0.13427734375,-0.69580078125,-0.03662109375,-0.6103515625,0.06103515625,0,0,-0.76904296875,0.25634765625,-1.50146484375,-0.244140625,-1.15966796875,0.048828125,0.341796875,-0.0732421875,0.3173828125,-0.2197265625,-0.03662109375,-0.06103515625,-0.06103515625,-0.0732421875,0.13427734375,-0.13427734375,0.1708984375,-0.32958984375,0.634765625,-0.23193359375,-0.28076171875,-0.048828125,-0.244140625
1,-0.1220703125,-0.01220703125,-0.25634765625,-0.40283203125,0.18310546875,-0.5126953125,-0.09765625,-0.09765625,0.439453125,-0.08544921875,-0.06103515625,-0.9521484375,-0.50048828125,1.0498046875,0.15869140625,-0.18310546875,0.09765625,-0.59814453125,-0.06103515625,-0.1708984375,0.3173828125,0.8544921875,0.0244140625,-0.62255859375,-0.20751953125,-0.40283203125,0.13427734375,-1.0986328125,-0.20751953125,0.3662109375,-0.244140625,-0.64697265625,0.01220703125,-0.30517578125,-0.64697265625,-0.7080078125,-0.45166015625,-0.390625,0,-0.7080078125,-0.37841796875,-0.2197265625,-0.45166015625,-0.7080078125,-0.28076171875,-0.439453125,0.2197265625,0.52490234375,-0.146484375,1.7578125,-0.18310546875,0.42724609375,0.09765625,-0.1953125,-0.25634765625,0.7080078125,-0.3173828125,0.67138671875,0.28076171875,0.48828125,-0.4638671875,0.47607421875,-0.29296875,0,0,0.048828125,-0.1708984375,0.79345703125,0.10986328125,0.09765625,-0.18310546875,0.13427734375,-0.3662109375,0.91552734375,0.1708984375,1.46484375,-0.06103515625,0.62255859375,-0.08544921875,2.099609375,-0.0244140625,5.224609375,0.03662109375,2.3193359375,0.54931640625,0.537109375,0.15869140625,1.15966796875,0.0244140625,-0.89111328125,0.01220703125,0.2197265625,-0.06103515625,0.048828125,-0.244140625,3.3935546875,0.06103515625,-0.69580078125,-0.146484375,-0.68359375,-0.03662109375,-0.6103515625,0.13427734375,-0.01220703125,-0.048828125,-0.79345703125,0.244140625,-1.57470703125,-0.20751953125,-1.18408203125,0.10986328125,0.48828125,-0.06103515625,0.3173828125,-0.20751953125,-0.03662109375,-0.0732421875,-0.06103515625,-0.048828125,0.146484375,-0.1220703125,0.1708984375,-0.28076171875,0.69580078125,-0.2197265625,-0.2685546875,-0.03662109375,-0.23193359375
1,-0.1220703125,-0.06103515625,-0.244140625,-0.40283203125,0.1708984375,-0.48828125,-0.08544921875,-0.10986328125,0.32958984375,-0.08544921875,-0.0244140625,-0.91552734375,-0.50048828125,1.025390625,0.13427734375,-0.1953125,0.09765625,-0.5859375,-0.048828125,-0.15869140625,0.1708984375,0.87890625,0.0732421875,-0.6103515625,-0.23193359375,-0.439453125,0.20751953125,-1.123046875,-0.20751953125,0.35400390625,-0.2197265625,-0.84228515625,0.0244140625,-0.32958984375,-0.64697265625,-0.67138671875,-0.48828125,-0.40283203125,0.01220703125,-0.7080078125,-0.341796875,-0.2197265625,-0.47607421875,-0.7080078125,-0.390625,-0.45166015625,0.244140625,0.537109375,-0.1708984375,1.708984375,-0.18310546875,0.42724609375,0.0732421875,-0.2197265625,-0.2197265625,0.68359375,-0.32958984375,0.6591796875,0.29296875,0.5126953125,-0.47607421875,0.47607421875,-0.3173828125,0.01220703125,0.03662109375,0.1220703125,-0.06103515625,0.830078125,0.08544921875,0.1953125,-0.08544921875,0.1708984375,-0.1953125,0.84228515625,0.244140625,1.416015625,-0.10986328125,0.57373046875,-0.09765625,2.03857421875,-0.06103515625,4.8095703125,0.06103515625,2.11181640625,0.4638671875,0.45166015625,0.0732421875,1.0009765625,0.03662109375,-0.9765625,0.09765625,0.1953125,0,-0.0244140625,-0.18310546875,2.84423828125,0.146484375,-0.7080078125,-0.13427734375,-0.67138671875,-0.0732421875,-0.6103515625,0.18310546875,0,-0.08544921875,-0.74462890625,0.1953125,-1.513671875,-0.1708984375,-1.0986328125,0.10986328125,0.79345703125,-0.01220703125,0.30517578125,-0.1953125,-0.048828125,-0.0732421875,-0.048828125,-0.06103515625,0.15869140625,-0.1708984375,0.23193359375,-0.37841796875,0.79345703125,-0.25634765625,-0.23193359375,-0.13427734375,-0.1708984375
0,-0.08544921875,-0.0732421875,-0.244140625,-0.40283203125,0.1220703125,-0.50048828125,-0.06103515625,-0.10986328125,0.23193359375,-0.09765625,0.0244140625,-0.927734375,-0.439453125,1.025390625,0.0732421875,-0.1953125,0.09765625,-0.57373046875,-0.03662109375,-0.15869140625,0.1708984375,0.87890625,0.09765625,-0.59814453125,-0.20751953125,-0.45166015625,0.244140625,-1.08642578125,-0.23193359375,0.37841796875,-0.29296875,-0.89111328125,0.048828125,-0.37841796875,-0.52490234375,-0.732421875,-0.47607421875,-0.4150390625,-0.08544921875,-0.732421875,-0.25634765625,-0.244140625,-0.4150390625,-0.69580078125,-0.47607421875,-0.42724609375,0.28076171875,0.5615234375,-0.25634765625,1.5625,-0.1953125,0.40283203125,0.08544921875,-0.25634765625,-0.13427734375,0.67138671875,-0.341796875,0.68359375,0.29296875,0.48828125,-0.47607421875,0.4638671875,-0.29296875,0.01220703125,0.03662109375,0.18310546875,0.03662109375,0.84228515625,0.08544921875,0.23193359375,-0.03662109375,0.18310546875,-0.1708984375,0.74462890625,0.13427734375,1.37939453125,-0.25634765625,0.50048828125,-0.1953125,1.9775390625,-0.09765625,4.33349609375,0.03662109375,1.91650390625,0.390625,0.341796875,-0.01220703125,0.84228515625,0.01220703125,-1.08642578125,0.13427734375,0.1220703125,0.01220703125,-0.10986328125,-0.06103515625,2.08740234375,0.146484375,-0.72021484375,-0.09765625,-0.6591796875,-0.09765625,-0.62255859375,0.2197265625,-0.01220703125,-0.0732421875,-0.59814453125,0.146484375,-1.40380859375,-0.10986328125,-1.0009765625,-0.06103515625,1.26953125,-0.0244140625,0.30517578125,-0.1708984375,-0.048828125,-0.08544921875,-0.06103515625,-0.06103515625,0.15869140625,-0.15869140625,0.25634765625,-0.341796875,0.89111328125,-0.20751953125,-0.1953125,-0.0732421875,-0.0732421875
0,-0.0732421875,-0.10986328125,-0.23193359375,-0.390625,0.0732421875,-0.4638671875,-0.048828125,-0.1220703125,0.15869140625,-0.0732421875,0.048828125,-0.927734375,-0.4150390625,1.03759765625,0.0244140625,-0.18310546875,0.0732421875,-0.57373046875,-0.0244140625,-0.15869140625,0.146484375,0.9033203125,0.1220703125,-0.59814453125,-0.1953125,-0.439453125,0.244140625,-1.06201171875,-0.2197265625,0.45166015625,-0.2685546875,-0.76904296875,0.0732421875,-0.45166015625,-0.47607421875,-0.8544921875,-0.48828125,-0.45166015625,-0.13427734375,-0.74462890625,-0.18310546875,-0.25634765625,-0.3662109375,-0.72021484375,-0.5126953125,-0.4150390625,0.29296875,0.54931640625,-0.244140625,1.2939453125,-0.18310546875,0.40283203125,0.048828125,-0.29296875,0.01220703125,0.62255859375,-0.3662109375,0.68359375,0.25634765625,0.5126953125,-0.52490234375,0.4638671875,-0.23193359375,0.01220703125,-0.0244140625,0.18310546875,0.1220703125,0.830078125,0.0732421875,0.244140625,-0.01220703125,0.18310546875,0.01220703125,0.6591796875,0.146484375,1.318359375,-0.2685546875,0.4638671875,-0.08544921875,1.9287109375,-0.09765625,3.9306640625,0.0244140625,1.72119140625,0.25634765625,0.23193359375,-0.10986328125,0.7080078125,-0.0244140625,-1.220703125,0.1220703125,0.01220703125,0.0244140625,-0.2197265625,0.146484375,1.18408203125,0.1708984375,-0.732421875,-0.0732421875,-0.6103515625,-0.0732421875,-0.59814453125,0.20751953125,-0.0244140625,-0.06103515625,-0.37841796875,0.08544921875,-1.1962890625,-0.048828125,-0.84228515625,-0.1708984375,1.904296875,-0.03662109375,0.30517578125,-0.18310546875,-0.0244140625,-0.0732421875,-0.06103515625,-0.03662109375,0.146484375,-0.1220703125,0.3173828125,-0.25634765625,0.9521484375,-0.1953125,-0.18310546875,-0.0732421875,-0.048828125
0,-0.03662109375,-0.15869140625,-0.23193359375,-0.37841796875,0.0244140625,-0.45166015625,-0.01220703125,-0.08544921875,0.1220703125,-0.09765625,0.0732421875,-0.9033203125,-0.29296875,1.03759765625,-0.0244140625,-0.15869140625,0.06103515625,-0.5615234375,-0.06103515625,-0.13427734375,0.18310546875,0.91552734375,0.13427734375,-0.5859375,-0.1953125,-0.390625,0.1708984375,-0.9765625,-0.25634765625,0.5615234375,-0.28076171875,-0.52490234375,0.0732421875,-0.52490234375,-0.4150390625,-1.025390625,-0.47607421875,-0.50048828125,-0.146484375,-0.79345703125,-0.10986328125,-0.25634765625,-0.2197265625,-0.732421875,-0.52490234375,-0.40283203125,0.244140625,0.57373046875,-0.0732421875,1.03759765625,-0.2685546875,0.35400390625,0,-0.32958984375,0.15869140625,0.59814453125,-0.35400390625,0.68359375,0.244140625,0.48828125,-0.50048828125,0.4638671875,-0.1953125,0.01220703125,-0.048828125,0.13427734375,0.29296875,0.81787109375,0.10986328125,0.2197265625,0.048828125,0.13427734375,0.08544921875,0.6103515625,0.09765625,1.28173828125,-0.341796875,0.4150390625,-0.048828125,1.85546875,-0.10986328125,3.564453125,0.01220703125,1.62353515625,0.15869140625,0.13427734375,-0.1953125,0.5859375,-0.10986328125,-1.35498046875,0.10986328125,-0.13427734375,0.0732421875,-0.3173828125,0.3173828125,0.28076171875,0.15869140625,-0.732421875,-0.13427734375,-0.634765625,-0.0732421875,-0.59814453125,0.10986328125,-0.03662109375,-0.03662109375,-0.06103515625,0,-0.89111328125,-0.0244140625,-0.62255859375,-0.10986328125,2.72216796875,-0.03662109375,0.29296875,-0.146484375,-0.0732421875,-0.06103515625,-0.0732421875,-0.048828125,0.13427734375,-0.18310546875,0.28076171875,-0.3662109375,0.98876953125,-0.25634765625,-0.2197265625,-0.146484375,-0.048828125
0,-0.0244140625,-0.2197265625,-0.2197265625,-0.37841796875,-0.01220703125,-0.4638671875,-0.01220703125,-0.0732421875,0.09765625,-0.1220703125,0.10986328125,-0.93994140625,-0.2197265625,1.025390625,-0.03662109375,-0.146484375,0.03662109375,-0.57373046875,-0.10986328125,-0.13427734375,0.4150390625,0.9521484375,0.1220703125,-0.5859375,-0.15869140625,-0.28076171875,0.09765625,-0.91552734375,-0.2685546875,0.6591796875,-0.3173828125,-0.20751953125,0.08544921875,-0.5615234375,-0.341796875,-1.18408203125,-0.40283203125,-0.54931640625,-0.1708984375,-0.8544921875,-0.06103515625,-0.25634765625,-0.09765625,-0.732421875,-0.47607421875,-0.3662109375,0.25634765625,0.5615234375,-0.0732421875,0.830078125,-0.30517578125,0.35400390625,-0.03662109375,-0.3173828125,0.3173828125,0.5859375,-0.390625,0.68359375,0.2685546875,0.48828125,-0.48828125,0.47607421875,-0.13427734375,0.0244140625,-0.146484375,0.08544921875,0.29296875,0.76904296875,0.13427734375,0.18310546875,0.0244140625,0.08544921875,0.08544921875,0.5859375,0.03662109375,1.26953125,-0.35400390625,0.37841796875,-0.048828125,1.806640625,-0.0244140625,3.3203125,-0.0244140625,1.5625,0.03662109375,0.048828125,-0.20751953125,0.537109375,-0.15869140625,-1.4892578125,0.06103515625,-0.2685546875,0.1708984375,-0.42724609375,0.47607421875,-0.5615234375,0.0732421875,-0.7080078125,-0.10986328125,-0.634765625,-0.0732421875,-0.62255859375,0.0244140625,-0.048828125,-0.03662109375,0.28076171875,-0.03662109375,-0.54931640625,-0.03662109375,-0.35400390625,-0.1708984375,3.6376953125,-0.06103515625,0.3173828125,-0.13427734375,-0.06103515625,-0.06103515625,-0.0732421875,-0.06103515625,0.146484375,-0.13427734375,0.25634765625,-0.2685546875,0.96435546875,-0.2197265625,-0.2685546875,-0.08544921875,-0.1220703125
0,0,-0.2197265625,-0.2685546875,-0.35400390625,-0.03662109375,-0.45166015625,0,-0.0732421875,0.10986328125,-0.1220703125,0.0732421875,-0.9521484375,-0.1220703125,1.03759765625,-0.01220703125,-0.13427734375,0.03662109375,-0.57373046875,-0.1708984375,-0.1220703125,0.54931640625,0.96435546875,0.10986328125,-0.5859375,-0.09765625,-0.18310546875,0.08544921875,-0.81787109375,-0.28076171875,0.76904296875,-0.25634765625,0.09765625,0.0732421875,-0.5859375,-0.35400390625,-1.33056640625,-0.37841796875,-0.5615234375,-0.20751953125,-0.87890625,-0.09765625,-0.28076171875,-0.01220703125,-0.732421875,-0.4638671875,-0.37841796875,0.25634765625,0.57373046875,-0.146484375,0.7080078125,-0.341796875,0.3173828125,-0.10986328125,-0.32958984375,0.42724609375,0.54931640625,-0.3662109375,0.69580078125,0.2685546875,0.47607421875,-0.4638671875,0.48828125,-0.03662109375,0.03662109375,-0.1953125,0.01220703125,0.25634765625,0.7080078125,0.06103515625,0.10986328125,-0.08544921875,0.06103515625,0.06103515625,0.634765625,-0.048828125,1.2451171875,-0.32958984375,0.4150390625,-0.03662109375,1.7822265625,-0.0732421875,3.1982421875,-0.06103515625,1.55029296875,-0.0732421875,0.03662109375,-0.1953125,0.5126953125,-0.20751953125,-1.611328125,0.01220703125,-0.390625,0.25634765625,-0.50048828125,0.54931640625,-1.26953125,0.0244140625,-0.69580078125,-0.13427734375,-0.6591796875,-0.06103515625,-0.6103515625,-0.0732421875,-0.06103515625,-0.06103515625,0.64697265625,-0.03662109375,-0.18310546875,-0.0732421875,-0.08544921875,-0.08544921875,4.62646484375,-0.06103515625,0.3173828125,-0.13427734375,-0.048828125,-0.08544921875,-0.09765625,-0.06103515625,0.1220703125,-0.146484375,0.15869140625,-0.29296875,0.89111328125,-0.244140625,-0.3173828125,-0.08544921875,-0.20751953125
0,0,-0.23193359375,-0.28076171875,-0.3662109375,-0.048828125,-0.42724609375,0.01220703125,-0.06103515625,0.13427734375,-0.13427734375,0,-0.927734375,0,1.06201171875,0.0244140625,-0.1220703125,0.0732421875,-0.59814453125,-0.2197265625,-0.1220703125,0.57373046875,0.9521484375,0.048828125,-0.59814453125,-0.1220703125,-0.09765625,-0.01220703125,-0.74462890625,-0.32958984375,0.84228515625,-0.28076171875,0.390625,0.09765625,-0.6103515625,-0.29296875,-1.40380859375,-0.30517578125,-0.59814453125,-0.1708984375,-0.89111328125,-0.1220703125,-0.28076171875,0.0732421875,-0.72021484375,-0.439453125,-0.37841796875,0.23193359375,0.57373046875,-0.13427734375,0.69580078125,-0.35400390625,0.32958984375,-0.13427734375,-0.2685546875,0.47607421875,0.54931640625,-0.40283203125,0.6591796875,0.30517578125,0.4638671875,-0.40283203125,0.47607421875,0.048828125,0.01220703125,-0.146484375,-0.0244140625,0.32958984375,0.7080078125,0.15869140625,0.08544921875,-0.048828125,0.03662109375,0.08544921875,0.74462890625,-0.15869140625,1.3427734375,-0.244140625,0.4638671875,-0.048828125,1.84326171875,-0.1220703125,3.173828125,-0.13427734375,1.57470703125,-0.1708984375,0.0244140625,-0.18310546875,0.537109375,-0.25634765625,-1.69677734375,-0.048828125,-0.52490234375,0.390625,-0.5615234375,0.47607421875,-1.7333984375,-0.01220703125,-0.69580078125,-0.1953125,-0.67138671875,-0.03662109375,-0.634765625,-0.1708984375,-0.06103515625,-0.10986328125,0.98876953125,-0.03662109375,0.15869140625,-0.09765625,0.1708984375,-0.0732421875,5.615234375,-0.0732421875,0.3173828125,-0.09765625,-0.03662109375,-0.0732421875,-0.09765625,-0.06103515625,0.1220703125,-0.15869140625,0.06103515625,-0.29296875,0.81787109375,-0.28076171875,-0.3662109375,-0.0732421875,-0.3173828125
0,0.01220703125,-0.23193359375,-0.28076171875,-0.3662109375,-0.03662109375,-0.4150390625,0.01220703125,-0.06103515625,0.1953125,-0.10986328125,-0.048828125,-0.93994140625,0.08544921875,1.06201171875,0.08544921875,-0.1220703125,0.09765625,-0.59814453125,-0.25634765625,-0.13427734375,0.68359375,0.96435546875,0,-0.59814453125,-0.1220703125,-0.06103515625,-0.0732421875,-0.732421875,-0.35400390625,0.87890625,-0.23193359375,0.54931640625,0.09765625,-0.6103515625,-0.30517578125,-1.40380859375,-0.25634765625,-0.5859375,-0.1708984375,-0.89111328125,-0.13427734375,-0.25634765625,0.1220703125,-0.72021484375,-0.40283203125,-0.390625,0.1953125,0.5615234375,-0.1708984375,0.8056640625,-0.32958984375,0.32958984375,-0.23193359375,-0.244140625,0.50048828125,0.5859375,-0.4638671875,0.6591796875,0.35400390625,0.45166015625,-0.390625,0.4638671875,0.1708984375,0.0244140625,-0.146484375,-0.0244140625,0.30517578125,0.69580078125,0.1708984375,0.048828125,-0.08544921875,0.06103515625,0.2197265625,0.87890625,-0.1708984375,1.40380859375,-0.15869140625,0.57373046875,-0.0732421875,1.91650390625,-0.146484375,3.21044921875,-0.18310546875,1.611328125,-0.2197265625,0.0244140625,-0.15869140625,0.54931640625,-0.30517578125,-1.74560546875,-0.10986328125,-0.5859375,0.50048828125,-0.59814453125,0.40283203125,-1.9287109375,-0.048828125,-0.69580078125,-0.1708984375,-0.67138671875,-0.01220703125,-0.62255859375,-0.2197265625,-0.048828125,-0.1220703125,1.26953125,-0.0244140625,0.45166015625,-0.13427734375,0.3662109375,-0.08544921875,6.53076171875,-0.10986328125,0.32958984375,-0.1220703125,-0.03662109375,-0.06103515625,-0.08544921875,-0.06103515625,0.1220703125,-0.2197265625,-0.01220703125,-0.3662109375,0.7568359375,-0.30517578125,-0.390625,-0.10986328125,-0.37841796875
0,0.06103515625,-0.2197265625,-0.2685546875,-0.3662109375,-0.03662109375,-0.40283203125,0,-0.0732421875,0.2197265625,-0.09765625,-0.09765625,-0.91552734375,0.146484375,1.07421875,0.146484375,-0.146484375,0.09765625,-0.59814453125,-0.2685546875,-0.146484375,0.67138671875,0.9521484375,-0.01220703125,-0.59814453125,-0.10986328125,-0.0244140625,-0.0732421875,-0.69580078125,-0.2685546875,0.91552734375,-0.13427734375,0.6103515625,0.0732421875,-0.6103515625,-0.341796875,-1.3427734375,-0.23193359375,-0.5615234375,-0.1220703125,-0.87890625,-0.146484375,-0.244140625,0.1708984375,-0.7080078125,-0.40283203125,-0.4150390625,0.1708984375,0.5615234375,-0.15869140625,0.98876953125,-0.28076171875,0.35400390625,-0.29296875,-0.20751953125,0.5126953125,0.62255859375,-0.5126953125,0.67138671875,0.40283203125,0.45166015625,-0.341796875,0.439453125,0.2685546875,0.0244140625,-0.10986328125,0.048828125,0.20751953125,0.7568359375,0.08544921875,0.08544921875,-0.1708984375,0.1220703125,0.1953125,1.03759765625,-0.18310546875,1.5380859375,-0.0244140625,0.67138671875,-0.06103515625,2.05078125,-0.15869140625,3.2470703125,-0.2197265625,1.6357421875,-0.23193359375,0.0244140625,-0.1708984375,0.5615234375,-0.32958984375,-1.7333984375,-0.15869140625,-0.5859375,0.59814453125,-0.6103515625,0.1708984375,-1.85546875,-0.03662109375,-0.72021484375,-0.18310546875,-0.68359375,-0.03662109375,-0.6103515625,-0.2197265625,-0.048828125,-0.09765625,1.50146484375,0,0.68359375,-0.1220703125,0.537109375,-0.18310546875,7.275390625,-0.0732421875,0.35400390625,-0.1220703125,-0.01220703125,-0.08544921875,-0.08544921875,-0.06103515625,0.13427734375,-0.146484375,0,-0.3173828125,0.78125,-0.28076171875,-0.341796875,-0.03662109375,-0.37841796875
0,0.03662109375,-0.20751953125,-0.2685546875,-0.3662109375,-0.048828125,-0.37841796875,0,-0.0732421875,0.1953125,-0.08544921875,-0.10986328125,-0.91552734375,0.20751953125,1.06201171875,0.18310546875,-0.15869140625,0.09765625,-0.59814453125,-0.23193359375,-0.1220703125,0.69580078125,0.927734375,0.01220703125,-0.6103515625,-0.13427734375,0,-0.1220703125,-0.68359375,-0.2197265625,0.9033203125,-0.1220703125,0.50048828125,0.13427734375,-0.54931640625,-0.35400390625,-1.2451171875,-0.2197265625,-0.54931640625,-0.048828125,-0.86669921875,-0.13427734375,-0.2197265625,0.1708984375,-0.69580078125,-0.3662109375,-0.4150390625,0.15869140625,0.54931640625,-0.1220703125,1.1962890625,-0.20751953125,0.37841796875,-0.341796875,-0.1953125,0.54931640625,0.6591796875,-0.52490234375,0.68359375,0.4150390625,0.47607421875,-0.30517578125,0.45166015625,0.3173828125,0.03662109375,-0.048828125,0.15869140625,0.15869140625,0.8544921875,0.13427734375,0.10986328125,-0.09765625,0.1953125,0.146484375,1.2451171875,-0.244140625,1.64794921875,0.0244140625,0.81787109375,-0.08544921875,2.23388671875,-0.146484375,3.271484375,-0.2197265625,1.611328125,-0.1953125,0.0244140625,-0.15869140625,0.5615234375,-0.35400390625,-1.69677734375,-0.1953125,-0.52490234375,0.67138671875,-0.6103515625,0.08544921875,-1.5380859375,-0.0244140625,-0.72021484375,-0.1953125,-0.69580078125,-0.03662109375,-0.59814453125,-0.1953125,-0.048828125,-0.01220703125,1.611328125,0,0.8056640625,-0.1708984375,0.64697265625,-0.1953125,7.8125,-0.08544921875,0.3173828125,-0.1220703125,-0.0244140625,-0.0732421875,-0.06103515625,-0.08544921875,0.146484375,-0.1953125,0.06103515625,-0.2197265625,0.830078125,-0.30517578125,-0.25634765625,-0.048828125,-0.30517578125
0,0.03662109375,-0.2197265625,-0.2685546875,-0.37841796875,-0.03662109375,-0.35400390625,0,-0.08544921875,0.15869140625,-0.06103515625,-0.048828125,-0.91552734375,0.244140625,1.0498046875,0.18310546875,-0.18310546875,0.06103515625,-0.59814453125,-0.1953125,-0.146484375,0.68359375,0.93994140625,0.048828125,-0.59814453125,-0.146484375,-0.03662109375,-0.1708984375,-0.69580078125,-0.1220703125,0.9033203125,-0.0732421875,0.32958984375,0.10986328125,-0.52490234375,-0.42724609375,-1.11083984375,-0.18310546875,-0.50048828125,0.048828125,-0.8056640625,-0.0732421875,-0.1953125,0.10986328125,-0.68359375,-0.3662109375,-0.45166015625,0.244140625,0.537109375,-0.2197265625,1.35498046875,-0.10986328125,0.4150390625,-0.42724609375,-0.1953125,0.52490234375,0.69580078125,-0.57373046875,0.68359375,0.390625,0.4638671875,-0.244140625,0.4150390625,0.40283203125,0.0244140625,-0.06103515625,0.3173828125,0.03662109375,0.9765625,0.048828125,0.2197265625,-0.15869140625,0.32958984375,0.18310546875,1.37939453125,-0.30517578125,1.7578125,0.09765625,0.93994140625,-0.09765625,2.392578125,-0.13427734375,3.173828125,-0.23193359375,1.55029296875,-0.13427734375,0,-0.15869140625,0.52490234375,-0.35400390625,-1.59912109375,-0.20751953125,-0.45166015625,0.64697265625,-0.537109375,0.0732421875,-1.0009765625,-0.048828125,-0.7080078125,-0.15869140625,-0.68359375,-0.03662109375,-0.59814453125,-0.13427734375,-0.03662109375,0.01220703125,1.66015625,-0.01220703125,0.86669921875,-0.20751953125,0.634765625,-0.0732421875,8.06884765625,-0.08544921875,0.3173828125,-0.146484375,-0.0244140625,-0.08544921875,-0.048828125,-0.09765625,0.15869140625,-0.1708984375,0.1953125,-0.15869140625,0.927734375,-0.29296875,-0.146484375,-0.01220703125,-0.146484375
0,0.06103515625,-0.28076171875,-0.28076171875,-0.3662109375,-0.03662109375,-0.35400390625,-0.01220703125,-0.09765625,0.06103515625,-0.06103515625,0.03662109375,-0.91552734375,0.2685546875,1.03759765625,0.25634765625,-0.1708984375,0.03662109375,-0.59814453125,-0.09765625,-0.146484375,0.67138671875,0.927734375,0.10986328125,-0.6103515625,-0.09765625,-0.06103515625,-0.1708984375,-0.69580078125,0,0.927734375,-0.0732421875,0.10986328125,0.09765625,-0.5126953125,-0.48828125,-0.98876953125,-0.1708984375,-0.50048828125,0.048828125,-0.79345703125,0.03662109375,-0.2197265625,0.0732421875,-0.68359375,-0.3173828125,-0.4638671875,0.2685546875,0.5615234375,-0.244140625,1.4404296875,-0.03662109375,0.439453125,-0.47607421875,-0.18310546875,0.5126953125,0.7080078125,-0.54931640625,0.72021484375,0.390625,0.48828125,-0.13427734375,0.4150390625,0.45166015625,0.0244140625,-0.03662109375,0.52490234375,0.0244140625,1.0986328125,-0.048828125,0.341796875,-0.13427734375,0.47607421875,0.06103515625,1.4404296875,-0.30517578125,1.84326171875,0.09765625,1.01318359375,-0.06103515625,2.47802734375,-0.10986328125,2.94189453125,-0.1708984375,1.42822265625,-0.06103515625,-0.0732421875,-0.1220703125,0.439453125,-0.29296875,-1.46484375,-0.20751953125,-0.32958984375,0.59814453125,-0.4638671875,-0.03662109375,-0.32958984375,-0.09765625,-0.72021484375,-0.146484375,-0.6591796875,-0.01220703125,-0.62255859375,-0.08544921875,-0.06103515625,0.0244140625,1.5869140625,0,0.8056640625,-0.2197265625,0.59814453125,0.0732421875,8.04443359375,-0.10986328125,0.3173828125,-0.1220703125,-0.01220703125,-0.08544921875,-0.03662109375,-0.0732421875,0.15869140625,-0.18310546875,0.3662109375,-0.25634765625,1.0498046875,-0.30517578125,-0.01220703125,-0.0244140625,0.048828125
0,0.0732421875,-0.35400390625,-0.28076171875,-0.35400390625,-0.01220703125,-0.390625,-0.03662109375,-0.08544921875,-0.048828125,-0.0732421875,0.13427734375,-0.91552734375,0.244140625,1.01318359375,0.25634765625,-0.146484375,0.0244140625,-0.5859375,-0.03662109375,-0.15869140625,0.69580078125,0.91552734375,0.09765625,-0.5859375,-0.1220703125,-0.09765625,-0.2197265625,-0.7080078125,0.048828125,0.9521484375,-0.1708984375,-0.0732421875,0.08544921875,-0.5615234375,-0.57373046875,-0.91552734375,-0.13427734375,-0.52490234375,0.0244140625,-0.79345703125,0.146484375,-0.23193359375,0.01220703125,-0.69580078125,-0.29296875,-0.50048828125,0.3173828125,0.54931640625,-0.29296875,1.40380859375,0.08544921875,0.45166015625,-0.5126953125,-0.1953125,0.47607421875,0.72021484375,-0.52490234375,0.732421875,0.390625,0.48828125,-0.09765625,0.4150390625,0.42724609375,0.03662109375,0,0.74462890625,0.03662109375,1.220703125,-0.0732421875,0.48828125,-0.03662109375,0.59814453125,-0.06103515625,1.416015625,-0.341796875,1.84326171875,0.0732421875,1.025390625,-0.03662109375,2.5390625,-0.146484375,2.52685546875,-0.09765625,1.23291015625,-0.0244140625,-0.1953125,-0.0732421875,0.30517578125,-0.28076171875,-1.318359375,-0.1708984375,-0.15869140625,0.47607421875,-0.3662109375,0,0.45166015625,-0.13427734375,-0.72021484375,-0.08544921875,-0.64697265625,-0.01220703125,-0.59814453125,-0.01220703125,-0.048828125,0.10986328125,1.4404296875,-0.01220703125,0.67138671875,-0.2197265625,0.47607421875,0.048828125,7.71484375,-0.08544921875,0.29296875,-0.1220703125,-0.0244140625,-0.06103515625,-0.03662109375,-0.048828125,0.146484375,-0.2197265625,0.537109375,-0.18310546875,1.18408203125,-0.3173828125,0.10986328125,-0.048828125,0.25634765625
0,0.048828125,-0.4150390625,-0.28076171875,-0.37841796875,0.0244140625,-0.4150390625,-0.03662109375,-0.09765625,-0.1220703125,-0.09765625,0.2197265625,-0.91552734375,0.23193359375,1.01318359375,0.23193359375,-0.146484375,0.03662109375,-0.57373046875,0.0244140625,-0.15869140625,0.7080078125,0.9521484375,0.09765625,-0.5859375,-0.10986328125,-0.09765625,-0.2197265625,-0.67138671875,0.09765625,0.9765625,-0.20751953125,-0.1708984375,0.146484375,-0.5615234375,-0.54931640625,-0.8544921875,-0.08544921875,-0.537109375,0.0244140625,-0.8056640625,0.18310546875,-0.2685546875,-0.0732421875,-0.7080078125,-0.25634765625,-0.48828125,0.32958984375,0.54931640625,-0.30517578125,1.30615234375,0.13427734375,0.45166015625,-0.537109375,-0.20751953125,0.45166015625,0.72021484375,-0.47607421875,0.72021484375,0.40283203125,0.50048828125,-0.06103515625,0.45166015625,0.4638671875,0.03662109375,0.01220703125,0.93994140625,-0.09765625,1.3427734375,-0.23193359375,0.62255859375,-0.0732421875,0.732421875,-0.146484375,1.35498046875,-0.37841796875,1.7822265625,0.06103515625,0.98876953125,0.0244140625,2.50244140625,-0.1220703125,1.94091796875,-0.03662109375,0.98876953125,0,-0.35400390625,-0.03662109375,0.10986328125,-0.1953125,-1.1474609375,-0.1220703125,0,0.2685546875,-0.2197265625,-0.08544921875,1.2939453125,-0.10986328125,-0.72021484375,0,-0.634765625,-0.048828125,-0.57373046875,0.048828125,-0.048828125,0.08544921875,1.26953125,0.01220703125,0.5126953125,-0.23193359375,0.32958984375,0.01220703125,7.21435546875,-0.09765625,0.29296875,-0.10986328125,-0.0244140625,-0.0732421875,-0.0244140625,-0.06103515625,0.146484375,-0.146484375,0.7080078125,-0.13427734375,1.25732421875,-0.30517578125,0.15869140625,-0.01220703125,0.40283203125
1,0.06103515625,-0.48828125,-0.28076171875,-0.35400390625,0.09765625,-0.45166015625,-0.0732421875,-0.0732421875,-0.1708984375,-0.09765625,0.18310546875,-0.9033203125,0.20751953125,1.01318359375,0.18310546875,-0.1220703125,0.03662109375,-0.57373046875,0.0732421875,-0.15869140625,0.6591796875,0.927734375,0.03662109375,-0.5859375,-0.048828125,-0.0732421875,-0.2197265625,-0.62255859375,0.13427734375,1.07421875,-0.25634765625,-0.1708984375,0.1708984375,-0.57373046875,-0.54931640625,-0.87890625,-0.09765625,-0.54931640625,0,-0.81787109375,0.1953125,-0.2685546875,-0.13427734375,-0.72021484375,-0.18310546875,-0.47607421875,0.3173828125,0.5615234375,-0.2197265625,1.13525390625,0.1708984375,0.439453125,-0.52490234375,-0.2197265625,0.4150390625,0.68359375,-0.390625,0.74462890625,0.37841796875,0.50048828125,-0.0732421875,0.45166015625,0.45166015625,0.06103515625,0.0732421875,1.0986328125,-0.1220703125,1.4404296875,-0.29296875,0.76904296875,-0.08544921875,0.830078125,-0.09765625,1.23291015625,-0.40283203125,1.6845703125,0.03662109375,0.89111328125,0.0732421875,2.392578125,-0.01220703125,1.25732421875,0.03662109375,0.72021484375,0.03662109375,-0.52490234375,0,-0.09765625,-0.15869140625,-1.0009765625,-0.08544921875,0.146484375,0.06103515625,-0.0732421875,0.0244140625,2.1484375,-0.0732421875,-0.69580078125,0.03662109375,-0.64697265625,-0.0732421875,-0.57373046875,0.1220703125,-0.06103515625,0.0732421875,1.03759765625,0.01220703125,0.29296875,-0.1708984375,0.18310546875,-0.01220703125,6.53076171875,-0.08544921875,0.28076171875,-0.09765625,-0.0244140625,-0.0732421875,-0.0244140625,-0.03662109375,0.13427734375,-0.15869140625,0.78125,-0.1220703125,1.28173828125,-0.30517578125,0.1708984375,-0.0244140625,0.48828125
1,0.03662109375,-0.52490234375,-0.28076171875,-0.32958984375,0.1708984375,-0.47607421875,-0.1220703125,-0.048828125,-0.1708984375,-0.08544921875,0.13427734375,-0.9033203125,0.1708984375,1.025390625,0.15869140625,-0.08544921875,0.048828125,-0.5859375,0.10986328125,-0.15869140625,0.67138671875,0.91552734375,-0.03662109375,-0.59814453125,-0.0244140625,-0.03662109375,-0.23193359375,-0.59814453125,0.146484375,1.1474609375,-0.244140625,-0.048828125,0.2197265625,-0.5859375,-0.439453125,-0.91552734375,-0.08544921875,-0.54931640625,0.03662109375,-0.8056640625,0.23193359375,-0.28076171875,-0.18310546875,-0.732421875,-0.1220703125,-0.47607421875,0.28076171875,0.54931640625,-0.244140625,0.93994140625,0.1220703125,0.4638671875,-0.537109375,-0.2197265625,0.32958984375,0.67138671875,-0.30517578125,0.7080078125,0.32958984375,0.50048828125,-0.08544921875,0.45166015625,0.47607421875,0.06103515625,0.048828125,1.20849609375,-0.10986328125,1.4892578125,-0.29296875,0.84228515625,-0.0732421875,0.89111328125,-0.03662109375,1.11083984375,-0.42724609375,1.57470703125,0.03662109375,0.79345703125,0.1953125,2.2216796875,0.06103515625,0.48828125,0.08544921875,0.40283203125,-0.0244140625,-0.7080078125,-0.0244140625,-0.341796875,-0.10986328125,-0.87890625,-0.048828125,0.28076171875,-0.10986328125,0.06103515625,-0.048828125,3.02734375,-0.0244140625,-0.7080078125,0.06103515625,-0.6591796875,-0.13427734375,-0.59814453125,0.146484375,-0.0732421875,0.06103515625,0.830078125,0.01220703125,0.09765625,-0.1220703125,0.03662109375,-0.01220703125,5.82275390625,-0.06103515625,0.28076171875,-0.08544921875,-0.01220703125,-0.0732421875,-0.03662109375,-0.03662109375,0.15869140625,-0.1708984375,0.7568359375,-0.1708984375,1.2451171875,-0.32958984375,0.10986328125,0,0.45166015625
1,0.03662109375,-0.54931640625,-0.32958984375,-0.341796875,0.2685546875,-0.5126953125,-0.15869140625,-0.06103515625,-0.08544921875,-0.10986328125,0.048828125,-0.93994140625,0.08544921875,1.01318359375,0.146484375,-0.09765625,0.048828125,-0.6103515625,0.09765625,-0.15869140625,0.64697265625,0.927734375,-0.08544921875,-0.6103515625,0.0244140625,0.03662109375,-0.23193359375,-0.54931640625,0.1220703125,1.20849609375,-0.20751953125,0.146484375,0.2685546875,-0.59814453125,-0.439453125,-1.01318359375,-0.048828125,-0.54931640625,0.048828125,-0.81787109375,0.25634765625,-0.2685546875,-0.20751953125,-0.72021484375,-0.0732421875,-0.45166015625,0.2685546875,0.537109375,-0.1220703125,0.8056640625,0.08544921875,0.45166015625,-0.48828125,-0.2197265625,0.20751953125,0.69580078125,-0.244140625,0.72021484375,0.2685546875,0.48828125,-0.1220703125,0.45166015625,0.4638671875,0.048828125,0.08544921875,1.2451171875,-0.08544921875,1.55029296875,-0.25634765625,0.87890625,-0.0732421875,0.9033203125,-0.0244140625,1.07421875,-0.4150390625,1.47705078125,0.048828125,0.69580078125,0.244140625,2.0751953125,0.13427734375,-0.1953125,0.1220703125,0.146484375,-0.09765625,-0.9033203125,-0.08544921875,-0.537109375,-0.09765625,-0.72021484375,-0.01220703125,0.4150390625,-0.28076171875,0.23193359375,0.048828125,3.9306640625,0.0244140625,-0.7080078125,0.0732421875,-0.64697265625,-0.1953125,-0.6103515625,0.146484375,-0.0732421875,0.03662109375,0.64697265625,0.0732421875,-0.10986328125,-0.09765625,-0.09765625,-0.0244140625,5.1513671875,-0.048828125,0.28076171875,-0.10986328125,-0.03662109375,-0.08544921875,-0.048828125,-0.06103515625,0.13427734375,-0.1220703125,0.67138671875,-0.06103515625,1.20849609375,-0.30517578125,0,0.01220703125,0.32958984375
1,0.01220703125,-0.537109375,-0.3173828125,-0.3662109375,0.3173828125,-0.5126953125,-0.13427734375,-0.08544921875,0.048828125,-0.09765625,-0.0732421875,-0.93994140625,0,1.03759765625,0.10986328125,-0.13427734375,0.08544921875,-0.5859375,0.08544921875,-0.13427734375,0.634765625,0.9521484375,-0.10986328125,-0.6103515625,0.0244140625,0.09765625,-0.20751953125,-0.52490234375,0.08544921875,1.26953125,-0.146484375,0.37841796875,0.341796875,-0.6103515625,-0.37841796875,-1.08642578125,-0.0732421875,-0.5615234375,0,-0.84228515625,0.30517578125,-0.2685546875,-0.1708984375,-0.74462890625,-0.06103515625,-0.42724609375,0.244140625,0.54931640625,-0.15869140625,0.74462890625,0.08544921875,0.439453125,-0.439453125,-0.2197265625,0.10986328125,0.68359375,-0.20751953125,0.7080078125,0.23193359375,0.47607421875,-0.18310546875,0.45166015625,0.4150390625,0.03662109375,0.048828125,1.23291015625,-0.10986328125,1.5380859375,-0.20751953125,0.86669921875,-0.1220703125,0.89111328125,0.06103515625,1.171875,-0.3662109375,1.45263671875,0.08544921875,0.634765625,0.32958984375,2.01416015625,0.146484375,-0.79345703125,0.146484375,-0.08544921875,-0.18310546875,-1.0498046875,-0.1708984375,-0.72021484375,-0.1220703125,-0.634765625,-0.01220703125,0.48828125,-0.32958984375,0.37841796875,0.0244140625,4.78515625,0.03662109375,-0.68359375,0.03662109375,-0.6591796875,-0.25634765625,-0.59814453125,0.1220703125,-0.0732421875,0,0.52490234375,0.08544921875,-0.2685546875,-0.10986328125,-0.18310546875,-0.01220703125,4.6630859375,-0.0244140625,0.29296875,-0.1220703125,-0.048828125,-0.08544921875,-0.048828125,-0.048828125,0.146484375,-0.1220703125,0.537109375,0,1.15966796875,-0.28076171875,-0.08544921875,0.0244140625,0.18310546875
1,-0.0244140625,-0.48828125,-0.32958984375,-0.37841796875,0.40283203125,-0.48828125,-0.146484375,-0.09765625,0.15869140625,-0.09765625,-0.15869140625,-0.927734375,-0.1220703125,1.06201171875,0.09765625,-0.1708984375,0.1220703125,-0.59814453125,0.08544921875,-0.13427734375,0.57373046875,0.9521484375,-0.1220703125,-0.62255859375,-0.01220703125,0.10986328125,-0.1953125,-0.52490234375,0.048828125,1.28173828125,-0.09765625,0.54931640625,0.390625,-0.57373046875,-0.2685546875,-1.171875,-0.06103515625,-0.5615234375,-0.01220703125,-0.830078125,0.30517578125,-0.2685546875,-0.10986328125,-0.74462890625,-0.0732421875,-0.42724609375,0.20751953125,0.537109375,-0.1220703125,0.74462890625,0.048828125,0.42724609375,-0.40283203125,-0.20751953125,0.0244140625,0.69580078125,-0.18310546875,0.69580078125,0.20751953125,0.48828125,-0.18310546875,0.42724609375,0.37841796875,0.03662109375,0.06103515625,1.171875,-0.1220703125,1.4892578125,-0.1708984375,0.79345703125,-0.18310546875,0.830078125,0.09765625,1.4892578125,-0.341796875,1.47705078125,0.1220703125,0.67138671875,0.3173828125,2.03857421875,0.1708984375,-1.171875,0.146484375,-0.20751953125,-0.25634765625,-1.1474609375,-0.2197265625,-0.81787109375,-0.13427734375,-0.537109375,-0.048828125,0.52490234375,-0.40283203125,0.54931640625,-0.048828125,5.57861328125,0.048828125,-0.69580078125,-0.0244140625,-0.69580078125,-0.29296875,-0.62255859375,0.0732421875,-0.0732421875,0.01220703125,0.47607421875,0.15869140625,-0.3173828125,-0.13427734375,-0.20751953125,-0.03662109375,4.40673828125,-0.0244140625,0.30517578125,-0.09765625,-0.0244140625,-0.0732421875,-0.048828125,-0.06103515625,0.13427734375,-0.10986328125,0.40283203125,0.06103515625,1.23291015625,-0.25634765625,-0.1708984375,0.03662109375,0.06103515625
1,-0.0244140625,-0.439453125,-0.3173828125,-0.390625,0.439453125,-0.47607421875,-0.13427734375,-0.09765625,0.20751953125,-0.0732421875,-0.20751953125,-0.93994140625,-0.2197265625,1.08642578125,0.09765625,-0.1708984375,0.1220703125,-0.59814453125,0.09765625,-0.13427734375,0.54931640625,0.93994140625,-0.09765625,-0.62255859375,-0.10986328125,0.13427734375,-0.146484375,-0.537109375,0.03662109375,1.2451171875,-0.09765625,0.634765625,0.4150390625,-0.5615234375,-0.0244140625,-1.220703125,-0.0732421875,-0.54931640625,-0.01220703125,-0.84228515625,0.30517578125,-0.25634765625,-0.03662109375,-0.732421875,-0.10986328125,-0.4150390625,0.2197265625,0.54931640625,-0.1220703125,0.84228515625,0.03662109375,0.45166015625,-0.35400390625,-0.18310546875,-0.048828125,0.7080078125,-0.18310546875,0.7080078125,0.18310546875,0.47607421875,-0.18310546875,0.4638671875,0.2685546875,0,0.048828125,1.06201171875,-0.146484375,1.42822265625,-0.10986328125,0.7080078125,-0.244140625,0.7568359375,0.10986328125,2.03857421875,-0.30517578125,1.6845703125,0.18310546875,0.86669921875,0.2685546875,2.24609375,0.06103515625,-1.28173828125,0.146484375,-0.2685546875,-0.2685546875,-1.18408203125,-0.28076171875,-0.84228515625,-0.18310546875,-0.48828125,-0.0732421875,0.54931640625,-0.40283203125,0.6591796875,-0.06103515625,6.2255859375,0,-0.69580078125,-0.0732421875,-0.7080078125,-0.32958984375,-0.62255859375,-0.01220703125,-0.08544921875,-0.03662109375,0.4638671875,0.18310546875,-0.3173828125,-0.146484375,-0.2197265625,-0.146484375,4.3701171875,0.01220703125,0.3173828125,-0.09765625,-0.01220703125,-0.09765625,-0.03662109375,-0.03662109375,0.146484375,-0.13427734375,0.40283203125,0.048828125,1.416015625,-0.28076171875,-0.13427734375,0,0.06103515625
1,-0.0244140625,-0.37841796875,-0.2685546875,-0.40283203125,0.4638671875,-0.47607421875,-0.1220703125,-0.1220703125,0.2197265625,-0.08544921875,-0.25634765625,-0.9521484375,-0.30517578125,1.08642578125,0.1220703125,-0.1953125,0.10986328125,-0.6103515625,0.10986328125,-0.13427734375,0.42724609375,0.91552734375,-0.1220703125,-0.634765625,-0.146484375,0.10986328125,-0.09765625,-0.5859375,0,1.18408203125,-0.09765625,0.64697265625,0.4150390625,-0.54931640625,0.09765625,-1.23291015625,-0.09765625,-0.5615234375,-0.01220703125,-0.830078125,0.3173828125,-0.244140625,0.048828125,-0.7568359375,-0.18310546875,-0.42724609375,0.244140625,0.537109375,-0.10986328125,0.98876953125,0.08544921875,0.439453125,-0.28076171875,-0.15869140625,-0.10986328125,0.732421875,-0.18310546875,0.7080078125,0.18310546875,0.48828125,-0.1708984375,0.45166015625,0.13427734375,0.01220703125,-0.0244140625,0.9521484375,-0.13427734375,1.35498046875,-0.0732421875,0.5859375,-0.30517578125,0.6591796875,0.13427734375,2.83203125,-0.18310546875,2.03857421875,0.25634765625,1.18408203125,0.23193359375,2.64892578125,0.08544921875,-1.11083984375,0.146484375,-0.20751953125,-0.30517578125,-1.13525390625,-0.3173828125,-0.79345703125,-0.23193359375,-0.48828125,-0.15869140625,0.537109375,-0.40283203125,0.68359375,-0.08544921875,6.640625,-0.048828125,-0.69580078125,-0.15869140625,-0.72021484375,-0.341796875,-0.62255859375,-0.08544921875,-0.08544921875,0,0.537109375,0.20751953125,-0.30517578125,-0.146484375,-0.1708984375,-0.20751953125,4.57763671875,0.03662109375,0.32958984375,-0.08544921875,-0.01220703125,-0.0732421875,-0.0244140625,-0.048828125,0.146484375,-0.1220703125,0.52490234375,0.10986328125,1.7822265625,-0.23193359375,0.0244140625,0,0.2197265625
1,-0.0732421875,-0.3173828125,-0.2685546875,-0.40283203125,0.439453125,-0.439453125,-0.08544921875,-0.1220703125,0.1953125,-0.0732421875,-0.20751953125,-0.9521484375,-0.390625,1.0986328125,0.13427734375,-0.1953125,0.03662109375,-0.6103515625,0.09765625,-0.13427734375,0.28076171875,0.89111328125,-0.1220703125,-0.634765625,-0.20751953125,0.06103515625,-0.08544921875,-0.634765625,-0.048828125,1.123046875,-0.06103515625,0.5126953125,0.37841796875,-0.537109375,0.244140625,-1.18408203125,-0.146484375,-0.54931640625,0.01220703125,-0.84228515625,0.28076171875,-0.2197265625,0.08544921875,-0.72021484375,-0.23193359375,-0.439453125,0.28076171875,0.54931640625,-0.03662109375,1.1474609375,0.01220703125,0.47607421875,-0.20751953125,-0.15869140625,-0.1220703125,0.74462890625,-0.2197265625,0.7080078125,0.20751953125,0.48828125,-0.146484375,0.48828125,0.0244140625,0.0244140625,-0.03662109375,0.84228515625,-0.13427734375,1.26953125,0.0244140625,0.47607421875,-0.3173828125,0.6103515625,-0.048828125,3.857421875,-0.08544921875,2.490234375,0.29296875,1.64794921875,0.1953125,3.1982421875,0.10986328125,-0.68359375,0.15869140625,-0.0244140625,-0.3173828125,-0.98876953125,-0.2685546875,-0.62255859375,-0.28076171875,-0.5126953125,-0.23193359375,0.50048828125,-0.3662109375,0.6591796875,-0.1220703125,6.787109375,-0.048828125,-0.7080078125,-0.20751953125,-0.72021484375,-0.32958984375,-0.6103515625,-0.10986328125,-0.08544921875,0,0.634765625,0.2197265625,-0.23193359375,-0.09765625,-0.08544921875,-0.244140625,4.8828125,0.0244140625,0.32958984375,-0.10986328125,-0.01220703125,-0.08544921875,-0.03662109375,-0.01220703125,0.15869140625,-0.1220703125,0.830078125,0.048828125,2.3681640625,-0.1953125,0.35400390625,-0.01220703125,0.634765625
1,-0.08544921875,-0.2685546875,-0.25634765625,-0.37841796875,0.37841796875,-0.42724609375,-0.0732421875,-0.1220703125,0.18310546875,-0.0732421875,-0.15869140625,-0.93994140625,-0.45166015625,1.08642578125,0.1220703125,-0.18310546875,0,-0.62255859375,0.1220703125,-0.15869140625,0.30517578125,0.86669921875,-0.09765625,-0.62255859375,-0.2685546875,0.0244140625,-0.08544921875,-0.69580078125,-0.10986328125,1.03759765625,-0.15869140625,0.35400390625,0.3173828125,-0.52490234375,0.3662109375,-1.06201171875,-0.18310546875,-0.54931640625,0.0732421875,-0.830078125,0.2197265625,-0.23193359375,0.08544921875,-0.732421875,-0.25634765625,-0.4150390625,0.3662109375,0.54931640625,-0.048828125,1.30615234375,0.03662109375,0.47607421875,-0.15869140625,-0.146484375,-0.10986328125,0.7568359375,-0.23193359375,0.7080078125,0.1953125,0.48828125,-0.1953125,0.50048828125,-0.08544921875,0.0244140625,-0.06103515625,0.76904296875,-0.15869140625,1.1962890625,0.0732421875,0.37841796875,-0.29296875,0.52490234375,-0.1953125,5.01708984375,-0.01220703125,3.06396484375,0.25634765625,2.197265625,0.08544921875,3.86962890625,0,0,0.1708984375,0.2197265625,-0.29296875,-0.8056640625,-0.20751953125,-0.439453125,-0.28076171875,-0.57373046875,-0.28076171875,0.4150390625,-0.35400390625,0.6103515625,-0.15869140625,6.57958984375,-0.048828125,-0.732421875,-0.23193359375,-0.72021484375,-0.29296875,-0.6103515625,-0.10986328125,-0.06103515625,0.03662109375,0.72021484375,0.20751953125,-0.146484375,-0.08544921875,-0.0244140625,-0.25634765625,5.18798828125,0.048828125,0.3173828125,-0.13427734375,-0.01220703125,-0.08544921875,-0.0244140625,0,0.13427734375,-0.1708984375,1.3427734375,0,3.125,-0.20751953125,0.79345703125,-0.08544921875,1.23291015625
1,-0.09765625,-0.20751953125,-0.25634765625,-0.37841796875,0.32958984375,-0.42724609375,-0.08544921875,-0.09765625,0.15869140625,-0.08544921875,-0.08544921875,-0.91552734375,-0.48828125,1.08642578125,0.08544921875,-0.1708984375,-0.06103515625,-0.59814453125,0.146484375,-0.13427734375,0.32958984375,0.84228515625,-0.1220703125,-0.59814453125,-0.28076171875,-0.01220703125,-0.0732421875,-0.732421875,-0.10986328125,1.0009765625,-0.13427734375,0.146484375,0.244140625,-0.5126953125,0.4150390625,-0.9521484375,-0.23193359375,-0.52490234375,0.10986328125,-0.84228515625,0.1708984375,-0.2197265625,0.03662109375,-0.72021484375,-0.30517578125,-0.4150390625,0.4150390625,0.54931640625,-0.10986328125,1.37939453125,0.06103515625,0.5126953125,-0.06103515625,-0.1220703125,-0.0732421875,0.7568359375,-0.244140625,0.7080078125,0.1953125,0.50048828125,-0.1708984375,0.537109375,-0.18310546875,0.03662109375,-0.09765625,0.69580078125,-0.13427734375,1.1474609375,0.01220703125,0.28076171875,-0.2685546875,0.47607421875,-0.20751953125,6.25,-0.01220703125,3.64990234375,0.18310546875,2.81982421875,0.01220703125,4.62646484375,0.01220703125,0.86669921875,0.13427734375,0.54931640625,-0.20751953125,-0.57373046875,-0.09765625,-0.146484375,-0.29296875,-0.67138671875,-0.3173828125,0.3173828125,-0.37841796875,0.50048828125,-0.20751953125,6.01806640625,-0.03662109375,-0.72021484375,-0.25634765625,-0.7080078125,-0.25634765625,-0.59814453125,-0.09765625,-0.06103515625,0.08544921875,0.79345703125,0.20751953125,-0.06103515625,-0.03662109375,-0.01220703125,-0.244140625,5.37109375,0.0732421875,0.30517578125,-0.10986328125,0,-0.06103515625,-0.048828125,-0.03662109375,0.146484375,-0.13427734375,2.001953125,0,4.0283203125,-0.146484375,1.3427734375,-0.03662109375,2.0263671875
1,-0.13427734375,-0.18310546875,-0.2685546875,-0.40283203125,0.29296875,-0.42724609375,-0.1220703125,-0.09765625,0.146484375,-0.08544921875,-0.03662109375,-0.93994140625,-0.48828125,1.06201171875,0.03662109375,-0.1708984375,-0.08544921875,-0.57373046875,0.13427734375,-0.13427734375,0.3173828125,0.830078125,-0.146484375,-0.5859375,-0.3173828125,-0.03662109375,-0.06103515625,-0.74462890625,-0.18310546875,0.9521484375,-0.15869140625,-0.03662109375,0.15869140625,-0.50048828125,0.390625,-0.81787109375,-0.28076171875,-0.50048828125,0.13427734375,-0.830078125,0.10986328125,-0.23193359375,-0.06103515625,-0.732421875,-0.2685546875,-0.439453125,0.45166015625,0.5615234375,-0.048828125,1.3916015625,0.0732421875,0.5126953125,-0.01220703125,-0.13427734375,-0.08544921875,0.74462890625,-0.30517578125,0.72021484375,0.18310546875,0.50048828125,-0.15869140625,0.57373046875,-0.1708984375,0.03662109375,-0.03662109375,0.6591796875,-0.0244140625,1.0986328125,0.0244140625,0.2197265625,-0.1708984375,0.42724609375,-0.1220703125,7.470703125,0,4.2236328125,0.0732421875,3.45458984375,-0.048828125,5.3466796875,0.048828125,1.8310546875,0.146484375,0.91552734375,-0.13427734375,-0.32958984375,0,0.1220703125,-0.2685546875,-0.76904296875,-0.32958984375,0.2197265625,-0.390625,0.341796875,-0.244140625,5.16357421875,-0.0244140625,-0.74462890625,-0.25634765625,-0.69580078125,-0.18310546875,-0.59814453125,-0.048828125,-0.048828125,0.13427734375,0.8056640625,0.20751953125,-0.048828125,0,-0.03662109375,-0.244140625,5.322265625,0.0732421875,0.29296875,-0.10986328125,0,-0.08544921875,-0.06103515625,-0.06103515625,0.146484375,-0.1953125,2.783203125,-0.0732421875,5.0048828125,-0.1708984375,1.96533203125,-0.10986328125,2.91748046875
1,-0.10986328125,-0.1220703125,-0.244140625,-0.42724609375,0.25634765625,-0.439453125,-0.15869140625,-0.13427734375,0.1708984375,-0.08544921875,-0.03662109375,-0.9521484375,-0.42724609375,1.0498046875,-0.06103515625,-0.18310546875,-0.06103515625,-0.57373046875,0.1220703125,-0.15869140625,0.3662109375,0.84228515625,-0.15869140625,-0.59814453125,-0.35400390625,-0.0732421875,-0.09765625,-0.7568359375,-0.244140625,0.96435546875,-0.15869140625,-0.1708984375,0.06103515625,-0.5126953125,0.28076171875,-0.64697265625,-0.25634765625,-0.47607421875,0.146484375,-0.8056640625,0.048828125,-0.2685546875,-0.18310546875,-0.732421875,-0.25634765625,-0.439453125,0.47607421875,0.54931640625,-0.1708984375,1.318359375,0.09765625,0.5126953125,0.03662109375,-0.146484375,-0.06103515625,0.72021484375,-0.29296875,0.7080078125,0.20751953125,0.50048828125,-0.13427734375,0.62255859375,-0.23193359375,0.03662109375,-0.06103515625,0.67138671875,0.01220703125,1.06201171875,-0.1220703125,0.20751953125,-0.1953125,0.40283203125,0.01220703125,8.59375,0.10986328125,4.74853515625,-0.0244140625,4.01611328125,-0.0732421875,6.0302734375,0.048828125,2.79541015625,0.10986328125,1.30615234375,-0.03662109375,-0.0732421875,0.09765625,0.4150390625,-0.20751953125,-0.927734375,-0.29296875,0.09765625,-0.4150390625,0.146484375,-0.3173828125,4.052734375,-0.06103515625,-0.72021484375,-0.25634765625,-0.68359375,-0.08544921875,-0.5859375,-0.06103515625,-0.0732421875,0.13427734375,0.69580078125,0.2197265625,-0.10986328125,0.0244140625,-0.1220703125,-0.10986328125,4.96826171875,0.03662109375,0.29296875,-0.0732421875,-0.01220703125,-0.0732421875,-0.048828125,-0.048828125,0.146484375,-0.18310546875,3.55224609375,0.048828125,5.9814453125,-0.13427734375,2.57568359375,-0.06103515625,3.8330078125
1,-0.13427734375,-0.09765625,-0.2197265625,-0.4150390625,0.2685546875,-0.45166015625,-0.1953125,-0.09765625,0.1953125,-0.08544921875,-0.06103515625,-0.93994140625,-0.390625,1.06201171875,-0.146484375,-0.1708984375,-0.048828125,-0.57373046875,0.048828125,-0.146484375,0.30517578125,0.8544921875,-0.20751953125,-0.5859375,-0.28076171875,-0.0732421875,-0.06103515625,-0.72021484375,-0.23193359375,0.9765625,-0.048828125,-0.20751953125,-0.0244140625,-0.47607421875,0.1220703125,-0.42724609375,-0.28076171875,-0.48828125,0.146484375,-0.7568359375,0.0244140625,-0.28076171875,-0.30517578125,-0.72021484375,-0.20751953125,-0.42724609375,0.439453125,0.52490234375,-0.2197265625,1.220703125,0.09765625,0.50048828125,0.048828125,-0.15869140625,-0.0244140625,0.68359375,-0.30517578125,0.69580078125,0.25634765625,0.50048828125,-0.08544921875,0.634765625,-0.2197265625,0.03662109375,-0.01220703125,0.67138671875,0.08544921875,1.0498046875,-0.244140625,0.2197265625,-0.1708984375,0.37841796875,0.01220703125,9.53369140625,0.0732421875,5.126953125,-0.09765625,4.4677734375,-0.13427734375,6.53076171875,0.01220703125,3.67431640625,0.08544921875,1.69677734375,0.09765625,0.1708984375,0.2197265625,0.69580078125,-0.10986328125,-1.07421875,-0.25634765625,-0.03662109375,-0.35400390625,-0.0244140625,-0.32958984375,2.8564453125,-0.06103515625,-0.72021484375,-0.23193359375,-0.67138671875,0.01220703125,-0.59814453125,-0.03662109375,-0.0732421875,0.146484375,0.52490234375,0.2197265625,-0.2685546875,0.09765625,-0.28076171875,-0.0244140625,4.28466796875,0.0244140625,0.2685546875,-0.08544921875,-0.01220703125,-0.09765625,-0.048828125,-0.048828125,0.15869140625,-0.2197265625,4.26025390625,0.08544921875,6.8359375,-0.1708984375,3.13720703125,-0.10986328125,4.65087890625
1,-0.146484375,-0.0732421875,-0.20751953125,-0.390625,0.28076171875,-0.47607421875,-0.244140625,-0.0732421875,0.244140625,-0.08544921875,-0.09765625,-0.93994140625,-0.341796875,1.06201171875,-0.2197265625,-0.146484375,0,-0.57373046875,0.01220703125,-0.15869140625,0.23193359375,0.84228515625,-0.244140625,-0.59814453125,-0.23193359375,-0.048828125,-0.09765625,-0.7080078125,-0.244140625,1.01318359375,-0.06103515625,-0.18310546875,-0.06103515625,-0.42724609375,-0.01220703125,-0.1708984375,-0.244140625,-0.42724609375,0.146484375,-0.68359375,-0.0244140625,-0.2685546875,-0.439453125,-0.72021484375,-0.1220703125,-0.42724609375,0.4150390625,0.537109375,-0.2685546875,1.11083984375,0.0732421875,0.47607421875,0.06103515625,-0.15869140625,0,0.67138671875,-0.32958984375,0.67138671875,0.23193359375,0.50048828125,-0.048828125,0.634765625,-0.2197265625,0.01220703125,-0.048828125,0.68359375,0.2197265625,1.0498046875,-0.1708984375,0.244140625,-0.06103515625,0.37841796875,0.146484375,10.26611328125,0.06103515625,5.40771484375,-0.15869140625,4.82177734375,-0.0732421875,6.89697265625,-0.0244140625,4.50439453125,0.03662109375,2.01416015625,0.23193359375,0.40283203125,0.29296875,0.93994140625,-0.01220703125,-1.20849609375,-0.18310546875,-0.15869140625,-0.28076171875,-0.18310546875,-0.35400390625,1.67236328125,-0.0244140625,-0.72021484375,-0.2197265625,-0.6591796875,0.0732421875,-0.59814453125,0.03662109375,-0.0732421875,0.06103515625,0.2685546875,0.244140625,-0.47607421875,0.09765625,-0.47607421875,0.06103515625,3.35693359375,0.01220703125,0.29296875,-0.10986328125,0.01220703125,-0.0732421875,-0.06103515625,-0.03662109375,0.15869140625,-0.1708984375,4.833984375,0.1220703125,7.4951171875,-0.13427734375,3.55224609375,-0.048828125,5.2978515625
0,-0.1220703125,-0.03662109375,-0.1708984375,-0.390625,0.29296875,-0.52490234375,-0.2197265625,-0.06103515625,0.3173828125,-0.08544921875,-0.18310546875,-0.93994140625,-0.30517578125,1.07421875,-0.30517578125,-0.146484375,0.0244140625,-0.57373046875,-0.0732421875,-0.146484375,0.20751953125,0.8544921875,-0.28076171875,-0.59814453125,-0.18310546875,-0.0244140625,-0.13427734375,-0.68359375,-0.18310546875,1.025390625,-0.10986328125,-0.048828125,-0.09765625,-0.32958984375,-0.048828125,0.13427734375,-0.23193359375,-0.3662109375,0.18310546875,-0.59814453125,-0.08544921875,-0.28076171875,-0.5615234375,-0.74462890625,-0.048828125,-0.4150390625,0.35400390625,0.537109375,-0.30517578125,1.01318359375,0.03662109375,0.439453125,0.06103515625,-0.1953125,0.01220703125,0.64697265625,-0.30517578125,0.6591796875,0.1708984375,0.47607421875,0.03662109375,0.64697265625,-0.25634765625,0.0244140625,-0.15869140625,0.64697265625,0.2685546875,1.03759765625,-0.2197265625,0.29296875,-0.0732421875,0.37841796875,0.1953125,10.72998046875,-0.03662109375,5.56640625,-0.2197265625,5.04150390625,-0.08544921875,7.06787109375,-0.0244140625,5.13916015625,0.01220703125,2.294921875,0.390625,0.57373046875,0.3173828125,1.13525390625,0.03662109375,-1.35498046875,-0.15869140625,-0.25634765625,-0.2197265625,-0.32958984375,-0.341796875,0.67138671875,-0.0244140625,-0.7080078125,-0.20751953125,-0.6591796875,0.09765625,-0.6103515625,0.06103515625,-0.0732421875,0.01220703125,-0.0244140625,0.2197265625,-0.74462890625,0.0732421875,-0.68359375,0.15869140625,2.28271484375,0.01220703125,0.29296875,-0.0732421875,-0.01220703125,-0.06103515625,-0.06103515625,-0.048828125,0.1708984375,-0.20751953125,5.224609375,0.0732421875,7.9345703125,-0.15869140625,3.8330078125,-0.048828125,5.712890625
0,-0.1220703125,0.01220703125,-0.1708984375,-0.3662109375,0.25634765625,-0.50048828125,-0.18310546875,-0.06103515625,0.35400390625,-0.0732421875,-0.25634765625,-0.93994140625,-0.2685546875,1.07421875,-0.35400390625,-0.13427734375,0.0732421875,-0.57373046875,-0.10986328125,-0.13427734375,0.15869140625,0.89111328125,-0.3173828125,-0.59814453125,-0.1220703125,-0.01220703125,-0.146484375,-0.64697265625,-0.13427734375,1.025390625,-0.18310546875,0.09765625,-0.09765625,-0.18310546875,-0.146484375,0.50048828125,-0.23193359375,-0.2685546875,0.13427734375,-0.47607421875,-0.08544921875,-0.2685546875,-0.64697265625,-0.74462890625,0,-0.390625,0.2685546875,0.52490234375,-0.3173828125,0.9765625,0.0244140625,0.42724609375,0.08544921875,-0.23193359375,0.0732421875,0.64697265625,-0.29296875,0.6591796875,0.09765625,0.47607421875,0.06103515625,0.6103515625,-0.25634765625,0.01220703125,-0.18310546875,0.62255859375,0.390625,1.07421875,-0.146484375,0.35400390625,-0.01220703125,0.390625,0.2685546875,10.9619140625,-0.09765625,5.5908203125,-0.23193359375,5.1025390625,-0.08544921875,7.11669921875,-0.0244140625,5.6396484375,-0.0244140625,2.490234375,0.48828125,0.69580078125,0.25634765625,1.30615234375,0.08544921875,-1.46484375,-0.10986328125,-0.32958984375,-0.09765625,-0.439453125,-0.32958984375,-0.09765625,0,-0.68359375,-0.1708984375,-0.6591796875,0.0732421875,-0.6103515625,0.1220703125,-0.08544921875,0,-0.32958984375,0.23193359375,-1.03759765625,0.048828125,-0.86669921875,0.244140625,1.1962890625,0.03662109375,0.29296875,-0.10986328125,0,-0.0732421875,-0.0732421875,-0.048828125,0.1708984375,-0.2197265625,5.37109375,0.0244140625,8.1298828125,-0.146484375,3.91845703125,-0.0732421875,5.89599609375
0,-0.1220703125,0.06103515625,-0.146484375,-0.3662109375,0.2197265625,-0.48828125,-0.1708984375,-0.0732421875,0.32958984375,-0.0732421875,-0.25634765625,-0.927734375,-0.2197265625,1.08642578125,-0.3662109375,-0.146484375,0.13427734375,-0.5859375,-0.20751953125,-0.13427734375,0.1220703125,0.87890625,-0.30517578125,-0.6103515625,-0.048828125,0,-0.18310546875,-0.64697265625,-0.08544921875,0.98876953125,-0.244140625,0.244140625,-0.1220703125,-0.0244140625,-0.09765625,0.91552734375,-0.1953125,-0.1953125,0.09765625,-0.3173828125,-0.15869140625,-0.2685546875,-0.69580078125,-0.72021484375,0,-0.37841796875,0.2685546875,0.537109375,-0.2685546875,0.9765625,0.06103515625,0.42724609375,0.0732421875,-0.25634765625,0.15869140625,0.67138671875,-0.2685546875,0.64697265625,0.0732421875,0.45166015625,0.08544921875,0.5615234375,-0.25634765625,0.03662109375,-0.29296875,0.57373046875,0.35400390625,1.0986328125,-0.0732421875,0.390625,-0.0244140625,0.390625,0.28076171875,10.9619140625,-0.1220703125,5.52978515625,-0.15869140625,5.0537109375,-0.03662109375,7.0068359375,0,5.95703125,-0.03662109375,2.6611328125,0.48828125,0.76904296875,0.13427734375,1.40380859375,0.146484375,-1.513671875,-0.1220703125,-0.390625,-0.01220703125,-0.50048828125,-0.30517578125,-0.59814453125,0.03662109375,-0.67138671875,-0.13427734375,-0.67138671875,0.03662109375,-0.634765625,0.15869140625,-0.08544921875,-0.0244140625,-0.5859375,0.244140625,-1.30615234375,-0.01220703125,-1.025390625,0.23193359375,0.30517578125,0.0244140625,0.30517578125,-0.08544921875,0,-0.06103515625,-0.08544921875,-0.03662109375,0.1708984375,-0.2197265625,5.31005859375,0.08544921875,8.0810546875,-0.1220703125,3.84521484375,-0.0244140625,5.84716796875
0,-0.146484375,0.09765625,-0.146484375,-0.3662109375,0.1953125,-0.47607421875,-0.13427734375,-0.0732421875,0.3173828125,-0.0732421875,-0.244140625,-0.91552734375,-0.18310546875,1.0986328125,-0.40283203125,-0.15869140625,0.18310546875,-0.6103515625,-0.25634765625,-0.13427734375,0.06103515625,0.9033203125,-0.29296875,-0.59814453125,-0.01220703125,-0.01220703125,-0.20751953125,-0.64697265625,-0.06103515625,0.96435546875,-0.28076171875,0.3662109375,-0.18310546875,0.15869140625,-0.0732421875,1.40380859375,-0.1708984375,-0.08544921875,0.048828125,-0.1708984375,-0.18310546875,-0.25634765625,-0.64697265625,-0.732421875,-0.048828125,-0.390625,0.25634765625,0.537109375,-0.2685546875,1.03759765625,-0.06103515625,0.42724609375,-0.0244140625,-0.25634765625,0.25634765625,0.67138671875,-0.244140625,0.64697265625,0.09765625,0.4638671875,0.09765625,0.5126953125,-0.23193359375,0.0244140625,-0.25634765625,0.5615234375,0.3173828125,1.11083984375,-0.06103515625,0.439453125,-0.048828125,0.40283203125,0.15869140625,10.8154296875,-0.15869140625,5.40771484375,-0.08544921875,4.94384765625,-0.03662109375,6.84814453125,0,6.09130859375,-0.0732421875,2.74658203125,0.47607421875,0.84228515625,-0.0244140625,1.4892578125,0.146484375,-1.55029296875,-0.1220703125,-0.37841796875,0.06103515625,-0.537109375,-0.244140625,-0.81787109375,0.06103515625,-0.67138671875,-0.08544921875,-0.6591796875,-0.01220703125,-0.634765625,0.15869140625,-0.08544921875,-0.01220703125,-0.7568359375,0.23193359375,-1.513671875,-0.06103515625,-1.123046875,0.20751953125,-0.28076171875,0.048828125,0.30517578125,-0.10986328125,-0.0244140625,-0.0732421875,-0.09765625,-0.0244140625,0.1708984375,-0.1953125,5.1025390625,0.146484375,7.8125,-0.09765625,3.64990234375,-0.0244140625,5.60302734375
0,-0.146484375,0.09765625,-0.146484375,-0.35400390625,0.146484375,-0.47607421875,-0.06103515625,-0.09765625,0.244140625,-0.0732421875,-0.15869140625,-0.927734375,-0.1220703125,1.08642578125,-0.40283203125,-0.1708984375,0.1953125,-0.59814453125,-0.28076171875,-0.13427734375,0.08544921875,0.87890625,-0.30517578125,-0.62255859375,0,-0.0244140625,-0.2685546875,-0.67138671875,-0.0732421875,0.927734375,-0.3173828125,0.40283203125,-0.2197265625,0.341796875,0.01220703125,1.89208984375,-0.1708984375,0.0244140625,0.01220703125,-0.01220703125,-0.20751953125,-0.244140625,-0.537109375,-0.74462890625,-0.09765625,-0.390625,0.2685546875,0.52490234375,-0.25634765625,1.1474609375,-0.06103515625,0.439453125,-0.09765625,-0.25634765625,0.25634765625,0.68359375,-0.25634765625,0.634765625,0.06103515625,0.47607421875,0.1220703125,0.48828125,-0.13427734375,0.0244140625,-0.23193359375,0.5615234375,0.32958984375,1.15966796875,-0.03662109375,0.50048828125,-0.10986328125,0.439453125,0.13427734375,10.498046875,-0.20751953125,5.21240234375,0,4.7607421875,-0.08544921875,6.6162109375,0,6.06689453125,-0.10986328125,2.74658203125,0.4150390625,0.81787109375,-0.146484375,1.50146484375,0.18310546875,-1.55029296875,-0.1220703125,-0.3662109375,0.146484375,-0.537109375,-0.1708984375,-0.86669921875,0.03662109375,-0.67138671875,-0.03662109375,-0.67138671875,-0.0732421875,-0.64697265625,0.146484375,-0.08544921875,0.0244140625,-0.84228515625,0.2197265625,-1.611328125,-0.09765625,-1.13525390625,0.20751953125,-0.42724609375,0.06103515625,0.3173828125,-0.10986328125,-0.0244140625,-0.048828125,-0.08544921875,0,0.15869140625,-0.1953125,4.78515625,0.0732421875,7.38525390625,-0.10986328125,3.369140625,-0.03662109375,5.21240234375
0,-0.13427734375,0.08544921875,-0.10986328125,-0.3662109375,0.06103515625,-0.439453125,-0.0244140625,-0.10986328125,0.13427734375,-0.0732421875,-0.1220703125,-0.927734375,-0.08544921875,1.08642578125,-0.42724609375,-0.1953125,0.1953125,-0.59814453125,-0.29296875,-0.13427734375,0.048828125,0.89111328125,-0.30517578125,-0.634765625,0.03662109375,-0.06103515625,-0.244140625,-0.69580078125,-0.048828125,0.89111328125,-0.23193359375,0.390625,-0.28076171875,0.537109375,0.13427734375,2.38037109375,-0.1953125,0.1953125,0.0244140625,0.1220703125,-0.18310546875,-0.2197265625,-0.390625,-0.72021484375,-0.1708984375,-0.390625,0.23193359375,0.537109375,-0.146484375,1.28173828125,-0.146484375,0.4638671875,-0.18310546875,-0.23193359375,0.28076171875,0.732421875,-0.28076171875,0.68359375,0.08544921875,0.47607421875,0.15869140625,0.439453125,-0.08544921875,0.0244140625,-0.20751953125,0.59814453125,0.28076171875,1.220703125,-0.048828125,0.54931640625,-0.15869140625,0.47607421875,0.048828125,10.0341796875,-0.18310546875,5.029296875,0.08544921875,4.55322265625,-0.13427734375,6.396484375,-0.0244140625,5.89599609375,-0.13427734375,2.63671875,0.2685546875,0.76904296875,-0.20751953125,1.46484375,0.13427734375,-1.55029296875,-0.13427734375,-0.341796875,0.2197265625,-0.5126953125,-0.08544921875,-0.78125,0.01220703125,-0.69580078125,-0.01220703125,-0.68359375,-0.1220703125,-0.62255859375,0.08544921875,-0.048828125,0.0732421875,-0.7568359375,0.20751953125,-1.5869140625,-0.146484375,-1.06201171875,0.048828125,-0.13427734375,0.03662109375,0.30517578125,-0.08544921875,-0.0244140625,-0.0732421875,-0.08544921875,0,0.13427734375,-0.1953125,4.4189453125,-0.03662109375,6.8359375,-0.10986328125,3.03955078125,-0.06103515625,4.77294921875
0,-0.1220703125,0.01220703125,-0.10986328125,-0.37841796875,0.0244140625,-0.45166015625,0.01220703125,-0.10986328125,0.03662109375,-0.0732421875,-0.0244140625,-0.91552734375,-0.01220703125,1.08642578125,-0.439453125,-0.18310546875,0.15869140625,-0.5859375,-0.29296875,-0.146484375,0.08544921875,0.9033203125,-0.2685546875,-0.634765625,0.06103515625,-0.08544921875,-0.29296875,-0.7080078125,-0.1708984375,0.87890625,-0.2197265625,0.32958984375,-0.3173828125,0.69580078125,0.1953125,2.7587890625,-0.23193359375,0.29296875,0.01220703125,0.25634765625,-0.09765625,-0.244140625,-0.2685546875,-0.74462890625,-0.25634765625,-0.40283203125,0.2197265625,0.54931640625,-0.13427734375,1.40380859375,-0.1708984375,0.50048828125,-0.25634765625,-0.20751953125,0.3173828125,0.7568359375,-0.341796875,0.69580078125,0.10986328125,0.50048828125,0.23193359375,0.37841796875,-0.048828125,0.03662109375,-0.1220703125,0.7080078125,0.2197265625,1.2939453125,0.048828125,0.59814453125,-0.13427734375,0.54931640625,0.0244140625,9.521484375,-0.1953125,4.82177734375,0.13427734375,4.3212890625,-0.13427734375,6.1279296875,-0.0732421875,5.55419921875,-0.09765625,2.50244140625,0.10986328125,0.67138671875,-0.20751953125,1.35498046875,0.10986328125,-1.5625,-0.15869140625,-0.3173828125,0.28076171875,-0.52490234375,0,-0.69580078125,-0.01220703125,-0.68359375,-0.01220703125,-0.67138671875,-0.15869140625,-0.59814453125,0.048828125,-0.048828125,0.03662109375,-0.57373046875,0.15869140625,-1.42822265625,-0.18310546875,-0.87890625,0.048828125,0.57373046875,0.0244140625,0.3173828125,-0.048828125,-0.03662109375,-0.06103515625,-0.08544921875,0.01220703125,0.146484375,-0.20751953125,4.052734375,-0.01220703125,6.34765625,-0.10986328125,2.72216796875,-0.0732421875,4.345703125
0,-0.1220703125,-0.0732421875,-0.1220703125,-0.35400390625,0,-0.439453125,0.01220703125,-0.10986328125,-0.06103515625,-0.048828125,0.048828125,-0.91552734375,0.0732421875,1.06201171875,-0.45166015625,-0.1708984375,0.10986328125,-0.59814453125,-0.28076171875,-0.15869140625,0.2197265625,0.9033203125,-0.29296875,-0.62255859375,0.08544921875,-0.09765625,-0.25634765625,-0.72021484375,-0.2685546875,0.89111328125,-0.03662109375,0.2197265625,-0.30517578125,0.78125,0.30517578125,3.03955078125,-0.2685546875,0.35400390625,0.0732421875,0.32958984375,-0.01220703125,-0.23193359375,-0.20751953125,-0.732421875,-0.341796875,-0.40283203125,0.25634765625,0.54931640625,-0.09765625,1.46484375,-0.1220703125,0.47607421875,-0.3662109375,-0.20751953125,0.32958984375,0.79345703125,-0.3662109375,0.7080078125,0.09765625,0.48828125,0.244140625,0.3662109375,0.06103515625,0.0244140625,-0.09765625,0.8544921875,0.15869140625,1.416015625,0.0244140625,0.68359375,-0.08544921875,0.6591796875,0.06103515625,8.984375,-0.23193359375,4.62646484375,0.1953125,4.1015625,-0.18310546875,5.89599609375,-0.13427734375,5.06591796875,-0.0732421875,2.2705078125,-0.048828125,0.52490234375,-0.15869140625,1.18408203125,0.06103515625,-1.57470703125,-0.146484375,-0.30517578125,0.341796875,-0.5126953125,0.048828125,-0.69580078125,-0.03662109375,-0.68359375,-0.0732421875,-0.67138671875,-0.18310546875,-0.59814453125,-0.01220703125,-0.0244140625,0.01220703125,-0.28076171875,0.10986328125,-1.171875,-0.1953125,-0.67138671875,0.06103515625,1.59912109375,0,0.29296875,-0.03662109375,-0.03662109375,-0.08544921875,-0.06103515625,0.0244140625,0.13427734375,-0.1953125,3.7109375,-0.06103515625,5.908203125,-0.10986328125,2.47802734375,-0.0732421875,3.9794921875
0,-0.08544921875,-0.1953125,-0.146484375,-0.35400390625,-0.01220703125,-0.45166015625,-0.01220703125,-0.09765625,-0.10986328125,-0.06103515625,0.0732421875,-0.91552734375,0.146484375,1.025390625,-0.40283203125,-0.146484375,0.048828125,-0.6103515625,-0.25634765625,-0.15869140625,0.23193359375,0.89111328125,-0.28076171875,-0.62255859375,0.048828125,-0.09765625,-0.20751953125,-0.72021484375,-0.37841796875,0.927734375,-0.06103515625,0.1220703125,-0.28076171875,0.79345703125,0.35400390625,3.173828125,-0.25634765625,0.3662109375,0.1220703125,0.3662109375,0.06103515625,-0.244140625,-0.15869140625,-0.732421875,-0.390625,-0.4150390625,0.244140625,0.537109375,-0.06103515625,1.46484375,-0.03662109375,0.50048828125,-0.40283203125,-0.1708984375,0.40283203125,0.76904296875,-0.390625,0.72021484375,0.10986328125,0.52490234375,0.30517578125,0.37841796875,0.13427734375,0.03662109375,-0.01220703125,1.03759765625,0.08544921875,1.4892578125,-0.0732421875,0.732421875,-0.06103515625,0.74462890625,0,8.4228515625,-0.244140625,4.40673828125,0.18310546875,3.84521484375,-0.18310546875,5.65185546875,-0.20751953125,4.45556640625,-0.03662109375,1.98974609375,-0.1953125,0.3662109375,-0.0732421875,0.9765625,-0.0244140625,-1.5869140625,-0.13427734375,-0.29296875,0.40283203125,-0.54931640625,0.03662109375,-0.8544921875,-0.06103515625,-0.69580078125,-0.08544921875,-0.67138671875,-0.1953125,-0.59814453125,-0.0732421875,-0.03662109375,0.03662109375,0.06103515625,0.13427734375,-0.84228515625,-0.1953125,-0.42724609375,-0.09765625,2.83203125,0.01220703125,0.29296875,-0.048828125,-0.03662109375,-0.06103515625,-0.0732421875,0.01220703125,0.146484375,-0.1953125,3.4912109375,-0.048828125,5.55419921875,-0.10986328125,2.30712890625,-0.08544921875,3.69873046875
0,-0.09765625,-0.29296875,-0.13427734375,-0.3662109375,-0.03662109375,-0.48828125,-0.06103515625,-0.09765625,-0.09765625,-0.06103515625,0.0732421875,-0.91552734375,0.23193359375,1.0009765625,-0.37841796875,-0.13427734375,0.03662109375,-0.5859375,-0.2197265625,-0.1708984375,0.2197265625,0.87890625,-0.32958984375,-0.6103515625,0,-0.0732421875,-0.18310546875,-0.7080078125,-0.47607421875,0.98876953125,-0.09765625,0.06103515625,-0.2197265625,0.74462890625,0.2685546875,3.11279296875,-0.25634765625,0.37841796875,0.13427734375,0.32958984375,0.1220703125,-0.244140625,-0.146484375,-0.732421875,-0.40283203125,-0.4150390625,0.28076171875,0.54931640625,-0.146484375,1.4404296875,0.048828125,0.48828125,-0.439453125,-0.18310546875,0.35400390625,0.78125,-0.4638671875,0.68359375,0.09765625,0.5126953125,0.3662109375,0.37841796875,0.20751953125,0.03662109375,0.01220703125,1.18408203125,0.01220703125,1.5380859375,-0.13427734375,0.76904296875,-0.08544921875,0.830078125,-0.09765625,7.91015625,-0.2685546875,4.19921875,0.18310546875,3.6376953125,-0.146484375,5.43212890625,-0.2197265625,3.6865234375,0.01220703125,1.64794921875,-0.30517578125,0.15869140625,-0.06103515625,0.732421875,-0.13427734375,-1.62353515625,-0.08544921875,-0.3173828125,0.4150390625,-0.5615234375,0.01220703125,-1.123046875,-0.08544921875,-0.69580078125,-0.0732421875,-0.69580078125,-0.18310546875,-0.54931640625,-0.06103515625,-0.0244140625,0,0.45166015625,0.06103515625,-0.45166015625,-0.146484375,-0.15869140625,-0.1220703125,4.13818359375,0.01220703125,0.28076171875,-0.06103515625,-0.06103515625,-0.08544921875,-0.0732421875,0.048828125,0.146484375,-0.1708984375,3.3203125,0.06103515625,5.3466796875,-0.08544921875,2.197265625,-0.0732421875,3.5400390625
0,-0.10986328125,-0.3662109375,-0.10986328125,-0.390625,0.01220703125,-0.4638671875,-0.08544921875,-0.0732421875,-0.0732421875,-0.08544921875,0.01220703125,-0.927734375,0.2685546875,1.025390625,-0.341796875,-0.10986328125,0.0244140625,-0.5859375,-0.1953125,-0.1708984375,0.20751953125,0.87890625,-0.37841796875,-0.59814453125,-0.03662109375,-0.048828125,-0.10986328125,-0.7080078125,-0.45166015625,1.0498046875,0.0732421875,0.0244140625,-0.15869140625,0.67138671875,0.2197265625,2.9052734375,-0.25634765625,0.32958984375,0.146484375,0.25634765625,0.146484375,-0.25634765625,-0.10986328125,-0.732421875,-0.42724609375,-0.42724609375,0.244140625,0.537109375,-0.20751953125,1.33056640625,0.08544921875,0.47607421875,-0.48828125,-0.18310546875,0.29296875,0.76904296875,-0.47607421875,0.68359375,0.10986328125,0.48828125,0.37841796875,0.40283203125,0.20751953125,0.01220703125,0.06103515625,1.318359375,-0.048828125,1.57470703125,-0.23193359375,0.79345703125,-0.0244140625,0.89111328125,-0.20751953125,7.4462890625,-0.29296875,3.96728515625,0.15869140625,3.41796875,-0.0732421875,5.224609375,-0.2685546875,2.8564453125,0.06103515625,1.2451171875,-0.390625,-0.0732421875,-0.048828125,0.4150390625,-0.18310546875,-1.66015625,-0.0244140625,-0.341796875,0.42724609375,-0.6103515625,-0.0732421875,-1.50146484375,-0.10986328125,-0.67138671875,-0.048828125,-0.68359375,-0.1708984375,-0.5615234375,-0.09765625,-0.048828125,0.048828125,0.84228515625,0.048828125,-0.06103515625,-0.048828125,0.09765625,-0.146484375,5.35888671875,0.03662109375,0.28076171875,-0.0244140625,-0.06103515625,-0.06103515625,-0.0732421875,0.048828125,0.15869140625,-0.15869140625,3.28369140625,0.03662109375,5.26123046875,-0.09765625,2.1728515625,-0.06103515625,3.47900390625
0,-0.13427734375,-0.439453125,-0.10986328125,-0.3662109375,0.01220703125,-0.4638671875,-0.10986328125,-0.048828125,-0.03662109375,-0.06103515625,-0.08544921875,-0.91552734375,0.30517578125,1.01318359375,-0.29296875,-0.09765625,-0.01220703125,-0.57373046875,-0.146484375,-0.1953125,0.15869140625,0.87890625,-0.35400390625,-0.5859375,-0.10986328125,-0.0244140625,-0.0732421875,-0.68359375,-0.4150390625,1.0986328125,0.146484375,0.03662109375,-0.1220703125,0.54931640625,0.15869140625,2.5634765625,-0.23193359375,0.25634765625,0.15869140625,0.15869140625,0.23193359375,-0.23193359375,-0.06103515625,-0.72021484375,-0.40283203125,-0.4150390625,0.244140625,0.54931640625,-0.1220703125,1.220703125,0.146484375,0.4638671875,-0.47607421875,-0.18310546875,0.29296875,0.74462890625,-0.45166015625,0.67138671875,0.0732421875,0.48828125,0.40283203125,0.42724609375,0.1953125,-0.01220703125,0.15869140625,1.3671875,-0.15869140625,1.5625,-0.30517578125,0.79345703125,-0.048828125,0.87890625,-0.23193359375,7.04345703125,-0.30517578125,3.8330078125,0.1220703125,3.2470703125,0.0244140625,5.01708984375,-0.244140625,1.953125,0.13427734375,0.830078125,-0.4150390625,-0.32958984375,-0.06103515625,0.10986328125,-0.20751953125,-1.67236328125,0,-0.37841796875,0.4150390625,-0.64697265625,-0.048828125,-1.8798828125,-0.13427734375,-0.6591796875,-0.0244140625,-0.68359375,-0.10986328125,-0.57373046875,-0.0732421875,-0.03662109375,0.08544921875,1.18408203125,0.01220703125,0.28076171875,-0.01220703125,0.35400390625,-0.244140625,6.43310546875,0.03662109375,0.28076171875,-0.01220703125,-0.06103515625,-0.06103515625,-0.08544921875,0.03662109375,0.15869140625,-0.1708984375,3.28369140625,0.0244140625,5.23681640625,-0.09765625,2.197265625,-0.08544921875,3.47900390625
0,-0.1708984375,-0.50048828125,-0.09765625,-0.37841796875,0.10986328125,-0.48828125,-0.13427734375,-0.06103515625,0.03662109375,-0.0732421875,-0.18310546875,-0.93994140625,0.29296875,1.0009765625,-0.2685546875,-0.08544921875,-0.048828125,-0.5859375,-0.09765625,-0.18310546875,0.15869140625,0.89111328125,-0.35400390625,-0.5859375,-0.146484375,-0.01220703125,-0.08544921875,-0.7080078125,-0.30517578125,1.123046875,0.10986328125,0.09765625,-0.10986328125,0.4150390625,0.09765625,2.16064453125,-0.2197265625,0.1953125,0.20751953125,0.06103515625,0.28076171875,-0.25634765625,-0.0244140625,-0.72021484375,-0.341796875,-0.42724609375,0.23193359375,0.537109375,-0.146484375,1.0986328125,0.20751953125,0.4638671875,-0.5126953125,-0.1708984375,0.244140625,0.732421875,-0.390625,0.67138671875,0,0.48828125,0.4638671875,0.47607421875,0.244140625,-0.01220703125,0.10986328125,1.318359375,-0.15869140625,1.4892578125,-0.35400390625,0.732421875,-0.048828125,0.830078125,-0.2197265625,6.689453125,-0.3662109375,3.64990234375,0.10986328125,3.0517578125,0.15869140625,4.82177734375,-0.28076171875,1.03759765625,0.18310546875,0.42724609375,-0.32958984375,-0.5859375,-0.048828125,-0.20751953125,-0.1953125,-1.69677734375,0.03662109375,-0.42724609375,0.341796875,-0.6591796875,-0.146484375,-2.18505859375,-0.1708984375,-0.6591796875,0,-0.68359375,-0.08544921875,-0.6103515625,-0.0732421875,-0.0732421875,0.08544921875,1.47705078125,-0.0732421875,0.57373046875,0.03662109375,0.52490234375,-0.244140625,7.275390625,0.03662109375,0.29296875,0.01220703125,-0.06103515625,-0.0732421875,-0.08544921875,0.0732421875,0.1708984375,-0.1708984375,3.30810546875,0.01220703125,5.2978515625,-0.09765625,2.197265625,-0.09765625,3.50341796875
1,-0.18310546875,-0.48828125,-0.08544921875,-0.37841796875,0.1220703125,-0.48828125,-0.15869140625,-0.06103515625,0.0732421875,-0.09765625,-0.20751953125,-0.9521484375,0.25634765625,1.025390625,-0.244140625,-0.10986328125,-0.0732421875,-0.57373046875,-0.09765625,-0.18310546875,0.146484375,0.89111328125,-0.29296875,-0.57373046875,-0.1220703125,-0.03662109375,-0.09765625,-0.72021484375,-0.146484375,1.08642578125,0.20751953125,0.1953125,-0.1220703125,0.28076171875,0.0732421875,1.7578125,-0.2197265625,0.0732421875,0.244140625,-0.03662109375,0.28076171875,-0.2685546875,-0.01220703125,-0.732421875,-0.29296875,-0.40283203125,0.244140625,0.537109375,-0.1220703125,0.96435546875,0.244140625,0.4638671875,-0.45166015625,-0.1953125,0.18310546875,0.732421875,-0.3173828125,0.67138671875,-0.06103515625,0.48828125,0.48828125,0.50048828125,0.2197265625,-0.01220703125,0.15869140625,1.1962890625,-0.1220703125,1.3916015625,-0.244140625,0.64697265625,-0.048828125,0.732421875,-0.25634765625,6.34765625,-0.40283203125,3.466796875,0.09765625,2.89306640625,0.23193359375,4.62646484375,-0.30517578125,0.15869140625,0.20751953125,0.03662109375,-0.25634765625,-0.8056640625,-0.0244140625,-0.54931640625,-0.13427734375,-1.69677734375,0.01220703125,-0.45166015625,0.25634765625,-0.67138671875,-0.15869140625,-2.34375,-0.20751953125,-0.6591796875,0.0244140625,-0.68359375,-0.0244140625,-0.64697265625,-0.08544921875,-0.0732421875,0.10986328125,1.69677734375,-0.15869140625,0.76904296875,0.06103515625,0.634765625,-0.18310546875,7.861328125,0.048828125,0.3173828125,-0.01220703125,-0.048828125,-0.0732421875,-0.08544921875,0.08544921875,0.1708984375,-0.18310546875,3.30810546875,0.0244140625,5.33447265625,-0.06103515625,2.23388671875,-0.10986328125,3.50341796875
1,-0.20751953125,-0.45166015625,-0.06103515625,-0.3662109375,0.13427734375,-0.47607421875,-0.18310546875,-0.06103515625,0.10986328125,-0.09765625,-0.2197265625,-0.96435546875,0.18310546875,1.06201171875,-0.244140625,-0.13427734375,-0.09765625,-0.5859375,-0.0732421875,-0.15869140625,0.1220703125,0.87890625,-0.2197265625,-0.5859375,-0.06103515625,-0.048828125,-0.13427734375,-0.76904296875,-0.03662109375,1.025390625,0.20751953125,0.32958984375,-0.1220703125,0.1708984375,0.06103515625,1.4404296875,-0.1953125,-0.01220703125,0.20751953125,-0.1220703125,0.32958984375,-0.25634765625,0.03662109375,-0.732421875,-0.2197265625,-0.4150390625,0.2685546875,0.5615234375,-0.06103515625,0.89111328125,0.3173828125,0.4638671875,-0.4150390625,-0.1953125,0.1220703125,0.732421875,-0.25634765625,0.68359375,-0.10986328125,0.48828125,0.5126953125,0.5126953125,0.1708984375,-0.01220703125,0.09765625,0.98876953125,-0.146484375,1.26953125,-0.1708984375,0.57373046875,-0.1220703125,0.5859375,-0.08544921875,6.005859375,-0.341796875,3.3203125,0.1220703125,2.69775390625,0.3173828125,4.4189453125,-0.29296875,-0.634765625,0.2197265625,-0.32958984375,-0.18310546875,-1.01318359375,0,-0.79345703125,-0.0732421875,-1.72119140625,-0.03662109375,-0.4638671875,0.18310546875,-0.6591796875,-0.18310546875,-2.30712890625,-0.244140625,-0.634765625,0.03662109375,-0.68359375,0,-0.64697265625,-0.06103515625,-0.0732421875,0.09765625,1.8310546875,-0.18310546875,0.89111328125,0.048828125,0.68359375,-0.10986328125,8.2275390625,0.03662109375,0.29296875,-0.01220703125,-0.0244140625,-0.06103515625,-0.10986328125,0.0732421875,0.18310546875,-0.18310546875,3.2470703125,0.048828125,5.28564453125,-0.048828125,2.197265625,-0.1220703125,3.4423828125
1,-0.1953125,-0.45166015625,-0.048828125,-0.341796875,0.1708984375,-0.45166015625,-0.13427734375,-0.06103515625,0.09765625,-0.08544921875,-0.18310546875,-0.9521484375,0.146484375,1.07421875,-0.23193359375,-0.13427734375,-0.048828125,-0.57373046875,-0.048828125,-0.15869140625,0.10986328125,0.89111328125,-0.20751953125,-0.57373046875,-0.01220703125,-0.06103515625,-0.1953125,-0.79345703125,0.0732421875,0.9521484375,0.1708984375,0.52490234375,-0.20751953125,0.10986328125,0.0732421875,1.2451171875,-0.1708984375,-0.0732421875,0.15869140625,-0.1708984375,0.25634765625,-0.2685546875,0.0244140625,-0.7080078125,-0.13427734375,-0.37841796875,0.25634765625,0.5615234375,-0.08544921875,0.84228515625,0.25634765625,0.45166015625,-0.37841796875,-0.18310546875,0.03662109375,0.7080078125,-0.1708984375,0.68359375,-0.13427734375,0.47607421875,0.439453125,0.50048828125,0.1708984375,0.01220703125,0.06103515625,0.7568359375,-0.13427734375,1.1474609375,-0.048828125,0.52490234375,-0.18310546875,0.47607421875,0.01220703125,5.60302734375,-0.3173828125,3.125,0.1708984375,2.52685546875,0.35400390625,4.21142578125,-0.244140625,-1.3427734375,0.2197265625,-0.64697265625,-0.10986328125,-1.1962890625,0.01220703125,-1.025390625,0.0244140625,-1.69677734375,-0.09765625,-0.48828125,0.03662109375,-0.634765625,-0.20751953125,-2.099609375,-0.1953125,-0.64697265625,0.0732421875,-0.69580078125,-0.01220703125,-0.64697265625,-0.01220703125,-0.0732421875,0.08544921875,1.86767578125,-0.18310546875,0.9521484375,0.01220703125,0.7080078125,-0.08544921875,8.38623046875,0.03662109375,0.32958984375,-0.03662109375,-0.048828125,-0.048828125,-0.09765625,0.0732421875,0.1708984375,-0.2197265625,3.13720703125,0.18310546875,5.09033203125,-0.03662109375,2.099609375,-0.1220703125,3.30810546875
1,-0.1953125,-0.42724609375,-0.048828125,-0.341796875,0.2197265625,-0.45166015625,-0.1220703125,-0.0732421875,0.08544921875,-0.0732421875,-0.15869140625,-0.91552734375,0.048828125,1.07421875,-0.2685546875,-0.13427734375,-0.03662109375,-0.59814453125,-0.06103515625,-0.15869140625,0.13427734375,0.9033203125,-0.2197265625,-0.57373046875,0.08544921875,-0.08544921875,-0.2197265625,-0.78125,0.146484375,0.9033203125,0.1708984375,0.7568359375,-0.25634765625,0.1220703125,0.10986328125,1.220703125,-0.15869140625,-0.08544921875,0.146484375,-0.1708984375,0.2197265625,-0.23193359375,0.0244140625,-0.7080078125,-0.08544921875,-0.40283203125,0.2197265625,0.57373046875,0.10986328125,0.89111328125,0.18310546875,0.47607421875,-0.341796875,-0.18310546875,-0.03662109375,0.68359375,-0.0732421875,0.68359375,-0.13427734375,0.4638671875,0.4150390625,0.4638671875,0.13427734375,0.0244140625,0.048828125,0.59814453125,-0.20751953125,1.07421875,0.06103515625,0.5615234375,-0.244140625,0.3662109375,-0.01220703125,5.1025390625,-0.2685546875,2.91748046875,0.1953125,2.30712890625,0.32958984375,3.9794921875,-0.2197265625,-1.8310546875,0.146484375,-0.87890625,-0.13427734375,-1.318359375,-0.0244140625,-1.18408203125,0.1708984375,-1.64794921875,-0.15869140625,-0.4638671875,-0.0244140625,-0.59814453125,-0.18310546875,-1.74560546875,-0.15869140625,-0.634765625,0.0732421875,-0.7080078125,-0.06103515625,-0.634765625,0.03662109375,-0.0732421875,0.09765625,1.84326171875,-0.146484375,0.927734375,-0.03662109375,0.67138671875,-0.048828125,8.33740234375,0.03662109375,0.32958984375,-0.03662109375,-0.0244140625,-0.06103515625,-0.10986328125,0.048828125,0.1708984375,-0.1708984375,2.89306640625,0.23193359375,4.77294921875,0.0244140625,1.904296875,-0.08544921875,3.02734375
1,-0.20751953125,-0.390625,0,-0.32958984375,0.25634765625,-0.45166015625,-0.1220703125,-0.0732421875,0.06103515625,-0.08544921875,-0.13427734375,-0.927734375,-0.0244140625,1.08642578125,-0.3173828125,-0.13427734375,0.01220703125,-0.6103515625,-0.0732421875,-0.146484375,0.13427734375,0.89111328125,-0.2685546875,-0.5859375,0.1708984375,-0.048828125,-0.2197265625,-0.7568359375,0.18310546875,0.89111328125,0.18310546875,1.08642578125,-0.32958984375,0.13427734375,0.1708984375,1.35498046875,-0.13427734375,-0.06103515625,0.15869140625,-0.13427734375,0.1953125,-0.23193359375,-0.01220703125,-0.7080078125,0.01220703125,-0.42724609375,0.244140625,0.5615234375,0.15869140625,0.9521484375,0.1220703125,0.4638671875,-0.30517578125,-0.18310546875,-0.1220703125,0.68359375,-0.0244140625,0.68359375,-0.20751953125,0.45166015625,0.390625,0.45166015625,0.048828125,0.06103515625,-0.0244140625,0.52490234375,-0.20751953125,1.08642578125,0.09765625,0.68359375,-0.37841796875,0.37841796875,0.10986328125,4.4921875,-0.18310546875,2.685546875,0.30517578125,2.0751953125,0.29296875,3.69873046875,-0.08544921875,-2.1728515625,0.09765625,-1.025390625,-0.146484375,-1.3916015625,-0.048828125,-1.28173828125,0.2685546875,-1.62353515625,-0.2197265625,-0.42724609375,-0.08544921875,-0.54931640625,-0.2197265625,-1.35498046875,-0.08544921875,-0.64697265625,0.09765625,-0.69580078125,-0.13427734375,-0.62255859375,0.09765625,-0.06103515625,0.0732421875,1.74560546875,-0.1220703125,0.8544921875,-0.08544921875,0.59814453125,-0.03662109375,8.14208984375,0.0244140625,0.3173828125,-0.03662109375,-0.0244140625,-0.0732421875,-0.09765625,0.0732421875,0.15869140625,-0.1953125,2.5634765625,0.20751953125,4.26025390625,-0.0244140625,1.64794921875,-0.09765625,2.67333984375
1,-0.2197265625,-0.390625,0.03662109375,-0.32958984375,0.29296875,-0.439453125,-0.1220703125,-0.0732421875,0.048828125,-0.08544921875,-0.1220703125,-0.9033203125,-0.09765625,1.08642578125,-0.3662109375,-0.146484375,0.06103515625,-0.5859375,-0.0732421875,-0.13427734375,0.10986328125,0.9033203125,-0.3173828125,-0.62255859375,0.244140625,0.0244140625,-0.2685546875,-0.67138671875,0.18310546875,1.0009765625,0.08544921875,1.52587890625,-0.390625,0.1953125,0.244140625,1.5380859375,-0.1220703125,0,0.15869140625,-0.09765625,0.15869140625,-0.23193359375,-0.10986328125,-0.7080078125,0.03662109375,-0.439453125,0.1953125,0.5859375,0.28076171875,1.13525390625,0.01220703125,0.47607421875,-0.25634765625,-0.18310546875,-0.20751953125,0.6591796875,0,0.68359375,-0.20751953125,0.47607421875,0.45166015625,0.4150390625,-0.01220703125,0.0732421875,-0.0244140625,0.59814453125,-0.2197265625,1.18408203125,0.09765625,0.9521484375,-0.35400390625,0.47607421875,0.048828125,3.80859375,-0.13427734375,2.44140625,0.3173828125,1.81884765625,0.1953125,3.38134765625,-0.01220703125,-2.34375,0.01220703125,-1.08642578125,-0.20751953125,-1.3916015625,-0.0732421875,-1.2939453125,0.30517578125,-1.5869140625,-0.25634765625,-0.40283203125,-0.146484375,-0.5126953125,-0.28076171875,-1.025390625,-0.03662109375,-0.64697265625,0.09765625,-0.68359375,-0.18310546875,-0.59814453125,0.10986328125,-0.03662109375,0.06103515625,1.5869140625,-0.0732421875,0.732421875,-0.10986328125,0.50048828125,-0.06103515625,7.7392578125,0.0244140625,0.3173828125,-0.03662109375,-0.03662109375,-0.06103515625,-0.09765625,0.03662109375,0.15869140625,-0.1708984375,2.1728515625,0.3173828125,3.6376953125,0.01220703125,1.318359375,-0.06103515625,2.18505859375
1,-0.23193359375,-0.40283203125,0.08544921875,-0.3173828125,0.32958984375,-0.4150390625,-0.13427734375,-0.06103515625,0.0732421875,-0.08544921875,-0.146484375,-0.87890625,-0.15869140625,1.06201171875,-0.4150390625,-0.146484375,0.06103515625,-0.5859375,-0.09765625,-0.13427734375,0.03662109375,0.91552734375,-0.3173828125,-0.6103515625,0.29296875,0.146484375,-0.30517578125,-0.5126953125,0.15869140625,1.18408203125,0.1220703125,2.0751953125,-0.4150390625,0.25634765625,0.28076171875,1.77001953125,-0.10986328125,0.0244140625,0.13427734375,-0.048828125,0.20751953125,-0.244140625,-0.18310546875,-0.7080078125,0.09765625,-0.4638671875,0.18310546875,0.5859375,0.28076171875,1.3916015625,0.01220703125,0.48828125,-0.23193359375,-0.15869140625,-0.23193359375,0.69580078125,0.03662109375,0.7080078125,-0.2197265625,0.47607421875,0.45166015625,0.390625,-0.09765625,0.0732421875,-0.08544921875,0.87890625,-0.3173828125,1.37939453125,0.08544921875,1.318359375,-0.35400390625,0.67138671875,0.06103515625,3.08837890625,-0.01220703125,2.20947265625,0.32958984375,1.55029296875,0.146484375,3.076171875,0.03662109375,-2.30712890625,-0.0244140625,-1.06201171875,-0.28076171875,-1.35498046875,-0.13427734375,-1.2451171875,0.341796875,-1.55029296875,-0.28076171875,-0.3662109375,-0.15869140625,-0.50048828125,-0.244140625,-0.79345703125,0,-0.6591796875,0.03662109375,-0.68359375,-0.23193359375,-0.5615234375,0.09765625,-0.03662109375,0.0732421875,1.37939453125,0.01220703125,0.54931640625,-0.18310546875,0.3662109375,-0.08544921875,7.177734375,0.01220703125,0.30517578125,-0.048828125,-0.0244140625,-0.048828125,-0.08544921875,0.048828125,0.15869140625,-0.15869140625,1.708984375,0.32958984375,2.9541015625,0.03662109375,0.93994140625,-0.048828125,1.6845703125
1,-0.28076171875,-0.42724609375,0.15869140625,-0.341796875,0.32958984375,-0.4150390625,-0.15869140625,-0.08544921875,0.146484375,-0.0732421875,-0.20751953125,-0.87890625,-0.1953125,1.0498046875,-0.439453125,-0.146484375,0.06103515625,-0.62255859375,-0.08544921875,-0.1220703125,-0.06103515625,0.927734375,-0.30517578125,-0.634765625,0.3173828125,0.32958984375,-0.30517578125,-0.30517578125,0.146484375,1.45263671875,0.2685546875,2.74658203125,-0.40283203125,0.29296875,0.35400390625,1.904296875,-0.0732421875,0.0732421875,0.09765625,-0.048828125,0.244140625,-0.244140625,-0.28076171875,-0.7080078125,0.13427734375,-0.48828125,0.146484375,0.5615234375,0.244140625,1.74560546875,-0.048828125,0.52490234375,-0.15869140625,-0.13427734375,-0.2685546875,0.732421875,0.03662109375,0.69580078125,-0.1953125,0.47607421875,0.390625,0.37841796875,-0.2197265625,0.048828125,-0.08544921875,1.2939453125,-0.30517578125,1.6845703125,0.1220703125,1.84326171875,-0.28076171875,0.96435546875,0.048828125,2.392578125,0.0244140625,1.9775390625,0.244140625,1.2939453125,0.0732421875,2.77099609375,0.03662109375,-2.1240234375,-0.0732421875,-0.98876953125,-0.32958984375,-1.2939453125,-0.1220703125,-1.15966796875,0.3173828125,-1.513671875,-0.32958984375,-0.32958984375,-0.18310546875,-0.4638671875,-0.25634765625,-0.732421875,0,-0.67138671875,-0.048828125,-0.6591796875,-0.25634765625,-0.54931640625,0.0732421875,-0.03662109375,0.08544921875,1.11083984375,0.03662109375,0.341796875,-0.2197265625,0.1953125,-0.13427734375,6.45751953125,-0.0244140625,0.29296875,-0.0244140625,-0.0244140625,-0.0732421875,-0.09765625,0.048828125,0.15869140625,-0.15869140625,1.25732421875,0.32958984375,2.24609375,0.03662109375,0.54931640625,-0.0244140625,1.171875
1,-0.30517578125,-0.4638671875,0.15869140625,-0.37841796875,0.35400390625,-0.4150390625,-0.1708984375,-0.08544921875,0.2197265625,-0.0732421875,-0.2685546875,-0.89111328125,-0.25634765625,1.03759765625,-0.48828125,-0.13427734375,0.03662109375,-0.62255859375,-0.08544921875,-0.1220703125,-0.13427734375,0.91552734375,-0.29296875,-0.62255859375,0.30517578125,0.57373046875,-0.30517578125,-0.0244140625,0.1220703125,1.79443359375,0.1708984375,3.50341796875,-0.40283203125,0.2685546875,0.5615234375,1.8798828125,-0.03662109375,0.0732421875,0.0732421875,-0.0732421875,0.2685546875,-0.244140625,-0.35400390625,-0.7080078125,0.146484375,-0.48828125,0.09765625,0.57373046875,0.13427734375,2.197265625,-0.10986328125,0.5615234375,-0.1220703125,-0.0732421875,-0.25634765625,0.78125,0.048828125,0.7080078125,-0.18310546875,0.48828125,0.37841796875,0.37841796875,-0.2685546875,0.06103515625,-0.03662109375,1.85546875,-0.29296875,2.08740234375,0.0244140625,2.47802734375,-0.1953125,1.35498046875,0.01220703125,1.84326171875,0.0244140625,1.806640625,0.146484375,1.0986328125,-0.0244140625,2.5390625,0.01220703125,-1.89208984375,-0.08544921875,-0.86669921875,-0.30517578125,-1.20849609375,-0.13427734375,-1.0498046875,0.25634765625,-1.513671875,-0.3173828125,-0.30517578125,-0.23193359375,-0.48828125,-0.1953125,-0.830078125,-0.048828125,-0.67138671875,-0.10986328125,-0.68359375,-0.25634765625,-0.537109375,0.01220703125,-0.06103515625,0.09765625,0.81787109375,0.0732421875,0.0732421875,-0.25634765625,-0.01220703125,-0.1708984375,5.52978515625,-0.048828125,0.3173828125,-0.01220703125,-0.03662109375,-0.06103515625,-0.10986328125,0.06103515625,0.146484375,-0.13427734375,0.87890625,0.37841796875,1.66015625,0.09765625,0.28076171875,0,0.732421875
1,-0.29296875,-0.5126953125,0.1708984375,-0.37841796875,0.3662109375,-0.4150390625,-0.1708984375,-0.08544921875,0.3173828125,-0.048828125,-0.341796875,-0.91552734375,-0.29296875,1.025390625,-0.50048828125,-0.1220703125,0,-0.62255859375,-0.03662109375,-0.1220703125,-0.20751953125,0.93994140625,-0.25634765625,-0.634765625,0.1953125,0.81787109375,-0.2685546875,0.20751953125,0.06103515625,2.1484375,0.146484375,4.296875,-0.390625,0.20751953125,0.634765625,1.6357421875,0.0244140625,0.048828125,0,-0.15869140625,0.3173828125,-0.23193359375,-0.341796875,-0.7080078125,0.09765625,-0.47607421875,0.0732421875,0.5615234375,0,2.7587890625,-0.146484375,0.6591796875,-0.06103515625,0.01220703125,-0.2197265625,0.89111328125,0.0244140625,0.68359375,-0.1708984375,0.50048828125,0.37841796875,0.390625,-0.35400390625,0.048828125,0.01220703125,2.490234375,-0.1953125,2.5146484375,0.0732421875,3.18603515625,-0.146484375,1.7822265625,0.0244140625,1.55029296875,0.13427734375,1.72119140625,0.09765625,0.9765625,-0.0244140625,2.40478515625,0,-1.57470703125,-0.0244140625,-0.69580078125,-0.29296875,-1.13525390625,-0.146484375,-0.9521484375,0.18310546875,-1.50146484375,-0.29296875,-0.29296875,-0.244140625,-0.50048828125,-0.15869140625,-1.06201171875,-0.08544921875,-0.68359375,-0.1708984375,-0.6591796875,-0.244140625,-0.5615234375,-0.03662109375,-0.06103515625,0.1220703125,0.48828125,0.146484375,-0.2197265625,-0.2685546875,-0.25634765625,-0.1708984375,4.47998046875,-0.08544921875,0.30517578125,0,-0.048828125,-0.06103515625,-0.08544921875,0.0732421875,0.15869140625,-0.1708984375,0.6103515625,0.3662109375,1.220703125,0.06103515625,0.048828125,-0.01220703125,0.40283203125
1,-0.32958984375,-0.54931640625,0.1953125,-0.341796875,0.3662109375,-0.4150390625,-0.2197265625,-0.048828125,0.390625,-0.06103515625,-0.37841796875,-0.9033203125,-0.35400390625,0.98876953125,-0.52490234375,-0.09765625,-0.03662109375,-0.59814453125,-0.01220703125,-0.146484375,-0.2685546875,0.9521484375,-0.244140625,-0.6103515625,0.13427734375,1.07421875,-0.2685546875,0.48828125,0.0732421875,2.5146484375,0.18310546875,5.13916015625,-0.341796875,0.08544921875,0.68359375,1.20849609375,0.048828125,-0.048828125,-0.01220703125,-0.28076171875,0.32958984375,-0.23193359375,-0.35400390625,-0.72021484375,0.10986328125,-0.45166015625,0.0244140625,0.5859375,-0.03662109375,3.41796875,-0.15869140625,0.8056640625,0,0.10986328125,-0.2197265625,1.01318359375,0.01220703125,0.68359375,-0.08544921875,0.50048828125,0.3662109375,0.390625,-0.35400390625,0.048828125,0.06103515625,3.1494140625,-0.1220703125,2.96630859375,0.03662109375,3.90625,-0.08544921875,2.2216796875,0.0244140625,1.59912109375,0.10986328125,1.7578125,-0.03662109375,1.01318359375,-0.08544921875,2.42919921875,-0.0244140625,-1.26953125,0,-0.54931640625,-0.28076171875,-1.06201171875,-0.09765625,-0.86669921875,0.0732421875,-1.4892578125,-0.28076171875,-0.30517578125,-0.2685546875,-0.54931640625,-0.1220703125,-1.37939453125,-0.10986328125,-0.69580078125,-0.15869140625,-0.64697265625,-0.23193359375,-0.57373046875,-0.0732421875,-0.0732421875,0.15869140625,0.15869140625,0.1953125,-0.54931640625,-0.23193359375,-0.48828125,-0.2197265625,3.3447265625,-0.08544921875,0.29296875,-0.01220703125,-0.01220703125,-0.09765625,-0.08544921875,0.08544921875,0.1708984375,-0.13427734375,0.52490234375,0.35400390625,1.06201171875,0.08544921875,0,0.0244140625,0.29296875
1,-0.341796875,-0.5615234375,0.20751953125,-0.35400390625,0.390625,-0.42724609375,-0.2197265625,-0.048828125,0.42724609375,-0.048828125,-0.42724609375,-0.927734375,-0.390625,0.98876953125,-0.537109375,-0.09765625,-0.09765625,-0.59814453125,-0.01220703125,-0.146484375,-0.3173828125,0.93994140625,-0.2197265625,-0.62255859375,0.06103515625,1.318359375,-0.244140625,0.69580078125,0.03662109375,2.84423828125,0.13427734375,5.92041015625,-0.30517578125,-0.0732421875,0.6591796875,0.5859375,0.06103515625,-0.1708984375,-0.01220703125,-0.45166015625,0.28076171875,-0.244140625,-0.32958984375,-0.732421875,0.08544921875,-0.439453125,0,0.5615234375,-0.1220703125,4.16259765625,-0.15869140625,0.9765625,0.0244140625,0.2197265625,-0.2197265625,1.15966796875,-0.01220703125,0.68359375,-0.08544921875,0.5126953125,0.37841796875,0.42724609375,-0.3662109375,0.01220703125,0.10986328125,3.79638671875,0.01220703125,3.40576171875,0,4.58984375,0.0244140625,2.63671875,0.1708984375,2.05078125,0.0732421875,1.94091796875,-0.1220703125,1.1962890625,-0.06103515625,2.6123046875,-0.048828125,-1.0498046875,0.08544921875,-0.45166015625,-0.1953125,-1.0009765625,-0.08544921875,-0.79345703125,-0.06103515625,-1.47705078125,-0.244140625,-0.30517578125,-0.32958984375,-0.537109375,-0.09765625,-1.62353515625,-0.13427734375,-0.68359375,-0.146484375,-0.6591796875,-0.1953125,-0.6103515625,-0.10986328125,-0.08544921875,0.1953125,-0.1708984375,0.244140625,-0.8544921875,-0.18310546875,-0.72021484375,-0.25634765625,2.18505859375,-0.1220703125,0.29296875,-0.01220703125,-0.01220703125,-0.0732421875,-0.1220703125,0.0732421875,0.20751953125,-0.1708984375,0.62255859375,0.30517578125,1.26953125,0.048828125,0.10986328125,0,0.4150390625
1,-0.35400390625,-0.54931640625,0.244140625,-0.3662109375,0.30517578125,-0.439453125,-0.20751953125,-0.048828125,0.4150390625,-0.06103515625,-0.4150390625,-0.93994140625,-0.439453125,1.0009765625,-0.5859375,-0.1220703125,-0.1220703125,-0.59814453125,0.01220703125,-0.15869140625,-0.3173828125,0.9521484375,-0.244140625,-0.6103515625,0.048828125,1.4892578125,-0.20751953125,0.87890625,0.01220703125,3.08837890625,0.03662109375,6.5185546875,-0.29296875,-0.25634765625,0.6103515625,-0.10986328125,0.03662109375,-0.30517578125,-0.0244140625,-0.634765625,0.23193359375,-0.25634765625,-0.30517578125,-0.732421875,0.06103515625,-0.439453125,0.01220703125,0.5859375,-0.09765625,4.9560546875,-0.13427734375,1.1474609375,0.06103515625,0.3173828125,-0.18310546875,1.3427734375,-0.01220703125,0.7080078125,-0.15869140625,0.52490234375,0.45166015625,0.45166015625,-0.4150390625,0.03662109375,0.01220703125,4.3212890625,0.09765625,3.7841796875,-0.0244140625,5.23681640625,0.0244140625,2.96630859375,0.2685546875,2.880859375,0.06103515625,2.24609375,-0.146484375,1.55029296875,-0.0244140625,2.978515625,-0.10986328125,-0.9033203125,0.146484375,-0.3662109375,-0.09765625,-0.9521484375,-0.03662109375,-0.7568359375,-0.13427734375,-1.47705078125,-0.1953125,-0.3173828125,-0.390625,-0.537109375,-0.1220703125,-1.81884765625,-0.146484375,-0.67138671875,-0.13427734375,-0.67138671875,-0.146484375,-0.6103515625,-0.09765625,-0.08544921875,0.244140625,-0.48828125,0.28076171875,-1.15966796875,-0.1220703125,-0.93994140625,-0.2685546875,1.0986328125,-0.146484375,0.29296875,0,-0.0244140625,-0.06103515625,-0.09765625,0.06103515625,0.1953125,-0.1708984375,0.9521484375,0.341796875,1.806640625,0.048828125,0.390625,-0.01220703125,0.76904296875
0,-0.341796875,-0.50048828125,0.25634765625,-0.37841796875,0.23193359375,-0.4638671875,-0.1953125,-0.06103515625,0.3662109375,-0.08544921875,-0.37841796875,-0.9521484375,-0.439453125,1.025390625,-0.5859375,-0.13427734375,-0.15869140625,-0.57373046875,-0.0244140625,-0.18310546875,-0.341796875,0.927734375,-0.29296875,-0.6103515625,-0.0244140625,1.611328125,-0.20751953125,0.98876953125,-0.048828125,3.2470703125,0.0244140625,6.982421875,-0.3173828125,-0.4638671875,0.52490234375,-0.76904296875,0.0244140625,-0.45166015625,-0.03662109375,-0.79345703125,0.15869140625,-0.2685546875,-0.2685546875,-0.732421875,0.048828125,-0.4150390625,-0.048828125,0.5859375,-0.03662109375,5.72509765625,-0.15869140625,1.35498046875,0.048828125,0.439453125,-0.146484375,1.50146484375,-0.0244140625,0.69580078125,-0.1708984375,0.5126953125,0.5126953125,0.47607421875,-0.4150390625,0.0244140625,-0.048828125,4.72412109375,0.18310546875,4.1015625,-0.03662109375,5.74951171875,0.048828125,3.22265625,0.2197265625,4.0771484375,-0.03662109375,2.74658203125,-0.20751953125,2.05078125,-0.0244140625,3.5400390625,-0.244140625,-0.87890625,0.244140625,-0.35400390625,0.01220703125,-0.9765625,0.03662109375,-0.7568359375,-0.146484375,-1.47705078125,-0.146484375,-0.32958984375,-0.40283203125,-0.50048828125,-0.1708984375,-1.84326171875,-0.1708984375,-0.6591796875,-0.10986328125,-0.68359375,-0.09765625,-0.62255859375,-0.0732421875,-0.08544921875,0.25634765625,-0.7568359375,0.2685546875,-1.4404296875,-0.06103515625,-1.13525390625,-0.2685546875,0.1953125,-0.1708984375,0.3173828125,0.03662109375,-0.01220703125,-0.06103515625,-0.09765625,0.06103515625,0.20751953125,-0.1220703125,1.50146484375,0.29296875,2.64892578125,0.0732421875,0.84228515625,-0.0244140625,1.3916015625
0,-0.35400390625,-0.45166015625,0.244140625,-0.40283203125,0.146484375,-0.50048828125,-0.15869140625,-0.08544921875,0.30517578125,-0.08544921875,-0.29296875,-0.93994140625,-0.40283203125,1.0498046875,-0.62255859375,-0.15869140625,-0.15869140625,-0.57373046875,-0.03662109375,-0.1708984375,-0.37841796875,0.927734375,-0.32958984375,-0.5859375,-0.06103515625,1.64794921875,-0.15869140625,1.025390625,-0.13427734375,3.25927734375,-0.06103515625,7.21435546875,-0.3662109375,-0.6103515625,0.42724609375,-1.30615234375,-0.048828125,-0.57373046875,-0.06103515625,-0.927734375,0.06103515625,-0.2685546875,-0.20751953125,-0.72021484375,0.03662109375,-0.390625,-0.08544921875,0.59814453125,-0.048828125,6.43310546875,-0.13427734375,1.55029296875,0.06103515625,0.54931640625,-0.06103515625,1.66015625,-0.0244140625,0.7080078125,-0.13427734375,0.48828125,0.537109375,0.50048828125,-0.4638671875,0.03662109375,-0.146484375,4.94384765625,0.1953125,4.248046875,0.0732421875,6.103515625,0.03662109375,3.35693359375,0.25634765625,5.5419921875,-0.048828125,3.3203125,-0.15869140625,2.685546875,-0.01220703125,4.23583984375,-0.2685546875,-0.9521484375,0.2685546875,-0.37841796875,0.15869140625,-0.98876953125,0.10986328125,-0.8056640625,-0.10986328125,-1.47705078125,-0.09765625,-0.341796875,-0.40283203125,-0.45166015625,-0.20751953125,-1.7578125,-0.18310546875,-0.68359375,-0.08544921875,-0.7080078125,-0.048828125,-0.62255859375,-0.048828125,-0.0732421875,0.23193359375,-0.9521484375,0.1953125,-1.66015625,-0.0244140625,-1.28173828125,-0.2685546875,-0.48828125,-0.1708984375,0.3173828125,0.06103515625,-0.01220703125,-0.06103515625,-0.09765625,0.0732421875,0.18310546875,-0.146484375,2.197265625,0.28076171875,3.759765625,0.06103515625,1.4404296875,-0.03662109375,2.23388671875
0,-0.37841796875,-0.37841796875,0.2685546875,-0.40283203125,0.048828125,-0.47607421875,-0.10986328125,-0.08544921875,0.1953125,-0.06103515625,-0.1953125,-0.93994140625,-0.341796875,1.08642578125,-0.57373046875,-0.1708984375,-0.1220703125,-0.537109375,-0.048828125,-0.15869140625,-0.3173828125,0.91552734375,-0.40283203125,-0.59814453125,-0.13427734375,1.611328125,-0.10986328125,1.025390625,-0.1953125,3.22265625,0.06103515625,7.2265625,-0.3662109375,-0.68359375,0.32958984375,-1.55029296875,-0.09765625,-0.64697265625,-0.06103515625,-0.98876953125,-0.06103515625,-0.28076171875,-0.18310546875,-0.74462890625,0.01220703125,-0.40283203125,-0.1220703125,0.59814453125,-0.06103515625,7.06787109375,-0.18310546875,1.72119140625,0.048828125,0.64697265625,0.03662109375,1.79443359375,-0.0244140625,0.72021484375,-0.1220703125,0.50048828125,0.59814453125,0.48828125,-0.439453125,0.048828125,-0.1708984375,5.0048828125,0.18310546875,4.3212890625,0.13427734375,6.28662109375,0.048828125,3.3935546875,0.15869140625,7.16552734375,-0.09765625,3.955078125,-0.146484375,3.38134765625,-0.048828125,5.01708984375,-0.3173828125,-1.07421875,0.244140625,-0.439453125,0.1953125,-1.0498046875,0.146484375,-0.86669921875,-0.0244140625,-1.46484375,-0.09765625,-0.32958984375,-0.30517578125,-0.4150390625,-0.2685546875,-1.5625,-0.146484375,-0.68359375,-0.1220703125,-0.68359375,0.01220703125,-0.5859375,-0.01220703125,-0.06103515625,0.1708984375,-1.07421875,0.10986328125,-1.79443359375,0,-1.3671875,-0.244140625,-0.9033203125,-0.1953125,0.3173828125,0.048828125,-0.0244140625,-0.06103515625,-0.08544921875,0.06103515625,0.18310546875,-0.10986328125,3.0029296875,0.32958984375,5.01708984375,0.09765625,2.11181640625,-0.03662109375,3.18603515625
0,-0.390625,-0.341796875,0.2685546875,-0.40283203125,-0.03662109375,-0.47607421875,-0.08544921875,-0.08544921875,0.10986328125,-0.0732421875,-0.15869140625,-0.927734375,-0.28076171875,1.11083984375,-0.5859375,-0.1708984375,-0.08544921875,-0.537109375,-0.09765625,-0.15869140625,-0.29296875,0.89111328125,-0.42724609375,-0.6103515625,-0.10986328125,1.55029296875,-0.03662109375,0.927734375,-0.23193359375,3.076171875,0.15869140625,7.04345703125,-0.40283203125,-0.67138671875,0.2685546875,-1.50146484375,-0.15869140625,-0.67138671875,-0.0244140625,-0.96435546875,-0.09765625,-0.2685546875,-0.1953125,-0.72021484375,0,-0.3662109375,-0.1708984375,0.6103515625,-0.0732421875,7.50732421875,-0.18310546875,1.81884765625,0.0244140625,0.732421875,0.06103515625,1.85546875,0,0.72021484375,-0.146484375,0.50048828125,0.57373046875,0.50048828125,-0.37841796875,0.048828125,-0.13427734375,4.89501953125,0.18310546875,4.248046875,0.06103515625,6.298828125,0,3.35693359375,0.13427734375,8.72802734375,-0.13427734375,4.58984375,-0.048828125,4.06494140625,-0.09765625,5.82275390625,-0.244140625,-1.220703125,0.244140625,-0.52490234375,0.25634765625,-1.0986328125,0.20751953125,-0.91552734375,0.08544921875,-1.47705078125,-0.048828125,-0.3173828125,-0.20751953125,-0.3662109375,-0.29296875,-1.30615234375,-0.1220703125,-0.69580078125,-0.15869140625,-0.69580078125,0.03662109375,-0.59814453125,0.03662109375,-0.06103515625,0.13427734375,-1.15966796875,0.06103515625,-1.86767578125,0.03662109375,-1.40380859375,-0.20751953125,-1.06201171875,-0.18310546875,0.3173828125,0.0732421875,-0.01220703125,-0.08544921875,-0.09765625,0.03662109375,0.1708984375,-0.10986328125,3.86962890625,0.2685546875,6.31103515625,0.08544921875,2.8076171875,-0.03662109375,4.1748046875
0,-0.37841796875,-0.341796875,0.2685546875,-0.37841796875,-0.048828125,-0.45166015625,-0.08544921875,-0.08544921875,0.08544921875,-0.0732421875,-0.1708984375,-0.9033203125,-0.20751953125,1.11083984375,-0.5859375,-0.15869140625,0.01220703125,-0.57373046875,-0.09765625,-0.1708984375,-0.3173828125,0.86669921875,-0.4638671875,-0.6103515625,-0.048828125,1.42822265625,0.01220703125,0.81787109375,-0.25634765625,2.91748046875,0.0244140625,6.6650390625,-0.439453125,-0.57373046875,0.3173828125,-1.123046875,-0.20751953125,-0.5859375,0.01220703125,-0.87890625,-0.13427734375,-0.25634765625,-0.25634765625,-0.732421875,-0.03662109375,-0.390625,-0.15869140625,0.6103515625,0.03662109375,7.763671875,-0.244140625,1.8798828125,0.03662109375,0.7568359375,0.15869140625,1.8798828125,0.01220703125,0.732421875,-0.1708984375,0.5126953125,0.6591796875,0.47607421875,-0.4150390625,0.048828125,-0.1220703125,4.6630859375,0.1708984375,4.11376953125,0.0244140625,6.15234375,-0.03662109375,3.2470703125,0.13427734375,10.107421875,-0.09765625,5.11474609375,0.03662109375,4.67529296875,-0.15869140625,6.53076171875,-0.13427734375,-1.416015625,0.20751953125,-0.6103515625,0.32958984375,-1.13525390625,0.20751953125,-0.9765625,0.18310546875,-1.4892578125,-0.01220703125,-0.3173828125,-0.13427734375,-0.35400390625,-0.28076171875,-1.0986328125,-0.0732421875,-0.68359375,-0.146484375,-0.67138671875,0.048828125,-0.5859375,0.09765625,-0.048828125,0.0732421875,-1.15966796875,0.03662109375,-1.86767578125,0.03662109375,-1.3916015625,-0.15869140625,-0.98876953125,-0.20751953125,0.32958984375,0.0732421875,-0.01220703125,-0.0732421875,-0.08544921875,0.01220703125,0.1708984375,-0.10986328125,4.6630859375,0.1708984375,7.48291015625,0.06103515625,3.45458984375,-0.09765625,5.11474609375
0,-0.37841796875,-0.35400390625,0.28076171875,-0.3662109375,-0.0732421875,-0.4638671875,-0.08544921875,-0.09765625,0.048828125,-0.0732421875,-0.1708984375,-0.89111328125,-0.15869140625,1.08642578125,-0.59814453125,-0.146484375,0,-0.5615234375,-0.13427734375,-0.18310546875,-0.439453125,0.830078125,-0.50048828125,-0.6103515625,-0.048828125,1.28173828125,0.08544921875,0.68359375,-0.25634765625,2.7099609375,-0.06103515625,6.21337890625,-0.5126953125,-0.4150390625,0.244140625,-0.42724609375,-0.244140625,-0.47607421875,0.01220703125,-0.72021484375,-0.10986328125,-0.2685546875,-0.341796875,-0.7080078125,-0.06103515625,-0.390625,-0.18310546875,0.57373046875,0.13427734375,7.763671875,-0.29296875,1.8798828125,-0.048828125,0.74462890625,0.2685546875,1.85546875,0.01220703125,0.732421875,-0.1953125,0.5126953125,0.67138671875,0.4638671875,-0.32958984375,0.048828125,-0.048828125,4.3701171875,0.1220703125,3.8818359375,0.0244140625,5.859375,-0.048828125,3.03955078125,0.06103515625,11.181640625,-0.1220703125,5.5419921875,0.09765625,5.13916015625,-0.15869140625,7.1044921875,-0.10986328125,-1.55029296875,0.1220703125,-0.6591796875,0.28076171875,-1.171875,0.146484375,-1.0009765625,0.2685546875,-1.4892578125,0.048828125,-0.29296875,-0.0244140625,-0.32958984375,-0.23193359375,-0.93994140625,-0.0244140625,-0.69580078125,-0.13427734375,-0.68359375,0.01220703125,-0.57373046875,0.13427734375,-0.03662109375,0.048828125,-1.123046875,0.01220703125,-1.81884765625,0.03662109375,-1.33056640625,-0.13427734375,-0.72021484375,-0.2197265625,0.32958984375,0.09765625,0,-0.08544921875,-0.10986328125,0.01220703125,0.15869140625,-0.09765625,5.37109375,0.28076171875,8.48388671875,0.10986328125,3.9794921875,-0.048828125,5.92041015625
0,-0.32958984375,-0.37841796875,0.28076171875,-0.3662109375,-0.0732421875,-0.47607421875,-0.0732421875,-0.09765625,0.03662109375,-0.08544921875,-0.23193359375,-0.89111328125,-0.10986328125,1.07421875,-0.57373046875,-0.146484375,0.01220703125,-0.5615234375,-0.13427734375,-0.18310546875,-0.59814453125,0.81787109375,-0.439453125,-0.62255859375,-0.01220703125,1.13525390625,0.13427734375,0.5859375,-0.23193359375,2.5390625,-0.10986328125,5.70068359375,-0.54931640625,-0.1708984375,0.23193359375,0.48828125,-0.25634765625,-0.30517578125,-0.03662109375,-0.47607421875,-0.08544921875,-0.25634765625,-0.42724609375,-0.68359375,-0.09765625,-0.40283203125,-0.146484375,0.5859375,0.048828125,7.50732421875,-0.341796875,1.84326171875,-0.09765625,0.7080078125,0.28076171875,1.79443359375,0.0244140625,0.732421875,-0.15869140625,0.52490234375,0.67138671875,0.45166015625,-0.244140625,0.048828125,-0.03662109375,4.01611328125,0.0244140625,3.61328125,-0.0244140625,5.48095703125,-0.048828125,2.81982421875,0.03662109375,11.82861328125,-0.1220703125,5.76171875,0.1708984375,5.43212890625,-0.1953125,7.470703125,-0.0732421875,-1.5869140625,0.06103515625,-0.67138671875,0.2685546875,-1.1474609375,0.06103515625,-0.9765625,0.3173828125,-1.50146484375,0.048828125,-0.29296875,0.048828125,-0.32958984375,-0.09765625,-0.9033203125,0,-0.69580078125,-0.09765625,-0.6591796875,0.0244140625,-0.5859375,0.15869140625,-0.0244140625,0.0732421875,-1.06201171875,-0.0732421875,-1.69677734375,0.0244140625,-1.28173828125,-0.13427734375,-0.37841796875,-0.23193359375,0.35400390625,0.09765625,-0.01220703125,-0.048828125,-0.09765625,0.0244140625,0.1708984375,-0.08544921875,5.87158203125,0.2197265625,9.130859375,0.1220703125,4.345703125,-0.048828125,6.494140625
0,-0.3173828125,-0.4150390625,0.30517578125,-0.37841796875,-0.0732421875,-0.47607421875,-0.0732421875,-0.10986328125,0.048828125,-0.10986328125,-0.25634765625,-0.89111328125,-0.03662109375,1.0498046875,-0.54931640625,-0.146484375,0.01220703125,-0.59814453125,-0.09765625,-0.1708984375,-0.68359375,0.8056640625,-0.390625,-0.62255859375,0.0244140625,1.0498046875,0.146484375,0.4638671875,-0.18310546875,2.4169921875,-0.15869140625,5.224609375,-0.62255859375,0.0732421875,0.28076171875,1.513671875,-0.2685546875,-0.0732421875,-0.09765625,-0.1953125,-0.06103515625,-0.23193359375,-0.50048828125,-0.67138671875,-0.1708984375,-0.4150390625,-0.1220703125,0.57373046875,0.09765625,7.06787109375,-0.32958984375,1.7333984375,-0.146484375,0.634765625,0.25634765625,1.6845703125,0.01220703125,0.72021484375,-0.18310546875,0.5615234375,0.6591796875,0.42724609375,-0.13427734375,0.03662109375,-0.0244140625,3.67431640625,-0.09765625,3.33251953125,-0.048828125,5.0537109375,-0.048828125,2.60009765625,-0.0244140625,12.0361328125,-0.1953125,5.79833984375,0.1708984375,5.5419921875,-0.20751953125,7.6171875,-0.03662109375,-1.5625,-0.0244140625,-0.59814453125,0.28076171875,-1.123046875,-0.03662109375,-0.9521484375,0.35400390625,-1.50146484375,0.0244140625,-0.30517578125,0.1220703125,-0.3662109375,-0.01220703125,-0.98876953125,-0.01220703125,-0.7080078125,-0.09765625,-0.6591796875,0.048828125,-0.59814453125,0.1220703125,-0.03662109375,0.1220703125,-0.9765625,-0.10986328125,-1.611328125,0,-1.20849609375,-0.13427734375,-0.01220703125,-0.20751953125,0.35400390625,0.10986328125,0.01220703125,-0.048828125,-0.09765625,0.03662109375,0.1708984375,-0.08544921875,6.15234375,0.1220703125,9.46044921875,0.146484375,4.52880859375,-0.0244140625,6.82373046875
0,-0.29296875,-0.45166015625,0.28076171875,-0.390625,-0.048828125,-0.4638671875,-0.03662109375,-0.08544921875,0.06103515625,-0.09765625,-0.2685546875,-0.9033203125,0,1.025390625,-0.5126953125,-0.15869140625,0,-0.6103515625,-0.08544921875,-0.15869140625,-0.7080078125,0.81787109375,-0.3173828125,-0.6103515625,0.06103515625,0.9765625,0.18310546875,0.390625,-0.15869140625,2.34375,-0.15869140625,4.87060546875,-0.7080078125,0.341796875,0.32958984375,2.50244140625,-0.244140625,0.13427734375,-0.15869140625,0.06103515625,-0.01220703125,-0.244140625,-0.47607421875,-0.67138671875,-0.18310546875,-0.439453125,-0.09765625,0.5859375,0.06103515625,6.5185546875,-0.30517578125,1.62353515625,-0.2197265625,0.57373046875,0.23193359375,1.57470703125,-0.03662109375,0.7568359375,-0.13427734375,0.5859375,0.72021484375,0.439453125,-0.01220703125,0.0244140625,0.03662109375,3.38134765625,-0.09765625,3.08837890625,-0.09765625,4.65087890625,0,2.392578125,-0.09765625,11.7919921875,-0.1953125,5.712890625,0.146484375,5.40771484375,-0.18310546875,7.50732421875,-0.01220703125,-1.4404296875,-0.13427734375,-0.47607421875,0.1953125,-1.0498046875,-0.09765625,-0.87890625,0.35400390625,-1.4892578125,0.01220703125,-0.32958984375,0.18310546875,-0.390625,0.06103515625,-1.18408203125,-0.048828125,-0.7080078125,-0.1220703125,-0.64697265625,0.03662109375,-0.59814453125,0.06103515625,-0.0244140625,0.1708984375,-0.89111328125,-0.1708984375,-1.4892578125,-0.048828125,-1.13525390625,-0.146484375,0.28076171875,-0.20751953125,0.341796875,0.08544921875,-0.01220703125,-0.048828125,-0.10986328125,0.03662109375,0.1708984375,-0.09765625,6.16455078125,0.09765625,9.43603515625,0.15869140625,4.52880859375,-0.03662109375,6.87255859375
0,-0.25634765625,-0.48828125,0.29296875,-0.390625,-0.03662109375,-0.4638671875,-0.0244140625,-0.10986328125,0,-0.10986328125,-0.244140625,-0.91552734375,0.03662109375,1.03759765625,-0.4638671875,-0.15869140625,0,-0.59814453125,-0.0732421875,-0.15869140625,-0.634765625,0.8544921875,-0.2685546875,-0.62255859375,0.1220703125,0.93994140625,0.1708984375,0.35400390625,-0.13427734375,2.28271484375,-0.0732421875,4.67529296875,-0.74462890625,0.5859375,0.42724609375,3.38134765625,-0.18310546875,0.341796875,-0.1708984375,0.341796875,0.06103515625,-0.244140625,-0.42724609375,-0.67138671875,-0.1953125,-0.42724609375,-0.13427734375,0.57373046875,0.0244140625,5.908203125,-0.2685546875,1.47705078125,-0.2197265625,0.4638671875,0.23193359375,1.46484375,-0.08544921875,0.732421875,-0.0732421875,0.5615234375,0.7080078125,0.45166015625,0.048828125,0.0244140625,0.06103515625,3.11279296875,-0.1220703125,2.86865234375,-0.20751953125,4.3212890625,0.0244140625,2.23388671875,-0.1708984375,11.1083984375,-0.15869140625,5.3466796875,0.13427734375,5.06591796875,-0.146484375,7.16552734375,0.01220703125,-1.26953125,-0.20751953125,-0.35400390625,0.08544921875,-0.98876953125,-0.13427734375,-0.79345703125,0.3173828125,-1.50146484375,0,-0.341796875,0.2685546875,-0.40283203125,0.13427734375,-1.40380859375,-0.13427734375,-0.7080078125,-0.06103515625,-0.64697265625,0.0732421875,-0.6103515625,-0.03662109375,-0.0732421875,0.18310546875,-0.81787109375,-0.1708984375,-1.40380859375,-0.09765625,-1.0986328125,-0.1220703125,0.439453125,-0.1708984375,0.32958984375,0.08544921875,-0.01220703125,-0.06103515625,-0.09765625,0.0244140625,0.1708984375,-0.08544921875,5.99365234375,0.09765625,9.06982421875,0.15869140625,4.35791015625,-0.0244140625,6.6650390625
0,-0.2197265625,-0.50048828125,0.29296875,-0.4150390625,-0.03662109375,-0.47607421875,0,-0.09765625,-0.0244140625,-0.10986328125,-0.2197265625,-0.91552734375,0.06103515625,1.0009765625,-0.4150390625,-0.18310546875,-0.048828125,-0.5859375,-0.08544921875,-0.1708984375,-0.634765625,0.84228515625,-0.23193359375,-0.62255859375,0.1953125,0.96435546875,0.15869140625,0.3662109375,-0.10986328125,2.30712890625,-0.06103515625,4.58984375,-0.732421875,0.79345703125,0.390625,4.06494140625,-0.10986328125,0.47607421875,-0.15869140625,0.54931640625,0.18310546875,-0.244140625,-0.32958984375,-0.68359375,-0.1708984375,-0.4150390625,-0.13427734375,0.5859375,-0.048828125,5.3466796875,-0.2685546875,1.3671875,-0.29296875,0.37841796875,0.18310546875,1.416015625,-0.18310546875,0.72021484375,-0.03662109375,0.57373046875,0.79345703125,0.47607421875,0.048828125,0.03662109375,0.146484375,2.9541015625,-0.18310546875,2.72216796875,-0.28076171875,4.06494140625,0.0244140625,2.11181640625,-0.23193359375,10.09521484375,-0.18310546875,4.87060546875,0.10986328125,4.58984375,-0.10986328125,6.62841796875,0.048828125,-1.08642578125,-0.29296875,-0.2197265625,-0.01220703125,-0.9033203125,-0.146484375,-0.72021484375,0.244140625,-1.50146484375,-0.0732421875,-0.35400390625,0.35400390625,-0.42724609375,0.15869140625,-1.62353515625,-0.15869140625,-0.7080078125,-0.048828125,-0.64697265625,0.08544921875,-0.6103515625,-0.1220703125,-0.0732421875,0.15869140625,-0.78125,-0.146484375,-1.3916015625,-0.15869140625,-1.08642578125,-0.09765625,0.47607421875,-0.146484375,0.32958984375,0.0732421875,-0.01220703125,-0.06103515625,-0.09765625,0.03662109375,0.1708984375,-0.08544921875,5.62744140625,0.0732421875,8.49609375,0.18310546875,4.0283203125,-0.01220703125,6.2255859375
0,-0.2197265625,-0.5126953125,0.29296875,-0.4150390625,-0.03662109375,-0.50048828125,0,-0.08544921875,-0.0732421875,-0.10986328125,-0.15869140625,-0.91552734375,0.0732421875,1.025390625,-0.37841796875,-0.1953125,-0.06103515625,-0.57373046875,-0.09765625,-0.15869140625,-0.5859375,0.87890625,-0.20751953125,-0.62255859375,0.2197265625,0.9765625,0.08544921875,0.3662109375,-0.13427734375,2.33154296875,-0.10986328125,4.6630859375,-0.6591796875,0.9521484375,0.341796875,4.4921875,-0.03662109375,0.59814453125,-0.18310546875,0.68359375,0.23193359375,-0.23193359375,-0.2685546875,-0.68359375,-0.1220703125,-0.439453125,-0.1953125,0.5859375,0.0244140625,4.8828125,-0.18310546875,1.28173828125,-0.3173828125,0.341796875,0.13427734375,1.33056640625,-0.2685546875,0.7080078125,-0.01220703125,0.54931640625,0.79345703125,0.537109375,0.1220703125,0.048828125,0.146484375,2.86865234375,-0.18310546875,2.67333984375,-0.3662109375,3.9306640625,0.0244140625,2.03857421875,-0.23193359375,8.837890625,-0.1708984375,4.345703125,0.09765625,4.00390625,-0.01220703125,5.92041015625,0.01220703125,-0.927734375,-0.32958984375,-0.0732421875,-0.10986328125,-0.87890625,-0.15869140625,-0.64697265625,0.18310546875,-1.513671875,-0.09765625,-0.390625,0.4638671875,-0.4638671875,0.15869140625,-1.7822265625,-0.18310546875,-0.69580078125,-0.048828125,-0.634765625,0.03662109375,-0.6103515625,-0.1953125,-0.08544921875,0.146484375,-0.7568359375,-0.13427734375,-1.37939453125,-0.1953125,-1.0986328125,-0.146484375,0.390625,-0.146484375,0.30517578125,0.0732421875,-0.0244140625,-0.0732421875,-0.08544921875,0.03662109375,0.1708984375,-0.09765625,5.11474609375,0.06103515625,7.763671875,0.20751953125,3.61328125,-0.048828125,5.6396484375
0,-0.2197265625,-0.47607421875,0.32958984375,-0.390625,-0.06103515625,-0.48828125,0,-0.09765625,-0.09765625,-0.1220703125,-0.08544921875,-0.927734375,0.08544921875,1.0498046875,-0.35400390625,-0.18310546875,-0.0732421875,-0.5859375,-0.1708984375,-0.146484375,-0.45166015625,0.86669921875,-0.25634765625,-0.59814453125,0.2685546875,1.0009765625,0.0244140625,0.390625,-0.15869140625,2.35595703125,-0.10986328125,4.79736328125,-0.57373046875,1.03759765625,0.25634765625,4.65087890625,0.048828125,0.62255859375,-0.1708984375,0.76904296875,0.23193359375,-0.244140625,-0.2197265625,-0.69580078125,-0.1220703125,-0.4150390625,-0.1953125,0.5859375,-0.1220703125,4.62646484375,-0.146484375,1.220703125,-0.341796875,0.341796875,0.08544921875,1.2939453125,-0.2685546875,0.7080078125,-0.0244140625,0.5126953125,0.830078125,0.5615234375,0.09765625,0.03662109375,0.1708984375,2.83203125,-0.1708984375,2.63671875,-0.37841796875,3.8818359375,0.01220703125,2.001953125,-0.25634765625,7.373046875,-0.20751953125,3.69873046875,0.09765625,3.3203125,0.048828125,5.13916015625,-0.0244140625,-0.8056640625,-0.341796875,0.048828125,-0.15869140625,-0.830078125,-0.146484375,-0.59814453125,0.09765625,-1.513671875,-0.10986328125,-0.390625,0.5615234375,-0.48828125,0.08544921875,-1.81884765625,-0.2197265625,-0.68359375,0,-0.64697265625,0,-0.634765625,-0.2685546875,-0.09765625,0.18310546875,-0.78125,-0.0732421875,-1.45263671875,-0.23193359375,-1.1474609375,-0.146484375,0.23193359375,-0.13427734375,0.32958984375,0.08544921875,-0.0244140625,-0.06103515625,-0.0732421875,0.03662109375,0.1708984375,-0.08544921875,4.541015625,0.06103515625,6.92138671875,0.20751953125,3.13720703125,-0.048828125,4.96826171875
1,-0.1953125,-0.45166015625,0.29296875,-0.37841796875,-0.06103515625,-0.48828125,0,-0.0732421875,-0.1220703125,-0.10986328125,0,-0.9033203125,0.10986328125,1.06201171875,-0.3173828125,-0.1708984375,-0.09765625,-0.5615234375,-0.20751953125,-0.146484375,-0.439453125,0.86669921875,-0.28076171875,-0.59814453125,0.25634765625,1.025390625,-0.01220703125,0.40283203125,-0.1953125,2.3681640625,-0.1220703125,4.94384765625,-0.439453125,1.06201171875,0.18310546875,4.57763671875,0.0732421875,0.6103515625,-0.1953125,0.79345703125,0.244140625,-0.244140625,-0.1953125,-0.7080078125,-0.09765625,-0.4150390625,-0.28076171875,0.5859375,-0.18310546875,4.541015625,-0.09765625,1.1962890625,-0.37841796875,0.3173828125,0.0732421875,1.30615234375,-0.28076171875,0.69580078125,-0.048828125,0.50048828125,0.87890625,0.6103515625,0.10986328125,0.048828125,0.18310546875,2.8076171875,-0.18310546875,2.62451171875,-0.341796875,3.8818359375,-0.048828125,1.98974609375,-0.244140625,5.87158203125,-0.18310546875,3.08837890625,0.08544921875,2.6123046875,0.10986328125,4.3212890625,-0.0732421875,-0.7568359375,-0.30517578125,0.10986328125,-0.18310546875,-0.8544921875,-0.146484375,-0.57373046875,-0.01220703125,-1.5380859375,-0.146484375,-0.390625,0.59814453125,-0.48828125,-0.048828125,-1.77001953125,-0.2197265625,-0.68359375,0,-0.64697265625,-0.03662109375,-0.62255859375,-0.23193359375,-0.10986328125,0.146484375,-0.79345703125,-0.0732421875,-1.50146484375,-0.2685546875,-1.171875,-0.18310546875,0.06103515625,-0.13427734375,0.30517578125,0.06103515625,-0.03662109375,-0.06103515625,-0.0732421875,0.0244140625,0.15869140625,-0.08544921875,3.9306640625,0.03662109375,6.103515625,0.23193359375,2.64892578125,-0.048828125,4.28466796875
1,-0.18310546875,-0.4150390625,0.29296875,-0.35400390625,-0.06103515625,-0.48828125,-0.048828125,-0.06103515625,-0.15869140625,-0.10986328125,0.0244140625,-0.91552734375,0.1220703125,1.08642578125,-0.29296875,-0.146484375,-0.0732421875,-0.54931640625,-0.244140625,-0.146484375,-0.341796875,0.86669921875,-0.32958984375,-0.59814453125,0.2197265625,1.025390625,-0.06103515625,0.42724609375,-0.244140625,2.3681640625,-0.10986328125,4.98046875,-0.390625,1.025390625,0.048828125,4.2724609375,0.1220703125,0.5615234375,-0.1708984375,0.72021484375,0.1953125,-0.244140625,-0.1708984375,-0.72021484375,-0.06103515625,-0.390625,-0.30517578125,0.57373046875,-0.18310546875,4.65087890625,-0.1220703125,1.1962890625,-0.40283203125,0.3173828125,0.03662109375,1.30615234375,-0.2197265625,0.68359375,0.01220703125,0.4638671875,0.8544921875,0.62255859375,0.09765625,0.048828125,0.18310546875,2.77099609375,-0.18310546875,2.62451171875,-0.18310546875,3.857421875,-0.09765625,1.9287109375,-0.18310546875,4.3212890625,-0.146484375,2.47802734375,0.06103515625,1.9287109375,0.13427734375,3.4912109375,-0.1220703125,-0.79345703125,-0.2685546875,0.13427734375,-0.1953125,-0.87890625,-0.1708984375,-0.5615234375,-0.048828125,-1.55029296875,-0.1708984375,-0.37841796875,0.6591796875,-0.47607421875,-0.1220703125,-1.64794921875,-0.20751953125,-0.6591796875,0.03662109375,-0.67138671875,-0.06103515625,-0.62255859375,-0.20751953125,-0.09765625,0.1708984375,-0.8056640625,-0.09765625,-1.57470703125,-0.3173828125,-1.20849609375,-0.1953125,-0.08544921875,-0.10986328125,0.30517578125,0.06103515625,-0.0244140625,-0.06103515625,-0.0732421875,0.0244140625,0.15869140625,-0.09765625,3.369140625,0.048828125,5.3466796875,0.2197265625,2.1728515625,-0.03662109375,3.62548828125
1,-0.15869140625,-0.3662109375,0.2685546875,-0.35400390625,-0.048828125,-0.47607421875,-0.08544921875,-0.0732421875,-0.1220703125,-0.10986328125,0.0244140625,-0.9033203125,0.1220703125,1.06201171875,-0.30517578125,-0.15869140625,-0.0732421875,-0.5615234375,-0.25634765625,-0.15869140625,-0.2685546875,0.8544921875,-0.35400390625,-0.59814453125,0.20751953125,1.0009765625,-0.06103515625,0.37841796875,-0.2197265625,2.28271484375,-0.048828125,4.87060546875,-0.32958984375,0.96435546875,-0.01220703125,3.84521484375,0.146484375,0.5126953125,-0.13427734375,0.59814453125,0.13427734375,-0.244140625,-0.08544921875,-0.7080078125,-0.09765625,-0.390625,-0.3662109375,0.5859375,-0.13427734375,4.833984375,-0.13427734375,1.18408203125,-0.40283203125,0.341796875,-0.0244140625,1.318359375,-0.20751953125,0.68359375,0,0.439453125,0.81787109375,0.64697265625,0.10986328125,0.03662109375,0.20751953125,2.72216796875,-0.25634765625,2.587890625,-0.0732421875,3.759765625,-0.146484375,1.85546875,-0.1953125,2.880859375,-0.146484375,1.91650390625,0.10986328125,1.26953125,0.15869140625,2.7099609375,-0.1220703125,-0.86669921875,-0.20751953125,0.08544921875,-0.18310546875,-0.91552734375,-0.15869140625,-0.5859375,-0.08544921875,-1.55029296875,-0.13427734375,-0.35400390625,0.64697265625,-0.4638671875,-0.2197265625,-1.46484375,-0.1953125,-0.67138671875,0.06103515625,-0.6591796875,-0.08544921875,-0.6103515625,-0.146484375,-0.08544921875,0.244140625,-0.830078125,-0.03662109375,-1.611328125,-0.29296875,-1.220703125,-0.10986328125,-0.20751953125,-0.10986328125,0.30517578125,0.0732421875,-0.0244140625,-0.0732421875,-0.0732421875,0.0244140625,0.15869140625,-0.09765625,2.83203125,0.0244140625,4.67529296875,0.2197265625,1.7578125,-0.03662109375,2.978515625
1,-0.1220703125,-0.35400390625,0.28076171875,-0.341796875,0,-0.4638671875,-0.146484375,-0.08544921875,-0.048828125,-0.09765625,-0.03662109375,-0.9033203125,0.09765625,1.06201171875,-0.3173828125,-0.146484375,-0.09765625,-0.54931640625,-0.23193359375,-0.13427734375,-0.25634765625,0.86669921875,-0.3173828125,-0.59814453125,0.15869140625,0.91552734375,-0.06103515625,0.30517578125,-0.18310546875,2.18505859375,-0.048828125,4.5654296875,-0.3173828125,0.84228515625,-0.09765625,3.3203125,0.13427734375,0.42724609375,-0.08544921875,0.48828125,0.1708984375,-0.25634765625,-0.0244140625,-0.7080078125,-0.09765625,-0.390625,-0.35400390625,0.59814453125,-0.048828125,5.04150390625,-0.146484375,1.1962890625,-0.3662109375,0.32958984375,-0.13427734375,1.33056640625,-0.13427734375,0.68359375,-0.03662109375,0.439453125,0.72021484375,0.634765625,0.1953125,0.0244140625,0.1708984375,2.5634765625,-0.30517578125,2.50244140625,0.048828125,3.5400390625,-0.25634765625,1.7333984375,-0.15869140625,1.57470703125,-0.0732421875,1.42822265625,0.13427734375,0.68359375,0.13427734375,2.05078125,-0.146484375,-1.0009765625,-0.13427734375,0.0244140625,-0.15869140625,-0.9521484375,-0.13427734375,-0.6103515625,-0.08544921875,-1.57470703125,-0.13427734375,-0.341796875,0.57373046875,-0.4638671875,-0.23193359375,-1.26953125,-0.23193359375,-0.69580078125,0.0732421875,-0.6591796875,-0.0732421875,-0.59814453125,-0.09765625,-0.0732421875,0.23193359375,-0.8056640625,-0.10986328125,-1.6357421875,-0.30517578125,-1.220703125,-0.048828125,-0.2197265625,-0.09765625,0.30517578125,0.06103515625,-0.01220703125,-0.0732421875,-0.0732421875,0.03662109375,0.15869140625,-0.13427734375,2.35595703125,0.0244140625,4.06494140625,0.18310546875,1.37939453125,-0.03662109375,2.44140625
1,-0.13427734375,-0.3662109375,0.32958984375,-0.35400390625,0.06103515625,-0.47607421875,-0.15869140625,-0.09765625,0.01220703125,-0.13427734375,-0.09765625,-0.89111328125,0.03662109375,1.0498046875,-0.341796875,-0.146484375,-0.09765625,-0.57373046875,-0.18310546875,-0.13427734375,-0.23193359375,0.84228515625,-0.28076171875,-0.62255859375,0.10986328125,0.7568359375,-0.06103515625,0.15869140625,-0.10986328125,2.01416015625,-0.048828125,4.01611328125,-0.30517578125,0.74462890625,-0.13427734375,2.83203125,0.10986328125,0.37841796875,0,0.35400390625,0.146484375,-0.25634765625,-0.01220703125,-0.69580078125,-0.1220703125,-0.37841796875,-0.32958984375,0.5859375,-0.01220703125,5.126953125,-0.1953125,1.18408203125,-0.3173828125,0.32958984375,-0.2197265625,1.33056640625,-0.06103515625,0.68359375,-0.0732421875,0.4638671875,0.62255859375,0.634765625,0.18310546875,0.0244140625,0.146484375,2.35595703125,-0.3173828125,2.35595703125,0.146484375,3.173828125,-0.29296875,1.5625,-0.1953125,0.4638671875,-0.01220703125,1.0009765625,0.2197265625,0.1953125,0.08544921875,1.4892578125,-0.15869140625,-1.123046875,-0.0244140625,-0.03662109375,-0.1708984375,-1.01318359375,-0.048828125,-0.6591796875,-0.0732421875,-1.57470703125,-0.13427734375,-0.29296875,0.4638671875,-0.48828125,-0.244140625,-1.123046875,-0.244140625,-0.68359375,0.10986328125,-0.6591796875,-0.06103515625,-0.5859375,-0.048828125,-0.048828125,0.20751953125,-0.76904296875,-0.1953125,-1.6357421875,-0.29296875,-1.20849609375,0,-0.146484375,-0.1220703125,0.3173828125,0.0732421875,-0.01220703125,-0.06103515625,-0.0732421875,0.03662109375,0.18310546875,-0.146484375,1.9287109375,0.0244140625,3.5400390625,0.18310546875,1.025390625,-0.0244140625,1.89208984375
1,-0.146484375,-0.3662109375,0.341796875,-0.35400390625,0.1220703125,-0.47607421875,-0.20751953125,-0.10986328125,0.10986328125,-0.10986328125,-0.15869140625,-0.91552734375,-0.048828125,1.03759765625,-0.30517578125,-0.13427734375,-0.10986328125,-0.5859375,-0.10986328125,-0.10986328125,-0.3173828125,0.830078125,-0.18310546875,-0.62255859375,0.0732421875,0.57373046875,-0.03662109375,-0.0244140625,-0.03662109375,1.81884765625,0.01220703125,3.271484375,-0.29296875,0.6103515625,-0.1708984375,2.33154296875,0.0732421875,0.30517578125,-0.048828125,0.1953125,0.1953125,-0.23193359375,0.01220703125,-0.69580078125,-0.18310546875,-0.3662109375,-0.3173828125,0.59814453125,0.13427734375,5.029296875,-0.2197265625,1.13525390625,-0.29296875,0.25634765625,-0.2685546875,1.30615234375,0,0.69580078125,-0.10986328125,0.47607421875,0.57373046875,0.62255859375,0.146484375,0.0244140625,0.13427734375,2.0751953125,-0.40283203125,2.1240234375,0.1708984375,2.6611328125,-0.3173828125,1.33056640625,-0.28076171875,-0.40283203125,0.0244140625,0.68359375,0.25634765625,-0.1953125,0.06103515625,1.08642578125,-0.146484375,-1.26953125,0.09765625,-0.1220703125,-0.1708984375,-1.0498046875,0.048828125,-0.69580078125,0,-1.57470703125,-0.08544921875,-0.28076171875,0.32958984375,-0.48828125,-0.15869140625,-1.0498046875,-0.23193359375,-0.72021484375,0.15869140625,-0.6591796875,-0.06103515625,-0.59814453125,0,-0.048828125,0.2197265625,-0.74462890625,-0.18310546875,-1.5869140625,-0.23193359375,-1.13525390625,0.0732421875,-0.0244140625,-0.08544921875,0.3173828125,0.08544921875,-0.0244140625,-0.0732421875,-0.06103515625,0.0244140625,0.1708984375,-0.146484375,1.52587890625,0.03662109375,3.01513671875,0.18310546875,0.68359375,-0.0244140625,1.3916015625
1,-0.13427734375,-0.37841796875,0.341796875,-0.390625,0.146484375,-0.4638671875,-0.2197265625,-0.13427734375,0.15869140625,-0.1220703125,-0.2197265625,-0.91552734375,-0.146484375,1.01318359375,-0.3173828125,-0.1708984375,-0.15869140625,-0.59814453125,-0.03662109375,-0.13427734375,-0.37841796875,0.84228515625,-0.1220703125,-0.634765625,0.048828125,0.37841796875,-0.0244140625,-0.20751953125,0.03662109375,1.59912109375,0.048828125,2.38037109375,-0.32958984375,0.50048828125,-0.18310546875,1.8798828125,0.01220703125,0.20751953125,-0.0244140625,0.03662109375,0.23193359375,-0.20751953125,-0.03662109375,-0.68359375,-0.1953125,-0.37841796875,-0.3173828125,0.59814453125,0.10986328125,4.7119140625,-0.2685546875,1.06201171875,-0.244140625,0.20751953125,-0.3173828125,1.220703125,-0.01220703125,0.68359375,-0.10986328125,0.48828125,0.48828125,0.6103515625,0.1220703125,0.0244140625,0.06103515625,1.7578125,-0.42724609375,1.86767578125,0.20751953125,2.06298828125,-0.244140625,1.08642578125,-0.3173828125,-1.0009765625,0.10986328125,0.47607421875,0.23193359375,-0.4638671875,0.01220703125,0.76904296875,-0.1220703125,-1.33056640625,0.1953125,-0.18310546875,-0.1708984375,-1.07421875,0.09765625,-0.732421875,0.09765625,-1.57470703125,-0.048828125,-0.28076171875,0.146484375,-0.50048828125,-0.0732421875,-1.06201171875,-0.20751953125,-0.7080078125,0.1953125,-0.6591796875,-0.0732421875,-0.5859375,0.0732421875,-0.03662109375,0.1708984375,-0.69580078125,-0.25634765625,-1.50146484375,-0.18310546875,-1.08642578125,0.0732421875,0.146484375,-0.08544921875,0.3173828125,0.08544921875,-0.03662109375,-0.06103515625,-0.048828125,0.0244140625,0.20751953125,-0.15869140625,1.13525390625,0,2.490234375,0.18310546875,0.35400390625,-0.0244140625,0.9033203125
1,-0.146484375,-0.3662109375,0.341796875,-0.37841796875,0.146484375,-0.4638671875,-0.2197265625,-0.10986328125,0.1708984375,-0.08544921875,-0.23193359375,-0.91552734375,-0.23193359375,1.01318359375,-0.3173828125,-0.15869140625,-0.15869140625,-0.5859375,0.0244140625,-0.13427734375,-0.40283203125,0.830078125,-0.06103515625,-0.64697265625,0.048828125,0.15869140625,0.048828125,-0.45166015625,0.06103515625,1.3427734375,0.03662109375,1.46484375,-0.390625,0.390625,-0.13427734375,1.50146484375,-0.03662109375,0.15869140625,-0.0244140625,-0.09765625,0.23193359375,-0.20751953125,-0.0244140625,-0.68359375,-0.2197265625,-0.40283203125,-0.29296875,0.59814453125,0.2197265625,4.1259765625,-0.3173828125,0.927734375,-0.244140625,0.13427734375,-0.3662109375,1.13525390625,0.048828125,0.7080078125,-0.146484375,0.50048828125,0.45166015625,0.5859375,0.048828125,0.03662109375,0.06103515625,1.416015625,-0.439453125,1.59912109375,0.1953125,1.4892578125,-0.18310546875,0.8544921875,-0.35400390625,-1.318359375,0.10986328125,0.341796875,0.1953125,-0.62255859375,-0.06103515625,0.59814453125,-0.06103515625,-1.35498046875,0.23193359375,-0.20751953125,-0.20751953125,-1.07421875,0.1708984375,-0.732421875,0.13427734375,-1.55029296875,-0.03662109375,-0.25634765625,-0.01220703125,-0.47607421875,0.08544921875,-1.13525390625,-0.146484375,-0.7080078125,0.20751953125,-0.6591796875,-0.1220703125,-0.6103515625,0.10986328125,-0.048828125,0.146484375,-0.634765625,-0.28076171875,-1.40380859375,-0.1220703125,-1.0009765625,0.048828125,0.341796875,-0.08544921875,0.32958984375,0.10986328125,-0.048828125,-0.048828125,-0.03662109375,-0.01220703125,0.1953125,-0.13427734375,0.69580078125,0.01220703125,1.94091796875,0.1708984375,0.048828125,-0.01220703125,0.390625
1,-0.13427734375,-0.390625,0.341796875,-0.37841796875,0.13427734375,-0.4638671875,-0.1953125,-0.06103515625,0.18310546875,-0.0732421875,-0.2197265625,-0.91552734375,-0.3173828125,0.96435546875,-0.3173828125,-0.146484375,-0.15869140625,-0.5859375,0.08544921875,-0.13427734375,-0.3662109375,0.81787109375,-0.03662109375,-0.64697265625,0.0732421875,-0.06103515625,0.09765625,-0.634765625,0.0732421875,1.13525390625,0.08544921875,0.64697265625,-0.439453125,0.244140625,-0.048828125,1.13525390625,-0.06103515625,0.0732421875,-0.048828125,-0.23193359375,0.2197265625,-0.1953125,-0.0244140625,-0.68359375,-0.1953125,-0.40283203125,-0.32958984375,0.59814453125,0.20751953125,3.3203125,-0.28076171875,0.84228515625,-0.1708984375,0.03662109375,-0.4150390625,0.98876953125,0.03662109375,0.72021484375,-0.146484375,0.537109375,0.390625,0.57373046875,-0.03662109375,0.048828125,0.10986328125,1.15966796875,-0.3662109375,1.35498046875,0.15869140625,0.9765625,-0.10986328125,0.68359375,-0.4150390625,-1.40380859375,0.09765625,0.30517578125,0.0732421875,-0.69580078125,-0.146484375,0.54931640625,-0.06103515625,-1.318359375,0.2685546875,-0.2197265625,-0.2685546875,-1.08642578125,0.146484375,-0.72021484375,0.1953125,-1.52587890625,-0.03662109375,-0.29296875,-0.13427734375,-0.4638671875,0.1953125,-1.26953125,-0.10986328125,-0.7080078125,0.20751953125,-0.64697265625,-0.13427734375,-0.59814453125,0.10986328125,-0.06103515625,0.15869140625,-0.54931640625,-0.25634765625,-1.28173828125,-0.0732421875,-0.927734375,0.06103515625,0.48828125,-0.09765625,0.32958984375,0.1220703125,-0.048828125,-0.0732421875,-0.048828125,-0.0244140625,0.18310546875,-0.13427734375,0.25634765625,0.0244140625,1.3671875,0.18310546875,-0.29296875,0,-0.13427734375
1,-0.13427734375,-0.37841796875,0.32958984375,-0.37841796875,0.15869140625,-0.4638671875,-0.15869140625,-0.08544921875,0.146484375,-0.09765625,-0.23193359375,-0.91552734375,-0.3662109375,0.9765625,-0.32958984375,-0.15869140625,-0.18310546875,-0.57373046875,0.146484375,-0.13427734375,-0.390625,0.8056640625,-0.08544921875,-0.634765625,0.1220703125,-0.2197265625,0.146484375,-0.81787109375,0.06103515625,0.93994140625,0.09765625,-0.048828125,-0.48828125,0.10986328125,0.03662109375,0.8056640625,-0.09765625,-0.03662109375,-0.048828125,-0.3662109375,0.25634765625,-0.20751953125,-0.0732421875,-0.67138671875,-0.13427734375,-0.40283203125,-0.341796875,0.59814453125,0.28076171875,2.42919921875,-0.30517578125,0.7080078125,-0.15869140625,-0.08544921875,-0.40283203125,0.8544921875,0,0.72021484375,-0.1220703125,0.54931640625,0.35400390625,0.57373046875,-0.10986328125,0.06103515625,0.13427734375,1.0009765625,-0.2685546875,1.28173828125,0.0732421875,0.67138671875,-0.06103515625,0.6103515625,-0.35400390625,-1.25732421875,0.146484375,0.341796875,0.01220703125,-0.6591796875,-0.1953125,0.59814453125,0.01220703125,-1.23291015625,0.25634765625,-0.20751953125,-0.35400390625,-1.03759765625,0.08544921875,-0.7080078125,0.244140625,-1.52587890625,-0.03662109375,-0.29296875,-0.2197265625,-0.45166015625,0.23193359375,-1.40380859375,-0.08544921875,-0.732421875,0.146484375,-0.64697265625,-0.146484375,-0.62255859375,0.0732421875,-0.06103515625,0.1220703125,-0.4638671875,-0.29296875,-1.1962890625,-0.09765625,-0.86669921875,-0.01220703125,0.5859375,-0.10986328125,0.3173828125,0.1220703125,-0.06103515625,-0.0732421875,-0.048828125,-0.048828125,0.18310546875,-0.10986328125,-0.1953125,0.03662109375,0.78125,0.1708984375,-0.62255859375,0.0244140625,-0.62255859375
1,-0.146484375,-0.32958984375,0.35400390625,-0.40283203125,0.1708984375,-0.48828125,-0.146484375,-0.08544921875,0.13427734375,-0.09765625,-0.18310546875,-0.927734375,-0.390625,0.98876953125,-0.35400390625,-0.1708984375,-0.1708984375,-0.5615234375,0.1708984375,-0.1220703125,-0.40283203125,0.830078125,-0.09765625,-0.62255859375,0.1708984375,-0.29296875,0.1708984375,-0.9033203125,0.0244140625,0.81787109375,0.146484375,-0.439453125,-0.48828125,-0.0244140625,0.0732421875,0.50048828125,-0.10986328125,-0.13427734375,-0.0732421875,-0.47607421875,0.2685546875,-0.2197265625,-0.08544921875,-0.68359375,-0.1220703125,-0.4150390625,-0.37841796875,0.5859375,0.18310546875,1.57470703125,-0.3173828125,0.5859375,-0.15869140625,-0.20751953125,-0.3662109375,0.72021484375,0.01220703125,0.69580078125,-0.08544921875,0.52490234375,0.29296875,0.57373046875,-0.23193359375,0.048828125,0.18310546875,1.0009765625,-0.18310546875,1.26953125,0.048828125,0.68359375,-0.03662109375,0.6591796875,-0.20751953125,-0.93994140625,0.15869140625,0.439453125,-0.048828125,-0.57373046875,-0.1953125,0.7080078125,0.01220703125,-1.1474609375,0.1708984375,-0.1708984375,-0.439453125,-1.0009765625,-0.0244140625,-0.68359375,0.244140625,-1.513671875,-0.06103515625,-0.3173828125,-0.23193359375,-0.439453125,0.1220703125,-1.52587890625,-0.06103515625,-0.732421875,0.06103515625,-0.64697265625,-0.18310546875,-0.64697265625,0,-0.0732421875,0.08544921875,-0.390625,-0.2197265625,-1.0986328125,-0.10986328125,-0.81787109375,0,0.64697265625,-0.09765625,0.3173828125,0.1220703125,-0.048828125,-0.0732421875,-0.048828125,-0.0732421875,0.1708984375,-0.1953125,-0.59814453125,-0.08544921875,0.25634765625,0.1220703125,-0.93994140625,0,-1.07421875
1,-0.146484375,-0.28076171875,0.35400390625,-0.40283203125,0.20751953125,-0.47607421875,-0.1220703125,-0.08544921875,0.1220703125,-0.09765625,-0.1708984375,-0.927734375,-0.4150390625,1.01318359375,-0.3662109375,-0.18310546875,-0.146484375,-0.5615234375,0.146484375,-0.1220703125,-0.439453125,0.84228515625,-0.08544921875,-0.59814453125,0.2197265625,-0.32958984375,0.15869140625,-0.96435546875,0.0244140625,0.76904296875,0.23193359375,-0.537109375,-0.45166015625,-0.15869140625,0.1220703125,0.18310546875,-0.0732421875,-0.244140625,-0.10986328125,-0.5859375,0.244140625,-0.23193359375,-0.0732421875,-0.69580078125,-0.09765625,-0.4150390625,-0.4150390625,0.5859375,0.18310546875,0.87890625,-0.3662109375,0.48828125,-0.09765625,-0.2685546875,-0.35400390625,0.62255859375,-0.01220703125,0.7080078125,-0.09765625,0.5126953125,0.2685546875,0.5615234375,-0.25634765625,0.06103515625,0.13427734375,1.20849609375,-0.0732421875,1.47705078125,0.09765625,1.0009765625,-0.01220703125,0.86669921875,-0.06103515625,-0.537109375,0.146484375,0.5615234375,-0.13427734375,-0.42724609375,-0.18310546875,0.87890625,0.0244140625,-1.0498046875,0.10986328125,-0.15869140625,-0.42724609375,-0.96435546875,-0.1220703125,-0.67138671875,0.23193359375,-1.50146484375,-0.13427734375,-0.35400390625,-0.244140625,-0.4150390625,0.146484375,-1.57470703125,-0.09765625,-0.7080078125,0.01220703125,-0.64697265625,-0.1708984375,-0.6591796875,-0.0732421875,-0.0732421875,0.08544921875,-0.341796875,-0.20751953125,-1.03759765625,-0.10986328125,-0.79345703125,-0.03662109375,0.64697265625,-0.13427734375,0.3173828125,0.10986328125,-0.0732421875,-0.0732421875,-0.048828125,-0.08544921875,0.146484375,-0.146484375,-0.93994140625,-0.09765625,-0.1708984375,0.146484375,-1.1962890625,0.048828125,-1.47705078125
1,-0.15869140625,-0.2197265625,0.390625,-0.390625,0.1953125,-0.4638671875,-0.09765625,-0.0732421875,0.09765625,-0.08544921875,-0.15869140625,-0.91552734375,-0.40283203125,1.025390625,-0.35400390625,-0.1953125,-0.10986328125,-0.5859375,0.10986328125,-0.1220703125,-0.57373046875,0.8544921875,-0.09765625,-0.6103515625,0.25634765625,-0.29296875,0.18310546875,-0.91552734375,0.01220703125,0.8056640625,0.1708984375,-0.3173828125,-0.47607421875,-0.30517578125,0.1708984375,-0.146484375,-0.06103515625,-0.3662109375,-0.1708984375,-0.69580078125,0.20751953125,-0.244140625,-0.0732421875,-0.69580078125,-0.09765625,-0.4150390625,-0.45166015625,0.5859375,0.146484375,0.45166015625,-0.390625,0.42724609375,-0.08544921875,-0.32958984375,-0.341796875,0.5615234375,-0.03662109375,0.68359375,-0.09765625,0.5126953125,0.28076171875,0.537109375,-0.25634765625,0.06103515625,0.048828125,1.6357421875,0.03662109375,1.81884765625,0.048828125,1.66015625,0,1.20849609375,0.01220703125,-0.1220703125,0.08544921875,0.69580078125,-0.20751953125,-0.2685546875,-0.15869140625,1.025390625,0.08544921875,-0.9765625,0.06103515625,-0.1708984375,-0.40283203125,-0.96435546875,-0.18310546875,-0.67138671875,0.2197265625,-1.513671875,-0.2197265625,-0.37841796875,-0.244140625,-0.42724609375,0.1220703125,-1.57470703125,-0.13427734375,-0.7080078125,-0.06103515625,-0.64697265625,-0.13427734375,-0.67138671875,-0.13427734375,-0.0732421875,0.08544921875,-0.29296875,-0.1708984375,-1.01318359375,-0.13427734375,-0.79345703125,-0.01220703125,0.6103515625,-0.146484375,0.29296875,0.13427734375,-0.06103515625,-0.0732421875,-0.048828125,-0.13427734375,0.146484375,-0.09765625,-1.20849609375,-0.03662109375,-0.4638671875,0.1708984375,-1.35498046875,0.08544921875,-1.7333984375
1,-0.146484375,-0.15869140625,0.37841796875,-0.390625,0.18310546875,-0.439453125,-0.06103515625,-0.0732421875,0.1220703125,-0.08544921875,-0.146484375,-0.927734375,-0.37841796875,1.03759765625,-0.35400390625,-0.1708984375,-0.09765625,-0.59814453125,0.08544921875,-0.1220703125,-0.59814453125,0.830078125,-0.06103515625,-0.5859375,0.1953125,-0.15869140625,0.1220703125,-0.8056640625,0.0244140625,0.93994140625,0.2197265625,0.1953125,-0.45166015625,-0.4638671875,0.1953125,-0.5126953125,0,-0.47607421875,-0.23193359375,-0.78125,0.1708984375,-0.2685546875,-0.0244140625,-0.7080078125,-0.09765625,-0.42724609375,-0.48828125,0.57373046875,0.0244140625,0.390625,-0.42724609375,0.390625,-0.0732421875,-0.3662109375,-0.35400390625,0.5615234375,0,0.68359375,-0.10986328125,0.48828125,0.25634765625,0.5126953125,-0.30517578125,0.048828125,0.0244140625,2.24609375,0.09765625,2.33154296875,0.13427734375,2.60009765625,0,1.72119140625,0.08544921875,0.244140625,0,0.84228515625,-0.25634765625,-0.1220703125,-0.1708984375,1.18408203125,0.048828125,-0.98876953125,-0.03662109375,-0.1953125,-0.4150390625,-0.96435546875,-0.25634765625,-0.68359375,0.146484375,-1.5380859375,-0.32958984375,-0.37841796875,-0.2197265625,-0.4638671875,0.1708984375,-1.416015625,-0.13427734375,-0.7080078125,-0.10986328125,-0.634765625,-0.13427734375,-0.67138671875,-0.1708984375,-0.0732421875,0.09765625,-0.29296875,-0.08544921875,-1.025390625,-0.15869140625,-0.81787109375,-0.0244140625,0.54931640625,-0.146484375,0.29296875,0.10986328125,-0.06103515625,-0.0732421875,-0.048828125,-0.15869140625,0.13427734375,-0.09765625,-1.2939453125,-0.01220703125,-0.5859375,0.1953125,-1.416015625,0.09765625,-1.8798828125
0,-0.13427734375,-0.1220703125,0.341796875,-0.3662109375,0.15869140625,-0.439453125,-0.048828125,-0.06103515625,0.1708984375,-0.09765625,-0.15869140625,-0.87890625,-0.32958984375,1.06201171875,-0.40283203125,-0.15869140625,-0.08544921875,-0.57373046875,0.048828125,-0.13427734375,-0.62255859375,0.84228515625,-0.048828125,-0.5615234375,0.18310546875,0.0244140625,0.1220703125,-0.634765625,0.06103515625,1.13525390625,0.2685546875,0.93994140625,-0.4638671875,-0.57373046875,0.23193359375,-0.87890625,0.0244140625,-0.59814453125,-0.2197265625,-0.87890625,0.10986328125,-0.29296875,0.0244140625,-0.72021484375,-0.10986328125,-0.42724609375,-0.48828125,0.5615234375,-0.08544921875,0.7080078125,-0.37841796875,0.42724609375,-0.06103515625,-0.32958984375,-0.341796875,0.59814453125,-0.0244140625,0.67138671875,-0.0244140625,0.47607421875,0.28076171875,0.47607421875,-0.29296875,0.03662109375,-0.03662109375,3.01513671875,0.10986328125,2.89306640625,0.2197265625,3.7353515625,-0.01220703125,2.25830078125,0.10986328125,0.4638671875,-0.048828125,0.91552734375,-0.29296875,0.01220703125,-0.20751953125,1.2939453125,0.08544921875,-1.0009765625,-0.048828125,-0.20751953125,-0.37841796875,-0.98876953125,-0.1953125,-0.72021484375,0.10986328125,-1.5380859375,-0.42724609375,-0.37841796875,-0.18310546875,-0.47607421875,0.2197265625,-1.20849609375,-0.146484375,-0.7080078125,-0.13427734375,-0.634765625,-0.13427734375,-0.67138671875,-0.18310546875,-0.0732421875,0.1220703125,-0.28076171875,-0.01220703125,-1.03759765625,-0.18310546875,-0.8544921875,-0.048828125,0.4638671875,-0.15869140625,0.28076171875,0.09765625,-0.048828125,-0.0732421875,-0.0244140625,-0.18310546875,0.1220703125,-0.0732421875,-1.30615234375,-0.03662109375,-0.5126953125,0.18310546875,-1.37939453125,0.10986328125,-1.85546875
0,-0.10986328125,-0.146484375,0.341796875,-0.35400390625,0.13427734375,-0.439453125,-0.048828125,-0.0732421875,0.1953125,-0.09765625,-0.1708984375,-0.89111328125,-0.28076171875,1.03759765625,-0.40283203125,-0.146484375,-0.09765625,-0.5859375,0.03662109375,-0.13427734375,-0.6103515625,0.84228515625,-0.03662109375,-0.59814453125,0.15869140625,0.25634765625,0.09765625,-0.390625,0.1220703125,1.3916015625,0.09765625,1.84326171875,-0.5126953125,-0.69580078125,0.244140625,-1.20849609375,0.01220703125,-0.68359375,-0.20751953125,-0.9521484375,0.03662109375,-0.29296875,0.06103515625,-0.72021484375,-0.09765625,-0.42724609375,-0.48828125,0.57373046875,-0.0732421875,1.318359375,-0.4150390625,0.52490234375,-0.09765625,-0.28076171875,-0.35400390625,0.7080078125,-0.01220703125,0.6591796875,-0.0244140625,0.47607421875,0.2685546875,0.439453125,-0.341796875,0.01220703125,0,3.84521484375,0.08544921875,3.52783203125,0.1953125,4.91943359375,0,2.83203125,0.09765625,0.5615234375,-0.09765625,0.9765625,-0.25634765625,0.0732421875,-0.2197265625,1.37939453125,0.10986328125,-1.0498046875,-0.08544921875,-0.28076171875,-0.3173828125,-1.01318359375,-0.15869140625,-0.7568359375,0.06103515625,-1.513671875,-0.45166015625,-0.390625,-0.18310546875,-0.48828125,0.23193359375,-0.9033203125,-0.15869140625,-0.72021484375,-0.13427734375,-0.634765625,-0.13427734375,-0.6591796875,-0.146484375,-0.0732421875,0.18310546875,-0.30517578125,0.048828125,-1.0498046875,-0.20751953125,-0.86669921875,-0.048828125,0.40283203125,-0.1708984375,0.29296875,0.08544921875,-0.03662109375,-0.0732421875,-0.01220703125,-0.18310546875,0.1220703125,-0.0732421875,-1.171875,-0.03662109375,-0.30517578125,0.18310546875,-1.25732421875,0.08544921875,-1.6845703125
0,-0.08544921875,-0.1708984375,0.32958984375,-0.341796875,0.09765625,-0.439453125,-0.0732421875,-0.06103515625,0.2197265625,-0.10986328125,-0.15869140625,-0.89111328125,-0.23193359375,1.03759765625,-0.35400390625,-0.13427734375,-0.1220703125,-0.5859375,0.0244140625,-0.1220703125,-0.5859375,0.830078125,-0.03662109375,-0.59814453125,0.13427734375,0.5126953125,0.0732421875,-0.10986328125,0.1220703125,1.6845703125,0.08544921875,2.79541015625,-0.54931640625,-0.7568359375,0.244140625,-1.46484375,0,-0.732421875,-0.1953125,-1.01318359375,-0.06103515625,-0.2685546875,0.06103515625,-0.72021484375,-0.09765625,-0.4150390625,-0.45166015625,0.54931640625,-0.25634765625,2.2216796875,-0.439453125,0.68359375,-0.1220703125,-0.13427734375,-0.32958984375,0.8544921875,-0.01220703125,0.67138671875,-0.048828125,0.48828125,0.25634765625,0.40283203125,-0.37841796875,0,0,4.6142578125,0.10986328125,4.1015625,0.23193359375,6.0546875,-0.08544921875,3.369140625,0.1708984375,0.50048828125,-0.1220703125,0.9765625,-0.146484375,0.0732421875,-0.2685546875,1.37939453125,0.048828125,-1.1474609375,-0.1220703125,-0.3173828125,-0.23193359375,-1.025390625,-0.03662109375,-0.79345703125,0.01220703125,-1.513671875,-0.45166015625,-0.35400390625,-0.1708984375,-0.4638671875,0.1953125,-0.50048828125,-0.15869140625,-0.72021484375,-0.1220703125,-0.64697265625,-0.06103515625,-0.634765625,-0.09765625,-0.0732421875,0.2197265625,-0.341796875,0.13427734375,-1.123046875,-0.20751953125,-0.87890625,-0.03662109375,0.37841796875,-0.18310546875,0.28076171875,0.09765625,-0.0244140625,-0.08544921875,0,-0.2197265625,0.13427734375,-0.0732421875,-0.93994140625,-0.06103515625,-0.01220703125,0.1953125,-1.07421875,0.06103515625,-1.42822265625
0,-0.08544921875,-0.23193359375,0.341796875,-0.32958984375,0.048828125,-0.45166015625,-0.06103515625,-0.0732421875,0.2197265625,-0.10986328125,-0.20751953125,-0.89111328125,-0.1953125,1.01318359375,-0.32958984375,-0.13427734375,-0.15869140625,-0.59814453125,0.01220703125,-0.1220703125,-0.64697265625,0.81787109375,-0.03662109375,-0.62255859375,0.048828125,0.79345703125,0.06103515625,0.13427734375,0.1220703125,2.0263671875,-0.03662109375,3.80859375,-0.5615234375,-0.81787109375,0.23193359375,-1.6357421875,0.0244140625,-0.732421875,-0.18310546875,-1.0498046875,-0.1708984375,-0.244140625,0.03662109375,-0.72021484375,-0.09765625,-0.45166015625,-0.40283203125,0.5615234375,-0.28076171875,3.23486328125,-0.439453125,0.830078125,-0.1953125,0.0244140625,-0.28076171875,1.025390625,0.01220703125,0.67138671875,-0.08544921875,0.47607421875,0.2197265625,0.37841796875,-0.3173828125,0,0.06103515625,5.322265625,0.0732421875,4.6142578125,0.23193359375,6.982421875,-0.10986328125,3.80859375,0.1708984375,0.3662109375,-0.13427734375,0.93994140625,-0.048828125,0.048828125,-0.30517578125,1.35498046875,0.01220703125,-1.1962890625,-0.1220703125,-0.35400390625,-0.146484375,-1.025390625,0.0732421875,-0.81787109375,0.06103515625,-1.46484375,-0.42724609375,-0.30517578125,-0.15869140625,-0.45166015625,0.18310546875,0.0244140625,-0.18310546875,-0.69580078125,-0.08544921875,-0.62255859375,-0.0244140625,-0.634765625,-0.09765625,-0.0732421875,0.2685546875,-0.35400390625,0.1708984375,-1.13525390625,-0.1708984375,-0.87890625,-0.03662109375,0.37841796875,-0.1953125,0.29296875,0.08544921875,-0.0244140625,-0.0732421875,-0.01220703125,-0.1953125,0.146484375,-0.0732421875,-0.72021484375,-0.08544921875,0.32958984375,0.20751953125,-0.86669921875,0.048828125,-1.13525390625
0,-0.08544921875,-0.32958984375,0.28076171875,-0.35400390625,-0.01220703125,-0.47607421875,-0.048828125,-0.09765625,0.1953125,-0.10986328125,-0.18310546875,-0.91552734375,-0.1708984375,1.025390625,-0.29296875,-0.15869140625,-0.15869140625,-0.5859375,0.0244140625,-0.146484375,-0.6591796875,0.8056640625,-0.048828125,-0.62255859375,-0.03662109375,1.06201171875,0.0244140625,0.40283203125,0.0732421875,2.34375,0.03662109375,4.78515625,-0.5615234375,-0.81787109375,0.13427734375,-1.708984375,0.0244140625,-0.72021484375,-0.20751953125,-1.06201171875,-0.244140625,-0.23193359375,-0.06103515625,-0.732421875,-0.08544921875,-0.439453125,-0.40283203125,0.5859375,-0.13427734375,4.28466796875,-0.4638671875,1.07421875,-0.28076171875,0.15869140625,-0.18310546875,1.20849609375,0.01220703125,0.68359375,-0.06103515625,0.5126953125,0.23193359375,0.390625,-0.28076171875,0.01220703125,0.10986328125,5.8349609375,-0.0244140625,4.931640625,0.1708984375,7.6171875,-0.10986328125,4.11376953125,0.10986328125,0.15869140625,-0.09765625,0.87890625,0.01220703125,0,-0.29296875,1.28173828125,-0.048828125,-1.20849609375,-0.09765625,-0.341796875,-0.0244140625,-1.03759765625,0.1708984375,-0.81787109375,0.09765625,-1.3916015625,-0.341796875,-0.23193359375,-0.15869140625,-0.37841796875,0,0.59814453125,-0.13427734375,-0.69580078125,-0.08544921875,-0.62255859375,0.0244140625,-0.62255859375,-0.0732421875,-0.0732421875,0.23193359375,-0.3662109375,0.13427734375,-1.1474609375,-0.18310546875,-0.87890625,0.01220703125,0.390625,-0.18310546875,0.30517578125,0.10986328125,-0.0244140625,-0.0732421875,-0.01220703125,-0.18310546875,0.18310546875,-0.06103515625,-0.4638671875,-0.03662109375,0.64697265625,0.1953125,-0.68359375,0.0244140625,-0.8544921875
0,-0.06103515625,-0.4150390625,0.28076171875,-0.3662109375,-0.08544921875,-0.45166015625,-0.01220703125,-0.09765625,0.13427734375,-0.09765625,-0.13427734375,-0.927734375,-0.146484375,1.0009765625,-0.244140625,-0.18310546875,-0.15869140625,-0.6103515625,0.01220703125,-0.13427734375,-0.67138671875,0.8056640625,-0.06103515625,-0.634765625,-0.048828125,1.30615234375,0.0244140625,0.634765625,-0.01220703125,2.64892578125,0.15869140625,5.70068359375,-0.5126953125,-0.76904296875,0.08544921875,-1.67236328125,0.0244140625,-0.68359375,-0.20751953125,-1.0498046875,-0.30517578125,-0.20751953125,-0.18310546875,-0.69580078125,-0.0732421875,-0.45166015625,-0.42724609375,0.5859375,-0.0732421875,5.2734375,-0.50048828125,1.2939453125,-0.3662109375,0.341796875,-0.06103515625,1.40380859375,-0.01220703125,0.7080078125,-0.1220703125,0.537109375,0.25634765625,0.4150390625,-0.2197265625,0.0244140625,0.13427734375,6.0791015625,-0.10986328125,5.078125,0.1220703125,7.92236328125,-0.08544921875,4.26025390625,0.10986328125,-0.08544921875,-0.08544921875,0.8056640625,0.09765625,-0.06103515625,-0.2685546875,1.220703125,0.0244140625,-1.20849609375,-0.06103515625,-0.32958984375,0.1220703125,-1.01318359375,0.29296875,-0.79345703125,0.10986328125,-1.28173828125,-0.244140625,-0.18310546875,-0.13427734375,-0.3173828125,-0.09765625,1.25732421875,-0.10986328125,-0.69580078125,-0.06103515625,-0.62255859375,0.03662109375,-0.6103515625,-0.03662109375,-0.08544921875,0.1953125,-0.3662109375,0.10986328125,-1.123046875,-0.15869140625,-0.84228515625,0.03662109375,0.40283203125,-0.15869140625,0.32958984375,0.10986328125,-0.0244140625,-0.0732421875,-0.0244140625,-0.1953125,0.18310546875,-0.0732421875,-0.2685546875,-0.01220703125,0.87890625,0.20751953125,-0.52490234375,0.01220703125,-0.62255859375
0,-0.0244140625,-0.54931640625,0.23193359375,-0.3662109375,-0.13427734375,-0.4638671875,0,-0.08544921875,0.09765625,-0.09765625,-0.03662109375,-0.91552734375,-0.1220703125,1.0009765625,-0.20751953125,-0.146484375,-0.1708984375,-0.57373046875,0.0244140625,-0.13427734375,-0.67138671875,0.8056640625,-0.0732421875,-0.634765625,-0.08544921875,1.5380859375,0.08544921875,0.8544921875,-0.06103515625,2.94189453125,0.146484375,6.5185546875,-0.47607421875,-0.7080078125,0.03662109375,-1.55029296875,-0.0244140625,-0.6103515625,-0.1708984375,-1.025390625,-0.32958984375,-0.1953125,-0.29296875,-0.69580078125,-0.048828125,-0.45166015625,-0.439453125,0.57373046875,-0.03662109375,6.09130859375,-0.47607421875,1.4892578125,-0.439453125,0.50048828125,-0.0244140625,1.5869140625,0,0.7080078125,-0.08544921875,0.52490234375,0.25634765625,0.4638671875,-0.146484375,0.048828125,0.20751953125,6.06689453125,-0.146484375,5.04150390625,0.03662109375,7.861328125,-0.09765625,4.18701171875,-0.08544921875,-0.2685546875,-0.18310546875,0.732421875,0.03662109375,-0.1220703125,-0.341796875,1.15966796875,0.03662109375,-1.15966796875,-0.03662109375,-0.244140625,0.2685546875,-0.96435546875,0.341796875,-0.7568359375,0.146484375,-1.13525390625,-0.13427734375,-0.0732421875,-0.06103515625,-0.18310546875,0.03662109375,2.01416015625,-0.0732421875,-0.68359375,-0.06103515625,-0.62255859375,0.048828125,-0.6103515625,0.048828125,-0.0732421875,0.1708984375,-0.341796875,0.10986328125,-1.08642578125,-0.1220703125,-0.81787109375,0.048828125,0.45166015625,-0.146484375,0.3662109375,0.08544921875,-0.0244140625,-0.0732421875,-0.03662109375,-0.1953125,0.1953125,-0.06103515625,-0.1708984375,-0.06103515625,0.9521484375,0.1953125,-0.45166015625,0.01220703125,-0.50048828125
0,-0.01220703125,-0.6103515625,0.2197265625,-0.390625,-0.18310546875,-0.48828125,0,-0.10986328125,0.03662109375,-0.10986328125,0.03662109375,-0.927734375,-0.08544921875,0.9765625,-0.1708984375,-0.1708984375,-0.146484375,-0.5859375,0.01220703125,-0.13427734375,-0.62255859375,0.830078125,-0.06103515625,-0.6591796875,-0.0732421875,1.708984375,0.10986328125,1.06201171875,-0.09765625,3.18603515625,0.09765625,7.23876953125,-0.4150390625,-0.6591796875,0,-1.3671875,-0.08544921875,-0.537109375,-0.15869140625,-0.98876953125,-0.2685546875,-0.1953125,-0.4150390625,-0.69580078125,0,-0.45166015625,-0.47607421875,0.5859375,-0.048828125,6.73828125,-0.48828125,1.66015625,-0.48828125,0.634765625,-0.01220703125,1.74560546875,0.01220703125,0.72021484375,-0.06103515625,0.52490234375,0.2197265625,0.4638671875,-0.10986328125,0.06103515625,0.20751953125,5.810546875,-0.1708984375,4.82177734375,-0.048828125,7.470703125,-0.09765625,3.9794921875,-0.20751953125,-0.35400390625,-0.1708984375,0.732421875,0.03662109375,-0.15869140625,-0.28076171875,1.123046875,0.15869140625,-1.0498046875,-0.0244140625,-0.146484375,0.37841796875,-0.91552734375,0.3173828125,-0.7080078125,0.13427734375,-0.98876953125,-0.0244140625,0.048828125,0,-0.0244140625,-0.048828125,2.81982421875,-0.03662109375,-0.6591796875,-0.06103515625,-0.6103515625,0.03662109375,-0.62255859375,0.0732421875,-0.0732421875,0.13427734375,-0.341796875,0.0732421875,-1.0498046875,-0.09765625,-0.76904296875,0.01220703125,0.47607421875,-0.1220703125,0.3662109375,0.09765625,-0.03662109375,-0.0732421875,-0.048828125,-0.1953125,0.18310546875,-0.03662109375,-0.13427734375,-0.0244140625,0.927734375,0.1953125,-0.45166015625,0.048828125,-0.48828125
0,0.01220703125,-0.634765625,0.20751953125,-0.40283203125,-0.23193359375,-0.50048828125,0.01220703125,-0.09765625,-0.01220703125,-0.08544921875,0.048828125,-0.93994140625,-0.03662109375,0.9765625,-0.15869140625,-0.1953125,-0.13427734375,-0.5859375,0.01220703125,-0.1220703125,-0.6103515625,0.86669921875,-0.0732421875,-0.62255859375,-0.0732421875,1.84326171875,0.13427734375,1.15966796875,-0.09765625,3.35693359375,0.0244140625,7.77587890625,-0.341796875,-0.57373046875,-0.1220703125,-1.171875,-0.1220703125,-0.48828125,-0.146484375,-0.927734375,-0.23193359375,-0.18310546875,-0.48828125,-0.69580078125,0,-0.42724609375,-0.47607421875,0.57373046875,-0.0732421875,7.18994140625,-0.5126953125,1.79443359375,-0.5859375,0.72021484375,-0.01220703125,1.84326171875,-0.03662109375,0.732421875,-0.048828125,0.537109375,0.2197265625,0.50048828125,0,0.0732421875,0.25634765625,5.35888671875,-0.23193359375,4.443359375,-0.146484375,6.84814453125,-0.08544921875,3.61328125,-0.18310546875,-0.32958984375,-0.0732421875,0.7080078125,0.06103515625,-0.13427734375,-0.1953125,1.15966796875,0.15869140625,-0.96435546875,0.0244140625,-0.06103515625,0.4150390625,-0.9033203125,0.23193359375,-0.64697265625,0.15869140625,-0.84228515625,0.0732421875,0.1708984375,0.06103515625,0.13427734375,-0.048828125,3.6376953125,-0.01220703125,-0.6591796875,-0.01220703125,-0.634765625,-0.01220703125,-0.64697265625,0.09765625,-0.08544921875,0.0732421875,-0.3173828125,-0.0244140625,-1.01318359375,-0.08544921875,-0.72021484375,-0.03662109375,0.50048828125,-0.09765625,0.35400390625,0.08544921875,-0.0244140625,-0.0732421875,-0.06103515625,-0.1953125,0.1708984375,-0.10986328125,-0.1953125,-0.146484375,0.81787109375,0.146484375,-0.5126953125,-0.03662109375,-0.5615234375
0,0.048828125,-0.62255859375,0.23193359375,-0.390625,-0.23193359375,-0.48828125,0.01220703125,-0.09765625,-0.03662109375,-0.09765625,0.06103515625,-0.93994140625,-0.01220703125,0.98876953125,-0.1220703125,-0.1708984375,-0.0732421875,-0.5615234375,0.0244140625,-0.10986328125,-0.6591796875,0.87890625,-0.08544921875,-0.634765625,-0.09765625,1.9287109375,0.146484375,1.2451171875,-0.0732421875,3.466796875,-0.08544921875,8.1298828125,-0.29296875,-0.5126953125,-0.1953125,-0.96435546875,-0.146484375,-0.4638671875,-0.15869140625,-0.89111328125,-0.2197265625,-0.18310546875,-0.537109375,-0.69580078125,-0.01220703125,-0.439453125,-0.50048828125,0.57373046875,-0.06103515625,7.40966796875,-0.5126953125,1.85546875,-0.634765625,0.76904296875,-0.048828125,1.8798828125,-0.08544921875,0.732421875,0,0.54931640625,0.20751953125,0.5126953125,0.08544921875,0.06103515625,0.32958984375,4.6875,-0.23193359375,3.9794921875,-0.23193359375,6.0302734375,-0.10986328125,3.1494140625,-0.29296875,-0.15869140625,-0.15869140625,0.79345703125,-0.01220703125,-0.048828125,-0.15869140625,1.25732421875,0.2197265625,-0.9033203125,0.01220703125,0,0.42724609375,-0.89111328125,0.08544921875,-0.59814453125,0.146484375,-0.7080078125,0.1708984375,0.28076171875,0.10986328125,0.3173828125,0.146484375,4.4189453125,-0.01220703125,-0.6591796875,0,-0.634765625,-0.0244140625,-0.6591796875,0.08544921875,-0.0732421875,0.09765625,-0.29296875,-0.09765625,-1.0009765625,-0.0244140625,-0.7080078125,-0.048828125,0.50048828125,-0.09765625,0.341796875,0.09765625,-0.0244140625,-0.08544921875,-0.048828125,-0.18310546875,0.146484375,-0.08544921875,-0.2685546875,-0.18310546875,0.59814453125,0.18310546875,-0.59814453125,-0.01220703125,-0.67138671875
0,0.048828125,-0.5615234375,0.23193359375,-0.390625,-0.25634765625,-0.47607421875,0,-0.08544921875,-0.0244140625,-0.08544921875,0.06103515625,-0.927734375,0.03662109375,1.0009765625,-0.09765625,-0.18310546875,-0.03662109375,-0.54931640625,0,-0.10986328125,-0.72021484375,0.89111328125,-0.09765625,-0.62255859375,-0.08544921875,1.9287109375,0.1953125,1.2451171875,-0.0244140625,3.4912109375,-0.146484375,8.2275390625,-0.244140625,-0.48828125,-0.2197265625,-0.830078125,-0.15869140625,-0.45166015625,-0.2197265625,-0.8544921875,-0.23193359375,-0.1953125,-0.50048828125,-0.69580078125,-0.09765625,-0.4150390625,-0.47607421875,0.5615234375,-0.13427734375,7.48291015625,-0.47607421875,1.8798828125,-0.67138671875,0.76904296875,-0.0244140625,1.9287109375,-0.1708984375,0.69580078125,0.06103515625,0.52490234375,0.23193359375,0.5126953125,0.1220703125,0.03662109375,0.28076171875,3.96728515625,-0.244140625,3.466796875,-0.28076171875,5.11474609375,-0.146484375,2.64892578125,-0.341796875,0.08544921875,-0.18310546875,0.9033203125,-0.0244140625,0.03662109375,-0.0244140625,1.3671875,0.18310546875,-0.8544921875,0.01220703125,0.048828125,0.3662109375,-0.89111328125,-0.0732421875,-0.59814453125,0.1220703125,-0.59814453125,0.18310546875,0.3662109375,0.13427734375,0.4638671875,0.30517578125,5.09033203125,0.01220703125,-0.67138671875,0.01220703125,-0.64697265625,-0.06103515625,-0.6591796875,0.0732421875,-0.03662109375,0.1220703125,-0.35400390625,-0.13427734375,-1.0009765625,-0.01220703125,-0.732421875,-0.048828125,0.48828125,-0.09765625,0.35400390625,0.09765625,-0.03662109375,-0.0732421875,-0.01220703125,-0.20751953125,0.13427734375,-0.048828125,-0.40283203125,-0.09765625,0.3662109375,0.20751953125,-0.7080078125,-0.01220703125,-0.81787109375
0,0.08544921875,-0.48828125,0.1953125,-0.37841796875,-0.25634765625,-0.48828125,0,-0.06103515625,0,-0.09765625,0.01220703125,-0.91552734375,0.01220703125,1.01318359375,-0.048828125,-0.18310546875,0.0244140625,-0.54931640625,-0.01220703125,-0.08544921875,-0.8056640625,0.9033203125,-0.09765625,-0.62255859375,-0.08544921875,1.85546875,0.20751953125,1.1962890625,-0.0244140625,3.4423828125,-0.18310546875,8.056640625,-0.20751953125,-0.47607421875,-0.1953125,-0.76904296875,-0.1953125,-0.439453125,-0.28076171875,-0.8056640625,-0.23193359375,-0.2197265625,-0.40283203125,-0.7080078125,-0.15869140625,-0.37841796875,-0.48828125,0.5615234375,-0.15869140625,7.33642578125,-0.40283203125,1.84326171875,-0.67138671875,0.7080078125,-0.09765625,1.86767578125,-0.25634765625,0.69580078125,0.03662109375,0.5126953125,0.2197265625,0.50048828125,0.1953125,0.048828125,0.3173828125,3.23486328125,-0.23193359375,2.94189453125,-0.25634765625,4.2236328125,-0.15869140625,2.13623046875,-0.23193359375,0.37841796875,-0.1708984375,1.06201171875,-0.01220703125,0.20751953125,0.09765625,1.55029296875,0.15869140625,-0.84228515625,-0.01220703125,0.01220703125,0.244140625,-0.93994140625,-0.18310546875,-0.59814453125,0.1220703125,-0.54931640625,0.146484375,0.42724609375,0.18310546875,0.537109375,0.37841796875,5.5908203125,-0.0244140625,-0.68359375,0,-0.64697265625,-0.048828125,-0.634765625,-0.01220703125,-0.048828125,0.08544921875,-0.37841796875,-0.23193359375,-1.03759765625,-0.0732421875,-0.76904296875,-0.08544921875,0.42724609375,-0.09765625,0.3173828125,0.08544921875,-0.0244140625,-0.0732421875,0,-0.18310546875,0.13427734375,-0.10986328125,-0.50048828125,-0.1953125,0.20751953125,0.13427734375,-0.76904296875,-0.10986328125,-0.9033203125
0,0.1220703125,-0.37841796875,0.15869140625,-0.37841796875,-0.244140625,-0.45166015625,0,-0.09765625,0.03662109375,-0.09765625,-0.0244140625,-0.927734375,0.048828125,1.025390625,-0.01220703125,-0.18310546875,0.048828125,-0.54931640625,-0.0244140625,-0.10986328125,-0.8056640625,0.89111328125,-0.0732421875,-0.62255859375,-0.0732421875,1.69677734375,0.1953125,1.0498046875,-0.01220703125,3.30810546875,-0.1708984375,7.6171875,-0.1708984375,-0.47607421875,-0.13427734375,-0.78125,-0.18310546875,-0.47607421875,-0.28076171875,-0.81787109375,-0.2197265625,-0.23193359375,-0.244140625,-0.7080078125,-0.23193359375,-0.390625,-0.47607421875,0.5615234375,-0.30517578125,7.01904296875,-0.28076171875,1.72119140625,-0.64697265625,0.59814453125,-0.146484375,1.77001953125,-0.3173828125,0.6591796875,0.0732421875,0.5126953125,0.15869140625,0.48828125,0.244140625,0.03662109375,0.28076171875,2.52685546875,-0.23193359375,2.45361328125,-0.2197265625,3.3447265625,-0.20751953125,1.64794921875,-0.244140625,0.69580078125,-0.1708984375,1.23291015625,-0.048828125,0.35400390625,0.146484375,1.72119140625,0.25634765625,-0.84228515625,-0.06103515625,-0.03662109375,0.09765625,-0.9765625,-0.2197265625,-0.6591796875,0.09765625,-0.537109375,0.08544921875,0.4638671875,0.2197265625,0.5859375,0.4150390625,5.9326171875,-0.06103515625,-0.68359375,-0.03662109375,-0.67138671875,-0.048828125,-0.64697265625,-0.08544921875,-0.048828125,0.09765625,-0.45166015625,-0.23193359375,-1.123046875,-0.08544921875,-0.830078125,-0.0732421875,0.390625,-0.0732421875,0.30517578125,0.08544921875,-0.06103515625,-0.0732421875,0.01220703125,-0.18310546875,0.146484375,-0.08544921875,-0.52490234375,-0.18310546875,0.18310546875,0.1953125,-0.76904296875,-0.06103515625,-0.927734375
1,0.1220703125,-0.28076171875,0.10986328125,-0.390625,-0.2197265625,-0.439453125,-0.01220703125,-0.09765625,0.048828125,-0.09765625,-0.03662109375,-0.927734375,0.0732421875,1.03759765625,0.06103515625,-0.1953125,0.03662109375,-0.5615234375,-0.03662109375,-0.10986328125,-0.72021484375,0.89111328125,-0.01220703125,-0.6103515625,-0.06103515625,1.47705078125,0.2197265625,0.87890625,0,3.08837890625,-0.15869140625,6.9091796875,-0.1953125,-0.48828125,-0.048828125,-0.84228515625,-0.18310546875,-0.50048828125,-0.25634765625,-0.81787109375,-0.23193359375,-0.23193359375,-0.06103515625,-0.732421875,-0.32958984375,-0.3662109375,-0.4638671875,0.54931640625,-0.390625,6.50634765625,-0.2685546875,1.5869140625,-0.62255859375,0.52490234375,-0.1708984375,1.62353515625,-0.3662109375,0.6591796875,0.06103515625,0.5126953125,0.13427734375,0.439453125,0.2685546875,0.0244140625,0.2685546875,1.91650390625,-0.25634765625,2.01416015625,-0.1708984375,2.587890625,-0.23193359375,1.25732421875,-0.18310546875,0.96435546875,-0.10986328125,1.42822265625,0,0.537109375,0.2197265625,1.91650390625,0.30517578125,-0.86669921875,-0.0732421875,-0.1220703125,-0.06103515625,-1.01318359375,-0.25634765625,-0.68359375,0.0732421875,-0.54931640625,0.01220703125,0.47607421875,0.3173828125,0.5859375,0.40283203125,6.04248046875,-0.08544921875,-0.7080078125,-0.08544921875,-0.67138671875,-0.048828125,-0.6103515625,-0.13427734375,-0.03662109375,0.03662109375,-0.52490234375,-0.25634765625,-1.23291015625,-0.13427734375,-0.91552734375,-0.10986328125,0.35400390625,-0.06103515625,0.30517578125,0.06103515625,-0.048828125,-0.06103515625,0,-0.1953125,0.146484375,-0.09765625,-0.48828125,-0.10986328125,0.244140625,0.1708984375,-0.69580078125,-0.0732421875,-0.84228515625
1,0.1220703125,-0.1953125,0.08544921875,-0.37841796875,-0.1953125,-0.4150390625,-0.0244140625,-0.09765625,0.08544921875,-0.10986328125,-0.0732421875,-0.927734375,0.0732421875,1.025390625,0.08544921875,-0.1953125,0,-0.57373046875,-0.0244140625,-0.1220703125,-0.6591796875,0.8544921875,0.0244140625,-0.62255859375,-0.0732421875,1.20849609375,0.18310546875,0.6591796875,-0.0732421875,2.8076171875,-0.13427734375,5.9814453125,-0.1953125,-0.5126953125,0.01220703125,-0.96435546875,-0.20751953125,-0.54931640625,-0.18310546875,-0.8544921875,-0.20751953125,-0.244140625,0.08544921875,-0.72021484375,-0.3662109375,-0.3662109375,-0.4638671875,0.54931640625,-0.40283203125,5.84716796875,-0.2197265625,1.3916015625,-0.57373046875,0.42724609375,-0.2685546875,1.45263671875,-0.341796875,0.6591796875,0.06103515625,0.5126953125,0.08544921875,0.42724609375,0.28076171875,0.0244140625,0.244140625,1.42822265625,-0.28076171875,1.67236328125,-0.08544921875,1.96533203125,-0.28076171875,0.9033203125,-0.08544921875,1.171875,-0.03662109375,1.57470703125,0.048828125,0.69580078125,0.1953125,2.11181640625,0.30517578125,-0.79345703125,-0.13427734375,-0.1708984375,-0.23193359375,-1.01318359375,-0.23193359375,-0.72021484375,0.01220703125,-0.59814453125,-0.06103515625,0.47607421875,0.4150390625,0.54931640625,0.439453125,5.9326171875,-0.10986328125,-0.7080078125,-0.10986328125,-0.68359375,-0.048828125,-0.62255859375,-0.15869140625,-0.0244140625,0.0244140625,-0.59814453125,-0.2685546875,-1.3427734375,-0.15869140625,-1.0009765625,-0.10986328125,0.3173828125,-0.03662109375,0.32958984375,0.048828125,-0.03662109375,-0.0732421875,-0.0244140625,-0.1953125,0.15869140625,-0.09765625,-0.3662109375,-0.13427734375,0.439453125,0.15869140625,-0.5615234375,-0.048828125,-0.67138671875
1,0.146484375,-0.1708984375,0.09765625,-0.3662109375,-0.1708984375,-0.40283203125,-0.03662109375,-0.08544921875,0.09765625,-0.10986328125,-0.08544921875,-0.93994140625,0.048828125,1.0009765625,0.15869140625,-0.18310546875,0,-0.5859375,-0.03662109375,-0.09765625,-0.50048828125,0.84228515625,0.03662109375,-0.634765625,-0.08544921875,0.91552734375,0.18310546875,0.40283203125,-0.1708984375,2.4658203125,-0.10986328125,4.931640625,-0.1708984375,-0.52490234375,0.08544921875,-1.123046875,-0.20751953125,-0.5859375,-0.13427734375,-0.87890625,-0.23193359375,-0.23193359375,0.2197265625,-0.72021484375,-0.45166015625,-0.390625,-0.4638671875,0.54931640625,-0.40283203125,5.029296875,-0.20751953125,1.1962890625,-0.5126953125,0.29296875,-0.341796875,1.26953125,-0.3173828125,0.6591796875,0.0244140625,0.5126953125,0.01220703125,0.4150390625,0.25634765625,0.0244140625,0.15869140625,1.0498046875,-0.28076171875,1.3916015625,-0.0244140625,1.42822265625,-0.35400390625,0.62255859375,-0.146484375,1.318359375,0.048828125,1.708984375,0.08544921875,0.8056640625,0.15869140625,2.25830078125,0.3173828125,-0.6103515625,-0.146484375,-0.18310546875,-0.390625,-1.0009765625,-0.15869140625,-0.7080078125,-0.048828125,-0.68359375,-0.08544921875,0.439453125,0.50048828125,0.48828125,0.48828125,5.6396484375,-0.13427734375,-0.72021484375,-0.1220703125,-0.67138671875,-0.06103515625,-0.6103515625,-0.15869140625,-0.03662109375,0,-0.6591796875,-0.3173828125,-1.42822265625,-0.18310546875,-1.07421875,-0.15869140625,0.29296875,-0.01220703125,0.32958984375,0.048828125,-0.03662109375,-0.0732421875,-0.0732421875,-0.1953125,0.1953125,-0.06103515625,-0.1220703125,-0.10986328125,0.732421875,0.18310546875,-0.35400390625,-0.0244140625,-0.37841796875
1,0.09765625,-0.15869140625,0.10986328125,-0.3662109375,-0.09765625,-0.42724609375,-0.03662109375,-0.0732421875,0.08544921875,-0.08544921875,-0.0732421875,-0.9521484375,0.0244140625,1.01318359375,0.18310546875,-0.18310546875,-0.0732421875,-0.59814453125,-0.03662109375,-0.09765625,-0.45166015625,0.830078125,0.0244140625,-0.6591796875,-0.10986328125,0.634765625,0.18310546875,0.13427734375,-0.28076171875,2.13623046875,-0.08544921875,3.86962890625,-0.146484375,-0.537109375,0.09765625,-1.2451171875,-0.1708984375,-0.59814453125,-0.1220703125,-0.91552734375,-0.20751953125,-0.25634765625,0.25634765625,-0.72021484375,-0.4638671875,-0.40283203125,-0.45166015625,0.5615234375,-0.37841796875,4.11376953125,-0.2197265625,0.9765625,-0.5126953125,0.15869140625,-0.40283203125,1.07421875,-0.25634765625,0.6591796875,-0.048828125,0.52490234375,-0.0732421875,0.4150390625,0.30517578125,0.03662109375,0.15869140625,0.74462890625,-0.28076171875,1.18408203125,0.03662109375,1.01318359375,-0.390625,0.4150390625,-0.25634765625,1.3671875,0.10986328125,1.7822265625,0.146484375,0.9033203125,0.13427734375,2.4169921875,0.28076171875,-0.30517578125,-0.13427734375,-0.1220703125,-0.48828125,-0.9521484375,-0.1708984375,-0.6591796875,-0.08544921875,-0.76904296875,-0.06103515625,0.3662109375,0.537109375,0.4150390625,0.29296875,5.224609375,-0.146484375,-0.7080078125,-0.0732421875,-0.67138671875,-0.03662109375,-0.6103515625,-0.1708984375,-0.048828125,0.0244140625,-0.69580078125,-0.30517578125,-1.45263671875,-0.15869140625,-1.08642578125,-0.13427734375,0.30517578125,0.01220703125,0.341796875,0.0244140625,-0.03662109375,-0.06103515625,-0.10986328125,-0.1953125,0.1953125,-0.0732421875,0.1708984375,-0.09765625,1.03759765625,0.146484375,-0.1220703125,-0.03662109375,-0.048828125
1,0.10986328125,-0.18310546875,0.10986328125,-0.35400390625,-0.06103515625,-0.42724609375,-0.0244140625,-0.06103515625,0.048828125,-0.08544921875,-0.06103515625,-0.93994140625,-0.01220703125,0.98876953125,0.1953125,-0.146484375,-0.08544921875,-0.6103515625,-0.0244140625,-0.10986328125,-0.4638671875,0.84228515625,0,-0.6591796875,-0.146484375,0.3662109375,0.1708984375,-0.10986328125,-0.37841796875,1.806640625,-0.048828125,2.880859375,-0.08544921875,-0.54931640625,0.0732421875,-1.2939453125,-0.13427734375,-0.59814453125,-0.09765625,-0.91552734375,-0.20751953125,-0.23193359375,0.23193359375,-0.732421875,-0.45166015625,-0.4150390625,-0.50048828125,0.54931640625,-0.20751953125,3.18603515625,-0.18310546875,0.78125,-0.45166015625,0.0244140625,-0.4638671875,0.87890625,-0.1220703125,0.6591796875,-0.09765625,0.537109375,-0.15869140625,0.4150390625,0.3662109375,0.03662109375,0.10986328125,0.50048828125,-0.341796875,1.01318359375,0.09765625,0.6591796875,-0.3662109375,0.25634765625,-0.30517578125,1.37939453125,0.1953125,1.84326171875,0.1708984375,0.9521484375,0.1220703125,2.47802734375,0.2197265625,0.1708984375,-0.1220703125,0.0244140625,-0.4638671875,-0.81787109375,-0.15869140625,-0.54931640625,-0.15869140625,-0.8544921875,-0.06103515625,0.2685546875,0.5859375,0.3173828125,0.0732421875,4.72412109375,-0.15869140625,-0.7080078125,-0.03662109375,-0.6591796875,-0.01220703125,-0.59814453125,-0.15869140625,-0.048828125,0.08544921875,-0.67138671875,-0.3173828125,-1.46484375,-0.15869140625,-1.08642578125,-0.0732421875,0.341796875,-0.01220703125,0.341796875,0.0244140625,-0.0244140625,-0.08544921875,-0.13427734375,-0.1953125,0.1953125,-0.0732421875,0.4638671875,-0.1220703125,1.33056640625,0.13427734375,0.08544921875,-0.01220703125,0.2685546875
1,0.1220703125,-0.1953125,0.09765625,-0.40283203125,-0.03662109375,-0.4638671875,-0.0244140625,-0.09765625,0.0244140625,-0.09765625,-0.0244140625,-0.9521484375,-0.06103515625,0.9765625,0.2197265625,-0.1953125,-0.10986328125,-0.59814453125,0,-0.10986328125,-0.4150390625,0.830078125,-0.03662109375,-0.64697265625,-0.1708984375,0.1708984375,0.18310546875,-0.32958984375,-0.42724609375,1.4892578125,-0.01220703125,2.03857421875,0,-0.52490234375,0.0732421875,-1.318359375,-0.10986328125,-0.6103515625,-0.01220703125,-0.9033203125,-0.20751953125,-0.244140625,0.2197265625,-0.72021484375,-0.439453125,-0.42724609375,-0.5126953125,0.57373046875,-0.18310546875,2.28271484375,-0.18310546875,0.59814453125,-0.439453125,-0.0732421875,-0.50048828125,0.732421875,-0.13427734375,0.68359375,-0.10986328125,0.52490234375,-0.1953125,0.439453125,0.32958984375,0.06103515625,0.0732421875,0.29296875,-0.3662109375,0.89111328125,0.10986328125,0.35400390625,-0.30517578125,0.146484375,-0.3662109375,1.30615234375,0.20751953125,1.89208984375,0.13427734375,0.96435546875,0.01220703125,2.50244140625,0.09765625,0.8056640625,-0.1220703125,0.30517578125,-0.390625,-0.634765625,-0.13427734375,-0.341796875,-0.2197265625,-0.927734375,-0.048828125,0.20751953125,0.5615234375,0.244140625,-0.0244140625,4.248046875,-0.20751953125,-0.72021484375,-0.01220703125,-0.62255859375,0.01220703125,-0.6103515625,-0.1708984375,-0.06103515625,0.08544921875,-0.64697265625,-0.35400390625,-1.42822265625,-0.18310546875,-1.0498046875,-0.03662109375,0.4150390625,-0.01220703125,0.35400390625,0.0244140625,-0.0244140625,-0.0732421875,-0.13427734375,-0.20751953125,0.18310546875,-0.048828125,0.74462890625,-0.15869140625,1.55029296875,0.13427734375,0.25634765625,0,0.54931640625
1,0.1220703125,-0.1708984375,0.08544921875,-0.390625,-0.01220703125,-0.47607421875,-0.06103515625,-0.08544921875,0.03662109375,-0.09765625,-0.0244140625,-0.9521484375,-0.09765625,0.98876953125,0.23193359375,-0.18310546875,-0.13427734375,-0.5615234375,0.01220703125,-0.1220703125,-0.3662109375,0.81787109375,-0.06103515625,-0.6591796875,-0.20751953125,0.03662109375,0.1708984375,-0.48828125,-0.390625,1.26953125,0.01220703125,1.416015625,0.048828125,-0.50048828125,0.0244140625,-1.26953125,-0.048828125,-0.5859375,0,-0.86669921875,-0.13427734375,-0.244140625,0.2197265625,-0.72021484375,-0.37841796875,-0.439453125,-0.537109375,0.5615234375,-0.15869140625,1.4892578125,-0.1953125,0.4150390625,-0.37841796875,-0.18310546875,-0.52490234375,0.5859375,-0.146484375,0.7080078125,-0.13427734375,0.52490234375,-0.2685546875,0.45166015625,0.29296875,0.0732421875,0.13427734375,0.10986328125,-0.2685546875,0.76904296875,0.10986328125,0.08544921875,-0.244140625,0.0244140625,-0.3662109375,1.2451171875,0.20751953125,1.84326171875,0.08544921875,0.96435546875,-0.048828125,2.4658203125,0.06103515625,1.5869140625,-0.1220703125,0.67138671875,-0.3173828125,-0.439453125,-0.0732421875,-0.08544921875,-0.2197265625,-0.9521484375,-0.03662109375,0.15869140625,0.48828125,0.18310546875,-0.09765625,3.857421875,-0.2197265625,-0.7080078125,0.048828125,-0.64697265625,0.01220703125,-0.62255859375,-0.15869140625,-0.06103515625,0.10986328125,-0.54931640625,-0.37841796875,-1.33056640625,-0.20751953125,-1.0009765625,0.048828125,0.47607421875,-0.0244140625,0.3662109375,0.01220703125,-0.03662109375,-0.08544921875,-0.10986328125,-0.1953125,0.1708984375,-0.0244140625,0.927734375,-0.15869140625,1.6357421875,0.09765625,0.3662109375,0.01220703125,0.7568359375
1,0.10986328125,-0.15869140625,0.0732421875,-0.40283203125,0,-0.48828125,-0.10986328125,-0.0732421875,0.0732421875,-0.08544921875,0,-0.9521484375,-0.1220703125,1.01318359375,0.20751953125,-0.1708984375,-0.13427734375,-0.57373046875,0.06103515625,-0.10986328125,-0.2685546875,0.8056640625,-0.01220703125,-0.6591796875,-0.25634765625,-0.048828125,0.10986328125,-0.634765625,-0.3173828125,1.06201171875,0,1.025390625,0.08544921875,-0.48828125,-0.03662109375,-1.15966796875,0,-0.54931640625,0.0244140625,-0.81787109375,-0.1220703125,-0.23193359375,0.2197265625,-0.7080078125,-0.29296875,-0.4638671875,-0.54931640625,0.5615234375,-0.13427734375,0.84228515625,-0.146484375,0.341796875,-0.341796875,-0.2685546875,-0.5859375,0.5126953125,-0.09765625,0.72021484375,-0.0732421875,0.52490234375,-0.3173828125,0.4638671875,0.23193359375,0.0732421875,0.146484375,-0.06103515625,-0.1953125,0.6591796875,0.0732421875,-0.10986328125,-0.1953125,-0.048828125,-0.3173828125,1.15966796875,0.2685546875,1.7578125,0,0.91552734375,-0.09765625,2.4169921875,0.08544921875,2.45361328125,-0.0732421875,1.08642578125,-0.244140625,-0.1953125,-0.01220703125,0.2197265625,-0.2197265625,-0.96435546875,-0.0244140625,0.13427734375,0.4150390625,0.15869140625,-0.1220703125,3.55224609375,-0.2197265625,-0.68359375,0.13427734375,-0.634765625,0.01220703125,-0.634765625,-0.1220703125,-0.06103515625,0.0732421875,-0.47607421875,-0.32958984375,-1.25732421875,-0.1953125,-0.9521484375,0.1708984375,0.48828125,-0.0244140625,0.35400390625,0.0244140625,-0.0244140625,-0.0732421875,-0.10986328125,-0.20751953125,0.13427734375,-0.0244140625,1.01318359375,-0.18310546875,1.59912109375,0.10986328125,0.4150390625,0.01220703125,0.8056640625
1,0.06103515625,-0.1708984375,0.03662109375,-0.390625,0.03662109375,-0.5126953125,-0.10986328125,-0.0732421875,0.146484375,-0.0732421875,-0.048828125,-0.93994140625,-0.15869140625,1.0009765625,0.1708984375,-0.15869140625,-0.146484375,-0.5615234375,0.03662109375,-0.13427734375,-0.1708984375,0.830078125,0.03662109375,-0.634765625,-0.25634765625,-0.09765625,0.0732421875,-0.732421875,-0.15869140625,0.927734375,0,0.76904296875,0.13427734375,-0.439453125,-0.0732421875,-1.0498046875,0.03662109375,-0.5615234375,0,-0.7568359375,-0.10986328125,-0.25634765625,0.244140625,-0.7080078125,-0.1953125,-0.4638671875,-0.537109375,0.5859375,-0.06103515625,0.439453125,-0.146484375,0.244140625,-0.2685546875,-0.32958984375,-0.5615234375,0.47607421875,-0.1220703125,0.732421875,-0.06103515625,0.5126953125,-0.40283203125,0.4638671875,0.1708984375,0.06103515625,0.20751953125,-0.20751953125,-0.1220703125,0.5859375,0.01220703125,-0.25634765625,-0.146484375,-0.10986328125,-0.2685546875,1.0986328125,0.2685546875,1.72119140625,-0.08544921875,0.86669921875,-0.1220703125,2.34375,0.13427734375,3.33251953125,-0.03662109375,1.513671875,-0.15869140625,0.0732421875,0.0244140625,0.537109375,-0.18310546875,-0.98876953125,0.01220703125,0.10986328125,0.28076171875,0.13427734375,-0.0244140625,3.43017578125,-0.20751953125,-0.69580078125,0.1953125,-0.64697265625,-0.03662109375,-0.6591796875,-0.0732421875,-0.06103515625,0.03662109375,-0.40283203125,-0.28076171875,-1.1474609375,-0.20751953125,-0.91552734375,0.2685546875,0.537109375,0.01220703125,0.35400390625,0.0244140625,-0.0244140625,-0.0732421875,-0.06103515625,-0.1953125,0.146484375,-0.03662109375,0.98876953125,-0.18310546875,1.47705078125,0.08544921875,0.35400390625,0.01220703125,0.732421875
1,0.0732421875,-0.146484375,0,-0.40283203125,0.0732421875,-0.50048828125,-0.10986328125,-0.0732421875,0.20751953125,-0.0732421875,-0.10986328125,-0.927734375,-0.18310546875,1.0009765625,0.15869140625,-0.15869140625,-0.13427734375,-0.57373046875,0.048828125,-0.13427734375,-0.1220703125,0.86669921875,0.1220703125,-0.634765625,-0.20751953125,-0.1220703125,0.06103515625,-0.79345703125,0,0.81787109375,-0.0244140625,0.64697265625,0.1220703125,-0.390625,-0.09765625,-0.93994140625,0.06103515625,-0.52490234375,-0.06103515625,-0.7080078125,-0.1708984375,-0.25634765625,0.23193359375,-0.7080078125,-0.08544921875,-0.439453125,-0.537109375,0.57373046875,-0.048828125,0.25634765625,-0.0732421875,0.244140625,-0.23193359375,-0.37841796875,-0.52490234375,0.48828125,-0.09765625,0.72021484375,-0.03662109375,0.5126953125,-0.47607421875,0.47607421875,0.146484375,0.06103515625,0.15869140625,-0.30517578125,-0.06103515625,0.537109375,-0.1220703125,-0.35400390625,-0.15869140625,-0.13427734375,-0.146484375,1.06201171875,0.23193359375,1.62353515625,-0.13427734375,0.81787109375,-0.0732421875,2.25830078125,0.20751953125,4.150390625,0.0244140625,1.91650390625,-0.0732421875,0.28076171875,0.06103515625,0.830078125,-0.09765625,-0.96435546875,0.03662109375,0.09765625,0.13427734375,0.13427734375,-0.01220703125,3.4423828125,-0.1708984375,-0.68359375,0.2197265625,-0.6591796875,-0.10986328125,-0.64697265625,-0.0244140625,-0.06103515625,-0.01220703125,-0.37841796875,-0.23193359375,-1.123046875,-0.244140625,-0.86669921875,0.23193359375,0.50048828125,0.01220703125,0.35400390625,0.03662109375,-0.0244140625,-0.0732421875,-0.048828125,-0.20751953125,0.13427734375,-0.048828125,0.8544921875,-0.1953125,1.28173828125,0.10986328125,0.244140625,0.0244140625,0.6103515625
1,0.0732421875,-0.1220703125,0.01220703125,-0.37841796875,0.10986328125,-0.4638671875,-0.13427734375,-0.08544921875,0.28076171875,-0.06103515625,-0.1953125,-0.927734375,-0.2197265625,1.025390625,0.13427734375,-0.1708984375,-0.0732421875,-0.5615234375,0.0732421875,-0.13427734375,-0.1220703125,0.86669921875,0.13427734375,-0.62255859375,-0.15869140625,-0.1220703125,0.01220703125,-0.84228515625,0.13427734375,0.74462890625,-0.10986328125,0.57373046875,0.1220703125,-0.3662109375,-0.048828125,-0.8544921875,0.09765625,-0.48828125,-0.10986328125,-0.6591796875,-0.2685546875,-0.2685546875,0.2197265625,-0.7080078125,0.0244140625,-0.42724609375,-0.5859375,0.5615234375,0.01220703125,0.29296875,-0.0244140625,0.25634765625,-0.1708984375,-0.40283203125,-0.45166015625,0.52490234375,-0.15869140625,0.74462890625,-0.048828125,0.50048828125,-0.50048828125,0.45166015625,0.03662109375,0.048828125,0.06103515625,-0.37841796875,0.03662109375,0.5126953125,-0.0732421875,-0.40283203125,-0.09765625,-0.13427734375,-0.0244140625,1.03759765625,0.15869140625,1.5625,-0.20751953125,0.76904296875,-0.01220703125,2.1728515625,0.2685546875,4.8095703125,0.048828125,2.23388671875,-0.048828125,0.45166015625,0.08544921875,1.06201171875,-0.03662109375,-0.927734375,0.03662109375,0.08544921875,0.03662109375,0.1220703125,-0.048828125,3.52783203125,-0.10986328125,-0.68359375,0.244140625,-0.67138671875,-0.1708984375,-0.62255859375,0.03662109375,-0.0732421875,-0.03662109375,-0.4150390625,-0.15869140625,-1.15966796875,-0.23193359375,-0.86669921875,0.2685546875,0.439453125,0.01220703125,0.341796875,0.0732421875,-0.048828125,-0.08544921875,-0.01220703125,-0.20751953125,0.15869140625,-0.048828125,0.69580078125,-0.20751953125,1.0498046875,0.08544921875,0.09765625,0.0244140625,0.40283203125
1,0.06103515625,-0.09765625,-0.01220703125,-0.3662109375,0.13427734375,-0.4638671875,-0.13427734375,-0.0732421875,0.29296875,-0.06103515625,-0.25634765625,-0.89111328125,-0.244140625,1.025390625,0.1708984375,-0.15869140625,-0.01220703125,-0.5615234375,0.048828125,-0.1220703125,-0.13427734375,0.86669921875,0.13427734375,-0.6103515625,-0.09765625,-0.146484375,-0.03662109375,-0.86669921875,0.2197265625,0.67138671875,-0.20751953125,0.439453125,0.146484375,-0.35400390625,0.0244140625,-0.8544921875,0.09765625,-0.45166015625,-0.13427734375,-0.64697265625,-0.32958984375,-0.2197265625,0.244140625,-0.72021484375,0.06103515625,-0.390625,-0.54931640625,0.57373046875,-0.13427734375,0.4638671875,-0.0244140625,0.29296875,-0.1708984375,-0.35400390625,-0.35400390625,0.5859375,-0.23193359375,0.72021484375,0,0.48828125,-0.5615234375,0.439453125,-0.0244140625,0.048828125,0.03662109375,-0.3662109375,0.146484375,0.52490234375,0,-0.341796875,-0.03662109375,-0.13427734375,0.06103515625,1.01318359375,0.08544921875,1.52587890625,-0.23193359375,0.74462890625,0.06103515625,2.11181640625,0.2197265625,5.2490234375,0.048828125,2.45361328125,-0.08544921875,0.57373046875,0.0244140625,1.20849609375,0.048828125,-0.927734375,0.03662109375,0.10986328125,-0.08544921875,0.13427734375,-0.10986328125,3.69873046875,-0.0732421875,-0.68359375,0.23193359375,-0.6591796875,-0.25634765625,-0.64697265625,0.03662109375,-0.06103515625,-0.0732421875,-0.4638671875,-0.10986328125,-1.20849609375,-0.244140625,-0.9033203125,0.28076171875,0.35400390625,0.01220703125,0.3173828125,0.0732421875,-0.048828125,-0.08544921875,0.03662109375,-0.1953125,0.146484375,-0.0244140625,0.52490234375,-0.18310546875,0.84228515625,0.08544921875,-0.03662109375,0.0732421875,0.18310546875
1,0.048828125,-0.09765625,-0.03662109375,-0.35400390625,0.15869140625,-0.439453125,-0.1220703125,-0.06103515625,0.32958984375,-0.0732421875,-0.23193359375,-0.89111328125,-0.2685546875,1.025390625,0.18310546875,-0.15869140625,0.06103515625,-0.57373046875,0.03662109375,-0.10986328125,-0.06103515625,0.89111328125,0.1220703125,-0.62255859375,-0.01220703125,-0.20751953125,-0.08544921875,-0.9033203125,0.28076171875,0.62255859375,-0.2685546875,0.25634765625,0.09765625,-0.341796875,0.10986328125,-0.89111328125,0.09765625,-0.439453125,-0.146484375,-0.64697265625,-0.3662109375,-0.2197265625,0.23193359375,-0.72021484375,0.10986328125,-0.37841796875,-0.5859375,0.57373046875,-0.15869140625,0.7080078125,-0.0244140625,0.32958984375,-0.146484375,-0.2685546875,-0.3173828125,0.64697265625,-0.2685546875,0.7080078125,0.06103515625,0.4638671875,-0.59814453125,0.4638671875,-0.03662109375,0.048828125,-0.06103515625,-0.3173828125,0.15869140625,0.5859375,0.048828125,-0.23193359375,-0.0244140625,-0.09765625,0.048828125,1.0009765625,0.0244140625,1.4892578125,-0.2685546875,0.7080078125,0.06103515625,2.06298828125,0.244140625,5.517578125,0.0732421875,2.5634765625,-0.1220703125,0.68359375,-0.01220703125,1.318359375,0.0732421875,-0.9033203125,0.01220703125,0.13427734375,-0.18310546875,0.10986328125,-0.10986328125,3.7841796875,-0.0244140625,-0.68359375,0.1220703125,-0.67138671875,-0.3173828125,-0.634765625,0.03662109375,-0.06103515625,-0.08544921875,-0.5615234375,-0.09765625,-1.33056640625,-0.2685546875,-0.9765625,0.3173828125,0.29296875,0.01220703125,0.3173828125,0.08544921875,-0.03662109375,-0.08544921875,0.0732421875,-0.18310546875,0.146484375,-0.06103515625,0.341796875,-0.1953125,0.69580078125,0.048828125,-0.15869140625,0.06103515625,0.0244140625
0,0.03662109375,-0.09765625,-0.06103515625,-0.35400390625,0.10986328125,-0.42724609375,-0.09765625,-0.0732421875,0.341796875,-0.08544921875,-0.1953125,-0.9033203125,-0.30517578125,1.0009765625,0.1953125,-0.1708984375,0.09765625,-0.5859375,0.0732421875,-0.09765625,-0.0244140625,0.86669921875,0.0732421875,-0.62255859375,0.0244140625,-0.29296875,-0.08544921875,-0.9521484375,0.28076171875,0.54931640625,-0.23193359375,-0.03662109375,0.13427734375,-0.37841796875,0.18310546875,-0.9521484375,0.03662109375,-0.439453125,-0.13427734375,-0.67138671875,-0.3662109375,-0.1953125,0.25634765625,-0.7080078125,0.13427734375,-0.3662109375,-0.57373046875,0.5859375,-0.2685546875,0.93994140625,0.01220703125,0.390625,-0.08544921875,-0.23193359375,-0.30517578125,0.7080078125,-0.32958984375,0.72021484375,0.09765625,0.47607421875,-0.59814453125,0.45166015625,-0.10986328125,0.0732421875,-0.0732421875,-0.2197265625,0.1708984375,0.64697265625,0.09765625,-0.10986328125,0,-0.0244140625,0.13427734375,0.9765625,0,1.47705078125,-0.20751953125,0.68359375,0.09765625,2.01416015625,0.29296875,5.56640625,0.08544921875,2.52685546875,-0.25634765625,0.68359375,-0.09765625,1.30615234375,0.08544921875,-0.93994140625,-0.0244140625,0.13427734375,-0.20751953125,0.1220703125,-0.09765625,3.79638671875,-0.0244140625,-0.68359375,0.048828125,-0.69580078125,-0.29296875,-0.634765625,0,-0.048828125,-0.0732421875,-0.68359375,-0.048828125,-1.4404296875,-0.28076171875,-1.0498046875,0.3173828125,0.2197265625,0,0.3173828125,0.08544921875,-0.06103515625,-0.0732421875,0.06103515625,-0.1708984375,0.15869140625,-0.06103515625,0.244140625,-0.1953125,0.6103515625,0.03662109375,-0.25634765625,0.08544921875,-0.10986328125
0,0.03662109375,-0.1220703125,-0.0732421875,-0.3662109375,0.09765625,-0.42724609375,-0.08544921875,-0.08544921875,0.29296875,-0.10986328125,-0.13427734375,-0.91552734375,-0.30517578125,0.98876953125,0.20751953125,-0.1708984375,0.10986328125,-0.59814453125,0.06103515625,-0.09765625,0.01220703125,0.86669921875,0.03662109375,-0.62255859375,0.03662109375,-0.3662109375,-0.0732421875,-1.0009765625,0.25634765625,0.47607421875,-0.1708984375,-0.3173828125,0.10986328125,-0.4150390625,0.28076171875,-1.0498046875,0,-0.42724609375,-0.13427734375,-0.72021484375,-0.35400390625,-0.1953125,0.2685546875,-0.72021484375,0.1220703125,-0.37841796875,-0.5615234375,0.5615234375,-0.3662109375,1.13525390625,-0.0244140625,0.42724609375,-0.09765625,-0.18310546875,-0.25634765625,0.72021484375,-0.3173828125,0.7080078125,0.0732421875,0.47607421875,-0.62255859375,0.48828125,-0.15869140625,0.0732421875,-0.03662109375,-0.09765625,0.20751953125,0.7080078125,0.1220703125,0.048828125,-0.06103515625,0.0244140625,0.03662109375,0.89111328125,-0.13427734375,1.46484375,-0.1708984375,0.6591796875,-0.03662109375,2.001953125,0.30517578125,5.40771484375,0.1220703125,2.42919921875,-0.3173828125,0.634765625,-0.13427734375,1.2451171875,0.06103515625,-0.96435546875,-0.06103515625,0.1220703125,-0.23193359375,0.048828125,-0.03662109375,3.6376953125,-0.0244140625,-0.69580078125,-0.0244140625,-0.67138671875,-0.28076171875,-0.62255859375,-0.048828125,-0.06103515625,-0.0244140625,-0.78125,-0.0732421875,-1.5380859375,-0.244140625,-1.11083984375,0.28076171875,0.23193359375,0.0244140625,0.30517578125,0.08544921875,-0.048828125,-0.08544921875,0.048828125,-0.18310546875,0.146484375,-0.01220703125,0.1708984375,-0.25634765625,0.634765625,0.06103515625,-0.30517578125,0.10986328125,-0.15869140625
0,0.01220703125,-0.1708984375,-0.0732421875,-0.37841796875,0.09765625,-0.42724609375,-0.03662109375,-0.06103515625,0.2197265625,-0.09765625,-0.0732421875,-0.91552734375,-0.30517578125,0.98876953125,0.23193359375,-0.18310546875,0.13427734375,-0.62255859375,0.08544921875,-0.08544921875,-0.08544921875,0.84228515625,0.01220703125,-0.634765625,0.0244140625,-0.42724609375,-0.06103515625,-1.03759765625,0.20751953125,0.42724609375,-0.03662109375,-0.6103515625,0.10986328125,-0.4638671875,0.40283203125,-1.171875,-0.03662109375,-0.4638671875,-0.13427734375,-0.79345703125,-0.35400390625,-0.18310546875,0.244140625,-0.732421875,0.06103515625,-0.37841796875,-0.537109375,0.5615234375,-0.3173828125,1.2451171875,-0.0244140625,0.439453125,-0.10986328125,-0.13427734375,-0.2197265625,0.72021484375,-0.390625,0.69580078125,0.01220703125,0.47607421875,-0.6103515625,0.5126953125,-0.146484375,0.06103515625,-0.0244140625,-0.01220703125,0.20751953125,0.76904296875,0.146484375,0.1708984375,-0.10986328125,0.08544921875,0.01220703125,0.8056640625,-0.1220703125,1.4404296875,-0.06103515625,0.6103515625,-0.048828125,1.96533203125,0.23193359375,5.11474609375,0.1708984375,2.25830078125,-0.390625,0.537109375,-0.13427734375,1.0986328125,0,-1.025390625,-0.03662109375,0.09765625,-0.28076171875,0.0244140625,0,3.271484375,-0.06103515625,-0.69580078125,-0.0732421875,-0.68359375,-0.2685546875,-0.6103515625,-0.048828125,-0.06103515625,-0.01220703125,-0.830078125,-0.0732421875,-1.59912109375,-0.1953125,-1.1474609375,0.244140625,0.390625,0.0244140625,0.29296875,0.08544921875,-0.0244140625,-0.0732421875,0.01220703125,-0.1953125,0.146484375,0,0.1953125,-0.23193359375,0.67138671875,0.06103515625,-0.30517578125,0.13427734375,-0.1708984375
0,0.03662109375,-0.23193359375,-0.08544921875,-0.37841796875,0.08544921875,-0.439453125,-0.03662109375,-0.09765625,0.13427734375,-0.09765625,-0.03662109375,-0.927734375,-0.30517578125,0.9765625,0.25634765625,-0.18310546875,0.1220703125,-0.634765625,0.146484375,-0.08544921875,-0.18310546875,0.81787109375,0.01220703125,-0.6591796875,-0.0244140625,-0.48828125,-0.0244140625,-1.08642578125,0.1708984375,0.4150390625,0.10986328125,-0.830078125,0.10986328125,-0.48828125,0.390625,-1.25732421875,-0.08544921875,-0.48828125,-0.146484375,-0.8544921875,-0.30517578125,-0.18310546875,0.23193359375,-0.74462890625,-0.01220703125,-0.390625,-0.5126953125,0.54931640625,-0.341796875,1.1962890625,0.0244140625,0.4150390625,-0.08544921875,-0.146484375,-0.13427734375,0.7080078125,-0.35400390625,0.69580078125,-0.03662109375,0.50048828125,-0.6103515625,0.5615234375,-0.1708984375,0.048828125,0.0732421875,0.06103515625,0.15869140625,0.8056640625,0.20751953125,0.244140625,-0.10986328125,0.1220703125,0.08544921875,0.7080078125,-0.08544921875,1.4404296875,0.048828125,0.537109375,-0.06103515625,1.94091796875,0.1220703125,4.74853515625,0.2197265625,2.06298828125,-0.40283203125,0.42724609375,-0.13427734375,0.96435546875,-0.08544921875,-1.07421875,-0.03662109375,0.048828125,-0.3173828125,-0.06103515625,0.03662109375,2.72216796875,-0.0732421875,-0.72021484375,-0.0732421875,-0.64697265625,-0.20751953125,-0.59814453125,-0.08544921875,-0.06103515625,0.048828125,-0.78125,-0.0732421875,-1.5625,-0.1220703125,-1.11083984375,0.2197265625,0.69580078125,0.01220703125,0.3173828125,0.06103515625,-0.0244140625,-0.0732421875,0,-0.2197265625,0.146484375,-0.06103515625,0.23193359375,-0.40283203125,0.7568359375,0.01220703125,-0.28076171875,0.0732421875,-0.1220703125
0,0.0244140625,-0.28076171875,-0.08544921875,-0.40283203125,0.0732421875,-0.4638671875,-0.01220703125,-0.1220703125,0.06103515625,-0.06103515625,-0.03662109375,-0.927734375,-0.29296875,1.0009765625,0.2685546875,-0.1953125,0.06103515625,-0.6103515625,0.18310546875,-0.0732421875,-0.25634765625,0.79345703125,0.06103515625,-0.6591796875,-0.13427734375,-0.50048828125,0.0244140625,-1.07421875,0.13427734375,0.40283203125,0.08544921875,-0.9033203125,0.146484375,-0.537109375,0.37841796875,-1.318359375,-0.09765625,-0.5126953125,-0.06103515625,-0.89111328125,-0.23193359375,-0.1953125,0.2197265625,-0.732421875,-0.09765625,-0.40283203125,-0.48828125,0.54931640625,-0.4150390625,1.13525390625,-0.0244140625,0.390625,-0.1220703125,-0.15869140625,-0.06103515625,0.64697265625,-0.29296875,0.69580078125,-0.08544921875,0.48828125,-0.64697265625,0.5859375,-0.1220703125,0.06103515625,0.09765625,0.10986328125,0.0732421875,0.84228515625,0.23193359375,0.2685546875,-0.10986328125,0.146484375,-0.0244140625,0.5859375,-0.146484375,1.3427734375,0.0732421875,0.4638671875,-0.18310546875,1.89208984375,0.0244140625,4.3212890625,0.28076171875,1.8798828125,-0.37841796875,0.30517578125,-0.09765625,0.830078125,-0.1708984375,-1.18408203125,0,0,-0.40283203125,-0.10986328125,0.08544921875,1.9775390625,-0.08544921875,-0.72021484375,-0.09765625,-0.6591796875,-0.1708984375,-0.62255859375,-0.0732421875,-0.0732421875,0.09765625,-0.64697265625,-0.08544921875,-1.45263671875,-0.03662109375,-1.025390625,-0.01220703125,1.1474609375,0,0.3173828125,0.048828125,-0.03662109375,-0.048828125,-0.03662109375,-0.1953125,0.13427734375,-0.03662109375,0.244140625,-0.390625,0.87890625,0.06103515625,-0.23193359375,0.13427734375,-0.08544921875
0,0.048828125,-0.341796875,-0.15869140625,-0.3662109375,0.03662109375,-0.48828125,0,-0.08544921875,0.0732421875,-0.048828125,-0.01220703125,-0.93994140625,-0.2197265625,1.01318359375,0.29296875,-0.15869140625,0,-0.5859375,0.244140625,-0.0732421875,-0.32958984375,0.78125,0.06103515625,-0.64697265625,-0.1953125,-0.4638671875,0.09765625,-1.0498046875,0.09765625,0.45166015625,0.048828125,-0.81787109375,0.13427734375,-0.5859375,0.37841796875,-1.30615234375,-0.1220703125,-0.52490234375,-0.03662109375,-0.91552734375,-0.20751953125,-0.2197265625,0.20751953125,-0.72021484375,-0.18310546875,-0.40283203125,-0.50048828125,0.537109375,-0.390625,0.9765625,0.048828125,0.35400390625,-0.10986328125,-0.1953125,0.0244140625,0.6103515625,-0.244140625,0.69580078125,-0.146484375,0.52490234375,-0.64697265625,0.62255859375,-0.08544921875,0.048828125,0.10986328125,0.10986328125,0.03662109375,0.830078125,0.146484375,0.23193359375,-0.10986328125,0.146484375,-0.06103515625,0.50048828125,-0.1220703125,1.26953125,0.13427734375,0.37841796875,-0.15869140625,1.84326171875,-0.03662109375,3.91845703125,0.29296875,1.7333984375,-0.3173828125,0.18310546875,-0.048828125,0.7080078125,-0.25634765625,-1.28173828125,0,-0.09765625,-0.45166015625,-0.1953125,0.2197265625,1.123046875,-0.08544921875,-0.72021484375,-0.10986328125,-0.6591796875,-0.09765625,-0.62255859375,-0.0732421875,-0.048828125,0.146484375,-0.439453125,-0.09765625,-1.23291015625,0.01220703125,-0.86669921875,-0.15869140625,1.79443359375,-0.01220703125,0.35400390625,0.03662109375,-0.01220703125,-0.0732421875,-0.01220703125,-0.20751953125,0.13427734375,-0.0244140625,0.25634765625,-0.3173828125,0.927734375,0.048828125,-0.1953125,0.10986328125,-0.06103515625
0,0.048828125,-0.3662109375,-0.1953125,-0.37841796875,0,-0.5126953125,0.0244140625,-0.09765625,0.09765625,-0.048828125,-0.03662109375,-0.927734375,-0.1220703125,1.01318359375,0.2685546875,-0.146484375,-0.0732421875,-0.57373046875,0.2685546875,-0.0732421875,-0.32958984375,0.78125,0.08544921875,-0.6591796875,-0.28076171875,-0.40283203125,0.08544921875,-1.0009765625,0.03662109375,0.5126953125,-0.0732421875,-0.59814453125,0.1220703125,-0.57373046875,0.35400390625,-1.26953125,-0.15869140625,-0.5126953125,0.01220703125,-0.927734375,-0.1708984375,-0.2197265625,0.25634765625,-0.72021484375,-0.1953125,-0.4150390625,-0.439453125,0.537109375,-0.40283203125,0.8544921875,0.10986328125,0.341796875,-0.13427734375,-0.2685546875,0.08544921875,0.57373046875,-0.2685546875,0.69580078125,-0.146484375,0.537109375,-0.59814453125,0.6103515625,-0.10986328125,0.048828125,0.15869140625,0.09765625,0.06103515625,0.8056640625,0.09765625,0.1708984375,-0.048828125,0.10986328125,-0.13427734375,0.45166015625,-0.08544921875,1.20849609375,0.10986328125,0.3173828125,-0.18310546875,1.7822265625,-0.10986328125,3.60107421875,0.29296875,1.62353515625,-0.23193359375,0.08544921875,0.03662109375,0.62255859375,-0.30517578125,-1.3671875,0.01220703125,-0.18310546875,-0.47607421875,-0.29296875,0.244140625,0.244140625,-0.09765625,-0.7080078125,-0.09765625,-0.67138671875,-0.01220703125,-0.62255859375,-0.08544921875,-0.08544921875,0.146484375,-0.13427734375,-0.10986328125,-0.93994140625,0.06103515625,-0.64697265625,-0.1220703125,2.587890625,0,0.341796875,0.0244140625,-0.03662109375,-0.0732421875,-0.0244140625,-0.1953125,0.13427734375,-0.0732421875,0.2685546875,-0.390625,0.96435546875,0,-0.1953125,0.01220703125,-0.0732421875
0,0.03662109375,-0.390625,-0.23193359375,-0.390625,-0.0244140625,-0.5126953125,0,-0.08544921875,0.13427734375,-0.048828125,-0.06103515625,-0.93994140625,-0.06103515625,1.025390625,0.25634765625,-0.13427734375,-0.146484375,-0.54931640625,0.30517578125,-0.09765625,-0.23193359375,0.78125,0.048828125,-0.634765625,-0.37841796875,-0.32958984375,0.0732421875,-0.9033203125,0.01220703125,0.5859375,-0.13427734375,-0.2685546875,0.146484375,-0.57373046875,0.32958984375,-1.1962890625,-0.146484375,-0.52490234375,0.048828125,-0.9033203125,-0.28076171875,-0.23193359375,0.2685546875,-0.732421875,-0.18310546875,-0.42724609375,-0.40283203125,0.537109375,-0.28076171875,0.76904296875,0.10986328125,0.3173828125,-0.18310546875,-0.29296875,0.13427734375,0.54931640625,-0.29296875,0.68359375,-0.18310546875,0.52490234375,-0.5859375,0.5859375,-0.01220703125,0.03662109375,0.15869140625,0.03662109375,0.03662109375,0.76904296875,-0.0244140625,0.08544921875,-0.048828125,0.09765625,-0.244140625,0.439453125,-0.10986328125,1.11083984375,0.08544921875,0.2685546875,-0.13427734375,1.7333984375,-0.0244140625,3.35693359375,0.32958984375,1.55029296875,-0.146484375,0.048828125,0.06103515625,0.5615234375,-0.29296875,-1.47705078125,0,-0.2685546875,-0.4150390625,-0.4150390625,0.25634765625,-0.5859375,-0.09765625,-0.69580078125,-0.13427734375,-0.68359375,0.08544921875,-0.634765625,-0.08544921875,-0.0732421875,0.13427734375,0.23193359375,-0.1220703125,-0.59814453125,0.09765625,-0.390625,-0.1953125,3.50341796875,0,0.35400390625,-0.01220703125,-0.0244140625,-0.06103515625,-0.0244140625,-0.18310546875,0.1220703125,-0.0244140625,0.2197265625,-0.3173828125,0.96435546875,0.0244140625,-0.20751953125,0.03662109375,-0.13427734375
0,0.0732421875,-0.3662109375,-0.244140625,-0.390625,-0.08544921875,-0.48828125,0.0244140625,-0.10986328125,0.18310546875,-0.048828125,-0.0732421875,-0.93994140625,0.0244140625,1.025390625,0.28076171875,-0.13427734375,-0.18310546875,-0.57373046875,0.3173828125,-0.10986328125,-0.18310546875,0.81787109375,0.01220703125,-0.634765625,-0.40283203125,-0.2197265625,0.10986328125,-0.8544921875,0,0.72021484375,-0.10986328125,0.0732421875,0.09765625,-0.54931640625,0.23193359375,-1.0986328125,-0.15869140625,-0.5126953125,0.03662109375,-0.87890625,-0.390625,-0.244140625,0.28076171875,-0.7080078125,-0.13427734375,-0.40283203125,-0.37841796875,0.537109375,-0.1953125,0.74462890625,0.09765625,0.29296875,-0.1708984375,-0.3173828125,0.1708984375,0.57373046875,-0.28076171875,0.69580078125,-0.1220703125,0.5615234375,-0.57373046875,0.5615234375,0.06103515625,0.048828125,0.1953125,0.03662109375,-0.048828125,0.7568359375,-0.1953125,0.0244140625,-0.10986328125,0.06103515625,-0.30517578125,0.45166015625,-0.13427734375,1.07421875,0.048828125,0.25634765625,-0.1220703125,1.7333984375,-0.048828125,3.25927734375,0.2685546875,1.5380859375,0,0.0244140625,0.10986328125,0.5615234375,-0.2197265625,-1.55029296875,0.0244140625,-0.341796875,-0.341796875,-0.47607421875,0.1708984375,-1.23291015625,-0.0732421875,-0.69580078125,-0.15869140625,-0.68359375,0.1220703125,-0.64697265625,-0.03662109375,-0.06103515625,0.06103515625,0.6103515625,-0.13427734375,-0.23193359375,0.08544921875,-0.10986328125,-0.06103515625,4.4921875,0,0.35400390625,-0.048828125,-0.06103515625,-0.08544921875,0.01220703125,-0.18310546875,0.1220703125,-0.0244140625,0.1708984375,-0.32958984375,0.93994140625,0.0244140625,-0.244140625,-0.048828125,-0.2197265625
0,0.09765625,-0.3173828125,-0.25634765625,-0.37841796875,-0.10986328125,-0.48828125,0.0244140625,-0.1220703125,0.1708984375,-0.06103515625,-0.09765625,-0.93994140625,0.0732421875,1.025390625,0.28076171875,-0.146484375,-0.15869140625,-0.5615234375,0.28076171875,-0.10986328125,-0.15869140625,0.81787109375,-0.01220703125,-0.62255859375,-0.4638671875,-0.1220703125,0.06103515625,-0.78125,-0.06103515625,0.78125,-0.10986328125,0.37841796875,0.09765625,-0.5126953125,0.15869140625,-1.0009765625,-0.15869140625,-0.5126953125,0.0732421875,-0.8544921875,-0.4638671875,-0.2685546875,0.25634765625,-0.7080078125,-0.048828125,-0.37841796875,-0.37841796875,0.537109375,-0.1953125,0.79345703125,0.03662109375,0.341796875,-0.20751953125,-0.30517578125,0.13427734375,0.5859375,-0.2685546875,0.72021484375,-0.10986328125,0.537109375,-0.57373046875,0.52490234375,0.18310546875,0.048828125,0.244140625,0,0.0244140625,0.732421875,-0.2197265625,-0.03662109375,-0.048828125,0.048828125,-0.30517578125,0.57373046875,-0.15869140625,1.07421875,0.048828125,0.30517578125,0.01220703125,1.7822265625,-0.03662109375,3.1982421875,0.20751953125,1.52587890625,0.15869140625,0.0244140625,0.15869140625,0.5615234375,-0.15869140625,-1.62353515625,0.03662109375,-0.390625,-0.20751953125,-0.54931640625,0.0732421875,-1.64794921875,-0.048828125,-0.69580078125,-0.1708984375,-0.69580078125,0.15869140625,-0.67138671875,0.01220703125,-0.06103515625,0.01220703125,0.9765625,-0.146484375,0.1220703125,0.0732421875,0.10986328125,0.048828125,5.46875,0.01220703125,0.341796875,-0.048828125,-0.06103515625,-0.0732421875,0.01220703125,-0.1953125,0.13427734375,-0.03662109375,0.08544921875,-0.37841796875,0.89111328125,-0.01220703125,-0.2685546875,-0.08544921875,-0.28076171875
0,0.08544921875,-0.28076171875,-0.29296875,-0.37841796875,-0.13427734375,-0.4638671875,0.0244140625,-0.09765625,0.1708984375,-0.06103515625,-0.09765625,-0.93994140625,0.1220703125,1.0498046875,0.3173828125,-0.1708984375,-0.15869140625,-0.5615234375,0.2197265625,-0.1220703125,-0.15869140625,0.84228515625,-0.06103515625,-0.6103515625,-0.47607421875,-0.06103515625,0.03662109375,-0.732421875,-0.1220703125,0.87890625,-0.1220703125,0.59814453125,0.146484375,-0.50048828125,0.06103515625,-0.96435546875,-0.146484375,-0.537109375,0.09765625,-0.830078125,-0.52490234375,-0.28076171875,0.2197265625,-0.69580078125,-0.01220703125,-0.390625,-0.4150390625,0.5615234375,-0.1953125,0.87890625,0.01220703125,0.3662109375,-0.244140625,-0.28076171875,0.1220703125,0.634765625,-0.30517578125,0.7080078125,0,0.5126953125,-0.52490234375,0.439453125,0.32958984375,0.03662109375,0.18310546875,0.0244140625,0.01220703125,0.7568359375,-0.23193359375,-0.03662109375,-0.08544921875,0.08544921875,-0.1953125,0.69580078125,-0.1953125,1.123046875,0.03662109375,0.40283203125,0.10986328125,1.8798828125,0.0244140625,3.21044921875,0.1220703125,1.5380859375,0.29296875,0.03662109375,0.1708984375,0.57373046875,-0.048828125,-1.66015625,0.0732421875,-0.439453125,-0.0732421875,-0.5859375,0.0244140625,-1.8310546875,0,-0.7080078125,-0.15869140625,-0.69580078125,0.13427734375,-0.6591796875,0.0732421875,-0.03662109375,-0.01220703125,1.28173828125,-0.1220703125,0.42724609375,0.03662109375,0.341796875,0.10986328125,6.38427734375,0.048828125,0.341796875,-0.06103515625,-0.048828125,-0.0732421875,0.048828125,-0.15869140625,0.13427734375,-0.09765625,0.0244140625,-0.390625,0.87890625,-0.06103515625,-0.30517578125,-0.15869140625,-0.32958984375
0,0.09765625,-0.244140625,-0.28076171875,-0.390625,-0.146484375,-0.439453125,0,-0.09765625,0.10986328125,-0.08544921875,-0.06103515625,-0.93994140625,0.15869140625,1.025390625,0.341796875,-0.15869140625,-0.0732421875,-0.57373046875,0.1708984375,-0.10986328125,-0.1708984375,0.8544921875,-0.06103515625,-0.59814453125,-0.42724609375,-0.0244140625,0.048828125,-0.68359375,-0.08544921875,0.927734375,-0.048828125,0.6591796875,0.18310546875,-0.4638671875,-0.01220703125,-0.927734375,-0.1708984375,-0.52490234375,0.10986328125,-0.830078125,-0.5615234375,-0.25634765625,0.146484375,-0.69580078125,0.048828125,-0.40283203125,-0.40283203125,0.5615234375,-0.1708984375,1.01318359375,0.08544921875,0.4150390625,-0.1953125,-0.20751953125,0.15869140625,0.68359375,-0.37841796875,0.72021484375,0.0732421875,0.50048828125,-0.4638671875,0.4150390625,0.3173828125,0.08544921875,0.1708984375,0.08544921875,-0.048828125,0.78125,-0.2685546875,-0.01220703125,-0.18310546875,0.10986328125,-0.13427734375,0.84228515625,-0.13427734375,1.2451171875,0.03662109375,0.52490234375,0.2197265625,1.98974609375,0.08544921875,3.25927734375,0.01220703125,1.5380859375,0.42724609375,0.06103515625,0.146484375,0.59814453125,0.03662109375,-1.66015625,0.0732421875,-0.42724609375,0.048828125,-0.5859375,-0.1220703125,-1.74560546875,0.01220703125,-0.69580078125,-0.13427734375,-0.68359375,0.06103515625,-0.67138671875,0.15869140625,-0.0244140625,-0.048828125,1.50146484375,-0.13427734375,0.6591796875,-0.01220703125,0.48828125,0.03662109375,7.1533203125,0.09765625,0.32958984375,-0.08544921875,-0.048828125,-0.08544921875,0.0732421875,-0.146484375,0.15869140625,-0.06103515625,0.01220703125,-0.35400390625,0.89111328125,-0.048828125,-0.29296875,-0.08544921875,-0.30517578125
0,0.09765625,-0.1953125,-0.35400390625,-0.35400390625,-0.1708984375,-0.45166015625,0,-0.0732421875,0.0732421875,-0.09765625,-0.01220703125,-0.927734375,0.15869140625,1.01318359375,0.40283203125,-0.146484375,0,-0.59814453125,0.13427734375,-0.10986328125,-0.18310546875,0.84228515625,-0.048828125,-0.59814453125,-0.40283203125,-0.0244140625,-0.01220703125,-0.69580078125,-0.1220703125,0.93994140625,-0.08544921875,0.5615234375,0.244140625,-0.4638671875,-0.03662109375,-0.91552734375,-0.1708984375,-0.537109375,0.09765625,-0.830078125,-0.54931640625,-0.2685546875,0.048828125,-0.69580078125,0.0732421875,-0.40283203125,-0.40283203125,0.54931640625,-0.10986328125,1.13525390625,0.146484375,0.4638671875,-0.1953125,-0.15869140625,0.146484375,0.732421875,-0.5126953125,0.72021484375,0.146484375,0.47607421875,-0.42724609375,0.390625,0.32958984375,0.0732421875,0.18310546875,0.15869140625,-0.0244140625,0.84228515625,-0.13427734375,0.08544921875,-0.15869140625,0.18310546875,-0.08544921875,1.0009765625,-0.09765625,1.40380859375,0.0244140625,0.6591796875,0.20751953125,2.1240234375,0.146484375,3.25927734375,-0.048828125,1.50146484375,0.45166015625,0.06103515625,0.0732421875,0.5859375,0.08544921875,-1.611328125,0.0732421875,-0.4150390625,0.18310546875,-0.5615234375,-0.0244140625,-1.42822265625,0.048828125,-0.72021484375,-0.08544921875,-0.67138671875,0.03662109375,-0.67138671875,0.1953125,-0.0244140625,-0.0244140625,1.64794921875,-0.146484375,0.8056640625,-0.048828125,0.5859375,0.03662109375,7.70263671875,0.08544921875,0.3173828125,-0.0732421875,-0.03662109375,-0.08544921875,0.048828125,-0.13427734375,0.1708984375,-0.08544921875,0.048828125,-0.2685546875,0.93994140625,-0.09765625,-0.23193359375,-0.1220703125,-0.2197265625
1,0.08544921875,-0.2197265625,-0.37841796875,-0.341796875,-0.18310546875,-0.4638671875,-0.03662109375,-0.06103515625,0.03662109375,-0.10986328125,0.048828125,-0.927734375,0.18310546875,1.025390625,0.42724609375,-0.1220703125,0.06103515625,-0.5859375,0.10986328125,-0.13427734375,-0.15869140625,0.87890625,-0.0244140625,-0.6103515625,-0.37841796875,-0.06103515625,-0.01220703125,-0.68359375,-0.09765625,0.9521484375,-0.09765625,0.3662109375,0.2685546875,-0.4638671875,-0.03662109375,-0.93994140625,-0.20751953125,-0.50048828125,0.1220703125,-0.830078125,-0.5615234375,-0.244140625,-0.06103515625,-0.68359375,0.10986328125,-0.4150390625,-0.35400390625,0.57373046875,-0.15869140625,1.220703125,0.09765625,0.5126953125,-0.1708984375,-0.1220703125,0.06103515625,0.7568359375,-0.5615234375,0.72021484375,0.23193359375,0.47607421875,-0.47607421875,0.3662109375,0.32958984375,0.0732421875,0.15869140625,0.28076171875,-0.1220703125,0.91552734375,-0.13427734375,0.2197265625,-0.28076171875,0.28076171875,0.03662109375,1.11083984375,-0.0244140625,1.5625,0.09765625,0.76904296875,0.25634765625,2.2705078125,0.20751953125,3.1494140625,-0.13427734375,1.4404296875,0.4638671875,0.03662109375,-0.06103515625,0.52490234375,0.1220703125,-1.57470703125,0.09765625,-0.37841796875,0.25634765625,-0.5126953125,0.08544921875,-0.9033203125,0.06103515625,-0.732421875,-0.048828125,-0.67138671875,0,-0.6591796875,0.1708984375,-0.0244140625,0,1.6845703125,-0.1708984375,0.86669921875,-0.09765625,0.6103515625,0.048828125,8.02001953125,0.1220703125,0.3173828125,-0.0732421875,-0.03662109375,-0.0732421875,0.03662109375,-0.10986328125,0.1708984375,-0.06103515625,0.1708984375,-0.146484375,0.98876953125,-0.10986328125,-0.146484375,-0.0732421875,-0.0732421875
1,0.06103515625,-0.244140625,-0.4150390625,-0.35400390625,-0.18310546875,-0.4638671875,-0.06103515625,-0.06103515625,-0.01220703125,-0.10986328125,0.10986328125,-0.9033203125,0.1953125,0.9765625,0.45166015625,-0.13427734375,0.08544921875,-0.59814453125,0.08544921875,-0.10986328125,-0.1953125,0.84228515625,0,-0.59814453125,-0.29296875,-0.06103515625,0.01220703125,-0.68359375,-0.03662109375,0.9521484375,-0.09765625,0.1708984375,0.2685546875,-0.48828125,-0.01220703125,-0.98876953125,-0.20751953125,-0.48828125,0.09765625,-0.830078125,-0.50048828125,-0.20751953125,-0.146484375,-0.68359375,0.08544921875,-0.42724609375,-0.30517578125,0.5859375,-0.15869140625,1.28173828125,0.13427734375,0.54931640625,-0.1220703125,-0.08544921875,0.08544921875,0.7568359375,-0.537109375,0.72021484375,0.244140625,0.45166015625,-0.48828125,0.3662109375,0.32958984375,0.0732421875,0.08544921875,0.40283203125,-0.15869140625,1.025390625,-0.08544921875,0.32958984375,-0.3662109375,0.37841796875,-0.0244140625,1.1474609375,0.10986328125,1.66015625,0.15869140625,0.87890625,0.25634765625,2.35595703125,0.30517578125,2.9052734375,-0.1708984375,1.30615234375,0.439453125,-0.03662109375,-0.09765625,0.4150390625,0.146484375,-1.46484375,0.146484375,-0.28076171875,0.29296875,-0.40283203125,0.1220703125,-0.244140625,0.0244140625,-0.74462890625,-0.0244140625,-0.67138671875,-0.01220703125,-0.64697265625,0.1220703125,-0.03662109375,0,1.62353515625,-0.18310546875,0.81787109375,-0.13427734375,0.57373046875,0.09765625,8.02001953125,0.10986328125,0.3173828125,-0.08544921875,-0.048828125,-0.0732421875,0.0244140625,-0.1220703125,0.15869140625,-0.09765625,0.30517578125,-0.244140625,1.11083984375,-0.13427734375,-0.03662109375,-0.09765625,0.09765625
1,0.08544921875,-0.3173828125,-0.4150390625,-0.390625,-0.13427734375,-0.48828125,-0.06103515625,-0.06103515625,-0.0244140625,-0.1220703125,0.0732421875,-0.9033203125,0.1953125,0.98876953125,0.439453125,-0.13427734375,0.10986328125,-0.59814453125,0.06103515625,-0.09765625,-0.20751953125,0.84228515625,0.03662109375,-0.5859375,-0.30517578125,-0.06103515625,-0.0244140625,-0.69580078125,-0.048828125,0.9765625,-0.13427734375,-0.03662109375,0.244140625,-0.4638671875,0.10986328125,-1.01318359375,-0.20751953125,-0.45166015625,0.0244140625,-0.830078125,-0.4150390625,-0.18310546875,-0.18310546875,-0.69580078125,0.0732421875,-0.439453125,-0.29296875,0.59814453125,-0.18310546875,1.28173828125,0.1708984375,0.57373046875,-0.146484375,-0.08544921875,0.0732421875,0.78125,-0.52490234375,0.69580078125,0.23193359375,0.48828125,-0.45166015625,0.37841796875,0.3662109375,0.0732421875,0.0732421875,0.5615234375,-0.10986328125,1.1474609375,0.03662109375,0.4638671875,-0.341796875,0.47607421875,-0.1220703125,1.13525390625,0.13427734375,1.708984375,0.20751953125,0.87890625,0.23193359375,2.38037109375,0.2685546875,2.490234375,-0.2197265625,1.13525390625,0.32958984375,-0.146484375,-0.15869140625,0.25634765625,0.1220703125,-1.33056640625,0.13427734375,-0.1953125,0.35400390625,-0.29296875,0.23193359375,0.5126953125,-0.01220703125,-0.732421875,0,-0.67138671875,0.01220703125,-0.64697265625,0.0244140625,-0.048828125,0.01220703125,1.50146484375,-0.1953125,0.74462890625,-0.146484375,0.47607421875,0,7.763671875,0.1220703125,0.3173828125,-0.08544921875,-0.01220703125,-0.0732421875,0.0244140625,-0.09765625,0.15869140625,-0.1220703125,0.48828125,-0.1953125,1.23291015625,-0.15869140625,0.08544921875,-0.10986328125,0.29296875
1,0.0732421875,-0.35400390625,-0.4150390625,-0.37841796875,-0.10986328125,-0.50048828125,-0.0732421875,-0.0732421875,-0.0244140625,-0.10986328125,0.0732421875,-0.927734375,0.18310546875,1.0009765625,0.4150390625,-0.15869140625,0.1220703125,-0.5859375,0.048828125,-0.09765625,-0.30517578125,0.8544921875,0.0732421875,-0.6103515625,-0.25634765625,-0.0732421875,-0.06103515625,-0.6591796875,0,1.03759765625,-0.09765625,-0.15869140625,0.20751953125,-0.5126953125,0.0732421875,-1.0498046875,-0.20751953125,-0.439453125,0.01220703125,-0.81787109375,-0.3173828125,-0.1708984375,-0.18310546875,-0.7080078125,0.03662109375,-0.4638671875,-0.28076171875,0.59814453125,-0.10986328125,1.26953125,0.1953125,0.59814453125,-0.10986328125,-0.08544921875,0.0244140625,0.79345703125,-0.439453125,0.68359375,0.23193359375,0.50048828125,-0.439453125,0.40283203125,0.40283203125,0.06103515625,0.06103515625,0.7080078125,-0.2197265625,1.2451171875,0,0.5859375,-0.40283203125,0.5859375,-0.2685546875,1.06201171875,0.15869140625,1.66015625,0.20751953125,0.84228515625,0.18310546875,2.3193359375,0.2685546875,1.94091796875,-0.2197265625,0.9033203125,0.20751953125,-0.3173828125,-0.1953125,0.048828125,0.0732421875,-1.1962890625,0.15869140625,-0.08544921875,0.390625,-0.146484375,0.23193359375,1.35498046875,-0.0244140625,-0.732421875,0.01220703125,-0.67138671875,0,-0.64697265625,-0.0244140625,-0.0244140625,-0.048828125,1.3427734375,-0.1953125,0.5615234375,-0.15869140625,0.35400390625,-0.1953125,7.28759765625,0.1220703125,0.32958984375,-0.048828125,-0.048828125,-0.0732421875,-0.01220703125,-0.08544921875,0.15869140625,-0.10986328125,0.634765625,-0.15869140625,1.2939453125,-0.10986328125,0.15869140625,-0.0732421875,0.40283203125
1,0.0732421875,-0.439453125,-0.40283203125,-0.37841796875,-0.048828125,-0.5126953125,-0.0732421875,-0.048828125,0.0244140625,-0.09765625,-0.01220703125,-0.91552734375,0.18310546875,1.01318359375,0.42724609375,-0.15869140625,0.09765625,-0.5859375,0.0732421875,-0.09765625,-0.341796875,0.8544921875,0.1220703125,-0.6103515625,-0.244140625,-0.03662109375,-0.0732421875,-0.64697265625,0.01220703125,1.07421875,-0.08544921875,-0.1953125,0.1953125,-0.48828125,0.09765625,-1.0498046875,-0.18310546875,-0.4150390625,0.0244140625,-0.830078125,-0.18310546875,-0.146484375,-0.146484375,-0.7080078125,-0.01220703125,-0.45166015625,-0.28076171875,0.5859375,-0.10986328125,1.23291015625,0.25634765625,0.6103515625,-0.03662109375,-0.08544921875,0,0.8056640625,-0.390625,0.68359375,0.1708984375,0.5126953125,-0.54931640625,0.42724609375,0.439453125,0.048828125,-0.01220703125,0.830078125,-0.29296875,1.3427734375,-0.01220703125,0.67138671875,-0.35400390625,0.6591796875,-0.1953125,0.96435546875,0.23193359375,1.5380859375,0.2197265625,0.76904296875,0.13427734375,2.20947265625,0.30517578125,1.2451171875,-0.20751953125,0.67138671875,0.09765625,-0.50048828125,-0.1953125,-0.18310546875,0,-1.01318359375,0.15869140625,0.048828125,0.35400390625,0.01220703125,0.3662109375,2.23388671875,-0.06103515625,-0.732421875,-0.01220703125,-0.67138671875,-0.0244140625,-0.634765625,-0.0732421875,-0.048828125,-0.08544921875,1.13525390625,-0.1708984375,0.3662109375,-0.15869140625,0.20751953125,-0.3173828125,6.65283203125,0.13427734375,0.35400390625,-0.048828125,-0.0244140625,-0.0732421875,-0.01220703125,-0.06103515625,0.15869140625,-0.10986328125,0.69580078125,-0.1220703125,1.33056640625,-0.13427734375,0.20751953125,-0.08544921875,0.4638671875
1,0.0732421875,-0.5126953125,-0.4638671875,-0.390625,-0.0244140625,-0.50048828125,-0.08544921875,-0.0732421875,0.0732421875,-0.08544921875,-0.06103515625,-0.93994140625,0.18310546875,1.0009765625,0.390625,-0.1708984375,0.06103515625,-0.57373046875,0.06103515625,-0.10986328125,-0.28076171875,0.89111328125,0.146484375,-0.62255859375,-0.2197265625,0.01220703125,-0.10986328125,-0.5859375,0.0244140625,1.123046875,-0.08544921875,-0.09765625,0.244140625,-0.48828125,0.18310546875,-1.0498046875,-0.146484375,-0.390625,0.06103515625,-0.81787109375,-0.06103515625,-0.1708984375,-0.06103515625,-0.72021484375,-0.03662109375,-0.4638671875,-0.28076171875,0.5859375,-0.1708984375,1.220703125,0.244140625,0.64697265625,0.03662109375,-0.10986328125,-0.1220703125,0.830078125,-0.32958984375,0.7080078125,0.18310546875,0.50048828125,-0.62255859375,0.4638671875,0.5615234375,0.03662109375,0.01220703125,0.93994140625,-0.23193359375,1.416015625,0,0.72021484375,-0.25634765625,0.69580078125,-0.1953125,0.91552734375,0.2197265625,1.42822265625,0.18310546875,0.64697265625,0.08544921875,2.0751953125,0.2685546875,0.52490234375,-0.18310546875,0.40283203125,-0.0244140625,-0.7080078125,-0.146484375,-0.42724609375,-0.08544921875,-0.8544921875,0.1708984375,0.1953125,0.4150390625,0.1708984375,0.30517578125,3.125,-0.08544921875,-0.72021484375,0.01220703125,-0.64697265625,-0.06103515625,-0.634765625,-0.09765625,-0.048828125,-0.1220703125,0.93994140625,-0.1708984375,0.15869140625,-0.10986328125,0.048828125,-0.4150390625,5.95703125,0.1220703125,0.341796875,-0.0732421875,-0.03662109375,-0.06103515625,0.01220703125,-0.048828125,0.146484375,-0.1220703125,0.72021484375,-0.15869140625,1.30615234375,-0.146484375,0.15869140625,-0.0732421875,0.45166015625
1,0.0732421875,-0.537109375,-0.48828125,-0.40283203125,0.01220703125,-0.50048828125,-0.0732421875,-0.08544921875,0.09765625,-0.08544921875,-0.1220703125,-0.9521484375,0.15869140625,1.0009765625,0.3662109375,-0.18310546875,0,-0.57373046875,0.0732421875,-0.10986328125,-0.1708984375,0.93994140625,0.1708984375,-0.6103515625,-0.1953125,0.06103515625,-0.18310546875,-0.54931640625,-0.03662109375,1.171875,-0.09765625,0.08544921875,0.28076171875,-0.5126953125,0.20751953125,-1.025390625,-0.13427734375,-0.42724609375,0.0732421875,-0.81787109375,-0.01220703125,-0.18310546875,0.06103515625,-0.72021484375,-0.06103515625,-0.48828125,-0.29296875,0.5615234375,-0.08544921875,1.1962890625,0.244140625,0.7080078125,0.10986328125,-0.10986328125,-0.23193359375,0.86669921875,-0.25634765625,0.7080078125,0.06103515625,0.537109375,-0.732421875,0.48828125,0.54931640625,0.0244140625,0.0244140625,1.01318359375,-0.15869140625,1.4404296875,-0.0244140625,0.72021484375,-0.1953125,0.732421875,-0.15869140625,0.927734375,0.244140625,1.26953125,0.10986328125,0.54931640625,0.0244140625,1.94091796875,0.23193359375,-0.1708984375,-0.13427734375,0.1708984375,-0.10986328125,-0.89111328125,-0.13427734375,-0.59814453125,-0.18310546875,-0.72021484375,0.18310546875,0.3173828125,0.42724609375,0.3173828125,0.37841796875,4.01611328125,-0.10986328125,-0.72021484375,0,-0.6591796875,-0.1220703125,-0.62255859375,-0.0732421875,-0.048828125,-0.13427734375,0.78125,-0.146484375,0.01220703125,-0.1220703125,-0.06103515625,-0.47607421875,5.322265625,0.13427734375,0.35400390625,-0.06103515625,-0.0244140625,-0.06103515625,0.01220703125,-0.03662109375,0.13427734375,-0.1220703125,0.6591796875,-0.09765625,1.26953125,-0.13427734375,0.09765625,-0.048828125,0.341796875
1,0.03662109375,-0.5126953125,-0.47607421875,-0.390625,0.03662109375,-0.48828125,-0.09765625,-0.0732421875,0.146484375,-0.048828125,-0.1220703125,-0.927734375,0.10986328125,1.01318359375,0.341796875,-0.1708984375,0,-0.5859375,0.03662109375,-0.13427734375,0,0.98876953125,0.15869140625,-0.62255859375,-0.1953125,0.13427734375,-0.20751953125,-0.52490234375,-0.1220703125,1.2451171875,-0.08544921875,0.29296875,0.30517578125,-0.5126953125,0.18310546875,-1.01318359375,-0.09765625,-0.42724609375,0.06103515625,-0.81787109375,-0.01220703125,-0.1953125,0.15869140625,-0.72021484375,-0.0732421875,-0.48828125,-0.29296875,0.5615234375,-0.01220703125,1.220703125,0.29296875,0.74462890625,0.146484375,-0.09765625,-0.2685546875,0.9033203125,-0.20751953125,0.7080078125,0.03662109375,0.5126953125,-0.732421875,0.47607421875,0.59814453125,0.048828125,0.06103515625,1.025390625,-0.048828125,1.42822265625,-0.06103515625,0.67138671875,-0.1220703125,0.74462890625,-0.048828125,1.0986328125,0.29296875,1.20849609375,0.03662109375,0.5126953125,0.03662109375,1.89208984375,0.13427734375,-0.79345703125,-0.0732421875,-0.03662109375,-0.20751953125,-1.06201171875,-0.20751953125,-0.76904296875,-0.2685546875,-0.5615234375,0.23193359375,0.4150390625,0.4638671875,0.45166015625,0.23193359375,4.8583984375,-0.1220703125,-0.7080078125,-0.01220703125,-0.6591796875,-0.1220703125,-0.62255859375,-0.06103515625,-0.06103515625,-0.09765625,0.67138671875,-0.20751953125,-0.1220703125,-0.10986328125,-0.146484375,-0.4150390625,4.8095703125,0.146484375,0.32958984375,-0.048828125,-0.03662109375,-0.0732421875,0.01220703125,-0.0244140625,0.13427734375,-0.10986328125,0.59814453125,-0.08544921875,1.220703125,-0.1708984375,0.01220703125,-0.03662109375,0.1953125
1,0.03662109375,-0.4638671875,-0.4638671875,-0.37841796875,0.09765625,-0.45166015625,-0.13427734375,-0.08544921875,0.18310546875,-0.06103515625,-0.13427734375,-0.927734375,0.06103515625,1.01318359375,0.29296875,-0.1708984375,0,-0.5615234375,0.048828125,-0.13427734375,0.09765625,1.0009765625,0.1220703125,-0.6103515625,-0.244140625,0.15869140625,-0.20751953125,-0.50048828125,-0.1953125,1.26953125,-0.09765625,0.4638671875,0.3662109375,-0.52490234375,0.1953125,-1.01318359375,-0.048828125,-0.4638671875,0.06103515625,-0.84228515625,-0.06103515625,-0.2197265625,0.25634765625,-0.732421875,-0.09765625,-0.47607421875,-0.341796875,0.54931640625,0.08544921875,1.26953125,0.244140625,0.79345703125,0.20751953125,-0.0732421875,-0.341796875,0.93994140625,-0.18310546875,0.7080078125,0,0.5126953125,-0.79345703125,0.4638671875,0.6103515625,0.048828125,0.08544921875,1.025390625,0.048828125,1.42822265625,-0.08544921875,0.5859375,-0.0732421875,0.69580078125,0.048828125,1.4404296875,0.1953125,1.28173828125,-0.0244140625,0.5859375,0,1.94091796875,0.1220703125,-1.171875,-0.01220703125,-0.15869140625,-0.20751953125,-1.171875,-0.25634765625,-0.84228515625,-0.3173828125,-0.47607421875,0.25634765625,0.52490234375,0.48828125,0.52490234375,0.0244140625,5.615234375,-0.146484375,-0.69580078125,-0.01220703125,-0.67138671875,-0.1220703125,-0.634765625,-0.06103515625,-0.06103515625,-0.0732421875,0.59814453125,-0.2685546875,-0.18310546875,-0.0732421875,-0.1708984375,-0.30517578125,4.52880859375,0.1220703125,0.35400390625,-0.048828125,-0.01220703125,-0.06103515625,0.03662109375,0.01220703125,0.13427734375,-0.09765625,0.48828125,-0.0244140625,1.25732421875,-0.18310546875,-0.06103515625,0.01220703125,0.0732421875
1,0.01220703125,-0.390625,-0.439453125,-0.3662109375,0.13427734375,-0.439453125,-0.146484375,-0.10986328125,0.1708984375,-0.06103515625,-0.1220703125,-0.91552734375,0.03662109375,1.01318359375,0.28076171875,-0.1708984375,0.0244140625,-0.57373046875,0.03662109375,-0.146484375,0.1220703125,1.01318359375,0.0732421875,-0.6103515625,-0.2685546875,0.15869140625,-0.20751953125,-0.5126953125,-0.25634765625,1.26953125,-0.09765625,0.57373046875,0.40283203125,-0.48828125,0.146484375,-0.9765625,-0.06103515625,-0.48828125,0.09765625,-0.830078125,-0.13427734375,-0.23193359375,0.32958984375,-0.7080078125,-0.13427734375,-0.439453125,-0.35400390625,0.54931640625,0.18310546875,1.33056640625,0.28076171875,0.84228515625,0.25634765625,-0.048828125,-0.3662109375,0.96435546875,-0.1220703125,0.732421875,-0.0244140625,0.5126953125,-0.830078125,0.4638671875,0.50048828125,0.06103515625,0,0.96435546875,0.18310546875,1.37939453125,-0.1220703125,0.50048828125,-0.06103515625,0.68359375,0.146484375,2.01416015625,0.1953125,1.42822265625,-0.08544921875,0.81787109375,0.0244140625,2.18505859375,0.0244140625,-1.30615234375,0.03662109375,-0.2197265625,-0.15869140625,-1.220703125,-0.23193359375,-0.84228515625,-0.3662109375,-0.4150390625,0.25634765625,0.5859375,0.4638671875,0.59814453125,-0.09765625,6.21337890625,-0.1708984375,-0.7080078125,-0.0244140625,-0.67138671875,-0.09765625,-0.634765625,-0.0244140625,-0.03662109375,-0.0244140625,0.62255859375,-0.341796875,-0.20751953125,-0.06103515625,-0.1708984375,-0.30517578125,4.45556640625,0.0732421875,0.341796875,-0.08544921875,-0.0244140625,-0.0732421875,0.03662109375,-0.01220703125,0.1220703125,-0.08544921875,0.48828125,-0.06103515625,1.45263671875,-0.2197265625,-0.06103515625,0,0.0732421875
1,0.01220703125,-0.30517578125,-0.439453125,-0.341796875,0.1953125,-0.42724609375,-0.146484375,-0.0732421875,0.15869140625,-0.0732421875,-0.13427734375,-0.927734375,-0.0244140625,1.025390625,0.25634765625,-0.15869140625,0.03662109375,-0.59814453125,0.0244140625,-0.15869140625,0.1708984375,1.025390625,0.0244140625,-0.62255859375,-0.3173828125,0.13427734375,-0.18310546875,-0.5615234375,-0.29296875,1.20849609375,-0.06103515625,0.5859375,0.341796875,-0.47607421875,0.08544921875,-0.927734375,-0.048828125,-0.52490234375,0.146484375,-0.830078125,-0.18310546875,-0.244140625,0.4150390625,-0.732421875,-0.18310546875,-0.439453125,-0.341796875,0.537109375,0.13427734375,1.37939453125,0.3173828125,0.830078125,0.32958984375,-0.03662109375,-0.29296875,1.0009765625,-0.13427734375,0.7080078125,-0.01220703125,0.48828125,-0.830078125,0.4638671875,0.4638671875,0.08544921875,-0.08544921875,0.87890625,0.244140625,1.2939453125,-0.08544921875,0.4150390625,-0.01220703125,0.634765625,0.2197265625,2.8564453125,0.146484375,1.7822265625,-0.09765625,1.171875,0.06103515625,2.60009765625,0.01220703125,-1.13525390625,0.08544921875,-0.18310546875,-0.146484375,-1.171875,-0.2197265625,-0.76904296875,-0.28076171875,-0.42724609375,0.23193359375,0.59814453125,0.37841796875,0.62255859375,-0.15869140625,6.57958984375,-0.15869140625,-0.72021484375,-0.01220703125,-0.6591796875,-0.08544921875,-0.634765625,-0.0244140625,-0.03662109375,-0.0244140625,0.634765625,-0.40283203125,-0.15869140625,-0.03662109375,-0.1220703125,-0.25634765625,4.5654296875,0.0732421875,0.32958984375,-0.09765625,0.01220703125,-0.0732421875,0.048828125,-0.01220703125,0.1220703125,-0.08544921875,0.6103515625,-0.03662109375,1.806640625,-0.20751953125,0.06103515625,0.03662109375,0.23193359375
1,0.01220703125,-0.2197265625,-0.4638671875,-0.341796875,0.20751953125,-0.40283203125,-0.146484375,-0.08544921875,0.09765625,-0.0732421875,-0.10986328125,-0.91552734375,-0.0732421875,1.01318359375,0.20751953125,-0.1708984375,0.048828125,-0.62255859375,0.0732421875,-0.146484375,0.1953125,1.01318359375,0.0244140625,-0.6103515625,-0.390625,0.08544921875,-0.18310546875,-0.5859375,-0.2685546875,1.13525390625,0.03662109375,0.4638671875,0.341796875,-0.47607421875,-0.01220703125,-0.9033203125,-0.06103515625,-0.5615234375,0.18310546875,-0.830078125,-0.1953125,-0.28076171875,0.45166015625,-0.732421875,-0.1953125,-0.42724609375,-0.25634765625,0.52490234375,0.146484375,1.45263671875,0.32958984375,0.8056640625,0.35400390625,0.01220703125,-0.244140625,0.96435546875,-0.1953125,0.69580078125,-0.048828125,0.47607421875,-0.89111328125,0.50048828125,0.35400390625,0.08544921875,-0.15869140625,0.8056640625,0.32958984375,1.20849609375,0.01220703125,0.30517578125,0,0.57373046875,0.15869140625,3.86962890625,0.09765625,2.2705078125,-0.146484375,1.64794921875,0.0244140625,3.1494140625,0.06103515625,-0.7080078125,0.15869140625,-0.03662109375,-0.1220703125,-1.03759765625,-0.1220703125,-0.6103515625,-0.20751953125,-0.47607421875,0.1953125,0.57373046875,0.29296875,0.62255859375,-0.18310546875,6.65283203125,-0.13427734375,-0.72021484375,0.01220703125,-0.6591796875,-0.10986328125,-0.64697265625,0.01220703125,-0.048828125,-0.048828125,0.72021484375,-0.4150390625,-0.1220703125,0,-0.0732421875,-0.20751953125,4.82177734375,0.03662109375,0.32958984375,-0.09765625,-0.01220703125,-0.0732421875,0.03662109375,-0.0244140625,0.13427734375,-0.06103515625,0.89111328125,-0.146484375,2.38037109375,-0.20751953125,0.3662109375,0.0244140625,0.6103515625
1,-0.0244140625,-0.146484375,-0.4638671875,-0.35400390625,0.18310546875,-0.40283203125,-0.146484375,-0.09765625,0.06103515625,-0.0732421875,-0.0732421875,-0.927734375,-0.08544921875,1.01318359375,0.20751953125,-0.1708984375,0.03662109375,-0.634765625,0.10986328125,-0.146484375,0.2197265625,0.98876953125,0.0732421875,-0.62255859375,-0.3662109375,0.03662109375,-0.1708984375,-0.64697265625,-0.23193359375,1.07421875,-0.01220703125,0.29296875,0.341796875,-0.50048828125,-0.0732421875,-0.79345703125,-0.0732421875,-0.59814453125,0.2197265625,-0.81787109375,-0.20751953125,-0.29296875,0.50048828125,-0.72021484375,-0.20751953125,-0.4150390625,-0.146484375,0.52490234375,0.09765625,1.45263671875,0.3662109375,0.732421875,0.42724609375,-0.01220703125,-0.20751953125,0.93994140625,-0.1953125,0.67138671875,-0.03662109375,0.45166015625,-0.87890625,0.48828125,0.30517578125,0.06103515625,-0.23193359375,0.72021484375,0.32958984375,1.15966796875,0.13427734375,0.25634765625,0.01220703125,0.52490234375,0.03662109375,5.06591796875,0.0732421875,2.83203125,-0.1220703125,2.24609375,-0.03662109375,3.84521484375,-0.01220703125,0,0.18310546875,0.1953125,-0.146484375,-0.84228515625,-0.03662109375,-0.390625,-0.1220703125,-0.54931640625,0.1953125,0.5126953125,0.15869140625,0.57373046875,-0.146484375,6.3720703125,-0.1220703125,-0.72021484375,0,-0.634765625,-0.1220703125,-0.64697265625,0.048828125,-0.048828125,-0.048828125,0.79345703125,-0.42724609375,-0.048828125,0.01220703125,-0.0244140625,-0.18310546875,5.11474609375,0.03662109375,0.341796875,-0.10986328125,0,-0.06103515625,0.048828125,-0.06103515625,0.13427734375,-0.09765625,1.37939453125,-0.244140625,3.125,-0.23193359375,0.78125,-0.0244140625,1.1962890625
0,-0.0244140625,-0.10986328125,-0.4638671875,-0.35400390625,0.1708984375,-0.439453125,-0.13427734375,-0.09765625,0.0244140625,-0.06103515625,-0.06103515625,-0.93994140625,-0.08544921875,1.01318359375,0.15869140625,-0.1708984375,0.0244140625,-0.64697265625,0.1708984375,-0.13427734375,0.23193359375,0.9521484375,0.1220703125,-0.62255859375,-0.37841796875,-0.0244140625,-0.13427734375,-0.69580078125,-0.15869140625,1.01318359375,-0.03662109375,0.08544921875,0.3173828125,-0.45166015625,-0.20751953125,-0.634765625,-0.10986328125,-0.57373046875,0.1953125,-0.79345703125,-0.25634765625,-0.29296875,0.50048828125,-0.7080078125,-0.18310546875,-0.390625,-0.08544921875,0.5126953125,0.048828125,1.46484375,0.37841796875,0.67138671875,0.48828125,-0.048828125,-0.1953125,0.87890625,-0.2197265625,0.67138671875,-0.0244140625,0.47607421875,-0.96435546875,0.50048828125,0.2685546875,0.048828125,-0.18310546875,0.6591796875,0.3173828125,1.11083984375,0.13427734375,0.20751953125,-0.0244140625,0.48828125,0.08544921875,6.3232421875,-0.01220703125,3.4912109375,-0.10986328125,2.8564453125,-0.09765625,4.57763671875,0.0732421875,0.84228515625,0.2197265625,0.50048828125,-0.15869140625,-0.5859375,0.048828125,-0.08544921875,-0.048828125,-0.68359375,0.18310546875,0.4150390625,0.03662109375,0.47607421875,-0.08544921875,5.74951171875,-0.0732421875,-0.72021484375,0,-0.64697265625,-0.146484375,-0.634765625,0.08544921875,-0.048828125,-0.06103515625,0.830078125,-0.390625,0,0.0244140625,0,-0.146484375,5.2734375,-0.01220703125,0.32958984375,-0.10986328125,-0.01220703125,-0.06103515625,0.03662109375,-0.08544921875,0.13427734375,-0.09765625,1.98974609375,-0.23193359375,4.06494140625,-0.2197265625,1.318359375,-0.03662109375,1.9775390625
0,-0.03662109375,-0.09765625,-0.4638671875,-0.3662109375,0.146484375,-0.4150390625,-0.08544921875,-0.10986328125,0.0244140625,-0.048828125,-0.06103515625,-0.927734375,-0.08544921875,1.0009765625,0.09765625,-0.15869140625,0.0244140625,-0.634765625,0.23193359375,-0.146484375,0.3173828125,0.87890625,0.1708984375,-0.6103515625,-0.3662109375,-0.0732421875,-0.13427734375,-0.72021484375,-0.10986328125,0.9765625,-0.09765625,-0.13427734375,0.32958984375,-0.4150390625,-0.244140625,-0.390625,-0.13427734375,-0.52490234375,0.1708984375,-0.74462890625,-0.28076171875,-0.29296875,0.439453125,-0.7080078125,-0.1708984375,-0.42724609375,-0.0244140625,0.5126953125,0.0244140625,1.416015625,0.4638671875,0.5615234375,0.48828125,-0.06103515625,-0.146484375,0.81787109375,-0.23193359375,0.67138671875,0.01220703125,0.50048828125,-1.01318359375,0.537109375,0.244140625,0.06103515625,-0.146484375,0.6103515625,0.37841796875,1.0498046875,0.18310546875,0.1708984375,-0.03662109375,0.45166015625,0.2197265625,7.55615234375,-0.03662109375,4.08935546875,-0.01220703125,3.466796875,-0.1220703125,5.31005859375,0.18310546875,1.806640625,0.2197265625,0.84228515625,-0.20751953125,-0.3173828125,0.146484375,0.20751953125,0,-0.84228515625,0.18310546875,0.29296875,-0.06103515625,0.35400390625,-0.0244140625,4.84619140625,-0.048828125,-0.732421875,0.01220703125,-0.634765625,-0.15869140625,-0.6591796875,0.0732421875,-0.0244140625,-0.0732421875,0.79345703125,-0.3173828125,-0.01220703125,-0.01220703125,-0.0244140625,-0.15869140625,5.23681640625,-0.03662109375,0.341796875,-0.10986328125,-0.0244140625,-0.06103515625,-0.01220703125,-0.08544921875,0.146484375,-0.10986328125,2.734375,-0.30517578125,5.04150390625,-0.2685546875,1.94091796875,-0.09765625,2.86865234375
0,-0.03662109375,-0.10986328125,-0.47607421875,-0.35400390625,0.1220703125,-0.45166015625,-0.0732421875,-0.0732421875,0.01220703125,-0.0244140625,-0.08544921875,-0.91552734375,-0.0732421875,0.98876953125,0.06103515625,-0.146484375,0.01220703125,-0.634765625,0.25634765625,-0.1220703125,0.3173828125,0.84228515625,0.1953125,-0.6103515625,-0.32958984375,-0.0732421875,-0.1708984375,-0.7080078125,-0.08544921875,0.9765625,-0.15869140625,-0.25634765625,0.341796875,-0.30517578125,-0.18310546875,-0.06103515625,-0.15869140625,-0.439453125,0.146484375,-0.64697265625,-0.32958984375,-0.2685546875,0.341796875,-0.7080078125,-0.09765625,-0.439453125,0.048828125,0.537109375,-0.048828125,1.3671875,0.439453125,0.48828125,0.50048828125,-0.09765625,-0.10986328125,0.78125,-0.23193359375,0.68359375,-0.03662109375,0.5126953125,-0.98876953125,0.5859375,0.244140625,0.06103515625,-0.09765625,0.5859375,0.244140625,1.025390625,0.146484375,0.18310546875,-0.09765625,0.439453125,0.244140625,8.67919921875,-0.03662109375,4.58984375,0.0732421875,4.00390625,-0.146484375,5.95703125,0.25634765625,2.79541015625,0.15869140625,1.220703125,-0.2685546875,-0.048828125,0.1220703125,0.5126953125,0.03662109375,-1.01318359375,0.18310546875,0.13427734375,-0.18310546875,0.1953125,-0.048828125,3.74755859375,-0.01220703125,-0.732421875,-0.01220703125,-0.6591796875,-0.15869140625,-0.64697265625,0.03662109375,-0.03662109375,-0.10986328125,0.7080078125,-0.244140625,-0.048828125,-0.048828125,-0.09765625,-0.09765625,4.9072265625,-0.06103515625,0.341796875,-0.09765625,-0.03662109375,-0.06103515625,-0.03662109375,-0.0732421875,0.13427734375,-0.08544921875,3.515625,-0.18310546875,6.005859375,-0.2197265625,2.5634765625,-0.0732421875,3.7841796875
0,0,-0.1220703125,-0.47607421875,-0.37841796875,0.13427734375,-0.48828125,-0.0732421875,-0.0732421875,0.03662109375,-0.0244140625,-0.13427734375,-0.927734375,-0.06103515625,0.98876953125,0.06103515625,-0.146484375,0,-0.6103515625,0.28076171875,-0.13427734375,0.32958984375,0.7568359375,0.18310546875,-0.59814453125,-0.25634765625,-0.08544921875,-0.13427734375,-0.7080078125,-0.01220703125,0.9765625,-0.1708984375,-0.29296875,0.29296875,-0.20751953125,-0.18310546875,0.35400390625,-0.15869140625,-0.30517578125,0.13427734375,-0.50048828125,-0.30517578125,-0.244140625,0.25634765625,-0.7080078125,-0.0244140625,-0.45166015625,0.08544921875,0.537109375,-0.09765625,1.28173828125,0.4638671875,0.42724609375,0.54931640625,-0.146484375,-0.03662109375,0.74462890625,-0.25634765625,0.68359375,-0.0244140625,0.537109375,-1.01318359375,0.634765625,0.244140625,0.0732421875,-0.03662109375,0.57373046875,0.13427734375,1.0009765625,0.0732421875,0.18310546875,-0.146484375,0.40283203125,0.1220703125,9.63134765625,-0.0732421875,5.04150390625,0.1220703125,4.443359375,-0.20751953125,6.4697265625,0.25634765625,3.7353515625,0.146484375,1.59912109375,-0.25634765625,0.2197265625,0.0732421875,0.79345703125,0.048828125,-1.15966796875,0.1708984375,-0.01220703125,-0.23193359375,0.0244140625,-0.03662109375,2.587890625,0,-0.72021484375,-0.0732421875,-0.64697265625,-0.146484375,-0.64697265625,-0.0244140625,-0.048828125,-0.1220703125,0.52490234375,-0.10986328125,-0.18310546875,-0.09765625,-0.2197265625,-0.0732421875,4.26025390625,-0.06103515625,0.341796875,-0.0732421875,-0.0244140625,-0.048828125,-0.06103515625,-0.06103515625,0.13427734375,-0.09765625,4.2236328125,-0.13427734375,6.84814453125,-0.23193359375,3.11279296875,-0.09765625,4.65087890625
0,-0.0244140625,-0.13427734375,-0.5126953125,-0.37841796875,0.146484375,-0.47607421875,-0.09765625,-0.09765625,0.0732421875,-0.0244140625,-0.1708984375,-0.927734375,-0.03662109375,0.98876953125,0.06103515625,-0.15869140625,0,-0.59814453125,0.30517578125,-0.10986328125,0.35400390625,0.7568359375,0.13427734375,-0.59814453125,-0.146484375,-0.06103515625,-0.146484375,-0.68359375,0,0.98876953125,-0.1953125,-0.23193359375,0.2685546875,-0.048828125,-0.0244140625,0.8544921875,-0.1220703125,-0.13427734375,0.15869140625,-0.341796875,-0.30517578125,-0.2197265625,0.15869140625,-0.72021484375,0.08544921875,-0.4638671875,0.09765625,0.5615234375,-0.146484375,1.1962890625,0.439453125,0.4150390625,0.52490234375,-0.1953125,-0.03662109375,0.7080078125,-0.20751953125,0.72021484375,-0.0244140625,0.54931640625,-0.96435546875,0.72021484375,0.1953125,0.06103515625,-0.01220703125,0.54931640625,0.10986328125,0.98876953125,0.1220703125,0.1708984375,-0.0732421875,0.3662109375,0.0732421875,10.3515625,-0.06103515625,5.28564453125,0.1708984375,4.7607421875,-0.23193359375,6.82373046875,0.1708984375,4.541015625,0.06103515625,1.953125,-0.23193359375,0.42724609375,0.01220703125,1.025390625,0.0244140625,-1.2939453125,0.13427734375,-0.1708984375,-0.25634765625,-0.1220703125,-0.03662109375,1.47705078125,-0.01220703125,-0.7080078125,-0.10986328125,-0.6591796875,-0.13427734375,-0.62255859375,-0.06103515625,-0.06103515625,-0.146484375,0.28076171875,-0.048828125,-0.390625,-0.146484375,-0.390625,-0.13427734375,3.369140625,-0.06103515625,0.35400390625,-0.09765625,-0.01220703125,-0.0732421875,-0.08544921875,-0.08544921875,0.146484375,-0.0732421875,4.8095703125,-0.1220703125,7.51953125,-0.2197265625,3.5400390625,-0.06103515625,5.3466796875
0,-0.03662109375,-0.15869140625,-0.50048828125,-0.4150390625,0.10986328125,-0.50048828125,-0.08544921875,-0.10986328125,0.06103515625,-0.048828125,-0.2197265625,-0.93994140625,-0.03662109375,1.01318359375,0.0244140625,-0.1708984375,0,-0.57373046875,0.29296875,-0.10986328125,0.30517578125,0.76904296875,0.08544921875,-0.59814453125,-0.0732421875,-0.06103515625,-0.20751953125,-0.64697265625,-0.01220703125,1.01318359375,-0.18310546875,-0.10986328125,0.30517578125,0.146484375,0.048828125,1.3916015625,-0.08544921875,0.0244140625,0.10986328125,-0.1953125,-0.28076171875,-0.1953125,0.08544921875,-0.7080078125,0.1953125,-0.45166015625,0.1220703125,0.57373046875,-0.20751953125,1.1474609375,0.35400390625,0.4150390625,0.537109375,-0.2197265625,-0.03662109375,0.732421875,-0.18310546875,0.72021484375,-0.048828125,0.57373046875,-0.96435546875,0.8056640625,0.20751953125,0.0732421875,-0.01220703125,0.537109375,-0.0244140625,0.98876953125,-0.01220703125,0.1953125,-0.1220703125,0.35400390625,-0.048828125,10.8642578125,-0.0732421875,5.40771484375,0.146484375,4.9560546875,-0.2685546875,7.04345703125,0.10986328125,5.2001953125,-0.01220703125,2.25830078125,-0.20751953125,0.6103515625,-0.08544921875,1.220703125,0.01220703125,-1.3916015625,0.08544921875,-0.28076171875,-0.29296875,-0.25634765625,0.01220703125,0.54931640625,-0.048828125,-0.7080078125,-0.13427734375,-0.67138671875,-0.1708984375,-0.62255859375,-0.06103515625,-0.06103515625,-0.1220703125,0.01220703125,0.0244140625,-0.6591796875,-0.18310546875,-0.6103515625,-0.1220703125,2.34375,-0.03662109375,0.341796875,-0.09765625,-0.0244140625,-0.06103515625,-0.06103515625,-0.06103515625,0.146484375,-0.08544921875,5.2001953125,-0.1220703125,7.97119140625,-0.23193359375,3.80859375,-0.06103515625,5.79833984375
0,-0.03662109375,-0.15869140625,-0.5126953125,-0.4150390625,0.06103515625,-0.48828125,-0.048828125,-0.13427734375,0.03662109375,-0.06103515625,-0.20751953125,-0.927734375,-0.06103515625,1.01318359375,0.03662109375,-0.20751953125,0.03662109375,-0.5859375,0.2685546875,-0.10986328125,0.37841796875,0.7568359375,0.08544921875,-0.59814453125,-0.03662109375,-0.048828125,-0.2197265625,-0.6591796875,0.01220703125,1.0009765625,-0.09765625,0.048828125,0.29296875,0.30517578125,0.13427734375,1.91650390625,-0.0244140625,0.15869140625,0.06103515625,0,-0.244140625,-0.18310546875,0.048828125,-0.72021484375,0.244140625,-0.47607421875,0.09765625,0.57373046875,-0.18310546875,1.11083984375,0.37841796875,0.47607421875,0.48828125,-0.20751953125,0.06103515625,0.732421875,-0.1953125,0.7080078125,-0.08544921875,0.5615234375,-0.927734375,0.89111328125,0.1708984375,0.08544921875,0.01220703125,0.52490234375,-0.01220703125,0.98876953125,-0.08544921875,0.1953125,-0.0732421875,0.3173828125,-0.06103515625,11.083984375,-0.08544921875,5.45654296875,0.1220703125,5.01708984375,-0.244140625,7.06787109375,0.06103515625,5.67626953125,-0.06103515625,2.490234375,-0.15869140625,0.74462890625,-0.15869140625,1.3671875,-0.06103515625,-1.46484375,0.03662109375,-0.35400390625,-0.2685546875,-0.37841796875,0.0244140625,-0.15869140625,-0.08544921875,-0.72021484375,-0.146484375,-0.67138671875,-0.1953125,-0.62255859375,-0.03662109375,-0.0732421875,-0.0732421875,-0.25634765625,0.10986328125,-0.927734375,-0.23193359375,-0.8056640625,-0.10986328125,1.28173828125,-0.0244140625,0.341796875,-0.06103515625,-0.03662109375,-0.048828125,-0.048828125,-0.06103515625,0.15869140625,-0.10986328125,5.38330078125,-0.18310546875,8.14208984375,-0.25634765625,3.90625,-0.08544921875,5.99365234375
0,-0.048828125,-0.146484375,-0.52490234375,-0.4150390625,0.0244140625,-0.47607421875,-0.03662109375,-0.13427734375,0.03662109375,-0.048828125,-0.18310546875,-0.927734375,-0.06103515625,1.03759765625,0.0732421875,-0.1953125,0.08544921875,-0.57373046875,0.20751953125,-0.1220703125,0.40283203125,0.76904296875,0.0732421875,-0.5859375,-0.01220703125,-0.06103515625,-0.30517578125,-0.634765625,0.0244140625,1.01318359375,-0.01220703125,0.2197265625,0.3173828125,0.50048828125,0.15869140625,2.4169921875,0.03662109375,0.2685546875,-0.01220703125,0.146484375,-0.2685546875,-0.18310546875,0.0244140625,-0.732421875,0.28076171875,-0.439453125,0.0732421875,0.59814453125,-0.146484375,1.07421875,0.3662109375,0.52490234375,0.40283203125,-0.18310546875,0.146484375,0.76904296875,-0.09765625,0.7080078125,-0.09765625,0.57373046875,-0.9033203125,0.927734375,0.146484375,0.09765625,0.0244140625,0.48828125,-0.03662109375,1.01318359375,-0.146484375,0.1953125,-0.08544921875,0.29296875,-0.1953125,11.07177734375,-0.0732421875,5.322265625,0.1220703125,4.99267578125,-0.15869140625,6.982421875,0.0244140625,5.99365234375,-0.09765625,2.685546875,-0.13427734375,0.79345703125,-0.23193359375,1.45263671875,-0.1708984375,-1.4892578125,-0.0244140625,-0.37841796875,-0.244140625,-0.439453125,0,-0.54931640625,-0.10986328125,-0.7080078125,-0.146484375,-0.67138671875,-0.20751953125,-0.62255859375,0,-0.08544921875,-0.01220703125,-0.50048828125,0.1708984375,-1.1962890625,-0.244140625,-1.0009765625,-0.1220703125,0.390625,-0.048828125,0.32958984375,-0.06103515625,-0.0244140625,-0.0732421875,-0.03662109375,0,0.13427734375,-0.09765625,5.322265625,-0.08544921875,8.056640625,-0.244140625,3.84521484375,-0.0732421875,5.95703125
0,-0.048828125,-0.1220703125,-0.48828125,-0.4150390625,-0.0244140625,-0.47607421875,-0.048828125,-0.1220703125,-0.01220703125,-0.08544921875,-0.15869140625,-0.927734375,-0.06103515625,1.03759765625,0.08544921875,-0.20751953125,0.08544921875,-0.5859375,0.1708984375,-0.13427734375,0.390625,0.8056640625,0.06103515625,-0.59814453125,-0.0244140625,-0.0732421875,-0.37841796875,-0.62255859375,0.0732421875,0.98876953125,0,0.3662109375,0.28076171875,0.64697265625,0.1220703125,2.79541015625,0.0732421875,0.35400390625,-0.01220703125,0.244140625,-0.25634765625,-0.18310546875,0.01220703125,-0.72021484375,0.28076171875,-0.439453125,0.08544921875,0.57373046875,-0.048828125,1.07421875,0.30517578125,0.59814453125,0.29296875,-0.18310546875,0.23193359375,0.78125,-0.13427734375,0.7080078125,-0.09765625,0.5615234375,-0.9033203125,0.93994140625,0.18310546875,0.08544921875,0.1220703125,0.47607421875,-0.10986328125,1.01318359375,-0.2685546875,0.2197265625,-0.1220703125,0.3173828125,-0.28076171875,10.8642578125,-0.10986328125,5.2001953125,0.09765625,4.87060546875,-0.09765625,6.8115234375,-0.01220703125,6.14013671875,-0.0732421875,2.77099609375,-0.09765625,0.81787109375,-0.28076171875,1.47705078125,-0.2685546875,-1.50146484375,-0.048828125,-0.390625,-0.25634765625,-0.4638671875,-0.0244140625,-0.69580078125,-0.1220703125,-0.732421875,-0.13427734375,-0.69580078125,-0.15869140625,-0.62255859375,0.08544921875,-0.09765625,0.08544921875,-0.68359375,0.20751953125,-1.3916015625,-0.2197265625,-1.0986328125,-0.146484375,-0.2197265625,-0.048828125,0.341796875,-0.0732421875,-0.0244140625,-0.0732421875,-0.048828125,0.01220703125,0.146484375,-0.08544921875,5.1025390625,-0.03662109375,7.80029296875,-0.20751953125,3.6376953125,-0.048828125,5.70068359375
0,-0.08544921875,-0.10986328125,-0.4638671875,-0.42724609375,-0.048828125,-0.4638671875,-0.0244140625,-0.10986328125,-0.06103515625,-0.08544921875,-0.1220703125,-0.927734375,-0.03662109375,1.03759765625,0.10986328125,-0.18310546875,0.09765625,-0.59814453125,0.13427734375,-0.1220703125,0.40283203125,0.84228515625,0.048828125,-0.5859375,-0.09765625,-0.08544921875,-0.439453125,-0.6591796875,0.06103515625,0.96435546875,-0.0732421875,0.42724609375,0.28076171875,0.74462890625,0.2197265625,3.0517578125,0.09765625,0.4150390625,0.01220703125,0.341796875,-0.25634765625,-0.1953125,0.03662109375,-0.74462890625,0.23193359375,-0.42724609375,0.0732421875,0.59814453125,0.03662109375,1.07421875,0.29296875,0.62255859375,0.244140625,-0.15869140625,0.29296875,0.8056640625,-0.10986328125,0.68359375,-0.06103515625,0.537109375,-0.81787109375,0.927734375,0.23193359375,0.08544921875,0.09765625,0.48828125,-0.0732421875,1.07421875,-0.341796875,0.29296875,-0.13427734375,0.341796875,-0.29296875,10.48583984375,-0.15869140625,5.01708984375,0.08544921875,4.67529296875,-0.0244140625,6.591796875,-0.06103515625,6.09130859375,-0.03662109375,2.74658203125,-0.03662109375,0.8056640625,-0.20751953125,1.4404296875,-0.29296875,-1.4892578125,-0.0244140625,-0.37841796875,-0.29296875,-0.47607421875,-0.03662109375,-0.69580078125,-0.13427734375,-0.732421875,-0.1220703125,-0.7080078125,-0.1220703125,-0.62255859375,0.09765625,-0.0732421875,0.09765625,-0.74462890625,0.20751953125,-1.513671875,-0.1953125,-1.15966796875,-0.1708984375,-0.42724609375,-0.048828125,0.3173828125,-0.048828125,-0.048828125,-0.048828125,-0.03662109375,0.048828125,0.13427734375,-0.09765625,4.78515625,-0.15869140625,7.38525390625,-0.1953125,3.369140625,-0.06103515625,5.31005859375
0,-0.0732421875,-0.08544921875,-0.45166015625,-0.390625,-0.08544921875,-0.4638671875,0,-0.09765625,-0.09765625,-0.08544921875,-0.09765625,-0.927734375,-0.03662109375,1.03759765625,0.10986328125,-0.1708984375,0.09765625,-0.6103515625,0.10986328125,-0.13427734375,0.244140625,0.830078125,0.0244140625,-0.5859375,-0.10986328125,-0.10986328125,-0.47607421875,-0.6591796875,0.1220703125,0.9521484375,-0.08544921875,0.4150390625,0.20751953125,0.78125,0.2197265625,3.1494140625,0.10986328125,0.4150390625,0.06103515625,0.37841796875,-0.28076171875,-0.23193359375,0.048828125,-0.732421875,0.23193359375,-0.4150390625,0.10986328125,0.5615234375,-0.048828125,1.11083984375,0.25634765625,0.64697265625,0.1953125,-0.146484375,0.29296875,0.81787109375,-0.09765625,0.67138671875,0.01220703125,0.537109375,-0.72021484375,0.89111328125,0.28076171875,0.08544921875,0.13427734375,0.537109375,-0.09765625,1.123046875,-0.390625,0.37841796875,-0.146484375,0.4150390625,-0.3173828125,9.94873046875,-0.146484375,4.77294921875,0.09765625,4.443359375,0.06103515625,6.3232421875,-0.1220703125,5.908203125,0.0244140625,2.67333984375,-0.01220703125,0.76904296875,-0.10986328125,1.37939453125,-0.30517578125,-1.4892578125,-0.01220703125,-0.341796875,-0.3173828125,-0.48828125,-0.06103515625,-0.62255859375,-0.13427734375,-0.7568359375,-0.08544921875,-0.69580078125,-0.06103515625,-0.62255859375,0.1220703125,-0.08544921875,0.1220703125,-0.7080078125,0.1953125,-1.513671875,-0.146484375,-1.11083984375,-0.28076171875,-0.1953125,-0.08544921875,0.30517578125,-0.03662109375,-0.0732421875,-0.0732421875,-0.03662109375,0.06103515625,0.146484375,-0.1220703125,4.38232421875,-0.20751953125,6.9091796875,-0.20751953125,3.03955078125,-0.09765625,4.8583984375
0,-0.06103515625,-0.08544921875,-0.47607421875,-0.40283203125,-0.10986328125,-0.42724609375,0.01220703125,-0.08544921875,-0.09765625,-0.09765625,-0.08544921875,-0.9033203125,0,1.03759765625,0.146484375,-0.15869140625,0.06103515625,-0.59814453125,0.10986328125,-0.13427734375,0.28076171875,0.8544921875,0,-0.6103515625,-0.1953125,-0.10986328125,-0.5126953125,-0.68359375,0.09765625,0.93994140625,-0.1953125,0.341796875,0.146484375,0.76904296875,0.0732421875,3.06396484375,0.09765625,0.35400390625,0.08544921875,0.341796875,-0.341796875,-0.25634765625,0.09765625,-0.72021484375,0.146484375,-0.40283203125,0.15869140625,0.54931640625,-0.048828125,1.13525390625,0.25634765625,0.67138671875,0.1220703125,-0.1220703125,0.23193359375,0.81787109375,-0.18310546875,0.67138671875,0.06103515625,0.52490234375,-0.62255859375,0.81787109375,0.3662109375,0.0732421875,0.1220703125,0.64697265625,-0.1220703125,1.18408203125,-0.25634765625,0.47607421875,-0.18310546875,0.5126953125,-0.25634765625,9.33837890625,-0.1220703125,4.5654296875,0.09765625,4.18701171875,0.10986328125,6.04248046875,-0.1953125,5.5419921875,0.1220703125,2.490234375,0.01220703125,0.67138671875,-0.0244140625,1.2451171875,-0.28076171875,-1.4892578125,0.0244140625,-0.30517578125,-0.35400390625,-0.48828125,-0.0732421875,-0.5859375,-0.09765625,-0.74462890625,-0.146484375,-0.68359375,-0.01220703125,-0.634765625,0.15869140625,-0.0732421875,0.06103515625,-0.54931640625,0.10986328125,-1.3916015625,-0.1220703125,-1.0009765625,-0.25634765625,0.42724609375,-0.08544921875,0.29296875,-0.0244140625,-0.048828125,-0.08544921875,-0.03662109375,0.10986328125,0.1220703125,-0.13427734375,4.01611328125,-0.23193359375,6.40869140625,-0.20751953125,2.7587890625,-0.0732421875,4.4189453125
0,-0.0244140625,-0.09765625,-0.52490234375,-0.3662109375,-0.10986328125,-0.42724609375,0.0244140625,-0.0732421875,-0.08544921875,-0.10986328125,-0.09765625,-0.9033203125,0.048828125,1.03759765625,0.1708984375,-0.15869140625,0.0244140625,-0.6103515625,0.10986328125,-0.13427734375,0.29296875,0.86669921875,-0.048828125,-0.59814453125,-0.28076171875,-0.10986328125,-0.5126953125,-0.7080078125,0.03662109375,0.96435546875,-0.09765625,0.244140625,0.03662109375,0.732421875,-0.048828125,2.83203125,0.048828125,0.30517578125,0.09765625,0.2685546875,-0.37841796875,-0.28076171875,0.10986328125,-0.732421875,0.0732421875,-0.4150390625,0.23193359375,0.5126953125,-0.03662109375,1.1474609375,0.244140625,0.6591796875,0.048828125,-0.09765625,0.146484375,0.81787109375,-0.25634765625,0.68359375,0.1220703125,0.5126953125,-0.54931640625,0.72021484375,0.37841796875,0.06103515625,0.10986328125,0.732421875,-0.09765625,1.2451171875,-0.18310546875,0.57373046875,-0.1953125,0.59814453125,-0.1708984375,8.69140625,-0.1220703125,4.3701171875,0.1220703125,3.9306640625,0.10986328125,5.79833984375,-0.23193359375,5.0537109375,0.1953125,2.24609375,0.06103515625,0.537109375,0.08544921875,1.06201171875,-0.244140625,-1.513671875,0.10986328125,-0.30517578125,-0.3662109375,-0.48828125,-0.09765625,-0.68359375,-0.0732421875,-0.7568359375,-0.1708984375,-0.67138671875,0.03662109375,-0.62255859375,0.1708984375,-0.0732421875,-0.01220703125,-0.30517578125,0.048828125,-1.13525390625,-0.0732421875,-0.79345703125,-0.1708984375,1.416015625,-0.1220703125,0.3173828125,-0.048828125,-0.0732421875,-0.0732421875,-0.06103515625,0.10986328125,0.1220703125,-0.1708984375,3.6865234375,-0.2197265625,5.9814453125,-0.1953125,2.50244140625,-0.1220703125,4.0283203125
0,-0.03662109375,-0.146484375,-0.48828125,-0.37841796875,-0.1708984375,-0.439453125,0.0732421875,-0.09765625,-0.048828125,-0.08544921875,-0.1220703125,-0.91552734375,0.10986328125,1.03759765625,0.15869140625,-0.1708984375,0.01220703125,-0.62255859375,0.1220703125,-0.13427734375,0.3173828125,0.8544921875,-0.08544921875,-0.59814453125,-0.30517578125,-0.0732421875,-0.48828125,-0.67138671875,-0.0244140625,1.0009765625,-0.13427734375,0.13427734375,0,0.64697265625,-0.13427734375,2.50244140625,0.0244140625,0.1953125,0.13427734375,0.18310546875,-0.4150390625,-0.30517578125,0.09765625,-0.7080078125,0,-0.439453125,0.2685546875,0.48828125,0.01220703125,1.15966796875,0.244140625,0.6591796875,0,-0.08544921875,0.1220703125,0.830078125,-0.30517578125,0.67138671875,0.1708984375,0.50048828125,-0.5126953125,0.634765625,0.42724609375,0.0732421875,0.08544921875,0.84228515625,-0.1220703125,1.33056640625,-0.1708984375,0.67138671875,-0.2685546875,0.7080078125,-0.1220703125,8.06884765625,-0.048828125,4.13818359375,0.1953125,3.6865234375,0.146484375,5.52978515625,-0.25634765625,4.40673828125,0.244140625,1.94091796875,0.146484375,0.390625,0.18310546875,0.84228515625,-0.1953125,-1.5625,0.20751953125,-0.29296875,-0.30517578125,-0.5126953125,-0.0732421875,-0.9033203125,-0.048828125,-0.76904296875,-0.15869140625,-0.7080078125,0.03662109375,-0.6103515625,0.2197265625,-0.06103515625,-0.048828125,0.01220703125,0,-0.830078125,-0.01220703125,-0.57373046875,-0.1953125,2.6123046875,-0.1220703125,0.3173828125,-0.0732421875,-0.06103515625,-0.06103515625,-0.09765625,0.10986328125,0.10986328125,-0.1953125,3.466796875,-0.1953125,5.6396484375,-0.23193359375,2.3193359375,-0.146484375,3.7353515625
1,-0.06103515625,-0.18310546875,-0.50048828125,-0.3662109375,-0.146484375,-0.439453125,0.06103515625,-0.09765625,-0.03662109375,-0.08544921875,-0.13427734375,-0.9033203125,0.13427734375,1.03759765625,0.13427734375,-0.18310546875,0,-0.6103515625,0.10986328125,-0.10986328125,0.35400390625,0.8544921875,-0.13427734375,-0.6103515625,-0.390625,-0.06103515625,-0.439453125,-0.67138671875,-0.146484375,1.03759765625,-0.18310546875,0.03662109375,-0.0732421875,0.5126953125,-0.2197265625,2.099609375,-0.048828125,0.10986328125,0.15869140625,0.0732421875,-0.390625,-0.29296875,0.0244140625,-0.69580078125,-0.0244140625,-0.45166015625,0.32958984375,0.48828125,0.0244140625,1.1962890625,0.42724609375,0.634765625,-0.06103515625,-0.09765625,0.03662109375,0.86669921875,-0.35400390625,0.69580078125,0.1708984375,0.52490234375,-0.439453125,0.52490234375,0.537109375,0.06103515625,0.01220703125,0.93994140625,-0.10986328125,1.37939453125,-0.09765625,0.72021484375,-0.341796875,0.78125,-0.1953125,7.51953125,0.01220703125,3.99169921875,0.25634765625,3.47900390625,0.10986328125,5.28564453125,-0.2197265625,3.64990234375,0.28076171875,1.57470703125,0.2197265625,0.15869140625,0.244140625,0.57373046875,-0.146484375,-1.611328125,0.3173828125,-0.30517578125,-0.2197265625,-0.537109375,-0.08544921875,-1.25732421875,0,-0.7568359375,-0.18310546875,-0.68359375,0.0244140625,-0.62255859375,0.2197265625,-0.0732421875,-0.08544921875,0.37841796875,-0.048828125,-0.4638671875,0.03662109375,-0.28076171875,-0.18310546875,3.86962890625,-0.146484375,0.3173828125,-0.048828125,-0.03662109375,-0.08544921875,-0.08544921875,0.1220703125,0.1220703125,-0.146484375,3.35693359375,-0.10986328125,5.43212890625,-0.1953125,2.23388671875,-0.1220703125,3.564453125
1,-0.08544921875,-0.244140625,-0.45166015625,-0.35400390625,-0.13427734375,-0.45166015625,0.03662109375,-0.08544921875,0.0244140625,-0.0732421875,-0.1708984375,-0.9033203125,0.15869140625,1.025390625,0.10986328125,-0.1708984375,-0.048828125,-0.62255859375,0.1220703125,-0.13427734375,0.2685546875,0.84228515625,-0.18310546875,-0.62255859375,-0.4150390625,-0.0244140625,-0.37841796875,-0.62255859375,-0.2197265625,1.0498046875,-0.048828125,-0.01220703125,-0.08544921875,0.4150390625,-0.30517578125,1.7578125,-0.10986328125,0.03662109375,0.13427734375,-0.03662109375,-0.341796875,-0.28076171875,-0.0732421875,-0.72021484375,-0.0732421875,-0.48828125,0.35400390625,0.47607421875,-0.0732421875,1.1962890625,0.4150390625,0.6591796875,-0.03662109375,-0.0732421875,-0.0244140625,0.87890625,-0.30517578125,0.7080078125,0.13427734375,0.5126953125,-0.390625,0.45166015625,0.5615234375,0.08544921875,0.0244140625,1.025390625,-0.08544921875,1.40380859375,-0.08544921875,0.72021484375,-0.32958984375,0.8056640625,-0.3173828125,7.01904296875,0.03662109375,3.82080078125,0.30517578125,3.2470703125,0.06103515625,5.06591796875,-0.1953125,2.8076171875,0.25634765625,1.20849609375,0.32958984375,-0.0732421875,0.2197265625,0.30517578125,-0.09765625,-1.66015625,0.40283203125,-0.341796875,-0.1708984375,-0.5615234375,-0.0732421875,-1.67236328125,0,-0.732421875,-0.146484375,-0.69580078125,0.0244140625,-0.634765625,0.2197265625,-0.048828125,-0.09765625,0.732421875,-0.09765625,-0.09765625,0.0732421875,-0.01220703125,-0.1953125,5.11474609375,-0.15869140625,0.32958984375,-0.0732421875,-0.01220703125,-0.06103515625,-0.10986328125,0.13427734375,0.1220703125,-0.15869140625,3.2958984375,-0.146484375,5.31005859375,-0.244140625,2.197265625,-0.15869140625,3.4912109375
1,-0.10986328125,-0.341796875,-0.42724609375,-0.32958984375,-0.09765625,-0.45166015625,0.048828125,-0.08544921875,0.0244140625,-0.0732421875,-0.1953125,-0.91552734375,0.18310546875,1.0009765625,0.0732421875,-0.15869140625,-0.06103515625,-0.5859375,0.1220703125,-0.10986328125,0.1708984375,0.8544921875,-0.1953125,-0.634765625,-0.42724609375,-0.0244140625,-0.29296875,-0.634765625,-0.2685546875,1.0498046875,0.0244140625,0.01220703125,-0.1220703125,0.32958984375,-0.28076171875,1.46484375,-0.13427734375,-0.0244140625,0.146484375,-0.1220703125,-0.2685546875,-0.29296875,-0.1953125,-0.72021484375,-0.08544921875,-0.47607421875,0.37841796875,0.47607421875,-0.08544921875,1.220703125,0.341796875,0.64697265625,-0.06103515625,-0.0732421875,-0.03662109375,0.9033203125,-0.25634765625,0.7080078125,0.08544921875,0.50048828125,-0.40283203125,0.390625,0.62255859375,0.09765625,-0.048828125,1.03759765625,-0.15869140625,1.3916015625,-0.048828125,0.68359375,-0.35400390625,0.76904296875,-0.35400390625,6.67724609375,0.06103515625,3.7109375,0.29296875,3.076171875,0.01220703125,4.89501953125,-0.13427734375,1.91650390625,0.244140625,0.79345703125,0.390625,-0.3173828125,0.1220703125,0.0244140625,-0.03662109375,-1.69677734375,0.4638671875,-0.37841796875,-0.06103515625,-0.59814453125,0.03662109375,-2.05078125,-0.01220703125,-0.72021484375,-0.13427734375,-0.6591796875,0.01220703125,-0.62255859375,0.18310546875,-0.06103515625,-0.10986328125,1.07421875,-0.13427734375,0.244140625,0.08544921875,0.23193359375,-0.341796875,6.201171875,-0.18310546875,0.32958984375,-0.048828125,-0.01220703125,-0.08544921875,-0.1220703125,0.146484375,0.13427734375,-0.15869140625,3.2958984375,-0.15869140625,5.26123046875,-0.2197265625,2.20947265625,-0.146484375,3.50341796875
1,-0.1220703125,-0.4150390625,-0.390625,-0.341796875,-0.06103515625,-0.48828125,0.0244140625,-0.0732421875,0.03662109375,-0.08544921875,-0.2197265625,-0.927734375,0.1953125,1.0009765625,0.0732421875,-0.18310546875,-0.06103515625,-0.59814453125,0.146484375,-0.1220703125,0.06103515625,0.81787109375,-0.23193359375,-0.62255859375,-0.439453125,-0.0244140625,-0.23193359375,-0.62255859375,-0.3173828125,1.0498046875,-0.06103515625,0.0732421875,-0.13427734375,0.2685546875,-0.390625,1.30615234375,-0.18310546875,-0.06103515625,0.1220703125,-0.18310546875,-0.18310546875,-0.25634765625,-0.2685546875,-0.72021484375,-0.0732421875,-0.47607421875,0.4150390625,0.5126953125,-0.08544921875,1.220703125,0.42724609375,0.6591796875,-0.01220703125,-0.06103515625,-0.146484375,0.9033203125,-0.20751953125,0.74462890625,0.06103515625,0.48828125,-0.4150390625,0.35400390625,0.62255859375,0.08544921875,-0.09765625,0.96435546875,-0.146484375,1.3671875,-0.048828125,0.59814453125,-0.28076171875,0.72021484375,-0.4150390625,6.38427734375,0.03662109375,3.57666015625,0.25634765625,2.94189453125,-0.09765625,4.7119140625,-0.09765625,1.03759765625,0.1708984375,0.390625,0.45166015625,-0.5859375,0,-0.2685546875,-0.0244140625,-1.708984375,0.439453125,-0.42724609375,-0.01220703125,-0.634765625,0.0244140625,-2.3193359375,-0.0244140625,-0.72021484375,-0.13427734375,-0.68359375,-0.01220703125,-0.634765625,0.09765625,-0.06103515625,-0.08544921875,1.35498046875,-0.1953125,0.54931640625,0.048828125,0.45166015625,-0.40283203125,7.06787109375,-0.18310546875,0.32958984375,-0.0732421875,-0.01220703125,-0.06103515625,-0.13427734375,0.13427734375,0.146484375,-0.146484375,3.30810546875,-0.18310546875,5.2978515625,-0.25634765625,2.23388671875,-0.15869140625,3.515625
1,-0.1220703125,-0.439453125,-0.37841796875,-0.3662109375,-0.03662109375,-0.5126953125,0.03662109375,-0.09765625,0.0244140625,-0.09765625,-0.18310546875,-0.91552734375,0.1708984375,1.0009765625,0.048828125,-0.1708984375,-0.06103515625,-0.59814453125,0.1220703125,-0.13427734375,0.048828125,0.8544921875,-0.29296875,-0.62255859375,-0.3662109375,-0.048828125,-0.1708984375,-0.6591796875,-0.3173828125,0.9765625,0.03662109375,0.20751953125,-0.146484375,0.23193359375,-0.48828125,1.28173828125,-0.15869140625,-0.06103515625,0.0244140625,-0.1953125,-0.146484375,-0.2685546875,-0.32958984375,-0.69580078125,-0.09765625,-0.47607421875,0.42724609375,0.48828125,-0.1220703125,1.23291015625,0.341796875,0.68359375,0.03662109375,-0.048828125,-0.244140625,0.9033203125,-0.13427734375,0.72021484375,0.01220703125,0.48828125,-0.47607421875,0.3662109375,0.634765625,0.09765625,-0.06103515625,0.89111328125,-0.01220703125,1.30615234375,0.01220703125,0.537109375,-0.2197265625,0.64697265625,-0.4638671875,6.11572265625,0.048828125,3.4423828125,0.146484375,2.79541015625,-0.1953125,4.52880859375,-0.08544921875,0.1220703125,0.06103515625,0.0244140625,0.45166015625,-0.84228515625,-0.09765625,-0.537109375,0.0244140625,-1.72119140625,0.4150390625,-0.42724609375,0.1220703125,-0.64697265625,0.1220703125,-2.42919921875,-0.06103515625,-0.72021484375,-0.1220703125,-0.68359375,0.0244140625,-0.6103515625,0.01220703125,-0.048828125,-0.09765625,1.5625,-0.1953125,0.76904296875,-0.01220703125,0.59814453125,-0.42724609375,7.72705078125,-0.2197265625,0.32958984375,-0.0732421875,0,-0.06103515625,-0.10986328125,0.1220703125,0.146484375,-0.13427734375,3.28369140625,-0.20751953125,5.2978515625,-0.2685546875,2.23388671875,-0.15869140625,3.52783203125
1,-0.146484375,-0.4638671875,-0.3662109375,-0.37841796875,-0.0244140625,-0.5126953125,0.048828125,-0.10986328125,0.03662109375,-0.09765625,-0.13427734375,-0.91552734375,0.13427734375,1.01318359375,0.0244140625,-0.20751953125,-0.048828125,-0.59814453125,0.09765625,-0.13427734375,0.03662109375,0.84228515625,-0.30517578125,-0.6103515625,-0.3173828125,-0.08544921875,-0.1220703125,-0.68359375,-0.29296875,0.91552734375,0.03662109375,0.32958984375,-0.1708984375,0.244140625,-0.48828125,1.3916015625,-0.13427734375,-0.048828125,-0.0732421875,-0.18310546875,-0.1220703125,-0.25634765625,-0.3173828125,-0.7080078125,-0.06103515625,-0.4638671875,0.42724609375,0.52490234375,-0.06103515625,1.25732421875,0.32958984375,0.69580078125,0.048828125,-0.06103515625,-0.2685546875,0.91552734375,-0.06103515625,0.732421875,-0.048828125,0.47607421875,-0.48828125,0.390625,0.67138671875,0.09765625,-0.048828125,0.7568359375,0.0732421875,1.20849609375,-0.01220703125,0.4638671875,-0.1708984375,0.54931640625,-0.28076171875,5.87158203125,0.1220703125,3.2958984375,0.08544921875,2.64892578125,-0.18310546875,4.345703125,-0.06103515625,-0.64697265625,-0.08544921875,-0.3173828125,0.3662109375,-1.0498046875,-0.18310546875,-0.76904296875,0,-1.708984375,0.341796875,-0.42724609375,0.2197265625,-0.62255859375,0.18310546875,-2.30712890625,-0.08544921875,-0.7080078125,-0.1220703125,-0.67138671875,0.01220703125,-0.62255859375,-0.06103515625,-0.06103515625,-0.09765625,1.708984375,-0.23193359375,0.9033203125,-0.10986328125,0.732421875,-0.45166015625,8.154296875,-0.244140625,0.32958984375,-0.0732421875,0,-0.06103515625,-0.09765625,0.1220703125,0.1708984375,-0.1708984375,3.22265625,-0.18310546875,5.2734375,-0.2685546875,2.16064453125,-0.15869140625,3.4912109375
1,-0.146484375,-0.50048828125,-0.32958984375,-0.37841796875,-0.0244140625,-0.50048828125,0.03662109375,-0.10986328125,0.01220703125,-0.08544921875,-0.08544921875,-0.91552734375,0.1220703125,1.0009765625,-0.01220703125,-0.1953125,-0.01220703125,-0.5859375,0.03662109375,-0.146484375,0.03662109375,0.8544921875,-0.2685546875,-0.62255859375,-0.2685546875,-0.13427734375,-0.146484375,-0.732421875,-0.244140625,0.8544921875,0.03662109375,0.52490234375,-0.146484375,0.25634765625,-0.45166015625,1.5625,-0.13427734375,-0.03662109375,-0.13427734375,-0.10986328125,-0.048828125,-0.2685546875,-0.23193359375,-0.732421875,-0.0244140625,-0.45166015625,0.45166015625,0.5126953125,0.0244140625,1.220703125,0.32958984375,0.732421875,0.06103515625,-0.06103515625,-0.37841796875,0.87890625,0.048828125,0.72021484375,-0.0732421875,0.47607421875,-0.537109375,0.4150390625,0.7080078125,0.08544921875,0,0.634765625,0.18310546875,1.13525390625,0,0.439453125,-0.09765625,0.45166015625,-0.146484375,5.5419921875,0.13427734375,3.1494140625,-0.0244140625,2.45361328125,-0.20751953125,4.13818359375,0,-1.33056640625,-0.20751953125,-0.59814453125,0.29296875,-1.23291015625,-0.23193359375,-0.9765625,-0.048828125,-1.66015625,0.244140625,-0.439453125,0.32958984375,-0.59814453125,0.20751953125,-2.03857421875,-0.10986328125,-0.732421875,-0.15869140625,-0.67138671875,0.03662109375,-0.634765625,-0.0732421875,-0.03662109375,-0.10986328125,1.77001953125,-0.1953125,0.96435546875,-0.15869140625,0.76904296875,-0.4638671875,8.38623046875,-0.29296875,0.32958984375,-0.048828125,-0.0244140625,-0.0732421875,-0.09765625,0.1220703125,0.13427734375,-0.1708984375,3.076171875,-0.0732421875,5.126953125,-0.29296875,2.06298828125,-0.18310546875,3.35693359375
1,-0.18310546875,-0.4638671875,-0.3662109375,-0.40283203125,0.01220703125,-0.48828125,0.03662109375,-0.1220703125,-0.0244140625,-0.08544921875,-0.08544921875,-0.91552734375,0.08544921875,1.03759765625,-0.06103515625,-0.1953125,0.0244140625,-0.57373046875,0.01220703125,-0.13427734375,0.09765625,0.84228515625,-0.23193359375,-0.5859375,-0.18310546875,-0.13427734375,-0.1708984375,-0.76904296875,-0.1708984375,0.830078125,0.08544921875,0.76904296875,-0.13427734375,0.29296875,-0.35400390625,1.7333984375,-0.10986328125,-0.01220703125,-0.10986328125,-0.08544921875,0.03662109375,-0.28076171875,-0.146484375,-0.72021484375,-0.0244140625,-0.42724609375,0.439453125,0.52490234375,0.06103515625,1.220703125,0.35400390625,0.76904296875,0.0732421875,-0.08544921875,-0.42724609375,0.8544921875,0.13427734375,0.7080078125,-0.09765625,0.47607421875,-0.57373046875,0.42724609375,0.6591796875,0.0732421875,-0.0244140625,0.57373046875,0.28076171875,1.0986328125,-0.048828125,0.50048828125,-0.06103515625,0.42724609375,-0.06103515625,5.09033203125,0.13427734375,2.94189453125,-0.10986328125,2.25830078125,-0.20751953125,3.89404296875,0,-1.81884765625,-0.341796875,-0.81787109375,0.15869140625,-1.3427734375,-0.25634765625,-1.123046875,-0.03662109375,-1.611328125,0.18310546875,-0.390625,0.45166015625,-0.5615234375,0.25634765625,-1.66015625,-0.1220703125,-0.72021484375,-0.13427734375,-0.68359375,0,-0.5859375,-0.09765625,-0.06103515625,-0.10986328125,1.79443359375,-0.15869140625,0.96435546875,-0.2197265625,0.76904296875,-0.48828125,8.41064453125,-0.29296875,0.32958984375,-0.048828125,-0.0244140625,-0.0732421875,-0.0732421875,0.08544921875,0.13427734375,-0.13427734375,2.84423828125,0,4.8095703125,-0.25634765625,1.85546875,-0.15869140625,3.076171875
1,-0.1953125,-0.439453125,-0.341796875,-0.40283203125,0.06103515625,-0.45166015625,0.048828125,-0.146484375,-0.0244140625,-0.08544921875,-0.08544921875,-0.927734375,0.048828125,1.0498046875,-0.10986328125,-0.20751953125,0,-0.57373046875,-0.03662109375,-0.146484375,0.1708984375,0.86669921875,-0.1953125,-0.5859375,-0.1220703125,-0.09765625,-0.1953125,-0.74462890625,-0.1220703125,0.84228515625,0.0732421875,1.0986328125,-0.146484375,0.30517578125,-0.29296875,1.84326171875,-0.09765625,-0.0244140625,-0.09765625,-0.048828125,0.1220703125,-0.28076171875,-0.01220703125,-0.732421875,-0.0244140625,-0.4150390625,0.42724609375,0.537109375,0.10986328125,1.220703125,0.3662109375,0.84228515625,0.09765625,-0.1220703125,-0.4638671875,0.8056640625,0.146484375,0.7080078125,-0.08544921875,0.5126953125,-0.5859375,0.4638671875,0.5859375,0.06103515625,-0.09765625,0.5615234375,0.35400390625,1.0986328125,-0.03662109375,0.64697265625,-0.01220703125,0.439453125,0.10986328125,4.45556640625,0.08544921875,2.734375,-0.18310546875,2.001953125,-0.13427734375,3.60107421875,0,-2.16064453125,-0.42724609375,-0.96435546875,0.0244140625,-1.3916015625,-0.1953125,-1.20849609375,-0.06103515625,-1.55029296875,0.09765625,-0.3662109375,0.54931640625,-0.50048828125,0.1953125,-1.2451171875,-0.10986328125,-0.72021484375,-0.13427734375,-0.69580078125,-0.01220703125,-0.5859375,-0.06103515625,-0.06103515625,-0.1220703125,1.7333984375,-0.1220703125,0.87890625,-0.2197265625,0.7080078125,-0.50048828125,8.2275390625,-0.32958984375,0.3173828125,-0.01220703125,-0.048828125,-0.06103515625,-0.08544921875,0.0732421875,0.13427734375,-0.15869140625,2.5146484375,-0.01220703125,4.33349609375,-0.28076171875,1.59912109375,-0.20751953125,2.72216796875
1,-0.1953125,-0.439453125,-0.341796875,-0.390625,0.08544921875,-0.45166015625,0.048828125,-0.1220703125,0,-0.09765625,-0.09765625,-0.91552734375,0.0244140625,1.06201171875,-0.18310546875,-0.18310546875,0,-0.59814453125,-0.09765625,-0.13427734375,0.244140625,0.86669921875,-0.10986328125,-0.5859375,-0.048828125,-0.01220703125,-0.2685546875,-0.67138671875,-0.08544921875,0.93994140625,-0.048828125,1.5380859375,-0.13427734375,0.28076171875,-0.25634765625,1.81884765625,-0.0732421875,-0.048828125,-0.09765625,-0.0732421875,0.146484375,-0.29296875,0.06103515625,-0.732421875,0.01220703125,-0.40283203125,0.45166015625,0.5126953125,0.146484375,1.18408203125,0.35400390625,0.96435546875,0.1708984375,-0.13427734375,-0.537109375,0.79345703125,0.146484375,0.69580078125,-0.06103515625,0.52490234375,-0.59814453125,0.50048828125,0.4638671875,0.048828125,-0.1220703125,0.67138671875,0.4150390625,1.20849609375,-0.048828125,0.93994140625,0.048828125,0.537109375,0.1708984375,3.7109375,0.048828125,2.44140625,-0.23193359375,1.6845703125,-0.146484375,3.271484375,-0.048828125,-2.2705078125,-0.439453125,-1.0498046875,-0.06103515625,-1.40380859375,-0.18310546875,-1.25732421875,-0.146484375,-1.50146484375,0.0244140625,-0.32958984375,0.57373046875,-0.4638671875,0.08544921875,-0.927734375,-0.09765625,-0.72021484375,-0.13427734375,-0.72021484375,-0.0244140625,-0.5859375,-0.03662109375,-0.048828125,-0.0732421875,1.59912109375,-0.09765625,0.78125,-0.244140625,0.6103515625,-0.50048828125,7.89794921875,-0.341796875,0.32958984375,0,-0.03662109375,-0.08544921875,-0.0732421875,0.0732421875,0.15869140625,-0.15869140625,2.0751953125,0.0732421875,3.7353515625,-0.244140625,1.2451171875,-0.20751953125,2.2216796875
1,-0.20751953125,-0.45166015625,-0.28076171875,-0.37841796875,0.10986328125,-0.4638671875,0.06103515625,-0.1220703125,0.01220703125,-0.09765625,-0.146484375,-0.927734375,-0.0244140625,1.03759765625,-0.23193359375,-0.18310546875,0.01220703125,-0.5859375,-0.10986328125,-0.146484375,0.37841796875,0.86669921875,-0.048828125,-0.59814453125,-0.01220703125,0.13427734375,-0.341796875,-0.537109375,-0.13427734375,1.123046875,-0.06103515625,2.0751953125,-0.13427734375,0.20751953125,-0.15869140625,1.59912109375,-0.01220703125,-0.1220703125,-0.10986328125,-0.146484375,0.146484375,-0.3173828125,0.0732421875,-0.72021484375,-0.01220703125,-0.42724609375,0.48828125,0.54931640625,0.1220703125,1.171875,0.37841796875,1.18408203125,0.20751953125,-0.10986328125,-0.5126953125,0.830078125,0.10986328125,0.732421875,-0.048828125,0.537109375,-0.59814453125,0.50048828125,0.35400390625,0.06103515625,-0.25634765625,0.91552734375,0.35400390625,1.37939453125,-0.09765625,1.33056640625,0.06103515625,0.732421875,0.2197265625,2.880859375,0.01220703125,2.16064453125,-0.244140625,1.3671875,-0.1220703125,2.9296875,-0.09765625,-2.2705078125,-0.4150390625,-1.0498046875,-0.15869140625,-1.3427734375,-0.1953125,-1.2451171875,-0.18310546875,-1.46484375,0.0244140625,-0.30517578125,0.6591796875,-0.4150390625,0,-0.732421875,-0.09765625,-0.732421875,-0.09765625,-0.7080078125,-0.06103515625,-0.59814453125,-0.03662109375,-0.0732421875,-0.048828125,1.42822265625,-0.0732421875,0.6103515625,-0.244140625,0.45166015625,-0.4638671875,7.36083984375,-0.341796875,0.3173828125,0,-0.03662109375,-0.0732421875,-0.0732421875,0.048828125,0.15869140625,-0.1708984375,1.62353515625,0.08544921875,3.01513671875,-0.23193359375,0.91552734375,-0.18310546875,1.6845703125
1,-0.2197265625,-0.4638671875,-0.29296875,-0.35400390625,0.10986328125,-0.4638671875,0.06103515625,-0.10986328125,0.01220703125,-0.08544921875,-0.18310546875,-0.91552734375,-0.03662109375,1.025390625,-0.29296875,-0.146484375,0,-0.6103515625,-0.13427734375,-0.146484375,0.5126953125,0.86669921875,-0.048828125,-0.59814453125,-0.01220703125,0.341796875,-0.35400390625,-0.341796875,-0.15869140625,1.3916015625,0.03662109375,2.69775390625,-0.10986328125,0.08544921875,-0.146484375,1.1962890625,0.01220703125,-0.1708984375,-0.13427734375,-0.2685546875,0.1708984375,-0.28076171875,0.08544921875,-0.7080078125,0.01220703125,-0.45166015625,0.47607421875,0.5615234375,0.0732421875,1.18408203125,0.25634765625,1.50146484375,0.20751953125,-0.06103515625,-0.5615234375,0.87890625,0.10986328125,0.72021484375,-0.01220703125,0.54931640625,-0.634765625,0.50048828125,0.3173828125,0.06103515625,-0.23193359375,1.2939453125,0.3173828125,1.66015625,0,1.84326171875,0.08544921875,1.0009765625,0.25634765625,2.1240234375,-0.03662109375,1.9287109375,-0.20751953125,1.07421875,-0.10986328125,2.6123046875,-0.10986328125,-2.1240234375,-0.341796875,-0.9765625,-0.18310546875,-1.28173828125,-0.1953125,-1.171875,-0.2685546875,-1.45263671875,0.0244140625,-0.29296875,0.64697265625,-0.4150390625,-0.09765625,-0.72021484375,-0.15869140625,-0.69580078125,-0.0732421875,-0.68359375,-0.06103515625,-0.6103515625,-0.01220703125,-0.06103515625,0,1.1962890625,-0.08544921875,0.341796875,-0.244140625,0.25634765625,-0.37841796875,6.6162109375,-0.3662109375,0.341796875,0,-0.03662109375,-0.06103515625,-0.0732421875,0.048828125,0.1708984375,-0.18310546875,1.1474609375,0.0732421875,2.30712890625,-0.23193359375,0.57373046875,-0.20751953125,1.13525390625
1,-0.2197265625,-0.4638671875,-0.2685546875,-0.35400390625,0.10986328125,-0.4638671875,0.048828125,-0.09765625,0.0244140625,-0.10986328125,-0.20751953125,-0.91552734375,-0.08544921875,1.03759765625,-0.3173828125,-0.13427734375,0,-0.59814453125,-0.1220703125,-0.1220703125,0.62255859375,0.86669921875,-0.09765625,-0.5859375,-0.01220703125,0.59814453125,-0.37841796875,-0.09765625,-0.2197265625,1.74560546875,-0.048828125,3.43017578125,-0.06103515625,-0.08544921875,-0.13427734375,0.634765625,0.06103515625,-0.25634765625,-0.06103515625,-0.4150390625,0.13427734375,-0.25634765625,0.03662109375,-0.72021484375,0.01220703125,-0.45166015625,0.47607421875,0.54931640625,0.09765625,1.26953125,0.28076171875,1.91650390625,0.2685546875,0.03662109375,-0.48828125,0.98876953125,0.08544921875,0.7080078125,0.01220703125,0.57373046875,-0.67138671875,0.5126953125,0.20751953125,0.0732421875,-0.2197265625,1.7822265625,0.29296875,2.01416015625,-0.0244140625,2.44140625,0.01220703125,1.33056640625,0.3173828125,1.50146484375,-0.09765625,1.77001953125,-0.146484375,0.830078125,-0.146484375,2.35595703125,-0.13427734375,-1.86767578125,-0.25634765625,-0.8544921875,-0.1708984375,-1.1962890625,-0.15869140625,-1.11083984375,-0.29296875,-1.47705078125,0.0732421875,-0.30517578125,0.5615234375,-0.42724609375,-0.09765625,-0.87890625,-0.20751953125,-0.7080078125,-0.0244140625,-0.7080078125,-0.06103515625,-0.6103515625,0.01220703125,-0.03662109375,0.01220703125,0.9033203125,-0.09765625,0.09765625,-0.23193359375,0.048828125,-0.3173828125,5.70068359375,-0.390625,0.341796875,0.01220703125,-0.03662109375,-0.06103515625,-0.0732421875,0.048828125,0.146484375,-0.1708984375,0.76904296875,0.10986328125,1.67236328125,-0.23193359375,0.28076171875,-0.18310546875,0.6591796875
0,-0.2197265625,-0.47607421875,-0.25634765625,-0.32958984375,0.1220703125,-0.48828125,0.03662109375,-0.0732421875,0.01220703125,-0.08544921875,-0.23193359375,-0.9033203125,-0.1220703125,1.025390625,-0.4150390625,-0.1220703125,-0.0244140625,-0.59814453125,-0.10986328125,-0.1220703125,0.72021484375,0.87890625,-0.13427734375,-0.59814453125,-0.06103515625,0.86669921875,-0.390625,0.1708984375,-0.28076171875,2.1240234375,0,4.23583984375,-0.03662109375,-0.2685546875,-0.2197265625,0,0.1220703125,-0.3662109375,-0.048828125,-0.5615234375,0.13427734375,-0.23193359375,-0.01220703125,-0.732421875,0,-0.47607421875,0.48828125,0.5615234375,0.0732421875,1.40380859375,0.35400390625,2.42919921875,0.30517578125,0.15869140625,-0.390625,1.1474609375,0.0732421875,0.72021484375,0.03662109375,0.54931640625,-0.634765625,0.50048828125,0.23193359375,0.08544921875,-0.1708984375,2.38037109375,0.2685546875,2.4169921875,0.0732421875,3.1005859375,-0.0244140625,1.7333984375,0.29296875,1.171875,-0.0732421875,1.66015625,-0.03662109375,0.72021484375,-0.18310546875,2.24609375,-0.18310546875,-1.5869140625,-0.1708984375,-0.74462890625,-0.146484375,-1.11083984375,-0.0732421875,-1.01318359375,-0.2685546875,-1.50146484375,0.13427734375,-0.30517578125,0.47607421875,-0.439453125,-0.09765625,-1.1474609375,-0.23193359375,-0.7080078125,0.06103515625,-0.68359375,-0.0732421875,-0.6103515625,0.0244140625,-0.048828125,0.01220703125,0.59814453125,-0.09765625,-0.18310546875,-0.18310546875,-0.20751953125,-0.28076171875,4.62646484375,-0.37841796875,0.341796875,0.0244140625,-0.03662109375,-0.06103515625,-0.0732421875,0.048828125,0.15869140625,-0.1708984375,0.48828125,0.0732421875,1.23291015625,-0.25634765625,0.08544921875,-0.1708984375,0.3173828125
0,-0.2197265625,-0.5126953125,-0.1953125,-0.3173828125,0.13427734375,-0.50048828125,0.048828125,-0.08544921875,0,-0.09765625,-0.23193359375,-0.927734375,-0.146484375,1.0009765625,-0.37841796875,-0.13427734375,-0.08544921875,-0.6103515625,-0.048828125,-0.1220703125,0.7080078125,0.84228515625,-0.13427734375,-0.6103515625,-0.09765625,1.123046875,-0.40283203125,0.439453125,-0.25634765625,2.47802734375,0.13427734375,5.06591796875,0,-0.439453125,-0.2685546875,-0.64697265625,0.146484375,-0.47607421875,-0.03662109375,-0.72021484375,0.1708984375,-0.244140625,-0.0732421875,-0.72021484375,0.03662109375,-0.4638671875,0.52490234375,0.5615234375,0.0244140625,1.62353515625,0.25634765625,3.06396484375,0.35400390625,0.3173828125,-0.40283203125,1.3427734375,0.0244140625,0.732421875,0.09765625,0.537109375,-0.634765625,0.47607421875,0.1953125,0.08544921875,-0.0732421875,3.0029296875,0.20751953125,2.86865234375,0.1220703125,3.8330078125,-0.048828125,2.1484375,0.2197265625,1.23291015625,-0.10986328125,1.708984375,0.01220703125,0.74462890625,-0.28076171875,2.28271484375,-0.20751953125,-1.318359375,-0.0244140625,-0.59814453125,-0.09765625,-1.07421875,0.01220703125,-0.93994140625,-0.28076171875,-1.5380859375,0.15869140625,-0.341796875,0.3173828125,-0.439453125,-0.08544921875,-1.4404296875,-0.2197265625,-0.69580078125,0.09765625,-0.67138671875,-0.10986328125,-0.634765625,0.0732421875,-0.03662109375,0.01220703125,0.244140625,-0.09765625,-0.5126953125,-0.146484375,-0.47607421875,-0.244140625,3.45458984375,-0.40283203125,0.341796875,0.0244140625,-0.03662109375,-0.06103515625,-0.08544921875,0.048828125,0.15869140625,-0.1220703125,0.40283203125,0.0732421875,1.0498046875,-0.2197265625,0.048828125,-0.1220703125,0.1953125
0,-0.2197265625,-0.50048828125,-0.146484375,-0.341796875,0.1708984375,-0.5126953125,0.06103515625,-0.08544921875,-0.03662109375,-0.10986328125,-0.2197265625,-0.9521484375,-0.18310546875,1.01318359375,-0.37841796875,-0.13427734375,-0.13427734375,-0.59814453125,-0.01220703125,-0.10986328125,0.62255859375,0.8544921875,-0.1220703125,-0.6103515625,-0.08544921875,1.35498046875,-0.40283203125,0.68359375,-0.23193359375,2.79541015625,0.13427734375,5.8349609375,0.0732421875,-0.5615234375,-0.32958984375,-1.18408203125,0.15869140625,-0.59814453125,-0.0244140625,-0.86669921875,0.20751953125,-0.23193359375,-0.09765625,-0.732421875,0.048828125,-0.47607421875,0.54931640625,0.5859375,-0.048828125,1.91650390625,0.23193359375,3.7109375,0.37841796875,0.48828125,-0.35400390625,1.5625,0.06103515625,0.7080078125,0.0244140625,0.5126953125,-0.6103515625,0.47607421875,0.146484375,0.09765625,-0.06103515625,3.62548828125,0.15869140625,3.30810546875,0.10986328125,4.5166015625,-0.0244140625,2.5390625,0.2197265625,1.72119140625,-0.13427734375,1.9287109375,0.08544921875,0.98876953125,-0.3173828125,2.5390625,-0.244140625,-1.0986328125,0.1220703125,-0.48828125,-0.03662109375,-1.01318359375,0.06103515625,-0.8544921875,-0.244140625,-1.5380859375,0.18310546875,-0.32958984375,0.15869140625,-0.45166015625,-0.01220703125,-1.708984375,-0.18310546875,-0.68359375,0.09765625,-0.67138671875,-0.18310546875,-0.634765625,0.10986328125,-0.048828125,0,-0.1220703125,-0.09765625,-0.8544921875,-0.1220703125,-0.72021484375,-0.23193359375,2.25830078125,-0.4150390625,0.341796875,0.01220703125,-0.0244140625,-0.06103515625,-0.10986328125,0.06103515625,0.146484375,-0.146484375,0.57373046875,0.03662109375,1.20849609375,-0.23193359375,0.146484375,-0.13427734375,0.32958984375
0,-0.25634765625,-0.5126953125,-0.146484375,-0.35400390625,0.1708984375,-0.5126953125,0.0732421875,-0.10986328125,-0.0732421875,-0.08544921875,-0.20751953125,-0.9521484375,-0.1708984375,1.025390625,-0.390625,-0.146484375,-0.15869140625,-0.59814453125,0.01220703125,-0.1220703125,0.634765625,0.86669921875,-0.09765625,-0.5859375,-0.08544921875,1.52587890625,-0.40283203125,0.87890625,-0.18310546875,3.02734375,0.08544921875,6.50634765625,0.08544921875,-0.634765625,-0.390625,-1.50146484375,0.15869140625,-0.634765625,-0.08544921875,-0.927734375,0.23193359375,-0.244140625,-0.0732421875,-0.732421875,0.048828125,-0.4638671875,0.5859375,0.5859375,-0.15869140625,2.2705078125,0.25634765625,4.40673828125,0.37841796875,0.64697265625,-0.3662109375,1.77001953125,0.06103515625,0.69580078125,0.01220703125,0.50048828125,-0.537109375,0.4638671875,0.1220703125,0.0732421875,-0.0244140625,4.21142578125,0.08544921875,3.7109375,0.048828125,5.16357421875,-0.03662109375,2.880859375,0.146484375,2.69775390625,-0.146484375,2.33154296875,0.10986328125,1.40380859375,-0.3662109375,2.99072265625,-0.244140625,-0.9765625,0.23193359375,-0.4150390625,-0.01220703125,-1.01318359375,0.08544921875,-0.81787109375,-0.15869140625,-1.5380859375,0.20751953125,-0.32958984375,-0.01220703125,-0.47607421875,0.0244140625,-1.8798828125,-0.13427734375,-0.69580078125,0.08544921875,-0.64697265625,-0.23193359375,-0.634765625,0.1220703125,-0.0244140625,-0.01220703125,-0.45166015625,-0.08544921875,-1.1962890625,-0.08544921875,-0.9521484375,-0.2197265625,1.1474609375,-0.40283203125,0.32958984375,0.01220703125,-0.0244140625,-0.0732421875,-0.1220703125,0.048828125,0.13427734375,-0.15869140625,0.9033203125,0.0732421875,1.708984375,-0.23193359375,0.4150390625,-0.13427734375,0.72021484375
0,-0.244140625,-0.50048828125,-0.15869140625,-0.3662109375,0.146484375,-0.50048828125,0.09765625,-0.09765625,-0.09765625,-0.0732421875,-0.13427734375,-0.9521484375,-0.18310546875,1.01318359375,-0.390625,-0.13427734375,-0.1708984375,-0.59814453125,0.08544921875,-0.10986328125,0.62255859375,0.86669921875,-0.03662109375,-0.5859375,-0.08544921875,1.66015625,-0.390625,1.0009765625,-0.1220703125,3.16162109375,0,6.97021484375,0.13427734375,-0.64697265625,-0.5126953125,-1.55029296875,0.146484375,-0.64697265625,-0.10986328125,-0.927734375,0.20751953125,-0.25634765625,-0.0732421875,-0.72021484375,0.08544921875,-0.47607421875,0.59814453125,0.57373046875,-0.18310546875,2.6123046875,0.29296875,5.029296875,0.35400390625,0.8056640625,-0.40283203125,1.96533203125,0.06103515625,0.68359375,0.0244140625,0.4638671875,-0.47607421875,0.45166015625,0.03662109375,0.0732421875,0,4.65087890625,0.03662109375,4.0283203125,-0.0732421875,5.70068359375,-0.0244140625,3.173828125,-0.06103515625,4.0283203125,-0.1708984375,2.84423828125,0.0732421875,2.001953125,-0.40283203125,3.60107421875,-0.20751953125,-0.93994140625,0.23193359375,-0.40283203125,-0.0732421875,-1.025390625,0.0732421875,-0.830078125,-0.10986328125,-1.5625,0.1953125,-0.32958984375,-0.10986328125,-0.4638671875,0.06103515625,-1.89208984375,-0.10986328125,-0.69580078125,0.03662109375,-0.64697265625,-0.29296875,-0.634765625,0.09765625,-0.06103515625,-0.0244140625,-0.732421875,-0.0732421875,-1.4892578125,-0.09765625,-1.1962890625,-0.244140625,0.1953125,-0.37841796875,0.3173828125,0.0244140625,-0.0244140625,-0.06103515625,-0.10986328125,0.08544921875,0.13427734375,-0.15869140625,1.46484375,0.0732421875,2.5390625,-0.1953125,0.830078125,-0.10986328125,1.33056640625
0,-0.2685546875,-0.47607421875,-0.15869140625,-0.3662109375,0.10986328125,-0.47607421875,0.10986328125,-0.09765625,-0.09765625,-0.08544921875,-0.09765625,-0.927734375,-0.18310546875,1.03759765625,-0.3662109375,-0.13427734375,-0.18310546875,-0.57373046875,0.10986328125,-0.10986328125,0.67138671875,0.86669921875,-0.0244140625,-0.57373046875,-0.048828125,1.708984375,-0.4150390625,1.0498046875,-0.06103515625,3.21044921875,-0.20751953125,7.21435546875,0.1220703125,-0.54931640625,-0.4638671875,-1.28173828125,0.13427734375,-0.6103515625,-0.146484375,-0.87890625,0.15869140625,-0.25634765625,0.03662109375,-0.72021484375,0.1220703125,-0.4638671875,0.5859375,0.537109375,-0.1708984375,2.9296875,0.1708984375,5.60302734375,0.32958984375,0.96435546875,-0.28076171875,2.16064453125,0.09765625,0.69580078125,0,0.45166015625,-0.390625,0.45166015625,0.03662109375,0.08544921875,0.048828125,4.96826171875,0.048828125,4.248046875,-0.08544921875,6.103515625,-0.01220703125,3.35693359375,-0.1708984375,5.615234375,-0.1708984375,3.4912109375,0.0732421875,2.67333984375,-0.32958984375,4.35791015625,-0.146484375,-0.98876953125,0.2197265625,-0.4150390625,-0.10986328125,-1.0498046875,0,-0.84228515625,-0.0732421875,-1.52587890625,0.15869140625,-0.30517578125,-0.18310546875,-0.45166015625,0.0244140625,-1.7822265625,-0.06103515625,-0.7080078125,-0.09765625,-0.64697265625,-0.32958984375,-0.634765625,0.048828125,-0.048828125,-0.0244140625,-0.93994140625,-0.08544921875,-1.67236328125,-0.1220703125,-1.3427734375,-0.2685546875,-0.50048828125,-0.37841796875,0.29296875,0,-0.0244140625,-0.06103515625,-0.09765625,0.06103515625,0.13427734375,-0.20751953125,2.18505859375,0.06103515625,3.62548828125,-0.20751953125,1.37939453125,-0.1708984375,2.1728515625
0,-0.2685546875,-0.4638671875,-0.15869140625,-0.35400390625,0.06103515625,-0.4638671875,0.146484375,-0.0732421875,-0.1220703125,-0.09765625,-0.09765625,-0.93994140625,-0.146484375,1.0498046875,-0.4150390625,-0.13427734375,-0.1708984375,-0.57373046875,0.09765625,-0.13427734375,0.6591796875,0.8544921875,-0.03662109375,-0.57373046875,-0.01220703125,1.6845703125,-0.390625,1.06201171875,0,3.173828125,-0.1708984375,7.26318359375,0.13427734375,-0.390625,-0.4150390625,-0.74462890625,0.06103515625,-0.47607421875,-0.146484375,-0.732421875,0.1220703125,-0.28076171875,0.048828125,-0.72021484375,0.1220703125,-0.45166015625,0.64697265625,0.5615234375,-0.18310546875,3.1982421875,0.146484375,6.06689453125,0.25634765625,1.11083984375,-0.1953125,2.28271484375,0.15869140625,0.69580078125,-0.01220703125,0.47607421875,-0.40283203125,0.45166015625,0.06103515625,0.06103515625,0.15869140625,5.1025390625,0,4.345703125,-0.15869140625,6.35986328125,0,3.41796875,-0.2685546875,7.2998046875,-0.20751953125,4.13818359375,0.048828125,3.43017578125,-0.28076171875,5.18798828125,-0.13427734375,-1.15966796875,0.1708984375,-0.48828125,-0.1953125,-1.123046875,-0.1220703125,-0.9033203125,-0.0244140625,-1.50146484375,0.10986328125,-0.28076171875,-0.1953125,-0.439453125,0.0244140625,-1.5625,-0.0732421875,-0.68359375,-0.13427734375,-0.64697265625,-0.30517578125,-0.634765625,0.0244140625,-0.03662109375,-0.048828125,-1.11083984375,-0.03662109375,-1.84326171875,-0.13427734375,-1.416015625,-0.28076171875,-0.93994140625,-0.37841796875,0.29296875,-0.01220703125,-0.0244140625,-0.06103515625,-0.08544921875,0.048828125,0.1220703125,-0.1953125,2.99072265625,0.15869140625,4.8583984375,-0.1708984375,2.01416015625,-0.15869140625,3.125
0,-0.244140625,-0.45166015625,-0.13427734375,-0.35400390625,0.0244140625,-0.45166015625,0.1708984375,-0.0732421875,-0.13427734375,-0.10986328125,-0.09765625,-0.927734375,-0.1220703125,1.0498046875,-0.37841796875,-0.146484375,-0.15869140625,-0.5615234375,0.13427734375,-0.13427734375,0.67138671875,0.87890625,-0.08544921875,-0.57373046875,0.0732421875,1.5869140625,-0.341796875,0.9521484375,0.01220703125,3.076171875,-0.1953125,7.080078125,0.1220703125,-0.15869140625,-0.3173828125,0.01220703125,0.0244140625,-0.3173828125,-0.09765625,-0.48828125,0.146484375,-0.28076171875,0.06103515625,-0.72021484375,0.146484375,-0.4638671875,0.62255859375,0.5615234375,-0.15869140625,3.35693359375,0.08544921875,6.396484375,0.18310546875,1.20849609375,-0.09765625,2.35595703125,0.18310546875,0.69580078125,0,0.4638671875,-0.37841796875,0.4638671875,0.03662109375,0.06103515625,0.1708984375,5.09033203125,-0.03662109375,4.33349609375,-0.3173828125,6.40869140625,0,3.43017578125,-0.2685546875,8.88671875,-0.25634765625,4.78515625,0.0244140625,4.13818359375,-0.20751953125,5.96923828125,-0.09765625,-1.33056640625,0.10986328125,-0.57373046875,-0.2685546875,-1.1474609375,-0.15869140625,-0.9521484375,0,-1.46484375,0.0244140625,-0.23193359375,-0.2197265625,-0.42724609375,0.01220703125,-1.318359375,-0.10986328125,-0.69580078125,-0.1953125,-0.6591796875,-0.30517578125,-0.64697265625,0.01220703125,-0.0244140625,-0.048828125,-1.171875,-0.01220703125,-1.91650390625,-0.10986328125,-1.42822265625,-0.30517578125,-1.0986328125,-0.37841796875,0.30517578125,-0.0244140625,-0.0244140625,-0.06103515625,-0.06103515625,0.06103515625,0.13427734375,-0.1953125,3.8330078125,0.10986328125,6.11572265625,-0.15869140625,2.685546875,-0.1708984375,4.08935546875
0,-0.20751953125,-0.42724609375,-0.1220703125,-0.35400390625,0,-0.439453125,0.18310546875,-0.0732421875,-0.146484375,-0.09765625,-0.1220703125,-0.93994140625,-0.09765625,1.0498046875,-0.37841796875,-0.146484375,-0.13427734375,-0.57373046875,0.13427734375,-0.146484375,0.57373046875,0.87890625,-0.15869140625,-0.57373046875,0.13427734375,1.47705078125,-0.28076171875,0.84228515625,0.03662109375,2.9296875,-0.3173828125,6.7626953125,0.08544921875,0.10986328125,-0.29296875,0.86669921875,-0.0244140625,-0.13427734375,-0.09765625,-0.244140625,0.146484375,-0.28076171875,0.08544921875,-0.72021484375,0.15869140625,-0.4638671875,0.64697265625,0.54931640625,-0.18310546875,3.40576171875,0.0732421875,6.55517578125,0.10986328125,1.28173828125,0.01220703125,2.38037109375,0.18310546875,0.7080078125,0,0.47607421875,-0.29296875,0.47607421875,0.09765625,0.03662109375,0.1708984375,4.94384765625,-0.0244140625,4.23583984375,-0.37841796875,6.298828125,-0.01220703125,3.28369140625,-0.28076171875,10.2783203125,-0.30517578125,5.322265625,0.0244140625,4.77294921875,-0.1220703125,6.6650390625,-0.09765625,-1.50146484375,0.08544921875,-0.6591796875,-0.28076171875,-1.1962890625,-0.1708984375,-1.0009765625,0.01220703125,-1.46484375,-0.048828125,-0.2197265625,-0.244140625,-0.40283203125,0.048828125,-1.0986328125,-0.15869140625,-0.732421875,-0.2197265625,-0.64697265625,-0.29296875,-0.62255859375,0,-0.048828125,-0.0244140625,-1.171875,0.03662109375,-1.91650390625,-0.1220703125,-1.416015625,-0.3173828125,-1.01318359375,-0.3662109375,0.3173828125,-0.03662109375,-0.0244140625,-0.0732421875,-0.03662109375,0.048828125,0.146484375,-0.2197265625,4.62646484375,0.06103515625,7.275390625,-0.18310546875,3.30810546875,-0.23193359375,5.04150390625
0,-0.2197265625,-0.42724609375,-0.1220703125,-0.35400390625,-0.01220703125,-0.439453125,0.2197265625,-0.09765625,-0.146484375,-0.10986328125,-0.13427734375,-0.927734375,-0.09765625,1.025390625,-0.35400390625,-0.146484375,-0.10986328125,-0.5615234375,0.1220703125,-0.15869140625,0.4638671875,0.86669921875,-0.1708984375,-0.5859375,0.1708984375,1.33056640625,-0.28076171875,0.732421875,0,2.77099609375,-0.3173828125,6.298828125,0.03662109375,0.390625,-0.10986328125,1.7822265625,-0.01220703125,0.0732421875,-0.13427734375,0.01220703125,0.15869140625,-0.2685546875,0.048828125,-0.7080078125,0.10986328125,-0.48828125,0.62255859375,0.54931640625,-0.15869140625,3.3447265625,0.01220703125,6.57958984375,0.03662109375,1.30615234375,0.048828125,2.38037109375,0.20751953125,0.72021484375,0.03662109375,0.50048828125,-0.1953125,0.47607421875,0.0732421875,0.06103515625,0.15869140625,4.65087890625,-0.0732421875,4.01611328125,-0.3662109375,6.0302734375,-0.06103515625,3.1005859375,-0.23193359375,11.29150390625,-0.2685546875,5.70068359375,0.03662109375,5.224609375,-0.048828125,7.18994140625,-0.13427734375,-1.6357421875,0,-0.69580078125,-0.37841796875,-1.220703125,-0.1953125,-1.06201171875,-0.0244140625,-1.46484375,-0.1220703125,-0.20751953125,-0.2685546875,-0.37841796875,0.09765625,-0.96435546875,-0.15869140625,-0.7568359375,-0.2197265625,-0.64697265625,-0.23193359375,-0.62255859375,0.01220703125,-0.03662109375,0.01220703125,-1.08642578125,0.08544921875,-1.85546875,-0.10986328125,-1.35498046875,-0.341796875,-0.732421875,-0.37841796875,0.32958984375,-0.06103515625,-0.0244140625,-0.06103515625,-0.03662109375,0.06103515625,0.15869140625,-0.20751953125,5.2978515625,0.13427734375,8.23974609375,-0.15869140625,3.82080078125,-0.18310546875,5.810546875
0,-0.1953125,-0.42724609375,-0.1220703125,-0.35400390625,-0.03662109375,-0.4638671875,0.2197265625,-0.10986328125,-0.10986328125,-0.10986328125,-0.146484375,-0.927734375,-0.0244140625,1.03759765625,-0.3662109375,-0.15869140625,-0.06103515625,-0.5615234375,0.13427734375,-0.1708984375,0.390625,0.86669921875,-0.146484375,-0.5859375,0.18310546875,1.20849609375,-0.25634765625,0.59814453125,-0.03662109375,2.63671875,-0.29296875,5.79833984375,0,0.64697265625,0.0244140625,2.63671875,0.0244140625,0.25634765625,-0.146484375,0.25634765625,0.1953125,-0.25634765625,0.0244140625,-0.732421875,0.08544921875,-0.48828125,0.67138671875,0.5615234375,-0.1220703125,3.16162109375,-0.13427734375,6.4697265625,-0.048828125,1.28173828125,0.06103515625,2.30712890625,0.15869140625,0.72021484375,0.1220703125,0.52490234375,-0.1708984375,0.48828125,0.09765625,0.06103515625,0.1220703125,4.296875,-0.1220703125,3.759765625,-0.3173828125,5.62744140625,-0.1220703125,2.91748046875,-0.2197265625,11.87744140625,-0.244140625,5.89599609375,0.0244140625,5.48095703125,0.0244140625,7.51953125,-0.13427734375,-1.708984375,-0.01220703125,-0.7080078125,-0.37841796875,-1.20849609375,-0.18310546875,-1.06201171875,-0.13427734375,-1.45263671875,-0.1953125,-0.2197265625,-0.28076171875,-0.37841796875,0.1708984375,-0.9765625,-0.18310546875,-0.7568359375,-0.23193359375,-0.6591796875,-0.1953125,-0.634765625,0,-0.048828125,0.08544921875,-1.01318359375,0.13427734375,-1.74560546875,-0.10986328125,-1.26953125,-0.35400390625,-0.35400390625,-0.341796875,0.32958984375,-0.09765625,-0.048828125,-0.06103515625,-0.03662109375,0.048828125,0.146484375,-0.18310546875,5.79833984375,0.0732421875,8.88671875,-0.15869140625,4.2236328125,-0.15869140625,6.38427734375
0,-0.1953125,-0.40283203125,-0.09765625,-0.37841796875,-0.03662109375,-0.4638671875,0.2197265625,-0.09765625,-0.10986328125,-0.10986328125,-0.13427734375,-0.927734375,-0.01220703125,1.03759765625,-0.3662109375,-0.15869140625,-0.048828125,-0.57373046875,0.13427734375,-0.1708984375,0.32958984375,0.8544921875,-0.10986328125,-0.59814453125,0.146484375,1.0986328125,-0.244140625,0.4638671875,-0.09765625,2.52685546875,-0.1953125,5.3466796875,-0.0244140625,0.89111328125,0.10986328125,3.33251953125,0.01220703125,0.42724609375,-0.1220703125,0.47607421875,0.2685546875,-0.23193359375,-0.0244140625,-0.72021484375,0.06103515625,-0.48828125,0.6591796875,0.54931640625,-0.1220703125,2.96630859375,-0.20751953125,6.25,-0.18310546875,1.1962890625,0.0244140625,2.20947265625,0.1220703125,0.72021484375,0.2197265625,0.537109375,-0.10986328125,0.48828125,0.2685546875,0.06103515625,0.10986328125,3.9306640625,-0.15869140625,3.4912109375,-0.23193359375,5.18798828125,-0.2197265625,2.685546875,-0.18310546875,11.99951171875,-0.2197265625,5.8837890625,0.0732421875,5.517578125,0.08544921875,7.5927734375,-0.10986328125,-1.69677734375,-0.03662109375,-0.6591796875,-0.29296875,-1.20849609375,-0.15869140625,-1.01318359375,-0.1953125,-1.46484375,-0.20751953125,-0.23193359375,-0.341796875,-0.37841796875,0.18310546875,-1.06201171875,-0.18310546875,-0.732421875,-0.1953125,-0.64697265625,-0.13427734375,-0.62255859375,0.01220703125,-0.06103515625,0.13427734375,-0.91552734375,0.1953125,-1.6357421875,-0.1220703125,-1.1962890625,-0.35400390625,0.0244140625,-0.341796875,0.341796875,-0.08544921875,-0.03662109375,-0.06103515625,-0.03662109375,0.048828125,0.146484375,-0.1953125,6.09130859375,-0.0244140625,9.228515625,-0.18310546875,4.443359375,-0.13427734375,6.72607421875
0,-0.2197265625,-0.42724609375,-0.0732421875,-0.341796875,-0.048828125,-0.47607421875,0.23193359375,-0.06103515625,-0.09765625,-0.08544921875,-0.09765625,-0.89111328125,-0.0244140625,1.0498046875,-0.341796875,-0.10986328125,-0.06103515625,-0.6103515625,0.15869140625,-0.1953125,0.30517578125,0.86669921875,-0.06103515625,-0.6103515625,0.1220703125,1.025390625,-0.23193359375,0.390625,-0.146484375,2.44140625,-0.1708984375,4.98046875,-0.0244140625,1.0498046875,0.08544921875,3.857421875,0.048828125,0.5615234375,-0.08544921875,0.62255859375,0.32958984375,-0.20751953125,-0.048828125,-0.732421875,0.03662109375,-0.5126953125,0.69580078125,0.54931640625,-0.08544921875,2.7587890625,-0.244140625,5.94482421875,-0.25634765625,1.0986328125,0.0244140625,2.13623046875,0.03662109375,0.7080078125,0.29296875,0.54931640625,-0.09765625,0.48828125,0.30517578125,0.0732421875,0.06103515625,3.57666015625,-0.146484375,3.25927734375,-0.1220703125,4.7607421875,-0.2685546875,2.490234375,-0.18310546875,11.68212890625,-0.146484375,5.6884765625,0.13427734375,5.38330078125,0.06103515625,7.421875,-0.1220703125,-1.62353515625,-0.06103515625,-0.57373046875,-0.23193359375,-1.171875,-0.09765625,-0.9765625,-0.2685546875,-1.50146484375,-0.1953125,-0.244140625,-0.37841796875,-0.37841796875,0.15869140625,-1.25732421875,-0.2197265625,-0.732421875,-0.146484375,-0.64697265625,-0.08544921875,-0.62255859375,-0.01220703125,-0.06103515625,0.1708984375,-0.81787109375,0.25634765625,-1.5380859375,-0.08544921875,-1.13525390625,-0.35400390625,0.3173828125,-0.32958984375,0.341796875,-0.09765625,-0.06103515625,-0.048828125,-0.048828125,0.03662109375,0.15869140625,-0.1953125,6.1279296875,-0.03662109375,9.21630859375,-0.18310546875,4.43115234375,-0.1220703125,6.787109375
1,-0.2197265625,-0.45166015625,-0.03662109375,-0.341796875,-0.03662109375,-0.50048828125,0.20751953125,-0.048828125,-0.13427734375,-0.048828125,-0.0732421875,-0.91552734375,0,1.025390625,-0.35400390625,-0.08544921875,-0.10986328125,-0.6103515625,0.1953125,-0.18310546875,0.2685546875,0.86669921875,-0.03662109375,-0.59814453125,0.08544921875,0.9765625,-0.23193359375,0.341796875,-0.13427734375,2.4169921875,-0.048828125,4.736328125,-0.06103515625,1.15966796875,0.03662109375,4.16259765625,0.03662109375,0.59814453125,-0.048828125,0.68359375,0.3662109375,-0.2197265625,-0.10986328125,-0.72021484375,0.0244140625,-0.48828125,0.67138671875,0.5615234375,-0.09765625,2.5390625,-0.2685546875,5.5908203125,-0.32958984375,0.98876953125,0.048828125,2.01416015625,0.01220703125,0.72021484375,0.32958984375,0.54931640625,0.0244140625,0.48828125,0.341796875,0.09765625,0.03662109375,3.30810546875,-0.15869140625,3.02734375,-0.0732421875,4.3701171875,-0.3173828125,2.33154296875,-0.244140625,10.94970703125,-0.08544921875,5.3466796875,0.18310546875,5.04150390625,0.03662109375,7.0556640625,-0.09765625,-1.4892578125,-0.0732421875,-0.45166015625,-0.13427734375,-1.123046875,-0.01220703125,-0.91552734375,-0.2685546875,-1.4892578125,-0.20751953125,-0.3173828125,-0.35400390625,-0.42724609375,0.08544921875,-1.4892578125,-0.1953125,-0.74462890625,-0.146484375,-0.6591796875,0,-0.62255859375,-0.01220703125,-0.03662109375,0.146484375,-0.76904296875,0.29296875,-1.46484375,-0.10986328125,-1.08642578125,-0.32958984375,0.47607421875,-0.32958984375,0.32958984375,-0.08544921875,-0.048828125,-0.048828125,-0.06103515625,0.0244140625,0.15869140625,-0.2197265625,5.9814453125,-0.03662109375,8.88671875,-0.1708984375,4.28466796875,-0.10986328125,6.60400390625
1,-0.25634765625,-0.4638671875,0,-0.35400390625,-0.048828125,-0.50048828125,0.20751953125,-0.08544921875,-0.1708984375,-0.08544921875,-0.0244140625,-0.91552734375,0,1.03759765625,-0.30517578125,-0.1220703125,-0.18310546875,-0.62255859375,0.1953125,-0.1953125,0.20751953125,0.8544921875,-0.0244140625,-0.59814453125,0.0732421875,0.93994140625,-0.23193359375,0.3173828125,-0.13427734375,2.392578125,-0.0732421875,4.65087890625,-0.048828125,1.18408203125,-0.03662109375,4.248046875,0,0.62255859375,-0.01220703125,0.69580078125,0.35400390625,-0.20751953125,-0.1708984375,-0.72021484375,0.048828125,-0.50048828125,0.68359375,0.5615234375,-0.13427734375,2.4169921875,-0.13427734375,5.2734375,-0.3662109375,0.89111328125,-0.0244140625,1.94091796875,-0.06103515625,0.7080078125,0.37841796875,0.5615234375,0.08544921875,0.47607421875,0.35400390625,0.0732421875,0,3.1005859375,-0.20751953125,2.880859375,-0.06103515625,4.1015625,-0.32958984375,2.197265625,-0.32958984375,9.92431640625,-0.0244140625,4.8583984375,0.2197265625,4.5654296875,-0.01220703125,6.494140625,-0.10986328125,-1.33056640625,-0.08544921875,-0.32958984375,-0.01220703125,-1.0986328125,0.0244140625,-0.84228515625,-0.2685546875,-1.513671875,-0.1953125,-0.341796875,-0.35400390625,-0.4150390625,-0.0244140625,-1.67236328125,-0.18310546875,-0.7568359375,-0.146484375,-0.64697265625,0.01220703125,-0.59814453125,0.0244140625,-0.048828125,0.10986328125,-0.76904296875,0.29296875,-1.4404296875,-0.146484375,-1.07421875,-0.28076171875,0.52490234375,-0.341796875,0.32958984375,-0.06103515625,-0.03662109375,-0.06103515625,-0.06103515625,0.0244140625,0.146484375,-0.2197265625,5.6396484375,-0.03662109375,8.349609375,-0.146484375,4.00390625,-0.10986328125,6.201171875
1,-0.23193359375,-0.4638671875,0,-0.3662109375,-0.048828125,-0.50048828125,0.2197265625,-0.08544921875,-0.15869140625,-0.06103515625,0.01220703125,-0.9033203125,-0.01220703125,1.06201171875,-0.29296875,-0.1220703125,-0.23193359375,-0.62255859375,0.1953125,-0.20751953125,0.20751953125,0.84228515625,-0.048828125,-0.57373046875,0.03662109375,0.9765625,-0.25634765625,0.32958984375,-0.15869140625,2.4169921875,-0.1708984375,4.6875,-0.0732421875,1.171875,-0.146484375,4.1259765625,0.0244140625,0.62255859375,-0.0244140625,0.68359375,0.35400390625,-0.20751953125,-0.23193359375,-0.732421875,0.09765625,-0.50048828125,0.7080078125,0.5615234375,-0.15869140625,2.3681640625,-0.13427734375,4.99267578125,-0.3662109375,0.76904296875,-0.0732421875,1.86767578125,-0.0732421875,0.7080078125,0.3662109375,0.5615234375,0.10986328125,0.48828125,0.35400390625,0.10986328125,-0.0732421875,3.0029296875,-0.2685546875,2.8076171875,-0.0732421875,3.91845703125,-0.30517578125,2.13623046875,-0.37841796875,8.6669921875,0.03662109375,4.26025390625,0.2197265625,3.96728515625,-0.0732421875,5.810546875,-0.13427734375,-1.171875,-0.08544921875,-0.23193359375,0.13427734375,-1.06201171875,0.1220703125,-0.8056640625,-0.25634765625,-1.52587890625,-0.146484375,-0.3662109375,-0.29296875,-0.42724609375,-0.1220703125,-1.806640625,-0.18310546875,-0.72021484375,-0.13427734375,-0.67138671875,-0.01220703125,-0.6103515625,0.08544921875,-0.06103515625,0.06103515625,-0.76904296875,0.28076171875,-1.4404296875,-0.1953125,-1.08642578125,-0.23193359375,0.42724609375,-0.3173828125,0.3173828125,-0.048828125,-0.01220703125,-0.06103515625,-0.09765625,0.0244140625,0.13427734375,-0.20751953125,5.17578125,-0.048828125,7.67822265625,-0.146484375,3.5888671875,-0.09765625,5.6640625
1,-0.18310546875,-0.4638671875,0.01220703125,-0.390625,-0.03662109375,-0.48828125,0.244140625,-0.0732421875,-0.146484375,-0.0732421875,0.03662109375,-0.89111328125,0.01220703125,1.06201171875,-0.28076171875,-0.146484375,-0.23193359375,-0.6103515625,0.18310546875,-0.18310546875,0.1708984375,0.8544921875,-0.09765625,-0.57373046875,0.06103515625,1.0009765625,-0.2685546875,0.3662109375,-0.13427734375,2.4658203125,-0.2197265625,4.8095703125,-0.0732421875,1.123046875,-0.28076171875,3.89404296875,0,0.59814453125,-0.06103515625,0.62255859375,0.28076171875,-0.1953125,-0.29296875,-0.7080078125,0.146484375,-0.47607421875,0.7080078125,0.54931640625,-0.1953125,2.38037109375,-0.1220703125,4.78515625,-0.40283203125,0.72021484375,-0.146484375,1.806640625,-0.0732421875,0.68359375,0.35400390625,0.54931640625,0.20751953125,0.47607421875,0.32958984375,0.10986328125,0,2.96630859375,-0.2197265625,2.783203125,-0.0732421875,3.8818359375,-0.2197265625,2.1240234375,-0.390625,7.23876953125,0.03662109375,3.67431640625,0.15869140625,3.28369140625,-0.15869140625,5.0537109375,-0.10986328125,-1.0986328125,-0.0732421875,-0.146484375,0.29296875,-1.03759765625,0.1953125,-0.76904296875,-0.15869140625,-1.5380859375,-0.09765625,-0.37841796875,-0.1953125,-0.439453125,-0.15869140625,-1.8310546875,-0.146484375,-0.732421875,-0.1220703125,-0.67138671875,-0.09765625,-0.62255859375,0.1220703125,-0.0732421875,0.0244140625,-0.81787109375,0.244140625,-1.50146484375,-0.23193359375,-1.11083984375,-0.1708984375,0.25634765625,-0.3173828125,0.3173828125,-0.03662109375,-0.01220703125,-0.06103515625,-0.09765625,-0.01220703125,0.13427734375,-0.20751953125,4.67529296875,-0.0732421875,6.94580078125,-0.1220703125,3.13720703125,-0.10986328125,5.0537109375
1,-0.1953125,-0.47607421875,0.0244140625,-0.390625,-0.0732421875,-0.47607421875,0.2685546875,-0.09765625,-0.10986328125,-0.0732421875,0.048828125,-0.91552734375,-0.0244140625,1.06201171875,-0.28076171875,-0.18310546875,-0.2197265625,-0.57373046875,0.146484375,-0.15869140625,0.244140625,0.8544921875,-0.13427734375,-0.57373046875,0.0732421875,1.025390625,-0.32958984375,0.390625,-0.13427734375,2.47802734375,-0.25634765625,4.9072265625,-0.06103515625,1.0498046875,-0.37841796875,3.564453125,-0.01220703125,0.5126953125,-0.0732421875,0.5126953125,0.1953125,-0.1953125,-0.35400390625,-0.7080078125,0.1953125,-0.47607421875,0.6591796875,0.5859375,-0.1953125,2.44140625,-0.06103515625,4.65087890625,-0.4150390625,0.68359375,-0.20751953125,1.77001953125,-0.048828125,0.68359375,0.32958984375,0.5615234375,0.23193359375,0.5126953125,0.341796875,0.08544921875,0.01220703125,2.9541015625,-0.1708984375,2.783203125,-0.10986328125,3.86962890625,-0.1708984375,2.11181640625,-0.35400390625,5.74951171875,0.09765625,3.01513671875,0.0732421875,2.587890625,-0.20751953125,4.2724609375,-0.06103515625,-1.03759765625,-0.08544921875,-0.1220703125,0.42724609375,-1.06201171875,0.18310546875,-0.78125,-0.09765625,-1.55029296875,-0.06103515625,-0.37841796875,-0.10986328125,-0.45166015625,-0.244140625,-1.77001953125,-0.13427734375,-0.732421875,-0.09765625,-0.6591796875,-0.15869140625,-0.634765625,0.15869140625,-0.0732421875,-0.0244140625,-0.89111328125,0.23193359375,-1.5625,-0.20751953125,-1.15966796875,-0.13427734375,0.0732421875,-0.3173828125,0.30517578125,-0.01220703125,0,-0.06103515625,-0.08544921875,-0.01220703125,0.15869140625,-0.20751953125,4.08935546875,-0.048828125,6.18896484375,-0.10986328125,2.685546875,-0.10986328125,4.38232421875
1,-0.1953125,-0.47607421875,0.0244140625,-0.37841796875,-0.06103515625,-0.45166015625,0.25634765625,-0.08544921875,-0.0732421875,-0.09765625,0.03662109375,-0.91552734375,-0.01220703125,1.06201171875,-0.3173828125,-0.1953125,-0.20751953125,-0.5859375,0.0732421875,-0.1708984375,0.30517578125,0.87890625,-0.1953125,-0.57373046875,0.06103515625,1.01318359375,-0.35400390625,0.390625,-0.13427734375,2.4658203125,-0.29296875,4.94384765625,-0.08544921875,0.89111328125,-0.439453125,3.13720703125,-0.048828125,0.42724609375,-0.13427734375,0.390625,0.146484375,-0.23193359375,-0.4638671875,-0.69580078125,0.23193359375,-0.47607421875,0.6103515625,0.57373046875,-0.1953125,2.5146484375,-0.08544921875,4.5654296875,-0.37841796875,0.67138671875,-0.29296875,1.79443359375,0.01220703125,0.68359375,0.2197265625,0.54931640625,0.244140625,0.5615234375,0.341796875,0.10986328125,0.0732421875,2.9296875,-0.08544921875,2.783203125,-0.06103515625,3.82080078125,-0.09765625,2.08740234375,-0.30517578125,4.28466796875,0.13427734375,2.4169921875,-0.0244140625,1.9287109375,-0.20751953125,3.50341796875,0,-1.11083984375,-0.08544921875,-0.13427734375,0.47607421875,-1.08642578125,0.1220703125,-0.8056640625,-0.0244140625,-1.5380859375,0,-0.3662109375,0.01220703125,-0.47607421875,-0.20751953125,-1.62353515625,-0.0732421875,-0.72021484375,-0.09765625,-0.64697265625,-0.18310546875,-0.634765625,0.1708984375,-0.08544921875,0,-0.91552734375,0.1708984375,-1.6357421875,-0.20751953125,-1.20849609375,-0.146484375,-0.13427734375,-0.3173828125,0.29296875,-0.0244140625,-0.0244140625,-0.06103515625,-0.08544921875,0.01220703125,0.15869140625,-0.20751953125,3.5400390625,-0.048828125,5.4931640625,-0.08544921875,2.23388671875,-0.09765625,3.759765625
1,-0.1953125,-0.439453125,0.0732421875,-0.3662109375,-0.06103515625,-0.45166015625,0.25634765625,-0.08544921875,-0.03662109375,-0.09765625,0.03662109375,-0.927734375,-0.0244140625,1.0498046875,-0.35400390625,-0.15869140625,-0.13427734375,-0.5615234375,-0.01220703125,-0.1708984375,0.30517578125,0.89111328125,-0.23193359375,-0.537109375,0.10986328125,1.01318359375,-0.3662109375,0.341796875,-0.10986328125,2.392578125,-0.29296875,4.8095703125,-0.1220703125,0.732421875,-0.42724609375,2.685546875,-0.10986328125,0.30517578125,-0.1220703125,0.244140625,0.10986328125,-0.25634765625,-0.57373046875,-0.69580078125,0.23193359375,-0.4638671875,0.59814453125,0.57373046875,-0.18310546875,2.587890625,-0.08544921875,4.5166015625,-0.37841796875,0.68359375,-0.35400390625,1.79443359375,0.0732421875,0.69580078125,0.1953125,0.537109375,0.29296875,0.62255859375,0.4150390625,0.08544921875,0.10986328125,2.86865234375,0,2.72216796875,-0.08544921875,3.7353515625,-0.048828125,2.01416015625,-0.1953125,2.880859375,0.09765625,1.8798828125,-0.1220703125,1.26953125,-0.2197265625,2.7587890625,0,-1.171875,-0.06103515625,-0.20751953125,0.47607421875,-1.11083984375,0.06103515625,-0.8544921875,0.048828125,-1.52587890625,0.0244140625,-0.35400390625,0.09765625,-0.47607421875,-0.15869140625,-1.37939453125,-0.0732421875,-0.7568359375,-0.08544921875,-0.6591796875,-0.2197265625,-0.64697265625,0.146484375,-0.08544921875,-0.01220703125,-0.9765625,0.1220703125,-1.69677734375,-0.15869140625,-1.23291015625,-0.15869140625,-0.25634765625,-0.30517578125,0.30517578125,-0.0244140625,-0.01220703125,-0.06103515625,-0.08544921875,-0.0244140625,0.15869140625,-0.20751953125,3.0029296875,-0.048828125,4.8583984375,-0.06103515625,1.84326171875,-0.08544921875,3.16162109375
1,-0.1953125,-0.45166015625,0.0732421875,-0.32958984375,-0.06103515625,-0.439453125,0.23193359375,-0.0732421875,0,-0.09765625,0.01220703125,-0.927734375,-0.048828125,1.06201171875,-0.3662109375,-0.15869140625,-0.0732421875,-0.5615234375,-0.09765625,-0.1708984375,0.244140625,0.9033203125,-0.2685546875,-0.537109375,0.146484375,0.9521484375,-0.37841796875,0.2685546875,-0.10986328125,2.30712890625,-0.29296875,4.50439453125,-0.1708984375,0.5615234375,-0.40283203125,2.24609375,-0.13427734375,0.1953125,-0.146484375,0.09765625,0.08544921875,-0.25634765625,-0.67138671875,-0.69580078125,0.2197265625,-0.47607421875,0.57373046875,0.57373046875,-0.08544921875,2.5634765625,-0.1220703125,4.43115234375,-0.341796875,0.7080078125,-0.52490234375,1.77001953125,0.1708984375,0.72021484375,0.13427734375,0.537109375,0.146484375,0.6591796875,0.50048828125,0.09765625,0.01220703125,2.69775390625,0.10986328125,2.62451171875,-0.06103515625,3.5400390625,-0.01220703125,1.86767578125,-0.10986328125,1.5869140625,0.06103515625,1.318359375,-0.1953125,0.68359375,-0.20751953125,2.08740234375,0,-1.25732421875,-0.06103515625,-0.30517578125,0.42724609375,-1.1474609375,-0.0244140625,-0.89111328125,0.0732421875,-1.513671875,0.06103515625,-0.341796875,0.13427734375,-0.45166015625,-0.0732421875,-1.1962890625,-0.08544921875,-0.7568359375,-0.048828125,-0.68359375,-0.1953125,-0.64697265625,0.08544921875,-0.08544921875,0,-0.98876953125,0.0732421875,-1.72119140625,-0.13427734375,-1.26953125,-0.1708984375,-0.30517578125,-0.30517578125,0.30517578125,-0.0244140625,-0.03662109375,-0.0732421875,-0.0732421875,-0.01220703125,0.13427734375,-0.18310546875,2.50244140625,-0.048828125,4.28466796875,-0.048828125,1.46484375,-0.08544921875,2.60009765625
1,-0.1953125,-0.42724609375,0.09765625,-0.3173828125,-0.0244140625,-0.42724609375,0.244140625,-0.06103515625,0.0244140625,-0.10986328125,0,-0.93994140625,-0.08544921875,1.0498046875,-0.390625,-0.13427734375,-0.0244140625,-0.537109375,-0.15869140625,-0.1708984375,0.1220703125,0.9033203125,-0.29296875,-0.537109375,0.2197265625,0.830078125,-0.32958984375,0.146484375,-0.10986328125,2.13623046875,-0.3173828125,3.96728515625,-0.244140625,0.4150390625,-0.37841796875,1.806640625,-0.1953125,0.0732421875,-0.2197265625,-0.03662109375,0.08544921875,-0.28076171875,-0.732421875,-0.69580078125,0.13427734375,-0.48828125,0.54931640625,0.5615234375,-0.048828125,2.5146484375,-0.03662109375,4.26025390625,-0.2685546875,0.69580078125,-0.57373046875,1.72119140625,0.25634765625,0.72021484375,0.03662109375,0.52490234375,0.13427734375,0.72021484375,0.439453125,0.09765625,-0.03662109375,2.4658203125,0.1953125,2.4169921875,0.03662109375,3.173828125,0.03662109375,1.64794921875,-0.08544921875,0.47607421875,-0.0244140625,0.91552734375,-0.2685546875,0.18310546875,-0.1953125,1.52587890625,0,-1.37939453125,-0.048828125,-0.4150390625,0.3173828125,-1.171875,-0.048828125,-0.9521484375,0.0732421875,-1.50146484375,0.06103515625,-0.3173828125,0.1220703125,-0.47607421875,0.048828125,-1.08642578125,-0.09765625,-0.7568359375,-0.0732421875,-0.67138671875,-0.18310546875,-0.6591796875,0.01220703125,-0.08544921875,-0.01220703125,-0.98876953125,0,-1.7333984375,-0.13427734375,-1.2451171875,-0.1953125,-0.2685546875,-0.29296875,0.29296875,-0.0244140625,-0.03662109375,-0.06103515625,-0.0732421875,-0.0244140625,0.15869140625,-0.15869140625,2.0751953125,-0.0732421875,3.72314453125,-0.06103515625,1.13525390625,-0.06103515625,2.08740234375
1,-0.2197265625,-0.45166015625,0.13427734375,-0.3173828125,0,-0.45166015625,0.20751953125,-0.048828125,0.0244140625,-0.1220703125,-0.01220703125,-0.927734375,-0.13427734375,1.03759765625,-0.4150390625,-0.13427734375,-0.01220703125,-0.537109375,-0.2197265625,-0.18310546875,0.03662109375,0.9033203125,-0.29296875,-0.52490234375,0.244140625,0.67138671875,-0.29296875,-0.01220703125,-0.09765625,1.953125,-0.2685546875,3.23486328125,-0.32958984375,0.2685546875,-0.32958984375,1.40380859375,-0.23193359375,-0.03662109375,-0.244140625,-0.18310546875,0.10986328125,-0.30517578125,-0.7080078125,-0.69580078125,0.0244140625,-0.4638671875,0.59814453125,0.54931640625,0,2.3681640625,-0.09765625,3.99169921875,-0.28076171875,0.634765625,-0.67138671875,1.66015625,0.2197265625,0.7080078125,0.01220703125,0.5126953125,0.10986328125,0.76904296875,0.42724609375,0.10986328125,-0.15869140625,2.1484375,0.23193359375,2.16064453125,0.09765625,2.63671875,0.03662109375,1.40380859375,-0.03662109375,-0.40283203125,-0.0732421875,0.5615234375,-0.28076171875,-0.20751953125,-0.20751953125,1.08642578125,-0.03662109375,-1.46484375,-0.03662109375,-0.5126953125,0.1953125,-1.18408203125,-0.08544921875,-0.98876953125,0.03662109375,-1.50146484375,0.08544921875,-0.29296875,0.15869140625,-0.5126953125,0.18310546875,-1.01318359375,-0.1220703125,-0.7568359375,-0.10986328125,-0.67138671875,-0.146484375,-0.64697265625,-0.0732421875,-0.08544921875,-0.03662109375,-0.9765625,-0.01220703125,-1.708984375,-0.1220703125,-1.2451171875,-0.2197265625,-0.1708984375,-0.30517578125,0.30517578125,0,-0.0244140625,-0.06103515625,-0.08544921875,-0.048828125,0.1220703125,-0.15869140625,1.62353515625,-0.08544921875,3.18603515625,-0.048828125,0.79345703125,-0.048828125,1.59912109375
1,-0.244140625,-0.42724609375,0.15869140625,-0.32958984375,0.0244140625,-0.4638671875,0.20751953125,-0.0732421875,-0.01220703125,-0.13427734375,-0.01220703125,-0.91552734375,-0.15869140625,1.03759765625,-0.439453125,-0.146484375,0.03662109375,-0.5615234375,-0.23193359375,-0.1953125,-0.06103515625,0.9521484375,-0.3173828125,-0.52490234375,0.25634765625,0.47607421875,-0.244140625,-0.18310546875,-0.1220703125,1.69677734375,-0.23193359375,2.38037109375,-0.3662109375,0.10986328125,-0.244140625,1.0009765625,-0.23193359375,-0.146484375,-0.28076171875,-0.29296875,0.2197265625,-0.30517578125,-0.67138671875,-0.7080078125,-0.0732421875,-0.4638671875,0.64697265625,0.537109375,0.0732421875,2.1484375,-0.048828125,3.5400390625,-0.25634765625,0.537109375,-0.74462890625,1.5380859375,0.25634765625,0.72021484375,-0.0244140625,0.5126953125,0.08544921875,0.76904296875,0.341796875,0.10986328125,-0.23193359375,1.79443359375,0.2197265625,1.86767578125,0.23193359375,2.0263671875,0.048828125,1.123046875,-0.0244140625,-1.0498046875,-0.10986328125,0.29296875,-0.30517578125,-0.52490234375,-0.20751953125,0.7568359375,-0.08544921875,-1.52587890625,-0.01220703125,-0.57373046875,0.048828125,-1.1962890625,-0.10986328125,-1.0009765625,0,-1.4892578125,0.0732421875,-0.30517578125,0.1708984375,-0.48828125,0.30517578125,-1.03759765625,-0.1220703125,-0.732421875,-0.15869140625,-0.6591796875,-0.10986328125,-0.634765625,-0.13427734375,-0.08544921875,-0.048828125,-0.93994140625,-0.0244140625,-1.67236328125,-0.1220703125,-1.220703125,-0.244140625,-0.0732421875,-0.28076171875,0.29296875,0.0244140625,-0.01220703125,-0.06103515625,-0.09765625,-0.06103515625,0.146484375,-0.146484375,1.20849609375,-0.0732421875,2.6123046875,-0.03662109375,0.45166015625,-0.048828125,1.06201171875
1,-0.244140625,-0.439453125,0.1953125,-0.32958984375,0.03662109375,-0.47607421875,0.1708984375,-0.06103515625,-0.03662109375,-0.10986328125,0.0244140625,-0.9033203125,-0.1953125,1.01318359375,-0.47607421875,-0.10986328125,0.0244140625,-0.5615234375,-0.23193359375,-0.20751953125,-0.10986328125,0.927734375,-0.30517578125,-0.537109375,0.28076171875,0.244140625,-0.1953125,-0.37841796875,-0.15869140625,1.45263671875,-0.146484375,1.4892578125,-0.4150390625,-0.0244140625,-0.1220703125,0.634765625,-0.28076171875,-0.25634765625,-0.23193359375,-0.4150390625,0.30517578125,-0.3173828125,-0.5859375,-0.72021484375,-0.1708984375,-0.4638671875,0.68359375,0.537109375,0.048828125,1.86767578125,-0.10986328125,2.978515625,-0.25634765625,0.40283203125,-0.7568359375,1.3671875,0.25634765625,0.732421875,-0.048828125,0.50048828125,0.0732421875,0.7568359375,0.29296875,0.08544921875,-0.2197265625,1.42822265625,0.2197265625,1.5869140625,0.25634765625,1.40380859375,0.01220703125,0.8544921875,0,-1.416015625,-0.1708984375,0.18310546875,-0.25634765625,-0.732421875,-0.23193359375,0.57373046875,-0.1220703125,-1.52587890625,0.01220703125,-0.62255859375,-0.06103515625,-1.171875,-0.08544921875,-1.0009765625,-0.09765625,-1.47705078125,0.048828125,-0.29296875,0.2197265625,-0.48828125,0.47607421875,-1.123046875,-0.15869140625,-0.74462890625,-0.13427734375,-0.634765625,-0.09765625,-0.64697265625,-0.15869140625,-0.06103515625,-0.08544921875,-0.9033203125,-0.01220703125,-1.611328125,-0.09765625,-1.18408203125,-0.244140625,0.048828125,-0.2685546875,0.30517578125,0.0244140625,-0.03662109375,-0.048828125,-0.10986328125,-0.09765625,0.146484375,-0.146484375,0.76904296875,-0.09765625,2.001953125,-0.03662109375,0.09765625,-0.08544921875,0.52490234375
1,-0.244140625,-0.4638671875,0.2197265625,-0.341796875,0.03662109375,-0.50048828125,0.1708984375,-0.0732421875,-0.0732421875,-0.10986328125,0.048828125,-0.91552734375,-0.1953125,1.01318359375,-0.50048828125,-0.1220703125,-0.03662109375,-0.57373046875,-0.2197265625,-0.2197265625,-0.09765625,0.93994140625,-0.244140625,-0.52490234375,0.3173828125,0.06103515625,-0.13427734375,-0.5859375,-0.1708984375,1.20849609375,-0.08544921875,0.67138671875,-0.390625,-0.15869140625,-0.0244140625,0.2685546875,-0.2685546875,-0.32958984375,-0.1953125,-0.54931640625,0.40283203125,-0.28076171875,-0.47607421875,-0.72021484375,-0.2685546875,-0.47607421875,0.68359375,0.54931640625,0.048828125,1.59912109375,-0.1220703125,2.34375,-0.18310546875,0.2197265625,-0.7080078125,1.1962890625,0.25634765625,0.69580078125,0,0.47607421875,0.048828125,0.732421875,0.25634765625,0.06103515625,-0.20751953125,1.123046875,0.20751953125,1.37939453125,0.3173828125,0.87890625,-0.048828125,0.64697265625,-0.03662109375,-1.513671875,-0.244140625,0.1220703125,-0.244140625,-0.78125,-0.29296875,0.48828125,-0.1220703125,-1.4892578125,-0.03662109375,-0.6103515625,-0.20751953125,-1.15966796875,-0.06103515625,-0.9765625,-0.15869140625,-1.47705078125,0.0244140625,-0.30517578125,0.30517578125,-0.4638671875,0.5615234375,-1.26953125,-0.146484375,-0.76904296875,-0.13427734375,-0.64697265625,-0.09765625,-0.64697265625,-0.146484375,-0.08544921875,-0.06103515625,-0.89111328125,-0.03662109375,-1.5625,-0.0732421875,-1.171875,-0.244140625,0.09765625,-0.25634765625,0.30517578125,0.0244140625,-0.01220703125,-0.06103515625,-0.1220703125,-0.08544921875,0.15869140625,-0.15869140625,0.3173828125,-0.06103515625,1.3671875,-0.0244140625,-0.28076171875,-0.08544921875,-0.03662109375
0,-0.2197265625,-0.47607421875,0.244140625,-0.37841796875,0.0244140625,-0.5126953125,0.146484375,-0.08544921875,-0.09765625,-0.09765625,0.06103515625,-0.91552734375,-0.244140625,1.025390625,-0.5126953125,-0.1220703125,-0.09765625,-0.57373046875,-0.1708984375,-0.2197265625,-0.03662109375,0.927734375,-0.1953125,-0.54931640625,0.29296875,-0.1220703125,-0.1220703125,-0.7568359375,-0.2197265625,1.025390625,-0.08544921875,0.0244140625,-0.30517578125,-0.2685546875,0.01220703125,-0.10986328125,-0.28076171875,-0.390625,-0.18310546875,-0.64697265625,0.45166015625,-0.2685546875,-0.390625,-0.72021484375,-0.30517578125,-0.4638671875,0.6591796875,0.54931640625,0.01220703125,1.3671875,-0.18310546875,1.69677734375,-0.15869140625,0.03662109375,-0.62255859375,1.025390625,0.23193359375,0.7080078125,-0.01220703125,0.4638671875,0.03662109375,0.7080078125,0.13427734375,0.048828125,-0.15869140625,0.93994140625,0.18310546875,1.23291015625,0.25634765625,0.59814453125,-0.01220703125,0.54931640625,-0.08544921875,-1.3671875,-0.20751953125,0.15869140625,-0.1220703125,-0.76904296875,-0.30517578125,0.537109375,-0.1220703125,-1.3916015625,-0.0244140625,-0.59814453125,-0.2685546875,-1.1474609375,-0.09765625,-0.96435546875,-0.23193359375,-1.46484375,-0.01220703125,-0.30517578125,0.35400390625,-0.4638671875,0.52490234375,-1.3916015625,-0.146484375,-0.7568359375,-0.08544921875,-0.67138671875,-0.08544921875,-0.62255859375,-0.146484375,-0.06103515625,-0.0244140625,-0.8544921875,-0.048828125,-1.5380859375,-0.08544921875,-1.18408203125,-0.20751953125,0.13427734375,-0.25634765625,0.29296875,0.0244140625,-0.01220703125,-0.048828125,-0.09765625,-0.1220703125,0.15869140625,-0.1708984375,-0.146484375,-0.01220703125,0.7080078125,-0.01220703125,-0.64697265625,-0.09765625,-0.59814453125
0,-0.23193359375,-0.4638671875,0.2685546875,-0.37841796875,0.0244140625,-0.50048828125,0.1708984375,-0.09765625,-0.09765625,-0.06103515625,0.0732421875,-0.93994140625,-0.2685546875,1.025390625,-0.52490234375,-0.13427734375,-0.15869140625,-0.5859375,-0.15869140625,-0.2197265625,0,0.9521484375,-0.13427734375,-0.54931640625,0.28076171875,-0.23193359375,-0.0732421875,-0.8544921875,-0.2685546875,0.89111328125,-0.048828125,-0.37841796875,-0.1953125,-0.3662109375,0.048828125,-0.4638671875,-0.25634765625,-0.45166015625,-0.10986328125,-0.74462890625,0.45166015625,-0.2685546875,-0.244140625,-0.732421875,-0.3173828125,-0.45166015625,0.68359375,0.5615234375,-0.048828125,1.171875,-0.146484375,1.13525390625,-0.09765625,-0.0732421875,-0.57373046875,0.89111328125,0.1953125,0.69580078125,0.01220703125,0.47607421875,0.03662109375,0.69580078125,0,0.03662109375,-0.146484375,0.93994140625,0.048828125,1.2939453125,0.25634765625,0.54931640625,-0.06103515625,0.5859375,-0.048828125,-1.0498046875,-0.146484375,0.2685546875,-0.048828125,-0.6591796875,-0.341796875,0.6591796875,-0.20751953125,-1.33056640625,-0.048828125,-0.54931640625,-0.341796875,-1.123046875,-0.15869140625,-0.927734375,-0.29296875,-1.47705078125,-0.03662109375,-0.30517578125,0.4150390625,-0.439453125,0.25634765625,-1.50146484375,-0.15869140625,-0.7568359375,-0.10986328125,-0.6591796875,-0.0732421875,-0.62255859375,-0.15869140625,-0.0732421875,-0.01220703125,-0.87890625,-0.0732421875,-1.55029296875,-0.1220703125,-1.171875,-0.10986328125,0.09765625,-0.2197265625,0.30517578125,0.03662109375,0,-0.06103515625,-0.08544921875,-0.13427734375,0.1708984375,-0.244140625,-0.5859375,-0.09765625,0.13427734375,-0.03662109375,-0.96435546875,-0.20751953125,-1.13525390625
0,-0.2197265625,-0.47607421875,0.244140625,-0.37841796875,0.06103515625,-0.48828125,0.1953125,-0.08544921875,-0.1220703125,-0.048828125,0.08544921875,-0.927734375,-0.2685546875,1.025390625,-0.50048828125,-0.10986328125,-0.18310546875,-0.59814453125,-0.146484375,-0.23193359375,0.08544921875,0.96435546875,-0.1220703125,-0.5615234375,0.2685546875,-0.25634765625,-0.01220703125,-0.9033203125,-0.32958984375,0.8544921875,0.01220703125,-0.4638671875,-0.1220703125,-0.45166015625,0.06103515625,-0.830078125,-0.1953125,-0.5126953125,-0.10986328125,-0.84228515625,0.45166015625,-0.244140625,-0.1708984375,-0.72021484375,-0.30517578125,-0.45166015625,0.69580078125,0.59814453125,-0.08544921875,1.11083984375,-0.146484375,0.74462890625,-0.0244140625,-0.1708984375,-0.6103515625,0.78125,0.1953125,0.7080078125,0.0244140625,0.47607421875,0.048828125,0.68359375,-0.03662109375,0.03662109375,-0.146484375,1.1474609375,0,1.50146484375,0.2685546875,0.89111328125,-0.01220703125,0.8056640625,-0.1220703125,-0.62255859375,-0.15869140625,0.40283203125,0.0244140625,-0.50048828125,-0.3662109375,0.8056640625,-0.20751953125,-1.25732421875,-0.03662109375,-0.5126953125,-0.29296875,-1.0986328125,-0.1953125,-0.9033203125,-0.32958984375,-1.47705078125,-0.06103515625,-0.30517578125,0.47607421875,-0.439453125,0.1708984375,-1.55029296875,-0.2197265625,-0.7568359375,-0.10986328125,-0.67138671875,-0.0732421875,-0.6103515625,-0.13427734375,-0.06103515625,0.01220703125,-0.89111328125,-0.08544921875,-1.5869140625,-0.15869140625,-1.18408203125,-0.0244140625,0.0244140625,-0.1953125,0.29296875,0.06103515625,0,-0.0732421875,-0.0732421875,-0.13427734375,0.15869140625,-0.20751953125,-0.96435546875,-0.08544921875,-0.30517578125,0.0244140625,-1.2451171875,-0.1953125,-1.55029296875
0,-0.20751953125,-0.4638671875,0.2685546875,-0.3662109375,0.06103515625,-0.47607421875,0.1953125,-0.06103515625,-0.08544921875,-0.06103515625,0.0732421875,-0.927734375,-0.28076171875,1.03759765625,-0.48828125,-0.1220703125,-0.1953125,-0.6103515625,-0.1220703125,-0.23193359375,0.1708984375,1.01318359375,-0.15869140625,-0.54931640625,0.25634765625,-0.2197265625,0.0244140625,-0.8544921875,-0.390625,0.9033203125,-0.1220703125,-0.23193359375,-0.1220703125,-0.5615234375,-0.01220703125,-1.123046875,-0.18310546875,-0.5859375,-0.048828125,-0.93994140625,0.390625,-0.244140625,-0.08544921875,-0.732421875,-0.2685546875,-0.439453125,0.59814453125,0.6103515625,-0.20751953125,1.13525390625,-0.20751953125,0.634765625,0.01220703125,-0.1708984375,-0.6591796875,0.78125,0.2197265625,0.7080078125,0.01220703125,0.47607421875,0.0732421875,0.732421875,-0.06103515625,0.03662109375,-0.09765625,1.62353515625,-0.06103515625,1.84326171875,0.13427734375,1.5869140625,0,1.1962890625,-0.1708984375,-0.18310546875,-0.15869140625,0.62255859375,0.048828125,-0.30517578125,-0.35400390625,0.98876953125,-0.1953125,-1.20849609375,-0.03662109375,-0.4638671875,-0.2197265625,-1.123046875,-0.1708984375,-0.86669921875,-0.29296875,-1.4892578125,-0.09765625,-0.3173828125,0.4638671875,-0.42724609375,0.048828125,-1.47705078125,-0.2197265625,-0.7568359375,-0.01220703125,-0.6591796875,-0.09765625,-0.59814453125,-0.09765625,-0.08544921875,-0.01220703125,-0.9033203125,-0.0732421875,-1.59912109375,-0.20751953125,-1.18408203125,0.0732421875,-0.048828125,-0.15869140625,0.29296875,0.06103515625,-0.01220703125,-0.0732421875,-0.0732421875,-0.1220703125,0.146484375,-0.18310546875,-1.220703125,-0.0244140625,-0.5615234375,0.03662109375,-1.416015625,-0.1953125,-1.84326171875
0,-0.20751953125,-0.439453125,0.23193359375,-0.37841796875,0.048828125,-0.47607421875,0.20751953125,-0.0732421875,-0.08544921875,-0.08544921875,0.06103515625,-0.9521484375,-0.2685546875,1.03759765625,-0.47607421875,-0.10986328125,-0.20751953125,-0.6103515625,-0.1220703125,-0.23193359375,0.1708984375,1.01318359375,-0.20751953125,-0.5615234375,0.23193359375,-0.08544921875,0.03662109375,-0.732421875,-0.40283203125,1.03759765625,-0.03662109375,0.2685546875,-0.1220703125,-0.6591796875,-0.0244140625,-1.37939453125,-0.10986328125,-0.634765625,0,-0.98876953125,0.30517578125,-0.2197265625,-0.06103515625,-0.69580078125,-0.244140625,-0.439453125,0.5126953125,0.6103515625,-0.3173828125,1.28173828125,-0.10986328125,0.84228515625,0,-0.08544921875,-0.634765625,0.89111328125,0.2197265625,0.72021484375,0.08544921875,0.48828125,0.0732421875,0.79345703125,-0.08544921875,0.048828125,-0.06103515625,2.24609375,-0.10986328125,2.35595703125,0.0732421875,2.52685546875,0.03662109375,1.69677734375,-0.25634765625,0.2197265625,-0.1708984375,0.79345703125,0.03662109375,-0.13427734375,-0.2685546875,1.15966796875,-0.18310546875,-1.220703125,-0.0732421875,-0.4638671875,-0.1953125,-1.123046875,-0.18310546875,-0.86669921875,-0.2197265625,-1.513671875,-0.15869140625,-0.32958984375,0.45166015625,-0.439453125,0.03662109375,-1.3671875,-0.2197265625,-0.732421875,0.0244140625,-0.6591796875,-0.146484375,-0.59814453125,-0.03662109375,-0.0732421875,-0.03662109375,-0.927734375,-0.0244140625,-1.64794921875,-0.244140625,-1.220703125,0.13427734375,-0.146484375,-0.1220703125,0.3173828125,0.0732421875,0,-0.06103515625,-0.0244140625,-0.1220703125,0.13427734375,-0.20751953125,-1.3671875,0,-0.6591796875,0.048828125,-1.47705078125,-0.18310546875,-1.953125
0,-0.1708984375,-0.439453125,0.2197265625,-0.3662109375,0.01220703125,-0.4638671875,0.18310546875,-0.06103515625,-0.0732421875,-0.09765625,0.048828125,-0.93994140625,-0.28076171875,1.025390625,-0.45166015625,-0.146484375,-0.1953125,-0.59814453125,-0.146484375,-0.20751953125,0.2685546875,1.03759765625,-0.23193359375,-0.54931640625,0.1708984375,0.10986328125,0.048828125,-0.5615234375,-0.3173828125,1.25732421875,0.0244140625,1.025390625,-0.09765625,-0.74462890625,-0.03662109375,-1.5869140625,-0.06103515625,-0.68359375,0.03662109375,-1.025390625,0.2685546875,-0.25634765625,-0.0244140625,-0.732421875,-0.1708984375,-0.4638671875,0.47607421875,0.6103515625,-0.341796875,1.5380859375,-0.09765625,1.40380859375,0.01220703125,0.048828125,-0.54931640625,1.025390625,0.20751953125,0.72021484375,0.0732421875,0.50048828125,0.13427734375,0.927734375,-0.1220703125,0.03662109375,0.0244140625,3.01513671875,-0.18310546875,2.9541015625,-0.06103515625,3.6865234375,0.048828125,2.2705078125,-0.32958984375,0.47607421875,-0.1953125,0.86669921875,0.03662109375,0,-0.1708984375,1.26953125,-0.09765625,-1.23291015625,-0.048828125,-0.42724609375,-0.15869140625,-1.0986328125,-0.10986328125,-0.87890625,-0.1220703125,-1.52587890625,-0.20751953125,-0.32958984375,0.390625,-0.4638671875,0.08544921875,-1.15966796875,-0.18310546875,-0.732421875,0.06103515625,-0.6591796875,-0.2197265625,-0.62255859375,0,-0.09765625,-0.03662109375,-0.9521484375,0.01220703125,-1.67236328125,-0.244140625,-1.220703125,0.13427734375,-0.15869140625,-0.0732421875,0.341796875,0.08544921875,-0.03662109375,-0.06103515625,-0.0244140625,-0.10986328125,0.13427734375,-0.18310546875,-1.35498046875,0,-0.537109375,0.06103515625,-1.40380859375,-0.15869140625,-1.91650390625
0,-0.15869140625,-0.4150390625,0.25634765625,-0.35400390625,0.01220703125,-0.45166015625,0.1953125,-0.0732421875,-0.03662109375,-0.10986328125,0.06103515625,-0.93994140625,-0.30517578125,1.025390625,-0.4150390625,-0.15869140625,-0.18310546875,-0.57373046875,-0.13427734375,-0.1953125,0.30517578125,1.06201171875,-0.244140625,-0.5615234375,0.146484375,0.3662109375,0.03662109375,-0.3173828125,-0.25634765625,1.513671875,-0.10986328125,1.9287109375,-0.048828125,-0.8056640625,-0.048828125,-1.66015625,-0.06103515625,-0.67138671875,0.06103515625,-1.03759765625,0.23193359375,-0.244140625,0,-0.7080078125,-0.13427734375,-0.4638671875,0.52490234375,0.6103515625,-0.30517578125,1.84326171875,-0.13427734375,2.23388671875,0.0244140625,0.28076171875,-0.42724609375,1.28173828125,0.23193359375,0.732421875,0.1220703125,0.52490234375,0.1708984375,1.08642578125,-0.146484375,0.0732421875,0.08544921875,3.84521484375,-0.25634765625,3.5888671875,-0.18310546875,4.91943359375,0.03662109375,2.8564453125,-0.28076171875,0.5615234375,-0.20751953125,0.93994140625,0.0244140625,0.06103515625,-0.0732421875,1.33056640625,-0.0732421875,-1.26953125,-0.03662109375,-0.45166015625,-0.1220703125,-1.0986328125,-0.03662109375,-0.87890625,0.01220703125,-1.52587890625,-0.2197265625,-0.32958984375,0.29296875,-0.47607421875,0.13427734375,-0.8544921875,-0.146484375,-0.72021484375,0.08544921875,-0.6591796875,-0.2685546875,-0.634765625,0.06103515625,-0.09765625,-0.0244140625,-0.93994140625,0.048828125,-1.6845703125,-0.25634765625,-1.20849609375,0.146484375,-0.1708984375,-0.048828125,0.32958984375,0.06103515625,-0.03662109375,-0.06103515625,-0.01220703125,-0.08544921875,0.146484375,-0.18310546875,-1.20849609375,0.01220703125,-0.2685546875,0.06103515625,-1.26953125,-0.146484375,-1.72119140625
0,-0.15869140625,-0.40283203125,0.28076171875,-0.3662109375,0,-0.439453125,0.18310546875,-0.0732421875,-0.03662109375,-0.1220703125,0.06103515625,-0.93994140625,-0.3173828125,1.025390625,-0.3662109375,-0.1708984375,-0.1708984375,-0.57373046875,-0.1220703125,-0.20751953125,0.20751953125,1.03759765625,-0.23193359375,-0.54931640625,0.15869140625,0.64697265625,0.03662109375,-0.08544921875,-0.146484375,1.81884765625,-0.0732421875,2.89306640625,-0.0244140625,-0.830078125,-0.06103515625,-1.67236328125,-0.06103515625,-0.68359375,0.08544921875,-1.03759765625,0.20751953125,-0.2685546875,-0.048828125,-0.72021484375,-0.10986328125,-0.4638671875,0.537109375,0.6103515625,-0.30517578125,2.197265625,-0.2685546875,3.28369140625,0,0.57373046875,-0.32958984375,1.57470703125,0.23193359375,0.72021484375,0.048828125,0.54931640625,0.1708984375,1.25732421875,-0.1220703125,0.08544921875,0.06103515625,4.65087890625,-0.2685546875,4.1748046875,-0.20751953125,6.06689453125,-0.01220703125,3.40576171875,-0.244140625,0.50048828125,-0.25634765625,0.927734375,0.0244140625,0.0732421875,0,1.3427734375,-0.03662109375,-1.35498046875,-0.03662109375,-0.4638671875,-0.146484375,-1.11083984375,0.048828125,-0.89111328125,0.09765625,-1.50146484375,-0.25634765625,-0.28076171875,0.18310546875,-0.45166015625,0.15869140625,-0.50048828125,-0.1220703125,-0.72021484375,0.10986328125,-0.634765625,-0.32958984375,-0.64697265625,0.0244140625,-0.09765625,-0.01220703125,-0.927734375,0.10986328125,-1.69677734375,-0.25634765625,-1.1962890625,0.146484375,-0.13427734375,-0.03662109375,0.32958984375,0.048828125,-0.06103515625,-0.06103515625,-0.01220703125,-0.048828125,0.146484375,-0.1953125,-0.9765625,0.0244140625,0.08544921875,0.03662109375,-1.03759765625,-0.10986328125,-1.416015625
0,-0.13427734375,-0.42724609375,0.29296875,-0.3662109375,0,-0.4638671875,0.20751953125,-0.06103515625,-0.0244140625,-0.1220703125,0.06103515625,-0.9521484375,-0.32958984375,1.01318359375,-0.29296875,-0.18310546875,-0.15869140625,-0.54931640625,-0.10986328125,-0.1953125,0.28076171875,1.01318359375,-0.1708984375,-0.537109375,0.18310546875,0.87890625,0.01220703125,0.20751953125,-0.048828125,2.16064453125,-0.15869140625,3.90625,0.01220703125,-0.8056640625,-0.06103515625,-1.59912109375,-0.0732421875,-0.67138671875,0.06103515625,-1.01318359375,0.1220703125,-0.2685546875,-0.08544921875,-0.69580078125,-0.048828125,-0.4638671875,0.48828125,0.59814453125,-0.32958984375,2.57568359375,-0.341796875,4.4677734375,-0.03662109375,0.8544921875,-0.25634765625,1.904296875,0.244140625,0.732421875,-0.0244140625,0.54931640625,0.20751953125,1.416015625,-0.1220703125,0.09765625,0.1220703125,5.37109375,-0.25634765625,4.6630859375,-0.2197265625,7.0068359375,0,3.84521484375,-0.1708984375,0.32958984375,-0.244140625,0.8544921875,0.03662109375,0.0244140625,0.0732421875,1.2939453125,0,-1.37939453125,-0.0732421875,-0.4638671875,-0.1953125,-1.123046875,0.08544921875,-0.9033203125,0.15869140625,-1.46484375,-0.23193359375,-0.2685546875,0.048828125,-0.42724609375,0.2197265625,-0.0244140625,-0.10986328125,-0.732421875,0.0732421875,-0.64697265625,-0.3662109375,-0.634765625,-0.0244140625,-0.08544921875,0,-0.9033203125,0.1708984375,-1.66015625,-0.2685546875,-1.1962890625,0.10986328125,-0.0732421875,-0.03662109375,0.30517578125,0.06103515625,-0.06103515625,-0.0732421875,-0.01220703125,-0.03662109375,0.13427734375,-0.20751953125,-0.68359375,0.03662109375,0.45166015625,0.06103515625,-0.81787109375,-0.09765625,-1.07421875
0,-0.15869140625,-0.42724609375,0.29296875,-0.35400390625,0.01220703125,-0.45166015625,0.20751953125,-0.0732421875,-0.03662109375,-0.13427734375,0.08544921875,-0.9521484375,-0.3173828125,1.025390625,-0.28076171875,-0.15869140625,-0.146484375,-0.54931640625,-0.09765625,-0.1953125,0.146484375,0.9765625,-0.08544921875,-0.54931640625,0.1953125,1.15966796875,0,0.4638671875,0.03662109375,2.4658203125,-0.13427734375,4.8828125,0,-0.78125,0,-1.45263671875,-0.06103515625,-0.67138671875,0.01220703125,-0.98876953125,0.0732421875,-0.2685546875,-0.15869140625,-0.72021484375,0,-0.45166015625,0.47607421875,0.5859375,-0.3173828125,2.94189453125,-0.35400390625,5.62744140625,-0.09765625,1.13525390625,-0.146484375,2.23388671875,0.2197265625,0.7080078125,0,0.54931640625,0.29296875,1.55029296875,-0.146484375,0.10986328125,0.08544921875,5.87158203125,-0.28076171875,4.99267578125,-0.18310546875,7.62939453125,-0.06103515625,4.11376953125,-0.18310546875,0.0732421875,-0.1708984375,0.74462890625,0.06103515625,-0.0732421875,0.1220703125,1.23291015625,0.048828125,-1.3916015625,-0.048828125,-0.45166015625,-0.20751953125,-1.123046875,0.0732421875,-0.89111328125,0.15869140625,-1.40380859375,-0.20751953125,-0.1953125,-0.0732421875,-0.35400390625,0.09765625,0.537109375,-0.08544921875,-0.7080078125,0.03662109375,-0.62255859375,-0.37841796875,-0.62255859375,-0.06103515625,-0.0732421875,0.0244140625,-0.89111328125,0.18310546875,-1.6357421875,-0.2685546875,-1.171875,0.08544921875,-0.0244140625,-0.0244140625,0.3173828125,0.06103515625,-0.08544921875,-0.0732421875,0,-0.01220703125,0.15869140625,-0.2197265625,-0.4150390625,0.08544921875,0.76904296875,0.0244140625,-0.5859375,-0.1220703125,-0.76904296875
0,-0.1220703125,-0.439453125,0.29296875,-0.3173828125,0.01220703125,-0.4638671875,0.15869140625,-0.048828125,-0.048828125,-0.13427734375,0.10986328125,-0.93994140625,-0.29296875,1.03759765625,-0.23193359375,-0.1220703125,-0.146484375,-0.5615234375,-0.06103515625,-0.20751953125,0.13427734375,0.927734375,-0.08544921875,-0.5615234375,0.23193359375,1.3916015625,0,0.74462890625,0.13427734375,2.783203125,-0.06103515625,5.7861328125,0.01220703125,-0.69580078125,0.09765625,-1.26953125,-0.08544921875,-0.6591796875,0.03662109375,-0.96435546875,0.048828125,-0.28076171875,-0.244140625,-0.72021484375,0.048828125,-0.45166015625,0.45166015625,0.54931640625,-0.29296875,3.23486328125,-0.35400390625,6.6650390625,-0.1708984375,1.37939453125,-0.06103515625,2.5146484375,0.2197265625,0.72021484375,0.048828125,0.54931640625,0.32958984375,1.59912109375,-0.0732421875,0.08544921875,0.10986328125,6.16455078125,-0.2685546875,5.13916015625,-0.13427734375,7.89794921875,-0.1220703125,4.2236328125,-0.10986328125,-0.1953125,-0.10986328125,0.64697265625,0.146484375,-0.15869140625,0.1953125,1.15966796875,0.06103515625,-1.37939453125,-0.0244140625,-0.4150390625,-0.2197265625,-1.123046875,0.01220703125,-0.9033203125,0.09765625,-1.30615234375,-0.20751953125,-0.1220703125,-0.13427734375,-0.2685546875,0.048828125,1.18408203125,-0.10986328125,-0.69580078125,-0.03662109375,-0.634765625,-0.341796875,-0.62255859375,-0.13427734375,-0.0732421875,0.0244140625,-0.86669921875,0.2197265625,-1.59912109375,-0.244140625,-1.15966796875,0.0732421875,0.06103515625,0,0.30517578125,0.09765625,-0.06103515625,-0.08544921875,0.01220703125,0.01220703125,0.146484375,-0.2197265625,-0.2197265625,0.1220703125,0.98876953125,0.03662109375,-0.42724609375,-0.1220703125,-0.52490234375
0,-0.1220703125,-0.47607421875,0.29296875,-0.341796875,-0.03662109375,-0.4638671875,0.15869140625,-0.06103515625,-0.048828125,-0.10986328125,0.1708984375,-0.927734375,-0.28076171875,1.025390625,-0.25634765625,-0.1220703125,-0.146484375,-0.59814453125,-0.048828125,-0.18310546875,0.13427734375,0.87890625,-0.10986328125,-0.57373046875,0.3173828125,1.59912109375,0.0244140625,0.98876953125,0.15869140625,3.06396484375,-0.15869140625,6.640625,-0.0244140625,-0.634765625,0.13427734375,-1.0986328125,-0.06103515625,-0.634765625,0.03662109375,-0.927734375,0.0732421875,-0.2685546875,-0.3173828125,-0.7080078125,0.10986328125,-0.45166015625,0.45166015625,0.54931640625,-0.244140625,3.47900390625,-0.50048828125,7.48291015625,-0.23193359375,1.55029296875,0,2.72216796875,0.146484375,0.7080078125,0.0732421875,0.537109375,0.40283203125,1.5869140625,-0.0244140625,0.0732421875,0.09765625,6.16455078125,-0.2685546875,5.078125,-0.06103515625,7.80029296875,-0.2197265625,4.1259765625,-0.1953125,-0.40283203125,-0.09765625,0.5615234375,0.13427734375,-0.25634765625,0.146484375,1.11083984375,0.048828125,-1.318359375,0.048828125,-0.37841796875,-0.25634765625,-1.0986328125,-0.0244140625,-0.87890625,0.08544921875,-1.15966796875,-0.23193359375,-0.03662109375,-0.2197265625,-0.1220703125,0.1953125,1.94091796875,-0.09765625,-0.72021484375,-0.08544921875,-0.62255859375,-0.341796875,-0.634765625,-0.15869140625,-0.0732421875,0.0244140625,-0.86669921875,0.25634765625,-1.5869140625,-0.1953125,-1.1474609375,0.03662109375,0.10986328125,0.01220703125,0.2685546875,0.08544921875,-0.0732421875,-0.0732421875,0.01220703125,0.03662109375,0.13427734375,-0.1953125,-0.0732421875,0.0732421875,1.06201171875,0.06103515625,-0.3662109375,-0.08544921875,-0.4150390625
0,-0.09765625,-0.48828125,0.29296875,-0.3662109375,-0.06103515625,-0.47607421875,0.13427734375,-0.08544921875,-0.08544921875,-0.1220703125,0.18310546875,-0.927734375,-0.28076171875,1.025390625,-0.244140625,-0.13427734375,-0.13427734375,-0.59814453125,-0.0244140625,-0.20751953125,0.06103515625,0.830078125,-0.15869140625,-0.59814453125,0.341796875,1.7333984375,0.01220703125,1.13525390625,0.20751953125,3.28369140625,-0.23193359375,7.2998046875,-0.09765625,-0.5615234375,0.20751953125,-0.9765625,-0.03662109375,-0.59814453125,0.03662109375,-0.87890625,0.13427734375,-0.2685546875,-0.40283203125,-0.72021484375,0.13427734375,-0.439453125,0.40283203125,0.537109375,-0.20751953125,3.62548828125,-0.5859375,8.02001953125,-0.29296875,1.67236328125,0.10986328125,2.83203125,0.048828125,0.69580078125,0.048828125,0.57373046875,0.42724609375,1.50146484375,0.09765625,0.0732421875,0.03662109375,5.8837890625,-0.244140625,4.84619140625,-0.01220703125,7.38525390625,-0.3173828125,3.86962890625,-0.2685546875,-0.50048828125,-0.048828125,0.54931640625,0.20751953125,-0.29296875,0.15869140625,1.08642578125,0.01220703125,-1.30615234375,0.1220703125,-0.341796875,-0.25634765625,-1.08642578125,-0.1220703125,-0.8544921875,0.0244140625,-1.025390625,-0.25634765625,0.06103515625,-0.2685546875,0.048828125,0.1708984375,2.74658203125,-0.09765625,-0.732421875,-0.09765625,-0.634765625,-0.341796875,-0.6103515625,-0.146484375,-0.06103515625,0.048828125,-0.86669921875,0.244140625,-1.5625,-0.15869140625,-1.15966796875,0.0244140625,0.1220703125,0.06103515625,0.28076171875,0.0732421875,-0.0732421875,-0.0732421875,0.048828125,0.0244140625,0.146484375,-0.15869140625,-0.03662109375,0.13427734375,1.0009765625,0.08544921875,-0.390625,-0.0732421875,-0.4150390625
1,-0.08544921875,-0.50048828125,0.3173828125,-0.390625,-0.09765625,-0.47607421875,0.146484375,-0.08544921875,-0.09765625,-0.10986328125,0.18310546875,-0.91552734375,-0.244140625,1.01318359375,-0.244140625,-0.146484375,-0.13427734375,-0.6103515625,-0.0244140625,-0.20751953125,0.048828125,0.81787109375,-0.20751953125,-0.5859375,0.37841796875,1.84326171875,0.03662109375,1.26953125,0.2197265625,3.45458984375,-0.23193359375,7.8125,-0.08544921875,-0.537109375,0.1708984375,-0.86669921875,-0.0244140625,-0.57373046875,-0.01220703125,-0.8544921875,0.2197265625,-0.244140625,-0.439453125,-0.72021484375,0.146484375,-0.439453125,0.30517578125,0.5615234375,-0.1953125,3.6865234375,-0.62255859375,8.2275390625,-0.29296875,1.6845703125,0.10986328125,2.880859375,0,0.7080078125,0.01220703125,0.59814453125,0.47607421875,1.3427734375,0.18310546875,0.048828125,0.06103515625,5.419921875,-0.28076171875,4.47998046875,0.01220703125,6.72607421875,-0.341796875,3.50341796875,-0.25634765625,-0.45166015625,0.03662109375,0.57373046875,0.29296875,-0.28076171875,0.18310546875,1.123046875,-0.048828125,-1.26953125,0.1953125,-0.29296875,-0.25634765625,-1.07421875,-0.1708984375,-0.8544921875,-0.08544921875,-0.8544921875,-0.30517578125,0.15869140625,-0.341796875,0.18310546875,0.10986328125,3.564453125,-0.09765625,-0.72021484375,-0.1220703125,-0.6591796875,-0.3173828125,-0.6103515625,-0.13427734375,-0.048828125,0.09765625,-0.86669921875,0.25634765625,-1.55029296875,-0.1220703125,-1.15966796875,0,0.08544921875,0.0732421875,0.28076171875,0.03662109375,-0.048828125,-0.06103515625,0.048828125,0.03662109375,0.15869140625,-0.244140625,-0.08544921875,0,0.81787109375,0.048828125,-0.47607421875,-0.13427734375,-0.52490234375
1,-0.08544921875,-0.47607421875,0.28076171875,-0.390625,-0.09765625,-0.48828125,0.1220703125,-0.09765625,-0.09765625,-0.10986328125,0.20751953125,-0.927734375,-0.20751953125,1.025390625,-0.1953125,-0.146484375,-0.10986328125,-0.6103515625,-0.0244140625,-0.1953125,-0.0732421875,0.830078125,-0.1953125,-0.5859375,0.35400390625,1.91650390625,0.06103515625,1.35498046875,0.1953125,3.55224609375,-0.20751953125,8.14208984375,-0.09765625,-0.52490234375,0.20751953125,-0.84228515625,0.0244140625,-0.537109375,-0.048828125,-0.8544921875,0.28076171875,-0.244140625,-0.45166015625,-0.7080078125,0.146484375,-0.439453125,0.28076171875,0.57373046875,-0.23193359375,3.6376953125,-0.57373046875,8.14208984375,-0.32958984375,1.64794921875,0.10986328125,2.83203125,-0.03662109375,0.69580078125,0.03662109375,0.59814453125,0.54931640625,1.11083984375,0.13427734375,0.06103515625,-0.01220703125,4.77294921875,-0.32958984375,4.01611328125,0.0244140625,5.89599609375,-0.32958984375,3.0517578125,-0.390625,-0.30517578125,0.03662109375,0.68359375,0.244140625,-0.20751953125,0.06103515625,1.1962890625,-0.08544921875,-1.20849609375,0.15869140625,-0.28076171875,-0.2685546875,-1.07421875,-0.2197265625,-0.830078125,-0.1708984375,-0.7080078125,-0.35400390625,0.28076171875,-0.37841796875,0.341796875,0.2197265625,4.35791015625,-0.0732421875,-0.7080078125,-0.146484375,-0.6591796875,-0.2685546875,-0.62255859375,-0.13427734375,-0.048828125,0.15869140625,-0.86669921875,0.244140625,-1.5625,-0.09765625,-1.171875,-0.01220703125,0.03662109375,0.08544921875,0.30517578125,0.01220703125,-0.03662109375,-0.06103515625,0.03662109375,0.048828125,0.15869140625,-0.1953125,-0.23193359375,0,0.59814453125,0.08544921875,-0.5859375,-0.0732421875,-0.72021484375
1,-0.08544921875,-0.4638671875,0.2685546875,-0.4150390625,-0.1220703125,-0.48828125,0.13427734375,-0.09765625,-0.0732421875,-0.09765625,0.1708984375,-0.927734375,-0.1953125,1.025390625,-0.1708984375,-0.146484375,-0.08544921875,-0.59814453125,0,-0.1953125,-0.1953125,0.830078125,-0.1708984375,-0.5859375,0.35400390625,1.904296875,0.0732421875,1.318359375,0.2197265625,3.57666015625,-0.15869140625,8.16650390625,-0.08544921875,-0.52490234375,0.244140625,-0.89111328125,0.0244140625,-0.5615234375,-0.10986328125,-0.84228515625,0.35400390625,-0.2197265625,-0.439453125,-0.69580078125,0.09765625,-0.4638671875,0.1953125,0.5615234375,-0.28076171875,3.4912109375,-0.52490234375,7.763671875,-0.3662109375,1.55029296875,0.048828125,2.7099609375,-0.08544921875,0.732421875,0.08544921875,0.59814453125,0.59814453125,0.89111328125,0.2197265625,0.06103515625,0,4.0283203125,-0.3173828125,3.47900390625,0.048828125,4.99267578125,-0.25634765625,2.5390625,-0.47607421875,-0.03662109375,0.0244140625,0.8544921875,0.2197265625,-0.0732421875,0,1.3427734375,-0.1220703125,-1.1962890625,0.244140625,-0.2685546875,-0.23193359375,-1.07421875,-0.2197265625,-0.81787109375,-0.25634765625,-0.6103515625,-0.35400390625,0.3662109375,-0.439453125,0.47607421875,0.244140625,5.0537109375,-0.0732421875,-0.7080078125,-0.1708984375,-0.67138671875,-0.1953125,-0.62255859375,-0.10986328125,-0.03662109375,0.18310546875,-0.87890625,0.23193359375,-1.57470703125,-0.048828125,-1.171875,-0.03662109375,0.01220703125,0.13427734375,0.30517578125,0.0244140625,-0.06103515625,-0.06103515625,0.01220703125,0.03662109375,0.15869140625,-0.1220703125,-0.3662109375,0.10986328125,0.3662109375,0.1220703125,-0.69580078125,-0.0244140625,-0.9033203125
1,-0.0732421875,-0.45166015625,0.29296875,-0.390625,-0.0732421875,-0.47607421875,0.1220703125,-0.048828125,-0.06103515625,-0.10986328125,0.15869140625,-0.93994140625,-0.146484375,1.025390625,-0.15869140625,-0.13427734375,-0.09765625,-0.59814453125,0,-0.20751953125,-0.244140625,0.84228515625,-0.146484375,-0.57373046875,0.29296875,1.8310546875,0.09765625,1.20849609375,0.1708984375,3.47900390625,-0.1220703125,7.94677734375,-0.048828125,-0.5615234375,0.25634765625,-0.96435546875,0.0732421875,-0.5615234375,-0.10986328125,-0.86669921875,0.390625,-0.23193359375,-0.32958984375,-0.7080078125,0.03662109375,-0.45166015625,0.18310546875,0.5615234375,-0.3173828125,3.2958984375,-0.40283203125,7.177734375,-0.390625,1.40380859375,-0.01220703125,2.52685546875,-0.13427734375,0.72021484375,0.03662109375,0.62255859375,0.6103515625,0.7080078125,0.2685546875,0.08544921875,0.03662109375,3.271484375,-0.244140625,2.9541015625,0.048828125,4.11376953125,-0.15869140625,2.05078125,-0.35400390625,0.28076171875,0.0732421875,1.025390625,0.146484375,0.09765625,0,1.50146484375,-0.1708984375,-1.20849609375,0.25634765625,-0.2685546875,-0.25634765625,-1.08642578125,-0.1953125,-0.830078125,-0.2685546875,-0.52490234375,-0.35400390625,0.439453125,-0.45166015625,0.5615234375,0.1953125,5.56640625,-0.06103515625,-0.7080078125,-0.1953125,-0.67138671875,-0.1220703125,-0.6103515625,-0.08544921875,-0.048828125,0.1953125,-0.87890625,0.20751953125,-1.611328125,-0.01220703125,-1.18408203125,-0.0244140625,-0.048828125,0.1708984375,0.30517578125,0.01220703125,-0.048828125,-0.06103515625,0.01220703125,0.0244140625,0.15869140625,-0.1953125,-0.45166015625,-0.01220703125,0.20751953125,0.048828125,-0.8056640625,-0.08544921875,-1.03759765625
1,-0.0732421875,-0.40283203125,0.30517578125,-0.37841796875,-0.10986328125,-0.439453125,0.1220703125,-0.048828125,-0.048828125,-0.08544921875,0.15869140625,-0.91552734375,-0.15869140625,1.025390625,-0.146484375,-0.10986328125,-0.0732421875,-0.6103515625,0.01220703125,-0.20751953125,-0.341796875,0.87890625,-0.13427734375,-0.5615234375,0.20751953125,1.72119140625,0.10986328125,1.07421875,0.13427734375,3.3447265625,-0.15869140625,7.45849609375,-0.06103515625,-0.59814453125,0.29296875,-1.07421875,0.09765625,-0.5859375,-0.06103515625,-0.89111328125,0.3662109375,-0.23193359375,-0.244140625,-0.72021484375,-0.06103515625,-0.439453125,0.1708984375,0.5615234375,-0.341796875,3.03955078125,-0.3662109375,6.4208984375,-0.40283203125,1.220703125,0,2.294921875,-0.15869140625,0.732421875,0,0.64697265625,0.68359375,0.54931640625,0.29296875,0.1220703125,0.0244140625,2.57568359375,-0.15869140625,2.45361328125,0,3.271484375,-0.10986328125,1.59912109375,-0.3662109375,0.6103515625,0.09765625,1.220703125,0.03662109375,0.29296875,-0.01220703125,1.6845703125,-0.1708984375,-1.23291015625,0.3662109375,-0.28076171875,-0.244140625,-1.123046875,-0.1220703125,-0.86669921875,-0.23193359375,-0.47607421875,-0.35400390625,0.50048828125,-0.48828125,0.62255859375,0.06103515625,5.8837890625,-0.03662109375,-0.72021484375,-0.2197265625,-0.64697265625,-0.0732421875,-0.634765625,-0.048828125,-0.048828125,0.146484375,-0.87890625,0.1708984375,-1.6357421875,0,-1.1962890625,0,-0.0732421875,0.18310546875,0.30517578125,0.01220703125,-0.0244140625,-0.048828125,0.0244140625,0.0244140625,0.15869140625,-0.146484375,-0.48828125,-0.0244140625,0.18310546875,0.0732421875,-0.81787109375,-0.0244140625,-1.06201171875
1,-0.08544921875,-0.3662109375,0.29296875,-0.35400390625,-0.09765625,-0.45166015625,0.09765625,-0.048828125,-0.048828125,-0.09765625,0.18310546875,-0.927734375,-0.18310546875,1.0009765625,-0.1708984375,-0.10986328125,-0.08544921875,-0.59814453125,-0.0244140625,-0.18310546875,-0.30517578125,0.91552734375,-0.146484375,-0.5615234375,0.1220703125,1.50146484375,0.08544921875,0.9033203125,0.09765625,3.125,-0.15869140625,6.7138671875,-0.10986328125,-0.64697265625,0.23193359375,-1.220703125,0.01220703125,-0.6103515625,-0.0244140625,-0.91552734375,0.35400390625,-0.23193359375,-0.09765625,-0.7080078125,-0.13427734375,-0.45166015625,0.1708984375,0.5615234375,-0.29296875,2.7587890625,-0.3173828125,5.615234375,-0.42724609375,1.01318359375,0,2.06298828125,-0.146484375,0.732421875,-0.03662109375,0.634765625,0.67138671875,0.45166015625,0.32958984375,0.1220703125,0.06103515625,1.91650390625,-0.0732421875,2.0263671875,-0.0244140625,2.5146484375,-0.03662109375,1.1962890625,-0.2685546875,0.86669921875,0.0732421875,1.42822265625,-0.03662109375,0.48828125,0.0244140625,1.8798828125,-0.1708984375,-1.28173828125,0.42724609375,-0.28076171875,-0.20751953125,-1.11083984375,-0.048828125,-0.89111328125,-0.13427734375,-0.50048828125,-0.341796875,0.5126953125,-0.4150390625,0.62255859375,-0.09765625,5.95703125,-0.01220703125,-0.72021484375,-0.25634765625,-0.6591796875,-0.01220703125,-0.64697265625,-0.03662109375,-0.03662109375,0.09765625,-0.9033203125,0.1220703125,-1.66015625,0.01220703125,-1.23291015625,0.048828125,-0.0732421875,0.1708984375,0.30517578125,0.048828125,-0.0244140625,-0.08544921875,0.01220703125,0.0244140625,0.1708984375,-0.1220703125,-0.4150390625,0.01220703125,0.25634765625,0.06103515625,-0.74462890625,-0.03662109375,-0.96435546875
1,-0.09765625,-0.3173828125,0.32958984375,-0.32958984375,-0.08544921875,-0.439453125,0.0732421875,-0.0244140625,-0.03662109375,-0.1220703125,0.18310546875,-0.91552734375,-0.1708984375,1.025390625,-0.18310546875,-0.10986328125,-0.10986328125,-0.57373046875,-0.0244140625,-0.20751953125,-0.3173828125,0.9521484375,-0.13427734375,-0.54931640625,0.048828125,1.28173828125,0.08544921875,0.6591796875,0.0244140625,2.81982421875,-0.20751953125,5.76171875,-0.146484375,-0.67138671875,0.146484375,-1.28173828125,-0.048828125,-0.59814453125,0.0244140625,-0.91552734375,0.30517578125,-0.23193359375,-0.048828125,-0.7080078125,-0.1953125,-0.42724609375,0.23193359375,0.5615234375,-0.244140625,2.45361328125,-0.3173828125,4.833984375,-0.40283203125,0.79345703125,0,1.81884765625,-0.10986328125,0.732421875,-0.0732421875,0.64697265625,0.62255859375,0.390625,0.3173828125,0.10986328125,0,1.3916015625,0.048828125,1.67236328125,-0.048828125,1.904296875,-0.01220703125,0.86669921875,-0.0732421875,1.06201171875,0.08544921875,1.5869140625,-0.13427734375,0.64697265625,0.048828125,2.03857421875,-0.146484375,-1.318359375,0.45166015625,-0.23193359375,-0.13427734375,-1.123046875,0.0732421875,-0.927734375,-0.06103515625,-0.50048828125,-0.30517578125,0.50048828125,-0.35400390625,0.57373046875,-0.09765625,5.82275390625,0,-0.72021484375,-0.2197265625,-0.634765625,-0.01220703125,-0.634765625,0,-0.03662109375,0.03662109375,-0.9033203125,0.09765625,-1.66015625,0,-1.220703125,0.0732421875,-0.0732421875,0.20751953125,0.3173828125,0.0244140625,-0.01220703125,-0.0732421875,0.01220703125,0.0244140625,0.15869140625,-0.1220703125,-0.244140625,-0.03662109375,0.45166015625,0.0732421875,-0.57373046875,-0.0244140625,-0.732421875
1,-0.09765625,-0.2685546875,0.341796875,-0.3662109375,-0.06103515625,-0.4638671875,0.06103515625,-0.06103515625,-0.0244140625,-0.15869140625,0.2197265625,-0.927734375,-0.18310546875,1.0009765625,-0.1953125,-0.13427734375,-0.10986328125,-0.537109375,-0.0244140625,-0.18310546875,-0.37841796875,0.93994140625,-0.1953125,-0.5615234375,-0.03662109375,0.9765625,0.09765625,0.40283203125,-0.01220703125,2.47802734375,-0.23193359375,4.736328125,-0.146484375,-0.634765625,0.08544921875,-1.318359375,-0.10986328125,-0.5859375,0.0732421875,-0.91552734375,0.18310546875,-0.2197265625,-0.06103515625,-0.7080078125,-0.25634765625,-0.42724609375,0.23193359375,0.5615234375,-0.2197265625,2.197265625,-0.30517578125,4.06494140625,-0.35400390625,0.57373046875,-0.048828125,1.5869140625,-0.0244140625,0.72021484375,-0.10986328125,0.62255859375,0.5859375,0.40283203125,0.3173828125,0.09765625,-0.09765625,0.93994140625,0.15869140625,1.3916015625,-0.048828125,1.3916015625,0.03662109375,0.5859375,-0.0732421875,1.1962890625,-0.01220703125,1.6357421875,-0.23193359375,0.79345703125,0.06103515625,2.20947265625,-0.08544921875,-1.33056640625,0.4150390625,-0.09765625,-0.06103515625,-1.123046875,0.15869140625,-0.93994140625,0.048828125,-0.5859375,-0.23193359375,0.42724609375,-0.2685546875,0.47607421875,-0.06103515625,5.517578125,0.01220703125,-0.72021484375,-0.1953125,-0.634765625,-0.0244140625,-0.634765625,0,-0.048828125,0.06103515625,-0.9033203125,0.06103515625,-1.67236328125,-0.03662109375,-1.220703125,0.10986328125,-0.048828125,0.244140625,0.3173828125,0.0244140625,-0.01220703125,-0.0732421875,-0.01220703125,0,0.146484375,-0.10986328125,0,0,0.74462890625,0.09765625,-0.3662109375,0.01220703125,-0.42724609375
1,-0.08544921875,-0.1953125,0.32958984375,-0.35400390625,-0.03662109375,-0.45166015625,0.048828125,-0.0732421875,-0.03662109375,-0.13427734375,0.23193359375,-0.927734375,-0.20751953125,1.025390625,-0.18310546875,-0.1708984375,-0.13427734375,-0.5126953125,-0.0244140625,-0.1708984375,-0.3173828125,0.96435546875,-0.23193359375,-0.5615234375,-0.048828125,0.72021484375,0.10986328125,0.146484375,-0.10986328125,2.11181640625,-0.1953125,3.7109375,-0.1220703125,-0.6103515625,-0.0244140625,-1.28173828125,-0.15869140625,-0.5859375,0.0732421875,-0.89111328125,0.048828125,-0.244140625,-0.06103515625,-0.7080078125,-0.29296875,-0.4150390625,0.25634765625,0.5615234375,-0.1220703125,1.94091796875,-0.29296875,3.40576171875,-0.341796875,0.35400390625,-0.13427734375,1.40380859375,0.0244140625,0.69580078125,-0.15869140625,0.59814453125,0.52490234375,0.4638671875,0.35400390625,0.09765625,-0.15869140625,0.5859375,0.1953125,1.1474609375,-0.01220703125,0.98876953125,0.06103515625,0.37841796875,-0.0244140625,1.25732421875,-0.03662109375,1.69677734375,-0.244140625,0.86669921875,0.0732421875,2.33154296875,-0.0244140625,-1.318359375,0.3173828125,0.13427734375,0.1220703125,-1.07421875,0.2197265625,-0.9033203125,0.13427734375,-0.67138671875,-0.146484375,0.390625,-0.1708984375,0.42724609375,-0.146484375,5.0537109375,-0.01220703125,-0.732421875,-0.15869140625,-0.6591796875,-0.048828125,-0.64697265625,-0.03662109375,-0.048828125,0.03662109375,-0.89111328125,0.03662109375,-1.66015625,-0.0732421875,-1.20849609375,0.1220703125,0,0.244140625,0.29296875,0.03662109375,-0.01220703125,-0.06103515625,-0.01220703125,-0.0244140625,0.15869140625,-0.13427734375,0.3173828125,0,1.03759765625,0.0732421875,-0.10986328125,-0.048828125,-0.0732421875
1,-0.08544921875,-0.146484375,0.3173828125,-0.35400390625,-0.0244140625,-0.45166015625,0.01220703125,-0.09765625,-0.03662109375,-0.146484375,0.244140625,-0.927734375,-0.2197265625,1.0009765625,-0.18310546875,-0.1708984375,-0.13427734375,-0.54931640625,-0.0244140625,-0.20751953125,-0.35400390625,0.927734375,-0.2685546875,-0.59814453125,-0.09765625,0.439453125,0.15869140625,-0.10986328125,-0.20751953125,1.7578125,-0.1953125,2.74658203125,-0.10986328125,-0.59814453125,-0.048828125,-1.171875,-0.244140625,-0.57373046875,0.09765625,-0.87890625,-0.0244140625,-0.244140625,-0.1708984375,-0.7080078125,-0.32958984375,-0.40283203125,0.23193359375,0.537109375,-0.048828125,1.708984375,-0.29296875,2.83203125,-0.29296875,0.18310546875,-0.25634765625,1.23291015625,0.06103515625,0.69580078125,-0.15869140625,0.54931640625,0.47607421875,0.52490234375,0.28076171875,0.08544921875,-0.20751953125,0.341796875,0.18310546875,0.98876953125,0.048828125,0.62255859375,0.06103515625,0.1953125,-0.01220703125,1.25732421875,-0.06103515625,1.72119140625,-0.244140625,0.927734375,0.08544921875,2.392578125,0.0244140625,-1.25732421875,0.25634765625,0.50048828125,0.20751953125,-1.03759765625,0.1708984375,-0.84228515625,0.1953125,-0.76904296875,-0.0732421875,0.32958984375,-0.06103515625,0.341796875,-0.2197265625,4.5654296875,-0.01220703125,-0.74462890625,-0.13427734375,-0.634765625,-0.048828125,-0.634765625,-0.06103515625,-0.0244140625,0.048828125,-0.89111328125,0.01220703125,-1.6357421875,-0.0732421875,-1.18408203125,0.13427734375,0.03662109375,0.2685546875,0.30517578125,0.048828125,-0.01220703125,-0.06103515625,-0.03662109375,-0.0244140625,0.1708984375,-0.13427734375,0.62255859375,-0.01220703125,1.318359375,0.0732421875,0.1220703125,-0.03662109375,0.2685546875
1,-0.0732421875,-0.1220703125,0.29296875,-0.35400390625,-0.0244140625,-0.47607421875,-0.03662109375,-0.1220703125,-0.048828125,-0.13427734375,0.25634765625,-0.927734375,-0.23193359375,1.01318359375,-0.18310546875,-0.18310546875,-0.1220703125,-0.54931640625,-0.048828125,-0.20751953125,-0.35400390625,0.9033203125,-0.29296875,-0.5859375,-0.13427734375,0.244140625,0.20751953125,-0.341796875,-0.244140625,1.4404296875,-0.18310546875,1.9775390625,-0.08544921875,-0.50048828125,-0.0732421875,-1.03759765625,-0.2685546875,-0.54931640625,0.0732421875,-0.84228515625,-0.06103515625,-0.25634765625,-0.28076171875,-0.72021484375,-0.29296875,-0.390625,0.1953125,0.537109375,-0.01220703125,1.52587890625,-0.3173828125,2.3681640625,-0.2685546875,0.048828125,-0.30517578125,1.11083984375,0.0244140625,0.69580078125,-0.1708984375,0.5126953125,0.47607421875,0.59814453125,0.2197265625,0.0732421875,-0.20751953125,0.146484375,0.13427734375,0.84228515625,0.10986328125,0.32958984375,0.03662109375,0.0732421875,0,1.220703125,-0.0732421875,1.64794921875,-0.20751953125,0.927734375,0.0732421875,2.42919921875,0.0732421875,-1.11083984375,0.18310546875,1.01318359375,0.3173828125,-0.96435546875,0.09765625,-0.74462890625,0.28076171875,-0.84228515625,-0.06103515625,0.244140625,0.06103515625,0.2685546875,-0.20751953125,4.08935546875,-0.048828125,-0.74462890625,-0.09765625,-0.634765625,-0.0732421875,-0.62255859375,-0.13427734375,-0.048828125,0.03662109375,-0.89111328125,0.01220703125,-1.611328125,-0.08544921875,-1.1962890625,0.146484375,0.048828125,0.28076171875,0.29296875,0.048828125,-0.0244140625,-0.06103515625,-0.0244140625,-0.03662109375,0.1708984375,-0.1220703125,0.86669921875,-0.01220703125,1.52587890625,0.09765625,0.2685546875,-0.03662109375,0.54931640625
1,-0.0732421875,-0.0732421875,0.29296875,-0.35400390625,-0.03662109375,-0.48828125,-0.048828125,-0.1220703125,-0.0244140625,-0.1220703125,0.25634765625,-0.93994140625,-0.244140625,1.0009765625,-0.20751953125,-0.18310546875,-0.1220703125,-0.54931640625,-0.06103515625,-0.1953125,-0.37841796875,0.89111328125,-0.29296875,-0.5859375,-0.09765625,0.0732421875,0.2197265625,-0.48828125,-0.2685546875,1.20849609375,-0.18310546875,1.3916015625,-0.08544921875,-0.4150390625,-0.146484375,-0.87890625,-0.29296875,-0.537109375,0.06103515625,-0.8056640625,-0.0244140625,-0.2685546875,-0.390625,-0.72021484375,-0.25634765625,-0.37841796875,0.15869140625,0.537109375,0.06103515625,1.3671875,-0.29296875,1.96533203125,-0.244140625,-0.08544921875,-0.37841796875,1.0009765625,-0.01220703125,0.7080078125,-0.15869140625,0.47607421875,0.42724609375,0.64697265625,0.13427734375,0.06103515625,-0.18310546875,0.01220703125,0.1220703125,0.732421875,0.13427734375,0.06103515625,0,-0.03662109375,0.0732421875,1.15966796875,-0.10986328125,1.64794921875,-0.13427734375,0.91552734375,0.06103515625,2.44140625,0.08544921875,-0.9521484375,0.01220703125,1.64794921875,0.390625,-0.87890625,0.01220703125,-0.62255859375,0.30517578125,-0.9033203125,-0.048828125,0.18310546875,0.1220703125,0.2197265625,-0.10986328125,3.69873046875,-0.08544921875,-0.72021484375,-0.0244140625,-0.64697265625,-0.09765625,-0.6103515625,-0.18310546875,-0.048828125,0.01220703125,-0.9033203125,0.01220703125,-1.57470703125,-0.146484375,-1.18408203125,0.15869140625,0.048828125,0.3173828125,0.29296875,0.048828125,-0.0244140625,-0.06103515625,-0.048828125,-0.06103515625,0.18310546875,-0.09765625,1.03759765625,-0.01220703125,1.611328125,0.1220703125,0.3662109375,-0.03662109375,0.72021484375
1,-0.06103515625,-0.06103515625,0.28076171875,-0.37841796875,-0.03662109375,-0.50048828125,-0.08544921875,-0.09765625,0,-0.10986328125,0.25634765625,-0.927734375,-0.244140625,0.98876953125,-0.18310546875,-0.15869140625,-0.10986328125,-0.57373046875,-0.06103515625,-0.2197265625,-0.47607421875,0.87890625,-0.3173828125,-0.57373046875,-0.10986328125,-0.0244140625,0.2197265625,-0.62255859375,-0.29296875,1.0498046875,-0.20751953125,1.0009765625,-0.1220703125,-0.35400390625,-0.20751953125,-0.72021484375,-0.28076171875,-0.48828125,0,-0.78125,-0.01220703125,-0.25634765625,-0.537109375,-0.72021484375,-0.2197265625,-0.390625,0.09765625,0.5615234375,0.06103515625,1.23291015625,-0.32958984375,1.6357421875,-0.10986328125,-0.15869140625,-0.341796875,0.927734375,0,0.7080078125,-0.20751953125,0.4638671875,0.4150390625,0.67138671875,0.01220703125,0.06103515625,-0.146484375,-0.1220703125,0.10986328125,0.6591796875,0.146484375,-0.13427734375,-0.03662109375,-0.10986328125,0.0732421875,1.123046875,-0.0732421875,1.5625,-0.03662109375,0.89111328125,0.048828125,2.392578125,0.10986328125,-0.74462890625,-0.10986328125,2.38037109375,0.3662109375,-0.7568359375,-0.0732421875,-0.4638671875,0.3173828125,-0.91552734375,-0.09765625,0.1220703125,0.18310546875,0.20751953125,-0.03662109375,3.45458984375,-0.09765625,-0.732421875,-0.03662109375,-0.6591796875,-0.146484375,-0.5859375,-0.23193359375,-0.06103515625,-0.0244140625,-0.9033203125,0.01220703125,-1.57470703125,-0.20751953125,-1.15966796875,0.15869140625,0.0244140625,0.341796875,0.28076171875,0.0244140625,-0.0244140625,-0.048828125,-0.08544921875,-0.0732421875,0.1708984375,-0.09765625,1.0986328125,-0.01220703125,1.5869140625,0.146484375,0.3662109375,0,0.78125
1,-0.06103515625,-0.03662109375,0.28076171875,-0.390625,-0.0244140625,-0.48828125,-0.10986328125,-0.10986328125,0.0244140625,-0.09765625,0.25634765625,-0.91552734375,-0.2685546875,0.98876953125,-0.1953125,-0.18310546875,-0.08544921875,-0.57373046875,-0.09765625,-0.2197265625,-0.47607421875,0.86669921875,-0.3173828125,-0.57373046875,-0.03662109375,-0.08544921875,0.25634765625,-0.69580078125,-0.2197265625,0.927734375,-0.2197265625,0.78125,-0.146484375,-0.30517578125,-0.2197265625,-0.6103515625,-0.30517578125,-0.4638671875,-0.09765625,-0.74462890625,-0.0244140625,-0.244140625,-0.57373046875,-0.7080078125,-0.1953125,-0.40283203125,0.0732421875,0.54931640625,0.048828125,1.08642578125,-0.3173828125,1.33056640625,-0.0244140625,-0.1953125,-0.3173828125,0.8544921875,-0.03662109375,0.7080078125,-0.2197265625,0.42724609375,0.37841796875,0.67138671875,-0.0732421875,0.048828125,-0.08544921875,-0.20751953125,0,0.62255859375,0.08544921875,-0.29296875,-0.06103515625,-0.146484375,0.0244140625,1.0986328125,-0.06103515625,1.513671875,0.048828125,0.8544921875,0.01220703125,2.35595703125,0.08544921875,-0.52490234375,-0.0732421875,3.16162109375,0.3173828125,-0.64697265625,-0.1708984375,-0.30517578125,0.28076171875,-0.927734375,-0.13427734375,0.08544921875,0.244140625,0.1953125,0.1220703125,3.369140625,-0.09765625,-0.7080078125,-0.06103515625,-0.68359375,-0.20751953125,-0.5859375,-0.2685546875,-0.048828125,-0.0732421875,-0.91552734375,0.0244140625,-1.59912109375,-0.23193359375,-1.171875,0.13427734375,0,0.35400390625,0.28076171875,0.03662109375,-0.01220703125,-0.0732421875,-0.08544921875,-0.0732421875,0.146484375,-0.08544921875,1.0498046875,-0.0244140625,1.45263671875,0.15869140625,0.29296875,0.01220703125,0.69580078125
0,-0.03662109375,-0.03662109375,0.30517578125,-0.40283203125,0,-0.47607421875,-0.10986328125,-0.1220703125,0.06103515625,-0.09765625,0.2197265625,-0.91552734375,-0.30517578125,1.0009765625,-0.1953125,-0.1708984375,-0.0732421875,-0.57373046875,-0.09765625,-0.23193359375,-0.54931640625,0.84228515625,-0.29296875,-0.57373046875,0.01220703125,-0.09765625,0.25634765625,-0.7568359375,-0.1708984375,0.84228515625,-0.2685546875,0.634765625,-0.146484375,-0.30517578125,-0.18310546875,-0.537109375,-0.28076171875,-0.48828125,-0.1708984375,-0.732421875,0.048828125,-0.244140625,-0.537109375,-0.7080078125,-0.20751953125,-0.42724609375,0.03662109375,0.54931640625,0.0244140625,0.9765625,-0.341796875,1.0009765625,0.048828125,-0.2197265625,-0.32958984375,0.78125,-0.048828125,0.732421875,-0.20751953125,0.45166015625,0.29296875,0.6103515625,-0.20751953125,0.06103515625,-0.0732421875,-0.244140625,-0.09765625,0.54931640625,-0.048828125,-0.4150390625,-0.1220703125,-0.1953125,-0.01220703125,1.0498046875,-0.0732421875,1.52587890625,0.13427734375,0.8056640625,-0.06103515625,2.294921875,0.06103515625,-0.32958984375,-0.13427734375,3.91845703125,0.25634765625,-0.537109375,-0.1953125,-0.146484375,0.2197265625,-0.927734375,-0.146484375,0.0732421875,0.30517578125,0.20751953125,0.1708984375,3.38134765625,-0.09765625,-0.72021484375,-0.03662109375,-0.68359375,-0.23193359375,-0.59814453125,-0.25634765625,-0.048828125,-0.0732421875,-0.9033203125,0.048828125,-1.5869140625,-0.23193359375,-1.1962890625,0.09765625,-0.03662109375,0.40283203125,0.2685546875,-0.01220703125,-0.0244140625,-0.0732421875,-0.09765625,-0.08544921875,0.146484375,-0.08544921875,0.927734375,-0.01220703125,1.23291015625,0.1953125,0.1708984375,0.01220703125,0.54931640625
0,-0.048828125,-0.03662109375,0.25634765625,-0.40283203125,0.0244140625,-0.47607421875,-0.10986328125,-0.10986328125,0.06103515625,-0.08544921875,0.18310546875,-0.9033203125,-0.32958984375,1.0009765625,-0.146484375,-0.15869140625,-0.03662109375,-0.57373046875,-0.15869140625,-0.23193359375,-0.5859375,0.8544921875,-0.29296875,-0.5615234375,0.0732421875,-0.1220703125,0.2685546875,-0.79345703125,-0.10986328125,0.81787109375,-0.29296875,0.5126953125,-0.1708984375,-0.28076171875,-0.146484375,-0.5615234375,-0.25634765625,-0.47607421875,-0.1953125,-0.74462890625,0.048828125,-0.23193359375,-0.42724609375,-0.7080078125,-0.1708984375,-0.42724609375,-0.0244140625,0.54931640625,-0.048828125,0.86669921875,-0.341796875,0.68359375,0.10986328125,-0.244140625,-0.2685546875,0.69580078125,-0.06103515625,0.732421875,-0.1953125,0.4638671875,0.3173828125,0.59814453125,-0.32958984375,0.06103515625,0,-0.28076171875,-0.1220703125,0.54931640625,-0.048828125,-0.4150390625,-0.06103515625,-0.1708984375,-0.048828125,1.0498046875,-0.0732421875,1.45263671875,0.15869140625,0.78125,-0.10986328125,2.23388671875,0.0244140625,-0.1708984375,-0.1708984375,4.6142578125,0.15869140625,-0.4150390625,-0.18310546875,0.0244140625,0.1708984375,-0.9033203125,-0.15869140625,0.08544921875,0.40283203125,0.2197265625,0.15869140625,3.47900390625,-0.0732421875,-0.7080078125,-0.03662109375,-0.67138671875,-0.2685546875,-0.59814453125,-0.244140625,-0.048828125,-0.06103515625,-0.9033203125,0.03662109375,-1.611328125,-0.18310546875,-1.20849609375,0.06103515625,-0.0732421875,0.40283203125,0.28076171875,0,-0.048828125,-0.08544921875,-0.08544921875,-0.06103515625,0.13427734375,-0.08544921875,0.732421875,0.01220703125,0.96435546875,0.15869140625,0,0.0244140625,0.341796875
0,-0.0732421875,-0.03662109375,0.25634765625,-0.40283203125,0.09765625,-0.4638671875,-0.146484375,-0.0732421875,0.06103515625,-0.06103515625,0.1708984375,-0.9033203125,-0.3662109375,1.025390625,-0.13427734375,-0.146484375,-0.01220703125,-0.57373046875,-0.20751953125,-0.23193359375,-0.57373046875,0.89111328125,-0.25634765625,-0.5615234375,0.1708984375,-0.13427734375,0.2197265625,-0.81787109375,-0.06103515625,0.76904296875,-0.28076171875,0.3662109375,-0.13427734375,-0.32958984375,-0.10986328125,-0.62255859375,-0.1953125,-0.48828125,-0.18310546875,-0.7568359375,0.10986328125,-0.2197265625,-0.3173828125,-0.69580078125,-0.20751953125,-0.4638671875,-0.09765625,0.57373046875,-0.13427734375,0.79345703125,-0.341796875,0.390625,0.08544921875,-0.25634765625,-0.29296875,0.634765625,-0.13427734375,0.732421875,-0.2197265625,0.50048828125,0.2685546875,0.54931640625,-0.341796875,0.0732421875,0.048828125,-0.28076171875,-0.1220703125,0.54931640625,-0.13427734375,-0.35400390625,-0.048828125,-0.15869140625,-0.0732421875,1.01318359375,-0.03662109375,1.416015625,0.146484375,0.732421875,-0.08544921875,2.16064453125,-0.01220703125,-0.0244140625,-0.1708984375,5.16357421875,0.048828125,-0.35400390625,-0.1708984375,0.1220703125,0.0732421875,-0.86669921875,-0.18310546875,0.1220703125,0.45166015625,0.244140625,0.0732421875,3.662109375,-0.06103515625,-0.69580078125,-0.0244140625,-0.68359375,-0.2685546875,-0.59814453125,-0.20751953125,-0.06103515625,-0.01220703125,-0.89111328125,0,-1.64794921875,-0.146484375,-1.220703125,0.048828125,-0.09765625,0.42724609375,0.28076171875,-0.0244140625,-0.03662109375,-0.0732421875,-0.08544921875,-0.08544921875,0.1220703125,-0.0732421875,0.537109375,0.01220703125,0.7568359375,0.1953125,-0.15869140625,0.06103515625,0.10986328125
0,-0.09765625,-0.0732421875,0.20751953125,-0.37841796875,0.09765625,-0.439453125,-0.146484375,-0.0732421875,0.03662109375,-0.0732421875,0.146484375,-0.91552734375,-0.3662109375,1.025390625,-0.13427734375,-0.13427734375,0,-0.5615234375,-0.2685546875,-0.23193359375,-0.5615234375,0.87890625,-0.20751953125,-0.5615234375,0.1953125,-0.15869140625,0.1220703125,-0.86669921875,-0.0244140625,0.72021484375,-0.29296875,0.15869140625,-0.08544921875,-0.37841796875,-0.0732421875,-0.732421875,-0.15869140625,-0.50048828125,-0.20751953125,-0.78125,0.1220703125,-0.20751953125,-0.18310546875,-0.7080078125,-0.25634765625,-0.45166015625,-0.1953125,0.5615234375,-0.18310546875,0.732421875,-0.3662109375,0.09765625,0.15869140625,-0.2685546875,-0.1953125,0.57373046875,-0.13427734375,0.72021484375,-0.18310546875,0.5126953125,0.2685546875,0.50048828125,-0.439453125,0.0732421875,0.08544921875,-0.25634765625,-0.146484375,0.59814453125,-0.20751953125,-0.25634765625,0,-0.09765625,-0.20751953125,0.9765625,-0.0244140625,1.40380859375,0.1220703125,0.7080078125,0.01220703125,2.1240234375,-0.06103515625,0.048828125,-0.1708984375,5.52978515625,-0.13427734375,-0.30517578125,-0.1953125,0.2197265625,-0.0244140625,-0.84228515625,-0.15869140625,0.146484375,0.48828125,0.23193359375,-0.03662109375,3.7353515625,-0.06103515625,-0.7080078125,0,-0.68359375,-0.244140625,-0.6103515625,-0.15869140625,-0.06103515625,0.01220703125,-0.89111328125,-0.06103515625,-1.62353515625,-0.09765625,-1.220703125,0.0732421875,-0.09765625,0.45166015625,0.2685546875,-0.048828125,-0.048828125,-0.0732421875,-0.03662109375,-0.08544921875,0.13427734375,-0.10986328125,0.32958984375,0.048828125,0.5859375,0.15869140625,-0.244140625,0.01220703125,-0.09765625
0,-0.06103515625,-0.10986328125,0.2197265625,-0.35400390625,0.1220703125,-0.439453125,-0.15869140625,-0.03662109375,0.01220703125,-0.0732421875,0.13427734375,-0.927734375,-0.390625,1.01318359375,-0.09765625,-0.09765625,0.0244140625,-0.5615234375,-0.341796875,-0.23193359375,-0.439453125,0.89111328125,-0.15869140625,-0.5615234375,0.23193359375,-0.20751953125,0.048828125,-0.91552734375,-0.048828125,0.67138671875,-0.28076171875,-0.1220703125,-0.09765625,-0.4150390625,-0.09765625,-0.830078125,-0.13427734375,-0.52490234375,-0.15869140625,-0.81787109375,0.13427734375,-0.2197265625,-0.048828125,-0.69580078125,-0.29296875,-0.4638671875,-0.1708984375,0.5615234375,-0.2197265625,0.6591796875,-0.37841796875,-0.08544921875,0.20751953125,-0.2685546875,-0.08544921875,0.5126953125,-0.1220703125,0.7080078125,-0.18310546875,0.5615234375,0.29296875,0.50048828125,-0.50048828125,0.08544921875,0.15869140625,-0.18310546875,-0.18310546875,0.67138671875,-0.29296875,-0.1220703125,-0.01220703125,-0.0244140625,-0.146484375,0.927734375,0.01220703125,1.35498046875,0.1220703125,0.68359375,0.13427734375,2.05078125,-0.1220703125,0.0732421875,0,5.72509765625,-0.23193359375,-0.244140625,-0.20751953125,0.2197265625,-0.08544921875,-0.84228515625,-0.13427734375,0.1708984375,0.48828125,0.23193359375,-0.146484375,3.72314453125,-0.0732421875,-0.7080078125,0.0244140625,-0.64697265625,-0.1953125,-0.6103515625,-0.13427734375,-0.03662109375,0.06103515625,-0.89111328125,-0.15869140625,-1.66015625,-0.0732421875,-1.20849609375,0.09765625,-0.08544921875,0.47607421875,0.28076171875,-0.03662109375,-0.0732421875,-0.0732421875,-0.0732421875,-0.08544921875,0.1220703125,-0.09765625,0.1953125,0.10986328125,0.50048828125,0.20751953125,-0.29296875,0.0244140625,-0.20751953125
0,-0.048828125,-0.15869140625,0.1953125,-0.35400390625,0.10986328125,-0.45166015625,-0.146484375,-0.0244140625,-0.048828125,-0.10986328125,0.13427734375,-0.91552734375,-0.37841796875,1.01318359375,-0.10986328125,-0.1220703125,0.0244140625,-0.5615234375,-0.37841796875,-0.2197265625,-0.35400390625,0.9033203125,-0.1220703125,-0.57373046875,0.25634765625,-0.25634765625,-0.01220703125,-0.96435546875,-0.09765625,0.62255859375,-0.23193359375,-0.42724609375,-0.01220703125,-0.439453125,-0.06103515625,-0.9521484375,-0.08544921875,-0.50048828125,-0.1220703125,-0.84228515625,0.1220703125,-0.20751953125,0.10986328125,-0.69580078125,-0.3662109375,-0.4638671875,-0.18310546875,0.57373046875,-0.2197265625,0.64697265625,-0.390625,-0.1953125,0.2197265625,-0.29296875,0,0.47607421875,-0.15869140625,0.7080078125,-0.2197265625,0.57373046875,0.25634765625,0.48828125,-0.57373046875,0.08544921875,0.1220703125,-0.08544921875,-0.15869140625,0.72021484375,-0.3662109375,0.01220703125,-0.03662109375,0.03662109375,-0.23193359375,0.830078125,-0.06103515625,1.3671875,0.03662109375,0.634765625,0.18310546875,2.01416015625,-0.146484375,0.048828125,0.1220703125,5.712890625,-0.29296875,-0.23193359375,-0.146484375,0.2197265625,-0.10986328125,-0.89111328125,-0.0732421875,0.15869140625,0.42724609375,0.15869140625,-0.1953125,3.55224609375,-0.09765625,-0.72021484375,0.06103515625,-0.6591796875,-0.146484375,-0.634765625,-0.10986328125,-0.03662109375,0.06103515625,-0.89111328125,-0.2197265625,-1.64794921875,-0.0244140625,-1.20849609375,0.13427734375,-0.03662109375,0.48828125,0.28076171875,-0.06103515625,-0.06103515625,-0.048828125,-0.09765625,-0.0732421875,0.13427734375,-0.08544921875,0.1220703125,0.0732421875,0.5126953125,0.2685546875,-0.32958984375,0.03662109375,-0.244140625
0,-0.048828125,-0.1953125,0.1953125,-0.35400390625,0.10986328125,-0.45166015625,-0.13427734375,-0.0244140625,-0.06103515625,-0.1220703125,0.13427734375,-0.927734375,-0.341796875,1.0009765625,-0.06103515625,-0.13427734375,0.048828125,-0.5615234375,-0.40283203125,-0.2197265625,-0.244140625,0.9033203125,-0.146484375,-0.57373046875,0.2197265625,-0.3173828125,-0.03662109375,-0.98876953125,-0.146484375,0.57373046875,-0.13427734375,-0.67138671875,0.0244140625,-0.45166015625,-0.0732421875,-0.98876953125,-0.048828125,-0.50048828125,-0.048828125,-0.86669921875,0.03662109375,-0.2197265625,0.146484375,-0.68359375,-0.42724609375,-0.45166015625,-0.20751953125,0.5859375,-0.244140625,0.6591796875,-0.3662109375,-0.23193359375,0.23193359375,-0.28076171875,0.08544921875,0.47607421875,-0.10986328125,0.68359375,-0.25634765625,0.59814453125,0.40283203125,0.48828125,-0.68359375,0.09765625,0.146484375,-0.0244140625,-0.18310546875,0.79345703125,-0.35400390625,0.1220703125,-0.06103515625,0.08544921875,-0.23193359375,0.74462890625,-0.0732421875,1.33056640625,0.048828125,0.5859375,0.28076171875,2.001953125,-0.20751953125,0,0.1708984375,5.5419921875,-0.341796875,-0.28076171875,-0.09765625,0.18310546875,-0.10986328125,-0.927734375,-0.01220703125,0.13427734375,0.3173828125,0.08544921875,-0.2197265625,3.173828125,-0.09765625,-0.72021484375,0.09765625,-0.64697265625,-0.1220703125,-0.62255859375,-0.10986328125,-0.06103515625,0.06103515625,-0.89111328125,-0.2685546875,-1.62353515625,0,-1.220703125,0.1708984375,0.01220703125,0.5126953125,0.28076171875,-0.0732421875,-0.06103515625,-0.06103515625,-0.09765625,-0.08544921875,0.146484375,-0.06103515625,0.1220703125,0.13427734375,0.5859375,0.25634765625,-0.3173828125,0.0244140625,-0.23193359375
0,-0.048828125,-0.23193359375,0.15869140625,-0.35400390625,0.10986328125,-0.4638671875,-0.13427734375,-0.048828125,-0.0732421875,-0.146484375,0.13427734375,-0.91552734375,-0.3173828125,1.0009765625,-0.03662109375,-0.1708984375,0.06103515625,-0.5615234375,-0.4150390625,-0.23193359375,-0.1953125,0.9033203125,-0.146484375,-0.5859375,0.18310546875,-0.3662109375,-0.0244140625,-1.025390625,-0.20751953125,0.52490234375,-0.048828125,-0.84228515625,0.08544921875,-0.45166015625,-0.146484375,-1.01318359375,-0.01220703125,-0.5126953125,0.01220703125,-0.86669921875,-0.0244140625,-0.2197265625,0.18310546875,-0.68359375,-0.50048828125,-0.45166015625,-0.29296875,0.59814453125,-0.29296875,0.69580078125,-0.3662109375,-0.13427734375,0.2197265625,-0.29296875,0.1953125,0.50048828125,-0.08544921875,0.7080078125,-0.3173828125,0.5615234375,0.40283203125,0.52490234375,-0.69580078125,0.0732421875,0.13427734375,0.048828125,-0.1708984375,0.830078125,-0.2685546875,0.18310546875,-0.0732421875,0.1220703125,-0.08544921875,0.64697265625,0.03662109375,1.25732421875,0.09765625,0.52490234375,0.390625,1.96533203125,-0.244140625,-0.09765625,0.244140625,5.2490234375,-0.37841796875,-0.32958984375,-0.03662109375,0.10986328125,-0.048828125,-1.01318359375,0.01220703125,0.08544921875,0.2197265625,0,-0.20751953125,2.6123046875,-0.09765625,-0.7080078125,0.08544921875,-0.64697265625,-0.13427734375,-0.62255859375,-0.08544921875,-0.03662109375,0.0244140625,-0.89111328125,-0.2685546875,-1.62353515625,0.06103515625,-1.20849609375,0.20751953125,0.03662109375,0.5126953125,0.29296875,-0.09765625,-0.0732421875,-0.0732421875,-0.10986328125,-0.08544921875,0.15869140625,-0.1220703125,0.15869140625,-0.01220703125,0.69580078125,0.20751953125,-0.28076171875,-0.03662109375,-0.1708984375
0,-0.048828125,-0.2685546875,0.13427734375,-0.35400390625,0.10986328125,-0.47607421875,-0.13427734375,-0.06103515625,-0.08544921875,-0.146484375,0.09765625,-0.91552734375,-0.28076171875,1.01318359375,-0.01220703125,-0.15869140625,0.06103515625,-0.5615234375,-0.390625,-0.2197265625,-0.1953125,0.89111328125,-0.15869140625,-0.57373046875,0.06103515625,-0.37841796875,0.0244140625,-1.03759765625,-0.23193359375,0.5126953125,-0.06103515625,-0.9033203125,0.1220703125,-0.45166015625,-0.10986328125,-1.025390625,0.03662109375,-0.5126953125,0.0732421875,-0.84228515625,0,-0.244140625,0.244140625,-0.68359375,-0.54931640625,-0.40283203125,-0.28076171875,0.6103515625,-0.29296875,0.7568359375,-0.40283203125,0.01220703125,0.15869140625,-0.3173828125,0.341796875,0.52490234375,-0.048828125,0.68359375,-0.3173828125,0.54931640625,0.4150390625,0.54931640625,-0.7080078125,0.08544921875,0.1220703125,0.08544921875,-0.18310546875,0.86669921875,-0.10986328125,0.2197265625,-0.13427734375,0.1220703125,-0.13427734375,0.5615234375,0,1.220703125,0.0732421875,0.45166015625,0.3662109375,1.89208984375,-0.23193359375,-0.15869140625,0.32958984375,4.87060546875,-0.4150390625,-0.4150390625,0.06103515625,0.03662109375,0.0244140625,-1.13525390625,0.03662109375,0.01220703125,0.09765625,-0.10986328125,-0.1708984375,1.85546875,-0.03662109375,-0.68359375,0.08544921875,-0.6591796875,-0.13427734375,-0.62255859375,-0.08544921875,-0.06103515625,-0.03662109375,-0.89111328125,-0.2685546875,-1.611328125,0.06103515625,-1.18408203125,0.20751953125,0.0732421875,0.52490234375,0.28076171875,-0.09765625,-0.0732421875,-0.0732421875,-0.13427734375,-0.08544921875,0.1708984375,-0.09765625,0.2197265625,0.01220703125,0.8056640625,0.2197265625,-0.25634765625,0.01220703125,-0.09765625
0,-0.01220703125,-0.30517578125,0.09765625,-0.35400390625,0.1220703125,-0.47607421875,-0.146484375,-0.08544921875,-0.08544921875,-0.146484375,0.10986328125,-0.9033203125,-0.2685546875,1.0009765625,0.01220703125,-0.15869140625,0.0244140625,-0.54931640625,-0.30517578125,-0.2197265625,-0.1953125,0.87890625,-0.18310546875,-0.57373046875,-0.0244140625,-0.3662109375,0.09765625,-0.98876953125,-0.2197265625,0.5126953125,0.01220703125,-0.78125,0.15869140625,-0.439453125,-0.18310546875,-1.0009765625,0.01220703125,-0.5126953125,0.10986328125,-0.84228515625,0,-0.23193359375,0.2685546875,-0.69580078125,-0.5615234375,-0.40283203125,-0.25634765625,0.6103515625,-0.1953125,0.8056640625,-0.390625,0.20751953125,0.10986328125,-0.28076171875,0.50048828125,0.59814453125,-0.048828125,0.7080078125,-0.3173828125,0.52490234375,0.42724609375,0.57373046875,-0.72021484375,0.10986328125,0.1220703125,0.09765625,-0.23193359375,0.8544921875,-0.06103515625,0.1953125,-0.23193359375,0.1220703125,-0.048828125,0.50048828125,0.06103515625,1.1474609375,0.18310546875,0.390625,0.4638671875,1.84326171875,-0.20751953125,-0.25634765625,0.40283203125,4.45556640625,-0.3662109375,-0.47607421875,0.13427734375,-0.048828125,0.1220703125,-1.220703125,0.03662109375,-0.09765625,0,-0.2197265625,-0.01220703125,1.01318359375,0,-0.69580078125,0.0732421875,-0.6591796875,-0.146484375,-0.59814453125,-0.08544921875,-0.0732421875,-0.03662109375,-0.89111328125,-0.20751953125,-1.59912109375,0.048828125,-1.18408203125,0.244140625,0.03662109375,0.5615234375,0.28076171875,-0.08544921875,-0.048828125,-0.08544921875,-0.13427734375,-0.0732421875,0.18310546875,-0.09765625,0.244140625,0.06103515625,0.89111328125,0.2197265625,-0.25634765625,0.01220703125,-0.08544921875
0,0,-0.30517578125,0.08544921875,-0.4150390625,0.10986328125,-0.47607421875,-0.1708984375,-0.10986328125,-0.06103515625,-0.15869140625,0.06103515625,-0.927734375,-0.23193359375,0.98876953125,0.06103515625,-0.1953125,-0.01220703125,-0.5615234375,-0.23193359375,-0.20751953125,-0.18310546875,0.87890625,-0.1220703125,-0.5859375,-0.146484375,-0.32958984375,0.1220703125,-0.93994140625,-0.2197265625,0.5859375,-0.048828125,-0.537109375,0.1953125,-0.40283203125,-0.20751953125,-0.9765625,-0.0244140625,-0.50048828125,0.1220703125,-0.8056640625,0.0244140625,-0.23193359375,0.29296875,-0.69580078125,-0.54931640625,-0.390625,-0.2197265625,0.6103515625,-0.13427734375,0.86669921875,-0.390625,0.390625,0,-0.25634765625,0.64697265625,0.6591796875,-0.0732421875,0.732421875,-0.32958984375,0.4638671875,0.42724609375,0.5859375,-0.64697265625,0.10986328125,0.08544921875,0.09765625,-0.20751953125,0.84228515625,0.048828125,0.10986328125,-0.2685546875,0.08544921875,-0.06103515625,0.45166015625,0.10986328125,1.0986328125,0.244140625,0.341796875,0.47607421875,1.77001953125,-0.146484375,-0.3662109375,0.4150390625,4.08935546875,-0.3662109375,-0.54931640625,0.1953125,-0.1220703125,0.20751953125,-1.3671875,0.01220703125,-0.15869140625,-0.0732421875,-0.32958984375,0.08544921875,0.1708984375,0.01220703125,-0.68359375,0.0244140625,-0.67138671875,-0.18310546875,-0.5615234375,-0.10986328125,-0.048828125,-0.048828125,-0.89111328125,-0.146484375,-1.59912109375,0.01220703125,-1.18408203125,0.23193359375,0.03662109375,0.57373046875,0.29296875,-0.08544921875,-0.03662109375,-0.06103515625,-0.146484375,-0.06103515625,0.18310546875,-0.10986328125,0.2685546875,-0.03662109375,0.91552734375,0.15869140625,-0.28076171875,-0.03662109375,-0.09765625
0,0,-0.32958984375,0.09765625,-0.4150390625,0.0732421875,-0.47607421875,-0.18310546875,-0.13427734375,-0.0244140625,-0.146484375,0.048828125,-0.9521484375,-0.20751953125,1.01318359375,0.08544921875,-0.20751953125,-0.06103515625,-0.5859375,-0.15869140625,-0.2197265625,-0.18310546875,0.87890625,-0.06103515625,-0.57373046875,-0.20751953125,-0.28076171875,0.13427734375,-0.86669921875,-0.146484375,0.67138671875,-0.06103515625,-0.2197265625,0.244140625,-0.40283203125,-0.20751953125,-0.9521484375,-0.048828125,-0.5126953125,0.1220703125,-0.78125,0.01220703125,-0.2197265625,0.28076171875,-0.69580078125,-0.50048828125,-0.390625,-0.2197265625,0.6103515625,-0.06103515625,0.9033203125,-0.37841796875,0.57373046875,-0.03662109375,-0.20751953125,0.79345703125,0.69580078125,-0.08544921875,0.7568359375,-0.40283203125,0.45166015625,0.45166015625,0.5859375,-0.59814453125,0.10986328125,0.06103515625,0.0732421875,-0.25634765625,0.830078125,0.0732421875,0.03662109375,-0.32958984375,0.048828125,-0.13427734375,0.48828125,0.10986328125,1.11083984375,0.32958984375,0.29296875,0.439453125,1.72119140625,-0.048828125,-0.439453125,0.40283203125,3.7841796875,-0.341796875,-0.6103515625,0.18310546875,-0.18310546875,0.23193359375,-1.45263671875,-0.048828125,-0.2685546875,-0.15869140625,-0.439453125,0.13427734375,-0.62255859375,0.048828125,-0.69580078125,-0.03662109375,-0.67138671875,-0.2197265625,-0.54931640625,-0.146484375,-0.06103515625,-0.048828125,-0.9033203125,-0.10986328125,-1.611328125,-0.03662109375,-1.18408203125,0.23193359375,0.0244140625,0.57373046875,0.30517578125,-0.10986328125,-0.03662109375,-0.06103515625,-0.1220703125,-0.048828125,0.1953125,-0.06103515625,0.2197265625,0.0244140625,0.9033203125,0.1708984375,-0.3173828125,0.0244140625,-0.18310546875
0,-0.01220703125,-0.29296875,0.08544921875,-0.4150390625,0.06103515625,-0.48828125,-0.1708984375,-0.1220703125,0,-0.1220703125,0.048828125,-0.93994140625,-0.20751953125,1.01318359375,0.1220703125,-0.1953125,-0.08544921875,-0.5859375,-0.06103515625,-0.2197265625,-0.13427734375,0.8544921875,0.01220703125,-0.59814453125,-0.1708984375,-0.23193359375,0.20751953125,-0.78125,-0.03662109375,0.78125,-0.08544921875,0.1220703125,0.2197265625,-0.42724609375,-0.20751953125,-0.96435546875,-0.08544921875,-0.50048828125,0.08544921875,-0.76904296875,-0.06103515625,-0.20751953125,0.25634765625,-0.69580078125,-0.4150390625,-0.40283203125,-0.23193359375,0.6103515625,0,0.91552734375,-0.3662109375,0.64697265625,-0.0732421875,-0.1953125,0.8544921875,0.72021484375,-0.09765625,0.7568359375,-0.28076171875,0.439453125,0.50048828125,0.57373046875,-0.5126953125,0.09765625,0.048828125,0.048828125,-0.37841796875,0.8056640625,0.01220703125,-0.0244140625,-0.390625,0.0244140625,-0.20751953125,0.5859375,0.15869140625,1.11083984375,0.35400390625,0.3173828125,0.3662109375,1.74560546875,0.03662109375,-0.47607421875,0.25634765625,3.57666015625,-0.29296875,-0.68359375,0.0732421875,-0.2197265625,0.30517578125,-1.55029296875,-0.09765625,-0.35400390625,-0.15869140625,-0.50048828125,0.09765625,-1.25732421875,0.03662109375,-0.68359375,-0.1220703125,-0.6591796875,-0.2197265625,-0.5859375,-0.1708984375,-0.0732421875,-0.01220703125,-0.9033203125,-0.06103515625,-1.57470703125,-0.08544921875,-1.18408203125,0.23193359375,-0.03662109375,0.57373046875,0.28076171875,-0.10986328125,-0.0244140625,-0.048828125,-0.0732421875,-0.048828125,0.1708984375,-0.03662109375,0.15869140625,0.0244140625,0.8544921875,0.13427734375,-0.3662109375,0.06103515625,-0.2685546875
1,-0.01220703125,-0.30517578125,0.048828125,-0.42724609375,0.048828125,-0.48828125,-0.1953125,-0.13427734375,-0.01220703125,-0.13427734375,0.048828125,-0.93994140625,-0.15869140625,1.01318359375,0.1708984375,-0.1708984375,-0.09765625,-0.59814453125,-0.0244140625,-0.2197265625,-0.20751953125,0.8544921875,0.06103515625,-0.5615234375,-0.18310546875,-0.13427734375,0.2197265625,-0.732421875,0.01220703125,0.87890625,-0.13427734375,0.37841796875,0.23193359375,-0.42724609375,-0.13427734375,-0.98876953125,-0.15869140625,-0.5126953125,0.09765625,-0.78125,-0.13427734375,-0.20751953125,0.2685546875,-0.7080078125,-0.35400390625,-0.42724609375,-0.25634765625,0.59814453125,0.048828125,0.9521484375,-0.37841796875,0.67138671875,-0.146484375,-0.13427734375,0.89111328125,0.732421875,-0.146484375,0.76904296875,-0.20751953125,0.439453125,0.57373046875,0.537109375,-0.40283203125,0.10986328125,0.048828125,0.048828125,-0.32958984375,0.76904296875,0.10986328125,-0.0732421875,-0.25634765625,0.0244140625,-0.30517578125,0.67138671875,0.1953125,1.18408203125,0.3662109375,0.37841796875,0.28076171875,1.7822265625,0.1220703125,-0.52490234375,0.13427734375,3.466796875,-0.28076171875,-0.7080078125,0,-0.28076171875,0.30517578125,-1.611328125,-0.1953125,-0.42724609375,-0.13427734375,-0.54931640625,0.08544921875,-1.708984375,0.01220703125,-0.67138671875,-0.18310546875,-0.634765625,-0.20751953125,-0.5615234375,-0.1953125,-0.08544921875,0.01220703125,-0.9033203125,0.01220703125,-1.59912109375,-0.146484375,-1.18408203125,0.1953125,-0.048828125,0.537109375,0.28076171875,-0.10986328125,-0.03662109375,-0.06103515625,-0.06103515625,-0.0244140625,0.15869140625,-0.06103515625,0.08544921875,0,0.78125,0.10986328125,-0.390625,0.06103515625,-0.390625
1,-0.01220703125,-0.29296875,0.0244140625,-0.4150390625,0.0244140625,-0.47607421875,-0.25634765625,-0.09765625,0.01220703125,-0.1220703125,0.048828125,-0.91552734375,-0.146484375,1.025390625,0.1708984375,-0.1708984375,-0.09765625,-0.6103515625,0,-0.2197265625,-0.1953125,0.86669921875,0.048828125,-0.57373046875,-0.146484375,-0.0732421875,0.2197265625,-0.67138671875,0.0732421875,0.9521484375,-0.15869140625,0.54931640625,0.1708984375,-0.45166015625,-0.06103515625,-1.0498046875,-0.18310546875,-0.52490234375,0.10986328125,-0.76904296875,-0.18310546875,-0.1953125,0.2685546875,-0.7080078125,-0.28076171875,-0.42724609375,-0.244140625,0.5859375,0.048828125,0.93994140625,-0.341796875,0.6103515625,-0.1953125,-0.146484375,0.8544921875,0.72021484375,-0.1953125,0.72021484375,-0.15869140625,0.4638671875,0.57373046875,0.48828125,-0.37841796875,0.08544921875,0.08544921875,0.03662109375,-0.3173828125,0.79345703125,0.10986328125,-0.08544921875,-0.20751953125,0.03662109375,-0.28076171875,0.830078125,0.2197265625,1.2939453125,0.29296875,0.47607421875,0.1953125,1.85546875,0.15869140625,-0.5126953125,0.0244140625,3.43017578125,-0.25634765625,-0.7080078125,-0.09765625,-0.29296875,0.3173828125,-1.64794921875,-0.29296875,-0.42724609375,-0.08544921875,-0.5859375,0.1220703125,-1.904296875,-0.01220703125,-0.69580078125,-0.1953125,-0.64697265625,-0.18310546875,-0.59814453125,-0.1953125,-0.08544921875,0.048828125,-0.91552734375,0.048828125,-1.62353515625,-0.1708984375,-1.1962890625,0.1708984375,-0.0732421875,0.5126953125,0.28076171875,-0.10986328125,-0.048828125,-0.08544921875,-0.0244140625,-0.048828125,0.13427734375,-0.0732421875,0,-0.0732421875,0.7568359375,0.06103515625,-0.390625,0.048828125,-0.42724609375
1,0,-0.29296875,0.01220703125,-0.390625,0.03662109375,-0.47607421875,-0.23193359375,-0.06103515625,0.01220703125,-0.09765625,0.048828125,-0.91552734375,-0.1220703125,1.03759765625,0.1708984375,-0.146484375,-0.08544921875,-0.62255859375,0,-0.23193359375,-0.20751953125,0.84228515625,0.048828125,-0.57373046875,-0.06103515625,-0.0244140625,0.244140625,-0.64697265625,0.13427734375,0.98876953125,-0.146484375,0.5615234375,0.10986328125,-0.50048828125,0,-1.07421875,-0.1953125,-0.537109375,0.08544921875,-0.79345703125,-0.2197265625,-0.1953125,0.25634765625,-0.7080078125,-0.20751953125,-0.439453125,-0.29296875,0.57373046875,0.0732421875,0.927734375,-0.20751953125,0.47607421875,-0.20751953125,-0.15869140625,0.89111328125,0.68359375,-0.28076171875,0.7568359375,-0.09765625,0.5126953125,0.59814453125,0.439453125,-0.341796875,0.0732421875,0.09765625,0.09765625,-0.244140625,0.830078125,0.0244140625,-0.03662109375,-0.2197265625,0.08544921875,-0.1953125,0.98876953125,0.32958984375,1.42822265625,0.20751953125,0.62255859375,0.18310546875,2.001953125,0.18310546875,-0.54931640625,-0.0732421875,3.41796875,-0.2685546875,-0.72021484375,-0.15869140625,-0.29296875,0.29296875,-1.62353515625,-0.37841796875,-0.4150390625,-0.06103515625,-0.54931640625,0.01220703125,-1.8310546875,-0.0244140625,-0.69580078125,-0.18310546875,-0.6591796875,-0.146484375,-0.62255859375,-0.1708984375,-0.0732421875,0.10986328125,-0.9033203125,0.1220703125,-1.611328125,-0.1953125,-1.20849609375,0.1220703125,-0.0732421875,0.47607421875,0.30517578125,-0.1220703125,-0.048828125,-0.06103515625,-0.01220703125,-0.0244140625,0.1220703125,-0.0244140625,-0.01220703125,-0.0244140625,0.76904296875,0.08544921875,-0.341796875,0.10986328125,-0.42724609375
1,0,-0.28076171875,0,-0.3662109375,0.0244140625,-0.45166015625,-0.244140625,-0.06103515625,0.0244140625,-0.08544921875,0.08544921875,-0.91552734375,-0.1220703125,1.0498046875,0.15869140625,-0.146484375,-0.048828125,-0.62255859375,-0.03662109375,-0.2197265625,-0.1953125,0.8544921875,0.01220703125,-0.57373046875,-0.048828125,0,0.15869140625,-0.6591796875,0.146484375,1.0009765625,-0.13427734375,0.4638671875,0.048828125,-0.54931640625,0.048828125,-1.13525390625,-0.1953125,-0.54931640625,0.048828125,-0.830078125,-0.2197265625,-0.20751953125,0.25634765625,-0.7080078125,-0.1953125,-0.439453125,-0.30517578125,0.5615234375,0.10986328125,0.89111328125,-0.13427734375,0.32958984375,-0.2197265625,-0.1953125,0.89111328125,0.67138671875,-0.341796875,0.72021484375,-0.1220703125,0.52490234375,0.64697265625,0.4150390625,-0.32958984375,0.0732421875,0.1708984375,0.1708984375,-0.09765625,0.89111328125,0.09765625,0.048828125,-0.06103515625,0.1953125,-0.18310546875,1.1474609375,0.30517578125,1.611328125,0.09765625,0.74462890625,0.1708984375,2.1484375,0.1708984375,-0.5859375,-0.15869140625,3.38134765625,-0.30517578125,-0.7568359375,-0.1953125,-0.341796875,0.1953125,-1.57470703125,-0.4638671875,-0.37841796875,-0.08544921875,-0.52490234375,0.08544921875,-1.513671875,-0.0244140625,-0.7080078125,-0.18310546875,-0.62255859375,-0.10986328125,-0.634765625,-0.13427734375,-0.06103515625,0.15869140625,-0.91552734375,0.146484375,-1.62353515625,-0.18310546875,-1.1962890625,0.048828125,-0.06103515625,0.439453125,0.30517578125,-0.10986328125,-0.03662109375,-0.06103515625,-0.0244140625,-0.03662109375,0.10986328125,-0.03662109375,0.048828125,0.0244140625,0.84228515625,0.048828125,-0.23193359375,0.0732421875,-0.35400390625
1,-0.01220703125,-0.3173828125,-0.0244140625,-0.35400390625,0.0244140625,-0.45166015625,-0.244140625,-0.048828125,0.0244140625,-0.09765625,0.08544921875,-0.89111328125,-0.09765625,1.03759765625,0.13427734375,-0.1708984375,-0.0244140625,-0.6103515625,-0.09765625,-0.23193359375,-0.23193359375,0.84228515625,0.01220703125,-0.54931640625,0.03662109375,0.03662109375,0.1220703125,-0.64697265625,0.1220703125,1.01318359375,-0.06103515625,0.28076171875,0,-0.537109375,0.1220703125,-1.15966796875,-0.146484375,-0.54931640625,0.0244140625,-0.830078125,-0.1953125,-0.2197265625,0.23193359375,-0.7080078125,-0.1953125,-0.439453125,-0.341796875,0.54931640625,0.06103515625,0.87890625,-0.10986328125,0.1953125,-0.2197265625,-0.20751953125,0.8544921875,0.634765625,-0.341796875,0.7080078125,-0.13427734375,0.54931640625,0.59814453125,0.40283203125,-0.341796875,0.048828125,0.1708984375,0.28076171875,-0.06103515625,0.9765625,-0.0244140625,0.20751953125,-0.0732421875,0.28076171875,0.0244140625,1.2451171875,0.2685546875,1.72119140625,0.0244140625,0.87890625,0.20751953125,2.294921875,0.146484375,-0.59814453125,-0.15869140625,3.271484375,-0.28076171875,-0.732421875,-0.15869140625,-0.35400390625,0.1220703125,-1.52587890625,-0.48828125,-0.3173828125,-0.146484375,-0.439453125,0.146484375,-1.0009765625,-0.03662109375,-0.74462890625,-0.10986328125,-0.634765625,-0.06103515625,-0.67138671875,-0.1220703125,-0.048828125,0.2197265625,-0.9033203125,0.18310546875,-1.62353515625,-0.146484375,-1.18408203125,0.0244140625,-0.03662109375,0.42724609375,0.30517578125,-0.10986328125,-0.048828125,-0.0732421875,-0.03662109375,-0.01220703125,0.10986328125,0,0.1708984375,0.09765625,0.93994140625,0.08544921875,-0.13427734375,0.08544921875,-0.18310546875
1,-0.0244140625,-0.3662109375,-0.03662109375,-0.341796875,0,-0.47607421875,-0.244140625,-0.0732421875,0.0244140625,-0.1220703125,0.08544921875,-0.927734375,-0.0732421875,1.025390625,0.13427734375,-0.1708984375,0.03662109375,-0.6103515625,-0.13427734375,-0.2197265625,-0.30517578125,0.87890625,0.0244140625,-0.537109375,0.09765625,0.03662109375,0.146484375,-0.64697265625,0.146484375,1.03759765625,0.03662109375,0.048828125,-0.048828125,-0.5126953125,0.18310546875,-1.15966796875,-0.10986328125,-0.537109375,0,-0.830078125,-0.1708984375,-0.2197265625,0.2197265625,-0.69580078125,-0.2197265625,-0.42724609375,-0.37841796875,0.54931640625,0.08544921875,0.86669921875,-0.09765625,0.1220703125,-0.1953125,-0.2197265625,0.87890625,0.634765625,-0.30517578125,0.7080078125,-0.13427734375,0.57373046875,0.59814453125,0.40283203125,-0.32958984375,0.06103515625,0.10986328125,0.439453125,0.01220703125,1.08642578125,-0.0244140625,0.35400390625,-0.048828125,0.42724609375,0.048828125,1.2939453125,0.244140625,1.806640625,-0.0732421875,0.93994140625,0.2685546875,2.392578125,0.09765625,-0.634765625,-0.08544921875,3.0517578125,-0.2685546875,-0.7568359375,-0.10986328125,-0.4150390625,0.03662109375,-1.4404296875,-0.439453125,-0.2197265625,-0.2197265625,-0.35400390625,0.048828125,-0.35400390625,-0.048828125,-0.732421875,-0.0732421875,-0.634765625,0.0244140625,-0.6591796875,-0.09765625,-0.06103515625,0.23193359375,-0.89111328125,0.1953125,-1.62353515625,-0.08544921875,-1.20849609375,-0.0244140625,0.01220703125,0.390625,0.30517578125,-0.1220703125,-0.03662109375,-0.0732421875,-0.03662109375,-0.0244140625,0.10986328125,-0.01220703125,0.35400390625,-0.01220703125,1.06201171875,0.08544921875,-0.01220703125,0.06103515625,0.03662109375
1,-0.01220703125,-0.4150390625,-0.0732421875,-0.341796875,-0.0244140625,-0.50048828125,-0.244140625,-0.0732421875,0.03662109375,-0.1220703125,0.09765625,-0.927734375,-0.09765625,1.03759765625,0.1220703125,-0.18310546875,0.06103515625,-0.5859375,-0.13427734375,-0.2197265625,-0.42724609375,0.87890625,0.03662109375,-0.54931640625,0.0244140625,0.08544921875,0.08544921875,-0.6103515625,0.13427734375,1.06201171875,0.06103515625,-0.10986328125,-0.0732421875,-0.47607421875,0.25634765625,-1.13525390625,-0.0732421875,-0.537109375,0,-0.830078125,-0.13427734375,-0.2197265625,0.18310546875,-0.7080078125,-0.2685546875,-0.439453125,-0.390625,0.537109375,0.0244140625,0.9033203125,-0.08544921875,0.146484375,-0.1708984375,-0.23193359375,0.78125,0.6591796875,-0.25634765625,0.69580078125,-0.18310546875,0.5615234375,0.57373046875,0.439453125,-0.3173828125,0.0732421875,0.09765625,0.5859375,0.1220703125,1.1962890625,0.0732421875,0.5126953125,0.03662109375,0.537109375,0.06103515625,1.28173828125,0.18310546875,1.8310546875,-0.18310546875,0.96435546875,0.244140625,2.42919921875,0.0244140625,-0.732421875,-0.048828125,2.685546875,-0.2197265625,-0.78125,-0.0244140625,-0.48828125,-0.0244140625,-1.318359375,-0.37841796875,-0.146484375,-0.28076171875,-0.244140625,0.048828125,0.42724609375,-0.0244140625,-0.74462890625,-0.08544921875,-0.6591796875,0.0732421875,-0.64697265625,-0.0732421875,-0.06103515625,0.1708984375,-0.89111328125,0.15869140625,-1.62353515625,-0.0244140625,-1.220703125,-0.0732421875,0.06103515625,0.341796875,0.30517578125,-0.1220703125,-0.0244140625,-0.0732421875,-0.03662109375,-0.048828125,0.13427734375,-0.0244140625,0.52490234375,0.03662109375,1.171875,0.06103515625,0.09765625,0.048828125,0.244140625
1,-0.03662109375,-0.45166015625,-0.0732421875,-0.341796875,-0.01220703125,-0.48828125,-0.28076171875,-0.06103515625,0.03662109375,-0.1220703125,0.08544921875,-0.91552734375,-0.13427734375,1.01318359375,0.09765625,-0.15869140625,0.06103515625,-0.5859375,-0.13427734375,-0.244140625,-0.52490234375,0.87890625,0.06103515625,-0.5615234375,-0.0732421875,0.0732421875,0.048828125,-0.5859375,0.13427734375,1.08642578125,0.048828125,-0.1953125,-0.10986328125,-0.42724609375,0.2197265625,-1.0986328125,0.0244140625,-0.54931640625,0,-0.81787109375,-0.09765625,-0.244140625,0.13427734375,-0.7080078125,-0.30517578125,-0.4150390625,-0.42724609375,0.52490234375,0,0.9521484375,-0.09765625,0.2197265625,-0.18310546875,-0.244140625,0.7080078125,0.68359375,-0.18310546875,0.72021484375,-0.20751953125,0.5615234375,0.54931640625,0.48828125,-0.32958984375,0.06103515625,0.03662109375,0.7080078125,0.10986328125,1.30615234375,0.0732421875,0.62255859375,-0.0244140625,0.634765625,0.13427734375,1.171875,0.10986328125,1.74560546875,-0.1953125,0.9033203125,0.244140625,2.3681640625,-0.03662109375,-0.81787109375,0.09765625,2.1728515625,-0.146484375,-0.81787109375,0.01220703125,-0.5615234375,-0.0244140625,-1.15966796875,-0.2685546875,-0.03662109375,-0.341796875,-0.13427734375,-0.13427734375,1.28173828125,0.01220703125,-0.72021484375,-0.1220703125,-0.67138671875,0.0732421875,-0.62255859375,-0.03662109375,-0.048828125,0.1220703125,-0.91552734375,0.1220703125,-1.611328125,0,-1.20849609375,-0.048828125,0.06103515625,0.3173828125,0.30517578125,-0.1220703125,-0.0244140625,-0.0732421875,-0.06103515625,-0.06103515625,0.146484375,0.0244140625,0.6591796875,0.03662109375,1.25732421875,0.09765625,0.13427734375,0.08544921875,0.42724609375
1,-0.03662109375,-0.48828125,-0.08544921875,-0.3173828125,0.0244140625,-0.5126953125,-0.29296875,-0.09765625,0.03662109375,-0.1220703125,0.048828125,-0.927734375,-0.13427734375,1.01318359375,0.06103515625,-0.146484375,0,-0.57373046875,-0.10986328125,-0.2197265625,-0.64697265625,0.87890625,0.06103515625,-0.5859375,-0.146484375,0.1220703125,0.0244140625,-0.54931640625,0.1220703125,1.1474609375,0.048828125,-0.15869140625,-0.1220703125,-0.390625,0.10986328125,-1.03759765625,0.01220703125,-0.537109375,0.06103515625,-0.78125,-0.06103515625,-0.244140625,0.09765625,-0.72021484375,-0.35400390625,-0.42724609375,-0.40283203125,0.52490234375,0.08544921875,1.0498046875,-0.03662109375,0.35400390625,-0.1708984375,-0.2197265625,0.634765625,0.7568359375,-0.10986328125,0.7080078125,-0.25634765625,0.54931640625,0.50048828125,0.52490234375,-0.30517578125,0.06103515625,0.01220703125,0.8544921875,0.0732421875,1.416015625,0.146484375,0.72021484375,-0.06103515625,0.7080078125,0.1953125,1.0498046875,0.08544921875,1.62353515625,-0.1953125,0.8056640625,0.23193359375,2.24609375,-0.0732421875,-0.927734375,0.2197265625,1.57470703125,-0.0244140625,-0.89111328125,0.06103515625,-0.67138671875,0.01220703125,-0.98876953125,-0.1708984375,0.08544921875,-0.35400390625,0,-0.09765625,2.1728515625,0.0244140625,-0.72021484375,-0.10986328125,-0.7080078125,0.06103515625,-0.59814453125,0,-0.06103515625,0.06103515625,-0.9033203125,0.0732421875,-1.62353515625,0.03662109375,-1.1962890625,-0.048828125,0.06103515625,0.3173828125,0.3173828125,-0.1220703125,-0.048828125,-0.06103515625,-0.0732421875,-0.08544921875,0.18310546875,0,0.732421875,0.03662109375,1.26953125,0.09765625,0.146484375,0.09765625,0.48828125
1,-0.06103515625,-0.52490234375,-0.06103515625,-0.35400390625,0.06103515625,-0.5126953125,-0.30517578125,-0.10986328125,0.048828125,-0.15869140625,-0.01220703125,-0.927734375,-0.146484375,1.0009765625,0.0732421875,-0.1708984375,-0.03662109375,-0.57373046875,-0.10986328125,-0.2197265625,-0.68359375,0.86669921875,0.06103515625,-0.5859375,-0.2197265625,0.146484375,-0.01220703125,-0.5126953125,0.09765625,1.220703125,0.0244140625,-0.06103515625,-0.1220703125,-0.341796875,0.09765625,-1.01318359375,0.048828125,-0.52490234375,0.08544921875,-0.7568359375,-0.0732421875,-0.23193359375,0.10986328125,-0.72021484375,-0.4150390625,-0.42724609375,-0.390625,0.5126953125,0.10986328125,1.15966796875,-0.10986328125,0.52490234375,-0.13427734375,-0.18310546875,0.537109375,0.830078125,-0.048828125,0.732421875,-0.29296875,0.52490234375,0.35400390625,0.57373046875,-0.28076171875,0.0732421875,0.03662109375,0.98876953125,0.10986328125,1.47705078125,0.1708984375,0.76904296875,-0.09765625,0.7568359375,0.3173828125,0.93994140625,0.03662109375,1.50146484375,-0.13427734375,0.67138671875,0.23193359375,2.11181640625,-0.09765625,-1.07421875,0.3173828125,0.91552734375,0.10986328125,-0.9765625,0.15869140625,-0.78125,0.06103515625,-0.8544921875,-0.0732421875,0.18310546875,-0.29296875,0.13427734375,-0.1953125,3.08837890625,0.0732421875,-0.72021484375,-0.08544921875,-0.69580078125,0.01220703125,-0.57373046875,0.03662109375,-0.0732421875,0.03662109375,-0.9033203125,-0.01220703125,-1.59912109375,0.0732421875,-1.1962890625,-0.0244140625,0.06103515625,0.25634765625,0.32958984375,-0.09765625,-0.03662109375,-0.08544921875,-0.0732421875,-0.10986328125,0.1953125,-0.01220703125,0.7080078125,0,1.2451171875,0.09765625,0.06103515625,0.0732421875,0.47607421875
1,-0.08544921875,-0.52490234375,-0.06103515625,-0.40283203125,0.08544921875,-0.52490234375,-0.29296875,-0.146484375,0.048828125,-0.13427734375,-0.06103515625,-0.927734375,-0.146484375,1.01318359375,0.06103515625,-0.18310546875,-0.0732421875,-0.57373046875,-0.08544921875,-0.20751953125,-0.74462890625,0.84228515625,0.048828125,-0.5859375,-0.30517578125,0.15869140625,-0.048828125,-0.4638671875,0.03662109375,1.26953125,-0.01220703125,0.13427734375,-0.09765625,-0.341796875,0.01220703125,-0.98876953125,0.048828125,-0.54931640625,0.1220703125,-0.74462890625,-0.09765625,-0.23193359375,0.08544921875,-0.7080078125,-0.4150390625,-0.439453125,-0.390625,0.537109375,0.20751953125,1.23291015625,-0.09765625,0.7080078125,-0.13427734375,-0.13427734375,0.4638671875,0.89111328125,-0.06103515625,0.74462890625,-0.32958984375,0.537109375,0.30517578125,0.59814453125,-0.30517578125,0.08544921875,0.048828125,1.06201171875,0.146484375,1.55029296875,0.15869140625,0.76904296875,-0.10986328125,0.76904296875,0.35400390625,0.927734375,0,1.40380859375,-0.0732421875,0.5615234375,0.146484375,1.96533203125,-0.09765625,-1.1962890625,0.40283203125,0.28076171875,0.244140625,-1.06201171875,0.20751953125,-0.9033203125,0.146484375,-0.7080078125,0,0.28076171875,-0.1953125,0.2685546875,-0.10986328125,3.99169921875,0.10986328125,-0.7080078125,-0.06103515625,-0.68359375,-0.01220703125,-0.54931640625,0.06103515625,-0.0732421875,0.03662109375,-0.91552734375,-0.0732421875,-1.611328125,0.10986328125,-1.18408203125,-0.0244140625,0.048828125,0.25634765625,0.3173828125,-0.10986328125,-0.03662109375,-0.06103515625,-0.0732421875,-0.13427734375,0.18310546875,-0.03662109375,0.62255859375,0.048828125,1.18408203125,0.1220703125,0,0.0732421875,0.37841796875
1,-0.0732421875,-0.5126953125,-0.03662109375,-0.4150390625,0.10986328125,-0.50048828125,-0.29296875,-0.1708984375,0.048828125,-0.13427734375,-0.06103515625,-0.93994140625,-0.18310546875,1.03759765625,0.06103515625,-0.1953125,-0.1220703125,-0.5859375,-0.0732421875,-0.1953125,-0.69580078125,0.8544921875,-0.0244140625,-0.59814453125,-0.3662109375,0.20751953125,-0.08544921875,-0.439453125,0,1.30615234375,-0.01220703125,0.35400390625,0.01220703125,-0.3662109375,-0.1220703125,-0.9765625,0,-0.537109375,0.09765625,-0.732421875,-0.15869140625,-0.244140625,0.03662109375,-0.7080078125,-0.42724609375,-0.45166015625,-0.390625,0.54931640625,0.2685546875,1.3427734375,-0.13427734375,0.86669921875,-0.09765625,-0.09765625,0.40283203125,0.93994140625,-0.06103515625,0.7568359375,-0.35400390625,0.52490234375,0.28076171875,0.59814453125,-0.29296875,0.08544921875,0.08544921875,1.11083984375,0.15869140625,1.55029296875,0.15869140625,0.732421875,-0.1220703125,0.78125,0.37841796875,1.07421875,0.03662109375,1.3671875,0.03662109375,0.537109375,0.10986328125,1.904296875,-0.08544921875,-1.318359375,0.40283203125,-0.2685546875,0.3173828125,-1.13525390625,0.1953125,-0.96435546875,0.1708984375,-0.5615234375,0.08544921875,0.37841796875,-0.09765625,0.40283203125,-0.20751953125,4.84619140625,0.13427734375,-0.7080078125,-0.06103515625,-0.68359375,-0.0244140625,-0.57373046875,0.06103515625,-0.0732421875,0.03662109375,-0.927734375,-0.1220703125,-1.611328125,0.146484375,-1.171875,-0.03662109375,0,0.244140625,0.341796875,-0.10986328125,-0.03662109375,-0.0732421875,-0.08544921875,-0.13427734375,0.1708984375,-0.048828125,0.5126953125,0.0732421875,1.15966796875,0.13427734375,-0.09765625,0.06103515625,0.2197265625
1,-0.08544921875,-0.47607421875,-0.06103515625,-0.45166015625,0.09765625,-0.50048828125,-0.30517578125,-0.1708984375,0.048828125,-0.10986328125,-0.0732421875,-0.93994140625,-0.2197265625,1.03759765625,0.048828125,-0.2197265625,-0.10986328125,-0.5859375,-0.06103515625,-0.20751953125,-0.64697265625,0.8544921875,-0.048828125,-0.59814453125,-0.439453125,0.18310546875,-0.08544921875,-0.45166015625,-0.06103515625,1.318359375,-0.0244140625,0.5126953125,0.0732421875,-0.390625,-0.10986328125,-1.0009765625,-0.01220703125,-0.54931640625,0.13427734375,-0.7568359375,-0.23193359375,-0.23193359375,0,-0.732421875,-0.45166015625,-0.45166015625,-0.4638671875,0.54931640625,0.30517578125,1.416015625,-0.09765625,0.93994140625,-0.06103515625,-0.06103515625,0.30517578125,0.9765625,-0.0244140625,0.7568359375,-0.37841796875,0.52490234375,0.25634765625,0.6103515625,-0.341796875,0.0732421875,0.10986328125,1.123046875,0.09765625,1.52587890625,0.08544921875,0.68359375,-0.13427734375,0.74462890625,0.3662109375,1.416015625,0.03662109375,1.4404296875,0.13427734375,0.6103515625,0.03662109375,1.96533203125,-0.048828125,-1.40380859375,0.35400390625,-0.57373046875,0.3662109375,-1.20849609375,0.1220703125,-1.025390625,0.244140625,-0.47607421875,0.146484375,0.47607421875,0,0.52490234375,-0.28076171875,5.6396484375,0.1220703125,-0.69580078125,-0.0732421875,-0.6591796875,-0.03662109375,-0.57373046875,0,-0.06103515625,0.06103515625,-0.9033203125,-0.23193359375,-1.611328125,0.18310546875,-1.18408203125,-0.03662109375,-0.03662109375,0.244140625,0.341796875,-0.09765625,-0.06103515625,-0.0732421875,-0.08544921875,-0.146484375,0.1708984375,-0.03662109375,0.40283203125,0.13427734375,1.220703125,0.15869140625,-0.1708984375,0.10986328125,0.10986328125
0,-0.06103515625,-0.45166015625,-0.0732421875,-0.4150390625,0.1220703125,-0.4638671875,-0.29296875,-0.13427734375,0.03662109375,-0.08544921875,-0.0732421875,-0.93994140625,-0.2197265625,1.03759765625,0.03662109375,-0.1953125,-0.08544921875,-0.59814453125,-0.048828125,-0.18310546875,-0.67138671875,0.8544921875,-0.08544921875,-0.57373046875,-0.48828125,0.1953125,-0.06103515625,-0.4638671875,-0.13427734375,1.318359375,-0.03662109375,0.5859375,0.1220703125,-0.4638671875,-0.146484375,-1.0009765625,-0.09765625,-0.57373046875,0.15869140625,-0.8056640625,-0.29296875,-0.244140625,0.01220703125,-0.72021484375,-0.45166015625,-0.439453125,-0.4638671875,0.537109375,0.2685546875,1.46484375,-0.1220703125,0.93994140625,0,-0.0244140625,0.2685546875,0.96435546875,-0.06103515625,0.7568359375,-0.390625,0.54931640625,0.25634765625,0.57373046875,-0.4150390625,0.08544921875,0.146484375,1.0986328125,0.048828125,1.47705078125,0.01220703125,0.6103515625,-0.1220703125,0.68359375,0.2685546875,2.001953125,0.01220703125,1.64794921875,0.146484375,0.79345703125,-0.048828125,2.1728515625,-0.0244140625,-1.42822265625,0.28076171875,-0.6591796875,0.3662109375,-1.20849609375,-0.01220703125,-1.0009765625,0.29296875,-0.37841796875,0.146484375,0.5615234375,0.09765625,0.59814453125,-0.25634765625,6.2255859375,0.06103515625,-0.7080078125,-0.048828125,-0.68359375,-0.01220703125,-0.59814453125,-0.0732421875,-0.06103515625,0.06103515625,-0.9033203125,-0.2685546875,-1.59912109375,0.1708984375,-1.1962890625,-0.0244140625,-0.048828125,0.23193359375,0.341796875,-0.09765625,-0.06103515625,-0.06103515625,-0.08544921875,-0.13427734375,0.15869140625,-0.0732421875,0.390625,0.10986328125,1.40380859375,0.146484375,-0.13427734375,0.0732421875,0.08544921875
0,-0.06103515625,-0.4150390625,-0.10986328125,-0.37841796875,0.1220703125,-0.42724609375,-0.29296875,-0.10986328125,0.06103515625,-0.0732421875,-0.08544921875,-0.93994140625,-0.23193359375,1.0498046875,0.048828125,-0.1708984375,-0.0732421875,-0.62255859375,-0.0732421875,-0.1953125,-0.62255859375,0.8544921875,-0.10986328125,-0.57373046875,-0.45166015625,0.13427734375,-0.0244140625,-0.50048828125,-0.1708984375,1.28173828125,-0.0244140625,0.54931640625,0.1708984375,-0.50048828125,-0.1220703125,-1.01318359375,-0.13427734375,-0.5859375,0.146484375,-0.81787109375,-0.35400390625,-0.25634765625,-0.01220703125,-0.74462890625,-0.45166015625,-0.42724609375,-0.4638671875,0.52490234375,0.25634765625,1.4892578125,-0.146484375,0.86669921875,0.0244140625,-0.01220703125,0.244140625,0.9521484375,-0.10986328125,0.74462890625,-0.390625,0.57373046875,0.20751953125,0.537109375,-0.4638671875,0.0732421875,0.1708984375,1.03759765625,0.0244140625,1.42822265625,-0.06103515625,0.52490234375,-0.13427734375,0.6591796875,0.2197265625,2.83203125,0.06103515625,2.001953125,0.146484375,1.1474609375,-0.01220703125,2.587890625,0,-1.37939453125,0.28076171875,-0.48828125,0.341796875,-1.1962890625,-0.06103515625,-0.9521484375,0.341796875,-0.35400390625,0.09765625,0.5859375,0.15869140625,0.634765625,-0.146484375,6.591796875,0.048828125,-0.7080078125,-0.0732421875,-0.64697265625,0.0244140625,-0.62255859375,-0.15869140625,-0.06103515625,0.01220703125,-0.87890625,-0.29296875,-1.5869140625,0.15869140625,-1.1962890625,-0.048828125,-0.03662109375,0.18310546875,0.32958984375,-0.08544921875,-0.048828125,-0.0732421875,-0.08544921875,-0.146484375,0.15869140625,-0.06103515625,0.54931640625,0.13427734375,1.7822265625,0.15869140625,0.03662109375,0.08544921875,0.25634765625
0,-0.08544921875,-0.3662109375,-0.1220703125,-0.35400390625,0.13427734375,-0.42724609375,-0.29296875,-0.06103515625,0.0244140625,-0.048828125,-0.08544921875,-0.9033203125,-0.1953125,1.0498046875,0.048828125,-0.15869140625,-0.048828125,-0.6103515625,-0.08544921875,-0.20751953125,-0.6103515625,0.86669921875,-0.08544921875,-0.537109375,-0.4638671875,0.10986328125,0.0244140625,-0.5615234375,-0.2197265625,1.23291015625,0.0244140625,0.42724609375,0.09765625,-0.52490234375,-0.13427734375,-0.9765625,-0.15869140625,-0.59814453125,0.146484375,-0.8544921875,-0.37841796875,-0.244140625,-0.03662109375,-0.732421875,-0.4638671875,-0.4150390625,-0.5126953125,0.52490234375,0.1708984375,1.4404296875,-0.1220703125,0.76904296875,0.0732421875,-0.03662109375,0.3173828125,0.9033203125,-0.10986328125,0.74462890625,-0.40283203125,0.5615234375,0.18310546875,0.50048828125,-0.5859375,0.0732421875,0.18310546875,0.93994140625,-0.01220703125,1.3671875,-0.1220703125,0.45166015625,-0.10986328125,0.5859375,0.048828125,3.82080078125,0.048828125,2.490234375,0.13427734375,1.64794921875,0.0732421875,3.11279296875,0,-1.28173828125,0.1953125,-0.01220703125,0.20751953125,-1.11083984375,-0.1220703125,-0.8544921875,0.3662109375,-0.37841796875,0.03662109375,0.5859375,0.20751953125,0.6591796875,-0.048828125,6.6162109375,0.0244140625,-0.72021484375,-0.08544921875,-0.67138671875,0.03662109375,-0.67138671875,-0.23193359375,-0.06103515625,-0.01220703125,-0.87890625,-0.3173828125,-1.611328125,0.146484375,-1.171875,-0.09765625,-0.03662109375,0.1953125,0.3173828125,-0.06103515625,-0.048828125,-0.06103515625,-0.0732421875,-0.146484375,0.13427734375,-0.06103515625,0.8544921875,0.03662109375,2.33154296875,0.15869140625,0.3662109375,0.09765625,0.6103515625
0,-0.08544921875,-0.32958984375,-0.146484375,-0.32958984375,0.15869140625,-0.4150390625,-0.29296875,-0.03662109375,0.048828125,-0.048828125,-0.08544921875,-0.9033203125,-0.20751953125,1.025390625,0.08544921875,-0.1220703125,0,-0.5859375,-0.08544921875,-0.1953125,-0.64697265625,0.87890625,-0.09765625,-0.54931640625,-0.48828125,0.06103515625,0.0732421875,-0.54931640625,-0.1953125,1.220703125,-0.06103515625,0.25634765625,0.048828125,-0.52490234375,-0.09765625,-0.8544921875,-0.20751953125,-0.5859375,0.09765625,-0.8544921875,-0.390625,-0.25634765625,-0.0244140625,-0.732421875,-0.50048828125,-0.40283203125,-0.47607421875,0.52490234375,0.13427734375,1.40380859375,-0.09765625,0.59814453125,0.10986328125,-0.08544921875,0.2685546875,0.84228515625,-0.146484375,0.7080078125,-0.3662109375,0.59814453125,0.146484375,0.47607421875,-0.62255859375,0.09765625,0.2685546875,0.84228515625,-0.06103515625,1.26953125,-0.146484375,0.37841796875,-0.0732421875,0.537109375,-0.1220703125,4.98046875,0.03662109375,3.0517578125,0.10986328125,2.23388671875,0.1708984375,3.7841796875,0.03662109375,-1.08642578125,0.09765625,0.68359375,0.0732421875,-0.96435546875,-0.1220703125,-0.69580078125,0.32958984375,-0.45166015625,-0.048828125,0.5615234375,0.25634765625,0.5859375,0.08544921875,6.34765625,0,-0.72021484375,-0.06103515625,-0.6591796875,0.06103515625,-0.67138671875,-0.29296875,-0.0732421875,-0.06103515625,-0.87890625,-0.29296875,-1.611328125,0.08544921875,-1.18408203125,-0.13427734375,-0.01220703125,0.1953125,0.30517578125,-0.048828125,-0.03662109375,-0.08544921875,-0.06103515625,-0.13427734375,0.146484375,-0.09765625,1.3427734375,-0.0244140625,3.1005859375,0.146484375,0.81787109375,0.0732421875,1.20849609375
0,-0.0732421875,-0.30517578125,-0.1220703125,-0.32958984375,0.146484375,-0.42724609375,-0.30517578125,-0.0244140625,0.01220703125,-0.06103515625,-0.09765625,-0.89111328125,-0.18310546875,1.025390625,0.09765625,-0.13427734375,0.03662109375,-0.59814453125,-0.09765625,-0.18310546875,-0.62255859375,0.87890625,-0.09765625,-0.5615234375,-0.439453125,0,0.18310546875,-0.5859375,-0.18310546875,1.1474609375,-0.09765625,0.06103515625,-0.0244140625,-0.52490234375,-0.1220703125,-0.69580078125,-0.23193359375,-0.54931640625,0.03662109375,-0.84228515625,-0.390625,-0.25634765625,0.03662109375,-0.74462890625,-0.5615234375,-0.390625,-0.4638671875,0.54931640625,0.08544921875,1.30615234375,-0.09765625,0.45166015625,0.18310546875,-0.1220703125,0.2197265625,0.79345703125,-0.1708984375,0.7080078125,-0.3173828125,0.57373046875,0.146484375,0.45166015625,-0.6103515625,0.09765625,0.3173828125,0.732421875,-0.1220703125,1.20849609375,-0.28076171875,0.3173828125,-0.13427734375,0.48828125,-0.08544921875,6.201171875,0,3.62548828125,0.0732421875,2.8564453125,0.23193359375,4.50439453125,0.048828125,-0.86669921875,-0.08544921875,1.5869140625,-0.048828125,-0.8544921875,-0.0732421875,-0.5126953125,0.29296875,-0.59814453125,-0.10986328125,0.48828125,0.30517578125,0.5126953125,0.1708984375,5.72509765625,0.01220703125,-0.732421875,-0.0244140625,-0.6591796875,0.06103515625,-0.68359375,-0.30517578125,-0.048828125,-0.06103515625,-0.86669921875,-0.244140625,-1.611328125,0.06103515625,-1.18408203125,-0.1708984375,0,0.1953125,0.28076171875,-0.0732421875,-0.0244140625,-0.0732421875,-0.0244140625,-0.146484375,0.146484375,-0.06103515625,1.98974609375,-0.06103515625,4.01611328125,0.146484375,1.40380859375,0.08544921875,1.953125
0,-0.09765625,-0.25634765625,-0.13427734375,-0.32958984375,0.1220703125,-0.439453125,-0.32958984375,-0.03662109375,0,-0.06103515625,-0.13427734375,-0.9033203125,-0.18310546875,1.025390625,0.1220703125,-0.1220703125,0.0732421875,-0.59814453125,-0.1220703125,-0.20751953125,-0.64697265625,0.86669921875,-0.08544921875,-0.5615234375,-0.439453125,-0.01220703125,0.1953125,-0.634765625,-0.18310546875,1.07421875,-0.1220703125,-0.13427734375,-0.09765625,-0.42724609375,-0.09765625,-0.4150390625,-0.25634765625,-0.48828125,0.048828125,-0.78125,-0.4150390625,-0.25634765625,0.10986328125,-0.732421875,-0.59814453125,-0.37841796875,-0.4150390625,0.5615234375,0,1.20849609375,-0.0244140625,0.3173828125,0.23193359375,-0.15869140625,0.23193359375,0.732421875,-0.1708984375,0.69580078125,-0.37841796875,0.54931640625,0.15869140625,0.42724609375,-0.62255859375,0.08544921875,0.3173828125,0.6591796875,-0.08544921875,1.15966796875,-0.25634765625,0.2685546875,-0.0732421875,0.439453125,-0.0244140625,7.38525390625,-0.06103515625,4.21142578125,0.08544921875,3.466796875,0.29296875,5.21240234375,0.01220703125,-0.5859375,-0.146484375,2.57568359375,-0.1708984375,-0.69580078125,-0.03662109375,-0.3173828125,0.20751953125,-0.74462890625,-0.146484375,0.35400390625,0.390625,0.3662109375,0.20751953125,4.833984375,0,-0.7080078125,0.01220703125,-0.67138671875,0.06103515625,-0.68359375,-0.28076171875,-0.048828125,-0.0244140625,-0.86669921875,-0.2197265625,-1.57470703125,0.048828125,-1.171875,-0.2197265625,0.0244140625,0.1953125,0.30517578125,-0.0732421875,-0.0244140625,-0.08544921875,-0.0244140625,-0.15869140625,0.15869140625,-0.08544921875,2.74658203125,-0.09765625,4.99267578125,0.1220703125,2.03857421875,0.048828125,2.83203125
0,-0.06103515625,-0.20751953125,-0.146484375,-0.32958984375,0.10986328125,-0.4638671875,-0.3173828125,-0.0244140625,0.01220703125,-0.0732421875,-0.18310546875,-0.9033203125,-0.1953125,1.025390625,0.13427734375,-0.1220703125,0.048828125,-0.57373046875,-0.09765625,-0.1953125,-0.62255859375,0.89111328125,-0.0732421875,-0.50048828125,-0.45166015625,-0.0244140625,0.2197265625,-0.64697265625,-0.20751953125,1.08642578125,-0.146484375,-0.23193359375,-0.09765625,-0.32958984375,0,-0.03662109375,-0.244140625,-0.390625,0.06103515625,-0.68359375,-0.37841796875,-0.23193359375,0.20751953125,-0.732421875,-0.62255859375,-0.40283203125,-0.40283203125,0.57373046875,-0.1220703125,1.13525390625,-0.06103515625,0.2685546875,0.20751953125,-0.18310546875,0.2197265625,0.68359375,-0.1953125,0.69580078125,-0.35400390625,0.52490234375,0.13427734375,0.4638671875,-0.634765625,0.09765625,0.30517578125,0.5859375,-0.18310546875,1.0986328125,-0.3173828125,0.23193359375,-0.13427734375,0.37841796875,0.06103515625,8.48388671875,0,4.7119140625,0.10986328125,4.01611328125,0.37841796875,5.87158203125,0.01220703125,-0.3173828125,-0.2197265625,3.61328125,-0.244140625,-0.537109375,-0.03662109375,-0.10986328125,0.09765625,-0.9033203125,-0.13427734375,0.2197265625,0.45166015625,0.1953125,0.1708984375,3.74755859375,0,-0.72021484375,0.048828125,-0.67138671875,0.048828125,-0.6591796875,-0.23193359375,-0.0244140625,-0.01220703125,-0.89111328125,-0.20751953125,-1.59912109375,0.01220703125,-1.171875,-0.1953125,0.0244140625,0.15869140625,0.29296875,-0.06103515625,-0.01220703125,-0.0732421875,0,-0.1708984375,0.1708984375,-0.048828125,3.515625,0,5.96923828125,0.10986328125,2.64892578125,0.0732421875,3.74755859375
0,-0.08544921875,-0.18310546875,-0.18310546875,-0.3662109375,0.09765625,-0.48828125,-0.35400390625,-0.048828125,0.01220703125,-0.08544921875,-0.1953125,-0.91552734375,-0.13427734375,0.98876953125,0.146484375,-0.13427734375,0.01220703125,-0.5859375,-0.09765625,-0.20751953125,-0.54931640625,0.87890625,-0.01220703125,-0.5126953125,-0.40283203125,0,0.25634765625,-0.62255859375,-0.18310546875,1.0986328125,-0.0732421875,-0.20751953125,-0.0732421875,-0.146484375,-0.03662109375,0.42724609375,-0.23193359375,-0.28076171875,0.08544921875,-0.5615234375,-0.3173828125,-0.2197265625,0.29296875,-0.72021484375,-0.62255859375,-0.42724609375,-0.439453125,0.57373046875,-0.1708984375,1.0986328125,-0.048828125,0.25634765625,0.1953125,-0.1953125,0.244140625,0.7080078125,-0.20751953125,0.69580078125,-0.341796875,0.48828125,0.15869140625,0.48828125,-0.68359375,0.10986328125,0.28076171875,0.54931640625,-0.20751953125,1.07421875,-0.3173828125,0.1953125,-0.20751953125,0.341796875,0,9.38720703125,0.048828125,5.1025390625,0.10986328125,4.443359375,0.40283203125,6.396484375,-0.0244140625,-0.048828125,-0.32958984375,4.541015625,-0.2685546875,-0.37841796875,-0.1220703125,0.0732421875,0.01220703125,-1.0986328125,-0.146484375,0.06103515625,0.5126953125,0.0244140625,0.0732421875,2.587890625,-0.03662109375,-0.7080078125,0.08544921875,-0.68359375,0.0244140625,-0.62255859375,-0.1708984375,-0.048828125,0.0244140625,-0.89111328125,-0.2197265625,-1.59912109375,-0.03662109375,-1.171875,-0.146484375,0.0244140625,0.13427734375,0.32958984375,-0.0732421875,-0.01220703125,-0.0732421875,0.0244140625,-0.15869140625,0.1708984375,-0.0732421875,4.248046875,0.01220703125,6.84814453125,0.0732421875,3.18603515625,0.048828125,4.58984375
0,-0.0732421875,-0.1220703125,-0.1953125,-0.390625,0.1220703125,-0.52490234375,-0.35400390625,-0.08544921875,0.0244140625,-0.13427734375,-0.23193359375,-0.9033203125,-0.13427734375,0.98876953125,0.15869140625,-0.15869140625,-0.01220703125,-0.57373046875,-0.0732421875,-0.18310546875,-0.5126953125,0.89111328125,0.048828125,-0.537109375,-0.3662109375,0.01220703125,0.244140625,-0.5859375,-0.23193359375,1.11083984375,-0.03662109375,-0.15869140625,-0.01220703125,0.06103515625,0.03662109375,0.927734375,-0.20751953125,-0.1953125,0.146484375,-0.40283203125,-0.28076171875,-0.23193359375,0.3173828125,-0.7080078125,-0.6103515625,-0.4150390625,-0.390625,0.5859375,-0.2197265625,1.06201171875,-0.048828125,0.28076171875,0.15869140625,-0.18310546875,0.32958984375,0.7080078125,-0.1708984375,0.69580078125,-0.341796875,0.4638671875,0.1220703125,0.52490234375,-0.74462890625,0.08544921875,0.3173828125,0.5126953125,-0.1708984375,1.08642578125,-0.13427734375,0.18310546875,-0.20751953125,0.32958984375,0.048828125,10.107421875,0.0732421875,5.37109375,0.1953125,4.74853515625,0.42724609375,6.77490234375,-0.0244140625,0.13427734375,-0.37841796875,5.37109375,-0.29296875,-0.244140625,-0.1708984375,0.2197265625,-0.0732421875,-1.26953125,-0.1220703125,-0.09765625,0.54931640625,-0.146484375,-0.06103515625,1.46484375,-0.10986328125,-0.68359375,0.10986328125,-0.67138671875,0,-0.5859375,-0.10986328125,-0.03662109375,0.06103515625,-0.89111328125,-0.2197265625,-1.611328125,-0.0732421875,-1.171875,-0.1220703125,0.0244140625,0.146484375,0.341796875,-0.0732421875,-0.01220703125,-0.08544921875,0.03662109375,-0.1708984375,0.1708984375,-0.03662109375,4.82177734375,0.0244140625,7.5439453125,0.09765625,3.5888671875,0.048828125,5.26123046875
0,-0.0732421875,-0.0732421875,-0.1953125,-0.4150390625,0.13427734375,-0.537109375,-0.341796875,-0.1220703125,0.0244140625,-0.10986328125,-0.23193359375,-0.927734375,-0.146484375,1.0009765625,0.18310546875,-0.1708984375,-0.0732421875,-0.5615234375,-0.0732421875,-0.18310546875,-0.40283203125,0.86669921875,0.09765625,-0.5615234375,-0.32958984375,0.01220703125,0.1953125,-0.5859375,-0.29296875,1.08642578125,-0.03662109375,-0.0244140625,0.06103515625,0.23193359375,0.03662109375,1.45263671875,-0.146484375,-0.06103515625,0.1953125,-0.23193359375,-0.20751953125,-0.2197265625,0.32958984375,-0.72021484375,-0.59814453125,-0.439453125,-0.42724609375,0.59814453125,-0.23193359375,1.07421875,-0.146484375,0.3662109375,0.0732421875,-0.15869140625,0.37841796875,0.732421875,-0.20751953125,0.68359375,-0.390625,0.45166015625,0.146484375,0.54931640625,-0.732421875,0.0732421875,0.244140625,0.5126953125,-0.244140625,1.08642578125,-0.1220703125,0.1953125,-0.32958984375,0.3173828125,0.03662109375,10.58349609375,0.08544921875,5.52978515625,0.1953125,4.94384765625,0.35400390625,7.0068359375,-0.048828125,0.2685546875,-0.35400390625,6.01806640625,-0.2197265625,-0.146484375,-0.1953125,0.32958984375,-0.10986328125,-1.3916015625,-0.08544921875,-0.23193359375,0.537109375,-0.28076171875,-0.18310546875,0.52490234375,-0.1220703125,-0.69580078125,0.1708984375,-0.67138671875,-0.01220703125,-0.54931640625,-0.03662109375,-0.06103515625,0.0244140625,-0.9033203125,-0.2197265625,-1.5869140625,-0.10986328125,-1.171875,-0.048828125,0.0244140625,0.09765625,0.35400390625,-0.0732421875,-0.03662109375,-0.06103515625,0.03662109375,-0.15869140625,0.1708984375,-0.06103515625,5.224609375,0.01220703125,8.0078125,0.08544921875,3.82080078125,0.03662109375,5.712890625
0,-0.08544921875,-0.01220703125,-0.13427734375,-0.4150390625,0.15869140625,-0.52490234375,-0.341796875,-0.13427734375,0.0244140625,-0.10986328125,-0.25634765625,-0.91552734375,-0.1220703125,1.0009765625,0.1953125,-0.15869140625,-0.08544921875,-0.57373046875,-0.10986328125,-0.1953125,-0.2685546875,0.86669921875,0.13427734375,-0.54931640625,-0.3173828125,0.03662109375,0.1708984375,-0.57373046875,-0.32958984375,1.08642578125,0.01220703125,0.1220703125,0.13427734375,0.42724609375,-0.0732421875,1.96533203125,-0.08544921875,0.06103515625,0.23193359375,-0.06103515625,-0.1953125,-0.23193359375,0.341796875,-0.72021484375,-0.5126953125,-0.42724609375,-0.4638671875,0.59814453125,-0.23193359375,1.11083984375,-0.09765625,0.45166015625,0.08544921875,-0.1220703125,0.57373046875,0.74462890625,-0.2197265625,0.69580078125,-0.37841796875,0.4638671875,0.13427734375,0.537109375,-0.74462890625,0.08544921875,0.20751953125,0.48828125,-0.20751953125,1.07421875,-0.048828125,0.23193359375,-0.3662109375,0.32958984375,0.048828125,10.82763671875,0.13427734375,5.52978515625,0.28076171875,5.01708984375,0.29296875,7.0556640625,-0.0732421875,0.32958984375,-0.32958984375,6.43310546875,-0.1708984375,-0.09765625,-0.18310546875,0.42724609375,-0.09765625,-1.46484375,-0.10986328125,-0.32958984375,0.4638671875,-0.390625,-0.25634765625,-0.1708984375,-0.08544921875,-0.69580078125,0.1953125,-0.67138671875,-0.048828125,-0.537109375,0.06103515625,-0.06103515625,0.048828125,-0.89111328125,-0.2197265625,-1.5869140625,-0.09765625,-1.18408203125,-0.03662109375,-0.0244140625,0.06103515625,0.35400390625,-0.0732421875,-0.048828125,-0.06103515625,0,-0.1708984375,0.1708984375,-0.0732421875,5.3955078125,-0.0244140625,8.203125,0.06103515625,3.90625,0.01220703125,5.89599609375
0,-0.06103515625,0.03662109375,-0.1953125,-0.4150390625,0.1220703125,-0.52490234375,-0.341796875,-0.1220703125,0.01220703125,-0.08544921875,-0.25634765625,-0.927734375,-0.1220703125,1.01318359375,0.20751953125,-0.15869140625,-0.0732421875,-0.57373046875,-0.10986328125,-0.1953125,-0.1708984375,0.87890625,0.146484375,-0.5859375,-0.3173828125,0.048828125,0.10986328125,-0.59814453125,-0.37841796875,1.08642578125,0.048828125,0.30517578125,0.1953125,0.57373046875,-0.1708984375,2.40478515625,-0.01220703125,0.1708984375,0.25634765625,0.09765625,-0.2197265625,-0.2197265625,0.341796875,-0.72021484375,-0.47607421875,-0.4638671875,-0.50048828125,0.6103515625,-0.20751953125,1.13525390625,-0.1220703125,0.537109375,-0.01220703125,-0.09765625,0.6591796875,0.79345703125,-0.2197265625,0.7080078125,-0.390625,0.4638671875,0.1220703125,0.537109375,-0.7080078125,0.08544921875,0.20751953125,0.52490234375,-0.25634765625,1.11083984375,0,0.2685546875,-0.35400390625,0.35400390625,-0.0244140625,10.87646484375,0.1953125,5.4931640625,0.35400390625,4.96826171875,0.23193359375,7.01904296875,-0.06103515625,0.30517578125,-0.244140625,6.60400390625,-0.146484375,-0.0732421875,-0.146484375,0.42724609375,-0.08544921875,-1.513671875,-0.09765625,-0.40283203125,0.3662109375,-0.45166015625,-0.32958984375,-0.59814453125,-0.03662109375,-0.68359375,0.20751953125,-0.67138671875,-0.10986328125,-0.5126953125,0.1220703125,-0.06103515625,0.0244140625,-0.91552734375,-0.20751953125,-1.5869140625,-0.0732421875,-1.15966796875,-0.01220703125,0,0.03662109375,0.341796875,-0.06103515625,-0.048828125,-0.06103515625,-0.0244140625,-0.1953125,0.15869140625,-0.0732421875,5.33447265625,0.01220703125,8.14208984375,0.09765625,3.80859375,0.03662109375,5.859375
0,-0.048828125,0.0732421875,-0.18310546875,-0.390625,0.1220703125,-0.50048828125,-0.3173828125,-0.1220703125,0.01220703125,-0.06103515625,-0.25634765625,-0.93994140625,-0.10986328125,1.03759765625,0.18310546875,-0.1708984375,-0.06103515625,-0.57373046875,-0.146484375,-0.1953125,-0.08544921875,0.84228515625,0.13427734375,-0.5859375,-0.32958984375,0.0244140625,0.08544921875,-0.62255859375,-0.37841796875,1.03759765625,0.06103515625,0.40283203125,0.28076171875,0.68359375,-0.29296875,2.7587890625,0.048828125,0.244140625,0.2685546875,0.20751953125,-0.18310546875,-0.23193359375,0.35400390625,-0.72021484375,-0.42724609375,-0.4638671875,-0.5615234375,0.6103515625,-0.13427734375,1.1474609375,-0.146484375,0.59814453125,-0.08544921875,-0.08544921875,0.67138671875,0.8056640625,-0.18310546875,0.7080078125,-0.3662109375,0.50048828125,0.20751953125,0.54931640625,-0.5859375,0.08544921875,0.13427734375,0.54931640625,-0.3173828125,1.13525390625,0,0.32958984375,-0.341796875,0.390625,-0.13427734375,10.7177734375,0.25634765625,5.37109375,0.3662109375,4.87060546875,0.13427734375,6.884765625,-0.03662109375,0.25634765625,-0.1708984375,6.5185546875,-0.13427734375,-0.09765625,-0.03662109375,0.4150390625,-0.01220703125,-1.52587890625,-0.06103515625,-0.42724609375,0.244140625,-0.48828125,-0.28076171875,-0.78125,0.03662109375,-0.6591796875,0.1953125,-0.68359375,-0.09765625,-0.52490234375,0.146484375,-0.06103515625,0,-0.89111328125,-0.1708984375,-1.57470703125,-0.0732421875,-1.15966796875,-0.0244140625,0,-0.0244140625,0.35400390625,-0.048828125,-0.06103515625,-0.0732421875,-0.048828125,-0.1953125,0.15869140625,-0.01220703125,5.126953125,0.0244140625,7.861328125,0.08544921875,3.60107421875,0.03662109375,5.615234375
1,-0.048828125,0.0732421875,-0.25634765625,-0.390625,0.09765625,-0.47607421875,-0.30517578125,-0.1220703125,0.01220703125,-0.06103515625,-0.2685546875,-0.9033203125,-0.08544921875,1.06201171875,0.1953125,-0.15869140625,-0.06103515625,-0.5859375,-0.1708984375,-0.1953125,-0.08544921875,0.8544921875,0.1220703125,-0.5859375,-0.3662109375,0,0.01220703125,-0.634765625,-0.3173828125,1.01318359375,0.0732421875,0.42724609375,0.35400390625,0.76904296875,-0.244140625,2.99072265625,0.08544921875,0.3173828125,0.29296875,0.28076171875,-0.18310546875,-0.25634765625,0.35400390625,-0.72021484375,-0.341796875,-0.439453125,-0.54931640625,0.6103515625,-0.0732421875,1.15966796875,-0.1220703125,0.634765625,-0.15869140625,-0.0732421875,0.69580078125,0.81787109375,-0.1953125,0.732421875,-0.28076171875,0.52490234375,0.18310546875,0.537109375,-0.5126953125,0.08544921875,0.146484375,0.6103515625,-0.28076171875,1.18408203125,0,0.42724609375,-0.2685546875,0.45166015625,-0.244140625,10.38818359375,0.28076171875,5.21240234375,0.28076171875,4.72412109375,0.03662109375,6.6650390625,-0.01220703125,0.1220703125,-0.0732421875,6.21337890625,-0.15869140625,-0.1708984375,0.03662109375,0.30517578125,0.08544921875,-1.52587890625,-0.048828125,-0.42724609375,0.10986328125,-0.47607421875,-0.23193359375,-0.81787109375,0.03662109375,-0.69580078125,0.15869140625,-0.6591796875,-0.1220703125,-0.54931640625,0.13427734375,-0.06103515625,-0.01220703125,-0.89111328125,-0.15869140625,-1.5625,-0.0244140625,-1.15966796875,-0.0732421875,0,-0.03662109375,0.341796875,-0.03662109375,-0.048828125,-0.08544921875,-0.0732421875,-0.18310546875,0.15869140625,-0.01220703125,4.8095703125,-0.048828125,7.4462890625,0.0732421875,3.33251953125,0.0244140625,5.224609375
1,-0.0732421875,0.0244140625,-0.1953125,-0.37841796875,0.08544921875,-0.47607421875,-0.30517578125,-0.09765625,0,-0.08544921875,-0.23193359375,-0.9033203125,-0.03662109375,1.07421875,0.1708984375,-0.1708984375,-0.03662109375,-0.59814453125,-0.1953125,-0.18310546875,-0.08544921875,0.8544921875,0.15869140625,-0.5859375,-0.341796875,-0.0244140625,-0.01220703125,-0.67138671875,-0.13427734375,0.98876953125,0.0732421875,0.40283203125,0.35400390625,0.78125,-0.2197265625,3.06396484375,0.10986328125,0.32958984375,0.2685546875,0.29296875,-0.25634765625,-0.25634765625,0.37841796875,-0.732421875,-0.3173828125,-0.42724609375,-0.52490234375,0.62255859375,-0.048828125,1.1474609375,-0.10986328125,0.6103515625,-0.244140625,-0.0732421875,0.72021484375,0.8056640625,-0.244140625,0.72021484375,-0.2197265625,0.54931640625,0.2685546875,0.54931640625,-0.37841796875,0.0732421875,0.15869140625,0.6591796875,-0.18310546875,1.23291015625,-0.03662109375,0.48828125,-0.2197265625,0.52490234375,-0.23193359375,9.94873046875,0.25634765625,5.0537109375,0.18310546875,4.4921875,0.0244140625,6.40869140625,0.01220703125,-0.06103515625,0.0244140625,5.6884765625,-0.20751953125,-0.25634765625,0.10986328125,0.1953125,0.146484375,-1.4892578125,-0.0244140625,-0.390625,0.01220703125,-0.47607421875,-0.146484375,-0.74462890625,0.0732421875,-0.72021484375,0.06103515625,-0.6591796875,-0.146484375,-0.5859375,0.08544921875,-0.0732421875,-0.0244140625,-0.87890625,-0.15869140625,-1.57470703125,0,-1.1474609375,-0.13427734375,0.0244140625,-0.048828125,0.341796875,-0.03662109375,-0.06103515625,-0.08544921875,-0.048828125,-0.18310546875,0.15869140625,-0.01220703125,4.45556640625,-0.15869140625,6.9580078125,0.08544921875,3.03955078125,0.0244140625,4.78515625
1,-0.048828125,-0.03662109375,-0.1708984375,-0.341796875,0.10986328125,-0.47607421875,-0.3173828125,-0.0732421875,0.0244140625,-0.08544921875,-0.244140625,-0.89111328125,-0.01220703125,1.06201171875,0.15869140625,-0.146484375,-0.03662109375,-0.5859375,-0.20751953125,-0.1953125,-0.048828125,0.87890625,0.15869140625,-0.54931640625,-0.341796875,-0.0244140625,-0.10986328125,-0.68359375,0.03662109375,1.01318359375,0.08544921875,0.3173828125,0.341796875,0.76904296875,-0.28076171875,2.96630859375,0.0732421875,0.341796875,0.2197265625,0.29296875,-0.28076171875,-0.28076171875,0.390625,-0.72021484375,-0.29296875,-0.42724609375,-0.48828125,0.6103515625,0.03662109375,1.123046875,-0.08544921875,0.59814453125,-0.29296875,-0.0732421875,0.7080078125,0.81787109375,-0.2685546875,0.7080078125,-0.09765625,0.5615234375,0.30517578125,0.5859375,-0.341796875,0.10986328125,0.1708984375,0.8056640625,-0.08544921875,1.318359375,0.0244140625,0.57373046875,-0.10986328125,0.5859375,-0.15869140625,9.41162109375,0.29296875,4.82177734375,0.0732421875,4.28466796875,0.0244140625,6.1279296875,0.03662109375,-0.244140625,0.10986328125,5.01708984375,-0.29296875,-0.40283203125,0.146484375,0.03662109375,0.20751953125,-1.47705078125,-0.03662109375,-0.35400390625,-0.1220703125,-0.45166015625,-0.10986328125,-0.7080078125,0.06103515625,-0.72021484375,-0.01220703125,-0.64697265625,-0.1220703125,-0.634765625,0.03662109375,-0.06103515625,-0.0244140625,-0.87890625,-0.15869140625,-1.5625,0.0244140625,-1.15966796875,-0.2197265625,0.0244140625,-0.0732421875,0.341796875,-0.01220703125,-0.06103515625,-0.0732421875,-0.048828125,-0.18310546875,0.15869140625,0.01220703125,4.0771484375,-0.23193359375,6.4453125,0.08544921875,2.77099609375,0.01220703125,4.33349609375
1,-0.048828125,-0.1220703125,-0.18310546875,-0.32958984375,0.1220703125,-0.48828125,-0.3173828125,-0.048828125,0.048828125,-0.08544921875,-0.25634765625,-0.87890625,0.0244140625,1.0498046875,0.15869140625,-0.15869140625,0,-0.5859375,-0.1953125,-0.1953125,-0.0244140625,0.86669921875,0.2197265625,-0.54931640625,-0.3173828125,-0.0244140625,-0.13427734375,-0.67138671875,0.1953125,1.025390625,0.1953125,0.20751953125,0.29296875,0.7080078125,-0.2685546875,2.7587890625,0.0244140625,0.3173828125,0.18310546875,0.25634765625,-0.35400390625,-0.29296875,0.3662109375,-0.74462890625,-0.28076171875,-0.40283203125,-0.439453125,0.6103515625,0.06103515625,1.06201171875,-0.0244140625,0.54931640625,-0.3662109375,-0.0732421875,0.72021484375,0.79345703125,-0.341796875,0.72021484375,-0.06103515625,0.54931640625,0.29296875,0.6103515625,-0.2685546875,0.10986328125,0.2197265625,0.9033203125,0.0244140625,1.3916015625,0,0.6591796875,-0.01220703125,0.64697265625,-0.01220703125,8.837890625,0.2685546875,4.638671875,-0.01220703125,4.0283203125,0.01220703125,5.87158203125,0.06103515625,-0.42724609375,0.1708984375,4.2236328125,-0.3662109375,-0.52490234375,0.13427734375,-0.13427734375,0.20751953125,-1.47705078125,-0.01220703125,-0.30517578125,-0.2197265625,-0.439453125,-0.06103515625,-0.78125,0.0244140625,-0.732421875,-0.09765625,-0.6591796875,-0.08544921875,-0.67138671875,-0.048828125,-0.0732421875,-0.01220703125,-0.87890625,-0.15869140625,-1.5869140625,0.048828125,-1.1474609375,-0.30517578125,0.03662109375,-0.08544921875,0.32958984375,0,-0.06103515625,-0.06103515625,-0.048828125,-0.1708984375,0.1708984375,0.01220703125,3.77197265625,-0.29296875,5.99365234375,0.08544921875,2.5390625,-0.01220703125,3.955078125
1,-0.0244140625,-0.23193359375,-0.20751953125,-0.341796875,0.1220703125,-0.48828125,-0.3173828125,-0.03662109375,0.06103515625,-0.09765625,-0.2685546875,-0.89111328125,0.06103515625,1.0498046875,0.1708984375,-0.13427734375,0.06103515625,-0.57373046875,-0.13427734375,-0.1953125,-0.01220703125,0.87890625,0.2685546875,-0.537109375,-0.2685546875,0.01220703125,-0.15869140625,-0.6591796875,0.3173828125,1.08642578125,0.0732421875,0.10986328125,0.244140625,0.634765625,-0.2197265625,2.42919921875,-0.048828125,0.23193359375,0.18310546875,0.18310546875,-0.390625,-0.28076171875,0.30517578125,-0.74462890625,-0.28076171875,-0.3662109375,-0.4150390625,0.59814453125,0.10986328125,1.06201171875,0.0732421875,0.5126953125,-0.37841796875,-0.06103515625,0.68359375,0.8056640625,-0.37841796875,0.72021484375,-0.03662109375,0.54931640625,0.32958984375,0.68359375,-0.15869140625,0.10986328125,0.18310546875,1.025390625,0.1220703125,1.45263671875,-0.06103515625,0.69580078125,0.03662109375,0.7080078125,0.09765625,8.2763671875,0.23193359375,4.45556640625,-0.1220703125,3.759765625,0.03662109375,5.60302734375,0.0244140625,-0.64697265625,0.15869140625,3.3203125,-0.42724609375,-0.69580078125,0.13427734375,-0.32958984375,0.1953125,-1.50146484375,-0.03662109375,-0.28076171875,-0.25634765625,-0.4638671875,-0.0244140625,-0.9765625,0,-0.7568359375,-0.15869140625,-0.67138671875,-0.0732421875,-0.69580078125,-0.09765625,-0.08544921875,0.01220703125,-0.89111328125,-0.146484375,-1.57470703125,0.048828125,-1.1474609375,-0.35400390625,0.0244140625,-0.10986328125,0.32958984375,0.048828125,-0.06103515625,-0.0732421875,-0.0244140625,-0.15869140625,0.1708984375,-0.0244140625,3.55224609375,-0.2685546875,5.67626953125,0.06103515625,2.38037109375,-0.01220703125,3.69873046875
1,-0.0244140625,-0.30517578125,-0.2197265625,-0.32958984375,0.10986328125,-0.4638671875,-0.341796875,-0.01220703125,0.0732421875,-0.09765625,-0.29296875,-0.89111328125,0.08544921875,1.025390625,0.1708984375,-0.1220703125,0.06103515625,-0.5859375,-0.146484375,-0.18310546875,0,0.86669921875,0.23193359375,-0.54931640625,-0.25634765625,0.0244140625,-0.18310546875,-0.634765625,0.3662109375,1.11083984375,-0.01220703125,0.03662109375,0.1708984375,0.52490234375,-0.146484375,2.099609375,-0.13427734375,0.15869140625,0.18310546875,0.08544921875,-0.42724609375,-0.28076171875,0.244140625,-0.732421875,-0.29296875,-0.35400390625,-0.35400390625,0.59814453125,0.09765625,1.07421875,0.30517578125,0.48828125,-0.40283203125,-0.0732421875,0.68359375,0.81787109375,-0.4150390625,0.7080078125,0.048828125,0.54931640625,0.30517578125,0.7568359375,-0.10986328125,0.13427734375,0.1220703125,1.13525390625,0.1953125,1.52587890625,-0.01220703125,0.72021484375,0.06103515625,0.76904296875,0.09765625,7.7392578125,0.20751953125,4.248046875,-0.1708984375,3.50341796875,0.048828125,5.3466796875,0,-0.84228515625,0.146484375,2.42919921875,-0.42724609375,-0.84228515625,0.0732421875,-0.52490234375,0.13427734375,-1.55029296875,-0.08544921875,-0.30517578125,-0.3173828125,-0.50048828125,0.03662109375,-1.33056640625,0.01220703125,-0.7568359375,-0.18310546875,-0.67138671875,-0.0244140625,-0.64697265625,-0.1220703125,-0.06103515625,0.03662109375,-0.86669921875,-0.1220703125,-1.59912109375,0.048828125,-1.15966796875,-0.42724609375,0.03662109375,-0.1708984375,0.32958984375,0.03662109375,-0.08544921875,-0.06103515625,-0.03662109375,-0.15869140625,0.18310546875,0,3.43017578125,-0.1953125,5.4443359375,0.09765625,2.28271484375,0.0244140625,3.55224609375
1,-0.0244140625,-0.390625,-0.1708984375,-0.32958984375,0.0732421875,-0.47607421875,-0.341796875,-0.048828125,0.06103515625,-0.09765625,-0.28076171875,-0.9033203125,0.09765625,1.01318359375,0.15869140625,-0.1220703125,0.0732421875,-0.5859375,-0.08544921875,-0.1953125,-0.01220703125,0.86669921875,0.2197265625,-0.54931640625,-0.18310546875,0.0732421875,-0.15869140625,-0.59814453125,0.37841796875,1.171875,0.0244140625,0.01220703125,0.1220703125,0.4150390625,-0.01220703125,1.7822265625,-0.1953125,0.06103515625,0.146484375,0,-0.37841796875,-0.2685546875,0.18310546875,-0.732421875,-0.28076171875,-0.3662109375,-0.3662109375,0.5615234375,0.03662109375,1.11083984375,0.30517578125,0.50048828125,-0.48828125,-0.03662109375,0.69580078125,0.830078125,-0.4150390625,0.72021484375,0.06103515625,0.52490234375,0.29296875,0.81787109375,-0.048828125,0.1220703125,0.09765625,1.20849609375,0.23193359375,1.5380859375,0.0244140625,0.72021484375,0.08544921875,0.79345703125,0.09765625,7.26318359375,0.146484375,4.04052734375,-0.20751953125,3.271484375,0.03662109375,5.1025390625,-0.03662109375,-1.01318359375,0.1220703125,1.5625,-0.390625,-0.98876953125,0.01220703125,-0.68359375,0.0732421875,-1.611328125,-0.146484375,-0.30517578125,-0.341796875,-0.54931640625,0.10986328125,-1.708984375,0,-0.7568359375,-0.1953125,-0.67138671875,0,-0.67138671875,-0.10986328125,-0.048828125,0.09765625,-0.86669921875,-0.09765625,-1.5869140625,0.03662109375,-1.15966796875,-0.4638671875,0.03662109375,-0.2197265625,0.3173828125,0.0732421875,-0.0732421875,-0.06103515625,-0.048828125,-0.15869140625,0.1708984375,-0.0244140625,3.35693359375,-0.2685546875,5.33447265625,0.0732421875,2.2216796875,0.03662109375,3.50341796875
1,-0.048828125,-0.45166015625,-0.13427734375,-0.37841796875,0.06103515625,-0.50048828125,-0.341796875,-0.0732421875,0.06103515625,-0.09765625,-0.28076171875,-0.927734375,0.09765625,1.01318359375,0.13427734375,-0.1708984375,0.06103515625,-0.5859375,-0.048828125,-0.18310546875,-0.03662109375,0.86669921875,0.15869140625,-0.5615234375,-0.146484375,0.08544921875,-0.15869140625,-0.59814453125,0.35400390625,1.171875,0.09765625,0.01220703125,0.09765625,0.3173828125,0.09765625,1.52587890625,-0.2685546875,0,0.13427734375,-0.06103515625,-0.2685546875,-0.29296875,0.15869140625,-0.7568359375,-0.28076171875,-0.3662109375,-0.390625,0.5615234375,0.01220703125,1.1962890625,0.29296875,0.5126953125,-0.537109375,-0.03662109375,0.62255859375,0.86669921875,-0.3662109375,0.74462890625,0.01220703125,0.5126953125,0.29296875,0.84228515625,0.0244140625,0.10986328125,0,1.23291015625,0.25634765625,1.55029296875,0.1220703125,0.67138671875,0.03662109375,0.76904296875,0.1220703125,6.84814453125,0.146484375,3.84521484375,-0.23193359375,3.076171875,0.03662109375,4.9072265625,-0.0732421875,-1.18408203125,0.08544921875,0.76904296875,-0.390625,-1.0986328125,-0.0732421875,-0.830078125,0.0244140625,-1.67236328125,-0.2197265625,-0.3662109375,-0.32958984375,-0.5859375,0.2197265625,-2.06298828125,0,-0.7568359375,-0.18310546875,-0.68359375,0.06103515625,-0.64697265625,-0.09765625,-0.03662109375,0.15869140625,-0.87890625,-0.06103515625,-1.5869140625,0.03662109375,-1.171875,-0.48828125,0.01220703125,-0.25634765625,0.30517578125,0.0732421875,-0.06103515625,-0.08544921875,-0.048828125,-0.15869140625,0.146484375,-0.0244140625,3.33251953125,-0.28076171875,5.33447265625,0.06103515625,2.20947265625,0.03662109375,3.50341796875
1,-0.03662109375,-0.4638671875,-0.2197265625,-0.4150390625,0.06103515625,-0.48828125,-0.32958984375,-0.1220703125,0.048828125,-0.08544921875,-0.25634765625,-0.9521484375,0.08544921875,1.0009765625,0.15869140625,-0.1708984375,0.03662109375,-0.5859375,-0.01220703125,-0.18310546875,-0.0732421875,0.8544921875,0.09765625,-0.57373046875,-0.1708984375,0.06103515625,-0.13427734375,-0.5859375,0.28076171875,1.1474609375,0.06103515625,0.08544921875,0.03662109375,0.25634765625,0.09765625,1.35498046875,-0.2685546875,-0.06103515625,0.10986328125,-0.10986328125,-0.1708984375,-0.25634765625,0.146484375,-0.74462890625,-0.3173828125,-0.40283203125,-0.30517578125,0.54931640625,-0.0244140625,1.26953125,0.390625,0.5859375,-0.5126953125,-0.048828125,0.57373046875,0.87890625,-0.3173828125,0.72021484375,0.0732421875,0.5126953125,0.23193359375,0.86669921875,0.0244140625,0.10986328125,0.01220703125,1.18408203125,0.2197265625,1.47705078125,0.1708984375,0.59814453125,-0.03662109375,0.72021484375,0.1220703125,6.494140625,0.09765625,3.64990234375,-0.1708984375,2.89306640625,0,4.6875,-0.09765625,-1.318359375,0.03662109375,0.0732421875,-0.30517578125,-1.20849609375,-0.13427734375,-0.9521484375,-0.0732421875,-1.708984375,-0.2685546875,-0.390625,-0.341796875,-0.59814453125,0.13427734375,-2.33154296875,-0.0244140625,-0.74462890625,-0.13427734375,-0.67138671875,0.1220703125,-0.62255859375,-0.048828125,-0.048828125,0.1953125,-0.89111328125,-0.048828125,-1.5869140625,0.01220703125,-1.18408203125,-0.4638671875,0.01220703125,-0.28076171875,0.32958984375,0.06103515625,-0.03662109375,-0.0732421875,-0.0732421875,-0.146484375,0.15869140625,-0.048828125,3.35693359375,-0.3173828125,5.33447265625,0.048828125,2.2216796875,0.0244140625,3.515625
1,-0.03662109375,-0.47607421875,-0.2197265625,-0.42724609375,0.08544921875,-0.48828125,-0.32958984375,-0.1220703125,0.0244140625,-0.06103515625,-0.25634765625,-0.9521484375,0.09765625,1.01318359375,0.13427734375,-0.18310546875,0,-0.5615234375,0.06103515625,-0.15869140625,-0.13427734375,0.87890625,0.09765625,-0.5615234375,-0.13427734375,0.03662109375,-0.10986328125,-0.6103515625,0.2197265625,1.08642578125,0.20751953125,0.1953125,-0.0244140625,0.20751953125,0.1220703125,1.318359375,-0.2685546875,-0.09765625,0.06103515625,-0.13427734375,-0.1220703125,-0.25634765625,0.1220703125,-0.732421875,-0.341796875,-0.40283203125,-0.37841796875,0.54931640625,-0.0244140625,1.318359375,0.3662109375,0.634765625,-0.5126953125,-0.03662109375,0.439453125,0.89111328125,-0.29296875,0.732421875,0.03662109375,0.50048828125,0.2197265625,0.84228515625,0.06103515625,0.08544921875,0.048828125,1.06201171875,0.2685546875,1.37939453125,0.2685546875,0.5126953125,-0.06103515625,0.6103515625,0.15869140625,6.18896484375,0.01220703125,3.4912109375,-0.1220703125,2.7587890625,-0.09765625,4.50439453125,-0.10986328125,-1.3916015625,-0.0244140625,-0.47607421875,-0.23193359375,-1.28173828125,-0.13427734375,-1.025390625,-0.10986328125,-1.7333984375,-0.32958984375,-0.4150390625,-0.341796875,-0.62255859375,0.10986328125,-2.45361328125,-0.0244140625,-0.74462890625,-0.1220703125,-0.69580078125,0.13427734375,-0.5859375,0,-0.06103515625,0.18310546875,-0.89111328125,-0.048828125,-1.611328125,0.0244140625,-1.171875,-0.439453125,0,-0.29296875,0.3173828125,0.08544921875,-0.03662109375,-0.06103515625,-0.0732421875,-0.146484375,0.146484375,-0.048828125,3.3447265625,-0.3173828125,5.35888671875,0.0244140625,2.2216796875,0.03662109375,3.564453125
1,-0.03662109375,-0.45166015625,-0.18310546875,-0.439453125,0.09765625,-0.47607421875,-0.32958984375,-0.13427734375,0.03662109375,-0.03662109375,-0.25634765625,-0.9521484375,0.10986328125,1.025390625,0.10986328125,-0.15869140625,0,-0.5859375,0.10986328125,-0.15869140625,-0.2197265625,0.87890625,0.0732421875,-0.5615234375,-0.10986328125,0,-0.0732421875,-0.67138671875,0.15869140625,1.025390625,0.30517578125,0.341796875,-0.048828125,0.2197265625,0.13427734375,1.40380859375,-0.25634765625,-0.09765625,0.0244140625,-0.10986328125,-0.048828125,-0.25634765625,0.18310546875,-0.732421875,-0.32958984375,-0.40283203125,-0.40283203125,0.537109375,0.03662109375,1.3671875,0.37841796875,0.67138671875,-0.4638671875,-0.06103515625,0.3173828125,0.89111328125,-0.23193359375,0.72021484375,0.048828125,0.52490234375,0.08544921875,0.78125,0.048828125,0.08544921875,0.0732421875,0.9033203125,0.244140625,1.2451171875,0.28076171875,0.4638671875,-0.08544921875,0.50048828125,0.23193359375,5.859375,0.048828125,3.2958984375,0.03662109375,2.60009765625,-0.1220703125,4.30908203125,-0.10986328125,-1.4404296875,-0.06103515625,-0.8544921875,-0.20751953125,-1.30615234375,-0.0732421875,-1.07421875,-0.1220703125,-1.72119140625,-0.40283203125,-0.40283203125,-0.32958984375,-0.6103515625,0,-2.33154296875,0,-0.7568359375,-0.13427734375,-0.68359375,0.15869140625,-0.5615234375,0.048828125,-0.0244140625,0.13427734375,-0.9033203125,-0.048828125,-1.611328125,-0.03662109375,-1.171875,-0.390625,0.01220703125,-0.30517578125,0.3173828125,0.09765625,-0.03662109375,-0.06103515625,-0.06103515625,-0.15869140625,0.13427734375,-0.0732421875,3.28369140625,-0.3173828125,5.31005859375,0,2.1728515625,0.01220703125,3.47900390625
1,-0.01220703125,-0.42724609375,-0.15869140625,-0.4150390625,0.08544921875,-0.45166015625,-0.32958984375,-0.1220703125,0.048828125,-0.01220703125,-0.2685546875,-0.93994140625,0.10986328125,1.03759765625,0.0732421875,-0.13427734375,-0.03662109375,-0.57373046875,0.15869140625,-0.1708984375,-0.20751953125,0.87890625,0.0732421875,-0.57373046875,-0.13427734375,-0.03662109375,-0.06103515625,-0.69580078125,0.08544921875,0.96435546875,0.28076171875,0.52490234375,-0.10986328125,0.25634765625,0.146484375,1.5625,-0.18310546875,-0.06103515625,-0.0244140625,-0.08544921875,-0.0244140625,-0.28076171875,0.23193359375,-0.732421875,-0.35400390625,-0.42724609375,-0.42724609375,0.57373046875,0.01220703125,1.3671875,0.42724609375,0.69580078125,-0.439453125,-0.08544921875,0.1953125,0.86669921875,-0.1953125,0.74462890625,0.048828125,0.54931640625,0.048828125,0.732421875,0.0244140625,0.08544921875,0.1708984375,0.7568359375,0.1708984375,1.1474609375,0.28076171875,0.45166015625,-0.08544921875,0.4150390625,0.25634765625,5.4931640625,0.01220703125,3.11279296875,0.09765625,2.44140625,-0.18310546875,4.1015625,-0.08544921875,-1.513671875,-0.13427734375,-1.11083984375,-0.146484375,-1.2939453125,-0.06103515625,-1.07421875,-0.13427734375,-1.6845703125,-0.4150390625,-0.37841796875,-0.29296875,-0.57373046875,-0.1220703125,-2.08740234375,0.0244140625,-0.74462890625,-0.1220703125,-0.67138671875,0.15869140625,-0.5615234375,0.08544921875,-0.03662109375,0.048828125,-0.9033203125,-0.06103515625,-1.611328125,-0.048828125,-1.171875,-0.390625,-0.01220703125,-0.32958984375,0.30517578125,0.08544921875,-0.0244140625,-0.0732421875,-0.048828125,-0.1708984375,0.1220703125,-0.08544921875,3.1494140625,-0.23193359375,5.1513671875,-0.03662109375,2.05078125,0.0244140625,3.33251953125
1,0,-0.42724609375,-0.15869140625,-0.37841796875,0.08544921875,-0.4638671875,-0.341796875,-0.09765625,0.03662109375,-0.01220703125,-0.3173828125,-0.93994140625,0.06103515625,1.025390625,0.048828125,-0.10986328125,-0.0732421875,-0.59814453125,0.1708984375,-0.1708984375,-0.244140625,0.89111328125,0.09765625,-0.5859375,-0.1953125,-0.06103515625,-0.06103515625,-0.7080078125,0.09765625,0.927734375,0.3173828125,0.7568359375,-0.10986328125,0.30517578125,0.08544921875,1.74560546875,-0.146484375,-0.01220703125,0.0244140625,-0.06103515625,-0.01220703125,-0.25634765625,0.29296875,-0.732421875,-0.32958984375,-0.4150390625,-0.4150390625,0.5859375,0.0244140625,1.30615234375,0.4638671875,0.7568359375,-0.439453125,-0.10986328125,0.0732421875,0.84228515625,-0.1708984375,0.74462890625,0.0244140625,0.54931640625,0.048828125,0.6591796875,-0.03662109375,0.09765625,0.18310546875,0.62255859375,0.1220703125,1.0986328125,0.23193359375,0.50048828125,-0.08544921875,0.3662109375,0.1953125,5.01708984375,-0.03662109375,2.9052734375,0.13427734375,2.24609375,-0.28076171875,3.857421875,-0.048828125,-1.513671875,-0.1953125,-1.18408203125,-0.0732421875,-1.26953125,-0.01220703125,-1.07421875,-0.03662109375,-1.64794921875,-0.3662109375,-0.3662109375,-0.2197265625,-0.52490234375,-0.2197265625,-1.7333984375,0.048828125,-0.7568359375,-0.0732421875,-0.67138671875,0.146484375,-0.54931640625,0.146484375,-0.0244140625,0.03662109375,-0.9033203125,-0.0732421875,-1.62353515625,-0.048828125,-1.15966796875,-0.35400390625,0,-0.3662109375,0.30517578125,0.08544921875,-0.0244140625,-0.06103515625,-0.0244140625,-0.15869140625,0.10986328125,-0.048828125,2.89306640625,-0.18310546875,4.833984375,-0.0244140625,1.86767578125,0.0732421875,3.0517578125
1,0,-0.4150390625,-0.2197265625,-0.35400390625,0.08544921875,-0.45166015625,-0.32958984375,-0.06103515625,0.06103515625,-0.03662109375,-0.35400390625,-0.927734375,0.06103515625,1.025390625,0.03662109375,-0.09765625,-0.09765625,-0.6103515625,0.15869140625,-0.18310546875,-0.244140625,0.91552734375,0.08544921875,-0.57373046875,-0.20751953125,-0.0244140625,-0.08544921875,-0.7080078125,0.09765625,0.96435546875,0.28076171875,1.08642578125,-0.13427734375,0.3173828125,0.0244140625,1.81884765625,-0.10986328125,0.0244140625,0.03662109375,-0.0244140625,-0.06103515625,-0.2685546875,0.341796875,-0.732421875,-0.28076171875,-0.4150390625,-0.35400390625,0.59814453125,0.048828125,1.20849609375,0.42724609375,0.830078125,-0.3662109375,-0.146484375,-0.06103515625,0.79345703125,-0.20751953125,0.72021484375,0.0244140625,0.54931640625,0.0244140625,0.59814453125,-0.08544921875,0.10986328125,0.20751953125,0.62255859375,0.06103515625,1.0986328125,0.1708984375,0.634765625,-0.0732421875,0.390625,0.1953125,4.43115234375,-0.048828125,2.67333984375,0.1220703125,2.0263671875,-0.28076171875,3.57666015625,-0.01220703125,-1.513671875,-0.1953125,-1.171875,0.048828125,-1.220703125,0.09765625,-1.03759765625,0.048828125,-1.59912109375,-0.29296875,-0.341796875,-0.09765625,-0.47607421875,-0.29296875,-1.35498046875,0.0732421875,-0.74462890625,-0.03662109375,-0.69580078125,0.13427734375,-0.54931640625,0.1953125,-0.048828125,0.0244140625,-0.91552734375,-0.09765625,-1.611328125,-0.0244140625,-1.15966796875,-0.3662109375,-0.01220703125,-0.390625,0.30517578125,0.0732421875,-0.03662109375,-0.0732421875,-0.0244140625,-0.1708984375,0.13427734375,-0.08544921875,2.5390625,-0.20751953125,4.35791015625,-0.06103515625,1.62353515625,0.03662109375,2.63671875
0,0,-0.4150390625,-0.1708984375,-0.32958984375,0.10986328125,-0.42724609375,-0.30517578125,-0.03662109375,0.08544921875,-0.03662109375,-0.3662109375,-0.9033203125,0.048828125,1.01318359375,0.01220703125,-0.09765625,-0.1220703125,-0.59814453125,0.1708984375,-0.18310546875,-0.23193359375,0.91552734375,0.10986328125,-0.5615234375,-0.244140625,0.048828125,-0.15869140625,-0.634765625,0.06103515625,1.0498046875,0.08544921875,1.4892578125,-0.20751953125,0.30517578125,-0.01220703125,1.79443359375,-0.09765625,0.0732421875,0,-0.06103515625,-0.10986328125,-0.2685546875,0.341796875,-0.72021484375,-0.23193359375,-0.40283203125,-0.3662109375,0.59814453125,-0.01220703125,1.15966796875,0.439453125,0.9765625,-0.35400390625,-0.146484375,-0.10986328125,0.78125,-0.23193359375,0.7080078125,0.0244140625,0.5615234375,0.03662109375,0.54931640625,-0.146484375,0.10986328125,0.2685546875,0.732421875,0.03662109375,1.18408203125,0.03662109375,0.89111328125,-0.06103515625,0.5126953125,0.146484375,3.72314453125,-0.048828125,2.44140625,0.08544921875,1.7822265625,-0.244140625,3.25927734375,0.06103515625,-1.47705078125,-0.20751953125,-1.08642578125,0.20751953125,-1.171875,0.1708984375,-1.03759765625,0.10986328125,-1.52587890625,-0.23193359375,-0.28076171875,-0.0244140625,-0.42724609375,-0.3662109375,-1.025390625,0.09765625,-0.732421875,0.01220703125,-0.68359375,0.08544921875,-0.5859375,0.20751953125,-0.03662109375,0.03662109375,-0.9033203125,-0.1220703125,-1.611328125,-0.01220703125,-1.15966796875,-0.390625,0,-0.42724609375,0.28076171875,0.06103515625,-0.06103515625,-0.06103515625,-0.0244140625,-0.1708984375,0.146484375,-0.0732421875,2.1240234375,-0.10986328125,3.7353515625,-0.0244140625,1.30615234375,0.0732421875,2.13623046875
0,0.01220703125,-0.439453125,-0.146484375,-0.3173828125,0.15869140625,-0.42724609375,-0.2685546875,-0.03662109375,0.08544921875,-0.08544921875,-0.37841796875,-0.927734375,0.03662109375,0.98876953125,0,-0.1220703125,-0.13427734375,-0.57373046875,0.13427734375,-0.20751953125,-0.28076171875,0.9033203125,0.06103515625,-0.54931640625,-0.25634765625,0.20751953125,-0.2197265625,-0.50048828125,0.03662109375,1.23291015625,0.08544921875,2.03857421875,-0.20751953125,0.244140625,0.01220703125,1.5869140625,-0.09765625,0.0244140625,0.03662109375,-0.09765625,-0.20751953125,-0.2685546875,0.2685546875,-0.72021484375,-0.1708984375,-0.390625,-0.341796875,0.62255859375,0,1.13525390625,0.42724609375,1.13525390625,-0.32958984375,-0.09765625,-0.1708984375,0.78125,-0.2685546875,0.69580078125,0.03662109375,0.5615234375,-0.01220703125,0.537109375,-0.18310546875,0.09765625,0.25634765625,1.01318359375,-0.048828125,1.3916015625,-0.15869140625,1.2939453125,-0.08544921875,0.72021484375,0.09765625,2.978515625,-0.06103515625,2.2216796875,0.048828125,1.45263671875,-0.18310546875,2.9541015625,0.09765625,-1.4404296875,-0.18310546875,-0.91552734375,0.29296875,-1.13525390625,0.20751953125,-0.98876953125,0.146484375,-1.50146484375,-0.10986328125,-0.2685546875,0.048828125,-0.40283203125,-0.3173828125,-0.84228515625,0.08544921875,-0.732421875,0.048828125,-0.7080078125,0.0732421875,-0.5859375,0.18310546875,-0.03662109375,0.06103515625,-0.87890625,-0.146484375,-1.62353515625,0.0244140625,-1.15966796875,-0.40283203125,0,-0.4638671875,0.28076171875,0.06103515625,-0.06103515625,-0.0732421875,-0.03662109375,-0.1708984375,0.1220703125,-0.09765625,1.64794921875,-0.048828125,3.02734375,-0.01220703125,0.93994140625,0.048828125,1.611328125
0,-0.0244140625,-0.45166015625,-0.1220703125,-0.32958984375,0.1708984375,-0.42724609375,-0.29296875,-0.048828125,0.08544921875,-0.08544921875,-0.4150390625,-0.927734375,0.01220703125,1.01318359375,0,-0.146484375,-0.10986328125,-0.57373046875,0.10986328125,-0.20751953125,-0.244140625,0.9033203125,0.03662109375,-0.54931640625,-0.2197265625,0.390625,-0.2685546875,-0.3173828125,-0.01220703125,1.52587890625,0.15869140625,2.685546875,-0.1953125,0.13427734375,-0.01220703125,1.171875,-0.06103515625,-0.03662109375,0.01220703125,-0.20751953125,-0.28076171875,-0.25634765625,0.10986328125,-0.72021484375,-0.1220703125,-0.390625,-0.341796875,0.6591796875,-0.01220703125,1.171875,0.3173828125,1.45263671875,-0.244140625,-0.0732421875,-0.1953125,0.84228515625,-0.32958984375,0.69580078125,0.0244140625,0.537109375,0,0.5859375,-0.2685546875,0.08544921875,0.341796875,1.4404296875,-0.0732421875,1.708984375,-0.244140625,1.7822265625,-0.06103515625,1.01318359375,0.0732421875,2.2705078125,-0.048828125,1.9775390625,0.048828125,1.171875,-0.09765625,2.64892578125,0.1220703125,-1.37939453125,-0.15869140625,-0.78125,0.390625,-1.123046875,0.20751953125,-0.96435546875,0.15869140625,-1.47705078125,-0.0244140625,-0.25634765625,0.13427734375,-0.390625,-0.28076171875,-0.81787109375,0.03662109375,-0.732421875,0.06103515625,-0.7080078125,0.048828125,-0.59814453125,0.10986328125,-0.048828125,0.09765625,-0.87890625,-0.20751953125,-1.611328125,0.01220703125,-1.15966796875,-0.42724609375,0.0244140625,-0.45166015625,0.30517578125,0.048828125,-0.048828125,-0.06103515625,-0.03662109375,-0.15869140625,0.15869140625,-0.10986328125,1.15966796875,-0.048828125,2.34375,-0.01220703125,0.5615234375,0.03662109375,1.0498046875
0,-0.01220703125,-0.50048828125,-0.10986328125,-0.3173828125,0.18310546875,-0.42724609375,-0.25634765625,-0.048828125,0.08544921875,-0.08544921875,-0.439453125,-0.9033203125,-0.01220703125,1.01318359375,0.0244140625,-0.146484375,-0.0732421875,-0.5615234375,0.06103515625,-0.1953125,-0.1708984375,0.9033203125,0.01220703125,-0.537109375,-0.244140625,0.6591796875,-0.29296875,-0.0732421875,-0.06103515625,1.8310546875,0.08544921875,3.466796875,-0.1220703125,-0.01220703125,-0.0244140625,0.634765625,-0.06103515625,-0.146484375,0.01220703125,-0.3662109375,-0.32958984375,-0.2685546875,-0.01220703125,-0.74462890625,-0.0732421875,-0.40283203125,-0.32958984375,0.67138671875,-0.08544921875,1.2939453125,0.3173828125,1.86767578125,-0.244140625,0.01220703125,-0.2197265625,0.9521484375,-0.3173828125,0.67138671875,0.06103515625,0.52490234375,0.01220703125,0.64697265625,-0.29296875,0.0732421875,0.3173828125,1.96533203125,-0.09765625,2.099609375,-0.35400390625,2.4169921875,-0.10986328125,1.37939453125,0.09765625,1.69677734375,-0.06103515625,1.81884765625,0.0244140625,0.927734375,-0.03662109375,2.40478515625,0.10986328125,-1.35498046875,-0.10986328125,-0.6103515625,0.42724609375,-1.123046875,0.15869140625,-0.96435546875,0.15869140625,-1.46484375,0.048828125,-0.2685546875,0.146484375,-0.3662109375,-0.15869140625,-0.927734375,0.01220703125,-0.7080078125,0.08544921875,-0.7080078125,0.03662109375,-0.62255859375,0.01220703125,-0.06103515625,0.06103515625,-0.86669921875,-0.244140625,-1.59912109375,-0.03662109375,-1.15966796875,-0.45166015625,0.0244140625,-0.439453125,0.30517578125,0.048828125,-0.03662109375,-0.0732421875,-0.048828125,-0.1708984375,0.1708984375,-0.1220703125,0.79345703125,0,1.72119140625,0,0.25634765625,0.048828125,0.5859375
0,-0.0244140625,-0.537109375,-0.08544921875,-0.30517578125,0.15869140625,-0.4638671875,-0.23193359375,-0.048828125,0.08544921875,-0.09765625,-0.439453125,-0.927734375,-0.03662109375,1.0009765625,-0.01220703125,-0.146484375,-0.0244140625,-0.54931640625,0.0244140625,-0.20751953125,-0.20751953125,0.86669921875,0,-0.54931640625,-0.244140625,0.927734375,-0.3173828125,0.1953125,-0.048828125,2.2216796875,0.10986328125,4.2724609375,-0.0732421875,-0.1708984375,-0.01220703125,0,-0.048828125,-0.25634765625,-0.0244140625,-0.52490234375,-0.35400390625,-0.25634765625,-0.18310546875,-0.72021484375,-0.03662109375,-0.390625,-0.30517578125,0.68359375,-0.1220703125,1.513671875,0.390625,2.392578125,-0.2197265625,0.146484375,-0.29296875,1.11083984375,-0.3662109375,0.68359375,0.146484375,0.5126953125,0.0244140625,0.732421875,-0.29296875,0.0732421875,0.30517578125,2.60009765625,-0.08544921875,2.55126953125,-0.25634765625,3.1005859375,-0.13427734375,1.806640625,0.0732421875,1.35498046875,-0.01220703125,1.7333984375,0.048828125,0.8056640625,0.048828125,2.294921875,0.08544921875,-1.33056640625,-0.08544921875,-0.5126953125,0.45166015625,-1.123046875,0.08544921875,-0.96435546875,0.1708984375,-1.4892578125,0.0732421875,-0.29296875,0.1953125,-0.40283203125,-0.01220703125,-1.15966796875,-0.01220703125,-0.7080078125,0.0732421875,-0.72021484375,0.03662109375,-0.64697265625,-0.06103515625,-0.06103515625,0.0244140625,-0.8544921875,-0.30517578125,-1.5625,-0.06103515625,-1.171875,-0.4638671875,0.0244140625,-0.5126953125,0.3173828125,0.03662109375,-0.06103515625,-0.0732421875,-0.06103515625,-0.15869140625,0.18310546875,-0.15869140625,0.54931640625,-0.048828125,1.28173828125,0,0.048828125,0,0.28076171875
0,0.01220703125,-0.57373046875,-0.13427734375,-0.341796875,0.13427734375,-0.47607421875,-0.244140625,-0.0732421875,0.0732421875,-0.09765625,-0.439453125,-0.927734375,-0.01220703125,1.01318359375,0.01220703125,-0.1708984375,0,-0.5615234375,0.01220703125,-0.20751953125,-0.1953125,0.89111328125,0,-0.54931640625,-0.23193359375,1.20849609375,-0.32958984375,0.47607421875,-0.0732421875,2.5634765625,0.1953125,5.1025390625,-0.08544921875,-0.341796875,-0.03662109375,-0.6103515625,-0.06103515625,-0.4150390625,-0.0732421875,-0.68359375,-0.32958984375,-0.25634765625,-0.32958984375,-0.72021484375,0,-0.37841796875,-0.3173828125,0.69580078125,-0.18310546875,1.77001953125,0.341796875,3.02734375,-0.20751953125,0.3173828125,-0.3173828125,1.2939453125,-0.341796875,0.7080078125,0.15869140625,0.48828125,0.09765625,0.81787109375,-0.341796875,0.048828125,0.25634765625,3.25927734375,-0.0732421875,3.02734375,-0.1953125,3.79638671875,-0.23193359375,2.2216796875,0.06103515625,1.37939453125,0,1.7578125,0.0244140625,0.830078125,0.06103515625,2.3193359375,0.06103515625,-1.33056640625,-0.08544921875,-0.45166015625,0.3662109375,-1.1474609375,0,-0.96435546875,0.09765625,-1.50146484375,0.048828125,-0.3173828125,0.18310546875,-0.4150390625,0.08544921875,-1.4404296875,-0.01220703125,-0.72021484375,0.03662109375,-0.69580078125,0.03662109375,-0.634765625,-0.1220703125,-0.06103515625,-0.03662109375,-0.86669921875,-0.3173828125,-1.57470703125,-0.03662109375,-1.15966796875,-0.48828125,0,-0.537109375,0.341796875,0.03662109375,-0.03662109375,-0.0732421875,-0.0244140625,-0.146484375,0.1953125,-0.1220703125,0.47607421875,-0.048828125,1.11083984375,0,0,0.03662109375,0.1708984375
0,0,-0.537109375,-0.15869140625,-0.35400390625,0.10986328125,-0.47607421875,-0.2197265625,-0.09765625,0.03662109375,-0.09765625,-0.45166015625,-0.927734375,-0.0244140625,1.025390625,0.0244140625,-0.15869140625,0.01220703125,-0.57373046875,0,-0.1953125,-0.244140625,0.86669921875,-0.01220703125,-0.5615234375,-0.23193359375,1.4404296875,-0.341796875,0.7080078125,-0.06103515625,2.89306640625,0.18310546875,5.87158203125,-0.1220703125,-0.5126953125,0.01220703125,-1.123046875,-0.0732421875,-0.537109375,-0.13427734375,-0.81787109375,-0.28076171875,-0.23193359375,-0.45166015625,-0.732421875,0,-0.390625,-0.29296875,0.68359375,-0.2197265625,2.11181640625,0.390625,3.72314453125,-0.244140625,0.5126953125,-0.32958984375,1.52587890625,-0.3173828125,0.732421875,0.15869140625,0.50048828125,0.10986328125,0.9521484375,-0.40283203125,0.06103515625,0.23193359375,3.857421875,-0.06103515625,3.45458984375,-0.0732421875,4.5166015625,-0.23193359375,2.60009765625,0.15869140625,1.84326171875,0.048828125,1.96533203125,0.0732421875,1.0009765625,0.1220703125,2.5634765625,0,-1.33056640625,-0.06103515625,-0.4150390625,0.25634765625,-1.1474609375,-0.06103515625,-0.96435546875,0.06103515625,-1.513671875,0,-0.341796875,0.23193359375,-0.439453125,0.1953125,-1.708984375,-0.06103515625,-0.72021484375,0.01220703125,-0.67138671875,0.01220703125,-0.62255859375,-0.146484375,-0.06103515625,-0.048828125,-0.8544921875,-0.3173828125,-1.5625,-0.06103515625,-1.171875,-0.50048828125,0.01220703125,-0.54931640625,0.341796875,0.01220703125,-0.048828125,-0.0732421875,-0.03662109375,-0.146484375,0.1708984375,-0.146484375,0.62255859375,-0.10986328125,1.28173828125,-0.048828125,0.10986328125,-0.01220703125,0.3173828125
0,0.0244140625,-0.5126953125,-0.10986328125,-0.35400390625,0.09765625,-0.47607421875,-0.1953125,-0.09765625,0.06103515625,-0.10986328125,-0.42724609375,-0.91552734375,-0.01220703125,1.03759765625,0.01220703125,-0.146484375,0.01220703125,-0.5859375,0.0244140625,-0.1708984375,-0.29296875,0.87890625,0,-0.57373046875,-0.1708984375,1.611328125,-0.28076171875,0.9033203125,-0.01220703125,3.13720703125,0.13427734375,6.54296875,-0.146484375,-0.59814453125,0.01220703125,-1.45263671875,-0.08544921875,-0.6103515625,-0.1953125,-0.91552734375,-0.23193359375,-0.244140625,-0.45166015625,-0.732421875,-0.03662109375,-0.390625,-0.29296875,0.69580078125,-0.23193359375,2.45361328125,0.439453125,4.443359375,-0.1953125,0.732421875,-0.3662109375,1.7578125,-0.32958984375,0.74462890625,0.1953125,0.48828125,0.15869140625,1.025390625,-0.439453125,0.03662109375,0.2197265625,4.40673828125,-0.10986328125,3.84521484375,-0.01220703125,5.126953125,-0.3173828125,2.94189453125,0.2197265625,2.685546875,0.03662109375,2.28271484375,0.1220703125,1.3916015625,0.13427734375,2.9541015625,-0.06103515625,-1.35498046875,-0.06103515625,-0.439453125,0.1220703125,-1.18408203125,-0.08544921875,-0.93994140625,0,-1.5380859375,-0.03662109375,-0.3662109375,0.28076171875,-0.439453125,0.28076171875,-1.86767578125,-0.06103515625,-0.732421875,0.01220703125,-0.6591796875,-0.01220703125,-0.62255859375,-0.10986328125,-0.06103515625,-0.01220703125,-0.86669921875,-0.32958984375,-1.5869140625,-0.048828125,-1.171875,-0.52490234375,0,-0.54931640625,0.35400390625,0,-0.06103515625,-0.0732421875,-0.03662109375,-0.13427734375,0.15869140625,-0.146484375,0.96435546875,-0.0732421875,1.806640625,-0.048828125,0.390625,0.01220703125,0.732421875
0,0.0244140625,-0.48828125,-0.13427734375,-0.37841796875,0.09765625,-0.48828125,-0.18310546875,-0.10986328125,0.06103515625,-0.0732421875,-0.42724609375,-0.91552734375,-0.01220703125,1.03759765625,0.01220703125,-0.15869140625,0,-0.59814453125,0.03662109375,-0.1708984375,-0.28076171875,0.89111328125,0.048828125,-0.5859375,-0.1708984375,1.72119140625,-0.29296875,0.98876953125,0,3.2958984375,0.10986328125,6.99462890625,-0.18310546875,-0.57373046875,0.03662109375,-1.4892578125,-0.10986328125,-0.634765625,-0.29296875,-0.91552734375,-0.2197265625,-0.23193359375,-0.390625,-0.72021484375,-0.048828125,-0.40283203125,-0.28076171875,0.69580078125,-0.2685546875,2.734375,0.4638671875,5.09033203125,-0.20751953125,0.927734375,-0.30517578125,1.9775390625,-0.29296875,0.74462890625,0.20751953125,0.5126953125,0.1953125,1.0498046875,-0.45166015625,0.06103515625,0.13427734375,4.79736328125,-0.1220703125,4.13818359375,0,5.65185546875,-0.390625,3.1982421875,0.10986328125,3.90625,0.08544921875,2.74658203125,0.15869140625,1.94091796875,0.03662109375,3.55224609375,-0.06103515625,-1.37939453125,-0.15869140625,-0.48828125,0.01220703125,-1.15966796875,-0.09765625,-0.9521484375,-0.1220703125,-1.52587890625,-0.06103515625,-0.3662109375,0.35400390625,-0.4638671875,0.29296875,-1.8798828125,-0.06103515625,-0.72021484375,-0.01220703125,-0.67138671875,-0.0244140625,-0.6103515625,-0.09765625,-0.0732421875,0.0244140625,-0.89111328125,-0.35400390625,-1.57470703125,-0.0732421875,-1.1474609375,-0.50048828125,0,-0.54931640625,0.3662109375,-0.01220703125,-0.06103515625,-0.06103515625,-0.01220703125,-0.1220703125,0.146484375,-0.1220703125,1.50146484375,-0.13427734375,2.64892578125,-0.0732421875,0.86669921875,0.03662109375,1.40380859375
0,0.01220703125,-0.45166015625,-0.13427734375,-0.390625,0.0732421875,-0.47607421875,-0.15869140625,-0.146484375,0.08544921875,-0.0732421875,-0.439453125,-0.93994140625,0.01220703125,1.06201171875,0.048828125,-0.15869140625,0,-0.59814453125,0.048828125,-0.18310546875,-0.29296875,0.89111328125,0.06103515625,-0.5859375,-0.1220703125,1.7578125,-0.28076171875,1.025390625,0,3.3447265625,0,7.23876953125,-0.18310546875,-0.5126953125,0.1220703125,-1.23291015625,-0.13427734375,-0.5859375,-0.32958984375,-0.8544921875,-0.20751953125,-0.244140625,-0.2685546875,-0.732421875,-0.06103515625,-0.4150390625,-0.28076171875,0.72021484375,-0.244140625,2.96630859375,0.341796875,5.712890625,-0.23193359375,1.11083984375,-0.28076171875,2.1484375,-0.25634765625,0.78125,0.244140625,0.5126953125,0.15869140625,1.01318359375,-0.35400390625,0.06103515625,0.146484375,5.04150390625,-0.146484375,4.30908203125,0.10986328125,6.0302734375,-0.390625,3.369140625,0.0732421875,5.40771484375,0.15869140625,3.3447265625,0.244140625,2.63671875,0,4.2724609375,-0.0732421875,-1.40380859375,-0.1708984375,-0.57373046875,-0.09765625,-1.171875,-0.10986328125,-0.96435546875,-0.2197265625,-1.50146484375,-0.10986328125,-0.35400390625,0.40283203125,-0.45166015625,0.23193359375,-1.806640625,-0.10986328125,-0.69580078125,-0.03662109375,-0.67138671875,-0.03662109375,-0.59814453125,-0.06103515625,-0.08544921875,0.03662109375,-0.9033203125,-0.341796875,-1.5625,-0.10986328125,-1.15966796875,-0.45166015625,0,-0.54931640625,0.35400390625,-0.01220703125,-0.06103515625,-0.06103515625,0,-0.13427734375,0.13427734375,-0.15869140625,2.24609375,-0.146484375,3.759765625,-0.1220703125,1.45263671875,0.01220703125,2.294921875
0,0,-0.40283203125,-0.1220703125,-0.40283203125,0.0244140625,-0.45166015625,-0.18310546875,-0.1220703125,0.08544921875,-0.0732421875,-0.439453125,-0.927734375,0.048828125,1.07421875,0,-0.15869140625,-0.0244140625,-0.59814453125,0.048828125,-0.1953125,-0.2197265625,0.9033203125,0.10986328125,-0.59814453125,-0.10986328125,1.69677734375,-0.2685546875,0.98876953125,-0.03662109375,3.3203125,0.08544921875,7.2509765625,-0.10986328125,-0.341796875,0.13427734375,-0.732421875,-0.1220703125,-0.4638671875,-0.32958984375,-0.72021484375,-0.15869140625,-0.2197265625,-0.0732421875,-0.72021484375,-0.08544921875,-0.40283203125,-0.29296875,0.7080078125,-0.2685546875,3.125,0.35400390625,6.15234375,-0.25634765625,1.26953125,-0.1953125,2.28271484375,-0.18310546875,0.7568359375,0.23193359375,0.52490234375,0.2197265625,0.9765625,-0.3173828125,0.08544921875,0.1220703125,5.1025390625,-0.18310546875,4.35791015625,0.146484375,6.2255859375,-0.341796875,3.41796875,-0.03662109375,7.04345703125,0.20751953125,3.9794921875,0.2197265625,3.35693359375,-0.09765625,5.078125,-0.09765625,-1.42822265625,-0.2197265625,-0.6591796875,-0.25634765625,-1.15966796875,-0.2197265625,-0.96435546875,-0.28076171875,-1.4892578125,-0.1220703125,-0.32958984375,0.4150390625,-0.439453125,0.13427734375,-1.62353515625,-0.15869140625,-0.7080078125,-0.01220703125,-0.634765625,-0.0244140625,-0.6103515625,-0.0244140625,-0.08544921875,0.06103515625,-0.9033203125,-0.40283203125,-1.5869140625,-0.10986328125,-1.171875,-0.40283203125,0,-0.5859375,0.37841796875,0,-0.0732421875,-0.0732421875,0.01220703125,-0.13427734375,0.13427734375,-0.10986328125,3.1005859375,-0.09765625,5.01708984375,-0.1220703125,2.1484375,0.0244140625,3.28369140625
0,-0.01220703125,-0.37841796875,-0.146484375,-0.3662109375,0.0244140625,-0.439453125,-0.18310546875,-0.10986328125,0.08544921875,-0.0732421875,-0.42724609375,-0.91552734375,0.0732421875,1.0498046875,-0.01220703125,-0.146484375,-0.06103515625,-0.59814453125,0.01220703125,-0.20751953125,-0.1220703125,0.89111328125,0.146484375,-0.5859375,-0.08544921875,1.6357421875,-0.23193359375,0.89111328125,-0.06103515625,3.21044921875,0.146484375,7.06787109375,-0.03662109375,-0.10986328125,0.1708984375,0,-0.146484375,-0.29296875,-0.341796875,-0.52490234375,-0.1708984375,-0.244140625,0.09765625,-0.7080078125,-0.10986328125,-0.40283203125,-0.25634765625,0.72021484375,-0.25634765625,3.16162109375,0.32958984375,6.45751953125,-0.341796875,1.3671875,-0.08544921875,2.35595703125,-0.15869140625,0.7568359375,0.20751953125,0.52490234375,0.1220703125,0.86669921875,-0.28076171875,0.10986328125,0.0732421875,4.99267578125,-0.1953125,4.28466796875,0.08544921875,6.26220703125,-0.2685546875,3.38134765625,-0.1708984375,8.642578125,0.25634765625,4.6142578125,0.18310546875,4.08935546875,-0.18310546875,5.8837890625,-0.09765625,-1.4404296875,-0.18310546875,-0.69580078125,-0.341796875,-1.1474609375,-0.2197265625,-0.96435546875,-0.3173828125,-1.42822265625,-0.1220703125,-0.28076171875,0.439453125,-0.40283203125,0.01220703125,-1.37939453125,-0.20751953125,-0.72021484375,0.03662109375,-0.64697265625,0.01220703125,-0.6103515625,0,-0.08544921875,0.048828125,-0.89111328125,-0.390625,-1.59912109375,-0.13427734375,-1.18408203125,-0.37841796875,-0.0244140625,-0.57373046875,0.390625,0,-0.048828125,-0.06103515625,0.01220703125,-0.10986328125,0.1220703125,-0.1220703125,3.955078125,-0.15869140625,6.3232421875,-0.146484375,2.84423828125,0.0244140625,4.3212890625
0,-0.0244140625,-0.35400390625,-0.13427734375,-0.341796875,-0.01220703125,-0.42724609375,-0.18310546875,-0.0732421875,0.09765625,-0.03662109375,-0.4150390625,-0.93994140625,0.0732421875,1.06201171875,-0.0244140625,-0.1220703125,-0.09765625,-0.62255859375,-0.01220703125,-0.1953125,-0.01220703125,0.89111328125,0.15869140625,-0.5859375,-0.0732421875,1.513671875,-0.23193359375,0.78125,-0.13427734375,3.076171875,-0.01220703125,6.7138671875,-0.0244140625,0.18310546875,0.1220703125,0.86669921875,-0.13427734375,-0.08544921875,-0.30517578125,-0.2685546875,-0.13427734375,-0.244140625,0.20751953125,-0.72021484375,-0.15869140625,-0.40283203125,-0.25634765625,0.69580078125,-0.23193359375,3.13720703125,0.341796875,6.5673828125,-0.37841796875,1.40380859375,-0.03662109375,2.38037109375,-0.1708984375,0.74462890625,0.29296875,0.537109375,0.13427734375,0.74462890625,-0.146484375,0.09765625,0.048828125,4.7607421875,-0.146484375,4.1259765625,0.01220703125,6.09130859375,-0.1953125,3.25927734375,-0.2685546875,10.05859375,0.29296875,5.16357421875,0.10986328125,4.7119140625,-0.244140625,6.591796875,-0.08544921875,-1.46484375,-0.1220703125,-0.74462890625,-0.3662109375,-1.13525390625,-0.20751953125,-0.9765625,-0.30517578125,-1.40380859375,-0.13427734375,-0.25634765625,0.439453125,-0.390625,-0.06103515625,-1.18408203125,-0.23193359375,-0.7080078125,0.09765625,-0.64697265625,0.01220703125,-0.6103515625,0.0244140625,-0.06103515625,0.03662109375,-0.9033203125,-0.37841796875,-1.611328125,-0.146484375,-1.18408203125,-0.3173828125,0.01220703125,-0.6103515625,0.42724609375,-0.01220703125,-0.048828125,-0.06103515625,0.03662109375,-0.13427734375,0.13427734375,-0.18310546875,4.77294921875,-0.25634765625,7.4951171875,-0.1708984375,3.47900390625,-0.0732421875,5.2734375
1,-0.03662109375,-0.3662109375,-0.08544921875,-0.341796875,-0.0244140625,-0.42724609375,-0.1953125,-0.0732421875,0.09765625,-0.08544921875,-0.40283203125,-0.927734375,0.10986328125,1.03759765625,0.0244140625,-0.1220703125,-0.08544921875,-0.59814453125,-0.048828125,-0.20751953125,0.1220703125,0.86669921875,0.1953125,-0.5615234375,-0.0732421875,1.35498046875,-0.23193359375,0.6591796875,-0.23193359375,2.9052734375,-0.09765625,6.25,-0.08544921875,0.48828125,0.146484375,1.7822265625,-0.08544921875,0.1220703125,-0.30517578125,-0.01220703125,-0.13427734375,-0.23193359375,0.28076171875,-0.72021484375,-0.20751953125,-0.4150390625,-0.23193359375,0.68359375,-0.1953125,3.06396484375,0.244140625,6.55517578125,-0.439453125,1.35498046875,0.0244140625,2.35595703125,-0.13427734375,0.72021484375,0.3173828125,0.5615234375,0.13427734375,0.59814453125,-0.09765625,0.08544921875,0.06103515625,4.43115234375,-0.0244140625,3.89404296875,-0.01220703125,5.79833984375,-0.13427734375,3.076171875,-0.2685546875,11.1083984375,0.341796875,5.5908203125,0.01220703125,5.18798828125,-0.29296875,7.14111328125,-0.09765625,-1.4404296875,-0.09765625,-0.732421875,-0.37841796875,-1.13525390625,-0.1953125,-0.9521484375,-0.25634765625,-1.3671875,-0.1220703125,-0.23193359375,0.37841796875,-0.35400390625,-0.09765625,-1.06201171875,-0.2197265625,-0.72021484375,0.13427734375,-0.68359375,-0.03662109375,-0.634765625,0.08544921875,-0.06103515625,0.03662109375,-0.89111328125,-0.341796875,-1.59912109375,-0.1708984375,-1.171875,-0.2685546875,0.0244140625,-0.6103515625,0.47607421875,-0.01220703125,-0.048828125,-0.0732421875,0.0244140625,-0.1220703125,0.146484375,-0.146484375,5.45654296875,-0.18310546875,8.4716796875,-0.146484375,3.99169921875,-0.06103515625,6.06689453125
1,-0.06103515625,-0.390625,-0.08544921875,-0.35400390625,-0.0244140625,-0.439453125,-0.1708984375,-0.06103515625,0.0732421875,-0.08544921875,-0.390625,-0.91552734375,0.1220703125,1.025390625,-0.0732421875,-0.1220703125,-0.08544921875,-0.6103515625,-0.06103515625,-0.18310546875,0.20751953125,0.86669921875,0.1953125,-0.5615234375,-0.10986328125,1.20849609375,-0.20751953125,0.52490234375,-0.32958984375,2.77099609375,-0.13427734375,5.76171875,-0.10986328125,0.732421875,0.1220703125,2.63671875,-0.08544921875,0.341796875,-0.23193359375,0.2197265625,-0.146484375,-0.2197265625,0.32958984375,-0.732421875,-0.244140625,-0.42724609375,-0.1953125,0.67138671875,-0.18310546875,2.96630859375,0.1708984375,6.38427734375,-0.48828125,1.25732421875,0,2.294921875,-0.15869140625,0.7080078125,0.390625,0.57373046875,0.13427734375,0.4638671875,0.0244140625,0.09765625,0.08544921875,4.04052734375,0.048828125,3.62548828125,-0.08544921875,5.419921875,-0.0732421875,2.83203125,-0.25634765625,11.75537109375,0.390625,5.810546875,-0.0732421875,5.46875,-0.3662109375,7.4951171875,-0.048828125,-1.40380859375,-0.0244140625,-0.69580078125,-0.390625,-1.11083984375,-0.0732421875,-0.93994140625,-0.20751953125,-1.3671875,-0.10986328125,-0.2197265625,0.29296875,-0.35400390625,-0.06103515625,-1.025390625,-0.20751953125,-0.72021484375,0.1708984375,-0.69580078125,-0.08544921875,-0.64697265625,0.08544921875,-0.048828125,0.03662109375,-0.89111328125,-0.25634765625,-1.59912109375,-0.18310546875,-1.1474609375,-0.2685546875,0.03662109375,-0.62255859375,0.52490234375,0.01220703125,-0.03662109375,-0.06103515625,0.0244140625,-0.146484375,0.146484375,-0.146484375,5.9814453125,-0.20751953125,9.1064453125,-0.146484375,4.345703125,-0.0732421875,6.591796875
1,-0.06103515625,-0.4150390625,-0.06103515625,-0.341796875,0,-0.439453125,-0.146484375,-0.03662109375,0.08544921875,-0.08544921875,-0.3662109375,-0.91552734375,0.146484375,1.03759765625,-0.10986328125,-0.1220703125,-0.06103515625,-0.5859375,-0.0732421875,-0.1953125,0.30517578125,0.830078125,0.15869140625,-0.52490234375,-0.10986328125,1.11083984375,-0.1708984375,0.45166015625,-0.37841796875,2.62451171875,-0.13427734375,5.2978515625,-0.1220703125,0.9765625,0.06103515625,3.369140625,-0.03662109375,0.48828125,-0.146484375,0.42724609375,-0.1220703125,-0.2197265625,0.3173828125,-0.74462890625,-0.25634765625,-0.42724609375,-0.13427734375,0.634765625,-0.13427734375,2.86865234375,0.15869140625,6.1279296875,-0.5615234375,1.11083984375,0,2.2216796875,-0.18310546875,0.69580078125,0.42724609375,0.59814453125,0.13427734375,0.35400390625,0.09765625,0.08544921875,0.08544921875,3.662109375,0.06103515625,3.369140625,-0.1220703125,4.99267578125,-0.06103515625,2.587890625,-0.15869140625,11.9140625,0.35400390625,5.8837890625,-0.1708984375,5.4931640625,-0.37841796875,7.60498046875,-0.03662109375,-1.3427734375,0.0244140625,-0.64697265625,-0.35400390625,-1.0986328125,0.03662109375,-0.89111328125,-0.146484375,-1.37939453125,-0.08544921875,-0.20751953125,0.18310546875,-0.341796875,-0.0244140625,-1.11083984375,-0.1708984375,-0.72021484375,0.20751953125,-0.7080078125,-0.13427734375,-0.6591796875,0.0732421875,-0.03662109375,0.01220703125,-0.86669921875,-0.1708984375,-1.5869140625,-0.25634765625,-1.15966796875,-0.28076171875,0.06103515625,-0.62255859375,0.59814453125,0.0244140625,-0.0244140625,-0.06103515625,0.03662109375,-0.146484375,0.15869140625,-0.146484375,6.25,-0.2685546875,9.423828125,-0.1708984375,4.52880859375,-0.09765625,6.89697265625
1,-0.06103515625,-0.4638671875,-0.06103515625,-0.35400390625,-0.0244140625,-0.4638671875,-0.1220703125,-0.0732421875,0.08544921875,-0.10986328125,-0.32958984375,-0.89111328125,0.146484375,1.025390625,-0.10986328125,-0.15869140625,-0.06103515625,-0.57373046875,-0.048828125,-0.18310546875,0.3662109375,0.830078125,0.10986328125,-0.52490234375,-0.15869140625,1.0498046875,-0.1220703125,0.4150390625,-0.390625,2.55126953125,-0.0732421875,4.91943359375,-0.06103515625,1.13525390625,-0.06103515625,3.89404296875,-0.01220703125,0.5859375,-0.10986328125,0.59814453125,-0.09765625,-0.2197265625,0.30517578125,-0.72021484375,-0.23193359375,-0.45166015625,-0.09765625,0.6103515625,-0.1220703125,2.783203125,0.15869140625,5.7861328125,-0.59814453125,0.9521484375,0.03662109375,2.13623046875,-0.2197265625,0.72021484375,0.45166015625,0.6103515625,0.18310546875,0.29296875,0.1220703125,0.08544921875,0.01220703125,3.30810546875,0.18310546875,3.11279296875,-0.0732421875,4.57763671875,0.01220703125,2.3681640625,-0.08544921875,11.62109375,0.341796875,5.712890625,-0.28076171875,5.322265625,-0.37841796875,7.45849609375,0.03662109375,-1.30615234375,0.03662109375,-0.52490234375,-0.2685546875,-1.11083984375,0.15869140625,-0.89111328125,-0.06103515625,-1.3916015625,-0.06103515625,-0.2197265625,0.08544921875,-0.341796875,-0.01220703125,-1.26953125,-0.15869140625,-0.732421875,0.18310546875,-0.7080078125,-0.2197265625,-0.67138671875,0.06103515625,-0.0244140625,0.01220703125,-0.8544921875,-0.10986328125,-1.5869140625,-0.28076171875,-1.1474609375,-0.30517578125,0.06103515625,-0.64697265625,0.634765625,0.0244140625,-0.0244140625,-0.0732421875,0.03662109375,-0.13427734375,0.1708984375,-0.15869140625,6.298828125,-0.28076171875,9.3994140625,-0.18310546875,4.50439453125,-0.09765625,6.89697265625
1,-0.0732421875,-0.47607421875,-0.06103515625,-0.37841796875,-0.0244140625,-0.45166015625,-0.09765625,-0.09765625,0.08544921875,-0.1220703125,-0.29296875,-0.9033203125,0.18310546875,1.01318359375,-0.08544921875,-0.1708984375,-0.0732421875,-0.5615234375,0,-0.1708984375,0.3173828125,0.830078125,0.08544921875,-0.537109375,-0.1708984375,0.98876953125,-0.0732421875,0.40283203125,-0.29296875,2.490234375,0.10986328125,4.69970703125,-0.01220703125,1.20849609375,-0.146484375,4.18701171875,0,0.64697265625,-0.10986328125,0.69580078125,-0.06103515625,-0.23193359375,0.244140625,-0.74462890625,-0.15869140625,-0.4638671875,-0.01220703125,0.59814453125,-0.146484375,2.72216796875,0.2685546875,5.45654296875,-0.634765625,0.8056640625,0.01220703125,2.05078125,-0.29296875,0.72021484375,0.48828125,0.6591796875,0.2197265625,0.2685546875,0.2197265625,0.08544921875,-0.048828125,3.03955078125,0.23193359375,2.91748046875,-0.08544921875,4.23583984375,0.03662109375,2.197265625,-0.048828125,10.90087890625,0.28076171875,5.37109375,-0.30517578125,4.9560546875,-0.341796875,7.09228515625,0.13427734375,-1.25732421875,0.03662109375,-0.42724609375,-0.20751953125,-1.11083984375,0.23193359375,-0.86669921875,0,-1.42822265625,-0.048828125,-0.25634765625,0.01220703125,-0.32958984375,-0.0244140625,-1.46484375,-0.13427734375,-0.74462890625,0.13427734375,-0.67138671875,-0.23193359375,-0.67138671875,0.03662109375,-0.0244140625,0,-0.84228515625,-0.03662109375,-1.57470703125,-0.341796875,-1.18408203125,-0.3173828125,0.06103515625,-0.64697265625,0.67138671875,0.03662109375,-0.0244140625,-0.06103515625,0.0244140625,-0.13427734375,0.15869140625,-0.15869140625,6.103515625,-0.30517578125,9.04541015625,-0.15869140625,4.30908203125,-0.09765625,6.65283203125
1,-0.0732421875,-0.48828125,-0.03662109375,-0.4150390625,-0.0732421875,-0.45166015625,-0.048828125,-0.10986328125,0.0732421875,-0.10986328125,-0.28076171875,-0.9033203125,0.146484375,1.03759765625,-0.1220703125,-0.18310546875,-0.10986328125,-0.57373046875,0.08544921875,-0.1708984375,0.29296875,0.830078125,0.10986328125,-0.54931640625,-0.146484375,1.0009765625,-0.0244140625,0.390625,-0.146484375,2.45361328125,0.13427734375,4.6142578125,0.03662109375,1.2451171875,-0.1953125,4.2724609375,0.03662109375,0.68359375,-0.15869140625,0.732421875,0,-0.23193359375,0.18310546875,-0.74462890625,-0.10986328125,-0.45166015625,0.01220703125,0.5615234375,-0.1708984375,2.6611328125,0.40283203125,5.16357421875,-0.6591796875,0.732421875,-0.03662109375,1.96533203125,-0.29296875,0.72021484375,0.48828125,0.68359375,0.25634765625,0.28076171875,0.2197265625,0.09765625,-0.09765625,2.8564453125,0.32958984375,2.79541015625,-0.03662109375,4.00390625,0.01220703125,2.0751953125,0.0244140625,9.85107421875,0.2197265625,4.89501953125,-0.32958984375,4.43115234375,-0.32958984375,6.53076171875,0.15869140625,-1.23291015625,0,-0.35400390625,-0.1953125,-1.13525390625,0.20751953125,-0.84228515625,0.048828125,-1.46484375,-0.09765625,-0.29296875,-0.09765625,-0.341796875,-0.09765625,-1.611328125,-0.15869140625,-0.732421875,0.048828125,-0.69580078125,-0.2685546875,-0.64697265625,0.01220703125,-0.03662109375,0,-0.86669921875,-0.0244140625,-1.57470703125,-0.390625,-1.171875,-0.32958984375,0.06103515625,-0.6591796875,0.69580078125,0.048828125,-0.048828125,-0.0732421875,0.01220703125,-0.10986328125,0.146484375,-0.13427734375,5.72509765625,-0.3173828125,8.447265625,-0.146484375,4.00390625,-0.09765625,6.1767578125
1,-0.0732421875,-0.50048828125,-0.03662109375,-0.4150390625,-0.0732421875,-0.47607421875,-0.0244140625,-0.10986328125,0.0732421875,-0.10986328125,-0.25634765625,-0.927734375,0.146484375,1.03759765625,-0.13427734375,-0.1708984375,-0.13427734375,-0.5615234375,0.13427734375,-0.18310546875,0.244140625,0.86669921875,0.1708984375,-0.5615234375,-0.09765625,1.0498046875,-0.03662109375,0.4150390625,0.0732421875,2.490234375,0.13427734375,4.638671875,0.0244140625,1.1962890625,-0.1953125,4.13818359375,0.08544921875,0.67138671875,-0.18310546875,0.69580078125,-0.048828125,-0.244140625,0.09765625,-0.732421875,0.03662109375,-0.47607421875,0.06103515625,0.54931640625,-0.18310546875,2.63671875,0.390625,4.94384765625,-0.64697265625,0.6591796875,-0.03662109375,1.904296875,-0.2685546875,0.74462890625,0.40283203125,0.69580078125,0.23193359375,0.3662109375,0.25634765625,0.09765625,-0.13427734375,2.783203125,0.35400390625,2.72216796875,0,3.89404296875,0,2.01416015625,0.03662109375,8.58154296875,0.15869140625,4.3212890625,-0.28076171875,3.8330078125,-0.32958984375,5.8349609375,0.1708984375,-1.1962890625,-0.01220703125,-0.29296875,-0.13427734375,-1.13525390625,0.1220703125,-0.81787109375,0.048828125,-1.47705078125,-0.13427734375,-0.30517578125,-0.10986328125,-0.3662109375,-0.09765625,-1.7578125,-0.13427734375,-0.72021484375,-0.01220703125,-0.64697265625,-0.25634765625,-0.67138671875,0.01220703125,-0.03662109375,0.0244140625,-0.8544921875,-0.01220703125,-1.5625,-0.390625,-1.171875,-0.35400390625,0.03662109375,-0.62255859375,0.7080078125,0.048828125,-0.06103515625,-0.03662109375,0,-0.10986328125,0.13427734375,-0.13427734375,5.21240234375,-0.3173828125,7.6904296875,-0.15869140625,3.57666015625,-0.09765625,5.57861328125
1,-0.08544921875,-0.4638671875,-0.01220703125,-0.4150390625,-0.06103515625,-0.47607421875,-0.0244140625,-0.10986328125,0.09765625,-0.08544921875,-0.2197265625,-0.9033203125,0.1708984375,1.03759765625,-0.15869140625,-0.15869140625,-0.15869140625,-0.5615234375,0.20751953125,-0.18310546875,0.1953125,0.8544921875,0.2197265625,-0.57373046875,-0.03662109375,1.06201171875,-0.03662109375,0.45166015625,0.244140625,2.50244140625,0.0732421875,4.7607421875,0.048828125,1.0986328125,-0.18310546875,3.89404296875,0.048828125,0.6103515625,-0.23193359375,0.634765625,-0.0732421875,-0.2685546875,0.03662109375,-0.732421875,0.146484375,-0.439453125,0.03662109375,0.52490234375,-0.15869140625,2.60009765625,0.4150390625,4.78515625,-0.64697265625,0.64697265625,-0.06103515625,1.85546875,-0.23193359375,0.76904296875,0.40283203125,0.7080078125,0.2685546875,0.47607421875,0.29296875,0.10986328125,-0.0732421875,2.7587890625,0.3662109375,2.734375,0.03662109375,3.857421875,-0.048828125,2.001953125,0.0732421875,7.1533203125,0.08544921875,3.64990234375,-0.1953125,3.16162109375,-0.3662109375,5.04150390625,0.1708984375,-1.171875,-0.048828125,-0.23193359375,-0.09765625,-1.13525390625,0.0732421875,-0.8056640625,0.06103515625,-1.47705078125,-0.20751953125,-0.3173828125,-0.15869140625,-0.37841796875,-0.08544921875,-1.77001953125,-0.1220703125,-0.72021484375,-0.0732421875,-0.64697265625,-0.244140625,-0.64697265625,0.03662109375,-0.048828125,0.03662109375,-0.86669921875,0.01220703125,-1.57470703125,-0.390625,-1.18408203125,-0.37841796875,0.0244140625,-0.6103515625,0.6591796875,0.048828125,-0.0732421875,-0.048828125,-0.0244140625,-0.0732421875,0.146484375,-0.1220703125,4.6142578125,-0.3173828125,6.884765625,-0.13427734375,3.125,-0.10986328125,4.89501953125
1,-0.06103515625,-0.45166015625,0.0244140625,-0.4150390625,-0.0244140625,-0.48828125,-0.01220703125,-0.08544921875,0.10986328125,-0.0732421875,-0.244140625,-0.9033203125,0.1708984375,1.06201171875,-0.18310546875,-0.13427734375,-0.15869140625,-0.5859375,0.244140625,-0.1953125,0.1953125,0.9033203125,0.2197265625,-0.5615234375,0.06103515625,1.08642578125,-0.0732421875,0.439453125,0.35400390625,2.490234375,0.03662109375,4.8828125,0.0244140625,1.0009765625,-0.146484375,3.50341796875,0.048828125,0.57373046875,-0.25634765625,0.52490234375,-0.13427734375,-0.25634765625,-0.0244140625,-0.72021484375,0.2685546875,-0.45166015625,0.06103515625,0.52490234375,-0.13427734375,2.60009765625,0.4150390625,4.7119140625,-0.62255859375,0.67138671875,-0.0732421875,1.84326171875,-0.20751953125,0.7568359375,0.32958984375,0.7080078125,0.20751953125,0.5859375,0.32958984375,0.1220703125,-0.0732421875,2.8076171875,0.40283203125,2.74658203125,0.01220703125,3.8818359375,-0.08544921875,1.98974609375,0.08544921875,5.62744140625,0.03662109375,2.978515625,-0.0732421875,2.490234375,-0.4150390625,4.23583984375,0.1708984375,-1.15966796875,-0.0732421875,-0.20751953125,-0.06103515625,-1.11083984375,0,-0.8056640625,-0.03662109375,-1.47705078125,-0.28076171875,-0.32958984375,-0.1953125,-0.390625,-0.0732421875,-1.69677734375,-0.09765625,-0.732421875,-0.10986328125,-0.64697265625,-0.20751953125,-0.634765625,0.06103515625,-0.0732421875,0.10986328125,-0.87890625,0.01220703125,-1.57470703125,-0.341796875,-1.1962890625,-0.4150390625,0.0244140625,-0.6103515625,0.6103515625,0.06103515625,-0.0732421875,-0.048828125,-0.0244140625,-0.03662109375,0.13427734375,-0.146484375,4.04052734375,-0.3173828125,6.06689453125,-0.13427734375,2.63671875,-0.10986328125,4.2236328125
1,-0.10986328125,-0.40283203125,0.01220703125,-0.37841796875,-0.01220703125,-0.47607421875,-0.01220703125,-0.09765625,0.13427734375,-0.06103515625,-0.244140625,-0.89111328125,0.1708984375,1.03759765625,-0.18310546875,-0.10986328125,-0.15869140625,-0.5859375,0.23193359375,-0.1953125,0.20751953125,0.9033203125,0.18310546875,-0.5615234375,0.1708984375,1.0986328125,-0.10986328125,0.4150390625,0.439453125,2.4658203125,-0.03662109375,4.9072265625,0.01220703125,0.8544921875,-0.08544921875,3.076171875,0.03662109375,0.50048828125,-0.28076171875,0.40283203125,-0.13427734375,-0.2685546875,-0.08544921875,-0.69580078125,0.35400390625,-0.4150390625,0.048828125,0.537109375,-0.09765625,2.57568359375,0.4150390625,4.638671875,-0.6103515625,0.732421875,-0.13427734375,1.81884765625,-0.146484375,0.74462890625,0.32958984375,0.67138671875,0.25634765625,0.68359375,0.4150390625,0.1220703125,0.01220703125,2.8076171875,0.35400390625,2.7587890625,0.09765625,3.86962890625,-0.048828125,1.953125,0.08544921875,4.13818359375,0.01220703125,2.33154296875,0.048828125,1.79443359375,-0.4638671875,3.43017578125,0.146484375,-1.171875,-0.08544921875,-0.2197265625,-0.0732421875,-1.0986328125,-0.048828125,-0.79345703125,-0.10986328125,-1.4892578125,-0.341796875,-0.35400390625,-0.20751953125,-0.390625,-0.0244140625,-1.5869140625,-0.10986328125,-0.72021484375,-0.10986328125,-0.64697265625,-0.15869140625,-0.62255859375,0.09765625,-0.08544921875,0.1708984375,-0.87890625,0.01220703125,-1.55029296875,-0.29296875,-1.18408203125,-0.42724609375,0.01220703125,-0.6103515625,0.5126953125,0.08544921875,-0.0732421875,-0.06103515625,-0.06103515625,-0.01220703125,0.1220703125,-0.13427734375,3.45458984375,-0.3173828125,5.322265625,-0.13427734375,2.18505859375,-0.1220703125,3.564453125
1,-0.13427734375,-0.42724609375,0.0244140625,-0.390625,0.0244140625,-0.45166015625,-0.03662109375,-0.08544921875,0.10986328125,-0.08544921875,-0.244140625,-0.9033203125,0.146484375,1.0498046875,-0.20751953125,-0.06103515625,-0.09765625,-0.59814453125,0.2197265625,-0.2197265625,0.2685546875,0.89111328125,0.15869140625,-0.5615234375,0.25634765625,1.0498046875,-0.15869140625,0.37841796875,0.47607421875,2.4169921875,-0.09765625,4.79736328125,0.03662109375,0.69580078125,0.0244140625,2.60009765625,0.03662109375,0.40283203125,-0.341796875,0.244140625,-0.1220703125,-0.244140625,-0.10986328125,-0.69580078125,0.439453125,-0.439453125,0.03662109375,0.52490234375,0,2.52685546875,0.390625,4.5654296875,-0.57373046875,0.7568359375,-0.2197265625,1.79443359375,-0.09765625,0.74462890625,0.2197265625,0.64697265625,0.18310546875,0.74462890625,0.45166015625,0.10986328125,0.048828125,2.783203125,0.2685546875,2.74658203125,0.06103515625,3.77197265625,-0.0732421875,1.89208984375,0.0732421875,2.72216796875,0.01220703125,1.74560546875,0.1220703125,1.18408203125,-0.47607421875,2.685546875,0.13427734375,-1.1962890625,-0.03662109375,-0.25634765625,-0.1220703125,-1.08642578125,-0.0732421875,-0.79345703125,-0.20751953125,-1.46484375,-0.390625,-0.35400390625,-0.25634765625,-0.4150390625,0.01220703125,-1.3916015625,-0.10986328125,-0.69580078125,-0.1220703125,-0.62255859375,-0.08544921875,-0.634765625,0.10986328125,-0.09765625,0.23193359375,-0.87890625,0,-1.55029296875,-0.2197265625,-1.1962890625,-0.439453125,0.01220703125,-0.5859375,0.439453125,0.09765625,-0.0732421875,-0.0732421875,-0.0732421875,0,0.09765625,-0.1220703125,2.9296875,-0.29296875,4.65087890625,-0.09765625,1.7333984375,-0.1220703125,2.978515625
1,-0.146484375,-0.40283203125,0.0244140625,-0.37841796875,0.0244140625,-0.45166015625,-0.03662109375,-0.08544921875,0.10986328125,-0.08544921875,-0.244140625,-0.9033203125,0.15869140625,1.025390625,-0.18310546875,-0.03662109375,-0.06103515625,-0.62255859375,0.15869140625,-0.23193359375,0.3173828125,0.89111328125,0.08544921875,-0.54931640625,0.3173828125,0.96435546875,-0.244140625,0.29296875,0.50048828125,2.30712890625,-0.09765625,4.47998046875,0.0244140625,0.54931640625,0.1220703125,2.13623046875,0.048828125,0.32958984375,-0.3662109375,0.1220703125,-0.0732421875,-0.23193359375,-0.13427734375,-0.6591796875,0.45166015625,-0.4150390625,0.0244140625,0.5615234375,0.0244140625,2.44140625,0.40283203125,4.4677734375,-0.5126953125,0.7568359375,-0.25634765625,1.74560546875,-0.0732421875,0.732421875,0.13427734375,0.634765625,0.10986328125,0.79345703125,0.45166015625,0.08544921875,0.03662109375,2.67333984375,0.20751953125,2.63671875,0.0732421875,3.5400390625,-0.048828125,1.77001953125,0.01220703125,1.45263671875,-0.03662109375,1.28173828125,0.146484375,0.6103515625,-0.50048828125,1.98974609375,0.048828125,-1.220703125,0.01220703125,-0.341796875,-0.15869140625,-1.0498046875,-0.09765625,-0.8056640625,-0.30517578125,-1.46484375,-0.3662109375,-0.32958984375,-0.341796875,-0.40283203125,0.03662109375,-1.26953125,-0.10986328125,-0.68359375,-0.13427734375,-0.634765625,0.03662109375,-0.6591796875,0.10986328125,-0.10986328125,0.244140625,-0.8544921875,-0.03662109375,-1.5625,-0.08544921875,-1.1962890625,-0.45166015625,0.03662109375,-0.57373046875,0.341796875,0.09765625,-0.03662109375,-0.06103515625,-0.08544921875,0.0244140625,0.13427734375,-0.18310546875,2.47802734375,-0.28076171875,4.052734375,-0.09765625,1.35498046875,-0.1220703125,2.4169921875
1,-0.1708984375,-0.40283203125,0.048828125,-0.35400390625,0.0244140625,-0.4638671875,-0.048828125,-0.08544921875,0.10986328125,-0.10986328125,-0.20751953125,-0.9033203125,0.1220703125,1.01318359375,-0.18310546875,0.01220703125,0,-0.62255859375,0.08544921875,-0.2197265625,0.3173828125,0.87890625,0.048828125,-0.54931640625,0.341796875,0.8056640625,-0.28076171875,0.1220703125,0.45166015625,2.1240234375,-0.0732421875,3.9306640625,0.03662109375,0.4150390625,0.23193359375,1.72119140625,0.0732421875,0.20751953125,-0.4150390625,0,0,-0.20751953125,-0.1708984375,-0.69580078125,0.40283203125,-0.390625,0.0244140625,0.5859375,0.08544921875,2.35595703125,0.48828125,4.23583984375,-0.5126953125,0.732421875,-0.341796875,1.66015625,-0.0732421875,0.72021484375,0.18310546875,0.59814453125,0.0732421875,0.8056640625,0.45166015625,0.08544921875,0.08544921875,2.4658203125,0.15869140625,2.4658203125,0.048828125,3.125,-0.03662109375,1.5869140625,-0.09765625,0.37841796875,-0.0244140625,0.86669921875,0.146484375,0.13427734375,-0.50048828125,1.42822265625,0,-1.26953125,0.10986328125,-0.40283203125,-0.1953125,-1.07421875,-0.048828125,-0.830078125,-0.37841796875,-1.45263671875,-0.37841796875,-0.341796875,-0.4150390625,-0.42724609375,0.06103515625,-1.13525390625,-0.10986328125,-0.69580078125,-0.15869140625,-0.64697265625,0.1220703125,-0.67138671875,0.10986328125,-0.08544921875,0.1953125,-0.89111328125,-0.10986328125,-1.5625,-0.06103515625,-1.20849609375,-0.42724609375,0.0244140625,-0.57373046875,0.244140625,0.08544921875,-0.0244140625,-0.048828125,-0.09765625,0.048828125,0.13427734375,-0.18310546875,2.0263671875,-0.2685546875,3.5400390625,-0.08544921875,1.0009765625,-0.09765625,1.91650390625
0,-0.1708984375,-0.4150390625,0.06103515625,-0.37841796875,0.03662109375,-0.4638671875,-0.0732421875,-0.0732421875,0.08544921875,-0.09765625,-0.1953125,-0.91552734375,0.09765625,1.01318359375,-0.25634765625,0.0244140625,0.0732421875,-0.6103515625,0.048828125,-0.1953125,0.25634765625,0.8544921875,0.0244140625,-0.537109375,0.32958984375,0.64697265625,-0.35400390625,-0.03662109375,0.37841796875,1.91650390625,0.08544921875,3.1982421875,-0.0244140625,0.25634765625,0.32958984375,1.318359375,0.06103515625,0.09765625,-0.439453125,-0.1708984375,0.0732421875,-0.20751953125,-0.1220703125,-0.69580078125,0.32958984375,-0.40283203125,0.03662109375,0.5615234375,0.13427734375,2.2216796875,0.4150390625,3.89404296875,-0.5126953125,0.634765625,-0.40283203125,1.5869140625,-0.06103515625,0.72021484375,0.1708984375,0.52490234375,-0.0244140625,0.78125,0.37841796875,0.08544921875,0.08544921875,2.1484375,0.10986328125,2.20947265625,-0.048828125,2.587890625,-0.03662109375,1.35498046875,-0.1953125,-0.47607421875,-0.01220703125,0.54931640625,0.1220703125,-0.2197265625,-0.439453125,0.98876953125,-0.048828125,-1.30615234375,0.2197265625,-0.5126953125,-0.20751953125,-1.07421875,0.0244140625,-0.8544921875,-0.40283203125,-1.47705078125,-0.32958984375,-0.341796875,-0.4638671875,-0.439453125,0.03662109375,-1.13525390625,-0.10986328125,-0.69580078125,-0.1708984375,-0.6591796875,0.15869140625,-0.6591796875,0.10986328125,-0.08544921875,0.146484375,-0.87890625,-0.13427734375,-1.5625,-0.03662109375,-1.18408203125,-0.40283203125,0.03662109375,-0.54931640625,0.1953125,0.09765625,0,-0.06103515625,-0.09765625,0.06103515625,0.1708984375,-0.20751953125,1.62353515625,-0.244140625,3.02734375,-0.10986328125,0.6591796875,-0.08544921875,1.40380859375
0,-0.1708984375,-0.439453125,0.06103515625,-0.341796875,0.06103515625,-0.439453125,-0.06103515625,-0.06103515625,0.09765625,-0.09765625,-0.18310546875,-0.9033203125,0.08544921875,1.01318359375,-0.2685546875,0.0732421875,0.10986328125,-0.62255859375,0.0244140625,-0.1953125,0.23193359375,0.830078125,0.03662109375,-0.537109375,0.28076171875,0.42724609375,-0.40283203125,-0.244140625,0.28076171875,1.66015625,0.15869140625,2.3681640625,-0.08544921875,0.0732421875,0.3662109375,0.9521484375,0.0732421875,-0.0244140625,-0.3662109375,-0.28076171875,0.1220703125,-0.20751953125,-0.09765625,-0.69580078125,0.20751953125,-0.42724609375,0.03662109375,0.57373046875,0.146484375,2.05078125,0.48828125,3.4423828125,-0.439453125,0.48828125,-0.4638671875,1.46484375,-0.0732421875,0.732421875,0.20751953125,0.50048828125,0.01220703125,0.74462890625,0.341796875,0.08544921875,0.146484375,1.79443359375,0.048828125,1.9287109375,-0.10986328125,1.9775390625,-0.01220703125,1.08642578125,-0.28076171875,-1.06201171875,-0.048828125,0.341796875,0.08544921875,-0.52490234375,-0.3662109375,0.68359375,-0.09765625,-1.318359375,0.341796875,-0.5859375,-0.1708984375,-1.08642578125,0.048828125,-0.9033203125,-0.390625,-1.4892578125,-0.244140625,-0.341796875,-0.47607421875,-0.4150390625,0,-1.1474609375,-0.10986328125,-0.68359375,-0.13427734375,-0.67138671875,0.1708984375,-0.64697265625,0.10986328125,-0.08544921875,0.10986328125,-0.86669921875,-0.13427734375,-1.5625,-0.03662109375,-1.18408203125,-0.3662109375,0.03662109375,-0.537109375,0.15869140625,0.08544921875,-0.01220703125,-0.06103515625,-0.08544921875,0.0732421875,0.1708984375,-0.20751953125,1.18408203125,-0.2685546875,2.5146484375,-0.1220703125,0.341796875,-0.06103515625,0.9033203125
0,-0.1708984375,-0.47607421875,0.0244140625,-0.32958984375,0.0732421875,-0.4638671875,-0.048828125,-0.048828125,0.08544921875,-0.1220703125,-0.146484375,-0.91552734375,0.06103515625,0.9765625,-0.3173828125,0.0732421875,0.09765625,-0.59814453125,0.048828125,-0.1953125,0.25634765625,0.8056640625,0.06103515625,-0.52490234375,0.15869140625,0.20751953125,-0.40283203125,-0.45166015625,0.1953125,1.4404296875,0.1953125,1.47705078125,-0.13427734375,-0.08544921875,0.3662109375,0.5859375,0.0732421875,-0.146484375,-0.32958984375,-0.4150390625,0.1220703125,-0.20751953125,-0.08544921875,-0.7080078125,0.10986328125,-0.4638671875,0.06103515625,0.57373046875,0.09765625,1.8310546875,0.52490234375,2.880859375,-0.3662109375,0.32958984375,-0.50048828125,1.318359375,-0.0732421875,0.74462890625,0.18310546875,0.47607421875,0,0.67138671875,0.28076171875,0.08544921875,0.1708984375,1.40380859375,-0.06103515625,1.6357421875,-0.1953125,1.33056640625,-0.0732421875,0.8544921875,-0.2685546875,-1.416015625,-0.06103515625,0.20751953125,0.03662109375,-0.69580078125,-0.29296875,0.50048828125,-0.08544921875,-1.33056640625,0.40283203125,-0.634765625,-0.09765625,-1.08642578125,0.1220703125,-0.927734375,-0.35400390625,-1.4892578125,-0.1708984375,-0.341796875,-0.439453125,-0.4150390625,0.08544921875,-1.2939453125,-0.08544921875,-0.69580078125,-0.10986328125,-0.68359375,0.1220703125,-0.64697265625,0.09765625,-0.06103515625,0.048828125,-0.89111328125,-0.146484375,-1.55029296875,-0.08544921875,-1.1474609375,-0.3662109375,0.048828125,-0.50048828125,0.15869140625,0.06103515625,-0.0244140625,-0.06103515625,-0.08544921875,0.08544921875,0.15869140625,-0.20751953125,0.732421875,-0.2685546875,1.9775390625,-0.146484375,-0.01220703125,-0.0244140625,0.37841796875
0,-0.15869140625,-0.50048828125,0.0244140625,-0.341796875,0.03662109375,-0.47607421875,-0.048828125,-0.0732421875,0.0732421875,-0.146484375,-0.146484375,-0.93994140625,0.048828125,1.01318359375,-0.28076171875,0.06103515625,0.06103515625,-0.5859375,0.09765625,-0.18310546875,0.2197265625,0.81787109375,0.0244140625,-0.537109375,0.1220703125,0,-0.390625,-0.634765625,0.09765625,1.220703125,0.18310546875,0.6591796875,-0.13427734375,-0.1953125,0.341796875,0.244140625,0.048828125,-0.29296875,-0.25634765625,-0.52490234375,0.10986328125,-0.2197265625,-0.048828125,-0.7080078125,0.06103515625,-0.50048828125,0.13427734375,0.5615234375,0.09765625,1.611328125,0.52490234375,2.25830078125,-0.2685546875,0.1708984375,-0.45166015625,1.18408203125,-0.1220703125,0.732421875,0.1953125,0.45166015625,-0.06103515625,0.62255859375,0.1953125,0.10986328125,0.13427734375,1.11083984375,-0.03662109375,1.40380859375,-0.1708984375,0.81787109375,-0.06103515625,0.67138671875,-0.3662109375,-1.4892578125,-0.1953125,0.18310546875,-0.048828125,-0.78125,-0.2197265625,0.4638671875,-0.0244140625,-1.33056640625,0.390625,-0.68359375,0.0244140625,-1.0986328125,0.20751953125,-0.927734375,-0.2685546875,-1.4892578125,-0.09765625,-0.32958984375,-0.32958984375,-0.390625,0.10986328125,-1.416015625,-0.06103515625,-0.69580078125,-0.06103515625,-0.69580078125,0.09765625,-0.62255859375,0.09765625,-0.06103515625,0.01220703125,-0.9033203125,-0.15869140625,-1.5625,-0.10986328125,-1.13525390625,-0.341796875,0.03662109375,-0.537109375,0.20751953125,0.06103515625,-0.06103515625,-0.048828125,-0.09765625,0.10986328125,0.15869140625,-0.20751953125,0.28076171875,-0.2685546875,1.416015625,-0.1708984375,-0.35400390625,-0.0244140625,-0.146484375
0,-0.146484375,-0.4638671875,0,-0.37841796875,0.048828125,-0.47607421875,-0.03662109375,-0.09765625,0.06103515625,-0.15869140625,-0.1220703125,-0.927734375,0.01220703125,1.03759765625,-0.30517578125,0.01220703125,-0.0244140625,-0.59814453125,0.13427734375,-0.15869140625,0.25634765625,0.81787109375,0.01220703125,-0.54931640625,0.0244140625,-0.18310546875,-0.42724609375,-0.8056640625,-0.01220703125,1.0498046875,0.10986328125,-0.01220703125,-0.09765625,-0.35400390625,0.29296875,-0.09765625,0.01220703125,-0.3662109375,-0.18310546875,-0.634765625,0.1220703125,-0.2197265625,-0.048828125,-0.69580078125,0.03662109375,-0.5615234375,0.18310546875,0.5615234375,0,1.45263671875,0.54931640625,1.66015625,-0.18310546875,0,-0.42724609375,1.025390625,-0.1708984375,0.732421875,0.25634765625,0.45166015625,-0.0732421875,0.57373046875,0.146484375,0.09765625,0.08544921875,0.93994140625,-0.06103515625,1.26953125,-0.1953125,0.52490234375,-0.10986328125,0.57373046875,-0.37841796875,-1.35498046875,-0.20751953125,0.1953125,-0.03662109375,-0.7568359375,-0.0732421875,0.48828125,0.01220703125,-1.3427734375,0.37841796875,-0.67138671875,0.1953125,-1.123046875,0.23193359375,-0.93994140625,-0.1708984375,-1.47705078125,0,-0.30517578125,-0.18310546875,-0.390625,0.1220703125,-1.5625,-0.048828125,-0.69580078125,-0.06103515625,-0.7080078125,0.048828125,-0.62255859375,0.09765625,-0.048828125,0.01220703125,-0.9033203125,-0.18310546875,-1.59912109375,-0.146484375,-1.13525390625,-0.32958984375,0.03662109375,-0.52490234375,0.25634765625,0.048828125,-0.048828125,-0.06103515625,-0.09765625,0.10986328125,0.1220703125,-0.1953125,-0.146484375,-0.25634765625,0.86669921875,-0.20751953125,-0.68359375,-0.0244140625,-0.68359375
0,-0.1220703125,-0.4638671875,-0.01220703125,-0.40283203125,0.06103515625,-0.45166015625,-0.0244140625,-0.10986328125,0.06103515625,-0.1220703125,-0.1220703125,-0.93994140625,0.01220703125,1.0498046875,-0.32958984375,-0.01220703125,-0.0732421875,-0.59814453125,0.1953125,-0.1708984375,0.25634765625,0.830078125,-0.03662109375,-0.54931640625,-0.08544921875,-0.2685546875,-0.37841796875,-0.89111328125,-0.1220703125,0.93994140625,0.13427734375,-0.42724609375,-0.0244140625,-0.45166015625,0.2197265625,-0.45166015625,-0.0244140625,-0.47607421875,-0.1220703125,-0.732421875,0.1220703125,-0.23193359375,-0.03662109375,-0.69580078125,0.048828125,-0.57373046875,0.2197265625,0.57373046875,-0.048828125,1.30615234375,0.54931640625,1.1474609375,-0.13427734375,-0.10986328125,-0.47607421875,0.89111328125,-0.1953125,0.74462890625,0.25634765625,0.47607421875,-0.146484375,0.5615234375,0.09765625,0.1220703125,0.06103515625,0.9521484375,-0.10986328125,1.30615234375,-0.09765625,0.54931640625,-0.2197265625,0.64697265625,-0.3173828125,-1.06201171875,-0.13427734375,0.2685546875,-0.03662109375,-0.67138671875,0.0244140625,0.6103515625,0.0244140625,-1.33056640625,0.28076171875,-0.67138671875,0.30517578125,-1.123046875,0.15869140625,-0.927734375,-0.048828125,-1.46484375,0.048828125,-0.30517578125,-0.0244140625,-0.40283203125,-0.048828125,-1.6357421875,-0.048828125,-0.72021484375,-0.06103515625,-0.68359375,0,-0.62255859375,0.048828125,-0.03662109375,0.01220703125,-0.9033203125,-0.1708984375,-1.611328125,-0.15869140625,-1.123046875,-0.3173828125,0.0244140625,-0.48828125,0.28076171875,0.048828125,-0.048828125,-0.06103515625,-0.06103515625,0.10986328125,0.13427734375,-0.25634765625,-0.57373046875,-0.3662109375,0.32958984375,-0.25634765625,-0.96435546875,-0.09765625,-1.15966796875
0,-0.15869140625,-0.42724609375,0.01220703125,-0.4150390625,0.0732421875,-0.45166015625,0,-0.1220703125,0.08544921875,-0.10986328125,-0.10986328125,-0.91552734375,-0.01220703125,1.06201171875,-0.3173828125,-0.048828125,-0.146484375,-0.6103515625,0.244140625,-0.1708984375,0.25634765625,0.81787109375,-0.08544921875,-0.5615234375,-0.1220703125,-0.30517578125,-0.32958984375,-0.93994140625,-0.25634765625,0.87890625,0.1708984375,-0.537109375,0,-0.54931640625,0.13427734375,-0.8056640625,-0.06103515625,-0.537109375,-0.0732421875,-0.84228515625,0.10986328125,-0.244140625,-0.09765625,-0.69580078125,0.09765625,-0.54931640625,0.2197265625,0.57373046875,-0.09765625,1.220703125,0.59814453125,0.81787109375,-0.0732421875,-0.1953125,-0.54931640625,0.8056640625,-0.244140625,0.732421875,0.28076171875,0.48828125,-0.146484375,0.537109375,0.0244140625,0.13427734375,0.1220703125,1.171875,-0.18310546875,1.513671875,0.01220703125,0.91552734375,-0.28076171875,0.87890625,-0.23193359375,-0.67138671875,-0.13427734375,0.42724609375,0.048828125,-0.5126953125,0.06103515625,0.78125,0.09765625,-1.30615234375,0.23193359375,-0.62255859375,0.42724609375,-1.123046875,0.10986328125,-0.927734375,0.03662109375,-1.4404296875,0.03662109375,-0.28076171875,0.1220703125,-0.35400390625,-0.09765625,-1.66015625,-0.0732421875,-0.72021484375,-0.03662109375,-0.6591796875,-0.0244140625,-0.62255859375,0.01220703125,-0.03662109375,0,-0.9033203125,-0.146484375,-1.611328125,-0.2197265625,-1.13525390625,-0.29296875,0.048828125,-0.45166015625,0.35400390625,0.06103515625,-0.06103515625,-0.06103515625,-0.048828125,0.09765625,0.1220703125,-0.23193359375,-0.91552734375,-0.3662109375,-0.0732421875,-0.2197265625,-1.1474609375,-0.08544921875,-1.52587890625
0,-0.146484375,-0.40283203125,0.0244140625,-0.4150390625,0.08544921875,-0.439453125,0.0244140625,-0.13427734375,0.09765625,-0.0732421875,-0.09765625,-0.93994140625,-0.0244140625,1.07421875,-0.32958984375,-0.08544921875,-0.1708984375,-0.62255859375,0.25634765625,-0.18310546875,0.28076171875,0.830078125,-0.09765625,-0.5615234375,-0.146484375,-0.244140625,-0.28076171875,-0.87890625,-0.439453125,0.927734375,0.06103515625,-0.32958984375,-0.048828125,-0.59814453125,0,-1.11083984375,-0.13427734375,-0.62255859375,-0.10986328125,-0.9033203125,0.0732421875,-0.2685546875,-0.1220703125,-0.69580078125,0.13427734375,-0.5126953125,0.18310546875,0.57373046875,-0.23193359375,1.220703125,0.5126953125,0.732421875,-0.0732421875,-0.18310546875,-0.5859375,0.79345703125,-0.244140625,0.732421875,0.30517578125,0.537109375,-0.09765625,0.54931640625,0.01220703125,0.146484375,0.0732421875,1.66015625,-0.2685546875,1.8798828125,-0.0244140625,1.611328125,-0.37841796875,1.220703125,-0.20751953125,-0.244140625,-0.048828125,0.5615234375,0.10986328125,-0.35400390625,0.03662109375,0.9521484375,0.13427734375,-1.26953125,0.1220703125,-0.54931640625,0.5126953125,-1.123046875,0,-0.87890625,0.09765625,-1.42822265625,0.048828125,-0.25634765625,0.23193359375,-0.35400390625,-0.01220703125,-1.611328125,-0.09765625,-0.69580078125,-0.0244140625,-0.68359375,-0.0244140625,-0.62255859375,-0.048828125,-0.048828125,-0.048828125,-0.9033203125,-0.146484375,-1.6357421875,-0.28076171875,-1.123046875,-0.2685546875,0.03662109375,-0.42724609375,0.390625,0.06103515625,-0.06103515625,-0.0732421875,-0.0244140625,0.08544921875,0.10986328125,-0.2197265625,-1.171875,-0.32958984375,-0.37841796875,-0.2197265625,-1.30615234375,-0.08544921875,-1.77001953125
0,-0.1708984375,-0.40283203125,0.09765625,-0.390625,0.10986328125,-0.439453125,0.03662109375,-0.1220703125,0.1220703125,-0.06103515625,-0.09765625,-0.91552734375,-0.03662109375,1.0498046875,-0.341796875,-0.09765625,-0.18310546875,-0.59814453125,0.25634765625,-0.18310546875,0.28076171875,0.8544921875,-0.146484375,-0.5615234375,-0.1708984375,-0.1220703125,-0.23193359375,-0.76904296875,-0.57373046875,1.0498046875,0.1953125,0.18310546875,0.01220703125,-0.634765625,-0.0244140625,-1.3916015625,-0.1953125,-0.64697265625,-0.06103515625,-1.0009765625,0,-0.25634765625,-0.2197265625,-0.69580078125,0.18310546875,-0.45166015625,0.1953125,0.57373046875,-0.29296875,1.33056640625,0.5859375,0.96435546875,-0.08544921875,-0.08544921875,-0.57373046875,0.86669921875,-0.2685546875,0.74462890625,0.2685546875,0.5615234375,-0.08544921875,0.537109375,-0.0244140625,0.1220703125,0.048828125,2.294921875,-0.25634765625,2.40478515625,0.0244140625,2.60009765625,-0.390625,1.708984375,-0.2197265625,0.09765625,0.03662109375,0.6591796875,0.1953125,-0.1953125,-0.01220703125,1.11083984375,0.15869140625,-1.25732421875,-0.01220703125,-0.48828125,0.50048828125,-1.11083984375,-0.08544921875,-0.87890625,0.13427734375,-1.416015625,-0.0244140625,-0.2685546875,0.29296875,-0.3662109375,0.09765625,-1.4892578125,-0.1220703125,-0.7080078125,-0.0244140625,-0.67138671875,-0.03662109375,-0.634765625,-0.08544921875,-0.06103515625,-0.06103515625,-0.9033203125,-0.10986328125,-1.64794921875,-0.32958984375,-1.13525390625,-0.30517578125,0.0244140625,-0.45166015625,0.390625,0.048828125,-0.03662109375,-0.048828125,0,0.08544921875,0.10986328125,-0.1953125,-1.2939453125,-0.2685546875,-0.5126953125,-0.1953125,-1.33056640625,-0.09765625,-1.8798828125
0,-0.2197265625,-0.37841796875,0.10986328125,-0.37841796875,0.13427734375,-0.439453125,0.048828125,-0.10986328125,0.13427734375,-0.03662109375,-0.0732421875,-0.927734375,-0.0244140625,1.03759765625,-0.3173828125,-0.10986328125,-0.15869140625,-0.634765625,0.2197265625,-0.1953125,0.28076171875,0.8544921875,-0.15869140625,-0.5615234375,-0.10986328125,0.0732421875,-0.1708984375,-0.5859375,-0.634765625,1.25732421875,0.2685546875,0.91552734375,0.03662109375,-0.67138671875,-0.06103515625,-1.611328125,-0.1953125,-0.68359375,-0.048828125,-1.0498046875,-0.048828125,-0.28076171875,-0.341796875,-0.7080078125,0.2685546875,-0.42724609375,0.20751953125,0.5615234375,-0.32958984375,1.5625,0.5859375,1.4892578125,-0.08544921875,0.0732421875,-0.52490234375,1.0009765625,-0.23193359375,0.72021484375,0.25634765625,0.57373046875,0.01220703125,0.537109375,-0.03662109375,0.09765625,0.0244140625,3.08837890625,-0.28076171875,3.02734375,0.06103515625,3.759765625,-0.390625,2.28271484375,-0.2685546875,0.341796875,0.0732421875,0.830078125,0.2197265625,-0.08544921875,-0.08544921875,1.2451171875,0.1953125,-1.2451171875,-0.1220703125,-0.45166015625,0.439453125,-1.06201171875,-0.09765625,-0.830078125,0.13427734375,-1.416015625,-0.0732421875,-0.25634765625,0.35400390625,-0.390625,0.2197265625,-1.28173828125,-0.15869140625,-0.69580078125,0,-0.64697265625,-0.06103515625,-0.62255859375,-0.13427734375,-0.06103515625,-0.0732421875,-0.8544921875,-0.08544921875,-1.64794921875,-0.3662109375,-1.18408203125,-0.32958984375,0.03662109375,-0.42724609375,0.390625,0.048828125,-0.03662109375,-0.06103515625,0.03662109375,0.08544921875,0.1220703125,-0.20751953125,-1.28173828125,-0.2197265625,-0.4638671875,-0.1953125,-1.30615234375,-0.146484375,-1.8310546875
0,-0.18310546875,-0.4150390625,0.09765625,-0.3662109375,0.10986328125,-0.45166015625,0.048828125,-0.08544921875,0.13427734375,-0.048828125,-0.06103515625,-0.927734375,-0.0244140625,1.03759765625,-0.32958984375,-0.09765625,-0.13427734375,-0.634765625,0.15869140625,-0.20751953125,0.29296875,0.830078125,-0.1708984375,-0.54931640625,-0.0732421875,0.32958984375,-0.146484375,-0.35400390625,-0.634765625,1.513671875,0.13427734375,1.8310546875,0.03662109375,-0.67138671875,-0.048828125,-1.72119140625,-0.2197265625,-0.69580078125,-0.0732421875,-1.06201171875,-0.08544921875,-0.2685546875,-0.40283203125,-0.72021484375,0.3173828125,-0.37841796875,0.1953125,0.54931640625,-0.37841796875,1.85546875,0.5126953125,2.28271484375,-0.09765625,0.3173828125,-0.42724609375,1.23291015625,-0.23193359375,0.72021484375,0.18310546875,0.5859375,-0.03662109375,0.537109375,-0.0244140625,0.08544921875,-0.03662109375,3.91845703125,-0.28076171875,3.6865234375,0,4.98046875,-0.341796875,2.83203125,-0.28076171875,0.45166015625,0.15869140625,0.86669921875,0.1953125,-0.01220703125,-0.15869140625,1.318359375,0.1708984375,-1.2451171875,-0.2197265625,-0.42724609375,0.3662109375,-1.08642578125,-0.09765625,-0.81787109375,0.10986328125,-1.416015625,-0.10986328125,-0.2197265625,0.40283203125,-0.40283203125,0.3662109375,-1.0009765625,-0.15869140625,-0.68359375,0.06103515625,-0.64697265625,-0.08544921875,-0.62255859375,-0.10986328125,-0.048828125,-0.06103515625,-0.86669921875,-0.0732421875,-1.6357421875,-0.3173828125,-1.18408203125,-0.3173828125,0.0244140625,-0.40283203125,0.37841796875,0.06103515625,-0.03662109375,-0.0732421875,0.03662109375,0.0732421875,0.146484375,-0.1953125,-1.1474609375,-0.20751953125,-0.2685546875,-0.18310546875,-1.18408203125,-0.1708984375,-1.6357421875
0,-0.20751953125,-0.42724609375,0.10986328125,-0.32958984375,0.06103515625,-0.4638671875,0.0732421875,-0.0732421875,0.146484375,-0.0732421875,-0.03662109375,-0.91552734375,-0.01220703125,1.025390625,-0.341796875,-0.06103515625,-0.06103515625,-0.6103515625,0.09765625,-0.18310546875,0.2197265625,0.830078125,-0.20751953125,-0.537109375,0,0.59814453125,-0.09765625,-0.08544921875,-0.54931640625,1.806640625,0.10986328125,2.81982421875,-0.0244140625,-0.64697265625,0.01220703125,-1.7333984375,-0.23193359375,-0.69580078125,-0.10986328125,-1.07421875,-0.1220703125,-0.29296875,-0.439453125,-0.732421875,0.341796875,-0.390625,0.1953125,0.5615234375,-0.35400390625,2.2216796875,0.390625,3.2958984375,-0.1708984375,0.5615234375,-0.37841796875,1.513671875,-0.20751953125,0.69580078125,0.1220703125,0.5615234375,-0.08544921875,0.52490234375,-0.03662109375,0.0732421875,-0.03662109375,4.736328125,-0.244140625,4.26025390625,0,6.103515625,-0.30517578125,3.38134765625,-0.25634765625,0.390625,0.146484375,0.87890625,0.1220703125,-0.01220703125,-0.23193359375,1.30615234375,0.1220703125,-1.2451171875,-0.29296875,-0.40283203125,0.2197265625,-1.06201171875,-0.06103515625,-0.81787109375,0.06103515625,-1.37939453125,-0.1220703125,-0.2197265625,0.439453125,-0.42724609375,0.439453125,-0.6103515625,-0.146484375,-0.67138671875,0.048828125,-0.6591796875,-0.1220703125,-0.62255859375,-0.09765625,-0.048828125,-0.01220703125,-0.84228515625,-0.10986328125,-1.6357421875,-0.30517578125,-1.1962890625,-0.30517578125,0.0244140625,-0.35400390625,0.341796875,0.0732421875,-0.0244140625,-0.06103515625,0.0732421875,0.09765625,0.15869140625,-0.2197265625,-0.91552734375,-0.1953125,0.0244140625,-0.1708984375,-0.98876953125,-0.1953125,-1.3671875
0,-0.18310546875,-0.439453125,0.1220703125,-0.35400390625,0.03662109375,-0.4638671875,0.08544921875,-0.06103515625,0.13427734375,-0.0732421875,-0.01220703125,-0.91552734375,-0.0244140625,1.03759765625,-0.3173828125,-0.0732421875,-0.0244140625,-0.6103515625,0.01220703125,-0.20751953125,0.1220703125,0.81787109375,-0.20751953125,-0.537109375,0.08544921875,0.9033203125,-0.08544921875,0.20751953125,-0.48828125,2.13623046875,-0.0732421875,3.857421875,-0.13427734375,-0.62255859375,0.06103515625,-1.6357421875,-0.2197265625,-0.67138671875,-0.13427734375,-1.0498046875,-0.146484375,-0.2685546875,-0.40283203125,-0.732421875,0.390625,-0.37841796875,0.20751953125,0.54931640625,-0.390625,2.60009765625,0.25634765625,4.443359375,-0.23193359375,0.84228515625,-0.23193359375,1.85546875,-0.1953125,0.7080078125,0.13427734375,0.57373046875,-0.06103515625,0.50048828125,-0.0244140625,0.08544921875,-0.0244140625,5.38330078125,-0.1220703125,4.736328125,-0.03662109375,7.04345703125,-0.2197265625,3.80859375,-0.18310546875,0.2197265625,0.15869140625,0.89111328125,0.03662109375,-0.06103515625,-0.2685546875,1.26953125,0.06103515625,-1.2451171875,-0.341796875,-0.390625,0.08544921875,-1.06201171875,-0.03662109375,-0.81787109375,-0.08544921875,-1.37939453125,-0.13427734375,-0.1953125,0.48828125,-0.390625,0.439453125,-0.146484375,-0.1708984375,-0.6591796875,0.03662109375,-0.6591796875,-0.13427734375,-0.634765625,-0.13427734375,-0.048828125,0,-0.8544921875,-0.13427734375,-1.62353515625,-0.29296875,-1.1962890625,-0.29296875,0.03662109375,-0.341796875,0.29296875,0.0732421875,-0.03662109375,-0.06103515625,0.06103515625,0.10986328125,0.1708984375,-0.1708984375,-0.634765625,-0.18310546875,0.35400390625,-0.15869140625,-0.79345703125,-0.1708984375,-1.07421875
1,-0.18310546875,-0.439453125,0.09765625,-0.32958984375,0.03662109375,-0.45166015625,0.06103515625,-0.048828125,0.10986328125,-0.0732421875,0.01220703125,-0.927734375,0,1.03759765625,-0.32958984375,-0.0244140625,0.0244140625,-0.59814453125,-0.03662109375,-0.2197265625,0.01220703125,0.81787109375,-0.1953125,-0.52490234375,0.10986328125,1.171875,-0.10986328125,0.4638671875,-0.439453125,2.47802734375,-0.048828125,4.8828125,-0.20751953125,-0.6103515625,0.15869140625,-1.47705078125,-0.25634765625,-0.64697265625,-0.1708984375,-1.0009765625,-0.18310546875,-0.2685546875,-0.3662109375,-0.7568359375,0.3662109375,-0.4150390625,0.2685546875,0.5615234375,-0.32958984375,2.9541015625,0.20751953125,5.5908203125,-0.30517578125,1.0986328125,-0.15869140625,2.18505859375,-0.1708984375,0.732421875,0.13427734375,0.54931640625,-0.08544921875,0.47607421875,0.06103515625,0.0732421875,-0.01220703125,5.87158203125,-0.01220703125,5.06591796875,-0.13427734375,7.666015625,-0.1708984375,4.11376953125,-0.1953125,-0.01220703125,0.20751953125,0.81787109375,-0.048828125,-0.146484375,-0.29296875,1.1962890625,0.0244140625,-1.2451171875,-0.3173828125,-0.390625,-0.01220703125,-1.0498046875,-0.0244140625,-0.81787109375,-0.18310546875,-1.33056640625,-0.08544921875,-0.1708984375,0.5126953125,-0.32958984375,0.3173828125,0.42724609375,-0.20751953125,-0.6591796875,0.06103515625,-0.6591796875,-0.13427734375,-0.6103515625,-0.0732421875,-0.048828125,0,-0.86669921875,-0.15869140625,-1.611328125,-0.2685546875,-1.18408203125,-0.244140625,0.048828125,-0.3173828125,0.28076171875,0.06103515625,-0.03662109375,-0.0732421875,0.03662109375,0.10986328125,0.15869140625,-0.1953125,-0.3662109375,-0.15869140625,0.64697265625,-0.1953125,-0.634765625,-0.2197265625,-0.78125
1,-0.20751953125,-0.45166015625,0.08544921875,-0.32958984375,0.03662109375,-0.47607421875,0.08544921875,-0.048828125,0.09765625,-0.09765625,0.03662109375,-0.927734375,-0.01220703125,1.03759765625,-0.30517578125,-0.01220703125,0.03662109375,-0.5859375,-0.06103515625,-0.20751953125,-0.01220703125,0.830078125,-0.146484375,-0.52490234375,0.1708984375,1.416015625,-0.1220703125,0.732421875,-0.40283203125,2.81982421875,0.048828125,5.810546875,-0.1953125,-0.54931640625,0.15869140625,-1.26953125,-0.25634765625,-0.59814453125,-0.15869140625,-0.9521484375,-0.1220703125,-0.25634765625,-0.32958984375,-0.7568359375,0.32958984375,-0.439453125,0.23193359375,0.54931640625,-0.23193359375,3.28369140625,0.20751953125,6.65283203125,-0.29296875,1.3427734375,-0.1220703125,2.47802734375,-0.146484375,0.74462890625,0.1953125,0.50048828125,0.0244140625,0.4638671875,0.09765625,0.08544921875,0.03662109375,6.0791015625,0.06103515625,5.18798828125,-0.2197265625,7.92236328125,-0.1220703125,4.19921875,-0.048828125,-0.25634765625,0.244140625,0.7568359375,-0.10986328125,-0.2197265625,-0.25634765625,1.0986328125,-0.01220703125,-1.220703125,-0.25634765625,-0.40283203125,-0.13427734375,-1.07421875,-0.0732421875,-0.84228515625,-0.29296875,-1.25732421875,-0.0244140625,-0.10986328125,0.50048828125,-0.244140625,0.09765625,1.08642578125,-0.20751953125,-0.67138671875,0.09765625,-0.6591796875,-0.13427734375,-0.6103515625,-0.0732421875,-0.06103515625,0,-0.8544921875,-0.1953125,-1.5869140625,-0.28076171875,-1.1962890625,-0.1953125,0.048828125,-0.29296875,0.2685546875,0.0732421875,-0.048828125,-0.06103515625,0.0244140625,0.1220703125,0.15869140625,-0.18310546875,-0.10986328125,-0.09765625,0.86669921875,-0.1953125,-0.5126953125,-0.20751953125,-0.5615234375
1,-0.2197265625,-0.45166015625,0.06103515625,-0.37841796875,0.03662109375,-0.48828125,0.08544921875,-0.06103515625,0.08544921875,-0.0732421875,0.06103515625,-0.96435546875,0,1.07421875,-0.3173828125,0.0244140625,0.0244140625,-0.5859375,-0.08544921875,-0.2197265625,0.048828125,0.81787109375,-0.08544921875,-0.537109375,0.23193359375,1.64794921875,-0.1220703125,0.9521484375,-0.3662109375,3.125,-0.01220703125,6.6650390625,-0.15869140625,-0.48828125,0.15869140625,-1.07421875,-0.20751953125,-0.57373046875,-0.146484375,-0.86669921875,-0.06103515625,-0.23193359375,-0.244140625,-0.732421875,0.341796875,-0.47607421875,0.23193359375,0.54931640625,-0.18310546875,3.55224609375,0.0732421875,7.4951171875,-0.35400390625,1.50146484375,-0.0732421875,2.74658203125,-0.1220703125,0.7568359375,0.2197265625,0.5126953125,0.1220703125,0.47607421875,0.2197265625,0.10986328125,0,6.01806640625,0.13427734375,5.06591796875,-0.23193359375,7.8369140625,-0.0732421875,4.11376953125,-0.0732421875,-0.42724609375,0.146484375,0.69580078125,-0.25634765625,-0.2685546875,-0.29296875,1.0498046875,-0.0244140625,-1.1962890625,-0.09765625,-0.40283203125,-0.15869140625,-1.07421875,-0.10986328125,-0.8544921875,-0.37841796875,-1.171875,0,-0.01220703125,0.439453125,-0.10986328125,0.08544921875,1.806640625,-0.20751953125,-0.68359375,0.10986328125,-0.67138671875,-0.146484375,-0.6103515625,-0.01220703125,-0.03662109375,0,-0.86669921875,-0.1953125,-1.5625,-0.28076171875,-1.171875,-0.146484375,0.06103515625,-0.28076171875,0.25634765625,0.06103515625,-0.048828125,-0.06103515625,0.0244140625,0.1220703125,0.13427734375,-0.15869140625,-0.01220703125,-0.15869140625,0.9521484375,-0.1708984375,-0.4638671875,-0.18310546875,-0.47607421875
1,-0.25634765625,-0.42724609375,0.048828125,-0.35400390625,0.03662109375,-0.4638671875,0.08544921875,-0.06103515625,0.0732421875,-0.09765625,0.06103515625,-0.9521484375,0.01220703125,1.07421875,-0.30517578125,0.0244140625,-0.03662109375,-0.6103515625,-0.0732421875,-0.2197265625,0.08544921875,0.830078125,-0.03662109375,-0.537109375,0.29296875,1.79443359375,-0.18310546875,1.123046875,-0.3662109375,3.35693359375,-0.0732421875,7.36083984375,-0.048828125,-0.4150390625,0.10986328125,-0.89111328125,-0.10986328125,-0.50048828125,-0.0732421875,-0.76904296875,0.03662109375,-0.2197265625,-0.2197265625,-0.7080078125,0.32958984375,-0.5126953125,0.23193359375,0.54931640625,-0.1220703125,3.69873046875,0.03662109375,8.04443359375,-0.37841796875,1.611328125,-0.0732421875,2.89306640625,-0.20751953125,0.78125,0.244140625,0.47607421875,0.08544921875,0.47607421875,0.35400390625,0.10986328125,-0.09765625,5.7373046875,0.20751953125,4.79736328125,-0.20751953125,7.40966796875,-0.0732421875,3.8818359375,-0.0732421875,-0.50048828125,0.09765625,0.64697265625,-0.30517578125,-0.30517578125,-0.23193359375,1.03759765625,-0.0732421875,-1.1962890625,0.03662109375,-0.4150390625,-0.20751953125,-1.07421875,-0.13427734375,-0.86669921875,-0.390625,-1.06201171875,0.03662109375,0.048828125,0.3662109375,0.0244140625,0,2.587890625,-0.20751953125,-0.68359375,0.10986328125,-0.67138671875,-0.1708984375,-0.59814453125,0.03662109375,-0.048828125,0.01220703125,-0.89111328125,-0.1953125,-1.5625,-0.25634765625,-1.15966796875,-0.09765625,0.06103515625,-0.23193359375,0.28076171875,0.0732421875,-0.03662109375,-0.06103515625,-0.01220703125,0.146484375,0.10986328125,-0.146484375,0,-0.09765625,0.89111328125,-0.1708984375,-0.47607421875,-0.146484375,-0.48828125
1,-0.25634765625,-0.439453125,0.048828125,-0.37841796875,-0.01220703125,-0.45166015625,0.0732421875,-0.08544921875,0.048828125,-0.10986328125,0.06103515625,-0.9765625,0.0244140625,1.08642578125,-0.29296875,0.0244140625,-0.03662109375,-0.59814453125,-0.06103515625,-0.2197265625,0.1708984375,0.84228515625,0.0244140625,-0.5615234375,0.32958984375,1.89208984375,-0.20751953125,1.2451171875,-0.40283203125,3.52783203125,-0.09765625,7.87353515625,-0.0244140625,-0.35400390625,0.0244140625,-0.74462890625,-0.10986328125,-0.45166015625,-0.048828125,-0.7080078125,0.10986328125,-0.2197265625,-0.18310546875,-0.69580078125,0.3173828125,-0.52490234375,0.1708984375,0.5615234375,-0.09765625,3.759765625,0.01220703125,8.28857421875,-0.37841796875,1.5869140625,-0.01220703125,2.9541015625,-0.244140625,0.76904296875,0.2685546875,0.48828125,0.08544921875,0.50048828125,0.37841796875,0.1220703125,-0.146484375,5.2490234375,0.2685546875,4.39453125,-0.15869140625,6.75048828125,-0.0732421875,3.52783203125,0.06103515625,-0.4638671875,0.09765625,0.67138671875,-0.3173828125,-0.28076171875,-0.18310546875,1.06201171875,-0.09765625,-1.1962890625,0.20751953125,-0.40283203125,-0.2197265625,-1.11083984375,-0.1220703125,-0.89111328125,-0.32958984375,-0.91552734375,0.0732421875,0.146484375,0.28076171875,0.1953125,-0.13427734375,3.43017578125,-0.18310546875,-0.68359375,0.0732421875,-0.67138671875,-0.2197265625,-0.5615234375,0.048828125,-0.06103515625,0.03662109375,-0.89111328125,-0.1953125,-1.5625,-0.23193359375,-1.1474609375,-0.0732421875,0.048828125,-0.20751953125,0.28076171875,0.06103515625,-0.0244140625,-0.0732421875,-0.03662109375,0.15869140625,0.10986328125,-0.244140625,-0.09765625,-0.20751953125,0.732421875,-0.2197265625,-0.5615234375,-0.23193359375,-0.6103515625
1,-0.25634765625,-0.42724609375,0.0244140625,-0.37841796875,-0.03662109375,-0.439453125,0.06103515625,-0.10986328125,0.048828125,-0.10986328125,0.08544921875,-0.93994140625,0.03662109375,1.08642578125,-0.341796875,0.0244140625,-0.06103515625,-0.57373046875,-0.0732421875,-0.2197265625,0.28076171875,0.86669921875,0.03662109375,-0.57373046875,0.32958984375,1.94091796875,-0.2197265625,1.2939453125,-0.439453125,3.662109375,-0.1220703125,8.19091796875,0.048828125,-0.30517578125,0.0244140625,-0.69580078125,-0.01220703125,-0.4150390625,0.03662109375,-0.67138671875,0.15869140625,-0.2197265625,-0.15869140625,-0.7080078125,0.32958984375,-0.537109375,0.25634765625,0.54931640625,-0.10986328125,3.6865234375,0.048828125,8.1787109375,-0.390625,1.5625,0,2.89306640625,-0.30517578125,0.76904296875,0.32958984375,0.48828125,0.10986328125,0.52490234375,0.4638671875,0.13427734375,-0.20751953125,4.62646484375,0.30517578125,3.8818359375,-0.10986328125,5.9326171875,-0.0732421875,3.0517578125,0.01220703125,-0.30517578125,0,0.74462890625,-0.341796875,-0.1953125,-0.2197265625,1.13525390625,-0.1220703125,-1.1962890625,0.2685546875,-0.390625,-0.2197265625,-1.0986328125,-0.06103515625,-0.89111328125,-0.2685546875,-0.76904296875,0.08544921875,0.25634765625,0.18310546875,0.341796875,-0.03662109375,4.21142578125,-0.146484375,-0.69580078125,0.03662109375,-0.67138671875,-0.23193359375,-0.5859375,0.08544921875,-0.06103515625,0.0244140625,-0.89111328125,-0.15869140625,-1.5625,-0.23193359375,-1.13525390625,-0.06103515625,0.03662109375,-0.1708984375,0.3173828125,0.048828125,-0.0244140625,-0.048828125,-0.048828125,0.13427734375,0.1220703125,-0.244140625,-0.23193359375,-0.1953125,0.54931640625,-0.1708984375,-0.64697265625,-0.18310546875,-0.7568359375
1,-0.25634765625,-0.4150390625,0.03662109375,-0.390625,-0.03662109375,-0.47607421875,0.048828125,-0.09765625,0.0732421875,-0.10986328125,0.0732421875,-0.927734375,0.048828125,1.0498046875,-0.341796875,-0.01220703125,-0.09765625,-0.5615234375,-0.03662109375,-0.2197265625,0.30517578125,0.87890625,0.0244140625,-0.57373046875,0.30517578125,1.91650390625,-0.2197265625,1.28173828125,-0.4638671875,3.6376953125,-0.10986328125,8.23974609375,-0.0244140625,-0.25634765625,-0.15869140625,-0.7080078125,-0.01220703125,-0.4150390625,0.06103515625,-0.634765625,0.1708984375,-0.244140625,-0.13427734375,-0.69580078125,0.29296875,-0.52490234375,0.244140625,0.54931640625,-0.08544921875,3.564453125,0.15869140625,7.80029296875,-0.3662109375,1.4404296875,-0.01220703125,2.7587890625,-0.29296875,0.74462890625,0.341796875,0.537109375,0.13427734375,0.54931640625,0.50048828125,0.1220703125,-0.18310546875,3.9306640625,0.30517578125,3.35693359375,-0.06103515625,5.01708984375,-0.08544921875,2.55126953125,0,-0.06103515625,-0.0244140625,0.830078125,-0.244140625,-0.0732421875,-0.23193359375,1.2939453125,-0.09765625,-1.20849609375,0.4150390625,-0.40283203125,-0.244140625,-1.11083984375,-0.048828125,-0.9033203125,-0.15869140625,-0.634765625,0.09765625,0.32958984375,0.10986328125,0.47607421875,0.10986328125,4.9072265625,-0.1220703125,-0.72021484375,0.01220703125,-0.64697265625,-0.2197265625,-0.6103515625,0.048828125,-0.0732421875,0.03662109375,-0.89111328125,-0.1220703125,-1.57470703125,-0.244140625,-1.1474609375,-0.06103515625,0.01220703125,-0.1220703125,0.32958984375,0.0244140625,-0.0244140625,-0.048828125,-0.03662109375,0.15869140625,0.13427734375,-0.2197265625,-0.37841796875,-0.0732421875,0.35400390625,-0.15869140625,-0.7080078125,-0.1708984375,-0.9033203125
1,-0.2685546875,-0.390625,0.03662109375,-0.40283203125,0.01220703125,-0.50048828125,0.06103515625,-0.10986328125,0.06103515625,-0.10986328125,0.0732421875,-0.927734375,0.03662109375,1.07421875,-0.390625,-0.08544921875,-0.08544921875,-0.5859375,-0.0244140625,-0.20751953125,0.3662109375,0.89111328125,-0.0244140625,-0.57373046875,0.29296875,1.8310546875,-0.1953125,1.1962890625,-0.4638671875,3.5400390625,-0.08544921875,8.0078125,-0.048828125,-0.1953125,-0.1953125,-0.78125,-0.03662109375,-0.390625,0.08544921875,-0.59814453125,0.20751953125,-0.25634765625,-0.06103515625,-0.67138671875,0.2685546875,-0.47607421875,0.20751953125,0.5615234375,-0.09765625,3.35693359375,0.1953125,7.16552734375,-0.3662109375,1.28173828125,0.0244140625,2.5634765625,-0.29296875,0.74462890625,0.341796875,0.54931640625,0.15869140625,0.54931640625,0.50048828125,0.10986328125,-0.146484375,3.22265625,0.3173828125,2.84423828125,-0.0244140625,4.150390625,-0.08544921875,2.06298828125,0.09765625,0.244140625,-0.01220703125,0.98876953125,-0.146484375,0.08544921875,-0.25634765625,1.46484375,-0.03662109375,-1.220703125,0.4638671875,-0.390625,-0.25634765625,-1.0986328125,0.0244140625,-0.89111328125,-0.0732421875,-0.52490234375,0.1220703125,0.40283203125,0.0244140625,0.5615234375,0.1708984375,5.45654296875,-0.09765625,-0.72021484375,-0.06103515625,-0.634765625,-0.23193359375,-0.5859375,-0.01220703125,-0.06103515625,0.0244140625,-0.87890625,-0.08544921875,-1.5869140625,-0.2685546875,-1.15966796875,-0.08544921875,0.0244140625,-0.13427734375,0.341796875,0.01220703125,-0.03662109375,-0.06103515625,-0.048828125,0.15869140625,0.13427734375,-0.29296875,-0.50048828125,-0.146484375,0.2197265625,-0.20751953125,-0.76904296875,-0.244140625,-1.0009765625
1,-0.25634765625,-0.37841796875,0.06103515625,-0.390625,0.01220703125,-0.50048828125,0.06103515625,-0.10986328125,0.03662109375,-0.1220703125,0.1220703125,-0.927734375,0.06103515625,1.03759765625,-0.390625,-0.13427734375,-0.10986328125,-0.59814453125,0.01220703125,-0.1953125,0.40283203125,0.87890625,-0.06103515625,-0.57373046875,0.28076171875,1.67236328125,-0.1708984375,1.06201171875,-0.3662109375,3.369140625,-0.048828125,7.4951171875,0.0732421875,-0.18310546875,-0.15869140625,-0.89111328125,0.03662109375,-0.3662109375,0.18310546875,-0.57373046875,0.20751953125,-0.244140625,-0.03662109375,-0.7080078125,0.29296875,-0.42724609375,0.244140625,0.57373046875,-0.1220703125,3.08837890625,0.244140625,6.4208984375,-0.37841796875,1.123046875,0.01220703125,2.3193359375,-0.29296875,0.732421875,0.37841796875,0.5859375,0.25634765625,0.5615234375,0.537109375,0.10986328125,-0.146484375,2.55126953125,0.3173828125,2.38037109375,0,3.28369140625,-0.09765625,1.5869140625,-0.01220703125,0.5615234375,-0.03662109375,1.171875,-0.0732421875,0.244140625,-0.29296875,1.66015625,0.03662109375,-1.2451171875,0.54931640625,-0.37841796875,-0.3173828125,-1.11083984375,0.0732421875,-0.9033203125,0,-0.4638671875,0.09765625,0.45166015625,-0.06103515625,0.59814453125,0.048828125,5.7861328125,-0.1220703125,-0.732421875,-0.10986328125,-0.634765625,-0.1708984375,-0.6103515625,-0.08544921875,-0.06103515625,0.01220703125,-0.86669921875,0,-1.611328125,-0.29296875,-1.15966796875,-0.09765625,0,-0.13427734375,0.32958984375,-0.01220703125,-0.048828125,-0.0732421875,-0.048828125,0.15869140625,0.1220703125,-0.25634765625,-0.54931640625,-0.13427734375,0.146484375,-0.1708984375,-0.7568359375,-0.20751953125,-1.025390625
1,-0.25634765625,-0.32958984375,0.08544921875,-0.3662109375,0.01220703125,-0.50048828125,0.09765625,-0.0732421875,0.048828125,-0.10986328125,0.10986328125,-0.91552734375,0.06103515625,1.01318359375,-0.390625,-0.1708984375,-0.10986328125,-0.6103515625,0.03662109375,-0.1953125,0.35400390625,0.86669921875,-0.0732421875,-0.57373046875,0.28076171875,1.46484375,-0.15869140625,0.87890625,-0.244140625,3.1005859375,-0.048828125,6.73828125,0.048828125,-0.146484375,-0.1953125,-0.98876953125,-0.0244140625,-0.341796875,0.13427734375,-0.537109375,0.244140625,-0.25634765625,0.01220703125,-0.72021484375,0.25634765625,-0.40283203125,0.3173828125,0.54931640625,-0.0732421875,2.783203125,0.244140625,5.60302734375,-0.28076171875,0.927734375,0,2.05078125,-0.244140625,0.72021484375,0.32958984375,0.57373046875,0.1953125,0.5615234375,0.54931640625,0.10986328125,-0.09765625,1.953125,0.2685546875,1.9775390625,-0.01220703125,2.55126953125,-0.09765625,1.1962890625,0,0.84228515625,0.03662109375,1.35498046875,0.0244140625,0.42724609375,-0.25634765625,1.85546875,0.0732421875,-1.2939453125,0.54931640625,-0.341796875,-0.3662109375,-1.06201171875,0.06103515625,-0.89111328125,0.09765625,-0.45166015625,0.0732421875,0.48828125,-0.10986328125,0.59814453125,0.06103515625,5.9326171875,-0.18310546875,-0.72021484375,-0.1220703125,-0.634765625,-0.15869140625,-0.59814453125,-0.13427734375,-0.048828125,0.0244140625,-0.8544921875,0.048828125,-1.611328125,-0.30517578125,-1.1474609375,-0.09765625,0.0244140625,-0.13427734375,0.30517578125,-0.0244140625,-0.048828125,-0.06103515625,-0.06103515625,0.15869140625,0.1220703125,-0.2685546875,-0.48828125,-0.08544921875,0.23193359375,-0.20751953125,-0.68359375,-0.2197265625,-0.927734375
1,-0.23193359375,-0.30517578125,0.048828125,-0.37841796875,0.01220703125,-0.5126953125,0.1220703125,-0.0732421875,0.03662109375,-0.08544921875,0.146484375,-0.927734375,0.03662109375,0.98876953125,-0.390625,-0.18310546875,-0.10986328125,-0.6103515625,0.06103515625,-0.1953125,0.35400390625,0.84228515625,-0.048828125,-0.54931640625,0.30517578125,1.1962890625,-0.146484375,0.634765625,-0.0732421875,2.783203125,-0.0244140625,5.77392578125,0.06103515625,-0.09765625,-0.08544921875,-1.0498046875,-0.0732421875,-0.29296875,0.10986328125,-0.5126953125,0.20751953125,-0.244140625,0.06103515625,-0.72021484375,0.2685546875,-0.37841796875,0.37841796875,0.5615234375,-0.08544921875,2.5146484375,0.2685546875,4.79736328125,-0.2197265625,0.732421875,-0.0244140625,1.806640625,-0.18310546875,0.732421875,0.29296875,0.5859375,0.1220703125,0.5615234375,0.54931640625,0.09765625,-0.08544921875,1.4404296875,0.20751953125,1.66015625,-0.03662109375,1.89208984375,-0.1220703125,0.86669921875,-0.01220703125,1.03759765625,0,1.52587890625,0.06103515625,0.5615234375,-0.25634765625,2.03857421875,0.08544921875,-1.2939453125,0.52490234375,-0.25634765625,-0.37841796875,-1.08642578125,0.10986328125,-0.87890625,0.1220703125,-0.47607421875,-0.01220703125,0.48828125,-0.146484375,0.54931640625,0.08544921875,5.8349609375,-0.20751953125,-0.72021484375,-0.13427734375,-0.64697265625,-0.13427734375,-0.59814453125,-0.146484375,-0.048828125,0.0244140625,-0.87890625,0.10986328125,-1.59912109375,-0.32958984375,-1.15966796875,-0.09765625,0.01220703125,-0.10986328125,0.28076171875,-0.03662109375,-0.048828125,-0.048828125,-0.06103515625,0.18310546875,0.13427734375,-0.25634765625,-0.3173828125,-0.09765625,0.37841796875,-0.1953125,-0.537109375,-0.1953125,-0.72021484375
1,-0.244140625,-0.2685546875,0.06103515625,-0.35400390625,-0.0244140625,-0.50048828125,0.146484375,-0.0244140625,0.048828125,-0.08544921875,0.1708984375,-0.927734375,0.01220703125,0.98876953125,-0.40283203125,-0.1708984375,-0.1220703125,-0.6103515625,0.08544921875,-0.1953125,0.3173828125,0.81787109375,-0.03662109375,-0.54931640625,0.3173828125,0.93994140625,-0.1220703125,0.37841796875,0.08544921875,2.40478515625,-0.08544921875,4.7119140625,0.09765625,0,0.03662109375,-1.025390625,-0.048828125,-0.25634765625,0.15869140625,-0.45166015625,0.15869140625,-0.2197265625,0.06103515625,-0.732421875,0.30517578125,-0.3662109375,0.37841796875,0.59814453125,0,2.2216796875,0.30517578125,4.052734375,-0.13427734375,0.5615234375,-0.1220703125,1.5869140625,-0.15869140625,0.72021484375,0.23193359375,0.57373046875,0.1220703125,0.57373046875,0.57373046875,0.1220703125,-0.06103515625,1.06201171875,0.146484375,1.40380859375,-0.09765625,1.35498046875,-0.10986328125,0.59814453125,-0.18310546875,1.171875,-0.048828125,1.64794921875,0.03662109375,0.67138671875,-0.2685546875,2.18505859375,0.08544921875,-1.30615234375,0.42724609375,-0.06103515625,-0.390625,-1.07421875,0.13427734375,-0.87890625,0.1220703125,-0.54931640625,-0.048828125,0.4638671875,-0.1708984375,0.47607421875,0.18310546875,5.52978515625,-0.25634765625,-0.7080078125,-0.09765625,-0.64697265625,-0.1220703125,-0.6103515625,-0.13427734375,-0.048828125,0.09765625,-0.86669921875,0.18310546875,-1.5869140625,-0.3173828125,-1.18408203125,-0.10986328125,0.0244140625,-0.0732421875,0.2685546875,-0.03662109375,-0.03662109375,-0.0732421875,-0.06103515625,0.15869140625,0.13427734375,-0.23193359375,-0.048828125,-0.09765625,0.6591796875,-0.1708984375,-0.35400390625,-0.146484375,-0.4150390625
1,-0.23193359375,-0.20751953125,0.08544921875,-0.32958984375,-0.03662109375,-0.47607421875,0.1708984375,0.01220703125,0.06103515625,-0.06103515625,0.20751953125,-0.9521484375,-0.0244140625,0.98876953125,-0.4150390625,-0.09765625,-0.1220703125,-0.59814453125,0.10986328125,-0.1953125,0.30517578125,0.81787109375,0.0244140625,-0.52490234375,0.32958984375,0.68359375,-0.1220703125,0.10986328125,0.1953125,2.0751953125,-0.146484375,3.6865234375,-0.03662109375,0.09765625,0.08544921875,-0.93994140625,-0.15869140625,-0.15869140625,0.13427734375,-0.341796875,0.09765625,-0.20751953125,0.048828125,-0.732421875,0.341796875,-0.37841796875,0.45166015625,0.62255859375,0.0732421875,1.96533203125,0.23193359375,3.41796875,-0.0244140625,0.4150390625,-0.2197265625,1.40380859375,-0.09765625,0.72021484375,0.1953125,0.5126953125,0.03662109375,0.57373046875,0.57373046875,0.13427734375,0,0.76904296875,0.08544921875,1.20849609375,-0.18310546875,0.89111328125,-0.10986328125,0.40283203125,-0.25634765625,1.20849609375,-0.06103515625,1.74560546875,0.06103515625,0.7568359375,-0.1953125,2.30712890625,0.08544921875,-1.26953125,0.30517578125,0.20751953125,-0.3173828125,-1.06201171875,0.09765625,-0.84228515625,0.06103515625,-0.634765625,-0.1220703125,0.42724609375,-0.18310546875,0.390625,0.146484375,5.11474609375,-0.2685546875,-0.69580078125,-0.0732421875,-0.62255859375,-0.10986328125,-0.59814453125,-0.10986328125,-0.048828125,0.146484375,-0.8544921875,0.25634765625,-1.57470703125,-0.35400390625,-1.171875,-0.13427734375,0.03662109375,-0.03662109375,0.25634765625,-0.06103515625,-0.03662109375,-0.048828125,-0.06103515625,0.1708984375,0.146484375,-0.25634765625,0.244140625,-0.08544921875,0.927734375,-0.244140625,-0.146484375,-0.1708984375,-0.0732421875
0,-0.244140625,-0.1708984375,0.048828125,-0.341796875,-0.0244140625,-0.47607421875,0.18310546875,0,0.0732421875,-0.10986328125,0.20751953125,-0.96435546875,-0.03662109375,0.98876953125,-0.40283203125,-0.0732421875,-0.13427734375,-0.59814453125,0.15869140625,-0.1953125,0.25634765625,0.79345703125,0.0244140625,-0.537109375,0.341796875,0.439453125,-0.08544921875,-0.146484375,0.2685546875,1.74560546875,-0.1953125,2.72216796875,-0.0732421875,0.2197265625,0.15869140625,-0.78125,-0.18310546875,-0.048828125,0.15869140625,-0.23193359375,0.048828125,-0.20751953125,0,-0.72021484375,0.35400390625,-0.40283203125,0.4150390625,0.68359375,0.10986328125,1.708984375,0.1953125,2.9052734375,0.01220703125,0.29296875,-0.3173828125,1.2451171875,-0.09765625,0.732421875,0.20751953125,0.50048828125,0.08544921875,0.57373046875,0.50048828125,0.146484375,0.03662109375,0.50048828125,0.03662109375,1.0498046875,-0.244140625,0.52490234375,-0.09765625,0.25634765625,-0.32958984375,1.18408203125,-0.0732421875,1.79443359375,0.0732421875,0.81787109375,-0.10986328125,2.38037109375,0.06103515625,-1.171875,0.20751953125,0.59814453125,-0.244140625,-1.025390625,0,-0.78125,-0.048828125,-0.72021484375,-0.23193359375,0.390625,-0.20751953125,0.3173828125,0.08544921875,4.65087890625,-0.29296875,-0.68359375,-0.03662109375,-0.64697265625,-0.09765625,-0.6103515625,-0.0732421875,-0.048828125,0.18310546875,-0.8544921875,0.29296875,-1.5869140625,-0.390625,-1.171875,-0.1220703125,0.048828125,-0.0732421875,0.25634765625,-0.0732421875,-0.01220703125,-0.08544921875,-0.08544921875,0.146484375,0.146484375,-0.25634765625,0.57373046875,-0.10986328125,1.20849609375,-0.23193359375,0.0732421875,-0.15869140625,0.244140625
0,-0.2197265625,-0.10986328125,0.06103515625,-0.35400390625,-0.01220703125,-0.4638671875,0.2197265625,-0.03662109375,0.13427734375,-0.08544921875,0.1953125,-0.9521484375,-0.03662109375,1.0009765625,-0.439453125,-0.03662109375,-0.13427734375,-0.59814453125,0.1953125,-0.2197265625,0.23193359375,0.79345703125,0.01220703125,-0.537109375,0.37841796875,0.244140625,-0.048828125,-0.341796875,0.3173828125,1.45263671875,-0.244140625,1.9287109375,-0.09765625,0.390625,0.20751953125,-0.57373046875,-0.18310546875,0.08544921875,0.15869140625,-0.06103515625,0.0732421875,-0.1953125,-0.06103515625,-0.7080078125,0.42724609375,-0.45166015625,0.45166015625,0.732421875,0.18310546875,1.50146484375,0.15869140625,2.47802734375,0.0732421875,0.13427734375,-0.439453125,1.123046875,-0.0732421875,0.72021484375,0.1708984375,0.47607421875,0.13427734375,0.57373046875,0.40283203125,0.1708984375,0.09765625,0.28076171875,-0.06103515625,0.927734375,-0.30517578125,0.2197265625,-0.1220703125,0.15869140625,-0.37841796875,1.13525390625,-0.08544921875,1.79443359375,0.06103515625,0.830078125,-0.0244140625,2.392578125,0.0732421875,-1.06201171875,0.15869140625,1.08642578125,-0.15869140625,-0.9765625,-0.03662109375,-0.7080078125,-0.13427734375,-0.8056640625,-0.2685546875,0.341796875,-0.23193359375,0.25634765625,0.048828125,4.1748046875,-0.29296875,-0.67138671875,0.01220703125,-0.6591796875,-0.08544921875,-0.62255859375,-0.03662109375,-0.06103515625,0.18310546875,-0.87890625,0.32958984375,-1.5625,-0.390625,-1.1474609375,-0.08544921875,0.06103515625,-0.06103515625,0.2685546875,-0.0732421875,0,-0.06103515625,-0.0732421875,0.146484375,0.1708984375,-0.244140625,0.830078125,-0.08544921875,1.42822265625,-0.244140625,0.2197265625,-0.146484375,0.50048828125
0,-0.244140625,-0.0732421875,0.0244140625,-0.3662109375,0,-0.439453125,0.20751953125,-0.048828125,0.146484375,-0.06103515625,0.2197265625,-0.9521484375,-0.0732421875,1.025390625,-0.4150390625,0,-0.10986328125,-0.5859375,0.25634765625,-0.2197265625,0.2197265625,0.79345703125,-0.06103515625,-0.537109375,0.42724609375,0.09765625,-0.048828125,-0.50048828125,0.3173828125,1.25732421875,-0.2197265625,1.35498046875,-0.0732421875,0.5859375,0.23193359375,-0.30517578125,-0.244140625,0.2197265625,0.0732421875,0.1220703125,0.10986328125,-0.18310546875,-0.10986328125,-0.7080078125,0.439453125,-0.48828125,0.4150390625,0.76904296875,0.18310546875,1.33056640625,0.10986328125,2.0751953125,0.10986328125,0.03662109375,-0.439453125,1.0009765625,-0.1220703125,0.72021484375,0.146484375,0.47607421875,0.0732421875,0.5859375,0.32958984375,0.1708984375,0.08544921875,0.08544921875,-0.0732421875,0.79345703125,-0.3173828125,-0.048828125,-0.1708984375,0.048828125,-0.32958984375,1.08642578125,-0.18310546875,1.7822265625,0.03662109375,0.830078125,0.048828125,2.392578125,0.0732421875,-0.91552734375,0.01220703125,1.708984375,-0.06103515625,-0.91552734375,-0.09765625,-0.6103515625,-0.23193359375,-0.87890625,-0.28076171875,0.29296875,-0.2685546875,0.2197265625,0.048828125,3.77197265625,-0.25634765625,-0.68359375,-0.01220703125,-0.67138671875,-0.0732421875,-0.634765625,0,-0.0732421875,0.146484375,-0.87890625,0.32958984375,-1.5625,-0.37841796875,-1.171875,-0.06103515625,0.0732421875,-0.03662109375,0.2685546875,-0.0732421875,0.01220703125,-0.0732421875,-0.03662109375,0.1708984375,0.1708984375,-0.23193359375,0.98876953125,-0.06103515625,1.5380859375,-0.2197265625,0.32958984375,-0.13427734375,0.67138671875
0,-0.25634765625,-0.0244140625,0.048828125,-0.3662109375,0.01220703125,-0.45166015625,0.1953125,-0.0732421875,0.15869140625,-0.06103515625,0.2197265625,-0.9521484375,-0.08544921875,1.03759765625,-0.37841796875,0,-0.10986328125,-0.57373046875,0.28076171875,-0.2197265625,0.18310546875,0.830078125,-0.10986328125,-0.54931640625,0.37841796875,-0.01220703125,-0.03662109375,-0.59814453125,0.28076171875,1.11083984375,-0.244140625,0.96435546875,-0.0244140625,0.78125,0.28076171875,-0.10986328125,-0.18310546875,0.390625,0.0732421875,0.29296875,0.1708984375,-0.18310546875,-0.18310546875,-0.7080078125,0.45166015625,-0.5126953125,0.390625,0.830078125,0.146484375,1.1962890625,0.08544921875,1.708984375,0.18310546875,-0.0732421875,-0.439453125,0.927734375,-0.13427734375,0.72021484375,0.146484375,0.45166015625,0.0732421875,0.5859375,0.2685546875,0.146484375,0.0732421875,-0.0732421875,-0.08544921875,0.68359375,-0.2685546875,-0.25634765625,-0.18310546875,-0.0244140625,-0.3662109375,0.98876953125,-0.23193359375,1.7333984375,0.01220703125,0.79345703125,0.146484375,2.34375,0.01220703125,-0.732421875,-0.01220703125,2.40478515625,-0.01220703125,-0.81787109375,-0.09765625,-0.47607421875,-0.2685546875,-0.91552734375,-0.29296875,0.244140625,-0.3173828125,0.23193359375,-0.01220703125,3.50341796875,-0.2197265625,-0.69580078125,-0.03662109375,-0.68359375,-0.03662109375,-0.59814453125,0.06103515625,-0.08544921875,0.08544921875,-0.87890625,0.30517578125,-1.55029296875,-0.35400390625,-1.15966796875,-0.03662109375,0.048828125,-0.0244140625,0.28076171875,-0.0732421875,0,-0.0732421875,-0.03662109375,0.15869140625,0.15869140625,-0.25634765625,1.07421875,-0.03662109375,1.52587890625,-0.1953125,0.32958984375,-0.15869140625,0.72021484375
0,-0.25634765625,0,0.01220703125,-0.390625,0,-0.42724609375,0.15869140625,-0.10986328125,0.146484375,-0.08544921875,0.18310546875,-0.93994140625,-0.09765625,1.03759765625,-0.390625,0.01220703125,-0.09765625,-0.57373046875,0.29296875,-0.244140625,0.15869140625,0.81787109375,-0.10986328125,-0.5615234375,0.35400390625,-0.06103515625,-0.048828125,-0.67138671875,0.2685546875,0.98876953125,-0.1708984375,0.78125,0.01220703125,0.93994140625,0.29296875,0.048828125,-0.08544921875,0.47607421875,0.0244140625,0.439453125,0.23193359375,-0.1953125,-0.20751953125,-0.69580078125,0.4638671875,-0.50048828125,0.3173828125,0.89111328125,0.15869140625,1.07421875,-0.01220703125,1.3427734375,0.244140625,-0.1708984375,-0.42724609375,0.830078125,-0.146484375,0.72021484375,0.20751953125,0.47607421875,0.0244140625,0.57373046875,0.18310546875,0.146484375,0.06103515625,-0.23193359375,-0.15869140625,0.5859375,-0.23193359375,-0.40283203125,-0.28076171875,-0.10986328125,-0.32958984375,0.96435546875,-0.1708984375,1.66015625,0.0244140625,0.76904296875,0.1953125,2.294921875,0,-0.5615234375,0.0732421875,3.13720703125,0.03662109375,-0.72021484375,-0.09765625,-0.341796875,-0.28076171875,-0.9033203125,-0.28076171875,0.23193359375,-0.341796875,0.244140625,-0.0732421875,3.369140625,-0.1953125,-0.7080078125,-0.03662109375,-0.69580078125,-0.03662109375,-0.6103515625,0.09765625,-0.08544921875,0.0732421875,-0.87890625,0.25634765625,-1.55029296875,-0.341796875,-1.1474609375,-0.0244140625,0.048828125,0.01220703125,0.30517578125,-0.0732421875,0.01220703125,-0.0732421875,-0.048828125,0.13427734375,0.15869140625,-0.2197265625,1.03759765625,-0.03662109375,1.416015625,-0.1708984375,0.28076171875,-0.18310546875,0.67138671875
0,-0.2685546875,-0.01220703125,-0.01220703125,-0.390625,0,-0.439453125,0.146484375,-0.1220703125,0.13427734375,-0.08544921875,0.15869140625,-0.927734375,-0.1220703125,1.025390625,-0.341796875,-0.03662109375,-0.08544921875,-0.57373046875,0.29296875,-0.23193359375,0.0732421875,0.8544921875,-0.0732421875,-0.57373046875,0.3173828125,-0.08544921875,-0.06103515625,-0.72021484375,0.2197265625,0.9033203125,-0.10986328125,0.64697265625,-0.048828125,1.08642578125,0.23193359375,0.146484375,-0.03662109375,0.537109375,0.0244140625,0.52490234375,0.30517578125,-0.20751953125,-0.2197265625,-0.68359375,0.48828125,-0.47607421875,0.29296875,0.91552734375,0.146484375,0.9521484375,-0.048828125,0.98876953125,0.29296875,-0.244140625,-0.390625,0.74462890625,-0.18310546875,0.7080078125,0.23193359375,0.50048828125,0.0244140625,0.5859375,0.13427734375,0.09765625,0.048828125,-0.32958984375,-0.25634765625,0.52490234375,-0.20751953125,-0.48828125,-0.40283203125,-0.13427734375,-0.29296875,0.91552734375,-0.146484375,1.57470703125,0.048828125,0.76904296875,0.2197265625,2.23388671875,-0.01220703125,-0.3662109375,0.10986328125,3.84521484375,0.10986328125,-0.62255859375,-0.09765625,-0.20751953125,-0.244140625,-0.9033203125,-0.244140625,0.20751953125,-0.30517578125,0.28076171875,-0.0732421875,3.3935546875,-0.1708984375,-0.7080078125,-0.01220703125,-0.67138671875,-0.0732421875,-0.634765625,0.13427734375,-0.08544921875,0.06103515625,-0.87890625,0.18310546875,-1.57470703125,-0.29296875,-1.171875,-0.01220703125,0.03662109375,0.0244140625,0.3173828125,-0.08544921875,0.01220703125,-0.0732421875,-0.03662109375,0.146484375,0.146484375,-0.20751953125,0.927734375,-0.0244140625,1.23291015625,-0.1708984375,0.1953125,-0.1953125,0.537109375
0,-0.2685546875,-0.06103515625,-0.01220703125,-0.37841796875,-0.01220703125,-0.45166015625,0.13427734375,-0.10986328125,0.146484375,-0.09765625,0.1708984375,-0.91552734375,-0.15869140625,1.025390625,-0.341796875,-0.06103515625,-0.09765625,-0.5859375,0.25634765625,-0.23193359375,0.01220703125,0.8544921875,-0.03662109375,-0.5615234375,0.23193359375,-0.08544921875,-0.08544921875,-0.76904296875,0.1953125,0.84228515625,-0.09765625,0.54931640625,-0.03662109375,1.13525390625,0.146484375,0.10986328125,0.048828125,0.52490234375,0,0.5615234375,0.341796875,-0.2197265625,-0.1953125,-0.68359375,0.47607421875,-0.45166015625,0.23193359375,0.93994140625,0.13427734375,0.86669921875,-0.08544921875,0.64697265625,0.341796875,-0.28076171875,-0.4150390625,0.64697265625,-0.25634765625,0.72021484375,0.23193359375,0.5126953125,0.0732421875,0.5615234375,0.0732421875,0.09765625,0.09765625,-0.37841796875,-0.28076171875,0.50048828125,-0.09765625,-0.48828125,-0.4638671875,-0.18310546875,-0.244140625,0.91552734375,-0.13427734375,1.5380859375,0.0732421875,0.732421875,0.15869140625,2.16064453125,0,-0.2197265625,0.10986328125,4.4921875,0.18310546875,-0.5126953125,-0.0244140625,-0.06103515625,-0.18310546875,-0.89111328125,-0.146484375,0.1953125,-0.244140625,0.30517578125,-0.1708984375,3.50341796875,-0.15869140625,-0.7080078125,0.01220703125,-0.68359375,-0.09765625,-0.6103515625,0.146484375,-0.08544921875,0.06103515625,-0.87890625,0.146484375,-1.5869140625,-0.244140625,-1.171875,0,0.048828125,0.0244140625,0.341796875,-0.10986328125,-0.01220703125,-0.0732421875,-0.048828125,0.13427734375,0.13427734375,-0.1953125,0.74462890625,-0.01220703125,1.025390625,-0.15869140625,0.06103515625,-0.1953125,0.3662109375
0,-0.2685546875,-0.08544921875,-0.0244140625,-0.35400390625,-0.0244140625,-0.4638671875,0.10986328125,-0.09765625,0.13427734375,-0.10986328125,0.18310546875,-0.91552734375,-0.1708984375,1.0009765625,-0.3662109375,-0.10986328125,-0.1220703125,-0.57373046875,0.2685546875,-0.1953125,-0.03662109375,0.86669921875,-0.03662109375,-0.5615234375,0.146484375,-0.1220703125,-0.10986328125,-0.79345703125,0.18310546875,0.7568359375,-0.10986328125,0.40283203125,-0.06103515625,1.1474609375,0.03662109375,-0.01220703125,0.08544921875,0.47607421875,0.0244140625,0.5615234375,0.28076171875,-0.244140625,-0.15869140625,-0.69580078125,0.48828125,-0.439453125,0.2685546875,0.9521484375,0.0732421875,0.79345703125,-0.10986328125,0.32958984375,0.3173828125,-0.32958984375,-0.4638671875,0.57373046875,-0.25634765625,0.69580078125,0.1953125,0.537109375,0.1220703125,0.537109375,0.0244140625,0.0732421875,0.03662109375,-0.37841796875,-0.25634765625,0.52490234375,-0.01220703125,-0.4150390625,-0.50048828125,-0.15869140625,-0.18310546875,0.9033203125,-0.0732421875,1.4892578125,0.1220703125,0.74462890625,0.13427734375,2.099609375,0.0244140625,-0.10986328125,0.15869140625,5.01708984375,0.244140625,-0.4150390625,0.0244140625,0.06103515625,-0.10986328125,-0.8544921875,-0.0244140625,0.20751953125,-0.1953125,0.30517578125,-0.244140625,3.6865234375,-0.1220703125,-0.7080078125,0.048828125,-0.67138671875,-0.1220703125,-0.62255859375,0.1220703125,-0.08544921875,0.048828125,-0.89111328125,0.08544921875,-1.611328125,-0.13427734375,-1.171875,-0.0244140625,0.048828125,0.0732421875,0.341796875,-0.1220703125,-0.0244140625,-0.06103515625,-0.048828125,0.13427734375,0.10986328125,-0.146484375,0.57373046875,-0.01220703125,0.8544921875,-0.13427734375,-0.0732421875,-0.15869140625,0.18310546875
0,-0.2685546875,-0.1220703125,-0.03662109375,-0.3662109375,-0.048828125,-0.48828125,0.09765625,-0.08544921875,0.10986328125,-0.13427734375,0.18310546875,-0.9033203125,-0.1953125,0.9765625,-0.32958984375,-0.15869140625,-0.13427734375,-0.6103515625,0.23193359375,-0.1953125,-0.06103515625,0.87890625,-0.048828125,-0.537109375,0.08544921875,-0.1708984375,-0.1953125,-0.830078125,0.18310546875,0.68359375,-0.146484375,0.18310546875,-0.06103515625,1.06201171875,-0.06103515625,-0.1708984375,0.08544921875,0.37841796875,0.06103515625,0.47607421875,0.244140625,-0.23193359375,-0.13427734375,-0.69580078125,0.48828125,-0.439453125,0.29296875,0.927734375,0.03662109375,0.72021484375,-0.08544921875,0.0244140625,0.35400390625,-0.35400390625,-0.4638671875,0.5126953125,-0.2685546875,0.72021484375,0.1708984375,0.5615234375,0.244140625,0.52490234375,-0.06103515625,0.048828125,0,-0.32958984375,-0.23193359375,0.5615234375,0.01220703125,-0.29296875,-0.50048828125,-0.13427734375,-0.28076171875,0.86669921875,-0.03662109375,1.45263671875,0.15869140625,0.7080078125,0.1220703125,2.0751953125,0.03662109375,0,0.1953125,5.37109375,0.30517578125,-0.3173828125,0.048828125,0.13427734375,-0.048828125,-0.830078125,0.10986328125,0.1953125,-0.09765625,0.3173828125,-0.25634765625,3.79638671875,-0.13427734375,-0.72021484375,0.06103515625,-0.64697265625,-0.10986328125,-0.62255859375,0.06103515625,-0.08544921875,0.048828125,-0.87890625,0.03662109375,-1.62353515625,-0.048828125,-1.18408203125,-0.048828125,0.06103515625,0.06103515625,0.3173828125,-0.13427734375,-0.03662109375,-0.06103515625,-0.03662109375,0.13427734375,0.08544921875,-0.15869140625,0.4150390625,0.01220703125,0.7080078125,-0.15869140625,-0.1953125,-0.18310546875,0.0244140625
0,-0.244140625,-0.1708984375,-0.06103515625,-0.35400390625,-0.048828125,-0.48828125,0.10986328125,-0.0732421875,0.09765625,-0.1220703125,0.18310546875,-0.93994140625,-0.23193359375,0.98876953125,-0.341796875,-0.1953125,-0.13427734375,-0.62255859375,0.1953125,-0.1708984375,-0.0244140625,0.8544921875,-0.06103515625,-0.54931640625,-0.01220703125,-0.2197265625,-0.23193359375,-0.87890625,0.146484375,0.59814453125,-0.20751953125,-0.10986328125,0,0.89111328125,-0.10986328125,-0.35400390625,0.08544921875,0.20751953125,0.0732421875,0.35400390625,0.1708984375,-0.2685546875,-0.146484375,-0.72021484375,0.47607421875,-0.4150390625,0.3173828125,0.87890625,0.03662109375,0.6591796875,-0.08544921875,-0.1708984375,0.37841796875,-0.35400390625,-0.439453125,0.48828125,-0.28076171875,0.72021484375,0.13427734375,0.54931640625,0.15869140625,0.5126953125,-0.13427734375,0.06103515625,-0.0244140625,-0.23193359375,-0.2685546875,0.634765625,0.03662109375,-0.15869140625,-0.47607421875,-0.08544921875,-0.244140625,0.830078125,0.048828125,1.46484375,0.1708984375,0.6591796875,0.13427734375,2.03857421875,0.03662109375,0.0244140625,0.30517578125,5.55419921875,0.3173828125,-0.2685546875,0.048828125,0.1708984375,0.0244140625,-0.84228515625,0.2197265625,0.1708984375,-0.03662109375,0.28076171875,-0.23193359375,3.80859375,-0.15869140625,-0.72021484375,0.06103515625,-0.64697265625,-0.10986328125,-0.6103515625,-0.048828125,-0.09765625,0.0244140625,-0.86669921875,0,-1.611328125,-0.01220703125,-1.18408203125,-0.03662109375,0.048828125,0.08544921875,0.30517578125,-0.13427734375,-0.03662109375,-0.0732421875,-0.06103515625,0.13427734375,0.09765625,-0.1220703125,0.2685546875,0.048828125,0.634765625,-0.15869140625,-0.2685546875,-0.10986328125,-0.06103515625
0,-0.20751953125,-0.18310546875,-0.08544921875,-0.35400390625,-0.0732421875,-0.48828125,0.1220703125,-0.06103515625,0.0732421875,-0.1220703125,0.1708984375,-0.91552734375,-0.23193359375,0.98876953125,-0.28076171875,-0.23193359375,-0.1220703125,-0.59814453125,0.1220703125,-0.1708984375,0.06103515625,0.86669921875,-0.13427734375,-0.537109375,-0.06103515625,-0.29296875,-0.244140625,-0.927734375,0.10986328125,0.537109375,-0.20751953125,-0.42724609375,0.01220703125,0.7568359375,-0.18310546875,-0.537109375,0.1220703125,0.0732421875,0.09765625,0.23193359375,0.06103515625,-0.28076171875,-0.146484375,-0.72021484375,0.439453125,-0.4150390625,0.25634765625,0.830078125,0.0244140625,0.62255859375,-0.09765625,-0.29296875,0.42724609375,-0.32958984375,-0.40283203125,0.47607421875,-0.28076171875,0.72021484375,0.0732421875,0.537109375,0.1708984375,0.48828125,-0.1953125,0.0732421875,-0.0732421875,-0.09765625,-0.28076171875,0.74462890625,0.0732421875,-0.01220703125,-0.390625,0,-0.3662109375,0.76904296875,0.01220703125,1.42822265625,0.03662109375,0.6103515625,0.01220703125,2.0263671875,-0.01220703125,0,0.3662109375,5.5908203125,0.35400390625,-0.23193359375,0.0244140625,0.18310546875,0.08544921875,-0.86669921875,0.28076171875,0.15869140625,0.01220703125,0.23193359375,-0.1708984375,3.62548828125,-0.15869140625,-0.72021484375,0.0244140625,-0.6591796875,-0.08544921875,-0.62255859375,-0.146484375,-0.08544921875,-0.048828125,-0.87890625,0.01220703125,-1.5869140625,0.01220703125,-1.15966796875,-0.0244140625,0.0732421875,0.13427734375,0.28076171875,-0.1220703125,-0.06103515625,-0.06103515625,-0.03662109375,0.10986328125,0.09765625,-0.09765625,0.23193359375,0.03662109375,0.62255859375,-0.13427734375,-0.3173828125,-0.08544921875,-0.10986328125
0,-0.18310546875,-0.2197265625,-0.08544921875,-0.3173828125,-0.08544921875,-0.4638671875,0.146484375,-0.01220703125,0.06103515625,-0.08544921875,0.1953125,-0.927734375,-0.25634765625,0.9765625,-0.3662109375,-0.20751953125,-0.0732421875,-0.5859375,0.06103515625,-0.18310546875,0.08544921875,0.8544921875,-0.20751953125,-0.537109375,-0.10986328125,-0.35400390625,-0.3173828125,-0.98876953125,-0.01220703125,0.50048828125,-0.1953125,-0.68359375,0.0244140625,0.62255859375,-0.244140625,-0.6591796875,0.13427734375,-0.06103515625,0.13427734375,0.08544921875,-0.03662109375,-0.2685546875,-0.18310546875,-0.74462890625,0.37841796875,-0.42724609375,0.28076171875,0.76904296875,0.01220703125,0.6103515625,-0.1220703125,-0.29296875,0.439453125,-0.29296875,-0.341796875,0.50048828125,-0.29296875,0.732421875,0.01220703125,0.5126953125,0.15869140625,0.50048828125,-0.18310546875,0.08544921875,-0.03662109375,0.01220703125,-0.20751953125,0.81787109375,0.03662109375,0.09765625,-0.35400390625,0.048828125,-0.40283203125,0.67138671875,0.01220703125,1.416015625,-0.0244140625,0.537109375,0.01220703125,1.9775390625,-0.06103515625,-0.0244140625,0.28076171875,5.419921875,0.3662109375,-0.2197265625,-0.01220703125,0.15869140625,0.13427734375,-0.927734375,0.32958984375,0.10986328125,0.048828125,0.1708984375,-0.0732421875,3.25927734375,-0.1708984375,-0.69580078125,-0.03662109375,-0.67138671875,-0.06103515625,-0.6103515625,-0.23193359375,-0.10986328125,-0.08544921875,-0.84228515625,0.0244140625,-1.5869140625,-0.0244140625,-1.171875,-0.03662109375,0.0732421875,0.146484375,0.29296875,-0.09765625,-0.03662109375,-0.06103515625,-0.0244140625,0.08544921875,0.10986328125,-0.08544921875,0.244140625,0.06103515625,0.72021484375,-0.0732421875,-0.29296875,-0.0732421875,-0.1220703125
0,-0.18310546875,-0.244140625,-0.06103515625,-0.3173828125,-0.1220703125,-0.45166015625,0.15869140625,0.01220703125,0.03662109375,-0.08544921875,0.20751953125,-0.927734375,-0.23193359375,0.9765625,-0.35400390625,-0.1708984375,-0.048828125,-0.59814453125,-0.0244140625,-0.18310546875,0.09765625,0.8544921875,-0.25634765625,-0.54931640625,-0.18310546875,-0.390625,-0.2685546875,-1.025390625,-0.1220703125,0.47607421875,-0.10986328125,-0.89111328125,0,0.4638671875,-0.2685546875,-0.72021484375,0.0732421875,-0.15869140625,0.1953125,0,-0.06103515625,-0.28076171875,-0.28076171875,-0.72021484375,0.35400390625,-0.42724609375,0.2685546875,0.69580078125,0,0.6591796875,-0.15869140625,-0.20751953125,0.42724609375,-0.2685546875,-0.244140625,0.52490234375,-0.244140625,0.732421875,-0.0732421875,0.50048828125,0.2197265625,0.5126953125,-0.1708984375,0.10986328125,0.01220703125,0.09765625,-0.09765625,0.8544921875,0.03662109375,0.18310546875,-0.2685546875,0.09765625,-0.25634765625,0.57373046875,0.13427734375,1.3916015625,-0.09765625,0.4638671875,0.06103515625,1.91650390625,-0.08544921875,-0.08544921875,0.20751953125,5.11474609375,0.35400390625,-0.2685546875,-0.048828125,0.1220703125,0.1220703125,-1.01318359375,0.29296875,0.0244140625,0.10986328125,0.08544921875,0.0244140625,2.685546875,-0.15869140625,-0.7080078125,-0.048828125,-0.67138671875,-0.06103515625,-0.59814453125,-0.28076171875,-0.10986328125,-0.09765625,-0.8544921875,0.048828125,-1.5625,-0.0732421875,-1.171875,-0.0244140625,0.0732421875,0.146484375,0.29296875,-0.0732421875,-0.0244140625,-0.0732421875,-0.03662109375,0.0732421875,0.13427734375,-0.146484375,0.25634765625,-0.06103515625,0.8056640625,-0.15869140625,-0.2685546875,-0.1220703125,-0.0732421875
1,-0.15869140625,-0.23193359375,-0.0732421875,-0.32958984375,-0.13427734375,-0.439453125,0.18310546875,0,0.0244140625,-0.06103515625,0.20751953125,-0.93994140625,-0.20751953125,1.0009765625,-0.341796875,-0.146484375,0,-0.59814453125,-0.048828125,-0.18310546875,0.08544921875,0.86669921875,-0.32958984375,-0.5615234375,-0.20751953125,-0.390625,-0.2197265625,-1.025390625,-0.244140625,0.48828125,-0.10986328125,-0.9521484375,-0.01220703125,0.35400390625,-0.244140625,-0.7080078125,0.0732421875,-0.2197265625,0.25634765625,-0.06103515625,-0.0732421875,-0.28076171875,-0.390625,-0.7080078125,0.28076171875,-0.439453125,0.35400390625,0.634765625,0.01220703125,0.72021484375,-0.244140625,-0.03662109375,0.37841796875,-0.244140625,-0.13427734375,0.5615234375,-0.20751953125,0.7080078125,-0.13427734375,0.48828125,0.2685546875,0.537109375,-0.15869140625,0.13427734375,0.048828125,0.146484375,-0.03662109375,0.927734375,0.03662109375,0.20751953125,-0.20751953125,0.13427734375,-0.32958984375,0.45166015625,0.10986328125,1.35498046875,-0.244140625,0.390625,-0.01220703125,1.85546875,-0.09765625,-0.18310546875,0.1220703125,4.74853515625,0.29296875,-0.30517578125,-0.09765625,0.03662109375,0.10986328125,-1.13525390625,0.244140625,-0.048828125,0.1708984375,-0.0244140625,0.10986328125,1.91650390625,-0.146484375,-0.7080078125,-0.03662109375,-0.67138671875,-0.09765625,-0.59814453125,-0.2685546875,-0.09765625,-0.10986328125,-0.8544921875,0.06103515625,-1.57470703125,-0.1220703125,-1.15966796875,-0.0244140625,0.0732421875,0.15869140625,0.29296875,-0.08544921875,-0.01220703125,-0.06103515625,-0.01220703125,0.048828125,0.146484375,-0.09765625,0.30517578125,-0.01220703125,0.91552734375,-0.0732421875,-0.23193359375,-0.09765625,-0.048828125
1,-0.1708984375,-0.23193359375,-0.048828125,-0.341796875,-0.0732421875,-0.439453125,0.18310546875,-0.01220703125,0,-0.0732421875,0.20751953125,-0.9521484375,-0.1953125,1.0009765625,-0.32958984375,-0.10986328125,0.03662109375,-0.59814453125,-0.06103515625,-0.20751953125,0.048828125,0.86669921875,-0.32958984375,-0.5615234375,-0.20751953125,-0.3662109375,-0.146484375,-1.01318359375,-0.32958984375,0.537109375,-0.08544921875,-0.8544921875,-0.1220703125,0.29296875,-0.28076171875,-0.634765625,-0.09765625,-0.20751953125,0.18310546875,-0.0732421875,-0.03662109375,-0.2685546875,-0.4638671875,-0.7080078125,0.2197265625,-0.4638671875,0.439453125,0.64697265625,0.0244140625,0.78125,-0.29296875,0.1708984375,0.32958984375,-0.244140625,-0.0244140625,0.634765625,-0.18310546875,0.69580078125,-0.15869140625,0.47607421875,0.1953125,0.54931640625,-0.09765625,0.10986328125,0.06103515625,0.15869140625,0.048828125,0.9033203125,-0.048828125,0.1708984375,-0.146484375,0.13427734375,-0.20751953125,0.390625,0.146484375,1.33056640625,-0.2685546875,0.3173828125,0.08544921875,1.7822265625,-0.10986328125,-0.29296875,0.0244140625,4.35791015625,0.20751953125,-0.390625,-0.10986328125,-0.0244140625,0.06103515625,-1.26953125,0.18310546875,-0.13427734375,0.25634765625,-0.1220703125,0.28076171875,1.025390625,-0.10986328125,-0.7080078125,-0.03662109375,-0.69580078125,-0.1220703125,-0.5859375,-0.244140625,-0.10986328125,-0.0732421875,-0.86669921875,0.09765625,-1.55029296875,-0.1708984375,-1.1474609375,0,0.06103515625,0.1953125,0.3173828125,-0.09765625,-0.01220703125,-0.06103515625,-0.01220703125,0.0244140625,0.15869140625,-0.0732421875,0.3173828125,0.06103515625,0.98876953125,-0.03662109375,-0.1953125,-0.10986328125,-0.048828125
1,-0.18310546875,-0.2197265625,-0.048828125,-0.341796875,-0.0732421875,-0.45166015625,0.1953125,-0.0244140625,0,-0.0732421875,0.2197265625,-0.93994140625,-0.1708984375,1.03759765625,-0.30517578125,-0.08544921875,0.03662109375,-0.59814453125,-0.048828125,-0.2197265625,-0.048828125,0.8544921875,-0.40283203125,-0.54931640625,-0.29296875,-0.32958984375,-0.048828125,-0.9521484375,-0.42724609375,0.634765625,-0.13427734375,-0.59814453125,-0.13427734375,0.29296875,-0.1953125,-0.57373046875,-0.13427734375,-0.18310546875,0.1708984375,-0.08544921875,0,-0.23193359375,-0.50048828125,-0.7080078125,0.146484375,-0.45166015625,0.42724609375,0.64697265625,0.01220703125,0.87890625,-0.29296875,0.37841796875,0.28076171875,-0.2197265625,0.048828125,0.68359375,-0.1953125,0.7080078125,-0.08544921875,0.48828125,0.13427734375,0.54931640625,-0.01220703125,0.10986328125,-0.0244140625,0.13427734375,0.15869140625,0.87890625,0.0244140625,0.09765625,-0.0732421875,0.10986328125,-0.13427734375,0.32958984375,0.1220703125,1.2939453125,-0.341796875,0.2685546875,0.13427734375,1.708984375,-0.1220703125,-0.37841796875,-0.0732421875,3.96728515625,0.1220703125,-0.4638671875,-0.10986328125,-0.10986328125,0.01220703125,-1.3671875,0.10986328125,-0.23193359375,0.32958984375,-0.2197265625,0.40283203125,0.13427734375,-0.1220703125,-0.7080078125,-0.0244140625,-0.69580078125,-0.146484375,-0.59814453125,-0.1953125,-0.09765625,-0.048828125,-0.87890625,0.0732421875,-1.55029296875,-0.20751953125,-1.1474609375,0.06103515625,0.06103515625,0.2197265625,0.3662109375,-0.09765625,-0.0244140625,-0.0732421875,-0.0244140625,0.01220703125,0.18310546875,-0.15869140625,0.3173828125,-0.0244140625,1.03759765625,-0.03662109375,-0.1953125,-0.15869140625,-0.08544921875
1,-0.1953125,-0.18310546875,-0.06103515625,-0.37841796875,-0.0732421875,-0.439453125,0.1953125,-0.048828125,0,-0.08544921875,0.244140625,-0.91552734375,-0.15869140625,1.03759765625,-0.3173828125,-0.06103515625,0.06103515625,-0.6103515625,-0.0244140625,-0.23193359375,-0.1220703125,0.86669921875,-0.42724609375,-0.57373046875,-0.28076171875,-0.23193359375,0.048828125,-0.9033203125,-0.48828125,0.732421875,-0.2197265625,-0.28076171875,-0.1220703125,0.30517578125,-0.09765625,-0.5126953125,-0.08544921875,-0.10986328125,0.1953125,-0.09765625,0.048828125,-0.23193359375,-0.4638671875,-0.72021484375,0.0732421875,-0.4638671875,0.4150390625,0.67138671875,0.03662109375,0.93994140625,-0.341796875,0.54931640625,0.2685546875,-0.2197265625,0.08544921875,0.68359375,-0.20751953125,0.72021484375,-0.048828125,0.50048828125,0.18310546875,0.5859375,0.06103515625,0.09765625,-0.08544921875,0.09765625,0.18310546875,0.830078125,0.0244140625,0.0244140625,-0.10986328125,0.0732421875,-0.13427734375,0.32958984375,0.0732421875,1.2451171875,-0.37841796875,0.25634765625,0.1220703125,1.6845703125,-0.09765625,-0.4638671875,-0.146484375,3.662109375,0.03662109375,-0.52490234375,-0.13427734375,-0.15869140625,-0.06103515625,-1.47705078125,0.03662109375,-0.30517578125,0.45166015625,-0.3173828125,0.40283203125,-0.64697265625,-0.1708984375,-0.7080078125,0,-0.6591796875,-0.15869140625,-0.59814453125,-0.15869140625,-0.08544921875,-0.03662109375,-0.87890625,0.048828125,-1.55029296875,-0.28076171875,-1.1474609375,0.09765625,0.06103515625,0.244140625,0.3662109375,-0.0732421875,-0.0244140625,-0.0732421875,-0.048828125,0.01220703125,0.1708984375,-0.10986328125,0.25634765625,0.06103515625,1.01318359375,0.048828125,-0.23193359375,-0.146484375,-0.1708984375
1,-0.1708984375,-0.1953125,-0.0732421875,-0.40283203125,-0.10986328125,-0.42724609375,0.1953125,-0.09765625,0,-0.09765625,0.244140625,-0.927734375,-0.1708984375,1.025390625,-0.3173828125,-0.06103515625,0.03662109375,-0.5859375,-0.01220703125,-0.25634765625,-0.1953125,0.86669921875,-0.40283203125,-0.54931640625,-0.25634765625,-0.146484375,0.15869140625,-0.81787109375,-0.50048828125,0.81787109375,-0.23193359375,0.0732421875,-0.1708984375,0.29296875,-0.1220703125,-0.4638671875,-0.18310546875,-0.06103515625,0.09765625,-0.1220703125,0.06103515625,-0.23193359375,-0.37841796875,-0.72021484375,0.06103515625,-0.50048828125,0.4150390625,0.74462890625,0.0732421875,0.98876953125,-0.390625,0.62255859375,0.20751953125,-0.244140625,0.1220703125,0.7080078125,-0.28076171875,0.7080078125,0,0.52490234375,0.1220703125,0.6103515625,0.1953125,0.08544921875,-0.13427734375,0.048828125,0.1708984375,0.76904296875,-0.0244140625,-0.048828125,-0.18310546875,0.06103515625,-0.10986328125,0.42724609375,0.0244140625,1.25732421875,-0.390625,0.28076171875,0.10986328125,1.6845703125,-0.09765625,-0.52490234375,-0.28076171875,3.466796875,-0.03662109375,-0.59814453125,-0.18310546875,-0.20751953125,-0.13427734375,-1.55029296875,-0.01220703125,-0.3662109375,0.52490234375,-0.40283203125,0.3662109375,-1.2939453125,-0.1953125,-0.732421875,0.01220703125,-0.64697265625,-0.15869140625,-0.6103515625,-0.10986328125,-0.08544921875,0.01220703125,-0.89111328125,0,-1.5625,-0.341796875,-1.1474609375,0.1220703125,0.06103515625,0.2685546875,0.37841796875,-0.0732421875,-0.048828125,-0.0732421875,-0.06103515625,0.01220703125,0.18310546875,-0.13427734375,0.1708984375,0.08544921875,0.9521484375,0.048828125,-0.29296875,-0.1708984375,-0.25634765625
1,-0.1708984375,-0.2197265625,-0.09765625,-0.40283203125,-0.146484375,-0.45166015625,0.20751953125,-0.13427734375,0.03662109375,-0.10986328125,0.2685546875,-0.9033203125,-0.13427734375,1.025390625,-0.3173828125,-0.048828125,0.03662109375,-0.57373046875,-0.01220703125,-0.244140625,-0.28076171875,0.89111328125,-0.37841796875,-0.5615234375,-0.28076171875,-0.06103515625,0.23193359375,-0.732421875,-0.52490234375,0.927734375,-0.29296875,0.341796875,-0.048828125,0.29296875,-0.0244140625,-0.47607421875,-0.1220703125,-0.0244140625,0.15869140625,-0.13427734375,0.08544921875,-0.23193359375,-0.25634765625,-0.72021484375,0.03662109375,-0.47607421875,0.3662109375,0.8056640625,0.13427734375,1.0009765625,-0.3662109375,0.6103515625,0.20751953125,-0.23193359375,0.13427734375,0.68359375,-0.29296875,0.7080078125,0.0732421875,0.537109375,0.146484375,0.6103515625,0.23193359375,0.08544921875,-0.13427734375,0.01220703125,0.23193359375,0.7568359375,0.0732421875,-0.09765625,-0.1220703125,0.03662109375,-0.1220703125,0.54931640625,-0.03662109375,1.2451171875,-0.3173828125,0.341796875,0.06103515625,1.7333984375,-0.0732421875,-0.537109375,-0.3662109375,3.35693359375,-0.10986328125,-0.64697265625,-0.28076171875,-0.23193359375,-0.20751953125,-1.5869140625,-0.0732421875,-0.37841796875,0.59814453125,-0.45166015625,0.244140625,-1.7333984375,-0.2197265625,-0.72021484375,0.0732421875,-0.634765625,-0.15869140625,-0.59814453125,-0.0732421875,-0.0732421875,0.03662109375,-0.89111328125,0,-1.5869140625,-0.390625,-1.171875,0.1708984375,0.03662109375,0.28076171875,0.3662109375,-0.0732421875,-0.06103515625,-0.06103515625,-0.09765625,0,0.1708984375,-0.146484375,0.08544921875,0.0732421875,0.8544921875,0.0244140625,-0.35400390625,-0.18310546875,-0.3662109375
1,-0.13427734375,-0.244140625,-0.08544921875,-0.40283203125,-0.15869140625,-0.45166015625,0.20751953125,-0.1220703125,0.048828125,-0.10986328125,0.2685546875,-0.927734375,-0.10986328125,1.03759765625,-0.32958984375,-0.048828125,0,-0.57373046875,0,-0.244140625,-0.29296875,0.89111328125,-0.3173828125,-0.5615234375,-0.25634765625,-0.0244140625,0.2197265625,-0.64697265625,-0.59814453125,1.0009765625,-0.32958984375,0.5126953125,-0.03662109375,0.25634765625,-0.06103515625,-0.50048828125,-0.10986328125,0.0244140625,0.146484375,-0.15869140625,0.10986328125,-0.2197265625,-0.08544921875,-0.72021484375,0.06103515625,-0.4638671875,0.32958984375,0.89111328125,0.06103515625,0.9765625,-0.37841796875,0.54931640625,0.13427734375,-0.2197265625,0.1220703125,0.6591796875,-0.3662109375,0.732421875,0.13427734375,0.5615234375,0.30517578125,0.6103515625,0.25634765625,0.09765625,-0.1220703125,0,0.23193359375,0.74462890625,0.0732421875,-0.09765625,-0.15869140625,0.06103515625,0.0732421875,0.7080078125,-0.10986328125,1.318359375,-0.2197265625,0.45166015625,-0.01220703125,1.85546875,-0.048828125,-0.54931640625,-0.37841796875,3.3447265625,-0.146484375,-0.67138671875,-0.3173828125,-0.23193359375,-0.23193359375,-1.611328125,-0.09765625,-0.37841796875,0.59814453125,-0.5126953125,0.1220703125,-1.89208984375,-0.20751953125,-0.72021484375,0.13427734375,-0.64697265625,-0.1708984375,-0.6103515625,0,-0.06103515625,0.0244140625,-0.87890625,0.0244140625,-1.57470703125,-0.37841796875,-1.15966796875,0.1953125,0.06103515625,0.28076171875,0.3662109375,-0.048828125,-0.0732421875,-0.0732421875,-0.1220703125,-0.01220703125,0.15869140625,-0.18310546875,0,0,0.7568359375,-0.01220703125,-0.390625,-0.23193359375,-0.42724609375
1,-0.1220703125,-0.28076171875,-0.1220703125,-0.37841796875,-0.18310546875,-0.4638671875,0.20751953125,-0.09765625,0.0244140625,-0.10986328125,0.2685546875,-0.91552734375,-0.13427734375,1.025390625,-0.28076171875,-0.0244140625,-0.048828125,-0.57373046875,0,-0.2197265625,-0.25634765625,0.9033203125,-0.25634765625,-0.54931640625,-0.20751953125,0.01220703125,0.25634765625,-0.6103515625,-0.54931640625,1.0009765625,-0.2685546875,0.5615234375,-0.0244140625,0.2685546875,-0.0732421875,-0.57373046875,-0.10986328125,0.0244140625,0.15869140625,-0.1953125,0.09765625,-0.20751953125,0.06103515625,-0.72021484375,0.048828125,-0.439453125,0.29296875,0.98876953125,0.08544921875,0.93994140625,-0.30517578125,0.439453125,0.146484375,-0.1953125,0.10986328125,0.64697265625,-0.35400390625,0.732421875,0.15869140625,0.5859375,0.3173828125,0.6103515625,0.29296875,0.09765625,-0.146484375,0.06103515625,0.244140625,0.81787109375,-0.01220703125,-0.06103515625,-0.23193359375,0.09765625,0.09765625,0.89111328125,-0.13427734375,1.4404296875,-0.08544921875,0.57373046875,-0.06103515625,1.9775390625,-0.03662109375,-0.537109375,-0.390625,3.3203125,-0.1708984375,-0.69580078125,-0.32958984375,-0.25634765625,-0.18310546875,-1.59912109375,-0.13427734375,-0.3662109375,0.5615234375,-0.5126953125,-0.01220703125,-1.81884765625,-0.18310546875,-0.72021484375,0.146484375,-0.64697265625,-0.23193359375,-0.6103515625,0.03662109375,-0.06103515625,0.0244140625,-0.87890625,0.0732421875,-1.59912109375,-0.35400390625,-1.15966796875,0.20751953125,0.048828125,0.2685546875,0.32958984375,-0.048828125,-0.0732421875,-0.06103515625,-0.146484375,0,0.146484375,-0.1220703125,-0.01220703125,0.08544921875,0.69580078125,0.01220703125,-0.40283203125,-0.13427734375,-0.45166015625
1,-0.146484375,-0.3173828125,-0.1220703125,-0.3662109375,-0.1708984375,-0.48828125,0.18310546875,-0.09765625,0.03662109375,-0.10986328125,0.2685546875,-0.93994140625,-0.1220703125,1.025390625,-0.28076171875,-0.01220703125,-0.06103515625,-0.6103515625,-0.01220703125,-0.23193359375,-0.23193359375,0.89111328125,-0.1953125,-0.5615234375,-0.1953125,0.0244140625,0.2197265625,-0.57373046875,-0.59814453125,1.0009765625,-0.3173828125,0.47607421875,-0.0732421875,0.2197265625,-0.18310546875,-0.62255859375,-0.10986328125,0.03662109375,0.146484375,-0.2197265625,0.13427734375,-0.2197265625,0.1220703125,-0.732421875,0.03662109375,-0.42724609375,0.2685546875,1.06201171875,0.06103515625,0.9033203125,-0.25634765625,0.29296875,0.1708984375,-0.20751953125,0.10986328125,0.62255859375,-0.3173828125,0.72021484375,0.146484375,0.54931640625,0.37841796875,0.6103515625,0.3173828125,0.09765625,-0.0732421875,0.146484375,0.244140625,0.89111328125,0.0732421875,0.03662109375,-0.1220703125,0.1708984375,0.03662109375,1.06201171875,-0.2197265625,1.5625,-0.01220703125,0.72021484375,-0.10986328125,2.16064453125,-0.03662109375,-0.52490234375,-0.3173828125,3.30810546875,-0.1953125,-0.7080078125,-0.25634765625,-0.2685546875,-0.1708984375,-1.5380859375,-0.10986328125,-0.3173828125,0.47607421875,-0.50048828125,-0.0244140625,-1.4892578125,-0.13427734375,-0.7080078125,0.146484375,-0.64697265625,-0.2685546875,-0.6103515625,0.048828125,-0.0732421875,0.01220703125,-0.87890625,0.1220703125,-1.62353515625,-0.3173828125,-1.15966796875,0.18310546875,0.06103515625,0.29296875,0.3173828125,-0.0244140625,-0.08544921875,-0.0732421875,-0.13427734375,-0.01220703125,0.13427734375,-0.146484375,0.03662109375,0.1708984375,0.7080078125,-0.01220703125,-0.35400390625,-0.13427734375,-0.390625
1,-0.13427734375,-0.341796875,-0.1220703125,-0.35400390625,-0.1953125,-0.47607421875,0.146484375,-0.0732421875,0.01220703125,-0.10986328125,0.25634765625,-0.927734375,-0.10986328125,1.0009765625,-0.25634765625,0.048828125,-0.048828125,-0.59814453125,-0.048828125,-0.2197265625,-0.1220703125,0.8544921875,-0.1220703125,-0.5615234375,-0.15869140625,0.01220703125,0.18310546875,-0.54931640625,-0.6103515625,1.01318359375,-0.29296875,0.28076171875,-0.06103515625,0.20751953125,-0.15869140625,-0.64697265625,-0.048828125,0.01220703125,0.1953125,-0.2197265625,0.1220703125,-0.23193359375,0.146484375,-0.69580078125,0.0732421875,-0.45166015625,0.15869140625,1.11083984375,0,0.84228515625,-0.29296875,0.1708984375,0.15869140625,-0.20751953125,0.09765625,0.6103515625,-0.25634765625,0.72021484375,0.15869140625,0.537109375,0.29296875,0.64697265625,0.35400390625,0.1220703125,-0.08544921875,0.29296875,0.146484375,0.98876953125,-0.06103515625,0.1708984375,-0.1708984375,0.2685546875,0.15869140625,1.171875,-0.20751953125,1.69677734375,0.06103515625,0.81787109375,-0.146484375,2.28271484375,-0.048828125,-0.54931640625,-0.23193359375,3.22265625,-0.2197265625,-0.72021484375,-0.1708984375,-0.29296875,-0.09765625,-1.46484375,-0.08544921875,-0.25634765625,0.35400390625,-0.439453125,0.048828125,-1.01318359375,-0.10986328125,-0.68359375,0.09765625,-0.67138671875,-0.30517578125,-0.6103515625,0.0244140625,-0.06103515625,0.0244140625,-0.87890625,0.15869140625,-1.611328125,-0.244140625,-1.15966796875,0.13427734375,0.06103515625,0.29296875,0.30517578125,-0.01220703125,-0.06103515625,-0.08544921875,-0.10986328125,-0.048828125,0.146484375,-0.10986328125,0.146484375,0.244140625,0.8056640625,0,-0.2685546875,-0.08544921875,-0.2685546875
1,-0.10986328125,-0.390625,-0.146484375,-0.32958984375,-0.20751953125,-0.48828125,0.13427734375,-0.048828125,0,-0.10986328125,0.25634765625,-0.91552734375,-0.1220703125,1.01318359375,-0.2197265625,0.1220703125,-0.0244140625,-0.5859375,-0.09765625,-0.20751953125,-0.0244140625,0.8544921875,-0.13427734375,-0.5615234375,-0.10986328125,0,0.18310546875,-0.5126953125,-0.57373046875,0.9765625,-0.244140625,0.048828125,-0.0732421875,0.25634765625,-0.20751953125,-0.62255859375,0.08544921875,0.0244140625,0.20751953125,-0.15869140625,0.1220703125,-0.20751953125,0.15869140625,-0.69580078125,0.06103515625,-0.42724609375,0.244140625,1.13525390625,0.08544921875,0.830078125,-0.23193359375,0.09765625,0.2197265625,-0.1953125,0.09765625,0.6103515625,-0.1708984375,0.72021484375,0.10986328125,0.5126953125,0.30517578125,0.6591796875,0.37841796875,0.1220703125,-0.048828125,0.45166015625,0.0732421875,1.13525390625,-0.09765625,0.32958984375,-0.13427734375,0.390625,0.01220703125,1.220703125,-0.23193359375,1.7822265625,0.0732421875,0.87890625,-0.10986328125,2.35595703125,-0.09765625,-0.57373046875,-0.0244140625,3.01513671875,-0.1953125,-0.732421875,-0.08544921875,-0.35400390625,-0.0244140625,-1.3427734375,-0.0244140625,-0.1708984375,0.20751953125,-0.35400390625,0.06103515625,-0.390625,-0.09765625,-0.68359375,0.01220703125,-0.67138671875,-0.3173828125,-0.62255859375,-0.01220703125,-0.0732421875,0.01220703125,-0.86669921875,0.146484375,-1.59912109375,-0.2197265625,-1.15966796875,0.146484375,0.06103515625,0.2685546875,0.28076171875,-0.0244140625,-0.048828125,-0.0732421875,-0.09765625,-0.03662109375,0.146484375,-0.15869140625,0.29296875,0.15869140625,0.91552734375,-0.06103515625,-0.18310546875,-0.10986328125,-0.09765625
1,-0.10986328125,-0.4150390625,-0.1708984375,-0.341796875,-0.244140625,-0.48828125,0.09765625,-0.03662109375,0,-0.10986328125,0.244140625,-0.9521484375,-0.10986328125,1.01318359375,-0.244140625,0.18310546875,0,-0.5859375,-0.146484375,-0.2197265625,0.048828125,0.8544921875,-0.1220703125,-0.5615234375,-0.13427734375,0.01220703125,0.146484375,-0.50048828125,-0.5615234375,0.98876953125,-0.2685546875,-0.13427734375,-0.09765625,0.3662109375,-0.244140625,-0.52490234375,0.13427734375,0.0732421875,0.244140625,-0.06103515625,0.10986328125,-0.20751953125,0.10986328125,-0.69580078125,0.0732421875,-0.42724609375,0.20751953125,1.11083984375,0.1220703125,0.84228515625,-0.23193359375,0.10986328125,0.23193359375,-0.18310546875,0.03662109375,0.64697265625,-0.13427734375,0.72021484375,0.08544921875,0.52490234375,0.1708984375,0.732421875,0.3662109375,0.1220703125,0.0244140625,0.6103515625,0.0732421875,1.25732421875,-0.10986328125,0.50048828125,-0.06103515625,0.5126953125,-0.08544921875,1.18408203125,-0.25634765625,1.806640625,0.03662109375,0.87890625,-0.08544921875,2.38037109375,-0.08544921875,-0.64697265625,0.03662109375,2.67333984375,-0.2197265625,-0.74462890625,0,-0.4150390625,0,-1.2451171875,0.048828125,-0.09765625,0.0732421875,-0.244140625,0.1220703125,0.341796875,-0.09765625,-0.68359375,-0.0732421875,-0.68359375,-0.32958984375,-0.5859375,-0.06103515625,-0.06103515625,0.01220703125,-0.86669921875,0.1708984375,-1.5869140625,-0.20751953125,-1.15966796875,0.09765625,0.0732421875,0.2685546875,0.29296875,-0.01220703125,-0.03662109375,-0.0732421875,-0.08544921875,-0.06103515625,0.15869140625,-0.1953125,0.4638671875,0.244140625,1.03759765625,-0.048828125,-0.06103515625,-0.1220703125,0.08544921875
1,-0.06103515625,-0.439453125,-0.1953125,-0.3662109375,-0.23193359375,-0.47607421875,0.09765625,-0.048828125,0,-0.10986328125,0.2197265625,-0.9521484375,-0.13427734375,1.01318359375,-0.244140625,0.2197265625,0.01220703125,-0.57373046875,-0.18310546875,-0.2197265625,0.06103515625,0.84228515625,-0.146484375,-0.57373046875,-0.1708984375,0.03662109375,0.10986328125,-0.47607421875,-0.4638671875,1.0498046875,-0.2197265625,-0.23193359375,-0.13427734375,0.47607421875,-0.29296875,-0.4150390625,0.146484375,0.146484375,0.2685546875,0.048828125,0.08544921875,-0.18310546875,0.048828125,-0.69580078125,0.08544921875,-0.42724609375,0.146484375,1.03759765625,0.2197265625,0.93994140625,-0.23193359375,0.18310546875,0.25634765625,-0.15869140625,-0.03662109375,0.69580078125,-0.01220703125,0.69580078125,0.03662109375,0.48828125,0.1708984375,0.79345703125,0.390625,0.13427734375,0.03662109375,0.78125,0,1.3916015625,-0.28076171875,0.62255859375,-0.0732421875,0.634765625,-0.20751953125,1.08642578125,-0.244140625,1.7822265625,0.03662109375,0.81787109375,-0.0244140625,2.28271484375,-0.06103515625,-0.7568359375,0.23193359375,2.1728515625,-0.20751953125,-0.79345703125,0.048828125,-0.537109375,0.0244140625,-1.11083984375,0.09765625,0,-0.03662109375,-0.1220703125,0.03662109375,1.15966796875,-0.09765625,-0.68359375,-0.13427734375,-0.68359375,-0.28076171875,-0.6103515625,-0.10986328125,-0.0732421875,0.03662109375,-0.87890625,0.1953125,-1.57470703125,-0.18310546875,-1.1474609375,0.08544921875,0.0732421875,0.244140625,0.30517578125,-0.03662109375,-0.01220703125,-0.0732421875,-0.0732421875,-0.08544921875,0.15869140625,-0.1708984375,0.5859375,0.244140625,1.15966796875,-0.0244140625,0.01220703125,-0.1220703125,0.244140625
1,-0.03662109375,-0.439453125,-0.1708984375,-0.37841796875,-0.1708984375,-0.45166015625,0.08544921875,-0.06103515625,-0.01220703125,-0.0732421875,0.20751953125,-0.927734375,-0.15869140625,1.025390625,-0.1953125,0.25634765625,0.01220703125,-0.5859375,-0.146484375,-0.244140625,0.03662109375,0.8544921875,-0.1708984375,-0.57373046875,-0.1708984375,0.06103515625,0.10986328125,-0.45166015625,-0.30517578125,1.123046875,-0.18310546875,-0.244140625,-0.1220703125,0.6103515625,-0.30517578125,-0.2685546875,0.2197265625,0.2197265625,0.23193359375,0.1953125,0.15869140625,-0.18310546875,-0.0244140625,-0.69580078125,0.08544921875,-0.42724609375,0.2197265625,0.96435546875,0.32958984375,1.0498046875,-0.18310546875,0.30517578125,0.3173828125,-0.13427734375,-0.0732421875,0.74462890625,0.03662109375,0.7080078125,-0.01220703125,0.50048828125,0.0244140625,0.87890625,0.341796875,0.13427734375,0.1220703125,0.93994140625,-0.06103515625,1.46484375,-0.35400390625,0.72021484375,-0.06103515625,0.72021484375,-0.2197265625,0.9521484375,-0.25634765625,1.6845703125,0.0244140625,0.69580078125,0.0732421875,2.1728515625,-0.048828125,-0.89111328125,0.28076171875,1.5380859375,-0.1708984375,-0.8544921875,0.01220703125,-0.6591796875,0.0244140625,-0.9765625,0.08544921875,0.10986328125,-0.146484375,0.048828125,0.0732421875,2.001953125,-0.10986328125,-0.6591796875,-0.18310546875,-0.69580078125,-0.28076171875,-0.5859375,-0.13427734375,-0.06103515625,0.06103515625,-0.84228515625,0.20751953125,-1.5869140625,-0.15869140625,-1.15966796875,0.09765625,0.09765625,0.25634765625,0.30517578125,-0.03662109375,0,-0.08544921875,-0.06103515625,-0.09765625,0.15869140625,-0.1708984375,0.67138671875,0.2685546875,1.23291015625,-0.03662109375,0.048828125,-0.146484375,0.30517578125
0,-0.01220703125,-0.439453125,-0.146484375,-0.37841796875,-0.1220703125,-0.45166015625,0.1220703125,-0.06103515625,0.01220703125,-0.0732421875,0.1708984375,-0.927734375,-0.20751953125,1.025390625,-0.2197265625,0.28076171875,0,-0.57373046875,-0.13427734375,-0.25634765625,0,0.86669921875,-0.1220703125,-0.5859375,-0.13427734375,0.1220703125,0.08544921875,-0.4150390625,-0.1220703125,1.20849609375,-0.1220703125,-0.1220703125,-0.10986328125,0.74462890625,-0.244140625,-0.1708984375,0.20751953125,0.28076171875,0.1708984375,0.29296875,0.1708984375,-0.15869140625,-0.06103515625,-0.69580078125,0.13427734375,-0.439453125,0.244140625,0.84228515625,0.341796875,1.15966796875,-0.2197265625,0.47607421875,0.3173828125,-0.1220703125,-0.1220703125,0.81787109375,0.06103515625,0.732421875,-0.01220703125,0.50048828125,-0.03662109375,0.9765625,0.30517578125,0.146484375,0.146484375,1.0498046875,-0.09765625,1.513671875,-0.37841796875,0.76904296875,-0.03662109375,0.78125,-0.13427734375,0.8544921875,-0.25634765625,1.5625,0.048828125,0.5859375,0.1953125,2.001953125,-0.0732421875,-1.0498046875,0.35400390625,0.86669921875,-0.1708984375,-0.96435546875,-0.0244140625,-0.76904296875,0.0244140625,-0.86669921875,0.08544921875,0.20751953125,-0.18310546875,0.1708984375,0.01220703125,2.9052734375,-0.1220703125,-0.6591796875,-0.20751953125,-0.7080078125,-0.28076171875,-0.59814453125,-0.146484375,-0.048828125,0.08544921875,-0.86669921875,0.1953125,-1.5625,-0.146484375,-1.1474609375,0.09765625,0.08544921875,0.29296875,0.3173828125,-0.048828125,0,-0.0732421875,-0.03662109375,-0.13427734375,0.1708984375,-0.1953125,0.67138671875,0.2685546875,1.220703125,-0.03662109375,0.0244140625,-0.146484375,0.29296875
0,0.01220703125,-0.4638671875,-0.1708984375,-0.37841796875,-0.08544921875,-0.439453125,0.1220703125,-0.08544921875,-0.0244140625,-0.08544921875,0.18310546875,-0.927734375,-0.2197265625,1.03759765625,-0.1708984375,0.23193359375,-0.0244140625,-0.5859375,-0.09765625,-0.23193359375,-0.0244140625,0.8544921875,-0.1220703125,-0.5859375,-0.10986328125,0.15869140625,0.0732421875,-0.390625,0.09765625,1.2939453125,-0.09765625,0.0732421875,-0.08544921875,0.81787109375,-0.23193359375,-0.08544921875,0.244140625,0.29296875,0.15869140625,0.341796875,0.1220703125,-0.1708984375,-0.15869140625,-0.68359375,0.18310546875,-0.439453125,0.23193359375,0.72021484375,0.4150390625,1.28173828125,-0.23193359375,0.6591796875,0.341796875,-0.0732421875,-0.1953125,0.89111328125,0.0732421875,0.72021484375,-0.03662109375,0.5126953125,-0.03662109375,1.123046875,0.244140625,0.1220703125,0.09765625,1.11083984375,-0.0732421875,1.5380859375,-0.35400390625,0.76904296875,-0.03662109375,0.8056640625,-0.10986328125,0.8544921875,-0.30517578125,1.46484375,0.01220703125,0.45166015625,0.28076171875,1.85546875,-0.09765625,-1.20849609375,0.390625,0.2197265625,-0.146484375,-1.07421875,-0.06103515625,-0.9033203125,0.01220703125,-0.72021484375,0.0244140625,0.30517578125,-0.1953125,0.341796875,0.13427734375,3.77197265625,-0.1220703125,-0.6591796875,-0.1953125,-0.72021484375,-0.244140625,-0.59814453125,-0.09765625,-0.048828125,0.13427734375,-0.86669921875,0.23193359375,-1.5625,-0.1220703125,-1.171875,0.09765625,0.0732421875,0.30517578125,0.32958984375,-0.06103515625,0,-0.08544921875,-0.048828125,-0.146484375,0.15869140625,-0.18310546875,0.59814453125,0.30517578125,1.20849609375,-0.03662109375,-0.01220703125,-0.1708984375,0.20751953125
0,0.048828125,-0.4638671875,-0.1953125,-0.390625,-0.08544921875,-0.439453125,0.1220703125,-0.09765625,-0.01220703125,-0.06103515625,0.1708984375,-0.91552734375,-0.244140625,1.025390625,-0.146484375,0.18310546875,-0.048828125,-0.5859375,-0.01220703125,-0.2197265625,-0.048828125,0.8544921875,-0.0732421875,-0.5859375,-0.048828125,0.20751953125,0.0732421875,-0.390625,0.25634765625,1.37939453125,-0.09765625,0.29296875,-0.10986328125,0.830078125,-0.20751953125,-0.09765625,0.20751953125,0.30517578125,0.10986328125,0.30517578125,0.146484375,-0.1953125,-0.2197265625,-0.67138671875,0.20751953125,-0.45166015625,0.244140625,0.59814453125,0.4638671875,1.35498046875,-0.28076171875,0.81787109375,0.37841796875,-0.03662109375,-0.23193359375,0.93994140625,0.08544921875,0.74462890625,-0.0244140625,0.52490234375,-0.048828125,1.28173828125,0.146484375,0.13427734375,0.146484375,1.1474609375,-0.09765625,1.52587890625,-0.28076171875,0.69580078125,-0.08544921875,0.8056640625,-0.06103515625,1.0009765625,-0.28076171875,1.3916015625,0.01220703125,0.4150390625,0.37841796875,1.7822265625,-0.13427734375,-1.33056640625,0.3662109375,-0.29296875,-0.1220703125,-1.171875,-0.13427734375,-1.0009765625,-0.03662109375,-0.6103515625,-0.0244140625,0.4150390625,-0.2197265625,0.4638671875,0.1220703125,4.6630859375,-0.146484375,-0.67138671875,-0.146484375,-0.69580078125,-0.1708984375,-0.5859375,-0.08544921875,-0.048828125,0.1953125,-0.86669921875,0.2685546875,-1.5380859375,-0.09765625,-1.171875,0.06103515625,0.048828125,0.29296875,0.3173828125,-0.06103515625,0.01220703125,-0.08544921875,-0.06103515625,-0.146484375,0.1708984375,-0.1708984375,0.5126953125,0.341796875,1.1962890625,0,-0.08544921875,-0.13427734375,0.1220703125
0,0.08544921875,-0.47607421875,-0.2197265625,-0.3662109375,-0.0732421875,-0.45166015625,0.10986328125,-0.10986328125,-0.01220703125,-0.0732421875,0.15869140625,-0.9033203125,-0.25634765625,1.03759765625,-0.15869140625,0.09765625,-0.06103515625,-0.5615234375,0,-0.2197265625,-0.03662109375,0.86669921875,-0.048828125,-0.57373046875,0,0.244140625,0.048828125,-0.40283203125,0.390625,1.40380859375,-0.1220703125,0.47607421875,-0.06103515625,0.78125,-0.13427734375,-0.1708984375,0.25634765625,0.25634765625,0.09765625,0.23193359375,0.10986328125,-0.1953125,-0.2685546875,-0.68359375,0.23193359375,-0.45166015625,0.18310546875,0.50048828125,0.45166015625,1.42822265625,-0.29296875,0.89111328125,0.45166015625,0.01220703125,-0.29296875,0.9765625,0.06103515625,0.7568359375,0,0.54931640625,-0.06103515625,1.45263671875,0.01220703125,0.1220703125,0.13427734375,1.0986328125,-0.146484375,1.47705078125,-0.18310546875,0.64697265625,-0.146484375,0.76904296875,-0.01220703125,1.35498046875,-0.25634765625,1.40380859375,0.03662109375,0.5126953125,0.40283203125,1.86767578125,-0.13427734375,-1.40380859375,0.3173828125,-0.6591796875,-0.146484375,-1.220703125,-0.15869140625,-1.0498046875,-0.10986328125,-0.5126953125,-0.09765625,0.52490234375,-0.244140625,0.57373046875,0.06103515625,5.48095703125,-0.146484375,-0.67138671875,-0.10986328125,-0.68359375,-0.10986328125,-0.59814453125,-0.048828125,-0.048828125,0.2197265625,-0.86669921875,0.2685546875,-1.57470703125,-0.0732421875,-1.18408203125,0.048828125,0.048828125,0.3173828125,0.32958984375,-0.06103515625,-0.01220703125,-0.08544921875,-0.06103515625,-0.1708984375,0.1708984375,-0.1220703125,0.439453125,0.35400390625,1.23291015625,-0.01220703125,-0.1220703125,-0.10986328125,0.03662109375
0,0.09765625,-0.47607421875,-0.18310546875,-0.3662109375,-0.06103515625,-0.42724609375,0.1220703125,-0.09765625,0.01220703125,-0.09765625,0.15869140625,-0.9033203125,-0.25634765625,1.01318359375,-0.10986328125,-0.0244140625,-0.09765625,-0.59814453125,0.0244140625,-0.20751953125,-0.03662109375,0.8544921875,-0.0732421875,-0.57373046875,0.01220703125,0.23193359375,0.06103515625,-0.4638671875,0.439453125,1.40380859375,-0.18310546875,0.5615234375,-0.048828125,0.67138671875,-0.13427734375,-0.3173828125,0.25634765625,0.20751953125,0.0732421875,0.09765625,0.13427734375,-0.2197265625,-0.29296875,-0.6591796875,0.244140625,-0.45166015625,0.09765625,0.42724609375,0.42724609375,1.4404296875,-0.30517578125,0.89111328125,0.50048828125,0.06103515625,-0.3173828125,0.96435546875,0.048828125,0.76904296875,0.0244140625,0.5615234375,-0.03662109375,1.611328125,-0.10986328125,0.1220703125,0.13427734375,1.07421875,-0.20751953125,1.42822265625,-0.10986328125,0.54931640625,-0.2197265625,0.7080078125,0.03662109375,1.94091796875,-0.23193359375,1.5869140625,0.08544921875,0.74462890625,0.37841796875,2.099609375,-0.146484375,-1.4404296875,0.29296875,-0.732421875,-0.146484375,-1.23291015625,-0.1953125,-1.025390625,-0.146484375,-0.439453125,-0.15869140625,0.57373046875,-0.29296875,0.634765625,0.048828125,6.14013671875,-0.146484375,-0.68359375,-0.08544921875,-0.67138671875,-0.0244140625,-0.5859375,-0.0244140625,-0.0732421875,0.18310546875,-0.86669921875,0.2685546875,-1.5869140625,-0.048828125,-1.171875,0.03662109375,0.03662109375,0.29296875,0.32958984375,-0.048828125,-0.0244140625,-0.0732421875,-0.08544921875,-0.18310546875,0.13427734375,-0.146484375,0.45166015625,0.32958984375,1.42822265625,-0.0244140625,-0.0732421875,-0.08544921875,0.06103515625
0,0.09765625,-0.48828125,-0.18310546875,-0.3662109375,-0.0244140625,-0.47607421875,0.146484375,-0.08544921875,0.0244140625,-0.13427734375,0.15869140625,-0.89111328125,-0.25634765625,0.98876953125,-0.146484375,-0.146484375,-0.09765625,-0.5859375,0.048828125,-0.18310546875,-0.06103515625,0.8544921875,-0.10986328125,-0.5859375,0.06103515625,0.1953125,0.06103515625,-0.5126953125,0.47607421875,1.3671875,-0.146484375,0.5615234375,0.048828125,0.54931640625,-0.048828125,-0.47607421875,0.25634765625,0.1953125,0.048828125,-0.048828125,0.13427734375,-0.23193359375,-0.244140625,-0.67138671875,0.1708984375,-0.4638671875,0.08544921875,0.42724609375,0.35400390625,1.40380859375,-0.3173828125,0.830078125,0.537109375,0.048828125,-0.29296875,0.9521484375,0.06103515625,0.7568359375,0.0244140625,0.5615234375,-0.0244140625,1.7578125,-0.2197265625,0.13427734375,0.10986328125,1.025390625,-0.2197265625,1.3671875,-0.03662109375,0.439453125,-0.28076171875,0.634765625,0.06103515625,2.77099609375,-0.18310546875,1.904296875,0.146484375,1.08642578125,0.3662109375,2.5146484375,-0.1708984375,-1.37939453125,0.28076171875,-0.52490234375,-0.15869140625,-1.220703125,-0.1953125,-0.96435546875,-0.20751953125,-0.37841796875,-0.1953125,0.59814453125,-0.341796875,0.6591796875,0.0244140625,6.5673828125,-0.1220703125,-0.69580078125,-0.09765625,-0.64697265625,0.048828125,-0.59814453125,0.0244140625,-0.048828125,0.1220703125,-0.8544921875,0.25634765625,-1.59912109375,-0.048828125,-1.171875,0.048828125,0.0244140625,0.30517578125,0.3173828125,-0.03662109375,-0.03662109375,-0.09765625,-0.09765625,-0.18310546875,0.13427734375,-0.10986328125,0.57373046875,0.32958984375,1.7822265625,-0.01220703125,0.09765625,-0.06103515625,0.25634765625
0,0.1220703125,-0.45166015625,-0.18310546875,-0.37841796875,-0.01220703125,-0.48828125,0.1708984375,-0.08544921875,0,-0.15869140625,0.1708984375,-0.91552734375,-0.25634765625,0.98876953125,-0.1220703125,-0.2685546875,-0.0732421875,-0.59814453125,0.048828125,-0.15869140625,-0.09765625,0.86669921875,-0.1953125,-0.57373046875,0.08544921875,0.146484375,0.06103515625,-0.5859375,0.48828125,1.30615234375,-0.08544921875,0.4638671875,0.06103515625,0.4638671875,0,-0.5615234375,0.18310546875,0.25634765625,0.01220703125,-0.13427734375,0.09765625,-0.244140625,-0.1708984375,-0.634765625,0.08544921875,-0.45166015625,-0.01220703125,0.439453125,0.20751953125,1.33056640625,-0.28076171875,0.69580078125,0.5859375,0.03662109375,-0.32958984375,0.91552734375,0.06103515625,0.732421875,0.0244140625,0.54931640625,0.048828125,1.89208984375,-0.30517578125,0.146484375,0.01220703125,0.93994140625,-0.20751953125,1.2939453125,0.048828125,0.37841796875,-0.2685546875,0.5615234375,-0.08544921875,3.7841796875,-0.08544921875,2.35595703125,0.1953125,1.5869140625,0.32958984375,3.11279296875,-0.15869140625,-1.26953125,0.29296875,-0.06103515625,-0.1953125,-1.1474609375,-0.146484375,-0.89111328125,-0.1953125,-0.40283203125,-0.23193359375,0.5859375,-0.390625,0.64697265625,-0.03662109375,6.73828125,-0.13427734375,-0.72021484375,-0.08544921875,-0.634765625,0.03662109375,-0.59814453125,0.06103515625,-0.048828125,0.0244140625,-0.86669921875,0.28076171875,-1.611328125,-0.06103515625,-1.15966796875,0.0732421875,0.06103515625,0.30517578125,0.3173828125,-0.0244140625,-0.03662109375,-0.0732421875,-0.09765625,-0.1953125,0.146484375,-0.09765625,0.89111328125,0.23193359375,2.35595703125,-0.01220703125,0.3662109375,-0.0244140625,0.64697265625
0,0.1220703125,-0.40283203125,-0.2197265625,-0.37841796875,0,-0.5126953125,0.146484375,-0.10986328125,-0.0244140625,-0.146484375,0.146484375,-0.91552734375,-0.244140625,0.98876953125,-0.0732421875,-0.3662109375,-0.06103515625,-0.59814453125,0.08544921875,-0.18310546875,-0.1220703125,0.86669921875,-0.1953125,-0.5859375,0.048828125,0.06103515625,0.0732421875,-0.62255859375,0.48828125,1.2451171875,-0.1220703125,0.28076171875,0.0732421875,0.42724609375,0.09765625,-0.57373046875,0.1220703125,0.390625,0.03662109375,-0.1220703125,0.15869140625,-0.244140625,-0.09765625,-0.67138671875,-0.048828125,-0.439453125,0.0244140625,0.52490234375,0.15869140625,1.25732421875,-0.29296875,0.52490234375,0.62255859375,0,-0.3662109375,0.87890625,0.08544921875,0.732421875,0.048828125,0.537109375,0,1.96533203125,-0.32958984375,0.15869140625,0.03662109375,0.86669921875,-0.2197265625,1.25732421875,0.1220703125,0.30517578125,-0.2685546875,0.48828125,-0.2685546875,4.9560546875,-0.048828125,2.89306640625,0.2197265625,2.197265625,0.2685546875,3.79638671875,-0.15869140625,-1.07421875,0.25634765625,0.64697265625,-0.146484375,-1.025390625,-0.13427734375,-0.69580078125,-0.1953125,-0.45166015625,-0.244140625,0.54931640625,-0.40283203125,0.59814453125,-0.0732421875,6.5185546875,-0.13427734375,-0.7080078125,-0.03662109375,-0.6591796875,0.03662109375,-0.62255859375,0.048828125,-0.06103515625,-0.01220703125,-0.8544921875,0.244140625,-1.611328125,-0.06103515625,-1.171875,0.1220703125,0.048828125,0.29296875,0.3173828125,-0.01220703125,-0.048828125,-0.0732421875,-0.08544921875,-0.20751953125,0.13427734375,-0.146484375,1.40380859375,0.1708984375,3.11279296875,-0.01220703125,0.79345703125,-0.03662109375,1.2451171875
0,0.1220703125,-0.3662109375,-0.25634765625,-0.35400390625,0.048828125,-0.47607421875,0.13427734375,-0.0732421875,-0.0244140625,-0.146484375,0.1220703125,-0.91552734375,-0.2197265625,0.98876953125,-0.03662109375,-0.3662109375,-0.0244140625,-0.5859375,0.08544921875,-0.146484375,-0.20751953125,0.86669921875,-0.1953125,-0.5859375,0.0732421875,-0.01220703125,0.13427734375,-0.6591796875,0.45166015625,1.220703125,-0.0732421875,0.0732421875,-0.03662109375,0.5126953125,0.1220703125,-0.47607421875,-0.06103515625,0.69580078125,0,-0.01220703125,0.146484375,-0.244140625,-0.0244140625,-0.67138671875,-0.13427734375,-0.45166015625,0.01220703125,0.6103515625,0.10986328125,1.18408203125,-0.30517578125,0.35400390625,0.64697265625,-0.0732421875,-0.3662109375,0.8056640625,0.10986328125,0.69580078125,0.06103515625,0.5126953125,-0.06103515625,1.9287109375,-0.3662109375,0.1220703125,-0.03662109375,0.8056640625,-0.30517578125,1.20849609375,0.06103515625,0.25634765625,-0.2197265625,0.45166015625,-0.2685546875,6.15234375,-0.0244140625,3.466796875,0.15869140625,2.79541015625,0.15869140625,4.55322265625,-0.15869140625,-0.8544921875,0.1220703125,1.52587890625,-0.09765625,-0.89111328125,-0.09765625,-0.48828125,-0.18310546875,-0.57373046875,-0.20751953125,0.4638671875,-0.390625,0.50048828125,-0.146484375,5.96923828125,-0.09765625,-0.69580078125,0,-0.634765625,-0.0244140625,-0.62255859375,0.0732421875,-0.048828125,-0.0244140625,-0.8544921875,0.20751953125,-1.59912109375,-0.08544921875,-1.15966796875,0.146484375,0.048828125,0.30517578125,0.30517578125,-0.01220703125,-0.03662109375,-0.0732421875,-0.0732421875,-0.1953125,0.13427734375,-0.1220703125,2.06298828125,0.18310546875,4.0283203125,0.03662109375,1.33056640625,-0.048828125,2.0263671875
0,0.10986328125,-0.29296875,-0.29296875,-0.35400390625,0.03662109375,-0.47607421875,0.13427734375,-0.06103515625,-0.0244140625,-0.1220703125,0.08544921875,-0.91552734375,-0.20751953125,0.98876953125,-0.048828125,-0.35400390625,-0.01220703125,-0.6103515625,0.048828125,-0.15869140625,-0.25634765625,0.9033203125,-0.18310546875,-0.5859375,-0.0244140625,-0.048828125,0.13427734375,-0.69580078125,0.4150390625,1.123046875,-0.09765625,-0.13427734375,-0.08544921875,0.79345703125,0.1708984375,-0.18310546875,-0.01220703125,1.13525390625,0.048828125,0.29296875,0.1220703125,-0.23193359375,0.0244140625,-0.68359375,-0.244140625,-0.439453125,-0.0244140625,0.69580078125,0.06103515625,1.15966796875,-0.25634765625,0.23193359375,0.634765625,-0.1220703125,-0.40283203125,0.7568359375,0.10986328125,0.69580078125,0.048828125,0.5126953125,-0.03662109375,1.86767578125,-0.37841796875,0.13427734375,-0.01220703125,0.7568359375,-0.2197265625,1.18408203125,0.1220703125,0.244140625,-0.10986328125,0.40283203125,-0.2197265625,7.373046875,-0.0244140625,4.052734375,0.08544921875,3.40576171875,0.08544921875,5.2734375,-0.10986328125,-0.62255859375,0.1220703125,2.5146484375,0,-0.72021484375,0,-0.30517578125,-0.10986328125,-0.72021484375,-0.13427734375,0.32958984375,-0.30517578125,0.3662109375,-0.15869140625,5.09033203125,-0.08544921875,-0.69580078125,0.03662109375,-0.6591796875,-0.08544921875,-0.59814453125,0.09765625,-0.03662109375,-0.01220703125,-0.87890625,0.18310546875,-1.5869140625,-0.09765625,-1.15966796875,0.1708984375,0.06103515625,0.3173828125,0.30517578125,-0.01220703125,-0.0244140625,-0.08544921875,-0.048828125,-0.23193359375,0.146484375,-0.13427734375,2.81982421875,0.1220703125,5.0048828125,0.0732421875,1.953125,-0.08544921875,2.89306640625
0,0.13427734375,-0.2197265625,-0.2685546875,-0.341796875,0.0244140625,-0.47607421875,0.10986328125,-0.048828125,-0.01220703125,-0.09765625,0.09765625,-0.927734375,-0.20751953125,1.0009765625,0,-0.30517578125,-0.03662109375,-0.6103515625,0.09765625,-0.15869140625,-0.30517578125,0.9033203125,-0.146484375,-0.57373046875,-0.1953125,-0.0732421875,0.1220703125,-0.68359375,0.32958984375,1.0986328125,-0.15869140625,-0.2197265625,-0.1220703125,1.26953125,0.146484375,0.244140625,-0.08544921875,1.77001953125,0.1220703125,0.7568359375,0.10986328125,-0.23193359375,0.048828125,-0.67138671875,-0.30517578125,-0.4150390625,0.03662109375,0.76904296875,0.01220703125,1.123046875,-0.3662109375,0.1708984375,0.59814453125,-0.1708984375,-0.390625,0.72021484375,0.10986328125,0.7080078125,-0.01220703125,0.5126953125,-0.048828125,1.7578125,-0.3662109375,0.10986328125,0,0.72021484375,-0.18310546875,1.15966796875,0.0244140625,0.244140625,-0.10986328125,0.37841796875,-0.15869140625,8.45947265625,0.0244140625,4.55322265625,0.048828125,3.955078125,0.0732421875,5.95703125,-0.06103515625,-0.35400390625,0.08544921875,3.515625,0.146484375,-0.52490234375,0.0732421875,-0.1220703125,-0.0732421875,-0.89111328125,-0.06103515625,0.2197265625,-0.18310546875,0.2197265625,-0.20751953125,3.9794921875,-0.08544921875,-0.69580078125,0.06103515625,-0.6591796875,-0.1220703125,-0.6103515625,0.10986328125,-0.03662109375,0.01220703125,-0.8544921875,0.146484375,-1.5625,-0.10986328125,-1.171875,0.1708984375,0.048828125,0.28076171875,0.29296875,-0.01220703125,-0.03662109375,-0.08544921875,-0.01220703125,-0.25634765625,0.146484375,-0.09765625,3.61328125,0.2197265625,5.96923828125,0.146484375,2.55126953125,-0.0732421875,3.7841796875
0,0.10986328125,-0.13427734375,-0.25634765625,-0.341796875,0.048828125,-0.4638671875,0.09765625,-0.06103515625,-0.03662109375,-0.09765625,0.03662109375,-0.91552734375,-0.1953125,1.025390625,0.01220703125,-0.244140625,-0.0732421875,-0.6103515625,0.10986328125,-0.1953125,-0.37841796875,0.89111328125,-0.18310546875,-0.57373046875,-0.23193359375,-0.06103515625,0.1708984375,-0.6591796875,0.3173828125,1.08642578125,-0.10986328125,-0.2685546875,-0.18310546875,1.8310546875,0.08544921875,0.8056640625,-0.15869140625,2.5390625,0.10986328125,1.3671875,0.0732421875,-0.2197265625,0.01220703125,-0.69580078125,-0.3173828125,-0.4150390625,0.048828125,0.86669921875,0.03662109375,1.123046875,-0.3662109375,0.1708984375,0.59814453125,-0.1953125,-0.30517578125,0.72021484375,0.1708984375,0.72021484375,-0.09765625,0.52490234375,-0.0244140625,1.6357421875,-0.40283203125,0.10986328125,0.0244140625,0.634765625,-0.1220703125,1.13525390625,-0.09765625,0.23193359375,-0.0732421875,0.341796875,-0.20751953125,9.36279296875,0.09765625,4.94384765625,-0.0244140625,4.40673828125,0.03662109375,6.4453125,0,-0.146484375,-0.01220703125,4.43115234375,0.3173828125,-0.37841796875,0.08544921875,0.048828125,-0.03662109375,-1.07421875,0.03662109375,0.048828125,-0.0732421875,0.03662109375,-0.25634765625,2.79541015625,-0.10986328125,-0.7080078125,0.06103515625,-0.67138671875,-0.1953125,-0.6103515625,0.06103515625,-0.06103515625,0.048828125,-0.87890625,0.09765625,-1.55029296875,-0.08544921875,-1.1474609375,0.2197265625,0.08544921875,0.29296875,0.30517578125,-0.01220703125,-0.0244140625,-0.0732421875,-0.01220703125,-0.25634765625,0.146484375,-0.10986328125,4.345703125,0.25634765625,6.8359375,0.1953125,3.1005859375,-0.06103515625,4.62646484375
0,0.10986328125,-0.06103515625,-0.23193359375,-0.341796875,0.0732421875,-0.42724609375,0.0732421875,-0.0732421875,-0.048828125,-0.06103515625,0.0244140625,-0.927734375,-0.20751953125,1.03759765625,0.01220703125,-0.1708984375,-0.10986328125,-0.5859375,0.146484375,-0.20751953125,-0.390625,0.89111328125,-0.15869140625,-0.59814453125,-0.35400390625,-0.03662109375,0.15869140625,-0.62255859375,0.23193359375,1.06201171875,-0.1708984375,-0.1953125,-0.13427734375,2.5146484375,0.03662109375,1.47705078125,-0.13427734375,3.40576171875,0.09765625,2.0263671875,0.0244140625,-0.23193359375,-0.0244140625,-0.69580078125,-0.28076171875,-0.4150390625,0.08544921875,0.93994140625,-0.0244140625,1.123046875,-0.4150390625,0.244140625,0.54931640625,-0.244140625,-0.25634765625,0.72021484375,0.1953125,0.7080078125,-0.15869140625,0.54931640625,-0.0244140625,1.4892578125,-0.390625,0.10986328125,0.10986328125,0.5859375,0,1.0986328125,-0.0732421875,0.244140625,0.048828125,0.3173828125,-0.08544921875,10.04638671875,0.08544921875,5.23681640625,-0.08544921875,4.72412109375,0.03662109375,6.79931640625,0.06103515625,0.0244140625,-0.08544921875,5.23681640625,0.42724609375,-0.244140625,0.03662109375,0.1953125,0.03662109375,-1.2451171875,0.09765625,-0.08544921875,0.048828125,-0.10986328125,-0.28076171875,1.611328125,-0.10986328125,-0.69580078125,0.06103515625,-0.68359375,-0.2197265625,-0.59814453125,0.01220703125,-0.03662109375,0.01220703125,-0.87890625,0.0732421875,-1.5380859375,-0.1220703125,-1.1474609375,0.23193359375,0.0732421875,0.28076171875,0.30517578125,-0.048828125,-0.0244140625,-0.08544921875,0.01220703125,-0.25634765625,0.15869140625,-0.03662109375,4.931640625,0.25634765625,7.53173828125,0.2685546875,3.564453125,-0.0244140625,5.26123046875
1,0.10986328125,-0.01220703125,-0.23193359375,-0.341796875,0.10986328125,-0.42724609375,0.048828125,-0.08544921875,-0.08544921875,-0.0732421875,0,-0.91552734375,-0.2197265625,1.03759765625,0.06103515625,-0.08544921875,-0.13427734375,-0.5615234375,0.1708984375,-0.20751953125,-0.37841796875,0.89111328125,-0.1708984375,-0.5859375,-0.439453125,-0.0244140625,0.146484375,-0.59814453125,0.15869140625,1.07421875,-0.18310546875,-0.0732421875,-0.146484375,3.2470703125,-0.0732421875,2.13623046875,-0.09765625,4.296875,0.09765625,2.72216796875,0,-0.23193359375,-0.10986328125,-0.69580078125,-0.20751953125,-0.40283203125,0.08544921875,0.96435546875,-0.048828125,1.15966796875,-0.4638671875,0.35400390625,0.42724609375,-0.28076171875,-0.1708984375,0.74462890625,0.25634765625,0.7080078125,-0.2197265625,0.5615234375,-0.0732421875,1.33056640625,-0.35400390625,0.1220703125,0.01220703125,0.537109375,0.01220703125,1.08642578125,-0.13427734375,0.23193359375,0.03662109375,0.29296875,0,10.5224609375,0.01220703125,5.38330078125,-0.1708984375,4.91943359375,0.048828125,6.99462890625,0.048828125,0.15869140625,-0.09765625,5.84716796875,0.50048828125,-0.15869140625,-0.048828125,0.29296875,0.08544921875,-1.37939453125,0.13427734375,-0.2197265625,0.15869140625,-0.25634765625,-0.25634765625,0.62255859375,-0.0732421875,-0.68359375,0,-0.7080078125,-0.244140625,-0.6103515625,-0.0244140625,-0.03662109375,-0.0244140625,-0.87890625,0.01220703125,-1.55029296875,-0.09765625,-1.13525390625,0.20751953125,0.0732421875,0.2685546875,0.32958984375,-0.048828125,-0.0244140625,-0.0732421875,0.048828125,-0.25634765625,0.1708984375,-0.06103515625,5.2978515625,0.20751953125,7.97119140625,0.28076171875,3.857421875,0.01220703125,5.6884765625
1,0.09765625,0.01220703125,-0.23193359375,-0.35400390625,0.10986328125,-0.42724609375,0.03662109375,-0.08544921875,-0.1220703125,-0.09765625,-0.0244140625,-0.91552734375,-0.2197265625,1.0498046875,0.09765625,-0.048828125,-0.13427734375,-0.57373046875,0.1953125,-0.244140625,-0.3662109375,0.86669921875,-0.2197265625,-0.5859375,-0.48828125,0,0.18310546875,-0.5859375,0.048828125,1.07421875,-0.1220703125,0.09765625,-0.06103515625,3.94287109375,-0.146484375,2.734375,-0.13427734375,5.17578125,0.1220703125,3.3935546875,-0.09765625,-0.244140625,-0.23193359375,-0.69580078125,-0.1708984375,-0.390625,0.0732421875,0.96435546875,0.0244140625,1.1474609375,-0.47607421875,0.4638671875,0.390625,-0.2197265625,-0.0244140625,0.7568359375,0.25634765625,0.732421875,-0.2197265625,0.5615234375,-0.0732421875,1.20849609375,-0.32958984375,0.1220703125,-0.01220703125,0.48828125,0.1220703125,1.06201171875,-0.0732421875,0.244140625,0.09765625,0.29296875,0.10986328125,10.7421875,-0.06103515625,5.43212890625,-0.244140625,4.99267578125,0.048828125,7.0068359375,0.03662109375,0.25634765625,-0.15869140625,6.25,0.537109375,-0.10986328125,-0.10986328125,0.35400390625,0.1220703125,-1.4892578125,0.1220703125,-0.29296875,0.2197265625,-0.35400390625,-0.15869140625,-0.146484375,-0.06103515625,-0.68359375,-0.0244140625,-0.68359375,-0.23193359375,-0.62255859375,-0.0732421875,-0.03662109375,-0.06103515625,-0.86669921875,0.048828125,-1.55029296875,-0.08544921875,-1.13525390625,0.146484375,0.06103515625,0.2685546875,0.3662109375,-0.06103515625,-0.03662109375,-0.0732421875,0.0244140625,-0.2685546875,0.1953125,-0.06103515625,5.45654296875,0.15869140625,8.19091796875,0.2685546875,3.94287109375,0.03662109375,5.859375
1,0.146484375,0.0244140625,-0.244140625,-0.35400390625,0.08544921875,-0.439453125,0.01220703125,-0.10986328125,-0.10986328125,-0.10986328125,-0.03662109375,-0.927734375,-0.2197265625,1.025390625,0.048828125,-0.01220703125,-0.13427734375,-0.5615234375,0.18310546875,-0.23193359375,-0.32958984375,0.86669921875,-0.20751953125,-0.57373046875,-0.5126953125,0.0244140625,0.13427734375,-0.5859375,-0.06103515625,1.08642578125,-0.09765625,0.244140625,-0.0244140625,4.52880859375,-0.23193359375,3.271484375,-0.146484375,5.94482421875,0.08544921875,3.94287109375,-0.146484375,-0.244140625,-0.35400390625,-0.69580078125,-0.03662109375,-0.42724609375,0.0244140625,0.9765625,0.048828125,1.13525390625,-0.5859375,0.54931640625,0.30517578125,-0.18310546875,-0.0244140625,0.76904296875,0.25634765625,0.72021484375,-0.1708984375,0.5615234375,-0.0732421875,1.123046875,-0.25634765625,0.09765625,-0.0244140625,0.4638671875,0.1708984375,1.06201171875,-0.0244140625,0.2685546875,0.09765625,0.28076171875,0.18310546875,10.7666015625,-0.0732421875,5.37109375,-0.244140625,4.96826171875,0.1220703125,6.93359375,0.01220703125,0.2685546875,-0.1708984375,6.43310546875,0.4638671875,-0.10986328125,-0.15869140625,0.35400390625,0.1220703125,-1.5380859375,0.09765625,-0.32958984375,0.244140625,-0.439453125,-0.08544921875,-0.62255859375,-0.0732421875,-0.69580078125,-0.0244140625,-0.67138671875,-0.2197265625,-0.59814453125,-0.09765625,-0.048828125,-0.06103515625,-0.8544921875,0,-1.5625,-0.0244140625,-1.1474609375,0.09765625,0.048828125,0.2685546875,0.3662109375,-0.06103515625,-0.03662109375,-0.08544921875,0.03662109375,-0.2685546875,0.1953125,-0.048828125,5.3955078125,0.2197265625,8.1298828125,0.244140625,3.89404296875,0.09765625,5.8349609375
1,0.18310546875,-0.01220703125,-0.244140625,-0.341796875,0.08544921875,-0.45166015625,0.01220703125,-0.09765625,-0.09765625,-0.13427734375,-0.048828125,-0.927734375,-0.1953125,1.0009765625,0.048828125,0,-0.09765625,-0.57373046875,0.1220703125,-0.2197265625,-0.30517578125,0.86669921875,-0.23193359375,-0.5859375,-0.47607421875,0.0244140625,0.15869140625,-0.62255859375,-0.1220703125,1.06201171875,-0.01220703125,0.37841796875,-0.06103515625,5.0048828125,-0.30517578125,3.64990234375,-0.1708984375,6.5673828125,0.03662109375,4.3701171875,-0.15869140625,-0.25634765625,-0.50048828125,-0.7080078125,0,-0.45166015625,0.01220703125,0.98876953125,0.08544921875,1.11083984375,-0.6103515625,0.6103515625,0.23193359375,-0.13427734375,0.01220703125,0.79345703125,0.1953125,0.72021484375,-0.1708984375,0.5615234375,-0.1220703125,1.07421875,-0.15869140625,0.1220703125,-0.0732421875,0.47607421875,0.1708984375,1.07421875,0,0.30517578125,0.08544921875,0.30517578125,0.13427734375,10.58349609375,-0.1708984375,5.2490234375,-0.2197265625,4.833984375,0.1220703125,6.7626953125,0,0.28076171875,-0.20751953125,6.40869140625,0.3662109375,-0.146484375,-0.13427734375,0.3173828125,0.06103515625,-1.55029296875,0.06103515625,-0.32958984375,0.30517578125,-0.45166015625,0.01220703125,-0.830078125,-0.03662109375,-0.7080078125,-0.01220703125,-0.64697265625,-0.20751953125,-0.634765625,-0.10986328125,-0.03662109375,-0.0244140625,-0.8544921875,0,-1.5625,0.03662109375,-1.171875,0.048828125,0.06103515625,0.244140625,0.35400390625,-0.048828125,-0.06103515625,-0.0732421875,-0.01220703125,-0.25634765625,0.1953125,-0.0244140625,5.17578125,0.25634765625,7.87353515625,0.20751953125,3.7109375,0.13427734375,5.57861328125
1,0.1953125,-0.06103515625,-0.244140625,-0.32958984375,0.09765625,-0.4638671875,0.0244140625,-0.09765625,-0.09765625,-0.1220703125,-0.03662109375,-0.9033203125,-0.1953125,0.9765625,0.03662109375,-0.0244140625,-0.0732421875,-0.57373046875,0.08544921875,-0.1953125,-0.2685546875,0.87890625,-0.25634765625,-0.57373046875,-0.4638671875,0.01220703125,0.1220703125,-0.6591796875,-0.20751953125,1.07421875,-0.0732421875,0.42724609375,-0.09765625,5.2978515625,-0.3173828125,3.857421875,-0.13427734375,6.99462890625,-0.01220703125,4.60205078125,-0.20751953125,-0.2685546875,-0.5859375,-0.7080078125,0.06103515625,-0.4638671875,-0.0244140625,0.927734375,0.06103515625,1.07421875,-0.57373046875,0.6103515625,0.1708984375,-0.10986328125,0.048828125,0.8056640625,0.13427734375,0.732421875,-0.13427734375,0.537109375,-0.09765625,1.01318359375,0,0.1220703125,-0.06103515625,0.54931640625,0.18310546875,1.123046875,0.0244140625,0.341796875,0.03662109375,0.341796875,0.08544921875,10.26611328125,-0.1953125,5.1025390625,-0.15869140625,4.65087890625,0.09765625,6.5185546875,-0.03662109375,0.20751953125,-0.244140625,6.11572265625,0.244140625,-0.2197265625,-0.09765625,0.25634765625,0.03662109375,-1.513671875,0.03662109375,-0.341796875,0.3662109375,-0.42724609375,0.1220703125,-0.86669921875,-0.01220703125,-0.69580078125,-0.03662109375,-0.6591796875,-0.15869140625,-0.634765625,-0.10986328125,-0.03662109375,0.0244140625,-0.8544921875,-0.048828125,-1.57470703125,0.06103515625,-1.15966796875,0.01220703125,0.06103515625,0.244140625,0.341796875,-0.048828125,-0.0732421875,-0.0732421875,-0.01220703125,-0.2685546875,0.1953125,-0.048828125,4.84619140625,0.15869140625,7.45849609375,0.13427734375,3.4423828125,0.13427734375,5.2001953125
1,0.20751953125,-0.10986328125,-0.23193359375,-0.32958984375,0.10986328125,-0.48828125,0.0244140625,-0.06103515625,-0.09765625,-0.13427734375,-0.048828125,-0.91552734375,-0.1708984375,0.9765625,0.0244140625,-0.0732421875,-0.03662109375,-0.59814453125,0,-0.18310546875,-0.3173828125,0.8544921875,-0.28076171875,-0.57373046875,-0.4150390625,0,0.10986328125,-0.7080078125,-0.1708984375,1.06201171875,-0.06103515625,0.40283203125,-0.0732421875,5.40771484375,-0.2685546875,3.91845703125,-0.146484375,7.2021484375,-0.06103515625,4.67529296875,-0.244140625,-0.25634765625,-0.59814453125,-0.69580078125,0.03662109375,-0.45166015625,-0.09765625,0.91552734375,0.048828125,1.025390625,-0.537109375,0.59814453125,0.10986328125,-0.08544921875,0.0732421875,0.79345703125,0.09765625,0.72021484375,-0.08544921875,0.5126953125,-0.13427734375,0.98876953125,0.08544921875,0.1220703125,-0.06103515625,0.64697265625,0.2197265625,1.20849609375,0,0.4150390625,0.01220703125,0.4150390625,0.09765625,9.7900390625,-0.244140625,4.89501953125,-0.048828125,4.40673828125,0.048828125,6.25,-0.08544921875,0.09765625,-0.244140625,5.6640625,0.0732421875,-0.30517578125,-0.03662109375,0.146484375,-0.048828125,-1.50146484375,0.0244140625,-0.29296875,0.390625,-0.439453125,0.20751953125,-0.79345703125,-0.03662109375,-0.68359375,-0.03662109375,-0.6591796875,-0.1220703125,-0.62255859375,-0.09765625,-0.03662109375,0.06103515625,-0.84228515625,-0.09765625,-1.57470703125,0.0732421875,-1.171875,0.0244140625,0.06103515625,0.244140625,0.32958984375,-0.048828125,-0.048828125,-0.0732421875,-0.03662109375,-0.28076171875,0.1708984375,-0.0732421875,4.45556640625,0.10986328125,6.94580078125,0.0732421875,3.125,0.09765625,4.7607421875
1,0.20751953125,-0.146484375,-0.20751953125,-0.341796875,0.13427734375,-0.50048828125,0.01220703125,-0.06103515625,-0.08544921875,-0.13427734375,-0.048828125,-0.91552734375,-0.146484375,0.96435546875,0.03662109375,-0.10986328125,0,-0.6103515625,-0.06103515625,-0.1708984375,-0.390625,0.8544921875,-0.3173828125,-0.57373046875,-0.37841796875,-0.0244140625,0.0732421875,-0.7080078125,-0.18310546875,1.08642578125,-0.10986328125,0.341796875,-0.1220703125,5.3466796875,-0.20751953125,3.82080078125,-0.244140625,7.2265625,-0.13427734375,4.57763671875,-0.20751953125,-0.23193359375,-0.57373046875,-0.7080078125,-0.0244140625,-0.47607421875,-0.0732421875,0.8544921875,0.048828125,1.01318359375,-0.47607421875,0.54931640625,0.0732421875,-0.08544921875,0.10986328125,0.78125,0.01220703125,0.732421875,-0.03662109375,0.47607421875,-0.13427734375,0.9521484375,0.13427734375,0.1220703125,-0.0732421875,0.78125,0.2197265625,1.28173828125,0.10986328125,0.48828125,0.0244140625,0.50048828125,0.03662109375,9.24072265625,-0.20751953125,4.6875,0.06103515625,4.13818359375,0.01220703125,5.96923828125,-0.09765625,-0.06103515625,-0.244140625,5.0537109375,-0.0732421875,-0.390625,0,0.01220703125,-0.1708984375,-1.4892578125,0.01220703125,-0.28076171875,0.45166015625,-0.4150390625,0.1708984375,-0.732421875,-0.09765625,-0.69580078125,-0.01220703125,-0.6591796875,-0.09765625,-0.62255859375,-0.10986328125,-0.06103515625,0.08544921875,-0.84228515625,-0.146484375,-1.5869140625,0.048828125,-1.171875,0.048828125,0.06103515625,0.244140625,0.30517578125,-0.03662109375,-0.06103515625,-0.0732421875,-0.03662109375,-0.244140625,0.15869140625,-0.06103515625,4.06494140625,0.0732421875,6.40869140625,0.048828125,2.8076171875,0.0732421875,4.30908203125
1,0.15869140625,-0.2197265625,-0.23193359375,-0.341796875,0.15869140625,-0.48828125,0,-0.048828125,-0.0732421875,-0.08544921875,-0.09765625,-0.9033203125,-0.146484375,0.9765625,0.06103515625,-0.15869140625,0.048828125,-0.6103515625,-0.13427734375,-0.1708984375,-0.439453125,0.86669921875,-0.3173828125,-0.5859375,-0.35400390625,-0.01220703125,0.06103515625,-0.72021484375,-0.146484375,1.08642578125,-0.03662109375,0.2197265625,-0.10986328125,5.11474609375,-0.13427734375,3.62548828125,-0.3173828125,7.06787109375,-0.18310546875,4.38232421875,-0.2197265625,-0.1953125,-0.50048828125,-0.72021484375,-0.10986328125,-0.48828125,-0.048828125,0.8056640625,0.0244140625,1.0009765625,-0.47607421875,0.48828125,0.03662109375,-0.0732421875,0.09765625,0.7568359375,-0.0244140625,0.7080078125,0.03662109375,0.47607421875,-0.10986328125,0.927734375,0.1953125,0.1220703125,-0.0244140625,0.96435546875,0.13427734375,1.40380859375,0.0732421875,0.57373046875,0.03662109375,0.62255859375,0.03662109375,8.6181640625,-0.20751953125,4.45556640625,0.146484375,3.857421875,-0.048828125,5.67626953125,-0.146484375,-0.244140625,-0.20751953125,4.3212890625,-0.23193359375,-0.47607421875,-0.03662109375,-0.13427734375,-0.28076171875,-1.47705078125,0.01220703125,-0.244140625,0.390625,-0.390625,0.10986328125,-0.7568359375,-0.1220703125,-0.7080078125,0.0244140625,-0.67138671875,-0.048828125,-0.62255859375,-0.08544921875,-0.03662109375,0.09765625,-0.84228515625,-0.20751953125,-1.57470703125,0.03662109375,-1.1962890625,0.09765625,0.0732421875,0.244140625,0.29296875,-0.048828125,-0.0732421875,-0.0732421875,-0.048828125,-0.244140625,0.13427734375,-0.048828125,3.7109375,0.06103515625,5.95703125,0.03662109375,2.55126953125,0.01220703125,3.94287109375
1,0.1708984375,-0.30517578125,-0.244140625,-0.35400390625,0.18310546875,-0.50048828125,0.01220703125,-0.0244140625,-0.0244140625,-0.0732421875,-0.10986328125,-0.927734375,-0.13427734375,0.98876953125,0.0732421875,-0.1953125,0.06103515625,-0.5859375,-0.20751953125,-0.1708984375,-0.52490234375,0.87890625,-0.3173828125,-0.57373046875,-0.29296875,0.0244140625,0.048828125,-0.68359375,-0.09765625,1.11083984375,-0.13427734375,0.13427734375,-0.10986328125,4.833984375,-0.048828125,3.3935546875,-0.35400390625,6.77490234375,-0.2197265625,4.1015625,-0.20751953125,-0.1708984375,-0.40283203125,-0.7080078125,-0.2197265625,-0.48828125,-0.146484375,0.7568359375,0.01220703125,1.03759765625,-0.341796875,0.439453125,0,-0.08544921875,0.08544921875,0.78125,-0.048828125,0.7080078125,0.0732421875,0.47607421875,-0.1220703125,0.87890625,0.25634765625,0.1220703125,-0.03662109375,1.0986328125,0.0732421875,1.46484375,0.01220703125,0.68359375,0.03662109375,0.732421875,0.0244140625,7.9833984375,-0.20751953125,4.2236328125,0.2197265625,3.57666015625,-0.10986328125,5.38330078125,-0.1708984375,-0.439453125,-0.13427734375,3.466796875,-0.35400390625,-0.59814453125,-0.08544921875,-0.28076171875,-0.3662109375,-1.50146484375,0.0244140625,-0.28076171875,0.40283203125,-0.40283203125,0.01220703125,-0.91552734375,-0.146484375,-0.732421875,0.06103515625,-0.7080078125,-0.048828125,-0.6103515625,-0.0732421875,-0.06103515625,0.0732421875,-0.8544921875,-0.20751953125,-1.5625,0,-1.171875,0.13427734375,0.08544921875,0.23193359375,0.29296875,-0.03662109375,-0.048828125,-0.0732421875,-0.0732421875,-0.244140625,0.13427734375,-0.06103515625,3.466796875,0.0732421875,5.615234375,0.0244140625,2.34375,-0.06103515625,3.64990234375
1,0.146484375,-0.35400390625,-0.20751953125,-0.37841796875,0.1708984375,-0.4638671875,0.01220703125,-0.0732421875,0,-0.0732421875,-0.09765625,-0.93994140625,-0.13427734375,1.01318359375,0.08544921875,-0.2197265625,0.08544921875,-0.5859375,-0.244140625,-0.1953125,-0.5126953125,0.9033203125,-0.3173828125,-0.57373046875,-0.2685546875,0.06103515625,0,-0.68359375,-0.10986328125,1.171875,-0.23193359375,0.0732421875,-0.08544921875,4.50439453125,-0.01220703125,3.1005859375,-0.3662109375,6.3720703125,-0.2197265625,3.7841796875,-0.13427734375,-0.1708984375,-0.28076171875,-0.72021484375,-0.3173828125,-0.45166015625,-0.08544921875,0.68359375,-0.0244140625,1.0986328125,-0.20751953125,0.4638671875,0,-0.08544921875,0.09765625,0.79345703125,-0.0244140625,0.68359375,0.048828125,0.48828125,-0.0732421875,0.8544921875,0.28076171875,0.09765625,0,1.20849609375,0,1.52587890625,-0.03662109375,0.7568359375,0.06103515625,0.79345703125,-0.10986328125,7.373046875,-0.20751953125,4.01611328125,0.2197265625,3.3203125,-0.1220703125,5.11474609375,-0.18310546875,-0.67138671875,-0.08544921875,2.60009765625,-0.3662109375,-0.732421875,-0.1220703125,-0.439453125,-0.390625,-1.55029296875,0,-0.29296875,0.3662109375,-0.439453125,-0.048828125,-1.2451171875,-0.1220703125,-0.69580078125,0.06103515625,-0.72021484375,-0.08544921875,-0.5859375,-0.03662109375,-0.048828125,0.06103515625,-0.830078125,-0.1708984375,-1.5380859375,-0.06103515625,-1.171875,0.18310546875,0.08544921875,0.23193359375,0.28076171875,-0.0244140625,-0.0244140625,-0.08544921875,-0.0732421875,-0.2197265625,0.146484375,-0.048828125,3.33251953125,0.09765625,5.3466796875,0.0732421875,2.20947265625,-0.0244140625,3.466796875
1,0.10986328125,-0.37841796875,-0.23193359375,-0.40283203125,0.10986328125,-0.45166015625,-0.03662109375,-0.08544921875,-0.01220703125,-0.06103515625,-0.10986328125,-0.93994140625,-0.13427734375,1.025390625,0.09765625,-0.18310546875,0.048828125,-0.57373046875,-0.2685546875,-0.1953125,-0.47607421875,0.9033203125,-0.28076171875,-0.5859375,-0.28076171875,0.1220703125,0,-0.64697265625,-0.13427734375,1.171875,-0.20751953125,0.01220703125,-0.10986328125,4.18701171875,0,2.83203125,-0.3173828125,5.9326171875,-0.20751953125,3.515625,-0.08544921875,-0.1708984375,-0.1708984375,-0.7080078125,-0.3662109375,-0.439453125,-0.13427734375,0.62255859375,-0.0244140625,1.15966796875,-0.2197265625,0.50048828125,-0.0244140625,-0.09765625,0.06103515625,0.81787109375,0.048828125,0.68359375,0.08544921875,0.50048828125,-0.08544921875,0.8056640625,0.32958984375,0.09765625,0.03662109375,1.28173828125,-0.01220703125,1.5869140625,-0.13427734375,0.76904296875,0.09765625,0.81787109375,-0.244140625,6.8603515625,-0.18310546875,3.7841796875,0.244140625,3.08837890625,-0.08544921875,4.87060546875,-0.18310546875,-0.93994140625,-0.01220703125,1.72119140625,-0.37841796875,-0.87890625,-0.15869140625,-0.6103515625,-0.3662109375,-1.611328125,-0.0244140625,-0.3662109375,0.29296875,-0.50048828125,-0.0732421875,-1.6357421875,-0.08544921875,-0.68359375,0.06103515625,-0.732421875,-0.146484375,-0.5859375,0.01220703125,-0.08544921875,0.03662109375,-0.8056640625,-0.15869140625,-1.5380859375,-0.09765625,-1.1474609375,0.20751953125,0.06103515625,0.1953125,0.30517578125,0,-0.01220703125,-0.0732421875,-0.0732421875,-0.20751953125,0.146484375,-0.0732421875,3.271484375,0.06103515625,5.21240234375,0.10986328125,2.1728515625,-0.0244140625,3.38134765625
1,0.0732421875,-0.40283203125,-0.20751953125,-0.4150390625,0.10986328125,-0.45166015625,-0.0244140625,-0.1220703125,0,-0.06103515625,-0.10986328125,-0.9521484375,-0.13427734375,1.03759765625,0.1220703125,-0.1220703125,0,-0.5615234375,-0.25634765625,-0.2197265625,-0.48828125,0.89111328125,-0.244140625,-0.5615234375,-0.30517578125,0.13427734375,-0.048828125,-0.62255859375,-0.23193359375,1.171875,-0.15869140625,0.0244140625,-0.0732421875,3.9306640625,-0.01220703125,2.6123046875,-0.30517578125,5.52978515625,-0.13427734375,3.271484375,-0.0244140625,-0.20751953125,-0.06103515625,-0.7080078125,-0.47607421875,-0.4150390625,-0.13427734375,0.537109375,-0.03662109375,1.25732421875,-0.2197265625,0.59814453125,0,-0.08544921875,-0.0244140625,0.8544921875,0.048828125,0.68359375,0.0732421875,0.50048828125,-0.0732421875,0.7568359375,0.35400390625,0.09765625,0.048828125,1.25732421875,-0.08544921875,1.5625,-0.20751953125,0.7568359375,0.09765625,0.81787109375,-0.35400390625,6.40869140625,-0.18310546875,3.61328125,0.2197265625,2.91748046875,-0.06103515625,4.65087890625,-0.15869140625,-1.1474609375,0.06103515625,0.9033203125,-0.341796875,-1.0009765625,-0.146484375,-0.7568359375,-0.29296875,-1.67236328125,-0.048828125,-0.4150390625,0.2685546875,-0.5615234375,-0.06103515625,-2.01416015625,-0.06103515625,-0.68359375,0.048828125,-0.7080078125,-0.2197265625,-0.6103515625,0.06103515625,-0.048828125,0.0732421875,-0.81787109375,-0.10986328125,-1.55029296875,-0.13427734375,-1.15966796875,0.244140625,0.0732421875,0.20751953125,0.28076171875,0,-0.01220703125,-0.0732421875,-0.06103515625,-0.18310546875,0.1708984375,-0.048828125,3.30810546875,0.01220703125,5.224609375,0.1708984375,2.1728515625,0.0244140625,3.369140625
1,0.08544921875,-0.42724609375,-0.20751953125,-0.37841796875,0.1708984375,-0.439453125,-0.06103515625,-0.10986328125,-0.01220703125,-0.0732421875,-0.146484375,-0.93994140625,-0.13427734375,1.03759765625,0.13427734375,-0.08544921875,-0.03662109375,-0.5859375,-0.20751953125,-0.2197265625,-0.3662109375,0.927734375,-0.18310546875,-0.5859375,-0.30517578125,0.146484375,-0.048828125,-0.6103515625,-0.40283203125,1.15966796875,-0.25634765625,0.08544921875,-0.08544921875,3.7353515625,-0.06103515625,2.45361328125,-0.341796875,5.224609375,-0.1220703125,3.125,0.048828125,-0.23193359375,-0.0244140625,-0.7080078125,-0.537109375,-0.40283203125,-0.2197265625,0.4638671875,-0.0244140625,1.30615234375,-0.13427734375,0.67138671875,0.03662109375,-0.06103515625,-0.1220703125,0.89111328125,0.13427734375,0.68359375,0.08544921875,0.5126953125,-0.09765625,0.7080078125,0.40283203125,0.13427734375,0.09765625,1.15966796875,-0.146484375,1.50146484375,-0.28076171875,0.6591796875,0.0732421875,0.732421875,-0.35400390625,6.0546875,-0.1953125,3.4423828125,0.2197265625,2.77099609375,0.03662109375,4.47998046875,-0.10986328125,-1.33056640625,0.0732421875,0.1708984375,-0.32958984375,-1.08642578125,-0.13427734375,-0.87890625,-0.20751953125,-1.7333984375,-0.08544921875,-0.47607421875,0.1708984375,-0.59814453125,-0.1220703125,-2.294921875,-0.01220703125,-0.7080078125,-0.03662109375,-0.67138671875,-0.2685546875,-0.6103515625,0.048828125,-0.06103515625,0.048828125,-0.81787109375,-0.08544921875,-1.5380859375,-0.1708984375,-1.13525390625,0.1708984375,0.06103515625,0.20751953125,0.29296875,0.01220703125,-0.01220703125,-0.0732421875,-0.06103515625,-0.1953125,0.15869140625,-0.048828125,3.3447265625,0,5.2490234375,0.2197265625,2.197265625,0.048828125,3.38134765625
0,0.10986328125,-0.439453125,-0.2197265625,-0.40283203125,0.1708984375,-0.4150390625,-0.06103515625,-0.1220703125,0.01220703125,-0.0732421875,-0.1708984375,-0.91552734375,-0.1220703125,1.01318359375,0.146484375,-0.048828125,-0.10986328125,-0.54931640625,-0.1708984375,-0.2197265625,-0.32958984375,0.91552734375,-0.15869140625,-0.5859375,-0.29296875,0.13427734375,0,-0.59814453125,-0.52490234375,1.11083984375,-0.10986328125,0.1708984375,-0.10986328125,3.62548828125,-0.08544921875,2.35595703125,-0.37841796875,4.96826171875,-0.06103515625,3.02734375,0.06103515625,-0.25634765625,0.0244140625,-0.69580078125,-0.5615234375,-0.3662109375,-0.29296875,0.42724609375,0.01220703125,1.318359375,-0.146484375,0.7568359375,0.09765625,-0.06103515625,-0.2685546875,0.927734375,0.20751953125,0.7080078125,0.0732421875,0.52490234375,-0.08544921875,0.7080078125,0.45166015625,0.13427734375,0.10986328125,1.0009765625,-0.10986328125,1.3916015625,-0.18310546875,0.57373046875,0.048828125,0.6103515625,-0.37841796875,5.77392578125,-0.25634765625,3.3203125,0.18310546875,2.6611328125,0.09765625,4.33349609375,-0.03662109375,-1.47705078125,0.09765625,-0.42724609375,-0.30517578125,-1.15966796875,-0.0732421875,-0.9765625,-0.0732421875,-1.708984375,-0.08544921875,-0.48828125,0.13427734375,-0.634765625,-0.10986328125,-2.45361328125,-0.0244140625,-0.7080078125,-0.10986328125,-0.64697265625,-0.29296875,-0.62255859375,0,-0.048828125,0.0732421875,-0.8056640625,-0.048828125,-1.55029296875,-0.1708984375,-1.1474609375,0.18310546875,0.03662109375,0.18310546875,0.32958984375,0.0244140625,-0.03662109375,-0.0732421875,-0.0732421875,-0.1708984375,0.1708984375,-0.06103515625,3.3447265625,-0.01220703125,5.2734375,0.244140625,2.20947265625,0.13427734375,3.3935546875
0,0.1220703125,-0.4638671875,-0.20751953125,-0.3662109375,0.18310546875,-0.4150390625,-0.08544921875,-0.1220703125,0.01220703125,-0.09765625,-0.18310546875,-0.9033203125,-0.1220703125,1.0009765625,0.146484375,-0.03662109375,-0.10986328125,-0.57373046875,-0.1220703125,-0.23193359375,-0.29296875,0.9033203125,-0.146484375,-0.59814453125,-0.3173828125,0.1220703125,0.06103515625,-0.634765625,-0.6103515625,1.03759765625,-0.048828125,0.341796875,-0.1220703125,3.564453125,-0.13427734375,2.25830078125,-0.35400390625,4.84619140625,-0.01220703125,3.0029296875,0.1220703125,-0.2685546875,0.08544921875,-0.6591796875,-0.5615234375,-0.390625,-0.30517578125,0.40283203125,0.06103515625,1.30615234375,-0.15869140625,0.830078125,0.146484375,-0.06103515625,-0.341796875,0.91552734375,0.1953125,0.732421875,0.01220703125,0.52490234375,-0.20751953125,0.68359375,0.439453125,0.13427734375,0.10986328125,0.79345703125,-0.1220703125,1.25732421875,-0.13427734375,0.47607421875,0.01220703125,0.47607421875,-0.23193359375,5.52978515625,-0.25634765625,3.21044921875,0.1953125,2.5390625,0.18310546875,4.18701171875,0.03662109375,-1.5380859375,0.06103515625,-0.84228515625,-0.30517578125,-1.23291015625,-0.0244140625,-1.03759765625,0.01220703125,-1.69677734375,-0.09765625,-0.48828125,0.08544921875,-0.64697265625,-0.146484375,-2.40478515625,-0.048828125,-0.7080078125,-0.1708984375,-0.6591796875,-0.29296875,-0.62255859375,-0.0244140625,-0.03662109375,0.0732421875,-0.81787109375,-0.01220703125,-1.55029296875,-0.15869140625,-1.123046875,0.146484375,0.0244140625,0.146484375,0.341796875,0.01220703125,-0.048828125,-0.08544921875,-0.08544921875,-0.15869140625,0.18310546875,-0.09765625,3.30810546875,-0.0732421875,5.224609375,0.29296875,2.1484375,0.1953125,3.33251953125
0,0.10986328125,-0.45166015625,-0.1708984375,-0.3662109375,0.15869140625,-0.45166015625,-0.09765625,-0.10986328125,0,-0.13427734375,-0.20751953125,-0.91552734375,-0.1220703125,0.98876953125,0.1708984375,-0.06103515625,-0.13427734375,-0.57373046875,-0.0732421875,-0.23193359375,-0.2197265625,0.9033203125,-0.15869140625,-0.5615234375,-0.341796875,0.0732421875,0.08544921875,-0.69580078125,-0.6103515625,0.96435546875,-0.0244140625,0.50048828125,-0.10986328125,3.52783203125,-0.13427734375,2.23388671875,-0.35400390625,4.7607421875,-0.01220703125,2.96630859375,0.1220703125,-0.25634765625,0.09765625,-0.69580078125,-0.47607421875,-0.4150390625,-0.28076171875,0.42724609375,0.10986328125,1.28173828125,-0.1220703125,0.86669921875,0.13427734375,-0.0732421875,-0.45166015625,0.89111328125,0.20751953125,0.732421875,-0.0244140625,0.537109375,-0.23193359375,0.67138671875,0.37841796875,0.13427734375,0.15869140625,0.6103515625,-0.1220703125,1.15966796875,-0.01220703125,0.4150390625,0,0.35400390625,-0.13427734375,5.2734375,-0.23193359375,3.1005859375,0.20751953125,2.4169921875,0.2197265625,4.06494140625,0.13427734375,-1.57470703125,0,-1.13525390625,-0.29296875,-1.26953125,0,-1.08642578125,0.03662109375,-1.66015625,-0.13427734375,-0.439453125,-0.0244140625,-0.6103515625,-0.20751953125,-2.1728515625,-0.08544921875,-0.7080078125,-0.20751953125,-0.6591796875,-0.244140625,-0.6103515625,-0.03662109375,-0.048828125,0.08544921875,-0.830078125,0,-1.5625,-0.146484375,-1.11083984375,0.09765625,0.0244140625,0.10986328125,0.341796875,0.01220703125,-0.0732421875,-0.0732421875,-0.09765625,-0.15869140625,0.18310546875,-0.09765625,3.1982421875,0,5.0537109375,0.3173828125,2.06298828125,0.20751953125,3.1982421875
0,0.10986328125,-0.4638671875,-0.15869140625,-0.35400390625,0.15869140625,-0.47607421875,-0.10986328125,-0.10986328125,0,-0.15869140625,-0.20751953125,-0.91552734375,-0.13427734375,1.0009765625,0.1708984375,-0.10986328125,-0.1708984375,-0.59814453125,-0.03662109375,-0.20751953125,-0.2197265625,0.9033203125,-0.146484375,-0.57373046875,-0.35400390625,0.048828125,0.1220703125,-0.68359375,-0.5126953125,0.9033203125,0.0732421875,0.7568359375,-0.15869140625,3.466796875,-0.1708984375,2.1484375,-0.32958984375,4.7119140625,-0.06103515625,2.9296875,0.09765625,-0.244140625,0.09765625,-0.69580078125,-0.42724609375,-0.439453125,-0.29296875,0.47607421875,0.18310546875,1.220703125,-0.03662109375,0.89111328125,0.13427734375,-0.09765625,-0.537109375,0.86669921875,0.18310546875,0.7568359375,-0.06103515625,0.52490234375,-0.28076171875,0.6591796875,0.29296875,0.13427734375,0.13427734375,0.5126953125,-0.13427734375,1.08642578125,0.06103515625,0.42724609375,-0.0732421875,0.30517578125,-0.1220703125,4.931640625,-0.20751953125,2.9541015625,0.20751953125,2.28271484375,0.20751953125,3.91845703125,0.1708984375,-1.55029296875,-0.0732421875,-1.25732421875,-0.29296875,-1.2451171875,-0.01220703125,-1.08642578125,0.10986328125,-1.611328125,-0.13427734375,-0.37841796875,-0.048828125,-0.57373046875,-0.1953125,-1.81884765625,-0.08544921875,-0.7080078125,-0.20751953125,-0.634765625,-0.2197265625,-0.6103515625,-0.048828125,-0.048828125,0.1220703125,-0.84228515625,0.03662109375,-1.57470703125,-0.146484375,-1.11083984375,0.0732421875,0.03662109375,0.09765625,0.341796875,0.01220703125,-0.0732421875,-0.0732421875,-0.13427734375,-0.15869140625,0.1708984375,-0.0732421875,2.9541015625,0.03662109375,4.72412109375,0.341796875,1.8798828125,0.244140625,2.9541015625
0,0.0732421875,-0.47607421875,-0.10986328125,-0.35400390625,0.15869140625,-0.50048828125,-0.09765625,-0.1220703125,-0.0244140625,-0.13427734375,-0.23193359375,-0.927734375,-0.15869140625,0.9765625,0.18310546875,-0.1708984375,-0.15869140625,-0.6103515625,-0.01220703125,-0.2197265625,-0.23193359375,0.87890625,-0.10986328125,-0.5615234375,-0.32958984375,0.03662109375,0.15869140625,-0.67138671875,-0.3662109375,0.927734375,0.06103515625,1.07421875,-0.1220703125,3.3447265625,-0.1220703125,2.03857421875,-0.25634765625,4.5654296875,-0.06103515625,2.81982421875,0.03662109375,-0.2197265625,0.13427734375,-0.69580078125,-0.32958984375,-0.45166015625,-0.29296875,0.5615234375,0.18310546875,1.1474609375,-0.048828125,0.9033203125,0.1953125,-0.10986328125,-0.59814453125,0.81787109375,0.1220703125,0.732421875,-0.06103515625,0.5126953125,-0.35400390625,0.634765625,0.18310546875,0.13427734375,0.146484375,0.5126953125,-0.146484375,1.11083984375,0.146484375,0.5615234375,-0.15869140625,0.3173828125,0,4.4677734375,-0.13427734375,2.83203125,0.30517578125,2.06298828125,0.20751953125,3.7109375,0.20751953125,-1.4892578125,-0.10986328125,-1.2451171875,-0.28076171875,-1.20849609375,0.01220703125,-1.06201171875,0.13427734375,-1.52587890625,-0.18310546875,-0.32958984375,-0.0732421875,-0.50048828125,-0.18310546875,-1.42822265625,-0.09765625,-0.69580078125,-0.2197265625,-0.64697265625,-0.18310546875,-0.6103515625,-0.03662109375,-0.0244140625,0.18310546875,-0.8544921875,0.0732421875,-1.5625,-0.08544921875,-1.11083984375,0.01220703125,0.048828125,0.048828125,0.30517578125,0.0244140625,-0.0732421875,-0.06103515625,-0.13427734375,-0.13427734375,0.146484375,-0.13427734375,2.57568359375,0.048828125,4.21142578125,0.32958984375,1.59912109375,0.1953125,2.57568359375
0,0.08544921875,-0.4638671875,-0.10986328125,-0.3662109375,0.18310546875,-0.50048828125,-0.10986328125,-0.09765625,-0.03662109375,-0.10986328125,-0.25634765625,-0.93994140625,-0.15869140625,1.0009765625,0.1953125,-0.1953125,-0.15869140625,-0.634765625,0.01220703125,-0.20751953125,-0.20751953125,0.86669921875,-0.09765625,-0.57373046875,-0.29296875,0.09765625,0.146484375,-0.5859375,-0.18310546875,1.01318359375,-0.06103515625,1.50146484375,-0.146484375,3.125,-0.0732421875,1.84326171875,-0.23193359375,4.296875,-0.146484375,2.60009765625,-0.048828125,-0.20751953125,0.0732421875,-0.69580078125,-0.25634765625,-0.4638671875,-0.28076171875,0.634765625,0.18310546875,1.13525390625,-0.06103515625,0.9765625,0.2197265625,-0.1220703125,-0.57373046875,0.78125,0.13427734375,0.74462890625,-0.08544921875,0.50048828125,-0.3662109375,0.6103515625,0.1220703125,0.1220703125,0.0732421875,0.6591796875,-0.1220703125,1.220703125,0.13427734375,0.830078125,-0.18310546875,0.45166015625,0.01220703125,3.86962890625,-0.0244140625,2.587890625,0.390625,1.79443359375,0.15869140625,3.466796875,0.20751953125,-1.42822265625,-0.146484375,-1.13525390625,-0.23193359375,-1.171875,0.01220703125,-1.03759765625,0.0732421875,-1.47705078125,-0.2197265625,-0.244140625,-0.13427734375,-0.42724609375,-0.1708984375,-1.0986328125,-0.08544921875,-0.69580078125,-0.2197265625,-0.634765625,-0.13427734375,-0.59814453125,-0.0244140625,-0.0244140625,0.25634765625,-0.84228515625,0.0732421875,-1.5625,-0.03662109375,-1.11083984375,-0.01220703125,0.0732421875,0.03662109375,0.28076171875,0.0244140625,-0.08544921875,-0.0732421875,-0.10986328125,-0.1220703125,0.146484375,-0.13427734375,2.1728515625,0.10986328125,3.5888671875,0.32958984375,1.28173828125,0.1708984375,2.099609375
0,0.15869140625,-0.50048828125,-0.06103515625,-0.32958984375,0.23193359375,-0.48828125,-0.13427734375,-0.048828125,-0.03662109375,-0.0732421875,-0.28076171875,-0.927734375,-0.15869140625,0.98876953125,0.1953125,-0.20751953125,-0.13427734375,-0.6103515625,0.01220703125,-0.18310546875,-0.25634765625,0.86669921875,-0.0244140625,-0.5615234375,-0.23193359375,0.1708984375,0.13427734375,-0.45166015625,0.0244140625,1.1962890625,-0.08544921875,2.05078125,-0.1220703125,2.77099609375,0.048828125,1.59912109375,-0.1220703125,3.86962890625,-0.1220703125,2.2705078125,-0.13427734375,-0.18310546875,0.0244140625,-0.7080078125,-0.1708984375,-0.4638671875,-0.2685546875,0.74462890625,0.18310546875,1.15966796875,-0.10986328125,1.123046875,0.23193359375,-0.10986328125,-0.5615234375,0.78125,0.09765625,0.732421875,-0.10986328125,0.5126953125,-0.390625,0.59814453125,0.048828125,0.10986328125,0.01220703125,0.9765625,-0.13427734375,1.42822265625,0.09765625,1.220703125,-0.20751953125,0.68359375,-0.0244140625,3.18603515625,0.01220703125,2.38037109375,0.42724609375,1.52587890625,0.08544921875,3.18603515625,0.1708984375,-1.3427734375,-0.1220703125,-0.96435546875,-0.1708984375,-1.123046875,0,-0.98876953125,0.01220703125,-1.42822265625,-0.23193359375,-0.20751953125,-0.18310546875,-0.3662109375,-0.08544921875,-0.830078125,-0.09765625,-0.7080078125,-0.146484375,-0.6591796875,-0.048828125,-0.6103515625,0,-0.03662109375,0.30517578125,-0.84228515625,0.048828125,-1.57470703125,0.01220703125,-1.11083984375,-0.0732421875,0.08544921875,0.0244140625,0.2685546875,0,-0.0732421875,-0.06103515625,-0.1220703125,-0.1220703125,0.10986328125,-0.15869140625,1.67236328125,0.1220703125,2.880859375,0.28076171875,0.91552734375,0.09765625,1.57470703125
0,0.09765625,-0.50048828125,-0.06103515625,-0.341796875,0.25634765625,-0.48828125,-0.13427734375,-0.03662109375,-0.048828125,-0.0732421875,-0.3173828125,-0.93994140625,-0.18310546875,1.0009765625,0.23193359375,-0.23193359375,-0.08544921875,-0.62255859375,0.048828125,-0.20751953125,-0.20751953125,0.8544921875,0,-0.57373046875,-0.13427734375,0.32958984375,0.10986328125,-0.2685546875,0.20751953125,1.4892578125,-0.06103515625,2.69775390625,-0.15869140625,2.294921875,0.1220703125,1.25732421875,-0.0732421875,3.25927734375,-0.146484375,1.86767578125,-0.1953125,-0.18310546875,-0.0732421875,-0.7080078125,-0.13427734375,-0.45166015625,-0.23193359375,0.81787109375,0.146484375,1.23291015625,-0.244140625,1.416015625,0.28076171875,-0.048828125,-0.47607421875,0.84228515625,0.10986328125,0.732421875,-0.10986328125,0.5126953125,-0.439453125,0.5859375,-0.01220703125,0.09765625,0.0244140625,1.42822265625,-0.15869140625,1.7333984375,0.10986328125,1.7578125,-0.146484375,1.025390625,-0.01220703125,2.490234375,0.0732421875,2.13623046875,0.45166015625,1.2451171875,0.01220703125,2.89306640625,0.08544921875,-1.26953125,-0.09765625,-0.8056640625,-0.15869140625,-1.08642578125,-0.0244140625,-0.96435546875,-0.09765625,-1.40380859375,-0.25634765625,-0.18310546875,-0.28076171875,-0.3173828125,-0.06103515625,-0.79345703125,-0.06103515625,-0.69580078125,-0.10986328125,-0.68359375,0,-0.59814453125,0.03662109375,-0.06103515625,0.29296875,-0.84228515625,0.01220703125,-1.55029296875,0.08544921875,-1.13525390625,-0.09765625,0.09765625,0.01220703125,0.244140625,0,-0.06103515625,-0.0732421875,-0.08544921875,-0.10986328125,0.1220703125,-0.15869140625,1.220703125,0.1220703125,2.1728515625,0.2197265625,0.54931640625,0.0244140625,1.03759765625
0,0.09765625,-0.50048828125,-0.03662109375,-0.3662109375,0.29296875,-0.4638671875,-0.10986328125,-0.03662109375,-0.03662109375,-0.0732421875,-0.32958984375,-0.9521484375,-0.2197265625,1.025390625,0.28076171875,-0.23193359375,-0.06103515625,-0.59814453125,0.01220703125,-0.1953125,-0.1708984375,0.86669921875,-0.01220703125,-0.5859375,-0.0244140625,0.537109375,0.09765625,-0.03662109375,0.35400390625,1.81884765625,-0.146484375,3.47900390625,-0.15869140625,1.806640625,0.2197265625,0.86669921875,-0.048828125,2.52685546875,-0.1953125,1.37939453125,-0.2197265625,-0.1708984375,-0.1953125,-0.72021484375,-0.0732421875,-0.42724609375,-0.20751953125,0.830078125,0.10986328125,1.3671875,-0.2197265625,1.81884765625,0.3173828125,0.01220703125,-0.537109375,0.927734375,0.06103515625,0.732421875,-0.09765625,0.5126953125,-0.45166015625,0.57373046875,-0.08544921875,0.09765625,-0.06103515625,2.0263671875,-0.23193359375,2.13623046875,0.0732421875,2.40478515625,-0.08544921875,1.3916015625,-0.048828125,1.89208984375,0.0732421875,1.89208984375,0.3662109375,0.98876953125,-0.06103515625,2.6123046875,0.01220703125,-1.2451171875,-0.048828125,-0.62255859375,-0.09765625,-1.0498046875,-0.048828125,-0.91552734375,-0.1953125,-1.40380859375,-0.244140625,-0.1708984375,-0.35400390625,-0.341796875,-0.01220703125,-0.89111328125,-0.0244140625,-0.69580078125,-0.13427734375,-0.68359375,0.01220703125,-0.6103515625,0.06103515625,-0.048828125,0.23193359375,-0.830078125,-0.048828125,-1.5625,0.1220703125,-1.1474609375,-0.09765625,0.1220703125,0.01220703125,0.244140625,-0.0244140625,-0.06103515625,-0.0732421875,-0.06103515625,-0.09765625,0.10986328125,-0.146484375,0.81787109375,0.146484375,1.57470703125,0.1708984375,0.23193359375,0,0.5859375
0,0.03662109375,-0.47607421875,-0.048828125,-0.37841796875,0.2685546875,-0.439453125,-0.1220703125,-0.0244140625,-0.03662109375,-0.06103515625,-0.30517578125,-0.927734375,-0.244140625,1.0498046875,0.244140625,-0.20751953125,-0.0244140625,-0.59814453125,-0.01220703125,-0.20751953125,-0.1220703125,0.8544921875,-0.03662109375,-0.5859375,0.048828125,0.8056640625,0.048828125,0.2197265625,0.42724609375,2.1728515625,-0.146484375,4.2724609375,-0.15869140625,1.25732421875,0.29296875,0.47607421875,-0.0244140625,1.72119140625,-0.23193359375,0.87890625,-0.1953125,-0.1953125,-0.244140625,-0.7080078125,-0.0732421875,-0.4150390625,-0.2685546875,0.84228515625,0.0732421875,1.5869140625,-0.1953125,2.35595703125,0.3173828125,0.146484375,-0.537109375,1.08642578125,0.03662109375,0.7080078125,-0.13427734375,0.5126953125,-0.45166015625,0.537109375,-0.15869140625,0.10986328125,0,2.6611328125,-0.146484375,2.587890625,0.1220703125,3.11279296875,-0.03662109375,1.8310546875,-0.048828125,1.47705078125,0.1220703125,1.72119140625,0.32958984375,0.830078125,-0.06103515625,2.42919921875,-0.06103515625,-1.2451171875,-0.01220703125,-0.50048828125,-0.03662109375,-1.0498046875,-0.0732421875,-0.91552734375,-0.2685546875,-1.416015625,-0.2197265625,-0.18310546875,-0.4150390625,-0.341796875,-0.01220703125,-1.11083984375,-0.01220703125,-0.72021484375,-0.15869140625,-0.68359375,0.0732421875,-0.62255859375,0.13427734375,-0.048828125,0.1708984375,-0.830078125,-0.048828125,-1.55029296875,0.13427734375,-1.1474609375,-0.0732421875,0.146484375,0,0.25634765625,-0.03662109375,-0.03662109375,-0.06103515625,-0.0732421875,-0.0732421875,0.1220703125,-0.146484375,0.5615234375,0.10986328125,1.15966796875,0.09765625,0.03662109375,-0.08544921875,0.25634765625
0,-0.01220703125,-0.45166015625,-0.03662109375,-0.3662109375,0.244140625,-0.4150390625,-0.10986328125,-0.03662109375,-0.048828125,-0.06103515625,-0.29296875,-0.9521484375,-0.244140625,1.06201171875,0.23193359375,-0.1953125,0,-0.5859375,-0.0244140625,-0.2197265625,-0.09765625,0.87890625,-0.10986328125,-0.57373046875,0.09765625,1.0498046875,0.03662109375,0.47607421875,0.42724609375,2.55126953125,0.0244140625,5.11474609375,-0.15869140625,0.76904296875,0.341796875,0.15869140625,0.0244140625,1.01318359375,-0.341796875,0.4638671875,-0.10986328125,-0.18310546875,-0.341796875,-0.7080078125,-0.1220703125,-0.4150390625,-0.30517578125,0.84228515625,-0.03662109375,1.8310546875,-0.23193359375,3.0029296875,0.29296875,0.28076171875,-0.52490234375,1.2939453125,-0.0244140625,0.7080078125,-0.13427734375,0.5126953125,-0.40283203125,0.537109375,-0.15869140625,0.10986328125,0.01220703125,3.30810546875,-0.08544921875,3.0517578125,0.10986328125,3.84521484375,0.03662109375,2.2705078125,-0.06103515625,1.40380859375,0.15869140625,1.6845703125,0.20751953125,0.8056640625,-0.09765625,2.392578125,-0.10986328125,-1.23291015625,0.048828125,-0.42724609375,-0.0244140625,-1.06201171875,-0.06103515625,-0.89111328125,-0.30517578125,-1.4404296875,-0.20751953125,-0.2197265625,-0.47607421875,-0.3662109375,-0.06103515625,-1.3916015625,0.01220703125,-0.69580078125,-0.13427734375,-0.6591796875,0.0732421875,-0.634765625,0.15869140625,-0.03662109375,0.13427734375,-0.84228515625,-0.08544921875,-1.55029296875,0.15869140625,-1.171875,-0.06103515625,0.18310546875,0.0244140625,0.25634765625,-0.06103515625,-0.03662109375,-0.09765625,-0.0732421875,-0.08544921875,0.146484375,-0.10986328125,0.50048828125,0.09765625,1.06201171875,0.03662109375,-0.03662109375,-0.0732421875,0.13427734375
0,0,-0.42724609375,0.01220703125,-0.3662109375,0.30517578125,-0.37841796875,-0.09765625,-0.0244140625,-0.048828125,-0.06103515625,-0.2685546875,-0.93994140625,-0.1953125,1.07421875,0.2197265625,-0.1708984375,0,-0.59814453125,-0.03662109375,-0.23193359375,-0.10986328125,0.87890625,-0.146484375,-0.57373046875,0.10986328125,1.2939453125,-0.0244140625,0.69580078125,0.390625,2.89306640625,0.10986328125,5.8837890625,-0.10986328125,0.50048828125,0.439453125,-0.08544921875,0.08544921875,0.4638671875,-0.3662109375,0.20751953125,-0.01220703125,-0.2197265625,-0.341796875,-0.7080078125,-0.1708984375,-0.40283203125,-0.3662109375,0.81787109375,-0.09765625,2.1240234375,-0.15869140625,3.69873046875,0.25634765625,0.45166015625,-0.5126953125,1.513671875,0,0.7080078125,-0.1708984375,0.52490234375,-0.37841796875,0.52490234375,-0.2197265625,0.10986328125,0.06103515625,3.89404296875,-0.01220703125,3.47900390625,0.0732421875,4.55322265625,0.13427734375,2.6611328125,0.0244140625,1.69677734375,0.146484375,1.77001953125,0.13427734375,0.9521484375,-0.09765625,2.50244140625,-0.13427734375,-1.28173828125,0.15869140625,-0.4150390625,-0.0244140625,-1.06201171875,-0.08544921875,-0.87890625,-0.3173828125,-1.46484375,-0.18310546875,-0.25634765625,-0.48828125,-0.390625,-0.1220703125,-1.66015625,0.06103515625,-0.72021484375,-0.10986328125,-0.64697265625,0.048828125,-0.62255859375,0.18310546875,-0.048828125,0.08544921875,-0.8544921875,-0.1220703125,-1.5625,0.1708984375,-1.15966796875,-0.0732421875,0.1953125,0.01220703125,0.28076171875,-0.06103515625,-0.0244140625,-0.0732421875,-0.048828125,-0.048828125,0.146484375,-0.13427734375,0.62255859375,0.06103515625,1.25732421875,-0.06103515625,0.08544921875,-0.09765625,0.28076171875
0,-0.0732421875,-0.40283203125,0,-0.32958984375,0.28076171875,-0.341796875,-0.1220703125,-0.01220703125,-0.0244140625,-0.08544921875,-0.2685546875,-0.93994140625,-0.1953125,1.06201171875,0.23193359375,-0.13427734375,0.01220703125,-0.59814453125,0,-0.23193359375,-0.1708984375,0.87890625,-0.1220703125,-0.5615234375,0.10986328125,1.52587890625,0.0244140625,0.87890625,0.3662109375,3.1494140625,0.146484375,6.53076171875,-0.10986328125,0.42724609375,0.4150390625,-0.15869140625,0,0.1953125,-0.390625,0.10986328125,0.0732421875,-0.244140625,-0.32958984375,-0.72021484375,-0.2197265625,-0.390625,-0.4150390625,0.76904296875,-0.18310546875,2.40478515625,-0.048828125,4.40673828125,0.244140625,0.6591796875,-0.40283203125,1.74560546875,0.03662109375,0.7080078125,-0.1953125,0.52490234375,-0.4150390625,0.537109375,-0.2197265625,0.1220703125,0.0244140625,4.35791015625,0.01220703125,3.82080078125,0,5.1513671875,0.15869140625,2.96630859375,0.15869140625,2.44140625,0.1220703125,2.08740234375,0.06103515625,1.30615234375,-0.0732421875,2.83203125,-0.1220703125,-1.30615234375,0.244140625,-0.45166015625,0.01220703125,-1.0986328125,-0.08544921875,-0.9033203125,-0.28076171875,-1.46484375,-0.1220703125,-0.3173828125,-0.45166015625,-0.42724609375,-0.20751953125,-1.84326171875,0.06103515625,-0.732421875,-0.06103515625,-0.67138671875,0.048828125,-0.62255859375,0.18310546875,-0.0244140625,0.048828125,-0.84228515625,-0.1708984375,-1.55029296875,0.1953125,-1.15966796875,-0.0732421875,0.23193359375,-0.03662109375,0.28076171875,-0.06103515625,-0.0244140625,-0.0732421875,-0.03662109375,-0.048828125,0.13427734375,-0.09765625,1.0009765625,0.09765625,1.806640625,-0.08544921875,0.37841796875,-0.048828125,0.68359375
1,-0.10986328125,-0.35400390625,-0.0244140625,-0.25634765625,0.2685546875,-0.32958984375,-0.146484375,0.0244140625,-0.01220703125,-0.10986328125,-0.28076171875,-0.91552734375,-0.1708984375,1.06201171875,0.25634765625,-0.09765625,0.01220703125,-0.59814453125,0.0244140625,-0.244140625,-0.25634765625,0.89111328125,-0.10986328125,-0.57373046875,0.08544921875,1.66015625,-0.06103515625,1.01318359375,0.3173828125,3.3203125,0.2197265625,6.982421875,-0.09765625,0.5859375,0.439453125,-0.048828125,0.0732421875,0.30517578125,-0.341796875,0.2685546875,0.15869140625,-0.244140625,-0.30517578125,-0.72021484375,-0.29296875,-0.42724609375,-0.42724609375,0.74462890625,-0.1708984375,2.7099609375,-0.0732421875,5.04150390625,0.2197265625,0.84228515625,-0.32958984375,1.96533203125,0.10986328125,0.7080078125,-0.2197265625,0.52490234375,-0.4150390625,0.52490234375,-0.20751953125,0.1220703125,-0.0732421875,4.67529296875,0.03662109375,4.06494140625,-0.01220703125,5.65185546875,0.1953125,3.1982421875,0.09765625,3.564453125,0.06103515625,2.50244140625,-0.01220703125,1.79443359375,-0.06103515625,3.369140625,-0.06103515625,-1.3427734375,0.2197265625,-0.54931640625,0.03662109375,-1.123046875,-0.048828125,-0.927734375,-0.20751953125,-1.46484375,-0.03662109375,-0.341796875,-0.35400390625,-0.439453125,-0.244140625,-1.89208984375,0.06103515625,-0.7080078125,-0.048828125,-0.67138671875,0.048828125,-0.6103515625,0.146484375,-0.0244140625,0.0244140625,-0.84228515625,-0.2197265625,-1.5869140625,0.2197265625,-1.1474609375,-0.08544921875,0.25634765625,-0.03662109375,0.29296875,-0.03662109375,-0.03662109375,-0.0732421875,-0.0244140625,-0.048828125,0.15869140625,-0.0732421875,1.5625,0.0244140625,2.7099609375,-0.10986328125,0.84228515625,-0.0244140625,1.33056640625
1,-0.09765625,-0.30517578125,0.01220703125,-0.1708984375,0.30517578125,-0.29296875,-0.10986328125,0.09765625,-0.01220703125,-0.13427734375,-0.2685546875,-0.9033203125,-0.146484375,1.06201171875,0.25634765625,-0.06103515625,-0.0244140625,-0.59814453125,0.0732421875,-0.2197265625,-0.2685546875,0.89111328125,-0.03662109375,-0.57373046875,-0.0244140625,1.72119140625,-0.06103515625,1.06201171875,0.28076171875,3.3935546875,0.10986328125,7.23876953125,-0.0732421875,1.03759765625,0.35400390625,0.28076171875,0.08544921875,0.830078125,-0.35400390625,0.69580078125,0.13427734375,-0.25634765625,-0.2197265625,-0.7080078125,-0.3173828125,-0.439453125,-0.4150390625,0.732421875,-0.25634765625,2.9296875,-0.2197265625,5.5908203125,0.1708984375,0.98876953125,-0.29296875,2.1240234375,0.10986328125,0.69580078125,-0.25634765625,0.5126953125,-0.4638671875,0.5126953125,-0.10986328125,0.1220703125,-0.0732421875,4.84619140625,0.0732421875,4.21142578125,0.1220703125,5.9814453125,0.18310546875,3.30810546875,0.146484375,5.0048828125,-0.01220703125,3.06396484375,-0.03662109375,2.40478515625,-0.0244140625,4.052734375,0,-1.37939453125,0.20751953125,-0.634765625,0.09765625,-1.1474609375,-0.03662109375,-0.9765625,-0.146484375,-1.46484375,0.03662109375,-0.3662109375,-0.25634765625,-0.42724609375,-0.28076171875,-1.79443359375,0.03662109375,-0.69580078125,-0.048828125,-0.6591796875,0.048828125,-0.5859375,0.0732421875,-0.0244140625,0.06103515625,-0.8544921875,-0.244140625,-1.57470703125,0.20751953125,-1.15966796875,-0.09765625,0.2685546875,-0.0732421875,0.30517578125,-0.03662109375,-0.048828125,-0.06103515625,-0.01220703125,-0.048828125,0.18310546875,-0.06103515625,2.2705078125,0.048828125,3.82080078125,-0.1220703125,1.416015625,0,2.1728515625
1,-0.15869140625,-0.244140625,-0.0244140625,-0.09765625,0.25634765625,-0.28076171875,-0.13427734375,0.1708984375,-0.01220703125,-0.13427734375,-0.25634765625,-0.87890625,-0.13427734375,1.03759765625,0.244140625,-0.06103515625,-0.06103515625,-0.59814453125,0.09765625,-0.2197265625,-0.341796875,0.87890625,-0.048828125,-0.5615234375,-0.10986328125,1.7333984375,-0.08544921875,1.025390625,0.23193359375,3.35693359375,0.20751953125,7.2509765625,-0.03662109375,1.72119140625,0.2685546875,0.8544921875,0.0732421875,1.77001953125,-0.28076171875,1.3427734375,0.13427734375,-0.244140625,-0.15869140625,-0.69580078125,-0.37841796875,-0.48828125,-0.390625,0.732421875,-0.23193359375,3.11279296875,-0.244140625,6.01806640625,0.08544921875,1.123046875,-0.1708984375,2.25830078125,0.09765625,0.72021484375,-0.28076171875,0.5126953125,-0.42724609375,0.48828125,0,0.13427734375,-0.10986328125,4.8583984375,0.09765625,4.248046875,0.1953125,6.16455078125,0.20751953125,3.3203125,0.08544921875,6.60400390625,-0.06103515625,3.7353515625,-0.06103515625,3.125,0,4.87060546875,0.0244140625,-1.40380859375,0.18310546875,-0.732421875,0.15869140625,-1.171875,-0.048828125,-0.98876953125,-0.048828125,-1.45263671875,0.1220703125,-0.35400390625,-0.15869140625,-0.42724609375,-0.25634765625,-1.64794921875,-0.03662109375,-0.69580078125,-0.0244140625,-0.67138671875,0.0732421875,-0.5859375,-0.03662109375,-0.01220703125,0.03662109375,-0.8544921875,-0.25634765625,-1.57470703125,0.1708984375,-1.1474609375,-0.08544921875,0.28076171875,-0.048828125,0.341796875,-0.0244140625,-0.048828125,-0.06103515625,-0.03662109375,-0.048828125,0.1953125,-0.01220703125,3.08837890625,0.08544921875,5.09033203125,-0.08544921875,2.08740234375,0.06103515625,3.1494140625
1,-0.1708984375,-0.18310546875,0.01220703125,-0.03662109375,0.23193359375,-0.23193359375,-0.13427734375,0.2197265625,-0.01220703125,-0.15869140625,-0.25634765625,-0.9033203125,-0.1220703125,1.025390625,0.2197265625,-0.1220703125,-0.1220703125,-0.59814453125,0.10986328125,-0.20751953125,-0.30517578125,0.86669921875,-0.03662109375,-0.5615234375,-0.1708984375,1.67236328125,-0.10986328125,0.9521484375,0.15869140625,3.25927734375,0.2197265625,7.04345703125,-0.048828125,2.60009765625,0.20751953125,1.55029296875,-0.0732421875,2.99072265625,-0.29296875,2.1484375,0.10986328125,-0.23193359375,-0.06103515625,-0.67138671875,-0.390625,-0.50048828125,-0.40283203125,0.74462890625,-0.2197265625,3.22265625,-0.28076171875,6.28662109375,0,1.220703125,-0.146484375,2.34375,0.08544921875,0.72021484375,-0.25634765625,0.50048828125,-0.40283203125,0.4638671875,0.15869140625,0.1220703125,-0.13427734375,4.736328125,0.10986328125,4.18701171875,0.15869140625,6.16455078125,0.146484375,3.2470703125,0.06103515625,8.203125,-0.10986328125,4.3701171875,-0.01220703125,3.84521484375,-0.01220703125,5.6884765625,0.08544921875,-1.40380859375,0.15869140625,-0.78125,0.146484375,-1.1962890625,-0.03662109375,-0.98876953125,0.03662109375,-1.4404296875,0.1708984375,-0.3173828125,-0.0244140625,-0.40283203125,-0.2197265625,-1.42822265625,-0.048828125,-0.68359375,-0.03662109375,-0.69580078125,0.08544921875,-0.5859375,-0.08544921875,-0.0244140625,0.01220703125,-0.84228515625,-0.29296875,-1.57470703125,0.10986328125,-1.123046875,-0.0732421875,0.23193359375,-0.048828125,0.37841796875,-0.01220703125,-0.0732421875,-0.06103515625,-0.0244140625,-0.06103515625,0.1708984375,0,3.90625,-0.01220703125,6.3720703125,0,2.783203125,0.09765625,4.150390625
1,-0.1708984375,-0.1220703125,0.048828125,0.03662109375,0.23193359375,-0.20751953125,-0.1220703125,0.28076171875,0.01220703125,-0.146484375,-0.25634765625,-0.91552734375,-0.08544921875,1.01318359375,0.2197265625,-0.15869140625,-0.146484375,-0.5859375,0.146484375,-0.1708984375,-0.29296875,0.86669921875,-0.0732421875,-0.54931640625,-0.2685546875,1.5380859375,-0.09765625,0.8544921875,0.0732421875,3.125,0.0244140625,6.67724609375,-0.0732421875,3.564453125,0.13427734375,2.3681640625,-0.15869140625,4.4189453125,-0.2685546875,3.06396484375,-0.03662109375,-0.23193359375,-0.03662109375,-0.67138671875,-0.37841796875,-0.537109375,-0.390625,0.76904296875,-0.18310546875,3.2470703125,-0.2197265625,6.4208984375,-0.08544921875,1.2451171875,-0.146484375,2.38037109375,0.08544921875,0.732421875,-0.146484375,0.50048828125,-0.37841796875,0.439453125,0.25634765625,0.10986328125,-0.1220703125,4.50439453125,0.1220703125,4.00390625,0.1220703125,6.005859375,0.048828125,3.11279296875,0.0732421875,9.66796875,-0.1220703125,4.94384765625,0.0732421875,4.4921875,-0.0732421875,6.4453125,0.1220703125,-1.3916015625,0.13427734375,-0.79345703125,0.20751953125,-1.1962890625,-0.048828125,-1.01318359375,0.09765625,-1.42822265625,0.1708984375,-0.29296875,0.0732421875,-0.3662109375,-0.146484375,-1.23291015625,-0.06103515625,-0.67138671875,-0.048828125,-0.69580078125,0.06103515625,-0.59814453125,-0.15869140625,-0.03662109375,0.01220703125,-0.8544921875,-0.28076171875,-1.57470703125,0.06103515625,-1.11083984375,-0.0732421875,0.2197265625,-0.08544921875,0.4150390625,-0.01220703125,-0.06103515625,-0.0732421875,0.01220703125,-0.06103515625,0.1708984375,-0.01220703125,4.69970703125,-0.08544921875,7.5439453125,0.06103515625,3.45458984375,0.10986328125,5.078125
1,-0.20751953125,-0.06103515625,0.0732421875,0.146484375,0.20751953125,-0.15869140625,-0.146484375,0.3662109375,-0.0244140625,-0.13427734375,-0.2685546875,-0.927734375,-0.06103515625,1.025390625,0.20751953125,-0.18310546875,-0.13427734375,-0.5859375,0.146484375,-0.18310546875,-0.3173828125,0.86669921875,-0.09765625,-0.57373046875,-0.35400390625,1.37939453125,-0.09765625,0.74462890625,-0.03662109375,2.978515625,-0.0732421875,6.21337890625,-0.10986328125,4.541015625,0.1220703125,3.173828125,-0.15869140625,5.8837890625,-0.244140625,3.96728515625,-0.146484375,-0.1953125,-0.0244140625,-0.67138671875,-0.390625,-0.537109375,-0.42724609375,0.79345703125,-0.1708984375,3.18603515625,-0.28076171875,6.40869140625,-0.1953125,1.25732421875,-0.146484375,2.3681640625,0.0244140625,0.72021484375,-0.06103515625,0.48828125,-0.37841796875,0.42724609375,0.341796875,0.1220703125,-0.13427734375,4.2236328125,0.15869140625,3.80859375,0.08544921875,5.7373046875,0.0244140625,2.9296875,0.03662109375,10.82763671875,-0.09765625,5.419921875,0.1708984375,5.0048828125,-0.13427734375,7.080078125,0.09765625,-1.3916015625,0.0244140625,-0.78125,0.23193359375,-1.15966796875,-0.08544921875,-0.98876953125,0.15869140625,-1.3916015625,0.15869140625,-0.2685546875,0.13427734375,-0.37841796875,-0.01220703125,-1.0986328125,-0.06103515625,-0.67138671875,-0.01220703125,-0.7080078125,0.0244140625,-0.62255859375,-0.20751953125,-0.06103515625,0.01220703125,-0.86669921875,-0.244140625,-1.5869140625,0,-1.11083984375,-0.08544921875,0.15869140625,-0.10986328125,0.45166015625,0.01220703125,-0.08544921875,-0.0732421875,-0.0244140625,-0.048828125,0.13427734375,0.01220703125,5.38330078125,-0.0244140625,8.50830078125,0.1953125,3.99169921875,0.1708984375,5.89599609375
1,-0.20751953125,-0.0244140625,0.0732421875,0.1953125,0.2197265625,-0.09765625,-0.146484375,0.4150390625,0,-0.10986328125,-0.25634765625,-0.93994140625,-0.06103515625,1.01318359375,0.2197265625,-0.2197265625,-0.13427734375,-0.59814453125,0.146484375,-0.15869140625,-0.28076171875,0.86669921875,-0.09765625,-0.5859375,-0.390625,1.220703125,-0.0732421875,0.6103515625,-0.146484375,2.83203125,-0.09765625,5.712890625,-0.1953125,5.419921875,0.03662109375,3.955078125,-0.244140625,7.2265625,-0.23193359375,4.79736328125,-0.25634765625,-0.18310546875,-0.06103515625,-0.6591796875,-0.390625,-0.54931640625,-0.341796875,0.79345703125,-0.146484375,3.11279296875,-0.35400390625,6.28662109375,-0.28076171875,1.220703125,-0.15869140625,2.3193359375,-0.048828125,0.732421875,0,0.48828125,-0.3662109375,0.439453125,0.40283203125,0.146484375,-0.09765625,3.89404296875,0.10986328125,3.564453125,0.06103515625,5.419921875,0.0244140625,2.7099609375,0.03662109375,11.5966796875,-0.10986328125,5.7373046875,0.25634765625,5.322265625,-0.1708984375,7.470703125,0.09765625,-1.3427734375,-0.0244140625,-0.732421875,0.2197265625,-1.1474609375,-0.08544921875,-0.9765625,0.146484375,-1.37939453125,0.09765625,-0.244140625,0.15869140625,-0.32958984375,0.13427734375,-1.07421875,-0.0244140625,-0.68359375,0.01220703125,-0.72021484375,-0.03662109375,-0.5859375,-0.18310546875,-0.06103515625,0.0244140625,-0.8544921875,-0.25634765625,-1.57470703125,-0.01220703125,-1.0986328125,-0.10986328125,0.09765625,-0.146484375,0.52490234375,0.03662109375,-0.06103515625,-0.0732421875,-0.01220703125,-0.03662109375,0.1220703125,0.01220703125,5.87158203125,-0.08544921875,9.1552734375,0.28076171875,4.35791015625,0.20751953125,6.4697265625
1,-0.2197265625,0.01220703125,0.13427734375,0.244140625,0.2197265625,-0.0244140625,-0.146484375,0.439453125,-0.0244140625,-0.08544921875,-0.25634765625,-0.96435546875,-0.0732421875,1.0009765625,0.23193359375,-0.244140625,-0.09765625,-0.6103515625,0.146484375,-0.1708984375,-0.25634765625,0.89111328125,-0.10986328125,-0.57373046875,-0.439453125,1.07421875,-0.06103515625,0.47607421875,-0.23193359375,2.7099609375,-0.09765625,5.2490234375,-0.1953125,6.0791015625,0.01220703125,4.60205078125,-0.23193359375,8.30078125,-0.15869140625,5.45654296875,-0.32958984375,-0.18310546875,-0.1708984375,-0.6591796875,-0.42724609375,-0.537109375,-0.29296875,0.78125,-0.1708984375,2.99072265625,-0.29296875,6.0546875,-0.3173828125,1.11083984375,-0.146484375,2.24609375,-0.146484375,0.732421875,0.03662109375,0.50048828125,-0.35400390625,0.439453125,0.4150390625,0.15869140625,-0.08544921875,3.5888671875,-0.01220703125,3.2958984375,0.01220703125,5.04150390625,-0.01220703125,2.5146484375,-0.01220703125,11.865234375,-0.13427734375,5.8837890625,0.29296875,5.45654296875,-0.2197265625,7.60498046875,0.06103515625,-1.318359375,-0.15869140625,-0.634765625,0.18310546875,-1.0986328125,-0.048828125,-0.93994140625,0.1220703125,-1.37939453125,0.09765625,-0.2197265625,0.20751953125,-0.32958984375,0.1953125,-1.15966796875,0,-0.69580078125,0.01220703125,-0.72021484375,-0.08544921875,-0.6103515625,-0.13427734375,-0.048828125,0.0244140625,-0.87890625,-0.28076171875,-1.5625,-0.048828125,-1.0986328125,-0.13427734375,0.03662109375,-0.146484375,0.5615234375,0.03662109375,-0.048828125,-0.06103515625,-0.01220703125,-0.01220703125,0.1220703125,0,6.16455078125,-0.1953125,9.47265625,0.341796875,4.541015625,0.244140625,6.79931640625
1,-0.23193359375,0,0.1220703125,0.28076171875,0.1953125,0.0244140625,-0.15869140625,0.4638671875,-0.048828125,-0.06103515625,-0.25634765625,-0.9521484375,-0.0732421875,1.0498046875,0.2197265625,-0.2197265625,-0.0732421875,-0.6103515625,0.1220703125,-0.18310546875,-0.2685546875,0.9033203125,-0.15869140625,-0.5859375,-0.390625,0.9765625,-0.01220703125,0.40283203125,-0.30517578125,2.6123046875,-0.09765625,4.87060546875,-0.29296875,6.494140625,0.03662109375,5.01708984375,-0.32958984375,8.99658203125,-0.15869140625,5.87158203125,-0.3662109375,-0.20751953125,-0.3173828125,-0.67138671875,-0.42724609375,-0.50048828125,-0.30517578125,0.7080078125,-0.15869140625,2.86865234375,-0.244140625,5.77392578125,-0.35400390625,1.025390625,-0.13427734375,2.1484375,-0.244140625,0.7080078125,0.06103515625,0.50048828125,-0.29296875,0.45166015625,0.439453125,0.146484375,-0.0244140625,3.3447265625,-0.06103515625,3.076171875,-0.01220703125,4.6630859375,0.03662109375,2.33154296875,-0.09765625,11.669921875,-0.18310546875,5.79833984375,0.29296875,5.37109375,-0.23193359375,7.4951171875,0.03662109375,-1.2939453125,-0.28076171875,-0.5615234375,0.1220703125,-1.07421875,-0.0244140625,-0.89111328125,0.0732421875,-1.3916015625,0.048828125,-0.2197265625,0.29296875,-0.35400390625,0.244140625,-1.318359375,0,-0.68359375,0.01220703125,-0.7080078125,-0.09765625,-0.57373046875,-0.0732421875,-0.0732421875,0.06103515625,-0.86669921875,-0.29296875,-1.5625,-0.10986328125,-1.07421875,-0.08544921875,0,-0.18310546875,0.634765625,0.01220703125,-0.048828125,-0.06103515625,-0.0244140625,0.01220703125,0.09765625,-0.0244140625,6.201171875,-0.23193359375,9.43603515625,0.3662109375,4.541015625,0.25634765625,6.82373046875
1,-0.2197265625,0,0.15869140625,0.29296875,0.15869140625,0.048828125,-0.15869140625,0.4638671875,-0.03662109375,-0.03662109375,-0.244140625,-0.93994140625,-0.0732421875,1.025390625,0.2197265625,-0.20751953125,-0.03662109375,-0.5859375,0.09765625,-0.1953125,-0.244140625,0.89111328125,-0.18310546875,-0.57373046875,-0.3662109375,0.91552734375,0.048828125,0.3662109375,-0.32958984375,2.587890625,0.03662109375,4.6630859375,-0.3662109375,6.6162109375,0.03662109375,5.21240234375,-0.390625,9.2529296875,-0.20751953125,6.01806640625,-0.40283203125,-0.20751953125,-0.40283203125,-0.6591796875,-0.42724609375,-0.47607421875,-0.25634765625,0.634765625,-0.20751953125,2.734375,-0.1220703125,5.50537109375,-0.35400390625,0.9521484375,-0.20751953125,2.0751953125,-0.29296875,0.7080078125,0.1220703125,0.5126953125,-0.28076171875,0.4638671875,0.47607421875,0.146484375,0.03662109375,3.18603515625,-0.10986328125,2.89306640625,-0.15869140625,4.345703125,0.0732421875,2.197265625,-0.1708984375,11.04736328125,-0.1953125,5.517578125,0.29296875,5.09033203125,-0.15869140625,7.14111328125,-0.01220703125,-1.2451171875,-0.341796875,-0.439453125,0.08544921875,-1.03759765625,0,-0.84228515625,-0.01220703125,-1.3916015625,0.048828125,-0.20751953125,0.3662109375,-0.35400390625,0.23193359375,-1.513671875,-0.0244140625,-0.7080078125,-0.01220703125,-0.7080078125,-0.13427734375,-0.59814453125,-0.01220703125,-0.06103515625,0.06103515625,-0.8544921875,-0.32958984375,-1.55029296875,-0.146484375,-1.0498046875,-0.03662109375,-0.0244140625,-0.244140625,0.68359375,0,-0.06103515625,-0.06103515625,-0.03662109375,0.03662109375,0.10986328125,-0.03662109375,6.0546875,-0.25634765625,9.11865234375,0.32958984375,4.345703125,0.2685546875,6.60400390625
1,-0.2197265625,-0.03662109375,0.15869140625,0.2685546875,0.1220703125,0.0732421875,-0.1708984375,0.439453125,-0.06103515625,-0.0732421875,-0.244140625,-0.93994140625,-0.048828125,1.03759765625,0.18310546875,-0.146484375,-0.0244140625,-0.5859375,0.0732421875,-0.18310546875,-0.32958984375,0.9033203125,-0.23193359375,-0.57373046875,-0.35400390625,0.89111328125,0.08544921875,0.341796875,-0.3173828125,2.5634765625,0.01220703125,4.58984375,-0.40283203125,6.48193359375,0.06103515625,5.126953125,-0.45166015625,9.09423828125,-0.28076171875,5.8837890625,-0.3662109375,-0.23193359375,-0.47607421875,-0.69580078125,-0.40283203125,-0.4638671875,-0.2685546875,0.54931640625,-0.25634765625,2.63671875,0.0244140625,5.21240234375,-0.35400390625,0.86669921875,-0.2685546875,1.98974609375,-0.28076171875,0.7080078125,0.15869140625,0.50048828125,-0.2685546875,0.5126953125,0.50048828125,0.15869140625,0.06103515625,3.03955078125,-0.1220703125,2.783203125,-0.2685546875,4.1259765625,0.08544921875,2.099609375,-0.23193359375,10.04638671875,-0.18310546875,5.09033203125,0.2685546875,4.65087890625,-0.10986328125,6.5673828125,-0.0244140625,-1.220703125,-0.4150390625,-0.341796875,0.01220703125,-1.0498046875,-0.0244140625,-0.830078125,-0.10986328125,-1.416015625,-0.01220703125,-0.25634765625,0.40283203125,-0.3662109375,0.09765625,-1.69677734375,-0.0244140625,-0.72021484375,0,-0.69580078125,-0.10986328125,-0.59814453125,0.048828125,-0.0732421875,0.08544921875,-0.84228515625,-0.37841796875,-1.5625,-0.15869140625,-1.03759765625,0,-0.03662109375,-0.23193359375,0.72021484375,0.01220703125,-0.06103515625,-0.0732421875,-0.01220703125,0.0244140625,0.13427734375,-0.03662109375,5.72509765625,-0.30517578125,8.55712890625,0.29296875,4.01611328125,0.25634765625,6.16455078125
1,-0.20751953125,-0.08544921875,0.18310546875,0.20751953125,0.1220703125,0.048828125,-0.18310546875,0.40283203125,-0.048828125,-0.09765625,-0.23193359375,-0.927734375,-0.06103515625,1.03759765625,0.18310546875,-0.146484375,-0.03662109375,-0.59814453125,0.03662109375,-0.20751953125,-0.42724609375,0.89111328125,-0.23193359375,-0.5615234375,-0.3173828125,0.927734375,0.146484375,0.35400390625,-0.25634765625,2.5634765625,-0.048828125,4.638671875,-0.40283203125,6.0302734375,0.0732421875,4.78515625,-0.439453125,8.55712890625,-0.32958984375,5.4931640625,-0.37841796875,-0.244140625,-0.45166015625,-0.69580078125,-0.32958984375,-0.45166015625,-0.28076171875,0.48828125,-0.29296875,2.57568359375,0.06103515625,5.01708984375,-0.30517578125,0.76904296875,-0.28076171875,1.91650390625,-0.244140625,0.7080078125,0.1220703125,0.5126953125,-0.30517578125,0.52490234375,0.52490234375,0.146484375,0.13427734375,3.0029296875,-0.1953125,2.74658203125,-0.35400390625,3.99169921875,0.09765625,2.06298828125,-0.2685546875,8.7890625,-0.18310546875,4.5166015625,0.25634765625,4.052734375,-0.048828125,5.859375,-0.0244140625,-1.171875,-0.40283203125,-0.28076171875,-0.0732421875,-1.03759765625,-0.09765625,-0.81787109375,-0.1708984375,-1.4404296875,0,-0.244140625,0.4150390625,-0.390625,0,-1.81884765625,-0.0244140625,-0.72021484375,0.0244140625,-0.69580078125,-0.0732421875,-0.6103515625,0.10986328125,-0.06103515625,0.10986328125,-0.830078125,-0.37841796875,-1.5625,-0.10986328125,-1.01318359375,0.01220703125,-0.0244140625,-0.244140625,0.72021484375,0.03662109375,-0.06103515625,-0.0732421875,-0.0244140625,0.03662109375,0.15869140625,-0.0732421875,5.2490234375,-0.3173828125,7.80029296875,0.244140625,3.57666015625,0.25634765625,5.5419921875
1,-0.1953125,-0.1708984375,0.1708984375,0.15869140625,0.10986328125,-0.0244140625,-0.1953125,0.3662109375,-0.03662109375,-0.1220703125,-0.23193359375,-0.89111328125,-0.06103515625,1.0498046875,0.18310546875,-0.1220703125,-0.03662109375,-0.59814453125,0.0244140625,-0.1953125,-0.52490234375,0.87890625,-0.20751953125,-0.5615234375,-0.29296875,1.0009765625,0.18310546875,0.390625,-0.1953125,2.55126953125,-0.06103515625,4.77294921875,-0.341796875,5.419921875,0.0732421875,4.248046875,-0.390625,7.6904296875,-0.341796875,4.9072265625,-0.29296875,-0.25634765625,-0.42724609375,-0.7080078125,-0.32958984375,-0.4638671875,-0.32958984375,0.439453125,-0.28076171875,2.5390625,0.0244140625,4.82177734375,-0.2685546875,0.732421875,-0.32958984375,1.8798828125,-0.1708984375,0.72021484375,0.13427734375,0.5126953125,-0.4150390625,0.5126953125,0.54931640625,0.146484375,0.13427734375,3.01513671875,-0.2197265625,2.77099609375,-0.37841796875,3.86962890625,0.06103515625,2.05078125,-0.23193359375,7.3486328125,-0.20751953125,3.9306640625,0.244140625,3.3935546875,0.03662109375,5.09033203125,-0.0244140625,-1.15966796875,-0.3662109375,-0.23193359375,-0.15869140625,-1.0498046875,-0.13427734375,-0.78125,-0.20751953125,-1.4404296875,0.01220703125,-0.28076171875,0.4150390625,-0.40283203125,-0.15869140625,-1.81884765625,0.01220703125,-0.732421875,0.01220703125,-0.67138671875,-0.06103515625,-0.59814453125,0.1220703125,-0.048828125,0.1220703125,-0.84228515625,-0.37841796875,-1.55029296875,-0.03662109375,-0.98876953125,0,-0.01220703125,-0.28076171875,0.7080078125,0.01220703125,-0.08544921875,-0.0732421875,-0.0244140625,0.03662109375,0.18310546875,-0.06103515625,4.69970703125,-0.3173828125,6.982421875,0.1953125,3.125,0.23193359375,4.8828125
1,-0.1708984375,-0.23193359375,0.18310546875,0.06103515625,0.1220703125,-0.08544921875,-0.18310546875,0.3173828125,-0.0244140625,-0.146484375,-0.23193359375,-0.91552734375,-0.0732421875,1.025390625,0.1708984375,-0.10986328125,-0.0732421875,-0.59814453125,0.01220703125,-0.20751953125,-0.59814453125,0.87890625,-0.18310546875,-0.54931640625,-0.1953125,1.0498046875,0.146484375,0.42724609375,-0.146484375,2.5634765625,-0.0732421875,4.8828125,-0.28076171875,4.638671875,0.09765625,3.55224609375,-0.35400390625,6.65283203125,-0.32958984375,4.18701171875,-0.244140625,-0.2685546875,-0.30517578125,-0.69580078125,-0.29296875,-0.47607421875,-0.45166015625,0.42724609375,-0.25634765625,2.52685546875,-0.01220703125,4.6875,-0.2197265625,0.7080078125,-0.35400390625,1.84326171875,-0.10986328125,0.732421875,0.09765625,0.5126953125,-0.42724609375,0.52490234375,0.6103515625,0.1220703125,0.08544921875,3.0517578125,-0.23193359375,2.783203125,-0.37841796875,3.8330078125,0.03662109375,2.03857421875,-0.2685546875,5.859375,-0.2197265625,3.30810546875,0.244140625,2.6611328125,0.0732421875,4.2724609375,-0.0244140625,-1.1474609375,-0.29296875,-0.244140625,-0.244140625,-1.06201171875,-0.15869140625,-0.79345703125,-0.244140625,-1.45263671875,-0.01220703125,-0.29296875,0.341796875,-0.42724609375,-0.244140625,-1.7578125,0.048828125,-0.72021484375,-0.01220703125,-0.6591796875,-0.0732421875,-0.6103515625,0.146484375,-0.048828125,0.09765625,-0.84228515625,-0.3662109375,-1.5625,0.03662109375,-1.0009765625,-0.06103515625,0.048828125,-0.28076171875,0.64697265625,0.01220703125,-0.0732421875,-0.06103515625,-0.048828125,0.03662109375,0.1953125,-0.06103515625,4.11376953125,-0.3173828125,6.16455078125,0.13427734375,2.64892578125,0.1953125,4.16259765625
0,-0.10986328125,-0.30517578125,0.20751953125,-0.048828125,0.1220703125,-0.15869140625,-0.15869140625,0.28076171875,-0.01220703125,-0.15869140625,-0.244140625,-0.9033203125,-0.08544921875,1.01318359375,0.15869140625,-0.09765625,-0.0732421875,-0.5859375,0,-0.20751953125,-0.5126953125,0.87890625,-0.09765625,-0.52490234375,-0.09765625,1.07421875,0.1220703125,0.4150390625,-0.15869140625,2.50244140625,-0.09765625,4.931640625,-0.18310546875,3.84521484375,0.03662109375,2.79541015625,-0.2685546875,5.52978515625,-0.341796875,3.40576171875,-0.1953125,-0.244140625,-0.20751953125,-0.69580078125,-0.28076171875,-0.48828125,-0.42724609375,0.439453125,-0.1953125,2.50244140625,0,4.60205078125,-0.1708984375,0.72021484375,-0.439453125,1.81884765625,-0.03662109375,0.732421875,0.0732421875,0.5126953125,-0.439453125,0.5126953125,0.634765625,0.1220703125,0.13427734375,3.03955078125,-0.20751953125,2.8076171875,-0.23193359375,3.7841796875,0.01220703125,2.03857421875,-0.23193359375,4.38232421875,-0.1708984375,2.67333984375,0.2197265625,1.94091796875,0.146484375,3.47900390625,-0.048828125,-1.13525390625,-0.1708984375,-0.244140625,-0.29296875,-1.0986328125,-0.15869140625,-0.81787109375,-0.1953125,-1.46484375,0.0244140625,-0.29296875,0.2197265625,-0.42724609375,-0.23193359375,-1.59912109375,0.09765625,-0.7080078125,-0.01220703125,-0.6591796875,-0.06103515625,-0.62255859375,0.13427734375,-0.048828125,0.048828125,-0.8544921875,-0.341796875,-1.5625,0.0732421875,-1.0009765625,-0.0732421875,0.08544921875,-0.30517578125,0.59814453125,0,-0.09765625,-0.08544921875,-0.0732421875,0.06103515625,0.20751953125,-0.03662109375,3.52783203125,-0.3173828125,5.38330078125,0.0732421875,2.18505859375,0.146484375,3.50341796875
0,-0.1708984375,-0.35400390625,0.1953125,-0.10986328125,0.0732421875,-0.23193359375,-0.18310546875,0.2197265625,-0.01220703125,-0.146484375,-0.244140625,-0.89111328125,-0.09765625,1.0009765625,0.18310546875,-0.10986328125,-0.13427734375,-0.5859375,-0.048828125,-0.1953125,-0.4150390625,0.89111328125,-0.0244140625,-0.537109375,-0.06103515625,1.06201171875,0.048828125,0.37841796875,-0.1953125,2.4169921875,-0.09765625,4.8095703125,-0.08544921875,3.02734375,-0.0244140625,2.0263671875,-0.1953125,4.4189453125,-0.3173828125,2.62451171875,-0.1708984375,-0.2197265625,-0.1220703125,-0.69580078125,-0.2685546875,-0.47607421875,-0.45166015625,0.50048828125,-0.10986328125,2.50244140625,-0.01220703125,4.52880859375,-0.10986328125,0.72021484375,-0.4638671875,1.7822265625,-0.01220703125,0.7568359375,0.048828125,0.52490234375,-0.50048828125,0.48828125,0.6591796875,0.1220703125,0.08544921875,2.99072265625,-0.2197265625,2.74658203125,-0.146484375,3.6376953125,-0.06103515625,1.98974609375,-0.18310546875,2.94189453125,-0.09765625,2.0751953125,0.25634765625,1.2451171875,0.1708984375,2.74658203125,-0.06103515625,-1.1474609375,0.01220703125,-0.30517578125,-0.37841796875,-1.123046875,-0.09765625,-0.830078125,-0.15869140625,-1.47705078125,0.0732421875,-0.29296875,0.10986328125,-0.4150390625,-0.2197265625,-1.416015625,0.10986328125,-0.72021484375,-0.06103515625,-0.67138671875,-0.048828125,-0.634765625,0.10986328125,-0.048828125,0.03662109375,-0.86669921875,-0.35400390625,-1.57470703125,0.08544921875,-1.01318359375,-0.13427734375,0.10986328125,-0.29296875,0.52490234375,0.01220703125,-0.09765625,-0.08544921875,-0.08544921875,0.0732421875,0.1953125,-0.0244140625,3.0029296875,-0.3173828125,4.6875,0.0244140625,1.77001953125,0.06103515625,2.9052734375
0,-0.1708984375,-0.3662109375,0.20751953125,-0.15869140625,0.03662109375,-0.244140625,-0.15869140625,0.2197265625,-0.01220703125,-0.13427734375,-0.1953125,-0.89111328125,-0.10986328125,1.0009765625,0.20751953125,-0.146484375,-0.146484375,-0.57373046875,-0.10986328125,-0.1953125,-0.341796875,0.87890625,0.03662109375,-0.5126953125,0.03662109375,1.01318359375,-0.048828125,0.32958984375,-0.29296875,2.294921875,-0.15869140625,4.5166015625,-0.03662109375,2.28271484375,-0.0732421875,1.2939453125,-0.146484375,3.38134765625,-0.244140625,1.904296875,-0.1708984375,-0.20751953125,-0.048828125,-0.69580078125,-0.29296875,-0.52490234375,-0.50048828125,0.5859375,-0.03662109375,2.45361328125,0.06103515625,4.40673828125,-0.06103515625,0.732421875,-0.50048828125,1.7578125,-0.0244140625,0.76904296875,0.03662109375,0.52490234375,-0.4150390625,0.47607421875,0.5859375,0.13427734375,0.09765625,2.84423828125,-0.1953125,2.6611328125,0.0244140625,3.3935546875,-0.1708984375,1.85546875,-0.15869140625,1.67236328125,-0.06103515625,1.55029296875,0.341796875,0.59814453125,0.18310546875,2.0751953125,-0.09765625,-1.1474609375,0.146484375,-0.390625,-0.45166015625,-1.123046875,-0.01220703125,-0.8544921875,-0.09765625,-1.50146484375,0.1220703125,-0.2685546875,-0.01220703125,-0.4150390625,-0.10986328125,-1.2451171875,0.09765625,-0.72021484375,-0.13427734375,-0.68359375,-0.08544921875,-0.634765625,0.048828125,-0.048828125,0.0244140625,-0.86669921875,-0.32958984375,-1.5625,0.06103515625,-1.03759765625,-0.15869140625,0.1220703125,-0.2685546875,0.42724609375,0,-0.09765625,-0.0732421875,-0.09765625,0.0732421875,0.18310546875,-0.01220703125,2.52685546875,-0.30517578125,4.06494140625,0,1.3916015625,0.03662109375,2.35595703125
0,-0.23193359375,-0.37841796875,0.146484375,-0.15869140625,0,-0.2685546875,-0.20751953125,0.2197265625,-0.01220703125,-0.1220703125,-0.18310546875,-0.87890625,-0.146484375,1.0009765625,0.18310546875,-0.15869140625,-0.13427734375,-0.5859375,-0.15869140625,-0.1708984375,-0.1953125,0.9033203125,0.0244140625,-0.5126953125,0.06103515625,0.87890625,-0.13427734375,0.20751953125,-0.390625,2.1240234375,-0.18310546875,3.96728515625,-0.01220703125,1.64794921875,-0.0732421875,0.69580078125,-0.09765625,2.45361328125,-0.1708984375,1.26953125,-0.2197265625,-0.2197265625,0.08544921875,-0.68359375,-0.32958984375,-0.537109375,-0.5615234375,0.6103515625,0.03662109375,2.3681640625,0.10986328125,4.18701171875,-0.0244140625,0.7080078125,-0.52490234375,1.74560546875,-0.01220703125,0.79345703125,0.048828125,0.5126953125,-0.4638671875,0.47607421875,0.50048828125,0.13427734375,0.048828125,2.5634765625,-0.146484375,2.47802734375,0.13427734375,3.01513671875,-0.2197265625,1.67236328125,-0.1708984375,0.537109375,0.048828125,1.11083984375,0.40283203125,0.0732421875,0.146484375,1.52587890625,-0.048828125,-1.15966796875,0.28076171875,-0.45166015625,-0.4638671875,-1.1474609375,0.0732421875,-0.87890625,-0.03662109375,-1.513671875,0.15869140625,-0.25634765625,-0.146484375,-0.40283203125,-0.048828125,-1.13525390625,0.08544921875,-0.7080078125,-0.1708984375,-0.69580078125,-0.06103515625,-0.62255859375,-0.0244140625,-0.03662109375,0.01220703125,-0.8544921875,-0.29296875,-1.55029296875,0,-1.06201171875,-0.2197265625,0.13427734375,-0.3173828125,0.3662109375,-0.03662109375,-0.10986328125,-0.0732421875,-0.09765625,0.0732421875,0.15869140625,-0.0244140625,2.0751953125,-0.28076171875,3.47900390625,-0.01220703125,1.03759765625,-0.0244140625,1.81884765625
0,-0.244140625,-0.35400390625,0.1708984375,-0.18310546875,0,-0.2685546875,-0.2197265625,0.20751953125,-0.0244140625,-0.1220703125,-0.1953125,-0.9033203125,-0.1220703125,0.98876953125,0.2197265625,-0.1953125,-0.10986328125,-0.5859375,-0.18310546875,-0.18310546875,-0.1220703125,0.89111328125,-0.01220703125,-0.537109375,0.0732421875,0.68359375,-0.2197265625,0.06103515625,-0.5126953125,1.904296875,-0.09765625,3.23486328125,-0.0244140625,1.1474609375,-0.06103515625,0.18310546875,-0.0732421875,1.6845703125,-0.10986328125,0.76904296875,-0.23193359375,-0.23193359375,0.18310546875,-0.69580078125,-0.37841796875,-0.52490234375,-0.5859375,0.67138671875,0.0244140625,2.23388671875,0.03662109375,3.857421875,0.01220703125,0.67138671875,-0.52490234375,1.64794921875,0.0244140625,0.78125,0.048828125,0.52490234375,-0.50048828125,0.47607421875,0.390625,0.13427734375,-0.0244140625,2.1728515625,-0.146484375,2.197265625,0.1708984375,2.5390625,-0.25634765625,1.416015625,-0.23193359375,-0.40283203125,0.10986328125,0.732421875,0.4638671875,-0.3662109375,0.0732421875,1.0498046875,0,-1.18408203125,0.35400390625,-0.52490234375,-0.48828125,-1.1474609375,0.13427734375,-0.927734375,0.03662109375,-1.52587890625,0.1953125,-0.2685546875,-0.2197265625,-0.4150390625,0,-1.0986328125,0.03662109375,-0.69580078125,-0.23193359375,-0.72021484375,-0.048828125,-0.634765625,-0.09765625,-0.06103515625,0.048828125,-0.86669921875,-0.29296875,-1.5625,0.01220703125,-1.0986328125,-0.2197265625,0.146484375,-0.32958984375,0.341796875,-0.048828125,-0.08544921875,-0.0732421875,-0.09765625,0.06103515625,0.13427734375,-0.03662109375,1.6357421875,-0.25634765625,2.94189453125,0,0.69580078125,-0.048828125,1.35498046875
0,-0.2197265625,-0.30517578125,0.20751953125,-0.1953125,0.06103515625,-0.23193359375,-0.2197265625,0.1708984375,-0.0244140625,-0.10986328125,-0.18310546875,-0.93994140625,-0.13427734375,1.01318359375,0.1953125,-0.244140625,-0.0732421875,-0.59814453125,-0.18310546875,-0.1953125,0,0.9033203125,-0.048828125,-0.5615234375,0.08544921875,0.47607421875,-0.28076171875,-0.15869140625,-0.59814453125,1.67236328125,-0.0244140625,2.392578125,-0.06103515625,0.74462890625,-0.03662109375,-0.15869140625,-0.09765625,1.123046875,-0.03662109375,0.35400390625,-0.2197265625,-0.244140625,0.2197265625,-0.68359375,-0.42724609375,-0.5126953125,-0.5126953125,0.69580078125,-0.03662109375,2.08740234375,0.10986328125,3.40576171875,0.06103515625,0.5859375,-0.45166015625,1.52587890625,-0.01220703125,0.76904296875,0.01220703125,0.5126953125,-0.5126953125,0.47607421875,0.30517578125,0.15869140625,0.0244140625,1.74560546875,-0.1708984375,1.89208984375,0.20751953125,1.96533203125,-0.2197265625,1.13525390625,-0.28076171875,-1.0498046875,0.15869140625,0.42724609375,0.47607421875,-0.6591796875,0.01220703125,0.72021484375,0.0244140625,-1.23291015625,0.45166015625,-0.57373046875,-0.50048828125,-1.1474609375,0.146484375,-0.9521484375,0.08544921875,-1.55029296875,0.2197265625,-0.28076171875,-0.3173828125,-0.390625,0.01220703125,-1.1474609375,-0.0244140625,-0.69580078125,-0.244140625,-0.7080078125,-0.03662109375,-0.634765625,-0.13427734375,-0.048828125,0.048828125,-0.8544921875,-0.23193359375,-1.55029296875,-0.03662109375,-1.11083984375,-0.23193359375,0.10986328125,-0.32958984375,0.341796875,-0.048828125,-0.06103515625,-0.06103515625,-0.0732421875,0.0244140625,0.1220703125,-0.048828125,1.171875,-0.25634765625,2.392578125,-0.01220703125,0.3662109375,-0.048828125,0.84228515625
0,-0.25634765625,-0.2685546875,0.15869140625,-0.18310546875,0.048828125,-0.20751953125,-0.25634765625,0.146484375,-0.0244140625,-0.08544921875,-0.20751953125,-0.93994140625,-0.146484375,1.025390625,0.18310546875,-0.25634765625,-0.048828125,-0.59814453125,-0.15869140625,-0.1953125,0.0732421875,0.9033203125,-0.0732421875,-0.5615234375,0.06103515625,0.23193359375,-0.32958984375,-0.37841796875,-0.5859375,1.4404296875,0.10986328125,1.513671875,-0.06103515625,0.47607421875,-0.01220703125,-0.40283203125,-0.10986328125,0.69580078125,0,0.0732421875,-0.1953125,-0.244140625,0.1708984375,-0.7080078125,-0.50048828125,-0.48828125,-0.390625,0.68359375,-0.0732421875,1.86767578125,0.146484375,2.8564453125,0.09765625,0.439453125,-0.40283203125,1.37939453125,-0.048828125,0.76904296875,0.0244140625,0.52490234375,-0.5126953125,0.50048828125,0.20751953125,0.1708984375,-0.0244140625,1.318359375,-0.2685546875,1.5869140625,0.1953125,1.3916015625,-0.18310546875,0.86669921875,-0.30517578125,-1.45263671875,0.1708984375,0.25634765625,0.42724609375,-0.81787109375,-0.0732421875,0.52490234375,0.03662109375,-1.2939453125,0.4638671875,-0.6103515625,-0.47607421875,-1.1474609375,0.10986328125,-0.93994140625,0.10986328125,-1.57470703125,0.1953125,-0.30517578125,-0.3173828125,-0.390625,0.10986328125,-1.23291015625,-0.03662109375,-0.68359375,-0.25634765625,-0.732421875,-0.03662109375,-0.62255859375,-0.1220703125,-0.06103515625,0.0732421875,-0.84228515625,-0.1708984375,-1.57470703125,-0.09765625,-1.15966796875,-0.2197265625,0.08544921875,-0.35400390625,0.35400390625,-0.06103515625,-0.06103515625,-0.0732421875,-0.06103515625,0.048828125,0.13427734375,-0.06103515625,0.7080078125,-0.25634765625,1.79443359375,-0.01220703125,0.01220703125,-0.048828125,0.35400390625
0,-0.2197265625,-0.20751953125,0.20751953125,-0.1708984375,0.06103515625,-0.1708984375,-0.25634765625,0.15869140625,-0.01220703125,-0.08544921875,-0.1953125,-0.96435546875,-0.146484375,1.025390625,0.13427734375,-0.23193359375,-0.048828125,-0.5859375,-0.13427734375,-0.20751953125,0.08544921875,0.89111328125,-0.06103515625,-0.57373046875,0.06103515625,0.01220703125,-0.341796875,-0.57373046875,-0.54931640625,1.23291015625,0.13427734375,0.67138671875,-0.08544921875,0.28076171875,0.03662109375,-0.5615234375,-0.13427734375,0.4150390625,0.0244140625,-0.15869140625,-0.1708984375,-0.244140625,0.1708984375,-0.7080078125,-0.54931640625,-0.4638671875,-0.32958984375,0.6591796875,-0.146484375,1.67236328125,0.20751953125,2.24609375,0.15869140625,0.25634765625,-0.341796875,1.220703125,-0.08544921875,0.76904296875,0.01220703125,0.537109375,-0.47607421875,0.50048828125,0.1708984375,0.15869140625,0.01220703125,1.0009765625,-0.23193359375,1.3671875,0.18310546875,0.91552734375,-0.10986328125,0.6591796875,-0.42724609375,-1.57470703125,0.08544921875,0.18310546875,0.29296875,-0.86669921875,-0.15869140625,0.42724609375,0.01220703125,-1.30615234375,0.390625,-0.634765625,-0.42724609375,-1.13525390625,0.08544921875,-0.9521484375,0.1220703125,-1.55029296875,0.1220703125,-0.32958984375,-0.29296875,-0.37841796875,0.20751953125,-1.3916015625,-0.06103515625,-0.7080078125,-0.2685546875,-0.72021484375,-0.0244140625,-0.6103515625,-0.048828125,-0.06103515625,0.1220703125,-0.84228515625,-0.10986328125,-1.5625,-0.08544921875,-1.1962890625,-0.23193359375,0.048828125,-0.32958984375,0.390625,-0.06103515625,-0.048828125,-0.06103515625,-0.0244140625,0.01220703125,0.1220703125,-0.048828125,0.2197265625,-0.244140625,1.220703125,0,-0.35400390625,-0.0244140625,-0.18310546875
0,-0.244140625,-0.1708984375,0.18310546875,-0.146484375,0.06103515625,-0.146484375,-0.2685546875,0.146484375,0,-0.09765625,-0.1708984375,-0.9521484375,-0.13427734375,1.0498046875,0.1220703125,-0.2197265625,-0.03662109375,-0.59814453125,-0.08544921875,-0.244140625,0.08544921875,0.86669921875,-0.048828125,-0.5859375,0.03662109375,-0.1708984375,-0.35400390625,-0.74462890625,-0.48828125,1.0498046875,0.15869140625,0.03662109375,-0.06103515625,0.10986328125,0.0732421875,-0.67138671875,-0.1708984375,0.1953125,0.06103515625,-0.3173828125,-0.1708984375,-0.23193359375,0.08544921875,-0.68359375,-0.52490234375,-0.4638671875,-0.2685546875,0.59814453125,-0.2197265625,1.47705078125,0.25634765625,1.62353515625,0.1953125,0.1220703125,-0.341796875,1.0498046875,-0.15869140625,0.74462890625,0.0244140625,0.537109375,-0.47607421875,0.52490234375,0.15869140625,0.146484375,0.03662109375,0.8056640625,-0.15869140625,1.25732421875,0.06103515625,0.64697265625,-0.0732421875,0.5615234375,-0.42724609375,-1.4892578125,0.1708984375,0.2197265625,0.20751953125,-0.8056640625,-0.09765625,0.42724609375,0.0244140625,-1.33056640625,0.2685546875,-0.634765625,-0.3173828125,-1.13525390625,0.03662109375,-0.96435546875,0.10986328125,-1.55029296875,0.0732421875,-0.341796875,-0.2685546875,-0.3662109375,0.25634765625,-1.5380859375,-0.0732421875,-0.7080078125,-0.2197265625,-0.7080078125,-0.01220703125,-0.62255859375,0.0244140625,-0.0732421875,0.13427734375,-0.8544921875,-0.06103515625,-1.5625,-0.09765625,-1.1962890625,-0.23193359375,0.0244140625,-0.35400390625,0.42724609375,-0.06103515625,-0.03662109375,-0.0732421875,-0.01220703125,0,0.1220703125,-0.048828125,-0.2197265625,-0.2685546875,0.6591796875,0.01220703125,-0.7080078125,0.0244140625,-0.69580078125
0,-0.25634765625,-0.15869140625,0.23193359375,-0.08544921875,0.048828125,-0.1708984375,-0.28076171875,0.13427734375,0,-0.10986328125,-0.1953125,-0.93994140625,-0.08544921875,1.03759765625,0.09765625,-0.1953125,-0.03662109375,-0.59814453125,0,-0.244140625,0.0732421875,0.8544921875,0.0244140625,-0.57373046875,0.01220703125,-0.2685546875,-0.32958984375,-0.8544921875,-0.3662109375,0.927734375,0.1953125,-0.37841796875,-0.0732421875,-0.048828125,0.1708984375,-0.74462890625,-0.25634765625,0,0.09765625,-0.4638671875,-0.1708984375,-0.20751953125,0,-0.69580078125,-0.50048828125,-0.47607421875,-0.25634765625,0.537109375,-0.2685546875,1.3427734375,0.28076171875,1.11083984375,0.18310546875,-0.0244140625,-0.3173828125,0.87890625,-0.1953125,0.732421875,0.0244140625,0.52490234375,-0.5126953125,0.537109375,0.1220703125,0.13427734375,0.0244140625,0.84228515625,-0.1220703125,1.26953125,0.048828125,0.62255859375,-0.03662109375,0.59814453125,-0.341796875,-1.20849609375,0.244140625,0.29296875,0.1220703125,-0.68359375,-0.09765625,0.52490234375,0,-1.35498046875,0.13427734375,-0.62255859375,-0.244140625,-1.13525390625,-0.06103515625,-0.9521484375,0.06103515625,-1.52587890625,-0.048828125,-0.3662109375,-0.25634765625,-0.35400390625,0.10986328125,-1.64794921875,-0.0732421875,-0.69580078125,-0.18310546875,-0.68359375,0.048828125,-0.6103515625,0.06103515625,-0.0732421875,0.15869140625,-0.830078125,-0.03662109375,-1.5625,-0.06103515625,-1.1962890625,-0.244140625,0,-0.3662109375,0.48828125,-0.0732421875,-0.048828125,-0.06103515625,0,-0.01220703125,0.146484375,-0.09765625,-0.64697265625,-0.30517578125,0.146484375,0.01220703125,-1.01318359375,0.01220703125,-1.1474609375
0,-0.23193359375,-0.13427734375,0.25634765625,-0.06103515625,0.048828125,-0.1953125,-0.28076171875,0.1708984375,0.01220703125,-0.13427734375,-0.18310546875,-0.93994140625,-0.0732421875,1.03759765625,0.0732421875,-0.146484375,-0.0732421875,-0.5859375,0.09765625,-0.244140625,0.06103515625,0.8544921875,0.0732421875,-0.5859375,0.048828125,-0.30517578125,-0.30517578125,-0.89111328125,-0.23193359375,0.87890625,0.1708984375,-0.47607421875,-0.06103515625,-0.2197265625,0.1953125,-0.84228515625,-0.30517578125,-0.15869140625,0.10986328125,-0.59814453125,-0.1953125,-0.1953125,-0.06103515625,-0.68359375,-0.47607421875,-0.47607421875,-0.28076171875,0.50048828125,-0.32958984375,1.28173828125,0.32958984375,0.7568359375,0.18310546875,-0.13427734375,-0.2197265625,0.81787109375,-0.1708984375,0.74462890625,-0.03662109375,0.52490234375,-0.50048828125,0.5615234375,0.08544921875,0.1220703125,0.0732421875,1.123046875,-0.08544921875,1.50146484375,0.06103515625,0.9521484375,0,0.8056640625,-0.23193359375,-0.8056640625,0.244140625,0.439453125,0.03662109375,-0.50048828125,-0.08544921875,0.67138671875,0.048828125,-1.33056640625,0.0244140625,-0.59814453125,-0.20751953125,-1.1474609375,-0.09765625,-0.93994140625,0.0244140625,-1.4892578125,-0.146484375,-0.341796875,-0.23193359375,-0.3662109375,0.09765625,-1.69677734375,-0.03662109375,-0.72021484375,-0.18310546875,-0.68359375,0.08544921875,-0.6103515625,0.08544921875,-0.08544921875,0.146484375,-0.830078125,-0.0244140625,-1.5625,-0.01220703125,-1.15966796875,-0.2197265625,0.0244140625,-0.3662109375,0.52490234375,-0.08544921875,-0.03662109375,-0.0732421875,0.0244140625,-0.03662109375,0.1708984375,-0.1220703125,-0.9765625,-0.32958984375,-0.2685546875,0.03662109375,-1.25732421875,0.048828125,-1.513671875
0,-0.25634765625,-0.13427734375,0.244140625,-0.03662109375,0.048828125,-0.1953125,-0.28076171875,0.18310546875,0.0244140625,-0.13427734375,-0.20751953125,-0.9033203125,-0.08544921875,1.0498046875,0.0732421875,-0.10986328125,-0.0732421875,-0.59814453125,0.15869140625,-0.23193359375,0.08544921875,0.84228515625,0.08544921875,-0.57373046875,0.0732421875,-0.2685546875,-0.2685546875,-0.86669921875,-0.13427734375,0.9033203125,0,-0.2685546875,-0.146484375,-0.42724609375,0.2197265625,-0.9765625,-0.40283203125,-0.32958984375,0.048828125,-0.74462890625,-0.23193359375,-0.1953125,-0.10986328125,-0.67138671875,-0.390625,-0.5126953125,-0.25634765625,0.47607421875,-0.37841796875,1.26953125,0.20751953125,0.67138671875,0.13427734375,-0.15869140625,-0.18310546875,0.79345703125,-0.18310546875,0.732421875,-0.09765625,0.52490234375,-0.50048828125,0.5859375,0.0244140625,0.08544921875,-0.0732421875,1.6357421875,-0.0244140625,1.89208984375,0,1.62353515625,0.01220703125,1.15966796875,-0.1220703125,-0.37841796875,0.2197265625,0.6103515625,-0.03662109375,-0.3173828125,-0.048828125,0.86669921875,0.06103515625,-1.2939453125,-0.06103515625,-0.54931640625,-0.13427734375,-1.15966796875,-0.1220703125,-0.9521484375,-0.0244140625,-1.46484375,-0.18310546875,-0.3662109375,-0.244140625,-0.3662109375,0.06103515625,-1.66015625,0,-0.72021484375,-0.1953125,-0.64697265625,0.10986328125,-0.62255859375,0.13427734375,-0.06103515625,0.10986328125,-0.84228515625,-0.03662109375,-1.55029296875,-0.03662109375,-1.15966796875,-0.2197265625,0.0244140625,-0.390625,0.537109375,-0.0732421875,-0.048828125,-0.06103515625,0.01220703125,-0.048828125,0.1708984375,-0.1220703125,-1.23291015625,-0.341796875,-0.537109375,0.06103515625,-1.3916015625,0.0732421875,-1.806640625
0,-0.20751953125,-0.1220703125,0.25634765625,0.0244140625,0.0732421875,-0.1708984375,-0.25634765625,0.23193359375,0.01220703125,-0.13427734375,-0.2197265625,-0.9033203125,-0.08544921875,1.025390625,0.0244140625,-0.09765625,-0.10986328125,-0.5859375,0.2197265625,-0.20751953125,0.09765625,0.84228515625,0.08544921875,-0.54931640625,0.1220703125,-0.15869140625,-0.20751953125,-0.7568359375,-0.06103515625,1.01318359375,0.06103515625,0.23193359375,-0.13427734375,-0.59814453125,0.28076171875,-1.08642578125,-0.45166015625,-0.50048828125,-0.01220703125,-0.89111328125,-0.244140625,-0.18310546875,-0.10986328125,-0.67138671875,-0.30517578125,-0.5126953125,-0.29296875,0.47607421875,-0.37841796875,1.37939453125,0.2685546875,0.9033203125,0.10986328125,-0.10986328125,-0.0732421875,0.8544921875,-0.1708984375,0.7080078125,-0.146484375,0.54931640625,-0.48828125,0.5859375,-0.08544921875,0.08544921875,-0.10986328125,2.34375,0.048828125,2.392578125,0.03662109375,2.60009765625,0.06103515625,1.64794921875,-0.06103515625,0.048828125,0.146484375,0.79345703125,-0.08544921875,-0.15869140625,-0.01220703125,1.0498046875,0.01220703125,-1.28173828125,-0.146484375,-0.5126953125,-0.10986328125,-1.15966796875,-0.146484375,-0.93994140625,-0.06103515625,-1.47705078125,-0.23193359375,-0.341796875,-0.3173828125,-0.37841796875,0.0732421875,-1.5380859375,0.0244140625,-0.732421875,-0.1708984375,-0.634765625,0.1220703125,-0.64697265625,0.1708984375,-0.06103515625,0.0732421875,-0.84228515625,-0.048828125,-1.55029296875,0.0244140625,-1.13525390625,-0.23193359375,0.06103515625,-0.439453125,0.52490234375,-0.08544921875,-0.03662109375,-0.0732421875,0.0244140625,-0.0732421875,0.1953125,-0.09765625,-1.318359375,-0.341796875,-0.6103515625,0.08544921875,-1.4404296875,0.08544921875,-1.89208984375
1,-0.25634765625,-0.1220703125,0.244140625,0.03662109375,0.048828125,-0.18310546875,-0.2685546875,0.2685546875,0.01220703125,-0.1220703125,-0.1953125,-0.927734375,-0.09765625,1.0009765625,0.048828125,-0.08544921875,-0.1220703125,-0.5859375,0.244140625,-0.18310546875,0.15869140625,0.84228515625,0.048828125,-0.537109375,0.244140625,0.048828125,-0.18310546875,-0.59814453125,-0.0244140625,1.1962890625,0.10986328125,0.9521484375,-0.13427734375,-0.81787109375,0.30517578125,-1.20849609375,-0.390625,-0.6591796875,-0.0244140625,-1.03759765625,-0.23193359375,-0.18310546875,-0.09765625,-0.68359375,-0.3173828125,-0.52490234375,-0.29296875,0.52490234375,-0.390625,1.57470703125,0.25634765625,1.4404296875,0.0732421875,0.0244140625,0.0244140625,1.01318359375,-0.13427734375,0.732421875,-0.2197265625,0.50048828125,-0.4638671875,0.5859375,-0.048828125,0.08544921875,-0.15869140625,3.173828125,0.048828125,3.01513671875,0.08544921875,3.74755859375,0.048828125,2.23388671875,-0.01220703125,0.32958984375,0.09765625,0.927734375,-0.1220703125,-0.06103515625,-0.01220703125,1.1962890625,0.048828125,-1.2451171875,-0.1708984375,-0.50048828125,-0.0732421875,-1.1474609375,-0.1220703125,-0.91552734375,-0.06103515625,-1.4404296875,-0.25634765625,-0.3173828125,-0.341796875,-0.40283203125,0.13427734375,-1.30615234375,0.03662109375,-0.732421875,-0.146484375,-0.64697265625,0.09765625,-0.6591796875,0.1953125,-0.08544921875,0.0732421875,-0.8544921875,-0.10986328125,-1.55029296875,0.0244140625,-1.11083984375,-0.25634765625,0.08544921875,-0.4150390625,0.48828125,-0.048828125,-0.048828125,-0.08544921875,0,-0.048828125,0.1953125,-0.10986328125,-1.28173828125,-0.341796875,-0.5126953125,0.10986328125,-1.37939453125,0.0732421875,-1.86767578125
1,-0.15869140625,-0.09765625,0.1953125,0.0732421875,0.01220703125,-0.13427734375,-0.244140625,0.30517578125,0.01220703125,-0.10986328125,-0.18310546875,-0.89111328125,-0.09765625,1.01318359375,0.03662109375,-0.1220703125,-0.1220703125,-0.57373046875,0.23193359375,-0.1708984375,0.20751953125,0.84228515625,-0.01220703125,-0.537109375,0.28076171875,0.28076171875,-0.1953125,-0.3662109375,-0.01220703125,1.46484375,0.048828125,1.85546875,-0.09765625,-0.9521484375,0.3173828125,-1.33056640625,-0.341796875,-0.79345703125,-0.0244140625,-1.13525390625,-0.20751953125,-0.18310546875,-0.08544921875,-0.7080078125,-0.28076171875,-0.54931640625,-0.3662109375,0.54931640625,-0.37841796875,1.8310546875,0.23193359375,2.2705078125,0.03662109375,0.23193359375,0.08544921875,1.25732421875,-0.15869140625,0.732421875,-0.25634765625,0.5126953125,-0.439453125,0.59814453125,-0.06103515625,0.09765625,-0.20751953125,4.04052734375,0.0732421875,3.6376953125,0.09765625,4.94384765625,0.06103515625,2.8076171875,0.03662109375,0.4638671875,0.03662109375,1.06201171875,-0.09765625,0,0,1.2939453125,0.03662109375,-1.2451171875,-0.18310546875,-0.48828125,-0.03662109375,-1.13525390625,-0.08544921875,-0.91552734375,-0.048828125,-1.45263671875,-0.23193359375,-0.28076171875,-0.35400390625,-0.40283203125,0.09765625,-0.98876953125,0.048828125,-0.69580078125,-0.08544921875,-0.64697265625,0.048828125,-0.634765625,0.2197265625,-0.06103515625,0.0244140625,-0.86669921875,-0.15869140625,-1.5380859375,0.048828125,-1.08642578125,-0.25634765625,0.09765625,-0.4150390625,0.439453125,-0.048828125,-0.0732421875,-0.08544921875,-0.048828125,-0.06103515625,0.1708984375,-0.10986328125,-1.13525390625,-0.3662109375,-0.29296875,0.08544921875,-1.25732421875,0.048828125,-1.708984375
1,-0.1220703125,-0.09765625,0.2197265625,0.13427734375,-0.0244140625,-0.09765625,-0.244140625,0.35400390625,0.01220703125,-0.08544921875,-0.1708984375,-0.9033203125,-0.1220703125,1.0009765625,0.048828125,-0.10986328125,-0.1220703125,-0.57373046875,0.20751953125,-0.15869140625,0.2197265625,0.86669921875,0,-0.537109375,0.390625,0.54931640625,-0.15869140625,-0.09765625,0.06103515625,1.7822265625,0.1220703125,2.84423828125,-0.1220703125,-1.025390625,0.3173828125,-1.416015625,-0.30517578125,-0.91552734375,-0.0244140625,-1.20849609375,-0.1708984375,-0.18310546875,0,-0.68359375,-0.3173828125,-0.537109375,-0.4150390625,0.5859375,-0.37841796875,2.18505859375,0.1220703125,3.2958984375,-0.048828125,0.52490234375,0.18310546875,1.5380859375,-0.10986328125,0.732421875,-0.2685546875,0.5126953125,-0.3173828125,0.59814453125,-0.01220703125,0.13427734375,-0.15869140625,4.8095703125,0.0732421875,4.23583984375,0.146484375,6.09130859375,-0.0244140625,3.33251953125,0.15869140625,0.439453125,-0.0244140625,1.07421875,-0.03662109375,-0.0244140625,-0.06103515625,1.33056640625,0.048828125,-1.220703125,-0.1708984375,-0.47607421875,0.01220703125,-1.13525390625,-0.01220703125,-0.91552734375,0,-1.40380859375,-0.13427734375,-0.23193359375,-0.3173828125,-0.4150390625,0.06103515625,-0.5859375,0.0244140625,-0.7080078125,-0.08544921875,-0.64697265625,0.01220703125,-0.6591796875,0.20751953125,-0.06103515625,0.0244140625,-0.8544921875,-0.2197265625,-1.55029296875,0.08544921875,-1.0986328125,-0.2685546875,0.10986328125,-0.390625,0.341796875,-0.0732421875,-0.0732421875,-0.0732421875,-0.01220703125,-0.048828125,0.1708984375,-0.10986328125,-0.87890625,-0.341796875,0.0244140625,0.09765625,-1.0498046875,0.048828125,-1.45263671875
1,-0.0732421875,-0.1220703125,0.18310546875,0.1220703125,-0.0244140625,-0.08544921875,-0.2197265625,0.3662109375,0.03662109375,-0.0732421875,-0.146484375,-0.9033203125,-0.10986328125,0.9765625,0.0244140625,-0.146484375,-0.09765625,-0.59814453125,0.18310546875,-0.18310546875,0.18310546875,0.86669921875,0.01220703125,-0.537109375,0.40283203125,0.8056640625,-0.1953125,0.15869140625,0.048828125,2.13623046875,0.1220703125,3.8818359375,-0.15869140625,-1.06201171875,0.3173828125,-1.45263671875,-0.25634765625,-0.96435546875,0.03662109375,-1.20849609375,-0.1953125,-0.2197265625,0.06103515625,-0.69580078125,-0.3173828125,-0.52490234375,-0.439453125,0.62255859375,-0.390625,2.52685546875,0.048828125,4.45556640625,-0.146484375,0.8056640625,0.23193359375,1.85546875,-0.08544921875,0.74462890625,-0.2685546875,0.50048828125,-0.28076171875,0.59814453125,0.0732421875,0.1220703125,-0.146484375,5.43212890625,0.15869140625,4.6875,0.13427734375,7.01904296875,-0.03662109375,3.77197265625,0.2197265625,0.25634765625,-0.048828125,1.0498046875,0.06103515625,-0.09765625,-0.13427734375,1.28173828125,0.08544921875,-1.20849609375,-0.15869140625,-0.45166015625,0.0732421875,-1.11083984375,0.0732421875,-0.91552734375,0.048828125,-1.3671875,0.01220703125,-0.1708984375,-0.23193359375,-0.35400390625,0.09765625,-0.0732421875,0.01220703125,-0.7080078125,-0.06103515625,-0.634765625,0.01220703125,-0.68359375,0.146484375,-0.03662109375,0.048828125,-0.8544921875,-0.2685546875,-1.5625,0.1220703125,-1.0986328125,-0.29296875,0.09765625,-0.35400390625,0.29296875,-0.09765625,-0.0732421875,-0.0732421875,-0.048828125,-0.0732421875,0.15869140625,-0.10986328125,-0.62255859375,-0.32958984375,0.37841796875,0.03662109375,-0.830078125,0.08544921875,-1.171875
1,-0.10986328125,-0.10986328125,0.1953125,0.10986328125,-0.0244140625,-0.08544921875,-0.23193359375,0.35400390625,0.03662109375,-0.08544921875,-0.1220703125,-0.91552734375,-0.08544921875,1.0009765625,0,-0.15869140625,-0.08544921875,-0.59814453125,0.15869140625,-0.18310546875,0.18310546875,0.87890625,0.03662109375,-0.52490234375,0.37841796875,1.07421875,-0.23193359375,0.439453125,0.0732421875,2.50244140625,0.2197265625,4.87060546875,-0.13427734375,-0.96435546875,0.2685546875,-1.40380859375,-0.25634765625,-0.9521484375,0.06103515625,-1.171875,-0.20751953125,-0.2197265625,0.10986328125,-0.69580078125,-0.30517578125,-0.5126953125,-0.4150390625,0.64697265625,-0.40283203125,2.9052734375,0.13427734375,5.60302734375,-0.2197265625,1.08642578125,0.2685546875,2.1728515625,-0.048828125,0.732421875,-0.2685546875,0.5126953125,-0.25634765625,0.59814453125,0.15869140625,0.146484375,-0.13427734375,5.84716796875,0.13427734375,4.99267578125,0.08544921875,7.65380859375,-0.03662109375,4.0283203125,0.13427734375,0.0244140625,-0.03662109375,1.0009765625,0.15869140625,-0.1708984375,-0.18310546875,1.220703125,0.146484375,-1.220703125,-0.10986328125,-0.4150390625,0.1953125,-1.11083984375,0.09765625,-0.89111328125,0.10986328125,-1.30615234375,0.146484375,-0.09765625,-0.15869140625,-0.28076171875,-0.06103515625,0.52490234375,-0.0244140625,-0.7080078125,-0.08544921875,-0.64697265625,-0.01220703125,-0.67138671875,0.0244140625,-0.0244140625,0.03662109375,-0.87890625,-0.30517578125,-1.55029296875,0.1220703125,-1.11083984375,-0.30517578125,0.09765625,-0.4150390625,0.2685546875,-0.08544921875,-0.06103515625,-0.0732421875,-0.0244140625,-0.06103515625,0.15869140625,-0.1220703125,-0.40283203125,-0.30517578125,0.67138671875,0.048828125,-0.6591796875,0.0732421875,-0.89111328125
1,-0.2197265625,-0.146484375,0.1953125,0.048828125,-0.01220703125,-0.13427734375,-0.23193359375,0.30517578125,0.0732421875,-0.0732421875,-0.08544921875,-0.927734375,-0.08544921875,1.0009765625,-0.0244140625,-0.1708984375,-0.09765625,-0.62255859375,0.15869140625,-0.20751953125,0.13427734375,0.87890625,0.06103515625,-0.54931640625,0.3173828125,1.30615234375,-0.244140625,0.67138671875,0.13427734375,2.83203125,0.2685546875,5.810546875,-0.20751953125,-0.87890625,0.20751953125,-1.318359375,-0.23193359375,-0.84228515625,0.13427734375,-1.06201171875,-0.1953125,-0.2197265625,0.10986328125,-0.7080078125,-0.3173828125,-0.48828125,-0.390625,0.64697265625,-0.4150390625,3.23486328125,0.1708984375,6.6162109375,-0.30517578125,1.3427734375,0.30517578125,2.47802734375,-0.06103515625,0.732421875,-0.2197265625,0.52490234375,-0.2197265625,0.59814453125,0.2685546875,0.146484375,-0.048828125,6.01806640625,0.048828125,5.11474609375,0.03662109375,7.9345703125,-0.03662109375,4.13818359375,0.1953125,-0.244140625,0.0244140625,0.86669921875,0.2197265625,-0.2685546875,-0.20751953125,1.11083984375,0.15869140625,-1.20849609375,-0.03662109375,-0.4150390625,0.29296875,-1.0986328125,0.06103515625,-0.87890625,0.13427734375,-1.23291015625,0.244140625,-0.0244140625,-0.0732421875,-0.1708984375,-0.10986328125,1.20849609375,-0.03662109375,-0.7080078125,-0.1220703125,-0.6591796875,0.01220703125,-0.6591796875,-0.0732421875,-0.0244140625,0,-0.8544921875,-0.32958984375,-1.5625,0.09765625,-1.11083984375,-0.30517578125,0.0732421875,-0.37841796875,0.25634765625,-0.08544921875,-0.0732421875,-0.0732421875,-0.01220703125,-0.03662109375,0.15869140625,-0.13427734375,-0.20751953125,-0.28076171875,0.86669921875,0,-0.537109375,0.09765625,-0.7080078125
1,-0.13427734375,-0.15869140625,0.15869140625,-0.0244140625,-0.048828125,-0.15869140625,-0.25634765625,0.23193359375,0.06103515625,-0.0732421875,-0.08544921875,-0.91552734375,-0.08544921875,1.03759765625,-0.048828125,-0.18310546875,-0.10986328125,-0.62255859375,0.13427734375,-0.20751953125,0.08544921875,0.87890625,0.048828125,-0.54931640625,0.25634765625,1.513671875,-0.244140625,0.87890625,0.13427734375,3.1494140625,0.15869140625,6.6650390625,-0.1708984375,-0.67138671875,0.09765625,-1.18408203125,-0.18310546875,-0.72021484375,0.13427734375,-0.93994140625,-0.2197265625,-0.244140625,0.08544921875,-0.7080078125,-0.29296875,-0.4638671875,-0.341796875,0.64697265625,-0.45166015625,3.52783203125,0.09765625,7.45849609375,-0.341796875,1.5380859375,0.30517578125,2.69775390625,-0.15869140625,0.732421875,-0.1953125,0.54931640625,-0.15869140625,0.57373046875,0.37841796875,0.146484375,-0.03662109375,5.908203125,-0.0244140625,5.01708984375,-0.03662109375,7.8369140625,-0.048828125,4.04052734375,0.01220703125,-0.50048828125,-0.09765625,0.7568359375,0.18310546875,-0.30517578125,-0.29296875,1.01318359375,0.13427734375,-1.1962890625,0.10986328125,-0.390625,0.3173828125,-1.08642578125,0,-0.86669921875,0.1708984375,-1.13525390625,0.30517578125,0.06103515625,0.01220703125,-0.03662109375,0.03662109375,1.96533203125,-0.0244140625,-0.72021484375,-0.146484375,-0.68359375,0.048828125,-0.6591796875,-0.13427734375,-0.06103515625,-0.06103515625,-0.86669921875,-0.32958984375,-1.5625,0.0732421875,-1.13525390625,-0.30517578125,0.08544921875,-0.390625,0.25634765625,-0.06103515625,-0.0732421875,-0.08544921875,-0.01220703125,-0.048828125,0.146484375,-0.1220703125,-0.13427734375,-0.23193359375,0.93994140625,-0.1220703125,-0.50048828125,0.08544921875,-0.59814453125
1,-0.01220703125,-0.15869140625,0.15869140625,-0.09765625,-0.06103515625,-0.18310546875,-0.25634765625,0.18310546875,0.0732421875,-0.0732421875,-0.08544921875,-0.9033203125,-0.08544921875,1.06201171875,-0.048828125,-0.1953125,-0.1220703125,-0.62255859375,0.13427734375,-0.20751953125,0.1220703125,0.86669921875,0.048828125,-0.54931640625,0.1953125,1.6845703125,-0.28076171875,1.07421875,0.13427734375,3.3935546875,0,7.373046875,-0.09765625,-0.50048828125,0.03662109375,-1.0498046875,-0.06103515625,-0.57373046875,0.18310546875,-0.78125,-0.23193359375,-0.244140625,0.03662109375,-0.72021484375,-0.25634765625,-0.439453125,-0.32958984375,0.6103515625,-0.4150390625,3.72314453125,0.0732421875,7.99560546875,-0.35400390625,1.66015625,0.2685546875,2.83203125,-0.23193359375,0.74462890625,-0.15869140625,0.5615234375,-0.08544921875,0.57373046875,0.4150390625,0.146484375,0.0244140625,5.55419921875,-0.0732421875,4.74853515625,-0.10986328125,7.421875,-0.0732421875,3.7841796875,-0.13427734375,-0.62255859375,-0.13427734375,0.7080078125,0.18310546875,-0.32958984375,-0.244140625,0.96435546875,0.048828125,-1.18408203125,0.1708984375,-0.3662109375,0.32958984375,-1.11083984375,-0.08544921875,-0.8544921875,0.18310546875,-1.0009765625,0.3173828125,0.1220703125,0.09765625,0.1220703125,0.03662109375,2.77099609375,-0.06103515625,-0.72021484375,-0.146484375,-0.64697265625,0.03662109375,-0.6103515625,-0.1953125,-0.06103515625,-0.08544921875,-0.8544921875,-0.3173828125,-1.57470703125,0.0244140625,-1.13525390625,-0.3173828125,0.048828125,-0.390625,0.29296875,-0.0732421875,-0.06103515625,-0.06103515625,0,-0.03662109375,0.1708984375,-0.09765625,-0.146484375,-0.244140625,0.87890625,-0.1708984375,-0.5615234375,0.10986328125,-0.6591796875
1,-0.048828125,-0.09765625,0.146484375,-0.15869140625,-0.13427734375,-0.2197265625,-0.244140625,0.10986328125,0.08544921875,-0.08544921875,-0.06103515625,-0.927734375,-0.06103515625,1.0498046875,-0.048828125,-0.15869140625,-0.13427734375,-0.62255859375,0.13427734375,-0.244140625,0.13427734375,0.84228515625,0,-0.5615234375,0.13427734375,1.806640625,-0.28076171875,1.1962890625,0.09765625,3.564453125,-0.03662109375,7.8857421875,-0.0732421875,-0.35400390625,-0.0244140625,-0.93994140625,-0.08544921875,-0.45166015625,0.1708984375,-0.68359375,-0.244140625,-0.244140625,-0.03662109375,-0.732421875,-0.244140625,-0.45166015625,-0.40283203125,0.57373046875,-0.439453125,3.7841796875,0.10986328125,8.21533203125,-0.390625,1.6845703125,0.244140625,2.86865234375,-0.341796875,0.732421875,-0.08544921875,0.57373046875,0,0.54931640625,0.45166015625,0.13427734375,0.0732421875,5.078125,-0.0732421875,4.35791015625,-0.2197265625,6.72607421875,-0.09765625,3.43017578125,-0.146484375,-0.634765625,-0.0732421875,0.68359375,0.1708984375,-0.28076171875,-0.1220703125,0.96435546875,0,-1.18408203125,0.1708984375,-0.3662109375,0.341796875,-1.0986328125,-0.13427734375,-0.84228515625,0.2197265625,-0.84228515625,0.29296875,0.2197265625,0.13427734375,0.2685546875,0.0732421875,3.60107421875,-0.048828125,-0.732421875,-0.0732421875,-0.6591796875,0.03662109375,-0.62255859375,-0.20751953125,-0.0732421875,-0.08544921875,-0.830078125,-0.32958984375,-1.59912109375,0.0244140625,-1.1474609375,-0.3173828125,0.048828125,-0.37841796875,0.32958984375,-0.06103515625,-0.06103515625,-0.0732421875,0.01220703125,-0.048828125,0.15869140625,-0.10986328125,-0.28076171875,-0.28076171875,0.68359375,-0.2197265625,-0.67138671875,0.048828125,-0.7568359375
1,-0.03662109375,0,0.15869140625,-0.1708984375,-0.15869140625,-0.25634765625,-0.244140625,0.0732421875,0.09765625,-0.09765625,-0.06103515625,-0.91552734375,-0.06103515625,1.07421875,-0.06103515625,-0.146484375,-0.13427734375,-0.6103515625,0.13427734375,-0.2197265625,0.09765625,0.830078125,-0.01220703125,-0.54931640625,0.06103515625,1.8798828125,-0.29296875,1.28173828125,0.0244140625,3.64990234375,-0.06103515625,8.1787109375,-0.03662109375,-0.2685546875,-0.03662109375,-0.8544921875,-0.06103515625,-0.35400390625,0.25634765625,-0.5859375,-0.29296875,-0.244140625,-0.08544921875,-0.72021484375,-0.1953125,-0.45166015625,-0.341796875,0.537109375,-0.439453125,3.759765625,0.18310546875,8.09326171875,-0.3662109375,1.62353515625,0.18310546875,2.83203125,-0.40283203125,0.72021484375,-0.048828125,0.59814453125,0.01220703125,0.52490234375,0.50048828125,0.10986328125,0.09765625,4.443359375,-0.13427734375,3.8818359375,-0.3173828125,5.87158203125,-0.13427734375,2.978515625,-0.32958984375,-0.4638671875,-0.1220703125,0.74462890625,0.1220703125,-0.18310546875,-0.146484375,1.03759765625,-0.0244140625,-1.18408203125,0.06103515625,-0.3662109375,0.2685546875,-1.11083984375,-0.1220703125,-0.84228515625,0.20751953125,-0.69580078125,0.244140625,0.30517578125,0.2197265625,0.40283203125,0.29296875,4.38232421875,-0.06103515625,-0.732421875,-0.0244140625,-0.6591796875,0.01220703125,-0.62255859375,-0.1953125,-0.08544921875,-0.048828125,-0.84228515625,-0.32958984375,-1.5869140625,0.01220703125,-1.15966796875,-0.32958984375,0.03662109375,-0.35400390625,0.37841796875,-0.06103515625,-0.06103515625,-0.08544921875,0,-0.01220703125,0.146484375,-0.09765625,-0.439453125,-0.2685546875,0.45166015625,-0.18310546875,-0.830078125,0.03662109375,-0.9765625
1,-0.03662109375,0.18310546875,0.15869140625,-0.1708984375,-0.1953125,-0.23193359375,-0.244140625,0.1220703125,0.1220703125,-0.10986328125,-0.048828125,-0.927734375,-0.06103515625,1.06201171875,-0.08544921875,-0.1220703125,-0.1220703125,-0.6103515625,0.1220703125,-0.20751953125,0.10986328125,0.84228515625,-0.0244140625,-0.537109375,0.03662109375,1.86767578125,-0.29296875,1.28173828125,-0.0244140625,3.662109375,-0.0244140625,8.2275390625,-0.13427734375,-0.23193359375,-0.146484375,-0.81787109375,-0.146484375,-0.3173828125,0.1953125,-0.537109375,-0.28076171875,-0.2197265625,-0.20751953125,-0.69580078125,-0.146484375,-0.4638671875,-0.390625,0.52490234375,-0.5126953125,3.61328125,0.20751953125,7.70263671875,-0.390625,1.513671875,0.13427734375,2.7099609375,-0.42724609375,0.72021484375,-0.048828125,0.6103515625,0.06103515625,0.48828125,0.5126953125,0.09765625,0.1953125,3.79638671875,-0.1953125,3.3935546875,-0.3662109375,4.931640625,-0.1953125,2.50244140625,-0.32958984375,-0.1953125,-0.1220703125,0.86669921875,0.13427734375,-0.06103515625,-0.03662109375,1.15966796875,-0.03662109375,-1.1962890625,0.06103515625,-0.390625,0.1953125,-1.13525390625,-0.08544921875,-0.84228515625,0.2197265625,-0.59814453125,0.1953125,0.35400390625,0.2685546875,0.537109375,0.439453125,5.0537109375,-0.08544921875,-0.72021484375,0,-0.67138671875,0.01220703125,-0.62255859375,-0.1708984375,-0.08544921875,-0.0244140625,-0.8544921875,-0.32958984375,-1.59912109375,-0.048828125,-1.15966796875,-0.29296875,0.0732421875,-0.35400390625,0.40283203125,-0.08544921875,-0.048828125,-0.0732421875,-0.01220703125,-0.03662109375,0.146484375,-0.10986328125,-0.634765625,-0.244140625,0.1708984375,-0.13427734375,-0.96435546875,0.0244140625,-1.20849609375
1,-0.06103515625,0.537109375,0.15869140625,-0.03662109375,-0.2197265625,-0.13427734375,-0.2197265625,0.2685546875,0.10986328125,-0.13427734375,-0.03662109375,-0.9033203125,-0.0732421875,1.0498046875,-0.10986328125,-0.10986328125,-0.13427734375,-0.6103515625,0.10986328125,-0.20751953125,0.08544921875,0.81787109375,-0.03662109375,-0.537109375,0,1.7822265625,-0.25634765625,1.220703125,-0.06103515625,3.55224609375,0.0244140625,7.97119140625,-0.18310546875,-0.25634765625,-0.13427734375,-0.830078125,-0.23193359375,-0.32958984375,0.1953125,-0.52490234375,-0.29296875,-0.23193359375,-0.28076171875,-0.7080078125,-0.0732421875,-0.48828125,-0.3662109375,0.52490234375,-0.48828125,3.38134765625,0.23193359375,7.09228515625,-0.40283203125,1.3427734375,0.048828125,2.55126953125,-0.40283203125,0.732421875,-0.06103515625,0.6103515625,0.03662109375,0.45166015625,0.54931640625,0.13427734375,0.15869140625,3.13720703125,-0.1953125,2.89306640625,-0.3662109375,4.0283203125,-0.23193359375,2.05078125,-0.29296875,0.146484375,-0.13427734375,1.03759765625,0.13427734375,0.10986328125,0.06103515625,1.3916015625,-0.0732421875,-1.20849609375,-0.048828125,-0.40283203125,0.08544921875,-1.123046875,-0.048828125,-0.8544921875,0.1708984375,-0.48828125,0.15869140625,0.40283203125,0.32958984375,0.5859375,0.50048828125,5.5908203125,-0.13427734375,-0.69580078125,0.03662109375,-0.68359375,0.01220703125,-0.634765625,-0.146484375,-0.08544921875,0.01220703125,-0.86669921875,-0.35400390625,-1.59912109375,-0.10986328125,-1.1474609375,-0.2685546875,0.08544921875,-0.3662109375,0.4150390625,-0.0732421875,-0.048828125,-0.0732421875,-0.01220703125,-0.048828125,0.15869140625,-0.1220703125,-0.78125,-0.28076171875,-0.048828125,-0.08544921875,-1.07421875,-0.03662109375,-1.37939453125
1,-0.13427734375,1.0009765625,0.1953125,0.146484375,-0.20751953125,0.03662109375,-0.20751953125,0.48828125,0.08544921875,-0.09765625,-0.03662109375,-0.91552734375,-0.10986328125,1.03759765625,-0.1220703125,-0.08544921875,-0.10986328125,-0.59814453125,0.09765625,-0.18310546875,0.08544921875,0.8544921875,-0.01220703125,-0.54931640625,0.06103515625,1.67236328125,-0.25634765625,1.11083984375,-0.048828125,3.369140625,0,7.4462890625,-0.15869140625,-0.30517578125,-0.048828125,-0.86669921875,-0.18310546875,-0.3662109375,0.1953125,-0.5615234375,-0.3173828125,-0.244140625,-0.3173828125,-0.69580078125,-0.09765625,-0.5126953125,-0.40283203125,0.52490234375,-0.4638671875,3.076171875,0.29296875,6.34765625,-0.3662109375,1.1474609375,0,2.34375,-0.3662109375,0.732421875,-0.09765625,0.62255859375,0.0244140625,0.45166015625,0.57373046875,0.13427734375,0.18310546875,2.55126953125,-0.2197265625,2.42919921875,-0.35400390625,3.173828125,-0.28076171875,1.611328125,-0.32958984375,0.50048828125,-0.15869140625,1.2451171875,0.0732421875,0.29296875,0.13427734375,1.59912109375,-0.0732421875,-1.23291015625,-0.048828125,-0.390625,-0.03662109375,-1.123046875,0,-0.87890625,0.08544921875,-0.45166015625,0.09765625,0.45166015625,0.37841796875,0.59814453125,0.40283203125,5.8837890625,-0.146484375,-0.69580078125,0.06103515625,-0.67138671875,0.0244140625,-0.634765625,-0.13427734375,-0.09765625,0.06103515625,-0.86669921875,-0.3662109375,-1.5869140625,-0.1953125,-1.13525390625,-0.1953125,0.09765625,-0.35400390625,0.42724609375,-0.06103515625,-0.0244140625,-0.0732421875,-0.03662109375,-0.0244140625,0.1220703125,-0.09765625,-0.8544921875,-0.2685546875,-0.15869140625,-0.048828125,-1.13525390625,0,-1.4892578125
0,-0.13427734375,1.6357421875,0.1708984375,0.439453125,-0.244140625,0.30517578125,-0.1708984375,0.78125,0.08544921875,-0.10986328125,-0.03662109375,-0.91552734375,-0.10986328125,1.03759765625,-0.13427734375,-0.08544921875,-0.09765625,-0.57373046875,0.0732421875,-0.20751953125,0.01220703125,0.8544921875,-0.048828125,-0.54931640625,0.09765625,1.46484375,-0.20751953125,0.9521484375,-0.01220703125,3.1005859375,0.01220703125,6.689453125,-0.25634765625,-0.37841796875,-0.03662109375,-0.9033203125,-0.29296875,-0.45166015625,0.08544921875,-0.5859375,-0.341796875,-0.244140625,-0.29296875,-0.69580078125,-0.13427734375,-0.537109375,-0.3662109375,0.52490234375,-0.4638671875,2.74658203125,0.341796875,5.517578125,-0.3173828125,0.93994140625,-0.06103515625,2.11181640625,-0.32958984375,0.732421875,-0.06103515625,0.62255859375,-0.048828125,0.4638671875,0.54931640625,0.146484375,0.18310546875,2.001953125,-0.23193359375,2.03857421875,-0.30517578125,2.47802734375,-0.32958984375,1.2451171875,-0.244140625,0.830078125,-0.0732421875,1.42822265625,0.08544921875,0.47607421875,0.2197265625,1.8310546875,-0.06103515625,-1.23291015625,-0.0732421875,-0.3662109375,-0.146484375,-1.123046875,-0.01220703125,-0.86669921875,0.0244140625,-0.45166015625,0.08544921875,0.45166015625,0.40283203125,0.6103515625,0.30517578125,5.99365234375,-0.1708984375,-0.69580078125,0.13427734375,-0.67138671875,0.048828125,-0.67138671875,-0.08544921875,-0.08544921875,0.03662109375,-0.89111328125,-0.32958984375,-1.5625,-0.2685546875,-1.123046875,-0.15869140625,0.10986328125,-0.32958984375,0.4150390625,-0.06103515625,-0.03662109375,-0.08544921875,-0.0732421875,-0.0244140625,0.10986328125,-0.09765625,-0.9033203125,-0.2685546875,-0.15869140625,0.01220703125,-1.0986328125,-0.0244140625,-1.513671875
0,-0.23193359375,2.392578125,0.1953125,0.81787109375,-0.29296875,0.634765625,-0.15869140625,1.15966796875,0.0732421875,-0.09765625,-0.0244140625,-0.927734375,-0.09765625,1.025390625,-0.146484375,-0.08544921875,-0.06103515625,-0.5615234375,0.0244140625,-0.18310546875,-0.0732421875,0.8544921875,-0.0732421875,-0.5615234375,0.1708984375,1.23291015625,-0.146484375,0.7080078125,0.06103515625,2.81982421875,-0.06103515625,5.72509765625,-0.23193359375,-0.4150390625,0.06103515625,-0.93994140625,-0.3662109375,-0.5126953125,0.048828125,-0.62255859375,-0.3662109375,-0.2685546875,-0.1220703125,-0.68359375,-0.18310546875,-0.537109375,-0.32958984375,0.5615234375,-0.390625,2.4169921875,0.37841796875,4.7119140625,-0.23193359375,0.7568359375,-0.15869140625,1.8798828125,-0.29296875,0.74462890625,-0.08544921875,0.6103515625,-0.048828125,0.45166015625,0.5615234375,0.1220703125,0.1708984375,1.55029296875,-0.25634765625,1.7333984375,-0.23193359375,1.89208984375,-0.4150390625,0.9521484375,-0.18310546875,1.08642578125,-0.03662109375,1.611328125,0.10986328125,0.62255859375,0.23193359375,2.05078125,-0.048828125,-1.23291015625,-0.09765625,-0.30517578125,-0.25634765625,-1.0986328125,-0.03662109375,-0.87890625,-0.0732421875,-0.5126953125,0.0732421875,0.45166015625,0.390625,0.5615234375,0.23193359375,5.84716796875,-0.15869140625,-0.69580078125,0.1708984375,-0.68359375,0.01220703125,-0.6591796875,-0.0244140625,-0.0732421875,0.01220703125,-0.87890625,-0.2685546875,-1.55029296875,-0.3173828125,-1.123046875,-0.13427734375,0.10986328125,-0.341796875,0.4150390625,-0.08544921875,-0.0244140625,-0.09765625,-0.09765625,-0.01220703125,0.1220703125,-0.1220703125,-0.830078125,-0.28076171875,-0.0732421875,0,-1.01318359375,-0.0244140625,-1.4404296875
0,-0.20751953125,3.22265625,0.1708984375,1.20849609375,-0.32958984375,0.9765625,-0.1708984375,1.5625,0.06103515625,-0.13427734375,0,-0.91552734375,-0.13427734375,1.0009765625,-0.1708984375,-0.13427734375,-0.048828125,-0.5615234375,-0.0244140625,-0.18310546875,-0.1708984375,0.87890625,-0.06103515625,-0.5615234375,0.20751953125,0.9521484375,-0.09765625,0.47607421875,0.09765625,2.490234375,-0.1220703125,4.67529296875,-0.15869140625,-0.390625,0.146484375,-0.927734375,-0.32958984375,-0.54931640625,0.0732421875,-0.6103515625,-0.390625,-0.29296875,0,-0.68359375,-0.28076171875,-0.5126953125,-0.3173828125,0.5859375,-0.32958984375,2.16064453125,0.4150390625,3.99169921875,-0.1953125,0.5615234375,-0.20751953125,1.64794921875,-0.244140625,0.7568359375,-0.0732421875,0.6103515625,-0.15869140625,0.47607421875,0.50048828125,0.10986328125,0.13427734375,1.1474609375,-0.2685546875,1.46484375,-0.18310546875,1.3916015625,-0.5126953125,0.69580078125,-0.20751953125,1.220703125,-0.01220703125,1.77001953125,0.146484375,0.74462890625,0.18310546875,2.197265625,-0.048828125,-1.2451171875,-0.08544921875,-0.13427734375,-0.3173828125,-1.07421875,-0.0732421875,-0.86669921875,-0.1220703125,-0.59814453125,0.06103515625,0.4150390625,0.390625,0.5126953125,0.1953125,5.50537109375,-0.10986328125,-0.69580078125,0.15869140625,-0.67138671875,-0.0732421875,-0.67138671875,0.0244140625,-0.0732421875,-0.01220703125,-0.87890625,-0.1953125,-1.55029296875,-0.341796875,-1.0986328125,-0.1220703125,0.10986328125,-0.341796875,0.390625,-0.0732421875,-0.01220703125,-0.0732421875,-0.1220703125,0.01220703125,0.13427734375,-0.10986328125,-0.69580078125,-0.29296875,0.1220703125,0.03662109375,-0.89111328125,0.0244140625,-1.26953125
0,-0.13427734375,4.16259765625,0.1708984375,1.611328125,-0.32958984375,1.35498046875,-0.1708984375,1.94091796875,0.03662109375,-0.10986328125,-0.01220703125,-0.9521484375,-0.13427734375,1.01318359375,-0.146484375,-0.1708984375,-0.03662109375,-0.57373046875,-0.06103515625,-0.1708984375,-0.244140625,0.87890625,-0.06103515625,-0.5615234375,0.244140625,0.67138671875,-0.048828125,0.20751953125,0.13427734375,2.1484375,-0.146484375,3.62548828125,-0.2197265625,-0.30517578125,0.15869140625,-0.86669921875,-0.4150390625,-0.4638671875,0.06103515625,-0.5126953125,-0.35400390625,-0.30517578125,0.15869140625,-0.69580078125,-0.341796875,-0.48828125,-0.25634765625,0.59814453125,-0.2685546875,1.91650390625,0.40283203125,3.33251953125,-0.18310546875,0.40283203125,-0.23193359375,1.4404296875,-0.1953125,0.7568359375,-0.13427734375,0.6103515625,-0.18310546875,0.47607421875,0.48828125,0.1220703125,0.0244140625,0.79345703125,-0.2685546875,1.2451171875,-0.13427734375,1.01318359375,-0.5615234375,0.48828125,-0.2197265625,1.26953125,0.048828125,1.806640625,0.23193359375,0.830078125,0.15869140625,2.3193359375,0,-1.20849609375,-0.10986328125,0.13427734375,-0.3173828125,-1.0498046875,-0.09765625,-0.8544921875,-0.13427734375,-0.68359375,0.06103515625,0.3662109375,0.32958984375,0.4150390625,0.03662109375,5.0537109375,-0.048828125,-0.69580078125,0.1220703125,-0.67138671875,-0.146484375,-0.64697265625,0.08544921875,-0.06103515625,-0.06103515625,-0.87890625,-0.10986328125,-1.5380859375,-0.37841796875,-1.0986328125,-0.15869140625,0.1220703125,-0.3173828125,0.3662109375,-0.06103515625,-0.01220703125,-0.08544921875,-0.10986328125,0.03662109375,0.13427734375,-0.1220703125,-0.52490234375,-0.30517578125,0.341796875,0.03662109375,-0.7568359375,0,-1.08642578125
0,-0.10986328125,5.0537109375,0.1953125,2.0263671875,-0.29296875,1.7333984375,-0.15869140625,2.3193359375,0.0244140625,-0.08544921875,-0.01220703125,-0.93994140625,-0.10986328125,1.03759765625,-0.18310546875,-0.1708984375,-0.01220703125,-0.5859375,-0.08544921875,-0.1953125,-0.2685546875,0.8544921875,-0.01220703125,-0.59814453125,0.2685546875,0.42724609375,-0.01220703125,-0.048828125,0.146484375,1.84326171875,-0.2197265625,2.64892578125,-0.20751953125,-0.13427734375,0.15869140625,-0.74462890625,-0.40283203125,-0.341796875,0.10986328125,-0.37841796875,-0.35400390625,-0.29296875,0.25634765625,-0.68359375,-0.37841796875,-0.47607421875,-0.2685546875,0.59814453125,-0.1953125,1.7333984375,0.40283203125,2.77099609375,-0.13427734375,0.244140625,-0.2197265625,1.2451171875,-0.1708984375,0.7568359375,-0.13427734375,0.62255859375,-0.1953125,0.50048828125,0.42724609375,0.09765625,0.01220703125,0.47607421875,-0.28076171875,1.06201171875,-0.09765625,0.6591796875,-0.5615234375,0.30517578125,-0.25634765625,1.1962890625,0.1220703125,1.81884765625,0.28076171875,0.89111328125,0.10986328125,2.34375,0.01220703125,-1.11083984375,-0.0732421875,0.5126953125,-0.3173828125,-1.01318359375,-0.10986328125,-0.8056640625,-0.10986328125,-0.78125,0.03662109375,0.3173828125,0.2685546875,0.3662109375,-0.1220703125,4.541015625,0,-0.7080078125,0.08544921875,-0.64697265625,-0.1953125,-0.6591796875,0.09765625,-0.0732421875,-0.0732421875,-0.86669921875,-0.06103515625,-1.5380859375,-0.35400390625,-1.123046875,-0.2197265625,0.09765625,-0.3173828125,0.3662109375,-0.08544921875,-0.01220703125,-0.06103515625,-0.10986328125,0.03662109375,0.13427734375,-0.10986328125,-0.3662109375,-0.30517578125,0.52490234375,0,-0.62255859375,0.01220703125,-0.87890625
0,-0.23193359375,5.8349609375,0.1708984375,2.3681640625,-0.32958984375,2.05078125,-0.18310546875,2.64892578125,0.048828125,-0.0732421875,-0.01220703125,-0.93994140625,-0.10986328125,1.01318359375,-0.2197265625,-0.18310546875,-0.03662109375,-0.62255859375,-0.09765625,-0.23193359375,-0.20751953125,0.87890625,0.06103515625,-0.54931640625,0.2685546875,0.20751953125,0,-0.29296875,0.13427734375,1.5625,-0.20751953125,1.86767578125,-0.23193359375,0.13427734375,0.1220703125,-0.5615234375,-0.341796875,-0.146484375,0.13427734375,-0.18310546875,-0.30517578125,-0.25634765625,0.3173828125,-0.68359375,-0.4150390625,-0.42724609375,-0.2685546875,0.59814453125,-0.13427734375,1.57470703125,0.35400390625,2.33154296875,-0.08544921875,0.1220703125,-0.1708984375,1.0986328125,-0.1220703125,0.74462890625,-0.09765625,0.62255859375,-0.25634765625,0.50048828125,0.35400390625,0.09765625,-0.03662109375,0.18310546875,-0.35400390625,0.9033203125,-0.10986328125,0.341796875,-0.48828125,0.1220703125,-0.2685546875,1.11083984375,0.15869140625,1.79443359375,0.25634765625,0.91552734375,0.01220703125,2.33154296875,0.06103515625,-1.025390625,-0.0244140625,1.025390625,-0.30517578125,-0.9521484375,-0.048828125,-0.72021484375,-0.048828125,-0.86669921875,0.01220703125,0.2685546875,0.2197265625,0.30517578125,-0.1708984375,4.04052734375,0.0244140625,-0.7080078125,-0.03662109375,-0.64697265625,-0.244140625,-0.6591796875,0.09765625,-0.0732421875,-0.048828125,-0.84228515625,-0.0244140625,-1.55029296875,-0.341796875,-1.123046875,-0.2685546875,0.08544921875,-0.28076171875,0.341796875,-0.08544921875,-0.01220703125,-0.06103515625,-0.0732421875,0.048828125,0.13427734375,-0.13427734375,-0.2197265625,-0.28076171875,0.6591796875,-0.03662109375,-0.537109375,-0.0244140625,-0.74462890625
0,-0.20751953125,6.43310546875,0.1708984375,2.63671875,-0.341796875,2.25830078125,-0.15869140625,2.86865234375,0.03662109375,-0.0732421875,0,-0.9521484375,-0.1220703125,1.03759765625,-0.2685546875,-0.18310546875,-0.048828125,-0.6103515625,-0.10986328125,-0.2197265625,-0.18310546875,0.86669921875,0.1220703125,-0.54931640625,0.23193359375,0.0732421875,0.0244140625,-0.45166015625,0.06103515625,1.33056640625,-0.2197265625,1.2939453125,-0.29296875,0.37841796875,-0.0244140625,-0.341796875,-0.3662109375,0.09765625,0.20751953125,0.03662109375,-0.2197265625,-0.244140625,0.3173828125,-0.69580078125,-0.42724609375,-0.40283203125,-0.2685546875,0.59814453125,-0.09765625,1.4404296875,0.32958984375,1.953125,0,0.03662109375,-0.1708984375,0.9765625,-0.146484375,0.74462890625,-0.06103515625,0.59814453125,-0.1708984375,0.5126953125,0.28076171875,0.10986328125,-0.048828125,-0.048828125,-0.341796875,0.732421875,-0.08544921875,0.06103515625,-0.439453125,-0.0244140625,-0.28076171875,1.0009765625,0.18310546875,1.7333984375,0.18310546875,0.89111328125,-0.06103515625,2.30712890625,0.06103515625,-0.89111328125,-0.048828125,1.66015625,-0.29296875,-0.87890625,-0.048828125,-0.6103515625,0.0244140625,-0.91552734375,0.01220703125,0.23193359375,0.1220703125,0.244140625,-0.1708984375,3.6376953125,-0.01220703125,-0.72021484375,-0.146484375,-0.64697265625,-0.20751953125,-0.6591796875,0.06103515625,-0.06103515625,-0.048828125,-0.84228515625,0,-1.5625,-0.341796875,-1.1474609375,-0.28076171875,0.06103515625,-0.2685546875,0.341796875,-0.08544921875,-0.0244140625,-0.0732421875,-0.048828125,0.03662109375,0.15869140625,-0.1220703125,-0.1708984375,-0.29296875,0.72021484375,-0.0732421875,-0.50048828125,-0.048828125,-0.64697265625
0,-0.1953125,6.84814453125,0.13427734375,2.79541015625,-0.3662109375,2.38037109375,-0.1708984375,3.0029296875,0.06103515625,-0.0732421875,0.0244140625,-0.927734375,-0.146484375,1.06201171875,-0.2685546875,-0.18310546875,-0.06103515625,-0.62255859375,-0.13427734375,-0.2197265625,-0.048828125,0.8544921875,0.1953125,-0.537109375,0.1953125,-0.03662109375,0,-0.59814453125,-0.18310546875,1.1474609375,-0.2685546875,0.927734375,-0.2685546875,0.64697265625,-0.10986328125,-0.15869140625,-0.32958984375,0.32958984375,0.29296875,0.244140625,-0.20751953125,-0.2197265625,0.3173828125,-0.68359375,-0.390625,-0.3662109375,-0.3662109375,0.57373046875,-0.06103515625,1.33056640625,0.3173828125,1.611328125,0,-0.03662109375,-0.10986328125,0.87890625,-0.18310546875,0.76904296875,-0.01220703125,0.5859375,-0.1708984375,0.50048828125,0.15869140625,0.10986328125,0.01220703125,-0.25634765625,-0.23193359375,0.62255859375,-0.10986328125,-0.18310546875,-0.390625,-0.15869140625,-0.29296875,0.89111328125,0.25634765625,1.62353515625,0.09765625,0.8544921875,-0.0732421875,2.2216796875,0.09765625,-0.69580078125,-0.0244140625,2.38037109375,-0.25634765625,-0.79345703125,-0.01220703125,-0.47607421875,0.15869140625,-0.93994140625,-0.01220703125,0.1953125,0.03662109375,0.2197265625,-0.15869140625,3.38134765625,-0.03662109375,-0.72021484375,-0.23193359375,-0.64697265625,-0.18310546875,-0.6591796875,0.01220703125,-0.08544921875,-0.01220703125,-0.830078125,0.01220703125,-1.5625,-0.2685546875,-1.13525390625,-0.3173828125,0.048828125,-0.29296875,0.32958984375,-0.08544921875,-0.0244140625,-0.06103515625,-0.01220703125,0.0244140625,0.15869140625,-0.1220703125,-0.18310546875,-0.25634765625,0.67138671875,-0.10986328125,-0.54931640625,-0.06103515625,-0.67138671875
0,-0.146484375,6.982421875,0.09765625,2.81982421875,-0.40283203125,2.4169921875,-0.146484375,3.0517578125,0.048828125,-0.08544921875,0.03662109375,-0.927734375,-0.146484375,1.0498046875,-0.2197265625,-0.15869140625,-0.08544921875,-0.634765625,-0.1220703125,-0.2197265625,0.03662109375,0.84228515625,0.1953125,-0.54931640625,0.146484375,-0.10986328125,0.0244140625,-0.69580078125,-0.37841796875,1.0009765625,-0.2685546875,0.68359375,-0.244140625,0.86669921875,-0.2197265625,0,-0.23193359375,0.47607421875,0.3173828125,0.439453125,-0.1953125,-0.20751953125,0.37841796875,-0.68359375,-0.3662109375,-0.3662109375,-0.3662109375,0.57373046875,-0.06103515625,1.1962890625,0.30517578125,1.2939453125,0.01220703125,-0.09765625,0.03662109375,0.78125,-0.23193359375,0.74462890625,0,0.57373046875,-0.146484375,0.48828125,0.048828125,0.13427734375,-0.0244140625,-0.390625,-0.146484375,0.537109375,-0.20751953125,-0.35400390625,-0.35400390625,-0.244140625,-0.244140625,0.8056640625,0.32958984375,1.52587890625,0.01220703125,0.8056640625,-0.10986328125,2.16064453125,0.146484375,-0.5126953125,0.13427734375,3.125,-0.28076171875,-0.69580078125,0.0244140625,-0.35400390625,0.20751953125,-0.927734375,-0.01220703125,0.1953125,-0.03662109375,0.1708984375,-0.09765625,3.25927734375,-0.08544921875,-0.7080078125,-0.28076171875,-0.64697265625,-0.1708984375,-0.6591796875,-0.048828125,-0.09765625,0.0244140625,-0.830078125,0.0244140625,-1.5380859375,-0.18310546875,-1.1474609375,-0.30517578125,0.0732421875,-0.29296875,0.3173828125,-0.0732421875,-0.03662109375,-0.0732421875,0,0.01220703125,0.15869140625,-0.146484375,-0.2685546875,-0.2685546875,0.54931640625,-0.1220703125,-0.59814453125,-0.08544921875,-0.76904296875
0,-0.18310546875,6.89697265625,0.08544921875,2.77099609375,-0.37841796875,2.34375,-0.1220703125,3.0029296875,0.048828125,-0.09765625,0.06103515625,-0.927734375,-0.18310546875,1.03759765625,-0.20751953125,-0.1220703125,-0.0732421875,-0.634765625,-0.1220703125,-0.2197265625,0.10986328125,0.830078125,0.1708984375,-0.54931640625,0.09765625,-0.13427734375,0.0244140625,-0.7568359375,-0.52490234375,0.89111328125,-0.244140625,0.5615234375,-0.244140625,0.98876953125,-0.30517578125,0.0732421875,-0.1708984375,0.59814453125,0.341796875,0.57373046875,-0.13427734375,-0.2197265625,0.40283203125,-0.69580078125,-0.28076171875,-0.3662109375,-0.35400390625,0.57373046875,-0.1220703125,1.07421875,0.341796875,0.9521484375,0.0244140625,-0.146484375,0.09765625,0.72021484375,-0.244140625,0.7568359375,0.01220703125,0.52490234375,-0.15869140625,0.48828125,-0.01220703125,0.146484375,0.03662109375,-0.4638671875,-0.06103515625,0.47607421875,-0.3173828125,-0.4638671875,-0.341796875,-0.29296875,-0.1953125,0.78125,0.3173828125,1.42822265625,-0.06103515625,0.7568359375,-0.1220703125,2.11181640625,0.1708984375,-0.35400390625,0.15869140625,3.857421875,-0.28076171875,-0.62255859375,0,-0.1953125,0.2685546875,-0.89111328125,0.01220703125,0.2197265625,-0.08544921875,0.146484375,-0.08544921875,3.30810546875,-0.1220703125,-0.7080078125,-0.30517578125,-0.62255859375,-0.10986328125,-0.6591796875,-0.0732421875,-0.09765625,0.03662109375,-0.830078125,0.0244140625,-1.55029296875,-0.09765625,-1.15966796875,-0.32958984375,0.08544921875,-0.3173828125,0.3173828125,-0.09765625,-0.048828125,-0.06103515625,0,0.01220703125,0.13427734375,-0.15869140625,-0.390625,-0.23193359375,0.390625,-0.146484375,-0.7080078125,-0.1220703125,-0.9033203125
0,-0.25634765625,6.57958984375,0.0732421875,2.63671875,-0.40283203125,2.197265625,-0.13427734375,2.8564453125,0.048828125,-0.09765625,0.0732421875,-0.91552734375,-0.20751953125,1.03759765625,-0.20751953125,-0.1220703125,-0.0732421875,-0.62255859375,-0.1220703125,-0.2197265625,0.1953125,0.830078125,0.1220703125,-0.54931640625,0.06103515625,-0.15869140625,0.01220703125,-0.8056640625,-0.62255859375,0.78125,-0.1708984375,0.47607421875,-0.23193359375,1.01318359375,-0.3662109375,0.09765625,-0.10986328125,0.5615234375,0.341796875,0.62255859375,-0.10986328125,-0.2197265625,0.40283203125,-0.7080078125,-0.1953125,-0.390625,-0.35400390625,0.5615234375,-0.18310546875,0.927734375,0.3173828125,0.62255859375,-0.0244140625,-0.1953125,0.15869140625,0.64697265625,-0.2197265625,0.7568359375,0.01220703125,0.50048828125,-0.10986328125,0.50048828125,-0.0732421875,0.146484375,0.01220703125,-0.4638671875,0.06103515625,0.47607421875,-0.29296875,-0.47607421875,-0.23193359375,-0.29296875,-0.08544921875,0.79345703125,0.28076171875,1.4404296875,-0.15869140625,0.7080078125,-0.1220703125,2.06298828125,0.18310546875,-0.1708984375,0.1708984375,4.52880859375,-0.25634765625,-0.5126953125,0.01220703125,-0.0732421875,0.28076171875,-0.84228515625,0.01220703125,0.25634765625,-0.09765625,0.146484375,-0.08544921875,3.45458984375,-0.146484375,-0.72021484375,-0.28076171875,-0.634765625,-0.08544921875,-0.67138671875,-0.09765625,-0.09765625,0.08544921875,-0.84228515625,0.01220703125,-1.55029296875,-0.03662109375,-1.123046875,-0.35400390625,0.08544921875,-0.30517578125,0.3173828125,-0.09765625,-0.048828125,-0.0732421875,0.0244140625,-0.0244140625,0.1220703125,-0.15869140625,-0.52490234375,-0.23193359375,0.2685546875,-0.15869140625,-0.79345703125,-0.1708984375,-1.0498046875
0,-0.30517578125,6.0791015625,0.048828125,2.4169921875,-0.37841796875,2.01416015625,-0.10986328125,2.67333984375,0.048828125,-0.10986328125,0.0732421875,-0.9033203125,-0.1953125,1.025390625,-0.1953125,-0.13427734375,-0.08544921875,-0.6103515625,-0.09765625,-0.1953125,0.2197265625,0.81787109375,0.09765625,-0.5615234375,-0.01220703125,-0.1953125,-0.048828125,-0.84228515625,-0.634765625,0.72021484375,-0.13427734375,0.32958984375,-0.25634765625,0.9765625,-0.390625,0.03662109375,-0.0732421875,0.52490234375,0.28076171875,0.5859375,-0.146484375,-0.2197265625,0.40283203125,-0.67138671875,-0.10986328125,-0.40283203125,-0.32958984375,0.59814453125,-0.25634765625,0.79345703125,0.28076171875,0.3173828125,-0.048828125,-0.25634765625,0.1708984375,0.5859375,-0.244140625,0.7568359375,0,0.50048828125,-0.08544921875,0.537109375,-0.10986328125,0.15869140625,-0.06103515625,-0.3662109375,0.10986328125,0.50048828125,-0.2197265625,-0.439453125,-0.1708984375,-0.244140625,0.03662109375,0.830078125,0.2197265625,1.4404296875,-0.244140625,0.67138671875,-0.08544921875,2.03857421875,0.146484375,-0.0244140625,0.20751953125,5.078125,-0.25634765625,-0.45166015625,0.01220703125,0.048828125,0.244140625,-0.830078125,-0.0244140625,0.28076171875,-0.146484375,0.15869140625,-0.048828125,3.64990234375,-0.1708984375,-0.69580078125,-0.23193359375,-0.64697265625,-0.0244140625,-0.64697265625,-0.10986328125,-0.0732421875,0.1220703125,-0.830078125,0.048828125,-1.5380859375,-0.01220703125,-1.11083984375,-0.37841796875,0.09765625,-0.3173828125,0.3173828125,-0.10986328125,-0.03662109375,-0.06103515625,0.03662109375,-0.0244140625,0.1220703125,-0.146484375,-0.59814453125,-0.1708984375,0.18310546875,-0.1708984375,-0.9033203125,-0.1708984375,-1.171875
0,-0.3662109375,5.45654296875,0.0732421875,2.197265625,-0.35400390625,1.84326171875,-0.146484375,2.44140625,0.048828125,-0.09765625,0.0732421875,-0.9033203125,-0.20751953125,1.025390625,-0.20751953125,-0.13427734375,-0.10986328125,-0.59814453125,-0.08544921875,-0.1708984375,0.244140625,0.81787109375,0.08544921875,-0.57373046875,-0.01220703125,-0.23193359375,-0.08544921875,-0.9033203125,-0.57373046875,0.6591796875,-0.1220703125,0.1220703125,-0.2197265625,0.86669921875,-0.37841796875,-0.0732421875,-0.06103515625,0.390625,0.2685546875,0.52490234375,-0.1708984375,-0.23193359375,0.341796875,-0.68359375,-0.01220703125,-0.439453125,-0.28076171875,0.6103515625,-0.28076171875,0.68359375,0.35400390625,0.0244140625,-0.08544921875,-0.29296875,0.23193359375,0.537109375,-0.2685546875,0.7568359375,-0.048828125,0.52490234375,-0.10986328125,0.5615234375,-0.08544921875,0.146484375,-0.0732421875,-0.25634765625,0.1708984375,0.5859375,-0.15869140625,-0.35400390625,-0.146484375,-0.18310546875,0.01220703125,0.86669921875,0.13427734375,1.4892578125,-0.32958984375,0.634765625,-0.03662109375,2.0263671875,0.09765625,0.08544921875,0.1953125,5.43212890625,-0.244140625,-0.37841796875,-0.0244140625,0.146484375,0.15869140625,-0.81787109375,-0.048828125,0.28076171875,-0.1708984375,0.1708984375,0.0244140625,3.79638671875,-0.18310546875,-0.68359375,-0.18310546875,-0.64697265625,0.03662109375,-0.64697265625,-0.10986328125,-0.06103515625,0.146484375,-0.830078125,0.0732421875,-1.52587890625,-0.01220703125,-1.123046875,-0.390625,0.10986328125,-0.29296875,0.30517578125,-0.10986328125,-0.03662109375,-0.0732421875,0.0244140625,-0.0244140625,0.10986328125,-0.1708984375,-0.68359375,-0.18310546875,0.10986328125,-0.13427734375,-0.96435546875,-0.18310546875,-1.23291015625
1,-0.37841796875,4.82177734375,0.048828125,1.98974609375,-0.35400390625,1.64794921875,-0.1220703125,2.28271484375,0.048828125,-0.08544921875,0.06103515625,-0.9033203125,-0.1708984375,1.025390625,-0.1953125,-0.1220703125,-0.09765625,-0.5859375,-0.10986328125,-0.1708984375,0.25634765625,0.84228515625,0.10986328125,-0.5615234375,-0.01220703125,-0.25634765625,-0.13427734375,-0.93994140625,-0.47607421875,0.59814453125,-0.09765625,-0.13427734375,-0.1708984375,0.732421875,-0.341796875,-0.1953125,-0.06103515625,0.25634765625,0.28076171875,0.4150390625,-0.244140625,-0.244140625,0.30517578125,-0.67138671875,0.03662109375,-0.4638671875,-0.25634765625,0.64697265625,-0.29296875,0.62255859375,0.3662109375,-0.2197265625,-0.08544921875,-0.3662109375,0.32958984375,0.50048828125,-0.3173828125,0.732421875,-0.048828125,0.54931640625,-0.0244140625,0.62255859375,-0.15869140625,0.13427734375,-0.10986328125,-0.1220703125,0.1953125,0.64697265625,-0.10986328125,-0.1953125,-0.13427734375,-0.08544921875,0.0732421875,0.86669921875,0.146484375,1.5625,-0.32958984375,0.59814453125,0.03662109375,2.001953125,0.048828125,0.146484375,0.30517578125,5.62744140625,-0.25634765625,-0.3173828125,-0.0244140625,0.1953125,0.048828125,-0.8056640625,-0.08544921875,0.3173828125,-0.244140625,0.1708984375,0.0732421875,3.8330078125,-0.18310546875,-0.6591796875,-0.13427734375,-0.6591796875,0.13427734375,-0.64697265625,-0.10986328125,-0.06103515625,0.10986328125,-0.830078125,0.0732421875,-1.513671875,-0.0244140625,-1.0986328125,-0.37841796875,0.10986328125,-0.29296875,0.3173828125,-0.10986328125,-0.048828125,-0.0732421875,0.01220703125,-0.06103515625,0.1220703125,-0.18310546875,-0.6591796875,-0.20751953125,0.146484375,-0.10986328125,-0.98876953125,-0.18310546875,-1.220703125
1,-0.341796875,4.18701171875,0.06103515625,1.81884765625,-0.390625,1.47705078125,-0.15869140625,2.08740234375,0.03662109375,-0.09765625,0.0732421875,-0.9033203125,-0.146484375,1.01318359375,-0.244140625,-0.13427734375,-0.0732421875,-0.5859375,-0.1220703125,-0.1708984375,0.2685546875,0.84228515625,0.1708984375,-0.54931640625,0.06103515625,-0.3173828125,-0.18310546875,-0.9765625,-0.30517578125,0.54931640625,-0.10986328125,-0.42724609375,-0.146484375,0.5615234375,-0.28076171875,-0.341796875,-0.01220703125,0.06103515625,0.23193359375,0.29296875,-0.30517578125,-0.25634765625,0.25634765625,-0.6591796875,0.08544921875,-0.47607421875,-0.244140625,0.67138671875,-0.28076171875,0.59814453125,0.390625,-0.341796875,-0.1220703125,-0.35400390625,0.3662109375,0.45166015625,-0.30517578125,0.74462890625,-0.13427734375,0.5615234375,-0.048828125,0.6591796875,-0.146484375,0.1220703125,-0.10986328125,0.03662109375,0.1708984375,0.74462890625,-0.03662109375,-0.048828125,-0.15869140625,0.01220703125,0,0.8056640625,-0.01220703125,1.57470703125,-0.35400390625,0.54931640625,-0.06103515625,1.9775390625,-0.01220703125,0.15869140625,0.32958984375,5.6396484375,-0.244140625,-0.28076171875,-0.0244140625,0.1953125,-0.06103515625,-0.830078125,-0.08544921875,0.2685546875,-0.29296875,0.13427734375,0.08544921875,3.64990234375,-0.146484375,-0.67138671875,-0.15869140625,-0.68359375,0.18310546875,-0.64697265625,-0.08544921875,-0.048828125,0.03662109375,-0.81787109375,0.06103515625,-1.513671875,-0.048828125,-1.11083984375,-0.341796875,0.1220703125,-0.29296875,0.341796875,-0.0732421875,-0.01220703125,-0.06103515625,0.0244140625,-0.0732421875,0.10986328125,-0.146484375,-0.5859375,-0.1708984375,0.23193359375,-0.18310546875,-0.9765625,-0.15869140625,-1.1962890625
1,-0.3173828125,3.7353515625,0.03662109375,1.64794921875,-0.3662109375,1.35498046875,-0.1708984375,1.9287109375,0.03662109375,-0.09765625,0.08544921875,-0.927734375,-0.13427734375,1.025390625,-0.2685546875,-0.146484375,-0.03662109375,-0.59814453125,-0.146484375,-0.1708984375,0.28076171875,0.8544921875,0.1708984375,-0.54931640625,0.146484375,-0.35400390625,-0.244140625,-1.0009765625,-0.1953125,0.52490234375,-0.0732421875,-0.69580078125,-0.10986328125,0.40283203125,-0.1708984375,-0.48828125,0.048828125,-0.09765625,0.23193359375,0.1708984375,-0.3173828125,-0.25634765625,0.1953125,-0.6591796875,0.09765625,-0.52490234375,-0.20751953125,0.67138671875,-0.3173828125,0.6103515625,0.390625,-0.35400390625,-0.1953125,-0.3662109375,0.42724609375,0.45166015625,-0.244140625,0.7568359375,-0.20751953125,0.57373046875,-0.048828125,0.68359375,-0.1708984375,0.10986328125,-0.06103515625,0.13427734375,0.2197265625,0.830078125,0.01220703125,0.0732421875,-0.1953125,0.0732421875,0.01220703125,0.7080078125,-0.01220703125,1.59912109375,-0.244140625,0.48828125,-0.09765625,1.953125,-0.08544921875,0.1220703125,0.244140625,5.46875,-0.1953125,-0.30517578125,-0.01220703125,0.18310546875,-0.13427734375,-0.927734375,-0.09765625,0.23193359375,-0.3173828125,0.1220703125,0.08544921875,3.25927734375,-0.10986328125,-0.69580078125,-0.13427734375,-0.67138671875,0.1708984375,-0.634765625,-0.0244140625,-0.048828125,-0.0244140625,-0.81787109375,0.048828125,-1.513671875,-0.10986328125,-1.123046875,-0.3173828125,0.10986328125,-0.29296875,0.341796875,-0.0732421875,0,-0.0732421875,0,-0.09765625,0.09765625,-0.15869140625,-0.50048828125,-0.18310546875,0.3173828125,-0.18310546875,-0.927734375,-0.13427734375,-1.08642578125
1,-0.37841796875,3.369140625,0.048828125,1.55029296875,-0.3662109375,1.26953125,-0.1708984375,1.806640625,0.048828125,-0.0732421875,0.06103515625,-0.93994140625,-0.10986328125,1.025390625,-0.28076171875,-0.18310546875,-0.01220703125,-0.5859375,-0.146484375,-0.1708984375,0.32958984375,0.8544921875,0.1220703125,-0.54931640625,0.20751953125,-0.3662109375,-0.29296875,-1.01318359375,-0.048828125,0.52490234375,-0.01220703125,-0.8544921875,-0.09765625,0.29296875,-0.048828125,-0.54931640625,-0.03662109375,-0.18310546875,0.1708984375,0.0732421875,-0.29296875,-0.29296875,0.146484375,-0.634765625,0.10986328125,-0.54931640625,-0.1953125,0.67138671875,-0.32958984375,0.68359375,0.390625,-0.28076171875,-0.29296875,-0.35400390625,0.50048828125,0.4638671875,-0.20751953125,0.76904296875,-0.25634765625,0.634765625,-0.03662109375,0.72021484375,-0.15869140625,0.10986328125,-0.0732421875,0.1953125,0.244140625,0.86669921875,0.06103515625,0.15869140625,-0.1953125,0.13427734375,0.06103515625,0.57373046875,0.06103515625,1.5625,-0.13427734375,0.42724609375,-0.1220703125,1.8798828125,-0.09765625,0.03662109375,0.20751953125,5.1513671875,-0.146484375,-0.341796875,-0.01220703125,0.1220703125,-0.18310546875,-1.03759765625,-0.13427734375,0.13427734375,-0.3662109375,0.048828125,0.03662109375,2.64892578125,-0.0732421875,-0.69580078125,-0.1220703125,-0.67138671875,0.10986328125,-0.62255859375,0.0244140625,-0.06103515625,-0.06103515625,-0.84228515625,0.048828125,-1.52587890625,-0.1220703125,-1.123046875,-0.3173828125,0.08544921875,-0.28076171875,0.3662109375,-0.048828125,0.01220703125,-0.0732421875,-0.01220703125,-0.08544921875,0.10986328125,-0.1220703125,-0.40283203125,-0.20751953125,0.40283203125,-0.2197265625,-0.87890625,-0.146484375,-0.98876953125
1,-0.4150390625,3.18603515625,0.048828125,1.4892578125,-0.341796875,1.20849609375,-0.146484375,1.72119140625,0.048828125,-0.09765625,0.06103515625,-0.9521484375,-0.08544921875,1.025390625,-0.3173828125,-0.1953125,0.0244140625,-0.5859375,-0.13427734375,-0.18310546875,0.35400390625,0.8544921875,0.09765625,-0.54931640625,0.244140625,-0.3662109375,-0.3173828125,-1.01318359375,0.06103515625,0.57373046875,-0.08544921875,-0.91552734375,-0.048828125,0.23193359375,0.06103515625,-0.5859375,0,-0.2197265625,0.1953125,0.0244140625,-0.23193359375,-0.29296875,0.10986328125,-0.64697265625,0.048828125,-0.5615234375,-0.15869140625,0.67138671875,-0.29296875,0.76904296875,0.35400390625,-0.10986328125,-0.35400390625,-0.3173828125,0.54931640625,0.5126953125,-0.18310546875,0.78125,-0.29296875,0.67138671875,-0.048828125,0.732421875,-0.09765625,0.10986328125,0,0.2197265625,0.2197265625,0.89111328125,0.13427734375,0.1953125,-0.20751953125,0.13427734375,-0.06103515625,0.45166015625,-0.01220703125,1.46484375,-0.10986328125,0.35400390625,-0.244140625,1.806640625,-0.0732421875,-0.10986328125,0.1708984375,4.74853515625,-0.15869140625,-0.40283203125,-0.0244140625,0.0244140625,-0.15869140625,-1.1474609375,-0.146484375,0.03662109375,-0.3662109375,-0.03662109375,-0.03662109375,1.8798828125,-0.03662109375,-0.68359375,-0.09765625,-0.67138671875,0.0244140625,-0.62255859375,0.048828125,-0.08544921875,-0.08544921875,-0.84228515625,0.048828125,-1.513671875,-0.1708984375,-1.123046875,-0.30517578125,0.08544921875,-0.29296875,0.3662109375,-0.03662109375,-0.01220703125,-0.06103515625,-0.01220703125,-0.10986328125,0.146484375,-0.08544921875,-0.341796875,-0.20751953125,0.45166015625,-0.20751953125,-0.79345703125,-0.1220703125,-0.9033203125
1,-0.40283203125,3.13720703125,0.03662109375,1.4404296875,-0.32958984375,1.1962890625,-0.1220703125,1.6845703125,0.0732421875,-0.09765625,0.0732421875,-0.9521484375,-0.06103515625,1.0498046875,-0.32958984375,-0.2197265625,0.03662109375,-0.59814453125,-0.13427734375,-0.20751953125,0.341796875,0.8544921875,0.0244140625,-0.52490234375,0.30517578125,-0.341796875,-0.3173828125,-1.0009765625,0.1220703125,0.6103515625,-0.0244140625,-0.830078125,-0.13427734375,0.2197265625,0.0732421875,-0.57373046875,-0.08544921875,-0.2197265625,0.1220703125,-0.0244140625,-0.18310546875,-0.28076171875,0.13427734375,-0.62255859375,-0.0244140625,-0.54931640625,-0.146484375,0.62255859375,-0.2685546875,0.89111328125,0.3173828125,0.10986328125,-0.3662109375,-0.2685546875,0.54931640625,0.5859375,-0.146484375,0.79345703125,-0.23193359375,0.68359375,0.0244140625,0.72021484375,-0.0732421875,0.10986328125,-0.0244140625,0.18310546875,0.15869140625,0.8544921875,0.0732421875,0.15869140625,-0.23193359375,0.10986328125,-0.06103515625,0.32958984375,0.0244140625,1.35498046875,-0.0244140625,0.2685546875,-0.23193359375,1.708984375,-0.03662109375,-0.20751953125,0.1220703125,4.345703125,-0.09765625,-0.48828125,-0.048828125,-0.0732421875,-0.1220703125,-1.28173828125,-0.18310546875,-0.08544921875,-0.341796875,-0.13427734375,0,0.98876953125,-0.01220703125,-0.69580078125,-0.08544921875,-0.64697265625,-0.03662109375,-0.59814453125,0.08544921875,-0.0732421875,-0.08544921875,-0.79345703125,0.03662109375,-1.52587890625,-0.20751953125,-1.1474609375,-0.30517578125,0.10986328125,-0.2685546875,0.3662109375,-0.03662109375,-0.01220703125,-0.06103515625,-0.01220703125,-0.10986328125,0.1220703125,-0.0732421875,-0.29296875,-0.1953125,0.47607421875,-0.1953125,-0.76904296875,-0.1220703125,-0.86669921875
1,-0.37841796875,3.1494140625,0,1.42822265625,-0.341796875,1.15966796875,-0.1220703125,1.6357421875,0.0732421875,-0.10986328125,0.10986328125,-0.9521484375,-0.03662109375,1.06201171875,-0.341796875,-0.18310546875,0.03662109375,-0.6103515625,-0.10986328125,-0.20751953125,0.3173828125,0.84228515625,0,-0.537109375,0.30517578125,-0.29296875,-0.3173828125,-0.9521484375,0.13427734375,0.68359375,-0.0244140625,-0.59814453125,-0.06103515625,0.244140625,0.13427734375,-0.5615234375,-0.10986328125,-0.1708984375,0.146484375,-0.03662109375,-0.10986328125,-0.25634765625,0.18310546875,-0.59814453125,-0.1220703125,-0.52490234375,-0.146484375,0.57373046875,-0.2197265625,0.93994140625,0.341796875,0.35400390625,-0.439453125,-0.1953125,0.48828125,0.64697265625,-0.1708984375,0.76904296875,-0.1953125,0.6591796875,0.048828125,0.69580078125,0,0.13427734375,0.03662109375,0.09765625,0.13427734375,0.81787109375,0.03662109375,0.09765625,-0.1708984375,0.048828125,-0.15869140625,0.244140625,0,1.23291015625,-0.048828125,0.20751953125,-0.25634765625,1.611328125,0,-0.32958984375,0.0732421875,3.955078125,-0.01220703125,-0.5615234375,-0.048828125,-0.1708984375,-0.0244140625,-1.3916015625,-0.1953125,-0.20751953125,-0.244140625,-0.244140625,-0.01220703125,0.06103515625,-0.0244140625,-0.69580078125,-0.0732421875,-0.62255859375,-0.06103515625,-0.62255859375,0.0732421875,-0.08544921875,-0.03662109375,-0.81787109375,0.03662109375,-1.52587890625,-0.23193359375,-1.1474609375,-0.30517578125,0.10986328125,-0.23193359375,0.390625,-0.03662109375,-0.01220703125,-0.06103515625,0,-0.1220703125,0.13427734375,-0.06103515625,-0.30517578125,-0.244140625,0.47607421875,-0.1953125,-0.7568359375,-0.13427734375,-0.87890625
1,-0.3662109375,3.16162109375,-0.01220703125,1.416015625,-0.3662109375,1.0986328125,-0.0732421875,1.59912109375,0.09765625,-0.1220703125,0.1220703125,-0.9521484375,-0.03662109375,1.0498046875,-0.35400390625,-0.1708984375,0.03662109375,-0.5859375,-0.08544921875,-0.2197265625,0.2685546875,0.8544921875,0,-0.537109375,0.30517578125,-0.23193359375,-0.25634765625,-0.9033203125,0.13427734375,0.7568359375,0,-0.29296875,-0.0244140625,0.25634765625,0.15869140625,-0.537109375,-0.08544921875,-0.09765625,0.2197265625,-0.0732421875,-0.06103515625,-0.244140625,0.244140625,-0.6103515625,-0.20751953125,-0.537109375,-0.146484375,0.537109375,-0.25634765625,1.01318359375,0.30517578125,0.52490234375,-0.4638671875,-0.1708984375,0.42724609375,0.67138671875,-0.2197265625,0.7568359375,-0.15869140625,0.634765625,0.13427734375,0.64697265625,0.06103515625,0.146484375,0.06103515625,0.03662109375,0.09765625,0.78125,-0.08544921875,0,-0.2197265625,0.01220703125,-0.2197265625,0.2197265625,-0.0244140625,1.15966796875,-0.06103515625,0.18310546875,-0.25634765625,1.57470703125,0.1220703125,-0.42724609375,0.01220703125,3.60107421875,0.09765625,-0.634765625,-0.03662109375,-0.2685546875,0.0732421875,-1.513671875,-0.15869140625,-0.3173828125,-0.09765625,-0.3662109375,0.01220703125,-0.76904296875,-0.0732421875,-0.7080078125,-0.06103515625,-0.62255859375,-0.06103515625,-0.6103515625,0.0244140625,-0.08544921875,-0.0244140625,-0.8056640625,0.048828125,-1.5380859375,-0.2685546875,-1.15966796875,-0.29296875,0.09765625,-0.23193359375,0.40283203125,-0.01220703125,-0.03662109375,-0.06103515625,0,-0.10986328125,0.1220703125,-0.06103515625,-0.3662109375,-0.2197265625,0.45166015625,-0.15869140625,-0.732421875,-0.15869140625,-0.9033203125
1,-0.32958984375,3.1005859375,-0.048828125,1.35498046875,-0.40283203125,1.0009765625,-0.06103515625,1.55029296875,0.09765625,-0.1220703125,0.13427734375,-0.93994140625,-0.048828125,1.01318359375,-0.3662109375,-0.13427734375,0.03662109375,-0.59814453125,-0.0244140625,-0.2197265625,0.20751953125,0.84228515625,0,-0.5615234375,0.3173828125,-0.15869140625,-0.18310546875,-0.830078125,0.1708984375,0.86669921875,0.13427734375,0.03662109375,-0.048828125,0.2685546875,0.048828125,-0.50048828125,-0.18310546875,-0.048828125,0.15869140625,-0.09765625,-0.048828125,-0.23193359375,0.29296875,-0.6103515625,-0.25634765625,-0.52490234375,-0.09765625,0.5126953125,-0.1953125,1.025390625,0.28076171875,0.64697265625,-0.47607421875,-0.13427734375,0.4150390625,0.68359375,-0.25634765625,0.74462890625,-0.08544921875,0.62255859375,0.18310546875,0.6103515625,0.0732421875,0.15869140625,0.08544921875,-0.0244140625,0.048828125,0.72021484375,-0.25634765625,-0.08544921875,-0.28076171875,-0.048828125,-0.32958984375,0.30517578125,0,1.13525390625,-0.08544921875,0.20751953125,-0.23193359375,1.5869140625,0.2197265625,-0.537109375,-0.09765625,3.3935546875,0.23193359375,-0.69580078125,-0.03662109375,-0.3173828125,0.1708984375,-1.57470703125,-0.08544921875,-0.390625,0.048828125,-0.47607421875,0.01220703125,-1.45263671875,-0.09765625,-0.72021484375,-0.048828125,-0.634765625,-0.03662109375,-0.6103515625,-0.03662109375,-0.08544921875,-0.03662109375,-0.81787109375,0.048828125,-1.5380859375,-0.28076171875,-1.1474609375,-0.2685546875,0.10986328125,-0.23193359375,0.37841796875,0,-0.0244140625,-0.06103515625,0,-0.10986328125,0.1220703125,-0.0732421875,-0.42724609375,-0.20751953125,0.37841796875,-0.15869140625,-0.7568359375,-0.15869140625,-0.96435546875
1,-0.30517578125,2.9296875,-0.0244140625,1.25732421875,-0.390625,0.89111328125,-0.03662109375,1.42822265625,0.09765625,-0.13427734375,0.146484375,-0.9521484375,-0.03662109375,1.01318359375,-0.35400390625,-0.10986328125,-0.0244140625,-0.5859375,0.03662109375,-0.244140625,0.1708984375,0.8544921875,0.06103515625,-0.57373046875,0.23193359375,-0.08544921875,-0.146484375,-0.78125,0.146484375,0.93994140625,0.1220703125,0.3173828125,-0.0244140625,0.23193359375,0.01220703125,-0.50048828125,-0.1708984375,-0.0244140625,0.29296875,-0.1708984375,-0.048828125,-0.23193359375,0.35400390625,-0.62255859375,-0.2685546875,-0.50048828125,-0.0732421875,0.47607421875,-0.23193359375,1.01318359375,0.25634765625,0.64697265625,-0.50048828125,-0.15869140625,0.40283203125,0.72021484375,-0.30517578125,0.732421875,-0.08544921875,0.57373046875,0.23193359375,0.537109375,0.09765625,0.1708984375,0.244140625,-0.03662109375,0.06103515625,0.72021484375,-0.2685546875,-0.1220703125,-0.20751953125,-0.06103515625,-0.32958984375,0.45166015625,-0.048828125,1.13525390625,-0.08544921875,0.25634765625,-0.15869140625,1.67236328125,0.29296875,-0.537109375,-0.15869140625,3.28369140625,0.3173828125,-0.7080078125,-0.03662109375,-0.341796875,0.29296875,-1.59912109375,-0.06103515625,-0.4150390625,0.18310546875,-0.537109375,-0.01220703125,-1.86767578125,-0.10986328125,-0.69580078125,-0.06103515625,-0.6591796875,-0.06103515625,-0.6103515625,-0.10986328125,-0.10986328125,-0.08544921875,-0.81787109375,0.06103515625,-1.52587890625,-0.2685546875,-1.1474609375,-0.28076171875,0.10986328125,-0.20751953125,0.40283203125,0,-0.0244140625,-0.0732421875,-0.01220703125,-0.10986328125,0.1220703125,-0.09765625,-0.50048828125,-0.2197265625,0.32958984375,-0.146484375,-0.78125,-0.146484375,-1.03759765625
1,-0.2197265625,2.587890625,-0.0244140625,1.06201171875,-0.390625,0.72021484375,-0.048828125,1.25732421875,0.08544921875,-0.15869140625,0.1220703125,-0.93994140625,-0.048828125,0.9765625,-0.341796875,-0.10986328125,-0.0732421875,-0.5859375,0.09765625,-0.244140625,0.13427734375,0.86669921875,0.048828125,-0.54931640625,0.146484375,-0.06103515625,-0.1220703125,-0.7080078125,0.1220703125,0.98876953125,0.09765625,0.48828125,-0.08544921875,0.20751953125,-0.09765625,-0.537109375,-0.18310546875,-0.0244140625,0.29296875,-0.244140625,-0.08544921875,-0.25634765625,0.4150390625,-0.64697265625,-0.2197265625,-0.48828125,-0.0244140625,0.47607421875,-0.2685546875,0.96435546875,0.23193359375,0.5859375,-0.52490234375,-0.1953125,0.25634765625,0.68359375,-0.341796875,0.732421875,-0.048828125,0.537109375,0.3173828125,0.47607421875,0.146484375,0.1708984375,0.23193359375,0.0244140625,0.0244140625,0.72021484375,-0.32958984375,-0.10986328125,-0.25634765625,-0.0244140625,-0.23193359375,0.6591796875,-0.0732421875,1.2451171875,-0.09765625,0.35400390625,-0.0732421875,1.806640625,0.29296875,-0.50048828125,-0.23193359375,3.2470703125,0.3662109375,-0.72021484375,-0.0732421875,-0.32958984375,0.3662109375,-1.611328125,-0.048828125,-0.4150390625,0.28076171875,-0.54931640625,0.06103515625,-2.0263671875,-0.1220703125,-0.7080078125,-0.03662109375,-0.6591796875,-0.08544921875,-0.62255859375,-0.146484375,-0.08544921875,-0.13427734375,-0.84228515625,0.06103515625,-1.5380859375,-0.2685546875,-1.13525390625,-0.3173828125,0.10986328125,-0.2197265625,0.3662109375,-0.01220703125,-0.048828125,-0.06103515625,-0.0244140625,-0.08544921875,0.10986328125,-0.10986328125,-0.5615234375,-0.2197265625,0.3173828125,-0.1708984375,-0.78125,-0.15869140625,-1.08642578125
1,-0.146484375,2.08740234375,-0.048828125,0.8544921875,-0.35400390625,0.537109375,-0.03662109375,1.03759765625,0.1220703125,-0.146484375,0.10986328125,-0.93994140625,-0.03662109375,0.9765625,-0.341796875,-0.10986328125,-0.1220703125,-0.57373046875,0.09765625,-0.23193359375,0.09765625,0.86669921875,0.048828125,-0.5615234375,0.10986328125,-0.048828125,-0.06103515625,-0.68359375,0.10986328125,1.01318359375,0.03662109375,0.52490234375,-0.08544921875,0.146484375,-0.1953125,-0.5615234375,-0.1953125,-0.048828125,0.28076171875,-0.30517578125,-0.13427734375,-0.2685546875,0.40283203125,-0.67138671875,-0.1220703125,-0.5126953125,-0.01220703125,0.47607421875,-0.25634765625,0.9521484375,0.28076171875,0.4150390625,-0.48828125,-0.244140625,0.2197265625,0.6591796875,-0.32958984375,0.72021484375,-0.03662109375,0.52490234375,0.341796875,0.42724609375,0.1708984375,0.18310546875,0.2197265625,0.1220703125,-0.01220703125,0.79345703125,-0.37841796875,-0.06103515625,-0.3173828125,0.01220703125,-0.1953125,0.89111328125,-0.08544921875,1.40380859375,-0.09765625,0.50048828125,0.048828125,1.9775390625,0.25634765625,-0.48828125,-0.2685546875,3.2470703125,0.42724609375,-0.7080078125,-0.06103515625,-0.29296875,0.4150390625,-1.5869140625,-0.0244140625,-0.390625,0.3662109375,-0.5859375,0.06103515625,-1.9287109375,-0.10986328125,-0.69580078125,0,-0.67138671875,-0.146484375,-0.6103515625,-0.18310546875,-0.08544921875,-0.13427734375,-0.84228515625,0.08544921875,-1.5380859375,-0.23193359375,-1.13525390625,-0.32958984375,0.10986328125,-0.1953125,0.30517578125,-0.03662109375,-0.048828125,-0.06103515625,-0.03662109375,-0.0732421875,0.10986328125,-0.08544921875,-0.5615234375,-0.1953125,0.30517578125,-0.18310546875,-0.79345703125,-0.1220703125,-1.11083984375
1,-0.09765625,1.45263671875,-0.0732421875,0.64697265625,-0.3173828125,0.32958984375,-0.03662109375,0.79345703125,0.1220703125,-0.13427734375,0.13427734375,-0.927734375,-0.0244140625,1.0009765625,-0.3662109375,-0.08544921875,-0.13427734375,-0.59814453125,0.10986328125,-0.23193359375,0.10986328125,0.86669921875,0.0244140625,-0.57373046875,0.03662109375,-0.0244140625,-0.06103515625,-0.634765625,0.09765625,1.025390625,-0.10986328125,0.4150390625,-0.146484375,0.0732421875,-0.341796875,-0.59814453125,-0.28076171875,-0.09765625,0.25634765625,-0.3662109375,-0.1953125,-0.2685546875,0.40283203125,-0.68359375,-0.0732421875,-0.5126953125,-0.048828125,0.47607421875,-0.30517578125,0.89111328125,0.2685546875,0.2685546875,-0.47607421875,-0.28076171875,0.146484375,0.634765625,-0.341796875,0.72021484375,-0.08544921875,0.52490234375,0.390625,0.37841796875,0.1953125,0.1953125,0.28076171875,0.25634765625,0,0.89111328125,-0.2685546875,0.048828125,-0.30517578125,0.1220703125,-0.18310546875,1.08642578125,-0.09765625,1.5625,-0.13427734375,0.634765625,0.0732421875,2.16064453125,0.20751953125,-0.4638671875,-0.30517578125,3.23486328125,0.40283203125,-0.7080078125,-0.048828125,-0.30517578125,0.37841796875,-1.52587890625,-0.03662109375,-0.35400390625,0.4150390625,-0.54931640625,0.18310546875,-1.5869140625,-0.08544921875,-0.7080078125,0,-0.68359375,-0.18310546875,-0.6103515625,-0.1953125,-0.0732421875,-0.1220703125,-0.8544921875,0.08544921875,-1.5380859375,-0.1953125,-1.13525390625,-0.341796875,0.10986328125,-0.15869140625,0.29296875,-0.06103515625,-0.048828125,-0.0732421875,-0.06103515625,-0.048828125,0.09765625,-0.10986328125,-0.54931640625,-0.1953125,0.3173828125,-0.18310546875,-0.78125,-0.10986328125,-1.08642578125
0,-0.08544921875,0.76904296875,-0.10986328125,0.37841796875,-0.30517578125,0.13427734375,-0.03662109375,0.537109375,0.146484375,-0.1220703125,0.09765625,-0.93994140625,-0.048828125,0.98876953125,-0.3662109375,-0.1220703125,-0.15869140625,-0.6103515625,0.08544921875,-0.23193359375,0.10986328125,0.8544921875,-0.0244140625,-0.5859375,-0.01220703125,-0.0244140625,-0.06103515625,-0.634765625,0.08544921875,1.025390625,-0.1708984375,0.23193359375,-0.10986328125,0.06103515625,-0.35400390625,-0.5859375,-0.25634765625,-0.13427734375,0.30517578125,-0.390625,-0.28076171875,-0.30517578125,0.30517578125,-0.7080078125,-0.01220703125,-0.5126953125,-0.06103515625,0.47607421875,-0.30517578125,0.87890625,0.2685546875,0.10986328125,-0.50048828125,-0.32958984375,0.01220703125,0.59814453125,-0.3173828125,0.732421875,-0.048828125,0.52490234375,0.4150390625,0.3662109375,0.20751953125,0.20751953125,0.20751953125,0.45166015625,-0.09765625,1.0009765625,-0.30517578125,0.1953125,-0.45166015625,0.2685546875,-0.03662109375,1.2451171875,-0.0244140625,1.74560546875,-0.09765625,0.78125,0.1220703125,2.33154296875,0.13427734375,-0.5126953125,-0.32958984375,3.18603515625,0.35400390625,-0.7080078125,-0.048828125,-0.30517578125,0.341796875,-1.45263671875,-0.03662109375,-0.2685546875,0.42724609375,-0.54931640625,0.3662109375,-1.01318359375,-0.09765625,-0.69580078125,-0.01220703125,-0.67138671875,-0.18310546875,-0.6103515625,-0.1953125,-0.06103515625,-0.09765625,-0.84228515625,0.03662109375,-1.513671875,-0.23193359375,-1.13525390625,-0.3173828125,0.1220703125,-0.146484375,0.2685546875,-0.06103515625,-0.0244140625,-0.08544921875,-0.0732421875,-0.0244140625,0.10986328125,-0.1220703125,-0.47607421875,-0.1708984375,0.37841796875,-0.15869140625,-0.76904296875,-0.048828125,-1.025390625
0,-0.01220703125,0.15869140625,-0.08544921875,0.15869140625,-0.29296875,-0.048828125,-0.0244140625,0.32958984375,0.15869140625,-0.10986328125,0.08544921875,-0.93994140625,-0.08544921875,1.0009765625,-0.35400390625,-0.13427734375,-0.09765625,-0.59814453125,0.01220703125,-0.2197265625,0.146484375,0.87890625,-0.048828125,-0.57373046875,0.0244140625,-0.03662109375,0,-0.6103515625,0.06103515625,1.0498046875,-0.15869140625,-0.01220703125,-0.1220703125,0.10986328125,-0.4150390625,-0.537109375,-0.1953125,-0.146484375,0.30517578125,-0.3173828125,-0.32958984375,-0.29296875,0.18310546875,-0.72021484375,0.03662109375,-0.50048828125,-0.03662109375,0.5126953125,-0.244140625,0.9033203125,0.29296875,0.01220703125,-0.4638671875,-0.30517578125,-0.0244140625,0.5859375,-0.2685546875,0.72021484375,-0.0732421875,0.537109375,0.40283203125,0.37841796875,0.15869140625,0.1953125,0.23193359375,0.62255859375,-0.1220703125,1.1474609375,-0.23193359375,0.35400390625,-0.537109375,0.40283203125,-0.048828125,1.318359375,0.0244140625,1.8310546875,-0.03662109375,0.8544921875,0.10986328125,2.392578125,0.048828125,-0.5859375,-0.28076171875,2.96630859375,0.30517578125,-0.69580078125,-0.01220703125,-0.32958984375,0.28076171875,-1.3427734375,-0.0244140625,-0.15869140625,0.47607421875,-0.45166015625,0.390625,-0.3173828125,-0.09765625,-0.7080078125,-0.01220703125,-0.68359375,-0.1708984375,-0.62255859375,-0.1708984375,-0.0732421875,-0.08544921875,-0.84228515625,0,-1.52587890625,-0.23193359375,-1.123046875,-0.2685546875,0.10986328125,-0.1220703125,0.2685546875,-0.048828125,-0.01220703125,-0.0732421875,-0.0732421875,-0.0244140625,0.1220703125,-0.13427734375,-0.40283203125,-0.18310546875,0.439453125,-0.1953125,-0.732421875,-0.0732421875,-0.9765625
0,0,-0.30517578125,-0.08544921875,0,-0.28076171875,-0.18310546875,-0.0244140625,0.1708984375,0.146484375,-0.09765625,0.09765625,-0.9521484375,-0.0732421875,1.025390625,-0.35400390625,-0.146484375,-0.048828125,-0.59814453125,-0.06103515625,-0.2197265625,0.15869140625,0.87890625,-0.08544921875,-0.57373046875,0.01220703125,-0.03662109375,-0.048828125,-0.6103515625,-0.01220703125,1.06201171875,-0.1708984375,-0.18310546875,-0.1953125,0.2197265625,-0.40283203125,-0.45166015625,-0.23193359375,-0.09765625,0.29296875,-0.1953125,-0.32958984375,-0.29296875,0,-0.7080078125,0.10986328125,-0.48828125,0.01220703125,0.54931640625,-0.23193359375,0.93994140625,0.23193359375,0.0244140625,-0.4638671875,-0.2685546875,-0.10986328125,0.59814453125,-0.244140625,0.74462890625,-0.146484375,0.537109375,0.37841796875,0.40283203125,0.18310546875,0.1953125,0.18310546875,0.79345703125,-0.13427734375,1.25732421875,-0.09765625,0.48828125,-0.57373046875,0.52490234375,-0.08544921875,1.28173828125,0.048828125,1.85546875,0.0244140625,0.9033203125,0.03662109375,2.4169921875,-0.0244140625,-0.64697265625,-0.32958984375,2.64892578125,0.2197265625,-0.74462890625,0.01220703125,-0.37841796875,0.146484375,-1.23291015625,-0.0244140625,-0.0244140625,0.5126953125,-0.30517578125,0.48828125,0.50048828125,-0.1220703125,-0.69580078125,-0.01220703125,-0.6591796875,-0.13427734375,-0.634765625,-0.15869140625,-0.0732421875,-0.09765625,-0.830078125,-0.0244140625,-1.52587890625,-0.244140625,-1.13525390625,-0.20751953125,0.13427734375,-0.08544921875,0.28076171875,-0.048828125,-0.01220703125,-0.0732421875,-0.06103515625,0,0.1220703125,-0.1220703125,-0.3173828125,-0.146484375,0.48828125,-0.146484375,-0.7080078125,-0.0732421875,-0.91552734375
0,-0.048828125,-0.5126953125,-0.09765625,-0.048828125,-0.23193359375,-0.20751953125,0.01220703125,0.1220703125,0.1220703125,-0.0732421875,0.08544921875,-0.9521484375,-0.08544921875,1.025390625,-0.3173828125,-0.13427734375,0,-0.59814453125,-0.1220703125,-0.20751953125,0.146484375,0.8544921875,-0.13427734375,-0.54931640625,0.0244140625,-0.0244140625,-0.048828125,-0.59814453125,-0.048828125,1.08642578125,-0.13427734375,-0.30517578125,-0.2685546875,0.37841796875,-0.40283203125,-0.32958984375,-0.28076171875,-0.03662109375,0.20751953125,-0.03662109375,-0.29296875,-0.29296875,-0.13427734375,-0.72021484375,0.146484375,-0.5126953125,0.01220703125,0.54931640625,-0.146484375,1.01318359375,0.20751953125,0.10986328125,-0.439453125,-0.1953125,-0.15869140625,0.64697265625,-0.146484375,0.732421875,-0.15869140625,0.54931640625,0.3173828125,0.45166015625,0.18310546875,0.20751953125,0.09765625,0.9521484375,-0.2197265625,1.3916015625,-0.1220703125,0.62255859375,-0.6591796875,0.634765625,-0.1953125,1.15966796875,0.09765625,1.77001953125,0.08544921875,0.84228515625,-0.0244140625,2.33154296875,-0.03662109375,-0.732421875,-0.20751953125,2.1484375,0.1220703125,-0.79345703125,0.048828125,-0.4638671875,0.01220703125,-1.123046875,-0.0244140625,0.08544921875,0.537109375,-0.1220703125,0.3662109375,1.3427734375,-0.15869140625,-0.69580078125,0,-0.6591796875,-0.1220703125,-0.64697265625,-0.1220703125,-0.09765625,-0.08544921875,-0.830078125,-0.08544921875,-1.5625,-0.2685546875,-1.11083984375,-0.1708984375,0.1220703125,-0.08544921875,0.28076171875,-0.03662109375,-0.01220703125,-0.06103515625,-0.06103515625,-0.048828125,0.13427734375,-0.146484375,-0.28076171875,-0.146484375,0.48828125,-0.18310546875,-0.67138671875,-0.13427734375,-0.86669921875
0,-0.048828125,-0.42724609375,-0.13427734375,0.01220703125,-0.23193359375,-0.15869140625,-0.01220703125,0.1708984375,0.13427734375,-0.08544921875,0.0732421875,-0.927734375,-0.10986328125,1.03759765625,-0.3173828125,-0.10986328125,0.0732421875,-0.59814453125,-0.1953125,-0.2197265625,0.1220703125,0.86669921875,-0.15869140625,-0.5615234375,0.08544921875,-0.01220703125,-0.06103515625,-0.5615234375,-0.03662109375,1.1474609375,-0.10986328125,-0.30517578125,-0.30517578125,0.537109375,-0.37841796875,-0.20751953125,-0.23193359375,0.0732421875,0.13427734375,0.1220703125,-0.28076171875,-0.244140625,-0.2197265625,-0.69580078125,0.13427734375,-0.5126953125,0.0244140625,0.5859375,-0.03662109375,1.08642578125,0.1953125,0.25634765625,-0.40283203125,-0.10986328125,-0.15869140625,0.72021484375,-0.1220703125,0.732421875,-0.20751953125,0.537109375,0.341796875,0.48828125,0.09765625,0.1953125,0.09765625,1.06201171875,-0.28076171875,1.4892578125,-0.10986328125,0.72021484375,-0.64697265625,0.69580078125,-0.1953125,1.0009765625,0.10986328125,1.64794921875,0.08544921875,0.732421875,-0.08544921875,2.197265625,-0.0732421875,-0.8544921875,-0.13427734375,1.5625,0.01220703125,-0.86669921875,0,-0.5859375,-0.09765625,-0.9765625,-0.03662109375,0.1953125,0.47607421875,0.0732421875,0.341796875,2.20947265625,-0.1708984375,-0.7080078125,0.03662109375,-0.6591796875,-0.10986328125,-0.64697265625,-0.06103515625,-0.09765625,-0.09765625,-0.830078125,-0.06103515625,-1.5625,-0.29296875,-1.13525390625,-0.146484375,0.1220703125,-0.06103515625,0.3173828125,-0.0244140625,-0.01220703125,-0.06103515625,-0.0732421875,-0.048828125,0.13427734375,-0.146484375,-0.2685546875,-0.10986328125,0.50048828125,-0.09765625,-0.67138671875,-0.146484375,-0.84228515625
0,0.06103515625,0,-0.15869140625,0.1708984375,-0.1953125,0,-0.01220703125,0.341796875,0.09765625,-0.06103515625,0.0732421875,-0.91552734375,-0.146484375,1.0498046875,-0.32958984375,-0.13427734375,0.09765625,-0.59814453125,-0.25634765625,-0.23193359375,0.01220703125,0.86669921875,-0.15869140625,-0.5615234375,0.10986328125,0.048828125,-0.06103515625,-0.537109375,0.01220703125,1.23291015625,-0.13427734375,-0.20751953125,-0.30517578125,0.68359375,-0.341796875,-0.10986328125,-0.25634765625,0.146484375,0.10986328125,0.2685546875,-0.25634765625,-0.23193359375,-0.20751953125,-0.69580078125,0.146484375,-0.52490234375,0.06103515625,0.57373046875,0.01220703125,1.18408203125,0.1220703125,0.45166015625,-0.4150390625,-0.03662109375,-0.23193359375,0.79345703125,-0.08544921875,0.732421875,-0.2197265625,0.537109375,0.3662109375,0.52490234375,0.01220703125,0.1953125,0.01220703125,1.0986328125,-0.32958984375,1.5380859375,-0.08544921875,0.7568359375,-0.5615234375,0.74462890625,-0.18310546875,0.86669921875,0.146484375,1.47705078125,0.048828125,0.6103515625,-0.18310546875,1.98974609375,-0.08544921875,-1.0009765625,-0.06103515625,0.91552734375,-0.08544921875,-0.9765625,-0.10986328125,-0.72021484375,-0.2197265625,-0.81787109375,-0.048828125,0.30517578125,0.4638671875,0.25634765625,0.1708984375,3.0517578125,-0.1220703125,-0.7080078125,0.03662109375,-0.64697265625,-0.146484375,-0.62255859375,0,-0.09765625,-0.10986328125,-0.830078125,-0.048828125,-1.55029296875,-0.30517578125,-1.123046875,-0.1220703125,0.10986328125,-0.03662109375,0.341796875,0,-0.0244140625,-0.0732421875,-0.06103515625,-0.048828125,0.146484375,-0.1708984375,-0.29296875,-0.1220703125,0.4638671875,-0.03662109375,-0.69580078125,-0.18310546875,-0.89111328125
0,-0.01220703125,0.732421875,-0.15869140625,0.439453125,-0.1708984375,0.244140625,0.03662109375,0.62255859375,0.0732421875,-0.06103515625,0.09765625,-0.9033203125,-0.146484375,1.03759765625,-0.30517578125,-0.10986328125,0.146484375,-0.5859375,-0.28076171875,-0.2197265625,-0.08544921875,0.830078125,-0.13427734375,-0.5615234375,0.146484375,0.09765625,-0.0244140625,-0.50048828125,0.048828125,1.318359375,-0.18310546875,-0.01220703125,-0.23193359375,0.78125,-0.341796875,-0.08544921875,-0.20751953125,0.23193359375,0.0732421875,0.3662109375,-0.244140625,-0.20751953125,-0.15869140625,-0.68359375,0.08544921875,-0.48828125,0.06103515625,0.5859375,0.1220703125,1.2451171875,0.06103515625,0.634765625,-0.390625,0.0244140625,-0.23193359375,0.8544921875,-0.0732421875,0.72021484375,-0.23193359375,0.537109375,0.3662109375,0.57373046875,-0.09765625,0.18310546875,0.03662109375,1.123046875,-0.28076171875,1.5625,-0.08544921875,0.732421875,-0.48828125,0.732421875,-0.18310546875,0.81787109375,0.146484375,1.3427734375,-0.048828125,0.48828125,-0.25634765625,1.84326171875,-0.09765625,-1.11083984375,0.048828125,0.2685546875,-0.15869140625,-1.07421875,-0.15869140625,-0.81787109375,-0.2685546875,-0.68359375,-0.08544921875,0.4150390625,0.42724609375,0.42724609375,0.18310546875,3.9306640625,-0.09765625,-0.69580078125,0.08544921875,-0.6591796875,-0.18310546875,-0.634765625,0.0244140625,-0.09765625,-0.09765625,-0.830078125,0,-1.55029296875,-0.3173828125,-1.13525390625,-0.13427734375,0.10986328125,-0.0244140625,0.35400390625,0.01220703125,-0.03662109375,-0.048828125,-0.08544921875,-0.03662109375,0.146484375,-0.146484375,-0.37841796875,-0.10986328125,0.390625,0.048828125,-0.732421875,-0.2197265625,-0.9521484375
0,-0.0732421875,1.6845703125,-0.18310546875,0.76904296875,-0.1708984375,0.57373046875,0.01220703125,1.01318359375,0.06103515625,-0.08544921875,0.10986328125,-0.91552734375,-0.15869140625,1.025390625,-0.28076171875,-0.1220703125,0.15869140625,-0.5859375,-0.28076171875,-0.23193359375,-0.146484375,0.86669921875,-0.09765625,-0.5615234375,0.18310546875,0.15869140625,0.01220703125,-0.4638671875,0.09765625,1.3427734375,-0.1953125,0.1953125,-0.1708984375,0.79345703125,-0.3662109375,-0.10986328125,-0.20751953125,0.244140625,0.06103515625,0.3662109375,-0.15869140625,-0.1953125,-0.01220703125,-0.6591796875,0.03662109375,-0.5126953125,0.048828125,0.57373046875,0.13427734375,1.318359375,0.048828125,0.78125,-0.390625,0.03662109375,-0.1953125,0.9033203125,-0.08544921875,0.732421875,-0.2685546875,0.5126953125,0.35400390625,0.5615234375,-0.2197265625,0.1708984375,0.08544921875,1.08642578125,-0.18310546875,1.55029296875,-0.1220703125,0.732421875,-0.4150390625,0.7080078125,-0.1220703125,0.9521484375,0.2197265625,1.28173828125,-0.13427734375,0.439453125,-0.2685546875,1.7822265625,-0.10986328125,-1.25732421875,0.1220703125,-0.2685546875,-0.2197265625,-1.1474609375,-0.23193359375,-0.96435546875,-0.25634765625,-0.5859375,-0.08544921875,0.5126953125,0.37841796875,0.5615234375,0.06103515625,4.736328125,-0.0732421875,-0.69580078125,0.08544921875,-0.67138671875,-0.1953125,-0.62255859375,0.01220703125,-0.09765625,-0.09765625,-0.830078125,0.06103515625,-1.55029296875,-0.32958984375,-1.11083984375,-0.146484375,0.10986328125,0,0.35400390625,0.0244140625,-0.048828125,-0.0732421875,-0.10986328125,-0.01220703125,0.146484375,-0.146484375,-0.42724609375,-0.08544921875,0.30517578125,0.08544921875,-0.76904296875,-0.2197265625,-1.025390625
0,-0.06103515625,2.74658203125,-0.15869140625,1.18408203125,-0.1220703125,0.927734375,0.0244140625,1.416015625,0.048828125,-0.13427734375,0.09765625,-0.927734375,-0.15869140625,1.025390625,-0.2685546875,-0.13427734375,0.1220703125,-0.5615234375,-0.2685546875,-0.23193359375,-0.2197265625,0.8544921875,-0.048828125,-0.57373046875,0.244140625,0.18310546875,0,-0.48828125,0.13427734375,1.37939453125,-0.1708984375,0.40283203125,-0.10986328125,0.72021484375,-0.42724609375,-0.1953125,-0.1708984375,0.2197265625,0.0732421875,0.2685546875,-0.10986328125,-0.20751953125,0.10986328125,-0.64697265625,0.0244140625,-0.5126953125,0.0244140625,0.57373046875,0.15869140625,1.35498046875,0.048828125,0.830078125,-0.3662109375,0.048828125,-0.15869140625,0.93994140625,-0.08544921875,0.72021484375,-0.244140625,0.52490234375,0.20751953125,0.57373046875,-0.244140625,0.13427734375,0.09765625,1.0498046875,-0.09765625,1.513671875,-0.146484375,0.62255859375,-0.3173828125,0.6591796875,-0.048828125,1.2939453125,0.25634765625,1.3427734375,-0.18310546875,0.50048828125,-0.30517578125,1.84326171875,-0.09765625,-1.30615234375,0.18310546875,-0.6103515625,-0.29296875,-1.23291015625,-0.18310546875,-1.025390625,-0.1708984375,-0.50048828125,-0.1220703125,0.5859375,0.3173828125,0.64697265625,-0.0732421875,5.48095703125,-0.06103515625,-0.69580078125,0.048828125,-0.64697265625,-0.1953125,-0.634765625,-0.0244140625,-0.08544921875,-0.13427734375,-0.830078125,0.10986328125,-1.5380859375,-0.32958984375,-1.1474609375,-0.1708984375,0.08544921875,0.01220703125,0.341796875,0.03662109375,-0.048828125,-0.048828125,-0.09765625,-0.01220703125,0.13427734375,-0.146484375,-0.50048828125,-0.09765625,0.244140625,0.09765625,-0.7568359375,-0.244140625,-1.08642578125
0,-0.03662109375,3.84521484375,-0.18310546875,1.59912109375,-0.08544921875,1.318359375,0,1.8310546875,0.03662109375,-0.13427734375,0.06103515625,-0.927734375,-0.146484375,1.01318359375,-0.244140625,-0.1708984375,0.09765625,-0.5615234375,-0.244140625,-0.2197265625,-0.15869140625,0.84228515625,0.03662109375,-0.54931640625,0.23193359375,0.20751953125,0,-0.5126953125,0.146484375,1.3916015625,-0.13427734375,0.50048828125,-0.048828125,0.5859375,-0.4638671875,-0.341796875,-0.10986328125,0.15869140625,0.09765625,0.13427734375,-0.0732421875,-0.20751953125,0.244140625,-0.64697265625,-0.0244140625,-0.50048828125,0.03662109375,0.537109375,0.146484375,1.35498046875,0.01220703125,0.81787109375,-0.35400390625,-0.01220703125,-0.09765625,0.93994140625,-0.08544921875,0.72021484375,-0.244140625,0.50048828125,0.28076171875,0.537109375,-0.35400390625,0.10986328125,0.13427734375,1.01318359375,0,1.4404296875,-0.15869140625,0.537109375,-0.28076171875,0.6103515625,0.06103515625,1.89208984375,0.23193359375,1.5380859375,-0.25634765625,0.732421875,-0.29296875,2.099609375,-0.0732421875,-1.35498046875,0.28076171875,-0.732421875,-0.37841796875,-1.2451171875,-0.146484375,-1.0498046875,-0.0732421875,-0.40283203125,-0.13427734375,0.64697265625,0.244140625,0.7080078125,-0.1220703125,6.103515625,-0.06103515625,-0.67138671875,0.01220703125,-0.68359375,-0.18310546875,-0.64697265625,-0.0732421875,-0.0732421875,-0.1708984375,-0.830078125,0.20751953125,-1.5380859375,-0.32958984375,-1.13525390625,-0.1708984375,0.08544921875,0.03662109375,0.32958984375,0.048828125,-0.048828125,-0.06103515625,-0.1220703125,0,0.13427734375,-0.13427734375,-0.57373046875,-0.0732421875,0.18310546875,0.1220703125,-0.67138671875,-0.25634765625,-1.1474609375
0,0.03662109375,4.9072265625,-0.1953125,2.01416015625,-0.03662109375,1.69677734375,0,2.24609375,0.03662109375,-0.146484375,0.0244140625,-0.927734375,-0.15869140625,0.98876953125,-0.2685546875,-0.1953125,0.0244140625,-0.57373046875,-0.1953125,-0.2197265625,-0.08544921875,0.84228515625,0.09765625,-0.54931640625,0.20751953125,0.15869140625,0,-0.54931640625,0.09765625,1.3671875,-0.06103515625,0.50048828125,-0.03662109375,0.4150390625,-0.50048828125,-0.47607421875,-0.048828125,0.09765625,0.15869140625,-0.0244140625,-0.0244140625,-0.2197265625,0.3173828125,-0.64697265625,-0.0732421875,-0.50048828125,-0.01220703125,0.54931640625,0.1220703125,1.3427734375,0.01220703125,0.732421875,-0.28076171875,-0.0732421875,-0.08544921875,0.927734375,-0.09765625,0.7080078125,-0.25634765625,0.5126953125,0.30517578125,0.50048828125,-0.42724609375,0.09765625,0.048828125,0.9765625,0.09765625,1.37939453125,-0.146484375,0.4638671875,-0.20751953125,0.57373046875,0.10986328125,2.74658203125,0.1953125,1.94091796875,-0.32958984375,1.0986328125,-0.244140625,2.55126953125,-0.01220703125,-1.30615234375,0.3662109375,-0.52490234375,-0.45166015625,-1.1962890625,-0.048828125,-0.98876953125,0.01220703125,-0.37841796875,-0.13427734375,0.6591796875,0.15869140625,0.69580078125,-0.08544921875,6.50634765625,-0.10986328125,-0.68359375,-0.03662109375,-0.67138671875,-0.15869140625,-0.634765625,-0.1220703125,-0.0732421875,-0.15869140625,-0.830078125,0.25634765625,-1.5380859375,-0.35400390625,-1.1474609375,-0.1708984375,0.09765625,0.03662109375,0.3173828125,0.08544921875,-0.03662109375,-0.0732421875,-0.1220703125,-0.01220703125,0.13427734375,-0.13427734375,-0.57373046875,-0.06103515625,0.1953125,0.03662109375,-0.52490234375,-0.25634765625,-1.123046875
0,0.0244140625,5.76171875,-0.15869140625,2.392578125,0.03662109375,2.03857421875,0,2.63671875,0.0732421875,-0.13427734375,0,-0.9033203125,-0.13427734375,1.0009765625,-0.244140625,-0.15869140625,-0.01220703125,-0.57373046875,-0.18310546875,-0.23193359375,-0.0244140625,0.830078125,0.15869140625,-0.57373046875,0.18310546875,0.1220703125,-0.01220703125,-0.5859375,0.0244140625,1.318359375,-0.01220703125,0.42724609375,-0.08544921875,0.28076171875,-0.6103515625,-0.57373046875,-0.08544921875,0.09765625,0.1953125,-0.13427734375,-0.03662109375,-0.244140625,0.40283203125,-0.64697265625,-0.13427734375,-0.48828125,-0.048828125,0.537109375,0.0732421875,1.30615234375,0.0244140625,0.5859375,-0.20751953125,-0.146484375,-0.06103515625,0.87890625,-0.13427734375,0.72021484375,-0.25634765625,0.5126953125,0.28076171875,0.4638671875,-0.390625,0.09765625,0.048828125,0.927734375,0.18310546875,1.33056640625,-0.06103515625,0.390625,-0.15869140625,0.52490234375,0.09765625,3.80859375,0.13427734375,2.40478515625,-0.390625,1.57470703125,-0.2197265625,3.13720703125,0.06103515625,-1.20849609375,0.40283203125,-0.03662109375,-0.4638671875,-1.13525390625,0,-0.86669921875,0.0732421875,-0.3662109375,-0.13427734375,0.634765625,0.08544921875,0.64697265625,-0.08544921875,6.62841796875,-0.146484375,-0.6591796875,-0.08544921875,-0.68359375,-0.20751953125,-0.62255859375,-0.13427734375,-0.0732421875,-0.09765625,-0.84228515625,0.30517578125,-1.5380859375,-0.37841796875,-1.13525390625,-0.146484375,0.10986328125,0.0732421875,0.25634765625,0.09765625,-0.03662109375,-0.048828125,-0.09765625,-0.01220703125,0.1220703125,-0.1220703125,-0.5126953125,-0.08544921875,0.2197265625,-0.06103515625,-0.3173828125,-0.25634765625,-1.07421875
0,-0.01220703125,6.3720703125,-0.1953125,2.6611328125,0.0732421875,2.2705078125,-0.01220703125,2.9052734375,0.0732421875,-0.10986328125,-0.01220703125,-0.91552734375,-0.13427734375,0.98876953125,-0.30517578125,-0.15869140625,-0.0244140625,-0.59814453125,-0.20751953125,-0.23193359375,0.10986328125,0.81787109375,0.15869140625,-0.57373046875,0.146484375,0.048828125,0,-0.634765625,-0.06103515625,1.25732421875,-0.0732421875,0.244140625,-0.10986328125,0.20751953125,-0.62255859375,-0.57373046875,-0.1220703125,0.20751953125,0.28076171875,-0.1708984375,-0.0244140625,-0.25634765625,0.52490234375,-0.6591796875,-0.23193359375,-0.5126953125,-0.048828125,0.54931640625,0.03662109375,1.25732421875,0.048828125,0.42724609375,-0.20751953125,-0.18310546875,-0.0244140625,0.8056640625,-0.15869140625,0.72021484375,-0.23193359375,0.52490234375,0.341796875,0.439453125,-0.47607421875,0.08544921875,0.03662109375,0.87890625,0.244140625,1.25732421875,0.048828125,0.341796875,-0.146484375,0.47607421875,0.048828125,4.96826171875,0.048828125,2.978515625,-0.4638671875,2.1728515625,-0.244140625,3.84521484375,0.13427734375,-1.03759765625,0.3662109375,0.68359375,-0.48828125,-0.98876953125,0.0732421875,-0.72021484375,0.1220703125,-0.42724609375,-0.146484375,0.57373046875,0,0.57373046875,-0.08544921875,6.4453125,-0.18310546875,-0.64697265625,-0.0732421875,-0.68359375,-0.244140625,-0.64697265625,-0.1220703125,-0.0732421875,-0.048828125,-0.84228515625,0.390625,-1.52587890625,-0.4150390625,-1.13525390625,-0.13427734375,0.09765625,0.10986328125,0.25634765625,0.10986328125,-0.03662109375,-0.06103515625,-0.10986328125,-0.048828125,0.10986328125,-0.15869140625,-0.4150390625,-0.08544921875,0.341796875,-0.1220703125,0.0244140625,-0.2685546875,-0.93994140625
1,-0.0732421875,6.73828125,-0.1708984375,2.81982421875,0.08544921875,2.44140625,-0.03662109375,3.06396484375,0.06103515625,-0.09765625,-0.03662109375,-0.91552734375,-0.13427734375,1.0009765625,-0.32958984375,-0.1953125,-0.01220703125,-0.59814453125,-0.2197265625,-0.23193359375,0.13427734375,0.81787109375,0.1220703125,-0.54931640625,0.08544921875,0.0244140625,0.048828125,-0.64697265625,-0.15869140625,1.220703125,-0.09765625,0.03662109375,-0.20751953125,0.341796875,-0.69580078125,-0.42724609375,-0.244140625,0.47607421875,0.28076171875,-0.0244140625,0.0244140625,-0.2685546875,0.6103515625,-0.69580078125,-0.2685546875,-0.50048828125,0.06103515625,0.54931640625,-0.03662109375,1.220703125,0.08544921875,0.28076171875,-0.18310546875,-0.23193359375,0.048828125,0.7568359375,-0.15869140625,0.732421875,-0.2685546875,0.52490234375,0.390625,0.439453125,-0.45166015625,0.10986328125,-0.01220703125,0.84228515625,0.25634765625,1.20849609375,0.0732421875,0.29296875,-0.1220703125,0.42724609375,0.09765625,6.201171875,0,3.61328125,-0.45166015625,2.8076171875,-0.28076171875,4.5654296875,0.1953125,-0.81787109375,0.25634765625,1.59912109375,-0.42724609375,-0.84228515625,0.0732421875,-0.5126953125,0.1708984375,-0.54931640625,-0.15869140625,0.47607421875,-0.0244140625,0.4638671875,-0.08544921875,5.89599609375,-0.1953125,-0.6591796875,-0.0732421875,-0.69580078125,-0.25634765625,-0.62255859375,-0.0732421875,-0.06103515625,0.01220703125,-0.84228515625,0.4638671875,-1.52587890625,-0.40283203125,-1.1474609375,-0.13427734375,0.09765625,0.0732421875,0.2197265625,0.1220703125,-0.01220703125,-0.08544921875,-0.0732421875,-0.048828125,0.1220703125,-0.13427734375,-0.244140625,-0.09765625,0.48828125,-0.08544921875,0.42724609375,-0.244140625,-0.74462890625
1,-0.08544921875,6.77490234375,-0.23193359375,2.8564453125,0.09765625,2.490234375,-0.048828125,3.1005859375,0.03662109375,-0.06103515625,-0.01220703125,-0.93994140625,-0.15869140625,1.025390625,-0.28076171875,-0.1708984375,0.01220703125,-0.62255859375,-0.2197265625,-0.244140625,0.2197265625,0.84228515625,0.08544921875,-0.57373046875,-0.01220703125,0,0.048828125,-0.67138671875,-0.30517578125,1.1962890625,-0.09765625,-0.13427734375,-0.23193359375,0.59814453125,-0.634765625,-0.15869140625,-0.1708984375,0.93994140625,0.3173828125,0.28076171875,0,-0.2685546875,0.634765625,-0.69580078125,-0.28076171875,-0.52490234375,0.15869140625,0.54931640625,-0.06103515625,1.171875,0.13427734375,0.15869140625,-0.20751953125,-0.23193359375,0.09765625,0.72021484375,-0.1953125,0.74462890625,-0.3173828125,0.537109375,0.4150390625,0.45166015625,-0.5859375,0.13427734375,0.048828125,0.76904296875,0.341796875,1.1474609375,0.15869140625,0.25634765625,-0.146484375,0.390625,0.244140625,7.36083984375,0,4.16259765625,-0.390625,3.40576171875,-0.3173828125,5.2734375,0.1708984375,-0.5615234375,0.2197265625,2.62451171875,-0.341796875,-0.64697265625,0.048828125,-0.28076171875,0.1708984375,-0.67138671875,-0.2197265625,0.35400390625,-0.01220703125,0.32958984375,-0.0732421875,5.0537109375,-0.20751953125,-0.6591796875,-0.08544921875,-0.68359375,-0.23193359375,-0.62255859375,-0.03662109375,-0.06103515625,0.048828125,-0.830078125,0.48828125,-1.52587890625,-0.3662109375,-1.1474609375,-0.13427734375,0.08544921875,0.048828125,0.244140625,0.13427734375,-0.0244140625,-0.0732421875,-0.03662109375,-0.0732421875,0.1220703125,-0.15869140625,0,-0.08544921875,0.64697265625,-0.08544921875,0.91552734375,-0.23193359375,-0.5126953125
1,-0.08544921875,6.5673828125,-0.244140625,2.783203125,0.10986328125,2.42919921875,-0.048828125,3.03955078125,0.03662109375,-0.03662109375,0.01220703125,-0.927734375,-0.1708984375,1.03759765625,-0.28076171875,-0.15869140625,0.06103515625,-0.62255859375,-0.1953125,-0.25634765625,0.25634765625,0.8544921875,0.0244140625,-0.57373046875,-0.15869140625,-0.0244140625,0.048828125,-0.6591796875,-0.37841796875,1.1474609375,-0.06103515625,-0.25634765625,-0.244140625,1.06201171875,-0.59814453125,0.30517578125,-0.25634765625,1.5625,0.30517578125,0.74462890625,-0.03662109375,-0.25634765625,0.62255859375,-0.69580078125,-0.28076171875,-0.537109375,0.23193359375,0.5615234375,-0.09765625,1.15966796875,0.0732421875,0.13427734375,-0.23193359375,-0.20751953125,0.1953125,0.69580078125,-0.15869140625,0.74462890625,-0.390625,0.54931640625,0.4150390625,0.5126953125,-0.62255859375,0.15869140625,-0.01220703125,0.68359375,0.3173828125,1.123046875,0.1220703125,0.23193359375,-0.244140625,0.35400390625,0.2685546875,8.447265625,0.0732421875,4.6630859375,-0.25634765625,3.955078125,-0.3662109375,5.92041015625,0.1953125,-0.32958984375,0.15869140625,3.64990234375,-0.23193359375,-0.47607421875,0.01220703125,-0.0732421875,0.1708984375,-0.8544921875,-0.244140625,0.2197265625,0.01220703125,0.18310546875,-0.03662109375,3.9794921875,-0.20751953125,-0.6591796875,-0.0732421875,-0.69580078125,-0.1708984375,-0.62255859375,-0.0244140625,-0.048828125,0.0732421875,-0.830078125,0.50048828125,-1.5380859375,-0.30517578125,-1.13525390625,-0.146484375,0.09765625,0.06103515625,0.2685546875,0.1220703125,-0.0244140625,-0.06103515625,-0.01220703125,-0.08544921875,0.13427734375,-0.1708984375,0.2197265625,-0.1220703125,0.81787109375,-0.03662109375,1.42822265625,-0.244140625,-0.2685546875
1,-0.0244140625,6.103515625,-0.244140625,2.62451171875,0.13427734375,2.2705078125,-0.01220703125,2.89306640625,0.048828125,-0.03662109375,-0.03662109375,-0.93994140625,-0.15869140625,1.0498046875,-0.2685546875,-0.13427734375,0.06103515625,-0.62255859375,-0.13427734375,-0.2685546875,0.25634765625,0.8544921875,0,-0.5859375,-0.23193359375,-0.0244140625,0.09765625,-0.6591796875,-0.32958984375,1.13525390625,0,-0.2685546875,-0.29296875,1.67236328125,-0.5126953125,0.86669921875,-0.30517578125,2.3681640625,0.244140625,1.3427734375,-0.08544921875,-0.244140625,0.5126953125,-0.69580078125,-0.20751953125,-0.5126953125,0.29296875,0.5859375,-0.0732421875,1.13525390625,0.0244140625,0.146484375,-0.1953125,-0.18310546875,0.30517578125,0.68359375,-0.09765625,0.732421875,-0.42724609375,0.5126953125,0.47607421875,0.52490234375,-0.59814453125,0.1708984375,0.0244140625,0.59814453125,0.3173828125,1.08642578125,0.0732421875,0.20751953125,-0.25634765625,0.3173828125,0.10986328125,9.3505859375,0.08544921875,5.0537109375,-0.18310546875,4.4189453125,-0.390625,6.4208984375,0.15869140625,-0.09765625,0.03662109375,4.6142578125,-0.1220703125,-0.3173828125,0,0.10986328125,0.10986328125,-1.01318359375,-0.3173828125,0.06103515625,-0.01220703125,0.048828125,0.01220703125,2.7587890625,-0.18310546875,-0.6591796875,-0.0732421875,-0.67138671875,-0.10986328125,-0.6103515625,-0.01220703125,-0.048828125,0.08544921875,-0.830078125,0.4638671875,-1.5380859375,-0.20751953125,-1.13525390625,-0.146484375,0.09765625,0.0732421875,0.28076171875,0.1220703125,-0.048828125,-0.06103515625,0.01220703125,-0.0732421875,0.1220703125,-0.15869140625,0.439453125,-0.09765625,0.9765625,-0.01220703125,1.91650390625,-0.244140625,-0.0244140625
1,-0.0244140625,5.4931640625,-0.30517578125,2.3681640625,0.15869140625,2.05078125,-0.0244140625,2.62451171875,0.0732421875,-0.03662109375,0,-0.91552734375,-0.18310546875,1.03759765625,-0.2685546875,-0.1220703125,0.08544921875,-0.62255859375,-0.06103515625,-0.244140625,0.2685546875,0.84228515625,0,-0.57373046875,-0.341796875,-0.0244140625,0.10986328125,-0.634765625,-0.30517578125,1.123046875,0.01220703125,-0.2197265625,-0.2197265625,2.392578125,-0.40283203125,1.50146484375,-0.244140625,3.25927734375,0.244140625,2.03857421875,-0.146484375,-0.23193359375,0.439453125,-0.69580078125,-0.1220703125,-0.52490234375,0.3662109375,0.5859375,-0.08544921875,1.11083984375,-0.03662109375,0.23193359375,-0.244140625,-0.146484375,0.390625,0.69580078125,-0.01220703125,0.74462890625,-0.4638671875,0.50048828125,0.537109375,0.5859375,-0.6103515625,0.18310546875,0.06103515625,0.54931640625,0.30517578125,1.07421875,0.1220703125,0.20751953125,-0.146484375,0.28076171875,0.09765625,10.04638671875,0.0732421875,5.26123046875,-0.09765625,4.736328125,-0.42724609375,6.75048828125,0.10986328125,0.10986328125,-0.06103515625,5.43212890625,-0.048828125,-0.1708984375,-0.03662109375,0.25634765625,0.048828125,-1.220703125,-0.4150390625,-0.08544921875,-0.01220703125,-0.0732421875,0.03662109375,1.5625,-0.15869140625,-0.64697265625,-0.13427734375,-0.6591796875,-0.06103515625,-0.6103515625,0.01220703125,-0.06103515625,0.048828125,-0.830078125,0.4150390625,-1.55029296875,-0.15869140625,-1.1474609375,-0.146484375,0.09765625,0.13427734375,0.29296875,0.1220703125,-0.048828125,-0.06103515625,0.01220703125,-0.0732421875,0.10986328125,-0.18310546875,0.634765625,-0.08544921875,1.13525390625,-0.1220703125,2.3681640625,-0.23193359375,0.15869140625
1,-0.01220703125,4.72412109375,-0.30517578125,2.06298828125,0.1953125,1.7333984375,-0.01220703125,2.33154296875,0.048828125,-0.0732421875,-0.01220703125,-0.91552734375,-0.20751953125,1.03759765625,-0.3173828125,-0.09765625,0.048828125,-0.6103515625,0.0244140625,-0.23193359375,0.20751953125,0.84228515625,0.03662109375,-0.5615234375,-0.4150390625,0,0.09765625,-0.62255859375,-0.25634765625,1.123046875,-0.03662109375,-0.08544921875,-0.18310546875,3.16162109375,-0.341796875,2.13623046875,-0.18310546875,4.1748046875,0.20751953125,2.734375,-0.1953125,-0.25634765625,0.3173828125,-0.7080078125,-0.01220703125,-0.5126953125,0.3662109375,0.57373046875,-0.09765625,1.123046875,-0.15869140625,0.3173828125,-0.29296875,-0.1220703125,0.4150390625,0.7080078125,-0.01220703125,0.72021484375,-0.42724609375,0.5126953125,0.5615234375,0.62255859375,-0.57373046875,0.1708984375,-0.01220703125,0.5126953125,0.1953125,1.0498046875,0.01220703125,0.20751953125,-0.2197265625,0.30517578125,-0.0244140625,10.51025390625,0.01220703125,5.419921875,-0.10986328125,4.91943359375,-0.4638671875,6.9580078125,0.0732421875,0.25634765625,-0.06103515625,6.0546875,0.0244140625,-0.09765625,-0.06103515625,0.3662109375,-0.03662109375,-1.33056640625,-0.4638671875,-0.1708984375,-0.048828125,-0.18310546875,0.048828125,0.5126953125,-0.15869140625,-0.6591796875,-0.15869140625,-0.67138671875,-0.01220703125,-0.59814453125,0.0244140625,-0.0732421875,-0.01220703125,-0.830078125,0.37841796875,-1.55029296875,-0.1220703125,-1.171875,-0.15869140625,0.08544921875,0.15869140625,0.341796875,0.1220703125,-0.048828125,-0.0732421875,0.01220703125,-0.10986328125,0.10986328125,-0.1708984375,0.76904296875,-0.06103515625,1.20849609375,-0.09765625,2.7587890625,-0.20751953125,0.3173828125
1,0.01220703125,3.955078125,-0.3173828125,1.74560546875,0.2197265625,1.42822265625,-0.048828125,2.001953125,0.06103515625,-0.1220703125,-0.03662109375,-0.927734375,-0.2197265625,1.03759765625,-0.29296875,-0.08544921875,0.03662109375,-0.59814453125,0.10986328125,-0.23193359375,0.1708984375,0.8544921875,0.08544921875,-0.5615234375,-0.40283203125,0.01220703125,0.15869140625,-0.59814453125,-0.20751953125,1.123046875,-0.08544921875,0.06103515625,-0.1220703125,3.84521484375,-0.23193359375,2.7587890625,-0.18310546875,5.09033203125,0.1953125,3.38134765625,-0.20751953125,-0.244140625,0.1708984375,-0.68359375,0.0732421875,-0.5126953125,0.3662109375,0.57373046875,-0.048828125,1.1474609375,-0.1953125,0.42724609375,-0.30517578125,-0.1220703125,0.4150390625,0.7568359375,-0.06103515625,0.72021484375,-0.37841796875,0.52490234375,0.5859375,0.634765625,-0.52490234375,0.15869140625,0.06103515625,0.47607421875,0.18310546875,1.03759765625,-0.06103515625,0.20751953125,-0.1220703125,0.2685546875,-0.0244140625,10.7421875,-0.01220703125,5.3955078125,-0.10986328125,4.96826171875,-0.4150390625,6.982421875,-0.01220703125,0.341796875,-0.0732421875,6.43310546875,0.0732421875,-0.06103515625,-0.0732421875,0.42724609375,-0.1220703125,-1.45263671875,-0.48828125,-0.25634765625,-0.1220703125,-0.3173828125,0.01220703125,-0.28076171875,-0.1220703125,-0.6591796875,-0.146484375,-0.67138671875,-0.01220703125,-0.59814453125,0.03662109375,-0.0732421875,-0.06103515625,-0.81787109375,0.341796875,-1.5625,-0.08544921875,-1.15966796875,-0.18310546875,0.08544921875,0.18310546875,0.341796875,0.10986328125,-0.048828125,-0.0732421875,-0.01220703125,-0.10986328125,0.1220703125,-0.1708984375,0.81787109375,-0.048828125,1.25732421875,-0.09765625,3.0029296875,-0.23193359375,0.40283203125
1,0.01220703125,3.1982421875,-0.30517578125,1.40380859375,0.25634765625,1.08642578125,-0.048828125,1.64794921875,0.06103515625,-0.13427734375,-0.03662109375,-0.91552734375,-0.2197265625,1.03759765625,-0.28076171875,-0.09765625,0.03662109375,-0.59814453125,0.1708984375,-0.2197265625,0.1708984375,0.8544921875,0.06103515625,-0.57373046875,-0.40283203125,0.01220703125,0.13427734375,-0.6103515625,-0.15869140625,1.0986328125,-0.0732421875,0.244140625,-0.06103515625,4.45556640625,-0.15869140625,3.25927734375,-0.146484375,5.8837890625,0.0732421875,3.955078125,-0.2197265625,-0.28076171875,0.0732421875,-0.67138671875,0.2197265625,-0.5126953125,0.30517578125,0.54931640625,-0.03662109375,1.15966796875,-0.25634765625,0.50048828125,-0.3662109375,-0.1220703125,0.40283203125,0.7568359375,-0.09765625,0.72021484375,-0.30517578125,0.5126953125,0.6591796875,0.64697265625,-0.48828125,0.13427734375,0.09765625,0.50048828125,0.10986328125,1.03759765625,-0.13427734375,0.20751953125,-0.10986328125,0.3173828125,-0.13427734375,10.791015625,0.03662109375,5.2978515625,-0.10986328125,4.91943359375,-0.35400390625,6.92138671875,-0.0244140625,0.35400390625,-0.03662109375,6.6162109375,0.03662109375,-0.06103515625,-0.048828125,0.4150390625,-0.1708984375,-1.513671875,-0.5126953125,-0.30517578125,-0.20751953125,-0.37841796875,-0.06103515625,-0.76904296875,-0.09765625,-0.6591796875,-0.15869140625,-0.67138671875,-0.03662109375,-0.6103515625,0.06103515625,-0.09765625,-0.06103515625,-0.84228515625,0.29296875,-1.55029296875,-0.0244140625,-1.1474609375,-0.1708984375,0.10986328125,0.20751953125,0.35400390625,0.10986328125,-0.048828125,-0.0732421875,-0.01220703125,-0.0732421875,0.13427734375,-0.1708984375,0.84228515625,-0.06103515625,1.2939453125,-0.03662109375,3.13720703125,-0.2197265625,0.4150390625
1,0.0244140625,2.5146484375,-0.2685546875,1.06201171875,0.28076171875,0.7568359375,-0.0732421875,1.33056640625,0.0732421875,-0.1708984375,-0.06103515625,-0.93994140625,-0.18310546875,1.0009765625,-0.29296875,-0.1220703125,0.0244140625,-0.6103515625,0.1953125,-0.20751953125,0.2197265625,0.84228515625,0.06103515625,-0.5859375,-0.35400390625,0.0244140625,0.146484375,-0.6103515625,-0.13427734375,1.07421875,-0.08544921875,0.35400390625,-0.01220703125,4.9072265625,-0.08544921875,3.62548828125,-0.1220703125,6.48193359375,-0.01220703125,4.345703125,-0.15869140625,-0.28076171875,0.0244140625,-0.68359375,0.28076171875,-0.5126953125,0.23193359375,0.54931640625,-0.0244140625,1.18408203125,-0.32958984375,0.54931640625,-0.40283203125,-0.13427734375,0.42724609375,0.76904296875,-0.13427734375,0.72021484375,-0.1708984375,0.52490234375,0.72021484375,0.59814453125,-0.37841796875,0.1220703125,0.1708984375,0.537109375,0.0244140625,1.07421875,-0.2197265625,0.2685546875,-0.06103515625,0.35400390625,-0.29296875,10.63232421875,0.0244140625,5.2001953125,-0.10986328125,4.7607421875,-0.29296875,6.787109375,-0.08544921875,0.29296875,0.03662109375,6.50634765625,-0.01220703125,-0.10986328125,-0.0244140625,0.37841796875,-0.18310546875,-1.52587890625,-0.45166015625,-0.29296875,-0.25634765625,-0.45166015625,-0.1220703125,-1.0009765625,-0.06103515625,-0.64697265625,-0.1220703125,-0.68359375,-0.048828125,-0.5859375,0.06103515625,-0.08544921875,-0.08544921875,-0.84228515625,0.244140625,-1.52587890625,0,-1.1474609375,-0.1953125,0.09765625,0.23193359375,0.341796875,0.1220703125,-0.0244140625,-0.06103515625,0.01220703125,-0.06103515625,0.15869140625,-0.15869140625,0.79345703125,-0.0244140625,1.28173828125,-0.10986328125,3.13720703125,-0.1708984375,0.390625
1,0.06103515625,1.96533203125,-0.25634765625,0.78125,0.341796875,0.52490234375,-0.08544921875,1.025390625,0.08544921875,-0.1953125,-0.08544921875,-0.9521484375,-0.1708984375,1.01318359375,-0.29296875,-0.146484375,0.0244140625,-0.57373046875,0.2197265625,-0.20751953125,0.23193359375,0.8544921875,0.0244140625,-0.57373046875,-0.341796875,0.01220703125,0.10986328125,-0.634765625,-0.10986328125,1.06201171875,-0.048828125,0.390625,0.10986328125,5.16357421875,-0.01220703125,3.82080078125,0.0244140625,6.884765625,-0.048828125,4.57763671875,-0.10986328125,-0.3173828125,0.01220703125,-0.68359375,0.32958984375,-0.4638671875,0.20751953125,0.52490234375,-0.048828125,1.171875,-0.30517578125,0.5615234375,-0.40283203125,-0.15869140625,0.4150390625,0.76904296875,-0.20751953125,0.732421875,-0.0732421875,0.537109375,0.74462890625,0.57373046875,-0.37841796875,0.09765625,0.244140625,0.62255859375,-0.06103515625,1.0986328125,-0.29296875,0.341796875,-0.0732421875,0.390625,-0.3173828125,10.3271484375,-0.048828125,5.06591796875,-0.13427734375,4.5654296875,-0.1708984375,6.57958984375,-0.09765625,0.1953125,0.08544921875,6.18896484375,-0.03662109375,-0.18310546875,0.0244140625,0.29296875,-0.1708984375,-1.52587890625,-0.341796875,-0.2685546875,-0.25634765625,-0.47607421875,-0.146484375,-1.01318359375,-0.06103515625,-0.634765625,-0.08544921875,-0.69580078125,-0.03662109375,-0.6103515625,0.0244140625,-0.08544921875,-0.09765625,-0.8544921875,0.18310546875,-1.5380859375,0.03662109375,-1.13525390625,-0.20751953125,0.10986328125,0.2685546875,0.341796875,0.13427734375,-0.01220703125,-0.0732421875,-0.0244140625,-0.03662109375,0.18310546875,-0.1708984375,0.7080078125,-0.0244140625,1.2451171875,-0.1953125,3.02734375,-0.15869140625,0.32958984375
1,0.0732421875,1.4892578125,-0.244140625,0.52490234375,0.40283203125,0.3173828125,-0.10986328125,0.78125,0.08544921875,-0.1708984375,-0.08544921875,-0.91552734375,-0.1220703125,1.0009765625,-0.29296875,-0.146484375,0.0244140625,-0.57373046875,0.1953125,-0.20751953125,0.244140625,0.830078125,-0.01220703125,-0.5859375,-0.23193359375,0.0244140625,0.13427734375,-0.64697265625,-0.03662109375,1.03759765625,0.03662109375,0.390625,0.13427734375,5.23681640625,0.03662109375,3.86962890625,0.09765625,7.080078125,-0.06103515625,4.65087890625,-0.03662109375,-0.30517578125,0.0244140625,-0.68359375,0.32958984375,-0.4638671875,0.20751953125,0.52490234375,-0.10986328125,1.171875,-0.29296875,0.537109375,-0.40283203125,-0.13427734375,0.3662109375,0.78125,-0.23193359375,0.72021484375,0.0244140625,0.54931640625,0.78125,0.54931640625,-0.3662109375,0.09765625,0.2685546875,0.732421875,-0.08544921875,1.15966796875,-0.3173828125,0.439453125,-0.08544921875,0.4638671875,-0.35400390625,9.89990234375,-0.09765625,4.91943359375,-0.146484375,4.345703125,-0.0732421875,6.33544921875,-0.08544921875,0.048828125,0.18310546875,5.67626953125,-0.0244140625,-0.28076171875,0.09765625,0.1708984375,-0.10986328125,-1.50146484375,-0.20751953125,-0.2197265625,-0.2197265625,-0.48828125,-0.18310546875,-0.89111328125,-0.09765625,-0.6591796875,-0.09765625,-0.69580078125,-0.03662109375,-0.59814453125,-0.048828125,-0.08544921875,-0.08544921875,-0.8544921875,0.1708984375,-1.5380859375,0.03662109375,-1.123046875,-0.18310546875,0.1220703125,0.28076171875,0.30517578125,0.1708984375,-0.0244140625,-0.08544921875,-0.0244140625,-0.01220703125,0.1953125,-0.15869140625,0.62255859375,-0.01220703125,1.18408203125,-0.18310546875,2.79541015625,-0.15869140625,0.244140625
1,0.08544921875,1.123046875,-0.25634765625,0.32958984375,0.42724609375,0.146484375,-0.09765625,0.5615234375,0.09765625,-0.13427734375,-0.09765625,-0.9521484375,-0.08544921875,0.98876953125,-0.29296875,-0.1708984375,0.048828125,-0.54931640625,0.1708984375,-0.20751953125,0.25634765625,0.8544921875,0,-0.5859375,-0.2197265625,0.03662109375,0.0732421875,-0.634765625,-0.03662109375,1.07421875,0.0732421875,0.29296875,0.1220703125,5.1513671875,0.0244140625,3.7841796875,0.03662109375,7.0556640625,-0.06103515625,4.5654296875,0.01220703125,-0.30517578125,0.0732421875,-0.67138671875,0.2685546875,-0.47607421875,0.15869140625,0.52490234375,-0.15869140625,1.13525390625,-0.244140625,0.50048828125,-0.37841796875,-0.15869140625,0.28076171875,0.76904296875,-0.2685546875,0.74462890625,0.08544921875,0.537109375,0.8056640625,0.52490234375,-0.30517578125,0.1220703125,0.30517578125,0.86669921875,-0.06103515625,1.2451171875,-0.18310546875,0.57373046875,-0.08544921875,0.57373046875,-0.29296875,9.36279296875,-0.1220703125,4.82177734375,-0.146484375,4.11376953125,0.0244140625,6.06689453125,-0.048828125,-0.13427734375,0.25634765625,4.99267578125,0.03662109375,-0.40283203125,0.146484375,0.03662109375,-0.08544921875,-1.46484375,-0.08544921875,-0.20751953125,-0.1708984375,-0.50048828125,-0.1953125,-0.76904296875,-0.09765625,-0.6591796875,-0.10986328125,-0.68359375,-0.03662109375,-0.59814453125,-0.10986328125,-0.0732421875,-0.08544921875,-0.8544921875,0.15869140625,-1.55029296875,-0.03662109375,-1.123046875,-0.18310546875,0.13427734375,0.341796875,0.29296875,0.1708984375,-0.01220703125,-0.06103515625,-0.0244140625,0,0.18310546875,-0.13427734375,0.537109375,0.01220703125,1.13525390625,-0.1953125,2.490234375,-0.18310546875,0.146484375
1,0.1220703125,0.830078125,-0.28076171875,0.15869140625,0.45166015625,0.03662109375,-0.08544921875,0.37841796875,0.10986328125,-0.10986328125,-0.0732421875,-0.9521484375,-0.0732421875,0.98876953125,-0.30517578125,-0.1953125,0.09765625,-0.57373046875,0.1220703125,-0.2197265625,0.20751953125,0.86669921875,0,-0.5859375,-0.146484375,0.03662109375,0.01220703125,-0.6591796875,0.06103515625,1.08642578125,0.25634765625,0.1953125,0.1708984375,4.931640625,-0.01220703125,3.5888671875,-0.0244140625,6.8603515625,-0.0732421875,4.345703125,-0.01220703125,-0.2685546875,0.08544921875,-0.67138671875,0.1708984375,-0.45166015625,0.146484375,0.537109375,-0.1953125,1.123046875,-0.1953125,0.47607421875,-0.37841796875,-0.13427734375,0.1953125,0.79345703125,-0.2685546875,0.732421875,0.18310546875,0.52490234375,0.8544921875,0.52490234375,-0.28076171875,0.146484375,0.28076171875,1.03759765625,-0.0732421875,1.3427734375,-0.09765625,0.67138671875,-0.1220703125,0.64697265625,-0.1708984375,8.7890625,-0.10986328125,4.67529296875,-0.1708984375,3.857421875,0.0732421875,5.79833984375,-0.0244140625,-0.32958984375,0.32958984375,4.19921875,0.13427734375,-0.52490234375,0.13427734375,-0.10986328125,-0.03662109375,-1.45263671875,0.01220703125,-0.1953125,-0.09765625,-0.48828125,-0.2197265625,-0.76904296875,-0.10986328125,-0.6591796875,-0.10986328125,-0.67138671875,-0.0732421875,-0.62255859375,-0.1708984375,-0.0732421875,-0.1220703125,-0.830078125,0.146484375,-1.5380859375,-0.08544921875,-1.123046875,-0.15869140625,0.10986328125,0.37841796875,0.2685546875,0.1953125,-0.0244140625,-0.06103515625,-0.0244140625,0.0244140625,0.1708984375,-0.1220703125,0.4638671875,-0.01220703125,1.0986328125,-0.15869140625,2.20947265625,-0.18310546875,0.08544921875
1,0.13427734375,0.59814453125,-0.2685546875,0.03662109375,0.4150390625,-0.06103515625,-0.06103515625,0.28076171875,0.09765625,-0.09765625,-0.03662109375,-0.9521484375,-0.06103515625,1.0009765625,-0.28076171875,-0.18310546875,0.1220703125,-0.5859375,0.08544921875,-0.2197265625,0.1953125,0.84228515625,0.01220703125,-0.5859375,-0.09765625,0.048828125,-0.0244140625,-0.634765625,0.146484375,1.11083984375,0.146484375,0.09765625,0.18310546875,4.6142578125,-0.08544921875,3.2958984375,-0.048828125,6.5185546875,-0.06103515625,4.06494140625,-0.0244140625,-0.2685546875,0.146484375,-0.6591796875,0.10986328125,-0.45166015625,0.15869140625,0.537109375,-0.2197265625,1.13525390625,-0.1220703125,0.45166015625,-0.37841796875,-0.13427734375,0.1953125,0.81787109375,-0.2197265625,0.74462890625,0.1953125,0.54931640625,0.8544921875,0.52490234375,-0.25634765625,0.1708984375,0.28076171875,1.15966796875,-0.10986328125,1.45263671875,-0.048828125,0.74462890625,-0.2197265625,0.7080078125,-0.13427734375,8.21533203125,-0.048828125,4.50439453125,-0.09765625,3.61328125,0.0732421875,5.50537109375,0.01220703125,-0.50048828125,0.341796875,3.33251953125,0.20751953125,-0.67138671875,0.08544921875,-0.25634765625,0.03662109375,-1.4892578125,0.08544921875,-0.1953125,0,-0.45166015625,-0.20751953125,-0.9033203125,-0.1220703125,-0.68359375,-0.10986328125,-0.68359375,-0.09765625,-0.6103515625,-0.1953125,-0.06103515625,-0.15869140625,-0.84228515625,0.20751953125,-1.5625,-0.146484375,-1.11083984375,-0.146484375,0.1220703125,0.35400390625,0.28076171875,0.2197265625,-0.048828125,-0.06103515625,-0.06103515625,0,0.15869140625,-0.10986328125,0.40283203125,-0.03662109375,1.0498046875,-0.03662109375,1.9287109375,-0.18310546875,0.03662109375
0,0.20751953125,0.3662109375,-0.244140625,-0.10986328125,0.42724609375,-0.146484375,-0.048828125,0.13427734375,0.10986328125,-0.09765625,-0.08544921875,-0.93994140625,-0.06103515625,1.01318359375,-0.29296875,-0.15869140625,0.1220703125,-0.5859375,0.0732421875,-0.20751953125,0.15869140625,0.81787109375,0,-0.6103515625,-0.13427734375,0.06103515625,-0.08544921875,-0.6103515625,0.18310546875,1.18408203125,0.03662109375,0.03662109375,0.18310546875,4.296875,-0.1220703125,2.96630859375,-0.08544921875,6.11572265625,-0.048828125,3.79638671875,-0.048828125,-0.2685546875,0.1708984375,-0.68359375,0.0244140625,-0.439453125,0.20751953125,0.537109375,-0.2197265625,1.1474609375,0.03662109375,0.47607421875,-0.35400390625,-0.10986328125,0.08544921875,0.84228515625,-0.1708984375,0.72021484375,0.146484375,0.50048828125,0.79345703125,0.54931640625,-0.244140625,0.18310546875,0.28076171875,1.2451171875,-0.15869140625,1.513671875,0.048828125,0.78125,-0.3173828125,0.7568359375,-0.13427734375,7.6416015625,-0.0244140625,4.3212890625,0.01220703125,3.3935546875,0.03662109375,5.23681640625,0,-0.7080078125,0.32958984375,2.44140625,0.29296875,-0.830078125,0.0244140625,-0.439453125,0.0732421875,-1.5380859375,0.10986328125,-0.244140625,0.13427734375,-0.45166015625,-0.1708984375,-1.18408203125,-0.10986328125,-0.6591796875,-0.03662109375,-0.69580078125,-0.146484375,-0.57373046875,-0.1708984375,-0.06103515625,-0.1708984375,-0.81787109375,0.23193359375,-1.5380859375,-0.1953125,-1.1474609375,-0.146484375,0.10986328125,0.35400390625,0.28076171875,0.244140625,-0.0244140625,-0.048828125,-0.0732421875,-0.01220703125,0.1708984375,-0.09765625,0.37841796875,-0.03662109375,1.01318359375,-0.06103515625,1.7333984375,-0.1708984375,0
0,0.1953125,0.1220703125,-0.29296875,-0.20751953125,0.390625,-0.23193359375,-0.03662109375,0.03662109375,0.10986328125,-0.08544921875,-0.10986328125,-0.93994140625,-0.048828125,1.0009765625,-0.25634765625,-0.146484375,0.10986328125,-0.59814453125,0.08544921875,-0.20751953125,0.10986328125,0.830078125,-0.0244140625,-0.57373046875,-0.23193359375,0.0732421875,-0.10986328125,-0.5859375,0.244140625,1.23291015625,0.03662109375,0,0.1708984375,4.00390625,-0.2197265625,2.67333984375,-0.09765625,5.70068359375,-0.08544921875,3.50341796875,-0.06103515625,-0.23193359375,0.146484375,-0.67138671875,0,-0.47607421875,0.29296875,0.537109375,-0.15869140625,1.18408203125,-0.0244140625,0.50048828125,-0.3173828125,-0.08544921875,0.0244140625,0.87890625,-0.0732421875,0.72021484375,0.1953125,0.50048828125,0.732421875,0.5615234375,-0.20751953125,0.1953125,0.18310546875,1.28173828125,-0.1953125,1.55029296875,0.0732421875,0.78125,-0.341796875,0.76904296875,-0.244140625,7.14111328125,0.03662109375,4.08935546875,0.09765625,3.21044921875,0.01220703125,5.0048828125,-0.03662109375,-0.9033203125,0.25634765625,1.55029296875,0.3662109375,-0.93994140625,-0.01220703125,-0.62255859375,0.15869140625,-1.5869140625,0.10986328125,-0.3173828125,0.244140625,-0.4638671875,-0.0244140625,-1.55029296875,-0.09765625,-0.67138671875,0.0244140625,-0.67138671875,-0.20751953125,-0.57373046875,-0.1708984375,-0.03662109375,-0.146484375,-0.76904296875,0.23193359375,-1.55029296875,-0.2197265625,-1.13525390625,-0.146484375,0.10986328125,0.35400390625,0.2685546875,0.23193359375,-0.01220703125,-0.06103515625,-0.09765625,0.01220703125,0.146484375,-0.10986328125,0.3662109375,-0.03662109375,0.93994140625,-0.06103515625,1.62353515625,-0.1953125,-0.01220703125
0,0.2197265625,-0.10986328125,-0.244140625,-0.29296875,0.42724609375,-0.32958984375,-0.0244140625,-0.048828125,0.09765625,-0.08544921875,-0.09765625,-0.89111328125,-0.048828125,1.025390625,-0.2197265625,-0.146484375,0.08544921875,-0.59814453125,0.08544921875,-0.20751953125,0.1220703125,0.830078125,-0.06103515625,-0.57373046875,-0.2685546875,0.0732421875,-0.15869140625,-0.57373046875,0.244140625,1.2451171875,-0.01220703125,0,0.1708984375,3.74755859375,-0.244140625,2.42919921875,-0.09765625,5.322265625,-0.048828125,3.271484375,-0.08544921875,-0.2197265625,0.1220703125,-0.69580078125,-0.0244140625,-0.48828125,0.3173828125,0.537109375,-0.10986328125,1.23291015625,-0.08544921875,0.537109375,-0.244140625,-0.06103515625,-0.08544921875,0.91552734375,0.01220703125,0.72021484375,0.146484375,0.52490234375,0.69580078125,0.57373046875,-0.1708984375,0.18310546875,0.20751953125,1.25732421875,-0.244140625,1.5380859375,0.13427734375,0.72021484375,-0.3662109375,0.732421875,-0.30517578125,6.72607421875,0.048828125,3.90625,0.1220703125,3.06396484375,-0.01220703125,4.7607421875,-0.0244140625,-1.08642578125,0.1220703125,0.74462890625,0.37841796875,-1.0498046875,-0.03662109375,-0.76904296875,0.1953125,-1.66015625,0.03662109375,-0.40283203125,0.32958984375,-0.48828125,0.13427734375,-1.953125,-0.09765625,-0.67138671875,0.08544921875,-0.6591796875,-0.23193359375,-0.59814453125,-0.10986328125,-0.06103515625,-0.10986328125,-0.76904296875,0.23193359375,-1.55029296875,-0.25634765625,-1.13525390625,-0.1220703125,0.1220703125,0.37841796875,0.29296875,0.2197265625,-0.0244140625,-0.06103515625,-0.10986328125,0,0.15869140625,-0.10986328125,0.3662109375,-0.01220703125,0.9033203125,-0.03662109375,1.62353515625,-0.1953125,0
0,0.29296875,-0.3662109375,-0.28076171875,-0.40283203125,0.4638671875,-0.439453125,-0.01220703125,-0.13427734375,0.08544921875,-0.10986328125,-0.0732421875,-0.91552734375,-0.0732421875,1.01318359375,-0.244140625,-0.146484375,0.06103515625,-0.6103515625,0.10986328125,-0.20751953125,0.09765625,0.84228515625,-0.1220703125,-0.5615234375,-0.3662109375,0.0732421875,-0.146484375,-0.59814453125,0.1953125,1.2451171875,-0.13427734375,0.048828125,0.146484375,3.60107421875,-0.341796875,2.2216796875,-0.15869140625,5.0048828125,-0.0732421875,3.076171875,-0.146484375,-0.23193359375,0.0244140625,-0.68359375,-0.048828125,-0.48828125,0.25634765625,0.5615234375,-0.0244140625,1.25732421875,-0.0244140625,0.59814453125,-0.15869140625,-0.06103515625,-0.20751953125,0.93994140625,0.06103515625,0.732421875,0.10986328125,0.50048828125,0.67138671875,0.5859375,-0.1708984375,0.18310546875,0.146484375,1.18408203125,-0.30517578125,1.4892578125,0.13427734375,0.64697265625,-0.341796875,0.67138671875,-0.3662109375,6.3720703125,0.03662109375,3.67431640625,0.1220703125,2.86865234375,-0.08544921875,4.5654296875,-0.03662109375,-1.26953125,0,0.048828125,0.341796875,-1.1474609375,-0.03662109375,-0.89111328125,0.1953125,-1.708984375,-0.03662109375,-0.45166015625,0.42724609375,-0.48828125,0.1708984375,-2.24609375,-0.09765625,-0.67138671875,0.10986328125,-0.6591796875,-0.23193359375,-0.59814453125,-0.0732421875,-0.08544921875,-0.06103515625,-0.79345703125,0.18310546875,-1.55029296875,-0.29296875,-1.1474609375,-0.0732421875,0.09765625,0.37841796875,0.30517578125,0.20751953125,-0.0244140625,-0.0732421875,-0.09765625,0.01220703125,0.15869140625,-0.1220703125,0.35400390625,-0.01220703125,0.9033203125,-0.06103515625,1.708984375,-0.18310546875,0
0,0.28076171875,-0.6103515625,-0.2685546875,-0.48828125,0.52490234375,-0.54931640625,0,-0.1953125,0.09765625,-0.10986328125,-0.10986328125,-0.91552734375,-0.09765625,1.0009765625,-0.244140625,-0.1220703125,0.0244140625,-0.59814453125,0.13427734375,-0.20751953125,0.09765625,0.84228515625,-0.1708984375,-0.5615234375,-0.40283203125,0.03662109375,-0.1708984375,-0.62255859375,0.146484375,1.171875,-0.06103515625,0.146484375,0.0732421875,3.4912109375,-0.390625,2.0751953125,-0.2197265625,4.8095703125,-0.0732421875,2.978515625,-0.13427734375,-0.244140625,-0.09765625,-0.68359375,-0.01220703125,-0.50048828125,0.29296875,0.537109375,0.0732421875,1.30615234375,-0.0732421875,0.64697265625,-0.18310546875,-0.08544921875,-0.23193359375,0.9521484375,0.08544921875,0.74462890625,0.0732421875,0.50048828125,0.68359375,0.5859375,-0.20751953125,0.146484375,0.13427734375,1.06201171875,-0.28076171875,1.37939453125,0.2197265625,0.52490234375,-0.25634765625,0.5615234375,-0.42724609375,6.09130859375,-0.01220703125,3.43017578125,0,2.74658203125,-0.18310546875,4.40673828125,-0.0244140625,-1.37939453125,-0.15869140625,-0.5126953125,0.28076171875,-1.23291015625,0.03662109375,-1.0009765625,0.1953125,-1.7333984375,-0.10986328125,-0.48828125,0.54931640625,-0.47607421875,0.25634765625,-2.45361328125,-0.146484375,-0.67138671875,0.146484375,-0.6591796875,-0.25634765625,-0.57373046875,-0.0732421875,-0.08544921875,-0.03662109375,-0.81787109375,0.146484375,-1.55029296875,-0.30517578125,-1.15966796875,-0.01220703125,0.09765625,0.37841796875,0.30517578125,0.18310546875,-0.03662109375,-0.06103515625,-0.08544921875,0.0244140625,0.146484375,-0.1220703125,0.37841796875,0.01220703125,0.86669921875,-0.048828125,1.8310546875,-0.18310546875,-0.01220703125
0,0.3173828125,-0.81787109375,-0.23193359375,-0.54931640625,0.5615234375,-0.62255859375,-0.01220703125,-0.23193359375,0.06103515625,-0.1220703125,-0.1220703125,-0.9033203125,-0.08544921875,1.0009765625,-0.23193359375,-0.10986328125,0.01220703125,-0.57373046875,0.1220703125,-0.2197265625,0.09765625,0.8544921875,-0.146484375,-0.5615234375,-0.390625,0.01220703125,-0.10986328125,-0.64697265625,0.08544921875,1.08642578125,-0.06103515625,0.3173828125,-0.03662109375,3.45458984375,-0.390625,1.9775390625,-0.30517578125,4.67529296875,-0.13427734375,2.9052734375,-0.10986328125,-0.25634765625,-0.1953125,-0.68359375,0.0244140625,-0.47607421875,0.29296875,0.54931640625,0.146484375,1.30615234375,-0.09765625,0.634765625,-0.15869140625,-0.09765625,-0.244140625,0.93994140625,0.03662109375,0.732421875,0.0244140625,0.52490234375,0.64697265625,0.5859375,-0.28076171875,0.13427734375,0.1708984375,0.927734375,-0.1953125,1.25732421875,0.1953125,0.4150390625,-0.20751953125,0.4638671875,-0.29296875,5.76171875,0.048828125,3.28369140625,-0.06103515625,2.60009765625,-0.13427734375,4.21142578125,-0.0244140625,-1.45263671875,-0.28076171875,-0.91552734375,0.2197265625,-1.2451171875,0.10986328125,-1.08642578125,0.10986328125,-1.72119140625,-0.146484375,-0.5126953125,0.6591796875,-0.5126953125,0.23193359375,-2.45361328125,-0.1708984375,-0.68359375,0.15869140625,-0.67138671875,-0.23193359375,-0.5859375,-0.03662109375,-0.08544921875,0,-0.84228515625,0.09765625,-1.55029296875,-0.29296875,-1.1474609375,0.03662109375,0.10986328125,0.35400390625,0.3173828125,0.13427734375,-0.048828125,-0.0732421875,-0.08544921875,0.03662109375,0.13427734375,-0.10986328125,0.341796875,0.01220703125,0.8544921875,-0.048828125,1.89208984375,-0.15869140625,-0.0244140625
0,0.341796875,-0.9521484375,-0.2197265625,-0.57373046875,0.59814453125,-0.68359375,-0.0244140625,-0.2685546875,0.08544921875,-0.13427734375,-0.15869140625,-0.91552734375,-0.08544921875,0.98876953125,-0.20751953125,-0.10986328125,0,-0.57373046875,0.1220703125,-0.20751953125,0.0732421875,0.87890625,-0.1953125,-0.57373046875,-0.439453125,-0.03662109375,-0.0244140625,-0.69580078125,0.01220703125,1.03759765625,-0.06103515625,0.50048828125,-0.10986328125,3.41796875,-0.3662109375,1.94091796875,-0.3173828125,4.57763671875,-0.2197265625,2.8564453125,-0.1220703125,-0.2685546875,-0.32958984375,-0.67138671875,0.06103515625,-0.48828125,0.341796875,0.54931640625,0.23193359375,1.2939453125,-0.08544921875,0.64697265625,-0.1220703125,-0.15869140625,-0.2685546875,0.9033203125,0.03662109375,0.74462890625,0.03662109375,0.537109375,0.59814453125,0.5615234375,-0.3662109375,0.10986328125,0.146484375,0.8056640625,-0.09765625,1.1474609375,0.18310546875,0.37841796875,-0.09765625,0.390625,-0.23193359375,5.40771484375,0.08544921875,3.08837890625,-0.146484375,2.42919921875,-0.1708984375,4.0283203125,-0.01220703125,-1.50146484375,-0.390625,-1.171875,0.1708984375,-1.26953125,0.13427734375,-1.123046875,0.048828125,-1.6845703125,-0.1953125,-0.48828125,0.69580078125,-0.50048828125,0.15869140625,-2.2705078125,-0.15869140625,-0.69580078125,0.18310546875,-0.68359375,-0.23193359375,-0.5859375,-0.01220703125,-0.10986328125,0,-0.84228515625,0.08544921875,-1.55029296875,-0.23193359375,-1.1474609375,0.048828125,0.08544921875,0.3662109375,0.32958984375,0.13427734375,-0.048828125,-0.0732421875,-0.048828125,0.01220703125,0.15869140625,-0.13427734375,0.28076171875,0.01220703125,0.8544921875,-0.06103515625,1.86767578125,-0.15869140625,-0.08544921875
0,0.35400390625,-0.9765625,-0.20751953125,-0.5615234375,0.64697265625,-0.67138671875,-0.0244140625,-0.25634765625,0.0732421875,-0.146484375,-0.15869140625,-0.9033203125,-0.09765625,0.9765625,-0.18310546875,-0.10986328125,0,-0.5859375,0.08544921875,-0.1953125,0.03662109375,0.86669921875,-0.1953125,-0.5615234375,-0.439453125,-0.0244140625,0.03662109375,-0.7080078125,-0.03662109375,0.98876953125,-0.048828125,0.74462890625,-0.15869140625,3.35693359375,-0.35400390625,1.86767578125,-0.3662109375,4.4921875,-0.341796875,2.7587890625,-0.09765625,-0.29296875,-0.341796875,-0.6591796875,0.10986328125,-0.4638671875,0.37841796875,0.54931640625,0.28076171875,1.28173828125,-0.03662109375,0.6591796875,-0.09765625,-0.18310546875,-0.20751953125,0.86669921875,0,0.74462890625,0.048828125,0.54931640625,0.5859375,0.537109375,-0.50048828125,0.09765625,0.15869140625,0.72021484375,0,1.0498046875,0.13427734375,0.40283203125,-0.03662109375,0.341796875,-0.1708984375,4.931640625,0.06103515625,2.89306640625,-0.25634765625,2.23388671875,-0.1708984375,3.82080078125,-0.03662109375,-1.513671875,-0.4638671875,-1.25732421875,0.048828125,-1.26953125,0.048828125,-1.123046875,0,-1.6357421875,-0.18310546875,-0.439453125,0.7080078125,-0.50048828125,0.08544921875,-1.9287109375,-0.1220703125,-0.7080078125,0.1953125,-0.7080078125,-0.28076171875,-0.5859375,0.03662109375,-0.10986328125,-0.01220703125,-0.84228515625,0.06103515625,-1.5625,-0.1953125,-1.1474609375,0.06103515625,0.10986328125,0.37841796875,0.30517578125,0.10986328125,-0.0244140625,-0.06103515625,-0.06103515625,0,0.15869140625,-0.15869140625,0.244140625,0.01220703125,0.81787109375,0.03662109375,1.7333984375,-0.146484375,-0.1953125
0,0.37841796875,-0.927734375,-0.2197265625,-0.48828125,0.68359375,-0.634765625,-0.0244140625,-0.2197265625,0.0732421875,-0.146484375,-0.1708984375,-0.927734375,-0.09765625,0.98876953125,-0.18310546875,-0.13427734375,0,-0.57373046875,0.06103515625,-0.2197265625,0.01220703125,0.87890625,-0.25634765625,-0.5859375,-0.439453125,0.0244140625,0.09765625,-0.68359375,-0.06103515625,1.0009765625,-0.0732421875,1.07421875,-0.08544921875,3.22265625,-0.2685546875,1.77001953125,-0.25634765625,4.345703125,-0.37841796875,2.63671875,-0.1220703125,-0.30517578125,-0.29296875,-0.6591796875,0.1220703125,-0.45166015625,0.35400390625,0.54931640625,0.244140625,1.2451171875,-0.0244140625,0.69580078125,-0.01220703125,-0.20751953125,-0.13427734375,0.8056640625,-0.0244140625,0.7568359375,0.0244140625,0.5615234375,0.54931640625,0.5126953125,-0.5859375,0.09765625,0.09765625,0.72021484375,0.09765625,1.03759765625,0.15869140625,0.57373046875,0.048828125,0.37841796875,0,4.345703125,0.048828125,2.72216796875,-0.341796875,1.9775390625,-0.09765625,3.564453125,-0.03662109375,-1.47705078125,-0.42724609375,-1.23291015625,-0.048828125,-1.2451171875,0.01220703125,-1.123046875,-0.1220703125,-1.57470703125,-0.18310546875,-0.37841796875,0.6591796875,-0.47607421875,-0.03662109375,-1.5380859375,-0.0732421875,-0.732421875,0.1708984375,-0.732421875,-0.30517578125,-0.5859375,0.08544921875,-0.09765625,-0.0244140625,-0.84228515625,0.06103515625,-1.55029296875,-0.15869140625,-1.123046875,0.048828125,0.10986328125,0.3662109375,0.3173828125,0.1220703125,-0.03662109375,-0.06103515625,-0.048828125,-0.01220703125,0.15869140625,-0.18310546875,0.1220703125,0.03662109375,0.78125,0.06103515625,1.42822265625,-0.1708984375,-0.30517578125
0,0.4150390625,-0.79345703125,-0.244140625,-0.42724609375,0.7080078125,-0.5615234375,0,-0.18310546875,0.06103515625,-0.1220703125,-0.15869140625,-0.93994140625,-0.09765625,0.98876953125,-0.15869140625,-0.15869140625,0.01220703125,-0.5859375,0.01220703125,-0.23193359375,-0.08544921875,0.86669921875,-0.29296875,-0.5859375,-0.341796875,0.1220703125,0.15869140625,-0.59814453125,-0.06103515625,1.08642578125,-0.2685546875,1.47705078125,-0.06103515625,2.99072265625,-0.29296875,1.62353515625,-0.1953125,4.0283203125,-0.40283203125,2.44140625,-0.1220703125,-0.28076171875,-0.244140625,-0.6591796875,0.13427734375,-0.40283203125,0.37841796875,0.57373046875,0.29296875,1.20849609375,-0.01220703125,0.81787109375,0.0732421875,-0.1953125,-0.03662109375,0.79345703125,-0.03662109375,0.7568359375,0.01220703125,0.537109375,0.52490234375,0.52490234375,-0.62255859375,0.1220703125,0.048828125,0.830078125,0.18310546875,1.123046875,0.1220703125,0.87890625,0.10986328125,0.48828125,0.03662109375,3.6376953125,-0.03662109375,2.50244140625,-0.42724609375,1.69677734375,-0.0732421875,3.2470703125,-0.0732421875,-1.4404296875,-0.35400390625,-1.13525390625,-0.10986328125,-1.20849609375,-0.03662109375,-1.06201171875,-0.20751953125,-1.50146484375,-0.1708984375,-0.3173828125,0.5615234375,-0.4638671875,-0.1220703125,-1.18408203125,-0.0244140625,-0.7080078125,0.1220703125,-0.7080078125,-0.32958984375,-0.57373046875,0.08544921875,-0.0732421875,-0.048828125,-0.8544921875,0.08544921875,-1.55029296875,-0.146484375,-1.11083984375,0.0244140625,0.1220703125,0.3662109375,0.30517578125,0.1220703125,-0.0244140625,-0.06103515625,-0.03662109375,-0.03662109375,0.146484375,-0.1708984375,-0.01220703125,0.03662109375,0.69580078125,0.10986328125,0.96435546875,-0.146484375,-0.47607421875
0,0.47607421875,-0.59814453125,-0.244140625,-0.32958984375,0.7080078125,-0.47607421875,0.01220703125,-0.13427734375,0.06103515625,-0.09765625,-0.1708984375,-0.927734375,-0.09765625,1.0009765625,-0.146484375,-0.1953125,0.01220703125,-0.5859375,-0.03662109375,-0.23193359375,-0.1220703125,0.87890625,-0.3173828125,-0.5859375,-0.28076171875,0.29296875,0.146484375,-0.47607421875,-0.048828125,1.2451171875,-0.28076171875,2.03857421875,0.01220703125,2.64892578125,-0.2685546875,1.40380859375,-0.09765625,3.60107421875,-0.4150390625,2.13623046875,-0.10986328125,-0.2685546875,-0.18310546875,-0.67138671875,0.1220703125,-0.4150390625,0.3662109375,0.5615234375,0.28076171875,1.20849609375,-0.03662109375,1.0009765625,0.1220703125,-0.15869140625,0.03662109375,0.8056640625,-0.0732421875,0.72021484375,-0.03662109375,0.52490234375,0.5126953125,0.5126953125,-0.634765625,0.13427734375,0.0244140625,1.07421875,0.2197265625,1.33056640625,0.09765625,1.28173828125,0.10986328125,0.67138671875,0.15869140625,2.8564453125,-0.08544921875,2.3193359375,-0.4638671875,1.40380859375,0,2.9296875,-0.0732421875,-1.3916015625,-0.23193359375,-0.98876953125,-0.146484375,-1.15966796875,-0.048828125,-1.01318359375,-0.2197265625,-1.46484375,-0.09765625,-0.25634765625,0.439453125,-0.439453125,-0.10986328125,-0.93994140625,-0.01220703125,-0.7080078125,0.01220703125,-0.69580078125,-0.35400390625,-0.57373046875,0.06103515625,-0.0732421875,-0.06103515625,-0.84228515625,0.08544921875,-1.55029296875,-0.10986328125,-1.11083984375,0,0.1220703125,0.37841796875,0.2685546875,0.10986328125,-0.01220703125,-0.0732421875,-0.03662109375,-0.06103515625,0.146484375,-0.15869140625,-0.15869140625,0.03662109375,0.6103515625,0.09765625,0.4150390625,-0.15869140625,-0.634765625
0,0.4150390625,-0.390625,-0.25634765625,-0.23193359375,0.68359375,-0.37841796875,0.0244140625,-0.06103515625,0.01220703125,-0.08544921875,-0.1708984375,-0.927734375,-0.1220703125,1.01318359375,-0.13427734375,-0.1953125,0.03662109375,-0.59814453125,-0.0732421875,-0.23193359375,-0.2197265625,0.89111328125,-0.3173828125,-0.5859375,-0.2197265625,0.50048828125,0.15869140625,-0.2685546875,-0.03662109375,1.52587890625,-0.1708984375,2.685546875,0.10986328125,2.18505859375,-0.2685546875,1.123046875,-0.01220703125,2.99072265625,-0.390625,1.7578125,-0.1220703125,-0.244140625,-0.0732421875,-0.68359375,0.1220703125,-0.40283203125,0.3662109375,0.57373046875,0.25634765625,1.2451171875,-0.146484375,1.30615234375,0.15869140625,-0.048828125,0.048828125,0.86669921875,-0.09765625,0.72021484375,-0.01220703125,0.5126953125,0.5615234375,0.52490234375,-0.64697265625,0.146484375,-0.01220703125,1.4404296875,0.25634765625,1.62353515625,0.1708984375,1.81884765625,0.15869140625,0.96435546875,0.1708984375,2.099609375,-0.08544921875,2.13623046875,-0.4150390625,1.1474609375,-0.01220703125,2.6123046875,-0.10986328125,-1.35498046875,-0.0732421875,-0.81787109375,-0.1953125,-1.1474609375,-0.0244140625,-0.9521484375,-0.244140625,-1.42822265625,-0.0732421875,-0.244140625,0.2685546875,-0.439453125,-0.146484375,-0.8544921875,0,-0.68359375,-0.09765625,-0.69580078125,-0.32958984375,-0.5859375,0,-0.06103515625,-0.0732421875,-0.830078125,0.10986328125,-1.55029296875,-0.146484375,-1.11083984375,-0.0244140625,0.146484375,0.3662109375,0.244140625,0.10986328125,-0.01220703125,-0.06103515625,-0.06103515625,-0.048828125,0.15869140625,-0.15869140625,-0.32958984375,0,0.48828125,0.10986328125,-0.146484375,-0.15869140625,-0.81787109375
0,0.439453125,-0.23193359375,-0.244140625,-0.10986328125,0.7080078125,-0.28076171875,0.08544921875,0.01220703125,0,-0.06103515625,-0.1708984375,-0.927734375,-0.13427734375,1.03759765625,-0.1220703125,-0.1953125,0.06103515625,-0.62255859375,-0.08544921875,-0.2197265625,-0.23193359375,0.87890625,-0.25634765625,-0.5859375,-0.13427734375,0.732421875,0.15869140625,-0.0244140625,0,1.85546875,-0.2197265625,3.4423828125,0.15869140625,1.708984375,-0.30517578125,0.7568359375,0.03662109375,2.2705078125,-0.3662109375,1.2939453125,-0.08544921875,-0.23193359375,0,-0.68359375,0.10986328125,-0.4150390625,0.37841796875,0.5859375,0.244140625,1.37939453125,-0.1708984375,1.74560546875,0.1708984375,0.06103515625,0.09765625,0.96435546875,-0.10986328125,0.74462890625,0.03662109375,0.50048828125,0.5126953125,0.5126953125,-0.69580078125,0.15869140625,0.01220703125,1.91650390625,0.244140625,2.001953125,0.15869140625,2.4658203125,0.09765625,1.2939453125,0.20751953125,1.5380859375,-0.1220703125,1.96533203125,-0.3662109375,0.927734375,-0.0244140625,2.35595703125,-0.146484375,-1.30615234375,0.08544921875,-0.6591796875,-0.23193359375,-1.1474609375,0,-0.9033203125,-0.2197265625,-1.4404296875,-0.03662109375,-0.20751953125,0.1220703125,-0.4150390625,-0.09765625,-0.927734375,-0.06103515625,-0.69580078125,-0.1708984375,-0.68359375,-0.29296875,-0.59814453125,-0.0244140625,-0.048828125,-0.0732421875,-0.81787109375,0.1220703125,-1.513671875,-0.10986328125,-1.11083984375,-0.048828125,0.13427734375,0.341796875,0.2685546875,0.10986328125,-0.03662109375,-0.06103515625,-0.0244140625,-0.0732421875,0.13427734375,-0.1220703125,-0.48828125,0,0.390625,0.146484375,-0.6591796875,-0.146484375,-0.98876953125
1,0.40283203125,-0.13427734375,-0.28076171875,-0.0244140625,0.67138671875,-0.244140625,0.0244140625,0.048828125,-0.0244140625,-0.06103515625,-0.1708984375,-0.91552734375,-0.146484375,1.025390625,-0.09765625,-0.1708984375,0.048828125,-0.6103515625,-0.08544921875,-0.244140625,-0.15869140625,0.86669921875,-0.1953125,-0.59814453125,-0.1220703125,0.9765625,0.10986328125,0.244140625,-0.0244140625,2.23388671875,-0.18310546875,4.2724609375,0.20751953125,1.1962890625,-0.29296875,0.439453125,0.09765625,1.52587890625,-0.30517578125,0.8544921875,-0.048828125,-0.20751953125,0,-0.67138671875,0.1220703125,-0.4638671875,0.341796875,0.57373046875,0.20751953125,1.5869140625,-0.146484375,2.28271484375,0.18310546875,0.18310546875,0.1708984375,1.123046875,-0.10986328125,0.72021484375,0.0244140625,0.48828125,0.5126953125,0.5126953125,-0.72021484375,0.1708984375,0.06103515625,2.490234375,0.28076171875,2.44140625,0.29296875,3.16162109375,0.08544921875,1.6845703125,0.2197265625,1.1962890625,-0.06103515625,1.89208984375,-0.20751953125,0.81787109375,-0.048828125,2.23388671875,-0.1220703125,-1.2939453125,0.20751953125,-0.54931640625,-0.25634765625,-1.123046875,0.03662109375,-0.89111328125,-0.1220703125,-1.4404296875,0.01220703125,-0.2197265625,0.06103515625,-0.4150390625,-0.048828125,-1.123046875,-0.09765625,-0.68359375,-0.2197265625,-0.67138671875,-0.29296875,-0.59814453125,-0.08544921875,-0.03662109375,-0.06103515625,-0.8056640625,0.13427734375,-1.52587890625,-0.06103515625,-1.0986328125,-0.048828125,0.13427734375,0.32958984375,0.28076171875,0.09765625,-0.0244140625,-0.06103515625,0,-0.0732421875,0.13427734375,-0.10986328125,-0.6103515625,0.0244140625,0.3173828125,0.13427734375,-1.0009765625,-0.1220703125,-1.0986328125
1,0.37841796875,-0.10986328125,-0.25634765625,0.01220703125,0.64697265625,-0.23193359375,0.01220703125,0.08544921875,-0.0244140625,-0.048828125,-0.18310546875,-0.89111328125,-0.18310546875,1.03759765625,-0.09765625,-0.15869140625,0.0244140625,-0.6103515625,-0.08544921875,-0.244140625,-0.06103515625,0.89111328125,-0.13427734375,-0.5859375,-0.08544921875,1.1962890625,0.048828125,0.5126953125,-0.08544921875,2.587890625,-0.03662109375,5.11474609375,0.1708984375,0.76904296875,-0.3662109375,0.146484375,0.146484375,0.84228515625,-0.30517578125,0.47607421875,0.01220703125,-0.1708984375,0.06103515625,-0.67138671875,0.09765625,-0.47607421875,0.28076171875,0.57373046875,0.15869140625,1.84326171875,-0.244140625,2.9052734375,0.1953125,0.3662109375,0.25634765625,1.30615234375,-0.08544921875,0.72021484375,0.01220703125,0.50048828125,0.5126953125,0.50048828125,-0.7568359375,0.1708984375,0.08544921875,3.076171875,0.244140625,2.89306640625,0.32958984375,3.90625,0.06103515625,2.0751953125,0.10986328125,1.2451171875,-0.08544921875,1.904296875,-0.13427734375,0.86669921875,-0.08544921875,2.2705078125,-0.08544921875,-1.2939453125,0.32958984375,-0.47607421875,-0.30517578125,-1.123046875,0.06103515625,-0.87890625,-0.06103515625,-1.45263671875,0.0244140625,-0.25634765625,-0.048828125,-0.40283203125,-0.06103515625,-1.3916015625,-0.146484375,-0.68359375,-0.244140625,-0.6591796875,-0.25634765625,-0.6103515625,-0.09765625,-0.048828125,-0.01220703125,-0.81787109375,0.1708984375,-1.5380859375,-0.0732421875,-1.11083984375,-0.06103515625,0.1220703125,0.341796875,0.32958984375,0.09765625,-0.03662109375,-0.0732421875,-0.03662109375,-0.06103515625,0.13427734375,-0.13427734375,-0.64697265625,0.01220703125,0.30517578125,0.1220703125,-1.11083984375,-0.13427734375,-1.11083984375
1,0.37841796875,-0.1708984375,-0.20751953125,0.048828125,0.69580078125,-0.25634765625,0.048828125,0.09765625,-0.03662109375,-0.08544921875,-0.18310546875,-0.87890625,-0.18310546875,1.025390625,-0.10986328125,-0.13427734375,-0.01220703125,-0.5859375,-0.09765625,-0.2197265625,0.048828125,0.91552734375,-0.08544921875,-0.5615234375,-0.06103515625,1.37939453125,0.01220703125,0.74462890625,-0.20751953125,2.9052734375,0.03662109375,5.859375,0.15869140625,0.47607421875,-0.390625,-0.0732421875,0.2197265625,0.3173828125,-0.23193359375,0.20751953125,0.048828125,-0.18310546875,0.08544921875,-0.68359375,0.09765625,-0.52490234375,0.23193359375,0.537109375,0.146484375,2.1484375,-0.18310546875,3.61328125,0.1953125,0.54931640625,0.30517578125,1.5380859375,-0.048828125,0.7568359375,0,0.50048828125,0.4638671875,0.50048828125,-0.8056640625,0.1708984375,0.15869140625,3.662109375,0.2197265625,3.33251953125,0.32958984375,4.58984375,0.1220703125,2.47802734375,0.18310546875,1.74560546875,-0.08544921875,2.06298828125,-0.03662109375,1.07421875,-0.08544921875,2.44140625,-0.0244140625,-1.28173828125,0.40283203125,-0.47607421875,-0.3662109375,-1.123046875,0.0244140625,-0.87890625,0.0244140625,-1.47705078125,0.01220703125,-0.29296875,-0.10986328125,-0.35400390625,-0.0732421875,-1.66015625,-0.15869140625,-0.67138671875,-0.23193359375,-0.6591796875,-0.23193359375,-0.59814453125,-0.10986328125,-0.03662109375,0.03662109375,-0.8056640625,0.18310546875,-1.5625,-0.03662109375,-1.13525390625,-0.09765625,0.1220703125,0.37841796875,0.3173828125,0.10986328125,-0.06103515625,-0.0732421875,-0.0244140625,-0.08544921875,0.13427734375,-0.1220703125,-0.5615234375,0.03662109375,0.29296875,0.146484375,-0.9765625,-0.146484375,-1.03759765625
1,0.3173828125,-0.28076171875,-0.18310546875,-0.01220703125,0.68359375,-0.3173828125,0,0.08544921875,-0.01220703125,-0.09765625,-0.18310546875,-0.89111328125,-0.1953125,1.01318359375,-0.15869140625,-0.13427734375,-0.06103515625,-0.59814453125,-0.0732421875,-0.244140625,0.09765625,0.93994140625,-0.10986328125,-0.5859375,-0.1220703125,1.52587890625,0,0.91552734375,-0.30517578125,3.13720703125,0.08544921875,6.5185546875,0.146484375,0.40283203125,-0.42724609375,-0.13427734375,0.15869140625,0.09765625,-0.20751953125,0.1220703125,0.13427734375,-0.1953125,0.09765625,-0.68359375,0.08544921875,-0.537109375,0.3173828125,0.52490234375,0.09765625,2.45361328125,-0.15869140625,4.30908203125,0.15869140625,0.72021484375,0.3662109375,1.77001953125,0.03662109375,0.7568359375,-0.01220703125,0.50048828125,0.37841796875,0.48828125,-0.8056640625,0.13427734375,0.10986328125,4.16259765625,0.13427734375,3.7109375,0.25634765625,5.21240234375,0.0732421875,2.81982421875,0.13427734375,2.64892578125,-0.10986328125,2.40478515625,0,1.45263671875,-0.0732421875,2.880859375,0.03662109375,-1.318359375,0.42724609375,-0.50048828125,-0.37841796875,-1.1474609375,0,-0.927734375,0.09765625,-1.47705078125,-0.01220703125,-0.30517578125,-0.1220703125,-0.35400390625,-0.09765625,-1.84326171875,-0.15869140625,-0.68359375,-0.2197265625,-0.634765625,-0.20751953125,-0.5859375,-0.10986328125,-0.06103515625,0.09765625,-0.830078125,0.23193359375,-1.55029296875,-0.048828125,-1.13525390625,-0.10986328125,0.10986328125,0.390625,0.341796875,0.10986328125,-0.048828125,-0.06103515625,0,-0.0732421875,0.1220703125,-0.1220703125,-0.390625,0.03662109375,0.40283203125,0.10986328125,-0.5615234375,-0.10986328125,-0.87890625
1,0.28076171875,-0.40283203125,-0.1953125,-0.08544921875,0.69580078125,-0.37841796875,-0.03662109375,0.048828125,-0.0244140625,-0.1220703125,-0.1708984375,-0.89111328125,-0.1953125,1.0009765625,-0.1708984375,-0.1220703125,-0.048828125,-0.57373046875,-0.03662109375,-0.2197265625,0.1220703125,0.96435546875,-0.10986328125,-0.5859375,-0.15869140625,1.59912109375,-0.0244140625,1.03759765625,-0.3662109375,3.2958984375,0.13427734375,6.9580078125,0.18310546875,0.54931640625,-0.390625,-0.01220703125,0.23193359375,0.23193359375,-0.20751953125,0.2685546875,0.1708984375,-0.2197265625,0.09765625,-0.6591796875,0.09765625,-0.52490234375,0.30517578125,0.50048828125,0.10986328125,2.734375,-0.1953125,4.96826171875,0.08544921875,0.87890625,0.439453125,1.9775390625,0.08544921875,0.76904296875,0.01220703125,0.50048828125,0.37841796875,0.48828125,-0.7080078125,0.146484375,0.10986328125,4.60205078125,0.0732421875,3.99169921875,0.146484375,5.70068359375,0.0732421875,3.06396484375,-0.0244140625,3.94287109375,-0.146484375,2.86865234375,-0.03662109375,1.98974609375,-0.06103515625,3.47900390625,0.06103515625,-1.33056640625,0.37841796875,-0.59814453125,-0.390625,-1.1474609375,0.01220703125,-0.96435546875,0.13427734375,-1.50146484375,-0.09765625,-0.30517578125,-0.10986328125,-0.30517578125,-0.0732421875,-1.9287109375,-0.18310546875,-0.68359375,-0.1708984375,-0.64697265625,-0.1708984375,-0.5615234375,-0.08544921875,-0.048828125,0.1220703125,-0.84228515625,0.29296875,-1.57470703125,-0.06103515625,-1.1474609375,-0.10986328125,0.10986328125,0.32958984375,0.35400390625,0.10986328125,-0.048828125,-0.0732421875,-0.01220703125,-0.06103515625,0.146484375,-0.10986328125,-0.15869140625,0.01220703125,0.54931640625,0.10986328125,0.0732421875,-0.1220703125,-0.6591796875
1,0.32958984375,-0.52490234375,-0.146484375,-0.1708984375,0.7080078125,-0.4150390625,0.01220703125,-0.01220703125,0,-0.146484375,-0.1953125,-0.91552734375,-0.1953125,0.9765625,-0.1708984375,-0.1708984375,-0.048828125,-0.57373046875,0,-0.1953125,0.146484375,0.98876953125,-0.13427734375,-0.5859375,-0.244140625,1.57470703125,-0.0732421875,1.0986328125,-0.3662109375,3.3447265625,0.1220703125,7.2265625,0.1708984375,0.96435546875,-0.37841796875,0.30517578125,0.244140625,0.76904296875,-0.2197265625,0.6591796875,0.18310546875,-0.2197265625,0.10986328125,-0.64697265625,0.09765625,-0.54931640625,0.35400390625,0.48828125,0.08544921875,2.96630859375,-0.35400390625,5.52978515625,-0.01220703125,1.025390625,0.52490234375,2.16064453125,0.1220703125,0.7568359375,0.03662109375,0.537109375,0.4150390625,0.50048828125,-0.69580078125,0.146484375,0.13427734375,4.89501953125,0.048828125,4.21142578125,0.08544921875,6.06689453125,0.09765625,3.2470703125,-0.09765625,5.45654296875,-0.08544921875,3.45458984375,-0.01220703125,2.64892578125,0.01220703125,4.2236328125,0.06103515625,-1.3427734375,0.341796875,-0.68359375,-0.32958984375,-1.171875,0.048828125,-1.0009765625,0.146484375,-1.4892578125,-0.1220703125,-0.3173828125,-0.09765625,-0.30517578125,-0.048828125,-1.8310546875,-0.1708984375,-0.68359375,-0.1220703125,-0.64697265625,-0.09765625,-0.54931640625,-0.08544921875,-0.0732421875,0.18310546875,-0.84228515625,0.3173828125,-1.5625,-0.0244140625,-1.15966796875,-0.10986328125,0.09765625,0.29296875,0.35400390625,0.13427734375,-0.048828125,-0.08544921875,-0.0244140625,-0.0732421875,0.146484375,-0.08544921875,0.146484375,0.01220703125,0.7568359375,0.08544921875,0.89111328125,-0.13427734375,-0.37841796875
1,0.32958984375,-0.5859375,-0.1708984375,-0.2197265625,0.634765625,-0.40283203125,-0.01220703125,-0.01220703125,0,-0.13427734375,-0.20751953125,-0.91552734375,-0.2197265625,0.98876953125,-0.1708984375,-0.1708984375,-0.0732421875,-0.57373046875,0.03662109375,-0.18310546875,0.15869140625,1.01318359375,-0.13427734375,-0.6103515625,-0.35400390625,1.513671875,-0.09765625,1.07421875,-0.3173828125,3.3203125,0.29296875,7.21435546875,0.20751953125,1.64794921875,-0.28076171875,0.81787109375,0.2197265625,1.708984375,-0.244140625,1.2451171875,0.1708984375,-0.2197265625,0.08544921875,-0.64697265625,0.10986328125,-0.50048828125,0.37841796875,0.52490234375,0.09765625,3.1005859375,-0.40283203125,5.95703125,-0.06103515625,1.123046875,0.52490234375,2.294921875,0.1220703125,0.76904296875,0.08544921875,0.537109375,0.4150390625,0.5126953125,-0.54931640625,0.13427734375,0.146484375,5.029296875,0.01220703125,4.2724609375,0,6.25,0.15869140625,3.33251953125,-0.25634765625,7.080078125,-0.0732421875,4.0771484375,0,3.3447265625,0.06103515625,5.01708984375,0.01220703125,-1.3427734375,0.28076171875,-0.76904296875,-0.3173828125,-1.15966796875,0.0244140625,-1.025390625,0.10986328125,-1.47705078125,-0.18310546875,-0.29296875,-0.10986328125,-0.29296875,-0.01220703125,-1.6357421875,-0.15869140625,-0.68359375,-0.08544921875,-0.6591796875,-0.048828125,-0.54931640625,-0.0244140625,-0.06103515625,0.1708984375,-0.84228515625,0.32958984375,-1.57470703125,0,-1.1474609375,-0.06103515625,0.1220703125,0.28076171875,0.341796875,0.13427734375,-0.048828125,-0.0732421875,-0.03662109375,-0.09765625,0.146484375,-0.09765625,0.439453125,0.03662109375,0.9765625,0.03662109375,1.7822265625,-0.1220703125,-0.08544921875
1,0.341796875,-0.5859375,-0.13427734375,-0.1953125,0.6103515625,-0.32958984375,0.0244140625,0.03662109375,0,-0.08544921875,-0.23193359375,-0.93994140625,-0.244140625,0.9765625,-0.146484375,-0.18310546875,-0.09765625,-0.5859375,0.10986328125,-0.1708984375,0.13427734375,1.01318359375,-0.13427734375,-0.59814453125,-0.37841796875,1.416015625,-0.08544921875,1.01318359375,-0.244140625,3.18603515625,0.32958984375,7.0068359375,0.2197265625,2.47802734375,-0.23193359375,1.4892578125,0.048828125,2.91748046875,-0.2685546875,1.98974609375,0.10986328125,-0.23193359375,0.0732421875,-0.64697265625,0.1220703125,-0.48828125,0.42724609375,0.54931640625,0.08544921875,3.16162109375,-0.42724609375,6.26220703125,-0.13427734375,1.20849609375,0.48828125,2.3681640625,0.146484375,0.7568359375,0.146484375,0.5615234375,0.4150390625,0.537109375,-0.537109375,0.13427734375,0.20751953125,5.01708984375,-0.048828125,4.248046875,-0.15869140625,6.26220703125,0.1953125,3.30810546875,-0.25634765625,8.6669921875,-0.09765625,4.7119140625,0.01220703125,4.00390625,0.18310546875,5.8349609375,0,-1.33056640625,0.1953125,-0.81787109375,-0.29296875,-1.15966796875,0.048828125,-1.025390625,0.048828125,-1.4404296875,-0.2685546875,-0.28076171875,-0.13427734375,-0.28076171875,0.0244140625,-1.40380859375,-0.146484375,-0.68359375,-0.06103515625,-0.7080078125,-0.06103515625,-0.57373046875,0.03662109375,-0.0732421875,0.09765625,-0.84228515625,0.25634765625,-1.5869140625,-0.03662109375,-1.13525390625,-0.01220703125,0.1220703125,0.2685546875,0.3173828125,0.1220703125,-0.03662109375,-0.0732421875,-0.06103515625,-0.13427734375,0.146484375,-0.09765625,0.72021484375,0.0244140625,1.1962890625,-0.03662109375,2.63671875,-0.1220703125,0.244140625
1,0.37841796875,-0.52490234375,-0.146484375,-0.1708984375,0.5859375,-0.2685546875,0.06103515625,0.08544921875,0,-0.09765625,-0.23193359375,-0.927734375,-0.25634765625,0.9765625,-0.13427734375,-0.18310546875,-0.10986328125,-0.5859375,0.15869140625,-0.18310546875,0.1220703125,1.0009765625,-0.13427734375,-0.59814453125,-0.42724609375,1.33056640625,-0.1220703125,0.87890625,-0.1220703125,3.02734375,0.146484375,6.65283203125,0.1953125,3.4423828125,-0.18310546875,2.23388671875,-0.0732421875,4.30908203125,-0.28076171875,2.8564453125,0.06103515625,-0.2197265625,0.0732421875,-0.64697265625,0.146484375,-0.439453125,0.52490234375,0.537109375,0.0244140625,3.16162109375,-0.390625,6.38427734375,-0.1220703125,1.1962890625,0.42724609375,2.40478515625,0.15869140625,0.76904296875,0.244140625,0.54931640625,0.42724609375,0.57373046875,-0.439453125,0.15869140625,0.18310546875,4.8583984375,-0.0732421875,4.08935546875,-0.244140625,6.09130859375,0.18310546875,3.21044921875,-0.2685546875,10.0341796875,-0.1220703125,5.26123046875,0.01220703125,4.62646484375,0.2685546875,6.5673828125,-0.03662109375,-1.33056640625,0.15869140625,-0.84228515625,-0.20751953125,-1.1474609375,0.06103515625,-1.01318359375,-0.0244140625,-1.4404296875,-0.2685546875,-0.25634765625,-0.18310546875,-0.3173828125,0.048828125,-1.18408203125,-0.0732421875,-0.69580078125,-0.0244140625,-0.732421875,-0.10986328125,-0.54931640625,0.10986328125,-0.048828125,0.06103515625,-0.84228515625,0.2685546875,-1.55029296875,-0.0732421875,-1.13525390625,0.0244140625,0.10986328125,0.2685546875,0.3173828125,0.13427734375,-0.03662109375,-0.0732421875,-0.06103515625,-0.1220703125,0.1708984375,-0.09765625,1.0009765625,0.0244140625,1.416015625,0.0244140625,3.38134765625,-0.1220703125,0.5126953125
1,0.341796875,-0.35400390625,-0.1708984375,-0.1220703125,0.5615234375,-0.146484375,0.048828125,0.18310546875,0,-0.08544921875,-0.23193359375,-0.927734375,-0.244140625,0.9765625,-0.146484375,-0.18310546875,-0.13427734375,-0.59814453125,0.20751953125,-0.1708984375,0.09765625,0.93994140625,-0.10986328125,-0.5859375,-0.439453125,1.220703125,-0.1708984375,0.7568359375,0,2.84423828125,-0.048828125,6.18896484375,0.18310546875,4.39453125,-0.08544921875,3.02734375,-0.09765625,5.7373046875,-0.341796875,3.759765625,-0.01220703125,-0.2197265625,0.048828125,-0.634765625,0.10986328125,-0.439453125,0.52490234375,0.537109375,0.01220703125,3.125,-0.4150390625,6.3720703125,-0.08544921875,1.18408203125,0.37841796875,2.35595703125,0.10986328125,0.7568359375,0.25634765625,0.537109375,0.3662109375,0.59814453125,-0.37841796875,0.15869140625,0.20751953125,4.58984375,-0.10986328125,3.90625,-0.244140625,5.7861328125,0.15869140625,3.02734375,-0.25634765625,11.04736328125,-0.15869140625,5.67626953125,0,5.078125,0.37841796875,7.1044921875,-0.08544921875,-1.30615234375,0.03662109375,-0.830078125,-0.13427734375,-1.13525390625,0.048828125,-0.98876953125,-0.08544921875,-1.40380859375,-0.25634765625,-0.244140625,-0.28076171875,-0.32958984375,0.03662109375,-1.0498046875,0,-0.6591796875,0,-0.7568359375,-0.18310546875,-0.54931640625,0.15869140625,-0.048828125,0.048828125,-0.81787109375,0.23193359375,-1.55029296875,-0.08544921875,-1.123046875,0.048828125,0.13427734375,0.244140625,0.29296875,0.10986328125,-0.03662109375,-0.0732421875,-0.06103515625,-0.1220703125,0.1708984375,-0.0732421875,1.171875,0.03662109375,1.57470703125,0,3.99169921875,-0.10986328125,0.74462890625
1,0.35400390625,-0.1708984375,-0.1708984375,-0.06103515625,0.54931640625,-0.0244140625,0.08544921875,0.28076171875,0,-0.08544921875,-0.1953125,-0.93994140625,-0.2197265625,1.0009765625,-0.10986328125,-0.18310546875,-0.1220703125,-0.57373046875,0.244140625,-0.1953125,0.09765625,0.9033203125,-0.1220703125,-0.5859375,-0.40283203125,1.13525390625,-0.1708984375,0.62255859375,0.10986328125,2.69775390625,-0.1708984375,5.6884765625,0.15869140625,5.26123046875,-0.01220703125,3.7841796875,-0.15869140625,7.080078125,-0.37841796875,4.55322265625,-0.03662109375,-0.1953125,0.0244140625,-0.64697265625,0.08544921875,-0.42724609375,0.52490234375,0.5615234375,0.01220703125,3.0517578125,-0.439453125,6.21337890625,-0.13427734375,1.123046875,0.3173828125,2.294921875,0.03662109375,0.74462890625,0.30517578125,0.54931640625,0.4638671875,0.62255859375,-0.35400390625,0.1708984375,0.1953125,4.2236328125,-0.13427734375,3.6376953125,-0.20751953125,5.40771484375,0.1220703125,2.8076171875,-0.1708984375,11.60888671875,-0.13427734375,5.89599609375,0.0244140625,5.3466796875,0.4150390625,7.43408203125,-0.09765625,-1.30615234375,-0.0244140625,-0.78125,-0.06103515625,-1.11083984375,0.06103515625,-0.93994140625,-0.13427734375,-1.40380859375,-0.28076171875,-0.25634765625,-0.35400390625,-0.35400390625,0.0732421875,-1.01318359375,0.048828125,-0.64697265625,0.0244140625,-0.7568359375,-0.2197265625,-0.5615234375,0.1953125,-0.048828125,0.01220703125,-0.830078125,0.1953125,-1.52587890625,-0.03662109375,-1.11083984375,0.03662109375,0.13427734375,0.2197265625,0.28076171875,0.09765625,-0.01220703125,-0.08544921875,-0.08544921875,-0.09765625,0.15869140625,-0.06103515625,1.28173828125,0.048828125,1.69677734375,-0.048828125,4.35791015625,-0.09765625,0.9033203125
1,0.35400390625,0.01220703125,-0.15869140625,0.03662109375,0.5615234375,0.09765625,0.09765625,0.40283203125,0,-0.06103515625,-0.1953125,-0.927734375,-0.23193359375,1.01318359375,-0.08544921875,-0.1953125,-0.09765625,-0.59814453125,0.28076171875,-0.20751953125,0.08544921875,0.87890625,-0.18310546875,-0.5859375,-0.37841796875,1.06201171875,-0.1708984375,0.50048828125,0.1708984375,2.5634765625,-0.2685546875,5.2001953125,0.1953125,5.95703125,0.09765625,4.40673828125,-0.10986328125,8.16650390625,-0.3662109375,5.21240234375,-0.048828125,-0.18310546875,-0.01220703125,-0.634765625,0.06103515625,-0.439453125,0.48828125,0.537109375,-0.03662109375,2.9296875,-0.42724609375,5.96923828125,-0.15869140625,1.06201171875,0.1953125,2.197265625,-0.0244140625,0.72021484375,0.28076171875,0.54931640625,0.47607421875,0.67138671875,-0.32958984375,0.146484375,0.146484375,3.84521484375,-0.18310546875,3.369140625,-0.09765625,4.9560546875,0.01220703125,2.5634765625,-0.146484375,11.767578125,-0.1220703125,5.908203125,0.09765625,5.40771484375,0.439453125,7.53173828125,-0.10986328125,-1.25732421875,-0.08544921875,-0.7080078125,0.0244140625,-1.0986328125,0.03662109375,-0.91552734375,-0.15869140625,-1.416015625,-0.244140625,-0.244140625,-0.390625,-0.35400390625,-0.01220703125,-1.08642578125,0.10986328125,-0.6591796875,0.048828125,-0.7568359375,-0.23193359375,-0.57373046875,0.20751953125,-0.03662109375,0.0244140625,-0.8056640625,0.146484375,-1.52587890625,0,-1.123046875,0.03662109375,0.146484375,0.23193359375,0.29296875,0.06103515625,-0.01220703125,-0.06103515625,-0.0732421875,-0.09765625,0.146484375,-0.06103515625,1.2939453125,0.06103515625,1.708984375,-0.0732421875,4.4677734375,-0.08544921875,0.96435546875
1,0.32958984375,0.1220703125,-0.1708984375,0.1220703125,0.537109375,0.15869140625,0.09765625,0.47607421875,0.01220703125,-0.048828125,-0.20751953125,-0.93994140625,-0.23193359375,1.025390625,-0.03662109375,-0.18310546875,-0.10986328125,-0.6103515625,0.29296875,-0.20751953125,0.06103515625,0.8544921875,-0.23193359375,-0.59814453125,-0.29296875,1.03759765625,-0.13427734375,0.439453125,0.18310546875,2.490234375,-0.35400390625,4.8583984375,0.20751953125,6.4453125,0.2197265625,4.8583984375,-0.1708984375,8.89892578125,-0.35400390625,5.6640625,-0.0244140625,-0.18310546875,-0.03662109375,-0.64697265625,0.01220703125,-0.4638671875,0.4638671875,0.54931640625,-0.06103515625,2.8564453125,-0.341796875,5.6640625,-0.15869140625,0.98876953125,0.09765625,2.08740234375,-0.08544921875,0.72021484375,0.341796875,0.537109375,0.4638671875,0.64697265625,-0.25634765625,0.15869140625,0.1708984375,3.466796875,-0.1708984375,3.11279296875,0.01220703125,4.52880859375,-0.03662109375,2.34375,-0.10986328125,11.4501953125,-0.09765625,5.74951171875,0.15869140625,5.26123046875,0.390625,7.38525390625,-0.06103515625,-1.2451171875,-0.13427734375,-0.62255859375,0.09765625,-1.07421875,0.06103515625,-0.86669921875,-0.1220703125,-1.42822265625,-0.20751953125,-0.28076171875,-0.3173828125,-0.35400390625,-0.1220703125,-1.26953125,0.08544921875,-0.64697265625,0.06103515625,-0.72021484375,-0.23193359375,-0.5859375,0.18310546875,-0.048828125,0.06103515625,-0.79345703125,0.048828125,-1.52587890625,0.08544921875,-1.11083984375,0.03662109375,0.146484375,0.20751953125,0.3173828125,0.03662109375,-0.01220703125,-0.06103515625,-0.0732421875,-0.0732421875,0.15869140625,-0.048828125,1.2451171875,0.048828125,1.6845703125,-0.10986328125,4.38232421875,-0.08544921875,0.93994140625
0,0.32958984375,0.18310546875,-0.08544921875,0.18310546875,0.5126953125,0.1708984375,0.09765625,0.5126953125,0.0244140625,-0.06103515625,-0.23193359375,-0.927734375,-0.20751953125,1.025390625,-0.0244140625,-0.15869140625,-0.09765625,-0.59814453125,0.29296875,-0.2197265625,0.048828125,0.830078125,-0.30517578125,-0.5859375,-0.244140625,1.0498046875,-0.1220703125,0.390625,0.146484375,2.45361328125,-0.1953125,4.62646484375,0.2197265625,6.640625,0.23193359375,5.06591796875,-0.20751953125,9.2041015625,-0.3173828125,5.859375,0.03662109375,-0.1708984375,-0.048828125,-0.64697265625,0,-0.48828125,0.47607421875,0.54931640625,-0.13427734375,2.7587890625,-0.3173828125,5.3466796875,-0.15869140625,0.91552734375,0.048828125,1.98974609375,-0.048828125,0.72021484375,0.35400390625,0.537109375,0.42724609375,0.6591796875,-0.25634765625,0.15869140625,0.1220703125,3.16162109375,-0.18310546875,2.91748046875,0.06103515625,4.150390625,-0.09765625,2.16064453125,-0.146484375,10.7421875,-0.0244140625,5.419921875,0.29296875,4.9072265625,0.3173828125,7.0068359375,0,-1.20849609375,-0.13427734375,-0.52490234375,0.20751953125,-1.07421875,0.0732421875,-0.8544921875,-0.06103515625,-1.42822265625,-0.146484375,-0.30517578125,-0.23193359375,-0.3662109375,-0.1953125,-1.4892578125,0.0732421875,-0.64697265625,0.048828125,-0.7080078125,-0.1953125,-0.5859375,0.13427734375,-0.03662109375,0.08544921875,-0.78125,-0.048828125,-1.513671875,0.09765625,-1.123046875,0.0244140625,0.146484375,0.1708984375,0.32958984375,0.0732421875,-0.0244140625,-0.0732421875,-0.08544921875,-0.0732421875,0.146484375,-0.0732421875,1.13525390625,0.08544921875,1.5869140625,-0.1220703125,4.06494140625,-0.0732421875,0.84228515625
0,0.30517578125,0.13427734375,-0.10986328125,0.23193359375,0.52490234375,0.1220703125,0.0732421875,0.48828125,0.048828125,-0.0732421875,-0.20751953125,-0.927734375,-0.15869140625,1.01318359375,-0.01220703125,-0.146484375,-0.09765625,-0.6103515625,0.32958984375,-0.23193359375,0.048828125,0.8056640625,-0.3173828125,-0.57373046875,-0.20751953125,1.06201171875,-0.0732421875,0.37841796875,0.08544921875,2.4658203125,-0.18310546875,4.5654296875,0.20751953125,6.55517578125,0.244140625,5.029296875,-0.2197265625,9.1064453125,-0.25634765625,5.79833984375,0.0732421875,-0.1708984375,-0.09765625,-0.64697265625,-0.01220703125,-0.52490234375,0.47607421875,0.5615234375,-0.15869140625,2.69775390625,-0.146484375,5.078125,-0.1220703125,0.86669921875,-0.06103515625,1.91650390625,0.01220703125,0.7568359375,0.30517578125,0.54931640625,0.40283203125,0.6591796875,-0.1953125,0.1708984375,0.09765625,2.94189453125,-0.1708984375,2.77099609375,0.09765625,3.86962890625,-0.1220703125,2.05078125,-0.2685546875,9.6923828125,-0.01220703125,4.931640625,0.32958984375,4.43115234375,0.25634765625,6.43310546875,0.048828125,-1.1962890625,-0.1708984375,-0.4150390625,0.25634765625,-1.06201171875,0.06103515625,-0.8544921875,-0.0244140625,-1.4404296875,-0.06103515625,-0.32958984375,-0.15869140625,-0.390625,-0.29296875,-1.708984375,0.0732421875,-0.67138671875,0.01220703125,-0.69580078125,-0.18310546875,-0.59814453125,0.0732421875,-0.0244140625,0.0732421875,-0.78125,-0.1220703125,-1.5380859375,0.1220703125,-1.13525390625,0,0.13427734375,0.18310546875,0.35400390625,0.06103515625,-0.03662109375,-0.08544921875,-0.10986328125,-0.0732421875,0.15869140625,-0.0732421875,0.96435546875,0.0732421875,1.45263671875,-0.09765625,3.5888671875,-0.048828125,0.6591796875
0,0.2685546875,0.03662109375,-0.10986328125,0.23193359375,0.537109375,0.0244140625,0.03662109375,0.4638671875,0.048828125,-0.0732421875,-0.2197265625,-0.927734375,-0.13427734375,1.0009765625,0,-0.1220703125,-0.08544921875,-0.5859375,0.3173828125,-0.23193359375,-0.03662109375,0.8056640625,-0.3173828125,-0.57373046875,-0.146484375,1.11083984375,-0.03662109375,0.37841796875,0,2.50244140625,-0.146484375,4.6142578125,0.18310546875,6.1767578125,0.1708984375,4.74853515625,-0.18310546875,8.63037109375,-0.1953125,5.46875,0.0732421875,-0.1953125,-0.13427734375,-0.67138671875,-0.0244140625,-0.54931640625,0.42724609375,0.5859375,-0.18310546875,2.63671875,-0.10986328125,4.8583984375,-0.0732421875,0.79345703125,-0.1220703125,1.8798828125,0.06103515625,0.74462890625,0.29296875,0.52490234375,0.35400390625,0.62255859375,-0.13427734375,0.146484375,0.0732421875,2.8076171875,-0.2197265625,2.69775390625,0.1220703125,3.7109375,-0.1220703125,1.9775390625,-0.29296875,8.447265625,0.03662109375,4.345703125,0.341796875,3.82080078125,0.2197265625,5.74951171875,0.10986328125,-1.18408203125,-0.10986328125,-0.35400390625,0.3173828125,-1.08642578125,0.048828125,-0.84228515625,0.048828125,-1.47705078125,0.03662109375,-0.341796875,-0.048828125,-0.390625,-0.29296875,-1.85546875,0.048828125,-0.6591796875,-0.048828125,-0.69580078125,-0.1220703125,-0.6103515625,0,-0.03662109375,0.03662109375,-0.78125,-0.18310546875,-1.52587890625,0.10986328125,-1.1474609375,-0.01220703125,0.1220703125,0.15869140625,0.35400390625,0.06103515625,-0.03662109375,-0.08544921875,-0.1220703125,-0.0732421875,0.1708984375,-0.09765625,0.78125,0.1220703125,1.25732421875,-0.08544921875,3.01513671875,-0.06103515625,0.4150390625
0,0.2197265625,-0.146484375,-0.10986328125,0.2197265625,0.54931640625,-0.0732421875,0.03662109375,0.37841796875,0.048828125,-0.10986328125,-0.2197265625,-0.91552734375,-0.13427734375,0.9765625,0.03662109375,-0.1220703125,-0.08544921875,-0.57373046875,0.30517578125,-0.23193359375,-0.09765625,0.81787109375,-0.28076171875,-0.5615234375,-0.15869140625,1.13525390625,0,0.40283203125,-0.01220703125,2.55126953125,-0.09765625,4.74853515625,0.18310546875,5.56640625,0.09765625,4.26025390625,-0.15869140625,7.82470703125,-0.146484375,4.931640625,0.048828125,-0.2197265625,-0.18310546875,-0.67138671875,0.01220703125,-0.537109375,0.390625,0.5859375,-0.10986328125,2.587890625,-0.10986328125,4.72412109375,-0.0244140625,0.74462890625,-0.1708984375,1.84326171875,0.13427734375,0.74462890625,0.25634765625,0.52490234375,0.28076171875,0.6103515625,-0.10986328125,0.146484375,0.01220703125,2.77099609375,-0.244140625,2.67333984375,0.1220703125,3.62548828125,-0.048828125,1.953125,-0.341796875,7.06787109375,0.0732421875,3.74755859375,0.29296875,3.1494140625,0.13427734375,4.9560546875,0.1220703125,-1.13525390625,-0.08544921875,-0.30517578125,0.341796875,-1.0986328125,-0.01220703125,-0.84228515625,0.09765625,-1.47705078125,0.08544921875,-0.341796875,0.0244140625,-0.35400390625,-0.25634765625,-1.8798828125,0.03662109375,-0.67138671875,-0.0732421875,-0.69580078125,-0.13427734375,-0.6103515625,-0.03662109375,-0.03662109375,0,-0.79345703125,-0.20751953125,-1.5380859375,0.10986328125,-1.13525390625,-0.06103515625,0.13427734375,0.09765625,0.35400390625,0.0732421875,-0.048828125,-0.048828125,-0.13427734375,-0.06103515625,0.1953125,-0.09765625,0.5615234375,0.09765625,1.03759765625,-0.0732421875,2.3681640625,-0.06103515625,0.146484375
0,0.244140625,-0.30517578125,-0.1220703125,0.18310546875,0.537109375,-0.1953125,0.03662109375,0.28076171875,0.06103515625,-0.13427734375,-0.20751953125,-0.93994140625,-0.1220703125,0.9521484375,0.0244140625,-0.13427734375,-0.13427734375,-0.5859375,0.3173828125,-0.244140625,-0.13427734375,0.830078125,-0.23193359375,-0.5615234375,-0.20751953125,1.1474609375,0.01220703125,0.42724609375,0,2.587890625,-0.1220703125,4.8828125,0.20751953125,4.82177734375,0.01220703125,3.61328125,-0.10986328125,6.82373046875,-0.146484375,4.2236328125,0.03662109375,-0.23193359375,-0.20751953125,-0.67138671875,0.08544921875,-0.50048828125,0.37841796875,0.6103515625,-0.10986328125,2.5390625,-0.1220703125,4.6142578125,0.03662109375,0.7568359375,-0.25634765625,1.85546875,0.1953125,0.74462890625,0.23193359375,0.537109375,0.1708984375,0.6103515625,-0.0244140625,0.146484375,0.01220703125,2.79541015625,-0.18310546875,2.69775390625,0.0732421875,3.60107421875,-0.01220703125,1.953125,-0.341796875,5.55419921875,0.1220703125,3.06396484375,0.2197265625,2.42919921875,0.08544921875,4.150390625,0.08544921875,-1.1474609375,-0.0244140625,-0.29296875,0.3662109375,-1.0986328125,-0.048828125,-0.8544921875,0.08544921875,-1.47705078125,0.1220703125,-0.341796875,0.08544921875,-0.3662109375,-0.20751953125,-1.84326171875,0.06103515625,-0.68359375,-0.0732421875,-0.68359375,-0.15869140625,-0.62255859375,-0.09765625,-0.03662109375,-0.01220703125,-0.81787109375,-0.244140625,-1.55029296875,0.10986328125,-1.11083984375,-0.0732421875,0.10986328125,0.08544921875,0.3173828125,0.08544921875,-0.0244140625,-0.08544921875,-0.10986328125,-0.048828125,0.15869140625,-0.09765625,0.341796875,0.0732421875,0.84228515625,-0.048828125,1.708984375,-0.06103515625,-0.13427734375
0,0.29296875,-0.4150390625,-0.1220703125,0.13427734375,0.48828125,-0.25634765625,0.03662109375,0.1953125,0.048828125,-0.10986328125,-0.1708984375,-0.93994140625,-0.1220703125,0.9765625,0.08544921875,-0.13427734375,-0.18310546875,-0.5859375,0.3173828125,-0.2197265625,-0.20751953125,0.8544921875,-0.1953125,-0.57373046875,-0.23193359375,1.13525390625,0,0.4638671875,0,2.60009765625,-0.1220703125,4.91943359375,0.2685546875,3.9794921875,-0.08544921875,2.8564453125,-0.08544921875,5.712890625,-0.13427734375,3.45458984375,0.01220703125,-0.2197265625,-0.2685546875,-0.67138671875,0.1708984375,-0.4638671875,0.35400390625,0.64697265625,-0.0244140625,2.5146484375,-0.146484375,4.52880859375,0.0244140625,0.74462890625,-0.29296875,1.84326171875,0.25634765625,0.7568359375,0.23193359375,0.54931640625,0.0732421875,0.6103515625,-0.01220703125,0.146484375,0.048828125,2.8076171875,-0.08544921875,2.685546875,0.13427734375,3.5888671875,0.08544921875,1.91650390625,-0.3173828125,4.08935546875,0.20751953125,2.42919921875,0.15869140625,1.74560546875,0.06103515625,3.35693359375,0.01220703125,-1.13525390625,0.01220703125,-0.30517578125,0.341796875,-1.0986328125,-0.0732421875,-0.8544921875,0.146484375,-1.47705078125,0.15869140625,-0.3173828125,0.146484375,-0.35400390625,-0.06103515625,-1.6845703125,0.0244140625,-0.68359375,-0.08544921875,-0.69580078125,-0.13427734375,-0.6103515625,-0.1220703125,-0.048828125,0.01220703125,-0.830078125,-0.25634765625,-1.5380859375,0.10986328125,-1.0986328125,-0.08544921875,0.1220703125,0.0732421875,0.3173828125,0.06103515625,-0.048828125,-0.0732421875,-0.09765625,-0.06103515625,0.1708984375,-0.10986328125,0.09765625,0.03662109375,0.64697265625,0,1.08642578125,-0.06103515625,-0.42724609375
0,0.2197265625,-0.50048828125,-0.0732421875,0.1220703125,0.45166015625,-0.29296875,0.048828125,0.13427734375,0.0732421875,-0.09765625,-0.2197265625,-0.91552734375,-0.13427734375,0.98876953125,0.0732421875,-0.13427734375,-0.20751953125,-0.62255859375,0.3173828125,-0.20751953125,-0.1708984375,0.89111328125,-0.18310546875,-0.57373046875,-0.2685546875,1.03759765625,-0.03662109375,0.439453125,0.01220703125,2.5390625,-0.1953125,4.8095703125,0.30517578125,3.125,-0.18310546875,2.0751953125,-0.06103515625,4.5654296875,-0.09765625,2.63671875,-0.01220703125,-0.23193359375,-0.30517578125,-0.6591796875,0.25634765625,-0.45166015625,0.3173828125,0.67138671875,0.03662109375,2.4658203125,-0.15869140625,4.4677734375,0.048828125,0.732421875,-0.2685546875,1.8310546875,0.2685546875,0.74462890625,0.2197265625,0.52490234375,0.048828125,0.6103515625,-0.0244140625,0.15869140625,0.048828125,2.74658203125,-0.048828125,2.6611328125,0.10986328125,3.515625,0.146484375,1.8798828125,-0.25634765625,2.69775390625,0.1708984375,1.84326171875,0.08544921875,1.08642578125,0.048828125,2.6123046875,-0.0732421875,-1.15966796875,0.0244140625,-0.32958984375,0.28076171875,-1.11083984375,-0.048828125,-0.86669921875,0.1220703125,-1.50146484375,0.1708984375,-0.30517578125,0.1953125,-0.390625,0.0732421875,-1.50146484375,0,-0.7080078125,-0.03662109375,-0.69580078125,-0.1220703125,-0.59814453125,-0.146484375,-0.0732421875,0.0244140625,-0.81787109375,-0.28076171875,-1.52587890625,0.06103515625,-1.11083984375,-0.0244140625,0.1220703125,0.048828125,0.29296875,0.048828125,-0.0244140625,-0.0732421875,-0.08544921875,-0.048828125,0.18310546875,-0.10986328125,-0.09765625,0,0.48828125,0.03662109375,0.5126953125,-0.048828125,-0.6591796875
0,0.18310546875,-0.537109375,-0.08544921875,0.09765625,0.4150390625,-0.32958984375,0.0732421875,0.09765625,0.0732421875,-0.10986328125,-0.1953125,-0.9521484375,-0.13427734375,0.98876953125,0.08544921875,-0.15869140625,-0.244140625,-0.634765625,0.2685546875,-0.20751953125,-0.15869140625,0.9033203125,-0.2197265625,-0.5859375,-0.28076171875,0.91552734375,-0.06103515625,0.35400390625,0.0244140625,2.44140625,-0.23193359375,4.50439453125,0.30517578125,2.3193359375,-0.244140625,1.2939453125,-0.048828125,3.4912109375,-0.1220703125,1.85546875,-0.09765625,-0.23193359375,-0.32958984375,-0.67138671875,0.28076171875,-0.439453125,0.29296875,0.7080078125,0.13427734375,2.38037109375,-0.18310546875,4.345703125,0.08544921875,0.69580078125,-0.29296875,1.79443359375,0.2685546875,0.74462890625,0.2197265625,0.52490234375,-0.03662109375,0.6103515625,-0.08544921875,0.15869140625,0.0732421875,2.62451171875,0,2.587890625,0.15869140625,3.33251953125,0.2197265625,1.77001953125,-0.18310546875,1.416015625,0.10986328125,1.3427734375,0,0.50048828125,0.09765625,1.96533203125,-0.1220703125,-1.1474609375,0.01220703125,-0.390625,0.244140625,-1.11083984375,0,-0.830078125,0.0732421875,-1.4892578125,0.1708984375,-0.25634765625,0.20751953125,-0.390625,0.2197265625,-1.30615234375,-0.06103515625,-0.67138671875,-0.01220703125,-0.7080078125,-0.09765625,-0.59814453125,-0.146484375,-0.06103515625,0.06103515625,-0.8056640625,-0.341796875,-1.52587890625,-0.01220703125,-1.0986328125,0.048828125,0.13427734375,0.01220703125,0.29296875,0.048828125,-0.048828125,-0.0732421875,-0.08544921875,-0.0732421875,0.18310546875,-0.08544921875,-0.2685546875,0.01220703125,0.35400390625,0.048828125,0.01220703125,-0.01220703125,-0.86669921875
0,0.10986328125,-0.47607421875,-0.08544921875,0.0732421875,0.37841796875,-0.25634765625,0.03662109375,0.08544921875,0.0732421875,-0.08544921875,-0.20751953125,-0.9521484375,-0.1220703125,0.98876953125,0.09765625,-0.20751953125,-0.2685546875,-0.62255859375,0.2197265625,-0.2197265625,-0.146484375,0.9033203125,-0.30517578125,-0.5859375,-0.28076171875,0.7568359375,-0.09765625,0.23193359375,0.03662109375,2.24609375,-0.2685546875,3.96728515625,0.2685546875,1.62353515625,-0.28076171875,0.634765625,-0.0732421875,2.5390625,-0.10986328125,1.1962890625,-0.146484375,-0.1953125,-0.42724609375,-0.67138671875,0.2685546875,-0.42724609375,0.29296875,0.732421875,0.1708984375,2.30712890625,-0.10986328125,4.13818359375,0.1220703125,0.634765625,-0.18310546875,1.7333984375,0.2685546875,0.732421875,0.23193359375,0.537109375,-0.09765625,0.634765625,-0.13427734375,0.15869140625,0,2.42919921875,0.08544921875,2.38037109375,0.244140625,3.0029296875,0.244140625,1.5869140625,-0.10986328125,0.32958984375,0.048828125,0.96435546875,-0.048828125,0.01220703125,0.146484375,1.37939453125,-0.1708984375,-1.171875,-0.06103515625,-0.42724609375,0.1953125,-1.0986328125,0.08544921875,-0.86669921875,-0.01220703125,-1.513671875,0.15869140625,-0.25634765625,0.2685546875,-0.390625,0.29296875,-1.15966796875,-0.1220703125,-0.69580078125,0.03662109375,-0.69580078125,-0.09765625,-0.6103515625,-0.08544921875,-0.08544921875,0.06103515625,-0.8056640625,-0.35400390625,-1.513671875,-0.13427734375,-1.0986328125,0.10986328125,0.13427734375,-0.01220703125,0.28076171875,0.048828125,-0.0244140625,-0.0732421875,-0.06103515625,-0.09765625,0.18310546875,-0.06103515625,-0.42724609375,-0.01220703125,0.29296875,0.06103515625,-0.3662109375,0.0244140625,-1.03759765625
0,0.0732421875,-0.37841796875,-0.0732421875,0.06103515625,0.341796875,-0.1953125,0.03662109375,0.10986328125,0.0732421875,-0.06103515625,-0.20751953125,-0.9521484375,-0.10986328125,1.01318359375,0.048828125,-0.1953125,-0.244140625,-0.634765625,0.15869140625,-0.20751953125,-0.1220703125,0.9033203125,-0.341796875,-0.6103515625,-0.28076171875,0.5615234375,-0.15869140625,0.06103515625,0.048828125,2.03857421875,-0.1953125,3.21044921875,0.18310546875,1.0498046875,-0.2685546875,0.06103515625,-0.10986328125,1.77001953125,-0.10986328125,0.6103515625,-0.1708984375,-0.18310546875,-0.48828125,-0.6591796875,0.2685546875,-0.4150390625,0.29296875,0.74462890625,0.18310546875,2.197265625,-0.23193359375,3.79638671875,0.1708984375,0.54931640625,-0.146484375,1.62353515625,0.2197265625,0.74462890625,0.1708984375,0.52490234375,-0.08544921875,0.62255859375,-0.15869140625,0.1708984375,-0.03662109375,2.13623046875,0.09765625,2.18505859375,0.29296875,2.5146484375,0.25634765625,1.35498046875,-0.06103515625,-0.5615234375,-0.0732421875,0.64697265625,-0.10986328125,-0.37841796875,0.18310546875,0.93994140625,-0.1953125,-1.20849609375,-0.09765625,-0.48828125,0.09765625,-1.0986328125,0.13427734375,-0.8544921875,-0.09765625,-1.50146484375,0.15869140625,-0.23193359375,0.3173828125,-0.4150390625,0.341796875,-1.07421875,-0.10986328125,-0.68359375,0.0732421875,-0.68359375,-0.1220703125,-0.5859375,-0.048828125,-0.08544921875,0.06103515625,-0.78125,-0.35400390625,-1.52587890625,-0.18310546875,-1.11083984375,0.15869140625,0.13427734375,-0.0244140625,0.29296875,0.0244140625,-0.01220703125,-0.06103515625,-0.048828125,-0.1220703125,0.15869140625,-0.0732421875,-0.537109375,0.0244140625,0.23193359375,0.048828125,-0.67138671875,0.06103515625,-1.11083984375
0,0.06103515625,-0.28076171875,-0.03662109375,0.08544921875,0.37841796875,-0.13427734375,0.06103515625,0.13427734375,0.0732421875,-0.03662109375,-0.1708984375,-0.9521484375,-0.09765625,1.01318359375,0.0244140625,-0.20751953125,-0.20751953125,-0.64697265625,0.08544921875,-0.2197265625,-0.146484375,0.91552734375,-0.390625,-0.6103515625,-0.2685546875,0.3662109375,-0.2197265625,-0.15869140625,0.03662109375,1.7822265625,-0.09765625,2.38037109375,0.1220703125,0.5859375,-0.2197265625,-0.35400390625,-0.146484375,1.13525390625,-0.1953125,0.18310546875,-0.15869140625,-0.18310546875,-0.5615234375,-0.67138671875,0.1953125,-0.45166015625,0.341796875,0.76904296875,0.1953125,2.0751953125,-0.1708984375,3.35693359375,0.1953125,0.439453125,-0.08544921875,1.46484375,0.1708984375,0.72021484375,0.15869140625,0.52490234375,-0.0732421875,0.634765625,-0.1953125,0.1708984375,-0.0732421875,1.77001953125,0.15869140625,1.904296875,0.40283203125,1.953125,0.25634765625,1.0986328125,-0.0244140625,-1.20849609375,-0.10986328125,0.439453125,-0.10986328125,-0.634765625,0.1708984375,0.6103515625,-0.1953125,-1.2451171875,-0.08544921875,-0.52490234375,0.03662109375,-1.0986328125,0.08544921875,-0.87890625,-0.1708984375,-1.52587890625,0.15869140625,-0.244140625,0.3662109375,-0.4150390625,0.30517578125,-1.07421875,-0.06103515625,-0.68359375,0.08544921875,-0.7080078125,-0.146484375,-0.57373046875,0.01220703125,-0.08544921875,0.06103515625,-0.76904296875,-0.32958984375,-1.52587890625,-0.2197265625,-1.123046875,0.20751953125,0.13427734375,-0.03662109375,0.28076171875,0.0244140625,-0.0244140625,-0.08544921875,-0.048828125,-0.13427734375,0.146484375,-0.0732421875,-0.6103515625,0.0244140625,0.23193359375,-0.01220703125,-0.87890625,0.08544921875,-1.1474609375
0,-0.03662109375,-0.1708984375,-0.048828125,0.0732421875,0.29296875,-0.10986328125,0.048828125,0.20751953125,0.08544921875,-0.03662109375,-0.20751953125,-0.96435546875,-0.13427734375,1.01318359375,0.03662109375,-0.18310546875,-0.1708984375,-0.64697265625,0.03662109375,-0.20751953125,-0.1708984375,0.89111328125,-0.42724609375,-0.62255859375,-0.244140625,0.146484375,-0.23193359375,-0.390625,0.08544921875,1.47705078125,-0.048828125,1.46484375,0.06103515625,0.244140625,-0.1220703125,-0.64697265625,-0.20751953125,0.67138671875,-0.25634765625,-0.15869140625,-0.1220703125,-0.146484375,-0.59814453125,-0.6591796875,0.10986328125,-0.50048828125,0.390625,0.74462890625,0.15869140625,1.91650390625,-0.1708984375,2.81982421875,0.20751953125,0.28076171875,-0.03662109375,1.30615234375,0.09765625,0.72021484375,0.1953125,0.5126953125,-0.146484375,0.6103515625,-0.244140625,0.15869140625,-0.10986328125,1.416015625,0.15869140625,1.64794921875,0.45166015625,1.3671875,0.1953125,0.830078125,0.01220703125,-1.5625,-0.146484375,0.35400390625,-0.06103515625,-0.78125,0.13427734375,0.42724609375,-0.2197265625,-1.26953125,-0.1220703125,-0.5615234375,-0.0244140625,-1.11083984375,-0.01220703125,-0.87890625,-0.2685546875,-1.55029296875,0.0732421875,-0.2197265625,0.37841796875,-0.37841796875,0.341796875,-1.1962890625,-0.01220703125,-0.67138671875,0.10986328125,-0.69580078125,-0.20751953125,-0.5615234375,0.06103515625,-0.09765625,0.08544921875,-0.78125,-0.29296875,-1.52587890625,-0.20751953125,-1.123046875,0.1953125,0.146484375,-0.048828125,0.30517578125,0.0244140625,-0.03662109375,-0.0732421875,-0.03662109375,-0.1220703125,0.13427734375,-0.048828125,-0.64697265625,0.01220703125,0.25634765625,-0.06103515625,-1.0009765625,0.0732421875,-1.171875
0,-0.06103515625,-0.13427734375,0,0.06103515625,0.29296875,-0.10986328125,0.08544921875,0.23193359375,0.09765625,-0.0732421875,-0.20751953125,-0.9521484375,-0.15869140625,1.01318359375,0.048828125,-0.1708984375,-0.1220703125,-0.634765625,-0.03662109375,-0.23193359375,-0.2197265625,0.86669921875,-0.42724609375,-0.6103515625,-0.20751953125,-0.0244140625,-0.2685546875,-0.6103515625,0.1220703125,1.1962890625,-0.06103515625,0.62255859375,0.0244140625,0,0,-0.81787109375,-0.25634765625,0.30517578125,-0.29296875,-0.390625,-0.048828125,-0.18310546875,-0.5615234375,-0.67138671875,0.0244140625,-0.5126953125,0.42724609375,0.7080078125,0.1220703125,1.74560546875,-0.15869140625,2.197265625,0.28076171875,0.15869140625,-0.03662109375,1.13525390625,0.03662109375,0.72021484375,0.20751953125,0.52490234375,-0.2197265625,0.59814453125,-0.1953125,0.1708984375,-0.0244140625,1.13525390625,0.23193359375,1.42822265625,0.48828125,0.8544921875,0.1708984375,0.634765625,-0.0244140625,-1.64794921875,-0.244140625,0.29296875,-0.03662109375,-0.830078125,0.0244140625,0.3662109375,-0.18310546875,-1.2939453125,-0.1953125,-0.59814453125,-0.048828125,-1.13525390625,-0.09765625,-0.89111328125,-0.3173828125,-1.52587890625,0.0732421875,-0.25634765625,0.4150390625,-0.37841796875,0.32958984375,-1.3427734375,0.03662109375,-0.67138671875,0.13427734375,-0.68359375,-0.2197265625,-0.5615234375,0.0732421875,-0.0732421875,0.08544921875,-0.79345703125,-0.2685546875,-1.5380859375,-0.23193359375,-1.13525390625,0.1708984375,0.146484375,-0.08544921875,0.3173828125,0,-0.0244140625,-0.0732421875,-0.048828125,-0.13427734375,0.1220703125,-0.03662109375,-0.6591796875,0.01220703125,0.28076171875,-0.10986328125,-1.03759765625,0.08544921875,-1.13525390625
1,-0.1220703125,-0.1220703125,0.0244140625,0,0.2685546875,-0.1220703125,0.06103515625,0.23193359375,0.09765625,-0.06103515625,-0.244140625,-0.96435546875,-0.15869140625,1.025390625,0.06103515625,-0.1708984375,-0.08544921875,-0.62255859375,-0.09765625,-0.2197265625,-0.30517578125,0.86669921875,-0.48828125,-0.57373046875,-0.23193359375,-0.146484375,-0.244140625,-0.74462890625,0.13427734375,0.9765625,-0.146484375,-0.03662109375,0.08544921875,-0.1220703125,0.0244140625,-0.927734375,-0.25634765625,0.03662109375,-0.3173828125,-0.52490234375,0.0244140625,-0.1953125,-0.52490234375,-0.67138671875,-0.0732421875,-0.52490234375,0.439453125,0.67138671875,0.10986328125,1.5625,-0.09765625,1.62353515625,0.2685546875,0.0244140625,-0.0244140625,0.98876953125,0.01220703125,0.72021484375,0.18310546875,0.537109375,-0.23193359375,0.59814453125,-0.244140625,0.1708984375,-0.048828125,0.9765625,0.28076171875,1.318359375,0.4150390625,0.5615234375,0.15869140625,0.54931640625,-0.0732421875,-1.4892578125,-0.1953125,0.35400390625,0.0732421875,-0.78125,0,0.4150390625,-0.13427734375,-1.2939453125,-0.2197265625,-0.6103515625,-0.03662109375,-1.1474609375,-0.1708984375,-0.91552734375,-0.2685546875,-1.52587890625,0.0244140625,-0.2685546875,0.40283203125,-0.32958984375,0.2685546875,-1.50146484375,0.0732421875,-0.67138671875,0.0732421875,-0.68359375,-0.25634765625,-0.5859375,0.048828125,-0.0732421875,0.09765625,-0.78125,-0.2197265625,-1.55029296875,-0.2197265625,-1.13525390625,0.13427734375,0.146484375,-0.09765625,0.32958984375,0,-0.048828125,-0.06103515625,-0.048828125,-0.10986328125,0.146484375,-0.06103515625,-0.6591796875,0.01220703125,0.30517578125,-0.13427734375,-1.03759765625,0.048828125,-1.123046875
1,-0.1708984375,-0.146484375,0.03662109375,-0.06103515625,0.25634765625,-0.1708984375,0.0732421875,0.244140625,0.0732421875,-0.08544921875,-0.244140625,-0.927734375,-0.18310546875,1.01318359375,0.048828125,-0.15869140625,-0.06103515625,-0.6103515625,-0.146484375,-0.20751953125,-0.40283203125,0.86669921875,-0.50048828125,-0.57373046875,-0.1953125,-0.20751953125,-0.1953125,-0.87890625,0.1220703125,0.81787109375,-0.146484375,-0.42724609375,0.1220703125,-0.244140625,0.03662109375,-0.98876953125,-0.25634765625,-0.18310546875,-0.30517578125,-0.64697265625,0.09765625,-0.20751953125,-0.45166015625,-0.67138671875,-0.15869140625,-0.54931640625,0.4150390625,0.59814453125,0.048828125,1.416015625,-0.09765625,1.11083984375,0.25634765625,-0.0732421875,0.048828125,0.8544921875,-0.01220703125,0.732421875,0.13427734375,0.52490234375,-0.28076171875,0.5615234375,-0.2197265625,0.1708984375,-0.01220703125,1.025390625,0.244140625,1.3427734375,0.45166015625,0.5615234375,0.10986328125,0.5859375,-0.03662109375,-1.171875,-0.18310546875,0.439453125,0.146484375,-0.634765625,-0.01220703125,0.52490234375,-0.09765625,-1.30615234375,-0.25634765625,-0.59814453125,-0.10986328125,-1.171875,-0.2197265625,-0.91552734375,-0.1953125,-1.52587890625,-0.03662109375,-0.3173828125,0.35400390625,-0.32958984375,0.048828125,-1.62353515625,0.0732421875,-0.6591796875,0.03662109375,-0.69580078125,-0.25634765625,-0.5859375,0.01220703125,-0.0732421875,0.1220703125,-0.79345703125,-0.1953125,-1.5380859375,-0.1953125,-1.1474609375,0.08544921875,0.146484375,-0.13427734375,0.35400390625,-0.03662109375,-0.048828125,-0.06103515625,-0.03662109375,-0.09765625,0.146484375,-0.0732421875,-0.6103515625,-0.0244140625,0.32958984375,-0.146484375,-0.9765625,0.0244140625,-1.08642578125
1,-0.1953125,-0.20751953125,0.0244140625,-0.146484375,0.244140625,-0.23193359375,0.06103515625,0.2197265625,0.0732421875,-0.10986328125,-0.2197265625,-0.91552734375,-0.20751953125,1.01318359375,0.03662109375,-0.15869140625,-0.0732421875,-0.59814453125,-0.1708984375,-0.1953125,-0.47607421875,0.86669921875,-0.52490234375,-0.5615234375,-0.18310546875,-0.23193359375,-0.18310546875,-0.9033203125,0.1220703125,0.76904296875,-0.13427734375,-0.5126953125,0.146484375,-0.37841796875,0.01220703125,-1.03759765625,-0.244140625,-0.3662109375,-0.29296875,-0.732421875,0.146484375,-0.2197265625,-0.32958984375,-0.68359375,-0.18310546875,-0.54931640625,0.341796875,0.5615234375,0.01220703125,1.318359375,-0.048828125,0.8056640625,0.25634765625,-0.146484375,0.10986328125,0.78125,-0.0244140625,0.732421875,0.1220703125,0.52490234375,-0.28076171875,0.54931640625,-0.2197265625,0.1708984375,0,1.28173828125,0.2197265625,1.55029296875,0.439453125,0.9033203125,0.15869140625,0.81787109375,-0.048828125,-0.732421875,-0.15869140625,0.54931640625,0.18310546875,-0.48828125,-0.03662109375,0.72021484375,-0.0244140625,-1.30615234375,-0.2197265625,-0.5859375,-0.1708984375,-1.1962890625,-0.1953125,-0.927734375,-0.1220703125,-1.5380859375,-0.09765625,-0.3173828125,0.29296875,-0.35400390625,0,-1.6845703125,0.03662109375,-0.69580078125,0,-0.68359375,-0.25634765625,-0.57373046875,-0.0244140625,-0.06103515625,0.1220703125,-0.81787109375,-0.15869140625,-1.55029296875,-0.1708984375,-1.13525390625,0.06103515625,0.1220703125,-0.146484375,0.3662109375,-0.03662109375,-0.06103515625,-0.08544921875,-0.01220703125,-0.0732421875,0.146484375,-0.048828125,-0.5859375,-0.0244140625,0.341796875,-0.13427734375,-0.93994140625,0.0244140625,-1.06201171875
1,-0.2197265625,-0.2685546875,0.0732421875,-0.2197265625,0.20751953125,-0.29296875,0.0732421875,0.1953125,0.048828125,-0.13427734375,-0.23193359375,-0.927734375,-0.244140625,1.03759765625,0.03662109375,-0.15869140625,-0.10986328125,-0.57373046875,-0.1708984375,-0.20751953125,-0.537109375,0.87890625,-0.50048828125,-0.5615234375,-0.18310546875,-0.13427734375,-0.146484375,-0.87890625,0.0732421875,0.84228515625,-0.23193359375,-0.28076171875,0.13427734375,-0.47607421875,-0.10986328125,-1.0986328125,-0.244140625,-0.54931640625,-0.29296875,-0.84228515625,0.15869140625,-0.23193359375,-0.20751953125,-0.6591796875,-0.2197265625,-0.5126953125,0.32958984375,0.50048828125,-0.01220703125,1.28173828125,-0.146484375,0.72021484375,0.20751953125,-0.15869140625,0.15869140625,0.78125,-0.03662109375,0.7568359375,0.09765625,0.5126953125,-0.29296875,0.537109375,-0.25634765625,0.18310546875,-0.03662109375,1.7822265625,0.15869140625,1.91650390625,0.29296875,1.55029296875,0.146484375,1.1962890625,-0.10986328125,-0.29296875,-0.1953125,0.7080078125,0.1708984375,-0.3173828125,-0.03662109375,0.91552734375,0.03662109375,-1.33056640625,-0.18310546875,-0.57373046875,-0.1953125,-1.20849609375,-0.13427734375,-0.93994140625,-0.03662109375,-1.52587890625,-0.08544921875,-0.35400390625,0.1953125,-0.3662109375,-0.06103515625,-1.6357421875,-0.01220703125,-0.69580078125,-0.048828125,-0.69580078125,-0.23193359375,-0.5859375,-0.048828125,-0.06103515625,0.13427734375,-0.830078125,-0.1708984375,-1.5380859375,-0.1220703125,-1.11083984375,0.0244140625,0.1220703125,-0.18310546875,0.35400390625,-0.03662109375,-0.0732421875,-0.0732421875,-0.0244140625,-0.0732421875,0.18310546875,-0.0244140625,-0.57373046875,-0.01220703125,0.35400390625,-0.10986328125,-0.87890625,0.0244140625,-1.0498046875
1,-0.23193359375,-0.32958984375,0.048828125,-0.244140625,0.18310546875,-0.30517578125,0.1220703125,0.1708984375,0.03662109375,-0.1220703125,-0.2197265625,-0.927734375,-0.244140625,1.0498046875,0.0732421875,-0.146484375,-0.13427734375,-0.5615234375,-0.15869140625,-0.20751953125,-0.47607421875,0.87890625,-0.45166015625,-0.5615234375,-0.18310546875,0,-0.09765625,-0.732421875,0.03662109375,0.98876953125,-0.08544921875,0.1953125,0.1220703125,-0.6103515625,-0.1708984375,-1.171875,-0.23193359375,-0.7080078125,-0.2197265625,-0.91552734375,0.20751953125,-0.25634765625,-0.13427734375,-0.6591796875,-0.2197265625,-0.50048828125,0.23193359375,0.4638671875,0,1.35498046875,-0.0732421875,0.9033203125,0.18310546875,-0.0732421875,0.18310546875,0.86669921875,-0.0244140625,0.76904296875,0.08544921875,0.52490234375,-0.341796875,0.5126953125,-0.20751953125,0.15869140625,0.06103515625,2.47802734375,0.10986328125,2.4169921875,0.1708984375,2.5390625,0.146484375,1.69677734375,-0.146484375,0.09765625,-0.18310546875,0.8056640625,0.18310546875,-0.18310546875,0,1.11083984375,0.06103515625,-1.28173828125,-0.15869140625,-0.54931640625,-0.2685546875,-1.18408203125,-0.08544921875,-0.93994140625,0.03662109375,-1.513671875,-0.08544921875,-0.341796875,0.06103515625,-0.3662109375,0.0244140625,-1.50146484375,-0.03662109375,-0.69580078125,-0.048828125,-0.69580078125,-0.244140625,-0.5859375,-0.048828125,-0.048828125,0.18310546875,-0.8544921875,-0.15869140625,-1.55029296875,-0.0732421875,-1.123046875,0,0.1220703125,-0.20751953125,0.35400390625,-0.06103515625,-0.0732421875,-0.08544921875,-0.01220703125,-0.06103515625,0.1953125,-0.0244140625,-0.5615234375,0,0.3662109375,-0.048828125,-0.830078125,0.06103515625,-1.0498046875
1,-0.28076171875,-0.3662109375,0.08544921875,-0.2197265625,0.13427734375,-0.29296875,0.13427734375,0.2197265625,0.03662109375,-0.09765625,-0.1953125,-0.927734375,-0.2685546875,1.025390625,0.08544921875,-0.1220703125,-0.2197265625,-0.5615234375,-0.09765625,-0.20751953125,-0.42724609375,0.89111328125,-0.3662109375,-0.54931640625,-0.15869140625,0.15869140625,-0.08544921875,-0.537109375,-0.06103515625,1.23291015625,-0.0244140625,0.9765625,0.13427734375,-0.7568359375,-0.20751953125,-1.220703125,-0.1708984375,-0.830078125,-0.1220703125,-1.01318359375,0.1953125,-0.25634765625,-0.048828125,-0.6591796875,-0.18310546875,-0.47607421875,0.10986328125,0.4638671875,-0.01220703125,1.52587890625,-0.0732421875,1.416015625,0.08544921875,0.03662109375,0.2197265625,1.025390625,0.0244140625,0.7568359375,0.08544921875,0.52490234375,-0.32958984375,0.48828125,-0.20751953125,0.1708984375,0.06103515625,3.271484375,0.048828125,3.02734375,0.06103515625,3.662109375,0.1708984375,2.294921875,-0.28076171875,0.341796875,-0.1708984375,0.9033203125,0.1953125,-0.08544921875,0.03662109375,1.2451171875,0.146484375,-1.26953125,-0.13427734375,-0.537109375,-0.30517578125,-1.171875,0,-0.9521484375,0.10986328125,-1.513671875,-0.0732421875,-0.32958984375,-0.03662109375,-0.390625,0.1220703125,-1.318359375,-0.06103515625,-0.68359375,-0.08544921875,-0.68359375,-0.2197265625,-0.59814453125,-0.03662109375,-0.06103515625,0.20751953125,-0.84228515625,-0.1708984375,-1.5380859375,-0.0244140625,-1.123046875,-0.0244140625,0.13427734375,-0.20751953125,0.341796875,-0.0732421875,-0.09765625,-0.08544921875,-0.01220703125,-0.06103515625,0.20751953125,-0.0244140625,-0.54931640625,-0.03662109375,0.3662109375,0,-0.81787109375,0.08544921875,-1.03759765625
1,-0.244140625,-0.37841796875,0.0732421875,-0.1708984375,0.08544921875,-0.244140625,0.13427734375,0.244140625,0.03662109375,-0.1220703125,-0.1953125,-0.927734375,-0.2685546875,1.025390625,0.10986328125,-0.13427734375,-0.244140625,-0.5615234375,-0.0732421875,-0.1953125,-0.35400390625,0.89111328125,-0.28076171875,-0.5615234375,-0.1708984375,0.37841796875,-0.0732421875,-0.3173828125,-0.23193359375,1.55029296875,-0.10986328125,1.8798828125,0.13427734375,-0.86669921875,-0.25634765625,-1.30615234375,-0.10986328125,-0.96435546875,-0.06103515625,-1.0986328125,0.18310546875,-0.25634765625,0.03662109375,-0.6591796875,-0.146484375,-0.48828125,0.03662109375,0.4638671875,0,1.81884765625,-0.09765625,2.197265625,0,0.23193359375,0.28076171875,1.2451171875,0.03662109375,0.76904296875,0.09765625,0.52490234375,-0.341796875,0.47607421875,-0.18310546875,0.15869140625,0.146484375,4.1015625,-0.0732421875,3.662109375,-0.10986328125,4.8583984375,0.1708984375,2.9052734375,-0.244140625,0.42724609375,-0.18310546875,0.9765625,0.18310546875,-0.06103515625,0.1220703125,1.318359375,0.15869140625,-1.25732421875,-0.08544921875,-0.5126953125,-0.32958984375,-1.1474609375,0,-0.9521484375,0.13427734375,-1.4892578125,-0.0244140625,-0.3173828125,-0.15869140625,-0.390625,0.1220703125,-0.98876953125,-0.048828125,-0.68359375,-0.09765625,-0.7080078125,-0.1953125,-0.5859375,0.01220703125,-0.03662109375,0.28076171875,-0.81787109375,-0.1953125,-1.5380859375,0.03662109375,-1.123046875,-0.06103515625,0.146484375,-0.20751953125,0.32958984375,-0.1220703125,-0.08544921875,-0.08544921875,-0.01220703125,-0.03662109375,0.2197265625,-0.03662109375,-0.5615234375,-0.03662109375,0.3662109375,0.0732421875,-0.8056640625,0.13427734375,-1.03759765625
1,-0.2685546875,-0.32958984375,0.09765625,-0.1220703125,0.06103515625,-0.1708984375,0.1220703125,0.2685546875,0.0244140625,-0.10986328125,-0.1953125,-0.927734375,-0.29296875,1.025390625,0.1220703125,-0.146484375,-0.28076171875,-0.6103515625,-0.06103515625,-0.18310546875,-0.2197265625,0.89111328125,-0.25634765625,-0.5615234375,-0.146484375,0.6103515625,-0.03662109375,-0.0244140625,-0.35400390625,1.904296875,-0.06103515625,2.880859375,0.09765625,-0.91552734375,-0.29296875,-1.3427734375,-0.048828125,-1.01318359375,-0.03662109375,-1.15966796875,0.18310546875,-0.2685546875,0.08544921875,-0.68359375,-0.13427734375,-0.4638671875,0.0732421875,0.48828125,-0.0244140625,2.1728515625,-0.2197265625,3.173828125,-0.0732421875,0.48828125,0.29296875,1.5380859375,0.048828125,0.7568359375,0.20751953125,0.52490234375,-0.35400390625,0.47607421875,-0.08544921875,0.1708984375,0.15869140625,4.8828125,-0.1708984375,4.2724609375,-0.13427734375,5.99365234375,0.146484375,3.4423828125,-0.13427734375,0.390625,-0.2197265625,0.93994140625,0.15869140625,-0.08544921875,0.244140625,1.30615234375,0.15869140625,-1.23291015625,-0.03662109375,-0.5126953125,-0.32958984375,-1.0986328125,0,-0.927734375,0.13427734375,-1.4404296875,-0.0244140625,-0.3173828125,-0.20751953125,-0.390625,0.13427734375,-0.57373046875,-0.08544921875,-0.69580078125,-0.0732421875,-0.72021484375,-0.10986328125,-0.59814453125,0.01220703125,-0.048828125,0.30517578125,-0.84228515625,-0.18310546875,-1.513671875,0.06103515625,-1.0986328125,-0.06103515625,0.13427734375,-0.18310546875,0.32958984375,-0.09765625,-0.08544921875,-0.0732421875,-0.0244140625,-0.03662109375,0.2197265625,-0.0244140625,-0.54931640625,-0.0244140625,0.3662109375,0.13427734375,-0.84228515625,0.15869140625,-1.06201171875
1,-0.244140625,-0.2685546875,0.10986328125,-0.0244140625,0.03662109375,-0.08544921875,0.10986328125,0.29296875,0.01220703125,-0.09765625,-0.18310546875,-0.93994140625,-0.2685546875,1.01318359375,0.0732421875,-0.146484375,-0.3173828125,-0.6103515625,-0.0244140625,-0.1708984375,-0.1708984375,0.87890625,-0.244140625,-0.54931640625,-0.15869140625,0.8544921875,-0.03662109375,0.23193359375,-0.47607421875,2.2705078125,-0.1220703125,3.89404296875,0.06103515625,-0.927734375,-0.28076171875,-1.37939453125,-0.01220703125,-1.03759765625,-0.048828125,-1.1962890625,0.1220703125,-0.244140625,0.06103515625,-0.68359375,-0.08544921875,-0.45166015625,0.0732421875,0.5126953125,-0.0244140625,2.587890625,-0.2685546875,4.28466796875,-0.1708984375,0.76904296875,0.25634765625,1.84326171875,0,0.74462890625,0.23193359375,0.52490234375,-0.4150390625,0.50048828125,0.01220703125,0.1708984375,0.1220703125,5.52978515625,-0.1708984375,4.736328125,-0.13427734375,6.9091796875,0.15869140625,3.86962890625,-0.06103515625,0.1708984375,-0.23193359375,0.9521484375,0.146484375,-0.15869140625,0.35400390625,1.26953125,0.13427734375,-1.220703125,-0.03662109375,-0.5126953125,-0.29296875,-1.11083984375,-0.01220703125,-0.93994140625,0.13427734375,-1.40380859375,-0.0244140625,-0.2685546875,-0.25634765625,-0.3662109375,0.23193359375,-0.0732421875,-0.048828125,-0.69580078125,-0.10986328125,-0.7080078125,-0.03662109375,-0.5859375,0.0244140625,-0.0732421875,0.32958984375,-0.84228515625,-0.2197265625,-1.513671875,0.09765625,-1.0986328125,-0.048828125,0.146484375,-0.23193359375,0.30517578125,-0.146484375,-0.09765625,-0.0732421875,-0.048828125,-0.03662109375,0.18310546875,-0.06103515625,-0.5615234375,-0.0244140625,0.341796875,0.1953125,-0.8544921875,0.18310546875,-1.0498046875
1,-0.28076171875,-0.20751953125,0.09765625,0.048828125,0.0244140625,-0.06103515625,0.08544921875,0.30517578125,0,-0.08544921875,-0.15869140625,-0.93994140625,-0.23193359375,1.01318359375,0.06103515625,-0.1708984375,-0.28076171875,-0.6103515625,-0.0244140625,-0.1953125,-0.08544921875,0.87890625,-0.25634765625,-0.5615234375,-0.18310546875,1.0986328125,-0.06103515625,0.50048828125,-0.5126953125,2.60009765625,0,4.87060546875,0.01220703125,-0.89111328125,-0.25634765625,-1.3671875,0.01220703125,-0.96435546875,-0.048828125,-1.15966796875,0.10986328125,-0.23193359375,0.01220703125,-0.67138671875,-0.0244140625,-0.439453125,0.1708984375,0.52490234375,-0.048828125,2.9541015625,-0.18310546875,5.40771484375,-0.20751953125,1.025390625,0.146484375,2.16064453125,-0.03662109375,0.74462890625,0.29296875,0.52490234375,-0.35400390625,0.48828125,0.13427734375,0.15869140625,0.1220703125,5.9326171875,-0.20751953125,5.0537109375,-0.13427734375,7.50732421875,0.09765625,4.13818359375,-0.03662109375,-0.08544921875,-0.20751953125,0.87890625,0.1708984375,-0.23193359375,0.439453125,1.18408203125,0.09765625,-1.1962890625,0.01220703125,-0.47607421875,-0.18310546875,-1.0986328125,-0.01220703125,-0.9033203125,0.06103515625,-1.3427734375,-0.0244140625,-0.18310546875,-0.28076171875,-0.30517578125,0.18310546875,0.52490234375,-0.01220703125,-0.69580078125,-0.15869140625,-0.69580078125,0.0244140625,-0.57373046875,0.06103515625,-0.08544921875,0.30517578125,-0.84228515625,-0.2685546875,-1.513671875,0.1220703125,-1.11083984375,-0.03662109375,0.15869140625,-0.23193359375,0.30517578125,-0.13427734375,-0.08544921875,-0.0732421875,-0.06103515625,-0.06103515625,0.1708984375,-0.08544921875,-0.57373046875,-0.0244140625,0.32958984375,0.2685546875,-0.9033203125,0.15869140625,-1.03759765625
1,-0.3662109375,-0.1708984375,0.09765625,0.08544921875,-0.0244140625,-0.06103515625,0.10986328125,0.30517578125,-0.0244140625,-0.0732421875,-0.1708984375,-0.927734375,-0.244140625,1.025390625,0.06103515625,-0.1708984375,-0.28076171875,-0.634765625,-0.01220703125,-0.18310546875,-0.0732421875,0.84228515625,-0.244140625,-0.5859375,-0.1953125,1.33056640625,-0.0732421875,0.732421875,-0.48828125,2.89306640625,0.146484375,5.810546875,-0.048828125,-0.78125,-0.18310546875,-1.30615234375,0.03662109375,-0.86669921875,-0.048828125,-1.11083984375,0.09765625,-0.2197265625,-0.06103515625,-0.68359375,0.048828125,-0.48828125,0.146484375,0.54931640625,-0.08544921875,3.3203125,-0.09765625,6.45751953125,-0.244140625,1.2451171875,0.09765625,2.4658203125,-0.10986328125,0.74462890625,0.35400390625,0.54931640625,-0.341796875,0.537109375,0.23193359375,0.15869140625,0.0732421875,6.11572265625,-0.23193359375,5.2001953125,-0.06103515625,7.75146484375,0,4.23583984375,0.0732421875,-0.35400390625,-0.10986328125,0.79345703125,0.25634765625,-0.3173828125,0.48828125,1.06201171875,0,-1.18408203125,0.03662109375,-0.4638671875,-0.10986328125,-1.08642578125,-0.06103515625,-0.9033203125,-0.03662109375,-1.2451171875,-0.0732421875,-0.09765625,-0.29296875,-0.20751953125,0.18310546875,1.1962890625,0.01220703125,-0.67138671875,-0.20751953125,-0.68359375,0.06103515625,-0.57373046875,0.0732421875,-0.08544921875,0.25634765625,-0.830078125,-0.3173828125,-1.52587890625,0.13427734375,-1.11083984375,-0.01220703125,0.146484375,-0.2685546875,0.28076171875,-0.13427734375,-0.0732421875,-0.06103515625,-0.08544921875,-0.048828125,0.1220703125,-0.13427734375,-0.54931640625,-0.01220703125,0.30517578125,0.3173828125,-0.93994140625,0.18310546875,-1.0498046875
1,-0.32958984375,-0.146484375,0.1220703125,0.09765625,-0.08544921875,-0.06103515625,0.0732421875,0.25634765625,0.01220703125,-0.0732421875,-0.146484375,-0.9521484375,-0.25634765625,1.01318359375,0.10986328125,-0.1708984375,-0.244140625,-0.62255859375,0.03662109375,-0.18310546875,-0.09765625,0.84228515625,-0.20751953125,-0.5615234375,-0.18310546875,1.55029296875,-0.10986328125,0.93994140625,-0.37841796875,3.1494140625,0.08544921875,6.60400390625,-0.06103515625,-0.68359375,-0.09765625,-1.20849609375,0.0732421875,-0.732421875,-0.08544921875,-1.0009765625,0.048828125,-0.23193359375,-0.20751953125,-0.69580078125,0.09765625,-0.48828125,0.1708984375,0.5615234375,-0.1220703125,3.57666015625,-0.10986328125,7.2998046875,-0.23193359375,1.45263671875,0.06103515625,2.685546875,-0.1708984375,0.72021484375,0.45166015625,0.537109375,-0.3662109375,0.54931640625,0.2685546875,0.1708984375,0.06103515625,6.0302734375,-0.244140625,5.11474609375,-0.01220703125,7.65380859375,-0.09765625,4.13818359375,0.01220703125,-0.57373046875,-0.146484375,0.7568359375,0.2685546875,-0.3662109375,0.3662109375,1.0009765625,-0.0732421875,-1.1962890625,0.146484375,-0.439453125,-0.0732421875,-1.08642578125,-0.08544921875,-0.87890625,-0.13427734375,-1.123046875,-0.09765625,0.01220703125,-0.29296875,-0.09765625,0.341796875,1.94091796875,0.0244140625,-0.68359375,-0.1708984375,-0.68359375,0.048828125,-0.5859375,0.13427734375,-0.0732421875,0.23193359375,-0.81787109375,-0.3662109375,-1.5380859375,0.09765625,-1.123046875,-0.01220703125,0.13427734375,-0.3173828125,0.28076171875,-0.13427734375,-0.048828125,-0.0732421875,-0.0732421875,-0.048828125,0.09765625,-0.13427734375,-0.5615234375,-0.0244140625,0.2685546875,0.30517578125,-0.927734375,0.146484375,-1.0498046875
1,-0.29296875,-0.15869140625,0.10986328125,0.08544921875,-0.10986328125,-0.1220703125,0.10986328125,0.23193359375,0.03662109375,-0.048828125,-0.146484375,-0.9521484375,-0.244140625,1.01318359375,0.1220703125,-0.146484375,-0.1953125,-0.634765625,0.048828125,-0.1708984375,-0.09765625,0.84228515625,-0.15869140625,-0.57373046875,-0.146484375,1.72119140625,-0.18310546875,1.0986328125,-0.244140625,3.35693359375,0.0244140625,7.275390625,-0.0244140625,-0.57373046875,-0.03662109375,-1.1474609375,0.15869140625,-0.634765625,-0.09765625,-0.89111328125,0.03662109375,-0.244140625,-0.32958984375,-0.69580078125,0.15869140625,-0.47607421875,0.20751953125,0.57373046875,-0.20751953125,3.7109375,-0.06103515625,7.87353515625,-0.25634765625,1.5625,-0.048828125,2.84423828125,-0.23193359375,0.732421875,0.4638671875,0.5126953125,-0.42724609375,0.54931640625,0.390625,0.18310546875,0.048828125,5.70068359375,-0.2197265625,4.8828125,0.03662109375,7.2265625,-0.1708984375,3.857421875,-0.03662109375,-0.6591796875,-0.06103515625,0.69580078125,0.35400390625,-0.3662109375,0.3173828125,0.96435546875,-0.15869140625,-1.1962890625,0.146484375,-0.4150390625,-0.0244140625,-1.11083984375,-0.13427734375,-0.86669921875,-0.1953125,-1.0009765625,-0.1220703125,0.10986328125,-0.3173828125,0.06103515625,0.244140625,2.7587890625,0.048828125,-0.7080078125,-0.13427734375,-0.6591796875,0.03662109375,-0.57373046875,0.13427734375,-0.06103515625,0.244140625,-0.81787109375,-0.390625,-1.5380859375,0.09765625,-1.11083984375,0,0.13427734375,-0.35400390625,0.28076171875,-0.146484375,-0.06103515625,-0.08544921875,-0.08544921875,-0.0732421875,0.08544921875,-0.15869140625,-0.5615234375,0,0.244140625,0.28076171875,-0.93994140625,0.1220703125,-1.06201171875
0,-0.30517578125,-0.15869140625,0.09765625,0.06103515625,-0.15869140625,-0.2197265625,0.08544921875,0.1953125,0.03662109375,-0.06103515625,-0.13427734375,-0.93994140625,-0.244140625,0.98876953125,0.1220703125,-0.13427734375,-0.1953125,-0.62255859375,0.03662109375,-0.1953125,-0.15869140625,0.8544921875,-0.10986328125,-0.54931640625,-0.08544921875,1.8798828125,-0.23193359375,1.220703125,-0.10986328125,3.47900390625,-0.03662109375,7.77587890625,0,-0.439453125,0.0244140625,-1.0498046875,0.10986328125,-0.54931640625,-0.1708984375,-0.76904296875,0.06103515625,-0.28076171875,-0.4638671875,-0.67138671875,0.20751953125,-0.48828125,0.2197265625,0.5615234375,-0.23193359375,3.74755859375,0.0244140625,8.14208984375,-0.23193359375,1.611328125,-0.146484375,2.9052734375,-0.25634765625,0.72021484375,0.42724609375,0.5126953125,-0.4638671875,0.5615234375,0.439453125,0.18310546875,-0.0244140625,5.17578125,-0.1953125,4.43115234375,0.08544921875,6.57958984375,-0.1953125,3.47900390625,-0.03662109375,-0.62255859375,0.03662109375,0.64697265625,0.4150390625,-0.32958984375,0.3173828125,0.9765625,-0.18310546875,-1.20849609375,0.1708984375,-0.40283203125,0,-1.13525390625,-0.1220703125,-0.8544921875,-0.2197265625,-0.84228515625,-0.15869140625,0.244140625,-0.37841796875,0.2197265625,0.146484375,3.564453125,0.0732421875,-0.7080078125,-0.08544921875,-0.6591796875,0.0244140625,-0.59814453125,0.146484375,-0.0732421875,0.2197265625,-0.81787109375,-0.390625,-1.5625,0.048828125,-1.11083984375,0,0.1220703125,-0.390625,0.25634765625,-0.1220703125,-0.0244140625,-0.0732421875,-0.0732421875,-0.06103515625,0.1220703125,-0.1708984375,-0.54931640625,-0.048828125,0.244140625,0.244140625,-0.91552734375,0.06103515625,-1.06201171875
0,-0.28076171875,-0.10986328125,0.10986328125,0.01220703125,-0.18310546875,-0.2685546875,0.09765625,0.15869140625,0.06103515625,-0.0732421875,-0.146484375,-0.927734375,-0.25634765625,1.0009765625,0.146484375,-0.1220703125,-0.18310546875,-0.59814453125,0.0732421875,-0.1953125,-0.15869140625,0.84228515625,-0.06103515625,-0.5615234375,-0.0244140625,1.94091796875,-0.244140625,1.26953125,0.03662109375,3.5400390625,-0.1220703125,8.056640625,0.10986328125,-0.35400390625,0.146484375,-0.9521484375,0.1708984375,-0.45166015625,-0.2197265625,-0.67138671875,0.08544921875,-0.2685546875,-0.537109375,-0.68359375,0.2685546875,-0.50048828125,0.18310546875,0.5615234375,-0.29296875,3.6865234375,0.10986328125,8.10546875,-0.20751953125,1.59912109375,-0.2197265625,2.86865234375,-0.25634765625,0.732421875,0.40283203125,0.5126953125,-0.42724609375,0.57373046875,0.47607421875,0.18310546875,-0.01220703125,4.541015625,-0.18310546875,3.94287109375,0.08544921875,5.76171875,-0.1708984375,2.99072265625,-0.1953125,-0.45166015625,0.0244140625,0.72021484375,0.3662109375,-0.23193359375,0.1708984375,1.06201171875,-0.1953125,-1.1962890625,0.08544921875,-0.390625,-0.06103515625,-1.15966796875,-0.10986328125,-0.84228515625,-0.2197265625,-0.732421875,-0.15869140625,0.35400390625,-0.4150390625,0.35400390625,0.20751953125,4.345703125,0.06103515625,-0.68359375,-0.0244140625,-0.67138671875,0.0244140625,-0.5859375,0.15869140625,-0.06103515625,0.2197265625,-0.84228515625,-0.37841796875,-1.5625,0.01220703125,-1.13525390625,0,0.13427734375,-0.42724609375,0.29296875,-0.1220703125,-0.0244140625,-0.06103515625,-0.08544921875,-0.06103515625,0.13427734375,-0.15869140625,-0.54931640625,-0.048828125,0.23193359375,0.18310546875,-0.9033203125,0.06103515625,-1.06201171875
0,-0.28076171875,0.06103515625,0.10986328125,-0.01220703125,-0.20751953125,-0.28076171875,0.1220703125,0.1708984375,0.0732421875,-0.08544921875,-0.10986328125,-0.91552734375,-0.2685546875,1.0009765625,0.1220703125,-0.13427734375,-0.1708984375,-0.59814453125,0.08544921875,-0.1953125,-0.1708984375,0.8544921875,-0.09765625,-0.54931640625,-0.01220703125,1.94091796875,-0.29296875,1.28173828125,0.146484375,3.52783203125,-0.18310546875,8.11767578125,0.08544921875,-0.3173828125,0.13427734375,-0.9033203125,0.146484375,-0.4638671875,-0.35400390625,-0.62255859375,0.146484375,-0.28076171875,-0.5615234375,-0.67138671875,0.30517578125,-0.50048828125,0.1708984375,0.54931640625,-0.341796875,3.4912109375,0.1220703125,7.763671875,-0.20751953125,1.47705078125,-0.28076171875,2.77099609375,-0.25634765625,0.732421875,0.35400390625,0.50048828125,-0.40283203125,0.5615234375,0.48828125,0.1708984375,-0.06103515625,3.857421875,-0.20751953125,3.3935546875,0.1220703125,4.8828125,-0.10986328125,2.50244140625,-0.29296875,-0.146484375,0.0732421875,0.79345703125,0.341796875,-0.06103515625,0.06103515625,1.20849609375,-0.1708984375,-1.18408203125,0.09765625,-0.37841796875,-0.10986328125,-1.13525390625,-0.08544921875,-0.8544921875,-0.1953125,-0.59814453125,-0.13427734375,0.439453125,-0.4150390625,0.50048828125,0.20751953125,5.029296875,0.03662109375,-0.7080078125,0.01220703125,-0.68359375,0.01220703125,-0.5859375,0.09765625,-0.06103515625,0.20751953125,-0.8544921875,-0.35400390625,-1.5625,-0.03662109375,-1.13525390625,0.0244140625,0.13427734375,-0.45166015625,0.28076171875,-0.1220703125,-0.01220703125,-0.0732421875,-0.09765625,-0.0732421875,0.13427734375,-0.146484375,-0.54931640625,-0.0244140625,0.25634765625,0.09765625,-0.9033203125,0.01220703125,-1.08642578125
0,-0.30517578125,0.3662109375,0.10986328125,0.0244140625,-0.25634765625,-0.2197265625,0.13427734375,0.25634765625,0.0732421875,-0.08544921875,-0.10986328125,-0.9033203125,-0.28076171875,1.025390625,0.146484375,-0.146484375,-0.1953125,-0.5859375,0.09765625,-0.20751953125,-0.18310546875,0.8544921875,-0.10986328125,-0.54931640625,0.06103515625,1.86767578125,-0.341796875,1.220703125,0.25634765625,3.466796875,-0.23193359375,7.87353515625,0.09765625,-0.3173828125,0.1953125,-0.86669921875,0.15869140625,-0.4638671875,-0.37841796875,-0.5859375,0.20751953125,-0.28076171875,-0.5126953125,-0.69580078125,0.28076171875,-0.50048828125,0.06103515625,0.52490234375,-0.3173828125,3.271484375,0.1708984375,7.177734375,-0.18310546875,1.318359375,-0.3173828125,2.5634765625,-0.1953125,0.732421875,0.30517578125,0.50048828125,-0.4638671875,0.54931640625,0.537109375,0.1708984375,-0.03662109375,3.16162109375,-0.15869140625,2.880859375,0.13427734375,4.00390625,-0.06103515625,2.001953125,-0.25634765625,0.18310546875,0.09765625,0.927734375,0.28076171875,0.10986328125,-0.03662109375,1.416015625,-0.10986328125,-1.1962890625,0.08544921875,-0.40283203125,-0.09765625,-1.1474609375,-0.03662109375,-0.84228515625,-0.13427734375,-0.52490234375,-0.08544921875,0.52490234375,-0.37841796875,0.5859375,0.1708984375,5.52978515625,0.01220703125,-0.69580078125,0.06103515625,-0.69580078125,0.01220703125,-0.6103515625,0.03662109375,-0.0732421875,0.20751953125,-0.8544921875,-0.341796875,-1.55029296875,-0.09765625,-1.123046875,0.0244140625,0.13427734375,-0.439453125,0.29296875,-0.1220703125,-0.03662109375,-0.0732421875,-0.09765625,-0.03662109375,0.146484375,-0.18310546875,-0.54931640625,-0.06103515625,0.29296875,-0.0244140625,-0.89111328125,-0.0244140625,-1.06201171875
0,-0.3662109375,0.830078125,0.13427734375,0.1708984375,-0.2685546875,-0.03662109375,0.146484375,0.4150390625,0.06103515625,-0.10986328125,-0.10986328125,-0.9033203125,-0.23193359375,1.0009765625,0.15869140625,-0.15869140625,-0.18310546875,-0.57373046875,0.09765625,-0.2197265625,-0.244140625,0.86669921875,-0.15869140625,-0.5615234375,0.15869140625,1.72119140625,-0.341796875,1.0986328125,0.3173828125,3.2958984375,-0.244140625,7.373046875,0.146484375,-0.32958984375,0.29296875,-0.87890625,0.244140625,-0.50048828125,-0.3173828125,-0.5859375,0.2685546875,-0.2685546875,-0.45166015625,-0.69580078125,0.2197265625,-0.48828125,0.01220703125,0.5126953125,-0.3173828125,3.0029296875,0.18310546875,6.4208984375,-0.1953125,1.13525390625,-0.3662109375,2.33154296875,-0.146484375,0.72021484375,0.25634765625,0.50048828125,-0.54931640625,0.537109375,0.57373046875,0.1708984375,0,2.5390625,-0.0732421875,2.38037109375,0.0732421875,3.1982421875,0,1.5869140625,-0.2685546875,0.52490234375,0.13427734375,1.1474609375,0.1708984375,0.29296875,-0.0732421875,1.611328125,-0.048828125,-1.18408203125,0.08544921875,-0.40283203125,-0.03662109375,-1.13525390625,0,-0.86669921875,-0.0732421875,-0.47607421875,-0.0244140625,0.5615234375,-0.32958984375,0.634765625,0.08544921875,5.84716796875,-0.01220703125,-0.69580078125,0.0732421875,-0.68359375,-0.01220703125,-0.62255859375,-0.03662109375,-0.06103515625,0.18310546875,-0.8544921875,-0.32958984375,-1.5380859375,-0.15869140625,-1.11083984375,0.0244140625,0.13427734375,-0.4638671875,0.30517578125,-0.1220703125,-0.01220703125,-0.0732421875,-0.09765625,-0.03662109375,0.1953125,-0.15869140625,-0.54931640625,-0.06103515625,0.32958984375,-0.09765625,-0.8544921875,-0.03662109375,-1.07421875
0,-0.390625,1.4404296875,0.146484375,0.40283203125,-0.29296875,0.2197265625,0.1220703125,0.67138671875,0.0732421875,-0.10986328125,-0.10986328125,-0.927734375,-0.2197265625,1.01318359375,0.1953125,-0.18310546875,-0.18310546875,-0.5859375,0.13427734375,-0.20751953125,-0.2685546875,0.86669921875,-0.1953125,-0.57373046875,0.23193359375,1.513671875,-0.35400390625,0.927734375,0.30517578125,3.06396484375,-0.2197265625,6.6162109375,0.06103515625,-0.35400390625,0.23193359375,-0.9033203125,0.18310546875,-0.5615234375,-0.2685546875,-0.59814453125,0.30517578125,-0.28076171875,-0.35400390625,-0.67138671875,0.1220703125,-0.47607421875,-0.0244140625,0.5126953125,-0.18310546875,2.7099609375,0.1708984375,5.615234375,-0.20751953125,0.89111328125,-0.4638671875,2.0751953125,-0.08544921875,0.74462890625,0.18310546875,0.5126953125,-0.62255859375,0.5126953125,0.64697265625,0.15869140625,0.01220703125,1.9775390625,-0.0244140625,1.953125,0.03662109375,2.47802734375,0.0732421875,1.18408203125,-0.1953125,0.81787109375,0.15869140625,1.318359375,0.1220703125,0.48828125,-0.06103515625,1.81884765625,0.048828125,-1.220703125,0.08544921875,-0.37841796875,0.06103515625,-1.11083984375,0.0244140625,-0.84228515625,-0.0244140625,-0.48828125,0.048828125,0.5859375,-0.23193359375,0.6591796875,-0.0244140625,5.9814453125,-0.0244140625,-0.69580078125,0.06103515625,-0.7080078125,-0.03662109375,-0.62255859375,-0.09765625,-0.06103515625,0.146484375,-0.86669921875,-0.3173828125,-1.52587890625,-0.18310546875,-1.11083984375,0.01220703125,0.13427734375,-0.439453125,0.30517578125,-0.13427734375,-0.048828125,-0.08544921875,-0.048828125,-0.0244140625,0.1953125,-0.18310546875,-0.5126953125,-0.06103515625,0.3662109375,-0.1953125,-0.84228515625,-0.03662109375,-1.0498046875
0,-0.50048828125,2.24609375,0.15869140625,0.72021484375,-0.30517578125,0.5615234375,0.09765625,0.98876953125,0.0732421875,-0.10986328125,-0.1220703125,-0.927734375,-0.20751953125,1.025390625,0.15869140625,-0.20751953125,-0.1708984375,-0.59814453125,0.13427734375,-0.20751953125,-0.3173828125,0.86669921875,-0.18310546875,-0.5615234375,0.28076171875,1.25732421875,-0.32958984375,0.69580078125,0.30517578125,2.81982421875,-0.20751953125,5.70068359375,0.03662109375,-0.35400390625,0.244140625,-0.91552734375,0.146484375,-0.5859375,-0.18310546875,-0.59814453125,0.28076171875,-0.2685546875,-0.23193359375,-0.68359375,-0.01220703125,-0.45166015625,-0.06103515625,0.537109375,-0.1220703125,2.44140625,0.146484375,4.78515625,-0.1953125,0.67138671875,-0.47607421875,1.79443359375,-0.01220703125,0.732421875,0.1708984375,0.52490234375,-0.74462890625,0.5126953125,0.634765625,0.13427734375,0.03662109375,1.5380859375,0.048828125,1.6357421875,0,1.904296875,0.1220703125,0.9033203125,-0.0244140625,1.07421875,0.10986328125,1.513671875,0,0.634765625,-0.0732421875,2.0263671875,0.13427734375,-1.220703125,0.06103515625,-0.29296875,0.13427734375,-1.08642578125,0,-0.84228515625,0.0244140625,-0.537109375,0.08544921875,0.54931640625,-0.1708984375,0.62255859375,0.03662109375,5.859375,-0.048828125,-0.68359375,0.0732421875,-0.72021484375,-0.08544921875,-0.6103515625,-0.10986328125,-0.048828125,0.13427734375,-0.87890625,-0.35400390625,-1.5380859375,-0.2197265625,-1.08642578125,0,0.13427734375,-0.52490234375,0.29296875,-0.15869140625,-0.048828125,-0.09765625,-0.0244140625,-0.01220703125,0.18310546875,-0.13427734375,-0.52490234375,-0.08544921875,0.3662109375,-0.2685546875,-0.830078125,-0.048828125,-1.03759765625
0,-0.4638671875,3.125,0.10986328125,1.11083984375,-0.30517578125,0.96435546875,0.08544921875,1.40380859375,0.0732421875,-0.10986328125,-0.1220703125,-0.93994140625,-0.15869140625,1.06201171875,0.15869140625,-0.2197265625,-0.1708984375,-0.57373046875,0.13427734375,-0.20751953125,-0.3662109375,0.9033203125,-0.18310546875,-0.57373046875,0.29296875,0.9765625,-0.3173828125,0.45166015625,0.30517578125,2.50244140625,-0.146484375,4.6630859375,0.03662109375,-0.30517578125,0.244140625,-0.87890625,0.15869140625,-0.5615234375,-0.0732421875,-0.57373046875,0.244140625,-0.25634765625,-0.15869140625,-0.64697265625,-0.1220703125,-0.4638671875,-0.06103515625,0.537109375,-0.01220703125,2.16064453125,0.08544921875,4.0283203125,-0.2197265625,0.50048828125,-0.42724609375,1.5869140625,0.01220703125,0.732421875,0.18310546875,0.52490234375,-0.830078125,0.5126953125,0.62255859375,0.15869140625,-0.06103515625,1.15966796875,0.09765625,1.3916015625,0.01220703125,1.37939453125,0.146484375,0.634765625,-0.048828125,1.18408203125,0.03662109375,1.67236328125,-0.09765625,0.732421875,-0.03662109375,2.16064453125,0.1708984375,-1.18408203125,0.01220703125,-0.10986328125,0.20751953125,-1.06201171875,-0.048828125,-0.830078125,0.0732421875,-0.634765625,0.10986328125,0.48828125,-0.10986328125,0.5859375,0.15869140625,5.55419921875,-0.03662109375,-0.7080078125,0.08544921875,-0.72021484375,-0.10986328125,-0.6103515625,-0.08544921875,-0.0732421875,0.1220703125,-0.86669921875,-0.37841796875,-1.55029296875,-0.23193359375,-1.08642578125,-0.03662109375,0.1220703125,-0.4638671875,0.28076171875,-0.1708984375,-0.06103515625,-0.08544921875,-0.01220703125,0,0.18310546875,-0.10986328125,-0.47607421875,-0.048828125,0.4150390625,-0.2685546875,-0.84228515625,0.0244140625,-1.01318359375
0,-0.42724609375,4.01611328125,0.10986328125,1.5380859375,-0.30517578125,1.3427734375,0.06103515625,1.81884765625,0.0732421875,-0.10986328125,-0.10986328125,-0.93994140625,-0.1220703125,1.07421875,0.10986328125,-0.20751953125,-0.146484375,-0.57373046875,0.13427734375,-0.1953125,-0.37841796875,0.9033203125,-0.13427734375,-0.57373046875,0.25634765625,0.72021484375,-0.29296875,0.20751953125,0.28076171875,2.1728515625,-0.13427734375,3.64990234375,-0.03662109375,-0.23193359375,0.15869140625,-0.79345703125,0.08544921875,-0.48828125,-0.01220703125,-0.48828125,0.1953125,-0.244140625,-0.1220703125,-0.64697265625,-0.20751953125,-0.45166015625,-0.0244140625,0.54931640625,0.06103515625,1.953125,0.048828125,3.3447265625,-0.23193359375,0.35400390625,-0.45166015625,1.40380859375,0.01220703125,0.732421875,0.13427734375,0.5615234375,-0.84228515625,0.52490234375,0.64697265625,0.15869140625,-0.1708984375,0.87890625,0.146484375,1.18408203125,0.06103515625,0.96435546875,0.15869140625,0.42724609375,0,1.220703125,-0.03662109375,1.7822265625,-0.15869140625,0.8056640625,-0.01220703125,2.25830078125,0.1708984375,-1.13525390625,-0.0732421875,0.15869140625,0.32958984375,-1.025390625,-0.10986328125,-0.8056640625,0.1220703125,-0.69580078125,0.09765625,0.4150390625,-0.01220703125,0.5126953125,0.10986328125,5.126953125,0,-0.7080078125,0.0732421875,-0.7080078125,-0.13427734375,-0.6103515625,0,-0.06103515625,0.1220703125,-0.84228515625,-0.439453125,-1.5625,-0.18310546875,-1.11083984375,-0.03662109375,0.13427734375,-0.48828125,0.29296875,-0.1708984375,-0.06103515625,-0.0732421875,0.01220703125,0,0.15869140625,-0.13427734375,-0.4638671875,-0.0732421875,0.42724609375,-0.30517578125,-0.81787109375,0.03662109375,-0.98876953125
0,-0.3662109375,4.8828125,0.10986328125,1.9775390625,-0.30517578125,1.72119140625,0.08544921875,2.2216796875,0.0732421875,-0.09765625,-0.1220703125,-0.96435546875,-0.09765625,1.06201171875,0.10986328125,-0.18310546875,-0.1708984375,-0.5859375,0.15869140625,-0.20751953125,-0.40283203125,0.89111328125,-0.09765625,-0.59814453125,0.2197265625,0.47607421875,-0.244140625,-0.048828125,0.25634765625,1.86767578125,-0.15869140625,2.7099609375,-0.0244140625,-0.0732421875,0.13427734375,-0.68359375,0.0732421875,-0.3662109375,0.0732421875,-0.3662109375,0.13427734375,-0.23193359375,-0.146484375,-0.62255859375,-0.2197265625,-0.50048828125,0,0.5859375,0.13427734375,1.77001953125,-0.01220703125,2.7587890625,-0.244140625,0.23193359375,-0.390625,1.2451171875,0.0244140625,0.74462890625,0.08544921875,0.5615234375,-0.89111328125,0.5126953125,0.6591796875,0.15869140625,-0.20751953125,0.5859375,0.18310546875,1.025390625,0.13427734375,0.5859375,0.1220703125,0.2685546875,0.06103515625,1.18408203125,-0.06103515625,1.84326171875,-0.1953125,0.84228515625,-0.0244140625,2.30712890625,0.146484375,-1.07421875,-0.146484375,0.5615234375,0.3662109375,-0.9765625,-0.1708984375,-0.74462890625,0.1220703125,-0.78125,0.08544921875,0.3173828125,0.06103515625,0.42724609375,0.09765625,4.6142578125,-0.01220703125,-0.72021484375,0.08544921875,-0.69580078125,-0.13427734375,-0.59814453125,0.0244140625,-0.0732421875,0.146484375,-0.84228515625,-0.5126953125,-1.5380859375,-0.15869140625,-1.08642578125,-0.0244140625,0.13427734375,-0.5126953125,0.30517578125,-0.15869140625,-0.048828125,-0.08544921875,0.03662109375,0.0244140625,0.146484375,-0.10986328125,-0.439453125,-0.08544921875,0.45166015625,-0.2685546875,-0.78125,0.0732421875,-0.93994140625
0,-0.48828125,5.6396484375,0.1220703125,2.34375,-0.341796875,2.0263671875,0.08544921875,2.57568359375,0.09765625,-0.09765625,-0.13427734375,-0.9765625,-0.10986328125,1.06201171875,0.08544921875,-0.15869140625,-0.18310546875,-0.59814453125,0.15869140625,-0.20751953125,-0.42724609375,0.89111328125,-0.048828125,-0.5615234375,0.15869140625,0.28076171875,-0.244140625,-0.29296875,0.1953125,1.59912109375,-0.1953125,1.9287109375,-0.06103515625,0.1220703125,0.06103515625,-0.537109375,0.06103515625,-0.23193359375,0.146484375,-0.1953125,0.09765625,-0.23193359375,-0.18310546875,-0.6103515625,-0.1953125,-0.5126953125,0,0.6103515625,0.10986328125,1.57470703125,-0.0244140625,2.294921875,-0.2685546875,0.15869140625,-0.3662109375,1.11083984375,0.01220703125,0.7568359375,0.048828125,0.5859375,-0.927734375,0.52490234375,0.5615234375,0.1708984375,-0.29296875,0.341796875,0.18310546875,0.9033203125,0.15869140625,0.2685546875,0.09765625,0.1220703125,0.06103515625,1.11083984375,-0.08544921875,1.85546875,-0.146484375,0.8544921875,-0.0244140625,2.28271484375,0.09765625,-0.98876953125,-0.20751953125,1.07421875,0.390625,-0.93994140625,-0.146484375,-0.67138671875,0.1220703125,-0.8544921875,0.0244140625,0.244140625,0.1708984375,0.35400390625,0.146484375,4.1259765625,-0.01220703125,-0.7080078125,0.048828125,-0.69580078125,-0.1220703125,-0.59814453125,0.03662109375,-0.09765625,0.146484375,-0.81787109375,-0.57373046875,-1.52587890625,-0.10986328125,-1.0986328125,0,0.10986328125,-0.439453125,0.3173828125,-0.15869140625,-0.06103515625,-0.06103515625,0.03662109375,0.03662109375,0.1220703125,-0.09765625,-0.4150390625,-0.09765625,0.439453125,-0.1953125,-0.732421875,0.1220703125,-0.89111328125
0,-0.50048828125,6.18896484375,0.1220703125,2.62451171875,-0.3662109375,2.23388671875,0.06103515625,2.84423828125,0.1220703125,-0.09765625,-0.1220703125,-0.9521484375,-0.0732421875,1.03759765625,0.09765625,-0.15869140625,-0.1953125,-0.57373046875,0.18310546875,-0.20751953125,-0.390625,0.89111328125,-0.0244140625,-0.5615234375,0.06103515625,0.146484375,-0.1953125,-0.4638671875,0.09765625,1.35498046875,-0.23193359375,1.3671875,-0.146484375,0.35400390625,0,-0.3662109375,0,-0.03662109375,0.146484375,0.01220703125,0.0732421875,-0.244140625,-0.2685546875,-0.59814453125,-0.146484375,-0.52490234375,-0.01220703125,0.59814453125,0.15869140625,1.40380859375,-0.03662109375,1.89208984375,-0.18310546875,0.0732421875,-0.28076171875,1.0498046875,-0.01220703125,0.76904296875,0.0732421875,0.57373046875,-1.01318359375,0.54931640625,0.50048828125,0.20751953125,-0.2197265625,0.13427734375,0.20751953125,0.79345703125,0.20751953125,-0.0244140625,0.048828125,0,0.13427734375,1.025390625,-0.13427734375,1.79443359375,-0.048828125,0.830078125,-0.10986328125,2.24609375,0.03662109375,-0.86669921875,-0.37841796875,1.69677734375,0.3662109375,-0.89111328125,-0.13427734375,-0.59814453125,0.09765625,-0.927734375,-0.03662109375,0.20751953125,0.28076171875,0.30517578125,0.2197265625,3.69873046875,-0.03662109375,-0.7080078125,0.048828125,-0.67138671875,-0.08544921875,-0.6103515625,0.0244140625,-0.09765625,0.1708984375,-0.81787109375,-0.634765625,-1.52587890625,-0.06103515625,-1.11083984375,0.01220703125,0.13427734375,-0.439453125,0.3173828125,-0.15869140625,-0.0732421875,-0.06103515625,0.03662109375,0.0244140625,0.1220703125,-0.09765625,-0.4150390625,-0.1220703125,0.45166015625,-0.13427734375,-0.74462890625,0.1708984375,-0.89111328125
0,-0.47607421875,6.50634765625,0.09765625,2.783203125,-0.40283203125,2.33154296875,0.048828125,2.99072265625,0.10986328125,-0.09765625,-0.1220703125,-0.9521484375,-0.0732421875,1.01318359375,0.1220703125,-0.146484375,-0.1953125,-0.59814453125,0.18310546875,-0.2197265625,-0.4150390625,0.86669921875,-0.06103515625,-0.5615234375,0.0244140625,0.06103515625,-0.15869140625,-0.57373046875,-0.01220703125,1.171875,-0.23193359375,0.9765625,-0.1953125,0.5859375,-0.03662109375,-0.1953125,-0.048828125,0.13427734375,0.18310546875,0.1953125,0.06103515625,-0.23193359375,-0.4150390625,-0.59814453125,-0.10986328125,-0.52490234375,-0.08544921875,0.62255859375,0.1220703125,1.26953125,-0.03662109375,1.5380859375,-0.1708984375,0.01220703125,-0.20751953125,0.93994140625,-0.03662109375,0.7568359375,0.048828125,0.5615234375,-1.07421875,0.54931640625,0.4638671875,0.20751953125,-0.20751953125,-0.06103515625,0.2197265625,0.67138671875,0.20751953125,-0.244140625,0.01220703125,-0.10986328125,0.13427734375,0.93994140625,-0.09765625,1.74560546875,0.03662109375,0.79345703125,-0.1708984375,2.20947265625,-0.01220703125,-0.7080078125,-0.439453125,2.392578125,0.2685546875,-0.81787109375,-0.10986328125,-0.4638671875,0.03662109375,-0.927734375,-0.08544921875,0.146484375,0.3662109375,0.28076171875,0.244140625,3.41796875,-0.06103515625,-0.7080078125,0.08544921875,-0.67138671875,0,-0.5859375,0.0244140625,-0.10986328125,0.15869140625,-0.8056640625,-0.67138671875,-1.5380859375,-0.048828125,-1.123046875,0.03662109375,0.13427734375,-0.47607421875,0.341796875,-0.15869140625,-0.048828125,-0.08544921875,0.0244140625,0.03662109375,0.146484375,-0.0732421875,-0.40283203125,-0.146484375,0.47607421875,-0.0244140625,-0.72021484375,0.1953125,-0.89111328125
1,-0.42724609375,6.5673828125,0.0732421875,2.83203125,-0.4150390625,2.33154296875,0.0244140625,3.01513671875,0.09765625,-0.08544921875,-0.10986328125,-0.9521484375,-0.0732421875,1.01318359375,0.1220703125,-0.13427734375,-0.1953125,-0.6103515625,0.1708984375,-0.2197265625,-0.37841796875,0.830078125,-0.0732421875,-0.54931640625,-0.03662109375,0,-0.10986328125,-0.67138671875,-0.1708984375,1.025390625,-0.23193359375,0.7568359375,-0.25634765625,0.79345703125,-0.06103515625,-0.048828125,-0.13427734375,0.2685546875,0.20751953125,0.37841796875,0.01220703125,-0.23193359375,-0.59814453125,-0.6103515625,0,-0.5126953125,-0.048828125,0.64697265625,0.048828125,1.13525390625,0.01220703125,1.20849609375,-0.1220703125,-0.03662109375,-0.1708984375,0.86669921875,-0.08544921875,0.732421875,0.01220703125,0.5615234375,-1.025390625,0.5615234375,0.42724609375,0.1708984375,-0.2197265625,-0.244140625,0.18310546875,0.6103515625,0.18310546875,-0.439453125,-0.0244140625,-0.18310546875,0.10986328125,0.89111328125,-0.09765625,1.62353515625,0.10986328125,0.7568359375,-0.1953125,2.13623046875,-0.0244140625,-0.52490234375,-0.35400390625,3.13720703125,0.2197265625,-0.732421875,-0.08544921875,-0.3173828125,-0.03662109375,-0.93994140625,-0.08544921875,0.13427734375,0.42724609375,0.25634765625,0.3173828125,3.25927734375,-0.0732421875,-0.7080078125,0.13427734375,-0.67138671875,0,-0.6103515625,0.0244140625,-0.08544921875,0.146484375,-0.8056640625,-0.67138671875,-1.513671875,-0.03662109375,-1.123046875,0.03662109375,0.1220703125,-0.48828125,0.37841796875,-0.13427734375,-0.03662109375,-0.0732421875,-0.01220703125,0.03662109375,0.15869140625,-0.048828125,-0.37841796875,-0.1708984375,0.47607421875,0.048828125,-0.72021484375,0.23193359375,-0.87890625
1,-0.45166015625,6.40869140625,0.09765625,2.7587890625,-0.42724609375,2.24609375,0.01220703125,2.94189453125,0.048828125,-0.10986328125,-0.09765625,-0.93994140625,-0.08544921875,1.0009765625,0.1220703125,-0.1220703125,-0.20751953125,-0.62255859375,0.146484375,-0.23193359375,-0.35400390625,0.84228515625,-0.06103515625,-0.5615234375,-0.09765625,-0.048828125,-0.0732421875,-0.732421875,-0.29296875,0.89111328125,-0.15869140625,0.6103515625,-0.25634765625,0.9033203125,-0.048828125,0.048828125,-0.146484375,0.3662109375,0.15869140625,0.50048828125,-0.048828125,-0.23193359375,-0.732421875,-0.6103515625,0.09765625,-0.52490234375,-0.09765625,0.62255859375,0,1.03759765625,-0.01220703125,0.87890625,-0.09765625,-0.1220703125,-0.146484375,0.7568359375,-0.13427734375,0.732421875,-0.03662109375,0.537109375,-1.03759765625,0.54931640625,0.40283203125,0.15869140625,-0.146484375,-0.341796875,0.08544921875,0.54931640625,0.0732421875,-0.5615234375,-0.048828125,-0.244140625,0.08544921875,0.8544921875,-0.13427734375,1.513671875,0.1708984375,0.72021484375,-0.244140625,2.08740234375,-0.048828125,-0.341796875,-0.3173828125,3.857421875,0.09765625,-0.64697265625,-0.08544921875,-0.1953125,-0.10986328125,-0.927734375,-0.0732421875,0.13427734375,0.439453125,0.244140625,0.244140625,3.25927734375,-0.08544921875,-0.72021484375,0.15869140625,-0.68359375,-0.03662109375,-0.6103515625,0.048828125,-0.08544921875,0.1220703125,-0.79345703125,-0.67138671875,-1.513671875,-0.048828125,-1.1474609375,0.01220703125,0.1220703125,-0.47607421875,0.4150390625,-0.146484375,-0.06103515625,-0.0732421875,-0.03662109375,0.048828125,0.18310546875,-0.03662109375,-0.37841796875,-0.18310546875,0.47607421875,0.08544921875,-0.72021484375,0.244140625,-0.87890625
1,-0.52490234375,6.06689453125,0.06103515625,2.6123046875,-0.439453125,2.11181640625,0.01220703125,2.8076171875,0.0244140625,-0.10986328125,-0.08544921875,-0.927734375,-0.09765625,1.0009765625,0.0732421875,-0.13427734375,-0.1708984375,-0.6103515625,0.13427734375,-0.20751953125,-0.390625,0.830078125,-0.08544921875,-0.5615234375,-0.09765625,-0.0732421875,-0.03662109375,-0.79345703125,-0.32958984375,0.81787109375,-0.09765625,0.48828125,-0.25634765625,0.9521484375,-0.0244140625,0.08544921875,-0.18310546875,0.40283203125,0.0732421875,0.5615234375,-0.048828125,-0.2197265625,-0.8056640625,-0.62255859375,0.146484375,-0.50048828125,-0.1220703125,0.59814453125,-0.0244140625,0.91552734375,-0.01220703125,0.5615234375,-0.10986328125,-0.244140625,-0.08544921875,0.67138671875,-0.1708984375,0.7568359375,-0.0732421875,0.52490234375,-1.01318359375,0.537109375,0.3662109375,0.1708984375,-0.13427734375,-0.390625,0.03662109375,0.5126953125,0.0244140625,-0.57373046875,0,-0.23193359375,0.048828125,0.86669921875,-0.15869140625,1.4404296875,0.146484375,0.69580078125,-0.29296875,2.06298828125,-0.048828125,-0.1708984375,-0.28076171875,4.5166015625,-0.06103515625,-0.54931640625,-0.10986328125,-0.0244140625,-0.1953125,-0.89111328125,-0.048828125,0.15869140625,0.4150390625,0.244140625,0.13427734375,3.38134765625,-0.06103515625,-0.69580078125,0.1953125,-0.68359375,-0.03662109375,-0.59814453125,0.048828125,-0.0732421875,0.10986328125,-0.8056640625,-0.6103515625,-1.52587890625,-0.03662109375,-1.1474609375,0.01220703125,0.146484375,-0.50048828125,0.439453125,-0.146484375,-0.06103515625,-0.0732421875,-0.03662109375,0.06103515625,0.18310546875,-0.048828125,-0.37841796875,-0.1708984375,0.4638671875,0.13427734375,-0.7568359375,0.25634765625,-0.87890625
1,-0.54931640625,5.57861328125,0.0732421875,2.42919921875,-0.48828125,1.94091796875,0.0244140625,2.63671875,0.06103515625,-0.10986328125,-0.0732421875,-0.9033203125,-0.09765625,0.98876953125,0.048828125,-0.08544921875,-0.1708984375,-0.634765625,0.10986328125,-0.1953125,-0.390625,0.84228515625,-0.08544921875,-0.5615234375,-0.13427734375,-0.1220703125,-0.048828125,-0.81787109375,-0.3662109375,0.72021484375,-0.09765625,0.341796875,-0.2197265625,0.9521484375,-0.01220703125,0.048828125,-0.1708984375,0.35400390625,0,0.54931640625,-0.06103515625,-0.23193359375,-0.7568359375,-0.64697265625,0.20751953125,-0.47607421875,-0.146484375,0.5859375,-0.09765625,0.84228515625,-0.0732421875,0.244140625,-0.146484375,-0.32958984375,-0.08544921875,0.57373046875,-0.20751953125,0.74462890625,-0.08544921875,0.5126953125,-1.0009765625,0.52490234375,0.30517578125,0.15869140625,-0.06103515625,-0.390625,-0.06103515625,0.5126953125,-0.03662109375,-0.54931640625,0.0244140625,-0.23193359375,0.048828125,0.8544921875,-0.2197265625,1.3427734375,0.13427734375,0.634765625,-0.2685546875,2.0263671875,-0.06103515625,-0.01220703125,-0.1953125,5.04150390625,-0.15869140625,-0.4638671875,-0.1220703125,0.08544921875,-0.28076171875,-0.86669921875,0.0244140625,0.20751953125,0.3662109375,0.244140625,0.06103515625,3.52783203125,-0.0244140625,-0.69580078125,0.15869140625,-0.7080078125,-0.06103515625,-0.6103515625,0.03662109375,-0.0732421875,0.1220703125,-0.8056640625,-0.537109375,-1.5380859375,-0.09765625,-1.123046875,-0.01220703125,0.13427734375,-0.4638671875,0.5126953125,-0.1708984375,-0.0244140625,-0.0732421875,-0.03662109375,0.0732421875,0.18310546875,-0.048828125,-0.35400390625,-0.15869140625,0.4150390625,0.15869140625,-0.81787109375,0.2685546875,-0.91552734375
1,-0.5615234375,5.06591796875,0.048828125,2.197265625,-0.50048828125,1.72119140625,-0.0244140625,2.4169921875,0.08544921875,-0.09765625,-0.0732421875,-0.91552734375,-0.0732421875,0.98876953125,0.08544921875,-0.13427734375,-0.146484375,-0.64697265625,0.048828125,-0.20751953125,-0.47607421875,0.830078125,-0.10986328125,-0.54931640625,-0.10986328125,-0.20751953125,-0.048828125,-0.8544921875,-0.32958984375,0.6591796875,-0.146484375,0.10986328125,-0.146484375,0.8544921875,-0.048828125,-0.0732421875,-0.13427734375,0.2685546875,-0.0244140625,0.4638671875,-0.06103515625,-0.2197265625,-0.67138671875,-0.69580078125,0.18310546875,-0.47607421875,-0.15869140625,0.5615234375,-0.09765625,0.76904296875,-0.0244140625,-0.03662109375,-0.15869140625,-0.390625,-0.048828125,0.47607421875,-0.18310546875,0.7568359375,-0.1953125,0.5126953125,-0.9765625,0.5126953125,0.244140625,0.1708984375,0.01220703125,-0.32958984375,-0.08544921875,0.5615234375,-0.1220703125,-0.4150390625,0.01220703125,-0.1708984375,-0.0732421875,0.84228515625,-0.2197265625,1.2939453125,0.09765625,0.5859375,-0.20751953125,2.001953125,-0.0732421875,0.0732421875,-0.13427734375,5.40771484375,-0.244140625,-0.390625,-0.1220703125,0.1708984375,-0.30517578125,-0.84228515625,0.048828125,0.25634765625,0.25634765625,0.244140625,0.0244140625,3.662109375,0,-0.7080078125,0.06103515625,-0.7080078125,-0.0732421875,-0.62255859375,0,-0.06103515625,0.1220703125,-0.79345703125,-0.47607421875,-1.55029296875,-0.1220703125,-1.11083984375,0,0.13427734375,-0.47607421875,0.5859375,-0.18310546875,-0.0244140625,-0.06103515625,-0.048828125,0.06103515625,0.18310546875,-0.0732421875,-0.37841796875,-0.146484375,0.390625,0.18310546875,-0.86669921875,0.23193359375,-0.927734375
1,-0.5615234375,4.5654296875,0.048828125,1.953125,-0.52490234375,1.55029296875,-0.01220703125,2.197265625,0.09765625,-0.08544921875,-0.08544921875,-0.93994140625,-0.09765625,1.01318359375,0.048828125,-0.15869140625,-0.10986328125,-0.64697265625,0.01220703125,-0.1953125,-0.54931640625,0.89111328125,-0.10986328125,-0.537109375,-0.048828125,-0.28076171875,-0.048828125,-0.91552734375,-0.2685546875,0.59814453125,-0.20751953125,-0.1708984375,-0.06103515625,0.69580078125,-0.03662109375,-0.20751953125,-0.1220703125,0.10986328125,-0.0732421875,0.32958984375,-0.03662109375,-0.244140625,-0.52490234375,-0.69580078125,0.10986328125,-0.48828125,-0.1953125,0.537109375,-0.1220703125,0.732421875,0,-0.25634765625,-0.18310546875,-0.42724609375,-0.048828125,0.439453125,-0.15869140625,0.7568359375,-0.244140625,0.5126953125,-0.9765625,0.48828125,0.23193359375,0.15869140625,0.09765625,-0.244140625,-0.09765625,0.62255859375,-0.2197265625,-0.244140625,0.0244140625,-0.08544921875,-0.03662109375,0.830078125,-0.18310546875,1.2939453125,0.09765625,0.52490234375,-0.06103515625,2.001953125,-0.06103515625,0.146484375,0.0732421875,5.615234375,-0.3173828125,-0.341796875,-0.10986328125,0.23193359375,-0.3173828125,-0.8544921875,0.06103515625,0.2685546875,0.146484375,0.2197265625,0.01220703125,3.6865234375,-0.01220703125,-0.7080078125,0,-0.7080078125,-0.0732421875,-0.64697265625,-0.048828125,-0.03662109375,0.10986328125,-0.8056640625,-0.37841796875,-1.55029296875,-0.1953125,-1.11083984375,0,0.13427734375,-0.50048828125,0.64697265625,-0.1708984375,0,-0.06103515625,-0.0244140625,0.048828125,0.1953125,-0.08544921875,-0.40283203125,-0.146484375,0.3662109375,0.146484375,-0.91552734375,0.1953125,-0.927734375
1,-0.4638671875,4.13818359375,0.0244140625,1.7578125,-0.54931640625,1.40380859375,-0.0244140625,2.001953125,0.1220703125,-0.0732421875,-0.10986328125,-0.927734375,-0.08544921875,1.03759765625,0.0732421875,-0.18310546875,-0.08544921875,-0.634765625,-0.06103515625,-0.1953125,-0.5859375,0.87890625,-0.10986328125,-0.52490234375,-0.01220703125,-0.341796875,-0.09765625,-0.9521484375,-0.2197265625,0.5615234375,-0.25634765625,-0.47607421875,0.01220703125,0.54931640625,-0.08544921875,-0.37841796875,-0.0732421875,-0.06103515625,-0.08544921875,0.1708984375,-0.01220703125,-0.25634765625,-0.3662109375,-0.732421875,0.03662109375,-0.48828125,-0.20751953125,0.52490234375,-0.1220703125,0.72021484375,-0.01220703125,-0.390625,-0.18310546875,-0.42724609375,-0.048828125,0.40283203125,-0.1220703125,0.76904296875,-0.28076171875,0.52490234375,-1.0009765625,0.50048828125,0.1953125,0.18310546875,0.1708984375,-0.1220703125,-0.146484375,0.72021484375,-0.29296875,-0.048828125,0,0.01220703125,-0.1220703125,0.78125,-0.2685546875,1.318359375,-0.0244140625,0.50048828125,-0.0244140625,1.953125,-0.03662109375,0.146484375,0.2197265625,5.615234375,-0.390625,-0.32958984375,-0.0732421875,0.2197265625,-0.2685546875,-0.86669921875,0.0732421875,0.28076171875,0.048828125,0.18310546875,0.0244140625,3.564453125,-0.01220703125,-0.72021484375,-0.06103515625,-0.72021484375,-0.0732421875,-0.62255859375,-0.08544921875,-0.03662109375,0.13427734375,-0.8056640625,-0.29296875,-1.5625,-0.23193359375,-1.11083984375,0.01220703125,0.1220703125,-0.4638671875,0.72021484375,-0.15869140625,0,-0.06103515625,-0.0244140625,0.03662109375,0.18310546875,-0.06103515625,-0.439453125,-0.1220703125,0.3173828125,0.0732421875,-0.93994140625,0.1708984375,-0.93994140625
1,-0.439453125,3.7841796875,0.0244140625,1.6357421875,-0.54931640625,1.30615234375,0,1.84326171875,0.1220703125,-0.06103515625,-0.10986328125,-0.93994140625,-0.1220703125,1.0498046875,0.0732421875,-0.1953125,-0.0732421875,-0.62255859375,-0.1220703125,-0.1953125,-0.634765625,0.87890625,-0.08544921875,-0.52490234375,0.0732421875,-0.4150390625,-0.13427734375,-0.98876953125,-0.1220703125,0.537109375,-0.2685546875,-0.74462890625,0.0244140625,0.4150390625,-0.1220703125,-0.5126953125,0.01220703125,-0.1953125,-0.06103515625,0.0244140625,0,-0.25634765625,-0.244140625,-0.72021484375,-0.06103515625,-0.48828125,-0.20751953125,0.5126953125,-0.0732421875,0.72021484375,-0.03662109375,-0.40283203125,-0.25634765625,-0.40283203125,0.01220703125,0.42724609375,-0.10986328125,0.76904296875,-0.2685546875,0.52490234375,-1.01318359375,0.5126953125,0.244140625,0.18310546875,0.13427734375,0.01220703125,-0.09765625,0.79345703125,-0.29296875,0.08544921875,-0.048828125,0.08544921875,-0.15869140625,0.68359375,-0.23193359375,1.3671875,-0.01220703125,0.42724609375,0.09765625,1.94091796875,0.01220703125,0.08544921875,0.2197265625,5.4443359375,-0.42724609375,-0.32958984375,-0.048828125,0.1953125,-0.18310546875,-0.91552734375,0.048828125,0.28076171875,-0.048828125,0.146484375,0.01220703125,3.1982421875,-0.048828125,-0.72021484375,-0.08544921875,-0.7080078125,-0.09765625,-0.62255859375,-0.10986328125,-0.048828125,0.15869140625,-0.81787109375,-0.23193359375,-1.55029296875,-0.244140625,-1.0986328125,0.01220703125,0.1220703125,-0.47607421875,0.76904296875,-0.1708984375,0,-0.0732421875,-0.0244140625,0.048828125,0.18310546875,-0.06103515625,-0.42724609375,-0.08544921875,0.29296875,0.03662109375,-0.96435546875,0.10986328125,-0.96435546875
1,-0.45166015625,3.564453125,0.0244140625,1.513671875,-0.50048828125,1.220703125,0,1.74560546875,0.09765625,-0.0732421875,-0.09765625,-0.96435546875,-0.13427734375,1.07421875,0.06103515625,-0.2197265625,-0.03662109375,-0.62255859375,-0.1708984375,-0.1953125,-0.52490234375,0.87890625,-0.03662109375,-0.537109375,0.15869140625,-0.45166015625,-0.1708984375,-1.03759765625,-0.06103515625,0.5126953125,-0.28076171875,-0.91552734375,-0.01220703125,0.30517578125,-0.13427734375,-0.62255859375,-0.03662109375,-0.29296875,0.0244140625,-0.09765625,0.048828125,-0.2685546875,-0.1953125,-0.74462890625,-0.13427734375,-0.4638671875,-0.244140625,0.48828125,-0.06103515625,0.7568359375,-0.0244140625,-0.3173828125,-0.32958984375,-0.35400390625,-0.0244140625,0.47607421875,-0.0732421875,0.78125,-0.2685546875,0.52490234375,-0.91552734375,0.537109375,0.341796875,0.20751953125,0.13427734375,0.10986328125,-0.09765625,0.8544921875,-0.2197265625,0.1953125,-0.08544921875,0.09765625,-0.048828125,0.54931640625,-0.15869140625,1.40380859375,0,0.37841796875,0.20751953125,1.85546875,0.06103515625,0.0244140625,0.1953125,5.13916015625,-0.42724609375,-0.37841796875,-0.03662109375,0.13427734375,-0.08544921875,-1.025390625,0.03662109375,0.2197265625,-0.10986328125,0.09765625,0,2.63671875,-0.0732421875,-0.72021484375,-0.1220703125,-0.68359375,-0.10986328125,-0.62255859375,-0.08544921875,-0.048828125,0.20751953125,-0.81787109375,-0.146484375,-1.5625,-0.25634765625,-1.0986328125,0.03662109375,0.13427734375,-0.5126953125,0.78125,-0.1708984375,0.0244140625,-0.0732421875,-0.048828125,0.0244140625,0.1708984375,-0.0732421875,-0.42724609375,-0.10986328125,0.29296875,-0.0244140625,-0.96435546875,0.0244140625,-0.9521484375
1,-0.439453125,3.4423828125,0.01220703125,1.46484375,-0.5126953125,1.15966796875,0.0244140625,1.6845703125,0.09765625,-0.08544921875,-0.09765625,-0.9521484375,-0.15869140625,1.06201171875,0.09765625,-0.20751953125,-0.0732421875,-0.62255859375,-0.2197265625,-0.1953125,-0.4638671875,0.87890625,0,-0.54931640625,0.1953125,-0.4638671875,-0.20751953125,-1.0498046875,-0.0244140625,0.5126953125,-0.25634765625,-0.9765625,-0.0244140625,0.2197265625,-0.1220703125,-0.67138671875,0.01220703125,-0.341796875,0.15869140625,-0.1708984375,0.08544921875,-0.28076171875,-0.08544921875,-0.72021484375,-0.2197265625,-0.47607421875,-0.28076171875,0.50048828125,-0.06103515625,0.830078125,-0.03662109375,-0.146484375,-0.3662109375,-0.29296875,-0.08544921875,0.5615234375,-0.03662109375,0.76904296875,-0.244140625,0.537109375,-0.91552734375,0.54931640625,0.4638671875,0.2197265625,0.1220703125,0.15869140625,-0.09765625,0.89111328125,-0.09765625,0.23193359375,-0.20751953125,0.09765625,-0.09765625,0.439453125,-0.1953125,1.416015625,-0.01220703125,0.30517578125,0.1708984375,1.7822265625,0.146484375,-0.1220703125,0.146484375,4.74853515625,-0.439453125,-0.439453125,-0.0244140625,0.03662109375,-0.01220703125,-1.13525390625,-0.01220703125,0.13427734375,-0.1220703125,0,-0.08544921875,1.86767578125,-0.08544921875,-0.72021484375,-0.1220703125,-0.67138671875,-0.09765625,-0.6103515625,-0.048828125,-0.048828125,0.244140625,-0.8056640625,-0.08544921875,-1.5625,-0.23193359375,-1.07421875,-0.01220703125,0.146484375,-0.50048828125,0.78125,-0.18310546875,0.01220703125,-0.0732421875,-0.06103515625,0.048828125,0.15869140625,-0.0732421875,-0.42724609375,-0.08544921875,0.28076171875,-0.048828125,-0.93994140625,-0.0244140625,-0.96435546875
1,-0.439453125,3.3935546875,-0.01220703125,1.4404296875,-0.537109375,1.0986328125,0.03662109375,1.67236328125,0.09765625,-0.08544921875,-0.0732421875,-0.9521484375,-0.1953125,1.0498046875,0.13427734375,-0.15869140625,-0.048828125,-0.6103515625,-0.23193359375,-0.18310546875,-0.390625,0.87890625,0.048828125,-0.537109375,0.2685546875,-0.390625,-0.2197265625,-1.01318359375,-0.0732421875,0.537109375,-0.244140625,-0.87890625,-0.1220703125,0.1953125,-0.1953125,-0.68359375,-0.08544921875,-0.341796875,0.146484375,-0.18310546875,0.13427734375,-0.28076171875,0.01220703125,-0.7080078125,-0.30517578125,-0.48828125,-0.3173828125,0.48828125,-0.048828125,0.89111328125,-0.01220703125,0.0732421875,-0.40283203125,-0.2197265625,-0.1708984375,0.59814453125,-0.01220703125,0.7568359375,-0.1953125,0.52490234375,-0.9033203125,0.5859375,0.5859375,0.20751953125,0.0732421875,0.15869140625,-0.10986328125,0.86669921875,-0.06103515625,0.2197265625,-0.3173828125,0.0732421875,0,0.341796875,-0.13427734375,1.37939453125,0.09765625,0.244140625,0.2197265625,1.69677734375,0.2197265625,-0.244140625,0.0732421875,4.345703125,-0.42724609375,-0.537109375,-0.09765625,-0.06103515625,0.06103515625,-1.25732421875,-0.10986328125,0.03662109375,-0.09765625,-0.06103515625,-0.0244140625,1.03759765625,-0.10986328125,-0.72021484375,-0.08544921875,-0.6591796875,-0.048828125,-0.59814453125,-0.01220703125,-0.0244140625,0.29296875,-0.81787109375,-0.048828125,-1.55029296875,-0.1953125,-1.123046875,-0.03662109375,0.13427734375,-0.50048828125,0.732421875,-0.15869140625,0.01220703125,-0.0732421875,-0.0732421875,0.048828125,0.13427734375,-0.09765625,-0.390625,-0.0732421875,0.28076171875,-0.0732421875,-0.91552734375,-0.06103515625,-0.93994140625
1,-0.390625,3.369140625,-0.01220703125,1.416015625,-0.5615234375,1.08642578125,0.03662109375,1.64794921875,0.0732421875,-0.09765625,-0.03662109375,-0.93994140625,-0.20751953125,1.025390625,0.1220703125,-0.146484375,-0.048828125,-0.5859375,-0.244140625,-0.18310546875,-0.2197265625,0.86669921875,0.09765625,-0.5615234375,0.30517578125,-0.341796875,-0.23193359375,-0.9765625,-0.1708984375,0.59814453125,-0.23193359375,-0.634765625,-0.1220703125,0.20751953125,-0.15869140625,-0.6591796875,-0.10986328125,-0.28076171875,0.2197265625,-0.15869140625,0.1708984375,-0.28076171875,0.09765625,-0.68359375,-0.37841796875,-0.50048828125,-0.341796875,0.50048828125,-0.08544921875,0.96435546875,0.0732421875,0.25634765625,-0.45166015625,-0.18310546875,-0.28076171875,0.67138671875,-0.0244140625,0.76904296875,-0.08544921875,0.537109375,-0.84228515625,0.59814453125,0.68359375,0.1953125,0.10986328125,0.13427734375,-0.10986328125,0.84228515625,0.03662109375,0.13427734375,-0.35400390625,0.03662109375,0.01220703125,0.29296875,-0.08544921875,1.35498046875,0.15869140625,0.2197265625,0.15869140625,1.59912109375,0.2685546875,-0.341796875,0.048828125,3.96728515625,-0.4150390625,-0.5859375,-0.146484375,-0.13427734375,0.09765625,-1.3916015625,-0.20751953125,-0.10986328125,-0.08544921875,-0.15869140625,0.0244140625,0.146484375,-0.13427734375,-0.7080078125,-0.01220703125,-0.64697265625,0.01220703125,-0.5859375,0.01220703125,-0.06103515625,0.3173828125,-0.8056640625,-0.03662109375,-1.55029296875,-0.15869140625,-1.13525390625,-0.048828125,0.13427734375,-0.52490234375,0.68359375,-0.146484375,0.01220703125,-0.0732421875,-0.08544921875,0.03662109375,0.13427734375,-0.09765625,-0.390625,-0.0732421875,0.3173828125,-0.09765625,-0.89111328125,-0.09765625,-0.93994140625
1,-0.37841796875,3.3203125,-0.0244140625,1.37939453125,-0.57373046875,1.0009765625,0.01220703125,1.611328125,0.06103515625,-0.10986328125,-0.048828125,-0.93994140625,-0.1953125,1.03759765625,0.146484375,-0.1220703125,-0.03662109375,-0.6103515625,-0.2197265625,-0.18310546875,-0.15869140625,0.8544921875,0.10986328125,-0.5859375,0.30517578125,-0.28076171875,-0.20751953125,-0.927734375,-0.28076171875,0.69580078125,-0.1953125,-0.341796875,-0.13427734375,0.2197265625,-0.10986328125,-0.59814453125,-0.1220703125,-0.20751953125,0.28076171875,-0.146484375,0.18310546875,-0.25634765625,0.10986328125,-0.67138671875,-0.390625,-0.5126953125,-0.3173828125,0.52490234375,-0.08544921875,1.01318359375,0.09765625,0.42724609375,-0.48828125,-0.146484375,-0.35400390625,0.7080078125,-0.03662109375,0.7568359375,-0.01220703125,0.537109375,-0.8056640625,0.59814453125,0.69580078125,0.1708984375,-0.0244140625,0.06103515625,-0.1220703125,0.8056640625,0.06103515625,0.01220703125,-0.4638671875,0.01220703125,-0.06103515625,0.30517578125,-0.0244140625,1.30615234375,0.2197265625,0.1953125,0.09765625,1.57470703125,0.30517578125,-0.42724609375,0,3.64990234375,-0.341796875,-0.62255859375,-0.1708984375,-0.18310546875,0.13427734375,-1.47705078125,-0.28076171875,-0.2197265625,-0.06103515625,-0.2685546875,0.13427734375,-0.67138671875,-0.13427734375,-0.72021484375,0,-0.62255859375,0.08544921875,-0.59814453125,0.01220703125,-0.048828125,0.30517578125,-0.79345703125,-0.03662109375,-1.52587890625,-0.08544921875,-1.123046875,-0.08544921875,0.1708984375,-0.52490234375,0.5859375,-0.15869140625,0,-0.06103515625,-0.0732421875,-0.01220703125,0.13427734375,-0.09765625,-0.37841796875,-0.08544921875,0.32958984375,-0.09765625,-0.84228515625,-0.08544921875,-0.93994140625
1,-0.3173828125,3.173828125,-0.06103515625,1.25732421875,-0.5859375,0.91552734375,-0.01220703125,1.513671875,0.03662109375,-0.13427734375,-0.03662109375,-0.927734375,-0.20751953125,1.0009765625,0.09765625,-0.13427734375,-0.0244140625,-0.6103515625,-0.1953125,-0.18310546875,-0.048828125,0.84228515625,0.1220703125,-0.5859375,0.2685546875,-0.1953125,-0.15869140625,-0.86669921875,-0.37841796875,0.74462890625,-0.1953125,-0.01220703125,-0.20751953125,0.1953125,-0.13427734375,-0.5615234375,-0.244140625,-0.1220703125,0.244140625,-0.13427734375,0.15869140625,-0.23193359375,0.146484375,-0.634765625,-0.3662109375,-0.50048828125,-0.2685546875,0.537109375,-0.06103515625,1.03759765625,0.146484375,0.537109375,-0.5126953125,-0.13427734375,-0.42724609375,0.74462890625,-0.0244140625,0.7568359375,0.06103515625,0.5615234375,-0.732421875,0.5615234375,0.7568359375,0.146484375,-0.08544921875,0.01220703125,-0.1953125,0.76904296875,-0.0244140625,-0.10986328125,-0.52490234375,-0.03662109375,-0.10986328125,0.35400390625,0.048828125,1.25732421875,0.23193359375,0.20751953125,-0.01220703125,1.5625,0.29296875,-0.50048828125,-0.1220703125,3.43017578125,-0.2685546875,-0.6591796875,-0.1708984375,-0.25634765625,0.1220703125,-1.57470703125,-0.3662109375,-0.341796875,-0.09765625,-0.3662109375,0.1708984375,-1.35498046875,-0.1220703125,-0.7080078125,-0.03662109375,-0.64697265625,0.10986328125,-0.6103515625,0.048828125,-0.048828125,0.244140625,-0.79345703125,-0.08544921875,-1.5380859375,-0.08544921875,-1.123046875,-0.08544921875,0.15869140625,-0.537109375,0.47607421875,-0.15869140625,0.01220703125,-0.06103515625,-0.0732421875,-0.048828125,0.146484375,-0.10986328125,-0.35400390625,-0.10986328125,0.341796875,-0.08544921875,-0.79345703125,-0.08544921875,-0.9521484375
0,-0.25634765625,2.89306640625,-0.06103515625,1.123046875,-0.57373046875,0.81787109375,-0.01220703125,1.40380859375,0.048828125,-0.10986328125,-0.0244140625,-0.927734375,-0.1953125,1.0009765625,0.048828125,-0.13427734375,-0.048828125,-0.634765625,-0.146484375,-0.1953125,-0.01220703125,0.81787109375,0.10986328125,-0.5859375,0.15869140625,-0.146484375,-0.0732421875,-0.830078125,-0.40283203125,0.78125,-0.13427734375,0.244140625,-0.1953125,0.18310546875,-0.0244140625,-0.537109375,-0.25634765625,-0.0732421875,0.30517578125,-0.146484375,0.09765625,-0.20751953125,0.08544921875,-0.62255859375,-0.3173828125,-0.5126953125,-0.28076171875,0.5615234375,-0.13427734375,1.03759765625,0.18310546875,0.5615234375,-0.52490234375,-0.1708984375,-0.50048828125,0.72021484375,-0.0244140625,0.74462890625,0.09765625,0.54931640625,-0.69580078125,0.5126953125,0.830078125,0.146484375,-0.08544921875,-0.0244140625,-0.1953125,0.732421875,0.06103515625,-0.18310546875,-0.42724609375,-0.03662109375,-0.2197265625,0.47607421875,0.08544921875,1.25732421875,0.23193359375,0.25634765625,-0.08544921875,1.64794921875,0.28076171875,-0.5126953125,-0.20751953125,3.30810546875,-0.244140625,-0.69580078125,-0.146484375,-0.2685546875,0.03662109375,-1.6357421875,-0.439453125,-0.42724609375,-0.10986328125,-0.45166015625,0.2197265625,-1.7822265625,-0.08544921875,-0.7080078125,-0.03662109375,-0.64697265625,0.08544921875,-0.62255859375,0.08544921875,-0.048828125,0.1708984375,-0.78125,-0.1220703125,-1.5380859375,-0.10986328125,-1.15966796875,-0.1220703125,0.146484375,-0.50048828125,0.35400390625,-0.15869140625,0.0244140625,-0.0732421875,-0.048828125,-0.0732421875,0.15869140625,-0.10986328125,-0.3662109375,-0.1220703125,0.390625,-0.06103515625,-0.76904296875,-0.06103515625,-0.96435546875
0,-0.15869140625,2.47802734375,-0.08544921875,0.96435546875,-0.57373046875,0.6591796875,-0.0244140625,1.220703125,0.06103515625,-0.10986328125,-0.01220703125,-0.89111328125,-0.1953125,1.01318359375,0.048828125,-0.13427734375,-0.08544921875,-0.634765625,-0.0732421875,-0.1953125,0.01220703125,0.830078125,0.15869140625,-0.5859375,0.1220703125,-0.13427734375,-0.06103515625,-0.79345703125,-0.35400390625,0.81787109375,-0.0732421875,0.3662109375,-0.23193359375,0.10986328125,-0.01220703125,-0.57373046875,-0.32958984375,-0.03662109375,0.32958984375,-0.18310546875,0,-0.1953125,0.01220703125,-0.634765625,-0.23193359375,-0.5126953125,-0.2197265625,0.5859375,-0.20751953125,1.025390625,0.18310546875,0.48828125,-0.5859375,-0.1953125,-0.5615234375,0.68359375,-0.0244140625,0.7568359375,0.146484375,0.54931640625,-0.72021484375,0.47607421875,0.87890625,0.13427734375,-0.1708984375,0,-0.25634765625,0.72021484375,0.03662109375,-0.2197265625,-0.40283203125,-0.0244140625,-0.146484375,0.64697265625,0.08544921875,1.26953125,0.13427734375,0.37841796875,-0.18310546875,1.7822265625,0.23193359375,-0.52490234375,-0.244140625,3.271484375,-0.1953125,-0.6591796875,-0.10986328125,-0.2685546875,-0.048828125,-1.64794921875,-0.42724609375,-0.48828125,-0.15869140625,-0.50048828125,0.30517578125,-1.96533203125,-0.01220703125,-0.72021484375,-0.048828125,-0.6591796875,0.08544921875,-0.62255859375,0.08544921875,-0.048828125,0.15869140625,-0.79345703125,-0.146484375,-1.5380859375,-0.1220703125,-1.1474609375,-0.13427734375,0.15869140625,-0.42724609375,0.28076171875,-0.1708984375,0,-0.06103515625,-0.0244140625,-0.0732421875,0.18310546875,-0.18310546875,-0.390625,-0.15869140625,0.4150390625,-0.0732421875,-0.74462890625,-0.03662109375,-0.98876953125
0,-0.06103515625,1.94091796875,-0.0732421875,0.732421875,-0.52490234375,0.4638671875,-0.06103515625,1.0009765625,0.048828125,-0.13427734375,-0.0244140625,-0.91552734375,-0.15869140625,0.9765625,0.01220703125,-0.1220703125,-0.09765625,-0.634765625,-0.01220703125,-0.1953125,0.03662109375,0.830078125,0.15869140625,-0.57373046875,0.08544921875,-0.146484375,-0.0244140625,-0.78125,-0.28076171875,0.8056640625,-0.048828125,0.3662109375,-0.2197265625,0.048828125,0.0732421875,-0.57373046875,-0.3662109375,-0.03662109375,0.30517578125,-0.23193359375,-0.08544921875,-0.18310546875,-0.048828125,-0.634765625,-0.10986328125,-0.5126953125,-0.23193359375,0.57373046875,-0.20751953125,1.0009765625,0.244140625,0.37841796875,-0.54931640625,-0.2685546875,-0.5615234375,0.6591796875,0.03662109375,0.74462890625,0.146484375,0.5615234375,-0.67138671875,0.439453125,0.9521484375,0.13427734375,-0.1220703125,0.08544921875,-0.2197265625,0.76904296875,-0.0732421875,-0.18310546875,-0.37841796875,0.03662109375,-0.10986328125,0.830078125,0.146484375,1.3671875,0.0244140625,0.50048828125,-0.2197265625,1.953125,0.1708984375,-0.50048828125,-0.2685546875,3.25927734375,-0.13427734375,-0.6591796875,-0.0732421875,-0.25634765625,-0.146484375,-1.6357421875,-0.40283203125,-0.4638671875,-0.244140625,-0.5126953125,0.20751953125,-1.86767578125,0.0244140625,-0.72021484375,-0.0732421875,-0.67138671875,0.048828125,-0.6103515625,0.10986328125,-0.048828125,0.10986328125,-0.8056640625,-0.20751953125,-1.52587890625,-0.1220703125,-1.123046875,-0.146484375,0.146484375,-0.42724609375,0.23193359375,-0.1708984375,-0.01220703125,-0.0732421875,-0.03662109375,-0.0732421875,0.20751953125,-0.15869140625,-0.40283203125,-0.13427734375,0.4638671875,-0.03662109375,-0.72021484375,0.03662109375,-0.96435546875
0,0,1.318359375,-0.10986328125,0.48828125,-0.5126953125,0.25634765625,-0.10986328125,0.74462890625,0.06103515625,-0.1220703125,-0.0244140625,-0.9033203125,-0.146484375,1.0009765625,0,-0.15869140625,-0.1220703125,-0.64697265625,0.048828125,-0.18310546875,0.01220703125,0.81787109375,0.20751953125,-0.57373046875,0.0732421875,-0.20751953125,0,-0.81787109375,-0.1708984375,0.74462890625,-0.048828125,0.20751953125,-0.28076171875,0,0.1220703125,-0.6103515625,-0.40283203125,-0.0732421875,0.23193359375,-0.28076171875,-0.13427734375,-0.2197265625,-0.10986328125,-0.634765625,-0.048828125,-0.52490234375,-0.20751953125,0.59814453125,-0.25634765625,0.93994140625,0.29296875,0.2197265625,-0.5126953125,-0.29296875,-0.64697265625,0.62255859375,0.10986328125,0.7568359375,0.1708984375,0.54931640625,-0.7080078125,0.42724609375,0.98876953125,0.146484375,-0.0732421875,0.20751953125,-0.08544921875,0.830078125,-0.0244140625,-0.08544921875,-0.25634765625,0.1220703125,-0.08544921875,1.0009765625,0.1708984375,1.513671875,-0.08544921875,0.64697265625,-0.25634765625,2.11181640625,0.09765625,-0.5126953125,-0.244140625,3.28369140625,-0.09765625,-0.67138671875,-0.03662109375,-0.25634765625,-0.23193359375,-1.5869140625,-0.3662109375,-0.4150390625,-0.30517578125,-0.48828125,0.23193359375,-1.5380859375,0.0732421875,-0.732421875,-0.09765625,-0.68359375,0.0244140625,-0.6103515625,0.09765625,-0.048828125,0.10986328125,-0.81787109375,-0.25634765625,-1.5380859375,-0.0732421875,-1.123046875,-0.146484375,0.1708984375,-0.40283203125,0.18310546875,-0.146484375,-0.048828125,-0.08544921875,0.01220703125,-0.0732421875,0.18310546875,-0.1708984375,-0.40283203125,-0.1708984375,0.48828125,0.048828125,-0.72021484375,0.06103515625,-0.96435546875
0,0.0732421875,0.732421875,-0.13427734375,0.244140625,-0.50048828125,0.08544921875,-0.13427734375,0.5126953125,0.048828125,-0.1220703125,-0.0244140625,-0.9033203125,-0.13427734375,1.01318359375,0.01220703125,-0.1708984375,-0.09765625,-0.634765625,0.09765625,-0.18310546875,-0.0244140625,0.830078125,0.244140625,-0.537109375,0.1220703125,-0.2685546875,0.01220703125,-0.86669921875,-0.06103515625,0.68359375,-0.146484375,-0.048828125,-0.1953125,-0.01220703125,0.25634765625,-0.62255859375,-0.3662109375,-0.08544921875,0.20751953125,-0.30517578125,-0.1953125,-0.2197265625,-0.13427734375,-0.64697265625,0,-0.52490234375,-0.23193359375,0.57373046875,-0.23193359375,0.9033203125,0.2685546875,0.09765625,-0.50048828125,-0.30517578125,-0.68359375,0.6103515625,0.1708984375,0.78125,0.15869140625,0.54931640625,-0.74462890625,0.439453125,1.0498046875,0.146484375,-0.048828125,0.37841796875,-0.048828125,0.9521484375,-0.146484375,0.06103515625,-0.23193359375,0.244140625,0.10986328125,1.13525390625,0.1220703125,1.59912109375,-0.18310546875,0.76904296875,-0.25634765625,2.28271484375,0.048828125,-0.5126953125,-0.2197265625,3.173828125,-0.048828125,-0.6591796875,-0.048828125,-0.29296875,-0.2685546875,-1.513671875,-0.29296875,-0.35400390625,-0.37841796875,-0.42724609375,0.244140625,-1.0009765625,0.03662109375,-0.7080078125,-0.09765625,-0.7080078125,0.03662109375,-0.6103515625,0.03662109375,-0.06103515625,0.1220703125,-0.8056640625,-0.29296875,-1.513671875,-0.048828125,-1.08642578125,-0.15869140625,0.1708984375,-0.35400390625,0.1708984375,-0.1220703125,-0.048828125,-0.0732421875,0.01220703125,-0.09765625,0.18310546875,-0.20751953125,-0.4150390625,-0.1953125,0.50048828125,0.08544921875,-0.72021484375,0.09765625,-0.9521484375
0,0.08544921875,0.1953125,-0.146484375,0.03662109375,-0.4638671875,-0.08544921875,-0.13427734375,0.30517578125,0.03662109375,-0.1220703125,-0.01220703125,-0.89111328125,-0.13427734375,1.01318359375,-0.03662109375,-0.1953125,-0.08544921875,-0.634765625,0.10986328125,-0.1708984375,0.01220703125,0.830078125,0.25634765625,-0.52490234375,0.15869140625,-0.32958984375,0,-0.927734375,0.03662109375,0.6103515625,-0.2197265625,-0.37841796875,-0.18310546875,0.06103515625,0.30517578125,-0.5859375,-0.23193359375,-0.10986328125,0.10986328125,-0.29296875,-0.1953125,-0.20751953125,-0.1708984375,-0.67138671875,0.08544921875,-0.50048828125,-0.25634765625,0.57373046875,-0.1708984375,0.87890625,0.29296875,0.048828125,-0.4150390625,-0.30517578125,-0.67138671875,0.5859375,0.146484375,0.7568359375,0.15869140625,0.52490234375,-0.79345703125,0.4638671875,1.13525390625,0.1708984375,-0.048828125,0.5859375,0.03662109375,1.08642578125,-0.1708984375,0.25634765625,-0.1708984375,0.37841796875,0.09765625,1.18408203125,0.13427734375,1.69677734375,-0.2685546875,0.86669921875,-0.2197265625,2.38037109375,0.0244140625,-0.52490234375,-0.0732421875,2.978515625,0,-0.6591796875,-0.01220703125,-0.3173828125,-0.2685546875,-1.40380859375,-0.20751953125,-0.20751953125,-0.3662109375,-0.3173828125,0.10986328125,-0.3173828125,-0.01220703125,-0.732421875,-0.0732421875,-0.69580078125,0.0732421875,-0.62255859375,-0.0244140625,-0.048828125,0.1220703125,-0.8056640625,-0.341796875,-1.55029296875,-0.0244140625,-1.08642578125,-0.15869140625,0.1708984375,-0.3173828125,0.2197265625,-0.09765625,-0.048828125,-0.0732421875,-0.01220703125,-0.10986328125,0.15869140625,-0.20751953125,-0.390625,-0.2197265625,0.5126953125,0.09765625,-0.732421875,0.09765625,-0.89111328125
0,0.08544921875,-0.146484375,-0.15869140625,-0.09765625,-0.45166015625,-0.2197265625,-0.13427734375,0.15869140625,0.048828125,-0.1220703125,0,-0.91552734375,-0.1220703125,1.03759765625,-0.048828125,-0.18310546875,-0.09765625,-0.62255859375,0.10986328125,-0.18310546875,0.01220703125,0.84228515625,0.23193359375,-0.537109375,0.20751953125,-0.37841796875,-0.0244140625,-0.9765625,0.1220703125,0.57373046875,-0.25634765625,-0.6103515625,-0.15869140625,0.18310546875,0.4150390625,-0.5126953125,-0.23193359375,-0.08544921875,0.10986328125,-0.20751953125,-0.146484375,-0.20751953125,-0.20751953125,-0.6591796875,0.09765625,-0.48828125,-0.3173828125,0.5859375,-0.15869140625,0.9033203125,0.25634765625,0.03662109375,-0.40283203125,-0.29296875,-0.6591796875,0.62255859375,0.18310546875,0.7568359375,0.13427734375,0.5126953125,-0.78125,0.48828125,1.171875,0.1708984375,-0.08544921875,0.78125,0.13427734375,1.23291015625,-0.08544921875,0.42724609375,-0.10986328125,0.47607421875,0.10986328125,1.1474609375,0.03662109375,1.74560546875,-0.341796875,0.86669921875,-0.20751953125,2.40478515625,0.03662109375,-0.6103515625,-0.048828125,2.63671875,0.0732421875,-0.69580078125,0,-0.37841796875,-0.244140625,-1.25732421875,-0.09765625,-0.10986328125,-0.341796875,-0.18310546875,0.08544921875,0.45166015625,-0.048828125,-0.732421875,-0.048828125,-0.7080078125,0.10986328125,-0.59814453125,-0.09765625,-0.06103515625,0.08544921875,-0.830078125,-0.341796875,-1.5380859375,-0.048828125,-1.08642578125,-0.1953125,0.15869140625,-0.25634765625,0.2685546875,-0.06103515625,-0.03662109375,-0.06103515625,0,-0.08544921875,0.146484375,-0.1953125,-0.3662109375,-0.23193359375,0.52490234375,0.1220703125,-0.732421875,0.1220703125,-0.87890625
0,0.06103515625,-0.29296875,-0.1220703125,-0.1708984375,-0.40283203125,-0.244140625,-0.1220703125,0.10986328125,0.06103515625,-0.09765625,-0.0244140625,-0.93994140625,-0.08544921875,1.06201171875,-0.048828125,-0.20751953125,-0.0732421875,-0.62255859375,0.08544921875,-0.18310546875,0.048828125,0.81787109375,0.2197265625,-0.52490234375,0.2685546875,-0.4150390625,-0.06103515625,-1.0009765625,0.1708984375,0.54931640625,-0.2685546875,-0.76904296875,-0.13427734375,0.35400390625,0.45166015625,-0.40283203125,-0.2197265625,-0.03662109375,0.10986328125,-0.09765625,-0.0732421875,-0.2197265625,-0.23193359375,-0.634765625,0.08544921875,-0.47607421875,-0.341796875,0.57373046875,-0.06103515625,0.96435546875,0.2197265625,0.1220703125,-0.42724609375,-0.25634765625,-0.634765625,0.67138671875,0.18310546875,0.732421875,0.0732421875,0.52490234375,-0.84228515625,0.50048828125,1.123046875,0.15869140625,-0.146484375,0.96435546875,0.146484375,1.37939453125,-0.13427734375,0.5859375,-0.10986328125,0.57373046875,0.10986328125,1.06201171875,-0.03662109375,1.708984375,-0.40283203125,0.830078125,-0.23193359375,2.33154296875,0.08544921875,-0.732421875,0.10986328125,2.16064453125,0.146484375,-0.76904296875,-0.0244140625,-0.48828125,-0.2197265625,-1.123046875,0.0244140625,0.0244140625,-0.28076171875,-0.03662109375,-0.08544921875,1.2939453125,-0.048828125,-0.74462890625,-0.09765625,-0.72021484375,0.13427734375,-0.59814453125,-0.146484375,-0.06103515625,0.03662109375,-0.830078125,-0.30517578125,-1.52587890625,-0.0732421875,-1.08642578125,-0.18310546875,0.1708984375,-0.2197265625,0.3173828125,-0.0244140625,-0.01220703125,-0.0732421875,-0.01220703125,-0.08544921875,0.146484375,-0.2197265625,-0.3662109375,-0.25634765625,0.50048828125,0.0732421875,-0.7568359375,0.08544921875,-0.84228515625
0,0.06103515625,-0.15869140625,-0.146484375,-0.13427734375,-0.4150390625,-0.1953125,-0.146484375,0.15869140625,0.06103515625,-0.09765625,0,-0.9521484375,-0.09765625,1.0498046875,-0.0732421875,-0.2197265625,-0.048828125,-0.59814453125,0.06103515625,-0.1708984375,0.048828125,0.8056640625,0.18310546875,-0.54931640625,0.3173828125,-0.4150390625,-0.06103515625,-1.01318359375,0.23193359375,0.57373046875,-0.20751953125,-0.8056640625,-0.18310546875,0.52490234375,0.47607421875,-0.28076171875,-0.1220703125,0,0.1708984375,0.03662109375,0.03662109375,-0.2197265625,-0.20751953125,-0.6103515625,0.06103515625,-0.4638671875,-0.37841796875,0.5615234375,-0.03662109375,1.0498046875,0.244140625,0.244140625,-0.37841796875,-0.23193359375,-0.6103515625,0.732421875,0.20751953125,0.732421875,0.048828125,0.50048828125,-0.830078125,0.537109375,1.03759765625,0.1708984375,-0.15869140625,1.08642578125,0.1708984375,1.4892578125,-0.0732421875,0.68359375,-0.1220703125,0.634765625,0.1953125,0.927734375,-0.0732421875,1.66015625,-0.35400390625,0.732421875,-0.23193359375,2.1728515625,0.1220703125,-0.8544921875,0.1953125,1.5625,0.20751953125,-0.830078125,-0.048828125,-0.59814453125,-0.146484375,-0.9765625,0.08544921875,0.146484375,-0.1953125,0.09765625,-0.048828125,2.16064453125,-0.06103515625,-0.732421875,-0.09765625,-0.69580078125,0.1220703125,-0.6103515625,-0.2197265625,-0.06103515625,0,-0.81787109375,-0.29296875,-1.55029296875,-0.09765625,-1.08642578125,-0.20751953125,0.146484375,-0.18310546875,0.37841796875,0,-0.0244140625,-0.0732421875,-0.03662109375,-0.0732421875,0.146484375,-0.20751953125,-0.3662109375,-0.244140625,0.42724609375,0.1220703125,-0.76904296875,0.0732421875,-0.8544921875
0,0.10986328125,0.244140625,-0.146484375,0.06103515625,-0.4150390625,-0.0732421875,-0.13427734375,0.341796875,0.06103515625,-0.10986328125,0.01220703125,-0.9521484375,-0.0732421875,1.0498046875,-0.048828125,-0.1953125,0,-0.5859375,0.03662109375,-0.15869140625,0.0244140625,0.830078125,0.20751953125,-0.54931640625,0.37841796875,-0.390625,-0.09765625,-1.0009765625,0.25634765625,0.5859375,-0.146484375,-0.7080078125,-0.1953125,0.67138671875,0.45166015625,-0.18310546875,-0.13427734375,0.06103515625,0.20751953125,0.1708984375,0.10986328125,-0.244140625,-0.18310546875,-0.5859375,-0.01220703125,-0.4638671875,-0.42724609375,0.5615234375,0.09765625,1.1474609375,0.1708984375,0.439453125,-0.37841796875,-0.1708984375,-0.57373046875,0.8056640625,0.20751953125,0.732421875,0.0244140625,0.52490234375,-0.89111328125,0.537109375,0.93994140625,0.1708984375,-0.13427734375,1.171875,0.1708984375,1.5625,-0.01220703125,0.72021484375,-0.13427734375,0.67138671875,0.3173828125,0.84228515625,-0.13427734375,1.5380859375,-0.25634765625,0.6103515625,-0.2197265625,1.98974609375,0.1220703125,-1.025390625,0.244140625,0.89111328125,0.2197265625,-0.9521484375,-0.10986328125,-0.72021484375,-0.0732421875,-0.830078125,0.10986328125,0.28076171875,-0.08544921875,0.244140625,-0.146484375,3.02734375,-0.08544921875,-0.72021484375,-0.01220703125,-0.67138671875,0.09765625,-0.59814453125,-0.244140625,-0.0732421875,-0.03662109375,-0.830078125,-0.25634765625,-1.5380859375,-0.13427734375,-1.0986328125,-0.20751953125,0.146484375,-0.15869140625,0.40283203125,0,-0.0244140625,-0.06103515625,-0.048828125,-0.06103515625,0.13427734375,-0.25634765625,-0.3662109375,-0.2685546875,0.390625,0.09765625,-0.79345703125,0.0244140625,-0.86669921875
0,0.06103515625,0.89111328125,-0.13427734375,0.3173828125,-0.390625,0.146484375,-0.10986328125,0.634765625,0.048828125,-0.10986328125,0.0244140625,-0.9521484375,-0.03662109375,1.0498046875,-0.03662109375,-0.1953125,0.048828125,-0.57373046875,0,-0.18310546875,-0.048828125,0.81787109375,0.244140625,-0.5615234375,0.390625,-0.341796875,-0.10986328125,-0.9765625,0.244140625,0.64697265625,-0.06103515625,-0.5126953125,-0.13427734375,0.7568359375,0.40283203125,-0.13427734375,-0.0732421875,0.10986328125,0.23193359375,0.28076171875,0.1708984375,-0.25634765625,-0.13427734375,-0.5859375,-0.048828125,-0.4638671875,-0.4638671875,0.57373046875,0.13427734375,1.25732421875,0.15869140625,0.59814453125,-0.35400390625,-0.1220703125,-0.5126953125,0.87890625,0.18310546875,0.732421875,0.048828125,0.537109375,-0.91552734375,0.54931640625,0.84228515625,0.1708984375,-0.08544921875,1.1962890625,0.2197265625,1.5625,0.0244140625,0.69580078125,-0.1708984375,0.72021484375,0.35400390625,0.81787109375,-0.1708984375,1.40380859375,-0.18310546875,0.50048828125,-0.3173828125,1.806640625,0.1220703125,-1.171875,0.29296875,0.25634765625,0.23193359375,-1.0498046875,-0.18310546875,-0.84228515625,0,-0.68359375,0.09765625,0.390625,0.01220703125,0.37841796875,0,3.9306640625,-0.08544921875,-0.732421875,0.048828125,-0.64697265625,0.06103515625,-0.6103515625,-0.2685546875,-0.0732421875,-0.03662109375,-0.8056640625,-0.25634765625,-1.5380859375,-0.146484375,-1.123046875,-0.20751953125,0.146484375,-0.146484375,0.42724609375,-0.01220703125,-0.01220703125,-0.048828125,-0.0732421875,-0.03662109375,0.13427734375,-0.25634765625,-0.390625,-0.2685546875,0.35400390625,0.09765625,-0.76904296875,0,-0.927734375
0,-0.03662109375,1.77001953125,-0.1708984375,0.6591796875,-0.4150390625,0.45166015625,-0.15869140625,0.98876953125,0.03662109375,-0.10986328125,0.01220703125,-0.93994140625,0,1.01318359375,-0.1220703125,-0.1953125,0.048828125,-0.5859375,-0.0244140625,-0.1708984375,-0.09765625,0.830078125,0.28076171875,-0.5859375,0.35400390625,-0.25634765625,-0.146484375,-0.927734375,0.25634765625,0.7080078125,-0.01220703125,-0.25634765625,-0.0732421875,0.74462890625,0.29296875,-0.1220703125,-0.0732421875,0.13427734375,0.244140625,0.28076171875,0.1708984375,-0.2197265625,-0.1220703125,-0.57373046875,-0.10986328125,-0.4638671875,-0.5126953125,0.5859375,0.18310546875,1.33056640625,0.13427734375,0.732421875,-0.32958984375,-0.08544921875,-0.4150390625,0.93994140625,0.10986328125,0.74462890625,0.03662109375,0.52490234375,-0.89111328125,0.5615234375,0.76904296875,0.18310546875,-0.10986328125,1.18408203125,0.18310546875,1.5625,0.048828125,0.64697265625,-0.1953125,0.68359375,0.35400390625,0.9521484375,-0.146484375,1.37939453125,-0.06103515625,0.45166015625,-0.341796875,1.7333984375,0.09765625,-1.28173828125,0.25634765625,-0.2685546875,0.2197265625,-1.15966796875,-0.1953125,-0.93994140625,0.08544921875,-0.57373046875,0.09765625,0.48828125,0.09765625,0.537109375,0.0244140625,4.78515625,-0.09765625,-0.732421875,0.10986328125,-0.634765625,0,-0.6103515625,-0.25634765625,-0.048828125,-0.01220703125,-0.78125,-0.2685546875,-1.55029296875,-0.1953125,-1.1474609375,-0.1953125,0.1220703125,-0.1220703125,0.40283203125,-0.0244140625,-0.0244140625,-0.06103515625,-0.08544921875,-0.0244140625,0.13427734375,-0.244140625,-0.4150390625,-0.244140625,0.30517578125,0.048828125,-0.732421875,-0.03662109375,-0.9521484375
0,0.03662109375,2.77099609375,-0.146484375,1.0498046875,-0.35400390625,0.830078125,-0.1220703125,1.416015625,0.0244140625,-0.08544921875,0.01220703125,-0.9033203125,0.0244140625,1.025390625,-0.13427734375,-0.13427734375,0.03662109375,-0.59814453125,0.01220703125,-0.146484375,-0.146484375,0.81787109375,0.35400390625,-0.5859375,0.2685546875,-0.2197265625,-0.13427734375,-0.89111328125,0.244140625,0.7568359375,-0.01220703125,-0.01220703125,-0.0244140625,0.64697265625,0.20751953125,-0.20751953125,-0.0244140625,0.13427734375,0.23193359375,0.244140625,0.1708984375,-0.20751953125,-0.08544921875,-0.59814453125,-0.1220703125,-0.4638671875,-0.50048828125,0.57373046875,0.2197265625,1.3671875,0.146484375,0.79345703125,-0.30517578125,-0.048828125,-0.30517578125,0.9765625,0.06103515625,0.74462890625,-0.01220703125,0.52490234375,-0.830078125,0.537109375,0.74462890625,0.18310546875,-0.0732421875,1.123046875,0.10986328125,1.52587890625,0,0.5615234375,-0.2197265625,0.67138671875,0.341796875,1.2939453125,-0.1708984375,1.3916015625,0.0244140625,0.5126953125,-0.40283203125,1.79443359375,0.10986328125,-1.33056640625,0.15869140625,-0.57373046875,0.146484375,-1.1962890625,-0.1708984375,-0.9521484375,0.13427734375,-0.45166015625,0.048828125,0.57373046875,0.1708984375,0.634765625,0.03662109375,5.5419921875,-0.146484375,-0.72021484375,0.146484375,-0.634765625,-0.0244140625,-0.6103515625,-0.2197265625,-0.06103515625,0.0244140625,-0.79345703125,-0.25634765625,-1.57470703125,-0.28076171875,-1.13525390625,-0.146484375,0.13427734375,-0.13427734375,0.3662109375,-0.03662109375,-0.0244140625,-0.06103515625,-0.10986328125,-0.01220703125,0.15869140625,-0.244140625,-0.4150390625,-0.25634765625,0.29296875,-0.03662109375,-0.69580078125,-0.0244140625,-0.9765625
1,0.048828125,3.79638671875,-0.1220703125,1.513671875,-0.30517578125,1.220703125,-0.15869140625,1.904296875,0.0244140625,-0.0732421875,0.03662109375,-0.9033203125,0.01220703125,1.0009765625,-0.15869140625,-0.13427734375,0,-0.6103515625,0.01220703125,-0.15869140625,-0.1708984375,0.79345703125,0.37841796875,-0.57373046875,0.1953125,-0.15869140625,-0.1220703125,-0.86669921875,0.244140625,0.76904296875,-0.01220703125,0.10986328125,-0.01220703125,0.5126953125,0.09765625,-0.32958984375,0.01220703125,0.10986328125,0.2197265625,0.13427734375,0.146484375,-0.20751953125,-0.08544921875,-0.59814453125,-0.1220703125,-0.48828125,-0.5126953125,0.5859375,0.1953125,1.3916015625,0.13427734375,0.81787109375,-0.3173828125,-0.06103515625,-0.244140625,0.96435546875,0,0.732421875,-0.0244140625,0.52490234375,-0.732421875,0.54931640625,0.7080078125,0.1708984375,-0.0732421875,1.025390625,0.03662109375,1.42822265625,-0.03662109375,0.47607421875,-0.244140625,0.62255859375,0.28076171875,1.85546875,-0.1953125,1.57470703125,0.048828125,0.7080078125,-0.4150390625,2.001953125,0.0732421875,-1.3427734375,0.0732421875,-0.67138671875,0.09765625,-1.220703125,-0.146484375,-0.96435546875,0.13427734375,-0.390625,0,0.62255859375,0.244140625,0.72021484375,0.1220703125,6.14013671875,-0.18310546875,-0.7080078125,0.15869140625,-0.634765625,-0.0244140625,-0.6103515625,-0.146484375,-0.06103515625,0.048828125,-0.81787109375,-0.28076171875,-1.5625,-0.32958984375,-1.123046875,-0.08544921875,0.10986328125,-0.10986328125,0.3173828125,-0.06103515625,-0.01220703125,-0.06103515625,-0.10986328125,-0.0244140625,0.146484375,-0.2197265625,-0.439453125,-0.2197265625,0.3173828125,-0.06103515625,-0.57373046875,-0.048828125,-0.98876953125
1,0.0732421875,4.77294921875,-0.13427734375,1.91650390625,-0.30517578125,1.62353515625,-0.15869140625,2.294921875,0.0244140625,-0.09765625,0.0244140625,-0.89111328125,0.0244140625,1.0009765625,-0.146484375,-0.1220703125,-0.048828125,-0.6103515625,0.01220703125,-0.15869140625,-0.146484375,0.79345703125,0.37841796875,-0.57373046875,0.13427734375,-0.15869140625,-0.13427734375,-0.8056640625,0.23193359375,0.76904296875,-0.06103515625,0.1708984375,-0.03662109375,0.35400390625,0.03662109375,-0.45166015625,-0.0244140625,0.10986328125,0.2197265625,0.01220703125,0.10986328125,-0.20751953125,-0.09765625,-0.62255859375,-0.1220703125,-0.48828125,-0.537109375,0.5859375,0.146484375,1.35498046875,0.15869140625,0.74462890625,-0.29296875,-0.09765625,-0.2197265625,0.93994140625,-0.06103515625,0.72021484375,-0.03662109375,0.5126953125,-0.86669921875,0.54931640625,0.68359375,0.18310546875,-0.06103515625,0.927734375,-0.048828125,1.35498046875,-0.146484375,0.3662109375,-0.244140625,0.54931640625,0.23193359375,2.64892578125,-0.2197265625,1.9775390625,0.03662109375,1.06201171875,-0.35400390625,2.4169921875,0.048828125,-1.28173828125,0.01220703125,-0.45166015625,0.03662109375,-1.1962890625,-0.0732421875,-0.9033203125,0.09765625,-0.390625,-0.03662109375,0.634765625,0.3173828125,0.74462890625,0.18310546875,6.5185546875,-0.20751953125,-0.69580078125,0.18310546875,-0.64697265625,-0.048828125,-0.62255859375,-0.048828125,-0.06103515625,0.03662109375,-0.79345703125,-0.28076171875,-1.5625,-0.341796875,-1.123046875,-0.06103515625,0.10986328125,-0.0732421875,0.28076171875,-0.10986328125,-0.048828125,-0.06103515625,-0.1220703125,-0.01220703125,0.13427734375,-0.20751953125,-0.439453125,-0.2197265625,0.341796875,-0.20751953125,-0.42724609375,-0.08544921875,-0.98876953125
1,0.10986328125,5.615234375,-0.10986328125,2.24609375,-0.28076171875,1.953125,-0.18310546875,2.63671875,0.03662109375,-0.10986328125,0.0244140625,-0.9033203125,0.0244140625,1.0009765625,-0.13427734375,-0.13427734375,-0.08544921875,-0.62255859375,0.01220703125,-0.15869140625,-0.13427734375,0.79345703125,0.341796875,-0.5615234375,0.048828125,-0.18310546875,-0.09765625,-0.84228515625,0.18310546875,0.74462890625,-0.06103515625,0.10986328125,-0.13427734375,0.2197265625,-0.0244140625,-0.537109375,-0.0732421875,0.18310546875,0.1953125,-0.08544921875,0.08544921875,-0.1953125,-0.146484375,-0.64697265625,-0.1220703125,-0.50048828125,-0.54931640625,0.57373046875,0.10986328125,1.28173828125,0.146484375,0.6103515625,-0.30517578125,-0.13427734375,-0.18310546875,0.87890625,-0.08544921875,0.74462890625,-0.0244140625,0.52490234375,-0.79345703125,0.5859375,0.634765625,0.1708984375,0.01220703125,0.830078125,-0.09765625,1.2451171875,-0.20751953125,0.29296875,-0.244140625,0.50048828125,0.03662109375,3.6865234375,-0.1708984375,2.40478515625,0.01220703125,1.5380859375,-0.28076171875,2.99072265625,0.03662109375,-1.1474609375,-0.0732421875,0.0244140625,0,-1.123046875,-0.01220703125,-0.8056640625,0.01220703125,-0.4150390625,-0.0732421875,0.62255859375,0.40283203125,0.732421875,0.20751953125,6.6162109375,-0.18310546875,-0.7080078125,0.18310546875,-0.6591796875,-0.0732421875,-0.62255859375,0.0244140625,-0.0732421875,0,-0.81787109375,-0.25634765625,-1.5625,-0.341796875,-1.123046875,-0.0244140625,0.1220703125,-0.06103515625,0.244140625,-0.13427734375,-0.048828125,-0.06103515625,-0.13427734375,0.01220703125,0.146484375,-0.20751953125,-0.3662109375,-0.18310546875,0.42724609375,-0.2685546875,-0.1953125,-0.08544921875,-0.9033203125
1,0.048828125,6.28662109375,-0.13427734375,2.55126953125,-0.2685546875,2.24609375,-0.18310546875,2.91748046875,0.06103515625,-0.08544921875,0.01220703125,-0.91552734375,0,1.01318359375,-0.146484375,-0.15869140625,-0.08544921875,-0.64697265625,0.0244140625,-0.15869140625,-0.13427734375,0.78125,0.29296875,-0.54931640625,0,-0.1953125,-0.08544921875,-0.86669921875,0.09765625,0.67138671875,-0.048828125,-0.03662109375,-0.244140625,0.20751953125,0.01220703125,-0.52490234375,-0.2197265625,0.3173828125,0.2197265625,-0.10986328125,0.06103515625,-0.20751953125,-0.2197265625,-0.69580078125,-0.1220703125,-0.48828125,-0.54931640625,0.5615234375,0.048828125,1.23291015625,0.1708984375,0.4638671875,-0.28076171875,-0.15869140625,-0.146484375,0.81787109375,-0.13427734375,0.732421875,-0.03662109375,0.5126953125,-0.7568359375,0.67138671875,0.54931640625,0.1953125,0.048828125,0.732421875,-0.13427734375,1.1962890625,-0.2197265625,0.244140625,-0.244140625,0.42724609375,-0.1220703125,4.8583984375,-0.1708984375,3.0029296875,0,2.1240234375,-0.23193359375,3.7109375,0.048828125,-0.93994140625,-0.15869140625,0.76904296875,0,-0.98876953125,0.01220703125,-0.6591796875,-0.0732421875,-0.47607421875,-0.08544921875,0.5615234375,0.48828125,0.6591796875,0.1708984375,6.35986328125,-0.146484375,-0.7080078125,0.1708984375,-0.6591796875,-0.1220703125,-0.62255859375,0.09765625,-0.0732421875,-0.048828125,-0.81787109375,-0.20751953125,-1.55029296875,-0.30517578125,-1.123046875,-0.03662109375,0.13427734375,-0.048828125,0.20751953125,-0.146484375,-0.06103515625,-0.06103515625,-0.10986328125,0.0244140625,0.146484375,-0.2197265625,-0.2685546875,-0.1708984375,0.50048828125,-0.244140625,0.10986328125,-0.146484375,-0.8056640625
1,0.01220703125,6.65283203125,-0.1953125,2.7587890625,-0.2685546875,2.4169921875,-0.1953125,3.06396484375,0.048828125,-0.0732421875,0.03662109375,-0.9033203125,0,1.03759765625,-0.1220703125,-0.146484375,-0.048828125,-0.64697265625,0,-0.1708984375,-0.09765625,0.78125,0.2685546875,-0.537109375,-0.03662109375,-0.25634765625,-0.0732421875,-0.9033203125,-0.048828125,0.62255859375,-0.03662109375,-0.25634765625,-0.3662109375,0.32958984375,-0.048828125,-0.390625,-0.4150390625,0.62255859375,0.09765625,0.01220703125,-0.03662109375,-0.2197265625,-0.23193359375,-0.72021484375,-0.146484375,-0.5126953125,-0.48828125,0.5615234375,-0.01220703125,1.15966796875,0.2197265625,0.30517578125,-0.2685546875,-0.1708984375,-0.09765625,0.78125,-0.146484375,0.732421875,-0.0732421875,0.5126953125,-0.69580078125,0.79345703125,0.50048828125,0.1953125,0.1220703125,0.69580078125,-0.15869140625,1.1474609375,-0.37841796875,0.1953125,-0.30517578125,0.37841796875,-0.08544921875,6.11572265625,-0.2197265625,3.6376953125,-0.03662109375,2.77099609375,-0.146484375,4.45556640625,0.048828125,-0.72021484375,-0.28076171875,1.66015625,-0.03662109375,-0.830078125,-0.048828125,-0.47607421875,-0.1708984375,-0.59814453125,-0.0732421875,0.47607421875,0.52490234375,0.5615234375,0.08544921875,5.76171875,-0.1220703125,-0.7080078125,0.146484375,-0.67138671875,-0.1708984375,-0.62255859375,0.13427734375,-0.08544921875,-0.06103515625,-0.81787109375,-0.15869140625,-1.5380859375,-0.2685546875,-1.11083984375,-0.048828125,0.146484375,-0.01220703125,0.20751953125,-0.15869140625,-0.06103515625,-0.06103515625,-0.08544921875,0,0.1708984375,-0.1953125,-0.146484375,-0.15869140625,0.6103515625,-0.1708984375,0.47607421875,-0.13427734375,-0.64697265625
1,-0.01220703125,6.7626953125,-0.1953125,2.83203125,-0.25634765625,2.4658203125,-0.1953125,3.08837890625,0.03662109375,-0.0732421875,0.06103515625,-0.927734375,0,1.0498046875,-0.13427734375,-0.15869140625,-0.0244140625,-0.634765625,-0.048828125,-0.18310546875,-0.09765625,0.79345703125,0.18310546875,-0.54931640625,-0.09765625,-0.29296875,-0.048828125,-0.93994140625,-0.146484375,0.57373046875,-0.01220703125,-0.42724609375,-0.439453125,0.6103515625,-0.01220703125,-0.10986328125,-0.42724609375,1.0498046875,0.048828125,0.25634765625,-0.09765625,-0.244140625,-0.2685546875,-0.732421875,-0.1953125,-0.48828125,-0.45166015625,0.54931640625,-0.03662109375,1.13525390625,0.28076171875,0.1953125,-0.25634765625,-0.20751953125,-0.01220703125,0.7080078125,-0.1220703125,0.732421875,-0.048828125,0.537109375,-0.64697265625,0.96435546875,0.4638671875,0.1953125,0.15869140625,0.64697265625,-0.13427734375,1.13525390625,-0.35400390625,0.1953125,-0.25634765625,0.341796875,-0.0244140625,7.32421875,-0.20751953125,4.21142578125,-0.0244140625,3.38134765625,-0.0244140625,5.2001953125,0.03662109375,-0.47607421875,-0.2685546875,2.64892578125,-0.048828125,-0.67138671875,-0.13427734375,-0.29296875,-0.244140625,-0.74462890625,-0.08544921875,0.32958984375,0.54931640625,0.40283203125,-0.0244140625,4.8828125,-0.0732421875,-0.69580078125,0.1220703125,-0.68359375,-0.18310546875,-0.62255859375,0.13427734375,-0.09765625,-0.0732421875,-0.830078125,-0.08544921875,-1.5380859375,-0.23193359375,-1.0986328125,-0.10986328125,0.13427734375,-0.01220703125,0.23193359375,-0.13427734375,-0.06103515625,-0.06103515625,-0.06103515625,-0.03662109375,0.1708984375,-0.1953125,0.0244140625,-0.18310546875,0.72021484375,-0.06103515625,0.93994140625,-0.146484375,-0.45166015625
1,0,6.57958984375,-0.18310546875,2.77099609375,-0.25634765625,2.42919921875,-0.2197265625,3.02734375,0.0244140625,-0.08544921875,0.06103515625,-0.927734375,-0.01220703125,1.0498046875,-0.13427734375,-0.146484375,0.0244140625,-0.6103515625,-0.09765625,-0.20751953125,-0.10986328125,0.78125,0.1708984375,-0.537109375,-0.1220703125,-0.32958984375,-0.0244140625,-0.9765625,-0.2197265625,0.537109375,-0.0732421875,-0.54931640625,-0.45166015625,1.06201171875,0.06103515625,0.32958984375,-0.54931640625,1.66015625,-0.0244140625,0.69580078125,-0.13427734375,-0.2685546875,-0.2197265625,-0.72021484375,-0.20751953125,-0.48828125,-0.37841796875,0.537109375,-0.1220703125,1.123046875,0.20751953125,0.13427734375,-0.2685546875,-0.25634765625,0.0244140625,0.69580078125,-0.09765625,0.74462890625,-0.10986328125,0.537109375,-0.69580078125,1.123046875,0.4150390625,0.18310546875,0.10986328125,0.634765625,-0.2197265625,1.11083984375,-0.4150390625,0.18310546875,-0.3173828125,0.29296875,0.06103515625,8.43505859375,-0.1708984375,4.7607421875,0.01220703125,3.955078125,0.0732421875,5.84716796875,0.0244140625,-0.23193359375,-0.23193359375,3.6376953125,-0.03662109375,-0.5126953125,-0.18310546875,-0.09765625,-0.25634765625,-0.93994140625,-0.09765625,0.1953125,0.537109375,0.23193359375,-0.09765625,3.77197265625,-0.03662109375,-0.72021484375,0.0732421875,-0.6591796875,-0.15869140625,-0.62255859375,0.06103515625,-0.08544921875,-0.048828125,-0.81787109375,-0.0732421875,-1.5380859375,-0.1953125,-1.0986328125,-0.1708984375,0.15869140625,0.0244140625,0.29296875,-0.10986328125,-0.048828125,-0.0732421875,-0.01220703125,-0.01220703125,0.15869140625,-0.18310546875,0.20751953125,-0.18310546875,0.86669921875,0.0732421875,1.416015625,-0.13427734375,-0.244140625
1,-0.01220703125,6.15234375,-0.1953125,2.62451171875,-0.2197265625,2.24609375,-0.23193359375,2.83203125,0.03662109375,-0.08544921875,0.0732421875,-0.927734375,-0.0244140625,1.03759765625,-0.13427734375,-0.10986328125,0.048828125,-0.59814453125,-0.1220703125,-0.20751953125,-0.146484375,0.79345703125,0.13427734375,-0.537109375,-0.146484375,-0.341796875,0.03662109375,-0.9765625,-0.30517578125,0.5615234375,-0.1220703125,-0.634765625,-0.45166015625,1.66015625,0.048828125,0.87890625,-0.5859375,2.40478515625,-0.048828125,1.26953125,-0.13427734375,-0.29296875,-0.1708984375,-0.69580078125,-0.25634765625,-0.48828125,-0.37841796875,0.54931640625,-0.18310546875,1.13525390625,0.1953125,0.13427734375,-0.2685546875,-0.2197265625,0.1220703125,0.67138671875,-0.08544921875,0.732421875,-0.15869140625,0.537109375,-0.62255859375,1.35498046875,0.390625,0.15869140625,0.1708984375,0.64697265625,-0.20751953125,1.0986328125,-0.40283203125,0.15869140625,-0.3662109375,0.28076171875,0.01220703125,9.3505859375,-0.1708984375,5.126953125,0.0244140625,4.38232421875,0.1220703125,6.3720703125,0.03662109375,-0.0244140625,-0.23193359375,4.57763671875,-0.09765625,-0.341796875,-0.20751953125,0.0732421875,-0.20751953125,-1.08642578125,-0.09765625,0.048828125,0.50048828125,0.048828125,-0.1708984375,2.60009765625,-0.08544921875,-0.732421875,-0.01220703125,-0.6591796875,-0.146484375,-0.634765625,-0.01220703125,-0.0732421875,-0.048828125,-0.79345703125,-0.0244140625,-1.52587890625,-0.146484375,-1.11083984375,-0.18310546875,0.146484375,0.03662109375,0.341796875,-0.0732421875,-0.03662109375,-0.08544921875,-0.01220703125,-0.03662109375,0.13427734375,-0.15869140625,0.35400390625,-0.20751953125,0.98876953125,0.146484375,1.89208984375,-0.1220703125,-0.03662109375
1,-0.0244140625,5.5419921875,-0.18310546875,2.35595703125,-0.2197265625,1.96533203125,-0.25634765625,2.5634765625,0.03662109375,-0.09765625,0.09765625,-0.93994140625,-0.06103515625,1.025390625,-0.1220703125,-0.13427734375,0.10986328125,-0.59814453125,-0.1220703125,-0.20751953125,-0.28076171875,0.8056640625,0.13427734375,-0.57373046875,-0.13427734375,-0.30517578125,0.09765625,-0.9765625,-0.35400390625,0.59814453125,-0.1708984375,-0.57373046875,-0.390625,2.3681640625,0.0732421875,1.52587890625,-0.52490234375,3.2470703125,-0.01220703125,1.9287109375,-0.08544921875,-0.28076171875,-0.08544921875,-0.6591796875,-0.25634765625,-0.47607421875,-0.37841796875,0.52490234375,-0.20751953125,1.1962890625,0.1220703125,0.1708984375,-0.28076171875,-0.2197265625,0.146484375,0.7080078125,-0.0732421875,0.74462890625,-0.146484375,0.54931640625,-0.5859375,1.57470703125,0.37841796875,0.146484375,0.20751953125,0.64697265625,-0.15869140625,1.11083984375,-0.244140625,0.1953125,-0.35400390625,0.28076171875,0.0732421875,10.07080078125,-0.13427734375,5.35888671875,0.1220703125,4.7119140625,0.1953125,6.7138671875,0.048828125,0.146484375,-0.146484375,5.37109375,-0.1708984375,-0.2197265625,-0.1708984375,0.2197265625,-0.18310546875,-1.2451171875,-0.10986328125,-0.09765625,0.42724609375,-0.10986328125,-0.18310546875,1.46484375,-0.13427734375,-0.732421875,-0.0732421875,-0.64697265625,-0.10986328125,-0.62255859375,-0.08544921875,-0.08544921875,-0.048828125,-0.8056640625,0.0244140625,-1.52587890625,-0.0732421875,-1.0986328125,-0.2197265625,0.146484375,0.03662109375,0.37841796875,-0.06103515625,-0.03662109375,-0.0732421875,-0.01220703125,-0.03662109375,0.15869140625,-0.1953125,0.52490234375,-0.1953125,1.15966796875,0.08544921875,2.34375,-0.09765625,0.1708984375
1,-0.01220703125,4.78515625,-0.20751953125,2.001953125,-0.244140625,1.67236328125,-0.244140625,2.2216796875,0.01220703125,-0.10986328125,0.09765625,-0.927734375,-0.10986328125,1.025390625,-0.08544921875,-0.09765625,0.13427734375,-0.57373046875,-0.13427734375,-0.1953125,-0.32958984375,0.81787109375,0.146484375,-0.59814453125,-0.13427734375,-0.3173828125,0.1220703125,-0.9521484375,-0.40283203125,0.64697265625,-0.2197265625,-0.45166015625,-0.341796875,3.125,0.0244140625,2.18505859375,-0.439453125,4.1748046875,0.01220703125,2.63671875,-0.048828125,-0.2685546875,0.03662109375,-0.6103515625,-0.23193359375,-0.45166015625,-0.4150390625,0.54931640625,-0.1708984375,1.220703125,0.048828125,0.2685546875,-0.30517578125,-0.20751953125,0.10986328125,0.732421875,-0.0732421875,0.7568359375,-0.13427734375,0.5615234375,-0.341796875,1.81884765625,0.40283203125,0.1220703125,0.18310546875,0.62255859375,-0.1708984375,1.123046875,-0.20751953125,0.18310546875,-0.5126953125,0.28076171875,0.1220703125,10.5224609375,-0.1220703125,5.517578125,0.15869140625,4.8828125,0.1220703125,6.9091796875,0.06103515625,0.2685546875,-0.048828125,5.9814453125,-0.244140625,-0.146484375,-0.13427734375,0.32958984375,-0.1220703125,-1.37939453125,-0.10986328125,-0.2197265625,0.32958984375,-0.244140625,-0.1708984375,0.4638671875,-0.1708984375,-0.74462890625,-0.10986328125,-0.634765625,-0.10986328125,-0.62255859375,-0.1220703125,-0.09765625,-0.03662109375,-0.8056640625,0.0732421875,-1.513671875,-0.03662109375,-1.123046875,-0.23193359375,0.146484375,0.06103515625,0.45166015625,-0.0244140625,-0.048828125,-0.08544921875,0,-0.06103515625,0.146484375,-0.2197265625,0.67138671875,-0.1953125,1.26953125,0.0732421875,2.72216796875,-0.03662109375,0.341796875
1,0,3.99169921875,-0.2197265625,1.6357421875,-0.2197265625,1.318359375,-0.2685546875,1.86767578125,0.01220703125,-0.1220703125,0.08544921875,-0.93994140625,-0.09765625,1.0009765625,-0.08544921875,-0.10986328125,0.15869140625,-0.5859375,-0.1220703125,-0.20751953125,-0.37841796875,0.830078125,0.146484375,-0.6103515625,-0.15869140625,-0.25634765625,0.1708984375,-0.91552734375,-0.40283203125,0.69580078125,-0.2197265625,-0.2685546875,-0.25634765625,3.857421875,0.01220703125,2.79541015625,-0.4150390625,5.078125,0.0732421875,3.2958984375,0.01220703125,-0.244140625,0.1220703125,-0.5615234375,-0.2197265625,-0.45166015625,-0.45166015625,0.5615234375,-0.15869140625,1.25732421875,0.03662109375,0.37841796875,-0.2685546875,-0.1708984375,0.08544921875,0.7568359375,-0.06103515625,0.7568359375,-0.0732421875,0.5615234375,-0.35400390625,2.05078125,0.42724609375,0.13427734375,0.1708984375,0.6103515625,-0.08544921875,1.123046875,-0.1220703125,0.2197265625,-0.537109375,0.28076171875,0.146484375,10.7666015625,-0.03662109375,5.5419921875,0.2685546875,4.94384765625,0.09765625,6.97021484375,0.09765625,0.32958984375,0.048828125,6.38427734375,-0.32958984375,-0.08544921875,-0.08544921875,0.4150390625,-0.06103515625,-1.46484375,-0.0732421875,-0.3173828125,0.18310546875,-0.3662109375,-0.1220703125,-0.2685546875,-0.20751953125,-0.732421875,-0.1220703125,-0.6591796875,-0.0732421875,-0.62255859375,-0.146484375,-0.08544921875,-0.01220703125,-0.8056640625,0.1220703125,-1.52587890625,-0.03662109375,-1.123046875,-0.25634765625,0.1220703125,0.08544921875,0.4638671875,-0.01220703125,-0.03662109375,-0.08544921875,0,-0.08544921875,0.146484375,-0.23193359375,0.78125,-0.1953125,1.35498046875,0.1220703125,3.01513671875,-0.03662109375,0.439453125
1,0.01220703125,3.18603515625,-0.20751953125,1.28173828125,-0.1953125,1.0009765625,-0.30517578125,1.513671875,0.03662109375,-0.10986328125,0.08544921875,-0.927734375,-0.13427734375,0.98876953125,-0.13427734375,-0.1220703125,0.146484375,-0.57373046875,-0.1220703125,-0.20751953125,-0.37841796875,0.84228515625,0.2197265625,-0.6103515625,-0.146484375,-0.1953125,0.1708984375,-0.87890625,-0.4150390625,0.74462890625,-0.23193359375,-0.09765625,-0.23193359375,4.443359375,-0.0732421875,3.30810546875,-0.35400390625,5.8837890625,0.1220703125,3.8818359375,0.09765625,-0.25634765625,0.18310546875,-0.537109375,-0.18310546875,-0.4638671875,-0.5126953125,0.5859375,-0.18310546875,1.26953125,-0.01220703125,0.4638671875,-0.2685546875,-0.18310546875,-0.0244140625,0.74462890625,-0.09765625,0.78125,-0.048828125,0.54931640625,-0.37841796875,2.25830078125,0.47607421875,0.13427734375,0.09765625,0.54931640625,-0.09765625,1.11083984375,-0.06103515625,0.23193359375,-0.537109375,0.29296875,0.03662109375,10.75439453125,0.048828125,5.40771484375,0.32958984375,4.8828125,0.048828125,6.87255859375,0.09765625,0.32958984375,0.13427734375,6.53076171875,-0.439453125,-0.08544921875,-0.0244140625,0.40283203125,-0.01220703125,-1.513671875,-0.03662109375,-0.3662109375,0.0732421875,-0.42724609375,-0.1220703125,-0.732421875,-0.244140625,-0.732421875,-0.146484375,-0.64697265625,-0.048828125,-0.634765625,-0.146484375,-0.08544921875,0.0244140625,-0.8056640625,0.1708984375,-1.52587890625,-0.03662109375,-1.123046875,-0.2685546875,0.13427734375,0.0732421875,0.45166015625,0,-0.06103515625,-0.0732421875,0,-0.09765625,0.1220703125,-0.25634765625,0.830078125,-0.1953125,1.42822265625,0.15869140625,3.16162109375,0,0.5126953125
1,0.01220703125,2.42919921875,-0.18310546875,1.0009765625,-0.13427734375,0.68359375,-0.3173828125,1.220703125,0.03662109375,-0.10986328125,0.06103515625,-0.91552734375,-0.1220703125,1.0009765625,-0.1708984375,-0.1220703125,0.10986328125,-0.59814453125,-0.1220703125,-0.18310546875,-0.30517578125,0.84228515625,0.30517578125,-0.6103515625,-0.15869140625,-0.1708984375,0.2197265625,-0.87890625,-0.45166015625,0.74462890625,-0.2197265625,0,-0.1708984375,4.89501953125,-0.146484375,3.662109375,-0.30517578125,6.53076171875,0.10986328125,4.30908203125,0.15869140625,-0.23193359375,0.244140625,-0.5126953125,-0.13427734375,-0.4638671875,-0.57373046875,0.6103515625,-0.2197265625,1.2451171875,0,0.52490234375,-0.28076171875,-0.1708984375,-0.08544921875,0.76904296875,-0.09765625,0.78125,-0.0244140625,0.537109375,-0.23193359375,2.45361328125,0.48828125,0.146484375,0.08544921875,0.537109375,-0.13427734375,1.1474609375,-0.0732421875,0.2685546875,-0.537109375,0.35400390625,-0.13427734375,10.55908203125,0.1220703125,5.2978515625,0.341796875,4.7607421875,-0.048828125,6.70166015625,0.13427734375,0.2685546875,0.20751953125,6.4453125,-0.537109375,-0.10986328125,0,0.3662109375,0.01220703125,-1.52587890625,-0.01220703125,-0.3662109375,-0.06103515625,-0.47607421875,-0.146484375,-0.9033203125,-0.23193359375,-0.7080078125,-0.1953125,-0.634765625,-0.01220703125,-0.6591796875,-0.15869140625,-0.09765625,0.06103515625,-0.79345703125,0.2197265625,-1.52587890625,-0.06103515625,-1.13525390625,-0.28076171875,0.13427734375,0.09765625,0.45166015625,0.048828125,-0.0732421875,-0.0732421875,-0.01220703125,-0.048828125,0.146484375,-0.244140625,0.84228515625,-0.1953125,1.42822265625,0.08544921875,3.1494140625,0.01220703125,0.50048828125
0,0.0244140625,1.7822265625,-0.1953125,0.69580078125,-0.09765625,0.45166015625,-0.30517578125,0.93994140625,0.03662109375,-0.1220703125,0.03662109375,-0.9033203125,-0.13427734375,0.9765625,-0.2197265625,-0.146484375,0.06103515625,-0.6103515625,-0.09765625,-0.18310546875,-0.23193359375,0.830078125,0.35400390625,-0.59814453125,-0.0732421875,-0.146484375,0.1953125,-0.830078125,-0.48828125,0.7568359375,-0.1708984375,0.08544921875,-0.1220703125,5.126953125,-0.20751953125,3.857421875,-0.20751953125,6.94580078125,0.1220703125,4.57763671875,0.20751953125,-0.23193359375,0.32958984375,-0.47607421875,-0.09765625,-0.50048828125,-0.67138671875,0.59814453125,-0.23193359375,1.18408203125,0.0244140625,0.5615234375,-0.30517578125,-0.1708984375,-0.15869140625,0.7568359375,-0.13427734375,0.78125,-0.0244140625,0.537109375,-0.25634765625,2.57568359375,0.5126953125,0.15869140625,-0.01220703125,0.5615234375,-0.1953125,1.171875,-0.10986328125,0.32958984375,-0.50048828125,0.390625,-0.25634765625,10.21728515625,0.1220703125,5.1025390625,0.28076171875,4.5654296875,-0.09765625,6.4453125,0.13427734375,0.1953125,0.29296875,6.16455078125,-0.59814453125,-0.18310546875,-0.01220703125,0.30517578125,0.0244140625,-1.52587890625,0,-0.341796875,-0.09765625,-0.45166015625,-0.15869140625,-0.9033203125,-0.2197265625,-0.72021484375,-0.1953125,-0.634765625,0.03662109375,-0.6591796875,-0.13427734375,-0.09765625,0.08544921875,-0.79345703125,0.25634765625,-1.52587890625,-0.09765625,-1.11083984375,-0.28076171875,0.10986328125,0.1220703125,0.40283203125,0.0732421875,-0.0732421875,-0.08544921875,-0.0244140625,-0.08544921875,0.1220703125,-0.244140625,0.8056640625,-0.1708984375,1.3916015625,0.01220703125,3.01513671875,-0.0244140625,0.439453125
0,0.048828125,1.30615234375,-0.1953125,0.45166015625,-0.08544921875,0.244140625,-0.3173828125,0.732421875,0.0732421875,-0.1220703125,0.03662109375,-0.9033203125,-0.146484375,1.0009765625,-0.1953125,-0.146484375,0.048828125,-0.62255859375,-0.09765625,-0.1708984375,-0.06103515625,0.81787109375,0.4150390625,-0.59814453125,-0.01220703125,-0.15869140625,0.18310546875,-0.8544921875,-0.5615234375,0.732421875,-0.15869140625,0.048828125,-0.08544921875,5.2001953125,-0.1708984375,3.90625,-0.13427734375,7.1533203125,0.15869140625,4.65087890625,0.25634765625,-0.244140625,0.390625,-0.48828125,-0.10986328125,-0.5126953125,-0.68359375,0.62255859375,-0.25634765625,1.123046875,0.03662109375,0.537109375,-0.29296875,-0.1708984375,-0.244140625,0.76904296875,-0.146484375,0.7568359375,-0.01220703125,0.5126953125,-0.15869140625,2.6123046875,0.5126953125,0.15869140625,0.01220703125,0.6103515625,-0.13427734375,1.23291015625,-0.18310546875,0.390625,-0.4638671875,0.4638671875,-0.3173828125,9.75341796875,0.1708984375,4.89501953125,0.18310546875,4.3701171875,-0.146484375,6.21337890625,0.09765625,0.06103515625,0.32958984375,5.67626953125,-0.5615234375,-0.29296875,0,0.18310546875,0.03662109375,-1.4892578125,-0.048828125,-0.29296875,-0.13427734375,-0.439453125,-0.10986328125,-0.84228515625,-0.20751953125,-0.7080078125,-0.1953125,-0.634765625,0.08544921875,-0.67138671875,-0.1220703125,-0.09765625,0.0732421875,-0.81787109375,0.244140625,-1.513671875,-0.09765625,-1.11083984375,-0.29296875,0.1220703125,0.146484375,0.37841796875,0.0732421875,-0.048828125,-0.0732421875,-0.048828125,-0.0732421875,0.1220703125,-0.23193359375,0.72021484375,-0.2197265625,1.318359375,-0.048828125,2.74658203125,-0.0732421875,0.341796875
0,0.048828125,0.9521484375,-0.20751953125,0.28076171875,-0.08544921875,0.09765625,-0.341796875,0.5615234375,0.03662109375,-0.10986328125,0.048828125,-0.91552734375,-0.15869140625,1.01318359375,-0.1708984375,-0.18310546875,0.06103515625,-0.6591796875,-0.08544921875,-0.1708984375,0.10986328125,0.81787109375,0.40283203125,-0.57373046875,0,-0.20751953125,0.15869140625,-0.8544921875,-0.5615234375,0.68359375,-0.146484375,-0.03662109375,-0.08544921875,5.1025390625,-0.13427734375,3.79638671875,-0.20751953125,7.14111328125,0.09765625,4.57763671875,0.25634765625,-0.244140625,0.47607421875,-0.52490234375,-0.10986328125,-0.52490234375,-0.69580078125,0.6103515625,-0.28076171875,1.08642578125,0.09765625,0.537109375,-0.29296875,-0.18310546875,-0.3173828125,0.732421875,-0.10986328125,0.74462890625,-0.01220703125,0.5126953125,-0.0732421875,2.60009765625,0.50048828125,0.15869140625,0.048828125,0.732421875,-0.08544921875,1.318359375,-0.1220703125,0.4638671875,-0.390625,0.537109375,-0.28076171875,9.24072265625,0.2197265625,4.736328125,0.06103515625,4.13818359375,-0.1708984375,5.94482421875,0.0732421875,-0.09765625,0.341796875,5.0048828125,-0.47607421875,-0.40283203125,-0.03662109375,0.0244140625,0.01220703125,-1.45263671875,-0.08544921875,-0.25634765625,-0.15869140625,-0.439453125,-0.0732421875,-0.79345703125,-0.20751953125,-0.69580078125,-0.20751953125,-0.62255859375,0.10986328125,-0.67138671875,-0.08544921875,-0.10986328125,0.01220703125,-0.830078125,0.25634765625,-1.513671875,-0.1220703125,-1.0986328125,-0.2685546875,0.1220703125,0.10986328125,0.341796875,0.08544921875,-0.06103515625,-0.06103515625,-0.0732421875,-0.08544921875,0.1220703125,-0.23193359375,0.6103515625,-0.23193359375,1.23291015625,-0.06103515625,2.44140625,-0.13427734375,0.2197265625
0,0.03662109375,0.67138671875,-0.20751953125,0.146484375,-0.0732421875,0,-0.341796875,0.4150390625,0.01220703125,-0.13427734375,0.06103515625,-0.91552734375,-0.1708984375,1.025390625,-0.1708984375,-0.23193359375,0.09765625,-0.64697265625,-0.1220703125,-0.18310546875,0.1953125,0.81787109375,0.37841796875,-0.5615234375,0.01220703125,-0.25634765625,0.146484375,-0.89111328125,-0.5615234375,0.64697265625,-0.1220703125,-0.1953125,-0.0732421875,4.8828125,-0.0732421875,3.61328125,-0.25634765625,6.884765625,0.09765625,4.38232421875,0.1708984375,-0.2685546875,0.50048828125,-0.5615234375,-0.1220703125,-0.5126953125,-0.634765625,0.59814453125,-0.3173828125,1.06201171875,0.08544921875,0.50048828125,-0.30517578125,-0.20751953125,-0.40283203125,0.7568359375,-0.048828125,0.732421875,-0.03662109375,0.5126953125,-0.1953125,2.5146484375,0.50048828125,0.1708984375,0.048828125,0.86669921875,0,1.40380859375,-0.15869140625,0.5615234375,-0.32958984375,0.634765625,-0.146484375,8.6669921875,0.23193359375,4.52880859375,-0.03662109375,3.90625,-0.18310546875,5.712890625,0.01220703125,-0.30517578125,0.341796875,4.19921875,-0.390625,-0.52490234375,-0.06103515625,-0.146484375,-0.0244140625,-1.46484375,-0.1953125,-0.2197265625,-0.18310546875,-0.439453125,-0.0244140625,-0.81787109375,-0.23193359375,-0.69580078125,-0.1708984375,-0.59814453125,0.146484375,-0.69580078125,-0.03662109375,-0.1220703125,-0.06103515625,-0.81787109375,0.2197265625,-1.5380859375,-0.1220703125,-1.08642578125,-0.2685546875,0.1220703125,0.10986328125,0.30517578125,0.048828125,-0.03662109375,-0.0732421875,-0.0732421875,-0.1220703125,0.13427734375,-0.244140625,0.537109375,-0.244140625,1.11083984375,-0.08544921875,2.13623046875,-0.146484375,0.09765625
0,0.0244140625,0.4638671875,-0.18310546875,0.0244140625,-0.06103515625,-0.09765625,-0.30517578125,0.28076171875,-0.01220703125,-0.1220703125,0.03662109375,-0.91552734375,-0.1708984375,1.03759765625,-0.20751953125,-0.23193359375,0.1220703125,-0.6591796875,-0.15869140625,-0.18310546875,0.29296875,0.81787109375,0.32958984375,-0.54931640625,0.048828125,-0.28076171875,0.06103515625,-0.91552734375,-0.50048828125,0.6103515625,-0.0732421875,-0.32958984375,-0.1220703125,4.58984375,0.01220703125,3.35693359375,-0.29296875,6.5185546875,0.048828125,4.1015625,0.06103515625,-0.28076171875,0.5126953125,-0.59814453125,-0.1708984375,-0.50048828125,-0.5615234375,0.5859375,-0.30517578125,1.08642578125,0.1708984375,0.48828125,-0.2685546875,-0.20751953125,-0.45166015625,0.74462890625,0,0.732421875,-0.0244140625,0.5126953125,-0.0732421875,2.34375,0.57373046875,0.1708984375,0.06103515625,1.03759765625,0.06103515625,1.50146484375,-0.20751953125,0.634765625,-0.2685546875,0.732421875,-0.08544921875,8.11767578125,0.2197265625,4.35791015625,-0.13427734375,3.6865234375,-0.1708984375,5.46875,-0.0244140625,-0.48828125,0.3173828125,3.33251953125,-0.32958984375,-0.6591796875,-0.06103515625,-0.30517578125,-0.08544921875,-1.46484375,-0.25634765625,-0.1953125,-0.20751953125,-0.42724609375,0.01220703125,-0.98876953125,-0.20751953125,-0.72021484375,-0.13427734375,-0.64697265625,0.10986328125,-0.68359375,0.01220703125,-0.13427734375,-0.09765625,-0.84228515625,0.23193359375,-1.5380859375,-0.146484375,-1.11083984375,-0.25634765625,0.13427734375,0.09765625,0.30517578125,0.048828125,-0.01220703125,-0.08544921875,-0.08544921875,-0.13427734375,0.146484375,-0.25634765625,0.4150390625,-0.244140625,1.0009765625,-0.0244140625,1.86767578125,-0.18310546875,-0.01220703125
0,0.0244140625,0.25634765625,-0.15869140625,-0.0732421875,-0.048828125,-0.1953125,-0.3173828125,0.1708984375,-0.03662109375,-0.1220703125,0.048828125,-0.91552734375,-0.146484375,1.025390625,-0.244140625,-0.244140625,0.13427734375,-0.64697265625,-0.1708984375,-0.18310546875,0.30517578125,0.830078125,0.29296875,-0.5615234375,0.048828125,-0.30517578125,-0.0244140625,-0.93994140625,-0.37841796875,0.6103515625,-0.06103515625,-0.45166015625,-0.1220703125,4.28466796875,0.13427734375,3.076171875,-0.32958984375,6.09130859375,0,3.80859375,-0.03662109375,-0.25634765625,0.45166015625,-0.64697265625,-0.18310546875,-0.48828125,-0.45166015625,0.5859375,-0.28076171875,1.123046875,0.3173828125,0.52490234375,-0.20751953125,-0.1953125,-0.47607421875,0.78125,0.0732421875,0.72021484375,-0.06103515625,0.537109375,-0.0732421875,2.1484375,0.6103515625,0.15869140625,-0.0244140625,1.1962890625,0.10986328125,1.5869140625,-0.1708984375,0.69580078125,-0.2685546875,0.79345703125,-0.08544921875,7.58056640625,0.1953125,4.1748046875,-0.1953125,3.47900390625,-0.146484375,5.26123046875,-0.03662109375,-0.68359375,0.25634765625,2.45361328125,-0.2197265625,-0.81787109375,-0.09765625,-0.47607421875,-0.1220703125,-1.47705078125,-0.30517578125,-0.20751953125,-0.23193359375,-0.439453125,0.0244140625,-1.30615234375,-0.146484375,-0.732421875,-0.10986328125,-0.6591796875,0.0732421875,-0.634765625,0.0732421875,-0.10986328125,-0.08544921875,-0.81787109375,0.20751953125,-1.52587890625,-0.146484375,-1.11083984375,-0.25634765625,0.146484375,0.10986328125,0.3173828125,0.048828125,-0.01220703125,-0.06103515625,-0.09765625,-0.1708984375,0.146484375,-0.244140625,0.3662109375,-0.2685546875,0.9521484375,-0.06103515625,1.66015625,-0.18310546875,-0.08544921875
0,0,0.048828125,-0.1708984375,-0.1708984375,-0.048828125,-0.29296875,-0.3173828125,0.06103515625,-0.0244140625,-0.10986328125,0.03662109375,-0.927734375,-0.1220703125,1.0498046875,-0.25634765625,-0.23193359375,0.18310546875,-0.62255859375,-0.1953125,-0.1953125,0.35400390625,0.81787109375,0.30517578125,-0.5615234375,0.0732421875,-0.3173828125,-0.08544921875,-0.9521484375,-0.2197265625,0.6103515625,-0.0732421875,-0.48828125,-0.13427734375,4.01611328125,0.2197265625,2.81982421875,-0.29296875,5.70068359375,-0.03662109375,3.55224609375,-0.1220703125,-0.244140625,0.341796875,-0.67138671875,-0.23193359375,-0.4638671875,-0.3662109375,0.57373046875,-0.2197265625,1.220703125,0.20751953125,0.54931640625,-0.1708984375,-0.15869140625,-0.5615234375,0.81787109375,0.13427734375,0.72021484375,-0.1220703125,0.537109375,-0.0732421875,1.91650390625,0.67138671875,0.15869140625,-0.0732421875,1.33056640625,0.146484375,1.6357421875,-0.146484375,0.732421875,-0.20751953125,0.830078125,-0.0732421875,7.09228515625,0.146484375,4.00390625,-0.2685546875,3.271484375,-0.15869140625,5.04150390625,-0.06103515625,-0.927734375,0.1708984375,1.55029296875,-0.13427734375,-0.96435546875,-0.10986328125,-0.64697265625,-0.146484375,-1.52587890625,-0.3662109375,-0.23193359375,-0.25634765625,-0.47607421875,0,-1.6845703125,-0.10986328125,-0.7080078125,-0.048828125,-0.6591796875,0.03662109375,-0.64697265625,0.1220703125,-0.10986328125,-0.06103515625,-0.79345703125,0.1953125,-1.52587890625,-0.146484375,-1.123046875,-0.2685546875,0.146484375,0.10986328125,0.32958984375,0.03662109375,0,-0.0732421875,-0.08544921875,-0.1708984375,0.1708984375,-0.244140625,0.341796875,-0.25634765625,0.9033203125,-0.1220703125,1.59912109375,-0.1708984375,-0.1220703125
0,0.01220703125,-0.1953125,-0.1708984375,-0.28076171875,-0.01220703125,-0.4150390625,-0.30517578125,-0.03662109375,0,-0.10986328125,0.03662109375,-0.927734375,-0.13427734375,1.03759765625,-0.244140625,-0.244140625,0.20751953125,-0.5859375,-0.146484375,-0.1953125,0.35400390625,0.81787109375,0.2685546875,-0.57373046875,0.03662109375,-0.3173828125,-0.146484375,-0.93994140625,-0.048828125,0.634765625,-0.09765625,-0.48828125,-0.146484375,3.7841796875,0.35400390625,2.6123046875,-0.3173828125,5.31005859375,-0.048828125,3.3203125,-0.15869140625,-0.2197265625,0.25634765625,-0.7080078125,-0.23193359375,-0.4638671875,-0.3173828125,0.59814453125,-0.13427734375,1.318359375,0.15869140625,0.62255859375,-0.146484375,-0.1220703125,-0.5615234375,0.8544921875,0.20751953125,0.732421875,-0.18310546875,0.54931640625,-0.048828125,1.67236328125,0.64697265625,0.15869140625,-0.0732421875,1.3671875,0.15869140625,1.62353515625,-0.06103515625,0.69580078125,-0.23193359375,0.79345703125,-0.048828125,6.689453125,0.1220703125,3.857421875,-0.25634765625,3.08837890625,-0.15869140625,4.833984375,-0.03662109375,-1.0986328125,0.08544921875,0.732421875,-0.1220703125,-1.0986328125,-0.08544921875,-0.79345703125,-0.1220703125,-1.59912109375,-0.4150390625,-0.30517578125,-0.2685546875,-0.50048828125,0.01220703125,-2.05078125,-0.06103515625,-0.72021484375,-0.03662109375,-0.64697265625,0.01220703125,-0.6591796875,0.09765625,-0.10986328125,-0.048828125,-0.79345703125,0.18310546875,-1.52587890625,-0.09765625,-1.11083984375,-0.25634765625,0.15869140625,0.10986328125,0.32958984375,0.03662109375,0,-0.06103515625,-0.09765625,-0.1708984375,0.1953125,-0.244140625,0.341796875,-0.244140625,0.91552734375,-0.146484375,1.6357421875,-0.146484375,-0.09765625
0,0.048828125,-0.45166015625,-0.146484375,-0.40283203125,0.03662109375,-0.52490234375,-0.29296875,-0.13427734375,-0.0244140625,-0.10986328125,0.0244140625,-0.927734375,-0.1220703125,1.03759765625,-0.244140625,-0.1708984375,0.244140625,-0.5615234375,-0.10986328125,-0.20751953125,0.32958984375,0.830078125,0.2685546875,-0.57373046875,0.0244140625,-0.28076171875,-0.146484375,-0.93994140625,0.09765625,0.68359375,-0.18310546875,-0.40283203125,-0.18310546875,3.64990234375,0.4638671875,2.4658203125,-0.3173828125,5.029296875,-0.1220703125,3.16162109375,-0.146484375,-0.2197265625,0.23193359375,-0.72021484375,-0.1953125,-0.45166015625,-0.341796875,0.59814453125,-0.06103515625,1.3671875,0.20751953125,0.6591796875,-0.13427734375,-0.08544921875,-0.54931640625,0.89111328125,0.2197265625,0.7568359375,-0.2197265625,0.537109375,-0.146484375,1.50146484375,0.5859375,0.15869140625,-0.09765625,1.318359375,0.146484375,1.55029296875,-0.0244140625,0.6103515625,-0.244140625,0.72021484375,0,6.298828125,0.08544921875,3.6865234375,-0.20751953125,2.89306640625,-0.1708984375,4.638671875,-0.01220703125,-1.25732421875,0.01220703125,0.03662109375,-0.0732421875,-1.18408203125,-0.1220703125,-0.9033203125,-0.08544921875,-1.64794921875,-0.4150390625,-0.35400390625,-0.244140625,-0.52490234375,-0.10986328125,-2.34375,-0.048828125,-0.7080078125,-0.0244140625,-0.6591796875,0.01220703125,-0.64697265625,0.03662109375,-0.09765625,-0.06103515625,-0.8056640625,0.1708984375,-1.55029296875,-0.048828125,-1.0986328125,-0.244140625,0.15869140625,0.13427734375,0.341796875,0.0244140625,-0.01220703125,-0.06103515625,-0.0732421875,-0.13427734375,0.1953125,-0.244140625,0.35400390625,-0.25634765625,0.93994140625,-0.146484375,1.77001953125,-0.15869140625,-0.0732421875
0,0.0244140625,-0.7080078125,-0.146484375,-0.50048828125,0.06103515625,-0.62255859375,-0.3173828125,-0.2197265625,-0.03662109375,-0.1220703125,-0.01220703125,-0.91552734375,-0.1220703125,1.03759765625,-0.2685546875,-0.18310546875,0.23193359375,-0.537109375,-0.09765625,-0.20751953125,0.341796875,0.8544921875,0.30517578125,-0.5859375,0.01220703125,-0.23193359375,-0.1708984375,-0.91552734375,0.20751953125,0.7080078125,-0.2197265625,-0.29296875,-0.1708984375,3.564453125,0.50048828125,2.3681640625,-0.3173828125,4.8583984375,-0.146484375,3.06396484375,-0.09765625,-0.20751953125,0.1953125,-0.74462890625,-0.1708984375,-0.45166015625,-0.3173828125,0.59814453125,0,1.40380859375,0.10986328125,0.7080078125,-0.08544921875,-0.06103515625,-0.54931640625,0.927734375,0.15869140625,0.7568359375,-0.20751953125,0.5615234375,-0.18310546875,1.40380859375,0.52490234375,0.18310546875,-0.06103515625,1.20849609375,0.2197265625,1.4404296875,0.10986328125,0.52490234375,-0.28076171875,0.59814453125,0.048828125,5.96923828125,0,3.55224609375,-0.18310546875,2.72216796875,-0.28076171875,4.443359375,0.03662109375,-1.35498046875,-0.048828125,-0.537109375,-0.01220703125,-1.23291015625,-0.08544921875,-0.9765625,-0.01220703125,-1.69677734375,-0.341796875,-0.37841796875,-0.1708984375,-0.52490234375,-0.18310546875,-2.4658203125,-0.06103515625,-0.72021484375,-0.06103515625,-0.62255859375,0.0244140625,-0.6591796875,-0.06103515625,-0.10986328125,-0.09765625,-0.8056640625,0.1708984375,-1.52587890625,-0.0244140625,-1.0986328125,-0.25634765625,0.1953125,0.146484375,0.32958984375,0,-0.01220703125,-0.06103515625,-0.0732421875,-0.1708984375,0.18310546875,-0.2197265625,0.40283203125,-0.244140625,0.9521484375,-0.1708984375,1.89208984375,-0.146484375,-0.048828125
0,0.0244140625,-0.927734375,-0.1708984375,-0.6103515625,0.09765625,-0.68359375,-0.30517578125,-0.29296875,-0.03662109375,-0.10986328125,-0.0244140625,-0.91552734375,-0.10986328125,1.025390625,-0.3173828125,-0.1708984375,0.1953125,-0.54931640625,-0.06103515625,-0.23193359375,0.30517578125,0.8544921875,0.2685546875,-0.57373046875,-0.0244140625,-0.1953125,-0.1708984375,-0.927734375,0.28076171875,0.732421875,-0.244140625,-0.1708984375,-0.15869140625,3.5400390625,0.537109375,2.30712890625,-0.30517578125,4.79736328125,-0.15869140625,3.0029296875,-0.048828125,-0.18310546875,0.1708984375,-0.72021484375,-0.23193359375,-0.45166015625,-0.3662109375,0.59814453125,0.10986328125,1.416015625,0.06103515625,0.732421875,0,-0.0732421875,-0.47607421875,0.9521484375,0.1220703125,0.76904296875,-0.20751953125,0.54931640625,-0.13427734375,1.3916015625,0.439453125,0.15869140625,-0.09765625,1.0009765625,0.28076171875,1.2939453125,0.15869140625,0.42724609375,-0.30517578125,0.48828125,0.15869140625,5.615234375,0.08544921875,3.40576171875,-0.08544921875,2.55126953125,-0.30517578125,4.26025390625,0.09765625,-1.42822265625,-0.09765625,-0.93994140625,0.048828125,-1.28173828125,-0.0244140625,-1.025390625,0.048828125,-1.6845703125,-0.2685546875,-0.390625,-0.10986328125,-0.50048828125,-0.25634765625,-2.392578125,-0.0732421875,-0.7080078125,-0.1220703125,-0.62255859375,-0.01220703125,-0.67138671875,-0.1220703125,-0.08544921875,-0.1708984375,-0.81787109375,0.15869140625,-1.55029296875,0,-1.0986328125,-0.28076171875,0.1708984375,0.13427734375,0.3173828125,-0.0244140625,-0.03662109375,-0.048828125,-0.06103515625,-0.18310546875,0.15869140625,-0.1953125,0.40283203125,-0.244140625,0.9765625,-0.15869140625,1.9775390625,-0.1708984375,0
0,-0.01220703125,-1.08642578125,-0.15869140625,-0.6591796875,0.13427734375,-0.72021484375,-0.30517578125,-0.3173828125,-0.0244140625,-0.09765625,-0.0244140625,-0.927734375,-0.09765625,1.025390625,-0.341796875,-0.1708984375,0.15869140625,-0.54931640625,-0.03662109375,-0.2197265625,0.29296875,0.8544921875,0.23193359375,-0.5615234375,-0.03662109375,-0.1708984375,-0.09765625,-0.86669921875,0.2685546875,0.76904296875,-0.25634765625,-0.0732421875,-0.146484375,3.47900390625,0.5859375,2.25830078125,-0.32958984375,4.7119140625,-0.13427734375,2.9541015625,0.01220703125,-0.1953125,0.25634765625,-0.68359375,-0.2197265625,-0.4638671875,-0.42724609375,0.62255859375,0.13427734375,1.3916015625,0.0244140625,0.732421875,0.01220703125,-0.09765625,-0.42724609375,0.91552734375,0.06103515625,0.76904296875,-0.244140625,0.537109375,-0.01220703125,1.4404296875,0.35400390625,0.18310546875,-0.03662109375,0.79345703125,0.28076171875,1.15966796875,0.1953125,0.3662109375,-0.2685546875,0.3662109375,0.1708984375,5.224609375,0.06103515625,3.1982421875,-0.01220703125,2.3193359375,-0.3662109375,4.04052734375,0.13427734375,-1.416015625,-0.10986328125,-1.18408203125,0.146484375,-1.25732421875,0,-1.03759765625,0.09765625,-1.67236328125,-0.146484375,-0.4150390625,-0.06103515625,-0.48828125,-0.30517578125,-2.1484375,-0.10986328125,-0.68359375,-0.1708984375,-0.634765625,-0.048828125,-0.68359375,-0.18310546875,-0.08544921875,-0.1953125,-0.830078125,0.13427734375,-1.5380859375,0.0244140625,-1.08642578125,-0.30517578125,0.15869140625,0.146484375,0.29296875,-0.0244140625,-0.06103515625,-0.048828125,-0.0244140625,-0.1953125,0.146484375,-0.18310546875,0.42724609375,-0.23193359375,1.0009765625,-0.10986328125,1.98974609375,-0.18310546875,-0.01220703125
0,0,-1.15966796875,-0.146484375,-0.68359375,0.15869140625,-0.72021484375,-0.3173828125,-0.3173828125,-0.0244140625,-0.10986328125,-0.0244140625,-0.927734375,-0.09765625,0.98876953125,-0.35400390625,-0.1708984375,0.08544921875,-0.57373046875,-0.01220703125,-0.23193359375,0.28076171875,0.8544921875,0.1708984375,-0.54931640625,-0.048828125,-0.15869140625,-0.06103515625,-0.84228515625,0.23193359375,0.78125,-0.20751953125,-0.03662109375,-0.18310546875,3.41796875,0.537109375,2.1728515625,-0.3173828125,4.638671875,-0.0732421875,2.880859375,0.08544921875,-0.20751953125,0.2685546875,-0.64697265625,-0.244140625,-0.4638671875,-0.439453125,0.59814453125,0.13427734375,1.318359375,0.08544921875,0.7080078125,0.0732421875,-0.10986328125,-0.341796875,0.8544921875,0.0244140625,0.76904296875,-0.244140625,0.537109375,0.048828125,1.57470703125,0.28076171875,0.1953125,0.01220703125,0.634765625,0.20751953125,1.08642578125,0.146484375,0.37841796875,-0.2685546875,0.3173828125,0.09765625,4.74853515625,0.048828125,3.01513671875,-0.048828125,2.08740234375,-0.40283203125,3.80859375,0.146484375,-1.4404296875,-0.1220703125,-1.28173828125,0.1708984375,-1.23291015625,0,-1.03759765625,0.1708984375,-1.6357421875,0,-0.37841796875,0.048828125,-0.4638671875,-0.29296875,-1.77001953125,-0.13427734375,-0.67138671875,-0.15869140625,-0.64697265625,-0.0732421875,-0.68359375,-0.1953125,-0.0732421875,-0.23193359375,-0.830078125,0.146484375,-1.5380859375,0.0244140625,-1.06201171875,-0.32958984375,0.18310546875,0.1708984375,0.28076171875,0,-0.06103515625,-0.06103515625,-0.0244140625,-0.1953125,0.10986328125,-0.1708984375,0.35400390625,-0.20751953125,0.9521484375,0.01220703125,1.81884765625,-0.1953125,-0.0732421875
1,0.01220703125,-1.0986328125,-0.1220703125,-0.64697265625,0.20751953125,-0.6591796875,-0.29296875,-0.32958984375,-0.01220703125,-0.1220703125,-0.0244140625,-0.93994140625,-0.08544921875,0.98876953125,-0.341796875,-0.1953125,0.06103515625,-0.6103515625,0.0244140625,-0.2197265625,0.25634765625,0.87890625,0.15869140625,-0.5615234375,-0.06103515625,-0.15869140625,0.01220703125,-0.84228515625,0.18310546875,0.7568359375,-0.1708984375,0,-0.15869140625,3.25927734375,0.5615234375,2.06298828125,-0.244140625,4.45556640625,0.0244140625,2.734375,0.10986328125,-0.2197265625,0.341796875,-0.6103515625,-0.28076171875,-0.45166015625,-0.5126953125,0.5859375,0.1220703125,1.25732421875,0.0732421875,0.7080078125,0.146484375,-0.1708984375,-0.2685546875,0.830078125,-0.03662109375,0.7568359375,-0.25634765625,0.52490234375,-0.01220703125,1.7822265625,0.1953125,0.15869140625,0.01220703125,0.5615234375,0.1220703125,1.07421875,0.10986328125,0.5126953125,-0.20751953125,0.32958984375,0.1220703125,4.16259765625,0.03662109375,2.7587890625,-0.01220703125,1.806640625,-0.3662109375,3.515625,0.146484375,-1.416015625,-0.08544921875,-1.25732421875,0.23193359375,-1.171875,0,-1.03759765625,0.20751953125,-1.5869140625,0.06103515625,-0.35400390625,0.09765625,-0.42724609375,-0.2685546875,-1.3916015625,-0.10986328125,-0.68359375,-0.15869140625,-0.64697265625,-0.09765625,-0.69580078125,-0.15869140625,-0.06103515625,-0.25634765625,-0.81787109375,0.1220703125,-1.55029296875,0.06103515625,-1.07421875,-0.32958984375,0.15869140625,0.1953125,0.25634765625,0.0244140625,-0.0244140625,-0.06103515625,-0.01220703125,-0.18310546875,0.08544921875,-0.18310546875,0.25634765625,-0.20751953125,0.89111328125,0.08544921875,1.4892578125,-0.23193359375,-0.1953125
1,0,-0.93994140625,-0.13427734375,-0.57373046875,0.20751953125,-0.5859375,-0.30517578125,-0.244140625,-0.0244140625,-0.1220703125,-0.01220703125,-0.927734375,-0.0732421875,1.01318359375,-0.29296875,-0.18310546875,0.048828125,-0.634765625,0.048828125,-0.2197265625,0.20751953125,0.84228515625,0.13427734375,-0.5615234375,-0.08544921875,-0.18310546875,0.048828125,-0.87890625,0.13427734375,0.732421875,-0.09765625,-0.09765625,-0.18310546875,3.0029296875,0.439453125,1.84326171875,-0.1953125,4.13818359375,0.048828125,2.490234375,0.0732421875,-0.2685546875,0.390625,-0.5615234375,-0.25634765625,-0.45166015625,-0.52490234375,0.5615234375,0.10986328125,1.18408203125,0.09765625,0.74462890625,0.2197265625,-0.2197265625,-0.18310546875,0.79345703125,-0.10986328125,0.732421875,-0.2685546875,0.5126953125,0.01220703125,1.96533203125,0.146484375,0.15869140625,0.10986328125,0.64697265625,0.08544921875,1.18408203125,-0.048828125,0.78125,-0.13427734375,0.45166015625,0.08544921875,3.466796875,-0.01220703125,2.5390625,-0.0244140625,1.4892578125,-0.341796875,3.22265625,0.09765625,-1.3916015625,-0.01220703125,-1.13525390625,0.3173828125,-1.13525390625,-0.03662109375,-1.0009765625,0.20751953125,-1.513671875,0.1220703125,-0.3173828125,0.1708984375,-0.42724609375,-0.2197265625,-1.03759765625,-0.13427734375,-0.68359375,-0.146484375,-0.68359375,-0.08544921875,-0.67138671875,-0.146484375,-0.0732421875,-0.244140625,-0.830078125,0.08544921875,-1.5380859375,0.06103515625,-1.08642578125,-0.29296875,0.15869140625,0.2197265625,0.244140625,0.03662109375,-0.03662109375,-0.0732421875,-0.01220703125,-0.20751953125,0.0732421875,-0.18310546875,0.0732421875,-0.1953125,0.78125,0.08544921875,1.01318359375,-0.23193359375,-0.37841796875
1,0.06103515625,-0.69580078125,-0.146484375,-0.45166015625,0.25634765625,-0.50048828125,-0.29296875,-0.15869140625,-0.01220703125,-0.1220703125,-0.0244140625,-0.91552734375,-0.06103515625,1.01318359375,-0.2685546875,-0.20751953125,0.0244140625,-0.64697265625,0.06103515625,-0.244140625,0.15869140625,0.8056640625,0.1220703125,-0.537109375,-0.10986328125,-0.20751953125,0.08544921875,-0.9033203125,0.1220703125,0.64697265625,0,-0.1953125,-0.1220703125,2.62451171875,0.37841796875,1.55029296875,-0.08544921875,3.6376953125,0.15869140625,2.13623046875,0.03662109375,-0.28076171875,0.40283203125,-0.54931640625,-0.23193359375,-0.45166015625,-0.5126953125,0.54931640625,0.06103515625,1.1474609375,0.15869140625,0.9033203125,0.28076171875,-0.1953125,-0.1708984375,0.79345703125,-0.1708984375,0.7080078125,-0.25634765625,0.50048828125,0.01220703125,2.1484375,0.08544921875,0.1220703125,0.09765625,0.9033203125,0.03662109375,1.40380859375,-0.23193359375,1.1962890625,-0.15869140625,0.67138671875,0.0732421875,2.7587890625,0.0244140625,2.24609375,0.03662109375,1.1962890625,-0.2685546875,2.9296875,0.048828125,-1.3427734375,0.01220703125,-1.0009765625,0.35400390625,-1.08642578125,-0.06103515625,-0.9765625,0.18310546875,-1.47705078125,0.15869140625,-0.2685546875,0.244140625,-0.37841796875,-0.09765625,-0.84228515625,-0.15869140625,-0.69580078125,-0.13427734375,-0.69580078125,-0.10986328125,-0.64697265625,-0.146484375,-0.09765625,-0.25634765625,-0.830078125,0.03662109375,-1.5380859375,0.048828125,-1.06201171875,-0.25634765625,0.15869140625,0.20751953125,0.25634765625,0.0732421875,-0.01220703125,-0.0732421875,-0.01220703125,-0.2197265625,0.08544921875,-0.1953125,-0.1220703125,-0.18310546875,0.6591796875,0.08544921875,0.4638671875,-0.244140625,-0.57373046875
1,-0.01220703125,-0.4638671875,-0.146484375,-0.35400390625,0.20751953125,-0.40283203125,-0.244140625,-0.06103515625,-0.0244140625,-0.10986328125,-0.0244140625,-0.927734375,-0.048828125,1.03759765625,-0.244140625,-0.1708984375,0.0244140625,-0.68359375,0.0732421875,-0.2685546875,0.1220703125,0.830078125,0.1708984375,-0.50048828125,-0.15869140625,-0.244140625,0.13427734375,-0.93994140625,0.09765625,0.62255859375,0.01220703125,-0.29296875,-0.08544921875,2.16064453125,0.2197265625,1.171875,-0.06103515625,2.96630859375,0.1708984375,1.72119140625,-0.03662109375,-0.30517578125,0.42724609375,-0.52490234375,-0.18310546875,-0.439453125,-0.5126953125,0.52490234375,0.06103515625,1.18408203125,0.06103515625,1.18408203125,0.3173828125,-0.146484375,-0.146484375,0.8544921875,-0.23193359375,0.72021484375,-0.23193359375,0.537109375,0.13427734375,2.28271484375,-0.01220703125,0.13427734375,0.1708984375,1.2939453125,-0.01220703125,1.708984375,-0.28076171875,1.74560546875,-0.10986328125,0.96435546875,0.06103515625,2.06298828125,0,1.9775390625,0.146484375,0.927734375,-0.18310546875,2.64892578125,0,-1.30615234375,0.01220703125,-0.830078125,0.3173828125,-1.03759765625,-0.08544921875,-0.9521484375,0.1220703125,-1.45263671875,0.10986328125,-0.25634765625,0.29296875,-0.35400390625,-0.01220703125,-0.81787109375,-0.2197265625,-0.68359375,-0.1220703125,-0.68359375,-0.06103515625,-0.634765625,-0.146484375,-0.08544921875,-0.20751953125,-0.81787109375,-0.0244140625,-1.513671875,0.0244140625,-1.06201171875,-0.20751953125,0.1708984375,0.18310546875,0.25634765625,0.09765625,0,-0.0732421875,-0.0244140625,-0.23193359375,0.09765625,-0.20751953125,-0.341796875,-0.146484375,0.50048828125,0.0732421875,-0.15869140625,-0.23193359375,-0.76904296875
1,0,-0.244140625,-0.09765625,-0.244140625,0.3173828125,-0.32958984375,-0.2197265625,0.0244140625,-0.0244140625,-0.08544921875,-0.0244140625,-0.9033203125,-0.03662109375,1.0498046875,-0.29296875,-0.18310546875,0,-0.6591796875,0.06103515625,-0.25634765625,0.10986328125,0.830078125,0.18310546875,-0.48828125,-0.1708984375,-0.244140625,0.13427734375,-0.9033203125,0.08544921875,0.62255859375,0.01220703125,-0.35400390625,-0.0244140625,1.67236328125,0.13427734375,0.76904296875,-0.03662109375,2.197265625,0.18310546875,1.1962890625,-0.09765625,-0.30517578125,0.37841796875,-0.52490234375,-0.13427734375,-0.439453125,-0.4638671875,0.5126953125,0.01220703125,1.3427734375,0.08544921875,1.62353515625,0.30517578125,-0.048828125,-0.10986328125,0.9765625,-0.244140625,0.7080078125,-0.25634765625,0.54931640625,0.2685546875,2.3193359375,-0.048828125,0.10986328125,0.1708984375,1.84326171875,-0.09765625,2.1240234375,-0.390625,2.3681640625,-0.1708984375,1.3427734375,0.0732421875,1.5380859375,-0.01220703125,1.81884765625,0.2197265625,0.69580078125,-0.0732421875,2.42919921875,-0.0732421875,-1.26953125,-0.01220703125,-0.68359375,0.30517578125,-1.03759765625,-0.0732421875,-0.927734375,0.0732421875,-1.4404296875,0.08544921875,-0.23193359375,0.3662109375,-0.341796875,0.08544921875,-0.93994140625,-0.2685546875,-0.68359375,-0.06103515625,-0.67138671875,-0.03662109375,-0.6103515625,-0.13427734375,-0.08544921875,-0.18310546875,-0.81787109375,-0.06103515625,-1.50146484375,-0.0244140625,-1.0498046875,-0.18310546875,0.1708984375,0.20751953125,0.30517578125,0.10986328125,0.01220703125,-0.06103515625,-0.03662109375,-0.25634765625,0.09765625,-0.2197265625,-0.48828125,-0.146484375,0.390625,0.06103515625,-0.68359375,-0.2197265625,-0.91552734375
1,-0.0244140625,-0.10986328125,-0.13427734375,-0.1708984375,0.30517578125,-0.28076171875,-0.23193359375,0.08544921875,-0.0244140625,-0.09765625,-0.048828125,-0.9033203125,-0.01220703125,1.06201171875,-0.30517578125,-0.1708984375,-0.03662109375,-0.634765625,0.01220703125,-0.25634765625,0.10986328125,0.830078125,0.18310546875,-0.5126953125,-0.18310546875,-0.2685546875,0.09765625,-0.91552734375,0.09765625,0.67138671875,0,-0.4150390625,-0.0244140625,1.171875,0.03662109375,0.35400390625,-0.048828125,1.3916015625,0.15869140625,0.72021484375,-0.1220703125,-0.29296875,0.2685546875,-0.537109375,-0.09765625,-0.439453125,-0.439453125,0.5126953125,-0.0732421875,1.59912109375,0.09765625,2.2216796875,0.341796875,0.10986328125,-0.0244140625,1.1474609375,-0.2685546875,0.72021484375,-0.25634765625,0.5615234375,0.3173828125,2.24609375,-0.15869140625,0.10986328125,0.15869140625,2.45361328125,-0.09765625,2.57568359375,-0.29296875,3.0517578125,-0.15869140625,1.7578125,0,1.25732421875,-0.0244140625,1.7333984375,0.30517578125,0.6103515625,0.06103515625,2.294921875,-0.13427734375,-1.26953125,-0.03662109375,-0.57373046875,0.2197265625,-1.0498046875,-0.048828125,-0.89111328125,0.048828125,-1.42822265625,0.08544921875,-0.23193359375,0.4638671875,-0.35400390625,0.15869140625,-1.20849609375,-0.29296875,-0.69580078125,-0.01220703125,-0.6591796875,-0.01220703125,-0.634765625,-0.09765625,-0.08544921875,-0.15869140625,-0.81787109375,-0.06103515625,-1.5380859375,-0.08544921875,-1.06201171875,-0.1220703125,0.15869140625,0.2197265625,0.3173828125,0.10986328125,0.01220703125,-0.06103515625,-0.03662109375,-0.2685546875,0.13427734375,-0.2197265625,-0.59814453125,-0.1220703125,0.29296875,0.03662109375,-1.025390625,-0.20751953125,-1.03759765625
1,-0.08544921875,-0.0732421875,-0.10986328125,-0.15869140625,0.32958984375,-0.28076171875,-0.23193359375,0.10986328125,0,-0.08544921875,-0.03662109375,-0.91552734375,0,1.0498046875,-0.29296875,-0.15869140625,-0.03662109375,-0.59814453125,-0.0244140625,-0.25634765625,0.1220703125,0.84228515625,0.15869140625,-0.52490234375,-0.18310546875,-0.28076171875,0.09765625,-0.91552734375,0.09765625,0.69580078125,-0.0244140625,-0.40283203125,-0.01220703125,0.74462890625,-0.0244140625,0.0244140625,-0.06103515625,0.67138671875,0.13427734375,0.32958984375,-0.13427734375,-0.29296875,0.13427734375,-0.54931640625,-0.0732421875,-0.45166015625,-0.4150390625,0.5126953125,-0.09765625,1.85546875,0.03662109375,2.91748046875,0.30517578125,0.29296875,0.048828125,1.3671875,-0.244140625,0.74462890625,-0.30517578125,0.54931640625,0.29296875,2.0751953125,-0.18310546875,0.13427734375,0.146484375,3.125,-0.146484375,3.01513671875,-0.23193359375,3.77197265625,-0.20751953125,2.1728515625,0.01220703125,1.318359375,-0.03662109375,1.79443359375,0.341796875,0.67138671875,0.1220703125,2.3193359375,-0.146484375,-1.25732421875,-0.06103515625,-0.50048828125,0.15869140625,-1.06201171875,0,-0.89111328125,-0.048828125,-1.42822265625,0.03662109375,-0.2685546875,0.57373046875,-0.341796875,0.146484375,-1.513671875,-0.29296875,-0.68359375,0.0244140625,-0.64697265625,-0.06103515625,-0.59814453125,-0.0732421875,-0.0732421875,-0.1708984375,-0.8056640625,-0.0244140625,-1.52587890625,-0.10986328125,-1.07421875,-0.09765625,0.1708984375,0.20751953125,0.32958984375,0.10986328125,0.01220703125,-0.048828125,-0.01220703125,-0.2685546875,0.146484375,-0.2197265625,-0.62255859375,-0.09765625,0.244140625,-0.03662109375,-1.15966796875,-0.18310546875,-1.07421875
1,-0.0732421875,-0.146484375,-0.0732421875,-0.1953125,0.37841796875,-0.30517578125,-0.1708984375,0.06103515625,0,-0.08544921875,-0.048828125,-0.9033203125,-0.03662109375,1.03759765625,-0.244140625,-0.15869140625,-0.01220703125,-0.5859375,-0.048828125,-0.25634765625,0.146484375,0.8544921875,0.09765625,-0.5615234375,-0.20751953125,-0.25634765625,0.08544921875,-0.89111328125,0.048828125,0.732421875,-0.01220703125,-0.341796875,-0.06103515625,0.45166015625,-0.048828125,-0.2197265625,-0.03662109375,0.18310546875,0.08544921875,0.0732421875,-0.10986328125,-0.2685546875,-0.03662109375,-0.6103515625,-0.01220703125,-0.45166015625,-0.3662109375,0.52490234375,-0.146484375,2.1728515625,0.0732421875,3.67431640625,0.244140625,0.5126953125,0.10986328125,1.611328125,-0.20751953125,0.74462890625,-0.32958984375,0.54931640625,0.28076171875,1.84326171875,-0.18310546875,0.146484375,0.15869140625,3.74755859375,-0.13427734375,3.43017578125,-0.13427734375,4.4677734375,-0.2685546875,2.57568359375,0.1220703125,1.7822265625,0,2.01416015625,0.42724609375,0.91552734375,0.2197265625,2.5390625,-0.146484375,-1.26953125,-0.0244140625,-0.48828125,0.048828125,-1.0986328125,-0.0244140625,-0.9033203125,-0.1220703125,-1.46484375,0,-0.29296875,0.634765625,-0.3662109375,0.10986328125,-1.77001953125,-0.2685546875,-0.68359375,0.0732421875,-0.634765625,-0.10986328125,-0.62255859375,-0.03662109375,-0.06103515625,-0.1953125,-0.8056640625,0.0244140625,-1.5380859375,-0.13427734375,-1.07421875,-0.08544921875,0.146484375,0.20751953125,0.32958984375,0.10986328125,-0.0244140625,-0.048828125,-0.01220703125,-0.244140625,0.1708984375,-0.23193359375,-0.5859375,-0.09765625,0.29296875,-0.048828125,-0.9765625,-0.18310546875,-1.01318359375
1,-0.1220703125,-0.30517578125,-0.10986328125,-0.25634765625,0.3662109375,-0.37841796875,-0.1953125,0.0244140625,0.0244140625,-0.09765625,-0.06103515625,-0.91552734375,-0.048828125,1.03759765625,-0.23193359375,-0.15869140625,0.0244140625,-0.57373046875,-0.08544921875,-0.20751953125,0.15869140625,0.87890625,0.0244140625,-0.57373046875,-0.244140625,-0.2685546875,0.06103515625,-0.87890625,0.01220703125,0.76904296875,-0.0244140625,-0.2685546875,-0.1708984375,0.390625,-0.09765625,-0.2685546875,-0.1220703125,0.01220703125,-0.048828125,0,-0.08544921875,-0.2197265625,-0.146484375,-0.634765625,0.01220703125,-0.4638671875,-0.35400390625,0.54931640625,-0.20751953125,2.52685546875,0.09765625,4.40673828125,0.23193359375,0.72021484375,0.1708984375,1.84326171875,-0.18310546875,0.79345703125,-0.30517578125,0.54931640625,0.32958984375,1.52587890625,-0.244140625,0.18310546875,0.146484375,4.296875,-0.15869140625,3.80859375,-0.08544921875,5.09033203125,-0.4150390625,2.91748046875,0.1708984375,2.64892578125,0.03662109375,2.38037109375,0.45166015625,1.30615234375,0.23193359375,2.94189453125,-0.15869140625,-1.28173828125,0,-0.52490234375,-0.0732421875,-1.1474609375,-0.09765625,-0.9033203125,-0.1708984375,-1.46484375,0,-0.30517578125,0.67138671875,-0.35400390625,0,-1.953125,-0.20751953125,-0.68359375,0.09765625,-0.634765625,-0.146484375,-0.62255859375,-0.048828125,-0.06103515625,-0.23193359375,-0.8056640625,0.13427734375,-1.5380859375,-0.15869140625,-1.0498046875,-0.09765625,0.15869140625,0.1708984375,0.341796875,0.1220703125,-0.0244140625,-0.06103515625,-0.01220703125,-0.2197265625,0.18310546875,-0.20751953125,-0.42724609375,-0.09765625,0.40283203125,-0.08544921875,-0.5126953125,-0.15869140625,-0.84228515625
1,-0.15869140625,-0.4638671875,-0.0732421875,-0.30517578125,0.32958984375,-0.42724609375,-0.20751953125,0.01220703125,0.0244140625,-0.10986328125,-0.06103515625,-0.91552734375,-0.0732421875,1.0009765625,-0.244140625,-0.146484375,0.048828125,-0.57373046875,-0.1220703125,-0.20751953125,0.15869140625,0.86669921875,0.01220703125,-0.62255859375,-0.2685546875,-0.23193359375,0.03662109375,-0.830078125,-0.048828125,0.78125,0,-0.18310546875,-0.15869140625,0.5859375,-0.0732421875,-0.1220703125,-0.08544921875,0.23193359375,-0.10986328125,0.20751953125,-0.0732421875,-0.23193359375,-0.2197265625,-0.68359375,0.01220703125,-0.47607421875,-0.3173828125,0.5615234375,-0.18310546875,2.81982421875,0.10986328125,5.1025390625,0.1953125,0.9033203125,0.20751953125,2.05078125,-0.20751953125,0.78125,-0.25634765625,0.54931640625,0.4150390625,1.2451171875,-0.20751953125,0.1953125,0.10986328125,4.69970703125,-0.1708984375,4.08935546875,-0.03662109375,5.5908203125,-0.52490234375,3.1494140625,0.08544921875,3.89404296875,0.09765625,2.9052734375,0.4150390625,1.89208984375,0.15869140625,3.4912109375,-0.15869140625,-1.30615234375,-0.01220703125,-0.5615234375,-0.146484375,-1.15966796875,-0.1220703125,-0.927734375,-0.1953125,-1.45263671875,0,-0.29296875,0.68359375,-0.3662109375,-0.06103515625,-1.98974609375,-0.146484375,-0.67138671875,0.048828125,-0.62255859375,-0.1953125,-0.64697265625,-0.06103515625,-0.048828125,-0.2685546875,-0.8056640625,0.20751953125,-1.55029296875,-0.18310546875,-1.07421875,-0.09765625,0.15869140625,0.1708984375,0.3173828125,0.1220703125,-0.048828125,-0.06103515625,-0.03662109375,-0.20751953125,0.1708984375,-0.20751953125,-0.2197265625,-0.10986328125,0.54931640625,-0.10986328125,0.146484375,-0.146484375,-0.59814453125
1,-0.13427734375,-0.634765625,-0.0732421875,-0.32958984375,0.4150390625,-0.4638671875,-0.13427734375,0.0244140625,0.048828125,-0.09765625,-0.06103515625,-0.91552734375,-0.0732421875,1.01318359375,-0.244140625,-0.13427734375,0.06103515625,-0.5615234375,-0.13427734375,-0.1953125,0.15869140625,0.87890625,-0.048828125,-0.62255859375,-0.25634765625,-0.2197265625,0,-0.84228515625,-0.0732421875,0.76904296875,0.01220703125,-0.10986328125,-0.15869140625,1.025390625,-0.09765625,0.244140625,-0.08544921875,0.8056640625,-0.2197265625,0.634765625,-0.0732421875,-0.2197265625,-0.1953125,-0.69580078125,-0.0244140625,-0.47607421875,-0.28076171875,0.5859375,-0.23193359375,3.03955078125,-0.09765625,5.67626953125,0.15869140625,1.0498046875,0.1953125,2.197265625,-0.23193359375,0.79345703125,-0.28076171875,0.52490234375,0.4638671875,0.93994140625,-0.1220703125,0.2197265625,0.08544921875,4.931640625,-0.18310546875,4.23583984375,0.0732421875,5.95703125,-0.54931640625,3.2958984375,0.03662109375,5.35888671875,0.1708984375,3.515625,0.390625,2.5390625,0.146484375,4.21142578125,-0.146484375,-1.3427734375,-0.01220703125,-0.634765625,-0.1953125,-1.18408203125,-0.13427734375,-0.93994140625,-0.18310546875,-1.45263671875,0.0244140625,-0.2685546875,0.6103515625,-0.35400390625,-0.09765625,-1.8798828125,-0.13427734375,-0.68359375,0.01220703125,-0.62255859375,-0.23193359375,-0.68359375,-0.08544921875,-0.0244140625,-0.28076171875,-0.79345703125,0.29296875,-1.57470703125,-0.20751953125,-1.07421875,-0.10986328125,0.146484375,0.15869140625,0.29296875,0.09765625,-0.0732421875,-0.0732421875,-0.06103515625,-0.20751953125,0.15869140625,-0.1708984375,0.0732421875,-0.08544921875,0.76904296875,-0.08544921875,0.93994140625,-0.146484375,-0.30517578125
1,-0.18310546875,-0.74462890625,-0.08544921875,-0.35400390625,0.3662109375,-0.47607421875,-0.13427734375,0,0.048828125,-0.13427734375,-0.0732421875,-0.93994140625,-0.10986328125,0.96435546875,-0.244140625,-0.13427734375,0.08544921875,-0.57373046875,-0.18310546875,-0.1708984375,0.1220703125,0.87890625,-0.048828125,-0.634765625,-0.2685546875,-0.20751953125,-0.01220703125,-0.84228515625,-0.13427734375,0.732421875,0,-0.06103515625,-0.08544921875,1.708984375,-0.06103515625,0.79345703125,-0.13427734375,1.7822265625,-0.1953125,1.30615234375,-0.0732421875,-0.244140625,-0.10986328125,-0.72021484375,-0.048828125,-0.47607421875,-0.28076171875,0.5859375,-0.25634765625,3.21044921875,-0.1220703125,6.103515625,0.1708984375,1.1474609375,0.20751953125,2.30712890625,-0.23193359375,0.78125,-0.2685546875,0.52490234375,0.47607421875,0.7568359375,-0.03662109375,0.2197265625,0.08544921875,4.98046875,-0.18310546875,4.28466796875,0.13427734375,6.1767578125,-0.50048828125,3.3203125,-0.09765625,6.97021484375,0.2197265625,4.16259765625,0.28076171875,3.25927734375,0.03662109375,5.0048828125,-0.146484375,-1.33056640625,0.01220703125,-0.7080078125,-0.30517578125,-1.1962890625,-0.146484375,-0.9521484375,-0.13427734375,-1.45263671875,0.01220703125,-0.244140625,0.54931640625,-0.341796875,-0.13427734375,-1.66015625,-0.15869140625,-0.69580078125,-0.03662109375,-0.6103515625,-0.244140625,-0.67138671875,-0.09765625,-0.03662109375,-0.244140625,-0.79345703125,0.37841796875,-1.55029296875,-0.25634765625,-1.07421875,-0.13427734375,0.15869140625,0.13427734375,0.25634765625,0.08544921875,-0.08544921875,-0.0732421875,-0.06103515625,-0.25634765625,0.13427734375,-0.1708984375,0.4150390625,-0.08544921875,1.025390625,-0.15869140625,1.8310546875,-0.1708984375,0.048828125
1,-0.18310546875,-0.732421875,-0.03662109375,-0.32958984375,0.40283203125,-0.42724609375,-0.1220703125,0.03662109375,0.06103515625,-0.13427734375,-0.0732421875,-0.927734375,-0.1220703125,0.98876953125,-0.25634765625,-0.15869140625,0.08544921875,-0.59814453125,-0.1953125,-0.18310546875,0.03662109375,0.84228515625,-0.08544921875,-0.59814453125,-0.2685546875,-0.2197265625,-0.03662109375,-0.86669921875,-0.13427734375,0.69580078125,-0.03662109375,-0.048828125,-0.06103515625,2.55126953125,-0.08544921875,1.513671875,-0.244140625,3.02734375,-0.23193359375,2.1484375,-0.048828125,-0.25634765625,0,-0.732421875,-0.18310546875,-0.47607421875,-0.23193359375,0.5859375,-0.3173828125,3.2958984375,-0.1220703125,6.3720703125,0.13427734375,1.1962890625,0.15869140625,2.34375,-0.28076171875,0.79345703125,-0.25634765625,0.50048828125,0.48828125,0.62255859375,-0.01220703125,0.2197265625,0.0732421875,4.8828125,-0.23193359375,4.2236328125,0.048828125,6.21337890625,-0.439453125,3.2958984375,-0.2197265625,8.53271484375,0.25634765625,4.8095703125,0.146484375,3.955078125,-0.06103515625,5.7861328125,-0.10986328125,-1.3427734375,0.08544921875,-0.76904296875,-0.35400390625,-1.18408203125,-0.08544921875,-0.9521484375,-0.048828125,-1.42822265625,0.0244140625,-0.23193359375,0.439453125,-0.341796875,-0.1220703125,-1.416015625,-0.20751953125,-0.69580078125,-0.10986328125,-0.62255859375,-0.25634765625,-0.67138671875,-0.1220703125,-0.048828125,-0.18310546875,-0.79345703125,0.390625,-1.55029296875,-0.2197265625,-1.08642578125,-0.1220703125,0.13427734375,0.13427734375,0.23193359375,0.09765625,-0.08544921875,-0.08544921875,-0.09765625,-0.244140625,0.13427734375,-0.1708984375,0.72021484375,-0.09765625,1.25732421875,-0.13427734375,2.69775390625,-0.1953125,0.37841796875
1,-0.18310546875,-0.6103515625,-0.01220703125,-0.25634765625,0.40283203125,-0.3173828125,-0.09765625,0.08544921875,0.08544921875,-0.1220703125,-0.08544921875,-0.927734375,-0.146484375,1.0009765625,-0.244140625,-0.13427734375,0.08544921875,-0.634765625,-0.1708984375,-0.20751953125,-0.0244140625,0.84228515625,-0.13427734375,-0.5859375,-0.25634765625,-0.25634765625,-0.048828125,-0.87890625,-0.1220703125,0.64697265625,-0.1220703125,-0.10986328125,-0.01220703125,3.50341796875,-0.10986328125,2.35595703125,-0.3173828125,4.443359375,-0.18310546875,3.0517578125,-0.048828125,-0.23193359375,0.18310546875,-0.72021484375,-0.244140625,-0.48828125,-0.28076171875,0.59814453125,-0.35400390625,3.2958984375,-0.048828125,6.43310546875,0.1708984375,1.2451171875,0.1220703125,2.33154296875,-0.3662109375,0.78125,-0.20751953125,0.5126953125,0.47607421875,0.54931640625,-0.01220703125,0.1953125,0.0732421875,4.67529296875,-0.25634765625,4.0771484375,-0.01220703125,6.09130859375,-0.3662109375,3.16162109375,-0.2685546875,9.912109375,0.25634765625,5.31005859375,0.01220703125,4.55322265625,-0.09765625,6.50634765625,-0.06103515625,-1.318359375,0.13427734375,-0.78125,-0.341796875,-1.171875,-0.048828125,-0.93994140625,0.01220703125,-1.40380859375,0.0732421875,-0.23193359375,0.3173828125,-0.30517578125,-0.08544921875,-1.171875,-0.20751953125,-0.7080078125,-0.08544921875,-0.62255859375,-0.25634765625,-0.64697265625,-0.146484375,-0.03662109375,-0.09765625,-0.79345703125,0.439453125,-1.55029296875,-0.1953125,-1.08642578125,-0.13427734375,0.146484375,0.08544921875,0.20751953125,0.10986328125,-0.06103515625,-0.0732421875,-0.09765625,-0.23193359375,0.10986328125,-0.15869140625,1.0009765625,-0.09765625,1.4892578125,-0.03662109375,3.43017578125,-0.18310546875,0.6591796875
0,-0.1708984375,-0.4150390625,-0.06103515625,-0.13427734375,0.40283203125,-0.18310546875,-0.10986328125,0.18310546875,0.0732421875,-0.10986328125,-0.09765625,-0.91552734375,-0.15869140625,1.01318359375,-0.20751953125,-0.15869140625,0.0732421875,-0.64697265625,-0.18310546875,-0.18310546875,-0.09765625,0.830078125,-0.146484375,-0.5859375,-0.30517578125,-0.25634765625,-0.048828125,-0.927734375,-0.1220703125,0.6103515625,-0.13427734375,-0.18310546875,-0.03662109375,4.47998046875,-0.146484375,3.18603515625,-0.29296875,5.89599609375,-0.10986328125,3.955078125,-0.0732421875,-0.25634765625,0.341796875,-0.69580078125,-0.30517578125,-0.4638671875,-0.25634765625,0.5859375,-0.35400390625,3.2470703125,-0.03662109375,6.3720703125,0.1953125,1.20849609375,0.08544921875,2.3193359375,-0.42724609375,0.78125,-0.15869140625,0.537109375,0.5615234375,0.54931640625,-0.048828125,0.1953125,0.10986328125,4.35791015625,-0.146484375,3.84521484375,-0.06103515625,5.810546875,-0.3173828125,2.978515625,-0.23193359375,10.986328125,0.30517578125,5.6884765625,-0.10986328125,5.01708984375,-0.18310546875,7.0556640625,-0.03662109375,-1.28173828125,0.13427734375,-0.76904296875,-0.37841796875,-1.13525390625,-0.0244140625,-0.91552734375,0.0732421875,-1.40380859375,0.1220703125,-0.1953125,0.244140625,-0.2685546875,-0.09765625,-1.03759765625,-0.2197265625,-0.69580078125,-0.13427734375,-0.634765625,-0.2197265625,-0.64697265625,-0.09765625,-0.048828125,-0.01220703125,-0.8056640625,0.439453125,-1.5380859375,-0.10986328125,-1.08642578125,-0.15869140625,0.146484375,0.0732421875,0.2197265625,0.09765625,-0.048828125,-0.06103515625,-0.09765625,-0.2197265625,0.08544921875,-0.1708984375,1.20849609375,-0.09765625,1.64794921875,-0.0732421875,3.9794921875,-0.1708984375,0.9033203125
0,-0.1708984375,-0.20751953125,-0.0244140625,0.01220703125,0.37841796875,-0.06103515625,-0.10986328125,0.28076171875,0.0732421875,-0.09765625,-0.10986328125,-0.927734375,-0.1708984375,1.025390625,-0.23193359375,-0.13427734375,0.0732421875,-0.64697265625,-0.1708984375,-0.23193359375,-0.09765625,0.830078125,-0.15869140625,-0.54931640625,-0.2685546875,-0.2685546875,-0.06103515625,-0.927734375,-0.1220703125,0.59814453125,-0.1708984375,-0.25634765625,-0.08544921875,5.33447265625,-0.1708984375,3.94287109375,-0.29296875,7.21435546875,-0.03662109375,4.79736328125,-0.0244140625,-0.244140625,0.45166015625,-0.68359375,-0.37841796875,-0.4638671875,-0.20751953125,0.5859375,-0.40283203125,3.1494140625,-0.048828125,6.1767578125,0.20751953125,1.15966796875,0.01220703125,2.24609375,-0.54931640625,0.78125,-0.1953125,0.54931640625,0.634765625,0.5615234375,-0.06103515625,0.18310546875,0.09765625,4.01611328125,-0.09765625,3.5888671875,-0.1220703125,5.3955078125,-0.244140625,2.74658203125,-0.18310546875,11.60888671875,0.32958984375,5.94482421875,-0.18310546875,5.28564453125,-0.1953125,7.40966796875,0.03662109375,-1.25732421875,0.13427734375,-0.74462890625,-0.390625,-1.11083984375,0.01220703125,-0.91552734375,0.09765625,-1.3916015625,0.13427734375,-0.1953125,0.15869140625,-0.25634765625,-0.08544921875,-0.98876953125,-0.2197265625,-0.72021484375,-0.13427734375,-0.634765625,-0.15869140625,-0.634765625,-0.08544921875,-0.03662109375,0.06103515625,-0.79345703125,0.439453125,-1.52587890625,-0.0244140625,-1.08642578125,-0.1953125,0.13427734375,0.06103515625,0.23193359375,0.0732421875,-0.0244140625,-0.06103515625,-0.10986328125,-0.1953125,0.10986328125,-0.1708984375,1.35498046875,-0.06103515625,1.69677734375,-0.0732421875,4.30908203125,-0.1708984375,1.025390625
0,-0.2197265625,-0.01220703125,0,0.1220703125,0.390625,0.048828125,-0.08544921875,0.3662109375,0.048828125,-0.08544921875,-0.13427734375,-0.9033203125,-0.1953125,1.0498046875,-0.23193359375,-0.1220703125,0.03662109375,-0.6103515625,-0.18310546875,-0.23193359375,-0.048828125,0.830078125,-0.1220703125,-0.54931640625,-0.244140625,-0.2685546875,-0.09765625,-0.93994140625,-0.13427734375,0.5859375,-0.1708984375,-0.32958984375,-0.09765625,6.06689453125,-0.18310546875,4.5654296875,-0.244140625,8.251953125,0.0732421875,5.40771484375,-0.0244140625,-0.23193359375,0.54931640625,-0.67138671875,-0.42724609375,-0.45166015625,-0.244140625,0.5859375,-0.42724609375,3.0029296875,0,5.94482421875,0.2197265625,1.0986328125,-0.01220703125,2.18505859375,-0.57373046875,0.7568359375,-0.1220703125,0.57373046875,0.62255859375,0.59814453125,-0.048828125,0.20751953125,0.08544921875,3.6376953125,-0.048828125,3.3447265625,-0.1708984375,4.9560546875,-0.20751953125,2.50244140625,-0.0732421875,11.80419921875,0.25634765625,5.94482421875,-0.25634765625,5.3466796875,-0.1953125,7.51953125,0.08544921875,-1.23291015625,0.09765625,-0.68359375,-0.390625,-1.07421875,-0.048828125,-0.87890625,0.09765625,-1.3916015625,0.10986328125,-0.20751953125,0.10986328125,-0.244140625,-0.146484375,-1.0986328125,-0.1953125,-0.732421875,-0.1220703125,-0.634765625,-0.06103515625,-0.62255859375,-0.08544921875,-0.048828125,0.10986328125,-0.8056640625,0.4150390625,-1.5380859375,0.048828125,-1.0986328125,-0.23193359375,0.146484375,0.08544921875,0.25634765625,0.06103515625,-0.01220703125,-0.048828125,-0.08544921875,-0.18310546875,0.10986328125,-0.18310546875,1.40380859375,-0.0732421875,1.708984375,-0.09765625,4.3701171875,-0.15869140625,1.06201171875
0,-0.1953125,0.146484375,0,0.244140625,0.40283203125,0.1220703125,-0.0732421875,0.45166015625,0.03662109375,-0.08544921875,-0.1708984375,-0.9033203125,-0.18310546875,1.06201171875,-0.28076171875,-0.1220703125,0,-0.6103515625,-0.18310546875,-0.244140625,0,0.81787109375,-0.06103515625,-0.537109375,-0.25634765625,-0.28076171875,-0.09765625,-0.9521484375,-0.18310546875,0.62255859375,-0.15869140625,-0.3662109375,-0.146484375,6.48193359375,-0.1953125,4.98046875,-0.30517578125,8.89892578125,0.146484375,5.810546875,0,-0.244140625,0.59814453125,-0.6591796875,-0.4638671875,-0.4638671875,-0.2197265625,0.54931640625,-0.42724609375,2.880859375,-0.0244140625,5.6396484375,0.23193359375,1.025390625,-0.048828125,2.1240234375,-0.537109375,0.7568359375,-0.10986328125,0.59814453125,0.7080078125,0.62255859375,-0.03662109375,0.2197265625,0.0244140625,3.3203125,0.0732421875,3.1005859375,-0.10986328125,4.52880859375,-0.1220703125,2.2705078125,-0.0244140625,11.53564453125,0.25634765625,5.7861328125,-0.28076171875,5.21240234375,-0.13427734375,7.373046875,0.13427734375,-1.1962890625,0.08544921875,-0.62255859375,-0.35400390625,-1.07421875,-0.08544921875,-0.89111328125,0.146484375,-1.4404296875,0.048828125,-0.244140625,0.09765625,-0.23193359375,-0.15869140625,-1.2939453125,-0.15869140625,-0.732421875,-0.13427734375,-0.6591796875,0.048828125,-0.62255859375,-0.0732421875,-0.048828125,0.08544921875,-0.79345703125,0.3662109375,-1.50146484375,0.13427734375,-1.0986328125,-0.2685546875,0.15869140625,0.13427734375,0.29296875,0.06103515625,0.01220703125,-0.0732421875,-0.09765625,-0.18310546875,0.15869140625,-0.18310546875,1.37939453125,-0.09765625,1.6357421875,-0.06103515625,4.2236328125,-0.15869140625,1.01318359375
0,-0.2197265625,0.23193359375,-0.0244140625,0.30517578125,0.42724609375,0.13427734375,-0.08544921875,0.47607421875,0.03662109375,-0.08544921875,-0.15869140625,-0.9033203125,-0.20751953125,1.0498046875,-0.2685546875,-0.08544921875,0.0244140625,-0.5859375,-0.1708984375,-0.25634765625,0.08544921875,0.84228515625,-0.01220703125,-0.5615234375,-0.20751953125,-0.2685546875,-0.08544921875,-0.927734375,-0.2685546875,0.67138671875,-0.1708984375,-0.35400390625,-0.146484375,6.65283203125,-0.1953125,5.13916015625,-0.32958984375,9.19189453125,0.23193359375,5.92041015625,0.048828125,-0.244140625,0.57373046875,-0.64697265625,-0.48828125,-0.4638671875,-0.2685546875,0.537109375,-0.4638671875,2.7587890625,-0.01220703125,5.3466796875,0.25634765625,0.96435546875,-0.1220703125,2.06298828125,-0.48828125,0.76904296875,-0.0732421875,0.5859375,0.7080078125,0.634765625,-0.03662109375,0.244140625,-0.048828125,3.0517578125,0.13427734375,2.86865234375,-0.13427734375,4.1748046875,-0.08544921875,2.0751953125,0.01220703125,10.85205078125,0.1708984375,5.4443359375,-0.29296875,4.89501953125,0,7.0068359375,0.13427734375,-1.171875,0.08544921875,-0.5615234375,-0.28076171875,-1.0498046875,-0.08544921875,-0.8544921875,0.13427734375,-1.45263671875,0.01220703125,-0.28076171875,0.06103515625,-0.25634765625,-0.1708984375,-1.4892578125,-0.1220703125,-0.7080078125,-0.18310546875,-0.64697265625,0.1220703125,-0.59814453125,-0.048828125,-0.048828125,0.03662109375,-0.78125,0.3173828125,-1.5380859375,0.1708984375,-1.0986328125,-0.2685546875,0.146484375,0.13427734375,0.3173828125,0.06103515625,0.0244140625,-0.0732421875,-0.08544921875,-0.13427734375,0.15869140625,-0.1953125,1.25732421875,-0.09765625,1.4892578125,-0.06103515625,3.90625,-0.15869140625,0.86669921875
0,-0.25634765625,0.1953125,0.01220703125,0.30517578125,0.439453125,0.09765625,-0.09765625,0.4638671875,0.0244140625,-0.08544921875,-0.15869140625,-0.9033203125,-0.1953125,1.025390625,-0.29296875,-0.09765625,-0.01220703125,-0.5859375,-0.1708984375,-0.244140625,0.2197265625,0.830078125,0,-0.57373046875,-0.2685546875,-0.2685546875,-0.03662109375,-0.927734375,-0.40283203125,0.7080078125,-0.146484375,-0.3173828125,-0.15869140625,6.50634765625,-0.18310546875,5.06591796875,-0.3662109375,9.04541015625,0.2685546875,5.810546875,0.0732421875,-0.244140625,0.537109375,-0.64697265625,-0.47607421875,-0.47607421875,-0.1953125,0.52490234375,-0.439453125,2.6611328125,0.09765625,5.09033203125,0.28076171875,0.86669921875,-0.146484375,1.98974609375,-0.4150390625,0.76904296875,-0.048828125,0.5859375,0.69580078125,0.6103515625,-0.03662109375,0.25634765625,-0.06103515625,2.880859375,0.1708984375,2.734375,-0.1220703125,3.89404296875,-0.06103515625,1.94091796875,0.03662109375,9.814453125,0.13427734375,4.9560546875,-0.244140625,4.43115234375,0.048828125,6.4208984375,0.03662109375,-1.13525390625,0.09765625,-0.48828125,-0.20751953125,-1.07421875,-0.10986328125,-0.84228515625,0.0732421875,-1.47705078125,-0.08544921875,-0.3173828125,-0.01220703125,-0.30517578125,-0.1708984375,-1.6845703125,-0.10986328125,-0.7080078125,-0.18310546875,-0.634765625,0.18310546875,-0.6103515625,-0.0244140625,-0.06103515625,-0.03662109375,-0.79345703125,0.2685546875,-1.5380859375,0.1708984375,-1.07421875,-0.2685546875,0.13427734375,0.15869140625,0.32958984375,0.0732421875,0.01220703125,-0.0732421875,-0.048828125,-0.10986328125,0.1708984375,-0.20751953125,1.07421875,-0.08544921875,1.35498046875,-0.08544921875,3.4423828125,-0.1708984375,0.67138671875
0,-0.28076171875,0.048828125,0.01220703125,0.2197265625,0.47607421875,0.03662109375,-0.08544921875,0.37841796875,0,-0.09765625,-0.18310546875,-0.927734375,-0.2197265625,1.025390625,-0.29296875,-0.1220703125,-0.01220703125,-0.54931640625,-0.10986328125,-0.20751953125,0.2685546875,0.8544921875,0,-0.6103515625,-0.30517578125,-0.244140625,0.0244140625,-0.87890625,-0.48828125,0.76904296875,-0.10986328125,-0.244140625,-0.1708984375,6.09130859375,-0.1708984375,4.7119140625,-0.341796875,8.50830078125,0.28076171875,5.38330078125,0.08544921875,-0.25634765625,0.48828125,-0.67138671875,-0.35400390625,-0.48828125,-0.13427734375,0.54931640625,-0.390625,2.587890625,0.08544921875,4.87060546875,0.32958984375,0.78125,-0.18310546875,1.9287109375,-0.37841796875,0.7568359375,-0.03662109375,0.57373046875,0.7080078125,0.5859375,0.03662109375,0.2685546875,-0.09765625,2.79541015625,0.18310546875,2.64892578125,-0.0732421875,3.6865234375,-0.0732421875,1.84326171875,0.0244140625,8.53271484375,0.10986328125,4.39453125,-0.15869140625,3.8818359375,0.09765625,5.70068359375,-0.01220703125,-1.13525390625,0.08544921875,-0.42724609375,-0.2197265625,-1.07421875,-0.09765625,-0.81787109375,-0.01220703125,-1.4892578125,-0.146484375,-0.32958984375,-0.03662109375,-0.341796875,-0.08544921875,-1.84326171875,-0.0732421875,-0.72021484375,-0.1708984375,-0.6591796875,0.13427734375,-0.6103515625,0.03662109375,-0.048828125,-0.08544921875,-0.8056640625,0.244140625,-1.55029296875,0.1953125,-1.08642578125,-0.28076171875,0.146484375,0.1708984375,0.341796875,0.09765625,0.01220703125,-0.06103515625,-0.048828125,-0.0732421875,0.1708984375,-0.18310546875,0.87890625,-0.0732421875,1.20849609375,-0.08544921875,2.8564453125,-0.20751953125,0.42724609375
0,-0.29296875,-0.1220703125,0.03662109375,0.1220703125,0.48828125,-0.06103515625,-0.08544921875,0.28076171875,-0.01220703125,-0.08544921875,-0.18310546875,-0.91552734375,-0.23193359375,1.025390625,-0.28076171875,-0.146484375,0,-0.57373046875,-0.0732421875,-0.1953125,0.32958984375,0.8544921875,-0.048828125,-0.634765625,-0.35400390625,-0.23193359375,0.048828125,-0.87890625,-0.5615234375,0.79345703125,-0.048828125,-0.1953125,-0.13427734375,5.48095703125,-0.13427734375,4.1748046875,-0.30517578125,7.65380859375,0.2197265625,4.79736328125,0.048828125,-0.28076171875,0.390625,-0.68359375,-0.244140625,-0.48828125,-0.15869140625,0.537109375,-0.3173828125,2.5634765625,0.09765625,4.7119140625,0.32958984375,0.74462890625,-0.2197265625,1.89208984375,-0.341796875,0.76904296875,0.0244140625,0.54931640625,0.6591796875,0.5615234375,0.048828125,0.2685546875,-0.08544921875,2.77099609375,0.1953125,2.60009765625,-0.048828125,3.6376953125,-0.1220703125,1.806640625,0.048828125,7.06787109375,0.048828125,3.7841796875,-0.06103515625,3.18603515625,0.048828125,4.931640625,-0.0732421875,-1.123046875,0.10986328125,-0.37841796875,-0.18310546875,-1.08642578125,-0.08544921875,-0.8056640625,-0.0732421875,-1.4892578125,-0.15869140625,-0.32958984375,-0.08544921875,-0.3662109375,-0.03662109375,-1.8798828125,-0.01220703125,-0.69580078125,-0.1708984375,-0.64697265625,0.08544921875,-0.62255859375,0.048828125,-0.048828125,-0.146484375,-0.78125,0.1953125,-1.513671875,0.146484375,-1.0986328125,-0.28076171875,0.13427734375,0.15869140625,0.341796875,0.10986328125,-0.01220703125,-0.06103515625,-0.0244140625,-0.03662109375,0.1953125,-0.1708984375,0.6591796875,-0.09765625,1.0498046875,-0.09765625,2.24609375,-0.23193359375,0.18310546875
0,-0.28076171875,-0.32958984375,0.048828125,0.0244140625,0.52490234375,-0.15869140625,-0.048828125,0.1953125,-0.0732421875,-0.09765625,-0.15869140625,-0.9521484375,-0.2197265625,1.0009765625,-0.30517578125,-0.13427734375,-0.048828125,-0.54931640625,-0.0244140625,-0.20751953125,0.3662109375,0.84228515625,-0.13427734375,-0.6591796875,-0.40283203125,-0.20751953125,0.0732421875,-0.86669921875,-0.537109375,0.78125,0.0244140625,-0.146484375,-0.08544921875,4.72412109375,-0.09765625,3.47900390625,-0.2685546875,6.60400390625,0.18310546875,4.0771484375,-0.01220703125,-0.2685546875,0.25634765625,-0.68359375,-0.09765625,-0.47607421875,-0.08544921875,0.54931640625,-0.244140625,2.5390625,0.03662109375,4.58984375,0.30517578125,0.67138671875,-0.18310546875,1.85546875,-0.29296875,0.76904296875,0.06103515625,0.537109375,0.72021484375,0.54931640625,-0.01220703125,0.25634765625,-0.09765625,2.79541015625,0.2197265625,2.6123046875,-0.0732421875,3.62548828125,-0.146484375,1.7822265625,0.06103515625,5.5908203125,0.048828125,3.125,0.0732421875,2.50244140625,-0.048828125,4.11376953125,-0.1708984375,-1.123046875,0.13427734375,-0.35400390625,-0.15869140625,-1.08642578125,-0.048828125,-0.8056640625,-0.1708984375,-1.50146484375,-0.1708984375,-0.341796875,-0.2197265625,-0.42724609375,0,-1.85546875,0.01220703125,-0.72021484375,-0.15869140625,-0.67138671875,0.06103515625,-0.634765625,0.06103515625,-0.048828125,-0.15869140625,-0.8056640625,0.146484375,-1.52587890625,0.09765625,-1.08642578125,-0.28076171875,0.13427734375,0.13427734375,0.3173828125,0.08544921875,-0.03662109375,-0.06103515625,-0.03662109375,0,0.15869140625,-0.15869140625,0.4150390625,-0.0732421875,0.89111328125,-0.08544921875,1.611328125,-0.244140625,-0.08544921875
0,-0.25634765625,-0.537109375,0.0732421875,-0.0732421875,0.52490234375,-0.244140625,-0.01220703125,0.10986328125,-0.08544921875,-0.09765625,-0.1708984375,-0.96435546875,-0.23193359375,0.98876953125,-0.30517578125,-0.1708984375,-0.06103515625,-0.57373046875,0.0244140625,-0.18310546875,0.3173828125,0.8544921875,-0.13427734375,-0.64697265625,-0.3662109375,-0.18310546875,0.06103515625,-0.8544921875,-0.45166015625,0.78125,0.06103515625,-0.10986328125,-0.048828125,3.857421875,-0.048828125,2.74658203125,-0.23193359375,5.46875,0.10986328125,3.28369140625,-0.08544921875,-0.29296875,0.1220703125,-0.72021484375,0.048828125,-0.4638671875,-0.048828125,0.57373046875,-0.20751953125,2.5634765625,-0.03662109375,4.47998046875,0.2685546875,0.6103515625,-0.15869140625,1.8310546875,-0.2685546875,0.78125,0.09765625,0.5126953125,0.67138671875,0.57373046875,-0.06103515625,0.244140625,-0.08544921875,2.81982421875,0.2197265625,2.6123046875,0,3.62548828125,-0.13427734375,1.7822265625,0.01220703125,4.08935546875,0.06103515625,2.55126953125,0.1708984375,1.806640625,-0.13427734375,3.33251953125,-0.23193359375,-1.1474609375,0.15869140625,-0.35400390625,-0.15869140625,-1.08642578125,0.01220703125,-0.81787109375,-0.1953125,-1.47705078125,-0.15869140625,-0.3173828125,-0.29296875,-0.4638671875,0,-1.69677734375,0.0244140625,-0.69580078125,-0.15869140625,-0.6591796875,0.03662109375,-0.6591796875,0.06103515625,-0.048828125,-0.1708984375,-0.8056640625,0.13427734375,-1.52587890625,0.048828125,-1.07421875,-0.28076171875,0.1220703125,0.18310546875,0.3173828125,0.09765625,-0.06103515625,-0.048828125,-0.06103515625,0,0.146484375,-0.15869140625,0.18310546875,-0.0732421875,0.7568359375,-0.06103515625,0.98876953125,-0.244140625,-0.341796875
0,-0.341796875,-0.634765625,0.048828125,-0.13427734375,0.5126953125,-0.29296875,0,0.048828125,-0.0732421875,-0.10986328125,-0.1708984375,-0.96435546875,-0.23193359375,0.98876953125,-0.3173828125,-0.15869140625,-0.08544921875,-0.57373046875,0.06103515625,-0.18310546875,0.32958984375,0.830078125,-0.146484375,-0.634765625,-0.3662109375,-0.1708984375,0.06103515625,-0.84228515625,-0.32958984375,0.732421875,0.10986328125,-0.09765625,0,3.01513671875,0.03662109375,1.953125,-0.1708984375,4.2724609375,0,2.50244140625,-0.1708984375,-0.29296875,0.01220703125,-0.732421875,0.13427734375,-0.45166015625,0,0.5859375,-0.08544921875,2.55126953125,-0.08544921875,4.38232421875,0.2685546875,0.59814453125,-0.10986328125,1.79443359375,-0.2197265625,0.76904296875,0.09765625,0.5126953125,0.732421875,0.634765625,-0.1220703125,0.23193359375,0,2.81982421875,0.1708984375,2.587890625,-0.01220703125,3.5400390625,-0.10986328125,1.74560546875,0.01220703125,2.6611328125,-0.01220703125,1.953125,0.2197265625,1.1474609375,-0.23193359375,2.60009765625,-0.28076171875,-1.123046875,0.15869140625,-0.390625,-0.15869140625,-1.08642578125,0.03662109375,-0.81787109375,-0.1708984375,-1.47705078125,-0.1220703125,-0.3173828125,-0.40283203125,-0.439453125,-0.01220703125,-1.52587890625,0.01220703125,-0.7080078125,-0.1708984375,-0.6591796875,0.0244140625,-0.6591796875,0.048828125,-0.0244140625,-0.146484375,-0.8056640625,0.0732421875,-1.5380859375,0.01220703125,-1.0986328125,-0.23193359375,0.13427734375,0.18310546875,0.29296875,0.146484375,-0.048828125,-0.06103515625,-0.0732421875,0,0.13427734375,-0.1953125,-0.048828125,-0.048828125,0.634765625,-0.06103515625,0.439453125,-0.244140625,-0.57373046875
0,-0.341796875,-0.6591796875,0.1220703125,-0.1220703125,0.537109375,-0.29296875,0.0244140625,0.03662109375,-0.0732421875,-0.09765625,-0.1708984375,-0.96435546875,-0.20751953125,0.98876953125,-0.29296875,-0.146484375,-0.10986328125,-0.5859375,0.10986328125,-0.18310546875,0.28076171875,0.84228515625,-0.10986328125,-0.62255859375,-0.35400390625,-0.1708984375,0.0244140625,-0.8544921875,-0.146484375,0.72021484375,0.06103515625,-0.1220703125,-0.01220703125,2.197265625,0.1708984375,1.220703125,-0.08544921875,3.1982421875,-0.10986328125,1.7578125,-0.2197265625,-0.30517578125,-0.03662109375,-0.74462890625,0.23193359375,-0.42724609375,0.048828125,0.5859375,-0.01220703125,2.5146484375,-0.10986328125,4.248046875,0.30517578125,0.5615234375,-0.0732421875,1.74560546875,-0.244140625,0.76904296875,0.1220703125,0.52490234375,0.7080078125,0.72021484375,-0.1220703125,0.1708984375,0,2.69775390625,0.0732421875,2.50244140625,-0.01220703125,3.3447265625,-0.0732421875,1.67236328125,-0.0732421875,1.3427734375,-0.0244140625,1.45263671875,0.20751953125,0.5615234375,-0.244140625,1.94091796875,-0.29296875,-1.1474609375,0.1708984375,-0.42724609375,-0.1220703125,-1.07421875,0.048828125,-0.84228515625,-0.18310546875,-1.46484375,-0.06103515625,-0.30517578125,-0.42724609375,-0.42724609375,-0.0732421875,-1.3427734375,0,-0.72021484375,-0.13427734375,-0.6591796875,0.0244140625,-0.6591796875,-0.0244140625,-0.048828125,-0.15869140625,-0.78125,0.08544921875,-1.52587890625,-0.048828125,-1.0986328125,-0.2197265625,0.13427734375,0.18310546875,0.2685546875,0.146484375,-0.06103515625,-0.0732421875,-0.0732421875,0.03662109375,0.1220703125,-0.18310546875,-0.244140625,-0.01220703125,0.5126953125,-0.06103515625,-0.0244140625,-0.25634765625,-0.78125
0,-0.390625,-0.6103515625,0.08544921875,-0.09765625,0.5126953125,-0.244140625,0.0244140625,0.0732421875,-0.0732421875,-0.09765625,-0.15869140625,-0.93994140625,-0.1953125,1.01318359375,-0.2685546875,-0.1220703125,-0.10986328125,-0.5859375,0.13427734375,-0.18310546875,0.25634765625,0.830078125,-0.09765625,-0.6103515625,-0.29296875,-0.1953125,-0.01220703125,-0.89111328125,0.06103515625,0.67138671875,0,-0.1708984375,0.03662109375,1.52587890625,0.244140625,0.57373046875,0.01220703125,2.2705078125,-0.15869140625,1.13525390625,-0.18310546875,-0.28076171875,-0.06103515625,-0.72021484375,0.25634765625,-0.4150390625,0.06103515625,0.59814453125,0.0244140625,2.44140625,-0.048828125,4.0283203125,0.3662109375,0.52490234375,-0.0244140625,1.66015625,-0.28076171875,0.79345703125,0.18310546875,0.52490234375,0.68359375,0.84228515625,-0.1953125,0.1708984375,0.0732421875,2.52685546875,0.03662109375,2.3681640625,-0.01220703125,3.02734375,0,1.52587890625,-0.10986328125,0.244140625,-0.03662109375,1.025390625,0.146484375,0.06103515625,-0.2197265625,1.40380859375,-0.23193359375,-1.15966796875,0.18310546875,-0.50048828125,-0.048828125,-1.08642578125,0.06103515625,-0.8544921875,-0.10986328125,-1.46484375,0,-0.28076171875,-0.390625,-0.4150390625,-0.1220703125,-1.220703125,-0.01220703125,-0.732421875,-0.1708984375,-0.634765625,-0.01220703125,-0.64697265625,-0.08544921875,-0.03662109375,-0.13427734375,-0.79345703125,0.0732421875,-1.5380859375,-0.08544921875,-1.08642578125,-0.1953125,0.146484375,0.1953125,0.2685546875,0.1220703125,-0.03662109375,-0.0732421875,-0.0732421875,0.048828125,0.13427734375,-0.146484375,-0.40283203125,0,0.439453125,-0.08544921875,-0.439453125,-0.244140625,-0.9521484375
1,-0.4150390625,-0.47607421875,0.1220703125,-0.06103515625,0.47607421875,-0.20751953125,0.0244140625,0.13427734375,-0.1220703125,-0.09765625,-0.146484375,-0.93994140625,-0.1953125,1.025390625,-0.20751953125,-0.1220703125,-0.10986328125,-0.62255859375,0.1220703125,-0.18310546875,0.28076171875,0.81787109375,-0.15869140625,-0.5615234375,-0.2685546875,-0.2197265625,-0.06103515625,-0.9033203125,0.2685546875,0.64697265625,-0.01220703125,-0.244140625,0.0244140625,0.9521484375,0.32958984375,0.08544921875,0.0732421875,1.50146484375,-0.1953125,0.5859375,-0.15869140625,-0.2685546875,-0.08544921875,-0.69580078125,0.18310546875,-0.42724609375,0.08544921875,0.6103515625,0.048828125,2.3193359375,-0.10986328125,3.69873046875,0.341796875,0.45166015625,0,1.5625,-0.3662109375,0.7568359375,0.18310546875,0.52490234375,0.634765625,0.9521484375,-0.30517578125,0.1708984375,0.09765625,2.25830078125,0.01220703125,2.1484375,-0.09765625,2.5390625,0.01220703125,1.3427734375,-0.18310546875,-0.634765625,-0.0244140625,0.6591796875,0.06103515625,-0.35400390625,-0.146484375,0.9765625,-0.1708984375,-1.171875,0.1953125,-0.5615234375,0.03662109375,-1.0986328125,0.06103515625,-0.8544921875,-0.08544921875,-1.45263671875,0.08544921875,-0.244140625,-0.28076171875,-0.390625,-0.1708984375,-1.15966796875,-0.0244140625,-0.732421875,-0.1953125,-0.634765625,-0.06103515625,-0.634765625,-0.146484375,-0.048828125,-0.146484375,-0.8056640625,0.06103515625,-1.5380859375,-0.09765625,-1.0986328125,-0.1708984375,0.1220703125,0.1708984375,0.28076171875,0.1220703125,-0.03662109375,-0.048828125,-0.08544921875,0.0732421875,0.1220703125,-0.146484375,-0.50048828125,0.03662109375,0.35400390625,-0.1220703125,-0.72021484375,-0.20751953125,-1.07421875
1,-0.4150390625,-0.341796875,0.1220703125,-0.01220703125,0.52490234375,-0.146484375,0.08544921875,0.15869140625,-0.10986328125,-0.09765625,-0.1708984375,-0.93994140625,-0.1953125,1.025390625,-0.2197265625,-0.10986328125,-0.08544921875,-0.62255859375,0.09765625,-0.20751953125,0.2685546875,0.81787109375,-0.23193359375,-0.54931640625,-0.18310546875,-0.244140625,-0.1220703125,-0.9033203125,0.40283203125,0.62255859375,-0.048828125,-0.29296875,-0.01220703125,0.537109375,0.40283203125,-0.32958984375,0.15869140625,0.89111328125,-0.1953125,0.18310546875,-0.06103515625,-0.28076171875,-0.048828125,-0.68359375,0.09765625,-0.42724609375,0.09765625,0.6103515625,0.0244140625,2.1484375,-0.03662109375,3.25927734375,0.390625,0.40283203125,0.0732421875,1.45263671875,-0.48828125,0.76904296875,0.1953125,0.5126953125,0.64697265625,1.0498046875,-0.390625,0.1708984375,0.146484375,1.89208984375,-0.01220703125,1.91650390625,-0.10986328125,1.9775390625,0.048828125,1.08642578125,-0.244140625,-1.23291015625,-0.0244140625,0.4150390625,0,-0.6591796875,-0.048828125,0.69580078125,-0.06103515625,-1.20849609375,0.23193359375,-0.6103515625,0.13427734375,-1.123046875,0.03662109375,-0.86669921875,-0.0244140625,-1.4404296875,0.15869140625,-0.23193359375,-0.18310546875,-0.3662109375,-0.2197265625,-1.15966796875,-0.03662109375,-0.732421875,-0.20751953125,-0.62255859375,-0.10986328125,-0.62255859375,-0.18310546875,-0.0732421875,-0.146484375,-0.8056640625,0.09765625,-1.55029296875,-0.09765625,-1.11083984375,-0.15869140625,0.1220703125,0.13427734375,0.3173828125,0.1220703125,-0.01220703125,-0.06103515625,-0.08544921875,0.1220703125,0.13427734375,-0.1220703125,-0.57373046875,0.048828125,0.3173828125,-0.10986328125,-0.9033203125,-0.2197265625,-1.123046875
1,-0.45166015625,-0.1953125,0.10986328125,0.03662109375,0.50048828125,-0.13427734375,0.06103515625,0.20751953125,-0.08544921875,-0.09765625,-0.1708984375,-0.93994140625,-0.20751953125,1.0498046875,-0.23193359375,-0.08544921875,-0.06103515625,-0.634765625,0.048828125,-0.20751953125,0.29296875,0.81787109375,-0.32958984375,-0.57373046875,-0.09765625,-0.25634765625,-0.20751953125,-0.9033203125,0.47607421875,0.62255859375,-0.03662109375,-0.3173828125,-0.01220703125,0.244140625,0.42724609375,-0.6103515625,0.1708984375,0.439453125,-0.146484375,-0.13427734375,0.0244140625,-0.2685546875,-0.0244140625,-0.67138671875,0.01220703125,-0.40283203125,0.08544921875,0.62255859375,-0.01220703125,1.953125,-0.0244140625,2.7099609375,0.390625,0.29296875,0.06103515625,1.318359375,-0.5859375,0.7568359375,0.25634765625,0.52490234375,0.72021484375,1.1474609375,-0.4638671875,0.15869140625,0.2197265625,1.52587890625,-0.0244140625,1.67236328125,-0.15869140625,1.3916015625,0.0244140625,0.86669921875,-0.25634765625,-1.59912109375,-0.048828125,0.28076171875,-0.048828125,-0.830078125,0.08544921875,0.50048828125,-0.01220703125,-1.220703125,0.20751953125,-0.634765625,0.2197265625,-1.0986328125,-0.01220703125,-0.86669921875,0.06103515625,-1.42822265625,0.1708984375,-0.244140625,-0.03662109375,-0.30517578125,-0.13427734375,-1.25732421875,-0.03662109375,-0.7568359375,-0.1708984375,-0.634765625,-0.15869140625,-0.6103515625,-0.1953125,-0.048828125,-0.15869140625,-0.830078125,0.08544921875,-1.5380859375,-0.09765625,-1.0986328125,-0.15869140625,0.15869140625,0.15869140625,0.32958984375,0.09765625,-0.01220703125,-0.0732421875,-0.08544921875,0.15869140625,0.1220703125,-0.13427734375,-0.57373046875,0,0.28076171875,-0.1220703125,-1.0009765625,-0.1953125,-1.171875
1,-0.47607421875,-0.08544921875,0.10986328125,0.048828125,0.52490234375,-0.146484375,0.10986328125,0.20751953125,-0.06103515625,-0.09765625,-0.15869140625,-0.93994140625,-0.1708984375,1.06201171875,-0.20751953125,-0.08544921875,-0.03662109375,-0.5859375,-0.01220703125,-0.23193359375,0.244140625,0.84228515625,-0.390625,-0.5615234375,-0.06103515625,-0.25634765625,-0.244140625,-0.9033203125,0.50048828125,0.64697265625,0,-0.3173828125,0,0.03662109375,0.42724609375,-0.78125,0.15869140625,0.146484375,-0.048828125,-0.35400390625,0.06103515625,-0.25634765625,0.01220703125,-0.6591796875,-0.13427734375,-0.42724609375,0.13427734375,0.62255859375,-0.0244140625,1.72119140625,-0.0244140625,2.1240234375,0.40283203125,0.1708984375,0.06103515625,1.15966796875,-0.62255859375,0.74462890625,0.2685546875,0.54931640625,0.76904296875,1.20849609375,-0.48828125,0.1708984375,0.20751953125,1.23291015625,-0.06103515625,1.46484375,-0.15869140625,0.9033203125,0.048828125,0.68359375,-0.35400390625,-1.69677734375,-0.146484375,0.1953125,-0.10986328125,-0.87890625,0.15869140625,0.439453125,0.0244140625,-1.220703125,0.1220703125,-0.67138671875,0.29296875,-1.11083984375,-0.08544921875,-0.87890625,0.15869140625,-1.4404296875,0.18310546875,-0.23193359375,0.1220703125,-0.29296875,-0.03662109375,-1.3671875,-0.048828125,-0.732421875,-0.146484375,-0.64697265625,-0.20751953125,-0.5859375,-0.20751953125,-0.06103515625,-0.13427734375,-0.81787109375,0.08544921875,-1.55029296875,-0.08544921875,-1.08642578125,-0.146484375,0.146484375,0.10986328125,0.341796875,0.0732421875,-0.01220703125,-0.06103515625,-0.10986328125,0.1708984375,0.146484375,-0.1220703125,-0.54931640625,0.01220703125,0.29296875,-0.10986328125,-1.0498046875,-0.20751953125,-1.1474609375
1,-0.4638671875,-0.09765625,0.13427734375,0.0244140625,0.52490234375,-0.15869140625,0.13427734375,0.23193359375,-0.06103515625,-0.09765625,-0.146484375,-0.93994140625,-0.1953125,1.0498046875,-0.18310546875,-0.06103515625,-0.01220703125,-0.5859375,-0.0244140625,-0.2197265625,0.1708984375,0.84228515625,-0.3662109375,-0.5615234375,-0.0244140625,-0.25634765625,-0.29296875,-0.89111328125,0.45166015625,0.68359375,0.01220703125,-0.29296875,0.01220703125,-0.13427734375,0.341796875,-0.89111328125,0.1220703125,-0.08544921875,0.03662109375,-0.5126953125,0.1220703125,-0.25634765625,0,-0.634765625,-0.2197265625,-0.45166015625,0.10986328125,0.62255859375,-0.0244140625,1.513671875,0.01220703125,1.5380859375,0.439453125,0.03662109375,0.09765625,1.025390625,-0.634765625,0.74462890625,0.23193359375,0.54931640625,0.8544921875,1.220703125,-0.57373046875,0.18310546875,0.1953125,1.0498046875,-0.048828125,1.35498046875,-0.15869140625,0.57373046875,0.048828125,0.5859375,-0.37841796875,-1.5625,-0.13427734375,0.23193359375,-0.0732421875,-0.84228515625,0.29296875,0.4638671875,0.0244140625,-1.23291015625,0.06103515625,-0.68359375,0.341796875,-1.11083984375,-0.09765625,-0.89111328125,0.23193359375,-1.42822265625,0.1220703125,-0.2197265625,0.23193359375,-0.2685546875,0.0732421875,-1.50146484375,-0.09765625,-0.74462890625,-0.10986328125,-0.67138671875,-0.20751953125,-0.5859375,-0.1953125,-0.048828125,-0.1220703125,-0.84228515625,0.06103515625,-1.55029296875,-0.06103515625,-1.08642578125,-0.08544921875,0.15869140625,0.0732421875,0.341796875,0.06103515625,-0.01220703125,-0.06103515625,-0.08544921875,0.18310546875,0.146484375,-0.10986328125,-0.47607421875,0,0.30517578125,-0.1220703125,-1.0498046875,-0.1953125,-1.13525390625
1,-0.48828125,-0.13427734375,0.13427734375,-0.03662109375,0.5126953125,-0.2197265625,0.09765625,0.18310546875,-0.0244140625,-0.10986328125,-0.15869140625,-0.93994140625,-0.18310546875,1.025390625,-0.15869140625,-0.06103515625,0,-0.5615234375,-0.0244140625,-0.23193359375,0.15869140625,0.8544921875,-0.35400390625,-0.5859375,-0.048828125,-0.23193359375,-0.28076171875,-0.87890625,0.37841796875,0.69580078125,0.048828125,-0.244140625,0.048828125,-0.2685546875,0.244140625,-0.98876953125,0.09765625,-0.2685546875,0.13427734375,-0.634765625,0.13427734375,-0.25634765625,0,-0.6591796875,-0.29296875,-0.4638671875,0.18310546875,0.62255859375,-0.08544921875,1.35498046875,0.0732421875,1.025390625,0.4150390625,-0.048828125,0.10986328125,0.91552734375,-0.68359375,0.732421875,0.23193359375,0.537109375,0.79345703125,1.20849609375,-0.62255859375,0.1708984375,0.2197265625,1.0498046875,-0.08544921875,1.3671875,-0.08544921875,0.52490234375,-0.048828125,0.6103515625,-0.28076171875,-1.2451171875,-0.0732421875,0.30517578125,0.0244140625,-0.7080078125,0.390625,0.54931640625,0.01220703125,-1.23291015625,-0.06103515625,-0.67138671875,0.32958984375,-1.123046875,-0.13427734375,-0.9033203125,0.28076171875,-1.42822265625,0.0732421875,-0.25634765625,0.3173828125,-0.30517578125,-0.01220703125,-1.59912109375,-0.15869140625,-0.732421875,-0.09765625,-0.69580078125,-0.20751953125,-0.57373046875,-0.1708984375,-0.06103515625,-0.06103515625,-0.84228515625,-0.01220703125,-1.5380859375,-0.0244140625,-1.11083984375,-0.03662109375,0.146484375,0.048828125,0.32958984375,0.03662109375,-0.0244140625,-0.0732421875,-0.1220703125,0.18310546875,0.146484375,-0.1220703125,-0.439453125,-0.01220703125,0.3173828125,-0.13427734375,-0.98876953125,-0.20751953125,-1.07421875
1,-0.50048828125,-0.20751953125,0.13427734375,-0.0732421875,0.48828125,-0.29296875,0.1220703125,0.1708984375,-0.0244140625,-0.1220703125,-0.15869140625,-0.927734375,-0.18310546875,1.0009765625,-0.1220703125,-0.048828125,-0.01220703125,-0.57373046875,0.0244140625,-0.20751953125,0.09765625,0.830078125,-0.30517578125,-0.6103515625,-0.146484375,-0.23193359375,-0.244140625,-0.8544921875,0.28076171875,0.72021484375,0.01220703125,-0.1953125,0.048828125,-0.40283203125,0.1953125,-1.07421875,0.0732421875,-0.4150390625,0.20751953125,-0.7568359375,0.1220703125,-0.244140625,0.01220703125,-0.68359375,-0.30517578125,-0.4638671875,0.1708984375,0.59814453125,-0.1220703125,1.28173828125,0.1220703125,0.7080078125,0.4150390625,-0.13427734375,0.146484375,0.81787109375,-0.72021484375,0.74462890625,0.18310546875,0.537109375,0.9033203125,1.171875,-0.6591796875,0.18310546875,0.20751953125,1.2451171875,-0.09765625,1.55029296875,0.048828125,0.830078125,-0.10986328125,0.79345703125,-0.23193359375,-0.84228515625,-0.0732421875,0.4638671875,0.13427734375,-0.54931640625,0.37841796875,0.7080078125,-0.01220703125,-1.23291015625,-0.1708984375,-0.64697265625,0.29296875,-1.11083984375,-0.09765625,-0.89111328125,0.25634765625,-1.4404296875,0.06103515625,-0.244140625,0.390625,-0.29296875,0.10986328125,-1.64794921875,-0.18310546875,-0.68359375,-0.09765625,-0.732421875,-0.18310546875,-0.537109375,-0.10986328125,-0.06103515625,-0.0244140625,-0.830078125,-0.06103515625,-1.55029296875,0.01220703125,-1.0986328125,0,0.146484375,0.0244140625,0.30517578125,0.03662109375,-0.03662109375,-0.06103515625,-0.08544921875,0.15869140625,0.146484375,-0.10986328125,-0.390625,-0.03662109375,0.32958984375,-0.1220703125,-0.93994140625,-0.1953125,-1.0498046875
1,-0.5126953125,-0.28076171875,0.146484375,-0.10986328125,0.48828125,-0.341796875,0.13427734375,0.1708984375,-0.048828125,-0.10986328125,-0.146484375,-0.927734375,-0.18310546875,0.96435546875,-0.1220703125,-0.06103515625,-0.03662109375,-0.57373046875,0.0732421875,-0.18310546875,0.0732421875,0.86669921875,-0.2685546875,-0.62255859375,-0.1953125,-0.20751953125,-0.18310546875,-0.8544921875,0.1708984375,0.74462890625,0,-0.15869140625,0.03662109375,-0.52490234375,0.03662109375,-1.15966796875,-0.03662109375,-0.5859375,0.1708984375,-0.89111328125,0.0732421875,-0.2197265625,0,-0.69580078125,-0.25634765625,-0.4638671875,0.1953125,0.6103515625,-0.2197265625,1.26953125,0.01220703125,0.64697265625,0.35400390625,-0.146484375,0.10986328125,0.830078125,-0.69580078125,0.7568359375,0.1708984375,0.537109375,0.96435546875,1.1474609375,-0.732421875,0.1953125,0.1708984375,1.66015625,-0.13427734375,1.8798828125,0.03662109375,1.45263671875,-0.2197265625,1.13525390625,-0.18310546875,-0.4150390625,-0.0244140625,0.6591796875,0.244140625,-0.390625,0.30517578125,0.86669921875,-0.0244140625,-1.2451171875,-0.2685546875,-0.634765625,0.28076171875,-1.13525390625,-0.03662109375,-0.87890625,0.20751953125,-1.47705078125,0,-0.25634765625,0.47607421875,-0.32958984375,0.146484375,-1.5869140625,-0.18310546875,-0.64697265625,-0.048828125,-0.7080078125,-0.18310546875,-0.5615234375,-0.0732421875,-0.03662109375,-0.01220703125,-0.830078125,-0.1220703125,-1.55029296875,0,-1.08642578125,0.0244140625,0.15869140625,0,0.29296875,0.048828125,-0.03662109375,-0.06103515625,-0.08544921875,0.1220703125,0.15869140625,-0.1220703125,-0.37841796875,-0.01220703125,0.341796875,-0.08544921875,-0.86669921875,-0.1953125,-1.0009765625
1,-0.4638671875,-0.35400390625,0.15869140625,-0.146484375,0.439453125,-0.341796875,0.15869140625,0.13427734375,-0.03662109375,-0.10986328125,-0.146484375,-0.927734375,-0.15869140625,0.93994140625,-0.13427734375,-0.13427734375,-0.10986328125,-0.5859375,0.1220703125,-0.1953125,0.06103515625,0.86669921875,-0.29296875,-0.62255859375,-0.2685546875,-0.1953125,-0.146484375,-0.8544921875,0.0732421875,0.732421875,0,-0.10986328125,0.0732421875,-0.6591796875,-0.048828125,-1.25732421875,-0.1220703125,-0.72021484375,0.1953125,-1.01318359375,0.01220703125,-0.20751953125,-0.03662109375,-0.69580078125,-0.18310546875,-0.4638671875,0.1708984375,0.634765625,-0.2685546875,1.37939453125,0,0.86669921875,0.28076171875,-0.09765625,0.15869140625,0.927734375,-0.634765625,0.76904296875,0.13427734375,0.57373046875,0.91552734375,1.15966796875,-0.78125,0.1953125,0.09765625,2.25830078125,-0.146484375,2.34375,0.10986328125,2.38037109375,-0.23193359375,1.611328125,-0.23193359375,-0.03662109375,0.0244140625,0.76904296875,0.341796875,-0.2197265625,0.25634765625,1.025390625,-0.1220703125,-1.1962890625,-0.37841796875,-0.5859375,0.20751953125,-1.11083984375,0.03662109375,-0.89111328125,0.08544921875,-1.4892578125,0.0244140625,-0.2685546875,0.537109375,-0.341796875,0.29296875,-1.46484375,-0.1708984375,-0.6103515625,-0.0732421875,-0.72021484375,-0.20751953125,-0.5859375,-0.0244140625,-0.0244140625,-0.01220703125,-0.79345703125,-0.146484375,-1.52587890625,0,-1.07421875,0.048828125,0.1708984375,-0.01220703125,0.28076171875,0.048828125,-0.06103515625,-0.0732421875,-0.06103515625,0.08544921875,0.146484375,-0.10986328125,-0.37841796875,-0.01220703125,0.3662109375,-0.06103515625,-0.79345703125,-0.15869140625,-0.98876953125
1,-0.5126953125,-0.35400390625,0.13427734375,-0.146484375,0.4150390625,-0.3173828125,0.146484375,0.146484375,-0.0732421875,-0.08544921875,-0.15869140625,-0.927734375,-0.13427734375,0.9521484375,-0.15869140625,-0.18310546875,-0.1708984375,-0.59814453125,0.15869140625,-0.1708984375,0.03662109375,0.89111328125,-0.29296875,-0.634765625,-0.341796875,-0.18310546875,-0.08544921875,-0.8544921875,-0.048828125,0.732421875,-0.0244140625,-0.09765625,0.06103515625,-0.78125,-0.10986328125,-1.33056640625,-0.146484375,-0.87890625,0.2197265625,-1.13525390625,-0.08544921875,-0.23193359375,-0.09765625,-0.72021484375,-0.10986328125,-0.4638671875,0.18310546875,0.634765625,-0.28076171875,1.57470703125,-0.01220703125,1.3916015625,0.1953125,0.06103515625,0.1220703125,1.07421875,-0.57373046875,0.76904296875,0.10986328125,0.5615234375,1.0009765625,1.1962890625,-0.81787109375,0.18310546875,0.048828125,3.0517578125,-0.20751953125,2.91748046875,0.146484375,3.5400390625,-0.25634765625,2.18505859375,-0.32958984375,0.2197265625,0.06103515625,0.89111328125,0.390625,-0.1220703125,0.18310546875,1.171875,-0.1220703125,-1.15966796875,-0.40283203125,-0.5615234375,0.18310546875,-1.0986328125,0.10986328125,-0.87890625,-0.01220703125,-1.47705078125,0.03662109375,-0.28076171875,0.5859375,-0.341796875,0.390625,-1.25732421875,-0.13427734375,-0.62255859375,-0.06103515625,-0.67138671875,-0.20751953125,-0.64697265625,0.01220703125,-0.0244140625,-0.0244140625,-0.76904296875,-0.15869140625,-1.513671875,0,-1.06201171875,0.03662109375,0.1708984375,-0.048828125,0.2685546875,0.048828125,-0.06103515625,-0.0732421875,-0.03662109375,0.06103515625,0.146484375,-0.1220703125,-0.40283203125,0,0.4150390625,-0.03662109375,-0.76904296875,-0.1220703125,-0.96435546875
1,-0.390625,-0.341796875,0.15869140625,-0.08544921875,0.390625,-0.25634765625,0.146484375,0.18310546875,-0.06103515625,-0.10986328125,-0.1708984375,-0.93994140625,-0.13427734375,0.96435546875,-0.15869140625,-0.20751953125,-0.1953125,-0.59814453125,0.1953125,-0.18310546875,0.0732421875,0.87890625,-0.30517578125,-0.62255859375,-0.3662109375,-0.1953125,-0.06103515625,-0.86669921875,-0.146484375,0.7080078125,-0.048828125,-0.146484375,0.01220703125,-0.89111328125,-0.1708984375,-1.3916015625,-0.18310546875,-1.0009765625,0.18310546875,-1.220703125,-0.13427734375,-0.2197265625,-0.18310546875,-0.69580078125,-0.0244140625,-0.4638671875,0.2197265625,0.64697265625,-0.28076171875,1.86767578125,-0.10986328125,2.20947265625,0.15869140625,0.244140625,0.09765625,1.30615234375,-0.52490234375,0.7568359375,0.10986328125,0.57373046875,0.93994140625,1.2451171875,-0.76904296875,0.1953125,0.03662109375,3.89404296875,-0.2685546875,3.52783203125,0.10986328125,4.7607421875,-0.23193359375,2.74658203125,-0.35400390625,0.35400390625,0.09765625,0.9521484375,0.37841796875,-0.0732421875,0.13427734375,1.23291015625,-0.1708984375,-1.13525390625,-0.4150390625,-0.52490234375,0.146484375,-1.07421875,0.08544921875,-0.87890625,-0.13427734375,-1.46484375,0.048828125,-0.25634765625,0.59814453125,-0.35400390625,0.341796875,-0.91552734375,-0.09765625,-0.64697265625,-0.06103515625,-0.72021484375,-0.1953125,-0.64697265625,0.048828125,-0.03662109375,-0.06103515625,-0.79345703125,-0.146484375,-1.52587890625,-0.03662109375,-1.0986328125,0.0244140625,0.1708984375,-0.03662109375,0.28076171875,0.048828125,-0.06103515625,-0.06103515625,-0.0244140625,0.0244140625,0.15869140625,-0.13427734375,-0.439453125,0.03662109375,0.439453125,-0.048828125,-0.76904296875,-0.0732421875,-0.96435546875
1,-0.35400390625,-0.29296875,0.15869140625,-0.01220703125,0.37841796875,-0.13427734375,0.146484375,0.2197265625,-0.03662109375,-0.08544921875,-0.146484375,-0.9521484375,-0.13427734375,0.9765625,-0.146484375,-0.25634765625,-0.20751953125,-0.62255859375,0.20751953125,-0.18310546875,0.06103515625,0.87890625,-0.3662109375,-0.5859375,-0.37841796875,-0.1953125,-0.01220703125,-0.87890625,-0.20751953125,0.68359375,-0.1220703125,-0.1708984375,-0.01220703125,-0.9765625,-0.1953125,-1.4404296875,-0.2197265625,-1.0498046875,0.08544921875,-1.26953125,-0.1953125,-0.244140625,-0.28076171875,-0.72021484375,0.06103515625,-0.45166015625,0.3173828125,0.62255859375,-0.2685546875,2.2216796875,-0.23193359375,3.2470703125,0.13427734375,0.50048828125,0,1.5869140625,-0.4638671875,0.74462890625,0.1708984375,0.54931640625,1.0986328125,1.318359375,-0.634765625,0.1953125,-0.01220703125,4.6875,-0.3173828125,4.11376953125,0.146484375,5.908203125,-0.18310546875,3.30810546875,-0.3662109375,0.3173828125,0.0732421875,0.927734375,0.28076171875,-0.08544921875,0.09765625,1.25732421875,-0.1953125,-1.15966796875,-0.3662109375,-0.5126953125,0.08544921875,-1.08642578125,-0.01220703125,-0.89111328125,-0.2197265625,-1.4404296875,0.08544921875,-0.244140625,0.57373046875,-0.341796875,0.28076171875,-0.52490234375,-0.048828125,-0.62255859375,-0.1220703125,-0.7568359375,-0.1953125,-0.5859375,0.01220703125,-0.048828125,-0.06103515625,-0.830078125,-0.13427734375,-1.5380859375,-0.06103515625,-1.06201171875,-0.0244140625,0.1708984375,-0.048828125,0.30517578125,0.048828125,-0.048828125,-0.0732421875,0.01220703125,-0.01220703125,0.15869140625,-0.146484375,-0.48828125,0.0244140625,0.45166015625,-0.048828125,-0.79345703125,-0.048828125,-0.9765625
1,-0.28076171875,-0.2197265625,0.15869140625,0.08544921875,0.3662109375,-0.06103515625,0.15869140625,0.25634765625,-0.06103515625,-0.08544921875,-0.15869140625,-0.927734375,-0.1220703125,1.0009765625,-0.10986328125,-0.244140625,-0.20751953125,-0.59814453125,0.20751953125,-0.1953125,0.048828125,0.89111328125,-0.40283203125,-0.5859375,-0.40283203125,-0.20751953125,0.01220703125,-0.87890625,-0.25634765625,0.69580078125,-0.146484375,-0.20751953125,-0.048828125,-0.9765625,-0.15869140625,-1.416015625,-0.23193359375,-1.06201171875,-0.0244140625,-1.26953125,-0.244140625,-0.2685546875,-0.32958984375,-0.7080078125,0.08544921875,-0.439453125,0.3662109375,0.6103515625,-0.30517578125,2.587890625,-0.25634765625,4.4189453125,0.06103515625,0.79345703125,-0.09765625,1.89208984375,-0.47607421875,0.732421875,0.1953125,0.57373046875,1.11083984375,1.40380859375,-0.54931640625,0.20751953125,0.01220703125,5.38330078125,-0.244140625,4.58984375,0.10986328125,6.8603515625,-0.09765625,3.7353515625,-0.32958984375,0.13427734375,0.08544921875,0.9033203125,0.15869140625,-0.15869140625,0.06103515625,1.220703125,-0.23193359375,-1.171875,-0.30517578125,-0.4638671875,0.06103515625,-1.08642578125,-0.08544921875,-0.89111328125,-0.28076171875,-1.40380859375,0.0732421875,-0.1953125,0.52490234375,-0.30517578125,0.25634765625,-0.03662109375,0,-0.62255859375,-0.18310546875,-0.7568359375,-0.18310546875,-0.537109375,-0.0244140625,-0.06103515625,-0.048828125,-0.81787109375,-0.146484375,-1.52587890625,-0.0732421875,-1.07421875,-0.048828125,0.18310546875,-0.06103515625,0.3173828125,0.048828125,-0.0732421875,-0.06103515625,0,0,0.15869140625,-0.13427734375,-0.50048828125,0.048828125,0.47607421875,-0.048828125,-0.830078125,-0.01220703125,-0.98876953125
0,-0.2685546875,-0.15869140625,0.1708984375,0.146484375,0.35400390625,0,0.1708984375,0.29296875,-0.048828125,-0.09765625,-0.1708984375,-0.93994140625,-0.10986328125,1.025390625,-0.13427734375,-0.244140625,-0.18310546875,-0.5859375,0.1953125,-0.20751953125,0.048828125,0.87890625,-0.42724609375,-0.57373046875,-0.390625,-0.2197265625,-0.01220703125,-0.9033203125,-0.244140625,0.69580078125,-0.146484375,-0.25634765625,-0.06103515625,-0.927734375,-0.18310546875,-1.37939453125,-0.244140625,-1.01318359375,-0.10986328125,-1.20849609375,-0.25634765625,-0.2685546875,-0.3662109375,-0.69580078125,0.10986328125,-0.45166015625,0.42724609375,0.6103515625,-0.35400390625,2.94189453125,-0.146484375,5.56640625,0,1.08642578125,-0.15869140625,2.197265625,-0.5126953125,0.732421875,0.2685546875,0.5615234375,1.025390625,1.45263671875,-0.50048828125,0.20751953125,0.03662109375,5.859375,-0.18310546875,4.91943359375,0.0244140625,7.5439453125,-0.06103515625,4.01611328125,-0.32958984375,-0.0732421875,0.13427734375,0.84228515625,0.06103515625,-0.23193359375,0.01220703125,1.1474609375,-0.25634765625,-1.171875,-0.18310546875,-0.45166015625,0.01220703125,-1.08642578125,-0.13427734375,-0.87890625,-0.3173828125,-1.30615234375,0.08544921875,-0.146484375,0.439453125,-0.2197265625,0.08544921875,0.57373046875,-0.0244140625,-0.62255859375,-0.20751953125,-0.74462890625,-0.146484375,-0.52490234375,-0.08544921875,-0.06103515625,-0.048828125,-0.81787109375,-0.08544921875,-1.5380859375,-0.13427734375,-1.07421875,-0.0732421875,0.1953125,-0.06103515625,0.341796875,0.0732421875,-0.03662109375,-0.06103515625,0.0244140625,0.01220703125,0.146484375,-0.10986328125,-0.50048828125,0.0244140625,0.5126953125,-0.0244140625,-0.86669921875,0.0244140625,-1.0009765625
0,-0.3173828125,-0.13427734375,0.15869140625,0.18310546875,0.341796875,0,0.1953125,0.32958984375,-0.03662109375,-0.09765625,-0.1708984375,-0.927734375,-0.10986328125,1.03759765625,-0.146484375,-0.20751953125,-0.15869140625,-0.57373046875,0.10986328125,-0.18310546875,0.0244140625,0.86669921875,-0.50048828125,-0.57373046875,-0.35400390625,-0.23193359375,-0.01220703125,-0.89111328125,-0.28076171875,0.7080078125,-0.1708984375,-0.2685546875,-0.0244140625,-0.81787109375,-0.20751953125,-1.28173828125,-0.244140625,-0.91552734375,-0.1708984375,-1.13525390625,-0.29296875,-0.28076171875,-0.3662109375,-0.69580078125,0.10986328125,-0.439453125,0.45166015625,0.5859375,-0.390625,3.28369140625,-0.06103515625,6.6162109375,-0.06103515625,1.33056640625,-0.20751953125,2.47802734375,-0.537109375,0.72021484375,0.32958984375,0.57373046875,1.11083984375,1.4892578125,-0.47607421875,0.1708984375,0.06103515625,6.11572265625,-0.10986328125,5.078125,-0.03662109375,7.87353515625,-0.01220703125,4.13818359375,-0.20751953125,-0.3173828125,0.13427734375,0.732421875,-0.06103515625,-0.3173828125,0.0244140625,1.07421875,-0.2197265625,-1.18408203125,-0.03662109375,-0.42724609375,-0.06103515625,-1.07421875,-0.146484375,-0.86669921875,-0.28076171875,-1.20849609375,0.06103515625,-0.0732421875,0.35400390625,-0.13427734375,0,1.220703125,-0.06103515625,-0.64697265625,-0.25634765625,-0.732421875,-0.15869140625,-0.52490234375,-0.10986328125,-0.0732421875,0.01220703125,-0.830078125,-0.0244140625,-1.5380859375,-0.146484375,-1.07421875,-0.08544921875,0.18310546875,-0.03662109375,0.3662109375,0.0732421875,-0.0244140625,-0.0732421875,-0.0244140625,0.01220703125,0.146484375,-0.10986328125,-0.50048828125,0.01220703125,0.5615234375,0,-0.91552734375,0.06103515625,-0.98876953125
0,-0.244140625,-0.10986328125,0.18310546875,0.146484375,0.341796875,-0.03662109375,0.18310546875,0.29296875,-0.01220703125,-0.09765625,-0.15869140625,-0.91552734375,-0.13427734375,1.03759765625,-0.1220703125,-0.1708984375,-0.1220703125,-0.57373046875,0.0732421875,-0.1708984375,-0.06103515625,0.8544921875,-0.537109375,-0.57373046875,-0.28076171875,-0.23193359375,-0.03662109375,-0.87890625,-0.244140625,0.69580078125,-0.23193359375,-0.2685546875,0.0244140625,-0.68359375,-0.2197265625,-1.13525390625,-0.1708984375,-0.79345703125,-0.1953125,-1.025390625,-0.25634765625,-0.25634765625,-0.3173828125,-0.69580078125,0.0732421875,-0.45166015625,0.48828125,0.57373046875,-0.40283203125,3.5400390625,-0.1220703125,7.45849609375,-0.09765625,1.513671875,-0.2685546875,2.67333984375,-0.5615234375,0.7080078125,0.390625,0.57373046875,1.01318359375,1.42822265625,-0.42724609375,0.15869140625,0.08544921875,6.0791015625,-0.0244140625,5.0537109375,-0.08544921875,7.8125,0.03662109375,4.06494140625,-0.244140625,-0.5126953125,0.03662109375,0.64697265625,-0.25634765625,-0.3662109375,-0.048828125,1.0009765625,-0.18310546875,-1.15966796875,0.15869140625,-0.40283203125,-0.146484375,-1.08642578125,-0.1220703125,-0.86669921875,-0.2197265625,-1.06201171875,0.06103515625,0,0.244140625,0.01220703125,0.1220703125,1.96533203125,-0.10986328125,-0.6591796875,-0.2197265625,-0.69580078125,-0.1708984375,-0.5126953125,-0.146484375,-0.06103515625,0.048828125,-0.8056640625,0.0732421875,-1.513671875,-0.20751953125,-1.0498046875,-0.08544921875,0.1708984375,-0.03662109375,0.3662109375,0.09765625,-0.0244140625,-0.0732421875,-0.048828125,0.01220703125,0.18310546875,-0.09765625,-0.4638671875,0,0.57373046875,-0.03662109375,-0.927734375,0.0732421875,-1.01318359375
0,-0.18310546875,-0.1220703125,0.1708984375,0.0732421875,0.3173828125,-0.13427734375,0.20751953125,0.2197265625,-0.01220703125,-0.1220703125,-0.146484375,-0.91552734375,-0.13427734375,1.0498046875,-0.13427734375,-0.15869140625,-0.06103515625,-0.5615234375,-0.0244140625,-0.18310546875,-0.15869140625,0.8544921875,-0.5859375,-0.57373046875,-0.15869140625,-0.2197265625,-0.10986328125,-0.86669921875,-0.23193359375,0.732421875,-0.25634765625,-0.244140625,0.09765625,-0.54931640625,-0.28076171875,-1.0498046875,-0.10986328125,-0.6591796875,-0.1953125,-0.91552734375,-0.1953125,-0.25634765625,-0.244140625,-0.67138671875,0.06103515625,-0.45166015625,0.50048828125,0.537109375,-0.45166015625,3.6865234375,-0.146484375,7.99560546875,-0.10986328125,1.64794921875,-0.3173828125,2.8076171875,-0.54931640625,0.7080078125,0.390625,0.54931640625,1.025390625,1.3427734375,-0.439453125,0.15869140625,0.01220703125,5.7861328125,0.048828125,4.84619140625,-0.06103515625,7.421875,0.0732421875,3.84521484375,-0.25634765625,-0.634765625,0.0244140625,0.6103515625,-0.3662109375,-0.390625,0.0244140625,0.9521484375,-0.15869140625,-1.171875,0.3173828125,-0.3662109375,-0.244140625,-1.0986328125,-0.09765625,-0.87890625,-0.08544921875,-0.9521484375,0.08544921875,0.10986328125,0.146484375,0.15869140625,0.01220703125,2.783203125,-0.13427734375,-0.67138671875,-0.20751953125,-0.69580078125,-0.1953125,-0.537109375,-0.10986328125,-0.06103515625,0.0732421875,-0.8056640625,0.15869140625,-1.52587890625,-0.2685546875,-1.06201171875,-0.0732421875,0.18310546875,-0.048828125,0.3662109375,0.10986328125,-0.0244140625,-0.08544921875,-0.08544921875,0,0.1708984375,-0.06103515625,-0.4150390625,0.01220703125,0.5859375,-0.03662109375,-0.96435546875,0.08544921875,-1.01318359375
0,-0.18310546875,-0.10986328125,0.18310546875,-0.03662109375,0.28076171875,-0.23193359375,0.18310546875,0.1220703125,0,-0.146484375,-0.146484375,-0.93994140625,-0.146484375,1.03759765625,-0.08544921875,-0.1708984375,-0.03662109375,-0.57373046875,-0.06103515625,-0.18310546875,-0.23193359375,0.86669921875,-0.6103515625,-0.5615234375,-0.146484375,-0.244140625,-0.15869140625,-0.89111328125,-0.1953125,0.72021484375,-0.25634765625,-0.2197265625,0.08544921875,-0.42724609375,-0.35400390625,-0.93994140625,-0.1220703125,-0.52490234375,-0.15869140625,-0.78125,-0.146484375,-0.244140625,-0.1708984375,-0.68359375,0.01220703125,-0.439453125,0.54931640625,0.52490234375,-0.439453125,3.759765625,-0.1220703125,8.203125,-0.13427734375,1.6845703125,-0.341796875,2.83203125,-0.5126953125,0.7080078125,0.390625,0.537109375,1.0009765625,1.18408203125,-0.4638671875,0.13427734375,0.0244140625,5.2978515625,0.08544921875,4.47998046875,-0.06103515625,6.77490234375,0.08544921875,3.47900390625,-0.09765625,-0.6103515625,0.01220703125,0.634765625,-0.439453125,-0.341796875,0.03662109375,0.96435546875,-0.0732421875,-1.171875,0.4150390625,-0.35400390625,-0.32958984375,-1.11083984375,-0.0244140625,-0.9033203125,-0.0244140625,-0.81787109375,0.0732421875,0.2197265625,0.0244140625,0.29296875,-0.03662109375,3.60107421875,-0.15869140625,-0.67138671875,-0.15869140625,-0.64697265625,-0.18310546875,-0.6103515625,-0.08544921875,-0.048828125,0.13427734375,-0.79345703125,0.23193359375,-1.52587890625,-0.2685546875,-1.07421875,-0.06103515625,0.1708984375,-0.0732421875,0.35400390625,0.1220703125,-0.048828125,-0.06103515625,-0.1220703125,-0.01220703125,0.18310546875,-0.0732421875,-0.37841796875,0,0.6103515625,-0.03662109375,-0.93994140625,0.0732421875,-1.025390625
0,-0.1220703125,-0.048828125,0.1953125,-0.13427734375,0.23193359375,-0.30517578125,0.1953125,0.0732421875,0,-0.13427734375,-0.146484375,-0.927734375,-0.13427734375,1.0498046875,-0.10986328125,-0.15869140625,-0.048828125,-0.5859375,-0.08544921875,-0.1953125,-0.29296875,0.84228515625,-0.6103515625,-0.5859375,-0.06103515625,-0.2197265625,-0.20751953125,-0.87890625,-0.18310546875,0.72021484375,-0.244140625,-0.15869140625,0.13427734375,-0.341796875,-0.37841796875,-0.87890625,0.01220703125,-0.4638671875,-0.06103515625,-0.7080078125,-0.01220703125,-0.244140625,-0.1220703125,-0.68359375,-0.048828125,-0.439453125,0.5126953125,0.537109375,-0.45166015625,3.7109375,-0.08544921875,8.0810546875,-0.13427734375,1.6357421875,-0.390625,2.79541015625,-0.48828125,0.72021484375,0.4150390625,0.52490234375,0.9033203125,1.025390625,-0.45166015625,0.15869140625,-0.01220703125,4.65087890625,0.10986328125,3.9794921875,0.01220703125,5.96923828125,0.08544921875,3.01513671875,-0.15869140625,-0.47607421875,-0.03662109375,0.7080078125,-0.5126953125,-0.25634765625,-0.01220703125,1.03759765625,-0.01220703125,-1.18408203125,0.35400390625,-0.3662109375,-0.4638671875,-1.11083984375,0,-0.86669921875,0.0732421875,-0.68359375,0.06103515625,0.341796875,-0.06103515625,0.40283203125,0.0732421875,4.345703125,-0.15869140625,-0.69580078125,-0.1220703125,-0.634765625,-0.15869140625,-0.6591796875,-0.06103515625,-0.03662109375,0.15869140625,-0.76904296875,0.244140625,-1.5380859375,-0.28076171875,-1.0986328125,-0.048828125,0.146484375,-0.0732421875,0.341796875,0.146484375,-0.048828125,-0.0732421875,-0.1220703125,-0.01220703125,0.15869140625,-0.0732421875,-0.3662109375,0.0244140625,0.62255859375,-0.03662109375,-0.927734375,0.06103515625,-1.01318359375
0,-0.08544921875,0.06103515625,0.15869140625,-0.1708984375,0.20751953125,-0.35400390625,0.20751953125,0.09765625,0,-0.09765625,-0.10986328125,-0.91552734375,-0.13427734375,1.025390625,-0.0732421875,-0.13427734375,-0.08544921875,-0.57373046875,-0.0732421875,-0.1953125,-0.28076171875,0.84228515625,-0.537109375,-0.57373046875,-0.048828125,-0.1953125,-0.244140625,-0.86669921875,-0.15869140625,0.74462890625,-0.20751953125,-0.13427734375,0.048828125,-0.30517578125,-0.52490234375,-0.86669921875,-0.01220703125,-0.439453125,-0.048828125,-0.64697265625,0.03662109375,-0.2685546875,-0.0244140625,-0.67138671875,-0.09765625,-0.439453125,0.5126953125,0.537109375,-0.45166015625,3.60107421875,-0.0732421875,7.70263671875,-0.146484375,1.513671875,-0.4150390625,2.64892578125,-0.47607421875,0.7080078125,0.4150390625,0.52490234375,0.9033203125,0.89111328125,-0.42724609375,0.146484375,-0.03662109375,3.94287109375,0.09765625,3.47900390625,0.0732421875,5.0537109375,0.03662109375,2.5146484375,-0.13427734375,-0.25634765625,-0.1220703125,0.84228515625,-0.4638671875,-0.09765625,-0.0244140625,1.171875,0.06103515625,-1.1962890625,0.40283203125,-0.37841796875,-0.52490234375,-1.123046875,-0.01220703125,-0.87890625,0.1220703125,-0.59814453125,0.048828125,0.42724609375,-0.13427734375,0.537109375,0.08544921875,5.01708984375,-0.13427734375,-0.72021484375,-0.06103515625,-0.634765625,-0.146484375,-0.69580078125,-0.06103515625,-0.048828125,0.1953125,-0.79345703125,0.2685546875,-1.52587890625,-0.30517578125,-1.11083984375,-0.01220703125,0.1708984375,-0.06103515625,0.30517578125,0.146484375,-0.048828125,-0.0732421875,-0.146484375,-0.0244140625,0.18310546875,-0.0732421875,-0.341796875,0.03662109375,0.59814453125,-0.03662109375,-0.89111328125,0.0732421875,-0.98876953125
0,-0.10986328125,0.32958984375,0.1708984375,-0.1220703125,0.20751953125,-0.30517578125,0.2197265625,0.1708984375,-0.01220703125,-0.10986328125,-0.1220703125,-0.927734375,-0.146484375,1.01318359375,-0.0732421875,-0.146484375,-0.146484375,-0.57373046875,-0.0732421875,-0.20751953125,-0.244140625,0.86669921875,-0.47607421875,-0.59814453125,-0.0244140625,-0.20751953125,-0.28076171875,-0.86669921875,-0.15869140625,0.732421875,-0.146484375,-0.1220703125,0.01220703125,-0.29296875,-0.5859375,-0.87890625,-0.0244140625,-0.4638671875,-0.01220703125,-0.634765625,0.10986328125,-0.244140625,0.0732421875,-0.68359375,-0.146484375,-0.439453125,0.42724609375,0.54931640625,-0.390625,3.3935546875,-0.09765625,7.0556640625,-0.13427734375,1.3671875,-0.42724609375,2.47802734375,-0.40283203125,0.732421875,0.42724609375,0.537109375,0.84228515625,0.76904296875,-0.3662109375,0.15869140625,-0.0244140625,3.22265625,0.13427734375,2.9541015625,0.09765625,4.13818359375,-0.0244140625,2.01416015625,0,0.048828125,-0.10986328125,0.9765625,-0.37841796875,0.048828125,-0.0732421875,1.33056640625,0.09765625,-1.1962890625,0.3662109375,-0.40283203125,-0.537109375,-1.13525390625,0,-0.89111328125,0.1220703125,-0.537109375,0.0244140625,0.50048828125,-0.1220703125,0.5859375,0.08544921875,5.55419921875,-0.06103515625,-0.732421875,-0.08544921875,-0.64697265625,-0.1220703125,-0.732421875,-0.0244140625,-0.048828125,0.20751953125,-0.76904296875,0.23193359375,-1.52587890625,-0.29296875,-1.123046875,0.0244140625,0.15869140625,-0.0732421875,0.2685546875,0.146484375,-0.048828125,-0.08544921875,-0.146484375,-0.01220703125,0.18310546875,-0.09765625,-0.341796875,0.03662109375,0.5859375,-0.048828125,-0.89111328125,0.03662109375,-0.98876953125
0,-0.13427734375,0.78125,0.13427734375,0.0244140625,0.146484375,-0.15869140625,0.25634765625,0.32958984375,-0.0244140625,-0.08544921875,-0.10986328125,-0.927734375,-0.146484375,0.98876953125,-0.09765625,-0.1708984375,-0.1708984375,-0.5859375,-0.0732421875,-0.1708984375,-0.18310546875,0.87890625,-0.42724609375,-0.59814453125,0.0244140625,-0.2197265625,-0.3173828125,-0.86669921875,-0.2197265625,0.732421875,-0.1220703125,-0.13427734375,0.08544921875,-0.3173828125,-0.57373046875,-0.927734375,0.06103515625,-0.48828125,0.146484375,-0.6591796875,0.15869140625,-0.23193359375,0.15869140625,-0.67138671875,-0.20751953125,-0.45166015625,0.390625,0.57373046875,-0.3173828125,3.11279296875,-0.146484375,6.3232421875,-0.13427734375,1.15966796875,-0.48828125,2.24609375,-0.3173828125,0.76904296875,0.40283203125,0.52490234375,0.76904296875,0.74462890625,-0.37841796875,0.1708984375,-0.06103515625,2.5634765625,0.15869140625,2.4658203125,0.1220703125,3.25927734375,-0.0732421875,1.5625,-0.0732421875,0.390625,-0.13427734375,1.15966796875,-0.29296875,0.244140625,-0.10986328125,1.5380859375,0.08544921875,-1.1962890625,0.37841796875,-0.4150390625,-0.4638671875,-1.13525390625,-0.01220703125,-0.89111328125,0.08544921875,-0.50048828125,-0.01220703125,0.537109375,-0.18310546875,0.634765625,0.0732421875,5.859375,-0.03662109375,-0.74462890625,-0.08544921875,-0.64697265625,-0.10986328125,-0.72021484375,0.03662109375,-0.03662109375,0.146484375,-0.7568359375,0.18310546875,-1.513671875,-0.2685546875,-1.123046875,0.048828125,0.146484375,-0.048828125,0.25634765625,0.1220703125,-0.06103515625,-0.0732421875,-0.1220703125,0,0.1708984375,-0.09765625,-0.3662109375,0.03662109375,0.537109375,-0.03662109375,-0.8544921875,0.06103515625,-1.0009765625
0,-0.10986328125,1.40380859375,0.13427734375,0.3173828125,0.1220703125,0.1220703125,0.244140625,0.59814453125,0,-0.08544921875,-0.10986328125,-0.91552734375,-0.13427734375,0.98876953125,-0.09765625,-0.18310546875,-0.2197265625,-0.59814453125,-0.06103515625,-0.1708984375,-0.0732421875,0.87890625,-0.3662109375,-0.5859375,0.0244140625,-0.23193359375,-0.3173828125,-0.8544921875,-0.28076171875,0.7080078125,-0.10986328125,-0.146484375,0.03662109375,-0.35400390625,-0.6103515625,-0.9765625,-0.0244140625,-0.52490234375,0.13427734375,-0.68359375,0.146484375,-0.1953125,0.20751953125,-0.7080078125,-0.23193359375,-0.45166015625,0.439453125,0.59814453125,-0.18310546875,2.81982421875,-0.146484375,5.4931640625,-0.18310546875,0.93994140625,-0.439453125,2.001953125,-0.23193359375,0.7568359375,0.35400390625,0.5126953125,0.8056640625,0.78125,-0.37841796875,0.20751953125,-0.01220703125,1.9775390625,0.10986328125,2.03857421875,0.09765625,2.5146484375,-0.048828125,1.171875,-0.048828125,0.68359375,-0.15869140625,1.3427734375,-0.1708984375,0.40283203125,-0.08544921875,1.77001953125,0.06103515625,-1.1962890625,0.35400390625,-0.40283203125,-0.35400390625,-1.11083984375,0.0244140625,-0.87890625,0.0244140625,-0.5126953125,-0.08544921875,0.57373046875,-0.2197265625,0.64697265625,0.03662109375,5.92041015625,0.03662109375,-0.74462890625,-0.10986328125,-0.64697265625,-0.13427734375,-0.69580078125,0.09765625,-0.048828125,0.09765625,-0.78125,0.13427734375,-1.52587890625,-0.2685546875,-1.123046875,0.048828125,0.15869140625,-0.01220703125,0.244140625,0.10986328125,-0.06103515625,-0.08544921875,-0.10986328125,0.03662109375,0.1708984375,-0.10986328125,-0.40283203125,0.048828125,0.5126953125,-0.0244140625,-0.830078125,0.06103515625,-0.9765625
0,-0.20751953125,2.18505859375,0.08544921875,0.69580078125,0.06103515625,0.47607421875,0.23193359375,0.98876953125,-0.01220703125,-0.10986328125,-0.09765625,-0.927734375,-0.146484375,1.0009765625,-0.0732421875,-0.1953125,-0.23193359375,-0.59814453125,-0.048828125,-0.1708984375,-0.01220703125,0.89111328125,-0.3662109375,-0.57373046875,0.01220703125,-0.2197265625,-0.29296875,-0.86669921875,-0.341796875,0.69580078125,-0.06103515625,-0.15869140625,0.03662109375,-0.35400390625,-0.5126953125,-0.9765625,-0.09765625,-0.5615234375,0.18310546875,-0.67138671875,0.13427734375,-0.20751953125,0.29296875,-0.7080078125,-0.23193359375,-0.439453125,0.537109375,0.6103515625,-0.1220703125,2.50244140625,-0.1953125,4.67529296875,-0.23193359375,0.7568359375,-0.439453125,1.77001953125,-0.1953125,0.74462890625,0.37841796875,0.5126953125,0.7080078125,0.830078125,-0.390625,0.20751953125,-0.01220703125,1.50146484375,0.06103515625,1.6845703125,0.048828125,1.89208984375,-0.06103515625,0.8544921875,-0.06103515625,0.927734375,-0.18310546875,1.513671875,-0.08544921875,0.537109375,-0.08544921875,1.9775390625,0.0244140625,-1.18408203125,0.28076171875,-0.29296875,-0.2197265625,-1.0986328125,0.01220703125,-0.87890625,-0.03662109375,-0.54931640625,-0.146484375,0.54931640625,-0.25634765625,0.634765625,0.146484375,5.79833984375,0.09765625,-0.7568359375,-0.1220703125,-0.67138671875,-0.146484375,-0.634765625,0.13427734375,-0.048828125,0.03662109375,-0.79345703125,0.048828125,-1.50146484375,-0.244140625,-1.11083984375,0.03662109375,0.146484375,-0.0244140625,0.25634765625,0.09765625,-0.03662109375,-0.06103515625,-0.09765625,0.048828125,0.1708984375,-0.1220703125,-0.4150390625,0.0244140625,0.4638671875,-0.03662109375,-0.81787109375,0.06103515625,-0.9521484375
0,-0.09765625,3.076171875,0.0732421875,1.15966796875,0.0244140625,0.89111328125,0.20751953125,1.3916015625,-0.0244140625,-0.09765625,-0.08544921875,-0.93994140625,-0.18310546875,1.01318359375,-0.01220703125,-0.1953125,-0.2197265625,-0.59814453125,0.01220703125,-0.1708984375,0.06103515625,0.87890625,-0.3662109375,-0.5859375,0,-0.25634765625,-0.244140625,-0.87890625,-0.341796875,0.72021484375,-0.048828125,-0.20751953125,0.0244140625,-0.29296875,-0.390625,-0.9521484375,-0.09765625,-0.52490234375,0.23193359375,-0.6591796875,0.06103515625,-0.20751953125,0.25634765625,-0.69580078125,-0.23193359375,-0.42724609375,0.5859375,0.6103515625,0,2.20947265625,-0.2685546875,3.94287109375,-0.13427734375,0.54931640625,-0.439453125,1.5625,-0.18310546875,0.76904296875,0.37841796875,0.5126953125,0.64697265625,0.96435546875,-0.4638671875,0.20751953125,-0.03662109375,1.11083984375,0,1.40380859375,0.01220703125,1.37939453125,-0.03662109375,0.62255859375,-0.2197265625,1.0986328125,-0.23193359375,1.6357421875,-0.03662109375,0.64697265625,-0.048828125,2.1484375,-0.01220703125,-1.15966796875,0.18310546875,-0.13427734375,-0.0732421875,-1.07421875,-0.03662109375,-0.84228515625,-0.13427734375,-0.5859375,-0.1708984375,0.537109375,-0.28076171875,0.59814453125,0.23193359375,5.46875,0.1708984375,-0.7568359375,-0.09765625,-0.7080078125,-0.18310546875,-0.59814453125,0.15869140625,-0.06103515625,0.0244140625,-0.79345703125,-0.01220703125,-1.52587890625,-0.1708984375,-1.0986328125,0,0.1708984375,-0.048828125,0.2685546875,0.08544921875,-0.03662109375,-0.048828125,-0.0732421875,0.06103515625,0.18310546875,-0.08544921875,-0.40283203125,0.0244140625,0.439453125,-0.01220703125,-0.8056640625,0.06103515625,-0.91552734375
0,-0.048828125,4.01611328125,0.09765625,1.6357421875,0.0244140625,1.33056640625,0.20751953125,1.85546875,-0.048828125,-0.08544921875,-0.08544921875,-0.927734375,-0.1953125,1.0498046875,-0.0244140625,-0.23193359375,-0.25634765625,-0.5859375,0.06103515625,-0.18310546875,0.09765625,0.87890625,-0.40283203125,-0.57373046875,-0.0732421875,-0.25634765625,-0.244140625,-0.89111328125,-0.29296875,0.7080078125,0.048828125,-0.244140625,-0.048828125,-0.20751953125,-0.341796875,-0.86669921875,-0.2197265625,-0.42724609375,0.23193359375,-0.54931640625,-0.048828125,-0.18310546875,0.18310546875,-0.69580078125,-0.2197265625,-0.45166015625,0.74462890625,0.6103515625,0.08544921875,1.9287109375,-0.3173828125,3.28369140625,-0.1708984375,0.37841796875,-0.30517578125,1.35498046875,-0.20751953125,0.732421875,0.390625,0.52490234375,0.634765625,1.08642578125,-0.45166015625,0.2197265625,0.01220703125,0.8056640625,-0.0244140625,1.171875,-0.09765625,0.93994140625,-0.01220703125,0.40283203125,-0.29296875,1.15966796875,-0.244140625,1.7333984375,0.03662109375,0.732421875,0.01220703125,2.25830078125,-0.03662109375,-1.11083984375,0.048828125,0.15869140625,0.06103515625,-1.03759765625,-0.0244140625,-0.81787109375,-0.1953125,-0.68359375,-0.20751953125,0.45166015625,-0.35400390625,0.537109375,0.10986328125,5.0048828125,0.20751953125,-0.74462890625,-0.0732421875,-0.68359375,-0.1708984375,-0.54931640625,0.1708984375,-0.06103515625,0.03662109375,-0.8056640625,-0.09765625,-1.513671875,-0.08544921875,-1.08642578125,-0.048828125,0.15869140625,-0.03662109375,0.29296875,0.08544921875,-0.03662109375,-0.0732421875,-0.08544921875,0.09765625,0.1708984375,-0.0732421875,-0.37841796875,0.03662109375,0.4150390625,-0.01220703125,-0.8056640625,0.0244140625,-0.87890625
1,-0.0244140625,4.87060546875,0.09765625,2.08740234375,0,1.7333984375,0.2197265625,2.28271484375,-0.06103515625,-0.10986328125,-0.0732421875,-0.93994140625,-0.1953125,1.0498046875,0.01220703125,-0.1953125,-0.20751953125,-0.5859375,0.09765625,-0.1953125,0.09765625,0.86669921875,-0.4150390625,-0.57373046875,-0.09765625,-0.2685546875,-0.1953125,-0.9033203125,-0.25634765625,0.72021484375,0.09765625,-0.2685546875,-0.06103515625,-0.0244140625,-0.23193359375,-0.72021484375,-0.244140625,-0.29296875,0.244140625,-0.42724609375,-0.146484375,-0.20751953125,0.06103515625,-0.69580078125,-0.15869140625,-0.45166015625,0.732421875,0.5859375,0.048828125,1.708984375,-0.390625,2.74658203125,-0.15869140625,0.244140625,-0.244140625,1.20849609375,-0.2197265625,0.72021484375,0.42724609375,0.52490234375,0.5859375,1.171875,-0.52490234375,0.1953125,0,0.537109375,-0.048828125,1.01318359375,-0.1953125,0.5615234375,0.01220703125,0.23193359375,-0.37841796875,1.1474609375,-0.2197265625,1.7578125,0.08544921875,0.76904296875,0.0732421875,2.30712890625,-0.06103515625,-1.01318359375,0,0.54931640625,0.09765625,-0.98876953125,-0.048828125,-0.7568359375,-0.20751953125,-0.74462890625,-0.28076171875,0.3662109375,-0.390625,0.4638671875,-0.01220703125,4.50439453125,0.1953125,-0.732421875,-0.09765625,-0.67138671875,-0.13427734375,-0.52490234375,0.10986328125,-0.06103515625,0.03662109375,-0.81787109375,-0.2197265625,-1.5380859375,-0.03662109375,-1.08642578125,-0.08544921875,0.15869140625,-0.048828125,0.30517578125,0.08544921875,-0.03662109375,-0.08544921875,-0.08544921875,0.1220703125,0.18310546875,-0.09765625,-0.341796875,0.01220703125,0.4150390625,0,-0.79345703125,0.01220703125,-0.8544921875
1,-0.10986328125,5.62744140625,0.0732421875,2.47802734375,-0.0244140625,2.05078125,0.23193359375,2.63671875,-0.10986328125,-0.08544921875,-0.06103515625,-0.927734375,-0.1953125,1.0498046875,0,-0.1708984375,-0.1708984375,-0.57373046875,0.10986328125,-0.1953125,0.0732421875,0.86669921875,-0.40283203125,-0.5615234375,-0.09765625,-0.244140625,-0.1708984375,-0.91552734375,-0.146484375,0.72021484375,0.10986328125,-0.25634765625,-0.06103515625,0.1708984375,-0.13427734375,-0.5615234375,-0.2685546875,-0.146484375,0.2197265625,-0.25634765625,-0.1953125,-0.20751953125,-0.048828125,-0.69580078125,-0.09765625,-0.439453125,0.8056640625,0.5615234375,0.06103515625,1.5380859375,-0.4150390625,2.294921875,-0.1953125,0.10986328125,-0.15869140625,1.07421875,-0.2685546875,0.72021484375,0.42724609375,0.52490234375,0.6591796875,1.25732421875,-0.62255859375,0.1708984375,0.048828125,0.29296875,-0.08544921875,0.8544921875,-0.29296875,0.25634765625,0.03662109375,0.08544921875,-0.4150390625,1.0986328125,-0.20751953125,1.77001953125,0.10986328125,0.79345703125,0.13427734375,2.33154296875,-0.0732421875,-0.91552734375,-0.048828125,1.06201171875,0.1220703125,-0.927734375,-0.03662109375,-0.67138671875,-0.23193359375,-0.8056640625,-0.2685546875,0.29296875,-0.4150390625,0.37841796875,-0.09765625,4.0283203125,0.15869140625,-0.732421875,-0.0732421875,-0.67138671875,-0.10986328125,-0.537109375,0.0244140625,-0.06103515625,0.0244140625,-0.81787109375,-0.2685546875,-1.52587890625,0,-1.07421875,-0.08544921875,0.15869140625,-0.0732421875,0.32958984375,0.1220703125,-0.0244140625,-0.0732421875,-0.08544921875,0.13427734375,0.1953125,-0.08544921875,-0.2685546875,0.03662109375,0.4150390625,-0.01220703125,-0.76904296875,0,-0.81787109375
1,-0.0732421875,6.16455078125,0.08544921875,2.74658203125,-0.048828125,2.24609375,0.23193359375,2.9052734375,-0.09765625,-0.08544921875,-0.06103515625,-0.91552734375,-0.2197265625,1.0498046875,-0.01220703125,-0.15869140625,-0.1708984375,-0.54931640625,0.1708984375,-0.20751953125,0.03662109375,0.87890625,-0.4150390625,-0.5615234375,-0.0732421875,-0.2197265625,-0.146484375,-0.9033203125,-0.0732421875,0.74462890625,0.08544921875,-0.244140625,-0.048828125,0.439453125,-0.06103515625,-0.35400390625,-0.32958984375,0.03662109375,0.146484375,-0.048828125,-0.18310546875,-0.2197265625,-0.1708984375,-0.7080078125,-0.0244140625,-0.439453125,0.87890625,0.54931640625,0.06103515625,1.3916015625,-0.4638671875,1.89208984375,-0.20751953125,0.03662109375,-0.08544921875,0.96435546875,-0.3173828125,0.72021484375,0.42724609375,0.537109375,0.68359375,1.25732421875,-0.64697265625,0.146484375,0.06103515625,0.10986328125,-0.1220703125,0.7568359375,-0.32958984375,0.01220703125,0.03662109375,-0.03662109375,-0.4150390625,1.03759765625,-0.20751953125,1.77001953125,0.146484375,0.78125,0.23193359375,2.294921875,-0.048828125,-0.76904296875,-0.13427734375,1.69677734375,0.1708984375,-0.84228515625,-0.01220703125,-0.57373046875,-0.20751953125,-0.84228515625,-0.2197265625,0.1953125,-0.390625,0.3173828125,-0.1953125,3.662109375,0.09765625,-0.72021484375,-0.10986328125,-0.6591796875,-0.06103515625,-0.537109375,-0.048828125,-0.03662109375,0,-0.81787109375,-0.30517578125,-1.513671875,-0.0244140625,-1.06201171875,-0.10986328125,0.15869140625,-0.06103515625,0.32958984375,0.1220703125,-0.01220703125,-0.0732421875,-0.06103515625,0.0732421875,0.18310546875,-0.08544921875,-0.20751953125,0.0244140625,0.390625,0,-0.732421875,-0.01220703125,-0.8056640625
1,-0.048828125,6.494140625,0.048828125,2.880859375,-0.048828125,2.33154296875,0.2197265625,3.01513671875,-0.09765625,-0.09765625,-0.03662109375,-0.93994140625,-0.18310546875,1.03759765625,-0.0244140625,-0.1220703125,-0.13427734375,-0.54931640625,0.18310546875,-0.20751953125,0.01220703125,0.87890625,-0.390625,-0.57373046875,-0.0244140625,-0.23193359375,-0.15869140625,-0.9033203125,0,0.76904296875,0.03662109375,-0.20751953125,-0.0244140625,0.64697265625,0.03662109375,-0.1708984375,-0.3173828125,0.20751953125,0.09765625,0.1708984375,-0.15869140625,-0.244140625,-0.32958984375,-0.69580078125,0.0732421875,-0.45166015625,0.8544921875,0.537109375,0,1.28173828125,-0.4638671875,1.5380859375,-0.1708984375,-0.06103515625,-0.06103515625,0.86669921875,-0.37841796875,0.732421875,0.439453125,0.52490234375,0.5859375,1.220703125,-0.69580078125,0.146484375,0.0244140625,-0.09765625,-0.10986328125,0.67138671875,-0.30517578125,-0.23193359375,0.0732421875,-0.146484375,-0.439453125,0.9521484375,-0.20751953125,1.69677734375,0.15869140625,0.7568359375,0.25634765625,2.20947265625,-0.01220703125,-0.62255859375,-0.1220703125,2.42919921875,0.15869140625,-0.7568359375,0.048828125,-0.45166015625,-0.15869140625,-0.86669921875,-0.146484375,0.15869140625,-0.341796875,0.28076171875,-0.244140625,3.40576171875,0.03662109375,-0.7080078125,-0.15869140625,-0.6591796875,-0.03662109375,-0.57373046875,-0.146484375,-0.03662109375,-0.048828125,-0.8056640625,-0.341796875,-1.50146484375,-0.0244140625,-1.06201171875,-0.10986328125,0.146484375,-0.08544921875,0.3173828125,0.1220703125,-0.03662109375,-0.0732421875,-0.0732421875,0.0732421875,0.15869140625,-0.08544921875,-0.1953125,0.03662109375,0.439453125,-0.0244140625,-0.7080078125,0,-0.79345703125
1,0,6.591796875,0.06103515625,2.9052734375,-0.0732421875,2.34375,0.2197265625,3.06396484375,-0.1220703125,-0.08544921875,-0.048828125,-0.93994140625,-0.1953125,1.025390625,0,-0.1220703125,-0.146484375,-0.57373046875,0.1953125,-0.18310546875,0.0244140625,0.87890625,-0.45166015625,-0.57373046875,-0.0244140625,-0.23193359375,-0.1220703125,-0.87890625,0.0732421875,0.76904296875,0,-0.1953125,0.01220703125,0.86669921875,0.09765625,-0.03662109375,-0.23193359375,0.341796875,0.0732421875,0.3662109375,-0.09765625,-0.25634765625,-0.42724609375,-0.69580078125,0.13427734375,-0.45166015625,0.91552734375,0.52490234375,-0.03662109375,1.15966796875,-0.4150390625,1.20849609375,-0.18310546875,-0.1220703125,-0.01220703125,0.79345703125,-0.390625,0.732421875,0.40283203125,0.52490234375,0.6591796875,1.13525390625,-0.7568359375,0.146484375,0.03662109375,-0.23193359375,-0.1708984375,0.5859375,-0.25634765625,-0.37841796875,0.01220703125,-0.23193359375,-0.390625,0.89111328125,-0.1708984375,1.6845703125,0.20751953125,0.69580078125,0.29296875,2.1484375,0.06103515625,-0.45166015625,0.03662109375,3.173828125,0.18310546875,-0.64697265625,0.10986328125,-0.29296875,-0.1220703125,-0.86669921875,-0.06103515625,0.10986328125,-0.29296875,0.244140625,-0.1953125,3.2958984375,0,-0.7080078125,-0.1708984375,-0.64697265625,-0.0732421875,-0.62255859375,-0.2197265625,-0.0244140625,-0.06103515625,-0.8056640625,-0.35400390625,-1.50146484375,-0.03662109375,-1.06201171875,-0.1220703125,0.15869140625,-0.08544921875,0.3173828125,0.10986328125,-0.0244140625,-0.08544921875,-0.048828125,0.06103515625,0.1708984375,-0.0732421875,-0.15869140625,0.0732421875,0.45166015625,-0.0244140625,-0.69580078125,0.0244140625,-0.8056640625
1,0,6.396484375,0.08544921875,2.79541015625,-0.03662109375,2.2216796875,0.23193359375,2.99072265625,-0.10986328125,-0.10986328125,-0.0244140625,-0.93994140625,-0.15869140625,1.0009765625,0.0244140625,-0.10986328125,-0.146484375,-0.5859375,0.23193359375,-0.1708984375,0.01220703125,0.87890625,-0.4638671875,-0.5859375,-0.0244140625,-0.2197265625,-0.10986328125,-0.86669921875,0.1220703125,0.7568359375,-0.048828125,-0.1708984375,0,0.9765625,0.146484375,0.03662109375,-0.1708984375,0.42724609375,0.06103515625,0.47607421875,-0.01220703125,-0.244140625,-0.47607421875,-0.69580078125,0.1708984375,-0.4638671875,0.89111328125,0.537109375,-0.08544921875,1.0498046875,-0.35400390625,0.87890625,-0.20751953125,-0.1953125,0,0.7080078125,-0.40283203125,0.7568359375,0.40283203125,0.50048828125,0.57373046875,1.01318359375,-0.86669921875,0.13427734375,0,-0.341796875,-0.1953125,0.537109375,-0.2197265625,-0.50048828125,-0.0732421875,-0.28076171875,-0.32958984375,0.830078125,-0.146484375,1.611328125,0.28076171875,0.67138671875,0.3173828125,2.0751953125,0.10986328125,-0.29296875,0.1220703125,3.89404296875,0.1953125,-0.57373046875,0.13427734375,-0.15869140625,-0.06103515625,-0.87890625,0.0732421875,0.09765625,-0.25634765625,0.20751953125,-0.2197265625,3.33251953125,-0.01220703125,-0.7080078125,-0.18310546875,-0.634765625,-0.09765625,-0.67138671875,-0.244140625,-0.03662109375,-0.06103515625,-0.8056640625,-0.37841796875,-1.52587890625,-0.0732421875,-1.08642578125,-0.10986328125,0.1708984375,-0.0732421875,0.30517578125,0.1220703125,-0.03662109375,-0.06103515625,-0.048828125,0.0732421875,0.15869140625,-0.09765625,-0.15869140625,0.08544921875,0.48828125,-0.0244140625,-0.69580078125,0.01220703125,-0.81787109375
1,-0.10986328125,6.06689453125,0.048828125,2.57568359375,-0.06103515625,2.03857421875,0.244140625,2.79541015625,-0.08544921875,-0.08544921875,-0.01220703125,-0.93994140625,-0.15869140625,0.98876953125,0.048828125,-0.13427734375,-0.146484375,-0.59814453125,0.25634765625,-0.15869140625,-0.01220703125,0.87890625,-0.47607421875,-0.6103515625,0.01220703125,-0.1953125,-0.09765625,-0.8544921875,0.1220703125,0.732421875,-0.06103515625,-0.1220703125,0.03662109375,1.03759765625,0.13427734375,0.048828125,-0.1220703125,0.40283203125,0.06103515625,0.52490234375,0.08544921875,-0.2685546875,-0.4638671875,-0.64697265625,0.23193359375,-0.4638671875,0.8056640625,0.537109375,-0.15869140625,0.93994140625,-0.30517578125,0.54931640625,-0.244140625,-0.244140625,0.0244140625,0.634765625,-0.4150390625,0.76904296875,0.3662109375,0.50048828125,0.6103515625,0.9033203125,-0.9521484375,0.146484375,0.01220703125,-0.40283203125,-0.20751953125,0.537109375,-0.10986328125,-0.52490234375,-0.10986328125,-0.29296875,-0.2197265625,0.830078125,-0.13427734375,1.5380859375,0.30517578125,0.634765625,0.25634765625,1.9775390625,0.1220703125,-0.1220703125,0.1953125,4.5654296875,0.1953125,-0.47607421875,0.08544921875,-0.03662109375,-0.01220703125,-0.87890625,0.1708984375,0.10986328125,-0.1953125,0.2197265625,-0.25634765625,3.4423828125,0.03662109375,-0.72021484375,-0.1953125,-0.64697265625,-0.146484375,-0.68359375,-0.2197265625,-0.03662109375,0,-0.8056640625,-0.390625,-1.5380859375,-0.10986328125,-1.08642578125,-0.048828125,0.1708984375,-0.06103515625,0.28076171875,0.13427734375,-0.06103515625,-0.06103515625,-0.03662109375,0.06103515625,0.15869140625,-0.08544921875,-0.1953125,0.08544921875,0.5126953125,-0.0244140625,-0.732421875,0.0244140625,-0.84228515625
1,-0.13427734375,5.5908203125,0.0244140625,2.30712890625,-0.09765625,1.8310546875,0.20751953125,2.55126953125,-0.08544921875,-0.09765625,-0.01220703125,-0.9521484375,-0.1220703125,0.98876953125,0.0244140625,-0.18310546875,-0.15869140625,-0.59814453125,0.25634765625,-0.18310546875,-0.03662109375,0.87890625,-0.5126953125,-0.59814453125,0.03662109375,-0.1953125,-0.08544921875,-0.8544921875,0.09765625,0.72021484375,-0.01220703125,-0.1220703125,0.048828125,1.025390625,0.08544921875,0,-0.08544921875,0.32958984375,0.03662109375,0.5126953125,0.1708984375,-0.23193359375,-0.47607421875,-0.64697265625,0.1953125,-0.45166015625,0.74462890625,0.54931640625,-0.1953125,0.81787109375,-0.35400390625,0.2197265625,-0.3173828125,-0.30517578125,0.01220703125,0.5859375,-0.390625,0.78125,0.3173828125,0.50048828125,0.57373046875,0.8544921875,-1.01318359375,0.15869140625,-0.0244140625,-0.390625,-0.18310546875,0.54931640625,-0.01220703125,-0.48828125,-0.15869140625,-0.2685546875,-0.13427734375,0.81787109375,-0.08544921875,1.5380859375,0.3173828125,0.5859375,0.2197265625,1.953125,0.0732421875,0.01220703125,0.2685546875,5.09033203125,0.23193359375,-0.37841796875,0.03662109375,0.0732421875,-0.01220703125,-0.86669921875,0.244140625,0.1220703125,-0.10986328125,0.23193359375,-0.2197265625,3.60107421875,0.01220703125,-0.732421875,-0.18310546875,-0.6591796875,-0.18310546875,-0.68359375,-0.18310546875,-0.048828125,0.06103515625,-0.79345703125,-0.4150390625,-1.52587890625,-0.1708984375,-1.11083984375,-0.01220703125,0.1708984375,-0.06103515625,0.29296875,0.13427734375,-0.048828125,-0.0732421875,-0.03662109375,0.048828125,0.146484375,-0.048828125,-0.2197265625,0.1220703125,0.52490234375,0,-0.76904296875,0.06103515625,-0.89111328125
1,-0.1220703125,5.06591796875,0.03662109375,2.06298828125,-0.10986328125,1.62353515625,0.20751953125,2.30712890625,-0.0732421875,-0.0732421875,-0.01220703125,-0.96435546875,-0.09765625,0.98876953125,0,-0.1953125,-0.18310546875,-0.57373046875,0.25634765625,-0.18310546875,-0.09765625,0.89111328125,-0.4638671875,-0.5859375,0.0732421875,-0.1953125,-0.10986328125,-0.86669921875,0.0732421875,0.69580078125,0,-0.13427734375,0.09765625,0.927734375,-0.0244140625,-0.1220703125,-0.03662109375,0.20751953125,0.048828125,0.4150390625,0.20751953125,-0.2197265625,-0.439453125,-0.634765625,0.25634765625,-0.439453125,0.64697265625,0.5615234375,-0.18310546875,0.7080078125,-0.3173828125,-0.048828125,-0.35400390625,-0.32958984375,0.048828125,0.5126953125,-0.4150390625,0.7568359375,0.2197265625,0.50048828125,0.537109375,0.81787109375,-0.98876953125,0.1708984375,-0.08544921875,-0.30517578125,-0.18310546875,0.59814453125,0.048828125,-0.37841796875,-0.15869140625,-0.20751953125,-0.2197265625,0.8056640625,-0.048828125,1.4892578125,0.29296875,0.5859375,0.2197265625,1.94091796875,0.01220703125,0.1220703125,0.244140625,5.46875,0.2685546875,-0.3173828125,0.0244140625,0.1708984375,0.03662109375,-0.8544921875,0.25634765625,0.15869140625,-0.08544921875,0.244140625,-0.10986328125,3.69873046875,-0.03662109375,-0.732421875,-0.18310546875,-0.67138671875,-0.1953125,-0.68359375,-0.146484375,-0.048828125,0.10986328125,-0.8056640625,-0.42724609375,-1.50146484375,-0.25634765625,-1.123046875,0.08544921875,0.1708984375,-0.0732421875,0.28076171875,0.10986328125,-0.0732421875,-0.0732421875,-0.0244140625,0.048828125,0.146484375,-0.048828125,-0.28076171875,0.0732421875,0.52490234375,0.0244140625,-0.81787109375,0.048828125,-0.91552734375
1,-0.10986328125,4.541015625,0.048828125,1.85546875,-0.1708984375,1.45263671875,0.1953125,2.099609375,-0.06103515625,-0.0732421875,-0.01220703125,-0.9521484375,-0.08544921875,1.0009765625,-0.01220703125,-0.20751953125,-0.15869140625,-0.54931640625,0.244140625,-0.18310546875,-0.13427734375,0.87890625,-0.42724609375,-0.59814453125,0.08544921875,-0.2197265625,-0.1220703125,-0.86669921875,0.048828125,0.68359375,0.0244140625,-0.146484375,0.18310546875,0.76904296875,-0.09765625,-0.2685546875,-0.03662109375,0.03662109375,0.10986328125,0.3173828125,0.1953125,-0.15869140625,-0.40283203125,-0.6103515625,0.23193359375,-0.439453125,0.64697265625,0.5859375,-0.20751953125,0.64697265625,-0.3173828125,-0.2685546875,-0.390625,-0.341796875,0.06103515625,0.48828125,-0.341796875,0.7568359375,0.1953125,0.50048828125,0.5615234375,0.84228515625,-1.01318359375,0.18310546875,-0.0732421875,-0.1953125,-0.1953125,0.6591796875,0.06103515625,-0.25634765625,-0.146484375,-0.146484375,-0.1708984375,0.78125,0.03662109375,1.47705078125,0.25634765625,0.537109375,0.1953125,1.89208984375,-0.03662109375,0.18310546875,0.29296875,5.6396484375,0.244140625,-0.28076171875,0,0.20751953125,0.06103515625,-0.8544921875,0.23193359375,0.1953125,0.01220703125,0.244140625,-0.0244140625,3.72314453125,-0.10986328125,-0.72021484375,-0.1708984375,-0.68359375,-0.20751953125,-0.67138671875,-0.09765625,-0.048828125,0.146484375,-0.81787109375,-0.4638671875,-1.52587890625,-0.3173828125,-1.11083984375,0.146484375,0.18310546875,-0.0732421875,0.29296875,0.08544921875,-0.0732421875,-0.08544921875,0,0.0244140625,0.13427734375,-0.0244140625,-0.32958984375,0.06103515625,0.52490234375,0.048828125,-0.87890625,0.06103515625,-0.93994140625
1,-0.03662109375,4.0771484375,0.048828125,1.6845703125,-0.2197265625,1.3427734375,0.1708984375,1.9287109375,-0.0244140625,-0.048828125,0.0244140625,-0.9521484375,-0.0732421875,1.01318359375,0.01220703125,-0.1953125,-0.1708984375,-0.5615234375,0.20751953125,-0.2197265625,-0.15869140625,0.9033203125,-0.341796875,-0.5615234375,0.08544921875,-0.2197265625,-0.13427734375,-0.89111328125,0.0244140625,0.67138671875,0.01220703125,-0.15869140625,0.18310546875,0.5859375,-0.1953125,-0.40283203125,-0.01220703125,-0.146484375,0.09765625,0.15869140625,0.15869140625,-0.1708984375,-0.35400390625,-0.59814453125,0.20751953125,-0.48828125,0.6591796875,0.6103515625,-0.18310546875,0.6103515625,-0.29296875,-0.3662109375,-0.4150390625,-0.35400390625,0.03662109375,0.45166015625,-0.2685546875,0.732421875,0.1708984375,0.50048828125,0.5859375,0.96435546875,-1.03759765625,0.1708984375,-0.10986328125,-0.06103515625,-0.25634765625,0.74462890625,0.03662109375,-0.10986328125,-0.08544921875,-0.06103515625,-0.35400390625,0.72021484375,-0.0244140625,1.46484375,0.048828125,0.52490234375,0.1220703125,1.8798828125,-0.0732421875,0.1708984375,0.2197265625,5.6640625,0.28076171875,-0.244140625,0.0244140625,0.2197265625,0.06103515625,-0.89111328125,0.1953125,0.20751953125,0.08544921875,0.2197265625,0.06103515625,3.5400390625,-0.13427734375,-0.72021484375,-0.10986328125,-0.7080078125,-0.18310546875,-0.634765625,-0.0244140625,-0.048828125,0.1708984375,-0.81787109375,-0.42724609375,-1.52587890625,-0.3662109375,-1.11083984375,0.1708984375,0.18310546875,-0.10986328125,0.29296875,0.09765625,-0.048828125,-0.0732421875,-0.01220703125,-0.03662109375,0.13427734375,-0.01220703125,-0.341796875,0.0732421875,0.47607421875,0,-0.91552734375,0.08544921875,-0.93994140625
1,-0.0244140625,3.69873046875,0.0244140625,1.5625,-0.244140625,1.2939453125,0.146484375,1.7822265625,0,-0.048828125,0.03662109375,-0.93994140625,-0.03662109375,1.01318359375,0.03662109375,-0.1953125,-0.18310546875,-0.57373046875,0.2197265625,-0.23193359375,-0.18310546875,0.87890625,-0.28076171875,-0.57373046875,0.10986328125,-0.23193359375,-0.15869140625,-0.9033203125,0.048828125,0.7080078125,-0.0244140625,-0.18310546875,0.20751953125,0.40283203125,-0.28076171875,-0.537109375,0.01220703125,-0.30517578125,0.13427734375,0.01220703125,0.03662109375,-0.1953125,-0.341796875,-0.5859375,0.1953125,-0.48828125,0.732421875,0.5859375,-0.1953125,0.6103515625,-0.341796875,-0.390625,-0.439453125,-0.35400390625,0.0244140625,0.42724609375,-0.23193359375,0.7080078125,0.15869140625,0.5126953125,0.48828125,1.11083984375,-0.93994140625,0.1708984375,-0.06103515625,0.08544921875,-0.2197265625,0.8056640625,0.0244140625,0.01220703125,-0.06103515625,0,-0.40283203125,0.634765625,0.01220703125,1.40380859375,-0.08544921875,0.48828125,0.18310546875,1.85546875,-0.08544921875,0.10986328125,0.01220703125,5.4931640625,0.28076171875,-0.25634765625,0.03662109375,0.1953125,0,-0.927734375,0.15869140625,0.20751953125,0.18310546875,0.20751953125,0.13427734375,3.1494140625,-0.146484375,-0.72021484375,-0.08544921875,-0.69580078125,-0.2197265625,-0.62255859375,0.03662109375,-0.048828125,0.1708984375,-0.81787109375,-0.4150390625,-1.52587890625,-0.35400390625,-1.0986328125,0.18310546875,0.1708984375,-0.09765625,0.30517578125,0.09765625,-0.03662109375,-0.08544921875,-0.03662109375,-0.048828125,0.146484375,0,-0.341796875,0.08544921875,0.42724609375,-0.01220703125,-0.9521484375,0.09765625,-0.927734375
1,-0.048828125,3.43017578125,0,1.52587890625,-0.28076171875,1.23291015625,0.1708984375,1.708984375,-0.0244140625,-0.06103515625,0.06103515625,-0.9521484375,-0.06103515625,1.025390625,0.03662109375,-0.1953125,-0.1708984375,-0.59814453125,0.2197265625,-0.244140625,-0.18310546875,0.87890625,-0.3173828125,-0.5615234375,0.13427734375,-0.244140625,-0.2197265625,-0.91552734375,0.048828125,0.72021484375,-0.01220703125,-0.2197265625,0.10986328125,0.2685546875,-0.30517578125,-0.6103515625,-0.0732421875,-0.42724609375,0.15869140625,-0.0732421875,-0.03662109375,-0.1953125,-0.3662109375,-0.5615234375,0.1220703125,-0.50048828125,0.72021484375,0.5859375,-0.23193359375,0.6591796875,-0.37841796875,-0.3173828125,-0.47607421875,-0.341796875,-0.01220703125,0.45166015625,-0.18310546875,0.69580078125,0.18310546875,0.52490234375,0.537109375,1.25732421875,-0.9033203125,0.1708984375,-0.01220703125,0.1708984375,-0.146484375,0.8544921875,0,0.09765625,0,0.0732421875,-0.2685546875,0.537109375,0.146484375,1.3671875,-0.1708984375,0.42724609375,0.2197265625,1.8310546875,-0.0732421875,0.03662109375,-0.15869140625,5.18798828125,0.244140625,-0.30517578125,0.0732421875,0.146484375,-0.0732421875,-0.98876953125,0.10986328125,0.15869140625,0.341796875,0.13427734375,0.1220703125,2.55126953125,-0.10986328125,-0.732421875,-0.048828125,-0.68359375,-0.2685546875,-0.5859375,0.10986328125,-0.03662109375,0.18310546875,-0.8056640625,-0.390625,-1.52587890625,-0.341796875,-1.0986328125,0.18310546875,0.1708984375,-0.09765625,0.3173828125,0.0732421875,-0.048828125,-0.08544921875,-0.0244140625,-0.06103515625,0.146484375,-0.01220703125,-0.35400390625,0.048828125,0.390625,-0.048828125,-0.96435546875,0.06103515625,-0.91552734375
0,-0.06103515625,3.25927734375,0,1.4892578125,-0.2685546875,1.20849609375,0.1708984375,1.66015625,0,-0.0732421875,0.048828125,-0.927734375,-0.06103515625,1.03759765625,0.01220703125,-0.15869140625,-0.1708984375,-0.6103515625,0.18310546875,-0.244140625,-0.13427734375,0.86669921875,-0.30517578125,-0.5615234375,0.146484375,-0.25634765625,-0.244140625,-0.9033203125,0.01220703125,0.74462890625,-0.03662109375,-0.23193359375,0,0.15869140625,-0.30517578125,-0.68359375,-0.10986328125,-0.45166015625,0.1953125,-0.146484375,-0.10986328125,-0.2197265625,-0.45166015625,-0.5615234375,0.06103515625,-0.5126953125,0.74462890625,0.5615234375,-0.2197265625,0.7568359375,-0.37841796875,-0.146484375,-0.5126953125,-0.3173828125,-0.06103515625,0.50048828125,-0.20751953125,0.72021484375,0.25634765625,0.52490234375,0.48828125,1.416015625,-0.732421875,0.18310546875,0.0244140625,0.23193359375,-0.08544921875,0.8544921875,0,0.146484375,0.0244140625,0.08544921875,-0.341796875,0.4150390625,0.0732421875,1.30615234375,-0.35400390625,0.35400390625,0.15869140625,1.74560546875,-0.048828125,-0.08544921875,-0.29296875,4.78515625,0.2197265625,-0.341796875,0.03662109375,0.06103515625,-0.146484375,-1.08642578125,0.03662109375,0.1220703125,0.439453125,0.06103515625,0.09765625,1.7822265625,-0.08544921875,-0.7080078125,0,-0.6591796875,-0.3173828125,-0.57373046875,0.146484375,-0.06103515625,0.13427734375,-0.81787109375,-0.32958984375,-1.513671875,-0.3173828125,-1.0986328125,0.13427734375,0.146484375,-0.08544921875,0.341796875,0.0732421875,-0.0244140625,-0.06103515625,-0.03662109375,-0.0732421875,0.1708984375,0.01220703125,-0.32958984375,0.06103515625,0.37841796875,-0.01220703125,-0.96435546875,0.09765625,-0.87890625
0,-0.0244140625,3.173828125,0,1.45263671875,-0.341796875,1.1962890625,0.18310546875,1.62353515625,0.0244140625,-0.08544921875,0.06103515625,-0.927734375,-0.048828125,1.03759765625,-0.01220703125,-0.146484375,-0.13427734375,-0.59814453125,0.13427734375,-0.23193359375,-0.1220703125,0.87890625,-0.35400390625,-0.54931640625,0.1708984375,-0.25634765625,-0.29296875,-0.89111328125,0.0244140625,0.78125,-0.048828125,-0.23193359375,-0.15869140625,0.13427734375,-0.390625,-0.68359375,-0.32958984375,-0.47607421875,0.1708984375,-0.15869140625,-0.146484375,-0.23193359375,-0.537109375,-0.54931640625,0.048828125,-0.48828125,0.8056640625,0.5615234375,-0.25634765625,0.830078125,-0.4150390625,0.048828125,-0.537109375,-0.25634765625,-0.13427734375,0.54931640625,-0.1953125,0.7080078125,0.3173828125,0.537109375,0.6103515625,1.4892578125,-0.634765625,0.15869140625,0.06103515625,0.244140625,-0.0244140625,0.87890625,-0.0732421875,0.09765625,0.048828125,0.0732421875,-0.1953125,0.32958984375,0.10986328125,1.1962890625,-0.35400390625,0.2685546875,0.1708984375,1.708984375,-0.0244140625,-0.15869140625,-0.37841796875,4.3701171875,0.15869140625,-0.42724609375,-0.0244140625,-0.0244140625,-0.20751953125,-1.20849609375,-0.0244140625,0.01220703125,0.52490234375,-0.0732421875,0.1220703125,0.91552734375,-0.0244140625,-0.69580078125,-0.03662109375,-0.67138671875,-0.32958984375,-0.59814453125,0.1220703125,-0.048828125,0.13427734375,-0.8056640625,-0.30517578125,-1.52587890625,-0.3173828125,-1.08642578125,0.10986328125,0.146484375,-0.08544921875,0.35400390625,0.0732421875,-0.01220703125,-0.0732421875,-0.048828125,-0.08544921875,0.1708984375,-0.01220703125,-0.28076171875,0.06103515625,0.3662109375,0.01220703125,-0.91552734375,0.08544921875,-0.87890625
0,-0.03662109375,3.1005859375,-0.01220703125,1.40380859375,-0.3662109375,1.18408203125,0.1708984375,1.5625,0.03662109375,-0.08544921875,0.08544921875,-0.9521484375,-0.03662109375,1.03759765625,-0.03662109375,-0.15869140625,-0.0732421875,-0.59814453125,0.0732421875,-0.20751953125,-0.09765625,0.87890625,-0.40283203125,-0.57373046875,0.1953125,-0.23193359375,-0.30517578125,-0.89111328125,-0.01220703125,0.78125,-0.03662109375,-0.1953125,-0.18310546875,0.10986328125,-0.32958984375,-0.67138671875,-0.4150390625,-0.390625,0.18310546875,-0.18310546875,-0.13427734375,-0.25634765625,-0.64697265625,-0.57373046875,-0.01220703125,-0.48828125,0.87890625,0.54931640625,-0.3173828125,0.927734375,-0.30517578125,0.2197265625,-0.5859375,-0.244140625,-0.18310546875,0.59814453125,-0.2197265625,0.732421875,0.37841796875,0.537109375,0.6103515625,1.513671875,-0.69580078125,0.18310546875,0.03662109375,0.2197265625,0.0732421875,0.830078125,-0.0244140625,0.06103515625,0.15869140625,0.048828125,-0.1708984375,0.2685546875,0.0244140625,1.171875,-0.4150390625,0.23193359375,0.13427734375,1.6357421875,0.01220703125,-0.2685546875,-0.40283203125,3.96728515625,0.1220703125,-0.47607421875,-0.09765625,-0.1220703125,-0.2197265625,-1.30615234375,-0.08544921875,-0.08544921875,0.54931640625,-0.18310546875,0.10986328125,0.048828125,0,-0.7080078125,-0.0732421875,-0.6591796875,-0.3662109375,-0.6103515625,0.08544921875,-0.048828125,0.13427734375,-0.79345703125,-0.25634765625,-1.5380859375,-0.30517578125,-1.0986328125,0.0732421875,0.146484375,-0.06103515625,0.341796875,0.06103515625,-0.0244140625,-0.0732421875,-0.048828125,-0.146484375,0.18310546875,-0.0244140625,-0.28076171875,0.048828125,0.390625,0.01220703125,-0.86669921875,0.10986328125,-0.87890625
0,-0.0244140625,3.03955078125,0,1.35498046875,-0.3662109375,1.11083984375,0.15869140625,1.52587890625,0.0244140625,-0.08544921875,0.10986328125,-0.927734375,-0.0244140625,1.025390625,-0.01220703125,-0.146484375,-0.048828125,-0.6103515625,0.03662109375,-0.20751953125,-0.0732421875,0.86669921875,-0.40283203125,-0.5859375,0.146484375,-0.244140625,-0.30517578125,-0.87890625,-0.06103515625,0.76904296875,-0.03662109375,-0.1953125,-0.18310546875,0.13427734375,-0.28076171875,-0.634765625,-0.42724609375,-0.3173828125,0.13427734375,-0.146484375,-0.146484375,-0.28076171875,-0.732421875,-0.57373046875,0.01220703125,-0.4638671875,0.89111328125,0.54931640625,-0.35400390625,1.0009765625,-0.2685546875,0.390625,-0.5859375,-0.20751953125,-0.28076171875,0.6591796875,-0.2197265625,0.74462890625,0.4150390625,0.537109375,0.62255859375,1.4404296875,-0.69580078125,0.18310546875,-0.0732421875,0.1708984375,0.1220703125,0.8056640625,-0.0244140625,-0.01220703125,0.13427734375,0.01220703125,-0.13427734375,0.28076171875,-0.09765625,1.1474609375,-0.40283203125,0.1708984375,0.0732421875,1.611328125,0.048828125,-0.3662109375,-0.390625,3.6376953125,0.06103515625,-0.54931640625,-0.1220703125,-0.2197265625,-0.20751953125,-1.40380859375,-0.1220703125,-0.1953125,0.50048828125,-0.30517578125,0.10986328125,-0.74462890625,-0.01220703125,-0.7080078125,-0.09765625,-0.6591796875,-0.32958984375,-0.6103515625,0.048828125,-0.048828125,0.10986328125,-0.79345703125,-0.2197265625,-1.513671875,-0.28076171875,-1.0986328125,0.01220703125,0.1220703125,-0.048828125,0.341796875,0.03662109375,-0.0244140625,-0.0732421875,-0.048828125,-0.18310546875,0.1953125,-0.01220703125,-0.2685546875,0.0732421875,0.40283203125,0.048828125,-0.81787109375,0.10986328125,-0.87890625
0,0,2.89306640625,-0.0244140625,1.26953125,-0.42724609375,1.01318359375,0.13427734375,1.4404296875,0.01220703125,-0.08544921875,0.10986328125,-0.927734375,0,1.01318359375,-0.01220703125,-0.13427734375,-0.0244140625,-0.634765625,0.03662109375,-0.18310546875,-0.1220703125,0.86669921875,-0.4638671875,-0.57373046875,0.13427734375,-0.2197265625,-0.28076171875,-0.86669921875,-0.08544921875,0.7568359375,-0.06103515625,-0.1708984375,-0.244140625,0.13427734375,-0.30517578125,-0.6103515625,-0.52490234375,-0.244140625,0.01220703125,-0.15869140625,-0.1220703125,-0.29296875,-0.732421875,-0.634765625,0.01220703125,-0.50048828125,0.91552734375,0.537109375,-0.4150390625,1.03759765625,-0.1953125,0.50048828125,-0.5859375,-0.1708984375,-0.30517578125,0.68359375,-0.244140625,0.74462890625,0.4638671875,0.54931640625,0.5615234375,1.30615234375,-0.68359375,0.2197265625,-0.09765625,0.09765625,0.13427734375,0.76904296875,-0.0244140625,-0.08544921875,0.09765625,-0.03662109375,-0.15869140625,0.32958984375,-0.1708984375,1.123046875,-0.32958984375,0.1953125,0.01220703125,1.59912109375,0.06103515625,-0.4150390625,-0.3662109375,3.40576171875,-0.01220703125,-0.6103515625,-0.13427734375,-0.25634765625,-0.1953125,-1.50146484375,-0.13427734375,-0.29296875,0.4150390625,-0.40283203125,0.09765625,-1.40380859375,-0.06103515625,-0.72021484375,-0.18310546875,-0.67138671875,-0.3173828125,-0.64697265625,0,-0.048828125,0.1220703125,-0.78125,-0.2197265625,-1.513671875,-0.28076171875,-1.11083984375,-0.01220703125,0.146484375,-0.06103515625,0.3173828125,0.0244140625,-0.01220703125,-0.06103515625,-0.06103515625,-0.1953125,0.2197265625,-0.03662109375,-0.25634765625,0.06103515625,0.45166015625,0.048828125,-0.7568359375,0.146484375,-0.9033203125
0,0.0732421875,2.63671875,-0.0244140625,1.13525390625,-0.37841796875,0.89111328125,0.13427734375,1.318359375,0.01220703125,-0.08544921875,0.10986328125,-0.93994140625,-0.01220703125,1.0009765625,-0.01220703125,-0.13427734375,-0.0244140625,-0.634765625,0.0244140625,-0.1708984375,-0.1708984375,0.87890625,-0.4638671875,-0.57373046875,0.10986328125,-0.23193359375,-0.244140625,-0.8544921875,-0.10986328125,0.732421875,-0.09765625,-0.1708984375,-0.15869140625,0.146484375,-0.28076171875,-0.59814453125,-0.47607421875,-0.1708984375,0.03662109375,-0.18310546875,-0.13427734375,-0.25634765625,-0.7080078125,-0.67138671875,0.0244140625,-0.48828125,0.927734375,0.57373046875,-0.4638671875,1.03759765625,-0.13427734375,0.5126953125,-0.54931640625,-0.15869140625,-0.341796875,0.69580078125,-0.1953125,0.78125,0.47607421875,0.52490234375,0.50048828125,1.0986328125,-0.67138671875,0.2197265625,-0.09765625,0.048828125,0.1953125,0.7568359375,0.10986328125,-0.1708984375,0.13427734375,-0.0244140625,-0.1708984375,0.45166015625,-0.29296875,1.220703125,-0.1708984375,0.23193359375,-0.048828125,1.64794921875,0.13427734375,-0.4638671875,-0.28076171875,3.28369140625,-0.1220703125,-0.67138671875,-0.08544921875,-0.3173828125,-0.1708984375,-1.5625,-0.15869140625,-0.37841796875,0.29296875,-0.4638671875,0.08544921875,-1.79443359375,-0.06103515625,-0.72021484375,-0.20751953125,-0.68359375,-0.32958984375,-0.64697265625,-0.0244140625,-0.03662109375,0.1708984375,-0.78125,-0.1953125,-1.513671875,-0.2197265625,-1.123046875,0,0.1220703125,-0.048828125,0.3173828125,-0.0244140625,-0.03662109375,-0.06103515625,-0.0732421875,-0.1953125,0.20751953125,-0.03662109375,-0.25634765625,0.06103515625,0.50048828125,0.06103515625,-0.7080078125,0.15869140625,-0.9033203125
0,0.13427734375,2.294921875,-0.048828125,0.93994140625,-0.35400390625,0.732421875,0.1220703125,1.13525390625,0.01220703125,-0.09765625,0.13427734375,-0.9521484375,0.01220703125,1.01318359375,-0.0244140625,-0.15869140625,-0.0244140625,-0.62255859375,0.0244140625,-0.18310546875,-0.29296875,0.87890625,-0.47607421875,-0.57373046875,0.048828125,-0.20751953125,-0.15869140625,-0.8544921875,-0.1220703125,0.7080078125,-0.1220703125,-0.146484375,-0.10986328125,0.15869140625,-0.30517578125,-0.62255859375,-0.47607421875,-0.08544921875,0,-0.2197265625,-0.1220703125,-0.2197265625,-0.59814453125,-0.7080078125,0.03662109375,-0.47607421875,0.9521484375,0.59814453125,-0.48828125,1.01318359375,-0.15869140625,0.45166015625,-0.5615234375,-0.1708984375,-0.390625,0.69580078125,-0.15869140625,0.76904296875,0.4638671875,0.50048828125,0.439453125,0.87890625,-0.5615234375,0.23193359375,-0.09765625,0.0244140625,0.20751953125,0.7568359375,0.1220703125,-0.1953125,0.048828125,-0.01220703125,0.01220703125,0.6103515625,-0.3173828125,1.2939453125,-0.0732421875,0.341796875,-0.15869140625,1.7578125,0.1708984375,-0.4638671875,-0.15869140625,3.23486328125,-0.20751953125,-0.7080078125,-0.0244140625,-0.3173828125,-0.13427734375,-1.611328125,-0.10986328125,-0.40283203125,0.15869140625,-0.5126953125,0.1708984375,-1.96533203125,-0.06103515625,-0.732421875,-0.23193359375,-0.7080078125,-0.341796875,-0.67138671875,-0.0244140625,-0.0244140625,0.1708984375,-0.78125,-0.1708984375,-1.513671875,-0.20751953125,-1.123046875,0,0.13427734375,-0.01220703125,0.2685546875,-0.0244140625,-0.048828125,-0.06103515625,-0.08544921875,-0.18310546875,0.20751953125,-0.048828125,-0.28076171875,0.0244140625,0.5126953125,0.048828125,-0.67138671875,0.1953125,-0.89111328125
0,0.20751953125,1.81884765625,-0.03662109375,0.72021484375,-0.37841796875,0.537109375,0.1220703125,0.927734375,-0.01220703125,-0.09765625,0.1220703125,-0.9521484375,0.01220703125,1.03759765625,-0.0244140625,-0.15869140625,-0.01220703125,-0.59814453125,0.01220703125,-0.1953125,-0.45166015625,0.87890625,-0.537109375,-0.5615234375,0.06103515625,-0.23193359375,-0.10986328125,-0.84228515625,-0.15869140625,0.69580078125,-0.146484375,-0.15869140625,-0.06103515625,0.146484375,-0.390625,-0.64697265625,-0.47607421875,-0.0732421875,0,-0.28076171875,-0.09765625,-0.1953125,-0.47607421875,-0.732421875,0.0732421875,-0.45166015625,0.89111328125,0.62255859375,-0.4150390625,0.9521484375,-0.1708984375,0.341796875,-0.52490234375,-0.1708984375,-0.3662109375,0.67138671875,-0.06103515625,0.79345703125,0.42724609375,0.5126953125,0.40283203125,0.67138671875,-0.50048828125,0.244140625,-0.10986328125,0.06103515625,0.23193359375,0.78125,0.0732421875,-0.1708984375,0,0.0244140625,0.03662109375,0.78125,-0.3173828125,1.40380859375,0.03662109375,0.50048828125,-0.20751953125,1.904296875,0.20751953125,-0.45166015625,-0.03662109375,3.2470703125,-0.2685546875,-0.68359375,0.03662109375,-0.32958984375,-0.09765625,-1.59912109375,-0.048828125,-0.4150390625,0.03662109375,-0.47607421875,0.048828125,-1.84326171875,-0.048828125,-0.72021484375,-0.244140625,-0.72021484375,-0.30517578125,-0.6591796875,-0.03662109375,-0.0244140625,0.2197265625,-0.78125,-0.146484375,-1.52587890625,-0.1708984375,-1.123046875,0,0.15869140625,0.01220703125,0.28076171875,-0.03662109375,-0.03662109375,-0.0732421875,-0.08544921875,-0.15869140625,0.1953125,-0.03662109375,-0.28076171875,0.048828125,0.537109375,0.06103515625,-0.64697265625,0.23193359375,-0.89111328125
0,0.23193359375,1.2939453125,-0.03662109375,0.50048828125,-0.37841796875,0.341796875,0.09765625,0.68359375,-0.01220703125,-0.08544921875,0.146484375,-0.9521484375,0.0244140625,1.025390625,-0.01220703125,-0.1708984375,-0.01220703125,-0.59814453125,-0.01220703125,-0.20751953125,-0.5615234375,0.87890625,-0.5126953125,-0.5615234375,0.03662109375,-0.2197265625,-0.0732421875,-0.84228515625,-0.15869140625,0.7080078125,-0.146484375,-0.146484375,-0.0732421875,0.13427734375,-0.42724609375,-0.6591796875,-0.47607421875,-0.06103515625,-0.08544921875,-0.32958984375,-0.08544921875,-0.18310546875,-0.37841796875,-0.76904296875,0.048828125,-0.439453125,0.79345703125,0.64697265625,-0.390625,0.89111328125,-0.13427734375,0.1953125,-0.48828125,-0.2197265625,-0.40283203125,0.67138671875,0.0244140625,0.76904296875,0.35400390625,0.5126953125,0.28076171875,0.47607421875,-0.40283203125,0.2197265625,-0.03662109375,0.18310546875,0.2685546875,0.8544921875,0.146484375,-0.048828125,0.0732421875,0.10986328125,0,0.93994140625,-0.35400390625,1.57470703125,0.08544921875,0.6591796875,-0.30517578125,2.06298828125,0.1953125,-0.439453125,0.03662109375,3.2470703125,-0.3173828125,-0.6591796875,0.0732421875,-0.32958984375,-0.0732421875,-1.55029296875,0.01220703125,-0.35400390625,-0.10986328125,-0.439453125,0.08544921875,-1.4892578125,-0.03662109375,-0.72021484375,-0.2197265625,-0.7080078125,-0.2197265625,-0.6591796875,-0.03662109375,-0.0244140625,0.25634765625,-0.79345703125,-0.13427734375,-1.52587890625,-0.146484375,-1.123046875,0.01220703125,0.15869140625,0.01220703125,0.28076171875,-0.048828125,-0.048828125,-0.06103515625,-0.09765625,-0.13427734375,0.18310546875,-0.03662109375,-0.29296875,0.0244140625,0.54931640625,0.0732421875,-0.64697265625,0.244140625,-0.8544921875
0,0.244140625,0.732421875,-0.0244140625,0.29296875,-0.3662109375,0.1708984375,0.0732421875,0.4638671875,0,-0.0732421875,0.1708984375,-0.9521484375,0.03662109375,1.03759765625,0,-0.1708984375,-0.03662109375,-0.6103515625,0,-0.20751953125,-0.634765625,0.89111328125,-0.54931640625,-0.54931640625,0.06103515625,-0.23193359375,-0.03662109375,-0.86669921875,-0.1708984375,0.69580078125,-0.13427734375,-0.18310546875,-0.01220703125,0.146484375,-0.40283203125,-0.6591796875,-0.390625,-0.06103515625,0,-0.3662109375,-0.0244140625,-0.1708984375,-0.28076171875,-0.74462890625,0.09765625,-0.4638671875,0.7568359375,0.67138671875,-0.3173828125,0.87890625,-0.146484375,0.06103515625,-0.5126953125,-0.25634765625,-0.47607421875,0.634765625,0.10986328125,0.7568359375,0.3173828125,0.52490234375,0.1708984375,0.3662109375,-0.30517578125,0.20751953125,-0.01220703125,0.3173828125,0.13427734375,0.9521484375,0.01220703125,0.08544921875,0.0244140625,0.23193359375,0.08544921875,1.0986328125,-0.30517578125,1.66015625,0.146484375,0.78125,-0.35400390625,2.18505859375,0.2197265625,-0.439453125,0.1220703125,3.18603515625,-0.35400390625,-0.6591796875,0.03662109375,-0.3173828125,-0.048828125,-1.46484375,0.03662109375,-0.28076171875,-0.244140625,-0.32958984375,0.0732421875,-0.96435546875,-0.06103515625,-0.72021484375,-0.18310546875,-0.732421875,-0.10986328125,-0.62255859375,-0.03662109375,-0.03662109375,0.28076171875,-0.8056640625,-0.146484375,-1.52587890625,-0.146484375,-1.123046875,-0.0244140625,0.1953125,0.01220703125,0.2685546875,-0.03662109375,-0.03662109375,-0.0732421875,-0.09765625,-0.1220703125,0.1708984375,-0.03662109375,-0.30517578125,0.01220703125,0.537109375,0.1220703125,-0.68359375,0.25634765625,-0.830078125
0,0.28076171875,0.25634765625,-0.03662109375,0.10986328125,-0.37841796875,0.0244140625,0.06103515625,0.29296875,-0.0244140625,-0.0732421875,0.18310546875,-0.927734375,0.0244140625,1.0498046875,0.0244140625,-0.15869140625,-0.048828125,-0.59814453125,-0.01220703125,-0.2197265625,-0.6103515625,0.9033203125,-0.48828125,-0.5615234375,0.13427734375,-0.23193359375,-0.06103515625,-0.86669921875,-0.18310546875,0.68359375,-0.09765625,-0.18310546875,-0.01220703125,0.18310546875,-0.439453125,-0.6103515625,-0.20751953125,-0.048828125,0.048828125,-0.3173828125,-0.0244140625,-0.20751953125,-0.23193359375,-0.732421875,0.09765625,-0.439453125,0.7568359375,0.67138671875,-0.1708984375,0.89111328125,-0.0732421875,-0.048828125,-0.45166015625,-0.244140625,-0.4150390625,0.6103515625,0.2197265625,0.732421875,0.25634765625,0.52490234375,0.03662109375,0.3173828125,-0.30517578125,0.1708984375,-0.01220703125,0.50048828125,0.03662109375,1.07421875,-0.03662109375,0.244140625,0.06103515625,0.35400390625,-0.0244140625,1.15966796875,-0.2685546875,1.7333984375,0.1220703125,0.86669921875,-0.29296875,2.294921875,0.2197265625,-0.47607421875,0.244140625,3.0029296875,-0.35400390625,-0.67138671875,-0.03662109375,-0.341796875,-0.01220703125,-1.3671875,0.01220703125,-0.1953125,-0.29296875,-0.23193359375,-0.048828125,-0.2685546875,-0.048828125,-0.72021484375,-0.15869140625,-0.732421875,-0.03662109375,-0.5615234375,-0.0244140625,-0.0244140625,0.28076171875,-0.84228515625,-0.1220703125,-1.5380859375,-0.10986328125,-1.123046875,-0.0244140625,0.20751953125,-0.01220703125,0.29296875,-0.0244140625,-0.03662109375,-0.08544921875,-0.08544921875,-0.13427734375,0.15869140625,-0.048828125,-0.30517578125,0,0.50048828125,0.0732421875,-0.7080078125,0.244140625,-0.79345703125
0,0.25634765625,-0.10986328125,-0.03662109375,0.048828125,-0.3662109375,-0.0732421875,0.03662109375,0.15869140625,-0.048828125,-0.08544921875,0.2197265625,-0.927734375,0.03662109375,1.0498046875,0.048828125,-0.146484375,-0.09765625,-0.59814453125,-0.01220703125,-0.244140625,-0.537109375,0.89111328125,-0.40283203125,-0.57373046875,0.1953125,-0.2197265625,-0.048828125,-0.86669921875,-0.1953125,0.74462890625,-0.10986328125,-0.1953125,0.01220703125,0.244140625,-0.439453125,-0.537109375,-0.13427734375,-0.048828125,0.09765625,-0.2197265625,0,-0.244140625,-0.1708984375,-0.72021484375,0.09765625,-0.45166015625,0.68359375,0.6591796875,-0.10986328125,0.93994140625,-0.13427734375,-0.048828125,-0.47607421875,-0.2197265625,-0.390625,0.59814453125,0.20751953125,0.732421875,0.2685546875,0.537109375,-0.048828125,0.3662109375,-0.3173828125,0.13427734375,0.03662109375,0.68359375,0.01220703125,1.1962890625,-0.06103515625,0.390625,0.1220703125,0.48828125,-0.09765625,1.13525390625,-0.23193359375,1.7578125,0.0732421875,0.86669921875,-0.2685546875,2.3193359375,0.2197265625,-0.5615234375,0.244140625,2.64892578125,-0.32958984375,-0.68359375,-0.048828125,-0.4150390625,0,-1.23291015625,0.01220703125,-0.09765625,-0.30517578125,-0.13427734375,0,0.50048828125,-0.0732421875,-0.72021484375,-0.13427734375,-0.7080078125,0.0244140625,-0.54931640625,0.0244140625,-0.01220703125,0.25634765625,-0.830078125,-0.146484375,-1.5380859375,-0.15869140625,-1.08642578125,-0.01220703125,0.2197265625,-0.048828125,0.3173828125,-0.06103515625,-0.01220703125,-0.0732421875,-0.08544921875,-0.1220703125,0.15869140625,-0.048828125,-0.30517578125,0.01220703125,0.47607421875,0.10986328125,-0.74462890625,0.244140625,-0.76904296875
0,0.20751953125,-0.28076171875,-0.01220703125,0.01220703125,-0.37841796875,-0.10986328125,0.048828125,0.1220703125,-0.048828125,-0.09765625,0.20751953125,-0.91552734375,0.03662109375,1.03759765625,0.0732421875,-0.1220703125,-0.06103515625,-0.5859375,-0.048828125,-0.244140625,-0.439453125,0.89111328125,-0.28076171875,-0.57373046875,0.244140625,-0.2197265625,-0.0732421875,-0.87890625,-0.25634765625,0.74462890625,-0.13427734375,-0.20751953125,-0.0244140625,0.390625,-0.47607421875,-0.439453125,-0.10986328125,-0.0244140625,0.06103515625,-0.1220703125,0.048828125,-0.28076171875,-0.1953125,-0.69580078125,0.0732421875,-0.4638671875,0.64697265625,0.62255859375,0.01220703125,1.01318359375,-0.1708984375,0.0244140625,-0.48828125,-0.146484375,-0.341796875,0.64697265625,0.23193359375,0.732421875,0.2685546875,0.54931640625,-0.0732421875,0.439453125,-0.341796875,0.13427734375,0.0244140625,0.87890625,-0.06103515625,1.318359375,-0.23193359375,0.54931640625,0.06103515625,0.59814453125,-0.1953125,1.07421875,-0.18310546875,1.69677734375,0.048828125,0.81787109375,-0.1953125,2.25830078125,0.18310546875,-0.69580078125,0.37841796875,2.1484375,-0.25634765625,-0.76904296875,-0.0732421875,-0.50048828125,-0.0244140625,-1.11083984375,-0.03662109375,0.0244140625,-0.32958984375,0,-0.09765625,1.33056640625,-0.08544921875,-0.7080078125,-0.06103515625,-0.7080078125,0.01220703125,-0.537109375,0.048828125,-0.0244140625,0.18310546875,-0.8056640625,-0.13427734375,-1.5380859375,-0.2197265625,-1.07421875,-0.0244140625,0.23193359375,-0.048828125,0.341796875,-0.0732421875,-0.01220703125,-0.0732421875,-0.0732421875,-0.08544921875,0.1708984375,-0.08544921875,-0.30517578125,0,0.48828125,0.0244140625,-0.78125,0.2197265625,-0.76904296875
1,0.1953125,-0.18310546875,-0.03662109375,0.08544921875,-0.439453125,-0.09765625,0,0.1708984375,-0.048828125,-0.1220703125,0.2197265625,-0.9033203125,0.01220703125,1.025390625,0.06103515625,-0.1220703125,-0.048828125,-0.5615234375,-0.08544921875,-0.2197265625,-0.25634765625,0.87890625,-0.1953125,-0.57373046875,0.28076171875,-0.2197265625,-0.08544921875,-0.9033203125,-0.28076171875,0.7568359375,-0.18310546875,-0.1953125,-0.0244140625,0.50048828125,-0.4638671875,-0.3173828125,0,0.0244140625,0.08544921875,0.03662109375,0.08544921875,-0.29296875,-0.2197265625,-0.67138671875,0.06103515625,-0.47607421875,0.68359375,0.57373046875,0.13427734375,1.11083984375,-0.1953125,0.146484375,-0.40283203125,-0.0732421875,-0.244140625,0.68359375,0.23193359375,0.74462890625,0.244140625,0.54931640625,-0.0244140625,0.57373046875,-0.341796875,0.13427734375,0.0732421875,1.0498046875,-0.146484375,1.45263671875,-0.3173828125,0.64697265625,0.06103515625,0.69580078125,-0.13427734375,0.9521484375,-0.1953125,1.6357421875,0.03662109375,0.69580078125,-0.09765625,2.1484375,0.10986328125,-0.8544921875,0.40283203125,1.5380859375,-0.23193359375,-0.84228515625,-0.0732421875,-0.6103515625,-0.0732421875,-0.9521484375,-0.13427734375,0.13427734375,-0.3662109375,0.13427734375,0,2.20947265625,-0.048828125,-0.72021484375,-0.01220703125,-0.68359375,-0.0244140625,-0.54931640625,0.0732421875,-0.048828125,0.1708984375,-0.830078125,-0.15869140625,-1.5380859375,-0.25634765625,-1.06201171875,-0.0244140625,0.20751953125,-0.1220703125,0.35400390625,-0.09765625,-0.03662109375,-0.0732421875,-0.048828125,-0.0732421875,0.18310546875,-0.0732421875,-0.30517578125,0.0244140625,0.45166015625,0.08544921875,-0.79345703125,0.2197265625,-0.79345703125
1,0.2197265625,0.1708984375,-0.01220703125,0.2197265625,-0.4638671875,0.0244140625,-0.0244140625,0.3173828125,-0.0244140625,-0.146484375,0.2197265625,-0.9033203125,0.03662109375,1.025390625,0.03662109375,-0.13427734375,-0.01220703125,-0.54931640625,-0.08544921875,-0.2197265625,-0.1708984375,0.86669921875,-0.15869140625,-0.5859375,0.29296875,-0.20751953125,-0.09765625,-0.87890625,-0.3662109375,0.78125,-0.146484375,-0.18310546875,-0.01220703125,0.64697265625,-0.48828125,-0.2197265625,-0.01220703125,0.0732421875,0.0732421875,0.15869140625,0.10986328125,-0.28076171875,-0.23193359375,-0.6591796875,0.06103515625,-0.4638671875,0.67138671875,0.5615234375,0.20751953125,1.23291015625,-0.23193359375,0.3173828125,-0.390625,0.0244140625,-0.20751953125,0.7568359375,0.20751953125,0.732421875,0.2197265625,0.54931640625,0,0.7080078125,-0.40283203125,0.13427734375,0.13427734375,1.15966796875,-0.18310546875,1.5380859375,-0.390625,0.68359375,0.03662109375,0.76904296875,-0.0244140625,0.830078125,-0.15869140625,1.513671875,0.08544921875,0.5615234375,0.01220703125,1.9775390625,0.03662109375,-1.0498046875,0.42724609375,0.86669921875,-0.2197265625,-0.9521484375,-0.06103515625,-0.732421875,-0.09765625,-0.8056640625,-0.1953125,0.23193359375,-0.40283203125,0.2685546875,-0.0244140625,3.08837890625,0,-0.732421875,0.03662109375,-0.68359375,-0.0732421875,-0.5859375,0.13427734375,-0.03662109375,0.146484375,-0.81787109375,-0.15869140625,-1.5380859375,-0.3173828125,-1.06201171875,-0.01220703125,0.20751953125,-0.15869140625,0.35400390625,-0.1220703125,-0.0244140625,-0.08544921875,-0.03662109375,-0.0732421875,0.18310546875,-0.0732421875,-0.30517578125,0,0.42724609375,0.10986328125,-0.8056640625,0.18310546875,-0.81787109375
1,0.15869140625,0.78125,0,0.439453125,-0.4638671875,0.244140625,-0.01220703125,0.57373046875,-0.03662109375,-0.1220703125,0.18310546875,-0.9033203125,0.03662109375,1.03759765625,0.048828125,-0.13427734375,0.0244140625,-0.57373046875,-0.09765625,-0.20751953125,-0.08544921875,0.87890625,-0.09765625,-0.5615234375,0.28076171875,-0.2197265625,-0.08544921875,-0.89111328125,-0.37841796875,0.79345703125,-0.08544921875,-0.1708984375,-0.01220703125,0.7568359375,-0.439453125,-0.1708984375,0.06103515625,0.10986328125,0.048828125,0.23193359375,0.1220703125,-0.29296875,-0.28076171875,-0.64697265625,0.09765625,-0.47607421875,0.72021484375,0.537109375,0.244140625,1.318359375,-0.23193359375,0.50048828125,-0.29296875,0.1220703125,-0.15869140625,0.84228515625,0.2197265625,0.78125,0.20751953125,0.537109375,0.08544921875,0.830078125,-0.47607421875,0.15869140625,0.09765625,1.220703125,-0.18310546875,1.57470703125,-0.390625,0.7080078125,0.03662109375,0.8056640625,-0.03662109375,0.79345703125,-0.18310546875,1.42822265625,0.0732421875,0.439453125,0.09765625,1.8310546875,-0.03662109375,-1.20849609375,0.390625,0.2197265625,-0.1953125,-1.06201171875,-0.048828125,-0.87890625,-0.1220703125,-0.67138671875,-0.25634765625,0.3173828125,-0.4638671875,0.4150390625,0.13427734375,3.9794921875,0.0244140625,-0.74462890625,0.08544921875,-0.68359375,-0.1220703125,-0.59814453125,0.13427734375,-0.048828125,0.146484375,-0.81787109375,-0.1708984375,-1.5380859375,-0.32958984375,-1.06201171875,-0.01220703125,0.2197265625,-0.18310546875,0.341796875,-0.1708984375,-0.01220703125,-0.0732421875,-0.01220703125,-0.06103515625,0.20751953125,-0.08544921875,-0.29296875,0.01220703125,0.42724609375,0.1708984375,-0.79345703125,0.1708984375,-0.86669921875
1,0.06103515625,1.5869140625,-0.0732421875,0.74462890625,-0.5126953125,0.54931640625,-0.06103515625,0.9033203125,-0.03662109375,-0.1220703125,0.15869140625,-0.9033203125,0.048828125,1.0009765625,0.0244140625,-0.1708984375,0.03662109375,-0.5859375,-0.048828125,-0.18310546875,-0.01220703125,0.9033203125,-0.08544921875,-0.57373046875,0.23193359375,-0.2197265625,-0.06103515625,-0.89111328125,-0.35400390625,0.78125,0.03662109375,-0.15869140625,-0.01220703125,0.7568359375,-0.390625,-0.18310546875,0.08544921875,0.1220703125,0.03662109375,0.244140625,0.09765625,-0.29296875,-0.390625,-0.6591796875,0.146484375,-0.48828125,0.72021484375,0.52490234375,0.244140625,1.416015625,-0.1953125,0.62255859375,-0.25634765625,0.18310546875,-0.08544921875,0.927734375,0.20751953125,0.78125,0.18310546875,0.5126953125,0.08544921875,0.89111328125,-0.52490234375,0.1708984375,0.1220703125,1.20849609375,-0.1953125,1.57470703125,-0.3173828125,0.64697265625,0.01220703125,0.81787109375,0.0732421875,0.927734375,-0.15869140625,1.416015625,0.10986328125,0.40283203125,0.1953125,1.77001953125,-0.0732421875,-1.318359375,0.30517578125,-0.30517578125,-0.15869140625,-1.171875,0,-0.98876953125,-0.10986328125,-0.57373046875,-0.2685546875,0.40283203125,-0.52490234375,0.52490234375,0.03662109375,4.833984375,0.06103515625,-0.72021484375,0.0732421875,-0.68359375,-0.09765625,-0.62255859375,0.1708984375,-0.06103515625,0.1708984375,-0.79345703125,-0.20751953125,-1.52587890625,-0.341796875,-1.0498046875,-0.01220703125,0.1953125,-0.2197265625,0.3173828125,-0.2197265625,-0.01220703125,-0.08544921875,-0.01220703125,-0.06103515625,0.1953125,-0.06103515625,-0.341796875,0,0.4150390625,0.18310546875,-0.7568359375,0.15869140625,-0.91552734375
1,0.1220703125,2.5634765625,-0.048828125,1.08642578125,-0.5126953125,0.89111328125,-0.06103515625,1.26953125,-0.03662109375,-0.1220703125,0.18310546875,-0.93994140625,0.0244140625,1.0009765625,0.0244140625,-0.18310546875,0.01220703125,-0.59814453125,0,-0.18310546875,-0.0244140625,0.89111328125,-0.06103515625,-0.57373046875,0.244140625,-0.23193359375,-0.0732421875,-0.87890625,-0.29296875,0.74462890625,0.1220703125,-0.13427734375,0,0.72021484375,-0.3173828125,-0.25634765625,0.1708984375,0.09765625,-0.06103515625,0.1708984375,0.03662109375,-0.2685546875,-0.4638671875,-0.67138671875,0.20751953125,-0.5126953125,0.69580078125,0.5126953125,0.15869140625,1.45263671875,-0.15869140625,0.7080078125,-0.2197265625,0.20751953125,-0.08544921875,0.9765625,0.146484375,0.78125,0.20751953125,0.5126953125,0.146484375,0.87890625,-0.537109375,0.1708984375,0.1220703125,1.171875,-0.20751953125,1.5380859375,-0.2685546875,0.59814453125,-0.0244140625,0.78125,0.1220703125,1.2451171875,-0.146484375,1.47705078125,0.1708984375,0.4638671875,0.244140625,1.8310546875,-0.03662109375,-1.3671875,0.1953125,-0.6591796875,-0.146484375,-1.2451171875,0.0244140625,-1.06201171875,-0.1220703125,-0.4638671875,-0.30517578125,0.48828125,-0.54931640625,0.59814453125,-0.06103515625,5.57861328125,0.048828125,-0.732421875,0.08544921875,-0.69580078125,-0.10986328125,-0.6591796875,0.1220703125,-0.048828125,0.18310546875,-0.78125,-0.1953125,-1.5380859375,-0.32958984375,-1.06201171875,-0.03662109375,0.18310546875,-0.244140625,0.29296875,-0.2685546875,-0.01220703125,-0.08544921875,0,-0.06103515625,0.1708984375,-0.0732421875,-0.341796875,-0.01220703125,0.40283203125,0.1953125,-0.72021484375,0.15869140625,-0.91552734375
1,0.1708984375,3.60107421875,-0.0732421875,1.45263671875,-0.50048828125,1.28173828125,-0.08544921875,1.69677734375,-0.048828125,-0.0732421875,0.18310546875,-0.93994140625,0.048828125,1.0009765625,0.01220703125,-0.1708984375,0.01220703125,-0.6103515625,0.01220703125,-0.18310546875,-0.048828125,0.89111328125,0,-0.57373046875,0.23193359375,-0.23193359375,-0.09765625,-0.86669921875,-0.1953125,0.732421875,0.1708984375,-0.146484375,-0.01220703125,0.5859375,-0.244140625,-0.37841796875,0.2197265625,0.0732421875,-0.146484375,0.048828125,-0.01220703125,-0.25634765625,-0.54931640625,-0.67138671875,0.2197265625,-0.52490234375,0.74462890625,0.48828125,0.146484375,1.45263671875,-0.18310546875,0.69580078125,-0.18310546875,0.18310546875,-0.09765625,0.9765625,0.146484375,0.79345703125,0.15869140625,0.48828125,0.146484375,0.830078125,-0.5615234375,0.1708984375,0.09765625,1.08642578125,-0.1708984375,1.45263671875,-0.1953125,0.5126953125,-0.10986328125,0.72021484375,0.146484375,1.84326171875,-0.1220703125,1.6845703125,0.244140625,0.68359375,0.2685546875,2.06298828125,-0.0244140625,-1.35498046875,0.15869140625,-0.7080078125,-0.1220703125,-1.26953125,0.03662109375,-1.06201171875,-0.10986328125,-0.40283203125,-0.29296875,0.54931640625,-0.5859375,0.6591796875,-0.1220703125,6.1767578125,0.03662109375,-0.732421875,0.048828125,-0.67138671875,-0.08544921875,-0.67138671875,0.10986328125,-0.0732421875,0.10986328125,-0.8056640625,-0.1953125,-1.5380859375,-0.3173828125,-1.07421875,-0.0244140625,0.20751953125,-0.29296875,0.30517578125,-0.29296875,0,-0.0732421875,0,-0.08544921875,0.18310546875,-0.048828125,-0.35400390625,0.01220703125,0.4150390625,0.18310546875,-0.6103515625,0.1708984375,-0.9521484375
1,0.20751953125,4.58984375,-0.08544921875,1.86767578125,-0.52490234375,1.64794921875,-0.0732421875,2.099609375,-0.0244140625,-0.0732421875,0.1953125,-0.93994140625,0.0244140625,1.025390625,-0.01220703125,-0.18310546875,-0.01220703125,-0.64697265625,0.06103515625,-0.18310546875,-0.09765625,0.89111328125,0.01220703125,-0.537109375,0.1953125,-0.244140625,-0.08544921875,-0.87890625,-0.08544921875,0.7080078125,0.2197265625,-0.15869140625,0.0244140625,0.48828125,-0.08544921875,-0.48828125,0.244140625,0.09765625,-0.1953125,-0.10986328125,-0.0244140625,-0.244140625,-0.45166015625,-0.67138671875,0.244140625,-0.5126953125,0.72021484375,0.50048828125,0.1220703125,1.3916015625,-0.1708984375,0.62255859375,-0.18310546875,0.13427734375,-0.03662109375,0.93994140625,0.146484375,0.79345703125,0.10986328125,0.50048828125,0.18310546875,0.732421875,-0.6103515625,0.18310546875,0.08544921875,0.96435546875,-0.1708984375,1.3671875,-0.1220703125,0.40283203125,-0.20751953125,0.64697265625,0.1708984375,2.64892578125,-0.0244140625,2.0263671875,0.341796875,1.06201171875,0.2197265625,2.4658203125,0.03662109375,-1.28173828125,0.1708984375,-0.52490234375,-0.03662109375,-1.23291015625,0.06103515625,-0.98876953125,-0.08544921875,-0.3662109375,-0.23193359375,0.59814453125,-0.54931640625,0.69580078125,-0.15869140625,6.53076171875,0.048828125,-0.732421875,-0.01220703125,-0.68359375,-0.09765625,-0.64697265625,0.08544921875,-0.08544921875,0.048828125,-0.79345703125,-0.20751953125,-1.513671875,-0.3173828125,-1.08642578125,-0.01220703125,0.20751953125,-0.29296875,0.25634765625,-0.29296875,0,-0.08544921875,0.01220703125,-0.0732421875,0.20751953125,-0.048828125,-0.341796875,0.0244140625,0.45166015625,0.08544921875,-0.439453125,0.1708984375,-0.93994140625
1,0.20751953125,5.4443359375,-0.06103515625,2.24609375,-0.52490234375,1.9775390625,-0.048828125,2.47802734375,-0.0244140625,-0.03662109375,0.20751953125,-0.93994140625,0.01220703125,1.025390625,-0.03662109375,-0.18310546875,-0.01220703125,-0.64697265625,0.08544921875,-0.1953125,-0.1708984375,0.89111328125,0.048828125,-0.537109375,0.2197265625,-0.23193359375,-0.146484375,-0.8544921875,0.048828125,0.68359375,0.146484375,-0.15869140625,0,0.3662109375,0,-0.54931640625,0.244140625,0.146484375,-0.28076171875,-0.2197265625,-0.0244140625,-0.20751953125,-0.439453125,-0.67138671875,0.23193359375,-0.5126953125,0.732421875,0.5126953125,0.06103515625,1.3427734375,-0.1708984375,0.5126953125,-0.15869140625,0.0244140625,0.0244140625,0.87890625,0.1953125,0.78125,0.06103515625,0.47607421875,0.25634765625,0.6103515625,-0.64697265625,0.1708984375,0.03662109375,0.8544921875,-0.146484375,1.26953125,-0.0244140625,0.30517578125,-0.20751953125,0.5615234375,-0.03662109375,3.6376953125,0.06103515625,2.490234375,0.35400390625,1.5625,0.18310546875,3.03955078125,0.13427734375,-1.13525390625,0.13427734375,-0.01220703125,0.08544921875,-1.123046875,0.1220703125,-0.8544921875,-0.09765625,-0.390625,-0.13427734375,0.5859375,-0.47607421875,0.69580078125,-0.18310546875,6.60400390625,0.01220703125,-0.72021484375,-0.0244140625,-0.72021484375,-0.08544921875,-0.64697265625,0.03662109375,-0.0732421875,-0.01220703125,-0.8056640625,-0.2197265625,-1.52587890625,-0.2685546875,-1.11083984375,-0.048828125,0.1953125,-0.30517578125,0.28076171875,-0.28076171875,-0.0244140625,-0.0732421875,0.01220703125,-0.09765625,0.1708984375,-0.0244140625,-0.28076171875,0.01220703125,0.48828125,0.06103515625,-0.1953125,0.146484375,-0.86669921875
1,0.13427734375,6.14013671875,-0.0732421875,2.55126953125,-0.5126953125,2.24609375,-0.03662109375,2.783203125,-0.01220703125,-0.048828125,0.20751953125,-0.9521484375,-0.01220703125,1.01318359375,-0.0732421875,-0.1708984375,-0.0244140625,-0.634765625,0.0732421875,-0.18310546875,-0.1953125,0.86669921875,0.0244140625,-0.537109375,0.25634765625,-0.244140625,-0.146484375,-0.89111328125,0.15869140625,0.7080078125,0.1220703125,-0.1708984375,0.03662109375,0.32958984375,0.13427734375,-0.54931640625,0.18310546875,0.32958984375,-0.25634765625,-0.23193359375,0,-0.1953125,-0.3662109375,-0.68359375,0.18310546875,-0.537109375,0.74462890625,0.5126953125,-0.03662109375,1.26953125,-0.146484375,0.37841796875,-0.146484375,-0.0732421875,0.06103515625,0.81787109375,0.244140625,0.76904296875,-0.01220703125,0.50048828125,0.28076171875,0.5126953125,-0.67138671875,0.15869140625,0.01220703125,0.7080078125,-0.13427734375,1.18408203125,0.048828125,0.2197265625,-0.18310546875,0.45166015625,-0.2197265625,4.79736328125,0.146484375,3.02734375,0.32958984375,2.16064453125,0.06103515625,3.72314453125,0.2197265625,-0.9033203125,0.09765625,0.74462890625,0.23193359375,-0.9765625,0.09765625,-0.67138671875,-0.08544921875,-0.42724609375,-0.048828125,0.6103515625,-0.390625,0.62255859375,-0.244140625,6.31103515625,0,-0.72021484375,0,-0.69580078125,-0.0244140625,-0.62255859375,-0.0244140625,-0.0732421875,-0.0244140625,-0.81787109375,-0.2197265625,-1.50146484375,-0.23193359375,-1.11083984375,-0.0732421875,0.1953125,-0.30517578125,0.29296875,-0.2685546875,-0.01220703125,-0.08544921875,0,-0.13427734375,0.146484375,-0.048828125,-0.2197265625,-0.01220703125,0.5615234375,0.03662109375,0.1220703125,0.1220703125,-0.732421875
1,0.08544921875,6.5673828125,-0.0732421875,2.7587890625,-0.50048828125,2.42919921875,-0.06103515625,2.96630859375,0,-0.06103515625,0.2197265625,-0.927734375,0,1.03759765625,-0.10986328125,-0.18310546875,-0.0244140625,-0.64697265625,0.09765625,-0.20751953125,-0.20751953125,0.8544921875,0,-0.537109375,0.28076171875,-0.244140625,-0.15869140625,-0.87890625,0.23193359375,0.68359375,0.06103515625,-0.18310546875,-0.01220703125,0.42724609375,0.1708984375,-0.390625,0.01220703125,0.62255859375,-0.25634765625,-0.10986328125,0.048828125,-0.20751953125,-0.2685546875,-0.67138671875,0.1220703125,-0.48828125,0.68359375,0.537109375,-0.08544921875,1.220703125,-0.048828125,0.2685546875,-0.146484375,-0.1953125,0.10986328125,0.74462890625,0.2685546875,0.7568359375,-0.0732421875,0.52490234375,0.30517578125,0.390625,-0.68359375,0.13427734375,-0.01220703125,0.634765625,-0.18310546875,1.11083984375,0,0.15869140625,-0.1708984375,0.40283203125,-0.2685546875,6.04248046875,0.18310546875,3.6376953125,0.2197265625,2.79541015625,-0.0732421875,4.47998046875,0.29296875,-0.67138671875,-0.048828125,1.64794921875,0.3173828125,-0.81787109375,0.0244140625,-0.4638671875,0,-0.54931640625,0.01220703125,0.537109375,-0.28076171875,0.537109375,-0.28076171875,5.712890625,0.0244140625,-0.7080078125,0,-0.69580078125,-0.0244140625,-0.6103515625,-0.03662109375,-0.06103515625,0.01220703125,-0.8056640625,-0.28076171875,-1.50146484375,-0.15869140625,-1.11083984375,-0.0732421875,0.20751953125,-0.28076171875,0.3173828125,-0.25634765625,-0.0244140625,-0.0732421875,-0.01220703125,-0.1708984375,0.146484375,-0.03662109375,-0.0732421875,0,0.6591796875,0.10986328125,0.50048828125,0.10986328125,-0.57373046875
1,0.03662109375,6.689453125,-0.1220703125,2.880859375,-0.47607421875,2.4658203125,-0.06103515625,3.06396484375,0.03662109375,-0.08544921875,0.23193359375,-0.927734375,0,1.03759765625,-0.09765625,-0.15869140625,-0.0244140625,-0.62255859375,0.08544921875,-0.1953125,-0.20751953125,0.84228515625,-0.048828125,-0.537109375,0.32958984375,-0.23193359375,-0.15869140625,-0.87890625,0.29296875,0.72021484375,0.0244140625,-0.18310546875,0,0.7080078125,0.25634765625,-0.10986328125,0.048828125,1.07421875,-0.1708984375,0.18310546875,0.0732421875,-0.20751953125,-0.20751953125,-0.68359375,0.0244140625,-0.48828125,0.64697265625,0.537109375,-0.10986328125,1.13525390625,-0.01220703125,0.18310546875,-0.15869140625,-0.28076171875,0.15869140625,0.69580078125,0.30517578125,0.74462890625,-0.13427734375,0.537109375,0.23193359375,0.37841796875,-0.68359375,0.1220703125,-0.0244140625,0.59814453125,-0.1220703125,1.07421875,0.09765625,0.1220703125,-0.0244140625,0.32958984375,-0.25634765625,7.2509765625,0.23193359375,4.21142578125,0.09765625,3.41796875,-0.1220703125,5.2001953125,0.28076171875,-0.42724609375,-0.01220703125,2.67333984375,0.35400390625,-0.634765625,-0.0732421875,-0.23193359375,0.048828125,-0.7080078125,0.01220703125,0.4150390625,-0.15869140625,0.40283203125,-0.29296875,4.79736328125,-0.0244140625,-0.72021484375,0,-0.69580078125,0,-0.57373046875,-0.03662109375,-0.06103515625,0.03662109375,-0.8056640625,-0.341796875,-1.513671875,-0.10986328125,-1.0986328125,-0.048828125,0.2197265625,-0.23193359375,0.30517578125,-0.2685546875,-0.03662109375,-0.08544921875,-0.0244140625,-0.20751953125,0.146484375,-0.03662109375,0.09765625,-0.0244140625,0.8056640625,0.13427734375,0.93994140625,0.1220703125,-0.3662109375
1,0.03662109375,6.5185546875,-0.09765625,2.86865234375,-0.439453125,2.40478515625,-0.08544921875,3.01513671875,0.048828125,-0.10986328125,0.2197265625,-0.927734375,0,1.03759765625,-0.1220703125,-0.15869140625,-0.0244140625,-0.62255859375,0.0732421875,-0.18310546875,-0.23193359375,0.8544921875,-0.10986328125,-0.54931640625,0.32958984375,-0.23193359375,-0.15869140625,-0.86669921875,0.30517578125,0.72021484375,0.01220703125,-0.1953125,0.06103515625,1.13525390625,0.25634765625,0.30517578125,-0.0244140625,1.6845703125,-0.08544921875,0.64697265625,0.0732421875,-0.244140625,-0.13427734375,-0.64697265625,-0.048828125,-0.47607421875,0.64697265625,0.52490234375,-0.1220703125,1.123046875,-0.048828125,0.15869140625,-0.29296875,-0.3173828125,0.1708984375,0.6591796875,0.341796875,0.74462890625,-0.15869140625,0.54931640625,0.2197265625,0.390625,-0.6591796875,0.15869140625,-0.0244140625,0.57373046875,-0.0732421875,1.0498046875,-0.0244140625,0.08544921875,-0.06103515625,0.29296875,-0.13427734375,8.33740234375,0.30517578125,4.69970703125,0,3.9794921875,-0.146484375,5.82275390625,0.30517578125,-0.1953125,0.01220703125,3.7109375,0.4150390625,-0.47607421875,-0.09765625,-0.01220703125,0.09765625,-0.87890625,0.03662109375,0.29296875,-0.03662109375,0.25634765625,-0.28076171875,3.69873046875,-0.0732421875,-0.732421875,-0.01220703125,-0.69580078125,0.01220703125,-0.5615234375,-0.06103515625,-0.06103515625,0.08544921875,-0.81787109375,-0.37841796875,-1.513671875,-0.10986328125,-1.0986328125,-0.01220703125,0.1953125,-0.20751953125,0.32958984375,-0.2685546875,-0.01220703125,-0.0732421875,-0.01220703125,-0.2197265625,0.13427734375,-0.048828125,0.30517578125,0,0.93994140625,0.1953125,1.40380859375,0.08544921875,-0.146484375
1,0.03662109375,6.1279296875,-0.08544921875,2.7099609375,-0.40283203125,2.24609375,-0.09765625,2.83203125,0.06103515625,-0.13427734375,0.2197265625,-0.927734375,0,1.03759765625,-0.10986328125,-0.146484375,-0.03662109375,-0.62255859375,0.048828125,-0.20751953125,-0.28076171875,0.8544921875,-0.048828125,-0.57373046875,0.3173828125,-0.20751953125,-0.18310546875,-0.89111328125,0.28076171875,0.74462890625,-0.03662109375,-0.1953125,0.03662109375,1.72119140625,0.23193359375,0.86669921875,-0.10986328125,2.45361328125,-0.0244140625,1.26953125,0.048828125,-0.244140625,-0.1220703125,-0.64697265625,-0.13427734375,-0.47607421875,0.57373046875,0.52490234375,-0.048828125,1.08642578125,-0.10986328125,0.18310546875,-0.32958984375,-0.3173828125,0.18310546875,0.64697265625,0.390625,0.7568359375,-0.18310546875,0.5615234375,0.1953125,0.4638671875,-0.5615234375,0.18310546875,-0.0244140625,0.54931640625,0,1.0498046875,-0.10986328125,0.08544921875,-0.0244140625,0.2685546875,-0.146484375,9.27734375,0.29296875,5.13916015625,-0.09765625,4.40673828125,-0.18310546875,6.3720703125,0.25634765625,0.03662109375,-0.0732421875,4.65087890625,0.37841796875,-0.32958984375,-0.10986328125,0.15869140625,0.10986328125,-1.07421875,0.048828125,0.13427734375,0.06103515625,0.09765625,-0.1953125,2.52685546875,-0.1220703125,-0.732421875,-0.0244140625,-0.67138671875,0.01220703125,-0.54931640625,-0.0244140625,-0.08544921875,0.146484375,-0.81787109375,-0.439453125,-1.52587890625,-0.146484375,-1.08642578125,0.0244140625,0.1953125,-0.1708984375,0.341796875,-0.244140625,-0.01220703125,-0.0732421875,0.01220703125,-0.23193359375,0.13427734375,-0.03662109375,0.5126953125,-0.0244140625,1.06201171875,0.25634765625,1.89208984375,0.1220703125,0.08544921875
1,0.03662109375,5.4931640625,-0.0732421875,2.490234375,-0.3662109375,2.001953125,-0.13427734375,2.5634765625,0.0732421875,-0.15869140625,0.20751953125,-0.93994140625,0,1.03759765625,-0.10986328125,-0.13427734375,0,-0.62255859375,0.0732421875,-0.1953125,-0.3173828125,0.84228515625,-0.01220703125,-0.57373046875,0.2685546875,-0.2197265625,-0.10986328125,-0.89111328125,0.25634765625,0.74462890625,-0.0244140625,-0.1953125,0.08544921875,2.4169921875,0.146484375,1.4892578125,-0.0732421875,3.2958984375,0.048828125,1.96533203125,0,-0.23193359375,-0.08544921875,-0.62255859375,-0.15869140625,-0.47607421875,0.57373046875,0.52490234375,-0.048828125,1.123046875,-0.15869140625,0.25634765625,-0.390625,-0.30517578125,0.1220703125,0.68359375,0.4150390625,0.7568359375,-0.1953125,0.5615234375,0.1953125,0.57373046875,-0.4150390625,0.1953125,0.0244140625,0.5615234375,0.09765625,1.0498046875,-0.0732421875,0.09765625,0.09765625,0.2685546875,0,9.97314453125,0.30517578125,5.419921875,-0.1220703125,4.72412109375,-0.10986328125,6.7138671875,0.1953125,0.18310546875,-0.1220703125,5.43212890625,0.30517578125,-0.1953125,-0.10986328125,0.29296875,0.13427734375,-1.23291015625,0.048828125,-0.03662109375,0.13427734375,-0.06103515625,-0.1220703125,1.3916015625,-0.1708984375,-0.732421875,0.0244140625,-0.67138671875,0.0244140625,-0.5615234375,-0.01220703125,-0.0732421875,0.146484375,-0.81787109375,-0.439453125,-1.50146484375,-0.1708984375,-1.08642578125,0.06103515625,0.18310546875,-0.1220703125,0.341796875,-0.2197265625,0,-0.0732421875,0,-0.2197265625,0.146484375,-0.0732421875,0.68359375,-0.03662109375,1.1962890625,0.146484375,2.33154296875,0.146484375,0.28076171875
0,0.0732421875,4.736328125,-0.08544921875,2.1728515625,-0.35400390625,1.6845703125,-0.15869140625,2.25830078125,0.1220703125,-0.15869140625,0.1708984375,-0.927734375,0.03662109375,1.03759765625,-0.15869140625,-0.10986328125,0.01220703125,-0.62255859375,0.08544921875,-0.20751953125,-0.3662109375,0.84228515625,0.03662109375,-0.5615234375,0.1953125,-0.23193359375,-0.0732421875,-0.87890625,0.18310546875,0.76904296875,-0.0732421875,-0.18310546875,0.10986328125,3.13720703125,0.08544921875,2.1240234375,-0.03662109375,4.18701171875,0.1220703125,2.67333984375,-0.03662109375,-0.2685546875,-0.03662109375,-0.634765625,-0.13427734375,-0.45166015625,0.52490234375,0.48828125,-0.06103515625,1.11083984375,-0.20751953125,0.341796875,-0.47607421875,-0.23193359375,0.03662109375,0.72021484375,0.4150390625,0.78125,-0.146484375,0.54931640625,0.2197265625,0.7080078125,-0.32958984375,0.2197265625,-0.048828125,0.5859375,0.09765625,1.06201171875,-0.15869140625,0.13427734375,0.0732421875,0.30517578125,0.08544921875,10.46142578125,0.2197265625,5.57861328125,-0.20751953125,4.89501953125,-0.1220703125,6.94580078125,0.09765625,0.28076171875,-0.15869140625,6.01806640625,0.244140625,-0.13427734375,-0.08544921875,0.390625,0.06103515625,-1.37939453125,0.03662109375,-0.1708984375,0.2197265625,-0.1953125,0.01220703125,0.439453125,-0.1708984375,-0.732421875,0.03662109375,-0.64697265625,-0.01220703125,-0.59814453125,0.01220703125,-0.06103515625,0.146484375,-0.8056640625,-0.439453125,-1.513671875,-0.2197265625,-1.06201171875,0.09765625,0.1708984375,-0.1220703125,0.341796875,-0.1708984375,-0.01220703125,-0.06103515625,0,-0.20751953125,0.1708984375,-0.048828125,0.830078125,-0.03662109375,1.30615234375,0.13427734375,2.72216796875,0.15869140625,0.42724609375
0,0.08544921875,3.90625,-0.1220703125,1.84326171875,-0.341796875,1.318359375,-0.20751953125,1.904296875,0.146484375,-0.146484375,0.1953125,-0.93994140625,0.0732421875,1.0009765625,-0.15869140625,-0.09765625,-0.01220703125,-0.5859375,0.1220703125,-0.20751953125,-0.40283203125,0.84228515625,0.10986328125,-0.57373046875,0.146484375,-0.1953125,-0.03662109375,-0.87890625,0.10986328125,0.76904296875,-0.0732421875,-0.15869140625,0.1220703125,3.80859375,0.0244140625,2.7099609375,-0.08544921875,5.04150390625,0.1220703125,3.3447265625,-0.09765625,-0.28076171875,-0.03662109375,-0.634765625,-0.06103515625,-0.4638671875,0.439453125,0.5126953125,-0.06103515625,1.1474609375,-0.15869140625,0.42724609375,-0.4638671875,-0.18310546875,0.0244140625,0.74462890625,0.42724609375,0.7568359375,-0.146484375,0.537109375,0.1953125,0.8056640625,-0.2685546875,0.2197265625,-0.08544921875,0.6103515625,0.2197265625,1.08642578125,-0.08544921875,0.1708984375,0.146484375,0.30517578125,0.18310546875,10.7177734375,0.1220703125,5.615234375,-0.25634765625,4.94384765625,-0.0732421875,6.982421875,0.0244140625,0.32958984375,-0.1953125,6.38427734375,0.13427734375,-0.0732421875,-0.01220703125,0.439453125,0.0244140625,-1.47705078125,0.08544921875,-0.28076171875,0.2685546875,-0.30517578125,0.10986328125,-0.25634765625,-0.1708984375,-0.76904296875,0.03662109375,-0.6591796875,-0.06103515625,-0.62255859375,0.06103515625,-0.0732421875,0.10986328125,-0.79345703125,-0.40283203125,-1.52587890625,-0.2685546875,-1.07421875,0.10986328125,0.18310546875,-0.1220703125,0.341796875,-0.1708984375,-0.0244140625,-0.0732421875,0,-0.20751953125,0.18310546875,-0.06103515625,0.96435546875,-0.03662109375,1.416015625,0.1220703125,3.02734375,0.13427734375,0.5126953125
0,0.06103515625,3.1005859375,-0.13427734375,1.4404296875,-0.32958984375,0.98876953125,-0.25634765625,1.50146484375,0.1220703125,-0.13427734375,0.18310546875,-0.93994140625,0.0732421875,1.0009765625,-0.15869140625,-0.13427734375,-0.0732421875,-0.5859375,0.15869140625,-0.1953125,-0.4150390625,0.86669921875,0.13427734375,-0.5615234375,0.13427734375,-0.20751953125,0.01220703125,-0.86669921875,0.048828125,0.76904296875,-0.0732421875,-0.15869140625,0.09765625,4.39453125,-0.03662109375,3.21044921875,-0.0732421875,5.77392578125,0.0732421875,3.90625,-0.1220703125,-0.2685546875,-0.13427734375,-0.64697265625,0.03662109375,-0.4638671875,0.3662109375,0.5126953125,-0.10986328125,1.13525390625,-0.10986328125,0.48828125,-0.48828125,-0.10986328125,-0.01220703125,0.76904296875,0.390625,0.76904296875,-0.09765625,0.537109375,0.23193359375,0.87890625,-0.23193359375,0.18310546875,-0.10986328125,0.64697265625,0.23193359375,1.0986328125,-0.0244140625,0.20751953125,0.13427734375,0.341796875,0.244140625,10.7421875,0.1220703125,5.56640625,-0.244140625,4.8828125,-0.0244140625,6.93359375,0,0.35400390625,-0.2197265625,6.50634765625,0.03662109375,-0.06103515625,0.048828125,0.439453125,-0.08544921875,-1.5380859375,0.10986328125,-0.341796875,0.29296875,-0.3662109375,0.13427734375,-0.67138671875,-0.146484375,-0.78125,0.03662109375,-0.6591796875,-0.10986328125,-0.634765625,0.10986328125,-0.06103515625,0.0732421875,-0.79345703125,-0.32958984375,-1.513671875,-0.3173828125,-1.08642578125,0.09765625,0.18310546875,-0.15869140625,0.30517578125,-0.1708984375,-0.01220703125,-0.0732421875,0,-0.20751953125,0.18310546875,-0.06103515625,1.025390625,-0.0732421875,1.4404296875,0.13427734375,3.16162109375,0.15869140625,0.57373046875
0,0.08544921875,2.38037109375,-0.1220703125,1.0498046875,-0.30517578125,0.68359375,-0.28076171875,1.171875,0.10986328125,-0.09765625,0.2197265625,-0.9521484375,0.08544921875,1.03759765625,-0.15869140625,-0.18310546875,-0.10986328125,-0.59814453125,0.15869140625,-0.1953125,-0.37841796875,0.84228515625,0.1708984375,-0.5859375,0.09765625,-0.18310546875,0.048828125,-0.86669921875,-0.08544921875,0.74462890625,-0.048828125,-0.1708984375,0.01220703125,4.833984375,-0.10986328125,3.564453125,-0.10986328125,6.396484375,0.0732421875,4.3212890625,-0.18310546875,-0.2685546875,-0.2197265625,-0.6591796875,0.13427734375,-0.45166015625,0.30517578125,0.5126953125,-0.10986328125,1.1474609375,-0.0244140625,0.50048828125,-0.50048828125,-0.08544921875,-0.06103515625,0.79345703125,0.35400390625,0.76904296875,-0.048828125,0.537109375,0.2197265625,0.9033203125,-0.18310546875,0.18310546875,-0.13427734375,0.634765625,0.244140625,1.13525390625,0.03662109375,0.2685546875,0.09765625,0.3662109375,0.13427734375,10.58349609375,0.06103515625,5.43212890625,-0.15869140625,4.74853515625,-0.06103515625,6.77490234375,0.01220703125,0.32958984375,-0.23193359375,6.4208984375,-0.03662109375,-0.10986328125,0.06103515625,0.390625,-0.1708984375,-1.5625,0.09765625,-0.3662109375,0.3173828125,-0.37841796875,0.13427734375,-0.86669921875,-0.13427734375,-0.78125,0.03662109375,-0.68359375,-0.146484375,-0.634765625,0.09765625,-0.08544921875,0.048828125,-0.76904296875,-0.25634765625,-1.513671875,-0.37841796875,-1.08642578125,0.08544921875,0.18310546875,-0.18310546875,0.29296875,-0.18310546875,0.01220703125,-0.06103515625,0.01220703125,-0.1708984375,0.18310546875,-0.03662109375,1.03759765625,-0.048828125,1.4892578125,0.048828125,3.16162109375,0.146484375,0.57373046875
0,0.09765625,1.74560546875,-0.146484375,0.72021484375,-0.3173828125,0.4638671875,-0.30517578125,0.86669921875,0.09765625,-0.08544921875,0.244140625,-0.96435546875,0.10986328125,1.01318359375,-0.13427734375,-0.20751953125,-0.146484375,-0.59814453125,0.1708984375,-0.20751953125,-0.35400390625,0.87890625,0.1708984375,-0.57373046875,0.06103515625,-0.2197265625,0.08544921875,-0.86669921875,-0.1953125,0.74462890625,-0.01220703125,-0.15869140625,-0.06103515625,5.126953125,-0.13427734375,3.77197265625,-0.09765625,6.8359375,0.03662109375,4.52880859375,-0.20751953125,-0.23193359375,-0.341796875,-0.6591796875,0.20751953125,-0.47607421875,0.28076171875,0.54931640625,-0.1220703125,1.13525390625,0.03662109375,0.4638671875,-0.48828125,-0.06103515625,-0.06103515625,0.78125,0.35400390625,0.7568359375,-0.0244140625,0.52490234375,0.13427734375,0.89111328125,-0.048828125,0.1708984375,-0.1220703125,0.67138671875,0.2197265625,1.171875,0.08544921875,0.341796875,0.0244140625,0.4150390625,0.10986328125,10.24169921875,0.0244140625,5.28564453125,-0.0244140625,4.6142578125,-0.10986328125,6.55517578125,-0.0244140625,0.23193359375,-0.20751953125,6.103515625,-0.10986328125,-0.1953125,0.01220703125,0.29296875,-0.244140625,-1.5625,0.1220703125,-0.35400390625,0.32958984375,-0.37841796875,0.0732421875,-0.87890625,-0.09765625,-0.76904296875,-0.03662109375,-0.68359375,-0.1953125,-0.6591796875,0.0732421875,-0.0732421875,0.03662109375,-0.76904296875,-0.1708984375,-1.513671875,-0.42724609375,-1.0986328125,0.0244140625,0.20751953125,-0.2197265625,0.29296875,-0.1708984375,0,-0.0732421875,0,-0.15869140625,0.1953125,-0.06103515625,0.98876953125,-0.0732421875,1.4404296875,-0.03662109375,3.03955078125,0.13427734375,0.52490234375
0,0.1220703125,1.2939453125,-0.15869140625,0.4638671875,-0.29296875,0.25634765625,-0.30517578125,0.6103515625,0.10986328125,-0.0732421875,0.244140625,-0.96435546875,0.09765625,1.03759765625,-0.13427734375,-0.23193359375,-0.1220703125,-0.59814453125,0.13427734375,-0.2197265625,-0.341796875,0.86669921875,0.13427734375,-0.5859375,0.06103515625,-0.1953125,0.08544921875,-0.87890625,-0.28076171875,0.74462890625,0.01220703125,-0.1708984375,-0.08544921875,5.21240234375,-0.1220703125,3.80859375,-0.10986328125,7.0556640625,0.01220703125,4.57763671875,-0.244140625,-0.20751953125,-0.390625,-0.634765625,0.23193359375,-0.4638671875,0.30517578125,0.5615234375,-0.13427734375,1.123046875,0.09765625,0.40283203125,-0.50048828125,-0.08544921875,-0.048828125,0.76904296875,0.35400390625,0.72021484375,0,0.52490234375,0.08544921875,0.8544921875,0.01220703125,0.15869140625,-0.06103515625,0.74462890625,0.23193359375,1.23291015625,0.08544921875,0.42724609375,-0.048828125,0.45166015625,0.08544921875,9.765625,0.048828125,5.04150390625,0.0732421875,4.39453125,-0.18310546875,6.298828125,-0.03662109375,0.09765625,-0.1708984375,5.615234375,-0.146484375,-0.28076171875,-0.06103515625,0.15869140625,-0.3173828125,-1.513671875,0.08544921875,-0.3173828125,0.35400390625,-0.37841796875,0.03662109375,-0.8056640625,-0.1220703125,-0.76904296875,-0.03662109375,-0.69580078125,-0.23193359375,-0.67138671875,0.048828125,-0.0732421875,0.03662109375,-0.79345703125,-0.06103515625,-1.52587890625,-0.45166015625,-1.0986328125,-0.01220703125,0.20751953125,-0.2197265625,0.28076171875,-0.1953125,-0.01220703125,-0.06103515625,-0.01220703125,-0.10986328125,0.18310546875,-0.048828125,0.8544921875,-0.048828125,1.3916015625,-0.0732421875,2.8076171875,0.1220703125,0.4638671875
0,0.146484375,0.927734375,-0.15869140625,0.244140625,-0.29296875,0.1220703125,-0.30517578125,0.4638671875,0.13427734375,-0.06103515625,0.2197265625,-0.96435546875,0.09765625,1.01318359375,-0.146484375,-0.2197265625,-0.09765625,-0.59814453125,0.09765625,-0.2197265625,-0.2685546875,0.86669921875,0.13427734375,-0.57373046875,0.048828125,-0.18310546875,0.08544921875,-0.86669921875,-0.3173828125,0.732421875,0.03662109375,-0.1708984375,-0.15869140625,5.126953125,-0.1220703125,3.7109375,-0.20751953125,7.04345703125,-0.09765625,4.4677734375,-0.29296875,-0.1953125,-0.390625,-0.62255859375,0.23193359375,-0.439453125,0.341796875,0.5615234375,-0.1708984375,1.0986328125,0.1220703125,0.35400390625,-0.5126953125,-0.1220703125,-0.0732421875,0.7568359375,0.390625,0.7080078125,-0.03662109375,0.52490234375,0.10986328125,0.732421875,0.09765625,0.146484375,-0.0244140625,0.830078125,0.2197265625,1.30615234375,0.20751953125,0.50048828125,-0.048828125,0.52490234375,0.01220703125,9.24072265625,0.048828125,4.82177734375,0.1708984375,4.150390625,-0.29296875,6.01806640625,-0.048828125,-0.08544921875,-0.146484375,4.9560546875,-0.15869140625,-0.40283203125,-0.10986328125,0.01220703125,-0.30517578125,-1.513671875,0.06103515625,-0.29296875,0.32958984375,-0.390625,-0.01220703125,-0.78125,-0.13427734375,-0.7568359375,-0.08544921875,-0.68359375,-0.2197265625,-0.6591796875,0,-0.06103515625,0.0732421875,-0.8056640625,0,-1.52587890625,-0.45166015625,-1.0986328125,-0.03662109375,0.23193359375,-0.244140625,0.2685546875,-0.20751953125,-0.01220703125,-0.0732421875,-0.03662109375,-0.09765625,0.1708984375,-0.06103515625,0.7080078125,-0.08544921875,1.30615234375,-0.0732421875,2.47802734375,0.10986328125,0.37841796875
0,0.15869140625,0.6591796875,-0.18310546875,0.10986328125,-0.28076171875,-0.01220703125,-0.30517578125,0.35400390625,0.13427734375,-0.06103515625,0.2197265625,-0.93994140625,0.08544921875,1.03759765625,-0.13427734375,-0.1953125,-0.06103515625,-0.59814453125,0.06103515625,-0.2197265625,-0.30517578125,0.87890625,0.0732421875,-0.54931640625,0.0732421875,-0.20751953125,0.0732421875,-0.87890625,-0.28076171875,0.7568359375,0.06103515625,-0.1708984375,-0.1220703125,4.9072265625,-0.06103515625,3.515625,-0.28076171875,6.84814453125,-0.1708984375,4.26025390625,-0.29296875,-0.20751953125,-0.341796875,-0.634765625,0.15869140625,-0.47607421875,0.3662109375,0.57373046875,-0.20751953125,1.0986328125,0.13427734375,0.30517578125,-0.50048828125,-0.1708984375,-0.1220703125,0.74462890625,0.4638671875,0.7080078125,-0.06103515625,0.5615234375,0.08544921875,0.634765625,0.15869140625,0.13427734375,0.03662109375,0.927734375,0.1708984375,1.3916015625,0.20751953125,0.5859375,0,0.57373046875,0.03662109375,8.63037109375,0.06103515625,4.6142578125,0.2197265625,3.91845703125,-0.40283203125,5.70068359375,-0.048828125,-0.30517578125,-0.08544921875,4.1748046875,-0.1953125,-0.537109375,-0.1953125,-0.15869140625,-0.25634765625,-1.50146484375,0.048828125,-0.28076171875,0.25634765625,-0.390625,-0.0732421875,-0.86669921875,-0.146484375,-0.76904296875,-0.09765625,-0.68359375,-0.20751953125,-0.64697265625,-0.03662109375,-0.08544921875,0.1220703125,-0.79345703125,0.0732421875,-1.50146484375,-0.40283203125,-1.0986328125,-0.06103515625,0.2197265625,-0.28076171875,0.28076171875,-0.25634765625,-0.01220703125,-0.08544921875,-0.0732421875,-0.09765625,0.15869140625,-0.0732421875,0.5859375,-0.10986328125,1.220703125,-0.09765625,2.16064453125,0.1220703125,0.244140625
0,0.1708984375,0.4638671875,-0.1953125,0.01220703125,-0.2685546875,-0.08544921875,-0.29296875,0.28076171875,0.15869140625,-0.06103515625,0.1953125,-0.93994140625,0.0732421875,1.025390625,-0.146484375,-0.13427734375,-0.03662109375,-0.59814453125,-0.01220703125,-0.2197265625,-0.29296875,0.86669921875,0.0244140625,-0.57373046875,0.10986328125,-0.18310546875,0.06103515625,-0.87890625,-0.244140625,0.732421875,0.01220703125,-0.1708984375,-0.08544921875,4.6142578125,-0.0732421875,3.2470703125,-0.32958984375,6.53076171875,-0.15869140625,3.96728515625,-0.3173828125,-0.2197265625,-0.2685546875,-0.62255859375,0.08544921875,-0.45166015625,0.37841796875,0.5615234375,-0.1708984375,1.08642578125,0.18310546875,0.3173828125,-0.42724609375,-0.1953125,-0.15869140625,0.7568359375,0.50048828125,0.72021484375,-0.09765625,0.5615234375,0,0.54931640625,0.244140625,0.146484375,0.03662109375,1.03759765625,0.08544921875,1.46484375,0.13427734375,0.67138671875,-0.01220703125,0.64697265625,-0.09765625,8.056640625,0.01220703125,4.39453125,0.23193359375,3.67431640625,-0.45166015625,5.43212890625,0,-0.50048828125,-0.03662109375,3.3203125,-0.244140625,-0.6591796875,-0.23193359375,-0.341796875,-0.15869140625,-1.4892578125,-0.01220703125,-0.25634765625,0.2197265625,-0.4150390625,-0.09765625,-1.06201171875,-0.1708984375,-0.7568359375,-0.048828125,-0.69580078125,-0.1953125,-0.634765625,-0.048828125,-0.08544921875,0.146484375,-0.8056640625,0.15869140625,-1.50146484375,-0.37841796875,-1.0986328125,-0.08544921875,0.1953125,-0.28076171875,0.29296875,-0.30517578125,-0.01220703125,-0.06103515625,-0.10986328125,-0.048828125,0.146484375,-0.06103515625,0.50048828125,-0.0732421875,1.11083984375,0,1.86767578125,0.10986328125,0.146484375
0,0.18310546875,0.25634765625,-0.20751953125,-0.08544921875,-0.2197265625,-0.1953125,-0.29296875,0.1953125,0.13427734375,-0.09765625,0.18310546875,-0.91552734375,0.08544921875,1.03759765625,-0.09765625,-0.09765625,0,-0.59814453125,-0.09765625,-0.20751953125,-0.35400390625,0.8544921875,-0.01220703125,-0.57373046875,0.1220703125,-0.18310546875,0.03662109375,-0.9033203125,-0.146484375,0.74462890625,-0.03662109375,-0.1708984375,-0.03662109375,4.3212890625,-0.06103515625,2.96630859375,-0.3662109375,6.11572265625,-0.13427734375,3.6865234375,-0.30517578125,-0.244140625,-0.1220703125,-0.6103515625,-0.048828125,-0.439453125,0.390625,0.54931640625,-0.10986328125,1.13525390625,0.28076171875,0.3173828125,-0.40283203125,-0.2197265625,-0.15869140625,0.76904296875,0.537109375,0.72021484375,-0.13427734375,0.537109375,-0.08544921875,0.52490234375,0.35400390625,0.1708984375,0.06103515625,1.123046875,0.03662109375,1.513671875,0.10986328125,0.732421875,-0.0244140625,0.69580078125,-0.20751953125,7.50732421875,-0.03662109375,4.21142578125,0.2197265625,3.4423828125,-0.42724609375,5.1513671875,0.08544921875,-0.72021484375,-0.01220703125,2.44140625,-0.28076171875,-0.78125,-0.23193359375,-0.50048828125,-0.048828125,-1.52587890625,-0.048828125,-0.2685546875,0.13427734375,-0.439453125,-0.13427734375,-1.37939453125,-0.1708984375,-0.732421875,-0.08544921875,-0.68359375,-0.13427734375,-0.5859375,-0.048828125,-0.0732421875,0.18310546875,-0.830078125,0.1708984375,-1.52587890625,-0.3173828125,-1.0986328125,-0.1220703125,0.1953125,-0.2685546875,0.3173828125,-0.35400390625,-0.0244140625,-0.0732421875,-0.10986328125,-0.0244140625,0.13427734375,-0.06103515625,0.42724609375,-0.06103515625,1.0498046875,-0.03662109375,1.64794921875,0.10986328125,0.0732421875
0,0.146484375,0.0244140625,-0.25634765625,-0.1708984375,-0.2197265625,-0.2685546875,-0.30517578125,0.10986328125,0.1220703125,-0.10986328125,0.1708984375,-0.927734375,0.03662109375,1.025390625,-0.08544921875,-0.08544921875,0.06103515625,-0.59814453125,-0.18310546875,-0.20751953125,-0.42724609375,0.86669921875,-0.08544921875,-0.57373046875,0.15869140625,-0.1953125,-0.01220703125,-0.86669921875,-0.03662109375,0.74462890625,-0.08544921875,-0.18310546875,-0.01220703125,3.99169921875,-0.0732421875,2.7099609375,-0.3173828125,5.6884765625,-0.13427734375,3.40576171875,-0.29296875,-0.244140625,-0.0244140625,-0.6103515625,-0.1708984375,-0.45166015625,0.3173828125,0.5615234375,0,1.171875,0.2197265625,0.37841796875,-0.390625,-0.2197265625,-0.10986328125,0.8056640625,0.537109375,0.732421875,-0.18310546875,0.54931640625,-0.1708984375,0.50048828125,0.37841796875,0.18310546875,0.10986328125,1.171875,0.01220703125,1.55029296875,0.0244140625,0.7080078125,-0.01220703125,0.7080078125,-0.32958984375,7.04345703125,-0.0732421875,4.052734375,0.1953125,3.21044921875,-0.37841796875,4.89501953125,0.1708984375,-0.927734375,0,1.59912109375,-0.341796875,-0.91552734375,-0.1953125,-0.64697265625,0.03662109375,-1.57470703125,-0.0732421875,-0.30517578125,0.08544921875,-0.47607421875,-0.1708984375,-1.79443359375,-0.18310546875,-0.72021484375,-0.048828125,-0.6591796875,-0.08544921875,-0.57373046875,-0.01220703125,-0.06103515625,0.2197265625,-0.79345703125,0.2197265625,-1.55029296875,-0.23193359375,-1.08642578125,-0.1220703125,0.20751953125,-0.2685546875,0.3173828125,-0.37841796875,0,-0.08544921875,-0.10986328125,0.01220703125,0.13427734375,-0.06103515625,0.42724609375,-0.048828125,0.98876953125,-0.03662109375,1.57470703125,0.09765625,0.01220703125
0,0.146484375,-0.2197265625,-0.244140625,-0.3173828125,-0.18310546875,-0.390625,-0.30517578125,-0.01220703125,0.1220703125,-0.13427734375,0.1708984375,-0.93994140625,0.0244140625,1.03759765625,-0.10986328125,-0.09765625,0.09765625,-0.59814453125,-0.25634765625,-0.1953125,-0.4638671875,0.84228515625,-0.13427734375,-0.5859375,0.18310546875,-0.1953125,-0.0732421875,-0.89111328125,0.048828125,0.74462890625,-0.15869140625,-0.18310546875,-0.01220703125,3.74755859375,-0.10986328125,2.50244140625,-0.30517578125,5.28564453125,-0.0732421875,3.21044921875,-0.2685546875,-0.2685546875,0.1220703125,-0.59814453125,-0.25634765625,-0.439453125,0.2685546875,0.54931640625,0.10986328125,1.220703125,0.1220703125,0.439453125,-0.40283203125,-0.18310546875,-0.0732421875,0.84228515625,0.5615234375,0.7568359375,-0.2197265625,0.537109375,-0.146484375,0.5615234375,0.390625,0.18310546875,0.10986328125,1.18408203125,-0.048828125,1.55029296875,-0.0244140625,0.68359375,0,0.68359375,-0.37841796875,6.640625,-0.13427734375,3.89404296875,0.2197265625,2.978515625,-0.28076171875,4.6875,0.244140625,-1.0986328125,-0.03662109375,0.76904296875,-0.439453125,-1.025390625,-0.15869140625,-0.79345703125,0.1220703125,-1.611328125,-0.10986328125,-0.30517578125,0.01220703125,-0.52490234375,-0.2197265625,-2.16064453125,-0.1708984375,-0.7080078125,-0.0244140625,-0.62255859375,-0.01220703125,-0.57373046875,-0.0244140625,-0.0732421875,0.2197265625,-0.79345703125,0.2197265625,-1.52587890625,-0.18310546875,-1.08642578125,-0.146484375,0.1953125,-0.2685546875,0.3173828125,-0.390625,0,-0.0732421875,-0.09765625,0.06103515625,0.146484375,-0.08544921875,0.439453125,-0.0732421875,0.9521484375,-0.03662109375,1.57470703125,0.10986328125,-0.01220703125
0,0.1708984375,-0.48828125,-0.1953125,-0.4150390625,-0.13427734375,-0.5126953125,-0.28076171875,-0.1220703125,0.13427734375,-0.13427734375,0.15869140625,-0.91552734375,0.0244140625,1.0498046875,-0.13427734375,-0.10986328125,0.15869140625,-0.6103515625,-0.3173828125,-0.20751953125,-0.5859375,0.830078125,-0.10986328125,-0.57373046875,0.15869140625,-0.20751953125,-0.10986328125,-0.86669921875,0.1220703125,0.7568359375,-0.1953125,-0.15869140625,-0.01220703125,3.564453125,-0.09765625,2.35595703125,-0.341796875,4.96826171875,0.0244140625,3.06396484375,-0.18310546875,-0.2685546875,0.23193359375,-0.6103515625,-0.3662109375,-0.4638671875,0.2197265625,0.537109375,0.20751953125,1.26953125,0.15869140625,0.48828125,-0.37841796875,-0.146484375,-0.048828125,0.87890625,0.54931640625,0.76904296875,-0.28076171875,0.52490234375,-0.1708984375,0.64697265625,0.3662109375,0.1953125,0.20751953125,1.123046875,-0.13427734375,1.47705078125,-0.08544921875,0.6103515625,-0.048828125,0.634765625,-0.32958984375,6.298828125,-0.1708984375,3.7353515625,0.244140625,2.81982421875,-0.18310546875,4.4921875,0.29296875,-1.25732421875,-0.06103515625,0.08544921875,-0.47607421875,-1.123046875,-0.1953125,-0.9033203125,0.1708984375,-1.66015625,-0.1220703125,-0.390625,-0.0244140625,-0.537109375,-0.2685546875,-2.4169921875,-0.15869140625,-0.72021484375,-0.03662109375,-0.62255859375,0.0732421875,-0.62255859375,-0.01220703125,-0.08544921875,0.2197265625,-0.76904296875,0.1953125,-1.5380859375,-0.09765625,-1.08642578125,-0.15869140625,0.1953125,-0.28076171875,0.3173828125,-0.37841796875,0,-0.08544921875,-0.0732421875,0.08544921875,0.15869140625,-0.08544921875,0.48828125,-0.09765625,0.9521484375,-0.048828125,1.6845703125,0.10986328125,-0.01220703125
1,0.15869140625,-0.7568359375,-0.244140625,-0.50048828125,-0.13427734375,-0.6103515625,-0.29296875,-0.23193359375,0.10986328125,-0.09765625,0.15869140625,-0.93994140625,0,1.03759765625,-0.1220703125,-0.1220703125,0.15869140625,-0.62255859375,-0.3662109375,-0.1953125,-0.6103515625,0.830078125,-0.10986328125,-0.5859375,0.1708984375,-0.20751953125,-0.1220703125,-0.86669921875,0.09765625,0.74462890625,-0.1953125,-0.15869140625,-0.0244140625,3.466796875,-0.146484375,2.24609375,-0.35400390625,4.74853515625,0.10986328125,3.0029296875,-0.10986328125,-0.2685546875,0.3173828125,-0.6103515625,-0.439453125,-0.4638671875,0.15869140625,0.54931640625,0.29296875,1.30615234375,0.1220703125,0.54931640625,-0.341796875,-0.10986328125,0.03662109375,0.89111328125,0.5615234375,0.78125,-0.341796875,0.537109375,-0.1220703125,0.74462890625,0.341796875,0.18310546875,0.2197265625,1.01318359375,-0.13427734375,1.37939453125,-0.0244140625,0.50048828125,-0.048828125,0.54931640625,-0.3173828125,6.0302734375,-0.25634765625,3.60107421875,0.2197265625,2.64892578125,-0.09765625,4.33349609375,0.30517578125,-1.37939453125,-0.1220703125,-0.50048828125,-0.5126953125,-1.1962890625,-0.1953125,-0.9765625,0.15869140625,-1.67236328125,-0.13427734375,-0.42724609375,-0.08544921875,-0.5615234375,-0.2685546875,-2.52685546875,-0.13427734375,-0.72021484375,-0.03662109375,-0.634765625,0.1220703125,-0.64697265625,0.03662109375,-0.0732421875,0.15869140625,-0.76904296875,0.1220703125,-1.5380859375,-0.0732421875,-1.0986328125,-0.13427734375,0.18310546875,-0.25634765625,0.3173828125,-0.35400390625,0,-0.08544921875,-0.06103515625,0.08544921875,0.15869140625,-0.0732421875,0.54931640625,-0.08544921875,0.9521484375,-0.06103515625,1.79443359375,0.08544921875,0
1,0.15869140625,-1.0009765625,-0.25634765625,-0.62255859375,-0.048828125,-0.68359375,-0.3173828125,-0.35400390625,0.09765625,-0.10986328125,0.146484375,-0.9521484375,0.01220703125,1.025390625,-0.1220703125,-0.1708984375,0.1220703125,-0.62255859375,-0.37841796875,-0.1953125,-0.6103515625,0.830078125,-0.048828125,-0.5859375,0.1953125,-0.23193359375,-0.1220703125,-0.8544921875,0.06103515625,0.74462890625,-0.15869140625,-0.15869140625,0,3.41796875,-0.146484375,2.2216796875,-0.35400390625,4.638671875,0.15869140625,2.94189453125,0.01220703125,-0.2685546875,0.42724609375,-0.62255859375,-0.4638671875,-0.47607421875,0.01220703125,0.537109375,0.32958984375,1.33056640625,0.09765625,0.57373046875,-0.29296875,-0.10986328125,0.09765625,0.89111328125,0.50048828125,0.78125,-0.341796875,0.52490234375,-0.10986328125,0.830078125,0.32958984375,0.1708984375,0.2197265625,0.86669921875,-0.18310546875,1.2451171875,0.0732421875,0.4150390625,-0.09765625,0.45166015625,-0.1220703125,5.712890625,-0.20751953125,3.41796875,0.23193359375,2.490234375,0.0244140625,4.150390625,0.30517578125,-1.4404296875,-0.10986328125,-0.927734375,-0.48828125,-1.2451171875,-0.18310546875,-1.03759765625,0.146484375,-1.69677734375,-0.13427734375,-0.42724609375,-0.1220703125,-0.5615234375,-0.244140625,-2.42919921875,-0.09765625,-0.74462890625,-0.048828125,-0.634765625,0.18310546875,-0.67138671875,0.048828125,-0.0732421875,0.08544921875,-0.76904296875,0.06103515625,-1.513671875,-0.03662109375,-1.07421875,-0.1220703125,0.1953125,-0.244140625,0.28076171875,-0.32958984375,0.01220703125,-0.09765625,-0.06103515625,0.0732421875,0.1708984375,-0.08544921875,0.59814453125,-0.10986328125,0.9765625,-0.048828125,1.904296875,0.08544921875,0
1,0.13427734375,-1.15966796875,-0.25634765625,-0.67138671875,-0.0244140625,-0.732421875,-0.3173828125,-0.4150390625,0.08544921875,-0.06103515625,0.146484375,-0.93994140625,0,1.03759765625,-0.13427734375,-0.18310546875,0.08544921875,-0.634765625,-0.3662109375,-0.18310546875,-0.54931640625,0.81787109375,0.03662109375,-0.59814453125,0.1708984375,-0.2197265625,-0.1220703125,-0.8544921875,-0.048828125,0.732421875,-0.13427734375,-0.15869140625,-0.0244140625,3.369140625,-0.1220703125,2.197265625,-0.3662109375,4.55322265625,0.146484375,2.89306640625,0.10986328125,-0.244140625,0.48828125,-0.59814453125,-0.5126953125,-0.48828125,-0.0732421875,0.537109375,0.32958984375,1.318359375,0.1220703125,0.57373046875,-0.2685546875,-0.0732421875,0.146484375,0.84228515625,0.4638671875,0.78125,-0.3173828125,0.537109375,-0.18310546875,0.91552734375,0.28076171875,0.15869140625,0.244140625,0.74462890625,-0.1953125,1.1474609375,0.244140625,0.37841796875,-0.146484375,0.3662109375,0.0244140625,5.33447265625,-0.1708984375,3.271484375,0.25634765625,2.3193359375,0.048828125,3.96728515625,0.25634765625,-1.46484375,-0.10986328125,-1.1962890625,-0.40283203125,-1.26953125,-0.15869140625,-1.0498046875,0.08544921875,-1.6845703125,-0.1953125,-0.42724609375,-0.20751953125,-0.52490234375,-0.18310546875,-2.1728515625,-0.08544921875,-0.7568359375,-0.03662109375,-0.64697265625,0.1708984375,-0.69580078125,0.10986328125,-0.0732421875,0.06103515625,-0.7568359375,0.03662109375,-1.52587890625,-0.01220703125,-1.07421875,-0.13427734375,0.1953125,-0.2197265625,0.2685546875,-0.29296875,0.0244140625,-0.08544921875,-0.048828125,0.08544921875,0.146484375,-0.1220703125,0.59814453125,-0.09765625,0.9521484375,-0.0732421875,1.904296875,0.048828125,-0.01220703125
1,0.146484375,-1.1962890625,-0.23193359375,-0.7080078125,0.01220703125,-0.69580078125,-0.32958984375,-0.4150390625,0.10986328125,-0.048828125,0.13427734375,-0.9521484375,0,1.025390625,-0.146484375,-0.1953125,0.048828125,-0.634765625,-0.341796875,-0.2197265625,-0.37841796875,0.830078125,0.146484375,-0.57373046875,0.15869140625,-0.2197265625,-0.0244140625,-0.84228515625,-0.1953125,0.72021484375,-0.13427734375,-0.146484375,-0.048828125,3.2958984375,-0.146484375,2.11181640625,-0.35400390625,4.4677734375,0.09765625,2.83203125,0.1220703125,-0.25634765625,0.48828125,-0.62255859375,-0.47607421875,-0.5126953125,-0.244140625,0.54931640625,0.35400390625,1.26953125,0.1708984375,0.59814453125,-0.244140625,-0.09765625,0.2197265625,0.8056640625,0.40283203125,0.76904296875,-0.3662109375,0.537109375,-0.23193359375,0.9521484375,0.25634765625,0.15869140625,0.1953125,0.64697265625,-0.18310546875,1.07421875,0.3662109375,0.40283203125,-0.244140625,0.30517578125,0.0244140625,4.87060546875,-0.13427734375,3.08837890625,0.29296875,2.11181640625,0.06103515625,3.7841796875,0.1953125,-1.42822265625,-0.146484375,-1.30615234375,-0.35400390625,-1.26953125,-0.146484375,-1.03759765625,0.03662109375,-1.64794921875,-0.1953125,-0.390625,-0.25634765625,-0.47607421875,-0.08544921875,-1.81884765625,-0.06103515625,-0.76904296875,-0.01220703125,-0.64697265625,0.13427734375,-0.68359375,0.13427734375,-0.08544921875,0.048828125,-0.74462890625,-0.0244140625,-1.513671875,0.01220703125,-1.0986328125,-0.15869140625,0.20751953125,-0.244140625,0.25634765625,-0.28076171875,0.01220703125,-0.0732421875,-0.0732421875,0.06103515625,0.146484375,-0.09765625,0.52490234375,-0.09765625,0.927734375,0.0732421875,1.77001953125,0.03662109375,-0.048828125
1,0.10986328125,-1.123046875,-0.25634765625,-0.6591796875,0.0244140625,-0.62255859375,-0.32958984375,-0.390625,0.10986328125,-0.03662109375,0.1220703125,-0.93994140625,-0.01220703125,1.025390625,-0.15869140625,-0.20751953125,0.0244140625,-0.62255859375,-0.3173828125,-0.1953125,-0.28076171875,0.8544921875,0.18310546875,-0.57373046875,0.09765625,-0.2197265625,0.0244140625,-0.86669921875,-0.30517578125,0.68359375,-0.13427734375,-0.15869140625,-0.01220703125,3.173828125,-0.08544921875,2.05078125,-0.30517578125,4.33349609375,0.13427734375,2.685546875,0.09765625,-0.2197265625,0.537109375,-0.62255859375,-0.4150390625,-0.50048828125,-0.23193359375,0.5615234375,0.32958984375,1.2451171875,0.146484375,0.64697265625,-0.244140625,-0.1220703125,0.244140625,0.7568359375,0.32958984375,0.74462890625,-0.29296875,0.537109375,-0.1953125,0.9521484375,0.244140625,0.13427734375,0.1953125,0.6103515625,-0.18310546875,1.07421875,0.50048828125,0.54931640625,-0.30517578125,0.30517578125,0.146484375,4.26025390625,-0.0244140625,2.84423828125,0.35400390625,1.8798828125,0.03662109375,3.515625,0.1220703125,-1.3916015625,-0.10986328125,-1.28173828125,-0.244140625,-1.23291015625,-0.146484375,-1.025390625,-0.03662109375,-1.59912109375,-0.1953125,-0.3173828125,-0.29296875,-0.42724609375,-0.0244140625,-1.3916015625,-0.03662109375,-0.78125,0,-0.6591796875,0.146484375,-0.68359375,0.13427734375,-0.08544921875,0.03662109375,-0.78125,-0.06103515625,-1.513671875,0.0244140625,-1.0986328125,-0.18310546875,0.1953125,-0.2197265625,0.244140625,-0.25634765625,0,-0.08544921875,-0.08544921875,0.03662109375,0.146484375,-0.09765625,0.390625,-0.08544921875,0.8544921875,0.10986328125,1.42822265625,0.03662109375,-0.15869140625
1,0.1220703125,-0.93994140625,-0.244140625,-0.5859375,0.03662109375,-0.537109375,-0.35400390625,-0.30517578125,0.10986328125,-0.048828125,0.09765625,-0.927734375,-0.01220703125,1.025390625,-0.146484375,-0.20751953125,-0.01220703125,-0.62255859375,-0.28076171875,-0.20751953125,-0.1953125,0.8544921875,0.2197265625,-0.57373046875,0.03662109375,-0.2197265625,0.09765625,-0.86669921875,-0.40283203125,0.72021484375,-0.13427734375,-0.1708984375,-0.08544921875,2.9296875,-0.0732421875,1.8310546875,-0.244140625,4.0283203125,0.10986328125,2.4169921875,0.03662109375,-0.23193359375,0.5615234375,-0.59814453125,-0.37841796875,-0.5126953125,-0.20751953125,0.57373046875,0.29296875,1.220703125,0.18310546875,0.74462890625,-0.20751953125,-0.15869140625,0.28076171875,0.732421875,0.28076171875,0.732421875,-0.32958984375,0.537109375,-0.244140625,0.9521484375,0.20751953125,0.13427734375,0.1220703125,0.72021484375,-0.20751953125,1.15966796875,0.5126953125,0.78125,-0.32958984375,0.40283203125,0.10986328125,3.564453125,0.08544921875,2.6123046875,0.3662109375,1.62353515625,0,3.21044921875,0,-1.3427734375,-0.09765625,-1.1962890625,-0.13427734375,-1.18408203125,-0.1220703125,-1.0009765625,-0.1220703125,-1.5380859375,-0.18310546875,-0.2685546875,-0.3662109375,-0.40283203125,0,-1.0986328125,-0.048828125,-0.74462890625,0,-0.7080078125,0.1220703125,-0.64697265625,0.1220703125,-0.09765625,0.09765625,-0.81787109375,-0.08544921875,-1.52587890625,0.03662109375,-1.08642578125,-0.1953125,0.1953125,-0.18310546875,0.244140625,-0.244140625,0,-0.0732421875,-0.10986328125,0,0.13427734375,-0.09765625,0.20751953125,-0.1220703125,0.76904296875,0.146484375,0.9521484375,-0.01220703125,-0.30517578125
1,0.13427734375,-0.69580078125,-0.23193359375,-0.48828125,0.048828125,-0.390625,-0.3662109375,-0.1953125,0.13427734375,-0.06103515625,0.08544921875,-0.93994140625,-0.0244140625,1.025390625,-0.13427734375,-0.18310546875,-0.0244140625,-0.59814453125,-0.2197265625,-0.2197265625,-0.10986328125,0.86669921875,0.2197265625,-0.5615234375,-0.0244140625,-0.23193359375,0.1953125,-0.86669921875,-0.439453125,0.74462890625,-0.048828125,-0.15869140625,-0.048828125,2.5634765625,-0.01220703125,1.55029296875,-0.1220703125,3.564453125,0.1220703125,2.099609375,-0.048828125,-0.2197265625,0.50048828125,-0.59814453125,-0.29296875,-0.47607421875,-0.18310546875,0.5615234375,0.25634765625,1.220703125,0.23193359375,0.9765625,-0.18310546875,-0.15869140625,0.3173828125,0.74462890625,0.244140625,0.7080078125,-0.32958984375,0.5615234375,-0.09765625,0.91552734375,0.1953125,0.13427734375,0.0732421875,0.9765625,-0.23193359375,1.3427734375,0.4638671875,1.1962890625,-0.35400390625,0.59814453125,0.09765625,2.79541015625,0.1708984375,2.33154296875,0.390625,1.33056640625,-0.03662109375,2.89306640625,-0.08544921875,-1.2939453125,-0.08544921875,-1.0498046875,-0.0732421875,-1.123046875,-0.09765625,-0.96435546875,-0.1708984375,-1.47705078125,-0.1953125,-0.2197265625,-0.4150390625,-0.3662109375,-0.01220703125,-0.9033203125,-0.03662109375,-0.732421875,0.0244140625,-0.7080078125,0.146484375,-0.59814453125,0.0732421875,-0.10986328125,0.09765625,-0.8056640625,-0.09765625,-1.513671875,-0.01220703125,-1.08642578125,-0.1953125,0.2197265625,-0.1953125,0.25634765625,-0.23193359375,-0.01220703125,-0.06103515625,-0.1220703125,-0.01220703125,0.13427734375,-0.09765625,-0.01220703125,-0.13427734375,0.634765625,0.13427734375,0.390625,-0.03662109375,-0.48828125
1,0.09765625,-0.45166015625,-0.2197265625,-0.35400390625,0.048828125,-0.25634765625,-0.40283203125,-0.08544921875,0.15869140625,-0.0732421875,0.048828125,-0.91552734375,-0.03662109375,1.025390625,-0.146484375,-0.15869140625,-0.048828125,-0.6103515625,-0.1220703125,-0.20751953125,-0.09765625,0.86669921875,0.1953125,-0.57373046875,-0.0732421875,-0.20751953125,0.28076171875,-0.87890625,-0.390625,0.78125,-0.03662109375,-0.15869140625,-0.0732421875,2.099609375,0.03662109375,1.20849609375,-0.06103515625,2.94189453125,0.10986328125,1.67236328125,-0.1708984375,-0.244140625,0.40283203125,-0.5615234375,-0.20751953125,-0.47607421875,-0.23193359375,0.5615234375,0.13427734375,1.25732421875,0.15869140625,1.2939453125,-0.10986328125,-0.15869140625,0.32958984375,0.81787109375,0.1953125,0.7080078125,-0.341796875,0.5615234375,-0.13427734375,0.87890625,0.08544921875,0.15869140625,0.06103515625,1.3671875,-0.2685546875,1.6357421875,0.50048828125,1.708984375,-0.2685546875,0.9033203125,0.03662109375,2.0751953125,0.23193359375,2.08740234375,0.341796875,1.06201171875,-0.1220703125,2.587890625,-0.13427734375,-1.26953125,-0.0732421875,-0.8544921875,-0.06103515625,-1.08642578125,-0.13427734375,-0.93994140625,-0.1708984375,-1.46484375,-0.1708984375,-0.2197265625,-0.45166015625,-0.35400390625,-0.06103515625,-0.93994140625,-0.08544921875,-0.69580078125,0.03662109375,-0.7080078125,0.146484375,-0.5859375,-0.01220703125,-0.10986328125,0.09765625,-0.8056640625,-0.09765625,-1.52587890625,-0.0732421875,-1.07421875,-0.1953125,0.20751953125,-0.15869140625,0.25634765625,-0.20751953125,-0.01220703125,-0.06103515625,-0.1220703125,-0.048828125,0.13427734375,-0.08544921875,-0.23193359375,-0.146484375,0.50048828125,0.1220703125,-0.20751953125,-0.06103515625,-0.7080078125
1,0.0732421875,-0.25634765625,-0.20751953125,-0.244140625,0.1220703125,-0.1708984375,-0.37841796875,0.01220703125,0.146484375,-0.09765625,0.048828125,-0.927734375,-0.0244140625,1.01318359375,-0.1708984375,-0.1220703125,-0.03662109375,-0.5859375,-0.10986328125,-0.20751953125,-0.03662109375,0.86669921875,0.1953125,-0.5859375,-0.06103515625,-0.20751953125,0.30517578125,-0.87890625,-0.30517578125,0.78125,-0.01220703125,-0.1708984375,-0.0732421875,1.57470703125,0.13427734375,0.830078125,0.01220703125,2.1728515625,0.06103515625,1.18408203125,-0.244140625,-0.25634765625,0.29296875,-0.537109375,-0.1220703125,-0.439453125,-0.2685546875,0.54931640625,0.0732421875,1.40380859375,0.15869140625,1.7578125,-0.10986328125,-0.10986328125,0.341796875,0.927734375,0.15869140625,0.69580078125,-0.341796875,0.537109375,-0.146484375,0.8544921875,0.01220703125,0.1953125,0.01220703125,1.86767578125,-0.28076171875,2.0263671875,0.42724609375,2.3681640625,-0.23193359375,1.25732421875,-0.03662109375,1.4892578125,0.2197265625,1.91650390625,0.30517578125,0.830078125,-0.13427734375,2.35595703125,-0.1220703125,-1.23291015625,-0.03662109375,-0.6591796875,-0.0244140625,-1.0498046875,-0.15869140625,-0.9033203125,-0.10986328125,-1.47705078125,-0.13427734375,-0.244140625,-0.45166015625,-0.390625,-0.10986328125,-1.11083984375,-0.10986328125,-0.6591796875,0.01220703125,-0.68359375,0.146484375,-0.54931640625,-0.06103515625,-0.10986328125,0.048828125,-0.79345703125,-0.08544921875,-1.5380859375,-0.09765625,-1.08642578125,-0.20751953125,0.20751953125,-0.13427734375,0.25634765625,-0.2197265625,-0.01220703125,-0.048828125,-0.10986328125,-0.048828125,0.146484375,-0.0732421875,-0.42724609375,-0.146484375,0.390625,0.1220703125,-0.7080078125,-0.06103515625,-0.86669921875
1,0.01220703125,-0.146484375,-0.25634765625,-0.1708984375,0.0732421875,-0.09765625,-0.42724609375,0.08544921875,0.146484375,-0.10986328125,0.0244140625,-0.927734375,-0.048828125,1.0009765625,-0.1708984375,-0.10986328125,-0.048828125,-0.59814453125,-0.0732421875,-0.20751953125,-0.01220703125,0.89111328125,0.18310546875,-0.5859375,-0.048828125,-0.20751953125,0.29296875,-0.87890625,-0.18310546875,0.79345703125,0.0244140625,-0.1708984375,-0.09765625,1.07421875,0.244140625,0.4150390625,0.048828125,1.33056640625,-0.01220703125,0.72021484375,-0.28076171875,-0.30517578125,0.18310546875,-0.50048828125,-0.01220703125,-0.439453125,-0.29296875,0.54931640625,0.0732421875,1.611328125,0.2197265625,2.294921875,-0.09765625,0,0.341796875,1.08642578125,0.1220703125,0.7080078125,-0.390625,0.537109375,-0.06103515625,0.84228515625,0.03662109375,0.2197265625,0.0732421875,2.47802734375,-0.18310546875,2.4658203125,0.4638671875,3.06396484375,-0.15869140625,1.69677734375,-0.0732421875,1.171875,0.28076171875,1.806640625,0.28076171875,0.7080078125,-0.1220703125,2.2216796875,-0.06103515625,-1.23291015625,-0.048828125,-0.54931640625,-0.03662109375,-1.0498046875,-0.1220703125,-0.89111328125,-0.10986328125,-1.52587890625,-0.09765625,-0.28076171875,-0.390625,-0.4150390625,-0.13427734375,-1.42822265625,-0.146484375,-0.68359375,0.01220703125,-0.69580078125,0.1220703125,-0.5615234375,-0.1220703125,-0.10986328125,0.01220703125,-0.76904296875,-0.06103515625,-1.52587890625,-0.146484375,-1.08642578125,-0.20751953125,0.1953125,-0.1220703125,0.25634765625,-0.20751953125,-0.03662109375,-0.0732421875,-0.10986328125,-0.0732421875,0.15869140625,-0.048828125,-0.54931640625,-0.15869140625,0.30517578125,0.09765625,-1.0498046875,-0.048828125,-0.98876953125
1,-0.01220703125,-0.1220703125,-0.25634765625,-0.15869140625,0.08544921875,-0.08544921875,-0.42724609375,0.0732421875,0.13427734375,-0.15869140625,0,-0.93994140625,-0.03662109375,1.01318359375,-0.15869140625,-0.1220703125,-0.0244140625,-0.5859375,-0.06103515625,-0.20751953125,-0.0244140625,0.84228515625,0.2197265625,-0.59814453125,-0.0244140625,-0.20751953125,0.25634765625,-0.87890625,-0.0244140625,0.79345703125,0.01220703125,-0.18310546875,-0.13427734375,0.634765625,0.30517578125,0.0732421875,0.146484375,0.634765625,-0.03662109375,0.3173828125,-0.25634765625,-0.3173828125,0.15869140625,-0.47607421875,0.0732421875,-0.4150390625,-0.2197265625,0.54931640625,0.06103515625,1.8798828125,0.10986328125,2.96630859375,-0.13427734375,0.13427734375,0.35400390625,1.30615234375,0.15869140625,0.69580078125,-0.4150390625,0.52490234375,-0.03662109375,0.81787109375,0.03662109375,0.1953125,0.08544921875,3.125,-0.09765625,2.9541015625,0.4150390625,3.79638671875,-0.1220703125,2.13623046875,-0.0732421875,1.20849609375,0.2685546875,1.8798828125,0.244140625,0.72021484375,-0.1220703125,2.24609375,0.01220703125,-1.23291015625,0,-0.47607421875,-0.01220703125,-1.0498046875,-0.09765625,-0.9033203125,-0.048828125,-1.57470703125,-0.048828125,-0.35400390625,-0.32958984375,-0.45166015625,-0.1708984375,-1.7822265625,-0.18310546875,-0.67138671875,0.03662109375,-0.6591796875,0.048828125,-0.57373046875,-0.13427734375,-0.08544921875,0.01220703125,-0.7568359375,-0.01220703125,-1.52587890625,-0.1953125,-1.0986328125,-0.1953125,0.1953125,-0.1220703125,0.28076171875,-0.20751953125,-0.03662109375,-0.06103515625,-0.06103515625,-0.0732421875,0.18310546875,-0.0732421875,-0.5859375,-0.1708984375,0.30517578125,0.048828125,-1.15966796875,-0.06103515625,-1.0498046875
1,0.01220703125,-0.18310546875,-0.2197265625,-0.18310546875,0.1220703125,-0.0732421875,-0.35400390625,0.0732421875,0.1220703125,-0.146484375,0,-0.93994140625,-0.048828125,1.025390625,-0.2197265625,-0.1220703125,0,-0.59814453125,-0.0732421875,-0.1708984375,0,0.86669921875,0.2197265625,-0.5615234375,0.03662109375,-0.1953125,0.20751953125,-0.86669921875,0.09765625,0.78125,-0.01220703125,-0.1708984375,-0.1220703125,0.35400390625,0.4150390625,-0.15869140625,0.23193359375,0.10986328125,-0.01220703125,0.09765625,-0.1708984375,-0.3173828125,0.09765625,-0.439453125,0.06103515625,-0.4150390625,-0.2197265625,0.537109375,0.048828125,2.20947265625,0.146484375,3.64990234375,-0.18310546875,0.3173828125,0.3662109375,1.5380859375,0.1953125,0.72021484375,-0.45166015625,0.52490234375,0.0244140625,0.8056640625,0.01220703125,0.18310546875,0.15869140625,3.72314453125,0.01220703125,3.3935546875,0.32958984375,4.5166015625,-0.03662109375,2.5390625,0.06103515625,1.67236328125,0.25634765625,2.03857421875,0.25634765625,0.927734375,-0.048828125,2.4658203125,0.048828125,-1.26953125,0.048828125,-0.4638671875,0,-1.06201171875,-0.08544921875,-0.91552734375,0.03662109375,-1.62353515625,0.01220703125,-0.4150390625,-0.2197265625,-0.5126953125,-0.1953125,-2.099609375,-0.1953125,-0.67138671875,0.08544921875,-0.64697265625,-0.0244140625,-0.5859375,-0.1220703125,-0.0732421875,0.03662109375,-0.74462890625,-0.0244140625,-1.5380859375,-0.18310546875,-1.08642578125,-0.1953125,0.20751953125,-0.13427734375,0.29296875,-0.20751953125,-0.03662109375,-0.0732421875,-0.048828125,-0.06103515625,0.1708984375,-0.06103515625,-0.50048828125,-0.1708984375,0.341796875,0.08544921875,-0.98876953125,-0.0732421875,-1.0009765625
1,-0.01220703125,-0.35400390625,-0.25634765625,-0.23193359375,0.09765625,-0.10986328125,-0.37841796875,0.0244140625,0.10986328125,-0.146484375,0,-0.927734375,-0.01220703125,1.01318359375,-0.20751953125,-0.13427734375,0.01220703125,-0.5859375,-0.09765625,-0.1708984375,-0.0244140625,0.8544921875,0.1953125,-0.57373046875,0.06103515625,-0.18310546875,0.146484375,-0.86669921875,0.18310546875,0.78125,-0.03662109375,-0.15869140625,-0.0732421875,0.32958984375,0.40283203125,-0.244140625,0.18310546875,-0.10986328125,0.01220703125,0.048828125,-0.048828125,-0.32958984375,0.09765625,-0.439453125,0.03662109375,-0.439453125,-0.28076171875,0.54931640625,0.048828125,2.50244140625,0.18310546875,4.33349609375,-0.2197265625,0.5126953125,0.32958984375,1.7578125,0.2197265625,0.732421875,-0.50048828125,0.52490234375,0.03662109375,0.79345703125,0.15869140625,0.1953125,0.15869140625,4.26025390625,0.08544921875,3.7841796875,0.244140625,5.126953125,0,2.9052734375,0.15869140625,2.57568359375,0.23193359375,2.3681640625,0.23193359375,1.33056640625,0,2.86865234375,0.09765625,-1.28173828125,0.09765625,-0.5126953125,-0.01220703125,-1.0986328125,-0.1220703125,-0.93994140625,0.13427734375,-1.66015625,0.0244140625,-0.45166015625,-0.1220703125,-0.52490234375,-0.18310546875,-2.2705078125,-0.20751953125,-0.68359375,0.09765625,-0.634765625,-0.08544921875,-0.6103515625,-0.08544921875,-0.06103515625,0.06103515625,-0.732421875,-0.03662109375,-1.55029296875,-0.1953125,-1.07421875,-0.1708984375,0.2197265625,-0.1708984375,0.29296875,-0.1708984375,-0.03662109375,-0.0732421875,-0.048828125,-0.0732421875,0.1953125,-0.048828125,-0.3173828125,-0.1708984375,0.47607421875,0.0732421875,-0.57373046875,-0.06103515625,-0.86669921875
0,-0.03662109375,-0.52490234375,-0.25634765625,-0.30517578125,0.13427734375,-0.1708984375,-0.341796875,-0.0732421875,0.1220703125,-0.146484375,0.01220703125,-0.9765625,-0.048828125,1.01318359375,-0.25634765625,-0.18310546875,0.0244140625,-0.59814453125,-0.10986328125,-0.1708984375,-0.0244140625,0.8544921875,0.15869140625,-0.5615234375,0.08544921875,-0.1953125,0.1220703125,-0.8544921875,0.23193359375,0.7568359375,-0.048828125,-0.1708984375,0.01220703125,0.5615234375,0.45166015625,-0.1220703125,0.28076171875,0.08544921875,0.0732421875,0.2685546875,0.06103515625,-0.30517578125,0.13427734375,-0.4150390625,-0.08544921875,-0.45166015625,-0.35400390625,0.537109375,0.03662109375,2.79541015625,0.2197265625,4.98046875,-0.18310546875,0.72021484375,0.341796875,1.953125,0.20751953125,0.74462890625,-0.45166015625,0.537109375,0.09765625,0.78125,0.1953125,0.1708984375,0.0732421875,4.65087890625,0.146484375,4.0771484375,0.18310546875,5.62744140625,-0.01220703125,3.18603515625,0.0732421875,3.8330078125,0.1708984375,2.8564453125,0.13427734375,1.89208984375,0.0244140625,3.45458984375,0.08544921875,-1.2939453125,0.0732421875,-0.57373046875,0.01220703125,-1.1474609375,-0.13427734375,-0.9765625,0.18310546875,-1.67236328125,0.048828125,-0.4638671875,-0.03662109375,-0.537109375,-0.13427734375,-2.3193359375,-0.244140625,-0.7080078125,0.10986328125,-0.6103515625,-0.146484375,-0.634765625,-0.08544921875,-0.048828125,0.08544921875,-0.732421875,-0.06103515625,-1.5380859375,-0.2197265625,-1.08642578125,-0.1220703125,0.1953125,-0.18310546875,0.32958984375,-0.1708984375,-0.048828125,-0.06103515625,-0.03662109375,-0.0732421875,0.1953125,-0.06103515625,-0.06103515625,-0.1953125,0.6591796875,0.06103515625,0.08544921875,-0.10986328125,-0.64697265625
0,-0.03662109375,-0.634765625,-0.23193359375,-0.37841796875,0.18310546875,-0.20751953125,-0.29296875,-0.146484375,0.1220703125,-0.10986328125,-0.01220703125,-0.9765625,-0.06103515625,1.03759765625,-0.20751953125,-0.2197265625,0.01220703125,-0.6103515625,-0.1220703125,-0.1708984375,-0.048828125,0.84228515625,0.08544921875,-0.57373046875,0.1220703125,-0.1953125,0.0732421875,-0.86669921875,0.23193359375,0.732421875,-0.01220703125,-0.15869140625,0.08544921875,1.03759765625,0.40283203125,0.244140625,0.28076171875,0.67138671875,0.1220703125,0.7080078125,0.146484375,-0.2685546875,0.1708984375,-0.4150390625,-0.1708984375,-0.4638671875,-0.40283203125,0.52490234375,0.0244140625,3.0517578125,0.1220703125,5.517578125,-0.18310546875,0.91552734375,0.25634765625,2.1240234375,0.1708984375,0.732421875,-0.42724609375,0.54931640625,0.0244140625,0.7568359375,0.28076171875,0.1708984375,0.03662109375,4.9072265625,0.23193359375,4.26025390625,0.2685546875,5.9814453125,-0.01220703125,3.3447265625,0.09765625,5.37109375,0.1708984375,3.41796875,0.06103515625,2.5634765625,0.06103515625,4.21142578125,0.09765625,-1.318359375,0.048828125,-0.67138671875,0.048828125,-1.171875,-0.13427734375,-0.98876953125,0.23193359375,-1.6845703125,0.0244140625,-0.47607421875,0.048828125,-0.54931640625,-0.03662109375,-2.18505859375,-0.25634765625,-0.7080078125,0.1220703125,-0.6103515625,-0.15869140625,-0.67138671875,-0.03662109375,-0.06103515625,0.1220703125,-0.7568359375,-0.10986328125,-1.52587890625,-0.20751953125,-1.0986328125,-0.09765625,0.1953125,-0.1953125,0.30517578125,-0.18310546875,-0.048828125,-0.06103515625,-0.0244140625,-0.09765625,0.18310546875,-0.08544921875,0.244140625,-0.1708984375,0.86669921875,0.06103515625,0.9033203125,-0.13427734375,-0.341796875
0,-0.09765625,-0.7080078125,-0.2685546875,-0.37841796875,0.1953125,-0.23193359375,-0.2685546875,-0.13427734375,0.1220703125,-0.048828125,-0.01220703125,-0.9765625,-0.048828125,1.06201171875,-0.18310546875,-0.2197265625,0,-0.6103515625,-0.15869140625,-0.18310546875,-0.08544921875,0.8544921875,0.09765625,-0.5859375,0.0732421875,-0.20751953125,0.06103515625,-0.89111328125,0.244140625,0.7080078125,0.0244140625,-0.146484375,0.18310546875,1.7333984375,0.4150390625,0.81787109375,0.28076171875,1.6357421875,0.23193359375,1.37939453125,0.1953125,-0.28076171875,0.25634765625,-0.439453125,-0.25634765625,-0.48828125,-0.4150390625,0.537109375,0.06103515625,3.18603515625,0.1220703125,5.94482421875,-0.1708984375,1.07421875,0.1953125,2.24609375,0.0732421875,0.732421875,-0.390625,0.5615234375,0.1220703125,0.69580078125,0.35400390625,0.18310546875,0,4.99267578125,0.25634765625,4.33349609375,0.37841796875,6.16455078125,-0.01220703125,3.3935546875,0,6.99462890625,0.15869140625,4.04052734375,-0.01220703125,3.28369140625,0.048828125,5.01708984375,0.048828125,-1.3427734375,-0.03662109375,-0.7568359375,0.01220703125,-1.171875,-0.15869140625,-0.98876953125,0.2197265625,-1.67236328125,0,-0.439453125,0.146484375,-0.50048828125,0.048828125,-1.9775390625,-0.28076171875,-0.72021484375,0.15869140625,-0.634765625,-0.146484375,-0.6591796875,0,-0.06103515625,0.13427734375,-0.76904296875,-0.146484375,-1.52587890625,-0.15869140625,-1.08642578125,-0.0732421875,0.20751953125,-0.15869140625,0.29296875,-0.20751953125,-0.06103515625,-0.06103515625,-0.03662109375,-0.08544921875,0.15869140625,-0.08544921875,0.57373046875,-0.15869140625,1.08642578125,-0.01220703125,1.7578125,-0.13427734375,-0.01220703125
0,-0.09765625,-0.72021484375,-0.244140625,-0.35400390625,0.23193359375,-0.244140625,-0.2685546875,-0.10986328125,0.10986328125,-0.048828125,-0.0244140625,-0.98876953125,-0.06103515625,1.0498046875,-0.18310546875,-0.23193359375,0,-0.64697265625,-0.1220703125,-0.1708984375,-0.1220703125,0.8544921875,0.13427734375,-0.5859375,0.08544921875,-0.2197265625,0.048828125,-0.87890625,0.2197265625,0.69580078125,0.06103515625,-0.13427734375,0.20751953125,2.62451171875,0.35400390625,1.5625,0.1708984375,2.9052734375,0.25634765625,2.1728515625,0.1953125,-0.244140625,0.3173828125,-0.50048828125,-0.40283203125,-0.48828125,-0.439453125,0.54931640625,0.0244140625,3.25927734375,0.13427734375,6.18896484375,-0.2197265625,1.171875,0.146484375,2.30712890625,0.01220703125,0.7568359375,-0.341796875,0.5615234375,0.09765625,0.62255859375,0.4150390625,0.1708984375,-0.03662109375,4.94384765625,0.2685546875,4.248046875,0.37841796875,6.18896484375,-0.06103515625,3.35693359375,-0.0244140625,8.59375,0.10986328125,4.65087890625,-0.048828125,3.99169921875,-0.01220703125,5.84716796875,0.01220703125,-1.33056640625,-0.09765625,-0.81787109375,0.0244140625,-1.1474609375,-0.13427734375,-0.9765625,0.1953125,-1.6357421875,-0.01220703125,-0.390625,0.23193359375,-0.48828125,0.146484375,-1.6845703125,-0.29296875,-0.69580078125,0.1708984375,-0.634765625,-0.1220703125,-0.67138671875,0.03662109375,-0.08544921875,0.1220703125,-0.78125,-0.13427734375,-1.55029296875,-0.13427734375,-1.08642578125,-0.06103515625,0.1953125,-0.13427734375,0.30517578125,-0.1953125,-0.03662109375,-0.0732421875,-0.048828125,-0.10986328125,0.146484375,-0.08544921875,0.86669921875,-0.146484375,1.30615234375,-0.03662109375,2.64892578125,-0.146484375,0.341796875
0,-0.09765625,-0.59814453125,-0.244140625,-0.25634765625,0.28076171875,-0.23193359375,-0.2197265625,-0.01220703125,0.09765625,-0.03662109375,-0.03662109375,-0.98876953125,-0.048828125,1.03759765625,-0.1220703125,-0.20751953125,-0.03662109375,-0.634765625,-0.08544921875,-0.20751953125,-0.1708984375,0.84228515625,0.1708984375,-0.57373046875,0.01220703125,-0.2197265625,0.03662109375,-0.87890625,0.2197265625,0.72021484375,0.06103515625,-0.1220703125,0.18310546875,3.60107421875,0.3173828125,2.392578125,0.06103515625,4.345703125,0.29296875,3.0517578125,0.1220703125,-0.244140625,0.439453125,-0.537109375,-0.5126953125,-0.47607421875,-0.45166015625,0.54931640625,0.0244140625,3.2470703125,0.25634765625,6.3232421875,-0.341796875,1.220703125,0.10986328125,2.33154296875,-0.048828125,0.72021484375,-0.30517578125,0.57373046875,0.03662109375,0.5615234375,0.5126953125,0.1953125,0.01220703125,4.7607421875,0.28076171875,4.08935546875,0.35400390625,6.0302734375,-0.09765625,3.22265625,0.01220703125,9.97314453125,0.1220703125,5.18798828125,-0.08544921875,4.638671875,-0.1220703125,6.55517578125,-0.0244140625,-1.318359375,-0.20751953125,-0.830078125,0.048828125,-1.1474609375,-0.08544921875,-0.9521484375,0.146484375,-1.5869140625,-0.01220703125,-0.341796875,0.35400390625,-0.45166015625,0.20751953125,-1.42822265625,-0.2685546875,-0.7080078125,0.15869140625,-0.6591796875,-0.1220703125,-0.6591796875,0.06103515625,-0.08544921875,0.1220703125,-0.8056640625,-0.15869140625,-1.5380859375,-0.0732421875,-1.11083984375,-0.0732421875,0.1953125,-0.13427734375,0.29296875,-0.18310546875,-0.06103515625,-0.06103515625,-0.048828125,-0.09765625,0.146484375,-0.0732421875,1.123046875,-0.15869140625,1.513671875,0.0244140625,3.369140625,-0.1708984375,0.64697265625
0,-0.146484375,-0.4150390625,-0.244140625,-0.10986328125,0.29296875,-0.1708984375,-0.25634765625,0.1220703125,0.10986328125,-0.06103515625,-0.06103515625,-0.9521484375,-0.06103515625,1.03759765625,-0.10986328125,-0.15869140625,-0.0732421875,-0.59814453125,-0.048828125,-0.2197265625,-0.20751953125,0.86669921875,0.25634765625,-0.5859375,-0.09765625,-0.2197265625,0.03662109375,-0.86669921875,0.20751953125,0.72021484375,0,-0.15869140625,0.13427734375,4.55322265625,0.29296875,3.2470703125,0,5.810546875,0.30517578125,3.9306640625,0.0244140625,-0.244140625,0.52490234375,-0.6103515625,-0.57373046875,-0.4638671875,-0.4150390625,0.54931640625,-0.0244140625,3.173828125,0.2685546875,6.31103515625,-0.390625,1.20849609375,0.01220703125,2.3193359375,-0.13427734375,0.732421875,-0.29296875,0.5615234375,0.09765625,0.50048828125,0.537109375,0.20751953125,0.0244140625,4.4677734375,0.28076171875,3.857421875,0.341796875,5.72509765625,-0.1220703125,3.0029296875,-0.01220703125,11.02294921875,0.15869140625,5.60302734375,-0.08544921875,5.1025390625,-0.20751953125,7.12890625,-0.0732421875,-1.28173828125,-0.35400390625,-0.8056640625,0.06103515625,-1.11083984375,-0.048828125,-0.927734375,0.048828125,-1.55029296875,-0.01220703125,-0.28076171875,0.45166015625,-0.4150390625,0.2197265625,-1.25732421875,-0.23193359375,-0.69580078125,0.15869140625,-0.68359375,-0.1220703125,-0.634765625,0.0732421875,-0.09765625,0.1220703125,-0.8056640625,-0.15869140625,-1.52587890625,-0.0244140625,-1.08642578125,-0.09765625,0.20751953125,-0.146484375,0.2685546875,-0.1953125,-0.048828125,-0.0732421875,-0.0244140625,-0.08544921875,0.1220703125,-0.10986328125,1.2939453125,-0.13427734375,1.6845703125,0,3.94287109375,-0.15869140625,0.89111328125
0,-0.15869140625,-0.23193359375,-0.244140625,0.06103515625,0.32958984375,-0.10986328125,-0.2685546875,0.29296875,0.13427734375,-0.10986328125,-0.06103515625,-0.93994140625,-0.048828125,1.03759765625,-0.08544921875,-0.13427734375,-0.10986328125,-0.5859375,-0.01220703125,-0.1953125,-0.23193359375,0.86669921875,0.28076171875,-0.5615234375,-0.15869140625,-0.2197265625,0.03662109375,-0.87890625,0.1708984375,0.732421875,-0.06103515625,-0.1708984375,0.06103515625,5.419921875,0.2685546875,4.00390625,-0.08544921875,7.14111328125,0.28076171875,4.7119140625,-0.09765625,-0.23193359375,0.5859375,-0.67138671875,-0.6103515625,-0.45166015625,-0.439453125,0.57373046875,-0.0732421875,3.076171875,0.25634765625,6.16455078125,-0.42724609375,1.13525390625,-0.048828125,2.25830078125,-0.13427734375,0.7080078125,-0.30517578125,0.5615234375,0.0244140625,0.48828125,0.5859375,0.2197265625,0.08544921875,4.11376953125,0.244140625,3.57666015625,0.30517578125,5.322265625,-0.10986328125,2.77099609375,0.03662109375,11.62109375,0.15869140625,5.859375,-0.0732421875,5.35888671875,-0.35400390625,7.48291015625,-0.06103515625,-1.26953125,-0.439453125,-0.78125,0.06103515625,-1.08642578125,-0.0244140625,-0.91552734375,-0.03662109375,-1.50146484375,-0.01220703125,-0.2685546875,0.57373046875,-0.40283203125,0.1953125,-1.1962890625,-0.20751953125,-0.68359375,0.13427734375,-0.69580078125,-0.10986328125,-0.62255859375,0.048828125,-0.08544921875,0.09765625,-0.81787109375,-0.13427734375,-1.513671875,0,-1.08642578125,-0.1220703125,0.18310546875,-0.13427734375,0.2685546875,-0.18310546875,-0.048828125,-0.0732421875,-0.01220703125,-0.0732421875,0.1220703125,-0.1220703125,1.416015625,-0.1220703125,1.77001953125,-0.0732421875,4.3212890625,-0.18310546875,1.0498046875
0,-0.1708984375,-0.03662109375,-0.25634765625,0.1953125,0.3662109375,-0.048828125,-0.29296875,0.4150390625,0.1220703125,-0.146484375,-0.06103515625,-0.927734375,-0.048828125,1.01318359375,-0.0244140625,-0.10986328125,-0.1220703125,-0.5859375,0.01220703125,-0.20751953125,-0.1953125,0.86669921875,0.29296875,-0.54931640625,-0.23193359375,-0.1953125,0.048828125,-0.86669921875,0.13427734375,0.7568359375,-0.10986328125,-0.1708984375,0.01220703125,6.103515625,0.341796875,4.62646484375,-0.10986328125,8.19091796875,0.30517578125,5.31005859375,-0.1953125,-0.25634765625,0.6103515625,-0.7080078125,-0.634765625,-0.4638671875,-0.4150390625,0.57373046875,-0.09765625,2.9541015625,0.23193359375,5.89599609375,-0.439453125,1.06201171875,-0.15869140625,2.16064453125,-0.15869140625,0.7080078125,-0.3173828125,0.5615234375,-0.01220703125,0.48828125,0.64697265625,0.2197265625,0.10986328125,3.77197265625,0.15869140625,3.3203125,0.30517578125,4.8828125,-0.13427734375,2.5390625,0,11.75537109375,0.10986328125,5.8837890625,-0.08544921875,5.43212890625,-0.4638671875,7.568359375,-0.09765625,-1.23291015625,-0.47607421875,-0.6591796875,0.048828125,-1.0498046875,-0.08544921875,-0.9033203125,-0.10986328125,-1.513671875,-0.0244140625,-0.25634765625,0.59814453125,-0.40283203125,0.13427734375,-1.2451171875,-0.1708984375,-0.67138671875,0.06103515625,-0.7080078125,-0.09765625,-0.6103515625,-0.01220703125,-0.09765625,0.09765625,-0.8056640625,-0.13427734375,-1.47705078125,0,-1.08642578125,-0.1708984375,0.20751953125,-0.09765625,0.29296875,-0.1953125,-0.06103515625,-0.0732421875,-0.01220703125,-0.06103515625,0.1220703125,-0.1220703125,1.42822265625,-0.13427734375,1.8310546875,-0.13427734375,4.45556640625,-0.1708984375,1.123046875
0,-0.18310546875,0.10986328125,-0.23193359375,0.3173828125,0.40283203125,0.01220703125,-0.29296875,0.50048828125,0.13427734375,-0.15869140625,-0.08544921875,-0.91552734375,-0.03662109375,1.01318359375,-0.048828125,-0.09765625,-0.13427734375,-0.5859375,0.01220703125,-0.20751953125,-0.13427734375,0.84228515625,0.28076171875,-0.54931640625,-0.29296875,-0.1953125,0.0732421875,-0.86669921875,0.08544921875,0.7568359375,-0.13427734375,-0.1708984375,-0.10986328125,6.48193359375,0.32958984375,5.029296875,-0.244140625,8.9111328125,0.244140625,5.712890625,-0.23193359375,-0.25634765625,0.50048828125,-0.7568359375,-0.59814453125,-0.4638671875,-0.45166015625,0.5859375,-0.0732421875,2.8076171875,0.1953125,5.62744140625,-0.42724609375,0.96435546875,-0.1953125,2.0751953125,-0.15869140625,0.72021484375,-0.341796875,0.57373046875,-0.06103515625,0.54931640625,0.69580078125,0.2197265625,0.10986328125,3.41796875,0.08544921875,3.076171875,0.30517578125,4.47998046875,-0.0732421875,2.30712890625,-0.048828125,11.42578125,0.03662109375,5.76171875,-0.048828125,5.2734375,-0.47607421875,7.421875,-0.10986328125,-1.1962890625,-0.47607421875,-0.5859375,0,-1.01318359375,-0.146484375,-0.8544921875,-0.13427734375,-1.513671875,-0.03662109375,-0.244140625,0.634765625,-0.42724609375,0.048828125,-1.40380859375,-0.1953125,-0.6591796875,-0.0244140625,-0.69580078125,-0.09765625,-0.6103515625,-0.09765625,-0.10986328125,0.06103515625,-0.79345703125,-0.0732421875,-1.50146484375,-0.01220703125,-1.08642578125,-0.2197265625,0.2197265625,-0.10986328125,0.28076171875,-0.20751953125,-0.06103515625,-0.06103515625,0,-0.03662109375,0.146484375,-0.1220703125,1.3916015625,-0.1220703125,1.81884765625,-0.13427734375,4.345703125,-0.18310546875,1.08642578125
0,-0.1953125,0.15869140625,-0.244140625,0.35400390625,0.37841796875,0.048828125,-0.3173828125,0.52490234375,0.13427734375,-0.18310546875,-0.09765625,-0.927734375,0.01220703125,1.0009765625,-0.06103515625,-0.10986328125,-0.10986328125,-0.5859375,0.01220703125,-0.2197265625,-0.03662109375,0.84228515625,0.23193359375,-0.537109375,-0.29296875,-0.18310546875,0.08544921875,-0.86669921875,-0.0244140625,0.79345703125,-0.10986328125,-0.1708984375,-0.18310546875,6.591796875,0.35400390625,5.13916015625,-0.30517578125,9.1796875,0.1708984375,5.82275390625,-0.29296875,-0.29296875,0.341796875,-0.7568359375,-0.57373046875,-0.45166015625,-0.40283203125,0.59814453125,-0.06103515625,2.7099609375,0.18310546875,5.31005859375,-0.390625,0.830078125,-0.18310546875,1.98974609375,-0.13427734375,0.72021484375,-0.35400390625,0.54931640625,-0.1708984375,0.6103515625,0.78125,0.23193359375,0.1708984375,3.1494140625,0.0244140625,2.880859375,0.146484375,4.11376953125,-0.03662109375,2.1484375,-0.09765625,10.70556640625,0.0244140625,5.43212890625,-0.03662109375,4.91943359375,-0.439453125,7.01904296875,-0.09765625,-1.171875,-0.40283203125,-0.48828125,-0.03662109375,-1.025390625,-0.15869140625,-0.830078125,-0.146484375,-1.5380859375,-0.03662109375,-0.2685546875,0.59814453125,-0.439453125,-0.0244140625,-1.6357421875,-0.23193359375,-0.64697265625,-0.09765625,-0.69580078125,-0.06103515625,-0.62255859375,-0.146484375,-0.09765625,0.0244140625,-0.7568359375,0.01220703125,-1.4892578125,-0.03662109375,-1.08642578125,-0.244140625,0.20751953125,-0.09765625,0.29296875,-0.18310546875,-0.06103515625,-0.0732421875,0,-0.048828125,0.15869140625,-0.13427734375,1.26953125,-0.1220703125,1.72119140625,-0.1708984375,4.052734375,-0.18310546875,0.9765625
0,-0.2197265625,0.10986328125,-0.23193359375,0.341796875,0.40283203125,0.0732421875,-0.28076171875,0.50048828125,0.13427734375,-0.15869140625,-0.09765625,-0.9033203125,0.0244140625,1.025390625,-0.0732421875,-0.10986328125,-0.06103515625,-0.57373046875,-0.01220703125,-0.2197265625,0.0244140625,0.84228515625,0.2197265625,-0.54931640625,-0.3173828125,-0.18310546875,0.1220703125,-0.86669921875,-0.15869140625,0.76904296875,-0.1220703125,-0.15869140625,-0.25634765625,6.396484375,0.341796875,5.04150390625,-0.341796875,9.0087890625,0.06103515625,5.67626953125,-0.35400390625,-0.28076171875,0.1953125,-0.74462890625,-0.52490234375,-0.4638671875,-0.390625,0.6103515625,-0.048828125,2.6611328125,0.244140625,5.0048828125,-0.37841796875,0.76904296875,-0.23193359375,1.904296875,-0.10986328125,0.74462890625,-0.42724609375,0.52490234375,-0.1953125,0.69580078125,0.84228515625,0.2197265625,0.20751953125,2.9541015625,-0.01220703125,2.77099609375,-0.01220703125,3.86962890625,-0.01220703125,2.0263671875,-0.23193359375,9.63134765625,0.01220703125,4.9560546875,-0.0244140625,4.43115234375,-0.3173828125,6.4453125,-0.146484375,-1.13525390625,-0.32958984375,-0.37841796875,-0.13427734375,-1.0498046875,-0.20751953125,-0.81787109375,-0.146484375,-1.57470703125,-0.0732421875,-0.30517578125,0.52490234375,-0.4638671875,-0.03662109375,-1.84326171875,-0.244140625,-0.6591796875,-0.13427734375,-0.68359375,-0.0732421875,-0.634765625,-0.15869140625,-0.0732421875,0.0732421875,-0.72021484375,0.09765625,-1.4892578125,-0.06103515625,-1.08642578125,-0.2685546875,0.1953125,-0.09765625,0.30517578125,-0.146484375,-0.08544921875,-0.0732421875,0.0244140625,-0.03662109375,0.15869140625,-0.1220703125,1.0986328125,-0.13427734375,1.5869140625,-0.1708984375,3.5888671875,-0.18310546875,0.78125
0,-0.20751953125,-0.03662109375,-0.23193359375,0.2685546875,0.40283203125,0.048828125,-0.25634765625,0.439453125,0.13427734375,-0.15869140625,-0.1220703125,-0.927734375,0.03662109375,1.0009765625,-0.0732421875,-0.1220703125,0,-0.57373046875,-0.03662109375,-0.23193359375,0.08544921875,0.8544921875,0.1953125,-0.5615234375,-0.341796875,-0.18310546875,0.13427734375,-0.86669921875,-0.23193359375,0.79345703125,-0.09765625,-0.146484375,-0.25634765625,5.95703125,0.29296875,4.67529296875,-0.3173828125,8.4716796875,0.01220703125,5.28564453125,-0.32958984375,-0.29296875,0.1220703125,-0.74462890625,-0.4638671875,-0.48828125,-0.4638671875,0.59814453125,0,2.62451171875,0.20751953125,4.78515625,-0.37841796875,0.72021484375,-0.20751953125,1.85546875,-0.0244140625,0.7568359375,-0.37841796875,0.54931640625,-0.32958984375,0.81787109375,0.86669921875,0.2197265625,0.28076171875,2.84423828125,-0.10986328125,2.7099609375,-0.15869140625,3.69873046875,-0.048828125,1.96533203125,-0.25634765625,8.33740234375,-0.048828125,4.39453125,0,3.8330078125,-0.15869140625,5.74951171875,-0.13427734375,-1.123046875,-0.18310546875,-0.32958984375,-0.2685546875,-1.07421875,-0.18310546875,-0.81787109375,-0.10986328125,-1.611328125,-0.0244140625,-0.35400390625,0.4150390625,-0.47607421875,-0.01220703125,-1.9775390625,-0.25634765625,-0.67138671875,-0.15869140625,-0.6591796875,-0.10986328125,-0.6591796875,-0.18310546875,-0.0732421875,0.0732421875,-0.732421875,0.1708984375,-1.50146484375,-0.09765625,-1.11083984375,-0.25634765625,0.1953125,-0.09765625,0.29296875,-0.09765625,-0.0732421875,-0.0732421875,0.01220703125,0,0.15869140625,-0.10986328125,0.91552734375,-0.1220703125,1.37939453125,-0.1953125,3.02734375,-0.1953125,0.537109375
0,-0.2197265625,-0.244140625,-0.2197265625,0.1220703125,0.4150390625,-0.01220703125,-0.2685546875,0.3173828125,0.146484375,-0.13427734375,-0.13427734375,-0.93994140625,0.048828125,1.0009765625,-0.048828125,-0.146484375,0.03662109375,-0.5859375,-0.0732421875,-0.2197265625,0.06103515625,0.86669921875,0.18310546875,-0.5615234375,-0.341796875,-0.18310546875,0.1708984375,-0.8544921875,-0.29296875,0.78125,-0.10986328125,-0.146484375,-0.20751953125,5.322265625,0.23193359375,4.1015625,-0.2685546875,7.6171875,-0.06103515625,4.6875,-0.341796875,-0.28076171875,0.146484375,-0.69580078125,-0.42724609375,-0.4638671875,-0.50048828125,0.59814453125,0.08544921875,2.60009765625,0.13427734375,4.60205078125,-0.35400390625,0.69580078125,-0.13427734375,1.81884765625,-0.0244140625,0.76904296875,-0.4150390625,0.54931640625,-0.2685546875,0.927734375,0.9033203125,0.20751953125,0.3173828125,2.79541015625,-0.18310546875,2.7099609375,-0.244140625,3.64990234375,-0.09765625,1.953125,-0.30517578125,6.884765625,-0.048828125,3.7353515625,0,3.13720703125,-0.01220703125,4.931640625,-0.13427734375,-1.06201171875,-0.0244140625,-0.28076171875,-0.4150390625,-1.08642578125,-0.13427734375,-0.8056640625,-0.0732421875,-1.6357421875,0,-0.390625,0.28076171875,-0.47607421875,0.01220703125,-2.03857421875,-0.25634765625,-0.68359375,-0.1708984375,-0.6591796875,-0.10986328125,-0.67138671875,-0.13427734375,-0.0732421875,0.1220703125,-0.72021484375,0.25634765625,-1.50146484375,-0.146484375,-1.08642578125,-0.25634765625,0.1953125,-0.08544921875,0.3173828125,-0.048828125,-0.048828125,-0.06103515625,0.03662109375,0,0.1708984375,-0.1220703125,0.74462890625,-0.08544921875,1.1962890625,-0.2197265625,2.392578125,-0.2197265625,0.25634765625
1,-0.2197265625,-0.439453125,-0.20751953125,-0.0244140625,0.439453125,-0.0732421875,-0.244140625,0.1708984375,0.1220703125,-0.09765625,-0.15869140625,-0.93994140625,0.01220703125,1.01318359375,-0.06103515625,-0.15869140625,0.03662109375,-0.57373046875,-0.06103515625,-0.20751953125,0.0244140625,0.830078125,0.13427734375,-0.57373046875,-0.35400390625,-0.18310546875,0.2197265625,-0.87890625,-0.341796875,0.76904296875,-0.09765625,-0.146484375,-0.146484375,4.541015625,0.1708984375,3.40576171875,-0.1953125,6.57958984375,-0.08544921875,4.00390625,-0.28076171875,-0.28076171875,0.1708984375,-0.67138671875,-0.37841796875,-0.50048828125,-0.5615234375,0.5859375,0.18310546875,2.57568359375,0.0732421875,4.50439453125,-0.29296875,0.68359375,-0.13427734375,1.806640625,-0.08544921875,0.78125,-0.37841796875,0.5615234375,-0.32958984375,1.025390625,0.8056640625,0.1953125,0.25634765625,2.8076171875,-0.23193359375,2.72216796875,-0.28076171875,3.62548828125,-0.18310546875,1.96533203125,-0.30517578125,5.3955078125,-0.0732421875,3.06396484375,0.01220703125,2.42919921875,0.09765625,4.1015625,-0.09765625,-1.03759765625,0.10986328125,-0.244140625,-0.52490234375,-1.0986328125,-0.06103515625,-0.79345703125,-0.0244140625,-1.6357421875,0.03662109375,-0.40283203125,0.146484375,-0.48828125,0.0732421875,-1.96533203125,-0.2685546875,-0.68359375,-0.15869140625,-0.6591796875,-0.06103515625,-0.68359375,-0.09765625,-0.08544921875,0.20751953125,-0.732421875,0.3173828125,-1.513671875,-0.15869140625,-1.0986328125,-0.244140625,0.2197265625,-0.048828125,0.30517578125,-0.03662109375,-0.06103515625,-0.0732421875,0.03662109375,0.01220703125,0.146484375,-0.13427734375,0.5126953125,-0.09765625,1.0009765625,-0.23193359375,1.74560546875,-0.244140625,-0.01220703125
1,-0.1953125,-0.59814453125,-0.20751953125,-0.1708984375,0.45166015625,-0.13427734375,-0.20751953125,0.08544921875,0.10986328125,-0.10986328125,-0.1953125,-0.927734375,0.01220703125,1.025390625,-0.06103515625,-0.1708984375,0.03662109375,-0.6103515625,-0.06103515625,-0.20751953125,-0.08544921875,0.84228515625,0.0732421875,-0.5615234375,-0.341796875,-0.1953125,0.2685546875,-0.86669921875,-0.341796875,0.74462890625,-0.10986328125,-0.146484375,-0.0732421875,3.6865234375,0.08544921875,2.6611328125,-0.08544921875,5.40771484375,-0.1220703125,3.21044921875,-0.2685546875,-0.25634765625,0.25634765625,-0.634765625,-0.341796875,-0.5126953125,-0.72021484375,0.59814453125,0.29296875,2.5634765625,0.0244140625,4.43115234375,-0.25634765625,0.7080078125,-0.03662109375,1.79443359375,-0.09765625,0.79345703125,-0.40283203125,0.54931640625,-0.439453125,1.08642578125,0.78125,0.1953125,0.29296875,2.8076171875,-0.25634765625,2.734375,-0.1708984375,3.61328125,-0.23193359375,1.953125,-0.2197265625,3.9306640625,0,2.42919921875,0.0732421875,1.708984375,0.15869140625,3.28369140625,-0.06103515625,-1.03759765625,0.2197265625,-0.2685546875,-0.6591796875,-1.123046875,0,-0.79345703125,0.01220703125,-1.66015625,0.048828125,-0.40283203125,0.0244140625,-0.48828125,0.0732421875,-1.84326171875,-0.28076171875,-0.7080078125,-0.09765625,-0.64697265625,-0.0244140625,-0.67138671875,-0.03662109375,-0.06103515625,0.2197265625,-0.72021484375,0.35400390625,-1.513671875,-0.15869140625,-1.0986328125,-0.244140625,0.20751953125,-0.03662109375,0.32958984375,0,-0.048828125,-0.0732421875,0.0732421875,0.01220703125,0.146484375,-0.13427734375,0.28076171875,-0.09765625,0.81787109375,-0.20751953125,1.171875,-0.244140625,-0.28076171875
1,-0.244140625,-0.68359375,-0.20751953125,-0.28076171875,0.42724609375,-0.1953125,-0.18310546875,-0.01220703125,0.1220703125,-0.0732421875,-0.2197265625,-0.93994140625,0,1.03759765625,-0.06103515625,-0.18310546875,0.048828125,-0.59814453125,-0.048828125,-0.244140625,-0.18310546875,0.84228515625,0.01220703125,-0.5859375,-0.30517578125,-0.20751953125,0.25634765625,-0.86669921875,-0.3173828125,0.7568359375,-0.15869140625,-0.13427734375,-0.0732421875,2.86865234375,-0.01220703125,1.8798828125,0.01220703125,4.28466796875,-0.08544921875,2.42919921875,-0.23193359375,-0.23193359375,0.32958984375,-0.59814453125,-0.35400390625,-0.48828125,-0.7080078125,0.5859375,0.32958984375,2.52685546875,-0.0244140625,4.38232421875,-0.18310546875,0.72021484375,0.0244140625,1.7822265625,-0.1220703125,0.78125,-0.390625,0.54931640625,-0.37841796875,1.123046875,0.732421875,0.1953125,0.25634765625,2.74658203125,-0.29296875,2.685546875,-0.10986328125,3.4912109375,-0.37841796875,1.89208984375,-0.18310546875,2.57568359375,0.01220703125,1.84326171875,0.1708984375,1.0498046875,0.15869140625,2.52685546875,0,-1.0498046875,0.29296875,-0.30517578125,-0.72021484375,-1.11083984375,-0.0244140625,-0.8056640625,0.048828125,-1.62353515625,0.03662109375,-0.40283203125,-0.06103515625,-0.47607421875,0.048828125,-1.66015625,-0.2685546875,-0.68359375,-0.09765625,-0.64697265625,0.048828125,-0.67138671875,-0.01220703125,-0.0732421875,0.25634765625,-0.74462890625,0.3662109375,-1.50146484375,-0.13427734375,-1.0986328125,-0.244140625,0.20751953125,-0.0244140625,0.30517578125,0.0244140625,-0.03662109375,-0.048828125,0.03662109375,0.01220703125,0.10986328125,-0.13427734375,0.048828125,-0.08544921875,0.59814453125,-0.20751953125,0.54931640625,-0.25634765625,-0.54931640625
1,-0.25634765625,-0.69580078125,-0.15869140625,-0.341796875,0.48828125,-0.2197265625,-0.1220703125,-0.01220703125,0.146484375,-0.06103515625,-0.244140625,-0.9521484375,-0.01220703125,1.0498046875,-0.0732421875,-0.18310546875,0.03662109375,-0.59814453125,-0.048828125,-0.244140625,-0.28076171875,0.84228515625,-0.0244140625,-0.5615234375,-0.3173828125,-0.23193359375,0.25634765625,-0.86669921875,-0.25634765625,0.7568359375,-0.15869140625,-0.146484375,-0.0732421875,2.1240234375,-0.03662109375,1.171875,0.10986328125,3.2470703125,-0.0244140625,1.69677734375,-0.15869140625,-0.2197265625,0.439453125,-0.6103515625,-0.390625,-0.4638671875,-0.830078125,0.5859375,0.3173828125,2.4658203125,0.03662109375,4.2724609375,-0.15869140625,0.7080078125,0.13427734375,1.74560546875,-0.1708984375,0.79345703125,-0.3662109375,0.54931640625,-0.42724609375,1.13525390625,0.62255859375,0.18310546875,0.2197265625,2.62451171875,-0.2685546875,2.587890625,-0.01220703125,3.2958984375,-0.4638671875,1.77001953125,-0.1220703125,1.30615234375,0.03662109375,1.3427734375,0.2685546875,0.47607421875,0.09765625,1.85546875,0,-1.08642578125,0.29296875,-0.3662109375,-0.732421875,-1.11083984375,-0.0732421875,-0.8056640625,0.06103515625,-1.59912109375,-0.01220703125,-0.37841796875,-0.09765625,-0.4638671875,0.01220703125,-1.47705078125,-0.244140625,-0.69580078125,-0.09765625,-0.6591796875,0.08544921875,-0.6591796875,0.0244140625,-0.08544921875,0.20751953125,-0.7568359375,0.341796875,-1.50146484375,-0.10986328125,-1.0986328125,-0.2197265625,0.1953125,-0.0244140625,0.30517578125,0.03662109375,-0.0244140625,-0.0732421875,0.0244140625,0.01220703125,0.13427734375,-0.146484375,-0.10986328125,-0.09765625,0.4638671875,-0.18310546875,0.01220703125,-0.28076171875,-0.7568359375
1,-0.30517578125,-0.634765625,-0.1708984375,-0.32958984375,0.4150390625,-0.23193359375,-0.13427734375,0,0.13427734375,-0.06103515625,-0.2685546875,-0.96435546875,-0.048828125,1.03759765625,-0.06103515625,-0.15869140625,0,-0.5859375,-0.08544921875,-0.23193359375,-0.35400390625,0.86669921875,0.01220703125,-0.57373046875,-0.2685546875,-0.23193359375,0.2197265625,-0.8544921875,-0.18310546875,0.76904296875,-0.146484375,-0.146484375,-0.06103515625,1.47705078125,-0.06103515625,0.57373046875,0.15869140625,2.3193359375,0.06103515625,1.0498046875,-0.146484375,-0.1953125,0.48828125,-0.634765625,-0.42724609375,-0.439453125,-0.927734375,0.5859375,0.35400390625,2.3681640625,0.1220703125,4.08935546875,-0.09765625,0.6591796875,0.244140625,1.708984375,-0.20751953125,0.7568359375,-0.35400390625,0.537109375,-0.35400390625,1.171875,0.6103515625,0.18310546875,0.2197265625,2.40478515625,-0.28076171875,2.40478515625,0.0244140625,2.9296875,-0.50048828125,1.57470703125,-0.13427734375,0.2197265625,0.09765625,0.93994140625,0.341796875,-0.01220703125,0.048828125,1.28173828125,0.0244140625,-1.123046875,0.29296875,-0.439453125,-0.72021484375,-1.11083984375,-0.146484375,-0.830078125,0.06103515625,-1.5625,-0.048828125,-0.32958984375,-0.08544921875,-0.439453125,-0.01220703125,-1.35498046875,-0.2197265625,-0.7080078125,-0.0732421875,-0.67138671875,0.1220703125,-0.64697265625,0.0732421875,-0.08544921875,0.146484375,-0.76904296875,0.32958984375,-1.50146484375,-0.10986328125,-1.0986328125,-0.18310546875,0.1953125,0.0244140625,0.30517578125,0.03662109375,0,-0.06103515625,0,0.03662109375,0.13427734375,-0.13427734375,-0.20751953125,-0.09765625,0.35400390625,-0.1708984375,-0.45166015625,-0.2685546875,-0.9033203125
1,-0.3173828125,-0.50048828125,-0.146484375,-0.2685546875,0.4638671875,-0.25634765625,-0.08544921875,0.09765625,0.146484375,-0.06103515625,-0.30517578125,-0.96435546875,-0.06103515625,1.025390625,-0.06103515625,-0.13427734375,-0.048828125,-0.54931640625,-0.1220703125,-0.2197265625,-0.32958984375,0.86669921875,0.06103515625,-0.5615234375,-0.28076171875,-0.2197265625,0.1708984375,-0.84228515625,-0.146484375,0.76904296875,-0.13427734375,-0.15869140625,-0.0732421875,0.927734375,-0.0244140625,0.0732421875,0.2197265625,1.5625,0.1220703125,0.54931640625,-0.13427734375,-0.18310546875,0.54931640625,-0.6591796875,-0.52490234375,-0.439453125,-0.87890625,0.5859375,0.30517578125,2.2216796875,0.09765625,3.759765625,-0.06103515625,0.5615234375,0.2685546875,1.62353515625,-0.28076171875,0.732421875,-0.390625,0.537109375,-0.341796875,1.1474609375,0.52490234375,0.1708984375,0.1708984375,2.11181640625,-0.28076171875,2.1484375,0.03662109375,2.44140625,-0.5615234375,1.30615234375,-0.20751953125,-0.62255859375,0.09765625,0.62255859375,0.3662109375,-0.40283203125,0,0.830078125,0.0244140625,-1.171875,0.244140625,-0.5126953125,-0.5859375,-1.08642578125,-0.18310546875,-0.86669921875,0.048828125,-1.5380859375,-0.13427734375,-0.32958984375,-0.0732421875,-0.42724609375,0,-1.30615234375,-0.15869140625,-0.7080078125,-0.06103515625,-0.68359375,0.09765625,-0.634765625,0.0732421875,-0.08544921875,0.13427734375,-0.7568359375,0.29296875,-1.50146484375,-0.06103515625,-1.07421875,-0.1953125,0.18310546875,0.03662109375,0.3173828125,0.048828125,-0.01220703125,-0.0732421875,0,0.03662109375,0.13427734375,-0.13427734375,-0.341796875,-0.1220703125,0.30517578125,-0.18310546875,-0.78125,-0.29296875,-1.0009765625
1,-0.3173828125,-0.3662109375,-0.1220703125,-0.20751953125,0.5126953125,-0.2685546875,-0.048828125,0.18310546875,0.146484375,-0.08544921875,-0.29296875,-0.927734375,-0.048828125,1.025390625,-0.03662109375,-0.1220703125,-0.0732421875,-0.5615234375,-0.1708984375,-0.23193359375,-0.244140625,0.86669921875,0.0732421875,-0.57373046875,-0.23193359375,-0.2197265625,0.08544921875,-0.8544921875,-0.10986328125,0.76904296875,-0.1220703125,-0.146484375,-0.06103515625,0.537109375,0,-0.30517578125,0.23193359375,0.96435546875,0.15869140625,0.146484375,-0.09765625,-0.1953125,0.67138671875,-0.69580078125,-0.6591796875,-0.45166015625,-0.96435546875,0.537109375,0.28076171875,2.05078125,0.18310546875,3.3203125,0,0.40283203125,0.29296875,1.46484375,-0.3662109375,0.72021484375,-0.390625,0.54931640625,-0.32958984375,1.123046875,0.439453125,0.15869140625,0.20751953125,1.72119140625,-0.2685546875,1.8798828125,0.0244140625,1.86767578125,-0.5126953125,1.025390625,-0.2197265625,-1.23291015625,0.146484375,0.390625,0.341796875,-0.67138671875,-0.06103515625,0.5126953125,0.01220703125,-1.18408203125,0.20751953125,-0.57373046875,-0.48828125,-1.06201171875,-0.23193359375,-0.89111328125,0,-1.52587890625,-0.244140625,-0.28076171875,-0.08544921875,-0.4150390625,0.01220703125,-1.3427734375,-0.09765625,-0.7080078125,0,-0.68359375,0.0732421875,-0.634765625,0.06103515625,-0.08544921875,0.09765625,-0.76904296875,0.2685546875,-1.513671875,-0.0244140625,-1.0498046875,-0.1953125,0.1953125,0.0244140625,0.3173828125,0.0732421875,0,-0.048828125,-0.0244140625,0.06103515625,0.146484375,-0.13427734375,-0.40283203125,-0.1220703125,0.244140625,-0.1953125,-1.0009765625,-0.29296875,-1.0498046875
1,-0.3662109375,-0.28076171875,-0.146484375,-0.1220703125,0.47607421875,-0.2685546875,-0.0732421875,0.244140625,0.146484375,-0.09765625,-0.3173828125,-0.93994140625,-0.048828125,1.01318359375,-0.03662109375,-0.08544921875,-0.048828125,-0.5615234375,-0.2197265625,-0.2197265625,-0.13427734375,0.89111328125,0.146484375,-0.5615234375,-0.18310546875,-0.20751953125,0.0244140625,-0.830078125,-0.13427734375,0.78125,-0.1708984375,-0.1708984375,-0.0732421875,0.2197265625,0.08544921875,-0.5859375,0.1953125,0.48828125,0.146484375,-0.1708984375,-0.09765625,-0.2197265625,0.67138671875,-0.74462890625,-0.78125,-0.45166015625,-0.91552734375,0.54931640625,0.23193359375,1.89208984375,0.1708984375,2.7587890625,0.0244140625,0.25634765625,0.3173828125,1.33056640625,-0.35400390625,0.732421875,-0.4150390625,0.54931640625,-0.2197265625,1.0986328125,0.3662109375,0.15869140625,0.13427734375,1.37939453125,-0.32958984375,1.59912109375,-0.01220703125,1.2939453125,-0.48828125,0.74462890625,-0.2685546875,-1.5625,0.13427734375,0.2685546875,0.25634765625,-0.84228515625,-0.09765625,0.341796875,0,-1.23291015625,0.146484375,-0.634765625,-0.37841796875,-1.08642578125,-0.244140625,-0.927734375,-0.0244140625,-1.52587890625,-0.3173828125,-0.28076171875,-0.0732421875,-0.439453125,0.0244140625,-1.4892578125,-0.06103515625,-0.7080078125,0.048828125,-0.68359375,0.0244140625,-0.62255859375,0.06103515625,-0.0732421875,0.06103515625,-0.7568359375,0.1953125,-1.4892578125,0,-1.06201171875,-0.244140625,0.1953125,0.048828125,0.32958984375,0.08544921875,0.01220703125,-0.06103515625,-0.01220703125,0.03662109375,0.13427734375,-0.1220703125,-0.42724609375,-0.08544921875,0.2685546875,-0.1953125,-1.11083984375,-0.28076171875,-1.03759765625
1,-0.35400390625,-0.1953125,-0.1220703125,-0.0732421875,0.50048828125,-0.30517578125,-0.0244140625,0.25634765625,0.15869140625,-0.13427734375,-0.3173828125,-0.9521484375,-0.0732421875,0.9765625,-0.0244140625,-0.09765625,-0.0244140625,-0.537109375,-0.2685546875,-0.23193359375,0.048828125,0.86669921875,0.15869140625,-0.5615234375,-0.1220703125,-0.20751953125,-0.0244140625,-0.84228515625,-0.1953125,0.78125,-0.1708984375,-0.15869140625,-0.09765625,-0.03662109375,0.1708984375,-0.76904296875,0.1708984375,0.15869140625,0.18310546875,-0.37841796875,-0.08544921875,-0.2197265625,0.6591796875,-0.7568359375,-0.84228515625,-0.48828125,-0.8544921875,0.54931640625,0.1953125,1.69677734375,0.20751953125,2.1240234375,0.0244140625,0.10986328125,0.3173828125,1.1474609375,-0.390625,0.7080078125,-0.4638671875,0.5859375,-0.29296875,1.025390625,0.29296875,0.15869140625,0.1953125,1.0986328125,-0.244140625,1.37939453125,0,0.81787109375,-0.390625,0.5615234375,-0.37841796875,-1.64794921875,0.08544921875,0.2197265625,0.06103515625,-0.87890625,-0.1220703125,0.29296875,-0.0244140625,-1.28173828125,0.0244140625,-0.6591796875,-0.28076171875,-1.11083984375,-0.23193359375,-0.9521484375,-0.03662109375,-1.55029296875,-0.40283203125,-0.3173828125,-0.10986328125,-0.4638671875,0.06103515625,-1.62353515625,-0.048828125,-0.72021484375,0.03662109375,-0.68359375,0,-0.62255859375,0.06103515625,-0.08544921875,0.0732421875,-0.74462890625,0.15869140625,-1.50146484375,0.09765625,-1.07421875,-0.28076171875,0.1953125,0.0732421875,0.3173828125,0.09765625,0.01220703125,-0.048828125,0,0,0.146484375,-0.1220703125,-0.42724609375,-0.10986328125,0.30517578125,-0.1708984375,-1.0986328125,-0.2685546875,-1.025390625
1,-0.37841796875,-0.13427734375,-0.1220703125,-0.06103515625,0.5126953125,-0.29296875,-0.01220703125,0.244140625,0.15869140625,-0.13427734375,-0.32958984375,-0.91552734375,-0.08544921875,0.98876953125,-0.048828125,-0.10986328125,0.0244140625,-0.54931640625,-0.30517578125,-0.2197265625,0.146484375,0.8544921875,0.15869140625,-0.54931640625,-0.0732421875,-0.1953125,-0.08544921875,-0.84228515625,-0.20751953125,0.79345703125,-0.18310546875,-0.15869140625,-0.0732421875,-0.23193359375,0.2685546875,-0.91552734375,0.10986328125,-0.10986328125,0.20751953125,-0.537109375,-0.0732421875,-0.2197265625,0.6103515625,-0.74462890625,-0.9033203125,-0.50048828125,-0.81787109375,0.537109375,0.146484375,1.55029296875,0.2197265625,1.4892578125,0.03662109375,-0.08544921875,0.3662109375,1.0009765625,-0.40283203125,0.732421875,-0.439453125,0.57373046875,-0.244140625,0.9765625,0.13427734375,0.15869140625,0.20751953125,0.91552734375,-0.15869140625,1.26953125,-0.15869140625,0.57373046875,-0.3173828125,0.4638671875,-0.32958984375,-1.513671875,0.15869140625,0.28076171875,-0.0244140625,-0.84228515625,-0.048828125,0.341796875,-0.0732421875,-1.28173828125,-0.06103515625,-0.6591796875,-0.18310546875,-1.13525390625,-0.18310546875,-0.96435546875,-0.0732421875,-1.57470703125,-0.45166015625,-0.341796875,-0.13427734375,-0.47607421875,0.048828125,-1.79443359375,-0.08544921875,-0.7080078125,0.03662109375,-0.67138671875,-0.03662109375,-0.62255859375,-0.01220703125,-0.06103515625,0.08544921875,-0.732421875,0.09765625,-1.513671875,0.146484375,-1.06201171875,-0.3173828125,0.1953125,0.06103515625,0.341796875,0.10986328125,0.0244140625,-0.06103515625,0,-0.0244140625,0.146484375,-0.10986328125,-0.439453125,-0.08544921875,0.35400390625,-0.146484375,-1.03759765625,-0.29296875,-0.98876953125
1,-0.40283203125,-0.15869140625,-0.10986328125,-0.048828125,0.50048828125,-0.29296875,0,0.20751953125,0.15869140625,-0.146484375,-0.341796875,-0.927734375,-0.09765625,1.0009765625,-0.06103515625,-0.13427734375,0.06103515625,-0.5615234375,-0.32958984375,-0.2197265625,0.2685546875,0.84228515625,0.15869140625,-0.57373046875,-0.08544921875,-0.1708984375,-0.0732421875,-0.8544921875,-0.25634765625,0.78125,-0.15869140625,-0.146484375,-0.06103515625,-0.42724609375,0.29296875,-1.03759765625,0.03662109375,-0.3173828125,0.20751953125,-0.67138671875,-0.13427734375,-0.244140625,0.5126953125,-0.74462890625,-0.87890625,-0.5126953125,-0.67138671875,0.54931640625,0.10986328125,1.416015625,0.2685546875,0.96435546875,0,-0.1708984375,0.37841796875,0.87890625,-0.35400390625,0.732421875,-0.48828125,0.59814453125,-0.23193359375,0.93994140625,0.13427734375,0.15869140625,0.2197265625,0.93994140625,-0.08544921875,1.30615234375,-0.20751953125,0.5859375,-0.23193359375,0.54931640625,-0.28076171875,-1.1962890625,0.23193359375,0.390625,-0.1220703125,-0.72021484375,0.06103515625,0.48828125,-0.10986328125,-1.25732421875,-0.1708984375,-0.6591796875,-0.1708984375,-1.15966796875,-0.15869140625,-0.96435546875,-0.08544921875,-1.611328125,-0.45166015625,-0.35400390625,-0.15869140625,-0.47607421875,0.03662109375,-1.904296875,-0.10986328125,-0.732421875,0,-0.6591796875,-0.0244140625,-0.634765625,-0.0732421875,-0.048828125,0.09765625,-0.732421875,0.048828125,-1.52587890625,0.15869140625,-1.0498046875,-0.32958984375,0.2197265625,0.048828125,0.3173828125,0.1220703125,-0.01220703125,-0.06103515625,0.03662109375,-0.048828125,0.1708984375,-0.13427734375,-0.42724609375,-0.13427734375,0.40283203125,-0.1708984375,-0.927734375,-0.3173828125,-0.93994140625
1,-0.4150390625,-0.20751953125,-0.13427734375,-0.1220703125,0.48828125,-0.29296875,0,0.10986328125,0.15869140625,-0.146484375,-0.32958984375,-0.93994140625,-0.10986328125,1.0009765625,-0.06103515625,-0.18310546875,0.0732421875,-0.5859375,-0.30517578125,-0.20751953125,0.32958984375,0.830078125,0.13427734375,-0.54931640625,-0.1220703125,-0.18310546875,-0.06103515625,-0.8544921875,-0.20751953125,0.78125,-0.15869140625,-0.13427734375,-0.048828125,-0.59814453125,0.32958984375,-1.123046875,-0.01220703125,-0.48828125,0.1953125,-0.81787109375,-0.1708984375,-0.2685546875,0.45166015625,-0.72021484375,-0.81787109375,-0.537109375,-0.5859375,0.57373046875,0.08544921875,1.33056640625,0.29296875,0.634765625,-0.0244140625,-0.20751953125,0.4150390625,0.81787109375,-0.35400390625,0.7568359375,-0.52490234375,0.6103515625,-0.30517578125,0.93994140625,0.06103515625,0.1708984375,0.25634765625,1.20849609375,0,1.513671875,-0.2685546875,0.93994140625,-0.13427734375,0.8056640625,-0.20751953125,-0.79345703125,0.244140625,0.5126953125,-0.2197265625,-0.54931640625,0.1220703125,0.6591796875,-0.10986328125,-1.23291015625,-0.2197265625,-0.6103515625,-0.09765625,-1.18408203125,-0.10986328125,-0.93994140625,-0.08544921875,-1.6357421875,-0.40283203125,-0.341796875,-0.20751953125,-0.50048828125,-0.01220703125,-1.953125,-0.13427734375,-0.732421875,-0.06103515625,-0.6591796875,0,-0.64697265625,-0.13427734375,-0.03662109375,0.06103515625,-0.72021484375,0.0244140625,-1.55029296875,0.15869140625,-1.06201171875,-0.341796875,0.20751953125,0.06103515625,0.35400390625,0.1220703125,0,-0.0732421875,0.03662109375,-0.06103515625,0.15869140625,-0.10986328125,-0.4150390625,-0.1220703125,0.42724609375,-0.1708984375,-0.8056640625,-0.30517578125,-0.927734375
1,-0.45166015625,-0.29296875,-0.09765625,-0.18310546875,0.47607421875,-0.25634765625,-0.0244140625,0.03662109375,0.146484375,-0.10986328125,-0.341796875,-0.927734375,-0.15869140625,1.025390625,-0.0244140625,-0.20751953125,0.0732421875,-0.59814453125,-0.2197265625,-0.2197265625,0.3173828125,0.8056640625,0.146484375,-0.5615234375,-0.15869140625,-0.18310546875,-0.08544921875,-0.84228515625,-0.18310546875,0.78125,-0.15869140625,-0.13427734375,-0.1220703125,-0.74462890625,0.3662109375,-1.20849609375,-0.10986328125,-0.64697265625,0.0244140625,-0.93994140625,-0.2197265625,-0.25634765625,0.390625,-0.69580078125,-0.76904296875,-0.54931640625,-0.67138671875,0.5859375,0.01220703125,1.33056640625,0.1708984375,0.537109375,-0.048828125,-0.1953125,0.4638671875,0.830078125,-0.32958984375,0.7568359375,-0.537109375,0.5859375,-0.25634765625,0.89111328125,0.08544921875,0.15869140625,0.1220703125,1.6845703125,0.03662109375,1.8798828125,-0.390625,1.611328125,-0.1220703125,1.18408203125,-0.18310546875,-0.3662109375,0.244140625,0.634765625,-0.25634765625,-0.3662109375,0.1708984375,0.86669921875,-0.08544921875,-1.23291015625,-0.1953125,-0.54931640625,-0.0244140625,-1.1962890625,-0.01220703125,-0.927734375,-0.06103515625,-1.6357421875,-0.29296875,-0.341796875,-0.1953125,-0.47607421875,-0.048828125,-1.89208984375,-0.146484375,-0.732421875,-0.09765625,-0.64697265625,0,-0.67138671875,-0.20751953125,-0.048828125,0.01220703125,-0.732421875,0,-1.5380859375,0.1708984375,-1.07421875,-0.32958984375,0.20751953125,0.048828125,0.341796875,0.13427734375,0,-0.06103515625,0.01220703125,-0.06103515625,0.146484375,-0.09765625,-0.40283203125,-0.09765625,0.47607421875,-0.18310546875,-0.732421875,-0.32958984375,-0.9033203125
0,-0.439453125,-0.3662109375,-0.08544921875,-0.20751953125,0.47607421875,-0.1708984375,0.01220703125,0,0.13427734375,-0.08544921875,-0.35400390625,-0.96435546875,-0.1708984375,1.01318359375,-0.0244140625,-0.20751953125,0.06103515625,-0.59814453125,-0.146484375,-0.2197265625,0.3662109375,0.81787109375,0.146484375,-0.59814453125,-0.1953125,-0.20751953125,-0.048828125,-0.84228515625,-0.10986328125,0.76904296875,-0.13427734375,-0.1220703125,-0.10986328125,-0.84228515625,0.4150390625,-1.2939453125,-0.1708984375,-0.78125,-0.0732421875,-1.0498046875,-0.2685546875,-0.2685546875,0.3173828125,-0.6591796875,-0.64697265625,-0.54931640625,-0.54931640625,0.62255859375,0.048828125,1.3916015625,0.2197265625,0.79345703125,-0.048828125,-0.0732421875,0.4150390625,0.927734375,-0.3662109375,0.78125,-0.537109375,0.59814453125,-0.30517578125,0.87890625,0.06103515625,0.18310546875,0.09765625,2.3193359375,0.1220703125,2.4169921875,-0.439453125,2.55126953125,-0.1220703125,1.708984375,-0.146484375,0,0.18310546875,0.76904296875,-0.28076171875,-0.2197265625,0.146484375,1.0498046875,-0.048828125,-1.18408203125,-0.20751953125,-0.52490234375,0.03662109375,-1.171875,0.048828125,-0.89111328125,-0.06103515625,-1.611328125,-0.15869140625,-0.341796875,-0.18310546875,-0.47607421875,-0.03662109375,-1.7822265625,-0.1708984375,-0.732421875,-0.09765625,-0.67138671875,0.01220703125,-0.68359375,-0.23193359375,-0.06103515625,-0.0244140625,-0.76904296875,-0.0244140625,-1.513671875,0.15869140625,-1.06201171875,-0.3173828125,0.2197265625,0.0732421875,0.341796875,0.10986328125,-0.01220703125,-0.06103515625,0.01220703125,-0.0732421875,0.1220703125,-0.09765625,-0.4150390625,-0.09765625,0.50048828125,-0.18310546875,-0.69580078125,-0.32958984375,-0.9033203125
0,-0.45166015625,-0.40283203125,-0.09765625,-0.23193359375,0.47607421875,-0.1220703125,0,0.01220703125,0.15869140625,-0.08544921875,-0.390625,-0.9521484375,-0.1953125,1.03759765625,0,-0.20751953125,0.048828125,-0.57373046875,-0.0244140625,-0.1953125,0.29296875,0.830078125,0.18310546875,-0.59814453125,-0.23193359375,-0.2197265625,-0.01220703125,-0.84228515625,-0.01220703125,0.76904296875,-0.1220703125,-0.1220703125,-0.10986328125,-0.96435546875,0.50048828125,-1.35498046875,-0.09765625,-0.9033203125,-0.09765625,-1.1474609375,-0.3173828125,-0.25634765625,0.29296875,-0.634765625,-0.5615234375,-0.54931640625,-0.64697265625,0.68359375,0.048828125,1.57470703125,0.15869140625,1.3427734375,-0.048828125,0.09765625,0.341796875,1.08642578125,-0.3662109375,0.78125,-0.537109375,0.57373046875,-0.30517578125,0.8544921875,0.1220703125,0.18310546875,0.048828125,3.125,0.10986328125,3.06396484375,-0.4150390625,3.67431640625,-0.1708984375,2.28271484375,-0.10986328125,0.25634765625,0.146484375,0.81787109375,-0.2197265625,-0.1220703125,0.08544921875,1.1962890625,0,-1.15966796875,-0.13427734375,-0.47607421875,0.146484375,-1.171875,0.10986328125,-0.86669921875,-0.0244140625,-1.59912109375,-0.01220703125,-0.3173828125,-0.13427734375,-0.4638671875,-0.08544921875,-1.6357421875,-0.1708984375,-0.72021484375,-0.06103515625,-0.68359375,-0.01220703125,-0.68359375,-0.244140625,-0.0732421875,0,-0.76904296875,-0.048828125,-1.52587890625,0.146484375,-1.06201171875,-0.3173828125,0.23193359375,0.06103515625,0.3173828125,0.10986328125,-0.01220703125,-0.0732421875,-0.0244140625,-0.08544921875,0.10986328125,-0.08544921875,-0.40283203125,-0.0732421875,0.50048828125,-0.1708984375,-0.68359375,-0.3173828125,-0.927734375
0,-0.3662109375,-0.390625,-0.09765625,-0.1953125,0.45166015625,-0.048828125,0.0244140625,0.0732421875,0.15869140625,-0.0732421875,-0.37841796875,-0.93994140625,-0.1953125,1.0498046875,-0.0244140625,-0.1953125,0.0244140625,-0.5859375,0.03662109375,-0.2197265625,0.30517578125,0.81787109375,0.18310546875,-0.6103515625,-0.23193359375,-0.244140625,0.01220703125,-0.86669921875,0.03662109375,0.78125,-0.10986328125,-0.13427734375,-0.146484375,-1.03759765625,0.57373046875,-1.3916015625,-0.03662109375,-1.0009765625,-0.13427734375,-1.2451171875,-0.30517578125,-0.2685546875,0.25634765625,-0.64697265625,-0.48828125,-0.52490234375,-0.64697265625,0.732421875,0.06103515625,1.8310546875,0.10986328125,2.18505859375,-0.048828125,0.3662109375,0.30517578125,1.30615234375,-0.341796875,0.79345703125,-0.45166015625,0.54931640625,-0.3662109375,0.84228515625,0.18310546875,0.1953125,-0.0244140625,3.96728515625,0.10986328125,3.67431640625,-0.48828125,4.833984375,-0.20751953125,2.880859375,-0.09765625,0.37841796875,0.1220703125,0.8544921875,-0.13427734375,-0.0732421875,0.0732421875,1.28173828125,0.01220703125,-1.13525390625,-0.06103515625,-0.47607421875,0.20751953125,-1.13525390625,0.09765625,-0.8544921875,0.01220703125,-1.57470703125,0.09765625,-0.3173828125,-0.03662109375,-0.439453125,-0.06103515625,-1.50146484375,-0.18310546875,-0.7080078125,-0.03662109375,-0.68359375,-0.0244140625,-0.68359375,-0.25634765625,-0.08544921875,0.03662109375,-0.79345703125,-0.09765625,-1.52587890625,0.13427734375,-1.06201171875,-0.28076171875,0.2197265625,0.08544921875,0.30517578125,0.13427734375,-0.03662109375,-0.0732421875,-0.03662109375,-0.09765625,0.08544921875,-0.09765625,-0.390625,-0.08544921875,0.47607421875,-0.15869140625,-0.732421875,-0.30517578125,-0.93994140625
0,-0.35400390625,-0.341796875,-0.08544921875,-0.13427734375,0.4638671875,0.01220703125,0.01220703125,0.1220703125,0.13427734375,-0.0732421875,-0.40283203125,-0.927734375,-0.2197265625,1.03759765625,-0.03662109375,-0.18310546875,0,-0.5859375,0.08544921875,-0.20751953125,0.32958984375,0.86669921875,0.1708984375,-0.59814453125,-0.244140625,-0.23193359375,0.0244140625,-0.86669921875,0.09765625,0.7568359375,-0.1220703125,-0.13427734375,-0.1708984375,-1.03759765625,0.62255859375,-1.40380859375,0,-1.06201171875,-0.146484375,-1.2939453125,-0.28076171875,-0.25634765625,0.244140625,-0.634765625,-0.42724609375,-0.50048828125,-0.6591796875,0.78125,0.0244140625,2.18505859375,0.01220703125,3.21044921875,-0.03662109375,0.6103515625,0.1953125,1.5869140625,-0.37841796875,0.7568359375,-0.42724609375,0.537109375,-0.29296875,0.830078125,0.30517578125,0.1953125,-0.0244140625,4.7607421875,0.1220703125,4.26025390625,-0.5126953125,5.95703125,-0.2685546875,3.3935546875,-0.0244140625,0.3173828125,0.1220703125,0.87890625,-0.09765625,-0.0732421875,-0.03662109375,1.28173828125,0.01220703125,-1.123046875,0,-0.45166015625,0.2197265625,-1.123046875,0,-0.830078125,0.06103515625,-1.5625,0.146484375,-0.30517578125,0.048828125,-0.40283203125,-0.0732421875,-1.3916015625,-0.2197265625,-0.7080078125,-0.0244140625,-0.7080078125,-0.0244140625,-0.64697265625,-0.25634765625,-0.06103515625,0.06103515625,-0.79345703125,-0.10986328125,-1.52587890625,0.06103515625,-1.07421875,-0.20751953125,0.1953125,0.08544921875,0.30517578125,0.13427734375,-0.03662109375,-0.06103515625,-0.06103515625,-0.08544921875,0.1220703125,-0.10986328125,-0.390625,-0.0732421875,0.47607421875,-0.13427734375,-0.830078125,-0.30517578125,-0.9765625
0,-0.2685546875,-0.28076171875,-0.0732421875,-0.08544921875,0.48828125,0.048828125,0.0244140625,0.2197265625,0.1220703125,-0.0732421875,-0.37841796875,-0.91552734375,-0.244140625,1.01318359375,-0.048828125,-0.15869140625,-0.048828125,-0.57373046875,0.1220703125,-0.20751953125,0.341796875,0.8544921875,0.1220703125,-0.6103515625,-0.28076171875,-0.23193359375,0.048828125,-0.8544921875,0.1220703125,0.79345703125,-0.1953125,-0.15869140625,-0.1708984375,-1.025390625,0.6103515625,-1.3916015625,0.06103515625,-1.06201171875,-0.10986328125,-1.26953125,-0.2197265625,-0.25634765625,0.25634765625,-0.67138671875,-0.4150390625,-0.48828125,-0.76904296875,0.84228515625,-0.03662109375,2.52685546875,0,4.345703125,-0.03662109375,0.89111328125,0.13427734375,1.8798828125,-0.439453125,0.732421875,-0.32958984375,0.52490234375,-0.2197265625,0.8056640625,0.390625,0.15869140625,-0.048828125,5.43212890625,0.15869140625,4.7607421875,-0.57373046875,6.87255859375,-0.2685546875,3.79638671875,0,0.1708984375,0.18310546875,0.81787109375,-0.048828125,-0.13427734375,-0.06103515625,1.2451171875,-0.01220703125,-1.0986328125,0.048828125,-0.47607421875,0.244140625,-1.0986328125,-0.10986328125,-0.830078125,0.06103515625,-1.5625,0.146484375,-0.29296875,0.146484375,-0.390625,-0.0244140625,-1.35498046875,-0.28076171875,-0.68359375,0.01220703125,-0.69580078125,-0.0244140625,-0.64697265625,-0.23193359375,-0.08544921875,0.10986328125,-0.8056640625,-0.08544921875,-1.513671875,0.03662109375,-1.0498046875,-0.13427734375,0.20751953125,0.09765625,0.29296875,0.15869140625,-0.03662109375,-0.06103515625,-0.0732421875,-0.0732421875,0.10986328125,-0.0732421875,-0.40283203125,-0.0732421875,0.42724609375,-0.146484375,-0.91552734375,-0.29296875,-0.9765625
0,-0.30517578125,-0.244140625,-0.0732421875,-0.048828125,0.47607421875,0.048828125,0.08544921875,0.29296875,0.10986328125,-0.09765625,-0.390625,-0.9521484375,-0.2685546875,1.0009765625,-0.03662109375,-0.13427734375,-0.03662109375,-0.5615234375,0.146484375,-0.1953125,0.3662109375,0.8544921875,0.08544921875,-0.62255859375,-0.244140625,-0.20751953125,0.03662109375,-0.84228515625,0.1220703125,0.78125,-0.18310546875,-0.15869140625,-0.15869140625,-0.927734375,0.57373046875,-1.30615234375,0.08544921875,-1.025390625,-0.048828125,-1.20849609375,-0.18310546875,-0.25634765625,0.23193359375,-0.69580078125,-0.4150390625,-0.45166015625,-0.81787109375,0.9033203125,-0.0244140625,2.9296875,0.13427734375,5.48095703125,0.01220703125,1.1474609375,0.03662109375,2.1728515625,-0.4638671875,0.732421875,-0.29296875,0.52490234375,-0.1953125,0.78125,0.45166015625,0.146484375,-0.048828125,5.8837890625,0.146484375,5.06591796875,-0.6591796875,7.48291015625,-0.29296875,4.04052734375,-0.0244140625,-0.048828125,0.09765625,0.76904296875,0.01220703125,-0.2197265625,-0.1220703125,1.15966796875,-0.01220703125,-1.123046875,0.08544921875,-0.4638671875,0.244140625,-1.06201171875,-0.13427734375,-0.830078125,0.0732421875,-1.5625,0.13427734375,-0.29296875,0.23193359375,-0.40283203125,0.048828125,-1.40380859375,-0.32958984375,-0.69580078125,0.0732421875,-0.69580078125,-0.03662109375,-0.64697265625,-0.1953125,-0.09765625,0.1220703125,-0.79345703125,-0.08544921875,-1.50146484375,-0.0244140625,-1.06201171875,-0.06103515625,0.23193359375,0.08544921875,0.30517578125,0.1953125,-0.03662109375,-0.0732421875,-0.09765625,-0.08544921875,0.13427734375,-0.09765625,-0.42724609375,-0.08544921875,0.40283203125,-0.09765625,-0.9765625,-0.29296875,-0.98876953125
0,-0.32958984375,-0.20751953125,-0.0732421875,-0.0244140625,0.4638671875,0.0244140625,0.0732421875,0.3173828125,0.08544921875,-0.13427734375,-0.390625,-0.93994140625,-0.244140625,0.98876953125,-0.0732421875,-0.13427734375,-0.03662109375,-0.537109375,0.146484375,-0.20751953125,0.3662109375,0.86669921875,0.0244140625,-0.59814453125,-0.23193359375,-0.1953125,0.01220703125,-0.8544921875,0.10986328125,0.78125,-0.20751953125,-0.1708984375,-0.1220703125,-0.79345703125,0.50048828125,-1.23291015625,0.09765625,-0.91552734375,0.01220703125,-1.11083984375,-0.146484375,-0.25634765625,0.1953125,-0.7080078125,-0.42724609375,-0.4638671875,-0.830078125,0.93994140625,-0.03662109375,3.2958984375,0.1953125,6.53076171875,0.03662109375,1.3427734375,-0.0732421875,2.44140625,-0.6103515625,0.7080078125,-0.2685546875,0.5126953125,-0.244140625,0.78125,0.52490234375,0.13427734375,-0.01220703125,6.0791015625,0.09765625,5.17578125,-0.69580078125,7.75146484375,-0.3173828125,4.11376953125,0,-0.28076171875,0.09765625,0.7080078125,0.048828125,-0.30517578125,-0.1953125,1.07421875,-0.0732421875,-1.11083984375,0.0732421875,-0.439453125,0.1953125,-1.0498046875,-0.146484375,-0.830078125,0.10986328125,-1.5625,0.08544921875,-0.28076171875,0.30517578125,-0.40283203125,0.1220703125,-1.47705078125,-0.35400390625,-0.67138671875,0.13427734375,-0.69580078125,-0.048828125,-0.6103515625,-0.13427734375,-0.09765625,0.09765625,-0.76904296875,-0.0244140625,-1.513671875,-0.08544921875,-1.06201171875,-0.03662109375,0.2197265625,0.10986328125,0.30517578125,0.23193359375,-0.01220703125,-0.0732421875,-0.08544921875,-0.08544921875,0.146484375,-0.1220703125,-0.4150390625,-0.09765625,0.390625,-0.06103515625,-0.98876953125,-0.28076171875,-0.9765625
0,-0.30517578125,-0.1953125,-0.09765625,-0.048828125,0.45166015625,-0.06103515625,0.1220703125,0.29296875,0.0732421875,-0.1708984375,-0.390625,-0.93994140625,-0.2197265625,0.9765625,-0.06103515625,-0.13427734375,0,-0.54931640625,0.146484375,-0.20751953125,0.35400390625,0.8544921875,0,-0.5859375,-0.1953125,-0.1708984375,-0.01220703125,-0.84228515625,0.0732421875,0.76904296875,-0.1708984375,-0.15869140625,-0.0732421875,-0.64697265625,0.42724609375,-1.13525390625,0.18310546875,-0.78125,0.06103515625,-0.98876953125,-0.1220703125,-0.244140625,0.13427734375,-0.732421875,-0.45166015625,-0.45166015625,-0.87890625,0.98876953125,-0.06103515625,3.57666015625,0.13427734375,7.32421875,0.048828125,1.47705078125,-0.09765625,2.6611328125,-0.634765625,0.69580078125,-0.2685546875,0.537109375,-0.30517578125,0.7568359375,0.57373046875,0.1220703125,-0.03662109375,6.005859375,0.048828125,5.09033203125,-0.7080078125,7.65380859375,-0.30517578125,4.00390625,-0.1953125,-0.47607421875,-0.0244140625,0.6591796875,0,-0.341796875,-0.29296875,1.01318359375,-0.09765625,-1.0986328125,0.13427734375,-0.439453125,0.146484375,-1.025390625,-0.10986328125,-0.830078125,0.08544921875,-1.57470703125,0.03662109375,-0.341796875,0.37841796875,-0.439453125,0.23193359375,-1.611328125,-0.341796875,-0.68359375,0.13427734375,-0.6591796875,-0.10986328125,-0.6103515625,-0.048828125,-0.0732421875,0.08544921875,-0.78125,-0.01220703125,-1.55029296875,-0.08544921875,-1.06201171875,-0.03662109375,0.2197265625,0.13427734375,0.32958984375,0.2685546875,-0.03662109375,-0.06103515625,-0.06103515625,-0.08544921875,0.1708984375,-0.146484375,-0.42724609375,-0.09765625,0.37841796875,-0.0732421875,-0.98876953125,-0.28076171875,-1.0009765625
0,-0.23193359375,-0.20751953125,-0.06103515625,-0.0732421875,0.4638671875,-0.15869140625,0.13427734375,0.25634765625,0.0732421875,-0.146484375,-0.37841796875,-0.91552734375,-0.2197265625,0.98876953125,-0.08544921875,-0.1220703125,0.048828125,-0.5615234375,0.13427734375,-0.20751953125,0.32958984375,0.830078125,0.0244140625,-0.5859375,-0.1708984375,-0.1220703125,-0.06103515625,-0.84228515625,0.06103515625,0.78125,-0.15869140625,-0.15869140625,-0.048828125,-0.52490234375,0.37841796875,-1.0498046875,0.25634765625,-0.64697265625,0.08544921875,-0.86669921875,-0.10986328125,-0.23193359375,0.06103515625,-0.72021484375,-0.45166015625,-0.4638671875,-0.89111328125,1.0498046875,-0.08544921875,3.759765625,0.08544921875,7.87353515625,0.03662109375,1.5625,-0.13427734375,2.79541015625,-0.5615234375,0.68359375,-0.2685546875,0.5615234375,-0.3173828125,0.72021484375,0.59814453125,0.13427734375,0.01220703125,5.67626953125,0.0244140625,4.833984375,-0.732421875,7.23876953125,-0.25634765625,3.7109375,-0.30517578125,-0.54931640625,-0.048828125,0.6591796875,-0.0244140625,-0.341796875,-0.25634765625,0.98876953125,-0.146484375,-1.123046875,0.13427734375,-0.4150390625,0.0732421875,-1.025390625,-0.06103515625,-0.81787109375,0.03662109375,-1.57470703125,-0.01220703125,-0.35400390625,0.4638671875,-0.45166015625,0.30517578125,-1.74560546875,-0.30517578125,-0.69580078125,0.1708984375,-0.6591796875,-0.1708984375,-0.62255859375,0.048828125,-0.06103515625,0.03662109375,-0.7568359375,0.03662109375,-1.52587890625,-0.1220703125,-1.06201171875,-0.03662109375,0.20751953125,0.146484375,0.35400390625,0.2685546875,-0.01220703125,-0.0732421875,-0.0732421875,-0.06103515625,0.1708984375,-0.15869140625,-0.4150390625,-0.08544921875,0.37841796875,-0.06103515625,-0.927734375,-0.29296875,-1.01318359375
0,-0.23193359375,-0.23193359375,-0.06103515625,-0.1220703125,0.439453125,-0.25634765625,0.18310546875,0.1953125,0.0732421875,-0.13427734375,-0.390625,-0.9033203125,-0.20751953125,0.96435546875,-0.10986328125,-0.10986328125,0.0244140625,-0.54931640625,0.08544921875,-0.2197265625,0.28076171875,0.84228515625,0.08544921875,-0.5859375,-0.1953125,-0.10986328125,-0.09765625,-0.8544921875,0.06103515625,0.79345703125,-0.1708984375,-0.13427734375,-0.03662109375,-0.439453125,0.23193359375,-0.9765625,0.1953125,-0.54931640625,0.10986328125,-0.7568359375,-0.10986328125,-0.244140625,-0.0244140625,-0.7080078125,-0.390625,-0.50048828125,-0.87890625,1.07421875,-0.1220703125,3.82080078125,0.06103515625,8.09326171875,0.03662109375,1.57470703125,-0.18310546875,2.84423828125,-0.52490234375,0.69580078125,-0.28076171875,0.57373046875,-0.3662109375,0.69580078125,0.62255859375,0.15869140625,0.06103515625,5.16357421875,0.01220703125,4.43115234375,-0.76904296875,6.5673828125,-0.1708984375,3.30810546875,-0.32958984375,-0.52490234375,0.048828125,0.68359375,-0.06103515625,-0.28076171875,-0.1953125,1.03759765625,-0.18310546875,-1.123046875,0.13427734375,-0.4150390625,-0.0244140625,-1.03759765625,0.048828125,-0.830078125,0,-1.611328125,-0.03662109375,-0.3662109375,0.52490234375,-0.4638671875,0.3173828125,-1.85546875,-0.244140625,-0.7080078125,0.1220703125,-0.634765625,-0.23193359375,-0.62255859375,0.09765625,-0.06103515625,0.01220703125,-0.7568359375,0.09765625,-1.513671875,-0.13427734375,-1.06201171875,-0.0732421875,0.20751953125,0.1708984375,0.3662109375,0.29296875,-0.048828125,-0.0732421875,-0.048828125,-0.08544921875,0.1708984375,-0.18310546875,-0.4150390625,-0.13427734375,0.40283203125,-0.0732421875,-0.84228515625,-0.341796875,-0.98876953125
0,-0.2197265625,-0.1708984375,-0.048828125,-0.1708984375,0.40283203125,-0.32958984375,0.20751953125,0.10986328125,0.08544921875,-0.1220703125,-0.37841796875,-0.91552734375,-0.1953125,0.96435546875,-0.1220703125,-0.13427734375,0.01220703125,-0.5615234375,0.09765625,-0.20751953125,0.2685546875,0.81787109375,0.13427734375,-0.5859375,-0.244140625,-0.10986328125,-0.10986328125,-0.86669921875,0.08544921875,0.79345703125,-0.15869140625,-0.13427734375,0.03662109375,-0.40283203125,0.20751953125,-0.9521484375,0.20751953125,-0.47607421875,0.1708984375,-0.7080078125,-0.10986328125,-0.244140625,-0.048828125,-0.7080078125,-0.37841796875,-0.50048828125,-0.9033203125,1.0498046875,-0.08544921875,3.7353515625,0.06103515625,7.9833984375,0.0244140625,1.50146484375,-0.244140625,2.79541015625,-0.40283203125,0.72021484375,-0.30517578125,0.59814453125,-0.37841796875,0.64697265625,0.7080078125,0.18310546875,0.1220703125,4.50439453125,-0.06103515625,3.94287109375,-0.830078125,5.72509765625,-0.048828125,2.86865234375,-0.42724609375,-0.32958984375,-0.06103515625,0.76904296875,-0.1708984375,-0.146484375,-0.1953125,1.13525390625,-0.18310546875,-1.0986328125,-0.0244140625,-0.40283203125,-0.08544921875,-1.0498046875,0.08544921875,-0.81787109375,-0.08544921875,-1.611328125,-0.048828125,-0.35400390625,0.59814453125,-0.47607421875,0.3173828125,-1.8798828125,-0.1953125,-0.72021484375,0.06103515625,-0.634765625,-0.29296875,-0.62255859375,0.10986328125,-0.0732421875,0.01220703125,-0.7568359375,0.146484375,-1.52587890625,-0.13427734375,-1.07421875,-0.1220703125,0.2197265625,0.18310546875,0.35400390625,0.2685546875,-0.048828125,-0.0732421875,-0.0244140625,-0.09765625,0.18310546875,-0.1708984375,-0.40283203125,-0.10986328125,0.4638671875,-0.048828125,-0.8056640625,-0.35400390625,-0.96435546875
0,-0.20751953125,-0.0244140625,-0.0244140625,-0.20751953125,0.37841796875,-0.32958984375,0.23193359375,0.048828125,0.09765625,-0.10986328125,-0.390625,-0.91552734375,-0.20751953125,1.01318359375,-0.0732421875,-0.15869140625,0,-0.57373046875,0.09765625,-0.2197265625,0.25634765625,0.8056640625,0.13427734375,-0.57373046875,-0.23193359375,-0.13427734375,-0.13427734375,-0.86669921875,0.10986328125,0.7568359375,-0.18310546875,-0.13427734375,-0.048828125,-0.3662109375,0.09765625,-0.93994140625,0.08544921875,-0.4638671875,0.09765625,-0.69580078125,-0.146484375,-0.244140625,-0.06103515625,-0.67138671875,-0.3662109375,-0.50048828125,-0.9521484375,1.0498046875,-0.0244140625,3.57666015625,0,7.60498046875,0.03662109375,1.40380859375,-0.28076171875,2.685546875,-0.37841796875,0.732421875,-0.30517578125,0.5859375,-0.390625,0.6103515625,0.74462890625,0.1953125,0.2197265625,3.82080078125,-0.13427734375,3.41796875,-0.830078125,4.833984375,-0.01220703125,2.40478515625,-0.37841796875,-0.048828125,-0.08544921875,0.9033203125,-0.20751953125,0.0244140625,-0.0732421875,1.30615234375,-0.20751953125,-1.123046875,-0.0244140625,-0.4150390625,-0.1220703125,-1.07421875,0.048828125,-0.84228515625,-0.13427734375,-1.62353515625,-0.06103515625,-0.3662109375,0.6591796875,-0.50048828125,0.244140625,-1.86767578125,-0.1708984375,-0.732421875,-0.01220703125,-0.62255859375,-0.32958984375,-0.62255859375,0.0732421875,-0.06103515625,0,-0.78125,0.146484375,-1.52587890625,-0.13427734375,-1.08642578125,-0.15869140625,0.2197265625,0.1953125,0.341796875,0.25634765625,-0.048828125,-0.0732421875,-0.0244140625,-0.09765625,0.15869140625,-0.1953125,-0.37841796875,-0.09765625,0.48828125,-0.048828125,-0.74462890625,-0.35400390625,-0.93994140625
0,-0.2197265625,0.28076171875,-0.03662109375,-0.15869140625,0.341796875,-0.2685546875,0.20751953125,0.0732421875,0.06103515625,-0.08544921875,-0.37841796875,-0.927734375,-0.1953125,1.025390625,-0.06103515625,-0.18310546875,-0.0244140625,-0.6103515625,0.1220703125,-0.2197265625,0.25634765625,0.830078125,0.1220703125,-0.5859375,-0.29296875,-0.146484375,-0.146484375,-0.86669921875,0.08544921875,0.76904296875,-0.15869140625,-0.13427734375,-0.10986328125,-0.37841796875,0.06103515625,-0.9521484375,-0.048828125,-0.5126953125,0.03662109375,-0.72021484375,-0.146484375,-0.25634765625,-0.146484375,-0.67138671875,-0.3173828125,-0.48828125,-0.87890625,1.01318359375,0.03662109375,3.30810546875,-0.0732421875,6.99462890625,0.03662109375,1.2451171875,-0.25634765625,2.52685546875,-0.35400390625,0.74462890625,-0.341796875,0.5859375,-0.48828125,0.57373046875,0.76904296875,0.20751953125,0.2197265625,3.11279296875,-0.13427734375,2.880859375,-0.79345703125,3.9306640625,-0.01220703125,1.91650390625,-0.244140625,0.30517578125,-0.03662109375,1.07421875,-0.2685546875,0.23193359375,0.0244140625,1.52587890625,-0.20751953125,-1.15966796875,-0.06103515625,-0.42724609375,-0.1708984375,-1.0986328125,0,-0.8544921875,-0.2197265625,-1.6357421875,-0.08544921875,-0.341796875,0.64697265625,-0.48828125,0.1953125,-1.806640625,-0.13427734375,-0.72021484375,-0.0732421875,-0.64697265625,-0.30517578125,-0.634765625,0.01220703125,-0.0732421875,0.03662109375,-0.76904296875,0.18310546875,-1.50146484375,-0.09765625,-1.08642578125,-0.23193359375,0.2197265625,0.20751953125,0.341796875,0.244140625,-0.048828125,-0.06103515625,-0.0244140625,-0.10986328125,0.15869140625,-0.20751953125,-0.341796875,-0.13427734375,0.5126953125,-0.08544921875,-0.7080078125,-0.3662109375,-0.9033203125
1,-0.25634765625,0.72021484375,-0.01220703125,-0.01220703125,0.341796875,-0.09765625,0.18310546875,0.1953125,0.03662109375,-0.08544921875,-0.3662109375,-0.93994140625,-0.1953125,1.025390625,-0.03662109375,-0.1953125,-0.03662109375,-0.59814453125,0.13427734375,-0.2197265625,0.28076171875,0.830078125,0.08544921875,-0.5859375,-0.32958984375,-0.18310546875,-0.146484375,-0.89111328125,0.048828125,0.76904296875,-0.10986328125,-0.1220703125,-0.10986328125,-0.42724609375,0.13427734375,-1.0009765625,-0.048828125,-0.57373046875,0.01220703125,-0.74462890625,-0.23193359375,-0.25634765625,-0.23193359375,-0.64697265625,-0.32958984375,-0.50048828125,-0.8544921875,0.9765625,0.1220703125,3.0029296875,-0.1220703125,6.25,0.03662109375,1.07421875,-0.25634765625,2.294921875,-0.23193359375,0.76904296875,-0.29296875,0.5859375,-0.6103515625,0.54931640625,0.74462890625,0.20751953125,0.2685546875,2.47802734375,-0.146484375,2.42919921875,-0.72021484375,3.125,-0.048828125,1.513671875,-0.18310546875,0.69580078125,-0.03662109375,1.2451171875,-0.25634765625,0.439453125,0.08544921875,1.7822265625,-0.18310546875,-1.18408203125,-0.01220703125,-0.42724609375,-0.18310546875,-1.123046875,-0.048828125,-0.86669921875,-0.244140625,-1.59912109375,-0.09765625,-0.32958984375,0.62255859375,-0.4638671875,0.146484375,-1.72119140625,-0.15869140625,-0.732421875,-0.13427734375,-0.634765625,-0.2685546875,-0.64697265625,0,-0.06103515625,0.06103515625,-0.78125,0.20751953125,-1.47705078125,-0.0244140625,-1.0986328125,-0.28076171875,0.2197265625,0.18310546875,0.341796875,0.20751953125,-0.048828125,-0.048828125,-0.0244140625,-0.10986328125,0.13427734375,-0.1953125,-0.341796875,-0.10986328125,0.5126953125,-0.0732421875,-0.72021484375,-0.341796875,-0.9033203125
1,-0.2685546875,1.3427734375,-0.03662109375,0.23193359375,0.32958984375,0.1708984375,0.15869140625,0.47607421875,0.0244140625,-0.03662109375,-0.37841796875,-0.927734375,-0.1953125,1.03759765625,0.01220703125,-0.20751953125,-0.0244140625,-0.59814453125,0.1220703125,-0.2197265625,0.30517578125,0.86669921875,0.09765625,-0.5859375,-0.32958984375,-0.20751953125,-0.1708984375,-0.87890625,-0.03662109375,0.7568359375,-0.0732421875,-0.1220703125,-0.244140625,-0.47607421875,0.1220703125,-1.01318359375,-0.18310546875,-0.634765625,-0.10986328125,-0.76904296875,-0.28076171875,-0.23193359375,-0.2685546875,-0.67138671875,-0.35400390625,-0.5126953125,-0.732421875,0.91552734375,0.18310546875,2.7099609375,-0.20751953125,5.419921875,0.0244140625,0.89111328125,-0.244140625,2.05078125,-0.23193359375,0.76904296875,-0.28076171875,0.57373046875,-0.62255859375,0.50048828125,0.68359375,0.2197265625,0.28076171875,1.953125,-0.18310546875,2.0263671875,-0.64697265625,2.392578125,-0.13427734375,1.15966796875,-0.03662109375,1.025390625,0,1.513671875,-0.1953125,0.6591796875,0.1953125,2.0263671875,-0.1708984375,-1.171875,0.03662109375,-0.40283203125,-0.146484375,-1.123046875,-0.048828125,-0.89111328125,-0.23193359375,-1.59912109375,-0.09765625,-0.30517578125,0.54931640625,-0.45166015625,0.09765625,-1.611328125,-0.18310546875,-0.72021484375,-0.13427734375,-0.6591796875,-0.25634765625,-0.634765625,-0.06103515625,-0.06103515625,0.06103515625,-0.78125,0.20751953125,-1.4892578125,0.01220703125,-1.08642578125,-0.3173828125,0.23193359375,0.18310546875,0.3173828125,0.146484375,-0.0732421875,-0.0732421875,-0.03662109375,-0.09765625,0.1220703125,-0.1953125,-0.3173828125,-0.1220703125,0.50048828125,-0.1220703125,-0.7080078125,-0.35400390625,-0.87890625
1,-0.35400390625,2.11181640625,-0.03662109375,0.62255859375,0.30517578125,0.52490234375,0.146484375,0.84228515625,0,-0.03662109375,-0.35400390625,-0.93994140625,-0.20751953125,1.03759765625,0,-0.1953125,-0.0244140625,-0.5615234375,0.13427734375,-0.23193359375,0.341796875,0.89111328125,0.0732421875,-0.5859375,-0.341796875,-0.23193359375,-0.1708984375,-0.89111328125,-0.06103515625,0.76904296875,-0.03662109375,-0.1220703125,-0.25634765625,-0.45166015625,0.15869140625,-1.0009765625,-0.30517578125,-0.68359375,-0.15869140625,-0.7568359375,-0.32958984375,-0.23193359375,-0.2685546875,-0.67138671875,-0.37841796875,-0.48828125,-0.62255859375,0.87890625,0.25634765625,2.4169921875,-0.28076171875,4.60205078125,0.03662109375,0.69580078125,-0.146484375,1.806640625,-0.2197265625,0.76904296875,-0.2197265625,0.5859375,-0.69580078125,0.48828125,0.634765625,0.18310546875,0.25634765625,1.5380859375,-0.1953125,1.6845703125,-0.6103515625,1.806640625,-0.2197265625,0.87890625,0.01220703125,1.2939453125,-0.01220703125,1.67236328125,-0.1220703125,0.830078125,0.20751953125,2.25830078125,-0.1220703125,-1.18408203125,0.1220703125,-0.32958984375,-0.1708984375,-1.13525390625,-0.03662109375,-0.9033203125,-0.15869140625,-1.5625,-0.1220703125,-0.29296875,0.50048828125,-0.45166015625,0.06103515625,-1.52587890625,-0.20751953125,-0.72021484375,-0.15869140625,-0.64697265625,-0.1708984375,-0.62255859375,-0.09765625,-0.06103515625,0.10986328125,-0.76904296875,0.20751953125,-1.46484375,0.08544921875,-1.0986328125,-0.32958984375,0.23193359375,0.146484375,0.30517578125,0.1220703125,-0.06103515625,-0.06103515625,-0.048828125,-0.09765625,0.1220703125,-0.2197265625,-0.30517578125,-0.09765625,0.5126953125,-0.146484375,-0.76904296875,-0.341796875,-0.86669921875
1,-0.29296875,2.94189453125,-0.03662109375,1.07421875,0.28076171875,0.9033203125,0.10986328125,1.33056640625,0.0244140625,-0.048828125,-0.35400390625,-0.9521484375,-0.20751953125,1.03759765625,-0.01220703125,-0.15869140625,0,-0.57373046875,0.1220703125,-0.244140625,0.32958984375,0.86669921875,-0.01220703125,-0.6103515625,-0.30517578125,-0.244140625,-0.15869140625,-0.89111328125,-0.0732421875,0.78125,-0.01220703125,-0.10986328125,-0.244140625,-0.3662109375,0.1953125,-0.93994140625,-0.30517578125,-0.64697265625,-0.18310546875,-0.69580078125,-0.3662109375,-0.23193359375,-0.20751953125,-0.69580078125,-0.4150390625,-0.4638671875,-0.54931640625,0.84228515625,0.29296875,2.1484375,-0.3662109375,3.8330078125,0.09765625,0.5126953125,-0.03662109375,1.55029296875,-0.244140625,0.76904296875,-0.146484375,0.59814453125,-0.74462890625,0.4638671875,0.6103515625,0.1708984375,0.23193359375,1.18408203125,-0.2197265625,1.42822265625,-0.6103515625,1.2939453125,-0.3173828125,0.64697265625,-0.0244140625,1.46484375,-0.03662109375,1.806640625,0,1.0009765625,0.20751953125,2.44140625,-0.0732421875,-1.171875,0.1708984375,-0.18310546875,-0.15869140625,-1.13525390625,-0.0244140625,-0.89111328125,-0.09765625,-1.5380859375,-0.1220703125,-0.25634765625,0.390625,-0.42724609375,0.06103515625,-1.4892578125,-0.18310546875,-0.72021484375,-0.1708984375,-0.6591796875,-0.13427734375,-0.6103515625,-0.09765625,-0.06103515625,0.13427734375,-0.76904296875,0.1953125,-1.47705078125,0.146484375,-1.0986328125,-0.35400390625,0.2197265625,0.13427734375,0.29296875,0.08544921875,-0.03662109375,-0.06103515625,-0.06103515625,-0.08544921875,0.10986328125,-0.18310546875,-0.29296875,-0.0732421875,0.48828125,-0.13427734375,-0.78125,-0.32958984375,-0.8544921875
1,-0.23193359375,3.80859375,-0.0244140625,1.5625,0.25634765625,1.2939453125,0.10986328125,1.79443359375,0.0244140625,-0.06103515625,-0.32958984375,-0.927734375,-0.2197265625,1.0009765625,-0.0244140625,-0.1220703125,0.048828125,-0.54931640625,0.1220703125,-0.23193359375,0.29296875,0.89111328125,0.01220703125,-0.5859375,-0.29296875,-0.25634765625,-0.1953125,-0.86669921875,-0.09765625,0.76904296875,-0.0244140625,-0.1220703125,-0.30517578125,-0.244140625,0.146484375,-0.830078125,-0.40283203125,-0.52490234375,-0.2197265625,-0.57373046875,-0.37841796875,-0.20751953125,-0.0732421875,-0.7080078125,-0.47607421875,-0.45166015625,-0.537109375,0.8056640625,0.30517578125,1.94091796875,-0.37841796875,3.1982421875,0.1708984375,0.390625,0.048828125,1.3427734375,-0.32958984375,0.74462890625,-0.10986328125,0.5859375,-0.72021484375,0.4638671875,0.52490234375,0.15869140625,0.13427734375,0.87890625,-0.244140625,1.20849609375,-0.6103515625,0.89111328125,-0.35400390625,0.439453125,-0.0732421875,1.52587890625,-0.03662109375,1.953125,0.13427734375,1.11083984375,0.2197265625,2.55126953125,0.03662109375,-1.1474609375,0.1708984375,0.08544921875,-0.20751953125,-1.08642578125,0.01220703125,-0.8544921875,-0.048828125,-1.5380859375,-0.10986328125,-0.2685546875,0.28076171875,-0.4150390625,0.01220703125,-1.50146484375,-0.15869140625,-0.69580078125,-0.15869140625,-0.6591796875,-0.0732421875,-0.62255859375,-0.09765625,-0.06103515625,0.1708984375,-0.74462890625,0.1953125,-1.47705078125,0.1708984375,-1.08642578125,-0.3662109375,0.23193359375,0.08544921875,0.28076171875,0.08544921875,-0.048828125,-0.048828125,-0.0732421875,-0.08544921875,0.1220703125,-0.18310546875,-0.2685546875,-0.08544921875,0.50048828125,-0.15869140625,-0.79345703125,-0.30517578125,-0.8544921875
1,-0.1708984375,4.6630859375,0.0244140625,2.001953125,0.2197265625,1.6357421875,0.1220703125,2.25830078125,0.0244140625,-0.1220703125,-0.341796875,-0.93994140625,-0.20751953125,0.9765625,-0.06103515625,-0.09765625,0.08544921875,-0.57373046875,0.09765625,-0.23193359375,0.18310546875,0.8544921875,-0.08544921875,-0.5859375,-0.29296875,-0.2685546875,-0.1953125,-0.87890625,-0.0732421875,0.76904296875,-0.0732421875,-0.10986328125,-0.30517578125,-0.06103515625,0.10986328125,-0.68359375,-0.42724609375,-0.390625,-0.18310546875,-0.390625,-0.341796875,-0.2197265625,-0.048828125,-0.7080078125,-0.52490234375,-0.4638671875,-0.439453125,0.74462890625,0.3173828125,1.74560546875,-0.40283203125,2.6611328125,0.25634765625,0.244140625,0.146484375,1.20849609375,-0.40283203125,0.7568359375,0,0.5615234375,-0.7080078125,0.5126953125,0.48828125,0.146484375,0.06103515625,0.634765625,-0.28076171875,1.03759765625,-0.62255859375,0.54931640625,-0.42724609375,0.25634765625,-0.08544921875,1.5380859375,0.03662109375,1.98974609375,0.23193359375,1.15966796875,0.18310546875,2.63671875,0.09765625,-1.07421875,0.2197265625,0.47607421875,-0.32958984375,-1.0498046875,0.03662109375,-0.8056640625,0,-1.52587890625,-0.1220703125,-0.244140625,0.146484375,-0.42724609375,-0.03662109375,-1.55029296875,-0.13427734375,-0.69580078125,-0.146484375,-0.67138671875,0.01220703125,-0.62255859375,-0.08544921875,-0.048828125,0.15869140625,-0.732421875,0.18310546875,-1.47705078125,0.20751953125,-1.0986328125,-0.3662109375,0.2197265625,0.0732421875,0.29296875,0.08544921875,-0.048828125,-0.06103515625,-0.0732421875,-0.09765625,0.146484375,-0.18310546875,-0.244140625,-0.08544921875,0.48828125,-0.15869140625,-0.78125,-0.29296875,-0.84228515625
1,-0.28076171875,5.3955078125,0.0244140625,2.3681640625,0.2197265625,1.94091796875,0.13427734375,2.6123046875,0.0244140625,-0.146484375,-0.32958984375,-0.93994140625,-0.18310546875,0.98876953125,-0.08544921875,-0.10986328125,0.1220703125,-0.5859375,0.0732421875,-0.244140625,0.0732421875,0.84228515625,-0.18310546875,-0.5859375,-0.2685546875,-0.244140625,-0.1708984375,-0.87890625,-0.0732421875,0.78125,-0.1708984375,-0.1220703125,-0.32958984375,0.1708984375,0.048828125,-0.50048828125,-0.37841796875,-0.20751953125,-0.146484375,-0.20751953125,-0.30517578125,-0.2197265625,0.01220703125,-0.7080078125,-0.52490234375,-0.45166015625,-0.5615234375,0.7080078125,0.2685546875,1.59912109375,-0.4150390625,2.197265625,0.28076171875,0.13427734375,0.20751953125,1.06201171875,-0.45166015625,0.732421875,0.0732421875,0.59814453125,-0.74462890625,0.52490234375,0.47607421875,0.146484375,-0.01220703125,0.37841796875,-0.35400390625,0.9033203125,-0.59814453125,0.23193359375,-0.45166015625,0.10986328125,-0.1708984375,1.50146484375,0.03662109375,2.01416015625,0.30517578125,1.1962890625,0.15869140625,2.64892578125,0.15869140625,-0.9521484375,0.25634765625,1.0009765625,-0.42724609375,-0.98876953125,0.048828125,-0.7080078125,0.0244140625,-1.52587890625,-0.1220703125,-0.2685546875,0.03662109375,-0.42724609375,-0.0732421875,-1.6357421875,-0.10986328125,-0.68359375,-0.15869140625,-0.68359375,0.06103515625,-0.6103515625,-0.08544921875,-0.06103515625,0.1220703125,-0.74462890625,0.146484375,-1.46484375,0.20751953125,-1.08642578125,-0.32958984375,0.2197265625,0.048828125,0.30517578125,0.0732421875,-0.0244140625,-0.0732421875,-0.06103515625,-0.08544921875,0.1708984375,-0.18310546875,-0.244140625,-0.048828125,0.50048828125,-0.1220703125,-0.7568359375,-0.29296875,-0.81787109375
1,-0.244140625,5.9814453125,0.048828125,2.6123046875,0.1953125,2.13623046875,0.146484375,2.880859375,0.0244140625,-0.15869140625,-0.3173828125,-0.927734375,-0.1953125,1.01318359375,-0.13427734375,-0.1220703125,0.1220703125,-0.59814453125,0.0732421875,-0.244140625,-0.0244140625,0.84228515625,-0.23193359375,-0.5615234375,-0.29296875,-0.23193359375,-0.1953125,-0.87890625,-0.048828125,0.79345703125,-0.1953125,-0.10986328125,-0.40283203125,0.390625,-0.0244140625,-0.3173828125,-0.390625,-0.01220703125,-0.09765625,0.01220703125,-0.20751953125,-0.2197265625,-0.01220703125,-0.72021484375,-0.52490234375,-0.439453125,-0.47607421875,0.69580078125,0.1953125,1.4404296875,-0.37841796875,1.84326171875,0.341796875,0.048828125,0.244140625,0.96435546875,-0.52490234375,0.732421875,0.09765625,0.59814453125,-0.67138671875,0.57373046875,0.4150390625,0.13427734375,-0.08544921875,0.146484375,-0.3662109375,0.76904296875,-0.5859375,-0.03662109375,-0.42724609375,-0.03662109375,-0.1953125,1.42822265625,0.06103515625,1.98974609375,0.30517578125,1.18408203125,0.13427734375,2.6123046875,0.1708984375,-0.79345703125,0.2197265625,1.611328125,-0.48828125,-0.9033203125,0,-0.59814453125,0.03662109375,-1.5380859375,-0.1220703125,-0.30517578125,-0.0732421875,-0.45166015625,-0.08544921875,-1.708984375,-0.0732421875,-0.7080078125,-0.1708984375,-0.6591796875,0.08544921875,-0.62255859375,-0.03662109375,-0.048828125,0.06103515625,-0.732421875,0.09765625,-1.513671875,0.15869140625,-1.08642578125,-0.2685546875,0.20751953125,0.048828125,0.3173828125,0.0732421875,-0.0244140625,-0.0732421875,-0.06103515625,-0.1220703125,0.18310546875,-0.1708984375,-0.25634765625,-0.0732421875,0.52490234375,-0.146484375,-0.69580078125,-0.30517578125,-0.8056640625
1,-0.20751953125,6.28662109375,0.06103515625,2.79541015625,0.1708984375,2.24609375,0.15869140625,3.02734375,0.01220703125,-0.146484375,-0.32958984375,-0.927734375,-0.20751953125,1.01318359375,-0.15869140625,-0.10986328125,0.1220703125,-0.5859375,0.0732421875,-0.25634765625,-0.09765625,0.79345703125,-0.28076171875,-0.57373046875,-0.2685546875,-0.20751953125,-0.18310546875,-0.8544921875,-0.048828125,0.81787109375,-0.2197265625,-0.09765625,-0.439453125,0.634765625,-0.08544921875,-0.1708984375,-0.32958984375,0.15869140625,-0.03662109375,0.2197265625,-0.10986328125,-0.244140625,-0.01220703125,-0.69580078125,-0.4638671875,-0.439453125,-0.537109375,0.67138671875,0.1220703125,1.30615234375,-0.32958984375,1.513671875,0.341796875,-0.0244140625,0.32958984375,0.89111328125,-0.5126953125,0.7080078125,0.20751953125,0.5859375,-0.6591796875,0.59814453125,0.37841796875,0.1708984375,-0.06103515625,-0.048828125,-0.30517578125,0.67138671875,-0.59814453125,-0.25634765625,-0.3662109375,-0.18310546875,-0.2197265625,1.3427734375,0.1220703125,1.904296875,0.25634765625,1.13525390625,0.10986328125,2.55126953125,0.146484375,-0.59814453125,0.2685546875,2.33154296875,-0.50048828125,-0.81787109375,-0.01220703125,-0.4638671875,0.01220703125,-1.5625,-0.146484375,-0.30517578125,-0.15869140625,-0.47607421875,-0.0244140625,-1.77001953125,-0.06103515625,-0.68359375,-0.15869140625,-0.68359375,0.0732421875,-0.62255859375,0.03662109375,-0.0732421875,0.0244140625,-0.74462890625,0.0732421875,-1.50146484375,0.09765625,-1.07421875,-0.25634765625,0.20751953125,0.048828125,0.341796875,0.0732421875,-0.0244140625,-0.0732421875,-0.0732421875,-0.10986328125,0.1708984375,-0.1708984375,-0.2197265625,-0.06103515625,0.54931640625,-0.1220703125,-0.67138671875,-0.28076171875,-0.78125
1,-0.1708984375,6.396484375,0.06103515625,2.79541015625,0.1708984375,2.23388671875,0.146484375,3.02734375,-0.01220703125,-0.13427734375,-0.32958984375,-0.9521484375,-0.18310546875,1.01318359375,-0.15869140625,-0.1220703125,0.0732421875,-0.62255859375,0.03662109375,-0.25634765625,-0.09765625,0.79345703125,-0.244140625,-0.57373046875,-0.29296875,-0.20751953125,-0.1708984375,-0.87890625,-0.06103515625,0.81787109375,-0.2197265625,-0.10986328125,-0.42724609375,0.78125,-0.13427734375,-0.0244140625,-0.28076171875,0.30517578125,0.0244140625,0.390625,-0.01220703125,-0.23193359375,0.01220703125,-0.68359375,-0.439453125,-0.45166015625,-0.64697265625,0.68359375,0.0732421875,1.171875,-0.2685546875,1.1962890625,0.32958984375,-0.09765625,0.3662109375,0.79345703125,-0.537109375,0.72021484375,0.1953125,0.59814453125,-0.62255859375,0.62255859375,0.29296875,0.1708984375,-0.06103515625,-0.23193359375,-0.28076171875,0.5859375,-0.69580078125,-0.439453125,-0.29296875,-0.2685546875,-0.18310546875,1.30615234375,0.1220703125,1.8310546875,0.15869140625,1.07421875,0.146484375,2.45361328125,0.08544921875,-0.42724609375,0.4150390625,3.08837890625,-0.4638671875,-0.7080078125,0.0244140625,-0.32958984375,-0.03662109375,-1.57470703125,-0.1708984375,-0.30517578125,-0.20751953125,-0.4638671875,0.0244140625,-1.7822265625,-0.03662109375,-0.68359375,-0.09765625,-0.67138671875,-0.0244140625,-0.64697265625,0.06103515625,-0.06103515625,0.01220703125,-0.7568359375,0.03662109375,-1.513671875,0.03662109375,-1.07421875,-0.20751953125,0.20751953125,0.03662109375,0.30517578125,0.08544921875,-0.048828125,-0.048828125,-0.06103515625,-0.09765625,0.1708984375,-0.1708984375,-0.1953125,-0.0732421875,0.54931640625,-0.09765625,-0.6103515625,-0.25634765625,-0.74462890625
1,-0.18310546875,6.26220703125,0.10986328125,2.69775390625,0.18310546875,2.16064453125,0.20751953125,2.9296875,-0.01220703125,-0.09765625,-0.30517578125,-0.93994140625,-0.23193359375,1.025390625,-0.10986328125,-0.146484375,0.0244140625,-0.6103515625,0.06103515625,-0.25634765625,-0.0732421875,0.79345703125,-0.1953125,-0.5859375,-0.3173828125,-0.18310546875,-0.15869140625,-0.87890625,-0.10986328125,0.81787109375,-0.1953125,-0.1220703125,-0.32958984375,0.91552734375,-0.18310546875,0.03662109375,-0.2197265625,0.37841796875,0.0732421875,0.48828125,0.09765625,-0.244140625,0.0244140625,-0.67138671875,-0.37841796875,-0.439453125,-0.732421875,0.68359375,0.01220703125,1.0498046875,-0.20751953125,0.8544921875,0.35400390625,-0.13427734375,0.439453125,0.72021484375,-0.57373046875,0.72021484375,0.25634765625,0.59814453125,-0.537109375,0.62255859375,0.25634765625,0.18310546875,-0.03662109375,-0.3662109375,-0.25634765625,0.54931640625,-0.74462890625,-0.5126953125,-0.2197265625,-0.32958984375,-0.0732421875,1.28173828125,0.08544921875,1.708984375,0.06103515625,0.98876953125,0.1708984375,2.34375,0,-0.2197265625,0.47607421875,3.80859375,-0.45166015625,-0.59814453125,0.0732421875,-0.15869140625,-0.10986328125,-1.59912109375,-0.2197265625,-0.29296875,-0.25634765625,-0.47607421875,0.0732421875,-1.77001953125,0,-0.7080078125,-0.0732421875,-0.6591796875,-0.06103515625,-0.62255859375,0.09765625,-0.0732421875,0,-0.7568359375,0.01220703125,-1.513671875,0.01220703125,-1.07421875,-0.18310546875,0.18310546875,0.0732421875,0.3173828125,0.09765625,-0.048828125,-0.06103515625,-0.0732421875,-0.08544921875,0.15869140625,-0.1708984375,-0.18310546875,-0.0732421875,0.54931640625,-0.08544921875,-0.62255859375,-0.23193359375,-0.74462890625
1,-0.25634765625,5.96923828125,0.10986328125,2.52685546875,0.15869140625,2.0751953125,0.15869140625,2.783203125,-0.01220703125,-0.08544921875,-0.29296875,-0.93994140625,-0.23193359375,1.03759765625,-0.09765625,-0.18310546875,0,-0.62255859375,0.08544921875,-0.23193359375,-0.0244140625,0.79345703125,-0.13427734375,-0.59814453125,-0.29296875,-0.18310546875,-0.10986328125,-0.87890625,-0.23193359375,0.84228515625,-0.23193359375,-0.10986328125,-0.28076171875,0.9521484375,-0.2197265625,0.0244140625,-0.1708984375,0.390625,0.09765625,0.5126953125,0.146484375,-0.244140625,0,-0.6591796875,-0.29296875,-0.45166015625,-0.78125,0.7080078125,0,0.91552734375,-0.1708984375,0.5126953125,0.390625,-0.20751953125,0.4638671875,0.6591796875,-0.5615234375,0.732421875,0.23193359375,0.57373046875,-0.50048828125,0.59814453125,0.1953125,0.18310546875,0,-0.45166015625,-0.13427734375,0.52490234375,-0.6591796875,-0.57373046875,-0.08544921875,-0.3173828125,-0.0732421875,1.25732421875,0.048828125,1.5869140625,-0.08544921875,0.927734375,0.146484375,2.25830078125,-0.06103515625,-0.06103515625,0.47607421875,4.4677734375,-0.3662109375,-0.50048828125,0.1220703125,-0.01220703125,-0.18310546875,-1.611328125,-0.23193359375,-0.29296875,-0.29296875,-0.4638671875,0.1220703125,-1.72119140625,0.048828125,-0.7080078125,-0.06103515625,-0.64697265625,-0.0732421875,-0.634765625,0.10986328125,-0.06103515625,0.01220703125,-0.76904296875,-0.0244140625,-1.50146484375,0,-1.06201171875,-0.1953125,0.2197265625,0.0732421875,0.3173828125,0.08544921875,-0.048828125,-0.06103515625,-0.0732421875,-0.048828125,0.146484375,-0.18310546875,-0.20751953125,-0.0732421875,0.54931640625,-0.08544921875,-0.64697265625,-0.18310546875,-0.76904296875
1,-0.30517578125,5.5419921875,0.1220703125,2.294921875,0.10986328125,1.91650390625,0.146484375,2.55126953125,-0.01220703125,-0.06103515625,-0.28076171875,-0.927734375,-0.25634765625,1.06201171875,-0.06103515625,-0.1708984375,-0.06103515625,-0.6103515625,0.09765625,-0.23193359375,0.1220703125,0.830078125,-0.048828125,-0.6103515625,-0.3173828125,-0.15869140625,-0.03662109375,-0.87890625,-0.40283203125,0.81787109375,-0.18310546875,-0.10986328125,-0.20751953125,0.91552734375,-0.1708984375,-0.048828125,-0.15869140625,0.30517578125,0.08544921875,0.48828125,0.15869140625,-0.23193359375,0.01220703125,-0.62255859375,-0.2197265625,-0.42724609375,-0.79345703125,0.732421875,-0.0244140625,0.79345703125,-0.18310546875,0.18310546875,0.3662109375,-0.28076171875,0.45166015625,0.5615234375,-0.50048828125,0.74462890625,0.10986328125,0.5615234375,-0.40283203125,0.57373046875,0.13427734375,0.1953125,-0.01220703125,-0.45166015625,-0.03662109375,0.54931640625,-0.537109375,-0.52490234375,-0.01220703125,-0.29296875,-0.03662109375,1.220703125,0,1.52587890625,-0.1953125,0.830078125,0.15869140625,2.16064453125,-0.146484375,0.0732421875,0.47607421875,4.98046875,-0.23193359375,-0.4150390625,0.1220703125,0.10986328125,-0.20751953125,-1.62353515625,-0.244140625,-0.29296875,-0.341796875,-0.439453125,0.15869140625,-1.62353515625,0.03662109375,-0.68359375,-0.048828125,-0.67138671875,-0.06103515625,-0.634765625,0.06103515625,-0.06103515625,0.048828125,-0.79345703125,-0.03662109375,-1.513671875,0,-1.06201171875,-0.2197265625,0.1953125,0.06103515625,0.30517578125,0.13427734375,-0.048828125,-0.0732421875,-0.09765625,0,0.1220703125,-0.1708984375,-0.2197265625,-0.06103515625,0.5126953125,-0.0732421875,-0.72021484375,-0.1220703125,-0.8056640625
1,-0.3173828125,5.029296875,0.13427734375,2.0751953125,0.08544921875,1.7578125,0.13427734375,2.3193359375,-0.0244140625,-0.08544921875,-0.2685546875,-0.927734375,-0.2685546875,1.03759765625,-0.0732421875,-0.18310546875,-0.06103515625,-0.5859375,0.1220703125,-0.23193359375,0.18310546875,0.8544921875,-0.03662109375,-0.6103515625,-0.30517578125,-0.15869140625,-0.01220703125,-0.87890625,-0.5615234375,0.8056640625,-0.146484375,-0.1220703125,-0.1953125,0.76904296875,-0.10986328125,-0.146484375,-0.13427734375,0.1708984375,0.0732421875,0.390625,0.1220703125,-0.23193359375,-0.01220703125,-0.6103515625,-0.146484375,-0.45166015625,-0.72021484375,0.76904296875,-0.0732421875,0.7080078125,-0.146484375,-0.09765625,0.341796875,-0.32958984375,0.47607421875,0.48828125,-0.4150390625,0.7568359375,0.13427734375,0.54931640625,-0.3662109375,0.537109375,0.03662109375,0.1953125,0.0244140625,-0.37841796875,0.0732421875,0.59814453125,-0.4638671875,-0.42724609375,0.0244140625,-0.20751953125,0.01220703125,1.1962890625,-0.06103515625,1.46484375,-0.18310546875,0.74462890625,0.1708984375,2.099609375,-0.23193359375,0.13427734375,0.40283203125,5.38330078125,-0.13427734375,-0.341796875,0.13427734375,0.18310546875,-0.23193359375,-1.62353515625,-0.25634765625,-0.28076171875,-0.37841796875,-0.42724609375,0.13427734375,-1.5625,0.01220703125,-0.67138671875,-0.01220703125,-0.6591796875,-0.06103515625,-0.634765625,0,-0.06103515625,0.03662109375,-0.78125,-0.0732421875,-1.5380859375,-0.0244140625,-1.06201171875,-0.23193359375,0.1953125,0.0244140625,0.2685546875,0.18310546875,-0.048828125,-0.08544921875,-0.08544921875,0,0.09765625,-0.18310546875,-0.2197265625,-0.048828125,0.439453125,0,-0.8056640625,-0.10986328125,-0.830078125
0,-0.30517578125,4.55322265625,0.10986328125,1.84326171875,0.10986328125,1.62353515625,0.15869140625,2.13623046875,-0.0244140625,-0.06103515625,-0.2685546875,-0.93994140625,-0.28076171875,1.03759765625,-0.048828125,-0.20751953125,-0.048828125,-0.5859375,0.146484375,-0.23193359375,0.25634765625,0.89111328125,-0.0244140625,-0.6103515625,-0.29296875,-0.1953125,0.03662109375,-0.86669921875,-0.634765625,0.8056640625,-0.1220703125,-0.1220703125,-0.15869140625,0.62255859375,-0.06103515625,-0.2685546875,-0.13427734375,0.01220703125,0.0732421875,0.25634765625,0.048828125,-0.244140625,-0.08544921875,-0.5859375,-0.08544921875,-0.45166015625,-0.64697265625,0.8056640625,-0.0732421875,0.6591796875,-0.1220703125,-0.3173828125,0.244140625,-0.37841796875,0.4150390625,0.439453125,-0.3173828125,0.76904296875,0.09765625,0.537109375,-0.37841796875,0.5126953125,-0.01220703125,0.18310546875,0,-0.25634765625,0.09765625,0.67138671875,-0.3662109375,-0.25634765625,0.03662109375,-0.1220703125,0.0732421875,1.123046875,-0.0732421875,1.40380859375,-0.13427734375,0.67138671875,0.1953125,2.06298828125,-0.23193359375,0.146484375,0.4150390625,5.55419921875,-0.06103515625,-0.28076171875,0.15869140625,0.244140625,-0.20751953125,-1.59912109375,-0.29296875,-0.29296875,-0.40283203125,-0.4150390625,0.0732421875,-1.513671875,0,-0.68359375,-0.0244140625,-0.68359375,-0.03662109375,-0.62255859375,-0.0732421875,-0.0732421875,0,-0.76904296875,-0.09765625,-1.52587890625,-0.048828125,-1.07421875,-0.2197265625,0.20751953125,0.01220703125,0.28076171875,0.1953125,-0.03662109375,-0.06103515625,-0.08544921875,0,0.09765625,-0.1708984375,-0.25634765625,-0.048828125,0.4150390625,0.0244140625,-0.87890625,-0.09765625,-0.8544921875
0,-0.2197265625,4.1015625,0.10986328125,1.67236328125,0.048828125,1.50146484375,0.13427734375,1.9775390625,-0.03662109375,-0.08544921875,-0.23193359375,-0.927734375,-0.30517578125,1.0498046875,-0.0732421875,-0.18310546875,-0.06103515625,-0.54931640625,0.146484375,-0.2197265625,0.3662109375,0.9033203125,-0.048828125,-0.62255859375,-0.29296875,-0.1953125,0.048828125,-0.87890625,-0.634765625,0.79345703125,-0.048828125,-0.13427734375,-0.20751953125,0.45166015625,-0.01220703125,-0.40283203125,-0.1220703125,-0.146484375,0.01220703125,0.1220703125,0.01220703125,-0.23193359375,-0.20751953125,-0.5859375,-0.048828125,-0.4638671875,-0.54931640625,0.8056640625,-0.1220703125,0.634765625,-0.1708984375,-0.4638671875,0.18310546875,-0.37841796875,0.3662109375,0.390625,-0.20751953125,0.76904296875,0.10986328125,0.52490234375,-0.3173828125,0.47607421875,-0.03662109375,0.18310546875,0.03662109375,-0.1220703125,0.1708984375,0.74462890625,-0.28076171875,-0.10986328125,0.0244140625,-0.0244140625,0,1.01318359375,-0.23193359375,1.37939453125,-0.1708984375,0.6103515625,0.0732421875,2.01416015625,-0.18310546875,0.13427734375,0.341796875,5.56640625,0.03662109375,-0.2685546875,0.1220703125,0.2197265625,-0.15869140625,-1.5869140625,-0.28076171875,-0.30517578125,-0.341796875,-0.4150390625,0,-1.50146484375,-0.0244140625,-0.68359375,-0.08544921875,-0.69580078125,-0.01220703125,-0.62255859375,-0.13427734375,-0.06103515625,-0.06103515625,-0.76904296875,-0.13427734375,-1.50146484375,-0.048828125,-1.07421875,-0.2197265625,0.20751953125,0,0.29296875,0.18310546875,-0.03662109375,-0.06103515625,-0.048828125,0.01220703125,0.13427734375,-0.15869140625,-0.30517578125,-0.06103515625,0.390625,0,-0.927734375,-0.08544921875,-0.9033203125
0,-0.20751953125,3.759765625,0.09765625,1.5380859375,0.01220703125,1.37939453125,0.13427734375,1.85546875,-0.03662109375,-0.10986328125,-0.18310546875,-0.927734375,-0.30517578125,1.01318359375,-0.08544921875,-0.18310546875,-0.0732421875,-0.57373046875,0.1708984375,-0.20751953125,0.3662109375,0.89111328125,-0.048828125,-0.6103515625,-0.244140625,-0.2197265625,0.03662109375,-0.87890625,-0.54931640625,0.76904296875,-0.06103515625,-0.13427734375,-0.2197265625,0.30517578125,0.0732421875,-0.5126953125,-0.09765625,-0.28076171875,-0.048828125,-0.01220703125,-0.048828125,-0.2197265625,-0.29296875,-0.57373046875,-0.0244140625,-0.4638671875,-0.45166015625,0.81787109375,-0.146484375,0.67138671875,-0.1953125,-0.4638671875,0.146484375,-0.390625,0.3173828125,0.439453125,-0.1953125,0.76904296875,0.2197265625,0.537109375,-0.20751953125,0.4638671875,0.048828125,0.1953125,0.03662109375,0,0.2197265625,0.79345703125,-0.20751953125,0.03662109375,-0.0244140625,0.06103515625,0.03662109375,0.87890625,-0.20751953125,1.3427734375,-0.13427734375,0.57373046875,0.0732421875,1.98974609375,-0.09765625,0.0732421875,0.146484375,5.3955078125,0.09765625,-0.28076171875,0.146484375,0.1708984375,-0.09765625,-1.5625,-0.2685546875,-0.30517578125,-0.2685546875,-0.390625,-0.06103515625,-1.513671875,-0.08544921875,-0.68359375,-0.06103515625,-0.67138671875,-0.0244140625,-0.62255859375,-0.18310546875,-0.048828125,-0.10986328125,-0.76904296875,-0.146484375,-1.52587890625,-0.03662109375,-1.07421875,-0.2197265625,0.2197265625,0,0.29296875,0.15869140625,-0.0244140625,-0.06103515625,-0.048828125,0,0.10986328125,-0.15869140625,-0.341796875,-0.06103515625,0.37841796875,0,-0.96435546875,-0.06103515625,-0.927734375
0,-0.25634765625,3.52783203125,0.1220703125,1.47705078125,-0.03662109375,1.2939453125,0.13427734375,1.79443359375,-0.048828125,-0.13427734375,-0.1708984375,-0.927734375,-0.30517578125,0.9765625,-0.0732421875,-0.146484375,-0.03662109375,-0.5615234375,0.1708984375,-0.18310546875,0.40283203125,0.9033203125,-0.0244140625,-0.6103515625,-0.1708984375,-0.20751953125,-0.01220703125,-0.86669921875,-0.40283203125,0.76904296875,-0.06103515625,-0.13427734375,-0.2685546875,0.15869140625,0.1953125,-0.5859375,-0.1708984375,-0.390625,-0.146484375,-0.09765625,-0.06103515625,-0.244140625,-0.30517578125,-0.5615234375,-0.01220703125,-0.4638671875,-0.40283203125,0.78125,-0.146484375,0.7080078125,-0.20751953125,-0.3662109375,0.09765625,-0.32958984375,0.23193359375,0.47607421875,-0.15869140625,0.76904296875,0.2685546875,0.54931640625,-0.10986328125,0.47607421875,0.10986328125,0.1953125,0.01220703125,0.1220703125,0.2685546875,0.8544921875,-0.146484375,0.13427734375,-0.048828125,0.10986328125,0.09765625,0.7568359375,-0.10986328125,1.3427734375,-0.08544921875,0.50048828125,0.0732421875,1.953125,0.01220703125,-0.03662109375,0.03662109375,5.1025390625,0.15869140625,-0.3173828125,0.1708984375,0.10986328125,-0.048828125,-1.57470703125,-0.23193359375,-0.3173828125,-0.18310546875,-0.40283203125,-0.09765625,-1.5869140625,-0.08544921875,-0.67138671875,-0.048828125,-0.67138671875,-0.03662109375,-0.634765625,-0.1953125,-0.06103515625,-0.13427734375,-0.76904296875,-0.18310546875,-1.513671875,0.01220703125,-1.07421875,-0.2197265625,0.2197265625,0,0.29296875,0.15869140625,-0.03662109375,-0.06103515625,-0.048828125,-0.01220703125,0.13427734375,-0.1953125,-0.3662109375,-0.09765625,0.37841796875,-0.03662109375,-0.98876953125,-0.0732421875,-0.927734375
0,-0.2685546875,3.43017578125,0.1220703125,1.416015625,-0.0244140625,1.23291015625,0.09765625,1.74560546875,-0.06103515625,-0.1220703125,-0.146484375,-0.93994140625,-0.3173828125,0.9765625,-0.08544921875,-0.13427734375,-0.0244140625,-0.59814453125,0.15869140625,-0.2197265625,0.40283203125,0.87890625,-0.0244140625,-0.59814453125,-0.1220703125,-0.25634765625,-0.09765625,-0.84228515625,-0.18310546875,0.7568359375,-0.06103515625,-0.146484375,-0.29296875,0.06103515625,0.35400390625,-0.634765625,-0.15869140625,-0.439453125,-0.13427734375,-0.15869140625,-0.048828125,-0.25634765625,-0.30517578125,-0.54931640625,-0.01220703125,-0.4638671875,-0.341796875,0.74462890625,-0.1953125,0.78125,-0.20751953125,-0.1953125,0.0732421875,-0.30517578125,0.15869140625,0.537109375,-0.20751953125,0.7568359375,0.37841796875,0.54931640625,-0.08544921875,0.52490234375,0.10986328125,0.20751953125,0.03662109375,0.18310546875,0.25634765625,0.86669921875,-0.10986328125,0.146484375,-0.09765625,0.1220703125,-0.01220703125,0.62255859375,-0.146484375,1.30615234375,-0.13427734375,0.4638671875,-0.048828125,1.91650390625,0.15869140625,-0.13427734375,-0.0244140625,4.72412109375,0.25634765625,-0.3662109375,0.1953125,0.0244140625,0.0244140625,-1.57470703125,-0.15869140625,-0.32958984375,-0.0732421875,-0.42724609375,-0.146484375,-1.67236328125,-0.08544921875,-0.67138671875,-0.01220703125,-0.6591796875,-0.06103515625,-0.634765625,-0.18310546875,-0.0732421875,-0.1220703125,-0.76904296875,-0.244140625,-1.52587890625,0.01220703125,-1.08642578125,-0.18310546875,0.20751953125,0,0.29296875,0.1220703125,-0.0244140625,-0.06103515625,-0.03662109375,-0.0244140625,0.146484375,-0.18310546875,-0.35400390625,-0.06103515625,0.40283203125,-0.0244140625,-0.96435546875,-0.06103515625,-0.927734375
0,-0.244140625,3.369140625,0.1220703125,1.42822265625,-0.0244140625,1.20849609375,0.08544921875,1.708984375,-0.08544921875,-0.1220703125,-0.13427734375,-0.927734375,-0.3173828125,0.98876953125,-0.09765625,-0.10986328125,0,-0.59814453125,0.146484375,-0.20751953125,0.40283203125,0.86669921875,-0.0244140625,-0.5859375,-0.03662109375,-0.244140625,-0.1708984375,-0.830078125,-0.03662109375,0.74462890625,-0.1220703125,-0.13427734375,-0.3662109375,0.048828125,0.37841796875,-0.634765625,-0.28076171875,-0.45166015625,-0.23193359375,-0.15869140625,0.0244140625,-0.244140625,-0.341796875,-0.52490234375,-0.03662109375,-0.4638671875,-0.23193359375,0.69580078125,-0.2685546875,0.84228515625,-0.1953125,0.03662109375,0.0732421875,-0.25634765625,0.13427734375,0.5859375,-0.25634765625,0.732421875,0.4638671875,0.57373046875,-0.1220703125,0.57373046875,0.10986328125,0.2197265625,-0.03662109375,0.20751953125,0.1708984375,0.87890625,-0.2197265625,0.13427734375,-0.146484375,0.09765625,-0.0244140625,0.5126953125,-0.06103515625,1.2939453125,-0.09765625,0.40283203125,-0.048828125,1.8310546875,0.25634765625,-0.244140625,-0.06103515625,4.33349609375,0.28076171875,-0.45166015625,0.1953125,-0.03662109375,0.08544921875,-1.57470703125,-0.10986328125,-0.35400390625,0.01220703125,-0.4638671875,-0.146484375,-1.74560546875,-0.09765625,-0.67138671875,-0.01220703125,-0.68359375,-0.0732421875,-0.634765625,-0.1220703125,-0.03662109375,-0.10986328125,-0.78125,-0.30517578125,-1.52587890625,0,-1.0986328125,-0.15869140625,0.23193359375,-0.01220703125,0.28076171875,0.09765625,-0.0244140625,-0.06103515625,-0.048828125,-0.01220703125,0.13427734375,-0.18310546875,-0.37841796875,-0.048828125,0.439453125,-0.0244140625,-0.91552734375,-0.08544921875,-0.9033203125
0,-0.244140625,3.3447265625,0.1220703125,1.416015625,-0.06103515625,1.171875,0.0732421875,1.69677734375,-0.09765625,-0.10986328125,-0.146484375,-0.91552734375,-0.32958984375,0.9765625,-0.10986328125,-0.0732421875,0.03662109375,-0.62255859375,0.1220703125,-0.1953125,0.42724609375,0.84228515625,-0.06103515625,-0.57373046875,0.01220703125,-0.244140625,-0.244140625,-0.8544921875,0.1220703125,0.7568359375,-0.13427734375,-0.1220703125,-0.35400390625,0.048828125,0.47607421875,-0.62255859375,-0.28076171875,-0.42724609375,-0.18310546875,-0.1708984375,0.10986328125,-0.2685546875,-0.37841796875,-0.5126953125,-0.0732421875,-0.439453125,-0.146484375,0.64697265625,-0.341796875,0.91552734375,-0.146484375,0.25634765625,0.0244140625,-0.23193359375,0.03662109375,0.634765625,-0.244140625,0.732421875,0.439453125,0.59814453125,-0.08544921875,0.634765625,0.1220703125,0.23193359375,-0.03662109375,0.18310546875,0.1220703125,0.830078125,-0.28076171875,0.048828125,-0.1220703125,0.0732421875,-0.09765625,0.439453125,-0.048828125,1.30615234375,-0.146484375,0.35400390625,-0.048828125,1.79443359375,0.28076171875,-0.32958984375,-0.06103515625,3.96728515625,0.29296875,-0.5126953125,0.1708984375,-0.1220703125,0.146484375,-1.5869140625,-0.08544921875,-0.35400390625,0.1220703125,-0.48828125,-0.146484375,-1.81884765625,-0.1220703125,-0.7080078125,-0.0244140625,-0.67138671875,-0.09765625,-0.62255859375,-0.09765625,-0.048828125,-0.06103515625,-0.78125,-0.3662109375,-1.5380859375,-0.01220703125,-1.0986328125,-0.09765625,0.2197265625,-0.03662109375,0.29296875,0.048828125,-0.0244140625,-0.06103515625,-0.01220703125,-0.01220703125,0.146484375,-0.23193359375,-0.390625,-0.08544921875,0.47607421875,-0.06103515625,-0.8544921875,-0.10986328125,-0.89111328125
0,-0.2197265625,3.271484375,0.10986328125,1.3427734375,-0.08544921875,1.0986328125,0.0732421875,1.611328125,-0.1220703125,-0.1220703125,-0.1708984375,-0.91552734375,-0.32958984375,1.0009765625,-0.1220703125,-0.09765625,0.048828125,-0.62255859375,0.08544921875,-0.2197265625,0.40283203125,0.8544921875,-0.1220703125,-0.57373046875,0.03662109375,-0.23193359375,-0.3173828125,-0.84228515625,0.25634765625,0.74462890625,-0.1708984375,-0.13427734375,-0.341796875,0.06103515625,0.5126953125,-0.634765625,-0.244140625,-0.32958984375,-0.10986328125,-0.15869140625,0.244140625,-0.25634765625,-0.3662109375,-0.5126953125,-0.10986328125,-0.42724609375,-0.09765625,0.62255859375,-0.42724609375,0.9521484375,-0.13427734375,0.4150390625,0.01220703125,-0.1953125,0,0.67138671875,-0.2197265625,0.7080078125,0.52490234375,0.6103515625,-0.01220703125,0.68359375,0.15869140625,0.23193359375,-0.06103515625,0.146484375,0.048828125,0.830078125,-0.42724609375,-0.08544921875,-0.146484375,0.0244140625,-0.25634765625,0.439453125,-0.048828125,1.3427734375,-0.18310546875,0.341796875,-0.03662109375,1.74560546875,0.28076171875,-0.4150390625,-0.048828125,3.64990234375,0.32958984375,-0.5859375,0.15869140625,-0.18310546875,0.20751953125,-1.59912109375,-0.0732421875,-0.3662109375,0.20751953125,-0.5126953125,-0.08544921875,-1.84326171875,-0.13427734375,-0.69580078125,-0.0244140625,-0.67138671875,-0.0732421875,-0.634765625,-0.048828125,-0.0244140625,-0.048828125,-0.76904296875,-0.42724609375,-1.513671875,-0.01220703125,-1.0986328125,-0.048828125,0.2197265625,-0.0244140625,0.28076171875,0,-0.0244140625,-0.0732421875,-0.01220703125,-0.03662109375,0.13427734375,-0.1953125,-0.3662109375,-0.0732421875,0.5126953125,-0.06103515625,-0.76904296875,-0.08544921875,-0.89111328125
0,-0.18310546875,3.1005859375,0.1220703125,1.2451171875,-0.1220703125,1.0009765625,0.048828125,1.47705078125,-0.1220703125,-0.10986328125,-0.1708984375,-0.91552734375,-0.35400390625,1.01318359375,-0.146484375,-0.1220703125,0.0244140625,-0.62255859375,0.0732421875,-0.20751953125,0.40283203125,0.84228515625,-0.20751953125,-0.57373046875,0.08544921875,-0.244140625,-0.35400390625,-0.84228515625,0.2685546875,0.74462890625,-0.1708984375,-0.13427734375,-0.3662109375,0.09765625,0.40283203125,-0.62255859375,-0.390625,-0.25634765625,-0.146484375,-0.18310546875,0.32958984375,-0.25634765625,-0.37841796875,-0.5126953125,-0.15869140625,-0.4150390625,-0.15869140625,0.6103515625,-0.4638671875,0.98876953125,-0.1220703125,0.5126953125,0.01220703125,-0.23193359375,-0.06103515625,0.69580078125,-0.1708984375,0.69580078125,0.48828125,0.6103515625,0.0244140625,0.7080078125,0.20751953125,0.25634765625,-0.048828125,0.09765625,-0.03662109375,0.79345703125,-0.6103515625,-0.1708984375,-0.18310546875,-0.01220703125,-0.35400390625,0.45166015625,-0.146484375,1.35498046875,-0.2685546875,0.3662109375,-0.01220703125,1.7578125,0.23193359375,-0.42724609375,-0.0732421875,3.4423828125,0.29296875,-0.64697265625,0.146484375,-0.23193359375,0.1953125,-1.59912109375,-0.048828125,-0.341796875,0.25634765625,-0.50048828125,-0.01220703125,-1.81884765625,-0.146484375,-0.7080078125,-0.03662109375,-0.6591796875,-0.06103515625,-0.634765625,0.0244140625,-0.03662109375,-0.08544921875,-0.78125,-0.42724609375,-1.52587890625,-0.03662109375,-1.08642578125,0,0.20751953125,-0.03662109375,0.29296875,0,-0.01220703125,-0.06103515625,-0.01220703125,-0.01220703125,0.13427734375,-0.1953125,-0.3173828125,-0.0732421875,0.54931640625,-0.08544921875,-0.72021484375,-0.09765625,-0.8544921875
0,-0.10986328125,2.83203125,0.146484375,1.08642578125,-0.09765625,0.89111328125,0.048828125,1.30615234375,-0.146484375,-0.08544921875,-0.146484375,-0.927734375,-0.3662109375,1.025390625,-0.13427734375,-0.146484375,0.0244140625,-0.62255859375,0.06103515625,-0.20751953125,0.341796875,0.84228515625,-0.244140625,-0.5615234375,0.08544921875,-0.23193359375,-0.3662109375,-0.84228515625,0.32958984375,0.74462890625,-0.15869140625,-0.1220703125,-0.29296875,0.0732421875,0.3662109375,-0.62255859375,-0.341796875,-0.1708984375,0,-0.2197265625,0.3662109375,-0.2197265625,-0.341796875,-0.54931640625,-0.146484375,-0.439453125,-0.25634765625,0.634765625,-0.48828125,1.0009765625,-0.13427734375,0.537109375,0.048828125,-0.25634765625,-0.13427734375,0.68359375,-0.13427734375,0.7080078125,0.52490234375,0.6103515625,0.0244140625,0.7080078125,0.25634765625,0.2685546875,0.048828125,0.048828125,-0.048828125,0.78125,-0.54931640625,-0.2685546875,-0.13427734375,-0.048828125,-0.244140625,0.5859375,-0.1708984375,1.416015625,-0.20751953125,0.4150390625,0.09765625,1.806640625,0.146484375,-0.4638671875,-0.10986328125,3.3203125,0.28076171875,-0.68359375,0.146484375,-0.2685546875,0.1220703125,-1.5869140625,-0.01220703125,-0.3173828125,0.3173828125,-0.47607421875,0.08544921875,-1.7578125,-0.1220703125,-0.68359375,-0.03662109375,-0.68359375,-0.0732421875,-0.6103515625,0.06103515625,-0.03662109375,-0.09765625,-0.78125,-0.390625,-1.513671875,-0.03662109375,-1.0986328125,0.01220703125,0.23193359375,-0.0244140625,0.29296875,-0.048828125,-0.01220703125,-0.048828125,0.01220703125,-0.01220703125,0.146484375,-0.20751953125,-0.29296875,-0.08544921875,0.57373046875,-0.09765625,-0.69580078125,-0.08544921875,-0.84228515625
0,-0.03662109375,2.392578125,0.15869140625,0.89111328125,-0.10986328125,0.7568359375,0.01220703125,1.08642578125,-0.15869140625,-0.06103515625,-0.1220703125,-0.927734375,-0.3662109375,1.0498046875,-0.13427734375,-0.1708984375,0.0244140625,-0.59814453125,0.0732421875,-0.20751953125,0.25634765625,0.830078125,-0.23193359375,-0.57373046875,0.0732421875,-0.20751953125,-0.35400390625,-0.84228515625,0.28076171875,0.74462890625,-0.13427734375,-0.1220703125,-0.28076171875,0.08544921875,0.25634765625,-0.64697265625,-0.390625,-0.10986328125,0,-0.28076171875,0.40283203125,-0.20751953125,-0.3173828125,-0.5859375,-0.13427734375,-0.439453125,-0.29296875,0.67138671875,-0.4638671875,0.9765625,-0.146484375,0.439453125,0.0732421875,-0.29296875,-0.1953125,0.64697265625,-0.06103515625,0.7080078125,0.54931640625,0.62255859375,0.01220703125,0.69580078125,0.341796875,0.25634765625,0.0244140625,0.03662109375,-0.06103515625,0.78125,-0.5859375,-0.28076171875,-0.1708984375,0,-0.20751953125,0.732421875,-0.1708984375,1.47705078125,-0.20751953125,0.5126953125,0.1953125,1.9287109375,0.08544921875,-0.439453125,-0.18310546875,3.28369140625,0.25634765625,-0.69580078125,0.18310546875,-0.25634765625,0.06103515625,-1.57470703125,0,-0.28076171875,0.3662109375,-0.4638671875,0.18310546875,-1.69677734375,-0.10986328125,-0.69580078125,-0.03662109375,-0.68359375,-0.09765625,-0.5859375,0.1220703125,-0.03662109375,-0.13427734375,-0.8056640625,-0.341796875,-1.5380859375,-0.03662109375,-1.08642578125,0.0244140625,0.23193359375,-0.03662109375,0.3173828125,-0.048828125,-0.0244140625,-0.06103515625,0.01220703125,-0.03662109375,0.146484375,-0.20751953125,-0.28076171875,-0.10986328125,0.5859375,-0.10986328125,-0.6591796875,-0.08544921875,-0.830078125
0,0.0732421875,1.84326171875,0.15869140625,0.68359375,-0.1220703125,0.59814453125,0.048828125,0.86669921875,-0.1708984375,-0.048828125,-0.10986328125,-0.91552734375,-0.37841796875,1.03759765625,-0.15869140625,-0.2197265625,0,-0.57373046875,0.15869140625,-0.1953125,0.20751953125,0.84228515625,-0.20751953125,-0.57373046875,0.0244140625,-0.20751953125,-0.32958984375,-0.84228515625,0.2197265625,0.76904296875,-0.09765625,-0.15869140625,-0.25634765625,0.03662109375,0.13427734375,-0.67138671875,-0.4150390625,-0.10986328125,0,-0.341796875,0.3662109375,-0.18310546875,-0.29296875,-0.6103515625,-0.10986328125,-0.45166015625,-0.25634765625,0.72021484375,-0.439453125,0.96435546875,-0.10986328125,0.29296875,0.146484375,-0.30517578125,-0.244140625,0.6103515625,0.0244140625,0.732421875,0.45166015625,0.634765625,-0.0732421875,0.6591796875,0.37841796875,0.25634765625,0.048828125,0.08544921875,-0.09765625,0.81787109375,-0.5859375,-0.244140625,-0.20751953125,0.048828125,-0.15869140625,0.93994140625,-0.13427734375,1.611328125,-0.20751953125,0.634765625,0.18310546875,2.0751953125,0.01220703125,-0.4150390625,-0.23193359375,3.2470703125,0.2685546875,-0.69580078125,0.2197265625,-0.25634765625,-0.048828125,-1.5869140625,0.048828125,-0.29296875,0.42724609375,-0.439453125,0.25634765625,-1.62353515625,-0.0732421875,-0.69580078125,-0.0244140625,-0.69580078125,-0.1220703125,-0.5859375,0.13427734375,-0.0244140625,-0.15869140625,-0.79345703125,-0.2685546875,-1.52587890625,-0.0732421875,-1.07421875,-0.01220703125,0.23193359375,-0.0244140625,0.3173828125,-0.03662109375,-0.01220703125,-0.048828125,0.0244140625,-0.0244140625,0.146484375,-0.18310546875,-0.2685546875,-0.08544921875,0.57373046875,-0.048828125,-0.6591796875,-0.048828125,-0.8056640625
0,0.09765625,1.20849609375,0.1708984375,0.45166015625,-0.09765625,0.42724609375,0.09765625,0.634765625,-0.1708984375,-0.06103515625,-0.1220703125,-0.9521484375,-0.3662109375,1.025390625,-0.18310546875,-0.1953125,-0.03662109375,-0.5615234375,0.1953125,-0.1953125,0.10986328125,0.8544921875,-0.1953125,-0.57373046875,-0.06103515625,-0.1708984375,-0.28076171875,-0.84228515625,0.1953125,0.76904296875,-0.0732421875,-0.15869140625,-0.30517578125,0,0.01220703125,-0.67138671875,-0.4638671875,-0.10986328125,-0.01220703125,-0.40283203125,0.32958984375,-0.1953125,-0.32958984375,-0.67138671875,-0.03662109375,-0.47607421875,-0.30517578125,0.7568359375,-0.40283203125,0.91552734375,-0.13427734375,0.13427734375,0.18310546875,-0.341796875,-0.25634765625,0.57373046875,0.08544921875,0.732421875,0.439453125,0.6103515625,-0.1220703125,0.6103515625,0.42724609375,0.2685546875,0.146484375,0.2197265625,-0.048828125,0.89111328125,-0.37841796875,-0.146484375,-0.1220703125,0.146484375,-0.06103515625,1.123046875,-0.048828125,1.69677734375,-0.06103515625,0.7568359375,0.25634765625,2.24609375,-0.03662109375,-0.4150390625,-0.25634765625,3.2470703125,0.2197265625,-0.7080078125,0.20751953125,-0.2685546875,-0.15869140625,-1.57470703125,0.06103515625,-0.2685546875,0.47607421875,-0.4150390625,0.23193359375,-1.55029296875,-0.01220703125,-0.68359375,-0.048828125,-0.69580078125,-0.15869140625,-0.6103515625,0.09765625,-0.048828125,-0.1708984375,-0.79345703125,-0.23193359375,-1.513671875,-0.10986328125,-1.06201171875,-0.0244140625,0.2197265625,0.01220703125,0.3173828125,-0.0244140625,-0.0244140625,-0.06103515625,0.048828125,-0.03662109375,0.13427734375,-0.20751953125,-0.244140625,-0.0732421875,0.57373046875,0.01220703125,-0.6591796875,-0.06103515625,-0.78125
1,0.08544921875,0.57373046875,0.1953125,0.244140625,-0.10986328125,0.28076171875,0.06103515625,0.4638671875,-0.18310546875,-0.08544921875,-0.08544921875,-0.927734375,-0.35400390625,1.01318359375,-0.1953125,-0.18310546875,-0.10986328125,-0.54931640625,0.25634765625,-0.1708984375,0.06103515625,0.87890625,-0.146484375,-0.5859375,-0.09765625,-0.18310546875,-0.23193359375,-0.84228515625,0.13427734375,0.78125,-0.048828125,-0.13427734375,-0.28076171875,0.0244140625,-0.01220703125,-0.6591796875,-0.4638671875,-0.13427734375,0.048828125,-0.42724609375,0.244140625,-0.1708984375,-0.40283203125,-0.72021484375,0.048828125,-0.48828125,-0.30517578125,0.8056640625,-0.341796875,0.9033203125,-0.18310546875,0,0.10986328125,-0.32958984375,-0.2685546875,0.57373046875,0.2197265625,0.7568359375,0.45166015625,0.6103515625,-0.1953125,0.5859375,0.47607421875,0.244140625,0.10986328125,0.37841796875,-0.0732421875,0.98876953125,-0.3173828125,0.01220703125,-0.1953125,0.25634765625,-0.09765625,1.26953125,-0.0244140625,1.806640625,0.048828125,0.8544921875,0.2197265625,2.392578125,-0.08544921875,-0.4150390625,-0.2685546875,3.1494140625,0.15869140625,-0.68359375,0.146484375,-0.29296875,-0.25634765625,-1.5380859375,0.03662109375,-0.28076171875,0.5126953125,-0.390625,0.18310546875,-1.50146484375,0,-0.6591796875,-0.06103515625,-0.7080078125,-0.20751953125,-0.62255859375,0.0732421875,-0.048828125,-0.18310546875,-0.8056640625,-0.18310546875,-1.513671875,-0.18310546875,-1.07421875,-0.03662109375,0.23193359375,0.03662109375,0.32958984375,-0.0244140625,0,-0.06103515625,0.0244140625,-0.06103515625,0.13427734375,-0.23193359375,-0.244140625,-0.06103515625,0.57373046875,0.0244140625,-0.69580078125,-0.06103515625,-0.79345703125
1,0.13427734375,0.0244140625,0.1708984375,0.08544921875,-0.1708984375,0.1220703125,0.09765625,0.30517578125,-0.15869140625,-0.09765625,-0.06103515625,-0.927734375,-0.32958984375,0.98876953125,-0.18310546875,-0.1708984375,-0.18310546875,-0.54931640625,0.3173828125,-0.18310546875,0.03662109375,0.89111328125,-0.15869140625,-0.57373046875,-0.08544921875,-0.15869140625,-0.1708984375,-0.8544921875,0.10986328125,0.79345703125,-0.0244140625,-0.13427734375,-0.341796875,0.0732421875,-0.06103515625,-0.6103515625,-0.3662109375,-0.13427734375,0.03662109375,-0.3662109375,0.15869140625,-0.15869140625,-0.48828125,-0.74462890625,0.10986328125,-0.50048828125,-0.35400390625,0.830078125,-0.23193359375,0.9033203125,-0.20751953125,-0.09765625,0.15869140625,-0.28076171875,-0.244140625,0.57373046875,0.244140625,0.76904296875,0.50048828125,0.59814453125,-0.15869140625,0.537109375,0.45166015625,0.23193359375,0.146484375,0.5859375,-0.08544921875,1.123046875,-0.1220703125,0.146484375,-0.23193359375,0.37841796875,-0.01220703125,1.35498046875,0.09765625,1.81884765625,0.2197265625,0.927734375,0.23193359375,2.490234375,-0.10986328125,-0.439453125,-0.1708984375,2.9541015625,0.1220703125,-0.7080078125,0.03662109375,-0.30517578125,-0.29296875,-1.55029296875,0.0244140625,-0.28076171875,0.52490234375,-0.40283203125,0.09765625,-1.50146484375,-0.01220703125,-0.67138671875,-0.09765625,-0.68359375,-0.20751953125,-0.6103515625,0,-0.06103515625,-0.18310546875,-0.8056640625,-0.0732421875,-1.52587890625,-0.2197265625,-1.06201171875,-0.03662109375,0.23193359375,0.03662109375,0.32958984375,-0.03662109375,-0.0244140625,-0.048828125,0.0244140625,-0.0732421875,0.146484375,-0.2197265625,-0.2197265625,-0.0732421875,0.57373046875,0.0244140625,-0.732421875,-0.0732421875,-0.76904296875
1,0.10986328125,-0.35400390625,0.18310546875,-0.03662109375,-0.1708984375,0.01220703125,0.06103515625,0.20751953125,-0.1220703125,-0.1220703125,-0.0732421875,-0.927734375,-0.28076171875,0.9765625,-0.18310546875,-0.146484375,-0.244140625,-0.57373046875,0.341796875,-0.15869140625,0.0244140625,0.9033203125,-0.146484375,-0.5859375,-0.10986328125,-0.18310546875,-0.1220703125,-0.8544921875,0.06103515625,0.79345703125,-0.03662109375,-0.13427734375,-0.4150390625,0.146484375,-0.09765625,-0.52490234375,-0.439453125,-0.13427734375,-0.01220703125,-0.2685546875,0.09765625,-0.15869140625,-0.57373046875,-0.74462890625,0.1953125,-0.50048828125,-0.30517578125,0.87890625,-0.13427734375,0.927734375,-0.244140625,-0.09765625,0.146484375,-0.25634765625,-0.23193359375,0.62255859375,0.244140625,0.76904296875,0.5615234375,0.59814453125,-0.09765625,0.52490234375,0.439453125,0.2197265625,0.1220703125,0.76904296875,-0.08544921875,1.2451171875,0.10986328125,0.3662109375,-0.2197265625,0.48828125,-0.1220703125,1.318359375,0.146484375,1.806640625,0.341796875,0.91552734375,0.18310546875,2.490234375,-0.10986328125,-0.5126953125,-0.15869140625,2.57568359375,0.0732421875,-0.732421875,-0.0244140625,-0.40283203125,-0.30517578125,-1.5625,-0.03662109375,-0.25634765625,0.5126953125,-0.4150390625,0.0244140625,-1.55029296875,-0.01220703125,-0.67138671875,-0.1220703125,-0.68359375,-0.20751953125,-0.6103515625,-0.03662109375,-0.0732421875,-0.1220703125,-0.79345703125,-0.0244140625,-1.513671875,-0.25634765625,-1.08642578125,-0.048828125,0.2197265625,0.0244140625,0.3173828125,-0.01220703125,-0.0244140625,-0.06103515625,0,-0.03662109375,0.13427734375,-0.18310546875,-0.20751953125,-0.06103515625,0.57373046875,0.0732421875,-0.7568359375,-0.0244140625,-0.7568359375
1,0.08544921875,-0.4638671875,0.2197265625,-0.06103515625,-0.1708984375,-0.03662109375,0.0732421875,0.15869140625,-0.09765625,-0.10986328125,-0.0732421875,-0.927734375,-0.244140625,0.9765625,-0.146484375,-0.146484375,-0.2685546875,-0.5615234375,0.341796875,-0.1953125,0.048828125,0.9033203125,-0.1708984375,-0.5859375,-0.09765625,-0.20751953125,-0.09765625,-0.8544921875,-0.0244140625,0.78125,-0.0244140625,-0.09765625,-0.48828125,0.25634765625,-0.1220703125,-0.4150390625,-0.50048828125,-0.09765625,-0.09765625,-0.13427734375,0.0244140625,-0.1953125,-0.68359375,-0.74462890625,0.2685546875,-0.5126953125,-0.28076171875,0.9033203125,-0.03662109375,1.0009765625,-0.28076171875,0,0.18310546875,-0.18310546875,-0.1708984375,0.67138671875,0.2197265625,0.76904296875,0.537109375,0.57373046875,-0.13427734375,0.50048828125,0.390625,0.20751953125,0.10986328125,0.96435546875,-0.1220703125,1.35498046875,0.18310546875,0.5126953125,-0.2685546875,0.59814453125,-0.20751953125,1.220703125,0.20751953125,1.77001953125,0.37841796875,0.87890625,0.048828125,2.4169921875,-0.10986328125,-0.64697265625,-0.01220703125,2.099609375,0.03662109375,-0.8056640625,-0.048828125,-0.48828125,-0.25634765625,-1.5625,-0.06103515625,-0.28076171875,0.45166015625,-0.4150390625,0.01220703125,-1.5869140625,-0.0244140625,-0.67138671875,-0.1220703125,-0.68359375,-0.25634765625,-0.59814453125,-0.06103515625,-0.0732421875,-0.1220703125,-0.79345703125,0.03662109375,-1.52587890625,-0.29296875,-1.06201171875,-0.0244140625,0.244140625,0.01220703125,0.341796875,0,-0.0244140625,-0.06103515625,0,-0.0244140625,0.1220703125,-0.18310546875,-0.23193359375,-0.0732421875,0.5615234375,0.048828125,-0.7568359375,-0.03662109375,-0.7568359375
1,0.0732421875,-0.3173828125,0.23193359375,0.01220703125,-0.20751953125,0,0.01220703125,0.23193359375,-0.06103515625,-0.10986328125,-0.0732421875,-0.91552734375,-0.2197265625,0.9765625,-0.15869140625,-0.13427734375,-0.244140625,-0.59814453125,0.3173828125,-0.1708984375,0.09765625,0.89111328125,-0.2197265625,-0.5859375,-0.048828125,-0.1953125,-0.10986328125,-0.8544921875,-0.0732421875,0.8056640625,-0.03662109375,-0.1220703125,-0.52490234375,0.390625,-0.09765625,-0.30517578125,-0.45166015625,-0.03662109375,-0.146484375,0.03662109375,-0.01220703125,-0.1953125,-0.7568359375,-0.69580078125,0.29296875,-0.50048828125,-0.23193359375,0.91552734375,-0.0244140625,1.07421875,-0.28076171875,0.146484375,0.23193359375,-0.13427734375,-0.09765625,0.732421875,0.23193359375,0.78125,0.537109375,0.5859375,-0.048828125,0.50048828125,0.30517578125,0.1953125,0.1220703125,1.11083984375,-0.20751953125,1.46484375,0.23193359375,0.6103515625,-0.23193359375,0.67138671875,-0.1953125,1.03759765625,0.30517578125,1.6357421875,0.40283203125,0.7568359375,-0.03662109375,2.23388671875,-0.06103515625,-0.78125,0.10986328125,1.4892578125,-0.048828125,-0.89111328125,-0.06103515625,-0.6103515625,-0.18310546875,-1.57470703125,-0.06103515625,-0.30517578125,0.341796875,-0.439453125,-0.01220703125,-1.66015625,-0.01220703125,-0.68359375,-0.09765625,-0.67138671875,-0.28076171875,-0.6103515625,-0.01220703125,-0.0732421875,-0.10986328125,-0.76904296875,0.10986328125,-1.52587890625,-0.341796875,-1.0986328125,-0.0244140625,0.23193359375,0.01220703125,0.341796875,-0.01220703125,-0.048828125,-0.06103515625,0.01220703125,-0.03662109375,0.146484375,-0.1953125,-0.25634765625,-0.06103515625,0.54931640625,0.1220703125,-0.76904296875,-0.0244140625,-0.7568359375
1,0.1220703125,0.09765625,0.25634765625,0.2197265625,-0.23193359375,0.1220703125,-0.01220703125,0.42724609375,-0.048828125,-0.10986328125,-0.06103515625,-0.91552734375,-0.2197265625,0.9765625,-0.15869140625,-0.0732421875,-0.1953125,-0.59814453125,0.23193359375,-0.15869140625,0.146484375,0.87890625,-0.20751953125,-0.57373046875,-0.048828125,-0.1953125,-0.08544921875,-0.86669921875,-0.13427734375,0.79345703125,-0.01220703125,-0.09765625,-0.48828125,0.52490234375,-0.13427734375,-0.25634765625,-0.48828125,0.03662109375,-0.2197265625,0.18310546875,-0.03662109375,-0.20751953125,-0.7568359375,-0.64697265625,0.30517578125,-0.5126953125,-0.18310546875,0.91552734375,-0.03662109375,1.15966796875,-0.35400390625,0.341796875,0.1953125,-0.09765625,-0.0732421875,0.8056640625,0.244140625,0.7568359375,0.5615234375,0.59814453125,-0.03662109375,0.50048828125,0.2685546875,0.15869140625,0.0732421875,1.18408203125,-0.25634765625,1.513671875,0.25634765625,0.67138671875,-0.1708984375,0.7080078125,-0.2197265625,0.76904296875,0.3173828125,1.52587890625,0.390625,0.6103515625,-0.09765625,2.0263671875,-0.0244140625,-0.93994140625,0.23193359375,0.84228515625,-0.18310546875,-0.98876953125,0,-0.74462890625,-0.1220703125,-1.57470703125,-0.08544921875,-0.3173828125,0.2197265625,-0.45166015625,0.03662109375,-1.69677734375,0.0244140625,-0.69580078125,-0.10986328125,-0.67138671875,-0.2685546875,-0.59814453125,0.01220703125,-0.0732421875,-0.048828125,-0.76904296875,0.13427734375,-1.52587890625,-0.3173828125,-1.08642578125,-0.01220703125,0.23193359375,-0.01220703125,0.30517578125,-0.0244140625,-0.03662109375,-0.06103515625,0,-0.01220703125,0.13427734375,-0.18310546875,-0.29296875,-0.06103515625,0.537109375,0.15869140625,-0.7568359375,-0.01220703125,-0.78125
1,0.06103515625,0.7568359375,0.25634765625,0.4638671875,-0.2197265625,0.30517578125,-0.0244140625,0.6591796875,-0.03662109375,-0.0732421875,-0.03662109375,-0.93994140625,-0.2197265625,1.0009765625,-0.1708984375,-0.09765625,-0.1220703125,-0.6103515625,0.1953125,-0.1708984375,0.1220703125,0.86669921875,-0.25634765625,-0.57373046875,0.0244140625,-0.18310546875,-0.10986328125,-0.830078125,-0.146484375,0.78125,0.01220703125,-0.09765625,-0.439453125,0.62255859375,-0.20751953125,-0.2197265625,-0.4150390625,0.09765625,-0.2685546875,0.2685546875,-0.03662109375,-0.2197265625,-0.732421875,-0.5615234375,0.30517578125,-0.48828125,-0.13427734375,0.9521484375,-0.048828125,1.26953125,-0.37841796875,0.5126953125,0.18310546875,-0.048828125,-0.03662109375,0.87890625,0.23193359375,0.7568359375,0.6103515625,0.62255859375,-0.03662109375,0.50048828125,0.18310546875,0.13427734375,0.0732421875,1.20849609375,-0.20751953125,1.5380859375,0.20751953125,0.6591796875,-0.13427734375,0.732421875,-0.146484375,0.6103515625,0.4150390625,1.50146484375,0.3662109375,0.4638671875,-0.10986328125,1.8310546875,0.048828125,-1.0986328125,0.3173828125,0.20751953125,-0.244140625,-1.06201171875,0.01220703125,-0.8544921875,-0.06103515625,-1.5869140625,-0.06103515625,-0.341796875,0.10986328125,-0.439453125,0.03662109375,-1.7333984375,0.03662109375,-0.69580078125,-0.0732421875,-0.68359375,-0.2197265625,-0.5859375,0.03662109375,-0.06103515625,-0.03662109375,-0.78125,0.13427734375,-1.513671875,-0.29296875,-1.08642578125,0,0.20751953125,-0.01220703125,0.30517578125,-0.01220703125,-0.048828125,-0.06103515625,0.01220703125,0.03662109375,0.13427734375,-0.20751953125,-0.341796875,-0.048828125,0.52490234375,0.2197265625,-0.72021484375,0.0244140625,-0.79345703125
1,0,1.64794921875,0.23193359375,0.78125,-0.2685546875,0.5615234375,-0.08544921875,0.9521484375,-0.03662109375,-0.09765625,-0.0244140625,-0.93994140625,-0.20751953125,1.01318359375,-0.1953125,-0.10986328125,-0.0732421875,-0.6103515625,0.10986328125,-0.15869140625,0.06103515625,0.87890625,-0.25634765625,-0.5615234375,0.0732421875,-0.18310546875,-0.15869140625,-0.830078125,-0.15869140625,0.76904296875,-0.01220703125,-0.09765625,-0.35400390625,0.64697265625,-0.29296875,-0.244140625,-0.390625,0.10986328125,-0.3173828125,0.29296875,0,-0.2197265625,-0.64697265625,-0.5126953125,0.29296875,-0.50048828125,-0.10986328125,0.96435546875,-0.08544921875,1.35498046875,-0.37841796875,0.67138671875,0.1953125,-0.03662109375,-0.03662109375,0.927734375,0.18310546875,0.74462890625,0.72021484375,0.6591796875,0.048828125,0.50048828125,0.0732421875,0.13427734375,0.0732421875,1.18408203125,-0.146484375,1.5380859375,0.08544921875,0.59814453125,-0.13427734375,0.732421875,-0.146484375,0.537109375,0.3662109375,1.57470703125,0.28076171875,0.439453125,-0.09765625,1.7333984375,0.1220703125,-1.220703125,0.341796875,-0.30517578125,-0.37841796875,-1.1474609375,0.0732421875,-0.9521484375,0.0244140625,-1.59912109375,-0.0732421875,-0.35400390625,-0.01220703125,-0.47607421875,0.01220703125,-1.7333984375,0.06103515625,-0.72021484375,-0.08544921875,-0.67138671875,-0.15869140625,-0.5859375,0.0732421875,-0.0732421875,-0.01220703125,-0.7568359375,0.09765625,-1.513671875,-0.25634765625,-1.08642578125,-0.01220703125,0.20751953125,-0.03662109375,0.3173828125,-0.03662109375,-0.03662109375,-0.06103515625,0,0.03662109375,0.146484375,-0.15869140625,-0.35400390625,-0.06103515625,0.5126953125,0.2197265625,-0.68359375,0.06103515625,-0.830078125
1,0.03662109375,2.67333984375,0.23193359375,1.171875,-0.244140625,0.87890625,-0.09765625,1.318359375,-0.03662109375,-0.0732421875,0,-0.93994140625,-0.2197265625,1.0498046875,-0.20751953125,-0.146484375,-0.048828125,-0.6103515625,0.01220703125,-0.1708984375,-0.08544921875,0.8544921875,-0.29296875,-0.54931640625,0.09765625,-0.1708984375,-0.18310546875,-0.84228515625,-0.10986328125,0.78125,-0.0244140625,-0.10986328125,-0.28076171875,0.57373046875,-0.37841796875,-0.30517578125,-0.3173828125,0.1220703125,-0.30517578125,0.2197265625,0.048828125,-0.2197265625,-0.5126953125,-0.439453125,0.244140625,-0.48828125,-0.09765625,0.9765625,-0.08544921875,1.45263671875,-0.390625,0.732421875,0.1953125,-0.0244140625,0,0.9521484375,0.1220703125,0.7568359375,0.6591796875,0.67138671875,0.13427734375,0.50048828125,-0.01220703125,0.13427734375,0.06103515625,1.11083984375,-0.10986328125,1.47705078125,0.01220703125,0.48828125,-0.10986328125,0.69580078125,-0.0244140625,0.64697265625,0.30517578125,1.84326171875,0.23193359375,0.52490234375,0.01220703125,1.81884765625,0.2197265625,-1.28173828125,0.30517578125,-0.62255859375,-0.42724609375,-1.220703125,0.1220703125,-1.025390625,0.0732421875,-1.59912109375,-0.10986328125,-0.341796875,-0.0732421875,-0.48828125,-0.06103515625,-1.72119140625,0.10986328125,-0.732421875,-0.10986328125,-0.64697265625,-0.0732421875,-0.57373046875,0.10986328125,-0.06103515625,-0.01220703125,-0.74462890625,0.048828125,-1.52587890625,-0.1953125,-1.08642578125,0,0.1953125,-0.06103515625,0.3173828125,-0.048828125,-0.048828125,-0.08544921875,-0.01220703125,0.06103515625,0.146484375,-0.15869140625,-0.3662109375,-0.0732421875,0.48828125,0.2197265625,-0.62255859375,0.10986328125,-0.86669921875
1,0.0732421875,3.6865234375,0.18310546875,1.57470703125,-0.28076171875,1.220703125,-0.1220703125,1.69677734375,-0.03662109375,-0.08544921875,0.0244140625,-0.93994140625,-0.20751953125,1.06201171875,-0.2197265625,-0.1708984375,-0.0244140625,-0.57373046875,-0.01220703125,-0.18310546875,-0.20751953125,0.89111328125,-0.32958984375,-0.54931640625,0.13427734375,-0.18310546875,-0.2197265625,-0.830078125,-0.048828125,0.79345703125,-0.06103515625,-0.10986328125,-0.25634765625,0.47607421875,-0.4638671875,-0.4150390625,-0.20751953125,0.0732421875,-0.28076171875,0.10986328125,0.08544921875,-0.2197265625,-0.37841796875,-0.390625,0.20751953125,-0.48828125,-0.1220703125,1.0009765625,-0.13427734375,1.47705078125,-0.4150390625,0.74462890625,0.20751953125,-0.048828125,0.03662109375,0.927734375,0.08544921875,0.7568359375,0.6591796875,0.69580078125,0.23193359375,0.50048828125,0,0.146484375,0.01220703125,0.98876953125,-0.048828125,1.416015625,-0.06103515625,0.390625,-0.08544921875,0.634765625,0,0.98876953125,0.20751953125,2.34375,0.1220703125,0.8056640625,0.06103515625,2.11181640625,0.2685546875,-1.318359375,0.2685546875,-0.7080078125,-0.48828125,-1.2451171875,0.0732421875,-1.0498046875,0.08544921875,-1.59912109375,-0.1220703125,-0.35400390625,-0.13427734375,-0.47607421875,-0.10986328125,-1.6845703125,0.146484375,-0.72021484375,-0.1220703125,-0.67138671875,0.0244140625,-0.5859375,0.1220703125,-0.0732421875,-0.0732421875,-0.7568359375,-0.03662109375,-1.513671875,-0.146484375,-1.06201171875,0.01220703125,0.1953125,-0.10986328125,0.30517578125,-0.06103515625,-0.048828125,-0.06103515625,-0.048828125,0.06103515625,0.146484375,-0.13427734375,-0.341796875,-0.08544921875,0.48828125,0.20751953125,-0.52490234375,0.15869140625,-0.86669921875
1,0.13427734375,4.6875,0.244140625,1.94091796875,-0.29296875,1.5625,-0.1220703125,2.0751953125,-0.0732421875,-0.08544921875,0.048828125,-0.9521484375,-0.2197265625,1.06201171875,-0.20751953125,-0.1953125,-0.0244140625,-0.57373046875,-0.06103515625,-0.1953125,-0.32958984375,0.86669921875,-0.32958984375,-0.54931640625,0.1708984375,-0.15869140625,-0.29296875,-0.84228515625,0.01220703125,0.78125,-0.10986328125,-0.09765625,-0.2685546875,0.341796875,-0.48828125,-0.52490234375,-0.15869140625,0.03662109375,-0.244140625,-0.06103515625,0.18310546875,-0.20751953125,-0.244140625,-0.35400390625,0.1220703125,-0.50048828125,-0.10986328125,1.0009765625,-0.1953125,1.46484375,-0.3662109375,0.6591796875,0.23193359375,-0.08544921875,0.03662109375,0.9033203125,0.09765625,0.76904296875,0.68359375,0.732421875,0.2685546875,0.5126953125,-0.08544921875,0.1708984375,-0.0732421875,0.86669921875,0.0244140625,1.318359375,-0.10986328125,0.28076171875,-0.0732421875,0.5615234375,0.0244140625,1.5869140625,0.0732421875,3.08837890625,0.0244140625,1.25732421875,0.13427734375,2.67333984375,0.29296875,-1.2451171875,0.2685546875,-0.52490234375,-0.45166015625,-1.220703125,0.06103515625,-0.98876953125,0.09765625,-1.59912109375,-0.10986328125,-0.32958984375,-0.1953125,-0.47607421875,-0.15869140625,-1.62353515625,0.146484375,-0.72021484375,-0.09765625,-0.6591796875,0.048828125,-0.59814453125,0.13427734375,-0.0732421875,-0.09765625,-0.76904296875,-0.08544921875,-1.513671875,-0.0732421875,-1.06201171875,-0.03662109375,0.18310546875,-0.13427734375,0.29296875,-0.0732421875,-0.048828125,-0.06103515625,-0.0732421875,0.10986328125,0.146484375,-0.13427734375,-0.3173828125,-0.0732421875,0.4638671875,0.09765625,-0.3662109375,0.1708984375,-0.87890625
1,0.146484375,5.517578125,0.23193359375,2.28271484375,-0.30517578125,1.8798828125,-0.146484375,2.4169921875,-0.08544921875,-0.08544921875,0.048828125,-0.93994140625,-0.20751953125,1.06201171875,-0.20751953125,-0.2197265625,-0.03662109375,-0.5615234375,-0.06103515625,-0.20751953125,-0.439453125,0.87890625,-0.37841796875,-0.54931640625,0.18310546875,-0.18310546875,-0.3662109375,-0.84228515625,0.03662109375,0.79345703125,-0.1220703125,-0.1220703125,-0.32958984375,0.244140625,-0.54931640625,-0.59814453125,-0.15869140625,0.0732421875,-0.15869140625,-0.1708984375,0.2685546875,-0.23193359375,-0.09765625,-0.3173828125,0.0732421875,-0.48828125,-0.0732421875,1.01318359375,-0.25634765625,1.416015625,-0.341796875,0.54931640625,0.2197265625,-0.13427734375,0.06103515625,0.86669921875,0.10986328125,0.78125,0.59814453125,0.72021484375,0.244140625,0.5126953125,-0.1220703125,0.18310546875,-0.10986328125,0.7568359375,0.10986328125,1.220703125,-0.03662109375,0.1953125,-0.06103515625,0.50048828125,0.0732421875,2.38037109375,0.048828125,4.1015625,0.0244140625,1.94091796875,0.18310546875,3.45458984375,0.30517578125,-1.11083984375,0.20751953125,-0.0732421875,-0.32958984375,-1.13525390625,0.048828125,-0.9033203125,0.0732421875,-1.5625,-0.1708984375,-0.341796875,-0.2197265625,-0.4638671875,-0.13427734375,-1.57470703125,0.20751953125,-0.72021484375,-0.08544921875,-0.64697265625,0.08544921875,-0.6103515625,0.10986328125,-0.0732421875,-0.09765625,-0.7568359375,-0.18310546875,-1.52587890625,-0.0244140625,-1.06201171875,-0.06103515625,0.18310546875,-0.15869140625,0.29296875,-0.08544921875,-0.06103515625,-0.0732421875,-0.08544921875,0.10986328125,0.1708984375,-0.146484375,-0.244140625,-0.06103515625,0.5126953125,0.03662109375,-0.15869140625,0.146484375,-0.81787109375
1,0.08544921875,6.1767578125,0.23193359375,2.55126953125,-0.29296875,2.16064453125,-0.1220703125,2.685546875,-0.10986328125,-0.08544921875,0.048828125,-0.927734375,-0.2197265625,1.06201171875,-0.2197265625,-0.23193359375,-0.0732421875,-0.54931640625,-0.048828125,-0.2197265625,-0.47607421875,0.89111328125,-0.35400390625,-0.5615234375,0.1953125,-0.18310546875,-0.3662109375,-0.84228515625,0.03662109375,0.78125,-0.13427734375,-0.10986328125,-0.341796875,0.2197265625,-0.4638671875,-0.5615234375,-0.18310546875,0.23193359375,-0.06103515625,-0.20751953125,0.30517578125,-0.20751953125,0.06103515625,-0.35400390625,0.01220703125,-0.48828125,-0.13427734375,0.9765625,-0.28076171875,1.3427734375,-0.32958984375,0.3662109375,0.18310546875,-0.146484375,0.06103515625,0.79345703125,0.146484375,0.76904296875,0.54931640625,0.732421875,0.244140625,0.50048828125,-0.15869140625,0.20751953125,-0.146484375,0.67138671875,0.1708984375,1.123046875,0.06103515625,0.146484375,-0.048828125,0.45166015625,0,3.369140625,-0.06103515625,5.26123046875,0.03662109375,2.72216796875,0.15869140625,4.39453125,0.2685546875,-0.927734375,0.146484375,0.64697265625,-0.2197265625,-1.0009765625,0.0244140625,-0.72021484375,0.03662109375,-1.57470703125,-0.244140625,-0.341796875,-0.25634765625,-0.4638671875,-0.1220703125,-1.5625,0.23193359375,-0.72021484375,-0.048828125,-0.6591796875,0.048828125,-0.62255859375,0.09765625,-0.0732421875,-0.10986328125,-0.78125,-0.244140625,-1.513671875,0,-1.06201171875,-0.09765625,0.1953125,-0.15869140625,0.30517578125,-0.13427734375,-0.06103515625,-0.06103515625,-0.10986328125,0.10986328125,0.15869140625,-0.15869140625,-0.1220703125,-0.0732421875,0.59814453125,0.01220703125,0.10986328125,0.13427734375,-0.72021484375
0,0.048828125,6.54296875,0.23193359375,2.7587890625,-0.28076171875,2.34375,-0.1220703125,2.9052734375,-0.09765625,-0.08544921875,0.03662109375,-0.93994140625,-0.20751953125,1.0498046875,-0.244140625,-0.20751953125,-0.15869140625,-0.54931640625,-0.0732421875,-0.2197265625,-0.47607421875,0.9033203125,-0.29296875,-0.57373046875,0.2197265625,-0.18310546875,-0.40283203125,-0.8544921875,0.0244140625,0.79345703125,-0.146484375,-0.10986328125,-0.42724609375,0.32958984375,-0.47607421875,-0.40283203125,-0.3173828125,0.48828125,-0.03662109375,-0.08544921875,0.3662109375,-0.20751953125,0.15869140625,-0.40283203125,-0.0732421875,-0.50048828125,-0.1220703125,0.927734375,-0.244140625,1.2451171875,-0.30517578125,0.20751953125,0.146484375,-0.1708984375,0.10986328125,0.74462890625,0.1953125,0.79345703125,0.4638671875,0.732421875,0.23193359375,0.50048828125,-0.1708984375,0.25634765625,-0.18310546875,0.59814453125,0.20751953125,1.07421875,0.09765625,0.1220703125,-0.03662109375,0.40283203125,0.01220703125,4.45556640625,0,6.5673828125,0.10986328125,3.60107421875,0.13427734375,5.43212890625,0.28076171875,-0.67138671875,-0.01220703125,1.5380859375,-0.1220703125,-0.8544921875,0,-0.54931640625,-0.0244140625,-1.55029296875,-0.30517578125,-0.32958984375,-0.2685546875,-0.45166015625,-0.0732421875,-1.57470703125,0.2197265625,-0.72021484375,-0.048828125,-0.6591796875,0.048828125,-0.6103515625,0.0732421875,-0.048828125,-0.146484375,-0.76904296875,-0.28076171875,-1.513671875,0.0244140625,-1.07421875,-0.1220703125,0.20751953125,-0.15869140625,0.29296875,-0.15869140625,-0.048828125,-0.0732421875,-0.08544921875,0.146484375,0.1953125,-0.1708984375,0.0244140625,-0.0732421875,0.67138671875,0.06103515625,0.48828125,0.13427734375,-0.57373046875
0,0.0244140625,6.65283203125,0.244140625,2.8564453125,-0.3173828125,2.40478515625,-0.10986328125,3.01513671875,-0.08544921875,-0.0732421875,0.0244140625,-0.93994140625,-0.1953125,1.025390625,-0.25634765625,-0.18310546875,-0.23193359375,-0.5615234375,-0.03662109375,-0.20751953125,-0.4150390625,0.89111328125,-0.244140625,-0.5615234375,0.23193359375,-0.1953125,-0.4150390625,-0.8544921875,-0.03662109375,0.76904296875,-0.146484375,-0.1220703125,-0.4150390625,0.6103515625,-0.37841796875,-0.09765625,-0.28076171875,0.96435546875,0.0244140625,0.20751953125,0.32958984375,-0.23193359375,0.23193359375,-0.439453125,-0.0732421875,-0.5126953125,-0.08544921875,0.84228515625,-0.20751953125,1.1474609375,-0.20751953125,0.10986328125,0.09765625,-0.1708984375,0.048828125,0.7080078125,0.2197265625,0.79345703125,0.48828125,0.7080078125,0.29296875,0.537109375,-0.10986328125,0.28076171875,-0.1220703125,0.57373046875,0.32958984375,1.03759765625,0.2685546875,0.1220703125,0,0.341796875,-0.048828125,5.4931640625,0.048828125,7.861328125,0.1708984375,4.4677734375,0.0244140625,6.43310546875,0.20751953125,-0.42724609375,0,2.55126953125,-0.048828125,-0.69580078125,-0.048828125,-0.32958984375,-0.048828125,-1.5625,-0.341796875,-0.30517578125,-0.30517578125,-0.4638671875,-0.0244140625,-1.59912109375,0.1953125,-0.732421875,-0.048828125,-0.6591796875,0.06103515625,-0.6103515625,0,-0.048828125,-0.13427734375,-0.78125,-0.3173828125,-1.50146484375,0.03662109375,-1.0498046875,-0.146484375,0.20751953125,-0.15869140625,0.29296875,-0.1708984375,-0.048828125,-0.06103515625,-0.048828125,0.1220703125,0.18310546875,-0.1708984375,0.18310546875,-0.0732421875,0.78125,0.10986328125,0.89111328125,0.146484375,-0.4150390625
0,0.0244140625,6.494140625,0.23193359375,2.79541015625,-0.3173828125,2.392578125,-0.09765625,2.9541015625,-0.08544921875,-0.08544921875,0.03662109375,-0.9521484375,-0.20751953125,1.01318359375,-0.2197265625,-0.18310546875,-0.2685546875,-0.5615234375,-0.03662109375,-0.20751953125,-0.28076171875,0.9033203125,-0.1708984375,-0.57373046875,0.2685546875,-0.1953125,-0.341796875,-0.8544921875,-0.146484375,0.8056640625,-0.18310546875,-0.146484375,-0.37841796875,1.07421875,-0.29296875,0.32958984375,-0.37841796875,1.5625,0.0732421875,0.67138671875,0.29296875,-0.23193359375,0.30517578125,-0.50048828125,-0.0732421875,-0.48828125,-0.03662109375,0.7568359375,-0.20751953125,1.11083984375,-0.2685546875,0.048828125,0.06103515625,-0.18310546875,-0.048828125,0.69580078125,0.146484375,0.79345703125,0.48828125,0.6591796875,0.32958984375,0.54931640625,-0.09765625,0.30517578125,-0.13427734375,0.57373046875,0.341796875,1.0009765625,0.28076171875,0.1220703125,-0.06103515625,0.3173828125,-0.06103515625,6.4208984375,0.10986328125,8.984375,0.23193359375,5.224609375,-0.0244140625,7.3486328125,0.15869140625,-0.1953125,-0.0244140625,3.564453125,0.01220703125,-0.5126953125,-0.03662109375,-0.13427734375,-0.09765625,-1.5380859375,-0.3662109375,-0.28076171875,-0.390625,-0.47607421875,-0.0244140625,-1.6357421875,0.15869140625,-0.74462890625,-0.06103515625,-0.68359375,0.03662109375,-0.6103515625,-0.06103515625,-0.048828125,-0.13427734375,-0.76904296875,-0.3173828125,-1.50146484375,0.01220703125,-1.06201171875,-0.13427734375,0.23193359375,-0.1708984375,0.28076171875,-0.1708984375,-0.03662109375,-0.0732421875,-0.0244140625,0.1220703125,0.1708984375,-0.1708984375,0.37841796875,-0.0732421875,0.91552734375,0.1708984375,1.37939453125,0.13427734375,-0.20751953125
0,0.03662109375,6.1279296875,0.25634765625,2.6611328125,-0.3173828125,2.25830078125,-0.10986328125,2.81982421875,-0.09765625,-0.09765625,0.08544921875,-0.91552734375,-0.23193359375,1.01318359375,-0.1953125,-0.18310546875,-0.2685546875,-0.59814453125,-0.0244140625,-0.1953125,-0.18310546875,0.89111328125,-0.146484375,-0.57373046875,0.20751953125,-0.1953125,-0.28076171875,-0.84228515625,-0.2685546875,0.8056640625,-0.1708984375,-0.1220703125,-0.37841796875,1.66015625,-0.25634765625,0.87890625,-0.45166015625,2.34375,0.10986328125,1.2451171875,0.23193359375,-0.2197265625,0.20751953125,-0.54931640625,-0.08544921875,-0.48828125,0.048828125,0.64697265625,-0.1708984375,1.08642578125,-0.28076171875,0.0244140625,0.0732421875,-0.1953125,-0.10986328125,0.67138671875,0.1708984375,0.78125,0.47607421875,0.64697265625,0.30517578125,0.5615234375,-0.03662109375,0.28076171875,-0.01220703125,0.5615234375,0.35400390625,1.01318359375,0.28076171875,0.146484375,-0.0732421875,0.3173828125,-0.0732421875,7.11669921875,0.09765625,9.89990234375,0.2685546875,5.82275390625,-0.1708984375,8.0322265625,0.10986328125,0.03662109375,-0.08544921875,4.52880859375,0.048828125,-0.35400390625,-0.01220703125,0.06103515625,-0.146484375,-1.55029296875,-0.3662109375,-0.2685546875,-0.42724609375,-0.48828125,-0.03662109375,-1.67236328125,0.13427734375,-0.74462890625,-0.0732421875,-0.67138671875,0.0732421875,-0.6103515625,-0.1220703125,-0.03662109375,-0.15869140625,-0.78125,-0.30517578125,-1.513671875,-0.06103515625,-1.0498046875,-0.1220703125,0.244140625,-0.15869140625,0.29296875,-0.15869140625,-0.03662109375,-0.048828125,0.01220703125,0.13427734375,0.1708984375,-0.15869140625,0.54931640625,-0.0732421875,1.0498046875,0.1953125,1.86767578125,0.1708984375,0.01220703125
0,0.03662109375,5.4931640625,0.23193359375,2.44140625,-0.2685546875,2.0263671875,-0.13427734375,2.6123046875,-0.09765625,-0.08544921875,0.0732421875,-0.9033203125,-0.244140625,1.025390625,-0.23193359375,-0.146484375,-0.25634765625,-0.5859375,-0.01220703125,-0.1953125,-0.09765625,0.89111328125,-0.1220703125,-0.57373046875,0.18310546875,-0.18310546875,-0.2197265625,-0.830078125,-0.3662109375,0.8056640625,-0.18310546875,-0.1220703125,-0.30517578125,2.3681640625,-0.18310546875,1.47705078125,-0.390625,3.25927734375,0.08544921875,1.9287109375,0.13427734375,-0.20751953125,0.0732421875,-0.62255859375,0.01220703125,-0.48828125,0.0732421875,0.5615234375,-0.18310546875,1.07421875,-0.30517578125,0.0732421875,-0.01220703125,-0.18310546875,-0.244140625,0.67138671875,0.10986328125,0.76904296875,0.439453125,0.64697265625,0.32958984375,0.5615234375,-0.01220703125,0.28076171875,0.10986328125,0.57373046875,0.35400390625,1.03759765625,0.40283203125,0.1708984375,0.03662109375,0.30517578125,-0.09765625,7.58056640625,0.03662109375,10.48583984375,0.2197265625,6.1767578125,-0.244140625,8.45947265625,0.048828125,0.18310546875,-0.08544921875,5.3466796875,0.048828125,-0.20751953125,0,0.23193359375,-0.146484375,-1.55029296875,-0.3173828125,-0.28076171875,-0.47607421875,-0.47607421875,-0.0732421875,-1.69677734375,0.13427734375,-0.76904296875,-0.10986328125,-0.68359375,0.048828125,-0.5859375,-0.15869140625,-0.03662109375,-0.18310546875,-0.78125,-0.29296875,-1.513671875,-0.13427734375,-1.07421875,-0.10986328125,0.23193359375,-0.15869140625,0.28076171875,-0.1220703125,-0.03662109375,-0.06103515625,0.03662109375,0.09765625,0.15869140625,-0.1708984375,0.72021484375,-0.09765625,1.1962890625,0.1220703125,2.35595703125,0.146484375,0.20751953125
0,0.06103515625,4.74853515625,0.244140625,2.13623046875,-0.2685546875,1.7333984375,-0.1220703125,2.25830078125,-0.0732421875,-0.10986328125,0.10986328125,-0.927734375,-0.23193359375,1.01318359375,-0.23193359375,-0.15869140625,-0.20751953125,-0.6103515625,0,-0.18310546875,0.0244140625,0.86669921875,-0.13427734375,-0.5859375,0.1220703125,-0.1953125,-0.1220703125,-0.830078125,-0.439453125,0.81787109375,-0.13427734375,-0.10986328125,-0.30517578125,3.076171875,-0.146484375,2.11181640625,-0.3173828125,4.1748046875,0.048828125,2.64892578125,0.09765625,-0.1953125,-0.10986328125,-0.6591796875,0.15869140625,-0.48828125,0.0732421875,0.50048828125,-0.20751953125,1.11083984375,-0.3662109375,0.146484375,-0.048828125,-0.1953125,-0.3173828125,0.69580078125,0.03662109375,0.732421875,0.4638671875,0.634765625,0.3662109375,0.5859375,0.03662109375,0.25634765625,0.0732421875,0.59814453125,0.1953125,1.0986328125,0.28076171875,0.1953125,0.0244140625,0.3173828125,-0.10986328125,7.7392578125,0.0732421875,10.70556640625,0.1708984375,6.31103515625,-0.18310546875,8.59375,0.0244140625,0.28076171875,-0.06103515625,5.9814453125,0.0732421875,-0.13427734375,0.08544921875,0.341796875,-0.10986328125,-1.5625,-0.2197265625,-0.29296875,-0.48828125,-0.4638671875,-0.10986328125,-1.708984375,0.10986328125,-0.76904296875,-0.08544921875,-0.6591796875,0,-0.59814453125,-0.146484375,-0.0244140625,-0.244140625,-0.76904296875,-0.28076171875,-1.513671875,-0.20751953125,-1.06201171875,-0.0732421875,0.23193359375,-0.15869140625,0.30517578125,-0.09765625,-0.03662109375,-0.06103515625,0.03662109375,0.10986328125,0.15869140625,-0.18310546875,0.84228515625,-0.06103515625,1.33056640625,0.09765625,2.783203125,0.1708984375,0.40283203125
0,0.06103515625,3.955078125,0.20751953125,1.7578125,-0.25634765625,1.3916015625,-0.1220703125,1.904296875,-0.03662109375,-0.1220703125,0.13427734375,-0.9033203125,-0.244140625,1.025390625,-0.244140625,-0.1708984375,-0.23193359375,-0.64697265625,0.0244140625,-0.1708984375,-0.01220703125,0.8544921875,-0.13427734375,-0.5859375,0.06103515625,-0.1953125,-0.06103515625,-0.8544921875,-0.45166015625,0.81787109375,-0.0732421875,-0.10986328125,-0.23193359375,3.77197265625,-0.06103515625,2.7099609375,-0.28076171875,5.06591796875,0.01220703125,3.3203125,0.0244140625,-0.20751953125,-0.25634765625,-0.69580078125,0.32958984375,-0.48828125,0.18310546875,0.45166015625,-0.2197265625,1.15966796875,-0.30517578125,0.25634765625,-0.048828125,-0.1953125,-0.341796875,0.7080078125,0.0244140625,0.74462890625,0.52490234375,0.6591796875,0.4638671875,0.59814453125,0.0244140625,0.25634765625,0.1953125,0.59814453125,0.20751953125,1.13525390625,0.2197265625,0.20751953125,0.09765625,0.30517578125,-0.18310546875,7.60498046875,0.09765625,10.60791015625,0.13427734375,6.1767578125,-0.08544921875,8.447265625,0.03662109375,0.35400390625,-0.01220703125,6.38427734375,0.09765625,-0.08544921875,0.13427734375,0.40283203125,-0.09765625,-1.5625,-0.09765625,-0.28076171875,-0.439453125,-0.439453125,-0.09765625,-1.67236328125,0.10986328125,-0.78125,-0.06103515625,-0.67138671875,-0.03662109375,-0.5859375,-0.146484375,-0.03662109375,-0.244140625,-0.7568359375,-0.28076171875,-1.513671875,-0.244140625,-1.07421875,-0.06103515625,0.23193359375,-0.15869140625,0.29296875,-0.0732421875,-0.048828125,-0.06103515625,0.0244140625,0.09765625,0.13427734375,-0.18310546875,0.91552734375,-0.06103515625,1.40380859375,0.13427734375,3.06396484375,0.1708984375,0.52490234375
0,0.0732421875,3.16162109375,0.20751953125,1.3916015625,-0.29296875,1.0498046875,-0.13427734375,1.52587890625,-0.0244140625,-0.09765625,0.146484375,-0.927734375,-0.23193359375,1.06201171875,-0.244140625,-0.18310546875,-0.1953125,-0.62255859375,0.08544921875,-0.18310546875,-0.0244140625,0.8544921875,-0.10986328125,-0.57373046875,0.08544921875,-0.1953125,0,-0.830078125,-0.45166015625,0.8056640625,-0.01220703125,-0.10986328125,-0.20751953125,4.345703125,0.01220703125,3.1982421875,-0.2197265625,5.8349609375,-0.09765625,3.86962890625,0.01220703125,-0.23193359375,-0.37841796875,-0.72021484375,0.47607421875,-0.48828125,0.20751953125,0.45166015625,-0.2685546875,1.1962890625,-0.2685546875,0.341796875,-0.0732421875,-0.1953125,-0.50048828125,0.732421875,-0.08544921875,0.7568359375,0.52490234375,0.68359375,0.5126953125,0.59814453125,0.01220703125,0.2197265625,0.1708984375,0.5859375,0.146484375,1.171875,0.1220703125,0.20751953125,0.08544921875,0.32958984375,-0.29296875,7.2265625,-0.03662109375,10.16845703125,0.048828125,5.859375,0.01220703125,8.09326171875,0.08544921875,0.390625,0.048828125,6.5673828125,0.1220703125,-0.0732421875,0.1708984375,0.4150390625,-0.03662109375,-1.5869140625,0,-0.29296875,-0.40283203125,-0.40283203125,-0.13427734375,-1.6357421875,0.08544921875,-0.78125,-0.0244140625,-0.6591796875,-0.0732421875,-0.57373046875,-0.09765625,-0.03662109375,-0.1953125,-0.74462890625,-0.28076171875,-1.513671875,-0.25634765625,-1.06201171875,0,0.20751953125,-0.15869140625,0.28076171875,-0.03662109375,-0.06103515625,-0.06103515625,0.01220703125,0.0732421875,0.146484375,-0.1953125,0.9765625,-0.048828125,1.4404296875,0.20751953125,3.1982421875,0.1708984375,0.6103515625
0,0.03662109375,2.40478515625,0.1708984375,1.0498046875,-0.32958984375,0.7080078125,-0.1220703125,1.18408203125,-0.0244140625,-0.09765625,0.15869140625,-0.91552734375,-0.1953125,1.0498046875,-0.2197265625,-0.18310546875,-0.2197265625,-0.6103515625,0.13427734375,-0.1708984375,-0.08544921875,0.86669921875,-0.1220703125,-0.57373046875,0.0732421875,-0.1953125,0.01220703125,-0.8544921875,-0.35400390625,0.79345703125,0.03662109375,-0.1220703125,-0.18310546875,4.7607421875,0.10986328125,3.564453125,-0.1708984375,6.43310546875,-0.20751953125,4.26025390625,0.03662109375,-0.23193359375,-0.4638671875,-0.72021484375,0.634765625,-0.50048828125,0.1953125,0.439453125,-0.30517578125,1.20849609375,-0.25634765625,0.390625,-0.0732421875,-0.2197265625,-0.54931640625,0.7568359375,-0.0732421875,0.732421875,0.52490234375,0.72021484375,0.5126953125,0.59814453125,0.0732421875,0.23193359375,0.244140625,0.5859375,0.08544921875,1.1962890625,0.03662109375,0.2197265625,0.03662109375,0.3662109375,-0.3173828125,6.689453125,-0.146484375,9.4970703125,-0.01220703125,5.3955078125,0.08544921875,7.55615234375,0.10986328125,0.3173828125,0.08544921875,6.45751953125,0.1953125,-0.09765625,0.18310546875,0.37841796875,0.01220703125,-1.59912109375,0.08544921875,-0.3173828125,-0.30517578125,-0.390625,-0.146484375,-1.62353515625,0.048828125,-0.7568359375,0.01220703125,-0.64697265625,-0.13427734375,-0.5859375,-0.06103515625,-0.048828125,-0.146484375,-0.7568359375,-0.28076171875,-1.50146484375,-0.2685546875,-1.06201171875,0.03662109375,0.1953125,-0.1220703125,0.28076171875,0,-0.03662109375,-0.0732421875,0,0.0244140625,0.146484375,-0.1953125,0.96435546875,-0.03662109375,1.45263671875,0.13427734375,3.173828125,0.1708984375,0.62255859375
0,0.06103515625,1.7822265625,0.15869140625,0.7568359375,-0.3173828125,0.42724609375,-0.1220703125,0.9033203125,-0.03662109375,-0.09765625,0.1708984375,-0.93994140625,-0.1708984375,1.03759765625,-0.23193359375,-0.1953125,-0.23193359375,-0.62255859375,0.18310546875,-0.1953125,-0.15869140625,0.87890625,-0.0732421875,-0.5859375,0.08544921875,-0.1953125,0.0244140625,-0.84228515625,-0.25634765625,0.8056640625,0.048828125,-0.09765625,-0.18310546875,5.04150390625,0.18310546875,3.759765625,-0.06103515625,6.8359375,-0.28076171875,4.4677734375,0.03662109375,-0.23193359375,-0.45166015625,-0.68359375,0.7080078125,-0.48828125,0.2685546875,0.4638671875,-0.35400390625,1.18408203125,-0.1953125,0.42724609375,-0.13427734375,-0.20751953125,-0.62255859375,0.78125,-0.06103515625,0.76904296875,0.5126953125,0.72021484375,0.48828125,0.5859375,0.08544921875,0.244140625,0.20751953125,0.62255859375,0.01220703125,1.2451171875,-0.048828125,0.2685546875,-0.0244140625,0.390625,-0.30517578125,6.103515625,-0.2197265625,8.7646484375,-0.03662109375,4.9072265625,0.1953125,6.982421875,0.10986328125,0.23193359375,0.13427734375,6.1279296875,0.23193359375,-0.1708984375,0.10986328125,0.2685546875,0.08544921875,-1.59912109375,0.146484375,-0.32958984375,-0.20751953125,-0.390625,-0.146484375,-1.5625,0,-0.7568359375,0.0244140625,-0.64697265625,-0.13427734375,-0.5859375,-0.048828125,-0.048828125,-0.08544921875,-0.76904296875,-0.3173828125,-1.52587890625,-0.28076171875,-1.07421875,0.09765625,0.20751953125,-0.13427734375,0.30517578125,0,-0.0244140625,-0.06103515625,-0.048828125,0,0.15869140625,-0.18310546875,0.91552734375,-0.048828125,1.416015625,0.10986328125,3.01513671875,0.146484375,0.57373046875
0,0.0732421875,1.26953125,0.20751953125,0.5126953125,-0.30517578125,0.20751953125,-0.1220703125,0.634765625,-0.0244140625,-0.09765625,0.146484375,-0.91552734375,-0.146484375,1.03759765625,-0.2685546875,-0.18310546875,-0.25634765625,-0.59814453125,0.1953125,-0.1953125,-0.09765625,0.89111328125,-0.048828125,-0.5615234375,0.13427734375,-0.18310546875,0.0244140625,-0.830078125,-0.146484375,0.79345703125,0.03662109375,-0.08544921875,-0.10986328125,5.1025390625,0.25634765625,3.84521484375,0.01220703125,7.0068359375,-0.2685546875,4.50439453125,0.1220703125,-0.244140625,-0.48828125,-0.6103515625,0.7568359375,-0.50048828125,0.1953125,0.5126953125,-0.40283203125,1.1474609375,-0.1953125,0.439453125,-0.15869140625,-0.20751953125,-0.67138671875,0.76904296875,-0.01220703125,0.7568359375,0.4638671875,0.732421875,0.47607421875,0.5859375,0.1220703125,0.23193359375,0.146484375,0.64697265625,0,1.28173828125,-0.09765625,0.32958984375,-0.0732421875,0.439453125,-0.2197265625,5.517578125,-0.1953125,7.958984375,-0.048828125,4.4189453125,0.28076171875,6.43310546875,0.09765625,0.09765625,0.13427734375,5.615234375,0.32958984375,-0.25634765625,0.03662109375,0.1708984375,0.13427734375,-1.611328125,0.13427734375,-0.35400390625,-0.09765625,-0.390625,-0.1220703125,-1.52587890625,-0.03662109375,-0.732421875,0.0732421875,-0.67138671875,-0.1220703125,-0.5859375,-0.03662109375,-0.06103515625,-0.048828125,-0.7568359375,-0.35400390625,-1.513671875,-0.28076171875,-1.07421875,0.15869140625,0.20751953125,-0.10986328125,0.29296875,-0.01220703125,-0.048828125,-0.08544921875,-0.06103515625,-0.01220703125,0.1708984375,-0.1708984375,0.84228515625,-0.06103515625,1.318359375,0.09765625,2.7587890625,0.1220703125,0.439453125
0,0.08544921875,0.89111328125,0.15869140625,0.28076171875,-0.2685546875,0.048828125,-0.13427734375,0.4638671875,-0.03662109375,-0.10986328125,0.1953125,-0.927734375,-0.1220703125,1.025390625,-0.244140625,-0.18310546875,-0.2685546875,-0.59814453125,0.2197265625,-0.20751953125,-0.0732421875,0.87890625,-0.10986328125,-0.5615234375,0.13427734375,-0.1953125,0.0244140625,-0.830078125,-0.06103515625,0.76904296875,0.0244140625,-0.09765625,-0.1220703125,5.0048828125,0.2685546875,3.77197265625,-0.03662109375,7.0068359375,-0.2685546875,4.40673828125,0.2197265625,-0.23193359375,-0.42724609375,-0.50048828125,0.74462890625,-0.50048828125,0.146484375,0.54931640625,-0.4150390625,1.0986328125,-0.20751953125,0.42724609375,-0.15869140625,-0.1953125,-0.6591796875,0.78125,0.09765625,0.76904296875,0.32958984375,0.74462890625,0.439453125,0.5859375,0.1953125,0.244140625,0.1220703125,0.732421875,-0.048828125,1.318359375,-0.01220703125,0.40283203125,-0.09765625,0.5126953125,-0.15869140625,5.06591796875,-0.18310546875,7.36083984375,-0.01220703125,4.01611328125,0.28076171875,5.99365234375,0.06103515625,-0.08544921875,0.09765625,4.91943359375,0.37841796875,-0.3662109375,-0.0244140625,0.0244140625,0.1708984375,-1.59912109375,0.08544921875,-0.3662109375,0,-0.4150390625,-0.08544921875,-1.513671875,-0.06103515625,-0.72021484375,0.08544921875,-0.67138671875,-0.10986328125,-0.57373046875,0.0244140625,-0.06103515625,-0.03662109375,-0.7568359375,-0.35400390625,-1.50146484375,-0.30517578125,-1.06201171875,0.20751953125,0.20751953125,-0.09765625,0.30517578125,-0.0244140625,-0.048828125,-0.0732421875,-0.0732421875,-0.03662109375,0.18310546875,-0.18310546875,0.72021484375,-0.0732421875,1.20849609375,0.0732421875,2.44140625,0.10986328125,0.3173828125
0,0.08544921875,0.59814453125,0.15869140625,0.1220703125,-0.28076171875,-0.09765625,-0.146484375,0.32958984375,-0.01220703125,-0.146484375,0.1953125,-0.927734375,-0.1220703125,1.0009765625,-0.244140625,-0.1708984375,-0.2685546875,-0.59814453125,0.18310546875,-0.20751953125,-0.09765625,0.9033203125,-0.13427734375,-0.54931640625,0.18310546875,-0.1953125,-0.0244140625,-0.8544921875,0.01220703125,0.76904296875,-0.0244140625,-0.09765625,-0.13427734375,4.78515625,0.2685546875,3.60107421875,-0.10986328125,6.8115234375,-0.20751953125,4.18701171875,0.25634765625,-0.20751953125,-0.4150390625,-0.32958984375,0.6591796875,-0.5126953125,0.15869140625,0.57373046875,-0.42724609375,1.08642578125,-0.2685546875,0.390625,-0.13427734375,-0.2197265625,-0.72021484375,0.76904296875,0.15869140625,0.78125,0.3662109375,0.72021484375,0.439453125,0.57373046875,0.28076171875,0.244140625,0.048828125,0.84228515625,-0.09765625,1.37939453125,-0.01220703125,0.50048828125,-0.146484375,0.57373046875,-0.08544921875,4.74853515625,-0.0732421875,6.89697265625,0.09765625,3.77197265625,0.341796875,5.712890625,0.0244140625,-0.28076171875,-0.01220703125,4.11376953125,0.37841796875,-0.48828125,-0.09765625,-0.13427734375,0.244140625,-1.57470703125,0.0244140625,-0.3662109375,0.10986328125,-0.42724609375,-0.0244140625,-1.52587890625,-0.048828125,-0.72021484375,0.0732421875,-0.64697265625,-0.15869140625,-0.62255859375,0.06103515625,-0.048828125,-0.03662109375,-0.7568359375,-0.37841796875,-1.513671875,-0.25634765625,-1.06201171875,0.23193359375,0.2197265625,-0.08544921875,0.32958984375,0,-0.048828125,-0.0732421875,-0.048828125,-0.048828125,0.20751953125,-0.18310546875,0.6103515625,-0.06103515625,1.15966796875,0.08544921875,2.1240234375,0.08544921875,0.13427734375
1,0.09765625,0.37841796875,0.15869140625,-0.048828125,-0.29296875,-0.1953125,-0.15869140625,0.23193359375,0,-0.146484375,0.15869140625,-0.927734375,-0.1220703125,1.0009765625,-0.244140625,-0.1708984375,-0.29296875,-0.5615234375,0.15869140625,-0.2197265625,-0.1220703125,0.89111328125,-0.18310546875,-0.54931640625,0.23193359375,-0.20751953125,-0.09765625,-0.84228515625,0.1220703125,0.7568359375,-0.01220703125,-0.10986328125,-0.10986328125,4.4921875,0.23193359375,3.369140625,-0.1708984375,6.4453125,-0.146484375,3.90625,0.25634765625,-0.20751953125,-0.28076171875,-0.146484375,0.57373046875,-0.52490234375,0.18310546875,0.59814453125,-0.32958984375,1.07421875,-0.2685546875,0.3662109375,-0.10986328125,-0.1953125,-0.634765625,0.78125,0.20751953125,0.76904296875,0.3173828125,0.74462890625,0.35400390625,0.5615234375,0.30517578125,0.23193359375,0,0.9521484375,-0.1220703125,1.42822265625,0.0244140625,0.57373046875,-0.2685546875,0.6591796875,-0.06103515625,4.60205078125,-0.048828125,6.60400390625,0.1953125,3.64990234375,0.3173828125,5.5908203125,0.03662109375,-0.4638671875,-0.13427734375,3.2470703125,0.35400390625,-0.62255859375,-0.1220703125,-0.32958984375,0.244140625,-1.5625,-0.06103515625,-0.35400390625,0.2197265625,-0.45166015625,0.0244140625,-1.5625,-0.01220703125,-0.74462890625,0.048828125,-0.67138671875,-0.18310546875,-0.634765625,0.1220703125,-0.06103515625,-0.06103515625,-0.7568359375,-0.341796875,-1.52587890625,-0.23193359375,-1.07421875,0.2197265625,0.20751953125,-0.08544921875,0.341796875,-0.01220703125,-0.048828125,-0.0732421875,-0.03662109375,-0.048828125,0.23193359375,-0.18310546875,0.5126953125,-0.048828125,1.07421875,0.15869140625,1.8310546875,0.0732421875,0.01220703125
1,0.09765625,0.146484375,0.1220703125,-0.18310546875,-0.2685546875,-0.2685546875,-0.15869140625,0.146484375,-0.0244140625,-0.15869140625,0.1708984375,-0.93994140625,-0.1220703125,0.98876953125,-0.244140625,-0.15869140625,-0.2685546875,-0.5859375,0.08544921875,-0.1953125,-0.2197265625,0.8544921875,-0.18310546875,-0.57373046875,0.2685546875,-0.1953125,-0.13427734375,-0.8544921875,0.1708984375,0.76904296875,0,-0.10986328125,-0.08544921875,4.19921875,0.2197265625,3.076171875,-0.20751953125,6.06689453125,-0.06103515625,3.61328125,0.244140625,-0.20751953125,-0.2197265625,0.03662109375,0.4638671875,-0.50048828125,0.20751953125,0.6103515625,-0.18310546875,1.11083984375,-0.146484375,0.35400390625,-0.1220703125,-0.15869140625,-0.5615234375,0.81787109375,0.244140625,0.76904296875,0.35400390625,0.72021484375,0.3173828125,0.5615234375,0.341796875,0.20751953125,-0.06103515625,1.07421875,-0.15869140625,1.46484375,0.13427734375,0.62255859375,-0.3662109375,0.69580078125,-0.09765625,4.6142578125,-0.01220703125,6.57958984375,0.2685546875,3.64990234375,0.25634765625,5.62744140625,0.01220703125,-0.6591796875,-0.28076171875,2.34375,0.341796875,-0.78125,-0.10986328125,-0.50048828125,0.23193359375,-1.5625,-0.09765625,-0.341796875,0.3173828125,-0.45166015625,0.08544921875,-1.611328125,0.03662109375,-0.74462890625,0.03662109375,-0.68359375,-0.23193359375,-0.62255859375,0.13427734375,-0.06103515625,-0.09765625,-0.76904296875,-0.30517578125,-1.50146484375,-0.20751953125,-1.06201171875,0.18310546875,0.1953125,-0.09765625,0.341796875,-0.0244140625,-0.0732421875,-0.0732421875,-0.01220703125,-0.048828125,0.18310546875,-0.1708984375,0.4638671875,-0.048828125,1.0498046875,0.10986328125,1.62353515625,0.0732421875,-0.06103515625
1,0.0732421875,-0.03662109375,0.09765625,-0.29296875,-0.28076171875,-0.3173828125,-0.1953125,0.048828125,-0.0244140625,-0.1220703125,0.1708984375,-0.9521484375,-0.09765625,0.98876953125,-0.20751953125,-0.13427734375,-0.23193359375,-0.57373046875,0.03662109375,-0.1708984375,-0.2685546875,0.84228515625,-0.146484375,-0.5615234375,0.29296875,-0.20751953125,-0.18310546875,-0.84228515625,0.2197265625,0.76904296875,0.048828125,-0.09765625,-0.048828125,3.90625,0.13427734375,2.783203125,-0.1953125,5.65185546875,-0.01220703125,3.35693359375,0.1708984375,-0.20751953125,-0.13427734375,0.23193359375,0.35400390625,-0.5126953125,0.23193359375,0.59814453125,-0.10986328125,1.15966796875,-0.2197265625,0.35400390625,-0.10986328125,-0.146484375,-0.537109375,0.81787109375,0.244140625,0.74462890625,0.35400390625,0.69580078125,0.3173828125,0.54931640625,0.28076171875,0.1953125,-0.08544921875,1.1474609375,-0.10986328125,1.4892578125,0.18310546875,0.64697265625,-0.390625,0.732421875,-0.1220703125,4.736328125,0.03662109375,6.689453125,0.28076171875,3.7353515625,0.1708984375,5.72509765625,0.01220703125,-0.8544921875,-0.37841796875,1.45263671875,0.30517578125,-0.927734375,-0.0732421875,-0.67138671875,0.18310546875,-1.5625,-0.146484375,-0.341796875,0.439453125,-0.47607421875,0.09765625,-1.66015625,0.09765625,-0.74462890625,0.01220703125,-0.68359375,-0.2685546875,-0.6103515625,0.1220703125,-0.03662109375,-0.0732421875,-0.76904296875,-0.2685546875,-1.4892578125,-0.18310546875,-1.0498046875,0.1220703125,0.23193359375,-0.09765625,0.341796875,-0.048828125,-0.08544921875,-0.06103515625,-0.03662109375,-0.048828125,0.1708984375,-0.1708984375,0.47607421875,-0.048828125,1.03759765625,0.08544921875,1.5380859375,0.06103515625,-0.08544921875
1,0.09765625,-0.30517578125,0.10986328125,-0.37841796875,-0.25634765625,-0.40283203125,-0.18310546875,-0.0244140625,-0.03662109375,-0.09765625,0.20751953125,-0.93994140625,-0.08544921875,0.98876953125,-0.18310546875,-0.0732421875,-0.23193359375,-0.5615234375,0,-0.1708984375,-0.2685546875,0.84228515625,-0.09765625,-0.57373046875,0.28076171875,-0.20751953125,-0.23193359375,-0.84228515625,0.28076171875,0.76904296875,0.03662109375,-0.1220703125,-0.048828125,3.662109375,0.06103515625,2.55126953125,-0.28076171875,5.2978515625,0.06103515625,3.13720703125,0.146484375,-0.1953125,-0.08544921875,0.4150390625,0.29296875,-0.5126953125,0.1220703125,0.5859375,-0.0244140625,1.220703125,-0.30517578125,0.390625,-0.06103515625,-0.1220703125,-0.47607421875,0.8544921875,0.25634765625,0.74462890625,0.3173828125,0.7080078125,0.29296875,0.54931640625,0.244140625,0.146484375,-0.0244140625,1.15966796875,-0.13427734375,1.4892578125,0.28076171875,0.6103515625,-0.341796875,0.72021484375,-0.1220703125,4.84619140625,0.048828125,6.84814453125,0.2685546875,3.8330078125,0.09765625,5.84716796875,0,-1.01318359375,-0.48828125,0.6591796875,0.25634765625,-1.03759765625,-0.048828125,-0.79345703125,0.10986328125,-1.5625,-0.1708984375,-0.32958984375,0.50048828125,-0.45166015625,0.06103515625,-1.6845703125,0.13427734375,-0.72021484375,-0.06103515625,-0.6591796875,-0.28076171875,-0.62255859375,0.0732421875,-0.0732421875,-0.0732421875,-0.7568359375,-0.25634765625,-1.50146484375,-0.18310546875,-1.0498046875,0.06103515625,0.2197265625,-0.0732421875,0.341796875,-0.0732421875,-0.08544921875,-0.0732421875,-0.048828125,0,0.15869140625,-0.15869140625,0.50048828125,-0.03662109375,1.0498046875,0.06103515625,1.5625,0.048828125,-0.048828125
1,0.1220703125,-0.57373046875,0.13427734375,-0.48828125,-0.2197265625,-0.48828125,-0.18310546875,-0.13427734375,-0.03662109375,-0.09765625,0.23193359375,-0.93994140625,-0.06103515625,1.0009765625,-0.1953125,-0.06103515625,-0.23193359375,-0.5859375,-0.0244140625,-0.15869140625,-0.29296875,0.84228515625,-0.06103515625,-0.5615234375,0.244140625,-0.1953125,-0.244140625,-0.84228515625,0.28076171875,0.76904296875,0.0244140625,-0.10986328125,-0.08544921875,3.5400390625,-0.03662109375,2.38037109375,-0.341796875,5.0048828125,0.06103515625,3.01513671875,0.13427734375,-0.2197265625,-0.13427734375,0.52490234375,0.244140625,-0.5126953125,0.15869140625,0.5859375,0.06103515625,1.28173828125,-0.2685546875,0.4150390625,-0.048828125,-0.1220703125,-0.40283203125,0.86669921875,0.244140625,0.7568359375,0.244140625,0.67138671875,0.25634765625,0.5615234375,0.1708984375,0.146484375,-0.03662109375,1.0986328125,-0.18310546875,1.42822265625,0.29296875,0.52490234375,-0.244140625,0.6591796875,-0.146484375,4.94384765625,0.0244140625,6.9580078125,0.23193359375,3.89404296875,0.0732421875,5.908203125,-0.01220703125,-1.171875,-0.52490234375,0,0.1953125,-1.15966796875,-0.09765625,-0.91552734375,0.01220703125,-1.57470703125,-0.146484375,-0.32958984375,0.5126953125,-0.4638671875,0,-1.72119140625,0.13427734375,-0.7568359375,-0.146484375,-0.6591796875,-0.25634765625,-0.64697265625,0,-0.0732421875,-0.048828125,-0.78125,-0.18310546875,-1.52587890625,-0.1953125,-1.0498046875,0.03662109375,0.23193359375,-0.0732421875,0.32958984375,-0.0732421875,-0.08544921875,-0.06103515625,-0.0732421875,-0.01220703125,0.15869140625,-0.1708984375,0.52490234375,-0.06103515625,1.0986328125,0.03662109375,1.67236328125,0.03662109375,-0.01220703125
1,0.15869140625,-0.830078125,0.13427734375,-0.57373046875,-0.23193359375,-0.59814453125,-0.1708984375,-0.23193359375,-0.0244140625,-0.09765625,0.25634765625,-0.93994140625,-0.03662109375,1.01318359375,-0.1708984375,-0.06103515625,-0.2197265625,-0.59814453125,-0.03662109375,-0.15869140625,-0.29296875,0.86669921875,-0.06103515625,-0.54931640625,0.1953125,-0.20751953125,-0.2685546875,-0.830078125,0.29296875,0.76904296875,0,-0.10986328125,-0.13427734375,3.47900390625,-0.10986328125,2.24609375,-0.4150390625,4.82177734375,0.0732421875,2.96630859375,0.10986328125,-0.23193359375,-0.13427734375,0.57373046875,0.244140625,-0.5126953125,0.18310546875,0.6103515625,0.09765625,1.3427734375,-0.32958984375,0.4638671875,-0.048828125,-0.1220703125,-0.30517578125,0.86669921875,0.1708984375,0.74462890625,0.29296875,0.67138671875,0.2685546875,0.537109375,0.09765625,0.1220703125,-0.0244140625,1.03759765625,-0.1220703125,1.35498046875,0.40283203125,0.4150390625,-0.10986328125,0.5859375,-0.1953125,4.9072265625,0.048828125,6.9091796875,0.10986328125,3.857421875,0.048828125,5.87158203125,-0.0244140625,-1.2939453125,-0.54931640625,-0.54931640625,0.1220703125,-1.220703125,-0.13427734375,-0.98876953125,-0.06103515625,-1.57470703125,-0.13427734375,-0.32958984375,0.48828125,-0.4638671875,-0.06103515625,-1.708984375,0.10986328125,-0.76904296875,-0.20751953125,-0.6591796875,-0.23193359375,-0.67138671875,-0.048828125,-0.0732421875,-0.03662109375,-0.78125,-0.146484375,-1.5380859375,-0.18310546875,-1.06201171875,0,0.2197265625,-0.048828125,0.30517578125,-0.03662109375,-0.08544921875,-0.048828125,-0.09765625,0,0.13427734375,-0.1708984375,0.5859375,-0.06103515625,1.11083984375,0,1.806640625,0.048828125,0.06103515625
1,0.1708984375,-1.03759765625,0.13427734375,-0.6591796875,-0.20751953125,-0.68359375,-0.1220703125,-0.341796875,-0.03662109375,-0.09765625,0.28076171875,-0.927734375,-0.0244140625,1.0498046875,-0.15869140625,-0.0732421875,-0.23193359375,-0.62255859375,-0.048828125,-0.1708984375,-0.3173828125,0.84228515625,-0.0732421875,-0.54931640625,0.15869140625,-0.18310546875,-0.2685546875,-0.830078125,0.244140625,0.78125,-0.03662109375,-0.09765625,-0.1708984375,3.466796875,-0.10986328125,2.1728515625,-0.47607421875,4.7119140625,0.01220703125,2.91748046875,0.09765625,-0.23193359375,-0.25634765625,0.5615234375,0.29296875,-0.50048828125,0.09765625,0.64697265625,0.10986328125,1.3427734375,-0.30517578125,0.48828125,0.03662109375,-0.146484375,-0.1953125,0.86669921875,0.10986328125,0.732421875,0.32958984375,0.68359375,0.23193359375,0.537109375,0.03662109375,0.1220703125,0.01220703125,0.91552734375,0,1.26953125,0.40283203125,0.30517578125,-0.03662109375,0.4638671875,-0.10986328125,4.65087890625,0.20751953125,6.6162109375,0.0732421875,3.6376953125,0.09765625,5.65185546875,-0.0244140625,-1.37939453125,-0.50048828125,-0.93994140625,0.08544921875,-1.25732421875,-0.146484375,-1.03759765625,-0.0732421875,-1.5625,-0.09765625,-0.3173828125,0.42724609375,-0.439453125,-0.06103515625,-1.6845703125,0.0732421875,-0.78125,-0.23193359375,-0.6591796875,-0.244140625,-0.6591796875,-0.0732421875,-0.0732421875,-0.01220703125,-0.78125,-0.10986328125,-1.52587890625,-0.1953125,-1.07421875,-0.0244140625,0.2197265625,-0.06103515625,0.28076171875,-0.03662109375,-0.06103515625,-0.06103515625,-0.1220703125,0.03662109375,0.1708984375,-0.146484375,0.634765625,-0.0732421875,1.123046875,-0.01220703125,1.904296875,0.048828125,0.08544921875
1,0.18310546875,-1.1962890625,0.09765625,-0.7080078125,-0.18310546875,-0.7568359375,-0.09765625,-0.4150390625,-0.01220703125,-0.10986328125,0.2685546875,-0.9521484375,0.01220703125,1.0498046875,-0.1220703125,-0.10986328125,-0.29296875,-0.634765625,-0.0244140625,-0.15869140625,-0.30517578125,0.8544921875,-0.09765625,-0.5615234375,0.10986328125,-0.1953125,-0.1708984375,-0.84228515625,0.13427734375,0.76904296875,-0.03662109375,-0.10986328125,-0.20751953125,3.4423828125,-0.13427734375,2.1240234375,-0.52490234375,4.6875,-0.03662109375,2.9052734375,0,-0.23193359375,-0.341796875,0.40283203125,0.3173828125,-0.5126953125,0.13427734375,0.7080078125,0.1220703125,1.33056640625,-0.28076171875,0.52490234375,0.09765625,-0.15869140625,-0.15869140625,0.84228515625,0.01220703125,0.74462890625,0.30517578125,0.64697265625,0.25634765625,0.54931640625,0,0.15869140625,0.06103515625,0.81787109375,0.06103515625,1.20849609375,0.4638671875,0.2685546875,0.048828125,0.390625,-0.1220703125,4.248046875,0.2197265625,6.103515625,-0.03662109375,3.271484375,0.048828125,5.23681640625,-0.01220703125,-1.42822265625,-0.390625,-1.18408203125,0.03662109375,-1.25732421875,-0.13427734375,-1.0498046875,-0.0732421875,-1.5625,-0.06103515625,-0.32958984375,0.341796875,-0.439453125,-0.06103515625,-1.66015625,0.03662109375,-0.79345703125,-0.2197265625,-0.64697265625,-0.1953125,-0.64697265625,-0.08544921875,-0.08544921875,0,-0.7568359375,-0.03662109375,-1.52587890625,-0.2197265625,-1.06201171875,-0.03662109375,0.2197265625,-0.06103515625,0.30517578125,-0.048828125,-0.06103515625,-0.06103515625,-0.13427734375,0.0244140625,0.146484375,-0.15869140625,0.6103515625,-0.0732421875,1.11083984375,0.01220703125,1.89208984375,0.0244140625,0.0732421875
1,0.18310546875,-1.2451171875,0.08544921875,-0.7080078125,-0.1708984375,-0.78125,-0.09765625,-0.45166015625,0,-0.1220703125,0.25634765625,-0.9521484375,0.0244140625,1.03759765625,-0.10986328125,-0.146484375,-0.28076171875,-0.64697265625,0.01220703125,-0.1708984375,-0.29296875,0.8544921875,-0.15869140625,-0.5615234375,0.10986328125,-0.2197265625,-0.13427734375,-0.81787109375,0.0244140625,0.78125,-0.01220703125,-0.10986328125,-0.244140625,3.40576171875,-0.15869140625,2.06298828125,-0.52490234375,4.60205078125,-0.15869140625,2.81982421875,-0.0732421875,-0.2197265625,-0.390625,0.2197265625,0.37841796875,-0.52490234375,0.1708984375,0.74462890625,0.08544921875,1.2939453125,-0.15869140625,0.57373046875,0.146484375,-0.146484375,-0.10986328125,0.81787109375,-0.08544921875,0.76904296875,0.25634765625,0.64697265625,0.30517578125,0.57373046875,-0.048828125,0.20751953125,0.1220703125,0.74462890625,0.146484375,1.1474609375,0.4638671875,0.29296875,0.09765625,0.3173828125,-0.048828125,3.64990234375,0.2685546875,5.2734375,-0.03662109375,2.783203125,0.06103515625,4.6630859375,-0.0244140625,-1.4404296875,-0.30517578125,-1.318359375,-0.0732421875,-1.2451171875,-0.09765625,-1.06201171875,-0.048828125,-1.57470703125,-0.0244140625,-0.30517578125,0.28076171875,-0.4150390625,-0.06103515625,-1.62353515625,0.048828125,-0.76904296875,-0.20751953125,-0.6591796875,-0.15869140625,-0.634765625,-0.0732421875,-0.0732421875,0.06103515625,-0.76904296875,0,-1.513671875,-0.20751953125,-1.07421875,-0.03662109375,0.20751953125,-0.0732421875,0.29296875,-0.048828125,-0.03662109375,-0.0732421875,-0.146484375,0.0244140625,0.1708984375,-0.1708984375,0.52490234375,-0.03662109375,1.07421875,0.1220703125,1.7333984375,0.03662109375,0
1,0.146484375,-1.171875,0.09765625,-0.67138671875,-0.15869140625,-0.74462890625,-0.08544921875,-0.4150390625,0.0244140625,-0.13427734375,0.244140625,-0.96435546875,0.01220703125,1.03759765625,-0.0732421875,-0.1708984375,-0.29296875,-0.62255859375,0.03662109375,-0.1708984375,-0.23193359375,0.8544921875,-0.15869140625,-0.5615234375,0.048828125,-0.18310546875,-0.06103515625,-0.8056640625,-0.09765625,0.76904296875,0,-0.10986328125,-0.18310546875,3.28369140625,-0.146484375,1.94091796875,-0.4638671875,4.4189453125,-0.2197265625,2.67333984375,-0.1220703125,-0.23193359375,-0.439453125,-0.0244140625,0.42724609375,-0.5126953125,0.2197265625,0.78125,0,1.220703125,-0.13427734375,0.634765625,0.146484375,-0.13427734375,-0.10986328125,0.79345703125,-0.1220703125,0.78125,0.146484375,0.634765625,0.2685546875,0.5615234375,-0.08544921875,0.244140625,0.06103515625,0.74462890625,0.15869140625,1.1474609375,0.5126953125,0.439453125,0.146484375,0.32958984375,-0.0244140625,2.9296875,0.244140625,4.296875,-0.06103515625,2.20947265625,0.09765625,3.99169921875,0,-1.45263671875,-0.15869140625,-1.2939453125,-0.10986328125,-1.18408203125,-0.0732421875,-1.0498046875,-0.01220703125,-1.5869140625,0,-0.3173828125,0.146484375,-0.42724609375,-0.03662109375,-1.57470703125,0.048828125,-0.7568359375,-0.1220703125,-0.64697265625,-0.09765625,-0.634765625,-0.06103515625,-0.09765625,0.10986328125,-0.76904296875,0.08544921875,-1.52587890625,-0.2197265625,-1.07421875,-0.06103515625,0.2197265625,-0.08544921875,0.2685546875,-0.048828125,-0.01220703125,-0.06103515625,-0.1220703125,0.0244140625,0.1953125,-0.18310546875,0.40283203125,-0.03662109375,0.96435546875,0.18310546875,1.416015625,0.0244140625,-0.146484375
1,0.1953125,-1.01318359375,0.08544921875,-0.5859375,-0.146484375,-0.69580078125,-0.08544921875,-0.341796875,0.0244140625,-0.146484375,0.244140625,-0.93994140625,0.01220703125,1.03759765625,-0.06103515625,-0.2197265625,-0.29296875,-0.62255859375,0.06103515625,-0.1953125,-0.244140625,0.8544921875,-0.18310546875,-0.57373046875,-0.01220703125,-0.1708984375,0.03662109375,-0.81787109375,-0.20751953125,0.78125,0.048828125,-0.09765625,-0.1708984375,3.03955078125,-0.2197265625,1.7822265625,-0.37841796875,4.08935546875,-0.28076171875,2.42919921875,-0.1708984375,-0.23193359375,-0.37841796875,-0.28076171875,0.45166015625,-0.5126953125,0.28076171875,0.830078125,-0.048828125,1.15966796875,-0.0732421875,0.732421875,0.0732421875,-0.09765625,-0.08544921875,0.79345703125,-0.146484375,0.79345703125,0.1708984375,0.634765625,0.30517578125,0.5615234375,-0.1708984375,0.25634765625,0.0244140625,0.8544921875,0.23193359375,1.2451171875,0.47607421875,0.72021484375,0.18310546875,0.4150390625,0.01220703125,2.20947265625,0.20751953125,3.28369140625,-0.0732421875,1.62353515625,0.06103515625,3.33251953125,0.0732421875,-1.40380859375,-0.01220703125,-1.18408203125,-0.15869140625,-1.13525390625,-0.048828125,-1.01318359375,0.03662109375,-1.5869140625,0.03662109375,-0.3173828125,0.048828125,-0.45166015625,-0.048828125,-1.5380859375,0.0244140625,-0.74462890625,-0.08544921875,-0.6591796875,-0.03662109375,-0.62255859375,-0.08544921875,-0.0732421875,0.13427734375,-0.76904296875,0.13427734375,-1.513671875,-0.23193359375,-1.08642578125,-0.03662109375,0.2197265625,-0.0732421875,0.30517578125,-0.06103515625,0,-0.0732421875,-0.09765625,0,0.1953125,-0.146484375,0.23193359375,-0.01220703125,0.84228515625,0.23193359375,0.93994140625,0.048828125,-0.341796875
1,0.23193359375,-0.78125,0.06103515625,-0.47607421875,-0.13427734375,-0.62255859375,-0.08544921875,-0.2197265625,0.0244140625,-0.10986328125,0.23193359375,-0.927734375,-0.01220703125,1.0009765625,-0.0732421875,-0.2197265625,-0.2685546875,-0.62255859375,0.06103515625,-0.1953125,-0.30517578125,0.8544921875,-0.20751953125,-0.5859375,-0.03662109375,-0.15869140625,0.06103515625,-0.830078125,-0.29296875,0.76904296875,0.03662109375,-0.08544921875,-0.09765625,2.63671875,-0.23193359375,1.513671875,-0.2197265625,3.564453125,-0.25634765625,2.05078125,-0.20751953125,-0.25634765625,-0.3173828125,-0.57373046875,0.52490234375,-0.5126953125,0.28076171875,0.830078125,-0.13427734375,1.1474609375,-0.03662109375,0.9521484375,0.048828125,-0.048828125,-0.08544921875,0.79345703125,-0.146484375,0.78125,0.10986328125,0.64697265625,0.29296875,0.54931640625,-0.25634765625,0.2685546875,-0.048828125,1.11083984375,0.2197265625,1.416015625,0.42724609375,1.13525390625,0.13427734375,0.634765625,0.048828125,1.55029296875,0.2197265625,2.33154296875,0.0244140625,1.123046875,0.0732421875,2.734375,0.10986328125,-1.35498046875,0.08544921875,-1.07421875,-0.244140625,-1.07421875,-0.03662109375,-0.9765625,0.08544921875,-1.5869140625,0.06103515625,-0.3173828125,-0.08544921875,-0.439453125,-0.08544921875,-1.52587890625,0.03662109375,-0.74462890625,-0.08544921875,-0.67138671875,0.01220703125,-0.62255859375,-0.08544921875,-0.0732421875,0.09765625,-0.78125,0.10986328125,-1.50146484375,-0.2685546875,-1.06201171875,-0.01220703125,0.20751953125,-0.06103515625,0.32958984375,-0.08544921875,-0.01220703125,-0.0732421875,-0.0732421875,0.01220703125,0.2197265625,-0.13427734375,0.01220703125,-0.01220703125,0.69580078125,0.20751953125,0.4150390625,0.03662109375,-0.57373046875
1,0.18310546875,-0.54931640625,0.06103515625,-0.3662109375,-0.1220703125,-0.5126953125,-0.10986328125,-0.10986328125,0.048828125,-0.08544921875,0.2197265625,-0.93994140625,0.0244140625,1.01318359375,-0.08544921875,-0.20751953125,-0.28076171875,-0.6103515625,0.0244140625,-0.20751953125,-0.37841796875,0.8544921875,-0.20751953125,-0.59814453125,-0.0732421875,-0.18310546875,0.1220703125,-0.830078125,-0.341796875,0.78125,0,-0.08544921875,-0.08544921875,2.16064453125,-0.3173828125,1.18408203125,-0.13427734375,2.9052734375,-0.28076171875,1.62353515625,-0.2685546875,-0.25634765625,-0.2685546875,-0.79345703125,0.5126953125,-0.47607421875,0.32958984375,0.8056640625,-0.15869140625,1.20849609375,-0.15869140625,1.2451171875,0.0244140625,-0.0244140625,-0.06103515625,0.86669921875,-0.15869140625,0.78125,-0.01220703125,0.6591796875,0.30517578125,0.5615234375,-0.29296875,0.244140625,-0.09765625,1.4892578125,0.2197265625,1.708984375,0.47607421875,1.69677734375,0.10986328125,0.93994140625,0.09765625,1.11083984375,0.1220703125,1.64794921875,0.08544921875,0.78125,-0.01220703125,2.3193359375,0.1953125,-1.2939453125,0.146484375,-0.89111328125,-0.341796875,-1.025390625,-0.09765625,-0.927734375,0.1708984375,-1.5869140625,0.03662109375,-0.32958984375,-0.18310546875,-0.4638671875,-0.15869140625,-1.50146484375,0.0244140625,-0.74462890625,-0.08544921875,-0.67138671875,0.048828125,-0.59814453125,-0.06103515625,-0.048828125,0.048828125,-0.78125,0.09765625,-1.4892578125,-0.29296875,-1.03759765625,0.048828125,0.2197265625,-0.06103515625,0.32958984375,-0.06103515625,-0.01220703125,-0.06103515625,-0.06103515625,0,0.20751953125,-0.146484375,-0.20751953125,-0.0244140625,0.5615234375,0.23193359375,-0.1953125,0.048828125,-0.79345703125
0,0.1953125,-0.32958984375,0.048828125,-0.28076171875,-0.08544921875,-0.42724609375,-0.08544921875,0,0.048828125,-0.0732421875,0.20751953125,-0.927734375,0.01220703125,0.98876953125,-0.08544921875,-0.1953125,-0.244140625,-0.59814453125,-0.01220703125,-0.20751953125,-0.48828125,0.84228515625,-0.2685546875,-0.5859375,-0.048828125,-0.18310546875,0.146484375,-0.84228515625,-0.32958984375,0.8056640625,-0.09765625,-0.09765625,-0.08544921875,1.611328125,-0.341796875,0.79345703125,0.048828125,2.1240234375,-0.25634765625,1.13525390625,-0.28076171875,-0.244140625,-0.1953125,-0.9521484375,0.5126953125,-0.4638671875,0.341796875,0.76904296875,-0.1708984375,1.35498046875,-0.146484375,1.67236328125,-0.03662109375,0.06103515625,-0.048828125,0.98876953125,-0.15869140625,0.78125,-0.0244140625,0.67138671875,0.390625,0.54931640625,-0.3662109375,0.20751953125,-0.1220703125,2.01416015625,0.23193359375,2.08740234375,0.47607421875,2.35595703125,-0.06103515625,1.30615234375,0.2197265625,0.9521484375,0.1220703125,1.33056640625,0.2197265625,0.64697265625,-0.06103515625,2.1484375,0.23193359375,-1.25732421875,0.1953125,-0.74462890625,-0.42724609375,-0.9765625,-0.15869140625,-0.91552734375,0.20751953125,-1.57470703125,-0.0244140625,-0.30517578125,-0.18310546875,-0.439453125,-0.18310546875,-1.52587890625,0.0244140625,-0.72021484375,-0.06103515625,-0.67138671875,0.01220703125,-0.62255859375,-0.0244140625,-0.0732421875,-0.0244140625,-0.7568359375,0.09765625,-1.4892578125,-0.3173828125,-1.0498046875,0.08544921875,0.2197265625,-0.048828125,0.3662109375,-0.0732421875,-0.0244140625,-0.0732421875,-0.06103515625,-0.01220703125,0.18310546875,-0.13427734375,-0.37841796875,0.01220703125,0.4638671875,0.23193359375,-0.72021484375,0.08544921875,-0.96435546875
0,0.1708984375,-0.1708984375,0,-0.23193359375,-0.10986328125,-0.35400390625,-0.10986328125,0.06103515625,0.048828125,-0.03662109375,0.23193359375,-0.93994140625,0.01220703125,1.01318359375,-0.13427734375,-0.20751953125,-0.2197265625,-0.6103515625,-0.08544921875,-0.244140625,-0.6103515625,0.8544921875,-0.28076171875,-0.59814453125,-0.0244140625,-0.1953125,0.13427734375,-0.8544921875,-0.28076171875,0.79345703125,-0.1953125,-0.10986328125,-0.0732421875,1.0986328125,-0.4150390625,0.3662109375,0.1220703125,1.3427734375,-0.20751953125,0.6591796875,-0.2197265625,-0.244140625,-0.18310546875,-1.025390625,0.5126953125,-0.45166015625,0.390625,0.68359375,-0.20751953125,1.59912109375,-0.10986328125,2.2216796875,-0.09765625,0.1953125,-0.03662109375,1.1474609375,-0.09765625,0.7568359375,-0.15869140625,0.7080078125,0.48828125,0.5615234375,-0.439453125,0.18310546875,-0.13427734375,2.62451171875,0.29296875,2.5146484375,0.62255859375,3.06396484375,-0.13427734375,1.7578125,0.146484375,1.07421875,0.06103515625,1.4404296875,0.28076171875,0.7568359375,-0.18310546875,2.24609375,0.25634765625,-1.20849609375,0.20751953125,-0.62255859375,-0.48828125,-0.9765625,-0.18310546875,-0.87890625,0.23193359375,-1.5869140625,-0.0732421875,-0.2685546875,-0.23193359375,-0.439453125,-0.15869140625,-1.55029296875,0.048828125,-0.732421875,0,-0.6591796875,-0.03662109375,-0.62255859375,0.03662109375,-0.048828125,-0.06103515625,-0.79345703125,0.0732421875,-1.513671875,-0.32958984375,-1.0498046875,0.09765625,0.2197265625,-0.048828125,0.35400390625,-0.048828125,-0.03662109375,-0.08544921875,-0.048828125,-0.048828125,0.1708984375,-0.10986328125,-0.439453125,0,0.40283203125,0.1953125,-1.025390625,0.1220703125,-1.0498046875
0,0.13427734375,-0.146484375,-0.01220703125,-0.1953125,-0.09765625,-0.30517578125,-0.13427734375,0.1220703125,0.03662109375,-0.03662109375,0.244140625,-0.927734375,0.01220703125,1.01318359375,-0.13427734375,-0.1708984375,-0.15869140625,-0.6103515625,-0.13427734375,-0.23193359375,-0.67138671875,0.830078125,-0.3173828125,-0.5859375,0,-0.20751953125,0.13427734375,-0.8544921875,-0.2197265625,0.8056640625,-0.23193359375,-0.09765625,-0.01220703125,0.64697265625,-0.47607421875,0.0244140625,0.244140625,0.64697265625,-0.15869140625,0.28076171875,-0.1220703125,-0.23193359375,-0.1708984375,-1.025390625,0.47607421875,-0.45166015625,0.439453125,0.62255859375,-0.1708984375,1.89208984375,-0.1953125,2.86865234375,-0.1708984375,0.32958984375,-0.06103515625,1.35498046875,-0.048828125,0.74462890625,-0.15869140625,0.7568359375,0.52490234375,0.5615234375,-0.439453125,0.15869140625,-0.1220703125,3.271484375,0.29296875,3.0029296875,0.67138671875,3.80859375,-0.18310546875,2.197265625,0.1708984375,1.55029296875,0.08544921875,1.98974609375,0.29296875,1.11083984375,-0.28076171875,2.6611328125,0.244140625,-1.18408203125,0.20751953125,-0.5615234375,-0.439453125,-1.01318359375,-0.13427734375,-0.9033203125,0.18310546875,-1.5625,-0.1220703125,-0.30517578125,-0.25634765625,-0.4150390625,-0.13427734375,-1.5625,0.0732421875,-0.74462890625,0.03662109375,-0.64697265625,-0.09765625,-0.6103515625,0.06103515625,-0.0244140625,-0.06103515625,-0.76904296875,0.03662109375,-1.513671875,-0.32958984375,-1.03759765625,0.10986328125,0.20751953125,-0.048828125,0.35400390625,-0.0244140625,-0.048828125,-0.0732421875,-0.01220703125,-0.06103515625,0.15869140625,-0.10986328125,-0.4638671875,0,0.40283203125,0.18310546875,-1.123046875,0.13427734375,-1.025390625
0,0.15869140625,-0.25634765625,-0.0244140625,-0.23193359375,-0.0732421875,-0.341796875,-0.09765625,0.08544921875,0.01220703125,-0.048828125,0.23193359375,-0.927734375,-0.0244140625,0.98876953125,-0.1220703125,-0.1708984375,-0.13427734375,-0.6103515625,-0.1953125,-0.244140625,-0.7080078125,0.87890625,-0.29296875,-0.59814453125,0.03662109375,-0.2197265625,0.10986328125,-0.8544921875,-0.15869140625,0.8056640625,-0.2197265625,-0.1220703125,0.03662109375,0.35400390625,-0.47607421875,-0.2197265625,0.341796875,0.1708984375,-0.09765625,0.03662109375,0.01220703125,-0.23193359375,-0.15869140625,-0.93994140625,0.45166015625,-0.4638671875,0.35400390625,0.54931640625,-0.18310546875,2.197265625,-0.1708984375,3.55224609375,-0.25634765625,0.50048828125,-0.1220703125,1.5625,-0.0244140625,0.732421875,-0.13427734375,0.7568359375,0.537109375,0.57373046875,-0.4150390625,0.146484375,-0.06103515625,3.90625,0.25634765625,3.41796875,0.62255859375,4.52880859375,-0.146484375,2.60009765625,0.18310546875,2.294921875,0.08544921875,2.978515625,0.28076171875,1.6845703125,-0.3173828125,3.30810546875,0.20751953125,-1.171875,0.244140625,-0.52490234375,-0.42724609375,-1.06201171875,-0.1220703125,-0.89111328125,0.13427734375,-1.57470703125,-0.20751953125,-0.28076171875,-0.30517578125,-0.40283203125,-0.08544921875,-1.57470703125,0.1220703125,-0.74462890625,0.048828125,-0.64697265625,-0.09765625,-0.6103515625,0.08544921875,-0.03662109375,-0.048828125,-0.76904296875,0,-1.50146484375,-0.28076171875,-1.0498046875,0.08544921875,0.2197265625,-0.048828125,0.341796875,0.01220703125,-0.03662109375,-0.08544921875,-0.0244140625,-0.09765625,0.10986328125,-0.1220703125,-0.390625,0,0.4638671875,0.18310546875,-0.9521484375,0.146484375,-0.927734375
0,0.10986328125,-0.35400390625,-0.048828125,-0.30517578125,-0.0244140625,-0.3662109375,-0.13427734375,0.01220703125,0.01220703125,-0.06103515625,0.20751953125,-0.93994140625,0.01220703125,1.025390625,-0.146484375,-0.1708984375,-0.1708984375,-0.59814453125,-0.23193359375,-0.23193359375,-0.67138671875,0.86669921875,-0.20751953125,-0.57373046875,0.08544921875,-0.1953125,0.048828125,-0.8544921875,-0.15869140625,0.8056640625,-0.20751953125,-0.10986328125,0.048828125,0.32958984375,-0.47607421875,-0.30517578125,0.29296875,0,-0.09765625,0,0.1220703125,-0.2197265625,-0.10986328125,-0.81787109375,0.42724609375,-0.48828125,0.29296875,0.5126953125,-0.1708984375,2.52685546875,-0.146484375,4.2724609375,-0.30517578125,0.67138671875,-0.15869140625,1.7822265625,-0.01220703125,0.72021484375,-0.23193359375,0.78125,0.50048828125,0.5615234375,-0.40283203125,0.146484375,-0.06103515625,4.43115234375,0.1708984375,3.80859375,0.50048828125,5.16357421875,-0.13427734375,2.9541015625,0.09765625,3.22265625,0.06103515625,4.26025390625,0.25634765625,2.47802734375,-0.28076171875,4.16259765625,0.1708984375,-1.18408203125,0.20751953125,-0.5615234375,-0.3662109375,-1.0986328125,-0.0732421875,-0.927734375,0.09765625,-1.57470703125,-0.244140625,-0.3173828125,-0.341796875,-0.390625,-0.03662109375,-1.5869140625,0.1220703125,-0.74462890625,0.03662109375,-0.634765625,-0.09765625,-0.6103515625,0.0732421875,-0.048828125,-0.0244140625,-0.79345703125,-0.06103515625,-1.513671875,-0.1953125,-1.03759765625,0.08544921875,0.2197265625,-0.08544921875,0.3173828125,0.048828125,-0.048828125,-0.08544921875,-0.0244140625,-0.146484375,0.1220703125,-0.1220703125,-0.1953125,0,0.57373046875,0.15869140625,-0.50048828125,0.1708984375,-0.72021484375
0,0.10986328125,-0.537109375,-0.08544921875,-0.35400390625,-0.06103515625,-0.40283203125,-0.146484375,-0.048828125,-0.01220703125,-0.06103515625,0.20751953125,-0.9033203125,0,1.03759765625,-0.1220703125,-0.15869140625,-0.1708984375,-0.5859375,-0.25634765625,-0.20751953125,-0.5859375,0.86669921875,-0.13427734375,-0.5859375,0.1220703125,-0.2197265625,0.01220703125,-0.8544921875,-0.18310546875,0.830078125,-0.1708984375,-0.1220703125,0.13427734375,0.54931640625,-0.390625,-0.15869140625,0.35400390625,0.20751953125,-0.10986328125,0.20751953125,0.18310546875,-0.1953125,-0.048828125,-0.68359375,0.390625,-0.5126953125,0.23193359375,0.47607421875,-0.146484375,2.79541015625,-0.1220703125,4.931640625,-0.32958984375,0.86669921875,-0.244140625,1.98974609375,-0.08544921875,0.732421875,-0.2197265625,0.78125,0.57373046875,0.5615234375,-0.32958984375,0.146484375,-0.03662109375,4.84619140625,0.1220703125,4.1015625,0.37841796875,5.6640625,-0.10986328125,3.23486328125,0.01220703125,4.296875,-0.048828125,5.7373046875,0.20751953125,3.33251953125,-0.2197265625,5.126953125,0.13427734375,-1.1962890625,0.08544921875,-0.62255859375,-0.28076171875,-1.11083984375,-0.06103515625,-0.9521484375,0.0244140625,-1.5869140625,-0.2685546875,-0.3173828125,-0.40283203125,-0.3662109375,0,-1.59912109375,0.10986328125,-0.74462890625,0.0244140625,-0.64697265625,-0.06103515625,-0.62255859375,0.03662109375,-0.03662109375,0.01220703125,-0.78125,-0.10986328125,-1.50146484375,-0.146484375,-1.03759765625,0.03662109375,0.23193359375,-0.0732421875,0.30517578125,0.03662109375,-0.0244140625,-0.09765625,-0.01220703125,-0.15869140625,0.10986328125,-0.13427734375,0.06103515625,-0.01220703125,0.7568359375,0.1708984375,0.1953125,0.15869140625,-0.47607421875
0,0.13427734375,-0.67138671875,-0.0732421875,-0.390625,-0.0244140625,-0.45166015625,-0.08544921875,-0.08544921875,-0.01220703125,-0.0732421875,0.18310546875,-0.91552734375,0,1.025390625,-0.10986328125,-0.15869140625,-0.18310546875,-0.59814453125,-0.28076171875,-0.18310546875,-0.48828125,0.87890625,-0.03662109375,-0.5859375,0.15869140625,-0.2197265625,0.01220703125,-0.830078125,-0.25634765625,0.81787109375,-0.15869140625,-0.146484375,0.1220703125,1.01318359375,-0.32958984375,0.2197265625,0.3662109375,0.8056640625,-0.1220703125,0.67138671875,0.2197265625,-0.20751953125,0.01220703125,-0.5615234375,0.37841796875,-0.537109375,0.2685546875,0.50048828125,-0.1953125,3.0029296875,-0.146484375,5.517578125,-0.341796875,1.0009765625,-0.30517578125,2.1484375,-0.13427734375,0.7568359375,-0.23193359375,0.78125,0.6103515625,0.57373046875,-0.3173828125,0.18310546875,0.03662109375,5.1025390625,0.1220703125,4.30908203125,0.35400390625,5.99365234375,-0.0732421875,3.40576171875,-0.1708984375,5.38330078125,-0.13427734375,7.26318359375,0.146484375,4.21142578125,-0.146484375,6.14013671875,0.10986328125,-1.220703125,-0.01220703125,-0.69580078125,-0.15869140625,-1.15966796875,-0.01220703125,-0.9765625,-0.01220703125,-1.57470703125,-0.28076171875,-0.32958984375,-0.4638671875,-0.37841796875,0,-1.5869140625,0.06103515625,-0.74462890625,0,-0.64697265625,-0.0244140625,-0.62255859375,-0.0244140625,-0.048828125,-0.01220703125,-0.78125,-0.15869140625,-1.513671875,-0.08544921875,-1.0498046875,0,0.23193359375,-0.08544921875,0.29296875,0.048828125,-0.0244140625,-0.0732421875,-0.0244140625,-0.18310546875,0.1220703125,-0.13427734375,0.35400390625,0.0244140625,0.96435546875,0.18310546875,1.01318359375,0.18310546875,-0.13427734375
0,0.09765625,-0.7568359375,-0.10986328125,-0.40283203125,-0.03662109375,-0.45166015625,-0.08544921875,-0.13427734375,0.01220703125,-0.10986328125,0.1953125,-0.927734375,0,1.03759765625,-0.09765625,-0.15869140625,-0.18310546875,-0.5615234375,-0.28076171875,-0.18310546875,-0.390625,0.89111328125,0,-0.5615234375,0.1708984375,-0.20751953125,0.01220703125,-0.84228515625,-0.32958984375,0.830078125,-0.1220703125,-0.1220703125,0.18310546875,1.7333984375,-0.2197265625,0.79345703125,0.29296875,1.77001953125,-0.13427734375,1.30615234375,0.13427734375,-0.1953125,0.01220703125,-0.4638671875,0.35400390625,-0.537109375,0.3662109375,0.537109375,-0.20751953125,3.13720703125,-0.0732421875,5.95703125,-0.30517578125,1.11083984375,-0.3173828125,2.28271484375,-0.25634765625,0.74462890625,-0.20751953125,0.76904296875,0.6103515625,0.5859375,-0.30517578125,0.1953125,0.13427734375,5.17578125,0.08544921875,4.38232421875,0.341796875,6.1767578125,-0.0244140625,3.4423828125,-0.23193359375,6.38427734375,-0.1708984375,8.65478515625,0.0732421875,5.04150390625,-0.08544921875,7.080078125,0.0732421875,-1.26953125,-0.15869140625,-0.76904296875,-0.10986328125,-1.171875,-0.0244140625,-1.01318359375,-0.01220703125,-1.59912109375,-0.29296875,-0.341796875,-0.50048828125,-0.390625,-0.0244140625,-1.59912109375,0.03662109375,-0.732421875,-0.048828125,-0.64697265625,0,-0.634765625,-0.09765625,-0.06103515625,-0.048828125,-0.76904296875,-0.18310546875,-1.513671875,-0.0244140625,-1.0498046875,-0.03662109375,0.2197265625,-0.0732421875,0.30517578125,0.03662109375,-0.0244140625,-0.06103515625,-0.03662109375,-0.20751953125,0.15869140625,-0.15869140625,0.6591796875,0,1.20849609375,0.1220703125,1.904296875,0.15869140625,0.18310546875
0,0.06103515625,-0.74462890625,-0.1220703125,-0.37841796875,-0.0244140625,-0.439453125,-0.048828125,-0.10986328125,0.01220703125,-0.1220703125,0.146484375,-0.93994140625,-0.0244140625,1.025390625,-0.048828125,-0.1708984375,-0.18310546875,-0.5615234375,-0.23193359375,-0.18310546875,-0.32958984375,0.89111328125,0.0244140625,-0.57373046875,0.18310546875,-0.18310546875,0.0244140625,-0.84228515625,-0.4150390625,0.81787109375,-0.1220703125,-0.1220703125,0.146484375,2.60009765625,-0.1708984375,1.52587890625,0.13427734375,3.02734375,-0.1708984375,2.1240234375,0.048828125,-0.1953125,0.01220703125,-0.439453125,0.30517578125,-0.52490234375,0.3173828125,0.57373046875,-0.2685546875,3.1982421875,0.03662109375,6.23779296875,-0.3173828125,1.15966796875,-0.40283203125,2.33154296875,-0.32958984375,0.74462890625,-0.15869140625,0.74462890625,0.57373046875,0.5859375,-0.25634765625,0.20751953125,0.20751953125,5.126953125,0.0244140625,4.345703125,0.25634765625,6.201171875,-0.01220703125,3.369140625,-0.28076171875,7.2509765625,-0.146484375,9.86328125,0.03662109375,5.74951171875,0,7.8857421875,0.08544921875,-1.30615234375,-0.1953125,-0.830078125,0.03662109375,-1.15966796875,-0.01220703125,-1.01318359375,-0.0244140625,-1.5869140625,-0.25634765625,-0.35400390625,-0.5126953125,-0.4150390625,-0.048828125,-1.5625,0,-0.732421875,-0.06103515625,-0.67138671875,0.0244140625,-0.62255859375,-0.1220703125,-0.048828125,-0.1220703125,-0.76904296875,-0.20751953125,-1.513671875,-0.0244140625,-1.08642578125,-0.08544921875,0.2197265625,-0.06103515625,0.29296875,0.0244140625,-0.0244140625,-0.0732421875,-0.01220703125,-0.18310546875,0.15869140625,-0.15869140625,0.96435546875,0,1.416015625,0.08544921875,2.7587890625,0.1708984375,0.5126953125
0,0.06103515625,-0.64697265625,-0.1220703125,-0.30517578125,0.01220703125,-0.37841796875,-0.0244140625,-0.03662109375,0.048828125,-0.1220703125,0.146484375,-0.96435546875,0,1.03759765625,-0.03662109375,-0.1953125,-0.1708984375,-0.537109375,-0.18310546875,-0.1953125,-0.23193359375,0.89111328125,0.0244140625,-0.5615234375,0.1220703125,-0.1708984375,0.048828125,-0.8544921875,-0.4150390625,0.830078125,-0.048828125,-0.10986328125,0.13427734375,3.60107421875,-0.0732421875,2.34375,0,4.4189453125,-0.20751953125,3.0029296875,-0.06103515625,-0.2197265625,-0.06103515625,-0.4638671875,0.32958984375,-0.48828125,0.4150390625,0.634765625,-0.3173828125,3.1982421875,0.1708984375,6.33544921875,-0.30517578125,1.18408203125,-0.42724609375,2.33154296875,-0.40283203125,0.76904296875,-0.1708984375,0.732421875,0.439453125,0.5859375,-0.25634765625,0.23193359375,0.20751953125,4.94384765625,0.01220703125,4.19921875,0.1708984375,6.0302734375,0,3.23486328125,-0.2685546875,7.89794921875,-0.13427734375,10.791015625,0.01220703125,6.31103515625,0.08544921875,8.50830078125,0.1220703125,-1.318359375,-0.244140625,-0.8544921875,0.18310546875,-1.1474609375,-0.0244140625,-1.0009765625,-0.01220703125,-1.59912109375,-0.1953125,-0.35400390625,-0.45166015625,-0.4150390625,-0.1220703125,-1.57470703125,0.01220703125,-0.72021484375,-0.0732421875,-0.68359375,0,-0.62255859375,-0.18310546875,-0.06103515625,-0.1220703125,-0.78125,-0.244140625,-1.50146484375,-0.01220703125,-1.08642578125,-0.08544921875,0.244140625,-0.048828125,0.30517578125,0.03662109375,-0.01220703125,-0.08544921875,0,-0.18310546875,0.1708984375,-0.1708984375,1.20849609375,-0.01220703125,1.62353515625,0.1220703125,3.4912109375,0.146484375,0.78125
0,0.0244140625,-0.4638671875,-0.146484375,-0.1953125,-0.01220703125,-0.2685546875,-0.048828125,0.0732421875,0.0732421875,-0.10986328125,0.1220703125,-0.9765625,0.03662109375,1.01318359375,-0.0244140625,-0.23193359375,-0.18310546875,-0.537109375,-0.1220703125,-0.1953125,-0.18310546875,0.86669921875,0.03662109375,-0.5615234375,0.09765625,-0.1708984375,0.03662109375,-0.86669921875,-0.390625,0.81787109375,0,-0.1220703125,0.146484375,4.55322265625,0.0244140625,3.1982421875,0,5.82275390625,-0.2685546875,3.86962890625,-0.15869140625,-0.23193359375,-0.1220703125,-0.52490234375,0.30517578125,-0.47607421875,0.45166015625,0.6591796875,-0.341796875,3.13720703125,0.20751953125,6.28662109375,-0.29296875,1.11083984375,-0.48828125,2.294921875,-0.37841796875,0.7568359375,-0.23193359375,0.68359375,0.40283203125,0.57373046875,-0.2197265625,0.20751953125,0.25634765625,4.65087890625,0,3.9794921875,0.1708984375,5.7373046875,-0.01220703125,3.02734375,-0.20751953125,8.31298828125,-0.13427734375,11.34033203125,0.01220703125,6.67724609375,0.13427734375,8.92333984375,0.1708984375,-1.33056640625,-0.29296875,-0.8544921875,0.29296875,-1.0986328125,-0.048828125,-0.98876953125,-0.0244140625,-1.57470703125,-0.09765625,-0.341796875,-0.3662109375,-0.45166015625,-0.15869140625,-1.57470703125,0.0244140625,-0.7080078125,-0.0244140625,-0.69580078125,-0.048828125,-0.62255859375,-0.18310546875,-0.0732421875,-0.08544921875,-0.76904296875,-0.30517578125,-1.50146484375,-0.0244140625,-1.06201171875,-0.09765625,0.244140625,-0.03662109375,0.30517578125,0.0244140625,-0.01220703125,-0.0732421875,0,-0.1708984375,0.18310546875,-0.1708984375,1.416015625,0.01220703125,1.77001953125,0.0732421875,4.04052734375,0.146484375,0.9521484375
0,0.0244140625,-0.25634765625,-0.146484375,-0.06103515625,0.01220703125,-0.146484375,-0.0244140625,0.20751953125,0.09765625,-0.08544921875,0.13427734375,-0.9765625,0.0732421875,1.01318359375,-0.0244140625,-0.20751953125,-0.1708984375,-0.54931640625,-0.06103515625,-0.1953125,-0.146484375,0.86669921875,0.06103515625,-0.57373046875,0.0732421875,-0.1953125,0.01220703125,-0.8544921875,-0.32958984375,0.79345703125,0.03662109375,-0.1220703125,0.09765625,5.38330078125,0.146484375,3.955078125,-0.0244140625,7.1044921875,-0.341796875,4.6630859375,-0.23193359375,-0.25634765625,-0.09765625,-0.62255859375,0.32958984375,-0.47607421875,0.45166015625,0.6591796875,-0.341796875,3.0517578125,0.146484375,6.14013671875,-0.3173828125,1.07421875,-0.5615234375,2.23388671875,-0.341796875,0.7568359375,-0.341796875,0.6591796875,0.341796875,0.54931640625,-0.1708984375,0.20751953125,0.2197265625,4.3212890625,-0.06103515625,3.72314453125,0.20751953125,5.35888671875,-0.10986328125,2.8076171875,-0.20751953125,8.3984375,-0.18310546875,11.5234375,0.0732421875,6.8115234375,0.1708984375,9.08203125,0.25634765625,-1.30615234375,-0.2685546875,-0.81787109375,0.37841796875,-1.11083984375,-0.048828125,-0.96435546875,0.06103515625,-1.5869140625,0,-0.341796875,-0.28076171875,-0.47607421875,-0.23193359375,-1.57470703125,-0.03662109375,-0.69580078125,-0.01220703125,-0.69580078125,-0.06103515625,-0.59814453125,-0.15869140625,-0.0732421875,-0.0244140625,-0.74462890625,-0.32958984375,-1.50146484375,-0.0732421875,-1.06201171875,-0.06103515625,0.244140625,-0.06103515625,0.30517578125,0.01220703125,-0.01220703125,-0.08544921875,-0.01220703125,-0.15869140625,0.20751953125,-0.18310546875,1.513671875,-0.01220703125,1.86767578125,0.03662109375,4.35791015625,0.10986328125,1.07421875
0,0,-0.048828125,-0.146484375,0.06103515625,0.0244140625,-0.048828125,-0.01220703125,0.341796875,0.10986328125,-0.0732421875,0.1220703125,-0.98876953125,0.0732421875,1.0009765625,0,-0.1953125,-0.15869140625,-0.54931640625,-0.01220703125,-0.2197265625,-0.1220703125,0.8544921875,0.0732421875,-0.57373046875,0.01220703125,-0.1953125,0.01220703125,-0.86669921875,-0.20751953125,0.79345703125,0.06103515625,-0.1220703125,0.06103515625,6.0302734375,0.28076171875,4.5654296875,0.01220703125,8.10546875,-0.37841796875,5.26123046875,-0.2685546875,-0.2685546875,-0.146484375,-0.69580078125,0.37841796875,-0.47607421875,0.537109375,0.62255859375,-0.341796875,2.94189453125,0.13427734375,5.8837890625,-0.2685546875,1.025390625,-0.57373046875,2.1484375,-0.28076171875,0.7568359375,-0.32958984375,0.6591796875,0.2685546875,0.537109375,-0.10986328125,0.18310546875,0.18310546875,3.99169921875,-0.10986328125,3.45458984375,0.3173828125,4.91943359375,-0.25634765625,2.5634765625,-0.15869140625,8.2763671875,-0.1708984375,11.3525390625,0.1708984375,6.73828125,0.13427734375,8.99658203125,0.30517578125,-1.26953125,-0.23193359375,-0.72021484375,0.390625,-1.07421875,-0.0732421875,-0.93994140625,0.15869140625,-1.5625,0.0732421875,-0.32958984375,-0.15869140625,-0.4638671875,-0.25634765625,-1.59912109375,-0.10986328125,-0.72021484375,-0.01220703125,-0.69580078125,-0.09765625,-0.5859375,-0.15869140625,-0.048828125,0.048828125,-0.7568359375,-0.30517578125,-1.4892578125,-0.146484375,-1.0498046875,-0.01220703125,0.25634765625,-0.048828125,0.3173828125,0.048828125,-0.0244140625,-0.09765625,-0.0244140625,-0.13427734375,0.20751953125,-0.1708984375,1.55029296875,-0.03662109375,1.89208984375,0.01220703125,4.45556640625,0.09765625,1.11083984375
1,-0.048828125,0.10986328125,-0.15869140625,0.146484375,0.03662109375,0.03662109375,0,0.40283203125,0.10986328125,-0.03662109375,0.10986328125,-0.96435546875,0.09765625,1.0009765625,0.0244140625,-0.18310546875,-0.146484375,-0.57373046875,0.03662109375,-0.2197265625,-0.18310546875,0.84228515625,0.08544921875,-0.57373046875,0,-0.20751953125,-0.03662109375,-0.8544921875,-0.0732421875,0.8056640625,0.06103515625,-0.1220703125,-0.01220703125,6.43310546875,0.37841796875,5.0048828125,-0.0244140625,8.77685546875,-0.45166015625,5.6396484375,-0.2685546875,-0.25634765625,-0.18310546875,-0.78125,0.35400390625,-0.47607421875,0.5615234375,0.5859375,-0.341796875,2.84423828125,0.146484375,5.57861328125,-0.25634765625,0.9521484375,-0.6103515625,2.03857421875,-0.244140625,0.76904296875,-0.3662109375,0.62255859375,0.1708984375,0.5126953125,-0.01220703125,0.15869140625,0.146484375,3.67431640625,-0.146484375,3.1982421875,0.439453125,4.50439453125,-0.3662109375,2.3681640625,-0.15869140625,7.91015625,-0.1220703125,10.82763671875,0.2685546875,6.45751953125,0.06103515625,8.69140625,0.29296875,-1.23291015625,-0.15869140625,-0.64697265625,0.390625,-1.07421875,-0.09765625,-0.91552734375,0.2197265625,-1.5625,0.15869140625,-0.30517578125,-0.0732421875,-0.4638671875,-0.244140625,-1.611328125,-0.1953125,-0.7080078125,0,-0.67138671875,-0.08544921875,-0.5615234375,-0.1220703125,-0.048828125,0.10986328125,-0.74462890625,-0.35400390625,-1.4892578125,-0.20751953125,-1.0498046875,0.048828125,0.244140625,-0.048828125,0.3173828125,0.06103515625,-0.0244140625,-0.08544921875,-0.03662109375,-0.10986328125,0.18310546875,-0.1708984375,1.50146484375,-0.03662109375,1.84326171875,-0.0244140625,4.33349609375,0.06103515625,1.0498046875
1,-0.0732421875,0.1708984375,-0.1953125,0.20751953125,0.06103515625,0.08544921875,0.0244140625,0.48828125,0.09765625,-0.01220703125,0.10986328125,-0.927734375,0.10986328125,1.025390625,0.06103515625,-0.13427734375,-0.10986328125,-0.59814453125,0.048828125,-0.23193359375,-0.1708984375,0.8544921875,0.06103515625,-0.5615234375,0,-0.20751953125,-0.048828125,-0.8544921875,0.01220703125,0.79345703125,0,-0.10986328125,-0.06103515625,6.55517578125,0.4150390625,5.16357421875,-0.01220703125,9.06982421875,-0.439453125,5.79833984375,-0.23193359375,-0.244140625,-0.2197265625,-0.81787109375,0.32958984375,-0.50048828125,0.54931640625,0.5615234375,-0.29296875,2.734375,0.10986328125,5.28564453125,-0.23193359375,0.87890625,-0.6591796875,1.96533203125,-0.1953125,0.76904296875,-0.341796875,0.64697265625,0.15869140625,0.50048828125,0.0244140625,0.1708984375,0.08544921875,3.43017578125,-0.1708984375,3.01513671875,0.45166015625,4.16259765625,-0.4638671875,2.20947265625,-0.244140625,7.33642578125,-0.09765625,10.05859375,0.30517578125,5.95703125,0,8.154296875,0.2685546875,-1.18408203125,-0.08544921875,-0.52490234375,0.3662109375,-1.07421875,-0.09765625,-0.86669921875,0.25634765625,-1.5625,0.15869140625,-0.29296875,0,-0.4638671875,-0.146484375,-1.6357421875,-0.244140625,-0.72021484375,0.0732421875,-0.68359375,-0.09765625,-0.57373046875,-0.03662109375,-0.048828125,0.08544921875,-0.76904296875,-0.3173828125,-1.47705078125,-0.28076171875,-1.0498046875,0.13427734375,0.25634765625,-0.0244140625,0.3173828125,0.048828125,-0.048828125,-0.08544921875,-0.048828125,-0.10986328125,0.1708984375,-0.13427734375,1.3671875,-0.0244140625,1.74560546875,-0.03662109375,4.04052734375,0.0732421875,0.93994140625
1,-0.0732421875,0.146484375,-0.2197265625,0.1953125,0.0732421875,0.03662109375,0.01220703125,0.439453125,0.146484375,-0.0244140625,0.0732421875,-0.91552734375,0.13427734375,1.03759765625,0.03662109375,-0.13427734375,-0.0732421875,-0.59814453125,0.0732421875,-0.23193359375,-0.146484375,0.830078125,-0.01220703125,-0.57373046875,0,-0.2197265625,-0.03662109375,-0.8544921875,0.1220703125,0.81787109375,-0.06103515625,-0.09765625,-0.048828125,6.3720703125,0.439453125,5.06591796875,0,8.89892578125,-0.40283203125,5.65185546875,-0.146484375,-0.2197265625,-0.2197265625,-0.81787109375,0.341796875,-0.50048828125,0.48828125,0.5126953125,-0.18310546875,2.6611328125,0.20751953125,5.01708984375,-0.2197265625,0.830078125,-0.6103515625,1.89208984375,-0.13427734375,0.76904296875,-0.40283203125,0.634765625,0.048828125,0.5126953125,0.0244140625,0.15869140625,0.06103515625,3.25927734375,-0.244140625,2.89306640625,0.439453125,3.9306640625,-0.439453125,2.11181640625,-0.29296875,6.54296875,-0.03662109375,9.06982421875,0.30517578125,5.33447265625,-0.0732421875,7.4462890625,0.1953125,-1.13525390625,-0.03662109375,-0.439453125,0.28076171875,-1.0498046875,-0.09765625,-0.8544921875,0.28076171875,-1.55029296875,0.1708984375,-0.2685546875,0.048828125,-0.45166015625,-0.06103515625,-1.6357421875,-0.20751953125,-0.7080078125,0.06103515625,-0.68359375,-0.10986328125,-0.5859375,-0.01220703125,-0.08544921875,0.06103515625,-0.76904296875,-0.2685546875,-1.50146484375,-0.3173828125,-1.0498046875,0.1953125,0.25634765625,0,0.29296875,0.0732421875,-0.048828125,-0.0732421875,-0.048828125,-0.09765625,0.15869140625,-0.146484375,1.18408203125,-0.0244140625,1.5869140625,-0.06103515625,3.5888671875,0.048828125,0.76904296875
1,-0.0732421875,0.03662109375,-0.2197265625,0.1220703125,0.08544921875,-0.03662109375,0.0244140625,0.3662109375,0.13427734375,-0.0732421875,0.0732421875,-0.9033203125,0.13427734375,1.0498046875,0.048828125,-0.13427734375,-0.06103515625,-0.6103515625,0.08544921875,-0.20751953125,-0.15869140625,0.8544921875,-0.06103515625,-0.57373046875,-0.048828125,-0.2197265625,-0.048828125,-0.8544921875,0.146484375,0.8056640625,-0.1220703125,-0.1220703125,0,5.9326171875,0.390625,4.69970703125,0.0732421875,8.3740234375,-0.3662109375,5.2978515625,-0.06103515625,-0.2197265625,-0.3173828125,-0.78125,0.341796875,-0.5126953125,0.40283203125,0.48828125,-0.09765625,2.60009765625,0.13427734375,4.79736328125,-0.244140625,0.78125,-0.5859375,1.84326171875,-0.146484375,0.76904296875,-0.45166015625,0.634765625,0,0.50048828125,0.01220703125,0.18310546875,0,3.16162109375,-0.3173828125,2.81982421875,0.390625,3.77197265625,-0.390625,2.05078125,-0.35400390625,5.6640625,-0.06103515625,7.8369140625,0.25634765625,4.55322265625,-0.15869140625,6.60400390625,0.10986328125,-1.0986328125,0.03662109375,-0.3662109375,0.23193359375,-1.08642578125,-0.08544921875,-0.84228515625,0.244140625,-1.57470703125,0.15869140625,-0.244140625,0.09765625,-0.42724609375,0.03662109375,-1.62353515625,-0.15869140625,-0.72021484375,0.06103515625,-0.67138671875,-0.15869140625,-0.5859375,0.03662109375,-0.06103515625,0.03662109375,-0.76904296875,-0.1953125,-1.50146484375,-0.3173828125,-1.0498046875,0.1953125,0.25634765625,-0.01220703125,0.28076171875,0.1220703125,-0.048828125,-0.08544921875,-0.048828125,-0.06103515625,0.1708984375,-0.146484375,0.9521484375,-0.01220703125,1.37939453125,-0.08544921875,3.0029296875,0.01220703125,0.537109375
1,-0.09765625,-0.10986328125,-0.23193359375,0.0244140625,0.08544921875,-0.1220703125,0.048828125,0.28076171875,0.1220703125,-0.0732421875,0.06103515625,-0.91552734375,0.13427734375,1.07421875,0.0244140625,-0.1708984375,-0.06103515625,-0.5859375,0.08544921875,-0.20751953125,-0.10986328125,0.87890625,-0.13427734375,-0.57373046875,-0.03662109375,-0.1953125,-0.08544921875,-0.8544921875,0.15869140625,0.79345703125,-0.1220703125,-0.09765625,0.10986328125,5.2978515625,0.30517578125,4.16259765625,0.146484375,7.55615234375,-0.3173828125,4.736328125,0,-0.20751953125,-0.37841796875,-0.72021484375,0.3662109375,-0.54931640625,0.390625,0.47607421875,0.01220703125,2.5634765625,0.048828125,4.65087890625,-0.25634765625,0.74462890625,-0.52490234375,1.81884765625,-0.146484375,0.76904296875,-0.42724609375,0.64697265625,-0.06103515625,0.5126953125,-0.06103515625,0.20751953125,-0.09765625,3.13720703125,-0.3173828125,2.79541015625,0.341796875,3.7109375,-0.3173828125,2.0263671875,-0.3662109375,4.6630859375,-0.06103515625,6.55517578125,0.1708984375,3.74755859375,-0.1953125,5.67626953125,0.03662109375,-1.06201171875,0.01220703125,-0.3173828125,0.1708984375,-1.08642578125,-0.01220703125,-0.84228515625,0.15869140625,-1.5869140625,0.15869140625,-0.2685546875,0.15869140625,-0.37841796875,0.13427734375,-1.62353515625,-0.10986328125,-0.732421875,0.0732421875,-0.6591796875,-0.20751953125,-0.59814453125,0.048828125,-0.0732421875,0.01220703125,-0.76904296875,-0.1220703125,-1.50146484375,-0.32958984375,-1.06201171875,0.15869140625,0.244140625,-0.01220703125,0.29296875,0.10986328125,-0.06103515625,-0.10986328125,-0.06103515625,-0.06103515625,0.13427734375,-0.146484375,0.72021484375,-0.0244140625,1.18408203125,-0.0732421875,2.38037109375,-0.0244140625,0.30517578125
1,-0.09765625,-0.30517578125,-0.23193359375,-0.08544921875,0.06103515625,-0.2197265625,0.048828125,0.15869140625,0.1220703125,-0.10986328125,0.03662109375,-0.9033203125,0.146484375,1.0986328125,0.048828125,-0.1953125,-0.048828125,-0.5859375,0.08544921875,-0.18310546875,-0.15869140625,0.87890625,-0.10986328125,-0.5859375,-0.08544921875,-0.18310546875,-0.0732421875,-0.84228515625,0.1708984375,0.81787109375,-0.146484375,-0.09765625,0.2197265625,4.50439453125,0.2197265625,3.466796875,0.1953125,6.494140625,-0.3173828125,4.04052734375,0.01220703125,-0.23193359375,-0.37841796875,-0.6591796875,0.40283203125,-0.537109375,0.341796875,0.48828125,0.1220703125,2.5390625,-0.0244140625,4.541015625,-0.2197265625,0.72021484375,-0.42724609375,1.7822265625,-0.2197265625,0.76904296875,-0.35400390625,0.634765625,-0.048828125,0.52490234375,-0.13427734375,0.2197265625,-0.09765625,3.125,-0.2685546875,2.79541015625,0.28076171875,3.6865234375,-0.28076171875,1.98974609375,-0.25634765625,3.64990234375,0.03662109375,5.21240234375,0.06103515625,2.86865234375,-0.20751953125,4.72412109375,0,-1.07421875,-0.06103515625,-0.32958984375,0.09765625,-1.0986328125,0.0244140625,-0.81787109375,0.0732421875,-1.59912109375,0.146484375,-0.28076171875,0.2685546875,-0.3662109375,0.1953125,-1.59912109375,-0.06103515625,-0.7568359375,0.0732421875,-0.6591796875,-0.244140625,-0.62255859375,0.03662109375,-0.08544921875,0.0244140625,-0.7568359375,-0.048828125,-1.513671875,-0.3173828125,-1.06201171875,0.08544921875,0.244140625,-0.01220703125,0.29296875,0.09765625,-0.048828125,-0.09765625,-0.06103515625,-0.03662109375,0.13427734375,-0.1220703125,0.48828125,0.01220703125,0.98876953125,-0.0732421875,1.7333984375,-0.048828125,0.048828125
1,-0.0244140625,-0.4638671875,-0.23193359375,-0.1953125,0.08544921875,-0.30517578125,0.06103515625,0.0732421875,0.10986328125,-0.1220703125,0.0244140625,-0.89111328125,0.146484375,1.07421875,0.06103515625,-0.1953125,-0.0732421875,-0.6103515625,0.09765625,-0.18310546875,-0.2197265625,0.89111328125,-0.0732421875,-0.5859375,-0.10986328125,-0.1708984375,-0.06103515625,-0.830078125,0.08544921875,0.81787109375,-0.10986328125,-0.09765625,0.30517578125,3.662109375,0.06103515625,2.69775390625,0.244140625,5.31005859375,-0.30517578125,3.25927734375,-0.01220703125,-0.2197265625,-0.35400390625,-0.59814453125,0.45166015625,-0.537109375,0.32958984375,0.5126953125,0.146484375,2.50244140625,-0.0732421875,4.45556640625,-0.15869140625,0.7080078125,-0.341796875,1.7822265625,-0.2685546875,0.78125,-0.3173828125,0.64697265625,-0.01220703125,0.537109375,-0.18310546875,0.244140625,-0.06103515625,3.11279296875,-0.1708984375,2.783203125,0.3173828125,3.64990234375,-0.1953125,1.953125,-0.1708984375,2.685546875,0.03662109375,3.89404296875,-0.0732421875,2.05078125,-0.18310546875,3.82080078125,-0.0244140625,-1.08642578125,-0.09765625,-0.341796875,0.0732421875,-1.07421875,0.048828125,-0.830078125,-0.0244140625,-1.5869140625,0.10986328125,-0.29296875,0.3662109375,-0.390625,0.1953125,-1.57470703125,-0.0244140625,-0.732421875,0.048828125,-0.67138671875,-0.28076171875,-0.62255859375,0,-0.0732421875,0.048828125,-0.732421875,-0.01220703125,-1.513671875,-0.3173828125,-1.06201171875,0.01220703125,0.244140625,-0.01220703125,0.29296875,0.13427734375,-0.03662109375,-0.08544921875,-0.08544921875,-0.048828125,0.146484375,-0.13427734375,0.2685546875,0,0.81787109375,-0.048828125,1.0986328125,-0.0732421875,-0.1708984375
1,-0.048828125,-0.59814453125,-0.25634765625,-0.23193359375,0.1220703125,-0.3662109375,0.06103515625,0.03662109375,0.08544921875,-0.15869140625,0,-0.927734375,0.146484375,1.0498046875,0.0732421875,-0.1953125,-0.0732421875,-0.57373046875,0.13427734375,-0.18310546875,-0.28076171875,0.87890625,-0.0244140625,-0.57373046875,-0.18310546875,-0.15869140625,-0.0244140625,-0.8544921875,0.0732421875,0.79345703125,-0.0732421875,-0.09765625,0.341796875,2.83203125,-0.048828125,1.91650390625,0.28076171875,4.16259765625,-0.3173828125,2.490234375,-0.0732421875,-0.244140625,-0.29296875,-0.57373046875,0.50048828125,-0.5126953125,0.2685546875,0.5615234375,0.18310546875,2.490234375,-0.08544921875,4.3701171875,-0.0732421875,0.68359375,-0.2197265625,1.77001953125,-0.3173828125,0.78125,-0.37841796875,0.634765625,-0.0732421875,0.54931640625,-0.29296875,0.25634765625,-0.03662109375,3.02734375,-0.10986328125,2.72216796875,0.3173828125,3.5400390625,-0.146484375,1.86767578125,-0.01220703125,1.77001953125,-0.01220703125,2.7587890625,-0.2197265625,1.28173828125,-0.1953125,2.9296875,-0.03662109375,-1.0986328125,-0.1708984375,-0.390625,0.0732421875,-1.0986328125,0,-0.830078125,-0.09765625,-1.5869140625,0.048828125,-0.29296875,0.42724609375,-0.37841796875,0.15869140625,-1.55029296875,-0.0732421875,-0.72021484375,0.0244140625,-0.6591796875,-0.25634765625,-0.62255859375,-0.0732421875,-0.08544921875,0.06103515625,-0.74462890625,0.08544921875,-1.4892578125,-0.2685546875,-1.07421875,-0.01220703125,0.23193359375,0,0.3173828125,0.09765625,-0.01220703125,-0.0732421875,-0.06103515625,-0.08544921875,0.15869140625,-0.13427734375,0.048828125,0.01220703125,0.6591796875,-0.0732421875,0.537109375,-0.08544921875,-0.4150390625
1,-0.0732421875,-0.634765625,-0.2197265625,-0.244140625,0.15869140625,-0.42724609375,0.0732421875,0.03662109375,0.0732421875,-0.15869140625,-0.0244140625,-0.927734375,0.146484375,1.025390625,0.06103515625,-0.15869140625,-0.1220703125,-0.57373046875,0.13427734375,-0.1953125,-0.32958984375,0.9033203125,0.03662109375,-0.57373046875,-0.23193359375,-0.146484375,0.0244140625,-0.84228515625,0.03662109375,0.8056640625,-0.08544921875,-0.08544921875,0.30517578125,2.06298828125,-0.15869140625,1.1962890625,0.29296875,3.1005859375,-0.341796875,1.7333984375,-0.1220703125,-0.244140625,-0.29296875,-0.57373046875,0.52490234375,-0.48828125,0.25634765625,0.6103515625,0.1953125,2.44140625,-0.03662109375,4.21142578125,-0.048828125,0.62255859375,-0.13427734375,1.708984375,-0.40283203125,0.78125,-0.4150390625,0.634765625,-0.01220703125,0.54931640625,-0.28076171875,0.23193359375,-0.03662109375,2.86865234375,-0.0244140625,2.6123046875,0.40283203125,3.30810546875,-0.03662109375,1.7333984375,0.06103515625,0.9765625,-0.048828125,1.7333984375,-0.30517578125,0.634765625,-0.1708984375,2.16064453125,-0.048828125,-1.123046875,-0.2197265625,-0.45166015625,0.08544921875,-1.0986328125,-0.10986328125,-0.84228515625,-0.1220703125,-1.5869140625,-0.0244140625,-0.30517578125,0.50048828125,-0.3662109375,0.06103515625,-1.5380859375,-0.0732421875,-0.732421875,-0.03662109375,-0.6591796875,-0.25634765625,-0.62255859375,-0.146484375,-0.0732421875,0.10986328125,-0.732421875,0.1220703125,-1.513671875,-0.25634765625,-1.0498046875,-0.048828125,0.244140625,0,0.30517578125,0.08544921875,0,-0.0732421875,-0.03662109375,-0.08544921875,0.1708984375,-0.13427734375,-0.1220703125,0.0244140625,0.54931640625,-0.0732421875,0.03662109375,-0.0732421875,-0.5859375
1,-0.13427734375,-0.62255859375,-0.28076171875,-0.23193359375,0.13427734375,-0.4150390625,0.03662109375,0.08544921875,0.048828125,-0.146484375,-0.01220703125,-0.93994140625,0.146484375,1.0009765625,0.0732421875,-0.15869140625,-0.146484375,-0.5859375,0.18310546875,-0.1708984375,-0.32958984375,0.87890625,0.06103515625,-0.5615234375,-0.25634765625,-0.13427734375,0.06103515625,-0.84228515625,0.01220703125,0.79345703125,-0.08544921875,-0.09765625,0.25634765625,1.416015625,-0.1708984375,0.54931640625,0.25634765625,2.16064453125,-0.37841796875,1.0986328125,-0.18310546875,-0.244140625,-0.30517578125,-0.5859375,0.4638671875,-0.47607421875,0.1953125,0.64697265625,0.2197265625,2.35595703125,0.03662109375,3.96728515625,-0.01220703125,0.537109375,-0.0244140625,1.64794921875,-0.439453125,0.7568359375,-0.439453125,0.64697265625,-0.048828125,0.5615234375,-0.35400390625,0.2197265625,-0.06103515625,2.587890625,0.048828125,2.42919921875,0.47607421875,2.9296875,0.06103515625,1.52587890625,0.10986328125,0.3173828125,-0.09765625,0.9521484375,-0.4150390625,0.13427734375,-0.15869140625,1.5380859375,-0.0732421875,-1.13525390625,-0.29296875,-0.54931640625,0.10986328125,-1.08642578125,-0.1953125,-0.8544921875,-0.146484375,-1.59912109375,-0.08544921875,-0.30517578125,0.537109375,-0.390625,0,-1.52587890625,-0.09765625,-0.732421875,-0.06103515625,-0.6591796875,-0.23193359375,-0.634765625,-0.20751953125,-0.08544921875,0.15869140625,-0.7568359375,0.15869140625,-1.50146484375,-0.2197265625,-1.0498046875,-0.09765625,0.23193359375,0.03662109375,0.30517578125,0.0732421875,0,-0.0732421875,-0.03662109375,-0.09765625,0.15869140625,-0.10986328125,-0.2685546875,0.0244140625,0.47607421875,-0.08544921875,-0.3662109375,-0.09765625,-0.7568359375
1,-0.13427734375,-0.537109375,-0.28076171875,-0.1953125,0.13427734375,-0.3662109375,0.0244140625,0.1220703125,0.048828125,-0.146484375,0,-0.9521484375,0.13427734375,1.0009765625,0.06103515625,-0.146484375,-0.18310546875,-0.5615234375,0.1708984375,-0.1953125,-0.3173828125,0.86669921875,0.08544921875,-0.57373046875,-0.25634765625,-0.15869140625,0.048828125,-0.86669921875,0.01220703125,0.8056640625,-0.09765625,-0.09765625,0.23193359375,0.9033203125,-0.1953125,0.03662109375,0.1953125,1.40380859375,-0.4150390625,0.5615234375,-0.2685546875,-0.25634765625,-0.3173828125,-0.64697265625,0.42724609375,-0.439453125,0.18310546875,0.6591796875,0.1708984375,2.23388671875,0.01220703125,3.60107421875,0,0.439453125,0.048828125,1.52587890625,-0.47607421875,0.7568359375,-0.40283203125,0.62255859375,-0.048828125,0.5615234375,-0.4638671875,0.18310546875,-0.0732421875,2.2216796875,0.1220703125,2.1484375,0.54931640625,2.42919921875,0.10986328125,1.26953125,0.146484375,-0.146484375,-0.1220703125,0.42724609375,-0.4150390625,-0.2197265625,-0.13427734375,1.07421875,-0.048828125,-1.1474609375,-0.30517578125,-0.62255859375,0.08544921875,-1.0986328125,-0.25634765625,-0.87890625,-0.1220703125,-1.55029296875,-0.15869140625,-0.30517578125,0.537109375,-0.40283203125,-0.06103515625,-1.55029296875,-0.09765625,-0.732421875,-0.048828125,-0.6591796875,-0.244140625,-0.62255859375,-0.23193359375,-0.0732421875,0.18310546875,-0.74462890625,0.1953125,-1.50146484375,-0.18310546875,-1.03759765625,-0.13427734375,0.244140625,0.06103515625,0.29296875,0.0244140625,0,-0.08544921875,-0.03662109375,-0.09765625,0.1708984375,-0.1220703125,-0.3662109375,0.0244140625,0.40283203125,-0.09765625,-0.68359375,-0.09765625,-0.89111328125
1,-0.10986328125,-0.439453125,-0.244140625,-0.146484375,0.1708984375,-0.32958984375,0.06103515625,0.146484375,0.048828125,-0.13427734375,-0.01220703125,-0.96435546875,0.146484375,0.98876953125,0.0732421875,-0.15869140625,-0.18310546875,-0.5615234375,0.146484375,-0.1953125,-0.244140625,0.86669921875,0.0732421875,-0.5615234375,-0.29296875,-0.1708984375,0.03662109375,-0.8544921875,-0.0244140625,0.79345703125,-0.10986328125,-0.10986328125,0.23193359375,0.52490234375,-0.1953125,-0.3662109375,0.146484375,0.84228515625,-0.48828125,0.10986328125,-0.341796875,-0.25634765625,-0.35400390625,-0.67138671875,0.37841796875,-0.42724609375,0.244140625,0.67138671875,0.15869140625,2.05078125,0.08544921875,3.13720703125,0.048828125,0.32958984375,0.10986328125,1.416015625,-0.5126953125,0.732421875,-0.3662109375,0.6103515625,0,0.52490234375,-0.47607421875,0.18310546875,-0.08544921875,1.8310546875,0.20751953125,1.84326171875,0.62255859375,1.84326171875,0.10986328125,1.0009765625,0.1708984375,-0.4638671875,-0.244140625,0.13427734375,-0.3662109375,-0.4638671875,-0.1220703125,0.76904296875,-0.03662109375,-1.15966796875,-0.244140625,-0.67138671875,0,-1.11083984375,-0.28076171875,-0.89111328125,-0.048828125,-1.5380859375,-0.1953125,-0.3173828125,0.5126953125,-0.4150390625,-0.09765625,-1.5625,-0.08544921875,-0.732421875,-0.08544921875,-0.6591796875,-0.244140625,-0.62255859375,-0.23193359375,-0.06103515625,0.23193359375,-0.74462890625,0.20751953125,-1.4892578125,-0.13427734375,-1.03759765625,-0.146484375,0.23193359375,0.03662109375,0.32958984375,0.03662109375,-0.0244140625,-0.08544921875,-0.03662109375,-0.0732421875,0.18310546875,-0.13427734375,-0.439453125,0,0.37841796875,-0.10986328125,-0.89111328125,-0.09765625,-0.96435546875
1,-0.13427734375,-0.3173828125,-0.29296875,-0.10986328125,0.146484375,-0.2685546875,0,0.1708984375,0.03662109375,-0.1220703125,0.01220703125,-0.93994140625,0.13427734375,0.98876953125,0.0732421875,-0.18310546875,-0.146484375,-0.5615234375,0.09765625,-0.20751953125,-0.18310546875,0.84228515625,0.06103515625,-0.57373046875,-0.2685546875,-0.1708984375,0.03662109375,-0.8544921875,-0.06103515625,0.79345703125,-0.10986328125,-0.09765625,0.2197265625,0.20751953125,-0.1708984375,-0.634765625,0.06103515625,0.40283203125,-0.57373046875,-0.18310546875,-0.4150390625,-0.25634765625,-0.37841796875,-0.74462890625,0.29296875,-0.4150390625,0.3173828125,0.634765625,0.09765625,1.86767578125,0.13427734375,2.57568359375,0.06103515625,0.2197265625,0.146484375,1.23291015625,-0.537109375,0.732421875,-0.45166015625,0.5859375,0.03662109375,0.52490234375,-0.6103515625,0.18310546875,-0.10986328125,1.4404296875,0.244140625,1.5625,0.7080078125,1.25732421875,0.03662109375,0.74462890625,0.1953125,-0.62255859375,-0.29296875,0.06103515625,-0.244140625,-0.59814453125,-0.1708984375,0.59814453125,0.0244140625,-1.15966796875,-0.18310546875,-0.72021484375,-0.09765625,-1.11083984375,-0.20751953125,-0.91552734375,0.01220703125,-1.5380859375,-0.1953125,-0.32958984375,0.42724609375,-0.42724609375,-0.10986328125,-1.5869140625,-0.0732421875,-0.732421875,-0.10986328125,-0.64697265625,-0.18310546875,-0.59814453125,-0.23193359375,-0.0732421875,0.28076171875,-0.732421875,0.2197265625,-1.50146484375,-0.06103515625,-1.03759765625,-0.146484375,0.244140625,0.03662109375,0.3173828125,0.03662109375,-0.0244140625,-0.09765625,-0.01220703125,-0.09765625,0.18310546875,-0.1220703125,-0.4638671875,-0.01220703125,0.3662109375,-0.1220703125,-1.0009765625,-0.08544921875,-1.0009765625
1,-0.146484375,-0.244140625,-0.28076171875,-0.08544921875,0.1953125,-0.244140625,0.0244140625,0.20751953125,0.03662109375,-0.0732421875,0,-0.927734375,0.13427734375,1.01318359375,0.09765625,-0.146484375,-0.09765625,-0.5615234375,0.03662109375,-0.20751953125,-0.10986328125,0.830078125,0.01220703125,-0.5859375,-0.244140625,-0.18310546875,0.0244140625,-0.87890625,-0.0732421875,0.8056640625,-0.13427734375,-0.10986328125,0.28076171875,0.01220703125,-0.1953125,-0.8056640625,0.01220703125,0.1220703125,-0.6103515625,-0.4150390625,-0.439453125,-0.244140625,-0.3662109375,-0.732421875,0.2197265625,-0.439453125,0.40283203125,0.634765625,0.03662109375,1.6845703125,0.2197265625,1.953125,0.06103515625,0.08544921875,0.20751953125,1.08642578125,-0.54931640625,0.74462890625,-0.45166015625,0.5859375,0.048828125,0.52490234375,-0.5615234375,0.1708984375,-0.0732421875,1.123046875,0.29296875,1.35498046875,0.78125,0.76904296875,0,0.57373046875,0.0732421875,-0.68359375,-0.35400390625,0.146484375,-0.1953125,-0.62255859375,-0.28076171875,0.54931640625,0.10986328125,-1.15966796875,-0.1708984375,-0.74462890625,-0.1953125,-1.123046875,-0.13427734375,-0.91552734375,0.08544921875,-1.52587890625,-0.20751953125,-0.35400390625,0.32958984375,-0.40283203125,-0.10986328125,-1.611328125,-0.09765625,-0.732421875,-0.10986328125,-0.64697265625,-0.08544921875,-0.6103515625,-0.1953125,-0.06103515625,0.29296875,-0.74462890625,0.23193359375,-1.47705078125,0.01220703125,-1.0498046875,-0.15869140625,0.244140625,0.01220703125,0.3173828125,0.03662109375,-0.03662109375,-0.08544921875,-0.01220703125,-0.13427734375,0.18310546875,-0.1220703125,-0.4638671875,-0.0244140625,0.37841796875,-0.1220703125,-1.01318359375,-0.08544921875,-1.025390625
0,-0.146484375,-0.25634765625,-0.29296875,-0.09765625,0.1953125,-0.25634765625,0.03662109375,0.1708984375,0.06103515625,-0.0732421875,0,-0.927734375,0.146484375,1.025390625,0.09765625,-0.146484375,-0.03662109375,-0.57373046875,-0.01220703125,-0.20751953125,-0.06103515625,0.81787109375,-0.048828125,-0.57373046875,-0.23193359375,-0.2197265625,0,-0.86669921875,-0.10986328125,0.81787109375,-0.09765625,-0.10986328125,0.32958984375,-0.15869140625,-0.2685546875,-0.9521484375,-0.01220703125,-0.09765625,-0.68359375,-0.57373046875,-0.47607421875,-0.244140625,-0.30517578125,-0.74462890625,0.08544921875,-0.42724609375,0.42724609375,0.62255859375,0,1.4892578125,0.2197265625,1.35498046875,0.0244140625,0,0.2197265625,0.93994140625,-0.48828125,0.74462890625,-0.4638671875,0.5615234375,0,0.5615234375,-0.57373046875,0.1953125,-0.0732421875,0.96435546875,0.2685546875,1.2451171875,0.7080078125,0.48828125,0,0.5126953125,0.03662109375,-0.64697265625,-0.30517578125,0.30517578125,-0.08544921875,-0.59814453125,-0.3173828125,0.5859375,0.1708984375,-1.171875,-0.1220703125,-0.74462890625,-0.3173828125,-1.13525390625,-0.06103515625,-0.93994140625,0.1220703125,-1.52587890625,-0.18310546875,-0.341796875,0.20751953125,-0.4150390625,-0.146484375,-1.6357421875,-0.1220703125,-0.7568359375,-0.1220703125,-0.64697265625,0,-0.6103515625,-0.1708984375,-0.0732421875,0.29296875,-0.74462890625,0.20751953125,-1.4892578125,0.06103515625,-1.0498046875,-0.15869140625,0.25634765625,0,0.32958984375,0.03662109375,-0.048828125,-0.08544921875,-0.03662109375,-0.15869140625,0.1708984375,-0.10986328125,-0.45166015625,-0.01220703125,0.40283203125,-0.146484375,-1.0009765625,-0.06103515625,-1.025390625
0,-0.15869140625,-0.28076171875,-0.30517578125,-0.10986328125,0.1708984375,-0.2685546875,0.048828125,0.1220703125,0.06103515625,-0.08544921875,0.01220703125,-0.91552734375,0.146484375,1.03759765625,0.09765625,-0.15869140625,0.048828125,-0.5615234375,-0.06103515625,-0.1953125,-0.048828125,0.81787109375,-0.08544921875,-0.5859375,-0.18310546875,-0.2197265625,-0.03662109375,-0.84228515625,-0.10986328125,0.81787109375,-0.09765625,-0.1220703125,0.3662109375,-0.29296875,-0.32958984375,-1.03759765625,0,-0.25634765625,-0.69580078125,-0.7080078125,-0.47607421875,-0.244140625,-0.23193359375,-0.76904296875,0,-0.4150390625,0.45166015625,0.5859375,-0.03662109375,1.3671875,0.23193359375,0.86669921875,-0.0244140625,-0.06103515625,0.2685546875,0.84228515625,-0.45166015625,0.7568359375,-0.5126953125,0.54931640625,-0.06103515625,0.5859375,-0.6591796875,0.2197265625,-0.01220703125,1.0009765625,0.18310546875,1.28173828125,0.7080078125,0.5126953125,-0.01220703125,0.5859375,0.048828125,-0.57373046875,-0.2685546875,0.537109375,0,-0.54931640625,-0.3662109375,0.68359375,0.20751953125,-1.171875,-0.08544921875,-0.7080078125,-0.439453125,-1.1474609375,-0.03662109375,-0.927734375,0.146484375,-1.52587890625,-0.15869140625,-0.341796875,0.0732421875,-0.40283203125,-0.18310546875,-1.66015625,-0.13427734375,-0.76904296875,-0.15869140625,-0.634765625,0.0244140625,-0.62255859375,-0.10986328125,-0.08544921875,0.23193359375,-0.76904296875,0.18310546875,-1.50146484375,0.08544921875,-1.03759765625,-0.146484375,0.244140625,0,0.3173828125,0.01220703125,-0.048828125,-0.08544921875,-0.03662109375,-0.18310546875,0.146484375,-0.1220703125,-0.42724609375,-0.03662109375,0.4150390625,-0.18310546875,-0.9521484375,-0.08544921875,-0.98876953125
0,-0.1953125,-0.32958984375,-0.32958984375,-0.13427734375,0.1220703125,-0.30517578125,0.048828125,0.09765625,0.0732421875,-0.08544921875,0.01220703125,-0.9033203125,0.13427734375,1.07421875,0.0732421875,-0.1220703125,0.08544921875,-0.57373046875,-0.1220703125,-0.20751953125,-0.06103515625,0.8544921875,-0.10986328125,-0.57373046875,-0.18310546875,-0.2197265625,-0.06103515625,-0.84228515625,-0.10986328125,0.81787109375,-0.08544921875,-0.09765625,0.35400390625,-0.439453125,-0.45166015625,-1.11083984375,0.0244140625,-0.42724609375,-0.6591796875,-0.84228515625,-0.47607421875,-0.25634765625,-0.146484375,-0.74462890625,-0.0732421875,-0.4150390625,0.45166015625,0.54931640625,-0.01220703125,1.26953125,0.2197265625,0.5615234375,-0.10986328125,-0.08544921875,0.25634765625,0.76904296875,-0.40283203125,0.76904296875,-0.439453125,0.5615234375,-0.06103515625,0.634765625,-0.62255859375,0.2685546875,-0.0244140625,1.2451171875,0.09765625,1.47705078125,0.64697265625,0.8544921875,0,0.8056640625,-0.01220703125,-0.5126953125,-0.28076171875,0.7080078125,0,-0.48828125,-0.35400390625,0.78125,0.25634765625,-1.171875,-0.01220703125,-0.67138671875,-0.50048828125,-1.13525390625,-0.048828125,-0.927734375,0.1220703125,-1.513671875,-0.10986328125,-0.3173828125,-0.03662109375,-0.42724609375,-0.18310546875,-1.64794921875,-0.10986328125,-0.7568359375,-0.15869140625,-0.634765625,0.06103515625,-0.62255859375,-0.06103515625,-0.0732421875,0.18310546875,-0.76904296875,0.1953125,-1.50146484375,0.08544921875,-1.03759765625,-0.13427734375,0.244140625,-0.0244140625,0.3173828125,0.0244140625,-0.06103515625,-0.08544921875,-0.06103515625,-0.1953125,0.15869140625,-0.13427734375,-0.390625,-0.01220703125,0.439453125,-0.18310546875,-0.87890625,-0.0732421875,-0.96435546875
0,-0.2197265625,-0.390625,-0.32958984375,-0.15869140625,0.1220703125,-0.3173828125,0.048828125,0.048828125,0.08544921875,-0.09765625,0,-0.89111328125,0.1220703125,1.07421875,0.06103515625,-0.13427734375,0.13427734375,-0.57373046875,-0.15869140625,-0.2197265625,-0.1708984375,0.8544921875,-0.1953125,-0.57373046875,-0.2197265625,-0.1953125,-0.08544921875,-0.830078125,-0.09765625,0.830078125,-0.09765625,-0.08544921875,0.28076171875,-0.59814453125,-0.54931640625,-1.20849609375,0.0244140625,-0.6103515625,-0.7080078125,-0.9521484375,-0.439453125,-0.28076171875,-0.048828125,-0.69580078125,-0.1220703125,-0.42724609375,0.40283203125,0.5126953125,0,1.30615234375,0.08544921875,0.50048828125,-0.1708984375,-0.08544921875,0.20751953125,0.7568359375,-0.42724609375,0.76904296875,-0.390625,0.54931640625,-0.06103515625,0.7080078125,-0.6591796875,0.2685546875,-0.048828125,1.72119140625,0,1.8798828125,0.45166015625,1.52587890625,-0.0732421875,1.171875,-0.09765625,-0.439453125,-0.2197265625,0.8056640625,0.03662109375,-0.45166015625,-0.3173828125,0.86669921875,0.2685546875,-1.171875,0.03662109375,-0.64697265625,-0.50048828125,-1.11083984375,-0.048828125,-0.9033203125,0.1220703125,-1.5380859375,-0.09765625,-0.341796875,-0.10986328125,-0.4150390625,-0.1953125,-1.64794921875,-0.09765625,-0.74462890625,-0.15869140625,-0.634765625,0.048828125,-0.634765625,-0.048828125,-0.0732421875,0.1708984375,-0.7568359375,0.1708984375,-1.513671875,0.06103515625,-1.03759765625,-0.15869140625,0.244140625,-0.048828125,0.30517578125,-0.03662109375,-0.0732421875,-0.09765625,-0.1220703125,-0.1953125,0.13427734375,-0.13427734375,-0.37841796875,-0.01220703125,0.439453125,-0.1708984375,-0.830078125,-0.0732421875,-0.927734375
0,-0.20751953125,-0.439453125,-0.32958984375,-0.15869140625,0.146484375,-0.32958984375,0.0732421875,0.048828125,0.0732421875,-0.10986328125,-0.03662109375,-0.89111328125,0.13427734375,1.07421875,0.08544921875,-0.146484375,0.1953125,-0.54931640625,-0.1953125,-0.20751953125,-0.29296875,0.89111328125,-0.20751953125,-0.57373046875,-0.23193359375,-0.18310546875,-0.06103515625,-0.81787109375,-0.09765625,0.830078125,-0.13427734375,-0.08544921875,0.28076171875,-0.74462890625,-0.5859375,-1.26953125,0.0732421875,-0.8056640625,-0.6591796875,-1.06201171875,-0.35400390625,-0.2685546875,0.01220703125,-0.64697265625,-0.1708984375,-0.45166015625,0.45166015625,0.52490234375,0.03662109375,1.416015625,0.13427734375,0.7080078125,-0.18310546875,-0.048828125,0.15869140625,0.830078125,-0.439453125,0.78125,-0.341796875,0.54931640625,-0.06103515625,0.76904296875,-0.5615234375,0.29296875,0.01220703125,2.392578125,-0.03662109375,2.392578125,0.3173828125,2.490234375,-0.06103515625,1.66015625,-0.1953125,-0.390625,-0.20751953125,0.8544921875,0.0244140625,-0.4150390625,-0.28076171875,0.93994140625,0.25634765625,-1.171875,0.0732421875,-0.5859375,-0.47607421875,-1.123046875,-0.0732421875,-0.9033203125,0.08544921875,-1.5380859375,-0.0732421875,-0.341796875,-0.18310546875,-0.4150390625,-0.1708984375,-1.6357421875,-0.0732421875,-0.74462890625,-0.08544921875,-0.634765625,0.01220703125,-0.634765625,-0.0244140625,-0.0732421875,0.1708984375,-0.76904296875,0.146484375,-1.4892578125,0.048828125,-1.0498046875,-0.146484375,0.25634765625,-0.048828125,0.30517578125,-0.0244140625,-0.06103515625,-0.09765625,-0.13427734375,-0.20751953125,0.13427734375,-0.15869140625,-0.341796875,0,0.45166015625,-0.18310546875,-0.79345703125,-0.08544921875,-0.9033203125
0,-0.28076171875,-0.42724609375,-0.341796875,-0.1708984375,0.146484375,-0.3173828125,0.03662109375,0.03662109375,0.048828125,-0.1220703125,-0.06103515625,-0.9033203125,0.10986328125,1.0498046875,0.08544921875,-0.15869140625,0.1708984375,-0.5615234375,-0.20751953125,-0.20751953125,-0.40283203125,0.86669921875,-0.2197265625,-0.57373046875,-0.28076171875,-0.15869140625,-0.048828125,-0.830078125,-0.10986328125,0.81787109375,-0.1220703125,-0.08544921875,0.32958984375,-0.9033203125,-0.6103515625,-1.33056640625,0.1708984375,-0.96435546875,-0.57373046875,-1.18408203125,-0.32958984375,-0.28076171875,0.1220703125,-0.62255859375,-0.1953125,-0.45166015625,0.4150390625,0.537109375,0.01220703125,1.6357421875,0.10986328125,1.2451171875,-0.244140625,0.08544921875,0.06103515625,1.0009765625,-0.5126953125,0.76904296875,-0.3173828125,0.57373046875,-0.048828125,0.830078125,-0.4638671875,0.29296875,0.06103515625,3.18603515625,-0.1708984375,3.0029296875,0.1708984375,3.62548828125,-0.0732421875,2.23388671875,-0.20751953125,-0.341796875,-0.20751953125,0.81787109375,0,-0.4150390625,-0.23193359375,0.9765625,0.20751953125,-1.20849609375,0.1708984375,-0.57373046875,-0.390625,-1.11083984375,-0.06103515625,-0.89111328125,0.0244140625,-1.5380859375,-0.1220703125,-0.32958984375,-0.25634765625,-0.42724609375,-0.13427734375,-1.62353515625,-0.0732421875,-0.74462890625,-0.01220703125,-0.64697265625,-0.0244140625,-0.64697265625,-0.01220703125,-0.08544921875,0.1708984375,-0.76904296875,0.1708984375,-1.52587890625,0.03662109375,-1.03759765625,-0.1708984375,0.244140625,-0.0732421875,0.28076171875,-0.01220703125,-0.048828125,-0.08544921875,-0.1220703125,-0.2197265625,0.1220703125,-0.13427734375,-0.3173828125,0,0.45166015625,-0.146484375,-0.78125,-0.08544921875,-0.9033203125
0,-0.20751953125,-0.390625,-0.30517578125,-0.13427734375,0.13427734375,-0.29296875,0.01220703125,0.0732421875,0.03662109375,-0.10986328125,-0.08544921875,-0.9033203125,0.08544921875,1.03759765625,0.06103515625,-0.1708984375,0.15869140625,-0.57373046875,-0.1708984375,-0.20751953125,-0.48828125,0.86669921875,-0.244140625,-0.5859375,-0.32958984375,-0.15869140625,0.03662109375,-0.830078125,-0.09765625,0.830078125,-0.1220703125,-0.09765625,0.32958984375,-1.0009765625,-0.6103515625,-1.37939453125,0.25634765625,-1.0986328125,-0.5126953125,-1.25732421875,-0.2685546875,-0.28076171875,0.1708984375,-0.62255859375,-0.20751953125,-0.4638671875,0.28076171875,0.57373046875,0.01220703125,1.953125,0.06103515625,2.08740234375,-0.28076171875,0.2685546875,0.0244140625,1.2451171875,-0.5615234375,0.78125,-0.2685546875,0.57373046875,-0.0732421875,0.89111328125,-0.4638671875,0.29296875,0.13427734375,4.01611328125,-0.2197265625,3.662109375,0.03662109375,4.82177734375,-0.10986328125,2.79541015625,-0.1708984375,-0.341796875,-0.2197265625,0.732421875,-0.01220703125,-0.40283203125,-0.18310546875,0.98876953125,0.08544921875,-1.20849609375,0.2197265625,-0.54931640625,-0.32958984375,-1.0986328125,-0.048828125,-0.86669921875,-0.03662109375,-1.55029296875,-0.146484375,-0.3173828125,-0.32958984375,-0.4150390625,-0.08544921875,-1.611328125,-0.06103515625,-0.732421875,-0.0244140625,-0.6591796875,-0.03662109375,-0.634765625,-0.0244140625,-0.08544921875,0.1953125,-0.76904296875,0.1220703125,-1.52587890625,0.03662109375,-1.0498046875,-0.15869140625,0.23193359375,-0.09765625,0.2685546875,-0.03662109375,-0.03662109375,-0.09765625,-0.1220703125,-0.2197265625,0.13427734375,-0.1220703125,-0.35400390625,-0.01220703125,0.439453125,-0.146484375,-0.81787109375,-0.0732421875,-0.91552734375
0,-0.18310546875,-0.341796875,-0.30517578125,-0.08544921875,0.13427734375,-0.2197265625,0.01220703125,0.1220703125,0.01220703125,-0.09765625,-0.10986328125,-0.927734375,0.0732421875,1.01318359375,0.01220703125,-0.18310546875,0.08544921875,-0.5615234375,-0.146484375,-0.23193359375,-0.47607421875,0.8544921875,-0.20751953125,-0.5859375,-0.35400390625,-0.15869140625,0.0732421875,-0.84228515625,-0.146484375,0.81787109375,-0.1220703125,-0.09765625,0.32958984375,-1.06201171875,-0.634765625,-1.40380859375,0.29296875,-1.18408203125,-0.47607421875,-1.2939453125,-0.20751953125,-0.29296875,0.2685546875,-0.6103515625,-0.25634765625,-0.439453125,0.18310546875,0.57373046875,-0.01220703125,2.30712890625,-0.0244140625,3.1005859375,-0.32958984375,0.50048828125,-0.01220703125,1.55029296875,-0.59814453125,0.76904296875,-0.20751953125,0.57373046875,-0.06103515625,0.93994140625,-0.439453125,0.29296875,0.13427734375,4.77294921875,-0.25634765625,4.248046875,0,5.96923828125,-0.13427734375,3.3203125,-0.15869140625,-0.32958984375,-0.23193359375,0.67138671875,-0.048828125,-0.40283203125,-0.10986328125,0.9765625,-0.0244140625,-1.18408203125,0.23193359375,-0.537109375,-0.20751953125,-1.08642578125,-0.10986328125,-0.86669921875,-0.09765625,-1.55029296875,-0.1708984375,-0.29296875,-0.37841796875,-0.42724609375,-0.0244140625,-1.57470703125,-0.1220703125,-0.72021484375,0.0244140625,-0.67138671875,-0.048828125,-0.62255859375,-0.08544921875,-0.09765625,0.1953125,-0.76904296875,0.13427734375,-1.513671875,-0.03662109375,-1.03759765625,-0.146484375,0.23193359375,-0.13427734375,0.28076171875,-0.03662109375,-0.03662109375,-0.08544921875,-0.0732421875,-0.2197265625,0.13427734375,-0.1220703125,-0.390625,-0.0244140625,0.4150390625,-0.1708984375,-0.830078125,-0.048828125,-0.93994140625
0,-0.146484375,-0.28076171875,-0.3173828125,-0.03662109375,0.1708984375,-0.1708984375,-0.01220703125,0.18310546875,-0.01220703125,-0.08544921875,-0.1220703125,-0.927734375,0.06103515625,1.0009765625,0,-0.1708984375,0.01220703125,-0.57373046875,-0.10986328125,-0.23193359375,-0.37841796875,0.8544921875,-0.15869140625,-0.5859375,-0.37841796875,-0.15869140625,0.09765625,-0.84228515625,-0.1953125,0.8056640625,-0.08544921875,-0.10986328125,0.37841796875,-1.0498046875,-0.537109375,-1.3916015625,0.341796875,-1.1474609375,-0.4638671875,-1.30615234375,-0.1708984375,-0.28076171875,0.2685546875,-0.62255859375,-0.244140625,-0.439453125,0.2197265625,0.5859375,-0.0732421875,2.67333984375,-0.01220703125,4.26025390625,-0.37841796875,0.72021484375,-0.09765625,1.85546875,-0.6591796875,0.74462890625,-0.146484375,0.5615234375,-0.0732421875,0.9521484375,-0.40283203125,0.28076171875,0.10986328125,5.43212890625,-0.23193359375,4.72412109375,-0.01220703125,6.884765625,-0.15869140625,3.759765625,-0.0732421875,-0.3173828125,-0.146484375,0.57373046875,-0.048828125,-0.390625,-0.0244140625,0.9765625,-0.15869140625,-1.171875,0.20751953125,-0.52490234375,-0.13427734375,-1.07421875,-0.1220703125,-0.8544921875,-0.146484375,-1.55029296875,-0.1953125,-0.29296875,-0.4150390625,-0.42724609375,-0.01220703125,-1.5625,-0.1220703125,-0.7080078125,0.048828125,-0.68359375,-0.01220703125,-0.62255859375,-0.10986328125,-0.09765625,0.18310546875,-0.7568359375,0.15869140625,-1.5380859375,-0.10986328125,-1.03759765625,-0.15869140625,0.2197265625,-0.18310546875,0.29296875,-0.06103515625,-0.03662109375,-0.08544921875,-0.03662109375,-0.20751953125,0.15869140625,-0.08544921875,-0.4150390625,-0.0244140625,0.45166015625,-0.146484375,-0.86669921875,-0.0244140625,-0.9521484375
0,-0.18310546875,-0.23193359375,-0.3173828125,-0.01220703125,0.18310546875,-0.13427734375,-0.0244140625,0.2197265625,-0.01220703125,-0.08544921875,-0.146484375,-0.9521484375,0.0732421875,0.98876953125,-0.01220703125,-0.1708984375,0,-0.5859375,-0.09765625,-0.20751953125,-0.25634765625,0.84228515625,-0.08544921875,-0.5615234375,-0.37841796875,-0.15869140625,0.1220703125,-0.87890625,-0.3173828125,0.79345703125,-0.10986328125,-0.10986328125,0.4150390625,-1.0009765625,-0.50048828125,-1.3427734375,0.35400390625,-1.0986328125,-0.47607421875,-1.2451171875,-0.1708984375,-0.2685546875,0.30517578125,-0.64697265625,-0.18310546875,-0.439453125,0.15869140625,0.57373046875,-0.09765625,3.02734375,0.13427734375,5.419921875,-0.341796875,1.0009765625,-0.09765625,2.16064453125,-0.634765625,0.72021484375,-0.146484375,0.54931640625,-0.06103515625,0.93994140625,-0.40283203125,0.3173828125,0.1708984375,5.87158203125,-0.2685546875,5.029296875,0.0244140625,7.50732421875,-0.2197265625,4.00390625,-0.01220703125,-0.29296875,-0.23193359375,0.57373046875,0,-0.341796875,0.0244140625,0.9765625,-0.23193359375,-1.1474609375,0.20751953125,-0.5126953125,-0.09765625,-1.06201171875,-0.08544921875,-0.84228515625,-0.15869140625,-1.5625,-0.2197265625,-0.2685546875,-0.45166015625,-0.42724609375,-0.048828125,-1.57470703125,-0.13427734375,-0.7080078125,0.03662109375,-0.68359375,-0.03662109375,-0.6103515625,-0.1220703125,-0.0732421875,0.15869140625,-0.7568359375,0.15869140625,-1.52587890625,-0.15869140625,-1.06201171875,-0.1708984375,0.244140625,-0.18310546875,0.29296875,-0.0732421875,-0.01220703125,-0.06103515625,0,-0.1953125,0.1708984375,-0.0732421875,-0.439453125,-0.0244140625,0.439453125,-0.09765625,-0.87890625,-0.0244140625,-1.0009765625
0,-0.25634765625,-0.1953125,-0.32958984375,0,0.1953125,-0.10986328125,-0.0244140625,0.25634765625,-0.03662109375,-0.08544921875,-0.15869140625,-0.93994140625,0.09765625,0.98876953125,-0.03662109375,-0.15869140625,0,-0.57373046875,-0.09765625,-0.2197265625,-0.10986328125,0.830078125,0.01220703125,-0.5859375,-0.3662109375,-0.15869140625,0.1953125,-0.86669921875,-0.45166015625,0.8056640625,-0.1220703125,-0.1220703125,0.439453125,-0.89111328125,-0.4638671875,-1.2451171875,0.341796875,-0.9765625,-0.50048828125,-1.15966796875,-0.244140625,-0.28076171875,0.2197265625,-0.6591796875,-0.1220703125,-0.439453125,0.2197265625,0.57373046875,-0.13427734375,3.3447265625,0.25634765625,6.494140625,-0.32958984375,1.23291015625,-0.09765625,2.45361328125,-0.634765625,0.74462890625,-0.15869140625,0.5615234375,-0.08544921875,0.9033203125,-0.32958984375,0.3173828125,0.146484375,6.04248046875,-0.2685546875,5.13916015625,0.10986328125,7.80029296875,-0.30517578125,4.11376953125,0.09765625,-0.25634765625,-0.15869140625,0.6103515625,0.10986328125,-0.32958984375,0.09765625,1.0009765625,-0.29296875,-1.13525390625,0.18310546875,-0.5126953125,-0.10986328125,-1.07421875,-0.08544921875,-0.8544921875,-0.15869140625,-1.55029296875,-0.1953125,-0.28076171875,-0.439453125,-0.439453125,-0.09765625,-1.57470703125,-0.146484375,-0.7080078125,0.0732421875,-0.67138671875,-0.08544921875,-0.59814453125,-0.10986328125,-0.09765625,0.08544921875,-0.74462890625,0.18310546875,-1.513671875,-0.1953125,-1.07421875,-0.1953125,0.244140625,-0.1953125,0.30517578125,-0.0732421875,-0.03662109375,-0.09765625,0.01220703125,-0.1953125,0.1953125,-0.08544921875,-0.4638671875,-0.01220703125,0.47607421875,-0.048828125,-0.89111328125,-0.01220703125,-0.98876953125
0,-0.18310546875,-0.18310546875,-0.341796875,-0.03662109375,0.18310546875,-0.146484375,-0.01220703125,0.25634765625,-0.048828125,-0.0732421875,-0.15869140625,-0.927734375,0.09765625,1.025390625,-0.0244140625,-0.13427734375,0.03662109375,-0.5615234375,-0.10986328125,-0.2197265625,-0.01220703125,0.830078125,0.03662109375,-0.59814453125,-0.3662109375,-0.15869140625,0.23193359375,-0.8544921875,-0.54931640625,0.79345703125,-0.1220703125,-0.1220703125,0.45166015625,-0.78125,-0.4150390625,-1.171875,0.35400390625,-0.81787109375,-0.537109375,-1.0498046875,-0.29296875,-0.28076171875,0.0732421875,-0.62255859375,-0.03662109375,-0.45166015625,0.244140625,0.5859375,-0.2197265625,3.57666015625,0.244140625,7.33642578125,-0.29296875,1.40380859375,-0.13427734375,2.6611328125,-0.5859375,0.74462890625,-0.13427734375,0.54931640625,-0.08544921875,0.8544921875,-0.28076171875,0.30517578125,0.146484375,5.9814453125,-0.28076171875,5.04150390625,0.2197265625,7.67822265625,-0.390625,4.052734375,0,-0.1953125,-0.18310546875,0.69580078125,0.1220703125,-0.2685546875,-0.0244140625,1.025390625,-0.29296875,-1.0986328125,0.23193359375,-0.5126953125,-0.0732421875,-1.0498046875,-0.03662109375,-0.84228515625,-0.10986328125,-1.5625,-0.1220703125,-0.28076171875,-0.4150390625,-0.42724609375,-0.1220703125,-1.57470703125,-0.15869140625,-0.7080078125,0.06103515625,-0.67138671875,-0.1220703125,-0.6103515625,-0.08544921875,-0.08544921875,0.06103515625,-0.74462890625,0.1708984375,-1.513671875,-0.1708984375,-1.07421875,-0.20751953125,0.23193359375,-0.18310546875,0.30517578125,-0.09765625,-0.048828125,-0.09765625,0.0244140625,-0.18310546875,0.1953125,-0.0732421875,-0.47607421875,-0.0244140625,0.5126953125,-0.08544921875,-0.91552734375,-0.01220703125,-0.96435546875
0,-0.13427734375,-0.2197265625,-0.35400390625,-0.09765625,0.15869140625,-0.20751953125,0.01220703125,0.20751953125,-0.048828125,-0.09765625,-0.1708984375,-0.927734375,0.1220703125,1.0009765625,0,-0.13427734375,0.048828125,-0.57373046875,-0.10986328125,-0.23193359375,0.1220703125,0.8544921875,0.0732421875,-0.5859375,-0.32958984375,-0.18310546875,0.25634765625,-0.8544921875,-0.57373046875,0.79345703125,-0.09765625,-0.13427734375,0.4638671875,-0.6103515625,-0.35400390625,-1.08642578125,0.40283203125,-0.67138671875,-0.54931640625,-0.927734375,-0.35400390625,-0.2685546875,-0.0244140625,-0.57373046875,0,-0.439453125,0.30517578125,0.57373046875,-0.244140625,3.7353515625,0.2197265625,7.9345703125,-0.28076171875,1.5625,-0.146484375,2.783203125,-0.537109375,0.732421875,-0.10986328125,0.52490234375,-0.1220703125,0.76904296875,-0.20751953125,0.29296875,0.1220703125,5.6396484375,-0.29296875,4.78515625,0.29296875,7.2509765625,-0.4150390625,3.82080078125,-0.18310546875,-0.1220703125,-0.1953125,0.84228515625,0.15869140625,-0.18310546875,-0.0732421875,1.0986328125,-0.2685546875,-1.0498046875,0.244140625,-0.50048828125,-0.06103515625,-1.06201171875,-0.0244140625,-0.84228515625,-0.0732421875,-1.57470703125,-0.06103515625,-0.2685546875,-0.3662109375,-0.40283203125,-0.10986328125,-1.5625,-0.146484375,-0.72021484375,0.06103515625,-0.67138671875,-0.15869140625,-0.62255859375,-0.048828125,-0.0732421875,0.048828125,-0.732421875,0.15869140625,-1.4892578125,-0.13427734375,-1.08642578125,-0.2197265625,0.244140625,-0.1708984375,0.3173828125,-0.1220703125,-0.0732421875,-0.08544921875,0.01220703125,-0.18310546875,0.15869140625,-0.0244140625,-0.45166015625,0,0.50048828125,-0.0732421875,-0.9033203125,-0.03662109375,-0.93994140625
1,-0.15869140625,-0.244140625,-0.37841796875,-0.18310546875,0.146484375,-0.29296875,0.01220703125,0.10986328125,-0.06103515625,-0.10986328125,-0.1708984375,-0.93994140625,0.10986328125,1.025390625,0.06103515625,-0.15869140625,0.06103515625,-0.5615234375,-0.08544921875,-0.2197265625,0.1953125,0.8544921875,0.08544921875,-0.5859375,-0.32958984375,-0.1708984375,0.2685546875,-0.8544921875,-0.54931640625,0.78125,-0.048828125,-0.13427734375,0.47607421875,-0.5126953125,-0.29296875,-1.01318359375,0.341796875,-0.57373046875,-0.62255859375,-0.830078125,-0.3662109375,-0.2685546875,-0.1708984375,-0.52490234375,0.03662109375,-0.439453125,0.30517578125,0.54931640625,-0.23193359375,3.79638671875,0.20751953125,8.154296875,-0.2685546875,1.611328125,-0.1708984375,2.81982421875,-0.45166015625,0.74462890625,-0.10986328125,0.537109375,-0.1708984375,0.69580078125,-0.10986328125,0.28076171875,0.09765625,5.1025390625,-0.29296875,4.38232421875,0.32958984375,6.5673828125,-0.3662109375,3.45458984375,-0.18310546875,-0.048828125,-0.01220703125,0.96435546875,0.20751953125,-0.15869140625,-0.09765625,1.171875,-0.20751953125,-1.03759765625,0.25634765625,-0.48828125,0.01220703125,-1.08642578125,0.03662109375,-0.84228515625,-0.048828125,-1.5625,0.01220703125,-0.29296875,-0.30517578125,-0.4150390625,-0.13427734375,-1.5625,-0.1708984375,-0.72021484375,0.048828125,-0.67138671875,-0.1708984375,-0.62255859375,-0.0244140625,-0.0732421875,0.08544921875,-0.74462890625,0.09765625,-1.50146484375,-0.10986328125,-1.07421875,-0.2197265625,0.2685546875,-0.146484375,0.3173828125,-0.13427734375,-0.0732421875,-0.09765625,0,-0.18310546875,0.1708984375,-0.03662109375,-0.4150390625,-0.03662109375,0.52490234375,-0.09765625,-0.87890625,-0.048828125,-0.927734375
1,-0.146484375,-0.1708984375,-0.35400390625,-0.23193359375,0.1220703125,-0.341796875,0,0.06103515625,-0.03662109375,-0.10986328125,-0.1708984375,-0.91552734375,0.10986328125,1.07421875,0.06103515625,-0.15869140625,0.1220703125,-0.5615234375,-0.0732421875,-0.20751953125,0.2197265625,0.8544921875,0.1220703125,-0.5859375,-0.28076171875,-0.1708984375,0.25634765625,-0.84228515625,-0.47607421875,0.79345703125,-0.0244140625,-0.1220703125,0.52490234375,-0.40283203125,-0.146484375,-0.98876953125,0.40283203125,-0.48828125,-0.634765625,-0.76904296875,-0.3662109375,-0.2685546875,-0.244140625,-0.4638671875,0.13427734375,-0.42724609375,0.23193359375,0.537109375,-0.15869140625,3.74755859375,0.1708984375,8.09326171875,-0.2685546875,1.59912109375,-0.13427734375,2.783203125,-0.42724609375,0.7568359375,-0.146484375,0.54931640625,-0.2685546875,0.5859375,-0.06103515625,0.28076171875,0.08544921875,4.443359375,-0.341796875,3.90625,0.390625,5.6884765625,-0.28076171875,3.0029296875,-0.341796875,0.03662109375,-0.0732421875,1.06201171875,0.0732421875,-0.08544921875,-0.1953125,1.26953125,-0.1220703125,-1.01318359375,0.1708984375,-0.48828125,0.09765625,-1.08642578125,0.0732421875,-0.8544921875,0.03662109375,-1.57470703125,0.08544921875,-0.28076171875,-0.23193359375,-0.40283203125,-0.10986328125,-1.55029296875,-0.20751953125,-0.732421875,0.03662109375,-0.6591796875,-0.15869140625,-0.634765625,-0.0244140625,-0.0732421875,0.1708984375,-0.74462890625,0.048828125,-1.50146484375,-0.08544921875,-1.08642578125,-0.1953125,0.244140625,-0.13427734375,0.341796875,-0.15869140625,-0.06103515625,-0.08544921875,0,-0.18310546875,0.1708984375,-0.0244140625,-0.3662109375,-0.01220703125,0.5126953125,-0.09765625,-0.84228515625,-0.048828125,-0.91552734375
1,-0.18310546875,-0.0244140625,-0.341796875,-0.2197265625,0.1220703125,-0.341796875,0.0244140625,0.06103515625,-0.0244140625,-0.10986328125,-0.1708984375,-0.91552734375,0.10986328125,1.08642578125,0.0732421875,-0.13427734375,0.1708984375,-0.57373046875,-0.06103515625,-0.1953125,0.29296875,0.86669921875,0.146484375,-0.5859375,-0.23193359375,-0.18310546875,0.2197265625,-0.84228515625,-0.3662109375,0.81787109375,0.0244140625,-0.10986328125,0.439453125,-0.3662109375,-0.09765625,-0.9521484375,0.32958984375,-0.47607421875,-0.7568359375,-0.72021484375,-0.32958984375,-0.25634765625,-0.244140625,-0.3662109375,0.146484375,-0.40283203125,0.30517578125,0.52490234375,-0.0732421875,3.62548828125,0.1220703125,7.72705078125,-0.28076171875,1.50146484375,-0.06103515625,2.64892578125,-0.4150390625,0.76904296875,-0.10986328125,0.5615234375,-0.25634765625,0.50048828125,-0.0732421875,0.244140625,0.01220703125,3.72314453125,-0.341796875,3.369140625,0.3662109375,4.7607421875,-0.20751953125,2.52685546875,-0.4150390625,0.1220703125,-0.0732421875,1.15966796875,-0.048828125,-0.0244140625,-0.20751953125,1.3671875,-0.048828125,-1.03759765625,0.244140625,-0.47607421875,0.15869140625,-1.08642578125,0.048828125,-0.86669921875,0.06103515625,-1.55029296875,0.13427734375,-0.29296875,-0.1220703125,-0.37841796875,-0.09765625,-1.55029296875,-0.2685546875,-0.732421875,0.048828125,-0.62255859375,-0.13427734375,-0.64697265625,-0.0244140625,-0.0732421875,0.2197265625,-0.7568359375,-0.048828125,-1.4892578125,-0.048828125,-1.07421875,-0.15869140625,0.244140625,-0.1708984375,0.3173828125,-0.1708984375,-0.06103515625,-0.08544921875,-0.06103515625,-0.1708984375,0.146484375,-0.0244140625,-0.32958984375,-0.0244140625,0.48828125,-0.06103515625,-0.81787109375,-0.03662109375,-0.89111328125
1,-0.18310546875,0.25634765625,-0.3662109375,-0.10986328125,0.13427734375,-0.25634765625,0,0.15869140625,-0.01220703125,-0.10986328125,-0.18310546875,-0.91552734375,0.08544921875,1.07421875,0.08544921875,-0.1708984375,0.18310546875,-0.57373046875,-0.0244140625,-0.1953125,0.244140625,0.86669921875,0.15869140625,-0.5859375,-0.2197265625,-0.15869140625,0.15869140625,-0.830078125,-0.1953125,0.8056640625,0.0732421875,-0.09765625,0.40283203125,-0.37841796875,0.03662109375,-0.9521484375,0.28076171875,-0.50048828125,-0.830078125,-0.72021484375,-0.2685546875,-0.244140625,-0.28076171875,-0.29296875,0.1220703125,-0.40283203125,0.23193359375,0.537109375,0.01220703125,3.43017578125,0.0732421875,7.11669921875,-0.25634765625,1.3427734375,-0.0244140625,2.47802734375,-0.4150390625,0.79345703125,-0.10986328125,0.57373046875,-0.25634765625,0.45166015625,-0.09765625,0.2197265625,0.03662109375,3.02734375,-0.28076171875,2.86865234375,0.35400390625,3.857421875,-0.146484375,2.03857421875,-0.2685546875,0.2197265625,0.03662109375,1.20849609375,-0.1220703125,0.048828125,-0.15869140625,1.50146484375,0.01220703125,-1.07421875,0.2197265625,-0.50048828125,0.23193359375,-1.0986328125,0,-0.8544921875,0.10986328125,-1.5380859375,0.15869140625,-0.3173828125,-0.0244140625,-0.37841796875,-0.08544921875,-1.55029296875,-0.3173828125,-0.7568359375,0.06103515625,-0.634765625,-0.09765625,-0.62255859375,-0.01220703125,-0.0732421875,0.28076171875,-0.7568359375,-0.08544921875,-1.47705078125,-0.0244140625,-1.07421875,-0.13427734375,0.2197265625,-0.1708984375,0.30517578125,-0.1708984375,-0.048828125,-0.0732421875,-0.0732421875,-0.15869140625,0.146484375,-0.06103515625,-0.30517578125,-0.0732421875,0.47607421875,-0.10986328125,-0.81787109375,-0.10986328125,-0.86669921875
1,-0.244140625,0.72021484375,-0.32958984375,0.0732421875,0.13427734375,-0.09765625,0.01220703125,0.32958984375,0,-0.10986328125,-0.15869140625,-0.9033203125,0.06103515625,1.07421875,0.08544921875,-0.1708984375,0.244140625,-0.5615234375,0,-0.1708984375,0.2197265625,0.86669921875,0.18310546875,-0.57373046875,-0.1953125,-0.15869140625,0.08544921875,-0.84228515625,-0.0732421875,0.8056640625,0.048828125,-0.08544921875,0.40283203125,-0.4150390625,0.15869140625,-0.9765625,0.32958984375,-0.5615234375,-0.732421875,-0.74462890625,-0.1708984375,-0.244140625,-0.1708984375,-0.244140625,0.08544921875,-0.40283203125,0.13427734375,0.54931640625,0.08544921875,3.18603515625,0.01220703125,6.3720703125,-0.2197265625,1.1474609375,0.06103515625,2.23388671875,-0.4150390625,0.79345703125,-0.03662109375,0.5615234375,-0.25634765625,0.4150390625,-0.146484375,0.1953125,0.06103515625,2.392578125,-0.20751953125,2.40478515625,0.2685546875,3.03955078125,-0.09765625,1.55029296875,-0.25634765625,0.3662109375,0.01220703125,1.28173828125,-0.29296875,0.146484375,-0.146484375,1.611328125,0.048828125,-1.123046875,0.244140625,-0.47607421875,0.2685546875,-1.07421875,-0.048828125,-0.89111328125,0.13427734375,-1.5625,0.1220703125,-0.341796875,0.0732421875,-0.37841796875,-0.03662109375,-1.55029296875,-0.3173828125,-0.732421875,0.10986328125,-0.634765625,-0.0732421875,-0.634765625,0,-0.0732421875,0.28076171875,-0.7568359375,-0.0732421875,-1.4892578125,0.01220703125,-1.06201171875,-0.09765625,0.244140625,-0.1708984375,0.30517578125,-0.18310546875,-0.048828125,-0.08544921875,-0.0732421875,-0.15869140625,0.13427734375,-0.048828125,-0.30517578125,-0.06103515625,0.47607421875,-0.10986328125,-0.8056640625,-0.09765625,-0.86669921875
1,-0.25634765625,1.35498046875,-0.30517578125,0.35400390625,0.1708984375,0.15869140625,-0.048828125,0.5859375,-0.01220703125,-0.08544921875,-0.1708984375,-0.9033203125,0.048828125,1.06201171875,0.09765625,-0.18310546875,0.25634765625,-0.54931640625,0.01220703125,-0.1708984375,0.23193359375,0.8544921875,0.146484375,-0.57373046875,-0.20751953125,-0.15869140625,0.0244140625,-0.8544921875,0.09765625,0.830078125,0.048828125,-0.06103515625,0.32958984375,-0.4638671875,0.146484375,-0.9765625,0.244140625,-0.634765625,-0.7080078125,-0.79345703125,-0.06103515625,-0.23193359375,-0.0732421875,-0.20751953125,0,-0.40283203125,0.13427734375,0.57373046875,0.1708984375,2.9052734375,-0.01220703125,5.5419921875,-0.20751953125,0.9521484375,0.146484375,1.98974609375,-0.3662109375,0.79345703125,0.03662109375,0.5859375,-0.25634765625,0.4150390625,-0.10986328125,0.1953125,0.06103515625,1.8310546875,-0.146484375,1.9775390625,0.1708984375,2.3193359375,-0.048828125,1.171875,-0.09765625,0.5126953125,0.048828125,1.3427734375,-0.3662109375,0.28076171875,-0.0732421875,1.74560546875,0.0244140625,-1.1474609375,0.244140625,-0.45166015625,0.28076171875,-1.07421875,-0.06103515625,-0.87890625,0.1220703125,-1.55029296875,0.06103515625,-0.35400390625,0.146484375,-0.40283203125,0.0244140625,-1.57470703125,-0.29296875,-0.732421875,0.0732421875,-0.634765625,-0.1220703125,-0.64697265625,0.0244140625,-0.08544921875,0.25634765625,-0.79345703125,-0.0732421875,-1.47705078125,0.03662109375,-1.06201171875,-0.0732421875,0.2197265625,-0.1953125,0.29296875,-0.20751953125,-0.048828125,-0.0732421875,-0.06103515625,-0.13427734375,0.1220703125,-0.06103515625,-0.28076171875,-0.08544921875,0.45166015625,-0.15869140625,-0.830078125,-0.10986328125,-0.8544921875
1,-0.3662109375,2.1484375,-0.3173828125,0.72021484375,0.1708984375,0.48828125,-0.06103515625,0.96435546875,-0.0244140625,-0.08544921875,-0.1708984375,-0.9033203125,0.03662109375,1.025390625,0.09765625,-0.1953125,0.20751953125,-0.5615234375,0.0244140625,-0.1953125,0.20751953125,0.8544921875,0.08544921875,-0.57373046875,-0.20751953125,-0.1708984375,-0.048828125,-0.830078125,0.20751953125,0.81787109375,0.0244140625,-0.0732421875,0.3662109375,-0.47607421875,0.13427734375,-0.9765625,0.1220703125,-0.72021484375,-0.5859375,-0.79345703125,0.01220703125,-0.25634765625,0.01220703125,-0.2197265625,-0.10986328125,-0.40283203125,0.048828125,0.5859375,0.23193359375,2.587890625,-0.0732421875,4.736328125,-0.20751953125,0.732421875,0.2197265625,1.7578125,-0.390625,0.76904296875,-0.0244140625,0.54931640625,-0.23193359375,0.439453125,-0.1220703125,0.1953125,0.048828125,1.3671875,-0.0732421875,1.66015625,0.1220703125,1.74560546875,-0.01220703125,0.81787109375,0.03662109375,0.67138671875,0.10986328125,1.416015625,-0.439453125,0.4150390625,-0.0244140625,1.8798828125,0.01220703125,-1.18408203125,0.2197265625,-0.37841796875,0.28076171875,-1.0498046875,-0.06103515625,-0.89111328125,0.1220703125,-1.5380859375,0.01220703125,-0.3662109375,0.244140625,-0.4150390625,0.0732421875,-1.5869140625,-0.244140625,-0.72021484375,0.0732421875,-0.64697265625,-0.146484375,-0.64697265625,0.03662109375,-0.0732421875,0.23193359375,-0.76904296875,-0.03662109375,-1.50146484375,0.0244140625,-1.07421875,-0.06103515625,0.23193359375,-0.18310546875,0.28076171875,-0.20751953125,-0.048828125,-0.08544921875,-0.0732421875,-0.10986328125,0.1220703125,-0.048828125,-0.29296875,-0.09765625,0.4638671875,-0.18310546875,-0.830078125,-0.08544921875,-0.8544921875
1,-0.32958984375,2.99072265625,-0.3173828125,1.11083984375,0.13427734375,0.8544921875,-0.06103515625,1.37939453125,-0.03662109375,-0.08544921875,-0.1708984375,-0.927734375,0.01220703125,0.98876953125,0.0732421875,-0.18310546875,0.1708984375,-0.5615234375,0.06103515625,-0.20751953125,0.23193359375,0.84228515625,0.01220703125,-0.57373046875,-0.1708984375,-0.1708984375,-0.08544921875,-0.84228515625,0.2685546875,0.8056640625,0,-0.0732421875,0.4150390625,-0.439453125,0.1708984375,-0.927734375,0.1220703125,-0.732421875,-0.45166015625,-0.78125,0.01220703125,-0.25634765625,0.08544921875,-0.23193359375,-0.20751953125,-0.40283203125,0.03662109375,0.59814453125,0.20751953125,2.28271484375,-0.0732421875,3.9794921875,-0.1953125,0.52490234375,0.30517578125,1.5625,-0.42724609375,0.79345703125,-0.06103515625,0.537109375,-0.20751953125,0.4638671875,-0.18310546875,0.1953125,-0.048828125,1.0009765625,-0.01220703125,1.37939453125,0.08544921875,1.26953125,0.01220703125,0.54931640625,0,0.87890625,0.01220703125,1.46484375,-0.52490234375,0.5859375,-0.01220703125,2.0263671875,-0.0732421875,-1.1962890625,0.146484375,-0.20751953125,0.28076171875,-1.0498046875,-0.048828125,-0.87890625,0.06103515625,-1.5380859375,-0.01220703125,-0.35400390625,0.37841796875,-0.4150390625,0.10986328125,-1.5869140625,-0.1953125,-0.69580078125,0.03662109375,-0.64697265625,-0.1708984375,-0.634765625,0,-0.0732421875,0.18310546875,-0.7568359375,0.0244140625,-1.46484375,0,-1.0498046875,-0.08544921875,0.23193359375,-0.20751953125,0.30517578125,-0.2197265625,-0.048828125,-0.08544921875,-0.06103515625,-0.0732421875,0.13427734375,-0.03662109375,-0.3173828125,-0.06103515625,0.50048828125,-0.18310546875,-0.830078125,-0.0732421875,-0.86669921875
1,-0.29296875,3.90625,-0.35400390625,1.55029296875,0.13427734375,1.25732421875,-0.08544921875,1.806640625,-0.048828125,-0.0732421875,-0.1953125,-0.927734375,0.01220703125,1.0009765625,0.0244140625,-0.20751953125,0.15869140625,-0.5615234375,0.08544921875,-0.20751953125,0.20751953125,0.81787109375,-0.06103515625,-0.57373046875,-0.1708984375,-0.18310546875,-0.15869140625,-0.84228515625,0.3173828125,0.8056640625,0.0244140625,-0.08544921875,0.42724609375,-0.341796875,0.1220703125,-0.830078125,0.0244140625,-0.68359375,-0.35400390625,-0.6591796875,0.0244140625,-0.29296875,0.146484375,-0.29296875,-0.32958984375,-0.3662109375,0.048828125,0.59814453125,0.20751953125,2.001953125,-0.0732421875,3.30810546875,-0.18310546875,0.37841796875,0.3662109375,1.37939453125,-0.42724609375,0.78125,-0.03662109375,0.537109375,-0.18310546875,0.52490234375,-0.1953125,0.1953125,-0.13427734375,0.72021484375,0.0732421875,1.15966796875,0.08544921875,0.86669921875,-0.01220703125,0.32958984375,0.048828125,1.03759765625,0.01220703125,1.5380859375,-0.47607421875,0.7568359375,0.0244140625,2.16064453125,-0.08544921875,-1.15966796875,0.048828125,0.06103515625,0.25634765625,-1.0009765625,0,-0.8544921875,-0.01220703125,-1.55029296875,0,-0.3662109375,0.47607421875,-0.45166015625,0.10986328125,-1.59912109375,-0.146484375,-0.68359375,-0.0244140625,-0.64697265625,-0.2197265625,-0.634765625,-0.03662109375,-0.09765625,0.1953125,-0.74462890625,0.08544921875,-1.45263671875,-0.03662109375,-1.0498046875,-0.13427734375,0.23193359375,-0.20751953125,0.29296875,-0.18310546875,-0.06103515625,-0.08544921875,-0.048828125,-0.06103515625,0.13427734375,-0.06103515625,-0.29296875,-0.0732421875,0.52490234375,-0.20751953125,-0.830078125,-0.1220703125,-0.8544921875
1,-0.23193359375,4.74853515625,-0.32958984375,1.94091796875,0.146484375,1.611328125,-0.03662109375,2.20947265625,-0.03662109375,-0.06103515625,-0.18310546875,-0.927734375,-0.01220703125,1.0009765625,-0.0244140625,-0.1953125,0.13427734375,-0.5615234375,0.09765625,-0.1953125,0.13427734375,0.81787109375,-0.06103515625,-0.5615234375,-0.18310546875,-0.1953125,-0.15869140625,-0.8544921875,0.35400390625,0.81787109375,0.0244140625,-0.10986328125,0.45166015625,-0.15869140625,0.08544921875,-0.72021484375,0.0244140625,-0.54931640625,-0.25634765625,-0.52490234375,-0.01220703125,-0.29296875,0.23193359375,-0.3662109375,-0.40283203125,-0.37841796875,-0.0244140625,0.59814453125,0.13427734375,1.7578125,-0.09765625,2.74658203125,-0.10986328125,0.2197265625,0.4150390625,1.220703125,-0.47607421875,0.79345703125,-0.0244140625,0.5126953125,-0.20751953125,0.5859375,-0.23193359375,0.20751953125,-0.1953125,0.47607421875,0.09765625,1.01318359375,0.1708984375,0.537109375,-0.048828125,0.15869140625,0.0732421875,1.171875,-0.0244140625,1.67236328125,-0.3662109375,0.87890625,0.048828125,2.28271484375,-0.10986328125,-1.07421875,0,0.42724609375,0.1708984375,-0.9765625,0,-0.78125,-0.13427734375,-1.55029296875,-0.01220703125,-0.35400390625,0.52490234375,-0.4638671875,0.03662109375,-1.611328125,-0.13427734375,-0.67138671875,-0.048828125,-0.68359375,-0.2197265625,-0.62255859375,-0.09765625,-0.0732421875,0.1708984375,-0.7568359375,0.18310546875,-1.46484375,-0.1220703125,-1.0498046875,-0.18310546875,0.2197265625,-0.20751953125,0.30517578125,-0.18310546875,-0.06103515625,-0.08544921875,-0.048828125,-0.048828125,0.15869140625,-0.0732421875,-0.2685546875,-0.0732421875,0.537109375,-0.18310546875,-0.8056640625,-0.18310546875,-0.84228515625
1,-0.30517578125,5.4931640625,-0.32958984375,2.25830078125,0.15869140625,1.94091796875,-0.06103515625,2.5146484375,-0.03662109375,-0.06103515625,-0.2197265625,-0.93994140625,0.01220703125,1.0009765625,-0.0244140625,-0.20751953125,0.1220703125,-0.5859375,0.1220703125,-0.2197265625,0.09765625,0.81787109375,-0.048828125,-0.57373046875,-0.23193359375,-0.1953125,-0.18310546875,-0.84228515625,0.35400390625,0.8056640625,0,-0.1220703125,0.42724609375,0.0732421875,-0.03662109375,-0.537109375,0.0244140625,-0.3662109375,-0.18310546875,-0.341796875,-0.0244140625,-0.29296875,0.2197265625,-0.45166015625,-0.4150390625,-0.390625,0.06103515625,0.6103515625,0.06103515625,1.55029296875,-0.06103515625,2.25830078125,-0.09765625,0.09765625,0.47607421875,1.07421875,-0.50048828125,0.76904296875,-0.0244140625,0.5126953125,-0.1220703125,0.634765625,-0.25634765625,0.20751953125,-0.25634765625,0.2685546875,0.08544921875,0.87890625,0.2197265625,0.23193359375,-0.10986328125,0.01220703125,0.15869140625,1.30615234375,-0.048828125,1.7578125,-0.1953125,1.03759765625,-0.03662109375,2.3681640625,-0.146484375,-0.96435546875,-0.01220703125,0.93994140625,0.08544921875,-0.93994140625,-0.0244140625,-0.7080078125,-0.20751953125,-1.5380859375,-0.01220703125,-0.32958984375,0.54931640625,-0.4638671875,-0.01220703125,-1.62353515625,-0.146484375,-0.67138671875,-0.10986328125,-0.67138671875,-0.1953125,-0.634765625,-0.146484375,-0.08544921875,0.18310546875,-0.76904296875,0.244140625,-1.47705078125,-0.1220703125,-1.0498046875,-0.1708984375,0.244140625,-0.20751953125,0.29296875,-0.18310546875,-0.048828125,-0.0732421875,-0.048828125,-0.0732421875,0.146484375,-0.09765625,-0.244140625,-0.048828125,0.57373046875,-0.20751953125,-0.7568359375,-0.23193359375,-0.81787109375
1,-0.29296875,6.0546875,-0.3173828125,2.490234375,0.1708984375,2.1728515625,-0.03662109375,2.7587890625,-0.0732421875,-0.0244140625,-0.2197265625,-0.93994140625,-0.01220703125,1.025390625,-0.03662109375,-0.1708984375,0.09765625,-0.5859375,0.13427734375,-0.20751953125,0.06103515625,0.81787109375,0.0244140625,-0.54931640625,-0.28076171875,-0.1953125,-0.146484375,-0.84228515625,0.35400390625,0.8056640625,-0.048828125,-0.1220703125,0.3662109375,0.341796875,-0.10986328125,-0.3662109375,-0.03662109375,-0.15869140625,-0.1708984375,-0.10986328125,-0.06103515625,-0.29296875,0.18310546875,-0.5126953125,-0.42724609375,-0.390625,0.08544921875,0.5859375,0.0244140625,1.3916015625,-0.01220703125,1.84326171875,-0.0732421875,-0.01220703125,0.52490234375,0.9765625,-0.537109375,0.7568359375,-0.0244140625,0.52490234375,-0.08544921875,0.64697265625,-0.2197265625,0.2197265625,-0.244140625,0.09765625,0.146484375,0.7568359375,0.244140625,-0.03662109375,-0.146484375,-0.09765625,0.18310546875,1.37939453125,-0.0244140625,1.81884765625,-0.06103515625,1.07421875,-0.1220703125,2.4169921875,-0.2197265625,-0.78125,-0.08544921875,1.57470703125,-0.01220703125,-0.84228515625,-0.048828125,-0.59814453125,-0.3173828125,-1.55029296875,0.0244140625,-0.32958984375,0.537109375,-0.4638671875,-0.048828125,-1.6357421875,-0.146484375,-0.67138671875,-0.146484375,-0.68359375,-0.2197265625,-0.64697265625,-0.13427734375,-0.0732421875,0.244140625,-0.74462890625,0.29296875,-1.46484375,-0.146484375,-1.0498046875,-0.20751953125,0.23193359375,-0.20751953125,0.30517578125,-0.18310546875,-0.06103515625,-0.0732421875,-0.03662109375,-0.08544921875,0.13427734375,-0.08544921875,-0.23193359375,-0.0244140625,0.5859375,-0.1953125,-0.7080078125,-0.25634765625,-0.8056640625
1,-0.29296875,6.35986328125,-0.32958984375,2.62451171875,0.18310546875,2.33154296875,-0.048828125,2.89306640625,-0.0732421875,-0.0244140625,-0.2685546875,-0.927734375,-0.03662109375,1.06201171875,-0.03662109375,-0.146484375,0.0732421875,-0.59814453125,0.15869140625,-0.20751953125,0.03662109375,0.81787109375,0.0732421875,-0.57373046875,-0.29296875,-0.20751953125,-0.1220703125,-0.830078125,0.3173828125,0.78125,-0.09765625,-0.10986328125,0.35400390625,0.57373046875,-0.1708984375,-0.1953125,-0.06103515625,0.03662109375,-0.18310546875,0.09765625,-0.0732421875,-0.30517578125,0.08544921875,-0.5615234375,-0.40283203125,-0.40283203125,0.03662109375,0.5615234375,-0.06103515625,1.25732421875,0.048828125,1.47705078125,-0.09765625,-0.08544921875,0.5615234375,0.87890625,-0.5126953125,0.7568359375,-0.01220703125,0.537109375,-0.03662109375,0.6591796875,-0.244140625,0.20751953125,-0.23193359375,-0.048828125,0.1708984375,0.64697265625,0.25634765625,-0.2685546875,-0.1220703125,-0.1708984375,0.13427734375,1.416015625,-0.0244140625,1.84326171875,0,1.08642578125,-0.23193359375,2.4169921875,-0.29296875,-0.5859375,-0.0732421875,2.28271484375,-0.03662109375,-0.78125,-0.09765625,-0.439453125,-0.32958984375,-1.5625,0.0244140625,-0.3173828125,0.47607421875,-0.45166015625,-0.03662109375,-1.62353515625,-0.146484375,-0.67138671875,-0.13427734375,-0.7080078125,-0.2197265625,-0.6591796875,-0.10986328125,-0.0732421875,0.23193359375,-0.74462890625,0.35400390625,-1.47705078125,-0.13427734375,-1.07421875,-0.2197265625,0.2197265625,-0.1953125,0.3173828125,-0.1953125,-0.0732421875,-0.08544921875,-0.048828125,-0.09765625,0.146484375,-0.09765625,-0.20751953125,-0.0244140625,0.5859375,-0.18310546875,-0.68359375,-0.244140625,-0.76904296875
0,-0.23193359375,6.43310546875,-0.3173828125,2.67333984375,0.146484375,2.34375,-0.0732421875,2.9052734375,-0.06103515625,-0.01220703125,-0.2685546875,-0.927734375,-0.0732421875,1.06201171875,-0.09765625,-0.146484375,0.06103515625,-0.59814453125,0.1708984375,-0.20751953125,0.03662109375,0.84228515625,0.13427734375,-0.5859375,-0.32958984375,-0.1953125,-0.08544921875,-0.830078125,0.25634765625,0.8056640625,-0.09765625,-0.09765625,0.341796875,0.79345703125,-0.2197265625,-0.06103515625,-0.0732421875,0.2197265625,-0.18310546875,0.29296875,-0.0732421875,-0.29296875,-0.06103515625,-0.59814453125,-0.30517578125,-0.42724609375,0.03662109375,0.5615234375,-0.08544921875,1.1474609375,0.06103515625,1.0986328125,-0.146484375,-0.18310546875,0.5859375,0.78125,-0.45166015625,0.74462890625,0.01220703125,0.537109375,-0.06103515625,0.634765625,-0.30517578125,0.2197265625,-0.18310546875,-0.18310546875,0.09765625,0.5859375,0.20751953125,-0.439453125,-0.13427734375,-0.20751953125,0.10986328125,1.37939453125,-0.0244140625,1.79443359375,0.048828125,1.03759765625,-0.3173828125,2.38037109375,-0.3173828125,-0.37841796875,0.10986328125,3.02734375,-0.10986328125,-0.68359375,-0.09765625,-0.30517578125,-0.35400390625,-1.55029296875,0.03662109375,-0.30517578125,0.40283203125,-0.439453125,-0.0244140625,-1.59912109375,-0.146484375,-0.68359375,-0.13427734375,-0.68359375,-0.20751953125,-0.64697265625,-0.0732421875,-0.0732421875,0.28076171875,-0.7568359375,0.40283203125,-1.46484375,-0.13427734375,-1.07421875,-0.23193359375,0.2197265625,-0.20751953125,0.32958984375,-0.1708984375,-0.06103515625,-0.08544921875,-0.048828125,-0.08544921875,0.146484375,-0.08544921875,-0.1953125,-0.0244140625,0.5859375,-0.18310546875,-0.64697265625,-0.23193359375,-0.7568359375
0,-0.25634765625,6.28662109375,-0.28076171875,2.6123046875,0.1953125,2.294921875,-0.06103515625,2.81982421875,-0.03662109375,-0.03662109375,-0.2685546875,-0.927734375,-0.09765625,1.06201171875,-0.06103515625,-0.15869140625,0.03662109375,-0.57373046875,0.1953125,-0.1953125,0.06103515625,0.86669921875,0.15869140625,-0.5859375,-0.35400390625,-0.18310546875,-0.01220703125,-0.81787109375,0.146484375,0.8056640625,-0.09765625,-0.08544921875,0.32958984375,0.91552734375,-0.23193359375,0.01220703125,-0.0732421875,0.3173828125,-0.2685546875,0.4150390625,-0.13427734375,-0.30517578125,-0.15869140625,-0.57373046875,-0.1953125,-0.439453125,0,0.5615234375,-0.1220703125,1.0498046875,0.03662109375,0.74462890625,-0.18310546875,-0.2197265625,0.634765625,0.7080078125,-0.42724609375,0.74462890625,-0.0244140625,0.54931640625,-0.13427734375,0.59814453125,-0.35400390625,0.2197265625,-0.13427734375,-0.28076171875,0.01220703125,0.537109375,0.146484375,-0.54931640625,-0.13427734375,-0.244140625,0.03662109375,1.28173828125,-0.09765625,1.708984375,0.03662109375,0.9521484375,-0.3173828125,2.30712890625,-0.341796875,-0.20751953125,0.244140625,3.759765625,-0.20751953125,-0.5615234375,-0.06103515625,-0.15869140625,-0.3173828125,-1.5625,0,-0.29296875,0.32958984375,-0.4150390625,-0.0244140625,-1.5869140625,-0.146484375,-0.7080078125,-0.08544921875,-0.7080078125,-0.13427734375,-0.6591796875,-0.01220703125,-0.09765625,0.341796875,-0.7568359375,0.4150390625,-1.4892578125,-0.1220703125,-1.07421875,-0.2197265625,0.244140625,-0.1953125,0.341796875,-0.146484375,-0.048828125,-0.0732421875,-0.048828125,-0.08544921875,0.146484375,-0.06103515625,-0.18310546875,-0.03662109375,0.54931640625,-0.20751953125,-0.64697265625,-0.1953125,-0.74462890625
0,-0.35400390625,5.95703125,-0.2685546875,2.4658203125,0.18310546875,2.1484375,-0.0732421875,2.6611328125,-0.03662109375,-0.048828125,-0.244140625,-0.93994140625,-0.1220703125,1.06201171875,-0.06103515625,-0.15869140625,0.03662109375,-0.5859375,0.2197265625,-0.18310546875,0.08544921875,0.8544921875,0.15869140625,-0.6103515625,-0.40283203125,-0.18310546875,0.0244140625,-0.81787109375,0.01220703125,0.8056640625,-0.09765625,-0.0732421875,0.29296875,0.96435546875,-0.244140625,0,-0.1220703125,0.32958984375,-0.32958984375,0.47607421875,-0.1953125,-0.28076171875,-0.25634765625,-0.5615234375,-0.06103515625,-0.4638671875,0,0.57373046875,-0.146484375,0.9765625,0.03662109375,0.40283203125,-0.244140625,-0.25634765625,0.68359375,0.62255859375,-0.40283203125,0.74462890625,-0.0244140625,0.5859375,-0.0732421875,0.537109375,-0.42724609375,0.20751953125,-0.10986328125,-0.32958984375,-0.01220703125,0.52490234375,0.1220703125,-0.59814453125,-0.0732421875,-0.20751953125,-0.03662109375,1.1962890625,-0.08544921875,1.59912109375,0,0.86669921875,-0.28076171875,2.23388671875,-0.29296875,-0.0244140625,0.30517578125,4.43115234375,-0.2685546875,-0.45166015625,-0.0244140625,-0.0244140625,-0.2685546875,-1.55029296875,0,-0.29296875,0.23193359375,-0.390625,0,-1.5625,-0.1708984375,-0.7080078125,-0.03662109375,-0.69580078125,-0.0732421875,-0.64697265625,-0.03662109375,-0.08544921875,0.3662109375,-0.78125,0.4638671875,-1.50146484375,-0.08544921875,-1.08642578125,-0.2197265625,0.244140625,-0.20751953125,0.32958984375,-0.13427734375,-0.048828125,-0.0732421875,-0.048828125,-0.0732421875,0.146484375,-0.0732421875,-0.18310546875,-0.01220703125,0.537109375,-0.18310546875,-0.69580078125,-0.1953125,-0.74462890625
0,-0.390625,5.52978515625,-0.25634765625,2.294921875,0.15869140625,1.953125,-0.10986328125,2.4658203125,-0.048828125,-0.09765625,-0.2685546875,-0.93994140625,-0.13427734375,1.06201171875,-0.08544921875,-0.18310546875,0.06103515625,-0.5859375,0.2197265625,-0.1953125,0.146484375,0.84228515625,0.1708984375,-0.59814453125,-0.4150390625,-0.15869140625,0.0732421875,-0.830078125,-0.10986328125,0.8056640625,-0.0732421875,-0.06103515625,0.30517578125,0.927734375,-0.25634765625,-0.0244140625,-0.1220703125,0.30517578125,-0.40283203125,0.45166015625,-0.2685546875,-0.25634765625,-0.25634765625,-0.54931640625,-0.0244140625,-0.48828125,0.06103515625,0.57373046875,-0.1708984375,0.9033203125,0,0.09765625,-0.28076171875,-0.30517578125,0.634765625,0.54931640625,-0.390625,0.74462890625,0.09765625,0.59814453125,-0.0732421875,0.50048828125,-0.4150390625,0.2197265625,-0.0244140625,-0.30517578125,-0.03662109375,0.54931640625,0.0732421875,-0.537109375,-0.0244140625,-0.20751953125,-0.13427734375,1.11083984375,-0.03662109375,1.45263671875,-0.0244140625,0.74462890625,-0.1953125,2.13623046875,-0.244140625,0.08544921875,0.390625,4.96826171875,-0.37841796875,-0.341796875,0,0.09765625,-0.20751953125,-1.55029296875,0,-0.28076171875,0.1708984375,-0.3662109375,0.01220703125,-1.5380859375,-0.15869140625,-0.732421875,-0.0244140625,-0.68359375,-0.01220703125,-0.64697265625,0,-0.0732421875,0.390625,-0.7568359375,0.4150390625,-1.50146484375,0,-1.06201171875,-0.2197265625,0.23193359375,-0.1953125,0.341796875,-0.13427734375,-0.048828125,-0.08544921875,-0.048828125,-0.0732421875,0.146484375,-0.048828125,-0.2197265625,-0.01220703125,0.5126953125,-0.18310546875,-0.72021484375,-0.1953125,-0.7568359375
0,-0.439453125,5.01708984375,-0.29296875,2.1240234375,0.1953125,1.74560546875,-0.13427734375,2.28271484375,-0.048828125,-0.1220703125,-0.23193359375,-0.927734375,-0.1220703125,1.03759765625,-0.06103515625,-0.18310546875,0.09765625,-0.5859375,0.2197265625,-0.1953125,0.1708984375,0.84228515625,0.15869140625,-0.59814453125,-0.439453125,-0.146484375,0.10986328125,-0.830078125,-0.2197265625,0.81787109375,-0.0244140625,-0.048828125,0.3173828125,0.81787109375,-0.30517578125,-0.13427734375,-0.13427734375,0.1708984375,-0.439453125,0.35400390625,-0.341796875,-0.244140625,-0.1953125,-0.54931640625,-0.01220703125,-0.48828125,0.08544921875,0.59814453125,-0.1220703125,0.78125,0.01220703125,-0.1708984375,-0.28076171875,-0.30517578125,0.59814453125,0.48828125,-0.3662109375,0.76904296875,0.08544921875,0.5859375,-0.1220703125,0.48828125,-0.35400390625,0.1953125,0.03662109375,-0.2685546875,-0.048828125,0.57373046875,-0.0244140625,-0.439453125,0.0244140625,-0.18310546875,-0.1953125,1.03759765625,-0.10986328125,1.3427734375,-0.06103515625,0.6591796875,-0.06103515625,2.0751953125,-0.15869140625,0.1708984375,0.35400390625,5.35888671875,-0.45166015625,-0.28076171875,0,0.2197265625,-0.13427734375,-1.5625,-0.0244140625,-0.29296875,0.09765625,-0.390625,-0.03662109375,-1.513671875,-0.1708984375,-0.74462890625,-0.06103515625,-0.68359375,0.06103515625,-0.64697265625,0.03662109375,-0.0732421875,0.30517578125,-0.76904296875,0.390625,-1.50146484375,0.0244140625,-1.07421875,-0.20751953125,0.25634765625,-0.1953125,0.32958984375,-0.1953125,-0.03662109375,-0.0732421875,-0.03662109375,-0.0732421875,0.146484375,-0.06103515625,-0.244140625,-0.01220703125,0.5126953125,-0.15869140625,-0.79345703125,-0.18310546875,-0.78125
0,-0.45166015625,4.4921875,-0.25634765625,1.94091796875,0.18310546875,1.57470703125,-0.15869140625,2.11181640625,-0.03662109375,-0.10986328125,-0.244140625,-0.927734375,-0.13427734375,1.01318359375,-0.06103515625,-0.1708984375,0.10986328125,-0.59814453125,0.1953125,-0.18310546875,0.1708984375,0.81787109375,0.08544921875,-0.6103515625,-0.4150390625,-0.15869140625,0.13427734375,-0.830078125,-0.30517578125,0.8056640625,0.0244140625,-0.06103515625,0.3173828125,0.6103515625,-0.40283203125,-0.28076171875,-0.1220703125,0.01220703125,-0.4150390625,0.23193359375,-0.37841796875,-0.244140625,-0.13427734375,-0.5615234375,-0.0244140625,-0.52490234375,0.048828125,0.6103515625,-0.146484375,0.72021484375,-0.01220703125,-0.341796875,-0.28076171875,-0.32958984375,0.52490234375,0.439453125,-0.29296875,0.78125,0.09765625,0.6103515625,-0.15869140625,0.45166015625,-0.29296875,0.1953125,0.1220703125,-0.18310546875,-0.09765625,0.67138671875,-0.13427734375,-0.3173828125,0.01220703125,-0.10986328125,-0.13427734375,0.9765625,-0.0732421875,1.25732421875,-0.0244140625,0.57373046875,0.048828125,2.03857421875,-0.0732421875,0.18310546875,0.4150390625,5.52978515625,-0.50048828125,-0.20751953125,-0.06103515625,0.2685546875,-0.06103515625,-1.5625,-0.0732421875,-0.3173828125,0.048828125,-0.3662109375,-0.10986328125,-1.513671875,-0.146484375,-0.732421875,-0.09765625,-0.7080078125,0.048828125,-0.634765625,0.08544921875,-0.06103515625,0.2197265625,-0.78125,0.341796875,-1.4892578125,0.0732421875,-1.0498046875,-0.20751953125,0.244140625,-0.1953125,0.3173828125,-0.1953125,-0.0244140625,-0.08544921875,-0.06103515625,-0.06103515625,0.15869140625,-0.048828125,-0.2685546875,-0.0244140625,0.48828125,-0.1708984375,-0.86669921875,-0.146484375,-0.76904296875
0,-0.3662109375,4.0771484375,-0.2685546875,1.806640625,0.1708984375,1.40380859375,-0.15869140625,1.9775390625,-0.048828125,-0.08544921875,-0.2197265625,-0.93994140625,-0.13427734375,0.98876953125,-0.0732421875,-0.18310546875,0.10986328125,-0.5859375,0.1708984375,-0.20751953125,0.15869140625,0.81787109375,0.0244140625,-0.6103515625,-0.37841796875,-0.1708984375,0.09765625,-0.84228515625,-0.32958984375,0.8056640625,0,-0.08544921875,0.29296875,0.45166015625,-0.48828125,-0.4150390625,-0.06103515625,-0.18310546875,-0.45166015625,0.0732421875,-0.40283203125,-0.2197265625,-0.01220703125,-0.5859375,-0.08544921875,-0.50048828125,0.0244140625,0.6103515625,-0.15869140625,0.6591796875,-0.03662109375,-0.42724609375,-0.3173828125,-0.3173828125,0.439453125,0.4150390625,-0.28076171875,0.78125,0.13427734375,0.59814453125,-0.15869140625,0.50048828125,-0.18310546875,0.1708984375,0.15869140625,-0.06103515625,-0.1220703125,0.732421875,-0.1708984375,-0.146484375,-0.01220703125,-0.048828125,-0.28076171875,0.927734375,-0.244140625,1.18408203125,-0.06103515625,0.537109375,0.06103515625,2.001953125,0,0.1708984375,0.37841796875,5.52978515625,-0.5126953125,-0.1708984375,-0.09765625,0.28076171875,-0.01220703125,-1.5869140625,-0.10986328125,-0.30517578125,0.01220703125,-0.3662109375,-0.15869140625,-1.5380859375,-0.1220703125,-0.732421875,-0.1220703125,-0.67138671875,0.01220703125,-0.64697265625,0.10986328125,-0.06103515625,0.1708984375,-0.79345703125,0.28076171875,-1.513671875,0.08544921875,-1.03759765625,-0.20751953125,0.244140625,-0.18310546875,0.29296875,-0.20751953125,-0.048828125,-0.08544921875,-0.08544921875,-0.0732421875,0.146484375,-0.048828125,-0.29296875,-0.01220703125,0.50048828125,-0.2197265625,-0.927734375,-0.1220703125,-0.79345703125
0,-0.40283203125,3.69873046875,-0.25634765625,1.6845703125,0.1708984375,1.318359375,-0.13427734375,1.8798828125,-0.01220703125,-0.09765625,-0.23193359375,-0.93994140625,-0.13427734375,0.96435546875,-0.06103515625,-0.146484375,0.10986328125,-0.57373046875,0.1220703125,-0.2197265625,0.08544921875,0.79345703125,-0.048828125,-0.57373046875,-0.32958984375,-0.1708984375,0.06103515625,-0.8544921875,-0.28076171875,0.81787109375,-0.01220703125,-0.0732421875,0.28076171875,0.25634765625,-0.45166015625,-0.54931640625,0.0244140625,-0.3662109375,-0.3662109375,-0.06103515625,-0.3662109375,-0.244140625,0.06103515625,-0.62255859375,-0.15869140625,-0.50048828125,0.048828125,0.6103515625,-0.1953125,0.64697265625,-0.01220703125,-0.42724609375,-0.3173828125,-0.35400390625,0.341796875,0.439453125,-0.29296875,0.78125,0.23193359375,0.59814453125,-0.13427734375,0.52490234375,-0.1220703125,0.1708984375,0.09765625,0.03662109375,-0.09765625,0.79345703125,-0.146484375,0,-0.0732421875,0,-0.29296875,0.91552734375,-0.25634765625,1.18408203125,0,0.5126953125,0.1708984375,1.98974609375,0.0732421875,0.10986328125,0.244140625,5.35888671875,-0.5126953125,-0.1953125,-0.1220703125,0.244140625,0.03662109375,-1.57470703125,-0.15869140625,-0.3173828125,0,-0.390625,-0.1708984375,-1.55029296875,-0.09765625,-0.732421875,-0.1220703125,-0.68359375,-0.0244140625,-0.64697265625,0.1220703125,-0.06103515625,0.13427734375,-0.79345703125,0.1953125,-1.50146484375,0.09765625,-1.0498046875,-0.2197265625,0.25634765625,-0.18310546875,0.29296875,-0.20751953125,-0.03662109375,-0.08544921875,-0.10986328125,-0.06103515625,0.146484375,-0.03662109375,-0.28076171875,-0.01220703125,0.47607421875,-0.2197265625,-0.96435546875,-0.10986328125,-0.8056640625
0,-0.45166015625,3.466796875,-0.2685546875,1.5869140625,0.15869140625,1.23291015625,-0.10986328125,1.81884765625,0,-0.09765625,-0.244140625,-0.927734375,-0.146484375,0.9521484375,-0.09765625,-0.13427734375,0.1220703125,-0.5615234375,0.048828125,-0.20751953125,0.01220703125,0.8056640625,-0.1220703125,-0.57373046875,-0.2685546875,-0.18310546875,0,-0.8544921875,-0.2197265625,0.79345703125,-0.08544921875,-0.09765625,0.25634765625,0.146484375,-0.48828125,-0.62255859375,0,-0.45166015625,-0.25634765625,-0.1708984375,-0.30517578125,-0.2197265625,0.18310546875,-0.67138671875,-0.29296875,-0.50048828125,0.0244140625,0.5859375,-0.25634765625,0.6591796875,0.01220703125,-0.341796875,-0.341796875,-0.32958984375,0.25634765625,0.47607421875,-0.3173828125,0.76904296875,0.2685546875,0.59814453125,-0.09765625,0.5859375,-0.0732421875,0.18310546875,0.10986328125,0.1220703125,-0.10986328125,0.84228515625,-0.06103515625,0.08544921875,-0.13427734375,0.0244140625,-0.1708984375,0.8544921875,-0.13427734375,1.1962890625,0.10986328125,0.50048828125,0.25634765625,1.96533203125,0.09765625,0.01220703125,0.15869140625,5.06591796875,-0.4638671875,-0.23193359375,-0.146484375,0.1953125,0.01220703125,-1.55029296875,-0.20751953125,-0.32958984375,-0.06103515625,-0.40283203125,-0.146484375,-1.5625,-0.0732421875,-0.7080078125,-0.10986328125,-0.69580078125,-0.01220703125,-0.62255859375,0.146484375,-0.048828125,0.09765625,-0.79345703125,0.146484375,-1.4892578125,0.13427734375,-1.06201171875,-0.25634765625,0.244140625,-0.1708984375,0.28076171875,-0.2197265625,-0.01220703125,-0.08544921875,-0.13427734375,-0.08544921875,0.146484375,-0.06103515625,-0.29296875,-0.048828125,0.4638671875,-0.25634765625,-0.9765625,-0.1220703125,-0.81787109375
0,-0.42724609375,3.33251953125,-0.2197265625,1.4892578125,0.146484375,1.20849609375,-0.10986328125,1.77001953125,0.0244140625,-0.0732421875,-0.244140625,-0.93994140625,-0.146484375,0.96435546875,-0.10986328125,-0.146484375,0.13427734375,-0.54931640625,-0.03662109375,-0.20751953125,-0.0732421875,0.79345703125,-0.15869140625,-0.5859375,-0.2197265625,-0.18310546875,-0.08544921875,-0.830078125,-0.13427734375,0.8056640625,-0.1220703125,-0.10986328125,0.2685546875,0.09765625,-0.47607421875,-0.6591796875,0.03662109375,-0.48828125,-0.1708984375,-0.2197265625,-0.2197265625,-0.2197265625,0.2685546875,-0.732421875,-0.42724609375,-0.45166015625,-0.048828125,0.59814453125,-0.30517578125,0.732421875,0.09765625,-0.1708984375,-0.35400390625,-0.3173828125,0.1220703125,0.52490234375,-0.390625,0.78125,0.3662109375,0.59814453125,-0.1220703125,0.634765625,-0.048828125,0.1708984375,0.09765625,0.1708984375,-0.1708984375,0.86669921875,0.03662109375,0.146484375,-0.244140625,0.048828125,-0.244140625,0.8056640625,-0.20751953125,1.2451171875,0.15869140625,0.45166015625,0.1953125,1.9287109375,0.08544921875,-0.0732421875,0.09765625,4.69970703125,-0.45166015625,-0.30517578125,-0.09765625,0.13427734375,-0.01220703125,-1.57470703125,-0.25634765625,-0.30517578125,-0.146484375,-0.439453125,-0.09765625,-1.57470703125,-0.08544921875,-0.7080078125,-0.15869140625,-0.68359375,-0.01220703125,-0.634765625,0.10986328125,-0.0244140625,0.13427734375,-0.76904296875,0.08544921875,-1.4892578125,0.146484375,-1.0498046875,-0.28076171875,0.23193359375,-0.15869140625,0.28076171875,-0.25634765625,-0.0244140625,-0.0732421875,-0.10986328125,-0.09765625,0.146484375,-0.048828125,-0.29296875,-0.03662109375,0.4638671875,-0.244140625,-0.96435546875,-0.09765625,-0.830078125
0,-0.4638671875,3.28369140625,-0.23193359375,1.40380859375,0.15869140625,1.18408203125,-0.1220703125,1.708984375,0.0244140625,-0.0732421875,-0.25634765625,-0.927734375,-0.18310546875,0.98876953125,-0.1220703125,-0.146484375,0.146484375,-0.54931640625,-0.1220703125,-0.23193359375,-0.15869140625,0.8056640625,-0.18310546875,-0.57373046875,-0.1708984375,-0.18310546875,-0.18310546875,-0.830078125,-0.06103515625,0.8056640625,-0.13427734375,-0.09765625,0.15869140625,0.10986328125,-0.52490234375,-0.67138671875,-0.01220703125,-0.42724609375,-0.13427734375,-0.2197265625,-0.06103515625,-0.2197265625,0.37841796875,-0.76904296875,-0.5615234375,-0.439453125,-0.1708984375,0.57373046875,-0.341796875,0.79345703125,0.15869140625,0.01220703125,-0.32958984375,-0.3173828125,0.1220703125,0.57373046875,-0.40283203125,0.76904296875,0.29296875,0.634765625,-0.1708984375,0.68359375,-0.06103515625,0.18310546875,0.10986328125,0.1708984375,-0.1953125,0.86669921875,0.06103515625,0.10986328125,-0.3662109375,0.0244140625,-0.1220703125,0.732421875,-0.048828125,1.2939453125,0.341796875,0.42724609375,0.23193359375,1.86767578125,0.06103515625,-0.15869140625,0.048828125,4.2724609375,-0.40283203125,-0.390625,-0.08544921875,0.03662109375,-0.0732421875,-1.57470703125,-0.28076171875,-0.3173828125,-0.1953125,-0.4638671875,-0.06103515625,-1.5869140625,-0.1220703125,-0.7080078125,-0.18310546875,-0.67138671875,0,-0.62255859375,0.0732421875,-0.0244140625,0.13427734375,-0.7568359375,0.01220703125,-1.50146484375,0.1708984375,-1.06201171875,-0.2685546875,0.23193359375,-0.1708984375,0.28076171875,-0.2685546875,-0.0244140625,-0.0732421875,-0.1220703125,-0.08544921875,0.15869140625,-0.03662109375,-0.28076171875,-0.048828125,0.45166015625,-0.2197265625,-0.91552734375,-0.09765625,-0.84228515625
0,-0.45166015625,3.23486328125,-0.23193359375,1.30615234375,0.1220703125,1.171875,-0.13427734375,1.62353515625,0.01220703125,-0.06103515625,-0.25634765625,-0.9521484375,-0.2197265625,1.0009765625,-0.10986328125,-0.15869140625,0.13427734375,-0.5615234375,-0.1953125,-0.2197265625,-0.15869140625,0.830078125,-0.20751953125,-0.5859375,-0.08544921875,-0.20751953125,-0.244140625,-0.81787109375,0.01220703125,0.81787109375,-0.1708984375,-0.09765625,0.15869140625,0.146484375,-0.47607421875,-0.634765625,-0.03662109375,-0.32958984375,-0.06103515625,-0.20751953125,0.03662109375,-0.1953125,0.48828125,-0.79345703125,-0.6591796875,-0.4150390625,-0.28076171875,0.54931640625,-0.40283203125,0.89111328125,0.2685546875,0.20751953125,-0.35400390625,-0.3173828125,0.048828125,0.62255859375,-0.3662109375,0.76904296875,0.45166015625,0.6591796875,-0.1220703125,0.72021484375,0.03662109375,0.1953125,0.13427734375,0.15869140625,-0.1953125,0.8544921875,0.10986328125,0.048828125,-0.40283203125,0.0244140625,-0.1708984375,0.634765625,0.048828125,1.3427734375,0.3662109375,0.3662109375,0.15869140625,1.806640625,-0.0244140625,-0.244140625,0.0244140625,3.90625,-0.35400390625,-0.48828125,-0.0732421875,-0.08544921875,-0.10986328125,-1.5869140625,-0.25634765625,-0.3173828125,-0.30517578125,-0.4638671875,0.01220703125,-1.59912109375,-0.1220703125,-0.72021484375,-0.20751953125,-0.69580078125,0.048828125,-0.64697265625,-0.0244140625,-0.0244140625,0.10986328125,-0.76904296875,0,-1.4892578125,0.146484375,-1.0498046875,-0.29296875,0.23193359375,-0.18310546875,0.29296875,-0.2685546875,-0.0244140625,-0.08544921875,-0.13427734375,-0.08544921875,0.13427734375,-0.06103515625,-0.25634765625,-0.08544921875,0.4638671875,-0.23193359375,-0.86669921875,-0.0732421875,-0.81787109375
0,-0.4638671875,3.1494140625,-0.20751953125,1.220703125,0.1220703125,1.123046875,-0.15869140625,1.57470703125,0,-0.048828125,-0.28076171875,-0.9521484375,-0.25634765625,1.01318359375,-0.10986328125,-0.10986328125,0.09765625,-0.5615234375,-0.244140625,-0.23193359375,-0.13427734375,0.830078125,-0.18310546875,-0.5859375,-0.0244140625,-0.20751953125,-0.30517578125,-0.84228515625,0.01220703125,0.81787109375,-0.1708984375,-0.09765625,0.20751953125,0.13427734375,-0.42724609375,-0.6103515625,0.01220703125,-0.25634765625,0.01220703125,-0.2197265625,0.10986328125,-0.1953125,0.57373046875,-0.79345703125,-0.68359375,-0.4638671875,-0.32958984375,0.52490234375,-0.4150390625,1.0009765625,0.29296875,0.3662109375,-0.35400390625,-0.28076171875,-0.01220703125,0.6591796875,-0.32958984375,0.78125,0.3173828125,0.72021484375,-0.146484375,0.74462890625,0.09765625,0.1953125,0.03662109375,0.1220703125,-0.2685546875,0.8056640625,0.09765625,-0.06103515625,-0.45166015625,0,-0.244140625,0.537109375,0.10986328125,1.3916015625,0.3662109375,0.30517578125,0.06103515625,1.7333984375,-0.0732421875,-0.30517578125,0.03662109375,3.57666015625,-0.30517578125,-0.5615234375,-0.048828125,-0.1953125,-0.1708984375,-1.5625,-0.244140625,-0.3173828125,-0.390625,-0.45166015625,0.01220703125,-1.611328125,-0.13427734375,-0.7080078125,-0.20751953125,-0.69580078125,0.048828125,-0.6591796875,-0.0732421875,-0.03662109375,0.06103515625,-0.732421875,-0.048828125,-1.47705078125,0.09765625,-1.06201171875,-0.29296875,0.2197265625,-0.1953125,0.29296875,-0.28076171875,-0.03662109375,-0.0732421875,-0.13427734375,-0.08544921875,0.15869140625,-0.03662109375,-0.25634765625,-0.0732421875,0.48828125,-0.23193359375,-0.8056640625,-0.06103515625,-0.8056640625
1,-0.4150390625,2.96630859375,-0.15869140625,1.11083984375,0.08544921875,1.01318359375,-0.1953125,1.46484375,-0.01220703125,-0.06103515625,-0.28076171875,-0.93994140625,-0.2685546875,1.01318359375,-0.146484375,-0.10986328125,0.08544921875,-0.57373046875,-0.28076171875,-0.244140625,-0.03662109375,0.8544921875,-0.13427734375,-0.6103515625,0.03662109375,-0.1953125,-0.32958984375,-0.84228515625,-0.03662109375,0.830078125,-0.1708984375,-0.08544921875,0.146484375,0.13427734375,-0.42724609375,-0.59814453125,-0.0732421875,-0.1953125,0,-0.244140625,0.13427734375,-0.2197265625,0.634765625,-0.7568359375,-0.67138671875,-0.45166015625,-0.30517578125,0.52490234375,-0.390625,1.06201171875,0.2685546875,0.45166015625,-0.30517578125,-0.25634765625,-0.01220703125,0.68359375,-0.23193359375,0.79345703125,0.35400390625,0.81787109375,-0.1953125,0.74462890625,0.1708984375,0.1953125,0.03662109375,0.10986328125,-0.35400390625,0.7568359375,0,-0.15869140625,-0.50048828125,-0.01220703125,-0.3173828125,0.48828125,0.13427734375,1.37939453125,0.30517578125,0.29296875,-0.01220703125,1.72119140625,-0.09765625,-0.35400390625,0,3.3447265625,-0.2197265625,-0.6103515625,0,-0.25634765625,-0.2197265625,-1.59912109375,-0.20751953125,-0.32958984375,-0.42724609375,-0.45166015625,-0.01220703125,-1.59912109375,-0.146484375,-0.72021484375,-0.18310546875,-0.67138671875,0.06103515625,-0.67138671875,-0.10986328125,-0.03662109375,0.0244140625,-0.732421875,-0.06103515625,-1.4892578125,0.03662109375,-1.0498046875,-0.28076171875,0.23193359375,-0.20751953125,0.30517578125,-0.25634765625,-0.03662109375,-0.0732421875,-0.10986328125,-0.08544921875,0.146484375,-0.0244140625,-0.23193359375,-0.08544921875,0.50048828125,-0.20751953125,-0.74462890625,-0.048828125,-0.79345703125
1,-0.40283203125,2.67333984375,-0.146484375,0.9521484375,0.1220703125,0.9033203125,-0.20751953125,1.28173828125,0,-0.08544921875,-0.28076171875,-0.93994140625,-0.244140625,1.03759765625,-0.18310546875,-0.10986328125,0.06103515625,-0.57373046875,-0.29296875,-0.23193359375,0.10986328125,0.89111328125,-0.10986328125,-0.6103515625,0.06103515625,-0.1953125,-0.3173828125,-0.830078125,-0.15869140625,0.84228515625,-0.1708984375,-0.0732421875,0.244140625,0.10986328125,-0.35400390625,-0.5615234375,-0.09765625,-0.18310546875,0.0244140625,-0.2685546875,0.08544921875,-0.23193359375,0.6103515625,-0.7080078125,-0.59814453125,-0.439453125,-0.341796875,0.5126953125,-0.37841796875,1.07421875,0.23193359375,0.45166015625,-0.28076171875,-0.25634765625,-0.06103515625,0.7080078125,-0.20751953125,0.78125,0.30517578125,0.89111328125,-0.2685546875,0.76904296875,0.2685546875,0.20751953125,0.0244140625,0.0732421875,-0.341796875,0.74462890625,0.0732421875,-0.2197265625,-0.30517578125,-0.01220703125,-0.3662109375,0.50048828125,0.08544921875,1.3916015625,0.1953125,0.3173828125,-0.03662109375,1.7333984375,-0.146484375,-0.37841796875,-0.01220703125,3.23486328125,-0.13427734375,-0.62255859375,0.01220703125,-0.3173828125,-0.2685546875,-1.57470703125,-0.1220703125,-0.3173828125,-0.45166015625,-0.45166015625,-0.048828125,-1.59912109375,-0.15869140625,-0.74462890625,-0.146484375,-0.68359375,0.048828125,-0.68359375,-0.15869140625,-0.048828125,-0.01220703125,-0.74462890625,-0.06103515625,-1.50146484375,0.01220703125,-1.025390625,-0.25634765625,0.23193359375,-0.23193359375,0.30517578125,-0.2685546875,-0.048828125,-0.0732421875,-0.09765625,-0.0732421875,0.13427734375,0,-0.2197265625,-0.09765625,0.537109375,-0.20751953125,-0.69580078125,-0.03662109375,-0.7568359375
1,-0.32958984375,2.28271484375,-0.1220703125,0.78125,0.09765625,0.74462890625,-0.23193359375,1.0986328125,0.01220703125,-0.06103515625,-0.2685546875,-0.91552734375,-0.2197265625,1.03759765625,-0.244140625,-0.10986328125,0.06103515625,-0.5859375,-0.244140625,-0.23193359375,0.2197265625,0.87890625,-0.0732421875,-0.6103515625,0.03662109375,-0.18310546875,-0.244140625,-0.8544921875,-0.3173828125,0.830078125,-0.1708984375,-0.06103515625,0.23193359375,0.048828125,-0.390625,-0.57373046875,-0.146484375,-0.1953125,-0.03662109375,-0.30517578125,0,-0.244140625,0.57373046875,-0.64697265625,-0.537109375,-0.47607421875,-0.341796875,0.5126953125,-0.29296875,1.0498046875,0.1708984375,0.37841796875,-0.29296875,-0.23193359375,-0.09765625,0.68359375,-0.18310546875,0.79345703125,0.28076171875,0.9765625,-0.29296875,0.78125,0.2685546875,0.2197265625,-0.0244140625,0.10986328125,-0.3173828125,0.74462890625,0.0244140625,-0.25634765625,-0.2685546875,0.0244140625,-0.28076171875,0.5859375,0.1953125,1.416015625,0.10986328125,0.40283203125,-0.06103515625,1.806640625,-0.15869140625,-0.37841796875,-0.0244140625,3.173828125,-0.048828125,-0.6591796875,0.03662109375,-0.30517578125,-0.25634765625,-1.5625,-0.01220703125,-0.32958984375,-0.390625,-0.42724609375,-0.08544921875,-1.5869140625,-0.1708984375,-0.74462890625,-0.09765625,-0.67138671875,0.01220703125,-0.69580078125,-0.146484375,-0.0732421875,0,-0.7568359375,-0.08544921875,-1.513671875,-0.03662109375,-1.025390625,-0.244140625,0.244140625,-0.23193359375,0.30517578125,-0.244140625,-0.06103515625,-0.06103515625,-0.0732421875,-0.06103515625,0.1220703125,-0.01220703125,-0.2197265625,-0.10986328125,0.57373046875,-0.2197265625,-0.68359375,-0.0732421875,-0.74462890625
1,-0.20751953125,1.74560546875,-0.09765625,0.54931640625,0.08544921875,0.54931640625,-0.2197265625,0.86669921875,0.01220703125,-0.06103515625,-0.244140625,-0.927734375,-0.18310546875,1.025390625,-0.25634765625,-0.1220703125,0.0732421875,-0.57373046875,-0.1708984375,-0.2197265625,0.30517578125,0.8544921875,-0.03662109375,-0.6103515625,0.01220703125,-0.18310546875,-0.146484375,-0.86669921875,-0.42724609375,0.830078125,-0.146484375,-0.06103515625,0.2197265625,0.01220703125,-0.35400390625,-0.5859375,-0.2197265625,-0.20751953125,-0.0732421875,-0.35400390625,-0.09765625,-0.2197265625,0.4638671875,-0.62255859375,-0.42724609375,-0.47607421875,-0.3173828125,0.5126953125,-0.15869140625,1.0009765625,0.146484375,0.28076171875,-0.244140625,-0.23193359375,-0.01220703125,0.68359375,-0.1708984375,0.8056640625,0.2685546875,1.11083984375,-0.32958984375,0.79345703125,0.29296875,0.25634765625,0.0244140625,0.146484375,-0.25634765625,0.79345703125,-0.13427734375,-0.18310546875,-0.23193359375,0.08544921875,-0.244140625,0.732421875,0.20751953125,1.4404296875,-0.048828125,0.537109375,-0.1220703125,1.94091796875,-0.13427734375,-0.37841796875,0,3.173828125,0.048828125,-0.62255859375,0.06103515625,-0.341796875,-0.2685546875,-1.5380859375,0.06103515625,-0.32958984375,-0.32958984375,-0.42724609375,-0.10986328125,-1.59912109375,-0.1708984375,-0.732421875,-0.0244140625,-0.69580078125,-0.0244140625,-0.69580078125,-0.1220703125,-0.09765625,-0.01220703125,-0.76904296875,-0.09765625,-1.513671875,-0.06103515625,-1.01318359375,-0.2197265625,0.23193359375,-0.244140625,0.30517578125,-0.23193359375,-0.06103515625,-0.0732421875,-0.03662109375,-0.03662109375,0.13427734375,0.01220703125,-0.20751953125,-0.08544921875,0.59814453125,-0.20751953125,-0.67138671875,-0.03662109375,-0.72021484375
1,-0.1708984375,1.1474609375,-0.08544921875,0.32958984375,0.10986328125,0.30517578125,-0.18310546875,0.6103515625,0.0244140625,-0.08544921875,-0.23193359375,-0.93994140625,-0.1708984375,1.01318359375,-0.23193359375,-0.1220703125,0.0732421875,-0.57373046875,-0.10986328125,-0.1953125,0.390625,0.8544921875,-0.01220703125,-0.59814453125,-0.048828125,-0.1708984375,-0.048828125,-0.84228515625,-0.4638671875,0.830078125,-0.09765625,-0.06103515625,0.1953125,-0.03662109375,-0.35400390625,-0.57373046875,-0.23193359375,-0.244140625,-0.2197265625,-0.3662109375,-0.2197265625,-0.244140625,0.3662109375,-0.59814453125,-0.30517578125,-0.50048828125,-0.244140625,0.5126953125,-0.0244140625,0.93994140625,0.13427734375,0.15869140625,-0.20751953125,-0.25634765625,0.03662109375,0.634765625,-0.146484375,0.8056640625,0.244140625,1.20849609375,-0.35400390625,0.81787109375,0.28076171875,0.25634765625,0.08544921875,0.29296875,-0.18310546875,0.8544921875,-0.09765625,-0.09765625,-0.06103515625,0.1708984375,-0.146484375,0.93994140625,0.29296875,1.47705078125,-0.1220703125,0.7080078125,-0.08544921875,2.13623046875,-0.1220703125,-0.37841796875,0.03662109375,3.1494140625,0.13427734375,-0.6103515625,0.03662109375,-0.3173828125,-0.23193359375,-1.5380859375,0.18310546875,-0.3173828125,-0.244140625,-0.4150390625,-0.15869140625,-1.57470703125,-0.20751953125,-0.7568359375,0.0244140625,-0.68359375,-0.048828125,-0.69580078125,-0.10986328125,-0.08544921875,0,-0.78125,-0.09765625,-1.52587890625,-0.1708984375,-1.025390625,-0.146484375,0.23193359375,-0.244140625,0.30517578125,-0.2197265625,-0.048828125,-0.06103515625,-0.01220703125,-0.01220703125,0.13427734375,0.0244140625,-0.2197265625,-0.09765625,0.6103515625,-0.18310546875,-0.67138671875,-0.048828125,-0.68359375
1,-0.15869140625,0.54931640625,-0.08544921875,0.10986328125,0.08544921875,0.0732421875,-0.18310546875,0.4150390625,0.01220703125,-0.0732421875,-0.2197265625,-0.93994140625,-0.15869140625,1.01318359375,-0.23193359375,-0.15869140625,0.06103515625,-0.5859375,0,-0.18310546875,0.3662109375,0.86669921875,0.06103515625,-0.6103515625,-0.08544921875,-0.1708984375,0.01220703125,-0.84228515625,-0.42724609375,0.84228515625,-0.06103515625,-0.06103515625,0.1953125,0,-0.23193359375,-0.5615234375,-0.18310546875,-0.25634765625,-0.25634765625,-0.3173828125,-0.2685546875,-0.244140625,0.28076171875,-0.5859375,-0.2197265625,-0.47607421875,-0.1220703125,0.52490234375,0.08544921875,0.9033203125,0.048828125,0.01220703125,-0.2197265625,-0.25634765625,0.06103515625,0.59814453125,-0.09765625,0.7568359375,0.2685546875,1.28173828125,-0.37841796875,0.830078125,0.2685546875,0.25634765625,0.048828125,0.42724609375,-0.1220703125,0.9765625,-0.1708984375,0.048828125,-0.048828125,0.28076171875,-0.08544921875,1.1474609375,0.30517578125,1.57470703125,-0.23193359375,0.8544921875,-0.06103515625,2.30712890625,-0.06103515625,-0.390625,0.09765625,3.06396484375,0.1708984375,-0.6103515625,0,-0.341796875,-0.15869140625,-1.5380859375,0.23193359375,-0.30517578125,-0.1220703125,-0.4150390625,-0.18310546875,-1.5869140625,-0.25634765625,-0.7568359375,0.0244140625,-0.68359375,-0.08544921875,-0.7080078125,-0.0732421875,-0.09765625,0.03662109375,-0.7568359375,-0.1220703125,-1.50146484375,-0.23193359375,-1.03759765625,-0.06103515625,0.244140625,-0.20751953125,0.29296875,-0.1953125,-0.03662109375,-0.0732421875,-0.0244140625,-0.0244140625,0.1220703125,0.0244140625,-0.20751953125,-0.0732421875,0.634765625,-0.146484375,-0.69580078125,-0.01220703125,-0.6591796875
1,-0.08544921875,0.03662109375,-0.06103515625,-0.0732421875,0.08544921875,-0.13427734375,-0.15869140625,0.23193359375,0.0244140625,-0.08544921875,-0.20751953125,-0.96435546875,-0.1708984375,0.98876953125,-0.23193359375,-0.1708984375,0.0244140625,-0.59814453125,0.08544921875,-0.18310546875,0.40283203125,0.8544921875,0.08544921875,-0.6103515625,-0.048828125,-0.1953125,0.0732421875,-0.830078125,-0.3662109375,0.8544921875,0,-0.06103515625,0.146484375,0.0732421875,-0.1220703125,-0.50048828125,-0.0244140625,-0.23193359375,-0.3173828125,-0.244140625,-0.29296875,-0.244140625,0.18310546875,-0.6103515625,-0.10986328125,-0.48828125,-0.0732421875,0.52490234375,0.20751953125,0.86669921875,0.048828125,-0.048828125,-0.1708984375,-0.244140625,0.18310546875,0.57373046875,-0.06103515625,0.7568359375,0.2685546875,1.3427734375,-0.37841796875,0.81787109375,0.2197265625,0.2197265625,0.0244140625,0.634765625,-0.03662109375,1.11083984375,-0.1953125,0.20751953125,0.03662109375,0.37841796875,-0.06103515625,1.33056640625,0.341796875,1.611328125,-0.29296875,1.01318359375,0.0244140625,2.45361328125,-0.09765625,-0.42724609375,0.20751953125,2.880859375,0.20751953125,-0.634765625,-0.09765625,-0.32958984375,-0.08544921875,-1.55029296875,0.25634765625,-0.30517578125,-0.01220703125,-0.42724609375,-0.1708984375,-1.5869140625,-0.29296875,-0.7568359375,0.048828125,-0.69580078125,-0.09765625,-0.69580078125,0,-0.0732421875,0.01220703125,-0.76904296875,-0.1220703125,-1.50146484375,-0.28076171875,-1.03759765625,0,0.244140625,-0.23193359375,0.29296875,-0.1953125,-0.048828125,-0.0732421875,0.01220703125,0,0.146484375,-0.01220703125,-0.1953125,-0.08544921875,0.6591796875,-0.13427734375,-0.69580078125,-0.06103515625,-0.6591796875
1,-0.09765625,-0.32958984375,-0.0732421875,-0.1708984375,0.048828125,-0.29296875,-0.146484375,0.15869140625,0.0244140625,-0.0732421875,-0.20751953125,-0.9521484375,-0.15869140625,0.96435546875,-0.2197265625,-0.15869140625,0,-0.5859375,0.146484375,-0.1708984375,0.439453125,0.86669921875,0.10986328125,-0.5859375,-0.06103515625,-0.18310546875,0.08544921875,-0.84228515625,-0.2197265625,0.84228515625,0.0244140625,-0.08544921875,0.10986328125,0.23193359375,-0.0244140625,-0.42724609375,0.048828125,-0.18310546875,-0.3662109375,-0.10986328125,-0.2685546875,-0.2197265625,0.09765625,-0.64697265625,-0.08544921875,-0.4638671875,-0.08544921875,0.54931640625,0.25634765625,0.9033203125,0,-0.048828125,-0.1220703125,-0.23193359375,0.244140625,0.5859375,-0.048828125,0.732421875,0.2685546875,1.3427734375,-0.390625,0.8056640625,0.1708984375,0.20751953125,-0.01220703125,0.81787109375,0.06103515625,1.2451171875,-0.10986328125,0.35400390625,0.10986328125,0.48828125,-0.06103515625,1.416015625,0.28076171875,1.66015625,-0.32958984375,1.0986328125,0.0244140625,2.5146484375,-0.1220703125,-0.537109375,0.20751953125,2.52685546875,0.2197265625,-0.68359375,-0.146484375,-0.40283203125,0,-1.5625,0.25634765625,-0.29296875,0.0732421875,-0.439453125,-0.08544921875,-1.5625,-0.29296875,-0.7568359375,0.0732421875,-0.68359375,-0.10986328125,-0.69580078125,0.0732421875,-0.0732421875,-0.01220703125,-0.78125,-0.1220703125,-1.50146484375,-0.30517578125,-1.06201171875,0.0244140625,0.23193359375,-0.18310546875,0.29296875,-0.1708984375,-0.0244140625,-0.06103515625,0.01220703125,0,0.146484375,0.01220703125,-0.146484375,-0.0732421875,0.64697265625,-0.08544921875,-0.7080078125,-0.0732421875,-0.64697265625
1,-0.10986328125,-0.48828125,-0.03662109375,-0.1953125,0.03662109375,-0.341796875,-0.1220703125,0.13427734375,0.048828125,-0.09765625,-0.18310546875,-0.93994140625,-0.1953125,0.9765625,-0.244140625,-0.1220703125,0.01220703125,-0.57373046875,0.1708984375,-0.146484375,0.42724609375,0.89111328125,0.13427734375,-0.59814453125,-0.03662109375,-0.15869140625,0.0732421875,-0.830078125,-0.10986328125,0.830078125,0.01220703125,-0.08544921875,0.0732421875,0.40283203125,0.01220703125,-0.30517578125,0.03662109375,-0.08544921875,-0.341796875,0.06103515625,-0.1953125,-0.244140625,0.01220703125,-0.68359375,-0.048828125,-0.4638671875,-0.0244140625,0.5615234375,0.28076171875,0.9521484375,0.01220703125,0.0244140625,-0.08544921875,-0.2197265625,0.341796875,0.6103515625,-0.08544921875,0.74462890625,0.2685546875,1.26953125,-0.35400390625,0.74462890625,0.0732421875,0.20751953125,-0.048828125,0.9765625,0.06103515625,1.37939453125,-0.146484375,0.52490234375,0.048828125,0.59814453125,-0.03662109375,1.416015625,0.1953125,1.708984375,-0.28076171875,1.08642578125,0.048828125,2.490234375,-0.13427734375,-0.64697265625,0.30517578125,2.0263671875,0.1708984375,-0.7568359375,-0.1220703125,-0.47607421875,0.0244140625,-1.5380859375,0.20751953125,-0.2685546875,0.1708984375,-0.439453125,-0.0244140625,-1.55029296875,-0.244140625,-0.7568359375,0.048828125,-0.69580078125,-0.146484375,-0.67138671875,0.13427734375,-0.08544921875,-0.03662109375,-0.74462890625,-0.146484375,-1.4892578125,-0.2685546875,-1.06201171875,0.048828125,0.25634765625,-0.15869140625,0.29296875,-0.13427734375,0,-0.0732421875,0.01220703125,0,0.15869140625,0.01220703125,-0.1708984375,-0.08544921875,0.6103515625,-0.10986328125,-0.72021484375,-0.10986328125,-0.68359375
1,-0.1220703125,-0.390625,-0.03662109375,-0.13427734375,0,-0.3173828125,-0.1220703125,0.1953125,0.048828125,-0.10986328125,-0.1708984375,-0.91552734375,-0.20751953125,0.9765625,-0.244140625,-0.1220703125,0.01220703125,-0.57373046875,0.1708984375,-0.146484375,0.42724609375,0.89111328125,0.09765625,-0.5859375,-0.0244140625,-0.15869140625,0.06103515625,-0.830078125,0.01220703125,0.830078125,-0.01220703125,-0.08544921875,0.10986328125,0.5859375,0.06103515625,-0.1953125,0.13427734375,-0.01220703125,-0.28076171875,0.2197265625,-0.1220703125,-0.2197265625,-0.01220703125,-0.732421875,-0.048828125,-0.45166015625,-0.09765625,0.537109375,0.35400390625,1.0498046875,0.03662109375,0.1708984375,0,-0.1953125,0.4150390625,0.6591796875,-0.1220703125,0.732421875,0.2685546875,1.18408203125,-0.37841796875,0.68359375,0.03662109375,0.20751953125,-0.09765625,1.0986328125,0.048828125,1.47705078125,-0.10986328125,0.6103515625,0.03662109375,0.67138671875,-0.01220703125,1.2939453125,0.244140625,1.66015625,-0.1708984375,0.96435546875,0.048828125,2.3681640625,-0.1708984375,-0.79345703125,0.29296875,1.42822265625,0.13427734375,-0.8544921875,-0.09765625,-0.57373046875,0.048828125,-1.55029296875,0.15869140625,-0.28076171875,0.20751953125,-0.45166015625,0.0732421875,-1.52587890625,-0.1953125,-0.74462890625,0.03662109375,-0.68359375,-0.1953125,-0.6591796875,0.1708984375,-0.0732421875,-0.03662109375,-0.74462890625,-0.13427734375,-1.4892578125,-0.2197265625,-1.06201171875,0.0244140625,0.244140625,-0.1220703125,0.29296875,-0.13427734375,-0.01220703125,-0.0732421875,-0.01220703125,0,0.13427734375,0.0244140625,-0.1708984375,-0.09765625,0.5859375,-0.06103515625,-0.72021484375,-0.09765625,-0.72021484375
1,-0.08544921875,0.0244140625,-0.0244140625,0.0244140625,-0.0244140625,-0.18310546875,-0.13427734375,0.37841796875,0.03662109375,-0.09765625,-0.1708984375,-0.93994140625,-0.2197265625,1.0009765625,-0.244140625,-0.13427734375,0.03662109375,-0.5615234375,0.15869140625,-0.18310546875,0.4150390625,0.9033203125,0.048828125,-0.59814453125,0,-0.1708984375,0.03662109375,-0.8056640625,0.1220703125,0.84228515625,-0.048828125,-0.10986328125,0.15869140625,0.732421875,0.03662109375,-0.1220703125,0.1220703125,0.08544921875,-0.2197265625,0.341796875,-0.01220703125,-0.23193359375,-0.048828125,-0.7568359375,-0.10986328125,-0.42724609375,-0.146484375,0.52490234375,0.3173828125,1.171875,0.01220703125,0.32958984375,0.0244140625,-0.18310546875,0.42724609375,0.74462890625,-0.146484375,0.74462890625,0.29296875,1.0498046875,-0.35400390625,0.62255859375,0.01220703125,0.20751953125,-0.10986328125,1.18408203125,0.10986328125,1.5380859375,-0.08544921875,0.67138671875,-0.01220703125,0.7080078125,0.08544921875,1.11083984375,0.3173828125,1.611328125,-0.0244140625,0.8056640625,0.0244140625,2.18505859375,-0.1708984375,-0.93994140625,0.20751953125,0.76904296875,0.06103515625,-0.98876953125,-0.03662109375,-0.7080078125,0.01220703125,-1.57470703125,0.1220703125,-0.28076171875,0.2685546875,-0.45166015625,0.15869140625,-1.5380859375,-0.146484375,-0.7568359375,-0.01220703125,-0.69580078125,-0.20751953125,-0.6591796875,0.15869140625,-0.0732421875,-0.0244140625,-0.7568359375,-0.13427734375,-1.513671875,-0.18310546875,-1.06201171875,-0.0244140625,0.25634765625,-0.1220703125,0.29296875,-0.10986328125,-0.03662109375,-0.06103515625,-0.06103515625,0.01220703125,0.146484375,0,-0.1708984375,-0.10986328125,0.537109375,-0.03662109375,-0.7080078125,-0.08544921875,-0.74462890625
1,-0.09765625,0.6591796875,-0.01220703125,0.29296875,0.01220703125,0.0732421875,-0.13427734375,0.64697265625,0.03662109375,-0.08544921875,-0.15869140625,-0.927734375,-0.23193359375,1.01318359375,-0.2197265625,-0.13427734375,0.06103515625,-0.54931640625,0.13427734375,-0.1953125,0.3662109375,0.89111328125,0,-0.59814453125,0.0732421875,-0.15869140625,-0.048828125,-0.81787109375,0.18310546875,0.84228515625,-0.06103515625,-0.10986328125,0.244140625,0.8056640625,-0.06103515625,-0.09765625,0.15869140625,0.10986328125,-0.1220703125,0.40283203125,0.048828125,-0.23193359375,-0.03662109375,-0.76904296875,-0.18310546875,-0.439453125,-0.1220703125,0.52490234375,0.25634765625,1.318359375,0.048828125,0.50048828125,0.048828125,-0.13427734375,0.50048828125,0.8056640625,-0.146484375,0.7568359375,0.32958984375,0.9033203125,-0.2685546875,0.537109375,0.048828125,0.1953125,-0.10986328125,1.220703125,0.1708984375,1.5625,-0.10986328125,0.64697265625,-0.048828125,0.732421875,0.03662109375,0.91552734375,0.35400390625,1.59912109375,0.0732421875,0.64697265625,-0.01220703125,1.98974609375,-0.18310546875,-1.0986328125,0.15869140625,0.13427734375,0.048828125,-1.08642578125,0.048828125,-0.8056640625,-0.048828125,-1.57470703125,0.08544921875,-0.28076171875,0.3662109375,-0.42724609375,0.1953125,-1.52587890625,-0.13427734375,-0.76904296875,-0.06103515625,-0.67138671875,-0.23193359375,-0.67138671875,0.13427734375,-0.06103515625,-0.0244140625,-0.732421875,-0.13427734375,-1.513671875,-0.08544921875,-1.03759765625,-0.08544921875,0.23193359375,-0.10986328125,0.30517578125,-0.08544921875,-0.0244140625,-0.06103515625,-0.09765625,0.0244140625,0.1708984375,0,-0.18310546875,-0.10986328125,0.50048828125,0,-0.7080078125,-0.09765625,-0.78125
1,-0.20751953125,1.50146484375,0.01220703125,0.634765625,0.01220703125,0.3662109375,-0.1708984375,0.9765625,0.03662109375,-0.10986328125,-0.13427734375,-0.927734375,-0.2197265625,1.025390625,-0.1953125,-0.146484375,0.0732421875,-0.57373046875,0.08544921875,-0.2197265625,0.341796875,0.86669921875,-0.08544921875,-0.6103515625,0.13427734375,-0.15869140625,-0.1220703125,-0.81787109375,0.23193359375,0.8544921875,-0.01220703125,-0.0732421875,0.3173828125,0.76904296875,-0.146484375,-0.1220703125,0.18310546875,0.09765625,-0.0244140625,0.37841796875,0.09765625,-0.244140625,0.0244140625,-0.76904296875,-0.29296875,-0.439453125,-0.20751953125,0.50048828125,0.23193359375,1.3916015625,0,0.64697265625,0.06103515625,-0.08544921875,0.54931640625,0.87890625,-0.146484375,0.7568359375,0.2685546875,0.732421875,-0.25634765625,0.48828125,0.08544921875,0.20751953125,-0.09765625,1.1962890625,0.1708984375,1.55029296875,-0.13427734375,0.59814453125,-0.08544921875,0.69580078125,0.0244140625,0.79345703125,0.390625,1.6357421875,0.1708984375,0.5615234375,-0.048828125,1.89208984375,-0.15869140625,-1.20849609375,0.048828125,-0.40283203125,0.0732421875,-1.171875,0.08544921875,-0.91552734375,-0.10986328125,-1.5625,0.0732421875,-0.28076171875,0.4638671875,-0.40283203125,0.1953125,-1.52587890625,-0.146484375,-0.76904296875,-0.08544921875,-0.64697265625,-0.18310546875,-0.68359375,0.0732421875,-0.048828125,-0.048828125,-0.7568359375,-0.10986328125,-1.50146484375,-0.06103515625,-1.0498046875,-0.146484375,0.244140625,-0.10986328125,0.32958984375,-0.048828125,-0.03662109375,-0.08544921875,-0.13427734375,0.048828125,0.146484375,0,-0.1953125,-0.09765625,0.45166015625,0.03662109375,-0.69580078125,-0.0732421875,-0.81787109375
0,-0.15869140625,2.50244140625,0.03662109375,1.01318359375,0.03662109375,0.732421875,-0.1220703125,1.3427734375,0.0244140625,-0.09765625,-0.1220703125,-0.93994140625,-0.2197265625,1.0498046875,-0.2685546875,-0.1708984375,0.0732421875,-0.54931640625,0.06103515625,-0.23193359375,0.25634765625,0.87890625,-0.09765625,-0.62255859375,0.15869140625,-0.15869140625,-0.2197265625,-0.830078125,0.2685546875,0.84228515625,-0.01220703125,-0.0732421875,0.341796875,0.64697265625,-0.244140625,-0.25634765625,0.25634765625,0.0244140625,0.048828125,0.244140625,0.0732421875,-0.2685546875,0.08544921875,-0.7568359375,-0.32958984375,-0.439453125,-0.30517578125,0.4638671875,0.15869140625,1.46484375,-0.03662109375,0.732421875,0.08544921875,-0.06103515625,0.5859375,0.91552734375,-0.146484375,0.76904296875,0.28076171875,0.5859375,-0.20751953125,0.439453125,0.03662109375,0.23193359375,-0.06103515625,1.123046875,0.13427734375,1.513671875,-0.2197265625,0.52490234375,-0.09765625,0.6591796875,-0.0244140625,0.81787109375,0.3662109375,1.86767578125,0.1953125,0.57373046875,-0.01220703125,1.94091796875,-0.1220703125,-1.28173828125,-0.06103515625,-0.69580078125,0.08544921875,-1.23291015625,0.0732421875,-0.9521484375,-0.18310546875,-1.55029296875,0.0244140625,-0.29296875,0.52490234375,-0.35400390625,0.13427734375,-1.52587890625,-0.1708984375,-0.7568359375,-0.146484375,-0.634765625,-0.15869140625,-0.69580078125,0.01220703125,-0.06103515625,-0.0732421875,-0.7568359375,-0.0732421875,-1.50146484375,-0.0244140625,-1.0498046875,-0.20751953125,0.23193359375,-0.09765625,0.32958984375,-0.0732421875,-0.0244140625,-0.0732421875,-0.1708984375,0.0732421875,0.13427734375,-0.01220703125,-0.20751953125,-0.10986328125,0.42724609375,0.048828125,-0.64697265625,-0.06103515625,-0.84228515625
0,-0.08544921875,3.52783203125,0.03662109375,1.4404296875,-0.01220703125,1.13525390625,-0.13427734375,1.74560546875,0.06103515625,-0.08544921875,-0.1220703125,-0.93994140625,-0.244140625,1.06201171875,-0.3173828125,-0.1953125,0.0732421875,-0.57373046875,0.06103515625,-0.244140625,0.18310546875,0.8544921875,-0.048828125,-0.62255859375,0.13427734375,-0.15869140625,-0.2685546875,-0.84228515625,0.25634765625,0.84228515625,0.06103515625,-0.06103515625,0.29296875,0.45166015625,-0.25634765625,-0.390625,0.2685546875,-0.06103515625,0.13427734375,0.06103515625,0.03662109375,-0.28076171875,0.13427734375,-0.72021484375,-0.3662109375,-0.45166015625,-0.32958984375,0.4638671875,0.146484375,1.47705078125,-0.048828125,0.74462890625,0.08544921875,-0.06103515625,0.62255859375,0.93994140625,-0.146484375,0.76904296875,0.30517578125,0.47607421875,-0.18310546875,0.439453125,0,0.244140625,-0.146484375,1.01318359375,0.09765625,1.45263671875,-0.30517578125,0.40283203125,-0.09765625,0.6103515625,-0.1708984375,1.06201171875,0.28076171875,2.2705078125,0.18310546875,0.79345703125,0,2.18505859375,-0.1220703125,-1.28173828125,-0.1220703125,-0.76904296875,0.0732421875,-1.20849609375,-0.01220703125,-0.98876953125,-0.25634765625,-1.55029296875,0,-0.30517578125,0.634765625,-0.35400390625,0.048828125,-1.52587890625,-0.18310546875,-0.7568359375,-0.1953125,-0.64697265625,-0.13427734375,-0.7080078125,-0.048828125,-0.048828125,-0.06103515625,-0.76904296875,-0.0732421875,-1.50146484375,0.01220703125,-1.03759765625,-0.23193359375,0.25634765625,-0.08544921875,0.32958984375,-0.048828125,-0.03662109375,-0.048828125,-0.1708984375,0.0732421875,0.1220703125,-0.0244140625,-0.2197265625,-0.09765625,0.4150390625,0.08544921875,-0.5615234375,-0.0732421875,-0.86669921875
0,-0.03662109375,4.5166015625,0.0732421875,1.84326171875,-0.03662109375,1.50146484375,-0.08544921875,2.13623046875,0.06103515625,-0.0732421875,-0.10986328125,-0.93994140625,-0.2197265625,1.06201171875,-0.341796875,-0.18310546875,0.03662109375,-0.5615234375,0.08544921875,-0.23193359375,0.13427734375,0.8544921875,0.01220703125,-0.6103515625,0.0732421875,-0.15869140625,-0.28076171875,-0.84228515625,0.30517578125,0.830078125,0.0732421875,-0.06103515625,0.2197265625,0.2197265625,-0.29296875,-0.5126953125,0.25634765625,-0.10986328125,0.18310546875,-0.146484375,0,-0.29296875,0.18310546875,-0.69580078125,-0.50048828125,-0.45166015625,-0.37841796875,0.48828125,0.1708984375,1.47705078125,-0.06103515625,0.64697265625,0.048828125,-0.08544921875,0.634765625,0.927734375,-0.146484375,0.7568359375,0.29296875,0.40283203125,-0.15869140625,0.47607421875,-0.03662109375,0.244140625,-0.1220703125,0.89111328125,0.06103515625,1.3671875,-0.439453125,0.29296875,-0.09765625,0.537109375,-0.244140625,1.57470703125,0.23193359375,2.9296875,0.18310546875,1.171875,0.048828125,2.67333984375,-0.09765625,-1.23291015625,-0.1220703125,-0.5615234375,0.08544921875,-1.171875,-0.09765625,-0.9521484375,-0.25634765625,-1.5380859375,-0.048828125,-0.3173828125,0.634765625,-0.35400390625,-0.01220703125,-1.55029296875,-0.1953125,-0.7568359375,-0.18310546875,-0.6591796875,-0.10986328125,-0.72021484375,-0.0732421875,-0.048828125,-0.03662109375,-0.7568359375,-0.03662109375,-1.50146484375,0,-1.0498046875,-0.25634765625,0.244140625,-0.08544921875,0.341796875,-0.048828125,-0.0244140625,-0.0732421875,-0.15869140625,0.09765625,0.1220703125,-0.03662109375,-0.1953125,-0.06103515625,0.439453125,-0.0244140625,-0.390625,-0.048828125,-0.84228515625
0,-0.01220703125,5.3466796875,0.0732421875,2.2216796875,-0.03662109375,1.85546875,-0.09765625,2.45361328125,0.0732421875,-0.08544921875,-0.1220703125,-0.91552734375,-0.25634765625,1.06201171875,-0.29296875,-0.1708984375,0,-0.5615234375,0.09765625,-0.244140625,0.048828125,0.84228515625,0.08544921875,-0.6103515625,0.0244140625,-0.1953125,-0.29296875,-0.8544921875,0.3173828125,0.84228515625,0.06103515625,-0.03662109375,0.0732421875,0.06103515625,-0.341796875,-0.62255859375,0.20751953125,-0.10986328125,0.15869140625,-0.29296875,-0.03662109375,-0.28076171875,0.1953125,-0.6591796875,-0.5615234375,-0.439453125,-0.4150390625,0.50048828125,0.15869140625,1.40380859375,-0.03662109375,0.537109375,0,-0.09765625,0.6591796875,0.89111328125,-0.146484375,0.76904296875,0.28076171875,0.37841796875,-0.1220703125,0.50048828125,-0.09765625,0.23193359375,-0.08544921875,0.78125,0.03662109375,1.28173828125,-0.5126953125,0.20751953125,-0.06103515625,0.47607421875,-0.3173828125,2.33154296875,0.25634765625,3.8330078125,0.18310546875,1.79443359375,0.15869140625,3.3935546875,-0.08544921875,-1.11083984375,-0.1220703125,-0.0732421875,0.0732421875,-1.07421875,-0.15869140625,-0.830078125,-0.2685546875,-1.5380859375,-0.08544921875,-0.341796875,0.6103515625,-0.35400390625,-0.048828125,-1.55029296875,-0.146484375,-0.7568359375,-0.1953125,-0.6591796875,-0.10986328125,-0.732421875,-0.06103515625,-0.048828125,-0.01220703125,-0.76904296875,0.03662109375,-1.513671875,0.03662109375,-1.07421875,-0.25634765625,0.25634765625,-0.048828125,0.3173828125,-0.06103515625,0,-0.06103515625,-0.146484375,0.09765625,0.10986328125,-0.03662109375,-0.15869140625,-0.0732421875,0.4638671875,-0.08544921875,-0.1708984375,-0.0732421875,-0.8056640625
0,-0.0732421875,6.005859375,0.0732421875,2.52685546875,-0.0244140625,2.11181640625,-0.08544921875,2.72216796875,0.0732421875,-0.09765625,-0.10986328125,-0.927734375,-0.2685546875,1.0498046875,-0.28076171875,-0.18310546875,-0.03662109375,-0.57373046875,0.146484375,-0.25634765625,0.01220703125,0.86669921875,0.1220703125,-0.59814453125,0.0244140625,-0.18310546875,-0.29296875,-0.84228515625,0.30517578125,0.84228515625,0.0732421875,-0.06103515625,-0.01220703125,0.0244140625,-0.28076171875,-0.6103515625,0.1220703125,0.0244140625,0.18310546875,-0.32958984375,-0.06103515625,-0.28076171875,0.1708984375,-0.634765625,-0.6103515625,-0.42724609375,-0.35400390625,0.52490234375,0.18310546875,1.318359375,-0.08544921875,0.3173828125,-0.06103515625,-0.15869140625,0.6103515625,0.830078125,-0.10986328125,0.7568359375,0.244140625,0.4150390625,-0.09765625,0.537109375,-0.0732421875,0.20751953125,-0.01220703125,0.68359375,-0.01220703125,1.1962890625,-0.5615234375,0.15869140625,-0.0244140625,0.4150390625,-0.37841796875,3.25927734375,0.15869140625,4.931640625,0.1708984375,2.57568359375,0.20751953125,4.28466796875,-0.08544921875,-0.91552734375,-0.0732421875,0.68359375,0.01220703125,-0.93994140625,-0.13427734375,-0.7080078125,-0.2197265625,-1.5380859375,-0.0732421875,-0.32958984375,0.59814453125,-0.37841796875,-0.0732421875,-1.57470703125,-0.13427734375,-0.732421875,-0.20751953125,-0.67138671875,-0.1220703125,-0.72021484375,-0.01220703125,-0.048828125,0.01220703125,-0.76904296875,0.048828125,-1.50146484375,0.0244140625,-1.06201171875,-0.244140625,0.244140625,-0.03662109375,0.30517578125,-0.0732421875,-0.0244140625,-0.06103515625,-0.1220703125,0.08544921875,0.1220703125,-0.048828125,-0.09765625,-0.09765625,0.537109375,-0.08544921875,0.1220703125,-0.09765625,-0.69580078125
0,-0.09765625,6.3720703125,0.048828125,2.72216796875,-0.03662109375,2.2705078125,-0.10986328125,2.880859375,0.0732421875,-0.10986328125,-0.10986328125,-0.927734375,-0.28076171875,1.03759765625,-0.244140625,-0.18310546875,-0.0732421875,-0.5859375,0.1708984375,-0.23193359375,0,0.87890625,0.13427734375,-0.59814453125,0.0244140625,-0.18310546875,-0.23193359375,-0.830078125,0.25634765625,0.830078125,0.0244140625,-0.048828125,-0.146484375,0.10986328125,-0.30517578125,-0.42724609375,-0.08544921875,0.29296875,0.08544921875,-0.23193359375,-0.18310546875,-0.28076171875,0.15869140625,-0.6591796875,-0.62255859375,-0.42724609375,-0.37841796875,0.537109375,0.2197265625,1.2451171875,-0.146484375,0.15869140625,-0.09765625,-0.20751953125,0.5615234375,0.76904296875,-0.10986328125,0.732421875,0.18310546875,0.50048828125,-0.0244140625,0.59814453125,-0.03662109375,0.2197265625,0.0244140625,0.634765625,-0.048828125,1.15966796875,-0.67138671875,0.10986328125,-0.06103515625,0.3662109375,-0.42724609375,4.35791015625,0.1220703125,6.201171875,0.13427734375,3.466796875,0.1953125,5.2978515625,-0.09765625,-0.69580078125,-0.0732421875,1.59912109375,-0.08544921875,-0.79345703125,-0.09765625,-0.52490234375,-0.1708984375,-1.55029296875,-0.08544921875,-0.35400390625,0.5126953125,-0.390625,-0.048828125,-1.57470703125,-0.1220703125,-0.732421875,-0.1708984375,-0.67138671875,-0.048828125,-0.69580078125,0,-0.06103515625,0.03662109375,-0.7568359375,0.08544921875,-1.47705078125,0,-1.08642578125,-0.20751953125,0.25634765625,-0.03662109375,0.3173828125,-0.09765625,-0.01220703125,-0.06103515625,-0.08544921875,0.08544921875,0.1220703125,-0.048828125,0.0244140625,-0.08544921875,0.67138671875,0,0.50048828125,-0.08544921875,-0.537109375
0,-0.09765625,6.5185546875,0.08544921875,2.783203125,-0.048828125,2.3193359375,-0.10986328125,2.94189453125,0.08544921875,-0.10986328125,-0.10986328125,-0.927734375,-0.3173828125,1.01318359375,-0.2685546875,-0.1708984375,-0.08544921875,-0.57373046875,0.1953125,-0.244140625,0.0244140625,0.87890625,0.10986328125,-0.59814453125,0.01220703125,-0.20751953125,-0.244140625,-0.81787109375,0.1953125,0.84228515625,0.03662109375,-0.048828125,-0.15869140625,0.4150390625,-0.23193359375,-0.146484375,-0.08544921875,0.7568359375,0.048828125,0.10986328125,-0.30517578125,-0.2685546875,0.13427734375,-0.68359375,-0.62255859375,-0.40283203125,-0.29296875,0.54931640625,0.23193359375,1.18408203125,-0.13427734375,0.0244140625,-0.13427734375,-0.23193359375,0.47607421875,0.7568359375,-0.09765625,0.732421875,0.20751953125,0.57373046875,-0.0244140625,0.634765625,0.06103515625,0.20751953125,0.048828125,0.59814453125,-0.01220703125,1.123046875,-0.59814453125,0.08544921875,-0.01220703125,0.32958984375,-0.4150390625,5.419921875,0.1953125,7.470703125,0.1708984375,4.3212890625,0.244140625,6.298828125,-0.09765625,-0.45166015625,0.048828125,2.62451171875,-0.1708984375,-0.62255859375,-0.06103515625,-0.3173828125,-0.146484375,-1.55029296875,-0.06103515625,-0.341796875,0.4150390625,-0.4150390625,0,-1.5869140625,-0.06103515625,-0.7080078125,-0.1953125,-0.68359375,0.01220703125,-0.67138671875,0.0244140625,-0.06103515625,0.048828125,-0.76904296875,0.08544921875,-1.47705078125,0.01220703125,-1.07421875,-0.15869140625,0.25634765625,-0.0244140625,0.29296875,-0.09765625,-0.01220703125,-0.06103515625,-0.048828125,0.06103515625,0.13427734375,-0.06103515625,0.20751953125,-0.09765625,0.830078125,0.03662109375,0.93994140625,-0.09765625,-0.35400390625
0,-0.08544921875,6.3720703125,0.09765625,2.72216796875,-0.09765625,2.2705078125,-0.10986328125,2.880859375,0.10986328125,-0.09765625,-0.1220703125,-0.93994140625,-0.35400390625,1.0009765625,-0.2685546875,-0.18310546875,-0.08544921875,-0.5859375,0.20751953125,-0.23193359375,0.048828125,0.86669921875,0.08544921875,-0.59814453125,0,-0.1953125,-0.1953125,-0.830078125,0.08544921875,0.830078125,0.01220703125,-0.0732421875,-0.1708984375,0.91552734375,-0.15869140625,0.29296875,-0.15869140625,1.40380859375,0.0244140625,0.5615234375,-0.3662109375,-0.2685546875,0.13427734375,-0.69580078125,-0.634765625,-0.4150390625,-0.20751953125,0.57373046875,0.25634765625,1.13525390625,-0.2197265625,-0.048828125,-0.13427734375,-0.2685546875,0.37841796875,0.7080078125,-0.09765625,0.74462890625,0.23193359375,0.6591796875,-0.03662109375,0.68359375,0.146484375,0.1953125,0.048828125,0.59814453125,-0.08544921875,1.0986328125,-0.59814453125,0.09765625,-0.09765625,0.30517578125,-0.32958984375,6.396484375,0.3173828125,8.63037109375,0.1953125,5.09033203125,0.2197265625,7.2021484375,-0.0732421875,-0.20751953125,0.1708984375,3.64990234375,-0.30517578125,-0.4638671875,0.01220703125,-0.10986328125,-0.1220703125,-1.55029296875,-0.01220703125,-0.32958984375,0.32958984375,-0.42724609375,0.03662109375,-1.57470703125,-0.0732421875,-0.7080078125,-0.20751953125,-0.68359375,0.048828125,-0.6591796875,0.10986328125,-0.0732421875,-0.0244140625,-0.76904296875,0.048828125,-1.46484375,-0.048828125,-1.08642578125,-0.10986328125,0.25634765625,0,0.28076171875,-0.06103515625,-0.01220703125,-0.06103515625,-0.01220703125,0.03662109375,0.13427734375,-0.048828125,0.37841796875,-0.08544921875,0.9521484375,0.08544921875,1.42822265625,-0.0732421875,-0.15869140625
0,-0.09765625,5.99365234375,0.15869140625,2.57568359375,-0.06103515625,2.11181640625,-0.10986328125,2.72216796875,0.1220703125,-0.08544921875,-0.09765625,-0.93994140625,-0.3662109375,1.0009765625,-0.29296875,-0.18310546875,-0.0732421875,-0.5859375,0.18310546875,-0.23193359375,0.08544921875,0.86669921875,0.08544921875,-0.59814453125,-0.0244140625,-0.1953125,-0.1708984375,-0.8056640625,-0.0244140625,0.81787109375,0.0244140625,-0.0732421875,-0.20751953125,1.5869140625,-0.18310546875,0.84228515625,-0.18310546875,2.18505859375,-0.0244140625,1.1962890625,-0.45166015625,-0.25634765625,0.1708984375,-0.72021484375,-0.57373046875,-0.390625,-0.1953125,0.5859375,0.244140625,1.1474609375,-0.2197265625,-0.06103515625,-0.15869140625,-0.30517578125,0.29296875,0.72021484375,-0.1953125,0.7568359375,0.3173828125,0.72021484375,-0.09765625,0.67138671875,0.18310546875,0.18310546875,0.13427734375,0.6103515625,-0.13427734375,1.0986328125,-0.5859375,0.08544921875,-0.18310546875,0.28076171875,-0.30517578125,7.1533203125,0.1708984375,9.60693359375,0.244140625,5.72509765625,0.13427734375,7.8857421875,-0.0732421875,0,0.18310546875,4.60205078125,-0.439453125,-0.32958984375,0.01220703125,0.0732421875,-0.10986328125,-1.5625,0.01220703125,-0.3173828125,0.18310546875,-0.45166015625,0.03662109375,-1.57470703125,-0.08544921875,-0.69580078125,-0.18310546875,-0.67138671875,0.08544921875,-0.64697265625,0.146484375,-0.06103515625,-0.1220703125,-0.7568359375,0.03662109375,-1.45263671875,-0.10986328125,-1.07421875,-0.0732421875,0.244140625,-0.0244140625,0.29296875,-0.048828125,0,-0.06103515625,-0.0244140625,0.048828125,0.146484375,-0.01220703125,0.5859375,-0.08544921875,1.13525390625,0.10986328125,1.94091796875,-0.0244140625,0.048828125
0,-0.08544921875,5.40771484375,0.18310546875,2.33154296875,-0.03662109375,1.86767578125,-0.09765625,2.47802734375,0.146484375,-0.09765625,-0.0732421875,-0.927734375,-0.3662109375,1.01318359375,-0.2685546875,-0.18310546875,-0.0244140625,-0.59814453125,0.146484375,-0.244140625,0.06103515625,0.86669921875,0.06103515625,-0.5859375,-0.03662109375,-0.18310546875,-0.1220703125,-0.8056640625,-0.13427734375,0.8056640625,0.0244140625,-0.06103515625,-0.18310546875,2.34375,-0.2197265625,1.46484375,-0.0732421875,3.1005859375,-0.0244140625,1.89208984375,-0.45166015625,-0.25634765625,0.1953125,-0.7568359375,-0.50048828125,-0.40283203125,-0.1708984375,0.57373046875,0.18310546875,1.1474609375,-0.2197265625,-0.0244140625,-0.1708984375,-0.28076171875,0.18310546875,0.732421875,-0.23193359375,0.76904296875,0.3173828125,0.732421875,-0.08544921875,0.67138671875,0.20751953125,0.1953125,0.1708984375,0.62255859375,-0.0732421875,1.0986328125,-0.35400390625,0.09765625,-0.18310546875,0.28076171875,-0.23193359375,7.62939453125,0.15869140625,10.26611328125,0.32958984375,6.11572265625,0.06103515625,8.31298828125,-0.03662109375,0.18310546875,0.2197265625,5.3955078125,-0.537109375,-0.2197265625,0,0.20751953125,-0.09765625,-1.57470703125,0.0732421875,-0.3173828125,0.06103515625,-0.439453125,0.01220703125,-1.5625,-0.048828125,-0.732421875,-0.1953125,-0.6591796875,0.0244140625,-0.67138671875,0.18310546875,-0.0732421875,-0.146484375,-0.7568359375,0,-1.45263671875,-0.15869140625,-1.0498046875,-0.0732421875,0.244140625,-0.01220703125,0.29296875,-0.0244140625,-0.01220703125,-0.06103515625,-0.01220703125,0.048828125,0.146484375,0,0.79345703125,-0.0732421875,1.28173828125,0.0244140625,2.40478515625,-0.0244140625,0.25634765625
0,-0.08544921875,4.7119140625,0.1953125,2.0263671875,-0.03662109375,1.57470703125,-0.10986328125,2.197265625,0.146484375,-0.0732421875,-0.0732421875,-0.93994140625,-0.32958984375,1.0009765625,-0.2685546875,-0.1708984375,0.0244140625,-0.59814453125,0.08544921875,-0.244140625,0,0.87890625,0.06103515625,-0.6103515625,-0.048828125,-0.18310546875,-0.09765625,-0.81787109375,-0.18310546875,0.81787109375,-0.01220703125,-0.0732421875,-0.23193359375,3.125,-0.28076171875,2.099609375,0.01220703125,4.04052734375,-0.0244140625,2.6123046875,-0.45166015625,-0.244140625,0.23193359375,-0.7568359375,-0.45166015625,-0.40283203125,-0.146484375,0.57373046875,0.09765625,1.1474609375,-0.2197265625,0.0732421875,-0.25634765625,-0.2197265625,0.0244140625,0.74462890625,-0.29296875,0.78125,0.35400390625,0.732421875,-0.09765625,0.67138671875,0.244140625,0.18310546875,0.1220703125,0.5859375,-0.13427734375,1.0986328125,-0.390625,0.1220703125,-0.35400390625,0.244140625,-0.29296875,7.80029296875,0.2197265625,10.5712890625,0.35400390625,6.26220703125,-0.0732421875,8.447265625,-0.0732421875,0.28076171875,0.29296875,6.005859375,-0.62255859375,-0.10986328125,-0.01220703125,0.3173828125,-0.09765625,-1.5625,0.08544921875,-0.30517578125,0,-0.42724609375,0.0244140625,-1.5869140625,-0.0244140625,-0.732421875,-0.146484375,-0.64697265625,-0.03662109375,-0.67138671875,0.18310546875,-0.048828125,-0.15869140625,-0.74462890625,-0.06103515625,-1.46484375,-0.15869140625,-1.0498046875,-0.0732421875,0.244140625,-0.01220703125,0.30517578125,0.0244140625,0.01220703125,-0.06103515625,-0.0244140625,0.048828125,0.146484375,0.0244140625,0.93994140625,-0.08544921875,1.416015625,0.0244140625,2.783203125,0,0.4150390625
0,-0.048828125,3.94287109375,0.1708984375,1.66015625,-0.0244140625,1.2939453125,-0.10986328125,1.85546875,0.15869140625,-0.08544921875,-0.06103515625,-0.9521484375,-0.35400390625,1.01318359375,-0.244140625,-0.18310546875,0.06103515625,-0.5859375,0.03662109375,-0.25634765625,-0.10986328125,0.8544921875,0,-0.59814453125,-0.03662109375,-0.15869140625,-0.048828125,-0.830078125,-0.20751953125,0.79345703125,-0.048828125,-0.08544921875,-0.20751953125,3.8330078125,-0.3173828125,2.69775390625,0.0732421875,4.931640625,0.06103515625,3.271484375,-0.390625,-0.244140625,0.2685546875,-0.732421875,-0.390625,-0.42724609375,-0.20751953125,0.59814453125,0.03662109375,1.1474609375,-0.18310546875,0.20751953125,-0.23193359375,-0.18310546875,-0.06103515625,0.7568359375,-0.3173828125,0.79345703125,0.35400390625,0.67138671875,-0.146484375,0.64697265625,0.3173828125,0.2197265625,0.09765625,0.5615234375,-0.06103515625,1.0986328125,-0.29296875,0.13427734375,-0.35400390625,0.25634765625,-0.3173828125,7.666015625,0.3173828125,10.51025390625,0.37841796875,6.16455078125,-0.146484375,8.31298828125,-0.06103515625,0.341796875,0.341796875,6.3720703125,-0.5859375,-0.06103515625,-0.03662109375,0.390625,-0.09765625,-1.57470703125,0.08544921875,-0.3173828125,-0.08544921875,-0.390625,0.01220703125,-1.57470703125,-0.01220703125,-0.72021484375,-0.1220703125,-0.64697265625,-0.048828125,-0.67138671875,0.20751953125,-0.03662109375,-0.13427734375,-0.7568359375,-0.0732421875,-1.47705078125,-0.15869140625,-1.0498046875,-0.048828125,0.23193359375,-0.0244140625,0.30517578125,0.0244140625,0.01220703125,-0.06103515625,-0.0244140625,0.048828125,0.13427734375,0.03662109375,1.08642578125,-0.09765625,1.50146484375,0.0244140625,3.06396484375,0.0244140625,0.54931640625
0,-0.0244140625,3.1982421875,0.15869140625,1.30615234375,-0.03662109375,0.9765625,-0.08544921875,1.50146484375,0.15869140625,-0.09765625,-0.0732421875,-0.927734375,-0.35400390625,1.03759765625,-0.244140625,-0.18310546875,0.0732421875,-0.5859375,0,-0.25634765625,-0.23193359375,0.87890625,-0.10986328125,-0.5859375,-0.01220703125,-0.1708984375,-0.048828125,-0.84228515625,-0.20751953125,0.8056640625,-0.08544921875,-0.048828125,-0.18310546875,4.39453125,-0.341796875,3.18603515625,0.18310546875,5.72509765625,0.09765625,3.84521484375,-0.25634765625,-0.244140625,0.2685546875,-0.732421875,-0.341796875,-0.42724609375,-0.1953125,0.5859375,-0.048828125,1.13525390625,-0.13427734375,0.32958984375,-0.244140625,-0.09765625,-0.146484375,0.7568359375,-0.30517578125,0.79345703125,0.40283203125,0.59814453125,-0.1708984375,0.64697265625,0.35400390625,0.23193359375,0.048828125,0.5615234375,-0.0732421875,1.11083984375,-0.2685546875,0.15869140625,-0.35400390625,0.25634765625,-0.3662109375,7.2998046875,0.28076171875,10.1318359375,0.32958984375,5.89599609375,-0.244140625,7.958984375,-0.09765625,0.37841796875,0.3662109375,6.494140625,-0.537109375,-0.06103515625,-0.06103515625,0.40283203125,-0.13427734375,-1.59912109375,0.0244140625,-0.30517578125,-0.146484375,-0.35400390625,0.06103515625,-1.57470703125,-0.0244140625,-0.7568359375,-0.08544921875,-0.64697265625,-0.06103515625,-0.68359375,0.146484375,-0.048828125,-0.10986328125,-0.7568359375,-0.146484375,-1.47705078125,-0.10986328125,-1.025390625,-0.08544921875,0.244140625,0.0244140625,0.3173828125,0.06103515625,0,-0.06103515625,-0.048828125,0.06103515625,0.146484375,0.03662109375,1.1474609375,-0.08544921875,1.5625,0.08544921875,3.21044921875,0.03662109375,0.634765625
1,-0.01220703125,2.490234375,0.1953125,0.9521484375,-0.03662109375,0.7080078125,-0.06103515625,1.15966796875,0.18310546875,-0.08544921875,-0.048828125,-0.93994140625,-0.37841796875,1.0498046875,-0.244140625,-0.18310546875,0.06103515625,-0.5859375,-0.03662109375,-0.23193359375,-0.3662109375,0.87890625,-0.15869140625,-0.5859375,0,-0.15869140625,-0.0732421875,-0.86669921875,-0.1953125,0.8056640625,-0.10986328125,-0.048828125,-0.15869140625,4.82177734375,-0.341796875,3.52783203125,0.244140625,6.35986328125,0.13427734375,4.19921875,-0.15869140625,-0.23193359375,0.30517578125,-0.69580078125,-0.28076171875,-0.45166015625,-0.23193359375,0.59814453125,-0.09765625,1.11083984375,-0.1220703125,0.4150390625,-0.244140625,-0.0732421875,-0.25634765625,0.7568359375,-0.30517578125,0.78125,0.45166015625,0.5126953125,-0.2685546875,0.64697265625,0.390625,0.244140625,0,0.54931640625,-0.10986328125,1.123046875,-0.25634765625,0.1708984375,-0.341796875,0.29296875,-0.42724609375,6.77490234375,0.1708984375,9.5458984375,0.25634765625,5.46875,-0.244140625,7.470703125,-0.10986328125,0.32958984375,0.37841796875,6.3720703125,-0.4638671875,-0.09765625,-0.03662109375,0.3662109375,-0.15869140625,-1.57470703125,0,-0.3173828125,-0.1953125,-0.32958984375,0.09765625,-1.57470703125,-0.03662109375,-0.7568359375,-0.0732421875,-0.6591796875,-0.06103515625,-0.68359375,0.0732421875,-0.048828125,-0.10986328125,-0.74462890625,-0.1953125,-1.47705078125,-0.0732421875,-1.03759765625,-0.09765625,0.23193359375,0.03662109375,0.3173828125,0.06103515625,-0.0244140625,-0.06103515625,-0.03662109375,0.048828125,0.1220703125,0.0244140625,1.1474609375,-0.0732421875,1.55029296875,0.01220703125,3.22265625,0.048828125,0.6591796875
1,0,1.86767578125,0.146484375,0.64697265625,-0.0732421875,0.47607421875,-0.03662109375,0.8544921875,0.15869140625,-0.06103515625,-0.08544921875,-0.9521484375,-0.3662109375,1.08642578125,-0.29296875,-0.23193359375,0.01220703125,-0.5859375,-0.0244140625,-0.23193359375,-0.45166015625,0.89111328125,-0.23193359375,-0.5859375,-0.03662109375,-0.1220703125,-0.048828125,-0.86669921875,-0.1953125,0.830078125,-0.10986328125,-0.048828125,-0.08544921875,5.01708984375,-0.23193359375,3.74755859375,0.37841796875,6.787109375,0.2197265625,4.4189453125,0,-0.23193359375,0.3662109375,-0.69580078125,-0.28076171875,-0.47607421875,-0.29296875,0.5859375,-0.1708984375,1.08642578125,-0.08544921875,0.439453125,-0.15869140625,-0.06103515625,-0.29296875,0.74462890625,-0.29296875,0.79345703125,0.4638671875,0.45166015625,-0.28076171875,0.67138671875,0.390625,0.23193359375,-0.03662109375,0.57373046875,-0.146484375,1.1474609375,-0.3173828125,0.20751953125,-0.29296875,0.341796875,-0.42724609375,6.1767578125,0.146484375,8.837890625,0.1708984375,4.98046875,-0.2685546875,6.9091796875,-0.1220703125,0.23193359375,0.32958984375,6.005859375,-0.35400390625,-0.15869140625,-0.06103515625,0.28076171875,-0.18310546875,-1.5869140625,-0.0732421875,-0.3173828125,-0.25634765625,-0.30517578125,0.13427734375,-1.5625,-0.06103515625,-0.74462890625,-0.0732421875,-0.67138671875,-0.03662109375,-0.68359375,0,-0.03662109375,-0.15869140625,-0.74462890625,-0.23193359375,-1.47705078125,-0.048828125,-1.0498046875,-0.1220703125,0.25634765625,0.048828125,0.3173828125,0.0732421875,-0.01220703125,-0.0732421875,-0.03662109375,0.048828125,0.1220703125,0.03662109375,1.11083984375,-0.0732421875,1.52587890625,-0.048828125,3.076171875,0.03662109375,0.6103515625
1,0.06103515625,1.37939453125,0.15869140625,0.40283203125,-0.08544921875,0.25634765625,-0.01220703125,0.6103515625,0.15869140625,-0.06103515625,-0.09765625,-0.93994140625,-0.3662109375,1.0986328125,-0.28076171875,-0.23193359375,-0.03662109375,-0.6103515625,-0.03662109375,-0.20751953125,-0.47607421875,0.9033203125,-0.20751953125,-0.57373046875,0,-0.1220703125,-0.06103515625,-0.84228515625,-0.20751953125,0.81787109375,-0.09765625,-0.048828125,-0.0244140625,5.06591796875,-0.1953125,3.82080078125,0.439453125,6.97021484375,0.29296875,4.4189453125,0.10986328125,-0.2197265625,0.45166015625,-0.6591796875,-0.35400390625,-0.4638671875,-0.37841796875,0.59814453125,-0.15869140625,1.06201171875,-0.0732421875,0.42724609375,-0.146484375,-0.0732421875,-0.3662109375,0.72021484375,-0.25634765625,0.78125,0.390625,0.439453125,-0.32958984375,0.72021484375,0.45166015625,0.2197265625,-0.01220703125,0.59814453125,-0.06103515625,1.171875,-0.390625,0.244140625,-0.2685546875,0.40283203125,-0.3662109375,5.60302734375,0.1708984375,8.10546875,0.08544921875,4.5166015625,-0.20751953125,6.38427734375,-0.10986328125,0.09765625,0.23193359375,5.48095703125,-0.2685546875,-0.25634765625,-0.09765625,0.146484375,-0.1953125,-1.5869140625,-0.13427734375,-0.30517578125,-0.3173828125,-0.30517578125,0.13427734375,-1.57470703125,-0.06103515625,-0.732421875,-0.09765625,-0.67138671875,-0.0244140625,-0.7080078125,-0.03662109375,-0.048828125,-0.1953125,-0.732421875,-0.29296875,-1.4892578125,-0.06103515625,-1.025390625,-0.146484375,0.25634765625,0.09765625,0.30517578125,0.10986328125,-0.0244140625,-0.06103515625,-0.0244140625,0.03662109375,0.1220703125,0.03662109375,1.0009765625,-0.09765625,1.45263671875,-0.09765625,2.8076171875,0.048828125,0.50048828125
1,0.0732421875,0.9521484375,0.1220703125,0.1953125,-0.08544921875,0.146484375,-0.0244140625,0.42724609375,0.146484375,-0.0732421875,-0.10986328125,-0.93994140625,-0.390625,1.07421875,-0.28076171875,-0.244140625,-0.13427734375,-0.59814453125,-0.03662109375,-0.2197265625,-0.45166015625,0.89111328125,-0.13427734375,-0.5859375,0.048828125,-0.1220703125,-0.03662109375,-0.84228515625,-0.23193359375,0.830078125,-0.0732421875,-0.048828125,-0.03662109375,4.9072265625,-0.1220703125,3.72314453125,0.3173828125,6.982421875,0.3173828125,4.33349609375,0.18310546875,-0.1953125,0.5126953125,-0.67138671875,-0.40283203125,-0.4638671875,-0.42724609375,0.59814453125,-0.0732421875,1.03759765625,-0.06103515625,0.37841796875,-0.1220703125,-0.08544921875,-0.4150390625,0.7080078125,-0.23193359375,0.78125,0.35400390625,0.439453125,-0.4150390625,0.76904296875,0.5126953125,0.23193359375,0.01220703125,0.69580078125,-0.03662109375,1.2451171875,-0.390625,0.32958984375,-0.18310546875,0.48828125,-0.29296875,5.18798828125,0.1220703125,7.58056640625,0,4.150390625,-0.146484375,6.005859375,-0.06103515625,-0.06103515625,0.13427734375,4.77294921875,-0.2197265625,-0.3662109375,-0.09765625,0.01220703125,-0.20751953125,-1.57470703125,-0.18310546875,-0.29296875,-0.32958984375,-0.30517578125,0.10986328125,-1.55029296875,-0.06103515625,-0.732421875,-0.10986328125,-0.67138671875,-0.048828125,-0.69580078125,-0.06103515625,-0.048828125,-0.244140625,-0.732421875,-0.30517578125,-1.50146484375,-0.08544921875,-1.06201171875,-0.146484375,0.23193359375,0.09765625,0.30517578125,0.09765625,-0.0244140625,-0.06103515625,-0.03662109375,0.0244140625,0.1220703125,0,0.87890625,-0.10986328125,1.35498046875,-0.10986328125,2.47802734375,0.048828125,0.40283203125
1,0.08544921875,0.5859375,0.10986328125,0.03662109375,-0.10986328125,0,-0.01220703125,0.29296875,0.13427734375,-0.08544921875,-0.09765625,-0.93994140625,-0.390625,1.06201171875,-0.244140625,-0.23193359375,-0.18310546875,-0.59814453125,-0.03662109375,-0.1708984375,-0.40283203125,0.9033203125,-0.0732421875,-0.5859375,0.09765625,-0.1220703125,-0.03662109375,-0.830078125,-0.28076171875,0.84228515625,-0.0732421875,-0.06103515625,-0.048828125,4.6875,-0.0244140625,3.55224609375,0.20751953125,6.787109375,0.3662109375,4.1015625,0.18310546875,-0.20751953125,0.537109375,-0.68359375,-0.439453125,-0.45166015625,-0.4150390625,0.5859375,-0.03662109375,1.06201171875,-0.06103515625,0.341796875,-0.15869140625,-0.13427734375,-0.42724609375,0.7080078125,-0.09765625,0.76904296875,0.28076171875,0.4638671875,-0.40283203125,0.8544921875,0.54931640625,0.2197265625,0.0244140625,0.78125,0.01220703125,1.318359375,-0.4638671875,0.4150390625,-0.15869140625,0.54931640625,-0.18310546875,4.87060546875,0.1708984375,7.18994140625,-0.03662109375,3.89404296875,-0.08544921875,5.712890625,-0.06103515625,-0.244140625,0.03662109375,3.96728515625,-0.1953125,-0.52490234375,-0.08544921875,-0.1708984375,-0.18310546875,-1.59912109375,-0.2197265625,-0.30517578125,-0.35400390625,-0.30517578125,0.01220703125,-1.5380859375,-0.06103515625,-0.732421875,-0.13427734375,-0.67138671875,-0.06103515625,-0.7080078125,-0.0732421875,-0.0244140625,-0.2685546875,-0.74462890625,-0.3173828125,-1.4892578125,-0.09765625,-1.07421875,-0.15869140625,0.23193359375,0.10986328125,0.30517578125,0.08544921875,-0.01220703125,-0.06103515625,-0.0244140625,0.01220703125,0.13427734375,0,0.76904296875,-0.09765625,1.25732421875,-0.09765625,2.13623046875,0.0244140625,0.2685546875
1,0.10986328125,0.30517578125,0.13427734375,-0.08544921875,-0.06103515625,-0.10986328125,-0.03662109375,0.20751953125,0.10986328125,-0.08544921875,-0.09765625,-0.93994140625,-0.37841796875,1.025390625,-0.2197265625,-0.1953125,-0.2197265625,-0.6103515625,-0.06103515625,-0.18310546875,-0.28076171875,0.89111328125,0.0244140625,-0.5859375,0.146484375,-0.13427734375,-0.0244140625,-0.830078125,-0.35400390625,0.8544921875,-0.0732421875,-0.048828125,-0.08544921875,4.39453125,0.048828125,3.30810546875,0.08544921875,6.494140625,0.3662109375,3.857421875,0.13427734375,-0.1708984375,0.50048828125,-0.67138671875,-0.4638671875,-0.439453125,-0.341796875,0.59814453125,0.08544921875,1.07421875,-0.048828125,0.30517578125,-0.1220703125,-0.146484375,-0.439453125,0.72021484375,-0.03662109375,0.78125,0.28076171875,0.5126953125,-0.50048828125,0.89111328125,0.537109375,0.20751953125,-0.01220703125,0.927734375,0.0732421875,1.3916015625,-0.50048828125,0.47607421875,-0.13427734375,0.6591796875,-0.10986328125,4.72412109375,0.09765625,7.04345703125,-0.08544921875,3.74755859375,-0.03662109375,5.57861328125,-0.01220703125,-0.4150390625,-0.03662109375,3.11279296875,-0.146484375,-0.6591796875,-0.08544921875,-0.32958984375,-0.10986328125,-1.5869140625,-0.18310546875,-0.2685546875,-0.32958984375,-0.341796875,-0.048828125,-1.52587890625,-0.01220703125,-0.7080078125,-0.13427734375,-0.69580078125,-0.08544921875,-0.68359375,-0.06103515625,-0.03662109375,-0.28076171875,-0.74462890625,-0.37841796875,-1.4892578125,-0.0732421875,-1.08642578125,-0.1220703125,0.23193359375,0.146484375,0.3173828125,0.10986328125,-0.0244140625,-0.048828125,-0.0244140625,0,0.13427734375,-0.01220703125,0.6591796875,-0.1220703125,1.15966796875,-0.01220703125,1.8310546875,0.048828125,0.18310546875
1,0.1220703125,0.048828125,0.13427734375,-0.18310546875,-0.09765625,-0.2197265625,-0.048828125,0.1220703125,0.09765625,-0.10986328125,-0.10986328125,-0.93994140625,-0.390625,0.98876953125,-0.244140625,-0.146484375,-0.2197265625,-0.62255859375,-0.0732421875,-0.18310546875,-0.10986328125,0.89111328125,0.03662109375,-0.59814453125,0.15869140625,-0.146484375,-0.048828125,-0.8056640625,-0.439453125,0.8544921875,-0.0732421875,-0.08544921875,-0.09765625,4.13818359375,0.146484375,3.0517578125,0,6.11572265625,0.35400390625,3.62548828125,0.0244140625,-0.18310546875,0.4150390625,-0.69580078125,-0.50048828125,-0.45166015625,-0.28076171875,0.57373046875,0.15869140625,1.123046875,0.09765625,0.3173828125,-0.10986328125,-0.15869140625,-0.42724609375,0.74462890625,-0.01220703125,0.78125,0.29296875,0.57373046875,-0.48828125,0.9765625,0.5126953125,0.1953125,-0.0732421875,1.01318359375,0.1220703125,1.45263671875,-0.439453125,0.537109375,-0.13427734375,0.69580078125,-0.0732421875,4.74853515625,-0.03662109375,7.06787109375,-0.10986328125,3.7353515625,-0.01220703125,5.5908203125,0.06103515625,-0.634765625,-0.09765625,2.23388671875,-0.06103515625,-0.830078125,-0.048828125,-0.47607421875,-0.08544921875,-1.57470703125,-0.09765625,-0.25634765625,-0.23193359375,-0.37841796875,-0.06103515625,-1.5380859375,-0.03662109375,-0.67138671875,-0.10986328125,-0.69580078125,-0.08544921875,-0.64697265625,-0.048828125,-0.048828125,-0.244140625,-0.732421875,-0.4150390625,-1.52587890625,-0.09765625,-1.07421875,-0.08544921875,0.244140625,0.146484375,0.3173828125,0.10986328125,-0.01220703125,-0.06103515625,-0.03662109375,0.01220703125,0.146484375,-0.03662109375,0.59814453125,-0.1220703125,1.08642578125,-0.03662109375,1.64794921875,0.0732421875,0.10986328125
1,0.1220703125,-0.18310546875,0.1220703125,-0.2685546875,-0.09765625,-0.341796875,-0.0732421875,0.048828125,0.09765625,-0.09765625,-0.0732421875,-0.93994140625,-0.341796875,1.01318359375,-0.25634765625,-0.13427734375,-0.1953125,-0.6103515625,-0.10986328125,-0.20751953125,0.0244140625,0.89111328125,0.03662109375,-0.5859375,0.20751953125,-0.146484375,-0.0732421875,-0.79345703125,-0.4638671875,0.84228515625,-0.0732421875,-0.06103515625,-0.10986328125,3.86962890625,0.244140625,2.79541015625,0.01220703125,5.74951171875,0.28076171875,3.3935546875,-0.0732421875,-0.1953125,0.3173828125,-0.69580078125,-0.5126953125,-0.47607421875,-0.2197265625,0.57373046875,0.28076171875,1.1962890625,0.03662109375,0.341796875,-0.03662109375,-0.1220703125,-0.30517578125,0.79345703125,0,0.78125,0.1953125,0.634765625,-0.48828125,1.025390625,0.47607421875,0.2197265625,-0.06103515625,1.11083984375,0.18310546875,1.50146484375,-0.4150390625,0.57373046875,-0.10986328125,0.7080078125,-0.048828125,4.833984375,-0.10986328125,7.2265625,-0.0732421875,3.79638671875,0.01220703125,5.6884765625,0.1220703125,-0.830078125,-0.146484375,1.40380859375,0.0244140625,-0.9765625,0,-0.6591796875,-0.06103515625,-1.57470703125,-0.0244140625,-0.2685546875,-0.1953125,-0.390625,-0.1220703125,-1.52587890625,-0.0732421875,-0.69580078125,-0.09765625,-0.69580078125,-0.0732421875,-0.67138671875,-0.03662109375,-0.03662109375,-0.18310546875,-0.74462890625,-0.45166015625,-1.52587890625,-0.13427734375,-1.06201171875,-0.048828125,0.244140625,0.1708984375,0.32958984375,0.10986328125,0,-0.06103515625,-0.06103515625,-0.0244140625,0.15869140625,-0.06103515625,0.5615234375,-0.146484375,1.01318359375,-0.048828125,1.5625,0.10986328125,0.06103515625
1,0.146484375,-0.4150390625,0.146484375,-0.37841796875,-0.0732421875,-0.439453125,-0.0732421875,-0.03662109375,0.09765625,-0.10986328125,-0.0732421875,-0.9521484375,-0.35400390625,0.98876953125,-0.29296875,-0.1220703125,-0.1708984375,-0.59814453125,-0.13427734375,-0.2197265625,0.1708984375,0.89111328125,0.03662109375,-0.59814453125,0.20751953125,-0.15869140625,-0.10986328125,-0.8056640625,-0.4638671875,0.8544921875,-0.03662109375,-0.08544921875,-0.10986328125,3.67431640625,0.28076171875,2.60009765625,-0.03662109375,5.3955078125,0.244140625,3.22265625,-0.09765625,-0.1953125,0.244140625,-0.7080078125,-0.5126953125,-0.47607421875,-0.1708984375,0.5615234375,0.390625,1.23291015625,-0.08544921875,0.390625,0,-0.09765625,-0.2685546875,0.81787109375,-0.0244140625,0.79345703125,0.20751953125,0.6591796875,-0.439453125,1.0498046875,0.439453125,0.244140625,-0.10986328125,1.123046875,0.1953125,1.4892578125,-0.32958984375,0.52490234375,-0.10986328125,0.69580078125,-0.03662109375,4.96826171875,-0.18310546875,7.470703125,-0.0244140625,3.86962890625,-0.01220703125,5.79833984375,0.146484375,-1.0009765625,-0.146484375,0.634765625,0.10986328125,-1.07421875,0.0732421875,-0.79345703125,-0.048828125,-1.57470703125,0.0732421875,-0.28076171875,-0.13427734375,-0.42724609375,-0.13427734375,-1.513671875,-0.09765625,-0.7080078125,-0.0732421875,-0.68359375,-0.048828125,-0.6591796875,-0.03662109375,-0.048828125,-0.146484375,-0.74462890625,-0.48828125,-1.513671875,-0.1708984375,-1.06201171875,0,0.25634765625,0.15869140625,0.32958984375,0.1220703125,-0.0244140625,-0.06103515625,-0.0732421875,-0.01220703125,0.146484375,-0.08544921875,0.5615234375,-0.15869140625,0.9765625,-0.06103515625,1.5869140625,0.10986328125,0.0244140625
1,0.1708984375,-0.6591796875,0.13427734375,-0.48828125,-0.03662109375,-0.537109375,-0.0732421875,-0.15869140625,0.08544921875,-0.1220703125,-0.06103515625,-0.9521484375,-0.32958984375,0.98876953125,-0.2685546875,-0.1220703125,-0.10986328125,-0.5859375,-0.1220703125,-0.2197265625,0.23193359375,0.91552734375,0,-0.59814453125,0.244140625,-0.15869140625,-0.1708984375,-0.79345703125,-0.390625,0.84228515625,-0.0244140625,-0.0732421875,-0.15869140625,3.57666015625,0.37841796875,2.45361328125,-0.0732421875,5.09033203125,0.1708984375,3.13720703125,-0.09765625,-0.2197265625,0.15869140625,-0.732421875,-0.4638671875,-0.47607421875,-0.10986328125,0.52490234375,0.439453125,1.28173828125,0.06103515625,0.45166015625,0.0244140625,-0.0732421875,-0.1953125,0.86669921875,-0.048828125,0.79345703125,0.15869140625,0.6591796875,-0.40283203125,1.07421875,0.341796875,0.244140625,-0.146484375,1.07421875,0.2197265625,1.42822265625,-0.30517578125,0.48828125,-0.13427734375,0.634765625,0.01220703125,5.01708984375,-0.2197265625,7.5927734375,0.08544921875,3.91845703125,-0.0732421875,5.8837890625,0.15869140625,-1.15966796875,-0.13427734375,-0.03662109375,0.146484375,-1.13525390625,0.0732421875,-0.9033203125,0,-1.5625,0.146484375,-0.3173828125,-0.01220703125,-0.42724609375,-0.10986328125,-1.52587890625,-0.18310546875,-0.732421875,-0.0244140625,-0.68359375,-0.03662109375,-0.67138671875,-0.0244140625,-0.0732421875,-0.1220703125,-0.74462890625,-0.52490234375,-1.50146484375,-0.2197265625,-1.06201171875,0.03662109375,0.25634765625,0.18310546875,0.32958984375,0.146484375,-0.01220703125,-0.048828125,-0.09765625,0.01220703125,0.15869140625,-0.08544921875,0.59814453125,-0.146484375,0.96435546875,-0.08544921875,1.708984375,0.10986328125,0.048828125
1,0.2197265625,-0.86669921875,0.15869140625,-0.5859375,-0.0244140625,-0.634765625,-0.03662109375,-0.28076171875,0.08544921875,-0.09765625,-0.06103515625,-0.93994140625,-0.29296875,1.025390625,-0.23193359375,-0.1220703125,-0.0732421875,-0.57373046875,-0.08544921875,-0.2197265625,0.2685546875,0.89111328125,0.0244140625,-0.59814453125,0.28076171875,-0.146484375,-0.25634765625,-0.79345703125,-0.28076171875,0.830078125,0.0244140625,-0.06103515625,-0.2685546875,3.52783203125,0.45166015625,2.38037109375,-0.1220703125,4.89501953125,0.1220703125,3.076171875,-0.08544921875,-0.244140625,0.1220703125,-0.69580078125,-0.439453125,-0.50048828125,-0.08544921875,0.537109375,0.42724609375,1.30615234375,0,0.48828125,0.048828125,-0.06103515625,-0.13427734375,0.89111328125,-0.0732421875,0.8056640625,0.1953125,0.634765625,-0.3173828125,1.07421875,0.3173828125,0.2685546875,-0.146484375,0.9765625,0.3173828125,1.35498046875,-0.18310546875,0.42724609375,-0.146484375,0.537109375,0,4.9560546875,-0.1953125,7.5439453125,0.15869140625,3.84521484375,-0.146484375,5.82275390625,0.09765625,-1.26953125,-0.09765625,-0.5615234375,0.23193359375,-1.1962890625,0,-0.9765625,0.01220703125,-1.55029296875,0.1953125,-0.30517578125,0.048828125,-0.4150390625,-0.09765625,-1.52587890625,-0.18310546875,-0.7568359375,0,-0.68359375,-0.048828125,-0.64697265625,0.0244140625,-0.0732421875,-0.146484375,-0.74462890625,-0.48828125,-1.50146484375,-0.244140625,-1.0498046875,0.0732421875,0.2685546875,0.1708984375,0.3173828125,0.13427734375,-0.0244140625,-0.06103515625,-0.0732421875,0.03662109375,0.13427734375,-0.09765625,0.59814453125,-0.146484375,0.98876953125,-0.08544921875,1.85546875,0.10986328125,0.03662109375
1,0.244140625,-1.03759765625,0.1708984375,-0.6591796875,0,-0.7080078125,-0.0244140625,-0.35400390625,0.0732421875,-0.0732421875,-0.06103515625,-0.927734375,-0.25634765625,1.03759765625,-0.1953125,-0.10986328125,-0.03662109375,-0.5615234375,-0.0732421875,-0.2197265625,0.244140625,0.86669921875,0.048828125,-0.5859375,0.2685546875,-0.1220703125,-0.29296875,-0.8056640625,-0.13427734375,0.830078125,0.06103515625,-0.048828125,-0.32958984375,3.50341796875,0.52490234375,2.34375,-0.146484375,4.7607421875,0.0732421875,3.06396484375,-0.06103515625,-0.244140625,0.09765625,-0.72021484375,-0.35400390625,-0.48828125,-0.0244140625,0.52490234375,0.45166015625,1.2939453125,0,0.5126953125,0.09765625,-0.048828125,-0.08544921875,0.89111328125,-0.1708984375,0.8056640625,0.28076171875,0.59814453125,-0.42724609375,1.07421875,0.3173828125,0.2685546875,-0.146484375,0.81787109375,0.30517578125,1.220703125,-0.13427734375,0.3662109375,-0.13427734375,0.439453125,-0.06103515625,4.736328125,-0.06103515625,7.21435546875,0.18310546875,3.662109375,-0.25634765625,5.615234375,0.06103515625,-1.37939453125,-0.06103515625,-0.927734375,0.28076171875,-1.25732421875,-0.01220703125,-1.03759765625,0,-1.5625,0.244140625,-0.3173828125,0.13427734375,-0.42724609375,0,-1.55029296875,-0.18310546875,-0.76904296875,0.0244140625,-0.68359375,-0.09765625,-0.64697265625,0.0732421875,-0.03662109375,-0.1953125,-0.76904296875,-0.45166015625,-1.52587890625,-0.25634765625,-1.06201171875,0.1220703125,0.28076171875,0.18310546875,0.3173828125,0.13427734375,-0.0244140625,-0.048828125,-0.0732421875,0.06103515625,0.10986328125,-0.09765625,0.64697265625,-0.146484375,1.0009765625,-0.0732421875,1.96533203125,0.08544921875,0.048828125
1,0.29296875,-1.1474609375,0.1708984375,-0.67138671875,-0.03662109375,-0.7568359375,0.048828125,-0.40283203125,0.0732421875,-0.08544921875,-0.03662109375,-0.927734375,-0.23193359375,1.0498046875,-0.1953125,-0.13427734375,-0.01220703125,-0.5859375,-0.01220703125,-0.2197265625,0.20751953125,0.86669921875,0.08544921875,-0.59814453125,0.2685546875,-0.1220703125,-0.35400390625,-0.81787109375,0.01220703125,0.830078125,0.048828125,-0.06103515625,-0.40283203125,3.43017578125,0.59814453125,2.30712890625,-0.1708984375,4.67529296875,0.03662109375,3.03955078125,-0.03662109375,-0.25634765625,0.06103515625,-0.69580078125,-0.35400390625,-0.50048828125,-0.03662109375,0.52490234375,0.341796875,1.25732421875,0.01220703125,0.52490234375,0.09765625,-0.08544921875,-0.048828125,0.86669921875,-0.244140625,0.78125,0.341796875,0.54931640625,-0.32958984375,1.08642578125,0.2685546875,0.2685546875,-0.048828125,0.69580078125,0.29296875,1.13525390625,-0.1220703125,0.32958984375,-0.1220703125,0.341796875,-0.1220703125,4.3212890625,0,6.54296875,0.1953125,3.33251953125,-0.35400390625,5.26123046875,0.01220703125,-1.40380859375,-0.03662109375,-1.171875,0.28076171875,-1.2451171875,-0.03662109375,-1.06201171875,0.0244140625,-1.57470703125,0.244140625,-0.3173828125,0.244140625,-0.42724609375,0.048828125,-1.5625,-0.146484375,-0.7568359375,0.0244140625,-0.6591796875,-0.15869140625,-0.67138671875,0.10986328125,-0.0732421875,-0.23193359375,-0.732421875,-0.3662109375,-1.52587890625,-0.28076171875,-1.03759765625,0.1220703125,0.28076171875,0.18310546875,0.32958984375,0.13427734375,-0.01220703125,-0.0732421875,-0.08544921875,0.06103515625,0.10986328125,-0.09765625,0.6103515625,-0.13427734375,1.03759765625,-0.03662109375,1.953125,0.06103515625,0.048828125
1,0.30517578125,-1.15966796875,0.146484375,-0.67138671875,-0.0732421875,-0.76904296875,0.0732421875,-0.439453125,0.0732421875,-0.06103515625,-0.0244140625,-0.927734375,-0.2197265625,1.03759765625,-0.20751953125,-0.146484375,-0.048828125,-0.57373046875,0.0244140625,-0.1953125,0.20751953125,0.86669921875,0.0732421875,-0.59814453125,0.2197265625,-0.1220703125,-0.3662109375,-0.830078125,0.09765625,0.830078125,0,-0.048828125,-0.42724609375,3.35693359375,0.59814453125,2.24609375,-0.146484375,4.57763671875,0.048828125,2.96630859375,0.01220703125,-0.25634765625,0.08544921875,-0.67138671875,-0.29296875,-0.48828125,-0.10986328125,0.52490234375,0.30517578125,1.20849609375,0,0.54931640625,0.15869140625,-0.10986328125,0,0.81787109375,-0.28076171875,0.79345703125,0.28076171875,0.50048828125,-0.30517578125,1.11083984375,0.1953125,0.23193359375,-0.048828125,0.5859375,0.1953125,1.06201171875,-0.1708984375,0.37841796875,-0.09765625,0.2685546875,-0.18310546875,3.74755859375,0.1220703125,5.65185546875,0.1708984375,2.84423828125,-0.341796875,4.736328125,-0.03662109375,-1.42822265625,-0.048828125,-1.26953125,0.2685546875,-1.23291015625,-0.0732421875,-1.07421875,0.01220703125,-1.5625,0.20751953125,-0.341796875,0.29296875,-0.40283203125,0.1220703125,-1.55029296875,-0.09765625,-0.78125,0.01220703125,-0.67138671875,-0.1953125,-0.68359375,0.09765625,-0.06103515625,-0.25634765625,-0.74462890625,-0.3173828125,-1.513671875,-0.32958984375,-1.03759765625,0.08544921875,0.30517578125,0.20751953125,0.29296875,0.146484375,-0.01220703125,-0.06103515625,-0.06103515625,0.08544921875,0.1220703125,-0.08544921875,0.5615234375,-0.09765625,1.025390625,0.09765625,1.79443359375,0.06103515625,-0.0244140625
0,0.341796875,-1.08642578125,0.1708984375,-0.634765625,-0.08544921875,-0.7080078125,0.09765625,-0.40283203125,0.09765625,-0.0732421875,-0.048828125,-0.91552734375,-0.20751953125,1.07421875,-0.1953125,-0.1708984375,-0.0732421875,-0.59814453125,0.08544921875,-0.1953125,0.18310546875,0.84228515625,0.0244140625,-0.6103515625,0.146484375,-0.1220703125,-0.37841796875,-0.830078125,0.18310546875,0.84228515625,-0.0244140625,-0.048828125,-0.32958984375,3.21044921875,0.57373046875,2.13623046875,-0.08544921875,4.3701171875,0.13427734375,2.8076171875,0.0244140625,-0.244140625,0.0732421875,-0.6591796875,-0.29296875,-0.47607421875,-0.13427734375,0.5126953125,0.244140625,1.18408203125,0.0244140625,0.5859375,0.18310546875,-0.13427734375,0.03662109375,0.76904296875,-0.32958984375,0.7568359375,0.30517578125,0.47607421875,-0.1953125,1.1962890625,0.13427734375,0.20751953125,0,0.5859375,0.1220703125,1.07421875,-0.2197265625,0.50048828125,-0.06103515625,0.28076171875,-0.28076171875,3.02734375,0.20751953125,4.50439453125,0.15869140625,2.28271484375,-0.29296875,4.11376953125,-0.048828125,-1.3916015625,-0.0732421875,-1.25732421875,0.25634765625,-1.220703125,-0.0244140625,-1.06201171875,-0.03662109375,-1.57470703125,0.1953125,-0.35400390625,0.37841796875,-0.390625,0.20751953125,-1.5625,-0.06103515625,-0.78125,-0.0244140625,-0.6591796875,-0.25634765625,-0.6591796875,0.06103515625,-0.048828125,-0.2685546875,-0.76904296875,-0.2685546875,-1.4892578125,-0.35400390625,-1.0498046875,0.048828125,0.29296875,0.20751953125,0.29296875,0.1220703125,-0.01220703125,-0.0732421875,-0.03662109375,0.08544921875,0.1220703125,-0.10986328125,0.439453125,-0.09765625,1.0009765625,0.10986328125,1.46484375,0.03662109375,-0.10986328125
0,0.390625,-0.93994140625,0.146484375,-0.54931640625,-0.06103515625,-0.634765625,0.10986328125,-0.341796875,0.08544921875,-0.06103515625,-0.0244140625,-0.91552734375,-0.18310546875,1.0498046875,-0.15869140625,-0.20751953125,-0.1220703125,-0.5859375,0.13427734375,-0.18310546875,0.1220703125,0.86669921875,-0.0244140625,-0.59814453125,0.1220703125,-0.13427734375,-0.390625,-0.84228515625,0.20751953125,0.830078125,-0.03662109375,-0.048828125,-0.30517578125,2.94189453125,0.48828125,1.94091796875,-0.01220703125,4.052734375,0.20751953125,2.5146484375,0.0244140625,-0.23193359375,0.08544921875,-0.6591796875,-0.3173828125,-0.4638671875,-0.1953125,0.537109375,0.1708984375,1.171875,0.048828125,0.68359375,0.2197265625,-0.15869140625,0.1220703125,0.732421875,-0.30517578125,0.76904296875,0.2685546875,0.47607421875,-0.18310546875,1.318359375,0.06103515625,0.1953125,0.08544921875,0.7080078125,0.0732421875,1.1474609375,-0.40283203125,0.76904296875,-0.01220703125,0.4150390625,-0.341796875,2.33154296875,0.2685546875,3.28369140625,0.10986328125,1.6845703125,-0.18310546875,3.4423828125,-0.01220703125,-1.35498046875,-0.08544921875,-1.1962890625,0.23193359375,-1.15966796875,0.03662109375,-1.03759765625,-0.08544921875,-1.57470703125,0.18310546875,-0.341796875,0.4638671875,-0.40283203125,0.23193359375,-1.5869140625,-0.03662109375,-0.78125,-0.0244140625,-0.6591796875,-0.2685546875,-0.6591796875,0.0244140625,-0.03662109375,-0.28076171875,-0.7568359375,-0.1953125,-1.46484375,-0.390625,-1.0498046875,0.0244140625,0.28076171875,0.1953125,0.30517578125,0.1220703125,-0.0244140625,-0.06103515625,-0.01220703125,0.08544921875,0.146484375,-0.08544921875,0.28076171875,-0.08544921875,0.927734375,0.15869140625,0.98876953125,0.0244140625,-0.244140625
0,0.45166015625,-0.74462890625,0.146484375,-0.4638671875,-0.03662109375,-0.5126953125,0.09765625,-0.23193359375,0.0732421875,-0.0732421875,0,-0.91552734375,-0.1953125,1.03759765625,-0.10986328125,-0.18310546875,-0.15869140625,-0.59814453125,0.18310546875,-0.18310546875,0.03662109375,0.8544921875,-0.0732421875,-0.5859375,0.0732421875,-0.15869140625,-0.3662109375,-0.8056640625,0.2197265625,0.84228515625,-0.0244140625,-0.0732421875,-0.2197265625,2.5390625,0.40283203125,1.6357421875,0.10986328125,3.564453125,0.3173828125,2.1240234375,0,-0.2197265625,0.08544921875,-0.64697265625,-0.29296875,-0.45166015625,-0.2685546875,0.52490234375,0.08544921875,1.18408203125,0.08544921875,0.89111328125,0.2197265625,-0.15869140625,0.13427734375,0.74462890625,-0.2685546875,0.74462890625,0.20751953125,0.5126953125,-0.20751953125,1.4892578125,0.0244140625,0.18310546875,0.10986328125,0.9765625,-0.03662109375,1.33056640625,-0.5859375,1.171875,-0.08544921875,0.5859375,-0.390625,1.67236328125,0.2685546875,2.197265625,0.06103515625,1.1474609375,-0.09765625,2.8564453125,0.0244140625,-1.318359375,-0.0732421875,-1.025390625,0.1953125,-1.15966796875,0.03662109375,-1.0009765625,-0.1220703125,-1.55029296875,0.146484375,-0.3173828125,0.52490234375,-0.40283203125,0.20751953125,-1.5625,-0.048828125,-0.74462890625,-0.06103515625,-0.67138671875,-0.30517578125,-0.64697265625,0,-0.048828125,-0.2685546875,-0.7568359375,-0.146484375,-1.45263671875,-0.4150390625,-1.03759765625,-0.01220703125,0.2685546875,0.1953125,0.3173828125,0.146484375,-0.01220703125,-0.0732421875,0,0.06103515625,0.146484375,-0.06103515625,0.0732421875,-0.10986328125,0.830078125,0.146484375,0.42724609375,0.0244140625,-0.42724609375
0,0.390625,-0.54931640625,0.146484375,-0.37841796875,-0.048828125,-0.45166015625,0.0732421875,-0.146484375,0.0732421875,-0.09765625,0.0244140625,-0.93994140625,-0.1953125,1.025390625,-0.0732421875,-0.2197265625,-0.1953125,-0.59814453125,0.20751953125,-0.1708984375,-0.09765625,0.8544921875,-0.10986328125,-0.5859375,0.03662109375,-0.15869140625,-0.35400390625,-0.8056640625,0.23193359375,0.81787109375,-0.01220703125,-0.06103515625,-0.18310546875,2.05078125,0.30517578125,1.2451171875,0.15869140625,2.89306640625,0.40283203125,1.64794921875,-0.03662109375,-0.20751953125,0.08544921875,-0.6591796875,-0.28076171875,-0.45166015625,-0.23193359375,0.52490234375,0.01220703125,1.2939453125,-0.0244140625,1.18408203125,0.2197265625,-0.146484375,0.1953125,0.830078125,-0.2197265625,0.7568359375,0.1708984375,0.537109375,-0.20751953125,1.67236328125,0.01220703125,0.15869140625,0.1708984375,1.3916015625,-0.0732421875,1.62353515625,-0.67138671875,1.6845703125,-0.09765625,0.91552734375,-0.32958984375,1.13525390625,0.30517578125,1.33056640625,0.06103515625,0.72021484375,0,2.38037109375,0.0244140625,-1.28173828125,-0.08544921875,-0.87890625,0.10986328125,-1.11083984375,0.01220703125,-0.9765625,-0.18310546875,-1.55029296875,0.10986328125,-0.30517578125,0.59814453125,-0.4150390625,0.146484375,-1.5869140625,-0.06103515625,-0.7568359375,-0.08544921875,-0.6591796875,-0.30517578125,-0.64697265625,-0.01220703125,-0.0244140625,-0.23193359375,-0.74462890625,-0.09765625,-1.47705078125,-0.3662109375,-1.06201171875,-0.01220703125,0.2685546875,0.1953125,0.30517578125,0.146484375,0,-0.0732421875,-0.01220703125,0.03662109375,0.146484375,-0.03662109375,-0.10986328125,-0.10986328125,0.7080078125,0.15869140625,-0.146484375,0,-0.6103515625
0,0.3662109375,-0.37841796875,0.1708984375,-0.32958984375,-0.048828125,-0.37841796875,0.08544921875,-0.06103515625,0.06103515625,-0.08544921875,-0.01220703125,-0.93994140625,-0.1953125,1.0009765625,-0.048828125,-0.20751953125,-0.20751953125,-0.5859375,0.23193359375,-0.18310546875,-0.146484375,0.86669921875,-0.0732421875,-0.5859375,-0.01220703125,-0.1708984375,-0.3173828125,-0.8056640625,0.20751953125,0.81787109375,0,-0.0732421875,-0.20751953125,1.52587890625,0.2685546875,0.79345703125,0.18310546875,2.1240234375,0.439453125,1.13525390625,-0.08544921875,-0.23193359375,0.048828125,-0.6591796875,-0.2685546875,-0.439453125,-0.30517578125,0.5126953125,-0.06103515625,1.4404296875,-0.03662109375,1.6357421875,0.15869140625,-0.06103515625,0.15869140625,0.9521484375,-0.146484375,0.74462890625,0.0732421875,0.5859375,-0.13427734375,1.9287109375,0.0244140625,0.18310546875,0.10986328125,1.91650390625,-0.10986328125,1.96533203125,-0.7568359375,2.294921875,-0.146484375,1.28173828125,-0.32958984375,0.87890625,0.32958984375,0.830078125,0.048828125,0.50048828125,0.10986328125,2.13623046875,0.01220703125,-1.23291015625,-0.08544921875,-0.732421875,0.03662109375,-1.11083984375,-0.06103515625,-0.93994140625,-0.2197265625,-1.55029296875,0.09765625,-0.29296875,0.64697265625,-0.40283203125,0.10986328125,-1.5625,-0.0732421875,-0.74462890625,-0.048828125,-0.6591796875,-0.3173828125,-0.634765625,-0.01220703125,-0.0244140625,-0.20751953125,-0.7568359375,-0.06103515625,-1.46484375,-0.341796875,-1.07421875,-0.0244140625,0.25634765625,0.1953125,0.32958984375,0.146484375,-0.01220703125,-0.06103515625,0.01220703125,0.01220703125,0.1708984375,-0.048828125,-0.25634765625,-0.10986328125,0.57373046875,0.15869140625,-0.67138671875,0.01220703125,-0.732421875
0,0.3173828125,-0.29296875,0.146484375,-0.2685546875,-0.08544921875,-0.3662109375,0.048828125,0.01220703125,0.06103515625,-0.1220703125,-0.0244140625,-0.93994140625,-0.20751953125,0.98876953125,-0.06103515625,-0.1708984375,-0.23193359375,-0.57373046875,0.2197265625,-0.18310546875,-0.1953125,0.87890625,-0.048828125,-0.57373046875,-0.06103515625,-0.1708984375,-0.2685546875,-0.8056640625,0.1953125,0.81787109375,0.01220703125,-0.0732421875,-0.23193359375,1.0009765625,0.25634765625,0.341796875,0.13427734375,1.28173828125,0.42724609375,0.62255859375,-0.09765625,-0.244140625,-0.0244140625,-0.69580078125,-0.2685546875,-0.439453125,-0.30517578125,0.52490234375,-0.06103515625,1.6357421875,0,2.16064453125,0.13427734375,0.06103515625,0.0732421875,1.11083984375,-0.10986328125,0.74462890625,0.09765625,0.62255859375,-0.1708984375,2.16064453125,0.13427734375,0.18310546875,0.1220703125,2.490234375,-0.10986328125,2.392578125,-0.64697265625,3.01513671875,-0.18310546875,1.67236328125,-0.3173828125,0.84228515625,0.28076171875,0.84228515625,0.03662109375,0.537109375,0.13427734375,2.1240234375,0.0244140625,-1.220703125,-0.10986328125,-0.6103515625,0,-1.11083984375,-0.0732421875,-0.91552734375,-0.2197265625,-1.55029296875,0.06103515625,-0.28076171875,0.634765625,-0.40283203125,0.0732421875,-1.55029296875,-0.0244140625,-0.732421875,-0.048828125,-0.64697265625,-0.32958984375,-0.634765625,0.01220703125,-0.03662109375,-0.1953125,-0.7568359375,-0.03662109375,-1.45263671875,-0.28076171875,-1.07421875,-0.048828125,0.2685546875,0.2197265625,0.341796875,0.1708984375,-0.01220703125,-0.06103515625,0.0244140625,0.01220703125,0.1708984375,-0.048828125,-0.3662109375,-0.10986328125,0.50048828125,0.15869140625,-0.98876953125,0.0244140625,-0.84228515625
0,0.29296875,-0.28076171875,0.146484375,-0.29296875,-0.10986328125,-0.35400390625,0.048828125,0.06103515625,0.048828125,-0.1220703125,-0.0244140625,-0.93994140625,-0.23193359375,0.96435546875,-0.048828125,-0.15869140625,-0.25634765625,-0.57373046875,0.20751953125,-0.20751953125,-0.20751953125,0.89111328125,0.01220703125,-0.5859375,-0.06103515625,-0.1708984375,-0.23193359375,-0.8056640625,0.20751953125,0.81787109375,-0.048828125,-0.09765625,-0.30517578125,0.5859375,0.23193359375,-0.0244140625,0.13427734375,0.59814453125,0.37841796875,0.2197265625,-0.10986328125,-0.25634765625,-0.1220703125,-0.7080078125,-0.2685546875,-0.439453125,-0.341796875,0.52490234375,-0.08544921875,1.904296875,-0.09765625,2.783203125,0.146484375,0.25634765625,0.01220703125,1.33056640625,-0.06103515625,0.732421875,0.08544921875,0.67138671875,-0.146484375,2.35595703125,0.1708984375,0.1953125,0.08544921875,3.11279296875,-0.09765625,2.8564453125,-0.54931640625,3.7109375,-0.23193359375,2.1240234375,-0.29296875,1.1474609375,0.3173828125,1.28173828125,0.10986328125,0.79345703125,0.20751953125,2.38037109375,0.048828125,-1.220703125,-0.0732421875,-0.5615234375,-0.06103515625,-1.13525390625,-0.0732421875,-0.87890625,-0.1953125,-1.5625,0.03662109375,-0.28076171875,0.57373046875,-0.40283203125,0.08544921875,-1.52587890625,-0.0244140625,-0.72021484375,-0.0244140625,-0.64697265625,-0.2685546875,-0.62255859375,0.03662109375,-0.03662109375,-0.15869140625,-0.74462890625,-0.03662109375,-1.45263671875,-0.1953125,-1.06201171875,-0.0732421875,0.25634765625,0.2197265625,0.341796875,0.1708984375,-0.0244140625,-0.048828125,0.03662109375,0,0.1708984375,-0.0732421875,-0.4150390625,-0.10986328125,0.48828125,0.13427734375,-1.06201171875,0.01220703125,-0.89111328125
0,0.3173828125,-0.32958984375,0.146484375,-0.29296875,-0.06103515625,-0.40283203125,0.06103515625,0.03662109375,0.08544921875,-0.13427734375,-0.01220703125,-0.93994140625,-0.244140625,0.9765625,-0.048828125,-0.10986328125,-0.28076171875,-0.57373046875,0.2197265625,-0.1953125,-0.18310546875,0.9033203125,0.0244140625,-0.57373046875,-0.048828125,-0.15869140625,-0.18310546875,-0.81787109375,0.18310546875,0.8056640625,-0.06103515625,-0.0732421875,-0.3173828125,0.32958984375,0.1953125,-0.2685546875,0.1220703125,0.06103515625,0.29296875,-0.048828125,-0.10986328125,-0.2685546875,-0.23193359375,-0.7080078125,-0.25634765625,-0.439453125,-0.37841796875,0.5126953125,-0.0732421875,2.20947265625,-0.0732421875,3.45458984375,0.1220703125,0.45166015625,-0.1220703125,1.5625,-0.0732421875,0.7568359375,0.09765625,0.732421875,-0.18310546875,2.52685546875,0.23193359375,0.2197265625,0.0732421875,3.6865234375,-0.09765625,3.28369140625,-0.47607421875,4.4189453125,-0.2685546875,2.50244140625,-0.29296875,1.7333984375,0.341796875,2.20947265625,0.18310546875,1.2939453125,0.18310546875,2.9296875,0.048828125,-1.20849609375,-0.048828125,-0.537109375,-0.15869140625,-1.13525390625,-0.048828125,-0.9033203125,-0.146484375,-1.59912109375,-0.01220703125,-0.2685546875,0.48828125,-0.42724609375,0.10986328125,-1.513671875,0.0244140625,-0.74462890625,0,-0.62255859375,-0.18310546875,-0.634765625,0.03662109375,-0.048828125,-0.1220703125,-0.732421875,-0.03662109375,-1.46484375,-0.1220703125,-1.0498046875,-0.09765625,0.25634765625,0.23193359375,0.3662109375,0.18310546875,-0.03662109375,-0.06103515625,0.03662109375,0,0.1708984375,-0.10986328125,-0.3662109375,-0.10986328125,0.5126953125,0.15869140625,-0.89111328125,-0.0244140625,-0.84228515625
0,0.28076171875,-0.4150390625,0.1220703125,-0.35400390625,-0.10986328125,-0.4638671875,0.03662109375,-0.01220703125,0.10986328125,-0.10986328125,-0.0244140625,-0.93994140625,-0.2685546875,1.0009765625,-0.06103515625,-0.1220703125,-0.25634765625,-0.57373046875,0.20751953125,-0.20751953125,-0.1708984375,0.9033203125,0,-0.59814453125,-0.03662109375,-0.15869140625,-0.15869140625,-0.8056640625,0.18310546875,0.830078125,-0.08544921875,-0.0732421875,-0.37841796875,0.29296875,0.1708984375,-0.341796875,-0.03662109375,-0.1220703125,0.1708984375,-0.0732421875,-0.146484375,-0.2685546875,-0.32958984375,-0.732421875,-0.20751953125,-0.439453125,-0.30517578125,0.5126953125,-0.1220703125,2.50244140625,0.0244140625,4.150390625,0.01220703125,0.67138671875,-0.18310546875,1.7822265625,-0.1220703125,0.7568359375,0.1708984375,0.7568359375,-0.1220703125,2.6123046875,0.25634765625,0.2197265625,0.03662109375,4.1748046875,-0.08544921875,3.662109375,-0.4150390625,5.04150390625,-0.35400390625,2.83203125,-0.28076171875,2.5146484375,0.4150390625,3.466796875,0.29296875,2.001953125,0.146484375,3.69873046875,0.08544921875,-1.2451171875,0,-0.5615234375,-0.2197265625,-1.15966796875,-0.01220703125,-0.91552734375,-0.10986328125,-1.5869140625,-0.0244140625,-0.25634765625,0.390625,-0.390625,0.146484375,-1.513671875,0.06103515625,-0.72021484375,-0.0244140625,-0.64697265625,-0.08544921875,-0.67138671875,0.048828125,-0.048828125,-0.0732421875,-0.74462890625,-0.08544921875,-1.46484375,-0.0244140625,-1.03759765625,-0.13427734375,0.25634765625,0.25634765625,0.3662109375,0.2197265625,-0.03662109375,-0.048828125,0.0244140625,-0.01220703125,0.18310546875,-0.09765625,-0.18310546875,-0.08544921875,0.62255859375,0.1708984375,-0.4638671875,0,-0.69580078125
0,0.28076171875,-0.537109375,0.10986328125,-0.40283203125,-0.10986328125,-0.48828125,0.01220703125,-0.048828125,0.13427734375,-0.06103515625,-0.048828125,-0.927734375,-0.2685546875,1.0498046875,-0.03662109375,-0.13427734375,-0.23193359375,-0.59814453125,0.1708984375,-0.1953125,-0.15869140625,0.9033203125,-0.0244140625,-0.57373046875,0.03662109375,-0.15869140625,-0.13427734375,-0.830078125,0.13427734375,0.830078125,-0.08544921875,-0.06103515625,-0.40283203125,0.5126953125,0.1708984375,-0.18310546875,-0.01220703125,0.048828125,0.1220703125,0.1220703125,-0.20751953125,-0.2685546875,-0.3662109375,-0.732421875,-0.1953125,-0.439453125,-0.30517578125,0.50048828125,-0.10986328125,2.7587890625,0.10986328125,4.78515625,0.03662109375,0.8544921875,-0.1953125,1.9775390625,-0.1708984375,0.7568359375,0.18310546875,0.76904296875,-0.06103515625,2.57568359375,0.30517578125,0.2197265625,-0.01220703125,4.541015625,-0.10986328125,3.91845703125,-0.40283203125,5.55419921875,-0.42724609375,3.076171875,-0.35400390625,3.4912109375,0.341796875,4.94384765625,0.30517578125,2.81982421875,0.06103515625,4.6142578125,0.1220703125,-1.26953125,-0.03662109375,-0.6103515625,-0.29296875,-1.18408203125,0,-0.91552734375,-0.0732421875,-1.5869140625,-0.0244140625,-0.2685546875,0.3173828125,-0.40283203125,0.1220703125,-1.513671875,0.0732421875,-0.7568359375,-0.048828125,-0.634765625,0,-0.6591796875,0.08544921875,-0.048828125,-0.0732421875,-0.732421875,-0.146484375,-1.46484375,0.03662109375,-1.06201171875,-0.13427734375,0.2685546875,0.2685546875,0.341796875,0.20751953125,-0.0732421875,-0.06103515625,-0.01220703125,-0.0244140625,0.18310546875,-0.1220703125,0.06103515625,-0.10986328125,0.79345703125,0.18310546875,0.1953125,-0.03662109375,-0.48828125
0,0.30517578125,-0.67138671875,0.10986328125,-0.4150390625,-0.0732421875,-0.5126953125,0.03662109375,-0.09765625,0.1708984375,-0.06103515625,-0.0244140625,-0.9033203125,-0.29296875,1.025390625,-0.0732421875,-0.13427734375,-0.18310546875,-0.6103515625,0.13427734375,-0.1953125,-0.1220703125,0.9033203125,-0.0244140625,-0.5859375,0.0732421875,-0.15869140625,-0.10986328125,-0.8544921875,0.048828125,0.830078125,-0.048828125,-0.0732421875,-0.4150390625,0.9765625,0.15869140625,0.20751953125,-0.06103515625,0.64697265625,0.048828125,0.5859375,-0.2685546875,-0.28076171875,-0.3173828125,-0.7080078125,-0.1953125,-0.439453125,-0.28076171875,0.5126953125,-0.13427734375,2.99072265625,0.0732421875,5.3466796875,-0.03662109375,1.0009765625,-0.32958984375,2.1484375,-0.1953125,0.78125,0.23193359375,0.76904296875,-0.09765625,2.44140625,0.341796875,0.2197265625,-0.0244140625,4.74853515625,-0.08544921875,4.11376953125,-0.30517578125,5.92041015625,-0.4150390625,3.22265625,-0.390625,4.52880859375,0.2685546875,6.5185546875,0.30517578125,3.6865234375,-0.0732421875,5.60302734375,0.20751953125,-1.26953125,-0.03662109375,-0.69580078125,-0.341796875,-1.18408203125,0.03662109375,-0.93994140625,0,-1.59912109375,0,-0.29296875,0.2197265625,-0.40283203125,0.08544921875,-1.52587890625,0.0732421875,-0.7568359375,-0.048828125,-0.64697265625,0.06103515625,-0.6591796875,0.10986328125,-0.06103515625,-0.1220703125,-0.72021484375,-0.18310546875,-1.47705078125,0.03662109375,-1.03759765625,-0.1220703125,0.25634765625,0.28076171875,0.341796875,0.2197265625,-0.08544921875,-0.06103515625,-0.01220703125,-0.048828125,0.15869140625,-0.1220703125,0.3662109375,-0.08544921875,1.01318359375,0.1953125,0.9765625,0,-0.18310546875
0,0.25634765625,-0.74462890625,0.09765625,-0.42724609375,-0.1220703125,-0.5126953125,0.0244140625,-0.1220703125,0.18310546875,-0.06103515625,-0.048828125,-0.91552734375,-0.29296875,1.03759765625,-0.08544921875,-0.1953125,-0.146484375,-0.6103515625,0.1220703125,-0.1953125,-0.0732421875,0.87890625,-0.0244140625,-0.59814453125,0.06103515625,-0.15869140625,-0.08544921875,-0.8544921875,-0.06103515625,0.84228515625,-0.0244140625,-0.06103515625,-0.40283203125,1.6845703125,0.1953125,0.78125,-0.13427734375,1.5869140625,0.048828125,1.2451171875,-0.341796875,-0.25634765625,-0.25634765625,-0.69580078125,-0.15869140625,-0.439453125,-0.20751953125,0.537109375,-0.146484375,3.13720703125,0.13427734375,5.77392578125,-0.01220703125,1.13525390625,-0.390625,2.2705078125,-0.1708984375,0.8056640625,0.29296875,0.7568359375,-0.0732421875,2.197265625,0.3662109375,0.1953125,0,4.833984375,-0.10986328125,4.18701171875,-0.244140625,6.14013671875,-0.3662109375,3.25927734375,-0.4150390625,5.55419921875,0.1953125,7.99560546875,0.2197265625,4.55322265625,-0.13427734375,6.6162109375,0.2197265625,-1.28173828125,-0.09765625,-0.78125,-0.390625,-1.1962890625,-0.048828125,-0.927734375,0.03662109375,-1.57470703125,-0.0244140625,-0.30517578125,0.10986328125,-0.37841796875,0.0244140625,-1.50146484375,0.08544921875,-0.74462890625,-0.08544921875,-0.64697265625,0.03662109375,-0.67138671875,0.1220703125,-0.06103515625,-0.146484375,-0.732421875,-0.1953125,-1.4892578125,0.03662109375,-1.0498046875,-0.13427734375,0.2685546875,0.2685546875,0.3173828125,0.244140625,-0.0732421875,-0.048828125,-0.0244140625,-0.06103515625,0.146484375,-0.1220703125,0.7080078125,-0.1220703125,1.2451171875,0.146484375,1.84326171875,0.03662109375,0.10986328125
0,0.2685546875,-0.72021484375,0.1220703125,-0.37841796875,-0.1220703125,-0.45166015625,0.048828125,-0.09765625,0.18310546875,-0.06103515625,-0.048828125,-0.9033203125,-0.29296875,1.06201171875,-0.08544921875,-0.23193359375,-0.09765625,-0.6103515625,0.06103515625,-0.18310546875,-0.08544921875,0.86669921875,-0.0244140625,-0.57373046875,0.03662109375,-0.146484375,-0.0732421875,-0.8544921875,-0.1220703125,0.8544921875,0.03662109375,-0.06103515625,-0.45166015625,2.5634765625,0.15869140625,1.513671875,-0.2685546875,2.83203125,0.03662109375,2.05078125,-0.390625,-0.25634765625,-0.18310546875,-0.67138671875,-0.20751953125,-0.40283203125,-0.13427734375,0.54931640625,-0.1953125,3.22265625,0.2197265625,6.0791015625,-0.03662109375,1.220703125,-0.48828125,2.30712890625,-0.15869140625,0.8056640625,0.25634765625,0.7568359375,-0.1220703125,1.94091796875,0.37841796875,0.20751953125,0,4.77294921875,-0.18310546875,4.1259765625,-0.30517578125,6.1767578125,-0.29296875,3.21044921875,-0.439453125,6.494140625,0.15869140625,9.27734375,0.09765625,5.3466796875,-0.1953125,7.53173828125,0.28076171875,-1.28173828125,-0.09765625,-0.830078125,-0.40283203125,-1.18408203125,-0.08544921875,-0.9521484375,0.08544921875,-1.5869140625,-0.048828125,-0.30517578125,0.048828125,-0.3662109375,-0.06103515625,-1.50146484375,0.0732421875,-0.74462890625,-0.09765625,-0.6591796875,0.01220703125,-0.67138671875,0.09765625,-0.06103515625,-0.1708984375,-0.732421875,-0.244140625,-1.47705078125,0,-1.025390625,-0.10986328125,0.25634765625,0.28076171875,0.3173828125,0.25634765625,-0.06103515625,-0.06103515625,-0.0244140625,-0.09765625,0.146484375,-0.1220703125,1.0009765625,-0.08544921875,1.50146484375,0.10986328125,2.685546875,0.03662109375,0.439453125
1,0.25634765625,-0.634765625,0.13427734375,-0.28076171875,-0.13427734375,-0.35400390625,0,-0.01220703125,0.146484375,-0.06103515625,-0.03662109375,-0.9033203125,-0.29296875,1.0498046875,-0.0732421875,-0.2197265625,-0.048828125,-0.634765625,0.03662109375,-0.1708984375,-0.09765625,0.86669921875,-0.048828125,-0.57373046875,0.0244140625,-0.15869140625,-0.10986328125,-0.84228515625,-0.1953125,0.84228515625,0.048828125,-0.08544921875,-0.47607421875,3.5400390625,0.1220703125,2.35595703125,-0.3662109375,4.23583984375,0.06103515625,2.9541015625,-0.42724609375,-0.23193359375,-0.0732421875,-0.67138671875,-0.28076171875,-0.3662109375,-0.0732421875,0.57373046875,-0.244140625,3.25927734375,0.35400390625,6.21337890625,-0.0732421875,1.23291015625,-0.5615234375,2.3193359375,-0.09765625,0.81787109375,0.28076171875,0.7568359375,-0.15869140625,1.6357421875,0.37841796875,0.1953125,0.03662109375,4.60205078125,-0.10986328125,3.99169921875,-0.390625,6.0546875,-0.2197265625,3.06396484375,-0.3173828125,7.275390625,0.23193359375,10.3271484375,0,5.99365234375,-0.146484375,8.30078125,0.32958984375,-1.2451171875,-0.03662109375,-0.87890625,-0.390625,-1.15966796875,-0.08544921875,-0.9521484375,0.09765625,-1.55029296875,-0.06103515625,-0.30517578125,-0.03662109375,-0.37841796875,-0.06103515625,-1.513671875,0.10986328125,-0.7568359375,-0.06103515625,-0.6591796875,0.01220703125,-0.67138671875,0.09765625,-0.0732421875,-0.18310546875,-0.74462890625,-0.244140625,-1.4892578125,-0.0244140625,-1.0498046875,-0.1220703125,0.25634765625,0.29296875,0.28076171875,0.25634765625,-0.048828125,-0.06103515625,-0.01220703125,-0.09765625,0.146484375,-0.146484375,1.26953125,-0.10986328125,1.6845703125,0.18310546875,3.41796875,0.048828125,0.732421875
1,0.2197265625,-0.48828125,0.1220703125,-0.146484375,-0.146484375,-0.23193359375,-0.03662109375,0.09765625,0.09765625,-0.08544921875,-0.048828125,-0.9033203125,-0.28076171875,1.0498046875,-0.06103515625,-0.23193359375,-0.06103515625,-0.62255859375,0.01220703125,-0.18310546875,-0.2197265625,0.89111328125,-0.0732421875,-0.5859375,-0.01220703125,-0.15869140625,-0.13427734375,-0.84228515625,-0.18310546875,0.84228515625,0.03662109375,-0.0732421875,-0.54931640625,4.47998046875,0.1220703125,3.1982421875,-0.18310546875,5.6640625,0.048828125,3.82080078125,-0.439453125,-0.23193359375,0.01220703125,-0.67138671875,-0.3662109375,-0.3662109375,-0.08544921875,0.57373046875,-0.244140625,3.23486328125,0.3662109375,6.2255859375,-0.0732421875,1.20849609375,-0.59814453125,2.30712890625,-0.06103515625,0.8056640625,0.1708984375,0.732421875,-0.18310546875,1.3427734375,0.3662109375,0.20751953125,0.09765625,4.3701171875,-0.01220703125,3.82080078125,-0.439453125,5.76171875,-0.10986328125,2.86865234375,-0.25634765625,7.861328125,0.15869140625,10.99853515625,-0.13427734375,6.4453125,-0.1220703125,8.8623046875,0.30517578125,-1.25732421875,-0.0244140625,-0.87890625,-0.35400390625,-1.123046875,-0.1220703125,-0.96435546875,0.06103515625,-1.55029296875,-0.0732421875,-0.30517578125,-0.09765625,-0.390625,-0.06103515625,-1.52587890625,0.10986328125,-0.7568359375,-0.08544921875,-0.6591796875,0.01220703125,-0.67138671875,0.0732421875,-0.0732421875,-0.15869140625,-0.732421875,-0.2685546875,-1.4892578125,-0.048828125,-1.06201171875,-0.1220703125,0.2685546875,0.25634765625,0.29296875,0.244140625,-0.06103515625,-0.06103515625,-0.01220703125,-0.1220703125,0.146484375,-0.15869140625,1.45263671875,-0.09765625,1.8310546875,0.10986328125,3.9794921875,0.048828125,0.927734375
1,0.2197265625,-0.29296875,0.146484375,0,-0.1220703125,-0.09765625,-0.06103515625,0.23193359375,0.08544921875,-0.0732421875,-0.048828125,-0.9033203125,-0.25634765625,1.025390625,-0.048828125,-0.23193359375,-0.048828125,-0.634765625,-0.01220703125,-0.20751953125,-0.3662109375,0.86669921875,-0.146484375,-0.59814453125,-0.01220703125,-0.1708984375,-0.1220703125,-0.830078125,-0.1220703125,0.830078125,0.01220703125,-0.0732421875,-0.59814453125,5.3466796875,0.10986328125,3.955078125,-0.2197265625,6.9580078125,0.09765625,4.638671875,-0.3662109375,-0.1953125,0.09765625,-0.68359375,-0.439453125,-0.32958984375,-0.08544921875,0.5859375,-0.244140625,3.11279296875,0.28076171875,6.1279296875,-0.01220703125,1.1474609375,-0.7080078125,2.23388671875,-0.03662109375,0.81787109375,0.18310546875,0.67138671875,-0.2685546875,1.13525390625,0.40283203125,0.1953125,0.15869140625,4.06494140625,0.0244140625,3.5888671875,-0.50048828125,5.3955078125,-0.06103515625,2.63671875,-0.15869140625,8.19091796875,0.06103515625,11.3525390625,-0.1953125,6.7138671875,-0.1708984375,9.1552734375,0.32958984375,-1.220703125,0.048828125,-0.84228515625,-0.32958984375,-1.0986328125,-0.0732421875,-0.93994140625,0,-1.5380859375,-0.1220703125,-0.29296875,-0.1953125,-0.37841796875,-0.01220703125,-1.5380859375,0.09765625,-0.732421875,-0.08544921875,-0.6591796875,0,-0.64697265625,0,-0.06103515625,-0.1708984375,-0.72021484375,-0.28076171875,-1.47705078125,-0.08544921875,-1.06201171875,-0.08544921875,0.28076171875,0.25634765625,0.30517578125,0.28076171875,-0.03662109375,-0.06103515625,-0.01220703125,-0.13427734375,0.146484375,-0.1708984375,1.55029296875,-0.10986328125,1.91650390625,0.08544921875,4.33349609375,0.048828125,1.0986328125
1,0.20751953125,-0.10986328125,0.15869140625,0.10986328125,-0.13427734375,0.01220703125,-0.048828125,0.3662109375,0.06103515625,-0.08544921875,-0.09765625,-0.927734375,-0.244140625,1.03759765625,-0.03662109375,-0.20751953125,-0.048828125,-0.6103515625,-0.048828125,-0.1953125,-0.48828125,0.87890625,-0.18310546875,-0.6103515625,-0.048828125,-0.1953125,-0.1953125,-0.830078125,-0.06103515625,0.81787109375,-0.048828125,-0.06103515625,-0.537109375,5.9814453125,0.23193359375,4.52880859375,-0.15869140625,8.02001953125,0.20751953125,5.23681640625,-0.32958984375,-0.20751953125,0.146484375,-0.67138671875,-0.50048828125,-0.30517578125,-0.0732421875,0.59814453125,-0.25634765625,3.02734375,0.23193359375,5.92041015625,0,1.06201171875,-0.76904296875,2.1484375,0.01220703125,0.79345703125,0.10986328125,0.64697265625,-0.37841796875,0.9765625,0.4150390625,0.23193359375,0.146484375,3.79638671875,0.06103515625,3.38134765625,-0.50048828125,4.96826171875,-0.048828125,2.42919921875,-0.06103515625,8.28857421875,0.0244140625,11.36474609375,-0.28076171875,6.75048828125,-0.146484375,9.2041015625,0.2685546875,-1.18408203125,0.09765625,-0.76904296875,-0.3173828125,-1.0986328125,-0.06103515625,-0.91552734375,-0.06103515625,-1.55029296875,-0.10986328125,-0.28076171875,-0.25634765625,-0.40283203125,0.0244140625,-1.55029296875,0.09765625,-0.7080078125,-0.08544921875,-0.67138671875,0.0244140625,-0.64697265625,-0.0244140625,-0.06103515625,-0.1708984375,-0.732421875,-0.25634765625,-1.4892578125,-0.15869140625,-1.06201171875,-0.0732421875,0.29296875,0.23193359375,0.3173828125,0.2685546875,-0.0244140625,-0.06103515625,-0.0244140625,-0.1220703125,0.15869140625,-0.1708984375,1.5625,-0.09765625,1.94091796875,0.03662109375,4.45556640625,0.06103515625,1.1474609375
1,0.20751953125,0.01220703125,0.15869140625,0.20751953125,-0.1220703125,0.08544921875,-0.03662109375,0.42724609375,0.0732421875,-0.1220703125,-0.08544921875,-0.927734375,-0.25634765625,1.03759765625,-0.03662109375,-0.18310546875,-0.0732421875,-0.64697265625,-0.08544921875,-0.2197265625,-0.5859375,0.87890625,-0.25634765625,-0.6103515625,-0.09765625,-0.20751953125,-0.18310546875,-0.81787109375,0.01220703125,0.8056640625,-0.08544921875,-0.06103515625,-0.537109375,6.35986328125,0.29296875,4.91943359375,-0.1708984375,8.72802734375,0.29296875,5.6396484375,-0.20751953125,-0.20751953125,0.1953125,-0.7080078125,-0.537109375,-0.29296875,-0.03662109375,0.5859375,-0.1953125,2.9052734375,0.18310546875,5.62744140625,0.01220703125,1.0009765625,-0.72021484375,2.06298828125,0.0732421875,0.76904296875,0.08544921875,0.59814453125,-0.4150390625,0.91552734375,0.4150390625,0.2197265625,0.10986328125,3.564453125,0.10986328125,3.18603515625,-0.4638671875,4.57763671875,0.0244140625,2.24609375,-0.048828125,8.10546875,-0.0244140625,11.02294921875,-0.3173828125,6.55517578125,-0.13427734375,8.94775390625,0.20751953125,-1.18408203125,0.1220703125,-0.68359375,-0.25634765625,-1.08642578125,-0.03662109375,-0.86669921875,-0.13427734375,-1.5380859375,-0.09765625,-0.29296875,-0.35400390625,-0.42724609375,0.08544921875,-1.5380859375,0.0732421875,-0.7080078125,-0.1220703125,-0.67138671875,0,-0.634765625,-0.08544921875,-0.0732421875,-0.18310546875,-0.732421875,-0.23193359375,-1.47705078125,-0.18310546875,-1.08642578125,-0.0732421875,0.28076171875,0.2197265625,0.3173828125,0.2685546875,-0.0244140625,-0.048828125,-0.048828125,-0.1220703125,0.15869140625,-0.18310546875,1.50146484375,-0.1220703125,1.89208984375,0.0244140625,4.345703125,0.06103515625,1.11083984375
1,0.20751953125,0.06103515625,0.146484375,0.25634765625,-0.13427734375,0.0732421875,-0.0244140625,0.4638671875,0.048828125,-0.13427734375,-0.08544921875,-0.93994140625,-0.20751953125,1.03759765625,-0.048828125,-0.1708984375,-0.08544921875,-0.634765625,-0.09765625,-0.20751953125,-0.59814453125,0.86669921875,-0.2685546875,-0.5859375,-0.10986328125,-0.1953125,-0.1953125,-0.81787109375,0.03662109375,0.79345703125,-0.06103515625,-0.03662109375,-0.45166015625,6.4697265625,0.37841796875,5.0537109375,-0.18310546875,8.984375,0.3662109375,5.7861328125,-0.0732421875,-0.23193359375,0.244140625,-0.7080078125,-0.54931640625,-0.3173828125,-0.0244140625,0.5859375,-0.08544921875,2.8076171875,0.13427734375,5.322265625,0.01220703125,0.9765625,-0.68359375,1.98974609375,0.08544921875,0.7568359375,0.13427734375,0.5615234375,-0.4150390625,0.89111328125,0.4150390625,0.2197265625,0.08544921875,3.40576171875,0.146484375,3.0517578125,-0.4638671875,4.23583984375,0.0244140625,2.11181640625,-0.01220703125,7.65380859375,-0.0732421875,10.4248046875,-0.29296875,6.15234375,-0.10986328125,8.48388671875,0.1708984375,-1.13525390625,0.18310546875,-0.59814453125,-0.23193359375,-1.08642578125,0.0244140625,-0.8544921875,-0.1708984375,-1.5380859375,-0.08544921875,-0.29296875,-0.4638671875,-0.4150390625,0.08544921875,-1.5625,0.048828125,-0.7080078125,-0.1220703125,-0.64697265625,0,-0.62255859375,-0.10986328125,-0.06103515625,-0.20751953125,-0.7080078125,-0.2197265625,-1.4892578125,-0.244140625,-1.07421875,-0.09765625,0.28076171875,0.1953125,0.32958984375,0.25634765625,-0.0244140625,-0.06103515625,-0.048828125,-0.13427734375,0.18310546875,-0.1953125,1.3916015625,-0.10986328125,1.77001953125,0.0244140625,4.0771484375,0.06103515625,0.98876953125
1,0.20751953125,0.01220703125,0.10986328125,0.25634765625,-0.10986328125,0.048828125,-0.03662109375,0.439453125,0.048828125,-0.09765625,-0.08544921875,-0.93994140625,-0.20751953125,1.03759765625,-0.048828125,-0.13427734375,-0.146484375,-0.6103515625,-0.10986328125,-0.20751953125,-0.52490234375,0.86669921875,-0.23193359375,-0.5859375,-0.10986328125,-0.1953125,-0.2197265625,-0.79345703125,0.01220703125,0.79345703125,-0.08544921875,-0.03662109375,-0.40283203125,6.28662109375,0.42724609375,4.91943359375,-0.1708984375,8.85009765625,0.390625,5.6396484375,0.03662109375,-0.25634765625,0.244140625,-0.7080078125,-0.537109375,-0.35400390625,-0.08544921875,0.5615234375,-0.01220703125,2.72216796875,0.15869140625,5.01708984375,0.0244140625,0.9521484375,-0.64697265625,1.9287109375,0.10986328125,0.74462890625,0.1220703125,0.5126953125,-0.439453125,0.91552734375,0.35400390625,0.23193359375,0.06103515625,3.28369140625,0.15869140625,2.94189453125,-0.42724609375,3.9794921875,0.0244140625,2.0263671875,-0.01220703125,6.97021484375,-0.146484375,9.5458984375,-0.1953125,5.56640625,-0.09765625,7.77587890625,0.10986328125,-1.11083984375,0.20751953125,-0.48828125,-0.2197265625,-1.07421875,0.0732421875,-0.830078125,-0.20751953125,-1.55029296875,-0.06103515625,-0.30517578125,-0.5615234375,-0.42724609375,0.0732421875,-1.5625,0.048828125,-0.72021484375,-0.0732421875,-0.64697265625,-0.06103515625,-0.6103515625,-0.13427734375,-0.06103515625,-0.20751953125,-0.72021484375,-0.2197265625,-1.4892578125,-0.28076171875,-1.07421875,-0.09765625,0.2685546875,0.1953125,0.3173828125,0.23193359375,-0.0244140625,-0.048828125,-0.03662109375,-0.10986328125,0.1953125,-0.2197265625,1.1962890625,-0.08544921875,1.611328125,0,3.6376953125,0.0244140625,0.8056640625
1,0.20751953125,-0.10986328125,0.0732421875,0.20751953125,-0.146484375,-0.0244140625,-0.06103515625,0.37841796875,0.0244140625,-0.08544921875,-0.048828125,-0.9521484375,-0.1953125,1.025390625,-0.048828125,-0.13427734375,-0.1953125,-0.5859375,-0.1220703125,-0.20751953125,-0.47607421875,0.87890625,-0.18310546875,-0.5859375,-0.09765625,-0.1708984375,-0.1708984375,-0.79345703125,-0.06103515625,0.8056640625,-0.08544921875,-0.0244140625,-0.3173828125,5.84716796875,0.42724609375,4.55322265625,-0.18310546875,8.36181640625,0.4150390625,5.2734375,0.09765625,-0.28076171875,0.20751953125,-0.7080078125,-0.45166015625,-0.390625,-0.10986328125,0.54931640625,0.09765625,2.685546875,0.048828125,4.77294921875,0.13427734375,0.96435546875,-0.57373046875,1.86767578125,0.13427734375,0.7568359375,0.10986328125,0.4638671875,-0.42724609375,0.9521484375,0.2685546875,0.20751953125,0,3.2470703125,0.146484375,2.9052734375,-0.35400390625,3.84521484375,0,2.01416015625,0.03662109375,6.103515625,-0.20751953125,8.447265625,-0.0732421875,4.833984375,-0.1220703125,6.8603515625,0.048828125,-1.08642578125,0.20751953125,-0.42724609375,-0.15869140625,-1.06201171875,0.0732421875,-0.8056640625,-0.20751953125,-1.57470703125,-0.048828125,-0.30517578125,-0.59814453125,-0.42724609375,0.0244140625,-1.5625,0.03662109375,-0.72021484375,-0.03662109375,-0.64697265625,-0.09765625,-0.59814453125,-0.09765625,-0.06103515625,-0.1708984375,-0.732421875,-0.23193359375,-1.513671875,-0.2685546875,-1.07421875,-0.1220703125,0.2685546875,0.20751953125,0.30517578125,0.25634765625,-0.03662109375,-0.0732421875,-0.06103515625,-0.0732421875,0.18310546875,-0.23193359375,0.9765625,-0.08544921875,1.416015625,-0.01220703125,3.076171875,0.01220703125,0.5615234375
1,0.1953125,-0.28076171875,0.048828125,0.09765625,-0.15869140625,-0.13427734375,-0.0244140625,0.28076171875,0.0244140625,-0.08544921875,-0.03662109375,-0.93994140625,-0.1953125,1.0498046875,-0.0244140625,-0.13427734375,-0.1953125,-0.59814453125,-0.09765625,-0.18310546875,-0.37841796875,0.8544921875,-0.08544921875,-0.5859375,-0.08544921875,-0.18310546875,-0.1708984375,-0.81787109375,-0.18310546875,0.78125,-0.1220703125,-0.03662109375,-0.2197265625,5.2490234375,0.47607421875,4.00390625,-0.23193359375,7.58056640625,0.4150390625,4.72412109375,0.0732421875,-0.2685546875,0.10986328125,-0.69580078125,-0.32958984375,-0.439453125,-0.20751953125,0.5126953125,0.15869140625,2.6611328125,-0.03662109375,4.60205078125,0.1708984375,1.01318359375,-0.47607421875,1.8310546875,0.09765625,0.7568359375,0.10986328125,0.4638671875,-0.439453125,0.96435546875,0.25634765625,0.2197265625,-0.01220703125,3.21044921875,0.15869140625,2.89306640625,-0.3173828125,3.7841796875,-0.048828125,2.05078125,0.048828125,5.06591796875,-0.1708984375,7.18994140625,0.0244140625,3.96728515625,-0.146484375,5.87158203125,0.0244140625,-1.06201171875,0.1953125,-0.3662109375,-0.10986328125,-1.06201171875,0.0732421875,-0.79345703125,-0.1708984375,-1.5869140625,-0.01220703125,-0.3173828125,-0.5615234375,-0.439453125,0,-1.55029296875,0.01220703125,-0.7080078125,0,-0.64697265625,-0.13427734375,-0.59814453125,-0.09765625,-0.06103515625,-0.1220703125,-0.7568359375,-0.28076171875,-1.4892578125,-0.2685546875,-1.06201171875,-0.09765625,0.28076171875,0.2197265625,0.29296875,0.244140625,-0.0244140625,-0.048828125,-0.048828125,-0.06103515625,0.18310546875,-0.25634765625,0.7568359375,-0.08544921875,1.20849609375,-0.0244140625,2.44140625,-0.048828125,0.30517578125
1,0.2197265625,-0.47607421875,0.048828125,0.0244140625,-0.15869140625,-0.244140625,-0.03662109375,0.1708984375,0,-0.08544921875,0,-0.93994140625,-0.18310546875,1.03759765625,-0.0244140625,-0.146484375,-0.18310546875,-0.5859375,-0.08544921875,-0.18310546875,-0.28076171875,0.8544921875,-0.03662109375,-0.59814453125,-0.13427734375,-0.1708984375,-0.0732421875,-0.8056640625,-0.341796875,0.8056640625,-0.13427734375,-0.048828125,-0.20751953125,4.47998046875,0.5126953125,3.35693359375,-0.20751953125,6.62841796875,0.341796875,4.04052734375,0.01220703125,-0.29296875,-0.0244140625,-0.69580078125,-0.2197265625,-0.48828125,-0.20751953125,0.54931640625,0.15869140625,2.64892578125,-0.09765625,4.443359375,0.244140625,1.03759765625,-0.439453125,1.806640625,0.048828125,0.74462890625,0.09765625,0.4638671875,-0.4638671875,0.9521484375,0.18310546875,0.1953125,-0.06103515625,3.21044921875,0.13427734375,2.880859375,-0.30517578125,3.7841796875,-0.1220703125,2.05078125,0.0244140625,3.9794921875,-0.18310546875,5.82275390625,0.10986328125,3.0517578125,-0.2197265625,4.78515625,0.0732421875,-1.07421875,0.18310546875,-0.3173828125,-0.0244140625,-1.06201171875,0.09765625,-0.78125,-0.146484375,-1.57470703125,0.03662109375,-0.28076171875,-0.50048828125,-0.42724609375,-0.03662109375,-1.55029296875,-0.03662109375,-0.732421875,0.048828125,-0.64697265625,-0.146484375,-0.6103515625,-0.08544921875,-0.0732421875,-0.06103515625,-0.76904296875,-0.3173828125,-1.513671875,-0.28076171875,-1.06201171875,-0.048828125,0.25634765625,0.23193359375,0.28076171875,0.25634765625,-0.03662109375,-0.048828125,-0.0732421875,-0.06103515625,0.146484375,-0.2685546875,0.52490234375,-0.08544921875,0.96435546875,-0.0244140625,1.77001953125,-0.06103515625,0.048828125
1,0.25634765625,-0.62255859375,0.06103515625,-0.048828125,-0.15869140625,-0.3173828125,-0.01220703125,0.0732421875,-0.01220703125,-0.0732421875,0.03662109375,-0.927734375,-0.13427734375,1.06201171875,-0.01220703125,-0.15869140625,-0.1708984375,-0.5859375,-0.06103515625,-0.18310546875,-0.20751953125,0.84228515625,0.01220703125,-0.5615234375,-0.1220703125,-0.146484375,0.0244140625,-0.81787109375,-0.48828125,0.8056640625,-0.15869140625,-0.0732421875,-0.1220703125,3.69873046875,0.57373046875,2.6123046875,-0.20751953125,5.5908203125,0.2197265625,3.271484375,-0.048828125,-0.25634765625,-0.146484375,-0.68359375,-0.06103515625,-0.50048828125,-0.0732421875,0.52490234375,0.2197265625,2.6123046875,-0.18310546875,4.345703125,0.28076171875,1.0986328125,-0.37841796875,1.77001953125,-0.01220703125,0.7568359375,0.13427734375,0.48828125,-0.45166015625,0.9033203125,0.1708984375,0.20751953125,-0.01220703125,3.13720703125,0.10986328125,2.8564453125,-0.1953125,3.74755859375,-0.09765625,2.03857421875,0.0244140625,2.89306640625,-0.1953125,4.43115234375,0.13427734375,2.1484375,-0.244140625,3.77197265625,0.10986328125,-1.06201171875,0.15869140625,-0.32958984375,0.09765625,-1.0498046875,0.09765625,-0.76904296875,-0.09765625,-1.55029296875,0.0732421875,-0.29296875,-0.40283203125,-0.4150390625,-0.0732421875,-1.52587890625,-0.0732421875,-0.732421875,0.0732421875,-0.6591796875,-0.15869140625,-0.59814453125,-0.06103515625,-0.08544921875,0.01220703125,-0.76904296875,-0.37841796875,-1.50146484375,-0.28076171875,-1.03759765625,0,0.244140625,0.18310546875,0.2685546875,0.244140625,-0.03662109375,-0.06103515625,-0.09765625,-0.06103515625,0.146484375,-0.2685546875,0.30517578125,-0.09765625,0.76904296875,0,1.11083984375,-0.048828125,-0.23193359375
1,0.20751953125,-0.732421875,0.06103515625,-0.1220703125,-0.15869140625,-0.3662109375,-0.03662109375,-0.01220703125,0.03662109375,-0.0732421875,0.048828125,-0.91552734375,-0.13427734375,1.03759765625,-0.01220703125,-0.1953125,-0.146484375,-0.5859375,-0.048828125,-0.18310546875,-0.08544921875,0.8544921875,0.0244140625,-0.57373046875,-0.18310546875,-0.13427734375,0.06103515625,-0.830078125,-0.59814453125,0.84228515625,-0.1220703125,-0.0732421875,-0.08544921875,2.89306640625,0.57373046875,1.86767578125,-0.18310546875,4.5654296875,0.08544921875,2.50244140625,-0.146484375,-0.25634765625,-0.244140625,-0.67138671875,0.0732421875,-0.537109375,0.0244140625,0.52490234375,0.20751953125,2.57568359375,-0.244140625,4.2724609375,0.3173828125,1.13525390625,-0.40283203125,1.7578125,-0.0244140625,0.7568359375,0.15869140625,0.52490234375,-0.40283203125,0.79345703125,0.18310546875,0.18310546875,-0.0244140625,2.978515625,0,2.7587890625,-0.1953125,3.61328125,-0.1220703125,1.94091796875,-0.06103515625,1.86767578125,-0.25634765625,3.125,0.10986328125,1.33056640625,-0.23193359375,2.81982421875,0.146484375,-1.08642578125,0.09765625,-0.37841796875,0.18310546875,-1.06201171875,0.048828125,-0.78125,0.01220703125,-1.5380859375,0.10986328125,-0.29296875,-0.25634765625,-0.42724609375,-0.1220703125,-1.5380859375,-0.13427734375,-0.732421875,0.09765625,-0.64697265625,-0.15869140625,-0.59814453125,-0.06103515625,-0.08544921875,0.06103515625,-0.8056640625,-0.42724609375,-1.4892578125,-0.2685546875,-1.06201171875,0.03662109375,0.25634765625,0.1708984375,0.25634765625,0.244140625,-0.0244140625,-0.0732421875,-0.08544921875,-0.09765625,0.146484375,-0.244140625,0.10986328125,-0.08544921875,0.59814453125,0.01220703125,0.50048828125,-0.03662109375,-0.47607421875
1,0.18310546875,-0.74462890625,0.06103515625,-0.18310546875,-0.08544921875,-0.3662109375,-0.01220703125,-0.06103515625,0.048828125,-0.0732421875,0.06103515625,-0.91552734375,-0.09765625,1.03759765625,0,-0.2685546875,-0.15869140625,-0.57373046875,-0.01220703125,-0.20751953125,-0.0244140625,0.8544921875,0,-0.5859375,-0.23193359375,-0.13427734375,0.13427734375,-0.830078125,-0.6591796875,0.830078125,-0.03662109375,-0.0732421875,-0.09765625,2.20947265625,0.59814453125,1.18408203125,-0.18310546875,3.64990234375,0.01220703125,1.806640625,-0.18310546875,-0.23193359375,-0.3173828125,-0.68359375,0.13427734375,-0.52490234375,0.0732421875,0.52490234375,0.15869140625,2.5146484375,-0.20751953125,4.18701171875,0.35400390625,1.171875,-0.35400390625,1.7333984375,-0.06103515625,0.78125,0.08544921875,0.5615234375,-0.3662109375,0.68359375,0.1708984375,0.20751953125,-0.01220703125,2.77099609375,-0.0732421875,2.587890625,-0.1708984375,3.35693359375,-0.08544921875,1.806640625,-0.10986328125,0.9521484375,-0.2685546875,1.953125,0.09765625,0.59814453125,-0.18310546875,2.001953125,0.15869140625,-1.11083984375,0.048828125,-0.42724609375,0.23193359375,-1.0498046875,-0.048828125,-0.81787109375,0.09765625,-1.55029296875,0.048828125,-0.28076171875,-0.1220703125,-0.40283203125,-0.1220703125,-1.52587890625,-0.1220703125,-0.732421875,0.1220703125,-0.67138671875,-0.13427734375,-0.6103515625,-0.03662109375,-0.08544921875,0.03662109375,-0.76904296875,-0.40283203125,-1.50146484375,-0.2685546875,-1.0498046875,0.048828125,0.25634765625,0.15869140625,0.2685546875,0.20751953125,0,-0.048828125,-0.0732421875,-0.08544921875,0.146484375,-0.23193359375,-0.0732421875,-0.1220703125,0.47607421875,0.03662109375,-0.01220703125,-0.048828125,-0.67138671875
0,0.15869140625,-0.69580078125,0.0244140625,-0.1708984375,-0.09765625,-0.3173828125,-0.08544921875,-0.048828125,0.0732421875,-0.06103515625,0.0732421875,-0.9033203125,-0.06103515625,1.0498046875,-0.01220703125,-0.30517578125,-0.15869140625,-0.59814453125,0.03662109375,-0.20751953125,0.03662109375,0.86669921875,0,-0.5615234375,-0.1708984375,-0.146484375,0.146484375,-0.830078125,-0.634765625,0.84228515625,0.01220703125,-0.08544921875,-0.1708984375,1.57470703125,0.62255859375,0.5859375,-0.146484375,2.84423828125,-0.08544921875,1.1962890625,-0.1953125,-0.2197265625,-0.3662109375,-0.6591796875,0.1708984375,-0.5126953125,0.09765625,0.537109375,0.15869140625,2.40478515625,-0.09765625,3.9794921875,0.390625,1.123046875,-0.29296875,1.66015625,-0.09765625,0.79345703125,-0.0244140625,0.59814453125,-0.25634765625,0.59814453125,0.146484375,0.2197265625,0.048828125,2.45361328125,-0.0732421875,2.38037109375,-0.1708984375,2.94189453125,-0.0244140625,1.5869140625,-0.2197265625,0.20751953125,-0.28076171875,1.01318359375,0.0244140625,0.0244140625,-0.06103515625,1.37939453125,0.18310546875,-1.11083984375,-0.0244140625,-0.52490234375,0.28076171875,-1.07421875,-0.08544921875,-0.830078125,0.1708984375,-1.52587890625,0,-0.28076171875,0,-0.390625,-0.08544921875,-1.52587890625,-0.09765625,-0.74462890625,0.10986328125,-0.6591796875,-0.15869140625,-0.62255859375,0,-0.09765625,0.0244140625,-0.76904296875,-0.4150390625,-1.4892578125,-0.244140625,-1.0498046875,0.03662109375,0.2685546875,0.15869140625,0.2685546875,0.2197265625,-0.01220703125,-0.06103515625,-0.06103515625,-0.09765625,0.13427734375,-0.244140625,-0.244140625,-0.10986328125,0.42724609375,0.048828125,-0.439453125,-0.048828125,-0.81787109375
0,0.146484375,-0.5859375,0.03662109375,-0.15869140625,-0.08544921875,-0.2685546875,-0.0732421875,-0.01220703125,0.10986328125,-0.08544921875,0.08544921875,-0.927734375,-0.03662109375,1.03759765625,0.0244140625,-0.2685546875,-0.15869140625,-0.6103515625,0.06103515625,-0.20751953125,0.0732421875,0.87890625,0.0244140625,-0.57373046875,-0.13427734375,-0.15869140625,0.09765625,-0.830078125,-0.5126953125,0.86669921875,0.048828125,-0.0732421875,-0.28076171875,1.08642578125,0.64697265625,0.08544921875,-0.146484375,2.20947265625,-0.18310546875,0.68359375,-0.15869140625,-0.23193359375,-0.40283203125,-0.68359375,0.13427734375,-0.48828125,0.20751953125,0.54931640625,0.1220703125,2.25830078125,-0.13427734375,3.6865234375,0.3662109375,1.025390625,-0.244140625,1.59912109375,-0.0244140625,0.8056640625,-0.08544921875,0.6103515625,-0.20751953125,0.54931640625,0.048828125,0.23193359375,0.0732421875,2.0751953125,-0.06103515625,2.1240234375,-0.2197265625,2.4169921875,0.01220703125,1.3427734375,-0.25634765625,-0.3173828125,-0.30517578125,0.35400390625,-0.01220703125,-0.37841796875,0.0244140625,0.927734375,0.18310546875,-1.13525390625,-0.09765625,-0.6103515625,0.29296875,-1.08642578125,-0.09765625,-0.8544921875,0.18310546875,-1.52587890625,-0.0732421875,-0.2685546875,0.1220703125,-0.37841796875,-0.06103515625,-1.50146484375,-0.048828125,-0.72021484375,0.1220703125,-0.67138671875,-0.1953125,-0.64697265625,0.01220703125,-0.0732421875,0,-0.74462890625,-0.390625,-1.47705078125,-0.1953125,-1.07421875,0.03662109375,0.244140625,0.15869140625,0.28076171875,0.20751953125,-0.0244140625,-0.08544921875,-0.06103515625,-0.08544921875,0.13427734375,-0.2197265625,-0.37841796875,-0.10986328125,0.40283203125,0.03662109375,-0.7568359375,-0.048828125,-0.9521484375
0,0.15869140625,-0.4638671875,0.03662109375,-0.13427734375,-0.01220703125,-0.23193359375,-0.048828125,0.06103515625,0.09765625,-0.09765625,0.048828125,-0.927734375,-0.0244140625,1.025390625,0.0732421875,-0.244140625,-0.13427734375,-0.59814453125,0.0732421875,-0.2197265625,0.03662109375,0.87890625,0.03662109375,-0.57373046875,-0.10986328125,-0.15869140625,0.048828125,-0.830078125,-0.341796875,0.84228515625,0.01220703125,-0.06103515625,-0.30517578125,0.68359375,0.68359375,-0.29296875,-0.1220703125,1.6845703125,-0.2197265625,0.2685546875,-0.06103515625,-0.23193359375,-0.40283203125,-0.69580078125,0.048828125,-0.4638671875,0.28076171875,0.5615234375,0.08544921875,2.099609375,-0.06103515625,3.2470703125,0.3173828125,0.86669921875,-0.18310546875,1.47705078125,-0.0244140625,0.81787109375,-0.0732421875,0.62255859375,-0.13427734375,0.54931640625,-0.01220703125,0.244140625,0.146484375,1.67236328125,-0.06103515625,1.806640625,-0.25634765625,1.806640625,0.01220703125,1.0498046875,-0.23193359375,-0.64697265625,-0.3173828125,0,-0.0244140625,-0.62255859375,0.09765625,0.64697265625,0.15869140625,-1.15966796875,-0.1220703125,-0.7080078125,0.30517578125,-1.08642578125,-0.06103515625,-0.87890625,0.23193359375,-1.52587890625,-0.09765625,-0.244140625,0.244140625,-0.3662109375,0.0244140625,-1.513671875,-0.03662109375,-0.7080078125,0.0732421875,-0.6591796875,-0.2197265625,-0.64697265625,0.03662109375,-0.09765625,-0.01220703125,-0.7568359375,-0.341796875,-1.4892578125,-0.20751953125,-1.06201171875,0.01220703125,0.25634765625,0.15869140625,0.28076171875,0.18310546875,0,-0.06103515625,-0.06103515625,-0.0732421875,0.13427734375,-0.23193359375,-0.42724609375,-0.10986328125,0.40283203125,0.03662109375,-0.93994140625,-0.048828125,-1.0009765625
0,0.09765625,-0.3662109375,0,-0.08544921875,-0.06103515625,-0.1953125,-0.0732421875,0.1220703125,0.0732421875,-0.10986328125,0.03662109375,-0.927734375,-0.0244140625,1.0009765625,0.08544921875,-0.1953125,-0.1220703125,-0.6103515625,0.0732421875,-0.20751953125,0.06103515625,0.89111328125,0.0244140625,-0.57373046875,-0.06103515625,-0.1708984375,0,-0.830078125,-0.15869140625,0.84228515625,-0.0244140625,-0.048828125,-0.30517578125,0.40283203125,0.7080078125,-0.57373046875,-0.13427734375,1.28173828125,-0.18310546875,-0.0244140625,-0.03662109375,-0.23193359375,-0.390625,-0.69580078125,0,-0.4638671875,0.30517578125,0.54931640625,0.0732421875,1.91650390625,-0.09765625,2.69775390625,0.20751953125,0.634765625,-0.1220703125,1.2939453125,-0.01220703125,0.79345703125,-0.13427734375,0.62255859375,-0.10986328125,0.62255859375,-0.0244140625,0.244140625,0.13427734375,1.28173828125,-0.1220703125,1.52587890625,-0.2685546875,1.1962890625,-0.01220703125,0.79345703125,-0.244140625,-0.76904296875,-0.30517578125,-0.08544921875,-0.0244140625,-0.7080078125,0.15869140625,0.57373046875,0.146484375,-1.1962890625,-0.146484375,-0.74462890625,0.30517578125,-1.11083984375,0,-0.89111328125,0.1953125,-1.55029296875,-0.10986328125,-0.2685546875,0.341796875,-0.3662109375,0.048828125,-1.513671875,0,-0.7080078125,0,-0.67138671875,-0.2685546875,-0.64697265625,0,-0.08544921875,0,-0.74462890625,-0.3173828125,-1.47705078125,-0.1708984375,-1.06201171875,-0.03662109375,0.25634765625,0.146484375,0.30517578125,0.1708984375,-0.01220703125,-0.0732421875,-0.0732421875,-0.06103515625,0.146484375,-0.25634765625,-0.4638671875,-0.1220703125,0.42724609375,0.048828125,-1.03759765625,-0.06103515625,-1.01318359375
0,0.1220703125,-0.28076171875,0.0244140625,-0.08544921875,-0.03662109375,-0.1953125,-0.03662109375,0.146484375,0.06103515625,-0.1220703125,0.01220703125,-0.93994140625,-0.0244140625,1.01318359375,0.0732421875,-0.15869140625,-0.1220703125,-0.59814453125,0.01220703125,-0.2197265625,0.08544921875,0.91552734375,-0.048828125,-0.59814453125,-0.06103515625,-0.18310546875,-0.0732421875,-0.81787109375,-0.01220703125,0.830078125,-0.08544921875,-0.048828125,-0.2685546875,0.146484375,0.64697265625,-0.78125,-0.146484375,0.927734375,-0.1220703125,-0.23193359375,-0.01220703125,-0.23193359375,-0.3662109375,-0.69580078125,-0.13427734375,-0.4638671875,0.29296875,0.537109375,0.0732421875,1.7333984375,-0.10986328125,2.099609375,0.1220703125,0.37841796875,-0.06103515625,1.13525390625,-0.01220703125,0.79345703125,-0.2197265625,0.6103515625,-0.09765625,0.7568359375,-0.048828125,0.23193359375,0.15869140625,1.025390625,-0.09765625,1.33056640625,-0.20751953125,0.7080078125,-0.0244140625,0.5859375,-0.29296875,-0.74462890625,-0.3662109375,0.01220703125,-0.08544921875,-0.67138671875,0.146484375,0.5859375,0.13427734375,-1.23291015625,-0.2685546875,-0.79345703125,0.28076171875,-1.11083984375,0.048828125,-0.91552734375,0.13427734375,-1.55029296875,-0.10986328125,-0.25634765625,0.42724609375,-0.37841796875,0.10986328125,-1.4892578125,0,-0.7080078125,-0.06103515625,-0.6591796875,-0.2685546875,-0.6591796875,-0.0244140625,-0.0732421875,-0.01220703125,-0.732421875,-0.244140625,-1.47705078125,-0.1708984375,-1.06201171875,-0.08544921875,0.2685546875,0.13427734375,0.3173828125,0.1220703125,0,-0.0732421875,-0.09765625,-0.0732421875,0.15869140625,-0.25634765625,-0.4638671875,-0.1220703125,0.4638671875,0.08544921875,-1.08642578125,-0.0732421875,-0.98876953125
0,0.09765625,-0.25634765625,0.01220703125,-0.1220703125,-0.06103515625,-0.2197265625,-0.0244140625,0.1708984375,0.03662109375,-0.13427734375,0.01220703125,-0.9033203125,-0.0244140625,1.025390625,0.0732421875,-0.1220703125,-0.10986328125,-0.5859375,-0.03662109375,-0.20751953125,0.08544921875,0.9033203125,-0.15869140625,-0.59814453125,-0.03662109375,-0.18310546875,-0.1708984375,-0.81787109375,0.1220703125,0.79345703125,-0.15869140625,-0.06103515625,-0.2197265625,-0.06103515625,0.64697265625,-0.9033203125,-0.1953125,0.59814453125,-0.03662109375,-0.40283203125,0.01220703125,-0.23193359375,-0.341796875,-0.69580078125,-0.244140625,-0.439453125,0.29296875,0.537109375,0.03662109375,1.5380859375,-0.1220703125,1.45263671875,0.03662109375,0.1220703125,-0.03662109375,0.9521484375,-0.01220703125,0.78125,-0.2685546875,0.5859375,-0.048828125,0.91552734375,-0.01220703125,0.23193359375,0.15869140625,0.89111328125,-0.1220703125,1.25732421875,-0.2197265625,0.42724609375,-0.0244140625,0.52490234375,-0.244140625,-0.64697265625,-0.3173828125,0.2685546875,-0.01220703125,-0.5859375,0.20751953125,0.6591796875,0.18310546875,-1.2451171875,-0.25634765625,-0.79345703125,0.30517578125,-1.123046875,0.1220703125,-0.927734375,0.06103515625,-1.55029296875,-0.06103515625,-0.29296875,0.48828125,-0.35400390625,0.146484375,-1.50146484375,0,-0.7080078125,-0.09765625,-0.67138671875,-0.23193359375,-0.64697265625,-0.048828125,-0.08544921875,0.01220703125,-0.732421875,-0.1953125,-1.47705078125,-0.18310546875,-1.03759765625,-0.1220703125,0.2685546875,0.1220703125,0.3173828125,0.0732421875,0,-0.06103515625,-0.08544921875,-0.0732421875,0.15869140625,-0.244140625,-0.45166015625,-0.08544921875,0.50048828125,0.0732421875,-1.025390625,-0.08544921875,-0.96435546875
0,0.0732421875,-0.28076171875,0.01220703125,-0.1708984375,-0.0732421875,-0.28076171875,-0.0244140625,0.13427734375,0.01220703125,-0.13427734375,-0.01220703125,-0.91552734375,-0.0244140625,1.01318359375,0.08544921875,-0.08544921875,-0.09765625,-0.57373046875,-0.0732421875,-0.1953125,0.0732421875,0.927734375,-0.244140625,-0.57373046875,-0.01220703125,-0.1953125,-0.25634765625,-0.81787109375,0.1953125,0.8056640625,-0.15869140625,-0.03662109375,-0.20751953125,-0.2685546875,0.5615234375,-1.03759765625,-0.2197265625,0.244140625,0.048828125,-0.5615234375,0.06103515625,-0.244140625,-0.244140625,-0.69580078125,-0.3173828125,-0.45166015625,0.20751953125,0.537109375,0.03662109375,1.40380859375,-0.1220703125,0.927734375,-0.06103515625,-0.06103515625,-0.0732421875,0.81787109375,0.06103515625,0.76904296875,-0.244140625,0.54931640625,-0.03662109375,1.06201171875,0,0.23193359375,0.15869140625,0.96435546875,-0.13427734375,1.3427734375,-0.08544921875,0.45166015625,-0.09765625,0.59814453125,-0.1953125,-0.48828125,-0.28076171875,0.57373046875,0.08544921875,-0.4638671875,0.23193359375,0.76904296875,0.15869140625,-1.25732421875,-0.29296875,-0.7568359375,0.244140625,-1.13525390625,0.10986328125,-0.927734375,-0.03662109375,-1.52587890625,-0.048828125,-0.28076171875,0.50048828125,-0.37841796875,0.1220703125,-1.513671875,0,-0.7080078125,-0.1220703125,-0.67138671875,-0.25634765625,-0.634765625,-0.08544921875,-0.06103515625,0.08544921875,-0.732421875,-0.09765625,-1.47705078125,-0.1953125,-1.03759765625,-0.146484375,0.29296875,0.08544921875,0.30517578125,0.048828125,0,-0.0732421875,-0.08544921875,-0.0732421875,0.1708984375,-0.25634765625,-0.390625,-0.146484375,0.5126953125,0.048828125,-0.9521484375,-0.13427734375,-0.927734375
0,0.06103515625,-0.35400390625,-0.01220703125,-0.25634765625,-0.09765625,-0.35400390625,-0.03662109375,0.09765625,-0.01220703125,-0.13427734375,-0.0244140625,-0.93994140625,-0.03662109375,1.01318359375,0.0732421875,-0.10986328125,-0.08544921875,-0.57373046875,-0.1220703125,-0.1953125,-0.01220703125,0.91552734375,-0.29296875,-0.57373046875,-0.0244140625,-0.18310546875,-0.341796875,-0.81787109375,0.28076171875,0.8056640625,-0.1220703125,-0.048828125,-0.18310546875,-0.42724609375,0.47607421875,-1.0986328125,-0.28076171875,-0.146484375,0.1220703125,-0.72021484375,0.0732421875,-0.244140625,-0.18310546875,-0.69580078125,-0.35400390625,-0.45166015625,0.1708984375,0.537109375,0.0732421875,1.3671875,-0.1220703125,0.54931640625,-0.10986328125,-0.18310546875,-0.0732421875,0.7568359375,0.09765625,0.76904296875,-0.20751953125,0.537109375,0.0244140625,1.1962890625,0.01220703125,0.2197265625,0.146484375,1.25732421875,-0.1220703125,1.611328125,0.048828125,0.84228515625,-0.18310546875,0.830078125,-0.146484375,-0.35400390625,-0.1708984375,0.830078125,0.23193359375,-0.3662109375,0.146484375,0.87890625,0.1220703125,-1.23291015625,-0.29296875,-0.69580078125,0.23193359375,-1.123046875,0.048828125,-0.927734375,-0.146484375,-1.5380859375,-0.03662109375,-0.29296875,0.54931640625,-0.390625,0.048828125,-1.5380859375,-0.03662109375,-0.7080078125,-0.09765625,-0.64697265625,-0.28076171875,-0.64697265625,-0.10986328125,-0.0732421875,0.08544921875,-0.732421875,-0.01220703125,-1.4892578125,-0.23193359375,-1.03759765625,-0.1220703125,0.29296875,0.048828125,0.28076171875,0.01220703125,0,-0.08544921875,-0.0732421875,-0.0732421875,0.15869140625,-0.25634765625,-0.35400390625,-0.15869140625,0.52490234375,0.03662109375,-0.89111328125,-0.146484375,-0.93994140625
0,0.03662109375,-0.4150390625,0,-0.30517578125,-0.09765625,-0.40283203125,-0.03662109375,0.048828125,-0.06103515625,-0.10986328125,-0.01220703125,-0.927734375,-0.0244140625,1.025390625,0.06103515625,-0.13427734375,-0.03662109375,-0.59814453125,-0.1220703125,-0.20751953125,-0.146484375,0.91552734375,-0.2685546875,-0.59814453125,0,-0.20751953125,-0.35400390625,-0.830078125,0.3173828125,0.8056640625,-0.09765625,-0.03662109375,-0.30517578125,-0.57373046875,0.35400390625,-1.20849609375,-0.37841796875,-0.54931640625,0.146484375,-0.86669921875,0.06103515625,-0.244140625,-0.146484375,-0.7080078125,-0.29296875,-0.45166015625,0.08544921875,0.537109375,0.03662109375,1.3427734375,-0.23193359375,0.45166015625,-0.15869140625,-0.2197265625,-0.10986328125,0.74462890625,0.08544921875,0.7568359375,-0.15869140625,0.537109375,0.09765625,1.23291015625,0.1708984375,0.2197265625,0.08544921875,1.7578125,-0.13427734375,2.001953125,0.03662109375,1.55029296875,-0.28076171875,1.220703125,-0.1953125,-0.28076171875,-0.0732421875,0.96435546875,0.28076171875,-0.29296875,0.10986328125,0.9521484375,0.10986328125,-1.23291015625,-0.23193359375,-0.64697265625,0.25634765625,-1.123046875,0,-0.927734375,-0.18310546875,-1.513671875,-0.01220703125,-0.3173828125,0.5126953125,-0.37841796875,0.0244140625,-1.52587890625,-0.06103515625,-0.732421875,-0.06103515625,-0.67138671875,-0.29296875,-0.59814453125,-0.10986328125,-0.0732421875,0.13427734375,-0.76904296875,0.06103515625,-1.50146484375,-0.2685546875,-1.025390625,-0.13427734375,0.30517578125,0,0.25634765625,-0.01220703125,0,-0.0732421875,-0.048828125,-0.0732421875,0.18310546875,-0.2685546875,-0.32958984375,-0.15869140625,0.5126953125,0.0244140625,-0.8056640625,-0.1220703125,-0.927734375
0,0.01220703125,-0.48828125,0,-0.29296875,-0.1220703125,-0.4150390625,-0.03662109375,0.06103515625,-0.08544921875,-0.0732421875,-0.03662109375,-0.93994140625,-0.01220703125,1.025390625,0.03662109375,-0.1220703125,-0.048828125,-0.5859375,-0.08544921875,-0.23193359375,-0.20751953125,0.91552734375,-0.20751953125,-0.6103515625,-0.0732421875,-0.18310546875,-0.3173828125,-0.830078125,0.3662109375,0.8056640625,-0.0732421875,-0.06103515625,-0.35400390625,-0.74462890625,0.341796875,-1.2939453125,-0.4638671875,-0.91552734375,0.1953125,-1.03759765625,0.0244140625,-0.2685546875,-0.15869140625,-0.69580078125,-0.23193359375,-0.50048828125,0.048828125,0.52490234375,0,1.416015625,-0.18310546875,0.6591796875,-0.13427734375,-0.15869140625,-0.1708984375,0.84228515625,0.08544921875,0.78125,-0.09765625,0.52490234375,0.15869140625,1.1962890625,0.25634765625,0.2197265625,0.06103515625,2.4658203125,-0.09765625,2.52685546875,0.0732421875,2.5390625,-0.28076171875,1.7333984375,-0.20751953125,-0.25634765625,-0.03662109375,1.025390625,0.29296875,-0.25634765625,-0.01220703125,0.9765625,0.08544921875,-1.20849609375,-0.23193359375,-0.59814453125,0.20751953125,-1.0986328125,-0.0732421875,-0.9033203125,-0.2197265625,-1.50146484375,-0.0244140625,-0.30517578125,0.4638671875,-0.4150390625,-0.01220703125,-1.57470703125,-0.048828125,-0.72021484375,-0.01220703125,-0.68359375,-0.2685546875,-0.59814453125,-0.0732421875,-0.0732421875,0.15869140625,-0.76904296875,0.13427734375,-1.4892578125,-0.25634765625,-1.01318359375,-0.10986328125,0.29296875,-0.03662109375,0.25634765625,-0.03662109375,-0.01220703125,-0.0732421875,-0.03662109375,-0.08544921875,0.1708984375,-0.28076171875,-0.3173828125,-0.13427734375,0.50048828125,0,-0.76904296875,-0.13427734375,-0.927734375
0,-0.048828125,-0.5126953125,-0.03662109375,-0.2685546875,-0.13427734375,-0.42724609375,-0.0732421875,0.0732421875,-0.10986328125,-0.06103515625,-0.048828125,-0.93994140625,0,1.025390625,0.01220703125,-0.146484375,-0.0732421875,-0.5859375,-0.0732421875,-0.244140625,-0.30517578125,0.927734375,-0.13427734375,-0.59814453125,-0.1220703125,-0.1708984375,-0.25634765625,-0.84228515625,0.37841796875,0.830078125,-0.09765625,-0.0732421875,-0.40283203125,-0.89111328125,0.30517578125,-1.37939453125,-0.5126953125,-1.20849609375,0.244140625,-1.18408203125,-0.03662109375,-0.2685546875,-0.23193359375,-0.7080078125,-0.1953125,-0.48828125,0,0.537109375,-0.048828125,1.5869140625,-0.146484375,1.1962890625,-0.1220703125,0,-0.23193359375,1.03759765625,0.0244140625,0.8056640625,-0.0244140625,0.52490234375,0.146484375,1.123046875,0.30517578125,0.23193359375,0.03662109375,3.2470703125,-0.13427734375,3.125,0.10986328125,3.67431640625,-0.28076171875,2.30712890625,-0.244140625,-0.25634765625,0.01220703125,0.9521484375,0.2197265625,-0.29296875,-0.048828125,0.9521484375,0.048828125,-1.1962890625,-0.146484375,-0.5126953125,0.146484375,-1.08642578125,-0.06103515625,-0.87890625,-0.1953125,-1.4892578125,-0.03662109375,-0.3173828125,0.4150390625,-0.45166015625,-0.048828125,-1.57470703125,-0.03662109375,-0.732421875,0.03662109375,-0.68359375,-0.2197265625,-0.59814453125,-0.0732421875,-0.0732421875,0.1708984375,-0.76904296875,0.1953125,-1.4892578125,-0.28076171875,-1.01318359375,-0.08544921875,0.30517578125,-0.06103515625,0.2685546875,-0.0732421875,-0.048828125,-0.0732421875,0,-0.08544921875,0.1708984375,-0.2685546875,-0.3173828125,-0.1708984375,0.50048828125,-0.01220703125,-0.74462890625,-0.13427734375,-0.927734375
0,0.01220703125,-0.50048828125,-0.03662109375,-0.20751953125,-0.08544921875,-0.35400390625,-0.06103515625,0.08544921875,-0.10986328125,-0.0732421875,-0.06103515625,-0.927734375,0.01220703125,1.01318359375,0.0244140625,-0.1708984375,-0.10986328125,-0.59814453125,0,-0.244140625,-0.32958984375,0.91552734375,-0.09765625,-0.62255859375,-0.1953125,-0.1708984375,-0.18310546875,-0.86669921875,0.32958984375,0.830078125,-0.08544921875,-0.09765625,-0.439453125,-0.98876953125,0.28076171875,-1.40380859375,-0.52490234375,-1.4404296875,0.244140625,-1.30615234375,-0.0732421875,-0.25634765625,-0.3662109375,-0.68359375,-0.09765625,-0.48828125,0.0244140625,0.537109375,-0.1220703125,1.81884765625,-0.06103515625,2.0263671875,-0.1220703125,0.23193359375,-0.32958984375,1.26953125,-0.048828125,0.8056640625,0.048828125,0.54931640625,0.146484375,0.9765625,0.3173828125,0.2685546875,-0.03662109375,4.06494140625,-0.1220703125,3.74755859375,0.03662109375,4.87060546875,-0.2197265625,2.89306640625,-0.23193359375,-0.32958984375,-0.01220703125,0.81787109375,0.13427734375,-0.32958984375,-0.0244140625,0.93994140625,0.0244140625,-1.171875,-0.06103515625,-0.50048828125,0.03662109375,-1.08642578125,-0.08544921875,-0.87890625,-0.146484375,-1.47705078125,-0.048828125,-0.3173828125,0.35400390625,-0.4638671875,-0.0244140625,-1.57470703125,-0.01220703125,-0.72021484375,0.06103515625,-0.68359375,-0.1708984375,-0.5859375,-0.03662109375,-0.06103515625,0.23193359375,-0.78125,0.2197265625,-1.4892578125,-0.25634765625,-1.01318359375,-0.08544921875,0.3173828125,-0.10986328125,0.2685546875,-0.09765625,-0.03662109375,-0.0732421875,-0.01220703125,-0.0732421875,0.1708984375,-0.2685546875,-0.32958984375,-0.15869140625,0.48828125,-0.01220703125,-0.7568359375,-0.1220703125,-0.9033203125
0,0.01220703125,-0.45166015625,-0.06103515625,-0.13427734375,-0.09765625,-0.28076171875,-0.08544921875,0.13427734375,-0.13427734375,-0.06103515625,-0.08544921875,-0.91552734375,0.0244140625,1.01318359375,0.048828125,-0.18310546875,-0.146484375,-0.62255859375,0.06103515625,-0.244140625,-0.28076171875,0.9033203125,-0.10986328125,-0.6103515625,-0.244140625,-0.146484375,-0.09765625,-0.8544921875,0.244140625,0.830078125,-0.048828125,-0.10986328125,-0.4150390625,-1.025390625,0.23193359375,-1.42822265625,-0.57373046875,-1.5380859375,0.1708984375,-1.3671875,-0.15869140625,-0.244140625,-0.47607421875,-0.69580078125,0.01220703125,-0.48828125,0.09765625,0.57373046875,-0.20751953125,2.1484375,-0.048828125,3.06396484375,-0.146484375,0.537109375,-0.40283203125,1.5869140625,-0.06103515625,0.830078125,0.0244140625,0.54931640625,0.13427734375,0.81787109375,0.2685546875,0.30517578125,-0.01220703125,4.82177734375,-0.09765625,4.3212890625,0.06103515625,5.95703125,-0.18310546875,3.40576171875,-0.244140625,-0.37841796875,0.06103515625,0.634765625,0.0244140625,-0.3662109375,-0.048828125,0.9033203125,0.0244140625,-1.1474609375,0,-0.4638671875,-0.08544921875,-1.07421875,-0.09765625,-0.87890625,-0.06103515625,-1.4892578125,-0.048828125,-0.3173828125,0.28076171875,-0.4638671875,0,-1.5869140625,0.0244140625,-0.732421875,0.03662109375,-0.6591796875,-0.10986328125,-0.5859375,0.0244140625,-0.08544921875,0.1953125,-0.79345703125,0.20751953125,-1.47705078125,-0.25634765625,-1.01318359375,-0.06103515625,0.30517578125,-0.146484375,0.29296875,-0.1220703125,-0.03662109375,-0.0732421875,0,-0.10986328125,0.15869140625,-0.28076171875,-0.32958984375,-0.1220703125,0.50048828125,-0.0244140625,-0.78125,-0.10986328125,-0.927734375
1,-0.01220703125,-0.37841796875,-0.06103515625,-0.0732421875,-0.08544921875,-0.1953125,-0.08544921875,0.18310546875,-0.13427734375,-0.08544921875,-0.048828125,-0.927734375,0.0244140625,1.03759765625,0.0732421875,-0.1953125,-0.15869140625,-0.62255859375,0.09765625,-0.25634765625,-0.244140625,0.89111328125,-0.1220703125,-0.59814453125,-0.2685546875,-0.146484375,0,-0.84228515625,0.15869140625,0.81787109375,-0.0732421875,-0.10986328125,-0.45166015625,-1.025390625,0.146484375,-1.42822265625,-0.59814453125,-1.50146484375,0.048828125,-1.37939453125,-0.2685546875,-0.244140625,-0.5615234375,-0.69580078125,0.08544921875,-0.47607421875,0.18310546875,0.54931640625,-0.28076171875,2.5146484375,0.048828125,4.26025390625,-0.09765625,0.830078125,-0.47607421875,1.904296875,-0.06103515625,0.84228515625,0.0244140625,0.5859375,0.1708984375,0.6591796875,0.3173828125,0.35400390625,0.0244140625,5.45654296875,0,4.7607421875,-0.01220703125,6.89697265625,-0.09765625,3.8330078125,-0.18310546875,-0.40283203125,0.15869140625,0.50048828125,-0.08544921875,-0.40283203125,0.0244140625,0.87890625,0.048828125,-1.13525390625,0.03662109375,-0.45166015625,-0.20751953125,-1.07421875,-0.09765625,-0.84228515625,0.0244140625,-1.50146484375,-0.048828125,-0.29296875,0.20751953125,-0.47607421875,0.01220703125,-1.59912109375,0.03662109375,-0.74462890625,0.03662109375,-0.64697265625,-0.06103515625,-0.6103515625,0.09765625,-0.06103515625,0.13427734375,-0.76904296875,0.1953125,-1.45263671875,-0.2685546875,-1.01318359375,-0.01220703125,0.2685546875,-0.18310546875,0.29296875,-0.146484375,-0.06103515625,-0.06103515625,-0.01220703125,-0.08544921875,0.146484375,-0.29296875,-0.341796875,-0.10986328125,0.50048828125,-0.01220703125,-0.830078125,-0.08544921875,-0.9033203125
1,-0.03662109375,-0.32958984375,-0.10986328125,-0.0244140625,-0.10986328125,-0.15869140625,-0.10986328125,0.20751953125,-0.146484375,-0.10986328125,-0.0732421875,-0.93994140625,0,1.01318359375,0.09765625,-0.1953125,-0.1708984375,-0.59814453125,0.15869140625,-0.23193359375,-0.20751953125,0.9033203125,-0.1708984375,-0.59814453125,-0.28076171875,-0.15869140625,0.0732421875,-0.830078125,0,0.81787109375,-0.0732421875,-0.0732421875,-0.48828125,-0.96435546875,0.06103515625,-1.3671875,-0.59814453125,-1.3671875,-0.03662109375,-1.30615234375,-0.3173828125,-0.244140625,-0.5859375,-0.7080078125,0.1708984375,-0.4638671875,0.25634765625,0.537109375,-0.32958984375,2.89306640625,0.244140625,5.3955078125,-0.08544921875,1.07421875,-0.54931640625,2.23388671875,-0.03662109375,0.84228515625,0.08544921875,0.6103515625,0.1953125,0.537109375,0.341796875,0.40283203125,0.0244140625,5.89599609375,0.03662109375,5.06591796875,-0.0732421875,7.50732421875,-0.01220703125,4.0771484375,-0.1220703125,-0.390625,0.08544921875,0.390625,-0.20751953125,-0.390625,0.06103515625,0.91552734375,0.08544921875,-1.13525390625,0.06103515625,-0.439453125,-0.35400390625,-1.07421875,-0.09765625,-0.8056640625,0.08544921875,-1.52587890625,-0.06103515625,-0.2685546875,0.08544921875,-0.45166015625,-0.01220703125,-1.57470703125,0.08544921875,-0.732421875,0.01220703125,-0.64697265625,-0.08544921875,-0.6103515625,0.1220703125,-0.06103515625,0.10986328125,-0.7568359375,0.1220703125,-1.45263671875,-0.244140625,-1.025390625,-0.0244140625,0.2685546875,-0.20751953125,0.3173828125,-0.13427734375,-0.048828125,-0.0732421875,-0.048828125,-0.06103515625,0.15869140625,-0.30517578125,-0.341796875,-0.09765625,0.48828125,0.0244140625,-0.87890625,-0.1220703125,-0.9033203125
1,-0.1220703125,-0.28076171875,-0.09765625,0,-0.1220703125,-0.1220703125,-0.08544921875,0.2197265625,-0.10986328125,-0.1220703125,-0.06103515625,-0.927734375,-0.048828125,1.025390625,0.08544921875,-0.18310546875,-0.15869140625,-0.5859375,0.1708984375,-0.2197265625,-0.08544921875,0.86669921875,-0.1953125,-0.6103515625,-0.29296875,-0.1708984375,0.146484375,-0.84228515625,-0.146484375,0.81787109375,-0.0732421875,-0.048828125,-0.54931640625,-0.87890625,-0.048828125,-1.2939453125,-0.59814453125,-1.1474609375,-0.146484375,-1.20849609375,-0.35400390625,-0.25634765625,-0.5859375,-0.7080078125,0.1953125,-0.4638671875,0.35400390625,0.54931640625,-0.35400390625,3.23486328125,0.2685546875,6.45751953125,-0.048828125,1.30615234375,-0.537109375,2.50244140625,0.01220703125,0.84228515625,0.08544921875,0.6103515625,0.13427734375,0.47607421875,0.3173828125,0.45166015625,0.06103515625,6.11572265625,0.1220703125,5.18798828125,-0.09765625,7.75146484375,0.0732421875,4.1748046875,0.0244140625,-0.341796875,0.18310546875,0.37841796875,-0.244140625,-0.35400390625,0.15869140625,0.9765625,0.15869140625,-1.11083984375,0.0732421875,-0.42724609375,-0.439453125,-1.06201171875,-0.09765625,-0.78125,0.10986328125,-1.513671875,-0.0732421875,-0.2685546875,-0.03662109375,-0.45166015625,-0.0244140625,-1.5380859375,0.1220703125,-0.732421875,0,-0.64697265625,-0.08544921875,-0.64697265625,0.1708984375,-0.06103515625,0.09765625,-0.74462890625,0.06103515625,-1.47705078125,-0.2197265625,-1.0498046875,-0.06103515625,0.2685546875,-0.1953125,0.32958984375,-0.1708984375,-0.048828125,-0.08544921875,-0.048828125,-0.06103515625,0.13427734375,-0.32958984375,-0.341796875,-0.06103515625,0.48828125,0.0732421875,-0.9033203125,-0.10986328125,-0.87890625
1,-0.06103515625,-0.2685546875,-0.09765625,-0.048828125,-0.1220703125,-0.1220703125,-0.06103515625,0.15869140625,-0.06103515625,-0.10986328125,-0.0732421875,-0.93994140625,-0.06103515625,1.03759765625,0.0732421875,-0.18310546875,-0.13427734375,-0.5859375,0.13427734375,-0.1953125,-0.03662109375,0.89111328125,-0.2197265625,-0.5859375,-0.29296875,-0.18310546875,0.1953125,-0.81787109375,-0.23193359375,0.81787109375,-0.06103515625,-0.03662109375,-0.57373046875,-0.74462890625,-0.09765625,-1.20849609375,-0.5615234375,-0.89111328125,-0.146484375,-1.08642578125,-0.341796875,-0.2685546875,-0.57373046875,-0.69580078125,0.23193359375,-0.4638671875,0.35400390625,0.537109375,-0.32958984375,3.5400390625,0.15869140625,7.31201171875,-0.048828125,1.50146484375,-0.5615234375,2.72216796875,0.09765625,0.8544921875,0.048828125,0.5859375,0.0732421875,0.47607421875,0.48828125,0.50048828125,0.01220703125,6.0791015625,0.146484375,5.126953125,-0.09765625,7.6904296875,0.10986328125,4.052734375,-0.01220703125,-0.244140625,0.01220703125,0.4638671875,-0.40283203125,-0.2685546875,0.10986328125,1.06201171875,0.1953125,-1.11083984375,0.146484375,-0.439453125,-0.50048828125,-1.06201171875,-0.1220703125,-0.78125,0.15869140625,-1.57470703125,-0.09765625,-0.25634765625,-0.09765625,-0.40283203125,-0.01220703125,-1.5380859375,0.1220703125,-0.72021484375,0.01220703125,-0.634765625,-0.09765625,-0.67138671875,0.18310546875,-0.048828125,0.10986328125,-0.732421875,0,-1.47705078125,-0.15869140625,-1.0498046875,-0.0732421875,0.25634765625,-0.2197265625,0.30517578125,-0.15869140625,-0.0244140625,-0.0732421875,-0.08544921875,-0.0732421875,0.15869140625,-0.341796875,-0.3173828125,-0.0244140625,0.48828125,0.06103515625,-0.93994140625,-0.10986328125,-0.9033203125
1,0.0732421875,-0.28076171875,-0.09765625,-0.08544921875,-0.1220703125,-0.1708984375,-0.06103515625,0.13427734375,-0.03662109375,-0.10986328125,-0.06103515625,-0.9521484375,-0.0732421875,1.025390625,0.048828125,-0.146484375,-0.10986328125,-0.59814453125,0.06103515625,-0.1953125,-0.03662109375,0.87890625,-0.25634765625,-0.5859375,-0.2685546875,-0.1953125,0.2197265625,-0.81787109375,-0.3173828125,0.81787109375,-0.06103515625,-0.03662109375,-0.57373046875,-0.6591796875,-0.10986328125,-1.123046875,-0.439453125,-0.67138671875,-0.13427734375,-0.96435546875,-0.30517578125,-0.2685546875,-0.52490234375,-0.69580078125,0.25634765625,-0.4638671875,0.4150390625,0.5126953125,-0.3173828125,3.7353515625,0.10986328125,7.84912109375,-0.09765625,1.5625,-0.57373046875,2.83203125,0.18310546875,0.84228515625,-0.0244140625,0.5859375,-0.01220703125,0.537109375,0.54931640625,0.52490234375,0.01220703125,5.7861328125,0.18310546875,4.87060546875,-0.03662109375,7.275390625,0.146484375,3.80859375,0.01220703125,-0.1220703125,-0.0732421875,0.62255859375,-0.390625,-0.18310546875,0.1708984375,1.15966796875,0.2197265625,-1.08642578125,0.146484375,-0.4150390625,-0.5126953125,-1.0498046875,-0.1220703125,-0.7568359375,0.146484375,-1.5380859375,-0.13427734375,-0.244140625,-0.20751953125,-0.390625,0.01220703125,-1.513671875,0.1220703125,-0.72021484375,0.0244140625,-0.634765625,-0.06103515625,-0.6591796875,0.13427734375,-0.048828125,0.146484375,-0.72021484375,-0.03662109375,-1.4892578125,-0.06103515625,-1.06201171875,-0.146484375,0.25634765625,-0.244140625,0.3173828125,-0.1953125,-0.01220703125,-0.0732421875,-0.08544921875,-0.06103515625,0.15869140625,-0.32958984375,-0.3173828125,-0.01220703125,0.47607421875,0.06103515625,-0.93994140625,-0.1220703125,-0.91552734375
1,-0.01220703125,-0.28076171875,-0.1220703125,-0.146484375,-0.08544921875,-0.23193359375,-0.06103515625,0.08544921875,-0.048828125,-0.1220703125,-0.03662109375,-0.96435546875,-0.08544921875,1.01318359375,0.01220703125,-0.10986328125,-0.0732421875,-0.5859375,-0.0244140625,-0.15869140625,-0.03662109375,0.87890625,-0.3173828125,-0.5859375,-0.23193359375,-0.20751953125,0.18310546875,-0.830078125,-0.3173828125,0.79345703125,-0.1220703125,-0.0244140625,-0.5859375,-0.5859375,-0.146484375,-1.03759765625,-0.45166015625,-0.48828125,-0.1220703125,-0.84228515625,-0.20751953125,-0.2685546875,-0.47607421875,-0.68359375,0.2197265625,-0.47607421875,0.45166015625,0.50048828125,-0.25634765625,3.8330078125,0.048828125,8.0810546875,-0.1220703125,1.5625,-0.5126953125,2.880859375,0.23193359375,0.84228515625,-0.03662109375,0.5859375,-0.03662109375,0.64697265625,0.54931640625,0.57373046875,0.01220703125,5.2978515625,0.1953125,4.47998046875,0.048828125,6.57958984375,0.18310546875,3.41796875,0.15869140625,0.01220703125,-0.048828125,0.830078125,-0.3173828125,-0.08544921875,0.18310546875,1.2451171875,0.244140625,-1.0986328125,0.23193359375,-0.390625,-0.45166015625,-1.07421875,-0.09765625,-0.7568359375,0.10986328125,-1.55029296875,-0.20751953125,-0.28076171875,-0.32958984375,-0.37841796875,0.0244140625,-1.4892578125,0.08544921875,-0.72021484375,0.048828125,-0.6591796875,0,-0.634765625,0.048828125,-0.0732421875,0.1708984375,-0.7080078125,-0.0732421875,-1.4892578125,0.0244140625,-1.06201171875,-0.18310546875,0.25634765625,-0.2197265625,0.32958984375,-0.23193359375,-0.0244140625,-0.0732421875,-0.06103515625,-0.0732421875,0.15869140625,-0.3173828125,-0.3173828125,-0.0244140625,0.47607421875,0.048828125,-0.9033203125,-0.10986328125,-0.91552734375
1,-0.048828125,-0.2197265625,-0.08544921875,-0.2197265625,-0.048828125,-0.2685546875,-0.06103515625,0.048828125,-0.03662109375,-0.10986328125,-0.0244140625,-0.96435546875,-0.06103515625,1.0009765625,0,-0.13427734375,-0.03662109375,-0.6103515625,-0.09765625,-0.15869140625,-0.1708984375,0.87890625,-0.40283203125,-0.5859375,-0.20751953125,-0.20751953125,0.15869140625,-0.81787109375,-0.2685546875,0.81787109375,-0.1708984375,-0.03662109375,-0.5126953125,-0.54931640625,-0.10986328125,-0.9765625,-0.341796875,-0.40283203125,0,-0.7568359375,-0.06103515625,-0.29296875,-0.37841796875,-0.7080078125,0.15869140625,-0.47607421875,0.40283203125,0.5126953125,-0.18310546875,3.79638671875,0.01220703125,8.02001953125,-0.146484375,1.47705078125,-0.47607421875,2.8076171875,0.2685546875,0.830078125,-0.0732421875,0.537109375,-0.06103515625,0.7568359375,0.50048828125,0.5859375,-0.0244140625,4.67529296875,0.1953125,4.00390625,0.13427734375,5.74951171875,0.18310546875,2.9296875,0.146484375,0.146484375,-0.23193359375,1.0498046875,-0.30517578125,0.01220703125,0.03662109375,1.35498046875,0.25634765625,-1.0986328125,0.1708984375,-0.4150390625,-0.37841796875,-1.0498046875,-0.08544921875,-0.72021484375,0.03662109375,-1.5380859375,-0.2685546875,-0.25634765625,-0.390625,-0.3662109375,0.0732421875,-1.50146484375,0.03662109375,-0.72021484375,0.06103515625,-0.64697265625,0.08544921875,-0.62255859375,-0.048828125,-0.0732421875,0.1708984375,-0.72021484375,-0.1220703125,-1.47705078125,0,-1.07421875,-0.1953125,0.2685546875,-0.244140625,0.30517578125,-0.2197265625,-0.0244140625,-0.0732421875,-0.0732421875,-0.08544921875,0.1953125,-0.30517578125,-0.32958984375,-0.01220703125,0.48828125,0.03662109375,-0.8544921875,-0.08544921875,-0.927734375
1,-0.0732421875,-0.03662109375,-0.09765625,-0.2197265625,-0.03662109375,-0.2685546875,-0.0732421875,0.06103515625,-0.048828125,-0.09765625,-0.03662109375,-0.96435546875,-0.0732421875,1.01318359375,0.0244140625,-0.146484375,0,-0.62255859375,-0.1953125,-0.1708984375,-0.30517578125,0.87890625,-0.45166015625,-0.59814453125,-0.18310546875,-0.20751953125,0.09765625,-0.81787109375,-0.20751953125,0.81787109375,-0.23193359375,-0.03662109375,-0.52490234375,-0.48828125,-0.1220703125,-0.96435546875,-0.37841796875,-0.37841796875,0,-0.69580078125,0.0732421875,-0.25634765625,-0.28076171875,-0.69580078125,0.09765625,-0.45166015625,0.40283203125,0.50048828125,-0.09765625,3.662109375,-0.048828125,7.67822265625,-0.13427734375,1.3671875,-0.40283203125,2.685546875,0.2685546875,0.830078125,-0.0732421875,0.52490234375,0,0.830078125,0.42724609375,0.6103515625,-0.03662109375,3.9794921875,0.25634765625,3.45458984375,0.1953125,4.84619140625,0.15869140625,2.42919921875,0.2197265625,0.28076171875,-0.2685546875,1.20849609375,-0.146484375,0.10986328125,-0.01220703125,1.45263671875,0.2197265625,-1.08642578125,0.15869140625,-0.42724609375,-0.23193359375,-1.0498046875,-0.10986328125,-0.74462890625,0,-1.55029296875,-0.3173828125,-0.2685546875,-0.4638671875,-0.37841796875,0.10986328125,-1.4892578125,0,-0.72021484375,0.0244140625,-0.64697265625,0.1220703125,-0.6103515625,-0.146484375,-0.08544921875,0.146484375,-0.732421875,-0.13427734375,-1.513671875,-0.0244140625,-1.06201171875,-0.23193359375,0.2685546875,-0.25634765625,0.30517578125,-0.2197265625,-0.03662109375,-0.06103515625,-0.048828125,-0.09765625,0.1708984375,-0.28076171875,-0.341796875,0,0.47607421875,0.048828125,-0.81787109375,-0.06103515625,-0.927734375
1,-0.08544921875,0.25634765625,-0.10986328125,-0.09765625,0,-0.18310546875,-0.06103515625,0.15869140625,-0.06103515625,-0.08544921875,0,-0.96435546875,-0.08544921875,1.0009765625,0.048828125,-0.146484375,0.0244140625,-0.6103515625,-0.244140625,-0.1708984375,-0.40283203125,0.89111328125,-0.50048828125,-0.59814453125,-0.15869140625,-0.20751953125,0.048828125,-0.81787109375,-0.146484375,0.81787109375,-0.20751953125,-0.06103515625,-0.54931640625,-0.48828125,-0.0244140625,-0.93994140625,-0.42724609375,-0.45166015625,0.03662109375,-0.68359375,0.20751953125,-0.244140625,-0.15869140625,-0.69580078125,0,-0.439453125,0.341796875,0.50048828125,0.0244140625,3.43017578125,-0.1220703125,7.12890625,-0.10986328125,1.20849609375,-0.3173828125,2.490234375,0.244140625,0.8056640625,-0.0732421875,0.5126953125,0.01220703125,0.86669921875,0.28076171875,0.62255859375,-0.03662109375,3.271484375,0.244140625,2.9296875,0.2197265625,3.94287109375,0.1220703125,1.9287109375,0.244140625,0.40283203125,-0.2197265625,1.3427734375,-0.0732421875,0.18310546875,-0.08544921875,1.55029296875,0.18310546875,-1.0986328125,0.08544921875,-0.45166015625,-0.10986328125,-1.0498046875,-0.09765625,-0.78125,-0.10986328125,-1.5380859375,-0.35400390625,-0.28076171875,-0.50048828125,-0.390625,0.09765625,-1.50146484375,-0.0244140625,-0.7080078125,0.01220703125,-0.67138671875,0.09765625,-0.5859375,-0.1953125,-0.08544921875,0.08544921875,-0.74462890625,-0.13427734375,-1.513671875,-0.06103515625,-1.0498046875,-0.244140625,0.28076171875,-0.30517578125,0.29296875,-0.1953125,-0.048828125,-0.06103515625,-0.03662109375,-0.10986328125,0.18310546875,-0.29296875,-0.3173828125,-0.03662109375,0.50048828125,0.01220703125,-0.76904296875,-0.048828125,-0.927734375
1,-0.1953125,0.732421875,-0.08544921875,0.048828125,0.01220703125,-0.03662109375,-0.06103515625,0.32958984375,-0.06103515625,-0.09765625,-0.03662109375,-0.96435546875,-0.0732421875,1.025390625,0.03662109375,-0.1708984375,0.03662109375,-0.5859375,-0.29296875,-0.15869140625,-0.50048828125,0.86669921875,-0.47607421875,-0.59814453125,-0.146484375,-0.18310546875,0.01220703125,-0.830078125,-0.0732421875,0.81787109375,-0.1708984375,-0.06103515625,-0.45166015625,-0.52490234375,0.15869140625,-0.93994140625,-0.4150390625,-0.59814453125,0.1220703125,-0.7080078125,0.3173828125,-0.23193359375,-0.01220703125,-0.7080078125,-0.09765625,-0.439453125,0.3173828125,0.52490234375,0.13427734375,3.125,-0.20751953125,6.43310546875,-0.10986328125,1.025390625,-0.2685546875,2.2705078125,0.1953125,0.79345703125,-0.09765625,0.50048828125,0.09765625,0.87890625,0.2197265625,0.59814453125,-0.01220703125,2.587890625,0.1953125,2.42919921875,0.2197265625,3.08837890625,0.1220703125,1.46484375,0.2197265625,0.5126953125,-0.28076171875,1.42822265625,-0.048828125,0.25634765625,-0.146484375,1.66015625,0.15869140625,-1.0986328125,0.13427734375,-0.4638671875,-0.0244140625,-1.07421875,-0.08544921875,-0.8056640625,-0.146484375,-1.52587890625,-0.37841796875,-0.244140625,-0.5126953125,-0.4150390625,0.06103515625,-1.50146484375,-0.03662109375,-0.7080078125,0,-0.68359375,0.06103515625,-0.57373046875,-0.23193359375,-0.08544921875,0.048828125,-0.76904296875,-0.10986328125,-1.50146484375,-0.09765625,-1.06201171875,-0.244140625,0.2685546875,-0.3173828125,0.29296875,-0.2197265625,-0.06103515625,-0.0732421875,-0.03662109375,-0.0732421875,0.15869140625,-0.28076171875,-0.30517578125,-0.0244140625,0.537109375,0,-0.78125,-0.01220703125,-0.9033203125
1,-0.23193359375,1.3916015625,-0.1220703125,0.29296875,0.03662109375,0.20751953125,-0.048828125,0.6103515625,-0.048828125,-0.09765625,-0.03662109375,-0.96435546875,-0.06103515625,1.025390625,0.0244140625,-0.20751953125,-0.0244140625,-0.57373046875,-0.32958984375,-0.18310546875,-0.537109375,0.87890625,-0.42724609375,-0.62255859375,-0.1220703125,-0.1708984375,-0.03662109375,-0.81787109375,-0.0732421875,0.84228515625,-0.146484375,-0.06103515625,-0.439453125,-0.537109375,0.18310546875,-0.93994140625,-0.47607421875,-0.732421875,0.13427734375,-0.7568359375,0.3662109375,-0.23193359375,0.08544921875,-0.69580078125,-0.20751953125,-0.439453125,0.3173828125,0.537109375,0.146484375,2.79541015625,-0.23193359375,5.67626953125,-0.08544921875,0.830078125,-0.1708984375,2.001953125,0.13427734375,0.79345703125,-0.0732421875,0.48828125,0.10986328125,0.830078125,0.08544921875,0.57373046875,0.0244140625,1.9775390625,0.0732421875,1.98974609375,0.1708984375,2.3681640625,0.1220703125,1.07421875,0.20751953125,0.64697265625,-0.30517578125,1.46484375,-0.0244140625,0.37841796875,-0.09765625,1.7822265625,0.1220703125,-1.123046875,0.15869140625,-0.47607421875,0.03662109375,-1.07421875,-0.06103515625,-0.84228515625,-0.15869140625,-1.52587890625,-0.37841796875,-0.2685546875,-0.52490234375,-0.42724609375,0.0244140625,-1.513671875,-0.0244140625,-0.7080078125,0,-0.68359375,-0.01220703125,-0.5859375,-0.23193359375,-0.08544921875,0.03662109375,-0.76904296875,-0.13427734375,-1.47705078125,-0.13427734375,-1.03759765625,-0.2197265625,0.28076171875,-0.32958984375,0.30517578125,-0.23193359375,-0.06103515625,-0.06103515625,-0.03662109375,-0.08544921875,0.146484375,-0.28076171875,-0.2685546875,-0.048828125,0.54931640625,-0.03662109375,-0.732421875,-0.0244140625,-0.87890625
1,-0.3662109375,2.20947265625,-0.1220703125,0.64697265625,0.0732421875,0.54931640625,-0.048828125,0.96435546875,-0.03662109375,-0.08544921875,-0.048828125,-0.93994140625,-0.03662109375,1.03759765625,0.0732421875,-0.2197265625,-0.0732421875,-0.57373046875,-0.3173828125,-0.1953125,-0.48828125,0.89111328125,-0.37841796875,-0.59814453125,-0.1220703125,-0.1708984375,-0.08544921875,-0.830078125,-0.06103515625,0.830078125,-0.10986328125,-0.09765625,-0.341796875,-0.537109375,0.244140625,-0.93994140625,-0.5859375,-0.84228515625,0.15869140625,-0.79345703125,0.341796875,-0.25634765625,0.146484375,-0.69580078125,-0.29296875,-0.42724609375,0.28076171875,0.5615234375,0.15869140625,2.490234375,-0.244140625,4.96826171875,-0.048828125,0.6103515625,-0.048828125,1.74560546875,0.0732421875,0.76904296875,-0.048828125,0.48828125,0.1953125,0.7568359375,-0.03662109375,0.54931640625,0.048828125,1.47705078125,-0.048828125,1.64794921875,0.10986328125,1.7333984375,0.13427734375,0.76904296875,0.10986328125,0.79345703125,-0.30517578125,1.52587890625,-0.0732421875,0.50048828125,-0.10986328125,1.91650390625,0.10986328125,-1.13525390625,0.146484375,-0.439453125,0.03662109375,-1.07421875,-0.048828125,-0.87890625,-0.146484375,-1.513671875,-0.3173828125,-0.2685546875,-0.5126953125,-0.4150390625,-0.03662109375,-1.513671875,-0.01220703125,-0.7080078125,-0.01220703125,-0.69580078125,-0.0244140625,-0.57373046875,-0.20751953125,-0.08544921875,0.08544921875,-0.76904296875,-0.13427734375,-1.47705078125,-0.1708984375,-1.0498046875,-0.18310546875,0.30517578125,-0.35400390625,0.3173828125,-0.23193359375,-0.06103515625,-0.06103515625,-0.03662109375,-0.08544921875,0.1220703125,-0.28076171875,-0.244140625,-0.048828125,0.5859375,-0.03662109375,-0.732421875,-0.03662109375,-0.84228515625
1,-0.3662109375,3.1494140625,-0.15869140625,1.06201171875,0.06103515625,0.9033203125,-0.03662109375,1.37939453125,-0.048828125,-0.0732421875,-0.0732421875,-0.927734375,-0.0244140625,1.0498046875,0.08544921875,-0.1953125,-0.1220703125,-0.57373046875,-0.30517578125,-0.20751953125,-0.390625,0.87890625,-0.28076171875,-0.6103515625,-0.08544921875,-0.1708984375,-0.08544921875,-0.84228515625,-0.1220703125,0.830078125,-0.10986328125,-0.0732421875,-0.1708984375,-0.4638671875,0.3173828125,-0.9033203125,-0.5615234375,-0.89111328125,0.244140625,-0.78125,0.2685546875,-0.25634765625,0.15869140625,-0.69580078125,-0.3173828125,-0.4150390625,0.29296875,0.57373046875,0.1708984375,2.20947265625,-0.25634765625,4.33349609375,0,0.439453125,0,1.52587890625,0.0244140625,0.74462890625,-0.1220703125,0.5126953125,0.2197265625,0.6591796875,-0.09765625,0.50048828125,0.10986328125,1.0498046875,-0.10986328125,1.3427734375,0.048828125,1.23291015625,0.15869140625,0.48828125,-0.06103515625,0.9765625,-0.32958984375,1.52587890625,-0.08544921875,0.64697265625,-0.048828125,2.0751953125,0.0732421875,-1.123046875,0.1708984375,-0.341796875,0.10986328125,-1.07421875,0,-0.89111328125,-0.08544921875,-1.5380859375,-0.23193359375,-0.29296875,-0.47607421875,-0.40283203125,-0.06103515625,-1.513671875,-0.048828125,-0.69580078125,0,-0.67138671875,-0.06103515625,-0.6103515625,-0.18310546875,-0.09765625,0.09765625,-0.732421875,-0.146484375,-1.46484375,-0.2685546875,-1.0498046875,-0.10986328125,0.30517578125,-0.35400390625,0.30517578125,-0.244140625,-0.048828125,-0.0732421875,-0.01220703125,-0.06103515625,0.1220703125,-0.23193359375,-0.1953125,-0.03662109375,0.59814453125,-0.06103515625,-0.7080078125,-0.0244140625,-0.78125
0,-0.28076171875,4.08935546875,-0.1708984375,1.45263671875,0.08544921875,1.2939453125,-0.0244140625,1.79443359375,-0.048828125,-0.09765625,-0.06103515625,-0.93994140625,-0.048828125,1.01318359375,0.0732421875,-0.18310546875,-0.13427734375,-0.54931640625,-0.244140625,-0.2197265625,-0.23193359375,0.89111328125,-0.23193359375,-0.5859375,-0.09765625,-0.1708984375,-0.08544921875,-0.84228515625,-0.20751953125,0.81787109375,-0.10986328125,-0.0732421875,-0.244140625,-0.390625,0.29296875,-0.830078125,-0.68359375,-0.830078125,0.244140625,-0.72021484375,0.1708984375,-0.2685546875,0.09765625,-0.68359375,-0.28076171875,-0.439453125,0.29296875,0.57373046875,0.13427734375,1.94091796875,-0.23193359375,3.77197265625,0.0244140625,0.2685546875,0.0732421875,1.33056640625,-0.01220703125,0.74462890625,-0.13427734375,0.5126953125,0.30517578125,0.634765625,-0.1220703125,0.4638671875,0.13427734375,0.69580078125,-0.15869140625,1.13525390625,-0.03662109375,0.78125,0.146484375,0.29296875,-0.146484375,1.15966796875,-0.3173828125,1.59912109375,-0.13427734375,0.78125,0.06103515625,2.24609375,0.0732421875,-1.123046875,0.1708984375,-0.09765625,0.146484375,-1.06201171875,0.06103515625,-0.89111328125,-0.048828125,-1.52587890625,-0.13427734375,-0.28076171875,-0.439453125,-0.439453125,-0.0732421875,-1.513671875,-0.0732421875,-0.69580078125,0,-0.6591796875,-0.0732421875,-0.62255859375,-0.146484375,-0.09765625,0.1708984375,-0.7568359375,-0.13427734375,-1.47705078125,-0.30517578125,-1.0498046875,-0.01220703125,0.30517578125,-0.341796875,0.30517578125,-0.23193359375,-0.03662109375,-0.06103515625,-0.0244140625,-0.01220703125,0.13427734375,-0.2685546875,-0.15869140625,-0.048828125,0.6591796875,-0.08544921875,-0.72021484375,-0.0732421875,-0.732421875
0,-0.244140625,5.029296875,-0.1708984375,1.8310546875,0.09765625,1.62353515625,0.0244140625,2.197265625,-0.03662109375,-0.10986328125,-0.06103515625,-0.927734375,-0.03662109375,1.025390625,0.0732421875,-0.15869140625,-0.146484375,-0.5615234375,-0.1953125,-0.2197265625,-0.10986328125,0.86669921875,-0.20751953125,-0.59814453125,-0.09765625,-0.1708984375,-0.0244140625,-0.8544921875,-0.3173828125,0.8056640625,-0.1220703125,-0.048828125,-0.244140625,-0.25634765625,0.37841796875,-0.732421875,-0.72021484375,-0.67138671875,0.1708984375,-0.59814453125,0.0732421875,-0.28076171875,0.0244140625,-0.69580078125,-0.20751953125,-0.4638671875,0.37841796875,0.5859375,0.10986328125,1.77001953125,-0.23193359375,3.28369140625,0.048828125,0.1220703125,0.10986328125,1.15966796875,-0.01220703125,0.74462890625,-0.1953125,0.54931640625,0.35400390625,0.6103515625,-0.2197265625,0.40283203125,0.1953125,0.42724609375,-0.25634765625,0.9521484375,-0.13427734375,0.45166015625,0.13427734375,0.146484375,-0.13427734375,1.33056640625,-0.30517578125,1.6845703125,-0.13427734375,0.91552734375,0.146484375,2.38037109375,0.06103515625,-1.06201171875,0.146484375,0.244140625,0.15869140625,-1.03759765625,0.0732421875,-0.8544921875,-0.0244140625,-1.5380859375,-0.0244140625,-0.28076171875,-0.35400390625,-0.390625,-0.0732421875,-1.52587890625,-0.1220703125,-0.7080078125,0.01220703125,-0.64697265625,-0.08544921875,-0.634765625,-0.09765625,-0.09765625,0.2197265625,-0.74462890625,-0.146484375,-1.47705078125,-0.3662109375,-1.06201171875,0.0244140625,0.29296875,-0.35400390625,0.3173828125,-0.28076171875,-0.0244140625,-0.0732421875,-0.03662109375,0.01220703125,0.146484375,-0.28076171875,-0.1708984375,-0.0732421875,0.6591796875,-0.0732421875,-0.68359375,-0.06103515625,-0.68359375
0,-0.37841796875,5.810546875,-0.18310546875,2.1484375,0.03662109375,1.9287109375,0.03662109375,2.5390625,-0.06103515625,-0.1220703125,-0.0244140625,-0.927734375,0,1.03759765625,0.0732421875,-0.15869140625,-0.1220703125,-0.5615234375,-0.15869140625,-0.20751953125,0.01220703125,0.830078125,-0.1953125,-0.5859375,-0.13427734375,-0.1708984375,0.0244140625,-0.8544921875,-0.390625,0.8056640625,-0.13427734375,-0.03662109375,-0.23193359375,-0.0732421875,0.40283203125,-0.6103515625,-0.68359375,-0.439453125,0.10986328125,-0.42724609375,0,-0.28076171875,-0.0732421875,-0.7080078125,-0.048828125,-0.47607421875,0.439453125,0.57373046875,0.0732421875,1.59912109375,-0.1953125,2.86865234375,0.048828125,0,0.15869140625,1.03759765625,-0.0244140625,0.72021484375,-0.23193359375,0.5615234375,0.4150390625,0.6103515625,-0.28076171875,0.3662109375,0.2197265625,0.2197265625,-0.2685546875,0.830078125,-0.1708984375,0.18310546875,0.0732421875,0.03662109375,-0.08544921875,1.50146484375,-0.30517578125,1.74560546875,-0.1708984375,1.03759765625,0.2197265625,2.5146484375,0,-1.0009765625,0.244140625,0.732421875,0.146484375,-0.9765625,0.048828125,-0.78125,0.048828125,-1.5380859375,0.03662109375,-0.30517578125,-0.244140625,-0.40283203125,-0.08544921875,-1.5625,-0.15869140625,-0.69580078125,0.048828125,-0.62255859375,-0.10986328125,-0.6591796875,-0.048828125,-0.09765625,0.2197265625,-0.74462890625,-0.09765625,-1.4892578125,-0.3662109375,-1.06201171875,0.06103515625,0.30517578125,-0.341796875,0.341796875,-0.2685546875,-0.0244140625,-0.06103515625,-0.048828125,0.03662109375,0.1708984375,-0.28076171875,-0.13427734375,-0.06103515625,0.69580078125,-0.06103515625,-0.6591796875,-0.08544921875,-0.64697265625
0,-0.37841796875,6.40869140625,-0.15869140625,2.40478515625,0.048828125,2.13623046875,0.0732421875,2.74658203125,-0.0732421875,-0.10986328125,-0.01220703125,-0.9521484375,0.0244140625,1.03759765625,0.08544921875,-0.1220703125,-0.10986328125,-0.5615234375,-0.1220703125,-0.2197265625,0.08544921875,0.830078125,-0.1708984375,-0.57373046875,-0.1708984375,-0.1708984375,0.06103515625,-0.84228515625,-0.40283203125,0.8056640625,-0.09765625,-0.01220703125,-0.3173828125,0.1220703125,0.4150390625,-0.47607421875,-0.7080078125,-0.20751953125,-0.03662109375,-0.25634765625,-0.03662109375,-0.29296875,-0.15869140625,-0.69580078125,0.09765625,-0.50048828125,0.439453125,0.52490234375,-0.0244140625,1.4892578125,-0.13427734375,2.47802734375,0.0244140625,-0.08544921875,0.23193359375,0.927734375,-0.03662109375,0.74462890625,-0.18310546875,0.57373046875,0.439453125,0.69580078125,-0.30517578125,0.30517578125,0.20751953125,0.0244140625,-0.25634765625,0.74462890625,-0.15869140625,-0.06103515625,0.06103515625,-0.06103515625,-0.06103515625,1.59912109375,-0.30517578125,1.84326171875,-0.1708984375,1.11083984375,0.28076171875,2.587890625,-0.03662109375,-0.86669921875,0.18310546875,1.30615234375,0.15869140625,-0.91552734375,-0.0244140625,-0.6591796875,0.10986328125,-1.5625,0.08544921875,-0.32958984375,-0.18310546875,-0.37841796875,-0.01220703125,-1.5380859375,-0.146484375,-0.69580078125,0.048828125,-0.634765625,-0.1708984375,-0.68359375,-0.0244140625,-0.09765625,0.23193359375,-0.74462890625,-0.0732421875,-1.4892578125,-0.3173828125,-1.06201171875,0.0732421875,0.29296875,-0.3662109375,0.32958984375,-0.244140625,-0.01220703125,-0.0732421875,-0.048828125,0.03662109375,0.18310546875,-0.25634765625,-0.13427734375,-0.0732421875,0.67138671875,-0.06103515625,-0.62255859375,-0.10986328125,-0.62255859375
0,-0.390625,6.75048828125,-0.1708984375,2.50244140625,0.06103515625,2.25830078125,0.0244140625,2.8564453125,-0.0732421875,-0.1220703125,-0.0244140625,-0.9521484375,0.048828125,1.03759765625,0.03662109375,-0.146484375,-0.0732421875,-0.57373046875,-0.08544921875,-0.20751953125,0.13427734375,0.830078125,-0.15869140625,-0.6103515625,-0.13427734375,-0.18310546875,0.08544921875,-0.81787109375,-0.341796875,0.81787109375,-0.0732421875,0,-0.29296875,0.30517578125,0.40283203125,-0.35400390625,-0.68359375,0.01220703125,-0.08544921875,-0.0732421875,0,-0.2685546875,-0.28076171875,-0.7080078125,0.25634765625,-0.5126953125,0.439453125,0.50048828125,-0.08544921875,1.35498046875,-0.13427734375,2.08740234375,0.01220703125,-0.146484375,0.23193359375,0.84228515625,0.01220703125,0.74462890625,-0.28076171875,0.5615234375,0.3662109375,0.78125,-0.3173828125,0.29296875,0.23193359375,-0.10986328125,-0.244140625,0.64697265625,-0.09765625,-0.2685546875,0.048828125,-0.1220703125,0.0244140625,1.64794921875,-0.2685546875,1.8798828125,-0.13427734375,1.123046875,0.244140625,2.6123046875,-0.09765625,-0.732421875,0.146484375,2.03857421875,0.1953125,-0.830078125,-0.06103515625,-0.537109375,0.146484375,-1.55029296875,0.08544921875,-0.32958984375,-0.1220703125,-0.3662109375,0.03662109375,-1.5380859375,-0.1220703125,-0.7080078125,0.08544921875,-0.64697265625,-0.18310546875,-0.64697265625,0.01220703125,-0.08544921875,0.1953125,-0.74462890625,-0.01220703125,-1.50146484375,-0.25634765625,-1.0498046875,0.06103515625,0.28076171875,-0.390625,0.32958984375,-0.2197265625,-0.048828125,-0.06103515625,-0.048828125,0.06103515625,0.18310546875,-0.244140625,-0.09765625,-0.06103515625,0.68359375,-0.09765625,-0.62255859375,-0.09765625,-0.634765625
0,-0.35400390625,6.84814453125,-0.1953125,2.5390625,0.09765625,2.2705078125,-0.01220703125,2.86865234375,-0.06103515625,-0.09765625,-0.01220703125,-0.9521484375,0.06103515625,1.025390625,0.0244140625,-0.15869140625,-0.048828125,-0.5859375,-0.06103515625,-0.18310546875,0.1953125,0.830078125,-0.13427734375,-0.62255859375,-0.13427734375,-0.15869140625,0.09765625,-0.830078125,-0.244140625,0.830078125,-0.048828125,0,-0.23193359375,0.439453125,0.35400390625,-0.2685546875,-0.6103515625,0.15869140625,-0.08544921875,0.0732421875,0.03662109375,-0.2685546875,-0.390625,-0.69580078125,0.390625,-0.50048828125,0.50048828125,0.50048828125,-0.13427734375,1.220703125,-0.048828125,1.6357421875,-0.0244140625,-0.1708984375,0.2685546875,0.732421875,0,0.76904296875,-0.37841796875,0.5615234375,0.5859375,0.89111328125,-0.32958984375,0.25634765625,0.1953125,-0.244140625,-0.244140625,0.57373046875,-0.048828125,-0.439453125,-0.03662109375,-0.1708984375,0.0732421875,1.5869140625,-0.28076171875,1.84326171875,-0.0732421875,1.0986328125,0.25634765625,2.5634765625,-0.15869140625,-0.537109375,0.20751953125,2.734375,0.1708984375,-0.7080078125,-0.09765625,-0.37841796875,0.1708984375,-1.5625,0.0732421875,-0.341796875,-0.0244140625,-0.37841796875,0.1220703125,-1.55029296875,-0.08544921875,-0.732421875,0.08544921875,-0.64697265625,-0.20751953125,-0.67138671875,0,-0.0732421875,0.1708984375,-0.732421875,0.048828125,-1.50146484375,-0.2197265625,-1.0498046875,0.0244140625,0.29296875,-0.42724609375,0.32958984375,-0.2197265625,-0.048828125,-0.0732421875,-0.08544921875,0.048828125,0.18310546875,-0.23193359375,-0.08544921875,-0.06103515625,0.6591796875,-0.10986328125,-0.6103515625,-0.0732421875,-0.6591796875
0,-0.42724609375,6.6650390625,-0.18310546875,2.47802734375,0.146484375,2.197265625,0,2.783203125,-0.048828125,-0.08544921875,-0.01220703125,-0.93994140625,0.08544921875,1.03759765625,0.01220703125,-0.15869140625,0,-0.57373046875,0,-0.1953125,0.1953125,0.84228515625,-0.146484375,-0.59814453125,-0.15869140625,-0.15869140625,0.08544921875,-0.8056640625,-0.146484375,0.830078125,-0.08544921875,-0.0244140625,-0.13427734375,0.57373046875,0.28076171875,-0.18310546875,-0.537109375,0.25634765625,-0.0732421875,0.18310546875,0.1220703125,-0.244140625,-0.45166015625,-0.7080078125,0.4638671875,-0.48828125,0.45166015625,0.4638671875,-0.1708984375,1.08642578125,-0.03662109375,1.13525390625,-0.0732421875,-0.20751953125,0.29296875,0.67138671875,0.048828125,0.76904296875,-0.40283203125,0.5615234375,0.52490234375,0.9521484375,-0.341796875,0.244140625,0.13427734375,-0.32958984375,-0.23193359375,0.5615234375,-0.01220703125,-0.5126953125,-0.18310546875,-0.23193359375,0.15869140625,1.47705078125,-0.20751953125,1.79443359375,0.03662109375,0.98876953125,0.2197265625,2.45361328125,-0.18310546875,-0.37841796875,0.244140625,3.4912109375,0.1953125,-0.6103515625,-0.0732421875,-0.1953125,0.1708984375,-1.55029296875,0.0244140625,-0.3662109375,0.048828125,-0.40283203125,0.20751953125,-1.55029296875,-0.06103515625,-0.732421875,0.03662109375,-0.6591796875,-0.20751953125,-0.62255859375,-0.01220703125,-0.048828125,0.1953125,-0.732421875,0.06103515625,-1.4892578125,-0.1953125,-1.0498046875,-0.048828125,0.29296875,-0.439453125,0.32958984375,-0.29296875,-0.048828125,-0.09765625,-0.06103515625,0.048828125,0.18310546875,-0.23193359375,-0.09765625,-0.06103515625,0.6103515625,-0.09765625,-0.6103515625,-0.09765625,-0.69580078125
0,-0.52490234375,6.28662109375,-0.1708984375,2.3681640625,0.1220703125,2.08740234375,-0.0244140625,2.63671875,-0.03662109375,-0.0732421875,-0.03662109375,-0.927734375,0.09765625,1.025390625,0.01220703125,-0.1953125,0.0244140625,-0.5859375,0.0244140625,-0.18310546875,0.1953125,0.8544921875,-0.146484375,-0.62255859375,-0.1708984375,-0.146484375,0.10986328125,-0.8056640625,-0.08544921875,0.84228515625,-0.10986328125,-0.01220703125,-0.06103515625,0.6103515625,0.1708984375,-0.1953125,-0.47607421875,0.2197265625,0,0.2197265625,0.18310546875,-0.23193359375,-0.47607421875,-0.69580078125,0.54931640625,-0.48828125,0.48828125,0.4638671875,-0.1708984375,0.9521484375,-0.048828125,0.6103515625,-0.13427734375,-0.244140625,0.23193359375,0.5859375,0.08544921875,0.78125,-0.42724609375,0.54931640625,0.634765625,1.01318359375,-0.35400390625,0.23193359375,0.1220703125,-0.37841796875,-0.1220703125,0.5615234375,0.1220703125,-0.537109375,-0.20751953125,-0.244140625,0.06103515625,1.318359375,-0.09765625,1.64794921875,0.09765625,0.84228515625,0.15869140625,2.34375,-0.15869140625,-0.18310546875,0.1708984375,4.1748046875,0.20751953125,-0.5126953125,-0.048828125,-0.048828125,0.13427734375,-1.5625,0,-0.32958984375,0.20751953125,-0.390625,0.25634765625,-1.5625,-0.048828125,-0.74462890625,0,-0.6591796875,-0.1953125,-0.59814453125,-0.0244140625,-0.0732421875,0.1708984375,-0.74462890625,0.09765625,-1.4892578125,-0.15869140625,-1.03759765625,-0.09765625,0.29296875,-0.45166015625,0.341796875,-0.244140625,-0.048828125,-0.0732421875,-0.0732421875,0.06103515625,0.1708984375,-0.2197265625,-0.10986328125,-0.06103515625,0.5615234375,-0.10986328125,-0.64697265625,-0.09765625,-0.732421875
0,-0.54931640625,5.77392578125,-0.18310546875,2.2216796875,0.146484375,1.91650390625,-0.03662109375,2.44140625,-0.0244140625,-0.0732421875,-0.048828125,-0.927734375,0.08544921875,1.03759765625,0,-0.1953125,0.048828125,-0.57373046875,0.03662109375,-0.18310546875,0.15869140625,0.87890625,-0.20751953125,-0.59814453125,-0.20751953125,-0.10986328125,0.10986328125,-0.8056640625,0,0.87890625,-0.15869140625,-0.03662109375,-0.048828125,0.59814453125,0.10986328125,-0.244140625,-0.4638671875,0.1220703125,0.01220703125,0.1953125,0.1953125,-0.2197265625,-0.439453125,-0.68359375,0.537109375,-0.47607421875,0.3662109375,0.50048828125,-0.15869140625,0.81787109375,-0.10986328125,0.09765625,-0.2197265625,-0.2685546875,0.13427734375,0.537109375,0.09765625,0.78125,-0.390625,0.537109375,0.7568359375,1.0009765625,-0.20751953125,0.2197265625,0.048828125,-0.37841796875,-0.0732421875,0.5615234375,0.18310546875,-0.5126953125,-0.23193359375,-0.23193359375,0,1.15966796875,-0.0244140625,1.4892578125,0.08544921875,0.7080078125,0.09765625,2.197265625,-0.10986328125,-0.03662109375,0,4.74853515625,0.23193359375,-0.4150390625,-0.0244140625,0.08544921875,0.08544921875,-1.55029296875,-0.048828125,-0.30517578125,0.341796875,-0.40283203125,0.25634765625,-1.55029296875,-0.03662109375,-0.732421875,-0.06103515625,-0.67138671875,-0.1953125,-0.6103515625,-0.048828125,-0.0732421875,0.146484375,-0.76904296875,0.15869140625,-1.4892578125,-0.1220703125,-1.025390625,-0.13427734375,0.29296875,-0.47607421875,0.28076171875,-0.28076171875,-0.06103515625,-0.08544921875,-0.0732421875,0.0732421875,0.13427734375,-0.20751953125,-0.146484375,-0.0244140625,0.537109375,-0.06103515625,-0.732421875,-0.1220703125,-0.79345703125
0,-0.57373046875,5.17578125,-0.18310546875,2.05078125,0.13427734375,1.72119140625,-0.048828125,2.24609375,-0.0244140625,-0.0732421875,-0.10986328125,-0.9033203125,0.0732421875,1.03759765625,-0.01220703125,-0.1953125,0.0244140625,-0.54931640625,0.048828125,-0.1953125,0.10986328125,0.89111328125,-0.23193359375,-0.59814453125,-0.20751953125,-0.10986328125,0.08544921875,-0.81787109375,0.06103515625,0.86669921875,-0.18310546875,-0.06103515625,0,0.537109375,0.06103515625,-0.3173828125,-0.47607421875,-0.03662109375,0.08544921875,0.1220703125,0.20751953125,-0.2197265625,-0.42724609375,-0.68359375,0.47607421875,-0.4638671875,0.30517578125,0.50048828125,-0.1708984375,0.7080078125,-0.13427734375,-0.341796875,-0.2685546875,-0.3173828125,0.0732421875,0.4638671875,0.0732421875,0.78125,-0.3173828125,0.537109375,0.74462890625,0.98876953125,-0.146484375,0.20751953125,0.08544921875,-0.3173828125,-0.10986328125,0.59814453125,0.2197265625,-0.42724609375,-0.1953125,-0.1953125,-0.0244140625,1.0009765625,0.0244140625,1.37939453125,0.08544921875,0.57373046875,0.0732421875,2.05078125,-0.0244140625,0.08544921875,-0.10986328125,5.2001953125,0.28076171875,-0.32958984375,0,0.1953125,0.03662109375,-1.52587890625,-0.09765625,-0.25634765625,0.45166015625,-0.40283203125,0.1953125,-1.5380859375,-0.048828125,-0.7080078125,-0.15869140625,-0.6591796875,-0.20751953125,-0.6103515625,-0.0732421875,-0.08544921875,0.1708984375,-0.76904296875,0.1953125,-1.47705078125,-0.06103515625,-1.025390625,-0.1708984375,0.29296875,-0.45166015625,0.29296875,-0.28076171875,-0.08544921875,-0.06103515625,-0.0732421875,0.048828125,0.146484375,-0.244140625,-0.1953125,-0.0244140625,0.47607421875,0,-0.8056640625,-0.146484375,-0.81787109375
0,-0.59814453125,4.57763671875,-0.13427734375,1.84326171875,0.15869140625,1.55029296875,-0.03662109375,2.06298828125,-0.0244140625,-0.08544921875,-0.13427734375,-0.91552734375,0.048828125,1.0498046875,-0.03662109375,-0.2197265625,0,-0.54931640625,0.03662109375,-0.20751953125,0.06103515625,0.9033203125,-0.2685546875,-0.5859375,-0.20751953125,-0.09765625,0.06103515625,-0.81787109375,0.1220703125,0.86669921875,-0.1708984375,-0.048828125,0.03662109375,0.439453125,0.01220703125,-0.42724609375,-0.45166015625,-0.25634765625,0.18310546875,0.0244140625,0.1953125,-0.23193359375,-0.37841796875,-0.69580078125,0.390625,-0.45166015625,0.25634765625,0.48828125,-0.146484375,0.634765625,-0.13427734375,-0.634765625,-0.32958984375,-0.341796875,0.03662109375,0.439453125,0.06103515625,0.78125,-0.341796875,0.5126953125,0.7080078125,0.9033203125,-0.06103515625,0.20751953125,0.0732421875,-0.23193359375,-0.13427734375,0.64697265625,0.2197265625,-0.30517578125,-0.15869140625,-0.146484375,0,0.8544921875,0.0732421875,1.2451171875,0.03662109375,0.4638671875,0.09765625,1.94091796875,0,0.146484375,-0.15869140625,5.4443359375,0.2197265625,-0.244140625,-0.03662109375,0.25634765625,0.0244140625,-1.52587890625,-0.15869140625,-0.25634765625,0.537109375,-0.40283203125,0.13427734375,-1.52587890625,-0.048828125,-0.72021484375,-0.18310546875,-0.64697265625,-0.18310546875,-0.6103515625,-0.048828125,-0.08544921875,0.18310546875,-0.76904296875,0.2197265625,-1.4892578125,-0.03662109375,-1.0498046875,-0.1953125,0.29296875,-0.4638671875,0.28076171875,-0.2685546875,-0.06103515625,-0.08544921875,-0.06103515625,0.03662109375,0.1220703125,-0.23193359375,-0.2197265625,0,0.439453125,0.01220703125,-0.86669921875,-0.13427734375,-0.8544921875
0,-0.48828125,4.06494140625,-0.15869140625,1.69677734375,0.1708984375,1.42822265625,-0.01220703125,1.8798828125,-0.03662109375,-0.09765625,-0.146484375,-0.9033203125,0.0244140625,1.06201171875,-0.0244140625,-0.244140625,-0.048828125,-0.537109375,0.01220703125,-0.1953125,0.01220703125,0.9033203125,-0.29296875,-0.57373046875,-0.1953125,-0.1220703125,0.0244140625,-0.830078125,0.1708984375,0.89111328125,-0.1220703125,-0.03662109375,0.09765625,0.35400390625,-0.03662109375,-0.52490234375,-0.390625,-0.4150390625,0.1953125,-0.09765625,0.15869140625,-0.25634765625,-0.30517578125,-0.69580078125,0.2685546875,-0.439453125,0.2197265625,0.50048828125,-0.18310546875,0.634765625,-0.10986328125,-0.8056640625,-0.40283203125,-0.37841796875,0,0.42724609375,0.03662109375,0.76904296875,-0.29296875,0.52490234375,0.69580078125,0.8544921875,-0.06103515625,0.2197265625,0.08544921875,-0.13427734375,-0.10986328125,0.7080078125,0.244140625,-0.1708984375,-0.10986328125,-0.0732421875,-0.10986328125,0.7568359375,-0.0244140625,1.15966796875,-0.09765625,0.40283203125,0.03662109375,1.8798828125,0.01220703125,0.1953125,-0.1708984375,5.517578125,0.2197265625,-0.2197265625,-0.08544921875,0.29296875,0.048828125,-1.50146484375,-0.20751953125,-0.23193359375,0.6103515625,-0.42724609375,0.06103515625,-1.513671875,-0.0732421875,-0.7080078125,-0.20751953125,-0.6591796875,-0.18310546875,-0.62255859375,-0.0732421875,-0.08544921875,0.23193359375,-0.76904296875,0.28076171875,-1.47705078125,-0.01220703125,-1.03759765625,-0.20751953125,0.29296875,-0.45166015625,0.2685546875,-0.3173828125,-0.06103515625,-0.08544921875,-0.06103515625,0.0244140625,0.13427734375,-0.20751953125,-0.25634765625,0.0244140625,0.4150390625,-0.01220703125,-0.91552734375,-0.146484375,-0.87890625
0,-0.52490234375,3.6376953125,-0.15869140625,1.5625,0.1708984375,1.30615234375,0.03662109375,1.7822265625,-0.06103515625,-0.09765625,-0.146484375,-0.91552734375,0.03662109375,1.07421875,-0.0244140625,-0.2197265625,-0.06103515625,-0.54931640625,0.01220703125,-0.2197265625,-0.048828125,0.9033203125,-0.2197265625,-0.5615234375,-0.1708984375,-0.1220703125,-0.01220703125,-0.830078125,0.2197265625,0.87890625,-0.09765625,-0.048828125,0.08544921875,0.25634765625,-0.0732421875,-0.5615234375,-0.32958984375,-0.537109375,0.1953125,-0.1953125,0.13427734375,-0.28076171875,-0.25634765625,-0.69580078125,0.1953125,-0.439453125,0.28076171875,0.52490234375,-0.18310546875,0.64697265625,-0.0732421875,-0.79345703125,-0.439453125,-0.40283203125,-0.048828125,0.439453125,-0.03662109375,0.76904296875,-0.32958984375,0.52490234375,0.830078125,0.830078125,-0.0732421875,0.2197265625,0.1220703125,-0.0244140625,-0.048828125,0.7568359375,0.1953125,-0.048828125,-0.048828125,-0.01220703125,-0.0732421875,0.7080078125,0.0244140625,1.15966796875,-0.146484375,0.3662109375,0.09765625,1.84326171875,0.01220703125,0.1953125,-0.3173828125,5.419921875,0.1708984375,-0.2197265625,-0.09765625,0.28076171875,0.06103515625,-1.50146484375,-0.2197265625,-0.2197265625,0.6103515625,-0.40283203125,0.0244140625,-1.4892578125,-0.09765625,-0.68359375,-0.20751953125,-0.67138671875,-0.146484375,-0.6103515625,-0.048828125,-0.08544921875,0.28076171875,-0.78125,0.28076171875,-1.46484375,0.0244140625,-1.0498046875,-0.20751953125,0.29296875,-0.45166015625,0.28076171875,-0.3173828125,-0.048828125,-0.0732421875,-0.048828125,0.03662109375,0.13427734375,-0.20751953125,-0.29296875,0.03662109375,0.40283203125,-0.01220703125,-0.91552734375,-0.13427734375,-0.89111328125
1,-0.54931640625,3.35693359375,-0.18310546875,1.47705078125,0.15869140625,1.2451171875,0,1.7333984375,-0.08544921875,-0.10986328125,-0.15869140625,-0.9033203125,0.03662109375,1.0498046875,0,-0.18310546875,-0.06103515625,-0.5615234375,0,-0.20751953125,-0.08544921875,0.86669921875,-0.18310546875,-0.5615234375,-0.1953125,-0.1220703125,-0.03662109375,-0.84228515625,0.2685546875,0.86669921875,-0.0732421875,-0.048828125,0,0.2197265625,-0.0732421875,-0.6103515625,-0.45166015625,-0.54931640625,0.20751953125,-0.2685546875,0.08544921875,-0.28076171875,-0.23193359375,-0.7080078125,0.10986328125,-0.4150390625,0.20751953125,0.537109375,-0.18310546875,0.69580078125,-0.06103515625,-0.5859375,-0.48828125,-0.40283203125,-0.048828125,0.47607421875,-0.06103515625,0.74462890625,-0.29296875,0.52490234375,0.7568359375,0.830078125,-0.06103515625,0.2197265625,0.10986328125,0.06103515625,0.048828125,0.81787109375,0.146484375,0.048828125,0.0244140625,0.0244140625,0.06103515625,0.69580078125,0.09765625,1.171875,-0.2197265625,0.35400390625,0.13427734375,1.81884765625,-0.01220703125,0.13427734375,-0.40283203125,5.16357421875,0.0732421875,-0.25634765625,-0.09765625,0.23193359375,0.08544921875,-1.50146484375,-0.20751953125,-0.2197265625,0.57373046875,-0.390625,0.0244140625,-1.4892578125,-0.09765625,-0.68359375,-0.18310546875,-0.68359375,-0.048828125,-0.634765625,-0.0244140625,-0.08544921875,0.3173828125,-0.7568359375,0.29296875,-1.46484375,0.0244140625,-1.06201171875,-0.18310546875,0.3173828125,-0.439453125,0.25634765625,-0.30517578125,-0.0244140625,-0.0732421875,-0.0732421875,0.03662109375,0.18310546875,-0.25634765625,-0.35400390625,0,0.439453125,-0.08544921875,-0.91552734375,-0.146484375,-0.87890625
1,-0.5859375,3.1982421875,-0.1708984375,1.42822265625,0.13427734375,1.18408203125,0.01220703125,1.72119140625,-0.09765625,-0.08544921875,-0.15869140625,-0.927734375,0.03662109375,1.03759765625,0.03662109375,-0.15869140625,-0.06103515625,-0.57373046875,-0.01220703125,-0.23193359375,-0.1220703125,0.81787109375,-0.1220703125,-0.5859375,-0.1953125,-0.15869140625,-0.03662109375,-0.8544921875,0.30517578125,0.84228515625,-0.0732421875,-0.048828125,0.0244140625,0.18310546875,-0.03662109375,-0.62255859375,-0.5126953125,-0.5126953125,0.25634765625,-0.28076171875,0.048828125,-0.30517578125,-0.244140625,-0.7080078125,0.0244140625,-0.4150390625,0.25634765625,0.52490234375,-0.2197265625,0.76904296875,0,-0.30517578125,-0.52490234375,-0.3662109375,-0.0244140625,0.537109375,-0.0732421875,0.7568359375,-0.3173828125,0.54931640625,0.732421875,0.89111328125,-0.048828125,0.2197265625,0.1220703125,0.1220703125,0.0732421875,0.87890625,0.08544921875,0.09765625,0.10986328125,0.048828125,0.03662109375,0.69580078125,-0.048828125,1.20849609375,-0.35400390625,0.37841796875,0.08544921875,1.8310546875,0.01220703125,0.0732421875,-0.37841796875,4.82177734375,0.01220703125,-0.30517578125,-0.048828125,0.146484375,0.08544921875,-1.50146484375,-0.20751953125,-0.23193359375,0.537109375,-0.390625,0.048828125,-1.50146484375,-0.10986328125,-0.6591796875,-0.1708984375,-0.68359375,0.03662109375,-0.64697265625,-0.01220703125,-0.08544921875,0.341796875,-0.76904296875,0.32958984375,-1.4892578125,0.08544921875,-1.0498046875,-0.1953125,0.30517578125,-0.4150390625,0.2685546875,-0.30517578125,-0.01220703125,-0.0732421875,-0.0732421875,0.03662109375,0.18310546875,-0.23193359375,-0.35400390625,0.01220703125,0.4638671875,-0.06103515625,-0.89111328125,-0.1220703125,-0.87890625
1,-0.6103515625,3.1494140625,-0.13427734375,1.37939453125,0.15869140625,1.13525390625,-0.01220703125,1.708984375,-0.08544921875,-0.0732421875,-0.10986328125,-0.93994140625,0.0732421875,1.03759765625,0,-0.10986328125,-0.06103515625,-0.57373046875,-0.01220703125,-0.20751953125,-0.146484375,0.830078125,-0.06103515625,-0.59814453125,-0.1953125,-0.15869140625,-0.0732421875,-0.81787109375,0.30517578125,0.81787109375,-0.09765625,-0.0244140625,-0.09765625,0.15869140625,-0.09765625,-0.59814453125,-0.64697265625,-0.45166015625,0.1953125,-0.2685546875,0.0244140625,-0.29296875,-0.28076171875,-0.69580078125,-0.01220703125,-0.40283203125,0.1953125,0.537109375,-0.25634765625,0.87890625,0.08544921875,0.0244140625,-0.54931640625,-0.3662109375,-0.048828125,0.5859375,-0.0732421875,0.7568359375,-0.23193359375,0.537109375,0.59814453125,1.03759765625,-0.0244140625,0.244140625,0.048828125,0.146484375,0.10986328125,0.87890625,0.06103515625,0.09765625,0.10986328125,0.048828125,0.1708984375,0.69580078125,-0.0244140625,1.25732421875,-0.341796875,0.3662109375,0.20751953125,1.806640625,-0.01220703125,-0.0244140625,-0.32958984375,4.43115234375,-0.1220703125,-0.37841796875,-0.0244140625,0.048828125,0.0732421875,-1.50146484375,-0.1953125,-0.2685546875,0.390625,-0.37841796875,0.10986328125,-1.50146484375,-0.13427734375,-0.64697265625,-0.15869140625,-0.67138671875,0.08544921875,-0.64697265625,-0.01220703125,-0.0732421875,0.32958984375,-0.7568359375,0.29296875,-1.4892578125,0.0732421875,-1.07421875,-0.18310546875,0.28076171875,-0.40283203125,0.28076171875,-0.2685546875,0.01220703125,-0.08544921875,-0.0732421875,0.03662109375,0.18310546875,-0.2197265625,-0.341796875,0.01220703125,0.50048828125,-0.08544921875,-0.84228515625,-0.10986328125,-0.8544921875
1,-0.634765625,3.13720703125,-0.1220703125,1.318359375,0.18310546875,1.08642578125,-0.01220703125,1.6845703125,-0.0732421875,-0.08544921875,-0.09765625,-0.9521484375,0.0732421875,0.98876953125,-0.0244140625,-0.08544921875,-0.0732421875,-0.5859375,-0.03662109375,-0.1953125,-0.15869140625,0.79345703125,-0.08544921875,-0.6103515625,-0.146484375,-0.18310546875,-0.048828125,-0.830078125,0.3173828125,0.81787109375,-0.13427734375,-0.01220703125,-0.048828125,0.146484375,-0.08544921875,-0.57373046875,-0.7568359375,-0.35400390625,0.146484375,-0.2685546875,-0.03662109375,-0.29296875,-0.32958984375,-0.69580078125,-0.03662109375,-0.4150390625,0.18310546875,0.537109375,-0.28076171875,0.9521484375,0.2197265625,0.341796875,-0.5126953125,-0.30517578125,-0.06103515625,0.634765625,-0.01220703125,0.76904296875,-0.23193359375,0.54931640625,0.57373046875,1.20849609375,0.03662109375,0.28076171875,0.0244140625,0.13427734375,0.18310546875,0.86669921875,0.1220703125,0.048828125,0.18310546875,0.048828125,0.20751953125,0.67138671875,-0.08544921875,1.318359375,-0.3662109375,0.3662109375,0.18310546875,1.806640625,0,-0.10986328125,-0.244140625,4.04052734375,-0.2197265625,-0.45166015625,0,-0.048828125,0.08544921875,-1.5380859375,-0.15869140625,-0.28076171875,0.28076171875,-0.35400390625,0.13427734375,-1.4892578125,-0.146484375,-0.67138671875,-0.13427734375,-0.67138671875,0.10986328125,-0.62255859375,0,-0.06103515625,0.28076171875,-0.732421875,0.341796875,-1.4892578125,0.03662109375,-1.06201171875,-0.10986328125,0.28076171875,-0.4150390625,0.29296875,-0.2685546875,0.03662109375,-0.08544921875,-0.10986328125,0.048828125,0.20751953125,-0.1953125,-0.30517578125,-0.0244140625,0.54931640625,-0.1220703125,-0.81787109375,-0.13427734375,-0.81787109375
1,-0.64697265625,3.11279296875,-0.10986328125,1.2451171875,0.2197265625,1.01318359375,-0.0244140625,1.611328125,-0.03662109375,-0.0732421875,-0.0732421875,-0.96435546875,0.09765625,1.0009765625,-0.0244140625,-0.10986328125,-0.048828125,-0.57373046875,-0.048828125,-0.1953125,-0.08544921875,0.79345703125,-0.0732421875,-0.6103515625,-0.10986328125,-0.1953125,-0.048828125,-0.79345703125,0.28076171875,0.8056640625,-0.15869140625,-0.03662109375,0.03662109375,0.13427734375,-0.1220703125,-0.54931640625,-0.72021484375,-0.25634765625,0.13427734375,-0.23193359375,-0.0732421875,-0.28076171875,-0.390625,-0.72021484375,-0.0244140625,-0.4150390625,0.3173828125,0.52490234375,-0.29296875,1.01318359375,0.244140625,0.5859375,-0.4638671875,-0.244140625,-0.09765625,0.64697265625,0.03662109375,0.78125,-0.2685546875,0.5615234375,0.5615234375,1.40380859375,0.06103515625,0.2685546875,-0.01220703125,0.1220703125,0.18310546875,0.84228515625,0.146484375,-0.0244140625,0.15869140625,0.0244140625,0.2197265625,0.64697265625,-0.1220703125,1.3427734375,-0.3173828125,0.341796875,0.146484375,1.79443359375,-0.01220703125,-0.20751953125,-0.08544921875,3.67431640625,-0.32958984375,-0.5615234375,-0.01220703125,-0.1220703125,0.10986328125,-1.55029296875,-0.09765625,-0.32958984375,0.15869140625,-0.35400390625,0.10986328125,-1.4892578125,-0.146484375,-0.67138671875,-0.08544921875,-0.67138671875,0.09765625,-0.62255859375,0.01220703125,-0.048828125,0.23193359375,-0.7568359375,0.32958984375,-1.47705078125,-0.0244140625,-1.06201171875,-0.08544921875,0.25634765625,-0.4150390625,0.30517578125,-0.244140625,0.03662109375,-0.0732421875,-0.10986328125,0.048828125,0.1953125,-0.1708984375,-0.28076171875,-0.01220703125,0.54931640625,-0.10986328125,-0.76904296875,-0.1220703125,-0.8056640625
1,-0.59814453125,2.99072265625,-0.15869140625,1.13525390625,0.2197265625,0.89111328125,-0.0244140625,1.4892578125,-0.0244140625,-0.08544921875,-0.048828125,-0.96435546875,0.08544921875,0.9765625,-0.0244140625,-0.13427734375,0,-0.5615234375,-0.048828125,-0.1953125,-0.048828125,0.8056640625,-0.13427734375,-0.6103515625,-0.08544921875,-0.1708984375,-0.06103515625,-0.8056640625,0.20751953125,0.8056640625,-0.146484375,-0.0244140625,0,0.1220703125,-0.30517578125,-0.52490234375,-0.79345703125,-0.18310546875,-0.01220703125,-0.23193359375,-0.1220703125,-0.2685546875,-0.35400390625,-0.69580078125,0.03662109375,-0.439453125,0.3173828125,0.5126953125,-0.244140625,1.0498046875,0.244140625,0.69580078125,-0.4150390625,-0.1953125,-0.1220703125,0.67138671875,0.06103515625,0.76904296875,-0.3173828125,0.5615234375,0.45166015625,1.5869140625,0.1220703125,0.25634765625,-0.08544921875,0.09765625,0.15869140625,0.81787109375,0.10986328125,-0.13427734375,0.0244140625,-0.0244140625,0.25634765625,0.6591796875,-0.25634765625,1.35498046875,-0.25634765625,0.3662109375,0.0244140625,1.79443359375,-0.03662109375,-0.2685546875,-0.03662109375,3.4423828125,-0.42724609375,-0.634765625,-0.08544921875,-0.1953125,0.08544921875,-1.57470703125,-0.0732421875,-0.3662109375,0.0244140625,-0.3662109375,0.09765625,-1.4892578125,-0.146484375,-0.69580078125,-0.03662109375,-0.68359375,0.048828125,-0.6103515625,0,-0.048828125,0.20751953125,-0.7568359375,0.29296875,-1.4892578125,-0.08544921875,-1.06201171875,-0.06103515625,0.25634765625,-0.4150390625,0.29296875,-0.2197265625,0.0244140625,-0.0732421875,-0.0732421875,0.048828125,0.146484375,-0.1953125,-0.2197265625,-0.0244140625,0.54931640625,-0.1220703125,-0.72021484375,-0.09765625,-0.79345703125
1,-0.62255859375,2.74658203125,-0.15869140625,0.93994140625,0.244140625,0.74462890625,-0.01220703125,1.2939453125,0,-0.08544921875,-0.048828125,-0.9765625,0.0732421875,0.98876953125,-0.03662109375,-0.1708984375,0.0732421875,-0.54931640625,-0.08544921875,-0.1953125,0.01220703125,0.81787109375,-0.15869140625,-0.59814453125,-0.0732421875,-0.18310546875,-0.03662109375,-0.8056640625,0.1220703125,0.81787109375,-0.1220703125,-0.0244140625,0.048828125,0.0732421875,-0.40283203125,-0.54931640625,-0.76904296875,-0.18310546875,0,-0.2685546875,-0.1708984375,-0.2685546875,-0.32958984375,-0.69580078125,0.048828125,-0.4150390625,0.45166015625,0.52490234375,-0.20751953125,1.01318359375,0.18310546875,0.67138671875,-0.42724609375,-0.1708984375,-0.0732421875,0.64697265625,0.048828125,0.76904296875,-0.3173828125,0.52490234375,0.42724609375,1.7333984375,0.03662109375,0.244140625,-0.0244140625,0.06103515625,0.2685546875,0.79345703125,0.28076171875,-0.1708984375,0.0732421875,-0.03662109375,0.32958984375,0.67138671875,-0.20751953125,1.35498046875,-0.0732421875,0.390625,-0.0244140625,1.8310546875,-0.03662109375,-0.341796875,-0.01220703125,3.271484375,-0.439453125,-0.7080078125,-0.1708984375,-0.2685546875,0.06103515625,-1.5625,-0.08544921875,-0.37841796875,-0.03662109375,-0.3662109375,0.06103515625,-1.50146484375,-0.1220703125,-0.69580078125,0,-0.68359375,0.01220703125,-0.6103515625,0,-0.048828125,0.18310546875,-0.76904296875,0.341796875,-1.50146484375,-0.13427734375,-1.0498046875,-0.048828125,0.25634765625,-0.40283203125,0.28076171875,-0.2197265625,0.048828125,-0.0732421875,-0.03662109375,0.06103515625,0.15869140625,-0.18310546875,-0.20751953125,-0.01220703125,0.54931640625,-0.146484375,-0.69580078125,-0.09765625,-0.76904296875
1,-0.50048828125,2.35595703125,-0.1953125,0.7568359375,0.2197265625,0.57373046875,-0.0244140625,1.11083984375,0.03662109375,-0.09765625,-0.01220703125,-0.9521484375,0.0732421875,1.01318359375,-0.0732421875,-0.1953125,0.10986328125,-0.54931640625,-0.09765625,-0.2197265625,0.048828125,0.84228515625,-0.1953125,-0.5859375,-0.09765625,-0.15869140625,-0.01220703125,-0.8056640625,-0.0244140625,0.830078125,-0.10986328125,-0.03662109375,0.0244140625,0.01220703125,-0.5126953125,-0.5859375,-0.732421875,-0.2197265625,-0.048828125,-0.3173828125,-0.1953125,-0.28076171875,-0.25634765625,-0.69580078125,0.09765625,-0.4150390625,0.47607421875,0.537109375,-0.1220703125,1.0009765625,0.10986328125,0.52490234375,-0.47607421875,-0.18310546875,-0.08544921875,0.59814453125,0.03662109375,0.76904296875,-0.35400390625,0.54931640625,0.390625,1.806640625,0.048828125,0.23193359375,-0.06103515625,0.06103515625,0.30517578125,0.79345703125,0.32958984375,-0.1953125,0.03662109375,-0.0244140625,0.30517578125,0.72021484375,-0.146484375,1.3916015625,0,0.4638671875,-0.08544921875,1.904296875,-0.048828125,-0.37841796875,0.06103515625,3.1982421875,-0.4638671875,-0.72021484375,-0.2197265625,-0.2685546875,0.0732421875,-1.55029296875,-0.08544921875,-0.3662109375,-0.1220703125,-0.37841796875,0.01220703125,-1.50146484375,-0.1220703125,-0.72021484375,-0.01220703125,-0.6591796875,-0.0244140625,-0.62255859375,0,-0.03662109375,0.1953125,-0.76904296875,0.25634765625,-1.47705078125,-0.1220703125,-1.03759765625,-0.03662109375,0.2685546875,-0.390625,0.28076171875,-0.1953125,0.048828125,-0.0732421875,-0.01220703125,0.08544921875,0.146484375,-0.18310546875,-0.18310546875,-0.0244140625,0.54931640625,-0.18310546875,-0.68359375,-0.09765625,-0.7568359375
1,-0.45166015625,1.81884765625,-0.146484375,0.5615234375,0.20751953125,0.3662109375,0.01220703125,0.87890625,0.06103515625,-0.08544921875,-0.0244140625,-0.9521484375,0.0244140625,1.0009765625,-0.08544921875,-0.18310546875,0.146484375,-0.52490234375,-0.08544921875,-0.2197265625,0,0.87890625,-0.2685546875,-0.57373046875,-0.10986328125,-0.146484375,0.01220703125,-0.830078125,-0.1220703125,0.8544921875,-0.06103515625,-0.03662109375,-0.01220703125,-0.03662109375,-0.5615234375,-0.634765625,-0.72021484375,-0.2685546875,-0.0244140625,-0.37841796875,-0.15869140625,-0.29296875,-0.20751953125,-0.7080078125,0.1220703125,-0.45166015625,0.45166015625,0.5615234375,0,0.9521484375,0.08544921875,0.29296875,-0.42724609375,-0.18310546875,-0.03662109375,0.57373046875,0.0244140625,0.79345703125,-0.341796875,0.5615234375,0.37841796875,1.806640625,-0.0244140625,0.20751953125,-0.06103515625,0.1220703125,0.1953125,0.84228515625,0.2685546875,-0.146484375,-0.06103515625,0.01220703125,0.244140625,0.8544921875,-0.15869140625,1.40380859375,0.048828125,0.57373046875,-0.20751953125,2.01416015625,-0.03662109375,-0.40283203125,0.10986328125,3.1982421875,-0.439453125,-0.7568359375,-0.23193359375,-0.29296875,0.0732421875,-1.55029296875,-0.1953125,-0.35400390625,-0.18310546875,-0.390625,0.048828125,-1.52587890625,-0.10986328125,-0.72021484375,-0.01220703125,-0.6591796875,-0.0244140625,-0.62255859375,-0.01220703125,-0.03662109375,0.23193359375,-0.76904296875,0.244140625,-1.47705078125,-0.10986328125,-1.025390625,-0.048828125,0.2685546875,-0.37841796875,0.2685546875,-0.1953125,0.048828125,-0.0732421875,0,0.09765625,0.13427734375,-0.146484375,-0.1708984375,0.01220703125,0.5615234375,-0.1708984375,-0.68359375,-0.0732421875,-0.74462890625
1,-0.42724609375,1.1474609375,-0.15869140625,0.3173828125,0.20751953125,0.15869140625,0.048828125,0.62255859375,0.08544921875,-0.09765625,0.01220703125,-0.96435546875,0,1.0009765625,-0.10986328125,-0.20751953125,0.09765625,-0.52490234375,-0.09765625,-0.20751953125,-0.06103515625,0.89111328125,-0.28076171875,-0.5615234375,-0.13427734375,-0.1220703125,0.048828125,-0.8544921875,-0.18310546875,0.8544921875,-0.09765625,-0.048828125,-0.0244140625,-0.048828125,-0.62255859375,-0.64697265625,-0.67138671875,-0.32958984375,0.0244140625,-0.4150390625,-0.10986328125,-0.244140625,-0.15869140625,-0.68359375,0.146484375,-0.4638671875,0.4150390625,0.57373046875,0.08544921875,0.91552734375,0.0732421875,0.03662109375,-0.4150390625,-0.23193359375,0.0732421875,0.537109375,0.01220703125,0.76904296875,-0.30517578125,0.54931640625,0.40283203125,1.72119140625,-0.06103515625,0.18310546875,0.048828125,0.2197265625,0.18310546875,0.91552734375,0.29296875,-0.048828125,0.03662109375,0.08544921875,0.244140625,0.98876953125,-0.08544921875,1.42822265625,0.08544921875,0.69580078125,-0.1708984375,2.1728515625,-0.0732421875,-0.40283203125,0.15869140625,3.1982421875,-0.4150390625,-0.732421875,-0.20751953125,-0.29296875,0.06103515625,-1.52587890625,-0.25634765625,-0.3173828125,-0.28076171875,-0.390625,0.0732421875,-1.5625,-0.1220703125,-0.7080078125,-0.03662109375,-0.6591796875,-0.01220703125,-0.634765625,-0.06103515625,-0.06103515625,0.2197265625,-0.78125,0.23193359375,-1.47705078125,-0.15869140625,-1.03759765625,-0.048828125,0.2685546875,-0.3662109375,0.28076171875,-0.1708984375,0.03662109375,-0.08544921875,0.0244140625,0.09765625,0.1220703125,-0.146484375,-0.1708984375,0.03662109375,0.5615234375,-0.13427734375,-0.67138671875,-0.09765625,-0.72021484375
1,-0.40283203125,0.5126953125,-0.1953125,0.09765625,0.23193359375,-0.03662109375,0.048828125,0.390625,0.09765625,-0.09765625,0.0244140625,-0.9521484375,-0.03662109375,1.01318359375,-0.1220703125,-0.18310546875,0.08544921875,-0.50048828125,-0.1220703125,-0.244140625,-0.15869140625,0.91552734375,-0.3662109375,-0.5615234375,-0.146484375,-0.13427734375,0.09765625,-0.84228515625,-0.2197265625,0.87890625,-0.1220703125,-0.03662109375,0.06103515625,0,-0.6591796875,-0.6591796875,-0.57373046875,-0.3173828125,0.15869140625,-0.4150390625,-0.0244140625,-0.25634765625,-0.1220703125,-0.6591796875,0.13427734375,-0.4638671875,0.42724609375,0.5859375,0.1708984375,0.89111328125,-0.03662109375,-0.15869140625,-0.40283203125,-0.25634765625,0.1220703125,0.52490234375,-0.06103515625,0.74462890625,-0.341796875,0.54931640625,0.32958984375,1.5625,-0.06103515625,0.20751953125,-0.01220703125,0.341796875,0.06103515625,1.0009765625,0.2685546875,0.0732421875,0,0.2197265625,0.09765625,1.1474609375,-0.06103515625,1.4892578125,0,0.81787109375,-0.1708984375,2.294921875,-0.10986328125,-0.42724609375,0.1953125,3.1494140625,-0.40283203125,-0.732421875,-0.18310546875,-0.28076171875,0.06103515625,-1.513671875,-0.3173828125,-0.3173828125,-0.37841796875,-0.390625,0.13427734375,-1.55029296875,-0.1220703125,-0.69580078125,-0.06103515625,-0.6591796875,-0.0244140625,-0.634765625,-0.09765625,-0.0732421875,0.1708984375,-0.76904296875,0.18310546875,-1.47705078125,-0.146484375,-1.025390625,-0.08544921875,0.29296875,-0.3662109375,0.28076171875,-0.18310546875,0.0244140625,-0.0732421875,0.0244140625,0.08544921875,0.146484375,-0.13427734375,-0.15869140625,0.048828125,0.5859375,-0.09765625,-0.69580078125,-0.08544921875,-0.72021484375
1,-0.3662109375,-0.048828125,-0.15869140625,-0.06103515625,0.23193359375,-0.1953125,0.03662109375,0.20751953125,0.09765625,-0.08544921875,0,-0.93994140625,-0.08544921875,1.025390625,-0.1220703125,-0.15869140625,0.048828125,-0.5126953125,-0.15869140625,-0.25634765625,-0.28076171875,0.91552734375,-0.4150390625,-0.5615234375,-0.1708984375,-0.13427734375,0.10986328125,-0.86669921875,-0.2197265625,0.87890625,-0.146484375,-0.03662109375,0.13427734375,0.08544921875,-0.64697265625,-0.6103515625,-0.341796875,-0.28076171875,0.25634765625,-0.3662109375,0.09765625,-0.244140625,-0.0732421875,-0.68359375,0.10986328125,-0.47607421875,0.35400390625,0.6103515625,0.20751953125,0.91552734375,-0.06103515625,-0.25634765625,-0.341796875,-0.29296875,0.20751953125,0.54931640625,-0.1220703125,0.74462890625,-0.32958984375,0.54931640625,0.37841796875,1.37939453125,-0.09765625,0.20751953125,0.06103515625,0.54931640625,0.0244140625,1.13525390625,0.2197265625,0.25634765625,0.01220703125,0.35400390625,0.06103515625,1.2451171875,-0.01220703125,1.50146484375,0.0244140625,0.91552734375,-0.0244140625,2.392578125,-0.1708984375,-0.45166015625,0.1708984375,3.01513671875,-0.40283203125,-0.732421875,-0.1708984375,-0.32958984375,0.03662109375,-1.513671875,-0.35400390625,-0.3173828125,-0.50048828125,-0.390625,0.1953125,-1.5625,-0.13427734375,-0.68359375,-0.06103515625,-0.68359375,-0.01220703125,-0.64697265625,-0.10986328125,-0.09765625,0.13427734375,-0.76904296875,0.15869140625,-1.47705078125,-0.146484375,-1.03759765625,-0.10986328125,0.30517578125,-0.32958984375,0.30517578125,-0.1708984375,0,-0.06103515625,0.01220703125,0.0732421875,0.146484375,-0.146484375,-0.15869140625,0.03662109375,0.59814453125,-0.08544921875,-0.69580078125,-0.09765625,-0.7080078125
1,-0.37841796875,-0.45166015625,-0.15869140625,-0.18310546875,0.25634765625,-0.28076171875,0,0.09765625,0.08544921875,-0.09765625,0.0244140625,-0.93994140625,-0.0732421875,1.025390625,-0.09765625,-0.15869140625,0.03662109375,-0.54931640625,-0.1708984375,-0.25634765625,-0.37841796875,0.91552734375,-0.439453125,-0.54931640625,-0.18310546875,-0.15869140625,0.10986328125,-0.8544921875,-0.18310546875,0.87890625,-0.1708984375,-0.048828125,0.146484375,0.244140625,-0.6103515625,-0.5126953125,-0.244140625,-0.1953125,0.32958984375,-0.25634765625,0.23193359375,-0.244140625,-0.048828125,-0.68359375,0.09765625,-0.47607421875,0.341796875,0.62255859375,0.23193359375,0.9521484375,-0.08544921875,-0.2197265625,-0.3662109375,-0.29296875,0.2197265625,0.59814453125,-0.1953125,0.7568359375,-0.390625,0.54931640625,0.341796875,1.13525390625,-0.146484375,0.244140625,0.09765625,0.72021484375,0.0732421875,1.30615234375,0.1953125,0.42724609375,0.0732421875,0.48828125,-0.0732421875,1.2939453125,-0.03662109375,1.513671875,-0.0244140625,0.93994140625,0.0732421875,2.4169921875,-0.1953125,-0.48828125,0.244140625,2.734375,-0.3662109375,-0.732421875,-0.08544921875,-0.37841796875,0.01220703125,-1.513671875,-0.37841796875,-0.28076171875,-0.5615234375,-0.390625,0.2197265625,-1.5869140625,-0.146484375,-0.67138671875,-0.06103515625,-0.68359375,-0.0244140625,-0.6591796875,-0.13427734375,-0.08544921875,0.048828125,-0.74462890625,0.1220703125,-1.4404296875,-0.1220703125,-1.025390625,-0.1220703125,0.29296875,-0.32958984375,0.32958984375,-0.18310546875,-0.0244140625,-0.08544921875,0,0.048828125,0.146484375,-0.1220703125,-0.15869140625,0.03662109375,0.59814453125,-0.06103515625,-0.72021484375,-0.09765625,-0.7080078125
0,-0.42724609375,-0.62255859375,-0.1953125,-0.2197265625,0.2685546875,-0.30517578125,0.0244140625,0.048828125,0.06103515625,-0.08544921875,0.03662109375,-0.93994140625,-0.08544921875,1.01318359375,-0.08544921875,-0.1220703125,0,-0.5859375,-0.1953125,-0.25634765625,-0.439453125,0.89111328125,-0.45166015625,-0.5615234375,-0.1708984375,-0.1708984375,0.1220703125,-0.8544921875,-0.18310546875,0.84228515625,-0.13427734375,-0.048828125,0.146484375,0.42724609375,-0.537109375,-0.37841796875,-0.20751953125,-0.0732421875,0.3662109375,-0.08544921875,0.390625,-0.23193359375,-0.01220703125,-0.68359375,0.06103515625,-0.4638671875,0.244140625,0.62255859375,0.2685546875,1.03759765625,-0.1708984375,-0.09765625,-0.341796875,-0.2685546875,0.20751953125,0.64697265625,-0.23193359375,0.74462890625,-0.40283203125,0.54931640625,0.341796875,0.927734375,-0.18310546875,0.28076171875,0.0732421875,0.96435546875,-0.0244140625,1.416015625,0.0244140625,0.5859375,0.01220703125,0.634765625,-0.10986328125,1.26953125,-0.09765625,1.50146484375,-0.0732421875,0.9033203125,0.18310546875,2.35595703125,-0.20751953125,-0.57373046875,0.20751953125,2.30712890625,-0.32958984375,-0.76904296875,-0.048828125,-0.42724609375,-0.0244140625,-1.47705078125,-0.37841796875,-0.29296875,-0.59814453125,-0.390625,0.18310546875,-1.57470703125,-0.146484375,-0.6591796875,-0.048828125,-0.68359375,-0.03662109375,-0.6591796875,-0.13427734375,-0.0732421875,0.0732421875,-0.74462890625,0.03662109375,-1.4404296875,-0.048828125,-1.025390625,-0.1220703125,0.3173828125,-0.341796875,0.32958984375,-0.18310546875,-0.03662109375,-0.08544921875,-0.048828125,0.0244140625,0.13427734375,-0.10986328125,-0.1708984375,0.03662109375,0.62255859375,-0.09765625,-0.74462890625,-0.10986328125,-0.69580078125
0,-0.40283203125,-0.50048828125,-0.13427734375,-0.1708984375,0.244140625,-0.2685546875,0.01220703125,0.10986328125,0.0732421875,-0.0732421875,0,-0.93994140625,-0.08544921875,1.025390625,-0.0732421875,-0.08544921875,-0.03662109375,-0.6103515625,-0.20751953125,-0.244140625,-0.42724609375,0.8544921875,-0.40283203125,-0.54931640625,-0.146484375,-0.1708984375,0.0732421875,-0.8544921875,-0.1953125,0.84228515625,-0.1220703125,-0.03662109375,0.1708984375,0.59814453125,-0.45166015625,-0.2685546875,-0.08544921875,0.0244140625,0.4150390625,0.0732421875,0.45166015625,-0.25634765625,0,-0.7080078125,0.0244140625,-0.4638671875,0.20751953125,0.62255859375,0.23193359375,1.123046875,-0.10986328125,0.13427734375,-0.341796875,-0.20751953125,0.2685546875,0.74462890625,-0.28076171875,0.7568359375,-0.3662109375,0.5615234375,0.4638671875,0.74462890625,-0.244140625,0.341796875,0.13427734375,1.18408203125,-0.03662109375,1.5625,-0.0732421875,0.732421875,-0.06103515625,0.7568359375,-0.0732421875,1.13525390625,-0.09765625,1.4404296875,-0.08544921875,0.79345703125,0.3173828125,2.2216796875,-0.18310546875,-0.67138671875,0.1953125,1.7578125,-0.2685546875,-0.81787109375,0,-0.52490234375,0,-1.513671875,-0.341796875,-0.25634765625,-0.59814453125,-0.390625,0.13427734375,-1.5625,-0.146484375,-0.6591796875,-0.048828125,-0.67138671875,-0.03662109375,-0.64697265625,-0.13427734375,-0.08544921875,0.10986328125,-0.76904296875,-0.06103515625,-1.46484375,0,-1.025390625,-0.13427734375,0.30517578125,-0.341796875,0.341796875,-0.146484375,-0.06103515625,-0.08544921875,-0.0732421875,0,0.15869140625,-0.0732421875,-0.1708984375,0.03662109375,0.59814453125,-0.06103515625,-0.732421875,-0.09765625,-0.72021484375
0,-0.37841796875,-0.048828125,-0.13427734375,0.01220703125,0.25634765625,-0.09765625,0.0244140625,0.28076171875,0.06103515625,-0.09765625,-0.03662109375,-0.93994140625,-0.09765625,1.025390625,-0.0732421875,-0.06103515625,-0.048828125,-0.6103515625,-0.244140625,-0.2197265625,-0.390625,0.84228515625,-0.30517578125,-0.5615234375,-0.0732421875,-0.146484375,0.0244140625,-0.830078125,-0.2197265625,0.8544921875,-0.1220703125,-0.03662109375,0.2197265625,0.7568359375,-0.40283203125,-0.15869140625,-0.06103515625,0.1220703125,0.50048828125,0.20751953125,0.47607421875,-0.25634765625,0.01220703125,-0.7080078125,0.01220703125,-0.47607421875,0.15869140625,0.634765625,0.146484375,1.20849609375,-0.15869140625,0.37841796875,-0.37841796875,-0.146484375,0.29296875,0.830078125,-0.28076171875,0.76904296875,-0.35400390625,0.54931640625,0.48828125,0.634765625,-0.30517578125,0.390625,0.13427734375,1.35498046875,-0.048828125,1.67236328125,-0.09765625,0.81787109375,-0.0732421875,0.84228515625,-0.0732421875,0.96435546875,-0.08544921875,1.37939453125,-0.0732421875,0.64697265625,0.37841796875,2.0263671875,-0.13427734375,-0.830078125,0.1708984375,1.11083984375,-0.146484375,-0.9033203125,0.048828125,-0.62255859375,0.0244140625,-1.55029296875,-0.30517578125,-0.2685546875,-0.52490234375,-0.390625,0.09765625,-1.5380859375,-0.18310546875,-0.64697265625,-0.0244140625,-0.68359375,-0.03662109375,-0.62255859375,-0.146484375,-0.08544921875,0.1220703125,-0.7568359375,-0.10986328125,-1.46484375,0.03662109375,-1.025390625,-0.08544921875,0.29296875,-0.3173828125,0.35400390625,-0.13427734375,-0.0732421875,-0.08544921875,-0.09765625,-0.048828125,0.15869140625,-0.09765625,-0.18310546875,0,0.5615234375,-0.03662109375,-0.732421875,-0.09765625,-0.74462890625
0,-0.4638671875,0.634765625,-0.13427734375,0.3173828125,0.244140625,0.13427734375,0.01220703125,0.57373046875,0.0732421875,-0.06103515625,-0.048828125,-0.927734375,-0.09765625,1.0009765625,-0.08544921875,-0.0244140625,-0.06103515625,-0.62255859375,-0.28076171875,-0.20751953125,-0.2685546875,0.84228515625,-0.244140625,-0.5859375,0,-0.15869140625,0,-0.8056640625,-0.29296875,0.84228515625,-0.146484375,-0.0244140625,0.3173828125,0.830078125,-0.35400390625,-0.10986328125,-0.0244140625,0.1708984375,0.5126953125,0.28076171875,0.42724609375,-0.2685546875,-0.03662109375,-0.69580078125,0,-0.45166015625,0.09765625,0.62255859375,0.1220703125,1.318359375,-0.1708984375,0.634765625,-0.341796875,-0.08544921875,0.32958984375,0.89111328125,-0.3173828125,0.76904296875,-0.35400390625,0.5615234375,0.6591796875,0.57373046875,-0.37841796875,0.40283203125,0.1708984375,1.52587890625,-0.06103515625,1.7578125,-0.048828125,0.86669921875,-0.13427734375,0.9033203125,0.06103515625,0.78125,-0.01220703125,1.3916015625,-0.0244140625,0.52490234375,0.439453125,1.85546875,-0.10986328125,-0.9765625,0.09765625,0.45166015625,-0.0244140625,-1.01318359375,0.08544921875,-0.7568359375,0.048828125,-1.55029296875,-0.2197265625,-0.28076171875,-0.439453125,-0.390625,0.08544921875,-1.513671875,-0.244140625,-0.634765625,-0.048828125,-0.68359375,-0.0244140625,-0.6103515625,-0.13427734375,-0.0732421875,0.1953125,-0.76904296875,-0.15869140625,-1.47705078125,0.03662109375,-1.025390625,-0.0244140625,0.29296875,-0.32958984375,0.341796875,-0.13427734375,-0.08544921875,-0.0732421875,-0.1220703125,-0.06103515625,0.15869140625,-0.09765625,-0.1953125,-0.01220703125,0.537109375,0.0244140625,-0.72021484375,-0.0732421875,-0.7568359375
0,-0.52490234375,1.55029296875,-0.146484375,0.67138671875,0.23193359375,0.42724609375,0.03662109375,0.927734375,0.08544921875,-0.08544921875,-0.06103515625,-0.927734375,-0.06103515625,0.98876953125,-0.0732421875,-0.03662109375,-0.06103515625,-0.64697265625,-0.29296875,-0.1953125,-0.10986328125,0.830078125,-0.13427734375,-0.59814453125,0.03662109375,-0.1708984375,-0.0244140625,-0.8056640625,-0.35400390625,0.830078125,-0.15869140625,-0.03662109375,0.32958984375,0.81787109375,-0.30517578125,-0.13427734375,0,0.146484375,0.50048828125,0.28076171875,0.37841796875,-0.244140625,-0.10986328125,-0.7080078125,-0.0244140625,-0.45166015625,0.0732421875,0.59814453125,0.03662109375,1.3916015625,-0.1220703125,0.78125,-0.35400390625,-0.06103515625,0.37841796875,0.93994140625,-0.341796875,0.74462890625,-0.390625,0.5615234375,0.634765625,0.59814453125,-0.48828125,0.439453125,0.18310546875,1.611328125,-0.08544921875,1.79443359375,0.0244140625,0.8544921875,-0.23193359375,0.91552734375,0.08544921875,0.67138671875,-0.01220703125,1.4892578125,0.0732421875,0.439453125,0.37841796875,1.7578125,-0.06103515625,-1.07421875,0.0732421875,-0.13427734375,0.1220703125,-1.123046875,0.08544921875,-0.86669921875,0.10986328125,-1.5625,-0.1220703125,-0.28076171875,-0.3173828125,-0.390625,0.03662109375,-1.47705078125,-0.25634765625,-0.67138671875,-0.03662109375,-0.69580078125,0.01220703125,-0.59814453125,-0.1220703125,-0.0732421875,0.20751953125,-0.74462890625,-0.18310546875,-1.4892578125,-0.01220703125,-1.025390625,0.01220703125,0.28076171875,-0.30517578125,0.341796875,-0.1220703125,-0.08544921875,-0.0732421875,-0.1220703125,-0.0732421875,0.15869140625,-0.09765625,-0.2197265625,-0.01220703125,0.50048828125,0.03662109375,-0.67138671875,-0.03662109375,-0.8056640625
0,-0.47607421875,2.62451171875,-0.13427734375,1.08642578125,0.244140625,0.76904296875,0.0732421875,1.28173828125,0.09765625,-0.0732421875,-0.0732421875,-0.927734375,-0.0732421875,0.98876953125,-0.048828125,-0.048828125,-0.01220703125,-0.64697265625,-0.3173828125,-0.2197265625,0.0244140625,0.81787109375,-0.08544921875,-0.59814453125,0.08544921875,-0.146484375,0,-0.830078125,-0.45166015625,0.8056640625,-0.15869140625,-0.048828125,0.3662109375,0.74462890625,-0.18310546875,-0.244140625,0.0732421875,0.0732421875,0.4638671875,0.1953125,0.28076171875,-0.244140625,-0.18310546875,-0.69580078125,0.0244140625,-0.439453125,0.048828125,0.5859375,0.01220703125,1.45263671875,-0.146484375,0.89111328125,-0.3662109375,-0.03662109375,0.4150390625,0.9521484375,-0.28076171875,0.76904296875,-0.45166015625,0.5615234375,0.54931640625,0.6591796875,-0.5615234375,0.4150390625,0.1220703125,1.67236328125,-0.06103515625,1.806640625,0.10986328125,0.830078125,-0.32958984375,0.9033203125,0.146484375,0.732421875,0.048828125,1.74560546875,0.1708984375,0.4638671875,0.35400390625,1.81884765625,-0.01220703125,-1.15966796875,0.0244140625,-0.54931640625,0.2197265625,-1.18408203125,0.06103515625,-0.93994140625,0.18310546875,-1.57470703125,-0.06103515625,-0.30517578125,-0.1708984375,-0.37841796875,0,-1.47705078125,-0.28076171875,-0.68359375,-0.01220703125,-0.67138671875,-0.03662109375,-0.59814453125,-0.09765625,-0.06103515625,0.18310546875,-0.7568359375,-0.1953125,-1.47705078125,-0.048828125,-1.025390625,0.048828125,0.28076171875,-0.29296875,0.32958984375,-0.08544921875,-0.06103515625,-0.0732421875,-0.1220703125,-0.0732421875,0.146484375,-0.13427734375,-0.244140625,-0.0244140625,0.47607421875,0.03662109375,-0.59814453125,-0.048828125,-0.830078125
0,-0.42724609375,3.72314453125,-0.15869140625,1.513671875,0.20751953125,1.15966796875,0.09765625,1.708984375,0.1220703125,-0.08544921875,-0.08544921875,-0.91552734375,-0.03662109375,0.98876953125,-0.0732421875,-0.09765625,0.03662109375,-0.62255859375,-0.25634765625,-0.2197265625,0.15869140625,0.8544921875,-0.06103515625,-0.54931640625,0.09765625,-0.1220703125,0,-0.830078125,-0.5126953125,0.830078125,-0.1220703125,-0.048828125,0.2685546875,0.5859375,-0.09765625,-0.37841796875,0.10986328125,-0.06103515625,0.3662109375,0.0244140625,0.146484375,-0.244140625,-0.1953125,-0.7080078125,0.09765625,-0.42724609375,0.15869140625,0.5615234375,0.01220703125,1.47705078125,-0.146484375,0.8544921875,-0.390625,-0.06103515625,0.4638671875,0.93994140625,-0.25634765625,0.74462890625,-0.47607421875,0.5615234375,0.6103515625,0.7568359375,-0.64697265625,0.4150390625,0.08544921875,1.708984375,-0.0732421875,1.7822265625,0.20751953125,0.79345703125,-0.47607421875,0.86669921875,0.048828125,1.0009765625,0.06103515625,2.23388671875,0.25634765625,0.69580078125,0.25634765625,2.0751953125,-0.0244140625,-1.1962890625,-0.08544921875,-0.7568359375,0.28076171875,-1.220703125,-0.048828125,-0.9765625,0.20751953125,-1.57470703125,-0.03662109375,-0.30517578125,-0.048828125,-0.37841796875,-0.01220703125,-1.46484375,-0.23193359375,-0.68359375,-0.06103515625,-0.68359375,-0.06103515625,-0.5859375,-0.08544921875,-0.048828125,0.146484375,-0.76904296875,-0.18310546875,-1.4892578125,-0.06103515625,-1.0009765625,0.08544921875,0.28076171875,-0.25634765625,0.3173828125,-0.0732421875,-0.03662109375,-0.0732421875,-0.08544921875,-0.06103515625,0.15869140625,-0.10986328125,-0.244140625,0,0.48828125,0.0732421875,-0.50048828125,-0.0244140625,-0.830078125
0,-0.37841796875,4.7119140625,-0.146484375,1.96533203125,0.2197265625,1.513671875,0.146484375,2.1240234375,0.13427734375,-0.08544921875,-0.08544921875,-0.91552734375,-0.03662109375,1.025390625,-0.0732421875,-0.10986328125,0.06103515625,-0.57373046875,-0.18310546875,-0.2197265625,0.25634765625,0.87890625,0,-0.52490234375,0.10986328125,-0.09765625,-0.0244140625,-0.81787109375,-0.5126953125,0.8544921875,-0.03662109375,-0.0244140625,0.15869140625,0.4150390625,0.0244140625,-0.52490234375,0.13427734375,-0.18310546875,0.3173828125,-0.15869140625,0.0732421875,-0.244140625,-0.1953125,-0.69580078125,0.1220703125,-0.40283203125,0.1708984375,0.54931640625,-0.048828125,1.4404296875,-0.1708984375,0.76904296875,-0.4638671875,-0.0732421875,0.45166015625,0.89111328125,-0.18310546875,0.732421875,-0.5126953125,0.57373046875,0.62255859375,0.89111328125,-0.6591796875,0.40283203125,0.0244140625,1.67236328125,-0.10986328125,1.7578125,0.25634765625,0.76904296875,-0.5126953125,0.8056640625,-0.08544921875,1.52587890625,0.03662109375,2.9541015625,0.29296875,1.13525390625,0.1220703125,2.587890625,-0.03662109375,-1.18408203125,-0.048828125,-0.68359375,0.341796875,-1.23291015625,-0.08544921875,-0.96435546875,0.244140625,-1.55029296875,-0.048828125,-0.29296875,0.0732421875,-0.390625,0.03662109375,-1.4892578125,-0.2197265625,-0.7080078125,-0.08544921875,-0.67138671875,-0.13427734375,-0.59814453125,-0.048828125,-0.0732421875,0.1220703125,-0.76904296875,-0.13427734375,-1.4892578125,-0.10986328125,-1.0009765625,0.08544921875,0.29296875,-0.23193359375,0.30517578125,-0.0244140625,-0.03662109375,-0.0732421875,-0.06103515625,-0.048828125,0.146484375,-0.09765625,-0.2197265625,0.0244140625,0.50048828125,-0.0244140625,-0.35400390625,-0.03662109375,-0.8056640625
0,-0.3662109375,5.56640625,-0.146484375,2.33154296875,0.20751953125,1.8310546875,0.146484375,2.45361328125,0.146484375,-0.09765625,-0.06103515625,-0.91552734375,-0.01220703125,1.0009765625,-0.10986328125,-0.18310546875,0.08544921875,-0.59814453125,-0.10986328125,-0.23193359375,0.28076171875,0.9033203125,0.01220703125,-0.54931640625,0.13427734375,-0.08544921875,-0.06103515625,-0.830078125,-0.48828125,0.87890625,0.01220703125,-0.0244140625,0,0.29296875,0.0732421875,-0.62255859375,0.0732421875,-0.1953125,0.25634765625,-0.29296875,0.0244140625,-0.28076171875,-0.1708984375,-0.7080078125,0.13427734375,-0.390625,0.13427734375,0.537109375,-0.048828125,1.3916015625,-0.1953125,0.62255859375,-0.50048828125,-0.08544921875,0.390625,0.84228515625,-0.1220703125,0.74462890625,-0.48828125,0.57373046875,0.62255859375,1.03759765625,-0.6103515625,0.40283203125,0.048828125,1.611328125,-0.13427734375,1.7333984375,0.32958984375,0.7568359375,-0.48828125,0.76904296875,-0.08544921875,2.3193359375,0.13427734375,3.91845703125,0.32958984375,1.77001953125,0.06103515625,3.35693359375,-0.06103515625,-1.08642578125,-0.03662109375,-0.30517578125,0.3173828125,-1.15966796875,-0.10986328125,-0.87890625,0.25634765625,-1.5380859375,-0.03662109375,-0.25634765625,0.146484375,-0.35400390625,0.0732421875,-1.46484375,-0.1708984375,-0.69580078125,-0.10986328125,-0.69580078125,-0.1708984375,-0.62255859375,-0.03662109375,-0.0732421875,0.09765625,-0.7568359375,-0.0732421875,-1.45263671875,-0.146484375,-1.01318359375,0.0732421875,0.30517578125,-0.2197265625,0.29296875,0,0,-0.06103515625,-0.048828125,-0.0732421875,0.13427734375,-0.08544921875,-0.15869140625,0.0244140625,0.57373046875,-0.08544921875,-0.10986328125,-0.048828125,-0.72021484375
0,-0.45166015625,6.1767578125,-0.13427734375,2.60009765625,0.18310546875,2.0751953125,0.1220703125,2.7099609375,0.15869140625,-0.09765625,-0.0244140625,-0.93994140625,0.01220703125,1.01318359375,-0.1220703125,-0.23193359375,0.08544921875,-0.59814453125,-0.03662109375,-0.25634765625,0.30517578125,0.91552734375,0.06103515625,-0.5615234375,0.146484375,-0.08544921875,-0.08544921875,-0.84228515625,-0.37841796875,0.87890625,0.0732421875,-0.0244140625,-0.048828125,0.28076171875,0.1953125,-0.6103515625,-0.01220703125,-0.0732421875,0.30517578125,-0.32958984375,0.01220703125,-0.2685546875,-0.146484375,-0.68359375,0.13427734375,-0.390625,0.18310546875,0.537109375,-0.048828125,1.318359375,-0.23193359375,0.439453125,-0.47607421875,-0.146484375,0.32958984375,0.76904296875,-0.1220703125,0.74462890625,-0.42724609375,0.5615234375,0.69580078125,1.11083984375,-0.537109375,0.390625,0.0244140625,1.57470703125,-0.25634765625,1.69677734375,0.32958984375,0.76904296875,-0.439453125,0.72021484375,-0.1708984375,3.30810546875,0.03662109375,5.1025390625,0.1953125,2.587890625,-0.048828125,4.28466796875,-0.08544921875,-0.9033203125,0,0.3173828125,0.25634765625,-1.025390625,-0.08544921875,-0.74462890625,0.25634765625,-1.513671875,-0.03662109375,-0.2685546875,0.23193359375,-0.3662109375,0.09765625,-1.50146484375,-0.146484375,-0.72021484375,-0.1708984375,-0.68359375,-0.20751953125,-0.634765625,-0.03662109375,-0.06103515625,0.09765625,-0.7568359375,-0.01220703125,-1.45263671875,-0.1708984375,-1.0009765625,0.048828125,0.3173828125,-0.1953125,0.28076171875,-0.048828125,0.01220703125,-0.0732421875,-0.048828125,-0.0732421875,0.1220703125,-0.08544921875,-0.06103515625,0.0244140625,0.64697265625,-0.10986328125,0.1708984375,-0.06103515625,-0.62255859375
0,-0.45166015625,6.5185546875,-0.146484375,2.81982421875,0.18310546875,2.24609375,0.09765625,2.9052734375,0.1708984375,-0.08544921875,-0.01220703125,-0.9521484375,0.048828125,1.01318359375,-0.1220703125,-0.244140625,0.048828125,-0.57373046875,0,-0.25634765625,0.30517578125,0.87890625,0.0732421875,-0.5615234375,0.146484375,-0.1220703125,-0.1220703125,-0.830078125,-0.244140625,0.87890625,0.048828125,-0.01220703125,-0.03662109375,0.439453125,0.15869140625,-0.47607421875,-0.1953125,0.23193359375,0.32958984375,-0.2197265625,0.01220703125,-0.28076171875,-0.15869140625,-0.69580078125,0.13427734375,-0.390625,0.15869140625,0.52490234375,-0.06103515625,1.23291015625,-0.25634765625,0.341796875,-0.50048828125,-0.1953125,0.25634765625,0.7080078125,-0.10986328125,0.732421875,-0.3662109375,0.537109375,0.6103515625,1.1962890625,-0.45166015625,0.35400390625,0.03662109375,1.5380859375,-0.20751953125,1.69677734375,0.35400390625,0.81787109375,-0.37841796875,0.72021484375,-0.13427734375,4.43115234375,0.1708984375,6.38427734375,0.1220703125,3.47900390625,-0.09765625,5.322265625,-0.10986328125,-0.732421875,-0.10986328125,1.13525390625,0.1953125,-0.9033203125,-0.0244140625,-0.5615234375,0.2197265625,-1.50146484375,0,-0.2685546875,0.28076171875,-0.37841796875,0.15869140625,-1.52587890625,-0.146484375,-0.732421875,-0.1953125,-0.69580078125,-0.20751953125,-0.6591796875,-0.048828125,-0.0732421875,0.09765625,-0.74462890625,0.06103515625,-1.45263671875,-0.2197265625,-1.025390625,0,0.3173828125,-0.18310546875,0.28076171875,-0.048828125,0.01220703125,-0.08544921875,-0.03662109375,-0.09765625,0.13427734375,-0.0732421875,0.0732421875,0.01220703125,0.76904296875,-0.048828125,0.5615234375,-0.0244140625,-0.4638671875
0,-0.48828125,6.55517578125,-0.13427734375,2.880859375,0.20751953125,2.3193359375,0.0732421875,2.99072265625,0.18310546875,-0.0732421875,0,-0.9521484375,0.06103515625,1.03759765625,-0.146484375,-0.2197265625,0.06103515625,-0.5859375,0.03662109375,-0.25634765625,0.3173828125,0.86669921875,0.0732421875,-0.57373046875,0.15869140625,-0.146484375,-0.1708984375,-0.81787109375,-0.08544921875,0.87890625,-0.01220703125,-0.01220703125,0.01220703125,0.74462890625,0.1708984375,-0.20751953125,-0.15869140625,0.732421875,0.37841796875,0.06103515625,0,-0.29296875,-0.15869140625,-0.69580078125,0.09765625,-0.4150390625,0.1708984375,0.537109375,-0.06103515625,1.15966796875,-0.18310546875,0.28076171875,-0.50048828125,-0.244140625,0.20751953125,0.68359375,-0.13427734375,0.74462890625,-0.32958984375,0.52490234375,0.62255859375,1.25732421875,-0.3662109375,0.32958984375,0.08544921875,1.513671875,-0.08544921875,1.69677734375,0.3662109375,0.84228515625,-0.29296875,0.7080078125,-0.1220703125,5.5419921875,0.25634765625,7.67822265625,-0.01220703125,4.39453125,-0.09765625,6.396484375,-0.15869140625,-0.5126953125,-0.10986328125,2.099609375,0.08544921875,-0.72021484375,0.0244140625,-0.37841796875,0.13427734375,-1.47705078125,0.048828125,-0.2685546875,0.3662109375,-0.37841796875,0.20751953125,-1.5380859375,-0.15869140625,-0.72021484375,-0.23193359375,-0.69580078125,-0.1953125,-0.64697265625,-0.0732421875,-0.08544921875,0.10986328125,-0.732421875,0.13427734375,-1.45263671875,-0.2197265625,-1.025390625,-0.03662109375,0.3173828125,-0.1953125,0.2685546875,-0.0244140625,0.01220703125,-0.0732421875,-0.0244140625,-0.10986328125,0.13427734375,-0.10986328125,0.23193359375,0.01220703125,0.9033203125,-0.0244140625,0.98876953125,-0.01220703125,-0.25634765625
0,-0.50048828125,6.3232421875,-0.0732421875,2.84423828125,0.20751953125,2.24609375,0.03662109375,2.9541015625,0.1953125,-0.08544921875,0.01220703125,-0.96435546875,0.0732421875,1.0498046875,-0.15869140625,-0.18310546875,0.048828125,-0.5859375,0.03662109375,-0.25634765625,0.30517578125,0.84228515625,0.0244140625,-0.6103515625,0.13427734375,-0.1708984375,-0.1953125,-0.830078125,0.03662109375,0.86669921875,-0.0244140625,0,0.10986328125,1.220703125,0.13427734375,0.2197265625,-0.2197265625,1.42822265625,0.4638671875,0.537109375,0.01220703125,-0.28076171875,-0.146484375,-0.7080078125,0.048828125,-0.439453125,0.1953125,0.54931640625,-0.10986328125,1.0986328125,-0.18310546875,0.29296875,-0.52490234375,-0.244140625,0.146484375,0.6591796875,-0.1953125,0.7568359375,-0.28076171875,0.537109375,0.6103515625,1.28173828125,-0.29296875,0.32958984375,0.06103515625,1.50146484375,0.01220703125,1.708984375,0.3173828125,0.86669921875,-0.23193359375,0.72021484375,-0.01220703125,6.5673828125,0.2685546875,8.89892578125,-0.09765625,5.18798828125,-0.0732421875,7.32421875,-0.146484375,-0.244140625,-0.048828125,3.11279296875,0.06103515625,-0.537109375,0.0732421875,-0.15869140625,0.03662109375,-1.4892578125,0.09765625,-0.29296875,0.42724609375,-0.37841796875,0.23193359375,-1.5625,-0.146484375,-0.7080078125,-0.244140625,-0.67138671875,-0.20751953125,-0.6591796875,-0.08544921875,-0.09765625,0.1220703125,-0.74462890625,0.20751953125,-1.45263671875,-0.2197265625,-1.025390625,-0.06103515625,0.3173828125,-0.20751953125,0.30517578125,-0.0244140625,-0.01220703125,-0.08544921875,-0.048828125,-0.1220703125,0.15869140625,-0.0732421875,0.40283203125,0.01220703125,1.025390625,0.0244140625,1.46484375,-0.01220703125,-0.048828125
1,-0.48828125,5.8349609375,-0.10986328125,2.6611328125,0.23193359375,2.099609375,0.01220703125,2.79541015625,0.2197265625,-0.09765625,0,-0.9521484375,0.06103515625,1.025390625,-0.146484375,-0.1708984375,0.06103515625,-0.6103515625,0.03662109375,-0.23193359375,0.25634765625,0.76904296875,-0.06103515625,-0.6103515625,0.13427734375,-0.20751953125,-0.2685546875,-0.830078125,0.15869140625,0.84228515625,-0.0732421875,0,0.1220703125,1.79443359375,0,0.76904296875,-0.30517578125,2.2705078125,0.52490234375,1.11083984375,0.0244140625,-0.244140625,-0.146484375,-0.69580078125,0.03662109375,-0.47607421875,0.13427734375,0.5615234375,-0.15869140625,1.0986328125,-0.1220703125,0.32958984375,-0.52490234375,-0.2197265625,0.06103515625,0.634765625,-0.2197265625,0.76904296875,-0.20751953125,0.537109375,0.62255859375,1.26953125,-0.244140625,0.25634765625,0.048828125,1.47705078125,0.0244140625,1.69677734375,0.146484375,0.84228515625,-0.28076171875,0.72021484375,0.06103515625,7.3486328125,0.20751953125,9.8388671875,-0.1953125,5.810546875,-0.048828125,8.04443359375,-0.13427734375,-0.03662109375,-0.1220703125,4.08935546875,-0.01220703125,-0.3662109375,0.08544921875,0.0244140625,-0.06103515625,-1.47705078125,0.10986328125,-0.29296875,0.47607421875,-0.390625,0.2197265625,-1.5625,-0.15869140625,-0.69580078125,-0.23193359375,-0.67138671875,-0.20751953125,-0.64697265625,-0.06103515625,-0.0732421875,0.13427734375,-0.74462890625,0.25634765625,-1.46484375,-0.1708984375,-1.03759765625,-0.06103515625,0.341796875,-0.2197265625,0.30517578125,0.01220703125,-0.0244140625,-0.0732421875,-0.048828125,-0.13427734375,0.15869140625,-0.048828125,0.6103515625,0.03662109375,1.18408203125,0.0244140625,1.94091796875,0,0.15869140625
1,-0.47607421875,5.2001953125,-0.0732421875,2.392578125,0.244140625,1.89208984375,-0.0244140625,2.5146484375,0.2197265625,-0.13427734375,0.01220703125,-0.9521484375,0.06103515625,1.01318359375,-0.13427734375,-0.1708984375,0.048828125,-0.5859375,0.08544921875,-0.23193359375,0.1953125,0.78125,-0.146484375,-0.64697265625,0.13427734375,-0.2197265625,-0.28076171875,-0.79345703125,0.23193359375,0.81787109375,-0.10986328125,-0.03662109375,0.18310546875,2.490234375,-0.03662109375,1.416015625,-0.18310546875,3.18603515625,0.64697265625,1.81884765625,0.0732421875,-0.25634765625,-0.10986328125,-0.69580078125,0,-0.4638671875,0.1220703125,0.57373046875,-0.2197265625,1.08642578125,-0.0732421875,0.390625,-0.54931640625,-0.1708984375,-0.03662109375,0.6591796875,-0.25634765625,0.76904296875,-0.146484375,0.5615234375,0.62255859375,1.2451171875,-0.15869140625,0.23193359375,0.048828125,1.3916015625,0.13427734375,1.64794921875,0.146484375,0.79345703125,-0.20751953125,0.69580078125,0.06103515625,7.80029296875,0.10986328125,10.4736328125,-0.2685546875,6.18896484375,-0.01220703125,8.49609375,-0.1220703125,0.146484375,-0.146484375,4.9560546875,0,-0.23193359375,0.03662109375,0.1708984375,-0.13427734375,-1.50146484375,0.10986328125,-0.30517578125,0.54931640625,-0.42724609375,0.1953125,-1.57470703125,-0.18310546875,-0.68359375,-0.244140625,-0.68359375,-0.20751953125,-0.6591796875,-0.09765625,-0.08544921875,0.13427734375,-0.7568359375,0.28076171875,-1.47705078125,-0.13427734375,-1.03759765625,-0.0732421875,0.30517578125,-0.1953125,0.3173828125,-0.01220703125,-0.048828125,-0.0732421875,-0.0732421875,-0.13427734375,0.1708984375,-0.048828125,0.76904296875,0.0244140625,1.2939453125,-0.06103515625,2.392578125,-0.0244140625,0.341796875
1,-0.45166015625,4.45556640625,-0.0732421875,2.06298828125,0.244140625,1.62353515625,-0.01220703125,2.20947265625,0.23193359375,-0.10986328125,0,-0.9521484375,0.03662109375,1.025390625,-0.1708984375,-0.146484375,0.01220703125,-0.59814453125,0.08544921875,-0.1953125,0.13427734375,0.78125,-0.15869140625,-0.64697265625,0.10986328125,-0.20751953125,-0.30517578125,-0.79345703125,0.29296875,0.81787109375,-0.10986328125,-0.01220703125,0.18310546875,3.173828125,-0.13427734375,2.06298828125,-0.15869140625,4.13818359375,0.69580078125,2.52685546875,0.0732421875,-0.2197265625,-0.10986328125,-0.69580078125,0.0244140625,-0.48828125,-0.01220703125,0.5615234375,-0.30517578125,1.123046875,-0.03662109375,0.47607421875,-0.537109375,-0.18310546875,-0.13427734375,0.67138671875,-0.28076171875,0.76904296875,-0.1220703125,0.5615234375,0.5615234375,1.171875,-0.09765625,0.1953125,-0.01220703125,1.28173828125,0.1953125,1.57470703125,0.1708984375,0.67138671875,-0.146484375,0.634765625,0.0732421875,7.9345703125,0.13427734375,10.72998046875,-0.25634765625,6.298828125,0,8.6181640625,-0.15869140625,0.29296875,-0.15869140625,5.6884765625,0.01220703125,-0.146484375,0,0.29296875,-0.15869140625,-1.513671875,0.06103515625,-0.3173828125,0.537109375,-0.45166015625,0.1953125,-1.5625,-0.15869140625,-0.68359375,-0.23193359375,-0.6591796875,-0.1953125,-0.62255859375,-0.06103515625,-0.0732421875,0.1708984375,-0.7568359375,0.3173828125,-1.46484375,-0.06103515625,-1.025390625,-0.09765625,0.3173828125,-0.1953125,0.32958984375,-0.0244140625,-0.048828125,-0.0732421875,-0.08544921875,-0.146484375,0.15869140625,-0.0244140625,0.91552734375,0.048828125,1.3916015625,-0.048828125,2.77099609375,-0.03662109375,0.50048828125
1,-0.390625,3.6865234375,-0.0732421875,1.69677734375,0.25634765625,1.33056640625,-0.01220703125,1.84326171875,0.25634765625,-0.1220703125,-0.0244140625,-0.9521484375,0.03662109375,1.01318359375,-0.1953125,-0.146484375,0,-0.5859375,0.10986328125,-0.1953125,0.0244140625,0.8056640625,-0.10986328125,-0.634765625,0.1220703125,-0.18310546875,-0.29296875,-0.78125,0.32958984375,0.8056640625,-0.146484375,-0.0244140625,0.2685546875,3.7841796875,-0.1953125,2.67333984375,-0.1220703125,5.0048828125,0.732421875,3.18603515625,0.06103515625,-0.2197265625,-0.1708984375,-0.69580078125,0.048828125,-0.47607421875,-0.146484375,0.5615234375,-0.341796875,1.13525390625,0.06103515625,0.5126953125,-0.5126953125,-0.146484375,-0.18310546875,0.69580078125,-0.2197265625,0.76904296875,-0.18310546875,0.57373046875,0.52490234375,1.0986328125,-0.13427734375,0.1708984375,-0.048828125,1.13525390625,0.18310546875,1.46484375,0.13427734375,0.52490234375,-0.23193359375,0.5615234375,0.1220703125,7.763671875,0.13427734375,10.595703125,-0.23193359375,6.15234375,0.0244140625,8.447265625,-0.1708984375,0.40283203125,-0.1708984375,6.18896484375,0,-0.08544921875,-0.06103515625,0.37841796875,-0.1708984375,-1.513671875,0.03662109375,-0.32958984375,0.48828125,-0.439453125,0.1953125,-1.5380859375,-0.15869140625,-0.68359375,-0.1953125,-0.68359375,-0.13427734375,-0.62255859375,-0.0732421875,-0.08544921875,0.18310546875,-0.76904296875,0.29296875,-1.46484375,-0.01220703125,-1.03759765625,-0.09765625,0.29296875,-0.15869140625,0.32958984375,-0.01220703125,-0.0732421875,-0.08544921875,-0.09765625,-0.15869140625,0.18310546875,-0.06103515625,1.025390625,0.048828125,1.47705078125,-0.03662109375,3.03955078125,-0.0732421875,0.6103515625
1,-0.37841796875,2.94189453125,-0.06103515625,1.30615234375,0.2685546875,1.025390625,0.01220703125,1.47705078125,0.25634765625,-0.10986328125,-0.03662109375,-0.9521484375,0.0244140625,1.0009765625,-0.146484375,-0.13427734375,-0.01220703125,-0.59814453125,0.13427734375,-0.1953125,-0.06103515625,0.84228515625,-0.0732421875,-0.6103515625,0.0732421875,-0.1708984375,-0.244140625,-0.79345703125,0.35400390625,0.79345703125,-0.1220703125,-0.01220703125,0.244140625,4.30908203125,-0.28076171875,3.18603515625,-0.13427734375,5.76171875,0.732421875,3.74755859375,0.03662109375,-0.23193359375,-0.23193359375,-0.7080078125,0.0732421875,-0.47607421875,-0.20751953125,0.57373046875,-0.390625,1.171875,0.048828125,0.48828125,-0.47607421875,-0.13427734375,-0.23193359375,0.732421875,-0.146484375,0.78125,-0.244140625,0.5859375,0.5126953125,1.0009765625,-0.08544921875,0.146484375,-0.0732421875,0.9521484375,0.25634765625,1.318359375,0.23193359375,0.37841796875,-0.2197265625,0.47607421875,0.15869140625,7.28759765625,-0.06103515625,10.14404296875,-0.1220703125,5.79833984375,0,8.0322265625,-0.1708984375,0.439453125,-0.13427734375,6.4453125,-0.048828125,-0.0732421875,-0.08544921875,0.42724609375,-0.13427734375,-1.5380859375,-0.01220703125,-0.341796875,0.47607421875,-0.42724609375,0.1708984375,-1.52587890625,-0.146484375,-0.68359375,-0.1953125,-0.67138671875,-0.08544921875,-0.62255859375,-0.03662109375,-0.0732421875,0.1953125,-0.76904296875,0.28076171875,-1.46484375,0.01220703125,-1.025390625,-0.09765625,0.30517578125,-0.1953125,0.32958984375,-0.01220703125,-0.09765625,-0.08544921875,-0.08544921875,-0.146484375,0.18310546875,-0.06103515625,1.11083984375,0.03662109375,1.52587890625,0.01220703125,3.173828125,-0.08544921875,0.64697265625
1,-0.30517578125,2.28271484375,-0.09765625,0.9765625,0.28076171875,0.74462890625,0.01220703125,1.1474609375,0.2685546875,-0.08544921875,-0.0244140625,-0.93994140625,-0.03662109375,1.0009765625,-0.10986328125,-0.146484375,-0.048828125,-0.6103515625,0.15869140625,-0.1953125,-0.13427734375,0.8544921875,0.01220703125,-0.59814453125,0.0244140625,-0.13427734375,-0.1953125,-0.830078125,0.35400390625,0.8056640625,-0.1708984375,-0.048828125,0.25634765625,4.67529296875,-0.3662109375,3.55224609375,-0.1708984375,6.3232421875,0.7080078125,4.150390625,0.01220703125,-0.25634765625,-0.25634765625,-0.72021484375,0.09765625,-0.47607421875,-0.30517578125,0.537109375,-0.37841796875,1.1962890625,0.048828125,0.42724609375,-0.47607421875,-0.1220703125,-0.2685546875,0.74462890625,-0.03662109375,0.78125,-0.28076171875,0.5859375,0.390625,0.91552734375,0.0244140625,0.13427734375,-0.08544921875,0.76904296875,0.30517578125,1.171875,0.2197265625,0.2197265625,-0.2685546875,0.390625,0.1708984375,6.689453125,-0.146484375,9.4482421875,-0.01220703125,5.2978515625,-0.08544921875,7.470703125,-0.15869140625,0.45166015625,-0.13427734375,6.4453125,-0.09765625,-0.10986328125,-0.10986328125,0.4150390625,-0.0732421875,-1.52587890625,-0.06103515625,-0.32958984375,0.4150390625,-0.42724609375,0.1708984375,-1.513671875,-0.1220703125,-0.69580078125,-0.23193359375,-0.68359375,-0.01220703125,-0.6591796875,0,-0.08544921875,0.18310546875,-0.78125,0.20751953125,-1.47705078125,0.06103515625,-1.0498046875,-0.0732421875,0.28076171875,-0.1220703125,0.30517578125,0.01220703125,-0.0732421875,-0.08544921875,-0.10986328125,-0.15869140625,0.146484375,-0.048828125,1.11083984375,0.0732421875,1.5380859375,-0.06103515625,3.173828125,-0.08544921875,0.6591796875
1,-0.30517578125,1.708984375,-0.08544921875,0.64697265625,0.25634765625,0.5126953125,0.0244140625,0.84228515625,0.29296875,-0.08544921875,-0.0244140625,-0.9521484375,-0.06103515625,1.01318359375,-0.10986328125,-0.15869140625,-0.048828125,-0.5859375,0.244140625,-0.1953125,-0.1953125,0.89111328125,0.048828125,-0.57373046875,0,-0.1220703125,-0.146484375,-0.81787109375,0.3173828125,0.84228515625,-0.1708984375,-0.048828125,0.244140625,4.89501953125,-0.341796875,3.79638671875,-0.08544921875,6.67724609375,0.6591796875,4.345703125,-0.01220703125,-0.2685546875,-0.37841796875,-0.7080078125,0.15869140625,-0.45166015625,-0.30517578125,0.537109375,-0.3173828125,1.18408203125,0.09765625,0.341796875,-0.45166015625,-0.13427734375,-0.2685546875,0.74462890625,0.048828125,0.79345703125,-0.29296875,0.59814453125,0.40283203125,0.81787109375,0.0244140625,0.15869140625,-0.08544921875,0.62255859375,0.3173828125,1.06201171875,0.25634765625,0.1220703125,-0.3173828125,0.3173828125,0.1708984375,6.01806640625,-0.146484375,8.60595703125,0.1220703125,4.77294921875,-0.146484375,6.84814453125,-0.15869140625,0.37841796875,-0.10986328125,6.2255859375,-0.13427734375,-0.18310546875,-0.10986328125,0.35400390625,0.01220703125,-1.52587890625,-0.1220703125,-0.3173828125,0.37841796875,-0.42724609375,0.1708984375,-1.52587890625,-0.1220703125,-0.7080078125,-0.244140625,-0.68359375,0.03662109375,-0.634765625,0.0244140625,-0.09765625,0.146484375,-0.76904296875,0.13427734375,-1.47705078125,0.06103515625,-1.0498046875,-0.048828125,0.29296875,-0.10986328125,0.3173828125,-0.0244140625,-0.06103515625,-0.08544921875,-0.1220703125,-0.15869140625,0.13427734375,-0.048828125,1.07421875,0.048828125,1.50146484375,-0.15869140625,3.01513671875,-0.09765625,0.6103515625
1,-0.32958984375,1.26953125,-0.0732421875,0.40283203125,0.20751953125,0.30517578125,0.0244140625,0.6103515625,0.29296875,-0.08544921875,-0.01220703125,-0.927734375,-0.10986328125,1.0009765625,-0.08544921875,-0.1708984375,-0.08544921875,-0.6103515625,0.30517578125,-0.20751953125,-0.18310546875,0.9033203125,0.08544921875,-0.5615234375,-0.01220703125,-0.1220703125,-0.048828125,-0.8056640625,0.244140625,0.84228515625,-0.13427734375,-0.0244140625,0.23193359375,4.9560546875,-0.3662109375,3.86962890625,-0.03662109375,6.8115234375,0.62255859375,4.4189453125,-0.09765625,-0.29296875,-0.4150390625,-0.72021484375,0.15869140625,-0.45166015625,-0.29296875,0.50048828125,-0.23193359375,1.171875,0.10986328125,0.244140625,-0.4638671875,-0.15869140625,-0.20751953125,0.76904296875,0.09765625,0.78125,-0.28076171875,0.5859375,0.2685546875,0.7568359375,0.03662109375,0.2197265625,-0.08544921875,0.537109375,0.2197265625,0.98876953125,0.20751953125,0.06103515625,-0.3662109375,0.29296875,0.1708984375,5.38330078125,-0.1708984375,7.82470703125,0.20751953125,4.26025390625,-0.23193359375,6.2744140625,-0.10986328125,0.2685546875,-0.09765625,5.810546875,-0.20751953125,-0.2685546875,-0.0732421875,0.25634765625,0.09765625,-1.5380859375,-0.13427734375,-0.30517578125,0.341796875,-0.390625,0.1220703125,-1.4892578125,-0.0732421875,-0.69580078125,-0.29296875,-0.67138671875,0.03662109375,-0.634765625,0.03662109375,-0.08544921875,0.10986328125,-0.7568359375,0.09765625,-1.46484375,0.06103515625,-1.06201171875,-0.06103515625,0.30517578125,-0.09765625,0.29296875,0,-0.06103515625,-0.0732421875,-0.1220703125,-0.15869140625,0.13427734375,-0.03662109375,0.96435546875,0.06103515625,1.40380859375,-0.18310546875,2.783203125,-0.1220703125,0.5126953125
1,-0.30517578125,0.9033203125,-0.06103515625,0.18310546875,0.20751953125,0.146484375,0.01220703125,0.42724609375,0.2685546875,-0.08544921875,-0.01220703125,-0.927734375,-0.1220703125,1.0009765625,-0.1220703125,-0.1708984375,-0.10986328125,-0.6103515625,0.3662109375,-0.20751953125,-0.146484375,0.89111328125,0.09765625,-0.5615234375,0,-0.1220703125,0.01220703125,-0.84228515625,0.13427734375,0.86669921875,-0.1220703125,-0.048828125,0.20751953125,4.89501953125,-0.42724609375,3.7841796875,-0.1220703125,6.79931640625,0.52490234375,4.345703125,-0.18310546875,-0.29296875,-0.45166015625,-0.7080078125,0.10986328125,-0.439453125,-0.2685546875,0.50048828125,-0.13427734375,1.1474609375,0.09765625,0.1708984375,-0.42724609375,-0.1708984375,-0.18310546875,0.7568359375,0.1220703125,0.7568359375,-0.3173828125,0.57373046875,0.20751953125,0.72021484375,0.03662109375,0.2685546875,0,0.537109375,0.1708984375,0.98876953125,0.15869140625,0.09765625,-0.37841796875,0.32958984375,0.08544921875,4.91943359375,-0.20751953125,7.11669921875,0.18310546875,3.89404296875,-0.3173828125,5.8349609375,-0.08544921875,0.10986328125,-0.0732421875,5.2001953125,-0.32958984375,-0.37841796875,-0.06103515625,0.146484375,0.146484375,-1.513671875,-0.1708984375,-0.28076171875,0.25634765625,-0.37841796875,0.03662109375,-1.513671875,-0.0732421875,-0.69580078125,-0.28076171875,-0.69580078125,-0.01220703125,-0.634765625,0.0244140625,-0.06103515625,0.08544921875,-0.74462890625,0.01220703125,-1.46484375,0.0732421875,-1.06201171875,-0.06103515625,0.3173828125,-0.048828125,0.29296875,-0.01220703125,-0.03662109375,-0.08544921875,-0.08544921875,-0.18310546875,0.1220703125,-0.03662109375,0.84228515625,0.0244140625,1.35498046875,-0.1953125,2.4658203125,-0.13427734375,0.4150390625
1,-0.30517578125,0.6103515625,-0.01220703125,0.01220703125,0.15869140625,0.01220703125,-0.01220703125,0.28076171875,0.25634765625,-0.08544921875,-0.0244140625,-0.927734375,-0.1220703125,1.01318359375,-0.146484375,-0.2197265625,-0.08544921875,-0.6103515625,0.3662109375,-0.1953125,-0.09765625,0.87890625,0.10986328125,-0.57373046875,0.048828125,-0.10986328125,0.0732421875,-0.84228515625,0.0244140625,0.89111328125,-0.06103515625,-0.0244140625,0.18310546875,4.736328125,-0.47607421875,3.60107421875,-0.1953125,6.57958984375,0.47607421875,4.13818359375,-0.25634765625,-0.30517578125,-0.390625,-0.7080078125,0.048828125,-0.439453125,-0.20751953125,0.50048828125,-0.01220703125,1.123046875,0.03662109375,0.1708984375,-0.390625,-0.1953125,-0.1708984375,0.76904296875,0.09765625,0.78125,-0.29296875,0.5615234375,0.1708984375,0.72021484375,-0.0244140625,0.30517578125,-0.01220703125,0.634765625,0.0732421875,1.08642578125,0.1220703125,0.23193359375,-0.20751953125,0.439453125,0.08544921875,4.6142578125,-0.1220703125,6.640625,0.23193359375,3.662109375,-0.25634765625,5.5419921875,-0.08544921875,-0.08544921875,-0.06103515625,4.4677734375,-0.40283203125,-0.48828125,-0.08544921875,0,0.1708984375,-1.52587890625,-0.2197265625,-0.2685546875,0.1708984375,-0.3662109375,-0.048828125,-1.50146484375,-0.06103515625,-0.7080078125,-0.25634765625,-0.67138671875,-0.048828125,-0.67138671875,0.01220703125,-0.0732421875,0.06103515625,-0.732421875,-0.048828125,-1.46484375,0.048828125,-1.0498046875,-0.0732421875,0.32958984375,0,0.28076171875,0,-0.01220703125,-0.08544921875,-0.08544921875,-0.18310546875,0.1220703125,-0.01220703125,0.72021484375,0.01220703125,1.23291015625,-0.1953125,2.1484375,-0.09765625,0.29296875
1,-0.30517578125,0.3662109375,-0.0244140625,-0.10986328125,0.1953125,-0.10986328125,-0.03662109375,0.18310546875,0.244140625,-0.08544921875,0,-0.9521484375,-0.146484375,1.01318359375,-0.15869140625,-0.2197265625,-0.06103515625,-0.634765625,0.341796875,-0.20751953125,-0.03662109375,0.830078125,0.09765625,-0.57373046875,0.03662109375,-0.15869140625,0.1220703125,-0.84228515625,-0.09765625,0.87890625,-0.01220703125,-0.01220703125,0.1708984375,4.55322265625,-0.5615234375,3.3447265625,-0.1953125,6.28662109375,0.4150390625,3.86962890625,-0.29296875,-0.3173828125,-0.29296875,-0.69580078125,-0.03662109375,-0.40283203125,-0.15869140625,0.52490234375,0.0732421875,1.11083984375,0.0732421875,0.20751953125,-0.32958984375,-0.1953125,-0.09765625,0.78125,0.10986328125,0.76904296875,-0.30517578125,0.57373046875,0.15869140625,0.74462890625,-0.08544921875,0.341796875,0,0.79345703125,0,1.23291015625,0.048828125,0.390625,-0.18310546875,0.54931640625,-0.0244140625,4.4921875,-0.18310546875,6.45751953125,0.18310546875,3.61328125,-0.2197265625,5.4443359375,-0.048828125,-0.28076171875,-0.01220703125,3.6376953125,-0.4638671875,-0.6103515625,-0.10986328125,-0.146484375,0.18310546875,-1.50146484375,-0.2197265625,-0.25634765625,0.0732421875,-0.35400390625,-0.0732421875,-1.50146484375,-0.0732421875,-0.72021484375,-0.2197265625,-0.6591796875,-0.03662109375,-0.68359375,-0.0244140625,-0.0732421875,0.03662109375,-0.732421875,-0.08544921875,-1.47705078125,0.08544921875,-1.0498046875,-0.1220703125,0.341796875,0,0.30517578125,0.06103515625,-0.01220703125,-0.0732421875,-0.048828125,-0.18310546875,0.1220703125,-0.01220703125,0.5859375,0.01220703125,1.15966796875,-0.10986328125,1.8798828125,-0.09765625,0.20751953125
1,-0.28076171875,0.10986328125,-0.03662109375,-0.20751953125,0.2197265625,-0.2197265625,-0.048828125,0.0732421875,0.244140625,-0.08544921875,0,-0.93994140625,-0.13427734375,1.03759765625,-0.15869140625,-0.244140625,0,-0.634765625,0.28076171875,-0.20751953125,0.0244140625,0.81787109375,0.0732421875,-0.6103515625,0.08544921875,-0.15869140625,0.1220703125,-0.830078125,-0.2197265625,0.86669921875,0,-0.01220703125,0.15869140625,4.33349609375,-0.634765625,3.08837890625,-0.2197265625,5.99365234375,0.37841796875,3.61328125,-0.3173828125,-0.3173828125,-0.20751953125,-0.7080078125,-0.10986328125,-0.4150390625,-0.0244140625,0.54931640625,0.1953125,1.123046875,0.1708984375,0.28076171875,-0.23193359375,-0.18310546875,-0.048828125,0.78125,0.13427734375,0.74462890625,-0.28076171875,0.5615234375,0.1953125,0.830078125,-0.10986328125,0.35400390625,0.03662109375,1.0498046875,-0.06103515625,1.3916015625,-0.09765625,0.5615234375,-0.13427734375,0.7080078125,-0.13427734375,4.5654296875,-0.1708984375,6.43310546875,0.15869140625,3.662109375,-0.13427734375,5.4931640625,-0.048828125,-0.50048828125,0.0732421875,2.7587890625,-0.47607421875,-0.732421875,-0.1220703125,-0.32958984375,0.13427734375,-1.50146484375,-0.20751953125,-0.244140625,-0.03662109375,-0.3662109375,-0.06103515625,-1.50146484375,-0.0732421875,-0.7080078125,-0.1953125,-0.67138671875,0,-0.67138671875,-0.0732421875,-0.048828125,0.06103515625,-0.732421875,-0.13427734375,-1.4892578125,0.09765625,-1.03759765625,-0.10986328125,0.32958984375,0.0244140625,0.32958984375,0.0732421875,0.01220703125,-0.08544921875,-0.03662109375,-0.1708984375,0.146484375,0.01220703125,0.50048828125,0.01220703125,1.0986328125,-0.13427734375,1.708984375,-0.08544921875,0.13427734375
1,-0.3173828125,-0.146484375,-0.06103515625,-0.30517578125,0.20751953125,-0.35400390625,-0.10986328125,0.01220703125,0.244140625,-0.09765625,-0.01220703125,-0.9521484375,-0.146484375,1.025390625,-0.20751953125,-0.20751953125,0.06103515625,-0.62255859375,0.2197265625,-0.1953125,0.048828125,0.81787109375,0.0244140625,-0.62255859375,0.08544921875,-0.18310546875,0.0732421875,-0.81787109375,-0.28076171875,0.8544921875,0.0244140625,0,0.0732421875,4.11376953125,-0.72021484375,2.8076171875,-0.146484375,5.6396484375,0.3662109375,3.3935546875,-0.2685546875,-0.3173828125,-0.10986328125,-0.69580078125,-0.18310546875,-0.42724609375,-0.01220703125,0.54931640625,0.23193359375,1.18408203125,0.13427734375,0.4150390625,-0.18310546875,-0.15869140625,0.06103515625,0.81787109375,0.13427734375,0.7568359375,-0.29296875,0.5615234375,0.15869140625,0.91552734375,-0.2197265625,0.341796875,0.0732421875,1.28173828125,-0.08544921875,1.5625,-0.15869140625,0.72021484375,-0.08544921875,0.81787109375,-0.18310546875,4.7119140625,-0.1953125,6.6162109375,0.13427734375,3.77197265625,-0.0732421875,5.6396484375,-0.03662109375,-0.72021484375,0.15869140625,1.85546875,-0.42724609375,-0.8544921875,-0.09765625,-0.5126953125,0.06103515625,-1.513671875,-0.2197265625,-0.25634765625,-0.15869140625,-0.341796875,0,-1.4892578125,-0.08544921875,-0.72021484375,-0.1708984375,-0.634765625,0.03662109375,-0.67138671875,-0.13427734375,-0.03662109375,0.0244140625,-0.72021484375,-0.15869140625,-1.46484375,0.06103515625,-1.03759765625,-0.146484375,0.32958984375,0.03662109375,0.341796875,0.08544921875,0,-0.0732421875,-0.0244140625,-0.18310546875,0.15869140625,0.03662109375,0.47607421875,0,1.0498046875,-0.15869140625,1.6357421875,-0.0732421875,0.09765625
1,-0.29296875,-0.4150390625,-0.03662109375,-0.390625,0.1708984375,-0.50048828125,-0.13427734375,-0.0732421875,0.23193359375,-0.09765625,0,-0.93994140625,-0.146484375,1.01318359375,-0.20751953125,-0.1708984375,0.0732421875,-0.59814453125,0.1220703125,-0.1708984375,0.01220703125,0.79345703125,-0.0244140625,-0.634765625,0.10986328125,-0.1708984375,0.01220703125,-0.8056640625,-0.2685546875,0.84228515625,0.01220703125,-0.01220703125,0.06103515625,3.91845703125,-0.79345703125,2.57568359375,-0.06103515625,5.33447265625,0.390625,3.18603515625,-0.18310546875,-0.30517578125,-0.01220703125,-0.69580078125,-0.28076171875,-0.42724609375,-0.0244140625,0.54931640625,0.2197265625,1.26953125,0.0732421875,0.54931640625,-0.13427734375,-0.146484375,0.146484375,0.830078125,0.0732421875,0.7568359375,-0.25634765625,0.537109375,0.20751953125,1.025390625,-0.244140625,0.32958984375,0.15869140625,1.46484375,-0.09765625,1.6845703125,-0.2685546875,0.81787109375,-0.03662109375,0.9033203125,-0.1953125,4.9072265625,-0.2197265625,6.8359375,0.09765625,3.89404296875,0,5.77392578125,0.01220703125,-0.927734375,0.244140625,1.01318359375,-0.4150390625,-0.98876953125,-0.08544921875,-0.69580078125,-0.01220703125,-1.55029296875,-0.20751953125,-0.25634765625,-0.25634765625,-0.35400390625,0.0732421875,-1.47705078125,-0.09765625,-0.7080078125,-0.1708984375,-0.634765625,0.03662109375,-0.68359375,-0.18310546875,-0.0244140625,0,-0.732421875,-0.15869140625,-1.46484375,0.01220703125,-1.01318359375,-0.1708984375,0.32958984375,0.03662109375,0.37841796875,0.09765625,0,-0.08544921875,-0.01220703125,-0.15869140625,0.146484375,0.03662109375,0.48828125,0.048828125,1.06201171875,-0.18310546875,1.6845703125,-0.06103515625,0.10986328125
0,-0.244140625,-0.68359375,-0.03662109375,-0.47607421875,0.13427734375,-0.6103515625,-0.08544921875,-0.1708984375,0.25634765625,-0.1220703125,-0.01220703125,-0.927734375,-0.1708984375,1.0009765625,-0.2685546875,-0.13427734375,0.10986328125,-0.59814453125,0.08544921875,-0.15869140625,-0.08544921875,0.79345703125,-0.09765625,-0.64697265625,0.146484375,-0.18310546875,-0.06103515625,-0.79345703125,-0.20751953125,0.830078125,-0.0244140625,-0.03662109375,0.048828125,3.759765625,-0.78125,2.40478515625,-0.06103515625,5.0537109375,0.45166015625,3.02734375,-0.08544921875,-0.30517578125,0.0732421875,-0.69580078125,-0.341796875,-0.42724609375,-0.048828125,0.537109375,0.244140625,1.33056640625,0.10986328125,0.6591796875,-0.09765625,-0.10986328125,0.15869140625,0.84228515625,0.06103515625,0.7568359375,-0.2197265625,0.537109375,0.25634765625,1.13525390625,-0.29296875,0.28076171875,0.146484375,1.57470703125,-0.13427734375,1.74560546875,-0.3173828125,0.84228515625,-0.0732421875,0.93994140625,-0.1953125,4.99267578125,-0.1953125,6.97021484375,0.0732421875,3.955078125,0.0732421875,5.859375,0.01220703125,-1.123046875,0.341796875,0.28076171875,-0.28076171875,-1.06201171875,-0.0732421875,-0.84228515625,-0.0732421875,-1.5380859375,-0.2197265625,-0.2685546875,-0.3662109375,-0.35400390625,0.146484375,-1.47705078125,-0.08544921875,-0.732421875,-0.15869140625,-0.634765625,0.0244140625,-0.68359375,-0.23193359375,-0.048828125,-0.06103515625,-0.732421875,-0.15869140625,-1.47705078125,-0.0732421875,-1.03759765625,-0.1953125,0.30517578125,0.048828125,0.40283203125,0.09765625,0,-0.0732421875,0,-0.13427734375,0.1708984375,0.03662109375,0.52490234375,0.048828125,1.0986328125,-0.18310546875,1.77001953125,-0.048828125,0.13427734375
0,-0.20751953125,-0.93994140625,-0.0244140625,-0.54931640625,0.1220703125,-0.69580078125,-0.08544921875,-0.2685546875,0.2685546875,-0.10986328125,0,-0.927734375,-0.1953125,0.9765625,-0.29296875,-0.1220703125,0.1220703125,-0.5859375,0,-0.18310546875,-0.20751953125,0.8056640625,-0.1708984375,-0.64697265625,0.15869140625,-0.1708984375,-0.13427734375,-0.81787109375,-0.09765625,0.84228515625,-0.0732421875,-0.048828125,0.13427734375,3.64990234375,-0.79345703125,2.30712890625,-0.0244140625,4.8583984375,0.5126953125,2.9541015625,0.048828125,-0.29296875,0.20751953125,-0.68359375,-0.390625,-0.439453125,-0.15869140625,0.52490234375,0.1953125,1.3916015625,0.0732421875,0.74462890625,-0.048828125,-0.10986328125,0.2197265625,0.830078125,0.01220703125,0.76904296875,-0.1953125,0.54931640625,0.23193359375,1.23291015625,-0.30517578125,0.25634765625,0.1953125,1.55029296875,-0.10986328125,1.7333984375,-0.244140625,0.74462890625,-0.1220703125,0.9033203125,-0.20751953125,4.91943359375,-0.15869140625,6.94580078125,0.06103515625,3.8818359375,0.0732421875,5.79833984375,-0.0244140625,-1.2451171875,0.37841796875,-0.341796875,-0.18310546875,-1.1474609375,-0.048828125,-0.9521484375,-0.13427734375,-1.5380859375,-0.23193359375,-0.28076171875,-0.50048828125,-0.37841796875,0.18310546875,-1.47705078125,-0.09765625,-0.72021484375,-0.13427734375,-0.67138671875,-0.0244140625,-0.68359375,-0.244140625,-0.048828125,-0.146484375,-0.74462890625,-0.1220703125,-1.50146484375,-0.13427734375,-1.01318359375,-0.1708984375,0.29296875,0.08544921875,0.42724609375,0.15869140625,-0.0244140625,-0.06103515625,-0.01220703125,-0.1220703125,0.1953125,0.03662109375,0.5859375,0.048828125,1.11083984375,-0.18310546875,1.89208984375,-0.03662109375,0.15869140625
0,-0.1708984375,-1.11083984375,-0.06103515625,-0.62255859375,0.13427734375,-0.78125,-0.09765625,-0.341796875,0.2685546875,-0.13427734375,-0.01220703125,-0.93994140625,-0.1953125,0.9765625,-0.2685546875,-0.1220703125,0.13427734375,-0.5615234375,-0.08544921875,-0.20751953125,-0.3173828125,0.84228515625,-0.2197265625,-0.62255859375,0.15869140625,-0.146484375,-0.1953125,-0.79345703125,-0.0244140625,0.81787109375,-0.1220703125,-0.048828125,0.2197265625,3.55224609375,-0.7568359375,2.24609375,-0.0244140625,4.7119140625,0.57373046875,2.91748046875,0.1953125,-0.2685546875,0.3662109375,-0.67138671875,-0.390625,-0.4638671875,-0.25634765625,0.537109375,0.13427734375,1.40380859375,0.06103515625,0.74462890625,0,-0.10986328125,0.29296875,0.830078125,-0.01220703125,0.76904296875,-0.18310546875,0.5615234375,0.3662109375,1.33056640625,-0.3173828125,0.25634765625,0.1953125,1.42822265625,-0.13427734375,1.64794921875,-0.2197265625,0.6103515625,-0.18310546875,0.830078125,-0.09765625,4.6630859375,-0.048828125,6.640625,0.15869140625,3.662109375,0.146484375,5.5908203125,-0.0244140625,-1.35498046875,0.4150390625,-0.830078125,-0.146484375,-1.1962890625,-0.0244140625,-1.03759765625,-0.1708984375,-1.5625,-0.23193359375,-0.32958984375,-0.57373046875,-0.3662109375,0.146484375,-1.46484375,-0.08544921875,-0.732421875,-0.1220703125,-0.6591796875,-0.08544921875,-0.634765625,-0.20751953125,-0.048828125,-0.1708984375,-0.7568359375,-0.146484375,-1.4892578125,-0.146484375,-1.01318359375,-0.1708984375,0.29296875,0.06103515625,0.439453125,0.146484375,-0.048828125,-0.06103515625,0,-0.09765625,0.1708984375,0.03662109375,0.6591796875,0.0732421875,1.15966796875,-0.146484375,1.96533203125,-0.048828125,0.1953125
0,-0.1708984375,-1.220703125,-0.03662109375,-0.69580078125,0.13427734375,-0.8056640625,-0.09765625,-0.4150390625,0.2685546875,-0.146484375,-0.0244140625,-0.93994140625,-0.1953125,0.9765625,-0.2685546875,-0.10986328125,0.13427734375,-0.5859375,-0.1220703125,-0.20751953125,-0.390625,0.86669921875,-0.244140625,-0.6103515625,0.15869140625,-0.146484375,-0.28076171875,-0.8056640625,0.01220703125,0.8544921875,-0.09765625,-0.06103515625,0.2685546875,3.43017578125,-0.69580078125,2.197265625,-0.01220703125,4.58984375,0.57373046875,2.84423828125,0.2685546875,-0.2685546875,0.47607421875,-0.68359375,-0.42724609375,-0.45166015625,-0.37841796875,0.537109375,0.0732421875,1.37939453125,0.06103515625,0.72021484375,0.01220703125,-0.09765625,0.32958984375,0.81787109375,-0.0244140625,0.78125,-0.20751953125,0.5615234375,0.32958984375,1.35498046875,-0.3662109375,0.23193359375,0.15869140625,1.23291015625,-0.10986328125,1.513671875,-0.08544921875,0.45166015625,-0.18310546875,0.79345703125,-0.1220703125,4.21142578125,-0.01220703125,6.04248046875,0.23193359375,3.2470703125,0.0732421875,5.16357421875,-0.03662109375,-1.40380859375,0.42724609375,-1.13525390625,-0.1220703125,-1.23291015625,0.01220703125,-1.08642578125,-0.15869140625,-1.5380859375,-0.1953125,-0.341796875,-0.6103515625,-0.390625,0.0732421875,-1.47705078125,-0.0732421875,-0.74462890625,-0.08544921875,-0.67138671875,-0.13427734375,-0.634765625,-0.13427734375,-0.06103515625,-0.20751953125,-0.7568359375,-0.18310546875,-1.4892578125,-0.18310546875,-1.01318359375,-0.13427734375,0.28076171875,0.08544921875,0.45166015625,0.146484375,-0.03662109375,-0.0732421875,-0.01220703125,-0.10986328125,0.18310546875,0.01220703125,0.68359375,0.0732421875,1.1474609375,-0.1220703125,1.96533203125,-0.06103515625,0.1708984375
0,-0.15869140625,-1.20849609375,-0.0244140625,-0.732421875,0.13427734375,-0.81787109375,-0.09765625,-0.45166015625,0.244140625,-0.1220703125,-0.048828125,-0.93994140625,-0.20751953125,0.98876953125,-0.29296875,-0.146484375,0.09765625,-0.5859375,-0.146484375,-0.2197265625,-0.439453125,0.9033203125,-0.20751953125,-0.6103515625,0.146484375,-0.146484375,-0.29296875,-0.81787109375,0.0244140625,0.8544921875,-0.0732421875,-0.048828125,0.28076171875,3.28369140625,-0.64697265625,2.16064453125,-0.0732421875,4.45556640625,0.57373046875,2.77099609375,0.3173828125,-0.25634765625,0.57373046875,-0.69580078125,-0.4150390625,-0.4638671875,-0.47607421875,0.54931640625,-0.01220703125,1.3427734375,0.13427734375,0.68359375,0.03662109375,-0.08544921875,0.3662109375,0.8056640625,-0.048828125,0.78125,-0.1953125,0.5859375,0.37841796875,1.33056640625,-0.40283203125,0.2197265625,0.1220703125,1.01318359375,-0.09765625,1.37939453125,0.03662109375,0.30517578125,-0.2197265625,0.79345703125,-0.1220703125,3.57666015625,0.10986328125,5.2001953125,0.32958984375,2.734375,0.0244140625,4.5654296875,-0.048828125,-1.416015625,0.4150390625,-1.2939453125,-0.09765625,-1.25732421875,0,-1.0986328125,-0.13427734375,-1.5380859375,-0.146484375,-0.341796875,-0.59814453125,-0.3662109375,0,-1.47705078125,-0.10986328125,-0.7080078125,-0.048828125,-0.68359375,-0.1708984375,-0.634765625,-0.09765625,-0.0732421875,-0.146484375,-0.7568359375,-0.20751953125,-1.47705078125,-0.2197265625,-1.025390625,-0.08544921875,0.28076171875,0.0732421875,0.45166015625,0.1220703125,-0.06103515625,-0.06103515625,-0.0244140625,-0.09765625,0.146484375,0.0244140625,0.6591796875,0.08544921875,1.11083984375,0.01220703125,1.79443359375,-0.0244140625,0.13427734375
0,-0.146484375,-1.13525390625,-0.01220703125,-0.7080078125,0.13427734375,-0.7568359375,-0.1220703125,-0.42724609375,0.23193359375,-0.09765625,-0.048828125,-0.91552734375,-0.2197265625,1.0009765625,-0.25634765625,-0.15869140625,0.03662109375,-0.59814453125,-0.146484375,-0.244140625,-0.40283203125,0.91552734375,-0.15869140625,-0.5859375,0.13427734375,-0.146484375,-0.3173828125,-0.81787109375,-0.06103515625,0.8544921875,-0.01220703125,-0.048828125,0.30517578125,3.1005859375,-0.5615234375,2.05078125,0.03662109375,4.248046875,0.634765625,2.63671875,0.28076171875,-0.25634765625,0.5615234375,-0.69580078125,-0.35400390625,-0.4638671875,-0.4638671875,0.54931640625,-0.09765625,1.25732421875,0.10986328125,0.6591796875,0.01220703125,-0.08544921875,0.35400390625,0.78125,-0.0244140625,0.78125,-0.1953125,0.57373046875,0.439453125,1.28173828125,-0.42724609375,0.244140625,0.03662109375,0.86669921875,-0.1708984375,1.30615234375,0.0732421875,0.23193359375,-0.32958984375,0.89111328125,-0.1953125,2.8564453125,0.18310546875,4.18701171875,0.37841796875,2.11181640625,-0.03662109375,3.89404296875,-0.0244140625,-1.40380859375,0.4150390625,-1.33056640625,-0.0732421875,-1.220703125,0.0244140625,-1.07421875,-0.06103515625,-1.5380859375,-0.09765625,-0.35400390625,-0.50048828125,-0.40283203125,-0.03662109375,-1.4892578125,-0.13427734375,-0.7080078125,-0.06103515625,-0.69580078125,-0.15869140625,-0.62255859375,-0.0244140625,-0.048828125,-0.0732421875,-0.7568359375,-0.244140625,-1.47705078125,-0.244140625,-1.025390625,-0.048828125,0.28076171875,0.10986328125,0.45166015625,0.13427734375,-0.06103515625,-0.08544921875,-0.048828125,-0.1220703125,0.1220703125,0,0.5859375,0.0732421875,1.025390625,0.06103515625,1.4892578125,-0.06103515625,0.0244140625
0,-0.08544921875,-0.9765625,0,-0.62255859375,0.13427734375,-0.68359375,-0.13427734375,-0.341796875,0.244140625,-0.0732421875,-0.048828125,-0.927734375,-0.2197265625,1.01318359375,-0.25634765625,-0.15869140625,-0.0244140625,-0.5859375,-0.10986328125,-0.244140625,-0.3173828125,0.91552734375,-0.03662109375,-0.57373046875,0.08544921875,-0.146484375,-0.2685546875,-0.830078125,-0.15869140625,0.830078125,-0.01220703125,-0.048828125,0.2685546875,2.783203125,-0.537109375,1.89208984375,0.10986328125,3.90625,0.57373046875,2.38037109375,0.18310546875,-0.2685546875,0.50048828125,-0.69580078125,-0.3173828125,-0.47607421875,-0.48828125,0.537109375,-0.146484375,1.23291015625,0.13427734375,0.72021484375,-0.03662109375,-0.09765625,0.37841796875,0.7568359375,0.03662109375,0.78125,-0.23193359375,0.54931640625,0.37841796875,1.1962890625,-0.47607421875,0.25634765625,0.0244140625,0.84228515625,-0.20751953125,1.2939453125,0.10986328125,0.25634765625,-0.32958984375,1.18408203125,-0.28076171875,2.1484375,0.23193359375,3.11279296875,0.3662109375,1.52587890625,-0.146484375,3.22265625,0,-1.3427734375,0.4150390625,-1.26953125,-0.01220703125,-1.18408203125,0.048828125,-1.025390625,0.01220703125,-1.513671875,-0.0244140625,-0.32958984375,-0.439453125,-0.40283203125,-0.0732421875,-1.50146484375,-0.1708984375,-0.69580078125,-0.03662109375,-0.68359375,-0.1708984375,-0.634765625,0.01220703125,-0.06103515625,-0.06103515625,-0.72021484375,-0.3173828125,-1.45263671875,-0.244140625,-1.025390625,-0.01220703125,0.29296875,0.1220703125,0.42724609375,0.10986328125,-0.048828125,-0.0732421875,-0.048828125,-0.1220703125,0.1220703125,0.03662109375,0.45166015625,0.06103515625,0.927734375,0.0732421875,1.01318359375,-0.06103515625,-0.146484375
0,-0.0244140625,-0.79345703125,0.01220703125,-0.537109375,0.09765625,-0.59814453125,-0.15869140625,-0.2685546875,0.23193359375,-0.09765625,-0.03662109375,-0.927734375,-0.20751953125,1.0009765625,-0.25634765625,-0.18310546875,-0.06103515625,-0.59814453125,-0.08544921875,-0.244140625,-0.20751953125,0.9033203125,0.048828125,-0.5859375,0.03662109375,-0.18310546875,-0.1953125,-0.84228515625,-0.29296875,0.830078125,-0.0244140625,-0.0244140625,0.29296875,2.4169921875,-0.40283203125,1.62353515625,0.2197265625,3.4423828125,0.537109375,2.06298828125,0.10986328125,-0.23193359375,0.40283203125,-0.68359375,-0.29296875,-0.48828125,-0.48828125,0.537109375,-0.18310546875,1.1962890625,0.09765625,0.86669921875,-0.09765625,-0.0732421875,0.37841796875,0.78125,0.06103515625,0.7568359375,-0.2197265625,0.57373046875,0.341796875,1.06201171875,-0.47607421875,0.28076171875,0.0244140625,0.9765625,-0.29296875,1.4404296875,0.10986328125,0.42724609375,-0.3173828125,1.64794921875,-0.28076171875,1.4892578125,0.2685546875,2.18505859375,0.341796875,1.0009765625,-0.15869140625,2.6123046875,0.0244140625,-1.2939453125,0.42724609375,-1.13525390625,0.0244140625,-1.1474609375,0.0732421875,-0.9765625,0.06103515625,-1.52587890625,0.0244140625,-0.3173828125,-0.32958984375,-0.390625,-0.0732421875,-1.5380859375,-0.18310546875,-0.7080078125,-0.0244140625,-0.67138671875,-0.1708984375,-0.64697265625,0.048828125,-0.03662109375,-0.0732421875,-0.7080078125,-0.32958984375,-1.45263671875,-0.2197265625,-1.03759765625,0,0.3173828125,0.1220703125,0.42724609375,0.146484375,-0.06103515625,-0.0732421875,-0.03662109375,-0.13427734375,0.09765625,0.03662109375,0.23193359375,0.03662109375,0.76904296875,0.048828125,0.45166015625,-0.048828125,-0.35400390625
0,-0.06103515625,-0.5615234375,0,-0.45166015625,0.09765625,-0.5126953125,-0.15869140625,-0.15869140625,0.244140625,-0.0732421875,-0.06103515625,-0.93994140625,-0.18310546875,1.01318359375,-0.244140625,-0.15869140625,-0.09765625,-0.62255859375,-0.03662109375,-0.23193359375,-0.08544921875,0.87890625,0.1708984375,-0.6103515625,0.0244140625,-0.18310546875,-0.09765625,-0.830078125,-0.42724609375,0.8544921875,-0.06103515625,-0.0244140625,0.29296875,1.98974609375,-0.30517578125,1.25732421875,0.28076171875,2.81982421875,0.4150390625,1.64794921875,0,-0.25634765625,0.29296875,-0.67138671875,-0.18310546875,-0.50048828125,-0.4638671875,0.54931640625,-0.2197265625,1.25732421875,0.01220703125,1.1474609375,-0.146484375,-0.048828125,0.32958984375,0.8544921875,0.146484375,0.7568359375,-0.28076171875,0.5615234375,0.3173828125,0.9521484375,-0.45166015625,0.2685546875,-0.0244140625,1.30615234375,-0.3173828125,1.708984375,0.09765625,0.7568359375,-0.28076171875,2.294921875,-0.30517578125,1.03759765625,0.23193359375,1.4892578125,0.23193359375,0.634765625,-0.1953125,2.2216796875,0,-1.23291015625,0.4150390625,-0.96435546875,0.06103515625,-1.08642578125,0.048828125,-0.927734375,0.1220703125,-1.513671875,0.06103515625,-0.32958984375,-0.1953125,-0.390625,-0.08544921875,-1.5380859375,-0.146484375,-0.69580078125,-0.0244140625,-0.67138671875,-0.1953125,-0.6591796875,0.06103515625,-0.03662109375,-0.0732421875,-0.7080078125,-0.35400390625,-1.47705078125,-0.146484375,-1.0498046875,-0.0244140625,0.30517578125,0.1220703125,0.390625,0.146484375,-0.03662109375,-0.0732421875,-0.06103515625,-0.146484375,0.09765625,0.03662109375,0.03662109375,0.01220703125,0.64697265625,0.0244140625,-0.13427734375,-0.048828125,-0.54931640625
0,-0.01220703125,-0.390625,0.048828125,-0.341796875,0.10986328125,-0.439453125,-0.10986328125,-0.06103515625,0.244140625,-0.09765625,-0.06103515625,-0.93994140625,-0.1708984375,1.01318359375,-0.25634765625,-0.1708984375,-0.06103515625,-0.6103515625,0.0244140625,-0.2197265625,0.08544921875,0.87890625,0.1708984375,-0.59814453125,-0.01220703125,-0.1953125,0,-0.84228515625,-0.54931640625,0.84228515625,-0.06103515625,0,0.28076171875,1.50146484375,-0.244140625,0.89111328125,0.3173828125,2.1484375,0.30517578125,1.171875,-0.048828125,-0.2685546875,0.18310546875,-0.6591796875,-0.10986328125,-0.5126953125,-0.439453125,0.537109375,-0.2197265625,1.3916015625,-0.01220703125,1.57470703125,-0.18310546875,0.0244140625,0.2685546875,0.96435546875,0.18310546875,0.74462890625,-0.29296875,0.54931640625,0.341796875,0.84228515625,-0.439453125,0.28076171875,0,1.85546875,-0.244140625,2.11181640625,0.0732421875,1.18408203125,-0.20751953125,3.1005859375,-0.2197265625,0.8544921875,0.29296875,1.15966796875,0.1708984375,0.50048828125,-0.146484375,2.06298828125,-0.0244140625,-1.18408203125,0.37841796875,-0.81787109375,0.10986328125,-1.0498046875,0.01220703125,-0.87890625,0.146484375,-1.513671875,0.08544921875,-0.32958984375,-0.08544921875,-0.37841796875,-0.06103515625,-1.5380859375,-0.146484375,-0.67138671875,-0.0244140625,-0.67138671875,-0.244140625,-0.68359375,0.0732421875,-0.0244140625,-0.09765625,-0.732421875,-0.35400390625,-1.46484375,-0.048828125,-1.025390625,-0.06103515625,0.32958984375,0.13427734375,0.37841796875,0.13427734375,-0.0244140625,-0.06103515625,-0.0732421875,-0.146484375,0.09765625,0.048828125,-0.1708984375,0.01220703125,0.537109375,0.0244140625,-0.634765625,-0.0244140625,-0.72021484375
0,-0.03662109375,-0.30517578125,0.01220703125,-0.29296875,0.03662109375,-0.390625,-0.1708984375,-0.01220703125,0.25634765625,-0.09765625,-0.0732421875,-0.93994140625,-0.1220703125,1.025390625,-0.23193359375,-0.1708984375,-0.048828125,-0.62255859375,0.0732421875,-0.23193359375,0.18310546875,0.830078125,0.1953125,-0.62255859375,-0.0244140625,-0.1953125,0.048828125,-0.830078125,-0.6103515625,0.84228515625,-0.048828125,0.01220703125,0.23193359375,1.0498046875,-0.146484375,0.48828125,0.390625,1.42822265625,0.1953125,0.72021484375,-0.0244140625,-0.23193359375,0.1220703125,-0.6591796875,-0.0244140625,-0.50048828125,-0.32958984375,0.54931640625,-0.20751953125,1.64794921875,-0.01220703125,2.16064453125,-0.1953125,0.1220703125,0.1953125,1.11083984375,0.2197265625,0.74462890625,-0.28076171875,0.54931640625,0.341796875,0.7568359375,-0.37841796875,0.25634765625,0.0244140625,2.5146484375,-0.15869140625,2.63671875,0.0244140625,1.69677734375,-0.244140625,4.052734375,-0.1953125,0.98876953125,0.1953125,1.30615234375,0.03662109375,0.62255859375,-0.1953125,2.16064453125,-0.06103515625,-1.15966796875,0.29296875,-0.67138671875,0.18310546875,-1.01318359375,-0.01220703125,-0.84228515625,0.1708984375,-1.5380859375,0.06103515625,-0.30517578125,0.0244140625,-0.3662109375,-0.0244140625,-1.5380859375,-0.10986328125,-0.68359375,-0.06103515625,-0.6591796875,-0.23193359375,-0.67138671875,0.0732421875,-0.0244140625,-0.09765625,-0.732421875,-0.3173828125,-1.46484375,0,-1.025390625,-0.13427734375,0.3173828125,0.146484375,0.35400390625,0.13427734375,-0.0244140625,-0.06103515625,-0.08544921875,-0.1220703125,0.1220703125,0.048828125,-0.32958984375,0.01220703125,0.4638671875,0.01220703125,-0.96435546875,-0.01220703125,-0.81787109375
0,-0.0732421875,-0.30517578125,-0.01220703125,-0.25634765625,0.048828125,-0.390625,-0.15869140625,0.0244140625,0.244140625,-0.08544921875,-0.08544921875,-0.9521484375,-0.10986328125,1.03759765625,-0.23193359375,-0.1708984375,-0.0244140625,-0.62255859375,0.13427734375,-0.23193359375,0.23193359375,0.8056640625,0.2197265625,-0.62255859375,0.03662109375,-0.2197265625,0.06103515625,-0.830078125,-0.6103515625,0.81787109375,-0.01220703125,0.0244140625,0.10986328125,0.68359375,-0.09765625,0.1220703125,0.439453125,0.7568359375,0.0244140625,0.32958984375,0.0244140625,-0.23193359375,0.08544921875,-0.67138671875,0.0732421875,-0.48828125,-0.28076171875,0.5615234375,-0.18310546875,1.91650390625,-0.10986328125,2.81982421875,-0.1953125,0.30517578125,0.13427734375,1.2939453125,0.244140625,0.76904296875,-0.25634765625,0.54931640625,0.32958984375,0.732421875,-0.2685546875,0.244140625,0,3.28369140625,-0.15869140625,3.16162109375,-0.08544921875,2.24609375,-0.30517578125,5.029296875,-0.09765625,1.45263671875,0.244140625,1.85546875,-0.06103515625,1.025390625,-0.18310546875,2.55126953125,-0.048828125,-1.15966796875,0.25634765625,-0.59814453125,0.20751953125,-1.0009765625,0,-0.8544921875,0.1953125,-1.52587890625,0.03662109375,-0.30517578125,0.146484375,-0.3662109375,0.03662109375,-1.55029296875,-0.09765625,-0.7080078125,-0.1220703125,-0.67138671875,-0.2197265625,-0.67138671875,0.0244140625,-0.03662109375,-0.08544921875,-0.732421875,-0.32958984375,-1.47705078125,0.03662109375,-1.025390625,-0.1953125,0.3173828125,0.18310546875,0.3173828125,0.15869140625,-0.0244140625,-0.06103515625,-0.06103515625,-0.10986328125,0.1220703125,0.048828125,-0.390625,-0.01220703125,0.45166015625,-0.06103515625,-1.06201171875,0.01220703125,-0.89111328125
0,0,-0.35400390625,0.03662109375,-0.2685546875,0.03662109375,-0.4150390625,-0.13427734375,0,0.23193359375,-0.09765625,-0.08544921875,-0.96435546875,-0.1220703125,1.01318359375,-0.23193359375,-0.1953125,0.01220703125,-0.634765625,0.15869140625,-0.20751953125,0.3173828125,0.79345703125,0.244140625,-0.62255859375,0.08544921875,-0.1953125,0.03662109375,-0.81787109375,-0.5126953125,0.830078125,0,0.01220703125,0.0732421875,0.42724609375,0.0244140625,-0.15869140625,0.50048828125,0.244140625,-0.03662109375,0.06103515625,0.0732421875,-0.244140625,0.048828125,-0.67138671875,0.13427734375,-0.47607421875,-0.25634765625,0.52490234375,-0.18310546875,2.2705078125,-0.06103515625,3.5400390625,-0.2197265625,0.4638671875,0.06103515625,1.50146484375,0.18310546875,0.78125,-0.1708984375,0.54931640625,0.3173828125,0.732421875,-0.2197265625,0.2197265625,-0.01220703125,4.0771484375,-0.10986328125,3.72314453125,-0.1708984375,2.783203125,-0.1708984375,6.0546875,0.01220703125,2.18505859375,0.2197265625,2.84423828125,-0.13427734375,1.62353515625,-0.10986328125,3.22265625,-0.0732421875,-1.1962890625,0.23193359375,-0.54931640625,0.23193359375,-1.06201171875,0.0244140625,-0.8544921875,0.15869140625,-1.5380859375,0.0244140625,-0.29296875,0.28076171875,-0.3662109375,0.09765625,-1.55029296875,-0.1220703125,-0.7080078125,-0.1953125,-0.67138671875,-0.23193359375,-0.69580078125,0,-0.03662109375,-0.0732421875,-0.7568359375,-0.28076171875,-1.4892578125,0.048828125,-1.0009765625,-0.244140625,0.30517578125,0.23193359375,0.30517578125,0.13427734375,-0.0244140625,-0.06103515625,-0.0732421875,-0.08544921875,0.146484375,0.048828125,-0.341796875,-0.01220703125,0.52490234375,-0.0244140625,-0.927734375,0,-0.84228515625
1,-0.06103515625,-0.47607421875,-0.01220703125,-0.30517578125,-0.03662109375,-0.439453125,-0.1953125,-0.03662109375,0.18310546875,-0.09765625,-0.0732421875,-0.9521484375,-0.1220703125,1.01318359375,-0.2685546875,-0.18310546875,0,-0.62255859375,0.18310546875,-0.20751953125,0.29296875,0.8056640625,0.25634765625,-0.6103515625,0.13427734375,-0.18310546875,0.01220703125,-0.8056640625,-0.3662109375,0.81787109375,0.01220703125,0,0.048828125,0.3662109375,0.0732421875,-0.25634765625,0.42724609375,0,-0.0732421875,-0.0244140625,0.15869140625,-0.23193359375,0.06103515625,-0.69580078125,0.13427734375,-0.4638671875,-0.23193359375,0.537109375,-0.20751953125,2.57568359375,0.03662109375,4.28466796875,-0.2197265625,0.64697265625,-0.03662109375,1.74560546875,0.09765625,0.78125,-0.1708984375,0.5615234375,0.341796875,0.76904296875,-0.1953125,0.20751953125,-0.08544921875,4.833984375,-0.048828125,4.21142578125,-0.1220703125,3.2470703125,-0.08544921875,6.97021484375,0.0244140625,3.13720703125,0.15869140625,4.13818359375,-0.1708984375,2.392578125,-0.1220703125,4.0771484375,-0.08544921875,-1.23291015625,0.18310546875,-0.5615234375,0.28076171875,-1.08642578125,0.06103515625,-0.9033203125,0.10986328125,-1.55029296875,0.0244140625,-0.29296875,0.439453125,-0.3662109375,0.1708984375,-1.52587890625,-0.10986328125,-0.72021484375,-0.2197265625,-0.68359375,-0.18310546875,-0.67138671875,-0.048828125,-0.048828125,-0.08544921875,-0.7568359375,-0.2197265625,-1.46484375,0.048828125,-1.0009765625,-0.29296875,0.28076171875,0.2197265625,0.2685546875,0.09765625,-0.03662109375,-0.06103515625,-0.09765625,-0.09765625,0.15869140625,0.06103515625,-0.20751953125,0,0.6591796875,-0.03662109375,-0.5126953125,0.01220703125,-0.68359375
1,-0.06103515625,-0.62255859375,-0.0244140625,-0.341796875,-0.03662109375,-0.48828125,-0.18310546875,-0.08544921875,0.1708984375,-0.08544921875,-0.06103515625,-0.93994140625,-0.1220703125,1.025390625,-0.244140625,-0.18310546875,0.048828125,-0.6103515625,0.1953125,-0.23193359375,0.29296875,0.830078125,0.244140625,-0.634765625,0.20751953125,-0.1708984375,-0.048828125,-0.81787109375,-0.23193359375,0.830078125,-0.03662109375,-0.0244140625,0.09765625,0.537109375,0.1220703125,-0.13427734375,0.48828125,0.09765625,-0.048828125,0.1220703125,0.146484375,-0.23193359375,0.06103515625,-0.69580078125,0.10986328125,-0.4638671875,-0.29296875,0.54931640625,-0.20751953125,2.86865234375,0.1708984375,4.91943359375,-0.1953125,0.81787109375,-0.10986328125,1.953125,0.048828125,0.79345703125,-0.146484375,0.5615234375,0.244140625,0.830078125,-0.10986328125,0.1953125,-0.08544921875,5.45654296875,0.03662109375,4.60205078125,-0.09765625,3.61328125,-0.048828125,7.7880859375,0.048828125,4.21142578125,-0.01220703125,5.615234375,-0.1708984375,3.2470703125,-0.1220703125,5.0537109375,-0.06103515625,-1.26953125,0.09765625,-0.6103515625,0.3173828125,-1.123046875,0.1220703125,-0.927734375,0.01220703125,-1.55029296875,0.03662109375,-0.28076171875,0.57373046875,-0.40283203125,0.1708984375,-1.50146484375,-0.08544921875,-0.7080078125,-0.28076171875,-0.7080078125,-0.18310546875,-0.67138671875,-0.09765625,-0.06103515625,-0.06103515625,-0.7568359375,-0.1708984375,-1.4892578125,0.0244140625,-1.01318359375,-0.30517578125,0.28076171875,0.25634765625,0.244140625,0.08544921875,-0.0244140625,-0.06103515625,-0.08544921875,-0.1220703125,0.1708984375,0.048828125,0.01220703125,-0.03662109375,0.8056640625,0,0.13427734375,0,-0.439453125
1,-0.01220703125,-0.72021484375,0,-0.341796875,-0.03662109375,-0.54931640625,-0.18310546875,-0.1220703125,0.146484375,-0.09765625,-0.048828125,-0.927734375,-0.1220703125,1.0009765625,-0.25634765625,-0.15869140625,0.06103515625,-0.62255859375,0.15869140625,-0.20751953125,0.2685546875,0.87890625,0.18310546875,-0.6103515625,0.244140625,-0.15869140625,-0.08544921875,-0.8056640625,-0.13427734375,0.830078125,-0.06103515625,-0.01220703125,0.15869140625,0.9521484375,0.1220703125,0.1708984375,0.50048828125,0.5859375,-0.06103515625,0.52490234375,0.18310546875,-0.23193359375,0.146484375,-0.69580078125,0.03662109375,-0.4638671875,-0.341796875,0.54931640625,-0.2685546875,3.076171875,0.13427734375,5.50537109375,-0.1953125,0.9765625,-0.146484375,2.13623046875,0,0.79345703125,-0.146484375,0.54931640625,0.1708984375,0.9033203125,-0.06103515625,0.2197265625,-0.146484375,5.95703125,0.048828125,4.91943359375,-0.03662109375,3.8818359375,-0.18310546875,8.45947265625,0.048828125,5.322265625,-0.1708984375,7.16552734375,-0.09765625,4.16259765625,-0.1953125,6.0546875,-0.03662109375,-1.2939453125,0.048828125,-0.7080078125,0.3173828125,-1.171875,0.13427734375,-0.96435546875,-0.0732421875,-1.513671875,0.0244140625,-0.28076171875,0.634765625,-0.3662109375,0.15869140625,-1.47705078125,-0.0732421875,-0.7080078125,-0.28076171875,-0.7080078125,-0.18310546875,-0.6591796875,-0.09765625,-0.08544921875,-0.08544921875,-0.7568359375,-0.10986328125,-1.4892578125,0,-1.01318359375,-0.30517578125,0.28076171875,0.23193359375,0.23193359375,0.09765625,-0.0244140625,-0.06103515625,-0.08544921875,-0.146484375,0.146484375,0.048828125,0.3173828125,-0.03662109375,1.0009765625,0,0.927734375,0,-0.15869140625
1,-0.0244140625,-0.78125,0,-0.35400390625,-0.03662109375,-0.537109375,-0.2197265625,-0.146484375,0.09765625,-0.0732421875,-0.06103515625,-0.927734375,-0.13427734375,1.0009765625,-0.244140625,-0.1708984375,0.0244140625,-0.6103515625,0.13427734375,-0.244140625,0.2197265625,0.9033203125,0.146484375,-0.59814453125,0.25634765625,-0.1220703125,-0.1220703125,-0.8056640625,0,0.830078125,-0.08544921875,-0.03662109375,0.2197265625,1.5625,0.1220703125,0.69580078125,0.45166015625,1.45263671875,-0.01220703125,1.123046875,0.18310546875,-0.2197265625,0.2197265625,-0.7080078125,-0.08544921875,-0.45166015625,-0.37841796875,0.52490234375,-0.29296875,3.22265625,0.20751953125,5.908203125,-0.1220703125,1.08642578125,-0.20751953125,2.28271484375,0.0244140625,0.830078125,-0.10986328125,0.52490234375,0.20751953125,0.9765625,-0.0244140625,0.25634765625,-0.146484375,6.298828125,0.1220703125,5.1025390625,0.048828125,4.052734375,-0.2197265625,8.935546875,0.13427734375,6.3720703125,-0.25634765625,8.60595703125,-0.01220703125,5.0048828125,-0.30517578125,7.01904296875,-0.03662109375,-1.2939453125,0.01220703125,-0.78125,0.23193359375,-1.15966796875,0.0732421875,-0.9765625,-0.15869140625,-1.52587890625,0.0244140625,-0.29296875,0.7080078125,-0.3662109375,0.0732421875,-1.47705078125,-0.048828125,-0.69580078125,-0.25634765625,-0.72021484375,-0.1953125,-0.6591796875,-0.10986328125,-0.08544921875,-0.08544921875,-0.7568359375,-0.03662109375,-1.4892578125,-0.0244140625,-1.01318359375,-0.28076171875,0.2685546875,0.244140625,0.2685546875,0.0732421875,-0.0244140625,-0.0732421875,-0.0732421875,-0.18310546875,0.146484375,0.09765625,0.634765625,-0.0732421875,1.23291015625,-0.06103515625,1.8310546875,0,0.1708984375
1,-0.01220703125,-0.7568359375,0.01220703125,-0.30517578125,-0.01220703125,-0.48828125,-0.2197265625,-0.10986328125,0.0732421875,-0.09765625,-0.03662109375,-0.91552734375,-0.10986328125,1.0009765625,-0.244140625,-0.15869140625,0,-0.59814453125,0.15869140625,-0.23193359375,0.15869140625,0.927734375,0.06103515625,-0.59814453125,0.25634765625,-0.10986328125,-0.20751953125,-0.81787109375,0.08544921875,0.86669921875,-0.0732421875,-0.03662109375,0.18310546875,2.40478515625,0.09765625,1.416015625,0.30517578125,2.63671875,0.01220703125,1.91650390625,0.1708984375,-0.20751953125,0.3173828125,-0.7080078125,-0.1708984375,-0.4638671875,-0.3662109375,0.5615234375,-0.3173828125,3.271484375,0.2685546875,6.18896484375,-0.08544921875,1.1474609375,-0.2685546875,2.35595703125,0.01220703125,0.81787109375,-0.0244140625,0.52490234375,0.10986328125,1.01318359375,-0.01220703125,0.2685546875,-0.146484375,6.48193359375,0.146484375,5.18798828125,0.048828125,4.11376953125,-0.2685546875,9.24072265625,0.1220703125,7.275390625,-0.20751953125,9.86328125,0.09765625,5.72509765625,-0.40283203125,7.84912109375,0,-1.26953125,0.01220703125,-0.84228515625,0.1708984375,-1.15966796875,0.0244140625,-0.98876953125,-0.18310546875,-1.513671875,0,-0.30517578125,0.732421875,-0.37841796875,-0.01220703125,-1.45263671875,-0.0244140625,-0.7080078125,-0.23193359375,-0.732421875,-0.15869140625,-0.67138671875,-0.048828125,-0.08544921875,-0.048828125,-0.732421875,0,-1.4892578125,-0.03662109375,-1.025390625,-0.2685546875,0.28076171875,0.20751953125,0.2685546875,0.0732421875,-0.01220703125,-0.0732421875,-0.048828125,-0.2197265625,0.13427734375,0.08544921875,0.9521484375,-0.09765625,1.46484375,-0.08544921875,2.67333984375,0.01220703125,0.50048828125
1,0.01220703125,-0.67138671875,0.0244140625,-0.23193359375,0.01220703125,-0.4150390625,-0.2197265625,-0.06103515625,0.06103515625,-0.10986328125,-0.048828125,-0.9033203125,-0.10986328125,0.98876953125,-0.23193359375,-0.15869140625,-0.01220703125,-0.6103515625,0.13427734375,-0.25634765625,0.09765625,0.93994140625,0.048828125,-0.6103515625,0.2197265625,-0.08544921875,-0.28076171875,-0.81787109375,0.15869140625,0.8544921875,-0.06103515625,-0.03662109375,0.1220703125,3.3203125,0.048828125,2.23388671875,0.18310546875,4.0283203125,0.06103515625,2.79541015625,0.146484375,-0.23193359375,0.40283203125,-0.68359375,-0.28076171875,-0.4638671875,-0.40283203125,0.54931640625,-0.35400390625,3.2470703125,0.3662109375,6.2744140625,-0.01220703125,1.15966796875,-0.29296875,2.38037109375,0.048828125,0.79345703125,-0.01220703125,0.5126953125,0.048828125,1.0009765625,0.09765625,0.29296875,-0.08544921875,6.50634765625,0.13427734375,5.21240234375,0.09765625,4.11376953125,-0.20751953125,9.375,0.13427734375,7.9833984375,-0.1708984375,10.80322265625,0.18310546875,6.298828125,-0.48828125,8.50830078125,0,-1.23291015625,0.06103515625,-0.87890625,0.13427734375,-1.15966796875,-0.048828125,-0.98876953125,-0.1953125,-1.513671875,-0.0244140625,-0.29296875,0.7080078125,-0.3662109375,-0.048828125,-1.4404296875,-0.0244140625,-0.68359375,-0.18310546875,-0.72021484375,-0.0732421875,-0.67138671875,0,-0.08544921875,0,-0.732421875,0.03662109375,-1.4892578125,-0.06103515625,-1.03759765625,-0.244140625,0.2685546875,0.1953125,0.29296875,0.06103515625,-0.0244140625,-0.0732421875,-0.0244140625,-0.23193359375,0.13427734375,0.0732421875,1.23291015625,-0.09765625,1.62353515625,0.01220703125,3.43017578125,0.0244140625,0.79345703125
1,-0.01220703125,-0.48828125,0.0244140625,-0.1220703125,-0.01220703125,-0.29296875,-0.244140625,0.0244140625,0.0244140625,-0.10986328125,-0.0732421875,-0.91552734375,-0.08544921875,1.0009765625,-0.244140625,-0.18310546875,-0.06103515625,-0.59814453125,0.146484375,-0.244140625,0.01220703125,0.927734375,0.09765625,-0.5859375,0.2197265625,-0.1220703125,-0.30517578125,-0.8056640625,0.23193359375,0.86669921875,0.01220703125,-0.03662109375,0.0244140625,4.2724609375,0.03662109375,3.08837890625,0.1708984375,5.46875,0.09765625,3.6865234375,0.146484375,-0.20751953125,0.45166015625,-0.68359375,-0.42724609375,-0.47607421875,-0.4150390625,0.537109375,-0.3173828125,3.1982421875,0.3173828125,6.201171875,0.048828125,1.15966796875,-0.32958984375,2.3681640625,0.048828125,0.76904296875,0.03662109375,0.537109375,-0.0244140625,0.9521484375,0.18310546875,0.28076171875,0,6.45751953125,0.13427734375,5.13916015625,0.08544921875,4.052734375,-0.23193359375,9.326171875,0.09765625,8.4228515625,-0.18310546875,11.4013671875,0.23193359375,6.67724609375,-0.54931640625,8.94775390625,-0.048828125,-1.1962890625,0.09765625,-0.89111328125,0.0244140625,-1.1474609375,-0.08544921875,-0.96435546875,-0.1953125,-1.52587890625,-0.0244140625,-0.29296875,0.6591796875,-0.35400390625,-0.0732421875,-1.4404296875,-0.0244140625,-0.69580078125,-0.146484375,-0.7080078125,-0.01220703125,-0.67138671875,0.01220703125,-0.06103515625,0.06103515625,-0.732421875,0.06103515625,-1.46484375,-0.048828125,-1.025390625,-0.23193359375,0.28076171875,0.1953125,0.3173828125,0.048828125,-0.01220703125,-0.0732421875,-0.0244140625,-0.25634765625,0.1220703125,0.0732421875,1.42822265625,-0.0732421875,1.79443359375,-0.03662109375,4.01611328125,0.03662109375,1.03759765625
1,0.03662109375,-0.29296875,0.0244140625,0.03662109375,-0.048828125,-0.15869140625,-0.25634765625,0.1708984375,0,-0.09765625,-0.048828125,-0.9033203125,-0.048828125,1.0009765625,-0.25634765625,-0.18310546875,-0.08544921875,-0.6103515625,0.15869140625,-0.2197265625,-0.08544921875,0.9033203125,0.13427734375,-0.6103515625,0.15869140625,-0.146484375,-0.3173828125,-0.81787109375,0.28076171875,0.87890625,0.03662109375,-0.0244140625,-0.03662109375,5.11474609375,0.01220703125,3.86962890625,0.0732421875,6.8359375,0.10986328125,4.5166015625,0.146484375,-0.2197265625,0.42724609375,-0.68359375,-0.48828125,-0.47607421875,-0.45166015625,0.5126953125,-0.32958984375,3.076171875,0.244140625,6.06689453125,0.08544921875,1.11083984375,-0.30517578125,2.3193359375,0.01220703125,0.74462890625,0.0244140625,0.537109375,-0.146484375,0.86669921875,0.23193359375,0.28076171875,0.0244140625,6.298828125,0.03662109375,5.0537109375,0.03662109375,3.94287109375,-0.32958984375,9.16748046875,0.01220703125,8.58154296875,-0.2197265625,11.6455078125,0.23193359375,6.84814453125,-0.52490234375,9.1064453125,-0.06103515625,-1.123046875,0.1953125,-0.84228515625,-0.0732421875,-1.11083984375,-0.06103515625,-0.9521484375,-0.18310546875,-1.513671875,-0.0244140625,-0.29296875,0.57373046875,-0.35400390625,-0.06103515625,-1.4404296875,0,-0.67138671875,-0.10986328125,-0.68359375,0.048828125,-0.69580078125,0.048828125,-0.06103515625,0.01220703125,-0.732421875,0.0244140625,-1.4892578125,-0.0732421875,-1.03759765625,-0.1708984375,0.28076171875,0.1708984375,0.3662109375,0.03662109375,-0.01220703125,-0.06103515625,-0.01220703125,-0.25634765625,0.15869140625,0.048828125,1.5625,-0.09765625,1.89208984375,-0.03662109375,4.38232421875,0.0244140625,1.1962890625
1,0.09765625,-0.10986328125,0.03662109375,0.1708984375,-0.03662109375,-0.03662109375,-0.244140625,0.30517578125,-0.01220703125,-0.09765625,-0.08544921875,-0.93994140625,-0.06103515625,1.01318359375,-0.23193359375,-0.15869140625,-0.1220703125,-0.6103515625,0.1953125,-0.23193359375,-0.15869140625,0.86669921875,0.2197265625,-0.59814453125,0.10986328125,-0.13427734375,-0.28076171875,-0.79345703125,0.341796875,0.86669921875,0.048828125,-0.01220703125,-0.03662109375,5.8349609375,-0.01220703125,4.5166015625,0.0732421875,7.958984375,0.09765625,5.16357421875,0.15869140625,-0.23193359375,0.3662109375,-0.68359375,-0.537109375,-0.45166015625,-0.48828125,0.50048828125,-0.244140625,2.978515625,0.18310546875,5.82275390625,0.10986328125,1.0498046875,-0.3173828125,2.23388671875,0.0732421875,0.74462890625,0.03662109375,0.537109375,-0.1708984375,0.7568359375,0.25634765625,0.28076171875,0.03662109375,6.0791015625,0,4.9072265625,-0.03662109375,3.79638671875,-0.341796875,8.837890625,-0.10986328125,8.4716796875,-0.23193359375,11.48681640625,0.18310546875,6.77490234375,-0.47607421875,9.0576171875,-0.06103515625,-1.08642578125,0.23193359375,-0.78125,-0.1953125,-1.0986328125,0,-0.91552734375,-0.15869140625,-1.52587890625,0.03662109375,-0.29296875,0.3662109375,-0.341796875,-0.01220703125,-1.46484375,0.0244140625,-0.67138671875,-0.0732421875,-0.68359375,0.06103515625,-0.67138671875,0.09765625,-0.06103515625,-0.01220703125,-0.72021484375,0.0244140625,-1.47705078125,-0.08544921875,-1.0498046875,-0.15869140625,0.29296875,0.15869140625,0.35400390625,0.01220703125,-0.0244140625,-0.0732421875,0,-0.244140625,0.146484375,0.06103515625,1.57470703125,-0.09765625,1.91650390625,-0.03662109375,4.50439453125,0.01220703125,1.2451171875
1,0.1220703125,0.0244140625,0.01220703125,0.2685546875,-0.048828125,0.048828125,-0.244140625,0.40283203125,0.01220703125,-0.10986328125,-0.09765625,-0.927734375,-0.06103515625,1.025390625,-0.18310546875,-0.13427734375,-0.13427734375,-0.6103515625,0.2197265625,-0.2197265625,-0.15869140625,0.84228515625,0.2685546875,-0.59814453125,0.0732421875,-0.15869140625,-0.25634765625,-0.8056640625,0.390625,0.84228515625,0.0244140625,0,-0.09765625,6.298828125,-0.03662109375,4.9560546875,-0.048828125,8.7158203125,0.0244140625,5.60302734375,0.15869140625,-0.23193359375,0.29296875,-0.67138671875,-0.52490234375,-0.439453125,-0.48828125,0.48828125,-0.15869140625,2.89306640625,0.08544921875,5.52978515625,0.15869140625,0.96435546875,-0.28076171875,2.1484375,0.0732421875,0.74462890625,0.1220703125,0.57373046875,-0.1953125,0.64697265625,0.1953125,0.2685546875,0.0732421875,5.8349609375,-0.0244140625,4.7119140625,-0.15869140625,3.62548828125,-0.3173828125,8.4228515625,-0.2197265625,8.0810546875,-0.2197265625,11.0107421875,0.1708984375,6.48193359375,-0.390625,8.740234375,-0.06103515625,-1.06201171875,0.28076171875,-0.68359375,-0.32958984375,-1.07421875,0.0732421875,-0.86669921875,-0.1220703125,-1.52587890625,0.03662109375,-0.28076171875,0.23193359375,-0.32958984375,0.03662109375,-1.45263671875,0.01220703125,-0.68359375,-0.0732421875,-0.67138671875,0.06103515625,-0.67138671875,0.13427734375,-0.03662109375,-0.03662109375,-0.72021484375,0,-1.4892578125,-0.0732421875,-1.0498046875,-0.13427734375,0.29296875,0.146484375,0.37841796875,0.048828125,-0.048828125,-0.08544921875,-0.0244140625,-0.25634765625,0.13427734375,0.048828125,1.5380859375,-0.10986328125,1.89208984375,-0.03662109375,4.43115234375,0,1.220703125
1,0.1220703125,0.0732421875,-0.01220703125,0.35400390625,-0.03662109375,0.0732421875,-0.244140625,0.45166015625,-0.01220703125,-0.13427734375,-0.10986328125,-0.927734375,-0.09765625,1.01318359375,-0.15869140625,-0.13427734375,-0.1708984375,-0.59814453125,0.2685546875,-0.20751953125,-0.146484375,0.830078125,0.25634765625,-0.6103515625,0.048828125,-0.15869140625,-0.2197265625,-0.8056640625,0.37841796875,0.84228515625,-0.03662109375,0,-0.09765625,6.494140625,-0.08544921875,5.11474609375,-0.1220703125,9.06982421875,-0.0732421875,5.7861328125,0.1220703125,-0.2197265625,0.2197265625,-0.67138671875,-0.42724609375,-0.439453125,-0.45166015625,0.48828125,-0.048828125,2.783203125,-0.0244140625,5.224609375,0.23193359375,0.89111328125,-0.1953125,2.0751953125,0.09765625,0.74462890625,0.15869140625,0.5859375,-0.1953125,0.57373046875,0.15869140625,0.244140625,0.09765625,5.52978515625,-0.0732421875,4.4921875,-0.25634765625,3.43017578125,-0.28076171875,7.9345703125,-0.28076171875,7.45849609375,-0.2197265625,10.21728515625,0.146484375,6.01806640625,-0.30517578125,8.2275390625,-0.03662109375,-1.0498046875,0.29296875,-0.5859375,-0.4150390625,-1.0498046875,0.10986328125,-0.81787109375,-0.08544921875,-1.513671875,0.0732421875,-0.28076171875,0.06103515625,-0.32958984375,0.03662109375,-1.4892578125,0.03662109375,-0.68359375,-0.048828125,-0.67138671875,0.01220703125,-0.634765625,0.1220703125,-0.03662109375,-0.06103515625,-0.7080078125,-0.048828125,-1.46484375,-0.048828125,-1.025390625,-0.15869140625,0.30517578125,0.1220703125,0.35400390625,0.048828125,-0.0244140625,-0.0732421875,-0.0244140625,-0.23193359375,0.146484375,0.0244140625,1.416015625,-0.08544921875,1.7822265625,-0.048828125,4.1259765625,-0.01220703125,1.08642578125
1,0.10986328125,0.03662109375,-0.01220703125,0.32958984375,-0.03662109375,0.08544921875,-0.25634765625,0.45166015625,0,-0.1220703125,-0.09765625,-0.9521484375,-0.09765625,1.025390625,-0.146484375,-0.13427734375,-0.20751953125,-0.59814453125,0.32958984375,-0.20751953125,-0.10986328125,0.79345703125,0.28076171875,-0.6103515625,0.03662109375,-0.18310546875,-0.146484375,-0.8056640625,0.29296875,0.84228515625,-0.048828125,0.0244140625,-0.1220703125,6.396484375,-0.146484375,5.029296875,-0.1708984375,8.97216796875,-0.146484375,5.70068359375,0.0732421875,-0.20751953125,0.146484375,-0.6591796875,-0.341796875,-0.439453125,-0.4150390625,0.50048828125,0.06103515625,2.7099609375,-0.03662109375,4.9560546875,0.25634765625,0.830078125,-0.1220703125,2.001953125,0.10986328125,0.732421875,0.1953125,0.57373046875,-0.2197265625,0.537109375,0.1220703125,0.20751953125,0.1220703125,5.18798828125,-0.1953125,4.2724609375,-0.40283203125,3.21044921875,-0.2197265625,7.38525390625,-0.28076171875,6.65283203125,-0.244140625,9.19189453125,0.09765625,5.35888671875,-0.2197265625,7.53173828125,-0.03662109375,-1.0498046875,0.29296875,-0.47607421875,-0.50048828125,-1.03759765625,0.0732421875,-0.830078125,-0.03662109375,-1.52587890625,0.01220703125,-0.30517578125,-0.01220703125,-0.35400390625,-0.01220703125,-1.4892578125,0.03662109375,-0.67138671875,-0.03662109375,-0.68359375,-0.01220703125,-0.634765625,0.10986328125,-0.06103515625,-0.0732421875,-0.72021484375,-0.1220703125,-1.46484375,0,-1.0009765625,-0.18310546875,0.30517578125,0.09765625,0.35400390625,0.03662109375,-0.03662109375,-0.08544921875,-0.03662109375,-0.18310546875,0.146484375,-0.0244140625,1.26953125,-0.06103515625,1.611328125,-0.048828125,3.67431640625,-0.03662109375,0.86669921875
1,0.10986328125,-0.08544921875,0.01220703125,0.2685546875,-0.0732421875,0.01220703125,-0.25634765625,0.3662109375,0,-0.1220703125,-0.08544921875,-0.96435546875,-0.146484375,1.03759765625,-0.15869140625,-0.15869140625,-0.1708984375,-0.62255859375,0.37841796875,-0.18310546875,-0.06103515625,0.81787109375,0.23193359375,-0.59814453125,0.03662109375,-0.18310546875,-0.1220703125,-0.8056640625,0.18310546875,0.81787109375,-0.048828125,0.01220703125,-0.1220703125,6.01806640625,-0.20751953125,4.69970703125,-0.13427734375,8.49609375,-0.23193359375,5.3466796875,0.01220703125,-0.2197265625,0.15869140625,-0.67138671875,-0.23193359375,-0.4638671875,-0.35400390625,0.50048828125,0.146484375,2.63671875,-0.13427734375,4.72412109375,0.32958984375,0.8056640625,-0.0732421875,1.94091796875,0.048828125,0.7568359375,0.2685546875,0.5859375,-0.2685546875,0.5615234375,0.03662109375,0.2197265625,0.146484375,4.84619140625,-0.18310546875,4.01611328125,-0.42724609375,2.99072265625,-0.146484375,6.8115234375,-0.29296875,5.72509765625,-0.23193359375,7.99560546875,0.06103515625,4.5654296875,-0.10986328125,6.67724609375,-0.03662109375,-1.06201171875,0.28076171875,-0.4150390625,-0.537109375,-1.06201171875,0.01220703125,-0.8056640625,-0.0244140625,-1.52587890625,0,-0.30517578125,-0.09765625,-0.3662109375,-0.06103515625,-1.513671875,0.0244140625,-0.67138671875,-0.048828125,-0.67138671875,-0.048828125,-0.634765625,0.09765625,-0.048828125,-0.06103515625,-0.732421875,-0.18310546875,-1.47705078125,0.0244140625,-1.01318359375,-0.2197265625,0.30517578125,0.1220703125,0.32958984375,0.03662109375,-0.048828125,-0.0732421875,-0.06103515625,-0.15869140625,0.1220703125,-0.06103515625,1.0498046875,-0.06103515625,1.42822265625,-0.0732421875,3.076171875,-0.048828125,0.59814453125
0,0.1220703125,-0.2685546875,0.03662109375,0.1708984375,-0.1220703125,-0.0732421875,-0.23193359375,0.2685546875,0.01220703125,-0.10986328125,-0.10986328125,-0.9521484375,-0.18310546875,1.025390625,-0.1708984375,-0.15869140625,-0.146484375,-0.6103515625,0.37841796875,-0.1953125,0,0.84228515625,0.2197265625,-0.59814453125,0.048828125,-0.1708984375,-0.048828125,-0.81787109375,0.048828125,0.81787109375,-0.01220703125,0.01220703125,-0.1220703125,5.419921875,-0.32958984375,4.150390625,-0.10986328125,7.666015625,-0.3173828125,4.79736328125,-0.0244140625,-0.2197265625,0.15869140625,-0.67138671875,-0.146484375,-0.4638671875,-0.32958984375,0.5126953125,0.1708984375,2.60009765625,-0.2197265625,4.58984375,0.3662109375,0.76904296875,-0.0244140625,1.86767578125,-0.0244140625,0.76904296875,0.30517578125,0.59814453125,-0.2197265625,0.6103515625,-0.01220703125,0.20751953125,0.15869140625,4.52880859375,-0.20751953125,3.77197265625,-0.42724609375,2.7587890625,-0.20751953125,6.25,-0.20751953125,4.6875,-0.2197265625,6.6650390625,0.0732421875,3.7109375,-0.0732421875,5.7373046875,-0.01220703125,-1.07421875,0.244140625,-0.37841796875,-0.52490234375,-1.07421875,-0.06103515625,-0.8056640625,-0.0244140625,-1.52587890625,-0.048828125,-0.30517578125,-0.146484375,-0.3662109375,-0.0732421875,-1.513671875,0,-0.68359375,-0.0732421875,-0.67138671875,-0.06103515625,-0.64697265625,0.03662109375,-0.06103515625,-0.048828125,-0.74462890625,-0.244140625,-1.47705078125,0.09765625,-1.025390625,-0.244140625,0.29296875,0.1220703125,0.29296875,0.06103515625,-0.03662109375,-0.06103515625,-0.03662109375,-0.15869140625,0.10986328125,-0.0732421875,0.8544921875,-0.03662109375,1.26953125,-0.06103515625,2.4169921875,-0.048828125,0.30517578125
0,0.1953125,-0.4638671875,0.0244140625,0.06103515625,-0.146484375,-0.1708984375,-0.244140625,0.146484375,0.03662109375,-0.10986328125,-0.10986328125,-0.96435546875,-0.20751953125,1.01318359375,-0.15869140625,-0.18310546875,-0.10986328125,-0.6103515625,0.35400390625,-0.20751953125,0.048828125,0.86669921875,0.2197265625,-0.5859375,0.0732421875,-0.1708984375,0,-0.8056640625,-0.09765625,0.8544921875,0.01220703125,0.0244140625,-0.1220703125,4.65087890625,-0.42724609375,3.4912109375,-0.048828125,6.591796875,-0.3662109375,4.06494140625,-0.03662109375,-0.2197265625,0.20751953125,-0.69580078125,-0.08544921875,-0.47607421875,-0.30517578125,0.537109375,0.18310546875,2.57568359375,-0.2685546875,4.45556640625,0.4150390625,0.74462890625,-0.0244140625,1.8310546875,-0.048828125,0.76904296875,0.37841796875,0.5859375,-0.1953125,0.6591796875,-0.01220703125,0.20751953125,0.15869140625,4.2236328125,-0.1953125,3.55224609375,-0.35400390625,2.5390625,-0.30517578125,5.76171875,-0.13427734375,3.64990234375,-0.1708984375,5.322265625,0.1220703125,2.8564453125,-0.0244140625,4.74853515625,0,-1.07421875,0.20751953125,-0.37841796875,-0.45166015625,-1.06201171875,-0.08544921875,-0.8056640625,-0.03662109375,-1.52587890625,-0.15869140625,-0.32958984375,-0.20751953125,-0.3662109375,-0.09765625,-1.52587890625,-0.0244140625,-0.69580078125,-0.08544921875,-0.69580078125,-0.0244140625,-0.634765625,-0.0244140625,-0.06103515625,-0.048828125,-0.72021484375,-0.2685546875,-1.46484375,0.10986328125,-1.01318359375,-0.28076171875,0.28076171875,0.13427734375,0.25634765625,0.0732421875,-0.0244140625,-0.06103515625,-0.048828125,-0.13427734375,0.09765625,-0.0732421875,0.6103515625,-0.048828125,1.06201171875,-0.08544921875,1.7578125,-0.0732421875,0.0244140625
0,0.244140625,-0.64697265625,0,-0.06103515625,-0.15869140625,-0.25634765625,-0.23193359375,0.03662109375,0.03662109375,-0.08544921875,-0.09765625,-0.9765625,-0.25634765625,1.01318359375,-0.1708984375,-0.1953125,-0.048828125,-0.62255859375,0.30517578125,-0.20751953125,0.06103515625,0.87890625,0.1708984375,-0.57373046875,0.0732421875,-0.1708984375,0.048828125,-0.830078125,-0.2197265625,0.84228515625,0.048828125,0,-0.146484375,3.7841796875,-0.4638671875,2.7099609375,0.03662109375,5.37109375,-0.390625,3.28369140625,-0.0732421875,-0.244140625,0.244140625,-0.69580078125,-0.03662109375,-0.47607421875,-0.28076171875,0.57373046875,0.15869140625,2.5390625,-0.2685546875,4.3701171875,0.47607421875,0.732421875,0.01220703125,1.77001953125,-0.10986328125,0.78125,0.47607421875,0.5615234375,-0.1953125,0.74462890625,-0.06103515625,0.23193359375,0.1220703125,3.94287109375,-0.23193359375,3.3447265625,-0.28076171875,2.3681640625,-0.390625,5.322265625,-0.048828125,2.6611328125,-0.146484375,4.052734375,0.20751953125,2.0263671875,-0.048828125,3.77197265625,0.0732421875,-1.08642578125,0.146484375,-0.390625,-0.37841796875,-1.06201171875,-0.10986328125,-0.8056640625,-0.06103515625,-1.52587890625,-0.23193359375,-0.32958984375,-0.2685546875,-0.3662109375,-0.09765625,-1.513671875,-0.03662109375,-0.7080078125,-0.10986328125,-0.68359375,-0.0244140625,-0.634765625,-0.09765625,-0.0732421875,-0.10986328125,-0.72021484375,-0.29296875,-1.47705078125,0.09765625,-1.025390625,-0.3173828125,0.29296875,0.146484375,0.244140625,0.0732421875,-0.06103515625,-0.06103515625,-0.03662109375,-0.10986328125,0.09765625,-0.06103515625,0.3662109375,-0.03662109375,0.9033203125,-0.0732421875,1.11083984375,-0.08544921875,-0.25634765625
0,0.20751953125,-0.7568359375,0,-0.1708984375,-0.10986328125,-0.32958984375,-0.25634765625,-0.06103515625,0.0244140625,-0.08544921875,-0.09765625,-0.96435546875,-0.244140625,1.01318359375,-0.18310546875,-0.20751953125,-0.0244140625,-0.62255859375,0.28076171875,-0.1953125,0.03662109375,0.91552734375,0.18310546875,-0.5615234375,0.0244140625,-0.15869140625,0.08544921875,-0.830078125,-0.35400390625,0.830078125,0.03662109375,0,-0.18310546875,2.9541015625,-0.47607421875,1.94091796875,0.10986328125,4.18701171875,-0.3662109375,2.4658203125,-0.048828125,-0.23193359375,0.28076171875,-0.68359375,-0.048828125,-0.4638671875,-0.30517578125,0.5859375,0.1220703125,2.50244140625,-0.2685546875,4.26025390625,0.48828125,0.7080078125,0.048828125,1.7333984375,-0.1708984375,0.76904296875,0.537109375,0.5615234375,-0.146484375,0.84228515625,-0.048828125,0.244140625,0.10986328125,3.7109375,-0.244140625,3.1982421875,-0.1708984375,2.2216796875,-0.47607421875,5.0048828125,-0.0244140625,1.77001953125,-0.048828125,2.89306640625,0.3173828125,1.25732421875,-0.09765625,2.86865234375,0.1220703125,-1.07421875,0.13427734375,-0.439453125,-0.35400390625,-1.07421875,-0.13427734375,-0.8056640625,-0.08544921875,-1.50146484375,-0.3173828125,-0.3173828125,-0.30517578125,-0.35400390625,-0.0732421875,-1.513671875,-0.01220703125,-0.7080078125,-0.15869140625,-0.64697265625,0,-0.634765625,-0.13427734375,-0.0732421875,-0.1708984375,-0.732421875,-0.30517578125,-1.47705078125,0.06103515625,-1.01318359375,-0.32958984375,0.29296875,0.13427734375,0.23193359375,0.0732421875,-0.03662109375,-0.0732421875,-0.03662109375,-0.10986328125,0.10986328125,-0.048828125,0.1708984375,-0.048828125,0.7568359375,-0.08544921875,0.5126953125,-0.09765625,-0.50048828125
0,0.1953125,-0.7568359375,-0.01220703125,-0.2197265625,-0.10986328125,-0.35400390625,-0.23193359375,-0.06103515625,0.01220703125,-0.0732421875,-0.1220703125,-0.9521484375,-0.2197265625,1.025390625,-0.2197265625,-0.18310546875,-0.03662109375,-0.6103515625,0.25634765625,-0.2197265625,-0.0732421875,0.927734375,0.13427734375,-0.5615234375,0.0244140625,-0.146484375,0.08544921875,-0.830078125,-0.3662109375,0.81787109375,0.01220703125,0,-0.20751953125,2.1484375,-0.45166015625,1.23291015625,0.2197265625,3.076171875,-0.32958984375,1.6845703125,0.0244140625,-0.2197265625,0.37841796875,-0.7080078125,-0.10986328125,-0.47607421875,-0.2685546875,0.5859375,0.08544921875,2.4169921875,-0.23193359375,4.11376953125,0.50048828125,0.68359375,0.0732421875,1.6845703125,-0.23193359375,0.76904296875,0.59814453125,0.54931640625,-0.15869140625,0.89111328125,-0.1220703125,0.25634765625,0.03662109375,3.515625,-0.25634765625,3.06396484375,-0.09765625,2.05078125,-0.54931640625,4.7119140625,-0.09765625,0.98876953125,0.01220703125,1.94091796875,0.35400390625,0.634765625,-0.15869140625,2.099609375,0.13427734375,-1.123046875,0.048828125,-0.48828125,-0.29296875,-1.08642578125,-0.10986328125,-0.84228515625,-0.10986328125,-1.50146484375,-0.390625,-0.32958984375,-0.3173828125,-0.35400390625,-0.048828125,-1.50146484375,-0.01220703125,-0.69580078125,-0.15869140625,-0.64697265625,0.01220703125,-0.634765625,-0.15869140625,-0.06103515625,-0.2197265625,-0.732421875,-0.32958984375,-1.4892578125,0.048828125,-1.025390625,-0.30517578125,0.28076171875,0.1220703125,0.2197265625,0.09765625,-0.0244140625,-0.06103515625,-0.01220703125,-0.10986328125,0.10986328125,-0.048828125,-0.0244140625,-0.03662109375,0.64697265625,-0.10986328125,0.01220703125,-0.048828125,-0.67138671875
0,0.13427734375,-0.74462890625,-0.01220703125,-0.1953125,-0.13427734375,-0.32958984375,-0.25634765625,-0.03662109375,0,-0.06103515625,-0.1220703125,-0.96435546875,-0.2197265625,1.01318359375,-0.23193359375,-0.18310546875,-0.03662109375,-0.6103515625,0.2197265625,-0.23193359375,-0.2197265625,0.91552734375,0.06103515625,-0.5615234375,0,-0.146484375,0.08544921875,-0.830078125,-0.35400390625,0.8544921875,-0.0244140625,0,-0.2197265625,1.47705078125,-0.32958984375,0.59814453125,0.25634765625,2.1240234375,-0.25634765625,1.01318359375,0.10986328125,-0.23193359375,0.48828125,-0.68359375,-0.18310546875,-0.48828125,-0.25634765625,0.6103515625,0.0244140625,2.34375,-0.10986328125,3.90625,0.52490234375,0.59814453125,0.146484375,1.611328125,-0.25634765625,0.74462890625,0.6103515625,0.537109375,-0.1220703125,0.9033203125,-0.18310546875,0.244140625,0.0244140625,3.33251953125,-0.29296875,2.9541015625,-0.0732421875,1.9287109375,-0.47607421875,4.43115234375,-0.1953125,0.37841796875,0.10986328125,1.15966796875,0.3662109375,0.146484375,-0.23193359375,1.47705078125,0.1708984375,-1.08642578125,-0.03662109375,-0.5615234375,-0.2685546875,-1.08642578125,-0.048828125,-0.84228515625,-0.1220703125,-1.50146484375,-0.42724609375,-0.29296875,-0.3662109375,-0.32958984375,-0.048828125,-1.4892578125,-0.01220703125,-0.68359375,-0.18310546875,-0.6591796875,0.01220703125,-0.634765625,-0.18310546875,-0.0732421875,-0.28076171875,-0.732421875,-0.3662109375,-1.4892578125,0.06103515625,-1.0498046875,-0.30517578125,0.28076171875,0.09765625,0.244140625,0.09765625,-0.0244140625,-0.0732421875,0.01220703125,-0.10986328125,0.1220703125,-0.06103515625,-0.15869140625,-0.03662109375,0.5615234375,-0.1220703125,-0.40283203125,-0.03662109375,-0.8056640625
0,0.1708984375,-0.6103515625,-0.01220703125,-0.18310546875,-0.1708984375,-0.341796875,-0.2197265625,-0.0244140625,-0.01220703125,-0.08544921875,-0.13427734375,-0.93994140625,-0.20751953125,1.01318359375,-0.25634765625,-0.15869140625,-0.08544921875,-0.6103515625,0.13427734375,-0.20751953125,-0.35400390625,0.89111328125,0.0244140625,-0.5615234375,0.01220703125,-0.146484375,0.048828125,-0.8056640625,-0.28076171875,0.86669921875,-0.03662109375,0,-0.1953125,0.91552734375,-0.244140625,0.08544921875,0.3173828125,1.35498046875,-0.18310546875,0.45166015625,0.1953125,-0.23193359375,0.6103515625,-0.7080078125,-0.29296875,-0.48828125,-0.2685546875,0.5859375,-0.048828125,2.24609375,-0.1220703125,3.5888671875,0.42724609375,0.5126953125,0.20751953125,1.52587890625,-0.25634765625,0.74462890625,0.5859375,0.52490234375,-0.048828125,0.86669921875,-0.20751953125,0.244140625,0.048828125,3.1494140625,-0.37841796875,2.81982421875,-0.06103515625,1.81884765625,-0.47607421875,4.11376953125,-0.25634765625,-0.09765625,0.1708984375,0.62255859375,0.341796875,-0.23193359375,-0.25634765625,1.025390625,0.15869140625,-1.11083984375,-0.13427734375,-0.634765625,-0.244140625,-1.08642578125,-0.01220703125,-0.8544921875,-0.15869140625,-1.4892578125,-0.42724609375,-0.28076171875,-0.40283203125,-0.32958984375,-0.09765625,-1.50146484375,0,-0.7080078125,-0.13427734375,-0.68359375,0.01220703125,-0.634765625,-0.15869140625,-0.06103515625,-0.244140625,-0.72021484375,-0.4150390625,-1.46484375,0.03662109375,-1.03759765625,-0.2685546875,0.28076171875,0.0732421875,0.2685546875,0.09765625,0,-0.0732421875,0,-0.0732421875,0.1220703125,-0.0732421875,-0.2685546875,-0.03662109375,0.48828125,-0.1220703125,-0.69580078125,-0.0244140625,-0.91552734375
0,0.20751953125,-0.48828125,0,-0.15869140625,-0.146484375,-0.28076171875,-0.1953125,0.0244140625,-0.01220703125,-0.09765625,-0.146484375,-0.9521484375,-0.20751953125,1.0498046875,-0.25634765625,-0.18310546875,-0.10986328125,-0.59814453125,0.0732421875,-0.1953125,-0.45166015625,0.8544921875,-0.0244140625,-0.57373046875,0.01220703125,-0.146484375,0.0244140625,-0.8056640625,-0.18310546875,0.8544921875,-0.06103515625,-0.01220703125,-0.146484375,0.50048828125,-0.1220703125,-0.29296875,0.2685546875,0.79345703125,-0.15869140625,0.01220703125,0.30517578125,-0.23193359375,0.7080078125,-0.68359375,-0.45166015625,-0.48828125,-0.2685546875,0.5859375,-0.1220703125,2.099609375,-0.01220703125,3.13720703125,0.4150390625,0.390625,0.28076171875,1.416015625,-0.2197265625,0.72021484375,0.6103515625,0.5126953125,-0.0244140625,0.8056640625,-0.1953125,0.23193359375,0.048828125,2.9541015625,-0.3662109375,2.685546875,-0.0244140625,1.67236328125,-0.30517578125,3.7109375,-0.3173828125,-0.390625,0.1953125,0.35400390625,0.23193359375,-0.42724609375,-0.25634765625,0.7080078125,0.1708984375,-1.13525390625,-0.1953125,-0.68359375,-0.20751953125,-1.08642578125,0.01220703125,-0.86669921875,-0.1953125,-1.50146484375,-0.32958984375,-0.244140625,-0.390625,-0.30517578125,-0.15869140625,-1.50146484375,-0.048828125,-0.7080078125,-0.08544921875,-0.67138671875,0.03662109375,-0.634765625,-0.146484375,-0.048828125,-0.2197265625,-0.7080078125,-0.439453125,-1.47705078125,-0.03662109375,-1.025390625,-0.20751953125,0.28076171875,0.08544921875,0.29296875,0.08544921875,0,-0.0732421875,-0.01220703125,-0.048828125,0.146484375,-0.06103515625,-0.3662109375,-0.0244140625,0.45166015625,-0.1220703125,-0.86669921875,0,-0.927734375
0,0.1708984375,-0.3662109375,-0.048828125,-0.10986328125,-0.1953125,-0.2197265625,-0.23193359375,0.0732421875,-0.0244140625,-0.08544921875,-0.1708984375,-0.93994140625,-0.20751953125,1.08642578125,-0.25634765625,-0.18310546875,-0.146484375,-0.59814453125,0.048828125,-0.1953125,-0.439453125,0.84228515625,-0.03662109375,-0.5859375,0.03662109375,-0.146484375,-0.0244140625,-0.8056640625,-0.1220703125,0.8544921875,-0.06103515625,-0.01220703125,-0.1220703125,0.1953125,-0.0244140625,-0.57373046875,0.20751953125,0.390625,-0.13427734375,-0.30517578125,0.35400390625,-0.23193359375,0.78125,-0.68359375,-0.537109375,-0.48828125,-0.3173828125,0.5859375,-0.1708984375,1.91650390625,0.01220703125,2.6123046875,0.37841796875,0.2685546875,0.30517578125,1.28173828125,-0.18310546875,0.72021484375,0.59814453125,0.54931640625,0,0.74462890625,-0.146484375,0.23193359375,0.1220703125,2.72216796875,-0.29296875,2.5146484375,-0.0244140625,1.4892578125,-0.2197265625,3.21044921875,-0.29296875,-0.537109375,0.23193359375,0.2197265625,0.13427734375,-0.54931640625,-0.2685546875,0.5615234375,0.20751953125,-1.1474609375,-0.2685546875,-0.72021484375,-0.146484375,-1.08642578125,0.048828125,-0.87890625,-0.244140625,-1.4892578125,-0.23193359375,-0.23193359375,-0.35400390625,-0.30517578125,-0.1953125,-1.50146484375,-0.09765625,-0.7080078125,-0.048828125,-0.67138671875,0.048828125,-0.634765625,-0.10986328125,-0.03662109375,-0.146484375,-0.7080078125,-0.4638671875,-1.45263671875,-0.08544921875,-1.025390625,-0.13427734375,0.29296875,0.08544921875,0.3173828125,0.06103515625,0.01220703125,-0.0732421875,-0.01220703125,-0.06103515625,0.146484375,-0.06103515625,-0.42724609375,-0.03662109375,0.439453125,-0.13427734375,-0.98876953125,0.01220703125,-0.927734375
0,0.2197265625,-0.28076171875,-0.03662109375,-0.0732421875,-0.1220703125,-0.2197265625,-0.1953125,0.09765625,-0.03662109375,-0.08544921875,-0.1708984375,-0.93994140625,-0.20751953125,1.0498046875,-0.25634765625,-0.18310546875,-0.20751953125,-0.5859375,-0.03662109375,-0.18310546875,-0.439453125,0.830078125,0.01220703125,-0.57373046875,0.048828125,-0.146484375,-0.0732421875,-0.8056640625,-0.08544921875,0.8544921875,-0.08544921875,-0.01220703125,-0.08544921875,-0.01220703125,0.08544921875,-0.78125,0.13427734375,0.10986328125,-0.146484375,-0.54931640625,0.35400390625,-0.23193359375,0.830078125,-0.68359375,-0.59814453125,-0.52490234375,-0.29296875,0.5859375,-0.18310546875,1.708984375,0.03662109375,2.0263671875,0.341796875,0.13427734375,0.25634765625,1.13525390625,-0.09765625,0.72021484375,0.5615234375,0.52490234375,0.08544921875,0.64697265625,-0.1220703125,0.23193359375,0.10986328125,2.4169921875,-0.23193359375,2.2705078125,-0.0732421875,1.25732421875,-0.09765625,2.60009765625,-0.341796875,-0.62255859375,0.1708984375,0.25634765625,-0.048828125,-0.5859375,-0.3173828125,0.537109375,0.244140625,-1.1474609375,-0.390625,-0.74462890625,-0.0244140625,-1.08642578125,0.08544921875,-0.87890625,-0.23193359375,-1.50146484375,-0.09765625,-0.2197265625,-0.28076171875,-0.32958984375,-0.2197265625,-1.47705078125,-0.146484375,-0.69580078125,0.01220703125,-0.67138671875,0.0244140625,-0.64697265625,-0.06103515625,-0.048828125,-0.09765625,-0.7080078125,-0.47607421875,-1.46484375,-0.146484375,-1.01318359375,-0.06103515625,0.29296875,0.06103515625,0.341796875,0.0732421875,-0.0244140625,-0.06103515625,-0.0244140625,-0.08544921875,0.146484375,-0.048828125,-0.42724609375,-0.03662109375,0.42724609375,-0.13427734375,-1.0009765625,0,-0.91552734375
0,0.18310546875,-0.23193359375,0,-0.06103515625,-0.1220703125,-0.2197265625,-0.20751953125,0.10986328125,-0.048828125,-0.10986328125,-0.1708984375,-0.9521484375,-0.1953125,1.03759765625,-0.23193359375,-0.1708984375,-0.2197265625,-0.59814453125,-0.08544921875,-0.1953125,-0.341796875,0.830078125,0.06103515625,-0.59814453125,0.08544921875,-0.15869140625,-0.1220703125,-0.79345703125,-0.09765625,0.86669921875,-0.08544921875,-0.01220703125,-0.06103515625,-0.1953125,0.15869140625,-0.927734375,0.03662109375,-0.1220703125,-0.1953125,-0.69580078125,0.28076171875,-0.23193359375,0.79345703125,-0.67138671875,-0.634765625,-0.5126953125,-0.30517578125,0.5615234375,-0.13427734375,1.5380859375,-0.01220703125,1.4404296875,0.3173828125,-0.01220703125,0.2197265625,1.0009765625,-0.0732421875,0.74462890625,0.537109375,0.537109375,0.1220703125,0.57373046875,0.0244140625,0.244140625,0.146484375,2.0263671875,-0.13427734375,2.001953125,-0.10986328125,1.0498046875,0.09765625,1.96533203125,-0.2197265625,-0.6103515625,0.146484375,0.35400390625,-0.1220703125,-0.59814453125,-0.29296875,0.59814453125,0.2197265625,-1.1474609375,-0.45166015625,-0.732421875,0.10986328125,-1.0986328125,0.08544921875,-0.89111328125,-0.1953125,-1.513671875,0.048828125,-0.244140625,-0.20751953125,-0.32958984375,-0.2685546875,-1.50146484375,-0.1708984375,-0.7080078125,0.08544921875,-0.68359375,0.01220703125,-0.6591796875,-0.0244140625,-0.06103515625,-0.13427734375,-0.7080078125,-0.45166015625,-1.4892578125,-0.1953125,-1.01318359375,-0.0244140625,0.29296875,0.06103515625,0.35400390625,0.08544921875,-0.0244140625,-0.0732421875,-0.048828125,-0.09765625,0.1708984375,-0.06103515625,-0.4150390625,-0.03662109375,0.45166015625,-0.09765625,-0.96435546875,0,-0.9033203125
0,0.18310546875,-0.28076171875,0,-0.08544921875,-0.1220703125,-0.244140625,-0.20751953125,0.10986328125,-0.09765625,-0.10986328125,-0.1708984375,-0.9521484375,-0.1708984375,1.025390625,-0.23193359375,-0.1953125,-0.1953125,-0.6103515625,-0.15869140625,-0.1708984375,-0.18310546875,0.84228515625,0.0732421875,-0.6103515625,0.09765625,-0.15869140625,-0.13427734375,-0.79345703125,-0.13427734375,0.87890625,-0.09765625,-0.0244140625,-0.0732421875,-0.341796875,0.23193359375,-1.0498046875,-0.03662109375,-0.32958984375,-0.20751953125,-0.81787109375,0.2197265625,-0.244140625,0.76904296875,-0.69580078125,-0.6103515625,-0.48828125,-0.28076171875,0.5615234375,-0.1220703125,1.37939453125,-0.048828125,0.9765625,0.25634765625,-0.09765625,0.1708984375,0.91552734375,-0.03662109375,0.76904296875,0.537109375,0.537109375,0.146484375,0.54931640625,0.146484375,0.25634765625,0.146484375,1.69677734375,-0.048828125,1.7333984375,-0.10986328125,0.79345703125,0.18310546875,1.33056640625,-0.1220703125,-0.57373046875,0.15869140625,0.4638671875,-0.18310546875,-0.5615234375,-0.23193359375,0.67138671875,0.15869140625,-1.1474609375,-0.54931640625,-0.69580078125,0.15869140625,-1.11083984375,0.01220703125,-0.9033203125,-0.146484375,-1.513671875,0.1220703125,-0.2197265625,-0.048828125,-0.32958984375,-0.28076171875,-1.4892578125,-0.1708984375,-0.732421875,0.08544921875,-0.68359375,-0.0244140625,-0.6591796875,0.0244140625,-0.06103515625,-0.13427734375,-0.74462890625,-0.390625,-1.47705078125,-0.2197265625,-0.98876953125,0,0.28076171875,0.048828125,0.35400390625,0.048828125,-0.03662109375,-0.0732421875,-0.048828125,-0.0732421875,0.1708984375,-0.09765625,-0.390625,-0.0732421875,0.4638671875,-0.09765625,-0.89111328125,-0.0244140625,-0.87890625
0,0.18310546875,-0.341796875,0.0244140625,-0.09765625,-0.15869140625,-0.28076171875,-0.244140625,0.09765625,-0.08544921875,-0.1220703125,-0.15869140625,-0.9521484375,-0.1708984375,1.025390625,-0.2197265625,-0.15869140625,-0.1708984375,-0.62255859375,-0.15869140625,-0.15869140625,-0.08544921875,0.86669921875,0.10986328125,-0.6103515625,0.08544921875,-0.146484375,-0.15869140625,-0.8056640625,-0.20751953125,0.87890625,-0.1220703125,-0.0244140625,-0.09765625,-0.48828125,0.32958984375,-1.13525390625,-0.10986328125,-0.50048828125,-0.35400390625,-0.93994140625,0.10986328125,-0.25634765625,0.67138671875,-0.72021484375,-0.54931640625,-0.5126953125,-0.20751953125,0.54931640625,-0.146484375,1.30615234375,-0.03662109375,0.634765625,0.2197265625,-0.13427734375,0.1220703125,0.86669921875,-0.06103515625,0.79345703125,0.59814453125,0.537109375,0.13427734375,0.48828125,0.25634765625,0.25634765625,0.0244140625,1.3916015625,-0.0244140625,1.4892578125,-0.13427734375,0.57373046875,0.1953125,0.8544921875,-0.09765625,-0.52490234375,0.13427734375,0.59814453125,-0.23193359375,-0.52490234375,-0.1953125,0.76904296875,0.13427734375,-1.1474609375,-0.5615234375,-0.68359375,0.23193359375,-1.123046875,-0.0732421875,-0.9033203125,-0.09765625,-1.52587890625,0.1708984375,-0.23193359375,0.0732421875,-0.35400390625,-0.2685546875,-1.50146484375,-0.15869140625,-0.7080078125,0.10986328125,-0.68359375,-0.1220703125,-0.64697265625,0.06103515625,-0.06103515625,-0.1953125,-0.732421875,-0.32958984375,-1.46484375,-0.23193359375,-1.0009765625,-0.01220703125,0.29296875,0.03662109375,0.3173828125,0.0732421875,-0.06103515625,-0.0732421875,-0.0732421875,-0.08544921875,0.15869140625,-0.09765625,-0.341796875,-0.048828125,0.48828125,-0.08544921875,-0.830078125,0,-0.87890625
1,0.1953125,-0.439453125,0.0244140625,-0.10986328125,-0.1953125,-0.341796875,-0.23193359375,0.09765625,-0.146484375,-0.146484375,-0.1708984375,-0.9521484375,-0.146484375,1.0009765625,-0.1953125,-0.13427734375,-0.1220703125,-0.62255859375,-0.15869140625,-0.1708984375,0.0732421875,0.9033203125,0.1220703125,-0.5859375,0.08544921875,-0.146484375,-0.10986328125,-0.79345703125,-0.28076171875,0.86669921875,-0.13427734375,-0.01220703125,-0.146484375,-0.67138671875,0.32958984375,-1.23291015625,-0.20751953125,-0.6591796875,-0.5126953125,-1.025390625,0.03662109375,-0.25634765625,0.5859375,-0.732421875,-0.42724609375,-0.48828125,-0.18310546875,0.52490234375,-0.1953125,1.2939453125,-0.10986328125,0.5615234375,0.1953125,-0.1220703125,0.03662109375,0.89111328125,-0.13427734375,0.79345703125,0.634765625,0.537109375,0.1708984375,0.5126953125,0.3662109375,0.244140625,0.0244140625,1.171875,0.03662109375,1.3427734375,-0.10986328125,0.45166015625,0.23193359375,0.5859375,-0.06103515625,-0.48828125,0.08544921875,0.69580078125,-0.244140625,-0.48828125,-0.18310546875,0.84228515625,0.08544921875,-1.1474609375,-0.57373046875,-0.634765625,0.3173828125,-1.11083984375,-0.1220703125,-0.89111328125,-0.048828125,-1.5380859375,0.1708984375,-0.25634765625,0.18310546875,-0.37841796875,-0.20751953125,-1.47705078125,-0.1220703125,-0.69580078125,0.10986328125,-0.67138671875,-0.1708984375,-0.64697265625,0.0732421875,-0.06103515625,-0.20751953125,-0.7080078125,-0.25634765625,-1.47705078125,-0.244140625,-1.0009765625,-0.0244140625,0.28076171875,0.01220703125,0.29296875,0.0732421875,-0.03662109375,-0.0732421875,-0.06103515625,-0.09765625,0.146484375,-0.08544921875,-0.29296875,-0.06103515625,0.50048828125,-0.048828125,-0.78125,0.01220703125,-0.87890625
1,0.18310546875,-0.5126953125,0.01220703125,-0.1220703125,-0.15869140625,-0.3662109375,-0.25634765625,0.06103515625,-0.15869140625,-0.13427734375,-0.15869140625,-0.9521484375,-0.1220703125,0.98876953125,-0.15869140625,-0.13427734375,-0.09765625,-0.59814453125,-0.146484375,-0.18310546875,0.1708984375,0.89111328125,0.13427734375,-0.57373046875,0.048828125,-0.146484375,-0.0732421875,-0.81787109375,-0.30517578125,0.89111328125,-0.10986328125,0,-0.146484375,-0.81787109375,0.40283203125,-1.30615234375,-0.25634765625,-0.79345703125,-0.6103515625,-1.11083984375,-0.01220703125,-0.244140625,0.48828125,-0.732421875,-0.30517578125,-0.50048828125,-0.15869140625,0.5615234375,-0.2197265625,1.40380859375,0.0244140625,0.74462890625,0.1953125,-0.048828125,-0.0732421875,0.96435546875,-0.18310546875,0.8056640625,0.634765625,0.54931640625,0.2197265625,0.537109375,0.3662109375,0.25634765625,0,1.11083984375,0.0732421875,1.318359375,-0.0244140625,0.439453125,0.146484375,0.62255859375,-0.03662109375,-0.45166015625,0.0244140625,0.6591796875,-0.18310546875,-0.48828125,-0.1953125,0.9033203125,0.01220703125,-1.13525390625,-0.62255859375,-0.59814453125,0.25634765625,-1.0986328125,-0.15869140625,-0.9033203125,-0.01220703125,-1.513671875,0.1708984375,-0.25634765625,0.28076171875,-0.390625,-0.146484375,-1.4892578125,-0.048828125,-0.69580078125,0.09765625,-0.68359375,-0.1953125,-0.634765625,0.06103515625,-0.0732421875,-0.1708984375,-0.732421875,-0.23193359375,-1.47705078125,-0.23193359375,-1.01318359375,-0.08544921875,0.28076171875,-0.01220703125,0.28076171875,0.0732421875,-0.048828125,-0.08544921875,-0.048828125,-0.10986328125,0.13427734375,-0.08544921875,-0.2685546875,-0.08544921875,0.50048828125,-0.06103515625,-0.7568359375,0.03662109375,-0.8544921875
1,0.20751953125,-0.537109375,-0.03662109375,-0.1220703125,-0.15869140625,-0.3662109375,-0.28076171875,0.03662109375,-0.1708984375,-0.1220703125,-0.1708984375,-0.9521484375,-0.1220703125,0.98876953125,-0.1220703125,-0.13427734375,-0.06103515625,-0.5859375,-0.08544921875,-0.1708984375,0.20751953125,0.91552734375,0.146484375,-0.59814453125,0.03662109375,-0.146484375,-0.048828125,-0.81787109375,-0.30517578125,0.89111328125,-0.08544921875,0,-0.1953125,-0.96435546875,0.45166015625,-1.35498046875,-0.2197265625,-0.9765625,-0.732421875,-1.18408203125,-0.048828125,-0.244140625,0.4150390625,-0.72021484375,-0.18310546875,-0.5126953125,-0.0732421875,0.5615234375,-0.244140625,1.611328125,0.1220703125,1.2939453125,0.1708984375,0.0732421875,-0.13427734375,1.0986328125,-0.20751953125,0.8056640625,0.634765625,0.54931640625,0.18310546875,0.57373046875,0.40283203125,0.2685546875,-0.0732421875,1.23291015625,0.0732421875,1.4404296875,0,0.57373046875,0.09765625,1.0009765625,0.0244140625,-0.40283203125,-0.01220703125,0.68359375,-0.08544921875,-0.4638671875,-0.28076171875,0.9521484375,-0.01220703125,-1.123046875,-0.64697265625,-0.5615234375,0.25634765625,-1.07421875,-0.09765625,-0.86669921875,0.0244140625,-1.50146484375,0.1220703125,-0.28076171875,0.32958984375,-0.4150390625,-0.06103515625,-1.47705078125,-0.0244140625,-0.7080078125,0.048828125,-0.69580078125,-0.2685546875,-0.634765625,0.03662109375,-0.06103515625,-0.1220703125,-0.74462890625,-0.1708984375,-1.50146484375,-0.23193359375,-1.025390625,-0.146484375,0.29296875,-0.03662109375,0.25634765625,0.048828125,-0.048828125,-0.06103515625,-0.03662109375,-0.1220703125,0.146484375,-0.0732421875,-0.23193359375,-0.10986328125,0.5126953125,-0.048828125,-0.74462890625,0.0244140625,-0.86669921875
1,0.29296875,-0.52490234375,-0.01220703125,-0.1220703125,-0.13427734375,-0.35400390625,-0.23193359375,0.06103515625,-0.146484375,-0.10986328125,-0.1708984375,-0.93994140625,-0.10986328125,1.01318359375,-0.10986328125,-0.13427734375,-0.0244140625,-0.59814453125,-0.0244140625,-0.18310546875,0.29296875,0.91552734375,0.146484375,-0.59814453125,0,-0.15869140625,-0.01220703125,-0.84228515625,-0.25634765625,0.8544921875,-0.048828125,0.01220703125,-0.2197265625,-1.0498046875,0.5126953125,-1.416015625,-0.1953125,-1.08642578125,-0.7080078125,-1.2451171875,-0.06103515625,-0.25634765625,0.30517578125,-0.732421875,-0.08544921875,-0.47607421875,-0.06103515625,0.537109375,-0.28076171875,1.904296875,0.1708984375,2.06298828125,0.146484375,0.28076171875,-0.18310546875,1.3427734375,-0.2197265625,0.79345703125,0.634765625,0.537109375,0.10986328125,0.57373046875,0.42724609375,0.25634765625,-0.048828125,1.57470703125,0.08544921875,1.708984375,0.0244140625,0.81787109375,0.13427734375,1.708984375,0.09765625,-0.35400390625,0.0244140625,0.59814453125,0.03662109375,-0.45166015625,-0.3173828125,0.93994140625,-0.0244140625,-1.123046875,-0.68359375,-0.54931640625,0.1708984375,-1.07421875,-0.03662109375,-0.86669921875,0,-1.513671875,0.09765625,-0.3173828125,0.390625,-0.42724609375,0.01220703125,-1.4892578125,-0.0244140625,-0.7080078125,0.01220703125,-0.67138671875,-0.23193359375,-0.6103515625,0,-0.08544921875,-0.10986328125,-0.732421875,-0.08544921875,-1.50146484375,-0.1708984375,-1.03759765625,-0.1953125,0.29296875,-0.0244140625,0.244140625,0.03662109375,-0.01220703125,-0.08544921875,-0.03662109375,-0.10986328125,0.10986328125,-0.10986328125,-0.20751953125,-0.08544921875,0.5126953125,-0.06103515625,-0.78125,0.048828125,-0.86669921875
1,0.32958984375,-0.48828125,-0.01220703125,-0.08544921875,-0.15869140625,-0.30517578125,-0.2197265625,0.09765625,-0.15869140625,-0.13427734375,-0.1708984375,-0.93994140625,-0.1220703125,0.98876953125,-0.0732421875,-0.146484375,-0.0732421875,-0.6103515625,0.03662109375,-0.18310546875,0.25634765625,0.87890625,0.15869140625,-0.5859375,-0.0732421875,-0.15869140625,-0.01220703125,-0.81787109375,-0.1953125,0.8544921875,0,0.01220703125,-0.23193359375,-1.123046875,0.5615234375,-1.42822265625,-0.13427734375,-1.15966796875,-0.67138671875,-1.28173828125,-0.01220703125,-0.244140625,0.2197265625,-0.72021484375,0,-0.47607421875,0.048828125,0.5615234375,-0.30517578125,2.28271484375,0.1708984375,3.11279296875,0.1220703125,0.50048828125,-0.2685546875,1.59912109375,-0.1953125,0.78125,0.6103515625,0.537109375,0.10986328125,0.5859375,0.42724609375,0.25634765625,-0.03662109375,2.0751953125,0.10986328125,2.18505859375,0.048828125,1.20849609375,0.08544921875,2.72216796875,0.06103515625,-0.30517578125,0.09765625,0.5615234375,0.13427734375,-0.4150390625,-0.390625,0.96435546875,-0.0244140625,-1.123046875,-0.72021484375,-0.54931640625,0.0732421875,-1.06201171875,0.0244140625,-0.8544921875,-0.0244140625,-1.52587890625,0.0732421875,-0.3173828125,0.52490234375,-0.42724609375,0.08544921875,-1.46484375,0,-0.69580078125,-0.06103515625,-0.68359375,-0.20751953125,-0.6103515625,-0.03662109375,-0.0732421875,-0.03662109375,-0.732421875,-0.0732421875,-1.4892578125,-0.146484375,-1.0498046875,-0.20751953125,0.30517578125,-0.048828125,0.23193359375,0.0732421875,0,-0.0732421875,-0.0244140625,-0.10986328125,0.10986328125,-0.146484375,-0.23193359375,-0.09765625,0.52490234375,-0.03662109375,-0.81787109375,0.048828125,-0.84228515625
1,0.3662109375,-0.4150390625,-0.0244140625,-0.01220703125,-0.1953125,-0.2685546875,-0.18310546875,0.1220703125,-0.146484375,-0.13427734375,-0.1953125,-0.9521484375,-0.1220703125,1.0009765625,-0.08544921875,-0.15869140625,-0.09765625,-0.6103515625,0.1220703125,-0.18310546875,0.244140625,0.87890625,0.1708984375,-0.57373046875,-0.09765625,-0.15869140625,0,-0.830078125,-0.09765625,0.830078125,-0.01220703125,0.01220703125,-0.2197265625,-1.123046875,0.537109375,-1.40380859375,-0.10986328125,-1.15966796875,-0.62255859375,-1.25732421875,0.0244140625,-0.2197265625,0.15869140625,-0.7080078125,0.0244140625,-0.47607421875,0.048828125,0.5615234375,-0.32958984375,2.64892578125,0.18310546875,4.2724609375,0.10986328125,0.7568359375,-0.32958984375,1.8798828125,-0.1708984375,0.7568359375,0.5615234375,0.54931640625,0.01220703125,0.5615234375,0.50048828125,0.25634765625,-0.01220703125,2.74658203125,0.0732421875,2.69775390625,0,1.7333984375,-0.01220703125,3.90625,0.048828125,-0.25634765625,0.18310546875,0.54931640625,0.20751953125,-0.3662109375,-0.47607421875,0.9521484375,0.01220703125,-1.11083984375,-0.79345703125,-0.537109375,0.03662109375,-1.0498046875,0.09765625,-0.86669921875,-0.08544921875,-1.50146484375,0.048828125,-0.32958984375,0.62255859375,-0.40283203125,0.10986328125,-1.46484375,0,-0.72021484375,-0.08544921875,-0.67138671875,-0.18310546875,-0.6103515625,-0.06103515625,-0.06103515625,-0.03662109375,-0.74462890625,-0.03662109375,-1.47705078125,-0.06103515625,-1.025390625,-0.244140625,0.30517578125,-0.0244140625,0.25634765625,0.06103515625,0,-0.0732421875,0,-0.09765625,0.146484375,-0.15869140625,-0.2685546875,-0.0732421875,0.5126953125,-0.03662109375,-0.8544921875,0.01220703125,-0.830078125
1,0.3662109375,-0.32958984375,-0.048828125,0.03662109375,-0.20751953125,-0.2197265625,-0.1953125,0.18310546875,-0.18310546875,-0.13427734375,-0.18310546875,-0.93994140625,-0.146484375,1.01318359375,-0.08544921875,-0.15869140625,-0.1220703125,-0.5859375,0.146484375,-0.1953125,0.28076171875,0.8544921875,0.10986328125,-0.57373046875,-0.1220703125,-0.146484375,0,-0.81787109375,-0.01220703125,0.830078125,-0.03662109375,0.0244140625,-0.13427734375,-1.06201171875,0.47607421875,-1.35498046875,-0.08544921875,-1.08642578125,-0.6103515625,-1.2451171875,0.03662109375,-0.2197265625,0.09765625,-0.7080078125,0.0244140625,-0.48828125,0.0244140625,0.5859375,-0.3662109375,3.01513671875,0.28076171875,5.419921875,0.10986328125,1.025390625,-0.35400390625,2.1728515625,-0.1220703125,0.732421875,0.47607421875,0.537109375,-0.06103515625,0.537109375,0.5615234375,0.244140625,-0.01220703125,3.4912109375,-0.03662109375,3.2958984375,-0.0732421875,2.294921875,-0.0244140625,5.23681640625,-0.048828125,-0.18310546875,0.08544921875,0.537109375,0.20751953125,-0.30517578125,-0.47607421875,0.98876953125,0.048828125,-1.11083984375,-0.79345703125,-0.52490234375,0.0244140625,-1.07421875,0.146484375,-0.830078125,-0.146484375,-1.513671875,0.0244140625,-0.32958984375,0.67138671875,-0.3662109375,0.09765625,-1.45263671875,-0.01220703125,-0.732421875,-0.08544921875,-0.6591796875,-0.13427734375,-0.6103515625,-0.06103515625,-0.0732421875,-0.0244140625,-0.732421875,-0.01220703125,-1.47705078125,-0.01220703125,-1.025390625,-0.28076171875,0.3173828125,-0.03662109375,0.29296875,0.06103515625,0.0244140625,-0.09765625,0.0244140625,-0.08544921875,0.15869140625,-0.15869140625,-0.30517578125,-0.09765625,0.50048828125,0.01220703125,-0.86669921875,0.01220703125,-0.830078125
1,0.3173828125,-0.30517578125,-0.03662109375,0.048828125,-0.2197265625,-0.20751953125,-0.1708984375,0.18310546875,-0.18310546875,-0.15869140625,-0.1708984375,-0.93994140625,-0.20751953125,1.025390625,-0.048828125,-0.15869140625,-0.13427734375,-0.59814453125,0.1220703125,-0.18310546875,0.244140625,0.84228515625,0.03662109375,-0.57373046875,-0.15869140625,-0.15869140625,-0.01220703125,-0.830078125,0.08544921875,0.81787109375,-0.048828125,0.0244140625,-0.08544921875,-0.927734375,0.42724609375,-1.25732421875,-0.03662109375,-0.98876953125,-0.5615234375,-1.15966796875,0.03662109375,-0.23193359375,0.048828125,-0.72021484375,-0.01220703125,-0.5126953125,0.03662109375,0.6103515625,-0.3173828125,3.33251953125,0.29296875,6.50634765625,0.1220703125,1.25732421875,-0.390625,2.44140625,-0.08544921875,0.732421875,0.439453125,0.5615234375,-0.146484375,0.48828125,0.6103515625,0.23193359375,0.0244140625,4.2724609375,-0.08544921875,3.90625,-0.15869140625,2.86865234375,0.146484375,6.53076171875,-0.06103515625,-0.0732421875,0.1220703125,0.59814453125,0.2197265625,-0.244140625,-0.3662109375,1.025390625,0.06103515625,-1.123046875,-0.81787109375,-0.537109375,0.01220703125,-1.08642578125,0.0732421875,-0.830078125,-0.2197265625,-1.513671875,-0.01220703125,-0.32958984375,0.72021484375,-0.3662109375,0.048828125,-1.46484375,0,-0.732421875,-0.09765625,-0.6591796875,-0.09765625,-0.634765625,-0.048828125,-0.0732421875,0.06103515625,-0.74462890625,-0.01220703125,-1.46484375,0.0732421875,-1.03759765625,-0.29296875,0.32958984375,-0.03662109375,0.30517578125,0.06103515625,0.01220703125,-0.0732421875,0.0244140625,-0.08544921875,0.15869140625,-0.15869140625,-0.35400390625,-0.09765625,0.50048828125,0.048828125,-0.87890625,-0.03662109375,-0.81787109375
1,0.40283203125,-0.28076171875,-0.0732421875,0.03662109375,-0.18310546875,-0.2197265625,-0.13427734375,0.1708984375,-0.20751953125,-0.18310546875,-0.1708984375,-0.93994140625,-0.2197265625,1.025390625,-0.048828125,-0.1708984375,-0.15869140625,-0.5859375,0.1220703125,-0.1953125,0.23193359375,0.8544921875,-0.01220703125,-0.54931640625,-0.146484375,-0.146484375,-0.048828125,-0.79345703125,0.146484375,0.8056640625,-0.0732421875,0.0244140625,-0.03662109375,-0.78125,0.341796875,-1.1962890625,0,-0.8544921875,-0.537109375,-1.06201171875,0.0732421875,-0.23193359375,0.08544921875,-0.69580078125,-0.0732421875,-0.50048828125,-0.03662109375,0.62255859375,-0.244140625,3.5888671875,0.15869140625,7.3486328125,0.1220703125,1.42822265625,-0.35400390625,2.67333984375,0,0.732421875,0.42724609375,0.54931640625,-0.20751953125,0.4638671875,0.6103515625,0.244140625,0.06103515625,4.98046875,-0.09765625,4.40673828125,-0.25634765625,3.3935546875,0.10986328125,7.67822265625,-0.244140625,-0.01220703125,0,0.68359375,0.0732421875,-0.1708984375,-0.37841796875,1.11083984375,0.0732421875,-1.0986328125,-0.7568359375,-0.52490234375,0.01220703125,-1.0986328125,0.06103515625,-0.830078125,-0.244140625,-1.50146484375,-0.048828125,-0.29296875,0.6591796875,-0.341796875,-0.0244140625,-1.4892578125,0,-0.74462890625,-0.08544921875,-0.67138671875,-0.0244140625,-0.634765625,-0.048828125,-0.0732421875,0.08544921875,-0.7568359375,0.0244140625,-1.45263671875,0.09765625,-1.03759765625,-0.2685546875,0.35400390625,-0.06103515625,0.32958984375,0.09765625,0,-0.0732421875,0.01220703125,-0.0732421875,0.1708984375,-0.13427734375,-0.37841796875,-0.10986328125,0.47607421875,0.0244140625,-0.89111328125,-0.048828125,-0.830078125
1,0.50048828125,-0.244140625,-0.03662109375,0.01220703125,-0.1220703125,-0.2685546875,-0.1220703125,0.13427734375,-0.2197265625,-0.15869140625,-0.1708984375,-0.93994140625,-0.2197265625,1.025390625,-0.048828125,-0.1708984375,-0.18310546875,-0.59814453125,0.09765625,-0.1953125,0.20751953125,0.8544921875,-0.0732421875,-0.54931640625,-0.1708984375,-0.1708984375,-0.06103515625,-0.81787109375,0.20751953125,0.81787109375,-0.10986328125,0.0244140625,-0.06103515625,-0.62255859375,0.29296875,-1.11083984375,0.0732421875,-0.72021484375,-0.48828125,-0.9521484375,0.09765625,-0.2197265625,0.09765625,-0.68359375,-0.10986328125,-0.5126953125,-0.08544921875,0.64697265625,-0.13427734375,3.74755859375,0.048828125,7.92236328125,0.1220703125,1.5380859375,-0.341796875,2.783203125,0.08544921875,0.732421875,0.40283203125,0.54931640625,-0.25634765625,0.4150390625,0.5859375,0.23193359375,0.10986328125,5.5908203125,-0.08544921875,4.8095703125,-0.32958984375,3.80859375,0.2197265625,8.58154296875,-0.32958984375,0.0732421875,-0.03662109375,0.7568359375,0.06103515625,-0.09765625,-0.244140625,1.15966796875,0.06103515625,-1.0986328125,-0.69580078125,-0.5126953125,0,-1.11083984375,0,-0.81787109375,-0.23193359375,-1.50146484375,-0.08544921875,-0.29296875,0.5859375,-0.3662109375,-0.0732421875,-1.513671875,0.0244140625,-0.74462890625,-0.0732421875,-0.6591796875,0.048828125,-0.64697265625,-0.0244140625,-0.06103515625,0.146484375,-0.7568359375,0.0244140625,-1.45263671875,0.15869140625,-1.03759765625,-0.29296875,0.341796875,-0.06103515625,0.32958984375,0.09765625,0,-0.06103515625,0,-0.06103515625,0.1708984375,-0.13427734375,-0.37841796875,-0.10986328125,0.48828125,0.01220703125,-0.86669921875,-0.048828125,-0.830078125
1,0.439453125,-0.23193359375,-0.0244140625,-0.06103515625,-0.1220703125,-0.28076171875,-0.1220703125,0.0732421875,-0.244140625,-0.15869140625,-0.146484375,-0.9521484375,-0.20751953125,1.01318359375,-0.0732421875,-0.1708984375,-0.20751953125,-0.6103515625,0.08544921875,-0.1953125,0.1220703125,0.86669921875,-0.048828125,-0.54931640625,-0.1708984375,-0.15869140625,-0.0732421875,-0.79345703125,0.2197265625,0.84228515625,-0.10986328125,0.0244140625,-0.08544921875,-0.48828125,0.28076171875,-1.025390625,0.03662109375,-0.5859375,-0.45166015625,-0.86669921875,0.15869140625,-0.20751953125,0.06103515625,-0.7080078125,-0.15869140625,-0.5126953125,-0.1220703125,0.6591796875,-0.01220703125,3.77197265625,-0.048828125,8.14208984375,0.146484375,1.55029296875,-0.32958984375,2.81982421875,0.09765625,0.74462890625,0.3662109375,0.5615234375,-0.29296875,0.40283203125,0.5615234375,0.23193359375,0.18310546875,6.01806640625,-0.13427734375,5.06591796875,-0.42724609375,4.06494140625,0.18310546875,9.16748046875,-0.20751953125,0.146484375,0.06103515625,0.86669921875,0.048828125,-0.03662109375,-0.09765625,1.25732421875,0.08544921875,-1.07421875,-0.634765625,-0.50048828125,-0.01220703125,-1.11083984375,-0.0244140625,-0.830078125,-0.23193359375,-1.513671875,-0.09765625,-0.28076171875,0.537109375,-0.341796875,-0.10986328125,-1.52587890625,0.0244140625,-0.732421875,-0.08544921875,-0.68359375,0.13427734375,-0.6591796875,0,-0.06103515625,0.146484375,-0.732421875,-0.01220703125,-1.46484375,0.1708984375,-1.01318359375,-0.23193359375,0.35400390625,-0.0732421875,0.3173828125,0.09765625,-0.0244140625,-0.06103515625,-0.048828125,-0.06103515625,0.1708984375,-0.146484375,-0.37841796875,-0.146484375,0.47607421875,-0.03662109375,-0.8544921875,-0.0732421875,-0.81787109375
1,0.47607421875,-0.1708984375,0.01220703125,-0.13427734375,-0.09765625,-0.32958984375,-0.10986328125,0.048828125,-0.23193359375,-0.15869140625,-0.146484375,-0.96435546875,-0.20751953125,1.01318359375,-0.09765625,-0.18310546875,-0.1953125,-0.62255859375,0.0732421875,-0.1953125,0.03662109375,0.87890625,-0.03662109375,-0.5615234375,-0.18310546875,-0.1708984375,-0.10986328125,-0.79345703125,0.2685546875,0.86669921875,-0.08544921875,0.048828125,-0.06103515625,-0.3662109375,0.28076171875,-0.98876953125,0,-0.52490234375,-0.37841796875,-0.76904296875,0.18310546875,-0.20751953125,0.03662109375,-0.7080078125,-0.18310546875,-0.50048828125,-0.18310546875,0.67138671875,0.09765625,3.69873046875,-0.1220703125,8.02001953125,0.20751953125,1.50146484375,-0.2197265625,2.7587890625,0.08544921875,0.78125,0.35400390625,0.5615234375,-0.30517578125,0.40283203125,0.48828125,0.25634765625,0.2197265625,6.25,-0.146484375,5.17578125,-0.48828125,4.1748046875,0.10986328125,9.38720703125,-0.3173828125,0.20751953125,-0.08544921875,0.93994140625,-0.03662109375,0,-0.048828125,1.35498046875,0.08544921875,-1.0986328125,-0.69580078125,-0.48828125,-0.03662109375,-1.123046875,-0.03662109375,-0.830078125,-0.1953125,-1.513671875,-0.13427734375,-0.2685546875,0.4638671875,-0.35400390625,-0.13427734375,-1.5380859375,0.03662109375,-0.732421875,-0.08544921875,-0.67138671875,0.1708984375,-0.634765625,0.03662109375,-0.06103515625,0.09765625,-0.72021484375,0,-1.46484375,0.13427734375,-1.01318359375,-0.1953125,0.32958984375,-0.09765625,0.3173828125,0.08544921875,-0.03662109375,-0.0732421875,-0.06103515625,-0.03662109375,0.15869140625,-0.1220703125,-0.341796875,-0.1220703125,0.48828125,-0.01220703125,-0.8544921875,-0.06103515625,-0.84228515625
1,0.45166015625,-0.048828125,0.0244140625,-0.13427734375,-0.08544921875,-0.32958984375,-0.09765625,0.048828125,-0.2197265625,-0.13427734375,-0.13427734375,-0.9521484375,-0.18310546875,1.01318359375,-0.09765625,-0.18310546875,-0.20751953125,-0.62255859375,0.06103515625,-0.20751953125,-0.0244140625,0.89111328125,0,-0.57373046875,-0.2197265625,-0.146484375,-0.10986328125,-0.79345703125,0.30517578125,0.8544921875,-0.0732421875,0.0244140625,-0.1220703125,-0.30517578125,0.20751953125,-0.9765625,-0.10986328125,-0.48828125,-0.439453125,-0.7080078125,0.1708984375,-0.2197265625,-0.03662109375,-0.69580078125,-0.2197265625,-0.47607421875,-0.1953125,0.68359375,0.146484375,3.55224609375,-0.1708984375,7.60498046875,0.23193359375,1.37939453125,-0.15869140625,2.62451171875,0.09765625,0.78125,0.3173828125,0.52490234375,-0.32958984375,0.4150390625,0.4638671875,0.25634765625,0.2197265625,6.2744140625,-0.1708984375,5.126953125,-0.47607421875,4.1259765625,0.06103515625,9.3017578125,-0.28076171875,0.25634765625,-0.09765625,1.0009765625,-0.03662109375,0.048828125,0.0732421875,1.45263671875,0.10986328125,-1.0986328125,-0.62255859375,-0.50048828125,-0.10986328125,-1.123046875,-0.048828125,-0.84228515625,-0.15869140625,-1.52587890625,-0.146484375,-0.244140625,0.35400390625,-0.37841796875,-0.09765625,-1.5625,0.03662109375,-0.732421875,-0.08544921875,-0.68359375,0.1708984375,-0.634765625,0.0732421875,-0.0732421875,0.06103515625,-0.7080078125,-0.03662109375,-1.4404296875,0.0732421875,-1.025390625,-0.1708984375,0.32958984375,-0.10986328125,0.28076171875,0.08544921875,-0.03662109375,-0.08544921875,-0.08544921875,-0.048828125,0.146484375,-0.1220703125,-0.30517578125,-0.09765625,0.47607421875,0.01220703125,-0.84228515625,-0.0732421875,-0.830078125
0,0.47607421875,0.244140625,-0.0244140625,-0.0732421875,-0.08544921875,-0.244140625,-0.0732421875,0.13427734375,-0.2197265625,-0.13427734375,-0.10986328125,-0.96435546875,-0.1708984375,0.98876953125,-0.13427734375,-0.1708984375,-0.1953125,-0.6103515625,0.08544921875,-0.1953125,-0.06103515625,0.91552734375,0.06103515625,-0.59814453125,-0.20751953125,-0.18310546875,-0.0732421875,-0.8056640625,0.30517578125,0.8544921875,-0.0732421875,0.01220703125,-0.146484375,-0.3173828125,0.1953125,-0.9765625,-0.2685546875,-0.5126953125,-0.52490234375,-0.68359375,0.10986328125,-0.23193359375,-0.10986328125,-0.7080078125,-0.25634765625,-0.4638671875,-0.20751953125,0.68359375,0.20751953125,3.3203125,-0.23193359375,6.9580078125,0.2685546875,1.20849609375,-0.10986328125,2.45361328125,0.0244140625,0.79345703125,0.341796875,0.537109375,-0.29296875,0.45166015625,0.390625,0.244140625,0.25634765625,6.11572265625,-0.1953125,4.8828125,-0.45166015625,3.94287109375,-0.0244140625,8.89892578125,-0.1708984375,0.3173828125,-0.0244140625,1.0498046875,-0.048828125,0.1220703125,0.13427734375,1.5380859375,0.146484375,-1.11083984375,-0.6103515625,-0.5126953125,-0.1953125,-1.11083984375,-0.048828125,-0.830078125,-0.13427734375,-1.52587890625,-0.146484375,-0.23193359375,0.244140625,-0.390625,-0.1220703125,-1.57470703125,0.03662109375,-0.74462890625,-0.0732421875,-0.68359375,0.1220703125,-0.6103515625,0.0732421875,-0.0732421875,0.048828125,-0.732421875,-0.0732421875,-1.4404296875,0,-1.03759765625,-0.1220703125,0.3173828125,-0.1220703125,0.28076171875,0.08544921875,-0.048828125,-0.08544921875,-0.13427734375,-0.03662109375,0.13427734375,-0.10986328125,-0.244140625,-0.146484375,0.47607421875,-0.0244140625,-0.830078125,-0.0732421875,-0.84228515625
0,0.4150390625,0.67138671875,-0.03662109375,0.10986328125,-0.0244140625,-0.09765625,-0.03662109375,0.3173828125,-0.1953125,-0.10986328125,-0.10986328125,-0.9521484375,-0.15869140625,0.9765625,-0.13427734375,-0.146484375,-0.20751953125,-0.59814453125,0.08544921875,-0.20751953125,-0.06103515625,0.91552734375,0.08544921875,-0.59814453125,-0.23193359375,-0.15869140625,-0.06103515625,-0.8056640625,0.30517578125,0.8544921875,-0.048828125,0.01220703125,-0.06103515625,-0.35400390625,0.1953125,-1.0009765625,-0.2685546875,-0.57373046875,-0.48828125,-0.69580078125,0.048828125,-0.25634765625,-0.146484375,-0.69580078125,-0.32958984375,-0.4638671875,-0.09765625,0.68359375,0.20751953125,3.08837890625,-0.244140625,6.1767578125,0.28076171875,1.03759765625,-0.048828125,2.197265625,-0.0244140625,0.78125,0.341796875,0.54931640625,-0.23193359375,0.48828125,0.3173828125,0.244140625,0.2197265625,5.77392578125,-0.20751953125,4.5654296875,-0.390625,3.62548828125,-0.08544921875,8.251953125,-0.18310546875,0.390625,-0.06103515625,1.07421875,0.01220703125,0.20751953125,0.146484375,1.66015625,0.15869140625,-1.11083984375,-0.54931640625,-0.5126953125,-0.3173828125,-1.0986328125,-0.0732421875,-0.86669921875,-0.09765625,-1.52587890625,-0.146484375,-0.23193359375,0.10986328125,-0.42724609375,-0.18310546875,-1.57470703125,0.0732421875,-0.72021484375,-0.03662109375,-0.69580078125,0.048828125,-0.6103515625,0.10986328125,-0.0732421875,0.0244140625,-0.72021484375,-0.10986328125,-1.4404296875,-0.06103515625,-1.01318359375,-0.1220703125,0.30517578125,-0.10986328125,0.29296875,0.08544921875,-0.06103515625,-0.06103515625,-0.10986328125,-0.01220703125,0.10986328125,-0.09765625,-0.20751953125,-0.1220703125,0.50048828125,0.01220703125,-0.830078125,-0.048828125,-0.8544921875
0,0.4150390625,1.3427734375,0,0.37841796875,-0.01220703125,0.1220703125,-0.03662109375,0.6103515625,-0.1953125,-0.1220703125,-0.09765625,-0.9521484375,-0.15869140625,0.9765625,-0.10986328125,-0.13427734375,-0.25634765625,-0.59814453125,0.0732421875,-0.20751953125,-0.0244140625,0.9033203125,0.08544921875,-0.5859375,-0.25634765625,-0.15869140625,-0.01220703125,-0.81787109375,0.23193359375,0.8544921875,-0.048828125,0.01220703125,-0.09765625,-0.390625,0.146484375,-1.025390625,-0.37841796875,-0.634765625,-0.64697265625,-0.69580078125,-0.06103515625,-0.2685546875,-0.146484375,-0.69580078125,-0.3173828125,-0.42724609375,-0.08544921875,0.68359375,0.23193359375,2.79541015625,-0.28076171875,5.2978515625,0.30517578125,0.81787109375,-0.01220703125,1.953125,-0.0732421875,0.78125,0.3662109375,0.52490234375,-0.20751953125,0.537109375,0.25634765625,0.23193359375,0.1953125,5.2978515625,-0.1953125,4.18701171875,-0.30517578125,3.23486328125,-0.15869140625,7.40966796875,-0.09765625,0.52490234375,0.048828125,1.0986328125,0.15869140625,0.29296875,0.1708984375,1.7822265625,0.1953125,-1.13525390625,-0.48828125,-0.48828125,-0.40283203125,-1.08642578125,-0.09765625,-0.87890625,-0.048828125,-1.513671875,-0.146484375,-0.23193359375,-0.01220703125,-0.42724609375,-0.2197265625,-1.55029296875,0.08544921875,-0.732421875,0,-0.68359375,0.0244140625,-0.59814453125,0.1220703125,-0.08544921875,0.06103515625,-0.74462890625,-0.09765625,-1.46484375,-0.06103515625,-1.01318359375,-0.13427734375,0.30517578125,-0.13427734375,0.28076171875,0.09765625,-0.048828125,-0.0732421875,-0.06103515625,-0.01220703125,0.1220703125,-0.146484375,-0.18310546875,-0.09765625,0.50048828125,0.0244140625,-0.8056640625,-0.09765625,-0.84228515625
0,0.28076171875,2.13623046875,-0.0244140625,0.78125,0.01220703125,0.45166015625,-0.0244140625,0.9521484375,-0.15869140625,-0.1220703125,-0.09765625,-0.927734375,-0.146484375,0.9765625,-0.09765625,-0.10986328125,-0.23193359375,-0.59814453125,0.08544921875,-0.20751953125,-0.01220703125,0.86669921875,0.048828125,-0.6103515625,-0.25634765625,-0.1708984375,0.0244140625,-0.81787109375,0.13427734375,0.8544921875,0,0,-0.18310546875,-0.4150390625,0.13427734375,-1.025390625,-0.439453125,-0.67138671875,-0.67138671875,-0.69580078125,-0.1953125,-0.25634765625,-0.09765625,-0.69580078125,-0.37841796875,-0.42724609375,-0.01220703125,0.67138671875,0.244140625,2.5146484375,-0.2685546875,4.45556640625,0.29296875,0.634765625,0.06103515625,1.708984375,-0.20751953125,0.74462890625,0.3662109375,0.537109375,-0.1953125,0.57373046875,0.1953125,0.23193359375,0.1220703125,4.736328125,-0.20751953125,3.72314453125,-0.23193359375,2.8076171875,-0.244140625,6.4453125,-0.1708984375,0.68359375,0.13427734375,1.171875,0.1953125,0.439453125,0.06103515625,1.89208984375,0.2197265625,-1.123046875,-0.42724609375,-0.40283203125,-0.537109375,-1.0498046875,-0.10986328125,-0.89111328125,-0.03662109375,-1.55029296875,-0.13427734375,-0.244140625,-0.10986328125,-0.4150390625,-0.2197265625,-1.513671875,0.06103515625,-0.732421875,0.0244140625,-0.68359375,-0.0244140625,-0.59814453125,0.0732421875,-0.08544921875,0.10986328125,-0.7568359375,-0.09765625,-1.47705078125,-0.06103515625,-1.025390625,-0.1220703125,0.30517578125,-0.146484375,0.29296875,0.08544921875,-0.048828125,-0.06103515625,-0.03662109375,-0.0244140625,0.09765625,-0.146484375,-0.18310546875,-0.0732421875,0.48828125,0.03662109375,-0.79345703125,-0.0732421875,-0.830078125
0,0.32958984375,3.06396484375,-0.048828125,1.1962890625,-0.03662109375,0.8056640625,-0.03662109375,1.3671875,-0.146484375,-0.10986328125,-0.09765625,-0.927734375,-0.18310546875,1.0009765625,-0.08544921875,-0.13427734375,-0.1953125,-0.6103515625,0.10986328125,-0.2197265625,0.048828125,0.8544921875,0.01220703125,-0.59814453125,-0.29296875,-0.15869140625,0.03662109375,-0.81787109375,0.01220703125,0.830078125,0.06103515625,0,-0.2197265625,-0.3662109375,0.0732421875,-0.96435546875,-0.40283203125,-0.64697265625,-0.62255859375,-0.64697265625,-0.23193359375,-0.25634765625,-0.0732421875,-0.7080078125,-0.390625,-0.439453125,0.13427734375,0.6591796875,0.1953125,2.24609375,-0.23193359375,3.7353515625,0.244140625,0.45166015625,0.13427734375,1.4892578125,-0.25634765625,0.74462890625,0.32958984375,0.54931640625,-0.1953125,0.62255859375,0.10986328125,0.2197265625,0.03662109375,4.08935546875,-0.20751953125,3.28369140625,-0.1708984375,2.34375,-0.29296875,5.46875,-0.3173828125,0.8544921875,0.146484375,1.2451171875,0.28076171875,0.59814453125,-0.03662109375,2.0751953125,0.1953125,-1.08642578125,-0.341796875,-0.244140625,-0.59814453125,-1.03759765625,-0.13427734375,-0.8544921875,-0.048828125,-1.5380859375,-0.146484375,-0.25634765625,-0.2197265625,-0.40283203125,-0.18310546875,-1.50146484375,0.03662109375,-0.74462890625,0.048828125,-0.67138671875,-0.01220703125,-0.5859375,0.0244140625,-0.08544921875,0.10986328125,-0.76904296875,-0.08544921875,-1.47705078125,-0.08544921875,-0.98876953125,-0.13427734375,0.30517578125,-0.1220703125,0.3173828125,0.09765625,-0.03662109375,-0.06103515625,0,0.01220703125,0.146484375,-0.18310546875,-0.1708984375,-0.06103515625,0.5126953125,0.048828125,-0.78125,-0.08544921875,-0.8056640625
0,0.35400390625,4.04052734375,-0.0244140625,1.6357421875,-0.06103515625,1.20849609375,-0.01220703125,1.81884765625,-0.13427734375,-0.13427734375,-0.09765625,-0.927734375,-0.1953125,1.03759765625,-0.06103515625,-0.13427734375,-0.18310546875,-0.5859375,0.09765625,-0.20751953125,0.09765625,0.830078125,0,-0.5615234375,-0.30517578125,-0.15869140625,0.06103515625,-0.8056640625,-0.1220703125,0.84228515625,0.08544921875,0,-0.30517578125,-0.32958984375,-0.01220703125,-0.86669921875,-0.42724609375,-0.57373046875,-0.6103515625,-0.54931640625,-0.25634765625,-0.2197265625,-0.0732421875,-0.7080078125,-0.40283203125,-0.47607421875,0.23193359375,0.64697265625,0.1708984375,2.0263671875,-0.18310546875,3.08837890625,0.25634765625,0.32958984375,0.15869140625,1.318359375,-0.28076171875,0.732421875,0.3173828125,0.54931640625,-0.15869140625,0.634765625,0.0732421875,0.2197265625,0.01220703125,3.47900390625,-0.244140625,2.83203125,-0.13427734375,1.904296875,-0.30517578125,4.50439453125,-0.37841796875,1.06201171875,0.1953125,1.37939453125,0.28076171875,0.7568359375,-0.08544921875,2.2216796875,0.20751953125,-1.0498046875,-0.32958984375,0.01220703125,-0.57373046875,-1.01318359375,-0.09765625,-0.830078125,-0.08544921875,-1.55029296875,-0.146484375,-0.244140625,-0.30517578125,-0.35400390625,-0.10986328125,-1.47705078125,-0.01220703125,-0.7568359375,0.06103515625,-0.69580078125,-0.01220703125,-0.59814453125,-0.03662109375,-0.0732421875,0.09765625,-0.7568359375,-0.06103515625,-1.46484375,-0.09765625,-0.9765625,-0.15869140625,0.3173828125,-0.146484375,0.341796875,0.10986328125,-0.01220703125,-0.08544921875,0.01220703125,0.01220703125,0.15869140625,-0.1953125,-0.1708984375,-0.08544921875,0.537109375,0.03662109375,-0.732421875,-0.10986328125,-0.76904296875
0,0.37841796875,4.99267578125,-0.0244140625,2.06298828125,-0.06103515625,1.5869140625,0.01220703125,2.197265625,-0.1220703125,-0.1220703125,-0.0732421875,-0.93994140625,-0.20751953125,1.0498046875,-0.048828125,-0.15869140625,-0.1220703125,-0.6103515625,0.08544921875,-0.20751953125,0.09765625,0.830078125,-0.048828125,-0.59814453125,-0.30517578125,-0.1953125,0.06103515625,-0.81787109375,-0.1953125,0.830078125,0.09765625,-0.0244140625,-0.3173828125,-0.146484375,-0.0732421875,-0.732421875,-0.390625,-0.439453125,-0.57373046875,-0.4150390625,-0.244140625,-0.20751953125,-0.03662109375,-0.69580078125,-0.40283203125,-0.47607421875,0.29296875,0.634765625,0.1220703125,1.79443359375,-0.1708984375,2.57568359375,0.244140625,0.23193359375,0.1708984375,1.171875,-0.29296875,0.732421875,0.30517578125,0.52490234375,-0.1220703125,0.6591796875,0.0244140625,0.2197265625,-0.0244140625,2.86865234375,-0.2685546875,2.42919921875,-0.15869140625,1.52587890625,-0.28076171875,3.6376953125,-0.45166015625,1.220703125,0.1708984375,1.47705078125,0.25634765625,0.927734375,-0.0732421875,2.392578125,0.1953125,-0.9521484375,-0.25634765625,0.439453125,-0.54931640625,-0.96435546875,-0.06103515625,-0.76904296875,-0.146484375,-1.5380859375,-0.146484375,-0.2685546875,-0.4150390625,-0.32958984375,-0.0244140625,-1.46484375,-0.0244140625,-0.7568359375,0.08544921875,-0.6591796875,-0.01220703125,-0.62255859375,-0.0732421875,-0.06103515625,0.03662109375,-0.78125,-0.0732421875,-1.46484375,-0.1220703125,-1.0009765625,-0.1708984375,0.32958984375,-0.146484375,0.341796875,0.08544921875,-0.03662109375,-0.0732421875,0.048828125,0.048828125,0.15869140625,-0.23193359375,-0.18310546875,-0.1220703125,0.59814453125,0.048828125,-0.69580078125,-0.09765625,-0.69580078125
0,0.23193359375,5.79833984375,-0.0244140625,2.4169921875,-0.048828125,1.904296875,-0.01220703125,2.52685546875,-0.10986328125,-0.1220703125,-0.0732421875,-0.91552734375,-0.244140625,1.0498046875,-0.03662109375,-0.146484375,-0.1220703125,-0.59814453125,0.06103515625,-0.20751953125,0.0732421875,0.8056640625,-0.048828125,-0.5615234375,-0.29296875,-0.15869140625,0.048828125,-0.81787109375,-0.25634765625,0.81787109375,0.0732421875,-0.0244140625,-0.3173828125,0.0732421875,-0.10986328125,-0.5615234375,-0.29296875,-0.2685546875,-0.50048828125,-0.23193359375,-0.1708984375,-0.1708984375,-0.048828125,-0.69580078125,-0.37841796875,-0.48828125,0.30517578125,0.634765625,0.0732421875,1.62353515625,-0.15869140625,2.16064453125,0.2197265625,0.1220703125,0.18310546875,1.06201171875,-0.2685546875,0.732421875,0.2197265625,0.537109375,-0.048828125,0.6591796875,-0.048828125,0.2197265625,-0.03662109375,2.30712890625,-0.20751953125,2.0751953125,-0.1708984375,1.15966796875,-0.20751953125,2.9052734375,-0.4150390625,1.37939453125,0.18310546875,1.57470703125,0.15869140625,1.01318359375,-0.0732421875,2.50244140625,0.1708984375,-0.89111328125,-0.20751953125,0.9521484375,-0.42724609375,-0.93994140625,-0.048828125,-0.69580078125,-0.15869140625,-1.55029296875,-0.15869140625,-0.29296875,-0.48828125,-0.341796875,0.048828125,-1.4404296875,-0.0732421875,-0.7568359375,0.10986328125,-0.6591796875,-0.06103515625,-0.634765625,-0.10986328125,-0.06103515625,-0.048828125,-0.7568359375,-0.048828125,-1.47705078125,-0.1220703125,-0.98876953125,-0.1708984375,0.341796875,-0.13427734375,0.35400390625,0.09765625,-0.048828125,-0.0732421875,0.048828125,0.06103515625,0.15869140625,-0.23193359375,-0.1708984375,-0.1220703125,0.62255859375,0.03662109375,-0.64697265625,-0.09765625,-0.634765625
0,0.23193359375,6.40869140625,-0.01220703125,2.685546875,-0.01220703125,2.11181640625,0.0244140625,2.783203125,-0.1220703125,-0.1220703125,-0.0732421875,-0.93994140625,-0.244140625,1.03759765625,-0.0244140625,-0.1708984375,-0.10986328125,-0.6103515625,0.0244140625,-0.1953125,-0.01220703125,0.81787109375,-0.13427734375,-0.54931640625,-0.30517578125,-0.146484375,0.03662109375,-0.78125,-0.23193359375,0.830078125,0.0244140625,-0.01220703125,-0.32958984375,0.28076171875,-0.09765625,-0.390625,-0.25634765625,-0.0732421875,-0.4638671875,-0.048828125,-0.06103515625,-0.15869140625,-0.03662109375,-0.69580078125,-0.32958984375,-0.50048828125,0.32958984375,0.59814453125,0.048828125,1.46484375,-0.15869140625,1.77001953125,0.13427734375,0.03662109375,0.15869140625,0.9521484375,-0.244140625,0.732421875,0.1708984375,0.537109375,-0.06103515625,0.64697265625,-0.048828125,0.20751953125,0,1.806640625,-0.09765625,1.7822265625,-0.18310546875,0.86669921875,-0.146484375,2.28271484375,-0.341796875,1.47705078125,0.20751953125,1.62353515625,0.06103515625,1.07421875,-0.048828125,2.57568359375,0.10986328125,-0.76904296875,-0.25634765625,1.5625,-0.35400390625,-0.86669921875,-0.048828125,-0.5615234375,-0.18310546875,-1.5380859375,-0.1953125,-0.28076171875,-0.5615234375,-0.35400390625,0.0732421875,-1.4404296875,-0.0732421875,-0.74462890625,0.10986328125,-0.64697265625,-0.08544921875,-0.634765625,-0.10986328125,-0.06103515625,-0.06103515625,-0.7568359375,-0.08544921875,-1.4892578125,-0.08544921875,-1.01318359375,-0.18310546875,0.3173828125,-0.146484375,0.35400390625,0.08544921875,-0.048828125,-0.08544921875,0.03662109375,0.06103515625,0.1708984375,-0.2197265625,-0.1708984375,-0.15869140625,0.68359375,0.03662109375,-0.634765625,-0.08544921875,-0.59814453125
0,0.2197265625,6.77490234375,-0.048828125,2.8076171875,0.01220703125,2.23388671875,0.01220703125,2.9052734375,-0.146484375,-0.146484375,-0.06103515625,-0.9521484375,-0.25634765625,1.03759765625,-0.048828125,-0.1953125,-0.09765625,-0.6103515625,-0.01220703125,-0.20751953125,-0.18310546875,0.8544921875,-0.2197265625,-0.57373046875,-0.3173828125,-0.146484375,0.0244140625,-0.78125,-0.1953125,0.84228515625,-0.048828125,-0.01220703125,-0.28076171875,0.537109375,-0.048828125,-0.2197265625,-0.1708984375,0.09765625,-0.390625,0.15869140625,0.08544921875,-0.146484375,-0.0244140625,-0.69580078125,-0.2685546875,-0.50048828125,0.30517578125,0.6103515625,0.06103515625,1.3427734375,-0.1708984375,1.4404296875,0.06103515625,-0.048828125,0.146484375,0.86669921875,-0.2197265625,0.7568359375,0.09765625,0.537109375,-0.03662109375,0.6103515625,-0.09765625,0.20751953125,0,1.3671875,-0.0244140625,1.5625,-0.20751953125,0.6103515625,-0.03662109375,1.77001953125,-0.20751953125,1.50146484375,0.15869140625,1.6357421875,-0.048828125,1.0498046875,-0.01220703125,2.57568359375,0.06103515625,-0.5859375,-0.244140625,2.30712890625,-0.30517578125,-0.76904296875,-0.03662109375,-0.40283203125,-0.18310546875,-1.5380859375,-0.244140625,-0.29296875,-0.5859375,-0.3173828125,0.03662109375,-1.416015625,-0.0732421875,-0.74462890625,0.13427734375,-0.634765625,-0.1220703125,-0.62255859375,-0.1220703125,-0.06103515625,-0.0732421875,-0.74462890625,-0.13427734375,-1.4892578125,-0.09765625,-1.03759765625,-0.1708984375,0.341796875,-0.146484375,0.341796875,0.08544921875,-0.0732421875,-0.0732421875,0,0.0732421875,0.15869140625,-0.2197265625,-0.13427734375,-0.146484375,0.68359375,0,-0.634765625,-0.0732421875,-0.57373046875
0,0.2685546875,6.884765625,-0.048828125,2.81982421875,0.0244140625,2.25830078125,0.03662109375,2.91748046875,-0.146484375,-0.13427734375,-0.0732421875,-0.9521484375,-0.2197265625,1.03759765625,-0.03662109375,-0.1953125,-0.08544921875,-0.6103515625,-0.06103515625,-0.18310546875,-0.32958984375,0.89111328125,-0.244140625,-0.57373046875,-0.37841796875,-0.146484375,-0.0244140625,-0.79345703125,-0.13427734375,0.86669921875,-0.10986328125,-0.0244140625,-0.20751953125,0.7080078125,0.01220703125,-0.09765625,-0.06103515625,0.244140625,-0.2685546875,0.341796875,0.20751953125,-0.1953125,0.0244140625,-0.732421875,-0.2197265625,-0.50048828125,0.2197265625,0.57373046875,0.03662109375,1.20849609375,-0.146484375,1.0986328125,0,-0.09765625,0.08544921875,0.78125,-0.15869140625,0.78125,0.06103515625,0.537109375,0.048828125,0.57373046875,-0.0244140625,0.2197265625,0,1.01318359375,0,1.3427734375,-0.25634765625,0.42724609375,-0.03662109375,1.37939453125,-0.09765625,1.4892578125,0.10986328125,1.611328125,-0.146484375,1.01318359375,0.03662109375,2.50244140625,0.03662109375,-0.390625,-0.15869140625,3.0517578125,-0.23193359375,-0.67138671875,-0.0244140625,-0.25634765625,-0.146484375,-1.52587890625,-0.244140625,-0.29296875,-0.5615234375,-0.3173828125,-0.06103515625,-1.40380859375,-0.10986328125,-0.74462890625,0.146484375,-0.64697265625,-0.15869140625,-0.6103515625,-0.08544921875,-0.048828125,-0.048828125,-0.732421875,-0.15869140625,-1.47705078125,-0.10986328125,-1.03759765625,-0.09765625,0.341796875,-0.146484375,0.32958984375,0.0732421875,-0.0732421875,-0.0732421875,-0.0244140625,0.0732421875,0.146484375,-0.23193359375,-0.1220703125,-0.146484375,0.69580078125,0,-0.634765625,-0.048828125,-0.5615234375
0,0.2197265625,6.72607421875,-0.0244140625,2.7099609375,0.03662109375,2.2216796875,0.06103515625,2.84423828125,-0.146484375,-0.13427734375,-0.03662109375,-0.9765625,-0.244140625,1.025390625,-0.0244140625,-0.20751953125,-0.08544921875,-0.59814453125,-0.09765625,-0.1953125,-0.48828125,0.89111328125,-0.32958984375,-0.5615234375,-0.37841796875,-0.146484375,-0.06103515625,-0.78125,-0.09765625,0.86669921875,-0.13427734375,-0.01220703125,-0.1708984375,0.830078125,0.09765625,-0.03662109375,-0.01220703125,0.3173828125,-0.2685546875,0.47607421875,0.28076171875,-0.20751953125,0.0244140625,-0.7080078125,-0.18310546875,-0.50048828125,0.23193359375,0.5615234375,0.048828125,1.08642578125,-0.15869140625,0.74462890625,-0.048828125,-0.20751953125,0.06103515625,0.7080078125,-0.146484375,0.8056640625,0.03662109375,0.537109375,0.03662109375,0.537109375,0.03662109375,0.2197265625,-0.0732421875,0.7080078125,0.03662109375,1.15966796875,-0.3173828125,0.244140625,-0.09765625,1.03759765625,-0.048828125,1.37939453125,0.0732421875,1.4892578125,-0.2197265625,0.9033203125,0.1220703125,2.40478515625,0.03662109375,-0.2197265625,-0.1708984375,3.77197265625,-0.146484375,-0.5859375,-0.0244140625,-0.10986328125,-0.09765625,-1.52587890625,-0.23193359375,-0.3173828125,-0.40283203125,-0.32958984375,-0.15869140625,-1.47705078125,-0.10986328125,-0.74462890625,0.1220703125,-0.64697265625,-0.1708984375,-0.6103515625,-0.0732421875,-0.06103515625,0.048828125,-0.74462890625,-0.244140625,-1.46484375,-0.1220703125,-1.03759765625,-0.03662109375,0.341796875,-0.1708984375,0.30517578125,0.0732421875,-0.06103515625,-0.0732421875,-0.0244140625,0.06103515625,0.13427734375,-0.244140625,-0.1220703125,-0.13427734375,0.6591796875,-0.01220703125,-0.6591796875,-0.048828125,-0.6103515625
0,0.09765625,6.34765625,-0.03662109375,2.50244140625,0.03662109375,2.08740234375,0.08544921875,2.7099609375,-0.15869140625,-0.10986328125,-0.048828125,-0.98876953125,-0.25634765625,1.01318359375,-0.03662109375,-0.20751953125,-0.10986328125,-0.59814453125,-0.10986328125,-0.20751953125,-0.537109375,0.89111328125,-0.30517578125,-0.57373046875,-0.40283203125,-0.13427734375,-0.0732421875,-0.79345703125,-0.06103515625,0.87890625,-0.15869140625,-0.01220703125,-0.09765625,0.87890625,0.146484375,-0.01220703125,0,0.30517578125,-0.2685546875,0.537109375,0.3173828125,-0.244140625,0.0244140625,-0.69580078125,-0.1708984375,-0.4638671875,0.20751953125,0.54931640625,0.0244140625,1.0009765625,-0.23193359375,0.4150390625,-0.09765625,-0.28076171875,0,0.6103515625,-0.13427734375,0.79345703125,-0.01220703125,0.537109375,0.0732421875,0.5126953125,0.1220703125,0.23193359375,-0.048828125,0.439453125,0.146484375,1.01318359375,-0.28076171875,0.10986328125,-0.03662109375,0.72021484375,-0.06103515625,1.26953125,0.03662109375,1.3916015625,-0.29296875,0.79345703125,0.09765625,2.25830078125,0.08544921875,-0.146484375,-0.244140625,4.4189453125,-0.06103515625,-0.47607421875,0,0.01220703125,-0.06103515625,-1.52587890625,-0.1953125,-0.3173828125,-0.2685546875,-0.439453125,-0.20751953125,-1.47705078125,-0.10986328125,-0.732421875,0.1220703125,-0.6591796875,-0.146484375,-0.5859375,-0.0244140625,-0.0732421875,0.08544921875,-0.732421875,-0.3173828125,-1.47705078125,-0.15869140625,-1.0498046875,0.048828125,0.3173828125,-0.15869140625,0.28076171875,0.0732421875,-0.0244140625,-0.0732421875,-0.0244140625,0.06103515625,0.146484375,-0.25634765625,-0.13427734375,-0.146484375,0.634765625,-0.048828125,-0.68359375,-0.03662109375,-0.64697265625
1,0.06103515625,5.810546875,-0.048828125,2.24609375,0.03662109375,1.9287109375,0.10986328125,2.490234375,-0.15869140625,-0.09765625,-0.06103515625,-0.96435546875,-0.244140625,1.01318359375,-0.03662109375,-0.20751953125,-0.1953125,-0.6103515625,-0.146484375,-0.2197265625,-0.5615234375,0.87890625,-0.28076171875,-0.57373046875,-0.40283203125,-0.146484375,-0.048828125,-0.8056640625,-0.06103515625,0.9033203125,-0.1220703125,0,-0.048828125,0.86669921875,0.18310546875,-0.06103515625,0.01220703125,0.244140625,-0.28076171875,0.537109375,0.23193359375,-0.2685546875,-0.01220703125,-0.69580078125,-0.1708984375,-0.4638671875,0.20751953125,0.54931640625,0,0.9033203125,-0.28076171875,0.06103515625,-0.146484375,-0.35400390625,-0.0732421875,0.537109375,-0.1708984375,0.8056640625,-0.01220703125,0.54931640625,0.09765625,0.48828125,0.2197265625,0.244140625,-0.06103515625,0.2197265625,0.1953125,0.87890625,-0.1708984375,-0.0244140625,-0.03662109375,0.439453125,-0.08544921875,1.123046875,0,1.25732421875,-0.25634765625,0.68359375,0.10986328125,2.1240234375,0.13427734375,-0.048828125,-0.28076171875,4.9560546875,0,-0.3662109375,-0.01220703125,0.13427734375,-0.0244140625,-1.5380859375,-0.146484375,-0.29296875,-0.1220703125,-0.4638671875,-0.2685546875,-1.45263671875,-0.146484375,-0.74462890625,0.1220703125,-0.67138671875,-0.13427734375,-0.57373046875,0,-0.08544921875,0.0732421875,-0.7568359375,-0.3173828125,-1.47705078125,-0.15869140625,-1.06201171875,0.08544921875,0.32958984375,-0.1708984375,0.29296875,0.08544921875,-0.03662109375,-0.0732421875,-0.03662109375,0.03662109375,0.13427734375,-0.23193359375,-0.1708984375,-0.13427734375,0.59814453125,-0.06103515625,-0.732421875,-0.0244140625,-0.68359375
1,0.0244140625,5.17578125,-0.08544921875,1.98974609375,0.06103515625,1.7333984375,0.13427734375,2.2705078125,-0.18310546875,-0.0732421875,-0.048828125,-0.9765625,-0.2197265625,1.025390625,-0.01220703125,-0.1953125,-0.2197265625,-0.6103515625,-0.1220703125,-0.20751953125,-0.48828125,0.87890625,-0.244140625,-0.5859375,-0.40283203125,-0.146484375,-0.03662109375,-0.8056640625,-0.1220703125,0.91552734375,-0.1220703125,0,-0.0244140625,0.79345703125,0.3173828125,-0.18310546875,-0.01220703125,0.09765625,-0.30517578125,0.4638671875,0.1220703125,-0.28076171875,-0.0732421875,-0.69580078125,-0.146484375,-0.4150390625,0.25634765625,0.537109375,-0.01220703125,0.8056640625,-0.2685546875,-0.2197265625,-0.1953125,-0.4150390625,-0.08544921875,0.47607421875,-0.244140625,0.8056640625,0.01220703125,0.52490234375,0.15869140625,0.48828125,0.244140625,0.244140625,-0.09765625,0.06103515625,0.2197265625,0.76904296875,-0.048828125,-0.13427734375,-0.01220703125,0.146484375,-0.03662109375,1.01318359375,-0.0732421875,1.1474609375,-0.1708984375,0.5615234375,0.08544921875,1.98974609375,0.20751953125,0.048828125,-0.35400390625,5.33447265625,0.0732421875,-0.30517578125,0,0.2197265625,0.048828125,-1.5380859375,-0.10986328125,-0.30517578125,-0.01220703125,-0.45166015625,-0.29296875,-1.4404296875,-0.09765625,-0.732421875,0.09765625,-0.67138671875,-0.146484375,-0.57373046875,0.03662109375,-0.0732421875,0.06103515625,-0.76904296875,-0.32958984375,-1.45263671875,-0.146484375,-1.06201171875,0.09765625,0.3173828125,-0.1953125,0.30517578125,0.0732421875,-0.0244140625,-0.0732421875,-0.0244140625,0.03662109375,0.13427734375,-0.23193359375,-0.1708984375,-0.10986328125,0.5615234375,0,-0.79345703125,-0.048828125,-0.74462890625
1,0.01220703125,4.541015625,-0.0732421875,1.77001953125,0.08544921875,1.5380859375,0.1708984375,2.06298828125,-0.15869140625,-0.0732421875,-0.06103515625,-0.9521484375,-0.18310546875,1.0009765625,0,-0.18310546875,-0.2685546875,-0.6103515625,-0.10986328125,-0.244140625,-0.390625,0.89111328125,-0.18310546875,-0.5859375,-0.42724609375,-0.1708984375,0.01220703125,-0.830078125,-0.25634765625,0.9033203125,-0.13427734375,-0.01220703125,-0.01220703125,0.67138671875,0.439453125,-0.3173828125,0,-0.0732421875,-0.341796875,0.341796875,-0.01220703125,-0.28076171875,-0.1220703125,-0.72021484375,-0.146484375,-0.37841796875,0.2685546875,0.5126953125,-0.01220703125,0.732421875,-0.2685546875,-0.4150390625,-0.1953125,-0.42724609375,-0.15869140625,0.42724609375,-0.32958984375,0.8056640625,0.06103515625,0.5126953125,0.18310546875,0.48828125,0.2685546875,0.2685546875,-0.06103515625,-0.10986328125,0.28076171875,0.67138671875,0,-0.23193359375,-0.048828125,-0.1220703125,0.06103515625,0.9033203125,-0.03662109375,1.06201171875,-0.03662109375,0.5126953125,0.0244140625,1.904296875,0.20751953125,0.1220703125,-0.32958984375,5.4931640625,0.09765625,-0.23193359375,-0.0244140625,0.2685546875,0.1220703125,-1.5380859375,-0.0732421875,-0.3173828125,0.1220703125,-0.4150390625,-0.3173828125,-1.42822265625,-0.08544921875,-0.74462890625,0.09765625,-0.68359375,-0.1708984375,-0.5615234375,0.048828125,-0.08544921875,0.01220703125,-0.76904296875,-0.28076171875,-1.45263671875,-0.10986328125,-1.06201171875,0.09765625,0.3173828125,-0.1708984375,0.30517578125,0.09765625,-0.0244140625,-0.0732421875,-0.01220703125,0.01220703125,0.13427734375,-0.23193359375,-0.20751953125,-0.08544921875,0.537109375,0.01220703125,-0.84228515625,-0.03662109375,-0.79345703125
1,0.0732421875,3.96728515625,-0.0732421875,1.5869140625,0.09765625,1.37939453125,0.18310546875,1.904296875,-0.13427734375,-0.09765625,-0.03662109375,-0.93994140625,-0.1708984375,1.03759765625,0.03662109375,-0.18310546875,-0.244140625,-0.6103515625,-0.08544921875,-0.244140625,-0.29296875,0.8544921875,-0.1220703125,-0.5859375,-0.4150390625,-0.18310546875,0.0732421875,-0.830078125,-0.4150390625,0.89111328125,-0.1220703125,0,-0.0732421875,0.537109375,0.5615234375,-0.439453125,0.01220703125,-0.2197265625,-0.45166015625,0.2197265625,-0.146484375,-0.25634765625,-0.1708984375,-0.732421875,-0.1220703125,-0.390625,0.341796875,0.52490234375,-0.08544921875,0.68359375,-0.1708984375,-0.5126953125,-0.2197265625,-0.42724609375,-0.20751953125,0.4150390625,-0.4150390625,0.79345703125,0.10986328125,0.52490234375,0.146484375,0.52490234375,0.32958984375,0.25634765625,-0.048828125,-0.23193359375,0.30517578125,0.6103515625,0.01220703125,-0.32958984375,-0.0732421875,-0.3662109375,-0.0732421875,0.830078125,-0.10986328125,1.025390625,0.01220703125,0.47607421875,-0.15869140625,1.84326171875,0.18310546875,0.13427734375,-0.35400390625,5.517578125,0.1708984375,-0.2197265625,-0.048828125,0.25634765625,0.15869140625,-1.55029296875,-0.048828125,-0.341796875,0.2197265625,-0.42724609375,-0.2685546875,-1.46484375,-0.03662109375,-0.72021484375,0.08544921875,-0.7080078125,-0.20751953125,-0.5859375,0.0732421875,-0.08544921875,-0.01220703125,-0.78125,-0.20751953125,-1.4892578125,-0.10986328125,-1.03759765625,0.08544921875,0.3173828125,-0.18310546875,0.3173828125,0.10986328125,-0.0244140625,-0.06103515625,0,0.0244140625,0.13427734375,-0.2197265625,-0.244140625,-0.08544921875,0.5126953125,0,-0.87890625,-0.03662109375,-0.81787109375
1,0.03662109375,3.52783203125,-0.048828125,1.50146484375,0.1220703125,1.25732421875,0.23193359375,1.7822265625,-0.09765625,-0.09765625,-0.0244140625,-0.927734375,-0.1708984375,1.03759765625,0.01220703125,-0.1708984375,-0.2197265625,-0.5859375,-0.06103515625,-0.2197265625,-0.15869140625,0.86669921875,-0.09765625,-0.5859375,-0.40283203125,-0.18310546875,0.10986328125,-0.8056640625,-0.52490234375,0.87890625,-0.09765625,0.01220703125,-0.146484375,0.37841796875,0.68359375,-0.5615234375,0,-0.341796875,-0.52490234375,0.10986328125,-0.2197265625,-0.25634765625,-0.25634765625,-0.732421875,-0.1220703125,-0.40283203125,0.4638671875,0.52490234375,-0.146484375,0.6591796875,-0.146484375,-0.50048828125,-0.2685546875,-0.37841796875,-0.23193359375,0.439453125,-0.439453125,0.78125,0.13427734375,0.52490234375,0.0732421875,0.537109375,0.4150390625,0.25634765625,0,-0.32958984375,0.2685546875,0.54931640625,0.01220703125,-0.390625,-0.08544921875,-0.54931640625,-0.03662109375,0.8056640625,-0.09765625,1.025390625,0.09765625,0.4638671875,-0.1953125,1.84326171875,0.18310546875,0.10986328125,-0.439453125,5.3466796875,0.20751953125,-0.1953125,-0.06103515625,0.244140625,0.1708984375,-1.55029296875,-0.01220703125,-0.3173828125,0.29296875,-0.390625,-0.20751953125,-1.46484375,-0.03662109375,-0.732421875,0.048828125,-0.69580078125,-0.23193359375,-0.5859375,0.048828125,-0.09765625,0.0244140625,-0.79345703125,-0.146484375,-1.46484375,-0.1220703125,-1.01318359375,0.0244140625,0.30517578125,-0.1708984375,0.32958984375,0.10986328125,-0.0244140625,-0.06103515625,-0.0244140625,0.01220703125,0.15869140625,-0.2197265625,-0.25634765625,-0.0732421875,0.50048828125,-0.01220703125,-0.91552734375,-0.06103515625,-0.830078125
1,-0.03662109375,3.23486328125,-0.048828125,1.4404296875,0.10986328125,1.15966796875,0.23193359375,1.69677734375,-0.0732421875,-0.13427734375,0,-0.91552734375,-0.13427734375,1.06201171875,0.01220703125,-0.1953125,-0.1953125,-0.57373046875,-0.03662109375,-0.20751953125,-0.01220703125,0.84228515625,-0.0732421875,-0.5859375,-0.40283203125,-0.1953125,0.1220703125,-0.8056640625,-0.54931640625,0.86669921875,-0.03662109375,0,-0.1953125,0.2685546875,0.72021484375,-0.634765625,-0.03662109375,-0.45166015625,-0.59814453125,-0.03662109375,-0.244140625,-0.244140625,-0.28076171875,-0.72021484375,-0.09765625,-0.45166015625,0.5126953125,0.5126953125,-0.18310546875,0.69580078125,-0.06103515625,-0.40283203125,-0.25634765625,-0.341796875,-0.3173828125,0.45166015625,-0.4638671875,0.7568359375,0.10986328125,0.52490234375,0,0.57373046875,0.48828125,0.25634765625,0.03662109375,-0.341796875,0.18310546875,0.537109375,0.01220703125,-0.40283203125,-0.03662109375,-0.634765625,-0.0244140625,0.74462890625,-0.09765625,1.08642578125,0.18310546875,0.439453125,-0.18310546875,1.8310546875,0.15869140625,0.0732421875,-0.4638671875,5.04150390625,0.2197265625,-0.244140625,-0.03662109375,0.1708984375,0.15869140625,-1.5380859375,0.0244140625,-0.29296875,0.341796875,-0.3662109375,-0.146484375,-1.50146484375,-0.048828125,-0.732421875,0.0244140625,-0.69580078125,-0.29296875,-0.59814453125,0.01220703125,-0.0732421875,0.048828125,-0.79345703125,-0.03662109375,-1.45263671875,-0.20751953125,-1.03759765625,-0.01220703125,0.29296875,-0.1953125,0.341796875,0.09765625,-0.03662109375,-0.0732421875,-0.0244140625,0.03662109375,0.18310546875,-0.25634765625,-0.28076171875,-0.09765625,0.5126953125,-0.0244140625,-0.9033203125,-0.0732421875,-0.81787109375
1,-0.03662109375,3.11279296875,-0.0244140625,1.416015625,0.10986328125,1.123046875,0.23193359375,1.62353515625,-0.08544921875,-0.1220703125,0.01220703125,-0.93994140625,-0.10986328125,1.06201171875,0,-0.20751953125,-0.146484375,-0.57373046875,-0.03662109375,-0.18310546875,0.0732421875,0.8544921875,-0.06103515625,-0.57373046875,-0.341796875,-0.1708984375,0.09765625,-0.79345703125,-0.48828125,0.86669921875,-0.01220703125,0.01220703125,-0.2197265625,0.20751953125,0.830078125,-0.68359375,-0.0732421875,-0.50048828125,-0.59814453125,-0.10986328125,-0.23193359375,-0.20751953125,-0.35400390625,-0.7080078125,-0.08544921875,-0.47607421875,0.634765625,0.52490234375,-0.2197265625,0.7568359375,-0.048828125,-0.20751953125,-0.244140625,-0.30517578125,-0.35400390625,0.5126953125,-0.48828125,0.7568359375,0.09765625,0.537109375,0.01220703125,0.62255859375,0.57373046875,0.244140625,0.0244140625,-0.29296875,0.1220703125,0.5615234375,-0.03662109375,-0.37841796875,0.048828125,-0.634765625,-0.2197265625,0.72021484375,-0.2197265625,1.0986328125,0.10986328125,0.439453125,-0.23193359375,1.8310546875,0.08544921875,0.0244140625,-0.45166015625,4.67529296875,0.244140625,-0.29296875,0.01220703125,0.0732421875,0.1220703125,-1.52587890625,0.06103515625,-0.28076171875,0.390625,-0.32958984375,-0.0244140625,-1.52587890625,-0.048828125,-0.732421875,0.03662109375,-0.69580078125,-0.25634765625,-0.59814453125,-0.01220703125,-0.08544921875,0.06103515625,-0.76904296875,0.0732421875,-1.45263671875,-0.23193359375,-1.03759765625,-0.03662109375,0.29296875,-0.15869140625,0.35400390625,0.09765625,-0.03662109375,-0.0732421875,-0.0244140625,0.048828125,0.1953125,-0.20751953125,-0.25634765625,-0.0732421875,0.52490234375,0.01220703125,-0.89111328125,-0.06103515625,-0.79345703125
1,-0.0732421875,3.08837890625,-0.048828125,1.416015625,0.13427734375,1.0986328125,0.2197265625,1.57470703125,-0.0732421875,-0.10986328125,0.0244140625,-0.93994140625,-0.08544921875,1.07421875,0.0244140625,-0.23193359375,-0.09765625,-0.5615234375,-0.03662109375,-0.1708984375,0.1953125,0.830078125,-0.08544921875,-0.5615234375,-0.2685546875,-0.15869140625,0.06103515625,-0.78125,-0.3662109375,0.87890625,0.0244140625,0,-0.30517578125,0.18310546875,0.7568359375,-0.67138671875,-0.20751953125,-0.4638671875,-0.69580078125,-0.18310546875,-0.146484375,-0.1953125,-0.37841796875,-0.72021484375,-0.09765625,-0.5126953125,0.634765625,0.537109375,-0.244140625,0.86669921875,-0.0244140625,0,-0.1708984375,-0.244140625,-0.4150390625,0.5859375,-0.48828125,0.76904296875,0.146484375,0.537109375,-0.06103515625,0.64697265625,0.57373046875,0.25634765625,0.0244140625,-0.2197265625,0.03662109375,0.6103515625,-0.146484375,-0.3173828125,0.01220703125,-0.537109375,-0.244140625,0.68359375,-0.13427734375,1.15966796875,0.10986328125,0.4150390625,-0.08544921875,1.81884765625,0.0732421875,-0.0732421875,-0.439453125,4.2724609375,0.2685546875,-0.40283203125,0.048828125,-0.01220703125,0.048828125,-1.50146484375,0.10986328125,-0.2685546875,0.4150390625,-0.35400390625,0.06103515625,-1.5380859375,-0.06103515625,-0.732421875,0,-0.69580078125,-0.2685546875,-0.634765625,-0.06103515625,-0.0732421875,0.09765625,-0.76904296875,0.13427734375,-1.45263671875,-0.23193359375,-1.01318359375,-0.0244140625,0.30517578125,-0.18310546875,0.390625,0.10986328125,-0.06103515625,-0.0732421875,-0.048828125,0.03662109375,0.20751953125,-0.2197265625,-0.2197265625,-0.0732421875,0.5126953125,0.01220703125,-0.84228515625,-0.06103515625,-0.79345703125
1,-0.08544921875,3.125,-0.06103515625,1.42822265625,0.146484375,1.08642578125,0.23193359375,1.55029296875,-0.048828125,-0.08544921875,0.048828125,-0.927734375,-0.08544921875,1.06201171875,0.01220703125,-0.20751953125,-0.0732421875,-0.57373046875,-0.0732421875,-0.15869140625,0.23193359375,0.8544921875,-0.08544921875,-0.5859375,-0.2197265625,-0.1708984375,0,-0.76904296875,-0.20751953125,0.87890625,0.01220703125,0,-0.244140625,0.146484375,0.78125,-0.6591796875,-0.2685546875,-0.40283203125,-0.52490234375,-0.2197265625,-0.09765625,-0.20751953125,-0.37841796875,-0.72021484375,-0.09765625,-0.537109375,0.6103515625,0.54931640625,-0.20751953125,0.9521484375,0.0732421875,0.20751953125,-0.1953125,-0.2197265625,-0.4638671875,0.634765625,-0.50048828125,0.7568359375,0.09765625,0.537109375,-0.13427734375,0.68359375,0.64697265625,0.244140625,0.0732421875,-0.08544921875,0.06103515625,0.7080078125,-0.23193359375,-0.244140625,0.0732421875,-0.3662109375,-0.32958984375,0.634765625,-0.18310546875,1.23291015625,0.06103515625,0.390625,0.01220703125,1.79443359375,0.03662109375,-0.15869140625,-0.35400390625,3.91845703125,0.28076171875,-0.4638671875,0.08544921875,-0.13427734375,-0.03662109375,-1.513671875,0.1220703125,-0.244140625,0.4638671875,-0.35400390625,0.1220703125,-1.5380859375,-0.09765625,-0.732421875,0.03662109375,-0.6591796875,-0.30517578125,-0.634765625,-0.08544921875,-0.08544921875,0.10986328125,-0.76904296875,0.23193359375,-1.46484375,-0.2685546875,-1.025390625,-0.01220703125,0.29296875,-0.1708984375,0.35400390625,0.10986328125,-0.048828125,-0.06103515625,-0.03662109375,0.03662109375,0.18310546875,-0.244140625,-0.2197265625,-0.08544921875,0.52490234375,0.01220703125,-0.8056640625,-0.048828125,-0.78125
1,-0.09765625,3.1005859375,-0.08544921875,1.3916015625,0.18310546875,1.03759765625,0.25634765625,1.4892578125,-0.048828125,-0.08544921875,0.0244140625,-0.93994140625,-0.09765625,1.03759765625,0.01220703125,-0.1953125,-0.0244140625,-0.54931640625,-0.09765625,-0.1708984375,0.28076171875,0.86669921875,-0.09765625,-0.57373046875,-0.146484375,-0.146484375,-0.06103515625,-0.76904296875,-0.01220703125,0.87890625,-0.048828125,0,-0.18310546875,0.146484375,0.7568359375,-0.634765625,-0.23193359375,-0.341796875,-0.40283203125,-0.23193359375,-0.0732421875,-0.18310546875,-0.40283203125,-0.732421875,-0.1220703125,-0.54931640625,0.62255859375,0.57373046875,-0.1708984375,1.01318359375,0.06103515625,0.35400390625,-0.23193359375,-0.2197265625,-0.4150390625,0.67138671875,-0.50048828125,0.732421875,0.08544921875,0.54931640625,-0.2685546875,0.7080078125,0.67138671875,0.23193359375,0.10986328125,0.0732421875,0,0.79345703125,-0.341796875,-0.13427734375,0.1220703125,-0.13427734375,-0.35400390625,0.59814453125,-0.18310546875,1.23291015625,0.01220703125,0.37841796875,0.09765625,1.7822265625,0.048828125,-0.244140625,-0.2685546875,3.5888671875,0.25634765625,-0.5615234375,0.10986328125,-0.2197265625,-0.1220703125,-1.513671875,0.10986328125,-0.25634765625,0.47607421875,-0.35400390625,0.146484375,-1.52587890625,-0.09765625,-0.732421875,0.048828125,-0.6591796875,-0.32958984375,-0.6103515625,-0.08544921875,-0.08544921875,0.10986328125,-0.74462890625,0.3173828125,-1.47705078125,-0.25634765625,-1.01318359375,-0.0244140625,0.30517578125,-0.2197265625,0.3662109375,0.09765625,-0.06103515625,-0.0732421875,-0.048828125,0.03662109375,0.1708984375,-0.25634765625,-0.20751953125,-0.06103515625,0.54931640625,0.03662109375,-0.732421875,-0.03662109375,-0.7568359375
1,-0.048828125,3.01513671875,-0.09765625,1.318359375,0.1953125,0.9521484375,0.244140625,1.416015625,-0.0244140625,-0.0732421875,0.0244140625,-0.9521484375,-0.09765625,1.025390625,-0.01220703125,-0.1953125,0.0244140625,-0.5615234375,-0.13427734375,-0.18310546875,0.3173828125,0.86669921875,-0.1708984375,-0.57373046875,-0.13427734375,-0.1220703125,-0.13427734375,-0.78125,0.13427734375,0.87890625,-0.0732421875,0.0244140625,-0.1953125,0.09765625,0.6103515625,-0.5859375,-0.35400390625,-0.28076171875,-0.32958984375,-0.244140625,-0.0732421875,-0.20751953125,-0.341796875,-0.72021484375,-0.1220703125,-0.5615234375,0.54931640625,0.57373046875,-0.06103515625,1.06201171875,0.048828125,0.439453125,-0.23193359375,-0.2197265625,-0.40283203125,0.69580078125,-0.47607421875,0.76904296875,0.13427734375,0.5859375,-0.35400390625,0.69580078125,0.68359375,0.2197265625,0.10986328125,0.23193359375,-0.09765625,0.87890625,-0.50048828125,-0.048828125,-0.03662109375,0.09765625,-0.390625,0.5859375,-0.2685546875,1.28173828125,-0.0732421875,0.37841796875,0.1708984375,1.77001953125,0.0244140625,-0.341796875,-0.244140625,3.369140625,0.18310546875,-0.634765625,0.06103515625,-0.2685546875,-0.18310546875,-1.52587890625,0.08544921875,-0.2685546875,0.50048828125,-0.390625,0.0732421875,-1.52587890625,-0.09765625,-0.7568359375,0.048828125,-0.6591796875,-0.3173828125,-0.59814453125,-0.03662109375,-0.0732421875,0.15869140625,-0.72021484375,0.35400390625,-1.47705078125,-0.244140625,-1.0498046875,-0.01220703125,0.29296875,-0.20751953125,0.3662109375,0.10986328125,-0.0732421875,-0.06103515625,-0.03662109375,0.03662109375,0.15869140625,-0.2685546875,-0.18310546875,-0.06103515625,0.5859375,0.0244140625,-0.68359375,-0.03662109375,-0.7568359375
1,-0.06103515625,2.7587890625,-0.13427734375,1.18408203125,0.18310546875,0.79345703125,0.2685546875,1.2939453125,0,-0.0732421875,0,-0.9521484375,-0.1220703125,1.0009765625,-0.0244140625,-0.1708984375,0.03662109375,-0.5615234375,-0.15869140625,-0.18310546875,0.29296875,0.86669921875,-0.20751953125,-0.54931640625,-0.10986328125,-0.10986328125,-0.1953125,-0.78125,0.29296875,0.89111328125,-0.0732421875,0.03662109375,-0.0732421875,0.06103515625,0.5615234375,-0.6103515625,-0.30517578125,-0.244140625,-0.15869140625,-0.28076171875,-0.0732421875,-0.20751953125,-0.32958984375,-0.7080078125,-0.1220703125,-0.52490234375,0.5126953125,0.5859375,0.01220703125,1.08642578125,0.01220703125,0.42724609375,-0.23193359375,-0.244140625,-0.40283203125,0.69580078125,-0.47607421875,0.78125,0.09765625,0.57373046875,-0.35400390625,0.68359375,0.64697265625,0.20751953125,0.13427734375,0.37841796875,-0.0244140625,0.96435546875,-0.48828125,0.06103515625,0,0.29296875,-0.32958984375,0.62255859375,-0.2197265625,1.28173828125,-0.048828125,0.40283203125,0.341796875,1.81884765625,0.01220703125,-0.40283203125,-0.1953125,3.25927734375,0.146484375,-0.69580078125,0,-0.28076171875,-0.18310546875,-1.5380859375,0.06103515625,-0.25634765625,0.537109375,-0.40283203125,0.03662109375,-1.50146484375,-0.08544921875,-0.74462890625,0.08544921875,-0.6591796875,-0.29296875,-0.59814453125,0.01220703125,-0.09765625,0.1953125,-0.72021484375,0.37841796875,-1.47705078125,-0.23193359375,-1.0498046875,0.0244140625,0.30517578125,-0.20751953125,0.3662109375,0.146484375,-0.0732421875,-0.0732421875,-0.01220703125,0.0244140625,0.146484375,-0.30517578125,-0.15869140625,-0.09765625,0.62255859375,0.0244140625,-0.634765625,-0.0244140625,-0.74462890625
1,0,2.38037109375,-0.10986328125,1.0009765625,0.1708984375,0.6103515625,0.25634765625,1.123046875,0.03662109375,-0.08544921875,0,-0.9521484375,-0.13427734375,0.9765625,-0.0244140625,-0.10986328125,0.03662109375,-0.5615234375,-0.146484375,-0.20751953125,0.28076171875,0.89111328125,-0.30517578125,-0.5615234375,-0.09765625,-0.10986328125,-0.2685546875,-0.79345703125,0.40283203125,0.9033203125,-0.0732421875,0.0244140625,-0.06103515625,0,0.45166015625,-0.62255859375,-0.32958984375,-0.244140625,-0.03662109375,-0.3173828125,-0.048828125,-0.20751953125,-0.3173828125,-0.69580078125,-0.08544921875,-0.48828125,0.4638671875,0.5615234375,0.08544921875,1.0498046875,-0.08544921875,0.3173828125,-0.244140625,-0.244140625,-0.3662109375,0.68359375,-0.48828125,0.81787109375,0.15869140625,0.5615234375,-0.35400390625,0.68359375,0.537109375,0.2197265625,0.13427734375,0.48828125,-0.048828125,1.06201171875,-0.42724609375,0.1220703125,-0.01220703125,0.42724609375,-0.23193359375,0.72021484375,-0.18310546875,1.30615234375,-0.01220703125,0.4638671875,0.3662109375,1.8798828125,0,-0.45166015625,-0.1220703125,3.21044921875,0.08544921875,-0.72021484375,-0.048828125,-0.2685546875,-0.1708984375,-1.5380859375,0,-0.2685546875,0.48828125,-0.42724609375,0,-1.46484375,-0.048828125,-0.74462890625,0.0732421875,-0.6591796875,-0.2197265625,-0.5859375,0.0732421875,-0.08544921875,0.2685546875,-0.732421875,0.390625,-1.4892578125,-0.1708984375,-1.0498046875,0.0244140625,0.32958984375,-0.18310546875,0.390625,0.10986328125,-0.06103515625,-0.06103515625,0.01220703125,0.0244140625,0.10986328125,-0.3173828125,-0.13427734375,-0.09765625,0.64697265625,0.01220703125,-0.6103515625,-0.048828125,-0.74462890625
0,0.0732421875,1.8310546875,-0.1220703125,0.7568359375,0.18310546875,0.3662109375,0.28076171875,0.87890625,0.03662109375,-0.09765625,-0.03662109375,-0.9521484375,-0.13427734375,0.96435546875,0,-0.13427734375,0.01220703125,-0.54931640625,-0.13427734375,-0.2197265625,0.20751953125,0.89111328125,-0.35400390625,-0.5615234375,-0.15869140625,-0.1220703125,-0.28076171875,-0.81787109375,0.4638671875,0.9033203125,-0.048828125,0.01220703125,-0.0732421875,-0.048828125,0.3662109375,-0.64697265625,-0.35400390625,-0.244140625,0.048828125,-0.32958984375,-0.06103515625,-0.2197265625,-0.29296875,-0.7080078125,-0.09765625,-0.47607421875,0.45166015625,0.5615234375,0.25634765625,1.01318359375,-0.10986328125,0.1953125,-0.23193359375,-0.2685546875,-0.25634765625,0.634765625,-0.48828125,0.8056640625,0.1953125,0.537109375,-0.35400390625,0.67138671875,0.47607421875,0.23193359375,0.10986328125,0.5615234375,-0.13427734375,1.0986328125,-0.47607421875,0.1708984375,-0.1953125,0.48828125,-0.2197265625,0.87890625,-0.20751953125,1.3671875,0.03662109375,0.6103515625,0.341796875,2.01416015625,0.01220703125,-0.48828125,-0.03662109375,3.18603515625,0.03662109375,-0.7080078125,-0.0732421875,-0.2685546875,-0.1220703125,-1.5380859375,-0.0244140625,-0.28076171875,0.4150390625,-0.4150390625,-0.048828125,-1.42822265625,0,-0.74462890625,0.06103515625,-0.67138671875,-0.13427734375,-0.59814453125,0.08544921875,-0.08544921875,0.3173828125,-0.7568359375,0.3662109375,-1.47705078125,-0.15869140625,-1.03759765625,0.06103515625,0.30517578125,-0.1708984375,0.4150390625,0.10986328125,-0.0732421875,-0.048828125,0.0244140625,0.048828125,0.10986328125,-0.30517578125,-0.13427734375,-0.08544921875,0.67138671875,0.01220703125,-0.6103515625,-0.03662109375,-0.7568359375
0,0.06103515625,1.220703125,-0.13427734375,0.4638671875,0.20751953125,0.146484375,0.30517578125,0.6591796875,0.0732421875,-0.10986328125,-0.0244140625,-0.96435546875,-0.13427734375,0.9765625,-0.0244140625,-0.13427734375,-0.03662109375,-0.5615234375,-0.13427734375,-0.23193359375,0.10986328125,0.87890625,-0.3173828125,-0.5615234375,-0.1953125,-0.1220703125,-0.25634765625,-0.8056640625,0.4638671875,0.9033203125,-0.048828125,0.0244140625,-0.15869140625,-0.08544921875,0.29296875,-0.67138671875,-0.40283203125,-0.30517578125,0.10986328125,-0.341796875,-0.10986328125,-0.23193359375,-0.3173828125,-0.69580078125,-0.048828125,-0.45166015625,0.439453125,0.5615234375,0.341796875,0.93994140625,-0.1708984375,0.048828125,-0.2197265625,-0.28076171875,-0.1708984375,0.6103515625,-0.57373046875,0.81787109375,0.244140625,0.5126953125,-0.32958984375,0.67138671875,0.3662109375,0.244140625,0.146484375,0.59814453125,-0.0732421875,1.13525390625,-0.3662109375,0.1953125,-0.20751953125,0.4638671875,-0.1220703125,1.06201171875,-0.06103515625,1.416015625,0.18310546875,0.76904296875,0.35400390625,2.1728515625,0,-0.47607421875,0.03662109375,3.1494140625,-0.0732421875,-0.69580078125,-0.048828125,-0.244140625,-0.048828125,-1.5625,-0.06103515625,-0.30517578125,0.3173828125,-0.40283203125,-0.0244140625,-1.40380859375,-0.01220703125,-0.7568359375,0.0732421875,-0.67138671875,-0.06103515625,-0.5859375,0.13427734375,-0.10986328125,0.29296875,-0.7568359375,0.30517578125,-1.50146484375,-0.1220703125,-1.0498046875,0.048828125,0.32958984375,-0.1708984375,0.439453125,0.10986328125,-0.048828125,-0.08544921875,0.0244140625,0.06103515625,0.10986328125,-0.29296875,-0.13427734375,-0.09765625,0.6591796875,0.048828125,-0.64697265625,-0.01220703125,-0.74462890625
0,0.0732421875,0.5615234375,-0.13427734375,0.20751953125,0.244140625,-0.09765625,0.29296875,0.37841796875,0.06103515625,-0.13427734375,-0.01220703125,-0.9765625,-0.146484375,0.98876953125,-0.048828125,-0.15869140625,-0.08544921875,-0.5859375,-0.06103515625,-0.2197265625,0,0.86669921875,-0.29296875,-0.57373046875,-0.25634765625,-0.13427734375,-0.2197265625,-0.8056640625,0.45166015625,0.89111328125,0,0.0244140625,-0.13427734375,-0.08544921875,0.3173828125,-0.6591796875,-0.390625,-0.341796875,0.1708984375,-0.35400390625,-0.15869140625,-0.244140625,-0.390625,-0.69580078125,-0.0244140625,-0.45166015625,0.4638671875,0.52490234375,0.3662109375,0.9033203125,-0.23193359375,-0.06103515625,-0.25634765625,-0.29296875,-0.1220703125,0.5859375,-0.64697265625,0.79345703125,0.29296875,0.50048828125,-0.32958984375,0.62255859375,0.25634765625,0.25634765625,0.03662109375,0.6103515625,-0.13427734375,1.1474609375,-0.3173828125,0.2197265625,-0.30517578125,0.390625,-0.18310546875,1.25732421875,0.03662109375,1.47705078125,0.23193359375,0.9033203125,0.2685546875,2.3193359375,0,-0.48828125,0.0732421875,3.03955078125,-0.18310546875,-0.68359375,-0.01220703125,-0.2685546875,0,-1.5625,-0.048828125,-0.3173828125,0.1953125,-0.390625,0.03662109375,-1.416015625,0,-0.7568359375,0.06103515625,-0.67138671875,-0.01220703125,-0.5859375,0.1708984375,-0.10986328125,0.25634765625,-0.7568359375,0.25634765625,-1.4892578125,-0.0732421875,-1.03759765625,0.0244140625,0.3173828125,-0.1708984375,0.48828125,0.09765625,-0.03662109375,-0.048828125,0,0.06103515625,0.1220703125,-0.29296875,-0.13427734375,-0.10986328125,0.6591796875,0.03662109375,-0.69580078125,-0.0244140625,-0.72021484375
0,0.03662109375,0,-0.1220703125,0,0.23193359375,-0.28076171875,0.30517578125,0.1708984375,0.01220703125,-0.1220703125,0.01220703125,-0.9521484375,-0.146484375,1.0009765625,-0.0244140625,-0.1708984375,-0.13427734375,-0.59814453125,-0.01220703125,-0.20751953125,-0.06103515625,0.86669921875,-0.25634765625,-0.5859375,-0.35400390625,-0.15869140625,-0.15869140625,-0.81787109375,0.40283203125,0.87890625,0.01220703125,0.01220703125,-0.15869140625,-0.0244140625,0.2685546875,-0.59814453125,-0.30517578125,-0.32958984375,0.20751953125,-0.3173828125,-0.15869140625,-0.23193359375,-0.52490234375,-0.68359375,0.01220703125,-0.439453125,0.439453125,0.5126953125,0.37841796875,0.91552734375,-0.2197265625,-0.13427734375,-0.2197265625,-0.2685546875,-0.0732421875,0.57373046875,-0.732421875,0.79345703125,0.2685546875,0.48828125,-0.30517578125,0.6103515625,0.18310546875,0.23193359375,0.01220703125,0.64697265625,-0.10986328125,1.15966796875,-0.244140625,0.20751953125,-0.37841796875,0.28076171875,-0.18310546875,1.3916015625,0.146484375,1.5625,0.3173828125,1.01318359375,0.244140625,2.42919921875,-0.01220703125,-0.50048828125,0.18310546875,2.8076171875,-0.29296875,-0.69580078125,0.0244140625,-0.3173828125,0.0244140625,-1.57470703125,-0.06103515625,-0.3173828125,0.10986328125,-0.341796875,0.048828125,-1.40380859375,0,-0.74462890625,0.048828125,-0.68359375,-0.0244140625,-0.59814453125,0.1708984375,-0.10986328125,0.244140625,-0.78125,0.1708984375,-1.47705078125,-0.03662109375,-1.03759765625,0.0244140625,0.3173828125,-0.1708984375,0.52490234375,0.08544921875,-0.0244140625,-0.0732421875,-0.01220703125,0.0732421875,0.15869140625,-0.3173828125,-0.10986328125,-0.1708984375,0.62255859375,0.0244140625,-0.7080078125,-0.0244140625,-0.72021484375
0,-0.01220703125,-0.40283203125,-0.13427734375,-0.13427734375,0.244140625,-0.37841796875,0.28076171875,0.03662109375,0.0244140625,-0.10986328125,0.0244140625,-0.96435546875,-0.146484375,1.025390625,-0.0244140625,-0.1708984375,-0.15869140625,-0.59814453125,0.08544921875,-0.1953125,-0.13427734375,0.86669921875,-0.20751953125,-0.59814453125,-0.3662109375,-0.15869140625,-0.13427734375,-0.830078125,0.3662109375,0.87890625,-0.0244140625,0,-0.18310546875,0.08544921875,0.18310546875,-0.52490234375,-0.30517578125,-0.30517578125,0.146484375,-0.244140625,-0.18310546875,-0.23193359375,-0.634765625,-0.68359375,0.08544921875,-0.45166015625,0.4150390625,0.5126953125,0.3662109375,0.927734375,-0.25634765625,-0.1220703125,-0.20751953125,-0.244140625,-0.09765625,0.6103515625,-0.81787109375,0.79345703125,0.25634765625,0.50048828125,-0.23193359375,0.5615234375,0.13427734375,0.23193359375,0.0244140625,0.67138671875,-0.1220703125,1.1962890625,-0.15869140625,0.244140625,-0.341796875,0.23193359375,-0.244140625,1.45263671875,0.1708984375,1.5380859375,0.30517578125,1.06201171875,0.15869140625,2.45361328125,0.03662109375,-0.5126953125,0.18310546875,2.45361328125,-0.439453125,-0.72021484375,0.0244140625,-0.40283203125,0.0244140625,-1.5625,-0.0732421875,-0.3173828125,0.01220703125,-0.3173828125,0.0244140625,-1.4404296875,0.0244140625,-0.732421875,0.03662109375,-0.7080078125,-0.048828125,-0.6103515625,0.15869140625,-0.1220703125,0.2197265625,-0.7568359375,0.146484375,-1.47705078125,-0.01220703125,-1.025390625,0,0.30517578125,-0.18310546875,0.5615234375,0.06103515625,-0.01220703125,-0.06103515625,-0.048828125,0.08544921875,0.15869140625,-0.25634765625,-0.1220703125,-0.1708984375,0.6103515625,0.0244140625,-0.74462890625,-0.0244140625,-0.7080078125
0,-0.08544921875,-0.57373046875,-0.0732421875,-0.18310546875,0.244140625,-0.390625,0.29296875,0.01220703125,0.0244140625,-0.13427734375,0.03662109375,-0.9521484375,-0.08544921875,1.01318359375,-0.0244140625,-0.18310546875,-0.1953125,-0.62255859375,0.13427734375,-0.18310546875,-0.15869140625,0.8544921875,-0.1953125,-0.59814453125,-0.37841796875,-0.15869140625,-0.06103515625,-0.81787109375,0.30517578125,0.87890625,-0.03662109375,0,-0.20751953125,0.23193359375,0.03662109375,-0.4150390625,-0.341796875,-0.244140625,0.03662109375,-0.1220703125,-0.23193359375,-0.23193359375,-0.72021484375,-0.68359375,0.10986328125,-0.4638671875,0.5126953125,0.52490234375,0.29296875,1.0009765625,-0.23193359375,-0.03662109375,-0.1708984375,-0.20751953125,-0.08544921875,0.634765625,-0.86669921875,0.79345703125,0.2197265625,0.5126953125,-0.18310546875,0.537109375,0.13427734375,0.2197265625,-0.03662109375,0.7568359375,-0.23193359375,1.26953125,-0.18310546875,0.32958984375,-0.3662109375,0.1708984375,-0.32958984375,1.3916015625,0.08544921875,1.4892578125,0.18310546875,1.01318359375,0.1220703125,2.392578125,0.08544921875,-0.6103515625,0.28076171875,1.9287109375,-0.5126953125,-0.78125,-0.0244140625,-0.50048828125,0.0244140625,-1.59912109375,-0.08544921875,-0.3173828125,-0.0732421875,-0.3173828125,-0.03662109375,-1.4892578125,0.0244140625,-0.72021484375,0.06103515625,-0.69580078125,-0.03662109375,-0.62255859375,0.15869140625,-0.09765625,0.2197265625,-0.76904296875,0.10986328125,-1.46484375,0.0244140625,-1.025390625,-0.03662109375,0.30517578125,-0.20751953125,0.537109375,0.06103515625,0,-0.06103515625,-0.048828125,0.10986328125,0.18310546875,-0.23193359375,-0.13427734375,-0.1953125,0.57373046875,-0.0244140625,-0.76904296875,-0.0244140625,-0.69580078125
0,-0.08544921875,-0.439453125,-0.09765625,-0.10986328125,0.20751953125,-0.30517578125,0.25634765625,0.09765625,0.048828125,-0.10986328125,0.03662109375,-0.93994140625,-0.06103515625,1.01318359375,-0.0244140625,-0.18310546875,-0.23193359375,-0.6103515625,0.146484375,-0.1708984375,-0.1220703125,0.8544921875,-0.2197265625,-0.5859375,-0.35400390625,-0.18310546875,0.0244140625,-0.79345703125,0.2197265625,0.8544921875,-0.09765625,0.0244140625,-0.2197265625,0.3662109375,-0.06103515625,-0.3173828125,-0.244140625,-0.18310546875,-0.0244140625,-0.06103515625,-0.29296875,-0.244140625,-0.7568359375,-0.67138671875,0.06103515625,-0.50048828125,0.634765625,0.52490234375,0.244140625,1.123046875,-0.18310546875,0.09765625,-0.10986328125,-0.1708984375,-0.01220703125,0.72021484375,-0.9033203125,0.76904296875,0.23193359375,0.537109375,-0.10986328125,0.5126953125,0.06103515625,0.20751953125,-0.03662109375,0.89111328125,-0.1953125,1.35498046875,-0.2197265625,0.40283203125,-0.341796875,0.2197265625,-0.2685546875,1.2451171875,0.15869140625,1.4404296875,0.09765625,0.86669921875,0.146484375,2.23388671875,0.10986328125,-0.732421875,0.29296875,1.318359375,-0.54931640625,-0.86669921875,-0.10986328125,-0.634765625,0.048828125,-1.5869140625,-0.0732421875,-0.32958984375,-0.09765625,-0.341796875,-0.08544921875,-1.513671875,-0.01220703125,-0.7080078125,0.06103515625,-0.68359375,-0.0244140625,-0.59814453125,0.08544921875,-0.09765625,0.244140625,-0.74462890625,0.048828125,-1.47705078125,0.03662109375,-1.03759765625,-0.0732421875,0.3173828125,-0.23193359375,0.54931640625,0.0244140625,-0.03662109375,-0.0732421875,-0.09765625,0.1220703125,0.20751953125,-0.20751953125,-0.146484375,-0.18310546875,0.54931640625,0,-0.78125,0,-0.74462890625
0,-0.06103515625,-0.01220703125,-0.13427734375,0.0732421875,0.20751953125,-0.1220703125,0.28076171875,0.28076171875,0.06103515625,-0.09765625,0.048828125,-0.93994140625,-0.048828125,1.01318359375,-0.0244140625,-0.15869140625,-0.20751953125,-0.59814453125,0.1708984375,-0.18310546875,-0.09765625,0.84228515625,-0.244140625,-0.57373046875,-0.29296875,-0.15869140625,0.06103515625,-0.79345703125,0.146484375,0.8544921875,-0.06103515625,0.01220703125,-0.2685546875,0.50048828125,-0.18310546875,-0.2197265625,-0.25634765625,-0.1220703125,-0.0732421875,0.048828125,-0.32958984375,-0.23193359375,-0.74462890625,-0.6591796875,0.10986328125,-0.50048828125,0.67138671875,0.5126953125,0.15869140625,1.2451171875,-0.1953125,0.30517578125,-0.09765625,-0.1220703125,-0.01220703125,0.7568359375,-0.91552734375,0.79345703125,0.15869140625,0.5615234375,-0.06103515625,0.48828125,-0.048828125,0.2197265625,0.01220703125,1.0498046875,-0.09765625,1.4404296875,-0.23193359375,0.52490234375,-0.244140625,0.3173828125,-0.23193359375,1.01318359375,0.244140625,1.318359375,-0.0244140625,0.7080078125,0.15869140625,2.0263671875,0.146484375,-0.86669921875,0.32958984375,0.68359375,-0.52490234375,-0.9521484375,-0.13427734375,-0.76904296875,0.048828125,-1.5625,-0.09765625,-0.3173828125,-0.13427734375,-0.3662109375,-0.10986328125,-1.55029296875,-0.0244140625,-0.72021484375,0.06103515625,-0.68359375,-0.01220703125,-0.6103515625,0.01220703125,-0.06103515625,0.20751953125,-0.7568359375,0.03662109375,-1.50146484375,0.01220703125,-1.0498046875,-0.09765625,0.30517578125,-0.23193359375,0.50048828125,0.0244140625,-0.048828125,-0.06103515625,-0.09765625,0.09765625,0.20751953125,-0.20751953125,-0.15869140625,-0.18310546875,0.5126953125,0.0244140625,-0.76904296875,0.01220703125,-0.7568359375
0,-0.146484375,0.69580078125,-0.1220703125,0.341796875,0.23193359375,0.1708984375,0.28076171875,0.57373046875,0.0732421875,-0.08544921875,0.0732421875,-0.927734375,-0.048828125,1.01318359375,-0.0244140625,-0.146484375,-0.146484375,-0.5859375,0.15869140625,-0.18310546875,-0.01220703125,0.86669921875,-0.28076171875,-0.57373046875,-0.244140625,-0.146484375,0.13427734375,-0.79345703125,0.03662109375,0.830078125,-0.0244140625,0.0244140625,-0.29296875,0.57373046875,-0.29296875,-0.1708984375,-0.18310546875,-0.0732421875,-0.1220703125,0.08544921875,-0.35400390625,-0.25634765625,-0.72021484375,-0.6591796875,0.08544921875,-0.5126953125,0.72021484375,0.52490234375,0.08544921875,1.3671875,-0.1220703125,0.48828125,-0.15869140625,-0.10986328125,0,0.830078125,-0.87890625,0.79345703125,0.10986328125,0.5859375,-0.0244140625,0.4638671875,-0.09765625,0.2197265625,0.01220703125,1.23291015625,0.01220703125,1.5625,-0.25634765625,0.64697265625,-0.18310546875,0.48828125,-0.13427734375,0.79345703125,0.25634765625,1.33056640625,-0.1220703125,0.54931640625,0.20751953125,1.81884765625,0.18310546875,-1.03759765625,0.341796875,0.06103515625,-0.439453125,-1.0498046875,-0.18310546875,-0.9033203125,0.03662109375,-1.55029296875,-0.146484375,-0.29296875,-0.1953125,-0.4150390625,-0.1220703125,-1.57470703125,-0.0244140625,-0.732421875,0.0244140625,-0.68359375,0.03662109375,-0.6103515625,-0.06103515625,-0.06103515625,0.18310546875,-0.732421875,0.03662109375,-1.50146484375,-0.048828125,-1.03759765625,-0.10986328125,0.28076171875,-0.20751953125,0.45166015625,0,-0.048828125,-0.06103515625,-0.09765625,0.09765625,0.1953125,-0.20751953125,-0.15869140625,-0.146484375,0.52490234375,0.10986328125,-0.76904296875,0.01220703125,-0.76904296875
0,-0.2197265625,1.59912109375,-0.146484375,0.7080078125,0.2197265625,0.48828125,0.25634765625,0.9033203125,0.09765625,-0.0732421875,0.0732421875,-0.93994140625,-0.0244140625,0.98876953125,0,-0.15869140625,-0.08544921875,-0.5859375,0.1220703125,-0.18310546875,0.048828125,0.86669921875,-0.2685546875,-0.54931640625,-0.2197265625,-0.13427734375,0.146484375,-0.78125,-0.09765625,0.8544921875,0.01220703125,0.03662109375,-0.390625,0.57373046875,-0.390625,-0.1708984375,-0.09765625,-0.03662109375,-0.146484375,0.08544921875,-0.3662109375,-0.23193359375,-0.6103515625,-0.64697265625,0.08544921875,-0.5126953125,0.69580078125,0.52490234375,0.0732421875,1.45263671875,-0.13427734375,0.6103515625,-0.1953125,-0.08544921875,0.06103515625,0.91552734375,-0.84228515625,0.79345703125,0.03662109375,0.59814453125,-0.0732421875,0.439453125,-0.1220703125,0.23193359375,0.03662109375,1.3916015625,0.08544921875,1.64794921875,-0.2685546875,0.74462890625,-0.10986328125,0.68359375,-0.06103515625,0.67138671875,0.2197265625,1.3916015625,-0.25634765625,0.4638671875,0.20751953125,1.7333984375,0.20751953125,-1.15966796875,0.3662109375,-0.42724609375,-0.341796875,-1.1474609375,-0.2197265625,-1.01318359375,0.0244140625,-1.5380859375,-0.1708984375,-0.28076171875,-0.2197265625,-0.439453125,-0.0732421875,-1.5625,-0.0244140625,-0.732421875,0,-0.6591796875,0.0244140625,-0.62255859375,-0.1220703125,-0.06103515625,0.13427734375,-0.72021484375,0.03662109375,-1.50146484375,-0.10986328125,-1.03759765625,-0.10986328125,0.30517578125,-0.1708984375,0.37841796875,0,-0.0732421875,-0.0732421875,-0.08544921875,0.06103515625,0.1953125,-0.23193359375,-0.15869140625,-0.10986328125,0.5126953125,0.1220703125,-0.732421875,-0.0244140625,-0.79345703125
0,-0.18310546875,2.62451171875,-0.10986328125,1.0986328125,0.23193359375,0.86669921875,0.29296875,1.318359375,0.1220703125,-0.06103515625,0.0732421875,-0.9521484375,-0.0244140625,0.98876953125,0.0244140625,-0.15869140625,-0.0244140625,-0.5859375,0.0732421875,-0.20751953125,0.06103515625,0.86669921875,-0.3173828125,-0.5615234375,-0.15869140625,-0.13427734375,0.146484375,-0.8056640625,-0.1953125,0.8544921875,0.06103515625,0.0244140625,-0.4150390625,0.537109375,-0.48828125,-0.23193359375,-0.01220703125,-0.06103515625,-0.146484375,0.048828125,-0.35400390625,-0.244140625,-0.52490234375,-0.634765625,0.06103515625,-0.47607421875,0.7080078125,0.537109375,0.03662109375,1.52587890625,-0.08544921875,0.69580078125,-0.28076171875,-0.0732421875,0.1220703125,0.9521484375,-0.78125,0.81787109375,0,0.59814453125,-0.0244140625,0.4638671875,-0.10986328125,0.23193359375,-0.0244140625,1.52587890625,0.1708984375,1.74560546875,-0.25634765625,0.79345703125,-0.09765625,0.8544921875,0.01220703125,0.69580078125,0.18310546875,1.611328125,-0.30517578125,0.537109375,0.3173828125,1.77001953125,0.244140625,-1.23291015625,0.35400390625,-0.72021484375,-0.2685546875,-1.1962890625,-0.1953125,-1.03759765625,0.03662109375,-1.52587890625,-0.18310546875,-0.2685546875,-0.23193359375,-0.47607421875,-0.0244140625,-1.55029296875,-0.048828125,-0.732421875,-0.03662109375,-0.6591796875,-0.01220703125,-0.6103515625,-0.15869140625,-0.06103515625,0.06103515625,-0.72021484375,0.06103515625,-1.4892578125,-0.18310546875,-1.025390625,-0.08544921875,0.29296875,-0.18310546875,0.29296875,0.01220703125,-0.06103515625,-0.06103515625,-0.0732421875,0.0732421875,0.18310546875,-0.244140625,-0.1953125,-0.1220703125,0.5126953125,0.146484375,-0.6103515625,-0.03662109375,-0.81787109375
0,-0.18310546875,3.662109375,-0.09765625,1.52587890625,0.18310546875,1.23291015625,0.244140625,1.74560546875,0.13427734375,-0.06103515625,0.08544921875,-0.93994140625,-0.03662109375,0.9765625,0.0244140625,-0.13427734375,0.06103515625,-0.57373046875,-0.01220703125,-0.1953125,0.06103515625,0.87890625,-0.3173828125,-0.54931640625,-0.13427734375,-0.1220703125,0.09765625,-0.79345703125,-0.28076171875,0.86669921875,0.06103515625,0.03662109375,-0.439453125,0.4150390625,-0.5126953125,-0.341796875,0.09765625,-0.08544921875,-0.03662109375,-0.03662109375,-0.29296875,-0.23193359375,-0.4150390625,-0.634765625,-0.0244140625,-0.4638671875,0.69580078125,0.5615234375,-0.048828125,1.52587890625,-0.08544921875,0.67138671875,-0.35400390625,-0.0732421875,0.06103515625,0.9521484375,-0.67138671875,0.81787109375,0,0.57373046875,-0.01220703125,0.47607421875,-0.06103515625,0.25634765625,-0.09765625,1.611328125,0.244140625,1.7578125,-0.23193359375,0.830078125,-0.0732421875,0.93994140625,-0.01220703125,1.0009765625,0.08544921875,2.13623046875,-0.35400390625,0.78125,0.30517578125,2.03857421875,0.2197265625,-1.26953125,0.390625,-0.78125,-0.1953125,-1.18408203125,-0.20751953125,-1.01318359375,0.01220703125,-1.50146484375,-0.20751953125,-0.244140625,-0.29296875,-0.4638671875,0.01220703125,-1.50146484375,-0.048828125,-0.732421875,-0.03662109375,-0.634765625,-0.0732421875,-0.62255859375,-0.1953125,-0.03662109375,0.0244140625,-0.7080078125,0.06103515625,-1.50146484375,-0.2197265625,-1.03759765625,-0.048828125,0.32958984375,-0.2197265625,0.23193359375,0,-0.0732421875,-0.06103515625,-0.0244140625,0.0732421875,0.1708984375,-0.244140625,-0.18310546875,-0.09765625,0.54931640625,0.15869140625,-0.5126953125,-0.0244140625,-0.79345703125
0,-0.1708984375,4.6630859375,-0.10986328125,1.9287109375,0.18310546875,1.57470703125,0.2685546875,2.16064453125,0.15869140625,-0.06103515625,0.08544921875,-0.93994140625,-0.06103515625,0.96435546875,0.048828125,-0.13427734375,0.0732421875,-0.57373046875,-0.0732421875,-0.20751953125,-0.048828125,0.86669921875,-0.35400390625,-0.54931640625,-0.10986328125,-0.1220703125,0.0732421875,-0.79345703125,-0.29296875,0.89111328125,0.08544921875,0.01220703125,-0.439453125,0.25634765625,-0.42724609375,-0.45166015625,0.1220703125,-0.08544921875,-0.0244140625,-0.10986328125,-0.20751953125,-0.23193359375,-0.28076171875,-0.62255859375,-0.09765625,-0.439453125,0.69580078125,0.537109375,-0.0244140625,1.47705078125,-0.1220703125,0.59814453125,-0.40283203125,-0.09765625,0,0.91552734375,-0.634765625,0.8056640625,-0.0732421875,0.57373046875,-0.03662109375,0.47607421875,-0.048828125,0.2685546875,-0.1220703125,1.66015625,0.30517578125,1.7578125,-0.1708984375,0.830078125,-0.06103515625,0.9765625,-0.03662109375,1.5625,-0.03662109375,2.8564453125,-0.29296875,1.220703125,0.25634765625,2.57568359375,0.1953125,-1.1962890625,0.50048828125,-0.54931640625,-0.146484375,-1.13525390625,-0.1708984375,-0.927734375,0,-1.50146484375,-0.20751953125,-0.2197265625,-0.37841796875,-0.45166015625,0.01220703125,-1.50146484375,-0.06103515625,-0.74462890625,-0.0244140625,-0.634765625,-0.09765625,-0.59814453125,-0.18310546875,-0.0732421875,0.048828125,-0.732421875,0.048828125,-1.4892578125,-0.28076171875,-1.01318359375,0.0244140625,0.32958984375,-0.18310546875,0.1953125,0,-0.048828125,-0.0732421875,-0.03662109375,0.0732421875,0.15869140625,-0.23193359375,-0.15869140625,-0.10986328125,0.57373046875,0.0732421875,-0.341796875,-0.03662109375,-0.74462890625
1,-0.18310546875,5.4931640625,-0.06103515625,2.28271484375,0.1953125,1.89208984375,0.20751953125,2.490234375,0.15869140625,-0.0732421875,0.09765625,-0.927734375,-0.06103515625,1.01318359375,0.0732421875,-0.146484375,0.06103515625,-0.5859375,-0.146484375,-0.2197265625,-0.18310546875,0.89111328125,-0.37841796875,-0.5615234375,-0.09765625,-0.1220703125,0,-0.79345703125,-0.244140625,0.89111328125,0.06103515625,0.01220703125,-0.47607421875,0.18310546875,-0.32958984375,-0.54931640625,0.15869140625,-0.048828125,0.0732421875,-0.15869140625,-0.10986328125,-0.25634765625,-0.13427734375,-0.62255859375,-0.18310546875,-0.40283203125,0.6591796875,0.52490234375,0,1.40380859375,-0.146484375,0.4638671875,-0.4638671875,-0.1220703125,-0.09765625,0.8544921875,-0.59814453125,0.8056640625,-0.0244140625,0.54931640625,-0.03662109375,0.52490234375,-0.01220703125,0.25634765625,-0.15869140625,1.64794921875,0.32958984375,1.74560546875,-0.06103515625,0.830078125,-0.048828125,0.9521484375,-0.01220703125,2.35595703125,-0.10986328125,3.86962890625,-0.1953125,1.85546875,0.244140625,3.35693359375,0.1708984375,-1.06201171875,0.52490234375,-0.03662109375,-0.146484375,-1.06201171875,-0.10986328125,-0.78125,0,-1.50146484375,-0.18310546875,-0.20751953125,-0.439453125,-0.439453125,-0.03662109375,-1.46484375,-0.10986328125,-0.74462890625,0.03662109375,-0.6591796875,-0.1220703125,-0.59814453125,-0.15869140625,-0.0732421875,0.0732421875,-0.732421875,0.01220703125,-1.47705078125,-0.3173828125,-1.025390625,0.08544921875,0.341796875,-0.1953125,0.18310546875,0,-0.06103515625,-0.0732421875,0.01220703125,0.0732421875,0.15869140625,-0.2197265625,-0.09765625,-0.09765625,0.6591796875,0.0244140625,-0.10986328125,-0.03662109375,-0.6591796875
1,-0.30517578125,6.103515625,-0.1220703125,2.5390625,0.1953125,2.11181640625,0.18310546875,2.77099609375,0.15869140625,-0.09765625,0.09765625,-0.927734375,-0.0732421875,1.0009765625,0.08544921875,-0.146484375,0.03662109375,-0.59814453125,-0.18310546875,-0.2197265625,-0.341796875,0.89111328125,-0.390625,-0.5615234375,-0.13427734375,-0.146484375,-0.08544921875,-0.8056640625,-0.1953125,0.91552734375,0.01220703125,0,-0.50048828125,0.1708984375,-0.15869140625,-0.52490234375,0.08544921875,0.08544921875,0.1953125,-0.08544921875,-0.03662109375,-0.2685546875,0,-0.634765625,-0.30517578125,-0.4150390625,0.634765625,0.5126953125,0.01220703125,1.30615234375,-0.1953125,0.29296875,-0.5126953125,-0.146484375,-0.15869140625,0.79345703125,-0.62255859375,0.79345703125,-0.0244140625,0.54931640625,-0.0244140625,0.54931640625,0.0732421875,0.244140625,-0.15869140625,1.59912109375,0.32958984375,1.64794921875,-0.0244140625,0.76904296875,-0.03662109375,0.84228515625,-0.03662109375,3.369140625,-0.23193359375,5.1025390625,-0.1220703125,2.6611328125,0.09765625,4.296875,0.13427734375,-0.86669921875,0.5126953125,0.69580078125,-0.13427734375,-0.927734375,-0.048828125,-0.62255859375,-0.01220703125,-1.513671875,-0.10986328125,-0.20751953125,-0.48828125,-0.37841796875,-0.0732421875,-1.416015625,-0.1708984375,-0.732421875,0.06103515625,-0.67138671875,-0.13427734375,-0.59814453125,-0.146484375,-0.0732421875,0.1708984375,-0.72021484375,-0.0244140625,-1.46484375,-0.341796875,-1.01318359375,0.13427734375,0.35400390625,-0.1953125,0.2197265625,-0.01220703125,-0.048828125,-0.06103515625,0.03662109375,0.06103515625,0.146484375,-0.244140625,-0.0244140625,-0.09765625,0.69580078125,0,0.1953125,-0.0244140625,-0.52490234375
1,-0.390625,6.45751953125,-0.10986328125,2.69775390625,0.18310546875,2.25830078125,0.1708984375,2.91748046875,0.15869140625,-0.10986328125,0.08544921875,-0.9521484375,-0.0732421875,1.0009765625,0.048828125,-0.1708984375,0.01220703125,-0.59814453125,-0.244140625,-0.20751953125,-0.4638671875,0.87890625,-0.439453125,-0.57373046875,-0.13427734375,-0.146484375,-0.1953125,-0.8056640625,-0.1220703125,0.89111328125,0.03662109375,0,-0.5126953125,0.30517578125,-0.0732421875,-0.390625,-0.06103515625,0.3662109375,0.25634765625,0.06103515625,0.0244140625,-0.28076171875,0.048828125,-0.64697265625,-0.3662109375,-0.40283203125,0.57373046875,0.52490234375,0.0244140625,1.23291015625,-0.18310546875,0.15869140625,-0.54931640625,-0.1708984375,-0.23193359375,0.72021484375,-0.62255859375,0.76904296875,0.01220703125,0.52490234375,0.03662109375,0.57373046875,0.10986328125,0.23193359375,-0.146484375,1.4892578125,0.390625,1.5625,0.048828125,0.7080078125,-0.03662109375,0.68359375,-0.03662109375,4.47998046875,-0.08544921875,6.40869140625,0.048828125,3.52783203125,0.048828125,5.35888671875,0.09765625,-0.62255859375,0.42724609375,1.62353515625,-0.1220703125,-0.76904296875,0.0244140625,-0.42724609375,-0.0244140625,-1.513671875,-0.048828125,-0.2197265625,-0.47607421875,-0.35400390625,-0.09765625,-1.40380859375,-0.1953125,-0.72021484375,0.10986328125,-0.68359375,-0.13427734375,-0.59814453125,-0.09765625,-0.0732421875,0.1953125,-0.74462890625,-0.0732421875,-1.46484375,-0.3662109375,-1.01318359375,0.18310546875,0.35400390625,-0.20751953125,0.244140625,-0.01220703125,-0.06103515625,-0.0732421875,0.03662109375,0.06103515625,0.1708984375,-0.28076171875,0.08544921875,-0.13427734375,0.8056640625,0.0732421875,0.57373046875,0,-0.390625
1,-0.42724609375,6.53076171875,-0.10986328125,2.74658203125,0.1953125,2.30712890625,0.13427734375,2.96630859375,0.1708984375,-0.1220703125,0.10986328125,-0.93994140625,-0.06103515625,1.01318359375,0.0244140625,-0.1708984375,-0.03662109375,-0.6103515625,-0.2685546875,-0.23193359375,-0.54931640625,0.89111328125,-0.40283203125,-0.5615234375,-0.13427734375,-0.1708984375,-0.2685546875,-0.81787109375,-0.08544921875,0.9033203125,0.048828125,0.01220703125,-0.40283203125,0.59814453125,0.03662109375,-0.10986328125,0,0.830078125,0.32958984375,0.390625,0.06103515625,-0.29296875,0.0732421875,-0.64697265625,-0.40283203125,-0.40283203125,0.57373046875,0.50048828125,-0.03662109375,1.18408203125,-0.0732421875,0.0244140625,-0.5859375,-0.1953125,-0.341796875,0.67138671875,-0.6103515625,0.78125,0.08544921875,0.52490234375,0.01220703125,0.57373046875,0.1220703125,0.20751953125,-0.10986328125,1.3427734375,0.390625,1.50146484375,0.09765625,0.6591796875,-0.0732421875,0.50048828125,-0.03662109375,5.55419921875,-0.048828125,7.72705078125,0.10986328125,4.39453125,-0.03662109375,6.40869140625,0.048828125,-0.3662109375,0.48828125,2.63671875,-0.08544921875,-0.62255859375,0.0732421875,-0.20751953125,-0.0244140625,-1.513671875,0.06103515625,-0.2197265625,-0.42724609375,-0.32958984375,-0.09765625,-1.40380859375,-0.2197265625,-0.72021484375,0.1220703125,-0.68359375,-0.13427734375,-0.6103515625,-0.0732421875,-0.08544921875,0.1953125,-0.732421875,-0.048828125,-1.47705078125,-0.35400390625,-1.01318359375,0.2197265625,0.35400390625,-0.20751953125,0.29296875,-0.01220703125,-0.0244140625,-0.06103515625,0.0244140625,0.03662109375,0.1708984375,-0.2685546875,0.244140625,-0.1220703125,0.9033203125,0.10986328125,1.01318359375,-0.0244140625,-0.2197265625
1,-0.45166015625,6.33544921875,-0.10986328125,2.67333984375,0.1953125,2.28271484375,0.10986328125,2.89306640625,0.1220703125,-0.1220703125,0.1220703125,-0.91552734375,-0.0732421875,1.025390625,0.03662109375,-0.18310546875,-0.09765625,-0.6103515625,-0.28076171875,-0.23193359375,-0.59814453125,0.89111328125,-0.390625,-0.57373046875,-0.09765625,-0.15869140625,-0.341796875,-0.8056640625,-0.06103515625,0.87890625,0.0732421875,0.01220703125,-0.29296875,1.0498046875,0.146484375,0.3173828125,-0.09765625,1.4404296875,0.25634765625,0.8544921875,0.048828125,-0.3173828125,0.048828125,-0.69580078125,-0.390625,-0.439453125,0.5859375,0.50048828125,-0.0732421875,1.171875,-0.09765625,-0.03662109375,-0.6103515625,-0.23193359375,-0.390625,0.634765625,-0.62255859375,0.76904296875,0.0244140625,0.52490234375,0.03662109375,0.54931640625,0.1708984375,0.20751953125,-0.01220703125,1.20849609375,0.3662109375,1.42822265625,0.10986328125,0.6103515625,-0.0244140625,0.37841796875,-0.01220703125,6.53076171875,-0.06103515625,8.94775390625,0.20751953125,5.18798828125,-0.0732421875,7.33642578125,0.03662109375,-0.09765625,0.52490234375,3.64990234375,0.03662109375,-0.4638671875,0.10986328125,-0.01220703125,0.03662109375,-1.52587890625,0.13427734375,-0.244140625,-0.32958984375,-0.29296875,-0.146484375,-1.40380859375,-0.23193359375,-0.732421875,0.10986328125,-0.7080078125,-0.15869140625,-0.6103515625,-0.03662109375,-0.09765625,0.1953125,-0.72021484375,-0.048828125,-1.46484375,-0.32958984375,-1.01318359375,0.23193359375,0.341796875,-0.20751953125,0.35400390625,-0.03662109375,-0.048828125,-0.06103515625,0.01220703125,0.048828125,0.1708984375,-0.29296875,0.4150390625,-0.09765625,1.025390625,0.15869140625,1.47705078125,-0.0244140625,-0.03662109375
1,-0.42724609375,5.908203125,-0.1220703125,2.5146484375,0.18310546875,2.13623046875,0.10986328125,2.734375,0.13427734375,-0.10986328125,0.10986328125,-0.927734375,-0.0732421875,1.01318359375,0.03662109375,-0.18310546875,-0.13427734375,-0.6103515625,-0.2685546875,-0.23193359375,-0.5126953125,0.87890625,-0.3662109375,-0.5859375,-0.08544921875,-0.13427734375,-0.37841796875,-0.81787109375,-0.048828125,0.86669921875,0.06103515625,0,-0.23193359375,1.6357421875,0.1953125,0.86669921875,-0.1220703125,2.197265625,0.244140625,1.416015625,0.01220703125,-0.30517578125,-0.06103515625,-0.72021484375,-0.30517578125,-0.4638671875,0.5859375,0.50048828125,-0.1220703125,1.15966796875,-0.06103515625,-0.0244140625,-0.57373046875,-0.2197265625,-0.40283203125,0.62255859375,-0.634765625,0.78125,-0.03662109375,0.5615234375,0.10986328125,0.54931640625,0.20751953125,0.18310546875,-0.08544921875,1.0986328125,0.1953125,1.35498046875,-0.03662109375,0.5615234375,-0.15869140625,0.28076171875,-0.10986328125,7.275390625,-0.09765625,9.86328125,0.1708984375,5.7861328125,-0.0732421875,8.02001953125,0.03662109375,0.08544921875,0.47607421875,4.60205078125,0.08544921875,-0.3173828125,0.06103515625,0.146484375,0.048828125,-1.55029296875,0.15869140625,-0.244140625,-0.18310546875,-0.3173828125,-0.1220703125,-1.42822265625,-0.18310546875,-0.7080078125,0.10986328125,-0.67138671875,-0.23193359375,-0.62255859375,0,-0.10986328125,0.15869140625,-0.7080078125,-0.0244140625,-1.46484375,-0.28076171875,-1.025390625,0.20751953125,0.32958984375,-0.20751953125,0.390625,-0.01220703125,-0.048828125,-0.06103515625,-0.0244140625,0.03662109375,0.1708984375,-0.28076171875,0.59814453125,-0.1220703125,1.15966796875,0.1708984375,1.96533203125,0,0.18310546875
1,-0.439453125,5.2734375,-0.1220703125,2.2705078125,0.1708984375,1.904296875,0.0732421875,2.4658203125,0.146484375,-0.10986328125,0.1220703125,-0.9033203125,-0.08544921875,1.0009765625,0,-0.18310546875,-0.15869140625,-0.59814453125,-0.28076171875,-0.23193359375,-0.439453125,0.8544921875,-0.28076171875,-0.59814453125,-0.06103515625,-0.13427734375,-0.390625,-0.8056640625,-0.13427734375,0.8544921875,-0.01220703125,0.01220703125,-0.15869140625,2.33154296875,0.28076171875,1.47705078125,-0.048828125,3.06396484375,0.15869140625,2.0751953125,-0.0732421875,-0.3173828125,-0.1708984375,-0.732421875,-0.18310546875,-0.47607421875,0.57373046875,0.5126953125,-0.20751953125,1.171875,-0.03662109375,0.0244140625,-0.57373046875,-0.23193359375,-0.50048828125,0.634765625,-0.59814453125,0.79345703125,0.03662109375,0.57373046875,0.10986328125,0.52490234375,0.244140625,0.1953125,-0.01220703125,0.9765625,0.18310546875,1.33056640625,-0.08544921875,0.50048828125,-0.10986328125,0.23193359375,-0.1953125,7.70263671875,-0.18310546875,10.48583984375,0.10986328125,6.15234375,-0.03662109375,8.43505859375,-0.0244140625,0.29296875,0.42724609375,5.3955078125,0.1708984375,-0.2197265625,-0.03662109375,0.28076171875,0.09765625,-1.55029296875,0.15869140625,-0.2685546875,-0.048828125,-0.341796875,-0.1220703125,-1.45263671875,-0.146484375,-0.732421875,0.10986328125,-0.68359375,-0.2685546875,-0.64697265625,0.03662109375,-0.10986328125,0.15869140625,-0.72021484375,0,-1.47705078125,-0.23193359375,-1.01318359375,0.13427734375,0.3173828125,-0.2197265625,0.4150390625,-0.0244140625,-0.06103515625,-0.06103515625,-0.06103515625,0,0.15869140625,-0.29296875,0.78125,-0.1220703125,1.2939453125,0.08544921875,2.4169921875,-0.01220703125,0.341796875
1,-0.42724609375,4.50439453125,-0.1708984375,1.96533203125,0.18310546875,1.5869140625,0.0732421875,2.16064453125,0.146484375,-0.10986328125,0.10986328125,-0.91552734375,-0.09765625,0.98876953125,0.03662109375,-0.18310546875,-0.15869140625,-0.5859375,-0.2197265625,-0.23193359375,-0.3173828125,0.87890625,-0.20751953125,-0.59814453125,-0.06103515625,-0.13427734375,-0.32958984375,-0.81787109375,-0.244140625,0.8544921875,-0.048828125,0.01220703125,-0.15869140625,3.06396484375,0.35400390625,2.11181640625,0.0244140625,4.00390625,0.06103515625,2.734375,-0.15869140625,-0.29296875,-0.28076171875,-0.72021484375,-0.0244140625,-0.50048828125,0.54931640625,0.52490234375,-0.25634765625,1.20849609375,-0.0244140625,0.13427734375,-0.57373046875,-0.23193359375,-0.5615234375,0.6591796875,-0.54931640625,0.8056640625,0.03662109375,0.5615234375,0.06103515625,0.5126953125,0.30517578125,0.2197265625,0.03662109375,0.86669921875,0.1708984375,1.30615234375,-0.1220703125,0.45166015625,0.01220703125,0.244140625,-0.30517578125,7.82470703125,-0.0732421875,10.70556640625,0.0732421875,6.26220703125,0.08544921875,8.55712890625,-0.08544921875,0.40283203125,0.3662109375,6.005859375,0.25634765625,-0.1220703125,-0.1220703125,0.37841796875,0.1220703125,-1.5380859375,0.1220703125,-0.28076171875,0.03662109375,-0.35400390625,-0.0732421875,-1.4892578125,-0.08544921875,-0.72021484375,0.03662109375,-0.6591796875,-0.28076171875,-0.634765625,0.06103515625,-0.10986328125,0.1708984375,-0.69580078125,0.01220703125,-1.47705078125,-0.1708984375,-1.01318359375,0.06103515625,0.3173828125,-0.2197265625,0.40283203125,-0.01220703125,-0.08544921875,-0.06103515625,-0.0732421875,-0.0244140625,0.15869140625,-0.28076171875,0.96435546875,-0.1220703125,1.416015625,0.08544921875,2.79541015625,0.0244140625,0.52490234375
1,-0.42724609375,3.6865234375,-0.1708984375,1.6357421875,0.1953125,1.28173828125,0.048828125,1.806640625,0.15869140625,-0.09765625,0.1220703125,-0.93994140625,-0.08544921875,0.9765625,0.0244140625,-0.18310546875,-0.10986328125,-0.5859375,-0.1953125,-0.244140625,-0.18310546875,0.8544921875,-0.1708984375,-0.59814453125,-0.048828125,-0.1220703125,-0.25634765625,-0.79345703125,-0.3662109375,0.830078125,-0.09765625,0,-0.15869140625,3.72314453125,0.439453125,2.7099609375,0.048828125,4.931640625,-0.0244140625,3.38134765625,-0.1953125,-0.2685546875,-0.40283203125,-0.732421875,0.146484375,-0.48828125,0.5859375,0.537109375,-0.29296875,1.220703125,0.0244140625,0.23193359375,-0.48828125,-0.20751953125,-0.57373046875,0.69580078125,-0.4638671875,0.81787109375,0.0244140625,0.57373046875,-0.048828125,0.48828125,0.3662109375,0.23193359375,0.03662109375,0.78125,0.01220703125,1.26953125,-0.30517578125,0.37841796875,-0.08544921875,0.28076171875,-0.30517578125,7.6171875,-0.06103515625,10.5712890625,0.03662109375,6.11572265625,0.18310546875,8.36181640625,-0.1220703125,0.45166015625,0.30517578125,6.38427734375,0.28076171875,-0.09765625,-0.18310546875,0.4150390625,0.1708984375,-1.55029296875,0.08544921875,-0.28076171875,0.146484375,-0.40283203125,-0.048828125,-1.46484375,-0.0732421875,-0.72021484375,-0.03662109375,-0.64697265625,-0.29296875,-0.634765625,0.03662109375,-0.1220703125,0.20751953125,-0.7080078125,0.06103515625,-1.4892578125,-0.1708984375,-1.01318359375,-0.01220703125,0.3173828125,-0.20751953125,0.3662109375,-0.0244140625,-0.0732421875,-0.048828125,-0.0732421875,-0.0244140625,0.13427734375,-0.28076171875,1.0986328125,-0.1220703125,1.4892578125,0.09765625,3.06396484375,-0.01220703125,0.6103515625
1,-0.4638671875,2.91748046875,-0.15869140625,1.30615234375,0.1953125,0.93994140625,0.03662109375,1.47705078125,0.15869140625,-0.1220703125,0.09765625,-0.93994140625,-0.09765625,0.96435546875,0.01220703125,-0.1708984375,-0.03662109375,-0.5615234375,-0.15869140625,-0.23193359375,-0.08544921875,0.84228515625,-0.10986328125,-0.6103515625,-0.0732421875,-0.10986328125,-0.18310546875,-0.79345703125,-0.4638671875,0.8544921875,-0.09765625,0.0244140625,-0.23193359375,4.2724609375,0.48828125,3.23486328125,0.10986328125,5.712890625,-0.10986328125,3.89404296875,-0.244140625,-0.244140625,-0.4638671875,-0.732421875,0.29296875,-0.48828125,0.537109375,0.5615234375,-0.3173828125,1.2451171875,0.06103515625,0.32958984375,-0.4638671875,-0.18310546875,-0.6103515625,0.7568359375,-0.3662109375,0.81787109375,-0.0732421875,0.57373046875,-0.13427734375,0.48828125,0.45166015625,0.2685546875,0.1708984375,0.69580078125,-0.01220703125,1.23291015625,-0.3173828125,0.3173828125,0.03662109375,0.341796875,-0.29296875,7.16552734375,-0.18310546875,10.107421875,0.01220703125,5.76171875,0.29296875,7.94677734375,-0.15869140625,0.439453125,0.1953125,6.5185546875,0.3173828125,-0.08544921875,-0.2197265625,0.42724609375,0.15869140625,-1.5380859375,0.0244140625,-0.28076171875,0.25634765625,-0.42724609375,0.0244140625,-1.46484375,-0.06103515625,-0.74462890625,-0.08544921875,-0.6591796875,-0.2685546875,-0.62255859375,0,-0.09765625,0.2197265625,-0.72021484375,0.09765625,-1.4892578125,-0.15869140625,-1.01318359375,-0.03662109375,0.32958984375,-0.2197265625,0.32958984375,-0.03662109375,-0.08544921875,-0.06103515625,-0.1220703125,-0.048828125,0.13427734375,-0.28076171875,1.1474609375,-0.10986328125,1.52587890625,0.1708984375,3.21044921875,0.01220703125,0.6591796875
1,-0.4638671875,2.197265625,-0.10986328125,0.93994140625,0.1953125,0.634765625,0,1.123046875,0.1708984375,-0.1220703125,0.08544921875,-0.9521484375,-0.0732421875,0.96435546875,0,-0.18310546875,0,-0.54931640625,-0.08544921875,-0.244140625,-0.01220703125,0.8544921875,-0.0732421875,-0.57373046875,-0.03662109375,-0.1220703125,-0.13427734375,-0.79345703125,-0.5126953125,0.86669921875,-0.048828125,0.0244140625,-0.29296875,4.6875,0.4638671875,3.57666015625,0.13427734375,6.35986328125,-0.15869140625,4.296875,-0.25634765625,-0.25634765625,-0.52490234375,-0.72021484375,0.40283203125,-0.47607421875,0.54931640625,0.54931640625,-0.30517578125,1.20849609375,0.08544921875,0.390625,-0.4638671875,-0.1708984375,-0.57373046875,0.7568359375,-0.30517578125,0.8056640625,-0.1708984375,0.5615234375,-0.2197265625,0.50048828125,0.50048828125,0.28076171875,0.13427734375,0.6103515625,-0.0244140625,1.1962890625,-0.341796875,0.25634765625,-0.01220703125,0.40283203125,-0.2685546875,6.5673828125,-0.2685546875,9.3994140625,-0.03662109375,5.28564453125,0.3662109375,7.373046875,-0.1953125,0.3662109375,0.10986328125,6.40869140625,0.3173828125,-0.13427734375,-0.20751953125,0.390625,0.18310546875,-1.52587890625,0,-0.29296875,0.390625,-0.439453125,0.13427734375,-1.46484375,-0.06103515625,-0.74462890625,-0.15869140625,-0.6591796875,-0.244140625,-0.6103515625,-0.0244140625,-0.09765625,0.23193359375,-0.7080078125,0.146484375,-1.45263671875,-0.1220703125,-1.0009765625,-0.06103515625,0.30517578125,-0.18310546875,0.29296875,-0.0244140625,-0.06103515625,-0.0732421875,-0.10986328125,-0.03662109375,0.146484375,-0.23193359375,1.15966796875,-0.09765625,1.52587890625,0.06103515625,3.21044921875,0.01220703125,0.6591796875
1,-0.45166015625,1.59912109375,-0.1220703125,0.634765625,0.1953125,0.35400390625,-0.0244140625,0.84228515625,0.18310546875,-0.1220703125,0.08544921875,-0.96435546875,-0.048828125,0.96435546875,-0.01220703125,-0.1953125,0.0244140625,-0.5615234375,-0.01220703125,-0.25634765625,0.0732421875,0.84228515625,-0.09765625,-0.5859375,0.01220703125,-0.10986328125,-0.09765625,-0.8056640625,-0.50048828125,0.8544921875,-0.0244140625,0,-0.3173828125,4.9560546875,0.47607421875,3.77197265625,0.20751953125,6.77490234375,-0.1708984375,4.5166015625,-0.2197265625,-0.2685546875,-0.5859375,-0.68359375,0.4150390625,-0.45166015625,0.5615234375,0.52490234375,-0.2685546875,1.1962890625,0.09765625,0.40283203125,-0.42724609375,-0.1708984375,-0.54931640625,0.76904296875,-0.2197265625,0.8056640625,-0.146484375,0.57373046875,-0.244140625,0.5126953125,0.50048828125,0.25634765625,0.1708984375,0.57373046875,-0.03662109375,1.15966796875,-0.35400390625,0.2197265625,-0.048828125,0.45166015625,-0.18310546875,5.92041015625,-0.2685546875,8.59375,-0.01220703125,4.79736328125,0.4150390625,6.7626953125,-0.1953125,0.244140625,0.0244140625,6.06689453125,0.28076171875,-0.18310546875,-0.15869140625,0.3173828125,0.18310546875,-1.55029296875,0,-0.29296875,0.52490234375,-0.45166015625,0.1953125,-1.46484375,-0.10986328125,-0.732421875,-0.1708984375,-0.68359375,-0.1953125,-0.59814453125,-0.03662109375,-0.09765625,0.23193359375,-0.732421875,0.20751953125,-1.46484375,-0.15869140625,-1.01318359375,-0.048828125,0.3173828125,-0.1708984375,0.2685546875,-0.0732421875,-0.0732421875,-0.06103515625,-0.06103515625,-0.01220703125,0.13427734375,-0.2197265625,1.0986328125,-0.1220703125,1.52587890625,0,3.08837890625,0.0244140625,0.59814453125
1,-0.45166015625,1.13525390625,-0.1220703125,0.40283203125,0.1953125,0.1220703125,-0.048828125,0.59814453125,0.20751953125,-0.08544921875,0.08544921875,-0.9765625,-0.0244140625,0.9765625,0,-0.20751953125,0.01220703125,-0.5615234375,0.0244140625,-0.25634765625,0.08544921875,0.830078125,-0.08544921875,-0.57373046875,0.048828125,-0.1220703125,-0.048828125,-0.8056640625,-0.42724609375,0.87890625,0.0244140625,0.01220703125,-0.2197265625,5.01708984375,0.45166015625,3.8330078125,0.23193359375,6.93359375,-0.0732421875,4.55322265625,-0.2197265625,-0.25634765625,-0.5615234375,-0.68359375,0.390625,-0.40283203125,0.537109375,0.54931640625,-0.1953125,1.1474609375,0.0732421875,0.37841796875,-0.390625,-0.15869140625,-0.50048828125,0.78125,-0.20751953125,0.76904296875,-0.18310546875,0.5615234375,-0.2197265625,0.54931640625,0.439453125,0.2685546875,0.1220703125,0.54931640625,-0.06103515625,1.1474609375,-0.30517578125,0.20751953125,-0.1220703125,0.47607421875,-0.1220703125,5.3466796875,-0.29296875,7.8125,0.048828125,4.30908203125,0.4638671875,6.21337890625,-0.146484375,0.10986328125,-0.0244140625,5.56640625,0.28076171875,-0.28076171875,-0.10986328125,0.20751953125,0.15869140625,-1.513671875,-0.01220703125,-0.28076171875,0.59814453125,-0.42724609375,0.20751953125,-1.45263671875,-0.13427734375,-0.72021484375,-0.1708984375,-0.68359375,-0.1708984375,-0.59814453125,-0.0732421875,-0.09765625,0.20751953125,-0.732421875,0.2685546875,-1.45263671875,-0.146484375,-1.025390625,-0.06103515625,0.32958984375,-0.1708984375,0.244140625,-0.08544921875,-0.048828125,-0.06103515625,-0.01220703125,-0.01220703125,0.1708984375,-0.18310546875,1.01318359375,-0.09765625,1.46484375,-0.048828125,2.86865234375,0.048828125,0.48828125
1,-0.4638671875,0.8056640625,-0.13427734375,0.1953125,0.18310546875,-0.0244140625,-0.048828125,0.40283203125,0.20751953125,-0.0732421875,0.08544921875,-0.9765625,0.01220703125,0.98876953125,-0.01220703125,-0.1953125,-0.01220703125,-0.54931640625,0.08544921875,-0.25634765625,0.10986328125,0.84228515625,-0.09765625,-0.57373046875,0.10986328125,-0.13427734375,-0.0244140625,-0.8056640625,-0.32958984375,0.9033203125,0.0244140625,0,-0.18310546875,4.931640625,0.3662109375,3.759765625,0.1220703125,6.9091796875,0.0244140625,4.443359375,-0.23193359375,-0.25634765625,-0.5615234375,-0.68359375,0.32958984375,-0.390625,0.5126953125,0.5126953125,-0.13427734375,1.123046875,0.06103515625,0.32958984375,-0.37841796875,-0.1708984375,-0.4150390625,0.7568359375,-0.20751953125,0.732421875,-0.146484375,0.54931640625,-0.32958984375,0.5859375,0.37841796875,0.23193359375,0.10986328125,0.57373046875,-0.08544921875,1.171875,-0.28076171875,0.244140625,-0.25634765625,0.5126953125,-0.1220703125,4.91943359375,-0.2685546875,7.16552734375,0.09765625,3.955078125,0.40283203125,5.77392578125,-0.10986328125,-0.048828125,-0.08544921875,4.8583984375,0.23193359375,-0.390625,-0.10986328125,0.06103515625,0.0732421875,-1.513671875,0,-0.28076171875,0.634765625,-0.37841796875,0.1953125,-1.45263671875,-0.13427734375,-0.72021484375,-0.146484375,-0.69580078125,-0.13427734375,-0.59814453125,-0.048828125,-0.08544921875,0.244140625,-0.74462890625,0.30517578125,-1.4404296875,-0.13427734375,-1.0009765625,-0.048828125,0.37841796875,-0.18310546875,0.25634765625,-0.08544921875,-0.06103515625,-0.06103515625,0.01220703125,0,0.18310546875,-0.18310546875,0.87890625,-0.13427734375,1.3916015625,-0.08544921875,2.57568359375,0.048828125,0.35400390625
0,-0.45166015625,0.54931640625,-0.1220703125,0.03662109375,0.15869140625,-0.15869140625,-0.03662109375,0.2685546875,0.2197265625,-0.048828125,0.09765625,-0.9521484375,0.0244140625,1.01318359375,-0.03662109375,-0.1953125,-0.01220703125,-0.5859375,0.08544921875,-0.244140625,0.13427734375,0.8544921875,-0.13427734375,-0.5859375,0.13427734375,-0.146484375,-0.0244140625,-0.79345703125,-0.23193359375,0.9033203125,0.03662109375,0.01220703125,-0.15869140625,4.7119140625,0.30517578125,3.52783203125,0.048828125,6.6650390625,0.1220703125,4.2236328125,-0.20751953125,-0.28076171875,-0.48828125,-0.67138671875,0.23193359375,-0.390625,0.48828125,0.52490234375,-0.0732421875,1.123046875,0.01220703125,0.30517578125,-0.3662109375,-0.1708984375,-0.390625,0.74462890625,-0.20751953125,0.72021484375,-0.15869140625,0.59814453125,-0.390625,0.5859375,0.35400390625,0.2197265625,0.10986328125,0.69580078125,-0.09765625,1.220703125,-0.1953125,0.3173828125,-0.18310546875,0.5126953125,-0.09765625,4.6630859375,-0.06103515625,6.73828125,0.18310546875,3.7109375,0.4150390625,5.52978515625,-0.1220703125,-0.2197265625,-0.09765625,4.0771484375,0.18310546875,-0.50048828125,-0.13427734375,-0.09765625,0.03662109375,-1.4892578125,0.0244140625,-0.28076171875,0.64697265625,-0.341796875,0.1708984375,-1.46484375,-0.15869140625,-0.732421875,-0.08544921875,-0.7080078125,-0.0732421875,-0.634765625,-0.03662109375,-0.08544921875,0.2685546875,-0.732421875,0.35400390625,-1.42822265625,-0.15869140625,-1.01318359375,-0.03662109375,0.3662109375,-0.1953125,0.2685546875,-0.10986328125,-0.03662109375,-0.06103515625,0.03662109375,-0.01220703125,0.1953125,-0.13427734375,0.72021484375,-0.13427734375,1.30615234375,-0.09765625,2.24609375,0.03662109375,0.20751953125
0,-0.4638671875,0.32958984375,-0.1220703125,-0.0732421875,0.15869140625,-0.25634765625,-0.048828125,0.1708984375,0.20751953125,-0.048828125,0.1220703125,-0.96435546875,0.03662109375,1.01318359375,-0.048828125,-0.1708984375,-0.048828125,-0.59814453125,0.048828125,-0.23193359375,0.10986328125,0.86669921875,-0.1708984375,-0.57373046875,0.18310546875,-0.15869140625,-0.048828125,-0.8056640625,-0.10986328125,0.89111328125,0.06103515625,0.01220703125,-0.1220703125,4.43115234375,0.18310546875,3.2470703125,-0.0244140625,6.31103515625,0.1953125,3.9306640625,-0.1953125,-0.30517578125,-0.37841796875,-0.67138671875,0.1220703125,-0.4150390625,0.439453125,0.5126953125,0,1.171875,0.0244140625,0.30517578125,-0.30517578125,-0.18310546875,-0.29296875,0.76904296875,-0.2197265625,0.72021484375,-0.146484375,0.59814453125,-0.42724609375,0.5859375,0.29296875,0.1953125,0.03662109375,0.8544921875,-0.08544921875,1.318359375,-0.08544921875,0.4638671875,-0.2197265625,0.5615234375,-0.18310546875,4.58984375,-0.048828125,6.5185546875,0.25634765625,3.64990234375,0.341796875,5.4443359375,-0.10986328125,-0.4150390625,-0.08544921875,3.21044921875,0.18310546875,-0.634765625,-0.146484375,-0.2685546875,0,-1.47705078125,0.048828125,-0.28076171875,0.62255859375,-0.341796875,0.1220703125,-1.46484375,-0.146484375,-0.74462890625,-0.0732421875,-0.72021484375,-0.01220703125,-0.62255859375,0,-0.08544921875,0.30517578125,-0.74462890625,0.390625,-1.42822265625,-0.1708984375,-1.0498046875,-0.01220703125,0.35400390625,-0.1708984375,0.30517578125,-0.08544921875,-0.06103515625,-0.06103515625,0.0244140625,-0.01220703125,0.1953125,-0.13427734375,0.62255859375,-0.1220703125,1.25732421875,-0.01220703125,1.96533203125,0.03662109375,0.08544921875
0,-0.5126953125,0.146484375,-0.146484375,-0.1953125,0.146484375,-0.35400390625,-0.08544921875,0.06103515625,0.20751953125,-0.06103515625,0.10986328125,-0.9521484375,0.048828125,1.025390625,-0.03662109375,-0.18310546875,-0.03662109375,-0.59814453125,0.01220703125,-0.244140625,0.10986328125,0.8544921875,-0.2197265625,-0.57373046875,0.2197265625,-0.1708984375,-0.10986328125,-0.8056640625,0.01220703125,0.87890625,-0.01220703125,0.01220703125,-0.09765625,4.13818359375,0.03662109375,2.9296875,-0.08544921875,5.89599609375,0.28076171875,3.62548828125,-0.1708984375,-0.3173828125,-0.3173828125,-0.67138671875,0,-0.4150390625,0.3662109375,0.537109375,0.03662109375,1.18408203125,0.15869140625,0.3173828125,-0.2685546875,-0.15869140625,-0.23193359375,0.78125,-0.23193359375,0.72021484375,-0.1220703125,0.6103515625,-0.4150390625,0.57373046875,0.23193359375,0.18310546875,-0.01220703125,1.0498046875,-0.1220703125,1.42822265625,-0.08544921875,0.5859375,-0.28076171875,0.62255859375,-0.2685546875,4.69970703125,0.01220703125,6.5185546875,0.23193359375,3.67431640625,0.2685546875,5.48095703125,-0.1220703125,-0.62255859375,-0.01220703125,2.33154296875,0.146484375,-0.8056640625,-0.1708984375,-0.4638671875,0,-1.47705078125,0.08544921875,-0.2685546875,0.537109375,-0.32958984375,0.1220703125,-1.50146484375,-0.146484375,-0.72021484375,-0.048828125,-0.72021484375,0.03662109375,-0.5859375,0.01220703125,-0.0732421875,0.29296875,-0.7568359375,0.390625,-1.4404296875,-0.1708984375,-1.0009765625,0.03662109375,0.35400390625,-0.15869140625,0.32958984375,-0.08544921875,-0.06103515625,-0.06103515625,-0.01220703125,-0.01220703125,0.20751953125,-0.15869140625,0.537109375,-0.08544921875,1.1962890625,-0.0732421875,1.77001953125,0.03662109375,0.0244140625
0,-0.47607421875,-0.048828125,-0.18310546875,-0.30517578125,0.09765625,-0.4150390625,-0.1708984375,-0.048828125,0.1953125,-0.0732421875,0.09765625,-0.93994140625,0.06103515625,1.03759765625,-0.0244140625,-0.18310546875,-0.0732421875,-0.59814453125,-0.0244140625,-0.23193359375,0.08544921875,0.8544921875,-0.28076171875,-0.59814453125,0.23193359375,-0.15869140625,-0.20751953125,-0.8056640625,0.1220703125,0.87890625,-0.03662109375,0.0244140625,-0.0732421875,3.84521484375,-0.09765625,2.685546875,-0.08544921875,5.45654296875,0.341796875,3.33251953125,-0.1708984375,-0.30517578125,-0.244140625,-0.7080078125,-0.10986328125,-0.45166015625,0.30517578125,0.537109375,0.06103515625,1.23291015625,0.01220703125,0.35400390625,-0.244140625,-0.1708984375,-0.20751953125,0.81787109375,-0.244140625,0.74462890625,-0.03662109375,0.634765625,-0.37841796875,0.5615234375,0.20751953125,0.1953125,0.0244140625,1.25732421875,-0.146484375,1.55029296875,-0.01220703125,0.7080078125,-0.1953125,0.67138671875,-0.37841796875,4.84619140625,-0.03662109375,6.65283203125,0.18310546875,3.7841796875,0.244140625,5.6396484375,-0.08544921875,-0.79345703125,0.06103515625,1.46484375,0.08544921875,-0.927734375,-0.1708984375,-0.634765625,0,-1.46484375,0.09765625,-0.25634765625,0.439453125,-0.35400390625,0.09765625,-1.4892578125,-0.146484375,-0.69580078125,-0.03662109375,-0.72021484375,0.0732421875,-0.6103515625,0.048828125,-0.08544921875,0.244140625,-0.732421875,0.390625,-1.45263671875,-0.23193359375,-1.025390625,0.0732421875,0.341796875,-0.1220703125,0.35400390625,-0.08544921875,-0.0732421875,-0.08544921875,-0.03662109375,-0.03662109375,0.1708984375,-0.18310546875,0.50048828125,-0.0732421875,1.15966796875,-0.10986328125,1.66015625,0.048828125,-0.0244140625
0,-0.48828125,-0.32958984375,-0.1708984375,-0.42724609375,0.06103515625,-0.47607421875,-0.1708984375,-0.15869140625,0.20751953125,-0.10986328125,0.10986328125,-0.927734375,0.01220703125,1.025390625,-0.0244140625,-0.1953125,-0.08544921875,-0.59814453125,-0.0732421875,-0.23193359375,0,0.830078125,-0.2685546875,-0.59814453125,0.25634765625,-0.1708984375,-0.2685546875,-0.79345703125,0.23193359375,0.87890625,-0.03662109375,0.0244140625,-0.048828125,3.6376953125,-0.23193359375,2.42919921875,-0.15869140625,5.09033203125,0.40283203125,3.1005859375,-0.15869140625,-0.30517578125,-0.20751953125,-0.72021484375,-0.15869140625,-0.439453125,0.30517578125,0.537109375,0.048828125,1.30615234375,-0.06103515625,0.390625,-0.20751953125,-0.1220703125,-0.13427734375,0.8544921875,-0.28076171875,0.78125,-0.10986328125,0.67138671875,-0.341796875,0.537109375,0.10986328125,0.1953125,0,1.42822265625,-0.13427734375,1.62353515625,0,0.79345703125,-0.06103515625,0.7080078125,-0.3662109375,4.99267578125,-0.03662109375,6.84814453125,0.09765625,3.89404296875,0.23193359375,5.76171875,-0.06103515625,-0.96435546875,0.15869140625,0.68359375,0.01220703125,-1.0498046875,-0.13427734375,-0.78125,0.01220703125,-1.47705078125,0.10986328125,-0.244140625,0.32958984375,-0.37841796875,0.13427734375,-1.50146484375,-0.146484375,-0.72021484375,-0.01220703125,-0.68359375,0.06103515625,-0.634765625,0.10986328125,-0.08544921875,0.1953125,-0.72021484375,0.37841796875,-1.4404296875,-0.2685546875,-1.01318359375,0.09765625,0.32958984375,-0.10986328125,0.35400390625,-0.1220703125,-0.08544921875,-0.0732421875,-0.06103515625,-0.03662109375,0.15869140625,-0.18310546875,0.52490234375,-0.08544921875,1.123046875,-0.146484375,1.64794921875,0.048828125,-0.0244140625
0,-0.47607421875,-0.5615234375,-0.1708984375,-0.57373046875,0.03662109375,-0.5615234375,-0.1708984375,-0.2685546875,0.20751953125,-0.1220703125,0.08544921875,-0.9521484375,0,1.0498046875,-0.01220703125,-0.20751953125,-0.06103515625,-0.5859375,-0.09765625,-0.20751953125,-0.06103515625,0.8056640625,-0.244140625,-0.6103515625,0.244140625,-0.146484375,-0.30517578125,-0.79345703125,0.29296875,0.86669921875,-0.01220703125,0.03662109375,-0.06103515625,3.515625,-0.30517578125,2.23388671875,-0.29296875,4.84619140625,0.37841796875,2.9296875,-0.146484375,-0.30517578125,-0.20751953125,-0.74462890625,-0.1953125,-0.439453125,0.2197265625,0.54931640625,0,1.35498046875,-0.03662109375,0.47607421875,-0.1953125,-0.146484375,-0.09765625,0.87890625,-0.30517578125,0.76904296875,-0.08544921875,0.68359375,-0.25634765625,0.52490234375,0.048828125,0.2197265625,0.0244140625,1.4892578125,-0.0732421875,1.66015625,-0.03662109375,0.81787109375,-0.048828125,0.732421875,-0.3173828125,5.04150390625,0.0244140625,6.9580078125,0,3.9306640625,0.244140625,5.84716796875,-0.048828125,-1.123046875,0.25634765625,-0.01220703125,-0.03662109375,-1.123046875,-0.15869140625,-0.9033203125,0.0244140625,-1.47705078125,0.10986328125,-0.2197265625,0.2197265625,-0.4150390625,0.146484375,-1.46484375,-0.1220703125,-0.7080078125,-0.0244140625,-0.6591796875,0,-0.6591796875,0.1708984375,-0.08544921875,0.13427734375,-0.72021484375,0.32958984375,-1.45263671875,-0.29296875,-1.0009765625,0.08544921875,0.3173828125,-0.10986328125,0.341796875,-0.1220703125,-0.08544921875,-0.08544921875,-0.09765625,-0.048828125,0.15869140625,-0.18310546875,0.57373046875,-0.09765625,1.123046875,-0.13427734375,1.74560546875,0.06103515625,0.03662109375
0,-0.47607421875,-0.830078125,-0.1708984375,-0.6591796875,0.0244140625,-0.6591796875,-0.18310546875,-0.3662109375,0.1953125,-0.13427734375,0.0732421875,-0.9521484375,0.01220703125,1.025390625,0.01220703125,-0.1953125,-0.03662109375,-0.5859375,-0.10986328125,-0.23193359375,-0.0732421875,0.830078125,-0.1708984375,-0.6103515625,0.244140625,-0.146484375,-0.3662109375,-0.78125,0.3662109375,0.87890625,-0.01220703125,0.03662109375,-0.06103515625,3.466796875,-0.390625,2.11181640625,-0.37841796875,4.67529296875,0.341796875,2.83203125,-0.1220703125,-0.29296875,-0.244140625,-0.7568359375,-0.18310546875,-0.42724609375,0.2197265625,0.57373046875,-0.08544921875,1.37939453125,-0.0244140625,0.54931640625,-0.23193359375,-0.10986328125,-0.08544921875,0.9033203125,-0.29296875,0.8056640625,-0.08544921875,0.7080078125,-0.2685546875,0.52490234375,-0.0244140625,0.23193359375,0.0732421875,1.46484375,0.03662109375,1.64794921875,-0.01220703125,0.78125,0.09765625,0.74462890625,-0.25634765625,4.9560546875,-0.0244140625,6.9091796875,-0.146484375,3.84521484375,0.2197265625,5.7861328125,-0.01220703125,-1.23291015625,0.341796875,-0.537109375,-0.1220703125,-1.1962890625,-0.1220703125,-1.01318359375,0.0244140625,-1.4892578125,0.10986328125,-0.1953125,0.08544921875,-0.42724609375,0.13427734375,-1.47705078125,-0.09765625,-0.7080078125,0,-0.6591796875,-0.08544921875,-0.64697265625,0.1708984375,-0.08544921875,0.09765625,-0.72021484375,0.25634765625,-1.45263671875,-0.28076171875,-1.0009765625,0.048828125,0.29296875,-0.09765625,0.3173828125,-0.146484375,-0.08544921875,-0.06103515625,-0.13427734375,-0.01220703125,0.1220703125,-0.1953125,0.634765625,-0.0732421875,1.13525390625,-0.1220703125,1.84326171875,0.03662109375,0.08544921875
0,-0.47607421875,-1.0986328125,-0.15869140625,-0.74462890625,0.0244140625,-0.7080078125,-0.1953125,-0.45166015625,0.1708984375,-0.13427734375,0.06103515625,-0.9521484375,-0.01220703125,1.0009765625,0.01220703125,-0.18310546875,-0.0244140625,-0.6103515625,-0.0732421875,-0.244140625,-0.1708984375,0.84228515625,-0.13427734375,-0.62255859375,0.244140625,-0.1220703125,-0.3662109375,-0.79345703125,0.390625,0.87890625,-0.048828125,0.03662109375,-0.06103515625,3.41796875,-0.4150390625,2.0263671875,-0.45166015625,4.6142578125,0.23193359375,2.74658203125,-0.1953125,-0.29296875,-0.25634765625,-0.74462890625,-0.1220703125,-0.42724609375,0.15869140625,0.537109375,-0.1220703125,1.3671875,-0.0732421875,0.57373046875,-0.1953125,-0.13427734375,-0.03662109375,0.87890625,-0.29296875,0.8056640625,-0.06103515625,0.732421875,-0.25634765625,0.5126953125,-0.1220703125,0.244140625,0.0732421875,1.3671875,0.0732421875,1.57470703125,-0.06103515625,0.69580078125,0.18310546875,0.74462890625,-0.08544921875,4.67529296875,0.0732421875,6.591796875,-0.2197265625,3.61328125,0.23193359375,5.5419921875,0,-1.30615234375,0.40283203125,-0.927734375,-0.2197265625,-1.23291015625,-0.18310546875,-1.06201171875,0.0732421875,-1.50146484375,0.08544921875,-0.2197265625,-0.03662109375,-0.4150390625,0.048828125,-1.42822265625,-0.06103515625,-0.7080078125,0.01220703125,-0.6591796875,-0.1220703125,-0.64697265625,0.18310546875,-0.08544921875,0.08544921875,-0.72021484375,0.2197265625,-1.46484375,-0.244140625,-0.98876953125,0.03662109375,0.28076171875,-0.06103515625,0.29296875,-0.146484375,-0.06103515625,-0.08544921875,-0.15869140625,-0.03662109375,0.10986328125,-0.20751953125,0.68359375,-0.0732421875,1.1474609375,-0.10986328125,1.953125,0.03662109375,0.13427734375
0,-0.48828125,-1.2451171875,-0.1220703125,-0.76904296875,0.01220703125,-0.76904296875,-0.20751953125,-0.45166015625,0.1220703125,-0.13427734375,0.048828125,-0.93994140625,0,1.0009765625,-0.0244140625,-0.1708984375,-0.01220703125,-0.5859375,-0.0244140625,-0.20751953125,-0.18310546875,0.830078125,-0.10986328125,-0.62255859375,0.25634765625,-0.1220703125,-0.32958984375,-0.79345703125,0.3662109375,0.87890625,-0.0732421875,0.0244140625,-0.06103515625,3.3935546875,-0.4638671875,1.98974609375,-0.50048828125,4.55322265625,0.10986328125,2.69775390625,-0.28076171875,-0.28076171875,-0.25634765625,-0.7568359375,-0.048828125,-0.40283203125,0.15869140625,0.537109375,-0.23193359375,1.33056640625,-0.03662109375,0.57373046875,-0.244140625,-0.15869140625,-0.03662109375,0.830078125,-0.1953125,0.8056640625,-0.09765625,0.72021484375,-0.25634765625,0.5126953125,-0.1708984375,0.2685546875,0.0244140625,1.20849609375,0.146484375,1.47705078125,-0.0732421875,0.57373046875,0.2685546875,0.7568359375,-0.0732421875,4.21142578125,0.06103515625,5.99365234375,-0.32958984375,3.23486328125,0.2197265625,5.126953125,-0.0244140625,-1.3671875,0.42724609375,-1.20849609375,-0.3173828125,-1.23291015625,-0.244140625,-1.06201171875,0.06103515625,-1.52587890625,0.06103515625,-0.2197265625,-0.10986328125,-0.4150390625,-0.0244140625,-1.416015625,-0.06103515625,-0.69580078125,-0.01220703125,-0.64697265625,-0.09765625,-0.62255859375,0.146484375,-0.08544921875,0.1220703125,-0.72021484375,0.13427734375,-1.46484375,-0.1953125,-1.0009765625,0,0.29296875,-0.03662109375,0.2685546875,-0.146484375,-0.06103515625,-0.06103515625,-0.13427734375,-0.0244140625,0.13427734375,-0.20751953125,0.67138671875,-0.1220703125,1.1474609375,-0.09765625,1.96533203125,0.03662109375,0.146484375
0,-0.50048828125,-1.30615234375,-0.0732421875,-0.74462890625,0,-0.79345703125,-0.23193359375,-0.439453125,0.1220703125,-0.1220703125,0.06103515625,-0.9521484375,0.0244140625,1.0009765625,-0.0244140625,-0.15869140625,-0.01220703125,-0.59814453125,0.03662109375,-0.2197265625,-0.1708984375,0.84228515625,-0.0732421875,-0.6103515625,0.244140625,-0.09765625,-0.29296875,-0.79345703125,0.29296875,0.87890625,-0.0732421875,0.03662109375,-0.13427734375,3.33251953125,-0.54931640625,1.94091796875,-0.47607421875,4.4921875,-0.0244140625,2.62451171875,-0.3662109375,-0.28076171875,-0.18310546875,-0.74462890625,0.06103515625,-0.37841796875,0.25634765625,0.5126953125,-0.23193359375,1.28173828125,0.0244140625,0.59814453125,-0.25634765625,-0.18310546875,-0.01220703125,0.78125,-0.10986328125,0.79345703125,-0.15869140625,0.72021484375,-0.20751953125,0.537109375,-0.18310546875,0.25634765625,-0.03662109375,1.0498046875,0.23193359375,1.3671875,-0.03662109375,0.4638671875,0.37841796875,0.81787109375,0,3.57666015625,0.08544921875,5.17578125,-0.35400390625,2.72216796875,0.23193359375,4.5654296875,-0.048828125,-1.3671875,0.42724609375,-1.318359375,-0.42724609375,-1.23291015625,-0.30517578125,-1.0498046875,0.09765625,-1.52587890625,0.03662109375,-0.23193359375,-0.146484375,-0.40283203125,-0.048828125,-1.40380859375,-0.09765625,-0.69580078125,-0.0244140625,-0.67138671875,-0.0732421875,-0.62255859375,0.08544921875,-0.06103515625,0.1220703125,-0.72021484375,0.10986328125,-1.46484375,-0.15869140625,-1.0009765625,-0.01220703125,0.30517578125,-0.048828125,0.25634765625,-0.18310546875,-0.048828125,-0.0732421875,-0.10986328125,-0.01220703125,0.1220703125,-0.18310546875,0.62255859375,-0.13427734375,1.123046875,0,1.806640625,0.0244140625,0.09765625
0,-0.48828125,-1.23291015625,-0.06103515625,-0.68359375,-0.01220703125,-0.8056640625,-0.2197265625,-0.40283203125,0.10986328125,-0.1220703125,0.08544921875,-0.96435546875,0.01220703125,1.0009765625,-0.03662109375,-0.146484375,-0.01220703125,-0.59814453125,0.09765625,-0.2197265625,-0.1220703125,0.86669921875,-0.10986328125,-0.6103515625,0.25634765625,-0.09765625,-0.23193359375,-0.79345703125,0.1953125,0.9033203125,-0.06103515625,0.0244140625,-0.15869140625,3.18603515625,-0.5615234375,1.85546875,-0.40283203125,4.28466796875,-0.06103515625,2.47802734375,-0.439453125,-0.28076171875,-0.28076171875,-0.74462890625,0.09765625,-0.3662109375,0.30517578125,0.50048828125,-0.2685546875,1.220703125,-0.01220703125,0.62255859375,-0.3173828125,-0.23193359375,0,0.732421875,-0.0244140625,0.78125,-0.1953125,0.7080078125,-0.146484375,0.54931640625,-0.20751953125,0.25634765625,-0.06103515625,0.9033203125,0.35400390625,1.2939453125,-0.01220703125,0.3662109375,0.390625,0.93994140625,0.0244140625,2.86865234375,0.09765625,4.16259765625,-0.30517578125,2.16064453125,0.23193359375,3.90625,-0.0732421875,-1.35498046875,0.439453125,-1.318359375,-0.48828125,-1.20849609375,-0.29296875,-1.025390625,0.08544921875,-1.513671875,-0.03662109375,-0.2685546875,-0.20751953125,-0.37841796875,-0.0732421875,-1.3916015625,-0.1220703125,-0.7080078125,-0.0732421875,-0.68359375,-0.03662109375,-0.59814453125,-0.01220703125,-0.0732421875,0.09765625,-0.732421875,0.06103515625,-1.47705078125,-0.10986328125,-1.0009765625,-0.0732421875,0.29296875,-0.03662109375,0.23193359375,-0.1953125,-0.0244140625,-0.08544921875,-0.06103515625,-0.01220703125,0.13427734375,-0.18310546875,0.50048828125,-0.146484375,1.0498046875,0.048828125,1.47705078125,0.0244140625,-0.01220703125
0,-0.439453125,-1.03759765625,-0.03662109375,-0.59814453125,-0.048828125,-0.7568359375,-0.25634765625,-0.32958984375,0.08544921875,-0.1220703125,0.08544921875,-0.96435546875,0.0244140625,1.025390625,-0.06103515625,-0.15869140625,0.01220703125,-0.5859375,0.15869140625,-0.20751953125,-0.048828125,0.86669921875,-0.13427734375,-0.6103515625,0.25634765625,-0.08544921875,-0.13427734375,-0.78125,0.048828125,0.89111328125,-0.01220703125,0.0244140625,-0.244140625,2.880859375,-0.5859375,1.69677734375,-0.28076171875,3.9794921875,-0.146484375,2.23388671875,-0.537109375,-0.30517578125,-0.244140625,-0.732421875,0.1708984375,-0.40283203125,0.37841796875,0.4638671875,-0.3173828125,1.1962890625,-0.01220703125,0.72021484375,-0.341796875,-0.2197265625,0,0.72021484375,0.0732421875,0.7568359375,-0.20751953125,0.68359375,-0.1220703125,0.5859375,-0.1953125,0.25634765625,-0.1220703125,0.8544921875,0.32958984375,1.28173828125,0.048828125,0.3662109375,0.35400390625,1.15966796875,0.0244140625,2.1484375,0.03662109375,3.08837890625,-0.23193359375,1.57470703125,0.1708984375,3.22265625,-0.0732421875,-1.30615234375,0.4638671875,-1.23291015625,-0.48828125,-1.13525390625,-0.28076171875,-0.9765625,0.06103515625,-1.50146484375,-0.10986328125,-0.2685546875,-0.29296875,-0.35400390625,-0.048828125,-1.40380859375,-0.10986328125,-0.7080078125,-0.09765625,-0.67138671875,0.01220703125,-0.5859375,-0.08544921875,-0.06103515625,0.048828125,-0.74462890625,0,-1.45263671875,-0.0732421875,-1.0009765625,-0.13427734375,0.30517578125,-0.01220703125,0.23193359375,-0.1953125,-0.01220703125,-0.0732421875,-0.048828125,-0.01220703125,0.15869140625,-0.18310546875,0.32958984375,-0.08544921875,0.9521484375,0.0732421875,1.0009765625,0.03662109375,-0.1708984375
0,-0.35400390625,-0.76904296875,-0.06103515625,-0.5126953125,-0.048828125,-0.67138671875,-0.25634765625,-0.244140625,0.1220703125,-0.10986328125,0.08544921875,-0.9521484375,0.0244140625,1.025390625,-0.06103515625,-0.18310546875,0.01220703125,-0.59814453125,0.20751953125,-0.20751953125,-0.01220703125,0.8544921875,-0.13427734375,-0.6103515625,0.23193359375,-0.08544921875,-0.048828125,-0.76904296875,-0.08544921875,0.89111328125,0.01220703125,0.0244140625,-0.2197265625,2.45361328125,-0.52490234375,1.45263671875,-0.09765625,3.43017578125,-0.15869140625,1.91650390625,-0.54931640625,-0.30517578125,-0.23193359375,-0.69580078125,0.1953125,-0.4638671875,0.439453125,0.4638671875,-0.30517578125,1.220703125,-0.01220703125,0.927734375,-0.341796875,-0.1953125,-0.048828125,0.7080078125,0.08544921875,0.74462890625,-0.15869140625,0.6591796875,-0.13427734375,0.57373046875,-0.1708984375,0.2197265625,-0.09765625,0.96435546875,0.35400390625,1.416015625,0.09765625,0.4638671875,0.35400390625,1.57470703125,0.09765625,1.5380859375,0.0732421875,2.1728515625,-0.13427734375,1.06201171875,0.08544921875,2.63671875,-0.1220703125,-1.26953125,0.4638671875,-1.08642578125,-0.47607421875,-1.0986328125,-0.20751953125,-0.9521484375,0.048828125,-1.4892578125,-0.146484375,-0.28076171875,-0.37841796875,-0.3173828125,0,-1.40380859375,-0.1220703125,-0.69580078125,-0.09765625,-0.68359375,0.03662109375,-0.5859375,-0.146484375,-0.06103515625,-0.0244140625,-0.74462890625,-0.01220703125,-1.46484375,-0.03662109375,-1.025390625,-0.18310546875,0.341796875,-0.0244140625,0.25634765625,-0.2197265625,-0.01220703125,-0.08544921875,-0.03662109375,-0.06103515625,0.15869140625,-0.146484375,0.1220703125,-0.08544921875,0.84228515625,0.0732421875,0.45166015625,0.0244140625,-0.3662109375
1,-0.45166015625,-0.50048828125,-0.09765625,-0.439453125,-0.048828125,-0.59814453125,-0.25634765625,-0.146484375,0.09765625,-0.08544921875,0.09765625,-0.93994140625,0.0244140625,1.0498046875,-0.0732421875,-0.20751953125,0.0244140625,-0.62255859375,0.23193359375,-0.18310546875,-0.01220703125,0.84228515625,-0.13427734375,-0.5859375,0.20751953125,-0.10986328125,0.0244140625,-0.78125,-0.23193359375,0.86669921875,0.048828125,0.03662109375,-0.29296875,1.94091796875,-0.52490234375,1.123046875,0.0244140625,2.783203125,-0.13427734375,1.52587890625,-0.50048828125,-0.30517578125,-0.18310546875,-0.68359375,0.23193359375,-0.50048828125,0.37841796875,0.47607421875,-0.2685546875,1.28173828125,-0.15869140625,1.28173828125,-0.35400390625,-0.1220703125,-0.1220703125,0.79345703125,0.13427734375,0.7568359375,-0.1220703125,0.634765625,-0.03662109375,0.6103515625,-0.09765625,0.1953125,-0.06103515625,1.25732421875,0.40283203125,1.64794921875,0.1708984375,0.67138671875,0.30517578125,2.1484375,0.06103515625,1.13525390625,0.10986328125,1.4892578125,-0.01220703125,0.732421875,-0.01220703125,2.20947265625,-0.1708984375,-1.20849609375,0.42724609375,-0.91552734375,-0.4150390625,-1.0498046875,-0.18310546875,-0.89111328125,0.01220703125,-1.47705078125,-0.15869140625,-0.29296875,-0.45166015625,-0.30517578125,0.0732421875,-1.416015625,-0.10986328125,-0.7080078125,-0.08544921875,-0.7080078125,0.0244140625,-0.6103515625,-0.15869140625,-0.0732421875,-0.09765625,-0.732421875,-0.06103515625,-1.47705078125,0,-1.025390625,-0.20751953125,0.341796875,-0.048828125,0.29296875,-0.244140625,-0.03662109375,-0.0732421875,-0.03662109375,-0.06103515625,0.15869140625,-0.1708984375,-0.08544921875,-0.0732421875,0.69580078125,0.0732421875,-0.15869140625,0.0244140625,-0.57373046875
1,-0.45166015625,-0.23193359375,-0.06103515625,-0.3662109375,-0.06103515625,-0.50048828125,-0.23193359375,-0.09765625,0.09765625,-0.0732421875,0.09765625,-0.9521484375,0.0244140625,1.0498046875,-0.1220703125,-0.2197265625,0.048828125,-0.6103515625,0.18310546875,-0.20751953125,0,0.830078125,-0.10986328125,-0.57373046875,0.1708984375,-0.13427734375,0.048828125,-0.79345703125,-0.32958984375,0.830078125,0.09765625,0.0244140625,-0.32958984375,1.40380859375,-0.42724609375,0.76904296875,0.15869140625,1.9775390625,-0.06103515625,1.07421875,-0.4150390625,-0.30517578125,-0.146484375,-0.68359375,0.28076171875,-0.5126953125,0.32958984375,0.4638671875,-0.28076171875,1.4404296875,-0.15869140625,1.7333984375,-0.390625,-0.03662109375,-0.2197265625,0.91552734375,0.146484375,0.78125,-0.146484375,0.62255859375,-0.0244140625,0.62255859375,-0.01220703125,0.2197265625,-0.0732421875,1.7333984375,0.35400390625,2.01416015625,0.1953125,1.03759765625,0.2685546875,2.9052734375,0.13427734375,0.9765625,0.13427734375,1.171875,0.1220703125,0.5859375,-0.06103515625,2.03857421875,-0.2197265625,-1.18408203125,0.3662109375,-0.74462890625,-0.32958984375,-1.025390625,-0.13427734375,-0.87890625,-0.01220703125,-1.4892578125,-0.15869140625,-0.29296875,-0.50048828125,-0.3173828125,0.09765625,-1.46484375,-0.10986328125,-0.7080078125,-0.08544921875,-0.69580078125,-0.03662109375,-0.6103515625,-0.15869140625,-0.08544921875,-0.08544921875,-0.732421875,-0.13427734375,-1.46484375,-0.0244140625,-1.01318359375,-0.1953125,0.32958984375,-0.03662109375,0.30517578125,-0.25634765625,-0.03662109375,-0.0732421875,-0.048828125,-0.08544921875,0.15869140625,-0.1708984375,-0.25634765625,-0.048828125,0.5859375,0.09765625,-0.67138671875,0.0244140625,-0.74462890625
1,-0.439453125,-0.06103515625,-0.0732421875,-0.341796875,-0.0732421875,-0.4150390625,-0.25634765625,-0.048828125,0.09765625,-0.06103515625,0.0732421875,-0.927734375,0.0244140625,1.03759765625,-0.10986328125,-0.244140625,0.06103515625,-0.62255859375,0.10986328125,-0.1953125,-0.09765625,0.830078125,-0.1708984375,-0.5615234375,0.15869140625,-0.1220703125,0.09765625,-0.78125,-0.3662109375,0.84228515625,0.08544921875,0.048828125,-0.3173828125,0.89111328125,-0.37841796875,0.37841796875,0.2685546875,1.15966796875,-0.03662109375,0.634765625,-0.29296875,-0.29296875,-0.048828125,-0.68359375,0.2685546875,-0.54931640625,0.29296875,0.4638671875,-0.244140625,1.62353515625,-0.1708984375,2.33154296875,-0.439453125,0.09765625,-0.2197265625,1.0986328125,0.146484375,0.78125,-0.10986328125,0.6103515625,-0.01220703125,0.59814453125,0.03662109375,0.20751953125,0.06103515625,2.38037109375,0.341796875,2.47802734375,0.20751953125,1.513671875,0.23193359375,3.759765625,0.0732421875,1.11083984375,0.10986328125,1.2939453125,0.1708984375,0.68359375,-0.1953125,2.13623046875,-0.25634765625,-1.171875,0.3173828125,-0.59814453125,-0.2197265625,-1.01318359375,-0.1220703125,-0.86669921875,-0.0244140625,-1.50146484375,-0.1708984375,-0.29296875,-0.50048828125,-0.3173828125,0.0732421875,-1.47705078125,-0.146484375,-0.72021484375,-0.08544921875,-0.69580078125,-0.03662109375,-0.6103515625,-0.146484375,-0.06103515625,-0.0732421875,-0.72021484375,-0.146484375,-1.46484375,-0.09765625,-1.025390625,-0.13427734375,0.341796875,-0.06103515625,0.32958984375,-0.28076171875,-0.048828125,-0.08544921875,-0.048828125,-0.09765625,0.146484375,-0.15869140625,-0.32958984375,-0.0244140625,0.52490234375,0.048828125,-0.98876953125,0.0244140625,-0.86669921875
1,-0.47607421875,0.01220703125,-0.0732421875,-0.32958984375,-0.146484375,-0.390625,-0.2685546875,-0.06103515625,0.10986328125,-0.08544921875,0.048828125,-0.927734375,0,1.0498046875,-0.1220703125,-0.244140625,0.08544921875,-0.62255859375,0.048828125,-0.1953125,-0.2197265625,0.84228515625,-0.20751953125,-0.5615234375,0.15869140625,-0.13427734375,0.06103515625,-0.7568359375,-0.32958984375,0.84228515625,0.048828125,0.03662109375,-0.29296875,0.47607421875,-0.390625,0.03662109375,0.37841796875,0.47607421875,0.06103515625,0.28076171875,-0.15869140625,-0.29296875,0.048828125,-0.68359375,0.244140625,-0.57373046875,0.1953125,0.5126953125,-0.29296875,1.91650390625,-0.23193359375,2.99072265625,-0.45166015625,0.28076171875,-0.30517578125,1.318359375,0.10986328125,0.78125,-0.048828125,0.6103515625,0.048828125,0.6103515625,0.048828125,0.20751953125,0.0732421875,3.11279296875,0.25634765625,2.978515625,0.146484375,2.03857421875,0.08544921875,4.74853515625,-0.03662109375,1.5380859375,0.13427734375,1.86767578125,0.20751953125,1.025390625,-0.1953125,2.5146484375,-0.23193359375,-1.18408203125,0.28076171875,-0.537109375,-0.1220703125,-1.0498046875,-0.10986328125,-0.87890625,-0.0244140625,-1.50146484375,-0.1708984375,-0.2685546875,-0.5126953125,-0.37841796875,0.0244140625,-1.4892578125,-0.18310546875,-0.7568359375,-0.08544921875,-0.68359375,-0.048828125,-0.634765625,-0.146484375,-0.08544921875,0.01220703125,-0.7080078125,-0.23193359375,-1.46484375,-0.1708984375,-1.01318359375,-0.06103515625,0.3173828125,-0.048828125,0.3662109375,-0.25634765625,-0.048828125,-0.08544921875,-0.03662109375,-0.1220703125,0.13427734375,-0.15869140625,-0.35400390625,-0.048828125,0.50048828125,0.048828125,-1.0986328125,0.01220703125,-0.927734375
1,-0.42724609375,-0.03662109375,-0.0244140625,-0.3662109375,-0.1708984375,-0.37841796875,-0.23193359375,-0.06103515625,0.10986328125,-0.09765625,0.0244140625,-0.93994140625,-0.0244140625,1.025390625,-0.1220703125,-0.23193359375,0.06103515625,-0.62255859375,-0.03662109375,-0.23193359375,-0.3173828125,0.84228515625,-0.2197265625,-0.57373046875,0.15869140625,-0.13427734375,0.01220703125,-0.78125,-0.2685546875,0.830078125,-0.03662109375,0.048828125,-0.1953125,0.1953125,-0.244140625,-0.18310546875,0.42724609375,-0.01220703125,0.1220703125,0.0732421875,-0.01220703125,-0.2685546875,0.15869140625,-0.64697265625,0.18310546875,-0.57373046875,0.10986328125,0.52490234375,-0.341796875,2.20947265625,-0.146484375,3.7109375,-0.48828125,0.4638671875,-0.390625,1.5625,0.0244140625,0.79345703125,0.0244140625,0.5859375,0.0732421875,0.634765625,0.09765625,0.2197265625,0.0732421875,3.86962890625,0.146484375,3.52783203125,0.0244140625,2.55126953125,0.1708984375,5.76171875,-0.10986328125,2.23388671875,0.1953125,2.83203125,0.23193359375,1.59912109375,-0.1220703125,3.1494140625,-0.1953125,-1.20849609375,0.2685546875,-0.50048828125,-0.01220703125,-1.0986328125,-0.10986328125,-0.9033203125,-0.0244140625,-1.513671875,-0.146484375,-0.2685546875,-0.45166015625,-0.37841796875,-0.06103515625,-1.513671875,-0.244140625,-0.72021484375,-0.06103515625,-0.6591796875,-0.06103515625,-0.634765625,-0.10986328125,-0.06103515625,0.06103515625,-0.7080078125,-0.25634765625,-1.4404296875,-0.2197265625,-1.025390625,0,0.29296875,-0.048828125,0.3662109375,-0.2685546875,-0.06103515625,-0.0732421875,-0.03662109375,-0.146484375,0.146484375,-0.146484375,-0.25634765625,-0.048828125,0.52490234375,0.048828125,-0.9033203125,-0.01220703125,-0.87890625
1,-0.4150390625,-0.15869140625,-0.06103515625,-0.40283203125,-0.2197265625,-0.4150390625,-0.28076171875,-0.1220703125,0.13427734375,-0.10986328125,0.03662109375,-0.927734375,-0.01220703125,1.025390625,-0.09765625,-0.2197265625,0.03662109375,-0.6103515625,-0.10986328125,-0.244140625,-0.42724609375,0.84228515625,-0.25634765625,-0.54931640625,0.1953125,-0.1220703125,-0.06103515625,-0.76904296875,-0.18310546875,0.8544921875,-0.06103515625,0.03662109375,-0.1953125,0.1953125,-0.244140625,-0.244140625,0.3173828125,-0.1708984375,0.0732421875,0.03662109375,0.0732421875,-0.25634765625,0.30517578125,-0.634765625,0.146484375,-0.537109375,0,0.52490234375,-0.40283203125,2.5146484375,0.03662109375,4.43115234375,-0.48828125,0.64697265625,-0.48828125,1.806640625,-0.01220703125,0.79345703125,0.1220703125,0.59814453125,0.048828125,0.62255859375,0.1220703125,0.23193359375,0.10986328125,4.6142578125,0.146484375,4.0283203125,-0.01220703125,3.06396484375,0.3173828125,6.73828125,-0.20751953125,3.1005859375,0.18310546875,4.08935546875,0.244140625,2.35595703125,-0.048828125,3.96728515625,-0.15869140625,-1.23291015625,0.29296875,-0.54931640625,0.10986328125,-1.13525390625,-0.0732421875,-0.9521484375,-0.03662109375,-1.52587890625,-0.10986328125,-0.28076171875,-0.37841796875,-0.37841796875,-0.08544921875,-1.47705078125,-0.29296875,-0.7568359375,-0.0244140625,-0.64697265625,-0.0732421875,-0.6591796875,-0.06103515625,-0.0732421875,0.0244140625,-0.68359375,-0.23193359375,-1.4404296875,-0.2685546875,-1.03759765625,0.0732421875,0.30517578125,-0.048828125,0.341796875,-0.2685546875,-0.08544921875,-0.08544921875,-0.048828125,-0.13427734375,0.1220703125,-0.09765625,-0.08544921875,-0.06103515625,0.62255859375,0.03662109375,-0.47607421875,0.01220703125,-0.69580078125
1,-0.4638671875,-0.3173828125,-0.048828125,-0.439453125,-0.23193359375,-0.4638671875,-0.28076171875,-0.1708984375,0.1220703125,-0.1220703125,0.03662109375,-0.93994140625,-0.0244140625,1.025390625,-0.1220703125,-0.23193359375,0.03662109375,-0.62255859375,-0.1708984375,-0.25634765625,-0.45166015625,0.86669921875,-0.23193359375,-0.57373046875,0.23193359375,-0.13427734375,-0.1220703125,-0.79345703125,-0.13427734375,0.86669921875,-0.048828125,0.03662109375,-0.10986328125,0.4150390625,-0.01220703125,-0.10986328125,0.341796875,0.01220703125,0.1953125,0.2197265625,0.09765625,-0.244140625,0.390625,-0.6103515625,0.10986328125,-0.5126953125,-0.048828125,0.54931640625,-0.45166015625,2.79541015625,0.1220703125,5.06591796875,-0.45166015625,0.84228515625,-0.54931640625,2.01416015625,-0.0244140625,0.79345703125,0.0732421875,0.59814453125,0.06103515625,0.62255859375,0.1708984375,0.25634765625,0.15869140625,5.224609375,0.08544921875,4.443359375,-0.09765625,3.45458984375,0.390625,7.60498046875,-0.23193359375,4.1015625,0.06103515625,5.52978515625,0.1953125,3.173828125,0,4.91943359375,-0.10986328125,-1.2451171875,0.25634765625,-0.6103515625,0.18310546875,-1.171875,-0.03662109375,-0.98876953125,-0.0244140625,-1.55029296875,-0.0244140625,-0.29296875,-0.30517578125,-0.390625,-0.1220703125,-1.50146484375,-0.2685546875,-0.76904296875,-0.06103515625,-0.6591796875,-0.1220703125,-0.64697265625,-0.0244140625,-0.06103515625,0.01220703125,-0.69580078125,-0.244140625,-1.45263671875,-0.30517578125,-1.03759765625,0.08544921875,0.30517578125,-0.06103515625,0.30517578125,-0.29296875,-0.08544921875,-0.08544921875,-0.06103515625,-0.15869140625,0.09765625,-0.0732421875,0.15869140625,-0.03662109375,0.79345703125,0.03662109375,0.1953125,0.03662109375,-0.42724609375
1,-0.4150390625,-0.5126953125,-0.01220703125,-0.45166015625,-0.18310546875,-0.50048828125,-0.25634765625,-0.18310546875,0.13427734375,-0.1220703125,0.0244140625,-0.927734375,-0.0244140625,1.0009765625,-0.1220703125,-0.1953125,-0.01220703125,-0.62255859375,-0.23193359375,-0.2685546875,-0.47607421875,0.8544921875,-0.1708984375,-0.537109375,0.25634765625,-0.13427734375,-0.146484375,-0.79345703125,-0.146484375,0.86669921875,-0.0732421875,0.048828125,-0.048828125,0.9033203125,-0.0244140625,0.2197265625,0.25634765625,0.62255859375,0.146484375,0.64697265625,0.03662109375,-0.244140625,0.42724609375,-0.57373046875,0.08544921875,-0.50048828125,-0.1220703125,0.537109375,-0.52490234375,3.03955078125,0.08544921875,5.57861328125,-0.439453125,0.98876953125,-0.59814453125,2.18505859375,0.01220703125,0.7568359375,0.08544921875,0.6103515625,0.06103515625,0.62255859375,0.20751953125,0.25634765625,0.1953125,5.712890625,0,4.74853515625,-0.18310546875,3.74755859375,0.25634765625,8.30078125,-0.23193359375,5.1025390625,-0.06103515625,7.0068359375,0.1708984375,4.06494140625,0.01220703125,5.908203125,-0.0732421875,-1.26953125,0.28076171875,-0.7080078125,0.29296875,-1.18408203125,-0.03662109375,-0.98876953125,0.03662109375,-1.57470703125,0.048828125,-0.29296875,-0.2197265625,-0.40283203125,-0.146484375,-1.46484375,-0.25634765625,-0.78125,-0.048828125,-0.6591796875,-0.18310546875,-0.64697265625,0.0244140625,-0.048828125,-0.01220703125,-0.72021484375,-0.1953125,-1.42822265625,-0.3173828125,-1.03759765625,0.09765625,0.32958984375,-0.06103515625,0.29296875,-0.2685546875,-0.0732421875,-0.08544921875,-0.0732421875,-0.1953125,0.1220703125,-0.03662109375,0.47607421875,-0.01220703125,1.0009765625,0.01220703125,1.03759765625,0.03662109375,-0.10986328125
1,-0.42724609375,-0.59814453125,-0.03662109375,-0.439453125,-0.20751953125,-0.50048828125,-0.3173828125,-0.1708984375,0.1220703125,-0.13427734375,0.01220703125,-0.927734375,0,0.98876953125,-0.13427734375,-0.2197265625,-0.048828125,-0.634765625,-0.23193359375,-0.244140625,-0.439453125,0.86669921875,-0.1220703125,-0.52490234375,0.2685546875,-0.13427734375,-0.1708984375,-0.8056640625,-0.18310546875,0.8544921875,-0.06103515625,0.03662109375,0.0244140625,1.62353515625,0.08544921875,0.78125,0.15869140625,1.59912109375,0.1220703125,1.26953125,-0.048828125,-0.244140625,0.42724609375,-0.537109375,0.06103515625,-0.47607421875,-0.13427734375,0.537109375,-0.5615234375,3.22265625,0.10986328125,5.95703125,-0.40283203125,1.08642578125,-0.6103515625,2.30712890625,0.146484375,0.7568359375,0.08544921875,0.6103515625,0.08544921875,0.62255859375,0.25634765625,0.25634765625,0.2197265625,6.01806640625,0.0244140625,4.99267578125,-0.18310546875,3.94287109375,0.23193359375,8.80126953125,-0.1953125,6.103515625,-0.1220703125,8.36181640625,0.15869140625,4.89501953125,0.10986328125,6.84814453125,-0.08544921875,-1.28173828125,0.25634765625,-0.79345703125,0.29296875,-1.18408203125,-0.09765625,-0.98876953125,0.0732421875,-1.5380859375,0.146484375,-0.28076171875,-0.09765625,-0.40283203125,-0.1220703125,-1.45263671875,-0.2197265625,-0.7568359375,-0.06103515625,-0.64697265625,-0.244140625,-0.64697265625,0.06103515625,-0.048828125,-0.03662109375,-0.7080078125,-0.146484375,-1.42822265625,-0.341796875,-1.01318359375,0.08544921875,0.3173828125,-0.03662109375,0.2685546875,-0.244140625,-0.048828125,-0.08544921875,-0.08544921875,-0.18310546875,0.1220703125,-0.048828125,0.78125,-0.0244140625,1.2451171875,-0.0732421875,1.904296875,0.06103515625,0.244140625
1,-0.40283203125,-0.634765625,-0.01220703125,-0.3662109375,-0.2197265625,-0.48828125,-0.3173828125,-0.1220703125,0.09765625,-0.1220703125,0.0244140625,-0.91552734375,-0.01220703125,1.0009765625,-0.13427734375,-0.1953125,-0.048828125,-0.6103515625,-0.25634765625,-0.2685546875,-0.341796875,0.84228515625,-0.06103515625,-0.5126953125,0.28076171875,-0.146484375,-0.1953125,-0.8056640625,-0.244140625,0.86669921875,-0.06103515625,0.048828125,0.06103515625,2.5390625,0.18310546875,1.50146484375,-0.0244140625,2.86865234375,0.0732421875,2.0263671875,-0.13427734375,-0.244140625,0.3662109375,-0.50048828125,0.03662109375,-0.42724609375,-0.146484375,0.52490234375,-0.5615234375,3.30810546875,0.146484375,6.1767578125,-0.37841796875,1.15966796875,-0.67138671875,2.38037109375,0.244140625,0.732421875,0.146484375,0.6103515625,0.03662109375,0.634765625,0.32958984375,0.244140625,0.23193359375,6.1767578125,-0.01220703125,5.09033203125,-0.1953125,4.04052734375,0.23193359375,9.130859375,-0.13427734375,6.93359375,-0.048828125,9.521484375,0.146484375,5.60302734375,0.15869140625,7.70263671875,-0.10986328125,-1.26953125,0.25634765625,-0.8544921875,0.28076171875,-1.18408203125,-0.13427734375,-0.96435546875,0.09765625,-1.5380859375,0.1953125,-0.25634765625,-0.01220703125,-0.40283203125,-0.06103515625,-1.45263671875,-0.1708984375,-0.7568359375,-0.0732421875,-0.6591796875,-0.29296875,-0.64697265625,0.03662109375,-0.06103515625,0.01220703125,-0.732421875,-0.13427734375,-1.4404296875,-0.32958984375,-0.98876953125,0.048828125,0.32958984375,0.01220703125,0.28076171875,-0.244140625,-0.048828125,-0.08544921875,-0.09765625,-0.1953125,0.13427734375,-0.048828125,1.03759765625,-0.03662109375,1.46484375,-0.1220703125,2.734375,0.06103515625,0.57373046875
1,-0.3662109375,-0.5859375,0,-0.25634765625,-0.20751953125,-0.42724609375,-0.3173828125,-0.03662109375,0.09765625,-0.10986328125,0,-0.927734375,0,1.0009765625,-0.1220703125,-0.18310546875,-0.06103515625,-0.62255859375,-0.20751953125,-0.25634765625,-0.23193359375,0.830078125,0.01220703125,-0.50048828125,0.2685546875,-0.146484375,-0.1953125,-0.81787109375,-0.341796875,0.87890625,-0.10986328125,0.01220703125,0.03662109375,3.4912109375,0.1220703125,2.30712890625,-0.18310546875,4.28466796875,0.01220703125,2.9052734375,-0.1953125,-0.244140625,0.32958984375,-0.47607421875,0.0732421875,-0.40283203125,-0.08544921875,0.5126953125,-0.54931640625,3.3203125,0.2197265625,6.2255859375,-0.341796875,1.18408203125,-0.634765625,2.392578125,0.30517578125,0.7080078125,0.1708984375,0.6103515625,-0.0244140625,0.634765625,0.37841796875,0.23193359375,0.244140625,6.1767578125,-0.0732421875,5.11474609375,-0.1220703125,4.052734375,0.2197265625,9.26513671875,-0.03662109375,7.6171875,-0.0244140625,10.400390625,0.20751953125,6.16455078125,0.1708984375,8.349609375,-0.146484375,-1.25732421875,0.244140625,-0.89111328125,0.28076171875,-1.1474609375,-0.1220703125,-0.9521484375,0.09765625,-1.52587890625,0.23193359375,-0.244140625,0.06103515625,-0.37841796875,0.0244140625,-1.45263671875,-0.146484375,-0.7568359375,-0.09765625,-0.6591796875,-0.3173828125,-0.67138671875,-0.01220703125,-0.06103515625,0.06103515625,-0.7568359375,-0.0732421875,-1.46484375,-0.32958984375,-1.01318359375,-0.0244140625,0.3662109375,-0.01220703125,0.25634765625,-0.2197265625,-0.03662109375,-0.0732421875,-0.10986328125,-0.1953125,0.15869140625,-0.06103515625,1.2939453125,-0.03662109375,1.64794921875,-0.06103515625,3.45458984375,0.0732421875,0.86669921875
1,-0.390625,-0.439453125,-0.06103515625,-0.146484375,-0.244140625,-0.341796875,-0.32958984375,0.06103515625,0.08544921875,-0.10986328125,0.01220703125,-0.927734375,0.03662109375,1.0009765625,-0.1220703125,-0.18310546875,-0.048828125,-0.6103515625,-0.13427734375,-0.23193359375,-0.09765625,0.84228515625,0.048828125,-0.48828125,0.25634765625,-0.146484375,-0.146484375,-0.81787109375,-0.4638671875,0.8544921875,-0.06103515625,0.01220703125,-0.03662109375,4.4189453125,0.244140625,3.13720703125,-0.09765625,5.72509765625,-0.048828125,3.72314453125,-0.23193359375,-0.2685546875,0.341796875,-0.47607421875,0.08544921875,-0.45166015625,-0.06103515625,0.5126953125,-0.47607421875,3.2470703125,0.10986328125,6.1767578125,-0.29296875,1.15966796875,-0.5615234375,2.34375,0.390625,0.72021484375,0.20751953125,0.59814453125,-0.0244140625,0.634765625,0.390625,0.20751953125,0.23193359375,6.103515625,-0.06103515625,5.0537109375,-0.0244140625,4.04052734375,0.13427734375,9.2041015625,-0.01220703125,8.04443359375,-0.0244140625,11.02294921875,0.2685546875,6.53076171875,0.15869140625,8.7890625,-0.20751953125,-1.23291015625,0.1953125,-0.86669921875,0.1708984375,-1.11083984375,-0.13427734375,-0.91552734375,0.0732421875,-1.50146484375,0.2685546875,-0.25634765625,0.08544921875,-0.35400390625,0.13427734375,-1.42822265625,-0.15869140625,-0.74462890625,-0.09765625,-0.67138671875,-0.2685546875,-0.67138671875,-0.06103515625,-0.06103515625,0.06103515625,-0.74462890625,0.0244140625,-1.47705078125,-0.30517578125,-1.01318359375,-0.0732421875,0.3662109375,-0.01220703125,0.2685546875,-0.2197265625,-0.01220703125,-0.08544921875,-0.1220703125,-0.18310546875,0.1708984375,-0.048828125,1.46484375,-0.048828125,1.81884765625,-0.10986328125,4.00390625,0.10986328125,1.0986328125
1,-0.341796875,-0.25634765625,-0.0244140625,0.0244140625,-0.244140625,-0.244140625,-0.32958984375,0.1708984375,0.06103515625,-0.09765625,-0.0244140625,-0.91552734375,0.0244140625,1.01318359375,-0.09765625,-0.18310546875,-0.0244140625,-0.5859375,-0.09765625,-0.2197265625,0.01220703125,0.84228515625,0.0732421875,-0.47607421875,0.23193359375,-0.146484375,-0.1220703125,-0.81787109375,-0.50048828125,0.84228515625,-0.03662109375,0.01220703125,-0.10986328125,5.26123046875,0.35400390625,3.8818359375,-0.20751953125,6.99462890625,-0.1220703125,4.4921875,-0.28076171875,-0.2685546875,0.23193359375,-0.4638671875,0.15869140625,-0.4638671875,-0.0244140625,0.52490234375,-0.37841796875,3.1494140625,-0.048828125,6.005859375,-0.25634765625,1.13525390625,-0.5126953125,2.28271484375,0.390625,0.72021484375,0.244140625,0.6103515625,-0.06103515625,0.6591796875,0.37841796875,0.2197265625,0.2197265625,5.94482421875,-0.146484375,4.96826171875,0.06103515625,3.94287109375,-0.06103515625,9.02099609375,-0.048828125,8.203125,0.048828125,11.21826171875,0.3173828125,6.70166015625,0.0732421875,9.0087890625,-0.2197265625,-1.18408203125,0.18310546875,-0.81787109375,0.18310546875,-1.0498046875,-0.06103515625,-0.89111328125,0.0244140625,-1.50146484375,0.29296875,-0.2197265625,0.15869140625,-0.341796875,0.2685546875,-1.4404296875,-0.1708984375,-0.732421875,-0.146484375,-0.68359375,-0.2685546875,-0.67138671875,-0.09765625,-0.06103515625,0.10986328125,-0.76904296875,0.06103515625,-1.47705078125,-0.244140625,-1.025390625,-0.10986328125,0.3662109375,-0.01220703125,0.28076171875,-0.2197265625,-0.01220703125,-0.0732421875,-0.10986328125,-0.1953125,0.1708984375,-0.0244140625,1.5625,-0.06103515625,1.904296875,-0.13427734375,4.345703125,0.1220703125,1.20849609375
0,-0.3173828125,-0.048828125,0.01220703125,0.09765625,-0.23193359375,-0.146484375,-0.29296875,0.2685546875,0.06103515625,-0.08544921875,-0.03662109375,-0.91552734375,0.06103515625,1.01318359375,-0.10986328125,-0.18310546875,-0.01220703125,-0.57373046875,-0.048828125,-0.2197265625,0.048828125,0.84228515625,0.09765625,-0.47607421875,0.25634765625,-0.1220703125,-0.10986328125,-0.8056640625,-0.5126953125,0.84228515625,-0.03662109375,0.0244140625,-0.13427734375,5.89599609375,0.35400390625,4.4921875,-0.2197265625,8.056640625,-0.1220703125,5.1025390625,-0.25634765625,-0.25634765625,0.146484375,-0.4638671875,0.28076171875,-0.48828125,0.0244140625,0.5126953125,-0.30517578125,3.0029296875,-0.10986328125,5.77392578125,-0.2197265625,1.08642578125,-0.40283203125,2.20947265625,0.40283203125,0.732421875,0.23193359375,0.5859375,-0.0732421875,0.6591796875,0.3662109375,0.25634765625,0.18310546875,5.74951171875,-0.15869140625,4.84619140625,0.1220703125,3.8330078125,-0.1953125,8.740234375,-0.13427734375,8.154296875,0.10986328125,11.1328125,0.3662109375,6.640625,0,8.9599609375,-0.2685546875,-1.15966796875,0.1220703125,-0.732421875,0.1708984375,-1.025390625,-0.01220703125,-0.830078125,-0.01220703125,-1.4892578125,0.32958984375,-0.244140625,0.2685546875,-0.3173828125,0.3662109375,-1.416015625,-0.1953125,-0.72021484375,-0.146484375,-0.69580078125,-0.29296875,-0.67138671875,-0.09765625,-0.06103515625,0.08544921875,-0.7568359375,0.146484375,-1.47705078125,-0.18310546875,-1.025390625,-0.15869140625,0.35400390625,0,0.30517578125,-0.20751953125,-0.01220703125,-0.0732421875,-0.08544921875,-0.20751953125,0.18310546875,-0.0244140625,1.5625,-0.06103515625,1.904296875,-0.15869140625,4.45556640625,0.13427734375,1.23291015625
0,-0.28076171875,0.1220703125,0.01220703125,0.18310546875,-0.2197265625,-0.08544921875,-0.32958984375,0.3173828125,0.03662109375,-0.10986328125,-0.0244140625,-0.93994140625,0.03662109375,1.025390625,-0.09765625,-0.18310546875,0.03662109375,-0.5859375,0,-0.2197265625,0.09765625,0.8544921875,0.10986328125,-0.50048828125,0.2685546875,-0.1220703125,-0.10986328125,-0.8056640625,-0.47607421875,0.830078125,-0.01220703125,0.048828125,-0.13427734375,6.2744140625,0.40283203125,4.9072265625,-0.3173828125,8.7158203125,-0.09765625,5.48095703125,-0.1953125,-0.25634765625,0.03662109375,-0.48828125,0.37841796875,-0.5126953125,0.01220703125,0.52490234375,-0.20751953125,2.8564453125,-0.1953125,5.517578125,-0.15869140625,1.0009765625,-0.3173828125,2.13623046875,0.42724609375,0.76904296875,0.1953125,0.57373046875,-0.0732421875,0.64697265625,0.341796875,0.25634765625,0.146484375,5.56640625,-0.20751953125,4.72412109375,0.15869140625,3.69873046875,-0.25634765625,8.349609375,-0.1708984375,7.8369140625,0.15869140625,10.7421875,0.3662109375,6.3720703125,-0.09765625,8.6669921875,-0.25634765625,-1.13525390625,0.06103515625,-0.64697265625,0.1708984375,-1.01318359375,0.01220703125,-0.8056640625,-0.06103515625,-1.4892578125,0.341796875,-0.2197265625,0.37841796875,-0.3173828125,0.45166015625,-1.42822265625,-0.18310546875,-0.7080078125,-0.15869140625,-0.68359375,-0.28076171875,-0.6591796875,-0.09765625,-0.08544921875,0.0732421875,-0.78125,0.18310546875,-1.47705078125,-0.146484375,-1.025390625,-0.1953125,0.3662109375,0.0244140625,0.3173828125,-0.2197265625,-0.03662109375,-0.08544921875,-0.06103515625,-0.1708984375,0.1708984375,-0.0244140625,1.47705078125,-0.0732421875,1.86767578125,-0.15869140625,4.345703125,0.13427734375,1.171875
0,-0.2685546875,0.20751953125,0.0244140625,0.1953125,-0.23193359375,-0.06103515625,-0.3173828125,0.341796875,0.03662109375,-0.10986328125,-0.048828125,-0.927734375,0.0244140625,1.025390625,-0.09765625,-0.1708984375,0.06103515625,-0.59814453125,0.048828125,-0.2197265625,0.1220703125,0.8544921875,0.10986328125,-0.537109375,0.28076171875,-0.1220703125,-0.10986328125,-0.8056640625,-0.3662109375,0.84228515625,-0.048828125,0.048828125,-0.0732421875,6.35986328125,0.29296875,5.04150390625,-0.341796875,8.984375,-0.0732421875,5.615234375,-0.18310546875,-0.244140625,-0.03662109375,-0.5126953125,0.439453125,-0.537109375,-0.0244140625,0.5126953125,-0.10986328125,2.74658203125,-0.28076171875,5.2490234375,-0.09765625,0.93994140625,-0.2197265625,2.03857421875,0.4150390625,0.78125,0.244140625,0.57373046875,-0.048828125,0.6103515625,0.28076171875,0.25634765625,0.15869140625,5.38330078125,-0.29296875,4.58984375,0.2197265625,3.57666015625,-0.244140625,7.92236328125,-0.2197265625,7.3486328125,0.15869140625,10.0341796875,0.30517578125,5.89599609375,-0.13427734375,8.1787109375,-0.244140625,-1.07421875,0.0244140625,-0.537109375,0.1953125,-1.01318359375,0.01220703125,-0.79345703125,-0.1220703125,-1.4892578125,0.30517578125,-0.2197265625,0.4638671875,-0.341796875,0.42724609375,-1.42822265625,-0.15869140625,-0.72021484375,-0.20751953125,-0.7080078125,-0.25634765625,-0.64697265625,-0.06103515625,-0.08544921875,0.13427734375,-0.74462890625,0.15869140625,-1.46484375,-0.09765625,-1.025390625,-0.1953125,0.35400390625,0.06103515625,0.32958984375,-0.2197265625,-0.03662109375,-0.08544921875,-0.08544921875,-0.15869140625,0.15869140625,-0.01220703125,1.3916015625,-0.08544921875,1.7822265625,-0.18310546875,4.01611328125,0.13427734375,1.025390625
0,-0.28076171875,0.1953125,0.06103515625,0.1708984375,-0.25634765625,-0.06103515625,-0.30517578125,0.3173828125,0.01220703125,-0.09765625,-0.06103515625,-0.91552734375,0.03662109375,1.0498046875,-0.08544921875,-0.18310546875,0.08544921875,-0.59814453125,0.0732421875,-0.23193359375,0.10986328125,0.8544921875,0.08544921875,-0.5615234375,0.30517578125,-0.1220703125,-0.09765625,-0.8056640625,-0.23193359375,0.86669921875,-0.06103515625,0.06103515625,-0.01220703125,6.201171875,0.20751953125,4.931640625,-0.28076171875,8.82568359375,0,5.50537109375,-0.1220703125,-0.23193359375,-0.08544921875,-0.57373046875,0.5126953125,-0.5615234375,-0.10986328125,0.54931640625,-0.0732421875,2.67333984375,-0.23193359375,4.98046875,-0.048828125,0.84228515625,-0.146484375,1.94091796875,0.390625,0.81787109375,0.244140625,0.54931640625,-0.0244140625,0.6103515625,0.2197265625,0.25634765625,0.10986328125,5.17578125,-0.30517578125,4.40673828125,0.1708984375,3.40576171875,-0.2197265625,7.4462890625,-0.18310546875,6.6162109375,0.15869140625,9.130859375,0.1953125,5.2978515625,-0.1220703125,7.4462890625,-0.2197265625,-1.03759765625,-0.01220703125,-0.45166015625,0.1708984375,-1.025390625,-0.08544921875,-0.79345703125,-0.13427734375,-1.52587890625,0.2197265625,-0.23193359375,0.54931640625,-0.3662109375,0.3662109375,-1.42822265625,-0.146484375,-0.7080078125,-0.18310546875,-0.69580078125,-0.1953125,-0.64697265625,-0.0244140625,-0.0732421875,0.13427734375,-0.74462890625,0.18310546875,-1.47705078125,-0.03662109375,-1.025390625,-0.2197265625,0.35400390625,0.048828125,0.341796875,-0.23193359375,-0.048828125,-0.06103515625,-0.03662109375,-0.146484375,0.13427734375,-0.01220703125,1.2451171875,-0.09765625,1.64794921875,-0.1953125,3.52783203125,0.1708984375,0.8544921875
0,-0.25634765625,0.08544921875,0.06103515625,0.1220703125,-0.2685546875,-0.1220703125,-0.3173828125,0.25634765625,0.03662109375,-0.10986328125,-0.048828125,-0.91552734375,0.0244140625,1.025390625,-0.08544921875,-0.18310546875,0.09765625,-0.6103515625,0.09765625,-0.2197265625,0.1708984375,0.87890625,0.048828125,-0.59814453125,0.29296875,-0.09765625,-0.09765625,-0.79345703125,-0.09765625,0.87890625,-0.06103515625,0.06103515625,0.06103515625,5.79833984375,0.146484375,4.58984375,-0.2197265625,8.31298828125,-0.01220703125,5.13916015625,-0.09765625,-0.2197265625,-0.1220703125,-0.6103515625,0.54931640625,-0.537109375,-0.1953125,0.5615234375,-0.048828125,2.62451171875,-0.2685546875,4.7607421875,0.0244140625,0.7568359375,-0.13427734375,1.86767578125,0.3173828125,0.8056640625,0.2685546875,0.54931640625,0.03662109375,0.57373046875,0.15869140625,0.23193359375,0.20751953125,4.94384765625,-0.13427734375,4.23583984375,0.146484375,3.2470703125,-0.03662109375,6.94580078125,-0.13427734375,5.74951171875,0.20751953125,8.02001953125,0.10986328125,4.50439453125,-0.08544921875,6.60400390625,-0.1708984375,-1.025390625,-0.06103515625,-0.40283203125,0.20751953125,-1.0498046875,-0.1708984375,-0.81787109375,-0.1220703125,-1.5380859375,0.146484375,-0.23193359375,0.5859375,-0.3662109375,0.29296875,-1.42822265625,-0.1220703125,-0.732421875,-0.18310546875,-0.7080078125,-0.10986328125,-0.64697265625,0.01220703125,-0.0732421875,0.18310546875,-0.72021484375,0.15869140625,-1.4404296875,0.01220703125,-1.025390625,-0.25634765625,0.32958984375,0.048828125,0.32958984375,-0.23193359375,-0.06103515625,-0.0732421875,-0.048828125,-0.1220703125,0.13427734375,-0.0244140625,1.06201171875,-0.08544921875,1.47705078125,-0.20751953125,2.9296875,0.18310546875,0.62255859375
0,-0.2685546875,-0.09765625,0.048828125,0.01220703125,-0.25634765625,-0.20751953125,-0.30517578125,0.20751953125,0,-0.09765625,-0.0732421875,-0.9521484375,0.0244140625,1.025390625,-0.10986328125,-0.1708984375,0.08544921875,-0.6103515625,0.09765625,-0.244140625,0.18310546875,0.87890625,-0.01220703125,-0.634765625,0.2685546875,-0.1220703125,-0.1220703125,-0.81787109375,-0.01220703125,0.86669921875,-0.0732421875,0.048828125,0.08544921875,5.21240234375,0.08544921875,4.052734375,-0.1953125,7.51953125,0.03662109375,4.6142578125,-0.08544921875,-0.23193359375,-0.08544921875,-0.6591796875,0.5859375,-0.5126953125,-0.2685546875,0.54931640625,-0.03662109375,2.60009765625,-0.28076171875,4.57763671875,0.048828125,0.69580078125,-0.08544921875,1.81884765625,0.244140625,0.79345703125,0.28076171875,0.57373046875,0.01220703125,0.5615234375,0.08544921875,0.244140625,0.1953125,4.7119140625,-0.10986328125,4.01611328125,0.13427734375,3.06396484375,-0.0244140625,6.494140625,-0.0732421875,4.7607421875,0.18310546875,6.7626953125,-0.0244140625,3.6865234375,-0.03662109375,5.6396484375,-0.13427734375,-1.0009765625,-0.08544921875,-0.37841796875,0.23193359375,-1.07421875,-0.23193359375,-0.830078125,-0.08544921875,-1.55029296875,0.03662109375,-0.25634765625,0.59814453125,-0.37841796875,0.1953125,-1.416015625,-0.1220703125,-0.74462890625,-0.2197265625,-0.69580078125,-0.01220703125,-0.634765625,0.03662109375,-0.06103515625,0.20751953125,-0.69580078125,0.1220703125,-1.45263671875,0.06103515625,-1.025390625,-0.25634765625,0.35400390625,0.0732421875,0.3173828125,-0.244140625,-0.06103515625,-0.08544921875,-0.0732421875,-0.10986328125,0.13427734375,0,0.8544921875,-0.1220703125,1.26953125,-0.1953125,2.30712890625,0.1708984375,0.3662109375
0,-0.20751953125,-0.29296875,0.06103515625,-0.09765625,-0.23193359375,-0.29296875,-0.3173828125,0.15869140625,-0.01220703125,-0.09765625,-0.06103515625,-0.927734375,0.01220703125,1.01318359375,-0.10986328125,-0.146484375,0.06103515625,-0.62255859375,0.09765625,-0.244140625,0.146484375,0.86669921875,-0.03662109375,-0.6591796875,0.244140625,-0.13427734375,-0.1708984375,-0.81787109375,0.08544921875,0.87890625,-0.1220703125,0.03662109375,0.1220703125,4.4677734375,0.08544921875,3.38134765625,-0.18310546875,6.53076171875,0,3.94287109375,-0.048828125,-0.2197265625,-0.03662109375,-0.7080078125,0.5615234375,-0.47607421875,-0.390625,0.54931640625,-0.03662109375,2.63671875,-0.28076171875,4.45556640625,0.0732421875,0.634765625,-0.06103515625,1.7822265625,0.146484375,0.79345703125,0.18310546875,0.5615234375,0.0244140625,0.5615234375,0.03662109375,0.23193359375,0.20751953125,4.43115234375,-0.01220703125,3.80859375,0.10986328125,2.84423828125,0,6.01806640625,0.0244140625,3.759765625,0.1220703125,5.43212890625,-0.1220703125,2.79541015625,0,4.638671875,-0.09765625,-1.0009765625,-0.0732421875,-0.3662109375,0.18310546875,-1.08642578125,-0.23193359375,-0.81787109375,-0.03662109375,-1.5380859375,-0.0732421875,-0.29296875,0.57373046875,-0.37841796875,0.13427734375,-1.40380859375,-0.13427734375,-0.732421875,-0.1953125,-0.7080078125,0.06103515625,-0.62255859375,0.0732421875,-0.08544921875,0.1708984375,-0.68359375,0.09765625,-1.42822265625,0.0244140625,-1.01318359375,-0.20751953125,0.341796875,0.06103515625,0.29296875,-0.244140625,-0.06103515625,-0.08544921875,-0.06103515625,-0.048828125,0.13427734375,0,0.634765625,-0.10986328125,1.07421875,-0.1953125,1.67236328125,0.146484375,0.1220703125
0,-0.1220703125,-0.5126953125,0.08544921875,-0.1708984375,-0.244140625,-0.37841796875,-0.3173828125,0.09765625,-0.01220703125,-0.10986328125,-0.06103515625,-0.927734375,0.01220703125,1.0009765625,-0.146484375,-0.13427734375,0.06103515625,-0.6103515625,0.1220703125,-0.23193359375,0.10986328125,0.87890625,-0.048828125,-0.6591796875,0.1953125,-0.13427734375,-0.1708984375,-0.8056640625,0.13427734375,0.89111328125,-0.1220703125,0.048828125,0.09765625,3.64990234375,0.01220703125,2.6611328125,-0.13427734375,5.4443359375,0.01220703125,3.23486328125,-0.08544921875,-0.244140625,-0.01220703125,-0.72021484375,0.54931640625,-0.45166015625,-0.52490234375,0.5126953125,-0.06103515625,2.64892578125,-0.30517578125,4.345703125,0.06103515625,0.59814453125,-0.01220703125,1.74560546875,0.15869140625,0.78125,0.15869140625,0.57373046875,0.01220703125,0.5859375,0.01220703125,0.2197265625,0.20751953125,4.13818359375,0.06103515625,3.57666015625,0.06103515625,2.62451171875,0.0244140625,5.5908203125,0.0732421875,2.77099609375,0.09765625,4.1259765625,-0.23193359375,1.98974609375,0.03662109375,3.64990234375,-0.0732421875,-0.98876953125,-0.03662109375,-0.40283203125,0.08544921875,-1.11083984375,-0.18310546875,-0.830078125,-0.01220703125,-1.55029296875,-0.146484375,-0.3173828125,0.537109375,-0.40283203125,0.08544921875,-1.40380859375,-0.13427734375,-0.732421875,-0.23193359375,-0.69580078125,0.08544921875,-0.634765625,0.10986328125,-0.08544921875,0.1220703125,-0.68359375,0.048828125,-1.42822265625,0.01220703125,-0.98876953125,-0.2197265625,0.35400390625,0.03662109375,0.2685546875,-0.23193359375,-0.03662109375,-0.0732421875,-0.06103515625,-0.048828125,0.146484375,-0.01220703125,0.42724609375,-0.09765625,0.91552734375,-0.1708984375,1.06201171875,0.0732421875,-0.1220703125
0,-0.18310546875,-0.6591796875,0.0732421875,-0.23193359375,-0.28076171875,-0.42724609375,-0.341796875,0.06103515625,-0.01220703125,-0.10986328125,-0.048828125,-0.93994140625,0,1.01318359375,-0.146484375,-0.146484375,0.0244140625,-0.5859375,0.1220703125,-0.23193359375,0,0.8544921875,-0.03662109375,-0.64697265625,0.13427734375,-0.146484375,-0.13427734375,-0.8056640625,0.10986328125,0.89111328125,-0.146484375,0.048828125,0.06103515625,2.8564453125,-0.0732421875,1.94091796875,-0.146484375,4.40673828125,-0.01220703125,2.5146484375,-0.0732421875,-0.25634765625,-0.01220703125,-0.74462890625,0.5126953125,-0.45166015625,-0.52490234375,0.537109375,-0.10986328125,2.64892578125,-0.30517578125,4.248046875,0.0732421875,0.57373046875,0.048828125,1.7333984375,0.1953125,0.74462890625,0.09765625,0.57373046875,0.0244140625,0.59814453125,-0.0732421875,0.20751953125,0.146484375,3.857421875,0.08544921875,3.3447265625,0.0732421875,2.4169921875,0.0244140625,5.2001953125,0.146484375,1.81884765625,0.03662109375,2.8564453125,-0.29296875,1.20849609375,0.08544921875,2.734375,-0.03662109375,-1.01318359375,0,-0.45166015625,-0.0244140625,-1.08642578125,-0.10986328125,-0.830078125,0.0244140625,-1.55029296875,-0.1708984375,-0.35400390625,0.45166015625,-0.40283203125,0.08544921875,-1.416015625,-0.13427734375,-0.72021484375,-0.20751953125,-0.69580078125,0.0732421875,-0.6591796875,0.09765625,-0.08544921875,0.09765625,-0.67138671875,0.01220703125,-1.42822265625,-0.01220703125,-1.0009765625,-0.23193359375,0.3662109375,0.01220703125,0.244140625,-0.2197265625,-0.0244140625,-0.0732421875,-0.048828125,-0.03662109375,0.146484375,-0.0244140625,0.20751953125,-0.08544921875,0.76904296875,-0.18310546875,0.48828125,0.048828125,-0.32958984375
0,-0.1708984375,-0.732421875,0.09765625,-0.2685546875,-0.244140625,-0.45166015625,-0.30517578125,0.06103515625,0,-0.10986328125,-0.06103515625,-0.927734375,0.01220703125,1.01318359375,-0.1708984375,-0.146484375,-0.01220703125,-0.5859375,0.15869140625,-0.1953125,-0.09765625,0.8544921875,0.0244140625,-0.634765625,0.09765625,-0.15869140625,-0.1220703125,-0.79345703125,0.13427734375,0.87890625,-0.15869140625,0.048828125,0.03662109375,2.1240234375,-0.146484375,1.2939453125,-0.2197265625,3.47900390625,-0.048828125,1.8798828125,-0.08544921875,-0.244140625,-0.06103515625,-0.732421875,0.439453125,-0.4638671875,-0.59814453125,0.537109375,-0.1708984375,2.5634765625,-0.23193359375,4.08935546875,0.01220703125,0.57373046875,0.03662109375,1.69677734375,0.23193359375,0.72021484375,0.0732421875,0.54931640625,0.048828125,0.62255859375,-0.08544921875,0.1953125,0.1220703125,3.564453125,0.1953125,3.1494140625,0.09765625,2.23388671875,0.03662109375,4.8095703125,0.1708984375,1.025390625,0.03662109375,1.7822265625,-0.29296875,0.537109375,0.10986328125,1.953125,0,-1.0498046875,0.03662109375,-0.52490234375,-0.1708984375,-1.06201171875,-0.03662109375,-0.830078125,0.01220703125,-1.5380859375,-0.1953125,-0.341796875,0.35400390625,-0.390625,0.06103515625,-1.4404296875,-0.146484375,-0.732421875,-0.15869140625,-0.7080078125,0.0244140625,-0.6591796875,0.09765625,-0.08544921875,0.0732421875,-0.7080078125,-0.048828125,-1.4404296875,-0.048828125,-1.0009765625,-0.244140625,0.3662109375,0,0.25634765625,-0.2197265625,-0.01220703125,-0.08544921875,-0.03662109375,-0.0244140625,0.146484375,-0.048828125,0.06103515625,-0.06103515625,0.67138671875,-0.1708984375,0.01220703125,0,-0.537109375
0,-0.1953125,-0.72021484375,0.048828125,-0.25634765625,-0.3173828125,-0.42724609375,-0.35400390625,0.09765625,0,-0.10986328125,-0.06103515625,-0.93994140625,0.0244140625,0.98876953125,-0.18310546875,-0.15869140625,-0.048828125,-0.5615234375,0.1953125,-0.18310546875,-0.1220703125,0.8544921875,0.06103515625,-0.6103515625,0,-0.146484375,-0.08544921875,-0.78125,0.15869140625,0.8544921875,-0.15869140625,0.03662109375,0.03662109375,1.46484375,-0.23193359375,0.7080078125,-0.28076171875,2.67333984375,-0.13427734375,1.30615234375,-0.10986328125,-0.28076171875,-0.09765625,-0.72021484375,0.35400390625,-0.47607421875,-0.6103515625,0.52490234375,-0.20751953125,2.490234375,-0.13427734375,3.8818359375,0,0.537109375,0.09765625,1.62353515625,0.2685546875,0.732421875,0.06103515625,0.5615234375,0,0.67138671875,-0.09765625,0.23193359375,0.06103515625,3.271484375,0.18310546875,2.94189453125,0.1708984375,2.03857421875,0.0732421875,4.443359375,0.15869140625,0.341796875,-0.048828125,0.86669921875,-0.244140625,0,0.0732421875,1.318359375,0.0732421875,-1.06201171875,0.0244140625,-0.5615234375,-0.30517578125,-1.0498046875,-0.01220703125,-0.84228515625,-0.03662109375,-1.513671875,-0.1953125,-0.341796875,0.1708984375,-0.40283203125,-0.01220703125,-1.4404296875,-0.146484375,-0.72021484375,-0.10986328125,-0.7080078125,-0.03662109375,-0.6591796875,0.0732421875,-0.08544921875,0.06103515625,-0.72021484375,-0.10986328125,-1.4404296875,-0.03662109375,-1.01318359375,-0.25634765625,0.341796875,0,0.25634765625,-0.2197265625,-0.0244140625,-0.0732421875,-0.048828125,-0.03662109375,0.1708984375,-0.08544921875,-0.10986328125,-0.048828125,0.54931640625,-0.146484375,-0.341796875,-0.0244140625,-0.67138671875
0,-0.23193359375,-0.6591796875,0.0732421875,-0.2197265625,-0.30517578125,-0.3662109375,-0.341796875,0.13427734375,0.0244140625,-0.10986328125,-0.0732421875,-0.9521484375,0.0244140625,1.01318359375,-0.20751953125,-0.146484375,-0.06103515625,-0.57373046875,0.23193359375,-0.18310546875,-0.146484375,0.8544921875,0.13427734375,-0.5859375,-0.0244140625,-0.13427734375,-0.01220703125,-0.8056640625,0.15869140625,0.830078125,-0.15869140625,0.0244140625,0.048828125,0.91552734375,-0.2685546875,0.2685546875,-0.3662109375,2.03857421875,-0.2197265625,0.8544921875,-0.13427734375,-0.28076171875,-0.13427734375,-0.7080078125,0.32958984375,-0.50048828125,-0.57373046875,0.5126953125,-0.2197265625,2.30712890625,-0.2197265625,3.55224609375,-0.048828125,0.48828125,0.10986328125,1.5625,0.35400390625,0.74462890625,0.06103515625,0.54931640625,0.048828125,0.74462890625,-0.1220703125,0.23193359375,0.0244140625,3.0029296875,0.1953125,2.74658203125,0.2685546875,1.85546875,0.048828125,4.01611328125,0.20751953125,-0.146484375,-0.09765625,0.2197265625,-0.13427734375,-0.390625,-0.0244140625,0.87890625,0.13427734375,-1.0986328125,0.048828125,-0.62255859375,-0.37841796875,-1.025390625,0,-0.84228515625,-0.06103515625,-1.4892578125,-0.1953125,-0.32958984375,0.01220703125,-0.37841796875,-0.0732421875,-1.45263671875,-0.13427734375,-0.72021484375,-0.08544921875,-0.72021484375,-0.03662109375,-0.67138671875,0.01220703125,-0.0732421875,0.06103515625,-0.732421875,-0.10986328125,-1.4404296875,-0.03662109375,-1.01318359375,-0.244140625,0.3662109375,-0.01220703125,0.2685546875,-0.20751953125,-0.0244140625,-0.08544921875,-0.03662109375,-0.06103515625,0.1953125,-0.0732421875,-0.2197265625,-0.0244140625,0.50048828125,-0.146484375,-0.634765625,-0.03662109375,-0.81787109375
0,-0.20751953125,-0.54931640625,0.06103515625,-0.1708984375,-0.25634765625,-0.30517578125,-0.2685546875,0.146484375,0.06103515625,-0.08544921875,-0.0732421875,-0.9521484375,0.0244140625,1.03759765625,-0.2197265625,-0.15869140625,-0.08544921875,-0.57373046875,0.28076171875,-0.18310546875,-0.146484375,0.8544921875,0.1953125,-0.57373046875,-0.0244140625,-0.15869140625,-0.01220703125,-0.830078125,0.15869140625,0.81787109375,-0.13427734375,0.0244140625,0.01220703125,0.5126953125,-0.28076171875,-0.08544921875,-0.40283203125,1.52587890625,-0.29296875,0.50048828125,-0.1953125,-0.28076171875,-0.15869140625,-0.67138671875,0.2685546875,-0.5126953125,-0.52490234375,0.50048828125,-0.25634765625,2.11181640625,-0.146484375,3.13720703125,-0.08544921875,0.42724609375,0.08544921875,1.4404296875,0.390625,0.76904296875,0.0244140625,0.537109375,0.06103515625,0.78125,-0.10986328125,0.244140625,0.06103515625,2.7099609375,0.23193359375,2.55126953125,0.30517578125,1.67236328125,0.048828125,3.55224609375,0.18310546875,-0.48828125,-0.09765625,-0.1220703125,-0.0244140625,-0.62255859375,-0.10986328125,0.5615234375,0.09765625,-1.123046875,0.146484375,-0.68359375,-0.47607421875,-1.03759765625,-0.048828125,-0.84228515625,-0.08544921875,-1.50146484375,-0.1708984375,-0.32958984375,-0.10986328125,-0.3662109375,-0.09765625,-1.4892578125,-0.146484375,-0.72021484375,-0.03662109375,-0.69580078125,-0.0244140625,-0.6591796875,-0.06103515625,-0.08544921875,0.048828125,-0.7568359375,-0.1220703125,-1.4404296875,-0.0732421875,-1.0009765625,-0.25634765625,0.3662109375,0,0.29296875,-0.23193359375,-0.03662109375,-0.0732421875,-0.0244140625,-0.08544921875,0.18310546875,-0.06103515625,-0.29296875,-0.01220703125,0.45166015625,-0.1220703125,-0.830078125,-0.0244140625,-0.89111328125
1,-0.20751953125,-0.439453125,0.048828125,-0.15869140625,-0.28076171875,-0.25634765625,-0.32958984375,0.15869140625,0.048828125,-0.0732421875,-0.08544921875,-0.93994140625,0.0244140625,1.025390625,-0.2197265625,-0.15869140625,-0.09765625,-0.5615234375,0.28076171875,-0.18310546875,-0.09765625,0.8544921875,0.1953125,-0.54931640625,-0.03662109375,-0.1220703125,0.03662109375,-0.830078125,0.09765625,0.81787109375,-0.1220703125,0.03662109375,0.048828125,0.20751953125,-0.3173828125,-0.32958984375,-0.4638671875,1.13525390625,-0.40283203125,0.25634765625,-0.244140625,-0.28076171875,-0.1220703125,-0.64697265625,0.20751953125,-0.52490234375,-0.42724609375,0.5126953125,-0.20751953125,1.86767578125,-0.1953125,2.587890625,-0.09765625,0.32958984375,0.06103515625,1.2939453125,0.4638671875,0.76904296875,0.0244140625,0.5126953125,0.0732421875,0.78125,-0.06103515625,0.244140625,0.048828125,2.44140625,0.1953125,2.392578125,0.3173828125,1.4892578125,0.0244140625,3.03955078125,0.15869140625,-0.67138671875,-0.0732421875,-0.25634765625,0.0732421875,-0.732421875,-0.20751953125,0.439453125,0.09765625,-1.1474609375,0.18310546875,-0.7080078125,-0.45166015625,-1.03759765625,-0.10986328125,-0.87890625,-0.13427734375,-1.4892578125,-0.1708984375,-0.25634765625,-0.20751953125,-0.37841796875,-0.10986328125,-1.47705078125,-0.15869140625,-0.732421875,-0.03662109375,-0.7080078125,0,-0.64697265625,-0.09765625,-0.0732421875,-0.0244140625,-0.7568359375,-0.09765625,-1.42822265625,-0.1220703125,-1.01318359375,-0.2685546875,0.341796875,0.01220703125,0.30517578125,-0.244140625,-0.048828125,-0.06103515625,-0.048828125,-0.09765625,0.1708984375,-0.048828125,-0.35400390625,-0.01220703125,0.45166015625,-0.10986328125,-0.9521484375,-0.0244140625,-0.93994140625
1,-0.1708984375,-0.35400390625,0.10986328125,-0.13427734375,-0.23193359375,-0.23193359375,-0.30517578125,0.1708984375,0.048828125,-0.0732421875,-0.08544921875,-0.93994140625,-0.01220703125,1.03759765625,-0.2197265625,-0.146484375,-0.0732421875,-0.59814453125,0.2685546875,-0.18310546875,-0.06103515625,0.8544921875,0.1708984375,-0.54931640625,0,-0.1220703125,0.03662109375,-0.830078125,0.03662109375,0.830078125,-0.1220703125,0.0244140625,0.0732421875,-0.0244140625,-0.48828125,-0.537109375,-0.537109375,0.76904296875,-0.439453125,0.048828125,-0.2685546875,-0.244140625,-0.0732421875,-0.62255859375,0.15869140625,-0.52490234375,-0.390625,0.52490234375,-0.18310546875,1.6357421875,-0.23193359375,2.001953125,-0.0732421875,0.244140625,0.01220703125,1.1474609375,0.5126953125,0.7568359375,0.03662109375,0.52490234375,0.1220703125,0.78125,-0.03662109375,0.2197265625,0.1220703125,2.1728515625,0.18310546875,2.18505859375,0.32958984375,1.318359375,0.0732421875,2.45361328125,0.06103515625,-0.732421875,-0.18310546875,-0.15869140625,0.08544921875,-0.7568359375,-0.35400390625,0.42724609375,0.06103515625,-1.15966796875,0.18310546875,-0.69580078125,-0.390625,-1.07421875,-0.13427734375,-0.9033203125,-0.1953125,-1.4892578125,-0.20751953125,-0.244140625,-0.32958984375,-0.390625,-0.0732421875,-1.47705078125,-0.146484375,-0.74462890625,-0.03662109375,-0.68359375,-0.03662109375,-0.634765625,-0.13427734375,-0.06103515625,-0.09765625,-0.74462890625,-0.09765625,-1.40380859375,-0.18310546875,-1.01318359375,-0.29296875,0.3173828125,0.048828125,0.32958984375,-0.20751953125,-0.03662109375,-0.0732421875,-0.09765625,-0.09765625,0.1708984375,-0.03662109375,-0.3662109375,-0.01220703125,0.45166015625,-0.09765625,-1.0009765625,-0.048828125,-0.96435546875
1,-0.146484375,-0.3173828125,0.09765625,-0.146484375,-0.23193359375,-0.244140625,-0.30517578125,0.10986328125,0.03662109375,-0.09765625,-0.08544921875,-0.9521484375,-0.01220703125,1.03759765625,-0.2197265625,-0.1708984375,-0.0244140625,-0.5859375,0.25634765625,-0.18310546875,0.0244140625,0.8544921875,0.15869140625,-0.57373046875,0.03662109375,-0.09765625,0.048828125,-0.8056640625,-0.03662109375,0.84228515625,-0.08544921875,0.0244140625,0.0732421875,-0.2197265625,-0.57373046875,-0.732421875,-0.54931640625,0.439453125,-0.4638671875,-0.09765625,-0.25634765625,-0.25634765625,0,-0.62255859375,0.15869140625,-0.537109375,-0.390625,0.52490234375,-0.146484375,1.45263671875,-0.29296875,1.416015625,-0.06103515625,0.09765625,-0.0244140625,0.98876953125,0.50048828125,0.76904296875,0.06103515625,0.5126953125,0.15869140625,0.7568359375,0.048828125,0.20751953125,0.09765625,1.89208984375,0.09765625,1.96533203125,0.2685546875,1.1474609375,0.0732421875,1.86767578125,0.0244140625,-0.72021484375,-0.20751953125,0.048828125,0.10986328125,-0.69580078125,-0.341796875,0.50048828125,0.06103515625,-1.171875,0.2197265625,-0.68359375,-0.341796875,-1.11083984375,-0.15869140625,-0.89111328125,-0.2197265625,-1.52587890625,-0.2197265625,-0.25634765625,-0.390625,-0.390625,-0.01220703125,-1.46484375,-0.15869140625,-0.7568359375,-0.048828125,-0.68359375,-0.08544921875,-0.634765625,-0.1220703125,-0.06103515625,-0.1708984375,-0.7568359375,-0.09765625,-1.3916015625,-0.1953125,-1.01318359375,-0.29296875,0.3173828125,0.06103515625,0.341796875,-0.1953125,-0.03662109375,-0.0732421875,-0.08544921875,-0.09765625,0.15869140625,-0.03662109375,-0.341796875,0,0.48828125,-0.09765625,-1.0009765625,-0.0732421875,-0.9521484375
1,-0.146484375,-0.30517578125,0.1220703125,-0.1953125,-0.2197265625,-0.2685546875,-0.2685546875,0.06103515625,0.03662109375,-0.09765625,-0.08544921875,-0.9521484375,-0.048828125,1.06201171875,-0.23193359375,-0.2197265625,0.03662109375,-0.59814453125,0.1953125,-0.18310546875,0.09765625,0.8544921875,0.1220703125,-0.59814453125,0.048828125,-0.09765625,0.03662109375,-0.81787109375,-0.10986328125,0.86669921875,-0.08544921875,0.03662109375,0.048828125,-0.390625,-0.5615234375,-0.87890625,-0.50048828125,0.09765625,-0.4638671875,-0.25634765625,-0.20751953125,-0.25634765625,0.06103515625,-0.634765625,0.1708984375,-0.50048828125,-0.35400390625,0.54931640625,-0.13427734375,1.3427734375,-0.30517578125,0.9033203125,-0.03662109375,-0.03662109375,-0.048828125,0.8544921875,0.47607421875,0.78125,0.13427734375,0.537109375,0.20751953125,0.74462890625,0.0732421875,0.1953125,0.1220703125,1.611328125,0.03662109375,1.77001953125,0.20751953125,0.9521484375,0.18310546875,1.33056640625,-0.048828125,-0.6591796875,-0.1953125,0.3173828125,0.146484375,-0.6103515625,-0.28076171875,0.6103515625,0.0244140625,-1.1474609375,0.2685546875,-0.67138671875,-0.3173828125,-1.13525390625,-0.1708984375,-0.89111328125,-0.2197265625,-1.513671875,-0.25634765625,-0.2197265625,-0.45166015625,-0.37841796875,0.06103515625,-1.4404296875,-0.1708984375,-0.74462890625,-0.048828125,-0.68359375,-0.10986328125,-0.6103515625,-0.1220703125,-0.06103515625,-0.2197265625,-0.74462890625,-0.13427734375,-1.37939453125,-0.20751953125,-1.01318359375,-0.30517578125,0.3173828125,0.048828125,0.341796875,-0.1708984375,-0.0244140625,-0.08544921875,-0.10986328125,-0.0732421875,0.13427734375,-0.048828125,-0.29296875,-0.0244140625,0.48828125,-0.10986328125,-0.96435546875,-0.1220703125,-0.927734375
1,-0.18310546875,-0.35400390625,0.10986328125,-0.25634765625,-0.18310546875,-0.3173828125,-0.244140625,0,0.0244140625,-0.1220703125,-0.08544921875,-0.96435546875,-0.0244140625,1.0498046875,-0.20751953125,-0.20751953125,0.09765625,-0.634765625,0.146484375,-0.1708984375,0.146484375,0.8544921875,0.08544921875,-0.634765625,0.08544921875,-0.10986328125,0.0244140625,-0.78125,-0.18310546875,0.89111328125,-0.08544921875,0.0244140625,0.03662109375,-0.54931640625,-0.54931640625,-1.06201171875,-0.45166015625,-0.25634765625,-0.42724609375,-0.42724609375,-0.146484375,-0.244140625,0.08544921875,-0.64697265625,0.18310546875,-0.47607421875,-0.40283203125,0.54931640625,-0.10986328125,1.28173828125,-0.28076171875,0.59814453125,-0.0244140625,-0.10986328125,-0.10986328125,0.78125,0.42724609375,0.8056640625,0.18310546875,0.52490234375,0.23193359375,0.6591796875,0.10986328125,0.18310546875,0.18310546875,1.3671875,0.03662109375,1.611328125,0.09765625,0.8056640625,0.18310546875,0.91552734375,-0.1220703125,-0.57373046875,-0.1708984375,0.5859375,0.146484375,-0.52490234375,-0.20751953125,0.72021484375,-0.048828125,-1.13525390625,0.3173828125,-0.64697265625,-0.25634765625,-1.13525390625,-0.15869140625,-0.89111328125,-0.23193359375,-1.513671875,-0.29296875,-0.2197265625,-0.52490234375,-0.40283203125,0.09765625,-1.416015625,-0.146484375,-0.74462890625,-0.03662109375,-0.6591796875,-0.1708984375,-0.62255859375,-0.1220703125,-0.03662109375,-0.18310546875,-0.732421875,-0.18310546875,-1.3427734375,-0.18310546875,-1.025390625,-0.30517578125,0.3173828125,0.06103515625,0.30517578125,-0.146484375,-0.03662109375,-0.0732421875,-0.1220703125,-0.09765625,0.13427734375,-0.03662109375,-0.25634765625,-0.0244140625,0.5126953125,-0.09765625,-0.9033203125,-0.10986328125,-0.9033203125
1,-0.1953125,-0.40283203125,0.10986328125,-0.29296875,-0.13427734375,-0.341796875,-0.25634765625,-0.06103515625,0.01220703125,-0.13427734375,-0.0732421875,-0.96435546875,-0.048828125,1.03759765625,-0.20751953125,-0.23193359375,0.1708984375,-0.62255859375,0.08544921875,-0.18310546875,0.146484375,0.87890625,0.0732421875,-0.6591796875,0.08544921875,-0.1220703125,0,-0.81787109375,-0.2197265625,0.87890625,-0.06103515625,0.0244140625,-0.0244140625,-0.69580078125,-0.5615234375,-1.220703125,-0.42724609375,-0.6591796875,-0.42724609375,-0.5859375,-0.06103515625,-0.25634765625,0.1708984375,-0.67138671875,0.18310546875,-0.47607421875,-0.37841796875,0.54931640625,-0.1220703125,1.33056640625,-0.341796875,0.5126953125,-0.048828125,-0.15869140625,-0.1220703125,0.76904296875,0.37841796875,0.79345703125,0.23193359375,0.54931640625,0.244140625,0.59814453125,0.146484375,0.18310546875,0.18310546875,1.1962890625,-0.03662109375,1.50146484375,0.01220703125,0.69580078125,0.18310546875,0.6591796875,-0.15869140625,-0.4638671875,-0.1708984375,0.78125,0.13427734375,-0.439453125,-0.09765625,0.81787109375,-0.06103515625,-1.1474609375,0.3173828125,-0.6103515625,-0.20751953125,-1.1474609375,-0.10986328125,-0.89111328125,-0.2197265625,-1.52587890625,-0.30517578125,-0.244140625,-0.52490234375,-0.390625,0.08544921875,-1.37939453125,-0.1708984375,-0.74462890625,-0.03662109375,-0.67138671875,-0.146484375,-0.62255859375,-0.08544921875,-0.03662109375,-0.15869140625,-0.7080078125,-0.2685546875,-1.318359375,-0.18310546875,-1.025390625,-0.28076171875,0.32958984375,0.08544921875,0.30517578125,-0.1220703125,-0.0244140625,-0.08544921875,-0.09765625,-0.10986328125,0.1220703125,-0.048828125,-0.20751953125,0,0.50048828125,-0.08544921875,-0.8544921875,-0.10986328125,-0.87890625
1,-0.09765625,-0.45166015625,0.1220703125,-0.3173828125,-0.09765625,-0.341796875,-0.2197265625,-0.0732421875,0.01220703125,-0.1220703125,-0.09765625,-0.96435546875,-0.06103515625,1.01318359375,-0.20751953125,-0.23193359375,0.1953125,-0.62255859375,0.03662109375,-0.18310546875,0.08544921875,0.89111328125,0.0732421875,-0.67138671875,0.0732421875,-0.13427734375,-0.0244140625,-0.81787109375,-0.2197265625,0.87890625,-0.0732421875,0.0244140625,0,-0.9033203125,-0.4638671875,-1.3671875,-0.3662109375,-1.01318359375,-0.32958984375,-0.76904296875,0.01220703125,-0.28076171875,0.23193359375,-0.7080078125,0.20751953125,-0.47607421875,-0.439453125,0.537109375,-0.1220703125,1.47705078125,-0.25634765625,0.732421875,-0.03662109375,-0.10986328125,-0.1220703125,0.8544921875,0.32958984375,0.78125,0.15869140625,0.57373046875,0.2685546875,0.57373046875,0.1953125,0.1708984375,0.3173828125,1.123046875,-0.048828125,1.4892578125,-0.03662109375,0.68359375,0.15869140625,0.69580078125,-0.09765625,-0.40283203125,-0.20751953125,0.86669921875,0.10986328125,-0.390625,-0.06103515625,0.87890625,-0.13427734375,-1.13525390625,0.29296875,-0.5859375,-0.244140625,-1.15966796875,-0.10986328125,-0.87890625,-0.20751953125,-1.513671875,-0.29296875,-0.23193359375,-0.54931640625,-0.390625,0.06103515625,-1.37939453125,-0.18310546875,-0.74462890625,-0.03662109375,-0.67138671875,-0.146484375,-0.64697265625,-0.0732421875,-0.048828125,-0.10986328125,-0.69580078125,-0.3173828125,-1.30615234375,-0.1708984375,-1.01318359375,-0.23193359375,0.32958984375,0.09765625,0.2685546875,-0.10986328125,0,-0.0732421875,-0.08544921875,-0.10986328125,0.1220703125,-0.03662109375,-0.2197265625,0,0.5126953125,-0.0732421875,-0.8056640625,-0.0732421875,-0.81787109375
1,-0.09765625,-0.47607421875,0.10986328125,-0.29296875,-0.08544921875,-0.30517578125,-0.2197265625,-0.0244140625,0.0244140625,-0.09765625,-0.09765625,-0.9521484375,-0.06103515625,1.0009765625,-0.1953125,-0.20751953125,0.2197265625,-0.59814453125,-0.01220703125,-0.1708984375,-0.08544921875,0.87890625,0.01220703125,-0.6591796875,0.048828125,-0.15869140625,-0.0244140625,-0.8056640625,-0.20751953125,0.9033203125,-0.10986328125,0.03662109375,0.03662109375,-1.06201171875,-0.3662109375,-1.47705078125,-0.244140625,-1.3427734375,-0.1953125,-0.96435546875,0.13427734375,-0.30517578125,0.29296875,-0.7080078125,0.23193359375,-0.4638671875,-0.50048828125,0.537109375,-0.13427734375,1.72119140625,-0.23193359375,1.25732421875,-0.048828125,0.01220703125,-0.18310546875,1.025390625,0.37841796875,0.7568359375,0.10986328125,0.5859375,0.244140625,0.5126953125,0.23193359375,0.1953125,0.32958984375,1.20849609375,-0.1220703125,1.57470703125,-0.09765625,0.7568359375,0.10986328125,1.01318359375,-0.0732421875,-0.32958984375,-0.18310546875,0.89111328125,0.08544921875,-0.3662109375,0.06103515625,0.927734375,-0.10986328125,-1.13525390625,0.29296875,-0.5615234375,-0.20751953125,-1.13525390625,-0.06103515625,-0.86669921875,-0.1708984375,-1.52587890625,-0.244140625,-0.25634765625,-0.537109375,-0.37841796875,0.0244140625,-1.3671875,-0.20751953125,-0.74462890625,-0.048828125,-0.68359375,-0.1220703125,-0.634765625,-0.048828125,-0.03662109375,-0.06103515625,-0.7080078125,-0.4150390625,-1.318359375,-0.146484375,-1.01318359375,-0.20751953125,0.341796875,0.0732421875,0.25634765625,-0.0732421875,0,-0.0732421875,-0.06103515625,-0.13427734375,0.1220703125,-0.0244140625,-0.20751953125,0.01220703125,0.5126953125,-0.0732421875,-0.76904296875,-0.08544921875,-0.830078125
1,0.01220703125,-0.50048828125,0.08544921875,-0.23193359375,-0.06103515625,-0.2685546875,-0.2197265625,0.03662109375,0,-0.09765625,-0.09765625,-0.93994140625,-0.048828125,0.9765625,-0.20751953125,-0.1953125,0.20751953125,-0.6103515625,-0.03662109375,-0.1708984375,-0.25634765625,0.87890625,0,-0.64697265625,-0.03662109375,-0.15869140625,-0.048828125,-0.79345703125,-0.15869140625,0.87890625,-0.15869140625,0.0244140625,0.0732421875,-1.15966796875,-0.244140625,-1.5625,-0.1708984375,-1.55029296875,-0.10986328125,-1.11083984375,0.1953125,-0.30517578125,0.37841796875,-0.7080078125,0.23193359375,-0.47607421875,-0.6103515625,0.5126953125,-0.15869140625,1.9775390625,-0.146484375,2.06298828125,-0.03662109375,0.23193359375,-0.1953125,1.25732421875,0.42724609375,0.78125,0.08544921875,0.5859375,0.20751953125,0.48828125,0.28076171875,0.2197265625,0.30517578125,1.47705078125,-0.13427734375,1.77001953125,-0.146484375,0.9521484375,0.13427734375,1.62353515625,0.0244140625,-0.29296875,-0.1220703125,0.76904296875,0.08544921875,-0.3662109375,0.13427734375,0.91552734375,-0.06103515625,-1.123046875,0.25634765625,-0.54931640625,-0.1708984375,-1.11083984375,0.0244140625,-0.84228515625,-0.15869140625,-1.52587890625,-0.1708984375,-0.2685546875,-0.45166015625,-0.32958984375,0,-1.37939453125,-0.23193359375,-0.74462890625,-0.048828125,-0.67138671875,-0.10986328125,-0.634765625,-0.0244140625,-0.048828125,-0.0732421875,-0.72021484375,-0.439453125,-1.33056640625,-0.146484375,-1.0009765625,-0.20751953125,0.35400390625,0.048828125,0.2685546875,-0.0732421875,0,-0.0732421875,-0.048828125,-0.146484375,0.13427734375,-0.048828125,-0.25634765625,0.01220703125,0.5126953125,-0.08544921875,-0.76904296875,-0.0732421875,-0.79345703125
1,0.08544921875,-0.47607421875,0.0732421875,-0.1708984375,-0.06103515625,-0.2197265625,-0.1708984375,0.1220703125,0.01220703125,-0.10986328125,-0.1220703125,-0.9521484375,-0.06103515625,0.9765625,-0.18310546875,-0.18310546875,0.1708984375,-0.5859375,-0.06103515625,-0.1708984375,-0.37841796875,0.87890625,-0.048828125,-0.62255859375,-0.0732421875,-0.13427734375,-0.0732421875,-0.79345703125,-0.10986328125,0.89111328125,-0.1953125,0.0244140625,0.1220703125,-1.23291015625,-0.18310546875,-1.5869140625,-0.10986328125,-1.62353515625,-0.0244140625,-1.23291015625,0.244140625,-0.30517578125,0.4150390625,-0.7080078125,0.244140625,-0.48828125,-0.69580078125,0.50048828125,-0.20751953125,2.294921875,-0.2197265625,3.11279296875,0,0.5126953125,-0.1953125,1.55029296875,0.47607421875,0.76904296875,0,0.57373046875,0.1220703125,0.48828125,0.3173828125,0.2197265625,0.3662109375,1.8798828125,-0.09765625,2.11181640625,-0.06103515625,1.26953125,0.06103515625,2.52685546875,0.0732421875,-0.25634765625,-0.0244140625,0.6591796875,0.13427734375,-0.3662109375,0.146484375,0.927734375,-0.01220703125,-1.123046875,0.18310546875,-0.537109375,-0.1220703125,-1.11083984375,0.06103515625,-0.830078125,-0.1220703125,-1.52587890625,-0.0732421875,-0.29296875,-0.390625,-0.341796875,0,-1.416015625,-0.2197265625,-0.72021484375,-0.0732421875,-0.68359375,-0.146484375,-0.68359375,-0.0244140625,-0.06103515625,-0.09765625,-0.72021484375,-0.42724609375,-1.37939453125,-0.08544921875,-0.9765625,-0.1953125,0.3662109375,0.0244140625,0.28076171875,-0.03662109375,0,-0.0732421875,-0.03662109375,-0.146484375,0.10986328125,-0.03662109375,-0.28076171875,-0.01220703125,0.52490234375,-0.09765625,-0.78125,-0.06103515625,-0.78125
1,0.15869140625,-0.42724609375,0.048828125,-0.08544921875,-0.03662109375,-0.18310546875,-0.13427734375,0.18310546875,0.01220703125,-0.1220703125,-0.13427734375,-0.9521484375,-0.06103515625,0.9765625,-0.1708984375,-0.1708984375,0.10986328125,-0.57373046875,-0.048828125,-0.1708984375,-0.439453125,0.87890625,-0.048828125,-0.57373046875,-0.13427734375,-0.13427734375,-0.03662109375,-0.81787109375,-0.048828125,0.87890625,-0.18310546875,0.03662109375,0.23193359375,-1.220703125,-0.0732421875,-1.5380859375,-0.048828125,-1.5869140625,0.01220703125,-1.2451171875,0.2197265625,-0.28076171875,0.4150390625,-0.7080078125,0.244140625,-0.50048828125,-0.68359375,0.5126953125,-0.2197265625,2.63671875,-0.18310546875,4.248046875,0.048828125,0.76904296875,-0.2197265625,1.84326171875,0.48828125,0.7568359375,0.0244140625,0.5615234375,0.08544921875,0.50048828125,0.390625,0.244140625,0.30517578125,2.4658203125,-0.13427734375,2.55126953125,0.03662109375,1.708984375,-0.15869140625,3.61328125,0.10986328125,-0.20751953125,0.0732421875,0.52490234375,0.2197265625,-0.37841796875,0.1220703125,0.927734375,0.03662109375,-1.123046875,0.1220703125,-0.5615234375,-0.048828125,-1.07421875,0.09765625,-0.830078125,-0.10986328125,-1.55029296875,0.0244140625,-0.29296875,-0.3173828125,-0.32958984375,-0.01220703125,-1.4404296875,-0.20751953125,-0.732421875,-0.06103515625,-0.68359375,-0.15869140625,-0.6591796875,-0.0244140625,-0.048828125,-0.13427734375,-0.72021484375,-0.45166015625,-1.40380859375,-0.048828125,-0.98876953125,-0.2197265625,0.341796875,0.01220703125,0.2685546875,-0.0244140625,0,-0.08544921875,0,-0.15869140625,0.13427734375,-0.0244140625,-0.30517578125,-0.0244140625,0.537109375,-0.13427734375,-0.81787109375,-0.01220703125,-0.76904296875
1,0.1220703125,-0.37841796875,0.03662109375,-0.03662109375,-0.03662109375,-0.15869140625,-0.13427734375,0.23193359375,0.0244140625,-0.10986328125,-0.13427734375,-0.9521484375,-0.0732421875,1.0009765625,-0.146484375,-0.18310546875,0.0244140625,-0.5615234375,-0.03662109375,-0.18310546875,-0.45166015625,0.86669921875,-0.0244140625,-0.5615234375,-0.18310546875,-0.13427734375,-0.0244140625,-0.81787109375,-0.06103515625,0.87890625,-0.146484375,0.03662109375,0.29296875,-1.1474609375,0,-1.45263671875,-0.03662109375,-1.416015625,0.01220703125,-1.26953125,0.18310546875,-0.25634765625,0.390625,-0.68359375,0.25634765625,-0.5126953125,-0.69580078125,0.50048828125,-0.2197265625,2.96630859375,-0.03662109375,5.419921875,0.0732421875,1.0498046875,-0.1708984375,2.1484375,0.4638671875,0.7568359375,-0.0244140625,0.537109375,0.048828125,0.5126953125,0.4150390625,0.23193359375,0.2685546875,3.1982421875,-0.1953125,3.08837890625,0.08544921875,2.197265625,-0.35400390625,4.833984375,0.0732421875,-0.18310546875,0.08544921875,0.42724609375,0.3173828125,-0.3662109375,0.06103515625,0.93994140625,0.10986328125,-1.11083984375,0.1220703125,-0.52490234375,0.06103515625,-1.08642578125,0.13427734375,-0.81787109375,-0.06103515625,-1.55029296875,0.06103515625,-0.30517578125,-0.1708984375,-0.3173828125,0,-1.45263671875,-0.18310546875,-0.72021484375,-0.08544921875,-0.69580078125,-0.1953125,-0.68359375,-0.01220703125,-0.0732421875,-0.18310546875,-0.732421875,-0.35400390625,-1.45263671875,-0.048828125,-1.0009765625,-0.25634765625,0.341796875,0,0.30517578125,-0.0244140625,0,-0.08544921875,0.0244140625,-0.15869140625,0.1220703125,-0.01220703125,-0.3173828125,-0.048828125,0.54931640625,-0.09765625,-0.8056640625,0.01220703125,-0.78125
1,0.0732421875,-0.3173828125,0.03662109375,-0.03662109375,-0.01220703125,-0.146484375,-0.10986328125,0.2197265625,0.03662109375,-0.10986328125,-0.1708984375,-0.93994140625,-0.09765625,1.025390625,-0.10986328125,-0.18310546875,-0.048828125,-0.54931640625,-0.03662109375,-0.1953125,-0.3662109375,0.87890625,0.048828125,-0.54931640625,-0.1708984375,-0.10986328125,-0.01220703125,-0.81787109375,-0.09765625,0.86669921875,-0.15869140625,0.03662109375,0.32958984375,-1.0009765625,0.08544921875,-1.318359375,-0.0244140625,-1.15966796875,-0.048828125,-1.23291015625,0.10986328125,-0.244140625,0.28076171875,-0.67138671875,0.2685546875,-0.5126953125,-0.69580078125,0.537109375,-0.18310546875,3.28369140625,-0.0732421875,6.45751953125,0.08544921875,1.30615234375,-0.1708984375,2.40478515625,0.537109375,0.7568359375,-0.09765625,0.537109375,0.03662109375,0.52490234375,0.37841796875,0.244140625,0.244140625,3.96728515625,-0.1953125,3.6376953125,0.1953125,2.734375,-0.29296875,6.0791015625,0.06103515625,-0.1220703125,0.2197265625,0.40283203125,0.42724609375,-0.341796875,0.01220703125,0.96435546875,0.06103515625,-1.0986328125,0.09765625,-0.52490234375,0.1953125,-1.07421875,0.048828125,-0.81787109375,-0.048828125,-1.5380859375,0.09765625,-0.30517578125,-0.06103515625,-0.32958984375,0.03662109375,-1.46484375,-0.13427734375,-0.72021484375,-0.1708984375,-0.7080078125,-0.244140625,-0.6591796875,-0.06103515625,-0.0732421875,-0.18310546875,-0.7568359375,-0.341796875,-1.47705078125,-0.06103515625,-1.0009765625,-0.28076171875,0.341796875,-0.0244140625,0.32958984375,-0.03662109375,-0.0244140625,-0.0732421875,0.01220703125,-0.146484375,0.13427734375,0,-0.341796875,-0.06103515625,0.54931640625,-0.10986328125,-0.81787109375,-0.01220703125,-0.78125
0,0.1220703125,-0.28076171875,0.0244140625,-0.048828125,0,-0.1953125,-0.08544921875,0.1953125,0.03662109375,-0.1220703125,-0.1708984375,-0.9521484375,-0.1220703125,1.06201171875,-0.09765625,-0.20751953125,-0.08544921875,-0.57373046875,-0.03662109375,-0.1953125,-0.25634765625,0.91552734375,0.10986328125,-0.537109375,-0.1953125,-0.09765625,0.0244140625,-0.81787109375,-0.18310546875,0.89111328125,-0.20751953125,0.048828125,0.390625,-0.8544921875,0.15869140625,-1.18408203125,0.03662109375,-0.87890625,-0.15869140625,-1.123046875,0.06103515625,-0.244140625,0.1708984375,-0.6591796875,0.3173828125,-0.5126953125,-0.69580078125,0.54931640625,-0.09765625,3.50341796875,-0.1953125,7.2998046875,0.15869140625,1.46484375,-0.18310546875,2.587890625,0.54931640625,0.76904296875,-0.08544921875,0.537109375,0.0244140625,0.54931640625,0.341796875,0.23193359375,0.1953125,4.736328125,-0.20751953125,4.19921875,0.29296875,3.2470703125,-0.35400390625,7.23876953125,-0.10986328125,-0.0732421875,0.146484375,0.45166015625,0.341796875,-0.28076171875,-0.15869140625,1.0498046875,0.08544921875,-1.07421875,0.1220703125,-0.48828125,0.32958984375,-1.07421875,0.0244140625,-0.79345703125,-0.0244140625,-1.513671875,0.1220703125,-0.30517578125,0.06103515625,-0.35400390625,0.06103515625,-1.46484375,-0.13427734375,-0.69580078125,-0.18310546875,-0.7080078125,-0.25634765625,-0.67138671875,-0.0732421875,-0.08544921875,-0.1220703125,-0.76904296875,-0.3173828125,-1.52587890625,-0.1220703125,-0.98876953125,-0.30517578125,0.35400390625,-0.03662109375,0.341796875,-0.03662109375,-0.03662109375,-0.08544921875,-0.01220703125,-0.15869140625,0.13427734375,-0.01220703125,-0.30517578125,-0.0732421875,0.5615234375,-0.13427734375,-0.84228515625,0,-0.8056640625
0,0.1953125,-0.244140625,0.06103515625,-0.09765625,0.0244140625,-0.2685546875,-0.06103515625,0.15869140625,0.06103515625,-0.09765625,-0.1708984375,-0.9521484375,-0.146484375,1.06201171875,-0.08544921875,-0.20751953125,-0.09765625,-0.5859375,-0.0244140625,-0.20751953125,-0.146484375,0.91552734375,0.146484375,-0.57373046875,-0.23193359375,-0.09765625,0.0732421875,-0.81787109375,-0.3173828125,0.9033203125,-0.244140625,0.0244140625,0.37841796875,-0.69580078125,0.18310546875,-1.0498046875,0.08544921875,-0.62255859375,-0.2685546875,-1.025390625,0.01220703125,-0.244140625,0.09765625,-0.634765625,0.37841796875,-0.50048828125,-0.68359375,0.5615234375,-0.01220703125,3.6865234375,-0.3173828125,7.861328125,0.1708984375,1.55029296875,-0.1220703125,2.7099609375,0.5615234375,0.78125,-0.1220703125,0.52490234375,0.0244140625,0.5615234375,0.29296875,0.20751953125,0.2197265625,5.40771484375,-0.25634765625,4.6630859375,0.30517578125,3.69873046875,-0.30517578125,8.203125,-0.15869140625,0.01220703125,0.15869140625,0.57373046875,0.3173828125,-0.1953125,-0.1708984375,1.123046875,0.08544921875,-1.0986328125,0.1220703125,-0.48828125,0.390625,-1.08642578125,-0.0244140625,-0.8056640625,-0.01220703125,-1.52587890625,0.13427734375,-0.28076171875,0.18310546875,-0.35400390625,0.09765625,-1.4892578125,-0.10986328125,-0.72021484375,-0.2197265625,-0.69580078125,-0.244140625,-0.6591796875,-0.10986328125,-0.0732421875,-0.10986328125,-0.7568359375,-0.23193359375,-1.52587890625,-0.13427734375,-1.01318359375,-0.29296875,0.341796875,-0.03662109375,0.341796875,-0.06103515625,-0.03662109375,-0.0732421875,-0.048828125,-0.13427734375,0.1220703125,-0.01220703125,-0.29296875,-0.06103515625,0.54931640625,-0.146484375,-0.84228515625,0,-0.81787109375
0,0.23193359375,-0.2197265625,0,-0.15869140625,0.048828125,-0.30517578125,-0.048828125,0.0732421875,0.06103515625,-0.10986328125,-0.18310546875,-0.96435546875,-0.1220703125,1.06201171875,-0.10986328125,-0.20751953125,-0.048828125,-0.62255859375,0.01220703125,-0.2197265625,0,0.89111328125,0.18310546875,-0.6103515625,-0.2197265625,-0.10986328125,0.146484375,-0.81787109375,-0.42724609375,0.9033203125,-0.2685546875,0.03662109375,0.35400390625,-0.57373046875,0.20751953125,-0.96435546875,0.03662109375,-0.45166015625,-0.390625,-0.927734375,0.01220703125,-0.2197265625,0.0732421875,-0.634765625,0.439453125,-0.5126953125,-0.68359375,0.57373046875,0.048828125,3.7841796875,-0.37841796875,8.09326171875,0.25634765625,1.5625,-0.06103515625,2.734375,0.54931640625,0.78125,-0.09765625,0.5126953125,0.0244140625,0.5615234375,0.2685546875,0.20751953125,0.15869140625,5.96923828125,-0.29296875,5.04150390625,0.30517578125,4.0283203125,-0.35400390625,8.94775390625,-0.08544921875,0.08544921875,0.23193359375,0.7080078125,0.25634765625,-0.1220703125,-0.146484375,1.20849609375,0.08544921875,-1.11083984375,0.10986328125,-0.4638671875,0.4150390625,-1.08642578125,-0.0244140625,-0.81787109375,-0.06103515625,-1.5380859375,0.13427734375,-0.29296875,0.28076171875,-0.37841796875,0.146484375,-1.50146484375,-0.08544921875,-0.72021484375,-0.25634765625,-0.72021484375,-0.2197265625,-0.6591796875,-0.13427734375,-0.0732421875,-0.06103515625,-0.76904296875,-0.1953125,-1.50146484375,-0.15869140625,-1.025390625,-0.3173828125,0.32958984375,-0.048828125,0.32958984375,-0.048828125,-0.03662109375,-0.06103515625,-0.08544921875,-0.146484375,0.1220703125,-0.03662109375,-0.2685546875,-0.048828125,0.537109375,-0.1953125,-0.86669921875,-0.0244140625,-0.8544921875
0,0.25634765625,-0.146484375,-0.01220703125,-0.20751953125,0.08544921875,-0.3662109375,-0.03662109375,0,0.048828125,-0.1220703125,-0.18310546875,-0.96435546875,-0.13427734375,1.07421875,-0.10986328125,-0.20751953125,0.01220703125,-0.64697265625,0.01220703125,-0.2197265625,0.146484375,0.89111328125,0.1953125,-0.62255859375,-0.20751953125,-0.1220703125,0.1953125,-0.8056640625,-0.47607421875,0.91552734375,-0.23193359375,0.0244140625,0.30517578125,-0.4638671875,0.3173828125,-0.927734375,0.048828125,-0.35400390625,-0.439453125,-0.8544921875,0,-0.23193359375,0.0732421875,-0.6591796875,0.48828125,-0.5126953125,-0.68359375,0.5615234375,0.1220703125,3.74755859375,-0.40283203125,8.0078125,0.28076171875,1.513671875,0.01220703125,2.7099609375,0.47607421875,0.78125,-0.03662109375,0.537109375,-0.01220703125,0.57373046875,0.1953125,0.20751953125,0.1708984375,6.31103515625,-0.25634765625,5.2490234375,0.2685546875,4.248046875,-0.35400390625,9.33837890625,-0.15869140625,0.1953125,0.18310546875,0.87890625,0.03662109375,-0.0244140625,-0.2197265625,1.318359375,0.1220703125,-1.123046875,-0.048828125,-0.45166015625,0.390625,-1.123046875,0,-0.81787109375,-0.1220703125,-1.52587890625,0.146484375,-0.30517578125,0.4150390625,-0.390625,0.20751953125,-1.46484375,-0.09765625,-0.732421875,-0.28076171875,-0.72021484375,-0.23193359375,-0.62255859375,-0.146484375,-0.06103515625,-0.06103515625,-0.74462890625,-0.13427734375,-1.47705078125,-0.15869140625,-1.01318359375,-0.32958984375,0.341796875,-0.048828125,0.30517578125,-0.048828125,-0.0244140625,-0.0732421875,-0.09765625,-0.15869140625,0.1220703125,-0.048828125,-0.2197265625,-0.03662109375,0.52490234375,-0.18310546875,-0.8544921875,-0.0244140625,-0.8544921875
0,0.244140625,0.0244140625,-0.01220703125,-0.20751953125,0.10986328125,-0.341796875,0,0.01220703125,0.03662109375,-0.13427734375,-0.18310546875,-0.9521484375,-0.146484375,1.06201171875,-0.1220703125,-0.1953125,0.06103515625,-0.64697265625,0.03662109375,-0.23193359375,0.23193359375,0.89111328125,0.20751953125,-0.64697265625,-0.15869140625,-0.1220703125,0.2197265625,-0.79345703125,-0.5126953125,0.91552734375,-0.20751953125,0.0244140625,0.1708984375,-0.40283203125,0.3173828125,-0.91552734375,-0.03662109375,-0.341796875,-0.5615234375,-0.79345703125,0.0244140625,-0.23193359375,0.09765625,-0.6591796875,0.47607421875,-0.48828125,-0.6591796875,0.57373046875,0.13427734375,3.62548828125,-0.42724609375,7.666015625,0.28076171875,1.40380859375,0.10986328125,2.587890625,0.439453125,0.78125,-0.048828125,0.54931640625,-0.01220703125,0.57373046875,0.146484375,0.1953125,0.1953125,6.45751953125,-0.18310546875,5.2734375,0.23193359375,4.2724609375,-0.3173828125,9.41162109375,-0.08544921875,0.29296875,0.1953125,1.01318359375,-0.0244140625,0.06103515625,-0.15869140625,1.4404296875,0.10986328125,-1.123046875,-0.03662109375,-0.42724609375,0.3173828125,-1.11083984375,0.048828125,-0.81787109375,-0.18310546875,-1.513671875,0.1708984375,-0.30517578125,0.537109375,-0.390625,0.25634765625,-1.45263671875,-0.10986328125,-0.74462890625,-0.244140625,-0.7080078125,-0.20751953125,-0.634765625,-0.1708984375,-0.06103515625,-0.0732421875,-0.74462890625,-0.03662109375,-1.4404296875,-0.15869140625,-1.025390625,-0.32958984375,0.341796875,-0.048828125,0.30517578125,-0.0244140625,-0.0244140625,-0.0732421875,-0.09765625,-0.15869140625,0.1220703125,-0.048828125,-0.18310546875,-0.01220703125,0.52490234375,-0.146484375,-0.81787109375,-0.01220703125,-0.8544921875
0,0.28076171875,0.28076171875,-0.0244140625,-0.13427734375,0.13427734375,-0.25634765625,0.01220703125,0.10986328125,0.03662109375,-0.1220703125,-0.15869140625,-0.9521484375,-0.146484375,1.03759765625,-0.1220703125,-0.18310546875,0.10986328125,-0.634765625,0.06103515625,-0.20751953125,0.32958984375,0.87890625,0.2197265625,-0.6591796875,-0.13427734375,-0.146484375,0.20751953125,-0.8056640625,-0.48828125,0.91552734375,-0.18310546875,0.0244140625,0.1953125,-0.4150390625,0.390625,-0.93994140625,-0.1220703125,-0.47607421875,-0.52490234375,-0.79345703125,0.06103515625,-0.244140625,0.0732421875,-0.68359375,0.439453125,-0.50048828125,-0.6103515625,0.5859375,0.13427734375,3.41796875,-0.439453125,7.080078125,0.32958984375,1.220703125,0.15869140625,2.40478515625,0.3662109375,0.76904296875,-0.06103515625,0.54931640625,-0.06103515625,0.54931640625,0.10986328125,0.2197265625,0.18310546875,6.33544921875,-0.146484375,5.13916015625,0.18310546875,4.16259765625,-0.244140625,9.1552734375,0.03662109375,0.390625,0.18310546875,1.13525390625,-0.1708984375,0.146484375,-0.1708984375,1.5380859375,0.13427734375,-1.123046875,-0.0732421875,-0.47607421875,0.29296875,-1.123046875,0.08544921875,-0.86669921875,-0.244140625,-1.47705078125,0.1708984375,-0.28076171875,0.5615234375,-0.390625,0.2685546875,-1.4404296875,-0.09765625,-0.7568359375,-0.23193359375,-0.69580078125,-0.18310546875,-0.62255859375,-0.146484375,-0.08544921875,-0.03662109375,-0.74462890625,0.01220703125,-1.416015625,-0.10986328125,-1.0009765625,-0.32958984375,0.32958984375,-0.048828125,0.28076171875,0,0,-0.0732421875,-0.09765625,-0.18310546875,0.1220703125,-0.06103515625,-0.1708984375,-0.03662109375,0.52490234375,-0.146484375,-0.8056640625,-0.03662109375,-0.84228515625
0,0.2197265625,0.69580078125,-0.03662109375,-0.01220703125,0.146484375,-0.10986328125,0.048828125,0.29296875,0.0244140625,-0.13427734375,-0.1708984375,-0.9765625,-0.1708984375,1.025390625,-0.146484375,-0.18310546875,0.146484375,-0.64697265625,0.06103515625,-0.1953125,0.35400390625,0.87890625,0.20751953125,-0.6591796875,-0.1220703125,-0.15869140625,0.20751953125,-0.76904296875,-0.390625,0.89111328125,-0.10986328125,0.0244140625,0.23193359375,-0.45166015625,0.40283203125,-0.9765625,-0.146484375,-0.6103515625,-0.4638671875,-0.79345703125,0.10986328125,-0.23193359375,0.09765625,-0.7080078125,0.40283203125,-0.52490234375,-0.64697265625,0.5615234375,0.146484375,3.1494140625,-0.4638671875,6.40869140625,0.32958984375,1.06201171875,0.2685546875,2.2216796875,0.29296875,0.78125,-0.09765625,0.5615234375,-0.0732421875,0.5615234375,0.048828125,0.2197265625,0.23193359375,6.0546875,-0.13427734375,4.833984375,0.13427734375,3.8818359375,-0.1953125,8.58154296875,0.048828125,0.5126953125,0.09765625,1.23291015625,-0.28076171875,0.25634765625,-0.15869140625,1.66015625,0.15869140625,-1.13525390625,0,-0.4638671875,0.18310546875,-1.13525390625,0.08544921875,-0.9033203125,-0.29296875,-1.50146484375,0.18310546875,-0.29296875,0.59814453125,-0.390625,0.2685546875,-1.42822265625,-0.10986328125,-0.7568359375,-0.1708984375,-0.67138671875,-0.1220703125,-0.62255859375,-0.0732421875,-0.06103515625,-0.03662109375,-0.732421875,0.06103515625,-1.40380859375,-0.10986328125,-0.98876953125,-0.30517578125,0.341796875,-0.03662109375,0.29296875,-0.01220703125,0.01220703125,-0.0732421875,-0.09765625,-0.18310546875,0.13427734375,-0.0732421875,-0.1953125,0,0.52490234375,-0.1220703125,-0.79345703125,-0.03662109375,-0.830078125
0,0.244140625,1.26953125,-0.0244140625,0.2197265625,0.1708984375,0.13427734375,0.08544921875,0.54931640625,0,-0.15869140625,-0.1708984375,-0.9521484375,-0.1953125,1.0009765625,-0.15869140625,-0.1953125,0.15869140625,-0.6103515625,0.08544921875,-0.18310546875,0.341796875,0.89111328125,0.25634765625,-0.634765625,-0.13427734375,-0.15869140625,0.15869140625,-0.79345703125,-0.25634765625,0.86669921875,-0.09765625,0.0244140625,0.1708984375,-0.50048828125,0.3173828125,-1.0009765625,-0.29296875,-0.76904296875,-0.37841796875,-0.79345703125,0.1220703125,-0.244140625,0.1220703125,-0.7080078125,0.30517578125,-0.5126953125,-0.59814453125,0.5615234375,0.15869140625,2.84423828125,-0.45166015625,5.6396484375,0.35400390625,0.87890625,0.341796875,2.01416015625,0.244140625,0.79345703125,-0.1220703125,0.57373046875,-0.0732421875,0.54931640625,0,0.23193359375,0.13427734375,5.55419921875,-0.06103515625,4.40673828125,0.10986328125,3.4912109375,-0.20751953125,7.77587890625,0.146484375,0.6591796875,0.09765625,1.28173828125,-0.30517578125,0.37841796875,-0.06103515625,1.7822265625,0.13427734375,-1.1474609375,0.0732421875,-0.45166015625,0.09765625,-1.13525390625,0.10986328125,-0.91552734375,-0.32958984375,-1.4892578125,0.15869140625,-0.28076171875,0.57373046875,-0.390625,0.2197265625,-1.42822265625,-0.09765625,-0.74462890625,-0.1220703125,-0.64697265625,-0.048828125,-0.62255859375,-0.06103515625,-0.06103515625,0,-0.72021484375,0.09765625,-1.37939453125,-0.0732421875,-0.96435546875,-0.3173828125,0.32958984375,-0.01220703125,0.28076171875,0,0.01220703125,-0.0732421875,-0.08544921875,-0.1708984375,0.146484375,-0.08544921875,-0.1953125,-0.0244140625,0.537109375,-0.09765625,-0.78125,-0.048828125,-0.81787109375
0,0.1708984375,2.001953125,-0.048828125,0.54931640625,0.18310546875,0.45166015625,0.08544921875,0.927734375,0,-0.146484375,-0.1708984375,-0.96435546875,-0.1953125,1.01318359375,-0.146484375,-0.2197265625,0.1708984375,-0.5859375,0.09765625,-0.20751953125,0.32958984375,0.87890625,0.1953125,-0.6103515625,-0.13427734375,-0.15869140625,0.10986328125,-0.78125,-0.146484375,0.86669921875,-0.13427734375,0.03662109375,0.1953125,-0.5126953125,0.23193359375,-1.025390625,-0.35400390625,-0.8544921875,-0.28076171875,-0.79345703125,0.146484375,-0.244140625,0.18310546875,-0.72021484375,0.1953125,-0.50048828125,-0.64697265625,0.537109375,0.13427734375,2.5390625,-0.4150390625,4.91943359375,0.3662109375,0.68359375,0.37841796875,1.77001953125,0.1708984375,0.78125,-0.146484375,0.5615234375,-0.06103515625,0.537109375,-0.06103515625,0.25634765625,0.08544921875,4.94384765625,0.01220703125,3.9306640625,0.1220703125,3.0029296875,-0.1953125,6.8115234375,0.15869140625,0.78125,0.0732421875,1.2939453125,-0.35400390625,0.48828125,-0.0732421875,1.91650390625,0.1220703125,-1.13525390625,0.10986328125,-0.390625,0.0244140625,-1.13525390625,0.0732421875,-0.9033203125,-0.32958984375,-1.4892578125,0.146484375,-0.2685546875,0.52490234375,-0.37841796875,0.1953125,-1.45263671875,-0.0732421875,-0.74462890625,-0.1220703125,-0.64697265625,0.01220703125,-0.64697265625,-0.0244140625,-0.048828125,0.0244140625,-0.7080078125,0.06103515625,-1.3671875,-0.03662109375,-0.98876953125,-0.2685546875,0.32958984375,0,0.28076171875,-0.01220703125,0.0244140625,-0.06103515625,-0.0732421875,-0.1220703125,0.13427734375,-0.06103515625,-0.1953125,-0.03662109375,0.537109375,-0.10986328125,-0.76904296875,-0.048828125,-0.78125
0,0.1708984375,2.8076171875,-0.03662109375,0.927734375,0.1708984375,0.81787109375,0.09765625,1.33056640625,0.01220703125,-0.13427734375,-0.1708984375,-0.96435546875,-0.2197265625,1.01318359375,-0.146484375,-0.20751953125,0.15869140625,-0.5615234375,0.0732421875,-0.1953125,0.341796875,0.86669921875,0.15869140625,-0.57373046875,-0.15869140625,-0.146484375,0.0732421875,-0.79345703125,-0.01220703125,0.86669921875,-0.13427734375,0.048828125,0.18310546875,-0.4638671875,0.2197265625,-0.96435546875,-0.35400390625,-0.86669921875,-0.146484375,-0.72021484375,0.1220703125,-0.2197265625,0.25634765625,-0.74462890625,0.1220703125,-0.52490234375,-0.72021484375,0.52490234375,0.0732421875,2.25830078125,-0.390625,4.26025390625,0.35400390625,0.5126953125,0.45166015625,1.55029296875,0.1220703125,0.78125,-0.1220703125,0.5615234375,0,0.52490234375,-0.15869140625,0.244140625,0.03662109375,4.248046875,0.048828125,3.3935546875,0.1953125,2.490234375,-0.2197265625,5.77392578125,0.13427734375,0.9521484375,-0.01220703125,1.33056640625,-0.25634765625,0.634765625,-0.03662109375,2.08740234375,0.08544921875,-1.0986328125,0.20751953125,-0.2197265625,-0.03662109375,-1.08642578125,0.0732421875,-0.87890625,-0.29296875,-1.50146484375,0.13427734375,-0.244140625,0.42724609375,-0.37841796875,0.15869140625,-1.4404296875,-0.0732421875,-0.732421875,-0.10986328125,-0.634765625,0.06103515625,-0.68359375,0.01220703125,-0.06103515625,0,-0.72021484375,0.06103515625,-1.37939453125,-0.03662109375,-1.01318359375,-0.23193359375,0.32958984375,0,0.29296875,-0.01220703125,0.01220703125,-0.0732421875,-0.06103515625,-0.13427734375,0.13427734375,-0.048828125,-0.1953125,-0.01220703125,0.57373046875,-0.06103515625,-0.7568359375,-0.03662109375,-0.7568359375
0,0.25634765625,3.7109375,-0.06103515625,1.3427734375,0.18310546875,1.1962890625,0.09765625,1.77001953125,0,-0.13427734375,-0.146484375,-0.96435546875,-0.20751953125,1.03759765625,-0.146484375,-0.1953125,0.13427734375,-0.5859375,0.06103515625,-0.1708984375,0.3173828125,0.87890625,0.08544921875,-0.54931640625,-0.1708984375,-0.13427734375,-0.01220703125,-0.76904296875,0.13427734375,0.87890625,-0.146484375,0.048828125,0.10986328125,-0.341796875,0.1220703125,-0.830078125,-0.42724609375,-0.79345703125,-0.08544921875,-0.6103515625,0.13427734375,-0.20751953125,0.29296875,-0.69580078125,0.06103515625,-0.52490234375,-0.7568359375,0.537109375,0,1.98974609375,-0.29296875,3.7109375,0.3173828125,0.341796875,0.48828125,1.35498046875,0.048828125,0.79345703125,-0.1220703125,0.5615234375,-0.0244140625,0.537109375,-0.2197265625,0.244140625,-0.0244140625,3.55224609375,0.06103515625,2.880859375,0.23193359375,2.001953125,-0.28076171875,4.74853515625,0.20751953125,1.11083984375,-0.048828125,1.3427734375,-0.13427734375,0.78125,-0.10986328125,2.25830078125,0.0732421875,-1.025390625,0.244140625,0.03662109375,-0.1220703125,-1.0498046875,0.1220703125,-0.830078125,-0.28076171875,-1.4892578125,0.0732421875,-0.20751953125,0.3173828125,-0.35400390625,0.1220703125,-1.45263671875,-0.09765625,-0.72021484375,-0.08544921875,-0.64697265625,0.0732421875,-0.6591796875,0.08544921875,-0.06103515625,-0.048828125,-0.72021484375,0.048828125,-1.42822265625,0,-1.0009765625,-0.23193359375,0.32958984375,0.0244140625,0.30517578125,0.01220703125,-0.01220703125,-0.06103515625,-0.0244140625,-0.1220703125,0.1220703125,-0.06103515625,-0.15869140625,-0.0244140625,0.59814453125,-0.0732421875,-0.72021484375,-0.06103515625,-0.72021484375
0,0.29296875,4.5166015625,-0.048828125,1.7578125,0.2197265625,1.5625,0.08544921875,2.1728515625,0.0244140625,-0.10986328125,-0.1708984375,-0.9521484375,-0.23193359375,1.01318359375,-0.13427734375,-0.18310546875,0.0732421875,-0.5859375,0.03662109375,-0.1708984375,0.28076171875,0.86669921875,0.0244140625,-0.537109375,-0.2197265625,-0.146484375,-0.09765625,-0.79345703125,0.2197265625,0.84228515625,-0.10986328125,0.03662109375,0.048828125,-0.18310546875,0.10986328125,-0.67138671875,-0.42724609375,-0.6103515625,0.01220703125,-0.45166015625,0.1708984375,-0.1708984375,0.25634765625,-0.68359375,0.048828125,-0.52490234375,-0.78125,0.5126953125,0,1.77001953125,-0.3173828125,3.23486328125,0.28076171875,0.1953125,0.537109375,1.18408203125,0.0732421875,0.76904296875,-0.20751953125,0.5615234375,0,0.52490234375,-0.28076171875,0.25634765625,0.01220703125,2.880859375,0.08544921875,2.42919921875,0.25634765625,1.5380859375,-0.341796875,3.759765625,0.2197265625,1.2939453125,-0.0732421875,1.40380859375,0.0244140625,0.9033203125,-0.1953125,2.40478515625,0.0244140625,-0.9765625,0.3173828125,0.42724609375,-0.18310546875,-1.01318359375,0.10986328125,-0.7568359375,-0.23193359375,-1.4892578125,0.01220703125,-0.2197265625,0.25634765625,-0.35400390625,0.13427734375,-1.45263671875,-0.0732421875,-0.72021484375,-0.0732421875,-0.6591796875,0.03662109375,-0.6591796875,0.10986328125,-0.0732421875,-0.0732421875,-0.74462890625,-0.0244140625,-1.45263671875,0.01220703125,-1.025390625,-0.25634765625,0.30517578125,0.0732421875,0.32958984375,0.0244140625,-0.0244140625,-0.08544921875,-0.0244140625,-0.09765625,0.10986328125,-0.048828125,-0.15869140625,-0.0244140625,0.59814453125,-0.03662109375,-0.72021484375,-0.08544921875,-0.69580078125
0,0.1953125,5.2490234375,-0.06103515625,2.08740234375,0.23193359375,1.8798828125,0.08544921875,2.4658203125,0.01220703125,-0.1220703125,-0.15869140625,-0.9521484375,-0.23193359375,1.0498046875,-0.13427734375,-0.2197265625,0.0244140625,-0.5859375,0.03662109375,-0.1708984375,0.20751953125,0.87890625,0.03662109375,-0.52490234375,-0.25634765625,-0.10986328125,-0.146484375,-0.8056640625,0.30517578125,0.84228515625,-0.10986328125,0.03662109375,0.01220703125,0.08544921875,0.0244140625,-0.50048828125,-0.4150390625,-0.37841796875,0,-0.244140625,0.20751953125,-0.15869140625,0.1708984375,-0.6591796875,0.08544921875,-0.5126953125,-0.8056640625,0.5126953125,-0.01220703125,1.611328125,-0.30517578125,2.83203125,0.244140625,0.0732421875,0.54931640625,1.03759765625,0.08544921875,0.79345703125,-0.2685546875,0.5859375,0.03662109375,0.537109375,-0.341796875,0.244140625,0.01220703125,2.30712890625,0.10986328125,2.05078125,0.23193359375,1.123046875,-0.40283203125,2.9296875,0.20751953125,1.40380859375,-0.01220703125,1.50146484375,0.1220703125,1.025390625,-0.2685546875,2.52685546875,0.03662109375,-0.86669921875,0.3662109375,0.9521484375,-0.2197265625,-0.93994140625,0.146484375,-0.64697265625,-0.2197265625,-1.513671875,-0.03662109375,-0.2197265625,0.1708984375,-0.37841796875,0.10986328125,-1.45263671875,-0.048828125,-0.732421875,-0.06103515625,-0.64697265625,-0.0244140625,-0.68359375,0.13427734375,-0.0732421875,-0.08544921875,-0.732421875,-0.09765625,-1.45263671875,0.03662109375,-1.0498046875,-0.2197265625,0.30517578125,0.06103515625,0.341796875,0.048828125,-0.03662109375,-0.06103515625,-0.03662109375,-0.08544921875,0.10986328125,-0.06103515625,-0.13427734375,-0.01220703125,0.6103515625,-0.03662109375,-0.68359375,-0.10986328125,-0.67138671875
1,0.1953125,5.82275390625,-0.06103515625,2.34375,0.244140625,2.11181640625,0.1220703125,2.69775390625,0.01220703125,-0.1220703125,-0.15869140625,-0.9521484375,-0.23193359375,1.0498046875,-0.10986328125,-0.2197265625,0,-0.59814453125,0.03662109375,-0.15869140625,0.09765625,0.87890625,0.0244140625,-0.537109375,-0.3173828125,-0.1220703125,-0.15869140625,-0.8056640625,0.37841796875,0.86669921875,-0.146484375,0.03662109375,0,0.32958984375,-0.146484375,-0.30517578125,-0.4638671875,-0.10986328125,0,-0.03662109375,0.25634765625,-0.146484375,0.06103515625,-0.6591796875,0.10986328125,-0.5126953125,-0.86669921875,0.52490234375,-0.01220703125,1.46484375,-0.30517578125,2.4658203125,0.20751953125,-0.01220703125,0.50048828125,0.927734375,0.146484375,0.8056640625,-0.3173828125,0.5615234375,0.0244140625,0.52490234375,-0.341796875,0.23193359375,0.08544921875,1.806640625,0.0732421875,1.74560546875,0.18310546875,0.81787109375,-0.37841796875,2.2705078125,0.2197265625,1.4892578125,0,1.5380859375,0.1953125,1.08642578125,-0.3173828125,2.587890625,0.048828125,-0.72021484375,0.29296875,1.5625,-0.29296875,-0.84228515625,0.13427734375,-0.5126953125,-0.20751953125,-1.50146484375,-0.1220703125,-0.23193359375,0.10986328125,-0.37841796875,0.0244140625,-1.416015625,-0.03662109375,-0.732421875,-0.08544921875,-0.6591796875,-0.03662109375,-0.6591796875,0.146484375,-0.0732421875,-0.10986328125,-0.7080078125,-0.1953125,-1.47705078125,0.06103515625,-1.06201171875,-0.244140625,0.30517578125,0.06103515625,0.32958984375,0.048828125,-0.048828125,-0.0732421875,-0.0244140625,-0.0732421875,0.0732421875,-0.0732421875,-0.10986328125,0,0.634765625,-0.03662109375,-0.6591796875,-0.146484375,-0.6591796875
1,0.1953125,6.16455078125,-0.10986328125,2.490234375,0.2197265625,2.24609375,0.09765625,2.81982421875,-0.01220703125,-0.09765625,-0.1708984375,-0.9521484375,-0.2197265625,1.06201171875,-0.1220703125,-0.23193359375,0,-0.59814453125,0.048828125,-0.15869140625,0.048828125,0.87890625,0.06103515625,-0.5615234375,-0.390625,-0.1220703125,-0.13427734375,-0.79345703125,0.390625,0.86669921875,-0.1708984375,0.0244140625,0.01220703125,0.59814453125,-0.35400390625,-0.1220703125,-0.4638671875,0.146484375,-0.03662109375,0.15869140625,0.25634765625,-0.146484375,-0.08544921875,-0.64697265625,0.2197265625,-0.5126953125,-0.93994140625,0.537109375,-0.0244140625,1.35498046875,-0.35400390625,2.06298828125,0.18310546875,-0.13427734375,0.4638671875,0.79345703125,0.1220703125,0.79345703125,-0.3173828125,0.54931640625,-0.01220703125,0.52490234375,-0.32958984375,0.2197265625,0.10986328125,1.40380859375,0.03662109375,1.513671875,0.13427734375,0.59814453125,-0.37841796875,1.74560546875,0.1708984375,1.55029296875,0,1.57470703125,0.20751953125,1.0986328125,-0.3173828125,2.60009765625,0.08544921875,-0.5615234375,0.2685546875,2.2705078125,-0.35400390625,-0.76904296875,0.0732421875,-0.3662109375,-0.15869140625,-1.4892578125,-0.23193359375,-0.23193359375,0.06103515625,-0.3662109375,-0.06103515625,-1.42822265625,-0.06103515625,-0.72021484375,-0.10986328125,-0.6591796875,-0.01220703125,-0.67138671875,0.10986328125,-0.0732421875,-0.06103515625,-0.72021484375,-0.244140625,-1.50146484375,0.0732421875,-1.06201171875,-0.2685546875,0.30517578125,0.03662109375,0.3173828125,0.06103515625,-0.0732421875,-0.0732421875,-0.03662109375,-0.09765625,0.0732421875,-0.06103515625,-0.09765625,0.01220703125,0.634765625,-0.0244140625,-0.62255859375,-0.15869140625,-0.6591796875
1,0.23193359375,6.26220703125,-0.1220703125,2.55126953125,0.20751953125,2.294921875,0.1220703125,2.8564453125,0,-0.0732421875,-0.1708984375,-0.93994140625,-0.20751953125,1.0498046875,-0.146484375,-0.2197265625,0,-0.62255859375,0.0732421875,-0.1708984375,-0.03662109375,0.89111328125,0.1220703125,-0.59814453125,-0.439453125,-0.15869140625,-0.10986328125,-0.79345703125,0.42724609375,0.87890625,-0.23193359375,0,0.0244140625,0.79345703125,-0.4638671875,0,-0.48828125,0.3173828125,-0.18310546875,0.341796875,0.2197265625,-0.18310546875,-0.1708984375,-0.6591796875,0.3173828125,-0.48828125,-0.91552734375,0.5615234375,-0.01220703125,1.20849609375,-0.341796875,1.66015625,0.15869140625,-0.1953125,0.4150390625,0.72021484375,0.08544921875,0.8056640625,-0.244140625,0.57373046875,0.01220703125,0.537109375,-0.2685546875,0.23193359375,0.0732421875,1.07421875,-0.03662109375,1.35498046875,0.0244140625,0.42724609375,-0.390625,1.3671875,0.09765625,1.50146484375,0.0244140625,1.5869140625,0.18310546875,1.08642578125,-0.28076171875,2.5634765625,0.146484375,-0.390625,0.35400390625,3.01513671875,-0.439453125,-0.64697265625,0.0244140625,-0.2197265625,-0.1220703125,-1.513671875,-0.3173828125,-0.23193359375,0.01220703125,-0.37841796875,-0.15869140625,-1.40380859375,-0.06103515625,-0.74462890625,-0.0732421875,-0.6591796875,0,-0.6591796875,0.048828125,-0.06103515625,-0.06103515625,-0.7080078125,-0.29296875,-1.4892578125,0.0732421875,-1.0498046875,-0.28076171875,0.3173828125,0.048828125,0.30517578125,0.0732421875,-0.0732421875,-0.0732421875,-0.048828125,-0.09765625,0.08544921875,-0.048828125,-0.08544921875,0.0244140625,0.64697265625,-0.01220703125,-0.62255859375,-0.1708984375,-0.6591796875
1,0.23193359375,6.14013671875,-0.13427734375,2.5146484375,0.2197265625,2.2216796875,0.1708984375,2.783203125,0,-0.08544921875,-0.1708984375,-0.9521484375,-0.18310546875,1.01318359375,-0.1220703125,-0.1953125,-0.01220703125,-0.6103515625,0.1220703125,-0.1953125,-0.06103515625,0.87890625,0.15869140625,-0.62255859375,-0.47607421875,-0.146484375,-0.03662109375,-0.79345703125,0.341796875,0.89111328125,-0.2685546875,0.01220703125,-0.01220703125,0.9521484375,-0.57373046875,0.06103515625,-0.42724609375,0.40283203125,-0.244140625,0.45166015625,0.146484375,-0.18310546875,-0.244140625,-0.6591796875,0.37841796875,-0.4638671875,-0.9033203125,0.5615234375,-0.01220703125,1.0986328125,-0.37841796875,1.20849609375,0.1220703125,-0.2197265625,0.37841796875,0.634765625,0,0.8056640625,-0.20751953125,0.5615234375,0.0244140625,0.5615234375,-0.20751953125,0.23193359375,0.0732421875,0.8056640625,-0.10986328125,1.220703125,-0.13427734375,0.29296875,-0.4638671875,1.08642578125,0.01220703125,1.42822265625,0.03662109375,1.5625,0.1953125,1.0009765625,-0.18310546875,2.45361328125,0.18310546875,-0.1953125,0.3173828125,3.759765625,-0.48828125,-0.5615234375,-0.01220703125,-0.06103515625,-0.09765625,-1.50146484375,-0.390625,-0.244140625,-0.03662109375,-0.35400390625,-0.1953125,-1.416015625,-0.048828125,-0.74462890625,-0.09765625,-0.64697265625,0.03662109375,-0.6591796875,-0.048828125,-0.06103515625,-0.10986328125,-0.68359375,-0.28076171875,-1.46484375,0.06103515625,-1.0498046875,-0.29296875,0.30517578125,0.01220703125,0.29296875,0.09765625,-0.08544921875,-0.06103515625,-0.048828125,-0.09765625,0.10986328125,-0.048828125,-0.09765625,-0.0244140625,0.64697265625,-0.048828125,-0.64697265625,-0.18310546875,-0.68359375
1,0.13427734375,5.79833984375,-0.1220703125,2.40478515625,0.2197265625,2.03857421875,0.18310546875,2.6611328125,0.048828125,-0.1220703125,-0.1953125,-0.9521484375,-0.15869140625,1.025390625,-0.10986328125,-0.18310546875,-0.01220703125,-0.62255859375,0.1708984375,-0.20751953125,-0.03662109375,0.87890625,0.18310546875,-0.6103515625,-0.47607421875,-0.15869140625,0.06103515625,-0.79345703125,0.244140625,0.89111328125,-0.28076171875,0.01220703125,0.01220703125,1.0009765625,-0.6591796875,0.048828125,-0.37841796875,0.35400390625,-0.3173828125,0.47607421875,0.03662109375,-0.2197265625,-0.25634765625,-0.68359375,0.42724609375,-0.4638671875,-0.84228515625,0.54931640625,-0.03662109375,1.0009765625,-0.32958984375,0.74462890625,0.06103515625,-0.28076171875,0.35400390625,0.5859375,-0.1220703125,0.79345703125,-0.18310546875,0.54931640625,0.06103515625,0.54931640625,-0.18310546875,0.23193359375,0.09765625,0.57373046875,-0.146484375,1.13525390625,-0.2197265625,0.18310546875,-0.3662109375,0.81787109375,-0.09765625,1.30615234375,0.03662109375,1.52587890625,0.13427734375,0.927734375,-0.1708984375,2.30712890625,0.2197265625,-0.048828125,0.25634765625,4.39453125,-0.48828125,-0.45166015625,-0.0244140625,0.06103515625,-0.0732421875,-1.50146484375,-0.4638671875,-0.2685546875,-0.10986328125,-0.3662109375,-0.20751953125,-1.416015625,-0.048828125,-0.74462890625,-0.10986328125,-0.64697265625,0.08544921875,-0.64697265625,-0.1220703125,-0.048828125,-0.13427734375,-0.68359375,-0.3173828125,-1.42822265625,0.01220703125,-1.03759765625,-0.30517578125,0.3173828125,0.01220703125,0.29296875,0.13427734375,-0.06103515625,-0.06103515625,-0.06103515625,-0.1220703125,0.1220703125,-0.048828125,-0.10986328125,-0.01220703125,0.634765625,-0.06103515625,-0.67138671875,-0.15869140625,-0.68359375
1,0.09765625,5.35888671875,-0.1220703125,2.2216796875,0.2685546875,1.81884765625,0.23193359375,2.50244140625,0.048828125,-0.13427734375,-0.18310546875,-0.927734375,-0.1708984375,0.98876953125,-0.09765625,-0.1708984375,-0.0244140625,-0.64697265625,0.2197265625,-0.1953125,0,0.86669921875,0.1953125,-0.634765625,-0.47607421875,-0.18310546875,0.10986328125,-0.79345703125,0.15869140625,0.89111328125,-0.2685546875,0.01220703125,0,0.93994140625,-0.76904296875,-0.0244140625,-0.30517578125,0.2197265625,-0.341796875,0.40283203125,-0.06103515625,-0.2197265625,-0.25634765625,-0.69580078125,0.390625,-0.48828125,-0.76904296875,0.537109375,-0.09765625,0.84228515625,-0.3173828125,0.2685546875,-0.06103515625,-0.29296875,0.20751953125,0.537109375,-0.20751953125,0.79345703125,-0.13427734375,0.54931640625,0.0732421875,0.57373046875,-0.13427734375,0.25634765625,0.18310546875,0.3662109375,-0.18310546875,1.025390625,-0.2685546875,0.08544921875,-0.30517578125,0.5615234375,-0.09765625,1.18408203125,0.06103515625,1.4404296875,0.09765625,0.81787109375,-0.08544921875,2.16064453125,0.20751953125,0.048828125,0.25634765625,4.91943359375,-0.50048828125,-0.37841796875,0,0.15869140625,-0.06103515625,-1.513671875,-0.5126953125,-0.28076171875,-0.20751953125,-0.390625,-0.15869140625,-1.416015625,-0.048828125,-0.7568359375,-0.048828125,-0.634765625,0.0732421875,-0.64697265625,-0.18310546875,-0.03662109375,-0.23193359375,-0.68359375,-0.29296875,-1.42822265625,-0.01220703125,-1.025390625,-0.29296875,0.3173828125,0.0244140625,0.28076171875,0.146484375,-0.0732421875,-0.0732421875,-0.03662109375,-0.10986328125,0.1220703125,-0.01220703125,-0.1220703125,0,0.634765625,-0.06103515625,-0.732421875,-0.15869140625,-0.69580078125
1,0.0732421875,4.84619140625,-0.146484375,2.01416015625,0.29296875,1.5869140625,0.25634765625,2.294921875,0.06103515625,-0.146484375,-0.1953125,-0.91552734375,-0.1708984375,0.98876953125,-0.0732421875,-0.1708984375,0,-0.634765625,0.2685546875,-0.1953125,0.03662109375,0.86669921875,0.13427734375,-0.59814453125,-0.48828125,-0.1708984375,0.20751953125,-0.79345703125,-0.01220703125,0.87890625,-0.1953125,0.0244140625,-0.01220703125,0.78125,-0.84228515625,-0.146484375,-0.25634765625,0.01220703125,-0.35400390625,0.30517578125,-0.09765625,-0.244140625,-0.20751953125,-0.72021484375,0.35400390625,-0.48828125,-0.69580078125,0.52490234375,-0.10986328125,0.7568359375,-0.244140625,-0.1708984375,-0.01220703125,-0.32958984375,0.15869140625,0.50048828125,-0.29296875,0.7568359375,-0.1220703125,0.54931640625,0.0732421875,0.5859375,-0.1220703125,0.25634765625,0.20751953125,0.146484375,-0.23193359375,0.91552734375,-0.29296875,0,-0.30517578125,0.28076171875,-0.0732421875,1.0498046875,0.0244140625,1.318359375,0.10986328125,0.7080078125,0,2.01416015625,0.20751953125,0.146484375,0.244140625,5.2978515625,-0.48828125,-0.29296875,0.0244140625,0.244140625,-0.03662109375,-1.513671875,-0.48828125,-0.30517578125,-0.29296875,-0.40283203125,-0.048828125,-1.40380859375,-0.0732421875,-0.74462890625,-0.01220703125,-0.64697265625,0.06103515625,-0.64697265625,-0.20751953125,-0.0244140625,-0.28076171875,-0.68359375,-0.29296875,-1.40380859375,-0.08544921875,-1.025390625,-0.2685546875,0.3173828125,0.03662109375,0.28076171875,0.146484375,-0.0732421875,-0.06103515625,-0.03662109375,-0.1220703125,0.1220703125,-0.03662109375,-0.146484375,-0.03662109375,0.59814453125,-0.0244140625,-0.76904296875,-0.146484375,-0.7080078125
1,0.0732421875,4.3701171875,-0.10986328125,1.84326171875,0.3173828125,1.3916015625,0.25634765625,2.099609375,0.0732421875,-0.1708984375,-0.1953125,-0.91552734375,-0.15869140625,0.98876953125,-0.08544921875,-0.18310546875,0.0244140625,-0.62255859375,0.2685546875,-0.1953125,0.09765625,0.8544921875,0.13427734375,-0.6103515625,-0.4638671875,-0.1708984375,0.28076171875,-0.79345703125,-0.1708984375,0.8544921875,-0.146484375,0.0244140625,-0.01220703125,0.5859375,-0.87890625,-0.29296875,-0.244140625,-0.18310546875,-0.30517578125,0.1220703125,-0.08544921875,-0.244140625,-0.146484375,-0.72021484375,0.2685546875,-0.48828125,-0.6103515625,0.5126953125,-0.146484375,0.7080078125,-0.10986328125,-0.4638671875,0.01220703125,-0.35400390625,0.08544921875,0.4638671875,-0.3173828125,0.76904296875,-0.09765625,0.52490234375,0.08544921875,0.5859375,-0.09765625,0.25634765625,0.1953125,-0.06103515625,-0.18310546875,0.79345703125,-0.32958984375,-0.1220703125,-0.30517578125,-0.01220703125,0.0244140625,0.91552734375,0.10986328125,1.23291015625,0.09765625,0.6103515625,0.08544921875,1.89208984375,0.20751953125,0.1708984375,0.341796875,5.46875,-0.439453125,-0.23193359375,0.06103515625,0.2685546875,-0.0732421875,-1.513671875,-0.50048828125,-0.3173828125,-0.40283203125,-0.40283203125,0.03662109375,-1.416015625,-0.048828125,-0.732421875,0.048828125,-0.634765625,0.01220703125,-0.64697265625,-0.1953125,-0.06103515625,-0.244140625,-0.68359375,-0.35400390625,-1.37939453125,-0.1220703125,-1.01318359375,-0.20751953125,0.3173828125,0.0244140625,0.28076171875,0.15869140625,-0.0244140625,-0.048828125,-0.06103515625,-0.09765625,0.10986328125,-0.0244140625,-0.1708984375,-0.048828125,0.537109375,-0.0732421875,-0.81787109375,-0.146484375,-0.72021484375
1,0.1220703125,3.955078125,-0.10986328125,1.66015625,0.35400390625,1.23291015625,0.28076171875,1.91650390625,0.048828125,-0.15869140625,-0.23193359375,-0.93994140625,-0.146484375,1.0009765625,-0.0732421875,-0.18310546875,0.048828125,-0.6103515625,0.25634765625,-0.18310546875,0.10986328125,0.8544921875,0.1220703125,-0.57373046875,-0.439453125,-0.146484375,0.341796875,-0.78125,-0.29296875,0.8544921875,-0.0732421875,0.03662109375,-0.048828125,0.4150390625,-0.89111328125,-0.439453125,-0.1953125,-0.4150390625,-0.28076171875,-0.06103515625,-0.01220703125,-0.244140625,-0.06103515625,-0.7080078125,0.18310546875,-0.50048828125,-0.6103515625,0.5126953125,-0.18310546875,0.64697265625,0,-0.64697265625,0.03662109375,-0.35400390625,-0.01220703125,0.45166015625,-0.3662109375,0.76904296875,-0.09765625,0.52490234375,0.048828125,0.5859375,-0.06103515625,0.244140625,0.20751953125,-0.25634765625,-0.15869140625,0.67138671875,-0.2685546875,-0.244140625,-0.32958984375,-0.3173828125,-0.0244140625,0.8056640625,0.048828125,1.123046875,0.048828125,0.537109375,0.01220703125,1.806640625,0.18310546875,0.1708984375,0.32958984375,5.48095703125,-0.37841796875,-0.2197265625,0.10986328125,0.244140625,-0.09765625,-1.513671875,-0.4150390625,-0.29296875,-0.47607421875,-0.3662109375,0.0732421875,-1.4404296875,-0.09765625,-0.74462890625,0.10986328125,-0.64697265625,-0.03662109375,-0.6591796875,-0.18310546875,-0.048828125,-0.28076171875,-0.69580078125,-0.37841796875,-1.37939453125,-0.18310546875,-1.01318359375,-0.1220703125,0.32958984375,-0.0244140625,0.29296875,0.1708984375,-0.03662109375,-0.06103515625,-0.08544921875,-0.08544921875,0.1220703125,-0.01220703125,-0.18310546875,-0.06103515625,0.5126953125,-0.10986328125,-0.9033203125,-0.15869140625,-0.72021484375
1,0.10986328125,3.6376953125,-0.09765625,1.50146484375,0.37841796875,1.123046875,0.3173828125,1.7578125,0.03662109375,-0.146484375,-0.23193359375,-0.927734375,-0.18310546875,1.0009765625,-0.0732421875,-0.18310546875,0.0732421875,-0.57373046875,0.20751953125,-0.18310546875,0.10986328125,0.8544921875,0.1220703125,-0.54931640625,-0.42724609375,-0.146484375,0.341796875,-0.79345703125,-0.439453125,0.86669921875,-0.01220703125,0.048828125,0,0.2685546875,-0.78125,-0.5615234375,-0.09765625,-0.5615234375,-0.18310546875,-0.2197265625,0.0732421875,-0.2197265625,0.03662109375,-0.68359375,0.048828125,-0.5126953125,-0.59814453125,0.50048828125,-0.244140625,0.67138671875,0.13427734375,-0.634765625,0.0732421875,-0.3662109375,-0.06103515625,0.4638671875,-0.3662109375,0.76904296875,-0.13427734375,0.54931640625,-0.0244140625,0.5615234375,-0.0244140625,0.23193359375,0.18310546875,-0.40283203125,-0.15869140625,0.54931640625,-0.18310546875,-0.37841796875,-0.37841796875,-0.54931640625,0.01220703125,0.74462890625,0.048828125,1.06201171875,0.15869140625,0.45166015625,0.048828125,1.7578125,0.18310546875,0.13427734375,0.2197265625,5.33447265625,-0.32958984375,-0.20751953125,0.10986328125,0.1953125,-0.13427734375,-1.52587890625,-0.3173828125,-0.30517578125,-0.537109375,-0.3662109375,0.06103515625,-1.42822265625,-0.146484375,-0.732421875,0.1220703125,-0.634765625,-0.06103515625,-0.64697265625,-0.1708984375,-0.06103515625,-0.18310546875,-0.68359375,-0.390625,-1.37939453125,-0.25634765625,-1.01318359375,-0.03662109375,0.341796875,-0.0244140625,0.30517578125,0.1708984375,-0.0244140625,-0.06103515625,-0.06103515625,-0.048828125,0.13427734375,-0.0244140625,-0.1708984375,-0.06103515625,0.47607421875,-0.09765625,-0.927734375,-0.1708984375,-0.732421875
1,0.048828125,3.4423828125,-0.09765625,1.40380859375,0.390625,1.07421875,0.30517578125,1.64794921875,0.03662109375,-0.1220703125,-0.2197265625,-0.91552734375,-0.1953125,1.025390625,-0.048828125,-0.18310546875,0.09765625,-0.5859375,0.15869140625,-0.1708984375,0.0732421875,0.86669921875,0.08544921875,-0.54931640625,-0.37841796875,-0.13427734375,0.3173828125,-0.78125,-0.45166015625,0.87890625,-0.0244140625,0.03662109375,0.0244140625,0.146484375,-0.7080078125,-0.64697265625,-0.1220703125,-0.59814453125,-0.03662109375,-0.30517578125,0.20751953125,-0.20751953125,0.13427734375,-0.6591796875,-0.08544921875,-0.52490234375,-0.634765625,0.48828125,-0.2685546875,0.74462890625,0.146484375,-0.50048828125,0.09765625,-0.37841796875,-0.146484375,0.50048828125,-0.35400390625,0.79345703125,-0.15869140625,0.54931640625,-0.0732421875,0.537109375,0.0244140625,0.25634765625,0.146484375,-0.48828125,-0.15869140625,0.47607421875,-0.09765625,-0.439453125,-0.4150390625,-0.74462890625,0.08544921875,0.6591796875,0.1708984375,1.03759765625,0.244140625,0.390625,0,1.72119140625,0.146484375,0.0732421875,0.20751953125,5.04150390625,-0.25634765625,-0.244140625,0.09765625,0.13427734375,-0.1708984375,-1.52587890625,-0.23193359375,-0.30517578125,-0.54931640625,-0.390625,0.0244140625,-1.47705078125,-0.1708984375,-0.732421875,0.15869140625,-0.67138671875,-0.0732421875,-0.64697265625,-0.146484375,-0.08544921875,-0.13427734375,-0.7080078125,-0.37841796875,-1.40380859375,-0.3173828125,-1.025390625,0.06103515625,0.341796875,-0.06103515625,0.30517578125,0.18310546875,0,-0.0732421875,-0.048828125,-0.03662109375,0.13427734375,-0.048828125,-0.1708984375,-0.0732421875,0.47607421875,-0.13427734375,-0.93994140625,-0.20751953125,-0.74462890625
1,0.01220703125,3.30810546875,-0.13427734375,1.3427734375,0.40283203125,1.03759765625,0.29296875,1.59912109375,0.01220703125,-0.10986328125,-0.2197265625,-0.91552734375,-0.20751953125,1.025390625,-0.01220703125,-0.18310546875,0.09765625,-0.57373046875,0.08544921875,-0.1708984375,-0.048828125,0.8544921875,0,-0.537109375,-0.341796875,-0.1220703125,0.25634765625,-0.76904296875,-0.42724609375,0.89111328125,-0.048828125,0.06103515625,0.1220703125,0.08544921875,-0.59814453125,-0.68359375,-0.06103515625,-0.5615234375,0.1220703125,-0.3662109375,0.35400390625,-0.18310546875,0.25634765625,-0.64697265625,-0.2197265625,-0.50048828125,-0.732421875,0.50048828125,-0.244140625,0.84228515625,0.1708984375,-0.23193359375,0.18310546875,-0.35400390625,-0.20751953125,0.50048828125,-0.2685546875,0.76904296875,-0.1953125,0.537109375,-0.13427734375,0.537109375,0.146484375,0.2197265625,0.1220703125,-0.48828125,-0.18310546875,0.45166015625,-0.03662109375,-0.45166015625,-0.40283203125,-0.79345703125,-0.0732421875,0.59814453125,0.15869140625,1.01318359375,0.25634765625,0.3662109375,-0.146484375,1.7333984375,0.15869140625,-0.03662109375,0.18310546875,4.67529296875,-0.15869140625,-0.3173828125,0.1220703125,0.03662109375,-0.18310546875,-1.513671875,-0.09765625,-0.29296875,-0.4638671875,-0.37841796875,0,-1.47705078125,-0.146484375,-0.7080078125,0.15869140625,-0.69580078125,-0.09765625,-0.64697265625,-0.08544921875,-0.0732421875,-0.1708984375,-0.732421875,-0.3662109375,-1.416015625,-0.3662109375,-1.01318359375,0.10986328125,0.35400390625,-0.06103515625,0.32958984375,0.15869140625,-0.01220703125,-0.06103515625,-0.08544921875,-0.0244140625,0.1220703125,-0.03662109375,-0.18310546875,-0.048828125,0.47607421875,-0.10986328125,-0.927734375,-0.20751953125,-0.74462890625
1,0.0244140625,3.2470703125,-0.09765625,1.28173828125,0.4150390625,1.025390625,0.32958984375,1.5625,-0.01220703125,-0.09765625,-0.2197265625,-0.927734375,-0.23193359375,1.03759765625,0,-0.20751953125,0.10986328125,-0.59814453125,0.01220703125,-0.1708984375,-0.1953125,0.86669921875,-0.0732421875,-0.57373046875,-0.3662109375,-0.1220703125,0.146484375,-0.79345703125,-0.341796875,0.91552734375,-0.10986328125,0.048828125,0.06103515625,0.0732421875,-0.5615234375,-0.69580078125,-0.1953125,-0.47607421875,0.15869140625,-0.35400390625,0.47607421875,-0.15869140625,0.341796875,-0.6103515625,-0.29296875,-0.5126953125,-0.74462890625,0.5126953125,-0.18310546875,0.9521484375,0.20751953125,0.0732421875,0.1953125,-0.32958984375,-0.20751953125,0.57373046875,-0.2197265625,0.79345703125,-0.2685546875,0.54931640625,-0.23193359375,0.537109375,0.15869140625,0.20751953125,0.048828125,-0.4150390625,-0.20751953125,0.47607421875,0,-0.4150390625,-0.48828125,-0.732421875,-0.03662109375,0.5615234375,0.2685546875,1.0498046875,0.341796875,0.29296875,-0.15869140625,1.74560546875,0.1708984375,-0.10986328125,0.18310546875,4.2724609375,-0.06103515625,-0.35400390625,0.15869140625,-0.03662109375,-0.1953125,-1.52587890625,0,-0.28076171875,-0.390625,-0.3662109375,-0.0244140625,-1.46484375,-0.10986328125,-0.69580078125,0.1220703125,-0.69580078125,-0.1220703125,-0.634765625,-0.0244140625,-0.0732421875,-0.146484375,-0.74462890625,-0.3662109375,-1.42822265625,-0.35400390625,-1.025390625,0.146484375,0.341796875,-0.0244140625,0.32958984375,0.15869140625,-0.0244140625,-0.06103515625,-0.0732421875,-0.0244140625,0.10986328125,-0.0732421875,-0.18310546875,-0.03662109375,0.5126953125,-0.06103515625,-0.87890625,-0.23193359375,-0.74462890625
0,0.0244140625,3.18603515625,-0.13427734375,1.25732421875,0.42724609375,1.01318359375,0.32958984375,1.52587890625,-0.0244140625,-0.1220703125,-0.244140625,-0.91552734375,-0.244140625,1.03759765625,-0.0244140625,-0.1953125,0.10986328125,-0.59814453125,-0.09765625,-0.1708984375,-0.30517578125,0.86669921875,-0.15869140625,-0.5859375,-0.3662109375,-0.13427734375,0.048828125,-0.78125,-0.2197265625,0.91552734375,-0.13427734375,0.03662109375,0.1953125,0.09765625,-0.47607421875,-0.67138671875,-0.2197265625,-0.3662109375,0.244140625,-0.30517578125,0.537109375,-0.1708984375,0.42724609375,-0.64697265625,-0.3662109375,-0.5126953125,-0.76904296875,0.5126953125,-0.10986328125,1.0009765625,0.20751953125,0.3662109375,0.25634765625,-0.30517578125,-0.23193359375,0.6103515625,-0.1953125,0.79345703125,-0.341796875,0.54931640625,-0.2685546875,0.537109375,0.20751953125,0.2197265625,0.09765625,-0.28076171875,-0.18310546875,0.57373046875,0.048828125,-0.3173828125,-0.390625,-0.57373046875,-0.0732421875,0.52490234375,0.3173828125,1.11083984375,0.2685546875,0.25634765625,-0.18310546875,1.7333984375,0.1708984375,-0.20751953125,0.1953125,3.8818359375,0.0244140625,-0.42724609375,0.1220703125,-0.13427734375,-0.15869140625,-1.52587890625,0.10986328125,-0.25634765625,-0.28076171875,-0.3662109375,-0.06103515625,-1.46484375,-0.048828125,-0.69580078125,0.08544921875,-0.69580078125,-0.20751953125,-0.64697265625,0.0244140625,-0.0732421875,-0.1708984375,-0.7568359375,-0.3662109375,-1.45263671875,-0.30517578125,-1.03759765625,0.146484375,0.32958984375,-0.048828125,0.3173828125,0.15869140625,-0.03662109375,-0.06103515625,-0.08544921875,-0.03662109375,0.1220703125,-0.08544921875,-0.18310546875,-0.0244140625,0.5615234375,-0.08544921875,-0.8056640625,-0.2197265625,-0.7568359375
0,0.03662109375,3.1005859375,-0.10986328125,1.20849609375,0.390625,0.9521484375,0.32958984375,1.47705078125,-0.01220703125,-0.1220703125,-0.23193359375,-0.93994140625,-0.25634765625,1.03759765625,-0.0244140625,-0.1953125,0.10986328125,-0.62255859375,-0.1953125,-0.18310546875,-0.40283203125,0.87890625,-0.1953125,-0.59814453125,-0.32958984375,-0.1220703125,-0.048828125,-0.78125,-0.10986328125,0.91552734375,-0.146484375,0.03662109375,0.29296875,0.09765625,-0.35400390625,-0.6591796875,-0.20751953125,-0.23193359375,0.32958984375,-0.244140625,0.537109375,-0.15869140625,0.48828125,-0.6591796875,-0.3662109375,-0.50048828125,-0.8544921875,0.50048828125,0.0244140625,1.08642578125,0.15869140625,0.6103515625,0.28076171875,-0.2685546875,-0.244140625,0.64697265625,-0.1708984375,0.8056640625,-0.341796875,0.537109375,-0.2685546875,0.54931640625,0.15869140625,0.23193359375,0.03662109375,-0.09765625,-0.2685546875,0.72021484375,0.06103515625,-0.1708984375,-0.390625,-0.3173828125,-0.08544921875,0.5126953125,0.3173828125,1.15966796875,0.1708984375,0.23193359375,-0.18310546875,1.7578125,0.244140625,-0.29296875,0.2197265625,3.5888671875,0.09765625,-0.52490234375,0.13427734375,-0.1708984375,-0.09765625,-1.50146484375,0.15869140625,-0.23193359375,-0.146484375,-0.3662109375,-0.10986328125,-1.45263671875,-0.0244140625,-0.7080078125,0.06103515625,-0.68359375,-0.244140625,-0.634765625,0.06103515625,-0.0732421875,-0.1708984375,-0.74462890625,-0.32958984375,-1.45263671875,-0.244140625,-1.025390625,0.08544921875,0.35400390625,-0.0244140625,0.30517578125,0.1708984375,-0.03662109375,-0.0732421875,-0.09765625,-0.03662109375,0.1220703125,-0.0732421875,-0.1953125,-0.01220703125,0.6103515625,-0.0732421875,-0.74462890625,-0.23193359375,-0.732421875
0,0.08544921875,2.9052734375,-0.1220703125,1.11083984375,0.3662109375,0.9033203125,0.30517578125,1.37939453125,-0.01220703125,-0.1220703125,-0.2197265625,-0.9521484375,-0.2685546875,1.06201171875,-0.0244140625,-0.20751953125,0.09765625,-0.6103515625,-0.28076171875,-0.18310546875,-0.47607421875,0.87890625,-0.20751953125,-0.6103515625,-0.30517578125,-0.146484375,-0.13427734375,-0.79345703125,-0.0244140625,0.9033203125,-0.10986328125,0.03662109375,0.2197265625,0.10986328125,-0.29296875,-0.6591796875,-0.32958984375,-0.146484375,0.2685546875,-0.1953125,0.4638671875,-0.1953125,0.4638671875,-0.68359375,-0.3173828125,-0.5126953125,-0.86669921875,0.52490234375,0.1220703125,1.13525390625,0.20751953125,0.69580078125,0.28076171875,-0.2197265625,-0.146484375,0.68359375,-0.1708984375,0.78125,-0.32958984375,0.537109375,-0.28076171875,0.5615234375,0.1220703125,0.2197265625,0,0.08544921875,-0.28076171875,0.8544921875,-0.0244140625,-0.03662109375,-0.42724609375,-0.0244140625,-0.10986328125,0.54931640625,0.2685546875,1.25732421875,0.06103515625,0.25634765625,-0.20751953125,1.77001953125,0.23193359375,-0.3662109375,0.18310546875,3.33251953125,0.13427734375,-0.59814453125,0.0732421875,-0.244140625,-0.03662109375,-1.513671875,0.18310546875,-0.2197265625,-0.06103515625,-0.390625,-0.1220703125,-1.45263671875,0.01220703125,-0.69580078125,0,-0.69580078125,-0.2685546875,-0.64697265625,0.048828125,-0.08544921875,-0.1220703125,-0.74462890625,-0.32958984375,-1.46484375,-0.15869140625,-1.025390625,0.03662109375,0.341796875,-0.06103515625,0.30517578125,0.1708984375,-0.03662109375,-0.0732421875,-0.08544921875,-0.06103515625,0.146484375,-0.0732421875,-0.1708984375,-0.01220703125,0.64697265625,-0.08544921875,-0.69580078125,-0.23193359375,-0.732421875
0,0.10986328125,2.587890625,-0.18310546875,0.9765625,0.37841796875,0.76904296875,0.28076171875,1.23291015625,0,-0.1220703125,-0.23193359375,-0.93994140625,-0.28076171875,1.03759765625,-0.06103515625,-0.1953125,0.048828125,-0.6103515625,-0.3173828125,-0.18310546875,-0.4638671875,0.86669921875,-0.1708984375,-0.62255859375,-0.25634765625,-0.15869140625,-0.1953125,-0.79345703125,0,0.9033203125,-0.09765625,0.03662109375,0.2685546875,0.06103515625,-0.10986328125,-0.634765625,-0.29296875,-0.1220703125,0.25634765625,-0.1708984375,0.3662109375,-0.20751953125,0.37841796875,-0.7080078125,-0.2197265625,-0.50048828125,-0.89111328125,0.52490234375,0.1953125,1.15966796875,0.146484375,0.69580078125,0.3173828125,-0.2197265625,-0.09765625,0.69580078125,-0.15869140625,0.79345703125,-0.28076171875,0.537109375,-0.2685546875,0.5615234375,0.048828125,0.2197265625,0.06103515625,0.25634765625,-0.146484375,0.98876953125,0.048828125,0.09765625,-0.3173828125,0.25634765625,0,0.6103515625,0.341796875,1.35498046875,0.048828125,0.29296875,-0.1220703125,1.8310546875,0.18310546875,-0.4150390625,0.15869140625,3.1982421875,0.1708984375,-0.634765625,0.03662109375,-0.244140625,0.03662109375,-1.513671875,0.15869140625,-0.2197265625,0.0244140625,-0.3662109375,-0.048828125,-1.42822265625,0.01220703125,-0.68359375,-0.03662109375,-0.72021484375,-0.2685546875,-0.634765625,0,-0.0732421875,-0.0732421875,-0.76904296875,-0.25634765625,-1.45263671875,-0.10986328125,-1.025390625,-0.0244140625,0.32958984375,-0.08544921875,0.30517578125,0.18310546875,-0.03662109375,-0.0732421875,-0.048828125,-0.048828125,0.146484375,-0.08544921875,-0.146484375,-0.048828125,0.68359375,-0.0732421875,-0.6103515625,-0.25634765625,-0.72021484375
0,0.15869140625,2.16064453125,-0.18310546875,0.8056640625,0.37841796875,0.57373046875,0.2685546875,1.06201171875,0,-0.1220703125,-0.2197265625,-0.96435546875,-0.28076171875,1.0498046875,-0.0244140625,-0.18310546875,0.03662109375,-0.59814453125,-0.32958984375,-0.1953125,-0.3662109375,0.87890625,-0.0732421875,-0.634765625,-0.244140625,-0.1953125,-0.2197265625,-0.79345703125,-0.03662109375,0.87890625,-0.09765625,0.03662109375,0.2685546875,0.048828125,0.048828125,-0.6591796875,-0.28076171875,-0.1708984375,0.1220703125,-0.18310546875,0.25634765625,-0.244140625,0.29296875,-0.7080078125,-0.146484375,-0.52490234375,-0.8544921875,0.5126953125,0.23193359375,1.13525390625,0.0732421875,0.5615234375,0.28076171875,-0.1953125,-0.08544921875,0.68359375,-0.1708984375,0.7568359375,-0.28076171875,0.537109375,-0.30517578125,0.54931640625,-0.03662109375,0.23193359375,0.048828125,0.390625,-0.10986328125,1.123046875,0.0244140625,0.1953125,-0.20751953125,0.4638671875,0.09765625,0.74462890625,0.35400390625,1.4404296875,-0.0732421875,0.40283203125,-0.1220703125,1.904296875,0.13427734375,-0.42724609375,0.08544921875,3.13720703125,0.15869140625,-0.68359375,0.0244140625,-0.244140625,0.0732421875,-1.50146484375,0.146484375,-0.23193359375,0.13427734375,-0.341796875,0,-1.40380859375,-0.01220703125,-0.69580078125,-0.06103515625,-0.68359375,-0.2197265625,-0.64697265625,-0.0732421875,-0.0732421875,-0.048828125,-0.732421875,-0.2197265625,-1.42822265625,-0.08544921875,-1.01318359375,-0.09765625,0.32958984375,-0.06103515625,0.32958984375,0.1708984375,-0.03662109375,-0.06103515625,-0.03662109375,-0.06103515625,0.146484375,-0.09765625,-0.1708984375,-0.048828125,0.69580078125,-0.09765625,-0.5859375,-0.25634765625,-0.68359375
0,0.20751953125,1.59912109375,-0.1708984375,0.6103515625,0.40283203125,0.390625,0.25634765625,0.84228515625,0.01220703125,-0.146484375,-0.2197265625,-0.96435546875,-0.30517578125,1.025390625,-0.048828125,-0.20751953125,0.01220703125,-0.62255859375,-0.30517578125,-0.18310546875,-0.25634765625,0.8544921875,-0.01220703125,-0.62255859375,-0.28076171875,-0.1953125,-0.20751953125,-0.8056640625,-0.146484375,0.8544921875,-0.1220703125,0.048828125,0.2197265625,0,0.1220703125,-0.68359375,-0.244140625,-0.23193359375,0,-0.23193359375,0.15869140625,-0.25634765625,0.15869140625,-0.7080078125,-0.01220703125,-0.537109375,-0.8544921875,0.50048828125,0.32958984375,1.123046875,0.0732421875,0.3662109375,0.37841796875,-0.20751953125,0.01220703125,0.67138671875,-0.23193359375,0.78125,-0.29296875,0.54931640625,-0.32958984375,0.54931640625,-0.13427734375,0.244140625,0.0244140625,0.50048828125,-0.10986328125,1.18408203125,-0.08544921875,0.25634765625,-0.28076171875,0.57373046875,0.13427734375,0.91552734375,0.3173828125,1.5380859375,-0.20751953125,0.50048828125,-0.13427734375,2.001953125,0.06103515625,-0.42724609375,0.048828125,3.11279296875,0.1220703125,-0.67138671875,0.048828125,-0.23193359375,0.06103515625,-1.5380859375,0.09765625,-0.2197265625,0.18310546875,-0.341796875,0.06103515625,-1.416015625,-0.01220703125,-0.72021484375,-0.1220703125,-0.64697265625,-0.1953125,-0.68359375,-0.1220703125,-0.048828125,0.03662109375,-0.72021484375,-0.18310546875,-1.4404296875,-0.048828125,-1.025390625,-0.08544921875,0.32958984375,-0.06103515625,0.341796875,0.18310546875,-0.03662109375,-0.0732421875,-0.0244140625,-0.0732421875,0.13427734375,-0.08544921875,-0.15869140625,-0.0244140625,0.7080078125,-0.0732421875,-0.5859375,-0.244140625,-0.67138671875
0,0.18310546875,1.0009765625,-0.15869140625,0.390625,0.42724609375,0.1708984375,0.23193359375,0.6103515625,0.03662109375,-0.15869140625,-0.2197265625,-0.9521484375,-0.3173828125,1.0498046875,-0.06103515625,-0.1953125,0.01220703125,-0.6103515625,-0.244140625,-0.1708984375,-0.15869140625,0.86669921875,0.0244140625,-0.5859375,-0.25634765625,-0.18310546875,-0.146484375,-0.78125,-0.28076171875,0.8544921875,-0.15869140625,0.048828125,0.09765625,-0.06103515625,0.0732421875,-0.69580078125,-0.2197265625,-0.3173828125,-0.13427734375,-0.28076171875,0.09765625,-0.25634765625,0.0732421875,-0.7080078125,0.10986328125,-0.537109375,-0.74462890625,0.52490234375,0.341796875,1.11083984375,0.03662109375,0.1708984375,0.45166015625,-0.20751953125,0.01220703125,0.67138671875,-0.28076171875,0.7568359375,-0.30517578125,0.5615234375,-0.29296875,0.537109375,-0.23193359375,0.23193359375,0,0.57373046875,0.03662109375,1.23291015625,-0.03662109375,0.30517578125,-0.1708984375,0.57373046875,0.2197265625,1.0986328125,0.35400390625,1.62353515625,-0.25634765625,0.6591796875,-0.0244140625,2.1484375,0.0244140625,-0.40283203125,-0.06103515625,3.08837890625,0.10986328125,-0.6591796875,0.10986328125,-0.23193359375,0.06103515625,-1.52587890625,0.09765625,-0.25634765625,0.25634765625,-0.341796875,0.1708984375,-1.3916015625,-0.03662109375,-0.72021484375,-0.13427734375,-0.62255859375,-0.18310546875,-0.6591796875,-0.1220703125,-0.03662109375,0.06103515625,-0.7080078125,-0.10986328125,-1.42822265625,-0.01220703125,-1.025390625,-0.10986328125,0.3173828125,-0.0244140625,0.32958984375,0.20751953125,-0.0244140625,-0.0732421875,0,-0.03662109375,0.15869140625,-0.09765625,-0.15869140625,-0.0244140625,0.67138671875,-0.0244140625,-0.5859375,-0.244140625,-0.6591796875
0,0.23193359375,0.42724609375,-0.09765625,0.20751953125,0.390625,-0.0244140625,0.23193359375,0.4150390625,0.0244140625,-0.146484375,-0.2197265625,-0.9765625,-0.32958984375,1.03759765625,-0.06103515625,-0.18310546875,0,-0.59814453125,-0.15869140625,-0.13427734375,-0.03662109375,0.8544921875,0.048828125,-0.5859375,-0.3173828125,-0.15869140625,-0.06103515625,-0.78125,-0.3662109375,0.86669921875,-0.1708984375,0.048828125,0.01220703125,-0.048828125,0.146484375,-0.6591796875,-0.15869140625,-0.3662109375,-0.1220703125,-0.29296875,0.06103515625,-0.25634765625,-0.048828125,-0.7080078125,0.20751953125,-0.52490234375,-0.69580078125,0.52490234375,0.29296875,1.123046875,0.0244140625,0,0.35400390625,-0.1953125,0.03662109375,0.68359375,-0.3662109375,0.74462890625,-0.244140625,0.54931640625,-0.244140625,0.537109375,-0.29296875,0.2197265625,-0.13427734375,0.59814453125,0.03662109375,1.23291015625,-0.06103515625,0.30517578125,-0.2197265625,0.5126953125,0.1953125,1.26953125,0.3173828125,1.64794921875,-0.32958984375,0.81787109375,-0.0244140625,2.25830078125,0.01220703125,-0.42724609375,-0.18310546875,3.0029296875,0.10986328125,-0.64697265625,0.1708984375,-0.28076171875,0.01220703125,-1.52587890625,0.09765625,-0.25634765625,0.3662109375,-0.341796875,0.2197265625,-1.3671875,-0.048828125,-0.732421875,-0.146484375,-0.634765625,-0.1708984375,-0.68359375,-0.146484375,-0.06103515625,0.06103515625,-0.72021484375,-0.0732421875,-1.42822265625,0,-1.03759765625,-0.09765625,0.3173828125,0.01220703125,0.35400390625,0.18310546875,-0.01220703125,-0.08544921875,0.01220703125,-0.048828125,0.1708984375,-0.10986328125,-0.146484375,0,0.68359375,0.01220703125,-0.59814453125,-0.2685546875,-0.6591796875
0,0.244140625,-0.0732421875,-0.10986328125,0.0244140625,0.3662109375,-0.1708984375,0.244140625,0.23193359375,0.048828125,-0.146484375,-0.23193359375,-0.9521484375,-0.3173828125,1.0498046875,-0.0732421875,-0.15869140625,0,-0.5859375,-0.0732421875,-0.13427734375,0.0244140625,0.84228515625,0.08544921875,-0.5615234375,-0.3173828125,-0.15869140625,0.03662109375,-0.76904296875,-0.42724609375,0.86669921875,-0.146484375,0.048828125,-0.09765625,0.03662109375,0.13427734375,-0.59814453125,-0.06103515625,-0.35400390625,-0.13427734375,-0.28076171875,0.09765625,-0.244140625,-0.146484375,-0.68359375,0.30517578125,-0.52490234375,-0.59814453125,0.537109375,0.28076171875,1.15966796875,0.08544921875,-0.0732421875,0.37841796875,-0.20751953125,0.1708984375,0.72021484375,-0.4150390625,0.76904296875,-0.25634765625,0.54931640625,-0.1953125,0.52490234375,-0.28076171875,0.18310546875,-0.146484375,0.64697265625,0.10986328125,1.26953125,0.01220703125,0.3173828125,-0.244140625,0.390625,0.2685546875,1.37939453125,0.3173828125,1.66015625,-0.2685546875,0.927734375,0.048828125,2.3193359375,0.0244140625,-0.4638671875,-0.18310546875,2.81982421875,0.1220703125,-0.6591796875,0.1953125,-0.30517578125,-0.048828125,-1.55029296875,0.08544921875,-0.25634765625,0.45166015625,-0.32958984375,0.244140625,-1.3671875,-0.03662109375,-0.7080078125,-0.15869140625,-0.64697265625,-0.146484375,-0.6591796875,-0.13427734375,-0.048828125,0.13427734375,-0.72021484375,-0.03662109375,-1.416015625,0.01220703125,-1.025390625,-0.08544921875,0.3173828125,-0.0244140625,0.3662109375,0.20751953125,0,-0.06103515625,0.0244140625,-0.048828125,0.15869140625,-0.146484375,-0.13427734375,0,0.67138671875,0,-0.67138671875,-0.28076171875,-0.64697265625
0,0.2197265625,-0.42724609375,-0.09765625,-0.0732421875,0.32958984375,-0.2685546875,0.244140625,0.10986328125,0.08544921875,-0.1220703125,-0.18310546875,-0.93994140625,-0.32958984375,1.0498046875,-0.06103515625,-0.15869140625,0,-0.5859375,0.01220703125,-0.1220703125,0.09765625,0.84228515625,0.09765625,-0.5615234375,-0.2685546875,-0.13427734375,0.09765625,-0.76904296875,-0.439453125,0.87890625,-0.09765625,0.048828125,-0.10986328125,0.15869140625,0.13427734375,-0.48828125,-0.048828125,-0.25634765625,-0.13427734375,-0.18310546875,0.146484375,-0.2197265625,-0.1953125,-0.68359375,0.30517578125,-0.5126953125,-0.537109375,0.5615234375,0.20751953125,1.2451171875,0.0732421875,-0.0244140625,0.32958984375,-0.1708984375,0.15869140625,0.78125,-0.45166015625,0.76904296875,-0.23193359375,0.537109375,-0.15869140625,0.537109375,-0.30517578125,0.18310546875,-0.1708984375,0.72021484375,0.15869140625,1.26953125,0.1220703125,0.32958984375,-0.1953125,0.29296875,0.29296875,1.3916015625,0.1953125,1.5869140625,-0.1953125,0.9521484375,-0.01220703125,2.33154296875,0.03662109375,-0.5126953125,-0.28076171875,2.50244140625,0.146484375,-0.68359375,0.18310546875,-0.35400390625,-0.146484375,-1.52587890625,0.0732421875,-0.244140625,0.52490234375,-0.341796875,0.1953125,-1.3916015625,-0.03662109375,-0.732421875,-0.1220703125,-0.6591796875,-0.09765625,-0.6591796875,-0.09765625,-0.0732421875,0.13427734375,-0.72021484375,0.03662109375,-1.416015625,0.01220703125,-1.025390625,-0.048828125,0.32958984375,-0.01220703125,0.3662109375,0.23193359375,0.01220703125,-0.06103515625,0.03662109375,-0.06103515625,0.15869140625,-0.13427734375,-0.09765625,0.03662109375,0.6591796875,0.03662109375,-0.69580078125,-0.28076171875,-0.634765625
0,0.18310546875,-0.537109375,-0.09765625,-0.1220703125,0.35400390625,-0.3173828125,0.2685546875,0.06103515625,0.09765625,-0.1220703125,-0.18310546875,-0.9521484375,-0.3173828125,1.06201171875,-0.048828125,-0.146484375,0,-0.57373046875,0.08544921875,-0.1220703125,0.20751953125,0.84228515625,0.1220703125,-0.5615234375,-0.2685546875,-0.13427734375,0.10986328125,-0.7568359375,-0.40283203125,0.87890625,-0.01220703125,0.03662109375,-0.08544921875,0.29296875,0.10986328125,-0.37841796875,-0.06103515625,-0.15869140625,-0.06103515625,-0.048828125,0.1953125,-0.1953125,-0.25634765625,-0.67138671875,0.2685546875,-0.537109375,-0.52490234375,0.5615234375,0.146484375,1.35498046875,0.13427734375,0.15869140625,0.32958984375,-0.09765625,0.25634765625,0.89111328125,-0.42724609375,0.76904296875,-0.25634765625,0.54931640625,-0.09765625,0.52490234375,-0.341796875,0.1953125,-0.20751953125,0.830078125,0.09765625,1.318359375,0.09765625,0.4150390625,-0.3173828125,0.244140625,0.2685546875,1.2939453125,0.1220703125,1.513671875,-0.08544921875,0.91552734375,-0.1220703125,2.25830078125,0.048828125,-0.5859375,-0.1953125,2.05078125,0.18310546875,-0.74462890625,0.10986328125,-0.48828125,-0.1708984375,-1.513671875,0.048828125,-0.244140625,0.6103515625,-0.341796875,0.10986328125,-1.40380859375,0,-0.7568359375,-0.1220703125,-0.6591796875,-0.0244140625,-0.64697265625,-0.06103515625,-0.0732421875,0.18310546875,-0.732421875,0.0732421875,-1.4404296875,-0.01220703125,-1.03759765625,-0.0244140625,0.341796875,-0.0244140625,0.390625,0.2685546875,0,-0.06103515625,0.0244140625,-0.09765625,0.1220703125,-0.146484375,-0.08544921875,0.0244140625,0.6591796875,0.0244140625,-0.72021484375,-0.32958984375,-0.634765625
0,0.146484375,-0.390625,-0.10986328125,-0.09765625,0.3173828125,-0.2685546875,0.244140625,0.09765625,0.09765625,-0.08544921875,-0.1708984375,-0.91552734375,-0.3173828125,1.07421875,-0.0244140625,-0.146484375,-0.03662109375,-0.57373046875,0.146484375,-0.10986328125,0.23193359375,0.8544921875,0.10986328125,-0.57373046875,-0.2197265625,-0.13427734375,0.1220703125,-0.78125,-0.30517578125,0.9033203125,0.01220703125,0.0244140625,-0.048828125,0.5126953125,0.13427734375,-0.2685546875,0.06103515625,-0.0244140625,0.03662109375,0.09765625,0.25634765625,-0.18310546875,-0.2685546875,-0.67138671875,0.1953125,-0.537109375,-0.57373046875,0.6103515625,0.1220703125,1.47705078125,0.18310546875,0.40283203125,0.30517578125,-0.01220703125,0.35400390625,1.01318359375,-0.37841796875,0.76904296875,-0.341796875,0.52490234375,-0.0732421875,0.5126953125,-0.37841796875,0.20751953125,-0.18310546875,0.98876953125,0.08544921875,1.416015625,0.09765625,0.537109375,-0.3662109375,0.244140625,0.244140625,1.11083984375,0.1953125,1.37939453125,0.03662109375,0.8056640625,-0.1708984375,2.13623046875,0.06103515625,-0.72021484375,-0.18310546875,1.46484375,0.2197265625,-0.86669921875,0.03662109375,-0.6103515625,-0.1953125,-1.513671875,-0.01220703125,-0.23193359375,0.6103515625,-0.35400390625,0.03662109375,-1.42822265625,0.03662109375,-0.7568359375,-0.13427734375,-0.67138671875,0.03662109375,-0.634765625,0,-0.0732421875,0.2197265625,-0.732421875,0.10986328125,-1.42822265625,-0.03662109375,-1.025390625,0.0244140625,0.341796875,-0.048828125,0.37841796875,0.25634765625,0,-0.06103515625,0,-0.1220703125,0.10986328125,-0.13427734375,-0.048828125,0.03662109375,0.68359375,0.08544921875,-0.732421875,-0.3173828125,-0.64697265625
0,0.20751953125,0.0244140625,-0.1220703125,0.06103515625,0.30517578125,-0.10986328125,0.244140625,0.2685546875,0.09765625,-0.08544921875,-0.18310546875,-0.91552734375,-0.28076171875,1.0498046875,-0.06103515625,-0.146484375,0,-0.5859375,0.15869140625,-0.1220703125,0.29296875,0.8544921875,0.06103515625,-0.5859375,-0.1708984375,-0.13427734375,0.10986328125,-0.78125,-0.1708984375,0.89111328125,0.01220703125,0.0244140625,0.048828125,0.67138671875,0.09765625,-0.20751953125,0.03662109375,0.09765625,0.1220703125,0.25634765625,0.30517578125,-0.18310546875,-0.244140625,-0.6591796875,0.08544921875,-0.5126953125,-0.5615234375,0.62255859375,0.06103515625,1.64794921875,0.1708984375,0.69580078125,0.15869140625,0.09765625,0.3662109375,1.13525390625,-0.32958984375,0.79345703125,-0.390625,0.52490234375,-0.08544921875,0.537109375,-0.42724609375,0.20751953125,-0.1220703125,1.171875,0.09765625,1.50146484375,0.10986328125,0.6591796875,-0.3662109375,0.35400390625,0.20751953125,0.86669921875,0.20751953125,1.2939453125,0.0732421875,0.6591796875,-0.2685546875,1.94091796875,0.03662109375,-0.87890625,-0.18310546875,0.81787109375,0.2197265625,-0.98876953125,-0.0244140625,-0.74462890625,-0.1708984375,-1.513671875,-0.048828125,-0.23193359375,0.54931640625,-0.37841796875,0,-1.4404296875,0.0244140625,-0.78125,-0.13427734375,-0.69580078125,0.08544921875,-0.62255859375,0.0732421875,-0.09765625,0.1708984375,-0.7568359375,0.0732421875,-1.42822265625,-0.09765625,-1.0498046875,0.06103515625,0.341796875,-0.06103515625,0.37841796875,0.244140625,0.0244140625,-0.06103515625,-0.048828125,-0.13427734375,0.1220703125,-0.13427734375,-0.06103515625,0.01220703125,0.6591796875,0.1220703125,-0.732421875,-0.30517578125,-0.6591796875
1,0.1220703125,0.68359375,-0.048828125,0.3173828125,0.29296875,0.13427734375,0.23193359375,0.5126953125,0.08544921875,-0.09765625,-0.15869140625,-0.89111328125,-0.2685546875,1.0498046875,-0.08544921875,-0.146484375,0,-0.59814453125,0.146484375,-0.146484375,0.3173828125,0.86669921875,0.01220703125,-0.59814453125,-0.18310546875,-0.1220703125,0.08544921875,-0.78125,-0.048828125,0.89111328125,-0.01220703125,0.0244140625,0.048828125,0.7568359375,-0.01220703125,-0.1953125,0.048828125,0.15869140625,0.18310546875,0.32958984375,0.3662109375,-0.20751953125,-0.18310546875,-0.68359375,0,-0.50048828125,-0.6103515625,0.6103515625,0.03662109375,1.806640625,0.146484375,1.0009765625,0.03662109375,0.1953125,0.40283203125,1.25732421875,-0.28076171875,0.78125,-0.40283203125,0.537109375,-0.0244140625,0.54931640625,-0.48828125,0.2197265625,-0.0732421875,1.3671875,0.03662109375,1.62353515625,0.06103515625,0.8056640625,-0.341796875,0.52490234375,0.15869140625,0.6591796875,0.2197265625,1.26953125,0.13427734375,0.48828125,-0.20751953125,1.79443359375,0.08544921875,-1.025390625,-0.1220703125,0.20751953125,0.15869140625,-1.0986328125,-0.06103515625,-0.87890625,-0.10986328125,-1.50146484375,-0.10986328125,-0.23193359375,0.52490234375,-0.40283203125,-0.0244140625,-1.45263671875,0.048828125,-0.7568359375,-0.10986328125,-0.7080078125,0.08544921875,-0.6103515625,0.13427734375,-0.09765625,0.10986328125,-0.74462890625,0.10986328125,-1.45263671875,-0.13427734375,-1.03759765625,0.06103515625,0.3662109375,-0.06103515625,0.3662109375,0.244140625,0.0244140625,-0.06103515625,-0.06103515625,-0.1220703125,0.10986328125,-0.1220703125,-0.0732421875,0,0.64697265625,0.1953125,-0.7080078125,-0.2685546875,-0.7080078125
1,0.01220703125,1.50146484375,-0.09765625,0.6591796875,0.2685546875,0.4150390625,0.1953125,0.86669921875,0.0244140625,-0.06103515625,-0.146484375,-0.9033203125,-0.25634765625,1.03759765625,-0.09765625,-0.13427734375,0.01220703125,-0.5859375,0.0732421875,-0.15869140625,0.25634765625,0.86669921875,-0.0732421875,-0.59814453125,-0.1220703125,-0.1220703125,0.0244140625,-0.8056640625,0.08544921875,0.9033203125,-0.048828125,0.048828125,0.01220703125,0.7568359375,-0.06103515625,-0.23193359375,-0.01220703125,0.15869140625,0.244140625,0.32958984375,0.3662109375,-0.2197265625,-0.09765625,-0.69580078125,-0.10986328125,-0.50048828125,-0.5859375,0.6103515625,0.0244140625,1.94091796875,0.1220703125,1.220703125,-0.0732421875,0.28076171875,0.40283203125,1.3671875,-0.23193359375,0.78125,-0.390625,0.54931640625,0.06103515625,0.537109375,-0.5126953125,0.2197265625,-0.08544921875,1.55029296875,-0.0244140625,1.74560546875,0.01220703125,0.927734375,-0.30517578125,0.69580078125,0.048828125,0.537109375,0.1708984375,1.37939453125,0.0732421875,0.42724609375,-0.18310546875,1.72119140625,0.08544921875,-1.15966796875,-0.03662109375,-0.3173828125,0.06103515625,-1.1962890625,-0.03662109375,-0.96435546875,-0.08544921875,-1.4892578125,-0.1220703125,-0.25634765625,0.4150390625,-0.40283203125,-0.048828125,-1.46484375,0.06103515625,-0.7568359375,-0.06103515625,-0.69580078125,0.048828125,-0.6103515625,0.1708984375,-0.0732421875,0.09765625,-0.76904296875,0.0732421875,-1.4404296875,-0.1708984375,-1.0498046875,0.0732421875,0.37841796875,-0.1220703125,0.341796875,0.1953125,0.01220703125,-0.08544921875,-0.06103515625,-0.13427734375,0.10986328125,-0.1220703125,-0.10986328125,0,0.64697265625,0.18310546875,-0.6591796875,-0.2685546875,-0.732421875
1,0.0244140625,2.50244140625,-0.0732421875,1.06201171875,0.2685546875,0.76904296875,0.18310546875,1.26953125,-0.01220703125,-0.09765625,-0.15869140625,-0.89111328125,-0.244140625,1.025390625,-0.09765625,-0.13427734375,-0.01220703125,-0.62255859375,0.048828125,-0.15869140625,0.23193359375,0.86669921875,-0.146484375,-0.6103515625,-0.09765625,-0.146484375,-0.03662109375,-0.79345703125,0.20751953125,0.91552734375,-0.03662109375,0.03662109375,-0.01220703125,0.67138671875,-0.03662109375,-0.35400390625,-0.01220703125,0.08544921875,0.28076171875,0.244140625,0.37841796875,-0.25634765625,-0.01220703125,-0.69580078125,-0.2197265625,-0.50048828125,-0.6103515625,0.6103515625,0.03662109375,2.0263671875,0.10986328125,1.3427734375,-0.13427734375,0.3173828125,0.42724609375,1.42822265625,-0.244140625,0.76904296875,-0.3173828125,0.54931640625,0.13427734375,0.537109375,-0.5126953125,0.2197265625,-0.048828125,1.66015625,-0.08544921875,1.8310546875,-0.08544921875,1.0009765625,-0.30517578125,0.9033203125,0,0.62255859375,0.15869140625,1.708984375,0.10986328125,0.47607421875,-0.0732421875,1.7822265625,0.1220703125,-1.220703125,0,-0.68359375,-0.03662109375,-1.2451171875,0,-1.01318359375,-0.03662109375,-1.4892578125,-0.1220703125,-0.244140625,0.30517578125,-0.42724609375,-0.01220703125,-1.4404296875,0.0732421875,-0.74462890625,0,-0.67138671875,-0.03662109375,-0.6103515625,0.15869140625,-0.08544921875,0.06103515625,-0.732421875,0.08544921875,-1.4404296875,-0.18310546875,-1.025390625,0.0732421875,0.37841796875,-0.06103515625,0.3173828125,0.1953125,0.01220703125,-0.048828125,-0.048828125,-0.13427734375,0.1220703125,-0.13427734375,-0.15869140625,0,0.64697265625,0.18310546875,-0.5859375,-0.244140625,-0.76904296875
1,0.048828125,3.50341796875,-0.08544921875,1.46484375,0.244140625,1.13525390625,0.18310546875,1.708984375,0,-0.10986328125,-0.1708984375,-0.89111328125,-0.244140625,1.025390625,-0.09765625,-0.15869140625,-0.0244140625,-0.6103515625,0,-0.1953125,0.13427734375,0.86669921875,-0.1220703125,-0.59814453125,-0.0732421875,-0.1708984375,-0.1220703125,-0.8056640625,0.2685546875,0.89111328125,-0.0244140625,0.03662109375,-0.048828125,0.50048828125,-0.048828125,-0.4638671875,-0.06103515625,-0.0244140625,0.35400390625,0.08544921875,0.341796875,-0.28076171875,-0.01220703125,-0.69580078125,-0.32958984375,-0.48828125,-0.6103515625,0.59814453125,0.0244140625,2.099609375,0.0732421875,1.33056640625,-0.1953125,0.30517578125,0.390625,1.45263671875,-0.23193359375,0.76904296875,-0.3173828125,0.5615234375,0.20751953125,0.52490234375,-0.48828125,0.2197265625,-0.01220703125,1.7333984375,-0.06103515625,1.904296875,-0.1708984375,1.03759765625,-0.2685546875,1.025390625,-0.1220703125,0.93994140625,0.09765625,2.2216796875,0.09765625,0.72021484375,0,2.06298828125,0.1220703125,-1.2451171875,0.08544921875,-0.74462890625,-0.18310546875,-1.2451171875,0.06103515625,-1.0009765625,-0.0244140625,-1.4892578125,-0.1220703125,-0.2685546875,0.18310546875,-0.390625,0.01220703125,-1.45263671875,0.06103515625,-0.74462890625,0.048828125,-0.6591796875,-0.0732421875,-0.6103515625,0.1708984375,-0.08544921875,0.0732421875,-0.72021484375,0.03662109375,-1.416015625,-0.15869140625,-1.01318359375,0.06103515625,0.35400390625,-0.146484375,0.30517578125,0.1953125,0.0244140625,-0.06103515625,-0.048828125,-0.10986328125,0.1220703125,-0.15869140625,-0.1953125,0,0.6103515625,0.1708984375,-0.47607421875,-0.244140625,-0.78125
1,0.08544921875,4.4921875,-0.048828125,1.85546875,0.28076171875,1.513671875,0.15869140625,2.11181640625,-0.01220703125,-0.10986328125,-0.1708984375,-0.9033203125,-0.23193359375,1.01318359375,-0.09765625,-0.15869140625,-0.06103515625,-0.62255859375,-0.01220703125,-0.1953125,0.0244140625,0.8544921875,-0.09765625,-0.5859375,-0.06103515625,-0.15869140625,-0.20751953125,-0.8056640625,0.341796875,0.87890625,0.0244140625,0.06103515625,-0.06103515625,0.28076171875,-0.08544921875,-0.57373046875,-0.10986328125,-0.10986328125,0.30517578125,-0.08544921875,0.3173828125,-0.2685546875,-0.0244140625,-0.69580078125,-0.439453125,-0.50048828125,-0.6591796875,0.57373046875,0.048828125,2.08740234375,0.06103515625,1.220703125,-0.2685546875,0.28076171875,0.341796875,1.4404296875,-0.2685546875,0.76904296875,-0.23193359375,0.5859375,0.2197265625,0.537109375,-0.45166015625,0.23193359375,0.01220703125,1.69677734375,-0.1220703125,1.89208984375,-0.25634765625,1.025390625,-0.2685546875,1.06201171875,-0.15869140625,1.50146484375,-0.03662109375,2.99072265625,0.048828125,1.171875,0.06103515625,2.57568359375,0.10986328125,-1.20849609375,0.20751953125,-0.5615234375,-0.35400390625,-1.1962890625,0.08544921875,-0.93994140625,-0.01220703125,-1.513671875,-0.13427734375,-0.28076171875,0.06103515625,-0.390625,-0.01220703125,-1.42822265625,0.06103515625,-0.74462890625,0.0732421875,-0.634765625,-0.0732421875,-0.62255859375,0.1220703125,-0.10986328125,0.10986328125,-0.69580078125,-0.0244140625,-1.416015625,-0.09765625,-1.01318359375,0.03662109375,0.341796875,-0.0244140625,0.30517578125,0.146484375,0.01220703125,-0.06103515625,-0.0244140625,-0.08544921875,0.13427734375,-0.15869140625,-0.1953125,0,0.64697265625,0.08544921875,-0.32958984375,-0.23193359375,-0.76904296875
1,0.03662109375,5.33447265625,-0.048828125,2.20947265625,0.29296875,1.81884765625,0.1220703125,2.4658203125,-0.01220703125,-0.1220703125,-0.15869140625,-0.927734375,-0.23193359375,1.01318359375,-0.0732421875,-0.1708984375,-0.10986328125,-0.57373046875,-0.01220703125,-0.20751953125,-0.048828125,0.8544921875,-0.048828125,-0.5615234375,-0.10986328125,-0.15869140625,-0.244140625,-0.79345703125,0.3662109375,0.89111328125,0.0732421875,0.0732421875,-0.0732421875,0.09765625,-0.25634765625,-0.6103515625,-0.2197265625,-0.13427734375,0.2197265625,-0.2197265625,0.29296875,-0.244140625,-0.10986328125,-0.68359375,-0.5126953125,-0.5126953125,-0.64697265625,0.5859375,0.01220703125,2.06298828125,0.03662109375,1.07421875,-0.29296875,0.1708984375,0.32958984375,1.3671875,-0.341796875,0.76904296875,-0.20751953125,0.57373046875,0.2197265625,0.537109375,-0.42724609375,0.2197265625,0.10986328125,1.611328125,-0.10986328125,1.8798828125,-0.29296875,0.9765625,-0.2197265625,0.98876953125,-0.08544921875,2.35595703125,-0.0732421875,3.9794921875,0.03662109375,1.84326171875,0.15869140625,3.33251953125,0.13427734375,-1.11083984375,0.244140625,-0.09765625,-0.4638671875,-1.0986328125,0.0732421875,-0.8056640625,-0.01220703125,-1.52587890625,-0.13427734375,-0.29296875,-0.08544921875,-0.3662109375,-0.048828125,-1.42822265625,0.03662109375,-0.74462890625,0.09765625,-0.62255859375,-0.048828125,-0.64697265625,0.03662109375,-0.09765625,0.09765625,-0.7080078125,-0.03662109375,-1.3916015625,-0.06103515625,-1.01318359375,0.03662109375,0.35400390625,-0.10986328125,0.30517578125,0.13427734375,0,-0.048828125,-0.01220703125,-0.08544921875,0.146484375,-0.15869140625,-0.146484375,0,0.67138671875,0.0244140625,-0.0732421875,-0.2197265625,-0.68359375
1,-0.0244140625,5.9814453125,-0.048828125,2.47802734375,0.30517578125,2.099609375,0.1220703125,2.783203125,0,-0.10986328125,-0.18310546875,-0.927734375,-0.23193359375,1.01318359375,-0.048828125,-0.1953125,-0.13427734375,-0.57373046875,0.01220703125,-0.1953125,-0.1708984375,0.87890625,0.01220703125,-0.57373046875,-0.146484375,-0.1708984375,-0.2685546875,-0.8056640625,0.390625,0.89111328125,0.08544921875,0.0732421875,-0.06103515625,0.0244140625,-0.30517578125,-0.57373046875,-0.28076171875,-0.048828125,0.18310546875,-0.29296875,0.1953125,-0.244140625,-0.1708984375,-0.67138671875,-0.5126953125,-0.52490234375,-0.57373046875,0.57373046875,-0.0244140625,1.953125,0.06103515625,0.86669921875,-0.341796875,0.0732421875,0.28076171875,1.25732421875,-0.390625,0.78125,-0.15869140625,0.5615234375,0.25634765625,0.54931640625,-0.4150390625,0.2197265625,0.048828125,1.4892578125,-0.13427734375,1.806640625,-0.3662109375,0.86669921875,-0.18310546875,0.8544921875,-0.09765625,3.3935546875,-0.1708984375,5.2001953125,-0.03662109375,2.64892578125,0.1953125,4.2724609375,0.13427734375,-0.927734375,0.25634765625,0.634765625,-0.54931640625,-0.96435546875,0.048828125,-0.634765625,0,-1.513671875,-0.1220703125,-0.2685546875,-0.15869140625,-0.3662109375,-0.0732421875,-1.40380859375,0.03662109375,-0.72021484375,0.0732421875,-0.6103515625,-0.03662109375,-0.6591796875,-0.03662109375,-0.0732421875,0.09765625,-0.7080078125,-0.03662109375,-1.37939453125,-0.0244140625,-1.01318359375,-0.01220703125,0.341796875,-0.048828125,0.29296875,0.1220703125,-0.0244140625,-0.0732421875,-0.03662109375,-0.048828125,0.1708984375,-0.1953125,-0.03662109375,-0.01220703125,0.7080078125,0,0.1953125,-0.25634765625,-0.5859375
1,-0.09765625,6.3720703125,-0.048828125,2.67333984375,0.29296875,2.24609375,0.10986328125,2.94189453125,0.01220703125,-0.10986328125,-0.1708984375,-0.93994140625,-0.23193359375,1.025390625,-0.048828125,-0.1953125,-0.15869140625,-0.5615234375,0.08544921875,-0.18310546875,-0.23193359375,0.86669921875,-0.01220703125,-0.54931640625,-0.146484375,-0.1708984375,-0.28076171875,-0.8056640625,0.40283203125,0.9033203125,0.0732421875,0.06103515625,-0.1220703125,0.10986328125,-0.42724609375,-0.40283203125,-0.439453125,0.25634765625,0.06103515625,-0.1953125,0.06103515625,-0.2197265625,-0.2197265625,-0.6591796875,-0.47607421875,-0.537109375,-0.48828125,0.5859375,-0.09765625,1.85546875,0.10986328125,0.67138671875,-0.32958984375,-0.048828125,0.28076171875,1.171875,-0.4638671875,0.78125,-0.09765625,0.57373046875,0.20751953125,0.5615234375,-0.35400390625,0.2197265625,0.03662109375,1.3427734375,-0.13427734375,1.74560546875,-0.35400390625,0.78125,-0.1953125,0.6591796875,-0.01220703125,4.52880859375,-0.0244140625,6.4697265625,0,3.55224609375,0.28076171875,5.322265625,0.1220703125,-0.68359375,0.1953125,1.55029296875,-0.54931640625,-0.78125,0.01220703125,-0.4150390625,-0.0244140625,-1.5625,-0.1708984375,-0.2685546875,-0.29296875,-0.32958984375,-0.08544921875,-1.40380859375,0.03662109375,-0.732421875,0.0244140625,-0.59814453125,-0.048828125,-0.6591796875,-0.09765625,-0.0732421875,0.048828125,-0.7080078125,-0.08544921875,-1.3671875,-0.0244140625,-1.025390625,-0.0244140625,0.341796875,-0.08544921875,0.32958984375,0.13427734375,-0.06103515625,-0.0732421875,-0.0244140625,-0.06103515625,0.1708984375,-0.2197265625,0.1220703125,0,0.81787109375,0.08544921875,0.54931640625,-0.244140625,-0.42724609375
1,-0.1220703125,6.5185546875,-0.06103515625,2.74658203125,0.2685546875,2.28271484375,0.0732421875,3.01513671875,0,-0.08544921875,-0.1708984375,-0.9521484375,-0.244140625,1.03759765625,-0.06103515625,-0.1953125,-0.1953125,-0.57373046875,0.146484375,-0.18310546875,-0.23193359375,0.86669921875,0.0244140625,-0.5615234375,-0.1708984375,-0.1708984375,-0.25634765625,-0.8056640625,0.35400390625,0.89111328125,0.03662109375,0.06103515625,-0.15869140625,0.40283203125,-0.5126953125,-0.0732421875,-0.390625,0.7568359375,0.03662109375,0.09765625,-0.048828125,-0.1953125,-0.23193359375,-0.62255859375,-0.4638671875,-0.537109375,-0.390625,0.59814453125,-0.15869140625,1.7333984375,0.20751953125,0.54931640625,-0.244140625,-0.1220703125,0.244140625,1.07421875,-0.5126953125,0.78125,-0.1220703125,0.54931640625,0.18310546875,0.5615234375,-0.3173828125,0.23193359375,0.048828125,1.18408203125,-0.1220703125,1.6845703125,-0.25634765625,0.69580078125,-0.25634765625,0.48828125,0,5.65185546875,0,7.72705078125,0.048828125,4.43115234375,0.244140625,6.34765625,0.08544921875,-0.42724609375,0.2197265625,2.587890625,-0.52490234375,-0.6103515625,-0.0244140625,-0.23193359375,-0.03662109375,-1.5625,-0.20751953125,-0.244140625,-0.3662109375,-0.35400390625,-0.03662109375,-1.416015625,0.0244140625,-0.732421875,0.01220703125,-0.62255859375,-0.0732421875,-0.67138671875,-0.146484375,-0.08544921875,-0.048828125,-0.7080078125,-0.09765625,-1.3671875,-0.01220703125,-1.025390625,-0.0244140625,0.3173828125,-0.0732421875,0.341796875,0.1220703125,-0.06103515625,-0.0732421875,-0.048828125,-0.03662109375,0.15869140625,-0.2197265625,0.32958984375,-0.01220703125,0.93994140625,0.09765625,0.96435546875,-0.2685546875,-0.2197265625
1,-0.1220703125,6.34765625,-0.09765625,2.69775390625,0.25634765625,2.24609375,0.048828125,2.99072265625,0.03662109375,-0.048828125,-0.1708984375,-0.9521484375,-0.23193359375,1.0498046875,-0.03662109375,-0.1708984375,-0.2197265625,-0.57373046875,0.18310546875,-0.15869140625,-0.20751953125,0.84228515625,0,-0.5615234375,-0.10986328125,-0.1708984375,-0.23193359375,-0.79345703125,0.2685546875,0.9033203125,0.01220703125,0.048828125,-0.146484375,0.8544921875,-0.54931640625,0.3662109375,-0.42724609375,1.45263671875,0.03662109375,0.5615234375,-0.1220703125,-0.15869140625,-0.2197265625,-0.634765625,-0.40283203125,-0.54931640625,-0.3662109375,0.62255859375,-0.244140625,1.6357421875,0.244140625,0.48828125,-0.29296875,-0.15869140625,0.13427734375,0.98876953125,-0.48828125,0.79345703125,-0.09765625,0.537109375,0.18310546875,0.57373046875,-0.25634765625,0.244140625,0.0244140625,1.06201171875,-0.13427734375,1.59912109375,-0.146484375,0.634765625,-0.28076171875,0.3173828125,0.06103515625,6.6162109375,0.03662109375,8.85009765625,0.18310546875,5.224609375,0.1953125,7.2998046875,0.06103515625,-0.18310546875,0.20751953125,3.64990234375,-0.439453125,-0.439453125,-0.01220703125,-0.01220703125,-0.0244140625,-1.57470703125,-0.244140625,-0.244140625,-0.42724609375,-0.35400390625,0,-1.40380859375,0,-0.72021484375,0,-0.64697265625,-0.10986328125,-0.64697265625,-0.15869140625,-0.09765625,-0.08544921875,-0.7080078125,-0.1220703125,-1.3671875,0.03662109375,-1.03759765625,-0.0244140625,0.341796875,-0.09765625,0.3662109375,0.13427734375,-0.0732421875,-0.06103515625,-0.08544921875,-0.048828125,0.1220703125,-0.2197265625,0.54931640625,-0.0244140625,1.0498046875,0.15869140625,1.416015625,-0.25634765625,0.0244140625
1,-0.10986328125,5.95703125,-0.06103515625,2.5390625,0.2685546875,2.11181640625,0.048828125,2.83203125,0.06103515625,-0.0244140625,-0.1708984375,-0.9521484375,-0.23193359375,1.03759765625,-0.0244140625,-0.1708984375,-0.1708984375,-0.5859375,0.2197265625,-0.15869140625,-0.1220703125,0.8544921875,-0.01220703125,-0.5615234375,-0.10986328125,-0.1708984375,-0.20751953125,-0.78125,0.15869140625,0.91552734375,0.03662109375,0.048828125,-0.20751953125,1.50146484375,-0.69580078125,0.91552734375,-0.40283203125,2.294921875,-0.01220703125,1.1474609375,-0.1708984375,-0.15869140625,-0.2197265625,-0.62255859375,-0.32958984375,-0.5615234375,-0.3662109375,0.62255859375,-0.28076171875,1.55029296875,0.30517578125,0.5126953125,-0.23193359375,-0.20751953125,0.15869140625,0.96435546875,-0.45166015625,0.79345703125,-0.09765625,0.54931640625,0.146484375,0.5859375,-0.20751953125,0.244140625,-0.048828125,0.98876953125,-0.244140625,1.5380859375,-0.13427734375,0.5859375,-0.47607421875,0.23193359375,-0.01220703125,7.36083984375,0.08544921875,9.765625,0.25634765625,5.82275390625,0.06103515625,8.0078125,0.0244140625,0.048828125,0.13427734375,4.60205078125,-0.32958984375,-0.29296875,-0.03662109375,0.18310546875,-0.01220703125,-1.5625,-0.30517578125,-0.2197265625,-0.42724609375,-0.37841796875,0.06103515625,-1.416015625,0.0244140625,-0.732421875,-0.0244140625,-0.67138671875,-0.13427734375,-0.6591796875,-0.146484375,-0.09765625,-0.0732421875,-0.72021484375,-0.15869140625,-1.37939453125,0.01220703125,-1.03759765625,-0.01220703125,0.341796875,-0.03662109375,0.37841796875,0.146484375,-0.0732421875,-0.08544921875,-0.08544921875,-0.048828125,0.1220703125,-0.2197265625,0.7568359375,-0.01220703125,1.1962890625,0.18310546875,1.89208984375,-0.2197265625,0.244140625
1,-0.1220703125,5.37109375,-0.048828125,2.25830078125,0.2685546875,1.8798828125,0.048828125,2.55126953125,0.0732421875,-0.0244140625,-0.1708984375,-0.93994140625,-0.2197265625,1.06201171875,-0.0244140625,-0.1708984375,-0.10986328125,-0.5859375,0.2197265625,-0.15869140625,-0.03662109375,0.86669921875,-0.0244140625,-0.5615234375,-0.08544921875,-0.15869140625,-0.15869140625,-0.79345703125,0,0.9033203125,0.048828125,0.048828125,-0.20751953125,2.24609375,-0.732421875,1.5380859375,-0.23193359375,3.2470703125,0.048828125,1.86767578125,-0.13427734375,-0.13427734375,-0.1953125,-0.6103515625,-0.25634765625,-0.54931640625,-0.35400390625,0.634765625,-0.37841796875,1.513671875,0.244140625,0.57373046875,-0.2197265625,-0.20751953125,0.08544921875,0.91552734375,-0.37841796875,0.79345703125,-0.10986328125,0.537109375,0.1220703125,0.6103515625,-0.13427734375,0.244140625,-0.06103515625,0.927734375,-0.1953125,1.50146484375,-0.01220703125,0.57373046875,-0.4638671875,0.18310546875,-0.1708984375,7.80029296875,0.048828125,10.3515625,0.25634765625,6.15234375,-0.09765625,8.45947265625,0,0.23193359375,0.01220703125,5.45654296875,-0.2197265625,-0.18310546875,-0.048828125,0.3173828125,0.01220703125,-1.55029296875,-0.3662109375,-0.2197265625,-0.45166015625,-0.3662109375,0.08544921875,-1.40380859375,0.01220703125,-0.74462890625,-0.01220703125,-0.67138671875,-0.13427734375,-0.6591796875,-0.1220703125,-0.10986328125,-0.0244140625,-0.74462890625,-0.1953125,-1.40380859375,-0.0244140625,-1.0498046875,0.06103515625,0.341796875,-0.0732421875,0.390625,0.13427734375,-0.0732421875,-0.0732421875,-0.08544921875,-0.048828125,0.1220703125,-0.23193359375,0.93994140625,-0.048828125,1.318359375,0.10986328125,2.34375,-0.1953125,0.42724609375
1,-0.146484375,4.60205078125,-0.03662109375,1.91650390625,0.29296875,1.59912109375,0.06103515625,2.197265625,0.08544921875,-0.03662109375,-0.1708984375,-0.927734375,-0.20751953125,1.06201171875,-0.01220703125,-0.2197265625,-0.0732421875,-0.59814453125,0.20751953125,-0.15869140625,-0.01220703125,0.8544921875,-0.0732421875,-0.6103515625,-0.06103515625,-0.15869140625,-0.13427734375,-0.8056640625,-0.10986328125,0.9033203125,0.06103515625,0.06103515625,-0.244140625,3.02734375,-0.7568359375,2.13623046875,-0.06103515625,4.21142578125,0.06103515625,2.587890625,-0.0732421875,-0.15869140625,-0.15869140625,-0.634765625,-0.18310546875,-0.52490234375,-0.3662109375,0.64697265625,-0.3662109375,1.4892578125,0.20751953125,0.62255859375,-0.29296875,-0.1708984375,0.03662109375,0.91552734375,-0.3173828125,0.78125,-0.08544921875,0.537109375,0.01220703125,0.59814453125,-0.06103515625,0.2197265625,-0.0732421875,0.8544921875,-0.1953125,1.45263671875,0.048828125,0.537109375,-0.390625,0.1953125,-0.1708984375,7.8857421875,0.20751953125,10.546875,0.23193359375,6.25,-0.146484375,8.58154296875,-0.01220703125,0.390625,-0.09765625,6.06689453125,-0.146484375,-0.10986328125,-0.048828125,0.40283203125,0.03662109375,-1.5380859375,-0.40283203125,-0.1953125,-0.47607421875,-0.3662109375,0.03662109375,-1.416015625,0,-0.7568359375,-0.0244140625,-0.67138671875,-0.10986328125,-0.62255859375,-0.10986328125,-0.10986328125,0.06103515625,-0.7568359375,-0.29296875,-1.40380859375,-0.048828125,-1.0498046875,0.10986328125,0.35400390625,-0.01220703125,0.390625,0.146484375,-0.06103515625,-0.0732421875,-0.08544921875,-0.03662109375,0.13427734375,-0.20751953125,1.0986328125,-0.048828125,1.42822265625,0.09765625,2.734375,-0.13427734375,0.6103515625
1,-0.1708984375,3.74755859375,-0.01220703125,1.52587890625,0.2685546875,1.25732421875,0.0244140625,1.79443359375,0.10986328125,-0.048828125,-0.1708984375,-0.9521484375,-0.23193359375,1.07421875,-0.0732421875,-0.23193359375,-0.01220703125,-0.6103515625,0.1953125,-0.1708984375,-0.0244140625,0.86669921875,-0.09765625,-0.59814453125,-0.0732421875,-0.146484375,-0.10986328125,-0.8056640625,-0.2197265625,0.89111328125,0.0732421875,0.048828125,-0.244140625,3.77197265625,-0.67138671875,2.69775390625,0.048828125,5.1025390625,0.146484375,3.271484375,0.0244140625,-0.15869140625,-0.10986328125,-0.634765625,-0.15869140625,-0.52490234375,-0.4150390625,0.6591796875,-0.30517578125,1.45263671875,0.25634765625,0.68359375,-0.2197265625,-0.1220703125,0.1708984375,0.9033203125,-0.2685546875,0.74462890625,-0.1220703125,0.5615234375,-0.08544921875,0.59814453125,-0.06103515625,0.2197265625,-0.10986328125,0.8056640625,-0.28076171875,1.3916015625,-0.0244140625,0.537109375,-0.439453125,0.25634765625,-0.20751953125,7.67822265625,0.23193359375,10.41259765625,0.15869140625,6.0791015625,-0.13427734375,8.41064453125,-0.0244140625,0.47607421875,-0.2197265625,6.4453125,-0.10986328125,-0.09765625,-0.048828125,0.45166015625,0.06103515625,-1.52587890625,-0.390625,-0.2197265625,-0.47607421875,-0.40283203125,-0.0244140625,-1.416015625,-0.06103515625,-0.7568359375,0.0244140625,-0.6591796875,-0.08544921875,-0.6103515625,-0.08544921875,-0.08544921875,0.1220703125,-0.74462890625,-0.32958984375,-1.42822265625,-0.08544921875,-1.0498046875,0.146484375,0.341796875,-0.08544921875,0.40283203125,0.15869140625,-0.03662109375,-0.0732421875,-0.0732421875,-0.06103515625,0.146484375,-0.2197265625,1.15966796875,-0.048828125,1.513671875,0.10986328125,3.0517578125,-0.13427734375,0.72021484375
0,-0.146484375,2.94189453125,0.01220703125,1.123046875,0.244140625,0.91552734375,0.03662109375,1.40380859375,0.13427734375,-0.08544921875,-0.1708984375,-0.927734375,-0.2197265625,1.06201171875,-0.13427734375,-0.23193359375,0.0244140625,-0.6103515625,0.13427734375,-0.1708984375,-0.0732421875,0.86669921875,-0.10986328125,-0.6103515625,-0.0732421875,-0.13427734375,-0.08544921875,-0.79345703125,-0.28076171875,0.89111328125,0.0732421875,0.03662109375,-0.244140625,4.3701171875,-0.54931640625,3.16162109375,0.1708984375,5.84716796875,0.1953125,3.84521484375,0.1220703125,-0.18310546875,0,-0.6591796875,-0.1220703125,-0.50048828125,-0.4150390625,0.64697265625,-0.28076171875,1.47705078125,0.18310546875,0.72021484375,-0.1953125,-0.0732421875,0.1220703125,0.93994140625,-0.15869140625,0.7568359375,-0.1220703125,0.57373046875,-0.06103515625,0.59814453125,-0.048828125,0.1953125,-0.10986328125,0.7568359375,-0.1953125,1.3427734375,0.03662109375,0.50048828125,-0.23193359375,0.341796875,-0.18310546875,7.2021484375,0.15869140625,9.94873046875,0.048828125,5.7373046875,-0.146484375,8.0078125,-0.0244140625,0.50048828125,-0.30517578125,6.55517578125,-0.0732421875,-0.10986328125,-0.03662109375,0.45166015625,0.1220703125,-1.4892578125,-0.341796875,-0.2197265625,-0.42724609375,-0.390625,-0.10986328125,-1.42822265625,-0.10986328125,-0.7568359375,0.0732421875,-0.67138671875,-0.0732421875,-0.59814453125,-0.08544921875,-0.08544921875,0.0732421875,-0.74462890625,-0.32958984375,-1.42822265625,-0.1220703125,-1.03759765625,0.1953125,0.35400390625,-0.048828125,0.439453125,0.13427734375,-0.01220703125,-0.08544921875,-0.048828125,-0.0244140625,0.15869140625,-0.1953125,1.20849609375,-0.0244140625,1.55029296875,0.15869140625,3.21044921875,-0.1220703125,0.7568359375
0,-0.18310546875,2.1728515625,0.03662109375,0.78125,0.2197265625,0.59814453125,0.01220703125,1.0498046875,0.15869140625,-0.10986328125,-0.18310546875,-0.93994140625,-0.2197265625,1.0498046875,-0.1220703125,-0.23193359375,0.048828125,-0.59814453125,0.0732421875,-0.1953125,-0.18310546875,0.86669921875,-0.1953125,-0.6103515625,-0.03662109375,-0.1220703125,-0.08544921875,-0.78125,-0.29296875,0.87890625,0.048828125,0.06103515625,-0.20751953125,4.82177734375,-0.439453125,3.52783203125,0.2197265625,6.40869140625,0.244140625,4.26025390625,0.244140625,-0.1953125,0.09765625,-0.67138671875,-0.15869140625,-0.47607421875,-0.45166015625,0.634765625,-0.146484375,1.47705078125,0.1953125,0.68359375,-0.1708984375,-0.03662109375,0.146484375,0.9521484375,-0.0732421875,0.74462890625,-0.0732421875,0.59814453125,-0.048828125,0.5859375,-0.06103515625,0.2197265625,-0.0732421875,0.6591796875,-0.13427734375,1.2451171875,0,0.45166015625,-0.1708984375,0.40283203125,-0.1708984375,6.60400390625,0.13427734375,9.31396484375,-0.03662109375,5.224609375,-0.1708984375,7.40966796875,0.0244140625,0.4638671875,-0.35400390625,6.43310546875,-0.01220703125,-0.1708984375,0.01220703125,0.40283203125,0.13427734375,-1.47705078125,-0.25634765625,-0.244140625,-0.32958984375,-0.3662109375,-0.15869140625,-1.416015625,-0.146484375,-0.7568359375,0.09765625,-0.67138671875,-0.10986328125,-0.6103515625,-0.06103515625,-0.08544921875,0.048828125,-0.7568359375,-0.30517578125,-1.42822265625,-0.1708984375,-1.01318359375,0.1953125,0.341796875,-0.0732421875,0.45166015625,0.15869140625,-0.0244140625,-0.0732421875,-0.03662109375,-0.03662109375,0.1953125,-0.1953125,1.171875,-0.0244140625,1.55029296875,0.06103515625,3.23486328125,-0.146484375,0.732421875
0,-0.1953125,1.513671875,0.03662109375,0.5126953125,0.2197265625,0.32958984375,0,0.7568359375,0.13427734375,-0.146484375,-0.15869140625,-0.91552734375,-0.20751953125,1.0498046875,-0.1220703125,-0.1953125,0.03662109375,-0.59814453125,0.01220703125,-0.18310546875,-0.3173828125,0.87890625,-0.25634765625,-0.5859375,-0.08544921875,-0.1220703125,-0.10986328125,-0.78125,-0.29296875,0.87890625,0,0.06103515625,-0.146484375,5.06591796875,-0.341796875,3.7353515625,0.28076171875,6.77490234375,0.30517578125,4.4921875,0.32958984375,-0.2197265625,0.18310546875,-0.6591796875,-0.244140625,-0.45166015625,-0.47607421875,0.6591796875,-0.0732421875,1.50146484375,0.146484375,0.6103515625,-0.09765625,0.01220703125,0.18310546875,0.96435546875,-0.03662109375,0.76904296875,-0.048828125,0.62255859375,-0.048828125,0.5615234375,-0.09765625,0.20751953125,-0.08544921875,0.5615234375,-0.06103515625,1.18408203125,-0.06103515625,0.390625,-0.09765625,0.439453125,-0.1220703125,5.96923828125,0.06103515625,8.58154296875,-0.08544921875,4.69970703125,-0.1220703125,6.787109375,0.0732421875,0.37841796875,-0.40283203125,6.06689453125,0.048828125,-0.25634765625,0.06103515625,0.3173828125,0.1220703125,-1.50146484375,-0.13427734375,-0.25634765625,-0.244140625,-0.3662109375,-0.1953125,-1.42822265625,-0.1220703125,-0.7568359375,0.10986328125,-0.67138671875,-0.146484375,-0.59814453125,-0.0244140625,-0.0732421875,0.01220703125,-0.72021484375,-0.25634765625,-1.42822265625,-0.20751953125,-1.0009765625,0.2197265625,0.341796875,-0.06103515625,0.4638671875,0.10986328125,-0.03662109375,-0.0732421875,-0.03662109375,0.01220703125,0.1708984375,-0.23193359375,1.08642578125,-0.0244140625,1.513671875,-0.01220703125,3.11279296875,-0.15869140625,0.6591796875
0,-0.1708984375,1.0498046875,0.01220703125,0.28076171875,0.1708984375,0.13427734375,-0.01220703125,0.52490234375,0.13427734375,-0.1708984375,-0.1708984375,-0.91552734375,-0.2197265625,1.03759765625,-0.13427734375,-0.1708984375,0,-0.5859375,-0.01220703125,-0.1953125,-0.45166015625,0.86669921875,-0.32958984375,-0.5859375,-0.09765625,-0.09765625,-0.13427734375,-0.79345703125,-0.25634765625,0.86669921875,0,0.0732421875,-0.03662109375,5.126953125,-0.1708984375,3.82080078125,0.3173828125,6.92138671875,0.3662109375,4.55322265625,0.37841796875,-0.20751953125,0.23193359375,-0.68359375,-0.341796875,-0.47607421875,-0.4638671875,0.634765625,-0.01220703125,1.50146484375,0.08544921875,0.54931640625,-0.09765625,0.03662109375,0.146484375,0.9765625,-0.0244140625,0.79345703125,-0.048828125,0.64697265625,-0.0732421875,0.537109375,-0.1220703125,0.20751953125,-0.0732421875,0.5126953125,-0.0244140625,1.13525390625,-0.146484375,0.30517578125,-0.03662109375,0.45166015625,-0.0244140625,5.37109375,-0.0244140625,7.8125,-0.18310546875,4.21142578125,-0.13427734375,6.18896484375,0.13427734375,0.244140625,-0.4150390625,5.4931640625,0.09765625,-0.37841796875,0.09765625,0.20751953125,0.146484375,-1.50146484375,-0.03662109375,-0.2685546875,-0.13427734375,-0.341796875,-0.1953125,-1.416015625,-0.1220703125,-0.78125,0.1220703125,-0.6591796875,-0.2197265625,-0.6103515625,0.0244140625,-0.0732421875,-0.0244140625,-0.732421875,-0.1708984375,-1.42822265625,-0.244140625,-1.025390625,0.18310546875,0.3173828125,-0.08544921875,0.47607421875,0.10986328125,-0.048828125,-0.06103515625,-0.0244140625,0.01220703125,0.1953125,-0.2197265625,0.98876953125,0,1.47705078125,-0.0244140625,2.880859375,-0.1708984375,0.5615234375
0,-0.1953125,0.68359375,0.03662109375,0.10986328125,0.1708984375,-0.0244140625,0,0.32958984375,0.1220703125,-0.1708984375,-0.146484375,-0.927734375,-0.23193359375,1.025390625,-0.13427734375,-0.15869140625,-0.0732421875,-0.57373046875,-0.0244140625,-0.20751953125,-0.5615234375,0.89111328125,-0.35400390625,-0.57373046875,-0.09765625,-0.08544921875,-0.146484375,-0.78125,-0.2197265625,0.87890625,0.0244140625,0.09765625,-0.01220703125,4.9560546875,-0.10986328125,3.77197265625,0.2197265625,6.87255859375,0.35400390625,4.40673828125,0.341796875,-0.23193359375,0.25634765625,-0.68359375,-0.439453125,-0.48828125,-0.45166015625,0.634765625,0.0732421875,1.5380859375,0.0732421875,0.4638671875,-0.10986328125,0.0732421875,0.1953125,1.025390625,-0.0732421875,0.8056640625,-0.048828125,0.64697265625,-0.1220703125,0.537109375,-0.23193359375,0.23193359375,-0.06103515625,0.50048828125,0.0732421875,1.11083984375,-0.1220703125,0.2685546875,0.0244140625,0.439453125,-0.01220703125,4.9072265625,-0.08544921875,7.2021484375,-0.29296875,3.84521484375,-0.09765625,5.72509765625,0.13427734375,0.048828125,-0.40283203125,4.79736328125,0.15869140625,-0.47607421875,0.08544921875,0.048828125,0.146484375,-1.50146484375,0.06103515625,-0.28076171875,-0.03662109375,-0.341796875,-0.18310546875,-1.42822265625,-0.08544921875,-0.7568359375,0.08544921875,-0.6591796875,-0.244140625,-0.5615234375,0.0244140625,-0.09765625,0.01220703125,-0.74462890625,-0.08544921875,-1.416015625,-0.28076171875,-1.0009765625,0.13427734375,0.341796875,-0.06103515625,0.47607421875,0.0732421875,-0.048828125,-0.08544921875,-0.01220703125,0.0244140625,0.1708984375,-0.244140625,0.89111328125,0.01220703125,1.3916015625,-0.0244140625,2.55126953125,-0.18310546875,0.42724609375
0,-0.20751953125,0.4638671875,0.048828125,-0.01220703125,0.1220703125,-0.146484375,-0.0244140625,0.20751953125,0.10986328125,-0.15869140625,-0.146484375,-0.927734375,-0.25634765625,1.01318359375,-0.13427734375,-0.146484375,-0.13427734375,-0.5615234375,-0.048828125,-0.18310546875,-0.62255859375,0.87890625,-0.341796875,-0.5615234375,-0.0732421875,-0.09765625,-0.15869140625,-0.76904296875,-0.20751953125,0.89111328125,0.06103515625,0.09765625,0.01220703125,4.7119140625,0,3.6376953125,0.1220703125,6.62841796875,0.341796875,4.18701171875,0.25634765625,-0.2197265625,0.2197265625,-0.68359375,-0.52490234375,-0.50048828125,-0.439453125,0.62255859375,0.0732421875,1.52587890625,0.0244140625,0.4638671875,-0.15869140625,0.10986328125,0.2197265625,1.06201171875,-0.1220703125,0.830078125,-0.048828125,0.64697265625,-0.146484375,0.52490234375,-0.2685546875,0.23193359375,-0.146484375,0.52490234375,0.1220703125,1.13525390625,-0.09765625,0.25634765625,0.1953125,0.42724609375,0.08544921875,4.62646484375,-0.048828125,6.75048828125,-0.3173828125,3.61328125,0,5.4443359375,0.13427734375,-0.1708984375,-0.4150390625,3.9794921875,0.23193359375,-0.57373046875,0.03662109375,-0.1220703125,0.18310546875,-1.4892578125,0.09765625,-0.28076171875,0.01220703125,-0.35400390625,-0.146484375,-1.42822265625,-0.048828125,-0.732421875,0.0732421875,-0.634765625,-0.30517578125,-0.59814453125,0,-0.10986328125,0.06103515625,-0.732421875,-0.01220703125,-1.3916015625,-0.3173828125,-1.0009765625,0.09765625,0.341796875,-0.08544921875,0.439453125,0.03662109375,-0.048828125,-0.0732421875,-0.03662109375,0.01220703125,0.1708984375,-0.25634765625,0.78125,0.03662109375,1.33056640625,-0.03662109375,2.20947265625,-0.2197265625,0.30517578125
0,-0.18310546875,0.30517578125,0.03662109375,-0.10986328125,0.048828125,-0.20751953125,-0.06103515625,0.09765625,0.0732421875,-0.1220703125,-0.13427734375,-0.927734375,-0.28076171875,1.025390625,-0.146484375,-0.1708984375,-0.20751953125,-0.57373046875,-0.08544921875,-0.1708984375,-0.5859375,0.86669921875,-0.29296875,-0.5615234375,-0.048828125,-0.09765625,-0.18310546875,-0.78125,-0.20751953125,0.89111328125,0.10986328125,0.0732421875,-0.01220703125,4.40673828125,0.146484375,3.40576171875,0.048828125,6.31103515625,0.25634765625,3.8818359375,0.13427734375,-0.2197265625,0.15869140625,-0.69580078125,-0.537109375,-0.48828125,-0.35400390625,0.62255859375,0.1220703125,1.57470703125,0.06103515625,0.47607421875,-0.06103515625,0.146484375,0.23193359375,1.0986328125,-0.2197265625,0.8056640625,-0.048828125,0.64697265625,-0.146484375,0.5615234375,-0.29296875,0.25634765625,-0.15869140625,0.634765625,0.1708984375,1.1962890625,-0.03662109375,0.30517578125,0.1708984375,0.439453125,0.10986328125,4.541015625,-0.13427734375,6.50634765625,-0.29296875,3.5400390625,0.0244140625,5.33447265625,0.0732421875,-0.40283203125,-0.390625,3.1005859375,0.32958984375,-0.7080078125,-0.03662109375,-0.29296875,0.1953125,-1.50146484375,0.1220703125,-0.29296875,0.0732421875,-0.35400390625,-0.10986328125,-1.42822265625,-0.0732421875,-0.72021484375,0.048828125,-0.69580078125,-0.30517578125,-0.5859375,-0.0244140625,-0.10986328125,0.06103515625,-0.732421875,0.06103515625,-1.3916015625,-0.32958984375,-1.025390625,0.0732421875,0.35400390625,-0.09765625,0.4150390625,0.03662109375,-0.06103515625,-0.0732421875,-0.0732421875,0.03662109375,0.15869140625,-0.25634765625,0.69580078125,0.03662109375,1.23291015625,0.03662109375,1.94091796875,-0.2197265625,0.20751953125
0,-0.1953125,0.13427734375,0.048828125,-0.1953125,0,-0.2685546875,-0.09765625,0.03662109375,0.0732421875,-0.09765625,-0.13427734375,-0.93994140625,-0.29296875,1.03759765625,-0.10986328125,-0.1708984375,-0.25634765625,-0.5615234375,-0.10986328125,-0.18310546875,-0.5126953125,0.8544921875,-0.23193359375,-0.54931640625,-0.0244140625,-0.09765625,-0.18310546875,-0.7568359375,-0.244140625,0.89111328125,0.10986328125,0.0732421875,-0.0244140625,4.06494140625,0.30517578125,3.1494140625,-0.0244140625,5.908203125,0.146484375,3.55224609375,0.0244140625,-0.1953125,0.10986328125,-0.69580078125,-0.5126953125,-0.5126953125,-0.35400390625,0.5859375,0.10986328125,1.64794921875,0.03662109375,0.54931640625,-0.09765625,0.1708984375,0.20751953125,1.171875,-0.28076171875,0.81787109375,0.01220703125,0.634765625,-0.13427734375,0.57373046875,-0.30517578125,0.244140625,-0.244140625,0.8056640625,0.13427734375,1.318359375,0,0.40283203125,0.146484375,0.439453125,0.18310546875,4.58984375,-0.244140625,6.494140625,-0.20751953125,3.5888671875,0,5.3955078125,0.01220703125,-0.64697265625,-0.4150390625,2.197265625,0.35400390625,-0.8056640625,-0.08544921875,-0.47607421875,0.18310546875,-1.50146484375,0.1220703125,-0.29296875,0.18310546875,-0.35400390625,-0.08544921875,-1.416015625,-0.048828125,-0.68359375,0.0244140625,-0.7080078125,-0.341796875,-0.54931640625,-0.06103515625,-0.10986328125,0.1220703125,-0.74462890625,0.1220703125,-1.3916015625,-0.30517578125,-1.01318359375,0.06103515625,0.35400390625,-0.10986328125,0.3662109375,0.0244140625,-0.0732421875,-0.0732421875,-0.0732421875,0.03662109375,0.15869140625,-0.244140625,0.6591796875,0.0244140625,1.13525390625,-0.01220703125,1.708984375,-0.20751953125,0.1220703125
0,-0.23193359375,-0.06103515625,0.048828125,-0.29296875,-0.048828125,-0.32958984375,-0.15869140625,-0.03662109375,0.09765625,-0.06103515625,-0.10986328125,-0.93994140625,-0.30517578125,1.025390625,-0.15869140625,-0.1953125,-0.25634765625,-0.5615234375,-0.146484375,-0.18310546875,-0.390625,0.8544921875,-0.1708984375,-0.57373046875,0,-0.09765625,-0.1953125,-0.7568359375,-0.35400390625,0.89111328125,0.08544921875,0.06103515625,-0.10986328125,3.7841796875,0.37841796875,2.9052734375,-0.0244140625,5.517578125,0.048828125,3.25927734375,-0.01220703125,-0.1953125,0.01220703125,-0.72021484375,-0.45166015625,-0.52490234375,-0.244140625,0.57373046875,0.0732421875,1.7578125,0.0732421875,0.68359375,-0.01220703125,0.1953125,0.18310546875,1.23291015625,-0.32958984375,0.8056640625,-0.01220703125,0.62255859375,-0.09765625,0.59814453125,-0.30517578125,0.244140625,-0.25634765625,1.0009765625,0.146484375,1.46484375,0.08544921875,0.5126953125,0.146484375,0.5126953125,0.1953125,4.736328125,-0.341796875,6.57958984375,-0.048828125,3.69873046875,-0.13427734375,5.5419921875,-0.0732421875,-0.87890625,-0.42724609375,1.35498046875,0.390625,-0.9033203125,-0.10986328125,-0.634765625,0.146484375,-1.4892578125,0.10986328125,-0.25634765625,0.2685546875,-0.35400390625,-0.0244140625,-1.416015625,-0.048828125,-0.6591796875,0,-0.68359375,-0.341796875,-0.5615234375,-0.0732421875,-0.09765625,0.13427734375,-0.732421875,0.1953125,-1.37939453125,-0.28076171875,-1.0009765625,0.06103515625,0.35400390625,-0.146484375,0.32958984375,0.03662109375,-0.0732421875,-0.0732421875,-0.10986328125,-0.01220703125,0.146484375,-0.2685546875,0.6591796875,0,1.08642578125,-0.06103515625,1.59912109375,-0.2197265625,0.08544921875
0,-0.20751953125,-0.29296875,0.048828125,-0.390625,-0.0244140625,-0.42724609375,-0.15869140625,-0.09765625,0.09765625,-0.06103515625,-0.09765625,-0.927734375,-0.25634765625,1.025390625,-0.15869140625,-0.1953125,-0.25634765625,-0.57373046875,-0.15869140625,-0.18310546875,-0.25634765625,0.84228515625,-0.09765625,-0.5859375,0.03662109375,-0.09765625,-0.1708984375,-0.76904296875,-0.42724609375,0.9033203125,0.0732421875,0.06103515625,-0.1708984375,3.57666015625,0.47607421875,2.67333984375,-0.048828125,5.21240234375,0.01220703125,3.0517578125,-0.048828125,-0.1953125,-0.06103515625,-0.72021484375,-0.4150390625,-0.50048828125,-0.23193359375,0.5615234375,0.03662109375,1.84326171875,0.06103515625,0.81787109375,-0.06103515625,0.20751953125,0.20751953125,1.28173828125,-0.35400390625,0.79345703125,-0.01220703125,0.59814453125,-0.03662109375,0.634765625,-0.341796875,0.244140625,-0.2197265625,1.18408203125,0.1953125,1.5625,0.10986328125,0.62255859375,0.1220703125,0.5615234375,0.1708984375,4.9072265625,-0.341796875,6.72607421875,0.08544921875,3.8330078125,-0.1953125,5.72509765625,-0.09765625,-1.03759765625,-0.45166015625,0.5859375,0.37841796875,-1.0009765625,-0.0732421875,-0.79345703125,0.09765625,-1.4892578125,0.09765625,-0.244140625,0.37841796875,-0.3662109375,0.048828125,-1.4404296875,-0.048828125,-0.64697265625,-0.01220703125,-0.69580078125,-0.35400390625,-0.6103515625,-0.06103515625,-0.09765625,0.146484375,-0.72021484375,0.244140625,-1.416015625,-0.2197265625,-1.025390625,0.0244140625,0.341796875,-0.15869140625,0.28076171875,0.048828125,-0.0732421875,-0.06103515625,-0.1220703125,0.0244140625,0.13427734375,-0.25634765625,0.6591796875,0.01220703125,1.07421875,-0.06103515625,1.6357421875,-0.18310546875,0.08544921875
0,-0.1953125,-0.57373046875,0.08544921875,-0.47607421875,0.01220703125,-0.5126953125,-0.15869140625,-0.1708984375,0.1220703125,-0.06103515625,-0.06103515625,-0.9521484375,-0.244140625,1.03759765625,-0.1708984375,-0.1953125,-0.15869140625,-0.5859375,-0.18310546875,-0.2197265625,-0.1220703125,0.84228515625,-0.06103515625,-0.5859375,0.08544921875,-0.10986328125,-0.15869140625,-0.79345703125,-0.47607421875,0.91552734375,0.048828125,0.06103515625,-0.25634765625,3.45458984375,0.42724609375,2.47802734375,-0.13427734375,4.9560546875,-0.048828125,2.9296875,-0.06103515625,-0.20751953125,-0.13427734375,-0.72021484375,-0.32958984375,-0.50048828125,-0.2197265625,0.5615234375,-0.01220703125,1.9287109375,0.03662109375,0.927734375,-0.0732421875,0.20751953125,0.244140625,1.318359375,-0.390625,0.79345703125,-0.0244140625,0.59814453125,0.06103515625,0.6591796875,-0.42724609375,0.20751953125,-0.25634765625,1.33056640625,0.18310546875,1.6845703125,0.09765625,0.72021484375,0.0732421875,0.62255859375,0.13427734375,4.99267578125,-0.35400390625,6.8603515625,0.13427734375,3.89404296875,-0.29296875,5.82275390625,-0.09765625,-1.171875,-0.48828125,-0.06103515625,0.37841796875,-1.11083984375,-0.0732421875,-0.927734375,0.048828125,-1.47705078125,0.09765625,-0.23193359375,0.439453125,-0.35400390625,0.09765625,-1.4404296875,-0.0244140625,-0.64697265625,-0.03662109375,-0.74462890625,-0.32958984375,-0.5859375,0,-0.08544921875,0.1953125,-0.76904296875,0.28076171875,-1.4404296875,-0.146484375,-1.0498046875,0.01220703125,0.3662109375,-0.13427734375,0.244140625,0.01220703125,-0.0732421875,-0.06103515625,-0.1220703125,0,0.1220703125,-0.25634765625,0.67138671875,-0.03662109375,1.07421875,-0.06103515625,1.7333984375,-0.13427734375,0.13427734375
0,-0.20751953125,-0.84228515625,0.13427734375,-0.57373046875,0.01220703125,-0.64697265625,-0.18310546875,-0.2685546875,0.1220703125,-0.08544921875,-0.06103515625,-0.9521484375,-0.23193359375,1.01318359375,-0.1708984375,-0.20751953125,-0.146484375,-0.6103515625,-0.1953125,-0.2197265625,-0.0244140625,0.84228515625,-0.01220703125,-0.59814453125,0.1708984375,-0.10986328125,-0.15869140625,-0.76904296875,-0.47607421875,0.91552734375,0.01220703125,0.0244140625,-0.30517578125,3.40576171875,0.390625,2.35595703125,-0.20751953125,4.78515625,-0.03662109375,2.880859375,-0.048828125,-0.2197265625,-0.1708984375,-0.72021484375,-0.244140625,-0.50048828125,-0.1708984375,0.537109375,-0.0732421875,1.9775390625,0.01220703125,1.0009765625,-0.08544921875,0.1708984375,0.244140625,1.318359375,-0.42724609375,0.76904296875,-0.09765625,0.59814453125,0.06103515625,0.69580078125,-0.439453125,0.2197265625,-0.18310546875,1.416015625,0.18310546875,1.708984375,0.0732421875,0.7568359375,0.0732421875,0.68359375,0.0244140625,4.94384765625,-0.37841796875,6.7626953125,0.1220703125,3.8330078125,-0.341796875,5.79833984375,-0.10986328125,-1.28173828125,-0.537109375,-0.6103515625,0.35400390625,-1.18408203125,-0.06103515625,-1.01318359375,0,-1.47705078125,0.06103515625,-0.2197265625,0.4638671875,-0.35400390625,0.09765625,-1.45263671875,-0.0244140625,-0.634765625,-0.0244140625,-0.74462890625,-0.25634765625,-0.537109375,0.0244140625,-0.09765625,0.25634765625,-0.74462890625,0.3173828125,-1.42822265625,-0.09765625,-1.01318359375,0,0.40283203125,-0.1220703125,0.23193359375,0.01220703125,-0.0732421875,-0.0732421875,-0.13427734375,0.01220703125,0.146484375,-0.25634765625,0.68359375,-0.03662109375,1.123046875,-0.048828125,1.8798828125,-0.1220703125,0.18310546875
0,-0.18310546875,-1.0986328125,0.13427734375,-0.6591796875,0.0244140625,-0.7568359375,-0.20751953125,-0.35400390625,0.1220703125,-0.10986328125,-0.048828125,-0.93994140625,-0.1953125,1.01318359375,-0.1708984375,-0.1953125,-0.0732421875,-0.59814453125,-0.13427734375,-0.23193359375,0.08544921875,0.84228515625,-0.0244140625,-0.59814453125,0.25634765625,-0.10986328125,-0.1708984375,-0.76904296875,-0.4150390625,0.9033203125,0.0244140625,0.03662109375,-0.3173828125,3.3935546875,0.4150390625,2.25830078125,-0.244140625,4.69970703125,-0.03662109375,2.880859375,-0.048828125,-0.2197265625,-0.2197265625,-0.7080078125,-0.18310546875,-0.5126953125,-0.09765625,0.5126953125,-0.08544921875,1.96533203125,-0.01220703125,0.9521484375,-0.1220703125,0.10986328125,0.29296875,1.26953125,-0.40283203125,0.76904296875,-0.06103515625,0.59814453125,0.08544921875,0.7080078125,-0.47607421875,0.23193359375,-0.20751953125,1.40380859375,0.09765625,1.6845703125,-0.01220703125,0.7568359375,0.13427734375,0.7080078125,-0.0244140625,4.6875,-0.29296875,6.48193359375,0.09765625,3.61328125,-0.2197265625,5.56640625,-0.13427734375,-1.3671875,-0.54931640625,-1.0009765625,0.25634765625,-1.220703125,-0.08544921875,-1.06201171875,-0.048828125,-1.47705078125,0.01220703125,-0.20751953125,0.52490234375,-0.35400390625,0.0732421875,-1.42822265625,0,-0.64697265625,-0.0244140625,-0.74462890625,-0.1220703125,-0.54931640625,0.06103515625,-0.09765625,0.29296875,-0.7568359375,0.3173828125,-1.4404296875,-0.0244140625,-1.025390625,-0.0244140625,0.40283203125,-0.09765625,0.23193359375,-0.0244140625,-0.03662109375,-0.0732421875,-0.1220703125,0.0244140625,0.146484375,-0.25634765625,0.67138671875,-0.03662109375,1.15966796875,-0.048828125,1.98974609375,-0.09765625,0.20751953125
1,-0.2197265625,-1.28173828125,0.1220703125,-0.732421875,-0.01220703125,-0.81787109375,-0.20751953125,-0.37841796875,0.13427734375,-0.146484375,-0.048828125,-0.96435546875,-0.20751953125,1.025390625,-0.146484375,-0.15869140625,-0.01220703125,-0.59814453125,-0.13427734375,-0.2197265625,0.18310546875,0.86669921875,-0.03662109375,-0.6103515625,0.3173828125,-0.09765625,-0.1708984375,-0.78125,-0.341796875,0.89111328125,0.048828125,0.048828125,-0.30517578125,3.369140625,0.3662109375,2.197265625,-0.2685546875,4.6142578125,-0.0244140625,2.8564453125,-0.06103515625,-0.244140625,-0.2197265625,-0.72021484375,-0.10986328125,-0.52490234375,-0.03662109375,0.50048828125,-0.08544921875,1.8798828125,0,0.87890625,-0.06103515625,0.048828125,0.3173828125,1.18408203125,-0.35400390625,0.78125,-0.0732421875,0.5859375,0.10986328125,0.74462890625,-0.48828125,0.20751953125,-0.18310546875,1.26953125,0.0244140625,1.57470703125,-0.09765625,0.68359375,0.244140625,0.732421875,-0.1708984375,4.23583984375,-0.28076171875,5.89599609375,0.03662109375,3.1982421875,-0.1953125,5.1513671875,-0.1708984375,-1.3916015625,-0.537109375,-1.23291015625,0.1953125,-1.25732421875,-0.10986328125,-1.07421875,-0.03662109375,-1.4892578125,-0.03662109375,-0.20751953125,0.5615234375,-0.37841796875,0.06103515625,-1.42822265625,0.0244140625,-0.67138671875,-0.03662109375,-0.732421875,-0.03662109375,-0.54931640625,0.08544921875,-0.09765625,0.341796875,-0.732421875,0.2685546875,-1.42822265625,0.03662109375,-1.01318359375,-0.0244140625,0.390625,-0.048828125,0.2685546875,0,-0.03662109375,-0.06103515625,-0.10986328125,0.01220703125,0.146484375,-0.2685546875,0.6591796875,-0.06103515625,1.18408203125,-0.03662109375,1.9775390625,-0.10986328125,0.2197265625
1,-0.1953125,-1.35498046875,0.13427734375,-0.76904296875,-0.01220703125,-0.8544921875,-0.2197265625,-0.439453125,0.1220703125,-0.13427734375,-0.06103515625,-0.927734375,-0.18310546875,1.01318359375,-0.13427734375,-0.1708984375,0,-0.5859375,-0.08544921875,-0.1953125,0.20751953125,0.8544921875,-0.03662109375,-0.5859375,0.37841796875,-0.10986328125,-0.1708984375,-0.78125,-0.2197265625,0.87890625,0.0732421875,0.048828125,-0.2685546875,3.2958984375,0.35400390625,2.1240234375,-0.2197265625,4.5166015625,0.0244140625,2.84423828125,-0.09765625,-0.244140625,-0.2197265625,-0.67138671875,-0.1220703125,-0.537109375,-0.01220703125,0.5126953125,-0.10986328125,1.74560546875,0,0.732421875,-0.0244140625,-0.0244140625,0.29296875,1.08642578125,-0.30517578125,0.78125,-0.06103515625,0.59814453125,0.23193359375,0.7568359375,-0.4638671875,0.2197265625,-0.10986328125,1.1474609375,-0.0244140625,1.46484375,-0.18310546875,0.57373046875,0.341796875,0.79345703125,-0.25634765625,3.60107421875,-0.20751953125,5.09033203125,0.048828125,2.69775390625,-0.08544921875,4.5654296875,-0.2685546875,-1.3671875,-0.54931640625,-1.3427734375,0.03662109375,-1.25732421875,-0.20751953125,-1.03759765625,0,-1.50146484375,-0.09765625,-0.2197265625,0.5615234375,-0.35400390625,0.03662109375,-1.42822265625,-0.01220703125,-0.67138671875,-0.048828125,-0.7080078125,0.0732421875,-0.59814453125,0.10986328125,-0.08544921875,0.3173828125,-0.72021484375,0.2197265625,-1.42822265625,0.048828125,-1.0009765625,0,0.390625,-0.048828125,0.30517578125,0.01220703125,-0.0244140625,-0.048828125,-0.10986328125,0.048828125,0.15869140625,-0.244140625,0.57373046875,-0.06103515625,1.171875,0.08544921875,1.81884765625,-0.08544921875,0.1708984375
1,-0.1708984375,-1.318359375,0.13427734375,-0.7568359375,-0.0244140625,-0.81787109375,-0.20751953125,-0.42724609375,0.13427734375,-0.146484375,-0.06103515625,-0.9521484375,-0.18310546875,0.98876953125,-0.1220703125,-0.1708984375,0,-0.57373046875,-0.048828125,-0.1953125,0.25634765625,0.89111328125,-0.048828125,-0.5859375,0.390625,-0.08544921875,-0.20751953125,-0.76904296875,-0.1220703125,0.89111328125,0.09765625,0.0732421875,-0.13427734375,3.1494140625,0.30517578125,2.0263671875,-0.10986328125,4.28466796875,0.13427734375,2.72216796875,-0.10986328125,-0.2685546875,-0.1953125,-0.67138671875,-0.146484375,-0.52490234375,-0.0244140625,0.52490234375,-0.10986328125,1.57470703125,-0.0244140625,0.57373046875,-0.048828125,-0.048828125,0.244140625,1.0009765625,-0.25634765625,0.78125,-0.06103515625,0.5615234375,0.23193359375,0.7568359375,-0.45166015625,0.23193359375,-0.0732421875,1.01318359375,-0.09765625,1.3916015625,-0.244140625,0.47607421875,0.35400390625,0.9033203125,-0.25634765625,2.86865234375,-0.18310546875,4.1259765625,0.03662109375,2.099609375,0,3.8818359375,-0.23193359375,-1.3427734375,-0.52490234375,-1.33056640625,-0.03662109375,-1.23291015625,-0.1708984375,-0.98876953125,0.048828125,-1.513671875,-0.1220703125,-0.20751953125,0.52490234375,-0.37841796875,0.0244140625,-1.416015625,0,-0.67138671875,-0.08544921875,-0.68359375,0.1220703125,-0.6103515625,0.13427734375,-0.06103515625,0.25634765625,-0.7080078125,0.23193359375,-1.416015625,0.048828125,-1.0009765625,-0.01220703125,0.390625,-0.06103515625,0.30517578125,0.03662109375,-0.03662109375,-0.06103515625,-0.09765625,0.0244140625,0.15869140625,-0.25634765625,0.4638671875,-0.08544921875,1.0986328125,0.10986328125,1.47705078125,-0.06103515625,0.03662109375
1,-0.1708984375,-1.171875,0.146484375,-0.68359375,-0.03662109375,-0.74462890625,-0.1953125,-0.35400390625,0.146484375,-0.146484375,-0.0732421875,-0.93994140625,-0.1708984375,1.0009765625,-0.1220703125,-0.15869140625,-0.03662109375,-0.5859375,-0.03662109375,-0.1708984375,0.28076171875,0.89111328125,-0.10986328125,-0.57373046875,0.35400390625,-0.09765625,-0.20751953125,-0.76904296875,-0.048828125,0.89111328125,0.10986328125,0.0732421875,-0.1220703125,2.89306640625,0.1708984375,1.85546875,-0.048828125,3.9306640625,0.1708984375,2.5146484375,-0.10986328125,-0.244140625,-0.1708984375,-0.6591796875,-0.15869140625,-0.54931640625,-0.03662109375,0.54931640625,-0.09765625,1.416015625,-0.08544921875,0.42724609375,-0.10986328125,0.01220703125,0.2197265625,0.927734375,-0.25634765625,0.78125,-0.03662109375,0.5615234375,0.2197265625,0.74462890625,-0.35400390625,0.25634765625,0.01220703125,0.96435546875,-0.1708984375,1.416015625,-0.3173828125,0.47607421875,0.3662109375,1.1474609375,-0.244140625,2.1484375,-0.244140625,3.08837890625,-0.01220703125,1.4892578125,0.06103515625,3.173828125,-0.2197265625,-1.2939453125,-0.47607421875,-1.220703125,-0.06103515625,-1.18408203125,-0.09765625,-0.9521484375,0.06103515625,-1.52587890625,-0.20751953125,-0.20751953125,0.4638671875,-0.3662109375,0.0244140625,-1.42822265625,0,-0.67138671875,-0.10986328125,-0.64697265625,0.09765625,-0.64697265625,0.13427734375,-0.08544921875,0.2197265625,-0.69580078125,0.1708984375,-1.416015625,0.03662109375,-0.9765625,-0.03662109375,0.37841796875,-0.06103515625,0.35400390625,0.06103515625,-0.01220703125,-0.06103515625,-0.08544921875,0.0244140625,0.18310546875,-0.25634765625,0.30517578125,-0.048828125,0.9765625,0.15869140625,0.98876953125,0,-0.15869140625
1,-0.08544921875,-0.93994140625,0.1220703125,-0.5859375,-0.0732421875,-0.64697265625,-0.1953125,-0.2685546875,0.15869140625,-0.15869140625,-0.06103515625,-0.9521484375,-0.18310546875,1.0009765625,-0.13427734375,-0.13427734375,-0.09765625,-0.5859375,0.01220703125,-0.15869140625,0.23193359375,0.89111328125,-0.18310546875,-0.5859375,0.30517578125,-0.10986328125,-0.23193359375,-0.78125,0.03662109375,0.87890625,0.1220703125,0.0732421875,-0.06103515625,2.47802734375,0.146484375,1.57470703125,0.0732421875,3.3935546875,0.2197265625,2.18505859375,-0.09765625,-0.25634765625,-0.2197265625,-0.64697265625,-0.1953125,-0.54931640625,-0.06103515625,0.5859375,-0.08544921875,1.3427734375,-0.146484375,0.37841796875,-0.146484375,0.1220703125,0.1953125,0.93994140625,-0.25634765625,0.79345703125,0.03662109375,0.537109375,0.28076171875,0.72021484375,-0.2685546875,0.25634765625,0.06103515625,1.06201171875,-0.146484375,1.4892578125,-0.30517578125,0.5859375,0.3662109375,1.55029296875,-0.23193359375,1.513671875,-0.20751953125,2.1728515625,-0.048828125,0.9765625,0.1953125,2.587890625,-0.1953125,-1.2451171875,-0.45166015625,-1.07421875,-0.10986328125,-1.1474609375,-0.03662109375,-0.91552734375,0.10986328125,-1.5380859375,-0.244140625,-0.2197265625,0.37841796875,-0.341796875,0.048828125,-1.42822265625,0,-0.67138671875,-0.10986328125,-0.62255859375,0.08544921875,-0.68359375,0.146484375,-0.0732421875,0.1953125,-0.67138671875,0.146484375,-1.3916015625,0.0244140625,-0.98876953125,-0.01220703125,0.35400390625,-0.0732421875,0.3662109375,0.06103515625,-0.01220703125,-0.0732421875,-0.0732421875,-0.01220703125,0.18310546875,-0.23193359375,0.13427734375,-0.0732421875,0.81787109375,0.13427734375,0.390625,0.0244140625,-0.37841796875
1,-0.15869140625,-0.69580078125,0.1220703125,-0.47607421875,-0.13427734375,-0.537109375,-0.20751953125,-0.1953125,0.15869140625,-0.1220703125,-0.06103515625,-0.93994140625,-0.20751953125,0.98876953125,-0.146484375,-0.146484375,-0.146484375,-0.57373046875,0.03662109375,-0.15869140625,0.15869140625,0.89111328125,-0.25634765625,-0.57373046875,0.25634765625,-0.10986328125,-0.244140625,-0.78125,0.13427734375,0.87890625,0.10986328125,0.0732421875,-0.03662109375,2.001953125,0.048828125,1.2451171875,0.06103515625,2.72216796875,0.23193359375,1.74560546875,-0.10986328125,-0.244140625,-0.2197265625,-0.64697265625,-0.1953125,-0.52490234375,-0.03662109375,0.6103515625,-0.0732421875,1.40380859375,-0.13427734375,0.4638671875,-0.1953125,0.37841796875,0.1708984375,1.03759765625,-0.2685546875,0.79345703125,0.1220703125,0.537109375,0.32958984375,0.68359375,-0.2197265625,0.28076171875,0.03662109375,1.3427734375,-0.20751953125,1.72119140625,-0.28076171875,0.8056640625,0.29296875,2.11181640625,-0.146484375,1.07421875,-0.146484375,1.50146484375,-0.0732421875,0.6103515625,0.25634765625,2.1484375,-0.146484375,-1.171875,-0.42724609375,-0.927734375,-0.1708984375,-1.123046875,-0.0244140625,-0.86669921875,0.13427734375,-1.5380859375,-0.2685546875,-0.2197265625,0.32958984375,-0.32958984375,0.06103515625,-1.42822265625,0.048828125,-0.7080078125,-0.10986328125,-0.634765625,0.0732421875,-0.7080078125,0.13427734375,-0.0732421875,0.15869140625,-0.68359375,0.10986328125,-1.40380859375,-0.01220703125,-1.01318359375,-0.0244140625,0.341796875,-0.10986328125,0.3662109375,0.06103515625,-0.0244140625,-0.06103515625,-0.06103515625,-0.0244140625,0.1708984375,-0.23193359375,-0.0244140625,-0.10986328125,0.67138671875,0.146484375,-0.23193359375,0.048828125,-0.62255859375
1,-0.15869140625,-0.4638671875,0.09765625,-0.40283203125,-0.1708984375,-0.439453125,-0.1953125,-0.08544921875,0.13427734375,-0.10986328125,-0.08544921875,-0.927734375,-0.1953125,0.98876953125,-0.1708984375,-0.10986328125,-0.2197265625,-0.57373046875,0.06103515625,-0.15869140625,0.0732421875,0.86669921875,-0.2685546875,-0.5615234375,0.2197265625,-0.08544921875,-0.2685546875,-0.79345703125,0.18310546875,0.89111328125,0.1220703125,0.0732421875,0.03662109375,1.4892578125,0.08544921875,0.81787109375,0.0732421875,1.9775390625,0.244140625,1.2451171875,-0.13427734375,-0.244140625,-0.28076171875,-0.67138671875,-0.1953125,-0.52490234375,-0.0732421875,0.64697265625,-0.1220703125,1.611328125,-0.08544921875,0.67138671875,-0.244140625,0.78125,0.048828125,1.220703125,-0.30517578125,0.79345703125,0.15869140625,0.5126953125,0.37841796875,0.62255859375,-0.18310546875,0.25634765625,0.08544921875,1.7822265625,-0.20751953125,2.08740234375,-0.20751953125,1.18408203125,0.25634765625,2.8564453125,-0.048828125,0.89111328125,-0.1220703125,1.15966796875,0.03662109375,0.48828125,0.29296875,1.953125,-0.10986328125,-1.13525390625,-0.4150390625,-0.76904296875,-0.2197265625,-1.08642578125,-0.0244140625,-0.830078125,0.13427734375,-1.513671875,-0.3173828125,-0.2685546875,0.2197265625,-0.32958984375,0.01220703125,-1.416015625,0.0244140625,-0.7080078125,-0.10986328125,-0.634765625,0.048828125,-0.72021484375,0.08544921875,-0.0732421875,0.1953125,-0.7080078125,0.08544921875,-1.416015625,-0.0244140625,-1.0498046875,-0.0244140625,0.32958984375,-0.1220703125,0.37841796875,0.048828125,-0.0244140625,-0.06103515625,-0.048828125,-0.03662109375,0.15869140625,-0.18310546875,-0.1708984375,-0.13427734375,0.537109375,0.13427734375,-0.732421875,0.0732421875,-0.79345703125
1,-0.2197265625,-0.3173828125,0.0732421875,-0.3173828125,-0.2197265625,-0.37841796875,-0.25634765625,-0.03662109375,0.1220703125,-0.06103515625,-0.06103515625,-0.927734375,-0.1953125,1.0009765625,-0.20751953125,-0.15869140625,-0.28076171875,-0.57373046875,0.0732421875,-0.15869140625,-0.0732421875,0.8544921875,-0.23193359375,-0.5615234375,0.18310546875,-0.1220703125,-0.28076171875,-0.79345703125,0.23193359375,0.87890625,0.1220703125,0.06103515625,0.048828125,0.93994140625,0.08544921875,0.4150390625,0.0244140625,1.1962890625,0.1708984375,0.7568359375,-0.09765625,-0.23193359375,-0.3662109375,-0.68359375,-0.18310546875,-0.50048828125,-0.0732421875,0.7080078125,-0.1708984375,1.98974609375,-0.03662109375,1.025390625,-0.1953125,1.30615234375,-0.0244140625,1.5380859375,-0.30517578125,0.78125,0.244140625,0.50048828125,0.45166015625,0.5859375,-0.15869140625,0.244140625,0.048828125,2.4658203125,-0.20751953125,2.57568359375,-0.0732421875,1.64794921875,0.0732421875,3.759765625,-0.06103515625,1.03759765625,-0.146484375,1.28173828125,0.10986328125,0.59814453125,0.15869140625,2.06298828125,-0.0732421875,-1.11083984375,-0.439453125,-0.634765625,-0.25634765625,-1.0498046875,-0.08544921875,-0.84228515625,0.13427734375,-1.50146484375,-0.341796875,-0.244140625,0.10986328125,-0.32958984375,-0.08544921875,-1.416015625,0.0244140625,-0.72021484375,-0.09765625,-0.67138671875,0.048828125,-0.68359375,0.03662109375,-0.0732421875,0.18310546875,-0.7080078125,0.048828125,-1.42822265625,-0.08544921875,-1.03759765625,0.01220703125,0.3173828125,-0.146484375,0.3662109375,0.01220703125,-0.03662109375,-0.0732421875,-0.0244140625,-0.048828125,0.13427734375,-0.15869140625,-0.244140625,-0.146484375,0.47607421875,0.09765625,-1.025390625,0.08544921875,-0.9033203125
1,-0.244140625,-0.28076171875,0.0732421875,-0.29296875,-0.23193359375,-0.35400390625,-0.2685546875,-0.0244140625,0.09765625,-0.0732421875,-0.06103515625,-0.927734375,-0.1708984375,0.9765625,-0.23193359375,-0.15869140625,-0.30517578125,-0.6103515625,0.08544921875,-0.18310546875,-0.146484375,0.84228515625,-0.18310546875,-0.57373046875,0.1220703125,-0.13427734375,-0.2685546875,-0.78125,0.244140625,0.89111328125,0.146484375,0.0732421875,0.10986328125,0.537109375,-0.03662109375,0.048828125,-0.01220703125,0.50048828125,0.10986328125,0.341796875,-0.10986328125,-0.23193359375,-0.45166015625,-0.68359375,-0.1953125,-0.47607421875,-0.15869140625,0.732421875,-0.23193359375,2.52685546875,-0.01220703125,1.513671875,-0.23193359375,1.96533203125,-0.09765625,1.94091796875,-0.2685546875,0.7568359375,0.2197265625,0.50048828125,0.439453125,0.54931640625,-0.13427734375,0.244140625,-0.01220703125,3.1982421875,-0.23193359375,3.11279296875,-0.03662109375,2.197265625,-0.13427734375,4.78515625,-0.10986328125,1.45263671875,-0.048828125,1.8310546875,0.20751953125,0.98876953125,0.0732421875,2.47802734375,0.0244140625,-1.0986328125,-0.439453125,-0.54931640625,-0.23193359375,-1.0498046875,-0.09765625,-0.8544921875,0.146484375,-1.50146484375,-0.37841796875,-0.2685546875,0.048828125,-0.32958984375,-0.1708984375,-1.40380859375,0.01220703125,-0.732421875,-0.10986328125,-0.68359375,0.08544921875,-0.64697265625,-0.01220703125,-0.08544921875,0.13427734375,-0.74462890625,0.048828125,-1.4404296875,-0.146484375,-1.0498046875,0,0.32958984375,-0.15869140625,0.341796875,0.01220703125,-0.048828125,-0.06103515625,-0.01220703125,-0.03662109375,0.13427734375,-0.15869140625,-0.28076171875,-0.1708984375,0.4638671875,0.03662109375,-1.123046875,0.0732421875,-0.927734375
1,-0.2197265625,-0.30517578125,0.10986328125,-0.3173828125,-0.20751953125,-0.341796875,-0.244140625,-0.03662109375,0.0732421875,-0.08544921875,-0.03662109375,-0.927734375,-0.1708984375,1.0009765625,-0.2197265625,-0.18310546875,-0.32958984375,-0.59814453125,0.09765625,-0.20751953125,-0.20751953125,0.830078125,-0.09765625,-0.5859375,0.10986328125,-0.13427734375,-0.25634765625,-0.78125,0.2685546875,0.87890625,0.08544921875,0.048828125,0.15869140625,0.25634765625,-0.146484375,-0.20751953125,-0.03662109375,0.048828125,0.0732421875,0.0732421875,-0.1220703125,-0.23193359375,-0.50048828125,-0.72021484375,-0.23193359375,-0.4638671875,-0.10986328125,0.732421875,-0.29296875,3.1494140625,-0.01220703125,2.099609375,-0.1953125,2.72216796875,-0.20751953125,2.40478515625,-0.244140625,0.76904296875,0.29296875,0.50048828125,0.40283203125,0.52490234375,-0.09765625,0.23193359375,-0.08544921875,3.99169921875,-0.2197265625,3.7109375,0.01220703125,2.77099609375,-0.1220703125,5.810546875,-0.146484375,2.18505859375,0.0244140625,2.7587890625,0.28076171875,1.5869140625,-0.01220703125,3.125,0.03662109375,-1.08642578125,-0.45166015625,-0.5126953125,-0.2197265625,-1.08642578125,-0.1953125,-0.8544921875,0.09765625,-1.50146484375,-0.390625,-0.25634765625,-0.06103515625,-0.3173828125,-0.20751953125,-1.3916015625,-0.01220703125,-0.74462890625,-0.13427734375,-0.69580078125,0.0732421875,-0.62255859375,-0.06103515625,-0.09765625,0.09765625,-0.76904296875,0.0244140625,-1.4404296875,-0.18310546875,-1.03759765625,-0.03662109375,0.32958984375,-0.1708984375,0.32958984375,-0.01220703125,-0.048828125,-0.06103515625,0,-0.01220703125,0.13427734375,-0.18310546875,-0.1953125,-0.15869140625,0.537109375,0.048828125,-0.9033203125,0.08544921875,-0.84228515625
1,-0.23193359375,-0.439453125,0.06103515625,-0.341796875,-0.28076171875,-0.390625,-0.3173828125,-0.06103515625,0.0732421875,-0.10986328125,-0.03662109375,-0.927734375,-0.1708984375,1.01318359375,-0.23193359375,-0.1708984375,-0.37841796875,-0.59814453125,0.10986328125,-0.1953125,-0.2685546875,0.84228515625,-0.03662109375,-0.57373046875,0.13427734375,-0.146484375,-0.20751953125,-0.76904296875,0.2685546875,0.89111328125,0.048828125,0.06103515625,0.13427734375,0.20751953125,-0.2685546875,-0.29296875,-0.146484375,-0.146484375,-0.03662109375,0.0244140625,-0.244140625,-0.25634765625,-0.52490234375,-0.7080078125,-0.2685546875,-0.4638671875,-0.09765625,0.74462890625,-0.32958984375,3.80859375,0.08544921875,2.67333984375,-0.1708984375,3.50341796875,-0.29296875,2.91748046875,-0.1953125,0.7568359375,0.341796875,0.5126953125,0.37841796875,0.5126953125,-0.08544921875,0.2197265625,-0.08544921875,4.7607421875,-0.1953125,4.248046875,0.0732421875,3.2958984375,-0.01220703125,6.8115234375,-0.15869140625,3.125,0.08544921875,4.06494140625,0.244140625,2.3681640625,-0.0732421875,4.00390625,0.06103515625,-1.0986328125,-0.37841796875,-0.5126953125,-0.1953125,-1.0986328125,-0.18310546875,-0.87890625,0.08544921875,-1.50146484375,-0.42724609375,-0.28076171875,-0.1708984375,-0.3173828125,-0.18310546875,-1.40380859375,-0.0244140625,-0.74462890625,-0.09765625,-0.72021484375,0.048828125,-0.59814453125,-0.0732421875,-0.09765625,0,-0.76904296875,0.06103515625,-1.46484375,-0.2197265625,-1.025390625,-0.01220703125,0.32958984375,-0.1953125,0.28076171875,-0.03662109375,-0.048828125,-0.08544921875,0,-0.01220703125,0.1220703125,-0.15869140625,-0.048828125,-0.146484375,0.64697265625,0,-0.4638671875,0.10986328125,-0.634765625
1,-0.244140625,-0.62255859375,0.10986328125,-0.37841796875,-0.30517578125,-0.45166015625,-0.35400390625,-0.08544921875,0.09765625,-0.1220703125,-0.01220703125,-0.91552734375,-0.15869140625,1.0009765625,-0.2197265625,-0.15869140625,-0.3662109375,-0.6103515625,0.15869140625,-0.2197265625,-0.23193359375,0.8544921875,-0.01220703125,-0.59814453125,0.15869140625,-0.13427734375,-0.18310546875,-0.76904296875,0.2197265625,0.91552734375,0.03662109375,0.048828125,0.13427734375,0.4150390625,-0.35400390625,-0.146484375,-0.13427734375,0.0244140625,-0.048828125,0.1953125,-0.3662109375,-0.29296875,-0.48828125,-0.72021484375,-0.2685546875,-0.4638671875,-0.01220703125,0.74462890625,-0.35400390625,4.43115234375,0.1220703125,3.2470703125,-0.1708984375,4.30908203125,-0.35400390625,3.369140625,-0.1220703125,0.76904296875,0.30517578125,0.54931640625,0.3173828125,0.5126953125,-0.03662109375,0.20751953125,-0.08544921875,5.43212890625,-0.23193359375,4.6630859375,0.08544921875,3.7353515625,0.0244140625,7.70263671875,-0.20751953125,4.1748046875,-0.01220703125,5.55419921875,0.15869140625,3.25927734375,-0.06103515625,4.98046875,0.0732421875,-1.11083984375,-0.29296875,-0.537109375,-0.23193359375,-1.123046875,-0.13427734375,-0.87890625,0.06103515625,-1.50146484375,-0.4150390625,-0.2685546875,-0.25634765625,-0.32958984375,-0.1220703125,-1.416015625,-0.03662109375,-0.74462890625,-0.06103515625,-0.72021484375,-0.01220703125,-0.5859375,-0.08544921875,-0.09765625,-0.0244140625,-0.76904296875,0.0732421875,-1.45263671875,-0.1953125,-1.01318359375,-0.01220703125,0.341796875,-0.2197265625,0.28076171875,-0.048828125,-0.048828125,-0.0732421875,-0.0244140625,0.01220703125,0.1220703125,-0.1708984375,0.1708984375,-0.13427734375,0.830078125,-0.01220703125,0.244140625,0.048828125,-0.32958984375
1,-0.2197265625,-0.78125,0.10986328125,-0.4150390625,-0.3173828125,-0.50048828125,-0.3173828125,-0.10986328125,0.10986328125,-0.13427734375,-0.0244140625,-0.91552734375,-0.1708984375,1.025390625,-0.23193359375,-0.15869140625,-0.341796875,-0.62255859375,0.18310546875,-0.2197265625,-0.1708984375,0.8544921875,0,-0.5859375,0.23193359375,-0.1220703125,-0.146484375,-0.76904296875,0.18310546875,0.87890625,0.048828125,0.0732421875,0.03662109375,0.9033203125,-0.4150390625,0.23193359375,-0.146484375,0.57373046875,-0.10986328125,0.634765625,-0.4638671875,-0.28076171875,-0.42724609375,-0.7080078125,-0.29296875,-0.50048828125,0.0732421875,0.72021484375,-0.341796875,4.96826171875,0.13427734375,3.74755859375,-0.18310546875,5.029296875,-0.4150390625,3.79638671875,-0.01220703125,0.7568359375,0.35400390625,0.5615234375,0.23193359375,0.5615234375,0.03662109375,0.2197265625,-0.1220703125,5.94482421875,-0.2685546875,5.0048828125,0.06103515625,4.052734375,0.01220703125,8.38623046875,-0.244140625,5.23681640625,-0.09765625,7.080078125,0.03662109375,4.13818359375,-0.0732421875,5.9814453125,0.06103515625,-1.11083984375,-0.1953125,-0.54931640625,-0.1953125,-1.123046875,-0.0732421875,-0.87890625,0.01220703125,-1.4892578125,-0.37841796875,-0.28076171875,-0.390625,-0.35400390625,-0.0244140625,-1.40380859375,-0.048828125,-0.74462890625,-0.01220703125,-0.72021484375,-0.06103515625,-0.59814453125,-0.08544921875,-0.08544921875,-0.0244140625,-0.74462890625,0.06103515625,-1.45263671875,-0.20751953125,-1.0009765625,-0.0244140625,0.35400390625,-0.23193359375,0.28076171875,-0.08544921875,-0.048828125,-0.06103515625,-0.0244140625,0,0.13427734375,-0.13427734375,0.439453125,-0.08544921875,1.08642578125,0,1.03759765625,0.03662109375,0
0,-0.18310546875,-0.8544921875,0.1220703125,-0.40283203125,-0.35400390625,-0.537109375,-0.3173828125,-0.09765625,0.13427734375,-0.146484375,-0.0244140625,-0.91552734375,-0.15869140625,1.01318359375,-0.2197265625,-0.146484375,-0.28076171875,-0.62255859375,0.1708984375,-0.2197265625,-0.10986328125,0.86669921875,-0.048828125,-0.59814453125,0.244140625,-0.09765625,-0.08544921875,-0.76904296875,0.1220703125,0.9033203125,0.10986328125,0.06103515625,-0.0244140625,1.611328125,-0.3662109375,0.78125,-0.18310546875,1.52587890625,-0.0732421875,1.26953125,-0.537109375,-0.29296875,-0.341796875,-0.68359375,-0.30517578125,-0.50048828125,0.15869140625,0.64697265625,-0.32958984375,5.35888671875,0.08544921875,4.1259765625,-0.23193359375,5.65185546875,-0.439453125,4.11376953125,0.09765625,0.7568359375,0.29296875,0.57373046875,0.1708984375,0.6103515625,0.10986328125,0.20751953125,-0.048828125,6.26220703125,-0.146484375,5.21240234375,0.0732421875,4.2236328125,0.06103515625,8.9111328125,-0.1953125,6.298828125,-0.08544921875,8.544921875,-0.048828125,4.99267578125,-0.06103515625,6.94580078125,-0.08544921875,-1.08642578125,-0.18310546875,-0.57373046875,-0.30517578125,-1.11083984375,-0.10986328125,-0.81787109375,-0.01220703125,-1.50146484375,-0.4150390625,-0.29296875,-0.48828125,-0.3662109375,0.048828125,-1.416015625,-0.09765625,-0.72021484375,0.0244140625,-0.7080078125,-0.0732421875,-0.57373046875,-0.06103515625,-0.10986328125,0.01220703125,-0.732421875,0,-1.45263671875,-0.23193359375,-1.0009765625,0.0244140625,0.341796875,-0.23193359375,0.29296875,-0.08544921875,-0.048828125,-0.06103515625,-0.0732421875,-0.0244140625,0.15869140625,-0.15869140625,0.74462890625,-0.08544921875,1.30615234375,-0.0732421875,1.953125,-0.01220703125,0.3662109375
0,-0.15869140625,-0.86669921875,0.146484375,-0.35400390625,-0.32958984375,-0.5126953125,-0.29296875,-0.08544921875,0.15869140625,-0.146484375,-0.0244140625,-0.91552734375,-0.1708984375,0.98876953125,-0.20751953125,-0.15869140625,-0.2197265625,-0.6103515625,0.15869140625,-0.1953125,-0.0244140625,0.86669921875,-0.0732421875,-0.59814453125,0.244140625,-0.1220703125,-0.06103515625,-0.79345703125,-0.01220703125,0.89111328125,0.1220703125,0.0732421875,-0.09765625,2.47802734375,-0.341796875,1.52587890625,-0.28076171875,2.7587890625,-0.06103515625,2.0263671875,-0.50048828125,-0.28076171875,-0.2685546875,-0.67138671875,-0.341796875,-0.537109375,0.1953125,0.6103515625,-0.29296875,5.56640625,0.09765625,4.345703125,-0.146484375,6.09130859375,-0.42724609375,4.3212890625,0.18310546875,0.78125,0.29296875,0.57373046875,0.048828125,0.64697265625,0.13427734375,0.23193359375,-0.048828125,6.40869140625,-0.08544921875,5.26123046875,0.01220703125,4.296875,0.146484375,9.21630859375,-0.15869140625,7.2021484375,-0.048828125,9.7900390625,-0.146484375,5.72509765625,-0.03662109375,7.77587890625,-0.10986328125,-1.0498046875,-0.10986328125,-0.5615234375,-0.28076171875,-1.08642578125,0,-0.78125,-0.048828125,-1.513671875,-0.40283203125,-0.3173828125,-0.57373046875,-0.37841796875,0.08544921875,-1.42822265625,-0.13427734375,-0.74462890625,0.03662109375,-0.67138671875,-0.08544921875,-0.6103515625,-0.06103515625,-0.08544921875,0.048828125,-0.69580078125,-0.0244140625,-1.45263671875,-0.23193359375,-0.98876953125,0.0732421875,0.341796875,-0.20751953125,0.29296875,-0.09765625,-0.048828125,-0.06103515625,-0.08544921875,0,0.1708984375,-0.15869140625,1.03759765625,-0.08544921875,1.5380859375,-0.06103515625,2.783203125,-0.03662109375,0.69580078125
0,-0.1220703125,-0.79345703125,0.13427734375,-0.25634765625,-0.3173828125,-0.45166015625,-0.28076171875,-0.0244140625,0.146484375,-0.146484375,-0.01220703125,-0.93994140625,-0.18310546875,1.0009765625,-0.1708984375,-0.18310546875,-0.1953125,-0.6103515625,0.146484375,-0.18310546875,-0.01220703125,0.86669921875,-0.08544921875,-0.5859375,0.2685546875,-0.09765625,-0.0244140625,-0.78125,-0.15869140625,0.91552734375,0.1708984375,0.0732421875,-0.1953125,3.43017578125,-0.2197265625,2.34375,-0.25634765625,4.150390625,-0.03662109375,2.89306640625,-0.439453125,-0.25634765625,-0.1953125,-0.67138671875,-0.40283203125,-0.54931640625,0.18310546875,0.5615234375,-0.1953125,5.5908203125,0.06103515625,4.39453125,-0.09765625,6.3232421875,-0.4150390625,4.39453125,0.20751953125,0.8056640625,0.32958984375,0.5859375,0.03662109375,0.68359375,0.13427734375,0.2197265625,-0.01220703125,6.396484375,0,5.224609375,0,4.248046875,0.30517578125,9.31396484375,-0.0244140625,7.89794921875,-0.08544921875,10.72998046875,-0.23193359375,6.25,-0.01220703125,8.41064453125,-0.1220703125,-0.9765625,-0.0732421875,-0.537109375,-0.23193359375,-1.03759765625,0.048828125,-0.7080078125,-0.0732421875,-1.4892578125,-0.3662109375,-0.3173828125,-0.634765625,-0.3662109375,0.06103515625,-1.42822265625,-0.15869140625,-0.732421875,0.0732421875,-0.67138671875,-0.09765625,-0.6103515625,0,-0.08544921875,0.13427734375,-0.68359375,-0.1220703125,-1.416015625,-0.244140625,-0.98876953125,0.10986328125,0.341796875,-0.1953125,0.30517578125,-0.10986328125,-0.048828125,-0.06103515625,-0.10986328125,-0.01220703125,0.18310546875,-0.15869140625,1.30615234375,-0.08544921875,1.708984375,0.0244140625,3.4912109375,-0.0244140625,0.9521484375
0,-0.1220703125,-0.6103515625,0.10986328125,-0.15869140625,-0.3173828125,-0.32958984375,-0.29296875,0.06103515625,0.146484375,-0.146484375,0,-0.9521484375,-0.15869140625,1.01318359375,-0.13427734375,-0.18310546875,-0.15869140625,-0.6103515625,0.10986328125,-0.1708984375,-0.0244140625,0.8544921875,-0.0732421875,-0.59814453125,0.244140625,-0.08544921875,-0.0244140625,-0.78125,-0.25634765625,0.89111328125,0.23193359375,0.0732421875,-0.20751953125,4.39453125,-0.1220703125,3.18603515625,-0.06103515625,5.60302734375,0,3.77197265625,-0.37841796875,-0.244140625,-0.09765625,-0.64697265625,-0.4150390625,-0.5615234375,0.23193359375,0.5126953125,-0.08544921875,5.4931640625,0,4.30908203125,-0.15869140625,6.3232421875,-0.35400390625,4.33349609375,0.1708984375,0.8056640625,0.30517578125,0.57373046875,0.03662109375,0.74462890625,0.0732421875,0.25634765625,-0.01220703125,6.23779296875,0.10986328125,5.11474609375,0.0244140625,4.150390625,0.3173828125,9.24072265625,-0.01220703125,8.33740234375,-0.15869140625,11.279296875,-0.3173828125,6.60400390625,0.01220703125,8.837890625,-0.2197265625,-0.87890625,-0.13427734375,-0.4638671875,-0.28076171875,-0.96435546875,-0.01220703125,-0.634765625,-0.0732421875,-1.47705078125,-0.30517578125,-0.29296875,-0.62255859375,-0.37841796875,0.0244140625,-1.45263671875,-0.1953125,-0.732421875,0.08544921875,-0.64697265625,-0.09765625,-0.64697265625,0,-0.10986328125,0.08544921875,-0.68359375,-0.146484375,-1.42822265625,-0.23193359375,-0.98876953125,0.10986328125,0.32958984375,-0.1708984375,0.30517578125,-0.0732421875,-0.048828125,-0.06103515625,-0.1220703125,-0.03662109375,0.18310546875,-0.1708984375,1.50146484375,-0.048828125,1.81884765625,0.01220703125,4.0283203125,0.0244140625,1.13525390625
0,-0.09765625,-0.40283203125,0.15869140625,-0.01220703125,-0.32958984375,-0.2197265625,-0.28076171875,0.1708984375,0.15869140625,-0.10986328125,0.01220703125,-0.93994140625,-0.15869140625,1.01318359375,-0.15869140625,-0.18310546875,-0.13427734375,-0.6103515625,0.08544921875,-0.1708984375,-0.08544921875,0.86669921875,-0.1220703125,-0.5859375,0.25634765625,-0.08544921875,-0.048828125,-0.79345703125,-0.30517578125,0.9033203125,0.244140625,0.0732421875,-0.35400390625,5.26123046875,-0.01220703125,3.9794921875,-0.0244140625,6.94580078125,0.08544921875,4.55322265625,-0.2685546875,-0.23193359375,-0.0244140625,-0.64697265625,-0.42724609375,-0.537109375,0.244140625,0.48828125,0.0244140625,5.2490234375,-0.06103515625,4.1259765625,-0.20751953125,6.1279296875,-0.3173828125,4.13818359375,0.09765625,0.78125,0.29296875,0.5615234375,0.03662109375,0.78125,0.06103515625,0.244140625,-0.09765625,6.01806640625,0.18310546875,4.9560546875,0.0732421875,4.00390625,0.20751953125,9.02099609375,0.0244140625,8.53271484375,-0.2197265625,11.48681640625,-0.390625,6.75048828125,0.048828125,8.99658203125,-0.146484375,-0.76904296875,-0.0732421875,-0.35400390625,-0.15869140625,-0.89111328125,0.06103515625,-0.54931640625,-0.048828125,-1.47705078125,-0.23193359375,-0.2685546875,-0.54931640625,-0.40283203125,-0.0244140625,-1.45263671875,-0.15869140625,-0.72021484375,0.06103515625,-0.62255859375,-0.13427734375,-0.64697265625,0.0732421875,-0.09765625,0.0732421875,-0.67138671875,-0.146484375,-1.40380859375,-0.2197265625,-1.01318359375,0.10986328125,0.341796875,-0.15869140625,0.3173828125,-0.0732421875,-0.048828125,-0.06103515625,-0.13427734375,-0.048828125,0.18310546875,-0.1708984375,1.6357421875,-0.048828125,1.89208984375,0,4.33349609375,0.048828125,1.23291015625
0,-0.10986328125,-0.18310546875,0.13427734375,0.09765625,-0.3173828125,-0.09765625,-0.29296875,0.2685546875,0.15869140625,-0.10986328125,0.0244140625,-0.9521484375,-0.13427734375,1.025390625,-0.146484375,-0.1953125,-0.15869140625,-0.5859375,0.06103515625,-0.15869140625,-0.20751953125,0.86669921875,-0.1953125,-0.6103515625,0.23193359375,-0.10986328125,-0.10986328125,-0.78125,-0.2685546875,0.91552734375,0.20751953125,0.08544921875,-0.35400390625,5.9326171875,0.2197265625,4.58984375,0.048828125,7.99560546875,0.20751953125,5.17578125,-0.15869140625,-0.20751953125,0.048828125,-0.6591796875,-0.40283203125,-0.52490234375,0.20751953125,0.50048828125,0.1220703125,4.9560546875,-0.1220703125,3.857421875,-0.20751953125,5.77392578125,-0.25634765625,3.8818359375,0.0244140625,0.8056640625,0.25634765625,0.54931640625,0.01220703125,0.8056640625,-0.01220703125,0.2197265625,-0.1220703125,5.72509765625,0.23193359375,4.74853515625,0.09765625,3.82080078125,0.146484375,8.65478515625,0.048828125,8.43505859375,-0.23193359375,11.3037109375,-0.35400390625,6.6650390625,0.06103515625,8.935546875,-0.20751953125,-0.6591796875,-0.146484375,-0.18310546875,-0.06103515625,-0.8056640625,0.01220703125,-0.4638671875,-0.01220703125,-1.47705078125,-0.15869140625,-0.244140625,-0.45166015625,-0.37841796875,-0.03662109375,-1.42822265625,-0.1220703125,-0.72021484375,0.0244140625,-0.634765625,-0.1953125,-0.64697265625,0.08544921875,-0.09765625,0.06103515625,-0.68359375,-0.18310546875,-1.40380859375,-0.1708984375,-1.025390625,0.08544921875,0.341796875,-0.1220703125,0.29296875,-0.048828125,-0.0732421875,-0.06103515625,-0.13427734375,-0.03662109375,0.1708984375,-0.1953125,1.66015625,-0.03662109375,1.904296875,-0.0244140625,4.43115234375,0.09765625,1.25732421875
0,-0.09765625,-0.01220703125,0.13427734375,0.18310546875,-0.3173828125,-0.01220703125,-0.29296875,0.341796875,0.13427734375,-0.10986328125,0.0244140625,-0.9521484375,-0.1220703125,1.01318359375,-0.1708984375,-0.1953125,-0.146484375,-0.57373046875,0.0244140625,-0.15869140625,-0.341796875,0.86669921875,-0.30517578125,-0.59814453125,0.20751953125,-0.10986328125,-0.15869140625,-0.76904296875,-0.20751953125,0.927734375,0.146484375,0.08544921875,-0.32958984375,6.3720703125,0.37841796875,4.98046875,0.01220703125,8.70361328125,0.30517578125,5.57861328125,-0.06103515625,-0.18310546875,0.09765625,-0.64697265625,-0.35400390625,-0.5126953125,0.15869140625,0.5126953125,0.15869140625,4.6630859375,-0.10986328125,3.57666015625,-0.1953125,5.322265625,-0.2197265625,3.61328125,-0.01220703125,0.8056640625,0.23193359375,0.52490234375,0,0.8056640625,-0.08544921875,0.2197265625,-0.146484375,5.43212890625,0.2685546875,4.5654296875,0.1220703125,3.61328125,0.10986328125,8.203125,0.08544921875,8.04443359375,-0.29296875,10.791015625,-0.25634765625,6.3720703125,0.0244140625,8.60595703125,-0.1708984375,-0.537109375,-0.1953125,-0.0244140625,0.0732421875,-0.732421875,0.01220703125,-0.37841796875,0.048828125,-1.4892578125,-0.08544921875,-0.23193359375,-0.29296875,-0.35400390625,-0.08544921875,-1.416015625,-0.08544921875,-0.7568359375,-0.01220703125,-0.62255859375,-0.23193359375,-0.6591796875,0.1220703125,-0.08544921875,0,-0.69580078125,-0.13427734375,-1.40380859375,-0.15869140625,-1.0498046875,0.06103515625,0.32958984375,-0.1220703125,0.30517578125,-0.06103515625,-0.0732421875,-0.048828125,-0.1220703125,-0.0244140625,0.13427734375,-0.18310546875,1.6357421875,-0.03662109375,1.84326171875,-0.03662109375,4.28466796875,0.1220703125,1.18408203125
0,-0.1220703125,0.03662109375,0.09765625,0.23193359375,-0.32958984375,0.0244140625,-0.28076171875,0.37841796875,0.1220703125,-0.09765625,0.03662109375,-0.96435546875,-0.1220703125,1.01318359375,-0.20751953125,-0.1953125,-0.146484375,-0.5859375,-0.03662109375,-0.15869140625,-0.47607421875,0.86669921875,-0.37841796875,-0.6103515625,0.146484375,-0.10986328125,-0.20751953125,-0.76904296875,-0.13427734375,0.93994140625,0.08544921875,0.0732421875,-0.244140625,6.55517578125,0.47607421875,5.11474609375,0,9.033203125,0.341796875,5.712890625,0.048828125,-0.18310546875,0.09765625,-0.62255859375,-0.29296875,-0.50048828125,0.10986328125,0.52490234375,0.1708984375,4.3701171875,-0.146484375,3.30810546875,-0.1708984375,4.79736328125,-0.244140625,3.35693359375,-0.03662109375,0.78125,0.244140625,0.537109375,0.01220703125,0.79345703125,-0.1220703125,0.20751953125,-0.1708984375,5.13916015625,0.25634765625,4.345703125,0.15869140625,3.40576171875,0.0244140625,7.6904296875,0.1220703125,7.421875,-0.29296875,9.9609375,-0.1220703125,5.92041015625,-0.0732421875,8.06884765625,-0.08544921875,-0.390625,-0.18310546875,0.1708984375,0.23193359375,-0.6103515625,0.01220703125,-0.25634765625,0.08544921875,-1.46484375,-0.0732421875,-0.1953125,-0.08544921875,-0.35400390625,-0.13427734375,-1.416015625,-0.06103515625,-0.7568359375,-0.08544921875,-0.634765625,-0.244140625,-0.634765625,0.09765625,-0.08544921875,0.0244140625,-0.69580078125,-0.1220703125,-1.40380859375,-0.146484375,-1.06201171875,-0.01220703125,0.341796875,-0.10986328125,0.29296875,-0.048828125,-0.06103515625,-0.0732421875,-0.1220703125,0,0.13427734375,-0.1953125,1.5380859375,-0.048828125,1.7333984375,-0.01220703125,3.9794921875,0.10986328125,1.0498046875
0,-0.146484375,0,0.0732421875,0.23193359375,-0.3173828125,0.01220703125,-0.28076171875,0.390625,0.146484375,-0.08544921875,0.048828125,-0.93994140625,-0.10986328125,1.01318359375,-0.2197265625,-0.1953125,-0.1953125,-0.59814453125,-0.0732421875,-0.18310546875,-0.5615234375,0.84228515625,-0.4150390625,-0.62255859375,0.10986328125,-0.13427734375,-0.28076171875,-0.78125,-0.048828125,0.927734375,0.0732421875,0.0732421875,-0.15869140625,6.4208984375,0.57373046875,5.0048828125,0.0244140625,8.88671875,0.30517578125,5.55419921875,0.0732421875,-0.1953125,0.03662109375,-0.6103515625,-0.244140625,-0.5126953125,0.20751953125,0.54931640625,0.23193359375,4.13818359375,-0.15869140625,3.08837890625,-0.06103515625,4.3701171875,-0.146484375,3.13720703125,-0.13427734375,0.78125,0.20751953125,0.52490234375,0,0.78125,-0.20751953125,0.20751953125,-0.15869140625,4.84619140625,0.23193359375,4.150390625,0.15869140625,3.21044921875,0.03662109375,7.1533203125,0.09765625,6.640625,-0.29296875,8.9111328125,0.01220703125,5.2734375,-0.09765625,7.3486328125,-0.1220703125,-0.25634765625,-0.28076171875,0.37841796875,0.29296875,-0.5126953125,-0.15869140625,-0.1220703125,0.146484375,-1.47705078125,-0.06103515625,-0.18310546875,0.0732421875,-0.341796875,-0.146484375,-1.40380859375,-0.048828125,-0.732421875,-0.13427734375,-0.6591796875,-0.23193359375,-0.6103515625,0.0732421875,-0.08544921875,0.03662109375,-0.72021484375,-0.08544921875,-1.416015625,-0.1708984375,-1.06201171875,-0.08544921875,0.341796875,-0.10986328125,0.28076171875,-0.048828125,-0.06103515625,-0.0732421875,-0.08544921875,0.03662109375,0.13427734375,-0.1708984375,1.35498046875,-0.048828125,1.59912109375,0,3.515625,0.13427734375,0.87890625
0,-0.146484375,-0.146484375,0.048828125,0.13427734375,-0.3173828125,-0.03662109375,-0.28076171875,0.32958984375,0.13427734375,-0.09765625,0.03662109375,-0.93994140625,-0.13427734375,1.01318359375,-0.2197265625,-0.18310546875,-0.244140625,-0.59814453125,-0.1220703125,-0.18310546875,-0.6103515625,0.84228515625,-0.390625,-0.634765625,0.09765625,-0.10986328125,-0.3173828125,-0.7568359375,0,0.93994140625,0.06103515625,0.0732421875,-0.0732421875,5.99365234375,0.64697265625,4.638671875,0.048828125,8.3740234375,0.2685546875,5.18798828125,0.048828125,-0.23193359375,-0.06103515625,-0.57373046875,-0.18310546875,-0.48828125,0.13427734375,0.5615234375,0.20751953125,3.99169921875,-0.18310546875,2.9541015625,-0.1220703125,4.0283203125,-0.08544921875,2.99072265625,-0.23193359375,0.7568359375,0.18310546875,0.52490234375,0.01220703125,0.74462890625,-0.244140625,0.20751953125,-0.146484375,4.55322265625,0.2685546875,3.94287109375,0.18310546875,3.0029296875,0.048828125,6.60400390625,0.08544921875,5.67626953125,-0.28076171875,7.70263671875,0.10986328125,4.52880859375,-0.1708984375,6.48193359375,-0.08544921875,-0.1220703125,-0.30517578125,0.5615234375,0.341796875,-0.439453125,-0.20751953125,-0.01220703125,0.1708984375,-1.4892578125,-0.0732421875,-0.18310546875,0.1953125,-0.32958984375,-0.1220703125,-1.40380859375,-0.048828125,-0.74462890625,-0.18310546875,-0.68359375,-0.1953125,-0.59814453125,0.03662109375,-0.09765625,0.03662109375,-0.7080078125,0,-1.42822265625,-0.1708984375,-1.06201171875,-0.146484375,0.35400390625,-0.09765625,0.29296875,-0.0244140625,-0.06103515625,-0.06103515625,-0.09765625,0.03662109375,0.13427734375,-0.1708984375,1.123046875,-0.03662109375,1.4404296875,-0.01220703125,2.94189453125,0.13427734375,0.6591796875
0,-0.15869140625,-0.32958984375,0.03662109375,0.048828125,-0.32958984375,-0.1220703125,-0.29296875,0.25634765625,0.1220703125,-0.09765625,0.0244140625,-0.9521484375,-0.1220703125,1.0009765625,-0.20751953125,-0.18310546875,-0.30517578125,-0.6103515625,-0.146484375,-0.20751953125,-0.5859375,0.84228515625,-0.3173828125,-0.62255859375,0.08544921875,-0.09765625,-0.32958984375,-0.76904296875,0.0244140625,0.91552734375,0.048828125,0.08544921875,-0.03662109375,5.38330078125,0.732421875,4.052734375,0.048828125,7.53173828125,0.18310546875,4.62646484375,-0.03662109375,-0.244140625,-0.15869140625,-0.57373046875,-0.10986328125,-0.48828125,0.08544921875,0.5859375,0.18310546875,3.91845703125,-0.20751953125,2.86865234375,-0.1708984375,3.8330078125,-0.0732421875,2.91748046875,-0.25634765625,0.732421875,0.1220703125,0.54931640625,0.13427734375,0.732421875,-0.30517578125,0.1953125,-0.09765625,4.26025390625,0.1708984375,3.7353515625,0.15869140625,2.783203125,-0.01220703125,6.11572265625,0.0244140625,4.62646484375,-0.2685546875,6.38427734375,0.13427734375,3.6865234375,-0.15869140625,5.517578125,-0.09765625,0,-0.3662109375,0.72021484375,0.35400390625,-0.341796875,-0.20751953125,0.08544921875,0.18310546875,-1.4892578125,-0.10986328125,-0.18310546875,0.28076171875,-0.3173828125,-0.10986328125,-1.3916015625,-0.0732421875,-0.72021484375,-0.20751953125,-0.68359375,-0.1708984375,-0.5859375,-0.01220703125,-0.09765625,0.08544921875,-0.7080078125,0.03662109375,-1.42822265625,-0.15869140625,-1.03759765625,-0.15869140625,0.35400390625,-0.09765625,0.28076171875,0,-0.06103515625,-0.06103515625,-0.08544921875,0.06103515625,0.1220703125,-0.18310546875,0.830078125,-0.06103515625,1.28173828125,-0.01220703125,2.3193359375,0.1220703125,0.390625
0,-0.1220703125,-0.54931640625,0,-0.0732421875,-0.3662109375,-0.244140625,-0.29296875,0.1708984375,0.13427734375,-0.1220703125,0.03662109375,-0.93994140625,-0.13427734375,0.9765625,-0.2197265625,-0.18310546875,-0.341796875,-0.59814453125,-0.1220703125,-0.23193359375,-0.52490234375,0.830078125,-0.25634765625,-0.62255859375,0.0244140625,-0.09765625,-0.25634765625,-0.76904296875,-0.03662109375,0.9033203125,0,0.06103515625,-0.03662109375,4.638671875,0.78125,3.369140625,0.0244140625,6.53076171875,0.03662109375,3.91845703125,-0.15869140625,-0.2685546875,-0.28076171875,-0.537109375,-0.0732421875,-0.47607421875,0.146484375,0.6103515625,0.146484375,3.89404296875,-0.1708984375,2.84423828125,-0.146484375,3.74755859375,-0.0244140625,2.91748046875,-0.25634765625,0.7568359375,0.10986328125,0.537109375,0.1220703125,0.732421875,-0.35400390625,0.2197265625,-0.048828125,4.01611328125,0.09765625,3.57666015625,0.10986328125,2.60009765625,-0.03662109375,5.6884765625,-0.08544921875,3.62548828125,-0.2685546875,5.029296875,0.10986328125,2.8564453125,-0.08544921875,4.55322265625,-0.09765625,0.08544921875,-0.390625,0.830078125,0.3173828125,-0.28076171875,-0.18310546875,0.1953125,0.1708984375,-1.50146484375,-0.09765625,-0.20751953125,0.35400390625,-0.3173828125,-0.03662109375,-1.3916015625,-0.0732421875,-0.72021484375,-0.20751953125,-0.69580078125,-0.18310546875,-0.5859375,-0.0244140625,-0.08544921875,0.09765625,-0.72021484375,0.13427734375,-1.4404296875,-0.18310546875,-1.0498046875,-0.15869140625,0.35400390625,-0.1220703125,0.29296875,0.01220703125,-0.048828125,-0.06103515625,-0.06103515625,0.03662109375,0.15869140625,-0.15869140625,0.57373046875,-0.03662109375,1.08642578125,-0.03662109375,1.6845703125,0.13427734375,0.1220703125
0,-0.048828125,-0.72021484375,-0.03662109375,-0.1708984375,-0.3662109375,-0.3173828125,-0.2685546875,0.08544921875,0.1220703125,-0.1220703125,0.0244140625,-0.927734375,-0.15869140625,0.96435546875,-0.20751953125,-0.15869140625,-0.341796875,-0.62255859375,-0.08544921875,-0.244140625,-0.42724609375,0.830078125,-0.1708984375,-0.6103515625,-0.01220703125,-0.09765625,-0.15869140625,-0.7568359375,-0.1708984375,0.9033203125,-0.0244140625,0.0732421875,-0.1220703125,3.79638671875,0.8056640625,2.587890625,0.03662109375,5.419921875,-0.048828125,3.125,-0.244140625,-0.29296875,-0.341796875,-0.5126953125,0,-0.47607421875,0.2197265625,0.6103515625,0.06103515625,3.90625,-0.1220703125,2.8564453125,-0.18310546875,3.759765625,0.01220703125,2.9541015625,-0.1953125,0.7568359375,0.08544921875,0.537109375,0.10986328125,0.76904296875,-0.3662109375,0.2197265625,-0.06103515625,3.79638671875,0.01220703125,3.4423828125,0.03662109375,2.44140625,-0.03662109375,5.33447265625,-0.20751953125,2.63671875,-0.25634765625,3.79638671875,0.0732421875,2.03857421875,-0.03662109375,3.60107421875,-0.13427734375,0.146484375,-0.4150390625,0.91552734375,0.29296875,-0.28076171875,-0.1220703125,0.25634765625,0.13427734375,-1.513671875,-0.0732421875,-0.2197265625,0.439453125,-0.32958984375,0.03662109375,-1.3916015625,-0.08544921875,-0.732421875,-0.18310546875,-0.69580078125,-0.18310546875,-0.5859375,-0.03662109375,-0.10986328125,0.08544921875,-0.7080078125,0.244140625,-1.45263671875,-0.23193359375,-1.0498046875,-0.146484375,0.3662109375,-0.1220703125,0.28076171875,0.03662109375,-0.03662109375,-0.048828125,-0.03662109375,0.06103515625,0.15869140625,-0.18310546875,0.32958984375,-0.0732421875,0.9521484375,-0.0732421875,1.08642578125,0.13427734375,-0.1220703125
1,-0.10986328125,-0.84228515625,-0.048828125,-0.23193359375,-0.37841796875,-0.3662109375,-0.29296875,0.03662109375,0.09765625,-0.10986328125,0.06103515625,-0.927734375,-0.1953125,0.9765625,-0.2197265625,-0.146484375,-0.32958984375,-0.6103515625,-0.048828125,-0.23193359375,-0.30517578125,0.84228515625,-0.10986328125,-0.62255859375,-0.03662109375,-0.10986328125,-0.06103515625,-0.7568359375,-0.30517578125,0.89111328125,-0.03662109375,0.08544921875,-0.20751953125,2.9541015625,0.86669921875,1.8310546875,0,4.3701171875,-0.1708984375,2.34375,-0.3173828125,-0.28076171875,-0.390625,-0.50048828125,0.0244140625,-0.47607421875,0.341796875,0.6103515625,0.048828125,3.90625,-0.13427734375,2.84423828125,-0.2197265625,3.8330078125,0.03662109375,2.9541015625,-0.1220703125,0.79345703125,0.08544921875,0.5615234375,0.146484375,0.8056640625,-0.40283203125,0.244140625,-0.0244140625,3.57666015625,-0.048828125,3.271484375,-0.03662109375,2.294921875,-0.03662109375,5.0048828125,-0.3173828125,1.74560546875,-0.2685546875,2.685546875,0.06103515625,1.2451171875,0.06103515625,2.72216796875,-0.10986328125,0.1708984375,-0.45166015625,0.927734375,0.28076171875,-0.30517578125,-0.048828125,0.29296875,0.0732421875,-1.52587890625,-0.048828125,-0.23193359375,0.5126953125,-0.30517578125,0.1220703125,-1.40380859375,-0.10986328125,-0.732421875,-0.15869140625,-0.68359375,-0.20751953125,-0.59814453125,-0.01220703125,-0.09765625,0.13427734375,-0.7080078125,0.3173828125,-1.45263671875,-0.20751953125,-1.01318359375,-0.146484375,0.37841796875,-0.15869140625,0.3173828125,0.01220703125,-0.048828125,-0.06103515625,-0.0244140625,0.06103515625,0.1708984375,-0.15869140625,0.13427734375,-0.0732421875,0.830078125,-0.08544921875,0.50048828125,0.13427734375,-0.341796875
1,-0.09765625,-0.86669921875,-0.03662109375,-0.29296875,-0.35400390625,-0.40283203125,-0.25634765625,0,0.0732421875,-0.10986328125,0.0732421875,-0.91552734375,-0.15869140625,0.9765625,-0.1953125,-0.1220703125,-0.30517578125,-0.634765625,0.01220703125,-0.23193359375,-0.18310546875,0.8544921875,-0.03662109375,-0.59814453125,-0.048828125,-0.09765625,0.048828125,-0.7568359375,-0.4150390625,0.86669921875,-0.06103515625,0.08544921875,-0.25634765625,2.11181640625,0.87890625,1.15966796875,-0.0244140625,3.43017578125,-0.20751953125,1.611328125,-0.35400390625,-0.29296875,-0.439453125,-0.48828125,0.03662109375,-0.48828125,0.42724609375,0.59814453125,-0.01220703125,3.86962890625,-0.146484375,2.79541015625,-0.28076171875,3.86962890625,-0.01220703125,2.96630859375,-0.09765625,0.76904296875,0.0244140625,0.537109375,0.13427734375,0.89111328125,-0.4150390625,0.2685546875,0.03662109375,3.41796875,-0.09765625,3.13720703125,-0.1220703125,2.1484375,-0.0244140625,4.7119140625,-0.3662109375,0.98876953125,-0.30517578125,1.74560546875,0.0244140625,0.6103515625,0.1220703125,1.96533203125,-0.09765625,0.146484375,-0.45166015625,0.9033203125,0.28076171875,-0.341796875,0,0.25634765625,0.01220703125,-1.52587890625,0,-0.244140625,0.54931640625,-0.3173828125,0.18310546875,-1.40380859375,-0.1220703125,-0.72021484375,-0.1220703125,-0.6591796875,-0.15869140625,-0.6103515625,0.0244140625,-0.08544921875,0.10986328125,-0.68359375,0.35400390625,-1.46484375,-0.2197265625,-1.01318359375,-0.15869140625,0.35400390625,-0.15869140625,0.30517578125,0,-0.048828125,-0.048828125,-0.03662109375,0.0732421875,0.146484375,-0.13427734375,-0.03662109375,-0.10986328125,0.72021484375,-0.09765625,0.01220703125,0.1708984375,-0.537109375
1,-0.146484375,-0.8056640625,-0.0732421875,-0.25634765625,-0.37841796875,-0.390625,-0.28076171875,0.01220703125,0.06103515625,-0.09765625,0.0732421875,-0.91552734375,-0.1708984375,0.98876953125,-0.18310546875,-0.1220703125,-0.30517578125,-0.62255859375,0.0732421875,-0.2197265625,-0.09765625,0.86669921875,0.0244140625,-0.6103515625,0,-0.08544921875,0.1220703125,-0.78125,-0.50048828125,0.87890625,0,0.09765625,-0.30517578125,1.40380859375,0.87890625,0.5615234375,-0.0732421875,2.60009765625,-0.244140625,1.0009765625,-0.32958984375,-0.28076171875,-0.45166015625,-0.50048828125,-0.0244140625,-0.5126953125,0.42724609375,0.59814453125,0.03662109375,3.759765625,-0.13427734375,2.685546875,-0.28076171875,3.77197265625,-0.048828125,2.89306640625,-0.03662109375,0.79345703125,0.01220703125,0.537109375,0.1953125,0.93994140625,-0.4638671875,0.2685546875,0.1220703125,3.1982421875,-0.15869140625,2.99072265625,-0.18310546875,2.001953125,0.03662109375,4.3701171875,-0.341796875,0.3662109375,-0.35400390625,1.025390625,0,0.06103515625,0.1953125,1.3671875,-0.08544921875,0.1220703125,-0.4638671875,0.8056640625,0.28076171875,-0.4150390625,-0.01220703125,0.2197265625,-0.08544921875,-1.52587890625,0.03662109375,-0.2685546875,0.59814453125,-0.32958984375,0.13427734375,-1.416015625,-0.10986328125,-0.72021484375,-0.09765625,-0.64697265625,-0.09765625,-0.64697265625,0.0732421875,-0.0732421875,0.15869140625,-0.69580078125,0.37841796875,-1.45263671875,-0.2197265625,-1.0498046875,-0.146484375,0.37841796875,-0.1708984375,0.3173828125,0,-0.06103515625,-0.06103515625,-0.048828125,0.08544921875,0.15869140625,-0.09765625,-0.146484375,-0.1220703125,0.634765625,-0.1220703125,-0.390625,0.18310546875,-0.69580078125
1,-0.1220703125,-0.67138671875,-0.0244140625,-0.244140625,-0.35400390625,-0.3662109375,-0.2685546875,0.0244140625,0.06103515625,-0.10986328125,0.09765625,-0.927734375,-0.15869140625,1.0009765625,-0.1953125,-0.146484375,-0.30517578125,-0.62255859375,0.10986328125,-0.244140625,0,0.8544921875,0.048828125,-0.62255859375,0.09765625,-0.10986328125,0.1708984375,-0.78125,-0.5615234375,0.84228515625,0.01220703125,0.06103515625,-0.25634765625,0.8056640625,0.79345703125,0.09765625,-0.0732421875,2.001953125,-0.244140625,0.47607421875,-0.3662109375,-0.2685546875,-0.47607421875,-0.50048828125,-0.146484375,-0.5126953125,0.47607421875,0.5859375,0.048828125,3.5400390625,-0.244140625,2.4658203125,-0.30517578125,3.4912109375,-0.13427734375,2.7099609375,-0.03662109375,0.8056640625,0.0244140625,0.52490234375,0.23193359375,0.98876953125,-0.439453125,0.25634765625,0.13427734375,2.978515625,-0.1953125,2.8076171875,-0.1953125,1.8310546875,-0.0244140625,3.99169921875,-0.35400390625,-0.10986328125,-0.3662109375,0.50048828125,-0.06103515625,-0.3173828125,0.25634765625,0.93994140625,-0.03662109375,0.03662109375,-0.42724609375,0.7080078125,0.29296875,-0.48828125,-0.03662109375,0.13427734375,-0.13427734375,-1.50146484375,0.06103515625,-0.28076171875,0.5859375,-0.32958984375,0.1220703125,-1.42822265625,-0.08544921875,-0.74462890625,-0.1220703125,-0.64697265625,-0.06103515625,-0.6591796875,0.13427734375,-0.0732421875,0.1708984375,-0.69580078125,0.341796875,-1.45263671875,-0.18310546875,-1.03759765625,-0.13427734375,0.35400390625,-0.15869140625,0.3173828125,-0.01220703125,-0.03662109375,-0.048828125,-0.048828125,0.0732421875,0.146484375,-0.10986328125,-0.20751953125,-0.13427734375,0.5859375,-0.146484375,-0.67138671875,0.1953125,-0.79345703125
1,-0.09765625,-0.5126953125,-0.01220703125,-0.20751953125,-0.29296875,-0.32958984375,-0.244140625,0.0732421875,0.0732421875,-0.1220703125,0.10986328125,-0.93994140625,-0.1220703125,1.025390625,-0.18310546875,-0.1708984375,-0.25634765625,-0.59814453125,0.146484375,-0.20751953125,0.09765625,0.87890625,0.06103515625,-0.6103515625,0.146484375,-0.08544921875,0.1953125,-0.78125,-0.54931640625,0.86669921875,0.03662109375,0.0732421875,-0.23193359375,0.3662109375,0.74462890625,-0.244140625,-0.13427734375,1.52587890625,-0.18310546875,0.09765625,-0.35400390625,-0.2685546875,-0.45166015625,-0.537109375,-0.20751953125,-0.48828125,0.54931640625,0.5615234375,0.06103515625,3.2470703125,-0.25634765625,2.13623046875,-0.244140625,3.01513671875,-0.18310546875,2.44140625,0,0.78125,0.03662109375,0.54931640625,0.25634765625,1.025390625,-0.390625,0.23193359375,0.1708984375,2.734375,-0.15869140625,2.6123046875,-0.1708984375,1.66015625,0.0244140625,3.55224609375,-0.3173828125,-0.4150390625,-0.3173828125,0.1953125,-0.09765625,-0.57373046875,0.3173828125,0.67138671875,-0.08544921875,-0.06103515625,-0.42724609375,0.57373046875,0.35400390625,-0.6103515625,-0.1220703125,0.048828125,-0.1708984375,-1.4892578125,0.09765625,-0.28076171875,0.52490234375,-0.3662109375,0.08544921875,-1.42822265625,-0.0732421875,-0.72021484375,-0.1220703125,-0.6591796875,0,-0.6591796875,0.20751953125,-0.0732421875,0.1220703125,-0.68359375,0.29296875,-1.4404296875,-0.18310546875,-1.06201171875,-0.10986328125,0.37841796875,-0.13427734375,0.32958984375,-0.03662109375,-0.048828125,-0.0732421875,-0.03662109375,0.08544921875,0.13427734375,-0.10986328125,-0.23193359375,-0.1220703125,0.54931640625,-0.15869140625,-0.86669921875,0.20751953125,-0.8544921875
1,-0.10986328125,-0.37841796875,-0.048828125,-0.1708984375,-0.30517578125,-0.28076171875,-0.2685546875,0.09765625,0.08544921875,-0.1220703125,0.13427734375,-0.96435546875,-0.10986328125,1.025390625,-0.18310546875,-0.18310546875,-0.2685546875,-0.59814453125,0.146484375,-0.20751953125,0.146484375,0.87890625,0.06103515625,-0.6103515625,0.20751953125,-0.09765625,0.1708984375,-0.79345703125,-0.439453125,0.87890625,0.0244140625,0.06103515625,-0.2197265625,0.03662109375,0.74462890625,-0.5126953125,-0.1953125,1.15966796875,-0.09765625,-0.1953125,-0.3173828125,-0.244140625,-0.390625,-0.5859375,-0.25634765625,-0.48828125,0.5859375,0.5615234375,0.09765625,2.8564453125,-0.28076171875,1.7822265625,-0.341796875,2.392578125,-0.25634765625,2.099609375,0.01220703125,0.79345703125,0.1220703125,0.537109375,0.28076171875,1.03759765625,-0.28076171875,0.2197265625,0.23193359375,2.4658203125,-0.1953125,2.392578125,-0.1220703125,1.45263671875,-0.0244140625,3.01513671875,-0.2685546875,-0.57373046875,-0.28076171875,0.0732421875,-0.06103515625,-0.72021484375,0.3173828125,0.52490234375,-0.09765625,-0.1708984375,-0.35400390625,0.45166015625,0.32958984375,-0.69580078125,-0.15869140625,-0.048828125,-0.15869140625,-1.4892578125,0.10986328125,-0.25634765625,0.47607421875,-0.37841796875,0.0732421875,-1.42822265625,-0.048828125,-0.72021484375,-0.1220703125,-0.634765625,0.03662109375,-0.64697265625,0.25634765625,-0.048828125,0.10986328125,-0.7080078125,0.28076171875,-1.42822265625,-0.1708984375,-1.0498046875,-0.1220703125,0.3662109375,-0.13427734375,0.3173828125,-0.048828125,-0.048828125,-0.048828125,-0.03662109375,0.08544921875,0.1220703125,-0.10986328125,-0.244140625,-0.146484375,0.52490234375,-0.15869140625,-0.96435546875,0.18310546875,-0.9033203125
1,-0.06103515625,-0.29296875,-0.0244140625,-0.18310546875,-0.28076171875,-0.28076171875,-0.20751953125,0.0732421875,0.09765625,-0.10986328125,0.1220703125,-0.9521484375,-0.08544921875,1.0498046875,-0.18310546875,-0.20751953125,-0.23193359375,-0.59814453125,0.1220703125,-0.1953125,0.1953125,0.86669921875,0.01220703125,-0.64697265625,0.244140625,-0.09765625,0.13427734375,-0.79345703125,-0.244140625,0.89111328125,-0.01220703125,0.06103515625,-0.146484375,-0.1953125,0.72021484375,-0.67138671875,-0.28076171875,0.830078125,-0.01220703125,-0.40283203125,-0.29296875,-0.244140625,-0.341796875,-0.634765625,-0.3173828125,-0.50048828125,0.57373046875,0.57373046875,0.10986328125,2.4658203125,-0.2685546875,1.40380859375,-0.341796875,1.62353515625,-0.28076171875,1.74560546875,0.01220703125,0.76904296875,0.18310546875,0.537109375,0.23193359375,1.025390625,-0.23193359375,0.1953125,0.1708984375,2.16064453125,-0.18310546875,2.13623046875,-0.08544921875,1.1962890625,-0.0244140625,2.42919921875,-0.35400390625,-0.6591796875,-0.341796875,0.06103515625,-0.0244140625,-0.7568359375,0.1708984375,0.47607421875,-0.0732421875,-0.244140625,-0.20751953125,0.341796875,0.2685546875,-0.7568359375,-0.10986328125,-0.15869140625,-0.146484375,-1.47705078125,0.08544921875,-0.2685546875,0.439453125,-0.40283203125,0.0732421875,-1.416015625,-0.03662109375,-0.732421875,-0.10986328125,-0.64697265625,0.0244140625,-0.6591796875,0.30517578125,-0.048828125,0.10986328125,-0.69580078125,0.2197265625,-1.42822265625,-0.15869140625,-1.0498046875,-0.1708984375,0.35400390625,-0.10986328125,0.30517578125,-0.0732421875,-0.06103515625,-0.03662109375,-0.0244140625,0.0732421875,0.1220703125,-0.08544921875,-0.244140625,-0.13427734375,0.5126953125,-0.146484375,-0.98876953125,0.15869140625,-0.87890625
1,-0.10986328125,-0.23193359375,-0.048828125,-0.15869140625,-0.3173828125,-0.28076171875,-0.18310546875,0.0732421875,0.1220703125,-0.1220703125,0.13427734375,-0.96435546875,-0.06103515625,1.025390625,-0.1708984375,-0.23193359375,-0.1708984375,-0.59814453125,0.0732421875,-0.20751953125,0.2197265625,0.8544921875,-0.09765625,-0.62255859375,0.2685546875,-0.09765625,0.06103515625,-0.79345703125,-0.0732421875,0.927734375,-0.06103515625,0.06103515625,-0.1220703125,-0.3662109375,0.67138671875,-0.830078125,-0.341796875,0.537109375,0.0732421875,-0.5615234375,-0.2197265625,-0.2197265625,-0.25634765625,-0.69580078125,-0.341796875,-0.48828125,0.48828125,0.57373046875,0.08544921875,2.08740234375,-0.2685546875,1.06201171875,-0.35400390625,0.86669921875,-0.30517578125,1.40380859375,-0.0244140625,0.78125,0.25634765625,0.537109375,0.25634765625,1.025390625,-0.1953125,0.18310546875,0.15869140625,1.8310546875,-0.18310546875,1.91650390625,0,0.9765625,-0.03662109375,1.79443359375,-0.3662109375,-0.634765625,-0.28076171875,0.13427734375,0.10986328125,-0.732421875,0.1220703125,0.537109375,-0.06103515625,-0.3173828125,-0.1220703125,0.28076171875,0.15869140625,-0.79345703125,-0.0732421875,-0.20751953125,-0.10986328125,-1.46484375,0.06103515625,-0.2685546875,0.3662109375,-0.35400390625,0.08544921875,-1.42822265625,-0.0244140625,-0.72021484375,-0.08544921875,-0.6591796875,0.048828125,-0.634765625,0.32958984375,-0.0732421875,0.10986328125,-0.72021484375,0.1708984375,-1.42822265625,-0.1220703125,-1.0498046875,-0.1953125,0.3662109375,-0.09765625,0.29296875,-0.08544921875,-0.06103515625,-0.0732421875,-0.048828125,0.0732421875,0.10986328125,-0.09765625,-0.2197265625,-0.146484375,0.52490234375,-0.13427734375,-0.96435546875,0.13427734375,-0.8544921875
1,-0.09765625,-0.28076171875,-0.08544921875,-0.18310546875,-0.29296875,-0.30517578125,-0.18310546875,0.03662109375,0.10986328125,-0.1220703125,0.10986328125,-0.96435546875,-0.0732421875,1.025390625,-0.146484375,-0.2197265625,-0.18310546875,-0.5859375,0.01220703125,-0.1953125,0.2197265625,0.81787109375,-0.1708984375,-0.634765625,0.30517578125,-0.09765625,-0.048828125,-0.78125,0.09765625,0.927734375,-0.13427734375,0.048828125,-0.09765625,-0.48828125,0.6103515625,-0.9521484375,-0.37841796875,0.1708984375,0.1220703125,-0.69580078125,-0.1708984375,-0.25634765625,-0.25634765625,-0.7568359375,-0.3662109375,-0.48828125,0.4150390625,0.5859375,0.0244140625,1.7822265625,-0.23193359375,0.8056640625,-0.4638671875,0.244140625,-0.32958984375,1.15966796875,-0.09765625,0.76904296875,0.30517578125,0.5615234375,0.1953125,1.03759765625,-0.146484375,0.20751953125,0.146484375,1.5380859375,-0.1708984375,1.69677734375,0.08544921875,0.74462890625,-0.08544921875,1.23291015625,-0.42724609375,-0.59814453125,-0.15869140625,0.28076171875,0.18310546875,-0.67138671875,0.03662109375,0.62255859375,-0.1220703125,-0.390625,-0.10986328125,0.20751953125,-0.0732421875,-0.81787109375,-0.08544921875,-0.25634765625,-0.03662109375,-1.47705078125,0.0244140625,-0.28076171875,0.29296875,-0.35400390625,0.08544921875,-1.42822265625,-0.03662109375,-0.72021484375,-0.03662109375,-0.68359375,0.06103515625,-0.62255859375,0.30517578125,-0.0732421875,0.10986328125,-0.732421875,0.1220703125,-1.416015625,-0.03662109375,-1.03759765625,-0.244140625,0.35400390625,-0.06103515625,0.29296875,-0.0732421875,-0.048828125,-0.0732421875,-0.048828125,0.09765625,0.10986328125,-0.146484375,-0.23193359375,-0.15869140625,0.52490234375,-0.146484375,-0.91552734375,0.1220703125,-0.830078125
1,-0.1220703125,-0.341796875,-0.08544921875,-0.1953125,-0.30517578125,-0.35400390625,-0.15869140625,0.03662109375,0.08544921875,-0.1220703125,0.1220703125,-0.9521484375,-0.048828125,1.01318359375,-0.10986328125,-0.1953125,-0.1953125,-0.59814453125,-0.08544921875,-0.20751953125,0.1953125,0.830078125,-0.2685546875,-0.62255859375,0.2197265625,-0.10986328125,-0.1708984375,-0.79345703125,0.23193359375,0.927734375,-0.18310546875,0.06103515625,-0.06103515625,-0.5859375,0.48828125,-1.06201171875,-0.4150390625,-0.23193359375,0.1708984375,-0.830078125,-0.15869140625,-0.2685546875,-0.2197265625,-0.76904296875,-0.35400390625,-0.47607421875,0.4150390625,0.5859375,0,1.62353515625,-0.1708984375,0.67138671875,-0.52490234375,-0.13427734375,-0.35400390625,1.03759765625,-0.10986328125,0.78125,0.341796875,0.54931640625,0.15869140625,1.025390625,-0.13427734375,0.2197265625,0.0732421875,1.30615234375,-0.1953125,1.52587890625,0.10986328125,0.5859375,-0.15869140625,0.79345703125,-0.45166015625,-0.54931640625,-0.09765625,0.390625,0.1708984375,-0.5859375,-0.0244140625,0.72021484375,-0.01220703125,-0.439453125,0.01220703125,0.15869140625,-0.18310546875,-0.79345703125,-0.0244140625,-0.29296875,-0.0244140625,-1.47705078125,0,-0.28076171875,0.18310546875,-0.3662109375,0.08544921875,-1.416015625,-0.06103515625,-0.7080078125,-0.048828125,-0.69580078125,0.1220703125,-0.5859375,0.244140625,-0.0732421875,0.1220703125,-0.74462890625,0.0244140625,-1.416015625,0.048828125,-1.01318359375,-0.28076171875,0.35400390625,-0.03662109375,0.28076171875,-0.048828125,-0.048828125,-0.06103515625,-0.06103515625,0.08544921875,0.1220703125,-0.1220703125,-0.25634765625,-0.146484375,0.52490234375,-0.08544921875,-0.8544921875,0.15869140625,-0.79345703125
1,-0.1220703125,-0.439453125,-0.09765625,-0.2197265625,-0.3173828125,-0.37841796875,-0.13427734375,0.0244140625,0.0732421875,-0.10986328125,0.09765625,-0.93994140625,-0.0732421875,1.0009765625,-0.08544921875,-0.1708984375,-0.18310546875,-0.62255859375,-0.13427734375,-0.1953125,0.1220703125,0.81787109375,-0.30517578125,-0.59814453125,0.1953125,-0.10986328125,-0.244140625,-0.76904296875,0.341796875,0.927734375,-0.15869140625,0.048828125,-0.1220703125,-0.7080078125,0.4150390625,-1.1962890625,-0.5126953125,-0.62255859375,0.15869140625,-0.9765625,-0.13427734375,-0.2685546875,-0.2197265625,-0.79345703125,-0.32958984375,-0.48828125,0.37841796875,0.59814453125,-0.0732421875,1.6357421875,-0.13427734375,0.68359375,-0.537109375,-0.20751953125,-0.4638671875,1.07421875,-0.08544921875,0.78125,0.35400390625,0.54931640625,0.15869140625,1.0498046875,-0.0244140625,0.20751953125,0.09765625,1.13525390625,-0.23193359375,1.4404296875,0.15869140625,0.5126953125,-0.1220703125,0.5859375,-0.47607421875,-0.47607421875,-0.03662109375,0.52490234375,0.146484375,-0.537109375,-0.048828125,0.78125,0.01220703125,-0.47607421875,0.03662109375,0.1220703125,-0.3173828125,-0.78125,-0.0244140625,-0.32958984375,0.01220703125,-1.4892578125,-0.06103515625,-0.2685546875,0.06103515625,-0.3662109375,0.01220703125,-1.416015625,-0.0732421875,-0.72021484375,-0.03662109375,-0.69580078125,0.1953125,-0.59814453125,0.1708984375,-0.06103515625,0.09765625,-0.72021484375,-0.03662109375,-1.416015625,0.0732421875,-1.01318359375,-0.3173828125,0.3662109375,-0.048828125,0.28076171875,-0.0732421875,-0.03662109375,-0.048828125,-0.09765625,0.0732421875,0.1220703125,-0.13427734375,-0.244140625,-0.146484375,0.54931640625,-0.0732421875,-0.81787109375,0.18310546875,-0.78125
1,-0.09765625,-0.50048828125,-0.13427734375,-0.23193359375,-0.3173828125,-0.4150390625,-0.146484375,0,0.0732421875,-0.10986328125,0.10986328125,-0.91552734375,-0.0244140625,1.0009765625,-0.09765625,-0.15869140625,-0.18310546875,-0.62255859375,-0.18310546875,-0.20751953125,-0.01220703125,0.830078125,-0.29296875,-0.59814453125,0.09765625,-0.10986328125,-0.30517578125,-0.76904296875,0.45166015625,0.93994140625,-0.1220703125,0.03662109375,-0.0732421875,-0.830078125,0.341796875,-1.2939453125,-0.5615234375,-1.01318359375,0.13427734375,-1.11083984375,-0.15869140625,-0.28076171875,-0.29296875,-0.78125,-0.28076171875,-0.48828125,0.35400390625,0.6103515625,-0.13427734375,1.8310546875,-0.048828125,0.89111328125,-0.42724609375,0.08544921875,-0.45166015625,1.28173828125,-0.03662109375,0.78125,0.341796875,0.5615234375,0.08544921875,1.0986328125,0.03662109375,0.2197265625,0.08544921875,1.13525390625,-0.20751953125,1.45263671875,0.146484375,0.5126953125,-0.1708984375,0.64697265625,-0.50048828125,-0.4150390625,-0.01220703125,0.57373046875,0.08544921875,-0.47607421875,-0.03662109375,0.84228515625,-0.0244140625,-0.52490234375,0.048828125,0.09765625,-0.50048828125,-0.74462890625,-0.048828125,-0.32958984375,0.048828125,-1.4892578125,-0.1220703125,-0.25634765625,-0.01220703125,-0.3662109375,-0.03662109375,-1.416015625,-0.09765625,-0.7080078125,-0.06103515625,-0.69580078125,0.2197265625,-0.6103515625,0.048828125,-0.08544921875,0.0244140625,-0.72021484375,-0.10986328125,-1.416015625,0.09765625,-1.0009765625,-0.35400390625,0.37841796875,-0.048828125,0.28076171875,-0.06103515625,-0.06103515625,-0.0732421875,-0.13427734375,0.03662109375,0.146484375,-0.10986328125,-0.28076171875,-0.1708984375,0.5615234375,-0.048828125,-0.8056640625,0.18310546875,-0.78125
1,-0.1220703125,-0.54931640625,-0.18310546875,-0.2197265625,-0.3662109375,-0.42724609375,-0.1220703125,0.01220703125,0.06103515625,-0.1220703125,0.08544921875,-0.91552734375,-0.0244140625,1.0009765625,-0.10986328125,-0.13427734375,-0.1708984375,-0.62255859375,-0.15869140625,-0.2197265625,-0.10986328125,0.830078125,-0.28076171875,-0.6103515625,-0.01220703125,-0.10986328125,-0.3173828125,-0.7568359375,0.537109375,0.927734375,-0.10986328125,0.06103515625,-0.048828125,-0.93994140625,0.29296875,-1.35498046875,-0.5859375,-1.30615234375,0.06103515625,-1.23291015625,-0.2197265625,-0.29296875,-0.37841796875,-0.76904296875,-0.20751953125,-0.50048828125,0.35400390625,0.59814453125,-0.1708984375,2.23388671875,-0.0244140625,1.26953125,-0.45166015625,0.74462890625,-0.50048828125,1.62353515625,0,0.76904296875,0.30517578125,0.5615234375,-0.01220703125,1.18408203125,0.13427734375,0.244140625,0.08544921875,1.28173828125,-0.15869140625,1.64794921875,0.09765625,0.634765625,-0.1220703125,1.03759765625,-0.45166015625,-0.390625,0.048828125,0.59814453125,0.0244140625,-0.45166015625,-0.048828125,0.8544921875,0.048828125,-0.537109375,0.09765625,0.09765625,-0.537109375,-0.67138671875,-0.048828125,-0.3173828125,0.0732421875,-1.4892578125,-0.15869140625,-0.25634765625,-0.08544921875,-0.35400390625,-0.048828125,-1.40380859375,-0.08544921875,-0.72021484375,-0.08544921875,-0.67138671875,0.2197265625,-0.634765625,-0.0244140625,-0.08544921875,-0.0244140625,-0.7080078125,-0.13427734375,-1.416015625,0.0732421875,-1.01318359375,-0.390625,0.3662109375,-0.01220703125,0.28076171875,-0.03662109375,-0.048828125,-0.06103515625,-0.15869140625,0.03662109375,0.15869140625,-0.08544921875,-0.28076171875,-0.18310546875,0.5859375,-0.06103515625,-0.8056640625,0.18310546875,-0.76904296875
0,-0.03662109375,-0.52490234375,-0.1708984375,-0.18310546875,-0.35400390625,-0.40283203125,-0.08544921875,0.03662109375,0.03662109375,-0.10986328125,0.0732421875,-0.93994140625,-0.01220703125,1.0009765625,-0.13427734375,-0.1220703125,-0.1708984375,-0.6103515625,-0.10986328125,-0.244140625,-0.20751953125,0.830078125,-0.18310546875,-0.5859375,-0.08544921875,-0.10986328125,-0.29296875,-0.7568359375,0.54931640625,0.927734375,-0.09765625,0.06103515625,-0.03662109375,-1.0498046875,0.244140625,-1.42822265625,-0.5859375,-1.513671875,-0.01220703125,-1.3427734375,-0.341796875,-0.244140625,-0.439453125,-0.7080078125,-0.08544921875,-0.5126953125,0.3662109375,0.5859375,-0.1953125,2.783203125,-0.0244140625,1.7578125,-0.45166015625,1.66015625,-0.5615234375,2.08740234375,0.0244140625,0.76904296875,0.2685546875,0.54931640625,-0.10986328125,1.26953125,0.1953125,0.23193359375,0.13427734375,1.62353515625,-0.06103515625,1.904296875,0.0244140625,0.9033203125,0.01220703125,1.72119140625,-0.390625,-0.35400390625,0.0732421875,0.5859375,0,-0.45166015625,0,0.89111328125,0.0732421875,-0.537109375,0.09765625,0.0732421875,-0.537109375,-0.634765625,-0.0732421875,-0.30517578125,0.0732421875,-1.47705078125,-0.2197265625,-0.244140625,-0.1953125,-0.35400390625,-0.03662109375,-1.40380859375,-0.09765625,-0.732421875,-0.0732421875,-0.68359375,0.20751953125,-0.634765625,-0.0732421875,-0.0732421875,-0.10986328125,-0.7080078125,-0.13427734375,-1.42822265625,0.048828125,-1.0009765625,-0.40283203125,0.3662109375,0,0.30517578125,-0.03662109375,-0.0732421875,-0.06103515625,-0.15869140625,0.0244140625,0.146484375,-0.08544921875,-0.28076171875,-0.1953125,0.57373046875,-0.048828125,-0.81787109375,0.1708984375,-0.78125
0,-0.01220703125,-0.47607421875,-0.18310546875,-0.146484375,-0.37841796875,-0.35400390625,-0.08544921875,0.08544921875,0.03662109375,-0.09765625,0.0732421875,-0.927734375,-0.0244140625,1.01318359375,-0.15869140625,-0.146484375,-0.23193359375,-0.6103515625,-0.0244140625,-0.2197265625,-0.2685546875,0.87890625,-0.1220703125,-0.5859375,-0.15869140625,-0.1220703125,-0.2685546875,-0.7568359375,0.52490234375,0.89111328125,-0.13427734375,0.0732421875,-0.0244140625,-1.0986328125,0.048828125,-1.47705078125,-0.57373046875,-1.59912109375,-0.1220703125,-1.416015625,-0.4638671875,-0.244140625,-0.50048828125,-0.67138671875,-0.08544921875,-0.52490234375,0.40283203125,0.57373046875,-0.146484375,3.45458984375,-0.08544921875,2.3681640625,-0.4638671875,2.8076171875,-0.537109375,2.62451171875,0.06103515625,0.76904296875,0.2197265625,0.5615234375,-0.20751953125,1.37939453125,0.23193359375,0.244140625,0.13427734375,2.11181640625,0.03662109375,2.30712890625,0,1.26953125,0,2.685546875,-0.3173828125,-0.341796875,0.048828125,0.52490234375,-0.10986328125,-0.42724609375,-0.01220703125,0.89111328125,0.09765625,-0.48828125,0.146484375,0.09765625,-0.52490234375,-0.59814453125,-0.0732421875,-0.2685546875,0.0244140625,-1.45263671875,-0.30517578125,-0.23193359375,-0.2685546875,-0.341796875,0.01220703125,-1.37939453125,-0.09765625,-0.732421875,-0.06103515625,-0.68359375,0.15869140625,-0.64697265625,-0.10986328125,-0.0732421875,-0.1708984375,-0.7080078125,-0.146484375,-1.3916015625,0,-1.0009765625,-0.37841796875,0.3662109375,0,0.29296875,0,-0.06103515625,-0.06103515625,-0.18310546875,0.01220703125,0.15869140625,-0.09765625,-0.28076171875,-0.20751953125,0.57373046875,-0.06103515625,-0.8544921875,0.1708984375,-0.84228515625
0,0.06103515625,-0.40283203125,-0.1953125,-0.0732421875,-0.32958984375,-0.30517578125,-0.0732421875,0.13427734375,0.0244140625,-0.09765625,0.08544921875,-0.9521484375,0.0244140625,1.01318359375,-0.15869140625,-0.15869140625,-0.28076171875,-0.6103515625,0.0732421875,-0.23193359375,-0.244140625,0.86669921875,-0.048828125,-0.5859375,-0.18310546875,-0.1220703125,-0.18310546875,-0.7568359375,0.4638671875,0.9033203125,-0.13427734375,0.0732421875,-0.0732421875,-1.123046875,-0.08544921875,-1.46484375,-0.537109375,-1.52587890625,-0.18310546875,-1.416015625,-0.57373046875,-0.23193359375,-0.5126953125,-0.634765625,-0.06103515625,-0.54931640625,0.5615234375,0.5615234375,-0.048828125,4.150390625,-0.10986328125,2.99072265625,-0.341796875,4.01611328125,-0.54931640625,3.1982421875,0.1220703125,0.78125,0.1953125,0.54931640625,-0.1953125,1.42822265625,0.25634765625,0.244140625,0.1220703125,2.7587890625,0.10986328125,2.79541015625,-0.03662109375,1.7578125,-0.0732421875,3.857421875,-0.244140625,-0.28076171875,0.0732421875,0.48828125,-0.1708984375,-0.40283203125,0,0.9033203125,0.06103515625,-0.4150390625,0.10986328125,0.146484375,-0.537109375,-0.537109375,-0.09765625,-0.244140625,0.01220703125,-1.46484375,-0.341796875,-0.2197265625,-0.341796875,-0.341796875,0.048828125,-1.37939453125,-0.08544921875,-0.72021484375,-0.048828125,-0.68359375,0.10986328125,-0.634765625,-0.09765625,-0.08544921875,-0.1708984375,-0.7080078125,-0.2197265625,-1.3916015625,-0.06103515625,-1.0009765625,-0.35400390625,0.390625,0,0.30517578125,-0.03662109375,-0.06103515625,-0.06103515625,-0.18310546875,0.0244140625,0.15869140625,-0.0732421875,-0.2685546875,-0.1953125,0.54931640625,-0.048828125,-0.9033203125,0.20751953125,-0.8544921875
0,0.03662109375,-0.341796875,-0.1953125,-0.03662109375,-0.3173828125,-0.25634765625,-0.08544921875,0.18310546875,0.01220703125,-0.09765625,0.10986328125,-0.93994140625,0.06103515625,1.03759765625,-0.13427734375,-0.1708984375,-0.341796875,-0.59814453125,0.18310546875,-0.2197265625,-0.20751953125,0.86669921875,-0.048828125,-0.5859375,-0.1708984375,-0.09765625,-0.10986328125,-0.78125,0.32958984375,0.9033203125,-0.1220703125,0.08544921875,-0.1220703125,-1.11083984375,-0.23193359375,-1.416015625,-0.48828125,-1.3671875,-0.20751953125,-1.3671875,-0.6591796875,-0.2197265625,-0.52490234375,-0.62255859375,-0.048828125,-0.52490234375,0.634765625,0.537109375,0.08544921875,4.84619140625,-0.1220703125,3.5888671875,-0.25634765625,5.16357421875,-0.52490234375,3.7353515625,0.146484375,0.78125,0.18310546875,0.54931640625,-0.1953125,1.46484375,0.2685546875,0.25634765625,0.01220703125,3.47900390625,0.13427734375,3.3203125,-0.0732421875,2.2705078125,-0.048828125,5.09033203125,-0.2197265625,-0.23193359375,-0.03662109375,0.48828125,-0.20751953125,-0.35400390625,0.0244140625,0.91552734375,0.146484375,-0.30517578125,0.1708984375,0.244140625,-0.390625,-0.50048828125,-0.03662109375,-0.15869140625,-0.03662109375,-1.46484375,-0.341796875,-0.2197265625,-0.40283203125,-0.341796875,0.09765625,-1.35498046875,-0.13427734375,-0.72021484375,-0.01220703125,-0.69580078125,0.048828125,-0.62255859375,-0.0732421875,-0.048828125,-0.18310546875,-0.72021484375,-0.2685546875,-1.40380859375,-0.1220703125,-0.98876953125,-0.2685546875,0.37841796875,0,0.3173828125,-0.03662109375,-0.048828125,-0.06103515625,-0.1708984375,0.03662109375,0.15869140625,-0.09765625,-0.244140625,-0.15869140625,0.54931640625,-0.0244140625,-0.9033203125,0.1953125,-0.9033203125
0,-0.01220703125,-0.29296875,-0.1953125,-0.03662109375,-0.3173828125,-0.23193359375,-0.06103515625,0.18310546875,-0.01220703125,-0.09765625,0.10986328125,-0.9521484375,0.0732421875,1.025390625,-0.13427734375,-0.1953125,-0.29296875,-0.59814453125,0.25634765625,-0.2197265625,-0.13427734375,0.86669921875,-0.08544921875,-0.59814453125,-0.18310546875,-0.10986328125,-0.03662109375,-0.78125,0.244140625,0.91552734375,-0.10986328125,0.0732421875,-0.1708984375,-1.01318359375,-0.28076171875,-1.318359375,-0.4150390625,-1.13525390625,-0.2197265625,-1.28173828125,-0.634765625,-0.23193359375,-0.5126953125,-0.6103515625,-0.06103515625,-0.537109375,0.68359375,0.52490234375,0.1953125,5.4443359375,-0.08544921875,4.11376953125,-0.2685546875,6.14013671875,-0.4638671875,4.1748046875,0.146484375,0.79345703125,0.18310546875,0.54931640625,-0.23193359375,1.4404296875,0.2685546875,0.25634765625,0,4.248046875,0.2197265625,3.89404296875,-0.06103515625,2.81982421875,0.09765625,6.34765625,-0.10986328125,-0.146484375,-0.03662109375,0.48828125,-0.146484375,-0.29296875,0.08544921875,0.9765625,0.1220703125,-0.1953125,0.1708984375,0.3662109375,-0.29296875,-0.4638671875,-0.0244140625,-0.08544921875,-0.06103515625,-1.47705078125,-0.37841796875,-0.2197265625,-0.4638671875,-0.341796875,0.08544921875,-1.3671875,-0.15869140625,-0.72021484375,-0.0244140625,-0.68359375,0.01220703125,-0.62255859375,-0.048828125,-0.03662109375,-0.13427734375,-0.72021484375,-0.3173828125,-1.40380859375,-0.1953125,-0.9765625,-0.15869140625,0.37841796875,0,0.29296875,-0.0244140625,-0.0732421875,-0.0732421875,-0.1220703125,0.048828125,0.1708984375,-0.08544921875,-0.244140625,-0.146484375,0.5126953125,0,-0.9033203125,0.1953125,-0.91552734375
0,0.10986328125,-0.2685546875,-0.1953125,-0.06103515625,-0.30517578125,-0.25634765625,-0.03662109375,0.13427734375,-0.0244140625,-0.09765625,0.10986328125,-0.9521484375,0.1220703125,1.025390625,-0.10986328125,-0.20751953125,-0.25634765625,-0.5859375,0.2685546875,-0.20751953125,-0.03662109375,0.84228515625,-0.10986328125,-0.62255859375,-0.18310546875,-0.08544921875,0.06103515625,-0.76904296875,0.10986328125,0.91552734375,-0.06103515625,0.08544921875,-0.1953125,-0.89111328125,-0.341796875,-1.220703125,-0.30517578125,-0.87890625,-0.1953125,-1.1474609375,-0.57373046875,-0.244140625,-0.4638671875,-0.62255859375,-0.048828125,-0.5126953125,0.7080078125,0.5126953125,0.2685546875,5.84716796875,-0.09765625,4.52880859375,-0.32958984375,6.87255859375,-0.4638671875,4.50439453125,0.146484375,0.79345703125,0.15869140625,0.5615234375,-0.2685546875,1.3671875,0.29296875,0.25634765625,-0.0244140625,4.9560546875,0.244140625,4.35791015625,-0.0244140625,3.3203125,0,7.45849609375,-0.1708984375,-0.06103515625,-0.2197265625,0.52490234375,-0.15869140625,-0.2197265625,-0.06103515625,1.03759765625,0.09765625,-0.06103515625,0.18310546875,0.52490234375,-0.20751953125,-0.4150390625,-0.0244140625,0.01220703125,-0.08544921875,-1.4892578125,-0.3662109375,-0.244140625,-0.47607421875,-0.3173828125,0.06103515625,-1.35498046875,-0.18310546875,-0.72021484375,0.0244140625,-0.69580078125,0.01220703125,-0.6103515625,-0.03662109375,-0.06103515625,-0.0732421875,-0.732421875,-0.32958984375,-1.40380859375,-0.2685546875,-1.0009765625,-0.10986328125,0.37841796875,-0.01220703125,0.30517578125,-0.0244140625,-0.048828125,-0.06103515625,-0.09765625,0.03662109375,0.15869140625,-0.0732421875,-0.25634765625,-0.09765625,0.52490234375,-0.03662109375,-0.9033203125,0.15869140625,-0.91552734375
0,0.23193359375,-0.2685546875,-0.18310546875,-0.10986328125,-0.28076171875,-0.30517578125,0,0.06103515625,-0.01220703125,-0.10986328125,0.1220703125,-0.96435546875,0.10986328125,1.03759765625,-0.09765625,-0.2197265625,-0.1708984375,-0.5859375,0.2685546875,-0.2197265625,0.0244140625,0.8544921875,-0.10986328125,-0.62255859375,-0.1708984375,-0.09765625,0.15869140625,-0.78125,-0.048828125,0.91552734375,-0.048828125,0.048828125,-0.20751953125,-0.76904296875,-0.35400390625,-1.13525390625,-0.1953125,-0.62255859375,-0.1953125,-1.025390625,-0.439453125,-0.25634765625,-0.40283203125,-0.64697265625,-0.048828125,-0.50048828125,0.72021484375,0.48828125,0.35400390625,6.06689453125,-0.10986328125,4.77294921875,-0.29296875,7.32421875,-0.45166015625,4.69970703125,0.146484375,0.79345703125,0.146484375,0.5615234375,-0.30517578125,1.220703125,0.23193359375,0.28076171875,-0.03662109375,5.55419921875,0.2685546875,4.74853515625,0.048828125,3.7353515625,0,8.33740234375,-0.09765625,0.048828125,-0.28076171875,0.6103515625,-0.0244140625,-0.146484375,-0.1220703125,1.13525390625,0.08544921875,0.048828125,0.18310546875,0.69580078125,-0.1708984375,-0.37841796875,-0.03662109375,0.09765625,-0.048828125,-1.52587890625,-0.341796875,-0.28076171875,-0.4638671875,-0.3173828125,0.0244140625,-1.3671875,-0.1953125,-0.72021484375,0.03662109375,-0.72021484375,-0.0244140625,-0.5859375,-0.01220703125,-0.048828125,-0.1220703125,-0.74462890625,-0.3173828125,-1.42822265625,-0.30517578125,-0.98876953125,-0.048828125,0.3662109375,-0.03662109375,0.30517578125,-0.01220703125,-0.048828125,-0.06103515625,-0.0732421875,0.01220703125,0.1708984375,-0.048828125,-0.2685546875,-0.0732421875,0.537109375,-0.03662109375,-0.86669921875,0.146484375,-0.89111328125
0,0.18310546875,-0.2685546875,-0.2197265625,-0.18310546875,-0.29296875,-0.35400390625,-0.01220703125,-0.0244140625,-0.0244140625,-0.10986328125,0.10986328125,-0.96435546875,0.09765625,1.025390625,-0.0732421875,-0.2197265625,-0.10986328125,-0.5859375,0.1708984375,-0.2197265625,0.06103515625,0.84228515625,-0.1708984375,-0.6103515625,-0.1708984375,-0.08544921875,0.1953125,-0.8056640625,-0.15869140625,0.91552734375,-0.0244140625,0.06103515625,-0.2685546875,-0.62255859375,-0.244140625,-1.06201171875,-0.20751953125,-0.48828125,-0.1708984375,-0.89111328125,-0.30517578125,-0.30517578125,-0.28076171875,-0.67138671875,-0.15869140625,-0.47607421875,0.68359375,0.4638671875,0.3662109375,6.103515625,-0.146484375,4.8583984375,-0.2685546875,7.421875,-0.40283203125,4.7119140625,-0.01220703125,0.79345703125,0.15869140625,0.5615234375,-0.29296875,1.0498046875,0.1708984375,0.25634765625,-0.0244140625,6.005859375,0.30517578125,5.04150390625,0.08544921875,4.04052734375,-0.1220703125,8.9599609375,-0.01220703125,0.146484375,-0.1953125,0.67138671875,0.13427734375,-0.0732421875,-0.146484375,1.1962890625,0.146484375,0.10986328125,0.20751953125,0.79345703125,-0.048828125,-0.35400390625,0.0244140625,0.15869140625,-0.0244140625,-1.52587890625,-0.25634765625,-0.28076171875,-0.40283203125,-0.32958984375,-0.0244140625,-1.37939453125,-0.15869140625,-0.7080078125,0.0244140625,-0.732421875,-0.0732421875,-0.57373046875,-0.01220703125,-0.06103515625,-0.13427734375,-0.76904296875,-0.2685546875,-1.42822265625,-0.30517578125,-0.9765625,-0.03662109375,0.3662109375,-0.048828125,0.30517578125,-0.048828125,-0.048828125,-0.06103515625,-0.06103515625,0,0.15869140625,-0.0732421875,-0.25634765625,-0.08544921875,0.54931640625,-0.06103515625,-0.81787109375,0.0732421875,-0.86669921875
0,0.1953125,-0.20751953125,-0.1953125,-0.2197265625,-0.2197265625,-0.35400390625,0.0244140625,-0.048828125,-0.01220703125,-0.09765625,0.10986328125,-0.9521484375,0.10986328125,1.025390625,-0.048828125,-0.20751953125,-0.06103515625,-0.57373046875,0.10986328125,-0.23193359375,0.06103515625,0.81787109375,-0.1953125,-0.6103515625,-0.13427734375,-0.09765625,0.20751953125,-0.79345703125,-0.2197265625,0.927734375,-0.06103515625,0.0732421875,-0.28076171875,-0.537109375,-0.13427734375,-1.0009765625,-0.15869140625,-0.439453125,-0.06103515625,-0.8056640625,-0.146484375,-0.30517578125,-0.10986328125,-0.7080078125,-0.23193359375,-0.4638671875,0.7568359375,0.47607421875,0.3662109375,5.94482421875,-0.146484375,4.77294921875,-0.2685546875,7.21435546875,-0.4150390625,4.6142578125,-0.08544921875,0.78125,0.18310546875,0.54931640625,-0.244140625,0.8544921875,0.1708984375,0.2685546875,-0.03662109375,6.23779296875,0.29296875,5.16357421875,0.10986328125,4.18701171875,-0.2197265625,9.228515625,-0.13427734375,0.20751953125,-0.2685546875,0.8056640625,0.146484375,-0.0244140625,-0.29296875,1.28173828125,0.18310546875,0.10986328125,0.18310546875,0.84228515625,-0.048828125,-0.37841796875,0.03662109375,0.18310546875,0,-1.55029296875,-0.1220703125,-0.29296875,-0.35400390625,-0.32958984375,-0.08544921875,-1.3916015625,-0.15869140625,-0.7080078125,0.048828125,-0.74462890625,-0.1220703125,-0.5859375,0.01220703125,-0.06103515625,-0.13427734375,-0.76904296875,-0.23193359375,-1.45263671875,-0.29296875,-1.0009765625,-0.048828125,0.37841796875,-0.0732421875,0.30517578125,-0.0732421875,-0.0244140625,-0.0732421875,-0.0732421875,-0.01220703125,0.15869140625,-0.03662109375,-0.244140625,-0.08544921875,0.54931640625,-0.0244140625,-0.78125,0.1220703125,-0.830078125
0,0.1220703125,-0.048828125,-0.20751953125,-0.20751953125,-0.1708984375,-0.35400390625,0.03662109375,-0.0244140625,-0.01220703125,-0.09765625,0.1220703125,-0.9521484375,0.10986328125,1.01318359375,-0.03662109375,-0.2197265625,-0.0244140625,-0.5859375,0,-0.2197265625,-0.0244140625,0.830078125,-0.28076171875,-0.6103515625,-0.10986328125,-0.1220703125,0.18310546875,-0.79345703125,-0.25634765625,0.927734375,-0.1220703125,0.06103515625,-0.390625,-0.48828125,-0.0244140625,-0.96435546875,-0.244140625,-0.47607421875,-0.048828125,-0.7568359375,-0.0244140625,-0.3173828125,0.048828125,-0.7080078125,-0.341796875,-0.47607421875,0.68359375,0.47607421875,0.3173828125,5.65185546875,-0.146484375,4.52880859375,-0.20751953125,6.7626953125,-0.35400390625,4.3701171875,-0.2197265625,0.78125,0.18310546875,0.54931640625,-0.2197265625,0.6591796875,0.1708984375,0.25634765625,0,6.28662109375,0.28076171875,5.13916015625,0.08544921875,4.21142578125,-0.28076171875,9.1552734375,-0.15869140625,0.30517578125,-0.244140625,0.89111328125,0.20751953125,0.06103515625,-0.2685546875,1.3916015625,0.244140625,0.06103515625,0.28076171875,0.830078125,0.048828125,-0.4150390625,0.09765625,0.15869140625,0,-1.5625,0.01220703125,-0.29296875,-0.30517578125,-0.341796875,-0.09765625,-1.3916015625,-0.1220703125,-0.72021484375,0.03662109375,-0.732421875,-0.15869140625,-0.62255859375,0.0244140625,-0.0732421875,-0.18310546875,-0.7568359375,-0.1953125,-1.45263671875,-0.2685546875,-0.98876953125,-0.09765625,0.3662109375,-0.06103515625,0.30517578125,-0.08544921875,-0.0244140625,-0.0732421875,-0.048828125,-0.01220703125,0.15869140625,-0.0244140625,-0.244140625,-0.0732421875,0.59814453125,-0.01220703125,-0.7568359375,0.13427734375,-0.78125
0,0.13427734375,0.25634765625,-0.1953125,-0.08544921875,-0.146484375,-0.2685546875,0.06103515625,0.0732421875,-0.03662109375,-0.08544921875,0.10986328125,-0.927734375,0.13427734375,1.01318359375,-0.0244140625,-0.2197265625,0.01220703125,-0.62255859375,-0.09765625,-0.20751953125,-0.15869140625,0.81787109375,-0.341796875,-0.6103515625,-0.15869140625,-0.10986328125,0.13427734375,-0.78125,-0.244140625,0.89111328125,-0.20751953125,0.06103515625,-0.3662109375,-0.45166015625,0.1220703125,-0.9765625,-0.32958984375,-0.59814453125,0.0244140625,-0.732421875,0.0732421875,-0.3173828125,0.2197265625,-0.72021484375,-0.439453125,-0.47607421875,0.634765625,0.48828125,0.2685546875,5.224609375,-0.146484375,4.16259765625,-0.20751953125,6.11572265625,-0.29296875,4.04052734375,-0.25634765625,0.78125,0.15869140625,0.57373046875,-0.15869140625,0.50048828125,0.10986328125,0.244140625,0.03662109375,6.11572265625,0.2197265625,4.9560546875,0.01220703125,4.052734375,-0.29296875,8.7890625,-0.244140625,0.4150390625,-0.18310546875,0.9765625,0.1708984375,0.1220703125,-0.244140625,1.46484375,0.20751953125,-0.06103515625,0.29296875,0.69580078125,0.0732421875,-0.48828125,0.06103515625,0.0732421875,0.048828125,-1.5625,0.1220703125,-0.29296875,-0.20751953125,-0.341796875,-0.09765625,-1.40380859375,-0.08544921875,-0.72021484375,-0.0244140625,-0.7080078125,-0.23193359375,-0.64697265625,0,-0.0732421875,-0.146484375,-0.732421875,-0.23193359375,-1.46484375,-0.244140625,-1.01318359375,-0.146484375,0.3662109375,-0.08544921875,0.29296875,-0.13427734375,-0.01220703125,-0.06103515625,-0.06103515625,-0.0244140625,0.1708984375,-0.048828125,-0.2197265625,-0.09765625,0.62255859375,-0.048828125,-0.74462890625,0.13427734375,-0.7568359375
0,0.0244140625,0.72021484375,-0.2197265625,0.09765625,-0.1220703125,-0.10986328125,0.06103515625,0.28076171875,-0.048828125,-0.09765625,0.1220703125,-0.93994140625,0.1220703125,1.01318359375,-0.03662109375,-0.1953125,0.03662109375,-0.634765625,-0.20751953125,-0.1953125,-0.28076171875,0.84228515625,-0.390625,-0.59814453125,-0.1953125,-0.13427734375,0.08544921875,-0.78125,-0.18310546875,0.89111328125,-0.2685546875,0.0732421875,-0.244140625,-0.4638671875,0.244140625,-1.0009765625,-0.3173828125,-0.72021484375,0.0732421875,-0.74462890625,0.13427734375,-0.30517578125,0.32958984375,-0.7080078125,-0.48828125,-0.4638671875,0.64697265625,0.48828125,0.2197265625,4.74853515625,-0.13427734375,3.72314453125,-0.2197265625,5.37109375,-0.25634765625,3.6376953125,-0.3173828125,0.78125,0.1220703125,0.57373046875,-0.146484375,0.390625,-0.01220703125,0.25634765625,0,5.74951171875,0.146484375,4.6630859375,-0.048828125,3.7841796875,-0.3173828125,8.1298828125,-0.37841796875,0.5126953125,-0.23193359375,1.07421875,0.146484375,0.2197265625,-0.18310546875,1.57470703125,0.1953125,-0.20751953125,0.35400390625,0.52490234375,0.18310546875,-0.5615234375,0.06103515625,-0.03662109375,0.08544921875,-1.5625,0.23193359375,-0.30517578125,-0.10986328125,-0.341796875,-0.06103515625,-1.42822265625,-0.10986328125,-0.732421875,-0.048828125,-0.69580078125,-0.25634765625,-0.64697265625,-0.01220703125,-0.06103515625,-0.13427734375,-0.732421875,-0.2197265625,-1.47705078125,-0.23193359375,-1.0009765625,-0.20751953125,0.341796875,-0.08544921875,0.28076171875,-0.146484375,-0.01220703125,-0.06103515625,-0.06103515625,0,0.146484375,-0.03662109375,-0.20751953125,-0.09765625,0.634765625,-0.06103515625,-0.74462890625,0.1708984375,-0.74462890625
0,0,1.3671875,-0.25634765625,0.390625,-0.10986328125,0.15869140625,0.0732421875,0.537109375,-0.0732421875,-0.08544921875,0.1220703125,-0.93994140625,0.10986328125,1.01318359375,-0.048828125,-0.18310546875,0,-0.64697265625,-0.25634765625,-0.18310546875,-0.37841796875,0.830078125,-0.439453125,-0.57373046875,-0.25634765625,-0.146484375,0.0244140625,-0.78125,-0.10986328125,0.89111328125,-0.244140625,0.0732421875,-0.244140625,-0.48828125,0.3662109375,-1.0009765625,-0.4150390625,-0.8544921875,-0.0244140625,-0.79345703125,0.09765625,-0.2685546875,0.37841796875,-0.69580078125,-0.5126953125,-0.47607421875,0.68359375,0.5126953125,0.20751953125,4.2724609375,-0.10986328125,3.22265625,-0.20751953125,4.60205078125,-0.1708984375,3.2470703125,-0.30517578125,0.79345703125,0.13427734375,0.57373046875,-0.09765625,0.35400390625,-0.06103515625,0.23193359375,0.03662109375,5.2490234375,0.1220703125,4.248046875,-0.13427734375,3.3935546875,-0.25634765625,7.2998046875,-0.4150390625,0.634765625,-0.1708984375,1.171875,0.18310546875,0.32958984375,-0.0244140625,1.708984375,0.146484375,-0.37841796875,0.40283203125,0.32958984375,0.25634765625,-0.6103515625,-0.01220703125,-0.18310546875,0.10986328125,-1.5625,0.25634765625,-0.29296875,0,-0.341796875,0.01220703125,-1.416015625,-0.1220703125,-0.74462890625,-0.08544921875,-0.69580078125,-0.25634765625,-0.64697265625,-0.06103515625,-0.06103515625,-0.13427734375,-0.7080078125,-0.1220703125,-1.47705078125,-0.2197265625,-1.0009765625,-0.2685546875,0.37841796875,-0.09765625,0.2685546875,-0.15869140625,-0.01220703125,-0.06103515625,-0.048828125,-0.01220703125,0.146484375,-0.048828125,-0.18310546875,-0.1220703125,0.67138671875,-0.06103515625,-0.74462890625,0.15869140625,-0.732421875
1,-0.13427734375,2.197265625,-0.28076171875,0.76904296875,-0.09765625,0.47607421875,0.0732421875,0.927734375,-0.09765625,-0.0732421875,0.146484375,-0.93994140625,0.08544921875,1.01318359375,-0.06103515625,-0.1708984375,-0.08544921875,-0.64697265625,-0.30517578125,-0.1708984375,-0.439453125,0.830078125,-0.4150390625,-0.5859375,-0.29296875,-0.15869140625,-0.06103515625,-0.78125,-0.048828125,0.87890625,-0.2197265625,0.09765625,-0.18310546875,-0.5126953125,0.50048828125,-0.98876953125,-0.48828125,-0.927734375,-0.03662109375,-0.79345703125,0.01220703125,-0.2685546875,0.341796875,-0.68359375,-0.52490234375,-0.47607421875,0.74462890625,0.54931640625,0.1220703125,3.79638671875,-0.10986328125,2.7587890625,-0.23193359375,3.84521484375,-0.08544921875,2.83203125,-0.32958984375,0.8056640625,0.1220703125,0.57373046875,-0.048828125,0.390625,-0.09765625,0.2197265625,0.06103515625,4.65087890625,0.03662109375,3.79638671875,-0.2197265625,2.9541015625,-0.244140625,6.3720703125,-0.45166015625,0.78125,-0.20751953125,1.220703125,0.146484375,0.4638671875,0.06103515625,1.85546875,0.10986328125,-0.47607421875,0.4150390625,0.18310546875,0.32958984375,-0.57373046875,-0.0732421875,-0.25634765625,0.1220703125,-1.52587890625,0.2685546875,-0.29296875,0.09765625,-0.32958984375,0.03662109375,-1.40380859375,-0.09765625,-0.72021484375,-0.15869140625,-0.68359375,-0.244140625,-0.64697265625,-0.09765625,-0.06103515625,-0.0732421875,-0.7080078125,-0.09765625,-1.46484375,-0.18310546875,-1.025390625,-0.29296875,0.37841796875,-0.09765625,0.2685546875,-0.1708984375,-0.0244140625,-0.0732421875,-0.03662109375,0.0244140625,0.1220703125,-0.048828125,-0.15869140625,-0.09765625,0.64697265625,-0.08544921875,-0.74462890625,0.15869140625,-0.72021484375
1,-0.13427734375,3.125,-0.32958984375,1.171875,-0.09765625,0.8544921875,0.03662109375,1.3427734375,-0.13427734375,-0.0732421875,0.146484375,-0.9521484375,0.10986328125,1.025390625,-0.08544921875,-0.18310546875,-0.1708984375,-0.62255859375,-0.30517578125,-0.15869140625,-0.439453125,0.8544921875,-0.40283203125,-0.5859375,-0.2685546875,-0.15869140625,-0.13427734375,-0.79345703125,-0.01220703125,0.9033203125,-0.1953125,0.08544921875,-0.13427734375,-0.4638671875,0.57373046875,-0.96435546875,-0.48828125,-0.9521484375,-0.10986328125,-0.78125,-0.10986328125,-0.244140625,0.23193359375,-0.67138671875,-0.47607421875,-0.5126953125,0.7080078125,0.5615234375,0.10986328125,3.369140625,-0.13427734375,2.294921875,-0.29296875,3.1982421875,-0.0244140625,2.44140625,-0.341796875,0.8056640625,0.0732421875,0.5859375,-0.0732421875,0.47607421875,-0.10986328125,0.20751953125,0.13427734375,3.9794921875,-0.0244140625,3.30810546875,-0.2685546875,2.47802734375,-0.29296875,5.37109375,-0.439453125,0.93994140625,-0.28076171875,1.3427734375,0.1220703125,0.59814453125,0.13427734375,2.01416015625,0.1220703125,-0.50048828125,0.40283203125,0.1708984375,0.3662109375,-0.439453125,-0.0732421875,-0.25634765625,0.13427734375,-1.513671875,0.25634765625,-0.29296875,0.20751953125,-0.35400390625,0.10986328125,-1.416015625,-0.06103515625,-0.72021484375,-0.20751953125,-0.67138671875,-0.23193359375,-0.634765625,-0.1220703125,-0.048828125,-0.0732421875,-0.72021484375,-0.048828125,-1.46484375,-0.13427734375,-1.01318359375,-0.32958984375,0.37841796875,-0.09765625,0.25634765625,-0.1953125,-0.03662109375,-0.0732421875,-0.03662109375,0.03662109375,0.13427734375,-0.01220703125,-0.1220703125,-0.0732421875,0.64697265625,-0.06103515625,-0.74462890625,0.15869140625,-0.732421875
1,-0.01220703125,4.08935546875,-0.3662109375,1.5869140625,-0.0732421875,1.25732421875,0.0732421875,1.77001953125,-0.15869140625,-0.0732421875,0.10986328125,-0.9521484375,0.1220703125,1.0498046875,-0.06103515625,-0.18310546875,-0.23193359375,-0.59814453125,-0.28076171875,-0.146484375,-0.35400390625,0.87890625,-0.341796875,-0.59814453125,-0.28076171875,-0.146484375,-0.146484375,-0.76904296875,-0.03662109375,0.89111328125,-0.1708984375,0.10986328125,-0.1708984375,-0.390625,0.5859375,-0.86669921875,-0.5615234375,-0.86669921875,-0.1953125,-0.72021484375,-0.2197265625,-0.23193359375,0.08544921875,-0.6591796875,-0.37841796875,-0.50048828125,0.62255859375,0.5615234375,0.09765625,2.978515625,-0.1708984375,1.89208984375,-0.3173828125,2.6611328125,-0.01220703125,2.11181640625,-0.35400390625,0.830078125,-0.0244140625,0.59814453125,-0.048828125,0.6103515625,-0.13427734375,0.23193359375,0.18310546875,3.30810546875,-0.03662109375,2.83203125,-0.29296875,2.001953125,-0.3173828125,4.4189453125,-0.40283203125,1.0986328125,-0.29296875,1.40380859375,0.10986328125,0.7568359375,0.244140625,2.1728515625,0.09765625,-0.35400390625,0.35400390625,0.3173828125,0.30517578125,-0.10986328125,-0.0732421875,-0.13427734375,0.09765625,-1.4892578125,0.244140625,-0.28076171875,0.3173828125,-0.37841796875,0.146484375,-1.416015625,-0.06103515625,-0.69580078125,-0.23193359375,-0.6591796875,-0.2197265625,-0.634765625,-0.13427734375,-0.048828125,-0.08544921875,-0.7080078125,0,-1.4404296875,-0.10986328125,-1.0009765625,-0.341796875,0.390625,-0.0732421875,0.28076171875,-0.20751953125,-0.0244140625,-0.0732421875,-0.06103515625,0.048828125,0.13427734375,-0.0244140625,-0.08544921875,-0.1220703125,0.68359375,-0.06103515625,-0.74462890625,0.146484375,-0.7080078125
1,0,5.0048828125,-0.341796875,2.001953125,-0.03662109375,1.62353515625,0.06103515625,2.18505859375,-0.15869140625,-0.08544921875,0.09765625,-0.96435546875,0.10986328125,1.03759765625,-0.03662109375,-0.1953125,-0.28076171875,-0.59814453125,-0.244140625,-0.15869140625,-0.2685546875,0.86669921875,-0.244140625,-0.59814453125,-0.3173828125,-0.146484375,-0.15869140625,-0.8056640625,-0.13427734375,0.89111328125,-0.20751953125,0.08544921875,-0.20751953125,-0.2197265625,0.5859375,-0.74462890625,-0.537109375,-0.69580078125,-0.23193359375,-0.5859375,-0.29296875,-0.23193359375,-0.06103515625,-0.6591796875,-0.2685546875,-0.47607421875,0.78125,0.57373046875,0.0732421875,2.62451171875,-0.18310546875,1.5625,-0.3662109375,2.16064453125,0.03662109375,1.79443359375,-0.28076171875,0.830078125,-0.03662109375,0.5615234375,0.0732421875,0.7568359375,-0.146484375,0.2197265625,0.1708984375,2.69775390625,-0.06103515625,2.40478515625,-0.25634765625,1.5625,-0.37841796875,3.5400390625,-0.30517578125,1.25732421875,-0.244140625,1.47705078125,0.09765625,0.9033203125,0.3173828125,2.34375,0.06103515625,0.01220703125,0.244140625,0.69580078125,0.32958984375,0.4150390625,-0.06103515625,0.18310546875,0.03662109375,-1.47705078125,0.23193359375,-0.244140625,0.45166015625,-0.390625,0.1953125,-1.416015625,-0.0732421875,-0.7080078125,-0.2685546875,-0.67138671875,-0.1708984375,-0.62255859375,-0.09765625,-0.0244140625,-0.03662109375,-0.7080078125,0.01220703125,-1.45263671875,-0.0732421875,-1.025390625,-0.341796875,0.390625,-0.08544921875,0.29296875,-0.1708984375,-0.03662109375,-0.06103515625,-0.06103515625,0.0732421875,0.146484375,-0.0244140625,-0.03662109375,-0.13427734375,0.69580078125,-0.03662109375,-0.7080078125,0.13427734375,-0.68359375
1,-0.09765625,5.77392578125,-0.390625,2.33154296875,-0.06103515625,1.91650390625,0.048828125,2.50244140625,-0.13427734375,-0.08544921875,0.10986328125,-0.9765625,0.09765625,1.025390625,-0.048828125,-0.18310546875,-0.28076171875,-0.5615234375,-0.1708984375,-0.1708984375,-0.1708984375,0.86669921875,-0.146484375,-0.57373046875,-0.30517578125,-0.10986328125,-0.09765625,-0.79345703125,-0.23193359375,0.89111328125,-0.2685546875,0.08544921875,-0.244140625,-0.01220703125,0.5615234375,-0.57373046875,-0.47607421875,-0.45166015625,-0.32958984375,-0.439453125,-0.341796875,-0.23193359375,-0.18310546875,-0.6591796875,-0.0732421875,-0.45166015625,0.830078125,0.54931640625,0.09765625,2.28271484375,-0.18310546875,1.25732421875,-0.3662109375,1.7578125,0.0244140625,1.5625,-0.23193359375,0.84228515625,-0.03662109375,0.57373046875,0.03662109375,0.87890625,-0.10986328125,0.244140625,0.18310546875,2.11181640625,-0.06103515625,2.03857421875,-0.1953125,1.1962890625,-0.42724609375,2.783203125,-0.23193359375,1.40380859375,-0.1953125,1.5625,0.146484375,1.03759765625,0.35400390625,2.44140625,0.09765625,0.537109375,0.18310546875,1.30615234375,0.390625,1.123046875,0,0.634765625,0,-1.4892578125,0.2197265625,-0.23193359375,0.5615234375,-0.390625,0.2197265625,-1.40380859375,-0.10986328125,-0.69580078125,-0.2197265625,-0.67138671875,-0.10986328125,-0.59814453125,-0.08544921875,-0.06103515625,-0.01220703125,-0.7080078125,0.048828125,-1.4404296875,-0.06103515625,-1.0009765625,-0.32958984375,0.3662109375,-0.048828125,0.30517578125,-0.15869140625,-0.0244140625,-0.0732421875,-0.08544921875,0.06103515625,0.13427734375,-0.03662109375,-0.01220703125,-0.13427734375,0.6591796875,-0.0244140625,-0.69580078125,0.09765625,-0.64697265625
1,-0.0732421875,6.3720703125,-0.341796875,2.57568359375,-0.03662109375,2.13623046875,0.10986328125,2.72216796875,-0.1708984375,-0.09765625,0.08544921875,-0.9765625,0.10986328125,1.03759765625,-0.01220703125,-0.1953125,-0.23193359375,-0.5615234375,-0.146484375,-0.15869140625,-0.06103515625,0.87890625,-0.0732421875,-0.57373046875,-0.32958984375,-0.09765625,-0.06103515625,-0.79345703125,-0.30517578125,0.89111328125,-0.30517578125,0.09765625,-0.2685546875,0.244140625,0.48828125,-0.42724609375,-0.47607421875,-0.20751953125,-0.4150390625,-0.244140625,-0.341796875,-0.244140625,-0.30517578125,-0.68359375,0.08544921875,-0.439453125,0.79345703125,0.5615234375,0.06103515625,1.9775390625,-0.18310546875,0.9765625,-0.390625,1.40380859375,-0.0244140625,1.318359375,-0.20751953125,0.8544921875,-0.01220703125,0.54931640625,0.048828125,0.9521484375,0,0.25634765625,0.13427734375,1.64794921875,-0.06103515625,1.7333984375,-0.1220703125,0.8544921875,-0.5126953125,2.16064453125,-0.15869140625,1.47705078125,-0.1708984375,1.5625,0.20751953125,1.06201171875,0.32958984375,2.52685546875,0.1220703125,1.2451171875,0.09765625,2.11181640625,0.341796875,1.98974609375,-0.01220703125,1.20849609375,-0.048828125,-1.50146484375,0.146484375,-0.20751953125,0.64697265625,-0.390625,0.1953125,-1.40380859375,-0.10986328125,-0.68359375,-0.18310546875,-0.68359375,0,-0.5859375,-0.06103515625,-0.048828125,0.048828125,-0.72021484375,0.06103515625,-1.45263671875,-0.03662109375,-1.0009765625,-0.32958984375,0.3662109375,-0.0732421875,0.30517578125,-0.146484375,-0.03662109375,-0.08544921875,-0.09765625,0.03662109375,0.146484375,0,0.0244140625,-0.15869140625,0.68359375,-0.0244140625,-0.64697265625,0.08544921875,-0.62255859375
1,-0.0732421875,6.67724609375,-0.341796875,2.7099609375,-0.0244140625,2.23388671875,0.08544921875,2.86865234375,-0.15869140625,-0.09765625,0.06103515625,-0.96435546875,0.08544921875,1.0009765625,-0.01220703125,-0.18310546875,-0.1953125,-0.5615234375,-0.08544921875,-0.1953125,0.03662109375,0.86669921875,-0.048828125,-0.59814453125,-0.32958984375,-0.10986328125,-0.01220703125,-0.79345703125,-0.341796875,0.927734375,-0.29296875,0.10986328125,-0.20751953125,0.47607421875,0.439453125,-0.25634765625,-0.4150390625,0,-0.37841796875,-0.03662109375,-0.341796875,-0.2685546875,-0.4150390625,-0.68359375,0.1953125,-0.45166015625,0.87890625,0.54931640625,0.048828125,1.67236328125,-0.1708984375,0.72021484375,-0.439453125,1.06201171875,-0.048828125,1.08642578125,-0.20751953125,0.8544921875,0.048828125,0.5615234375,0.06103515625,1.0009765625,0.09765625,0.28076171875,0.13427734375,1.25732421875,-0.06103515625,1.4892578125,-0.0244140625,0.59814453125,-0.634765625,1.64794921875,-0.13427734375,1.513671875,-0.10986328125,1.52587890625,0.32958984375,1.0986328125,0.244140625,2.5146484375,0.10986328125,2.05078125,-0.01220703125,3.0517578125,0.3173828125,3.0029296875,-0.08544921875,1.904296875,-0.09765625,-1.50146484375,0.1220703125,-0.1953125,0.69580078125,-0.390625,0.15869140625,-1.37939453125,-0.10986328125,-0.69580078125,-0.15869140625,-0.72021484375,0.08544921875,-0.5859375,-0.03662109375,-0.048828125,0.0732421875,-0.7080078125,0.0732421875,-1.45263671875,-0.048828125,-1.0009765625,-0.30517578125,0.341796875,-0.06103515625,0.30517578125,-0.08544921875,-0.0244140625,-0.0732421875,-0.1220703125,0.03662109375,0.146484375,0,0.03662109375,-0.1708984375,0.6591796875,-0.048828125,-0.62255859375,0.0732421875,-0.59814453125
1,0,6.7626953125,-0.3173828125,2.734375,0,2.23388671875,0.09765625,2.89306640625,-0.18310546875,-0.10986328125,0.06103515625,-0.9521484375,0.08544921875,1.01318359375,0,-0.146484375,-0.13427734375,-0.62255859375,-0.0244140625,-0.20751953125,0.13427734375,0.8544921875,-0.0244140625,-0.6103515625,-0.23193359375,-0.10986328125,0.06103515625,-0.8056640625,-0.37841796875,0.9033203125,-0.25634765625,0.08544921875,-0.18310546875,0.69580078125,0.390625,-0.13427734375,-0.3662109375,0.1708984375,-0.341796875,0.146484375,-0.341796875,-0.30517578125,-0.50048828125,-0.7080078125,0.244140625,-0.42724609375,0.79345703125,0.54931640625,0.0244140625,1.3671875,-0.1708984375,0.4638671875,-0.4150390625,0.67138671875,-0.10986328125,0.89111328125,-0.29296875,0.8544921875,0.08544921875,0.54931640625,0.09765625,0.98876953125,0.1220703125,0.2685546875,0.03662109375,0.927734375,-0.1220703125,1.2939453125,0.03662109375,0.4150390625,-0.74462890625,1.26953125,-0.20751953125,1.47705078125,-0.0732421875,1.4404296875,0.37841796875,1.025390625,0.18310546875,2.4658203125,0.1708984375,2.89306640625,-0.06103515625,4.0283203125,0.3662109375,4.052734375,-0.1220703125,2.62451171875,-0.09765625,-1.513671875,0.0732421875,-0.1953125,0.7080078125,-0.390625,0.10986328125,-1.3671875,-0.10986328125,-0.72021484375,-0.13427734375,-0.72021484375,0.146484375,-0.6103515625,0.01220703125,-0.06103515625,0.0732421875,-0.7080078125,0.09765625,-1.4404296875,-0.0732421875,-1.0009765625,-0.244140625,0.3662109375,-0.0732421875,0.29296875,-0.08544921875,-0.03662109375,-0.0732421875,-0.1220703125,0.03662109375,0.15869140625,0.01220703125,0.0244140625,-0.146484375,0.6591796875,-0.048828125,-0.6103515625,0.08544921875,-0.59814453125
1,-0.0244140625,6.591796875,-0.28076171875,2.6123046875,0.048828125,2.1484375,0.09765625,2.8076171875,-0.1953125,-0.13427734375,0.09765625,-0.93994140625,0.10986328125,0.98876953125,0.0244140625,-0.1708984375,-0.0732421875,-0.6103515625,0.0244140625,-0.2197265625,0.25634765625,0.84228515625,0.01220703125,-0.5859375,-0.20751953125,-0.1220703125,0.08544921875,-0.79345703125,-0.341796875,0.89111328125,-0.23193359375,0.08544921875,-0.244140625,0.830078125,0.341796875,-0.08544921875,-0.30517578125,0.25634765625,-0.20751953125,0.2685546875,-0.341796875,-0.30517578125,-0.52490234375,-0.72021484375,0.23193359375,-0.439453125,0.732421875,0.5615234375,-0.03662109375,1.0986328125,-0.08544921875,0.244140625,-0.40283203125,0.29296875,-0.1953125,0.69580078125,-0.341796875,0.8544921875,0.146484375,0.54931640625,0.10986328125,0.9033203125,0.13427734375,0.244140625,-0.01220703125,0.6591796875,-0.13427734375,1.13525390625,0.03662109375,0.2197265625,-0.84228515625,0.91552734375,-0.244140625,1.35498046875,0.03662109375,1.35498046875,0.4150390625,0.93994140625,0.09765625,2.3193359375,0.18310546875,3.67431640625,-0.0732421875,4.91943359375,0.3662109375,5.0537109375,-0.1220703125,3.3203125,-0.08544921875,-1.50146484375,0.06103515625,-0.18310546875,0.64697265625,-0.37841796875,0.09765625,-1.35498046875,-0.1220703125,-0.732421875,-0.1220703125,-0.72021484375,0.1708984375,-0.62255859375,0.048828125,-0.08544921875,0.0244140625,-0.7080078125,0.10986328125,-1.45263671875,-0.10986328125,-1.025390625,-0.244140625,0.341796875,-0.048828125,0.29296875,-0.08544921875,-0.0244140625,-0.06103515625,-0.13427734375,0.01220703125,0.146484375,0.01220703125,-0.01220703125,-0.15869140625,0.6591796875,-0.03662109375,-0.634765625,0.10986328125,-0.6103515625
1,-0.09765625,6.21337890625,-0.28076171875,2.45361328125,0.08544921875,1.98974609375,0.10986328125,2.63671875,-0.1953125,-0.09765625,0.08544921875,-0.93994140625,0.10986328125,1.0009765625,0.03662109375,-0.146484375,-0.0244140625,-0.64697265625,0.06103515625,-0.20751953125,0.30517578125,0.8544921875,0.048828125,-0.59814453125,-0.1708984375,-0.1220703125,0.1220703125,-0.8056640625,-0.28076171875,0.9033203125,-0.1953125,0.09765625,-0.20751953125,0.89111328125,0.28076171875,-0.0732421875,-0.2197265625,0.244140625,-0.06103515625,0.35400390625,-0.35400390625,-0.30517578125,-0.47607421875,-0.72021484375,0.15869140625,-0.45166015625,0.68359375,0.6103515625,-0.1220703125,0.8544921875,-0.0244140625,0.0244140625,-0.4150390625,-0.0732421875,-0.25634765625,0.52490234375,-0.32958984375,0.8544921875,0.18310546875,0.54931640625,0.048828125,0.79345703125,0.2197265625,0.23193359375,0.01220703125,0.390625,-0.1220703125,1.025390625,0.0732421875,0.10986328125,-0.78125,0.6103515625,-0.35400390625,1.2451171875,0.09765625,1.220703125,0.30517578125,0.81787109375,-0.01220703125,2.18505859375,0.15869140625,4.3212890625,-0.0732421875,5.67626953125,0.20751953125,5.89599609375,-0.09765625,3.84521484375,-0.048828125,-1.513671875,0.048828125,-0.1953125,0.59814453125,-0.37841796875,0.08544921875,-1.35498046875,-0.09765625,-0.732421875,-0.09765625,-0.732421875,0.13427734375,-0.634765625,0.06103515625,-0.06103515625,-0.01220703125,-0.7080078125,0.0732421875,-1.45263671875,-0.15869140625,-1.025390625,-0.2197265625,0.32958984375,-0.06103515625,0.28076171875,-0.06103515625,-0.01220703125,-0.06103515625,-0.13427734375,0.0244140625,0.146484375,0,-0.048828125,-0.15869140625,0.62255859375,-0.01220703125,-0.6591796875,0.10986328125,-0.64697265625
1,-0.1220703125,5.6884765625,-0.2685546875,2.24609375,0.1220703125,1.81884765625,0.1220703125,2.45361328125,-0.1953125,-0.1220703125,0.10986328125,-0.927734375,0.15869140625,1.0009765625,0.06103515625,-0.146484375,0,-0.68359375,0.09765625,-0.2197265625,0.341796875,0.84228515625,0.03662109375,-0.62255859375,-0.18310546875,-0.10986328125,0.1220703125,-0.78125,-0.244140625,0.87890625,-0.20751953125,0.08544921875,-0.20751953125,0.86669921875,0.25634765625,-0.13427734375,-0.15869140625,0.15869140625,0.0244140625,0.341796875,-0.29296875,-0.28076171875,-0.37841796875,-0.69580078125,0.06103515625,-0.47607421875,0.7568359375,0.62255859375,-0.1953125,0.64697265625,0.01220703125,-0.1708984375,-0.47607421875,-0.42724609375,-0.3662109375,0.35400390625,-0.30517578125,0.84228515625,0.2197265625,0.57373046875,0.0244140625,0.69580078125,0.2685546875,0.23193359375,0.01220703125,0.18310546875,-0.13427734375,0.9033203125,0.09765625,0,-0.69580078125,0.32958984375,-0.4150390625,1.11083984375,0.1220703125,1.0986328125,0.23193359375,0.68359375,-0.01220703125,2.05078125,0.18310546875,4.7607421875,0.01220703125,6.1767578125,0.13427734375,6.54296875,-0.0244140625,4.248046875,-0.03662109375,-1.52587890625,0.06103515625,-0.20751953125,0.4638671875,-0.341796875,0.0732421875,-1.3671875,-0.08544921875,-0.74462890625,-0.03662109375,-0.732421875,0.08544921875,-0.634765625,0.09765625,-0.0732421875,-0.0244140625,-0.7080078125,0.06103515625,-1.45263671875,-0.18310546875,-1.03759765625,-0.1953125,0.35400390625,-0.048828125,0.29296875,-0.048828125,-0.0244140625,-0.09765625,-0.1220703125,0.01220703125,0.146484375,0.01220703125,-0.08544921875,-0.09765625,0.62255859375,-0.01220703125,-0.732421875,0.09765625,-0.67138671875
1,-0.15869140625,5.09033203125,-0.25634765625,2.05078125,0.1220703125,1.6357421875,0.13427734375,2.2216796875,-0.1953125,-0.10986328125,0.10986328125,-0.927734375,0.18310546875,1.01318359375,0.048828125,-0.18310546875,0,-0.6591796875,0.09765625,-0.2197265625,0.37841796875,0.81787109375,-0.06103515625,-0.5859375,-0.23193359375,-0.1220703125,0.1220703125,-0.79345703125,-0.1220703125,0.87890625,-0.20751953125,0.09765625,-0.1708984375,0.76904296875,0.2197265625,-0.244140625,-0.13427734375,0.03662109375,0.0732421875,0.28076171875,-0.244140625,-0.25634765625,-0.2685546875,-0.68359375,-0.06103515625,-0.48828125,0.732421875,0.68359375,-0.18310546875,0.48828125,0.08544921875,-0.3173828125,-0.4150390625,-0.72021484375,-0.439453125,0.25634765625,-0.2685546875,0.84228515625,0.20751953125,0.537109375,0.03662109375,0.59814453125,0.341796875,0.23193359375,0.0244140625,-0.0244140625,-0.06103515625,0.830078125,0.06103515625,-0.0732421875,-0.5859375,0.048828125,-0.37841796875,0.98876953125,0.13427734375,0.98876953125,0.146484375,0.537109375,0,1.9287109375,0.13427734375,4.931640625,0.0244140625,6.396484375,0.048828125,6.89697265625,0,4.4189453125,-0.048828125,-1.55029296875,0.09765625,-0.2197265625,0.32958984375,-0.29296875,0.10986328125,-1.35498046875,-0.06103515625,-0.7568359375,0,-0.7080078125,0.048828125,-0.64697265625,0.09765625,-0.048828125,-0.048828125,-0.72021484375,0.01220703125,-1.46484375,-0.2197265625,-1.025390625,-0.18310546875,0.341796875,-0.048828125,0.28076171875,-0.048828125,-0.03662109375,-0.08544921875,-0.09765625,-0.03662109375,0.15869140625,-0.0244140625,-0.1220703125,-0.09765625,0.6103515625,0.06103515625,-0.76904296875,0.06103515625,-0.732421875
1,-0.18310546875,4.4677734375,-0.23193359375,1.86767578125,0.146484375,1.46484375,0.146484375,2.0263671875,-0.1953125,-0.09765625,0.10986328125,-0.9521484375,0.1953125,1.01318359375,0.03662109375,-0.1708984375,-0.0244140625,-0.6591796875,0.09765625,-0.2197265625,0.35400390625,0.830078125,-0.15869140625,-0.59814453125,-0.25634765625,-0.10986328125,0.10986328125,-0.76904296875,-0.06103515625,0.86669921875,-0.2197265625,0.09765625,-0.146484375,0.6591796875,0.28076171875,-0.341796875,-0.15869140625,-0.146484375,0.1220703125,0.1708984375,-0.23193359375,-0.23193359375,-0.1953125,-0.67138671875,-0.1708984375,-0.48828125,0.67138671875,0.72021484375,-0.20751953125,0.4150390625,0.146484375,-0.40283203125,-0.4150390625,-0.86669921875,-0.4638671875,0.1953125,-0.25634765625,0.8544921875,0.2197265625,0.5615234375,-0.01220703125,0.5615234375,0.35400390625,0.2197265625,0.09765625,-0.2197265625,0.01220703125,0.7080078125,0,-0.1708984375,-0.5126953125,-0.20751953125,-0.28076171875,0.89111328125,0.1708984375,0.98876953125,0.09765625,0.439453125,0.048828125,1.85546875,0.18310546875,4.9072265625,0.10986328125,6.34765625,0.01220703125,6.94580078125,0.048828125,4.38232421875,-0.03662109375,-1.5625,0.10986328125,-0.244140625,0.23193359375,-0.29296875,0.146484375,-1.35498046875,-0.08544921875,-0.7568359375,0.01220703125,-0.68359375,0.0244140625,-0.64697265625,0.08544921875,-0.06103515625,-0.0244140625,-0.69580078125,-0.03662109375,-1.46484375,-0.1953125,-1.01318359375,-0.1708984375,0.3662109375,-0.03662109375,0.29296875,-0.03662109375,-0.03662109375,-0.0732421875,-0.08544921875,-0.06103515625,0.146484375,-0.03662109375,-0.15869140625,-0.0732421875,0.6103515625,0.048828125,-0.84228515625,0.01220703125,-0.7568359375
0,-0.1220703125,3.9306640625,-0.23193359375,1.708984375,0.18310546875,1.3671875,0.15869140625,1.86767578125,-0.18310546875,-0.10986328125,0.10986328125,-0.9521484375,0.2197265625,1.0009765625,0.03662109375,-0.1708984375,-0.06103515625,-0.64697265625,0.08544921875,-0.20751953125,0.32958984375,0.86669921875,-0.25634765625,-0.57373046875,-0.28076171875,-0.146484375,0.06103515625,-0.78125,0.048828125,0.87890625,-0.25634765625,0.09765625,-0.1220703125,0.48828125,0.244140625,-0.4638671875,-0.18310546875,-0.29296875,0.10986328125,0.048828125,-0.1708984375,-0.18310546875,-0.146484375,-0.67138671875,-0.28076171875,-0.50048828125,0.57373046875,0.76904296875,-0.2197265625,0.42724609375,0.1708984375,-0.40283203125,-0.390625,-0.96435546875,-0.52490234375,0.23193359375,-0.23193359375,0.86669921875,0.20751953125,0.5615234375,-0.0244140625,0.5859375,0.37841796875,0.244140625,0.10986328125,-0.37841796875,0.06103515625,0.59814453125,-0.0244140625,-0.244140625,-0.4150390625,-0.4638671875,-0.28076171875,0.8056640625,0,1.025390625,-0.06103515625,0.390625,-0.03662109375,1.81884765625,0.25634765625,4.65087890625,0.2197265625,6.0546875,-0.13427734375,6.7138671875,0.0732421875,4.16259765625,-0.0732421875,-1.5380859375,0.146484375,-0.28076171875,0.08544921875,-0.30517578125,0.10986328125,-1.3671875,-0.09765625,-0.74462890625,-0.0244140625,-0.6591796875,0.01220703125,-0.64697265625,0.03662109375,-0.048828125,-0.01220703125,-0.69580078125,-0.06103515625,-1.46484375,-0.1953125,-1.01318359375,-0.1708984375,0.3662109375,-0.06103515625,0.29296875,0,-0.048828125,-0.08544921875,-0.0732421875,-0.08544921875,0.146484375,-0.048828125,-0.18310546875,-0.03662109375,0.62255859375,0.06103515625,-0.89111328125,-0.01220703125,-0.7568359375
0,-0.146484375,3.4912109375,-0.23193359375,1.5869140625,0.20751953125,1.25732421875,0.18310546875,1.74560546875,-0.1708984375,-0.09765625,0.08544921875,-0.96435546875,0.23193359375,1.01318359375,0.03662109375,-0.15869140625,-0.09765625,-0.634765625,0.048828125,-0.2197265625,0.28076171875,0.8544921875,-0.28076171875,-0.5859375,-0.32958984375,-0.10986328125,-0.01220703125,-0.7568359375,0.146484375,0.89111328125,-0.25634765625,0.09765625,-0.08544921875,0.30517578125,0.20751953125,-0.57373046875,-0.1708984375,-0.40283203125,0.09765625,-0.08544921875,-0.13427734375,-0.15869140625,-0.18310546875,-0.64697265625,-0.40283203125,-0.52490234375,0.57373046875,0.79345703125,-0.2685546875,0.48828125,0.18310546875,-0.3173828125,-0.390625,-0.91552734375,-0.5859375,0.28076171875,-0.1953125,0.86669921875,0.20751953125,0.54931640625,-0.15869140625,0.6591796875,0.537109375,0.25634765625,0.13427734375,-0.48828125,0.13427734375,0.5615234375,-0.048828125,-0.3173828125,-0.390625,-0.64697265625,-0.15869140625,0.7568359375,-0.01220703125,1.07421875,-0.09765625,0.3662109375,0.0732421875,1.79443359375,0.28076171875,4.26025390625,0.2685546875,5.615234375,-0.30517578125,6.25,0,3.82080078125,-0.08544921875,-1.55029296875,0.10986328125,-0.29296875,0.01220703125,-0.3173828125,0.048828125,-1.37939453125,-0.048828125,-0.74462890625,-0.03662109375,-0.6591796875,0.0244140625,-0.64697265625,-0.0244140625,-0.06103515625,-0.06103515625,-0.72021484375,-0.10986328125,-1.46484375,-0.15869140625,-1.025390625,-0.20751953125,0.37841796875,-0.06103515625,0.29296875,-0.048828125,-0.0732421875,-0.0732421875,-0.048828125,-0.10986328125,0.13427734375,-0.0732421875,-0.18310546875,-0.03662109375,0.64697265625,0.048828125,-0.93994140625,-0.0244140625,-0.76904296875
0,-0.20751953125,3.22265625,-0.25634765625,1.513671875,0.244140625,1.20849609375,0.1708984375,1.67236328125,-0.18310546875,-0.08544921875,0.0732421875,-0.9521484375,0.25634765625,1.03759765625,0.06103515625,-0.15869140625,-0.10986328125,-0.59814453125,0,-0.1953125,0.1708984375,0.87890625,-0.25634765625,-0.57373046875,-0.341796875,-0.1220703125,-0.0732421875,-0.74462890625,0.20751953125,0.9033203125,-0.2685546875,0.09765625,-0.048828125,0.1708984375,0.1953125,-0.634765625,-0.28076171875,-0.4638671875,0.03662109375,-0.20751953125,-0.0732421875,-0.15869140625,-0.23193359375,-0.634765625,-0.50048828125,-0.5126953125,0.54931640625,0.8056640625,-0.2685546875,0.634765625,0.15869140625,-0.18310546875,-0.4150390625,-0.76904296875,-0.57373046875,0.40283203125,-0.1708984375,0.89111328125,0.15869140625,0.52490234375,-0.244140625,0.74462890625,0.5615234375,0.28076171875,0.06103515625,-0.52490234375,0.1953125,0.5126953125,-0.03662109375,-0.32958984375,-0.30517578125,-0.74462890625,-0.03662109375,0.732421875,-0.01220703125,1.13525390625,-0.1708984375,0.341796875,0.10986328125,1.7822265625,0.2685546875,3.82080078125,0.341796875,5.09033203125,-0.40283203125,5.65185546875,-0.0732421875,3.40576171875,-0.0732421875,-1.55029296875,0.09765625,-0.30517578125,-0.0732421875,-0.3173828125,0.01220703125,-1.3916015625,-0.03662109375,-0.74462890625,-0.06103515625,-0.634765625,0.03662109375,-0.64697265625,-0.06103515625,-0.0732421875,-0.10986328125,-0.72021484375,-0.13427734375,-1.4404296875,-0.15869140625,-1.03759765625,-0.2685546875,0.37841796875,-0.06103515625,0.29296875,-0.06103515625,-0.0732421875,-0.08544921875,-0.03662109375,-0.1220703125,0.1220703125,-0.1220703125,-0.1953125,-0.0732421875,0.6591796875,0,-0.927734375,-0.03662109375,-0.76904296875
0,-0.23193359375,3.0517578125,-0.2685546875,1.46484375,0.25634765625,1.171875,0.15869140625,1.62353515625,-0.1708984375,-0.10986328125,0.06103515625,-0.9765625,0.244140625,1.03759765625,0.09765625,-0.146484375,-0.1220703125,-0.59814453125,-0.0244140625,-0.20751953125,0.08544921875,0.87890625,-0.1953125,-0.59814453125,-0.45166015625,-0.10986328125,-0.1220703125,-0.7568359375,0.29296875,0.927734375,-0.25634765625,0.10986328125,0.0244140625,0.06103515625,0.146484375,-0.67138671875,-0.2685546875,-0.48828125,-0.0244140625,-0.28076171875,-0.08544921875,-0.15869140625,-0.2685546875,-0.634765625,-0.48828125,-0.48828125,0.50048828125,0.79345703125,-0.25634765625,0.8056640625,0.146484375,-0.03662109375,-0.341796875,-0.5615234375,-0.537109375,0.537109375,-0.09765625,0.89111328125,0.13427734375,0.52490234375,-0.2685546875,0.84228515625,0.5126953125,0.28076171875,0.0244140625,-0.5126953125,0.25634765625,0.5126953125,-0.048828125,-0.341796875,-0.2197265625,-0.78125,-0.10986328125,0.67138671875,-0.1220703125,1.23291015625,-0.25634765625,0.341796875,0.0732421875,1.7822265625,0.29296875,3.38134765625,0.4150390625,4.5654296875,-0.4638671875,5.04150390625,-0.10986328125,3.0029296875,-0.09765625,-1.55029296875,0.08544921875,-0.29296875,-0.15869140625,-0.341796875,-0.01220703125,-1.40380859375,-0.01220703125,-0.732421875,-0.08544921875,-0.634765625,0.048828125,-0.62255859375,-0.09765625,-0.08544921875,-0.1953125,-0.7080078125,-0.1953125,-1.4404296875,-0.10986328125,-1.025390625,-0.30517578125,0.3662109375,-0.06103515625,0.30517578125,-0.0732421875,-0.06103515625,-0.08544921875,-0.048828125,-0.09765625,0.13427734375,-0.13427734375,-0.15869140625,-0.048828125,0.67138671875,0.01220703125,-0.9033203125,0,-0.74462890625
0,-0.28076171875,3.01513671875,-0.28076171875,1.416015625,0.2685546875,1.0986328125,0.15869140625,1.57470703125,-0.20751953125,-0.10986328125,0.03662109375,-0.96435546875,0.23193359375,1.03759765625,0.1220703125,-0.15869140625,-0.1220703125,-0.57373046875,-0.0244140625,-0.20751953125,-0.01220703125,0.89111328125,-0.10986328125,-0.59814453125,-0.50048828125,-0.09765625,-0.15869140625,-0.732421875,0.37841796875,0.93994140625,-0.23193359375,0.10986328125,-0.03662109375,0,0.048828125,-0.6591796875,-0.40283203125,-0.45166015625,-0.2197265625,-0.341796875,-0.10986328125,-0.1708984375,-0.244140625,-0.634765625,-0.45166015625,-0.50048828125,0.5615234375,0.7568359375,-0.18310546875,0.9765625,0.15869140625,0.13427734375,-0.25634765625,-0.29296875,-0.45166015625,0.67138671875,-0.0732421875,0.86669921875,0.10986328125,0.54931640625,-0.28076171875,0.96435546875,0.50048828125,0.30517578125,-0.03662109375,-0.4150390625,0.28076171875,0.57373046875,-0.03662109375,-0.28076171875,-0.28076171875,-0.68359375,-0.01220703125,0.6103515625,-0.10986328125,1.2939453125,-0.146484375,0.32958984375,0.146484375,1.74560546875,0.28076171875,3.01513671875,0.48828125,4.16259765625,-0.47607421875,4.4921875,-0.15869140625,2.69775390625,-0.10986328125,-1.55029296875,0.01220703125,-0.30517578125,-0.25634765625,-0.35400390625,-0.0244140625,-1.40380859375,-0.0244140625,-0.69580078125,-0.06103515625,-0.64697265625,0.01220703125,-0.634765625,-0.1220703125,-0.08544921875,-0.25634765625,-0.7080078125,-0.25634765625,-1.42822265625,-0.0732421875,-1.01318359375,-0.3173828125,0.3662109375,-0.06103515625,0.29296875,-0.10986328125,-0.048828125,-0.0732421875,-0.0244140625,-0.10986328125,0.1220703125,-0.15869140625,-0.146484375,-0.048828125,0.68359375,0.01220703125,-0.8544921875,0,-0.7080078125
0,-0.29296875,2.99072265625,-0.29296875,1.35498046875,0.244140625,1.0498046875,0.146484375,1.5380859375,-0.244140625,-0.1220703125,0.0244140625,-0.96435546875,0.2197265625,1.0498046875,0.09765625,-0.15869140625,-0.10986328125,-0.5859375,-0.03662109375,-0.1953125,-0.08544921875,0.89111328125,-0.048828125,-0.59814453125,-0.50048828125,-0.08544921875,-0.20751953125,-0.74462890625,0.42724609375,0.96435546875,-0.2685546875,0.09765625,0.03662109375,0,-0.09765625,-0.64697265625,-0.45166015625,-0.390625,-0.28076171875,-0.37841796875,-0.1953125,-0.1953125,-0.2685546875,-0.67138671875,-0.37841796875,-0.48828125,0.537109375,0.7568359375,-0.10986328125,1.13525390625,0.10986328125,0.28076171875,-0.1708984375,-0.0732421875,-0.3662109375,0.78125,-0.10986328125,0.8544921875,0.09765625,0.52490234375,-0.2197265625,1.0498046875,0.4638671875,0.30517578125,-0.048828125,-0.29296875,0.32958984375,0.634765625,0.0732421875,-0.20751953125,-0.2685546875,-0.5126953125,0.03662109375,0.5615234375,-0.1708984375,1.30615234375,-0.03662109375,0.30517578125,0.06103515625,1.74560546875,0.2685546875,2.783203125,0.57373046875,3.89404296875,-0.4150390625,4.0771484375,-0.146484375,2.490234375,-0.10986328125,-1.55029296875,-0.048828125,-0.2685546875,-0.341796875,-0.35400390625,0.01220703125,-1.42822265625,-0.03662109375,-0.7080078125,-0.03662109375,-0.634765625,0,-0.62255859375,-0.146484375,-0.09765625,-0.1953125,-0.7080078125,-0.341796875,-1.42822265625,-0.01220703125,-1.025390625,-0.35400390625,0.35400390625,-0.0244140625,0.28076171875,-0.09765625,-0.048828125,-0.09765625,0,-0.09765625,0.1220703125,-0.1953125,-0.13427734375,-0.08544921875,0.68359375,-0.01220703125,-0.78125,-0.03662109375,-0.69580078125
0,-0.341796875,2.9541015625,-0.29296875,1.26953125,0.2685546875,0.9765625,0.1220703125,1.46484375,-0.2685546875,-0.146484375,0.048828125,-0.9521484375,0.20751953125,1.0498046875,0.09765625,-0.1708984375,-0.09765625,-0.57373046875,-0.048828125,-0.20751953125,-0.06103515625,0.89111328125,-0.06103515625,-0.5859375,-0.48828125,-0.10986328125,-0.2197265625,-0.7568359375,0.47607421875,0.93994140625,-0.28076171875,0.10986328125,0.03662109375,0,-0.244140625,-0.6103515625,-0.439453125,-0.3173828125,-0.341796875,-0.3662109375,-0.28076171875,-0.2197265625,-0.2685546875,-0.67138671875,-0.341796875,-0.4638671875,0.64697265625,0.72021484375,-0.03662109375,1.2451171875,0.08544921875,0.3662109375,-0.13427734375,0.06103515625,-0.32958984375,0.8544921875,-0.1708984375,0.830078125,0.1708984375,0.52490234375,-0.244140625,1.07421875,0.48828125,0.30517578125,-0.08544921875,-0.10986328125,0.29296875,0.76904296875,0.10986328125,-0.09765625,-0.35400390625,-0.28076171875,0.01220703125,0.5126953125,-0.15869140625,1.33056640625,0.09765625,0.28076171875,-0.01220703125,1.708984375,0.25634765625,2.69775390625,0.62255859375,3.7841796875,-0.45166015625,3.84521484375,-0.10986328125,2.38037109375,-0.1220703125,-1.55029296875,-0.10986328125,-0.29296875,-0.4150390625,-0.3662109375,0.09765625,-1.416015625,-0.09765625,-0.69580078125,-0.03662109375,-0.64697265625,0,-0.62255859375,-0.15869140625,-0.10986328125,-0.2197265625,-0.7080078125,-0.42724609375,-1.416015625,0,-1.01318359375,-0.29296875,0.37841796875,-0.0244140625,0.29296875,-0.10986328125,-0.03662109375,-0.0732421875,0,-0.1220703125,0.1220703125,-0.18310546875,-0.10986328125,-0.06103515625,0.72021484375,-0.01220703125,-0.7080078125,-0.0244140625,-0.6591796875
0,-0.28076171875,2.84423828125,-0.3173828125,1.1474609375,0.25634765625,0.86669921875,0.09765625,1.37939453125,-0.28076171875,-0.146484375,0.03662109375,-0.9521484375,0.2197265625,1.025390625,0.08544921875,-0.15869140625,-0.06103515625,-0.57373046875,-0.048828125,-0.20751953125,-0.0244140625,0.89111328125,-0.09765625,-0.59814453125,-0.40283203125,-0.09765625,-0.244140625,-0.7568359375,0.40283203125,0.9521484375,-0.30517578125,0.09765625,-0.146484375,0.0244140625,-0.390625,-0.62255859375,-0.5126953125,-0.2685546875,-0.47607421875,-0.37841796875,-0.35400390625,-0.23193359375,-0.2685546875,-0.68359375,-0.25634765625,-0.4638671875,0.7080078125,0.69580078125,0.03662109375,1.2939453125,0.09765625,0.390625,-0.06103515625,0.08544921875,-0.25634765625,0.8544921875,-0.2685546875,0.79345703125,0.15869140625,0.537109375,-0.25634765625,1.0498046875,0.47607421875,0.29296875,-0.08544921875,0.06103515625,0.25634765625,0.86669921875,0.06103515625,0.0244140625,-0.50048828125,-0.0244140625,-0.06103515625,0.48828125,-0.20751953125,1.2939453125,0.18310546875,0.2685546875,-0.146484375,1.69677734375,0.20751953125,2.69775390625,0.62255859375,3.82080078125,-0.47607421875,3.79638671875,-0.09765625,2.392578125,-0.1220703125,-1.5380859375,-0.1220703125,-0.2685546875,-0.50048828125,-0.37841796875,0.15869140625,-1.40380859375,-0.1220703125,-0.7080078125,-0.048828125,-0.67138671875,-0.01220703125,-0.59814453125,-0.1708984375,-0.10986328125,-0.13427734375,-0.69580078125,-0.45166015625,-1.42822265625,-0.01220703125,-1.025390625,-0.23193359375,0.35400390625,-0.01220703125,0.29296875,-0.09765625,-0.048828125,-0.0732421875,0,-0.1220703125,0.146484375,-0.1708984375,-0.13427734375,-0.1220703125,0.72021484375,-0.048828125,-0.64697265625,-0.03662109375,-0.64697265625
0,-0.25634765625,2.6123046875,-0.30517578125,0.98876953125,0.30517578125,0.72021484375,0.10986328125,1.23291015625,-0.28076171875,-0.146484375,0.06103515625,-0.927734375,0.2197265625,1.0009765625,0.0732421875,-0.146484375,0.01220703125,-0.62255859375,-0.03662109375,-0.20751953125,0.0732421875,0.86669921875,-0.1220703125,-0.5859375,-0.35400390625,-0.09765625,-0.2197265625,-0.7568359375,0.341796875,0.927734375,-0.29296875,0.09765625,-0.1953125,0.01220703125,-0.390625,-0.62255859375,-0.42724609375,-0.25634765625,-0.4150390625,-0.4150390625,-0.4150390625,-0.25634765625,-0.244140625,-0.67138671875,-0.1953125,-0.42724609375,0.79345703125,0.67138671875,0.0244140625,1.25732421875,0.06103515625,0.341796875,0,0.03662109375,-0.1953125,0.81787109375,-0.32958984375,0.76904296875,0.13427734375,0.57373046875,-0.1953125,0.96435546875,0.37841796875,0.28076171875,-0.01220703125,0.23193359375,0.28076171875,0.98876953125,0.10986328125,0.1220703125,-0.40283203125,0.1708984375,-0.048828125,0.52490234375,-0.10986328125,1.26953125,0.29296875,0.29296875,-0.20751953125,1.708984375,0.20751953125,2.79541015625,0.6103515625,3.94287109375,-0.50048828125,3.8818359375,-0.048828125,2.490234375,-0.1220703125,-1.55029296875,-0.146484375,-0.25634765625,-0.57373046875,-0.35400390625,0.146484375,-1.40380859375,-0.1708984375,-0.74462890625,-0.048828125,-0.67138671875,-0.01220703125,-0.634765625,-0.15869140625,-0.09765625,-0.08544921875,-0.69580078125,-0.5126953125,-1.45263671875,-0.0244140625,-1.01318359375,-0.18310546875,0.3662109375,0,0.28076171875,-0.10986328125,-0.03662109375,-0.0732421875,0.01220703125,-0.1220703125,0.15869140625,-0.1953125,-0.1220703125,-0.10986328125,0.74462890625,-0.048828125,-0.6103515625,0,-0.64697265625
0,-0.1708984375,2.20947265625,-0.28076171875,0.79345703125,0.29296875,0.537109375,0.10986328125,1.0498046875,-0.25634765625,-0.146484375,0.0732421875,-0.927734375,0.20751953125,1.01318359375,0.08544921875,-0.1708984375,0.08544921875,-0.6103515625,-0.01220703125,-0.20751953125,0.18310546875,0.87890625,-0.146484375,-0.57373046875,-0.32958984375,-0.09765625,-0.18310546875,-0.76904296875,0.1953125,0.927734375,-0.28076171875,0.0732421875,-0.28076171875,0.0244140625,-0.47607421875,-0.634765625,-0.341796875,-0.3173828125,-0.390625,-0.439453125,-0.3662109375,-0.244140625,-0.23193359375,-0.69580078125,-0.146484375,-0.4638671875,0.7568359375,0.6591796875,0,1.1962890625,0.0244140625,0.25634765625,-0.03662109375,-0.08544921875,-0.1953125,0.78125,-0.37841796875,0.74462890625,0.13427734375,0.57373046875,-0.2197265625,0.84228515625,0.341796875,0.25634765625,0.01220703125,0.35400390625,0.1953125,1.06201171875,0.0732421875,0.1953125,-0.35400390625,0.341796875,-0.10986328125,0.6103515625,-0.09765625,1.25732421875,0.28076171875,0.341796875,-0.2197265625,1.79443359375,0.13427734375,2.94189453125,0.5615234375,4.06494140625,-0.50048828125,4.01611328125,-0.01220703125,2.60009765625,-0.10986328125,-1.55029296875,-0.1220703125,-0.23193359375,-0.6103515625,-0.341796875,0.06103515625,-1.3916015625,-0.1708984375,-0.7568359375,-0.0244140625,-0.68359375,-0.03662109375,-0.634765625,-0.146484375,-0.08544921875,-0.1220703125,-0.68359375,-0.5126953125,-1.416015625,-0.06103515625,-1.01318359375,-0.10986328125,0.37841796875,0.0244140625,0.3173828125,-0.1220703125,-0.0244140625,-0.0732421875,0,-0.10986328125,0.15869140625,-0.20751953125,-0.146484375,-0.15869140625,0.74462890625,-0.08544921875,-0.5859375,-0.0244140625,-0.6103515625
0,-0.10986328125,1.6845703125,-0.28076171875,0.54931640625,0.30517578125,0.35400390625,0.1220703125,0.830078125,-0.2685546875,-0.146484375,0.06103515625,-0.9033203125,0.20751953125,1.025390625,0.1220703125,-0.1953125,0.146484375,-0.62255859375,0.01220703125,-0.20751953125,0.1953125,0.87890625,-0.146484375,-0.57373046875,-0.29296875,-0.10986328125,-0.1220703125,-0.78125,0.03662109375,0.89111328125,-0.244140625,0.0732421875,-0.341796875,-0.01220703125,-0.537109375,-0.68359375,-0.244140625,-0.37841796875,-0.35400390625,-0.47607421875,-0.30517578125,-0.25634765625,-0.15869140625,-0.69580078125,-0.10986328125,-0.45166015625,0.78125,0.6591796875,0.0732421875,1.13525390625,0.0244140625,0.18310546875,0.03662109375,-0.244140625,-0.08544921875,0.69580078125,-0.40283203125,0.74462890625,0.1220703125,0.5859375,-0.20751953125,0.7080078125,0.244140625,0.25634765625,-0.03662109375,0.45166015625,0.0732421875,1.123046875,-0.0732421875,0.244140625,-0.40283203125,0.4150390625,-0.2685546875,0.76904296875,-0.08544921875,1.30615234375,0.2197265625,0.439453125,-0.2197265625,1.8798828125,0.13427734375,3.0029296875,0.50048828125,4.13818359375,-0.439453125,4.13818359375,0.0244140625,2.63671875,-0.09765625,-1.5380859375,-0.08544921875,-0.2197265625,-0.57373046875,-0.35400390625,0,-1.3916015625,-0.146484375,-0.76904296875,-0.03662109375,-0.68359375,-0.08544921875,-0.634765625,-0.1220703125,-0.06103515625,-0.1220703125,-0.7080078125,-0.47607421875,-1.40380859375,-0.09765625,-1.0009765625,-0.09765625,0.37841796875,0.0244140625,0.3173828125,-0.1220703125,-0.0244140625,-0.08544921875,0,-0.09765625,0.13427734375,-0.20751953125,-0.1220703125,-0.09765625,0.7568359375,-0.06103515625,-0.5859375,0.01220703125,-0.62255859375
0,-0.08544921875,1.07421875,-0.2685546875,0.28076171875,0.29296875,0.15869140625,0.1220703125,0.5615234375,-0.25634765625,-0.13427734375,0.06103515625,-0.927734375,0.20751953125,1.025390625,0.10986328125,-0.20751953125,0.1953125,-0.634765625,0.0244140625,-0.18310546875,0.1953125,0.86669921875,-0.13427734375,-0.57373046875,-0.3173828125,-0.10986328125,-0.08544921875,-0.79345703125,-0.13427734375,0.91552734375,-0.2197265625,0.0732421875,-0.35400390625,-0.0244140625,-0.59814453125,-0.68359375,-0.18310546875,-0.42724609375,-0.32958984375,-0.4638671875,-0.1708984375,-0.25634765625,-0.1220703125,-0.68359375,-0.08544921875,-0.47607421875,0.78125,0.6591796875,0.01220703125,1.03759765625,0,0.09765625,0.0732421875,-0.42724609375,-0.06103515625,0.634765625,-0.42724609375,0.74462890625,0.146484375,0.5859375,-0.0244140625,0.5615234375,0.1708984375,0.25634765625,0.048828125,0.52490234375,0.0732421875,1.1474609375,-0.09765625,0.29296875,-0.2685546875,0.42724609375,-0.32958984375,0.93994140625,0,1.3916015625,0.1953125,0.5615234375,-0.13427734375,2.01416015625,0.1220703125,2.9541015625,0.40283203125,4.08935546875,-0.37841796875,4.1015625,0.0732421875,2.6123046875,-0.0732421875,-1.513671875,-0.048828125,-0.23193359375,-0.48828125,-0.341796875,-0.06103515625,-1.35498046875,-0.10986328125,-0.7568359375,-0.0732421875,-0.67138671875,-0.13427734375,-0.6591796875,-0.08544921875,-0.06103515625,-0.13427734375,-0.72021484375,-0.439453125,-1.42822265625,-0.1708984375,-1.01318359375,-0.0732421875,0.3662109375,0.03662109375,0.30517578125,-0.1220703125,-0.048828125,-0.0732421875,-0.01220703125,-0.10986328125,0.1220703125,-0.20751953125,-0.10986328125,-0.1220703125,0.76904296875,-0.03662109375,-0.6103515625,-0.01220703125,-0.6103515625
0,-0.03662109375,0.45166015625,-0.2197265625,0.048828125,0.30517578125,-0.03662109375,0.10986328125,0.3173828125,-0.23193359375,-0.13427734375,0.048828125,-0.93994140625,0.15869140625,1.025390625,0.1220703125,-0.2197265625,0.1953125,-0.634765625,0.01220703125,-0.18310546875,0.13427734375,0.87890625,-0.1708984375,-0.5615234375,-0.30517578125,-0.1220703125,-0.048828125,-0.76904296875,-0.25634765625,0.89111328125,-0.1953125,0.06103515625,-0.28076171875,0.01220703125,-0.50048828125,-0.6591796875,-0.0732421875,-0.4638671875,-0.15869140625,-0.439453125,-0.01220703125,-0.23193359375,-0.01220703125,-0.68359375,-0.08544921875,-0.48828125,0.732421875,0.67138671875,-0.06103515625,1.01318359375,-0.048828125,0.08544921875,0.0244140625,-0.537109375,-0.09765625,0.59814453125,-0.4638671875,0.74462890625,0.13427734375,0.537109375,-0.10986328125,0.439453125,0.20751953125,0.25634765625,0.0244140625,0.54931640625,-0.0244140625,1.18408203125,-0.23193359375,0.29296875,-0.25634765625,0.35400390625,-0.4150390625,1.11083984375,0.0244140625,1.46484375,0.09765625,0.68359375,-0.0732421875,2.1484375,0.2197265625,2.734375,0.341796875,3.84521484375,-0.1708984375,3.86962890625,0.10986328125,2.42919921875,-0.048828125,-1.513671875,0.0244140625,-0.23193359375,-0.40283203125,-0.32958984375,-0.1220703125,-1.3671875,-0.08544921875,-0.7568359375,-0.10986328125,-0.6591796875,-0.1953125,-0.64697265625,-0.06103515625,-0.06103515625,-0.23193359375,-0.732421875,-0.32958984375,-1.416015625,-0.2197265625,-1.01318359375,-0.08544921875,0.3662109375,0.0244140625,0.3173828125,-0.10986328125,-0.06103515625,-0.0732421875,-0.03662109375,-0.1220703125,0.10986328125,-0.1708984375,-0.06103515625,-0.06103515625,0.76904296875,-0.0244140625,-0.62255859375,-0.03662109375,-0.62255859375
1,0,-0.10986328125,-0.1953125,-0.15869140625,0.3173828125,-0.23193359375,0.13427734375,0.13427734375,-0.23193359375,-0.10986328125,0.0244140625,-0.93994140625,0.15869140625,1.025390625,0.146484375,-0.20751953125,0.1953125,-0.62255859375,0.01220703125,-0.18310546875,0.03662109375,0.87890625,-0.25634765625,-0.5615234375,-0.30517578125,-0.1220703125,-0.01220703125,-0.78125,-0.3173828125,0.9033203125,-0.2197265625,0.0732421875,-0.2197265625,0.0732421875,-0.439453125,-0.6103515625,0.08544921875,-0.4638671875,-0.03662109375,-0.37841796875,0.09765625,-0.244140625,0.048828125,-0.67138671875,-0.146484375,-0.5126953125,0.7568359375,0.68359375,-0.08544921875,1.025390625,0.01220703125,0.1220703125,0.13427734375,-0.5615234375,-0.01220703125,0.62255859375,-0.50048828125,0.76904296875,0.09765625,0.537109375,-0.0244140625,0.40283203125,0.146484375,0.2685546875,0.10986328125,0.57373046875,-0.09765625,1.1962890625,-0.29296875,0.341796875,-0.2197265625,0.2685546875,-0.32958984375,1.2451171875,0.06103515625,1.5380859375,0.06103515625,0.78125,0.06103515625,2.24609375,0.23193359375,2.38037109375,0.29296875,3.45458984375,0.01220703125,3.40576171875,0.09765625,2.099609375,0,-1.52587890625,0.10986328125,-0.23193359375,-0.2197265625,-0.32958984375,-0.13427734375,-1.37939453125,-0.03662109375,-0.74462890625,-0.1220703125,-0.64697265625,-0.25634765625,-0.64697265625,-0.06103515625,-0.048828125,-0.1708984375,-0.732421875,-0.29296875,-1.42822265625,-0.28076171875,-1.025390625,-0.08544921875,0.3662109375,0.03662109375,0.3173828125,-0.09765625,-0.06103515625,-0.0732421875,-0.03662109375,-0.1220703125,0.09765625,-0.18310546875,-0.03662109375,-0.06103515625,0.76904296875,-0.0244140625,-0.6591796875,-0.048828125,-0.6103515625
1,-0.01220703125,-0.52490234375,-0.1953125,-0.29296875,0.341796875,-0.32958984375,0.13427734375,0,-0.23193359375,-0.1220703125,0.0244140625,-0.96435546875,0.146484375,1.03759765625,0.15869140625,-0.2197265625,0.20751953125,-0.62255859375,-0.01220703125,-0.15869140625,-0.1220703125,0.8544921875,-0.3173828125,-0.5615234375,-0.37841796875,-0.13427734375,-0.03662109375,-0.79345703125,-0.3173828125,0.91552734375,-0.2685546875,0.0732421875,-0.146484375,0.15869140625,-0.4150390625,-0.48828125,0.10986328125,-0.390625,0.06103515625,-0.2685546875,0.23193359375,-0.2197265625,0.15869140625,-0.68359375,-0.18310546875,-0.52490234375,0.67138671875,0.72021484375,-0.23193359375,1.11083984375,-0.03662109375,0.2197265625,0.0732421875,-0.50048828125,-0.0732421875,0.69580078125,-0.5126953125,0.76904296875,0.0244140625,0.537109375,-0.01220703125,0.390625,0.09765625,0.25634765625,0.1953125,0.64697265625,-0.048828125,1.23291015625,-0.25634765625,0.37841796875,-0.18310546875,0.2197265625,-0.32958984375,1.318359375,0.0732421875,1.5869140625,0,0.830078125,0.146484375,2.294921875,0.20751953125,1.89208984375,0.244140625,2.880859375,0.18310546875,2.734375,0.048828125,1.6357421875,0.06103515625,-1.513671875,0.1220703125,-0.2197265625,-0.048828125,-0.3173828125,-0.18310546875,-1.37939453125,-0.06103515625,-0.7568359375,-0.15869140625,-0.634765625,-0.30517578125,-0.64697265625,-0.0732421875,-0.048828125,-0.15869140625,-0.732421875,-0.20751953125,-1.416015625,-0.341796875,-1.01318359375,-0.13427734375,0.3662109375,0.03662109375,0.3173828125,-0.1220703125,-0.06103515625,-0.0732421875,-0.03662109375,-0.13427734375,0.09765625,-0.1708984375,-0.0244140625,-0.06103515625,0.732421875,0.03662109375,-0.69580078125,-0.06103515625,-0.57373046875
1,-0.09765625,-0.68359375,-0.1708984375,-0.30517578125,0.3662109375,-0.390625,0.146484375,0,-0.23193359375,-0.1220703125,0,-0.96435546875,0.1220703125,1.03759765625,0.13427734375,-0.1953125,0.1708984375,-0.59814453125,-0.06103515625,-0.15869140625,-0.2685546875,0.87890625,-0.40283203125,-0.57373046875,-0.390625,-0.146484375,-0.03662109375,-0.78125,-0.28076171875,0.927734375,-0.341796875,0.0732421875,-0.048828125,0.3173828125,-0.4150390625,-0.35400390625,0.09765625,-0.3173828125,0.08544921875,-0.13427734375,0.32958984375,-0.2197265625,0.20751953125,-0.69580078125,-0.2197265625,-0.52490234375,0.52490234375,0.732421875,-0.30517578125,1.25732421875,-0.01220703125,0.37841796875,0.0244140625,-0.3662109375,-0.09765625,0.830078125,-0.47607421875,0.78125,-0.0244140625,0.537109375,-0.03662109375,0.439453125,0.01220703125,0.25634765625,0.1220703125,0.76904296875,-0.09765625,1.28173828125,-0.3173828125,0.439453125,-0.244140625,0.1953125,-0.30517578125,1.25732421875,0.06103515625,1.55029296875,-0.08544921875,0.79345703125,0.1953125,2.25830078125,0.20751953125,1.33056640625,0.23193359375,2.2216796875,0.35400390625,1.91650390625,0,1.11083984375,0.08544921875,-1.52587890625,0.1708984375,-0.244140625,0.08544921875,-0.3173828125,-0.15869140625,-1.3671875,-0.08544921875,-0.7080078125,-0.146484375,-0.64697265625,-0.30517578125,-0.634765625,-0.09765625,-0.0732421875,-0.10986328125,-0.72021484375,-0.09765625,-1.4404296875,-0.341796875,-1.01318359375,-0.1953125,0.35400390625,0.0244140625,0.32958984375,-0.10986328125,-0.06103515625,-0.0732421875,-0.048828125,-0.15869140625,0.08544921875,-0.1953125,-0.0244140625,-0.08544921875,0.7080078125,0,-0.69580078125,-0.09765625,-0.57373046875
1,-0.146484375,-0.537109375,-0.18310546875,-0.20751953125,0.341796875,-0.341796875,0.1220703125,0.09765625,-0.20751953125,-0.1220703125,0.01220703125,-0.9521484375,0.08544921875,1.0498046875,0.146484375,-0.1708984375,0.146484375,-0.57373046875,-0.10986328125,-0.15869140625,-0.390625,0.8544921875,-0.439453125,-0.59814453125,-0.439453125,-0.13427734375,-0.048828125,-0.79345703125,-0.2197265625,0.9521484375,-0.32958984375,0.09765625,0.0732421875,0.47607421875,-0.40283203125,-0.20751953125,0.20751953125,-0.2197265625,0.0732421875,0.01220703125,0.32958984375,-0.244140625,0.23193359375,-0.69580078125,-0.244140625,-0.5126953125,0.52490234375,0.72021484375,-0.32958984375,1.46484375,0.0732421875,0.5615234375,0.08544921875,-0.15869140625,-0.048828125,1.0009765625,-0.37841796875,0.8056640625,-0.08544921875,0.54931640625,0,0.50048828125,-0.048828125,0.244140625,0.146484375,0.91552734375,-0.0732421875,1.37939453125,-0.3173828125,0.52490234375,-0.29296875,0.25634765625,-0.2197265625,1.13525390625,0.15869140625,1.4892578125,-0.0732421875,0.7080078125,0.244140625,2.1484375,0.15869140625,0.74462890625,0.15869140625,1.55029296875,0.390625,1.0009765625,-0.0732421875,0.57373046875,0.08544921875,-1.513671875,0.15869140625,-0.2197265625,0.1953125,-0.32958984375,-0.1220703125,-1.3427734375,-0.09765625,-0.7080078125,-0.146484375,-0.634765625,-0.30517578125,-0.6591796875,-0.1220703125,-0.0732421875,-0.01220703125,-0.7080078125,-0.048828125,-1.42822265625,-0.341796875,-1.0009765625,-0.23193359375,0.3662109375,0.0244140625,0.30517578125,-0.13427734375,-0.06103515625,-0.0732421875,-0.06103515625,-0.1708984375,0.0732421875,-0.18310546875,-0.06103515625,-0.06103515625,0.69580078125,0.048828125,-0.7080078125,-0.08544921875,-0.59814453125
1,-0.09765625,-0.1220703125,-0.15869140625,-0.01220703125,0.341796875,-0.18310546875,0.13427734375,0.28076171875,-0.20751953125,-0.1220703125,0,-0.9521484375,0.0732421875,1.0498046875,0.1220703125,-0.1708984375,0.09765625,-0.57373046875,-0.18310546875,-0.146484375,-0.45166015625,0.86669921875,-0.4150390625,-0.59814453125,-0.40283203125,-0.13427734375,-0.09765625,-0.78125,-0.15869140625,0.927734375,-0.3173828125,0.10986328125,0.18310546875,0.59814453125,-0.3662109375,-0.09765625,0.1953125,-0.146484375,0.01220703125,0.09765625,0.28076171875,-0.244140625,0.23193359375,-0.68359375,-0.2685546875,-0.5126953125,0.54931640625,0.72021484375,-0.390625,1.72119140625,0.048828125,0.76904296875,0,0.09765625,-0.1220703125,1.18408203125,-0.3662109375,0.81787109375,-0.13427734375,0.54931640625,0.03662109375,0.5859375,0.01220703125,0.23193359375,0.13427734375,1.11083984375,-0.0732421875,1.50146484375,-0.244140625,0.64697265625,-0.35400390625,0.390625,-0.1708984375,0.9521484375,0.244140625,1.3916015625,-0.0244140625,0.57373046875,0.23193359375,1.9775390625,0.146484375,0.244140625,0.13427734375,0.93994140625,0.439453125,0.18310546875,-0.09765625,0.10986328125,0.10986328125,-1.513671875,0.146484375,-0.23193359375,0.28076171875,-0.32958984375,-0.08544921875,-1.35498046875,-0.09765625,-0.7080078125,-0.1220703125,-0.62255859375,-0.3173828125,-0.68359375,-0.13427734375,-0.0732421875,0,-0.69580078125,0.048828125,-1.4404296875,-0.3173828125,-1.025390625,-0.25634765625,0.35400390625,0.01220703125,0.30517578125,-0.1220703125,-0.0732421875,-0.09765625,-0.03662109375,-0.18310546875,0.08544921875,-0.18310546875,-0.0732421875,-0.06103515625,0.69580078125,0.08544921875,-0.7080078125,-0.1220703125,-0.634765625
1,-0.18310546875,0.6103515625,-0.13427734375,0.2685546875,0.32958984375,0.06103515625,0.1220703125,0.5615234375,-0.20751953125,-0.10986328125,0.01220703125,-0.96435546875,0.08544921875,1.03759765625,0.10986328125,-0.15869140625,0.0244140625,-0.57373046875,-0.23193359375,-0.146484375,-0.42724609375,0.86669921875,-0.40283203125,-0.6103515625,-0.4150390625,-0.13427734375,-0.1220703125,-0.78125,-0.13427734375,0.9521484375,-0.29296875,0.09765625,0.244140625,0.67138671875,-0.2685546875,-0.048828125,0.23193359375,-0.0732421875,-0.03662109375,0.146484375,0.18310546875,-0.244140625,0.2197265625,-0.7080078125,-0.25634765625,-0.50048828125,0.47607421875,0.72021484375,-0.390625,1.9287109375,0.048828125,0.9521484375,-0.048828125,0.30517578125,-0.146484375,1.30615234375,-0.35400390625,0.8056640625,-0.13427734375,0.54931640625,0.0732421875,0.6591796875,0.06103515625,0.2197265625,0.10986328125,1.33056640625,-0.06103515625,1.64794921875,-0.10986328125,0.74462890625,-0.439453125,0.54931640625,-0.10986328125,0.74462890625,0.3662109375,1.3427734375,0.09765625,0.45166015625,0.20751953125,1.81884765625,0.1220703125,-0.1220703125,0.08544921875,0.52490234375,0.42724609375,-0.48828125,-0.0732421875,-0.20751953125,0.06103515625,-1.513671875,0.15869140625,-0.20751953125,0.28076171875,-0.3173828125,-0.0244140625,-1.33056640625,-0.1220703125,-0.7080078125,-0.1220703125,-0.64697265625,-0.3173828125,-0.68359375,-0.15869140625,-0.0732421875,0.03662109375,-0.7080078125,0.08544921875,-1.4404296875,-0.28076171875,-1.01318359375,-0.2685546875,0.35400390625,0,0.3173828125,-0.13427734375,-0.048828125,-0.0732421875,-0.03662109375,-0.20751953125,0.10986328125,-0.2197265625,-0.10986328125,-0.048828125,0.6591796875,0.13427734375,-0.69580078125,-0.1220703125,-0.67138671875
1,-0.25634765625,1.52587890625,-0.15869140625,0.634765625,0.341796875,0.390625,0.10986328125,0.91552734375,-0.1953125,-0.10986328125,-0.01220703125,-0.96435546875,0.0732421875,1.0498046875,0.10986328125,-0.1708984375,0.01220703125,-0.57373046875,-0.28076171875,-0.15869140625,-0.341796875,0.87890625,-0.341796875,-0.62255859375,-0.37841796875,-0.10986328125,-0.1220703125,-0.7568359375,-0.146484375,0.93994140625,-0.2685546875,0.10986328125,0.2685546875,0.68359375,-0.1953125,-0.06103515625,0.20751953125,-0.06103515625,-0.06103515625,0.13427734375,0.0732421875,-0.25634765625,0.23193359375,-0.7080078125,-0.2685546875,-0.48828125,0.439453125,0.7080078125,-0.37841796875,2.1240234375,0.048828125,1.0986328125,-0.09765625,0.48828125,-0.18310546875,1.416015625,-0.390625,0.81787109375,-0.13427734375,0.57373046875,0.048828125,0.732421875,0.15869140625,0.20751953125,0.048828125,1.513671875,-0.0732421875,1.7578125,-0.048828125,0.8544921875,-0.5126953125,0.732421875,-0.18310546875,0.64697265625,0.45166015625,1.40380859375,0.18310546875,0.390625,0.09765625,1.72119140625,0.09765625,-0.29296875,0.06103515625,0.32958984375,0.390625,-0.830078125,0.03662109375,-0.35400390625,-0.0244140625,-1.52587890625,0.20751953125,-0.2197265625,0.40283203125,-0.32958984375,0.048828125,-1.3671875,-0.10986328125,-0.7080078125,-0.1220703125,-0.6591796875,-0.3173828125,-0.67138671875,-0.15869140625,-0.0732421875,0.06103515625,-0.732421875,0.13427734375,-1.416015625,-0.20751953125,-1.0009765625,-0.2197265625,0.37841796875,-0.01220703125,0.30517578125,-0.15869140625,-0.03662109375,-0.08544921875,-0.048828125,-0.1953125,0.1220703125,-0.20751953125,-0.15869140625,-0.03662109375,0.634765625,0.13427734375,-0.6591796875,-0.1220703125,-0.7080078125
1,-0.244140625,2.60009765625,-0.1220703125,1.025390625,0.3662109375,0.76904296875,0.13427734375,1.318359375,-0.1953125,-0.10986328125,0.01220703125,-0.96435546875,0.048828125,1.025390625,0.10986328125,-0.18310546875,0.03662109375,-0.59814453125,-0.29296875,-0.15869140625,-0.2197265625,0.87890625,-0.25634765625,-0.62255859375,-0.32958984375,-0.10986328125,-0.13427734375,-0.7568359375,-0.23193359375,0.93994140625,-0.25634765625,0.09765625,0.1953125,0.6103515625,-0.13427734375,-0.146484375,0.15869140625,-0.08544921875,-0.09765625,0.048828125,-0.0244140625,-0.25634765625,0.1708984375,-0.7080078125,-0.25634765625,-0.47607421875,0.3173828125,0.68359375,-0.40283203125,2.23388671875,0.01220703125,1.171875,-0.1220703125,0.52490234375,-0.1708984375,1.46484375,-0.439453125,0.8056640625,-0.1708984375,0.5859375,0.06103515625,0.79345703125,0.23193359375,0.20751953125,-0.0244140625,1.66015625,-0.10986328125,1.84326171875,0.0244140625,0.927734375,-0.5615234375,0.89111328125,-0.15869140625,0.74462890625,0.5126953125,1.64794921875,0.244140625,0.45166015625,0.03662109375,1.79443359375,0.0732421875,-0.20751953125,0.048828125,0.42724609375,0.30517578125,-0.830078125,0.08544921875,-0.2685546875,-0.10986328125,-1.5380859375,0.244140625,-0.23193359375,0.42724609375,-0.3173828125,0.1220703125,-1.3671875,-0.13427734375,-0.732421875,-0.0732421875,-0.67138671875,-0.2685546875,-0.64697265625,-0.1220703125,-0.08544921875,0.06103515625,-0.72021484375,0.15869140625,-1.42822265625,-0.1220703125,-0.98876953125,-0.244140625,0.390625,0,0.29296875,-0.146484375,-0.048828125,-0.0732421875,-0.03662109375,-0.20751953125,0.1220703125,-0.2197265625,-0.18310546875,-0.03662109375,0.6103515625,0.1708984375,-0.6103515625,-0.146484375,-0.7568359375
1,-0.2197265625,3.662109375,-0.146484375,1.46484375,0.35400390625,1.15966796875,0.09765625,1.74560546875,-0.18310546875,-0.09765625,-0.0244140625,-0.9521484375,0.0244140625,1.01318359375,0.13427734375,-0.1708984375,0.048828125,-0.59814453125,-0.28076171875,-0.15869140625,-0.10986328125,0.86669921875,-0.1708984375,-0.6103515625,-0.28076171875,-0.10986328125,-0.08544921875,-0.74462890625,-0.341796875,0.91552734375,-0.2685546875,0.09765625,0.0732421875,0.45166015625,-0.10986328125,-0.30517578125,0.1708984375,-0.146484375,-0.08544921875,-0.08544921875,-0.10986328125,-0.25634765625,0.146484375,-0.7080078125,-0.244140625,-0.47607421875,0.341796875,0.68359375,-0.3662109375,2.23388671875,0,1.171875,-0.08544921875,0.50048828125,-0.2197265625,1.45263671875,-0.47607421875,0.78125,-0.1220703125,0.5859375,0.08544921875,0.830078125,0.15869140625,0.2197265625,-0.01220703125,1.77001953125,-0.146484375,1.904296875,0.06103515625,0.96435546875,-0.5615234375,0.96435546875,-0.244140625,1.03759765625,0.52490234375,2.1240234375,0.20751953125,0.69580078125,-0.048828125,2.06298828125,0.03662109375,0.09765625,0.01220703125,0.7568359375,0.29296875,-0.45166015625,0.10986328125,0,-0.23193359375,-1.5380859375,0.25634765625,-0.244140625,0.48828125,-0.32958984375,0.1708984375,-1.35498046875,-0.10986328125,-0.732421875,-0.08544921875,-0.68359375,-0.18310546875,-0.6591796875,-0.10986328125,-0.0732421875,0.13427734375,-0.74462890625,0.15869140625,-1.42822265625,-0.048828125,-0.9765625,-0.244140625,0.37841796875,0.01220703125,0.30517578125,-0.146484375,-0.03662109375,-0.08544921875,-0.06103515625,-0.18310546875,0.146484375,-0.20751953125,-0.1953125,-0.0244140625,0.62255859375,0.18310546875,-0.5126953125,-0.146484375,-0.76904296875
1,-0.18310546875,4.6875,-0.1220703125,1.904296875,0.390625,1.52587890625,0.1220703125,2.1484375,-0.15869140625,-0.09765625,-0.048828125,-0.93994140625,0,1.025390625,0.146484375,-0.1708984375,0.09765625,-0.59814453125,-0.244140625,-0.1708984375,0,0.84228515625,-0.06103515625,-0.62255859375,-0.25634765625,-0.08544921875,-0.048828125,-0.76904296875,-0.4638671875,0.9033203125,-0.25634765625,0.08544921875,0.01220703125,0.28076171875,-0.13427734375,-0.45166015625,0.10986328125,-0.18310546875,-0.06103515625,-0.23193359375,-0.146484375,-0.244140625,0.15869140625,-0.7080078125,-0.244140625,-0.47607421875,0.40283203125,0.67138671875,-0.3662109375,2.16064453125,-0.03662109375,1.0986328125,-0.09765625,0.40283203125,-0.244140625,1.40380859375,-0.45166015625,0.74462890625,-0.0732421875,0.54931640625,0.10986328125,0.8544921875,0.20751953125,0.20751953125,-0.048828125,1.77001953125,-0.1708984375,1.89208984375,0.048828125,0.96435546875,-0.50048828125,0.96435546875,-0.30517578125,1.611328125,0.47607421875,2.89306640625,0.1220703125,1.15966796875,-0.09765625,2.57568359375,0.03662109375,0.6103515625,-0.01220703125,1.3427734375,0.28076171875,0.25634765625,0.13427734375,0.47607421875,-0.28076171875,-1.5380859375,0.244140625,-0.25634765625,0.52490234375,-0.32958984375,0.146484375,-1.3916015625,-0.09765625,-0.74462890625,-0.1220703125,-0.67138671875,-0.09765625,-0.6591796875,-0.0732421875,-0.048828125,0.18310546875,-0.732421875,0.13427734375,-1.42822265625,-0.01220703125,-0.98876953125,-0.1953125,0.390625,0.01220703125,0.3173828125,-0.146484375,-0.0244140625,-0.0732421875,-0.048828125,-0.15869140625,0.146484375,-0.1953125,-0.1708984375,-0.01220703125,0.67138671875,0.09765625,-0.341796875,-0.146484375,-0.7568359375
1,-0.18310546875,5.517578125,-0.1220703125,2.2705078125,0.3662109375,1.86767578125,0.10986328125,2.52685546875,-0.15869140625,-0.1220703125,-0.048828125,-0.93994140625,-0.0244140625,1.01318359375,0.146484375,-0.15869140625,0.13427734375,-0.6103515625,-0.18310546875,-0.15869140625,0.08544921875,0.86669921875,0.0244140625,-0.59814453125,-0.2197265625,-0.08544921875,-0.048828125,-0.7568359375,-0.52490234375,0.9033203125,-0.2197265625,0.10986328125,-0.03662109375,0.13427734375,-0.20751953125,-0.5615234375,0.08544921875,-0.146484375,-0.01220703125,-0.32958984375,-0.15869140625,-0.2197265625,0.146484375,-0.69580078125,-0.20751953125,-0.5126953125,0.35400390625,0.68359375,-0.37841796875,2.0263671875,-0.01220703125,0.98876953125,-0.146484375,0.2197265625,-0.244140625,1.2939453125,-0.4638671875,0.7568359375,-0.03662109375,0.54931640625,0.0732421875,0.87890625,0.23193359375,0.2197265625,-0.0244140625,1.708984375,-0.10986328125,1.86767578125,0.0732421875,0.91552734375,-0.37841796875,0.9033203125,-0.23193359375,2.4169921875,0.48828125,3.90625,0.0244140625,1.806640625,-0.048828125,3.33251953125,0.0244140625,1.318359375,-0.03662109375,2.1484375,0.18310546875,1.2451171875,0.09765625,1.13525390625,-0.3173828125,-1.5380859375,0.1953125,-0.2685546875,0.5126953125,-0.32958984375,0.1220703125,-1.40380859375,-0.0732421875,-0.7568359375,-0.13427734375,-0.68359375,-0.01220703125,-0.64697265625,-0.01220703125,-0.0732421875,0.1953125,-0.74462890625,0.08544921875,-1.4404296875,-0.01220703125,-1.01318359375,-0.15869140625,0.390625,0.01220703125,0.30517578125,-0.15869140625,-0.03662109375,-0.08544921875,-0.06103515625,-0.146484375,0.15869140625,-0.2197265625,-0.08544921875,-0.03662109375,0.72021484375,0.0244140625,-0.08544921875,-0.15869140625,-0.69580078125
1,-0.244140625,6.14013671875,-0.10986328125,2.5390625,0.3662109375,2.099609375,0.09765625,2.79541015625,-0.146484375,-0.13427734375,-0.048828125,-0.91552734375,-0.048828125,1.025390625,0.13427734375,-0.146484375,0.15869140625,-0.6103515625,-0.09765625,-0.1953125,0.146484375,0.86669921875,0.09765625,-0.5859375,-0.13427734375,-0.08544921875,-0.048828125,-0.7568359375,-0.54931640625,0.89111328125,-0.1708984375,0.0732421875,0.048828125,0.0732421875,-0.20751953125,-0.6103515625,0,0.01220703125,0.08544921875,-0.3173828125,-0.1953125,-0.1953125,0.10986328125,-0.69580078125,-0.18310546875,-0.52490234375,0.35400390625,0.67138671875,-0.390625,1.85546875,-0.0244140625,0.8544921875,-0.146484375,0.0244140625,-0.30517578125,1.171875,-0.42724609375,0.74462890625,-0.03662109375,0.54931640625,-0.0244140625,0.9033203125,0.29296875,0.244140625,-0.0244140625,1.59912109375,-0.0732421875,1.79443359375,0,0.84228515625,-0.244140625,0.74462890625,-0.1953125,3.4423828125,0.4150390625,5.1513671875,-0.10986328125,2.62451171875,-0.06103515625,4.2236328125,-0.01220703125,2.08740234375,-0.048828125,3.0517578125,0.10986328125,2.44140625,0.01220703125,1.84326171875,-0.32958984375,-1.52587890625,0.146484375,-0.2685546875,0.48828125,-0.341796875,0.09765625,-1.416015625,-0.0244140625,-0.7568359375,-0.18310546875,-0.67138671875,0.048828125,-0.64697265625,0.048828125,-0.048828125,0.20751953125,-0.7568359375,0.06103515625,-1.42822265625,0.01220703125,-1.01318359375,-0.146484375,0.390625,0.0244140625,0.32958984375,-0.1220703125,-0.03662109375,-0.06103515625,-0.06103515625,-0.146484375,0.146484375,-0.2197265625,0.0244140625,-0.048828125,0.76904296875,-0.01220703125,0.1953125,-0.18310546875,-0.5615234375
1,-0.28076171875,6.4697265625,-0.0732421875,2.69775390625,0.390625,2.25830078125,0.09765625,2.96630859375,-0.10986328125,-0.146484375,-0.0732421875,-0.93994140625,-0.06103515625,1.03759765625,0.146484375,-0.1708984375,0.2197265625,-0.62255859375,-0.03662109375,-0.18310546875,0.25634765625,0.86669921875,0.15869140625,-0.5859375,-0.06103515625,-0.09765625,-0.0732421875,-0.7568359375,-0.5126953125,0.89111328125,-0.09765625,0.09765625,0.03662109375,0.1708984375,-0.28076171875,-0.50048828125,-0.146484375,0.3173828125,0.13427734375,-0.1953125,-0.2197265625,-0.1708984375,0.0732421875,-0.67138671875,-0.1953125,-0.537109375,0.32958984375,0.69580078125,-0.45166015625,1.67236328125,0.01220703125,0.69580078125,-0.03662109375,-0.1708984375,-0.29296875,1.07421875,-0.439453125,0.74462890625,-0.0244140625,0.5126953125,0.0244140625,0.93994140625,0.3662109375,0.244140625,0,1.46484375,-0.03662109375,1.6845703125,-0.03662109375,0.76904296875,-0.15869140625,0.57373046875,-0.048828125,4.541015625,0.48828125,6.50634765625,-0.146484375,3.515625,-0.06103515625,5.2490234375,-0.06103515625,2.89306640625,-0.0732421875,3.99169921875,0.09765625,3.67431640625,-0.048828125,2.60009765625,-0.2685546875,-1.4892578125,0.06103515625,-0.28076171875,0.45166015625,-0.35400390625,0.0732421875,-1.42822265625,-0.01220703125,-0.72021484375,-0.1953125,-0.67138671875,0.03662109375,-0.64697265625,0.048828125,-0.06103515625,0.18310546875,-0.7568359375,-0.01220703125,-1.4404296875,0,-1.01318359375,-0.146484375,0.3662109375,0.0244140625,0.32958984375,-0.10986328125,-0.03662109375,-0.0732421875,-0.08544921875,-0.13427734375,0.146484375,-0.18310546875,0.15869140625,-0.03662109375,0.86669921875,0.048828125,0.57373046875,-0.1708984375,-0.4150390625
0,-0.28076171875,6.53076171875,-0.048828125,2.734375,0.439453125,2.3193359375,0.09765625,3.01513671875,-0.09765625,-0.13427734375,-0.06103515625,-0.93994140625,-0.08544921875,1.06201171875,0.146484375,-0.15869140625,0.23193359375,-0.6103515625,0.0244140625,-0.18310546875,0.28076171875,0.86669921875,0.146484375,-0.5859375,0.03662109375,-0.0732421875,-0.09765625,-0.76904296875,-0.42724609375,0.9033203125,-0.08544921875,0.0732421875,0.18310546875,0.4638671875,-0.29296875,-0.244140625,-0.03662109375,0.8056640625,0.2685546875,0.10986328125,-0.20751953125,-0.15869140625,0.01220703125,-0.68359375,-0.18310546875,-0.54931640625,0.25634765625,0.7080078125,-0.537109375,1.52587890625,0.0732421875,0.59814453125,0.06103515625,-0.32958984375,-0.32958984375,0.9765625,-0.35400390625,0.7568359375,-0.01220703125,0.52490234375,-0.06103515625,0.9521484375,0.37841796875,0.244140625,0.06103515625,1.318359375,0.048828125,1.5869140625,-0.0244140625,0.68359375,-0.09765625,0.4150390625,0.0244140625,5.62744140625,0.45166015625,7.8125,-0.2197265625,4.40673828125,-0.08544921875,6.28662109375,-0.048828125,3.64990234375,-0.01220703125,4.8828125,0.146484375,4.89501953125,0,3.28369140625,-0.23193359375,-1.4892578125,0,-0.30517578125,0.4150390625,-0.35400390625,0.0732421875,-1.40380859375,0,-0.72021484375,-0.18310546875,-0.634765625,0.0244140625,-0.6591796875,0.0732421875,-0.06103515625,0.1708984375,-0.732421875,-0.048828125,-1.4404296875,0,-1.0009765625,-0.13427734375,0.37841796875,0.0244140625,0.341796875,-0.09765625,-0.06103515625,-0.06103515625,-0.08544921875,-0.15869140625,0.146484375,-0.18310546875,0.341796875,-0.06103515625,0.9765625,0.0732421875,1.01318359375,-0.1708984375,-0.20751953125
0,-0.30517578125,6.31103515625,-0.03662109375,2.6611328125,0.439453125,2.2705078125,0.09765625,2.91748046875,-0.03662109375,-0.1220703125,-0.0732421875,-0.93994140625,-0.08544921875,1.06201171875,0.13427734375,-0.18310546875,0.28076171875,-0.6103515625,0.048828125,-0.20751953125,0.341796875,0.86669921875,0.13427734375,-0.57373046875,0.0732421875,-0.06103515625,-0.146484375,-0.79345703125,-0.29296875,0.9033203125,-0.10986328125,0.06103515625,0.146484375,0.927734375,-0.37841796875,0.1953125,-0.08544921875,1.4892578125,0.3662109375,0.5615234375,-0.13427734375,-0.13427734375,0.0244140625,-0.6591796875,-0.1708984375,-0.52490234375,0.2685546875,0.7568359375,-0.62255859375,1.46484375,0.08544921875,0.52490234375,0.03662109375,-0.390625,-0.37841796875,0.93994140625,-0.25634765625,0.7568359375,-0.0244140625,0.52490234375,-0.10986328125,0.9765625,0.4638671875,0.244140625,0,1.1962890625,0.08544921875,1.513671875,-0.0244140625,0.62255859375,-0.03662109375,0.29296875,0.08544921875,6.591796875,0.40283203125,8.9599609375,-0.25634765625,5.21240234375,-0.08544921875,7.2021484375,-0.03662109375,4.33349609375,-0.0244140625,5.65185546875,0,5.9326171875,0.0244140625,3.8818359375,-0.15869140625,-1.47705078125,-0.06103515625,-0.29296875,0.4150390625,-0.35400390625,0.0732421875,-1.42822265625,0.01220703125,-0.72021484375,-0.146484375,-0.64697265625,0.06103515625,-0.64697265625,0.048828125,-0.0732421875,0.1708984375,-0.72021484375,-0.0732421875,-1.46484375,0.0244140625,-1.025390625,-0.15869140625,0.3662109375,0.048828125,0.341796875,-0.08544921875,-0.048828125,-0.06103515625,-0.06103515625,-0.146484375,0.13427734375,-0.15869140625,0.537109375,-0.06103515625,1.0986328125,0.1220703125,1.4892578125,-0.13427734375,0.03662109375
0,-0.3173828125,5.89599609375,0,2.4658203125,0.45166015625,2.08740234375,0.1220703125,2.7587890625,-0.03662109375,-0.13427734375,-0.03662109375,-0.9521484375,-0.10986328125,1.0498046875,0.1220703125,-0.18310546875,0.28076171875,-0.59814453125,0.048828125,-0.2197265625,0.37841796875,0.86669921875,0.06103515625,-0.5859375,0.06103515625,-0.048828125,-0.1953125,-0.8056640625,-0.15869140625,0.9033203125,-0.13427734375,0.0732421875,0.10986328125,1.57470703125,-0.45166015625,0.7568359375,-0.0732421875,2.294921875,0.37841796875,1.1474609375,-0.03662109375,-0.13427734375,0,-0.6591796875,-0.15869140625,-0.52490234375,0.1953125,0.81787109375,-0.59814453125,1.45263671875,0.146484375,0.50048828125,0.06103515625,-0.390625,-0.30517578125,0.9033203125,-0.146484375,0.76904296875,-0.03662109375,0.52490234375,-0.1708984375,0.9765625,0.50048828125,0.244140625,-0.06103515625,1.08642578125,0.0732421875,1.46484375,-0.09765625,0.57373046875,-0.1220703125,0.23193359375,0.1220703125,7.32421875,0.341796875,9.912109375,-0.30517578125,5.810546875,-0.15869140625,7.9345703125,0,4.84619140625,-0.06103515625,6.2744140625,-0.10986328125,6.7626953125,0.048828125,4.345703125,-0.10986328125,-1.47705078125,-0.1220703125,-0.2685546875,0.3662109375,-0.341796875,0.03662109375,-1.42822265625,-0.0244140625,-0.69580078125,-0.10986328125,-0.6591796875,0.06103515625,-0.634765625,-0.01220703125,-0.10986328125,0.18310546875,-0.7080078125,-0.08544921875,-1.45263671875,0.03662109375,-1.03759765625,-0.15869140625,0.35400390625,0.06103515625,0.3173828125,-0.0732421875,-0.0732421875,-0.08544921875,-0.0732421875,-0.1708984375,0.1220703125,-0.146484375,0.732421875,-0.06103515625,1.23291015625,0.146484375,1.953125,-0.10986328125,0.25634765625
0,-0.30517578125,5.23681640625,0.01220703125,2.20947265625,0.4150390625,1.8310546875,0.10986328125,2.47802734375,-0.03662109375,-0.13427734375,-0.06103515625,-0.9521484375,-0.10986328125,1.0498046875,0.1220703125,-0.18310546875,0.2685546875,-0.59814453125,0.03662109375,-0.18310546875,0.341796875,0.86669921875,-0.01220703125,-0.59814453125,0.08544921875,-0.01220703125,-0.244140625,-0.79345703125,-0.0244140625,0.91552734375,-0.15869140625,0.0732421875,0.09765625,2.30712890625,-0.48828125,1.4404296875,0.01220703125,3.1982421875,0.35400390625,1.8310546875,0.08544921875,-0.146484375,-0.048828125,-0.634765625,-0.1220703125,-0.48828125,0.01220703125,0.81787109375,-0.6103515625,1.47705078125,0.1220703125,0.5126953125,0.03662109375,-0.341796875,-0.29296875,0.93994140625,-0.0244140625,0.78125,-0.0732421875,0.537109375,-0.28076171875,0.96435546875,0.5126953125,0.244140625,-0.03662109375,1.01318359375,0.13427734375,1.42822265625,-0.03662109375,0.54931640625,-0.06103515625,0.20751953125,0.08544921875,7.75146484375,0.18310546875,10.43701171875,-0.25634765625,6.1767578125,-0.23193359375,8.36181640625,0.0244140625,5.21240234375,-0.09765625,6.65283203125,-0.25634765625,7.32421875,0.0732421875,4.65087890625,-0.06103515625,-1.45263671875,-0.18310546875,-0.2685546875,0.25634765625,-0.341796875,0.01220703125,-1.40380859375,-0.06103515625,-0.68359375,-0.09765625,-0.64697265625,0.10986328125,-0.634765625,-0.0732421875,-0.09765625,0.18310546875,-0.7080078125,-0.1220703125,-1.42822265625,-0.01220703125,-1.03759765625,-0.146484375,0.32958984375,0.06103515625,0.30517578125,-0.06103515625,-0.08544921875,-0.0732421875,-0.0732421875,-0.15869140625,0.10986328125,-0.146484375,0.9033203125,-0.048828125,1.35498046875,0.06103515625,2.40478515625,-0.08544921875,0.439453125
0,-0.30517578125,4.4921875,0.01220703125,1.85546875,0.390625,1.513671875,0.08544921875,2.1484375,0,-0.13427734375,-0.06103515625,-0.96435546875,-0.13427734375,1.06201171875,0.10986328125,-0.1708984375,0.25634765625,-0.59814453125,0.01220703125,-0.1953125,0.30517578125,0.87890625,-0.08544921875,-0.5859375,0.01220703125,0.0244140625,-0.30517578125,-0.79345703125,0.0732421875,0.91552734375,-0.20751953125,0.0732421875,0.1220703125,3.076171875,-0.48828125,2.099609375,0.0732421875,4.11376953125,0.3173828125,2.5390625,0.1220703125,-0.146484375,-0.03662109375,-0.634765625,-0.048828125,-0.47607421875,-0.03662109375,0.84228515625,-0.5859375,1.513671875,0.06103515625,0.54931640625,0.0244140625,-0.2197265625,-0.30517578125,0.9521484375,0.10986328125,0.78125,-0.0732421875,0.5615234375,-0.2685546875,0.91552734375,0.52490234375,0.23193359375,-0.09765625,0.9521484375,0.15869140625,1.3916015625,0.06103515625,0.5126953125,0,0.244140625,0.146484375,7.8369140625,0.1708984375,10.63232421875,-0.146484375,6.2744140625,-0.29296875,8.48388671875,0.048828125,5.3466796875,-0.146484375,6.8359375,-0.35400390625,7.58056640625,0.048828125,4.79736328125,-0.048828125,-1.46484375,-0.25634765625,-0.23193359375,0.146484375,-0.3173828125,-0.0732421875,-1.40380859375,-0.08544921875,-0.6591796875,-0.08544921875,-0.634765625,0.1220703125,-0.64697265625,-0.15869140625,-0.08544921875,0.146484375,-0.69580078125,-0.10986328125,-1.42822265625,-0.048828125,-1.0009765625,-0.146484375,0.35400390625,0.03662109375,0.28076171875,-0.03662109375,-0.08544921875,-0.0732421875,-0.09765625,-0.1708984375,0.10986328125,-0.13427734375,1.06201171875,-0.03662109375,1.46484375,0.048828125,2.77099609375,-0.06103515625,0.634765625
0,-0.32958984375,3.69873046875,0.048828125,1.52587890625,0.390625,1.18408203125,0.0732421875,1.7822265625,0,-0.13427734375,-0.048828125,-0.96435546875,-0.146484375,1.025390625,0.1220703125,-0.15869140625,0.2197265625,-0.57373046875,-0.03662109375,-0.18310546875,0.23193359375,0.87890625,-0.1220703125,-0.59814453125,-0.048828125,0.06103515625,-0.37841796875,-0.78125,0.18310546875,0.91552734375,-0.1953125,0.08544921875,0.1953125,3.77197265625,-0.52490234375,2.74658203125,0.01220703125,5.0048828125,0.244140625,3.1982421875,0.18310546875,-0.13427734375,-0.10986328125,-0.64697265625,-0.08544921875,-0.4638671875,-0.048828125,0.84228515625,-0.439453125,1.5380859375,0.03662109375,0.57373046875,0.15869140625,-0.048828125,-0.1953125,0.98876953125,0.048828125,0.79345703125,-0.048828125,0.57373046875,-0.341796875,0.81787109375,0.47607421875,0.23193359375,-0.08544921875,0.87890625,0.09765625,1.33056640625,0.01220703125,0.4638671875,-0.1953125,0.29296875,0.15869140625,7.6171875,0.18310546875,10.400390625,0,6.11572265625,-0.390625,8.3251953125,0.09765625,5.31005859375,-0.1708984375,6.787109375,-0.4638671875,7.5439453125,0.03662109375,4.736328125,-0.03662109375,-1.45263671875,-0.29296875,-0.1953125,0.048828125,-0.3173828125,-0.1220703125,-1.37939453125,-0.10986328125,-0.64697265625,-0.0732421875,-0.64697265625,0.08544921875,-0.67138671875,-0.23193359375,-0.0732421875,0.09765625,-0.69580078125,-0.08544921875,-1.42822265625,-0.13427734375,-1.01318359375,-0.13427734375,0.35400390625,0.01220703125,0.29296875,-0.048828125,-0.0732421875,-0.06103515625,-0.10986328125,-0.1708984375,0.0732421875,-0.15869140625,1.1474609375,-0.03662109375,1.57470703125,0.06103515625,3.03955078125,-0.0732421875,0.7568359375
0,-0.341796875,2.91748046875,0.048828125,1.1474609375,0.390625,0.8544921875,0.03662109375,1.42822265625,0.01220703125,-0.13427734375,-0.0732421875,-0.96435546875,-0.1708984375,1.0009765625,0.09765625,-0.1708984375,0.1953125,-0.57373046875,-0.06103515625,-0.20751953125,0.09765625,0.89111328125,-0.09765625,-0.59814453125,-0.08544921875,0.08544921875,-0.40283203125,-0.79345703125,0.25634765625,0.91552734375,-0.23193359375,0.09765625,0.2197265625,4.38232421875,-0.54931640625,3.2958984375,-0.0244140625,5.77392578125,0.15869140625,3.74755859375,0.20751953125,-0.13427734375,-0.1708984375,-0.634765625,-0.1220703125,-0.47607421875,-0.15869140625,0.84228515625,-0.390625,1.5625,-0.08544921875,0.6103515625,0.1220703125,0.06103515625,-0.1953125,1.0009765625,0.01220703125,0.78125,-0.0244140625,0.59814453125,-0.35400390625,0.74462890625,0.48828125,0.2685546875,-0.03662109375,0.84228515625,0.15869140625,1.2939453125,0.1220703125,0.40283203125,-0.13427734375,0.35400390625,0.146484375,7.177734375,0.10986328125,9.87548828125,0.13427734375,5.7373046875,-0.4638671875,7.89794921875,0.08544921875,5.06591796875,-0.146484375,6.50634765625,-0.52490234375,7.18994140625,0.0244140625,4.4921875,-0.03662109375,-1.46484375,-0.3173828125,-0.18310546875,-0.03662109375,-0.30517578125,-0.146484375,-1.35498046875,-0.1220703125,-0.67138671875,-0.08544921875,-0.64697265625,0.06103515625,-0.68359375,-0.2685546875,-0.0732421875,0,-0.69580078125,-0.048828125,-1.416015625,-0.20751953125,-1.025390625,-0.09765625,0.35400390625,0,0.2685546875,-0.048828125,-0.0732421875,-0.06103515625,-0.10986328125,-0.1708984375,0.10986328125,-0.146484375,1.18408203125,-0.0244140625,1.59912109375,0.10986328125,3.21044921875,-0.08544921875,0.8056640625
0,-0.341796875,2.20947265625,0.0732421875,0.79345703125,0.35400390625,0.54931640625,0.01220703125,1.08642578125,0.03662109375,-0.15869140625,-0.09765625,-0.93994140625,-0.1708984375,1.01318359375,0.08544921875,-0.18310546875,0.1953125,-0.6103515625,-0.03662109375,-0.18310546875,-0.0244140625,0.87890625,-0.08544921875,-0.5859375,-0.1708984375,0.0732421875,-0.4150390625,-0.78125,0.28076171875,0.927734375,-0.25634765625,0.10986328125,0.20751953125,4.82177734375,-0.59814453125,3.6865234375,-0.09765625,6.35986328125,0.03662109375,4.150390625,0.13427734375,-0.13427734375,-0.18310546875,-0.634765625,-0.13427734375,-0.45166015625,-0.1220703125,0.81787109375,-0.25634765625,1.5625,-0.1220703125,0.634765625,0.1708984375,0.146484375,-0.13427734375,0.98876953125,0,0.79345703125,0,0.57373046875,-0.341796875,0.67138671875,0.40283203125,0.2685546875,0,0.74462890625,0.10986328125,1.2451171875,0.08544921875,0.29296875,-0.1220703125,0.37841796875,0.1220703125,6.55517578125,0.048828125,9.11865234375,0.18310546875,5.224609375,-0.57373046875,7.3486328125,0.0732421875,4.6142578125,-0.13427734375,5.99365234375,-0.537109375,6.55517578125,0.01220703125,4.1015625,-0.06103515625,-1.47705078125,-0.3173828125,-0.20751953125,-0.1708984375,-0.29296875,-0.09765625,-1.35498046875,-0.1220703125,-0.68359375,-0.03662109375,-0.6591796875,-0.0244140625,-0.68359375,-0.2685546875,-0.0732421875,-0.08544921875,-0.69580078125,-0.0732421875,-1.42822265625,-0.23193359375,-1.025390625,-0.0732421875,0.3662109375,-0.03662109375,0.28076171875,-0.03662109375,-0.06103515625,-0.06103515625,-0.13427734375,-0.1953125,0.08544921875,-0.146484375,1.171875,0,1.611328125,0.048828125,3.18603515625,-0.09765625,0.8056640625
0,-0.390625,1.62353515625,0.08544921875,0.52490234375,0.341796875,0.30517578125,0,0.81787109375,0.03662109375,-0.15869140625,-0.10986328125,-0.9521484375,-0.20751953125,0.98876953125,0.08544921875,-0.18310546875,0.13427734375,-0.6103515625,0,-0.1708984375,-0.146484375,0.89111328125,0,-0.5859375,-0.244140625,0.06103515625,-0.3662109375,-0.78125,0.2685546875,0.91552734375,-0.244140625,0.09765625,0.1953125,5.078125,-0.7080078125,3.86962890625,-0.10986328125,6.75048828125,-0.0732421875,4.38232421875,0.08544921875,-0.146484375,-0.1953125,-0.6591796875,-0.13427734375,-0.4638671875,-0.146484375,0.79345703125,-0.15869140625,1.513671875,-0.20751953125,0.62255859375,0.2685546875,0.18310546875,-0.048828125,0.9765625,-0.03662109375,0.76904296875,0.01220703125,0.5615234375,-0.37841796875,0.57373046875,0.244140625,0.29296875,0.01220703125,0.634765625,0.03662109375,1.18408203125,0,0.23193359375,-0.1220703125,0.37841796875,0.0732421875,5.9326171875,0,8.2275390625,0.1953125,4.6875,-0.5615234375,6.72607421875,0.0732421875,4.01611328125,-0.0732421875,5.31005859375,-0.52490234375,5.74951171875,0,3.55224609375,-0.1220703125,-1.4892578125,-0.29296875,-0.1953125,-0.25634765625,-0.2685546875,-0.03662109375,-1.35498046875,-0.10986328125,-0.7080078125,-0.01220703125,-0.6591796875,-0.08544921875,-0.64697265625,-0.244140625,-0.048828125,-0.0732421875,-0.69580078125,-0.1220703125,-1.416015625,-0.2685546875,-1.025390625,-0.0244140625,0.37841796875,-0.048828125,0.28076171875,-0.03662109375,-0.0732421875,-0.0732421875,-0.1220703125,-0.1953125,0.10986328125,-0.1220703125,1.0986328125,0,1.57470703125,-0.03662109375,3.03955078125,-0.09765625,0.7080078125
0,-0.37841796875,1.11083984375,0.10986328125,0.28076171875,0.30517578125,0.1220703125,-0.0244140625,0.5859375,0.048828125,-0.15869140625,-0.10986328125,-0.9521484375,-0.23193359375,1.0009765625,0.06103515625,-0.1953125,0.10986328125,-0.62255859375,0.06103515625,-0.18310546875,-0.23193359375,0.86669921875,0.0244140625,-0.5859375,-0.29296875,0.0244140625,-0.30517578125,-0.7568359375,0.29296875,0.89111328125,-0.28076171875,0.08544921875,0.244140625,5.13916015625,-0.78125,3.91845703125,-0.09765625,6.93359375,-0.0732421875,4.43115234375,0.01220703125,-0.146484375,-0.15869140625,-0.64697265625,-0.15869140625,-0.4638671875,-0.1708984375,0.7568359375,-0.10986328125,1.46484375,-0.2685546875,0.6103515625,0.29296875,0.15869140625,0.0244140625,0.96435546875,-0.0732421875,0.78125,0.0244140625,0.537109375,-0.2685546875,0.5126953125,0.146484375,0.29296875,-0.01220703125,0.5859375,-0.03662109375,1.1474609375,-0.09765625,0.1953125,-0.09765625,0.35400390625,-0.0244140625,5.35888671875,-0.0732421875,7.40966796875,0.15869140625,4.19921875,-0.48828125,6.14013671875,0.06103515625,3.2958984375,0,4.50439453125,-0.5126953125,4.78515625,0.01220703125,2.9052734375,-0.146484375,-1.50146484375,-0.28076171875,-0.20751953125,-0.390625,-0.244140625,0.01220703125,-1.3427734375,-0.13427734375,-0.7080078125,0.0244140625,-0.6591796875,-0.15869140625,-0.68359375,-0.1953125,-0.06103515625,-0.08544921875,-0.69580078125,-0.18310546875,-1.416015625,-0.3173828125,-1.03759765625,0.0732421875,0.3662109375,-0.09765625,0.30517578125,-0.048828125,-0.06103515625,-0.06103515625,-0.10986328125,-0.18310546875,0.10986328125,-0.15869140625,1.0009765625,-0.01220703125,1.5380859375,-0.0732421875,2.79541015625,-0.10986328125,0.59814453125
0,-0.40283203125,0.74462890625,0.1220703125,0.1220703125,0.2685546875,-0.03662109375,-0.048828125,0.37841796875,0.048828125,-0.146484375,-0.08544921875,-0.9521484375,-0.2197265625,1.025390625,0.048828125,-0.18310546875,0.0732421875,-0.6103515625,0.146484375,-0.18310546875,-0.244140625,0.84228515625,0.0732421875,-0.57373046875,-0.3173828125,0,-0.1953125,-0.76904296875,0.244140625,0.89111328125,-0.244140625,0.0732421875,0.146484375,5.0048828125,-0.9033203125,3.7841796875,-0.1953125,6.87255859375,-0.1220703125,4.33349609375,-0.06103515625,-0.18310546875,-0.1220703125,-0.67138671875,-0.20751953125,-0.47607421875,-0.0244140625,0.74462890625,-0.0732421875,1.42822265625,-0.29296875,0.57373046875,0.28076171875,0.09765625,0.06103515625,0.927734375,-0.15869140625,0.76904296875,0,0.52490234375,-0.29296875,0.47607421875,0.08544921875,0.3173828125,0.03662109375,0.57373046875,-0.0244140625,1.11083984375,-0.1953125,0.1708984375,-0.06103515625,0.3662109375,-0.13427734375,4.931640625,-0.048828125,6.8115234375,0.1220703125,3.79638671875,-0.4150390625,5.6884765625,0.01220703125,2.5146484375,0.048828125,3.62548828125,-0.439453125,3.7109375,0,2.2216796875,-0.18310546875,-1.50146484375,-0.29296875,-0.25634765625,-0.5126953125,-0.25634765625,0.0732421875,-1.3671875,-0.146484375,-0.732421875,0.03662109375,-0.6591796875,-0.20751953125,-0.6591796875,-0.1953125,-0.048828125,-0.01220703125,-0.68359375,-0.23193359375,-1.42822265625,-0.32958984375,-1.03759765625,0.146484375,0.3662109375,-0.09765625,0.30517578125,-0.06103515625,-0.048828125,-0.0732421875,-0.08544921875,-0.18310546875,0.1220703125,-0.15869140625,0.86669921875,0,1.42822265625,-0.09765625,2.50244140625,-0.09765625,0.4638671875
0,-0.4150390625,0.45166015625,0.13427734375,-0.0244140625,0.244140625,-0.1220703125,-0.06103515625,0.25634765625,0.048828125,-0.1220703125,-0.10986328125,-0.93994140625,-0.244140625,1.03759765625,0.048828125,-0.15869140625,0.03662109375,-0.59814453125,0.1953125,-0.1953125,-0.23193359375,0.84228515625,0.10986328125,-0.5859375,-0.25634765625,-0.06103515625,-0.146484375,-0.76904296875,0.15869140625,0.89111328125,-0.2197265625,0.08544921875,0.10986328125,4.72412109375,-0.9765625,3.52783203125,-0.244140625,6.640625,-0.08544921875,4.1259765625,-0.09765625,-0.18310546875,-0.10986328125,-0.6591796875,-0.2197265625,-0.50048828125,0.06103515625,0.732421875,-0.03662109375,1.416015625,-0.29296875,0.5615234375,0.28076171875,0.0244140625,0.09765625,0.91552734375,-0.2685546875,0.78125,0.06103515625,0.52490234375,-0.20751953125,0.4638671875,0.0244140625,0.32958984375,0.06103515625,0.6103515625,-0.08544921875,1.171875,-0.28076171875,0.18310546875,0.1220703125,0.341796875,-0.13427734375,4.69970703125,0.01220703125,6.396484375,0.13427734375,3.57666015625,-0.2197265625,5.43212890625,-0.01220703125,1.6845703125,0.08544921875,2.685546875,-0.37841796875,2.63671875,-0.0244140625,1.50146484375,-0.20751953125,-1.52587890625,-0.28076171875,-0.25634765625,-0.634765625,-0.244140625,0.08544921875,-1.3671875,-0.15869140625,-0.74462890625,0.06103515625,-0.64697265625,-0.23193359375,-0.6591796875,-0.15869140625,-0.03662109375,0.08544921875,-0.68359375,-0.28076171875,-1.45263671875,-0.35400390625,-1.025390625,0.1953125,0.3662109375,-0.09765625,0.30517578125,-0.0732421875,-0.03662109375,-0.06103515625,-0.048828125,-0.18310546875,0.10986328125,-0.15869140625,0.76904296875,-0.01220703125,1.35498046875,-0.10986328125,2.18505859375,-0.146484375,0.3173828125
0,-0.37841796875,0.20751953125,0.1708984375,-0.10986328125,0.25634765625,-0.18310546875,-0.0732421875,0.15869140625,0.048828125,-0.1220703125,-0.10986328125,-0.93994140625,-0.29296875,1.025390625,0.0244140625,-0.13427734375,0.0732421875,-0.5859375,0.244140625,-0.20751953125,-0.20751953125,0.830078125,0.09765625,-0.5859375,-0.18310546875,-0.1220703125,-0.08544921875,-0.76904296875,0.08544921875,0.9033203125,-0.13427734375,0.09765625,0.06103515625,4.40673828125,-0.93994140625,3.2470703125,-0.28076171875,6.28662109375,-0.03662109375,3.8818359375,-0.08544921875,-0.23193359375,-0.09765625,-0.634765625,-0.28076171875,-0.48828125,0.08544921875,0.732421875,-0.08544921875,1.45263671875,-0.23193359375,0.5859375,0.3662109375,-0.03662109375,0.2197265625,0.96435546875,-0.30517578125,0.78125,0.048828125,0.5126953125,-0.1220703125,0.48828125,0.01220703125,0.341796875,0.15869140625,0.7568359375,-0.13427734375,1.2451171875,-0.341796875,0.29296875,0.146484375,0.341796875,-0.1220703125,4.60205078125,-0.048828125,6.26220703125,0.08544921875,3.4912109375,-0.13427734375,5.322265625,-0.03662109375,0.9033203125,0.09765625,1.81884765625,-0.341796875,1.59912109375,0,0.830078125,-0.20751953125,-1.513671875,-0.25634765625,-0.29296875,-0.67138671875,-0.2197265625,0.048828125,-1.3671875,-0.1708984375,-0.7568359375,0.048828125,-0.67138671875,-0.23193359375,-0.64697265625,-0.1220703125,-0.048828125,0.048828125,-0.68359375,-0.2685546875,-1.42822265625,-0.30517578125,-1.03759765625,0.2197265625,0.35400390625,-0.09765625,0.30517578125,-0.09765625,-0.06103515625,-0.06103515625,-0.0244140625,-0.146484375,0.13427734375,-0.15869140625,0.67138671875,-0.0244140625,1.26953125,-0.048828125,1.91650390625,-0.146484375,0.18310546875
1,-0.35400390625,0,0.18310546875,-0.20751953125,0.25634765625,-0.28076171875,-0.08544921875,0.06103515625,0.048828125,-0.09765625,-0.10986328125,-0.91552734375,-0.29296875,1.025390625,0.03662109375,-0.1220703125,0.10986328125,-0.59814453125,0.23193359375,-0.20751953125,-0.09765625,0.830078125,0.08544921875,-0.59814453125,-0.10986328125,-0.18310546875,-0.048828125,-0.78125,-0.0732421875,0.91552734375,-0.09765625,0.09765625,0.0244140625,4.01611328125,-0.91552734375,2.9296875,-0.23193359375,5.859375,-0.01220703125,3.57666015625,-0.03662109375,-0.25634765625,-0.03662109375,-0.634765625,-0.30517578125,-0.47607421875,0.06103515625,0.732421875,-0.15869140625,1.55029296875,-0.2685546875,0.64697265625,0.40283203125,-0.0244140625,0.2685546875,1.01318359375,-0.35400390625,0.74462890625,0.01220703125,0.5126953125,-0.08544921875,0.5126953125,-0.0244140625,0.37841796875,0.20751953125,0.93994140625,-0.18310546875,1.3427734375,-0.4150390625,0.4150390625,0.13427734375,0.390625,-0.1220703125,4.6630859375,-0.06103515625,6.396484375,0.06103515625,3.564453125,-0.048828125,5.38330078125,-0.048828125,0.1953125,0.10986328125,1.01318359375,-0.28076171875,0.6591796875,0,0.2197265625,-0.18310546875,-1.52587890625,-0.18310546875,-0.29296875,-0.64697265625,-0.23193359375,-0.01220703125,-1.37939453125,-0.146484375,-0.732421875,0.06103515625,-0.7080078125,-0.28076171875,-0.634765625,-0.09765625,-0.0732421875,0.06103515625,-0.7080078125,-0.29296875,-1.4404296875,-0.25634765625,-1.025390625,0.18310546875,0.3662109375,-0.09765625,0.30517578125,-0.09765625,-0.06103515625,-0.06103515625,-0.01220703125,-0.13427734375,0.1220703125,-0.1708984375,0.6103515625,-0.0244140625,1.220703125,-0.08544921875,1.7333984375,-0.1708984375,0.09765625
1,-0.40283203125,-0.2197265625,0.18310546875,-0.30517578125,0.2685546875,-0.35400390625,-0.13427734375,-0.03662109375,0.03662109375,-0.09765625,-0.1220703125,-0.9033203125,-0.32958984375,1.025390625,0.03662109375,-0.1220703125,0.15869140625,-0.59814453125,0.20751953125,-0.2197265625,-0.0244140625,0.81787109375,0.08544921875,-0.5859375,-0.03662109375,-0.20751953125,0,-0.78125,-0.1708984375,0.93994140625,-0.03662109375,0.08544921875,-0.048828125,3.72314453125,-0.87890625,2.64892578125,-0.13427734375,5.48095703125,0.1220703125,3.3203125,0.10986328125,-0.25634765625,0.0244140625,-0.634765625,-0.341796875,-0.47607421875,0.03662109375,0.74462890625,-0.20751953125,1.69677734375,-0.23193359375,0.7080078125,0.439453125,-0.03662109375,0.341796875,1.11083984375,-0.42724609375,0.76904296875,-0.0244140625,0.52490234375,-0.03662109375,0.59814453125,-0.23193359375,0.40283203125,0.23193359375,1.13525390625,-0.146484375,1.47705078125,-0.390625,0.5615234375,0.15869140625,0.4638671875,-0.09765625,4.8095703125,-0.0732421875,6.6162109375,0.03662109375,3.67431640625,-0.01220703125,5.52978515625,-0.06103515625,-0.40283203125,0.09765625,0.3173828125,-0.2685546875,-0.09765625,0.03662109375,-0.28076171875,-0.13427734375,-1.52587890625,-0.10986328125,-0.3173828125,-0.54931640625,-0.244140625,-0.08544921875,-1.37939453125,-0.146484375,-0.72021484375,0.03662109375,-0.69580078125,-0.30517578125,-0.634765625,-0.06103515625,-0.08544921875,0.048828125,-0.7080078125,-0.29296875,-1.416015625,-0.1953125,-1.01318359375,0.146484375,0.37841796875,-0.09765625,0.29296875,-0.1220703125,-0.0732421875,-0.048828125,-0.0244140625,-0.10986328125,0.10986328125,-0.15869140625,0.57373046875,-0.03662109375,1.20849609375,-0.1220703125,1.67236328125,-0.1953125,0.10986328125
1,-0.3662109375,-0.4638671875,0.2197265625,-0.4150390625,0.244140625,-0.4638671875,-0.146484375,-0.146484375,0.08544921875,-0.09765625,-0.1220703125,-0.927734375,-0.37841796875,1.03759765625,0.048828125,-0.15869140625,0.23193359375,-0.59814453125,0.15869140625,-0.1953125,0,0.84228515625,0.0732421875,-0.5859375,0.06103515625,-0.244140625,0,-0.79345703125,-0.2685546875,0.927734375,-0.03662109375,0.09765625,-0.09765625,3.4912109375,-0.81787109375,2.4169921875,-0.048828125,5.13916015625,0.20751953125,3.1005859375,0.28076171875,-0.23193359375,0.08544921875,-0.62255859375,-0.3662109375,-0.45166015625,-0.0244140625,0.78125,-0.2685546875,1.806640625,-0.20751953125,0.8056640625,0.32958984375,0.01220703125,0.4150390625,1.220703125,-0.4150390625,0.78125,-0.09765625,0.537109375,-0.01220703125,0.62255859375,-0.23193359375,0.439453125,0.2685546875,1.33056640625,-0.146484375,1.5625,-0.3662109375,0.67138671875,0.1708984375,0.50048828125,-0.0244140625,4.91943359375,0,6.89697265625,0.03662109375,3.80859375,0.0244140625,5.712890625,-0.03662109375,-0.86669921875,0.06103515625,-0.23193359375,-0.1953125,-0.6591796875,0.06103515625,-0.67138671875,-0.10986328125,-1.513671875,-0.0244140625,-0.30517578125,-0.48828125,-0.2685546875,-0.1220703125,-1.3916015625,-0.1220703125,-0.72021484375,0,-0.6591796875,-0.30517578125,-0.6591796875,-0.06103515625,-0.0732421875,0.01220703125,-0.7080078125,-0.25634765625,-1.416015625,-0.1220703125,-1.0009765625,0.09765625,0.37841796875,-0.06103515625,0.28076171875,-0.09765625,-0.09765625,-0.06103515625,-0.0244140625,-0.08544921875,0.08544921875,-0.13427734375,0.62255859375,-0.0244140625,1.20849609375,-0.1220703125,1.67236328125,-0.18310546875,0.146484375
1,-0.341796875,-0.732421875,0.23193359375,-0.52490234375,0.1953125,-0.5859375,-0.1220703125,-0.28076171875,0.08544921875,-0.09765625,-0.13427734375,-0.91552734375,-0.42724609375,1.025390625,0.0244140625,-0.15869140625,0.28076171875,-0.5859375,0.09765625,-0.1953125,0.0244140625,0.84228515625,0.048828125,-0.59814453125,0.15869140625,-0.23193359375,-0.0244140625,-0.79345703125,-0.35400390625,0.91552734375,-0.0244140625,0.10986328125,-0.0732421875,3.33251953125,-0.732421875,2.30712890625,-0.048828125,4.8583984375,0.341796875,2.978515625,0.42724609375,-0.2197265625,0.15869140625,-0.5859375,-0.35400390625,-0.4638671875,-0.048828125,0.7568359375,-0.28076171875,1.904296875,-0.2197265625,0.86669921875,0.341796875,0.08544921875,0.4638671875,1.2939453125,-0.3662109375,0.8056640625,-0.13427734375,0.54931640625,0.0244140625,0.6591796875,-0.28076171875,0.47607421875,0.23193359375,1.47705078125,-0.15869140625,1.6357421875,-0.3173828125,0.74462890625,0.10986328125,0.57373046875,0.01220703125,4.98046875,0.01220703125,7.01904296875,0.08544921875,3.8818359375,0,5.810546875,-0.03662109375,-1.220703125,0.0732421875,-0.64697265625,-0.13427734375,-1.0986328125,0.06103515625,-0.927734375,-0.06103515625,-1.513671875,0.03662109375,-0.29296875,-0.37841796875,-0.2685546875,-0.13427734375,-1.37939453125,-0.09765625,-0.72021484375,-0.0732421875,-0.67138671875,-0.3173828125,-0.67138671875,-0.08544921875,-0.09765625,0.09765625,-0.7080078125,-0.28076171875,-1.42822265625,-0.10986328125,-0.98876953125,0.048828125,0.37841796875,-0.048828125,0.28076171875,-0.10986328125,-0.08544921875,-0.048828125,-0.0244140625,-0.06103515625,0.06103515625,-0.13427734375,0.67138671875,-0.03662109375,1.220703125,-0.146484375,1.7578125,-0.2197265625,0.2197265625
1,-0.29296875,-0.96435546875,0.2685546875,-0.6591796875,0.1953125,-0.68359375,-0.1220703125,-0.37841796875,0.10986328125,-0.10986328125,-0.15869140625,-0.927734375,-0.45166015625,1.01318359375,0.0244140625,-0.18310546875,0.341796875,-0.5859375,0.01220703125,-0.15869140625,-0.0732421875,0.8544921875,-0.048828125,-0.59814453125,0.1708984375,-0.2197265625,-0.08544921875,-0.78125,-0.35400390625,0.91552734375,-0.048828125,0.1220703125,0,3.25927734375,-0.5859375,2.2216796875,-0.0244140625,4.6630859375,0.40283203125,2.8564453125,0.5615234375,-0.1953125,0.25634765625,-0.57373046875,-0.341796875,-0.4638671875,-0.048828125,0.74462890625,-0.2685546875,1.953125,-0.23193359375,0.91552734375,0.3662109375,0.15869140625,0.48828125,1.3427734375,-0.30517578125,0.8056640625,-0.15869140625,0.5615234375,0.06103515625,0.7080078125,-0.23193359375,0.52490234375,0.2197265625,1.47705078125,-0.146484375,1.66015625,-0.15869140625,0.74462890625,0.0244140625,0.59814453125,0.0244140625,4.8828125,0.06103515625,6.9580078125,0.10986328125,3.82080078125,-0.10986328125,5.77392578125,-0.03662109375,-1.4404296875,0.0244140625,-0.91552734375,-0.10986328125,-1.3427734375,0.08544921875,-1.11083984375,0,-1.50146484375,0.06103515625,-0.2685546875,-0.1953125,-0.3173828125,-0.10986328125,-1.3671875,-0.1220703125,-0.732421875,-0.13427734375,-0.6591796875,-0.30517578125,-0.68359375,-0.10986328125,-0.09765625,0.1220703125,-0.7080078125,-0.20751953125,-1.416015625,-0.1220703125,-0.98876953125,0,0.37841796875,-0.03662109375,0.2685546875,-0.08544921875,-0.08544921875,-0.0732421875,-0.0244140625,-0.03662109375,0.0732421875,-0.15869140625,0.732421875,-0.0244140625,1.25732421875,-0.15869140625,1.86767578125,-0.244140625,0.30517578125
1,-0.2685546875,-1.15966796875,0.30517578125,-0.732421875,0.20751953125,-0.81787109375,-0.08544921875,-0.4638671875,0.13427734375,-0.1220703125,-0.146484375,-0.927734375,-0.4638671875,1.0009765625,0,-0.1708984375,0.390625,-0.5859375,-0.08544921875,-0.15869140625,-0.20751953125,0.87890625,-0.1220703125,-0.5859375,0.1953125,-0.1708984375,-0.1953125,-0.8056640625,-0.35400390625,0.9033203125,-0.1220703125,0.09765625,0.0732421875,3.25927734375,-0.439453125,2.20947265625,0.03662109375,4.55322265625,0.4638671875,2.79541015625,0.7080078125,-0.1953125,0.341796875,-0.57373046875,-0.3662109375,-0.4638671875,-0.1708984375,0.7080078125,-0.341796875,1.91650390625,-0.28076171875,0.86669921875,0.2685546875,0.1953125,0.50048828125,1.30615234375,-0.2685546875,0.81787109375,-0.18310546875,0.57373046875,0.0732421875,0.68359375,-0.20751953125,0.52490234375,0.146484375,1.416015625,-0.2197265625,1.59912109375,-0.09765625,0.7080078125,-0.06103515625,0.64697265625,0.01220703125,4.60205078125,0.244140625,6.5673828125,0.244140625,3.60107421875,-0.09765625,5.55419921875,-0.09765625,-1.52587890625,0,-1.07421875,-0.048828125,-1.4404296875,0.03662109375,-1.18408203125,0.01220703125,-1.513671875,0.06103515625,-0.244140625,-0.0732421875,-0.341796875,-0.048828125,-1.3671875,-0.10986328125,-0.732421875,-0.18310546875,-0.67138671875,-0.2685546875,-0.68359375,-0.15869140625,-0.09765625,0.18310546875,-0.69580078125,-0.10986328125,-1.42822265625,-0.09765625,-0.9765625,-0.048828125,0.37841796875,-0.0244140625,0.29296875,-0.0732421875,-0.0732421875,-0.06103515625,-0.048828125,-0.0244140625,0.0732421875,-0.146484375,0.7568359375,-0.0244140625,1.2939453125,-0.15869140625,1.96533203125,-0.25634765625,0.35400390625
1,-0.30517578125,-1.2939453125,0.30517578125,-0.79345703125,0.1953125,-0.89111328125,-0.10986328125,-0.47607421875,0.146484375,-0.13427734375,-0.146484375,-0.93994140625,-0.47607421875,1.0009765625,0,-0.1708984375,0.4150390625,-0.5859375,-0.1708984375,-0.146484375,-0.32958984375,0.86669921875,-0.20751953125,-0.5859375,0.1953125,-0.13427734375,-0.28076171875,-0.81787109375,-0.28076171875,0.9033203125,-0.13427734375,0.08544921875,0.09765625,3.23486328125,-0.3662109375,2.16064453125,0.0732421875,4.4677734375,0.45166015625,2.7587890625,0.74462890625,-0.1953125,0.42724609375,-0.5615234375,-0.341796875,-0.47607421875,-0.1708984375,0.64697265625,-0.3173828125,1.8310546875,-0.3173828125,0.81787109375,0.3173828125,0.1708984375,0.4150390625,1.2451171875,-0.2685546875,0.79345703125,-0.1953125,0.537109375,0.1220703125,0.6591796875,-0.1708984375,0.5126953125,0.03662109375,1.26953125,-0.2197265625,1.50146484375,-0.0244140625,0.62255859375,0,0.6591796875,-0.09765625,4.16259765625,0.35400390625,5.89599609375,0.244140625,3.23486328125,-0.244140625,5.13916015625,-0.18310546875,-1.5625,-0.06103515625,-1.123046875,0.03662109375,-1.46484375,-0.03662109375,-1.20849609375,0.01220703125,-1.513671875,0.03662109375,-0.23193359375,0.048828125,-0.3662109375,0,-1.3671875,-0.10986328125,-0.732421875,-0.23193359375,-0.6591796875,-0.29296875,-0.69580078125,-0.1953125,-0.09765625,0.2685546875,-0.7080078125,-0.03662109375,-1.42822265625,-0.09765625,-1.0009765625,-0.06103515625,0.37841796875,0,0.29296875,-0.048828125,-0.06103515625,-0.048828125,-0.048828125,-0.03662109375,0.0732421875,-0.13427734375,0.74462890625,-0.03662109375,1.2939453125,-0.10986328125,1.91650390625,-0.29296875,0.341796875
1,-0.28076171875,-1.318359375,0.341796875,-0.78125,0.1953125,-0.87890625,-0.08544921875,-0.4638671875,0.18310546875,-0.146484375,-0.15869140625,-0.91552734375,-0.48828125,0.98876953125,-0.01220703125,-0.1708984375,0.37841796875,-0.59814453125,-0.2197265625,-0.15869140625,-0.4638671875,0.8544921875,-0.25634765625,-0.5859375,0.1708984375,-0.10986328125,-0.32958984375,-0.8056640625,-0.2197265625,0.9033203125,-0.146484375,0.09765625,0.10986328125,3.16162109375,-0.2685546875,2.1240234375,0.146484375,4.35791015625,0.390625,2.67333984375,0.7080078125,-0.20751953125,0.4150390625,-0.57373046875,-0.32958984375,-0.50048828125,-0.2197265625,0.6103515625,-0.30517578125,1.67236328125,-0.35400390625,0.67138671875,0.37841796875,0.15869140625,0.3662109375,1.123046875,-0.23193359375,0.79345703125,-0.1708984375,0.537109375,0.18310546875,0.59814453125,-0.13427734375,0.50048828125,0.06103515625,1.07421875,-0.2685546875,1.40380859375,0.0244140625,0.52490234375,0.048828125,0.732421875,-0.146484375,3.55224609375,0.48828125,4.98046875,0.20751953125,2.72216796875,-0.28076171875,4.5654296875,-0.28076171875,-1.513671875,-0.1953125,-1.0986328125,0,-1.416015625,-0.08544921875,-1.15966796875,0.0244140625,-1.513671875,0.01220703125,-0.2197265625,0.1953125,-0.3662109375,0.06103515625,-1.37939453125,-0.10986328125,-0.732421875,-0.25634765625,-0.64697265625,-0.28076171875,-0.68359375,-0.20751953125,-0.08544921875,0.28076171875,-0.68359375,0.0244140625,-1.42822265625,-0.08544921875,-0.98876953125,-0.06103515625,0.37841796875,0.01220703125,0.29296875,-0.03662109375,-0.01220703125,-0.0732421875,-0.048828125,-0.01220703125,0.09765625,-0.1220703125,0.6591796875,-0.03662109375,1.2451171875,0.0244140625,1.7333984375,-0.3173828125,0.244140625
1,-0.30517578125,-1.2451171875,0.341796875,-0.72021484375,0.1708984375,-0.86669921875,-0.09765625,-0.40283203125,0.1953125,-0.13427734375,-0.1708984375,-0.9033203125,-0.50048828125,0.98876953125,-0.0244140625,-0.1708984375,0.3173828125,-0.5859375,-0.244140625,-0.15869140625,-0.57373046875,0.87890625,-0.23193359375,-0.54931640625,0.1708984375,-0.08544921875,-0.37841796875,-0.78125,-0.1953125,0.9033203125,-0.08544921875,0.09765625,0.15869140625,3.03955078125,-0.10986328125,2.01416015625,0.23193359375,4.16259765625,0.2685546875,2.52685546875,0.634765625,-0.1953125,0.3662109375,-0.57373046875,-0.30517578125,-0.52490234375,-0.25634765625,0.54931640625,-0.29296875,1.4892578125,-0.4150390625,0.537109375,0.3662109375,0.09765625,0.28076171875,0.9765625,-0.1953125,0.78125,-0.13427734375,0.5615234375,0.18310546875,0.52490234375,-0.048828125,0.439453125,-0.01220703125,0.91552734375,-0.341796875,1.33056640625,-0.01220703125,0.4638671875,0.06103515625,0.87890625,-0.2197265625,2.9052734375,0.52490234375,3.96728515625,0.18310546875,2.13623046875,-0.2685546875,3.90625,-0.29296875,-1.42822265625,-0.244140625,-1.06201171875,0.06103515625,-1.33056640625,-0.06103515625,-1.123046875,0.01220703125,-1.52587890625,0,-0.2197265625,0.25634765625,-0.37841796875,0.1220703125,-1.3916015625,-0.1220703125,-0.732421875,-0.25634765625,-0.64697265625,-0.29296875,-0.67138671875,-0.2197265625,-0.08544921875,0.2685546875,-0.69580078125,0.10986328125,-1.4404296875,-0.1220703125,-1.01318359375,-0.06103515625,0.35400390625,0.0244140625,0.30517578125,-0.01220703125,0,-0.06103515625,-0.0244140625,-0.01220703125,0.1220703125,-0.10986328125,0.537109375,-0.048828125,1.18408203125,0.048828125,1.416015625,-0.32958984375,0.06103515625
1,-0.28076171875,-1.08642578125,0.32958984375,-0.634765625,0.13427734375,-0.78125,-0.10986328125,-0.3173828125,0.2197265625,-0.146484375,-0.18310546875,-0.9033203125,-0.5126953125,1.01318359375,-0.048828125,-0.18310546875,0.2197265625,-0.6103515625,-0.2197265625,-0.15869140625,-0.6103515625,0.87890625,-0.1953125,-0.54931640625,0.09765625,-0.06103515625,-0.37841796875,-0.7568359375,-0.1953125,0.91552734375,-0.03662109375,0.09765625,0.15869140625,2.783203125,-0.06103515625,1.79443359375,0.32958984375,3.82080078125,0.09765625,2.2705078125,0.4638671875,-0.244140625,0.28076171875,-0.6103515625,-0.23193359375,-0.52490234375,-0.341796875,0.50048828125,-0.29296875,1.3671875,-0.40283203125,0.4150390625,0.3662109375,0.06103515625,0.1953125,0.86669921875,-0.18310546875,0.79345703125,-0.0732421875,0.54931640625,0.25634765625,0.50048828125,-0.048828125,0.37841796875,-0.01220703125,0.84228515625,-0.2685546875,1.35498046875,-0.0244140625,0.45166015625,0.18310546875,1.123046875,-0.2197265625,2.20947265625,0.48828125,2.86865234375,0.03662109375,1.55029296875,-0.2685546875,3.21044921875,-0.28076171875,-1.3427734375,-0.341796875,-1.025390625,0.1708984375,-1.25732421875,-0.01220703125,-1.07421875,-0.048828125,-1.52587890625,-0.03662109375,-0.244140625,0.390625,-0.341796875,0.13427734375,-1.3916015625,-0.10986328125,-0.732421875,-0.25634765625,-0.6591796875,-0.29296875,-0.64697265625,-0.20751953125,-0.08544921875,0.29296875,-0.68359375,0.146484375,-1.42822265625,-0.146484375,-1.01318359375,-0.01220703125,0.35400390625,0,0.3173828125,0.01220703125,-0.01220703125,-0.0732421875,0.03662109375,-0.03662109375,0.146484375,-0.08544921875,0.3662109375,-0.048828125,1.06201171875,0.09765625,0.96435546875,-0.32958984375,-0.15869140625
1,-0.2197265625,-0.86669921875,0.341796875,-0.54931640625,0.10986328125,-0.67138671875,-0.1220703125,-0.2197265625,0.23193359375,-0.13427734375,-0.1708984375,-0.927734375,-0.5126953125,1.0009765625,-0.0732421875,-0.15869140625,0.15869140625,-0.59814453125,-0.18310546875,-0.18310546875,-0.59814453125,0.89111328125,-0.10986328125,-0.5615234375,0.0244140625,-0.0732421875,-0.30517578125,-0.7568359375,-0.23193359375,0.91552734375,-0.06103515625,0.08544921875,0.18310546875,2.45361328125,0.0244140625,1.513671875,0.4638671875,3.3447265625,0,1.953125,0.42724609375,-0.244140625,0.20751953125,-0.62255859375,-0.146484375,-0.52490234375,-0.32958984375,0.47607421875,-0.3173828125,1.35498046875,-0.4150390625,0.3662109375,0.341796875,0.09765625,0.09765625,0.84228515625,-0.18310546875,0.79345703125,0,0.54931640625,0.3173828125,0.48828125,-0.01220703125,0.3173828125,0.048828125,0.91552734375,-0.18310546875,1.50146484375,-0.01220703125,0.57373046875,0.28076171875,1.5380859375,-0.1708984375,1.6357421875,0.5615234375,1.96533203125,-0.01220703125,1.0498046875,-0.15869140625,2.63671875,-0.25634765625,-1.2939453125,-0.40283203125,-0.93994140625,0.244140625,-1.18408203125,0.03662109375,-1.03759765625,-0.08544921875,-1.5380859375,-0.06103515625,-0.23193359375,0.47607421875,-0.32958984375,0.18310546875,-1.40380859375,-0.09765625,-0.72021484375,-0.1953125,-0.6591796875,-0.23193359375,-0.634765625,-0.1708984375,-0.08544921875,0.29296875,-0.67138671875,0.20751953125,-1.42822265625,-0.15869140625,-1.01318359375,0.048828125,0.35400390625,-0.01220703125,0.29296875,0.03662109375,-0.0244140625,-0.06103515625,0.0244140625,-0.048828125,0.13427734375,-0.09765625,0.15869140625,-0.03662109375,0.927734375,0.0732421875,0.37841796875,-0.32958984375,-0.390625
1,-0.25634765625,-0.6591796875,0.341796875,-0.42724609375,0.10986328125,-0.54931640625,-0.13427734375,-0.15869140625,0.244140625,-0.15869140625,-0.18310546875,-0.927734375,-0.50048828125,1.01318359375,-0.10986328125,-0.1953125,0.0732421875,-0.6103515625,-0.10986328125,-0.1953125,-0.52490234375,0.89111328125,-0.01220703125,-0.57373046875,-0.0244140625,-0.0732421875,-0.25634765625,-0.7568359375,-0.3173828125,0.927734375,-0.0244140625,0.09765625,0.10986328125,1.9775390625,0.048828125,1.13525390625,0.48828125,2.69775390625,-0.146484375,1.513671875,0.390625,-0.244140625,0.09765625,-0.6591796875,-0.0732421875,-0.537109375,-0.3173828125,0.4638671875,-0.341796875,1.45263671875,-0.28076171875,0.42724609375,0.30517578125,0.2685546875,0.06103515625,0.87890625,-0.20751953125,0.8056640625,-0.01220703125,0.54931640625,0.30517578125,0.47607421875,0.048828125,0.2197265625,0.048828125,1.20849609375,-0.13427734375,1.74560546875,-0.06103515625,0.81787109375,0.341796875,2.1484375,-0.06103515625,1.2451171875,0.47607421875,1.3427734375,-0.1220703125,0.72021484375,-0.1220703125,2.20947265625,-0.244140625,-1.23291015625,-0.5126953125,-0.87890625,0.30517578125,-1.1474609375,0.03662109375,-0.98876953125,-0.15869140625,-1.513671875,-0.0732421875,-0.25634765625,0.54931640625,-0.32958984375,0.18310546875,-1.3916015625,-0.08544921875,-0.732421875,-0.15869140625,-0.634765625,-0.1708984375,-0.6103515625,-0.15869140625,-0.0732421875,0.390625,-0.68359375,0.25634765625,-1.4404296875,-0.146484375,-1.01318359375,0.048828125,0.3662109375,-0.03662109375,0.29296875,0.0244140625,-0.048828125,-0.0732421875,0.01220703125,-0.048828125,0.13427734375,-0.0732421875,-0.03662109375,-0.0244140625,0.79345703125,0.08544921875,-0.20751953125,-0.3173828125,-0.62255859375
1,-0.25634765625,-0.48828125,0.3662109375,-0.341796875,0.10986328125,-0.45166015625,-0.1220703125,-0.08544921875,0.25634765625,-0.1220703125,-0.2197265625,-0.9521484375,-0.50048828125,1.025390625,-0.13427734375,-0.20751953125,0.048828125,-0.59814453125,-0.048828125,-0.1953125,-0.40283203125,0.87890625,0.0732421875,-0.5859375,-0.03662109375,-0.10986328125,-0.13427734375,-0.76904296875,-0.439453125,0.91552734375,-0.06103515625,0.09765625,0.10986328125,1.4404296875,0.0732421875,0.72021484375,0.5126953125,1.96533203125,-0.2685546875,1.0498046875,0.35400390625,-0.25634765625,0,-0.69580078125,-0.048828125,-0.52490234375,-0.2685546875,0.48828125,-0.37841796875,1.69677734375,-0.2197265625,0.6591796875,0.2197265625,0.5859375,-0.03662109375,1.07421875,-0.23193359375,0.79345703125,0.0244140625,0.537109375,0.29296875,0.45166015625,0.0732421875,0.18310546875,0.10986328125,1.6845703125,-0.08544921875,2.1240234375,-0.09765625,1.15966796875,0.4638671875,2.880859375,0.09765625,1.08642578125,0.439453125,1.08642578125,-0.1708984375,0.5859375,-0.0732421875,2.0263671875,-0.1953125,-1.1962890625,-0.54931640625,-0.830078125,0.341796875,-1.123046875,0.01220703125,-0.9521484375,-0.20751953125,-1.4892578125,-0.09765625,-0.23193359375,0.6103515625,-0.3173828125,0.146484375,-1.3916015625,-0.08544921875,-0.74462890625,-0.13427734375,-0.62255859375,-0.1220703125,-0.57373046875,-0.13427734375,-0.048828125,0.42724609375,-0.68359375,0.244140625,-1.4404296875,-0.13427734375,-1.01318359375,0.08544921875,0.35400390625,-0.06103515625,0.3173828125,0.0244140625,-0.06103515625,-0.0732421875,-0.01220703125,-0.08544921875,0.146484375,-0.0732421875,-0.18310546875,-0.01220703125,0.68359375,0.0732421875,-0.69580078125,-0.3173828125,-0.8056640625
1,-0.3173828125,-0.3662109375,0.341796875,-0.29296875,0.06103515625,-0.40283203125,-0.15869140625,-0.03662109375,0.2685546875,-0.10986328125,-0.20751953125,-0.96435546875,-0.50048828125,1.025390625,-0.146484375,-0.18310546875,0.03662109375,-0.5859375,0,-0.20751953125,-0.2685546875,0.87890625,0.1708984375,-0.5859375,-0.01220703125,-0.13427734375,-0.03662109375,-0.79345703125,-0.5615234375,0.927734375,-0.0732421875,0.08544921875,0.08544921875,0.9521484375,0.0732421875,0.30517578125,0.47607421875,1.18408203125,-0.3173828125,0.59814453125,0.390625,-0.25634765625,-0.06103515625,-0.7080078125,-0.0244140625,-0.5126953125,-0.3173828125,0.5126953125,-0.439453125,2.099609375,-0.13427734375,1.025390625,0.20751953125,1.123046875,-0.1220703125,1.40380859375,-0.1953125,0.79345703125,0.06103515625,0.52490234375,0.28076171875,0.48828125,0.048828125,0.15869140625,0.08544921875,2.33154296875,-0.01220703125,2.60009765625,-0.09765625,1.64794921875,0.40283203125,3.77197265625,0.09765625,1.220703125,0.3173828125,1.26953125,-0.25634765625,0.72021484375,-0.06103515625,2.13623046875,-0.1708984375,-1.171875,-0.6103515625,-0.78125,0.32958984375,-1.123046875,-0.03662109375,-0.927734375,-0.23193359375,-1.50146484375,-0.09765625,-0.23193359375,0.6103515625,-0.29296875,0.1220703125,-1.37939453125,-0.08544921875,-0.7568359375,-0.08544921875,-0.634765625,-0.048828125,-0.59814453125,-0.048828125,-0.0732421875,0.4150390625,-0.67138671875,0.23193359375,-1.42822265625,-0.10986328125,-1.03759765625,0.10986328125,0.3662109375,-0.06103515625,0.29296875,0.01220703125,-0.0732421875,-0.048828125,0,-0.0732421875,0.146484375,-0.06103515625,-0.30517578125,-0.01220703125,0.6103515625,0.01220703125,-1.0009765625,-0.29296875,-0.9033203125
0,-0.29296875,-0.35400390625,0.390625,-0.28076171875,0.048828125,-0.390625,-0.15869140625,-0.03662109375,0.25634765625,-0.10986328125,-0.2197265625,-0.96435546875,-0.52490234375,1.01318359375,-0.15869140625,-0.15869140625,0.06103515625,-0.5859375,0.048828125,-0.20751953125,-0.1220703125,0.86669921875,0.25634765625,-0.6103515625,0.08544921875,-0.18310546875,0.0244140625,-0.79345703125,-0.6103515625,0.927734375,-0.09765625,0.08544921875,0.08544921875,0.5126953125,0.048828125,-0.0244140625,0.42724609375,0.50048828125,-0.35400390625,0.2197265625,0.4150390625,-0.25634765625,-0.1220703125,-0.74462890625,-0.08544921875,-0.5126953125,-0.35400390625,0.52490234375,-0.48828125,2.63671875,-0.01220703125,1.52587890625,0.146484375,1.806640625,-0.1220703125,1.8310546875,-0.1708984375,0.8056640625,0.048828125,0.54931640625,0.2197265625,0.54931640625,0.03662109375,0.15869140625,0.01220703125,3.1005859375,0.03662109375,3.1494140625,-0.1220703125,2.197265625,0.29296875,4.78515625,0.1220703125,1.64794921875,0.2685546875,1.86767578125,-0.30517578125,1.07421875,-0.08544921875,2.52685546875,-0.13427734375,-1.1474609375,-0.5859375,-0.72021484375,0.32958984375,-1.0986328125,-0.048828125,-0.89111328125,-0.25634765625,-1.4892578125,-0.1220703125,-0.2197265625,0.57373046875,-0.30517578125,0.09765625,-1.3671875,-0.09765625,-0.7568359375,-0.06103515625,-0.64697265625,-0.01220703125,-0.5859375,-0.01220703125,-0.08544921875,0.390625,-0.68359375,0.2197265625,-1.42822265625,-0.08544921875,-1.01318359375,0.10986328125,0.390625,-0.0732421875,0.28076171875,-0.01220703125,-0.08544921875,-0.06103515625,-0.01220703125,-0.0732421875,0.1220703125,-0.048828125,-0.32958984375,-0.0244140625,0.59814453125,-0.01220703125,-1.07421875,-0.28076171875,-0.91552734375
0,-0.244140625,-0.4150390625,0.390625,-0.28076171875,0.08544921875,-0.4150390625,-0.13427734375,-0.06103515625,0.2685546875,-0.08544921875,-0.25634765625,-0.96435546875,-0.52490234375,1.01318359375,-0.13427734375,-0.146484375,0.09765625,-0.57373046875,0.08544921875,-0.1953125,0.03662109375,0.87890625,0.30517578125,-0.62255859375,0.15869140625,-0.1953125,0.08544921875,-0.79345703125,-0.62255859375,0.91552734375,-0.06103515625,0.09765625,0.10986328125,0.244140625,0.06103515625,-0.23193359375,0.4150390625,0.0244140625,-0.29296875,-0.01220703125,0.42724609375,-0.2197265625,-0.08544921875,-0.732421875,-0.1220703125,-0.50048828125,-0.29296875,0.57373046875,-0.47607421875,3.22265625,0.0732421875,2.099609375,0.25634765625,2.63671875,-0.15869140625,2.34375,-0.08544921875,0.79345703125,0.048828125,0.5615234375,0.18310546875,0.6103515625,0.10986328125,0.18310546875,-0.0244140625,3.90625,0.09765625,3.6865234375,-0.0732421875,2.72216796875,0.40283203125,5.79833984375,0.15869140625,2.3193359375,0.25634765625,2.8076171875,-0.25634765625,1.66015625,-0.048828125,3.173828125,-0.146484375,-1.123046875,-0.5615234375,-0.67138671875,0.30517578125,-1.0986328125,-0.08544921875,-0.89111328125,-0.23193359375,-1.45263671875,-0.09765625,-0.1953125,0.50048828125,-0.29296875,0.08544921875,-1.37939453125,-0.09765625,-0.7568359375,-0.03662109375,-0.6591796875,-0.01220703125,-0.6103515625,0.01220703125,-0.0732421875,0.35400390625,-0.68359375,0.18310546875,-1.42822265625,-0.0732421875,-1.01318359375,0.1220703125,0.37841796875,-0.08544921875,0.30517578125,0.01220703125,-0.09765625,-0.0732421875,0.01220703125,-0.0732421875,0.10986328125,-0.0732421875,-0.2685546875,-0.048828125,0.64697265625,-0.01220703125,-0.9033203125,-0.28076171875,-0.8056640625
0,-0.25634765625,-0.54931640625,0.35400390625,-0.341796875,0.01220703125,-0.4638671875,-0.1708984375,-0.10986328125,0.25634765625,-0.1220703125,-0.244140625,-0.9521484375,-0.54931640625,1.025390625,-0.146484375,-0.13427734375,0.146484375,-0.6103515625,0.09765625,-0.1953125,0.146484375,0.8544921875,0.35400390625,-0.62255859375,0.2685546875,-0.2197265625,0.13427734375,-0.78125,-0.57373046875,0.927734375,0.01220703125,0.08544921875,0.1220703125,0.15869140625,0.048828125,-0.244140625,0.244140625,-0.15869140625,-0.244140625,-0.048828125,0.42724609375,-0.18310546875,-0.03662109375,-0.74462890625,-0.15869140625,-0.50048828125,-0.29296875,0.59814453125,-0.4638671875,3.84521484375,0.1220703125,2.69775390625,0.341796875,3.55224609375,-0.13427734375,2.86865234375,0.03662109375,0.8056640625,0.0244140625,0.537109375,0.0732421875,0.634765625,0.18310546875,0.23193359375,-0.0732421875,4.69970703125,0.13427734375,4.19921875,0.0244140625,3.23486328125,0.439453125,6.77490234375,0.23193359375,3.1982421875,0.15869140625,4.06494140625,-0.20751953125,2.40478515625,-0.08544921875,4.0283203125,-0.146484375,-1.06201171875,-0.50048828125,-0.64697265625,0.1953125,-1.08642578125,-0.06103515625,-0.8544921875,-0.23193359375,-1.46484375,-0.10986328125,-0.1953125,0.40283203125,-0.32958984375,0.08544921875,-1.3671875,-0.0732421875,-0.74462890625,-0.0244140625,-0.64697265625,-0.03662109375,-0.64697265625,0.03662109375,-0.06103515625,0.3173828125,-0.69580078125,0.146484375,-1.42822265625,-0.03662109375,-1.0009765625,0.10986328125,0.37841796875,-0.09765625,0.29296875,-0.01220703125,-0.09765625,-0.0732421875,-0.01220703125,-0.06103515625,0.10986328125,-0.048828125,-0.0732421875,-0.0244140625,0.7568359375,-0.048828125,-0.439453125,-0.25634765625,-0.59814453125
0,-0.244140625,-0.69580078125,0.37841796875,-0.390625,-0.01220703125,-0.52490234375,-0.15869140625,-0.146484375,0.25634765625,-0.10986328125,-0.23193359375,-0.9521484375,-0.57373046875,1.025390625,-0.15869140625,-0.146484375,0.1953125,-0.59814453125,0.10986328125,-0.18310546875,0.244140625,0.8544921875,0.3662109375,-0.634765625,0.3662109375,-0.2197265625,0.13427734375,-0.79345703125,-0.4638671875,0.927734375,0.03662109375,0.09765625,0.1708984375,0.3662109375,0.06103515625,-0.06103515625,0.244140625,0.06103515625,-0.146484375,0.13427734375,0.3662109375,-0.18310546875,0.08544921875,-0.732421875,-0.28076171875,-0.48828125,-0.28076171875,0.6103515625,-0.37841796875,4.43115234375,0.13427734375,3.28369140625,0.3173828125,4.4677734375,-0.0732421875,3.3935546875,0.10986328125,0.8056640625,0.0244140625,0.537109375,0.03662109375,0.6591796875,0.1708984375,0.2685546875,-0.048828125,5.40771484375,0.15869140625,4.65087890625,0.0732421875,3.64990234375,0.37841796875,7.60498046875,0.29296875,4.19921875,0.06103515625,5.50537109375,-0.08544921875,3.23486328125,-0.2197265625,4.98046875,-0.1220703125,-1.03759765625,-0.341796875,-0.59814453125,0.048828125,-1.07421875,0.03662109375,-0.81787109375,-0.20751953125,-1.46484375,-0.09765625,-0.1953125,0.29296875,-0.3173828125,0.1220703125,-1.37939453125,-0.08544921875,-0.74462890625,0.0244140625,-0.64697265625,-0.03662109375,-0.68359375,0.01220703125,-0.06103515625,0.29296875,-0.69580078125,0.13427734375,-1.42822265625,0.01220703125,-1.01318359375,0.09765625,0.390625,-0.09765625,0.30517578125,0,-0.09765625,-0.06103515625,-0.01220703125,-0.0732421875,0.09765625,-0.06103515625,0.1708984375,-0.06103515625,0.927734375,-0.03662109375,0.23193359375,-0.2197265625,-0.341796875
0,-0.2197265625,-0.8056640625,0.390625,-0.42724609375,-0.01220703125,-0.57373046875,-0.146484375,-0.1953125,0.25634765625,-0.09765625,-0.2197265625,-0.96435546875,-0.54931640625,1.0009765625,-0.146484375,-0.146484375,0.25634765625,-0.6103515625,0.10986328125,-0.1708984375,0.3173828125,0.86669921875,0.3662109375,-0.6103515625,0.42724609375,-0.1708984375,0.09765625,-0.79345703125,-0.37841796875,0.9033203125,0.0732421875,0.09765625,0.08544921875,0.830078125,0.06103515625,0.341796875,0.1708984375,0.64697265625,-0.08544921875,0.5615234375,0.2685546875,-0.1708984375,0.25634765625,-0.68359375,-0.3662109375,-0.48828125,-0.28076171875,0.6103515625,-0.341796875,4.931640625,0.0732421875,3.77197265625,0.28076171875,5.2490234375,-0.06103515625,3.80859375,0.13427734375,0.8056640625,0.0244140625,0.54931640625,-0.0244140625,0.6591796875,0.18310546875,0.29296875,-0.048828125,5.95703125,0.1708984375,4.98046875,0.09765625,4.00390625,0.25634765625,8.3251953125,0.20751953125,5.21240234375,-0.0244140625,6.97021484375,0.0244140625,4.1015625,-0.341796875,5.96923828125,-0.10986328125,-1.01318359375,-0.23193359375,-0.54931640625,-0.0244140625,-1.0498046875,0.1220703125,-0.78125,-0.1953125,-1.4892578125,-0.08544921875,-0.1708984375,0.1953125,-0.341796875,0.1708984375,-1.37939453125,-0.09765625,-0.732421875,0.01220703125,-0.6591796875,-0.03662109375,-0.7080078125,-0.0244140625,-0.08544921875,0.3173828125,-0.69580078125,0.10986328125,-1.4404296875,0.06103515625,-1.01318359375,0.03662109375,0.37841796875,-0.09765625,0.30517578125,0,-0.08544921875,-0.06103515625,-0.01220703125,-0.0732421875,0.09765625,-0.06103515625,0.48828125,-0.048828125,1.15966796875,-0.03662109375,1.0498046875,-0.1953125,0.01220703125
0,-0.23193359375,-0.86669921875,0.40283203125,-0.439453125,-0.01220703125,-0.6103515625,-0.15869140625,-0.1953125,0.25634765625,-0.10986328125,-0.2197265625,-0.9521484375,-0.54931640625,1.0009765625,-0.15869140625,-0.146484375,0.29296875,-0.6103515625,0.06103515625,-0.15869140625,0.35400390625,0.8544921875,0.3173828125,-0.59814453125,0.45166015625,-0.146484375,0.06103515625,-0.79345703125,-0.25634765625,0.9033203125,0.0732421875,0.08544921875,0.06103515625,1.52587890625,0.13427734375,0.9033203125,0.08544921875,1.6357421875,0.01220703125,1.20849609375,0.25634765625,-0.146484375,0.341796875,-0.6591796875,-0.45166015625,-0.48828125,-0.28076171875,0.6103515625,-0.25634765625,5.2734375,0.10986328125,4.11376953125,0.23193359375,5.89599609375,0,4.1015625,0.15869140625,0.79345703125,0,0.537109375,-0.06103515625,0.67138671875,0.09765625,0.30517578125,0.0244140625,6.3232421875,0.1708984375,5.18798828125,0.13427734375,4.19921875,0.2197265625,8.8134765625,0.20751953125,6.1767578125,-0.06103515625,8.349609375,0.09765625,4.89501953125,-0.4638671875,6.93359375,-0.18310546875,-0.98876953125,-0.23193359375,-0.52490234375,-0.25634765625,-1.025390625,0.048828125,-0.76904296875,-0.1708984375,-1.4892578125,-0.08544921875,-0.20751953125,0.08544921875,-0.341796875,0.1708984375,-1.35498046875,-0.10986328125,-0.7080078125,0,-0.6591796875,0.03662109375,-0.67138671875,-0.048828125,-0.06103515625,0.3173828125,-0.69580078125,0.0732421875,-1.45263671875,0.10986328125,-1.0009765625,-0.01220703125,0.37841796875,-0.0732421875,0.30517578125,-0.0244140625,-0.0732421875,-0.0732421875,-0.0244140625,-0.06103515625,0.1220703125,-0.048828125,0.8056640625,-0.0732421875,1.3916015625,-0.15869140625,1.9287109375,-0.18310546875,0.3662109375
0,-0.20751953125,-0.86669921875,0.42724609375,-0.37841796875,0.01220703125,-0.57373046875,-0.13427734375,-0.13427734375,0.28076171875,-0.10986328125,-0.2197265625,-0.93994140625,-0.52490234375,1.0009765625,-0.146484375,-0.146484375,0.2685546875,-0.62255859375,0,-0.18310546875,0.3662109375,0.86669921875,0.20751953125,-0.57373046875,0.4638671875,-0.10986328125,-0.0244140625,-0.76904296875,-0.15869140625,0.91552734375,0.0732421875,0.08544921875,0.03662109375,2.4169921875,0.1220703125,1.62353515625,-0.10986328125,2.89306640625,0.06103515625,2.01416015625,0.20751953125,-0.15869140625,0.390625,-0.64697265625,-0.52490234375,-0.5126953125,-0.29296875,0.59814453125,-0.15869140625,5.46875,0.06103515625,4.345703125,0.3173828125,6.298828125,0.0732421875,4.2724609375,0.18310546875,0.76904296875,-0.0244140625,0.52490234375,-0.06103515625,0.64697265625,0.03662109375,0.3173828125,0.0732421875,6.5185546875,0.0732421875,5.28564453125,0.03662109375,4.28466796875,0.23193359375,9.1064453125,0.1220703125,7.0556640625,-0.03662109375,9.53369140625,0.1220703125,5.62744140625,-0.537109375,7.75146484375,-0.1220703125,-0.98876953125,-0.15869140625,-0.48828125,-0.35400390625,-1.025390625,0.06103515625,-0.7568359375,-0.15869140625,-1.513671875,-0.1220703125,-0.23193359375,-0.0244140625,-0.3173828125,0.09765625,-1.3916015625,-0.10986328125,-0.732421875,-0.03662109375,-0.6591796875,0.06103515625,-0.67138671875,-0.10986328125,-0.08544921875,0.25634765625,-0.7080078125,0,-1.4404296875,0.1220703125,-1.01318359375,-0.048828125,0.390625,-0.03662109375,0.3173828125,-0.03662109375,-0.06103515625,-0.06103515625,-0.03662109375,-0.03662109375,0.10986328125,-0.06103515625,1.123046875,-0.09765625,1.611328125,-0.1953125,2.7587890625,-0.146484375,0.72021484375
0,-0.18310546875,-0.7568359375,0.390625,-0.28076171875,0.01220703125,-0.5126953125,-0.1220703125,-0.01220703125,0.29296875,-0.09765625,-0.20751953125,-0.927734375,-0.52490234375,1.0009765625,-0.13427734375,-0.1708984375,0.2197265625,-0.6103515625,-0.03662109375,-0.15869140625,0.341796875,0.86669921875,0.13427734375,-0.5615234375,0.42724609375,-0.08544921875,-0.13427734375,-0.7568359375,-0.0732421875,0.9033203125,0.0732421875,0.09765625,0.048828125,3.369140625,0.10986328125,2.44140625,-0.2197265625,4.28466796875,0.10986328125,2.9052734375,0.1220703125,-0.1708984375,0.439453125,-0.6591796875,-0.5615234375,-0.5126953125,-0.32958984375,0.5859375,-0.06103515625,5.5419921875,0.03662109375,4.39453125,0.37841796875,6.494140625,0.1953125,4.30908203125,0.2197265625,0.76904296875,-0.0244140625,0.54931640625,-0.13427734375,0.62255859375,0,0.3173828125,0.0732421875,6.5185546875,0.01220703125,5.2978515625,-0.0244140625,4.26025390625,0.341796875,9.228515625,0.0732421875,7.7392578125,-0.048828125,10.48583984375,0.13427734375,6.18896484375,-0.52490234375,8.3984375,-0.09765625,-0.9765625,-0.146484375,-0.45166015625,-0.3662109375,-1.025390625,0.01220703125,-0.74462890625,-0.13427734375,-1.52587890625,-0.1708984375,-0.244140625,-0.08544921875,-0.32958984375,0.0244140625,-1.37939453125,-0.09765625,-0.7080078125,-0.08544921875,-0.64697265625,0.08544921875,-0.6591796875,-0.15869140625,-0.08544921875,0.2197265625,-0.72021484375,-0.048828125,-1.45263671875,0.10986328125,-1.01318359375,-0.048828125,0.37841796875,0,0.3173828125,-0.03662109375,-0.0244140625,-0.0732421875,-0.048828125,-0.048828125,0.1220703125,-0.048828125,1.37939453125,-0.08544921875,1.806640625,-0.15869140625,3.47900390625,-0.10986328125,0.98876953125
0,-0.1953125,-0.59814453125,0.3662109375,-0.13427734375,-0.01220703125,-0.4150390625,-0.13427734375,0.10986328125,0.30517578125,-0.1220703125,-0.2197265625,-0.927734375,-0.537109375,0.98876953125,-0.13427734375,-0.15869140625,0.15869140625,-0.59814453125,-0.08544921875,-0.1708984375,0.25634765625,0.86669921875,0.1220703125,-0.57373046875,0.3662109375,-0.0732421875,-0.244140625,-0.76904296875,0.0732421875,0.9033203125,0.0732421875,0.09765625,0.0732421875,4.345703125,0.0732421875,3.25927734375,-0.244140625,5.7373046875,0.09765625,3.7841796875,0.09765625,-0.23193359375,0.3662109375,-0.64697265625,-0.57373046875,-0.50048828125,-0.35400390625,0.5615234375,0.03662109375,5.45654296875,0,4.296875,0.3173828125,6.4208984375,0.30517578125,4.2236328125,0.1953125,0.78125,0.01220703125,0.5615234375,-0.146484375,0.57373046875,-0.06103515625,0.28076171875,0.10986328125,6.40869140625,-0.048828125,5.21240234375,-0.0732421875,4.18701171875,0.30517578125,9.14306640625,-0.048828125,8.2275390625,-0.0732421875,11.1083984375,0.10986328125,6.57958984375,-0.48828125,8.82568359375,-0.13427734375,-0.9521484375,-0.1708984375,-0.4150390625,-0.50048828125,-1.03759765625,-0.09765625,-0.72021484375,-0.09765625,-1.55029296875,-0.23193359375,-0.2685546875,-0.13427734375,-0.32958984375,-0.0244140625,-1.3916015625,-0.09765625,-0.7080078125,-0.09765625,-0.6591796875,0.06103515625,-0.634765625,-0.18310546875,-0.1220703125,0.09765625,-0.72021484375,-0.0732421875,-1.45263671875,0.0732421875,-1.01318359375,-0.03662109375,0.40283203125,0,0.30517578125,-0.0244140625,-0.03662109375,-0.06103515625,-0.03662109375,-0.048828125,0.13427734375,-0.048828125,1.5625,-0.09765625,1.9287109375,-0.18310546875,4.01611328125,-0.048828125,1.20849609375
0,-0.18310546875,-0.40283203125,0.341796875,-0.0244140625,-0.0244140625,-0.2685546875,-0.146484375,0.20751953125,0.3173828125,-0.10986328125,-0.2197265625,-0.9521484375,-0.50048828125,1.0009765625,-0.15869140625,-0.18310546875,0.13427734375,-0.6103515625,-0.09765625,-0.18310546875,0.13427734375,0.87890625,0.146484375,-0.57373046875,0.30517578125,-0.06103515625,-0.32958984375,-0.7568359375,0.1708984375,0.927734375,0.0732421875,0.08544921875,0.08544921875,5.224609375,-0.048828125,3.9794921875,-0.341796875,7.04345703125,0.0244140625,4.60205078125,0.03662109375,-0.244140625,0.25634765625,-0.64697265625,-0.54931640625,-0.48828125,-0.439453125,0.54931640625,0.08544921875,5.26123046875,-0.01220703125,4.1015625,0.25634765625,6.11572265625,0.37841796875,4.04052734375,0.146484375,0.79345703125,0.0244140625,0.5615234375,-0.09765625,0.537109375,-0.10986328125,0.244140625,0.1220703125,6.18896484375,-0.10986328125,5.0537109375,-0.18310546875,4.04052734375,0.23193359375,8.92333984375,-0.1708984375,8.43505859375,-0.10986328125,11.4013671875,0.09765625,6.75048828125,-0.390625,9.0087890625,-0.10986328125,-0.9033203125,-0.1220703125,-0.32958984375,-0.439453125,-1.01318359375,-0.10986328125,-0.6591796875,-0.08544921875,-1.5380859375,-0.3173828125,-0.30517578125,-0.2197265625,-0.30517578125,-0.0732421875,-1.416015625,-0.10986328125,-0.72021484375,-0.0732421875,-0.67138671875,0.0244140625,-0.6103515625,-0.1953125,-0.1220703125,0.01220703125,-0.7080078125,-0.1220703125,-1.46484375,0.06103515625,-1.03759765625,-0.0244140625,0.37841796875,-0.01220703125,0.30517578125,0.01220703125,-0.0244140625,-0.0732421875,-0.06103515625,-0.03662109375,0.146484375,-0.048828125,1.67236328125,-0.0732421875,2.001953125,-0.20751953125,4.3212890625,-0.03662109375,1.318359375
0,-0.1953125,-0.20751953125,0.341796875,0.10986328125,-0.08544921875,-0.15869140625,-0.146484375,0.32958984375,0.3173828125,-0.10986328125,-0.23193359375,-0.91552734375,-0.48828125,1.0009765625,-0.18310546875,-0.15869140625,0.09765625,-0.59814453125,-0.08544921875,-0.20751953125,0.0244140625,0.87890625,0.15869140625,-0.5859375,0.2197265625,-0.08544921875,-0.390625,-0.78125,0.29296875,0.93994140625,0.08544921875,0.0732421875,0.18310546875,5.908203125,-0.10986328125,4.5654296875,-0.32958984375,8.09326171875,-0.0244140625,5.23681640625,-0.03662109375,-0.25634765625,0.146484375,-0.68359375,-0.5126953125,-0.5126953125,-0.390625,0.537109375,0.09765625,4.98046875,-0.03662109375,3.8330078125,0.244140625,5.70068359375,0.40283203125,3.80859375,0.048828125,0.8056640625,0,0.57373046875,-0.09765625,0.537109375,-0.18310546875,0.244140625,0.1953125,5.9326171875,-0.18310546875,4.87060546875,-0.29296875,3.86962890625,0.20751953125,8.55712890625,-0.146484375,8.3984375,-0.1220703125,11.328125,0.06103515625,6.689453125,-0.28076171875,8.9599609375,-0.1220703125,-0.8056640625,-0.146484375,-0.20751953125,-0.37841796875,-0.9765625,-0.18310546875,-0.6103515625,-0.0732421875,-1.52587890625,-0.390625,-0.30517578125,-0.25634765625,-0.3173828125,-0.08544921875,-1.416015625,-0.10986328125,-0.72021484375,-0.048828125,-0.6591796875,-0.0244140625,-0.59814453125,-0.1708984375,-0.10986328125,0.03662109375,-0.7080078125,-0.18310546875,-1.4404296875,0.01220703125,-1.01318359375,0.0244140625,0.37841796875,-0.0244140625,0.30517578125,0.048828125,-0.03662109375,-0.0732421875,-0.06103515625,-0.048828125,0.146484375,-0.03662109375,1.6845703125,-0.048828125,2.0263671875,-0.2197265625,4.4189453125,-0.06103515625,1.35498046875
0,-0.1708984375,-0.0732421875,0.32958984375,0.1953125,-0.048828125,-0.08544921875,-0.1708984375,0.40283203125,0.3173828125,-0.13427734375,-0.23193359375,-0.93994140625,-0.4638671875,1.0009765625,-0.2197265625,-0.18310546875,0.03662109375,-0.57373046875,-0.0732421875,-0.20751953125,-0.08544921875,0.8544921875,0.1953125,-0.5859375,0.1953125,-0.10986328125,-0.390625,-0.78125,0.37841796875,0.93994140625,0.0732421875,0.08544921875,0.18310546875,6.34765625,-0.29296875,4.94384765625,-0.40283203125,8.77685546875,-0.10986328125,5.6640625,-0.10986328125,-0.244140625,0.0244140625,-0.7080078125,-0.4638671875,-0.52490234375,-0.341796875,0.54931640625,0.1220703125,4.6875,-0.0732421875,3.515625,0.244140625,5.2001953125,0.47607421875,3.55224609375,-0.0244140625,0.81787109375,-0.01220703125,0.57373046875,-0.0244140625,0.52490234375,-0.1953125,0.23193359375,0.25634765625,5.615234375,-0.20751953125,4.6142578125,-0.35400390625,3.6865234375,0.1708984375,8.10546875,-0.1708984375,8.04443359375,-0.15869140625,10.87646484375,0.048828125,6.40869140625,-0.20751953125,8.63037109375,-0.10986328125,-0.72021484375,-0.09765625,-0.0732421875,-0.37841796875,-0.89111328125,-0.18310546875,-0.50048828125,-0.048828125,-1.513671875,-0.45166015625,-0.3173828125,-0.3173828125,-0.3173828125,-0.08544921875,-1.42822265625,-0.15869140625,-0.72021484375,0.01220703125,-0.68359375,-0.048828125,-0.59814453125,-0.1708984375,-0.10986328125,0.0244140625,-0.72021484375,-0.244140625,-1.45263671875,-0.048828125,-1.0009765625,0.08544921875,0.390625,-0.01220703125,0.28076171875,0.048828125,-0.03662109375,-0.06103515625,-0.08544921875,-0.048828125,0.146484375,-0.03662109375,1.611328125,-0.048828125,1.953125,-0.20751953125,4.30908203125,-0.0732421875,1.30615234375
0,-0.1708984375,-0.048828125,0.30517578125,0.1953125,-0.0732421875,-0.03662109375,-0.146484375,0.4150390625,0.29296875,-0.1220703125,-0.244140625,-0.93994140625,-0.45166015625,1.01318359375,-0.244140625,-0.1953125,0,-0.57373046875,-0.03662109375,-0.1953125,-0.15869140625,0.86669921875,0.2197265625,-0.62255859375,0.15869140625,-0.13427734375,-0.40283203125,-0.78125,0.439453125,0.9521484375,0.01220703125,0.048828125,0.1220703125,6.50634765625,-0.4638671875,5.078125,-0.4150390625,9.06982421875,-0.18310546875,5.810546875,-0.23193359375,-0.20751953125,-0.03662109375,-0.732421875,-0.439453125,-0.537109375,-0.390625,0.5615234375,0.10986328125,4.39453125,-0.10986328125,3.23486328125,0.1708984375,4.65087890625,0.5126953125,3.2958984375,-0.08544921875,0.830078125,0.0244140625,0.54931640625,0.03662109375,0.537109375,-0.2685546875,0.244140625,0.23193359375,5.26123046875,-0.1953125,4.40673828125,-0.40283203125,3.4912109375,0.1220703125,7.60498046875,-0.13427734375,7.48291015625,-0.15869140625,10.1318359375,0.03662109375,5.9326171875,-0.10986328125,8.10546875,-0.048828125,-0.5615234375,-0.08544921875,0.09765625,-0.28076171875,-0.78125,-0.15869140625,-0.37841796875,-0.03662109375,-1.513671875,-0.50048828125,-0.29296875,-0.3662109375,-0.341796875,-0.03662109375,-1.42822265625,-0.20751953125,-0.72021484375,0.0244140625,-0.67138671875,-0.06103515625,-0.5859375,-0.1708984375,-0.13427734375,0.06103515625,-0.69580078125,-0.3173828125,-1.42822265625,-0.08544921875,-0.98876953125,0.146484375,0.40283203125,-0.0244140625,0.29296875,0.06103515625,-0.048828125,-0.06103515625,-0.0732421875,-0.048828125,0.146484375,-0.03662109375,1.47705078125,-0.06103515625,1.85546875,-0.20751953125,4.00390625,-0.08544921875,1.171875
1,-0.1708984375,-0.08544921875,0.28076171875,0.15869140625,-0.09765625,-0.06103515625,-0.15869140625,0.3662109375,0.2685546875,-0.13427734375,-0.244140625,-0.9521484375,-0.439453125,1.025390625,-0.244140625,-0.1953125,-0.048828125,-0.5859375,0.0244140625,-0.1953125,-0.15869140625,0.86669921875,0.23193359375,-0.62255859375,0.15869140625,-0.146484375,-0.32958984375,-0.78125,0.47607421875,0.927734375,0.01220703125,0.0732421875,0.048828125,6.35986328125,-0.62255859375,4.98046875,-0.42724609375,8.92333984375,-0.244140625,5.67626953125,-0.3662109375,-0.13427734375,-0.0244140625,-0.72021484375,-0.390625,-0.52490234375,-0.40283203125,0.5615234375,0.09765625,4.1259765625,-0.048828125,3.01513671875,0.20751953125,4.21142578125,0.5859375,3.08837890625,-0.10986328125,0.830078125,-0.03662109375,0.537109375,0.10986328125,0.537109375,-0.3173828125,0.244140625,0.23193359375,4.9072265625,-0.1953125,4.16259765625,-0.42724609375,3.271484375,0.1220703125,7.06787109375,-0.06103515625,6.67724609375,-0.1220703125,9.11865234375,0.03662109375,5.28564453125,0,7.373046875,-0.1220703125,-0.37841796875,-0.1708984375,0.30517578125,-0.29296875,-0.634765625,-0.18310546875,-0.23193359375,-0.0244140625,-1.47705078125,-0.5126953125,-0.2685546875,-0.42724609375,-0.341796875,0,-1.42822265625,-0.244140625,-0.7080078125,0.06103515625,-0.7080078125,-0.10986328125,-0.6103515625,-0.146484375,-0.1220703125,0.13427734375,-0.7080078125,-0.37841796875,-1.45263671875,-0.13427734375,-1.0009765625,0.2197265625,0.40283203125,-0.0244140625,0.29296875,0.08544921875,-0.06103515625,-0.0732421875,-0.08544921875,-0.048828125,0.146484375,-0.0244140625,1.2939453125,-0.0732421875,1.6845703125,-0.1953125,3.57666015625,-0.09765625,0.9765625
1,-0.18310546875,-0.20751953125,0.25634765625,0.06103515625,-0.1220703125,-0.13427734375,-0.146484375,0.29296875,0.25634765625,-0.1220703125,-0.25634765625,-0.93994140625,-0.42724609375,1.01318359375,-0.2685546875,-0.1953125,-0.0732421875,-0.57373046875,0.08544921875,-0.1708984375,-0.13427734375,0.87890625,0.23193359375,-0.59814453125,0.20751953125,-0.146484375,-0.28076171875,-0.78125,0.4638671875,0.93994140625,0.0244140625,0.0732421875,0.01220703125,5.92041015625,-0.74462890625,4.62646484375,-0.37841796875,8.3740234375,-0.2685546875,5.322265625,-0.537109375,-0.06103515625,0.01220703125,-0.74462890625,-0.37841796875,-0.52490234375,-0.341796875,0.59814453125,0.08544921875,3.955078125,-0.0244140625,2.8564453125,0.1708984375,3.857421875,0.64697265625,2.94189453125,-0.146484375,0.8056640625,-0.03662109375,0.537109375,0.2197265625,0.5615234375,-0.4150390625,0.25634765625,0.25634765625,4.57763671875,-0.15869140625,3.9306640625,-0.32958984375,3.0517578125,0.09765625,6.55517578125,0,5.7373046875,-0.08544921875,7.8857421875,0.06103515625,4.47998046875,0.06103515625,6.50634765625,-0.10986328125,-0.1953125,-0.1708984375,0.50048828125,-0.32958984375,-0.50048828125,-0.15869140625,-0.08544921875,0.0244140625,-1.45263671875,-0.48828125,-0.244140625,-0.4638671875,-0.35400390625,-0.01220703125,-1.42822265625,-0.2685546875,-0.72021484375,0.10986328125,-0.69580078125,-0.13427734375,-0.6103515625,-0.13427734375,-0.10986328125,0.06103515625,-0.68359375,-0.35400390625,-1.4404296875,-0.20751953125,-1.0009765625,0.28076171875,0.390625,-0.0244140625,0.30517578125,0.09765625,-0.06103515625,-0.06103515625,-0.08544921875,-0.048828125,0.13427734375,-0.048828125,1.07421875,-0.08544921875,1.52587890625,-0.18310546875,3.01513671875,-0.08544921875,0.732421875
1,-0.146484375,-0.40283203125,0.244140625,-0.048828125,-0.146484375,-0.20751953125,-0.13427734375,0.1953125,0.25634765625,-0.1220703125,-0.25634765625,-0.9521484375,-0.439453125,1.025390625,-0.29296875,-0.18310546875,-0.03662109375,-0.59814453125,0.146484375,-0.1708984375,-0.09765625,0.86669921875,0.1953125,-0.62255859375,0.2197265625,-0.15869140625,-0.18310546875,-0.78125,0.3662109375,0.927734375,0.03662109375,0.09765625,0.048828125,5.26123046875,-0.8056640625,4.08935546875,-0.3173828125,7.51953125,-0.244140625,4.736328125,-0.634765625,0.01220703125,0.048828125,-0.72021484375,-0.3662109375,-0.52490234375,-0.30517578125,0.59814453125,0.03662109375,3.84521484375,0.01220703125,2.7587890625,0.09765625,3.64990234375,0.7080078125,2.83203125,-0.10986328125,0.78125,-0.08544921875,0.5126953125,0.25634765625,0.5615234375,-0.48828125,0.2685546875,0.1953125,4.26025390625,-0.1953125,3.69873046875,-0.25634765625,2.86865234375,-0.048828125,6.0791015625,0.0732421875,4.6875,-0.048828125,6.5185546875,0.10986328125,3.60107421875,0.0732421875,5.517578125,-0.08544921875,-0.048828125,-0.1953125,0.69580078125,-0.341796875,-0.390625,-0.09765625,0.06103515625,0.0244140625,-1.45263671875,-0.45166015625,-0.1953125,-0.50048828125,-0.3662109375,-0.06103515625,-1.42822265625,-0.244140625,-0.7080078125,0.13427734375,-0.68359375,-0.20751953125,-0.62255859375,-0.1220703125,-0.09765625,0.048828125,-0.68359375,-0.30517578125,-1.42822265625,-0.20751953125,-1.01318359375,0.30517578125,0.390625,-0.048828125,0.29296875,0.1220703125,-0.0732421875,-0.06103515625,-0.08544921875,-0.03662109375,0.13427734375,-0.03662109375,0.830078125,-0.06103515625,1.318359375,-0.18310546875,2.392578125,-0.10986328125,0.47607421875
1,-0.09765625,-0.6103515625,0.23193359375,-0.1708984375,-0.18310546875,-0.3173828125,-0.13427734375,0.1220703125,0.25634765625,-0.13427734375,-0.244140625,-0.93994140625,-0.45166015625,1.01318359375,-0.32958984375,-0.18310546875,0.0244140625,-0.5859375,0.1708984375,-0.15869140625,0.01220703125,0.87890625,0.1953125,-0.62255859375,0.244140625,-0.1220703125,-0.06103515625,-0.76904296875,0.2197265625,0.927734375,0.10986328125,0.08544921875,0.01220703125,4.47998046875,-0.7568359375,3.40576171875,-0.28076171875,6.45751953125,-0.2197265625,4.01611328125,-0.64697265625,0.0732421875,0.10986328125,-0.72021484375,-0.40283203125,-0.537109375,-0.29296875,0.64697265625,0.01220703125,3.79638671875,0.0244140625,2.734375,0.01220703125,3.57666015625,0.69580078125,2.77099609375,-0.0732421875,0.76904296875,-0.1708984375,0.5126953125,0.30517578125,0.5859375,-0.5126953125,0.2685546875,0.146484375,3.9794921875,-0.2197265625,3.47900390625,-0.15869140625,2.6611328125,-0.146484375,5.65185546875,0.0244140625,3.60107421875,0.06103515625,5.0537109375,0.1953125,2.685546875,0.03662109375,4.4921875,-0.03662109375,0.10986328125,-0.1708984375,0.81787109375,-0.32958984375,-0.28076171875,-0.0732421875,0.1953125,0.0244140625,-1.45263671875,-0.32958984375,-0.1953125,-0.42724609375,-0.3662109375,-0.08544921875,-1.416015625,-0.2197265625,-0.72021484375,0.15869140625,-0.68359375,-0.28076171875,-0.64697265625,-0.10986328125,-0.08544921875,-0.01220703125,-0.69580078125,-0.25634765625,-1.42822265625,-0.244140625,-0.96435546875,0.29296875,0.40283203125,-0.048828125,0.30517578125,0.15869140625,-0.06103515625,-0.08544921875,-0.09765625,-0.03662109375,0.146484375,-0.0244140625,0.59814453125,-0.06103515625,1.13525390625,-0.15869140625,1.7578125,-0.146484375,0.1953125
1,0,-0.78125,0.2197265625,-0.28076171875,-0.1708984375,-0.4150390625,-0.1220703125,0.03662109375,0.2685546875,-0.1220703125,-0.23193359375,-0.93994140625,-0.4150390625,1.01318359375,-0.341796875,-0.1953125,0.09765625,-0.5859375,0.18310546875,-0.146484375,0.048828125,0.9033203125,0.18310546875,-0.6103515625,0.28076171875,-0.1220703125,0.06103515625,-0.74462890625,0.048828125,0.9033203125,0.15869140625,0.08544921875,0.01220703125,3.62548828125,-0.74462890625,2.63671875,-0.2197265625,5.23681640625,-0.15869140625,3.18603515625,-0.634765625,0.09765625,0.1953125,-0.68359375,-0.52490234375,-0.52490234375,-0.32958984375,0.68359375,-0.01220703125,3.7841796875,0.06103515625,2.734375,-0.0732421875,3.57666015625,0.62255859375,2.77099609375,-0.048828125,0.76904296875,-0.2197265625,0.5126953125,0.3662109375,0.57373046875,-0.59814453125,0.28076171875,0.08544921875,3.7353515625,-0.244140625,3.3203125,-0.06103515625,2.50244140625,-0.244140625,5.26123046875,-0.0732421875,2.5634765625,0.13427734375,3.7109375,0.25634765625,1.8310546875,-0.048828125,3.515625,-0.0244140625,0.20751953125,-0.18310546875,0.9033203125,-0.23193359375,-0.2685546875,0,0.244140625,0.03662109375,-1.46484375,-0.1953125,-0.15869140625,-0.3662109375,-0.35400390625,-0.10986328125,-1.37939453125,-0.15869140625,-0.7080078125,0.146484375,-0.68359375,-0.35400390625,-0.64697265625,-0.08544921875,-0.0732421875,-0.06103515625,-0.69580078125,-0.1708984375,-1.4404296875,-0.2685546875,-0.98876953125,0.23193359375,0.390625,-0.0732421875,0.3173828125,0.1708984375,-0.06103515625,-0.06103515625,-0.10986328125,-0.03662109375,0.13427734375,-0.048828125,0.3662109375,-0.048828125,0.9765625,-0.15869140625,1.123046875,-0.146484375,-0.0732421875
1,-0.03662109375,-0.87890625,0.1953125,-0.35400390625,-0.1708984375,-0.4638671875,-0.1220703125,-0.01220703125,0.28076171875,-0.13427734375,-0.25634765625,-0.927734375,-0.40283203125,1.025390625,-0.35400390625,-0.1953125,0.13427734375,-0.5859375,0.18310546875,-0.13427734375,0.048828125,0.89111328125,0.146484375,-0.6103515625,0.2685546875,-0.08544921875,0.1708984375,-0.7568359375,-0.146484375,0.9033203125,0.2197265625,0.09765625,-0.0244140625,2.7587890625,-0.6591796875,1.86767578125,-0.18310546875,4.052734375,-0.10986328125,2.3681640625,-0.537109375,0.13427734375,0.32958984375,-0.69580078125,-0.5615234375,-0.52490234375,-0.35400390625,0.69580078125,-0.048828125,3.77197265625,0.0732421875,2.7587890625,-0.1708984375,3.61328125,0.54931640625,2.74658203125,0.01220703125,0.7568359375,-0.28076171875,0.52490234375,0.4150390625,0.54931640625,-0.537109375,0.3173828125,0.08544921875,3.515625,-0.28076171875,3.16162109375,-0.03662109375,2.30712890625,-0.2685546875,4.931640625,-0.13427734375,1.62353515625,0.18310546875,2.4658203125,0.23193359375,1.03759765625,-0.1220703125,2.587890625,-0.01220703125,0.23193359375,-0.18310546875,0.91552734375,-0.146484375,-0.28076171875,0.0244140625,0.2685546875,0.08544921875,-1.50146484375,-0.03662109375,-0.1953125,-0.28076171875,-0.30517578125,-0.09765625,-1.35498046875,-0.1220703125,-0.69580078125,0.10986328125,-0.67138671875,-0.390625,-0.64697265625,-0.06103515625,-0.06103515625,0.01220703125,-0.68359375,-0.13427734375,-1.4404296875,-0.244140625,-0.98876953125,0.18310546875,0.390625,-0.10986328125,0.3173828125,0.15869140625,-0.03662109375,-0.0732421875,-0.1220703125,-0.01220703125,0.13427734375,-0.048828125,0.2197265625,-0.048828125,0.8056640625,-0.1708984375,0.52490234375,-0.1708984375,-0.30517578125
1,-0.01220703125,-0.9033203125,0.20751953125,-0.35400390625,-0.13427734375,-0.47607421875,-0.08544921875,-0.0244140625,0.2685546875,-0.13427734375,-0.25634765625,-0.91552734375,-0.4150390625,1.025390625,-0.32958984375,-0.1953125,0.15869140625,-0.5859375,0.15869140625,-0.15869140625,0.0732421875,0.89111328125,0.10986328125,-0.5859375,0.3173828125,-0.08544921875,0.244140625,-0.74462890625,-0.29296875,0.87890625,0.25634765625,0.09765625,0.01220703125,1.98974609375,-0.54931640625,1.1962890625,-0.1708984375,2.96630859375,-0.0244140625,1.611328125,-0.4638671875,0.20751953125,0.50048828125,-0.67138671875,-0.6103515625,-0.5126953125,-0.42724609375,0.7080078125,0,3.7353515625,0.01220703125,2.72216796875,-0.2197265625,3.60107421875,0.4638671875,2.69775390625,0.06103515625,0.76904296875,-0.3173828125,0.5126953125,0.4150390625,0.54931640625,-0.537109375,0.341796875,0.0732421875,3.3203125,-0.3173828125,3.02734375,-0.0244140625,2.18505859375,-0.28076171875,4.638671875,-0.25634765625,0.830078125,0.18310546875,1.37939453125,0.1708984375,0.390625,-0.15869140625,1.806640625,0,0.1953125,-0.15869140625,0.87890625,0,-0.3662109375,0,0.25634765625,0.1220703125,-1.50146484375,0.06103515625,-0.18310546875,-0.1220703125,-0.30517578125,-0.10986328125,-1.33056640625,-0.08544921875,-0.69580078125,0.048828125,-0.67138671875,-0.4150390625,-0.62255859375,-0.048828125,-0.06103515625,0.06103515625,-0.68359375,-0.0732421875,-1.42822265625,-0.244140625,-1.01318359375,0.1220703125,0.37841796875,-0.10986328125,0.3173828125,0.13427734375,-0.0244140625,-0.0732421875,-0.1220703125,0.0244140625,0.13427734375,-0.048828125,0.048828125,-0.0732421875,0.7080078125,-0.15869140625,0,-0.18310546875,-0.537109375
1,0,-0.84228515625,0.13427734375,-0.341796875,-0.1953125,-0.4638671875,-0.10986328125,0,0.30517578125,-0.1220703125,-0.2685546875,-0.91552734375,-0.37841796875,1.0009765625,-0.341796875,-0.18310546875,0.15869140625,-0.6103515625,0.1220703125,-0.15869140625,-0.01220703125,0.8544921875,0.03662109375,-0.5859375,0.30517578125,-0.08544921875,0.28076171875,-0.732421875,-0.390625,0.89111328125,0.2197265625,0.10986328125,0.06103515625,1.33056640625,-0.390625,0.57373046875,-0.15869140625,2.0263671875,0.06103515625,0.9521484375,-0.390625,0.20751953125,0.64697265625,-0.67138671875,-0.72021484375,-0.50048828125,-0.439453125,0.74462890625,0.048828125,3.6376953125,-0.0244140625,2.62451171875,-0.15869140625,3.466796875,0.40283203125,2.62451171875,0.06103515625,0.76904296875,-0.29296875,0.537109375,0.5126953125,0.54931640625,-0.4150390625,0.341796875,0.048828125,3.16162109375,-0.3173828125,2.91748046875,-0.0732421875,2.05078125,-0.10986328125,4.3212890625,-0.244140625,0.25634765625,0.1708984375,0.59814453125,0.06103515625,-0.10986328125,-0.15869140625,1.20849609375,0,0.10986328125,-0.1220703125,0.79345703125,0.09765625,-0.48828125,-0.0732421875,0.1953125,0.13427734375,-1.50146484375,0.146484375,-0.1708984375,0,-0.30517578125,-0.0732421875,-1.33056640625,-0.09765625,-0.7080078125,-0.01220703125,-0.67138671875,-0.35400390625,-0.59814453125,-0.048828125,-0.06103515625,0.08544921875,-0.68359375,-0.0244140625,-1.4404296875,-0.23193359375,-1.01318359375,0.0732421875,0.35400390625,-0.10986328125,0.30517578125,0.13427734375,-0.03662109375,-0.06103515625,-0.13427734375,0.06103515625,0.146484375,-0.0732421875,-0.08544921875,-0.06103515625,0.59814453125,-0.15869140625,-0.42724609375,-0.1953125,-0.7080078125
1,-0.01220703125,-0.7080078125,0.10986328125,-0.28076171875,-0.18310546875,-0.4150390625,-0.08544921875,0.06103515625,0.3173828125,-0.1220703125,-0.2685546875,-0.91552734375,-0.35400390625,1.0009765625,-0.35400390625,-0.1708984375,0.15869140625,-0.62255859375,0.06103515625,-0.1708984375,-0.13427734375,0.8544921875,-0.0244140625,-0.57373046875,0.29296875,-0.08544921875,0.244140625,-0.74462890625,-0.3662109375,0.89111328125,0.1708984375,0.1220703125,0.1220703125,0.78125,-0.2685546875,0.10986328125,-0.1708984375,1.28173828125,0.09765625,0.4150390625,-0.28076171875,0.1953125,0.76904296875,-0.68359375,-0.74462890625,-0.50048828125,-0.42724609375,0.74462890625,0.048828125,3.4423828125,-0.0732421875,2.44140625,-0.1953125,3.21044921875,0.35400390625,2.47802734375,0.08544921875,0.76904296875,-0.244140625,0.5615234375,0.537109375,0.54931640625,-0.341796875,0.35400390625,0.0732421875,2.978515625,-0.25634765625,2.81982421875,-0.08544921875,1.91650390625,-0.0732421875,3.955078125,-0.2197265625,-0.1708984375,0.18310546875,0.0732421875,-0.0244140625,-0.439453125,-0.13427734375,0.79345703125,-0.03662109375,-0.01220703125,-0.08544921875,0.6591796875,0.2197265625,-0.62255859375,-0.13427734375,0.09765625,0.146484375,-1.5380859375,0.1708984375,-0.2197265625,0.1220703125,-0.2685546875,-0.03662109375,-1.30615234375,-0.08544921875,-0.7080078125,-0.09765625,-0.64697265625,-0.32958984375,-0.5859375,-0.06103515625,-0.06103515625,0.15869140625,-0.68359375,0.03662109375,-1.42822265625,-0.1953125,-1.01318359375,0.03662109375,0.3662109375,-0.09765625,0.29296875,0.146484375,-0.0244140625,-0.0732421875,-0.146484375,0.06103515625,0.1708984375,-0.0732421875,-0.1708984375,-0.0732421875,0.52490234375,-0.15869140625,-0.74462890625,-0.1708984375,-0.830078125
1,0.03662109375,-0.54931640625,0.09765625,-0.20751953125,-0.1708984375,-0.341796875,-0.048828125,0.1220703125,0.32958984375,-0.09765625,-0.28076171875,-0.91552734375,-0.3173828125,1.0009765625,-0.341796875,-0.15869140625,0.146484375,-0.634765625,-0.0244140625,-0.1953125,-0.25634765625,0.86669921875,-0.09765625,-0.57373046875,0.2685546875,-0.09765625,0.18310546875,-0.76904296875,-0.32958984375,0.89111328125,0.10986328125,0.1220703125,0.15869140625,0.4150390625,-0.1708984375,-0.2685546875,-0.20751953125,0.74462890625,0.10986328125,0.0244140625,-0.18310546875,0.1953125,0.8544921875,-0.68359375,-0.78125,-0.47607421875,-0.37841796875,0.7568359375,0.0732421875,3.16162109375,-0.06103515625,2.18505859375,-0.1220703125,2.7587890625,0.32958984375,2.2705078125,0.03662109375,0.79345703125,-0.18310546875,0.5615234375,0.5615234375,0.54931640625,-0.2685546875,0.341796875,0.08544921875,2.79541015625,-0.15869140625,2.67333984375,-0.08544921875,1.7822265625,0.09765625,3.515625,-0.13427734375,-0.4150390625,0.13427734375,-0.1708984375,-0.1708984375,-0.59814453125,-0.08544921875,0.57373046875,-0.1220703125,-0.13427734375,-0.10986328125,0.54931640625,0.30517578125,-0.74462890625,-0.23193359375,-0.01220703125,0.1708984375,-1.5380859375,0.15869140625,-0.23193359375,0.2197265625,-0.28076171875,0.01220703125,-1.33056640625,-0.08544921875,-0.69580078125,-0.146484375,-0.67138671875,-0.30517578125,-0.57373046875,-0.06103515625,-0.0732421875,0.15869140625,-0.69580078125,0.08544921875,-1.42822265625,-0.1220703125,-1.025390625,-0.0244140625,0.3662109375,-0.06103515625,0.29296875,0.10986328125,-0.03662109375,-0.06103515625,-0.13427734375,0.0732421875,0.1708984375,-0.08544921875,-0.25634765625,-0.06103515625,0.48828125,-0.1708984375,-0.93994140625,-0.1708984375,-0.9033203125
1,-0.01220703125,-0.439453125,0.048828125,-0.146484375,-0.20751953125,-0.28076171875,-0.0732421875,0.146484375,0.3173828125,-0.08544921875,-0.2685546875,-0.927734375,-0.30517578125,1.0009765625,-0.32958984375,-0.146484375,0.10986328125,-0.62255859375,-0.09765625,-0.20751953125,-0.3662109375,0.86669921875,-0.13427734375,-0.57373046875,0.23193359375,-0.13427734375,0.13427734375,-0.74462890625,-0.244140625,0.9033203125,0.08544921875,0.10986328125,0.23193359375,0.13427734375,-0.0244140625,-0.54931640625,-0.25634765625,0.341796875,0.08544921875,-0.244140625,-0.20751953125,0.1953125,0.84228515625,-0.69580078125,-0.79345703125,-0.48828125,-0.35400390625,0.7568359375,0.08544921875,2.79541015625,-0.06103515625,1.85546875,-0.1220703125,2.1728515625,0.25634765625,2.01416015625,-0.01220703125,0.78125,-0.13427734375,0.57373046875,0.5859375,0.54931640625,-0.25634765625,0.3662109375,0.13427734375,2.57568359375,-0.10986328125,2.4658203125,-0.1220703125,1.5869140625,0.20751953125,2.99072265625,-0.01220703125,-0.52490234375,0.08544921875,-0.13427734375,-0.25634765625,-0.6591796875,-0.06103515625,0.48828125,-0.15869140625,-0.244140625,-0.0732421875,0.42724609375,0.30517578125,-0.8544921875,-0.244140625,-0.10986328125,0.15869140625,-1.5380859375,0.15869140625,-0.25634765625,0.32958984375,-0.29296875,0.06103515625,-1.318359375,-0.09765625,-0.69580078125,-0.15869140625,-0.68359375,-0.2685546875,-0.57373046875,-0.0732421875,-0.08544921875,0.1953125,-0.7080078125,0.10986328125,-1.45263671875,-0.06103515625,-1.025390625,-0.08544921875,0.37841796875,-0.048828125,0.29296875,0.09765625,-0.06103515625,-0.0732421875,-0.1220703125,0.0732421875,0.18310546875,-0.08544921875,-0.3173828125,-0.08544921875,0.50048828125,-0.18310546875,-1.0498046875,-0.146484375,-0.93994140625
1,0.0244140625,-0.32958984375,0.06103515625,-0.1220703125,-0.20751953125,-0.28076171875,-0.048828125,0.146484375,0.32958984375,-0.1220703125,-0.23193359375,-0.93994140625,-0.3173828125,0.98876953125,-0.32958984375,-0.15869140625,0.0244140625,-0.59814453125,-0.20751953125,-0.20751953125,-0.439453125,0.8544921875,-0.13427734375,-0.59814453125,0.23193359375,-0.146484375,0.06103515625,-0.79345703125,-0.18310546875,0.89111328125,0.08544921875,0.1220703125,0.2685546875,-0.0732421875,0.1220703125,-0.72021484375,-0.29296875,0.06103515625,0.01220703125,-0.439453125,-0.1953125,0.1708984375,0.8056640625,-0.72021484375,-0.74462890625,-0.4638671875,-0.4150390625,0.732421875,0.0732421875,2.45361328125,-0.0244140625,1.50146484375,-0.15869140625,1.50146484375,0.20751953125,1.72119140625,-0.06103515625,0.78125,-0.1220703125,0.5859375,0.54931640625,0.5615234375,-0.244140625,0.3662109375,0.048828125,2.30712890625,-0.01220703125,2.25830078125,-0.13427734375,1.3671875,0.29296875,2.392578125,-0.0732421875,-0.57373046875,-0.0732421875,0.0244140625,-0.3662109375,-0.634765625,-0.08544921875,0.5126953125,-0.146484375,-0.32958984375,-0.06103515625,0.341796875,0.28076171875,-0.89111328125,-0.18310546875,-0.1708984375,0.146484375,-1.513671875,0.1708984375,-0.2685546875,0.4150390625,-0.29296875,0.09765625,-1.35498046875,-0.09765625,-0.69580078125,-0.15869140625,-0.68359375,-0.18310546875,-0.57373046875,-0.048828125,-0.08544921875,0.20751953125,-0.72021484375,0.1220703125,-1.4404296875,0.0244140625,-1.0009765625,-0.10986328125,0.37841796875,-0.0244140625,0.29296875,0.09765625,-0.0732421875,-0.08544921875,-0.10986328125,0.0732421875,0.18310546875,-0.0732421875,-0.3173828125,-0.08544921875,0.50048828125,-0.1708984375,-1.07421875,-0.146484375,-0.93994140625
1,0.01220703125,-0.2685546875,0.01220703125,-0.10986328125,-0.20751953125,-0.29296875,-0.048828125,0.13427734375,0.30517578125,-0.1220703125,-0.23193359375,-0.927734375,-0.2685546875,1.0009765625,-0.3173828125,-0.1708984375,-0.0732421875,-0.5859375,-0.2685546875,-0.20751953125,-0.45166015625,0.8544921875,-0.15869140625,-0.5859375,0.2197265625,-0.1708984375,0.01220703125,-0.79345703125,-0.1220703125,0.91552734375,0.10986328125,0.09765625,0.25634765625,-0.2197265625,0.2685546875,-0.830078125,-0.30517578125,-0.146484375,-0.09765625,-0.57373046875,-0.18310546875,0.15869140625,0.74462890625,-0.72021484375,-0.6591796875,-0.4638671875,-0.5126953125,0.732421875,0.06103515625,2.08740234375,0.06103515625,1.1474609375,-0.1708984375,0.86669921875,0.13427734375,1.47705078125,-0.06103515625,0.8056640625,-0.09765625,0.5615234375,0.5126953125,0.54931640625,-0.2197265625,0.3662109375,-0.0244140625,1.96533203125,0.08544921875,2.0263671875,-0.09765625,1.123046875,0.3662109375,1.77001953125,-0.0244140625,-0.537109375,-0.146484375,0.25634765625,-0.37841796875,-0.57373046875,-0.0244140625,0.5859375,-0.13427734375,-0.390625,-0.1220703125,0.29296875,0.25634765625,-0.89111328125,-0.13427734375,-0.2197265625,0.1220703125,-1.50146484375,0.1708984375,-0.28076171875,0.54931640625,-0.29296875,0.15869140625,-1.37939453125,-0.09765625,-0.7080078125,-0.15869140625,-0.68359375,-0.09765625,-0.59814453125,-0.06103515625,-0.09765625,0.2197265625,-0.7080078125,0.13427734375,-1.416015625,0.0732421875,-0.98876953125,-0.1220703125,0.3662109375,-0.01220703125,0.29296875,0.09765625,-0.09765625,-0.08544921875,-0.08544921875,0.08544921875,0.15869140625,-0.06103515625,-0.341796875,-0.10986328125,0.54931640625,-0.1708984375,-1.01318359375,-0.1220703125,-0.91552734375
0,0.0244140625,-0.30517578125,-0.01220703125,-0.146484375,-0.20751953125,-0.3173828125,-0.0244140625,0.0732421875,0.28076171875,-0.13427734375,-0.23193359375,-0.9521484375,-0.3173828125,1.0009765625,-0.341796875,-0.1953125,-0.1220703125,-0.59814453125,-0.32958984375,-0.1953125,-0.40283203125,0.86669921875,-0.13427734375,-0.6103515625,0.2197265625,-0.15869140625,-0.01220703125,-0.79345703125,-0.1220703125,0.9033203125,0.13427734375,0.1220703125,0.15869140625,-0.3662109375,0.37841796875,-0.9521484375,-0.3173828125,-0.29296875,-0.20751953125,-0.68359375,-0.146484375,0.146484375,0.68359375,-0.732421875,-0.5126953125,-0.47607421875,-0.52490234375,0.69580078125,0,1.8310546875,0.1220703125,0.8544921875,-0.2197265625,0.32958984375,0.03662109375,1.23291015625,-0.048828125,0.8056640625,-0.06103515625,0.5615234375,0.50048828125,0.537109375,-0.13427734375,0.341796875,-0.048828125,1.6357421875,0.15869140625,1.74560546875,-0.048828125,0.87890625,0.37841796875,1.18408203125,0.0244140625,-0.50048828125,-0.1708984375,0.48828125,-0.32958984375,-0.52490234375,0.01220703125,0.72021484375,-0.1953125,-0.4150390625,-0.23193359375,0.2685546875,0.1220703125,-0.86669921875,-0.10986328125,-0.25634765625,0.08544921875,-1.47705078125,0.13427734375,-0.28076171875,0.57373046875,-0.3173828125,0.23193359375,-1.3916015625,-0.10986328125,-0.69580078125,-0.15869140625,-0.69580078125,0.01220703125,-0.634765625,-0.03662109375,-0.10986328125,0.29296875,-0.69580078125,0.10986328125,-1.4404296875,0.1220703125,-0.96435546875,-0.146484375,0.390625,0,0.29296875,0.08544921875,-0.09765625,-0.0732421875,-0.08544921875,0.0732421875,0.13427734375,-0.08544921875,-0.3173828125,-0.146484375,0.57373046875,-0.18310546875,-0.96435546875,-0.13427734375,-0.8544921875
0,0.03662109375,-0.3662109375,-0.0244140625,-0.20751953125,-0.23193359375,-0.3662109375,-0.0244140625,0,0.2685546875,-0.146484375,-0.25634765625,-0.9521484375,-0.30517578125,1.01318359375,-0.32958984375,-0.1953125,-0.146484375,-0.5859375,-0.3662109375,-0.1708984375,-0.341796875,0.89111328125,-0.06103515625,-0.62255859375,0.2197265625,-0.15869140625,-0.0244140625,-0.8056640625,-0.146484375,0.89111328125,0.09765625,0.09765625,0.0732421875,-0.5126953125,0.439453125,-1.0498046875,-0.3173828125,-0.47607421875,-0.30517578125,-0.8056640625,-0.09765625,0.1220703125,0.64697265625,-0.72021484375,-0.390625,-0.48828125,-0.48828125,0.6591796875,0.0244140625,1.6845703125,0.28076171875,0.68359375,-0.23193359375,-0.01220703125,0.03662109375,1.123046875,0.03662109375,0.78125,-0.048828125,0.5615234375,0.4638671875,0.537109375,-0.13427734375,0.341796875,-0.1220703125,1.33056640625,0.146484375,1.55029296875,0.0244140625,0.64697265625,0.29296875,0.72021484375,0.09765625,-0.4638671875,-0.23193359375,0.62255859375,-0.20751953125,-0.47607421875,0.03662109375,0.8056640625,-0.08544921875,-0.4150390625,-0.2197265625,0.2685546875,0.1220703125,-0.79345703125,0,-0.28076171875,0.01220703125,-1.47705078125,0.09765625,-0.28076171875,0.6103515625,-0.32958984375,0.244140625,-1.40380859375,-0.13427734375,-0.7080078125,-0.15869140625,-0.68359375,0.08544921875,-0.64697265625,0,-0.08544921875,0.2685546875,-0.72021484375,0.09765625,-1.42822265625,0.10986328125,-0.96435546875,-0.13427734375,0.3662109375,0,0.30517578125,0.10986328125,-0.09765625,-0.08544921875,-0.0732421875,0.048828125,0.1220703125,-0.0244140625,-0.30517578125,-0.13427734375,0.59814453125,-0.1953125,-0.830078125,-0.10986328125,-0.78125
0,0,-0.439453125,-0.0732421875,-0.2685546875,-0.2685546875,-0.4150390625,-0.03662109375,-0.03662109375,0.244140625,-0.13427734375,-0.244140625,-0.9521484375,-0.30517578125,1.0009765625,-0.341796875,-0.20751953125,-0.146484375,-0.57373046875,-0.35400390625,-0.18310546875,-0.2197265625,0.89111328125,0,-0.59814453125,0.20751953125,-0.1220703125,0.01220703125,-0.78125,-0.23193359375,0.927734375,0.03662109375,0.09765625,-0.06103515625,-0.69580078125,0.45166015625,-1.171875,-0.341796875,-0.67138671875,-0.4150390625,-0.9521484375,-0.1220703125,0.08544921875,0.5859375,-0.72021484375,-0.244140625,-0.47607421875,-0.45166015625,0.62255859375,-0.0244140625,1.708984375,0.28076171875,0.6591796875,-0.23193359375,-0.06103515625,-0.06103515625,1.13525390625,0.10986328125,0.78125,-0.08544921875,0.5615234375,0.4150390625,0.5126953125,-0.08544921875,0.3173828125,-0.0732421875,1.0986328125,0.146484375,1.3916015625,0.10986328125,0.50048828125,0.29296875,0.48828125,0.146484375,-0.45166015625,-0.25634765625,0.732421875,-0.0732421875,-0.4638671875,-0.01220703125,0.84228515625,-0.10986328125,-0.439453125,-0.2685546875,0.23193359375,0.146484375,-0.732421875,0,-0.3173828125,-0.0244140625,-1.46484375,0.0732421875,-0.25634765625,0.64697265625,-0.32958984375,0.20751953125,-1.40380859375,-0.10986328125,-0.69580078125,-0.15869140625,-0.7080078125,0.146484375,-0.64697265625,0.0244140625,-0.06103515625,0.23193359375,-0.72021484375,0.13427734375,-1.45263671875,0.048828125,-0.9765625,-0.1220703125,0.3662109375,0.01220703125,0.29296875,0.1220703125,-0.08544921875,-0.08544921875,-0.0732421875,0.0732421875,0.1220703125,-0.01220703125,-0.28076171875,-0.146484375,0.6103515625,-0.1708984375,-0.78125,-0.09765625,-0.74462890625
0,0.0244140625,-0.52490234375,-0.0732421875,-0.28076171875,-0.2685546875,-0.42724609375,-0.03662109375,-0.06103515625,0.23193359375,-0.1220703125,-0.244140625,-0.9521484375,-0.30517578125,0.9765625,-0.35400390625,-0.2197265625,-0.1220703125,-0.5859375,-0.32958984375,-0.15869140625,-0.146484375,0.86669921875,0.09765625,-0.6103515625,0.20751953125,-0.10986328125,0.06103515625,-0.74462890625,-0.29296875,0.93994140625,0.0244140625,0.09765625,-0.048828125,-0.87890625,0.439453125,-1.30615234375,-0.3173828125,-0.89111328125,-0.439453125,-1.08642578125,-0.10986328125,0.06103515625,0.4150390625,-0.732421875,-0.13427734375,-0.47607421875,-0.47607421875,0.59814453125,-0.01220703125,1.904296875,0.3173828125,0.84228515625,-0.1708984375,0.1953125,-0.10986328125,1.28173828125,0.1708984375,0.78125,-0.10986328125,0.54931640625,0.30517578125,0.52490234375,0,0.30517578125,0,1.0009765625,0.2197265625,1.3671875,0.15869140625,0.48828125,0.13427734375,0.5126953125,0.09765625,-0.47607421875,-0.25634765625,0.68359375,0.08544921875,-0.4638671875,-0.0732421875,0.8544921875,-0.13427734375,-0.47607421875,-0.29296875,0.1953125,0.08544921875,-0.68359375,-0.08544921875,-0.341796875,-0.03662109375,-1.47705078125,0.0244140625,-0.28076171875,0.634765625,-0.32958984375,0.1953125,-1.3916015625,-0.06103515625,-0.69580078125,-0.1708984375,-0.7080078125,0.18310546875,-0.6591796875,0.06103515625,-0.06103515625,0.1953125,-0.7080078125,0.10986328125,-1.45263671875,0.0244140625,-0.9765625,-0.10986328125,0.35400390625,0,0.29296875,0.146484375,-0.0732421875,-0.0732421875,-0.0732421875,0.01220703125,0.1220703125,0.01220703125,-0.2685546875,-0.09765625,0.59814453125,-0.1708984375,-0.7568359375,-0.09765625,-0.72021484375
0,0.01220703125,-0.57373046875,-0.0732421875,-0.2685546875,-0.25634765625,-0.4150390625,-0.048828125,-0.03662109375,0.23193359375,-0.1220703125,-0.23193359375,-0.927734375,-0.28076171875,0.96435546875,-0.35400390625,-0.1953125,-0.10986328125,-0.59814453125,-0.25634765625,-0.1708984375,-0.03662109375,0.87890625,0.1708984375,-0.62255859375,0.25634765625,-0.10986328125,0.13427734375,-0.74462890625,-0.32958984375,0.927734375,0.0244140625,0.09765625,-0.09765625,-1.03759765625,0.4150390625,-1.40380859375,-0.30517578125,-1.08642578125,-0.3662109375,-1.25732421875,-0.0244140625,0.01220703125,0.28076171875,-0.69580078125,-0.06103515625,-0.4638671875,-0.40283203125,0.57373046875,0.06103515625,2.294921875,0.35400390625,1.18408203125,-0.28076171875,0.7568359375,-0.08544921875,1.5869140625,0.1953125,0.76904296875,-0.13427734375,0.54931640625,0.28076171875,0.5126953125,0,0.30517578125,0.0244140625,1.07421875,0.146484375,1.46484375,0.13427734375,0.59814453125,0.08544921875,0.86669921875,0.10986328125,-0.4638671875,-0.244140625,0.5615234375,0.20751953125,-0.5126953125,-0.18310546875,0.81787109375,-0.08544921875,-0.52490234375,-0.32958984375,0.146484375,0.146484375,-0.64697265625,-0.08544921875,-0.3662109375,0,-1.50146484375,0,-0.28076171875,0.5859375,-0.341796875,0.146484375,-1.40380859375,-0.03662109375,-0.7080078125,-0.15869140625,-0.7080078125,0.146484375,-0.6591796875,0.08544921875,-0.03662109375,0.15869140625,-0.69580078125,0.0732421875,-1.4404296875,-0.03662109375,-0.98876953125,-0.08544921875,0.341796875,-0.0244140625,0.28076171875,0.18310546875,-0.048828125,-0.08544921875,-0.048828125,0.01220703125,0.13427734375,0.0244140625,-0.25634765625,-0.08544921875,0.59814453125,-0.20751953125,-0.7568359375,-0.06103515625,-0.72021484375
0,0.1220703125,-0.54931640625,-0.10986328125,-0.20751953125,-0.25634765625,-0.3662109375,-0.03662109375,0.03662109375,0.20751953125,-0.1220703125,-0.244140625,-0.927734375,-0.28076171875,0.9765625,-0.3662109375,-0.18310546875,-0.08544921875,-0.6103515625,-0.15869140625,-0.15869140625,0.048828125,0.87890625,0.1953125,-0.6103515625,0.3173828125,-0.0732421875,0.23193359375,-0.7568359375,-0.3662109375,0.91552734375,0.08544921875,0.08544921875,-0.0732421875,-1.15966796875,0.439453125,-1.4892578125,-0.2685546875,-1.23291015625,-0.2685546875,-1.3916015625,-0.0244140625,0,0.18310546875,-0.67138671875,0.01220703125,-0.45166015625,-0.4638671875,0.5615234375,0.10986328125,2.83203125,0.32958984375,1.67236328125,-0.3173828125,1.59912109375,-0.13427734375,1.9775390625,0.23193359375,0.76904296875,-0.1708984375,0.54931640625,0.2685546875,0.50048828125,0.048828125,0.29296875,0.1220703125,1.3671875,0.10986328125,1.7333984375,0.0732421875,0.86669921875,0.09765625,1.5625,0.08544921875,-0.4638671875,-0.244140625,0.4638671875,0.28076171875,-0.52490234375,-0.244140625,0.78125,-0.09765625,-0.57373046875,-0.30517578125,0.06103515625,0.146484375,-0.67138671875,-0.1220703125,-0.390625,0.03662109375,-1.52587890625,-0.048828125,-0.29296875,0.537109375,-0.35400390625,0.08544921875,-1.37939453125,0.01220703125,-0.7080078125,-0.13427734375,-0.7080078125,0.10986328125,-0.64697265625,0.09765625,-0.048828125,0.13427734375,-0.72021484375,0.0732421875,-1.4404296875,-0.048828125,-0.9765625,-0.06103515625,0.35400390625,-0.03662109375,0.2685546875,0.18310546875,-0.048828125,-0.0732421875,-0.06103515625,0.01220703125,0.146484375,0.01220703125,-0.244140625,-0.08544921875,0.59814453125,-0.20751953125,-0.7568359375,-0.03662109375,-0.74462890625
0,0.1953125,-0.537109375,-0.1220703125,-0.146484375,-0.23193359375,-0.30517578125,-0.03662109375,0.09765625,0.18310546875,-0.1220703125,-0.244140625,-0.91552734375,-0.29296875,0.9765625,-0.390625,-0.1708984375,-0.048828125,-0.59814453125,-0.0732421875,-0.1708984375,0.1708984375,0.86669921875,0.25634765625,-0.6103515625,0.341796875,-0.0732421875,0.30517578125,-0.74462890625,-0.35400390625,0.91552734375,0.1220703125,0.06103515625,-0.01220703125,-1.2451171875,0.390625,-1.5380859375,-0.2197265625,-1.318359375,-0.1708984375,-1.4404296875,-0.09765625,0.01220703125,0.1220703125,-0.67138671875,0.048828125,-0.47607421875,-0.439453125,0.5859375,0.23193359375,3.466796875,0.341796875,2.2705078125,-0.28076171875,2.63671875,-0.0732421875,2.490234375,0.25634765625,0.76904296875,-0.146484375,0.537109375,0.244140625,0.50048828125,0.0244140625,0.30517578125,0.146484375,1.86767578125,0.0732421875,2.13623046875,0.048828125,1.23291015625,0.03662109375,2.5390625,0,-0.42724609375,-0.244140625,0.3173828125,0.244140625,-0.537109375,-0.28076171875,0.74462890625,-0.0732421875,-0.59814453125,-0.32958984375,0.03662109375,0.08544921875,-0.6591796875,-0.08544921875,-0.42724609375,0.10986328125,-1.55029296875,-0.048828125,-0.2685546875,0.45166015625,-0.341796875,0.03662109375,-1.35498046875,0,-0.69580078125,-0.0732421875,-0.69580078125,0.09765625,-0.634765625,0.1220703125,-0.0244140625,0.1220703125,-0.7080078125,0.06103515625,-1.45263671875,-0.048828125,-1.0009765625,-0.08544921875,0.35400390625,-0.08544921875,0.28076171875,0.1708984375,-0.03662109375,-0.08544921875,-0.03662109375,0,0.15869140625,0.01220703125,-0.23193359375,-0.10986328125,0.57373046875,-0.23193359375,-0.8056640625,-0.0244140625,-0.78125
0,0.2685546875,-0.47607421875,-0.146484375,-0.06103515625,-0.23193359375,-0.23193359375,-0.03662109375,0.15869140625,0.146484375,-0.10986328125,-0.244140625,-0.927734375,-0.20751953125,1.0009765625,-0.40283203125,-0.1708984375,-0.06103515625,-0.59814453125,0.01220703125,-0.1708984375,0.244140625,0.87890625,0.25634765625,-0.6103515625,0.35400390625,-0.06103515625,0.3662109375,-0.74462890625,-0.30517578125,0.9033203125,0.15869140625,0.0732421875,0.03662109375,-1.2451171875,0.3173828125,-1.50146484375,-0.1708984375,-1.33056640625,-0.0732421875,-1.46484375,-0.23193359375,0.01220703125,0.08544921875,-0.67138671875,0.03662109375,-0.48828125,-0.48828125,0.6103515625,0.32958984375,4.11376953125,0.30517578125,2.91748046875,-0.20751953125,3.74755859375,-0.048828125,3.03955078125,0.2685546875,0.79345703125,-0.146484375,0.54931640625,0.25634765625,0.52490234375,0,0.3173828125,0.15869140625,2.52685546875,0.01220703125,2.6611328125,-0.0244140625,1.7822265625,-0.09765625,3.69873046875,-0.08544921875,-0.35400390625,-0.2197265625,0.23193359375,0.2197265625,-0.50048828125,-0.1953125,0.7568359375,-0.10986328125,-0.5859375,-0.37841796875,0.0244140625,-0.048828125,-0.67138671875,-0.10986328125,-0.390625,0.13427734375,-1.55029296875,-0.0732421875,-0.29296875,0.3662109375,-0.3173828125,0,-1.3427734375,-0.01220703125,-0.7080078125,-0.048828125,-0.69580078125,0.08544921875,-0.59814453125,0.10986328125,-0.03662109375,0.1220703125,-0.69580078125,0.06103515625,-1.42822265625,-0.048828125,-1.0009765625,-0.09765625,0.35400390625,-0.1220703125,0.28076171875,0.15869140625,-0.0244140625,-0.08544921875,-0.06103515625,0.01220703125,0.15869140625,0.03662109375,-0.2197265625,-0.08544921875,0.57373046875,-0.20751953125,-0.8544921875,0,-0.79345703125
0,0.25634765625,-0.390625,-0.18310546875,-0.0244140625,-0.25634765625,-0.18310546875,-0.01220703125,0.20751953125,0.1220703125,-0.1220703125,-0.23193359375,-0.93994140625,-0.20751953125,1.01318359375,-0.4150390625,-0.146484375,-0.03662109375,-0.5859375,0.0732421875,-0.1953125,0.32958984375,0.8544921875,0.23193359375,-0.62255859375,0.3173828125,-0.08544921875,0.40283203125,-0.74462890625,-0.2197265625,0.89111328125,0.18310546875,0.09765625,0.0244140625,-1.171875,0.3173828125,-1.42822265625,-0.10986328125,-1.28173828125,-0.0244140625,-1.416015625,-0.37841796875,0.0244140625,0.048828125,-0.67138671875,-0.01220703125,-0.48828125,-0.50048828125,0.6591796875,0.4638671875,4.7607421875,0.29296875,3.564453125,-0.10986328125,4.8828125,0.03662109375,3.5888671875,0.25634765625,0.79345703125,-0.13427734375,0.52490234375,0.25634765625,0.52490234375,-0.03662109375,0.3173828125,0.146484375,3.30810546875,-0.06103515625,3.2470703125,-0.15869140625,2.3193359375,-0.09765625,4.98046875,-0.1953125,-0.28076171875,-0.25634765625,0.28076171875,0.1953125,-0.42724609375,-0.1220703125,0.78125,-0.01220703125,-0.537109375,-0.2685546875,0.08544921875,0,-0.67138671875,-0.01220703125,-0.341796875,0.15869140625,-1.5625,-0.08544921875,-0.28076171875,0.244140625,-0.3173828125,-0.01220703125,-1.3427734375,-0.048828125,-0.732421875,-0.03662109375,-0.68359375,0.09765625,-0.57373046875,0.08544921875,-0.03662109375,0.10986328125,-0.69580078125,0.0732421875,-1.416015625,-0.048828125,-1.025390625,-0.1220703125,0.3662109375,-0.13427734375,0.28076171875,0.18310546875,-0.0244140625,-0.0732421875,-0.06103515625,0.01220703125,0.18310546875,0.048828125,-0.2197265625,-0.10986328125,0.57373046875,-0.13427734375,-0.89111328125,-0.01220703125,-0.81787109375
0,0.2197265625,-0.341796875,-0.20751953125,-0.01220703125,-0.2685546875,-0.1708984375,-0.0244140625,0.2197265625,0.09765625,-0.1220703125,-0.23193359375,-0.9521484375,-0.15869140625,1.01318359375,-0.4150390625,-0.15869140625,-0.06103515625,-0.59814453125,0.1220703125,-0.20751953125,0.3662109375,0.86669921875,0.1708984375,-0.64697265625,0.3173828125,-0.10986328125,0.390625,-0.76904296875,-0.13427734375,0.9033203125,0.146484375,0.09765625,-0.01220703125,-1.07421875,0.2197265625,-1.33056640625,-0.1220703125,-1.15966796875,0.0244140625,-1.30615234375,-0.3662109375,0,0,-0.68359375,-0.08544921875,-0.50048828125,-0.5126953125,0.69580078125,0.57373046875,5.33447265625,0.25634765625,4.1259765625,-0.1220703125,5.8349609375,0.1220703125,4.06494140625,0.20751953125,0.81787109375,-0.15869140625,0.537109375,0.244140625,0.54931640625,-0.1220703125,0.32958984375,0.23193359375,4.1015625,-0.10986328125,3.8330078125,-0.23193359375,2.89306640625,0.06103515625,6.25,-0.13427734375,-0.146484375,-0.2685546875,0.32958984375,0.13427734375,-0.341796875,0,0.87890625,0.03662109375,-0.4150390625,-0.23193359375,0.1953125,-0.1220703125,-0.634765625,-0.0244140625,-0.2685546875,0.10986328125,-1.55029296875,-0.08544921875,-0.244140625,0.13427734375,-0.3173828125,-0.08544921875,-1.3671875,-0.048828125,-0.732421875,-0.0244140625,-0.67138671875,0.1220703125,-0.5859375,0.0244140625,-0.03662109375,0.01220703125,-0.69580078125,0.06103515625,-1.40380859375,-0.06103515625,-1.01318359375,-0.15869140625,0.3662109375,-0.146484375,0.28076171875,0.18310546875,-0.03662109375,-0.06103515625,-0.06103515625,0.0244140625,0.1708984375,0.048828125,-0.2197265625,-0.09765625,0.5859375,-0.0732421875,-0.89111328125,0,-0.81787109375
0,0.3173828125,-0.341796875,-0.20751953125,-0.06103515625,-0.28076171875,-0.1953125,-0.0244140625,0.18310546875,0.0732421875,-0.1220703125,-0.1953125,-0.9765625,-0.146484375,1.0009765625,-0.37841796875,-0.15869140625,-0.08544921875,-0.6103515625,0.10986328125,-0.1953125,0.35400390625,0.86669921875,0.0732421875,-0.634765625,0.244140625,-0.09765625,0.3662109375,-0.7568359375,-0.03662109375,0.91552734375,0.1220703125,0.09765625,-0.0244140625,-0.89111328125,0.18310546875,-1.1962890625,-0.18310546875,-0.98876953125,0.09765625,-1.171875,-0.341796875,0.01220703125,-0.0732421875,-0.68359375,-0.146484375,-0.48828125,-0.537109375,0.732421875,0.6103515625,5.74951171875,0.1708984375,4.55322265625,-0.20751953125,6.60400390625,0.13427734375,4.443359375,0.1220703125,0.79345703125,-0.15869140625,0.52490234375,0.244140625,0.5615234375,-0.2197265625,0.35400390625,0.28076171875,4.89501953125,-0.18310546875,4.35791015625,-0.30517578125,3.43017578125,-0.0732421875,7.373046875,-0.244140625,-0.01220703125,-0.40283203125,0.47607421875,0.01220703125,-0.23193359375,-0.0244140625,0.96435546875,0.0244140625,-0.29296875,-0.20751953125,0.3662109375,-0.1708984375,-0.59814453125,-0.09765625,-0.146484375,0.13427734375,-1.5380859375,-0.10986328125,-0.23193359375,0.048828125,-0.30517578125,-0.15869140625,-1.37939453125,-0.06103515625,-0.732421875,-0.0244140625,-0.67138671875,0.09765625,-0.59814453125,-0.0244140625,-0.06103515625,-0.048828125,-0.7080078125,0.03662109375,-1.42822265625,-0.048828125,-1.01318359375,-0.1708984375,0.3662109375,-0.15869140625,0.29296875,0.18310546875,-0.048828125,-0.08544921875,-0.048828125,0.0244140625,0.15869140625,0.048828125,-0.2197265625,-0.10986328125,0.62255859375,-0.09765625,-0.9033203125,0,-0.8056640625
0,0.390625,-0.37841796875,-0.20751953125,-0.10986328125,-0.2685546875,-0.2685546875,0,0.1220703125,0.0732421875,-0.09765625,-0.18310546875,-0.9521484375,-0.146484375,1.0009765625,-0.3662109375,-0.15869140625,-0.10986328125,-0.57373046875,0.06103515625,-0.2197265625,0.37841796875,0.87890625,-0.0244140625,-0.62255859375,0.20751953125,-0.10986328125,0.3173828125,-0.78125,0.048828125,0.89111328125,0.08544921875,0.08544921875,0,-0.74462890625,0.1953125,-1.11083984375,-0.2197265625,-0.84228515625,0.18310546875,-1.03759765625,-0.35400390625,-0.03662109375,-0.10986328125,-0.69580078125,-0.2197265625,-0.48828125,-0.6103515625,0.76904296875,0.634765625,6.01806640625,0.1220703125,4.82177734375,-0.2685546875,7.1044921875,0.15869140625,4.67529296875,0.06103515625,0.78125,-0.146484375,0.537109375,0.2685546875,0.5859375,-0.244140625,0.35400390625,0.29296875,5.52978515625,-0.146484375,4.79736328125,-0.32958984375,3.857421875,-0.0732421875,8.2763671875,-0.2197265625,0.09765625,-0.42724609375,0.68359375,-0.01220703125,-0.1220703125,0.06103515625,1.11083984375,0.03662109375,-0.1220703125,-0.15869140625,0.54931640625,-0.2685546875,-0.537109375,-0.146484375,-0.048828125,0.10986328125,-1.513671875,-0.10986328125,-0.23193359375,-0.03662109375,-0.32958984375,-0.20751953125,-1.3671875,-0.048828125,-0.7568359375,-0.01220703125,-0.68359375,0.0732421875,-0.6103515625,-0.048828125,-0.0732421875,-0.15869140625,-0.7080078125,0.0244140625,-1.416015625,-0.03662109375,-1.01318359375,-0.1953125,0.390625,-0.15869140625,0.29296875,0.146484375,-0.06103515625,-0.06103515625,-0.06103515625,0.03662109375,0.13427734375,0.048828125,-0.20751953125,-0.08544921875,0.634765625,-0.0732421875,-0.87890625,-0.01220703125,-0.78125
0,0.390625,-0.37841796875,-0.2197265625,-0.20751953125,-0.25634765625,-0.32958984375,-0.01220703125,0.048828125,0.0732421875,-0.10986328125,-0.1708984375,-0.96435546875,-0.09765625,1.01318359375,-0.3662109375,-0.1708984375,-0.146484375,-0.57373046875,-0.01220703125,-0.2197265625,0.3173828125,0.87890625,-0.08544921875,-0.62255859375,0.146484375,-0.1220703125,0.28076171875,-0.78125,0.146484375,0.91552734375,0.048828125,0.08544921875,-0.0244140625,-0.57373046875,0.13427734375,-1.0009765625,-0.3173828125,-0.69580078125,0.09765625,-0.9033203125,-0.37841796875,-0.06103515625,-0.1220703125,-0.72021484375,-0.30517578125,-0.4638671875,-0.69580078125,0.79345703125,0.634765625,6.103515625,0.08544921875,4.9072265625,-0.3173828125,7.2998046875,0.1953125,4.74853515625,-0.01220703125,0.78125,-0.09765625,0.537109375,0.341796875,0.5859375,-0.2685546875,0.32958984375,0.30517578125,5.9814453125,-0.13427734375,5.09033203125,-0.3173828125,4.1259765625,-0.20751953125,8.9111328125,-0.06103515625,0.20751953125,-0.3173828125,0.79345703125,0.01220703125,-0.0244140625,0.13427734375,1.20849609375,0.0732421875,0,-0.0732421875,0.72021484375,-0.244140625,-0.5126953125,-0.15869140625,0.06103515625,0.10986328125,-1.513671875,-0.09765625,-0.20751953125,-0.1708984375,-0.30517578125,-0.1953125,-1.3671875,-0.03662109375,-0.78125,0.01220703125,-0.69580078125,0.03662109375,-0.62255859375,-0.048828125,-0.08544921875,-0.20751953125,-0.69580078125,-0.06103515625,-1.416015625,0.01220703125,-1.01318359375,-0.18310546875,0.40283203125,-0.15869140625,0.28076171875,0.1220703125,-0.048828125,-0.0732421875,-0.0244140625,0.0244140625,0.13427734375,-0.01220703125,-0.2197265625,-0.09765625,0.634765625,-0.1220703125,-0.8544921875,-0.048828125,-0.74462890625
1,0.4150390625,-0.341796875,-0.2685546875,-0.25634765625,-0.244140625,-0.3662109375,-0.0244140625,-0.01220703125,0.048828125,-0.09765625,-0.146484375,-0.927734375,-0.10986328125,1.0009765625,-0.35400390625,-0.18310546875,-0.1708984375,-0.54931640625,-0.06103515625,-0.20751953125,0.2197265625,0.89111328125,-0.08544921875,-0.6103515625,0.06103515625,-0.10986328125,0.2197265625,-0.79345703125,0.23193359375,0.927734375,0.06103515625,0.10986328125,0.0244140625,-0.50048828125,0.20751953125,-0.9521484375,-0.32958984375,-0.5859375,0.06103515625,-0.81787109375,-0.439453125,-0.10986328125,-0.1220703125,-0.69580078125,-0.37841796875,-0.47607421875,-0.69580078125,0.78125,0.59814453125,5.99365234375,0.06103515625,4.8583984375,-0.3173828125,7.18994140625,0.25634765625,4.69970703125,-0.08544921875,0.78125,-0.1220703125,0.537109375,0.4150390625,0.57373046875,-0.30517578125,0.32958984375,0.28076171875,6.2255859375,-0.15869140625,5.21240234375,-0.25634765625,4.26025390625,-0.341796875,9.2041015625,-0.10986328125,0.28076171875,-0.3662109375,0.93994140625,-0.0244140625,0.048828125,0.09765625,1.30615234375,0.048828125,0.0732421875,0.03662109375,0.830078125,-0.341796875,-0.5126953125,-0.1708984375,0.1220703125,0.03662109375,-1.50146484375,-0.09765625,-0.2197265625,-0.3173828125,-0.3173828125,-0.15869140625,-1.35498046875,-0.048828125,-0.76904296875,0.03662109375,-0.69580078125,-0.0244140625,-0.64697265625,-0.0244140625,-0.08544921875,-0.2197265625,-0.69580078125,-0.146484375,-1.40380859375,0,-1.01318359375,-0.15869140625,0.4150390625,-0.18310546875,0.29296875,0.09765625,-0.08544921875,-0.0732421875,-0.01220703125,0.0244140625,0.10986328125,-0.048828125,-0.244140625,-0.09765625,0.64697265625,-0.09765625,-0.8056640625,-0.01220703125,-0.7080078125
1,0.4150390625,-0.1953125,-0.3173828125,-0.29296875,-0.25634765625,-0.390625,-0.048828125,-0.048828125,0.03662109375,-0.0732421875,-0.15869140625,-0.93994140625,-0.0732421875,0.98876953125,-0.32958984375,-0.1953125,-0.20751953125,-0.5615234375,-0.09765625,-0.2197265625,0.13427734375,0.87890625,-0.01220703125,-0.62255859375,-0.03662109375,-0.08544921875,0.15869140625,-0.78125,0.32958984375,0.9521484375,0.048828125,0.09765625,-0.01220703125,-0.4638671875,0.10986328125,-0.9765625,-0.42724609375,-0.52490234375,-0.06103515625,-0.8056640625,-0.54931640625,-0.146484375,-0.0732421875,-0.68359375,-0.4150390625,-0.47607421875,-0.62255859375,0.78125,0.5615234375,5.77392578125,0.06103515625,4.6142578125,-0.29296875,6.79931640625,0.32958984375,4.47998046875,-0.10986328125,0.78125,-0.15869140625,0.537109375,0.40283203125,0.54931640625,-0.37841796875,0.2685546875,0.2197265625,6.25,-0.20751953125,5.17578125,-0.1953125,4.19921875,-0.5126953125,9.14306640625,-0.06103515625,0.341796875,-0.341796875,1.01318359375,0.06103515625,0.1220703125,0.146484375,1.40380859375,0.08544921875,0.0732421875,0.1708984375,0.84228515625,-0.35400390625,-0.5126953125,-0.10986328125,0.10986328125,0,-1.513671875,-0.08544921875,-0.244140625,-0.439453125,-0.3173828125,-0.13427734375,-1.35498046875,-0.0732421875,-0.76904296875,0.048828125,-0.69580078125,-0.0732421875,-0.64697265625,0.03662109375,-0.08544921875,-0.23193359375,-0.7080078125,-0.25634765625,-1.40380859375,-0.01220703125,-1.0009765625,-0.1220703125,0.390625,-0.15869140625,0.29296875,0.0732421875,-0.0732421875,-0.06103515625,0.01220703125,0.0244140625,0.1220703125,-0.048828125,-0.244140625,-0.10986328125,0.67138671875,-0.08544921875,-0.7568359375,-0.01220703125,-0.72021484375
1,0.40283203125,0.0732421875,-0.3662109375,-0.25634765625,-0.28076171875,-0.32958984375,-0.03662109375,0.03662109375,0.03662109375,-0.09765625,-0.13427734375,-0.927734375,-0.0732421875,1.0009765625,-0.3662109375,-0.1953125,-0.244140625,-0.537109375,-0.1220703125,-0.20751953125,0.0244140625,0.89111328125,0.06103515625,-0.59814453125,-0.10986328125,-0.08544921875,0.1220703125,-0.74462890625,0.439453125,0.9521484375,0.01220703125,0.08544921875,-0.048828125,-0.45166015625,0.01220703125,-1.03759765625,-0.50048828125,-0.54931640625,-0.1953125,-0.830078125,-0.6591796875,-0.20751953125,-0.03662109375,-0.67138671875,-0.42724609375,-0.4638671875,-0.52490234375,0.74462890625,0.52490234375,5.40771484375,0.06103515625,4.2724609375,-0.28076171875,6.21337890625,0.3662109375,4.16259765625,-0.15869140625,0.78125,-0.1708984375,0.57373046875,0.40283203125,0.52490234375,-0.439453125,0.244140625,0.1953125,6.06689453125,-0.2685546875,4.96826171875,-0.10986328125,4.01611328125,-0.634765625,8.7890625,-0.0732421875,0.390625,-0.2197265625,1.0498046875,0.13427734375,0.18310546875,0.08544921875,1.50146484375,0.01220703125,0.01220703125,0.244140625,0.78125,-0.32958984375,-0.54931640625,-0.10986328125,0.048828125,-0.03662109375,-1.513671875,-0.10986328125,-0.23193359375,-0.537109375,-0.32958984375,-0.03662109375,-1.35498046875,-0.09765625,-0.7568359375,0.0244140625,-0.7080078125,-0.08544921875,-0.6591796875,0.03662109375,-0.08544921875,-0.18310546875,-0.7080078125,-0.35400390625,-1.416015625,-0.0244140625,-1.01318359375,-0.08544921875,0.390625,-0.146484375,0.29296875,0.0732421875,-0.0732421875,-0.0732421875,0.0244140625,0.01220703125,0.1220703125,-0.06103515625,-0.23193359375,-0.10986328125,0.64697265625,-0.09765625,-0.7568359375,-0.01220703125,-0.7080078125
1,0.3662109375,0.537109375,-0.3662109375,-0.0732421875,-0.244140625,-0.146484375,0,0.1953125,0.0244140625,-0.08544921875,-0.1220703125,-0.89111328125,-0.048828125,1.0009765625,-0.35400390625,-0.1953125,-0.25634765625,-0.57373046875,-0.1220703125,-0.1953125,-0.06103515625,0.89111328125,0.10986328125,-0.5859375,-0.146484375,-0.09765625,0.10986328125,-0.7568359375,0.48828125,0.96435546875,0.0244140625,0.08544921875,-0.0732421875,-0.50048828125,0,-1.07421875,-0.47607421875,-0.62255859375,-0.18310546875,-0.89111328125,-0.76904296875,-0.2197265625,-0.01220703125,-0.64697265625,-0.45166015625,-0.47607421875,-0.4638671875,0.732421875,0.439453125,4.931640625,0.09765625,3.857421875,-0.35400390625,5.4931640625,0.390625,3.77197265625,-0.1708984375,0.7568359375,-0.15869140625,0.57373046875,0.42724609375,0.52490234375,-0.47607421875,0.2197265625,0.09765625,5.6884765625,-0.30517578125,4.65087890625,-0.0244140625,3.7109375,-0.732421875,8.11767578125,-0.2197265625,0.45166015625,-0.18310546875,1.07421875,0.18310546875,0.244140625,0.0244140625,1.59912109375,-0.0244140625,-0.1220703125,0.29296875,0.634765625,-0.1953125,-0.634765625,-0.08544921875,-0.048828125,-0.0244140625,-1.50146484375,-0.13427734375,-0.23193359375,-0.59814453125,-0.30517578125,0.0244140625,-1.35498046875,-0.13427734375,-0.74462890625,0.01220703125,-0.732421875,-0.09765625,-0.67138671875,0.0732421875,-0.0732421875,-0.1220703125,-0.69580078125,-0.4150390625,-1.416015625,-0.0244140625,-1.0009765625,-0.06103515625,0.40283203125,-0.146484375,0.28076171875,0.0244140625,-0.0732421875,-0.06103515625,0.0244140625,0.0244140625,0.1220703125,-0.03662109375,-0.20751953125,-0.10986328125,0.67138671875,-0.03662109375,-0.74462890625,0,-0.69580078125
1,0.35400390625,1.1474609375,-0.390625,0.1953125,-0.2685546875,0.10986328125,-0.0244140625,0.50048828125,0.03662109375,-0.08544921875,-0.10986328125,-0.9033203125,0,1.01318359375,-0.3662109375,-0.20751953125,-0.3173828125,-0.5859375,-0.09765625,-0.20751953125,-0.10986328125,0.87890625,0.146484375,-0.5859375,-0.13427734375,-0.09765625,0.10986328125,-0.76904296875,0.50048828125,0.96435546875,0,0.08544921875,-0.2197265625,-0.57373046875,-0.1220703125,-1.123046875,-0.47607421875,-0.74462890625,-0.2685546875,-0.96435546875,-0.830078125,-0.2685546875,-0.01220703125,-0.64697265625,-0.45166015625,-0.47607421875,-0.390625,0.68359375,0.3662109375,4.39453125,0.08544921875,3.3935546875,-0.439453125,4.69970703125,0.42724609375,3.3447265625,-0.15869140625,0.78125,-0.1708984375,0.5615234375,0.42724609375,0.5126953125,-0.4638671875,0.2197265625,0.06103515625,5.16357421875,-0.341796875,4.2236328125,0.03662109375,3.30810546875,-0.76904296875,7.275390625,-0.244140625,0.52490234375,-0.09765625,1.07421875,0.2685546875,0.341796875,-0.01220703125,1.69677734375,0,-0.29296875,0.32958984375,0.42724609375,-0.1220703125,-0.68359375,-0.0732421875,-0.18310546875,-0.01220703125,-1.4892578125,-0.1220703125,-0.23193359375,-0.62255859375,-0.32958984375,0,-1.3671875,-0.1220703125,-0.72021484375,0.01220703125,-0.74462890625,-0.09765625,-0.62255859375,0.0732421875,-0.06103515625,-0.1708984375,-0.72021484375,-0.45166015625,-1.42822265625,-0.01220703125,-1.0009765625,-0.03662109375,0.37841796875,-0.09765625,0.29296875,-0.01220703125,-0.10986328125,-0.0732421875,0.01220703125,0.03662109375,0.1220703125,-0.048828125,-0.1953125,-0.13427734375,0.6591796875,-0.03662109375,-0.7568359375,-0.0244140625,-0.732421875
1,0.2685546875,1.94091796875,-0.40283203125,0.57373046875,-0.23193359375,0.47607421875,-0.0244140625,0.87890625,0.0244140625,-0.08544921875,-0.1220703125,-0.89111328125,0.01220703125,1.0009765625,-0.390625,-0.15869140625,-0.35400390625,-0.6103515625,-0.048828125,-0.20751953125,-0.1220703125,0.86669921875,0.09765625,-0.57373046875,-0.1220703125,-0.08544921875,0.10986328125,-0.7568359375,0.47607421875,0.96435546875,0.0244140625,0.08544921875,-0.32958984375,-0.6103515625,-0.2197265625,-1.1474609375,-0.45166015625,-0.81787109375,-0.30517578125,-1.03759765625,-0.84228515625,-0.28076171875,-0.06103515625,-0.64697265625,-0.42724609375,-0.47607421875,-0.30517578125,0.67138671875,0.35400390625,3.8818359375,0.09765625,2.9052734375,-0.4638671875,3.8818359375,0.3662109375,2.91748046875,-0.1708984375,0.76904296875,-0.23193359375,0.54931640625,0.4638671875,0.52490234375,-0.50048828125,0.244140625,0.0244140625,4.57763671875,-0.390625,3.7353515625,0.06103515625,2.880859375,-0.76904296875,6.298828125,-0.35400390625,0.67138671875,-0.06103515625,1.11083984375,0.1953125,0.45166015625,-0.06103515625,1.81884765625,-0.0244140625,-0.42724609375,0.2685546875,0.25634765625,-0.048828125,-0.64697265625,-0.09765625,-0.29296875,0,-1.4892578125,-0.1220703125,-0.244140625,-0.59814453125,-0.3173828125,-0.048828125,-1.3671875,-0.09765625,-0.72021484375,0.01220703125,-0.732421875,-0.13427734375,-0.6103515625,0.09765625,-0.0732421875,-0.1708984375,-0.69580078125,-0.439453125,-1.42822265625,-0.01220703125,-1.0009765625,-0.0732421875,0.3662109375,-0.08544921875,0.2685546875,-0.01220703125,-0.08544921875,-0.06103515625,-0.01220703125,0.06103515625,0.1220703125,-0.0244140625,-0.15869140625,-0.1220703125,0.68359375,-0.03662109375,-0.7568359375,0,-0.74462890625
1,0.28076171875,2.8076171875,-0.42724609375,1.03759765625,-0.2197265625,0.84228515625,-0.0244140625,1.33056640625,0.0244140625,-0.09765625,-0.13427734375,-0.9033203125,0.03662109375,1.0009765625,-0.4150390625,-0.15869140625,-0.341796875,-0.62255859375,0,-0.1953125,-0.0732421875,0.84228515625,0.03662109375,-0.57373046875,-0.10986328125,-0.08544921875,0.1708984375,-0.76904296875,0.4150390625,0.927734375,0.09765625,0.09765625,-0.28076171875,-0.57373046875,-0.244140625,-1.123046875,-0.32958984375,-0.84228515625,-0.18310546875,-1.0009765625,-0.81787109375,-0.2685546875,-0.1220703125,-0.6591796875,-0.3662109375,-0.5126953125,-0.28076171875,0.634765625,0.29296875,3.38134765625,0.09765625,2.44140625,-0.5126953125,3.125,0.32958984375,2.490234375,-0.1220703125,0.78125,-0.25634765625,0.537109375,0.48828125,0.52490234375,-0.42724609375,0.2685546875,0.01220703125,3.94287109375,-0.35400390625,3.271484375,0.0732421875,2.4169921875,-0.7568359375,5.28564453125,-0.40283203125,0.84228515625,-0.13427734375,1.1962890625,0.13427734375,0.59814453125,-0.048828125,1.96533203125,0.0244140625,-0.4638671875,0.244140625,0.18310546875,0.03662109375,-0.52490234375,-0.08544921875,-0.28076171875,0.06103515625,-1.50146484375,-0.08544921875,-0.2685546875,-0.5126953125,-0.3173828125,-0.146484375,-1.35498046875,-0.0732421875,-0.7080078125,0,-0.732421875,-0.1708984375,-0.59814453125,0.1220703125,-0.06103515625,-0.1953125,-0.7080078125,-0.42724609375,-1.42822265625,-0.0244140625,-0.98876953125,-0.13427734375,0.3662109375,-0.048828125,0.2685546875,-0.01220703125,-0.08544921875,-0.0732421875,-0.06103515625,0.06103515625,0.13427734375,-0.01220703125,-0.09765625,-0.10986328125,0.68359375,-0.01220703125,-0.74462890625,0,-0.72021484375
1,0.32958984375,3.72314453125,-0.439453125,1.513671875,-0.244140625,1.23291015625,0,1.79443359375,0.01220703125,-0.10986328125,-0.13427734375,-0.9033203125,0.048828125,1.01318359375,-0.439453125,-0.10986328125,-0.3173828125,-0.6103515625,0.03662109375,-0.18310546875,-0.01220703125,0.830078125,0.01220703125,-0.6103515625,-0.09765625,-0.08544921875,0.2197265625,-0.7568359375,0.2685546875,0.93994140625,0.1708984375,0.09765625,-0.341796875,-0.50048828125,-0.28076171875,-1.0009765625,-0.2685546875,-0.79345703125,-0.18310546875,-0.9033203125,-0.78125,-0.25634765625,-0.15869140625,-0.67138671875,-0.25634765625,-0.5126953125,-0.3173828125,0.62255859375,0.28076171875,2.89306640625,0.09765625,2.0263671875,-0.52490234375,2.45361328125,0.25634765625,2.099609375,-0.0732421875,0.79345703125,-0.25634765625,0.52490234375,0.537109375,0.5615234375,-0.341796875,0.244140625,0.03662109375,3.33251953125,-0.29296875,2.8076171875,0.0732421875,1.953125,-0.69580078125,4.30908203125,-0.37841796875,1.03759765625,-0.10986328125,1.2939453125,0.0732421875,0.78125,0.01220703125,2.13623046875,0.08544921875,-0.32958984375,0.1953125,0.29296875,0,-0.244140625,-0.0732421875,-0.15869140625,0.10986328125,-1.4892578125,-0.048828125,-0.28076171875,-0.35400390625,-0.3173828125,-0.2197265625,-1.37939453125,-0.048828125,-0.68359375,-0.0244140625,-0.74462890625,-0.20751953125,-0.5615234375,0.09765625,-0.0732421875,-0.2685546875,-0.732421875,-0.35400390625,-1.42822265625,-0.048828125,-1.0009765625,-0.18310546875,0.37841796875,-0.0244140625,0.28076171875,0,-0.06103515625,-0.0732421875,-0.08544921875,0.048828125,0.13427734375,-0.03662109375,-0.0732421875,-0.10986328125,0.69580078125,-0.0244140625,-0.7568359375,-0.0244140625,-0.69580078125
1,0.37841796875,4.5654296875,-0.439453125,1.96533203125,-0.20751953125,1.611328125,0.0244140625,2.2216796875,-0.01220703125,-0.13427734375,-0.146484375,-0.91552734375,0.08544921875,1.01318359375,-0.42724609375,-0.1220703125,-0.25634765625,-0.6103515625,0.06103515625,-0.1953125,0.01220703125,0.84228515625,-0.0244140625,-0.6103515625,-0.0732421875,-0.10986328125,0.244140625,-0.76904296875,0.13427734375,0.927734375,0.2197265625,0.10986328125,-0.32958984375,-0.3173828125,-0.341796875,-0.84228515625,-0.1708984375,-0.6591796875,-0.09765625,-0.72021484375,-0.6103515625,-0.1708984375,-0.1953125,-0.67138671875,-0.20751953125,-0.52490234375,-0.28076171875,0.62255859375,0.30517578125,2.5146484375,0.0732421875,1.6357421875,-0.537109375,1.85546875,0.1708984375,1.77001953125,-0.03662109375,0.78125,-0.23193359375,0.52490234375,0.537109375,0.537109375,-0.2685546875,0.25634765625,0.048828125,2.7587890625,-0.2197265625,2.40478515625,0.0244140625,1.5380859375,-0.6103515625,3.3935546875,-0.28076171875,1.23291015625,-0.13427734375,1.42822265625,-0.0244140625,0.91552734375,0.10986328125,2.3193359375,0.09765625,-0.01220703125,0.10986328125,0.62255859375,0.06103515625,0.23193359375,-0.08544921875,0.1220703125,0.15869140625,-1.4892578125,-0.01220703125,-0.28076171875,-0.244140625,-0.3173828125,-0.25634765625,-1.3916015625,-0.0244140625,-0.68359375,-0.048828125,-0.68359375,-0.25634765625,-0.57373046875,0.06103515625,-0.0732421875,-0.23193359375,-0.72021484375,-0.30517578125,-1.42822265625,-0.1220703125,-1.0009765625,-0.2685546875,0.37841796875,-0.0244140625,0.29296875,0.03662109375,-0.03662109375,-0.06103515625,-0.0732421875,0.03662109375,0.146484375,-0.03662109375,-0.048828125,-0.13427734375,0.7080078125,-0.01220703125,-0.74462890625,0.01220703125,-0.67138671875
1,0.29296875,5.31005859375,-0.439453125,2.3193359375,-0.20751953125,1.91650390625,0,2.55126953125,-0.01220703125,-0.146484375,-0.146484375,-0.91552734375,0.0732421875,0.98876953125,-0.4150390625,-0.13427734375,-0.23193359375,-0.62255859375,0.0732421875,-0.20751953125,0,0.830078125,-0.01220703125,-0.59814453125,-0.08544921875,-0.10986328125,0.25634765625,-0.78125,0.0244140625,0.9033203125,0.2197265625,0.10986328125,-0.23193359375,-0.0732421875,-0.30517578125,-0.6103515625,-0.01220703125,-0.4638671875,0.048828125,-0.48828125,-0.4638671875,-0.09765625,-0.23193359375,-0.69580078125,-0.15869140625,-0.5126953125,-0.35400390625,0.6103515625,0.28076171875,2.1728515625,0.048828125,1.30615234375,-0.54931640625,1.3671875,0.09765625,1.4892578125,0.01220703125,0.7568359375,-0.2197265625,0.52490234375,0.57373046875,0.54931640625,-0.18310546875,0.244140625,0.08544921875,2.2216796875,-0.13427734375,2.0263671875,0.01220703125,1.1962890625,-0.52490234375,2.62451171875,-0.146484375,1.3916015625,-0.146484375,1.57470703125,-0.1220703125,1.06201171875,0.13427734375,2.45361328125,0.13427734375,0.5126953125,0.06103515625,1.18408203125,0.1708984375,0.96435546875,-0.09765625,0.57373046875,0.2197265625,-1.4892578125,0.048828125,-0.29296875,-0.048828125,-0.32958984375,-0.25634765625,-1.42822265625,-0.06103515625,-0.68359375,-0.01220703125,-0.68359375,-0.23193359375,-0.5859375,0.048828125,-0.06103515625,-0.18310546875,-0.7080078125,-0.1953125,-1.42822265625,-0.18310546875,-1.01318359375,-0.30517578125,0.37841796875,-0.01220703125,0.30517578125,0.06103515625,-0.0244140625,-0.0732421875,-0.06103515625,0.01220703125,0.146484375,-0.0244140625,-0.0244140625,-0.09765625,0.7080078125,-0.01220703125,-0.69580078125,0.01220703125,-0.634765625
1,0.29296875,5.859375,-0.42724609375,2.55126953125,-0.18310546875,2.11181640625,0.0244140625,2.783203125,-0.01220703125,-0.15869140625,-0.146484375,-0.927734375,0.06103515625,1.01318359375,-0.37841796875,-0.18310546875,-0.20751953125,-0.59814453125,0.048828125,-0.20751953125,-0.01220703125,0.8544921875,0.01220703125,-0.62255859375,-0.09765625,-0.1220703125,0.25634765625,-0.79345703125,-0.0732421875,0.91552734375,0.1708984375,0.13427734375,-0.20751953125,0.1953125,-0.35400390625,-0.40283203125,-0.0244140625,-0.23193359375,0.06103515625,-0.23193359375,-0.3173828125,-0.0244140625,-0.1953125,-0.7080078125,-0.08544921875,-0.5126953125,-0.35400390625,0.62255859375,0.32958984375,1.89208984375,0.048828125,1.025390625,-0.5615234375,0.9521484375,-0.01220703125,1.2451171875,-0.01220703125,0.76904296875,-0.2197265625,0.537109375,0.5859375,0.54931640625,-0.146484375,0.25634765625,0.08544921875,1.7822265625,-0.06103515625,1.7578125,0.01220703125,0.86669921875,-0.45166015625,2.001953125,-0.0732421875,1.4892578125,-0.1953125,1.66015625,-0.1953125,1.11083984375,0.1708984375,2.5146484375,0.146484375,1.20849609375,0.03662109375,1.96533203125,0.146484375,1.8310546875,-0.09765625,1.1962890625,0.29296875,-1.47705078125,0.08544921875,-0.2685546875,0.09765625,-0.341796875,-0.2685546875,-1.42822265625,-0.06103515625,-0.69580078125,0,-0.67138671875,-0.2197265625,-0.6103515625,-0.01220703125,-0.08544921875,-0.15869140625,-0.69580078125,-0.048828125,-1.42822265625,-0.20751953125,-1.01318359375,-0.32958984375,0.390625,-0.0244140625,0.3173828125,0.0732421875,-0.0244140625,-0.06103515625,-0.03662109375,0,0.146484375,-0.03662109375,0,-0.08544921875,0.732421875,-0.0244140625,-0.67138671875,0.01220703125,-0.5859375
1,0.30517578125,6.1767578125,-0.42724609375,2.67333984375,-0.15869140625,2.197265625,0.01220703125,2.89306640625,-0.048828125,-0.15869140625,-0.13427734375,-0.93994140625,0.048828125,1.01318359375,-0.341796875,-0.1953125,-0.15869140625,-0.5859375,0.0244140625,-0.20751953125,-0.09765625,0.86669921875,-0.09765625,-0.62255859375,-0.08544921875,-0.146484375,0.23193359375,-0.78125,-0.09765625,0.91552734375,0.08544921875,0.13427734375,-0.08544921875,0.47607421875,-0.29296875,-0.18310546875,0.03662109375,0.0244140625,0.1220703125,0.01220703125,-0.244140625,0.03662109375,-0.20751953125,-0.69580078125,-0.09765625,-0.48828125,-0.45166015625,0.62255859375,0.30517578125,1.66015625,0.06103515625,0.74462890625,-0.5615234375,0.59814453125,-0.146484375,1.0498046875,-0.06103515625,0.7568359375,-0.1708984375,0.54931640625,0.6103515625,0.54931640625,-0.08544921875,0.25634765625,0,1.37939453125,0.06103515625,1.55029296875,0.03662109375,0.634765625,-0.42724609375,1.513671875,-0.0244140625,1.55029296875,-0.244140625,1.6845703125,-0.2685546875,1.1474609375,0.20751953125,2.5634765625,0.09765625,2.01416015625,-0.048828125,2.89306640625,0.20751953125,2.84423828125,-0.1708984375,1.89208984375,0.32958984375,-1.4892578125,0.09765625,-0.2685546875,0.1953125,-0.32958984375,-0.1953125,-1.45263671875,-0.06103515625,-0.7080078125,-0.0244140625,-0.67138671875,-0.23193359375,-0.634765625,-0.01220703125,-0.06103515625,-0.06103515625,-0.7080078125,0.03662109375,-1.45263671875,-0.2197265625,-1.01318359375,-0.35400390625,0.390625,-0.048828125,0.30517578125,0.08544921875,-0.0244140625,-0.08544921875,-0.0244140625,0.01220703125,0.15869140625,-0.03662109375,0.01220703125,-0.08544921875,0.72021484375,0,-0.634765625,0.0244140625,-0.537109375
1,0.341796875,6.25,-0.42724609375,2.685546875,-0.1708984375,2.1728515625,0,2.89306640625,-0.06103515625,-0.146484375,-0.1220703125,-0.9521484375,0.0732421875,1.0009765625,-0.29296875,-0.1953125,-0.15869140625,-0.59814453125,-0.0244140625,-0.20751953125,-0.20751953125,0.86669921875,-0.18310546875,-0.64697265625,-0.146484375,-0.146484375,0.20751953125,-0.76904296875,-0.08544921875,0.91552734375,0.01220703125,0.1220703125,0.0244140625,0.7080078125,-0.15869140625,-0.048828125,0.08544921875,0.23193359375,0.13427734375,0.20751953125,-0.09765625,0.1220703125,-0.1708984375,-0.7080078125,-0.0732421875,-0.4638671875,-0.4638671875,0.64697265625,0.244140625,1.4404296875,0.10986328125,0.50048828125,-0.5859375,0.2685546875,-0.23193359375,0.8544921875,-0.146484375,0.7568359375,-0.1220703125,0.54931640625,0.6591796875,0.52490234375,-0.06103515625,0.244140625,-0.06103515625,1.03759765625,0.09765625,1.3671875,0.048828125,0.439453125,-0.48828125,1.13525390625,-0.03662109375,1.50146484375,-0.28076171875,1.64794921875,-0.28076171875,1.11083984375,0.20751953125,2.50244140625,0.09765625,2.83203125,-0.08544921875,3.86962890625,0.341796875,3.91845703125,-0.18310546875,2.60009765625,0.32958984375,-1.47705078125,0.10986328125,-0.25634765625,0.3173828125,-0.35400390625,-0.13427734375,-1.46484375,-0.0732421875,-0.7080078125,-0.0244140625,-0.67138671875,-0.23193359375,-0.634765625,0,-0.06103515625,-0.048828125,-0.7080078125,0.1220703125,-1.4404296875,-0.23193359375,-1.03759765625,-0.3662109375,0.390625,-0.06103515625,0.30517578125,0.10986328125,-0.0244140625,-0.06103515625,-0.0244140625,0,0.15869140625,-0.048828125,0,-0.06103515625,0.72021484375,-0.01220703125,-0.6103515625,0.0244140625,-0.5126953125
0,0.35400390625,6.09130859375,-0.42724609375,2.587890625,-0.1220703125,2.099609375,0.0244140625,2.8076171875,-0.06103515625,-0.146484375,-0.13427734375,-0.93994140625,0.10986328125,1.0009765625,-0.28076171875,-0.2197265625,-0.1220703125,-0.57373046875,-0.0732421875,-0.1953125,-0.341796875,0.87890625,-0.28076171875,-0.634765625,-0.18310546875,-0.1220703125,0.1708984375,-0.76904296875,-0.0244140625,0.9033203125,-0.03662109375,0.1220703125,0.0732421875,0.87890625,-0.0244140625,0.01220703125,0.1220703125,0.341796875,0.1708984375,0.30517578125,-0.06103515625,0.1708984375,-0.1708984375,-0.69580078125,-0.06103515625,-0.4638671875,-0.42724609375,0.6591796875,0.2197265625,1.20849609375,0.18310546875,0.28076171875,-0.50048828125,-0.0244140625,-0.341796875,0.68359375,-0.1953125,0.74462890625,-0.1220703125,0.54931640625,0.64697265625,0.5126953125,-0.048828125,0.244140625,-0.10986328125,0.72021484375,0.10986328125,1.20849609375,0.06103515625,0.25634765625,-0.5615234375,0.8056640625,0.048828125,1.3671875,-0.35400390625,1.5380859375,-0.1953125,1.025390625,0.23193359375,2.38037109375,0.06103515625,3.6376953125,-0.06103515625,4.79736328125,0.40283203125,4.96826171875,-0.1708984375,3.28369140625,0.30517578125,-1.47705078125,0.146484375,-0.23193359375,0.35400390625,-0.35400390625,-0.03662109375,-1.4404296875,-0.0732421875,-0.69580078125,-0.0244140625,-0.67138671875,-0.23193359375,-0.64697265625,0.0244140625,-0.06103515625,-0.0244140625,-0.69580078125,0.2197265625,-1.42822265625,-0.23193359375,-1.025390625,-0.3662109375,0.37841796875,-0.09765625,0.30517578125,0.13427734375,-0.03662109375,-0.0732421875,-0.01220703125,0.0244140625,0.146484375,-0.0732421875,-0.0244140625,-0.06103515625,0.72021484375,0,-0.64697265625,0.03662109375,-0.50048828125
0,0.2685546875,5.76171875,-0.390625,2.4169921875,-0.10986328125,1.9775390625,0.01220703125,2.64892578125,-0.06103515625,-0.1220703125,-0.1220703125,-0.93994140625,0.13427734375,1.0009765625,-0.2685546875,-0.23193359375,-0.1220703125,-0.57373046875,-0.1220703125,-0.18310546875,-0.45166015625,0.86669921875,-0.341796875,-0.6103515625,-0.28076171875,-0.10986328125,0.1708984375,-0.7568359375,0.048828125,0.91552734375,-0.03662109375,0.09765625,0.15869140625,0.93994140625,0.146484375,0.0244140625,0.15869140625,0.439453125,0.146484375,0.341796875,0,0.2685546875,-0.25634765625,-0.67138671875,-0.03662109375,-0.47607421875,-0.42724609375,0.6591796875,0.1708984375,0.9765625,0.23193359375,0.0732421875,-0.45166015625,-0.29296875,-0.4150390625,0.5126953125,-0.1708984375,0.74462890625,-0.1220703125,0.5615234375,0.634765625,0.48828125,0,0.244140625,-0.0732421875,0.45166015625,0.18310546875,1.08642578125,0.15869140625,0.09765625,-0.52490234375,0.54931640625,0.0732421875,1.220703125,-0.32958984375,1.3671875,-0.15869140625,0.89111328125,0.1220703125,2.24609375,-0.01220703125,4.2724609375,-0.10986328125,5.57861328125,0.341796875,5.8349609375,-0.15869140625,3.84521484375,0.23193359375,-1.47705078125,0.15869140625,-0.244140625,0.4150390625,-0.3662109375,0.01220703125,-1.45263671875,-0.03662109375,-0.7080078125,-0.0244140625,-0.68359375,-0.244140625,-0.6591796875,0.0732421875,-0.06103515625,0,-0.7080078125,0.25634765625,-1.45263671875,-0.2197265625,-1.01318359375,-0.3662109375,0.37841796875,-0.10986328125,0.29296875,0.10986328125,-0.03662109375,-0.06103515625,-0.0244140625,0.03662109375,0.13427734375,-0.10986328125,-0.048828125,-0.048828125,0.67138671875,0.01220703125,-0.64697265625,0.06103515625,-0.5126953125
0,0.1953125,5.31005859375,-0.42724609375,2.2216796875,-0.1220703125,1.79443359375,0,2.47802734375,-0.08544921875,-0.10986328125,-0.09765625,-0.91552734375,0.15869140625,0.98876953125,-0.23193359375,-0.2197265625,-0.15869140625,-0.59814453125,-0.18310546875,-0.1953125,-0.537109375,0.830078125,-0.32958984375,-0.6103515625,-0.37841796875,-0.09765625,0.146484375,-0.76904296875,0.08544921875,0.91552734375,-0.03662109375,0.10986328125,0.146484375,0.91552734375,0.29296875,-0.048828125,0.13427734375,0.40283203125,0.10986328125,0.2685546875,0.03662109375,0.341796875,-0.341796875,-0.6591796875,0.03662109375,-0.47607421875,-0.439453125,0.62255859375,0.09765625,0.76904296875,0.2197265625,-0.09765625,-0.50048828125,-0.52490234375,-0.537109375,0.37841796875,-0.15869140625,0.7568359375,-0.1708984375,0.54931640625,0.6103515625,0.50048828125,0.03662109375,0.244140625,-0.0244140625,0.23193359375,0.23193359375,0.96435546875,0.2197265625,-0.048828125,-0.52490234375,0.29296875,0.0732421875,1.03759765625,-0.2685546875,1.18408203125,-0.0244140625,0.7568359375,0.06103515625,2.08740234375,-0.01220703125,4.7119140625,-0.1220703125,6.1279296875,0.35400390625,6.45751953125,-0.08544921875,4.19921875,0.146484375,-1.50146484375,0.244140625,-0.2197265625,0.50048828125,-0.37841796875,0.09765625,-1.40380859375,-0.03662109375,-0.7080078125,-0.01220703125,-0.69580078125,-0.18310546875,-0.64697265625,0.1220703125,-0.0732421875,0,-0.72021484375,0.30517578125,-1.45263671875,-0.18310546875,-1.03759765625,-0.3662109375,0.35400390625,-0.13427734375,0.28076171875,0.10986328125,-0.048828125,-0.0732421875,-0.03662109375,0.048828125,0.1220703125,-0.08544921875,-0.048828125,-0.0244140625,0.634765625,0,-0.7080078125,0.08544921875,-0.5859375
0,0.1708984375,4.78515625,-0.4638671875,2.001953125,-0.10986328125,1.611328125,0,2.2705078125,-0.0732421875,-0.10986328125,-0.08544921875,-0.91552734375,0.20751953125,1.0009765625,-0.20751953125,-0.18310546875,-0.244140625,-0.59814453125,-0.1708984375,-0.1953125,-0.54931640625,0.86669921875,-0.32958984375,-0.62255859375,-0.4150390625,-0.08544921875,0.13427734375,-0.7568359375,0.09765625,0.91552734375,-0.0244140625,0.10986328125,0.09765625,0.830078125,0.439453125,-0.1708984375,0.10986328125,0.3173828125,0.09765625,0.1220703125,0.06103515625,0.3662109375,-0.42724609375,-0.6591796875,0.048828125,-0.47607421875,-0.390625,0.634765625,0.06103515625,0.57373046875,0.2685546875,-0.23193359375,-0.4638671875,-0.72021484375,-0.5615234375,0.30517578125,-0.146484375,0.78125,-0.146484375,0.54931640625,0.5859375,0.48828125,0.08544921875,0.23193359375,0.01220703125,0,0.2197265625,0.830078125,0.23193359375,-0.15869140625,-0.52490234375,0.0244140625,0.1220703125,0.86669921875,-0.2685546875,1.025390625,0.09765625,0.634765625,0.0244140625,1.96533203125,-0.06103515625,4.89501953125,-0.146484375,6.38427734375,0.37841796875,6.79931640625,-0.08544921875,4.3701171875,0.0732421875,-1.513671875,0.244140625,-0.23193359375,0.54931640625,-0.3662109375,0.15869140625,-1.37939453125,0,-0.7080078125,-0.01220703125,-0.732421875,-0.09765625,-0.6103515625,0.146484375,-0.0732421875,0.0732421875,-0.732421875,0.2685546875,-1.45263671875,-0.10986328125,-1.01318359375,-0.37841796875,0.3662109375,-0.1708984375,0.28076171875,0.0732421875,-0.048828125,-0.06103515625,-0.06103515625,0.03662109375,0.1220703125,-0.1220703125,-0.0732421875,-0.03662109375,0.6103515625,0.048828125,-0.76904296875,0.09765625,-0.634765625
0,0.146484375,4.30908203125,-0.4638671875,1.806640625,-0.10986328125,1.45263671875,-0.03662109375,2.08740234375,-0.1220703125,-0.1220703125,-0.08544921875,-0.9033203125,0.23193359375,1.0009765625,-0.2197265625,-0.20751953125,-0.3173828125,-0.6103515625,-0.18310546875,-0.20751953125,-0.52490234375,0.8544921875,-0.25634765625,-0.6103515625,-0.47607421875,-0.09765625,0.1708984375,-0.76904296875,0.03662109375,0.93994140625,-0.0244140625,0.10986328125,0.0244140625,0.64697265625,0.537109375,-0.30517578125,0.048828125,0.18310546875,0.06103515625,-0.06103515625,0.1220703125,0.42724609375,-0.57373046875,-0.64697265625,0.08544921875,-0.50048828125,-0.341796875,0.59814453125,0.0244140625,0.45166015625,0.28076171875,-0.3173828125,-0.42724609375,-0.86669921875,-0.57373046875,0.2197265625,-0.08544921875,0.79345703125,-0.15869140625,0.52490234375,0.5126953125,0.48828125,0.1708984375,0.25634765625,0.0732421875,-0.1953125,0.18310546875,0.69580078125,0.2197265625,-0.2685546875,-0.52490234375,-0.244140625,0.1220703125,0.74462890625,-0.18310546875,0.9033203125,0.15869140625,0.50048828125,0,1.8310546875,-0.0244140625,4.8828125,-0.146484375,6.35986328125,0.4638671875,6.884765625,-0.0244140625,4.3212890625,-0.048828125,-1.50146484375,0.244140625,-0.2197265625,0.59814453125,-0.35400390625,0.18310546875,-1.35498046875,0.0244140625,-0.68359375,-0.048828125,-0.7080078125,-0.0244140625,-0.59814453125,0.1953125,-0.0732421875,0.13427734375,-0.72021484375,0.23193359375,-1.416015625,-0.048828125,-1.01318359375,-0.35400390625,0.3662109375,-0.18310546875,0.2685546875,0.0732421875,-0.0732421875,-0.0732421875,-0.08544921875,0.0244140625,0.10986328125,-0.1220703125,-0.10986328125,-0.0244140625,0.5859375,0.048828125,-0.81787109375,0.09765625,-0.67138671875
0,0.2197265625,3.8818359375,-0.4638671875,1.66015625,-0.08544921875,1.33056640625,-0.03662109375,1.904296875,-0.1220703125,-0.13427734375,-0.06103515625,-0.927734375,0.2685546875,1.01318359375,-0.1953125,-0.1708984375,-0.390625,-0.62255859375,-0.15869140625,-0.20751953125,-0.4638671875,0.84228515625,-0.18310546875,-0.62255859375,-0.5126953125,-0.08544921875,0.2197265625,-0.76904296875,-0.03662109375,0.9521484375,-0.048828125,0.1220703125,-0.03662109375,0.50048828125,0.62255859375,-0.45166015625,0,0.01220703125,0.03662109375,-0.244140625,0.13427734375,0.439453125,-0.6591796875,-0.64697265625,0.1220703125,-0.52490234375,-0.35400390625,0.57373046875,0.03662109375,0.40283203125,0.2685546875,-0.32958984375,-0.4150390625,-0.927734375,-0.54931640625,0.2197265625,-0.03662109375,0.78125,-0.1953125,0.5126953125,0.42724609375,0.5126953125,0.1708984375,0.244140625,0.0732421875,-0.3662109375,0.1220703125,0.57373046875,0.1708984375,-0.341796875,-0.5126953125,-0.4638671875,-0.06103515625,0.6591796875,-0.3173828125,0.81787109375,0.09765625,0.4150390625,-0.03662109375,1.7822265625,0.0244140625,4.638671875,-0.13427734375,6.09130859375,0.40283203125,6.67724609375,-0.03662109375,4.08935546875,-0.13427734375,-1.513671875,0.244140625,-0.23193359375,0.62255859375,-0.32958984375,0.15869140625,-1.3427734375,0.01220703125,-0.6591796875,-0.048828125,-0.69580078125,0.048828125,-0.59814453125,0.2685546875,-0.08544921875,0.13427734375,-0.7080078125,0.18310546875,-1.45263671875,0,-1.01318359375,-0.37841796875,0.390625,-0.18310546875,0.28076171875,0.048828125,-0.06103515625,-0.06103515625,-0.10986328125,0,0.10986328125,-0.10986328125,-0.10986328125,-0.01220703125,0.5615234375,0.0244140625,-0.9033203125,0.1220703125,-0.72021484375
0,0.2197265625,3.5888671875,-0.47607421875,1.55029296875,-0.048828125,1.23291015625,-0.048828125,1.7822265625,-0.1708984375,-0.1220703125,-0.03662109375,-0.927734375,0.3173828125,1.03759765625,-0.2197265625,-0.18310546875,-0.439453125,-0.62255859375,-0.13427734375,-0.20751953125,-0.35400390625,0.84228515625,-0.10986328125,-0.6103515625,-0.537109375,-0.08544921875,0.29296875,-0.78125,-0.146484375,0.9521484375,-0.08544921875,0.1220703125,-0.08544921875,0.341796875,0.6591796875,-0.57373046875,-0.0732421875,-0.10986328125,0.10986328125,-0.390625,0.18310546875,0.439453125,-0.76904296875,-0.6591796875,0.1953125,-0.52490234375,-0.3662109375,0.5615234375,0.0732421875,0.45166015625,0.28076171875,-0.28076171875,-0.3662109375,-0.91552734375,-0.5615234375,0.2685546875,-0.01220703125,0.79345703125,-0.23193359375,0.52490234375,0.37841796875,0.52490234375,0.10986328125,0.23193359375,0.08544921875,-0.47607421875,0.0732421875,0.5126953125,0.10986328125,-0.37841796875,-0.5126953125,-0.6591796875,-0.09765625,0.59814453125,-0.29296875,0.8056640625,0.18310546875,0.3662109375,0.0732421875,1.74560546875,0.03662109375,4.26025390625,-0.1220703125,5.62744140625,0.30517578125,6.23779296875,-0.08544921875,3.759765625,-0.1708984375,-1.4892578125,0.20751953125,-0.23193359375,0.59814453125,-0.30517578125,0.09765625,-1.318359375,0.06103515625,-0.64697265625,-0.06103515625,-0.7080078125,0.09765625,-0.5859375,0.29296875,-0.06103515625,0.146484375,-0.69580078125,0.10986328125,-1.416015625,0.03662109375,-1.025390625,-0.40283203125,0.37841796875,-0.1953125,0.25634765625,0,-0.048828125,-0.06103515625,-0.13427734375,-0.01220703125,0.13427734375,-0.1220703125,-0.1220703125,-0.01220703125,0.537109375,0.0244140625,-0.91552734375,0.09765625,-0.7568359375
0,0.146484375,3.40576171875,-0.45166015625,1.513671875,-0.06103515625,1.18408203125,-0.0244140625,1.69677734375,-0.1953125,-0.13427734375,-0.048828125,-0.927734375,0.29296875,1.0498046875,-0.23193359375,-0.18310546875,-0.439453125,-0.59814453125,-0.10986328125,-0.1953125,-0.2197265625,0.84228515625,-0.01220703125,-0.59814453125,-0.54931640625,-0.08544921875,0.3173828125,-0.74462890625,-0.23193359375,0.9521484375,-0.0732421875,0.146484375,-0.13427734375,0.25634765625,0.634765625,-0.634765625,-0.15869140625,-0.18310546875,0.10986328125,-0.48828125,0.20751953125,0.4150390625,-0.87890625,-0.68359375,0.20751953125,-0.52490234375,-0.2685546875,0.54931640625,0.15869140625,0.5615234375,0.28076171875,-0.1953125,-0.3173828125,-0.79345703125,-0.52490234375,0.35400390625,0.03662109375,0.78125,-0.23193359375,0.5126953125,0.32958984375,0.52490234375,0.06103515625,0.23193359375,0.08544921875,-0.54931640625,0.01220703125,0.4638671875,0,-0.37841796875,-0.390625,-0.79345703125,-0.146484375,0.57373046875,-0.2197265625,0.8544921875,0.20751953125,0.32958984375,0.18310546875,1.7578125,0.01220703125,3.84521484375,-0.10986328125,5.1025390625,0.18310546875,5.65185546875,-0.13427734375,3.3447265625,-0.15869140625,-1.4892578125,0.18310546875,-0.2197265625,0.537109375,-0.28076171875,0.0732421875,-1.33056640625,0.048828125,-0.6591796875,-0.048828125,-0.7080078125,0.1220703125,-0.5615234375,0.29296875,-0.08544921875,0.13427734375,-0.72021484375,0.06103515625,-1.3916015625,0.048828125,-1.03759765625,-0.37841796875,0.37841796875,-0.18310546875,0.25634765625,-0.0244140625,-0.03662109375,-0.06103515625,-0.13427734375,-0.03662109375,0.15869140625,-0.13427734375,-0.15869140625,-0.03662109375,0.54931640625,0,-0.927734375,0.0732421875,-0.76904296875
0,0.13427734375,3.2958984375,-0.4638671875,1.50146484375,-0.09765625,1.1474609375,-0.06103515625,1.66015625,-0.18310546875,-0.1220703125,-0.06103515625,-0.927734375,0.3173828125,1.0498046875,-0.23193359375,-0.15869140625,-0.40283203125,-0.6103515625,-0.08544921875,-0.1953125,-0.13427734375,0.84228515625,0.0732421875,-0.62255859375,-0.47607421875,-0.08544921875,0.341796875,-0.76904296875,-0.2685546875,0.96435546875,-0.03662109375,0.146484375,-0.10986328125,0.23193359375,0.64697265625,-0.634765625,-0.20751953125,-0.20751953125,0.20751953125,-0.47607421875,0.25634765625,0.35400390625,-0.9521484375,-0.68359375,0.18310546875,-0.537109375,-0.244140625,0.54931640625,0.2685546875,0.7568359375,0.244140625,-0.08544921875,-0.29296875,-0.62255859375,-0.50048828125,0.45166015625,0.048828125,0.78125,-0.1953125,0.50048828125,0.244140625,0.537109375,0.0732421875,0.23193359375,0.13427734375,-0.50048828125,-0.03662109375,0.50048828125,-0.10986328125,-0.3662109375,-0.28076171875,-0.79345703125,-0.2685546875,0.54931640625,-0.35400390625,0.96435546875,0.1220703125,0.30517578125,0.2685546875,1.7578125,-0.01220703125,3.40576171875,-0.06103515625,4.57763671875,0.09765625,5.0537109375,-0.13427734375,2.9541015625,-0.1220703125,-1.47705078125,0.13427734375,-0.2197265625,0.439453125,-0.23193359375,0.048828125,-1.3427734375,0.048828125,-0.6591796875,-0.03662109375,-0.69580078125,0.13427734375,-0.59814453125,0.28076171875,-0.08544921875,0.10986328125,-0.7080078125,-0.0244140625,-1.37939453125,0.10986328125,-1.03759765625,-0.37841796875,0.3662109375,-0.146484375,0.2685546875,-0.048828125,-0.03662109375,-0.0732421875,-0.1220703125,-0.06103515625,0.15869140625,-0.09765625,-0.15869140625,-0.01220703125,0.5615234375,0.01220703125,-0.87890625,0.09765625,-0.78125
0,0.09765625,3.23486328125,-0.4638671875,1.50146484375,-0.0732421875,1.123046875,-0.048828125,1.611328125,-0.1953125,-0.13427734375,-0.0732421875,-0.91552734375,0.28076171875,1.03759765625,-0.244140625,-0.15869140625,-0.390625,-0.5859375,-0.03662109375,-0.1953125,-0.048828125,0.8544921875,0.10986328125,-0.62255859375,-0.42724609375,-0.09765625,0.30517578125,-0.7568359375,-0.2685546875,0.9521484375,-0.01220703125,0.146484375,-0.10986328125,0.2685546875,0.537109375,-0.5859375,-0.25634765625,-0.18310546875,0.30517578125,-0.4150390625,0.23193359375,0.2685546875,-0.96435546875,-0.68359375,0.1708984375,-0.5126953125,-0.13427734375,0.54931640625,0.35400390625,0.9521484375,0.2197265625,0.06103515625,-0.20751953125,-0.439453125,-0.4638671875,0.5859375,0.06103515625,0.79345703125,-0.20751953125,0.52490234375,0.20751953125,0.537109375,-0.01220703125,0.244140625,0.1953125,-0.42724609375,-0.10986328125,0.537109375,-0.2197265625,-0.30517578125,-0.29296875,-0.732421875,-0.1708984375,0.57373046875,-0.341796875,1.0986328125,0.1708984375,0.30517578125,0.40283203125,1.7578125,-0.0244140625,3.03955078125,-0.01220703125,4.150390625,-0.03662109375,4.4921875,-0.08544921875,2.64892578125,-0.06103515625,-1.46484375,0.08544921875,-0.2197265625,0.37841796875,-0.244140625,0.01220703125,-1.3671875,0.06103515625,-0.6591796875,-0.03662109375,-0.68359375,0.146484375,-0.59814453125,0.25634765625,-0.10986328125,0.0732421875,-0.72021484375,-0.06103515625,-1.37939453125,0.1708984375,-1.025390625,-0.40283203125,0.37841796875,-0.1220703125,0.2685546875,-0.048828125,-0.03662109375,-0.0732421875,-0.13427734375,-0.0732421875,0.18310546875,-0.1220703125,-0.1708984375,-0.01220703125,0.59814453125,0.048828125,-0.830078125,0.09765625,-0.7568359375
0,0.09765625,3.18603515625,-0.48828125,1.46484375,-0.0732421875,1.08642578125,-0.06103515625,1.57470703125,-0.18310546875,-0.1220703125,-0.0732421875,-0.927734375,0.29296875,1.025390625,-0.2685546875,-0.1708984375,-0.341796875,-0.57373046875,-0.03662109375,-0.1953125,0.10986328125,0.84228515625,0.1220703125,-0.6103515625,-0.3173828125,-0.1220703125,0.25634765625,-0.76904296875,-0.20751953125,0.96435546875,-0.01220703125,0.146484375,-0.15869140625,0.28076171875,0.4150390625,-0.52490234375,-0.3173828125,-0.146484375,0.32958984375,-0.341796875,0.13427734375,0.1708984375,-0.9033203125,-0.68359375,0.13427734375,-0.48828125,-0.244140625,0.54931640625,0.4150390625,1.15966796875,0.146484375,0.1953125,-0.1220703125,-0.244140625,-0.439453125,0.69580078125,0.01220703125,0.76904296875,-0.18310546875,0.537109375,0.146484375,0.537109375,-0.048828125,0.244140625,0.244140625,-0.29296875,-0.08544921875,0.62255859375,-0.2197265625,-0.2197265625,-0.29296875,-0.57373046875,-0.13427734375,0.54931640625,-0.35400390625,1.1962890625,0.146484375,0.28076171875,0.45166015625,1.7333984375,-0.048828125,2.79541015625,0,3.84521484375,-0.0732421875,4.0771484375,-0.03662109375,2.44140625,-0.0244140625,-1.45263671875,0.0732421875,-0.2197265625,0.2685546875,-0.25634765625,0.0244140625,-1.37939453125,0.0732421875,-0.6591796875,-0.0244140625,-0.69580078125,0.13427734375,-0.634765625,0.18310546875,-0.08544921875,0.0732421875,-0.7080078125,-0.0732421875,-1.3916015625,0.15869140625,-1.03759765625,-0.4150390625,0.40283203125,-0.08544921875,0.2685546875,-0.06103515625,-0.06103515625,-0.0732421875,-0.10986328125,-0.03662109375,0.18310546875,-0.146484375,-0.1708984375,-0.0244140625,0.634765625,0.0244140625,-0.78125,0.09765625,-0.732421875
0,0.09765625,3.1005859375,-0.50048828125,1.40380859375,-0.03662109375,1.03759765625,-0.06103515625,1.513671875,-0.15869140625,-0.1220703125,-0.06103515625,-0.927734375,0.3173828125,1.01318359375,-0.2685546875,-0.1953125,-0.2685546875,-0.57373046875,-0.06103515625,-0.1953125,0.2197265625,0.84228515625,0.09765625,-0.62255859375,-0.2197265625,-0.1220703125,0.15869140625,-0.7568359375,-0.08544921875,0.96435546875,-0.0244140625,0.1220703125,-0.13427734375,0.3173828125,0.40283203125,-0.4638671875,-0.29296875,-0.0732421875,0.48828125,-0.244140625,-0.03662109375,0.03662109375,-0.84228515625,-0.68359375,0.08544921875,-0.4638671875,-0.15869140625,0.57373046875,0.45166015625,1.26953125,0.13427734375,0.28076171875,-0.08544921875,-0.08544921875,-0.42724609375,0.78125,-0.0732421875,0.76904296875,-0.13427734375,0.5615234375,0.10986328125,0.54931640625,-0.0732421875,0.244140625,0.2197265625,-0.1220703125,-0.08544921875,0.76904296875,-0.20751953125,-0.10986328125,-0.37841796875,-0.32958984375,-0.06103515625,0.5615234375,-0.3662109375,1.28173828125,0.146484375,0.2685546875,0.47607421875,1.74560546875,-0.048828125,2.67333984375,0.0732421875,3.7109375,-0.20751953125,3.84521484375,0.048828125,2.38037109375,0.01220703125,-1.45263671875,0.0732421875,-0.23193359375,0.18310546875,-0.28076171875,0.03662109375,-1.3916015625,0.06103515625,-0.67138671875,-0.048828125,-0.68359375,0.1708984375,-0.634765625,0.10986328125,-0.09765625,0.03662109375,-0.7080078125,-0.08544921875,-1.40380859375,0.146484375,-1.03759765625,-0.42724609375,0.390625,-0.0732421875,0.30517578125,-0.048828125,-0.048828125,-0.06103515625,-0.1220703125,-0.03662109375,0.20751953125,-0.13427734375,-0.1708984375,-0.048828125,0.64697265625,0.048828125,-0.7080078125,0.09765625,-0.69580078125
0,0.15869140625,2.91748046875,-0.4638671875,1.28173828125,-0.01220703125,0.9521484375,-0.06103515625,1.40380859375,-0.15869140625,-0.13427734375,-0.06103515625,-0.927734375,0.3173828125,0.98876953125,-0.28076171875,-0.1953125,-0.20751953125,-0.57373046875,-0.048828125,-0.1953125,0.30517578125,0.8544921875,0.06103515625,-0.62255859375,-0.146484375,-0.10986328125,0.09765625,-0.74462890625,0.048828125,0.9521484375,-0.048828125,0.13427734375,-0.18310546875,0.29296875,0.341796875,-0.439453125,-0.28076171875,-0.03662109375,0.5615234375,-0.18310546875,-0.2197265625,-0.0732421875,-0.8056640625,-0.67138671875,0.0244140625,-0.4638671875,-0.25634765625,0.5859375,0.4638671875,1.33056640625,0.18310546875,0.32958984375,-0.06103515625,0.0244140625,-0.35400390625,0.830078125,-0.1220703125,0.76904296875,-0.09765625,0.5615234375,0.08544921875,0.54931640625,-0.10986328125,0.28076171875,0.15869140625,0.08544921875,-0.146484375,0.87890625,-0.2197265625,-0.0244140625,-0.5615234375,-0.10986328125,-0.06103515625,0.57373046875,-0.40283203125,1.33056640625,0.15869140625,0.244140625,0.42724609375,1.708984375,-0.0244140625,2.69775390625,0.0732421875,3.7353515625,-0.341796875,3.7841796875,0.08544921875,2.392578125,0,-1.4404296875,0.03662109375,-0.25634765625,0.0732421875,-0.29296875,0,-1.3671875,0.0732421875,-0.68359375,-0.0732421875,-0.68359375,0.1953125,-0.62255859375,0.048828125,-0.08544921875,-0.0244140625,-0.69580078125,-0.08544921875,-1.3916015625,0.08544921875,-1.01318359375,-0.439453125,0.37841796875,-0.03662109375,0.29296875,-0.03662109375,-0.0732421875,-0.08544921875,-0.13427734375,-0.0244140625,0.1708984375,-0.15869140625,-0.15869140625,-0.03662109375,0.69580078125,0.03662109375,-0.6591796875,0.1220703125,-0.67138671875
1,0.1953125,2.6123046875,-0.45166015625,1.0986328125,0.0244140625,0.8056640625,-0.048828125,1.25732421875,-0.18310546875,-0.1220703125,-0.048828125,-0.927734375,0.35400390625,0.98876953125,-0.25634765625,-0.2197265625,-0.15869140625,-0.6103515625,-0.0732421875,-0.1953125,0.37841796875,0.84228515625,-0.048828125,-0.6103515625,-0.146484375,-0.13427734375,-0.01220703125,-0.74462890625,0.1220703125,0.9521484375,-0.06103515625,0.09765625,-0.20751953125,0.244140625,0.3173828125,-0.48828125,-0.29296875,-0.0732421875,0.5615234375,-0.18310546875,-0.341796875,-0.18310546875,-0.79345703125,-0.6591796875,-0.01220703125,-0.48828125,-0.2685546875,0.6103515625,0.40283203125,1.318359375,0.146484375,0.32958984375,-0.01220703125,0.01220703125,-0.32958984375,0.830078125,-0.20751953125,0.78125,-0.048828125,0.57373046875,0.08544921875,0.5615234375,-0.18310546875,0.30517578125,0.15869140625,0.244140625,-0.10986328125,0.9765625,-0.048828125,0.06103515625,-0.537109375,0.1220703125,0.03662109375,0.62255859375,-0.30517578125,1.3671875,0.244140625,0.2685546875,0.45166015625,1.72119140625,0,2.77099609375,0.08544921875,3.857421875,-0.45166015625,3.84521484375,0.09765625,2.4658203125,-0.048828125,-1.47705078125,0,-0.2685546875,-0.01220703125,-0.30517578125,-0.08544921875,-1.37939453125,0.06103515625,-0.68359375,-0.09765625,-0.69580078125,0.15869140625,-0.62255859375,-0.01220703125,-0.08544921875,-0.09765625,-0.69580078125,-0.08544921875,-1.416015625,-0.0244140625,-1.01318359375,-0.42724609375,0.40283203125,-0.048828125,0.30517578125,-0.03662109375,-0.08544921875,-0.06103515625,-0.1220703125,-0.01220703125,0.15869140625,-0.15869140625,-0.13427734375,-0.048828125,0.67138671875,0.06103515625,-0.64697265625,0.13427734375,-0.67138671875
1,0.244140625,2.16064453125,-0.4638671875,0.87890625,0.01220703125,0.6103515625,-0.09765625,1.06201171875,-0.1953125,-0.146484375,-0.0244140625,-0.93994140625,0.3662109375,0.98876953125,-0.2685546875,-0.23193359375,-0.1220703125,-0.6103515625,-0.08544921875,-0.20751953125,0.3662109375,0.86669921875,-0.1220703125,-0.6103515625,-0.1953125,-0.10986328125,-0.0732421875,-0.7568359375,0.2197265625,0.9521484375,-0.06103515625,0.10986328125,-0.15869140625,0.13427734375,0.29296875,-0.54931640625,-0.244140625,-0.15869140625,0.62255859375,-0.23193359375,-0.439453125,-0.29296875,-0.79345703125,-0.64697265625,0.0244140625,-0.4638671875,-0.32958984375,0.62255859375,0.3173828125,1.23291015625,0.09765625,0.30517578125,-0.048828125,-0.09765625,-0.3662109375,0.78125,-0.30517578125,0.7568359375,-0.03662109375,0.5615234375,0.0732421875,0.57373046875,-0.29296875,0.3173828125,0.1220703125,0.37841796875,-0.15869140625,1.06201171875,0.01220703125,0.146484375,-0.62255859375,0.28076171875,-0.01220703125,0.69580078125,-0.1953125,1.3427734375,0.29296875,0.341796875,0.341796875,1.77001953125,0.01220703125,2.8564453125,0.06103515625,3.9794921875,-0.48828125,3.96728515625,0.06103515625,2.587890625,-0.0244140625,-1.47705078125,-0.03662109375,-0.30517578125,-0.06103515625,-0.32958984375,-0.15869140625,-1.37939453125,0.048828125,-0.68359375,-0.08544921875,-0.68359375,0.13427734375,-0.6103515625,-0.03662109375,-0.0732421875,-0.1953125,-0.72021484375,-0.048828125,-1.416015625,-0.08544921875,-1.0009765625,-0.40283203125,0.37841796875,-0.0244140625,0.28076171875,-0.0244140625,-0.0732421875,-0.0732421875,-0.13427734375,0,0.13427734375,-0.1708984375,-0.09765625,-0.06103515625,0.67138671875,0.048828125,-0.634765625,0.13427734375,-0.64697265625
1,0.32958984375,1.59912109375,-0.4150390625,0.6591796875,0.048828125,0.4150390625,-0.0732421875,0.84228515625,-0.18310546875,-0.1220703125,-0.03662109375,-0.9521484375,0.390625,0.98876953125,-0.25634765625,-0.20751953125,-0.1220703125,-0.62255859375,-0.0732421875,-0.20751953125,0.35400390625,0.8544921875,-0.2197265625,-0.57373046875,-0.25634765625,-0.09765625,-0.1708984375,-0.7568359375,0.2685546875,0.9521484375,-0.03662109375,0.10986328125,-0.10986328125,-0.01220703125,0.1953125,-0.64697265625,-0.25634765625,-0.28076171875,0.6103515625,-0.3173828125,-0.5126953125,-0.35400390625,-0.78125,-0.634765625,0.0732421875,-0.4638671875,-0.32958984375,0.6103515625,0.28076171875,1.123046875,0.09765625,0.23193359375,0.01220703125,-0.1953125,-0.25634765625,0.72021484375,-0.341796875,0.76904296875,-0.06103515625,0.5615234375,0.10986328125,0.57373046875,-0.35400390625,0.341796875,0,0.45166015625,-0.23193359375,1.13525390625,0,0.2197265625,-0.8056640625,0.3662109375,-0.146484375,0.81787109375,-0.09765625,1.33056640625,0.28076171875,0.439453125,0.1953125,1.8798828125,0.01220703125,2.89306640625,0.048828125,4.0771484375,-0.537109375,4.04052734375,0.01220703125,2.57568359375,-0.03662109375,-1.46484375,-0.08544921875,-0.28076171875,-0.10986328125,-0.3662109375,-0.20751953125,-1.3671875,0.0244140625,-0.7080078125,-0.06103515625,-0.7080078125,0.06103515625,-0.6103515625,-0.03662109375,-0.06103515625,-0.2685546875,-0.7080078125,-0.0732421875,-1.40380859375,-0.146484375,-1.01318359375,-0.3662109375,0.40283203125,-0.01220703125,0.2685546875,-0.01220703125,-0.09765625,-0.06103515625,-0.146484375,0.0244140625,0.09765625,-0.146484375,-0.0732421875,-0.03662109375,0.67138671875,0.09765625,-0.64697265625,0.13427734375,-0.64697265625
1,0.32958984375,1.0009765625,-0.42724609375,0.40283203125,0.06103515625,0.1953125,-0.09765625,0.59814453125,-0.18310546875,-0.10986328125,-0.0244140625,-0.93994140625,0.390625,0.98876953125,-0.244140625,-0.18310546875,-0.1708984375,-0.64697265625,-0.08544921875,-0.23193359375,0.2685546875,0.86669921875,-0.2685546875,-0.5859375,-0.32958984375,-0.09765625,-0.23193359375,-0.7568359375,0.30517578125,0.927734375,-0.03662109375,0.10986328125,-0.03662109375,-0.13427734375,0.13427734375,-0.74462890625,-0.28076171875,-0.4150390625,0.5615234375,-0.45166015625,-0.5126953125,-0.37841796875,-0.79345703125,-0.6591796875,0.1220703125,-0.439453125,-0.42724609375,0.5859375,0.1953125,0.98876953125,0.0732421875,0.1708984375,0,-0.35400390625,-0.2197265625,0.6591796875,-0.37841796875,0.7568359375,-0.0244140625,0.537109375,0.146484375,0.57373046875,-0.390625,0.341796875,0.06103515625,0.52490234375,-0.1953125,1.15966796875,0.146484375,0.28076171875,-0.72021484375,0.3662109375,-0.244140625,0.96435546875,0.01220703125,1.35498046875,0.2685546875,0.5615234375,0.10986328125,2.01416015625,0.0244140625,2.8076171875,0.048828125,4.01611328125,-0.48828125,4.0283203125,-0.03662109375,2.5390625,-0.06103515625,-1.47705078125,-0.1708984375,-0.29296875,-0.20751953125,-0.32958984375,-0.2197265625,-1.35498046875,0.01220703125,-0.72021484375,-0.0244140625,-0.7080078125,-0.0244140625,-0.59814453125,-0.01220703125,-0.048828125,-0.25634765625,-0.72021484375,-0.08544921875,-1.40380859375,-0.20751953125,-1.0009765625,-0.29296875,0.390625,-0.01220703125,0.25634765625,0,-0.06103515625,-0.06103515625,-0.13427734375,0,0.08544921875,-0.1953125,-0.048828125,-0.06103515625,0.6591796875,0.15869140625,-0.6591796875,0.1220703125,-0.64697265625
1,0.3662109375,0.40283203125,-0.4150390625,0.18310546875,0.09765625,0,-0.09765625,0.390625,-0.1708984375,-0.1220703125,0,-0.93994140625,0.390625,0.98876953125,-0.20751953125,-0.15869140625,-0.2197265625,-0.64697265625,-0.0732421875,-0.2197265625,0.13427734375,0.89111328125,-0.25634765625,-0.5615234375,-0.42724609375,-0.10986328125,-0.23193359375,-0.76904296875,0.37841796875,0.927734375,-0.06103515625,0.10986328125,0.0244140625,-0.23193359375,0.0244140625,-0.84228515625,-0.30517578125,-0.537109375,0.48828125,-0.52490234375,-0.537109375,-0.40283203125,-0.732421875,-0.634765625,0.20751953125,-0.47607421875,-0.3173828125,0.59814453125,0.10986328125,0.9521484375,0.0244140625,0.10986328125,-0.10986328125,-0.45166015625,-0.1953125,0.59814453125,-0.37841796875,0.76904296875,0,0.52490234375,0.1220703125,0.57373046875,-0.3662109375,0.35400390625,0.01220703125,0.5859375,-0.2685546875,1.15966796875,0.1220703125,0.32958984375,-0.7568359375,0.32958984375,-0.37841796875,1.11083984375,0.08544921875,1.3427734375,0.18310546875,0.7080078125,0.01220703125,2.13623046875,0.06103515625,2.63671875,0.09765625,3.79638671875,-0.341796875,3.77197265625,-0.06103515625,2.3193359375,-0.08544921875,-1.4892578125,-0.20751953125,-0.30517578125,-0.244140625,-0.32958984375,-0.1953125,-1.35498046875,-0.048828125,-0.732421875,0.01220703125,-0.69580078125,-0.08544921875,-0.5859375,0,-0.048828125,-0.2197265625,-0.7080078125,-0.15869140625,-1.3916015625,-0.244140625,-1.0009765625,-0.20751953125,0.40283203125,-0.03662109375,0.2685546875,0.01220703125,-0.06103515625,-0.06103515625,-0.13427734375,0,0.10986328125,-0.2197265625,-0.0244140625,-0.048828125,0.64697265625,0.1708984375,-0.67138671875,0.146484375,-0.6591796875
1,0.3662109375,-0.09765625,-0.37841796875,0,0.09765625,-0.18310546875,-0.10986328125,0.1953125,-0.1220703125,-0.1220703125,0.01220703125,-0.9521484375,0.40283203125,1.0009765625,-0.1708984375,-0.1708984375,-0.2685546875,-0.64697265625,-0.0244140625,-0.2197265625,0.03662109375,0.89111328125,-0.2197265625,-0.5859375,-0.6103515625,-0.10986328125,-0.23193359375,-0.74462890625,0.439453125,0.91552734375,-0.0732421875,0.1220703125,0.10986328125,-0.244140625,-0.0244140625,-0.830078125,-0.244140625,-0.62255859375,0.4638671875,-0.54931640625,-0.537109375,-0.37841796875,-0.78125,-0.6591796875,0.30517578125,-0.45166015625,-0.32958984375,0.5859375,0.048828125,0.9765625,0.03662109375,0.10986328125,-0.0732421875,-0.52490234375,-0.08544921875,0.59814453125,-0.32958984375,0.78125,-0.0244140625,0.52490234375,0.15869140625,0.5859375,-0.439453125,0.30517578125,-0.01220703125,0.6103515625,-0.28076171875,1.18408203125,0.1220703125,0.3662109375,-0.7080078125,0.23193359375,-0.35400390625,1.1962890625,0.1220703125,1.3427734375,0.13427734375,0.8056640625,0.06103515625,2.23388671875,0.06103515625,2.2705078125,0.146484375,3.40576171875,-0.2685546875,3.28369140625,-0.048828125,1.98974609375,-0.13427734375,-1.52587890625,-0.23193359375,-0.29296875,-0.341796875,-0.32958984375,-0.1220703125,-1.3427734375,-0.06103515625,-0.732421875,0.048828125,-0.69580078125,-0.13427734375,-0.59814453125,0,-0.06103515625,-0.13427734375,-0.7080078125,-0.2197265625,-1.3916015625,-0.2685546875,-1.01318359375,-0.146484375,0.37841796875,-0.0732421875,0.25634765625,0,-0.048828125,-0.06103515625,-0.1220703125,0,0.1220703125,-0.25634765625,-0.0244140625,-0.0732421875,0.6591796875,0.15869140625,-0.69580078125,0.1220703125,-0.6591796875
1,0.341796875,-0.42724609375,-0.37841796875,-0.09765625,0.08544921875,-0.2685546875,-0.13427734375,0.0732421875,-0.1220703125,-0.13427734375,0.01220703125,-0.93994140625,0.40283203125,1.01318359375,-0.1220703125,-0.15869140625,-0.35400390625,-0.634765625,0.01220703125,-0.20751953125,-0.06103515625,0.86669921875,-0.15869140625,-0.59814453125,-0.732421875,-0.10986328125,-0.2197265625,-0.76904296875,0.50048828125,0.927734375,-0.13427734375,0.1220703125,0.10986328125,-0.15869140625,-0.1220703125,-0.78125,-0.25634765625,-0.5859375,0.57373046875,-0.5126953125,-0.48828125,-0.3662109375,-0.79345703125,-0.6591796875,0.37841796875,-0.4638671875,-0.1953125,0.57373046875,0,1.08642578125,-0.01220703125,0.18310546875,-0.1220703125,-0.5126953125,-0.1220703125,0.68359375,-0.29296875,0.7568359375,-0.0244140625,0.5126953125,0.20751953125,0.57373046875,-0.439453125,0.3173828125,0.06103515625,0.69580078125,-0.18310546875,1.220703125,0.146484375,0.42724609375,-0.537109375,0.1708984375,-0.341796875,1.220703125,0.13427734375,1.3671875,0.0244140625,0.8544921875,0.06103515625,2.2705078125,0.06103515625,1.7578125,0.20751953125,2.81982421875,-0.15869140625,2.60009765625,-0.048828125,1.5625,-0.13427734375,-1.513671875,-0.25634765625,-0.29296875,-0.439453125,-0.3173828125,-0.0732421875,-1.3671875,-0.08544921875,-0.732421875,0.0732421875,-0.67138671875,-0.146484375,-0.6103515625,0.03662109375,-0.06103515625,-0.08544921875,-0.69580078125,-0.25634765625,-1.40380859375,-0.30517578125,-1.025390625,-0.08544921875,0.3662109375,-0.08544921875,0.2685546875,-0.0244140625,-0.06103515625,-0.06103515625,-0.1220703125,-0.01220703125,0.146484375,-0.25634765625,0,-0.06103515625,0.6591796875,0.18310546875,-0.7080078125,0.146484375,-0.67138671875
1,0.28076171875,-0.54931640625,-0.35400390625,-0.13427734375,0.09765625,-0.30517578125,-0.13427734375,0.03662109375,-0.10986328125,-0.13427734375,0.01220703125,-0.93994140625,0.390625,1.0009765625,-0.0732421875,-0.15869140625,-0.40283203125,-0.6103515625,0.0732421875,-0.20751953125,-0.146484375,0.87890625,-0.10986328125,-0.6103515625,-0.76904296875,-0.1220703125,-0.15869140625,-0.74462890625,0.52490234375,0.927734375,-0.15869140625,0.10986328125,0.08544921875,0.0244140625,-0.18310546875,-0.67138671875,-0.1953125,-0.47607421875,0.634765625,-0.35400390625,-0.47607421875,-0.28076171875,-0.74462890625,-0.6591796875,0.42724609375,-0.45166015625,-0.146484375,0.5859375,-0.0244140625,1.2451171875,-0.048828125,0.30517578125,-0.15869140625,-0.390625,-0.1220703125,0.76904296875,-0.244140625,0.78125,-0.08544921875,0.52490234375,0.1953125,0.5859375,-0.341796875,0.30517578125,0,0.8056640625,-0.1708984375,1.30615234375,0.03662109375,0.5126953125,-0.48828125,0.146484375,-0.29296875,1.1962890625,0.048828125,1.35498046875,-0.048828125,0.84228515625,0.10986328125,2.24609375,0.0732421875,1.1962890625,0.2685546875,2.18505859375,-0.08544921875,1.7822265625,-0.0244140625,1.03759765625,-0.15869140625,-1.513671875,-0.25634765625,-0.244140625,-0.5126953125,-0.30517578125,-0.06103515625,-1.3671875,-0.1220703125,-0.74462890625,0.10986328125,-0.67138671875,-0.15869140625,-0.62255859375,0.06103515625,-0.08544921875,-0.10986328125,-0.69580078125,-0.28076171875,-1.3916015625,-0.29296875,-1.03759765625,-0.06103515625,0.37841796875,-0.1220703125,0.25634765625,-0.03662109375,-0.0732421875,-0.06103515625,-0.10986328125,-0.0244140625,0.15869140625,-0.30517578125,-0.0244140625,-0.06103515625,0.6591796875,0.13427734375,-0.732421875,0.13427734375,-0.64697265625
1,0.25634765625,-0.4150390625,-0.37841796875,-0.03662109375,0.0732421875,-0.244140625,-0.1708984375,0.0732421875,-0.10986328125,-0.13427734375,0,-0.9521484375,0.341796875,1.0009765625,-0.03662109375,-0.1708984375,-0.4638671875,-0.62255859375,0.1220703125,-0.20751953125,-0.1953125,0.8544921875,-0.10986328125,-0.59814453125,-0.7568359375,-0.1220703125,-0.09765625,-0.7568359375,0.5126953125,0.93994140625,-0.18310546875,0.10986328125,-0.01220703125,0.2685546875,-0.28076171875,-0.5126953125,-0.15869140625,-0.3173828125,0.50048828125,-0.1953125,-0.4638671875,-0.2197265625,-0.732421875,-0.64697265625,0.47607421875,-0.439453125,0.01220703125,0.62255859375,-0.03662109375,1.4892578125,-0.0244140625,0.47607421875,-0.10986328125,-0.1953125,-0.1220703125,0.9521484375,-0.20751953125,0.8056640625,-0.08544921875,0.537109375,0.2197265625,0.5615234375,-0.2685546875,0.3173828125,0.0732421875,0.98876953125,-0.13427734375,1.416015625,-0.03662109375,0.5859375,-0.4150390625,0.20751953125,-0.13427734375,1.07421875,0.048828125,1.30615234375,-0.13427734375,0.74462890625,0.13427734375,2.13623046875,0.08544921875,0.62255859375,0.28076171875,1.52587890625,-0.08544921875,0.9033203125,0,0.54931640625,-0.1708984375,-1.513671875,-0.23193359375,-0.23193359375,-0.59814453125,-0.29296875,-0.0732421875,-1.3916015625,-0.09765625,-0.7080078125,0.1220703125,-0.67138671875,-0.20751953125,-0.634765625,0.0732421875,-0.09765625,-0.10986328125,-0.69580078125,-0.29296875,-1.3916015625,-0.28076171875,-1.0498046875,-0.0732421875,0.3662109375,-0.10986328125,0.2685546875,-0.0732421875,-0.048828125,-0.06103515625,-0.10986328125,-0.0244140625,0.1708984375,-0.29296875,-0.06103515625,-0.06103515625,0.64697265625,0.15869140625,-0.732421875,0.15869140625,-0.6591796875
1,0.3173828125,0,-0.390625,0.10986328125,0.06103515625,-0.1220703125,-0.15869140625,0.244140625,-0.09765625,-0.13427734375,0.01220703125,-0.9521484375,0.32958984375,1.01318359375,-0.0244140625,-0.15869140625,-0.48828125,-0.6103515625,0.15869140625,-0.1953125,-0.18310546875,0.84228515625,-0.09765625,-0.59814453125,-0.7080078125,-0.13427734375,-0.06103515625,-0.7568359375,0.4638671875,0.93994140625,-0.1708984375,0.1220703125,-0.09765625,0.47607421875,-0.3662109375,-0.3662109375,-0.10986328125,-0.1220703125,0.59814453125,0.01220703125,-0.4638671875,-0.18310546875,-0.634765625,-0.634765625,0.47607421875,-0.45166015625,0.1220703125,0.64697265625,-0.0732421875,1.7578125,-0.09765625,0.7080078125,-0.2197265625,0.0244140625,-0.23193359375,1.123046875,-0.18310546875,0.79345703125,-0.06103515625,0.5615234375,0.20751953125,0.5859375,-0.18310546875,0.30517578125,0.048828125,1.20849609375,-0.0244140625,1.5380859375,-0.048828125,0.68359375,-0.30517578125,0.32958984375,-0.0732421875,0.91552734375,0.048828125,1.2939453125,-0.20751953125,0.62255859375,0.18310546875,1.9775390625,0.0732421875,0.13427734375,0.3173828125,0.9521484375,-0.06103515625,0.09765625,0.03662109375,0.1220703125,-0.13427734375,-1.4892578125,-0.15869140625,-0.20751953125,-0.59814453125,-0.3173828125,-0.09765625,-1.3916015625,-0.0732421875,-0.7080078125,0.09765625,-0.67138671875,-0.25634765625,-0.634765625,0.10986328125,-0.09765625,-0.15869140625,-0.7080078125,-0.29296875,-1.3916015625,-0.244140625,-1.03759765625,-0.10986328125,0.3662109375,-0.09765625,0.29296875,-0.13427734375,-0.048828125,-0.0732421875,-0.09765625,-0.0244140625,0.18310546875,-0.30517578125,-0.09765625,-0.048828125,0.6591796875,0.18310546875,-0.72021484375,0.13427734375,-0.6591796875
1,0.23193359375,0.67138671875,-0.3662109375,0.40283203125,0.0732421875,0.09765625,-0.15869140625,0.50048828125,-0.08544921875,-0.09765625,0.01220703125,-0.9521484375,0.29296875,1.025390625,-0.03662109375,-0.18310546875,-0.47607421875,-0.6103515625,0.1953125,-0.1953125,-0.10986328125,0.84228515625,-0.146484375,-0.59814453125,-0.62255859375,-0.10986328125,0.01220703125,-0.74462890625,0.40283203125,0.927734375,-0.1220703125,0.09765625,-0.18310546875,0.67138671875,-0.37841796875,-0.25634765625,-0.06103515625,0.0732421875,0.52490234375,0.1708984375,-0.45166015625,-0.1708984375,-0.537109375,-0.59814453125,0.47607421875,-0.439453125,0.1220703125,0.68359375,-0.1220703125,1.98974609375,-0.146484375,0.93994140625,-0.244140625,0.23193359375,-0.2685546875,1.318359375,-0.1953125,0.8056640625,-0.0244140625,0.537109375,0.30517578125,0.5859375,-0.06103515625,0.3173828125,-0.06103515625,1.42822265625,0.08544921875,1.66015625,0.01220703125,0.79345703125,-0.28076171875,0.50048828125,0.01220703125,0.76904296875,0.0244140625,1.318359375,-0.2197265625,0.47607421875,0.244140625,1.8310546875,0.08544921875,-0.2197265625,0.3662109375,0.5126953125,-0.01220703125,-0.52490234375,0.08544921875,-0.1708984375,-0.13427734375,-1.4892578125,-0.03662109375,-0.1953125,-0.537109375,-0.3173828125,-0.13427734375,-1.37939453125,-0.048828125,-0.68359375,0.048828125,-0.67138671875,-0.3173828125,-0.64697265625,0.10986328125,-0.10986328125,-0.18310546875,-0.7080078125,-0.23193359375,-1.3916015625,-0.23193359375,-1.025390625,-0.15869140625,0.3662109375,-0.10986328125,0.28076171875,-0.1953125,-0.06103515625,-0.0732421875,-0.0732421875,0,0.18310546875,-0.29296875,-0.146484375,-0.048828125,0.64697265625,0.2197265625,-0.7080078125,0.1220703125,-0.68359375
1,0.146484375,1.52587890625,-0.35400390625,0.74462890625,0.08544921875,0.40283203125,-0.1708984375,0.8544921875,-0.10986328125,-0.08544921875,0,-0.93994140625,0.30517578125,1.025390625,-0.03662109375,-0.1708984375,-0.42724609375,-0.59814453125,0.18310546875,-0.18310546875,-0.048828125,0.830078125,-0.1953125,-0.59814453125,-0.54931640625,-0.10986328125,0.08544921875,-0.7568359375,0.25634765625,0.91552734375,-0.0732421875,0.10986328125,-0.29296875,0.76904296875,-0.25634765625,-0.2197265625,-0.06103515625,0.18310546875,0.57373046875,0.23193359375,-0.30517578125,-0.1708984375,-0.47607421875,-0.5615234375,0.4638671875,-0.439453125,0.10986328125,0.72021484375,-0.1220703125,2.16064453125,-0.13427734375,1.0986328125,-0.20751953125,0.439453125,-0.32958984375,1.4404296875,-0.23193359375,0.8056640625,0.03662109375,0.52490234375,0.37841796875,0.59814453125,-0.048828125,0.35400390625,-0.09765625,1.6357421875,0.1708984375,1.79443359375,0.06103515625,0.86669921875,-0.23193359375,0.68359375,0.01220703125,0.72021484375,-0.0244140625,1.46484375,-0.23193359375,0.4150390625,0.20751953125,1.7578125,0.1220703125,-0.390625,0.40283203125,0.29296875,0.03662109375,-0.830078125,0.1220703125,-0.29296875,-0.13427734375,-1.50146484375,0.03662109375,-0.1953125,-0.48828125,-0.3173828125,-0.13427734375,-1.3916015625,0,-0.69580078125,-0.0244140625,-0.67138671875,-0.35400390625,-0.64697265625,0.1220703125,-0.1220703125,-0.10986328125,-0.7080078125,-0.2197265625,-1.40380859375,-0.25634765625,-1.0009765625,-0.2197265625,0.37841796875,-0.08544921875,0.2685546875,-0.2197265625,-0.06103515625,-0.0732421875,-0.0732421875,0.0244140625,0.15869140625,-0.28076171875,-0.20751953125,-0.06103515625,0.6591796875,0.2197265625,-0.67138671875,0.09765625,-0.68359375
1,0.18310546875,2.5146484375,-0.30517578125,1.13525390625,0.09765625,0.7568359375,-0.13427734375,1.25732421875,-0.1220703125,-0.09765625,0.01220703125,-0.9521484375,0.30517578125,1.025390625,-0.06103515625,-0.1708984375,-0.341796875,-0.59814453125,0.146484375,-0.18310546875,0.0244140625,0.830078125,-0.20751953125,-0.62255859375,-0.45166015625,-0.08544921875,0.09765625,-0.732421875,0.06103515625,0.93994140625,0,0.10986328125,-0.390625,0.74462890625,-0.146484375,-0.2685546875,-0.03662109375,0.1953125,0.6591796875,0.244140625,-0.13427734375,-0.1953125,-0.37841796875,-0.5126953125,0.4150390625,-0.439453125,0.1953125,0.732421875,-0.13427734375,2.24609375,-0.15869140625,1.20849609375,-0.18310546875,0.537109375,-0.37841796875,1.513671875,-0.29296875,0.8056640625,0.1220703125,0.537109375,0.341796875,0.62255859375,-0.0244140625,0.3662109375,-0.18310546875,1.79443359375,0.1953125,1.86767578125,0.10986328125,0.927734375,-0.2197265625,0.8544921875,0.09765625,0.8056640625,-0.09765625,1.74560546875,-0.10986328125,0.45166015625,0.25634765625,1.84326171875,0.10986328125,-0.30517578125,0.42724609375,0.37841796875,0.0732421875,-0.79345703125,0.1220703125,-0.2197265625,-0.08544921875,-1.50146484375,0.10986328125,-0.2197265625,-0.37841796875,-0.3173828125,-0.146484375,-1.37939453125,0.03662109375,-0.68359375,-0.0732421875,-0.68359375,-0.341796875,-0.634765625,0.09765625,-0.0732421875,-0.08544921875,-0.72021484375,-0.15869140625,-1.416015625,-0.244140625,-0.98876953125,-0.28076171875,0.390625,-0.0732421875,0.25634765625,-0.244140625,-0.0732421875,-0.0732421875,-0.0732421875,0.03662109375,0.13427734375,-0.244140625,-0.23193359375,-0.0732421875,0.6591796875,0.244140625,-0.62255859375,0.08544921875,-0.72021484375
0,0.1953125,3.52783203125,-0.2685546875,1.5380859375,0.08544921875,1.1474609375,-0.15869140625,1.67236328125,-0.146484375,-0.0732421875,0,-0.91552734375,0.28076171875,1.025390625,-0.10986328125,-0.1708984375,-0.2685546875,-0.6103515625,0.146484375,-0.1953125,0.048828125,0.86669921875,-0.1708984375,-0.6103515625,-0.390625,-0.048828125,0.09765625,-0.74462890625,-0.09765625,0.91552734375,0.0732421875,0.1220703125,-0.48828125,0.59814453125,-0.01220703125,-0.40283203125,-0.06103515625,0.08544921875,0.79345703125,0.18310546875,0.0732421875,-0.25634765625,-0.30517578125,-0.47607421875,0.390625,-0.45166015625,0.18310546875,0.78125,-0.18310546875,2.24609375,-0.146484375,1.23291015625,-0.15869140625,0.537109375,-0.45166015625,1.513671875,-0.32958984375,0.79345703125,0.13427734375,0.52490234375,0.390625,0.634765625,0.0244140625,0.3662109375,-0.18310546875,1.86767578125,0.1953125,1.9287109375,0.18310546875,0.96435546875,-0.23193359375,0.93994140625,0.08544921875,1.11083984375,-0.1708984375,2.2216796875,-0.0244140625,0.72021484375,0.15869140625,2.099609375,0.0732421875,0.0244140625,0.42724609375,0.7080078125,0.15869140625,-0.37841796875,0.0732421875,0.09765625,-0.048828125,-1.50146484375,0.15869140625,-0.20751953125,-0.2197265625,-0.341796875,-0.146484375,-1.3671875,0.06103515625,-0.69580078125,-0.13427734375,-0.7080078125,-0.30517578125,-0.634765625,0.0732421875,-0.06103515625,-0.01220703125,-0.69580078125,-0.09765625,-1.40380859375,-0.244140625,-0.98876953125,-0.29296875,0.37841796875,-0.06103515625,0.23193359375,-0.244140625,-0.048828125,-0.08544921875,-0.06103515625,0.06103515625,0.13427734375,-0.2197265625,-0.244140625,-0.048828125,0.6103515625,0.25634765625,-0.48828125,0.0732421875,-0.732421875
0,0.2197265625,4.50439453125,-0.244140625,1.94091796875,0.10986328125,1.50146484375,-0.146484375,2.08740234375,-0.1220703125,-0.08544921875,-0.0244140625,-0.93994140625,0.25634765625,1.025390625,-0.10986328125,-0.18310546875,-0.2197265625,-0.62255859375,0.1220703125,-0.20751953125,0.03662109375,0.86669921875,-0.1953125,-0.6103515625,-0.341796875,0,0.1220703125,-0.72021484375,-0.1953125,0.91552734375,0.08544921875,0.1220703125,-0.45166015625,0.390625,0.10986328125,-0.5859375,-0.0732421875,-0.09765625,0.9765625,0.10986328125,0.2685546875,-0.30517578125,-0.1708984375,-0.439453125,0.341796875,-0.45166015625,0.1220703125,0.8056640625,-0.18310546875,2.13623046875,-0.1220703125,1.18408203125,-0.146484375,0.439453125,-0.5859375,1.47705078125,-0.341796875,0.7568359375,0.13427734375,0.54931640625,0.3662109375,0.634765625,0.048828125,0.390625,-0.15869140625,1.8798828125,0.23193359375,1.91650390625,0.2197265625,0.9765625,-0.244140625,0.98876953125,0.06103515625,1.66015625,-0.18310546875,2.96630859375,0.048828125,1.15966796875,0.03662109375,2.60009765625,0.06103515625,0.5615234375,0.42724609375,1.2939453125,0.28076171875,0.35400390625,0.03662109375,0.57373046875,-0.01220703125,-1.50146484375,0.146484375,-0.2197265625,-0.0732421875,-0.341796875,-0.10986328125,-1.3671875,0.048828125,-0.69580078125,-0.1953125,-0.69580078125,-0.2685546875,-0.67138671875,0.03662109375,-0.03662109375,0.06103515625,-0.69580078125,-0.048828125,-1.3916015625,-0.2197265625,-0.96435546875,-0.3173828125,0.4150390625,-0.06103515625,0.23193359375,-0.25634765625,-0.0732421875,-0.06103515625,-0.06103515625,0.06103515625,0.10986328125,-0.1953125,-0.23193359375,-0.03662109375,0.634765625,0.13427734375,-0.30517578125,0.08544921875,-0.74462890625
0,0.1953125,5.3466796875,-0.2197265625,2.25830078125,0.09765625,1.85546875,-0.146484375,2.45361328125,-0.13427734375,-0.09765625,-0.01220703125,-0.93994140625,0.2197265625,1.01318359375,-0.10986328125,-0.1953125,-0.15869140625,-0.634765625,0.08544921875,-0.2197265625,-0.0732421875,0.89111328125,-0.2685546875,-0.59814453125,-0.30517578125,0.03662109375,0.0732421875,-0.74462890625,-0.2685546875,0.91552734375,0.048828125,0.10986328125,-0.390625,0.15869140625,0.15869140625,-0.7080078125,-0.03662109375,-0.28076171875,1.06201171875,0.08544921875,0.3173828125,-0.341796875,-0.10986328125,-0.42724609375,0.32958984375,-0.45166015625,0.0732421875,0.81787109375,-0.20751953125,2.01416015625,-0.09765625,1.06201171875,-0.09765625,0.23193359375,-0.68359375,1.3427734375,-0.28076171875,0.7568359375,0.13427734375,0.52490234375,0.28076171875,0.634765625,0.15869140625,0.37841796875,-0.10986328125,1.79443359375,0.28076171875,1.85546875,0.28076171875,0.91552734375,-0.1953125,0.89111328125,0.10986328125,2.44140625,-0.18310546875,3.90625,0.146484375,1.81884765625,-0.0244140625,3.369140625,0.01220703125,1.23291015625,0.390625,2.05078125,0.29296875,1.3671875,-0.0244140625,1.18408203125,0,-1.4892578125,0.09765625,-0.23193359375,0.0732421875,-0.341796875,-0.048828125,-1.33056640625,0.0244140625,-0.68359375,-0.1953125,-0.69580078125,-0.244140625,-0.6591796875,0.0244140625,-0.01220703125,0.08544921875,-0.7080078125,0.0244140625,-1.40380859375,-0.1708984375,-0.96435546875,-0.3173828125,0.40283203125,-0.03662109375,0.244140625,-0.23193359375,-0.0732421875,-0.06103515625,-0.06103515625,0.06103515625,0.09765625,-0.18310546875,-0.146484375,-0.048828125,0.67138671875,0.08544921875,-0.06103515625,0.08544921875,-0.69580078125
0,0.09765625,5.96923828125,-0.2197265625,2.5146484375,0.13427734375,2.11181640625,-0.10986328125,2.72216796875,-0.146484375,-0.13427734375,-0.01220703125,-0.93994140625,0.18310546875,1.0009765625,-0.08544921875,-0.18310546875,-0.1220703125,-0.64697265625,0.0732421875,-0.2197265625,-0.1953125,0.86669921875,-0.30517578125,-0.6103515625,-0.29296875,0.08544921875,-0.03662109375,-0.732421875,-0.28076171875,0.9033203125,0,0.10986328125,-0.341796875,0.03662109375,0.2197265625,-0.76904296875,-0.048828125,-0.40283203125,1.07421875,0.23193359375,0.40283203125,-0.35400390625,-0.0244140625,-0.4150390625,0.32958984375,-0.439453125,0.09765625,0.830078125,-0.244140625,1.85546875,-0.048828125,0.89111328125,-0.09765625,0.01220703125,-0.79345703125,1.20849609375,-0.2685546875,0.74462890625,0.13427734375,0.52490234375,0.18310546875,0.62255859375,0.28076171875,0.35400390625,-0.03662109375,1.67236328125,0.23193359375,1.806640625,0.25634765625,0.84228515625,-0.1220703125,0.74462890625,0.048828125,3.40576171875,-0.20751953125,5.04150390625,0.146484375,2.64892578125,-0.15869140625,4.30908203125,-0.0244140625,2.05078125,0.32958984375,2.9541015625,0.2685546875,2.5146484375,-0.10986328125,1.904296875,0.0732421875,-1.47705078125,0.0244140625,-0.244140625,0.23193359375,-0.341796875,-0.0244140625,-1.318359375,0.0244140625,-0.69580078125,-0.20751953125,-0.68359375,-0.18310546875,-0.6591796875,0.0244140625,-0.01220703125,0.10986328125,-0.72021484375,0.08544921875,-1.40380859375,-0.15869140625,-0.98876953125,-0.32958984375,0.390625,-0.03662109375,0.23193359375,-0.244140625,-0.0732421875,-0.06103515625,-0.048828125,0.03662109375,0.0732421875,-0.18310546875,-0.0244140625,-0.08544921875,0.732421875,0.048828125,0.244140625,0.0732421875,-0.6103515625
0,0.03662109375,6.35986328125,-0.20751953125,2.72216796875,0.1708984375,2.2705078125,-0.1220703125,2.89306640625,-0.15869140625,-0.13427734375,0.01220703125,-0.9521484375,0.146484375,1.025390625,-0.06103515625,-0.1708984375,-0.1220703125,-0.634765625,0.03662109375,-0.23193359375,-0.3173828125,0.86669921875,-0.390625,-0.6103515625,-0.3173828125,0.1220703125,-0.10986328125,-0.74462890625,-0.2197265625,0.91552734375,-0.048828125,0.1220703125,-0.2685546875,0.03662109375,0.25634765625,-0.72021484375,-0.048828125,-0.4150390625,1.123046875,0.5615234375,0.42724609375,-0.3662109375,-0.13427734375,-0.45166015625,0.3662109375,-0.439453125,0.09765625,0.8056640625,-0.25634765625,1.69677734375,-0.03662109375,0.74462890625,-0.0244140625,-0.1953125,-0.86669921875,1.06201171875,-0.244140625,0.732421875,0.1220703125,0.5126953125,0.06103515625,0.59814453125,0.29296875,0.35400390625,-0.0244140625,1.52587890625,0.15869140625,1.72119140625,0.20751953125,0.78125,-0.09765625,0.57373046875,-0.0244140625,4.4677734375,-0.0732421875,6.3232421875,0.1708984375,3.52783203125,-0.146484375,5.35888671875,-0.0732421875,2.8564453125,0.20751953125,3.90625,0.32958984375,3.72314453125,-0.13427734375,2.60009765625,0.048828125,-1.4892578125,-0.048828125,-0.2685546875,0.3662109375,-0.30517578125,0.01220703125,-1.2939453125,-0.01220703125,-0.7080078125,-0.146484375,-0.69580078125,-0.15869140625,-0.6591796875,0.03662109375,-0.01220703125,0.15869140625,-0.69580078125,0.15869140625,-1.416015625,-0.146484375,-0.98876953125,-0.3173828125,0.390625,-0.0244140625,0.23193359375,-0.23193359375,-0.048828125,-0.06103515625,-0.03662109375,0.01220703125,0.08544921875,-0.146484375,0.10986328125,-0.03662109375,0.8056640625,0.09765625,0.634765625,0.0732421875,-0.47607421875
0,0.01220703125,6.45751953125,-0.15869140625,2.8076171875,0.1708984375,2.33154296875,-0.10986328125,2.96630859375,-0.15869140625,-0.146484375,0,-0.927734375,0.09765625,1.01318359375,-0.03662109375,-0.15869140625,-0.13427734375,-0.64697265625,-0.01220703125,-0.23193359375,-0.42724609375,0.86669921875,-0.42724609375,-0.6103515625,-0.341796875,0.18310546875,-0.2197265625,-0.76904296875,-0.15869140625,0.91552734375,-0.0732421875,0.10986328125,-0.1953125,0.1953125,0.390625,-0.5126953125,-0.01220703125,-0.30517578125,0.9033203125,1.15966796875,0.40283203125,-0.3173828125,-0.18310546875,-0.5126953125,0.37841796875,-0.45166015625,0.0732421875,0.8056640625,-0.25634765625,1.5625,-0.03662109375,0.5859375,0.06103515625,-0.37841796875,-0.86669921875,0.9765625,-0.1953125,0.732421875,0.09765625,0.52490234375,0.048828125,0.57373046875,0.37841796875,0.341796875,0,1.3671875,0.1220703125,1.62353515625,0.15869140625,0.72021484375,-0.06103515625,0.40283203125,-0.146484375,5.517578125,-0.048828125,7.5927734375,0.15869140625,4.40673828125,-0.15869140625,6.40869140625,-0.08544921875,3.62548828125,0.1220703125,4.78515625,0.4150390625,4.89501953125,-0.08544921875,3.2470703125,0.0244140625,-1.4892578125,-0.0732421875,-0.25634765625,0.48828125,-0.30517578125,0.0732421875,-1.28173828125,-0.03662109375,-0.732421875,-0.1220703125,-0.68359375,-0.10986328125,-0.6591796875,0.06103515625,-0.01220703125,0.1708984375,-0.69580078125,0.244140625,-1.42822265625,-0.146484375,-1.0009765625,-0.28076171875,0.4150390625,-0.0244140625,0.25634765625,-0.2197265625,-0.03662109375,-0.06103515625,-0.06103515625,0.0244140625,0.09765625,-0.146484375,0.28076171875,-0.0732421875,0.9521484375,0.146484375,1.08642578125,0.048828125,-0.30517578125
0,-0.01220703125,6.28662109375,-0.146484375,2.77099609375,0.15869140625,2.28271484375,-0.146484375,2.91748046875,-0.15869140625,-0.146484375,-0.0244140625,-0.93994140625,0.08544921875,1.025390625,0.01220703125,-0.146484375,-0.15869140625,-0.62255859375,-0.0244140625,-0.20751953125,-0.537109375,0.87890625,-0.439453125,-0.6103515625,-0.35400390625,0.1953125,-0.32958984375,-0.7568359375,-0.048828125,0.91552734375,-0.08544921875,0.10986328125,-0.2685546875,0.57373046875,0.48828125,-0.1708984375,0.0244140625,-0.01220703125,0.67138671875,2.001953125,0.4638671875,-0.25634765625,-0.28076171875,-0.57373046875,0.4638671875,-0.45166015625,-0.03662109375,0.76904296875,-0.244140625,1.46484375,-0.06103515625,0.4638671875,0.03662109375,-0.439453125,-0.8544921875,0.91552734375,-0.09765625,0.74462890625,0.0732421875,0.537109375,-0.0244140625,0.5615234375,0.42724609375,0.32958984375,0.0244140625,1.2451171875,0.09765625,1.55029296875,0.0732421875,0.68359375,0.0244140625,0.25634765625,-0.20751953125,6.45751953125,-0.03662109375,8.7646484375,0.1708984375,5.2001953125,-0.01220703125,7.33642578125,-0.06103515625,4.30908203125,0.03662109375,5.60302734375,0.32958984375,5.9326171875,0,3.84521484375,-0.01220703125,-1.46484375,-0.08544921875,-0.28076171875,0.57373046875,-0.30517578125,0.1220703125,-1.28173828125,-0.03662109375,-0.732421875,-0.0732421875,-0.6591796875,-0.03662109375,-0.64697265625,0.0732421875,-0.0244140625,0.2197265625,-0.69580078125,0.23193359375,-1.45263671875,-0.20751953125,-1.025390625,-0.244140625,0.390625,-0.01220703125,0.28076171875,-0.1953125,-0.0244140625,-0.06103515625,-0.048828125,0,0.1220703125,-0.13427734375,0.5126953125,-0.048828125,1.08642578125,0.244140625,1.55029296875,0.048828125,-0.09765625
0,-0.03662109375,5.87158203125,-0.146484375,2.6123046875,0.13427734375,2.11181640625,-0.146484375,2.74658203125,-0.10986328125,-0.13427734375,-0.01220703125,-0.927734375,0.06103515625,1.025390625,0.048828125,-0.15869140625,-0.23193359375,-0.634765625,-0.0732421875,-0.20751953125,-0.5615234375,0.86669921875,-0.3662109375,-0.59814453125,-0.3662109375,0.244140625,-0.37841796875,-0.78125,-0.048828125,0.927734375,-0.0732421875,0.09765625,-0.29296875,1.11083984375,0.5615234375,0.30517578125,0.09765625,0.4150390625,0.68359375,3.01513671875,0.439453125,-0.20751953125,-0.3662109375,-0.634765625,0.5615234375,-0.4638671875,0.08544921875,0.7568359375,-0.1953125,1.42822265625,-0.048828125,0.42724609375,0.10986328125,-0.439453125,-0.78125,0.9033203125,-0.03662109375,0.74462890625,0.03662109375,0.54931640625,-0.09765625,0.57373046875,0.4638671875,0.32958984375,0.0244140625,1.13525390625,-0.03662109375,1.47705078125,-0.13427734375,0.634765625,-0.03662109375,0.1708984375,-0.25634765625,7.21435546875,-0.10986328125,9.716796875,0.1220703125,5.79833984375,0.10986328125,8.0810546875,-0.0244140625,4.87060546875,-0.048828125,6.25,0.29296875,6.72607421875,0.03662109375,4.3212890625,-0.08544921875,-1.45263671875,-0.09765625,-0.28076171875,0.62255859375,-0.2685546875,0.15869140625,-1.30615234375,-0.03662109375,-0.74462890625,-0.06103515625,-0.64697265625,0.0244140625,-0.6591796875,0.06103515625,-0.048828125,0.244140625,-0.68359375,0.23193359375,-1.4404296875,-0.2197265625,-1.025390625,-0.20751953125,0.3662109375,-0.048828125,0.29296875,-0.1708984375,-0.0244140625,-0.0732421875,-0.01220703125,0.01220703125,0.15869140625,-0.1220703125,0.68359375,-0.048828125,1.25732421875,0.30517578125,2.001953125,0.0732421875,0.146484375
0,-0.048828125,5.2490234375,-0.13427734375,2.34375,0.13427734375,1.85546875,-0.1708984375,2.490234375,-0.08544921875,-0.13427734375,0,-0.9033203125,0.03662109375,1.025390625,0.0732421875,-0.15869140625,-0.28076171875,-0.634765625,-0.08544921875,-0.18310546875,-0.52490234375,0.87890625,-0.341796875,-0.59814453125,-0.4150390625,0.23193359375,-0.40283203125,-0.79345703125,-0.03662109375,0.9033203125,-0.09765625,0.08544921875,-0.30517578125,1.77001953125,0.67138671875,0.8056640625,0.15869140625,0.927734375,0.5126953125,4.1748046875,0.4150390625,-0.15869140625,-0.40283203125,-0.7080078125,0.6591796875,-0.47607421875,0.048828125,0.732421875,-0.15869140625,1.42822265625,-0.146484375,0.439453125,0.06103515625,-0.341796875,-0.81787109375,0.91552734375,0,0.7568359375,0.03662109375,0.54931640625,-0.08544921875,0.57373046875,0.4638671875,0.3662109375,0.15869140625,1.0498046875,-0.01220703125,1.45263671875,-0.15869140625,0.59814453125,0.048828125,0.13427734375,-0.2685546875,7.666015625,-0.1953125,10.31494140625,0.06103515625,6.15234375,0.18310546875,8.5205078125,-0.0244140625,5.23681640625,-0.13427734375,6.689453125,0.25634765625,7.28759765625,0.03662109375,4.6142578125,-0.15869140625,-1.45263671875,-0.10986328125,-0.28076171875,0.6591796875,-0.28076171875,0.146484375,-1.35498046875,-0.0244140625,-0.732421875,-0.03662109375,-0.6591796875,0.06103515625,-0.6591796875,0.09765625,-0.048828125,0.244140625,-0.69580078125,0.25634765625,-1.46484375,-0.25634765625,-1.01318359375,-0.15869140625,0.35400390625,-0.0732421875,0.3173828125,-0.15869140625,-0.0244140625,-0.06103515625,-0.0244140625,0,0.15869140625,-0.13427734375,0.8544921875,-0.048828125,1.3916015625,0.2685546875,2.45361328125,0.048828125,0.3662109375
0,-0.06103515625,4.50439453125,-0.13427734375,2.01416015625,0.1220703125,1.55029296875,-0.18310546875,2.13623046875,-0.0732421875,-0.146484375,0.01220703125,-0.927734375,0.048828125,1.025390625,0.08544921875,-0.1708984375,-0.32958984375,-0.6103515625,-0.06103515625,-0.18310546875,-0.45166015625,0.86669921875,-0.28076171875,-0.5859375,-0.4150390625,0.20751953125,-0.37841796875,-0.8056640625,-0.08544921875,0.927734375,-0.1708984375,0.09765625,-0.35400390625,2.4658203125,0.6591796875,1.2939453125,0.15869140625,1.47705078125,0.341796875,5.3466796875,0.37841796875,-0.15869140625,-0.42724609375,-0.74462890625,0.76904296875,-0.48828125,0.048828125,0.68359375,-0.0732421875,1.42822265625,-0.23193359375,0.50048828125,-0.03662109375,-0.2197265625,-0.7568359375,0.9521484375,-0.03662109375,0.78125,0.048828125,0.57373046875,-0.1220703125,0.5859375,0.390625,0.35400390625,0.146484375,0.9765625,0.03662109375,1.37939453125,-0.20751953125,0.5615234375,0.0732421875,0.146484375,-0.20751953125,7.7880859375,-0.10986328125,10.595703125,0.0244140625,6.21337890625,0.29296875,8.60595703125,-0.0244140625,5.37109375,-0.1953125,6.884765625,0.20751953125,7.50732421875,0.01220703125,4.736328125,-0.2197265625,-1.47705078125,-0.146484375,-0.2685546875,0.6591796875,-0.29296875,0.08544921875,-1.3671875,0.01220703125,-0.7568359375,-0.0244140625,-0.64697265625,0.06103515625,-0.6591796875,0.1220703125,-0.08544921875,0.20751953125,-0.68359375,0.244140625,-1.46484375,-0.25634765625,-1.03759765625,-0.1220703125,0.37841796875,-0.13427734375,0.32958984375,-0.1708984375,-0.03662109375,-0.06103515625,0.01220703125,0,0.18310546875,-0.13427734375,1.025390625,-0.048828125,1.4892578125,0.23193359375,2.8076171875,0.048828125,0.537109375
0,-0.06103515625,3.69873046875,-0.10986328125,1.62353515625,0.1708984375,1.20849609375,-0.20751953125,1.74560546875,-0.0244140625,-0.10986328125,0.06103515625,-0.927734375,0.06103515625,1.0498046875,0.06103515625,-0.18310546875,-0.32958984375,-0.59814453125,-0.06103515625,-0.1953125,-0.32958984375,0.86669921875,-0.2685546875,-0.57373046875,-0.40283203125,0.15869140625,-0.341796875,-0.8056640625,-0.1953125,0.927734375,-0.23193359375,0.08544921875,-0.32958984375,3.1005859375,0.732421875,1.74560546875,0.146484375,1.953125,0.45166015625,6.43310546875,0.3662109375,-0.15869140625,-0.439453125,-0.76904296875,0.84228515625,-0.50048828125,0.08544921875,0.62255859375,0.0244140625,1.47705078125,-0.1953125,0.5859375,0.048828125,-0.08544921875,-0.6103515625,0.9765625,-0.01220703125,0.76904296875,0.09765625,0.54931640625,-0.0732421875,0.59814453125,0.30517578125,0.341796875,0.13427734375,0.89111328125,-0.0244140625,1.318359375,-0.30517578125,0.5126953125,-0.06103515625,0.1953125,-0.0732421875,7.6171875,-0.03662109375,10.43701171875,0.03662109375,6.04248046875,0.40283203125,8.43505859375,-0.01220703125,5.33447265625,-0.2197265625,6.8603515625,0.20751953125,7.470703125,-0.0244140625,4.65087890625,-0.244140625,-1.47705078125,-0.13427734375,-0.2685546875,0.57373046875,-0.30517578125,0.06103515625,-1.40380859375,0.06103515625,-0.74462890625,-0.01220703125,-0.6591796875,0,-0.6591796875,0.15869140625,-0.08544921875,0.18310546875,-0.69580078125,0.244140625,-1.45263671875,-0.25634765625,-1.03759765625,-0.09765625,0.37841796875,-0.18310546875,0.341796875,-0.15869140625,-0.06103515625,-0.06103515625,0.01220703125,-0.0244140625,0.1708984375,-0.15869140625,1.13525390625,-0.03662109375,1.611328125,0.244140625,3.076171875,0.06103515625,0.68359375
0,-0.0732421875,2.9052734375,-0.08544921875,1.23291015625,0.1953125,0.87890625,-0.1953125,1.37939453125,0.01220703125,-0.09765625,0.0732421875,-0.9521484375,0.03662109375,1.03759765625,0.06103515625,-0.20751953125,-0.3173828125,-0.5859375,-0.03662109375,-0.20751953125,-0.244140625,0.86669921875,-0.15869140625,-0.59814453125,-0.35400390625,0.0732421875,-0.29296875,-0.79345703125,-0.29296875,0.927734375,-0.25634765625,0.08544921875,-0.3173828125,3.6376953125,0.74462890625,2.0751953125,0.146484375,2.35595703125,0.45166015625,7.33642578125,0.4150390625,-0.18310546875,-0.40283203125,-0.7568359375,0.830078125,-0.5126953125,0.0732421875,0.57373046875,0.09765625,1.47705078125,-0.29296875,0.634765625,0.0244140625,0.0244140625,-0.5615234375,0.98876953125,-0.03662109375,0.78125,0.15869140625,0.5615234375,-0.0732421875,0.6103515625,0.244140625,0.341796875,0.146484375,0.8056640625,0.048828125,1.28173828125,-0.2197265625,0.4638671875,-0.0244140625,0.2685546875,0.01220703125,7.18994140625,-0.10986328125,9.94873046875,0.0732421875,5.65185546875,0.45166015625,7.9833984375,-0.01220703125,5.0537109375,-0.2197265625,6.60400390625,0.18310546875,7.14111328125,-0.048828125,4.4189453125,-0.25634765625,-1.47705078125,-0.09765625,-0.28076171875,0.47607421875,-0.3173828125,0.06103515625,-1.416015625,0.0732421875,-0.732421875,0,-0.67138671875,-0.048828125,-0.6591796875,0.1953125,-0.0732421875,0.146484375,-0.7080078125,0.20751953125,-1.45263671875,-0.244140625,-1.01318359375,-0.08544921875,0.3662109375,-0.23193359375,0.341796875,-0.146484375,-0.06103515625,-0.06103515625,0.03662109375,-0.03662109375,0.1708984375,-0.15869140625,1.1962890625,-0.01220703125,1.64794921875,0.3173828125,3.23486328125,0.06103515625,0.7568359375
0,-0.08544921875,2.1484375,-0.06103515625,0.89111328125,0.1953125,0.5859375,-0.2197265625,1.01318359375,0,-0.09765625,0.09765625,-0.93994140625,0.06103515625,1.03759765625,0.048828125,-0.18310546875,-0.29296875,-0.59814453125,0.0244140625,-0.20751953125,-0.13427734375,0.89111328125,-0.08544921875,-0.5859375,-0.341796875,0,-0.20751953125,-0.78125,-0.390625,0.96435546875,-0.2197265625,0.09765625,-0.32958984375,3.9794921875,0.8056640625,2.30712890625,0.10986328125,2.62451171875,0.47607421875,8.056640625,0.4638671875,-0.1953125,-0.4150390625,-0.74462890625,0.78125,-0.52490234375,0.15869140625,0.57373046875,0.146484375,1.50146484375,-0.28076171875,0.64697265625,0.0244140625,0.0732421875,-0.42724609375,1.01318359375,-0.06103515625,0.76904296875,0.18310546875,0.54931640625,-0.0244140625,0.59814453125,0.2197265625,0.32958984375,0.0732421875,0.69580078125,0,1.20849609375,-0.1220703125,0.40283203125,-0.13427734375,0.3173828125,0.048828125,6.591796875,-0.146484375,9.26513671875,0.15869140625,5.1513671875,0.42724609375,7.373046875,0.01220703125,4.62646484375,-0.146484375,6.11572265625,0.146484375,6.57958984375,-0.0244140625,4.01611328125,-0.25634765625,-1.47705078125,-0.0732421875,-0.28076171875,0.4150390625,-0.341796875,0.0244140625,-1.416015625,0.09765625,-0.7080078125,0.03662109375,-0.67138671875,-0.06103515625,-0.634765625,0.1953125,-0.08544921875,0.15869140625,-0.7080078125,0.15869140625,-1.4404296875,-0.20751953125,-1.025390625,-0.1220703125,0.341796875,-0.244140625,0.32958984375,-0.13427734375,-0.10986328125,-0.06103515625,0.048828125,-0.0732421875,0.13427734375,-0.15869140625,1.20849609375,-0.01220703125,1.64794921875,0.1953125,3.2470703125,0.06103515625,0.76904296875
1,-0.10986328125,1.50146484375,-0.03662109375,0.6103515625,0.1708984375,0.3173828125,-0.2197265625,0.74462890625,0.01220703125,-0.08544921875,0.10986328125,-0.91552734375,0.048828125,1.025390625,0.0732421875,-0.1708984375,-0.28076171875,-0.59814453125,0.09765625,-0.2197265625,-0.01220703125,0.9033203125,-0.01220703125,-0.5859375,-0.23193359375,-0.0732421875,-0.146484375,-0.79345703125,-0.4638671875,0.93994140625,-0.1708984375,0.10986328125,-0.30517578125,4.1748046875,0.79345703125,2.40478515625,0.048828125,2.7587890625,0.48828125,8.50830078125,0.5126953125,-0.2197265625,-0.35400390625,-0.69580078125,0.68359375,-0.52490234375,0.2197265625,0.52490234375,0.20751953125,1.46484375,-0.30517578125,0.6591796875,0.06103515625,0.08544921875,-0.35400390625,0.9765625,-0.0732421875,0.76904296875,0.20751953125,0.57373046875,0.0244140625,0.57373046875,0.1708984375,0.30517578125,0.0732421875,0.59814453125,-0.048828125,1.13525390625,-0.0732421875,0.3173828125,-0.1953125,0.3662109375,0,5.94482421875,-0.08544921875,8.38623046875,0.244140625,4.6142578125,0.3662109375,6.72607421875,0.01220703125,4.0283203125,-0.10986328125,5.4443359375,0.048828125,5.810546875,0,3.4912109375,-0.25634765625,-1.4892578125,-0.06103515625,-0.25634765625,0.28076171875,-0.341796875,0.03662109375,-1.416015625,0.06103515625,-0.7080078125,0.01220703125,-0.67138671875,-0.048828125,-0.634765625,0.13427734375,-0.08544921875,0.18310546875,-0.72021484375,0.08544921875,-1.46484375,-0.146484375,-1.03759765625,-0.1220703125,0.35400390625,-0.2197265625,0.30517578125,-0.13427734375,-0.10986328125,-0.06103515625,0.048828125,-0.08544921875,0.09765625,-0.18310546875,1.15966796875,-0.0244140625,1.64794921875,0.146484375,3.1005859375,0.0732421875,0.69580078125
1,-0.15869140625,1.01318359375,-0.048828125,0.37841796875,0.15869140625,0.1220703125,-0.20751953125,0.5126953125,0.0244140625,-0.08544921875,0.08544921875,-0.927734375,-0.01220703125,1.025390625,0.08544921875,-0.1708984375,-0.23193359375,-0.6103515625,0.1708984375,-0.2197265625,0.1220703125,0.927734375,0.06103515625,-0.6103515625,-0.1708984375,-0.09765625,-0.08544921875,-0.76904296875,-0.4638671875,0.93994140625,-0.09765625,0.09765625,-0.3173828125,4.2236328125,0.7080078125,2.392578125,0,2.77099609375,0.50048828125,8.75244140625,0.4638671875,-0.23193359375,-0.28076171875,-0.64697265625,0.57373046875,-0.50048828125,0.1708984375,0.5126953125,0.20751953125,1.42822265625,-0.341796875,0.6103515625,0,0,-0.2685546875,0.91552734375,-0.1220703125,0.76904296875,0.2197265625,0.5615234375,0.03662109375,0.5859375,0.146484375,0.30517578125,-0.03662109375,0.50048828125,-0.08544921875,1.11083984375,-0.0244140625,0.244140625,-0.341796875,0.341796875,-0.10986328125,5.35888671875,0,7.55615234375,0.28076171875,4.13818359375,0.30517578125,6.11572265625,0.01220703125,3.33251953125,-0.01220703125,4.6630859375,-0.03662109375,4.9072265625,0.06103515625,2.89306640625,-0.244140625,-1.47705078125,-0.03662109375,-0.25634765625,0.1953125,-0.37841796875,0.0244140625,-1.3916015625,0.08544921875,-0.69580078125,-0.01220703125,-0.6591796875,-0.0244140625,-0.634765625,0.08544921875,-0.08544921875,0.18310546875,-0.7080078125,0.03662109375,-1.42822265625,-0.0732421875,-1.025390625,-0.146484375,0.3662109375,-0.23193359375,0.30517578125,-0.09765625,-0.10986328125,-0.0732421875,0.048828125,-0.13427734375,0.08544921875,-0.20751953125,1.07421875,-0.01220703125,1.55029296875,0.10986328125,2.84423828125,0.06103515625,0.59814453125
1,-0.13427734375,0.6591796875,-0.03662109375,0.1953125,0.15869140625,0,-0.18310546875,0.37841796875,0.03662109375,-0.09765625,0.08544921875,-0.91552734375,-0.048828125,1.03759765625,0.08544921875,-0.1708984375,-0.23193359375,-0.62255859375,0.2197265625,-0.2197265625,0.2197265625,0.927734375,0.08544921875,-0.62255859375,-0.08544921875,-0.146484375,-0.0732421875,-0.76904296875,-0.4150390625,0.927734375,-0.03662109375,0.10986328125,-0.341796875,4.1259765625,0.6103515625,2.30712890625,-0.048828125,2.685546875,0.6103515625,8.7646484375,0.32958984375,-0.2197265625,-0.2197265625,-0.5859375,0.4638671875,-0.48828125,0.25634765625,0.50048828125,0.146484375,1.416015625,-0.32958984375,0.5615234375,-0.01220703125,-0.06103515625,-0.1708984375,0.87890625,-0.18310546875,0.74462890625,0.244140625,0.54931640625,0.01220703125,0.57373046875,0.10986328125,0.29296875,-0.0244140625,0.4638671875,-0.08544921875,1.11083984375,0.0732421875,0.23193359375,-0.35400390625,0.3662109375,-0.20751953125,4.89501953125,0.0732421875,6.84814453125,0.28076171875,3.759765625,0.18310546875,5.6396484375,0.048828125,2.52685546875,0.048828125,3.77197265625,-0.146484375,3.8818359375,0.06103515625,2.2216796875,-0.2685546875,-1.47705078125,-0.048828125,-0.20751953125,0.08544921875,-0.3662109375,0.01220703125,-1.37939453125,0.0732421875,-0.68359375,-0.03662109375,-0.68359375,0.0244140625,-0.62255859375,0.01220703125,-0.06103515625,0.13427734375,-0.69580078125,0.01220703125,-1.42822265625,-0.0244140625,-1.03759765625,-0.1953125,0.37841796875,-0.2685546875,0.29296875,-0.10986328125,-0.09765625,-0.06103515625,0.0244140625,-0.13427734375,0.09765625,-0.20751953125,0.96435546875,-0.01220703125,1.46484375,0.09765625,2.5390625,0.08544921875,0.48828125
1,-0.146484375,0.37841796875,-0.03662109375,0.048828125,0.1708984375,-0.1220703125,-0.146484375,0.23193359375,0.06103515625,-0.1220703125,0.0732421875,-0.9033203125,-0.08544921875,1.025390625,0.0732421875,-0.18310546875,-0.18310546875,-0.64697265625,0.23193359375,-0.23193359375,0.32958984375,0.93994140625,0.08544921875,-0.62255859375,-0.01220703125,-0.13427734375,-0.0732421875,-0.74462890625,-0.341796875,0.9521484375,-0.048828125,0.13427734375,-0.35400390625,3.955078125,0.5615234375,2.197265625,-0.08544921875,2.52685546875,0.78125,8.63037109375,0.29296875,-0.2197265625,-0.15869140625,-0.52490234375,0.35400390625,-0.5126953125,0.1708984375,0.5126953125,0.08544921875,1.416015625,-0.32958984375,0.5126953125,-0.08544921875,-0.10986328125,-0.10986328125,0.89111328125,-0.20751953125,0.74462890625,0.23193359375,0.537109375,0.01220703125,0.537109375,0.048828125,0.30517578125,-0.06103515625,0.48828125,-0.1708984375,1.1474609375,0.10986328125,0.244140625,-0.1953125,0.3662109375,-0.2685546875,4.60205078125,0.18310546875,6.33544921875,0.29296875,3.5400390625,0.10986328125,5.35888671875,0.08544921875,1.72119140625,0.09765625,2.84423828125,-0.244140625,2.83203125,0.048828125,1.55029296875,-0.244140625,-1.46484375,-0.06103515625,-0.20751953125,0,-0.37841796875,-0.0244140625,-1.3427734375,0.06103515625,-0.7080078125,-0.06103515625,-0.68359375,0.048828125,-0.64697265625,-0.08544921875,-0.048828125,0.0732421875,-0.7080078125,-0.0244140625,-1.40380859375,-0.01220703125,-1.03759765625,-0.20751953125,0.390625,-0.2685546875,0.29296875,-0.1220703125,-0.0732421875,-0.0732421875,0.01220703125,-0.1220703125,0.09765625,-0.2197265625,0.8544921875,-0.01220703125,1.3916015625,0.06103515625,2.2216796875,0.08544921875,0.35400390625
1,-0.146484375,0.1953125,0,-0.06103515625,0.1953125,-0.1953125,-0.146484375,0.15869140625,0.048828125,-0.10986328125,0.06103515625,-0.927734375,-0.1220703125,1.025390625,0.06103515625,-0.15869140625,-0.1708984375,-0.64697265625,0.20751953125,-0.2197265625,0.40283203125,0.93994140625,0.01220703125,-0.634765625,0.048828125,-0.08544921875,-0.1220703125,-0.76904296875,-0.25634765625,0.927734375,-0.048828125,0.146484375,-0.3662109375,3.7841796875,0.52490234375,2.05078125,-0.10986328125,2.3681640625,0.7080078125,8.4228515625,0.30517578125,-0.1953125,-0.1220703125,-0.4638671875,0.28076171875,-0.5126953125,0.18310546875,0.537109375,0.01220703125,1.42822265625,-0.30517578125,0.52490234375,-0.0732421875,-0.146484375,0.01220703125,0.91552734375,-0.28076171875,0.74462890625,0.23193359375,0.5126953125,0.0244140625,0.537109375,0.0244140625,0.341796875,-0.09765625,0.57373046875,-0.1708984375,1.23291015625,0.13427734375,0.30517578125,-0.1953125,0.3662109375,-0.341796875,4.50439453125,0.1708984375,6.103515625,0.23193359375,3.4912109375,0.06103515625,5.26123046875,0.09765625,0.9765625,0.10986328125,1.91650390625,-0.341796875,1.7822265625,0,0.89111328125,-0.2197265625,-1.4404296875,-0.06103515625,-0.18310546875,-0.06103515625,-0.35400390625,-0.08544921875,-1.318359375,0.0732421875,-0.7080078125,-0.06103515625,-0.68359375,0.06103515625,-0.64697265625,-0.13427734375,-0.06103515625,-0.03662109375,-0.72021484375,-0.0732421875,-1.42822265625,0,-1.0498046875,-0.2197265625,0.37841796875,-0.2197265625,0.30517578125,-0.146484375,-0.048828125,-0.06103515625,0,-0.10986328125,0.13427734375,-0.2197265625,0.7568359375,0,1.3427734375,0.10986328125,1.9287109375,0.08544921875,0.25634765625
1,-0.146484375,-0.0244140625,0.0244140625,-0.15869140625,0.1953125,-0.28076171875,-0.1220703125,0.06103515625,0.048828125,-0.10986328125,0.048828125,-0.93994140625,-0.1220703125,1.025390625,0.048828125,-0.18310546875,-0.13427734375,-0.634765625,0.1953125,-0.2197265625,0.390625,0.9033203125,-0.09765625,-0.634765625,0.06103515625,-0.03662109375,-0.18310546875,-0.7568359375,-0.18310546875,0.9033203125,-0.048828125,0.146484375,-0.35400390625,3.62548828125,0.50048828125,1.91650390625,-0.15869140625,2.23388671875,0.62255859375,8.1298828125,0.37841796875,-0.15869140625,-0.08544921875,-0.4638671875,0.244140625,-0.48828125,0.18310546875,0.5859375,-0.1220703125,1.50146484375,-0.28076171875,0.5615234375,-0.1708984375,-0.146484375,0.13427734375,0.96435546875,-0.28076171875,0.7568359375,0.1953125,0.5126953125,0.08544921875,0.54931640625,-0.0244140625,0.35400390625,-0.048828125,0.72021484375,-0.15869140625,1.3671875,0.0732421875,0.45166015625,-0.10986328125,0.40283203125,-0.35400390625,4.55322265625,0.1708984375,6.14013671875,0.146484375,3.55224609375,0.048828125,5.3466796875,0.10986328125,0.29296875,0.1708984375,1.0986328125,-0.47607421875,0.830078125,-0.0244140625,0.341796875,-0.23193359375,-1.45263671875,-0.0732421875,-0.1708984375,-0.13427734375,-0.32958984375,-0.146484375,-1.2939453125,0.048828125,-0.72021484375,-0.06103515625,-0.69580078125,0.03662109375,-0.6103515625,-0.18310546875,-0.06103515625,-0.09765625,-0.7080078125,-0.13427734375,-1.42822265625,-0.01220703125,-1.0498046875,-0.1708984375,0.40283203125,-0.20751953125,0.3173828125,-0.146484375,-0.03662109375,-0.06103515625,-0.01220703125,-0.08544921875,0.1708984375,-0.2197265625,0.69580078125,0,1.26953125,0.048828125,1.74560546875,0.09765625,0.18310546875
1,-0.1953125,-0.1953125,0.0244140625,-0.28076171875,0.146484375,-0.37841796875,-0.15869140625,-0.0244140625,0.03662109375,-0.1220703125,0.0732421875,-0.96435546875,-0.146484375,1.0498046875,0.048828125,-0.18310546875,-0.1220703125,-0.62255859375,0.146484375,-0.1953125,0.42724609375,0.9033203125,-0.18310546875,-0.6103515625,0.06103515625,0.0244140625,-0.3173828125,-0.7568359375,-0.0732421875,0.91552734375,-0.08544921875,0.1220703125,-0.32958984375,3.52783203125,0.37841796875,1.84326171875,-0.2197265625,2.1728515625,0.50048828125,7.8125,0.35400390625,-0.146484375,-0.09765625,-0.47607421875,0.1708984375,-0.50048828125,0.048828125,0.634765625,-0.18310546875,1.5869140625,-0.244140625,0.64697265625,-0.146484375,-0.08544921875,0.25634765625,1.0498046875,-0.23193359375,0.7568359375,0.18310546875,0.50048828125,0.09765625,0.52490234375,-0.03662109375,0.37841796875,-0.03662109375,0.91552734375,-0.0732421875,1.4892578125,0.048828125,0.5859375,0.0244140625,0.45166015625,-0.30517578125,4.72412109375,0.1220703125,6.28662109375,0.048828125,3.69873046875,0.048828125,5.55419921875,0.10986328125,-0.29296875,0.1953125,0.40283203125,-0.537109375,0.0244140625,-0.06103515625,-0.1708984375,-0.244140625,-1.4404296875,-0.1220703125,-0.1953125,-0.23193359375,-0.28076171875,-0.15869140625,-1.2939453125,0.03662109375,-0.732421875,-0.0732421875,-0.68359375,0,-0.62255859375,-0.15869140625,-0.06103515625,-0.08544921875,-0.7080078125,-0.2197265625,-1.416015625,-0.06103515625,-1.0498046875,-0.1220703125,0.37841796875,-0.13427734375,0.3173828125,-0.1708984375,-0.03662109375,-0.08544921875,-0.0244140625,-0.06103515625,0.1953125,-0.244140625,0.64697265625,0,1.26953125,0.01220703125,1.67236328125,0.09765625,0.18310546875
1,-0.2197265625,-0.4638671875,0.048828125,-0.390625,0.1708984375,-0.47607421875,-0.15869140625,-0.10986328125,0.0244140625,-0.10986328125,0.09765625,-0.96435546875,-0.15869140625,1.0498046875,0.0732421875,-0.18310546875,-0.13427734375,-0.634765625,0.09765625,-0.1953125,0.37841796875,0.87890625,-0.20751953125,-0.62255859375,0.048828125,0.0732421875,-0.42724609375,-0.76904296875,0.048828125,0.9033203125,-0.06103515625,0.13427734375,-0.28076171875,3.45458984375,0.23193359375,1.79443359375,-0.2685546875,2.11181640625,0.32958984375,7.4951171875,0.30517578125,-0.13427734375,-0.13427734375,-0.47607421875,0.30517578125,-0.5126953125,0.15869140625,0.67138671875,-0.2685546875,1.69677734375,-0.20751953125,0.72021484375,-0.1953125,0.01220703125,0.244140625,1.171875,-0.20751953125,0.78125,0.1220703125,0.48828125,0.10986328125,0.537109375,-0.048828125,0.40283203125,0.0244140625,1.13525390625,0.03662109375,1.611328125,0,0.72021484375,0.15869140625,0.52490234375,-0.15869140625,4.8828125,0.06103515625,6.57958984375,-0.06103515625,3.86962890625,0.06103515625,5.7373046875,0.09765625,-0.74462890625,0.2685546875,-0.15869140625,-0.57373046875,-0.634765625,-0.048828125,-0.5126953125,-0.25634765625,-1.42822265625,-0.18310546875,-0.1953125,-0.32958984375,-0.2685546875,-0.1220703125,-1.30615234375,-0.01220703125,-0.7568359375,-0.06103515625,-0.6591796875,-0.0244140625,-0.634765625,-0.15869140625,-0.06103515625,-0.09765625,-0.7080078125,-0.2685546875,-1.40380859375,-0.08544921875,-1.03759765625,-0.0244140625,0.390625,-0.10986328125,0.35400390625,-0.15869140625,-0.0244140625,-0.0732421875,-0.0244140625,-0.048828125,0.2197265625,-0.20751953125,0.634765625,-0.01220703125,1.25732421875,0,1.72119140625,0.10986328125,0.1708984375
1,-0.1953125,-0.69580078125,0.09765625,-0.5126953125,0.1708984375,-0.6103515625,-0.1220703125,-0.2197265625,0.06103515625,-0.1220703125,0.06103515625,-0.96435546875,-0.146484375,1.03759765625,0.09765625,-0.18310546875,-0.10986328125,-0.634765625,0.03662109375,-0.18310546875,0.2685546875,0.87890625,-0.1953125,-0.6103515625,0,0.10986328125,-0.537109375,-0.78125,0.1953125,0.927734375,-0.08544921875,0.1220703125,-0.1953125,3.38134765625,0.048828125,1.7333984375,-0.30517578125,2.05078125,0.20751953125,7.21435546875,0.1708984375,-0.146484375,-0.13427734375,-0.52490234375,0.37841796875,-0.52490234375,0.1708984375,0.7080078125,-0.3173828125,1.79443359375,-0.1953125,0.81787109375,-0.1953125,0.06103515625,0.2685546875,1.23291015625,-0.1708984375,0.78125,0.06103515625,0.50048828125,0.1220703125,0.537109375,-0.01220703125,0.4150390625,0.0244140625,1.2939453125,0.10986328125,1.67236328125,-0.048828125,0.78125,0.244140625,0.5615234375,-0.0732421875,4.98046875,0.08544921875,6.787109375,-0.146484375,3.955078125,0.0732421875,5.8837890625,0.0732421875,-1.07421875,0.32958984375,-0.5859375,-0.5615234375,-1.0986328125,-0.03662109375,-0.81787109375,-0.25634765625,-1.45263671875,-0.23193359375,-0.20751953125,-0.42724609375,-0.2685546875,-0.08544921875,-1.2939453125,-0.048828125,-0.76904296875,-0.03662109375,-0.6591796875,-0.0244140625,-0.634765625,-0.1708984375,-0.06103515625,-0.0244140625,-0.68359375,-0.3173828125,-1.4404296875,-0.15869140625,-1.0009765625,0.048828125,0.40283203125,-0.06103515625,0.341796875,-0.1708984375,-0.048828125,-0.0732421875,-0.01220703125,-0.03662109375,0.1953125,-0.2197265625,0.64697265625,0.01220703125,1.28173828125,0,1.85546875,0.10986328125,0.20751953125
1,-0.2197265625,-0.93994140625,0.13427734375,-0.6591796875,0.20751953125,-0.7080078125,-0.13427734375,-0.3173828125,0.06103515625,-0.1220703125,0.0732421875,-0.9521484375,-0.1953125,1.03759765625,0.09765625,-0.1708984375,-0.09765625,-0.62255859375,0.01220703125,-0.18310546875,0.1953125,0.86669921875,-0.1953125,-0.59814453125,-0.0244140625,0.09765625,-0.634765625,-0.78125,0.341796875,0.93994140625,-0.08544921875,0.1220703125,-0.1953125,3.3447265625,-0.09765625,1.67236328125,-0.341796875,2.05078125,0.10986328125,6.92138671875,0.08544921875,-0.1708984375,-0.1953125,-0.57373046875,0.42724609375,-0.537109375,0.1708984375,0.72021484375,-0.341796875,1.84326171875,-0.244140625,0.89111328125,-0.20751953125,0.10986328125,0.23193359375,1.26953125,-0.1953125,0.79345703125,0.0244140625,0.52490234375,0.146484375,0.5615234375,0.06103515625,0.42724609375,-0.048828125,1.3916015625,0.2197265625,1.67236328125,0,0.79345703125,0.29296875,0.5859375,-0.06103515625,4.91943359375,0.03662109375,6.787109375,-0.2197265625,3.86962890625,0.01220703125,5.82275390625,0.06103515625,-1.28173828125,0.3662109375,-0.86669921875,-0.5126953125,-1.37939453125,-0.03662109375,-1.0009765625,-0.29296875,-1.4404296875,-0.28076171875,-0.23193359375,-0.48828125,-0.2685546875,-0.01220703125,-1.30615234375,-0.08544921875,-0.76904296875,-0.03662109375,-0.64697265625,-0.06103515625,-0.64697265625,-0.146484375,-0.08544921875,0.01220703125,-0.69580078125,-0.3662109375,-1.40380859375,-0.2197265625,-1.0009765625,0.1220703125,0.4150390625,-0.03662109375,0.35400390625,-0.13427734375,-0.0244140625,-0.08544921875,0,-0.0244140625,0.18310546875,-0.2197265625,0.69580078125,-0.01220703125,1.318359375,-0.01220703125,2.001953125,0.1220703125,0.25634765625
1,-0.244140625,-1.171875,0.18310546875,-0.76904296875,0.23193359375,-0.830078125,-0.1220703125,-0.42724609375,0.09765625,-0.1220703125,0.08544921875,-0.96435546875,-0.18310546875,1.0498046875,0.1220703125,-0.1953125,-0.10986328125,-0.64697265625,0.01220703125,-0.18310546875,0.048828125,0.86669921875,-0.15869140625,-0.59814453125,-0.03662109375,0.06103515625,-0.68359375,-0.78125,0.439453125,0.927734375,-0.10986328125,0.09765625,-0.15869140625,3.2958984375,-0.2685546875,1.59912109375,-0.341796875,2.001953125,0.09765625,6.65283203125,0.06103515625,-0.23193359375,-0.25634765625,-0.62255859375,0.57373046875,-0.537109375,0.341796875,0.72021484375,-0.35400390625,1.86767578125,-0.244140625,0.9033203125,-0.2685546875,0.10986328125,0.244140625,1.25732421875,-0.244140625,0.79345703125,0.08544921875,0.5126953125,0.15869140625,0.5615234375,0.146484375,0.40283203125,-0.09765625,1.37939453125,0.2685546875,1.611328125,0.01220703125,0.732421875,0.3173828125,0.5859375,0,4.67529296875,0.08544921875,6.5673828125,-0.2197265625,3.662109375,0.06103515625,5.5908203125,0.03662109375,-1.40380859375,0.37841796875,-1.03759765625,-0.439453125,-1.513671875,-0.048828125,-1.08642578125,-0.30517578125,-1.46484375,-0.28076171875,-0.2685546875,-0.54931640625,-0.2685546875,0.0244140625,-1.3427734375,-0.10986328125,-0.76904296875,-0.03662109375,-0.634765625,-0.10986328125,-0.634765625,-0.10986328125,-0.08544921875,-0.048828125,-0.69580078125,-0.390625,-1.416015625,-0.28076171875,-0.98876953125,0.15869140625,0.4150390625,-0.048828125,0.341796875,-0.10986328125,-0.03662109375,-0.06103515625,0,-0.0244140625,0.146484375,-0.20751953125,0.7080078125,-0.0244140625,1.33056640625,-0.03662109375,2.099609375,0.10986328125,0.29296875
1,-0.28076171875,-1.2939453125,0.1953125,-0.8544921875,0.23193359375,-0.87890625,-0.10986328125,-0.50048828125,0.13427734375,-0.10986328125,0.08544921875,-0.9521484375,-0.1708984375,1.0498046875,0.146484375,-0.20751953125,-0.13427734375,-0.634765625,0.03662109375,-0.18310546875,-0.0244140625,0.8544921875,-0.1220703125,-0.5859375,-0.03662109375,0.01220703125,-0.7080078125,-0.78125,0.47607421875,0.927734375,-0.1708984375,0.09765625,-0.2197265625,3.1982421875,-0.32958984375,1.52587890625,-0.341796875,1.94091796875,-0.06103515625,6.4697265625,0.0732421875,-0.28076171875,-0.3173828125,-0.67138671875,0.62255859375,-0.52490234375,0.35400390625,0.72021484375,-0.32958984375,1.81884765625,-0.29296875,0.84228515625,-0.2197265625,0.08544921875,0.244140625,1.18408203125,-0.2197265625,0.79345703125,0.10986328125,0.537109375,0.15869140625,0.5615234375,0.18310546875,0.37841796875,-0.15869140625,1.30615234375,0.28076171875,1.50146484375,0.06103515625,0.634765625,0.439453125,0.6103515625,-0.01220703125,4.21142578125,0.048828125,5.9814453125,-0.1953125,3.25927734375,0.01220703125,5.13916015625,0.06103515625,-1.45263671875,0.32958984375,-1.0986328125,-0.390625,-1.55029296875,-0.06103515625,-1.1474609375,-0.29296875,-1.46484375,-0.30517578125,-0.25634765625,-0.5859375,-0.30517578125,0.03662109375,-1.35498046875,-0.1220703125,-0.76904296875,-0.03662109375,-0.6591796875,-0.18310546875,-0.62255859375,-0.10986328125,-0.0732421875,-0.048828125,-0.69580078125,-0.37841796875,-1.42822265625,-0.32958984375,-0.98876953125,0.15869140625,0.4150390625,-0.048828125,0.32958984375,-0.0732421875,-0.0244140625,-0.08544921875,0,-0.03662109375,0.10986328125,-0.1953125,0.732421875,-0.0732421875,1.28173828125,0,2.08740234375,0.1220703125,0.28076171875
1,-0.28076171875,-1.3427734375,0.20751953125,-0.87890625,0.23193359375,-0.87890625,-0.1220703125,-0.54931640625,0.146484375,-0.09765625,0.08544921875,-0.9521484375,-0.1708984375,1.0498046875,0.1708984375,-0.2197265625,-0.1708984375,-0.64697265625,0.08544921875,-0.18310546875,-0.06103515625,0.8544921875,-0.08544921875,-0.5859375,-0.01220703125,-0.06103515625,-0.67138671875,-0.76904296875,0.4638671875,0.91552734375,-0.146484375,0.08544921875,-0.28076171875,3.1005859375,-0.42724609375,1.42822265625,-0.29296875,1.84326171875,-0.18310546875,6.2744140625,0.06103515625,-0.30517578125,-0.35400390625,-0.7080078125,0.67138671875,-0.52490234375,0.59814453125,0.7080078125,-0.3173828125,1.72119140625,-0.3173828125,0.732421875,-0.1953125,0,0.18310546875,1.07421875,-0.25634765625,0.79345703125,0.13427734375,0.5859375,0.2197265625,0.5615234375,0.2197265625,0.3173828125,-0.146484375,1.1474609375,0.28076171875,1.40380859375,0.1220703125,0.5126953125,0.45166015625,0.6591796875,0.048828125,3.55224609375,0.09765625,5.126953125,-0.08544921875,2.734375,-0.03662109375,4.52880859375,0.0244140625,-1.47705078125,0.23193359375,-1.123046875,-0.45166015625,-1.4892578125,-0.1220703125,-1.15966796875,-0.25634765625,-1.47705078125,-0.2685546875,-0.29296875,-0.59814453125,-0.30517578125,-0.03662109375,-1.35498046875,-0.08544921875,-0.76904296875,-0.01220703125,-0.67138671875,-0.244140625,-0.634765625,-0.0732421875,-0.06103515625,-0.09765625,-0.7080078125,-0.341796875,-1.42822265625,-0.3662109375,-1.0009765625,0.146484375,0.42724609375,-0.06103515625,0.30517578125,-0.0732421875,-0.06103515625,-0.0732421875,0,-0.03662109375,0.09765625,-0.1953125,0.67138671875,-0.09765625,1.23291015625,0.10986328125,1.904296875,0.1220703125,0.23193359375
0,-0.30517578125,-1.28173828125,0.244140625,-0.81787109375,0.1953125,-0.86669921875,-0.10986328125,-0.52490234375,0.1708984375,-0.09765625,0.0732421875,-0.93994140625,-0.146484375,1.03759765625,0.1953125,-0.2197265625,-0.1953125,-0.62255859375,0.1708984375,-0.18310546875,-0.08544921875,0.8544921875,-0.0732421875,-0.5859375,0.0244140625,-0.1220703125,-0.62255859375,-0.78125,0.42724609375,0.927734375,-0.146484375,0.09765625,-0.29296875,2.978515625,-0.537109375,1.318359375,-0.23193359375,1.7578125,-0.1708984375,6.15234375,0.0732421875,-0.3173828125,-0.35400390625,-0.74462890625,0.69580078125,-0.5126953125,0.74462890625,0.7080078125,-0.32958984375,1.57470703125,-0.3173828125,0.59814453125,-0.15869140625,-0.06103515625,0.09765625,0.93994140625,-0.29296875,0.79345703125,0.1220703125,0.57373046875,0.244140625,0.54931640625,0.23193359375,0.244140625,-0.13427734375,1.025390625,0.28076171875,1.30615234375,0.1708984375,0.4150390625,0.390625,0.79345703125,0.08544921875,2.8076171875,0.13427734375,4.0771484375,0.03662109375,2.11181640625,-0.1220703125,3.8330078125,0.09765625,-1.46484375,0.20751953125,-1.11083984375,-0.3662109375,-1.416015625,-0.06103515625,-1.1474609375,-0.1953125,-1.4892578125,-0.244140625,-0.29296875,-0.5126953125,-0.3662109375,-0.10986328125,-1.3671875,-0.048828125,-0.76904296875,-0.01220703125,-0.67138671875,-0.30517578125,-0.62255859375,-0.06103515625,-0.06103515625,-0.09765625,-0.69580078125,-0.28076171875,-1.416015625,-0.37841796875,-1.0009765625,0.10986328125,0.4150390625,-0.06103515625,0.30517578125,-0.03662109375,-0.048828125,-0.06103515625,-0.03662109375,-0.048828125,0.06103515625,-0.20751953125,0.59814453125,-0.09765625,1.1474609375,0.15869140625,1.5380859375,0.09765625,0.09765625
0,-0.28076171875,-1.1474609375,0.29296875,-0.732421875,0.18310546875,-0.78125,-0.08544921875,-0.439453125,0.1953125,-0.08544921875,0.03662109375,-0.9521484375,-0.23193359375,1.025390625,0.2197265625,-0.23193359375,-0.18310546875,-0.62255859375,0.2197265625,-0.1953125,-0.08544921875,0.87890625,-0.08544921875,-0.59814453125,0.0732421875,-0.1708984375,-0.5126953125,-0.78125,0.32958984375,0.927734375,-0.10986328125,0.08544921875,-0.28076171875,2.84423828125,-0.62255859375,1.220703125,-0.13427734375,1.64794921875,-0.15869140625,5.94482421875,0.10986328125,-0.341796875,-0.3662109375,-0.732421875,0.74462890625,-0.5126953125,0.6591796875,0.732421875,-0.35400390625,1.47705078125,-0.28076171875,0.48828125,-0.1708984375,-0.06103515625,0.06103515625,0.8544921875,-0.3173828125,0.8056640625,0.13427734375,0.57373046875,0.20751953125,0.5615234375,0.3173828125,0.18310546875,-0.08544921875,0.9521484375,0.28076171875,1.30615234375,0.1708984375,0.37841796875,0.40283203125,1.07421875,0.08544921875,2.06298828125,0.1708984375,2.9541015625,0.10986328125,1.4892578125,-0.1953125,3.125,0.146484375,-1.416015625,0.18310546875,-1.06201171875,-0.2685546875,-1.318359375,-0.01220703125,-1.1474609375,-0.15869140625,-1.4892578125,-0.18310546875,-0.29296875,-0.40283203125,-0.3662109375,-0.146484375,-1.3427734375,-0.048828125,-0.7568359375,-0.0732421875,-0.68359375,-0.35400390625,-0.62255859375,-0.09765625,-0.0732421875,-0.0244140625,-0.69580078125,-0.1953125,-1.40380859375,-0.42724609375,-1.0009765625,0.06103515625,0.4150390625,-0.10986328125,0.29296875,-0.01220703125,-0.03662109375,-0.0732421875,-0.048828125,-0.0732421875,0.08544921875,-0.2197265625,0.439453125,-0.08544921875,1.01318359375,0.18310546875,1.03759765625,0.10986328125,-0.0732421875
0,-0.32958984375,-0.91552734375,0.341796875,-0.59814453125,0.1953125,-0.6591796875,-0.08544921875,-0.32958984375,0.18310546875,-0.08544921875,0.06103515625,-0.9521484375,-0.2685546875,1.01318359375,0.23193359375,-0.1953125,-0.15869140625,-0.634765625,0.28076171875,-0.18310546875,-0.06103515625,0.87890625,-0.09765625,-0.59814453125,0.10986328125,-0.18310546875,-0.4150390625,-0.76904296875,0.15869140625,0.927734375,-0.0732421875,0.1220703125,-0.244140625,2.6611328125,-0.69580078125,1.08642578125,-0.06103515625,1.52587890625,-0.13427734375,5.712890625,0.244140625,-0.30517578125,-0.3173828125,-0.732421875,0.74462890625,-0.52490234375,0.67138671875,0.7080078125,-0.390625,1.45263671875,-0.23193359375,0.4638671875,-0.15869140625,0.01220703125,-0.0732421875,0.830078125,-0.341796875,0.78125,0.146484375,0.57373046875,0.1708984375,0.54931640625,0.42724609375,0.1708984375,-0.03662109375,1.01318359375,0.244140625,1.416015625,0.18310546875,0.48828125,0.42724609375,1.47705078125,0.10986328125,1.4404296875,0.23193359375,1.94091796875,0.20751953125,0.9765625,-0.25634765625,2.5146484375,0.18310546875,-1.3916015625,0.15869140625,-1.025390625,-0.1953125,-1.2451171875,0.0244140625,-1.123046875,-0.10986328125,-1.47705078125,-0.10986328125,-0.29296875,-0.28076171875,-0.37841796875,-0.146484375,-1.35498046875,-0.0732421875,-0.7568359375,-0.03662109375,-0.69580078125,-0.390625,-0.634765625,-0.1220703125,-0.08544921875,0,-0.68359375,-0.13427734375,-1.416015625,-0.40283203125,-1.025390625,0.01220703125,0.390625,-0.09765625,0.28076171875,-0.0244140625,-0.0244140625,-0.08544921875,-0.0732421875,-0.06103515625,0.09765625,-0.23193359375,0.244140625,-0.08544921875,0.8544921875,0.1708984375,0.4638671875,0.06103515625,-0.32958984375
0,-0.32958984375,-0.68359375,0.29296875,-0.45166015625,0.18310546875,-0.5615234375,-0.08544921875,-0.18310546875,0.15869140625,-0.09765625,0.048828125,-0.93994140625,-0.3173828125,1.025390625,0.23193359375,-0.15869140625,-0.15869140625,-0.6103515625,0.32958984375,-0.18310546875,-0.0244140625,0.91552734375,-0.09765625,-0.62255859375,0.13427734375,-0.18310546875,-0.28076171875,-0.76904296875,-0.01220703125,0.93994140625,-0.048828125,0.13427734375,-0.1953125,2.45361328125,-0.6591796875,0.927734375,-0.01220703125,1.3916015625,0.03662109375,5.35888671875,0.439453125,-0.2685546875,-0.2197265625,-0.72021484375,0.732421875,-0.5126953125,0.74462890625,0.732421875,-0.37841796875,1.513671875,-0.1708984375,0.52490234375,-0.1953125,0.20751953125,-0.10986328125,0.927734375,-0.35400390625,0.8056640625,0.18310546875,0.5615234375,0.1708984375,0.57373046875,0.45166015625,0.18310546875,-0.048828125,1.30615234375,0.146484375,1.66015625,0.1220703125,0.732421875,0.40283203125,2.099609375,0.03662109375,1.0009765625,0.23193359375,1.1962890625,0.18310546875,0.59814453125,-0.28076171875,2.11181640625,0.20751953125,-1.3671875,0.1708984375,-0.98876953125,-0.146484375,-1.220703125,0,-1.08642578125,-0.03662109375,-1.47705078125,-0.03662109375,-0.2685546875,-0.1708984375,-0.3662109375,-0.15869140625,-1.3671875,-0.10986328125,-0.76904296875,-0.048828125,-0.67138671875,-0.35400390625,-0.6591796875,-0.146484375,-0.048828125,0.09765625,-0.68359375,-0.048828125,-1.42822265625,-0.3662109375,-1.025390625,0,0.390625,-0.09765625,0.2685546875,-0.048828125,-0.048828125,-0.0732421875,-0.10986328125,-0.09765625,0.1220703125,-0.23193359375,0.0244140625,-0.09765625,0.68359375,0.18310546875,-0.18310546875,0.03662109375,-0.54931640625
0,-0.3173828125,-0.47607421875,0.32958984375,-0.32958984375,0.20751953125,-0.45166015625,-0.03662109375,-0.0732421875,0.1220703125,-0.09765625,0.06103515625,-0.91552734375,-0.32958984375,1.01318359375,0.18310546875,-0.15869140625,-0.1220703125,-0.6103515625,0.32958984375,-0.1708984375,-0.048828125,0.9033203125,-0.09765625,-0.634765625,0.15869140625,-0.15869140625,-0.20751953125,-0.76904296875,-0.1953125,0.93994140625,-0.0244140625,0.15869140625,-0.146484375,2.197265625,-0.5126953125,0.74462890625,0.0244140625,1.1962890625,0.1953125,4.84619140625,0.67138671875,-0.23193359375,-0.0732421875,-0.72021484375,0.6591796875,-0.50048828125,0.57373046875,0.72021484375,-0.4150390625,1.708984375,-0.13427734375,0.732421875,-0.28076171875,0.54931640625,-0.18310546875,1.1474609375,-0.3173828125,0.8056640625,0.20751953125,0.54931640625,0.1708984375,0.57373046875,0.52490234375,0.1708984375,-0.048828125,1.74560546875,0.09765625,2.05078125,0,1.08642578125,0.4638671875,2.9052734375,-0.03662109375,0.830078125,0.23193359375,0.84228515625,0.2197265625,0.47607421875,-0.23193359375,1.953125,0.20751953125,-1.33056640625,0.18310546875,-0.927734375,-0.09765625,-1.18408203125,-0.0244140625,-1.06201171875,0.01220703125,-1.46484375,0.01220703125,-0.25634765625,-0.0244140625,-0.37841796875,-0.13427734375,-1.3671875,-0.13427734375,-0.76904296875,-0.08544921875,-0.6591796875,-0.341796875,-0.64697265625,-0.18310546875,-0.08544921875,0.1953125,-0.68359375,0.048828125,-1.4404296875,-0.32958984375,-1.01318359375,-0.0244140625,0.390625,-0.09765625,0.2685546875,-0.0732421875,-0.03662109375,-0.0732421875,-0.10986328125,-0.06103515625,0.15869140625,-0.2197265625,-0.13427734375,-0.0732421875,0.5859375,0.146484375,-0.68359375,0,-0.74462890625
0,-0.37841796875,-0.32958984375,0.3173828125,-0.2685546875,0.15869140625,-0.40283203125,-0.08544921875,-0.0244140625,0.10986328125,-0.10986328125,0.0732421875,-0.93994140625,-0.30517578125,1.03759765625,0.146484375,-0.15869140625,-0.09765625,-0.59814453125,0.30517578125,-0.15869140625,-0.048828125,0.91552734375,-0.09765625,-0.634765625,0.1708984375,-0.1220703125,-0.1220703125,-0.7568359375,-0.3662109375,0.93994140625,-0.03662109375,0.15869140625,-0.1220703125,1.86767578125,-0.52490234375,0.50048828125,-0.0244140625,0.98876953125,0.2197265625,4.11376953125,0.84228515625,-0.20751953125,0.1220703125,-0.69580078125,0.52490234375,-0.50048828125,0.57373046875,0.7568359375,-0.439453125,2.0751953125,-0.08544921875,1.08642578125,-0.2685546875,1.0498046875,-0.2685546875,1.45263671875,-0.3173828125,0.78125,0.1953125,0.537109375,0.18310546875,0.59814453125,0.57373046875,0.20751953125,-0.0244140625,2.38037109375,0.048828125,2.5146484375,-0.08544921875,1.57470703125,0.42724609375,3.80859375,-0.1953125,0.98876953125,0.18310546875,0.98876953125,0.15869140625,0.6103515625,-0.20751953125,2.08740234375,0.15869140625,-1.28173828125,0.18310546875,-0.86669921875,-0.0732421875,-1.171875,-0.06103515625,-1.025390625,0.03662109375,-1.46484375,0.03662109375,-0.23193359375,0.0732421875,-0.341796875,-0.048828125,-1.35498046875,-0.146484375,-0.76904296875,-0.09765625,-0.64697265625,-0.341796875,-0.67138671875,-0.1708984375,-0.08544921875,0.18310546875,-0.69580078125,0.13427734375,-1.416015625,-0.30517578125,-1.01318359375,-0.03662109375,0.390625,-0.09765625,0.29296875,-0.08544921875,-0.03662109375,-0.0732421875,-0.10986328125,-0.08544921875,0.18310546875,-0.1953125,-0.2685546875,-0.06103515625,0.5126953125,0.146484375,-1.0009765625,0,-0.87890625
0,-0.35400390625,-0.25634765625,0.29296875,-0.2685546875,0.1220703125,-0.4150390625,-0.0732421875,0,0.09765625,-0.1220703125,0.048828125,-0.91552734375,-0.341796875,1.03759765625,0.09765625,-0.18310546875,-0.0244140625,-0.5859375,0.25634765625,-0.13427734375,-0.08544921875,0.91552734375,-0.13427734375,-0.62255859375,0.1708984375,-0.08544921875,-0.10986328125,-0.7568359375,-0.45166015625,0.93994140625,-0.06103515625,0.1708984375,-0.048828125,1.4892578125,-0.32958984375,0.23193359375,-0.0732421875,0.7568359375,0.37841796875,3.21044921875,0.9521484375,-0.1708984375,0.244140625,-0.68359375,0.4150390625,-0.52490234375,0.4150390625,0.74462890625,-0.4638671875,2.55126953125,-0.03662109375,1.55029296875,-0.28076171875,1.7333984375,-0.244140625,1.904296875,-0.23193359375,0.76904296875,0.146484375,0.5126953125,0.09765625,0.6103515625,0.6103515625,0.23193359375,-0.0244140625,3.125,-0.01220703125,3.08837890625,-0.23193359375,2.099609375,0.35400390625,4.82177734375,-0.2197265625,1.46484375,0.20751953125,1.5869140625,0.1220703125,1.01318359375,-0.08544921875,2.52685546875,0.13427734375,-1.220703125,0.23193359375,-0.8056640625,-0.01220703125,-1.171875,-0.06103515625,-0.98876953125,0.06103515625,-1.47705078125,0.0732421875,-0.2197265625,0.146484375,-0.32958984375,0.01220703125,-1.35498046875,-0.146484375,-0.76904296875,-0.1220703125,-0.634765625,-0.3173828125,-0.68359375,-0.18310546875,-0.09765625,0.20751953125,-0.7080078125,0.1708984375,-1.42822265625,-0.244140625,-0.98876953125,-0.03662109375,0.390625,-0.10986328125,0.28076171875,-0.08544921875,-0.03662109375,-0.0732421875,-0.10986328125,-0.06103515625,0.1953125,-0.20751953125,-0.30517578125,-0.06103515625,0.50048828125,0.1220703125,-1.08642578125,-0.048828125,-0.91552734375
0,-0.3662109375,-0.3173828125,0.341796875,-0.29296875,0.146484375,-0.439453125,-0.01220703125,-0.0244140625,0.09765625,-0.10986328125,0.06103515625,-0.9521484375,-0.30517578125,1.0498046875,0.0732421875,-0.1953125,0.01220703125,-0.59814453125,0.20751953125,-0.13427734375,-0.1953125,0.87890625,-0.1953125,-0.62255859375,0.1953125,-0.03662109375,-0.1220703125,-0.74462890625,-0.48828125,0.9521484375,-0.10986328125,0.13427734375,0,1.07421875,-0.29296875,-0.06103515625,-0.1708984375,0.48828125,0.439453125,2.18505859375,0.927734375,-0.15869140625,0.40283203125,-0.64697265625,0.2685546875,-0.5126953125,0.37841796875,0.732421875,-0.45166015625,3.125,0,2.08740234375,-0.1708984375,2.5390625,-0.2685546875,2.4169921875,-0.146484375,0.7568359375,0.146484375,0.50048828125,0.08544921875,0.64697265625,0.634765625,0.2685546875,0.08544921875,3.94287109375,-0.06103515625,3.6376953125,-0.341796875,2.69775390625,0.47607421875,5.84716796875,-0.20751953125,2.20947265625,0.20751953125,2.63671875,0.09765625,1.59912109375,0.0244140625,3.1982421875,0.0244140625,-1.15966796875,0.15869140625,-0.72021484375,0.0244140625,-1.15966796875,-0.10986328125,-0.927734375,0.03662109375,-1.47705078125,0.1220703125,-0.2197265625,0.1953125,-0.28076171875,0.08544921875,-1.33056640625,-0.09765625,-0.7568359375,-0.1220703125,-0.62255859375,-0.30517578125,-0.67138671875,-0.1708984375,-0.08544921875,0.23193359375,-0.69580078125,0.18310546875,-1.42822265625,-0.18310546875,-1.0009765625,-0.03662109375,0.40283203125,-0.10986328125,0.29296875,-0.08544921875,-0.06103515625,-0.08544921875,-0.10986328125,-0.0732421875,0.20751953125,-0.1953125,-0.244140625,-0.0732421875,0.5859375,0.13427734375,-0.89111328125,-0.06103515625,-0.84228515625
0,-0.42724609375,-0.45166015625,0.3173828125,-0.32958984375,0.10986328125,-0.50048828125,-0.03662109375,-0.06103515625,0.09765625,-0.09765625,0.06103515625,-0.93994140625,-0.32958984375,1.06201171875,0.048828125,-0.20751953125,0.06103515625,-0.59814453125,0.146484375,-0.146484375,-0.25634765625,0.86669921875,-0.30517578125,-0.5859375,0.1953125,-0.06103515625,-0.146484375,-0.79345703125,-0.4638671875,0.927734375,-0.1708984375,0.09765625,0.03662109375,0.68359375,-0.1708984375,-0.341796875,-0.2197265625,0.1953125,0.5126953125,1.171875,0.79345703125,-0.146484375,0.45166015625,-0.6591796875,0.13427734375,-0.50048828125,0.439453125,0.7080078125,-0.35400390625,3.759765625,-0.01220703125,2.685546875,-0.0732421875,3.41796875,-0.28076171875,2.9052734375,-0.08544921875,0.7568359375,0.10986328125,0.5126953125,0.0244140625,0.634765625,0.6103515625,0.30517578125,0.1220703125,4.736328125,0,4.16259765625,-0.37841796875,3.21044921875,0.5615234375,6.8115234375,-0.1708984375,3.1494140625,0.23193359375,3.99169921875,0.08544921875,2.40478515625,0.1220703125,4.08935546875,-0.03662109375,-1.123046875,0.13427734375,-0.634765625,0.048828125,-1.1474609375,-0.03662109375,-0.8544921875,-0.0244140625,-1.47705078125,0.13427734375,-0.20751953125,0.25634765625,-0.30517578125,0.15869140625,-1.35498046875,-0.08544921875,-0.76904296875,-0.10986328125,-0.634765625,-0.23193359375,-0.68359375,-0.13427734375,-0.08544921875,0.25634765625,-0.67138671875,0.1953125,-1.40380859375,-0.1220703125,-0.9765625,-0.01220703125,0.390625,-0.08544921875,0.29296875,-0.06103515625,-0.06103515625,-0.08544921875,-0.13427734375,-0.09765625,0.20751953125,-0.1708984375,-0.09765625,-0.06103515625,0.69580078125,0.08544921875,-0.45166015625,-0.0732421875,-0.64697265625
0,-0.40283203125,-0.6103515625,0.29296875,-0.4150390625,0.1220703125,-0.54931640625,0,-0.146484375,0.10986328125,-0.09765625,0.048828125,-0.9521484375,-0.32958984375,1.0498046875,0.03662109375,-0.23193359375,0.08544921875,-0.6103515625,0.048828125,-0.15869140625,-0.3662109375,0.84228515625,-0.3662109375,-0.57373046875,0.23193359375,-0.06103515625,-0.23193359375,-0.78125,-0.390625,0.91552734375,-0.1708984375,0.09765625,0.08544921875,0.29296875,0.0244140625,-0.59814453125,-0.244140625,-0.08544921875,0.47607421875,0.25634765625,0.6103515625,-0.15869140625,0.45166015625,-0.6591796875,0.01220703125,-0.48828125,0.4150390625,0.6591796875,-0.25634765625,4.38232421875,0,3.25927734375,-0.03662109375,4.30908203125,-0.18310546875,3.38134765625,-0.03662109375,0.76904296875,0.1708984375,0.52490234375,-0.01220703125,0.64697265625,0.59814453125,0.341796875,0.146484375,5.40771484375,0.0244140625,4.62646484375,-0.37841796875,3.64990234375,0.54931640625,7.67822265625,-0.0732421875,4.21142578125,0.1220703125,5.55419921875,0.048828125,3.2958984375,0.13427734375,5.06591796875,-0.03662109375,-1.06201171875,0.15869140625,-0.5615234375,0.06103515625,-1.13525390625,0.0244140625,-0.8056640625,-0.10986328125,-1.47705078125,0.1708984375,-0.20751953125,0.390625,-0.30517578125,0.20751953125,-1.3427734375,-0.048828125,-0.7568359375,-0.1220703125,-0.62255859375,-0.13427734375,-0.67138671875,-0.146484375,-0.09765625,0.3173828125,-0.69580078125,0.1953125,-1.416015625,-0.08544921875,-0.9765625,-0.01220703125,0.40283203125,-0.06103515625,0.30517578125,-0.06103515625,-0.06103515625,-0.09765625,-0.1220703125,-0.1220703125,0.15869140625,-0.1953125,0.15869140625,-0.08544921875,0.87890625,0.0732421875,0.23193359375,-0.08544921875,-0.3662109375
0,-0.4150390625,-0.7568359375,0.3173828125,-0.45166015625,0.15869140625,-0.59814453125,0.01220703125,-0.18310546875,0.1220703125,-0.08544921875,0.06103515625,-0.9521484375,-0.35400390625,1.03759765625,0.03662109375,-0.244140625,0.0732421875,-0.59814453125,0,-0.1708984375,-0.4638671875,0.830078125,-0.37841796875,-0.54931640625,0.23193359375,-0.08544921875,-0.28076171875,-0.7568359375,-0.341796875,0.91552734375,-0.1953125,0.08544921875,0.048828125,0.03662109375,0.10986328125,-0.7568359375,-0.29296875,-0.28076171875,0.3173828125,-0.390625,0.48828125,-0.1708984375,0.48828125,-0.67138671875,-0.08544921875,-0.47607421875,0.4150390625,0.59814453125,-0.1708984375,4.931640625,-0.01220703125,3.74755859375,-0.0244140625,5.1025390625,-0.13427734375,3.7841796875,-0.03662109375,0.7568359375,0.20751953125,0.52490234375,-0.08544921875,0.634765625,0.5859375,0.32958984375,0.13427734375,5.94482421875,0.03662109375,4.931640625,-0.3662109375,3.955078125,0.390625,8.349609375,-0.0244140625,5.31005859375,0.06103515625,7.12890625,0.0732421875,4.21142578125,0.15869140625,6.06689453125,0,-1.025390625,0.146484375,-0.50048828125,0.146484375,-1.123046875,0.09765625,-0.74462890625,-0.15869140625,-1.4892578125,0.15869140625,-0.23193359375,0.50048828125,-0.3173828125,0.25634765625,-1.33056640625,-0.048828125,-0.7568359375,-0.146484375,-0.62255859375,-0.06103515625,-0.64697265625,-0.1220703125,-0.09765625,0.341796875,-0.69580078125,0.1708984375,-1.40380859375,-0.048828125,-0.9765625,0.01220703125,0.390625,-0.03662109375,0.28076171875,-0.08544921875,-0.048828125,-0.08544921875,-0.1220703125,-0.146484375,0.1220703125,-0.1708984375,0.47607421875,-0.03662109375,1.07421875,0.048828125,1.07421875,-0.09765625,-0.06103515625
0,-0.439453125,-0.8544921875,0.29296875,-0.45166015625,0.146484375,-0.5859375,0.03662109375,-0.15869140625,0.13427734375,-0.09765625,0.03662109375,-0.93994140625,-0.4150390625,1.03759765625,0.01220703125,-0.23193359375,0.01220703125,-0.5859375,-0.06103515625,-0.18310546875,-0.48828125,0.84228515625,-0.341796875,-0.5859375,0.244140625,-0.1220703125,-0.341796875,-0.74462890625,-0.3173828125,0.9033203125,-0.146484375,0.0732421875,-0.01220703125,-0.048828125,0.28076171875,-0.8056640625,-0.29296875,-0.37841796875,0.244140625,-0.6591796875,0.3662109375,-0.2197265625,0.4150390625,-0.68359375,-0.1220703125,-0.45166015625,0.3662109375,0.5615234375,-0.06103515625,5.3466796875,-0.03662109375,4.1259765625,-0.01220703125,5.7861328125,-0.048828125,4.08935546875,-0.03662109375,0.7568359375,0.28076171875,0.5615234375,-0.08544921875,0.6103515625,0.5859375,0.341796875,0.1220703125,6.28662109375,0.048828125,5.16357421875,-0.2685546875,4.150390625,0.28076171875,8.82568359375,0.03662109375,6.3232421875,0.06103515625,8.55712890625,0.1220703125,5.0537109375,0.1708984375,6.982421875,-0.01220703125,-1.01318359375,0.0244140625,-0.4638671875,0.08544921875,-1.11083984375,0.03662109375,-0.74462890625,-0.18310546875,-1.47705078125,0.10986328125,-0.23193359375,0.57373046875,-0.341796875,0.25634765625,-1.33056640625,-0.0732421875,-0.732421875,-0.146484375,-0.6591796875,0.048828125,-0.62255859375,-0.09765625,-0.08544921875,0.3173828125,-0.69580078125,0.1953125,-1.416015625,-0.03662109375,-0.98876953125,0.03662109375,0.390625,-0.01220703125,0.2685546875,-0.09765625,-0.048828125,-0.08544921875,-0.09765625,-0.146484375,0.09765625,-0.18310546875,0.78125,-0.0244140625,1.28173828125,-0.01220703125,1.9287109375,-0.09765625,0.25634765625
0,-0.42724609375,-0.8544921875,0.30517578125,-0.42724609375,0.146484375,-0.537109375,0.06103515625,-0.13427734375,0.15869140625,-0.08544921875,0.06103515625,-0.9521484375,-0.37841796875,1.01318359375,0.01220703125,-0.2197265625,-0.048828125,-0.6103515625,-0.08544921875,-0.18310546875,-0.537109375,0.84228515625,-0.2685546875,-0.59814453125,0.23193359375,-0.15869140625,-0.390625,-0.7568359375,-0.341796875,0.87890625,-0.09765625,0.0732421875,-0.06103515625,0.0244140625,0.32958984375,-0.69580078125,-0.28076171875,-0.35400390625,0.08544921875,-0.45166015625,0.23193359375,-0.25634765625,0.40283203125,-0.69580078125,-0.13427734375,-0.47607421875,0.40283203125,0.5615234375,0.01220703125,5.56640625,-0.06103515625,4.33349609375,0.09765625,6.26220703125,0.048828125,4.26025390625,-0.0732421875,0.78125,0.32958984375,0.57373046875,-0.09765625,0.6103515625,0.57373046875,0.32958984375,0.09765625,6.4453125,0,5.2490234375,-0.2197265625,4.23583984375,0.2197265625,9.1064453125,-0.0244140625,7.18994140625,0.15869140625,9.765625,0.1953125,5.76171875,0.09765625,7.80029296875,0.048828125,-1.0009765625,0.0244140625,-0.42724609375,0.10986328125,-1.08642578125,0.0244140625,-0.74462890625,-0.23193359375,-1.4892578125,0.048828125,-0.244140625,0.634765625,-0.341796875,0.15869140625,-1.30615234375,-0.08544921875,-0.72021484375,-0.13427734375,-0.6591796875,0.09765625,-0.6103515625,-0.06103515625,-0.0732421875,0.3173828125,-0.72021484375,0.146484375,-1.40380859375,-0.048828125,-0.98876953125,0.048828125,0.40283203125,0,0.25634765625,-0.08544921875,-0.048828125,-0.08544921875,-0.09765625,-0.13427734375,0.08544921875,-0.1708984375,1.08642578125,-0.03662109375,1.46484375,-0.03662109375,2.79541015625,-0.1220703125,0.5615234375
1,-0.47607421875,-0.76904296875,0.341796875,-0.30517578125,0.1220703125,-0.42724609375,0.06103515625,-0.03662109375,0.18310546875,-0.08544921875,0.03662109375,-0.96435546875,-0.341796875,1.0009765625,0.0244140625,-0.2197265625,-0.10986328125,-0.5859375,-0.048828125,-0.1953125,-0.4638671875,0.86669921875,-0.1708984375,-0.6103515625,0.20751953125,-0.1708984375,-0.3662109375,-0.7568359375,-0.37841796875,0.86669921875,-0.0732421875,0.08544921875,-0.09765625,0.37841796875,0.341796875,-0.42724609375,-0.32958984375,-0.10986328125,0,0.28076171875,0.1708984375,-0.2197265625,0.30517578125,-0.67138671875,-0.08544921875,-0.48828125,0.45166015625,0.57373046875,0.08544921875,5.6396484375,-0.0732421875,4.4189453125,0.15869140625,6.50634765625,0.10986328125,4.296875,-0.13427734375,0.79345703125,0.40283203125,0.5859375,-0.1220703125,0.5859375,0.50048828125,0.30517578125,0.0244140625,6.4697265625,0.01220703125,5.224609375,-0.10986328125,4.2236328125,0.23193359375,9.2041015625,-0.08544921875,7.861328125,0.244140625,10.6689453125,0.244140625,6.298828125,0.06103515625,8.4228515625,0.08544921875,-0.9765625,-0.0732421875,-0.42724609375,0.18310546875,-1.06201171875,0.0244140625,-0.72021484375,-0.1953125,-1.4892578125,-0.048828125,-0.23193359375,0.6591796875,-0.35400390625,0.1220703125,-1.30615234375,-0.08544921875,-0.7080078125,-0.09765625,-0.68359375,0.09765625,-0.6103515625,-0.06103515625,-0.08544921875,0.28076171875,-0.72021484375,0.10986328125,-1.416015625,-0.048828125,-1.0009765625,0.06103515625,0.390625,0,0.2685546875,-0.0732421875,-0.03662109375,-0.06103515625,-0.09765625,-0.15869140625,0.08544921875,-0.1708984375,1.3427734375,-0.0244140625,1.67236328125,0.0244140625,3.515625,-0.1220703125,0.830078125
1,-0.5126953125,-0.59814453125,0.28076171875,-0.146484375,0.09765625,-0.28076171875,0.048828125,0.09765625,0.1953125,-0.08544921875,0.048828125,-0.93994140625,-0.35400390625,1.0009765625,0.0732421875,-0.20751953125,-0.13427734375,-0.57373046875,-0.048828125,-0.1708984375,-0.37841796875,0.87890625,-0.09765625,-0.6103515625,0.1953125,-0.20751953125,-0.3662109375,-0.7568359375,-0.45166015625,0.89111328125,-0.08544921875,0.08544921875,-0.08544921875,0.93994140625,0.29296875,-0.0244140625,-0.341796875,0.25634765625,0.06103515625,1.46484375,0.1220703125,-0.2197265625,0.18310546875,-0.67138671875,0,-0.4638671875,0.54931640625,0.59814453125,0.09765625,5.517578125,-0.048828125,4.345703125,0.08544921875,6.494140625,0.1953125,4.19921875,-0.2197265625,0.8056640625,0.42724609375,0.59814453125,-0.0732421875,0.59814453125,0.48828125,0.29296875,-0.01220703125,6.35986328125,0.01220703125,5.126953125,0,4.1259765625,0.1220703125,9.11865234375,-0.146484375,8.30078125,0.28076171875,11.181640625,0.244140625,6.6162109375,-0.048828125,8.82568359375,0.03662109375,-0.96435546875,-0.146484375,-0.37841796875,0.08544921875,-1.06201171875,-0.10986328125,-0.72021484375,-0.146484375,-1.47705078125,-0.1220703125,-0.23193359375,0.634765625,-0.35400390625,0.0732421875,-1.30615234375,-0.08544921875,-0.7080078125,-0.06103515625,-0.68359375,0.09765625,-0.62255859375,-0.0732421875,-0.0732421875,0.2685546875,-0.72021484375,0.10986328125,-1.40380859375,-0.0244140625,-0.98876953125,0.08544921875,0.390625,0,0.25634765625,-0.0732421875,-0.0244140625,-0.09765625,-0.09765625,-0.1220703125,0.08544921875,-0.1708984375,1.513671875,-0.01220703125,1.84326171875,-0.0244140625,4.06494140625,-0.1220703125,1.03759765625
1,-0.5126953125,-0.3662109375,0.25634765625,0.01220703125,0.09765625,-0.146484375,0.0732421875,0.25634765625,0.244140625,-0.08544921875,0.03662109375,-0.927734375,-0.341796875,0.98876953125,0.048828125,-0.18310546875,-0.1220703125,-0.57373046875,0,-0.15869140625,-0.28076171875,0.89111328125,-0.01220703125,-0.62255859375,0.1708984375,-0.1953125,-0.3173828125,-0.7568359375,-0.48828125,0.89111328125,-0.08544921875,0.09765625,-0.03662109375,1.66015625,0.2197265625,0.48828125,-0.37841796875,0.78125,0.06103515625,3.02734375,0.09765625,-0.20751953125,0.09765625,-0.64697265625,0.13427734375,-0.47607421875,0.57373046875,0.6591796875,0.10986328125,5.2978515625,-0.03662109375,4.13818359375,0.03662109375,6.2744140625,0.25634765625,4.01611328125,-0.341796875,0.8056640625,0.48828125,0.57373046875,-0.0732421875,0.5859375,0.40283203125,0.29296875,-0.01220703125,6.15234375,-0.06103515625,4.98046875,-0.01220703125,3.9794921875,-0.0244140625,8.87451171875,-0.2685546875,8.4228515625,0.30517578125,11.3525390625,0.23193359375,6.75048828125,-0.13427734375,8.99658203125,0.09765625,-0.91552734375,-0.09765625,-0.29296875,0.08544921875,-1.03759765625,-0.0732421875,-0.67138671875,-0.10986328125,-1.46484375,-0.18310546875,-0.23193359375,0.6103515625,-0.35400390625,0.0244140625,-1.2939453125,-0.0732421875,-0.72021484375,0,-0.69580078125,0.09765625,-0.634765625,-0.09765625,-0.06103515625,0.2685546875,-0.732421875,0.08544921875,-1.40380859375,-0.048828125,-1.0009765625,0.09765625,0.40283203125,0,0.244140625,-0.048828125,-0.01220703125,-0.09765625,-0.09765625,-0.13427734375,0.08544921875,-0.20751953125,1.62353515625,-0.01220703125,1.94091796875,-0.048828125,4.38232421875,-0.146484375,1.1474609375
1,-0.54931640625,-0.1708984375,0.28076171875,0.15869140625,0.1220703125,0,0.0732421875,0.40283203125,0.2685546875,-0.08544921875,0.06103515625,-0.927734375,-0.390625,1.0009765625,0.0732421875,-0.15869140625,-0.10986328125,-0.5859375,0.048828125,-0.15869140625,-0.18310546875,0.89111328125,0.08544921875,-0.6103515625,0.244140625,-0.1708984375,-0.28076171875,-0.7568359375,-0.48828125,0.9033203125,-0.0732421875,0.10986328125,0,2.50244140625,0.1708984375,1.07421875,-0.40283203125,1.37939453125,-0.10986328125,4.79736328125,0.146484375,-0.1953125,0,-0.64697265625,0.25634765625,-0.48828125,0.5615234375,0.74462890625,0.09765625,4.99267578125,-0.08544921875,3.8818359375,-0.0244140625,5.87158203125,0.32958984375,3.77197265625,-0.40283203125,0.8056640625,0.48828125,0.54931640625,-0.06103515625,0.57373046875,0.3662109375,0.28076171875,-0.048828125,5.89599609375,-0.09765625,4.8095703125,0,3.82080078125,-0.06103515625,8.5205078125,-0.32958984375,8.349609375,0.28076171875,11.1328125,0.15869140625,6.640625,-0.1708984375,8.9111328125,0.10986328125,-0.79345703125,-0.1708984375,-0.23193359375,-0.01220703125,-0.9765625,-0.06103515625,-0.6103515625,-0.048828125,-1.47705078125,-0.2197265625,-0.244140625,0.50048828125,-0.32958984375,0,-1.26953125,-0.08544921875,-0.7080078125,0.0244140625,-0.69580078125,0.08544921875,-0.62255859375,-0.13427734375,-0.08544921875,0.244140625,-0.732421875,0.06103515625,-1.416015625,-0.0732421875,-1.0009765625,0.13427734375,0.40283203125,0,0.2685546875,-0.06103515625,-0.01220703125,-0.0732421875,-0.08544921875,-0.1220703125,0.10986328125,-0.2197265625,1.64794921875,0,1.953125,-0.0732421875,4.47998046875,-0.146484375,1.1962890625
1,-0.54931640625,-0.01220703125,0.2685546875,0.25634765625,0.13427734375,0.0732421875,0.06103515625,0.50048828125,0.244140625,-0.09765625,0.08544921875,-0.93994140625,-0.3662109375,1.01318359375,0.06103515625,-0.13427734375,-0.10986328125,-0.59814453125,0.0732421875,-0.146484375,-0.048828125,0.86669921875,0.1220703125,-0.59814453125,0.32958984375,-0.13427734375,-0.244140625,-0.7568359375,-0.52490234375,0.9033203125,-0.06103515625,0.1220703125,0.06103515625,3.30810546875,0.10986328125,1.64794921875,-0.42724609375,2.001953125,-0.01220703125,6.60400390625,0.10986328125,-0.1953125,-0.03662109375,-0.634765625,0.29296875,-0.537109375,0.5859375,0.78125,0.01220703125,4.638671875,-0.06103515625,3.57666015625,-0.06103515625,5.35888671875,0.50048828125,3.50341796875,-0.4638671875,0.8056640625,0.50048828125,0.54931640625,0.03662109375,0.5859375,0.29296875,0.2685546875,-0.03662109375,5.62744140625,-0.08544921875,4.57763671875,-0.03662109375,3.64990234375,-0.048828125,8.0810546875,-0.30517578125,7.99560546875,0.30517578125,10.6201171875,0.0732421875,6.34765625,-0.1708984375,8.59375,0.146484375,-0.67138671875,-0.146484375,-0.0732421875,-0.1220703125,-0.927734375,0.0244140625,-0.48828125,-0.0244140625,-1.47705078125,-0.244140625,-0.25634765625,0.42724609375,-0.32958984375,0,-1.28173828125,-0.08544921875,-0.732421875,0.06103515625,-0.7080078125,0.09765625,-0.64697265625,-0.1953125,-0.0732421875,0.23193359375,-0.732421875,0.06103515625,-1.416015625,-0.1220703125,-1.0009765625,0.1220703125,0.390625,-0.0244140625,0.2685546875,-0.048828125,0,-0.08544921875,-0.08544921875,-0.10986328125,0.146484375,-0.23193359375,1.5869140625,-0.01220703125,1.96533203125,-0.0732421875,4.33349609375,-0.13427734375,1.15966796875
1,-0.52490234375,0.06103515625,0.28076171875,0.30517578125,0.09765625,0.09765625,0.09765625,0.537109375,0.25634765625,-0.09765625,0.10986328125,-0.927734375,-0.341796875,1.025390625,0.06103515625,-0.146484375,-0.048828125,-0.59814453125,0.09765625,-0.13427734375,0.08544921875,0.84228515625,0.1953125,-0.5859375,0.40283203125,-0.08544921875,-0.244140625,-0.76904296875,-0.47607421875,0.9033203125,-0.03662109375,0.13427734375,0.08544921875,4.0771484375,0.06103515625,2.20947265625,-0.390625,2.5634765625,-0.0244140625,8.30078125,0.09765625,-0.20751953125,-0.06103515625,-0.59814453125,0.32958984375,-0.5615234375,0.537109375,0.84228515625,-0.048828125,4.33349609375,-0.0732421875,3.2958984375,-0.1220703125,4.833984375,0.5859375,3.28369140625,-0.439453125,0.79345703125,0.52490234375,0.537109375,0.0244140625,0.59814453125,0.2197265625,0.28076171875,0,5.33447265625,-0.0244140625,4.3701171875,-0.08544921875,3.45458984375,0.01220703125,7.568359375,-0.244140625,7.3974609375,0.29296875,9.8388671875,0.01220703125,5.87158203125,-0.13427734375,8.056640625,0.244140625,-0.5126953125,-0.10986328125,0.146484375,-0.146484375,-0.8056640625,0.146484375,-0.32958984375,0.01220703125,-1.47705078125,-0.244140625,-0.25634765625,0.29296875,-0.30517578125,0,-1.26953125,-0.08544921875,-0.74462890625,0.048828125,-0.68359375,0.08544921875,-0.634765625,-0.244140625,-0.08544921875,0.15869140625,-0.72021484375,0.03662109375,-1.4404296875,-0.15869140625,-0.9765625,0.10986328125,0.390625,-0.048828125,0.29296875,-0.06103515625,0,-0.08544921875,-0.09765625,-0.13427734375,0.146484375,-0.244140625,1.46484375,-0.01220703125,1.89208984375,-0.0732421875,4.00390625,-0.13427734375,1.03759765625
1,-0.52490234375,0.048828125,0.25634765625,0.25634765625,0.09765625,0.048828125,0.08544921875,0.48828125,0.244140625,-0.09765625,0.09765625,-0.927734375,-0.35400390625,1.025390625,0.08544921875,-0.146484375,-0.0244140625,-0.59814453125,0.13427734375,-0.13427734375,0.1953125,0.8544921875,0.2197265625,-0.5615234375,0.48828125,-0.048828125,-0.2197265625,-0.7568359375,-0.40283203125,0.91552734375,-0.0244140625,0.10986328125,0.048828125,4.7119140625,-0.0244140625,2.7099609375,-0.390625,3.08837890625,-0.09765625,9.72900390625,-0.048828125,-0.1953125,-0.0732421875,-0.59814453125,0.3662109375,-0.59814453125,0.4638671875,0.9033203125,-0.08544921875,4.11376953125,0.048828125,3.0517578125,-0.10986328125,4.345703125,0.7568359375,3.076171875,-0.45166015625,0.8056640625,0.4638671875,0.52490234375,0.01220703125,0.6103515625,0.1953125,0.29296875,0.01220703125,5.0537109375,0.0244140625,4.11376953125,-0.146484375,3.23486328125,0.1220703125,7.03125,-0.1220703125,6.6162109375,0.23193359375,8.8134765625,-0.10986328125,5.21240234375,-0.0732421875,7.36083984375,0.1953125,-0.28076171875,-0.1708984375,0.35400390625,-0.28076171875,-0.67138671875,0.10986328125,-0.1708984375,-0.03662109375,-1.4892578125,-0.2197265625,-0.2685546875,0.10986328125,-0.29296875,-0.01220703125,-1.2939453125,-0.09765625,-0.76904296875,0.048828125,-0.67138671875,0.06103515625,-0.64697265625,-0.2685546875,-0.08544921875,0.0732421875,-0.69580078125,0.06103515625,-1.4404296875,-0.1953125,-0.9765625,0.1708984375,0.390625,-0.06103515625,0.30517578125,-0.0244140625,-0.01220703125,-0.09765625,-0.13427734375,-0.146484375,0.15869140625,-0.244140625,1.28173828125,-0.0244140625,1.7578125,-0.09765625,3.52783203125,-0.09765625,0.86669921875
1,-0.54931640625,-0.0732421875,0.28076171875,0.15869140625,0.08544921875,-0.0244140625,0.08544921875,0.390625,0.2197265625,-0.1220703125,0.08544921875,-0.91552734375,-0.390625,1.0498046875,0.10986328125,-0.15869140625,0.06103515625,-0.59814453125,0.1708984375,-0.146484375,0.32958984375,0.84228515625,0.1708984375,-0.57373046875,0.48828125,-0.048828125,-0.20751953125,-0.76904296875,-0.32958984375,0.927734375,-0.01220703125,0.1220703125,0.01220703125,5.16357421875,-0.1220703125,3.0517578125,-0.40283203125,3.466796875,-0.09765625,10.83984375,-0.1220703125,-0.1953125,-0.0244140625,-0.59814453125,0.390625,-0.6103515625,0.4638671875,0.927734375,-0.1708984375,4.00390625,0.0732421875,2.86865234375,-0.20751953125,3.9794921875,0.8056640625,2.94189453125,-0.4150390625,0.79345703125,0.4150390625,0.52490234375,0.03662109375,0.62255859375,0.15869140625,0.3173828125,0.03662109375,4.78515625,0.1220703125,3.91845703125,-0.15869140625,3.01513671875,0.20751953125,6.53076171875,-0.03662109375,5.712890625,0.20751953125,7.70263671875,-0.18310546875,4.4677734375,-0.048828125,6.48193359375,0.1708984375,-0.08544921875,-0.15869140625,0.6103515625,-0.40283203125,-0.537109375,0.048828125,-0.01220703125,-0.048828125,-1.4892578125,-0.20751953125,-0.2685546875,0.0244140625,-0.30517578125,-0.08544921875,-1.2939453125,-0.1220703125,-0.76904296875,0.048828125,-0.62255859375,0.0244140625,-0.634765625,-0.25634765625,-0.09765625,-0.03662109375,-0.7080078125,0.06103515625,-1.42822265625,-0.20751953125,-0.96435546875,0.15869140625,0.390625,-0.09765625,0.30517578125,-0.01220703125,0,-0.09765625,-0.09765625,-0.15869140625,0.15869140625,-0.2685546875,1.08642578125,-0.01220703125,1.62353515625,-0.09765625,2.96630859375,-0.0732421875,0.64697265625
1,-0.537109375,-0.23193359375,0.25634765625,0,0.08544921875,-0.10986328125,0.10986328125,0.244140625,0.1953125,-0.1220703125,0.06103515625,-0.927734375,-0.42724609375,1.06201171875,0.0732421875,-0.18310546875,0.1220703125,-0.59814453125,0.15869140625,-0.15869140625,0.3662109375,0.84228515625,0.10986328125,-0.5615234375,0.48828125,-0.0732421875,-0.2197265625,-0.76904296875,-0.25634765625,0.9521484375,0,0.10986328125,0.048828125,5.45654296875,-0.08544921875,3.271484375,-0.40283203125,3.6865234375,-0.0732421875,11.48681640625,-0.1953125,-0.1953125,-0.048828125,-0.6103515625,0.37841796875,-0.57373046875,0.40283203125,0.91552734375,-0.18310546875,3.96728515625,0.0732421875,2.783203125,-0.28076171875,3.72314453125,0.78125,2.86865234375,-0.3662109375,0.8056640625,0.37841796875,0.537109375,0.0732421875,0.62255859375,0.18310546875,0.341796875,-0.048828125,4.541015625,0.20751953125,3.69873046875,-0.13427734375,2.81982421875,0.15869140625,6.0546875,0.01220703125,4.74853515625,0.15869140625,6.396484375,-0.244140625,3.6376953125,-0.0244140625,5.5419921875,0.15869140625,0.08544921875,-0.10986328125,0.830078125,-0.439453125,-0.390625,-0.01220703125,0.1708984375,-0.08544921875,-1.47705078125,-0.1953125,-0.2685546875,-0.0732421875,-0.30517578125,-0.10986328125,-1.318359375,-0.09765625,-0.78125,0.048828125,-0.64697265625,-0.048828125,-0.67138671875,-0.244140625,-0.09765625,-0.08544921875,-0.7080078125,0,-1.4404296875,-0.20751953125,-0.9765625,0.18310546875,0.390625,-0.1220703125,0.30517578125,0,-0.0244140625,-0.08544921875,-0.0732421875,-0.18310546875,0.146484375,-0.25634765625,0.87890625,-0.0244140625,1.4404296875,-0.13427734375,2.30712890625,-0.048828125,0.40283203125
1,-0.5615234375,-0.45166015625,0.2685546875,-0.18310546875,0.09765625,-0.2197265625,0.09765625,0.09765625,0.18310546875,-0.10986328125,0.03662109375,-0.927734375,-0.4150390625,1.06201171875,0.0732421875,-0.20751953125,0.13427734375,-0.5859375,0.15869140625,-0.18310546875,0.390625,0.8544921875,0.01220703125,-0.5859375,0.45166015625,-0.09765625,-0.2197265625,-0.76904296875,-0.23193359375,0.93994140625,-0.0244140625,0.09765625,0.048828125,5.5419921875,-0.10986328125,3.35693359375,-0.42724609375,3.7841796875,-0.1708984375,11.75537109375,-0.20751953125,-0.1708984375,-0.048828125,-0.62255859375,0.390625,-0.5126953125,0.390625,0.927734375,-0.20751953125,3.955078125,0.09765625,2.783203125,-0.37841796875,3.662109375,0.7568359375,2.880859375,-0.341796875,0.79345703125,0.3662109375,0.5615234375,0.06103515625,0.634765625,0.244140625,0.3173828125,-0.10986328125,4.26025390625,0.2685546875,3.52783203125,-0.08544921875,2.62451171875,0.1220703125,5.6640625,0.03662109375,3.7353515625,0.1220703125,5.09033203125,-0.2685546875,2.81982421875,-0.06103515625,4.60205078125,0.15869140625,0.20751953125,-0.06103515625,0.98876953125,-0.45166015625,-0.28076171875,-0.0732421875,0.29296875,-0.1220703125,-1.4892578125,-0.1708984375,-0.28076171875,-0.18310546875,-0.32958984375,-0.13427734375,-1.3427734375,-0.1220703125,-0.76904296875,0.06103515625,-0.62255859375,-0.08544921875,-0.67138671875,-0.20751953125,-0.08544921875,-0.0732421875,-0.67138671875,-0.09765625,-1.45263671875,-0.1953125,-0.9765625,0.244140625,0.390625,-0.146484375,0.29296875,0,-0.048828125,-0.0732421875,-0.06103515625,-0.20751953125,0.1220703125,-0.25634765625,0.62255859375,-0.03662109375,1.2451171875,-0.146484375,1.69677734375,-0.06103515625,0.13427734375
1,-0.54931640625,-0.64697265625,0.32958984375,-0.32958984375,0.08544921875,-0.32958984375,0.146484375,-0.048828125,0.15869140625,-0.09765625,0.03662109375,-0.96435546875,-0.4150390625,1.0498046875,0.03662109375,-0.23193359375,0.13427734375,-0.57373046875,0.15869140625,-0.1953125,0.390625,0.84228515625,-0.0732421875,-0.59814453125,0.390625,-0.1220703125,-0.2685546875,-0.7568359375,-0.1953125,0.93994140625,-0.01220703125,0.09765625,0.0732421875,5.43212890625,-0.08544921875,3.30810546875,-0.50048828125,3.72314453125,-0.28076171875,11.63330078125,-0.146484375,-0.1708984375,-0.0732421875,-0.6591796875,0.2685546875,-0.48828125,0.29296875,0.91552734375,-0.23193359375,3.99169921875,0.06103515625,2.81982421875,-0.40283203125,3.69873046875,0.7568359375,2.89306640625,-0.3173828125,0.8056640625,0.390625,0.57373046875,0.09765625,0.64697265625,0.28076171875,0.3173828125,-0.15869140625,4.01611328125,0.29296875,3.35693359375,-0.03662109375,2.44140625,0.09765625,5.31005859375,0.0244140625,2.734375,0.048828125,3.857421875,-0.1953125,2.0263671875,-0.08544921875,3.61328125,0.146484375,0.2685546875,0.03662109375,1.11083984375,-0.45166015625,-0.25634765625,-0.1220703125,0.37841796875,-0.15869140625,-1.4892578125,-0.18310546875,-0.2685546875,-0.29296875,-0.35400390625,-0.09765625,-1.35498046875,-0.13427734375,-0.78125,0.0732421875,-0.64697265625,-0.10986328125,-0.67138671875,-0.15869140625,-0.09765625,-0.06103515625,-0.69580078125,-0.1953125,-1.4404296875,-0.18310546875,-1.0009765625,0.25634765625,0.40283203125,-0.13427734375,0.29296875,0,-0.03662109375,-0.09765625,-0.03662109375,-0.1708984375,0.10986328125,-0.244140625,0.4150390625,-0.0244140625,1.06201171875,-0.15869140625,1.0986328125,-0.03662109375,-0.1220703125
1,-0.54931640625,-0.79345703125,0.28076171875,-0.45166015625,0.0732421875,-0.4150390625,0.15869140625,-0.10986328125,0.13427734375,-0.10986328125,0.01220703125,-0.96435546875,-0.42724609375,1.0498046875,0.0244140625,-0.2197265625,0.09765625,-0.5859375,0.146484375,-0.1953125,0.3173828125,0.84228515625,-0.10986328125,-0.5859375,0.35400390625,-0.146484375,-0.30517578125,-0.732421875,-0.1953125,0.93994140625,0,0.09765625,0.0732421875,5.2001953125,-0.13427734375,3.1494140625,-0.5859375,3.5400390625,-0.40283203125,11.181640625,-0.20751953125,-0.1220703125,-0.0732421875,-0.69580078125,0.18310546875,-0.47607421875,0.1953125,0.91552734375,-0.2197265625,3.99169921875,0.0732421875,2.8564453125,-0.439453125,3.74755859375,0.7080078125,2.91748046875,-0.3173828125,0.8056640625,0.4150390625,0.57373046875,0.1220703125,0.634765625,0.30517578125,0.3173828125,-0.18310546875,3.77197265625,0.2685546875,3.1982421875,0.048828125,2.2705078125,0.03662109375,4.98046875,0.08544921875,1.85546875,-0.0244140625,2.685546875,-0.10986328125,1.28173828125,-0.1220703125,2.74658203125,0.146484375,0.30517578125,0.1708984375,1.123046875,-0.40283203125,-0.28076171875,-0.146484375,0.37841796875,-0.15869140625,-1.4892578125,-0.20751953125,-0.2685546875,-0.40283203125,-0.3662109375,-0.0732421875,-1.3427734375,-0.15869140625,-0.7568359375,0.08544921875,-0.6591796875,-0.09765625,-0.6591796875,-0.146484375,-0.08544921875,0.01220703125,-0.68359375,-0.30517578125,-1.416015625,-0.1708984375,-1.025390625,0.244140625,0.390625,-0.1220703125,0.2685546875,0,-0.0732421875,-0.09765625,-0.0244140625,-0.15869140625,0.08544921875,-0.244140625,0.1708984375,-0.03662109375,0.9033203125,-0.146484375,0.52490234375,-0.048828125,-0.35400390625
1,-0.537109375,-0.84228515625,0.30517578125,-0.47607421875,0.06103515625,-0.42724609375,0.18310546875,-0.10986328125,0.09765625,-0.09765625,0.0244140625,-0.9765625,-0.40283203125,1.025390625,-0.0244140625,-0.2197265625,0.06103515625,-0.57373046875,0.1708984375,-0.20751953125,0.20751953125,0.84228515625,-0.09765625,-0.6103515625,0.244140625,-0.18310546875,-0.30517578125,-0.72021484375,-0.10986328125,0.927734375,0,0.10986328125,0.08544921875,4.84619140625,-0.18310546875,2.880859375,-0.64697265625,3.25927734375,-0.4638671875,10.4736328125,-0.244140625,-0.10986328125,-0.0244140625,-0.7080078125,0.146484375,-0.45166015625,0.18310546875,0.927734375,-0.2197265625,3.91845703125,0.0244140625,2.8564453125,-0.4638671875,3.759765625,0.6591796875,2.9052734375,-0.341796875,0.78125,0.4150390625,0.5615234375,0.13427734375,0.6103515625,0.30517578125,0.29296875,-0.146484375,3.52783203125,0.30517578125,3.03955078125,0.08544921875,2.099609375,-0.01220703125,4.6630859375,0.09765625,1.06201171875,0,1.67236328125,0,0.634765625,-0.2197265625,2.001953125,0.13427734375,0.23193359375,0.244140625,1.0498046875,-0.37841796875,-0.3662109375,-0.15869140625,0.28076171875,-0.146484375,-1.47705078125,-0.20751953125,-0.25634765625,-0.50048828125,-0.3662109375,0.01220703125,-1.35498046875,-0.18310546875,-0.74462890625,0.0732421875,-0.67138671875,-0.08544921875,-0.67138671875,-0.13427734375,-0.08544921875,0.03662109375,-0.69580078125,-0.3662109375,-1.416015625,-0.13427734375,-1.025390625,0.23193359375,0.390625,-0.09765625,0.2685546875,-0.0244140625,-0.06103515625,-0.08544921875,-0.01220703125,-0.146484375,0.0732421875,-0.2197265625,0.01220703125,-0.06103515625,0.76904296875,-0.15869140625,0.048828125,-0.08544921875,-0.54931640625
1,-0.57373046875,-0.81787109375,0.23193359375,-0.45166015625,-0.0244140625,-0.42724609375,0.1220703125,-0.0732421875,0.09765625,-0.09765625,0.03662109375,-0.9765625,-0.390625,1.01318359375,-0.01220703125,-0.18310546875,0.0244140625,-0.5859375,0.1953125,-0.20751953125,0.10986328125,0.8544921875,-0.048828125,-0.6103515625,0.146484375,-0.18310546875,-0.32958984375,-0.732421875,-0.0244140625,0.927734375,-0.0244140625,0.08544921875,0.0732421875,4.4189453125,-0.29296875,2.52685546875,-0.7080078125,2.94189453125,-0.54931640625,9.5947265625,-0.35400390625,-0.06103515625,-0.0244140625,-0.74462890625,0.10986328125,-0.47607421875,0.2197265625,0.9765625,-0.18310546875,3.7841796875,0.0732421875,2.7587890625,-0.35400390625,3.64990234375,0.6103515625,2.8076171875,-0.3662109375,0.76904296875,0.4150390625,0.537109375,0.1220703125,0.6103515625,0.3173828125,0.244140625,-0.08544921875,3.28369140625,0.29296875,2.9052734375,0.09765625,1.96533203125,0.03662109375,4.33349609375,0.09765625,0.40283203125,0.03662109375,0.84228515625,0.10986328125,0.13427734375,-0.3173828125,1.3671875,0.09765625,0.10986328125,0.30517578125,0.9033203125,-0.341796875,-0.5126953125,-0.146484375,0.18310546875,-0.10986328125,-1.46484375,-0.2197265625,-0.244140625,-0.5615234375,-0.37841796875,0.08544921875,-1.35498046875,-0.2197265625,-0.732421875,0.048828125,-0.69580078125,-0.08544921875,-0.67138671875,-0.15869140625,-0.09765625,0,-0.69580078125,-0.40283203125,-1.416015625,-0.09765625,-1.0498046875,0.2197265625,0.37841796875,-0.0732421875,0.25634765625,-0.06103515625,-0.06103515625,-0.08544921875,0,-0.13427734375,0.0732421875,-0.20751953125,-0.13427734375,-0.03662109375,0.68359375,-0.1708984375,-0.341796875,-0.09765625,-0.7080078125
0,-0.5615234375,-0.72021484375,0.2197265625,-0.37841796875,0,-0.3662109375,0.13427734375,-0.0244140625,0.1220703125,-0.09765625,0.0244140625,-0.96435546875,-0.3662109375,1.01318359375,-0.01220703125,-0.15869140625,-0.0244140625,-0.57373046875,0.23193359375,-0.1953125,-0.01220703125,0.8544921875,0,-0.62255859375,0.08544921875,-0.1708984375,-0.32958984375,-0.72021484375,0.08544921875,0.927734375,-0.08544921875,0.09765625,0.08544921875,3.94287109375,-0.42724609375,2.18505859375,-0.76904296875,2.587890625,-0.57373046875,8.60595703125,-0.40283203125,0.0244140625,-0.0244140625,-0.74462890625,0.048828125,-0.48828125,0.37841796875,1.0498046875,-0.2197265625,3.564453125,0.0732421875,2.57568359375,-0.29296875,3.3447265625,0.5126953125,2.62451171875,-0.439453125,0.78125,0.439453125,0.52490234375,0.10986328125,0.5859375,0.30517578125,0.2197265625,-0.0244140625,3.01513671875,0.244140625,2.7587890625,0.08544921875,1.81884765625,-0.03662109375,3.9794921875,0.06103515625,-0.06103515625,0.06103515625,0.1953125,0.15869140625,-0.28076171875,-0.42724609375,0.927734375,0.1220703125,-0.06103515625,0.3662109375,0.72021484375,-0.3173828125,-0.67138671875,-0.09765625,0.03662109375,-0.048828125,-1.46484375,-0.23193359375,-0.20751953125,-0.62255859375,-0.37841796875,0.1220703125,-1.3427734375,-0.23193359375,-0.732421875,0.03662109375,-0.69580078125,-0.1220703125,-0.67138671875,-0.1708984375,-0.08544921875,0,-0.7080078125,-0.4150390625,-1.40380859375,-0.06103515625,-1.025390625,0.18310546875,0.37841796875,-0.048828125,0.28076171875,-0.048828125,-0.06103515625,-0.08544921875,0,-0.1220703125,0.09765625,-0.15869140625,-0.244140625,-0.048828125,0.634765625,-0.1708984375,-0.62255859375,-0.10986328125,-0.79345703125
0,-0.537109375,-0.5859375,0.244140625,-0.28076171875,0.048828125,-0.32958984375,0.15869140625,0.048828125,0.10986328125,-0.09765625,0.048828125,-0.9521484375,-0.32958984375,1.01318359375,-0.01220703125,-0.18310546875,-0.0732421875,-0.59814453125,0.28076171875,-0.18310546875,-0.0732421875,0.86669921875,0.06103515625,-0.62255859375,0.06103515625,-0.15869140625,-0.32958984375,-0.72021484375,0.18310546875,0.91552734375,-0.1220703125,0.1220703125,0.09765625,3.45458984375,-0.54931640625,1.7822265625,-0.78125,2.2216796875,-0.62255859375,7.51953125,-0.40283203125,0.0732421875,0.01220703125,-0.74462890625,0.06103515625,-0.52490234375,0.40283203125,1.11083984375,-0.2197265625,3.2470703125,0.10986328125,2.25830078125,-0.18310546875,2.8564453125,0.45166015625,2.392578125,-0.45166015625,0.7568359375,0.4638671875,0.52490234375,0.0732421875,0.5615234375,0.3173828125,0.23193359375,0.048828125,2.72216796875,0.1953125,2.587890625,0.0732421875,1.64794921875,0.06103515625,3.52783203125,-0.03662109375,-0.390625,0.06103515625,-0.18310546875,0.1953125,-0.5615234375,-0.47607421875,0.634765625,0.08544921875,-0.1953125,0.341796875,0.537109375,-0.29296875,-0.830078125,-0.13427734375,-0.08544921875,-0.0244140625,-1.46484375,-0.2197265625,-0.1953125,-0.634765625,-0.37841796875,0.08544921875,-1.35498046875,-0.23193359375,-0.732421875,0.01220703125,-0.69580078125,-0.1708984375,-0.6591796875,-0.146484375,-0.0732421875,-0.048828125,-0.7080078125,-0.3662109375,-1.40380859375,-0.048828125,-1.01318359375,0.1220703125,0.37841796875,-0.01220703125,0.28076171875,-0.06103515625,-0.06103515625,-0.08544921875,-0.0244140625,-0.1220703125,0.10986328125,-0.146484375,-0.28076171875,-0.06103515625,0.5859375,-0.1953125,-0.81787109375,-0.1220703125,-0.8544921875
0,-0.59814453125,-0.439453125,0.18310546875,-0.20751953125,0.0244140625,-0.2685546875,0.10986328125,0.10986328125,0.10986328125,-0.0732421875,0.06103515625,-0.93994140625,-0.32958984375,1.0009765625,-0.0244140625,-0.18310546875,-0.13427734375,-0.5859375,0.30517578125,-0.1708984375,-0.10986328125,0.86669921875,0.09765625,-0.62255859375,0.06103515625,-0.09765625,-0.29296875,-0.7568359375,0.23193359375,0.93994140625,-0.15869140625,0.10986328125,0.0732421875,2.94189453125,-0.59814453125,1.3427734375,-0.76904296875,1.84326171875,-0.57373046875,6.4208984375,-0.3662109375,0.146484375,-0.01220703125,-0.72021484375,0.01220703125,-0.54931640625,0.45166015625,1.15966796875,-0.2197265625,2.86865234375,0.146484375,1.84326171875,-0.1220703125,2.18505859375,0.35400390625,2.06298828125,-0.50048828125,0.7568359375,0.45166015625,0.52490234375,0.048828125,0.54931640625,0.3662109375,0.2197265625,0.048828125,2.42919921875,0.10986328125,2.38037109375,-0.0244140625,1.46484375,0.09765625,2.99072265625,-0.08544921875,-0.5615234375,0.03662109375,-0.35400390625,0.1708984375,-0.69580078125,-0.45166015625,0.47607421875,0.10986328125,-0.3173828125,0.3662109375,0.35400390625,-0.28076171875,-0.9765625,-0.0732421875,-0.20751953125,0.048828125,-1.46484375,-0.15869140625,-0.1953125,-0.5859375,-0.341796875,0.03662109375,-1.33056640625,-0.1953125,-0.72021484375,-0.048828125,-0.6591796875,-0.1708984375,-0.64697265625,-0.15869140625,-0.08544921875,-0.08544921875,-0.69580078125,-0.3173828125,-1.3916015625,-0.0732421875,-1.01318359375,0.06103515625,0.37841796875,0.01220703125,0.28076171875,-0.06103515625,-0.0732421875,-0.0732421875,-0.03662109375,-0.13427734375,0.10986328125,-0.146484375,-0.3173828125,-0.0732421875,0.5615234375,-0.20751953125,-0.93994140625,-0.15869140625,-0.87890625
0,-0.57373046875,-0.32958984375,0.2197265625,-0.1220703125,0.03662109375,-0.23193359375,0.10986328125,0.13427734375,0.09765625,-0.08544921875,0.048828125,-0.93994140625,-0.3173828125,1.03759765625,0,-0.1953125,-0.1708984375,-0.6103515625,0.29296875,-0.18310546875,-0.1220703125,0.86669921875,0.08544921875,-0.5859375,0.13427734375,-0.09765625,-0.29296875,-0.76904296875,0.244140625,0.927734375,-0.1708984375,0.10986328125,-0.01220703125,2.392578125,-0.59814453125,0.91552734375,-0.69580078125,1.45263671875,-0.54931640625,5.28564453125,-0.3173828125,0.18310546875,-0.0244140625,-0.7080078125,0.08544921875,-0.5859375,0.50048828125,1.220703125,-0.2197265625,2.4658203125,0.1953125,1.416015625,-0.08544921875,1.4404296875,0.32958984375,1.7333984375,-0.4150390625,0.7568359375,0.439453125,0.52490234375,0.0244140625,0.5126953125,0.45166015625,0.20751953125,0.048828125,2.1240234375,0.0244140625,2.1484375,-0.146484375,1.26953125,0.15869140625,2.40478515625,-0.28076171875,-0.6103515625,-0.0732421875,-0.3173828125,0.09765625,-0.76904296875,-0.42724609375,0.45166015625,0.1953125,-0.42724609375,0.390625,0.244140625,-0.25634765625,-1.0498046875,0.01220703125,-0.30517578125,0.09765625,-1.46484375,-0.10986328125,-0.20751953125,-0.5126953125,-0.341796875,0.0244140625,-1.318359375,-0.146484375,-0.72021484375,-0.10986328125,-0.67138671875,-0.2197265625,-0.6591796875,-0.20751953125,-0.09765625,-0.0244140625,-0.72021484375,-0.2685546875,-1.40380859375,-0.10986328125,-0.9765625,0.01220703125,0.37841796875,0.03662109375,0.28076171875,-0.06103515625,-0.06103515625,-0.08544921875,-0.01220703125,-0.1220703125,0.13427734375,-0.13427734375,-0.29296875,-0.06103515625,0.54931640625,-0.20751953125,-1.0009765625,-0.18310546875,-0.8544921875
0,-0.5615234375,-0.30517578125,0.18310546875,-0.0732421875,0.048828125,-0.244140625,0.10986328125,0.13427734375,0.10986328125,-0.08544921875,0.03662109375,-0.93994140625,-0.30517578125,1.025390625,0,-0.18310546875,-0.146484375,-0.59814453125,0.2685546875,-0.1708984375,-0.06103515625,0.84228515625,0.048828125,-0.5859375,0.20751953125,-0.06103515625,-0.23193359375,-0.79345703125,0.20751953125,0.93994140625,-0.10986328125,0.10986328125,-0.06103515625,1.86767578125,-0.62255859375,0.47607421875,-0.62255859375,1.03759765625,-0.48828125,4.1259765625,-0.29296875,0.20751953125,-0.0244140625,-0.67138671875,0.08544921875,-0.5859375,0.42724609375,1.23291015625,-0.23193359375,2.099609375,0.29296875,0.98876953125,-0.0732421875,0.7080078125,0.2685546875,1.416015625,-0.40283203125,0.76904296875,0.4150390625,0.54931640625,-0.06103515625,0.52490234375,0.5126953125,0.23193359375,0.0732421875,1.7578125,0,1.89208984375,-0.23193359375,1.0498046875,0.23193359375,1.74560546875,-0.32958984375,-0.62255859375,-0.13427734375,-0.1953125,0.0732421875,-0.79345703125,-0.29296875,0.50048828125,0.1953125,-0.48828125,0.341796875,0.15869140625,-0.18310546875,-1.06201171875,0.0732421875,-0.35400390625,0.13427734375,-1.46484375,-0.03662109375,-0.23193359375,-0.4150390625,-0.32958984375,0.0244140625,-1.30615234375,-0.146484375,-0.7080078125,-0.15869140625,-0.67138671875,-0.244140625,-0.68359375,-0.23193359375,-0.09765625,0,-0.7080078125,-0.15869140625,-1.416015625,-0.15869140625,-1.0009765625,-0.01220703125,0.37841796875,0.01220703125,0.30517578125,-0.03662109375,-0.03662109375,-0.0732421875,-0.0244140625,-0.13427734375,0.13427734375,-0.1220703125,-0.29296875,-0.06103515625,0.54931640625,-0.1953125,-0.9521484375,-0.18310546875,-0.84228515625
0,-0.5859375,-0.3173828125,0.15869140625,-0.09765625,0.03662109375,-0.28076171875,0.09765625,0.08544921875,0.13427734375,-0.09765625,0.03662109375,-0.91552734375,-0.2685546875,1.01318359375,0.01220703125,-0.20751953125,-0.08544921875,-0.59814453125,0.2197265625,-0.18310546875,-0.01220703125,0.8544921875,0,-0.5859375,0.3173828125,-0.08544921875,-0.1953125,-0.76904296875,0.10986328125,0.96435546875,-0.0732421875,0.10986328125,-0.06103515625,1.33056640625,-0.57373046875,0.06103515625,-0.52490234375,0.62255859375,-0.4150390625,2.99072265625,-0.2197265625,0.20751953125,0.0244140625,-0.634765625,0.09765625,-0.5859375,0.45166015625,1.20849609375,-0.25634765625,1.81884765625,0.3173828125,0.6591796875,0.01220703125,0.09765625,0.1708984375,1.18408203125,-0.3662109375,0.78125,0.341796875,0.54931640625,-0.1708984375,0.5126953125,0.537109375,0.2685546875,0.15869140625,1.42822265625,-0.048828125,1.6357421875,-0.28076171875,0.8056640625,0.25634765625,1.15966796875,-0.2685546875,-0.62255859375,-0.13427734375,0.06103515625,0.06103515625,-0.732421875,-0.15869140625,0.5859375,0.146484375,-0.50048828125,0.25634765625,0.146484375,-0.20751953125,-1.0498046875,0.0244140625,-0.3662109375,0.1708984375,-1.4892578125,0,-0.244140625,-0.2685546875,-0.3173828125,0.03662109375,-1.28173828125,-0.146484375,-0.72021484375,-0.1953125,-0.64697265625,-0.23193359375,-0.6591796875,-0.28076171875,-0.09765625,0.03662109375,-0.68359375,-0.048828125,-1.42822265625,-0.1708984375,-1.0009765625,0.01220703125,0.3662109375,0.0244140625,0.30517578125,-0.03662109375,-0.048828125,-0.08544921875,-0.01220703125,-0.146484375,0.146484375,-0.146484375,-0.23193359375,-0.09765625,0.5859375,-0.244140625,-0.87890625,-0.25634765625,-0.79345703125
0,-0.6103515625,-0.390625,0.10986328125,-0.10986328125,0,-0.30517578125,0.08544921875,0.048828125,0.13427734375,-0.1220703125,0.048828125,-0.91552734375,-0.2685546875,1.025390625,0,-0.18310546875,0,-0.6103515625,0.1708984375,-0.18310546875,0.01220703125,0.86669921875,-0.01220703125,-0.5859375,0.3662109375,-0.09765625,-0.15869140625,-0.79345703125,0.01220703125,0.9521484375,-0.048828125,0.10986328125,-0.08544921875,0.76904296875,-0.52490234375,-0.35400390625,-0.4150390625,0.1953125,-0.35400390625,1.89208984375,-0.13427734375,0.18310546875,0.13427734375,-0.634765625,0.08544921875,-0.54931640625,0.50048828125,1.13525390625,-0.18310546875,1.6845703125,0.32958984375,0.48828125,0,-0.25634765625,0.10986328125,1.06201171875,-0.25634765625,0.8056640625,0.29296875,0.5615234375,-0.2685546875,0.52490234375,0.6103515625,0.29296875,0.146484375,1.15966796875,-0.08544921875,1.45263671875,-0.35400390625,0.62255859375,0.1708984375,0.7080078125,-0.23193359375,-0.54931640625,-0.1220703125,0.25634765625,0.048828125,-0.6591796875,-0.03662109375,0.634765625,0.1708984375,-0.48828125,0.28076171875,0.146484375,-0.048828125,-0.96435546875,0.06103515625,-0.35400390625,0.20751953125,-1.50146484375,0.06103515625,-0.2197265625,-0.09765625,-0.32958984375,0.048828125,-1.25732421875,-0.15869140625,-0.72021484375,-0.2197265625,-0.64697265625,-0.2197265625,-0.64697265625,-0.29296875,-0.1220703125,0.10986328125,-0.67138671875,0.06103515625,-1.40380859375,-0.1708984375,-0.98876953125,0.01220703125,0.390625,0.0244140625,0.29296875,-0.03662109375,-0.0244140625,-0.0732421875,0,-0.15869140625,0.13427734375,-0.13427734375,-0.23193359375,-0.10986328125,0.5859375,-0.23193359375,-0.8056640625,-0.244140625,-0.74462890625
0,-0.57373046875,-0.48828125,0.10986328125,-0.15869140625,0.01220703125,-0.341796875,0.08544921875,0.0244140625,0.1220703125,-0.10986328125,0.06103515625,-0.91552734375,-0.2197265625,1.025390625,-0.03662109375,-0.18310546875,0.09765625,-0.6103515625,0.10986328125,-0.20751953125,0.0244140625,0.8544921875,-0.0244140625,-0.59814453125,0.390625,-0.10986328125,-0.146484375,-0.79345703125,-0.10986328125,0.9521484375,-0.03662109375,0.09765625,-0.1220703125,0.23193359375,-0.45166015625,-0.732421875,-0.37841796875,-0.23193359375,-0.3173828125,0.8544921875,0.01220703125,0.1220703125,0.20751953125,-0.634765625,0.048828125,-0.5126953125,0.45166015625,0.98876953125,-0.146484375,1.6845703125,0.2685546875,0.52490234375,-0.01220703125,-0.28076171875,0.048828125,1.08642578125,-0.1708984375,0.8056640625,0.244140625,0.59814453125,-0.32958984375,0.52490234375,0.64697265625,0.30517578125,0.15869140625,1.0009765625,-0.0732421875,1.33056640625,-0.32958984375,0.5126953125,0.146484375,0.4638671875,-0.1220703125,-0.52490234375,-0.09765625,0.47607421875,0.01220703125,-0.59814453125,0.03662109375,0.732421875,0.10986328125,-0.50048828125,0.15869140625,0.15869140625,0.09765625,-0.86669921875,0,-0.35400390625,0.23193359375,-1.4892578125,0.03662109375,-0.244140625,0.048828125,-0.32958984375,0.0732421875,-1.28173828125,-0.1953125,-0.732421875,-0.20751953125,-0.64697265625,-0.20751953125,-0.64697265625,-0.28076171875,-0.09765625,0.09765625,-0.7080078125,0.15869140625,-1.3916015625,-0.1708984375,-0.98876953125,0.01220703125,0.37841796875,0.0244140625,0.3173828125,-0.03662109375,-0.03662109375,-0.09765625,-0.01220703125,-0.1953125,0.13427734375,-0.1220703125,-0.18310546875,-0.08544921875,0.634765625,-0.23193359375,-0.74462890625,-0.23193359375,-0.732421875
0,-0.57373046875,-0.54931640625,0.1708984375,-0.15869140625,0.03662109375,-0.3662109375,0.08544921875,-0.01220703125,0.0732421875,-0.10986328125,0.0732421875,-0.93994140625,-0.20751953125,1.025390625,-0.0244140625,-0.18310546875,0.1708984375,-0.6103515625,0.0732421875,-0.2197265625,-0.048828125,0.84228515625,-0.03662109375,-0.5859375,0.4150390625,-0.146484375,-0.146484375,-0.78125,-0.2197265625,0.9521484375,-0.03662109375,0.08544921875,-0.08544921875,-0.244140625,-0.3662109375,-1.0498046875,-0.32958984375,-0.59814453125,-0.29296875,-0.0732421875,0.146484375,0.0732421875,0.2685546875,-0.64697265625,0.0244140625,-0.47607421875,0.4638671875,0.8544921875,-0.01220703125,1.86767578125,0.23193359375,0.7568359375,0.0732421875,0.048828125,0.08544921875,1.26953125,-0.10986328125,0.8056640625,0.2685546875,0.5859375,-0.35400390625,0.52490234375,0.6103515625,0.30517578125,0.1708984375,0.96435546875,-0.03662109375,1.33056640625,-0.2685546875,0.47607421875,-0.048828125,0.50048828125,-0.03662109375,-0.47607421875,-0.048828125,0.59814453125,0.048828125,-0.52490234375,0.06103515625,0.78125,0.03662109375,-0.5126953125,0.048828125,0.18310546875,0.146484375,-0.7568359375,-0.0732421875,-0.32958984375,0.2685546875,-1.4892578125,0,-0.244140625,0.20751953125,-0.341796875,0.09765625,-1.26953125,-0.1953125,-0.7080078125,-0.20751953125,-0.64697265625,-0.2197265625,-0.634765625,-0.2685546875,-0.10986328125,0.13427734375,-0.7080078125,0.23193359375,-1.416015625,-0.15869140625,-0.98876953125,0.01220703125,0.390625,0.01220703125,0.30517578125,-0.01220703125,-0.0244140625,-0.0732421875,-0.01220703125,-0.18310546875,0.1220703125,-0.146484375,-0.1953125,-0.10986328125,0.634765625,-0.244140625,-0.72021484375,-0.244140625,-0.732421875
0,-0.5859375,-0.5859375,0.13427734375,-0.20751953125,0.01220703125,-0.341796875,0.048828125,-0.03662109375,0.0732421875,-0.09765625,0.08544921875,-0.9521484375,-0.1708984375,1.01318359375,-0.048828125,-0.1953125,0.2197265625,-0.59814453125,0.0244140625,-0.1953125,-0.1708984375,0.87890625,-0.06103515625,-0.59814453125,0.4150390625,-0.15869140625,-0.10986328125,-0.7568359375,-0.3173828125,0.927734375,-0.06103515625,0.08544921875,-0.0244140625,-0.64697265625,-0.20751953125,-1.2939453125,-0.25634765625,-0.9033203125,-0.2197265625,-0.81787109375,0.2685546875,0.01220703125,0.341796875,-0.67138671875,-0.0244140625,-0.4638671875,0.35400390625,0.7080078125,0.10986328125,2.25830078125,0.1708984375,1.171875,0,0.732421875,0.15869140625,1.611328125,-0.06103515625,0.81787109375,0.2685546875,0.57373046875,-0.35400390625,0.5615234375,0.5615234375,0.30517578125,0.13427734375,1.11083984375,-0.06103515625,1.47705078125,-0.2197265625,0.59814453125,-0.15869140625,0.89111328125,0.01220703125,-0.4150390625,-0.0244140625,0.634765625,0.1220703125,-0.48828125,0.08544921875,0.81787109375,0.01220703125,-0.5126953125,-0.01220703125,0.15869140625,0.28076171875,-0.68359375,-0.08544921875,-0.3173828125,0.25634765625,-1.47705078125,0,-0.2685546875,0.3173828125,-0.341796875,0.10986328125,-1.28173828125,-0.1953125,-0.7080078125,-0.15869140625,-0.6591796875,-0.23193359375,-0.634765625,-0.20751953125,-0.1220703125,0.13427734375,-0.69580078125,0.29296875,-1.416015625,-0.13427734375,-0.98876953125,0.0244140625,0.390625,0.03662109375,0.30517578125,-0.01220703125,-0.0732421875,-0.08544921875,-0.0244140625,-0.1953125,0.10986328125,-0.15869140625,-0.1708984375,-0.10986328125,0.6591796875,-0.2197265625,-0.7080078125,-0.23193359375,-0.732421875
0,-0.5615234375,-0.59814453125,0.146484375,-0.15869140625,0.03662109375,-0.30517578125,0.06103515625,0.01220703125,0.048828125,-0.08544921875,0.08544921875,-0.9521484375,-0.1708984375,1.0009765625,-0.0732421875,-0.1953125,0.23193359375,-0.6103515625,-0.01220703125,-0.1953125,-0.30517578125,0.87890625,-0.1220703125,-0.62255859375,0.40283203125,-0.1708984375,-0.08544921875,-0.74462890625,-0.3662109375,0.91552734375,-0.08544921875,0.1220703125,0.06103515625,-0.98876953125,-0.1220703125,-1.4892578125,-0.2197265625,-1.13525390625,-0.1953125,-1.416015625,0.28076171875,-0.03662109375,0.35400390625,-0.67138671875,-0.048828125,-0.45166015625,0.3173828125,0.5859375,0.18310546875,2.79541015625,0.09765625,1.7333984375,-0.03662109375,1.708984375,0.1708984375,2.0751953125,-0.10986328125,0.79345703125,0.25634765625,0.5615234375,-0.341796875,0.5859375,0.50048828125,0.2685546875,0.09765625,1.4404296875,-0.08544921875,1.77001953125,-0.09765625,0.84228515625,-0.20751953125,1.59912109375,0.06103515625,-0.3662109375,0.08544921875,0.6591796875,0.20751953125,-0.45166015625,0.048828125,0.830078125,-0.03662109375,-0.52490234375,-0.13427734375,0.146484375,0.3173828125,-0.62255859375,-0.1220703125,-0.341796875,0.23193359375,-1.4404296875,0,-0.25634765625,0.42724609375,-0.32958984375,0.1708984375,-1.2939453125,-0.1708984375,-0.69580078125,-0.1220703125,-0.6591796875,-0.146484375,-0.634765625,-0.15869140625,-0.08544921875,0.1220703125,-0.69580078125,0.30517578125,-1.3916015625,-0.09765625,-1.01318359375,0.01220703125,0.390625,0,0.30517578125,0,-0.048828125,-0.0732421875,-0.048828125,-0.18310546875,0.10986328125,-0.1708984375,-0.1953125,-0.09765625,0.64697265625,-0.20751953125,-0.74462890625,-0.23193359375,-0.7568359375
0,-0.59814453125,-0.54931640625,0.0732421875,-0.1220703125,0.03662109375,-0.2685546875,0.0244140625,0.06103515625,0.0244140625,-0.06103515625,0.06103515625,-0.9521484375,-0.1953125,1.0009765625,-0.09765625,-0.1953125,0.244140625,-0.6103515625,-0.03662109375,-0.18310546875,-0.4150390625,0.9033203125,-0.1953125,-0.62255859375,0.341796875,-0.1708984375,-0.09765625,-0.72021484375,-0.35400390625,0.927734375,-0.10986328125,0.09765625,0.1953125,-1.171875,-0.048828125,-1.55029296875,-0.2197265625,-1.2939453125,-0.23193359375,-1.79443359375,0.20751953125,-0.08544921875,0.23193359375,-0.69580078125,-0.03662109375,-0.42724609375,0.23193359375,0.5126953125,0.32958984375,3.4423828125,0.048828125,2.40478515625,-0.03662109375,2.83203125,0.23193359375,2.60009765625,-0.06103515625,0.79345703125,0.23193359375,0.5615234375,-0.35400390625,0.62255859375,0.390625,0.25634765625,0.0732421875,1.953125,-0.06103515625,2.1728515625,0.01220703125,1.25732421875,-0.37841796875,2.57568359375,-0.0732421875,-0.3173828125,0.2197265625,0.54931640625,0.23193359375,-0.4150390625,-0.0244140625,0.8544921875,-0.08544921875,-0.52490234375,-0.23193359375,0.1220703125,0.32958984375,-0.5859375,-0.09765625,-0.3662109375,0.1953125,-1.42822265625,0.03662109375,-0.244140625,0.52490234375,-0.35400390625,0.20751953125,-1.30615234375,-0.1708984375,-0.69580078125,-0.09765625,-0.69580078125,-0.09765625,-0.64697265625,-0.10986328125,-0.08544921875,0.1708984375,-0.72021484375,0.29296875,-1.37939453125,-0.0732421875,-1.01318359375,0.01220703125,0.37841796875,-0.048828125,0.29296875,-0.01220703125,-0.06103515625,-0.0732421875,-0.0732421875,-0.1708984375,0.10986328125,-0.1708984375,-0.1708984375,-0.09765625,0.634765625,-0.20751953125,-0.74462890625,-0.23193359375,-0.79345703125
0,-0.59814453125,-0.439453125,0.1220703125,-0.06103515625,0.0244140625,-0.1953125,0.048828125,0.15869140625,0.03662109375,-0.0244140625,0.06103515625,-0.96435546875,-0.1708984375,1.0009765625,-0.1220703125,-0.18310546875,0.23193359375,-0.59814453125,-0.06103515625,-0.1708984375,-0.5126953125,0.89111328125,-0.28076171875,-0.6103515625,0.2197265625,-0.15869140625,-0.08544921875,-0.72021484375,-0.341796875,0.9033203125,-0.10986328125,0.09765625,0.23193359375,-1.2451171875,0.06103515625,-1.5625,-0.15869140625,-1.3427734375,-0.29296875,-1.9775390625,0.1953125,-0.1220703125,0.146484375,-0.7080078125,-0.09765625,-0.40283203125,0.15869140625,0.439453125,0.37841796875,4.1015625,0.01220703125,3.08837890625,0.01220703125,4.052734375,0.25634765625,3.173828125,-0.0732421875,0.78125,0.23193359375,0.537109375,-0.3662109375,0.6103515625,0.32958984375,0.23193359375,0.01220703125,2.60009765625,-0.10986328125,2.7099609375,0.09765625,1.74560546875,-0.57373046875,3.72314453125,-0.1953125,-0.2685546875,0.3173828125,0.47607421875,0.25634765625,-0.390625,-0.1220703125,0.86669921875,-0.13427734375,-0.52490234375,-0.341796875,0.1220703125,0.2685546875,-0.59814453125,-0.09765625,-0.3662109375,0.146484375,-1.4404296875,0.03662109375,-0.2685546875,0.59814453125,-0.35400390625,0.2197265625,-1.3427734375,-0.1708984375,-0.69580078125,-0.0732421875,-0.68359375,-0.0244140625,-0.64697265625,-0.048828125,-0.08544921875,0.1953125,-0.7080078125,0.2685546875,-1.37939453125,-0.03662109375,-0.98876953125,0.048828125,0.40283203125,-0.08544921875,0.29296875,0,-0.06103515625,-0.08544921875,-0.08544921875,-0.1708984375,0.10986328125,-0.146484375,-0.18310546875,-0.06103515625,0.6103515625,-0.20751953125,-0.8056640625,-0.18310546875,-0.81787109375
1,-0.62255859375,-0.37841796875,0.13427734375,-0.01220703125,0.01220703125,-0.146484375,0.0244140625,0.20751953125,0.0244140625,-0.01220703125,0.03662109375,-0.93994140625,-0.20751953125,0.98876953125,-0.1220703125,-0.18310546875,0.1708984375,-0.6103515625,-0.0732421875,-0.15869140625,-0.57373046875,0.89111328125,-0.3173828125,-0.62255859375,0.146484375,-0.15869140625,-0.09765625,-0.72021484375,-0.29296875,0.9033203125,-0.09765625,0.10986328125,0.28076171875,-1.20849609375,0.1220703125,-1.52587890625,-0.146484375,-1.2939453125,-0.4150390625,-1.96533203125,0.13427734375,-0.10986328125,0.10986328125,-0.72021484375,-0.03662109375,-0.390625,0.15869140625,0.45166015625,0.48828125,4.77294921875,-0.03662109375,3.72314453125,0.0732421875,5.21240234375,0.29296875,3.6865234375,-0.146484375,0.76904296875,0.25634765625,0.5126953125,-0.4150390625,0.59814453125,0.244140625,0.20751953125,0.03662109375,3.3447265625,-0.15869140625,3.25927734375,0.1220703125,2.3193359375,-0.59814453125,5.0048828125,-0.29296875,-0.1953125,0.3173828125,0.4150390625,0.244140625,-0.37841796875,-0.1953125,0.89111328125,-0.06103515625,-0.4638671875,-0.32958984375,0.146484375,0.341796875,-0.5859375,0.01220703125,-0.341796875,0.048828125,-1.4404296875,0.048828125,-0.2685546875,0.67138671875,-0.341796875,0.244140625,-1.3427734375,-0.146484375,-0.69580078125,-0.08544921875,-0.69580078125,0.0732421875,-0.68359375,-0.0244140625,-0.09765625,0.1953125,-0.7080078125,0.244140625,-1.37939453125,0,-1.0009765625,0.048828125,0.40283203125,-0.0732421875,0.28076171875,0.01220703125,-0.0732421875,-0.09765625,-0.09765625,-0.1708984375,0.10986328125,-0.1953125,-0.2197265625,-0.09765625,0.5859375,-0.2197265625,-0.8544921875,-0.146484375,-0.84228515625
1,-0.634765625,-0.32958984375,0.0732421875,0.0244140625,0.01220703125,-0.15869140625,0.01220703125,0.244140625,-0.01220703125,-0.01220703125,0.01220703125,-0.927734375,-0.20751953125,1.0009765625,-0.146484375,-0.18310546875,0.08544921875,-0.59814453125,-0.0732421875,-0.18310546875,-0.5615234375,0.86669921875,-0.32958984375,-0.6103515625,0.06103515625,-0.13427734375,-0.08544921875,-0.74462890625,-0.28076171875,0.9033203125,-0.09765625,0.13427734375,0.29296875,-1.0986328125,0.20751953125,-1.416015625,-0.146484375,-1.171875,-0.537109375,-1.79443359375,0.09765625,-0.08544921875,0.0732421875,-0.732421875,-0.03662109375,-0.4150390625,0.15869140625,0.48828125,0.50048828125,5.37109375,-0.03662109375,4.2724609375,0.03662109375,6.18896484375,0.341796875,4.13818359375,-0.18310546875,0.7568359375,0.25634765625,0.5126953125,-0.40283203125,0.59814453125,0.18310546875,0.1953125,0.0244140625,4.1015625,-0.1708984375,3.82080078125,0.146484375,2.9052734375,-0.45166015625,6.2744140625,-0.2685546875,-0.08544921875,0.3662109375,0.3662109375,0.1953125,-0.32958984375,-0.18310546875,0.96435546875,-0.03662109375,-0.390625,-0.341796875,0.2197265625,0.30517578125,-0.59814453125,0,-0.244140625,-0.0244140625,-1.45263671875,0.06103515625,-0.25634765625,0.67138671875,-0.341796875,0.244140625,-1.35498046875,-0.15869140625,-0.68359375,-0.08544921875,-0.69580078125,0.06103515625,-0.6591796875,0.0244140625,-0.08544921875,0.20751953125,-0.7080078125,0.1953125,-1.3916015625,0.01220703125,-0.98876953125,0.06103515625,0.390625,-0.06103515625,0.28076171875,0.048828125,-0.0732421875,-0.0732421875,-0.1220703125,-0.1953125,0.10986328125,-0.1708984375,-0.23193359375,-0.08544921875,0.5615234375,-0.25634765625,-0.86669921875,-0.09765625,-0.84228515625
1,-0.59814453125,-0.30517578125,0.15869140625,0.048828125,-0.01220703125,-0.146484375,0,0.25634765625,-0.01220703125,-0.048828125,0.01220703125,-0.927734375,-0.20751953125,1.0009765625,-0.15869140625,-0.18310546875,0.01220703125,-0.6103515625,-0.06103515625,-0.1708984375,-0.50048828125,0.86669921875,-0.25634765625,-0.59814453125,0,-0.1220703125,-0.03662109375,-0.76904296875,-0.29296875,0.9033203125,-0.09765625,0.1220703125,0.23193359375,-0.93994140625,0.25634765625,-1.318359375,-0.18310546875,-1.01318359375,-0.54931640625,-1.5869140625,0.06103515625,-0.03662109375,0.0732421875,-0.732421875,-0.01220703125,-0.439453125,0.1708984375,0.5859375,0.5126953125,5.82275390625,-0.08544921875,4.65087890625,-0.03662109375,6.89697265625,0.4150390625,4.4677734375,-0.2197265625,0.76904296875,0.25634765625,0.52490234375,-0.3662109375,0.5859375,0.15869140625,0.18310546875,0.03662109375,4.833984375,-0.146484375,4.35791015625,0.146484375,3.41796875,-0.4638671875,7.421875,-0.30517578125,0,0.244140625,0.40283203125,0.0244140625,-0.29296875,-0.25634765625,1.0009765625,-0.0244140625,-0.28076171875,-0.3662109375,0.3662109375,0.28076171875,-0.59814453125,-0.01220703125,-0.18310546875,-0.0732421875,-1.46484375,0.03662109375,-0.2685546875,0.64697265625,-0.341796875,0.1953125,-1.3427734375,-0.13427734375,-0.69580078125,-0.10986328125,-0.67138671875,0.048828125,-0.6591796875,0.03662109375,-0.09765625,0.1708984375,-0.69580078125,0.13427734375,-1.40380859375,0.06103515625,-0.9765625,0.048828125,0.390625,-0.06103515625,0.28076171875,0.06103515625,-0.0732421875,-0.0732421875,-0.10986328125,-0.1953125,0.1220703125,-0.1708984375,-0.2197265625,-0.09765625,0.54931640625,-0.2685546875,-0.87890625,-0.146484375,-0.830078125
1,-0.59814453125,-0.29296875,0.15869140625,0.03662109375,-0.0244140625,-0.1708984375,-0.01220703125,0.23193359375,-0.0732421875,-0.0244140625,-0.01220703125,-0.927734375,-0.20751953125,1.025390625,-0.13427734375,-0.1708984375,-0.0244140625,-0.59814453125,-0.0732421875,-0.20751953125,-0.4150390625,0.8544921875,-0.1708984375,-0.59814453125,-0.0244140625,-0.10986328125,0.01220703125,-0.76904296875,-0.35400390625,0.927734375,-0.1220703125,0.1220703125,0.1953125,-0.79345703125,0.3173828125,-1.18408203125,-0.244140625,-0.86669921875,-0.50048828125,-1.28173828125,-0.01220703125,-0.01220703125,0.06103515625,-0.69580078125,0.01220703125,-0.4638671875,0.146484375,0.67138671875,0.47607421875,6.0791015625,-0.06103515625,4.87060546875,-0.0732421875,7.32421875,0.50048828125,4.6630859375,-0.32958984375,0.76904296875,0.23193359375,0.52490234375,-0.35400390625,0.5615234375,0.13427734375,0.1953125,0.10986328125,5.4443359375,-0.06103515625,4.74853515625,0.13427734375,3.8330078125,-0.35400390625,8.33740234375,-0.244140625,0.0732421875,0.244140625,0.47607421875,-0.0244140625,-0.2197265625,-0.1708984375,1.0986328125,-0.0244140625,-0.146484375,-0.341796875,0.5126953125,0.244140625,-0.57373046875,-0.01220703125,-0.06103515625,-0.08544921875,-1.47705078125,0.048828125,-0.25634765625,0.5615234375,-0.32958984375,0.1953125,-1.35498046875,-0.10986328125,-0.72021484375,-0.1220703125,-0.68359375,0.048828125,-0.6591796875,0.06103515625,-0.0732421875,0.146484375,-0.68359375,0.09765625,-1.40380859375,0.10986328125,-0.98876953125,0.01220703125,0.40283203125,-0.048828125,0.28076171875,0.08544921875,-0.08544921875,-0.08544921875,-0.08544921875,-0.20751953125,0.146484375,-0.13427734375,-0.244140625,-0.06103515625,0.5615234375,-0.25634765625,-0.86669921875,-0.13427734375,-0.830078125
1,-0.5859375,-0.341796875,0.18310546875,0.06103515625,-0.048828125,-0.1953125,0,0.1953125,-0.03662109375,-0.06103515625,0,-0.93994140625,-0.2197265625,1.025390625,-0.15869140625,-0.1708984375,-0.06103515625,-0.59814453125,-0.048828125,-0.1953125,-0.2685546875,0.84228515625,-0.0732421875,-0.5859375,-0.0244140625,-0.09765625,0.10986328125,-0.78125,-0.439453125,0.9521484375,-0.146484375,0.1220703125,0.18310546875,-0.6591796875,0.29296875,-1.0986328125,-0.32958984375,-0.74462890625,-0.5859375,-1.01318359375,-0.048828125,0.01220703125,0.0244140625,-0.68359375,-0.03662109375,-0.48828125,0.15869140625,0.732421875,0.40283203125,6.14013671875,-0.01220703125,4.91943359375,-0.03662109375,7.421875,0.57373046875,4.69970703125,-0.341796875,0.830078125,0.20751953125,0.537109375,-0.30517578125,0.537109375,0.0244140625,0.2197265625,0.09765625,5.89599609375,0.0244140625,5.01708984375,0.09765625,4.1259765625,-0.37841796875,8.97216796875,-0.048828125,0.15869140625,0.30517578125,0.59814453125,-0.1220703125,-0.15869140625,-0.08544921875,1.15966796875,0.0244140625,-0.03662109375,-0.2197265625,0.67138671875,0.3173828125,-0.537109375,-0.01220703125,0.03662109375,-0.06103515625,-1.50146484375,0.01220703125,-0.244140625,0.45166015625,-0.341796875,0.1708984375,-1.3671875,-0.10986328125,-0.7080078125,-0.1220703125,-0.67138671875,0.06103515625,-0.64697265625,0.048828125,-0.08544921875,0.15869140625,-0.69580078125,0.048828125,-1.3916015625,0.1708984375,-0.9765625,0,0.4150390625,-0.01220703125,0.29296875,0.06103515625,-0.0732421875,-0.0732421875,-0.048828125,-0.18310546875,0.1220703125,-0.146484375,-0.244140625,-0.10986328125,0.57373046875,-0.29296875,-0.830078125,-0.1953125,-0.79345703125
1,-0.57373046875,-0.40283203125,0.1220703125,0.15869140625,-0.0732421875,-0.244140625,-0.03662109375,0.15869140625,-0.048828125,-0.08544921875,0.01220703125,-0.927734375,-0.20751953125,1.025390625,-0.13427734375,-0.20751953125,-0.0244140625,-0.5859375,-0.0244140625,-0.20751953125,-0.13427734375,0.84228515625,0.01220703125,-0.57373046875,0,-0.09765625,0.15869140625,-0.76904296875,-0.50048828125,0.93994140625,-0.13427734375,0.10986328125,0.20751953125,-0.52490234375,0.35400390625,-1.03759765625,-0.4150390625,-0.6591796875,-0.5126953125,-0.8056640625,-0.1708984375,0.01220703125,0.0732421875,-0.6591796875,-0.10986328125,-0.50048828125,0.2685546875,0.76904296875,0.35400390625,6.0302734375,0.01220703125,4.79736328125,-0.0732421875,7.2265625,0.6103515625,4.60205078125,-0.37841796875,0.8544921875,0.1953125,0.57373046875,-0.29296875,0.54931640625,-0.048828125,0.244140625,0.10986328125,6.1767578125,0.08544921875,5.1513671875,0.0732421875,4.248046875,-0.3662109375,9.24072265625,-0.08544921875,0.2197265625,0.15869140625,0.78125,-0.244140625,-0.08544921875,-0.09765625,1.25732421875,0,0.03662109375,-0.1708984375,0.79345703125,0.2197265625,-0.50048828125,0.01220703125,0.10986328125,-0.06103515625,-1.50146484375,0.01220703125,-0.23193359375,0.40283203125,-0.32958984375,0.146484375,-1.35498046875,-0.09765625,-0.7080078125,-0.1220703125,-0.67138671875,0.0732421875,-0.64697265625,0.01220703125,-0.08544921875,0.1220703125,-0.68359375,0,-1.40380859375,0.1953125,-1.0009765625,-0.01220703125,0.390625,0.01220703125,0.28076171875,0.06103515625,-0.06103515625,-0.0732421875,-0.048828125,-0.18310546875,0.13427734375,-0.13427734375,-0.20751953125,-0.10986328125,0.62255859375,-0.28076171875,-0.78125,-0.23193359375,-0.7568359375
1,-0.5615234375,-0.37841796875,0.13427734375,0.3662109375,-0.0732421875,-0.23193359375,-0.0244140625,0.1953125,-0.048828125,-0.08544921875,0,-0.91552734375,-0.18310546875,1.025390625,-0.13427734375,-0.1953125,0.01220703125,-0.6103515625,0,-0.2197265625,-0.01220703125,0.8544921875,0.09765625,-0.5615234375,0.06103515625,-0.08544921875,0.1708984375,-0.76904296875,-0.52490234375,0.96435546875,-0.13427734375,0.08544921875,0.146484375,-0.439453125,0.244140625,-1.0009765625,-0.54931640625,-0.62255859375,-0.48828125,-0.67138671875,-0.1708984375,0.01220703125,0.048828125,-0.6591796875,-0.146484375,-0.47607421875,0.29296875,0.8056640625,0.28076171875,5.74951171875,0.01220703125,4.50439453125,-0.10986328125,6.7626953125,0.67138671875,4.35791015625,-0.3173828125,0.89111328125,0.10986328125,0.5859375,-0.32958984375,0.5615234375,-0.10986328125,0.29296875,0.01220703125,6.25,0.146484375,5.1025390625,0.09765625,4.21142578125,-0.390625,9.16748046875,-0.0244140625,0.28076171875,0.1220703125,0.87890625,-0.2685546875,-0.0244140625,-0.01220703125,1.35498046875,0.0244140625,0.03662109375,-0.08544921875,0.81787109375,0.1953125,-0.52490234375,0.0732421875,0.13427734375,-0.03662109375,-1.513671875,0.01220703125,-0.23193359375,0.30517578125,-0.32958984375,0.13427734375,-1.33056640625,-0.09765625,-0.68359375,-0.13427734375,-0.6591796875,0.1220703125,-0.64697265625,-0.06103515625,-0.09765625,0.08544921875,-0.69580078125,-0.0244140625,-1.40380859375,0.2197265625,-1.01318359375,-0.048828125,0.40283203125,0.03662109375,0.3173828125,0.048828125,-0.06103515625,-0.0732421875,-0.0244140625,-0.15869140625,0.13427734375,-0.09765625,-0.1708984375,-0.06103515625,0.67138671875,-0.29296875,-0.74462890625,-0.20751953125,-0.7080078125
1,-0.537109375,-0.32958984375,0.13427734375,0.69580078125,-0.06103515625,-0.146484375,-0.048828125,0.29296875,-0.03662109375,-0.1220703125,0.01220703125,-0.927734375,-0.146484375,1.03759765625,-0.10986328125,-0.18310546875,0.03662109375,-0.59814453125,0.03662109375,-0.2197265625,0.0732421875,0.8544921875,0.15869140625,-0.57373046875,0.09765625,-0.1220703125,0.18310546875,-0.78125,-0.537109375,0.93994140625,-0.09765625,0.08544921875,0.09765625,-0.42724609375,0.1953125,-1.0009765625,-0.62255859375,-0.6103515625,-0.45166015625,-0.62255859375,-0.2197265625,-0.01220703125,0.048828125,-0.6591796875,-0.18310546875,-0.47607421875,0.40283203125,0.78125,0.1953125,5.33447265625,0.0244140625,4.13818359375,-0.1708984375,6.11572265625,0.64697265625,4.052734375,-0.30517578125,0.927734375,0.06103515625,0.5859375,-0.29296875,0.5615234375,-0.1220703125,0.30517578125,-0.06103515625,6.103515625,0.1708984375,4.9072265625,0.1220703125,4.04052734375,-0.4150390625,8.77685546875,0,0.37841796875,0.0732421875,0.98876953125,-0.30517578125,0.06103515625,-0.03662109375,1.45263671875,0.01220703125,-0.03662109375,-0.0732421875,0.7568359375,0.09765625,-0.537109375,0.048828125,0.0732421875,0,-1.52587890625,-0.048828125,-0.244140625,0.244140625,-0.32958984375,0.09765625,-1.3427734375,-0.10986328125,-0.7080078125,-0.146484375,-0.64697265625,0.1708984375,-0.634765625,-0.10986328125,-0.09765625,0.0244140625,-0.7080078125,-0.0244140625,-1.3916015625,0.18310546875,-1.025390625,-0.08544921875,0.37841796875,0.03662109375,0.30517578125,0.06103515625,-0.048828125,-0.08544921875,-0.01220703125,-0.10986328125,0.1220703125,-0.09765625,-0.09765625,-0.09765625,0.72021484375,-0.32958984375,-0.7080078125,-0.25634765625,-0.6591796875
1,-0.537109375,-0.1953125,0.03662109375,1.18408203125,-0.06103515625,0.01220703125,-0.08544921875,0.48828125,-0.0244140625,-0.10986328125,0.01220703125,-0.93994140625,-0.13427734375,1.025390625,-0.08544921875,-0.1953125,0.0732421875,-0.6103515625,0.0732421875,-0.20751953125,0.1953125,0.87890625,0.25634765625,-0.57373046875,0.1953125,-0.13427734375,0.18310546875,-0.732421875,-0.4638671875,0.9521484375,-0.048828125,0.08544921875,0.08544921875,-0.4638671875,0.23193359375,-1.025390625,-0.57373046875,-0.64697265625,-0.2685546875,-0.67138671875,-0.23193359375,-0.0732421875,0.1220703125,-0.67138671875,-0.18310546875,-0.4638671875,0.3662109375,0.732421875,0.146484375,4.8095703125,0.03662109375,3.69873046875,-0.2197265625,5.38330078125,0.6591796875,3.62548828125,-0.2685546875,0.9521484375,0.0244140625,0.59814453125,-0.25634765625,0.57373046875,-0.09765625,0.30517578125,-0.08544921875,5.77392578125,0.1953125,4.6142578125,0.18310546875,3.74755859375,-0.4638671875,8.154296875,-0.0244140625,0.47607421875,0.01220703125,1.0986328125,-0.25634765625,0.18310546875,-0.03662109375,1.57470703125,0.08544921875,-0.1708984375,-0.09765625,0.634765625,0.09765625,-0.59814453125,0.048828125,-0.048828125,0.0244140625,-1.50146484375,-0.1220703125,-0.20751953125,0.15869140625,-0.32958984375,0.03662109375,-1.30615234375,-0.10986328125,-0.69580078125,-0.13427734375,-0.6591796875,0.1708984375,-0.634765625,-0.1708984375,-0.09765625,-0.048828125,-0.69580078125,-0.0244140625,-1.3916015625,0.146484375,-1.025390625,-0.0732421875,0.40283203125,0.06103515625,0.30517578125,0.048828125,-0.06103515625,-0.08544921875,0,-0.09765625,0.10986328125,-0.09765625,-0.048828125,-0.09765625,0.72021484375,-0.341796875,-0.64697265625,-0.2685546875,-0.59814453125
1,-0.5126953125,0.03662109375,0.01220703125,1.84326171875,-0.048828125,0.2685546875,-0.0732421875,0.7568359375,-0.0244140625,-0.09765625,0,-0.927734375,-0.1220703125,1.0009765625,-0.10986328125,-0.1708984375,0.08544921875,-0.62255859375,0.09765625,-0.1953125,0.28076171875,0.87890625,0.28076171875,-0.6103515625,0.2685546875,-0.146484375,0.15869140625,-0.732421875,-0.390625,0.9521484375,0.01220703125,0.09765625,-0.0244140625,-0.50048828125,0.13427734375,-1.03759765625,-0.6103515625,-0.69580078125,-0.20751953125,-0.732421875,-0.29296875,-0.1220703125,0.1220703125,-0.68359375,-0.23193359375,-0.4638671875,0.35400390625,0.67138671875,0.09765625,4.296875,0.0244140625,3.21044921875,-0.3173828125,4.57763671875,0.64697265625,3.21044921875,-0.20751953125,0.96435546875,0.01220703125,0.5859375,-0.1953125,0.57373046875,-0.06103515625,0.30517578125,-0.15869140625,5.2978515625,0.15869140625,4.21142578125,0.25634765625,3.33251953125,-0.5126953125,7.2998046875,0.10986328125,0.6103515625,-0.0244140625,1.20849609375,-0.1220703125,0.29296875,-0.01220703125,1.72119140625,0.10986328125,-0.3173828125,-0.13427734375,0.4638671875,0.048828125,-0.634765625,0,-0.20751953125,0.06103515625,-1.50146484375,-0.20751953125,-0.23193359375,0.06103515625,-0.3173828125,-0.048828125,-1.28173828125,-0.146484375,-0.7080078125,-0.09765625,-0.6591796875,0.15869140625,-0.64697265625,-0.20751953125,-0.10986328125,-0.1708984375,-0.69580078125,-0.01220703125,-1.40380859375,0.08544921875,-1.01318359375,-0.0732421875,0.37841796875,0.06103515625,0.28076171875,0.0244140625,-0.06103515625,-0.0732421875,-0.01220703125,-0.0732421875,0.08544921875,-0.048828125,0,-0.0732421875,0.76904296875,-0.3173828125,-0.634765625,-0.23193359375,-0.52490234375
1,-0.537109375,0.3662109375,-0.0732421875,2.587890625,-0.0732421875,0.57373046875,-0.1220703125,1.0986328125,-0.03662109375,-0.10986328125,0.01220703125,-0.91552734375,-0.1220703125,1.01318359375,-0.08544921875,-0.1708984375,0.13427734375,-0.6103515625,0.10986328125,-0.2197265625,0.390625,0.89111328125,0.23193359375,-0.59814453125,0.2685546875,-0.146484375,0.1220703125,-0.7080078125,-0.3173828125,0.9521484375,0.048828125,0.10986328125,-0.03662109375,-0.52490234375,0.048828125,-1.03759765625,-0.6103515625,-0.72021484375,-0.18310546875,-0.81787109375,-0.32958984375,-0.15869140625,0.09765625,-0.69580078125,-0.244140625,-0.45166015625,0.29296875,0.62255859375,0.0732421875,3.79638671875,0.03662109375,2.74658203125,-0.341796875,3.759765625,0.5615234375,2.77099609375,-0.1953125,0.96435546875,0.01220703125,0.54931640625,-0.1220703125,0.59814453125,-0.01220703125,0.29296875,-0.1220703125,4.72412109375,0.146484375,3.759765625,0.30517578125,2.86865234375,-0.5859375,6.35986328125,0.13427734375,0.7568359375,-0.03662109375,1.2939453125,-0.03662109375,0.42724609375,-0.1708984375,1.86767578125,0.08544921875,-0.439453125,-0.1953125,0.28076171875,0.01220703125,-0.62255859375,-0.08544921875,-0.3173828125,0.08544921875,-1.513671875,-0.25634765625,-0.20751953125,0.03662109375,-0.30517578125,-0.13427734375,-1.2939453125,-0.15869140625,-0.7080078125,-0.06103515625,-0.67138671875,0.09765625,-0.62255859375,-0.20751953125,-0.10986328125,-0.23193359375,-0.68359375,-0.048828125,-1.40380859375,0,-1.01318359375,-0.0244140625,0.3662109375,0.08544921875,0.2685546875,0.01220703125,-0.0732421875,-0.0732421875,-0.01220703125,-0.0732421875,0.0732421875,-0.06103515625,0.09765625,-0.10986328125,0.78125,-0.32958984375,-0.62255859375,-0.28076171875,-0.48828125
1,-0.50048828125,0.74462890625,0.0244140625,3.43017578125,-0.0732421875,0.93994140625,-0.1220703125,1.47705078125,-0.048828125,-0.09765625,-0.01220703125,-0.927734375,-0.13427734375,0.9765625,-0.09765625,-0.146484375,0.15869140625,-0.6103515625,0.0732421875,-0.1953125,0.439453125,0.87890625,0.1708984375,-0.6103515625,0.2197265625,-0.146484375,0.0732421875,-0.732421875,-0.244140625,0.93994140625,0.0732421875,0.09765625,0.048828125,-0.47607421875,-0.0244140625,-0.9765625,-0.5615234375,-0.7080078125,-0.06103515625,-0.89111328125,-0.25634765625,-0.2197265625,0,-0.7080078125,-0.244140625,-0.47607421875,0.13427734375,0.57373046875,0.06103515625,3.3203125,0.01220703125,2.3193359375,-0.3662109375,3.01513671875,0.47607421875,2.35595703125,-0.1953125,0.93994140625,0.01220703125,0.5615234375,-0.10986328125,0.59814453125,0.048828125,0.25634765625,-0.10986328125,4.0771484375,0.146484375,3.2958984375,0.3662109375,2.392578125,-0.64697265625,5.33447265625,0.06103515625,0.927734375,-0.06103515625,1.35498046875,0.06103515625,0.5615234375,-0.244140625,2.03857421875,0.10986328125,-0.47607421875,-0.20751953125,0.2197265625,-0.01220703125,-0.48828125,-0.13427734375,-0.35400390625,0.13427734375,-1.4892578125,-0.3173828125,-0.18310546875,-0.06103515625,-0.29296875,-0.1953125,-1.2939453125,-0.1953125,-0.7080078125,0,-0.6591796875,0.0244140625,-0.634765625,-0.1708984375,-0.10986328125,-0.23193359375,-0.69580078125,-0.10986328125,-1.40380859375,-0.0732421875,-1.0009765625,0.0244140625,0.390625,0.0732421875,0.2685546875,0,-0.03662109375,-0.08544921875,-0.0244140625,-0.06103515625,0.0732421875,-0.048828125,0.1708984375,-0.08544921875,0.84228515625,-0.3173828125,-0.59814453125,-0.25634765625,-0.40283203125
1,-0.48828125,1.15966796875,0.06103515625,4.26025390625,-0.08544921875,1.2939453125,-0.1220703125,1.8310546875,-0.01220703125,-0.10986328125,-0.0244140625,-0.93994140625,-0.09765625,0.98876953125,-0.08544921875,-0.15869140625,0.1708984375,-0.5859375,0.0244140625,-0.18310546875,0.439453125,0.87890625,0.048828125,-0.62255859375,0.1708984375,-0.13427734375,-0.03662109375,-0.72021484375,-0.18310546875,0.927734375,0.06103515625,0.10986328125,0.048828125,-0.40283203125,-0.1708984375,-0.89111328125,-0.57373046875,-0.67138671875,-0.10986328125,-0.87890625,-0.18310546875,-0.244140625,-0.10986328125,-0.68359375,-0.20751953125,-0.45166015625,0.146484375,0.54931640625,0.0244140625,2.91748046875,-0.03662109375,1.9287109375,-0.4150390625,2.3681640625,0.37841796875,2.001953125,-0.25634765625,0.93994140625,-0.01220703125,0.54931640625,-0.1220703125,0.5859375,0.048828125,0.23193359375,-0.048828125,3.41796875,0.09765625,2.8564453125,0.3662109375,1.94091796875,-0.6591796875,4.345703125,0.048828125,1.13525390625,-0.048828125,1.42822265625,0.15869140625,0.68359375,-0.3662109375,2.24609375,0.08544921875,-0.3662109375,-0.20751953125,0.341796875,-0.1220703125,-0.20751953125,-0.1708984375,-0.25634765625,0.13427734375,-1.4892578125,-0.3662109375,-0.20751953125,-0.1708984375,-0.28076171875,-0.1953125,-1.26953125,-0.23193359375,-0.72021484375,0.09765625,-0.6591796875,0,-0.634765625,-0.10986328125,-0.10986328125,-0.23193359375,-0.67138671875,-0.15869140625,-1.42822265625,-0.13427734375,-1.0009765625,0.08544921875,0.37841796875,0.06103515625,0.2685546875,-0.0244140625,-0.06103515625,-0.06103515625,-0.0244140625,-0.0732421875,0.0732421875,-0.01220703125,0.20751953125,-0.048828125,0.8544921875,-0.29296875,-0.5615234375,-0.2197265625,-0.32958984375
0,-0.4150390625,1.52587890625,0.048828125,5.0537109375,-0.048828125,1.62353515625,-0.10986328125,2.2216796875,-0.0244140625,-0.10986328125,-0.06103515625,-0.927734375,-0.03662109375,0.98876953125,-0.09765625,-0.13427734375,0.1708984375,-0.62255859375,0,-0.18310546875,0.40283203125,0.86669921875,-0.03662109375,-0.62255859375,0.1220703125,-0.13427734375,-0.1220703125,-0.7568359375,-0.09765625,0.927734375,0.0244140625,0.1220703125,0.1220703125,-0.25634765625,-0.29296875,-0.74462890625,-0.537109375,-0.5615234375,-0.18310546875,-0.78125,-0.0732421875,-0.244140625,-0.18310546875,-0.67138671875,-0.13427734375,-0.47607421875,-0.03662109375,0.5615234375,0.01220703125,2.5634765625,-0.0732421875,1.5869140625,-0.4150390625,1.79443359375,0.244140625,1.69677734375,-0.29296875,0.91552734375,0.048828125,0.54931640625,-0.1220703125,0.6103515625,0.0732421875,0.2197265625,0.01220703125,2.77099609375,0.03662109375,2.44140625,0.341796875,1.5380859375,-0.67138671875,3.4423828125,-0.0244140625,1.2939453125,-0.03662109375,1.50146484375,0.18310546875,0.81787109375,-0.439453125,2.392578125,0.03662109375,-0.048828125,-0.2197265625,0.634765625,-0.1708984375,0.244140625,-0.1708984375,0.01220703125,0.10986328125,-1.4892578125,-0.3662109375,-0.2197265625,-0.23193359375,-0.25634765625,-0.13427734375,-1.28173828125,-0.25634765625,-0.732421875,0.13427734375,-0.67138671875,-0.048828125,-0.6591796875,-0.08544921875,-0.09765625,-0.18310546875,-0.67138671875,-0.2197265625,-1.416015625,-0.1953125,-1.01318359375,0.146484375,0.390625,0.06103515625,0.2685546875,-0.0244140625,-0.0732421875,-0.0732421875,-0.01220703125,-0.09765625,0.08544921875,-0.03662109375,0.2685546875,-0.08544921875,0.9033203125,-0.32958984375,-0.52490234375,-0.2197265625,-0.244140625
0,-0.40283203125,1.84326171875,0.0244140625,5.7373046875,-0.0732421875,1.89208984375,-0.1220703125,2.5146484375,-0.048828125,-0.10986328125,-0.048828125,-0.927734375,-0.048828125,0.98876953125,-0.10986328125,-0.1220703125,0.146484375,-0.634765625,-0.0244140625,-0.20751953125,0.341796875,0.86669921875,-0.09765625,-0.62255859375,0.048828125,-0.09765625,-0.1953125,-0.76904296875,0,0.93994140625,0.01220703125,0.1220703125,0.20751953125,-0.0732421875,-0.3662109375,-0.6103515625,-0.48828125,-0.42724609375,-0.09765625,-0.64697265625,-0.0244140625,-0.244140625,-0.2197265625,-0.67138671875,-0.048828125,-0.48828125,-0.09765625,0.6103515625,0.03662109375,2.2705078125,-0.08544921875,1.2939453125,-0.4638671875,1.3427734375,0.1220703125,1.42822265625,-0.3173828125,0.9033203125,0.09765625,0.52490234375,-0.09765625,0.62255859375,0.10986328125,0.2197265625,0.0244140625,2.197265625,-0.048828125,2.099609375,0.25634765625,1.18408203125,-0.6103515625,2.67333984375,-0.08544921875,1.416015625,-0.06103515625,1.55029296875,0.1708984375,0.91552734375,-0.390625,2.50244140625,0.048828125,0.439453125,-0.18310546875,1.1962890625,-0.1220703125,0.9521484375,-0.146484375,0.4638671875,0.10986328125,-1.50146484375,-0.390625,-0.244140625,-0.3662109375,-0.2685546875,-0.0732421875,-1.26953125,-0.28076171875,-0.732421875,0.13427734375,-0.67138671875,-0.08544921875,-0.6591796875,-0.03662109375,-0.09765625,-0.15869140625,-0.67138671875,-0.244140625,-1.42822265625,-0.23193359375,-1.0009765625,0.1708984375,0.390625,0.03662109375,0.2685546875,-0.0244140625,-0.06103515625,-0.06103515625,-0.0244140625,-0.08544921875,0.08544921875,-0.0244140625,0.35400390625,-0.09765625,0.96435546875,-0.30517578125,-0.4638671875,-0.1708984375,-0.146484375
0,-0.40283203125,2.0751953125,-0.10986328125,6.28662109375,-0.08544921875,2.1240234375,-0.15869140625,2.734375,-0.0732421875,-0.1220703125,-0.048828125,-0.927734375,-0.048828125,1.01318359375,-0.13427734375,-0.10986328125,0.13427734375,-0.6103515625,-0.0244140625,-0.20751953125,0.244140625,0.87890625,-0.10986328125,-0.5859375,-0.0732421875,-0.10986328125,-0.25634765625,-0.7568359375,0.10986328125,0.9521484375,-0.01220703125,0.146484375,0.1953125,0.13427734375,-0.52490234375,-0.45166015625,-0.52490234375,-0.2685546875,-0.23193359375,-0.42724609375,-0.0244140625,-0.23193359375,-0.25634765625,-0.6591796875,-0.03662109375,-0.50048828125,-0.09765625,0.64697265625,0.01220703125,2.001953125,-0.06103515625,1.01318359375,-0.4638671875,0.927734375,0,1.23291015625,-0.40283203125,0.89111328125,0.13427734375,0.537109375,-0.09765625,0.64697265625,0.146484375,0.23193359375,0.0732421875,1.6845703125,-0.09765625,1.79443359375,0.146484375,0.87890625,-0.57373046875,2.03857421875,-0.18310546875,1.4892578125,-0.08544921875,1.57470703125,0.13427734375,0.98876953125,-0.341796875,2.55126953125,0.0244140625,1.13525390625,-0.13427734375,1.96533203125,-0.15869140625,1.81884765625,-0.08544921875,1.06201171875,0.06103515625,-1.513671875,-0.40283203125,-0.2685546875,-0.4638671875,-0.29296875,0.048828125,-1.2939453125,-0.28076171875,-0.72021484375,0.1220703125,-0.67138671875,-0.146484375,-0.64697265625,0,-0.09765625,-0.20751953125,-0.67138671875,-0.25634765625,-1.416015625,-0.2685546875,-1.0009765625,0.1953125,0.37841796875,0.0244140625,0.2685546875,-0.0244140625,-0.048828125,-0.0732421875,-0.0244140625,-0.0732421875,0.09765625,-0.0244140625,0.4150390625,-0.08544921875,1.025390625,-0.28076171875,-0.42724609375,-0.15869140625,-0.048828125
0,-0.3662109375,2.18505859375,-0.01220703125,6.640625,-0.0732421875,2.2705078125,-0.146484375,2.880859375,-0.10986328125,-0.1220703125,-0.048828125,-0.91552734375,-0.03662109375,1.025390625,-0.13427734375,-0.10986328125,0.08544921875,-0.6103515625,0,-0.1953125,0.15869140625,0.87890625,-0.09765625,-0.59814453125,-0.18310546875,-0.10986328125,-0.23193359375,-0.76904296875,0.18310546875,0.96435546875,-0.06103515625,0.146484375,0.1708984375,0.3662109375,-0.6591796875,-0.28076171875,-0.52490234375,-0.0732421875,-0.29296875,-0.1953125,-0.15869140625,-0.20751953125,-0.25634765625,-0.64697265625,0,-0.47607421875,-0.18310546875,0.7080078125,-0.0244140625,1.7333984375,0,0.76904296875,-0.45166015625,0.57373046875,-0.10986328125,1.025390625,-0.4150390625,0.9033203125,0.13427734375,0.54931640625,-0.1220703125,0.6591796875,0.15869140625,0.25634765625,0.1220703125,1.26953125,-0.10986328125,1.55029296875,0.048828125,0.6591796875,-0.52490234375,1.513671875,-0.244140625,1.513671875,-0.10986328125,1.59912109375,0.09765625,0.9521484375,-0.18310546875,2.55126953125,-0.0244140625,1.9287109375,-0.1220703125,2.9052734375,-0.1220703125,2.84423828125,-0.1220703125,1.79443359375,0.0732421875,-1.513671875,-0.37841796875,-0.28076171875,-0.5615234375,-0.30517578125,0.09765625,-1.33056640625,-0.23193359375,-0.7080078125,0.08544921875,-0.6591796875,-0.2197265625,-0.634765625,0.03662109375,-0.09765625,-0.20751953125,-0.68359375,-0.2685546875,-1.416015625,-0.28076171875,-0.98876953125,0.1708984375,0.40283203125,0.01220703125,0.2685546875,-0.0244140625,-0.06103515625,-0.0732421875,-0.03662109375,-0.0732421875,0.10986328125,-0.0244140625,0.45166015625,-0.06103515625,1.0498046875,-0.2685546875,-0.35400390625,-0.1220703125,-0.01220703125
0,-0.3173828125,2.16064453125,0,6.787109375,-0.09765625,2.28271484375,-0.13427734375,2.91748046875,-0.08544921875,-0.1220703125,-0.06103515625,-0.927734375,-0.0244140625,1.0009765625,-0.18310546875,-0.10986328125,0.06103515625,-0.6103515625,0.01220703125,-0.20751953125,0.048828125,0.87890625,-0.03662109375,-0.6103515625,-0.28076171875,-0.08544921875,-0.20751953125,-0.76904296875,0.2685546875,0.96435546875,-0.13427734375,0.146484375,0.146484375,0.57373046875,-0.68359375,-0.146484375,-0.537109375,0.08544921875,-0.30517578125,0.0244140625,-0.29296875,-0.1708984375,-0.244140625,-0.64697265625,-0.06103515625,-0.45166015625,-0.13427734375,0.76904296875,-0.048828125,1.4404296875,0.048828125,0.50048828125,-0.45166015625,0.23193359375,-0.2197265625,0.84228515625,-0.47607421875,0.89111328125,0.09765625,0.537109375,-0.18310546875,0.72021484375,0.146484375,0.2685546875,0.1708984375,0.91552734375,-0.23193359375,1.35498046875,-0.06103515625,0.45166015625,-0.52490234375,1.123046875,-0.1953125,1.46484375,-0.146484375,1.57470703125,0.048828125,0.91552734375,-0.09765625,2.490234375,-0.048828125,2.783203125,-0.048828125,3.89404296875,-0.03662109375,3.91845703125,-0.10986328125,2.52685546875,0.048828125,-1.513671875,-0.32958984375,-0.28076171875,-0.6103515625,-0.32958984375,0.10986328125,-1.33056640625,-0.1953125,-0.7080078125,0.06103515625,-0.67138671875,-0.29296875,-0.64697265625,0.08544921875,-0.08544921875,-0.25634765625,-0.69580078125,-0.244140625,-1.40380859375,-0.2685546875,-0.9765625,0.1220703125,0.390625,-0.01220703125,0.28076171875,-0.0244140625,-0.06103515625,-0.0732421875,-0.048828125,-0.0732421875,0.13427734375,0,0.4638671875,-0.06103515625,1.06201171875,-0.23193359375,-0.341796875,-0.10986328125,0.01220703125
0,-0.3173828125,2.099609375,-0.1220703125,6.75048828125,-0.08544921875,2.25830078125,-0.146484375,2.880859375,-0.13427734375,-0.13427734375,-0.06103515625,-0.927734375,0,1.025390625,-0.1953125,-0.09765625,0.048828125,-0.6103515625,0.08544921875,-0.1953125,-0.01220703125,0.89111328125,0,-0.62255859375,-0.32958984375,-0.1220703125,-0.146484375,-0.79345703125,0.29296875,0.9765625,-0.18310546875,0.15869140625,0.13427734375,0.72021484375,-0.7080078125,-0.09765625,-0.54931640625,0.1953125,-0.341796875,0.1708984375,-0.40283203125,-0.15869140625,-0.20751953125,-0.6591796875,-0.09765625,-0.4638671875,-0.13427734375,0.8056640625,-0.09765625,1.15966796875,0.08544921875,0.28076171875,-0.390625,-0.08544921875,-0.3173828125,0.67138671875,-0.50048828125,0.87890625,0.048828125,0.537109375,-0.28076171875,0.74462890625,0.15869140625,0.28076171875,0.23193359375,0.634765625,-0.28076171875,1.171875,-0.15869140625,0.28076171875,-0.6103515625,0.8056640625,-0.1220703125,1.33056640625,-0.15869140625,1.513671875,0.048828125,0.84228515625,0.01220703125,2.35595703125,-0.0244140625,3.5888671875,-0.01220703125,4.82177734375,0.0732421875,4.94384765625,-0.08544921875,3.2470703125,0.048828125,-1.513671875,-0.244140625,-0.28076171875,-0.6103515625,-0.32958984375,0.06103515625,-1.3427734375,-0.15869140625,-0.7080078125,0.0244140625,-0.6591796875,-0.3173828125,-0.62255859375,0.09765625,-0.06103515625,-0.2685546875,-0.68359375,-0.20751953125,-1.40380859375,-0.25634765625,-0.98876953125,0.06103515625,0.37841796875,0,0.28076171875,-0.048828125,-0.06103515625,-0.06103515625,-0.06103515625,-0.03662109375,0.146484375,-0.01220703125,0.45166015625,-0.03662109375,1.06201171875,-0.2197265625,-0.32958984375,-0.08544921875,-0.048828125
0,-0.28076171875,1.953125,-0.20751953125,6.5673828125,-0.09765625,2.18505859375,-0.18310546875,2.77099609375,-0.15869140625,-0.10986328125,-0.06103515625,-0.91552734375,0.0244140625,1.01318359375,-0.20751953125,-0.1220703125,0.0244140625,-0.6103515625,0.15869140625,-0.20751953125,-0.0732421875,0.87890625,0.01220703125,-0.6103515625,-0.3662109375,-0.09765625,-0.048828125,-0.76904296875,0.29296875,0.96435546875,-0.20751953125,0.146484375,0.08544921875,0.78125,-0.68359375,-0.08544921875,-0.54931640625,0.244140625,-0.30517578125,0.2685546875,-0.45166015625,-0.13427734375,-0.1953125,-0.6591796875,-0.146484375,-0.4638671875,-0.048828125,0.84228515625,-0.1708984375,0.9033203125,0.10986328125,0.048828125,-0.341796875,-0.341796875,-0.4150390625,0.50048828125,-0.42724609375,0.89111328125,0.0244140625,0.54931640625,-0.3662109375,0.76904296875,0.1953125,0.28076171875,0.244140625,0.37841796875,-0.244140625,1.025390625,-0.10986328125,0.146484375,-0.5859375,0.5126953125,-0.08544921875,1.1962890625,-0.146484375,1.416015625,-0.0244140625,0.732421875,0.0244140625,2.197265625,-0.01220703125,4.248046875,-0.0244140625,5.62744140625,0.048828125,5.810546875,-0.0732421875,3.80859375,0.048828125,-1.50146484375,-0.1708984375,-0.29296875,-0.5615234375,-0.35400390625,0.01220703125,-1.35498046875,-0.13427734375,-0.69580078125,-0.01220703125,-0.67138671875,-0.35400390625,-0.62255859375,0.0732421875,-0.08544921875,-0.1708984375,-0.68359375,-0.1953125,-1.416015625,-0.2197265625,-0.9765625,-0.0244140625,0.37841796875,0.01220703125,0.30517578125,-0.048828125,-0.048828125,-0.06103515625,-0.06103515625,-0.048828125,0.15869140625,0.01220703125,0.42724609375,-0.048828125,1.01318359375,-0.244140625,-0.3662109375,-0.08544921875,-0.1220703125
0,-0.2685546875,1.77001953125,-0.2197265625,6.2744140625,-0.08544921875,2.05078125,-0.18310546875,2.6123046875,-0.13427734375,-0.08544921875,-0.048828125,-0.91552734375,0.03662109375,1.025390625,-0.20751953125,-0.1220703125,-0.0244140625,-0.6103515625,0.23193359375,-0.1953125,-0.09765625,0.87890625,0.01220703125,-0.62255859375,-0.35400390625,-0.1220703125,0.048828125,-0.76904296875,0.29296875,0.9521484375,-0.244140625,0.1220703125,0.03662109375,0.76904296875,-0.57373046875,-0.1220703125,-0.5126953125,0.25634765625,-0.28076171875,0.25634765625,-0.439453125,-0.1220703125,-0.13427734375,-0.67138671875,-0.2197265625,-0.48828125,0.0732421875,0.8544921875,-0.2197265625,0.6591796875,0.0732421875,-0.146484375,-0.40283203125,-0.6103515625,-0.47607421875,0.3662109375,-0.37841796875,0.86669921875,-0.0244140625,0.54931640625,-0.45166015625,0.78125,0.2197265625,0.2685546875,0.2685546875,0.18310546875,-0.2197265625,0.91552734375,-0.08544921875,0.048828125,-0.59814453125,0.25634765625,-0.01220703125,1.0498046875,-0.06103515625,1.3427734375,-0.01220703125,0.634765625,0.08544921875,2.06298828125,0.048828125,4.69970703125,0.048828125,6.18896484375,0.09765625,6.4453125,-0.01220703125,4.1748046875,0.048828125,-1.4892578125,-0.06103515625,-0.28076171875,-0.4638671875,-0.35400390625,0,-1.3671875,-0.1220703125,-0.68359375,-0.0732421875,-0.69580078125,-0.3173828125,-0.62255859375,0.048828125,-0.08544921875,-0.10986328125,-0.69580078125,-0.13427734375,-1.42822265625,-0.1708984375,-0.98876953125,-0.09765625,0.40283203125,0,0.3173828125,-0.06103515625,-0.048828125,-0.0732421875,-0.06103515625,-0.048828125,0.15869140625,-0.01220703125,0.341796875,-0.03662109375,0.96435546875,-0.244140625,-0.4150390625,-0.0732421875,-0.2197265625
0,-0.2685546875,1.59912109375,-0.35400390625,5.89599609375,-0.1220703125,1.89208984375,-0.1953125,2.44140625,-0.146484375,-0.06103515625,-0.048828125,-0.93994140625,0.03662109375,1.025390625,-0.2197265625,-0.1708984375,-0.03662109375,-0.59814453125,0.28076171875,-0.1953125,-0.03662109375,0.91552734375,0.01220703125,-0.5859375,-0.3173828125,-0.09765625,0.1708984375,-0.7568359375,0.18310546875,0.9521484375,-0.1708984375,0.13427734375,-0.0244140625,0.69580078125,-0.50048828125,-0.20751953125,-0.45166015625,0.1953125,-0.29296875,0.1708984375,-0.439453125,-0.08544921875,-0.0244140625,-0.68359375,-0.29296875,-0.4638671875,0.08544921875,0.8544921875,-0.15869140625,0.48828125,0.08544921875,-0.29296875,-0.3173828125,-0.79345703125,-0.4638671875,0.25634765625,-0.30517578125,0.86669921875,-0.0244140625,0.5615234375,-0.537109375,0.78125,0.2685546875,0.25634765625,0.244140625,-0.048828125,-0.2197265625,0.78125,-0.03662109375,-0.09765625,-0.6591796875,-0.01220703125,0.08544921875,0.91552734375,-0.048828125,1.20849609375,0.06103515625,0.537109375,0.15869140625,1.9287109375,0.03662109375,4.9072265625,0.03662109375,6.4453125,0.15869140625,6.79931640625,-0.048828125,4.345703125,0.0732421875,-1.4892578125,0,-0.25634765625,-0.32958984375,-0.341796875,-0.03662109375,-1.3671875,-0.1220703125,-0.68359375,-0.1220703125,-0.69580078125,-0.25634765625,-0.62255859375,-0.01220703125,-0.0732421875,-0.0244140625,-0.7080078125,-0.08544921875,-1.416015625,-0.10986328125,-1.0009765625,-0.15869140625,0.40283203125,0.01220703125,0.29296875,-0.06103515625,-0.06103515625,-0.06103515625,-0.08544921875,-0.03662109375,0.146484375,-0.0244140625,0.28076171875,-0.0244140625,0.87890625,-0.23193359375,-0.48828125,-0.03662109375,-0.341796875
0,-0.25634765625,1.42822265625,-0.32958984375,5.4931640625,-0.10986328125,1.7578125,-0.2197265625,2.28271484375,-0.146484375,-0.0732421875,-0.06103515625,-0.96435546875,0.0244140625,1.0009765625,-0.2197265625,-0.18310546875,-0.01220703125,-0.59814453125,0.30517578125,-0.18310546875,0.01220703125,0.9033203125,0.0244140625,-0.62255859375,-0.25634765625,-0.09765625,0.29296875,-0.74462890625,0.03662109375,0.93994140625,-0.08544921875,0.1220703125,-0.048828125,0.5615234375,-0.390625,-0.28076171875,-0.390625,0.10986328125,-0.23193359375,0.0244140625,-0.341796875,-0.06103515625,0.1220703125,-0.69580078125,-0.390625,-0.47607421875,0.08544921875,0.8544921875,-0.10986328125,0.3662109375,0.048828125,-0.390625,-0.244140625,-0.89111328125,-0.40283203125,0.18310546875,-0.244140625,0.84228515625,-0.048828125,0.5615234375,-0.54931640625,0.74462890625,0.2197265625,0.244140625,0.1953125,-0.23193359375,-0.244140625,0.6591796875,0.048828125,-0.20751953125,-0.7080078125,-0.29296875,0.1708984375,0.8056640625,0.048828125,1.06201171875,0.146484375,0.4638671875,0.15869140625,1.84326171875,0.0732421875,4.84619140625,0.10986328125,6.396484375,0.2685546875,6.8359375,-0.01220703125,4.28466796875,0.13427734375,-1.4892578125,0.03662109375,-0.2685546875,-0.1708984375,-0.32958984375,-0.048828125,-1.37939453125,-0.1220703125,-0.69580078125,-0.18310546875,-0.69580078125,-0.2197265625,-0.62255859375,-0.0244140625,-0.09765625,0.06103515625,-0.69580078125,-0.0244140625,-1.416015625,-0.06103515625,-1.0009765625,-0.1708984375,0.40283203125,0.01220703125,0.30517578125,-0.09765625,-0.08544921875,-0.06103515625,-0.10986328125,-0.0244140625,0.146484375,-0.01220703125,0.20751953125,-0.03662109375,0.830078125,-0.23193359375,-0.5615234375,0.01220703125,-0.45166015625
0,-0.18310546875,1.2939453125,-0.23193359375,5.11474609375,-0.0732421875,1.59912109375,-0.1953125,2.11181640625,-0.1220703125,-0.09765625,-0.06103515625,-0.9521484375,0.03662109375,1.0009765625,-0.18310546875,-0.1708984375,0,-0.5859375,0.2685546875,-0.1953125,0.03662109375,0.91552734375,0.03662109375,-0.634765625,-0.20751953125,-0.08544921875,0.40283203125,-0.69580078125,-0.13427734375,0.93994140625,-0.01220703125,0.1220703125,-0.0244140625,0.4638671875,-0.25634765625,-0.37841796875,-0.341796875,0.048828125,-0.18310546875,-0.15869140625,-0.2685546875,-0.01220703125,0.29296875,-0.7080078125,-0.50048828125,-0.48828125,-0.0244140625,0.86669921875,-0.0244140625,0.35400390625,0,-0.37841796875,-0.15869140625,-0.927734375,-0.390625,0.15869140625,-0.2197265625,0.81787109375,-0.0732421875,0.5859375,-0.57373046875,0.68359375,0.1953125,0.23193359375,0.13427734375,-0.390625,-0.28076171875,0.5859375,0.13427734375,-0.30517578125,-0.79345703125,-0.537109375,-0.0244140625,0.74462890625,0,0.9765625,0.146484375,0.42724609375,0.048828125,1.806640625,0.06103515625,4.60205078125,0.13427734375,6.11572265625,0.28076171875,6.60400390625,-0.048828125,4.052734375,0.15869140625,-1.4892578125,0.03662109375,-0.244140625,-0.0732421875,-0.32958984375,0,-1.3671875,-0.146484375,-0.68359375,-0.1953125,-0.68359375,-0.18310546875,-0.62255859375,-0.08544921875,-0.09765625,0.0244140625,-0.69580078125,0.06103515625,-1.40380859375,-0.01220703125,-1.03759765625,-0.2197265625,0.40283203125,0.03662109375,0.30517578125,-0.09765625,-0.08544921875,-0.06103515625,-0.10986328125,-0.06103515625,0.13427734375,-0.03662109375,0.15869140625,-0.048828125,0.79345703125,-0.244140625,-0.6103515625,-0.048828125,-0.54931640625
0,-0.1708984375,1.18408203125,-0.3173828125,4.7607421875,-0.0732421875,1.46484375,-0.1953125,1.98974609375,-0.08544921875,-0.0732421875,-0.06103515625,-0.93994140625,0.06103515625,1.01318359375,-0.1708984375,-0.1708984375,0.06103515625,-0.62255859375,0.244140625,-0.20751953125,0.03662109375,0.89111328125,0.01220703125,-0.62255859375,-0.1708984375,-0.08544921875,0.45166015625,-0.732421875,-0.29296875,0.91552734375,0.0732421875,0.1220703125,0.01220703125,0.3662109375,-0.1708984375,-0.45166015625,-0.29296875,0,-0.08544921875,-0.32958984375,-0.10986328125,0.0732421875,0.439453125,-0.69580078125,-0.5615234375,-0.48828125,-0.08544921875,0.9033203125,0.01220703125,0.42724609375,-0.01220703125,-0.3173828125,-0.09765625,-0.84228515625,-0.390625,0.23193359375,-0.1953125,0.81787109375,-0.0732421875,0.5859375,-0.6103515625,0.62255859375,0.15869140625,0.23193359375,0.06103515625,-0.4638671875,-0.28076171875,0.5126953125,0.1953125,-0.37841796875,-0.830078125,-0.69580078125,-0.08544921875,0.7080078125,0.09765625,0.91552734375,0.2197265625,0.4150390625,0.01220703125,1.79443359375,0.01220703125,4.21142578125,0.09765625,5.6396484375,0.20751953125,6.1767578125,-0.0732421875,3.7109375,0.20751953125,-1.47705078125,0.0244140625,-0.2197265625,0.048828125,-0.29296875,0.0244140625,-1.3427734375,-0.13427734375,-0.72021484375,-0.18310546875,-0.68359375,-0.15869140625,-0.634765625,-0.09765625,-0.09765625,0.048828125,-0.69580078125,0.1220703125,-1.416015625,0,-1.03759765625,-0.2197265625,0.40283203125,0.048828125,0.29296875,-0.09765625,-0.08544921875,-0.0732421875,-0.13427734375,-0.03662109375,0.1220703125,-0.01220703125,0.146484375,-0.01220703125,0.74462890625,-0.2197265625,-0.68359375,-0.048828125,-0.5859375
0,-0.13427734375,1.123046875,-0.3173828125,4.45556640625,-0.0732421875,1.35498046875,-0.1953125,1.86767578125,-0.08544921875,-0.09765625,-0.048828125,-0.93994140625,0.10986328125,0.98876953125,-0.15869140625,-0.18310546875,0.10986328125,-0.634765625,0.146484375,-0.23193359375,0.0244140625,0.87890625,-0.0244140625,-0.57373046875,-0.1220703125,-0.08544921875,0.47607421875,-0.74462890625,-0.3662109375,0.91552734375,0.09765625,0.13427734375,0.048828125,0.28076171875,-0.0732421875,-0.48828125,-0.28076171875,-0.048828125,-0.09765625,-0.45166015625,0.03662109375,0.13427734375,0.57373046875,-0.68359375,-0.62255859375,-0.48828125,-0.146484375,0.927734375,0.146484375,0.5615234375,-0.08544921875,-0.20751953125,-0.03662109375,-0.72021484375,-0.4150390625,0.341796875,-0.18310546875,0.79345703125,-0.0732421875,0.57373046875,-0.6591796875,0.57373046875,0.0732421875,0.2197265625,0.048828125,-0.537109375,-0.32958984375,0.50048828125,0.25634765625,-0.4150390625,-0.7568359375,-0.81787109375,-0.146484375,0.6591796875,0.20751953125,0.86669921875,0.20751953125,0.40283203125,-0.0732421875,1.7822265625,-0.06103515625,3.7353515625,0.048828125,5.1025390625,0.13427734375,5.56640625,-0.10986328125,3.30810546875,0.23193359375,-1.46484375,0.0244140625,-0.2197265625,0.18310546875,-0.29296875,0.08544921875,-1.35498046875,-0.13427734375,-0.69580078125,-0.1708984375,-0.67138671875,-0.09765625,-0.634765625,-0.0732421875,-0.09765625,0.0732421875,-0.67138671875,0.1708984375,-1.416015625,0.0244140625,-1.025390625,-0.23193359375,0.40283203125,0.03662109375,0.28076171875,-0.10986328125,-0.08544921875,-0.06103515625,-0.146484375,-0.03662109375,0.10986328125,-0.0244140625,0.146484375,-0.0244140625,0.7568359375,-0.25634765625,-0.72021484375,-0.0732421875,-0.59814453125
1,-0.13427734375,1.06201171875,-0.37841796875,4.19921875,-0.1220703125,1.2451171875,-0.1953125,1.77001953125,-0.1220703125,-0.1220703125,-0.03662109375,-0.93994140625,0.1220703125,0.9765625,-0.13427734375,-0.2197265625,0.18310546875,-0.6103515625,0.06103515625,-0.2197265625,-0.048828125,0.86669921875,-0.06103515625,-0.5615234375,-0.146484375,-0.08544921875,0.439453125,-0.74462890625,-0.40283203125,0.9521484375,0.048828125,0.146484375,0.10986328125,0.23193359375,0.09765625,-0.45166015625,-0.2197265625,-0.06103515625,-0.15869140625,-0.54931640625,0.146484375,0.23193359375,0.69580078125,-0.67138671875,-0.67138671875,-0.5126953125,-0.1953125,0.927734375,0.2197265625,0.7568359375,-0.1708984375,-0.03662109375,0.01220703125,-0.52490234375,-0.390625,0.47607421875,-0.23193359375,0.8056640625,-0.03662109375,0.5615234375,-0.7080078125,0.537109375,0.06103515625,0.23193359375,0.0244140625,-0.50048828125,-0.390625,0.52490234375,0.2685546875,-0.390625,-0.6591796875,-0.81787109375,-0.32958984375,0.634765625,0.1220703125,0.87890625,0.08544921875,0.3662109375,-0.1708984375,1.7822265625,-0.10986328125,3.28369140625,-0.01220703125,4.55322265625,0.08544921875,4.9560546875,-0.0732421875,2.94189453125,0.20751953125,-1.47705078125,0.01220703125,-0.1953125,0.28076171875,-0.29296875,0.15869140625,-1.318359375,-0.10986328125,-0.7080078125,-0.1708984375,-0.6591796875,-0.0244140625,-0.634765625,-0.06103515625,-0.09765625,0.0732421875,-0.6591796875,0.2197265625,-1.42822265625,0.01220703125,-1.025390625,-0.23193359375,0.40283203125,0.048828125,0.2685546875,-0.09765625,-0.08544921875,-0.06103515625,-0.15869140625,-0.048828125,0.1220703125,-0.048828125,0.146484375,-0.0732421875,0.7568359375,-0.28076171875,-0.72021484375,-0.13427734375,-0.54931640625
1,-0.13427734375,0.98876953125,-0.4150390625,4.01611328125,-0.13427734375,1.1474609375,-0.1953125,1.66015625,-0.15869140625,-0.10986328125,-0.048828125,-0.9521484375,0.13427734375,1.01318359375,-0.146484375,-0.23193359375,0.2197265625,-0.62255859375,-0.048828125,-0.2197265625,-0.1708984375,0.8544921875,-0.13427734375,-0.57373046875,-0.146484375,-0.0732421875,0.35400390625,-0.74462890625,-0.37841796875,0.98876953125,-0.03662109375,0.13427734375,0.10986328125,0.23193359375,0.23193359375,-0.4150390625,-0.18310546875,-0.06103515625,-0.1708984375,-0.57373046875,0.146484375,0.30517578125,0.72021484375,-0.67138671875,-0.6103515625,-0.5126953125,-0.244140625,0.93994140625,0.29296875,0.9521484375,-0.1953125,0.146484375,0.10986328125,-0.32958984375,-0.3662109375,0.59814453125,-0.29296875,0.79345703125,0,0.54931640625,-0.68359375,0.50048828125,0.01220703125,0.244140625,0.01220703125,-0.4150390625,-0.3662109375,0.57373046875,0.2197265625,-0.341796875,-0.62255859375,-0.72021484375,-0.1953125,0.57373046875,0.1708984375,0.84228515625,0.03662109375,0.32958984375,-0.09765625,1.7822265625,-0.15869140625,2.9296875,-0.10986328125,4.11376953125,0.08544921875,4.40673828125,-0.01220703125,2.64892578125,0.15869140625,-1.46484375,0.0244140625,-0.20751953125,0.37841796875,-0.28076171875,0.20751953125,-1.33056640625,-0.048828125,-0.7080078125,-0.18310546875,-0.64697265625,0.03662109375,-0.62255859375,0.01220703125,-0.08544921875,0.13427734375,-0.67138671875,0.2197265625,-1.416015625,-0.03662109375,-1.025390625,-0.20751953125,0.40283203125,0.08544921875,0.28076171875,-0.1220703125,-0.0732421875,-0.06103515625,-0.15869140625,-0.048828125,0.1220703125,-0.0244140625,0.1708984375,-0.03662109375,0.78125,-0.244140625,-0.69580078125,-0.10986328125,-0.48828125
1,-0.08544921875,0.927734375,-0.3662109375,3.82080078125,-0.09765625,1.06201171875,-0.18310546875,1.55029296875,-0.1708984375,-0.1220703125,-0.06103515625,-0.927734375,0.10986328125,1.01318359375,-0.15869140625,-0.244140625,0.23193359375,-0.6103515625,-0.15869140625,-0.2197265625,-0.244140625,0.8544921875,-0.23193359375,-0.59814453125,-0.18310546875,-0.08544921875,0.2685546875,-0.7568359375,-0.30517578125,1.0009765625,-0.10986328125,0.13427734375,0.08544921875,0.25634765625,0.35400390625,-0.35400390625,-0.1708984375,-0.03662109375,-0.30517578125,-0.537109375,0.048828125,0.35400390625,0.72021484375,-0.6591796875,-0.6103515625,-0.52490234375,-0.37841796875,0.91552734375,0.30517578125,1.0986328125,-0.20751953125,0.2685546875,0.20751953125,-0.18310546875,-0.35400390625,0.7080078125,-0.390625,0.78125,0.03662109375,0.537109375,-0.67138671875,0.50048828125,-0.01220703125,0.25634765625,0.1220703125,-0.25634765625,-0.23193359375,0.7080078125,0.23193359375,-0.244140625,-0.45166015625,-0.537109375,-0.15869140625,0.54931640625,0.18310546875,0.91552734375,-0.06103515625,0.28076171875,-0.08544921875,1.77001953125,-0.18310546875,2.685546875,-0.1708984375,3.84521484375,0.20751953125,4.00390625,0.0732421875,2.4658203125,0.09765625,-1.50146484375,0.0244140625,-0.20751953125,0.47607421875,-0.29296875,0.2685546875,-1.318359375,-0.048828125,-0.69580078125,-0.18310546875,-0.634765625,0.0732421875,-0.64697265625,0.03662109375,-0.0732421875,0.15869140625,-0.67138671875,0.2197265625,-1.40380859375,-0.0732421875,-1.01318359375,-0.15869140625,0.390625,0.08544921875,0.2685546875,-0.10986328125,-0.06103515625,-0.06103515625,-0.146484375,-0.06103515625,0.15869140625,-0.01220703125,0.1708984375,-0.06103515625,0.8056640625,-0.25634765625,-0.6591796875,-0.10986328125,-0.42724609375
1,-0.08544921875,0.84228515625,-0.3173828125,3.62548828125,-0.13427734375,1.0009765625,-0.18310546875,1.45263671875,-0.18310546875,-0.10986328125,-0.08544921875,-0.93994140625,0.09765625,1.03759765625,-0.18310546875,-0.244140625,0.2685546875,-0.62255859375,-0.2685546875,-0.1953125,-0.341796875,0.8544921875,-0.32958984375,-0.59814453125,-0.2197265625,-0.10986328125,0.146484375,-0.74462890625,-0.1953125,0.9765625,-0.15869140625,0.1220703125,0.10986328125,0.244140625,0.5615234375,-0.30517578125,-0.06103515625,-0.03662109375,-0.341796875,-0.48828125,-0.06103515625,0.35400390625,0.68359375,-0.64697265625,-0.5859375,-0.52490234375,-0.48828125,0.8544921875,0.25634765625,1.2451171875,-0.1953125,0.35400390625,0.23193359375,-0.0732421875,-0.30517578125,0.78125,-0.4638671875,0.76904296875,0.048828125,0.537109375,-0.64697265625,0.52490234375,-0.03662109375,0.25634765625,0.10986328125,-0.08544921875,-0.1953125,0.78125,0.146484375,-0.146484375,-0.390625,-0.29296875,-0.08544921875,0.50048828125,0.13427734375,0.96435546875,-0.146484375,0.244140625,-0.03662109375,1.7333984375,-0.1708984375,2.60009765625,-0.28076171875,3.69873046875,0.244140625,3.7841796875,0.13427734375,2.42919921875,0,-1.513671875,-0.01220703125,-0.20751953125,0.5615234375,-0.3173828125,0.30517578125,-1.30615234375,-0.048828125,-0.69580078125,-0.1708984375,-0.64697265625,0.09765625,-0.62255859375,0.09765625,-0.06103515625,0.146484375,-0.68359375,0.244140625,-1.42822265625,-0.1220703125,-1.0009765625,-0.13427734375,0.37841796875,0.048828125,0.28076171875,-0.10986328125,-0.048828125,-0.06103515625,-0.13427734375,-0.06103515625,0.15869140625,-0.0244140625,0.15869140625,-0.08544921875,0.81787109375,-0.2197265625,-0.6103515625,-0.1220703125,-0.3662109375
1,-0.0732421875,0.7080078125,-0.37841796875,3.3447265625,-0.10986328125,0.86669921875,-0.1708984375,1.3427734375,-0.1708984375,-0.09765625,-0.1220703125,-0.927734375,0.08544921875,1.03759765625,-0.1953125,-0.2197265625,0.28076171875,-0.59814453125,-0.341796875,-0.1708984375,-0.390625,0.86669921875,-0.390625,-0.6103515625,-0.23193359375,-0.1220703125,0.06103515625,-0.74462890625,-0.13427734375,1.01318359375,-0.1220703125,0.1220703125,0.048828125,0.20751953125,0.64697265625,-0.30517578125,0.06103515625,-0.048828125,-0.390625,-0.45166015625,-0.1708984375,0.35400390625,0.5859375,-0.64697265625,-0.48828125,-0.50048828125,-0.439453125,0.8056640625,0.23193359375,1.26953125,-0.15869140625,0.3662109375,0.23193359375,-0.03662109375,-0.244140625,0.8056640625,-0.52490234375,0.78125,0.0244140625,0.52490234375,-0.57373046875,0.54931640625,-0.15869140625,0.2685546875,0.1220703125,0.10986328125,-0.10986328125,0.91552734375,0.048828125,-0.03662109375,-0.42724609375,-0.048828125,-0.06103515625,0.48828125,0.06103515625,1.01318359375,-0.2685546875,0.20751953125,-0.08544921875,1.72119140625,-0.18310546875,2.6123046875,-0.4150390625,3.74755859375,0.25634765625,3.7109375,0.08544921875,2.4658203125,-0.048828125,-1.52587890625,-0.06103515625,-0.20751953125,0.6591796875,-0.30517578125,0.28076171875,-1.2939453125,-0.048828125,-0.69580078125,-0.13427734375,-0.64697265625,0.10986328125,-0.634765625,0.146484375,-0.0732421875,0.13427734375,-0.7080078125,0.244140625,-1.416015625,-0.15869140625,-1.0009765625,-0.09765625,0.390625,0.0244140625,0.2685546875,-0.09765625,-0.03662109375,-0.048828125,-0.1220703125,-0.0732421875,0.1708984375,0.01220703125,0.146484375,-0.0732421875,0.84228515625,-0.20751953125,-0.57373046875,-0.1220703125,-0.3173828125
1,-0.06103515625,0.54931640625,-0.3173828125,3.01513671875,-0.13427734375,0.732421875,-0.20751953125,1.18408203125,-0.18310546875,-0.10986328125,-0.1220703125,-0.93994140625,0.08544921875,1.025390625,-0.18310546875,-0.2197265625,0.25634765625,-0.5859375,-0.390625,-0.1708984375,-0.4150390625,0.86669921875,-0.439453125,-0.64697265625,-0.3173828125,-0.13427734375,-0.01220703125,-0.72021484375,-0.0732421875,0.9765625,-0.0732421875,0.10986328125,-0.048828125,0.146484375,0.6591796875,-0.3173828125,0.0732421875,-0.1220703125,-0.537109375,-0.40283203125,-0.23193359375,0.29296875,0.47607421875,-0.6591796875,-0.40283203125,-0.537109375,-0.45166015625,0.69580078125,0.15869140625,1.220703125,-0.18310546875,0.32958984375,0.1953125,-0.048828125,-0.20751953125,0.76904296875,-0.5859375,0.76904296875,-0.01220703125,0.537109375,-0.50048828125,0.57373046875,-0.23193359375,0.244140625,0.10986328125,0.30517578125,0.048828125,1.0009765625,0.146484375,0.10986328125,-0.2685546875,0.1953125,0.0244140625,0.52490234375,0.0732421875,1.0986328125,-0.2685546875,0.2197265625,0.048828125,1.7333984375,-0.1708984375,2.734375,-0.47607421875,3.86962890625,0.25634765625,3.79638671875,0.0244140625,2.55126953125,-0.08544921875,-1.52587890625,-0.10986328125,-0.20751953125,0.69580078125,-0.30517578125,0.2197265625,-1.28173828125,-0.0244140625,-0.67138671875,-0.09765625,-0.68359375,0.08544921875,-0.59814453125,0.1953125,-0.048828125,0.0732421875,-0.7080078125,0.1953125,-1.416015625,-0.1708984375,-0.98876953125,-0.10986328125,0.390625,-0.0244140625,0.28076171875,-0.08544921875,-0.048828125,-0.048828125,-0.08544921875,-0.06103515625,0.1708984375,0.0244140625,0.1220703125,-0.06103515625,0.830078125,-0.20751953125,-0.537109375,-0.146484375,-0.3173828125
1,-0.048828125,0.35400390625,-0.244140625,2.57568359375,-0.09765625,0.5859375,-0.2197265625,1.025390625,-0.1953125,-0.10986328125,-0.15869140625,-0.93994140625,0.09765625,1.025390625,-0.20751953125,-0.20751953125,0.2197265625,-0.5615234375,-0.4150390625,-0.1953125,-0.390625,0.86669921875,-0.3662109375,-0.6591796875,-0.390625,-0.1708984375,-0.0244140625,-0.732421875,-0.06103515625,0.9521484375,-0.0732421875,0.09765625,-0.09765625,0.03662109375,0.74462890625,-0.40283203125,0.1708984375,-0.244140625,-0.54931640625,-0.42724609375,-0.28076171875,0.1953125,0.37841796875,-0.68359375,-0.30517578125,-0.537109375,-0.439453125,0.6103515625,0.048828125,1.18408203125,-0.1953125,0.25634765625,0.08544921875,-0.13427734375,-0.1953125,0.7080078125,-0.5615234375,0.7568359375,-0.03662109375,0.52490234375,-0.4638671875,0.59814453125,-0.2685546875,0.25634765625,-0.0244140625,0.439453125,0.09765625,1.08642578125,0.1708984375,0.18310546875,-0.244140625,0.35400390625,0.0732421875,0.62255859375,0.01220703125,1.1962890625,-0.30517578125,0.28076171875,0.03662109375,1.806640625,-0.15869140625,2.84423828125,-0.54931640625,4.01611328125,0.2685546875,3.90625,-0.06103515625,2.64892578125,-0.08544921875,-1.5380859375,-0.146484375,-0.23193359375,0.69580078125,-0.30517578125,0.1708984375,-1.26953125,-0.0244140625,-0.68359375,-0.0732421875,-0.68359375,0.048828125,-0.59814453125,0.18310546875,-0.0732421875,0.06103515625,-0.72021484375,0.15869140625,-1.416015625,-0.13427734375,-1.0009765625,-0.13427734375,0.3662109375,-0.048828125,0.30517578125,-0.0732421875,-0.06103515625,-0.048828125,-0.0732421875,-0.06103515625,0.1708984375,0.01220703125,0.09765625,-0.08544921875,0.830078125,-0.20751953125,-0.52490234375,-0.13427734375,-0.341796875
1,-0.0244140625,0.15869140625,-0.1953125,2.0751953125,-0.0732421875,0.42724609375,-0.23193359375,0.81787109375,-0.18310546875,-0.09765625,-0.1708984375,-0.927734375,0.0732421875,1.03759765625,-0.1953125,-0.1953125,0.18310546875,-0.5859375,-0.390625,-0.1953125,-0.35400390625,0.86669921875,-0.3173828125,-0.6591796875,-0.4150390625,-0.1708984375,0,-0.74462890625,-0.15869140625,0.927734375,-0.06103515625,0.09765625,-0.13427734375,-0.08544921875,0.76904296875,-0.537109375,0.15869140625,-0.37841796875,-0.54931640625,-0.45166015625,-0.29296875,0.0732421875,0.28076171875,-0.7080078125,-0.1708984375,-0.5126953125,-0.45166015625,0.5126953125,0.03662109375,1.07421875,-0.09765625,0.15869140625,0.08544921875,-0.244140625,-0.09765625,0.634765625,-0.54931640625,0.732421875,-0.08544921875,0.537109375,-0.4638671875,0.634765625,-0.3173828125,0.2197265625,-0.0732421875,0.54931640625,0.0732421875,1.15966796875,0.13427734375,0.244140625,-0.341796875,0.42724609375,0.0244140625,0.76904296875,-0.01220703125,1.2939453125,-0.29296875,0.390625,0.03662109375,1.89208984375,-0.15869140625,2.9296875,-0.5615234375,4.11376953125,0.244140625,4.01611328125,-0.09765625,2.67333984375,-0.08544921875,-1.50146484375,-0.18310546875,-0.2197265625,0.6591796875,-0.30517578125,0.10986328125,-1.2451171875,-0.03662109375,-0.7080078125,-0.0244140625,-0.69580078125,0.03662109375,-0.6103515625,0.15869140625,-0.06103515625,0.06103515625,-0.72021484375,0.10986328125,-1.416015625,-0.09765625,-1.0009765625,-0.146484375,0.37841796875,-0.06103515625,0.29296875,-0.06103515625,-0.06103515625,-0.06103515625,-0.06103515625,-0.03662109375,0.1953125,0,0.08544921875,-0.10986328125,0.81787109375,-0.2197265625,-0.5126953125,-0.15869140625,-0.37841796875
1,-0.03662109375,-0.03662109375,-0.1708984375,1.50146484375,-0.08544921875,0.244140625,-0.23193359375,0.59814453125,-0.1953125,-0.09765625,-0.1708984375,-0.927734375,0.048828125,1.025390625,-0.18310546875,-0.1953125,0.13427734375,-0.57373046875,-0.32958984375,-0.1953125,-0.2685546875,0.86669921875,-0.20751953125,-0.6591796875,-0.439453125,-0.18310546875,0.06103515625,-0.732421875,-0.23193359375,0.91552734375,-0.08544921875,0.10986328125,-0.15869140625,-0.20751953125,0.74462890625,-0.6591796875,0.20751953125,-0.47607421875,-0.57373046875,-0.48828125,-0.2685546875,-0.048828125,0.2197265625,-0.72021484375,-0.08544921875,-0.52490234375,-0.42724609375,0.42724609375,-0.0732421875,0.98876953125,-0.08544921875,0.08544921875,0.08544921875,-0.37841796875,-0.10986328125,0.57373046875,-0.4638671875,0.732421875,-0.146484375,0.54931640625,-0.42724609375,0.634765625,-0.341796875,0.2197265625,-0.08544921875,0.62255859375,0.146484375,1.171875,0.25634765625,0.29296875,-0.244140625,0.42724609375,0.13427734375,0.93994140625,-0.0244140625,1.4404296875,-0.18310546875,0.5126953125,0.048828125,2.03857421875,-0.09765625,2.84423828125,-0.54931640625,4.0771484375,0.15869140625,3.96728515625,-0.08544921875,2.6123046875,-0.06103515625,-1.4892578125,-0.1708984375,-0.23193359375,0.54931640625,-0.28076171875,0.0732421875,-1.25732421875,-0.03662109375,-0.7080078125,-0.01220703125,-0.7080078125,0.0244140625,-0.62255859375,0.13427734375,-0.06103515625,0.08544921875,-0.72021484375,0.0732421875,-1.3916015625,-0.048828125,-1.0009765625,-0.18310546875,0.3662109375,-0.1220703125,0.30517578125,-0.0732421875,-0.03662109375,-0.0732421875,-0.0732421875,-0.0244140625,0.18310546875,0.0244140625,0.08544921875,-0.048828125,0.81787109375,-0.1953125,-0.537109375,-0.146484375,-0.37841796875
1,-0.01220703125,-0.20751953125,-0.146484375,0.93994140625,-0.08544921875,0.0732421875,-0.244140625,0.40283203125,-0.1953125,-0.08544921875,-0.1708984375,-0.93994140625,0.01220703125,1.03759765625,-0.1708984375,-0.1953125,0.1220703125,-0.59814453125,-0.25634765625,-0.20751953125,-0.18310546875,0.830078125,-0.0732421875,-0.67138671875,-0.48828125,-0.15869140625,0.13427734375,-0.7568359375,-0.32958984375,0.9033203125,-0.146484375,0.1220703125,-0.15869140625,-0.244140625,0.69580078125,-0.7568359375,0.18310546875,-0.54931640625,-0.57373046875,-0.5126953125,-0.23193359375,-0.15869140625,0.15869140625,-0.74462890625,-0.048828125,-0.5126953125,-0.3173828125,0.390625,-0.09765625,0.93994140625,-0.08544921875,0.06103515625,-0.0244140625,-0.4638671875,-0.1708984375,0.5615234375,-0.37841796875,0.74462890625,-0.18310546875,0.5615234375,-0.40283203125,0.64697265625,-0.32958984375,0.1953125,-0.08544921875,0.64697265625,0.09765625,1.171875,0.244140625,0.30517578125,-0.3173828125,0.35400390625,0.1220703125,1.123046875,-0.01220703125,1.52587890625,-0.08544921875,0.6591796875,-0.06103515625,2.1728515625,-0.06103515625,2.63671875,-0.439453125,3.84521484375,0.1220703125,3.74755859375,-0.048828125,2.38037109375,-0.03662109375,-1.47705078125,-0.1708984375,-0.23193359375,0.439453125,-0.2685546875,0.048828125,-1.30615234375,-0.0244140625,-0.72021484375,0.01220703125,-0.72021484375,0.06103515625,-0.6103515625,0.09765625,-0.0732421875,0.0732421875,-0.7080078125,0.03662109375,-1.3916015625,-0.0244140625,-1.0009765625,-0.2197265625,0.3662109375,-0.10986328125,0.29296875,-0.048828125,-0.048828125,-0.06103515625,-0.06103515625,-0.03662109375,0.1708984375,0.01220703125,0.10986328125,-0.0732421875,0.830078125,-0.18310546875,-0.54931640625,-0.1708984375,-0.37841796875
1,0.01220703125,-0.341796875,-0.1220703125,0.47607421875,-0.10986328125,-0.08544921875,-0.23193359375,0.2197265625,-0.20751953125,-0.09765625,-0.15869140625,-0.9521484375,0.01220703125,1.03759765625,-0.15869140625,-0.1953125,0.08544921875,-0.59814453125,-0.1708984375,-0.1953125,-0.08544921875,0.84228515625,0.03662109375,-0.634765625,-0.48828125,-0.1220703125,0.244140625,-0.7568359375,-0.390625,0.9033203125,-0.13427734375,0.10986328125,-0.0244140625,-0.23193359375,0.6591796875,-0.8056640625,0.20751953125,-0.54931640625,-0.5126953125,-0.5126953125,-0.1953125,-0.23193359375,0.1220703125,-0.74462890625,-0.03662109375,-0.50048828125,-0.30517578125,0.390625,-0.09765625,0.96435546875,-0.03662109375,0.0732421875,0.03662109375,-0.50048828125,-0.1708984375,0.5859375,-0.3662109375,0.732421875,-0.20751953125,0.537109375,-0.341796875,0.634765625,-0.30517578125,0.1953125,-0.048828125,0.6591796875,0.13427734375,1.23291015625,0.28076171875,0.3173828125,-0.341796875,0.25634765625,0.15869140625,1.2451171875,0.048828125,1.55029296875,0.06103515625,0.7568359375,-0.09765625,2.28271484375,-0.01220703125,2.24609375,-0.40283203125,3.466796875,0.01220703125,3.271484375,-0.01220703125,2.001953125,-0.01220703125,-1.50146484375,-0.15869140625,-0.23193359375,0.341796875,-0.29296875,0.048828125,-1.30615234375,-0.03662109375,-0.72021484375,0,-0.7080078125,0.048828125,-0.634765625,0.01220703125,-0.06103515625,0,-0.69580078125,0,-1.416015625,-0.0244140625,-1.01318359375,-0.25634765625,0.37841796875,-0.1220703125,0.29296875,-0.03662109375,-0.048828125,-0.06103515625,-0.09765625,-0.03662109375,0.15869140625,0.0244140625,0.15869140625,-0.08544921875,0.8544921875,-0.1953125,-0.57373046875,-0.03662109375,-0.341796875
1,0.06103515625,-0.40283203125,-0.13427734375,0.1708984375,-0.10986328125,-0.1708984375,-0.2197265625,0.1220703125,-0.20751953125,-0.10986328125,-0.15869140625,-0.93994140625,0.01220703125,1.025390625,-0.13427734375,-0.18310546875,0.09765625,-0.6103515625,-0.06103515625,-0.2197265625,0.06103515625,0.830078125,0.08544921875,-0.634765625,-0.439453125,-0.10986328125,0.3173828125,-0.7568359375,-0.42724609375,0.9033203125,-0.09765625,0.13427734375,-0.0244140625,-0.13427734375,0.57373046875,-0.79345703125,0.2197265625,-0.48828125,-0.32958984375,-0.4638671875,-0.18310546875,-0.29296875,0.13427734375,-0.732421875,-0.09765625,-0.4638671875,-0.37841796875,0.390625,-0.146484375,1.03759765625,-0.10986328125,0.2197265625,0.048828125,-0.47607421875,-0.30517578125,0.67138671875,-0.3173828125,0.74462890625,-0.2197265625,0.537109375,-0.30517578125,0.5859375,-0.29296875,0.2197265625,0.01220703125,0.68359375,0.146484375,1.26953125,0.35400390625,0.35400390625,-0.23193359375,0.18310546875,0.13427734375,1.28173828125,0.0732421875,1.55029296875,0.15869140625,0.78125,-0.1953125,2.30712890625,0.03662109375,1.7333984375,-0.3173828125,2.89306640625,-0.08544921875,2.587890625,0.0244140625,1.55029296875,-0.01220703125,-1.47705078125,-0.15869140625,-0.2685546875,0.1953125,-0.29296875,0.048828125,-1.3427734375,-0.048828125,-0.72021484375,-0.0244140625,-0.69580078125,0.048828125,-0.634765625,-0.048828125,-0.06103515625,-0.06103515625,-0.67138671875,0,-1.37939453125,-0.01220703125,-1.025390625,-0.244140625,0.37841796875,-0.10986328125,0.29296875,-0.03662109375,-0.0732421875,-0.06103515625,-0.10986328125,-0.06103515625,0.146484375,0.03662109375,0.2197265625,-0.0732421875,0.87890625,-0.146484375,-0.57373046875,-0.01220703125,-0.341796875
1,0.08544921875,-0.390625,-0.146484375,0.08544921875,-0.09765625,-0.1953125,-0.2197265625,0.146484375,-0.15869140625,-0.10986328125,-0.146484375,-0.93994140625,0.01220703125,1.0009765625,-0.13427734375,-0.1953125,0.1220703125,-0.62255859375,-0.0244140625,-0.23193359375,0.1708984375,0.81787109375,0.15869140625,-0.6103515625,-0.3662109375,-0.0732421875,0.390625,-0.74462890625,-0.40283203125,0.927734375,-0.08544921875,0.146484375,0,0.03662109375,0.537109375,-0.7080078125,0.23193359375,-0.35400390625,-0.13427734375,-0.3662109375,-0.13427734375,-0.30517578125,0.1953125,-0.72021484375,-0.15869140625,-0.47607421875,-0.341796875,0.4638671875,-0.1220703125,1.220703125,-0.146484375,0.3662109375,0.01220703125,-0.32958984375,-0.341796875,0.81787109375,-0.28076171875,0.74462890625,-0.2197265625,0.537109375,-0.29296875,0.54931640625,-0.23193359375,0.2197265625,0.0244140625,0.74462890625,0.01220703125,1.3671875,0.23193359375,0.4150390625,-0.2685546875,0.15869140625,0.06103515625,1.2451171875,0.03662109375,1.45263671875,0.13427734375,0.7568359375,-0.29296875,2.2705078125,0.06103515625,1.13525390625,-0.25634765625,2.20947265625,-0.1708984375,1.74560546875,0.03662109375,0.98876953125,-0.03662109375,-1.4892578125,-0.1220703125,-0.2685546875,0.03662109375,-0.30517578125,0.0244140625,-1.3427734375,-0.03662109375,-0.7080078125,-0.0244140625,-0.68359375,0.048828125,-0.62255859375,-0.0244140625,-0.03662109375,-0.15869140625,-0.67138671875,-0.01220703125,-1.3916015625,0.0244140625,-1.01318359375,-0.2685546875,0.37841796875,-0.10986328125,0.28076171875,-0.01220703125,-0.06103515625,-0.048828125,-0.08544921875,-0.06103515625,0.13427734375,0.0244140625,0.28076171875,-0.06103515625,0.9033203125,-0.1953125,-0.5615234375,-0.10986328125,-0.30517578125
0,0.09765625,-0.29296875,-0.13427734375,0.29296875,-0.0732421875,-0.1220703125,-0.20751953125,0.2685546875,-0.1708984375,-0.13427734375,-0.13427734375,-0.93994140625,0.03662109375,1.01318359375,-0.13427734375,-0.1953125,0.10986328125,-0.634765625,0.0244140625,-0.23193359375,0.29296875,0.8544921875,0.1953125,-0.59814453125,-0.28076171875,-0.06103515625,0.40283203125,-0.74462890625,-0.32958984375,0.9521484375,-0.03662109375,0.146484375,-0.03662109375,0.23193359375,0.48828125,-0.57373046875,0.2197265625,-0.1953125,-0.1708984375,-0.244140625,-0.10986328125,-0.3173828125,0.23193359375,-0.7080078125,-0.23193359375,-0.48828125,-0.3662109375,0.54931640625,-0.06103515625,1.42822265625,-0.15869140625,0.5615234375,0.06103515625,-0.18310546875,-0.30517578125,0.98876953125,-0.244140625,0.7568359375,-0.1708984375,0.52490234375,-0.25634765625,0.537109375,-0.1708984375,0.23193359375,0.01220703125,0.8544921875,-0.1220703125,1.45263671875,0.13427734375,0.50048828125,-0.244140625,0.20751953125,-0.03662109375,1.11083984375,0.048828125,1.3427734375,0.1220703125,0.64697265625,-0.28076171875,2.1484375,0.08544921875,0.5615234375,-0.1953125,1.5380859375,-0.2685546875,0.87890625,0,0.48828125,-0.06103515625,-1.50146484375,-0.09765625,-0.2685546875,-0.03662109375,-0.30517578125,-0.01220703125,-1.3671875,0,-0.72021484375,-0.03662109375,-0.68359375,0,-0.62255859375,-0.048828125,-0.06103515625,-0.20751953125,-0.67138671875,-0.0732421875,-1.3916015625,0.0244140625,-0.98876953125,-0.2685546875,0.390625,-0.09765625,0.29296875,-0.01220703125,-0.03662109375,-0.08544921875,-0.0732421875,-0.06103515625,0.13427734375,0.0244140625,0.30517578125,-0.06103515625,0.91552734375,-0.15869140625,-0.5615234375,-0.048828125,-0.29296875
0,0.146484375,-0.09765625,-0.146484375,0.79345703125,-0.01220703125,0.03662109375,-0.18310546875,0.47607421875,-0.146484375,-0.13427734375,-0.10986328125,-0.927734375,0.048828125,1.0009765625,-0.10986328125,-0.20751953125,0.1220703125,-0.634765625,0.048828125,-0.2197265625,0.4150390625,0.830078125,0.13427734375,-0.6103515625,-0.1953125,-0.048828125,0.439453125,-0.74462890625,-0.23193359375,0.9765625,-0.06103515625,0.1220703125,-0.09765625,0.45166015625,0.439453125,-0.439453125,0.1708984375,-0.03662109375,-0.08544921875,-0.09765625,-0.09765625,-0.28076171875,0.3173828125,-0.68359375,-0.29296875,-0.4638671875,-0.32958984375,0.62255859375,-0.10986328125,1.69677734375,-0.25634765625,0.78125,0.01220703125,0.01220703125,-0.439453125,1.171875,-0.2197265625,0.76904296875,-0.09765625,0.5126953125,-0.244140625,0.52490234375,-0.1220703125,0.2197265625,0.03662109375,1.01318359375,-0.15869140625,1.5625,0.01220703125,0.6103515625,-0.15869140625,0.3173828125,-0.13427734375,0.91552734375,0.06103515625,1.23291015625,0.10986328125,0.50048828125,-0.1953125,1.9775390625,0.08544921875,0.06103515625,-0.10986328125,0.93994140625,-0.32958984375,0.0732421875,-0.0732421875,0.0244140625,-0.06103515625,-1.50146484375,-0.08544921875,-0.28076171875,-0.18310546875,-0.341796875,-0.048828125,-1.40380859375,0,-0.69580078125,-0.03662109375,-0.6591796875,-0.0244140625,-0.62255859375,0.0244140625,-0.0732421875,-0.20751953125,-0.68359375,-0.146484375,-1.3916015625,-0.01220703125,-1.01318359375,-0.1953125,0.390625,-0.10986328125,0.30517578125,0,-0.06103515625,-0.0732421875,-0.08544921875,-0.06103515625,0.13427734375,-0.0244140625,0.30517578125,-0.06103515625,0.89111328125,-0.1708984375,-0.57373046875,0,-0.28076171875
0,0.1708984375,0.1953125,-0.15869140625,1.5380859375,0,0.29296875,-0.1953125,0.79345703125,-0.13427734375,-0.13427734375,-0.1220703125,-0.9521484375,0.06103515625,1.0009765625,-0.09765625,-0.20751953125,0.146484375,-0.62255859375,0.01220703125,-0.20751953125,0.47607421875,0.8544921875,0.048828125,-0.6103515625,-0.146484375,-0.048828125,0.3662109375,-0.74462890625,-0.15869140625,0.9765625,-0.048828125,0.13427734375,-0.13427734375,0.6103515625,0.4150390625,-0.32958984375,0.1220703125,0.08544921875,-0.09765625,0,-0.1220703125,-0.25634765625,0.35400390625,-0.67138671875,-0.37841796875,-0.48828125,-0.40283203125,0.69580078125,-0.1220703125,1.9287109375,-0.25634765625,0.9765625,0,0.1953125,-0.47607421875,1.318359375,-0.23193359375,0.78125,-0.0244140625,0.5126953125,-0.29296875,0.52490234375,-0.03662109375,0.244140625,0.03662109375,1.1962890625,-0.2197265625,1.6845703125,-0.08544921875,0.732421875,-0.06103515625,0.47607421875,-0.2197265625,0.7568359375,0.08544921875,1.171875,0.09765625,0.37841796875,-0.08544921875,1.79443359375,0.0732421875,-0.30517578125,-0.01220703125,0.5126953125,-0.30517578125,-0.5615234375,-0.1220703125,-0.29296875,-0.09765625,-1.513671875,-0.1220703125,-0.28076171875,-0.29296875,-0.32958984375,-0.01220703125,-1.37939453125,-0.0244140625,-0.7080078125,0,-0.67138671875,-0.048828125,-0.62255859375,0.03662109375,-0.048828125,-0.20751953125,-0.7080078125,-0.2197265625,-1.40380859375,-0.048828125,-1.01318359375,-0.15869140625,0.390625,-0.08544921875,0.30517578125,-0.01220703125,-0.06103515625,-0.06103515625,-0.06103515625,-0.0732421875,0.146484375,-0.0244140625,0.25634765625,-0.08544921875,0.8544921875,-0.15869140625,-0.5859375,-0.06103515625,-0.29296875
0,0.1708984375,0.54931640625,-0.10986328125,2.490234375,0.03662109375,0.634765625,-0.1708984375,1.18408203125,-0.15869140625,-0.146484375,-0.1220703125,-0.9521484375,0.09765625,1.01318359375,-0.10986328125,-0.244140625,0.146484375,-0.62255859375,-0.048828125,-0.2197265625,0.50048828125,0.84228515625,-0.06103515625,-0.634765625,-0.09765625,-0.06103515625,0.30517578125,-0.74462890625,-0.08544921875,0.98876953125,-0.03662109375,0.1220703125,-0.18310546875,0.67138671875,0.30517578125,-0.28076171875,0.0732421875,0.18310546875,-0.1220703125,0.048828125,-0.06103515625,-0.20751953125,0.390625,-0.64697265625,-0.4638671875,-0.48828125,-0.45166015625,0.74462890625,-0.18310546875,2.13623046875,-0.20751953125,1.11083984375,0.048828125,0.30517578125,-0.5615234375,1.42822265625,-0.29296875,0.79345703125,0.0244140625,0.537109375,-0.28076171875,0.537109375,0.01220703125,0.25634765625,0.10986328125,1.37939453125,-0.25634765625,1.7822265625,-0.18310546875,0.86669921875,0.01220703125,0.67138671875,-0.20751953125,0.67138671875,0,1.28173828125,0.03662109375,0.30517578125,0,1.69677734375,0.048828125,-0.45166015625,0.09765625,0.3173828125,-0.29296875,-0.89111328125,-0.146484375,-0.40283203125,-0.10986328125,-1.513671875,-0.1708984375,-0.2685546875,-0.37841796875,-0.341796875,0.01220703125,-1.37939453125,-0.048828125,-0.69580078125,0,-0.6591796875,-0.06103515625,-0.62255859375,0.03662109375,-0.0732421875,-0.13427734375,-0.69580078125,-0.28076171875,-1.3916015625,-0.09765625,-1.01318359375,-0.10986328125,0.40283203125,-0.048828125,0.30517578125,-0.048828125,-0.08544921875,-0.06103515625,-0.03662109375,-0.06103515625,0.146484375,-0.03662109375,0.15869140625,-0.06103515625,0.81787109375,-0.1220703125,-0.59814453125,0.0732421875,-0.3173828125
0,0.1953125,0.9521484375,-0.0244140625,3.55224609375,0.048828125,1.01318359375,-0.18310546875,1.6357421875,-0.1220703125,-0.146484375,-0.13427734375,-0.9521484375,0.0732421875,1.01318359375,-0.08544921875,-0.23193359375,0.146484375,-0.6103515625,-0.09765625,-0.2197265625,0.50048828125,0.8544921875,-0.146484375,-0.64697265625,-0.13427734375,-0.0732421875,0.23193359375,-0.732421875,-0.0244140625,0.9765625,-0.03662109375,0.1220703125,-0.20751953125,0.59814453125,0.2685546875,-0.29296875,0.03662109375,0.1708984375,-0.15869140625,0.048828125,-0.01220703125,-0.15869140625,0.390625,-0.64697265625,-0.5615234375,-0.5126953125,-0.50048828125,0.76904296875,-0.1953125,2.24609375,-0.1953125,1.1474609375,0.08544921875,0.35400390625,-0.67138671875,1.4892578125,-0.2685546875,0.79345703125,0.01220703125,0.537109375,-0.3173828125,0.52490234375,0.06103515625,0.244140625,0.1708984375,1.52587890625,-0.28076171875,1.85546875,-0.2197265625,0.93994140625,0.01220703125,0.830078125,-0.146484375,0.78125,-0.06103515625,1.5625,0.0244140625,0.37841796875,0.09765625,1.77001953125,0,-0.341796875,0.13427734375,0.3662109375,-0.30517578125,-0.87890625,-0.1953125,-0.28076171875,-0.09765625,-1.513671875,-0.1953125,-0.244140625,-0.45166015625,-0.341796875,0.0732421875,-1.3427734375,-0.09765625,-0.7080078125,0.048828125,-0.67138671875,-0.048828125,-0.59814453125,0.06103515625,-0.06103515625,-0.1220703125,-0.7080078125,-0.341796875,-1.3916015625,-0.10986328125,-0.98876953125,-0.08544921875,0.390625,-0.03662109375,0.30517578125,-0.06103515625,-0.06103515625,-0.06103515625,-0.048828125,-0.048828125,0.15869140625,-0.01220703125,0.06103515625,-0.0732421875,0.76904296875,-0.13427734375,-0.634765625,0.18310546875,-0.29296875
0,0.1953125,1.3427734375,0,4.6630859375,0.048828125,1.42822265625,-0.1953125,2.08740234375,-0.13427734375,-0.10986328125,-0.146484375,-0.93994140625,0.09765625,1.0009765625,-0.0732421875,-0.23193359375,0.13427734375,-0.57373046875,-0.13427734375,-0.20751953125,0.4150390625,0.8544921875,-0.20751953125,-0.64697265625,-0.1953125,-0.08544921875,0.13427734375,-0.74462890625,0.06103515625,0.9521484375,-0.01220703125,0.10986328125,-0.25634765625,0.47607421875,0.146484375,-0.390625,0.01220703125,0.03662109375,-0.13427734375,0,0.03662109375,-0.15869140625,0.35400390625,-0.634765625,-0.59814453125,-0.5126953125,-0.48828125,0.72021484375,-0.25634765625,2.25830078125,-0.20751953125,1.15966796875,0.09765625,0.341796875,-0.78125,1.46484375,-0.23193359375,0.8056640625,0,0.54931640625,-0.3173828125,0.5615234375,0.1220703125,0.244140625,0.18310546875,1.62353515625,-0.28076171875,1.8798828125,-0.2197265625,0.9765625,-0.01220703125,0.9033203125,-0.13427734375,1.08642578125,-0.146484375,2.08740234375,-0.01220703125,0.64697265625,0.15869140625,2.05078125,-0.06103515625,-0.03662109375,0.13427734375,0.69580078125,-0.2197265625,-0.48828125,-0.2197265625,0.0244140625,-0.0732421875,-1.513671875,-0.2685546875,-0.20751953125,-0.48828125,-0.341796875,0.10986328125,-1.3427734375,-0.13427734375,-0.7080078125,0.0732421875,-0.68359375,-0.06103515625,-0.59814453125,0.06103515625,-0.06103515625,-0.15869140625,-0.7080078125,-0.3662109375,-1.3916015625,-0.1220703125,-1.0009765625,-0.09765625,0.37841796875,-0.0244140625,0.3173828125,-0.03662109375,-0.03662109375,-0.0732421875,-0.03662109375,-0.03662109375,0.15869140625,-0.0244140625,-0.0244140625,-0.0732421875,0.74462890625,-0.1220703125,-0.634765625,0.20751953125,-0.1953125
0,0.2197265625,1.72119140625,-0.0244140625,5.6884765625,0.0732421875,1.81884765625,-0.1708984375,2.5146484375,-0.13427734375,-0.1220703125,-0.15869140625,-0.9521484375,0.09765625,1.0009765625,-0.048828125,-0.20751953125,0.10986328125,-0.57373046875,-0.1953125,-0.23193359375,0.28076171875,0.86669921875,-0.2197265625,-0.64697265625,-0.28076171875,-0.09765625,0.08544921875,-0.732421875,0.15869140625,0.93994140625,-0.048828125,0.09765625,-0.23193359375,0.28076171875,0,-0.537109375,-0.03662109375,-0.09765625,-0.08544921875,-0.06103515625,-0.01220703125,-0.15869140625,0.341796875,-0.64697265625,-0.59814453125,-0.48828125,-0.5126953125,0.67138671875,-0.29296875,2.20947265625,-0.146484375,1.11083984375,0.09765625,0.25634765625,-0.87890625,1.37939453125,-0.18310546875,0.78125,-0.0244140625,0.5615234375,-0.30517578125,0.59814453125,0.2197265625,0.23193359375,0.23193359375,1.66015625,-0.2685546875,1.85546875,-0.20751953125,0.98876953125,-0.03662109375,0.91552734375,-0.048828125,1.6357421875,-0.1953125,2.9052734375,-0.0244140625,1.0986328125,0.15869140625,2.5634765625,-0.0732421875,0.50048828125,0.13427734375,1.2939453125,-0.13427734375,0.23193359375,-0.2197265625,0.5126953125,-0.03662109375,-1.50146484375,-0.32958984375,-0.1953125,-0.48828125,-0.32958984375,0.13427734375,-1.30615234375,-0.1220703125,-0.7080078125,0.08544921875,-0.68359375,-0.10986328125,-0.6103515625,0.0732421875,-0.06103515625,-0.15869140625,-0.7080078125,-0.341796875,-1.3916015625,-0.1708984375,-1.0009765625,-0.13427734375,0.390625,-0.0244140625,0.30517578125,-0.03662109375,-0.03662109375,-0.0732421875,-0.03662109375,-0.06103515625,0.1708984375,-0.03662109375,-0.048828125,-0.08544921875,0.732421875,-0.10986328125,-0.634765625,0.2685546875,0
0,0.20751953125,2.03857421875,-0.146484375,6.57958984375,0.048828125,2.16064453125,-0.18310546875,2.9052734375,-0.13427734375,-0.10986328125,-0.18310546875,-0.9521484375,0.08544921875,0.98876953125,-0.08544921875,-0.20751953125,0.0732421875,-0.59814453125,-0.1708984375,-0.20751953125,0.15869140625,0.8544921875,-0.15869140625,-0.634765625,-0.341796875,-0.13427734375,0,-0.74462890625,0.2197265625,0.927734375,-0.06103515625,0.10986328125,-0.25634765625,0.09765625,-0.06103515625,-0.62255859375,-0.06103515625,-0.244140625,-0.08544921875,-0.0244140625,-0.06103515625,-0.18310546875,0.3173828125,-0.67138671875,-0.5126953125,-0.48828125,-0.439453125,0.634765625,-0.30517578125,2.03857421875,-0.13427734375,0.98876953125,0.1220703125,0.10986328125,-0.9521484375,1.25732421875,-0.06103515625,0.76904296875,-0.048828125,0.57373046875,-0.390625,0.59814453125,0.29296875,0.2197265625,0.244140625,1.611328125,-0.23193359375,1.79443359375,-0.08544921875,0.9521484375,-0.0244140625,0.81787109375,0.06103515625,2.44140625,-0.2197265625,3.91845703125,0.06103515625,1.7822265625,0.18310546875,3.3203125,-0.08544921875,1.171875,0.10986328125,2.05078125,-0.1708984375,1.20849609375,-0.1953125,1.1474609375,-0.01220703125,-1.50146484375,-0.32958984375,-0.1953125,-0.50048828125,-0.3173828125,0.10986328125,-1.30615234375,-0.1220703125,-0.72021484375,0.08544921875,-0.68359375,-0.18310546875,-0.62255859375,0.09765625,-0.0732421875,-0.25634765625,-0.69580078125,-0.29296875,-1.40380859375,-0.20751953125,-1.01318359375,-0.146484375,0.390625,-0.0244140625,0.30517578125,-0.03662109375,-0.03662109375,-0.06103515625,-0.048828125,-0.06103515625,0.18310546875,-0.03662109375,-0.0244140625,-0.03662109375,0.78125,-0.10986328125,-0.6103515625,0.30517578125,0.35400390625
0,0.25634765625,2.25830078125,-0.2197265625,7.21435546875,0.01220703125,2.4169921875,-0.1708984375,3.1494140625,-0.15869140625,-0.10986328125,-0.18310546875,-0.9521484375,0.06103515625,0.98876953125,-0.09765625,-0.1708984375,0.03662109375,-0.5859375,-0.15869140625,-0.2197265625,0,0.84228515625,-0.10986328125,-0.6103515625,-0.45166015625,-0.146484375,-0.048828125,-0.7568359375,0.3173828125,0.89111328125,-0.06103515625,0.1220703125,-0.29296875,-0.0244140625,-0.1953125,-0.69580078125,-0.06103515625,-0.341796875,-0.08544921875,0.146484375,-0.146484375,-0.20751953125,0.23193359375,-0.72021484375,-0.439453125,-0.50048828125,-0.42724609375,0.59814453125,-0.30517578125,1.8798828125,-0.1220703125,0.8544921875,0.1708984375,0,-0.9521484375,1.13525390625,0.048828125,0.7568359375,-0.0732421875,0.57373046875,-0.390625,0.6103515625,0.35400390625,0.25634765625,0.1953125,1.5380859375,-0.2685546875,1.708984375,-0.0732421875,0.87890625,-0.048828125,0.67138671875,0.06103515625,3.4423828125,-0.23193359375,5.13916015625,0.09765625,2.6123046875,0.08544921875,4.2724609375,-0.08544921875,1.96533203125,0.06103515625,2.9052734375,-0.244140625,2.392578125,-0.18310546875,1.86767578125,0.0244140625,-1.47705078125,-0.3173828125,-0.1953125,-0.47607421875,-0.3173828125,0.06103515625,-1.2939453125,-0.0732421875,-0.74462890625,0.06103515625,-0.7080078125,-0.25634765625,-0.62255859375,0.09765625,-0.06103515625,-0.2685546875,-0.68359375,-0.244140625,-1.3916015625,-0.28076171875,-1.01318359375,-0.2197265625,0.37841796875,-0.01220703125,0.29296875,-0.048828125,-0.03662109375,-0.048828125,-0.03662109375,-0.08544921875,0.15869140625,-0.0244140625,0.09765625,-0.03662109375,0.86669921875,-0.0732421875,-0.5126953125,0.30517578125,0.87890625
0,0.244140625,2.38037109375,-0.2685546875,7.568359375,0,2.5634765625,-0.18310546875,3.28369140625,-0.146484375,-0.10986328125,-0.1953125,-0.93994140625,0.048828125,0.9765625,-0.09765625,-0.15869140625,-0.03662109375,-0.6103515625,-0.1220703125,-0.20751953125,-0.1220703125,0.84228515625,-0.048828125,-0.62255859375,-0.47607421875,-0.146484375,-0.048828125,-0.74462890625,0.37841796875,0.9033203125,-0.0732421875,0.13427734375,-0.28076171875,0,-0.3173828125,-0.64697265625,-0.01220703125,-0.341796875,-0.048828125,0.50048828125,-0.1953125,-0.2197265625,0.1708984375,-0.72021484375,-0.35400390625,-0.48828125,-0.4638671875,0.57373046875,-0.2685546875,1.6845703125,-0.1220703125,0.7080078125,0.244140625,-0.18310546875,-1.0009765625,1.01318359375,0.13427734375,0.7568359375,-0.1220703125,0.5859375,-0.4150390625,0.59814453125,0.341796875,0.25634765625,0.15869140625,1.40380859375,-0.2685546875,1.64794921875,0.01220703125,0.79345703125,-0.08544921875,0.48828125,0.0244140625,4.52880859375,-0.0244140625,6.4453125,0.18310546875,3.50341796875,0.01220703125,5.31005859375,-0.08544921875,2.79541015625,0,3.80859375,-0.2197265625,3.62548828125,-0.146484375,2.5634765625,0.06103515625,-1.4892578125,-0.2685546875,-0.1953125,-0.4150390625,-0.28076171875,-0.01220703125,-1.26953125,-0.03662109375,-0.7568359375,0.03662109375,-0.7080078125,-0.32958984375,-0.62255859375,0.09765625,-0.06103515625,-0.20751953125,-0.67138671875,-0.1953125,-1.40380859375,-0.32958984375,-1.01318359375,-0.25634765625,0.390625,-0.0244140625,0.25634765625,-0.06103515625,-0.06103515625,-0.06103515625,-0.08544921875,-0.10986328125,0.146484375,-0.0244140625,0.28076171875,-0.03662109375,1.01318359375,-0.0732421875,-0.3662109375,0.2197265625,1.59912109375
0,0.25634765625,2.392578125,-0.28076171875,7.666015625,0.01220703125,2.60009765625,-0.18310546875,3.30810546875,-0.146484375,-0.09765625,-0.1953125,-0.9521484375,0.0244140625,1.0009765625,-0.10986328125,-0.1708984375,-0.09765625,-0.62255859375,-0.0732421875,-0.23193359375,-0.18310546875,0.8544921875,-0.048828125,-0.5859375,-0.52490234375,-0.1220703125,-0.03662109375,-0.74462890625,0.4150390625,0.9033203125,-0.1220703125,0.146484375,-0.2685546875,0.1953125,-0.390625,-0.4638671875,0.1220703125,-0.1953125,-0.1708984375,1.08642578125,-0.18310546875,-0.25634765625,0.1220703125,-0.74462890625,-0.2685546875,-0.48828125,-0.40283203125,0.6103515625,-0.1953125,1.55029296875,-0.1220703125,0.62255859375,0.40283203125,-0.28076171875,-1.0009765625,0.927734375,0.23193359375,0.7568359375,-0.15869140625,0.5859375,-0.40283203125,0.62255859375,0.29296875,0.25634765625,0.1220703125,1.28173828125,-0.2197265625,1.5625,0.09765625,0.72021484375,-0.1220703125,0.30517578125,-0.13427734375,5.615234375,0.06103515625,7.72705078125,0.1953125,4.39453125,-0.1220703125,6.3720703125,-0.0244140625,3.57666015625,0.01220703125,4.6875,-0.1220703125,4.82177734375,-0.03662109375,3.2470703125,0.0732421875,-1.4892578125,-0.1708984375,-0.1953125,-0.341796875,-0.2685546875,-0.0732421875,-1.2939453125,-0.03662109375,-0.7568359375,0.0244140625,-0.7080078125,-0.37841796875,-0.62255859375,0.10986328125,-0.048828125,-0.2197265625,-0.68359375,-0.06103515625,-1.3671875,-0.3662109375,-1.01318359375,-0.2685546875,0.390625,-0.048828125,0.2685546875,-0.06103515625,-0.03662109375,-0.06103515625,-0.08544921875,-0.08544921875,0.13427734375,-0.01220703125,0.5859375,-0.01220703125,1.18408203125,-0.06103515625,-0.18310546875,0.23193359375,2.45361328125
0,0.25634765625,2.294921875,-0.30517578125,7.4951171875,0,2.52685546875,-0.18310546875,3.16162109375,-0.1220703125,-0.09765625,-0.20751953125,-0.9521484375,0.03662109375,1.0009765625,-0.13427734375,-0.18310546875,-0.1220703125,-0.64697265625,-0.0244140625,-0.20751953125,-0.20751953125,0.81787109375,-0.03662109375,-0.5859375,-0.48828125,-0.09765625,-0.01220703125,-0.7568359375,0.4150390625,0.9033203125,-0.13427734375,0.146484375,-0.28076171875,0.5859375,-0.40283203125,-0.146484375,0.18310546875,0.0732421875,-0.25634765625,1.9287109375,-0.09765625,-0.25634765625,0.13427734375,-0.732421875,-0.18310546875,-0.48828125,-0.439453125,0.634765625,-0.1220703125,1.45263671875,-0.15869140625,0.5615234375,0.3662109375,-0.3662109375,-1.0009765625,0.86669921875,0.23193359375,0.74462890625,-0.1708984375,0.57373046875,-0.37841796875,0.62255859375,0.2197265625,0.25634765625,0.09765625,1.15966796875,-0.25634765625,1.513671875,0.13427734375,0.64697265625,-0.09765625,0.1708984375,-0.15869140625,6.5673828125,0.10986328125,8.87451171875,0.1953125,5.1513671875,-0.1953125,7.275390625,0,4.28466796875,-0.01220703125,5.45654296875,-0.10986328125,5.89599609375,0.0244140625,3.80859375,0.09765625,-1.47705078125,-0.0732421875,-0.20751953125,-0.2685546875,-0.25634765625,-0.0732421875,-1.28173828125,-0.03662109375,-0.732421875,0,-0.69580078125,-0.390625,-0.634765625,0.06103515625,-0.06103515625,-0.13427734375,-0.68359375,0.0244140625,-1.3916015625,-0.3662109375,-1.01318359375,-0.29296875,0.390625,-0.03662109375,0.29296875,-0.08544921875,-0.06103515625,-0.06103515625,-0.08544921875,-0.08544921875,0.1220703125,0,0.927734375,-0.0244140625,1.4404296875,-0.06103515625,0.06103515625,0.146484375,3.4423828125
0,0.23193359375,2.08740234375,-0.32958984375,7.1044921875,0.01220703125,2.35595703125,-0.20751953125,2.96630859375,-0.1220703125,-0.08544921875,-0.23193359375,-0.93994140625,0.048828125,1.0009765625,-0.1220703125,-0.1708984375,-0.09765625,-0.634765625,0,-0.20751953125,-0.18310546875,0.830078125,-0.06103515625,-0.57373046875,-0.439453125,-0.1220703125,0.048828125,-0.732421875,0.390625,0.927734375,-0.09765625,0.146484375,-0.244140625,1.13525390625,-0.2685546875,0.29296875,0.29296875,0.50048828125,-0.06103515625,2.94189453125,-0.03662109375,-0.2685546875,0.18310546875,-0.74462890625,-0.13427734375,-0.45166015625,-0.439453125,0.67138671875,-0.01220703125,1.45263671875,-0.146484375,0.54931640625,0.40283203125,-0.37841796875,-0.91552734375,0.8544921875,0.2685546875,0.7568359375,-0.15869140625,0.54931640625,-0.37841796875,0.6591796875,0.146484375,0.2685546875,0.0732421875,1.0498046875,-0.3662109375,1.45263671875,0.048828125,0.5859375,-0.15869140625,0.09765625,-0.2685546875,7.28759765625,0.09765625,9.75341796875,0.10986328125,5.76171875,-0.2197265625,7.99560546875,0.048828125,4.84619140625,-0.03662109375,6.09130859375,-0.10986328125,6.75048828125,0.0732421875,4.2724609375,0.1220703125,-1.47705078125,0.048828125,-0.20751953125,-0.15869140625,-0.2685546875,-0.06103515625,-1.28173828125,-0.03662109375,-0.732421875,-0.03662109375,-0.68359375,-0.40283203125,-0.634765625,0.06103515625,-0.06103515625,-0.0244140625,-0.68359375,0.10986328125,-1.40380859375,-0.3662109375,-1.01318359375,-0.3173828125,0.390625,-0.06103515625,0.29296875,-0.0732421875,-0.06103515625,-0.06103515625,-0.09765625,-0.06103515625,0.1220703125,-0.0244140625,1.30615234375,-0.048828125,1.69677734375,-0.06103515625,0.3173828125,0.1220703125,4.47998046875
1,0.23193359375,1.84326171875,-0.3173828125,6.591796875,0.03662109375,2.099609375,-0.1953125,2.685546875,-0.146484375,-0.08544921875,-0.244140625,-0.93994140625,0.0244140625,0.98876953125,-0.13427734375,-0.1953125,-0.0732421875,-0.64697265625,0.0244140625,-0.18310546875,-0.13427734375,0.81787109375,-0.0732421875,-0.5859375,-0.40283203125,-0.08544921875,0.1220703125,-0.74462890625,0.28076171875,0.927734375,-0.0732421875,0.146484375,-0.1953125,1.79443359375,-0.146484375,0.79345703125,0.3662109375,0.98876953125,-0.0732421875,4.08935546875,0.06103515625,-0.244140625,0.2685546875,-0.74462890625,-0.1220703125,-0.439453125,-0.47607421875,0.69580078125,0.048828125,1.46484375,-0.20751953125,0.54931640625,0.37841796875,-0.32958984375,-0.86669921875,0.89111328125,0.28076171875,0.76904296875,-0.15869140625,0.5615234375,-0.35400390625,0.69580078125,0.06103515625,0.29296875,0.08544921875,0.96435546875,-0.29296875,1.42822265625,0.0732421875,0.537109375,-0.06103515625,0.0732421875,-0.23193359375,7.70263671875,0.01220703125,10.2783203125,-0.03662109375,6.0791015625,-0.20751953125,8.41064453125,0.03662109375,5.18798828125,-0.03662109375,6.53076171875,-0.10986328125,7.31201171875,0.03662109375,4.5654296875,0.1220703125,-1.46484375,0.08544921875,-0.20751953125,-0.06103515625,-0.28076171875,-0.0244140625,-1.2939453125,-0.048828125,-0.74462890625,-0.048828125,-0.6591796875,-0.390625,-0.64697265625,0.048828125,-0.06103515625,0,-0.69580078125,0.1708984375,-1.40380859375,-0.30517578125,-1.025390625,-0.30517578125,0.390625,-0.06103515625,0.28076171875,-0.06103515625,-0.06103515625,-0.06103515625,-0.09765625,-0.0732421875,0.1220703125,0,1.67236328125,-0.048828125,1.9287109375,-0.048828125,0.54931640625,0.25634765625,5.50537109375
1,0.23193359375,1.5380859375,-0.29296875,6.0302734375,0.01220703125,1.8310546875,-0.18310546875,2.392578125,-0.146484375,-0.09765625,-0.25634765625,-0.93994140625,0.03662109375,1.01318359375,-0.13427734375,-0.1953125,-0.0244140625,-0.62255859375,0.0244140625,-0.1953125,-0.09765625,0.830078125,-0.048828125,-0.5859375,-0.32958984375,-0.0732421875,0.18310546875,-0.7568359375,0.13427734375,0.93994140625,-0.0244140625,0.1220703125,-0.1953125,2.47802734375,0.01220703125,1.318359375,0.3662109375,1.50146484375,-0.13427734375,5.26123046875,0.10986328125,-0.25634765625,0.40283203125,-0.72021484375,-0.10986328125,-0.390625,-0.45166015625,0.732421875,0.10986328125,1.513671875,-0.25634765625,0.54931640625,0.29296875,-0.2685546875,-0.81787109375,0.91552734375,0.23193359375,0.76904296875,-0.13427734375,0.537109375,-0.3662109375,0.74462890625,0.06103515625,0.29296875,0.13427734375,0.87890625,-0.23193359375,1.40380859375,0.03662109375,0.50048828125,0.0732421875,0.10986328125,-0.146484375,7.82470703125,0.13427734375,10.498046875,-0.09765625,6.15234375,-0.1953125,8.50830078125,0,5.3466796875,0,6.72607421875,-0.0244140625,7.60498046875,-0.01220703125,4.67529296875,0.1220703125,-1.47705078125,0.146484375,-0.2197265625,0.048828125,-0.30517578125,0.01220703125,-1.318359375,-0.03662109375,-0.732421875,-0.08544921875,-0.67138671875,-0.37841796875,-0.634765625,0.0732421875,-0.0732421875,0.08544921875,-0.7080078125,0.23193359375,-1.42822265625,-0.25634765625,-1.01318359375,-0.3173828125,0.390625,-0.10986328125,0.29296875,-0.06103515625,-0.048828125,-0.06103515625,-0.08544921875,-0.0732421875,0.10986328125,-0.0244140625,2.01416015625,-0.048828125,2.1484375,-0.03662109375,0.78125,0.29296875,6.4453125
1,0.25634765625,1.2451171875,-0.25634765625,5.4443359375,0,1.55029296875,-0.1953125,2.08740234375,-0.1220703125,-0.08544921875,-0.25634765625,-0.927734375,0.0244140625,1.025390625,-0.10986328125,-0.1953125,0.06103515625,-0.6103515625,0,-0.1953125,-0.06103515625,0.8544921875,-0.0732421875,-0.59814453125,-0.244140625,-0.0732421875,0.20751953125,-0.7568359375,-0.0244140625,0.9765625,0.0244140625,0.10986328125,-0.08544921875,3.1005859375,0.1708984375,1.7822265625,0.4150390625,1.98974609375,0.048828125,6.38427734375,0.18310546875,-0.20751953125,0.4638671875,-0.69580078125,-0.23193359375,-0.3662109375,-0.47607421875,0.7568359375,0.1708984375,1.5625,-0.244140625,0.57373046875,0.439453125,-0.1708984375,-0.732421875,0.9765625,0.13427734375,0.76904296875,-0.1220703125,0.537109375,-0.35400390625,0.8056640625,0.048828125,0.29296875,0.10986328125,0.84228515625,-0.23193359375,1.35498046875,-0.10986328125,0.4638671875,0.03662109375,0.1708984375,-0.01220703125,7.6171875,0.146484375,10.302734375,-0.1708984375,5.96923828125,-0.1220703125,8.3251953125,-0.03662109375,5.28564453125,0,6.70166015625,0.01220703125,7.53173828125,-0.06103515625,4.60205078125,0.09765625,-1.47705078125,0.146484375,-0.28076171875,0.18310546875,-0.3173828125,0.048828125,-1.318359375,-0.0244140625,-0.72021484375,-0.048828125,-0.6591796875,-0.35400390625,-0.62255859375,0.1220703125,-0.0732421875,0.13427734375,-0.732421875,0.244140625,-1.416015625,-0.18310546875,-1.01318359375,-0.32958984375,0.40283203125,-0.1220703125,0.3173828125,-0.08544921875,-0.03662109375,-0.06103515625,-0.10986328125,-0.08544921875,0.146484375,0,2.25830078125,-0.01220703125,2.34375,0,0.9521484375,0.25634765625,7.2265625
1,0.244140625,0.9765625,-0.2197265625,4.8828125,0.03662109375,1.26953125,-0.15869140625,1.806640625,-0.09765625,-0.09765625,-0.25634765625,-0.9033203125,0,1.025390625,-0.08544921875,-0.1953125,0.10986328125,-0.5859375,-0.048828125,-0.18310546875,-0.0732421875,0.86669921875,-0.08544921875,-0.6103515625,-0.20751953125,-0.048828125,0.28076171875,-0.7568359375,-0.15869140625,0.9765625,0.01220703125,0.13427734375,0.0244140625,3.61328125,0.30517578125,2.13623046875,0.4150390625,2.35595703125,0.15869140625,7.33642578125,0.244140625,-0.1953125,0.5615234375,-0.67138671875,-0.341796875,-0.341796875,-0.50048828125,0.72021484375,0.13427734375,1.611328125,-0.29296875,0.59814453125,0.42724609375,-0.10986328125,-0.67138671875,1.0009765625,0.1220703125,0.78125,-0.09765625,0.5126953125,-0.341796875,0.87890625,0.0244140625,0.2685546875,0.146484375,0.7568359375,-0.08544921875,1.30615234375,-0.1220703125,0.4150390625,0.1953125,0.244140625,0.08544921875,7.177734375,0.01220703125,9.7900390625,-0.244140625,5.5908203125,-0.06103515625,7.8857421875,-0.0732421875,5.01708984375,0.0244140625,6.4453125,0.048828125,7.16552734375,-0.0732421875,4.33349609375,0.09765625,-1.4892578125,0.18310546875,-0.2685546875,0.2685546875,-0.35400390625,0.09765625,-1.3427734375,-0.0244140625,-0.7080078125,-0.048828125,-0.64697265625,-0.25634765625,-0.634765625,0.13427734375,-0.0732421875,0.18310546875,-0.732421875,0.244140625,-1.42822265625,-0.09765625,-1.0009765625,-0.341796875,0.40283203125,-0.13427734375,0.3173828125,-0.10986328125,-0.0244140625,-0.06103515625,-0.09765625,-0.0732421875,0.15869140625,0,2.392578125,0,2.45361328125,0.0244140625,1.0498046875,0.23193359375,7.7880859375
1,0.25634765625,0.74462890625,-0.20751953125,4.3701171875,0.0244140625,1.01318359375,-0.13427734375,1.5625,-0.06103515625,-0.10986328125,-0.2685546875,-0.89111328125,0,1.01318359375,-0.06103515625,-0.1953125,0.146484375,-0.6103515625,-0.06103515625,-0.1708984375,-0.146484375,0.86669921875,-0.13427734375,-0.634765625,-0.2197265625,-0.048828125,0.25634765625,-0.732421875,-0.2685546875,0.9765625,0,0.1220703125,0.06103515625,3.9794921875,0.52490234375,2.3681640625,0.439453125,2.63671875,0.20751953125,8.0810546875,0.30517578125,-0.146484375,0.54931640625,-0.64697265625,-0.5126953125,-0.35400390625,-0.48828125,0.68359375,0.13427734375,1.611328125,-0.2685546875,0.6103515625,0.439453125,-0.06103515625,-0.59814453125,1.01318359375,0.0732421875,0.8056640625,-0.10986328125,0.537109375,-0.2685546875,0.927734375,0.01220703125,0.25634765625,0.08544921875,0.69580078125,-0.01220703125,1.2451171875,-0.13427734375,0.35400390625,0.2197265625,0.29296875,0.09765625,6.60400390625,-0.1220703125,9.1064453125,-0.35400390625,5.126953125,-0.01220703125,7.32421875,-0.10986328125,4.55322265625,-0.01220703125,5.95703125,0.048828125,6.54296875,-0.0732421875,3.94287109375,0.048828125,-1.47705078125,0.2197265625,-0.25634765625,0.3662109375,-0.35400390625,0.1220703125,-1.33056640625,0.01220703125,-0.72021484375,-0.03662109375,-0.67138671875,-0.1708984375,-0.6103515625,0.15869140625,-0.048828125,0.244140625,-0.72021484375,0.23193359375,-1.42822265625,-0.0244140625,-0.98876953125,-0.341796875,0.37841796875,-0.1220703125,0.29296875,-0.10986328125,-0.03662109375,-0.06103515625,-0.08544921875,-0.0732421875,0.15869140625,-0.01220703125,2.42919921875,0,2.50244140625,0.0244140625,1.08642578125,0.10986328125,8.1298828125
1,0.2685546875,0.54931640625,-0.13427734375,3.8818359375,0.048828125,0.78125,-0.09765625,1.30615234375,-0.048828125,-0.10986328125,-0.244140625,-0.93994140625,-0.0244140625,1.025390625,-0.06103515625,-0.2197265625,0.1708984375,-0.6103515625,-0.10986328125,-0.1953125,-0.23193359375,0.84228515625,-0.20751953125,-0.62255859375,-0.23193359375,-0.048828125,0.2685546875,-0.732421875,-0.30517578125,0.9521484375,-0.06103515625,0.10986328125,0.06103515625,4.18701171875,0.634765625,2.4658203125,0.4150390625,2.77099609375,0.18310546875,8.59375,0.32958984375,-0.1708984375,0.54931640625,-0.62255859375,-0.6103515625,-0.32958984375,-0.5126953125,0.62255859375,0.06103515625,1.5625,-0.30517578125,0.59814453125,0.45166015625,-0.03662109375,-0.5126953125,1.01318359375,0.06103515625,0.79345703125,-0.10986328125,0.537109375,-0.244140625,0.98876953125,-0.01220703125,0.25634765625,-0.0244140625,0.64697265625,0.06103515625,1.15966796875,-0.1220703125,0.30517578125,0.2197265625,0.3173828125,0.1220703125,5.96923828125,-0.23193359375,8.28857421875,-0.35400390625,4.60205078125,0.048828125,6.7138671875,-0.09765625,3.91845703125,-0.01220703125,5.2734375,0.03662109375,5.712890625,-0.01220703125,3.38134765625,0.01220703125,-1.47705078125,0.25634765625,-0.2685546875,0.52490234375,-0.341796875,0.10986328125,-1.3427734375,0.01220703125,-0.74462890625,-0.03662109375,-0.67138671875,-0.06103515625,-0.62255859375,0.18310546875,-0.03662109375,0.25634765625,-0.732421875,0.18310546875,-1.416015625,0.01220703125,-1.0009765625,-0.341796875,0.40283203125,-0.09765625,0.29296875,-0.09765625,-0.03662109375,-0.0732421875,-0.08544921875,-0.048828125,0.15869140625,-0.0244140625,2.4169921875,-0.0244140625,2.50244140625,0.0244140625,1.0498046875,0.2197265625,8.2275390625
1,0.29296875,0.390625,-0.13427734375,3.3935546875,0.0732421875,0.5615234375,-0.0732421875,1.08642578125,-0.048828125,-0.10986328125,-0.2197265625,-0.9033203125,-0.048828125,1.025390625,-0.048828125,-0.23193359375,0.146484375,-0.6103515625,-0.146484375,-0.20751953125,-0.35400390625,0.84228515625,-0.32958984375,-0.634765625,-0.244140625,-0.048828125,0.2685546875,-0.732421875,-0.3173828125,0.927734375,-0.0732421875,0.1220703125,0.08544921875,4.2236328125,0.79345703125,2.42919921875,0.390625,2.8076171875,0.0732421875,8.8623046875,0.2685546875,-0.146484375,0.50048828125,-0.5859375,-0.69580078125,-0.32958984375,-0.5126953125,0.5615234375,0,1.50146484375,-0.32958984375,0.57373046875,0.390625,-0.01220703125,-0.4150390625,0.98876953125,0.048828125,0.79345703125,-0.10986328125,0.54931640625,-0.23193359375,1.0009765625,-0.03662109375,0.244140625,-0.0732421875,0.5859375,0.08544921875,1.123046875,-0.13427734375,0.2685546875,0.1708984375,0.30517578125,0.10986328125,5.38330078125,-0.29296875,7.50732421875,-0.30517578125,4.13818359375,0.048828125,6.15234375,-0.09765625,3.173828125,-0.03662109375,4.45556640625,0.0244140625,4.6875,0.01220703125,2.74658203125,-0.03662109375,-1.4892578125,0.25634765625,-0.28076171875,0.57373046875,-0.3173828125,0.1708984375,-1.318359375,0.0244140625,-0.74462890625,-0.03662109375,-0.67138671875,0.03662109375,-0.634765625,0.1953125,-0.0244140625,0.2685546875,-0.69580078125,0.1708984375,-1.416015625,0.03662109375,-0.98876953125,-0.35400390625,0.390625,-0.10986328125,0.28076171875,-0.10986328125,-0.06103515625,-0.06103515625,-0.08544921875,-0.03662109375,0.13427734375,-0.0244140625,2.294921875,-0.0244140625,2.44140625,0.03662109375,0.96435546875,0.28076171875,8.0810546875
1,0.30517578125,0.1953125,-0.048828125,2.84423828125,0.0732421875,0.37841796875,-0.048828125,0.86669921875,-0.03662109375,-0.10986328125,-0.23193359375,-0.93994140625,-0.06103515625,1.01318359375,-0.06103515625,-0.2197265625,0.13427734375,-0.59814453125,-0.1953125,-0.1953125,-0.45166015625,0.84228515625,-0.40283203125,-0.634765625,-0.2685546875,-0.03662109375,0.20751953125,-0.732421875,-0.28076171875,0.93994140625,-0.06103515625,0.1220703125,0.0244140625,4.1259765625,0.927734375,2.3193359375,0.3662109375,2.7099609375,0.13427734375,8.935546875,0.20751953125,-0.146484375,0.45166015625,-0.59814453125,-0.7080078125,-0.32958984375,-0.5126953125,0.50048828125,-0.10986328125,1.416015625,-0.30517578125,0.5615234375,0.30517578125,-0.01220703125,-0.32958984375,0.98876953125,0.03662109375,0.79345703125,-0.06103515625,0.52490234375,-0.23193359375,0.98876953125,-0.0244140625,0.25634765625,-0.09765625,0.5859375,0.10986328125,1.0986328125,-0.0732421875,0.25634765625,0.15869140625,0.30517578125,0.13427734375,4.91943359375,-0.35400390625,6.89697265625,-0.2197265625,3.77197265625,-0.01220703125,5.70068359375,-0.048828125,2.392578125,-0.06103515625,3.5400390625,-0.01220703125,3.6376953125,0.0244140625,2.03857421875,-0.1220703125,-1.513671875,0.23193359375,-0.2685546875,0.64697265625,-0.30517578125,0.1708984375,-1.3427734375,0.0244140625,-0.7568359375,-0.048828125,-0.68359375,0.0732421875,-0.634765625,0.23193359375,-0.01220703125,0.29296875,-0.69580078125,0.1220703125,-1.416015625,0.01220703125,-0.9765625,-0.341796875,0.37841796875,-0.09765625,0.28076171875,-0.08544921875,-0.048828125,-0.0732421875,-0.08544921875,-0.01220703125,0.1220703125,-0.03662109375,2.1728515625,-0.0244140625,2.3681640625,0.048828125,0.86669921875,0.146484375,7.71484375
1,0.3173828125,0.01220703125,-0.0244140625,2.2216796875,0.10986328125,0.18310546875,-0.048828125,0.64697265625,-0.01220703125,-0.10986328125,-0.20751953125,-0.93994140625,-0.0732421875,1.0009765625,-0.048828125,-0.23193359375,0.06103515625,-0.62255859375,-0.25634765625,-0.20751953125,-0.50048828125,0.81787109375,-0.42724609375,-0.5859375,-0.25634765625,-0.01220703125,0.15869140625,-0.74462890625,-0.244140625,0.91552734375,-0.0732421875,0.1220703125,-0.01220703125,3.9306640625,0.9765625,2.1728515625,0.3662109375,2.587890625,0.20751953125,8.80126953125,0.15869140625,-0.1708984375,0.3662109375,-0.5859375,-0.7080078125,-0.40283203125,-0.47607421875,0.4638671875,-0.1708984375,1.37939453125,-0.25634765625,0.57373046875,0.23193359375,-0.0244140625,-0.2685546875,0.9765625,0.1220703125,0.76904296875,-0.1220703125,0.537109375,-0.244140625,0.96435546875,-0.03662109375,0.23193359375,-0.08544921875,0.634765625,0.09765625,1.11083984375,-0.0244140625,0.2685546875,0.23193359375,0.2685546875,0.23193359375,4.62646484375,-0.3173828125,6.43310546875,-0.06103515625,3.57666015625,-0.0732421875,5.40771484375,-0.048828125,1.5625,-0.0732421875,2.60009765625,-0.0732421875,2.5390625,0.01220703125,1.3427734375,-0.13427734375,-1.4892578125,0.20751953125,-0.25634765625,0.6591796875,-0.30517578125,0.15869140625,-1.3427734375,0.0244140625,-0.78125,-0.0732421875,-0.69580078125,0.06103515625,-0.7080078125,0.2197265625,-0.0244140625,0.244140625,-0.68359375,0.06103515625,-1.40380859375,0.01220703125,-0.9765625,-0.35400390625,0.3662109375,-0.10986328125,0.25634765625,-0.10986328125,-0.06103515625,-0.0732421875,-0.0732421875,-0.0244140625,0.1220703125,-0.03662109375,2.001953125,-0.03662109375,2.24609375,0.0732421875,0.7568359375,0.0732421875,7.23876953125
1,0.341796875,-0.1953125,0.01220703125,1.513671875,0.08544921875,-0.0244140625,-0.03662109375,0.40283203125,0,-0.09765625,-0.20751953125,-0.9521484375,-0.08544921875,1.0009765625,-0.048828125,-0.20751953125,-0.03662109375,-0.634765625,-0.25634765625,-0.20751953125,-0.50048828125,0.830078125,-0.4638671875,-0.5859375,-0.30517578125,0.01220703125,0.09765625,-0.732421875,-0.1953125,0.91552734375,-0.048828125,0.1220703125,-0.08544921875,3.759765625,0.96435546875,2.05078125,0.341796875,2.47802734375,0.048828125,8.59375,0.09765625,-0.15869140625,0.2685546875,-0.5615234375,-0.6591796875,-0.4150390625,-0.5126953125,0.48828125,-0.244140625,1.3916015625,-0.23193359375,0.59814453125,0.25634765625,-0.03662109375,-0.1953125,0.98876953125,0.1953125,0.79345703125,-0.1220703125,0.537109375,-0.13427734375,0.89111328125,-0.08544921875,0.244140625,-0.0732421875,0.732421875,0.146484375,1.20849609375,0.03662109375,0.341796875,0.18310546875,0.28076171875,0.20751953125,4.541015625,-0.3173828125,6.23779296875,0.06103515625,3.515625,-0.1708984375,5.322265625,-0.06103515625,0.8056640625,-0.0732421875,1.708984375,-0.09765625,1.50146484375,-0.0244140625,0.7080078125,-0.146484375,-1.50146484375,0.1708984375,-0.244140625,0.64697265625,-0.3173828125,0.13427734375,-1.35498046875,0.048828125,-0.78125,-0.08544921875,-0.67138671875,0.06103515625,-0.69580078125,0.2197265625,-0.03662109375,0.20751953125,-0.69580078125,0.0244140625,-1.40380859375,-0.01220703125,-1.01318359375,-0.37841796875,0.37841796875,-0.13427734375,0.2685546875,-0.10986328125,-0.06103515625,-0.0732421875,-0.06103515625,-0.01220703125,0.13427734375,-0.048828125,1.8310546875,-0.03662109375,2.13623046875,0.10986328125,0.634765625,0.03662109375,6.67724609375
1,0.32958984375,-0.40283203125,0.0244140625,0.7568359375,0.09765625,-0.244140625,-0.048828125,0.1708984375,0.0244140625,-0.10986328125,-0.244140625,-0.9521484375,-0.0732421875,1.0009765625,-0.0732421875,-0.1953125,-0.09765625,-0.64697265625,-0.30517578125,-0.244140625,-0.50048828125,0.830078125,-0.42724609375,-0.5859375,-0.29296875,0.0244140625,0.0732421875,-0.732421875,-0.1708984375,0.91552734375,-0.08544921875,0.13427734375,-0.15869140625,3.60107421875,0.86669921875,1.9287109375,0.32958984375,2.3681640625,-0.03662109375,8.2763671875,0.0732421875,-0.18310546875,0.1708984375,-0.5615234375,-0.5859375,-0.45166015625,-0.5126953125,0.5126953125,-0.30517578125,1.47705078125,-0.2197265625,0.6591796875,0.1708984375,-0.048828125,-0.18310546875,1.03759765625,0.28076171875,0.78125,-0.13427734375,0.54931640625,-0.1220703125,0.79345703125,-0.1220703125,0.23193359375,-0.048828125,0.86669921875,0.09765625,1.318359375,0,0.439453125,0.20751953125,0.30517578125,0.1953125,4.58984375,-0.3173828125,6.26220703125,0.1708984375,3.5888671875,-0.244140625,5.35888671875,-0.03662109375,0.10986328125,-0.10986328125,0.86669921875,-0.13427734375,0.5859375,-0.0732421875,0.13427734375,-0.13427734375,-1.513671875,0.1220703125,-0.2197265625,0.6103515625,-0.30517578125,0.10986328125,-1.3671875,0.048828125,-0.8056640625,-0.08544921875,-0.68359375,0.03662109375,-0.68359375,0.2197265625,-0.048828125,0.2197265625,-0.69580078125,-0.0244140625,-1.42822265625,-0.01220703125,-1.0009765625,-0.3662109375,0.3662109375,-0.13427734375,0.28076171875,-0.09765625,-0.0732421875,-0.06103515625,-0.0732421875,-0.03662109375,0.146484375,-0.06103515625,1.6845703125,-0.048828125,2.0263671875,0.10986328125,0.5126953125,0.0244140625,6.0546875
1,0.3173828125,-0.62255859375,0.01220703125,-0.048828125,0.06103515625,-0.47607421875,-0.048828125,-0.09765625,0.06103515625,-0.10986328125,-0.244140625,-0.96435546875,-0.0732421875,0.98876953125,-0.08544921875,-0.18310546875,-0.15869140625,-0.6591796875,-0.35400390625,-0.23193359375,-0.42724609375,0.81787109375,-0.3662109375,-0.57373046875,-0.32958984375,0,0.048828125,-0.732421875,-0.1708984375,0.9033203125,-0.09765625,0.146484375,-0.1953125,3.466796875,0.79345703125,1.806640625,0.29296875,2.2705078125,-0.03662109375,7.91015625,0.0244140625,-0.18310546875,0.10986328125,-0.5859375,-0.45166015625,-0.48828125,-0.5615234375,0.5615234375,-0.3173828125,1.611328125,-0.1953125,0.74462890625,0.20751953125,-0.03662109375,-0.18310546875,1.11083984375,0.341796875,0.7568359375,-0.15869140625,0.54931640625,-0.06103515625,0.7080078125,-0.09765625,0.2197265625,0.03662109375,1.025390625,0.1220703125,1.4404296875,0,0.537109375,0.25634765625,0.3662109375,0.10986328125,4.736328125,-0.341796875,6.396484375,0.18310546875,3.6865234375,-0.29296875,5.50537109375,-0.01220703125,-0.439453125,-0.0732421875,0.15869140625,-0.18310546875,-0.15869140625,-0.048828125,-0.37841796875,-0.08544921875,-1.4892578125,0.08544921875,-0.23193359375,0.54931640625,-0.3173828125,0.09765625,-1.35498046875,0.06103515625,-0.76904296875,-0.08544921875,-0.6591796875,0.03662109375,-0.69580078125,0.18310546875,-0.048828125,0.20751953125,-0.69580078125,-0.06103515625,-1.40380859375,-0.048828125,-0.98876953125,-0.3662109375,0.37841796875,-0.15869140625,0.29296875,-0.09765625,-0.0732421875,-0.06103515625,-0.08544921875,-0.0244140625,0.15869140625,-0.048828125,1.5380859375,-0.0732421875,1.91650390625,0.1220703125,0.390625,0,5.4931640625
1,0.341796875,-0.8544921875,0.03662109375,-0.79345703125,0.0732421875,-0.69580078125,-0.06103515625,-0.32958984375,0.06103515625,-0.10986328125,-0.28076171875,-0.927734375,-0.08544921875,0.98876953125,-0.10986328125,-0.18310546875,-0.15869140625,-0.6591796875,-0.341796875,-0.2197265625,-0.30517578125,0.81787109375,-0.30517578125,-0.5615234375,-0.341796875,0.0244140625,0.0244140625,-0.74462890625,-0.20751953125,0.93994140625,-0.146484375,0.146484375,-0.23193359375,3.369140625,0.7568359375,1.7578125,0.30517578125,2.18505859375,-0.06103515625,7.53173828125,-0.01220703125,-0.20751953125,-0.0244140625,-0.6103515625,-0.35400390625,-0.50048828125,-0.439453125,0.62255859375,-0.32958984375,1.7578125,-0.25634765625,0.830078125,0.13427734375,0,-0.1953125,1.1962890625,0.390625,0.76904296875,-0.13427734375,0.537109375,-0.06103515625,0.6103515625,-0.048828125,0.23193359375,0.03662109375,1.171875,0.0244140625,1.55029296875,-0.0732421875,0.634765625,0.3662109375,0.45166015625,0.0244140625,4.8828125,-0.3662109375,6.6162109375,0.18310546875,3.82080078125,-0.25634765625,5.62744140625,-0.01220703125,-0.86669921875,-0.08544921875,-0.37841796875,-0.23193359375,-0.78125,-0.0244140625,-0.7568359375,-0.048828125,-1.4892578125,0.048828125,-0.1708984375,0.4638671875,-0.30517578125,0.09765625,-1.35498046875,0.06103515625,-0.79345703125,-0.09765625,-0.64697265625,0.08544921875,-0.69580078125,0.1220703125,-0.06103515625,0.20751953125,-0.68359375,-0.06103515625,-1.40380859375,-0.08544921875,-0.9765625,-0.35400390625,0.390625,-0.15869140625,0.30517578125,-0.0732421875,-0.06103515625,-0.06103515625,-0.09765625,-0.01220703125,0.15869140625,-0.0732421875,1.45263671875,-0.0732421875,1.84326171875,0.10986328125,0.3173828125,0.08544921875,5.01708984375
0,0.35400390625,-1.03759765625,0.03662109375,-1.3916015625,0.09765625,-0.86669921875,-0.03662109375,-0.537109375,0.08544921875,-0.10986328125,-0.30517578125,-0.93994140625,-0.09765625,1.01318359375,-0.13427734375,-0.1953125,-0.13427734375,-0.6591796875,-0.341796875,-0.2197265625,-0.1708984375,0.830078125,-0.18310546875,-0.57373046875,-0.32958984375,-0.01220703125,0,-0.72021484375,-0.2197265625,0.9521484375,-0.146484375,0.13427734375,-0.23193359375,3.2958984375,0.69580078125,1.72119140625,0.29296875,2.13623046875,-0.0244140625,7.177734375,-0.0732421875,-0.20751953125,-0.13427734375,-0.634765625,-0.25634765625,-0.537109375,-0.341796875,0.6591796875,-0.3173828125,1.904296875,-0.244140625,0.9033203125,0.13427734375,0.0244140625,-0.1953125,1.26953125,0.390625,0.78125,-0.146484375,0.537109375,-0.08544921875,0.537109375,0.0244140625,0.244140625,0.0244140625,1.26953125,-0.06103515625,1.6357421875,-0.1953125,0.69580078125,0.3662109375,0.5126953125,-0.0732421875,4.9560546875,-0.390625,6.72607421875,0.1708984375,3.84521484375,-0.2197265625,5.712890625,0.0244140625,-1.18408203125,-0.06103515625,-0.76904296875,-0.28076171875,-1.18408203125,0,-1.0009765625,-0.048828125,-1.47705078125,0.01220703125,-0.18310546875,0.40283203125,-0.3173828125,0.10986328125,-1.33056640625,0.0732421875,-0.78125,-0.1220703125,-0.62255859375,0.09765625,-0.69580078125,0.048828125,-0.0732421875,0.13427734375,-0.68359375,-0.09765625,-1.3916015625,-0.15869140625,-1.0009765625,-0.341796875,0.40283203125,-0.146484375,0.29296875,-0.0732421875,-0.06103515625,-0.06103515625,-0.1220703125,0,0.15869140625,-0.0732421875,1.40380859375,-0.0732421875,1.7578125,0.09765625,0.25634765625,0.03662109375,4.6630859375
0,0.341796875,-1.1474609375,0.0732421875,-1.81884765625,0.1220703125,-1.0009765625,-0.0244140625,-0.67138671875,0.08544921875,-0.10986328125,-0.29296875,-0.91552734375,-0.10986328125,1.025390625,-0.13427734375,-0.2197265625,-0.09765625,-0.634765625,-0.3173828125,-0.20751953125,-0.0732421875,0.8056640625,-0.09765625,-0.5859375,-0.20751953125,-0.048828125,-0.01220703125,-0.74462890625,-0.1953125,0.96435546875,-0.13427734375,0.13427734375,-0.23193359375,3.22265625,0.537109375,1.708984375,0.29296875,2.0751953125,0.0732421875,6.82373046875,-0.1708984375,-0.23193359375,-0.1953125,-0.68359375,-0.146484375,-0.5615234375,-0.28076171875,0.72021484375,-0.32958984375,2.001953125,-0.2197265625,0.9521484375,0.13427734375,0.048828125,-0.23193359375,1.30615234375,0.35400390625,0.78125,-0.08544921875,0.57373046875,-0.0244140625,0.47607421875,0.10986328125,0.25634765625,0.0732421875,1.2939453125,-0.048828125,1.62353515625,-0.2685546875,0.7080078125,0.439453125,0.5859375,-0.2197265625,4.8828125,-0.40283203125,6.6650390625,0.146484375,3.77197265625,-0.2197265625,5.6396484375,0.03662109375,-1.35498046875,-0.06103515625,-1.0009765625,-0.3173828125,-1.45263671875,0.0244140625,-1.18408203125,-0.03662109375,-1.46484375,-0.03662109375,-0.18310546875,0.30517578125,-0.341796875,0.06103515625,-1.33056640625,0.0244140625,-0.76904296875,-0.10986328125,-0.59814453125,0.06103515625,-0.67138671875,-0.01220703125,-0.06103515625,0.048828125,-0.69580078125,-0.10986328125,-1.416015625,-0.18310546875,-1.0009765625,-0.30517578125,0.40283203125,-0.1220703125,0.3173828125,-0.06103515625,-0.0732421875,-0.0732421875,-0.13427734375,0,0.15869140625,-0.09765625,1.35498046875,-0.06103515625,1.72119140625,0.10986328125,0.244140625,0,4.4677734375
0,0.32958984375,-1.20849609375,0.06103515625,-1.96533203125,0.146484375,-1.07421875,-0.0244140625,-0.72021484375,0.09765625,-0.13427734375,-0.29296875,-0.927734375,-0.15869140625,1.03759765625,-0.1220703125,-0.2197265625,-0.03662109375,-0.6103515625,-0.244140625,-0.1953125,0.0732421875,0.84228515625,0,-0.59814453125,-0.10986328125,-0.06103515625,-0.0244140625,-0.74462890625,-0.18310546875,0.98876953125,-0.08544921875,0.146484375,-0.244140625,3.16162109375,0.40283203125,1.67236328125,0.341796875,2.01416015625,0.18310546875,6.5185546875,-0.18310546875,-0.244140625,-0.1953125,-0.7080078125,-0.1220703125,-0.57373046875,-0.23193359375,0.72021484375,-0.29296875,2.001953125,-0.2197265625,0.927734375,0.10986328125,0.03662109375,-0.3173828125,1.2939453125,0.244140625,0.78125,-0.0732421875,0.5859375,-0.03662109375,0.47607421875,0.13427734375,0.244140625,0.0732421875,1.20849609375,-0.13427734375,1.5869140625,-0.390625,0.67138671875,0.5126953125,0.62255859375,-0.1708984375,4.62646484375,-0.35400390625,6.3232421875,0.1708984375,3.515625,-0.08544921875,5.3955078125,0.0732421875,-1.46484375,-0.0732421875,-1.11083984375,-0.40283203125,-1.57470703125,-0.01220703125,-1.23291015625,-0.03662109375,-1.46484375,-0.08544921875,-0.20751953125,0.1953125,-0.35400390625,0.01220703125,-1.2939453125,-0.01220703125,-0.78125,-0.048828125,-0.6103515625,0.0244140625,-0.67138671875,-0.0244140625,-0.06103515625,-0.06103515625,-0.69580078125,-0.1220703125,-1.4404296875,-0.2197265625,-1.01318359375,-0.2685546875,0.390625,-0.1220703125,0.3173828125,-0.01220703125,-0.0732421875,-0.06103515625,-0.13427734375,0.0244140625,0.146484375,-0.1220703125,1.3671875,-0.06103515625,1.6845703125,0.10986328125,0.25634765625,-0.048828125,4.443359375
0,0.32958984375,-1.1962890625,0.08544921875,-1.85546875,0.13427734375,-1.07421875,-0.0244140625,-0.68359375,0.09765625,-0.13427734375,-0.29296875,-0.91552734375,-0.146484375,1.025390625,-0.09765625,-0.1953125,0.01220703125,-0.6103515625,-0.23193359375,-0.1953125,0.2197265625,0.8544921875,0.10986328125,-0.62255859375,0.0244140625,-0.09765625,-0.03662109375,-0.76904296875,-0.1708984375,0.9765625,-0.0732421875,0.13427734375,-0.25634765625,3.02734375,0.29296875,1.62353515625,0.341796875,1.9287109375,0.18310546875,6.298828125,-0.2197265625,-0.244140625,-0.2197265625,-0.732421875,-0.1220703125,-0.5859375,-0.20751953125,0.7080078125,-0.28076171875,1.9287109375,-0.20751953125,0.87890625,0.18310546875,-0.01220703125,-0.32958984375,1.220703125,0.13427734375,0.81787109375,-0.0244140625,0.59814453125,0,0.48828125,0.146484375,0.25634765625,0.13427734375,1.07421875,-0.1220703125,1.513671875,-0.4638671875,0.5859375,0.57373046875,0.6591796875,-0.18310546875,4.1748046875,-0.390625,5.65185546875,0.10986328125,3.13720703125,0,4.98046875,0.09765625,-1.4892578125,-0.08544921875,-1.1474609375,-0.42724609375,-1.5869140625,-0.06103515625,-1.2451171875,-0.03662109375,-1.4404296875,-0.1220703125,-0.1953125,0.09765625,-0.32958984375,-0.06103515625,-1.30615234375,-0.0244140625,-0.76904296875,-0.0244140625,-0.634765625,-0.048828125,-0.6591796875,0,-0.06103515625,-0.09765625,-0.68359375,-0.18310546875,-1.42822265625,-0.244140625,-1.025390625,-0.2197265625,0.37841796875,-0.13427734375,0.3173828125,0.01220703125,-0.06103515625,-0.06103515625,-0.13427734375,0.0244140625,0.15869140625,-0.1220703125,1.37939453125,-0.08544921875,1.6845703125,0.08544921875,0.29296875,-0.06103515625,4.5166015625
0,0.3173828125,-1.08642578125,0.0732421875,-1.513671875,0.1220703125,-0.96435546875,0,-0.57373046875,0.10986328125,-0.146484375,-0.28076171875,-0.91552734375,-0.18310546875,1.0498046875,-0.06103515625,-0.1708984375,0.048828125,-0.59814453125,-0.1708984375,-0.18310546875,0.35400390625,0.86669921875,0.10986328125,-0.6103515625,0.048828125,-0.13427734375,-0.0732421875,-0.7568359375,-0.13427734375,0.98876953125,-0.06103515625,0.146484375,-0.25634765625,2.9296875,0.2197265625,1.57470703125,0.37841796875,1.84326171875,0.1953125,6.09130859375,-0.20751953125,-0.25634765625,-0.2685546875,-0.732421875,-0.09765625,-0.5615234375,-0.2685546875,0.7080078125,-0.28076171875,1.77001953125,-0.20751953125,0.76904296875,0.2197265625,-0.08544921875,-0.45166015625,1.123046875,0.0732421875,0.830078125,0.01220703125,0.634765625,0.01220703125,0.537109375,0.146484375,0.28076171875,0.1220703125,0.89111328125,-0.08544921875,1.416015625,-0.45166015625,0.50048828125,0.59814453125,0.69580078125,-0.10986328125,3.55224609375,-0.2685546875,4.77294921875,0.09765625,2.6123046875,0.13427734375,4.39453125,0.048828125,-1.4892578125,-0.13427734375,-1.123046875,-0.59814453125,-1.5380859375,-0.1708984375,-1.1962890625,-0.0244140625,-1.4404296875,-0.13427734375,-0.1953125,0.01220703125,-0.3173828125,-0.13427734375,-1.28173828125,-0.06103515625,-0.7568359375,0.048828125,-0.64697265625,-0.10986328125,-0.64697265625,0.03662109375,-0.0732421875,-0.08544921875,-0.7080078125,-0.2197265625,-1.42822265625,-0.244140625,-1.01318359375,-0.146484375,0.4150390625,-0.13427734375,0.28076171875,0.06103515625,-0.06103515625,-0.08544921875,-0.13427734375,0.03662109375,0.146484375,-0.10986328125,1.3916015625,-0.0732421875,1.66015625,0.06103515625,0.3173828125,-0.0732421875,4.60205078125
0,0.32958984375,-0.93994140625,0.08544921875,-1.025390625,0.1220703125,-0.8544921875,0.01220703125,-0.4150390625,0.09765625,-0.1708984375,-0.25634765625,-0.91552734375,-0.18310546875,1.03759765625,-0.048828125,-0.1708984375,0.08544921875,-0.5859375,-0.08544921875,-0.1953125,0.47607421875,0.86669921875,0.08544921875,-0.64697265625,0.06103515625,-0.15869140625,-0.09765625,-0.76904296875,-0.10986328125,0.9765625,-0.0732421875,0.146484375,-0.25634765625,2.81982421875,0.18310546875,1.47705078125,0.3662109375,1.7578125,0.18310546875,5.9326171875,-0.1953125,-0.2685546875,-0.32958984375,-0.74462890625,-0.09765625,-0.5615234375,-0.244140625,0.67138671875,-0.341796875,1.57470703125,-0.146484375,0.6591796875,0.25634765625,-0.09765625,-0.52490234375,0.98876953125,0.01220703125,0.81787109375,0.0244140625,0.6103515625,0.01220703125,0.6103515625,0.1953125,0.28076171875,0.1220703125,0.7568359375,-0.10986328125,1.3427734375,-0.45166015625,0.45166015625,0.5126953125,0.830078125,0,2.83203125,-0.2197265625,3.759765625,0.1220703125,2.01416015625,0.1953125,3.7353515625,0.08544921875,-1.42822265625,-0.0732421875,-1.03759765625,-0.634765625,-1.45263671875,-0.2197265625,-1.13525390625,-0.06103515625,-1.42822265625,-0.15869140625,-0.18310546875,-0.10986328125,-0.30517578125,-0.15869140625,-1.26953125,-0.08544921875,-0.76904296875,0.08544921875,-0.6591796875,-0.10986328125,-0.634765625,0.0732421875,-0.048828125,-0.06103515625,-0.69580078125,-0.25634765625,-1.4404296875,-0.25634765625,-1.01318359375,-0.08544921875,0.4150390625,-0.13427734375,0.23193359375,0.08544921875,-0.048828125,-0.0732421875,-0.13427734375,0.0244140625,0.13427734375,-0.15869140625,1.3671875,-0.06103515625,1.64794921875,0.08544921875,0.3173828125,-0.06103515625,4.65087890625
0,0.3173828125,-0.76904296875,0.10986328125,-0.52490234375,0.1220703125,-0.68359375,0.03662109375,-0.244140625,0.10986328125,-0.146484375,-0.244140625,-0.927734375,-0.15869140625,1.025390625,-0.048828125,-0.1708984375,0.08544921875,-0.5859375,-0.03662109375,-0.20751953125,0.5126953125,0.89111328125,0.01220703125,-0.62255859375,0.03662109375,-0.15869140625,-0.13427734375,-0.7568359375,-0.06103515625,0.9765625,-0.03662109375,0.146484375,-0.18310546875,2.69775390625,0.13427734375,1.3671875,0.341796875,1.66015625,0.1220703125,5.77392578125,-0.1953125,-0.28076171875,-0.32958984375,-0.7568359375,-0.06103515625,-0.54931640625,-0.30517578125,0.6591796875,-0.35400390625,1.37939453125,-0.09765625,0.57373046875,0.244140625,-0.08544921875,-0.5615234375,0.89111328125,0.01220703125,0.8056640625,0.048828125,0.59814453125,-0.048828125,0.68359375,0.25634765625,0.28076171875,0.09765625,0.72021484375,-0.08544921875,1.35498046875,-0.390625,0.4638671875,0.48828125,1.07421875,0.03662109375,2.11181640625,-0.146484375,2.7099609375,0.146484375,1.416015625,0.1953125,3.0517578125,0.09765625,-1.3916015625,-0.0244140625,-0.98876953125,-0.634765625,-1.3916015625,-0.18310546875,-1.11083984375,-0.06103515625,-1.4404296875,-0.18310546875,-0.18310546875,-0.23193359375,-0.30517578125,-0.146484375,-1.28173828125,-0.08544921875,-0.78125,0.09765625,-0.68359375,-0.13427734375,-0.634765625,0.09765625,-0.048828125,0.0244140625,-0.68359375,-0.3173828125,-1.4404296875,-0.244140625,-1.025390625,-0.06103515625,0.4150390625,-0.09765625,0.23193359375,0.1220703125,-0.06103515625,-0.0732421875,-0.09765625,0.0244140625,0.13427734375,-0.146484375,1.3427734375,-0.06103515625,1.62353515625,0.0732421875,0.28076171875,-0.06103515625,4.5166015625
0,0.29296875,-0.62255859375,0.18310546875,-0.03662109375,0.13427734375,-0.5126953125,0.06103515625,-0.09765625,0.1220703125,-0.1708984375,-0.2197265625,-0.93994140625,-0.146484375,1.01318359375,-0.048828125,-0.1953125,0.06103515625,-0.62255859375,-0.01220703125,-0.20751953125,0.537109375,0.87890625,-0.08544921875,-0.6103515625,0.0244140625,-0.15869140625,-0.15869140625,-0.74462890625,-0.03662109375,0.98876953125,-0.01220703125,0.15869140625,-0.10986328125,2.57568359375,0.048828125,1.23291015625,0.30517578125,1.5625,0.048828125,5.52978515625,-0.13427734375,-0.25634765625,-0.390625,-0.7568359375,-0.048828125,-0.537109375,-0.341796875,0.62255859375,-0.42724609375,1.30615234375,-0.06103515625,0.52490234375,0.25634765625,0,-0.62255859375,0.84228515625,0.06103515625,0.79345703125,0.0244140625,0.5859375,-0.10986328125,0.76904296875,0.35400390625,0.28076171875,0.048828125,0.84228515625,-0.10986328125,1.46484375,-0.3173828125,0.59814453125,0.390625,1.47705078125,0.09765625,1.50146484375,-0.048828125,1.7822265625,0.25634765625,0.927734375,0.18310546875,2.4658203125,0.08544921875,-1.35498046875,0.09765625,-0.93994140625,-0.634765625,-1.318359375,-0.1708984375,-1.06201171875,-0.08544921875,-1.45263671875,-0.15869140625,-0.20751953125,-0.35400390625,-0.29296875,-0.06103515625,-1.25732421875,-0.09765625,-0.79345703125,0.09765625,-0.68359375,-0.13427734375,-0.634765625,0.09765625,-0.048828125,0.048828125,-0.7080078125,-0.35400390625,-1.416015625,-0.23193359375,-1.01318359375,-0.06103515625,0.390625,-0.0732421875,0.20751953125,0.15869140625,-0.06103515625,-0.0732421875,-0.09765625,0.01220703125,0.10986328125,-0.146484375,1.2451171875,-0.06103515625,1.55029296875,0.0732421875,0.20751953125,-0.03662109375,4.19921875
0,0.2685546875,-0.50048828125,0.13427734375,0.2685546875,0.10986328125,-0.40283203125,0.0732421875,0.01220703125,0.15869140625,-0.15869140625,-0.1953125,-0.9521484375,-0.15869140625,1.01318359375,-0.0244140625,-0.1953125,0.0244140625,-0.634765625,-0.01220703125,-0.20751953125,0.5126953125,0.87890625,-0.18310546875,-0.59814453125,0,-0.146484375,-0.1953125,-0.76904296875,0,0.96435546875,0.01220703125,0.15869140625,-0.06103515625,2.38037109375,-0.09765625,1.025390625,0.25634765625,1.4404296875,0.048828125,5.2001953125,-0.1220703125,-0.25634765625,-0.4638671875,-0.74462890625,-0.1220703125,-0.5126953125,-0.341796875,0.634765625,-0.42724609375,1.37939453125,-0.01220703125,0.59814453125,0.23193359375,0.20751953125,-0.6103515625,0.89111328125,0.13427734375,0.7568359375,0.0244140625,0.57373046875,-0.1708984375,0.81787109375,0.40283203125,0.2685546875,-0.0244140625,1.13525390625,-0.1708984375,1.69677734375,-0.244140625,0.830078125,0.25634765625,2.05078125,0,1.08642578125,0.0244140625,1.11083984375,0.29296875,0.57373046875,0.08544921875,2.0751953125,0.03662109375,-1.318359375,0.1953125,-0.87890625,-0.59814453125,-1.26953125,-0.146484375,-1.01318359375,-0.08544921875,-1.4892578125,-0.146484375,-0.23193359375,-0.48828125,-0.28076171875,0.0244140625,-1.2939453125,-0.0732421875,-0.79345703125,0.048828125,-0.69580078125,-0.146484375,-0.6591796875,0.09765625,-0.0732421875,0,-0.68359375,-0.37841796875,-1.416015625,-0.2197265625,-1.0009765625,-0.09765625,0.390625,-0.06103515625,0.20751953125,0.15869140625,-0.06103515625,-0.08544921875,-0.1220703125,0.0244140625,0.10986328125,-0.15869140625,1.0986328125,-0.0732421875,1.416015625,0.10986328125,0.0732421875,0.08544921875,3.62548828125
0,0.29296875,-0.439453125,0.18310546875,0.390625,0.146484375,-0.35400390625,0.09765625,0.06103515625,0.18310546875,-0.1708984375,-0.1708984375,-0.9521484375,-0.146484375,1.01318359375,-0.01220703125,-0.20751953125,-0.03662109375,-0.634765625,-0.03662109375,-0.2197265625,0.4150390625,0.87890625,-0.2197265625,-0.5615234375,-0.0732421875,-0.1220703125,-0.244140625,-0.7568359375,0.03662109375,0.96435546875,0.0244140625,0.146484375,-0.048828125,2.1484375,-0.18310546875,0.81787109375,0.244140625,1.2939453125,0.13427734375,4.7119140625,-0.10986328125,-0.23193359375,-0.45166015625,-0.732421875,-0.146484375,-0.5126953125,-0.40283203125,0.64697265625,-0.439453125,1.59912109375,-0.01220703125,0.76904296875,0.10986328125,0.5615234375,-0.59814453125,1.06201171875,0.20751953125,0.72021484375,0.01220703125,0.5615234375,-0.18310546875,0.830078125,0.439453125,0.244140625,-0.08544921875,1.611328125,-0.15869140625,2.0751953125,-0.15869140625,1.15966796875,0.23193359375,2.83203125,-0.06103515625,0.927734375,0.08544921875,0.830078125,0.341796875,0.45166015625,0.06103515625,1.904296875,-0.0244140625,-1.2939453125,0.29296875,-0.830078125,-0.57373046875,-1.25732421875,-0.1220703125,-0.98876953125,-0.1220703125,-1.47705078125,-0.1220703125,-0.25634765625,-0.5859375,-0.29296875,0.09765625,-1.30615234375,-0.048828125,-0.78125,0.03662109375,-0.68359375,-0.1953125,-0.6591796875,0.10986328125,-0.0732421875,-0.03662109375,-0.68359375,-0.390625,-1.40380859375,-0.2197265625,-0.9765625,-0.146484375,0.40283203125,-0.048828125,0.244140625,0.1708984375,-0.06103515625,-0.0732421875,-0.146484375,0.03662109375,0.1220703125,-0.1708984375,0.927734375,-0.048828125,1.30615234375,0.10986328125,-0.1220703125,0.18310546875,2.8076171875
0,0.244140625,-0.47607421875,0.13427734375,0.3173828125,0.13427734375,-0.3173828125,0.0732421875,0.06103515625,0.1953125,-0.146484375,-0.18310546875,-0.9521484375,-0.1708984375,1.0009765625,0,-0.18310546875,-0.10986328125,-0.64697265625,-0.0244140625,-0.20751953125,0.3173828125,0.86669921875,-0.2197265625,-0.5615234375,-0.18310546875,-0.1220703125,-0.28076171875,-0.74462890625,0.1220703125,0.9765625,-0.01220703125,0.13427734375,-0.1220703125,1.86767578125,-0.29296875,0.5859375,0.20751953125,1.123046875,-0.01220703125,4.0283203125,-0.15869140625,-0.1953125,-0.42724609375,-0.7080078125,-0.2197265625,-0.48828125,-0.40283203125,0.6591796875,-0.42724609375,2.0263671875,-0.01220703125,1.11083984375,0.10986328125,1.07421875,-0.59814453125,1.3671875,0.25634765625,0.72021484375,0.0244140625,0.54931640625,-0.2197265625,0.8056640625,0.40283203125,0.23193359375,-0.0732421875,2.294921875,-0.15869140625,2.5634765625,-0.0732421875,1.62353515625,0.13427734375,3.74755859375,-0.20751953125,1.07421875,0.09765625,0.9521484375,0.2685546875,0.59814453125,-0.0732421875,2.05078125,-0.048828125,-1.25732421875,0.390625,-0.8056640625,-0.52490234375,-1.20849609375,-0.08544921875,-0.9521484375,-0.10986328125,-1.45263671875,-0.048828125,-0.25634765625,-0.67138671875,-0.30517578125,0.1220703125,-1.33056640625,-0.048828125,-0.79345703125,-0.01220703125,-0.68359375,-0.244140625,-0.68359375,0.1220703125,-0.0732421875,-0.08544921875,-0.67138671875,-0.35400390625,-1.416015625,-0.2197265625,-0.9765625,-0.1953125,0.390625,-0.048828125,0.244140625,0.15869140625,-0.048828125,-0.0732421875,-0.1220703125,0.048828125,0.13427734375,-0.1953125,0.7080078125,-0.06103515625,1.08642578125,0.08544921875,-0.28076171875,0.2685546875,1.85546875
0,0.28076171875,-0.537109375,0.13427734375,0.0732421875,0.146484375,-0.37841796875,0.08544921875,-0.0244140625,0.1953125,-0.1220703125,-0.18310546875,-0.93994140625,-0.15869140625,1.0009765625,-0.0244140625,-0.18310546875,-0.1708984375,-0.67138671875,-0.0244140625,-0.2197265625,0.1708984375,0.86669921875,-0.18310546875,-0.5615234375,-0.30517578125,-0.09765625,-0.28076171875,-0.74462890625,0.20751953125,0.9765625,-0.0732421875,0.1220703125,-0.1708984375,1.55029296875,-0.29296875,0.341796875,0.1708984375,0.89111328125,0.0244140625,3.173828125,-0.2685546875,-0.13427734375,-0.390625,-0.67138671875,-0.2685546875,-0.47607421875,-0.390625,0.69580078125,-0.4150390625,2.587890625,-0.048828125,1.5625,0.0732421875,1.7578125,-0.537109375,1.806640625,0.3173828125,0.74462890625,0.048828125,0.54931640625,-0.244140625,0.732421875,0.341796875,0.244140625,-0.08544921875,3.06396484375,-0.2197265625,3.1005859375,-0.08544921875,2.11181640625,0.01220703125,4.7607421875,-0.29296875,1.513671875,0.1953125,1.5380859375,0.18310546875,1.0009765625,-0.1220703125,2.47802734375,-0.01220703125,-1.23291015625,0.4638671875,-0.7568359375,-0.4638671875,-1.1962890625,-0.048828125,-0.927734375,-0.09765625,-1.45263671875,0,-0.2685546875,-0.732421875,-0.3173828125,0.09765625,-1.33056640625,-0.01220703125,-0.81787109375,-0.08544921875,-0.69580078125,-0.28076171875,-0.67138671875,0.10986328125,-0.08544921875,-0.1220703125,-0.69580078125,-0.32958984375,-1.416015625,-0.2197265625,-0.9765625,-0.25634765625,0.40283203125,-0.048828125,0.2685546875,0.15869140625,-0.03662109375,-0.06103515625,-0.10986328125,0.03662109375,0.146484375,-0.18310546875,0.42724609375,-0.048828125,0.91552734375,0.1220703125,-0.48828125,0.32958984375,0.830078125
0,0.29296875,-0.6591796875,0.1220703125,-0.25634765625,0.1708984375,-0.47607421875,0.13427734375,-0.10986328125,0.20751953125,-0.1220703125,-0.1953125,-0.91552734375,-0.15869140625,1.0009765625,-0.03662109375,-0.15869140625,-0.23193359375,-0.6591796875,-0.01220703125,-0.2197265625,0.0244140625,0.86669921875,-0.15869140625,-0.54931640625,-0.3662109375,-0.0732421875,-0.244140625,-0.7568359375,0.28076171875,0.98876953125,-0.13427734375,0.1220703125,-0.2685546875,1.15966796875,-0.3662109375,0.048828125,0.1708984375,0.6103515625,0.0244140625,2.20947265625,-0.3662109375,-0.1220703125,-0.3662109375,-0.67138671875,-0.29296875,-0.4638671875,-0.37841796875,0.7080078125,-0.35400390625,3.25927734375,-0.0732421875,2.099609375,0.1220703125,2.5634765625,-0.48828125,2.33154296875,0.3173828125,0.78125,0.06103515625,0.54931640625,-0.3173828125,0.69580078125,0.30517578125,0.2197265625,-0.08544921875,3.86962890625,-0.23193359375,3.662109375,-0.08544921875,2.64892578125,0.146484375,5.79833984375,-0.28076171875,2.23388671875,0.2685546875,2.5390625,0.08544921875,1.62353515625,-0.1220703125,3.1494140625,-0.0244140625,-1.18408203125,0.47607421875,-0.732421875,-0.390625,-1.1962890625,-0.06103515625,-0.93994140625,-0.08544921875,-1.45263671875,0.0732421875,-0.244140625,-0.67138671875,-0.341796875,0.048828125,-1.35498046875,0,-0.79345703125,-0.13427734375,-0.7080078125,-0.30517578125,-0.68359375,0.0732421875,-0.09765625,-0.0732421875,-0.7080078125,-0.30517578125,-1.416015625,-0.244140625,-0.9765625,-0.3173828125,0.4150390625,-0.048828125,0.30517578125,0.15869140625,-0.03662109375,-0.0732421875,-0.09765625,0.048828125,0.1708984375,-0.15869140625,0.146484375,-0.03662109375,0.74462890625,0.10986328125,-0.67138671875,0.32958984375,-0.146484375
1,0.23193359375,-0.76904296875,0.1220703125,-0.634765625,0.146484375,-0.57373046875,0.09765625,-0.2197265625,0.18310546875,-0.10986328125,-0.20751953125,-0.927734375,-0.15869140625,1.01318359375,-0.048828125,-0.1708984375,-0.28076171875,-0.62255859375,0,-0.20751953125,-0.08544921875,0.86669921875,-0.0732421875,-0.57373046875,-0.37841796875,-0.08544921875,-0.25634765625,-0.732421875,0.32958984375,0.9765625,-0.20751953125,0.1220703125,-0.30517578125,0.7568359375,-0.37841796875,-0.23193359375,0.20751953125,0.3173828125,0.09765625,1.18408203125,-0.4638671875,-0.1220703125,-0.37841796875,-0.64697265625,-0.30517578125,-0.47607421875,-0.244140625,0.72021484375,-0.23193359375,3.9306640625,-0.0732421875,2.67333984375,0.20751953125,3.41796875,-0.47607421875,2.86865234375,0.341796875,0.79345703125,0.08544921875,0.57373046875,-0.35400390625,0.62255859375,0.29296875,0.244140625,0,4.6142578125,-0.13427734375,4.1748046875,-0.10986328125,3.125,0.29296875,6.77490234375,-0.23193359375,3.16162109375,0.20751953125,3.857421875,0.01220703125,2.392578125,-0.1220703125,4.0283203125,0.0244140625,-1.15966796875,0.4638671875,-0.68359375,-0.2685546875,-1.15966796875,-0.0244140625,-0.91552734375,-0.09765625,-1.45263671875,0.1220703125,-0.28076171875,-0.5615234375,-0.341796875,-0.01220703125,-1.35498046875,-0.01220703125,-0.76904296875,-0.15869140625,-0.7080078125,-0.29296875,-0.68359375,0.0244140625,-0.0732421875,-0.0732421875,-0.7080078125,-0.20751953125,-1.416015625,-0.2685546875,-0.9765625,-0.3173828125,0.4150390625,-0.03662109375,0.3173828125,0.15869140625,-0.0244140625,-0.06103515625,-0.08544921875,0.03662109375,0.15869140625,-0.1708984375,-0.048828125,-0.0244140625,0.59814453125,0.1220703125,-0.81787109375,0.390625,-0.87890625
1,0.23193359375,-0.830078125,0.10986328125,-0.89111328125,0.09765625,-0.64697265625,0.10986328125,-0.29296875,0.15869140625,-0.10986328125,-0.1953125,-0.927734375,-0.1953125,1.025390625,-0.06103515625,-0.146484375,-0.32958984375,-0.62255859375,0.0244140625,-0.20751953125,-0.15869140625,0.8544921875,-0.0732421875,-0.5859375,-0.341796875,-0.0732421875,-0.1953125,-0.74462890625,0.35400390625,0.9765625,-0.23193359375,0.1220703125,-0.35400390625,0.40283203125,-0.390625,-0.47607421875,0.20751953125,0.0244140625,0.06103515625,0.29296875,-0.47607421875,-0.1220703125,-0.30517578125,-0.6591796875,-0.30517578125,-0.48828125,-0.146484375,0.69580078125,-0.1220703125,4.52880859375,-0.03662109375,3.25927734375,0.23193359375,4.3212890625,-0.390625,3.3935546875,0.3173828125,0.8056640625,0.1220703125,0.57373046875,-0.35400390625,0.57373046875,0.1953125,0.244140625,0.048828125,5.26123046875,-0.048828125,4.62646484375,-0.15869140625,3.55224609375,0.37841796875,7.65380859375,-0.15869140625,4.2236328125,0.08544921875,5.3466796875,-0.09765625,3.271484375,-0.1220703125,5.0048828125,0.06103515625,-1.1474609375,0.4638671875,-0.634765625,-0.20751953125,-1.15966796875,0.0244140625,-0.89111328125,-0.048828125,-1.45263671875,0.1708984375,-0.25634765625,-0.45166015625,-0.3662109375,-0.06103515625,-1.3671875,-0.048828125,-0.76904296875,-0.20751953125,-0.69580078125,-0.28076171875,-0.68359375,-0.048828125,-0.08544921875,-0.01220703125,-0.72021484375,-0.13427734375,-1.416015625,-0.28076171875,-1.0009765625,-0.32958984375,0.42724609375,-0.0244140625,0.3173828125,0.15869140625,-0.0244140625,-0.0732421875,-0.0732421875,0.03662109375,0.1953125,-0.15869140625,-0.1953125,-0.03662109375,0.5126953125,0.146484375,-0.86669921875,0.439453125,-1.2939453125
1,0.20751953125,-0.8544921875,0.146484375,-1.03759765625,0.1220703125,-0.69580078125,0.10986328125,-0.32958984375,0.1708984375,-0.09765625,-0.1953125,-0.91552734375,-0.1953125,1.03759765625,-0.0732421875,-0.15869140625,-0.32958984375,-0.5859375,0.0244140625,-0.1953125,-0.18310546875,0.87890625,-0.0732421875,-0.5859375,-0.28076171875,-0.08544921875,-0.18310546875,-0.74462890625,0.3662109375,0.9765625,-0.18310546875,0.13427734375,-0.45166015625,0.1220703125,-0.390625,-0.64697265625,0.2197265625,-0.23193359375,0.0732421875,-0.35400390625,-0.439453125,-0.1708984375,-0.25634765625,-0.67138671875,-0.28076171875,-0.5126953125,-0.09765625,0.634765625,-0.0244140625,5.06591796875,-0.09765625,3.77197265625,0.244140625,5.126953125,-0.40283203125,3.857421875,0.2685546875,0.830078125,0.15869140625,0.5615234375,-0.341796875,0.52490234375,0.146484375,0.28076171875,0.0732421875,5.77392578125,0.0244140625,4.96826171875,-0.2197265625,3.857421875,0.30517578125,8.3251953125,-0.08544921875,5.2978515625,-0.03662109375,6.884765625,-0.2197265625,4.1748046875,-0.13427734375,6.005859375,0.146484375,-1.123046875,0.439453125,-0.5859375,-0.06103515625,-1.15966796875,0.048828125,-0.86669921875,0.01220703125,-1.46484375,0.18310546875,-0.25634765625,-0.23193359375,-0.341796875,-0.08544921875,-1.35498046875,-0.08544921875,-0.7568359375,-0.23193359375,-0.69580078125,-0.28076171875,-0.68359375,-0.08544921875,-0.08544921875,0.0732421875,-0.732421875,-0.03662109375,-1.416015625,-0.25634765625,-1.0009765625,-0.32958984375,0.40283203125,-0.0244140625,0.32958984375,0.13427734375,-0.048828125,-0.0732421875,-0.06103515625,0.048828125,0.20751953125,-0.18310546875,-0.20751953125,-0.048828125,0.537109375,0.146484375,-0.81787109375,0.3173828125,-1.30615234375
1,0.1708984375,-0.79345703125,0.10986328125,-0.9521484375,0.0732421875,-0.634765625,0.10986328125,-0.25634765625,0.1953125,-0.09765625,-0.1953125,-0.91552734375,-0.1953125,1.07421875,-0.09765625,-0.1708984375,-0.3173828125,-0.57373046875,0.0244140625,-0.1953125,-0.1708984375,0.87890625,-0.0732421875,-0.6103515625,-0.2197265625,-0.1220703125,-0.146484375,-0.7568359375,0.30517578125,0.96435546875,-0.10986328125,0.10986328125,-0.47607421875,0,-0.35400390625,-0.69580078125,0.2685546875,-0.35400390625,0.1220703125,-0.59814453125,-0.3662109375,-0.18310546875,-0.1953125,-0.68359375,-0.25634765625,-0.52490234375,-0.09765625,0.57373046875,0.048828125,5.419921875,-0.1220703125,4.16259765625,0.18310546875,5.77392578125,-0.4150390625,4.1748046875,0.18310546875,0.830078125,0.20751953125,0.54931640625,-0.3173828125,0.52490234375,0.08544921875,0.2685546875,0.08544921875,6.06689453125,0.1708984375,5.17578125,-0.23193359375,4.052734375,0.30517578125,8.837890625,-0.048828125,6.3232421875,-0.09765625,8.3251953125,-0.2685546875,5.0048828125,-0.06103515625,6.982421875,0.13427734375,-1.123046875,0.35400390625,-0.54931640625,-0.08544921875,-1.15966796875,-0.06103515625,-0.8544921875,0.09765625,-1.46484375,0.15869140625,-0.2197265625,-0.0732421875,-0.341796875,-0.10986328125,-1.33056640625,-0.13427734375,-0.7568359375,-0.20751953125,-0.68359375,-0.29296875,-0.67138671875,-0.1220703125,-0.08544921875,0.0732421875,-0.7080078125,0.048828125,-1.40380859375,-0.244140625,-1.01318359375,-0.3173828125,0.4150390625,-0.0244140625,0.3173828125,0.13427734375,-0.06103515625,-0.06103515625,-0.048828125,0.03662109375,0.1953125,-0.1708984375,-0.09765625,-0.0732421875,0.6591796875,0.13427734375,-0.732421875,0.390625,-0.89111328125
1,0.1953125,-0.67138671875,0.13427734375,-0.732421875,0.08544921875,-0.52490234375,0.1220703125,-0.146484375,0.20751953125,-0.09765625,-0.1953125,-0.91552734375,-0.20751953125,1.0498046875,-0.09765625,-0.1708984375,-0.25634765625,-0.57373046875,0.0732421875,-0.20751953125,-0.1220703125,0.89111328125,-0.048828125,-0.6103515625,-0.15869140625,-0.146484375,-0.13427734375,-0.7568359375,0.1708984375,0.96435546875,-0.0244140625,0.1220703125,-0.4638671875,0.048828125,-0.2685546875,-0.5859375,0.3173828125,-0.32958984375,0.0244140625,-0.42724609375,-0.2685546875,-0.1953125,-0.0732421875,-0.67138671875,-0.2197265625,-0.537109375,-0.146484375,0.5615234375,0.048828125,5.615234375,-0.1220703125,4.40673828125,0.2685546875,6.2255859375,-0.3173828125,4.38232421875,0.1220703125,0.8056640625,0.20751953125,0.5615234375,-0.2685546875,0.537109375,0,0.2685546875,-0.0244140625,6.23779296875,0.2197265625,5.28564453125,-0.23193359375,4.150390625,0.32958984375,9.11865234375,-0.0244140625,7.21435546875,-0.08544921875,9.55810546875,-0.341796875,5.712890625,0,7.80029296875,0.18310546875,-1.08642578125,0.32958984375,-0.5126953125,-0.01220703125,-1.15966796875,-0.0732421875,-0.830078125,0.13427734375,-1.47705078125,0.1220703125,-0.1953125,0.0732421875,-0.32958984375,-0.08544921875,-1.30615234375,-0.146484375,-0.74462890625,-0.1708984375,-0.7080078125,-0.29296875,-0.67138671875,-0.13427734375,-0.08544921875,0.09765625,-0.72021484375,0.13427734375,-1.416015625,-0.244140625,-1.025390625,-0.28076171875,0.4150390625,-0.03662109375,0.29296875,0.146484375,-0.0732421875,-0.06103515625,-0.048828125,0.0244140625,0.1708984375,-0.13427734375,0.1220703125,-0.06103515625,0.830078125,0.146484375,-0.57373046875,0.439453125,-0.09765625
1,0.18310546875,-0.537109375,0.13427734375,-0.37841796875,0.08544921875,-0.390625,0.08544921875,0.01220703125,0.2197265625,-0.08544921875,-0.20751953125,-0.927734375,-0.2197265625,1.025390625,-0.10986328125,-0.1953125,-0.1953125,-0.5859375,0.0732421875,-0.20751953125,-0.09765625,0.89111328125,-0.06103515625,-0.6103515625,-0.06103515625,-0.1708984375,-0.09765625,-0.7568359375,0.03662109375,0.96435546875,0.0244140625,0.1220703125,-0.50048828125,0.3662109375,-0.1953125,-0.341796875,0.390625,-0.1220703125,0.09765625,0.30517578125,-0.1708984375,-0.2197265625,0.09765625,-0.69580078125,-0.10986328125,-0.52490234375,-0.18310546875,0.52490234375,0.06103515625,5.62744140625,-0.09765625,4.4677734375,0.29296875,6.43310546875,-0.2197265625,4.4189453125,0.06103515625,0.78125,0.23193359375,0.5615234375,-0.2197265625,0.54931640625,-0.0244140625,0.28076171875,-0.08544921875,6.2255859375,0.30517578125,5.2490234375,-0.2197265625,4.1259765625,0.390625,9.19189453125,0.01220703125,7.91015625,-0.18310546875,10.46142578125,-0.29296875,6.25,0.01220703125,8.447265625,0.1953125,-1.0498046875,0.244140625,-0.47607421875,0.08544921875,-1.1474609375,-0.048828125,-0.8056640625,0.1953125,-1.46484375,0.0732421875,-0.1708984375,0.2197265625,-0.341796875,-0.06103515625,-1.30615234375,-0.15869140625,-0.74462890625,-0.1220703125,-0.69580078125,-0.28076171875,-0.64697265625,-0.0732421875,-0.0732421875,0.1220703125,-0.7080078125,0.20751953125,-1.416015625,-0.23193359375,-1.03759765625,-0.2685546875,0.390625,-0.06103515625,0.2685546875,0.1708984375,-0.08544921875,-0.0732421875,-0.0732421875,0.0732421875,0.1708984375,-0.146484375,0.4638671875,-0.048828125,1.07421875,0.15869140625,-0.32958984375,0.28076171875,1.01318359375
1,0.13427734375,-0.35400390625,0.146484375,-0.01220703125,0.0732421875,-0.20751953125,0.06103515625,0.1953125,0.23193359375,-0.0732421875,-0.18310546875,-0.9521484375,-0.23193359375,1.0498046875,-0.1220703125,-0.18310546875,-0.13427734375,-0.59814453125,0.06103515625,-0.2197265625,-0.10986328125,0.87890625,-0.0244140625,-0.59814453125,-0.0244140625,-0.15869140625,-0.1220703125,-0.7568359375,-0.10986328125,0.9521484375,0.06103515625,0.13427734375,-0.4150390625,0.86669921875,-0.09765625,0.06103515625,0.42724609375,0.2685546875,0.2197265625,1.47705078125,-0.0732421875,-0.2197265625,0.20751953125,-0.72021484375,-0.03662109375,-0.5126953125,-0.1953125,0.50048828125,0.03662109375,5.4931640625,-0.06103515625,4.40673828125,0.2197265625,6.396484375,-0.09765625,4.28466796875,0,0.79345703125,0.20751953125,0.5615234375,-0.23193359375,0.57373046875,-0.08544921875,0.25634765625,-0.13427734375,6.11572265625,0.32958984375,5.16357421875,-0.1220703125,4.04052734375,0.29296875,9.0576171875,0.08544921875,8.33740234375,-0.30517578125,10.99853515625,-0.1953125,6.5673828125,0,8.8623046875,0.1220703125,-1.025390625,0.10986328125,-0.439453125,0.0244140625,-1.123046875,-0.08544921875,-0.76904296875,0.1708984375,-1.45263671875,0.0732421875,-0.1708984375,0.341796875,-0.32958984375,-0.0244140625,-1.2939453125,-0.1220703125,-0.7568359375,-0.08544921875,-0.67138671875,-0.2197265625,-0.6591796875,-0.0244140625,-0.0732421875,0.146484375,-0.68359375,0.25634765625,-1.416015625,-0.244140625,-1.03759765625,-0.2197265625,0.390625,-0.0732421875,0.244140625,0.20751953125,-0.09765625,-0.0732421875,-0.0732421875,0.06103515625,0.15869140625,-0.1708984375,0.86669921875,-0.08544921875,1.3427734375,0.13427734375,-0.03662109375,0.2197265625,2.3193359375
1,0.15869140625,-0.1953125,0.15869140625,0.30517578125,0.1220703125,-0.0732421875,0.0732421875,0.3662109375,0.2685546875,-0.08544921875,-0.1708984375,-0.93994140625,-0.23193359375,1.025390625,-0.10986328125,-0.1953125,-0.09765625,-0.6103515625,0.01220703125,-0.23193359375,-0.10986328125,0.89111328125,-0.03662109375,-0.59814453125,0.06103515625,-0.15869140625,-0.146484375,-0.74462890625,-0.20751953125,0.96435546875,0.0732421875,0.146484375,-0.2685546875,1.57470703125,-0.03662109375,0.5859375,0.537109375,0.78125,0.1953125,3.03955078125,0.01220703125,-0.2197265625,0.28076171875,-0.732421875,0.01220703125,-0.50048828125,-0.1953125,0.50048828125,0,5.26123046875,-0.0732421875,4.21142578125,0.13427734375,6.1279296875,0.01220703125,4.08935546875,-0.01220703125,0.7568359375,0.18310546875,0.54931640625,-0.146484375,0.59814453125,-0.1220703125,0.25634765625,-0.15869140625,5.89599609375,0.25634765625,4.99267578125,-0.0732421875,3.90625,0.0732421875,8.7890625,0.1220703125,8.49609375,-0.35400390625,11.181640625,-0.06103515625,6.689453125,-0.08544921875,9.02099609375,0.146484375,-0.96435546875,0.0732421875,-0.3662109375,0.0732421875,-1.11083984375,0,-0.7080078125,0.10986328125,-1.46484375,0.0732421875,-0.146484375,0.439453125,-0.32958984375,0.0244140625,-1.28173828125,-0.09765625,-0.76904296875,-0.048828125,-0.6591796875,-0.15869140625,-0.64697265625,0.01220703125,-0.06103515625,0.23193359375,-0.68359375,0.23193359375,-1.4404296875,-0.244140625,-1.01318359375,-0.18310546875,0.390625,-0.10986328125,0.244140625,0.2197265625,-0.06103515625,-0.0732421875,-0.06103515625,0.10986328125,0.15869140625,-0.15869140625,1.26953125,-0.03662109375,1.64794921875,0.15869140625,0.2685546875,0.1953125,3.7109375
1,0.09765625,-0.09765625,0.1708984375,0.537109375,0.13427734375,0.048828125,0.08544921875,0.47607421875,0.29296875,-0.10986328125,-0.1708984375,-0.9521484375,-0.244140625,1.0009765625,-0.09765625,-0.20751953125,-0.0732421875,-0.6103515625,-0.0244140625,-0.23193359375,-0.1708984375,0.87890625,-0.06103515625,-0.5859375,0.08544921875,-0.146484375,-0.18310546875,-0.74462890625,-0.2685546875,0.9521484375,0.06103515625,0.146484375,-0.146484375,2.33154296875,-0.0244140625,1.171875,0.6103515625,1.3671875,0.06103515625,4.82177734375,0.06103515625,-0.23193359375,0.244140625,-0.732421875,0.048828125,-0.50048828125,-0.23193359375,0.5126953125,-0.048828125,5.0048828125,-0.0732421875,3.91845703125,0.03662109375,5.7373046875,0.1220703125,3.79638671875,-0.048828125,0.74462890625,0.18310546875,0.5615234375,-0.09765625,0.6103515625,-0.1708984375,0.244140625,-0.13427734375,5.62744140625,0.2685546875,4.77294921875,-0.03662109375,3.7353515625,-0.06103515625,8.41064453125,0.1220703125,8.36181640625,-0.341796875,10.9619140625,0.08544921875,6.591796875,-0.15869140625,8.92333984375,0.048828125,-0.87890625,-0.06103515625,-0.244140625,0.0732421875,-1.025390625,0.03662109375,-0.62255859375,0.0244140625,-1.4404296875,0.1220703125,-0.1708984375,0.5615234375,-0.30517578125,0.08544921875,-1.2939453125,-0.08544921875,-0.74462890625,-0.03662109375,-0.64697265625,-0.1220703125,-0.6591796875,0.09765625,-0.06103515625,0.2685546875,-0.68359375,0.20751953125,-1.42822265625,-0.20751953125,-1.025390625,-0.146484375,0.40283203125,-0.10986328125,0.244140625,0.23193359375,-0.048828125,-0.06103515625,-0.0732421875,0.13427734375,0.13427734375,-0.1953125,1.67236328125,-0.048828125,1.953125,0.15869140625,0.537109375,0.09765625,5.0537109375
1,0.1220703125,-0.06103515625,0.1953125,0.5615234375,0.146484375,0.09765625,0.09765625,0.5126953125,0.2685546875,-0.1220703125,-0.1220703125,-0.96435546875,-0.244140625,1.025390625,-0.08544921875,-0.1953125,-0.0732421875,-0.62255859375,-0.0732421875,-0.23193359375,-0.29296875,0.87890625,-0.13427734375,-0.5859375,0.13427734375,-0.13427734375,-0.23193359375,-0.74462890625,-0.2685546875,0.9765625,0.0244140625,0.146484375,-0.048828125,3.16162109375,0.048828125,1.79443359375,0.68359375,2.001953125,-0.0244140625,6.6650390625,-0.01220703125,-0.23193359375,0.1953125,-0.72021484375,0.06103515625,-0.5126953125,-0.23193359375,0.537109375,-0.1220703125,4.6630859375,-0.0732421875,3.60107421875,-0.048828125,5.21240234375,0.1953125,3.515625,-0.01220703125,0.74462890625,0.13427734375,0.54931640625,0.01220703125,0.62255859375,-0.25634765625,0.2197265625,-0.146484375,5.3466796875,0.244140625,4.541015625,-0.01220703125,3.52783203125,-0.15869140625,7.91015625,0.13427734375,7.958984375,-0.3173828125,10.43701171875,0.1953125,6.2744140625,-0.1708984375,8.59375,0.048828125,-0.7080078125,-0.08544921875,-0.10986328125,0.1220703125,-0.93994140625,0.1220703125,-0.5126953125,-0.06103515625,-1.4404296875,0.146484375,-0.1708984375,0.64697265625,-0.30517578125,0.13427734375,-1.2939453125,-0.06103515625,-0.7568359375,-0.03662109375,-0.6591796875,-0.048828125,-0.64697265625,0.1708984375,-0.0732421875,0.2685546875,-0.67138671875,0.1953125,-1.4404296875,-0.1953125,-1.0009765625,-0.10986328125,0.390625,-0.146484375,0.2685546875,0.25634765625,-0.048828125,-0.06103515625,-0.06103515625,0.13427734375,0.10986328125,-0.20751953125,2.0263671875,-0.06103515625,2.20947265625,0.15869140625,0.81787109375,0.1953125,6.298828125
1,0.09765625,-0.09765625,0.1953125,0.47607421875,0.18310546875,0.0732421875,0.1220703125,0.47607421875,0.2685546875,-0.13427734375,-0.10986328125,-0.96435546875,-0.20751953125,1.01318359375,-0.0732421875,-0.20751953125,-0.06103515625,-0.62255859375,-0.1220703125,-0.2197265625,-0.3662109375,0.86669921875,-0.28076171875,-0.54931640625,0.09765625,-0.10986328125,-0.3173828125,-0.74462890625,-0.244140625,0.9765625,-0.01220703125,0.15869140625,0.01220703125,3.96728515625,0.20751953125,2.392578125,0.78125,2.6123046875,-0.15869140625,8.43505859375,-0.09765625,-0.18310546875,0.18310546875,-0.68359375,0.08544921875,-0.50048828125,-0.28076171875,0.5859375,-0.18310546875,4.39453125,-0.10986328125,3.28369140625,-0.13427734375,4.67529296875,0.1953125,3.23486328125,-0.01220703125,0.74462890625,0.13427734375,0.54931640625,0.09765625,0.6103515625,-0.29296875,0.2197265625,-0.08544921875,5.01708984375,0.1953125,4.28466796875,-0.0732421875,3.3447265625,-0.18310546875,7.40966796875,0.08544921875,7.373046875,-0.30517578125,9.63134765625,0.23193359375,5.7861328125,-0.18310546875,8.02001953125,0.10986328125,-0.537109375,-0.06103515625,0.09765625,0.1953125,-0.8056640625,0.15869140625,-0.3662109375,-0.1708984375,-1.4404296875,0.18310546875,-0.15869140625,0.59814453125,-0.28076171875,0.15869140625,-1.26953125,-0.0244140625,-0.74462890625,-0.048828125,-0.64697265625,-0.0244140625,-0.6591796875,0.2197265625,-0.06103515625,0.30517578125,-0.67138671875,0.13427734375,-1.45263671875,-0.146484375,-1.0009765625,-0.1220703125,0.37841796875,-0.1220703125,0.30517578125,0.2685546875,-0.0244140625,-0.0732421875,-0.0732421875,0.146484375,0.1220703125,-0.2197265625,2.3193359375,-0.06103515625,2.40478515625,0.146484375,1.01318359375,0.25634765625,7.32421875
1,0.0732421875,-0.18310546875,0.2197265625,0.244140625,0.15869140625,0,0.15869140625,0.40283203125,0.28076171875,-0.10986328125,-0.09765625,-0.927734375,-0.2197265625,1.01318359375,-0.048828125,-0.1953125,-0.08544921875,-0.62255859375,-0.15869140625,-0.2197265625,-0.47607421875,0.84228515625,-0.3662109375,-0.5615234375,0.048828125,-0.10986328125,-0.3662109375,-0.732421875,-0.1708984375,1.0009765625,-0.048828125,0.1708984375,0.0244140625,4.638671875,0.28076171875,2.9052734375,0.78125,3.1494140625,-0.2685546875,9.912109375,-0.23193359375,-0.1708984375,0.10986328125,-0.68359375,0.1220703125,-0.5126953125,-0.341796875,0.5859375,-0.20751953125,4.18701171875,-0.09765625,3.0517578125,-0.13427734375,4.19921875,0.244140625,3.02734375,0.06103515625,0.76904296875,0.1220703125,0.54931640625,0.09765625,0.59814453125,-0.29296875,0.2197265625,-0.10986328125,4.6875,0.10986328125,4.0283203125,-0.15869140625,3.125,-0.18310546875,6.87255859375,0,6.57958984375,-0.28076171875,8.5693359375,0.23193359375,5.1513671875,-0.13427734375,7.28759765625,0.03662109375,-0.32958984375,-0.13427734375,0.29296875,0.1708984375,-0.6591796875,0.06103515625,-0.2197265625,-0.2197265625,-1.46484375,0.2197265625,-0.1953125,0.6591796875,-0.3173828125,0.146484375,-1.28173828125,0,-0.74462890625,-0.01220703125,-0.67138671875,-0.01220703125,-0.6591796875,0.23193359375,-0.0732421875,0.28076171875,-0.67138671875,0.06103515625,-1.47705078125,-0.0732421875,-0.9765625,-0.1220703125,0.37841796875,-0.10986328125,0.32958984375,0.28076171875,-0.0244140625,-0.06103515625,-0.06103515625,0.13427734375,0.146484375,-0.1953125,2.52685546875,-0.03662109375,2.5390625,0.146484375,1.18408203125,0.1220703125,8.1298828125
1,0.03662109375,-0.3173828125,0.244140625,-0.048828125,0.1708984375,-0.09765625,0.18310546875,0.28076171875,0.2685546875,-0.10986328125,-0.0732421875,-0.91552734375,-0.20751953125,1.025390625,-0.03662109375,-0.1953125,-0.146484375,-0.59814453125,-0.20751953125,-0.20751953125,-0.52490234375,0.8544921875,-0.45166015625,-0.5615234375,-0.01220703125,-0.10986328125,-0.439453125,-0.72021484375,-0.10986328125,0.9765625,-0.09765625,0.15869140625,-0.03662109375,5.17578125,0.29296875,3.2958984375,0.79345703125,3.55224609375,-0.390625,11.0107421875,-0.28076171875,-0.146484375,-0.0244140625,-0.69580078125,0.13427734375,-0.48828125,-0.341796875,0.62255859375,-0.25634765625,4.00390625,-0.146484375,2.9052734375,-0.1953125,3.857421875,0.28076171875,2.9052734375,0.146484375,0.79345703125,0.10986328125,0.5615234375,0.15869140625,0.5859375,-0.23193359375,0.23193359375,-0.06103515625,4.40673828125,0.08544921875,3.79638671875,-0.23193359375,2.9541015625,-0.048828125,6.35986328125,-0.13427734375,5.67626953125,-0.28076171875,7.3974609375,0.20751953125,4.40673828125,-0.09765625,6.43310546875,0.048828125,-0.13427734375,-0.13427734375,0.537109375,0.1708984375,-0.50048828125,-0.01220703125,-0.048828125,-0.2685546875,-1.45263671875,0.244140625,-0.2197265625,0.62255859375,-0.30517578125,0.10986328125,-1.2939453125,0.01220703125,-0.7568359375,-0.01220703125,-0.6591796875,0.0244140625,-0.67138671875,0.23193359375,-0.0732421875,0.29296875,-0.67138671875,0.0244140625,-1.46484375,0,-1.0009765625,-0.1708984375,0.37841796875,-0.09765625,0.341796875,0.28076171875,-0.0244140625,-0.06103515625,-0.0732421875,0.13427734375,0.146484375,-0.2197265625,2.6123046875,-0.0244140625,2.63671875,0.13427734375,1.26953125,0.048828125,8.6669921875
0,0.03662109375,-0.45166015625,0.25634765625,-0.32958984375,0.1708984375,-0.2197265625,0.2197265625,0.146484375,0.29296875,-0.10986328125,-0.06103515625,-0.89111328125,-0.20751953125,1.025390625,-0.01220703125,-0.1708984375,-0.23193359375,-0.57373046875,-0.2197265625,-0.18310546875,-0.54931640625,0.8544921875,-0.47607421875,-0.57373046875,-0.048828125,-0.09765625,-0.42724609375,-0.732421875,-0.0732421875,0.9765625,-0.08544921875,0.15869140625,-0.0244140625,5.48095703125,0.29296875,3.50341796875,0.74462890625,3.77197265625,-0.40283203125,11.6455078125,-0.30517578125,-0.146484375,-0.08544921875,-0.67138671875,0.13427734375,-0.47607421875,-0.23193359375,0.634765625,-0.23193359375,3.90625,-0.18310546875,2.81982421875,-0.2197265625,3.67431640625,0.2685546875,2.83203125,0.1708984375,0.79345703125,0.1220703125,0.537109375,0.1708984375,0.5859375,-0.18310546875,0.244140625,-0.0244140625,4.11376953125,0.03662109375,3.60107421875,-0.3173828125,2.783203125,-0.0732421875,5.89599609375,-0.25634765625,4.6875,-0.30517578125,6.1279296875,0.1953125,3.61328125,-0.0732421875,5.46875,0.03662109375,0.048828125,-0.06103515625,0.74462890625,0.146484375,-0.37841796875,-0.0732421875,0.09765625,-0.2685546875,-1.47705078125,0.23193359375,-0.2197265625,0.5615234375,-0.3173828125,0.09765625,-1.2939453125,0,-0.7568359375,-0.01220703125,-0.68359375,0.048828125,-0.67138671875,0.1953125,-0.0732421875,0.32958984375,-0.67138671875,-0.048828125,-1.45263671875,0.048828125,-1.0009765625,-0.23193359375,0.37841796875,-0.08544921875,0.341796875,0.28076171875,-0.03662109375,-0.08544921875,-0.0732421875,0.1220703125,0.15869140625,-0.2197265625,2.62451171875,-0.06103515625,2.6611328125,0.146484375,1.2939453125,0.01220703125,8.9111328125
0,0.0244140625,-0.5859375,0.32958984375,-0.57373046875,0.18310546875,-0.341796875,0.2197265625,0.06103515625,0.29296875,-0.10986328125,-0.048828125,-0.9033203125,-0.244140625,1.03759765625,-0.03662109375,-0.15869140625,-0.29296875,-0.5615234375,-0.20751953125,-0.18310546875,-0.50048828125,0.84228515625,-0.4150390625,-0.5859375,-0.1220703125,-0.09765625,-0.40283203125,-0.72021484375,-0.0732421875,0.9765625,-0.0732421875,0.146484375,-0.0732421875,5.5908203125,0.244140625,3.57666015625,0.67138671875,3.8330078125,-0.47607421875,11.8408203125,-0.30517578125,-0.13427734375,-0.146484375,-0.67138671875,0.15869140625,-0.47607421875,-0.29296875,0.59814453125,-0.1953125,3.857421875,-0.23193359375,2.83203125,-0.2685546875,3.6376953125,0.23193359375,2.84423828125,0.1708984375,0.8056640625,0.1708984375,0.54931640625,0.1953125,0.6103515625,-0.146484375,0.244140625,0.0244140625,3.86962890625,0,3.40576171875,-0.390625,2.60009765625,-0.06103515625,5.4931640625,-0.30517578125,3.662109375,-0.341796875,4.833984375,0.146484375,2.79541015625,0.01220703125,4.4921875,0.048828125,0.1953125,-0.01220703125,0.91552734375,0.1220703125,-0.30517578125,-0.09765625,0.20751953125,-0.25634765625,-1.47705078125,0.1953125,-0.244140625,0.5126953125,-0.30517578125,0.0732421875,-1.28173828125,0,-0.76904296875,-0.0244140625,-0.67138671875,0.09765625,-0.6591796875,0.10986328125,-0.0732421875,0.341796875,-0.67138671875,-0.10986328125,-1.4404296875,0.08544921875,-0.98876953125,-0.25634765625,0.40283203125,-0.0732421875,0.341796875,0.2685546875,-0.06103515625,-0.06103515625,-0.08544921875,0.10986328125,0.18310546875,-0.23193359375,2.5634765625,-0.06103515625,2.6123046875,0.15869140625,1.2451171875,0.01220703125,8.837890625
0,0.01220703125,-0.634765625,0.35400390625,-0.7080078125,0.1953125,-0.42724609375,0.20751953125,-0.01220703125,0.28076171875,-0.09765625,-0.03662109375,-0.89111328125,-0.20751953125,1.03759765625,-0.01220703125,-0.15869140625,-0.341796875,-0.537109375,-0.1708984375,-0.1708984375,-0.4150390625,0.8544921875,-0.32958984375,-0.59814453125,-0.146484375,-0.09765625,-0.3173828125,-0.7080078125,-0.146484375,0.9521484375,-0.0732421875,0.146484375,-0.10986328125,5.45654296875,0.18310546875,3.45458984375,0.6103515625,3.7109375,-0.4638671875,11.5966796875,-0.23193359375,-0.13427734375,-0.1953125,-0.68359375,0.1708984375,-0.48828125,-0.2197265625,0.5615234375,-0.146484375,3.8330078125,-0.29296875,2.84423828125,-0.29296875,3.6865234375,0.1708984375,2.84423828125,0.10986328125,0.79345703125,0.2197265625,0.54931640625,0.2685546875,0.6591796875,-0.146484375,0.25634765625,0.09765625,3.64990234375,-0.01220703125,3.271484375,-0.439453125,2.40478515625,-0.048828125,5.1513671875,-0.29296875,2.7099609375,-0.3662109375,3.6376953125,0.08544921875,1.9775390625,0.09765625,3.5400390625,0.08544921875,0.25634765625,0.0732421875,1.025390625,0.0244140625,-0.2685546875,-0.03662109375,0.29296875,-0.23193359375,-1.47705078125,0.15869140625,-0.244140625,0.4150390625,-0.3173828125,0.0732421875,-1.28173828125,0,-0.76904296875,-0.06103515625,-0.68359375,0.15869140625,-0.64697265625,0,-0.0732421875,0.29296875,-0.69580078125,-0.146484375,-1.42822265625,0.1220703125,-1.0009765625,-0.3173828125,0.390625,-0.09765625,0.32958984375,0.25634765625,-0.08544921875,-0.06103515625,-0.08544921875,0.10986328125,0.18310546875,-0.2197265625,2.44140625,-0.048828125,2.50244140625,0.146484375,1.11083984375,0.01220703125,8.49609375
0,-0.03662109375,-0.64697265625,0.29296875,-0.68359375,0.146484375,-0.45166015625,0.1953125,-0.03662109375,0.28076171875,-0.1220703125,-0.03662109375,-0.91552734375,-0.23193359375,1.025390625,-0.03662109375,-0.15869140625,-0.3662109375,-0.54931640625,-0.09765625,-0.146484375,-0.29296875,0.8544921875,-0.23193359375,-0.5859375,-0.1708984375,-0.1220703125,-0.25634765625,-0.7080078125,-0.2685546875,0.927734375,-0.09765625,0.1708984375,-0.10986328125,5.17578125,0.10986328125,3.22265625,0.5126953125,3.50341796875,-0.42724609375,10.99853515625,-0.23193359375,-0.146484375,-0.29296875,-0.68359375,0.13427734375,-0.48828125,-0.146484375,0.54931640625,-0.13427734375,3.8330078125,-0.30517578125,2.86865234375,-0.30517578125,3.74755859375,0.1220703125,2.880859375,0.03662109375,0.79345703125,0.28076171875,0.54931640625,0.25634765625,0.69580078125,-0.146484375,0.25634765625,0.09765625,3.4423828125,0,3.1494140625,-0.4638671875,2.25830078125,-0.08544921875,4.8583984375,-0.244140625,1.8310546875,-0.341796875,2.5146484375,0.03662109375,1.2451171875,0.23193359375,2.685546875,0.10986328125,0.244140625,0.1220703125,1.07421875,-0.0732421875,-0.3173828125,-0.01220703125,0.28076171875,-0.15869140625,-1.47705078125,0.10986328125,-0.244140625,0.32958984375,-0.32958984375,0.06103515625,-1.28173828125,-0.0244140625,-0.76904296875,-0.0732421875,-0.67138671875,0.1708984375,-0.634765625,-0.10986328125,-0.06103515625,0.23193359375,-0.68359375,-0.1953125,-1.42822265625,0.10986328125,-1.0009765625,-0.341796875,0.390625,-0.0732421875,0.30517578125,0.25634765625,-0.0732421875,-0.0732421875,-0.0732421875,0.10986328125,0.1953125,-0.244140625,2.2216796875,-0.06103515625,2.30712890625,0.1708984375,0.91552734375,0.0244140625,7.861328125
0,-0.06103515625,-0.59814453125,0.2685546875,-0.59814453125,0.146484375,-0.42724609375,0.1708984375,-0.0244140625,0.28076171875,-0.1220703125,-0.048828125,-0.927734375,-0.23193359375,1.0498046875,-0.06103515625,-0.1953125,-0.390625,-0.537109375,-0.0244140625,-0.15869140625,-0.15869140625,0.86669921875,-0.1220703125,-0.59814453125,-0.20751953125,-0.10986328125,-0.1708984375,-0.732421875,-0.3662109375,0.91552734375,-0.1220703125,0.15869140625,-0.048828125,4.77294921875,0.03662109375,2.880859375,0.439453125,3.22265625,-0.3662109375,10.11962890625,-0.2685546875,-0.1220703125,-0.3173828125,-0.68359375,0.13427734375,-0.48828125,-0.146484375,0.48828125,-0.1708984375,3.759765625,-0.3173828125,2.84423828125,-0.3173828125,3.74755859375,0.0732421875,2.8564453125,0.01220703125,0.76904296875,0.29296875,0.52490234375,0.20751953125,0.76904296875,-0.08544921875,0.25634765625,0.1220703125,3.2470703125,0.01220703125,3.02734375,-0.45166015625,2.08740234375,-0.146484375,4.6142578125,-0.1708984375,1.06201171875,-0.28076171875,1.5625,0.01220703125,0.62255859375,0.28076171875,1.91650390625,0.1220703125,0.1953125,0.18310546875,1.025390625,-0.20751953125,-0.390625,0.06103515625,0.23193359375,-0.1220703125,-1.46484375,0.08544921875,-0.23193359375,0.2197265625,-0.341796875,0.048828125,-1.30615234375,-0.048828125,-0.78125,-0.0732421875,-0.67138671875,0.15869140625,-0.64697265625,-0.15869140625,-0.06103515625,0.13427734375,-0.68359375,-0.1953125,-1.416015625,0.08544921875,-0.98876953125,-0.3173828125,0.40283203125,-0.0732421875,0.29296875,0.25634765625,-0.10986328125,-0.0732421875,-0.08544921875,0.10986328125,0.1708984375,-0.2197265625,1.96533203125,-0.0732421875,2.099609375,0.146484375,0.6591796875,0.01220703125,6.97021484375
0,-0.146484375,-0.52490234375,0.2197265625,-0.439453125,0.08544921875,-0.3662109375,0.1220703125,0.0244140625,0.28076171875,-0.13427734375,-0.06103515625,-0.93994140625,-0.244140625,1.0498046875,-0.0732421875,-0.20751953125,-0.3662109375,-0.5615234375,0.048828125,-0.1708984375,-0.06103515625,0.9033203125,0,-0.59814453125,-0.1220703125,-0.1220703125,-0.1220703125,-0.72021484375,-0.4638671875,0.89111328125,-0.10986328125,0.146484375,-0.0244140625,4.2724609375,-0.03662109375,2.490234375,0.37841796875,2.8564453125,-0.35400390625,9.06982421875,-0.3173828125,-0.10986328125,-0.29296875,-0.68359375,0.1220703125,-0.50048828125,-0.048828125,0.48828125,-0.146484375,3.662109375,-0.23193359375,2.7587890625,-0.244140625,3.6376953125,0.0244140625,2.783203125,-0.01220703125,0.76904296875,0.28076171875,0.54931640625,0.1708984375,0.8544921875,-0.01220703125,0.25634765625,0.10986328125,3.06396484375,0.03662109375,2.91748046875,-0.4150390625,1.91650390625,-0.15869140625,4.30908203125,-0.09765625,0.42724609375,-0.1953125,0.84228515625,0.048828125,0.08544921875,0.2685546875,1.33056640625,0.146484375,0.06103515625,0.25634765625,0.89111328125,-0.35400390625,-0.537109375,0.08544921875,0.15869140625,-0.09765625,-1.45263671875,0.06103515625,-0.20751953125,0.0732421875,-0.30517578125,0.01220703125,-1.2939453125,-0.048828125,-0.79345703125,-0.06103515625,-0.67138671875,0.13427734375,-0.62255859375,-0.20751953125,-0.048828125,0,-0.68359375,-0.2197265625,-1.42822265625,0.03662109375,-0.98876953125,-0.29296875,0.40283203125,-0.06103515625,0.2685546875,0.244140625,-0.08544921875,-0.08544921875,-0.048828125,0.09765625,0.1708984375,-0.23193359375,1.67236328125,-0.08544921875,1.86767578125,0.146484375,0.4150390625,0.01220703125,5.908203125
0,-0.13427734375,-0.45166015625,0.23193359375,-0.23193359375,0.048828125,-0.30517578125,0.08544921875,0.08544921875,0.29296875,-0.13427734375,-0.0732421875,-0.927734375,-0.23193359375,1.06201171875,-0.09765625,-0.1953125,-0.341796875,-0.5859375,0.13427734375,-0.1953125,0.08544921875,0.9033203125,0.08544921875,-0.59814453125,0,-0.09765625,-0.09765625,-0.74462890625,-0.439453125,0.927734375,-0.08544921875,0.15869140625,-0.03662109375,3.74755859375,-0.146484375,2.08740234375,0.32958984375,2.4658203125,-0.20751953125,7.92236328125,-0.35400390625,-0.048828125,-0.28076171875,-0.67138671875,0.10986328125,-0.52490234375,-0.048828125,0.47607421875,-0.18310546875,3.466796875,-0.1708984375,2.5634765625,-0.146484375,3.30810546875,-0.08544921875,2.587890625,0.0244140625,0.74462890625,0.29296875,0.54931640625,0.1220703125,0.9521484375,-0.01220703125,0.244140625,0.08544921875,2.86865234375,0.048828125,2.77099609375,-0.2685546875,1.74560546875,-0.20751953125,3.955078125,-0.0732421875,-0.03662109375,-0.146484375,0.28076171875,0.1220703125,-0.28076171875,0.244140625,0.9033203125,0.18310546875,-0.09765625,0.3173828125,0.72021484375,-0.42724609375,-0.67138671875,0.10986328125,0.01220703125,-0.09765625,-1.45263671875,0,-0.20751953125,0.01220703125,-0.32958984375,-0.01220703125,-1.2939453125,-0.06103515625,-0.76904296875,-0.06103515625,-0.67138671875,0.08544921875,-0.62255859375,-0.23193359375,-0.048828125,-0.03662109375,-0.67138671875,-0.25634765625,-1.42822265625,-0.03662109375,-0.98876953125,-0.20751953125,0.40283203125,-0.048828125,0.2685546875,0.20751953125,-0.08544921875,-0.06103515625,-0.08544921875,0.09765625,0.146484375,-0.244140625,1.35498046875,-0.08544921875,1.62353515625,0.1220703125,0.146484375,0,4.7607421875
0,-0.15869140625,-0.390625,0.2197265625,-0.06103515625,0.08544921875,-0.244140625,0.09765625,0.13427734375,0.30517578125,-0.13427734375,-0.08544921875,-0.9521484375,-0.20751953125,1.03759765625,-0.10986328125,-0.20751953125,-0.30517578125,-0.59814453125,0.15869140625,-0.2197265625,0.25634765625,0.89111328125,0.1953125,-0.6103515625,0.1220703125,-0.10986328125,-0.10986328125,-0.74462890625,-0.40283203125,0.93994140625,-0.048828125,0.146484375,-0.03662109375,3.18603515625,-0.2685546875,1.62353515625,0.29296875,2.08740234375,-0.23193359375,6.7138671875,-0.35400390625,0.01220703125,-0.30517578125,-0.634765625,0.15869140625,-0.537109375,0.03662109375,0.47607421875,-0.13427734375,3.1982421875,-0.0732421875,2.25830078125,-0.0244140625,2.8076171875,-0.13427734375,2.33154296875,0.048828125,0.732421875,0.25634765625,0.537109375,0.0732421875,1.025390625,0.0244140625,0.244140625,0.03662109375,2.62451171875,0.01220703125,2.57568359375,-0.1708984375,1.5869140625,-0.23193359375,3.50341796875,-0.13427734375,-0.37841796875,-0.048828125,-0.0244140625,0.244140625,-0.54931640625,0.18310546875,0.6103515625,0.1220703125,-0.2685546875,0.25634765625,0.54931640625,-0.45166015625,-0.8056640625,0.0244140625,-0.09765625,-0.06103515625,-1.45263671875,-0.0244140625,-0.23193359375,-0.048828125,-0.341796875,-0.08544921875,-1.30615234375,-0.10986328125,-0.78125,-0.048828125,-0.67138671875,0.03662109375,-0.62255859375,-0.20751953125,-0.0732421875,-0.03662109375,-0.68359375,-0.3173828125,-1.42822265625,-0.09765625,-0.9765625,-0.10986328125,0.390625,-0.06103515625,0.244140625,0.18310546875,-0.0732421875,-0.06103515625,-0.08544921875,0.10986328125,0.13427734375,-0.25634765625,1.06201171875,-0.08544921875,1.35498046875,0.13427734375,-0.08544921875,0.01220703125,3.62548828125
0,-0.1953125,-0.37841796875,0.1220703125,0.048828125,0,-0.20751953125,0.06103515625,0.1708984375,0.30517578125,-0.1220703125,-0.06103515625,-0.9521484375,-0.2197265625,1.03759765625,-0.09765625,-0.1953125,-0.2685546875,-0.62255859375,0.1953125,-0.25634765625,0.37841796875,0.87890625,0.23193359375,-0.59814453125,0.23193359375,-0.10986328125,-0.13427734375,-0.7568359375,-0.30517578125,0.9765625,-0.0244140625,0.1220703125,-0.0244140625,2.63671875,-0.35400390625,1.220703125,0.25634765625,1.708984375,-0.1708984375,5.52978515625,-0.3173828125,0.048828125,-0.3662109375,-0.64697265625,0.1708984375,-0.54931640625,0.048828125,0.50048828125,-0.1708984375,2.8564453125,-0.03662109375,1.86767578125,0.0244140625,2.1484375,-0.244140625,2.01416015625,0.0732421875,0.732421875,0.2197265625,0.537109375,0.0244140625,1.07421875,0.08544921875,0.244140625,-0.048828125,2.33154296875,-0.0244140625,2.35595703125,-0.08544921875,1.37939453125,-0.2685546875,2.94189453125,-0.244140625,-0.5859375,0.048828125,-0.18310546875,0.30517578125,-0.67138671875,0.13427734375,0.439453125,0.1220703125,-0.40283203125,0.25634765625,0.37841796875,-0.47607421875,-0.927734375,-0.01220703125,-0.23193359375,-0.0732421875,-1.46484375,-0.0732421875,-0.2197265625,-0.15869140625,-0.32958984375,-0.10986328125,-1.30615234375,-0.1220703125,-0.78125,-0.03662109375,-0.634765625,-0.0244140625,-0.64697265625,-0.1953125,-0.06103515625,-0.03662109375,-0.67138671875,-0.32958984375,-1.4404296875,-0.1708984375,-0.98876953125,-0.01220703125,0.37841796875,-0.09765625,0.244140625,0.15869140625,-0.06103515625,-0.08544921875,-0.0732421875,0.08544921875,0.13427734375,-0.2685546875,0.7568359375,-0.09765625,1.15966796875,0.10986328125,-0.244140625,0,2.6123046875
0,-0.146484375,-0.40283203125,0.146484375,0.048828125,0.03662109375,-0.20751953125,0.0732421875,0.1708984375,0.28076171875,-0.13427734375,-0.048828125,-0.93994140625,-0.20751953125,1.025390625,-0.1220703125,-0.18310546875,-0.1953125,-0.634765625,0.2197265625,-0.25634765625,0.537109375,0.87890625,0.23193359375,-0.59814453125,0.29296875,-0.10986328125,-0.20751953125,-0.74462890625,-0.18310546875,0.9765625,-0.0244140625,0.1220703125,-0.01220703125,2.1240234375,-0.390625,0.79345703125,0.2197265625,1.318359375,-0.18310546875,4.38232421875,-0.30517578125,0.1220703125,-0.37841796875,-0.62255859375,0.244140625,-0.537109375,0,0.537109375,-0.18310546875,2.45361328125,0.0244140625,1.47705078125,0.08544921875,1.42822265625,-0.29296875,1.6845703125,0.08544921875,0.74462890625,0.2197265625,0.54931640625,-0.0732421875,1.0986328125,0.1708984375,0.28076171875,-0.0732421875,2.001953125,-0.048828125,2.1240234375,-0.06103515625,1.171875,-0.20751953125,2.3193359375,-0.4150390625,-0.69580078125,0.0244140625,-0.18310546875,0.25634765625,-0.732421875,0,0.4150390625,0.146484375,-0.5126953125,0.28076171875,0.244140625,-0.390625,-1.0009765625,0,-0.30517578125,-0.10986328125,-1.46484375,-0.1220703125,-0.20751953125,-0.29296875,-0.3173828125,-0.0732421875,-1.33056640625,-0.146484375,-0.78125,0.03662109375,-0.64697265625,-0.048828125,-0.64697265625,-0.18310546875,-0.08544921875,0.03662109375,-0.67138671875,-0.37841796875,-1.45263671875,-0.23193359375,-0.9765625,0.06103515625,0.37841796875,-0.06103515625,0.2685546875,0.15869140625,-0.048828125,-0.0732421875,-0.08544921875,0.09765625,0.09765625,-0.25634765625,0.537109375,-0.09765625,1.025390625,0.08544921875,-0.390625,0.01220703125,1.7822265625
0,-0.1708984375,-0.439453125,0.1220703125,-0.048828125,0.048828125,-0.244140625,0.03662109375,0.1220703125,0.30517578125,-0.1220703125,-0.03662109375,-0.927734375,-0.1953125,1.01318359375,-0.10986328125,-0.1953125,-0.15869140625,-0.6103515625,0.146484375,-0.25634765625,0.6103515625,0.89111328125,0.146484375,-0.59814453125,0.32958984375,-0.1220703125,-0.28076171875,-0.74462890625,-0.08544921875,0.9765625,0.01220703125,0.13427734375,0.03662109375,1.6357421875,-0.45166015625,0.4150390625,0.1708984375,0.91552734375,-0.1953125,3.2958984375,-0.28076171875,0.1708984375,-0.40283203125,-0.62255859375,0.30517578125,-0.52490234375,-0.08544921875,0.5615234375,-0.1708984375,2.08740234375,0.08544921875,1.0986328125,0.08544921875,0.69580078125,-0.30517578125,1.35498046875,0.0732421875,0.78125,0.18310546875,0.52490234375,-0.15869140625,1.0986328125,0.18310546875,0.3173828125,-0.08544921875,1.611328125,-0.13427734375,1.85546875,-0.048828125,0.9765625,-0.1708984375,1.67236328125,-0.47607421875,-0.7080078125,0.048828125,-0.048828125,0.23193359375,-0.7080078125,-0.0244140625,0.4638671875,0.1220703125,-0.54931640625,0.29296875,0.1708984375,-0.3662109375,-1.025390625,-0.01220703125,-0.37841796875,-0.13427734375,-1.46484375,-0.146484375,-0.20751953125,-0.42724609375,-0.30517578125,-0.048828125,-1.318359375,-0.1953125,-0.78125,0.09765625,-0.6591796875,-0.0732421875,-0.6591796875,-0.13427734375,-0.06103515625,0.0244140625,-0.67138671875,-0.40283203125,-1.4404296875,-0.244140625,-0.9765625,0.09765625,0.40283203125,-0.06103515625,0.30517578125,0.146484375,-0.06103515625,-0.08544921875,-0.09765625,0.1220703125,0.1220703125,-0.2197265625,0.35400390625,-0.09765625,0.9033203125,0.06103515625,-0.439453125,0,1.220703125
0,-0.1708984375,-0.48828125,0.1220703125,-0.1708984375,0.0244140625,-0.30517578125,0.048828125,0.048828125,0.29296875,-0.13427734375,-0.048828125,-0.93994140625,-0.1708984375,1.01318359375,-0.10986328125,-0.1953125,-0.13427734375,-0.6103515625,0.09765625,-0.244140625,0.634765625,0.89111328125,0.01220703125,-0.5859375,0.29296875,-0.1220703125,-0.40283203125,-0.7568359375,0.0244140625,0.98876953125,0,0.13427734375,0.10986328125,1.1474609375,-0.52490234375,0.03662109375,0.13427734375,0.537109375,-0.28076171875,2.2705078125,-0.29296875,0.2197265625,-0.48828125,-0.634765625,0.30517578125,-0.50048828125,-0.146484375,0.57373046875,-0.1708984375,1.7822265625,0.09765625,0.76904296875,0.15869140625,0.1220703125,-0.3662109375,1.0986328125,0.13427734375,0.8056640625,0.1708984375,0.52490234375,-0.20751953125,1.08642578125,0.18310546875,0.3662109375,-0.08544921875,1.23291015625,-0.146484375,1.611328125,-0.03662109375,0.7568359375,-0.0732421875,1.07421875,-0.45166015625,-0.68359375,0.10986328125,0.1220703125,0.146484375,-0.67138671875,-0.048828125,0.5126953125,0.03662109375,-0.57373046875,0.244140625,0.13427734375,-0.40283203125,-1.01318359375,-0.09765625,-0.390625,-0.13427734375,-1.46484375,-0.1953125,-0.20751953125,-0.48828125,-0.3173828125,0.0244140625,-1.33056640625,-0.1953125,-0.7568359375,0.10986328125,-0.6591796875,-0.1220703125,-0.67138671875,-0.10986328125,-0.0732421875,0.01220703125,-0.67138671875,-0.3662109375,-1.42822265625,-0.244140625,-0.96435546875,0.08544921875,0.40283203125,-0.03662109375,0.29296875,0.1220703125,-0.03662109375,-0.0732421875,-0.09765625,0.13427734375,0.10986328125,-0.25634765625,0.244140625,-0.15869140625,0.84228515625,0.03662109375,-0.47607421875,-0.03662109375,0.84228515625
0,-0.20751953125,-0.537109375,0.08544921875,-0.2685546875,0.0244140625,-0.35400390625,0.048828125,0,0.28076171875,-0.13427734375,-0.0244140625,-0.927734375,-0.1708984375,1.025390625,-0.10986328125,-0.18310546875,-0.1220703125,-0.62255859375,0.06103515625,-0.23193359375,0.62255859375,0.8544921875,-0.09765625,-0.5859375,0.29296875,-0.10986328125,-0.5126953125,-0.76904296875,0.09765625,0.9765625,-0.0244140625,0.15869140625,0.1708984375,0.6591796875,-0.59814453125,-0.341796875,0.08544921875,0.1708984375,-0.341796875,1.3427734375,-0.3173828125,0.244140625,-0.537109375,-0.62255859375,0.341796875,-0.5126953125,-0.1220703125,0.6103515625,-0.048828125,1.62353515625,0.08544921875,0.5859375,0.146484375,-0.20751953125,-0.3173828125,1.01318359375,0.1953125,0.79345703125,0.15869140625,0.537109375,-0.1708984375,1.01318359375,0.1708984375,0.4150390625,-0.048828125,0.93994140625,-0.08544921875,1.3916015625,-0.048828125,0.5859375,-0.01220703125,0.57373046875,-0.40283203125,-0.62255859375,0.1708984375,0.28076171875,0.08544921875,-0.59814453125,-0.048828125,0.5859375,0.06103515625,-0.537109375,0.30517578125,0.09765625,-0.25634765625,-0.9765625,-0.03662109375,-0.40283203125,-0.146484375,-1.4892578125,-0.23193359375,-0.20751953125,-0.54931640625,-0.29296875,0.0732421875,-1.318359375,-0.2197265625,-0.74462890625,0.146484375,-0.64697265625,-0.18310546875,-0.68359375,-0.03662109375,-0.06103515625,-0.0244140625,-0.67138671875,-0.37841796875,-1.416015625,-0.2685546875,-0.9765625,0.08544921875,0.40283203125,-0.01220703125,0.28076171875,0.13427734375,-0.06103515625,-0.08544921875,-0.10986328125,0.146484375,0.09765625,-0.25634765625,0.18310546875,-0.10986328125,0.8544921875,0.0244140625,-0.47607421875,-0.01220703125,0.6591796875
1,-0.23193359375,-0.54931640625,0.13427734375,-0.35400390625,0.0244140625,-0.390625,0.06103515625,-0.03662109375,0.2685546875,-0.09765625,-0.01220703125,-0.91552734375,-0.1953125,1.01318359375,-0.08544921875,-0.20751953125,-0.13427734375,-0.59814453125,-0.01220703125,-0.2197265625,0.50048828125,0.87890625,-0.15869140625,-0.5859375,0.244140625,-0.10986328125,-0.62255859375,-0.74462890625,0.1953125,0.9765625,-0.0244140625,0.15869140625,0.2197265625,0.1953125,-0.7568359375,-0.6591796875,0,-0.1953125,-0.4150390625,0.50048828125,-0.341796875,0.244140625,-0.57373046875,-0.64697265625,0.40283203125,-0.47607421875,-0.1220703125,0.59814453125,0.03662109375,1.6357421875,0.0244140625,0.5859375,0.146484375,-0.28076171875,-0.28076171875,1.025390625,0.23193359375,0.79345703125,0.1708984375,0.537109375,-0.244140625,0.93994140625,0.13427734375,0.4638671875,-0.03662109375,0.74462890625,-0.01220703125,1.26953125,-0.0732421875,0.50048828125,0.0244140625,0.341796875,-0.3173828125,-0.54931640625,0.15869140625,0.4150390625,-0.0244140625,-0.537109375,-0.01220703125,0.68359375,0.0244140625,-0.50048828125,0.2685546875,0.10986328125,-0.1708984375,-0.89111328125,-0.048828125,-0.4150390625,-0.13427734375,-1.4892578125,-0.244140625,-0.2197265625,-0.5615234375,-0.28076171875,0.08544921875,-1.30615234375,-0.18310546875,-0.7568359375,0.1220703125,-0.62255859375,-0.23193359375,-0.69580078125,-0.03662109375,-0.06103515625,-0.08544921875,-0.67138671875,-0.29296875,-1.42822265625,-0.28076171875,-0.96435546875,0.048828125,0.4150390625,0.01220703125,0.28076171875,0.1220703125,-0.06103515625,-0.0732421875,-0.09765625,0.15869140625,0.10986328125,-0.20751953125,0.15869140625,-0.10986328125,0.8544921875,0.048828125,-0.48828125,0.01220703125,0.59814453125
1,-0.2197265625,-0.537109375,0.23193359375,-0.3662109375,0.01220703125,-0.37841796875,0.0244140625,-0.03662109375,0.25634765625,-0.09765625,0.01220703125,-0.91552734375,-0.1953125,1.01318359375,-0.09765625,-0.1953125,-0.18310546875,-0.5859375,-0.06103515625,-0.1953125,0.3662109375,0.8544921875,-0.1953125,-0.6103515625,0.146484375,-0.10986328125,-0.68359375,-0.732421875,0.2685546875,0.9765625,-0.03662109375,0.146484375,0.2197265625,-0.2197265625,-0.81787109375,-0.98876953125,-0.06103515625,-0.5615234375,-0.50048828125,-0.25634765625,-0.40283203125,0.20751953125,-0.52490234375,-0.67138671875,0.40283203125,-0.47607421875,-0.0732421875,0.5615234375,0.1708984375,1.84326171875,-0.03662109375,0.78125,0.2685546875,0.03662109375,-0.2197265625,1.1962890625,0.23193359375,0.8056640625,0.1953125,0.54931640625,-0.1953125,0.84228515625,0.048828125,0.5126953125,0.0244140625,0.72021484375,0.08544921875,1.2939453125,-0.0732421875,0.48828125,0.03662109375,0.3662109375,-0.1953125,-0.50048828125,0.09765625,0.439453125,-0.1220703125,-0.50048828125,0.03662109375,0.74462890625,-0.01220703125,-0.439453125,0.25634765625,0.13427734375,-0.20751953125,-0.830078125,-0.08544921875,-0.40283203125,-0.1220703125,-1.47705078125,-0.244140625,-0.2197265625,-0.6103515625,-0.28076171875,0.03662109375,-1.28173828125,-0.146484375,-0.74462890625,0.0732421875,-0.64697265625,-0.2685546875,-0.67138671875,-0.03662109375,-0.0732421875,-0.08544921875,-0.68359375,-0.28076171875,-1.42822265625,-0.28076171875,-0.9765625,0,0.42724609375,-0.01220703125,0.244140625,0.13427734375,-0.06103515625,-0.0732421875,-0.09765625,0.1708984375,0.10986328125,-0.18310546875,0.146484375,-0.09765625,0.8056640625,0.06103515625,-0.5126953125,0.0244140625,0.52490234375
1,-0.2685546875,-0.47607421875,0.2197265625,-0.28076171875,-0.01220703125,-0.341796875,0,0.01220703125,0.28076171875,-0.08544921875,0.0244140625,-0.9033203125,-0.18310546875,1.01318359375,-0.09765625,-0.18310546875,-0.23193359375,-0.5859375,-0.048828125,-0.18310546875,0.1953125,0.86669921875,-0.1708984375,-0.59814453125,0.0244140625,-0.09765625,-0.69580078125,-0.74462890625,0.3173828125,0.96435546875,-0.03662109375,0.15869140625,0.20751953125,-0.634765625,-0.8544921875,-1.26953125,-0.048828125,-0.86669921875,-0.50048828125,-0.830078125,-0.47607421875,0.146484375,-0.537109375,-0.68359375,0.40283203125,-0.48828125,-0.09765625,0.537109375,0.25634765625,2.2216796875,-0.08544921875,1.15966796875,0.1708984375,0.69580078125,-0.146484375,1.5380859375,0.20751953125,0.79345703125,0.20751953125,0.57373046875,-0.2197265625,0.74462890625,-0.0244140625,0.57373046875,0.01220703125,0.89111328125,0.15869140625,1.4404296875,-0.08544921875,0.6103515625,0.0244140625,0.7568359375,-0.1220703125,-0.4150390625,0.09765625,0.42724609375,-0.244140625,-0.47607421875,0.08544921875,0.81787109375,0.048828125,-0.42724609375,0.2685546875,0.10986328125,-0.146484375,-0.78125,-0.0244140625,-0.40283203125,-0.08544921875,-1.47705078125,-0.1953125,-0.1953125,-0.5615234375,-0.28076171875,-0.0244140625,-1.28173828125,-0.15869140625,-0.7568359375,0.0244140625,-0.634765625,-0.341796875,-0.68359375,-0.06103515625,-0.06103515625,-0.0244140625,-0.68359375,-0.25634765625,-1.40380859375,-0.25634765625,-0.9765625,-0.01220703125,0.42724609375,0.01220703125,0.25634765625,0.08544921875,-0.06103515625,-0.08544921875,-0.0732421875,0.146484375,0.08544921875,-0.18310546875,0.08544921875,-0.06103515625,0.78125,0.0732421875,-0.537109375,0.048828125,0.40283203125
1,-0.2685546875,-0.40283203125,0.2197265625,-0.13427734375,0.01220703125,-0.2685546875,0.01220703125,0.08544921875,0.28076171875,-0.09765625,0.048828125,-0.91552734375,-0.1708984375,1.01318359375,-0.09765625,-0.1708984375,-0.30517578125,-0.59814453125,0,-0.18310546875,0.0244140625,0.86669921875,-0.09765625,-0.59814453125,-0.06103515625,-0.09765625,-0.64697265625,-0.732421875,0.3662109375,0.9521484375,-0.06103515625,0.15869140625,0.1953125,-0.93994140625,-0.9033203125,-1.45263671875,-0.0732421875,-1.08642578125,-0.54931640625,-1.28173828125,-0.5126953125,0.08544921875,-0.5859375,-0.69580078125,0.37841796875,-0.47607421875,-0.0244140625,0.5126953125,0.29296875,2.79541015625,-0.1220703125,1.6845703125,0.13427734375,1.6357421875,-0.08544921875,1.98974609375,0.15869140625,0.76904296875,0.25634765625,0.54931640625,-0.20751953125,0.69580078125,-0.06103515625,0.634765625,-0.09765625,1.2451171875,0.20751953125,1.7333984375,-0.048828125,0.91552734375,0.048828125,1.45263671875,-0.048828125,-0.35400390625,0.08544921875,0.37841796875,-0.29296875,-0.45166015625,0.146484375,0.8544921875,0.08544921875,-0.45166015625,0.25634765625,0.08544921875,-0.13427734375,-0.732421875,0.01220703125,-0.40283203125,-0.048828125,-1.4892578125,-0.13427734375,-0.1953125,-0.47607421875,-0.28076171875,-0.08544921875,-1.25732421875,-0.146484375,-0.74462890625,0,-0.67138671875,-0.32958984375,-0.67138671875,-0.1220703125,-0.08544921875,0.01220703125,-0.7080078125,-0.1708984375,-1.416015625,-0.20751953125,-0.98876953125,-0.048828125,0.42724609375,-0.0244140625,0.244140625,0.06103515625,-0.048828125,-0.0732421875,-0.0732421875,0.15869140625,0.10986328125,-0.1953125,0.01220703125,-0.048828125,0.732421875,0.08544921875,-0.6103515625,0.03662109375,0.1220703125
1,-0.29296875,-0.3173828125,0.13427734375,0.048828125,-0.01220703125,-0.1708984375,0,0.1708984375,0.2685546875,-0.10986328125,0.03662109375,-0.91552734375,-0.15869140625,0.98876953125,-0.10986328125,-0.18310546875,-0.3662109375,-0.5859375,0.08544921875,-0.18310546875,-0.10986328125,0.86669921875,-0.0732421875,-0.6103515625,-0.15869140625,-0.06103515625,-0.5859375,-0.732421875,0.37841796875,0.93994140625,-0.10986328125,0.146484375,0.15869140625,-1.13525390625,-0.87890625,-1.5869140625,-0.048828125,-1.23291015625,-0.52490234375,-1.5380859375,-0.5126953125,0.03662109375,-0.54931640625,-0.67138671875,0.37841796875,-0.47607421875,0.048828125,0.48828125,0.30517578125,3.47900390625,-0.13427734375,2.30712890625,0.1220703125,2.77099609375,0,2.5390625,0.09765625,0.7568359375,0.20751953125,0.57373046875,-0.20751953125,0.62255859375,-0.08544921875,0.732421875,-0.1220703125,1.79443359375,0.3173828125,2.16064453125,0.048828125,1.2939453125,0.03662109375,2.40478515625,-0.0732421875,-0.29296875,0.06103515625,0.35400390625,-0.30517578125,-0.42724609375,0.09765625,0.86669921875,0.10986328125,-0.45166015625,0.244140625,0.0732421875,-0.10986328125,-0.732421875,0.06103515625,-0.390625,-0.01220703125,-1.47705078125,-0.01220703125,-0.18310546875,-0.45166015625,-0.30517578125,-0.10986328125,-1.2451171875,-0.146484375,-0.72021484375,-0.06103515625,-0.67138671875,-0.30517578125,-0.6591796875,-0.146484375,-0.08544921875,0.0732421875,-0.69580078125,-0.1220703125,-1.416015625,-0.1708984375,-0.98876953125,-0.06103515625,0.4150390625,-0.0244140625,0.25634765625,0.06103515625,-0.0732421875,-0.0732421875,-0.048828125,0.1708984375,0.146484375,-0.23193359375,-0.10986328125,-0.01220703125,0.6591796875,0.08544921875,-0.7080078125,0.0244140625,-0.25634765625
1,-0.28076171875,-0.23193359375,0.18310546875,0.1953125,0,-0.09765625,0.01220703125,0.244140625,0.25634765625,-0.10986328125,0.048828125,-0.927734375,-0.15869140625,1.0009765625,-0.1220703125,-0.18310546875,-0.4150390625,-0.59814453125,0.1708984375,-0.2197265625,-0.20751953125,0.87890625,-0.048828125,-0.59814453125,-0.1708984375,-0.08544921875,-0.4638671875,-0.74462890625,0.390625,0.927734375,-0.13427734375,0.146484375,0.09765625,-1.2451171875,-0.84228515625,-1.62353515625,-0.08544921875,-1.28173828125,-0.50048828125,-1.66015625,-0.45166015625,0.01220703125,-0.47607421875,-0.6591796875,0.37841796875,-0.50048828125,0.13427734375,0.48828125,0.28076171875,4.1748046875,-0.10986328125,2.978515625,0.15869140625,4.00390625,0.09765625,3.125,-0.01220703125,0.74462890625,0.20751953125,0.5615234375,-0.10986328125,0.6103515625,-0.10986328125,0.78125,-0.1708984375,2.45361328125,0.29296875,2.64892578125,0.146484375,1.79443359375,-0.09765625,3.57666015625,-0.048828125,-0.244140625,0.01220703125,0.25634765625,-0.244140625,-0.4150390625,0.06103515625,0.87890625,0.08544921875,-0.45166015625,0.244140625,0.08544921875,-0.146484375,-0.72021484375,0.048828125,-0.35400390625,-0.01220703125,-1.46484375,0.06103515625,-0.1953125,-0.341796875,-0.3173828125,-0.1220703125,-1.2451171875,-0.15869140625,-0.69580078125,-0.1220703125,-0.67138671875,-0.30517578125,-0.64697265625,-0.1708984375,-0.0732421875,0.10986328125,-0.68359375,-0.0732421875,-1.42822265625,-0.146484375,-0.98876953125,-0.048828125,0.4150390625,-0.048828125,0.28076171875,0.06103515625,-0.0732421875,-0.06103515625,-0.0732421875,0.1708984375,0.13427734375,-0.2197265625,-0.2197265625,0,0.57373046875,0.08544921875,-0.830078125,0.048828125,-0.72021484375
1,-0.30517578125,-0.20751953125,0.23193359375,0.29296875,-0.01220703125,-0.06103515625,0.01220703125,0.30517578125,0.244140625,-0.09765625,0.048828125,-0.927734375,-0.15869140625,0.98876953125,-0.146484375,-0.1953125,-0.45166015625,-0.62255859375,0.23193359375,-0.2197265625,-0.244140625,0.89111328125,-0.048828125,-0.59814453125,-0.13427734375,-0.09765625,-0.390625,-0.74462890625,0.341796875,0.9521484375,-0.13427734375,0.1220703125,0.09765625,-1.26953125,-0.76904296875,-1.59912109375,-0.1220703125,-1.28173828125,-0.4638671875,-1.62353515625,-0.3662109375,-0.03662109375,-0.42724609375,-0.67138671875,0.3662109375,-0.50048828125,0.20751953125,0.48828125,0.3173828125,4.84619140625,-0.09765625,3.62548828125,0.1708984375,5.1513671875,0.2197265625,3.67431640625,-0.08544921875,0.7568359375,0.20751953125,0.57373046875,-0.0244140625,0.6103515625,-0.18310546875,0.84228515625,-0.1953125,3.21044921875,0.244140625,3.21044921875,0.18310546875,2.33154296875,-0.2685546875,4.87060546875,0.01220703125,-0.18310546875,-0.0732421875,0.25634765625,-0.13427734375,-0.37841796875,0.01220703125,0.91552734375,0.1708984375,-0.45166015625,0.3662109375,0.13427734375,-0.03662109375,-0.72021484375,0.1220703125,-0.3173828125,0,-1.46484375,0.146484375,-0.2197265625,-0.25634765625,-0.30517578125,-0.1220703125,-1.25732421875,-0.15869140625,-0.7080078125,-0.1708984375,-0.68359375,-0.2685546875,-0.62255859375,-0.1953125,-0.08544921875,0.08544921875,-0.68359375,0,-1.4404296875,-0.09765625,-0.98876953125,-0.048828125,0.40283203125,-0.06103515625,0.28076171875,0.048828125,-0.0732421875,-0.0732421875,-0.06103515625,0.20751953125,0.13427734375,-0.25634765625,-0.35400390625,-0.01220703125,0.47607421875,0.08544921875,-0.9521484375,0.10986328125,-1.220703125
1,-0.341796875,-0.23193359375,0.1708984375,0.28076171875,-0.0244140625,-0.08544921875,-0.01220703125,0.29296875,0.23193359375,-0.08544921875,0.048828125,-0.93994140625,-0.15869140625,0.98876953125,-0.146484375,-0.20751953125,-0.439453125,-0.62255859375,0.28076171875,-0.23193359375,-0.23193359375,0.87890625,-0.03662109375,-0.5859375,-0.09765625,-0.08544921875,-0.25634765625,-0.74462890625,0.28076171875,0.927734375,-0.09765625,0.146484375,0.048828125,-1.220703125,-0.6591796875,-1.50146484375,-0.20751953125,-1.20849609375,-0.30517578125,-1.4892578125,-0.29296875,-0.0732421875,-0.29296875,-0.64697265625,0.3173828125,-0.537109375,0.1220703125,0.50048828125,0.28076171875,5.3955078125,-0.08544921875,4.1748046875,0.08544921875,6.14013671875,0.30517578125,4.13818359375,-0.1220703125,0.76904296875,0.1708984375,0.54931640625,0.0244140625,0.634765625,-0.29296875,0.86669921875,-0.10986328125,3.96728515625,0.244140625,3.77197265625,0.23193359375,2.880859375,-0.1953125,6.103515625,0.06103515625,-0.15869140625,0.03662109375,0.30517578125,0.01220703125,-0.35400390625,-0.03662109375,0.93994140625,0.146484375,-0.37841796875,0.37841796875,0.23193359375,0.048828125,-0.67138671875,0.0732421875,-0.2197265625,0,-1.46484375,0.1708984375,-0.2197265625,-0.146484375,-0.32958984375,-0.08544921875,-1.25732421875,-0.146484375,-0.7080078125,-0.23193359375,-0.68359375,-0.244140625,-0.62255859375,-0.1708984375,-0.08544921875,0.13427734375,-0.68359375,0.0244140625,-1.42822265625,-0.06103515625,-1.0009765625,-0.048828125,0.40283203125,-0.048828125,0.28076171875,0.01220703125,-0.0732421875,-0.08544921875,-0.06103515625,0.18310546875,0.15869140625,-0.25634765625,-0.42724609375,-0.0244140625,0.42724609375,0.0732421875,-1.025390625,0.15869140625,-1.62353515625
1,-0.341796875,-0.29296875,0.23193359375,0.20751953125,0,-0.10986328125,0.01220703125,0.244140625,0.2197265625,-0.0732421875,0.06103515625,-0.927734375,-0.146484375,1.0009765625,-0.146484375,-0.20751953125,-0.390625,-0.634765625,0.341796875,-0.25634765625,-0.20751953125,0.87890625,-0.01220703125,-0.59814453125,0.03662109375,-0.10986328125,-0.13427734375,-0.76904296875,0.15869140625,0.9521484375,-0.03662109375,0.13427734375,0,-1.07421875,-0.54931640625,-1.37939453125,-0.29296875,-1.07421875,-0.1953125,-1.26953125,-0.23193359375,-0.09765625,-0.146484375,-0.6103515625,0.29296875,-0.5126953125,0.1708984375,0.5615234375,0.244140625,5.82275390625,-0.06103515625,4.58984375,-0.01220703125,6.89697265625,0.37841796875,4.5166015625,-0.1220703125,0.79345703125,0.1220703125,0.54931640625,0.0732421875,0.68359375,-0.3662109375,0.9033203125,-0.048828125,4.67529296875,0.244140625,4.28466796875,0.29296875,3.35693359375,-0.25634765625,7.2265625,-0.06103515625,-0.09765625,-0.048828125,0.35400390625,0.048828125,-0.29296875,-0.1708984375,0.98876953125,0.10986328125,-0.29296875,0.37841796875,0.35400390625,0.1953125,-0.62255859375,0.01220703125,-0.10986328125,-0.01220703125,-1.47705078125,0.1708984375,-0.244140625,0.03662109375,-0.3173828125,-0.06103515625,-1.2939453125,-0.13427734375,-0.732421875,-0.1708984375,-0.67138671875,-0.2197265625,-0.64697265625,-0.15869140625,-0.0732421875,0.15869140625,-0.68359375,0.06103515625,-1.42822265625,-0.01220703125,-0.98876953125,-0.03662109375,0.40283203125,-0.06103515625,0.28076171875,-0.01220703125,-0.06103515625,-0.08544921875,-0.0732421875,0.1708984375,0.15869140625,-0.2197265625,-0.45166015625,-0.03662109375,0.390625,0.08544921875,-1.0498046875,0.10986328125,-1.84326171875
1,-0.40283203125,-0.40283203125,0.2197265625,0.09765625,-0.0244140625,-0.2197265625,-0.0244140625,0.15869140625,0.20751953125,-0.0732421875,0.06103515625,-0.91552734375,-0.18310546875,1.0009765625,-0.1953125,-0.1953125,-0.32958984375,-0.62255859375,0.3662109375,-0.2685546875,-0.18310546875,0.86669921875,0.01220703125,-0.5859375,0.09765625,-0.13427734375,0,-0.78125,0.01220703125,0.93994140625,0.03662109375,0.13427734375,0.03662109375,-0.9033203125,-0.37841796875,-1.220703125,-0.35400390625,-0.9033203125,-0.10986328125,-1.0498046875,-0.23193359375,-0.0732421875,0,-0.59814453125,0.25634765625,-0.48828125,0.13427734375,0.57373046875,0.18310546875,6.04248046875,-0.048828125,4.82177734375,-0.13427734375,7.33642578125,0.45166015625,4.69970703125,-0.1220703125,0.8056640625,0.08544921875,0.54931640625,0.0732421875,0.72021484375,-0.37841796875,0.87890625,0.01220703125,5.26123046875,0.18310546875,4.6875,0.25634765625,3.759765625,-0.2197265625,8.10546875,-0.09765625,-0.03662109375,-0.03662109375,0.45166015625,0.13427734375,-0.23193359375,-0.1953125,1.025390625,0.0732421875,-0.18310546875,0.29296875,0.50048828125,0.25634765625,-0.57373046875,-0.03662109375,0.01220703125,-0.0244140625,-1.4892578125,0.1708984375,-0.25634765625,0.15869140625,-0.32958984375,-0.0244140625,-1.30615234375,-0.1220703125,-0.74462890625,-0.146484375,-0.67138671875,-0.15869140625,-0.634765625,-0.13427734375,-0.06103515625,0.20751953125,-0.67138671875,0.06103515625,-1.4404296875,0.01220703125,-0.9765625,-0.0244140625,0.390625,-0.08544921875,0.2685546875,-0.01220703125,-0.0732421875,-0.09765625,-0.0732421875,0.15869140625,0.146484375,-0.20751953125,-0.45166015625,-0.03662109375,0.390625,0.048828125,-1.0498046875,0.1220703125,-1.86767578125
1,-0.42724609375,-0.47607421875,0.25634765625,-0.01220703125,-0.048828125,-0.3173828125,-0.0244140625,0.08544921875,0.20751953125,-0.0732421875,0.06103515625,-0.91552734375,-0.18310546875,1.0009765625,-0.1953125,-0.1708984375,-0.25634765625,-0.62255859375,0.35400390625,-0.25634765625,-0.1708984375,0.84228515625,0.048828125,-0.59814453125,0.15869140625,-0.146484375,0.06103515625,-0.78125,-0.09765625,0.9521484375,0.0732421875,0.15869140625,0.048828125,-0.74462890625,-0.25634765625,-1.07421875,-0.439453125,-0.79345703125,-0.08544921875,-0.8544921875,-0.1953125,-0.08544921875,0.1708984375,-0.57373046875,0.15869140625,-0.50048828125,0.0244140625,0.6103515625,0.09765625,6.09130859375,0.01220703125,4.87060546875,-0.2685546875,7.43408203125,0.52490234375,4.74853515625,-0.06103515625,0.8056640625,0.048828125,0.537109375,0.06103515625,0.732421875,-0.390625,0.8056640625,0.03662109375,5.67626953125,0.1220703125,4.99267578125,0.1953125,4.04052734375,-0.2685546875,8.70361328125,-0.08544921875,0.0244140625,0.048828125,0.59814453125,0.15869140625,-0.146484375,-0.10986328125,1.08642578125,0.08544921875,-0.06103515625,0.28076171875,0.6591796875,0.42724609375,-0.537109375,-0.0244140625,0.0732421875,-0.048828125,-1.47705078125,0.1220703125,-0.244140625,0.25634765625,-0.30517578125,0,-1.318359375,-0.1220703125,-0.76904296875,-0.09765625,-0.6591796875,-0.0732421875,-0.67138671875,-0.13427734375,-0.0732421875,0.25634765625,-0.67138671875,0.06103515625,-1.42822265625,0.0244140625,-1.0009765625,0,0.40283203125,-0.09765625,0.2685546875,0,-0.048828125,-0.0732421875,-0.0732421875,0.146484375,0.13427734375,-0.25634765625,-0.40283203125,-0.08544921875,0.4150390625,0,-0.9521484375,0.048828125,-1.66015625
1,-0.42724609375,-0.537109375,0.23193359375,-0.01220703125,-0.048828125,-0.37841796875,-0.048828125,0.03662109375,0.2197265625,-0.0732421875,0.0244140625,-0.9033203125,-0.18310546875,1.01318359375,-0.1708984375,-0.18310546875,-0.1708984375,-0.6103515625,0.30517578125,-0.23193359375,-0.1708984375,0.84228515625,0.03662109375,-0.5859375,0.23193359375,-0.146484375,0.08544921875,-0.7568359375,-0.23193359375,0.9521484375,0.06103515625,0.15869140625,0.10986328125,-0.59814453125,-0.0732421875,-0.9765625,-0.439453125,-0.67138671875,0.01220703125,-0.74462890625,-0.1953125,-0.08544921875,0.28076171875,-0.5615234375,0.08544921875,-0.50048828125,0.10986328125,0.64697265625,0.06103515625,5.94482421875,0.0244140625,4.736328125,-0.35400390625,7.21435546875,0.5615234375,4.62646484375,0.01220703125,0.8056640625,0.0244140625,0.54931640625,0.09765625,0.74462890625,-0.29296875,0.68359375,0.0244140625,5.92041015625,0.06103515625,5.126953125,0.09765625,4.150390625,-0.341796875,9.02099609375,-0.3173828125,0.08544921875,-0.048828125,0.7080078125,0.0732421875,-0.0732421875,-0.13427734375,1.1962890625,0,0,0.13427734375,0.74462890625,0.439453125,-0.50048828125,-0.03662109375,0.10986328125,-0.0732421875,-1.50146484375,0.08544921875,-0.2685546875,0.4150390625,-0.29296875,0.01220703125,-1.3427734375,-0.1220703125,-0.78125,-0.0732421875,-0.68359375,0.01220703125,-0.67138671875,-0.09765625,-0.0732421875,0.25634765625,-0.67138671875,0.048828125,-1.4404296875,0.0244140625,-1.01318359375,0.01220703125,0.4150390625,-0.1220703125,0.2685546875,0.01220703125,-0.0244140625,-0.0732421875,-0.08544921875,0.146484375,0.1220703125,-0.28076171875,-0.30517578125,-0.09765625,0.48828125,0,-0.8544921875,0.03662109375,-1.28173828125
1,-0.45166015625,-0.48828125,0.1953125,0.13427734375,-0.06103515625,-0.37841796875,-0.0732421875,0.03662109375,0.20751953125,-0.08544921875,0.03662109375,-0.91552734375,-0.1953125,1.01318359375,-0.15869140625,-0.18310546875,-0.0732421875,-0.59814453125,0.23193359375,-0.2197265625,-0.23193359375,0.830078125,0.01220703125,-0.6103515625,0.28076171875,-0.15869140625,0.048828125,-0.74462890625,-0.29296875,0.96435546875,0.0244140625,0.15869140625,0.15869140625,-0.47607421875,0.0244140625,-0.9033203125,-0.5126953125,-0.64697265625,-0.03662109375,-0.7080078125,-0.1953125,-0.06103515625,0.28076171875,-0.57373046875,0.048828125,-0.47607421875,0.08544921875,0.64697265625,0.01220703125,5.6640625,0.03662109375,4.443359375,-0.45166015625,6.73828125,0.59814453125,4.38232421875,0.08544921875,0.79345703125,-0.01220703125,0.537109375,0.1220703125,0.72021484375,-0.30517578125,0.5615234375,0.01220703125,5.96923828125,0.0244140625,5.1025390625,-0.01220703125,4.150390625,-0.37841796875,9.02099609375,-0.390625,0.15869140625,-0.0732421875,0.8056640625,0.09765625,0.03662109375,-0.01220703125,1.26953125,0.03662109375,0,0.0732421875,0.7568359375,0.5126953125,-0.537109375,0.03662109375,0.09765625,-0.10986328125,-1.4892578125,0.03662109375,-0.2685546875,0.5126953125,-0.30517578125,0.0244140625,-1.33056640625,-0.1220703125,-0.7568359375,-0.01220703125,-0.67138671875,0.0732421875,-0.6591796875,-0.0732421875,-0.0732421875,0.23193359375,-0.67138671875,0.0732421875,-1.4404296875,-0.03662109375,-1.0009765625,0.048828125,0.439453125,-0.146484375,0.2685546875,0.03662109375,-0.0244140625,-0.0732421875,-0.0732421875,0.146484375,0.1220703125,-0.25634765625,-0.15869140625,-0.048828125,0.57373046875,0,-0.732421875,0.03662109375,-0.79345703125
0,-0.439453125,-0.3662109375,0.1953125,0.45166015625,-0.0244140625,-0.29296875,-0.0732421875,0.146484375,0.23193359375,-0.10986328125,0.03662109375,-0.91552734375,-0.18310546875,1.025390625,-0.1708984375,-0.1708984375,-0.01220703125,-0.59814453125,0.146484375,-0.1953125,-0.32958984375,0.86669921875,-0.0732421875,-0.59814453125,0.28076171875,-0.146484375,0,-0.72021484375,-0.3173828125,0.93994140625,-0.03662109375,0.15869140625,0.18310546875,-0.439453125,0.09765625,-0.9033203125,-0.537109375,-0.62255859375,-0.13427734375,-0.7568359375,-0.25634765625,-0.08544921875,0.29296875,-0.57373046875,0.03662109375,-0.4638671875,0.15869140625,0.64697265625,-0.01220703125,5.21240234375,0.0244140625,4.052734375,-0.50048828125,6.0546875,0.57373046875,4.0283203125,0.13427734375,0.76904296875,-0.048828125,0.54931640625,0.10986328125,0.67138671875,-0.35400390625,0.40283203125,0.03662109375,5.84716796875,-0.03662109375,4.9560546875,-0.1220703125,4.01611328125,-0.390625,8.740234375,-0.40283203125,0.30517578125,-0.09765625,0.9033203125,0.03662109375,0.13427734375,0.06103515625,1.40380859375,0,-0.0732421875,-0.01220703125,0.67138671875,0.537109375,-0.59814453125,0.01220703125,0,-0.13427734375,-1.513671875,-0.0244140625,-0.25634765625,0.62255859375,-0.3173828125,0.03662109375,-1.3427734375,-0.1220703125,-0.7568359375,0.01220703125,-0.6591796875,0.0732421875,-0.67138671875,-0.03662109375,-0.08544921875,0.244140625,-0.6591796875,0.0732421875,-1.42822265625,-0.0732421875,-0.98876953125,0.08544921875,0.42724609375,-0.146484375,0.2685546875,0.048828125,-0.03662109375,-0.0732421875,-0.06103515625,0.1220703125,0.09765625,-0.244140625,-0.0244140625,-0.09765625,0.68359375,-0.048828125,-0.59814453125,-0.0244140625,-0.32958984375
0,-0.439453125,-0.13427734375,0.048828125,0.98876953125,-0.01220703125,-0.09765625,-0.10986328125,0.32958984375,0.244140625,-0.1220703125,0.0244140625,-0.91552734375,-0.1708984375,1.03759765625,-0.1708984375,-0.18310546875,-0.0244140625,-0.59814453125,0.06103515625,-0.18310546875,-0.4150390625,0.86669921875,-0.1953125,-0.62255859375,0.28076171875,-0.13427734375,-0.0732421875,-0.72021484375,-0.3173828125,0.927734375,-0.03662109375,0.15869140625,0.244140625,-0.4150390625,0.25634765625,-0.927734375,-0.45166015625,-0.62255859375,-0.13427734375,-0.86669921875,-0.3173828125,-0.10986328125,0.25634765625,-0.5859375,0.06103515625,-0.47607421875,0.10986328125,0.67138671875,-0.01220703125,4.736328125,0.01220703125,3.5888671875,-0.5859375,5.28564453125,0.52490234375,3.60107421875,0.1220703125,0.76904296875,-0.0244140625,0.537109375,0.20751953125,0.634765625,-0.23193359375,0.28076171875,0.08544921875,5.55419921875,-0.06103515625,4.69970703125,-0.18310546875,3.759765625,-0.4150390625,8.203125,-0.37841796875,0.4638671875,-0.15869140625,1.0009765625,0.0244140625,0.23193359375,0.15869140625,1.5380859375,0.01220703125,-0.20751953125,-0.13427734375,0.52490234375,0.5615234375,-0.67138671875,0,-0.1220703125,-0.146484375,-1.513671875,-0.09765625,-0.25634765625,0.732421875,-0.3173828125,0.01220703125,-1.318359375,-0.10986328125,-0.74462890625,0.08544921875,-0.68359375,0.048828125,-0.64697265625,-0.01220703125,-0.09765625,0.2197265625,-0.68359375,0.03662109375,-1.4404296875,-0.1220703125,-1.0009765625,0.08544921875,0.42724609375,-0.1708984375,0.28076171875,0.0732421875,-0.03662109375,-0.08544921875,-0.08544921875,0.13427734375,0.10986328125,-0.23193359375,0.06103515625,-0.0732421875,0.78125,-0.06103515625,-0.50048828125,-0.08544921875,0.0244140625
0,-0.45166015625,0.15869140625,0.03662109375,1.708984375,-0.0244140625,0.1708984375,-0.1220703125,0.6103515625,0.25634765625,-0.146484375,0.048828125,-0.927734375,-0.18310546875,1.03759765625,-0.146484375,-0.1953125,-0.03662109375,-0.6103515625,-0.0244140625,-0.1953125,-0.5126953125,0.89111328125,-0.29296875,-0.6103515625,0.23193359375,-0.13427734375,-0.1708984375,-0.72021484375,-0.28076171875,0.927734375,-0.048828125,0.1708984375,0.2197265625,-0.4638671875,0.244140625,-0.96435546875,-0.4150390625,-0.68359375,-0.29296875,-0.98876953125,-0.390625,-0.10986328125,0.18310546875,-0.59814453125,0.13427734375,-0.48828125,0.01220703125,0.69580078125,0.01220703125,4.21142578125,-0.01220703125,3.11279296875,-0.6591796875,4.4677734375,0.5126953125,3.13720703125,0.09765625,0.732421875,0,0.54931640625,0.13427734375,0.54931640625,-0.15869140625,0.1708984375,0.0732421875,5.13916015625,-0.03662109375,4.35791015625,-0.1953125,3.4423828125,-0.4150390625,7.470703125,-0.29296875,0.67138671875,-0.10986328125,1.11083984375,0.01220703125,0.390625,0.3173828125,1.72119140625,0,-0.32958984375,-0.23193359375,0.341796875,0.537109375,-0.72021484375,-0.048828125,-0.2685546875,-0.146484375,-1.50146484375,-0.15869140625,-0.23193359375,0.7568359375,-0.3173828125,-0.01220703125,-1.30615234375,-0.10986328125,-0.74462890625,0.10986328125,-0.68359375,0.03662109375,-0.64697265625,0.0244140625,-0.09765625,0.20751953125,-0.72021484375,0.03662109375,-1.45263671875,-0.1220703125,-0.98876953125,0.0732421875,0.439453125,-0.15869140625,0.2685546875,0.06103515625,-0.06103515625,-0.0732421875,-0.0732421875,0.1220703125,0.10986328125,-0.20751953125,0.146484375,-0.0244140625,0.8544921875,-0.06103515625,-0.439453125,-0.03662109375,0.23193359375
0,-0.50048828125,0.54931640625,-0.08544921875,2.60009765625,-0.0244140625,0.52490234375,-0.10986328125,0.9765625,0.20751953125,-0.15869140625,0.048828125,-0.927734375,-0.15869140625,1.025390625,-0.13427734375,-0.1953125,-0.10986328125,-0.62255859375,-0.0732421875,-0.1708984375,-0.54931640625,0.91552734375,-0.341796875,-0.62255859375,0.1708984375,-0.1220703125,-0.2197265625,-0.7080078125,-0.2197265625,0.927734375,-0.0244140625,0.1708984375,0.1953125,-0.47607421875,0.1708984375,-1.01318359375,-0.40283203125,-0.7080078125,-0.42724609375,-1.11083984375,-0.37841796875,-0.13427734375,0.13427734375,-0.64697265625,0.20751953125,-0.47607421875,-0.0732421875,0.7080078125,-0.06103515625,3.72314453125,-0.01220703125,2.64892578125,-0.68359375,3.6865234375,0.45166015625,2.72216796875,0.048828125,0.74462890625,0.08544921875,0.54931640625,0.2197265625,0.48828125,-0.1953125,0.1220703125,0.08544921875,4.6142578125,-0.0244140625,3.955078125,-0.15869140625,3.06396484375,-0.45166015625,6.591796875,-0.20751953125,0.927734375,-0.048828125,1.1474609375,-0.03662109375,0.5615234375,0.341796875,1.91650390625,-0.01220703125,-0.45166015625,-0.29296875,0.1708984375,0.537109375,-0.732421875,-0.08544921875,-0.3662109375,-0.1220703125,-1.47705078125,-0.18310546875,-0.2197265625,0.72021484375,-0.3173828125,-0.01220703125,-1.2939453125,-0.0732421875,-0.74462890625,0.1220703125,-0.68359375,0.01220703125,-0.634765625,0.0244140625,-0.09765625,0.244140625,-0.7080078125,0,-1.4404296875,-0.146484375,-0.9765625,0.06103515625,0.4150390625,-0.146484375,0.2685546875,0.06103515625,-0.06103515625,-0.08544921875,-0.0732421875,0.1220703125,0.09765625,-0.23193359375,0.1708984375,-0.048828125,0.89111328125,-0.09765625,-0.4150390625,-0.10986328125,0.23193359375
0,-0.48828125,0.927734375,-0.01220703125,3.5400390625,-0.0244140625,0.91552734375,-0.09765625,1.3916015625,0.1953125,-0.15869140625,0.048828125,-0.927734375,-0.146484375,1.0009765625,-0.13427734375,-0.20751953125,-0.23193359375,-0.62255859375,-0.10986328125,-0.15869140625,-0.6103515625,0.9033203125,-0.3662109375,-0.62255859375,0.08544921875,-0.10986328125,-0.28076171875,-0.7080078125,-0.1708984375,0.93994140625,-0.01220703125,0.15869140625,0.30517578125,-0.4638671875,0.1708984375,-1.0009765625,-0.3173828125,-0.68359375,-0.40283203125,-1.15966796875,-0.32958984375,-0.1708984375,0.06103515625,-0.64697265625,0.341796875,-0.48828125,-0.1220703125,0.7568359375,-0.048828125,3.25927734375,0.03662109375,2.20947265625,-0.7080078125,2.978515625,0.390625,2.30712890625,0.0244140625,0.74462890625,0.1220703125,0.5615234375,0.2197265625,0.47607421875,-0.10986328125,0.1220703125,0.06103515625,4.052734375,-0.0244140625,3.515625,-0.09765625,2.63671875,-0.52490234375,5.65185546875,-0.1708984375,1.171875,-0.01220703125,1.25732421875,0,0.732421875,0.35400390625,2.1484375,0,-0.50048828125,-0.30517578125,0.09765625,0.5126953125,-0.5859375,-0.048828125,-0.37841796875,-0.09765625,-1.46484375,-0.1953125,-0.1953125,0.68359375,-0.3173828125,-0.03662109375,-1.28173828125,-0.048828125,-0.74462890625,0.1220703125,-0.7080078125,0.0244140625,-0.59814453125,0,-0.08544921875,0.2197265625,-0.72021484375,-0.01220703125,-1.42822265625,-0.146484375,-0.98876953125,0.048828125,0.40283203125,-0.13427734375,0.29296875,0.09765625,-0.0732421875,-0.08544921875,-0.0732421875,0.08544921875,0.1220703125,-0.20751953125,0.1708984375,-0.03662109375,0.91552734375,-0.09765625,-0.42724609375,-0.1220703125,0.03662109375
0,-0.48828125,1.30615234375,0.06103515625,4.47998046875,-0.01220703125,1.30615234375,-0.06103515625,1.84326171875,0.15869140625,-0.146484375,0.08544921875,-0.91552734375,-0.13427734375,1.01318359375,-0.10986328125,-0.1953125,-0.29296875,-0.6103515625,-0.15869140625,-0.15869140625,-0.6103515625,0.927734375,-0.3173828125,-0.62255859375,-0.0244140625,-0.09765625,-0.25634765625,-0.7080078125,-0.15869140625,0.91552734375,0.03662109375,0.15869140625,0.35400390625,-0.4150390625,0.01220703125,-0.96435546875,-0.3173828125,-0.634765625,-0.439453125,-1.1474609375,-0.28076171875,-0.18310546875,-0.0244140625,-0.67138671875,0.4638671875,-0.50048828125,0.0244140625,0.830078125,-0.08544921875,2.84423828125,0.03662109375,1.84326171875,-0.68359375,2.3681640625,0.32958984375,1.96533203125,-0.048828125,0.7568359375,0.146484375,0.537109375,0.1953125,0.47607421875,-0.18310546875,0.18310546875,0.0244140625,3.41796875,-0.03662109375,3.03955078125,-0.01220703125,2.2216796875,-0.62255859375,4.67529296875,-0.15869140625,1.4404296875,0.0732421875,1.35498046875,0.048828125,0.91552734375,0.30517578125,2.34375,-0.01220703125,-0.4150390625,-0.2685546875,0.23193359375,0.341796875,-0.29296875,-0.01220703125,-0.25634765625,-0.0732421875,-1.45263671875,-0.1708984375,-0.18310546875,0.54931640625,-0.32958984375,-0.03662109375,-1.28173828125,-0.0244140625,-0.72021484375,0.0732421875,-0.7080078125,0.06103515625,-0.5859375,-0.0732421875,-0.09765625,0.1708984375,-0.72021484375,0,-1.42822265625,-0.15869140625,-0.9765625,0.01220703125,0.4150390625,-0.1220703125,0.28076171875,0.08544921875,-0.08544921875,-0.08544921875,-0.06103515625,0.0732421875,0.146484375,-0.18310546875,0.1953125,0,0.9033203125,-0.0732421875,-0.4638671875,-0.06103515625,-0.2197265625
0,-0.4638671875,1.62353515625,0.03662109375,5.322265625,0,1.67236328125,-0.03662109375,2.24609375,0.146484375,-0.13427734375,0.09765625,-0.927734375,-0.1220703125,1.0009765625,-0.1220703125,-0.18310546875,-0.341796875,-0.6103515625,-0.146484375,-0.18310546875,-0.537109375,0.9033203125,-0.23193359375,-0.6103515625,-0.06103515625,-0.10986328125,-0.2685546875,-0.72021484375,-0.1708984375,0.91552734375,-0.01220703125,0.146484375,0.390625,-0.32958984375,-0.09765625,-0.86669921875,-0.28076171875,-0.537109375,-0.42724609375,-1.025390625,-0.25634765625,-0.244140625,-0.08544921875,-0.68359375,0.54931640625,-0.50048828125,-0.01220703125,0.91552734375,-0.0732421875,2.45361328125,0.10986328125,1.50146484375,-0.68359375,1.81884765625,0.25634765625,1.67236328125,-0.10986328125,0.76904296875,0.15869140625,0.52490234375,0.2197265625,0.48828125,-0.146484375,0.2685546875,-0.0244140625,2.79541015625,-0.06103515625,2.63671875,0.0732421875,1.81884765625,-0.72021484375,3.759765625,-0.18310546875,1.6357421875,0.15869140625,1.50146484375,0.10986328125,1.07421875,0.2685546875,2.5146484375,-0.03662109375,-0.1220703125,-0.25634765625,0.57373046875,0.23193359375,0.20751953125,-0.01220703125,0.048828125,-0.10986328125,-1.46484375,-0.146484375,-0.1708984375,0.45166015625,-0.3173828125,-0.03662109375,-1.26953125,0,-0.732421875,0.0244140625,-0.72021484375,0.06103515625,-0.59814453125,-0.13427734375,-0.0732421875,0.09765625,-0.72021484375,-0.0244140625,-1.4404296875,-0.18310546875,-0.96435546875,0,0.40283203125,-0.10986328125,0.29296875,0.08544921875,-0.0732421875,-0.0732421875,-0.0732421875,0.048828125,0.146484375,-0.1708984375,0.18310546875,-0.048828125,0.9033203125,-0.09765625,-0.47607421875,-0.10986328125,-0.5126953125
0,-0.5126953125,1.86767578125,0.03662109375,5.99365234375,0,1.953125,-0.048828125,2.5390625,0.1220703125,-0.1220703125,0.1220703125,-0.93994140625,-0.1220703125,0.98876953125,-0.1220703125,-0.20751953125,-0.3662109375,-0.634765625,-0.1220703125,-0.2197265625,-0.45166015625,0.89111328125,-0.18310546875,-0.59814453125,-0.06103515625,-0.09765625,-0.20751953125,-0.74462890625,-0.20751953125,0.927734375,-0.06103515625,0.13427734375,0.47607421875,-0.1220703125,-0.1220703125,-0.732421875,-0.244140625,-0.40283203125,-0.341796875,-0.8544921875,-0.25634765625,-0.2685546875,-0.1220703125,-0.6591796875,0.6103515625,-0.48828125,0.0244140625,1.03759765625,-0.0732421875,2.1240234375,0.18310546875,1.220703125,-0.634765625,1.3916015625,0.15869140625,1.4404296875,-0.146484375,0.78125,0.146484375,0.52490234375,0.1708984375,0.537109375,-0.10986328125,0.390625,-0.048828125,2.197265625,-0.0732421875,2.24609375,0.1708984375,1.4404296875,-0.74462890625,2.91748046875,-0.29296875,1.7822265625,0.28076171875,1.59912109375,0.146484375,1.171875,0.20751953125,2.64892578125,-0.03662109375,0.37841796875,-0.23193359375,1.1474609375,0.146484375,0.91552734375,0.048828125,0.5126953125,-0.09765625,-1.46484375,-0.10986328125,-0.1953125,0.32958984375,-0.32958984375,-0.03662109375,-1.25732421875,-0.0244140625,-0.7080078125,0.01220703125,-0.7080078125,0.06103515625,-0.59814453125,-0.20751953125,-0.08544921875,0,-0.732421875,-0.0244140625,-1.45263671875,-0.15869140625,-0.9521484375,-0.03662109375,0.390625,-0.09765625,0.29296875,0.0732421875,-0.08544921875,-0.08544921875,-0.06103515625,0.01220703125,0.146484375,-0.18310546875,0.146484375,-0.06103515625,0.8544921875,-0.09765625,-0.52490234375,-0.09765625,-0.76904296875
0,-0.5615234375,2.03857421875,-0.06103515625,6.494140625,0,2.16064453125,-0.0732421875,2.783203125,0.1220703125,-0.09765625,0.1220703125,-0.927734375,-0.13427734375,1.0009765625,-0.13427734375,-0.18310546875,-0.35400390625,-0.62255859375,-0.08544921875,-0.20751953125,-0.3173828125,0.9033203125,-0.06103515625,-0.59814453125,-0.048828125,-0.08544921875,-0.13427734375,-0.74462890625,-0.2685546875,0.9521484375,-0.146484375,0.146484375,0.4638671875,0.1220703125,-0.244140625,-0.5615234375,-0.29296875,-0.2197265625,-0.37841796875,-0.62255859375,-0.28076171875,-0.29296875,-0.1220703125,-0.67138671875,0.62255859375,-0.48828125,-0.06103515625,1.1474609375,-0.08544921875,1.806640625,0.244140625,0.96435546875,-0.62255859375,0.9765625,0.10986328125,1.20849609375,-0.20751953125,0.79345703125,0.1708984375,0.537109375,0.146484375,0.59814453125,-0.08544921875,0.48828125,-0.03662109375,1.66015625,-0.146484375,1.91650390625,0.244140625,1.08642578125,-0.74462890625,2.18505859375,-0.3662109375,1.84326171875,0.341796875,1.6845703125,0.1708984375,1.23291015625,0.1220703125,2.7099609375,0.03662109375,1.06201171875,-0.18310546875,1.94091796875,-0.01220703125,1.77001953125,0.048828125,1.11083984375,-0.08544921875,-1.47705078125,-0.09765625,-0.1953125,0.1953125,-0.30517578125,-0.048828125,-1.26953125,-0.048828125,-0.732421875,0,-0.69580078125,0.048828125,-0.59814453125,-0.25634765625,-0.08544921875,-0.09765625,-0.7080078125,-0.08544921875,-1.4404296875,-0.13427734375,-0.9765625,-0.06103515625,0.40283203125,-0.0732421875,0.30517578125,0.06103515625,-0.09765625,-0.0732421875,-0.048828125,0,0.13427734375,-0.15869140625,0.146484375,-0.06103515625,0.86669921875,-0.08544921875,-0.5126953125,-0.10986328125,-0.89111328125
0,-0.537109375,2.0751953125,0,6.7626953125,0.0244140625,2.294921875,-0.08544921875,2.9052734375,0.10986328125,-0.09765625,0.09765625,-0.93994140625,-0.13427734375,0.9765625,-0.15869140625,-0.1708984375,-0.29296875,-0.62255859375,0.01220703125,-0.2197265625,-0.20751953125,0.86669921875,0.048828125,-0.6103515625,0.01220703125,-0.09765625,-0.06103515625,-0.74462890625,-0.30517578125,0.96435546875,-0.15869140625,0.146484375,0.439453125,0.35400390625,-0.3173828125,-0.37841796875,-0.28076171875,-0.03662109375,-0.3662109375,-0.390625,-0.3173828125,-0.30517578125,-0.0732421875,-0.67138671875,0.6103515625,-0.50048828125,0.01220703125,1.26953125,-0.15869140625,1.5380859375,0.3173828125,0.7080078125,-0.59814453125,0.59814453125,-0.03662109375,1.01318359375,-0.2197265625,0.79345703125,0.13427734375,0.5126953125,0.10986328125,0.64697265625,0.06103515625,0.5615234375,-0.0244140625,1.1962890625,-0.18310546875,1.62353515625,0.25634765625,0.8056640625,-0.69580078125,1.59912109375,-0.439453125,1.8310546875,0.35400390625,1.69677734375,0.1220703125,1.23291015625,0.048828125,2.67333984375,0,1.86767578125,-0.18310546875,2.8564453125,-0.06103515625,2.8076171875,-0.048828125,1.8310546875,-0.10986328125,-1.50146484375,-0.08544921875,-0.20751953125,0.06103515625,-0.3173828125,-0.10986328125,-1.26953125,-0.048828125,-0.732421875,0.0244140625,-0.69580078125,0.01220703125,-0.634765625,-0.25634765625,-0.0732421875,-0.10986328125,-0.69580078125,-0.146484375,-1.42822265625,-0.09765625,-0.9765625,-0.06103515625,0.390625,-0.048828125,0.29296875,0.03662109375,-0.08544921875,-0.08544921875,-0.01220703125,-0.03662109375,0.09765625,-0.15869140625,0.1953125,-0.048828125,0.89111328125,-0.0732421875,-0.48828125,-0.10986328125,-0.89111328125
0,-0.5615234375,2.08740234375,0.03662109375,6.8359375,0.03662109375,2.30712890625,-0.08544921875,2.94189453125,0.10986328125,-0.09765625,0.08544921875,-0.927734375,-0.1220703125,0.98876953125,-0.1708984375,-0.18310546875,-0.244140625,-0.6103515625,0.09765625,-0.20751953125,-0.03662109375,0.86669921875,0.146484375,-0.6103515625,0.048828125,-0.10986328125,0.06103515625,-0.732421875,-0.32958984375,0.9521484375,-0.15869140625,0.146484375,0.40283203125,0.57373046875,-0.37841796875,-0.23193359375,-0.29296875,0.10986328125,-0.30517578125,-0.20751953125,-0.37841796875,-0.29296875,-0.08544921875,-0.6591796875,0.54931640625,-0.47607421875,0.048828125,1.33056640625,-0.2197265625,1.28173828125,0.35400390625,0.439453125,-0.54931640625,0.244140625,-0.09765625,0.830078125,-0.18310546875,0.8056640625,0.09765625,0.52490234375,0.0244140625,0.69580078125,0.1220703125,0.5859375,-0.0244140625,0.8056640625,-0.23193359375,1.3916015625,0.20751953125,0.54931640625,-0.6591796875,1.123046875,-0.47607421875,1.74560546875,0.35400390625,1.67236328125,0.01220703125,1.15966796875,0.0244140625,2.5634765625,0,2.72216796875,-0.1220703125,3.86962890625,-0.048828125,3.84521484375,-0.08544921875,2.55126953125,-0.146484375,-1.50146484375,-0.10986328125,-0.2197265625,-0.06103515625,-0.29296875,-0.18310546875,-1.26953125,-0.09765625,-0.74462890625,0.0244140625,-0.68359375,0.01220703125,-0.67138671875,-0.25634765625,-0.08544921875,-0.09765625,-0.67138671875,-0.244140625,-1.416015625,-0.0732421875,-0.9765625,-0.01220703125,0.40283203125,-0.048828125,0.29296875,0.01220703125,-0.0732421875,-0.08544921875,-0.01220703125,-0.048828125,0.09765625,-0.146484375,0.23193359375,-0.06103515625,0.9033203125,-0.10986328125,-0.45166015625,-0.09765625,-0.72021484375
0,-0.54931640625,1.98974609375,-0.08544921875,6.72607421875,0.01220703125,2.25830078125,-0.0732421875,2.89306640625,0.0732421875,-0.10986328125,0.0732421875,-0.9521484375,-0.10986328125,0.9765625,-0.1708984375,-0.18310546875,-0.146484375,-0.59814453125,0.1953125,-0.2197265625,0.1220703125,0.87890625,0.244140625,-0.59814453125,0.1220703125,-0.13427734375,0.10986328125,-0.7568359375,-0.30517578125,0.93994140625,-0.13427734375,0.15869140625,0.3662109375,0.72021484375,-0.439453125,-0.13427734375,-0.28076171875,0.244140625,-0.2685546875,-0.0732421875,-0.35400390625,-0.23193359375,-0.06103515625,-0.64697265625,0.4638671875,-0.47607421875,0.13427734375,1.3671875,-0.23193359375,1.06201171875,0.35400390625,0.1953125,-0.537109375,-0.09765625,-0.10986328125,0.64697265625,-0.10986328125,0.8056640625,0.03662109375,0.54931640625,0.0244140625,0.72021484375,0.09765625,0.5859375,0.01220703125,0.48828125,-0.1953125,1.23291015625,0.1708984375,0.3662109375,-0.6591796875,0.72021484375,-0.40283203125,1.5625,0.37841796875,1.59912109375,-0.0732421875,1.0009765625,0.0732421875,2.40478515625,0.03662109375,3.515625,-0.06103515625,4.79736328125,-0.06103515625,4.84619140625,-0.146484375,3.22265625,-0.146484375,-1.50146484375,-0.09765625,-0.20751953125,-0.15869140625,-0.30517578125,-0.23193359375,-1.26953125,-0.146484375,-0.72021484375,0.03662109375,-0.6591796875,0,-0.6591796875,-0.244140625,-0.08544921875,-0.0732421875,-0.67138671875,-0.3173828125,-1.4404296875,-0.0732421875,-0.98876953125,0.06103515625,0.37841796875,-0.0732421875,0.29296875,0,-0.0732421875,-0.0732421875,0,-0.06103515625,0.08544921875,-0.146484375,0.28076171875,-0.06103515625,0.9521484375,-0.09765625,-0.390625,-0.06103515625,-0.4638671875
0,-0.5615234375,1.85546875,-0.1708984375,6.48193359375,0.03662109375,2.1484375,-0.09765625,2.79541015625,0.0732421875,-0.1220703125,0.06103515625,-0.93994140625,-0.09765625,0.9765625,-0.20751953125,-0.1708984375,-0.08544921875,-0.59814453125,0.25634765625,-0.20751953125,0.2685546875,0.8544921875,0.30517578125,-0.5859375,0.1708984375,-0.1220703125,0.13427734375,-0.74462890625,-0.25634765625,0.93994140625,-0.10986328125,0.146484375,0.30517578125,0.8056640625,-0.5126953125,-0.09765625,-0.32958984375,0.29296875,-0.2197265625,-0.03662109375,-0.2685546875,-0.1708984375,-0.03662109375,-0.62255859375,0.35400390625,-0.4638671875,0.0732421875,1.3671875,-0.18310546875,0.830078125,0.32958984375,-0.01220703125,-0.48828125,-0.42724609375,-0.1953125,0.48828125,-0.03662109375,0.81787109375,-0.0244140625,0.54931640625,-0.03662109375,0.74462890625,0.13427734375,0.54931640625,0.06103515625,0.18310546875,-0.09765625,1.06201171875,0.1708984375,0.1953125,-0.52490234375,0.40283203125,-0.390625,1.33056640625,0.37841796875,1.3916015625,-0.23193359375,0.830078125,0.08544921875,2.18505859375,0,4.21142578125,-0.03662109375,5.5908203125,-0.1708984375,5.72509765625,-0.20751953125,3.759765625,-0.15869140625,-1.50146484375,-0.146484375,-0.2197265625,-0.29296875,-0.28076171875,-0.244140625,-1.28173828125,-0.18310546875,-0.732421875,0.048828125,-0.6591796875,0,-0.67138671875,-0.20751953125,-0.06103515625,-0.0244140625,-0.68359375,-0.3662109375,-1.42822265625,-0.09765625,-1.0009765625,0.10986328125,0.40283203125,-0.06103515625,0.28076171875,-0.01220703125,-0.09765625,-0.08544921875,-0.01220703125,-0.09765625,0.08544921875,-0.15869140625,0.3173828125,-0.048828125,1.01318359375,-0.09765625,-0.3662109375,-0.0732421875,-0.23193359375
1,-0.5126953125,1.7333984375,-0.20751953125,6.16455078125,0.0244140625,2.001953125,-0.1220703125,2.67333984375,0.06103515625,-0.146484375,0.06103515625,-0.93994140625,-0.10986328125,1.0009765625,-0.1953125,-0.146484375,-0.048828125,-0.5859375,0.35400390625,-0.18310546875,0.390625,0.87890625,0.29296875,-0.59814453125,0.244140625,-0.10986328125,0.1953125,-0.732421875,-0.2197265625,0.93994140625,-0.03662109375,0.15869140625,0.29296875,0.81787109375,-0.47607421875,-0.13427734375,-0.35400390625,0.30517578125,-0.244140625,-0.09765625,-0.18310546875,-0.09765625,0,-0.62255859375,0.28076171875,-0.4638671875,0.10986328125,1.30615234375,-0.1220703125,0.64697265625,0.28076171875,-0.18310546875,-0.50048828125,-0.69580078125,-0.23193359375,0.32958984375,0.0244140625,0.79345703125,-0.0732421875,0.5615234375,-0.0732421875,0.7568359375,0.0732421875,0.4638671875,0.08544921875,-0.03662109375,-0.0244140625,0.9033203125,0.15869140625,0.048828125,-0.45166015625,0.146484375,-0.28076171875,1.11083984375,0.3662109375,1.220703125,-0.3173828125,0.64697265625,0.1220703125,2.001953125,0.048828125,4.7119140625,0.06103515625,6.1279296875,-0.20751953125,6.3720703125,-0.15869140625,4.1259765625,-0.1708984375,-1.4892578125,-0.20751953125,-0.25634765625,-0.37841796875,-0.29296875,-0.23193359375,-1.28173828125,-0.23193359375,-0.732421875,0.048828125,-0.67138671875,0.01220703125,-0.67138671875,-0.1953125,-0.0732421875,-0.048828125,-0.67138671875,-0.42724609375,-1.42822265625,-0.08544921875,-0.98876953125,0.146484375,0.4150390625,-0.048828125,0.28076171875,-0.0244140625,-0.09765625,-0.0732421875,-0.01220703125,-0.13427734375,0.08544921875,-0.13427734375,0.32958984375,-0.0732421875,1.025390625,-0.10986328125,-0.3662109375,-0.06103515625,-0.03662109375
1,-0.5126953125,1.62353515625,-0.244140625,5.77392578125,0,1.85546875,-0.13427734375,2.50244140625,0.03662109375,-0.15869140625,0.08544921875,-0.93994140625,-0.09765625,1.01318359375,-0.15869140625,-0.15869140625,-0.0244140625,-0.54931640625,0.35400390625,-0.15869140625,0.439453125,0.89111328125,0.25634765625,-0.6103515625,0.28076171875,-0.10986328125,0.1953125,-0.72021484375,-0.15869140625,0.9521484375,0.0244140625,0.146484375,0.28076171875,0.7568359375,-0.54931640625,-0.20751953125,-0.37841796875,0.244140625,-0.30517578125,-0.20751953125,-0.0732421875,-0.03662109375,0.0732421875,-0.59814453125,0.23193359375,-0.4638671875,0.1220703125,1.23291015625,-0.03662109375,0.5126953125,0.244140625,-0.3173828125,-0.45166015625,-0.9033203125,-0.1708984375,0.23193359375,0.01220703125,0.78125,-0.0732421875,0.57373046875,-0.03662109375,0.7568359375,0.048828125,0.37841796875,0.08544921875,-0.244140625,0.03662109375,0.78125,0.18310546875,-0.0732421875,-0.3662109375,-0.08544921875,-0.1708984375,0.91552734375,0.28076171875,1.025390625,-0.341796875,0.48828125,0.20751953125,1.84326171875,0.01220703125,4.91943359375,0.1220703125,6.35986328125,-0.2685546875,6.73828125,-0.1708984375,4.28466796875,-0.146484375,-1.4892578125,-0.2197265625,-0.244140625,-0.47607421875,-0.28076171875,-0.146484375,-1.26953125,-0.20751953125,-0.72021484375,0.0244140625,-0.69580078125,0,-0.67138671875,-0.18310546875,-0.08544921875,-0.0732421875,-0.67138671875,-0.42724609375,-1.42822265625,-0.08544921875,-0.98876953125,0.146484375,0.4150390625,-0.03662109375,0.28076171875,-0.08544921875,-0.10986328125,-0.0732421875,-0.01220703125,-0.1220703125,0.0732421875,-0.146484375,0.35400390625,-0.0732421875,1.025390625,-0.1220703125,-0.390625,-0.03662109375,0.048828125
1,-0.48828125,1.4892578125,-0.25634765625,5.3466796875,0,1.708984375,-0.15869140625,2.33154296875,0.0244140625,-0.15869140625,0.06103515625,-0.927734375,-0.09765625,1.01318359375,-0.1708984375,-0.1708984375,-0.03662109375,-0.57373046875,0.35400390625,-0.13427734375,0.439453125,0.9033203125,0.1708984375,-0.5859375,0.2685546875,-0.10986328125,0.18310546875,-0.74462890625,-0.1220703125,0.9521484375,0.03662109375,0.15869140625,0.29296875,0.6591796875,-0.537109375,-0.30517578125,-0.42724609375,0.1708984375,-0.30517578125,-0.3662109375,0.0244140625,0.0244140625,0.0732421875,-0.5859375,0.13427734375,-0.45166015625,0.048828125,1.0986328125,0.06103515625,0.45166015625,0.2197265625,-0.3662109375,-0.37841796875,-0.9765625,-0.146484375,0.18310546875,-0.01220703125,0.8056640625,-0.06103515625,0.57373046875,-0.03662109375,0.74462890625,0.08544921875,0.32958984375,0.0244140625,-0.3662109375,0.10986328125,0.69580078125,0.18310546875,-0.18310546875,-0.341796875,-0.30517578125,-0.08544921875,0.7568359375,0.25634765625,0.86669921875,-0.35400390625,0.3662109375,0.25634765625,1.72119140625,-0.01220703125,4.89501953125,0.18310546875,6.3232421875,-0.20751953125,6.8115234375,-0.1220703125,4.248046875,-0.1708984375,-1.47705078125,-0.2685546875,-0.25634765625,-0.5615234375,-0.29296875,-0.0732421875,-1.28173828125,-0.20751953125,-0.7080078125,-0.01220703125,-0.69580078125,-0.06103515625,-0.6591796875,-0.146484375,-0.08544921875,-0.09765625,-0.68359375,-0.45166015625,-1.42822265625,-0.13427734375,-0.96435546875,0.1708984375,0.42724609375,-0.0244140625,0.28076171875,-0.13427734375,-0.08544921875,-0.06103515625,0,-0.1220703125,0.09765625,-0.13427734375,0.3173828125,-0.08544921875,1.01318359375,-0.146484375,-0.439453125,0.06103515625,0.01220703125
1,-0.48828125,1.3916015625,-0.20751953125,4.9560546875,0.03662109375,1.55029296875,-0.13427734375,2.1484375,0.01220703125,-0.1708984375,0.08544921875,-0.91552734375,-0.0732421875,1.025390625,-0.1708984375,-0.1953125,-0.06103515625,-0.57373046875,0.35400390625,-0.13427734375,0.439453125,0.9033203125,0.06103515625,-0.5859375,0.23193359375,-0.09765625,0.13427734375,-0.72021484375,-0.0732421875,0.93994140625,0.06103515625,0.15869140625,0.3173828125,0.5126953125,-0.59814453125,-0.42724609375,-0.4150390625,0.06103515625,-0.28076171875,-0.5126953125,0.06103515625,0.09765625,0.08544921875,-0.62255859375,0.0732421875,-0.4638671875,0.0244140625,0.98876953125,0.13427734375,0.42724609375,0.18310546875,-0.341796875,-0.390625,-1.0009765625,-0.048828125,0.20751953125,-0.01220703125,0.79345703125,-0.0732421875,0.5615234375,0.01220703125,0.732421875,-0.06103515625,0.25634765625,-0.06103515625,-0.48828125,0.18310546875,0.59814453125,0.2197265625,-0.25634765625,-0.3173828125,-0.5126953125,-0.15869140625,0.68359375,0.08544921875,0.8056640625,-0.37841796875,0.30517578125,0.1708984375,1.6357421875,-0.01220703125,4.638671875,0.1953125,6.01806640625,-0.2685546875,6.60400390625,-0.06103515625,4.00390625,-0.13427734375,-1.45263671875,-0.28076171875,-0.23193359375,-0.62255859375,-0.29296875,0,-1.318359375,-0.1708984375,-0.7080078125,-0.048828125,-0.7080078125,-0.10986328125,-0.67138671875,-0.10986328125,-0.10986328125,-0.18310546875,-0.72021484375,-0.390625,-1.416015625,-0.146484375,-0.96435546875,0.1953125,0.439453125,0.0244140625,0.29296875,-0.146484375,-0.0732421875,-0.09765625,-0.01220703125,-0.13427734375,0.09765625,-0.146484375,0.2685546875,-0.09765625,0.96435546875,-0.18310546875,-0.48828125,0.048828125,-0.146484375
1,-0.439453125,1.2939453125,-0.28076171875,4.6142578125,0.06103515625,1.42822265625,-0.1220703125,1.9775390625,0.01220703125,-0.13427734375,0.09765625,-0.927734375,-0.0244140625,1.03759765625,-0.15869140625,-0.1953125,-0.08544921875,-0.57373046875,0.30517578125,-0.1708984375,0.28076171875,0.9033203125,-0.01220703125,-0.62255859375,0.1708984375,-0.08544921875,0.0732421875,-0.74462890625,-0.03662109375,0.93994140625,0.048828125,0.146484375,0.30517578125,0.40283203125,-0.68359375,-0.50048828125,-0.47607421875,-0.048828125,-0.3173828125,-0.6103515625,0.08544921875,0.13427734375,0.10986328125,-0.6103515625,0.048828125,-0.48828125,-0.0244140625,0.8544921875,0.20751953125,0.50048828125,0.15869140625,-0.25634765625,-0.35400390625,-0.93994140625,-0.06103515625,0.244140625,-0.048828125,0.81787109375,-0.048828125,0.5615234375,0.01220703125,0.732421875,-0.1220703125,0.23193359375,-0.13427734375,-0.54931640625,0.1953125,0.54931640625,0.28076171875,-0.30517578125,-0.341796875,-0.67138671875,-0.08544921875,0.64697265625,0.01220703125,0.7568359375,-0.25634765625,0.2685546875,0.1953125,1.62353515625,-0.03662109375,4.2236328125,0.18310546875,5.55419921875,-0.30517578125,6.16455078125,-0.0244140625,3.662109375,-0.15869140625,-1.42822265625,-0.28076171875,-0.23193359375,-0.64697265625,-0.30517578125,0,-1.318359375,-0.1220703125,-0.7080078125,-0.09765625,-0.72021484375,-0.1708984375,-0.64697265625,-0.08544921875,-0.10986328125,-0.1953125,-0.732421875,-0.32958984375,-1.42822265625,-0.23193359375,-0.96435546875,0.1953125,0.439453125,0.03662109375,0.3173828125,-0.15869140625,-0.0732421875,-0.08544921875,-0.03662109375,-0.13427734375,0.1220703125,-0.09765625,0.1953125,-0.0732421875,0.927734375,-0.18310546875,-0.57373046875,0.03662109375,-0.3662109375
1,-0.48828125,1.1962890625,-0.28076171875,4.296875,0.0732421875,1.30615234375,-0.13427734375,1.86767578125,0,-0.08544921875,0.09765625,-0.93994140625,-0.0244140625,1.03759765625,-0.1220703125,-0.18310546875,-0.10986328125,-0.59814453125,0.20751953125,-0.1708984375,0.18310546875,0.89111328125,-0.03662109375,-0.6103515625,0.0732421875,-0.08544921875,0.01220703125,-0.7568359375,0.048828125,0.96435546875,0.03662109375,0.146484375,0.23193359375,0.30517578125,-0.68359375,-0.54931640625,-0.54931640625,-0.1220703125,-0.341796875,-0.64697265625,0.03662109375,0.20751953125,0.08544921875,-0.62255859375,0.03662109375,-0.50048828125,0,0.74462890625,0.244140625,0.634765625,0.146484375,-0.1220703125,-0.30517578125,-0.78125,-0.08544921875,0.35400390625,-0.10986328125,0.81787109375,-0.0732421875,0.54931640625,0.048828125,0.732421875,-0.20751953125,0.2197265625,-0.15869140625,-0.5859375,0.1708984375,0.5126953125,0.35400390625,-0.30517578125,-0.341796875,-0.76904296875,0.048828125,0.59814453125,0.06103515625,0.78125,-0.13427734375,0.2685546875,0.1220703125,1.64794921875,-0.048828125,3.72314453125,0.146484375,5.01708984375,-0.29296875,5.6396484375,0.0244140625,3.28369140625,-0.1220703125,-1.42822265625,-0.2197265625,-0.20751953125,-0.634765625,-0.32958984375,-0.03662109375,-1.318359375,-0.09765625,-0.7080078125,-0.15869140625,-0.7080078125,-0.20751953125,-0.64697265625,-0.0732421875,-0.09765625,-0.18310546875,-0.72021484375,-0.25634765625,-1.4404296875,-0.29296875,-0.9765625,0.1708984375,0.4150390625,0.0244140625,0.341796875,-0.18310546875,-0.048828125,-0.08544921875,-0.0244140625,-0.13427734375,0.1220703125,-0.09765625,0.10986328125,-0.08544921875,0.87890625,-0.2197265625,-0.6103515625,0,-0.67138671875
1,-0.4638671875,1.08642578125,-0.30517578125,4.0771484375,0.08544921875,1.20849609375,-0.146484375,1.77001953125,0,-0.06103515625,0.10986328125,-0.93994140625,0,1.025390625,-0.10986328125,-0.18310546875,-0.146484375,-0.59814453125,0.15869140625,-0.1953125,0.03662109375,0.89111328125,0,-0.62255859375,-0.0244140625,-0.09765625,-0.03662109375,-0.732421875,0.1708984375,0.9521484375,0,0.15869140625,0.1953125,0.25634765625,-0.67138671875,-0.5615234375,-0.537109375,-0.146484375,-0.37841796875,-0.634765625,-0.0732421875,0.25634765625,0.08544921875,-0.6591796875,0.048828125,-0.48828125,0.06103515625,0.69580078125,0.28076171875,0.79345703125,0.1220703125,0.03662109375,-0.28076171875,-0.5859375,-0.0244140625,0.4638671875,-0.18310546875,0.81787109375,-0.08544921875,0.537109375,0.10986328125,0.74462890625,-0.29296875,0.23193359375,-0.10986328125,-0.5615234375,0.146484375,0.52490234375,0.37841796875,-0.28076171875,-0.3173828125,-0.78125,-0.048828125,0.5859375,-0.048828125,0.8544921875,-0.06103515625,0.28076171875,-0.0244140625,1.66015625,-0.0244140625,3.25927734375,0.10986328125,4.4921875,-0.25634765625,5.0537109375,0.06103515625,2.89306640625,-0.09765625,-1.42822265625,-0.1708984375,-0.2197265625,-0.537109375,-0.3173828125,-0.09765625,-1.3427734375,-0.09765625,-0.7080078125,-0.1708984375,-0.72021484375,-0.20751953125,-0.634765625,-0.08544921875,-0.10986328125,-0.146484375,-0.72021484375,-0.15869140625,-1.42822265625,-0.32958984375,-0.9765625,0.15869140625,0.40283203125,0.0244140625,0.341796875,-0.1708984375,-0.048828125,-0.08544921875,-0.0244140625,-0.1708984375,0.13427734375,-0.13427734375,0.06103515625,-0.13427734375,0.830078125,-0.244140625,-0.62255859375,-0.06103515625,-0.87890625
1,-0.45166015625,0.98876953125,-0.25634765625,3.857421875,0.1220703125,1.123046875,-0.146484375,1.67236328125,0.01220703125,-0.048828125,0.08544921875,-0.927734375,0.0244140625,1.025390625,-0.10986328125,-0.15869140625,-0.18310546875,-0.6103515625,0.10986328125,-0.1953125,-0.10986328125,0.89111328125,0.048828125,-0.62255859375,-0.0732421875,-0.08544921875,-0.06103515625,-0.74462890625,0.3173828125,0.9521484375,-0.06103515625,0.15869140625,0.09765625,0.2685546875,-0.634765625,-0.54931640625,-0.52490234375,-0.15869140625,-0.4150390625,-0.5615234375,-0.1708984375,0.29296875,0.0732421875,-0.68359375,0.06103515625,-0.50048828125,0.146484375,0.62255859375,0.28076171875,0.9521484375,0.08544921875,0.1708984375,-0.23193359375,-0.3662109375,0.01220703125,0.59814453125,-0.23193359375,0.8056640625,-0.048828125,0.54931640625,0.0732421875,0.732421875,-0.244140625,0.28076171875,-0.09765625,-0.50048828125,0.09765625,0.57373046875,0.390625,-0.244140625,-0.40283203125,-0.72021484375,0.03662109375,0.5859375,0.0732421875,0.87890625,0.09765625,0.29296875,-0.048828125,1.67236328125,0,2.89306640625,0.0244140625,4.06494140625,-0.1708984375,4.5166015625,0.08544921875,2.60009765625,-0.048828125,-1.42822265625,-0.10986328125,-0.20751953125,-0.45166015625,-0.32958984375,-0.15869140625,-1.33056640625,-0.1220703125,-0.69580078125,-0.18310546875,-0.7080078125,-0.1953125,-0.64697265625,-0.09765625,-0.1220703125,-0.03662109375,-0.68359375,-0.08544921875,-1.42822265625,-0.35400390625,-0.9765625,0.146484375,0.40283203125,-0.0244140625,0.35400390625,-0.18310546875,-0.06103515625,-0.08544921875,-0.0244140625,-0.1708984375,0.13427734375,-0.10986328125,0.06103515625,-0.08544921875,0.81787109375,-0.20751953125,-0.62255859375,-0.048828125,-0.98876953125
1,-0.48828125,0.89111328125,-0.30517578125,3.67431640625,0.146484375,1.01318359375,-0.15869140625,1.57470703125,0,-0.03662109375,0.0732421875,-0.93994140625,0.01220703125,1.025390625,-0.09765625,-0.146484375,-0.1953125,-0.64697265625,0.09765625,-0.2197265625,-0.1953125,0.89111328125,0.08544921875,-0.62255859375,-0.0732421875,-0.10986328125,-0.0732421875,-0.732421875,0.42724609375,0.93994140625,-0.10986328125,0.146484375,0,0.30517578125,-0.57373046875,-0.5126953125,-0.52490234375,-0.15869140625,-0.54931640625,-0.48828125,-0.25634765625,0.3173828125,0.048828125,-0.69580078125,0.09765625,-0.50048828125,0.146484375,0.59814453125,0.244140625,1.11083984375,0.09765625,0.29296875,-0.15869140625,-0.23193359375,0.08544921875,0.7080078125,-0.28076171875,0.79345703125,-0.08544921875,0.537109375,0.1953125,0.72021484375,-0.32958984375,0.2685546875,0.01220703125,-0.390625,0.09765625,0.6591796875,0.439453125,-0.18310546875,-0.32958984375,-0.5615234375,-0.01220703125,0.5859375,0.08544921875,0.98876953125,0.13427734375,0.29296875,-0.146484375,1.67236328125,0.03662109375,2.6611328125,-0.0244140625,3.80859375,0.01220703125,4.08935546875,0.0732421875,2.40478515625,-0.01220703125,-1.4404296875,-0.0732421875,-0.1953125,-0.29296875,-0.32958984375,-0.1953125,-1.33056640625,-0.146484375,-0.7080078125,-0.1708984375,-0.7080078125,-0.2197265625,-0.6591796875,-0.13427734375,-0.09765625,0.048828125,-0.7080078125,0.0244140625,-1.45263671875,-0.341796875,-0.9765625,0.146484375,0.390625,-0.03662109375,0.3173828125,-0.1953125,-0.048828125,-0.09765625,-0.01220703125,-0.1708984375,0.13427734375,-0.09765625,0.048828125,-0.10986328125,0.8056640625,-0.23193359375,-0.6103515625,-0.0732421875,-0.98876953125
1,-0.4638671875,0.7568359375,-0.2197265625,3.47900390625,0.10986328125,0.93994140625,-0.146484375,1.4404296875,-0.01220703125,-0.048828125,0.0732421875,-0.93994140625,0,1.0498046875,-0.10986328125,-0.146484375,-0.20751953125,-0.634765625,0.08544921875,-0.23193359375,-0.25634765625,0.87890625,0.1220703125,-0.62255859375,-0.0244140625,-0.10986328125,-0.0732421875,-0.732421875,0.48828125,0.93994140625,-0.13427734375,0.15869140625,-0.03662109375,0.32958984375,-0.4638671875,-0.48828125,-0.4150390625,-0.13427734375,-0.45166015625,-0.4150390625,-0.23193359375,0.32958984375,0.048828125,-0.7080078125,0.13427734375,-0.50048828125,0.15869140625,0.62255859375,0.15869140625,1.220703125,0.09765625,0.37841796875,-0.2197265625,-0.13427734375,0.18310546875,0.732421875,-0.29296875,0.78125,-0.10986328125,0.537109375,0.244140625,0.67138671875,-0.32958984375,0.29296875,0,-0.244140625,0.01220703125,0.7568359375,0.3662109375,-0.08544921875,-0.341796875,-0.390625,-0.10986328125,0.5615234375,0.06103515625,1.0009765625,0.1220703125,0.28076171875,-0.18310546875,1.64794921875,0.03662109375,2.57568359375,-0.06103515625,3.7109375,0.09765625,3.84521484375,0.0732421875,2.35595703125,0.048828125,-1.45263671875,-0.03662109375,-0.20751953125,-0.10986328125,-0.341796875,-0.2197265625,-1.3427734375,-0.15869140625,-0.72021484375,-0.146484375,-0.69580078125,-0.25634765625,-0.6591796875,-0.15869140625,-0.09765625,0.0732421875,-0.67138671875,0.09765625,-1.4404296875,-0.3173828125,-0.9765625,0.1220703125,0.37841796875,-0.0732421875,0.29296875,-0.20751953125,-0.0732421875,-0.08544921875,0,-0.18310546875,0.10986328125,-0.1220703125,0.06103515625,-0.13427734375,0.8056640625,-0.23193359375,-0.57373046875,-0.1220703125,-0.86669921875
1,-0.45166015625,0.634765625,-0.25634765625,3.21044921875,0.1220703125,0.81787109375,-0.10986328125,1.30615234375,-0.0244140625,-0.0732421875,0.03662109375,-0.927734375,-0.01220703125,1.03759765625,-0.10986328125,-0.15869140625,-0.20751953125,-0.64697265625,0.10986328125,-0.23193359375,-0.30517578125,0.89111328125,0.08544921875,-0.6103515625,-0.01220703125,-0.09765625,-0.06103515625,-0.74462890625,0.52490234375,0.93994140625,-0.146484375,0.146484375,-0.0732421875,0.29296875,-0.341796875,-0.4638671875,-0.37841796875,-0.1220703125,-0.40283203125,-0.37841796875,-0.13427734375,0.341796875,0.06103515625,-0.732421875,0.13427734375,-0.5126953125,0.15869140625,0.62255859375,0.09765625,1.25732421875,0.13427734375,0.40283203125,-0.23193359375,-0.1220703125,0.28076171875,0.732421875,-0.28076171875,0.78125,-0.13427734375,0.5615234375,0.23193359375,0.634765625,-0.390625,0.2685546875,0.0244140625,-0.08544921875,-0.0732421875,0.87890625,0.2197265625,0.03662109375,-0.390625,-0.1708984375,-0.23193359375,0.5859375,-0.03662109375,1.01318359375,0.01220703125,0.3173828125,-0.20751953125,1.67236328125,0.01220703125,2.587890625,-0.10986328125,3.77197265625,0.18310546875,3.74755859375,-0.01220703125,2.34375,0.09765625,-1.4404296875,-0.0244140625,-0.1953125,0.01220703125,-0.341796875,-0.20751953125,-1.3427734375,-0.1708984375,-0.732421875,-0.1220703125,-0.7080078125,-0.25634765625,-0.6591796875,-0.1220703125,-0.08544921875,0.1220703125,-0.6591796875,0.15869140625,-1.416015625,-0.244140625,-0.9765625,0.08544921875,0.37841796875,-0.08544921875,0.29296875,-0.2197265625,-0.06103515625,-0.08544921875,0,-0.1953125,0.10986328125,-0.10986328125,0.13427734375,-0.09765625,0.84228515625,-0.2197265625,-0.52490234375,-0.09765625,-0.64697265625
1,-0.47607421875,0.4638671875,-0.244140625,2.89306640625,0.10986328125,0.7080078125,-0.13427734375,1.13525390625,-0.0732421875,-0.09765625,0.048828125,-0.91552734375,0.01220703125,1.01318359375,-0.09765625,-0.1708984375,-0.146484375,-0.634765625,0.1220703125,-0.2197265625,-0.25634765625,0.89111328125,0.10986328125,-0.59814453125,0.01220703125,-0.08544921875,-0.0244140625,-0.732421875,0.47607421875,0.93994140625,-0.09765625,0.146484375,-0.13427734375,0.23193359375,-0.244140625,-0.5126953125,-0.40283203125,-0.15869140625,-0.37841796875,-0.390625,-0.048828125,0.3173828125,0.10986328125,-0.72021484375,0.1220703125,-0.5126953125,0.18310546875,0.64697265625,0.0244140625,1.2451171875,0.13427734375,0.341796875,-0.28076171875,-0.1708984375,0.30517578125,0.72021484375,-0.244140625,0.78125,-0.146484375,0.57373046875,0.2685546875,0.5859375,-0.47607421875,0.2685546875,0.10986328125,0.08544921875,-0.0244140625,0.98876953125,0.1953125,0.146484375,-0.28076171875,0.03662109375,-0.2685546875,0.62255859375,0,1.07421875,0.0244140625,0.29296875,-0.0732421875,1.69677734375,-0.01220703125,2.7099609375,-0.146484375,3.9306640625,0.244140625,3.7841796875,-0.0732421875,2.4169921875,0.10986328125,-1.46484375,-0.03662109375,-0.1953125,0.146484375,-0.341796875,-0.18310546875,-1.30615234375,-0.15869140625,-0.732421875,-0.09765625,-0.68359375,-0.23193359375,-0.6591796875,-0.09765625,-0.0732421875,0.146484375,-0.6591796875,0.1953125,-1.42822265625,-0.1953125,-0.98876953125,0.0732421875,0.390625,-0.08544921875,0.28076171875,-0.1708984375,-0.0732421875,-0.09765625,-0.0244140625,-0.1953125,0.09765625,-0.10986328125,0.18310546875,-0.0732421875,0.87890625,-0.2197265625,-0.5126953125,-0.09765625,-0.390625
1,-0.45166015625,0.3173828125,-0.1708984375,2.47802734375,0.1220703125,0.54931640625,-0.13427734375,0.9521484375,-0.10986328125,-0.13427734375,0.06103515625,-0.93994140625,-0.01220703125,1.01318359375,-0.10986328125,-0.18310546875,-0.10986328125,-0.6103515625,0.1708984375,-0.20751953125,-0.23193359375,0.87890625,0.10986328125,-0.59814453125,0.0732421875,-0.1220703125,0.06103515625,-0.74462890625,0.3662109375,0.9521484375,-0.0732421875,0.15869140625,-0.08544921875,0.146484375,-0.13427734375,-0.57373046875,-0.3662109375,-0.244140625,-0.2685546875,-0.45166015625,0.048828125,0.2197265625,0.20751953125,-0.7080078125,0.13427734375,-0.50048828125,0.1708984375,0.64697265625,-0.01220703125,1.18408203125,0.08544921875,0.28076171875,-0.40283203125,-0.25634765625,0.2685546875,0.64697265625,-0.1953125,0.79345703125,-0.15869140625,0.6103515625,0.30517578125,0.54931640625,-0.57373046875,0.2685546875,0.18310546875,0.2197265625,-0.09765625,1.08642578125,0.10986328125,0.2197265625,-0.2197265625,0.18310546875,-0.28076171875,0.69580078125,0,1.0986328125,-0.0244140625,0.35400390625,0,1.7578125,-0.048828125,2.84423828125,-0.18310546875,4.052734375,0.244140625,3.857421875,-0.08544921875,2.490234375,0.13427734375,-1.46484375,-0.03662109375,-0.1953125,0.2685546875,-0.3173828125,-0.15869140625,-1.28173828125,-0.1220703125,-0.732421875,-0.08544921875,-0.68359375,-0.1953125,-0.67138671875,-0.09765625,-0.08544921875,0.18310546875,-0.6591796875,0.1953125,-1.42822265625,-0.1220703125,-0.98876953125,0.0732421875,0.37841796875,-0.08544921875,0.28076171875,-0.1708984375,-0.08544921875,-0.08544921875,-0.06103515625,-0.1953125,0.09765625,-0.13427734375,0.23193359375,-0.0732421875,0.86669921875,-0.20751953125,-0.5126953125,-0.09765625,-0.1708984375
0,-0.45166015625,0.146484375,-0.1220703125,2.01416015625,0.146484375,0.390625,-0.08544921875,0.732421875,-0.10986328125,-0.13427734375,0.06103515625,-0.91552734375,0,1.0009765625,-0.1220703125,-0.1953125,-0.03662109375,-0.57373046875,0.2197265625,-0.1953125,-0.2197265625,0.86669921875,0.1220703125,-0.59814453125,0.1220703125,-0.09765625,0.1220703125,-0.74462890625,0.1953125,0.93994140625,-0.03662109375,0.146484375,-0.03662109375,0.01220703125,-0.03662109375,-0.634765625,-0.37841796875,-0.341796875,-0.1953125,-0.5615234375,0.13427734375,0.15869140625,0.29296875,-0.7080078125,0.1220703125,-0.45166015625,0.10986328125,0.634765625,0.03662109375,1.07421875,0.15869140625,0.20751953125,-0.3662109375,-0.390625,0.28076171875,0.5859375,-0.146484375,0.8056640625,-0.18310546875,0.5859375,0.42724609375,0.52490234375,-0.48828125,0.244140625,0.25634765625,0.341796875,-0.1953125,1.171875,-0.048828125,0.25634765625,-0.30517578125,0.30517578125,-0.341796875,0.84228515625,-0.01220703125,1.11083984375,-0.08544921875,0.4150390625,0.048828125,1.85546875,-0.048828125,2.89306640625,-0.2197265625,4.13818359375,0.20751953125,3.90625,-0.10986328125,2.5146484375,0.10986328125,-1.50146484375,-0.01220703125,-0.1953125,0.3662109375,-0.341796875,-0.13427734375,-1.28173828125,-0.0732421875,-0.72021484375,-0.08544921875,-0.68359375,-0.13427734375,-0.67138671875,-0.0732421875,-0.06103515625,0.23193359375,-0.67138671875,0.18310546875,-1.416015625,-0.06103515625,-0.9765625,0.0732421875,0.390625,-0.09765625,0.28076171875,-0.18310546875,-0.0732421875,-0.0732421875,-0.08544921875,-0.1953125,0.09765625,-0.1220703125,0.244140625,-0.09765625,0.87890625,-0.23193359375,-0.5126953125,-0.09765625,-0.048828125
0,-0.45166015625,-0.01220703125,-0.146484375,1.513671875,0.1220703125,0.2197265625,-0.10986328125,0.54931640625,-0.10986328125,-0.146484375,0.06103515625,-0.927734375,0,1.0009765625,-0.146484375,-0.20751953125,0.01220703125,-0.57373046875,0.2685546875,-0.20751953125,-0.2197265625,0.89111328125,0.18310546875,-0.59814453125,0.1953125,-0.09765625,0.18310546875,-0.76904296875,-0.01220703125,0.96435546875,-0.0244140625,0.15869140625,0.0244140625,-0.13427734375,0.08544921875,-0.69580078125,-0.3662109375,-0.45166015625,-0.1220703125,-0.64697265625,0.244140625,0.048828125,0.40283203125,-0.7080078125,0.08544921875,-0.47607421875,0.08544921875,0.634765625,-0.01220703125,0.9765625,0.08544921875,0.15869140625,-0.3662109375,-0.50048828125,0.2197265625,0.54931640625,-0.1708984375,0.79345703125,-0.20751953125,0.5859375,0.50048828125,0.54931640625,-0.390625,0.25634765625,0.32958984375,0.42724609375,-0.13427734375,1.20849609375,-0.0244140625,0.29296875,-0.2197265625,0.35400390625,-0.28076171875,1.01318359375,0.048828125,1.18408203125,-0.09765625,0.50048828125,0.146484375,1.9775390625,-0.08544921875,2.83203125,-0.244140625,4.06494140625,0.18310546875,3.8330078125,-0.0732421875,2.45361328125,0.08544921875,-1.4892578125,0,-0.18310546875,0.42724609375,-0.3173828125,-0.08544921875,-1.25732421875,-0.06103515625,-0.732421875,-0.08544921875,-0.67138671875,-0.0732421875,-0.6591796875,-0.03662109375,-0.08544921875,0.23193359375,-0.67138671875,0.15869140625,-1.416015625,0.01220703125,-1.0009765625,0.0732421875,0.4150390625,-0.08544921875,0.29296875,-0.1953125,-0.0732421875,-0.08544921875,-0.10986328125,-0.18310546875,0.10986328125,-0.08544921875,0.25634765625,-0.0732421875,0.87890625,-0.2197265625,-0.52490234375,-0.08544921875,0.0244140625
0,-0.47607421875,-0.1708984375,-0.048828125,1.025390625,0.10986328125,0.06103515625,-0.10986328125,0.3662109375,-0.09765625,-0.146484375,0.06103515625,-0.927734375,-0.01220703125,1.0009765625,-0.146484375,-0.1953125,0.06103515625,-0.5615234375,0.30517578125,-0.1953125,-0.2685546875,0.89111328125,0.20751953125,-0.5859375,0.20751953125,-0.09765625,0.2685546875,-0.7568359375,-0.1708984375,0.98876953125,-0.048828125,0.146484375,0.08544921875,-0.20751953125,0.2197265625,-0.74462890625,-0.390625,-0.5126953125,-0.13427734375,-0.732421875,0.3173828125,-0.08544921875,0.4150390625,-0.69580078125,0,-0.47607421875,0.048828125,0.6103515625,-0.01220703125,0.93994140625,0.0244140625,0.146484375,-0.45166015625,-0.54931640625,0.18310546875,0.537109375,-0.15869140625,0.830078125,-0.1953125,0.57373046875,0.57373046875,0.59814453125,-0.28076171875,0.244140625,0.30517578125,0.5126953125,-0.1708984375,1.23291015625,-0.09765625,0.3173828125,-0.2685546875,0.32958984375,-0.25634765625,1.15966796875,0.13427734375,1.220703125,-0.10986328125,0.6103515625,0.1708984375,2.099609375,-0.1220703125,2.62451171875,-0.25634765625,3.79638671875,0.244140625,3.57666015625,-0.01220703125,2.24609375,-0.01220703125,-1.50146484375,0.0732421875,-0.1953125,0.50048828125,-0.3173828125,-0.0244140625,-1.25732421875,-0.048828125,-0.72021484375,-0.10986328125,-0.67138671875,0,-0.64697265625,0.01220703125,-0.06103515625,0.23193359375,-0.68359375,0.15869140625,-1.40380859375,0.048828125,-0.9765625,0.048828125,0.4150390625,-0.13427734375,0.28076171875,-0.18310546875,-0.0732421875,-0.0732421875,-0.1220703125,-0.18310546875,0.146484375,-0.08544921875,0.2685546875,-0.08544921875,0.89111328125,-0.23193359375,-0.5126953125,-0.08544921875,-0.06103515625
0,-0.47607421875,-0.29296875,-0.06103515625,0.62255859375,0.09765625,-0.08544921875,-0.08544921875,0.244140625,-0.13427734375,-0.146484375,0.0244140625,-0.927734375,0,1.01318359375,-0.15869140625,-0.20751953125,0.1220703125,-0.57373046875,0.29296875,-0.2197265625,-0.341796875,0.87890625,0.20751953125,-0.634765625,0.1953125,-0.10986328125,0.2685546875,-0.76904296875,-0.3173828125,0.9765625,-0.08544921875,0.146484375,0.23193359375,-0.244140625,0.3173828125,-0.72021484375,-0.37841796875,-0.52490234375,-0.0244140625,-0.72021484375,0.341796875,-0.18310546875,0.439453125,-0.68359375,-0.0732421875,-0.4638671875,0.048828125,0.59814453125,0,0.9521484375,0,0.1708984375,-0.40283203125,-0.57373046875,0.23193359375,0.57373046875,-0.146484375,0.81787109375,-0.15869140625,0.57373046875,0.634765625,0.67138671875,-0.25634765625,0.25634765625,0.30517578125,0.5859375,-0.1708984375,1.25732421875,-0.09765625,0.32958984375,-0.30517578125,0.28076171875,-0.09765625,1.26953125,0.2197265625,1.25732421875,-0.0244140625,0.68359375,0.23193359375,2.20947265625,-0.1220703125,2.25830078125,-0.2685546875,3.3447265625,0.29296875,3.125,0,1.9287109375,-0.08544921875,-1.50146484375,0.09765625,-0.18310546875,0.5615234375,-0.30517578125,0.048828125,-1.2451171875,0,-0.7080078125,-0.1220703125,-0.68359375,0.03662109375,-0.6591796875,0.0244140625,-0.06103515625,0.23193359375,-0.7080078125,0.146484375,-1.40380859375,0.03662109375,-0.98876953125,0.048828125,0.40283203125,-0.13427734375,0.29296875,-0.1708984375,-0.048828125,-0.08544921875,-0.146484375,-0.1953125,0.15869140625,-0.09765625,0.244140625,-0.1220703125,0.8544921875,-0.25634765625,-0.52490234375,0.03662109375,-0.18310546875
0,-0.48828125,-0.35400390625,-0.048828125,0.35400390625,0.0732421875,-0.20751953125,-0.06103515625,0.15869140625,-0.10986328125,-0.146484375,0.01220703125,-0.927734375,0,0.98876953125,-0.1708984375,-0.20751953125,0.13427734375,-0.59814453125,0.25634765625,-0.20751953125,-0.45166015625,0.87890625,0.13427734375,-0.62255859375,0.146484375,-0.09765625,0.244140625,-0.76904296875,-0.37841796875,0.98876953125,-0.1220703125,0.146484375,0.28076171875,-0.146484375,0.4150390625,-0.6591796875,-0.37841796875,-0.47607421875,0.06103515625,-0.6591796875,0.3173828125,-0.23193359375,0.439453125,-0.67138671875,-0.13427734375,-0.47607421875,0.03662109375,0.5615234375,-0.03662109375,1.03759765625,-0.10986328125,0.2685546875,-0.45166015625,-0.50048828125,0.146484375,0.67138671875,-0.15869140625,0.79345703125,-0.1220703125,0.54931640625,0.634765625,0.78125,-0.35400390625,0.2685546875,0.28076171875,0.68359375,-0.1220703125,1.318359375,0.01220703125,0.3662109375,-0.28076171875,0.23193359375,-0.0732421875,1.30615234375,0.29296875,1.2451171875,0.0244140625,0.72021484375,0.25634765625,2.24609375,-0.1220703125,1.74560546875,-0.244140625,2.7587890625,0.3662109375,2.44140625,0,1.47705078125,-0.1708984375,-1.513671875,0.1220703125,-0.20751953125,0.57373046875,-0.28076171875,0.048828125,-1.23291015625,0.0244140625,-0.72021484375,-0.1220703125,-0.68359375,0.06103515625,-0.6591796875,0.06103515625,-0.06103515625,0.2197265625,-0.69580078125,0.09765625,-1.40380859375,0.06103515625,-0.98876953125,0.03662109375,0.40283203125,-0.1220703125,0.28076171875,-0.1708984375,-0.048828125,-0.06103515625,-0.146484375,-0.1953125,0.15869140625,-0.03662109375,0.244140625,-0.08544921875,0.8544921875,-0.244140625,-0.5126953125,0.048828125,-0.35400390625
0,-0.47607421875,-0.35400390625,-0.048828125,0.28076171875,0.09765625,-0.2197265625,-0.0732421875,0.15869140625,-0.10986328125,-0.1220703125,-0.0244140625,-0.9521484375,0.01220703125,1.025390625,-0.1708984375,-0.20751953125,0.13427734375,-0.62255859375,0.18310546875,-0.2197265625,-0.52490234375,0.87890625,-0.0244140625,-0.64697265625,0.0732421875,-0.08544921875,0.244140625,-0.7568359375,-0.37841796875,0.96435546875,-0.18310546875,0.13427734375,0.25634765625,0.01220703125,0.4638671875,-0.537109375,-0.4150390625,-0.3662109375,0.146484375,-0.5126953125,0.3173828125,-0.30517578125,0.40283203125,-0.67138671875,-0.1708984375,-0.47607421875,0.01220703125,0.54931640625,-0.01220703125,1.23291015625,-0.10986328125,0.4150390625,-0.45166015625,-0.390625,0.09765625,0.78125,-0.1708984375,0.8056640625,-0.08544921875,0.537109375,0.76904296875,0.91552734375,-0.29296875,0.30517578125,0.15869140625,0.8056640625,-0.23193359375,1.3671875,0.0244140625,0.439453125,-0.439453125,0.23193359375,-0.10986328125,1.23291015625,0.35400390625,1.20849609375,0.09765625,0.69580078125,0.18310546875,2.20947265625,-0.08544921875,1.1474609375,-0.20751953125,2.06298828125,0.439453125,1.6357421875,-0.03662109375,0.98876953125,-0.20751953125,-1.52587890625,0.09765625,-0.1953125,0.62255859375,-0.30517578125,0.09765625,-1.2451171875,0.03662109375,-0.732421875,-0.09765625,-0.7080078125,0.10986328125,-0.67138671875,0.048828125,-0.048828125,0.20751953125,-0.72021484375,0.06103515625,-1.416015625,0.048828125,-0.98876953125,-0.01220703125,0.40283203125,-0.146484375,0.29296875,-0.13427734375,-0.03662109375,-0.0732421875,-0.1708984375,-0.2197265625,0.15869140625,-0.01220703125,0.2197265625,-0.1220703125,0.81787109375,-0.2685546875,-0.5126953125,-0.06103515625,-0.50048828125
0,-0.4638671875,-0.29296875,-0.08544921875,0.47607421875,0.08544921875,-0.1708984375,-0.09765625,0.244140625,-0.0732421875,-0.1220703125,-0.01220703125,-0.93994140625,0,1.01318359375,-0.146484375,-0.2197265625,0.10986328125,-0.634765625,0.1220703125,-0.2197265625,-0.5859375,0.87890625,-0.15869140625,-0.64697265625,0.0244140625,-0.09765625,0.18310546875,-0.732421875,-0.35400390625,0.9765625,-0.1953125,0.13427734375,0.15869140625,0.20751953125,0.4638671875,-0.42724609375,-0.439453125,-0.2197265625,0.03662109375,-0.32958984375,0.3173828125,-0.35400390625,0.4150390625,-0.68359375,-0.20751953125,-0.50048828125,-0.01220703125,0.537109375,0,1.4404296875,-0.08544921875,0.5859375,-0.390625,-0.1708984375,0.146484375,0.96435546875,-0.20751953125,0.79345703125,-0.06103515625,0.537109375,0.74462890625,1.03759765625,-0.2197265625,0.32958984375,0.08544921875,0.96435546875,-0.25634765625,1.46484375,0.048828125,0.52490234375,-0.52490234375,0.2685546875,-0.2197265625,1.0986328125,0.50048828125,1.13525390625,0.1708984375,0.59814453125,0.1220703125,2.099609375,-0.10986328125,0.537109375,-0.2197265625,1.3916015625,0.439453125,0.78125,-0.13427734375,0.48828125,-0.1953125,-1.513671875,0.048828125,-0.2197265625,0.5859375,-0.29296875,0.08544921875,-1.25732421875,0.048828125,-0.74462890625,-0.08544921875,-0.68359375,0.146484375,-0.64697265625,0.01220703125,-0.06103515625,0.23193359375,-0.69580078125,0,-1.40380859375,0.048828125,-0.98876953125,-0.03662109375,0.390625,-0.146484375,0.30517578125,-0.08544921875,-0.048828125,-0.06103515625,-0.1708984375,-0.25634765625,0.146484375,-0.03662109375,0.20751953125,-0.09765625,0.830078125,-0.2685546875,-0.5126953125,-0.01220703125,-0.634765625
0,-0.42724609375,-0.13427734375,-0.08544921875,0.927734375,0.1220703125,0,-0.08544921875,0.42724609375,-0.08544921875,-0.1220703125,-0.06103515625,-0.96435546875,0,1.0009765625,-0.15869140625,-0.1953125,0.06103515625,-0.64697265625,0.03662109375,-0.2197265625,-0.62255859375,0.86669921875,-0.244140625,-0.634765625,-0.0244140625,-0.10986328125,0.146484375,-0.72021484375,-0.29296875,0.9521484375,-0.1953125,0.13427734375,0.06103515625,0.42724609375,0.537109375,-0.30517578125,-0.47607421875,-0.06103515625,0.048828125,-0.146484375,0.30517578125,-0.32958984375,0.40283203125,-0.68359375,-0.23193359375,-0.50048828125,0.048828125,0.537109375,-0.048828125,1.69677734375,-0.08544921875,0.76904296875,-0.4638671875,0,0.0244140625,1.123046875,-0.244140625,0.79345703125,-0.0732421875,0.5126953125,0.7080078125,1.13525390625,-0.1220703125,0.37841796875,0.06103515625,1.15966796875,-0.29296875,1.5625,0.1220703125,0.634765625,-0.537109375,0.3662109375,-0.28076171875,0.9033203125,0.57373046875,1.0986328125,0.20751953125,0.4638671875,0.0244140625,1.94091796875,-0.10986328125,0,-0.23193359375,0.8056640625,0.42724609375,0.01220703125,-0.1708984375,0.06103515625,-0.146484375,-1.50146484375,0.01220703125,-0.2685546875,0.5615234375,-0.28076171875,0.08544921875,-1.25732421875,0.048828125,-0.732421875,-0.048828125,-0.7080078125,0.1953125,-0.67138671875,-0.06103515625,-0.0732421875,0.2197265625,-0.7080078125,-0.048828125,-1.416015625,0,-1.0009765625,-0.048828125,0.390625,-0.1708984375,0.29296875,-0.0732421875,-0.048828125,-0.06103515625,-0.15869140625,-0.28076171875,0.10986328125,-0.048828125,0.1953125,-0.10986328125,0.79345703125,-0.29296875,-0.5126953125,-0.0244140625,-0.68359375
0,-0.4150390625,0.09765625,-0.09765625,1.64794921875,0.1220703125,0.23193359375,-0.09765625,0.74462890625,-0.08544921875,-0.1220703125,-0.0732421875,-0.93994140625,0.01220703125,1.0009765625,-0.146484375,-0.20751953125,-0.01220703125,-0.634765625,-0.0244140625,-0.20751953125,-0.5615234375,0.86669921875,-0.28076171875,-0.634765625,-0.06103515625,-0.10986328125,0.1220703125,-0.74462890625,-0.2685546875,0.9521484375,-0.1953125,0.15869140625,-0.01220703125,0.5859375,0.5126953125,-0.244140625,-0.50048828125,0.08544921875,0.048828125,0.0244140625,0.29296875,-0.30517578125,0.32958984375,-0.68359375,-0.25634765625,-0.5126953125,0.0244140625,0.537109375,-0.10986328125,1.9287109375,-0.03662109375,0.9521484375,-0.47607421875,0.18310546875,-0.0244140625,1.26953125,-0.25634765625,0.79345703125,-0.09765625,0.5126953125,0.634765625,1.220703125,0.0244140625,0.390625,0.03662109375,1.33056640625,-0.35400390625,1.66015625,0.1220703125,0.72021484375,-0.48828125,0.50048828125,-0.3173828125,0.732421875,0.6103515625,1.0986328125,0.2197265625,0.3662109375,-0.03662109375,1.81884765625,-0.0732421875,-0.35400390625,-0.23193359375,0.4150390625,0.4150390625,-0.57373046875,-0.20751953125,-0.25634765625,-0.08544921875,-1.50146484375,-0.048828125,-0.25634765625,0.537109375,-0.30517578125,0.0732421875,-1.26953125,0.0244140625,-0.74462890625,-0.048828125,-0.68359375,0.23193359375,-0.6591796875,-0.13427734375,-0.0732421875,0.18310546875,-0.69580078125,-0.048828125,-1.42822265625,-0.06103515625,-0.96435546875,-0.0732421875,0.390625,-0.15869140625,0.2685546875,-0.0732421875,-0.048828125,-0.06103515625,-0.146484375,-0.28076171875,0.08544921875,-0.0244140625,0.15869140625,-0.10986328125,0.78125,-0.30517578125,-0.54931640625,-0.10986328125,-0.6591796875
0,-0.390625,0.439453125,-0.146484375,2.60009765625,0.146484375,0.5615234375,-0.06103515625,1.15966796875,-0.08544921875,-0.13427734375,-0.06103515625,-0.93994140625,0,0.9765625,-0.10986328125,-0.1953125,-0.0732421875,-0.62255859375,-0.09765625,-0.18310546875,-0.5126953125,0.86669921875,-0.25634765625,-0.62255859375,-0.10986328125,-0.1220703125,0.13427734375,-0.732421875,-0.23193359375,0.927734375,-0.18310546875,0.146484375,-0.13427734375,0.68359375,0.390625,-0.2685546875,-0.5126953125,0.18310546875,0.09765625,0.10986328125,0.244140625,-0.25634765625,0.29296875,-0.67138671875,-0.2685546875,-0.537109375,0.13427734375,0.57373046875,-0.1953125,2.0751953125,0.0244140625,1.08642578125,-0.439453125,0.30517578125,-0.06103515625,1.40380859375,-0.2685546875,0.78125,-0.10986328125,0.537109375,0.57373046875,1.25732421875,0.06103515625,0.40283203125,0.03662109375,1.513671875,-0.341796875,1.77001953125,0.13427734375,0.84228515625,-0.42724609375,0.6591796875,-0.3662109375,0.68359375,0.59814453125,1.18408203125,0.09765625,0.3173828125,-0.09765625,1.77001953125,-0.06103515625,-0.50048828125,-0.1953125,0.28076171875,0.341796875,-0.87890625,-0.15869140625,-0.37841796875,-0.03662109375,-1.50146484375,-0.1220703125,-0.2685546875,0.4638671875,-0.29296875,0.048828125,-1.318359375,0.01220703125,-0.7568359375,-0.03662109375,-0.68359375,0.20751953125,-0.67138671875,-0.1708984375,-0.06103515625,0.10986328125,-0.67138671875,-0.048828125,-1.40380859375,-0.10986328125,-0.9765625,-0.09765625,0.40283203125,-0.1708984375,0.25634765625,-0.06103515625,-0.03662109375,-0.06103515625,-0.13427734375,-0.28076171875,0.09765625,-0.03662109375,0.10986328125,-0.10986328125,0.7568359375,-0.3173828125,-0.54931640625,0.03662109375,-0.57373046875
0,-0.37841796875,0.830078125,-0.13427734375,3.662109375,0.146484375,0.98876953125,-0.0732421875,1.59912109375,-0.10986328125,-0.10986328125,-0.06103515625,-0.93994140625,0,0.98876953125,-0.10986328125,-0.18310546875,-0.1220703125,-0.6103515625,-0.13427734375,-0.1953125,-0.439453125,0.86669921875,-0.1708984375,-0.6103515625,-0.146484375,-0.1220703125,0.13427734375,-0.74462890625,-0.28076171875,0.96435546875,-0.1953125,0.146484375,-0.146484375,0.64697265625,0.3662109375,-0.35400390625,-0.54931640625,0.18310546875,0.146484375,0.09765625,0.2685546875,-0.23193359375,0.1953125,-0.7080078125,-0.2685546875,-0.537109375,0.1708984375,0.59814453125,-0.23193359375,2.1728515625,0.10986328125,1.1474609375,-0.40283203125,0.3173828125,-0.1220703125,1.4404296875,-0.2197265625,0.79345703125,-0.10986328125,0.52490234375,0.52490234375,1.23291015625,0.10986328125,0.4150390625,0.0732421875,1.6357421875,-0.30517578125,1.85546875,0.10986328125,0.9033203125,-0.3173828125,0.79345703125,-0.28076171875,0.79345703125,0.59814453125,1.4892578125,0.01220703125,0.42724609375,-0.06103515625,1.85546875,-0.0732421875,-0.40283203125,-0.25634765625,0.390625,0.23193359375,-0.8544921875,-0.146484375,-0.30517578125,0.0244140625,-1.47705078125,-0.20751953125,-0.2685546875,0.42724609375,-0.28076171875,0.06103515625,-1.318359375,-0.0244140625,-0.732421875,-0.0244140625,-0.69580078125,0.1708984375,-0.6591796875,-0.1953125,-0.048828125,0,-0.64697265625,-0.0732421875,-1.42822265625,-0.18310546875,-0.9765625,-0.048828125,0.4150390625,-0.1708984375,0.25634765625,-0.0732421875,-0.03662109375,-0.0732421875,-0.10986328125,-0.29296875,0.09765625,-0.01220703125,0.06103515625,-0.09765625,0.72021484375,-0.32958984375,-0.62255859375,0.048828125,-0.40283203125
0,-0.390625,1.2451171875,-0.1220703125,4.7607421875,0.13427734375,1.416015625,-0.0732421875,2.06298828125,-0.13427734375,-0.13427734375,-0.06103515625,-0.927734375,0.03662109375,0.98876953125,-0.10986328125,-0.18310546875,-0.1220703125,-0.5859375,-0.1220703125,-0.18310546875,-0.3662109375,0.89111328125,-0.09765625,-0.59814453125,-0.18310546875,-0.0732421875,0.1708984375,-0.74462890625,-0.3662109375,0.9765625,-0.20751953125,0.146484375,-0.146484375,0.5126953125,0.18310546875,-0.52490234375,-0.5615234375,0.08544921875,0.28076171875,0.048828125,0.28076171875,-0.1953125,0.06103515625,-0.69580078125,-0.2685546875,-0.52490234375,0.1708984375,0.6103515625,-0.2685546875,2.1484375,0.10986328125,1.1474609375,-0.35400390625,0.29296875,-0.13427734375,1.4404296875,-0.15869140625,0.79345703125,-0.10986328125,0.537109375,0.45166015625,1.171875,0.1220703125,0.40283203125,0.1220703125,1.7333984375,-0.20751953125,1.86767578125,0.06103515625,0.96435546875,-0.2197265625,0.89111328125,-0.2685546875,1.0986328125,0.5615234375,2.01416015625,-0.10986328125,0.67138671875,-0.048828125,2.1240234375,-0.06103515625,-0.06103515625,-0.2685546875,0.732421875,0.13427734375,-0.45166015625,-0.1220703125,-0.01220703125,0.06103515625,-1.47705078125,-0.2685546875,-0.2685546875,0.32958984375,-0.29296875,0.0244140625,-1.318359375,-0.03662109375,-0.72021484375,0.01220703125,-0.68359375,0.1220703125,-0.67138671875,-0.1953125,-0.0732421875,-0.13427734375,-0.67138671875,-0.048828125,-1.4404296875,-0.244140625,-0.98876953125,-0.0244140625,0.40283203125,-0.1708984375,0.244140625,-0.0732421875,-0.03662109375,-0.0732421875,-0.0732421875,-0.32958984375,0.09765625,0,0.01220703125,-0.08544921875,0.72021484375,-0.3173828125,-0.64697265625,0.048828125,-0.1953125
0,-0.37841796875,1.6357421875,-0.048828125,5.7861328125,0.1220703125,1.84326171875,-0.0732421875,2.490234375,-0.146484375,-0.1220703125,-0.03662109375,-0.93994140625,0.0732421875,0.96435546875,-0.08544921875,-0.1708984375,-0.1220703125,-0.59814453125,-0.10986328125,-0.15869140625,-0.28076171875,0.87890625,0.0732421875,-0.5859375,-0.15869140625,-0.10986328125,0.18310546875,-0.74462890625,-0.42724609375,0.98876953125,-0.18310546875,0.15869140625,-0.09765625,0.32958984375,0.1220703125,-0.69580078125,-0.52490234375,-0.048828125,0.439453125,0.0244140625,0.244140625,-0.15869140625,-0.01220703125,-0.7080078125,-0.244140625,-0.50048828125,0.1953125,0.6591796875,-0.244140625,2.08740234375,0.10986328125,1.0986328125,-0.35400390625,0.20751953125,-0.15869140625,1.37939453125,-0.0732421875,0.79345703125,-0.1220703125,0.54931640625,0.4638671875,1.11083984375,0.10986328125,0.40283203125,0.1708984375,1.7333984375,-0.10986328125,1.86767578125,0.048828125,0.96435546875,-0.1220703125,0.89111328125,-0.15869140625,1.6845703125,0.50048828125,2.783203125,-0.1953125,1.123046875,-0.0732421875,2.64892578125,0,0.47607421875,-0.32958984375,1.3427734375,0.01220703125,0.25634765625,-0.09765625,0.42724609375,0.08544921875,-1.47705078125,-0.3173828125,-0.244140625,0.244140625,-0.29296875,-0.0732421875,-1.30615234375,-0.06103515625,-0.69580078125,0.0244140625,-0.69580078125,0.0244140625,-0.68359375,-0.15869140625,-0.06103515625,-0.15869140625,-0.67138671875,-0.08544921875,-1.4404296875,-0.30517578125,-0.9765625,0.048828125,0.4150390625,-0.146484375,0.25634765625,-0.0732421875,-0.0244140625,-0.0732421875,-0.09765625,-0.341796875,0.10986328125,0.01220703125,0,-0.09765625,0.69580078125,-0.32958984375,-0.69580078125,0.01220703125,0.10986328125
1,-0.3662109375,1.96533203125,-0.13427734375,6.640625,0.13427734375,2.18505859375,-0.0732421875,2.86865234375,-0.146484375,-0.13427734375,-0.06103515625,-0.93994140625,0.0732421875,1.0009765625,-0.08544921875,-0.1708984375,-0.09765625,-0.57373046875,-0.06103515625,-0.1708984375,-0.18310546875,0.86669921875,0.1953125,-0.6103515625,-0.0732421875,-0.08544921875,0.20751953125,-0.72021484375,-0.45166015625,0.98876953125,-0.10986328125,0.15869140625,-0.09765625,0.10986328125,0.0244140625,-0.86669921875,-0.48828125,-0.18310546875,0.52490234375,0.0244140625,0.20751953125,-0.1708984375,-0.048828125,-0.69580078125,-0.23193359375,-0.50048828125,0.20751953125,0.62255859375,-0.20751953125,1.94091796875,0.10986328125,0.98876953125,-0.3173828125,0.048828125,-0.18310546875,1.26953125,0,0.79345703125,-0.1220703125,0.54931640625,0.390625,1.01318359375,0.1220703125,0.37841796875,0.20751953125,1.67236328125,0.0244140625,1.84326171875,0.0732421875,0.91552734375,0.03662109375,0.84228515625,-0.08544921875,2.50244140625,0.390625,3.79638671875,-0.244140625,1.79443359375,-0.0244140625,3.3935546875,-0.01220703125,1.15966796875,-0.3662109375,2.1240234375,-0.20751953125,1.23291015625,-0.09765625,1.025390625,0.1220703125,-1.47705078125,-0.37841796875,-0.244140625,0.15869140625,-0.28076171875,-0.13427734375,-1.318359375,-0.09765625,-0.68359375,0.06103515625,-0.68359375,-0.03662109375,-0.68359375,-0.13427734375,-0.048828125,-0.20751953125,-0.67138671875,-0.10986328125,-1.4404296875,-0.32958984375,-0.98876953125,0.09765625,0.42724609375,-0.10986328125,0.25634765625,-0.06103515625,-0.048828125,-0.0732421875,-0.10986328125,-0.341796875,0.13427734375,0,0.03662109375,-0.06103515625,0.7568359375,-0.3173828125,-0.67138671875,0.0244140625,0.48828125
1,-0.37841796875,2.2216796875,-0.2197265625,7.275390625,0.13427734375,2.4658203125,-0.13427734375,3.125,-0.18310546875,-0.1220703125,-0.06103515625,-0.9033203125,0.0732421875,1.0009765625,-0.1220703125,-0.1953125,-0.06103515625,-0.5615234375,0.01220703125,-0.18310546875,-0.01220703125,0.86669921875,0.30517578125,-0.62255859375,0.03662109375,-0.0732421875,0.23193359375,-0.74462890625,-0.47607421875,0.98876953125,-0.048828125,0.15869140625,-0.13427734375,-0.048828125,-0.10986328125,-0.927734375,-0.42724609375,-0.30517578125,0.52490234375,0.1708984375,0.2197265625,-0.2197265625,-0.146484375,-0.68359375,-0.18310546875,-0.48828125,0.28076171875,0.634765625,-0.15869140625,1.7822265625,0.09765625,0.8544921875,-0.29296875,-0.10986328125,-0.146484375,1.15966796875,0.03662109375,0.8056640625,-0.15869140625,0.54931640625,0.35400390625,0.9033203125,0.13427734375,0.32958984375,0.13427734375,1.5625,0.10986328125,1.7822265625,0.0244140625,0.86669921875,0.13427734375,0.732421875,-0.06103515625,3.4912109375,0.244140625,5.0048828125,-0.32958984375,2.587890625,-0.03662109375,4.33349609375,-0.01220703125,1.953125,-0.3662109375,3.0029296875,-0.3662109375,2.4169921875,-0.13427734375,1.708984375,0.09765625,-1.47705078125,-0.35400390625,-0.23193359375,0.0244140625,-0.2685546875,-0.1708984375,-1.318359375,-0.10986328125,-0.68359375,0.06103515625,-0.69580078125,-0.09765625,-0.68359375,-0.09765625,-0.048828125,-0.18310546875,-0.7080078125,-0.18310546875,-1.4404296875,-0.341796875,-0.9765625,0.146484375,0.4150390625,-0.0732421875,0.2685546875,-0.06103515625,-0.048828125,-0.06103515625,-0.10986328125,-0.3662109375,0.13427734375,0.0244140625,0.146484375,-0.06103515625,0.8544921875,-0.30517578125,-0.57373046875,0.0244140625,0.96435546875
1,-0.3662109375,2.35595703125,-0.2685546875,7.62939453125,0.13427734375,2.62451171875,-0.1220703125,3.25927734375,-0.20751953125,-0.10986328125,-0.10986328125,-0.91552734375,0.0732421875,1.0009765625,-0.10986328125,-0.18310546875,-0.0244140625,-0.57373046875,0.0732421875,-0.18310546875,0.13427734375,0.89111328125,0.42724609375,-0.6103515625,0.10986328125,-0.09765625,0.23193359375,-0.732421875,-0.42724609375,1.0009765625,-0.0244140625,0.15869140625,-0.1220703125,-0.06103515625,-0.146484375,-0.86669921875,-0.3662109375,-0.30517578125,0.5859375,0.52490234375,0.28076171875,-0.23193359375,-0.15869140625,-0.68359375,-0.15869140625,-0.47607421875,0.28076171875,0.5859375,-0.0732421875,1.62353515625,0.06103515625,0.72021484375,-0.1953125,-0.25634765625,-0.06103515625,1.03759765625,0.03662109375,0.81787109375,-0.13427734375,0.5615234375,0.32958984375,0.830078125,0.048828125,0.29296875,0.06103515625,1.40380859375,0.20751953125,1.708984375,0.0732421875,0.78125,0.15869140625,0.5615234375,-0.01220703125,4.60205078125,0.28076171875,6.298828125,-0.3173828125,3.466796875,-0.0244140625,5.35888671875,-0.0732421875,2.783203125,-0.341796875,3.8818359375,-0.37841796875,3.62548828125,-0.1708984375,2.44140625,0.0732421875,-1.47705078125,-0.3662109375,-0.20751953125,-0.10986328125,-0.30517578125,-0.15869140625,-1.3427734375,-0.146484375,-0.69580078125,0.03662109375,-0.68359375,-0.1220703125,-0.64697265625,-0.06103515625,-0.048828125,-0.1220703125,-0.7080078125,-0.244140625,-1.4404296875,-0.341796875,-0.98876953125,0.18310546875,0.4150390625,0,0.28076171875,-0.08544921875,-0.06103515625,-0.0732421875,-0.10986328125,-0.3662109375,0.146484375,-0.01220703125,0.32958984375,-0.08544921875,0.9765625,-0.3173828125,-0.439453125,-0.1220703125,1.611328125
1,-0.390625,2.38037109375,-0.28076171875,7.70263671875,0.09765625,2.63671875,-0.1220703125,3.28369140625,-0.2197265625,-0.1220703125,-0.1220703125,-0.91552734375,0.08544921875,0.98876953125,-0.1220703125,-0.1708984375,0.0244140625,-0.5859375,0.146484375,-0.18310546875,0.28076171875,0.87890625,0.47607421875,-0.62255859375,0.18310546875,-0.09765625,0.20751953125,-0.732421875,-0.341796875,0.98876953125,-0.01220703125,0.146484375,-0.146484375,0.10986328125,-0.1953125,-0.634765625,-0.29296875,-0.1708984375,0.4150390625,1.15966796875,0.32958984375,-0.25634765625,-0.18310546875,-0.6591796875,-0.1708984375,-0.4638671875,0.244140625,0.6103515625,0.03662109375,1.5380859375,0.03662109375,0.59814453125,-0.048828125,-0.35400390625,0,0.9521484375,0.08544921875,0.81787109375,-0.13427734375,0.5615234375,0.2685546875,0.74462890625,0.01220703125,0.28076171875,0.01220703125,1.25732421875,0.25634765625,1.62353515625,0.13427734375,0.732421875,0.20751953125,0.42724609375,0.01220703125,5.65185546875,0.1953125,7.6171875,-0.2685546875,4.345703125,-0.048828125,6.3720703125,-0.0732421875,3.52783203125,-0.23193359375,4.7607421875,-0.29296875,4.84619140625,-0.10986328125,3.1494140625,0.01220703125,-1.45263671875,-0.341796875,-0.18310546875,-0.28076171875,-0.29296875,-0.09765625,-1.318359375,-0.15869140625,-0.69580078125,0.01220703125,-0.67138671875,-0.1220703125,-0.6591796875,-0.06103515625,-0.048828125,-0.13427734375,-0.72021484375,-0.28076171875,-1.42822265625,-0.30517578125,-1.01318359375,0.1953125,0.4150390625,-0.01220703125,0.28076171875,-0.09765625,-0.06103515625,-0.048828125,-0.146484375,-0.3662109375,0.15869140625,0.0244140625,0.5859375,-0.03662109375,1.1474609375,-0.28076171875,-0.244140625,-0.10986328125,2.3681640625
1,-0.3662109375,2.28271484375,-0.2685546875,7.50732421875,0.08544921875,2.52685546875,-0.10986328125,3.18603515625,-0.20751953125,-0.1220703125,-0.146484375,-0.927734375,0.09765625,0.98876953125,-0.1220703125,-0.15869140625,0.10986328125,-0.5859375,0.1708984375,-0.1953125,0.42724609375,0.86669921875,0.42724609375,-0.62255859375,0.1953125,-0.09765625,0.15869140625,-0.72021484375,-0.23193359375,0.98876953125,-0.0244140625,0.146484375,-0.1953125,0.439453125,-0.23193359375,-0.2685546875,-0.28076171875,0.08544921875,0.244140625,1.98974609375,0.341796875,-0.28076171875,-0.2197265625,-0.6591796875,-0.146484375,-0.4638671875,0.1220703125,0.57373046875,0.09765625,1.4892578125,-0.01220703125,0.52490234375,-0.06103515625,-0.439453125,0.03662109375,0.91552734375,0.0732421875,0.81787109375,-0.15869140625,0.5615234375,0.341796875,0.72021484375,-0.0244140625,0.2685546875,-0.0244140625,1.11083984375,0.28076171875,1.5625,0.244140625,0.6591796875,0.1708984375,0.28076171875,0.13427734375,6.57958984375,0.1220703125,8.7646484375,-0.15869140625,5.1025390625,-0.048828125,7.2998046875,-0.0732421875,4.21142578125,-0.18310546875,5.517578125,-0.341796875,5.92041015625,-0.08544921875,3.74755859375,-0.01220703125,-1.46484375,-0.29296875,-0.18310546875,-0.390625,-0.29296875,-0.0244140625,-1.318359375,-0.13427734375,-0.72021484375,0,-0.67138671875,-0.1220703125,-0.62255859375,0,-0.048828125,-0.13427734375,-0.69580078125,-0.3173828125,-1.42822265625,-0.25634765625,-1.01318359375,0.15869140625,0.37841796875,0,0.28076171875,-0.09765625,-0.0732421875,-0.0732421875,-0.15869140625,-0.3662109375,0.13427734375,0.01220703125,0.9033203125,-0.03662109375,1.35498046875,-0.2685546875,-0.01220703125,-0.2197265625,3.25927734375
1,-0.341796875,2.11181640625,-0.2685546875,7.09228515625,0.06103515625,2.34375,-0.1220703125,2.978515625,-0.1953125,-0.1220703125,-0.146484375,-0.927734375,0.09765625,1.0009765625,-0.1220703125,-0.15869140625,0.146484375,-0.62255859375,0.15869140625,-0.18310546875,0.47607421875,0.86669921875,0.341796875,-0.634765625,0.1953125,-0.10986328125,0.08544921875,-0.732421875,-0.1220703125,0.96435546875,-0.01220703125,0.15869140625,-0.15869140625,0.9521484375,-0.2197265625,0.2197265625,-0.28076171875,0.45166015625,0.32958984375,3.0029296875,0.3662109375,-0.30517578125,-0.23193359375,-0.6591796875,-0.18310546875,-0.45166015625,0.09765625,0.57373046875,0.18310546875,1.47705078125,0.01220703125,0.47607421875,0.01220703125,-0.42724609375,0.09765625,0.9033203125,0.048828125,0.81787109375,-0.13427734375,0.54931640625,0.390625,0.67138671875,-0.06103515625,0.2685546875,0,1.01318359375,0.23193359375,1.50146484375,0.1953125,0.62255859375,-0.01220703125,0.1953125,0.13427734375,7.2998046875,0.1220703125,9.68017578125,-0.0244140625,5.72509765625,-0.146484375,7.97119140625,-0.08544921875,4.7607421875,-0.10986328125,6.11572265625,-0.30517578125,6.77490234375,-0.08544921875,4.23583984375,-0.06103515625,-1.45263671875,-0.30517578125,-0.18310546875,-0.52490234375,-0.29296875,0.08544921875,-1.30615234375,-0.13427734375,-0.72021484375,-0.0244140625,-0.68359375,-0.1708984375,-0.6103515625,0.0244140625,-0.06103515625,-0.146484375,-0.7080078125,-0.341796875,-1.416015625,-0.244140625,-1.025390625,0.0732421875,0.390625,0.0244140625,0.29296875,-0.0732421875,-0.06103515625,-0.06103515625,-0.146484375,-0.3662109375,0.13427734375,-0.01220703125,1.2451171875,-0.0732421875,1.57470703125,-0.25634765625,0.25634765625,-0.23193359375,4.26025390625
1,-0.32958984375,1.8798828125,-0.2685546875,6.494140625,0.03662109375,2.0751953125,-0.13427734375,2.7099609375,-0.18310546875,-0.1220703125,-0.13427734375,-0.91552734375,0.06103515625,0.98876953125,-0.09765625,-0.1708984375,0.18310546875,-0.62255859375,0.1708984375,-0.18310546875,0.54931640625,0.8544921875,0.2197265625,-0.634765625,0.1708984375,-0.10986328125,0,-0.72021484375,-0.06103515625,0.9521484375,-0.0244140625,0.15869140625,-0.146484375,1.59912109375,-0.1953125,0.78125,-0.25634765625,0.91552734375,0.2197265625,4.11376953125,0.30517578125,-0.29296875,-0.2197265625,-0.64697265625,-0.244140625,-0.42724609375,0.18310546875,0.537109375,0.13427734375,1.50146484375,-0.03662109375,0.5126953125,0,-0.35400390625,0.08544921875,0.91552734375,-0.01220703125,0.81787109375,-0.1220703125,0.57373046875,0.40283203125,0.68359375,-0.0732421875,0.25634765625,0.09765625,0.91552734375,0.2685546875,1.45263671875,0.28076171875,0.54931640625,-0.01220703125,0.146484375,0.1220703125,7.71484375,0.0732421875,10.2783203125,0.0732421875,6.06689453125,-0.23193359375,8.36181640625,-0.10986328125,5.11474609375,-0.048828125,6.54296875,-0.30517578125,7.33642578125,-0.0732421875,4.541015625,-0.08544921875,-1.45263671875,-0.25634765625,-0.20751953125,-0.5859375,-0.28076171875,0.10986328125,-1.28173828125,-0.08544921875,-0.72021484375,-0.06103515625,-0.68359375,-0.1953125,-0.6103515625,0.0244140625,-0.0732421875,-0.23193359375,-0.69580078125,-0.3173828125,-1.416015625,-0.1953125,-1.0009765625,0,0.40283203125,-0.0244140625,0.28076171875,-0.06103515625,-0.048828125,-0.06103515625,-0.1708984375,-0.35400390625,0.13427734375,0,1.5625,-0.06103515625,1.81884765625,-0.23193359375,0.47607421875,-0.048828125,5.322265625
1,-0.341796875,1.62353515625,-0.244140625,5.82275390625,0.01220703125,1.7822265625,-0.1220703125,2.392578125,-0.15869140625,-0.1220703125,-0.1708984375,-0.927734375,0.03662109375,0.98876953125,-0.08544921875,-0.1708984375,0.18310546875,-0.62255859375,0.1220703125,-0.1708984375,0.50048828125,0.84228515625,0.09765625,-0.6103515625,0.10986328125,-0.09765625,-0.06103515625,-0.732421875,0.0244140625,0.93994140625,-0.048828125,0.146484375,-0.23193359375,2.30712890625,-0.20751953125,1.3427734375,-0.29296875,1.42822265625,0.1220703125,5.31005859375,0.244140625,-0.25634765625,-0.15869140625,-0.634765625,-0.32958984375,-0.439453125,0.15869140625,0.52490234375,0.10986328125,1.55029296875,-0.0732421875,0.5615234375,-0.08544921875,-0.2685546875,0.1220703125,0.93994140625,-0.048828125,0.8056640625,-0.13427734375,0.5615234375,0.439453125,0.68359375,-0.09765625,0.29296875,0.13427734375,0.86669921875,0.1953125,1.40380859375,0.30517578125,0.48828125,0.0244140625,0.146484375,0.09765625,7.80029296875,0.15869140625,10.4248046875,0.18310546875,6.1767578125,-0.32958984375,8.45947265625,-0.10986328125,5.26123046875,0,6.75048828125,-0.29296875,7.58056640625,-0.0732421875,4.6630859375,-0.08544921875,-1.47705078125,-0.23193359375,-0.2197265625,-0.62255859375,-0.28076171875,0.09765625,-1.26953125,-0.0732421875,-0.72021484375,-0.10986328125,-0.69580078125,-0.2197265625,-0.59814453125,0,-0.06103515625,-0.23193359375,-0.69580078125,-0.28076171875,-1.416015625,-0.18310546875,-1.0009765625,-0.09765625,0.4150390625,-0.01220703125,0.29296875,-0.08544921875,-0.03662109375,-0.0732421875,-0.15869140625,-0.32958984375,0.13427734375,0.0244140625,1.8798828125,-0.06103515625,2.01416015625,-0.20751953125,0.67138671875,0.03662109375,6.33544921875
1,-0.32958984375,1.3427734375,-0.23193359375,5.126953125,0.01220703125,1.47705078125,-0.10986328125,2.0751953125,-0.15869140625,-0.13427734375,-0.15869140625,-0.93994140625,0.06103515625,0.98876953125,-0.06103515625,-0.18310546875,0.1708984375,-0.59814453125,0.0732421875,-0.18310546875,0.40283203125,0.8544921875,0.0732421875,-0.6103515625,0.0244140625,-0.08544921875,-0.10986328125,-0.732421875,0.09765625,0.927734375,-0.03662109375,0.146484375,-0.29296875,2.9296875,-0.2197265625,1.84326171875,-0.32958984375,1.8798828125,0.28076171875,6.396484375,0.18310546875,-0.23193359375,-0.1220703125,-0.59814453125,-0.40283203125,-0.45166015625,0.244140625,0.5126953125,0.10986328125,1.5625,-0.048828125,0.6103515625,-0.01220703125,-0.1708984375,0.23193359375,0.9765625,-0.08544921875,0.8056640625,-0.1708984375,0.57373046875,0.47607421875,0.7080078125,-0.18310546875,0.30517578125,0.10986328125,0.830078125,0.03662109375,1.3427734375,0.13427734375,0.4638671875,-0.0732421875,0.18310546875,0.06103515625,7.6171875,0.1708984375,10.26611328125,0.2197265625,6.005859375,-0.341796875,8.2763671875,-0.09765625,5.224609375,0.06103515625,6.70166015625,-0.28076171875,7.4951171875,-0.0732421875,4.60205078125,-0.09765625,-1.47705078125,-0.1708984375,-0.23193359375,-0.634765625,-0.28076171875,0.048828125,-1.25732421875,-0.0732421875,-0.732421875,-0.1220703125,-0.7080078125,-0.2197265625,-0.62255859375,-0.048828125,-0.08544921875,-0.20751953125,-0.68359375,-0.2197265625,-1.416015625,-0.15869140625,-1.01318359375,-0.146484375,0.390625,-0.0244140625,0.29296875,-0.09765625,-0.01220703125,-0.06103515625,-0.15869140625,-0.30517578125,0.1220703125,0.0244140625,2.1240234375,-0.0732421875,2.18505859375,-0.1953125,0.8544921875,0.03662109375,7.26318359375
1,-0.30517578125,1.11083984375,-0.2197265625,4.4677734375,-0.01220703125,1.220703125,-0.0732421875,1.79443359375,-0.18310546875,-0.1220703125,-0.13427734375,-0.93994140625,0.03662109375,0.98876953125,-0.03662109375,-0.18310546875,0.13427734375,-0.5859375,0.03662109375,-0.18310546875,0.28076171875,0.86669921875,0.03662109375,-0.59814453125,-0.1220703125,-0.0732421875,-0.13427734375,-0.74462890625,0.146484375,0.9521484375,-0.06103515625,0.15869140625,-0.37841796875,3.4423828125,-0.1953125,2.25830078125,-0.341796875,2.24609375,0.2685546875,7.31201171875,0.146484375,-0.1708984375,-0.03662109375,-0.59814453125,-0.48828125,-0.47607421875,0.23193359375,0.52490234375,0.01220703125,1.57470703125,-0.09765625,0.64697265625,-0.0244140625,-0.08544921875,0.25634765625,0.98876953125,-0.08544921875,0.79345703125,-0.20751953125,0.5615234375,0.5615234375,0.72021484375,-0.29296875,0.29296875,0.13427734375,0.7568359375,-0.01220703125,1.2939453125,0.10986328125,0.390625,0.06103515625,0.20751953125,0.0244140625,7.14111328125,0.01220703125,9.75341796875,0.18310546875,5.65185546875,-0.3173828125,7.84912109375,-0.03662109375,4.98046875,0.08544921875,6.4453125,-0.244140625,7.14111328125,-0.048828125,4.33349609375,-0.0244140625,-1.4892578125,-0.09765625,-0.23193359375,-0.52490234375,-0.2685546875,-0.0244140625,-1.25732421875,-0.08544921875,-0.7568359375,-0.1708984375,-0.69580078125,-0.1953125,-0.634765625,-0.09765625,-0.08544921875,-0.18310546875,-0.68359375,-0.146484375,-1.416015625,-0.15869140625,-1.01318359375,-0.20751953125,0.390625,-0.0244140625,0.2685546875,-0.146484375,0.01220703125,-0.06103515625,-0.13427734375,-0.3173828125,0.10986328125,0.01220703125,2.28271484375,-0.08544921875,2.30712890625,-0.20751953125,0.9521484375,0,8.04443359375
1,-0.29296875,0.89111328125,-0.20751953125,3.86962890625,-0.0244140625,0.98876953125,-0.08544921875,1.5380859375,-0.1708984375,-0.1220703125,-0.15869140625,-0.93994140625,0.03662109375,1.0009765625,-0.03662109375,-0.15869140625,0.0732421875,-0.59814453125,0.03662109375,-0.18310546875,0.09765625,0.8544921875,0.03662109375,-0.5859375,-0.2685546875,-0.08544921875,-0.09765625,-0.74462890625,0.20751953125,0.9521484375,-0.10986328125,0.15869140625,-0.45166015625,3.86962890625,-0.1708984375,2.5146484375,-0.35400390625,2.52685546875,0.23193359375,8.02001953125,0.08544921875,-0.146484375,0.048828125,-0.5615234375,-0.5859375,-0.45166015625,0.29296875,0.5126953125,-0.03662109375,1.5380859375,-0.09765625,0.64697265625,-0.0732421875,-0.0244140625,0.35400390625,0.9765625,-0.0732421875,0.78125,-0.20751953125,0.5615234375,0.6103515625,0.69580078125,-0.341796875,0.29296875,0.1220703125,0.67138671875,-0.0732421875,1.1962890625,-0.06103515625,0.3173828125,0.0732421875,0.25634765625,-0.10986328125,6.5673828125,-0.06103515625,9.0087890625,0.146484375,5.18798828125,-0.244140625,7.26318359375,0,4.541015625,0.10986328125,5.9814453125,-0.20751953125,6.54296875,-0.01220703125,3.9306640625,0,-1.50146484375,-0.048828125,-0.244140625,-0.4638671875,-0.29296875,-0.048828125,-1.26953125,-0.09765625,-0.7568359375,-0.244140625,-0.7080078125,-0.2197265625,-0.67138671875,-0.10986328125,-0.0732421875,-0.08544921875,-0.67138671875,-0.0732421875,-1.4404296875,-0.1708984375,-0.9765625,-0.25634765625,0.390625,-0.0244140625,0.2685546875,-0.15869140625,0,-0.06103515625,-0.09765625,-0.3173828125,0.13427734375,0.03662109375,2.392578125,-0.08544921875,2.35595703125,-0.1953125,0.98876953125,-0.08544921875,8.55712890625
1,-0.2685546875,0.69580078125,-0.13427734375,3.3203125,-0.01220703125,0.76904296875,-0.08544921875,1.30615234375,-0.1708984375,-0.1220703125,-0.13427734375,-0.927734375,0,0.98876953125,-0.0244140625,-0.1708984375,0,-0.59814453125,0.0732421875,-0.1953125,-0.0732421875,0.86669921875,0.06103515625,-0.5859375,-0.341796875,-0.08544921875,-0.048828125,-0.7568359375,0.30517578125,0.96435546875,-0.1708984375,0.15869140625,-0.5615234375,4.0771484375,-0.20751953125,2.6123046875,-0.32958984375,2.67333984375,0.20751953125,8.49609375,0.09765625,-0.10986328125,0.08544921875,-0.52490234375,-0.6591796875,-0.45166015625,0.32958984375,0.52490234375,-0.09765625,1.46484375,-0.09765625,0.634765625,-0.1220703125,-0.0244140625,0.439453125,0.9765625,-0.03662109375,0.78125,-0.23193359375,0.5615234375,0.6103515625,0.6591796875,-0.341796875,0.30517578125,0.146484375,0.62255859375,-0.1220703125,1.171875,-0.18310546875,0.2685546875,0.0732421875,0.25634765625,-0.13427734375,5.94482421875,-0.13427734375,8.21533203125,0.13427734375,4.6630859375,-0.15869140625,6.65283203125,0.03662109375,3.955078125,0.1220703125,5.322265625,-0.18310546875,5.70068359375,0.0244140625,3.3935546875,0.06103515625,-1.4892578125,0.0244140625,-0.244140625,-0.35400390625,-0.2685546875,-0.0732421875,-1.25732421875,-0.09765625,-0.74462890625,-0.244140625,-0.7080078125,-0.20751953125,-0.68359375,-0.13427734375,-0.0732421875,-0.06103515625,-0.69580078125,0.048828125,-1.40380859375,-0.18310546875,-0.96435546875,-0.244140625,0.390625,-0.06103515625,0.28076171875,-0.18310546875,0.0244140625,-0.06103515625,-0.08544921875,-0.30517578125,0.146484375,0.0244140625,2.38037109375,-0.13427734375,2.3681640625,-0.20751953125,1.0009765625,0,8.7890625
1,-0.2685546875,0.50048828125,-0.13427734375,2.81982421875,-0.01220703125,0.5859375,-0.06103515625,1.123046875,-0.18310546875,-0.1220703125,-0.1708984375,-0.927734375,0,0.9765625,-0.0244140625,-0.15869140625,-0.08544921875,-0.5859375,0.09765625,-0.20751953125,-0.1953125,0.86669921875,0.08544921875,-0.57373046875,-0.390625,-0.08544921875,-0.0244140625,-0.76904296875,0.3173828125,0.9765625,-0.2197265625,0.1708984375,-0.634765625,4.1259765625,-0.08544921875,2.62451171875,-0.3173828125,2.69775390625,0.146484375,8.72802734375,0.1220703125,-0.06103515625,0.15869140625,-0.5126953125,-0.67138671875,-0.439453125,0.3662109375,0.52490234375,-0.1708984375,1.416015625,-0.13427734375,0.6103515625,-0.23193359375,-0.048828125,0.48828125,0.927734375,-0.01220703125,0.78125,-0.28076171875,0.5615234375,0.6591796875,0.634765625,-0.3662109375,0.28076171875,0.18310546875,0.52490234375,-0.1953125,1.11083984375,-0.32958984375,0.2197265625,0.03662109375,0.25634765625,-0.08544921875,5.35888671875,-0.1953125,7.36083984375,0.1220703125,4.13818359375,-0.09765625,6.09130859375,0.048828125,3.2470703125,0.146484375,4.5166015625,-0.1708984375,4.7119140625,0.03662109375,2.74658203125,0.09765625,-1.47705078125,0.03662109375,-0.23193359375,-0.20751953125,-0.29296875,-0.03662109375,-1.26953125,-0.08544921875,-0.7568359375,-0.2685546875,-0.72021484375,-0.20751953125,-0.69580078125,-0.15869140625,-0.06103515625,-0.048828125,-0.68359375,0.10986328125,-1.42822265625,-0.1953125,-0.9765625,-0.244140625,0.4150390625,-0.08544921875,0.28076171875,-0.18310546875,0.0244140625,-0.048828125,-0.06103515625,-0.30517578125,0.15869140625,0.0732421875,2.3193359375,-0.1220703125,2.3193359375,-0.20751953125,0.927734375,0.048828125,8.70361328125
0,-0.29296875,0.341796875,-0.09765625,2.294921875,0,0.4150390625,-0.06103515625,0.91552734375,-0.1708984375,-0.13427734375,-0.1953125,-0.927734375,-0.0244140625,0.98876953125,-0.03662109375,-0.1708984375,-0.146484375,-0.54931640625,0.13427734375,-0.2197265625,-0.28076171875,0.87890625,0.0732421875,-0.59814453125,-0.40283203125,-0.09765625,0.03662109375,-0.78125,0.341796875,0.9765625,-0.23193359375,0.18310546875,-0.72021484375,4.0771484375,0,2.50244140625,-0.29296875,2.6611328125,0.23193359375,8.75244140625,0.20751953125,-0.08544921875,0.20751953125,-0.5126953125,-0.67138671875,-0.42724609375,0.390625,0.52490234375,-0.2197265625,1.37939453125,-0.1220703125,0.5615234375,-0.30517578125,-0.06103515625,0.537109375,0.927734375,0.048828125,0.76904296875,-0.30517578125,0.5615234375,0.6591796875,0.5859375,-0.2685546875,0.2685546875,0.2197265625,0.5126953125,-0.146484375,1.123046875,-0.35400390625,0.20751953125,0.0244140625,0.2685546875,-0.08544921875,4.91943359375,-0.20751953125,6.70166015625,0.0732421875,3.79638671875,-0.0732421875,5.6640625,0.03662109375,2.4658203125,0.1708984375,3.61328125,-0.18310546875,3.62548828125,0.03662109375,2.0751953125,0.146484375,-1.46484375,0.048828125,-0.23193359375,-0.06103515625,-0.29296875,0,-1.30615234375,-0.048828125,-0.7568359375,-0.28076171875,-0.69580078125,-0.2197265625,-0.69580078125,-0.13427734375,-0.048828125,0,-0.69580078125,0.18310546875,-1.416015625,-0.20751953125,-0.9521484375,-0.2197265625,0.42724609375,-0.1220703125,0.28076171875,-0.18310546875,0.01220703125,-0.06103515625,-0.08544921875,-0.30517578125,0.15869140625,0.048828125,2.20947265625,-0.10986328125,2.2705078125,-0.18310546875,0.8544921875,-0.03662109375,8.3251953125
0,-0.25634765625,0.13427734375,-0.08544921875,1.74560546875,0.0244140625,0.2197265625,-0.06103515625,0.69580078125,-0.146484375,-0.13427734375,-0.20751953125,-0.93994140625,-0.03662109375,0.9765625,-0.048828125,-0.1708984375,-0.1953125,-0.5859375,0.15869140625,-0.23193359375,-0.30517578125,0.87890625,0.06103515625,-0.6103515625,-0.32958984375,-0.08544921875,0.0732421875,-0.79345703125,0.341796875,0.98876953125,-0.2197265625,0.18310546875,-0.7568359375,3.89404296875,0.03662109375,2.34375,-0.20751953125,2.5390625,0.30517578125,8.642578125,0.3173828125,-0.09765625,0.2685546875,-0.5126953125,-0.67138671875,-0.4638671875,0.35400390625,0.52490234375,-0.23193359375,1.40380859375,-0.10986328125,0.5615234375,-0.439453125,-0.08544921875,0.5126953125,0.93994140625,0.08544921875,0.7568359375,-0.341796875,0.5615234375,0.74462890625,0.54931640625,-0.23193359375,0.23193359375,0.2197265625,0.54931640625,-0.10986328125,1.171875,-0.35400390625,0.2685546875,0.15869140625,0.28076171875,0.048828125,4.638671875,-0.146484375,6.28662109375,0.08544921875,3.5400390625,0,5.38330078125,0.01220703125,1.6357421875,0.146484375,2.685546875,-0.1220703125,2.55126953125,0.01220703125,1.37939453125,0.1708984375,-1.45263671875,0.048828125,-0.23193359375,0.0732421875,-0.3173828125,0.048828125,-1.318359375,-0.0244140625,-0.76904296875,-0.244140625,-0.69580078125,-0.1953125,-0.69580078125,-0.10986328125,-0.06103515625,0.0244140625,-0.7080078125,0.2197265625,-1.4404296875,-0.20751953125,-0.96435546875,-0.18310546875,0.4150390625,-0.15869140625,0.28076171875,-0.1953125,0,-0.048828125,-0.10986328125,-0.28076171875,0.1708984375,0.0244140625,2.05078125,-0.10986328125,2.16064453125,-0.1708984375,0.7568359375,-0.15869140625,7.70263671875
0,-0.25634765625,-0.08544921875,-0.03662109375,1.1474609375,0.0244140625,0,-0.03662109375,0.439453125,-0.146484375,-0.13427734375,-0.20751953125,-0.93994140625,-0.03662109375,0.98876953125,-0.03662109375,-0.20751953125,-0.146484375,-0.5859375,0.13427734375,-0.2197265625,-0.2685546875,0.86669921875,0.048828125,-0.62255859375,-0.29296875,-0.09765625,0.15869140625,-0.7568359375,0.30517578125,0.98876953125,-0.1220703125,0.18310546875,-0.7568359375,3.72314453125,0.10986328125,2.1484375,-0.1708984375,2.42919921875,0.2685546875,8.41064453125,0.37841796875,-0.10986328125,0.390625,-0.52490234375,-0.6103515625,-0.47607421875,0.29296875,0.537109375,-0.2197265625,1.4892578125,-0.10986328125,0.5859375,-0.3662109375,-0.08544921875,0.52490234375,0.9765625,0.146484375,0.78125,-0.3662109375,0.54931640625,0.6591796875,0.5126953125,-0.18310546875,0.20751953125,0.20751953125,0.64697265625,-0.08544921875,1.2451171875,-0.30517578125,0.35400390625,0.0732421875,0.341796875,0.1220703125,4.541015625,-0.18310546875,6.06689453125,0.09765625,3.466796875,0.0244140625,5.31005859375,-0.03662109375,0.84228515625,0.06103515625,1.7822265625,-0.03662109375,1.5380859375,-0.0244140625,0.7080078125,0.1953125,-1.42822265625,0.01220703125,-0.2197265625,0.1953125,-0.30517578125,0.10986328125,-1.33056640625,0,-0.7568359375,-0.23193359375,-0.69580078125,-0.13427734375,-0.67138671875,-0.0732421875,-0.0732421875,0.0732421875,-0.732421875,0.25634765625,-1.42822265625,-0.18310546875,-0.98876953125,-0.146484375,0.4150390625,-0.18310546875,0.29296875,-0.20751953125,-0.01220703125,-0.048828125,-0.10986328125,-0.28076171875,0.15869140625,0.048828125,1.89208984375,-0.13427734375,2.08740234375,-0.1708984375,0.6591796875,-0.2197265625,6.92138671875
0,-0.23193359375,-0.32958984375,-0.048828125,0.50048828125,0.03662109375,-0.2197265625,-0.03662109375,0.1708984375,-0.1708984375,-0.1220703125,-0.1953125,-0.9521484375,-0.08544921875,0.98876953125,-0.03662109375,-0.1953125,-0.10986328125,-0.62255859375,0.146484375,-0.23193359375,-0.18310546875,0.84228515625,0.09765625,-0.634765625,-0.25634765625,-0.10986328125,0.20751953125,-0.7568359375,0.244140625,0.98876953125,-0.048828125,0.15869140625,-0.72021484375,3.57666015625,0.15869140625,1.9775390625,-0.146484375,2.3193359375,0.1953125,8.1298828125,0.4638671875,-0.15869140625,0.439453125,-0.54931640625,-0.5859375,-0.4638671875,0.23193359375,0.5126953125,-0.23193359375,1.62353515625,-0.1220703125,0.64697265625,-0.390625,-0.048828125,0.48828125,1.06201171875,0.1708984375,0.78125,-0.390625,0.54931640625,0.69580078125,0.47607421875,-0.1220703125,0.1953125,0.15869140625,0.76904296875,-0.09765625,1.3671875,-0.28076171875,0.45166015625,0.01220703125,0.3662109375,0.1708984375,4.57763671875,-0.18310546875,6.0791015625,0.09765625,3.52783203125,0.03662109375,5.38330078125,-0.08544921875,0.10986328125,-0.01220703125,0.93994140625,0.0244140625,0.59814453125,-0.048828125,0.13427734375,0.18310546875,-1.4404296875,0,-0.23193359375,0.29296875,-0.32958984375,0.1708984375,-1.33056640625,0.01220703125,-0.76904296875,-0.244140625,-0.72021484375,-0.08544921875,-0.64697265625,-0.048828125,-0.048828125,0.1220703125,-0.74462890625,0.25634765625,-1.45263671875,-0.18310546875,-0.9765625,-0.10986328125,0.4150390625,-0.1953125,0.30517578125,-0.18310546875,-0.03662109375,-0.0732421875,-0.1220703125,-0.244140625,0.146484375,0.06103515625,1.7333984375,-0.15869140625,1.953125,-0.1708984375,0.5615234375,-0.25634765625,6.0546875
0,-0.25634765625,-0.59814453125,-0.06103515625,-0.13427734375,0,-0.4638671875,-0.06103515625,-0.08544921875,-0.15869140625,-0.09765625,-0.18310546875,-0.9521484375,-0.08544921875,1.01318359375,-0.03662109375,-0.20751953125,0,-0.64697265625,0.13427734375,-0.2197265625,-0.10986328125,0.84228515625,0.09765625,-0.6103515625,-0.2197265625,-0.10986328125,0.2197265625,-0.74462890625,0.146484375,0.9765625,-0.03662109375,0.1708984375,-0.64697265625,3.47900390625,0.20751953125,1.8310546875,-0.10986328125,2.2216796875,0.1953125,7.8125,0.5126953125,-0.1708984375,0.50048828125,-0.59814453125,-0.57373046875,-0.48828125,0.146484375,0.537109375,-0.20751953125,1.7578125,-0.18310546875,0.72021484375,-0.3173828125,0.03662109375,0.50048828125,1.18408203125,0.18310546875,0.78125,-0.35400390625,0.54931640625,0.69580078125,0.48828125,-0.0732421875,0.20751953125,0.146484375,0.927734375,-0.0732421875,1.50146484375,-0.1708984375,0.57373046875,-0.03662109375,0.42724609375,0.146484375,4.736328125,-0.1220703125,6.298828125,0.15869140625,3.67431640625,-0.03662109375,5.55419921875,-0.10986328125,-0.48828125,-0.10986328125,0.2197265625,0.09765625,-0.2197265625,-0.048828125,-0.35400390625,0.146484375,-1.4404296875,-0.01220703125,-0.2197265625,0.40283203125,-0.30517578125,0.146484375,-1.33056640625,-0.0244140625,-0.7568359375,-0.1708984375,-0.68359375,-0.03662109375,-0.6591796875,-0.01220703125,-0.06103515625,0.10986328125,-0.732421875,0.25634765625,-1.416015625,-0.1708984375,-0.9765625,-0.0732421875,0.4150390625,-0.20751953125,0.30517578125,-0.20751953125,-0.048828125,-0.0732421875,-0.08544921875,-0.244140625,0.146484375,0.048828125,1.611328125,-0.13427734375,1.8798828125,-0.15869140625,0.4638671875,-0.25634765625,5.28564453125
0,-0.23193359375,-0.84228515625,-0.08544921875,-0.74462890625,0,-0.732421875,-0.048828125,-0.3662109375,-0.1708984375,-0.08544921875,-0.20751953125,-0.9521484375,-0.0732421875,1.0009765625,-0.03662109375,-0.1953125,0.10986328125,-0.64697265625,0.10986328125,-0.2197265625,-0.048828125,0.830078125,0.09765625,-0.6103515625,-0.13427734375,-0.10986328125,0.2197265625,-0.732421875,0.06103515625,0.93994140625,-0.01220703125,0.1708984375,-0.52490234375,3.40576171875,0.29296875,1.74560546875,-0.06103515625,2.16064453125,0.23193359375,7.470703125,0.54931640625,-0.20751953125,0.52490234375,-0.67138671875,-0.537109375,-0.50048828125,0.09765625,0.52490234375,-0.1708984375,1.9287109375,-0.20751953125,0.8544921875,-0.35400390625,0.13427734375,0.439453125,1.26953125,0.1708984375,0.79345703125,-0.32958984375,0.5615234375,0.67138671875,0.52490234375,0.03662109375,0.2197265625,0.08544921875,1.06201171875,-0.0732421875,1.611328125,-0.13427734375,0.69580078125,-0.0732421875,0.48828125,0.01220703125,4.8828125,-0.01220703125,6.50634765625,0.23193359375,3.82080078125,-0.08544921875,5.70068359375,-0.13427734375,-0.93994140625,-0.18310546875,-0.341796875,0.13427734375,-0.830078125,-0.01220703125,-0.76904296875,0.1220703125,-1.4404296875,-0.01220703125,-0.244140625,0.537109375,-0.32958984375,0.1953125,-1.33056640625,-0.0244140625,-0.78125,-0.13427734375,-0.68359375,-0.0244140625,-0.634765625,0.048828125,-0.06103515625,0.146484375,-0.69580078125,0.23193359375,-1.416015625,-0.1708984375,-0.98876953125,-0.0244140625,0.40283203125,-0.1953125,0.3173828125,-0.1953125,-0.06103515625,-0.048828125,-0.06103515625,-0.23193359375,0.146484375,0.0244140625,1.50146484375,-0.146484375,1.7822265625,-0.146484375,0.40283203125,-0.1953125,4.638671875
0,-0.18310546875,-1.0498046875,-0.03662109375,-1.25732421875,0,-0.91552734375,-0.048828125,-0.57373046875,-0.20751953125,-0.09765625,-0.18310546875,-0.9521484375,-0.09765625,1.0009765625,-0.0244140625,-0.18310546875,0.2197265625,-0.67138671875,0.048828125,-0.20751953125,-0.0732421875,0.81787109375,0.08544921875,-0.6103515625,-0.048828125,-0.10986328125,0.10986328125,-0.72021484375,-0.01220703125,0.9521484375,-0.048828125,0.146484375,-0.40283203125,3.35693359375,0.37841796875,1.6845703125,0.03662109375,2.1240234375,0.18310546875,7.1533203125,0.52490234375,-0.25634765625,0.47607421875,-0.732421875,-0.5126953125,-0.48828125,0.1220703125,0.537109375,-0.15869140625,2.03857421875,-0.1953125,0.96435546875,-0.29296875,0.2197265625,0.37841796875,1.3671875,0.10986328125,0.79345703125,-0.2197265625,0.537109375,0.62255859375,0.54931640625,0.08544921875,0.244140625,0.06103515625,1.15966796875,-0.146484375,1.64794921875,-0.08544921875,0.7568359375,-0.10986328125,0.5126953125,-0.09765625,4.9560546875,0.0732421875,6.65283203125,0.25634765625,3.86962890625,-0.18310546875,5.79833984375,-0.1220703125,-1.26953125,-0.25634765625,-0.76904296875,0.18310546875,-1.25732421875,-0.03662109375,-1.01318359375,0.048828125,-1.45263671875,-0.03662109375,-0.244140625,0.62255859375,-0.32958984375,0.1953125,-1.30615234375,-0.03662109375,-0.76904296875,-0.0732421875,-0.67138671875,0.01220703125,-0.62255859375,0.0732421875,-0.0732421875,0.13427734375,-0.69580078125,0.20751953125,-1.416015625,-0.1220703125,-1.0009765625,-0.03662109375,0.37841796875,-0.1708984375,0.30517578125,-0.1953125,-0.0732421875,-0.0732421875,-0.048828125,-0.20751953125,0.13427734375,0.03662109375,1.40380859375,-0.10986328125,1.72119140625,-0.146484375,0.3662109375,-0.23193359375,4.19921875
0,-0.18310546875,-1.1962890625,-0.03662109375,-1.5869140625,0.01220703125,-1.03759765625,-0.048828125,-0.72021484375,-0.20751953125,-0.10986328125,-0.1953125,-0.93994140625,-0.09765625,1.01318359375,-0.03662109375,-0.1708984375,0.3173828125,-0.6591796875,0,-0.2197265625,-0.1220703125,0.830078125,0.0244140625,-0.6103515625,-0.01220703125,-0.10986328125,0.01220703125,-0.72021484375,-0.09765625,0.91552734375,-0.09765625,0.146484375,-0.30517578125,3.3203125,0.439453125,1.66015625,0.1220703125,2.0751953125,0.28076171875,6.884765625,0.439453125,-0.2685546875,0.390625,-0.7568359375,-0.47607421875,-0.48828125,0.1220703125,0.52490234375,-0.15869140625,2.0751953125,-0.2197265625,0.98876953125,-0.25634765625,0.28076171875,0.32958984375,1.3916015625,0,0.78125,-0.18310546875,0.5615234375,0.57373046875,0.57373046875,0.09765625,0.2685546875,0.09765625,1.1962890625,-0.1953125,1.64794921875,-0.048828125,0.76904296875,-0.09765625,0.52490234375,-0.25634765625,4.89501953125,0.13427734375,6.60400390625,0.20751953125,3.7841796875,-0.32958984375,5.7373046875,-0.13427734375,-1.47705078125,-0.341796875,-1.03759765625,0.1953125,-1.52587890625,-0.0732421875,-1.1962890625,-0.03662109375,-1.45263671875,-0.048828125,-0.25634765625,0.67138671875,-0.3173828125,0.20751953125,-1.30615234375,-0.0244140625,-0.7568359375,-0.03662109375,-0.68359375,0.03662109375,-0.62255859375,0.08544921875,-0.08544921875,0.09765625,-0.68359375,0.1953125,-1.42822265625,-0.08544921875,-0.98876953125,-0.06103515625,0.390625,-0.15869140625,0.28076171875,-0.1708984375,-0.08544921875,-0.048828125,-0.03662109375,-0.1953125,0.13427734375,0.0244140625,1.3671875,-0.10986328125,1.67236328125,-0.1220703125,0.35400390625,-0.28076171875,4.04052734375
0,-0.15869140625,-1.2451171875,-0.0244140625,-1.7333984375,0.0244140625,-1.0986328125,-0.03662109375,-0.78125,-0.2197265625,-0.1220703125,-0.15869140625,-0.91552734375,-0.10986328125,1.0009765625,-0.0244140625,-0.1708984375,0.3662109375,-0.64697265625,-0.06103515625,-0.23193359375,-0.2197265625,0.830078125,-0.06103515625,-0.5859375,-0.03662109375,-0.10986328125,-0.048828125,-0.7080078125,-0.1220703125,0.927734375,-0.146484375,0.1708984375,-0.28076171875,3.23486328125,0.52490234375,1.6357421875,0.2685546875,2.05078125,0.25634765625,6.640625,0.3662109375,-0.29296875,0.28076171875,-0.79345703125,-0.47607421875,-0.48828125,0.09765625,0.537109375,-0.18310546875,2.0263671875,-0.1953125,0.96435546875,-0.2197265625,0.2685546875,0.2197265625,1.318359375,-0.0732421875,0.8056640625,-0.13427734375,0.537109375,0.54931640625,0.62255859375,0.1220703125,0.28076171875,0.06103515625,1.123046875,-0.244140625,1.57470703125,-0.1220703125,0.68359375,0,0.5126953125,-0.2197265625,4.62646484375,0.18310546875,6.23779296875,0.18310546875,3.564453125,-0.29296875,5.48095703125,-0.09765625,-1.5625,-0.341796875,-1.171875,0.1953125,-1.6357421875,-0.10986328125,-1.26953125,-0.08544921875,-1.46484375,-0.0732421875,-0.23193359375,0.69580078125,-0.3173828125,0.20751953125,-1.2939453125,-0.01220703125,-0.7568359375,-0.03662109375,-0.68359375,0.048828125,-0.64697265625,0.09765625,-0.08544921875,0.08544921875,-0.67138671875,0.1708984375,-1.4404296875,0.0244140625,-0.98876953125,-0.10986328125,0.390625,-0.1220703125,0.2685546875,-0.1708984375,-0.0732421875,-0.06103515625,0,-0.146484375,0.146484375,0.0244140625,1.3427734375,-0.0732421875,1.67236328125,-0.1220703125,0.341796875,-0.30517578125,4.1259765625
0,-0.146484375,-1.220703125,-0.01220703125,-1.67236328125,0.01220703125,-1.0498046875,-0.03662109375,-0.732421875,-0.1953125,-0.1220703125,-0.146484375,-0.93994140625,-0.09765625,1.0009765625,-0.03662109375,-0.18310546875,0.3662109375,-0.62255859375,-0.1220703125,-0.244140625,-0.30517578125,0.84228515625,-0.18310546875,-0.5859375,-0.10986328125,-0.09765625,-0.15869140625,-0.7080078125,-0.146484375,0.927734375,-0.146484375,0.146484375,-0.30517578125,3.173828125,0.54931640625,1.59912109375,0.3173828125,1.9775390625,0.1220703125,6.43310546875,0.390625,-0.30517578125,0.1708984375,-0.79345703125,-0.4638671875,-0.48828125,0.08544921875,0.537109375,-0.20751953125,1.9287109375,-0.15869140625,0.87890625,-0.09765625,0.2197265625,0.1220703125,1.220703125,-0.09765625,0.79345703125,-0.1220703125,0.52490234375,0.48828125,0.6591796875,0.10986328125,0.29296875,0.09765625,1.01318359375,-0.20751953125,1.46484375,-0.1708984375,0.6103515625,0.1708984375,0.52490234375,-0.23193359375,4.1748046875,0.1953125,5.6396484375,0.048828125,3.13720703125,-0.30517578125,5.06591796875,-0.06103515625,-1.55029296875,-0.341796875,-1.23291015625,0.20751953125,-1.64794921875,-0.1708984375,-1.28173828125,-0.10986328125,-1.47705078125,-0.08544921875,-0.23193359375,0.64697265625,-0.3173828125,0.18310546875,-1.2939453125,-0.01220703125,-0.7568359375,-0.0244140625,-0.7080078125,0.06103515625,-0.6591796875,0.0732421875,-0.0732421875,0.09765625,-0.68359375,0.13427734375,-1.42822265625,0.0244140625,-0.98876953125,-0.18310546875,0.40283203125,-0.1220703125,0.28076171875,-0.1708984375,-0.048828125,-0.06103515625,-0.01220703125,-0.1220703125,0.146484375,0.01220703125,1.3671875,-0.0732421875,1.69677734375,-0.09765625,0.341796875,-0.32958984375,4.30908203125
0,-0.13427734375,-1.0986328125,0,-1.45263671875,0.01220703125,-0.93994140625,-0.0244140625,-0.634765625,-0.18310546875,-0.10986328125,-0.146484375,-0.927734375,-0.08544921875,1.0009765625,-0.0244140625,-0.18310546875,0.32958984375,-0.6103515625,-0.1708984375,-0.244140625,-0.40283203125,0.86669921875,-0.30517578125,-0.5859375,-0.20751953125,-0.08544921875,-0.2197265625,-0.732421875,-0.146484375,0.93994140625,-0.1220703125,0.146484375,-0.32958984375,3.076171875,0.537109375,1.55029296875,0.40283203125,1.8798828125,0.048828125,6.2744140625,0.3662109375,-0.29296875,0.048828125,-0.79345703125,-0.390625,-0.48828125,0.048828125,0.5615234375,-0.2685546875,1.7333984375,-0.1220703125,0.74462890625,-0.01220703125,0.1220703125,0.03662109375,1.07421875,-0.09765625,0.79345703125,-0.146484375,0.54931640625,0.50048828125,0.68359375,0.13427734375,0.29296875,0.13427734375,0.87890625,-0.10986328125,1.37939453125,-0.2197265625,0.5126953125,0.244140625,0.59814453125,-0.146484375,3.564453125,0.2685546875,4.7607421875,-0.03662109375,2.60009765625,-0.23193359375,4.45556640625,-0.10986328125,-1.50146484375,-0.32958984375,-1.20849609375,0.06103515625,-1.5869140625,-0.25634765625,-1.2451171875,-0.08544921875,-1.47705078125,-0.06103515625,-0.2197265625,0.57373046875,-0.29296875,0.20751953125,-1.2939453125,-0.01220703125,-0.74462890625,-0.03662109375,-0.7080078125,0.08544921875,-0.6591796875,0.03662109375,-0.08544921875,0.0732421875,-0.69580078125,0.08544921875,-1.42822265625,0.03662109375,-0.9765625,-0.25634765625,0.40283203125,-0.10986328125,0.28076171875,-0.18310546875,-0.048828125,-0.06103515625,-0.0244140625,-0.1220703125,0.15869140625,0.0244140625,1.3916015625,-0.08544921875,1.708984375,-0.09765625,0.341796875,-0.35400390625,4.58984375
0,-0.10986328125,-0.9521484375,0.01220703125,-1.08642578125,-0.01220703125,-0.76904296875,-0.0244140625,-0.439453125,-0.15869140625,-0.1220703125,-0.18310546875,-0.93994140625,-0.0732421875,1.0009765625,-0.0244140625,-0.1953125,0.23193359375,-0.5859375,-0.23193359375,-0.25634765625,-0.4638671875,0.9033203125,-0.37841796875,-0.5859375,-0.244140625,-0.09765625,-0.25634765625,-0.72021484375,-0.146484375,0.9765625,-0.0732421875,0.15869140625,-0.3662109375,2.91748046875,0.47607421875,1.47705078125,0.439453125,1.77001953125,-0.0244140625,6.1279296875,0.4150390625,-0.28076171875,-0.048828125,-0.74462890625,-0.29296875,-0.47607421875,0.0244140625,0.537109375,-0.30517578125,1.5380859375,-0.06103515625,0.5859375,0.03662109375,0,-0.06103515625,0.89111328125,-0.0244140625,0.76904296875,-0.10986328125,0.537109375,0.390625,0.67138671875,0.2197265625,0.2685546875,0.1220703125,0.7568359375,-0.06103515625,1.2939453125,-0.30517578125,0.439453125,0.3173828125,0.72021484375,0.01220703125,2.83203125,0.2197265625,3.74755859375,-0.146484375,1.98974609375,-0.1708984375,3.759765625,-0.048828125,-1.42822265625,-0.23193359375,-1.13525390625,-0.01220703125,-1.50146484375,-0.18310546875,-1.1962890625,-0.06103515625,-1.46484375,-0.06103515625,-0.1953125,0.47607421875,-0.30517578125,0.20751953125,-1.28173828125,0.01220703125,-0.74462890625,-0.08544921875,-0.7080078125,0.15869140625,-0.67138671875,-0.03662109375,-0.09765625,0.0244140625,-0.68359375,0.06103515625,-1.416015625,0.048828125,-0.96435546875,-0.32958984375,0.4150390625,-0.09765625,0.28076171875,-0.1708984375,-0.03662109375,-0.06103515625,-0.03662109375,-0.08544921875,0.146484375,0.0244140625,1.3916015625,-0.0732421875,1.72119140625,-0.048828125,0.30517578125,-0.40283203125,4.78515625
0,-0.09765625,-0.7568359375,0.0732421875,-0.64697265625,-0.01220703125,-0.59814453125,-0.0244140625,-0.244140625,-0.146484375,-0.09765625,-0.1708984375,-0.927734375,-0.08544921875,0.98876953125,-0.0244140625,-0.18310546875,0.13427734375,-0.5859375,-0.25634765625,-0.25634765625,-0.45166015625,0.9033203125,-0.42724609375,-0.59814453125,-0.32958984375,-0.10986328125,-0.2685546875,-0.72021484375,-0.15869140625,0.9765625,-0.06103515625,0.146484375,-0.37841796875,2.74658203125,0.42724609375,1.37939453125,0.5126953125,1.64794921875,-0.08544921875,5.99365234375,0.48828125,-0.2685546875,-0.10986328125,-0.7080078125,-0.2685546875,-0.4638671875,-0.01220703125,0.5615234375,-0.3173828125,1.37939453125,-0.06103515625,0.439453125,0.048828125,-0.0732421875,-0.06103515625,0.76904296875,0.048828125,0.78125,-0.10986328125,0.537109375,0.3662109375,0.68359375,0.29296875,0.2685546875,0.08544921875,0.72021484375,0.0244140625,1.30615234375,-0.3173828125,0.45166015625,0.390625,1.01318359375,0.09765625,2.1240234375,0.18310546875,2.734375,-0.2197265625,1.3671875,-0.13427734375,3.06396484375,-0.0244140625,-1.40380859375,-0.15869140625,-1.03759765625,-0.06103515625,-1.416015625,-0.09765625,-1.1474609375,-0.048828125,-1.45263671875,-0.048828125,-0.18310546875,0.35400390625,-0.3173828125,0.23193359375,-1.26953125,0,-0.732421875,-0.10986328125,-0.72021484375,0.18310546875,-0.6591796875,-0.10986328125,-0.0732421875,-0.0244140625,-0.69580078125,0.048828125,-1.40380859375,0.0244140625,-0.96435546875,-0.3662109375,0.4150390625,-0.0732421875,0.29296875,-0.15869140625,-0.01220703125,-0.048828125,-0.048828125,-0.09765625,0.13427734375,0.01220703125,1.35498046875,-0.0732421875,1.72119140625,-0.048828125,0.28076171875,-0.37841796875,4.82177734375
1,-0.09765625,-0.59814453125,0.09765625,-0.2685546875,-0.01220703125,-0.40283203125,0,-0.048828125,-0.146484375,-0.08544921875,-0.20751953125,-0.91552734375,-0.08544921875,1.0009765625,-0.0244140625,-0.18310546875,0.03662109375,-0.5859375,-0.25634765625,-0.2685546875,-0.4150390625,0.89111328125,-0.37841796875,-0.62255859375,-0.390625,-0.09765625,-0.2197265625,-0.69580078125,-0.1953125,0.98876953125,-0.0732421875,0.1708984375,-0.35400390625,2.5634765625,0.37841796875,1.23291015625,0.5126953125,1.513671875,-0.01220703125,5.74951171875,0.5615234375,-0.2685546875,-0.13427734375,-0.69580078125,-0.20751953125,-0.47607421875,0.06103515625,0.537109375,-0.29296875,1.33056640625,-0.0732421875,0.390625,0.03662109375,-0.03662109375,-0.10986328125,0.732421875,0.1220703125,0.78125,-0.0732421875,0.54931640625,0.32958984375,0.67138671875,0.28076171875,0.23193359375,0,0.8544921875,0.13427734375,1.42822265625,-0.30517578125,0.57373046875,0.390625,1.42822265625,0.1708984375,1.50146484375,0.15869140625,1.77001953125,-0.2685546875,0.86669921875,-0.06103515625,2.4658203125,-0.01220703125,-1.318359375,-0.08544921875,-0.9521484375,-0.18310546875,-1.35498046875,0,-1.11083984375,-0.0244140625,-1.45263671875,-0.0244140625,-0.13427734375,0.244140625,-0.32958984375,0.244140625,-1.26953125,0.0244140625,-0.732421875,-0.146484375,-0.72021484375,0.18310546875,-0.64697265625,-0.1220703125,-0.0732421875,-0.09765625,-0.68359375,0,-1.40380859375,0.0244140625,-0.93994140625,-0.390625,0.42724609375,-0.10986328125,0.28076171875,-0.15869140625,-0.01220703125,-0.048828125,-0.03662109375,-0.09765625,0.146484375,0,1.28173828125,-0.08544921875,1.62353515625,0,0.2197265625,-0.390625,4.55322265625
1,-0.08544921875,-0.48828125,0.01220703125,0.0244140625,0,-0.30517578125,0,0.06103515625,-0.13427734375,-0.09765625,-0.2197265625,-0.91552734375,-0.08544921875,1.0009765625,0.0244140625,-0.1708984375,-0.048828125,-0.59814453125,-0.20751953125,-0.23193359375,-0.32958984375,0.87890625,-0.32958984375,-0.6103515625,-0.45166015625,-0.1220703125,-0.146484375,-0.64697265625,-0.30517578125,1.0009765625,-0.09765625,0.1708984375,-0.390625,2.34375,0.30517578125,1.03759765625,0.47607421875,1.3427734375,0.08544921875,5.37109375,0.57373046875,-0.28076171875,-0.146484375,-0.6591796875,-0.244140625,-0.4638671875,0.1220703125,0.52490234375,-0.28076171875,1.40380859375,-0.06103515625,0.45166015625,0.03662109375,0.13427734375,-0.10986328125,0.8056640625,0.1953125,0.81787109375,-0.08544921875,0.54931640625,0.25634765625,0.6591796875,0.244140625,0.20751953125,-0.10986328125,1.1474609375,0.1953125,1.6845703125,-0.28076171875,0.79345703125,0.3662109375,2.06298828125,0.1953125,1.07421875,0.0732421875,1.13525390625,-0.32958984375,0.52490234375,-0.048828125,2.05078125,0.0244140625,-1.2939453125,0.01220703125,-0.87890625,-0.29296875,-1.28173828125,0.08544921875,-1.06201171875,-0.0244140625,-1.45263671875,-0.03662109375,-0.13427734375,0.1220703125,-0.30517578125,0.244140625,-1.26953125,0.0244140625,-0.732421875,-0.146484375,-0.7080078125,0.15869140625,-0.634765625,-0.15869140625,-0.06103515625,-0.18310546875,-0.69580078125,-0.03662109375,-1.416015625,-0.01220703125,-0.927734375,-0.37841796875,0.42724609375,-0.09765625,0.30517578125,-0.13427734375,-0.0244140625,-0.048828125,-0.06103515625,-0.09765625,0.1220703125,0,1.123046875,-0.09765625,1.4892578125,-0.01220703125,0.08544921875,-0.30517578125,3.955078125
1,-0.01220703125,-0.439453125,-0.0244140625,0.1708984375,0.03662109375,-0.2685546875,0.048828125,0.10986328125,-0.15869140625,-0.08544921875,-0.2197265625,-0.927734375,-0.10986328125,1.01318359375,0.048828125,-0.1708984375,-0.06103515625,-0.57373046875,-0.2197265625,-0.2197265625,-0.20751953125,0.8544921875,-0.25634765625,-0.62255859375,-0.4638671875,-0.1220703125,-0.06103515625,-0.62255859375,-0.37841796875,1.01318359375,-0.15869140625,0.1708984375,-0.3662109375,2.099609375,0.244140625,0.79345703125,0.439453125,1.171875,0.15869140625,4.8095703125,0.54931640625,-0.244140625,-0.13427734375,-0.6591796875,-0.23193359375,-0.4638671875,0.1220703125,0.52490234375,-0.2685546875,1.611328125,-0.08544921875,0.6591796875,-0.0244140625,0.47607421875,-0.048828125,1.01318359375,0.244140625,0.8056640625,-0.08544921875,0.5615234375,0.1708984375,0.6591796875,0.20751953125,0.20751953125,-0.15869140625,1.6357421875,0.23193359375,2.05078125,-0.244140625,1.171875,0.37841796875,2.84423828125,0.25634765625,0.89111328125,0,0.86669921875,-0.2685546875,0.4150390625,0.01220703125,1.89208984375,0.06103515625,-1.25732421875,0.06103515625,-0.81787109375,-0.390625,-1.25732421875,0.03662109375,-1.03759765625,-0.0244140625,-1.4404296875,-0.048828125,-0.13427734375,0,-0.30517578125,0.20751953125,-1.26953125,0,-0.732421875,-0.09765625,-0.72021484375,0.09765625,-0.62255859375,-0.15869140625,-0.06103515625,-0.1953125,-0.7080078125,-0.10986328125,-1.416015625,-0.0732421875,-0.9521484375,-0.341796875,0.439453125,-0.1220703125,0.28076171875,-0.13427734375,-0.01220703125,-0.06103515625,-0.0244140625,-0.10986328125,0.1220703125,0,0.927734375,-0.08544921875,1.3671875,0.0244140625,-0.06103515625,-0.1708984375,3.0517578125
1,-0.03662109375,-0.439453125,-0.03662109375,0.10986328125,0,-0.29296875,-0.03662109375,0.0732421875,-0.13427734375,-0.10986328125,-0.23193359375,-0.9033203125,-0.048828125,1.0009765625,0.08544921875,-0.18310546875,-0.08544921875,-0.59814453125,-0.1953125,-0.23193359375,-0.09765625,0.87890625,-0.13427734375,-0.6103515625,-0.439453125,-0.13427734375,0.0244140625,-0.54931640625,-0.45166015625,0.98876953125,-0.1953125,0.1708984375,-0.37841796875,1.81884765625,0.1708984375,0.537109375,0.4150390625,0.9765625,0.244140625,4.0771484375,0.45166015625,-0.25634765625,-0.1708984375,-0.634765625,-0.29296875,-0.47607421875,0.1953125,0.537109375,-0.20751953125,2.001953125,-0.09765625,1.025390625,-0.03662109375,1.0009765625,-0.06103515625,1.35498046875,0.23193359375,0.79345703125,-0.1220703125,0.5615234375,0.15869140625,0.69580078125,0.1708984375,0.20751953125,-0.1708984375,2.28271484375,0.2685546875,2.5390625,-0.146484375,1.6357421875,0.244140625,3.759765625,0.2685546875,1.0498046875,-0.10986328125,1.01318359375,-0.23193359375,0.54931640625,-0.06103515625,2.0263671875,0.048828125,-1.2451171875,0.08544921875,-0.76904296875,-0.4150390625,-1.26953125,-0.0244140625,-1.01318359375,0,-1.42822265625,-0.0732421875,-0.146484375,-0.08544921875,-0.30517578125,0.1220703125,-1.25732421875,-0.0732421875,-0.74462890625,-0.06103515625,-0.69580078125,0.048828125,-0.59814453125,-0.1708984375,-0.048828125,-0.18310546875,-0.7080078125,-0.1708984375,-1.40380859375,-0.13427734375,-0.96435546875,-0.25634765625,0.40283203125,-0.1220703125,0.29296875,-0.1220703125,-0.01220703125,-0.048828125,-0.01220703125,-0.1220703125,0.13427734375,0,0.69580078125,-0.06103515625,1.15966796875,0.0244140625,-0.20751953125,-0.1220703125,1.9775390625
1,0.01220703125,-0.5126953125,-0.0732421875,-0.08544921875,-0.01220703125,-0.40283203125,-0.03662109375,0,-0.13427734375,-0.13427734375,-0.23193359375,-0.927734375,-0.09765625,1.01318359375,0.08544921875,-0.1708984375,-0.048828125,-0.59814453125,-0.13427734375,-0.2197265625,0.03662109375,0.8544921875,-0.03662109375,-0.6103515625,-0.35400390625,-0.1220703125,0.0732421875,-0.5126953125,-0.47607421875,0.98876953125,-0.1708984375,0.15869140625,-0.50048828125,1.47705078125,0.146484375,0.23193359375,0.40283203125,0.72021484375,0.29296875,3.13720703125,0.35400390625,-0.244140625,-0.09765625,-0.68359375,-0.37841796875,-0.50048828125,0.15869140625,0.537109375,-0.09765625,2.5146484375,-0.10986328125,1.5380859375,-0.06103515625,1.67236328125,-0.01220703125,1.84326171875,0.25634765625,0.8056640625,-0.13427734375,0.57373046875,0.08544921875,0.74462890625,0.146484375,0.23193359375,-0.1220703125,3.03955078125,0.244140625,3.08837890625,-0.08544921875,2.16064453125,0.048828125,4.74853515625,0.28076171875,1.52587890625,-0.048828125,1.611328125,-0.10986328125,0.9521484375,-0.15869140625,2.4658203125,0.10986328125,-1.23291015625,0.146484375,-0.7568359375,-0.47607421875,-1.25732421875,-0.0244140625,-0.9765625,0.01220703125,-1.46484375,-0.09765625,-0.1708984375,-0.1708984375,-0.29296875,0.03662109375,-1.25732421875,-0.15869140625,-0.74462890625,-0.01220703125,-0.69580078125,0,-0.5859375,-0.15869140625,-0.06103515625,-0.1708984375,-0.68359375,-0.2197265625,-1.416015625,-0.20751953125,-0.9521484375,-0.18310546875,0.4150390625,-0.1220703125,0.30517578125,-0.10986328125,-0.0244140625,-0.0732421875,-0.0244140625,-0.10986328125,0.1220703125,-0.01220703125,0.439453125,-0.048828125,0.9765625,0.048828125,-0.390625,-0.048828125,0.84228515625
1,0.048828125,-0.62255859375,0.048828125,-0.3662109375,0.01220703125,-0.537109375,0,-0.146484375,-0.13427734375,-0.1220703125,-0.244140625,-0.927734375,-0.10986328125,1.0009765625,0.08544921875,-0.18310546875,0,-0.62255859375,-0.06103515625,-0.23193359375,0.2197265625,0.84228515625,0.06103515625,-0.62255859375,-0.20751953125,-0.10986328125,0.10986328125,-0.4638671875,-0.47607421875,0.98876953125,-0.1708984375,0.1708984375,-0.5859375,1.0986328125,0.0732421875,-0.0732421875,0.341796875,0.47607421875,0.3662109375,2.08740234375,0.28076171875,-0.244140625,-0.09765625,-0.69580078125,-0.439453125,-0.50048828125,0.23193359375,0.5615234375,0.0244140625,3.125,-0.146484375,2.099609375,0,2.5146484375,0.06103515625,2.35595703125,0.244140625,0.78125,-0.048828125,0.5615234375,0.09765625,0.78125,0.08544921875,0.25634765625,-0.048828125,3.857421875,0.25634765625,3.6376953125,-0.06103515625,2.7099609375,0.1220703125,5.77392578125,0.2685546875,2.24609375,0.01220703125,2.587890625,0.0244140625,1.57470703125,-0.25634765625,3.1494140625,0.0732421875,-1.1962890625,0.0732421875,-0.74462890625,-0.45166015625,-1.25732421875,-0.13427734375,-0.96435546875,0,-1.46484375,-0.18310546875,-0.1708984375,-0.2685546875,-0.29296875,0.01220703125,-1.2451171875,-0.23193359375,-0.7568359375,0.06103515625,-0.69580078125,-0.03662109375,-0.6103515625,-0.146484375,-0.048828125,-0.13427734375,-0.7080078125,-0.244140625,-1.42822265625,-0.25634765625,-0.96435546875,-0.1220703125,0.390625,-0.10986328125,0.30517578125,-0.10986328125,-0.0244140625,-0.048828125,-0.0244140625,-0.10986328125,0.146484375,-0.0244140625,0.1953125,-0.03662109375,0.81787109375,0.048828125,-0.5615234375,-0.0244140625,-0.23193359375
1,0.01220703125,-0.72021484375,0,-0.6591796875,-0.03662109375,-0.6591796875,-0.06103515625,-0.25634765625,-0.13427734375,-0.1220703125,-0.25634765625,-0.91552734375,-0.09765625,1.03759765625,0.0732421875,-0.1953125,0.06103515625,-0.634765625,0,-0.2197265625,0.3662109375,0.8544921875,0.15869140625,-0.59814453125,-0.08544921875,-0.08544921875,0.08544921875,-0.439453125,-0.42724609375,0.98876953125,-0.13427734375,0.15869140625,-0.67138671875,0.732421875,0.0244140625,-0.341796875,0.32958984375,0.2197265625,0.37841796875,1.06201171875,0.2197265625,-0.25634765625,-0.08544921875,-0.72021484375,-0.48828125,-0.47607421875,0.28076171875,0.5859375,0.10986328125,3.759765625,-0.1220703125,2.72216796875,0.048828125,3.40576171875,0.13427734375,2.9052734375,0.1953125,0.8056640625,0,0.54931640625,0.048828125,0.830078125,0.06103515625,0.2685546875,0.0732421875,4.6142578125,0.244140625,4.16259765625,-0.01220703125,3.21044921875,0.18310546875,6.73828125,0.29296875,3.18603515625,0.01220703125,3.8818359375,0.15869140625,2.33154296875,-0.341796875,4.01611328125,0.06103515625,-1.15966796875,0.08544921875,-0.69580078125,-0.439453125,-1.26953125,-0.13427734375,-0.93994140625,-0.01220703125,-1.47705078125,-0.2685546875,-0.1953125,-0.32958984375,-0.29296875,0,-1.2451171875,-0.2685546875,-0.74462890625,0.10986328125,-0.68359375,-0.09765625,-0.62255859375,-0.1220703125,-0.048828125,-0.18310546875,-0.69580078125,-0.23193359375,-1.416015625,-0.2685546875,-0.96435546875,-0.0732421875,0.390625,-0.08544921875,0.29296875,-0.10986328125,-0.0244140625,-0.0732421875,-0.01220703125,-0.0732421875,0.1220703125,-0.03662109375,-0.01220703125,-0.06103515625,0.68359375,0.06103515625,-0.68359375,-0.06103515625,-1.0009765625
1,0.03662109375,-0.79345703125,-0.03662109375,-0.87890625,-0.03662109375,-0.72021484375,-0.06103515625,-0.341796875,-0.15869140625,-0.146484375,-0.20751953125,-0.9521484375,-0.09765625,1.0009765625,0.0732421875,-0.1953125,0.13427734375,-0.634765625,0.08544921875,-0.23193359375,0.50048828125,0.8544921875,0.244140625,-0.59814453125,0.01220703125,-0.10986328125,0.048828125,-0.439453125,-0.341796875,0.98876953125,-0.09765625,0.15869140625,-0.732421875,0.390625,0.10986328125,-0.52490234375,0.30517578125,-0.0244140625,0.32958984375,0.146484375,0.2197265625,-0.23193359375,-0.0732421875,-0.732421875,-0.52490234375,-0.439453125,0.244140625,0.6103515625,0.10986328125,4.3701171875,-0.10986328125,3.2958984375,0.048828125,4.26025390625,0.18310546875,3.3935546875,0.1220703125,0.78125,0,0.537109375,0.08544921875,0.8544921875,0.01220703125,0.28076171875,0.09765625,5.26123046875,0.15869140625,4.58984375,-0.06103515625,3.662109375,0.23193359375,7.58056640625,0.2197265625,4.248046875,-0.1220703125,5.3466796875,0.1953125,3.22265625,-0.4150390625,5.0048828125,0.0732421875,-1.123046875,0.13427734375,-0.6591796875,-0.47607421875,-1.2451171875,-0.1220703125,-0.927734375,0,-1.4892578125,-0.341796875,-0.2197265625,-0.4150390625,-0.30517578125,0.01220703125,-1.26953125,-0.2685546875,-0.7568359375,0.10986328125,-0.68359375,-0.1708984375,-0.634765625,-0.09765625,-0.0244140625,-0.23193359375,-0.68359375,-0.23193359375,-1.40380859375,-0.2685546875,-0.9521484375,-0.048828125,0.390625,-0.048828125,0.29296875,-0.10986328125,-0.03662109375,-0.06103515625,-0.03662109375,-0.048828125,0.15869140625,-0.0244140625,-0.1220703125,-0.03662109375,0.64697265625,0.08544921875,-0.74462890625,0,-1.4404296875
1,0.06103515625,-0.81787109375,-0.048828125,-0.96435546875,-0.01220703125,-0.74462890625,-0.08544921875,-0.35400390625,-0.18310546875,-0.13427734375,-0.23193359375,-0.927734375,-0.0732421875,0.98876953125,0.06103515625,-0.18310546875,0.1953125,-0.634765625,0.09765625,-0.244140625,0.634765625,0.8544921875,0.23193359375,-0.5859375,0.0732421875,-0.09765625,0.0244140625,-0.45166015625,-0.2685546875,0.96435546875,-0.06103515625,0.146484375,-0.72021484375,0.15869140625,0.0244140625,-0.68359375,0.28076171875,-0.23193359375,0.25634765625,-0.47607421875,0.25634765625,-0.2197265625,-0.13427734375,-0.732421875,-0.47607421875,-0.42724609375,0.28076171875,0.62255859375,0.09765625,4.89501953125,-0.09765625,3.77197265625,0.01220703125,5.029296875,0.2197265625,3.77197265625,0.01220703125,0.76904296875,-0.0732421875,0.52490234375,0.0732421875,0.87890625,-0.0244140625,0.29296875,0.06103515625,5.76171875,0.0732421875,4.9072265625,-0.15869140625,4.00390625,0.20751953125,8.23974609375,0.10986328125,5.33447265625,-0.23193359375,6.884765625,0.146484375,4.1015625,-0.40283203125,6.005859375,0.06103515625,-1.0986328125,0.1708984375,-0.634765625,-0.37841796875,-1.220703125,-0.09765625,-0.89111328125,0,-1.47705078125,-0.37841796875,-0.23193359375,-0.47607421875,-0.30517578125,0.08544921875,-1.30615234375,-0.2685546875,-0.74462890625,0.09765625,-0.68359375,-0.244140625,-0.634765625,-0.048828125,-0.048828125,-0.25634765625,-0.69580078125,-0.18310546875,-1.3916015625,-0.29296875,-0.9521484375,-0.0732421875,0.390625,-0.048828125,0.29296875,-0.13427734375,-0.048828125,-0.06103515625,-0.0244140625,-0.048828125,0.15869140625,-0.048828125,-0.146484375,-0.048828125,0.67138671875,0.09765625,-0.74462890625,-0.15869140625,-1.42822265625
1,0.0732421875,-0.76904296875,-0.03662109375,-0.91552734375,-0.048828125,-0.68359375,-0.09765625,-0.28076171875,-0.15869140625,-0.10986328125,-0.2197265625,-0.927734375,-0.0732421875,1.01318359375,0.03662109375,-0.18310546875,0.244140625,-0.62255859375,0.06103515625,-0.2197265625,0.6591796875,0.86669921875,0.1708984375,-0.5615234375,0.08544921875,-0.09765625,-0.06103515625,-0.50048828125,-0.2197265625,0.96435546875,-0.0244140625,0.1708984375,-0.68359375,0.048828125,0.01220703125,-0.64697265625,0.2685546875,-0.30517578125,0.25634765625,-0.7080078125,0.25634765625,-0.2197265625,-0.1953125,-0.7568359375,-0.4638671875,-0.390625,0.20751953125,0.64697265625,0.048828125,5.28564453125,-0.13427734375,4.13818359375,-0.06103515625,5.6640625,0.23193359375,4.06494140625,-0.08544921875,0.76904296875,-0.10986328125,0.52490234375,0.0732421875,0.89111328125,-0.048828125,0.29296875,0.1220703125,6.0791015625,0.08544921875,5.126953125,-0.244140625,4.19921875,0.1953125,8.75244140625,0.048828125,6.35986328125,-0.3173828125,8.30078125,0.1220703125,4.9560546875,-0.35400390625,6.94580078125,-0.03662109375,-1.08642578125,0.13427734375,-0.5859375,-0.47607421875,-1.1962890625,-0.1708984375,-0.86669921875,-0.01220703125,-1.46484375,-0.42724609375,-0.25634765625,-0.5615234375,-0.30517578125,0.09765625,-1.30615234375,-0.20751953125,-0.732421875,0.08544921875,-0.68359375,-0.3173828125,-0.67138671875,0,-0.06103515625,-0.3173828125,-0.68359375,-0.13427734375,-1.40380859375,-0.29296875,-0.93994140625,-0.09765625,0.4150390625,-0.048828125,0.28076171875,-0.10986328125,-0.03662109375,-0.06103515625,-0.0244140625,-0.0244140625,0.15869140625,-0.048828125,-0.06103515625,-0.048828125,0.7568359375,0.08544921875,-0.64697265625,-0.1220703125,-0.9765625
1,0.1220703125,-0.634765625,0.03662109375,-0.74462890625,-0.048828125,-0.537109375,-0.09765625,-0.146484375,-0.146484375,-0.1220703125,-0.1953125,-0.93994140625,-0.06103515625,1.01318359375,-0.01220703125,-0.18310546875,0.23193359375,-0.62255859375,0.01220703125,-0.23193359375,0.69580078125,0.8544921875,0.06103515625,-0.59814453125,0.048828125,-0.08544921875,-0.15869140625,-0.57373046875,-0.13427734375,0.9765625,0,0.15869140625,-0.64697265625,0.08544921875,-0.0244140625,-0.50048828125,0.2685546875,-0.2685546875,0.0732421875,-0.4638671875,0.20751953125,-0.2197265625,-0.244140625,-0.732421875,-0.45166015625,-0.35400390625,0.146484375,0.67138671875,-0.03662109375,5.52978515625,-0.1708984375,4.33349609375,-0.0244140625,6.103515625,0.3173828125,4.2236328125,-0.146484375,0.76904296875,-0.1220703125,0.52490234375,0.1220703125,0.9033203125,-0.09765625,0.29296875,0.09765625,6.25,-0.01220703125,5.18798828125,-0.3662109375,4.296875,0.23193359375,9.04541015625,-0.01220703125,7.23876953125,-0.28076171875,9.5703125,0.10986328125,5.6640625,-0.2685546875,7.763671875,0.01220703125,-1.06201171875,0.18310546875,-0.5615234375,-0.47607421875,-1.18408203125,-0.06103515625,-0.86669921875,0,-1.46484375,-0.439453125,-0.2197265625,-0.5859375,-0.32958984375,0.10986328125,-1.318359375,-0.146484375,-0.72021484375,0.0244140625,-0.67138671875,-0.390625,-0.67138671875,0.0244140625,-0.03662109375,-0.28076171875,-0.69580078125,-0.13427734375,-1.40380859375,-0.3173828125,-0.9521484375,-0.1708984375,0.4150390625,-0.0732421875,0.29296875,-0.08544921875,-0.01220703125,-0.048828125,-0.01220703125,0,0.1708984375,-0.048828125,0.13427734375,-0.048828125,0.91552734375,0.09765625,-0.48828125,-0.0244140625,-0.13427734375
1,0.13427734375,-0.4638671875,0.08544921875,-0.4638671875,-0.048828125,-0.3662109375,-0.13427734375,0.048828125,-0.15869140625,-0.10986328125,-0.1708984375,-0.91552734375,-0.06103515625,1.025390625,-0.03662109375,-0.1953125,0.1953125,-0.59814453125,-0.048828125,-0.23193359375,0.67138671875,0.86669921875,-0.06103515625,-0.5859375,0.01220703125,-0.09765625,-0.2685546875,-0.64697265625,-0.0244140625,0.96435546875,0.0244140625,0.1708984375,-0.64697265625,0.3173828125,-0.0732421875,-0.18310546875,0.2197265625,-0.06103515625,0.03662109375,0.30517578125,0.1220703125,-0.2197265625,-0.30517578125,-0.72021484375,-0.3662109375,-0.32958984375,0.13427734375,0.68359375,-0.0732421875,5.60302734375,-0.13427734375,4.40673828125,-0.03662109375,6.31103515625,0.37841796875,4.248046875,-0.1953125,0.7568359375,-0.13427734375,0.5615234375,0.146484375,0.86669921875,-0.1708984375,0.25634765625,0.1708984375,6.23779296875,-0.0244140625,5.17578125,-0.42724609375,4.28466796875,0.3173828125,9.1552734375,0.06103515625,7.91015625,-0.3662109375,10.51025390625,0.10986328125,6.21337890625,-0.1708984375,8.3740234375,0.01220703125,-1.025390625,0.1708984375,-0.5126953125,-0.4150390625,-1.171875,0,-0.830078125,0.01220703125,-1.42822265625,-0.37841796875,-0.2197265625,-0.634765625,-0.32958984375,0.09765625,-1.3427734375,-0.13427734375,-0.72021484375,0,-0.67138671875,-0.40283203125,-0.6591796875,0.03662109375,-0.03662109375,-0.25634765625,-0.69580078125,-0.08544921875,-1.42822265625,-0.3173828125,-0.9521484375,-0.2197265625,0.4150390625,-0.09765625,0.28076171875,-0.0732421875,0,-0.06103515625,-0.0244140625,0.03662109375,0.1708984375,-0.03662109375,0.42724609375,0,1.1474609375,0.10986328125,-0.2685546875,-0.146484375,0.93994140625
